[name]
unknown

[dist]
# distance from previous block
# <min> <max>
0	29

[block]
# block no. 0 follows, 32 sequences, length 147
# corresponding to MSA columns:
# 29-175
name=unknown_A
#
# <colnr> <probs for GDERKNQSTAVLIFYWHMCP>
#	G	D	E	R	K	N	Q	S	T	A	V	L	I	F	Y	W	H	M	C	P
0	0.01081	0.00772	0.01081	0.01236	0.01390	0.00772	0.01081	0.01390	0.01545	0.02008	0.03553	0.07569	0.03862	0.01854	0.00927	0.00309	0.00618	0.67717	0.00618	0.00618
1	0.07425	0.01529	0.01683	0.01290	0.01817	0.01552	0.01055	0.35810	0.04644	0.11148	0.03457	0.01712	0.01299	0.00732	0.00612	0.00176	0.00623	0.00562	0.00601	0.22271
2	0.00882	0.00683	0.00804	0.00773	0.00961	0.00604	0.00580	0.01136	0.01740	0.02313	0.43895	0.05634	0.34551	0.01513	0.00792	0.00218	0.00327	0.01301	0.00689	0.00604
3	0.01519	0.06588	0.28372	0.04481	0.12249	0.01679	0.23966	0.02245	0.08203	0.02165	0.01393	0.01673	0.01050	0.00633	0.00685	0.00213	0.00948	0.00626	0.00347	0.00966
4	0.01655	0.06003	0.50213	0.01740	0.02559	0.05764	0.02043	0.04621	0.08268	0.08672	0.01476	0.01581	0.01051	0.00688	0.00636	0.00208	0.00902	0.00532	0.00388	0.00999
5	0.01759	0.13147	0.01845	0.01354	0.01751	0.08552	0.01086	0.05157	0.48920	0.02508	0.02302	0.05150	0.01825	0.00884	0.00644	0.00211	0.00624	0.00709	0.00588	0.00986
6	0.12763	0.27438	0.22477	0.01360	0.02017	0.01868	0.01444	0.06354	0.03598	0.10621	0.01317	0.01403	0.00991	0.00651	0.00541	0.00184	0.00740	0.00464	0.00407	0.03360
7	0.01822	0.09234	0.02130	0.10140	0.12038	0.04081	0.03640	0.15261	0.29254	0.02678	0.01862	0.01930	0.01419	0.00768	0.00652	0.00208	0.00708	0.00639	0.00526	0.01006
8	0.01417	0.02833	0.48846	0.06639	0.08431	0.01585	0.14439	0.02140	0.03422	0.02129	0.01279	0.01559	0.00933	0.00631	0.00671	0.00215	0.00983	0.00570	0.00309	0.00969
9	0.00940	0.00686	0.00884	0.00834	0.00997	0.00629	0.00626	0.01248	0.01877	0.02638	0.67982	0.05099	0.10262	0.01391	0.00791	0.00212	0.00318	0.01226	0.00732	0.00629
10	0.00836	0.00678	0.00741	0.00733	0.00934	0.00583	0.00547	0.01043	0.01619	0.02043	0.24032	0.08591	0.52021	0.01627	0.00795	0.00224	0.00335	0.01380	0.00654	0.00583
11	0.00820	0.00596	0.00774	0.00909	0.00968	0.00550	0.00614	0.00948	0.01327	0.01755	0.06335	0.67551	0.10294	0.02042	0.00849	0.00266	0.00383	0.01841	0.00627	0.00550
12	0.01634	0.01389	0.01479	0.01325	0.01690	0.01591	0.01031	0.05514	0.62724	0.02843	0.08796	0.02696	0.02397	0.00948	0.00692	0.00225	0.00519	0.00794	0.00687	0.01027
13	0.01474	0.04000	0.02103	0.03664	0.01836	0.02061	0.01468	0.01631	0.01047	0.01616	0.00891	0.01463	0.00880	0.01141	0.02102	0.00287	0.70725	0.00580	0.00293	0.00739
14	0.01391	0.01193	0.01391	0.00994	0.01590	0.00894	0.00795	0.01690	0.01391	0.02186	0.01193	0.01391	0.00994	0.00497	0.00497	0.00099	0.00497	0.00398	0.00398	0.80521
15	0.01960	0.18719	0.19609	0.01694	0.06556	0.10723	0.01556	0.12743	0.07820	0.08160	0.01433	0.01530	0.01084	0.00708	0.00646	0.00193	0.02934	0.00521	0.00435	0.00975
16	0.02142	0.34699	0.02603	0.01481	0.01905	0.39147	0.01243	0.02331	0.01621	0.01613	0.00983	0.01167	0.00864	0.00669	0.00621	0.00167	0.05205	0.00409	0.00318	0.00811
17	0.04808	0.05909	0.11765	0.02385	0.24932	0.05706	0.01657	0.27068	0.02121	0.05249	0.01388	0.01556	0.01050	0.00692	0.00640	0.00198	0.00803	0.00560	0.00468	0.01047
18	0.02016	0.08833	0.04189	0.01855	0.10314	0.08838	0.05214	0.20493	0.21984	0.04957	0.01762	0.01808	0.01335	0.00770	0.00688	0.00205	0.02570	0.00618	0.00533	0.01020
19	0.01882	0.01527	0.01615	0.01387	0.01799	0.01740	0.01097	0.20549	0.51322	0.03162	0.02426	0.02274	0.01805	0.00879	0.00673	0.00219	0.00577	0.00715	0.03285	0.01068
20	0.02175	0.01505	0.01727	0.01586	0.08538	0.03871	0.01149	0.27771	0.13760	0.15935	0.05979	0.02255	0.01759	0.05055	0.00824	0.00230	0.00650	0.00693	0.03518	0.01020
21	0.01147	0.00768	0.00985	0.00903	0.01102	0.00726	0.00687	0.01561	0.06339	0.07830	0.62364	0.04651	0.05714	0.01302	0.00776	0.00212	0.00349	0.01145	0.00742	0.00698
22	0.01708	0.01529	0.02139	0.08669	0.31508	0.01683	0.01588	0.09150	0.25922	0.02536	0.01784	0.01951	0.01391	0.00763	0.00751	0.00216	0.04549	0.00654	0.00483	0.01027
23	0.00803	0.00680	0.00693	0.00690	0.00912	0.00570	0.00517	0.00981	0.01552	0.01866	0.10751	0.06370	0.67974	0.01679	0.00793	0.00226	0.00338	0.01404	0.00630	0.00570
24	0.00818	0.00584	0.00779	0.00934	0.00973	0.00545	0.00623	0.00934	0.01285	0.01713	0.03698	0.75981	0.04438	0.02102	0.00856	0.00273	0.00389	0.01908	0.00623	0.00545
25	0.01820	0.01896	0.02569	0.03669	0.59032	0.15167	0.01916	0.02176	0.01598	0.02089	0.01220	0.01576	0.01025	0.00615	0.00653	0.00194	0.00875	0.00567	0.00335	0.01009
26	0.00959	0.00719	0.01078	0.01078	0.01198	0.00839	0.00839	0.01198	0.01078	0.01558	0.01797	0.02636	0.01677	0.05032	0.73760	0.01078	0.01797	0.00719	0.00359	0.00599
27	0.81159	0.01298	0.00986	0.00882	0.01298	0.01505	0.00727	0.01972	0.01142	0.03010	0.00934	0.01090	0.00727	0.00623	0.00415	0.00208	0.00519	0.00363	0.00415	0.00727
28	0.03010	0.01142	0.01557	0.01194	0.01713	0.00986	0.00986	0.03270	0.01920	0.72698	0.02647	0.02284	0.01661	0.00830	0.00675	0.00208	0.00571	0.00675	0.00830	0.01142
29	0.01669	0.01441	0.01517	0.01365	0.01745	0.01669	0.01062	0.03565	0.71021	0.02807	0.02731	0.02503	0.02048	0.00910	0.00683	0.00228	0.00531	0.00759	0.00683	0.01062
30	0.00990	0.00700	0.00876	0.00823	0.01008	0.00632	0.00620	0.01275	0.01825	0.04948	0.56333	0.05209	0.19418	0.01419	0.00788	0.00214	0.00330	0.01236	0.00718	0.00637
31	0.00986	0.00733	0.00929	0.00925	0.01030	0.00785	0.00658	0.01238	0.05651	0.01587	0.02632	0.06344	0.10447	0.28792	0.33491	0.00745	0.01096	0.00936	0.00438	0.00557
32	0.02551	0.01879	0.02014	0.01544	0.02081	0.02081	0.01275	0.69996	0.03155	0.04229	0.01611	0.01611	0.01141	0.00805	0.00671	0.00201	0.00738	0.00604	0.00671	0.01141
33	0.01166	0.00583	0.00874	0.00874	0.00874	0.00583	0.00583	0.00874	0.00874	0.01166	0.01166	0.02040	0.01166	0.02331	0.02622	0.80478	0.00583	0.00583	0.00291	0.00291
34	0.01617	0.01716	0.09034	0.02897	0.40532	0.03417	0.01720	0.04353	0.16504	0.02382	0.05741	0.02125	0.03468	0.00751	0.00675	0.00207	0.00728	0.00676	0.00444	0.01013
35	0.00978	0.00718	0.00887	0.00968	0.01078	0.00692	0.00683	0.07124	0.01490	0.01960	0.03883	0.58623	0.12312	0.01929	0.00835	0.00262	0.00422	0.03927	0.00627	0.00603
36	0.01946	0.08784	0.06891	0.02755	0.34470	0.24801	0.01686	0.02271	0.01625	0.04289	0.01221	0.01502	0.01008	0.00780	0.02991	0.00215	0.00960	0.00524	0.00347	0.00937
37	0.66174	0.01453	0.01178	0.01015	0.01447	0.04005	0.00832	0.12693	0.01484	0.03156	0.01044	0.01176	0.00796	0.00654	0.00462	0.00205	0.00577	0.00403	0.00453	0.00794
38	0.01551	0.07619	0.33657	0.02421	0.19024	0.01667	0.10804	0.05998	0.04429	0.02271	0.03402	0.01664	0.01151	0.00657	0.00658	0.00206	0.00892	0.00587	0.00354	0.00989
39	0.01346	0.03471	0.72942	0.01912	0.02904	0.01558	0.02479	0.02125	0.01417	0.02125	0.01204	0.01417	0.00850	0.00637	0.00637	0.00212	0.00992	0.00496	0.00283	0.00992
40	0.01584	0.01810	0.03959	0.02828	0.03507	0.01697	0.69796	0.02149	0.01584	0.02149	0.01357	0.01810	0.01018	0.00566	0.00792	0.00226	0.01131	0.00792	0.00339	0.00905
41	0.00818	0.00584	0.00779	0.00934	0.00973	0.00545	0.00623	0.00934	0.01285	0.01713	0.03698	0.75981	0.04438	0.02102	0.00856	0.00273	0.00389	0.01908	0.00623	0.00545
42	0.01166	0.00583	0.00874	0.00874	0.00874	0.00583	0.00583	0.00874	0.00874	0.01166	0.01166	0.02040	0.01166	0.02331	0.02622	0.80478	0.00583	0.00583	0.00291	0.00291
43	0.00826	0.00591	0.00786	0.00928	0.00975	0.00551	0.00624	0.00956	0.01325	0.01778	0.08218	0.71277	0.04563	0.02054	0.00852	0.00268	0.00384	0.01861	0.00631	0.00551
44	0.02551	0.01879	0.02014	0.01544	0.02081	0.02081	0.01275	0.69996	0.03155	0.04229	0.01611	0.01611	0.01141	0.00805	0.00671	0.00201	0.00738	0.00604	0.00671	0.01141
45	0.01875	0.07060	0.10668	0.03762	0.02054	0.01790	0.01316	0.18527	0.37243	0.05360	0.02106	0.02032	0.01557	0.00818	0.00656	0.00213	0.00662	0.00654	0.00596	0.01050
46	0.10180	0.01156	0.01505	0.01165	0.01675	0.01034	0.00962	0.03151	0.01849	0.66304	0.02490	0.02174	0.01575	0.00811	0.00651	0.00208	0.00566	0.00646	0.00792	0.01104
47	0.02934	0.01159	0.01555	0.01204	0.01715	0.01025	0.00991	0.03287	0.05850	0.68724	0.02652	0.02296	0.01683	0.00835	0.00675	0.00209	0.00569	0.00680	0.00822	0.01137
48	0.01648	0.01586	0.02679	0.03960	0.67504	0.01625	0.02020	0.02029	0.01494	0.02153	0.01237	0.01648	0.01051	0.00637	0.00767	0.00206	0.05790	0.00597	0.00330	0.01041
49	0.00862	0.00616	0.00828	0.00976	0.01036	0.00582	0.00692	0.01014	0.01346	0.01792	0.06147	0.63218	0.04421	0.02039	0.00865	0.00276	0.00421	0.11686	0.00626	0.00559
50	0.01794	0.76823	0.03516	0.01148	0.01722	0.02655	0.01148	0.02009	0.01363	0.01579	0.00933	0.01076	0.00861	0.00574	0.00431	0.00144	0.00718	0.00359	0.00287	0.00861
51	0.81159	0.01298	0.00986	0.00882	0.01298	0.01505	0.00727	0.01972	0.01142	0.03010	0.00934	0.01090	0.00727	0.00623	0.00415	0.00208	0.00519	0.00363	0.00415	0.00727
52	0.02551	0.01879	0.02014	0.01544	0.02081	0.02081	0.01275	0.69996	0.03155	0.04229	0.01611	0.01611	0.01141	0.00805	0.00671	0.00201	0.00738	0.00604	0.00671	0.01141
53	0.01645	0.01578	0.02694	0.07018	0.69460	0.01590	0.02051	0.02045	0.01520	0.02173	0.01259	0.01666	0.01056	0.00601	0.00665	0.00200	0.00801	0.00598	0.00331	0.01050
54	0.01391	0.01193	0.01391	0.00994	0.01590	0.00894	0.00795	0.01690	0.01391	0.02186	0.01193	0.01391	0.00994	0.00497	0.00497	0.00099	0.00497	0.00398	0.00398	0.80521
55	0.00950	0.00686	0.00897	0.00844	0.01002	0.00633	0.00633	0.01266	0.01899	0.02691	0.71879	0.05012	0.06331	0.01372	0.00791	0.00211	0.00317	0.01213	0.00739	0.00633
56	0.01267	0.01193	0.02013	0.74806	0.04621	0.01491	0.01863	0.01714	0.01342	0.01714	0.01193	0.01789	0.00894	0.00671	0.00671	0.00224	0.00894	0.00596	0.00298	0.00745
57	0.81159	0.01298	0.00986	0.00882	0.01298	0.01505	0.00727	0.01972	0.01142	0.03010	0.00934	0.01090	0.00727	0.00623	0.00415	0.00208	0.00519	0.00363	0.00415	0.00727
58	0.81159	0.01298	0.00986	0.00882	0.01298	0.01505	0.00727	0.01972	0.01142	0.03010	0.00934	0.01090	0.00727	0.00623	0.00415	0.00208	0.00519	0.00363	0.00415	0.00727
59	0.00793	0.00680	0.00680	0.00680	0.00906	0.00566	0.00510	0.00963	0.01529	0.01813	0.06797	0.06457	0.71961	0.01699	0.00793	0.00227	0.00340	0.01416	0.00623	0.00566
60	0.01391	0.01193	0.01391	0.00994	0.01590	0.00894	0.00795	0.01690	0.01391	0.02186	0.01193	0.01391	0.00994	0.00497	0.00497	0.00099	0.00497	0.00398	0.00398	0.80521
61	0.00818	0.00584	0.00779	0.00934	0.00973	0.00545	0.00623	0.00934	0.01285	0.01713	0.03698	0.75981	0.04438	0.02102	0.00856	0.00273	0.00389	0.01908	0.00623	0.00545
62	0.00950	0.00686	0.00897	0.00844	0.01002	0.00633	0.00633	0.01266	0.01899	0.02691	0.71879	0.05012	0.06331	0.01372	0.00791	0.00211	0.00317	0.01213	0.00739	0.00633
63	0.00976	0.00651	0.00732	0.00732	0.00732	0.00651	0.00407	0.00976	0.00976	0.01301	0.02114	0.04391	0.02439	0.76419	0.03415	0.00651	0.00651	0.00976	0.00407	0.00407
64	0.01391	0.01193	0.01391	0.00994	0.01590	0.00894	0.00795	0.01690	0.01391	0.02186	0.01193	0.01391	0.00994	0.00497	0.00497	0.00099	0.00497	0.00398	0.00398	0.80521
65	0.00944	0.00686	0.00889	0.00838	0.00999	0.00631	0.00629	0.01255	0.01886	0.02659	0.69529	0.05064	0.08701	0.01384	0.00791	0.00212	0.00317	0.01221	0.00734	0.00631
66	0.00976	0.00651	0.00732	0.00732	0.00732	0.00651	0.00407	0.00976	0.00976	0.01301	0.02114	0.04391	0.02439	0.76419	0.03415	0.00651	0.00651	0.00976	0.00407	0.00407
67	0.81159	0.01298	0.00986	0.00882	0.01298	0.01505	0.00727	0.01972	0.01142	0.03010	0.00934	0.01090	0.00727	0.00623	0.00415	0.00208	0.00519	0.00363	0.00415	0.00727
68	0.01661	0.01594	0.02724	0.04119	0.72233	0.01594	0.02059	0.02059	0.01528	0.02192	0.01262	0.01661	0.01063	0.00598	0.00664	0.00199	0.00797	0.00598	0.00332	0.01063
69	0.02510	0.03107	0.01909	0.01716	0.02075	0.68778	0.01295	0.07328	0.01988	0.01821	0.01077	0.01238	0.00883	0.00699	0.00610	0.00175	0.01177	0.00444	0.00368	0.00803
70	0.01700	0.06233	0.20188	0.01901	0.08995	0.03916	0.07368	0.05682	0.20178	0.06990	0.01789	0.04322	0.01397	0.00802	0.00762	0.00218	0.05447	0.00662	0.00468	0.00982
71	0.01938	0.23756	0.02213	0.01351	0.01800	0.06495	0.01139	0.11286	0.31246	0.06482	0.01884	0.01841	0.01447	0.00790	0.00657	0.00197	0.03362	0.00590	0.00538	0.00988
72	0.01794	0.76823	0.03516	0.01148	0.01722	0.02655	0.01148	0.02009	0.01363	0.01579	0.00933	0.01076	0.00861	0.00574	0.00431	0.00144	0.00718	0.00359	0.00287	0.00861
73	0.01380	0.08394	0.63708	0.01803	0.02741	0.01593	0.02283	0.02090	0.01411	0.02091	0.01185	0.01392	0.00860	0.00624	0.00614	0.00201	0.00942	0.00480	0.00291	0.05919
74	0.01294	0.03211	0.01393	0.01246	0.01353	0.01182	0.00976	0.01461	0.01215	0.08489	0.02183	0.25461	0.02301	0.04242	0.17666	0.00460	0.23676	0.01046	0.00467	0.00679
75	0.00826	0.00588	0.00776	0.00923	0.00960	0.00551	0.00611	0.00937	0.01267	0.01689	0.03608	0.71914	0.04324	0.06324	0.01002	0.00294	0.00404	0.01855	0.00611	0.00537
76	0.05310	0.01833	0.02040	0.01750	0.08321	0.02017	0.01326	0.61468	0.02937	0.04003	0.01555	0.01597	0.01119	0.00780	0.00661	0.00201	0.00736	0.00595	0.00632	0.01119
77	0.01666	0.05879	0.02809	0.03908	0.65991	0.01658	0.04209	0.02059	0.01520	0.02156	0.01246	0.01632	0.01050	0.00595	0.00655	0.00197	0.00803	0.00591	0.00330	0.01046
78	0.00818	0.00584	0.00779	0.00934	0.00973	0.00545	0.00623	0.00934	0.01285	0.01713	0.03698	0.75981	0.04438	0.02102	0.00856	0.00273	0.00389	0.01908	0.00623	0.00545
79	0.01391	0.01193	0.01391	0.00994	0.01590	0.00894	0.00795	0.01690	0.01391	0.02186	0.01193	0.01391	0.00994	0.00497	0.00497	0.00099	0.00497	0.00398	0.00398	0.80521
80	0.01584	0.01810	0.03959	0.02828	0.03507	0.01697	0.69796	0.02149	0.01584	0.02149	0.01357	0.01810	0.01018	0.00566	0.00792	0.00226	0.01131	0.00792	0.00339	0.00905
81	0.01468	0.01468	0.02055	0.01762	0.01762	0.02055	0.01468	0.01615	0.01028	0.01615	0.00881	0.01468	0.00881	0.01174	0.02202	0.00294	0.75191	0.00587	0.00294	0.00734
82	0.81159	0.01298	0.00986	0.00882	0.01298	0.01505	0.00727	0.01972	0.01142	0.03010	0.00934	0.01090	0.00727	0.00623	0.00415	0.00208	0.00519	0.00363	0.00415	0.00727
83	0.00836	0.00593	0.00779	0.00914	0.00954	0.00557	0.00605	0.00949	0.01280	0.01712	0.05934	0.67374	0.04332	0.08449	0.01074	0.00303	0.00409	0.01803	0.00608	0.00536
84	0.03010	0.01142	0.01557	0.01194	0.01713	0.00986	0.00986	0.03270	0.01920	0.72698	0.02647	0.02284	0.01661	0.00830	0.00675	0.00208	0.00571	0.00675	0.00830	0.01142
85	0.01267	0.01193	0.02013	0.74806	0.04621	0.01491	0.01863	0.01714	0.01342	0.01714	0.01193	0.01789	0.00894	0.00671	0.00671	0.00224	0.00894	0.00596	0.00298	0.00745
86	0.02506	0.03198	0.01901	0.01729	0.02074	0.73725	0.01296	0.02679	0.01901	0.01642	0.01037	0.01210	0.00864	0.00691	0.00605	0.00173	0.01210	0.00432	0.00346	0.00778
87	0.02551	0.01879	0.02014	0.01544	0.02081	0.02081	0.01275	0.69996	0.03155	0.04229	0.01611	0.01611	0.01141	0.00805	0.00671	0.00201	0.00738	0.00604	0.00671	0.01141
88	0.01644	0.01359	0.01459	0.01310	0.01672	0.01547	0.01018	0.03334	0.62081	0.05097	0.09396	0.02738	0.02448	0.00952	0.00693	0.00225	0.00512	0.00800	0.00693	0.01023
89	0.01166	0.00583	0.00874	0.00874	0.00874	0.00583	0.00583	0.00874	0.00874	0.01166	0.01166	0.02040	0.01166	0.02331	0.02622	0.80478	0.00583	0.00583	0.00291	0.00291
90	0.01346	0.03471	0.72942	0.01912	0.02904	0.01558	0.02479	0.02125	0.01417	0.02125	0.01204	0.01417	0.00850	0.00637	0.00637	0.00212	0.00992	0.00496	0.00283	0.00992
91	0.00976	0.00651	0.00732	0.00732	0.00732	0.00651	0.00407	0.00976	0.00976	0.01301	0.02114	0.04391	0.02439	0.76419	0.03415	0.00651	0.00651	0.00976	0.00407	0.00407
92	0.00818	0.00584	0.00779	0.00934	0.00973	0.00545	0.00623	0.00934	0.01285	0.01713	0.03698	0.75981	0.04438	0.02102	0.00856	0.00273	0.00389	0.01908	0.00623	0.00545
93	0.81159	0.01298	0.00986	0.00882	0.01298	0.01505	0.00727	0.01972	0.01142	0.03010	0.00934	0.01090	0.00727	0.00623	0.00415	0.00208	0.00519	0.00363	0.00415	0.00727
94	0.01584	0.01810	0.03959	0.02828	0.03507	0.01697	0.69796	0.02149	0.01584	0.02149	0.01357	0.01810	0.01018	0.00566	0.00792	0.00226	0.01131	0.00792	0.00339	0.00905
95	0.01333	0.01093	0.01225	0.01120	0.01400	0.01189	0.00861	0.02496	0.39135	0.02728	0.32753	0.03702	0.05904	0.01132	0.00733	0.00220	0.00433	0.00974	0.00705	0.00862
96	0.01735	0.01602	0.02606	0.07858	0.60748	0.01641	0.01963	0.09439	0.01694	0.02387	0.01296	0.01663	0.01062	0.00625	0.00665	0.00201	0.00796	0.00598	0.00367	0.01053
97	0.02245	0.04905	0.19981	0.01639	0.02291	0.04142	0.05420	0.32407	0.02300	0.15614	0.01635	0.01661	0.01134	0.00742	0.00659	0.00204	0.00810	0.00585	0.00558	0.01068
98	0.02380	0.12758	0.04278	0.01652	0.02054	0.59667	0.01312	0.05014	0.01862	0.01742	0.01049	0.01213	0.00873	0.00679	0.00586	0.00171	0.01122	0.00431	0.00348	0.00808
99	0.01391	0.01193	0.01391	0.00994	0.01590	0.00894	0.00795	0.01690	0.01391	0.02186	0.01193	0.01391	0.00994	0.00497	0.00497	0.00099	0.00497	0.00398	0.00398	0.80521
100	0.01358	0.01157	0.01356	0.00990	0.01554	0.00874	0.00785	0.01646	0.01385	0.02159	0.01338	0.05720	0.01194	0.00590	0.00518	0.00109	0.00491	0.00485	0.00411	0.75880
101	0.01722	0.01401	0.01500	0.01339	0.01720	0.01598	0.01044	0.03476	0.64932	0.06764	0.04900	0.02570	0.02161	0.00920	0.00686	0.00226	0.00527	0.00768	0.00693	0.01053
102	0.00989	0.00698	0.00889	0.00834	0.01011	0.00635	0.00628	0.01286	0.01854	0.04573	0.61888	0.05113	0.14288	0.01397	0.00788	0.00213	0.00327	0.01223	0.00727	0.00639
103	0.01584	0.01810	0.03959	0.02828	0.03507	0.01697	0.69796	0.02149	0.01584	0.02149	0.01357	0.01810	0.01018	0.00566	0.00792	0.00226	0.01131	0.00792	0.00339	0.00905
104	0.00965	0.00646	0.00735	0.00745	0.00748	0.00644	0.00421	0.00973	0.00996	0.01328	0.02219	0.09115	0.02571	0.71515	0.03246	0.00626	0.00633	0.01037	0.00421	0.00416
105	0.61159	0.01258	0.01132	0.00962	0.01404	0.01372	0.00793	0.02304	0.01341	0.20844	0.01373	0.01396	0.00966	0.00676	0.00482	0.00208	0.00532	0.00443	0.00522	0.00833
106	0.00818	0.00584	0.00779	0.00934	0.00973	0.00545	0.00623	0.00934	0.01285	0.01713	0.03698	0.75981	0.04438	0.02102	0.00856	0.00273	0.00389	0.01908	0.00623	0.00545
107	0.30675	0.01926	0.01676	0.01669	0.10813	0.19773	0.01170	0.17575	0.01837	0.02790	0.01184	0.01363	0.00930	0.00823	0.02957	0.00225	0.00820	0.00477	0.00443	0.00873
108	0.01400	0.01586	0.13057	0.01332	0.06083	0.01044	0.01144	0.01782	0.01404	0.02177	0.01199	0.01412	0.00975	0.00526	0.00530	0.00124	0.00595	0.00426	0.00375	0.62830
109	0.01460	0.06114	0.54508	0.02296	0.16050	0.03841	0.02308	0.02125	0.01451	0.02100	0.01199	0.01443	0.00891	0.00629	0.00633	0.00206	0.00950	0.00508	0.00295	0.00993
110	0.01048	0.00979	0.01015	0.00958	0.01152	0.08063	0.04529	0.01202	0.01432	0.01707	0.04572	0.16430	0.37504	0.14918	0.01252	0.00304	0.00536	0.01281	0.00540	0.00575
111	0.02983	0.01187	0.01585	0.01215	0.01735	0.01053	0.01004	0.07329	0.01996	0.68533	0.02584	0.02243	0.01629	0.00829	0.00675	0.00207	0.00581	0.00670	0.00821	0.01142
112	0.02506	0.03198	0.01901	0.01729	0.02074	0.73725	0.01296	0.02679	0.01901	0.01642	0.01037	0.01210	0.00864	0.00691	0.00605	0.00173	0.01210	0.00432	0.00346	0.00778
113	0.01471	0.01692	0.15027	0.01480	0.04925	0.01129	0.07915	0.01888	0.01440	0.04724	0.01266	0.01480	0.00996	0.00546	0.00565	0.00141	0.00666	0.00473	0.00384	0.51793
114	0.01371	0.07642	0.68995	0.01869	0.02837	0.01621	0.02403	0.02118	0.01414	0.02094	0.01189	0.01397	0.00851	0.00634	0.00626	0.00209	0.00976	0.00488	0.00284	0.00984
115	0.00843	0.00602	0.00808	0.00963	0.01013	0.00567	0.00667	0.00978	0.01310	0.01741	0.03684	0.69408	0.04382	0.02078	0.00863	0.00276	0.00411	0.08231	0.00622	0.00552
116	0.01641	0.01402	0.01499	0.01336	0.01695	0.01614	0.01045	0.07055	0.58681	0.02785	0.04829	0.02712	0.06053	0.00972	0.00747	0.00228	0.03231	0.00794	0.00666	0.01014
117	0.01966	0.01573	0.02459	0.03417	0.54637	0.03829	0.01811	0.04663	0.01668	0.15134	0.01520	0.01758	0.01168	0.00651	0.00665	0.00200	0.00767	0.00607	0.00435	0.01071
118	0.00825	0.00593	0.00782	0.00920	0.00973	0.00551	0.00620	0.00955	0.01330	0.01775	0.07925	0.69347	0.06828	0.02044	0.00850	0.00267	0.00383	0.01849	0.00630	0.00551
119	0.01166	0.00583	0.00874	0.00874	0.00874	0.00583	0.00583	0.00874	0.00874	0.01166	0.01166	0.02040	0.01166	0.02331	0.02622	0.80478	0.00583	0.00583	0.00291	0.00291
120	0.03954	0.01269	0.01508	0.01231	0.06199	0.01040	0.00908	0.06407	0.01513	0.02352	0.01218	0.01415	0.01000	0.00529	0.00517	0.00116	0.00534	0.00424	0.00413	0.67453
121	0.01151	0.01263	0.12943	0.03376	0.03852	0.00955	0.03131	0.03857	0.01378	0.01873	0.04684	0.11989	0.02695	0.25444	0.01637	0.00383	0.00689	0.17575	0.00475	0.00650
122	0.01776	0.53237	0.12118	0.04142	0.06583	0.02354	0.01414	0.08028	0.01538	0.01927	0.01058	0.01231	0.00899	0.00608	0.00502	0.00164	0.00766	0.00422	0.00324	0.00911
123	0.00970	0.00674	0.00853	0.00853	0.00895	0.00716	0.00558	0.01054	0.01012	0.01391	0.02003	0.03777	0.02173	0.51441	0.28028	0.00800	0.01052	0.00886	0.00390	0.00474
124	0.02066	0.01849	0.01826	0.01520	0.01925	0.15587	0.05111	0.31465	0.12603	0.03010	0.04803	0.11406	0.01853	0.00976	0.00696	0.00211	0.00759	0.00798	0.00587	0.00948
125	0.00818	0.00584	0.00779	0.00934	0.00973	0.00545	0.00623	0.00934	0.01285	0.01713	0.03698	0.75981	0.04438	0.02102	0.00856	0.00273	0.00389	0.01908	0.00623	0.00545
126	0.00846	0.00678	0.00756	0.00745	0.00941	0.00588	0.00556	0.01063	0.01643	0.02101	0.28378	0.08827	0.47301	0.01607	0.00795	0.00223	0.00334	0.01369	0.00662	0.00588
127	0.00818	0.00584	0.00779	0.00934	0.00973	0.00545	0.00623	0.00934	0.01285	0.01713	0.03698	0.75981	0.04438	0.02102	0.00856	0.00273	0.00389	0.01908	0.00623	0.00545
128	0.01724	0.01469	0.01548	0.01377	0.01766	0.01695	0.01075	0.07732	0.66765	0.02896	0.02661	0.02447	0.01991	0.00904	0.00682	0.00226	0.00544	0.00749	0.00682	0.01067
129	0.00915	0.00684	0.00848	0.00807	0.00981	0.00618	0.00605	0.01198	0.01816	0.02494	0.57304	0.05336	0.21029	0.01445	0.00792	0.00215	0.00322	0.01259	0.00713	0.00618
130	0.01424	0.03312	0.66079	0.01929	0.02882	0.01594	0.05172	0.05985	0.01522	0.02246	0.01234	0.01444	0.00873	0.00644	0.00646	0.00212	0.00983	0.00514	0.00308	0.00997
131	0.00825	0.00590	0.00788	0.00943	0.00986	0.00552	0.00637	0.00948	0.01292	0.01722	0.03694	0.73944	0.04421	0.02095	0.00859	0.00274	0.00396	0.03867	0.00623	0.00547
132	0.76627	0.01307	0.01047	0.00932	0.01324	0.01537	0.00769	0.01952	0.01135	0.02931	0.00931	0.01111	0.00735	0.00654	0.00517	0.00213	0.04765	0.00376	0.00408	0.00727
133	0.01884	0.06650	0.07990	0.04873	0.16980	0.01392	0.01352	0.12900	0.01831	0.17209	0.04359	0.07390	0.08201	0.00912	0.00674	0.00205	0.00662	0.00769	0.00543	0.03224
134	0.01607	0.46284	0.32420	0.01466	0.02214	0.02198	0.01702	0.02057	0.01386	0.01806	0.01046	0.01218	0.00856	0.00600	0.00517	0.00172	0.00832	0.00416	0.00285	0.00915
135	0.01275	0.01060	0.01401	0.01258	0.01336	0.01317	0.00973	0.07004	0.01204	0.01726	0.01550	0.02643	0.01571	0.23821	0.22273	0.00606	0.27233	0.00737	0.00376	0.00636
136	0.00818	0.00584	0.00779	0.00934	0.00973	0.00545	0.00623	0.00934	0.01285	0.01713	0.03698	0.75981	0.04438	0.02102	0.00856	0.00273	0.00389	0.01908	0.00623	0.00545
137	0.01639	0.01555	0.02590	0.03852	0.65902	0.01568	0.01949	0.02110	0.05461	0.02198	0.01373	0.01797	0.01164	0.03079	0.00755	0.00216	0.00777	0.00619	0.00354	0.01041
138	0.01669	0.01441	0.01517	0.01365	0.01745	0.01669	0.01062	0.03565	0.71021	0.02807	0.02731	0.02503	0.02048	0.00910	0.00683	0.00228	0.00531	0.00759	0.00683	0.01062
139	0.04460	0.16548	0.12920	0.01534	0.05922	0.01635	0.01368	0.06732	0.01671	0.30054	0.01708	0.01715	0.01203	0.00767	0.00777	0.00204	0.08689	0.00558	0.00532	0.01004
140	0.00793	0.00680	0.00680	0.00680	0.00906	0.00566	0.00510	0.00963	0.01529	0.01813	0.06797	0.06457	0.71961	0.01699	0.00793	0.00227	0.00340	0.01416	0.00623	0.00566
141	0.01389	0.03413	0.70375	0.01899	0.02874	0.01577	0.02436	0.04582	0.01480	0.02201	0.01219	0.01424	0.00861	0.00644	0.00639	0.00212	0.00982	0.00500	0.00297	0.00997
142	0.00939	0.00685	0.00882	0.00833	0.00996	0.00629	0.00625	0.01245	0.01874	0.02630	0.67409	0.05111	0.10839	0.01394	0.00792	0.00212	0.00318	0.01227	0.00731	0.00629
143	0.01589	0.06540	0.24875	0.01834	0.08454	0.08398	0.06675	0.05920	0.07533	0.04460	0.08100	0.09077	0.01875	0.00877	0.00678	0.00211	0.00803	0.00749	0.00445	0.00907
144	0.02506	0.03198	0.01901	0.01729	0.02074	0.73725	0.01296	0.02679	0.01901	0.01642	0.01037	0.01210	0.00864	0.00691	0.00605	0.00173	0.01210	0.00432	0.00346	0.00778
145	0.01662	0.01366	0.01493	0.01258	0.01699	0.01430	0.00987	0.07274	0.43562	0.04715	0.02272	0.04519	0.01771	0.00828	0.00637	0.00192	0.00532	0.00686	0.00607	0.22509
146	0.02567	0.01853	0.01997	0.01531	0.02067	0.02041	0.01265	0.67581	0.03110	0.06707	0.01648	0.01635	0.01160	0.00806	0.00671	0.00202	0.00732	0.00607	0.00677	0.01141

[dist]
# distance from previous block
# <min> <max>
0	1

[block]
# block no. 1 follows, 32 sequences, length 148
# corresponding to MSA columns:
# 177-324
name=unknown_B
#
# <colnr> <probs for GDERKNQSTAVLIFYWHMCP>
#	G	D	E	R	K	N	Q	S	T	A	V	L	I	F	Y	W	H	M	C	P
0	0.02118	0.06314	0.08173	0.01523	0.02049	0.04242	0.03847	0.28843	0.24327	0.08626	0.01944	0.01893	0.01415	0.00800	0.00660	0.00208	0.00711	0.00636	0.00607	0.01065
1	0.01562	0.05746	0.20119	0.10779	0.20315	0.04935	0.22731	0.02090	0.01506	0.02055	0.01243	0.01613	0.00960	0.00609	0.00684	0.00210	0.00972	0.00613	0.00317	0.00939
2	0.01704	0.09857	0.29333	0.01591	0.02221	0.08220	0.03889	0.07726	0.11069	0.07017	0.03423	0.07843	0.01527	0.00836	0.00652	0.00208	0.00812	0.00676	0.00452	0.00942
3	0.00845	0.00600	0.00795	0.00941	0.00984	0.00567	0.00638	0.00966	0.01281	0.01705	0.03585	0.66892	0.04270	0.06935	0.01028	0.00300	0.00421	0.06096	0.00608	0.00541
4	0.01625	0.01581	0.02766	0.09300	0.61855	0.01594	0.07295	0.02040	0.01518	0.02153	0.01264	0.01682	0.01047	0.00601	0.00675	0.00203	0.00830	0.00613	0.00330	0.01027
5	0.00976	0.00651	0.00732	0.00732	0.00732	0.00651	0.00407	0.00976	0.00976	0.01301	0.02114	0.04391	0.02439	0.76419	0.03415	0.00651	0.00651	0.00976	0.00407	0.00407
6	0.02506	0.03198	0.01901	0.01729	0.02074	0.73725	0.01296	0.02679	0.01901	0.01642	0.01037	0.01210	0.00864	0.00691	0.00605	0.00173	0.01210	0.00432	0.00346	0.00778
7	0.01166	0.00583	0.00874	0.00874	0.00874	0.00583	0.00583	0.00874	0.00874	0.01166	0.01166	0.02040	0.01166	0.02331	0.02622	0.80478	0.00583	0.00583	0.00291	0.00291
8	0.00818	0.00584	0.00779	0.00934	0.00973	0.00545	0.00623	0.00934	0.01285	0.01713	0.03698	0.75981	0.04438	0.02102	0.00856	0.00273	0.00389	0.01908	0.00623	0.00545
9	0.00976	0.00651	0.00732	0.00732	0.00732	0.00651	0.00407	0.00976	0.00976	0.01301	0.02114	0.04391	0.02439	0.76419	0.03415	0.00651	0.00651	0.00976	0.00407	0.00407
10	0.01468	0.01468	0.02055	0.01762	0.01762	0.02055	0.01468	0.01615	0.01028	0.01615	0.00881	0.01468	0.00881	0.01174	0.02202	0.00294	0.75191	0.00587	0.00294	0.00734
11	0.01711	0.01462	0.01541	0.01374	0.01761	0.01689	0.01072	0.06745	0.67772	0.02875	0.02677	0.02461	0.02005	0.00905	0.00682	0.00226	0.00541	0.00751	0.00682	0.01066
12	0.00959	0.00719	0.01078	0.01078	0.01198	0.00839	0.00839	0.01198	0.01078	0.01558	0.01797	0.02636	0.01677	0.05032	0.73760	0.01078	0.01797	0.00719	0.00359	0.00599
13	0.00840	0.00593	0.00772	0.00906	0.00939	0.00560	0.00592	0.00940	0.01241	0.01654	0.03473	0.65808	0.04154	0.12663	0.01220	0.00326	0.00426	0.01775	0.00592	0.00525
14	0.01447	0.01378	0.02327	0.41409	0.34319	0.01554	0.01937	0.01863	0.01414	0.01922	0.01214	0.01723	0.00968	0.00654	0.00715	0.00215	0.03147	0.00597	0.00313	0.00885
15	0.00890	0.00756	0.00777	0.00758	0.00996	0.00680	0.00573	0.01241	0.08435	0.01969	0.10657	0.05971	0.60740	0.01600	0.00782	0.00226	0.00357	0.01338	0.00637	0.00620
16	0.01520	0.22220	0.36104	0.01499	0.02260	0.01709	0.01715	0.02021	0.01400	0.03825	0.01159	0.01346	0.00905	0.00612	0.00598	0.00173	0.02831	0.00447	0.00322	0.17336
17	0.01794	0.76823	0.03516	0.01148	0.01722	0.02655	0.01148	0.02009	0.01363	0.01579	0.00933	0.01076	0.00861	0.00574	0.00431	0.00144	0.00718	0.00359	0.00287	0.00861
18	0.00816	0.00681	0.00711	0.00703	0.00920	0.00576	0.00528	0.01007	0.01583	0.01939	0.16151	0.06250	0.62529	0.01652	0.00793	0.00224	0.00337	0.01387	0.00640	0.00576
19	0.01364	0.06411	0.70159	0.01882	0.02857	0.01602	0.02426	0.02120	0.01414	0.02103	0.01193	0.01403	0.00850	0.00635	0.00629	0.00210	0.00981	0.00490	0.00283	0.00986
20	0.20817	0.56244	0.05239	0.01110	0.01660	0.02342	0.01092	0.02004	0.01312	0.01940	0.00942	0.01091	0.00828	0.00588	0.00434	0.00161	0.00679	0.00364	0.00318	0.00833
21	0.01733	0.01427	0.01519	0.01357	0.01743	0.01636	0.01058	0.03551	0.67713	0.06152	0.02727	0.02493	0.02030	0.00907	0.00682	0.00227	0.00533	0.00755	0.00690	0.01066
22	0.01029	0.00726	0.00977	0.01101	0.01212	0.00721	0.00895	0.01254	0.01403	0.01835	0.03291	0.15283	0.03656	0.16344	0.01401	0.00371	0.00596	0.46760	0.00577	0.00568
23	0.00945	0.00686	0.00890	0.00839	0.00999	0.00631	0.00629	0.01256	0.01887	0.02662	0.69770	0.05059	0.08458	0.01382	0.00791	0.00212	0.00317	0.01220	0.00735	0.00631
24	0.02511	0.01860	0.01991	0.01536	0.02066	0.02062	0.01266	0.66976	0.06240	0.04164	0.01662	0.01652	0.01182	0.00810	0.00672	0.00203	0.00729	0.00611	0.00672	0.01137
25	0.02506	0.03198	0.01901	0.01729	0.02074	0.73725	0.01296	0.02679	0.01901	0.01642	0.01037	0.01210	0.00864	0.00691	0.00605	0.00173	0.01210	0.00432	0.00346	0.00778
26	0.00822	0.00588	0.00783	0.00931	0.00974	0.00548	0.00623	0.00946	0.01306	0.01747	0.06105	0.73476	0.04505	0.02076	0.00854	0.00270	0.00387	0.01883	0.00627	0.00548
27	0.01948	0.01268	0.01473	0.03892	0.04433	0.05596	0.01008	0.10555	0.11619	0.22159	0.25023	0.03020	0.03084	0.00993	0.00709	0.00209	0.00562	0.00834	0.00693	0.00925
28	0.65268	0.04218	0.03943	0.01029	0.01473	0.06880	0.00880	0.05728	0.01325	0.02892	0.00989	0.01139	0.00769	0.00637	0.00452	0.00203	0.00607	0.00386	0.00414	0.00768
29	0.01282	0.00968	0.01187	0.01213	0.01422	0.01028	0.00998	0.05985	0.16664	0.02259	0.05379	0.05663	0.03225	0.09984	0.01135	0.00320	0.00600	0.39351	0.00615	0.00723
30	0.01633	0.01666	0.06131	0.03198	0.47809	0.03433	0.01792	0.02336	0.15741	0.02267	0.01626	0.04329	0.01358	0.00734	0.00717	0.00210	0.02920	0.00665	0.00410	0.01024
31	0.01084	0.00762	0.00951	0.00988	0.01122	0.00756	0.00708	0.01498	0.11206	0.05278	0.17268	0.40649	0.04212	0.06403	0.00975	0.00276	0.00428	0.04129	0.00650	0.00657
32	0.00991	0.00763	0.01128	0.01110	0.01218	0.00909	0.00864	0.01217	0.01072	0.01553	0.01750	0.02621	0.01653	0.07164	0.66947	0.01015	0.06348	0.00719	0.00357	0.00601
33	0.01794	0.76823	0.03516	0.01148	0.01722	0.02655	0.01148	0.02009	0.01363	0.01579	0.00933	0.01076	0.00861	0.00574	0.00431	0.00144	0.00718	0.00359	0.00287	0.00861
34	0.01627	0.01799	0.03804	0.02857	0.07747	0.01706	0.62814	0.04863	0.01643	0.02235	0.01362	0.01793	0.01026	0.00577	0.00779	0.00224	0.01095	0.00772	0.00352	0.00924
35	0.00878	0.00628	0.00847	0.00994	0.01062	0.00596	0.00720	0.01043	0.01363	0.01812	0.06268	0.58863	0.04389	0.02022	0.00869	0.00278	0.00435	0.15744	0.00626	0.00564
36	0.00815	0.00593	0.00769	0.00911	0.00967	0.00547	0.00612	0.00937	0.01307	0.01722	0.03984	0.69571	0.10664	0.02065	0.00851	0.00268	0.00385	0.01862	0.00623	0.00547
37	0.01735	0.01597	0.02844	0.03345	0.43661	0.01603	0.17992	0.02198	0.03902	0.07615	0.01418	0.01761	0.01121	0.00655	0.00792	0.00213	0.05502	0.00655	0.00382	0.01011
38	0.01412	0.07277	0.51734	0.01865	0.02710	0.01615	0.09264	0.02232	0.08710	0.02156	0.01552	0.01721	0.03388	0.00690	0.00652	0.00212	0.00920	0.00577	0.00343	0.00968
39	0.02331	0.01684	0.01826	0.01460	0.01948	0.01861	0.01186	0.44344	0.23123	0.09963	0.02035	0.01935	0.01456	0.00839	0.00675	0.00210	0.00662	0.00656	0.00689	0.01118
40	0.00963	0.00710	0.01010	0.01020	0.01128	0.00795	0.00775	0.01168	0.01110	0.01557	0.02149	0.03375	0.04569	0.15764	0.55341	0.00930	0.01487	0.05186	0.00394	0.00569
41	0.00935	0.03243	0.00929	0.00822	0.01003	0.00681	0.00622	0.01204	0.01763	0.02400	0.50930	0.09212	0.20876	0.01460	0.00783	0.00216	0.00339	0.01270	0.00691	0.00621
42	0.01774	0.73488	0.06672	0.01183	0.01776	0.02605	0.01209	0.02014	0.01366	0.01603	0.00945	0.01092	0.00861	0.00577	0.00440	0.00147	0.00730	0.00365	0.00287	0.00867
43	0.01586	0.01546	0.02499	0.23199	0.51220	0.04317	0.01977	0.01989	0.01492	0.02042	0.01235	0.01678	0.01010	0.00621	0.00664	0.00205	0.00839	0.00591	0.00323	0.00966
44	0.01509	0.01588	0.02723	0.02135	0.02373	0.01930	0.25421	0.01802	0.01223	0.01802	0.01048	0.01588	0.00929	0.00961	0.01708	0.00270	0.49228	0.00659	0.00310	0.00794
45	0.01391	0.01193	0.01391	0.00994	0.01590	0.00894	0.00795	0.01690	0.01391	0.02186	0.01193	0.01391	0.00994	0.00497	0.00497	0.00099	0.00497	0.00398	0.00398	0.80521
46	0.01053	0.00705	0.00918	0.00853	0.01028	0.00649	0.00644	0.01367	0.01884	0.05867	0.66473	0.04807	0.05969	0.01328	0.00776	0.00209	0.00328	0.01170	0.03316	0.00656
47	0.00907	0.00680	0.00841	0.00810	0.00979	0.00614	0.00604	0.01180	0.01785	0.02441	0.53546	0.08577	0.21606	0.01482	0.00795	0.00217	0.00325	0.01292	0.00706	0.00614
48	0.01970	0.01579	0.01814	0.01502	0.01951	0.01762	0.05418	0.22600	0.44408	0.05930	0.02319	0.02194	0.01707	0.00855	0.00686	0.00219	0.00630	0.00713	0.00664	0.01078
49	0.00948	0.00659	0.00746	0.00739	0.00790	0.00637	0.00449	0.01011	0.01167	0.01546	0.11569	0.04748	0.12308	0.56850	0.02730	0.00538	0.00566	0.01065	0.00478	0.00457
50	0.01690	0.01729	0.02032	0.01740	0.01828	0.11506	0.01430	0.07151	0.01311	0.01825	0.00959	0.01445	0.00899	0.01082	0.01871	0.00270	0.59563	0.00568	0.00330	0.00772
51	0.04014	0.05388	0.48954	0.02110	0.02981	0.01632	0.21246	0.02123	0.01453	0.02142	0.01229	0.01505	0.00893	0.00615	0.00667	0.00214	0.01006	0.00570	0.00303	0.00954
52	0.01346	0.03471	0.72942	0.01912	0.02904	0.01558	0.02479	0.02125	0.01417	0.02125	0.01204	0.01417	0.00850	0.00637	0.00637	0.00212	0.00992	0.00496	0.00283	0.00992
53	0.01273	0.01056	0.01353	0.01562	0.12679	0.01115	0.00985	0.02053	0.24924	0.02261	0.12403	0.23150	0.03183	0.07713	0.00977	0.00269	0.00515	0.01132	0.00594	0.00803
54	0.01794	0.76823	0.03516	0.01148	0.01722	0.02655	0.01148	0.02009	0.01363	0.01579	0.00933	0.01076	0.00861	0.00574	0.00431	0.00144	0.00718	0.00359	0.00287	0.00861
55	0.01245	0.01019	0.01512	0.30392	0.07161	0.01131	0.01248	0.06368	0.01666	0.02296	0.24804	0.08432	0.03034	0.01021	0.00711	0.00216	0.00612	0.00901	0.05496	0.00735
56	0.00825	0.00681	0.00724	0.00713	0.00926	0.00580	0.00535	0.01024	0.01604	0.01990	0.19928	0.06166	0.58720	0.01633	0.00793	0.00223	0.00335	0.01375	0.00646	0.00580
57	0.00959	0.00719	0.01078	0.01078	0.01198	0.00839	0.00839	0.01198	0.01078	0.01558	0.01797	0.02636	0.01677	0.05032	0.73760	0.01078	0.01797	0.00719	0.00359	0.00599
58	0.01597	0.01835	0.07840	0.06872	0.18608	0.01666	0.45047	0.04084	0.01594	0.02195	0.01325	0.01746	0.01014	0.00590	0.00744	0.00219	0.01025	0.00715	0.00342	0.00943
59	0.02129	0.02686	0.06570	0.02312	0.14883	0.44619	0.10374	0.02429	0.01733	0.01834	0.01123	0.01390	0.00920	0.00672	0.00698	0.00191	0.03724	0.00518	0.00337	0.00857
60	0.00937	0.00685	0.00879	0.00831	0.00995	0.00628	0.00623	0.01242	0.01870	0.02620	0.66636	0.05129	0.11619	0.01398	0.00792	0.00212	0.00318	0.01230	0.00729	0.00628
61	0.02007	0.32796	0.11187	0.01331	0.01922	0.05538	0.01279	0.11319	0.06071	0.12210	0.01437	0.01481	0.01095	0.00670	0.00552	0.00172	0.00729	0.00485	0.00451	0.07267
62	0.01988	0.24268	0.19060	0.01394	0.02053	0.01813	0.01420	0.15123	0.01811	0.14038	0.01438	0.01493	0.01059	0.00667	0.00573	0.00176	0.00737	0.00494	0.00461	0.09932
63	0.01741	0.45889	0.24449	0.01449	0.02123	0.10640	0.01570	0.02123	0.01443	0.01752	0.01028	0.01196	0.00858	0.00607	0.00514	0.00168	0.00859	0.00409	0.00293	0.00891
64	0.01267	0.01193	0.02013	0.74806	0.04621	0.01491	0.01863	0.01714	0.01342	0.01714	0.01193	0.01789	0.00894	0.00671	0.00671	0.00224	0.00894	0.00596	0.00298	0.00745
65	0.01247	0.00903	0.00978	0.00938	0.01140	0.06096	0.00696	0.01469	0.01683	0.10499	0.29091	0.21114	0.18580	0.01494	0.00779	0.00225	0.00435	0.01294	0.00669	0.00670
66	0.00823	0.00681	0.00721	0.00711	0.00925	0.00579	0.00534	0.01021	0.01601	0.01981	0.19312	0.06180	0.59341	0.01636	0.00793	0.00224	0.00335	0.01377	0.00645	0.00579
67	0.01584	0.01810	0.03959	0.02828	0.03507	0.01697	0.69796	0.02149	0.01584	0.02149	0.01357	0.01810	0.01018	0.00566	0.00792	0.00226	0.01131	0.00792	0.00339	0.00905
68	0.00917	0.00685	0.00852	0.00810	0.00983	0.00619	0.00608	0.01204	0.01823	0.02510	0.58488	0.05310	0.19836	0.01439	0.00792	0.00214	0.00321	0.01255	0.00715	0.00619
69	0.00922	0.00685	0.00858	0.00815	0.00985	0.00621	0.00611	0.01213	0.01834	0.02535	0.60368	0.05268	0.17939	0.01430	0.00792	0.00214	0.00321	0.01249	0.00718	0.00621
70	0.04305	0.39651	0.02712	0.17646	0.02440	0.17638	0.01330	0.04070	0.01520	0.01744	0.01033	0.01279	0.00873	0.00629	0.00528	0.00171	0.00857	0.00435	0.00317	0.00821
71	0.01581	0.01567	0.02802	0.14183	0.47236	0.01618	0.13684	0.02004	0.01487	0.02088	0.01251	0.01697	0.01022	0.00629	0.00757	0.00212	0.04251	0.00631	0.00327	0.00974
72	0.81159	0.01298	0.00986	0.00882	0.01298	0.01505	0.00727	0.01972	0.01142	0.03010	0.00934	0.01090	0.00727	0.00623	0.00415	0.00208	0.00519	0.00363	0.00415	0.00727
73	0.01392	0.01668	0.12554	0.04950	0.15026	0.04165	0.06917	0.01767	0.01470	0.02092	0.17540	0.02379	0.02206	0.01052	0.03064	0.00254	0.19537	0.00735	0.00410	0.00822
74	0.01497	0.01281	0.01778	0.01274	0.01879	0.01017	0.10993	0.01833	0.01445	0.05556	0.01287	0.01496	0.01029	0.00523	0.00549	0.00123	0.00594	0.00469	0.00410	0.64965
75	0.00838	0.00664	0.00754	0.00769	0.00943	0.00580	0.00562	0.01037	0.01581	0.02023	0.23159	0.18692	0.42647	0.01687	0.00804	0.00231	0.00343	0.01453	0.00653	0.00580
76	0.01468	0.01468	0.02055	0.01762	0.01762	0.02055	0.01468	0.01615	0.01028	0.01615	0.00881	0.01468	0.00881	0.01174	0.02202	0.00294	0.75191	0.00587	0.00294	0.00734
77	0.01763	0.01488	0.01570	0.01384	0.01781	0.01713	0.01085	0.10642	0.63792	0.02958	0.02612	0.02408	0.01952	0.00899	0.00682	0.00225	0.00553	0.00742	0.00682	0.01070
78	0.00863	0.00638	0.00807	0.00859	0.00973	0.00582	0.00608	0.01064	0.01556	0.02098	0.29900	0.37856	0.16204	0.01761	0.00822	0.00242	0.00354	0.01566	0.00667	0.00582
79	0.01657	0.01576	0.02672	0.10458	0.60960	0.01607	0.04283	0.04708	0.01577	0.02227	0.01273	0.01675	0.01049	0.00612	0.00669	0.00203	0.00815	0.00604	0.00343	0.01032
80	0.01267	0.01193	0.02013	0.74806	0.04621	0.01491	0.01863	0.01714	0.01342	0.01714	0.01193	0.01789	0.00894	0.00671	0.00671	0.00224	0.00894	0.00596	0.00298	0.00745
81	0.07309	0.04025	0.15617	0.01534	0.04445	0.01530	0.01381	0.04012	0.03564	0.02081	0.09251	0.02272	0.05030	0.03201	0.08098	0.00328	0.24455	0.00682	0.00401	0.00785
82	0.02506	0.03198	0.01901	0.01729	0.02074	0.73725	0.01296	0.02679	0.01901	0.01642	0.01037	0.01210	0.00864	0.00691	0.00605	0.00173	0.01210	0.00432	0.00346	0.00778
83	0.00818	0.00584	0.00779	0.00934	0.00973	0.00545	0.00623	0.00934	0.01285	0.01713	0.03698	0.75981	0.04438	0.02102	0.00856	0.00273	0.00389	0.01908	0.00623	0.00545
84	0.01391	0.01193	0.01391	0.00994	0.01590	0.00894	0.00795	0.01690	0.01391	0.02186	0.01193	0.01391	0.00994	0.00497	0.00497	0.00099	0.00497	0.00398	0.00398	0.80521
85	0.01794	0.76823	0.03516	0.01148	0.01722	0.02655	0.01148	0.02009	0.01363	0.01579	0.00933	0.01076	0.00861	0.00574	0.00431	0.00144	0.00718	0.00359	0.00287	0.00861
86	0.02192	0.01184	0.01443	0.01200	0.01611	0.01185	0.00959	0.05178	0.24708	0.35190	0.14783	0.02813	0.02591	0.00951	0.00698	0.00215	0.00519	0.00795	0.00761	0.01026
87	0.00950	0.00686	0.00897	0.00844	0.01002	0.00633	0.00633	0.01266	0.01899	0.02691	0.71879	0.05012	0.06331	0.01372	0.00791	0.00211	0.00317	0.01213	0.00739	0.00633
88	0.00950	0.00686	0.00897	0.00844	0.01002	0.00633	0.00633	0.01266	0.01899	0.02691	0.71879	0.05012	0.06331	0.01372	0.00791	0.00211	0.00317	0.01213	0.00739	0.00633
89	0.01166	0.00583	0.00874	0.00874	0.00874	0.00583	0.00583	0.00874	0.00874	0.01166	0.01166	0.02040	0.01166	0.02331	0.02622	0.80478	0.00583	0.00583	0.00291	0.00291
90	0.02506	0.03198	0.01901	0.01729	0.02074	0.73725	0.01296	0.02679	0.01901	0.01642	0.01037	0.01210	0.00864	0.00691	0.00605	0.00173	0.01210	0.00432	0.00346	0.00778
91	0.01391	0.01193	0.01391	0.00994	0.01590	0.00894	0.00795	0.01690	0.01391	0.02186	0.01193	0.01391	0.00994	0.00497	0.00497	0.00099	0.00497	0.00398	0.00398	0.80521
92	0.01166	0.00583	0.00874	0.00874	0.00874	0.00583	0.00583	0.00874	0.00874	0.01166	0.01166	0.02040	0.01166	0.02331	0.02622	0.80478	0.00583	0.00583	0.00291	0.00291
93	0.00976	0.00780	0.00886	0.00842	0.01057	0.00738	0.00636	0.01434	0.10577	0.02339	0.35900	0.05294	0.33156	0.01449	0.00778	0.00220	0.00354	0.01240	0.00683	0.00660
