[name]
unknown

[dist]
# distance from previous block
# <min> <max>
0	4

[block]
# block no. 0 follows, 34 sequences, length 17
# corresponding to MSA columns:
# 4-20
name=unknown_A
#
# <colnr> <probs for GDERKNQSTAVLIFYWHMCP>
#	G	D	E	R	K	N	Q	S	T	A	V	L	I	F	Y	W	H	M	C	P
0	0.01868	0.01268	0.01476	0.01252	0.01631	0.01303	0.01023	0.30907	0.03946	0.11335	0.02301	0.12640	0.02116	0.01120	0.00704	0.00215	0.00596	0.14685	0.00622	0.08994
1	0.04545	0.00723	0.00879	0.00937	0.01064	0.00697	0.00654	0.03955	0.04130	0.01871	0.03103	0.59939	0.03594	0.03581	0.00826	0.00251	0.00414	0.01543	0.00573	0.06721
2	0.00956	0.00697	0.00930	0.00917	0.01012	0.00752	0.00654	0.01137	0.02613	0.01468	0.01905	0.05852	0.01958	0.30356	0.41914	0.00807	0.01210	0.00812	0.00380	0.03668
3	0.01632	0.05306	0.04930	0.03653	0.64490	0.01604	0.01921	0.04912	0.01526	0.02163	0.01212	0.01562	0.01011	0.00584	0.00628	0.00190	0.00768	0.00562	0.00330	0.01015
4	0.00786	0.00568	0.00744	0.00885	0.00933	0.00526	0.00593	0.00901	0.01251	0.01655	0.03736	0.72738	0.08293	0.02002	0.00821	0.00260	0.00372	0.01809	0.00600	0.00526
5	0.00772	0.00622	0.00688	0.00740	0.00895	0.00538	0.00529	0.00918	0.01390	0.01712	0.05504	0.30877	0.49013	0.01772	0.00785	0.00234	0.00344	0.01529	0.00600	0.00538
6	0.01983	0.01740	0.01662	0.01415	0.01825	0.11115	0.01118	0.25022	0.40934	0.02998	0.02075	0.01975	0.01546	0.00817	0.00644	0.00204	0.00659	0.00642	0.00612	0.01012
7	0.06965	0.01155	0.01313	0.00950	0.01512	0.00902	0.00761	0.01646	0.01323	0.02161	0.01131	0.01320	0.00939	0.00487	0.00473	0.00103	0.00480	0.00381	0.00384	0.75616
8	0.01649	0.01501	0.06858	0.09961	0.40160	0.01359	0.05703	0.02035	0.01489	0.11233	0.01614	0.01867	0.04267	0.00652	0.00640	0.00191	0.00738	0.00610	0.00393	0.07080
9	0.02288	0.01680	0.13036	0.05746	0.04156	0.05773	0.01301	0.11495	0.05339	0.36634	0.04549	0.01981	0.01487	0.00766	0.00643	0.00200	0.00686	0.00616	0.00614	0.01009
10	0.00926	0.00625	0.00728	0.00740	0.00750	0.00629	0.00433	0.00949	0.00970	0.01300	0.02143	0.10075	0.02464	0.66924	0.07237	0.00621	0.00670	0.00999	0.00406	0.00413
11	0.06936	0.04355	0.01246	0.01011	0.01288	0.01010	0.02886	0.08343	0.04330	0.07569	0.32406	0.03987	0.14218	0.01177	0.00735	0.00209	0.02044	0.04904	0.00624	0.00723
12	0.01505	0.13638	0.35419	0.02256	0.22053	0.01670	0.01929	0.04860	0.04274	0.02097	0.01210	0.01429	0.00939	0.00607	0.00590	0.00188	0.00820	0.00496	0.00321	0.03700
13	0.00800	0.00571	0.00764	0.00914	0.00957	0.00536	0.00622	0.00921	0.01249	0.01663	0.03554	0.73444	0.04246	0.02013	0.00828	0.00264	0.00386	0.05140	0.00600	0.00528
14	0.01080	0.00680	0.00882	0.00904	0.01044	0.00631	0.00649	0.01319	0.03778	0.09851	0.22868	0.42573	0.07971	0.01637	0.00780	0.00235	0.00377	0.01460	0.00655	0.00629
15	0.01879	0.01655	0.10303	0.04461	0.17035	0.01460	0.16543	0.09424	0.01673	0.18418	0.01624	0.04463	0.01231	0.00738	0.00776	0.00211	0.06015	0.00668	0.00465	0.00959
16	0.05337	0.01624	0.02211	0.11464	0.35947	0.08158	0.03976	0.09724	0.08598	0.04635	0.01396	0.01649	0.01091	0.00651	0.00632	0.00197	0.00775	0.00576	0.00405	0.00954

[dist]
# distance from previous block
# <min> <max>
0	5

[block]
# block no. 1 follows, 34 sequences, length 19
# corresponding to MSA columns:
# 26-44
name=unknown_B
#
# <colnr> <probs for GDERKNQSTAVLIFYWHMCP>
#	G	D	E	R	K	N	Q	S	T	A	V	L	I	F	Y	W	H	M	C	P
0	0.25842	0.03389	0.01487	0.01281	0.04907	0.05516	0.00982	0.16398	0.10615	0.14487	0.07515	0.01855	0.01561	0.00764	0.00575	0.00198	0.00591	0.00576	0.00563	0.00900
1	0.01488	0.01406	0.01985	0.42568	0.11106	0.06273	0.03509	0.07350	0.07364	0.02000	0.01312	0.01716	0.01012	0.00699	0.00730	0.00211	0.05414	0.00583	0.02465	0.00809
2	0.01247	0.01176	0.01987	0.70633	0.09346	0.01443	0.01808	0.01675	0.01305	0.01684	0.01153	0.01714	0.00873	0.00641	0.00646	0.00214	0.00855	0.00574	0.00289	0.00740
3	0.00870	0.00651	0.00808	0.00785	0.00942	0.00588	0.00583	0.01128	0.01701	0.02325	0.52427	0.11129	0.20785	0.01449	0.00768	0.00211	0.00316	0.01267	0.00677	0.00588
4	0.00818	0.00657	0.00730	0.00712	0.00906	0.00569	0.00534	0.01033	0.01602	0.02052	0.30622	0.05713	0.48732	0.01522	0.00763	0.00213	0.00319	0.01293	0.00640	0.00569
5	0.01649	0.01139	0.01372	0.00995	0.01555	0.00879	0.00802	0.01929	0.01441	0.16312	0.01426	0.01510	0.01084	0.00542	0.00512	0.00116	0.00493	0.00436	0.00466	0.65341
6	0.00887	0.00652	0.00831	0.00803	0.00953	0.00596	0.00596	0.01161	0.01741	0.02421	0.59916	0.10972	0.13237	0.01414	0.00767	0.00210	0.00313	0.01245	0.00690	0.00596
7	0.01727	0.77681	0.03386	0.01106	0.01658	0.02557	0.01106	0.01935	0.01313	0.01520	0.00898	0.01036	0.00829	0.00553	0.00415	0.00138	0.00691	0.00345	0.00276	0.00829
8	0.02711	0.01401	0.01686	0.01293	0.01800	0.01397	0.01068	0.31991	0.02354	0.44154	0.02126	0.01924	0.01387	0.00790	0.00648	0.00197	0.00618	0.00621	0.00735	0.01099
9	0.01760	0.01464	0.01547	0.01346	0.01738	0.01678	0.01060	0.15601	0.59678	0.02949	0.02436	0.02256	0.01815	0.00858	0.00655	0.00215	0.00547	0.00704	0.00655	0.01036
10	0.01122	0.00561	0.00842	0.00842	0.00842	0.00561	0.00561	0.00842	0.00842	0.01122	0.01122	0.01964	0.01122	0.02245	0.02525	0.81201	0.00561	0.00561	0.00281	0.00281
11	0.00908	0.00677	0.00937	0.00937	0.01044	0.00746	0.00700	0.01091	0.01071	0.01486	0.02338	0.03253	0.09965	0.16950	0.53909	0.00873	0.01379	0.00812	0.00383	0.00541
12	0.00930	0.00686	0.00908	0.00996	0.01130	0.00631	0.00756	0.01120	0.01327	0.01790	0.03240	0.46597	0.03719	0.01772	0.00806	0.00254	0.00455	0.22464	0.00573	0.09846
13	0.01494	0.01172	0.01366	0.01013	0.01558	0.00954	0.00810	0.01955	0.09531	0.07828	0.01430	0.01531	0.01125	0.00550	0.00513	0.00118	0.00488	0.00444	0.00447	0.65673
14	0.02163	0.05776	0.10164	0.01569	0.02006	0.40760	0.01333	0.13683	0.04769	0.04809	0.01390	0.01496	0.03118	0.00732	0.00655	0.00183	0.03627	0.00503	0.00412	0.00850
15	0.01308	0.00913	0.01172	0.01232	0.06855	0.00935	0.00824	0.09482	0.09231	0.05222	0.11245	0.24265	0.02852	0.06457	0.01206	0.14019	0.00506	0.01060	0.00544	0.00670
16	0.08991	0.01878	0.07722	0.07157	0.27023	0.15900	0.01579	0.02115	0.01454	0.07924	0.01196	0.01479	0.00954	0.00698	0.00809	0.00203	0.11160	0.00521	0.00359	0.00878
17	0.01194	0.01082	0.01776	0.44701	0.15571	0.01237	0.01533	0.01560	0.01378	0.01839	0.09748	0.12002	0.01944	0.00894	0.00682	0.00216	0.00717	0.00810	0.00383	0.00733
18	0.01913	0.57813	0.02983	0.01239	0.01749	0.15609	0.01142	0.07817	0.01551	0.01744	0.00971	0.01103	0.00852	0.00592	0.00464	0.00148	0.00779	0.00378	0.00317	0.00837

[dist]
# distance from previous block
# <min> <max>
0	1

[block]
# block no. 2 follows, 34 sequences, length 6
# corresponding to MSA columns:
# 46-51
name=unknown_C
#
# <colnr> <probs for GDERKNQSTAVLIFYWHMCP>
#	G	D	E	R	K	N	Q	S	T	A	V	L	I	F	Y	W	H	M	C	P
0	0.41527	0.01550	0.01308	0.01116	0.01533	0.12969	0.00897	0.06920	0.05748	0.18688	0.01432	0.01441	0.01025	0.00683	0.00517	0.00195	0.00631	0.00466	0.00511	0.00843
1	0.01529	0.01372	0.02261	0.14449	0.48169	0.01452	0.01734	0.01864	0.01380	0.05055	0.01304	0.01849	0.01121	0.07022	0.00972	0.00239	0.06378	0.00608	0.00339	0.00904
2	0.01696	0.01975	0.12051	0.02470	0.18215	0.09944	0.24181	0.07473	0.01645	0.04543	0.04748	0.01729	0.01224	0.00667	0.00748	0.00204	0.04568	0.00637	0.00376	0.00907
3	0.01406	0.22323	0.55929	0.01654	0.02506	0.01770	0.02060	0.02018	0.01351	0.01912	0.01093	0.01280	0.00821	0.00598	0.00563	0.00188	0.00888	0.00444	0.00274	0.00923
4	0.00938	0.00633	0.00736	0.00736	0.00747	0.00643	0.00431	0.00960	0.00949	0.01276	0.02007	0.04069	0.02280	0.70473	0.10014	0.00665	0.00730	0.00916	0.00387	0.00409
5	0.00937	0.00736	0.01083	0.07128	0.09507	0.00731	0.00891	0.01122	0.01291	0.01728	0.03092	0.56092	0.03585	0.01729	0.00796	0.00254	0.00478	0.07675	0.00543	0.00603

[dist]
# distance from previous block
# <min> <max>
0	1

[block]
# block no. 3 follows, 34 sequences, length 17
# corresponding to MSA columns:
# 53-69
name=unknown_D
#
# <colnr> <probs for GDERKNQSTAVLIFYWHMCP>
#	G	D	E	R	K	N	Q	S	T	A	V	L	I	F	Y	W	H	M	C	P
0	0.01706	0.15641	0.16887	0.01514	0.04077	0.15883	0.01378	0.02578	0.25496	0.02091	0.01583	0.01629	0.01229	0.00694	0.00581	0.00184	0.00768	0.00526	0.00423	0.05133
1	0.08106	0.02811	0.05360	0.04135	0.12266	0.01031	0.06637	0.01538	0.02930	0.03618	0.21053	0.11843	0.13879	0.01117	0.00696	0.00211	0.00538	0.00989	0.00517	0.00726
2	0.01308	0.07619	0.56928	0.01635	0.02476	0.01443	0.02018	0.01945	0.01382	0.02049	0.04909	0.01522	0.01113	0.00631	0.00593	0.00187	0.00847	0.00494	0.00309	0.10589
3	0.01220	0.01148	0.01938	0.75739	0.04450	0.01436	0.01794	0.01651	0.01292	0.01651	0.01148	0.01723	0.00861	0.00646	0.00646	0.00215	0.00861	0.00574	0.00287	0.00718
4	0.00767	0.00641	0.00668	0.00689	0.00882	0.00543	0.00506	0.00923	0.01439	0.01732	0.06123	0.16218	0.63272	0.01691	0.00772	0.00224	0.00334	0.01431	0.00600	0.00543
5	0.01580	0.01386	0.05155	0.01382	0.07904	0.03297	0.01054	0.03886	0.01435	0.08907	0.01269	0.01453	0.01008	0.00595	0.00666	0.00141	0.07098	0.00452	0.00409	0.50922
6	0.18169	0.02374	0.01805	0.04599	0.04814	0.44668	0.04859	0.02276	0.01567	0.01893	0.00998	0.01231	0.00823	0.00678	0.00680	0.00188	0.06840	0.00445	0.00340	0.00752
7	0.02782	0.01288	0.01616	0.01239	0.01743	0.01229	0.01023	0.21146	0.02164	0.55268	0.02285	0.02028	0.01467	0.00793	0.00649	0.00198	0.00592	0.00632	0.00759	0.01099
8	0.00901	0.00684	0.00833	0.00799	0.00971	0.00631	0.00598	0.01225	0.04502	0.02358	0.51698	0.07928	0.21666	0.01406	0.00761	0.00210	0.00321	0.01224	0.00678	0.00607
9	0.00950	0.00688	0.00912	0.00901	0.00955	0.00765	0.00628	0.01065	0.00988	0.01381	0.01845	0.03322	0.01945	0.40187	0.36878	0.00807	0.04118	0.00808	0.00366	0.00491
10	0.00940	0.00626	0.00705	0.00705	0.00705	0.00626	0.00392	0.00940	0.00940	0.01253	0.02036	0.04228	0.02349	0.77292	0.03289	0.00626	0.00626	0.00940	0.00392	0.00392
11	0.01702	0.71569	0.03273	0.01153	0.01661	0.02510	0.01130	0.01904	0.01287	0.01523	0.00894	0.01067	0.00831	0.00599	0.00551	0.00150	0.06735	0.00363	0.00277	0.00819
12	0.00767	0.00643	0.00667	0.00686	0.00881	0.00543	0.00505	0.00924	0.01442	0.01733	0.06158	0.15386	0.64082	0.01687	0.00772	0.00224	0.00333	0.01425	0.00600	0.00543
13	0.08119	0.68699	0.03097	0.01074	0.01600	0.02396	0.01055	0.01905	0.01315	0.01670	0.03569	0.01178	0.01014	0.00585	0.00426	0.00146	0.00661	0.00376	0.00302	0.00811
14	0.15065	0.06475	0.11331	0.02813	0.03876	0.03509	0.01163	0.10565	0.04491	0.20972	0.09921	0.02009	0.01720	0.00866	0.02300	0.00215	0.00653	0.00604	0.00546	0.00905
15	0.00840	0.00655	0.00744	0.00723	0.00896	0.00579	0.00531	0.01047	0.01571	0.02046	0.33119	0.05481	0.39715	0.08047	0.00981	0.00247	0.00344	0.01248	0.00627	0.00558
16	0.01769	0.01574	0.02278	0.05130	0.45882	0.04140	0.01694	0.18123	0.01847	0.02523	0.01475	0.02068	0.01263	0.00732	0.00661	0.00201	0.00756	0.06478	0.00420	0.00986

[dist]
# distance from previous block
# <min> <max>
0	1

[block]
# block no. 4 follows, 34 sequences, length 67
# corresponding to MSA columns:
# 71-137
name=unknown_E
#
# <colnr> <probs for GDERKNQSTAVLIFYWHMCP>
#	G	D	E	R	K	N	Q	S	T	A	V	L	I	F	Y	W	H	M	C	P
0	0.01615	0.01450	0.01784	0.03157	0.08569	0.08266	0.07831	0.06020	0.20677	0.05735	0.11150	0.04279	0.02083	0.00874	0.00754	0.00204	0.05160	0.02362	0.00521	0.07511
1	0.01868	0.07942	0.16652	0.06126	0.22299	0.16141	0.03394	0.08091	0.01666	0.07961	0.01274	0.01478	0.00974	0.00638	0.00611	0.00188	0.00869	0.00518	0.00375	0.00933
2	0.02376	0.01762	0.01896	0.01449	0.01970	0.01922	0.01195	0.66133	0.02916	0.03931	0.01522	0.01536	0.01089	0.00754	0.00634	0.00187	0.00694	0.00567	0.00628	0.06837
3	0.01371	0.01443	0.08982	0.01583	0.13133	0.01054	0.03645	0.01727	0.01373	0.02091	0.01285	0.01505	0.02538	0.00536	0.00534	0.00129	0.00592	0.00458	0.00364	0.55657
4	0.01068	0.00708	0.01005	0.00980	0.01100	0.00782	0.00736	0.01254	0.01077	0.06621	0.01850	0.02848	0.01759	0.18882	0.55301	0.00897	0.01428	0.00738	0.00388	0.00578
5	0.01462	0.01223	0.01404	0.01023	0.01584	0.01002	0.00821	0.08694	0.03962	0.02324	0.01240	0.01398	0.01007	0.00522	0.00502	0.00110	0.00503	0.00415	0.00419	0.70383
6	0.01400	0.01395	0.01976	0.06998	0.01894	0.01940	0.01441	0.01562	0.01011	0.01562	0.00870	0.01436	0.00849	0.01096	0.02015	0.00278	0.70722	0.00566	0.00283	0.00708
7	0.01041	0.00744	0.01041	0.01190	0.01339	0.00744	0.01041	0.01339	0.01487	0.01934	0.03421	0.07288	0.03719	0.01785	0.00892	0.00297	0.00595	0.68913	0.00595	0.00595
8	0.01534	0.00768	0.01020	0.00966	0.01170	0.00698	0.00715	0.01706	0.01473	0.25695	0.09494	0.32680	0.03287	0.10789	0.01067	0.00283	0.00469	0.04823	0.00651	0.00711
9	0.01340	0.01148	0.01340	0.00957	0.01531	0.00861	0.00766	0.01627	0.01340	0.02105	0.01148	0.01340	0.00957	0.00479	0.00479	0.00096	0.00479	0.00383	0.00383	0.81242
10	0.01917	0.33938	0.02400	0.01270	0.01755	0.06215	0.01107	0.17317	0.19555	0.04373	0.01532	0.01540	0.01200	0.00694	0.00543	0.00173	0.00668	0.00507	0.00472	0.02824
11	0.01027	0.00808	0.01141	0.01455	0.13446	0.00789	0.00872	0.05322	0.01394	0.01878	0.03134	0.57073	0.05761	0.01687	0.00780	0.00245	0.00461	0.01529	0.00554	0.00646
12	0.01868	0.15168	0.19844	0.01588	0.03966	0.06742	0.08608	0.08283	0.01637	0.14629	0.01396	0.01498	0.01021	0.00629	0.00586	0.00177	0.00784	0.00510	0.00423	0.10645
13	0.01388	0.01137	0.01319	0.01184	0.01485	0.01242	0.03157	0.02579	0.43138	0.04245	0.18874	0.03404	0.06724	0.03278	0.00777	0.00230	0.00481	0.03847	0.00649	0.00863
14	0.00940	0.00626	0.00705	0.00705	0.00705	0.00626	0.00392	0.00940	0.00940	0.01253	0.02036	0.04228	0.02349	0.77292	0.03289	0.00626	0.00626	0.00940	0.00392	0.00392
15	0.02286	0.08784	0.01905	0.01579	0.01920	0.65422	0.01206	0.02463	0.01790	0.01626	0.04529	0.01335	0.01091	0.00689	0.00578	0.00166	0.01086	0.00448	0.00347	0.00748
16	0.07434	0.09549	0.11770	0.08131	0.28205	0.06611	0.03306	0.08907	0.01605	0.03940	0.03784	0.01581	0.01131	0.00643	0.00601	0.00190	0.00780	0.00540	0.00372	0.00920
17	0.13016	0.01648	0.10489	0.01557	0.08488	0.01456	0.01271	0.23236	0.02013	0.27854	0.01734	0.01693	0.01179	0.00722	0.00610	0.00198	0.00661	0.00561	0.00591	0.01021
18	0.01029	0.00735	0.01027	0.01176	0.01319	0.00733	0.01019	0.01317	0.01475	0.01920	0.03428	0.10711	0.03746	0.01797	0.00889	0.00296	0.00584	0.65613	0.00595	0.00592
19	0.14378	0.01767	0.01781	0.07891	0.02103	0.07570	0.01199	0.49178	0.02497	0.03488	0.01374	0.01460	0.00997	0.00729	0.00604	0.00195	0.00728	0.00533	0.00553	0.00978
20	0.01639	0.05512	0.18573	0.02593	0.21746	0.10607	0.21958	0.03925	0.03433	0.02061	0.01236	0.01532	0.00961	0.00598	0.00654	0.00198	0.00940	0.00583	0.00329	0.00924
21	0.00795	0.00565	0.00748	0.00890	0.00926	0.00530	0.00590	0.00902	0.01222	0.01630	0.03486	0.73297	0.04179	0.05727	0.00946	0.00280	0.00387	0.01793	0.00590	0.00518
22	0.81856	0.01250	0.00950	0.00850	0.01250	0.01449	0.00700	0.01899	0.01100	0.02899	0.00900	0.01050	0.00700	0.00600	0.00400	0.00200	0.00500	0.00350	0.00400	0.00700
23	0.00809	0.00621	0.00733	0.00777	0.00909	0.00554	0.00551	0.00977	0.01440	0.01863	0.18685	0.31502	0.32026	0.04439	0.00876	0.00246	0.00351	0.01481	0.00615	0.00545
24	0.01342	0.01312	0.02201	0.25636	0.19115	0.03484	0.14551	0.01797	0.05370	0.01892	0.01711	0.15387	0.01603	0.00875	0.00698	0.00218	0.00783	0.00844	0.00381	0.00800
25	0.01533	0.01723	0.12782	0.17543	0.29017	0.01506	0.06373	0.08541	0.03965	0.02212	0.01274	0.01600	0.00992	0.00615	0.00633	0.00193	0.00797	0.00563	0.00355	0.07784
26	0.01913	0.54700	0.05048	0.01241	0.01786	0.05926	0.01178	0.17614	0.01730	0.02116	0.01059	0.01169	0.00890	0.00611	0.00481	0.00154	0.00726	0.00406	0.00363	0.00890
27	0.01727	0.77681	0.03386	0.01106	0.01658	0.02557	0.01106	0.01935	0.01313	0.01520	0.00898	0.01036	0.00829	0.00553	0.00415	0.00138	0.00691	0.00345	0.00276	0.00829
28	0.00923	0.00769	0.00820	0.00787	0.01016	0.00722	0.00596	0.01371	0.12475	0.02056	0.18674	0.05362	0.49167	0.01458	0.00747	0.00215	0.00351	0.01228	0.00630	0.00632
29	0.00787	0.00562	0.00750	0.00900	0.00937	0.00525	0.00600	0.00900	0.01237	0.01649	0.03561	0.76871	0.04274	0.02024	0.00825	0.00262	0.00375	0.01837	0.00600	0.00525
30	0.00902	0.00655	0.00850	0.00812	0.00960	0.00603	0.00605	0.01192	0.01785	0.02511	0.66855	0.08693	0.08410	0.01370	0.00765	0.00207	0.00309	0.01211	0.00701	0.00603
31	0.00914	0.00660	0.00864	0.00813	0.00965	0.00610	0.00610	0.01219	0.01829	0.02591	0.72921	0.04827	0.06097	0.01321	0.00762	0.00203	0.00305	0.01169	0.00711	0.00610
32	0.00923	0.00692	0.01038	0.01038	0.01154	0.00808	0.00808	0.01154	0.01038	0.01500	0.01731	0.02538	0.01615	0.04846	0.74732	0.01038	0.01731	0.00692	0.00346	0.00577
33	0.01727	0.77681	0.03386	0.01106	0.01658	0.02557	0.01106	0.01935	0.01313	0.01520	0.00898	0.01036	0.00829	0.00553	0.00415	0.00138	0.00691	0.00345	0.00276	0.00829
34	0.01247	0.01165	0.01904	0.70507	0.04255	0.01448	0.01740	0.01776	0.06270	0.01725	0.01253	0.01771	0.00939	0.00662	0.00647	0.00216	0.00837	0.00585	0.00313	0.00739
35	0.01061	0.00860	0.00825	0.00794	0.01011	0.06387	0.00596	0.01258	0.01556	0.05700	0.15854	0.08873	0.44531	0.01426	0.00725	0.00209	0.00402	0.01194	0.06135	0.00604
36	0.66433	0.01530	0.04948	0.01004	0.01437	0.06735	0.00865	0.06721	0.01299	0.02840	0.00965	0.01109	0.00743	0.00617	0.00441	0.00197	0.00586	0.00377	0.00405	0.00744
37	0.02315	0.02919	0.01768	0.01609	0.01938	0.69080	0.01208	0.02536	0.04104	0.01625	0.01294	0.01426	0.04021	0.00715	0.00593	0.00170	0.01107	0.00468	0.00355	0.00749
38	0.00940	0.00626	0.00705	0.00705	0.00705	0.00626	0.00392	0.00940	0.00940	0.01253	0.02036	0.04228	0.02349	0.77292	0.03289	0.00626	0.00626	0.00940	0.00392	0.00392
39	0.02456	0.01810	0.01939	0.01487	0.02004	0.02004	0.01228	0.71107	0.03038	0.04072	0.01551	0.01551	0.01099	0.00776	0.00646	0.00194	0.00711	0.00582	0.00646	0.01099
40	0.08223	0.01203	0.01520	0.01173	0.01669	0.01122	0.00969	0.11956	0.01954	0.59770	0.02306	0.02036	0.01473	0.00783	0.00632	0.00199	0.00567	0.00620	0.00752	0.01072
41	0.01556	0.01276	0.01456	0.01059	0.01623	0.01082	0.00855	0.15067	0.01668	0.02486	0.01226	0.01381	0.00984	0.00536	0.00511	0.00115	0.00523	0.00421	0.00434	0.65740
42	0.01220	0.01148	0.01938	0.75739	0.04450	0.01436	0.01794	0.01651	0.01292	0.01651	0.01148	0.01723	0.00861	0.00646	0.00646	0.00215	0.00861	0.00574	0.00287	0.00718
43	0.01437	0.00686	0.00770	0.00710	0.00915	0.00657	0.00546	0.01731	0.01482	0.13524	0.09700	0.02633	0.02119	0.00820	0.00515	0.00164	0.00340	0.00670	0.59900	0.00680
44	0.02899	0.01100	0.01499	0.01150	0.01649	0.00950	0.00950	0.03149	0.01849	0.73709	0.02549	0.02199	0.01599	0.00800	0.00650	0.00200	0.00550	0.00650	0.00800	0.01100
45	0.01105	0.00561	0.00837	0.00845	0.00847	0.00559	0.00563	0.00845	0.00863	0.01150	0.01252	0.05933	0.01289	0.02233	0.02435	0.76913	0.00551	0.00629	0.00297	0.00294
46	0.01536	0.01470	0.06409	0.01315	0.01706	0.01528	0.01087	0.03179	0.62194	0.02650	0.07561	0.02512	0.02188	0.00890	0.00662	0.00217	0.00527	0.00744	0.00635	0.00988
47	0.00808	0.00580	0.00735	0.00850	0.00897	0.00542	0.00560	0.00908	0.01212	0.01598	0.03581	0.60165	0.09682	0.13234	0.01188	0.00313	0.00408	0.01664	0.00569	0.00507
48	0.20286	0.01289	0.01453	0.01272	0.04717	0.01349	0.00979	0.11340	0.16616	0.28815	0.04070	0.01954	0.01519	0.00773	0.00597	0.00203	0.00553	0.00602	0.00637	0.00975
49	0.00980	0.00751	0.00920	0.00957	0.01105	0.00750	0.00711	0.01449	0.13136	0.02102	0.21312	0.32931	0.09947	0.01598	0.00783	0.00240	0.00399	0.08653	0.00637	0.00638
50	0.00925	0.00631	0.00763	0.00815	0.00844	0.00624	0.00528	0.00991	0.01079	0.01431	0.02537	0.18760	0.02925	0.51488	0.02455	0.00507	0.00573	0.11212	0.00462	0.00448
51	0.77970	0.01351	0.04471	0.00898	0.01324	0.01452	0.00781	0.01906	0.01112	0.02858	0.00912	0.01065	0.00705	0.00600	0.00410	0.00200	0.00522	0.00356	0.00394	0.00712
52	0.01414	0.01414	0.01979	0.01696	0.01696	0.01979	0.01414	0.01555	0.00990	0.01555	0.00848	0.01414	0.00848	0.01131	0.02120	0.00283	0.76110	0.00565	0.00283	0.00707
53	0.01571	0.05533	0.13387	0.01627	0.09274	0.03740	0.05449	0.10812	0.01595	0.02291	0.01195	0.01403	0.00949	0.00577	0.00592	0.00152	0.02379	0.00469	0.00381	0.36624
54	0.01634	0.05398	0.06534	0.01836	0.14097	0.08216	0.06556	0.10857	0.07926	0.02277	0.01483	0.05562	0.01257	0.00876	0.03841	0.00211	0.00761	0.00599	0.00419	0.19661
55	0.00894	0.00656	0.00837	0.00799	0.00954	0.00600	0.00597	0.01177	0.01771	0.02469	0.63467	0.07428	0.13183	0.01379	0.00764	0.00207	0.00310	0.01212	0.00696	0.00600
56	0.00940	0.00705	0.01034	0.04664	0.01251	0.00812	0.00796	0.01147	0.01037	0.01472	0.01746	0.02743	0.01685	0.15150	0.60722	0.00938	0.01528	0.00722	0.00350	0.00557
57	0.00787	0.00562	0.00750	0.00900	0.00937	0.00525	0.00600	0.00900	0.01237	0.01649	0.03561	0.76871	0.04274	0.02024	0.00825	0.00262	0.00375	0.01837	0.00600	0.00525
58	0.00805	0.00575	0.00771	0.00920	0.00966	0.00540	0.00631	0.00931	0.01255	0.01670	0.03551	0.71889	0.04234	0.02007	0.00830	0.00265	0.00391	0.06639	0.00599	0.00530
59	0.02258	0.02752	0.01759	0.01597	0.01936	0.60560	0.01205	0.02745	0.15422	0.01798	0.01314	0.01406	0.01053	0.00707	0.00597	0.00177	0.01039	0.00477	0.00396	0.00802
60	0.13548	0.05883	0.01792	0.01498	0.01879	0.50001	0.01162	0.13070	0.01893	0.02150	0.01066	0.01203	0.00855	0.00669	0.00559	0.00174	0.00981	0.00429	0.00388	0.00800
61	0.00926	0.00635	0.00775	0.00786	0.00812	0.00656	0.00490	0.00980	0.00980	0.01330	0.02079	0.08888	0.02333	0.57454	0.17572	0.00685	0.00832	0.00951	0.00397	0.00438
62	0.01956	0.02227	0.01865	0.01730	0.08099	0.39390	0.05383	0.05816	0.01710	0.01913	0.03052	0.03172	0.02815	0.00705	0.00642	0.00168	0.03109	0.00530	0.00377	0.15341
63	0.01626	0.01081	0.01640	0.01692	0.14132	0.01031	0.07781	0.04308	0.05357	0.19555	0.09183	0.19720	0.07812	0.01131	0.00718	0.00217	0.00564	0.01023	0.00588	0.00841
64	0.00913	0.00683	0.01018	0.01028	0.01138	0.00787	0.00793	0.01135	0.01053	0.01511	0.01863	0.07901	0.01807	0.04642	0.69399	0.00982	0.01633	0.00775	0.00364	0.00573
65	0.01501	0.01483	0.04264	0.07816	0.57111	0.01445	0.04948	0.01896	0.01486	0.02110	0.06409	0.01995	0.01444	0.00666	0.00661	0.00198	0.00754	0.02504	0.00353	0.00955
66	0.01653	0.04367	0.26355	0.06510	0.18522	0.04032	0.12079	0.05133	0.01544	0.09663	0.01402	0.03390	0.01070	0.00658	0.00647	0.00202	0.00860	0.00597	0.00374	0.00945

[dist]
# distance from previous block
# <min> <max>
0	1

[block]
# block no. 5 follows, 34 sequences, length 17
# corresponding to MSA columns:
# 139-155
name=unknown_F
#
# <colnr> <probs for GDERKNQSTAVLIFYWHMCP>
#	G	D	E	R	K	N	Q	S	T	A	V	L	I	F	Y	W	H	M	C	P
0	0.01623	0.01527	0.16700	0.01367	0.01810	0.01116	0.06364	0.11460	0.01678	0.16643	0.04468	0.23491	0.02310	0.03072	0.00778	0.00233	0.00644	0.03322	0.00555	0.00838
1	0.55972	0.01712	0.04312	0.01333	0.08065	0.15441	0.00993	0.02043	0.01284	0.02540	0.00958	0.01135	0.00760	0.00611	0.00466	0.00193	0.00670	0.00389	0.00374	0.00750
2	0.05725	0.00723	0.00967	0.00976	0.01083	0.00812	0.00730	0.01136	0.01086	0.01598	0.02237	0.16169	0.05500	0.11348	0.42946	0.00735	0.04329	0.00931	0.00409	0.00559
3	0.01392	0.01184	0.01367	0.00994	0.01555	0.00939	0.00795	0.04143	0.04968	0.02204	0.01237	0.01401	0.01013	0.00509	0.00493	0.00105	0.00488	0.00407	0.00406	0.74398
4	0.00850	0.00637	0.00793	0.00863	0.00969	0.00598	0.00605	0.01093	0.04790	0.01916	0.18785	0.46948	0.15236	0.01759	0.00794	0.00241	0.00359	0.01568	0.00626	0.00570
5	0.01567	0.47989	0.28011	0.01443	0.02141	0.02143	0.05018	0.01980	0.01341	0.01731	0.01010	0.01186	0.00833	0.00574	0.00501	0.00165	0.00803	0.00412	0.00278	0.00875
6	0.01748	0.04859	0.01769	0.01437	0.01817	0.09546	0.05226	0.11091	0.42222	0.02556	0.02262	0.02199	0.04829	0.00856	0.00723	0.00210	0.04453	0.00685	0.00564	0.00947
7	0.06724	0.11047	0.01901	0.01506	0.07344	0.01777	0.01142	0.22193	0.28959	0.07919	0.01888	0.01836	0.01405	0.00762	0.00607	0.00197	0.00613	0.00600	0.00575	0.01006
8	0.01513	0.01556	0.07782	0.09260	0.34499	0.01427	0.04788	0.05344	0.09220	0.02244	0.04880	0.01810	0.01338	0.00650	0.00632	0.00188	0.00715	0.00598	0.00393	0.11164
9	0.01121	0.00957	0.01482	0.19935	0.10936	0.01001	0.04007	0.01498	0.03583	0.02166	0.32486	0.03587	0.07830	0.01076	0.00760	0.01998	0.00558	0.03802	0.00518	0.00699
10	0.01734	0.08429	0.09946	0.01515	0.06063	0.06035	0.01244	0.07520	0.36342	0.07197	0.02094	0.05730	0.01646	0.00833	0.00633	0.00205	0.00642	0.00680	0.00546	0.00967
11	0.06806	0.04424	0.03512	0.01831	0.15551	0.06394	0.01268	0.21099	0.14639	0.12447	0.04362	0.01846	0.01437	0.00749	0.00624	0.00196	0.00671	0.00603	0.00551	0.00993
12	0.01013	0.08651	0.07207	0.00931	0.01108	0.00878	0.00749	0.01168	0.01204	0.01623	0.10553	0.20864	0.04666	0.25105	0.07158	0.04425	0.00635	0.01055	0.00453	0.00553
13	0.02140	0.01653	0.01761	0.01423	0.01883	0.01856	0.01152	0.45873	0.28787	0.03562	0.01953	0.01872	0.01425	0.00813	0.00651	0.00203	0.00637	0.00637	0.00651	0.01070
14	0.03225	0.04280	0.14160	0.04432	0.01978	0.04203	0.04350	0.03442	0.03754	0.02105	0.01256	0.03263	0.01034	0.00584	0.00541	0.00143	0.00646	0.00476	0.00372	0.45755
15	0.00916	0.00680	0.00950	0.00971	0.01044	0.00758	0.00708	0.01076	0.01059	0.01486	0.02134	0.18188	0.02276	0.17876	0.43188	0.00772	0.04007	0.00971	0.00405	0.00536
16	0.07578	0.01752	0.16630	0.01274	0.01881	0.03443	0.02807	0.07257	0.03836	0.04336	0.01244	0.01405	0.00966	0.00585	0.00577	0.00151	0.02577	0.00449	0.00397	0.40856

[dist]
# distance from previous block
# <min> <max>
1	2

[block]
# block no. 6 follows, 34 sequences, length 29
# corresponding to MSA columns:
# 158-186
name=unknown_G
#
# <colnr> <probs for GDERKNQSTAVLIFYWHMCP>
#	G	D	E	R	K	N	Q	S	T	A	V	L	I	F	Y	W	H	M	C	P
0	0.02030	0.05945	0.01805	0.01387	0.01837	0.01855	0.01128	0.36474	0.34256	0.03306	0.02003	0.01912	0.01480	0.00809	0.00638	0.00202	0.00619	0.00636	0.00630	0.01049
1	0.01658	0.18722	0.15427	0.01816	0.10737	0.07536	0.04381	0.09627	0.04360	0.02118	0.05760	0.01612	0.01273	0.00744	0.00805	0.00196	0.11434	0.00546	0.00372	0.00877
2	0.00923	0.00692	0.01038	0.01038	0.01154	0.00808	0.00808	0.01154	0.01038	0.01500	0.01731	0.02538	0.01615	0.04846	0.74732	0.01038	0.01731	0.00692	0.00346	0.00577
3	0.01565	0.04557	0.20912	0.02100	0.20598	0.09334	0.01601	0.02248	0.13958	0.04608	0.06636	0.02110	0.05442	0.00765	0.00638	0.00198	0.00749	0.00639	0.00426	0.00917
4	0.02412	0.01673	0.01834	0.01415	0.01909	0.01819	0.01165	0.60341	0.02850	0.10936	0.05720	0.01803	0.01434	0.00809	0.00653	0.00195	0.00672	0.00622	0.00665	0.01071
5	0.04922	0.22019	0.05148	0.01356	0.01767	0.06173	0.05584	0.11108	0.11382	0.04333	0.01523	0.03217	0.01277	0.03237	0.00803	0.00207	0.07975	0.02027	0.05093	0.00847
6	0.01205	0.01279	0.08282	0.01317	0.06439	0.04009	0.03242	0.01874	0.17659	0.02247	0.22582	0.03679	0.18198	0.01257	0.03654	0.00242	0.00569	0.00940	0.00563	0.00765
7	0.02071	0.41106	0.02655	0.01335	0.01825	0.20405	0.01170	0.18490	0.01851	0.02140	0.01078	0.01191	0.00894	0.00634	0.00511	0.00158	0.00814	0.00419	0.00378	0.00873
8	0.00982	0.00830	0.00962	0.01022	0.01069	0.05335	0.00716	0.01089	0.01210	0.01589	0.02897	0.54693	0.03422	0.10379	0.01248	0.00300	0.09697	0.01491	0.00521	0.00546
9	0.04916	0.01297	0.01761	0.15391	0.08833	0.01406	0.06297	0.12193	0.16887	0.10236	0.01944	0.02065	0.03336	0.00755	0.00628	0.00202	0.00646	0.00647	0.09660	0.00900
10	0.05140	0.13517	0.03982	0.01743	0.12026	0.03992	0.08066	0.17359	0.01826	0.11013	0.01730	0.01821	0.05756	0.00705	0.00599	0.00180	0.00698	0.00584	0.00471	0.08792
11	0.01556	0.16446	0.29062	0.02373	0.22476	0.01752	0.09026	0.06199	0.01503	0.02092	0.01166	0.01420	0.00912	0.00594	0.00601	0.00189	0.00852	0.00516	0.00315	0.00951
12	0.01494	0.05248	0.44259	0.03927	0.04805	0.09889	0.17231	0.02097	0.01452	0.01973	0.01167	0.01430	0.00863	0.00602	0.00638	0.00201	0.00992	0.00534	0.00293	0.00905
13	0.00968	0.00764	0.00885	0.00837	0.01040	0.00735	0.00633	0.01450	0.11935	0.02344	0.42036	0.04909	0.26326	0.01355	0.00747	0.00210	0.00342	0.01166	0.00669	0.00650
14	0.00886	0.00659	0.00825	0.00783	0.00948	0.00598	0.00587	0.01165	0.01762	0.02433	0.60500	0.05087	0.18616	0.01380	0.00762	0.00206	0.00309	0.01205	0.00690	0.00598
15	0.06592	0.16241	0.02020	0.01299	0.01773	0.01895	0.01098	0.35464	0.11386	0.03066	0.03847	0.01625	0.01286	0.00742	0.00623	0.00182	0.02833	0.00547	0.00534	0.06947
16	0.00929	0.00668	0.00916	0.00916	0.00990	0.00741	0.00655	0.01075	0.01002	0.01410	0.01842	0.03157	0.01884	0.31350	0.48594	0.00888	0.01327	0.00783	0.00363	0.00509
17	0.01393	0.17153	0.56973	0.01816	0.06311	0.01700	0.02126	0.02022	0.01360	0.01951	0.01114	0.01315	0.00831	0.00600	0.00578	0.00192	0.00896	0.00458	0.00276	0.00935
18	0.01593	0.13319	0.33143	0.01746	0.04170	0.06434	0.10078	0.05062	0.07991	0.04952	0.01375	0.01614	0.01059	0.03852	0.00721	0.00212	0.00861	0.00545	0.00362	0.00909
19	0.00910	0.00671	0.00877	0.00997	0.01125	0.00638	0.00799	0.01125	0.01409	0.01811	0.04080	0.28094	0.17555	0.01828	0.00847	0.00271	0.00476	0.35326	0.00597	0.00564
20	0.01068	0.00876	0.01277	0.01164	0.01328	0.00889	0.08964	0.04112	0.05405	0.01904	0.10450	0.32124	0.06051	0.13573	0.01256	0.00304	0.04619	0.03482	0.00534	0.00618
21	0.01666	0.04855	0.21587	0.02307	0.18827	0.11363	0.10785	0.07763	0.01586	0.02127	0.01175	0.01447	0.00923	0.00636	0.00710	0.00193	0.05254	0.00533	0.00337	0.05928
22	0.00827	0.00617	0.00829	0.00951	0.00986	0.00618	0.00652	0.00942	0.01221	0.01643	0.03387	0.72034	0.04054	0.01967	0.00908	0.00264	0.05230	0.01755	0.00579	0.00536
23	0.00909	0.00656	0.00859	0.00817	0.00964	0.00606	0.00609	0.01206	0.01804	0.02552	0.70013	0.07847	0.06020	0.01350	0.00765	0.00206	0.00308	0.01197	0.00707	0.00606
24	0.01626	0.02036	0.18321	0.07413	0.27373	0.04635	0.14388	0.09868	0.03943	0.02279	0.01291	0.01585	0.00992	0.00619	0.00656	0.00201	0.00875	0.00587	0.00357	0.00958
25	0.02135	0.09301	0.02028	0.05830	0.05798	0.10747	0.01260	0.35189	0.11651	0.05264	0.01535	0.01598	0.01148	0.00747	0.00658	0.00192	0.02849	0.00559	0.00530	0.00983
26	0.55767	0.07680	0.06000	0.01136	0.03147	0.13349	0.00958	0.02023	0.01260	0.02506	0.00939	0.01100	0.00746	0.00607	0.00450	0.00190	0.00657	0.00374	0.00369	0.00742
27	0.01545	0.18375	0.38407	0.01759	0.06591	0.04234	0.04692	0.02242	0.09839	0.04480	0.01332	0.01472	0.01005	0.00636	0.00585	0.00191	0.00834	0.00502	0.00345	0.00935
28	0.00799	0.00596	0.00718	0.00808	0.00891	0.00543	0.00544	0.00912	0.01267	0.01628	0.04206	0.48433	0.23144	0.11033	0.01106	0.00294	0.00392	0.01597	0.00575	0.00514

[dist]
# distance from previous block
# <min> <max>
0	2

[block]
# block no. 7 follows, 34 sequences, length 23
# corresponding to MSA columns:
# 189-211
name=unknown_H
#
# <colnr> <probs for GDERKNQSTAVLIFYWHMCP>
#	G	D	E	R	K	N	Q	S	T	A	V	L	I	F	Y	W	H	M	C	P
0	0.09305	0.05999	0.02379	0.04649	0.41536	0.03470	0.06628	0.08537	0.01588	0.04075	0.01344	0.03723	0.01139	0.00669	0.00623	0.00196	0.00748	0.02069	0.00382	0.00942
1	0.01697	0.09497	0.05639	0.10614	0.33446	0.16091	0.01685	0.02015	0.01448	0.01833	0.01090	0.01439	0.00920	0.00662	0.00770	0.00195	0.09255	0.00515	0.00308	0.00879
2	0.00911	0.00675	0.00932	0.00932	0.01033	0.00745	0.00691	0.01088	0.01059	0.01472	0.02251	0.03240	0.08539	0.19651	0.52816	0.00875	0.01367	0.00808	0.00380	0.00535
3	0.02297	0.02904	0.02091	0.01803	0.02178	0.65129	0.10373	0.02513	0.01791	0.01645	0.01039	0.01241	0.00852	0.00650	0.00606	0.00173	0.01155	0.00462	0.00332	0.00765
4	0.01195	0.00696	0.00905	0.00872	0.01021	0.00642	0.00623	0.01385	0.01515	0.13284	0.30301	0.24607	0.04241	0.14313	0.01190	0.00291	0.00418	0.01236	0.00640	0.00626
5	0.00926	0.00635	0.00750	0.00752	0.00782	0.00639	0.00460	0.00979	0.01035	0.01394	0.06765	0.06407	0.04948	0.59764	0.10615	0.00618	0.00706	0.00970	0.00421	0.00435
6	0.01727	0.77681	0.03386	0.01106	0.01658	0.02557	0.01106	0.01935	0.01313	0.01520	0.00898	0.01036	0.00829	0.00553	0.00415	0.00138	0.00691	0.00345	0.00276	0.00829
7	0.02748	0.01071	0.01462	0.01153	0.01624	0.00933	0.00957	0.03001	0.01820	0.67861	0.02620	0.02614	0.01772	0.00880	0.00670	0.00208	0.00553	0.06211	0.00783	0.01059
8	0.01220	0.01148	0.01938	0.75739	0.04450	0.01436	0.01794	0.01651	0.01292	0.01651	0.01148	0.01723	0.00861	0.00646	0.00646	0.00215	0.00861	0.00574	0.00287	0.00718
9	0.02284	0.01445	0.01647	0.01295	0.01765	0.01505	0.01056	0.34919	0.11850	0.22098	0.06952	0.02056	0.01692	0.00816	0.00647	0.00194	0.00599	0.00649	0.00677	0.05855
10	0.01050	0.01113	0.08232	0.01074	0.01244	0.07712	0.00856	0.01259	0.02975	0.01679	0.04640	0.46266	0.03159	0.04470	0.06152	0.05067	0.00624	0.01335	0.00503	0.00588
11	0.27249	0.15173	0.06859	0.01156	0.01688	0.04634	0.05082	0.01942	0.01318	0.05795	0.01098	0.01254	0.00870	0.00568	0.00481	0.00160	0.00626	0.00409	0.00377	0.23264
12	0.01220	0.01148	0.01938	0.75739	0.04450	0.01436	0.01794	0.01651	0.01292	0.01651	0.01148	0.01723	0.00861	0.00646	0.00646	0.00215	0.00861	0.00574	0.00287	0.00718
13	0.00938	0.00631	0.00728	0.00728	0.00736	0.00639	0.00421	0.00955	0.00947	0.01270	0.02014	0.04110	0.02298	0.72201	0.08309	0.00655	0.00704	0.00922	0.00388	0.00405
14	0.01493	0.06267	0.26050	0.01569	0.06791	0.01356	0.01470	0.02289	0.19112	0.09559	0.02097	0.15429	0.01831	0.00949	0.00657	0.00214	0.00668	0.00805	0.00487	0.00906
15	0.77381	0.01241	0.00981	0.00867	0.01272	0.01421	0.00714	0.01970	0.01142	0.06913	0.00993	0.01115	0.00751	0.00611	0.00414	0.00200	0.00503	0.00367	0.00423	0.00722
16	0.01499	0.03988	0.27890	0.07801	0.19927	0.02967	0.03478	0.07380	0.09123	0.02273	0.06238	0.01808	0.01381	0.00693	0.00638	0.00201	0.00792	0.00593	0.00388	0.00939
17	0.02062	0.10174	0.16571	0.01224	0.01759	0.01182	0.01201	0.02420	0.01684	0.37329	0.15304	0.02389	0.02196	0.00831	0.00637	0.00195	0.00604	0.00677	0.00615	0.00947
18	0.01500	0.08813	0.01553	0.00998	0.01545	0.01057	0.00820	0.03653	0.01416	0.07117	0.01315	0.03936	0.01106	0.00569	0.00501	0.00116	0.00508	0.00453	0.00416	0.62609
19	0.01492	0.09174	0.60936	0.01712	0.02589	0.01531	0.02139	0.02148	0.01409	0.09185	0.01278	0.01421	0.00898	0.00628	0.00601	0.00199	0.00893	0.00484	0.00326	0.00959
20	0.09409	0.01159	0.01301	0.00946	0.01503	0.00920	0.00759	0.01654	0.01316	0.02185	0.01124	0.01311	0.00931	0.00491	0.00471	0.00106	0.00481	0.00380	0.00385	0.73171
21	0.01388	0.01144	0.01894	0.68264	0.04170	0.01387	0.01710	0.01801	0.01348	0.08872	0.01289	0.01770	0.00935	0.00661	0.00646	0.00214	0.00830	0.00582	0.00338	0.00756
22	0.01548	0.01244	0.01477	0.01220	0.05655	0.01078	0.00909	0.06657	0.10696	0.06162	0.01447	0.01554	0.01137	0.00573	0.00531	0.00129	0.00519	0.00467	0.00455	0.56539

[dist]
# distance from previous block
# <min> <max>
0	1

[block]
# block no. 8 follows, 34 sequences, length 20
# corresponding to MSA columns:
# 213-232
name=unknown_I
#
# <colnr> <probs for GDERKNQSTAVLIFYWHMCP>
#	G	D	E	R	K	N	Q	S	T	A	V	L	I	F	Y	W	H	M	C	P
0	0.40786	0.17804	0.11932	0.01263	0.05527	0.05668	0.01127	0.01956	0.01254	0.02332	0.00971	0.01142	0.00782	0.00588	0.00460	0.00180	0.00654	0.00385	0.00347	0.04842
1	0.00840	0.00641	0.00778	0.00834	0.00967	0.00572	0.00596	0.01001	0.01370	0.01790	0.10535	0.39314	0.24326	0.04237	0.00869	0.00250	0.00381	0.05504	0.00592	0.04605
2	0.01751	0.01329	0.01569	0.04398	0.04156	0.01239	0.00992	0.17906	0.07504	0.08502	0.01479	0.01571	0.01123	0.00616	0.00558	0.00145	0.00566	0.00493	0.00494	0.43610
3	0.02391	0.01771	0.01904	0.01456	0.01976	0.01937	0.01201	0.67023	0.02938	0.03957	0.01528	0.01539	0.01090	0.00758	0.00637	0.00188	0.00697	0.00570	0.00631	0.05810
4	0.81856	0.01250	0.00950	0.00850	0.01250	0.01449	0.00700	0.01899	0.01100	0.02899	0.00900	0.01050	0.00700	0.00600	0.00400	0.00200	0.00500	0.00350	0.00400	0.00700
5	0.01414	0.01414	0.01979	0.01696	0.01696	0.01979	0.01414	0.01555	0.00990	0.01555	0.00848	0.01414	0.00848	0.01131	0.02120	0.00283	0.76110	0.00565	0.00283	0.00707
6	0.00824	0.00657	0.00738	0.00718	0.00910	0.00571	0.00539	0.01044	0.01616	0.02085	0.33158	0.05660	0.46175	0.01510	0.00763	0.00212	0.00318	0.01285	0.00645	0.00571
7	0.01543	0.01200	0.01440	0.01170	0.04762	0.01012	0.00886	0.09953	0.01578	0.06704	0.01474	0.05412	0.01266	0.00655	0.00546	0.00132	0.00522	0.02544	0.00454	0.56747
8	0.81856	0.01250	0.00950	0.00850	0.01250	0.01449	0.00700	0.01899	0.01100	0.02899	0.00900	0.01050	0.00700	0.00600	0.00400	0.00200	0.00500	0.00350	0.00400	0.00700
9	0.02253	0.01261	0.01499	0.01213	0.01636	0.01283	0.00976	0.18004	0.17566	0.33136	0.09721	0.02435	0.02064	0.03006	0.00736	0.00215	0.00553	0.00715	0.00714	0.01011
10	0.01625	0.04447	0.03520	0.02654	0.08605	0.05591	0.56443	0.05016	0.01594	0.02113	0.01280	0.01668	0.00976	0.00564	0.00726	0.00209	0.01039	0.00707	0.00338	0.00885
11	0.01614	0.01311	0.01487	0.01087	0.01647	0.01142	0.00879	0.18692	0.01757	0.02589	0.01247	0.01392	0.00992	0.00551	0.00520	0.00120	0.00536	0.00432	0.00448	0.61558
12	0.00819	0.00582	0.00774	0.00915	0.00961	0.00550	0.00628	0.00942	0.01244	0.01654	0.03466	0.66620	0.04119	0.06097	0.00965	0.00285	0.00408	0.07860	0.00588	0.00524
13	0.01340	0.01148	0.01340	0.00957	0.01531	0.00861	0.00766	0.01627	0.01340	0.02105	0.01148	0.01340	0.00957	0.00479	0.00479	0.00096	0.00479	0.00383	0.00383	0.81242
14	0.00934	0.00649	0.00820	0.00820	0.00859	0.00689	0.00535	0.01013	0.00974	0.01338	0.01931	0.03646	0.02096	0.52328	0.27907	0.00768	0.01007	0.00854	0.00376	0.00455
15	0.11916	0.01304	0.01400	0.01333	0.06687	0.05353	0.00968	0.04463	0.22338	0.10330	0.04254	0.04103	0.03615	0.03369	0.00701	0.00209	0.00564	0.04087	0.00545	0.12459
16	0.06465	0.12747	0.42473	0.01634	0.04224	0.03568	0.01820	0.07946	0.03409	0.06070	0.01268	0.01421	0.00935	0.00742	0.02435	0.00214	0.00857	0.00483	0.00356	0.00931
17	0.00911	0.00680	0.00852	0.00854	0.00995	0.00644	0.00622	0.01247	0.06078	0.02269	0.43878	0.24144	0.11372	0.01510	0.00772	0.00221	0.00339	0.01338	0.00668	0.00607
18	0.00787	0.00562	0.00750	0.00900	0.00937	0.00525	0.00600	0.00900	0.01237	0.01649	0.03561	0.76871	0.04274	0.02024	0.00825	0.00262	0.00375	0.01837	0.00600	0.00525
19	0.01721	0.31659	0.14718	0.01309	0.01818	0.13365	0.01273	0.04139	0.03272	0.06373	0.06685	0.03889	0.01457	0.00947	0.04585	0.00219	0.00817	0.00541	0.00385	0.00829

[dist]
# distance from previous block
# <min> <max>
0	8

[block]
# block no. 9 follows, 34 sequences, length 23
# corresponding to MSA columns:
# 241-263
name=unknown_J
#
# <colnr> <probs for GDERKNQSTAVLIFYWHMCP>
#	G	D	E	R	K	N	Q	S	T	A	V	L	I	F	Y	W	H	M	C	P
0	0.06899	0.24064	0.06527	0.01300	0.01752	0.06945	0.03357	0.10905	0.19977	0.02275	0.01604	0.04199	0.01335	0.03600	0.00707	0.01973	0.00681	0.00579	0.00450	0.00870
1	0.35575	0.01431	0.01830	0.02336	0.33077	0.04344	0.04208	0.01916	0.01318	0.02397	0.01205	0.05468	0.01055	0.00667	0.00551	0.00199	0.00662	0.00550	0.00370	0.00842
2	0.01857	0.01375	0.04267	0.01253	0.01633	0.05972	0.03328	0.07883	0.25612	0.18240	0.05725	0.07978	0.02014	0.00914	0.00649	0.00205	0.00572	0.00765	0.08839	0.00919
3	0.00916	0.00646	0.00844	0.00861	0.00912	0.00688	0.00582	0.01021	0.01013	0.01397	0.02086	0.11796	0.02273	0.39639	0.31714	0.00751	0.01042	0.00942	0.00397	0.00481
4	0.01528	0.09459	0.07157	0.01120	0.01706	0.01261	0.00993	0.10470	0.04311	0.02309	0.01231	0.01378	0.00990	0.00549	0.00510	0.00126	0.00568	0.00425	0.00407	0.53504
5	0.01769	0.08276	0.33766	0.01736	0.02450	0.04360	0.08645	0.23925	0.04391	0.02655	0.01324	0.01465	0.00965	0.00664	0.00624	0.00197	0.00863	0.00535	0.00412	0.00978
6	0.01961	0.34199	0.04805	0.01317	0.01814	0.10741	0.01172	0.17292	0.14547	0.04193	0.01416	0.01452	0.01114	0.00681	0.00541	0.00172	0.00724	0.00487	0.00446	0.00924
7	0.05236	0.01463	0.07180	0.05881	0.04888	0.03786	0.03407	0.08887	0.09505	0.11119	0.07462	0.02020	0.01611	0.00725	0.00604	0.00175	0.00619	0.01945	0.00502	0.22985
8	0.01515	0.08697	0.47207	0.01627	0.03931	0.01446	0.01864	0.03819	0.03347	0.10321	0.05897	0.04633	0.01414	0.00739	0.00622	0.00201	0.00802	0.00594	0.00394	0.00930
9	0.06959	0.08024	0.19478	0.05069	0.12991	0.01487	0.01504	0.05898	0.11168	0.15752	0.01699	0.04407	0.01289	0.00734	0.00611	0.00200	0.00701	0.00599	0.00472	0.00957
10	0.01138	0.00843	0.01027	0.01094	0.01280	0.02947	0.00907	0.01504	0.06575	0.05137	0.06292	0.12220	0.13735	0.01624	0.00826	0.00266	0.00535	0.40804	0.00606	0.00640
11	0.01519	0.01480	0.06360	0.06770	0.25677	0.03519	0.12421	0.01860	0.01409	0.07764	0.01680	0.14373	0.01567	0.00908	0.00861	0.00221	0.09546	0.00813	0.00399	0.00855
12	0.01828	0.04093	0.13170	0.02188	0.22450	0.08718	0.04601	0.08630	0.05567	0.12108	0.05214	0.03687	0.01458	0.00733	0.00638	0.00195	0.00754	0.00628	0.02393	0.00947
13	0.01419	0.01315	0.02117	0.17733	0.38225	0.01410	0.03223	0.01928	0.08778	0.02019	0.01609	0.09622	0.01440	0.00797	0.00711	0.00210	0.03324	0.00729	0.02508	0.00883
14	0.00808	0.00614	0.00736	0.00793	0.00912	0.00551	0.00557	0.00968	0.01414	0.01837	0.17001	0.37053	0.28109	0.04485	0.00882	0.00250	0.00355	0.01522	0.00612	0.00542
