[name]
unknown

[dist]
# distance from previous block
# <min> <max>
0	3

[block]
# block no. 0 follows, 34 sequences, length 23
# corresponding to MSA columns:
# 3-25
name=unknown_A
#
# <colnr> <probs for GDERKNQSTAVLIFYWHMCP>
#	G	D	E	R	K	N	Q	S	T	A	V	L	I	F	Y	W	H	M	C	P
0	0.05336	0.01108	0.01434	0.01152	0.01599	0.01023	0.00942	0.05431	0.06998	0.56471	0.02553	0.06361	0.01812	0.00906	0.00661	0.00209	0.00544	0.03681	0.00750	0.01027
1	0.00916	0.00697	0.00750	0.00716	0.00953	0.00585	0.00541	0.01099	0.01507	0.05669	0.11318	0.08232	0.58191	0.01530	0.00747	0.00212	0.00346	0.01284	0.00610	0.04097
2	0.01468	0.04872	0.23113	0.05805	0.15235	0.01604	0.34362	0.02025	0.01453	0.02032	0.01228	0.01586	0.00932	0.00574	0.00682	0.00207	0.00972	0.00627	0.00307	0.00913
3	0.02120	0.01437	0.01611	0.01337	0.01766	0.01559	0.01086	0.28122	0.27626	0.16670	0.02281	0.02446	0.01720	0.00898	0.00671	0.00212	0.00599	0.06134	0.00675	0.01031
4	0.00797	0.00623	0.00725	0.00780	0.00921	0.00551	0.00561	0.00961	0.01424	0.01809	0.12679	0.32571	0.37802	0.01751	0.00790	0.00235	0.00351	0.03510	0.00612	0.00546
5	0.00820	0.00581	0.00765	0.00899	0.00941	0.00550	0.00608	0.00933	0.01224	0.01628	0.03397	0.64804	0.04041	0.09653	0.01080	0.00302	0.00415	0.06266	0.00578	0.00516
6	0.00824	0.00657	0.00738	0.00718	0.00910	0.00571	0.00539	0.01045	0.01616	0.02085	0.33186	0.05660	0.46147	0.01510	0.00763	0.00212	0.00318	0.01285	0.00645	0.00571
7	0.00778	0.00655	0.00674	0.00670	0.00882	0.00552	0.00502	0.00955	0.01507	0.01826	0.12864	0.06086	0.66630	0.01606	0.00764	0.00217	0.00325	0.01345	0.00611	0.00552
8	0.02414	0.03079	0.01831	0.01665	0.01998	0.74698	0.01248	0.02580	0.01831	0.01581	0.00999	0.01165	0.00832	0.00666	0.00583	0.00166	0.01165	0.00416	0.00333	0.00749
9	0.01584	0.01519	0.02595	0.06897	0.70452	0.01531	0.01975	0.01969	0.01464	0.02092	0.01213	0.01604	0.01017	0.00579	0.00640	0.00193	0.00771	0.00576	0.00318	0.01011
10	0.02456	0.01810	0.01939	0.01487	0.02004	0.02004	0.01228	0.71107	0.03038	0.04072	0.01551	0.01551	0.01099	0.00776	0.00646	0.00194	0.00711	0.00582	0.00646	0.01099
11	0.81856	0.01250	0.00950	0.00850	0.01250	0.01449	0.00700	0.01899	0.01100	0.02899	0.00900	0.01050	0.00700	0.00600	0.00400	0.00200	0.00500	0.00350	0.00400	0.00700
12	0.81856	0.01250	0.00950	0.00850	0.01250	0.01449	0.00700	0.01899	0.01100	0.02899	0.00900	0.01050	0.00700	0.00600	0.00400	0.00200	0.00500	0.00350	0.00400	0.00700
13	0.00787	0.00562	0.00750	0.00900	0.00937	0.00525	0.00600	0.00900	0.01237	0.01649	0.03561	0.76871	0.04274	0.02024	0.00825	0.00262	0.00375	0.01837	0.00600	0.00525
14	0.00823	0.00654	0.00739	0.00725	0.00911	0.00570	0.00541	0.01040	0.01603	0.02071	0.32246	0.08105	0.44630	0.01527	0.00765	0.00214	0.00320	0.01304	0.00643	0.00570
15	0.00923	0.00692	0.01038	0.01038	0.01154	0.00808	0.00808	0.01154	0.01038	0.01500	0.01731	0.02538	0.01615	0.04846	0.74732	0.01038	0.01731	0.00692	0.00346	0.00577
16	0.01564	0.01698	0.02667	0.04516	0.09359	0.09006	0.25757	0.01881	0.01316	0.01794	0.01068	0.01532	0.00910	0.00811	0.01305	0.00238	0.32852	0.00621	0.00307	0.00800
17	0.01276	0.01212	0.02009	0.61419	0.10871	0.01499	0.01775	0.01674	0.01279	0.01686	0.01125	0.01680	0.00876	0.00687	0.00792	0.00220	0.08310	0.00573	0.00290	0.00746
18	0.02144	0.27501	0.05519	0.01468	0.01922	0.39379	0.01249	0.10226	0.01779	0.01868	0.01036	0.01176	0.00861	0.00639	0.00536	0.00162	0.00948	0.00415	0.00348	0.00825
19	0.00916	0.00619	0.00724	0.00747	0.00757	0.00618	0.00439	0.00942	0.00988	0.01322	0.02254	0.15119	0.02611	0.63181	0.05639	0.00587	0.00631	0.01066	0.00421	0.00419
20	0.03989	0.05926	0.10324	0.01209	0.01604	0.07897	0.01064	0.11726	0.13456	0.05046	0.05955	0.12487	0.14507	0.01086	0.00667	0.00208	0.00605	0.00890	0.00540	0.00814
21	0.11435	0.11783	0.15625	0.01322	0.01882	0.15420	0.01252	0.04626	0.03674	0.11389	0.01301	0.01389	0.00979	0.00628	0.00540	0.00169	0.00749	0.00451	0.00412	0.14974
22	0.05337	0.19075	0.09035	0.01434	0.06871	0.04916	0.01205	0.13763	0.05103	0.08378	0.04465	0.01582	0.01253	0.00662	0.00553	0.00167	0.00665	0.00504	0.00449	0.14582

[dist]
# distance from previous block
# <min> <max>
0	14

[block]
# block no. 1 follows, 34 sequences, length 34
# corresponding to MSA columns:
# 40-73
name=unknown_B
#
# <colnr> <probs for GDERKNQSTAVLIFYWHMCP>
#	G	D	E	R	K	N	Q	S	T	A	V	L	I	F	Y	W	H	M	C	P
0	0.14867	0.01837	0.11460	0.01720	0.07609	0.08114	0.09955	0.08783	0.08744	0.05614	0.01353	0.01523	0.01032	0.00676	0.00693	0.00195	0.05789	0.00534	0.00420	0.09082
1	0.08559	0.01476	0.02194	0.13027	0.32425	0.01590	0.05090	0.12375	0.05127	0.04108	0.01314	0.01609	0.01031	0.00666	0.00709	0.00202	0.04999	0.00572	0.00399	0.02528
2	0.00901	0.00673	0.00929	0.01121	0.04914	0.00634	0.00764	0.01070	0.01301	0.01746	0.03310	0.56687	0.03859	0.01838	0.00813	0.00258	0.00441	0.14293	0.00575	0.03872
3	0.02316	0.02544	0.01808	0.01574	0.01956	0.47213	0.01213	0.19340	0.11572	0.02337	0.01352	0.01426	0.01050	0.00721	0.00608	0.00180	0.00967	0.00499	0.00453	0.00871
4	0.11199	0.01748	0.01830	0.01417	0.01921	0.01943	0.01170	0.63487	0.02825	0.03943	0.01480	0.01496	0.01055	0.00756	0.00619	0.00195	0.00688	0.00556	0.00619	0.01055
5	0.02414	0.03079	0.01831	0.01665	0.01998	0.74698	0.01248	0.02580	0.01831	0.01581	0.00999	0.01165	0.00832	0.00666	0.00583	0.00166	0.01165	0.00416	0.00333	0.00749
6	0.01541	0.45621	0.33816	0.01423	0.02149	0.02101	0.01658	0.01983	0.01335	0.01747	0.01011	0.01178	0.00825	0.00579	0.00501	0.00167	0.00805	0.00402	0.00275	0.00883
7	0.00928	0.00699	0.01024	0.01026	0.01126	0.00809	0.00784	0.01134	0.01044	0.01496	0.01851	0.07691	0.01822	0.09141	0.63140	0.00938	0.03634	0.00783	0.00365	0.00565
8	0.00787	0.00562	0.00750	0.00900	0.00937	0.00525	0.00600	0.00900	0.01237	0.01649	0.03561	0.76871	0.04274	0.02024	0.00825	0.00262	0.00375	0.01837	0.00600	0.00525
9	0.00775	0.00655	0.00670	0.00667	0.00880	0.00550	0.00500	0.00950	0.01500	0.01810	0.11598	0.06112	0.67907	0.01612	0.00764	0.00217	0.00326	0.01349	0.00608	0.00550
10	0.00794	0.00586	0.00732	0.00840	0.00913	0.00537	0.00568	0.00916	0.01282	0.01672	0.05910	0.57397	0.17501	0.05965	0.00943	0.00272	0.00377	0.01679	0.00592	0.00524
11	0.02899	0.01100	0.01499	0.01150	0.01649	0.00950	0.00950	0.03149	0.01849	0.73709	0.02549	0.02199	0.01599	0.00800	0.00650	0.00200	0.00550	0.00650	0.00800	0.01100
12	0.31806	0.01603	0.01573	0.01251	0.01725	0.01799	0.01033	0.45525	0.02321	0.03638	0.01310	0.01366	0.00951	0.00711	0.00555	0.00196	0.00633	0.00496	0.00555	0.00951
13	0.01558	0.01345	0.01414	0.01276	0.01633	0.01545	0.00992	0.03287	0.67958	0.02647	0.02859	0.02634	0.06133	0.00921	0.00664	0.00219	0.00501	0.00768	0.00654	0.00995
14	0.00793	0.00574	0.00750	0.00879	0.00935	0.00531	0.00593	0.00919	0.01285	0.01709	0.07670	0.68323	0.08731	0.01960	0.00817	0.00256	0.00368	0.01769	0.00606	0.00531
15	0.01434	0.01475	0.02321	0.01888	0.02010	0.01915	0.14373	0.01651	0.01089	0.01651	0.00934	0.01475	0.00873	0.01022	0.01867	0.00271	0.62121	0.00602	0.00291	0.00738
16	0.46358	0.01500	0.01392	0.01134	0.01587	0.01697	0.00936	0.32841	0.01966	0.03423	0.01191	0.01274	0.00878	0.00678	0.00510	0.00197	0.00594	0.00454	0.00510	0.00878
17	0.01163	0.00790	0.00974	0.00880	0.01096	0.00750	0.00674	0.05514	0.04739	0.07869	0.52985	0.04501	0.13008	0.01268	0.00743	0.00205	0.00358	0.01100	0.00699	0.00684
18	0.00912	0.00633	0.00736	0.00733	0.00784	0.00611	0.00455	0.00994	0.01183	0.01591	0.17131	0.08146	0.09208	0.51435	0.02430	0.00486	0.00522	0.01068	0.00486	0.00456
19	0.02899	0.01100	0.01499	0.01150	0.01649	0.00950	0.00950	0.03149	0.01849	0.73709	0.02549	0.02199	0.01599	0.00800	0.00650	0.00200	0.00550	0.00650	0.00800	0.01100
20	0.00764	0.00655	0.00655	0.00655	0.00873	0.00545	0.00491	0.00927	0.01473	0.01745	0.06546	0.06218	0.73000	0.01636	0.00764	0.00218	0.00327	0.01364	0.00600	0.00545
21	0.02713	0.01141	0.01498	0.01163	0.01641	0.01036	0.00956	0.08305	0.04415	0.62016	0.06247	0.02297	0.01815	0.00829	0.00656	0.00200	0.00548	0.00675	0.00778	0.01071
22	0.09475	0.01720	0.01805	0.01413	0.01906	0.01917	0.01161	0.58496	0.09419	0.03837	0.01595	0.01588	0.01146	0.00770	0.00625	0.00197	0.00673	0.00575	0.00625	0.01056
23	0.01525	0.01743	0.03813	0.02723	0.03377	0.01634	0.70915	0.02070	0.01525	0.02070	0.01307	0.01743	0.00980	0.00545	0.00763	0.00218	0.01089	0.00763	0.00327	0.00871
24	0.00788	0.00594	0.00729	0.00824	0.00920	0.00536	0.00569	0.00926	0.01338	0.01730	0.08339	0.52482	0.24140	0.01873	0.00804	0.00246	0.00357	0.01663	0.00606	0.00536
25	0.01665	0.01375	0.01463	0.01307	0.01679	0.01578	0.01019	0.03421	0.68930	0.05902	0.02626	0.02401	0.01956	0.00873	0.00657	0.00218	0.00513	0.00727	0.00664	0.01026
26	0.01340	0.01148	0.01340	0.00957	0.01531	0.00861	0.00766	0.01627	0.01340	0.02105	0.01148	0.01340	0.00957	0.00479	0.00479	0.00096	0.00479	0.00383	0.00383	0.81242
27	0.01542	0.01475	0.02504	0.09266	0.61432	0.01500	0.03758	0.01971	0.03725	0.02079	0.01334	0.04078	0.01146	0.00637	0.00650	0.00198	0.00763	0.00626	0.00337	0.00980
28	0.02810	0.01242	0.01588	0.01217	0.01720	0.01161	0.01006	0.16779	0.02088	0.59743	0.02349	0.02069	0.01499	0.00795	0.00649	0.00199	0.00582	0.00636	0.00769	0.01099
29	0.00805	0.00589	0.00757	0.00857	0.00934	0.00541	0.00589	0.00956	0.01362	0.01816	0.15328	0.56763	0.12596	0.01863	0.00807	0.00248	0.00358	0.01672	0.00618	0.00541
30	0.01533	0.01721	0.03686	0.02856	0.10814	0.01623	0.63579	0.02060	0.01519	0.02074	0.01297	0.01728	0.00985	0.00548	0.00749	0.00215	0.01055	0.00743	0.00326	0.00888
31	0.00783	0.00596	0.00722	0.00816	0.00917	0.00534	0.00564	0.00919	0.01334	0.01711	0.06749	0.51242	0.27036	0.01874	0.00803	0.00246	0.00357	0.01659	0.00603	0.00534
32	0.08581	0.04278	0.01869	0.01527	0.04197	0.11385	0.04008	0.31698	0.18116	0.05385	0.01660	0.01668	0.01229	0.00747	0.00618	0.00196	0.00720	0.00577	0.00557	0.00983
33	0.07008	0.01942	0.11740	0.04834	0.08662	0.10521	0.27070	0.04375	0.01573	0.09587	0.01338	0.01584	0.00989	0.00609	0.00651	0.00197	0.00904	0.00595	0.00386	0.05436

[dist]
# distance from previous block
# <min> <max>
2	88

[block]
# block no. 2 follows, 34 sequences, length 14
# corresponding to MSA columns:
# 162-175
name=unknown_C
#
# <colnr> <probs for GDERKNQSTAVLIFYWHMCP>
#	G	D	E	R	K	N	Q	S	T	A	V	L	I	F	Y	W	H	M	C	P
0	0.10387	0.00952	0.01232	0.01046	0.01375	0.00885	0.06945	0.01696	0.04444	0.14401	0.07513	0.14746	0.22891	0.01193	0.00685	0.00209	0.00479	0.01028	0.00579	0.07315
1	0.10445	0.23046	0.23245	0.01345	0.01945	0.10735	0.01397	0.06504	0.01496	0.02052	0.01480	0.01601	0.06408	0.00684	0.00538	0.00175	0.00767	0.00490	0.00351	0.05296
2	0.01632	0.08106	0.09318	0.01429	0.01755	0.17825	0.01236	0.06186	0.11864	0.01908	0.01430	0.01788	0.01218	0.04289	0.14755	0.00375	0.13148	0.00567	0.00385	0.00787
3	0.01643	0.05813	0.01720	0.01441	0.04781	0.01453	0.05105	0.12142	0.23490	0.08324	0.06450	0.14654	0.02195	0.01043	0.00793	0.00219	0.06399	0.00874	0.00575	0.00887
4	0.01192	0.00839	0.00970	0.00878	0.01127	0.00802	0.00676	0.05601	0.09152	0.08392	0.32297	0.04645	0.28313	0.01308	0.00735	0.00209	0.00379	0.01112	0.00671	0.00701
5	0.01505	0.01228	0.01702	0.01223	0.01801	0.00978	0.10646	0.01825	0.01411	0.08489	0.01296	0.01473	0.01018	0.00516	0.00534	0.00122	0.00571	0.00460	0.00412	0.62790
6	0.00960	0.00731	0.01032	0.01041	0.01166	0.00833	0.00796	0.01305	0.06902	0.01620	0.02066	0.13145	0.02024	0.04117	0.58093	0.00860	0.01437	0.00859	0.00408	0.00606
7	0.01031	0.00731	0.00856	0.00796	0.01008	0.00667	0.00611	0.01246	0.01596	0.08422	0.26740	0.05205	0.42379	0.01440	0.00815	0.00215	0.03781	0.01203	0.00638	0.00622
8	0.11303	0.01158	0.01302	0.00955	0.01504	0.00939	0.00769	0.01751	0.01341	0.06465	0.01201	0.01355	0.00964	0.00513	0.00479	0.00115	0.00485	0.00395	0.00410	0.66598
9	0.17639	0.00994	0.01114	0.01026	0.01295	0.03341	0.00817	0.03433	0.01224	0.01998	0.01602	0.02449	0.01494	0.04325	0.34134	0.00579	0.01092	0.07006	0.00396	0.14043
10	0.07123	0.00693	0.00828	0.00836	0.00997	0.00659	0.00631	0.01171	0.01570	0.02235	0.36888	0.18601	0.16729	0.01492	0.00757	0.00225	0.00361	0.06978	0.00637	0.00588
11	0.67066	0.05522	0.01190	0.00929	0.01352	0.01527	0.00776	0.07310	0.01301	0.06696	0.01038	0.01149	0.00786	0.00621	0.00433	0.00196	0.00529	0.00384	0.00433	0.00759
12	0.01414	0.01123	0.01202	0.01099	0.01386	0.06634	0.00876	0.07476	0.10382	0.06481	0.16261	0.06602	0.09272	0.02613	0.00766	0.00221	0.00536	0.15558	0.00595	0.09503
13	0.01567	0.11501	0.05903	0.01158	0.01550	0.07626	0.00973	0.11017	0.01612	0.07043	0.02012	0.25103	0.02026	0.01061	0.00630	0.00187	0.00599	0.00888	0.00490	0.17054

[dist]
# distance from previous block
# <min> <max>
0	33

[block]
# block no. 3 follows, 34 sequences, length 55
# corresponding to MSA columns:
# 209-263
name=unknown_D
#
# <colnr> <probs for GDERKNQSTAVLIFYWHMCP>
#	G	D	E	R	K	N	Q	S	T	A	V	L	I	F	Y	W	H	M	C	P
0	0.05593	0.01852	0.04813	0.01494	0.06707	0.20284	0.01138	0.14722	0.03626	0.06354	0.03118	0.03860	0.02874	0.00749	0.00597	0.00172	0.00739	0.02335	0.00464	0.18509
1	0.19370	0.01543	0.01502	0.04280	0.01762	0.13876	0.04747	0.08491	0.04957	0.06500	0.03310	0.05417	0.03485	0.00770	0.00576	0.00182	0.00666	0.02002	0.00462	0.16100
2	0.08535	0.01776	0.06753	0.12741	0.05312	0.16382	0.11576	0.03635	0.06858	0.09176	0.05104	0.04141	0.01477	0.00772	0.00647	0.00204	0.00818	0.02825	0.00438	0.00827
3	0.01773	0.09629	0.06418	0.02452	0.30838	0.07942	0.05382	0.07016	0.01601	0.07031	0.01271	0.01496	0.01007	0.00597	0.00593	0.00172	0.00760	0.00519	0.00380	0.13122
4	0.00836	0.00603	0.00806	0.00945	0.01013	0.00573	0.00680	0.00987	0.01287	0.01701	0.03618	0.59260	0.07084	0.02038	0.02763	0.00287	0.00448	0.13940	0.00592	0.00540
5	0.81856	0.01250	0.00950	0.00850	0.01250	0.01449	0.00700	0.01899	0.01100	0.02899	0.00900	0.01050	0.00700	0.00600	0.00400	0.00200	0.00500	0.00350	0.00400	0.00700
6	0.02456	0.01810	0.01939	0.01487	0.02004	0.02004	0.01228	0.71107	0.03038	0.04072	0.01551	0.01551	0.01099	0.00776	0.00646	0.00194	0.00711	0.00582	0.00646	0.01099
7	0.00935	0.00643	0.00791	0.00791	0.00821	0.00673	0.00499	0.00995	0.00965	0.01317	0.01957	0.03793	0.02160	0.58612	0.21711	0.00733	0.00911	0.00876	0.00380	0.00439
8	0.01281	0.01141	0.01817	0.02507	0.36094	0.01181	0.01421	0.01561	0.01374	0.01916	0.02163	0.21236	0.02300	0.01201	0.00861	0.00236	0.07236	0.13246	0.00436	0.00795
9	0.66569	0.01197	0.01022	0.00896	0.01295	0.01335	0.00732	0.02041	0.01217	0.13346	0.01262	0.04566	0.00991	0.00692	0.00456	0.00203	0.00502	0.00460	0.00468	0.00751
10	0.01564	0.30253	0.02153	0.01075	0.01616	0.03365	0.00940	0.03698	0.07580	0.01974	0.01190	0.01320	0.00998	0.00554	0.00477	0.00127	0.00584	0.00405	0.00372	0.39755
11	0.01727	0.77681	0.03386	0.01106	0.01658	0.02557	0.01106	0.01935	0.01313	0.01520	0.00898	0.01036	0.00829	0.00553	0.00415	0.00138	0.00691	0.00345	0.00276	0.00829
12	0.00929	0.00667	0.00909	0.00909	0.00980	0.00737	0.00646	0.01071	0.01000	0.01404	0.01849	0.03194	0.01900	0.32959	0.47008	0.00879	0.01302	0.00788	0.00364	0.00505
13	0.00940	0.00626	0.00705	0.00705	0.00705	0.00626	0.00392	0.00940	0.00940	0.01253	0.02036	0.04228	0.02349	0.77292	0.03289	0.00626	0.00626	0.00940	0.00392	0.00392
14	0.01925	0.01857	0.02382	0.02795	0.36199	0.13315	0.07309	0.18453	0.05019	0.02512	0.01330	0.01566	0.01049	0.00648	0.00643	0.00192	0.00833	0.00574	0.00414	0.00985
15	0.03896	0.16616	0.52662	0.01647	0.02474	0.01734	0.02003	0.08068	0.01493	0.02154	0.01139	0.01312	0.00841	0.00617	0.00574	0.00192	0.00872	0.00459	0.00310	0.00937
16	0.08997	0.01395	0.01547	0.01167	0.01696	0.01346	0.00954	0.27497	0.02010	0.11861	0.01451	0.01500	0.01067	0.00639	0.00555	0.00154	0.00575	0.00487	0.00534	0.34569
17	0.00940	0.00626	0.00705	0.00705	0.00705	0.00626	0.00392	0.00940	0.00940	0.01253	0.02036	0.04228	0.02349	0.77292	0.03289	0.00626	0.00626	0.00940	0.00392	0.00392
18	0.01478	0.01250	0.01826	0.08038	0.05207	0.01283	0.12697	0.02284	0.23083	0.07384	0.11227	0.02575	0.06187	0.00846	0.00710	0.00202	0.02584	0.00760	0.00528	0.09850
19	0.02446	0.02107	0.01914	0.01528	0.02002	0.18994	0.01233	0.55091	0.02756	0.03490	0.01422	0.01461	0.01037	0.00750	0.00631	0.00187	0.00817	0.00543	0.00573	0.01017
20	0.01122	0.00561	0.00842	0.00842	0.00842	0.00561	0.00561	0.00842	0.00842	0.01122	0.01122	0.01964	0.01122	0.02245	0.02525	0.81201	0.00561	0.00561	0.00281	0.00281
21	0.02417	0.02968	0.01841	0.01649	0.01998	0.68334	0.01247	0.08580	0.01937	0.01799	0.01047	0.01199	0.00856	0.00675	0.00588	0.00169	0.01125	0.00431	0.00360	0.00780
22	0.07254	0.01414	0.02203	0.18486	0.44043	0.01518	0.01723	0.02102	0.10878	0.02150	0.01368	0.01695	0.01094	0.00633	0.00626	0.00201	0.00734	0.00580	0.00364	0.00936
23	0.12612	0.01670	0.01815	0.06772	0.04043	0.01866	0.01215	0.53217	0.04703	0.03651	0.01461	0.01526	0.01054	0.00741	0.00615	0.00197	0.00690	0.00555	0.00580	0.01015
24	0.81856	0.01250	0.00950	0.00850	0.01250	0.01449	0.00700	0.01899	0.01100	0.02899	0.00900	0.01050	0.00700	0.00600	0.00400	0.00200	0.00500	0.00350	0.00400	0.00700
25	0.00801	0.00592	0.00749	0.00845	0.00930	0.00540	0.00582	0.00950	0.01362	0.01800	0.13931	0.54296	0.16541	0.01857	0.00805	0.00246	0.00357	0.01659	0.00616	0.00540
26	0.01352	0.01283	0.02176	0.50775	0.28384	0.01470	0.01860	0.01766	0.01354	0.01811	0.01172	0.01680	0.00918	0.00622	0.00644	0.00207	0.00829	0.00575	0.00298	0.00824
27	0.01667	0.01716	0.02926	0.02202	0.02633	0.04956	0.37732	0.12014	0.01605	0.02193	0.01197	0.01595	0.00953	0.00752	0.01128	0.00231	0.22622	0.00664	0.00361	0.00852
28	0.00841	0.00631	0.00786	0.00849	0.00973	0.00576	0.00624	0.01034	0.01469	0.01934	0.21035	0.33280	0.22425	0.01727	0.00802	0.00241	0.00371	0.09220	0.00626	0.00559
29	0.01435	0.01281	0.07545	0.01179	0.04332	0.03166	0.00955	0.12245	0.13995	0.02639	0.16487	0.02834	0.06619	0.00923	0.00623	0.00190	0.00502	0.00763	0.21487	0.00800
30	0.01592	0.01356	0.01446	0.01311	0.01666	0.01559	0.01030	0.05177	0.65343	0.02688	0.02654	0.02720	0.02067	0.00936	0.00673	0.00224	0.00523	0.05387	0.00653	0.00996
31	0.01736	0.72076	0.06059	0.01155	0.01715	0.05155	0.01160	0.01963	0.01334	0.01543	0.00912	0.01054	0.00829	0.00559	0.00428	0.00142	0.00719	0.00353	0.00278	0.00831
32	0.01625	0.09997	0.14336	0.02221	0.02861	0.01670	0.42957	0.02118	0.01477	0.08252	0.01325	0.01631	0.00986	0.00610	0.00766	0.00209	0.05062	0.00653	0.00352	0.00891
33	0.01128	0.00934	0.00849	0.00847	0.00906	0.10189	0.00534	0.01185	0.01122	0.01427	0.02108	0.13273	0.02359	0.52242	0.02420	0.00486	0.00641	0.00967	0.05913	0.00470
34	0.01923	0.01729	0.08000	0.01430	0.01909	0.01758	0.01225	0.30645	0.38010	0.03198	0.02065	0.01972	0.01519	0.00813	0.00649	0.00208	0.00631	0.00648	0.00619	0.01048
35	0.00936	0.00680	0.00901	0.01017	0.01141	0.00656	0.00820	0.01159	0.01415	0.01839	0.06627	0.23745	0.12491	0.05080	0.00959	0.00290	0.00498	0.38589	0.00593	0.00564
36	0.00935	0.00645	0.00801	0.00801	0.00834	0.00679	0.00512	0.01002	0.00968	0.01324	0.01948	0.03740	0.02137	0.56360	0.23931	0.00745	0.00945	0.00868	0.00378	0.00445
37	0.00825	0.00645	0.00748	0.00746	0.00917	0.00568	0.00551	0.01037	0.01582	0.02062	0.31975	0.14405	0.38506	0.01562	0.00771	0.00218	0.00324	0.01346	0.00643	0.00568
38	0.00925	0.00684	0.00996	0.00996	0.01097	0.00785	0.00755	0.01127	0.01026	0.01469	0.01769	0.02752	0.01708	0.13995	0.65709	0.00986	0.01591	0.00724	0.00352	0.00553
39	0.01517	0.01719	0.03682	0.02650	0.03257	0.01659	0.65950	0.02033	0.01487	0.02033	0.01274	0.01719	0.00971	0.00587	0.00860	0.00222	0.06448	0.00748	0.00324	0.00860
40	0.01920	0.01503	0.01607	0.01360	0.01777	0.01698	0.01082	0.23872	0.48179	0.06196	0.02300	0.02142	0.01692	0.00843	0.00654	0.00211	0.00573	0.00682	0.00660	0.01049
41	0.00872	0.00623	0.00847	0.00996	0.01071	0.00598	0.00746	0.01046	0.01320	0.01744	0.03515	0.53749	0.04089	0.01945	0.00847	0.00274	0.00448	0.24125	0.00598	0.00548
42	0.01633	0.01401	0.01475	0.01320	0.01690	0.01619	0.01029	0.05471	0.70016	0.02744	0.02597	0.02385	0.01946	0.00874	0.00657	0.00218	0.00517	0.00726	0.00657	0.01025
43	0.81856	0.01250	0.00950	0.00850	0.01250	0.01449	0.00700	0.01899	0.01100	0.02899	0.00900	0.01050	0.00700	0.00600	0.00400	0.00200	0.00500	0.00350	0.00400	0.00700
44	0.00997	0.00647	0.00827	0.00871	0.01003	0.00586	0.00624	0.01169	0.01443	0.08151	0.16410	0.43675	0.16072	0.01719	0.00789	0.00240	0.00375	0.03168	0.00637	0.00596
45	0.01566	0.01501	0.02563	0.10250	0.67237	0.01526	0.01966	0.01954	0.01456	0.02071	0.01210	0.01610	0.01009	0.00582	0.00640	0.00194	0.00776	0.00576	0.00317	0.00997
46	0.00927	0.00621	0.00709	0.00721	0.00724	0.00618	0.00409	0.00936	0.00965	0.01287	0.02166	0.10407	0.02513	0.70890	0.03079	0.00595	0.00605	0.01016	0.00409	0.00403
47	0.00895	0.00657	0.00838	0.00798	0.00955	0.00601	0.00597	0.01180	0.01776	0.02477	0.64092	0.06710	0.13269	0.01372	0.00764	0.00206	0.00309	0.01206	0.00697	0.00601
48	0.02166	0.00915	0.01241	0.01060	0.01402	0.00804	0.00828	0.02374	0.01654	0.48592	0.05048	0.26028	0.02589	0.01205	0.00709	0.00220	0.00487	0.01043	0.00733	0.00902
49	0.00834	0.00647	0.00761	0.00771	0.00935	0.00574	0.00573	0.01047	0.01569	0.02050	0.30384	0.16226	0.35371	0.01584	0.00777	0.00222	0.00337	0.04127	0.00641	0.00568
50	0.04721	0.01835	0.01863	0.01530	0.04217	0.08267	0.01207	0.55854	0.04911	0.03653	0.04427	0.01665	0.01293	0.00780	0.00638	0.00193	0.00723	0.00589	0.00604	0.01031
51	0.01986	0.01618	0.01672	0.01397	0.01825	0.04120	0.01115	0.31518	0.41151	0.03236	0.02129	0.02014	0.01573	0.00828	0.00650	0.00207	0.00615	0.00659	0.00642	0.01046
52	0.01941	0.02053	0.02597	0.08497	0.02721	0.21672	0.27715	0.16729	0.05412	0.02351	0.01326	0.01576	0.01004	0.00652	0.00674	0.00199	0.00982	0.00612	0.00408	0.00880
53	0.05884	0.01443	0.01678	0.07620	0.01941	0.12477	0.10538	0.09919	0.03587	0.02405	0.23676	0.02741	0.05873	0.00896	0.00669	0.00193	0.00669	0.00775	0.00510	0.06506
54	0.01507	0.01087	0.01265	0.01120	0.01437	0.01098	0.00877	0.10436	0.18698	0.08364	0.06376	0.12075	0.02449	0.07359	0.00901	0.00243	0.00526	0.09977	0.00590	0.13615

[dist]
# distance from previous block
# <min> <max>
0	43

[block]
# block no. 4 follows, 34 sequences, length 51
# corresponding to MSA columns:
# 307-357
name=unknown_E
#
# <colnr> <probs for GDERKNQSTAVLIFYWHMCP>
#	G	D	E	R	K	N	Q	S	T	A	V	L	I	F	Y	W	H	M	C	P
0	0.02033	0.05494	0.01763	0.01369	0.01776	0.17916	0.02842	0.30260	0.02207	0.05866	0.08272	0.05154	0.04153	0.00975	0.02841	0.00211	0.00768	0.00669	0.00537	0.04897
1	0.02090	0.02166	0.01547	0.01391	0.01725	0.42197	0.01064	0.02490	0.10860	0.11287	0.04629	0.02356	0.09665	0.00879	0.00638	0.00189	0.00856	0.02685	0.00488	0.00798
2	0.04004	0.00853	0.01052	0.03845	0.01325	0.00878	0.00814	0.01656	0.11728	0.08399	0.10860	0.23023	0.11844	0.03360	0.00860	0.00250	0.02739	0.11223	0.00604	0.00686
3	0.07694	0.01445	0.01708	0.06243	0.01983	0.06737	0.03813	0.18313	0.02020	0.40421	0.01960	0.01852	0.01298	0.00751	0.00632	0.00198	0.00670	0.00597	0.00652	0.01013
4	0.01159	0.01150	0.04682	0.01042	0.01331	0.07159	0.04849	0.06988	0.01728	0.02205	0.24884	0.06660	0.31091	0.01287	0.00733	0.00208	0.00500	0.01097	0.00582	0.00666
5	0.01739	0.01687	0.05822	0.02052	0.02511	0.01735	0.31002	0.14192	0.05112	0.06679	0.01371	0.01672	0.01048	0.00764	0.01057	0.00228	0.19358	0.00662	0.00415	0.00896
6	0.00868	0.00699	0.00779	0.00764	0.00959	0.00634	0.00570	0.01182	0.06242	0.02066	0.26771	0.10162	0.42951	0.01513	0.00760	0.00216	0.00336	0.01292	0.00638	0.00596
7	0.06154	0.01085	0.01445	0.01120	0.01599	0.00954	0.00922	0.03002	0.01817	0.67237	0.05909	0.02278	0.01780	0.00817	0.00645	0.00200	0.00536	0.00662	0.00778	0.01059
8	0.01617	0.49326	0.26772	0.01378	0.02053	0.05722	0.01539	0.02003	0.01355	0.01698	0.00990	0.01152	0.00826	0.00579	0.00489	0.00162	0.00802	0.00393	0.00278	0.00867
9	0.02414	0.03079	0.01831	0.01665	0.01998	0.74698	0.01248	0.02580	0.01831	0.01581	0.00999	0.01165	0.00832	0.00666	0.00583	0.00166	0.01165	0.00416	0.00333	0.00749
10	0.00848	0.00598	0.00727	0.00800	0.00843	0.00568	0.00510	0.00928	0.01163	0.01536	0.05425	0.40377	0.09804	0.30819	0.01762	0.00396	0.00465	0.01429	0.00523	0.00478
11	0.00787	0.00562	0.00750	0.00900	0.00937	0.00525	0.00600	0.00900	0.01237	0.01649	0.03561	0.76871	0.04274	0.02024	0.00825	0.00262	0.00375	0.01837	0.00600	0.00525
12	0.01220	0.01148	0.01938	0.75739	0.04450	0.01436	0.01794	0.01651	0.01292	0.01651	0.01148	0.01723	0.00861	0.00646	0.00646	0.00215	0.00861	0.00574	0.00287	0.00718
13	0.01556	0.01491	0.02544	0.12214	0.65354	0.01524	0.01961	0.01945	0.01451	0.02058	0.01208	0.01613	0.01005	0.00584	0.00640	0.00195	0.00778	0.00576	0.00316	0.00988
14	0.01014	0.00728	0.00858	0.00803	0.01013	0.00666	0.00610	0.01356	0.05967	0.06385	0.39637	0.05051	0.30734	0.01382	0.00750	0.00210	0.00340	0.01185	0.00671	0.00639
15	0.00956	0.00740	0.01101	0.01082	0.01190	0.00885	0.00848	0.01180	0.01035	0.01504	0.01672	0.02464	0.01565	0.04600	0.69926	0.00988	0.06653	0.00684	0.00342	0.00585
16	0.01204	0.00602	0.00602	0.00602	0.00753	0.00602	0.00452	0.01506	0.01355	0.02409	0.02108	0.02409	0.01656	0.00753	0.00452	0.00151	0.00301	0.00602	0.80879	0.00602
17	0.00801	0.00598	0.00745	0.00830	0.00927	0.00542	0.00576	0.00954	0.01380	0.01812	0.14614	0.49838	0.20367	0.01830	0.00801	0.00243	0.00353	0.01628	0.00617	0.00542
18	0.00923	0.00692	0.01038	0.01038	0.01154	0.00808	0.00808	0.01154	0.01038	0.01500	0.01731	0.02538	0.01615	0.04846	0.74732	0.01038	0.01731	0.00692	0.00346	0.00577
19	0.09770	0.01603	0.01726	0.01342	0.01826	0.01741	0.01106	0.52230	0.02629	0.12688	0.03790	0.01708	0.01291	0.00778	0.00623	0.00194	0.00648	0.00587	0.02685	0.01035
20	0.01709	0.74455	0.06448	0.01138	0.01708	0.02511	0.01161	0.01940	0.01315	0.01543	0.00910	0.01051	0.00829	0.00555	0.00423	0.00141	0.00702	0.00351	0.00276	0.00835
21	0.00923	0.00692	0.01038	0.01038	0.01154	0.00808	0.00808	0.01154	0.01038	0.01500	0.01731	0.02538	0.01615	0.04846	0.74732	0.01038	0.01731	0.00692	0.00346	0.00577
22	0.00914	0.00660	0.00864	0.00813	0.00965	0.00610	0.00610	0.01219	0.01829	0.02591	0.72921	0.04827	0.06097	0.01321	0.00762	0.00203	0.00305	0.01169	0.00711	0.00610
23	0.01041	0.00744	0.01041	0.01190	0.01339	0.00744	0.01041	0.01339	0.01487	0.01934	0.03421	0.07288	0.03719	0.01785	0.00892	0.00297	0.00595	0.68913	0.00595	0.00595
24	0.01599	0.01535	0.02623	0.03966	0.73262	0.01535	0.01983	0.01983	0.01471	0.02111	0.01215	0.01599	0.01023	0.00576	0.00640	0.00192	0.00768	0.00576	0.00320	0.01023
25	0.01922	0.56517	0.02945	0.01264	0.01755	0.23023	0.01146	0.02118	0.01460	0.01538	0.00927	0.01073	0.00830	0.00585	0.00462	0.00146	0.00826	0.00366	0.00292	0.00806
26	0.01340	0.01148	0.01340	0.00957	0.01531	0.00861	0.00766	0.01627	0.01340	0.02105	0.01148	0.01340	0.00957	0.00479	0.00479	0.00096	0.00479	0.00383	0.00383	0.81242
27	0.01088	0.00744	0.00833	0.00793	0.00847	0.00763	0.00486	0.08096	0.01166	0.01557	0.02051	0.07039	0.02303	0.66291	0.02915	0.00567	0.00624	0.00941	0.00426	0.00469
28	0.00942	0.00720	0.01074	0.01064	0.01175	0.00852	0.00831	0.01169	0.01037	0.01502	0.01697	0.02495	0.01586	0.04704	0.71953	0.01010	0.04577	0.00687	0.00344	0.00582
29	0.02304	0.02003	0.13199	0.01520	0.02105	0.01855	0.01391	0.55783	0.02697	0.08363	0.01556	0.01565	0.01088	0.00752	0.00642	0.00196	0.00739	0.00570	0.00598	0.01076
30	0.01237	0.00748	0.00997	0.01014	0.01204	0.00680	0.00781	0.01440	0.01428	0.13119	0.05787	0.38207	0.03489	0.01608	0.00781	0.00244	0.00464	0.18369	0.00615	0.07788
31	0.01385	0.18689	0.59378	0.01690	0.02562	0.01719	0.02123	0.02023	0.01354	0.01938	0.01106	0.01297	0.00821	0.00601	0.00573	0.00191	0.00900	0.00450	0.00274	0.00929
32	0.01041	0.00744	0.01041	0.01190	0.01339	0.00744	0.01041	0.01339	0.01487	0.01934	0.03421	0.07288	0.03719	0.01785	0.00892	0.00297	0.00595	0.68913	0.00595	0.00595
33	0.01350	0.01094	0.01293	0.00959	0.01483	0.00835	0.00758	0.01620	0.01350	0.04783	0.01416	0.08091	0.01276	0.00628	0.00516	0.00114	0.00472	0.00522	0.00418	0.71020
34	0.00764	0.00655	0.00655	0.00655	0.00873	0.00545	0.00491	0.00927	0.01473	0.01745	0.06546	0.06218	0.73000	0.01636	0.00764	0.00218	0.00327	0.01364	0.00600	0.00545
35	0.01480	0.01413	0.02407	0.26586	0.51575	0.01504	0.01924	0.01878	0.01415	0.01966	0.01194	0.01638	0.00972	0.00598	0.00642	0.00199	0.00797	0.00575	0.00310	0.00927
36	0.02256	0.01753	0.01718	0.01367	0.01807	0.09355	0.01108	0.53059	0.02648	0.03552	0.01581	0.01646	0.01158	0.00761	0.00609	0.00184	0.00694	0.00568	0.13192	0.00985
37	0.01574	0.08762	0.43839	0.01766	0.05487	0.09100	0.01900	0.06838	0.10607	0.02178	0.01340	0.01475	0.00996	0.00657	0.00604	0.00196	0.00874	0.00504	0.00355	0.00945
38	0.01012	0.00824	0.00954	0.02920	0.01203	0.03826	0.00709	0.01296	0.06822	0.01805	0.02975	0.54491	0.03374	0.01614	0.00744	0.00230	0.00443	0.01443	0.02490	0.10824
39	0.00940	0.00626	0.00705	0.00705	0.00705	0.00626	0.00392	0.00940	0.00940	0.01253	0.02036	0.04228	0.02349	0.77292	0.03289	0.00626	0.00626	0.00940	0.00392	0.00392
40	0.01704	0.73594	0.07265	0.01146	0.01721	0.02499	0.01176	0.01941	0.01316	0.01549	0.00913	0.01054	0.00829	0.00556	0.00426	0.00142	0.00705	0.00353	0.00276	0.00836
41	0.01676	0.04058	0.12324	0.06113	0.31638	0.03451	0.12688	0.05826	0.05010	0.06922	0.01401	0.01664	0.01074	0.00625	0.00645	0.00198	0.00815	0.00594	0.02318	0.00962
42	0.01723	0.01521	0.02325	0.15229	0.42275	0.05349	0.03490	0.05043	0.01535	0.08673	0.01311	0.01643	0.01031	0.00654	0.00732	0.00201	0.05369	0.00578	0.00372	0.00946
43	0.00860	0.00618	0.00815	0.00850	0.00953	0.00573	0.00605	0.01081	0.01574	0.02185	0.42986	0.35920	0.05310	0.01625	0.00789	0.00229	0.00335	0.01457	0.00663	0.00573
44	0.11119	0.01504	0.02387	0.11591	0.32673	0.03565	0.13625	0.02092	0.06098	0.04889	0.01313	0.01633	0.01032	0.00630	0.00679	0.00204	0.03102	0.00589	0.00367	0.00907
45	0.01940	0.03492	0.14229	0.03896	0.08191	0.06986	0.17356	0.09297	0.08573	0.17039	0.01648	0.01750	0.01175	0.00678	0.00659	0.00202	0.00827	0.00616	0.00477	0.00968
46	0.00911	0.00651	0.00892	0.01041	0.01133	0.00631	0.00815	0.01113	0.01359	0.01788	0.03493	0.42984	0.04003	0.01908	0.00858	0.00279	0.00482	0.34503	0.00597	0.00559
47	0.00889	0.00662	0.00829	0.00794	0.00959	0.00601	0.00600	0.01166	0.01750	0.02408	0.57991	0.05170	0.18964	0.01396	0.00766	0.00209	0.00318	0.03246	0.00686	0.00597
48	0.06357	0.18304	0.15096	0.01646	0.09171	0.03596	0.03809	0.11669	0.03518	0.15248	0.01464	0.01562	0.01085	0.00837	0.03724	0.00222	0.00778	0.00521	0.00449	0.00944
49	0.02119	0.02420	0.02336	0.04773	0.04017	0.40219	0.17550	0.12566	0.01885	0.02079	0.01159	0.01396	0.00912	0.00665	0.00684	0.00188	0.03288	0.00536	0.00375	0.00833
50	0.00815	0.00590	0.00785	0.00909	0.00972	0.00561	0.00633	0.00956	0.01275	0.01700	0.06531	0.61329	0.07693	0.02148	0.05714	0.00311	0.00472	0.05483	0.00587	0.00537

[dist]
# distance from previous block
# <min> <max>
0	2

# created by:
# /home/berkeley/.conda/envs/busco_data_prod/bin/msa2prfl.pl pipeline/OGs_align_augustus/4893/1017.fs
