[name]
unknown

[dist]
# distance from previous block
# <min> <max>
0	0

[block]
# block no. 0 follows, 29 sequences, length 19
# corresponding to MSA columns:
# 203-221
name=unknown_A
#
# <colnr> <probs for GDERKNQSTAVLIFYWHMCP>
#	G	D	E	R	K	N	Q	S	T	A	V	L	I	F	Y	W	H	M	C	P
0	0.01147	0.00820	0.01147	0.01311	0.01475	0.00820	0.01147	0.01475	0.01639	0.02131	0.03770	0.08032	0.04098	0.01967	0.00984	0.00328	0.00656	0.65741	0.00656	0.00656
1	0.80005	0.01377	0.01047	0.00936	0.01377	0.01597	0.00771	0.02093	0.01212	0.03195	0.00991	0.01157	0.00771	0.00661	0.00441	0.00220	0.00551	0.00386	0.00441	0.00771
2	0.01023	0.00738	0.01018	0.01018	0.01102	0.00822	0.00733	0.01191	0.01107	0.01560	0.02022	0.03435	0.02057	0.29189	0.48684	0.00989	0.01491	0.00856	0.00399	0.00566
3	0.01500	0.00890	0.01063	0.00946	0.01248	0.00801	0.00735	0.01865	0.06150	0.18423	0.24247	0.05102	0.31376	0.01433	0.00804	0.00231	0.00424	0.01212	0.00752	0.00798
4	0.01736	0.01091	0.01508	0.01415	0.04892	0.01061	0.05043	0.02304	0.12835	0.19357	0.13652	0.13826	0.07131	0.03284	0.00882	0.00259	0.00571	0.07554	0.00705	0.00894
5	0.02282	0.01230	0.01509	0.01232	0.01680	0.01187	0.00990	0.08790	0.13188	0.33205	0.09160	0.02978	0.07674	0.01252	0.04828	0.00271	0.00640	0.00823	0.00754	0.06328
6	0.80005	0.01377	0.01047	0.00936	0.01377	0.01597	0.00771	0.02093	0.01212	0.03195	0.00991	0.01157	0.00771	0.00661	0.00441	0.00220	0.00551	0.00386	0.00441	0.00771
7	0.01006	0.00746	0.01091	0.01100	0.01217	0.00843	0.00837	0.01243	0.01209	0.01726	0.06236	0.08500	0.02343	0.08210	0.59095	0.01001	0.01639	0.00904	0.00430	0.00624
8	0.01982	0.01273	0.01599	0.09090	0.02067	0.01120	0.01039	0.07024	0.01751	0.19995	0.01748	0.01845	0.01276	0.00678	0.00608	0.00160	0.00602	0.00549	0.04719	0.40875
9	0.02189	0.01737	0.01846	0.01534	0.02011	0.01966	0.01228	0.32552	0.39797	0.03653	0.02367	0.02233	0.01743	0.00916	0.00719	0.00229	0.00662	0.00732	0.00719	0.01165
10	0.01458	0.01387	0.02339	0.53725	0.15501	0.01623	0.05506	0.02024	0.05603	0.01999	0.01387	0.01923	0.01060	0.00709	0.00718	0.00233	0.00922	0.00655	0.00350	0.00876
11	0.06131	0.13446	0.02143	0.21003	0.02598	0.01783	0.01380	0.05624	0.03959	0.04309	0.06516	0.01911	0.01465	0.00853	0.00957	0.00219	0.14795	0.00610	0.00422	0.09875
12	0.07589	0.13748	0.01931	0.04127	0.01712	0.09157	0.01130	0.05549	0.01425	0.01945	0.01613	0.11141	0.01679	0.13167	0.01576	0.00315	0.20242	0.00793	0.00413	0.00749
13	0.01678	0.01629	0.02794	0.14737	0.51403	0.01718	0.05819	0.02098	0.01554	0.02199	0.01303	0.01777	0.01083	0.00691	0.00838	0.00225	0.06426	0.00645	0.00344	0.01040
14	0.01437	0.05198	0.02045	0.43912	0.06857	0.01584	0.01657	0.05591	0.05148	0.02031	0.01613	0.07475	0.01394	0.01259	0.06943	0.00315	0.03574	0.00746	0.00393	0.00825
15	0.01590	0.01382	0.06144	0.20694	0.12323	0.01355	0.04075	0.06951	0.01691	0.08546	0.09259	0.02651	0.01972	0.01696	0.13833	0.00398	0.01004	0.03073	0.00480	0.00885
16	0.01589	0.06456	0.06492	0.15849	0.25932	0.05686	0.01730	0.02035	0.04711	0.02012	0.01440	0.02000	0.01240	0.05186	0.08841	0.00349	0.06537	0.00644	0.00362	0.00911
17	0.01693	0.04207	0.02078	0.12125	0.12697	0.05939	0.03486	0.12362	0.04382	0.02408	0.05529	0.11207	0.04133	0.01084	0.01014	0.00242	0.13176	0.00864	0.00483	0.00892
18	0.01542	0.09468	0.05467	0.05653	0.09295	0.01350	0.01186	0.04092	0.10238	0.06720	0.18087	0.07380	0.06952	0.01051	0.00715	0.00211	0.00596	0.00896	0.00578	0.08525

[dist]
# distance from previous block
# <min> <max>
1	8

[block]
# block no. 1 follows, 29 sequences, length 8
# corresponding to MSA columns:
# 230-237
name=unknown_B
#
# <colnr> <probs for GDERKNQSTAVLIFYWHMCP>
#	G	D	E	R	K	N	Q	S	T	A	V	L	I	F	Y	W	H	M	C	P
0	0.01543	0.01319	0.11154	0.01146	0.01563	0.00941	0.01033	0.04179	0.01769	0.14380	0.18428	0.13288	0.10426	0.01226	0.00744	0.00217	0.00535	0.01047	0.05503	0.09559
1	0.01512	0.04652	0.01523	0.01371	0.05147	0.04226	0.01013	0.08813	0.05800	0.05422	0.06087	0.02804	0.04700	0.06766	0.32459	0.00645	0.01222	0.00771	0.00495	0.04572
2	0.01435	0.04526	0.03766	0.01220	0.01487	0.01211	0.00988	0.14350	0.01601	0.02214	0.01842	0.06266	0.01720	0.07530	0.35164	0.07769	0.01276	0.00768	0.00453	0.04411
3	0.05226	0.13119	0.14173	0.01445	0.01952	0.05903	0.04842	0.05825	0.01674	0.05504	0.08543	0.05932	0.07461	0.01182	0.03972	0.00255	0.04165	0.02401	0.00479	0.05944
4	0.01938	0.11697	0.08470	0.03674	0.02048	0.27956	0.01352	0.02203	0.01661	0.04005	0.02022	0.02185	0.10850	0.00927	0.00881	0.00207	0.10973	0.00638	0.00405	0.05909
5	0.04251	0.04667	0.01523	0.14784	0.05617	0.12015	0.01115	0.01741	0.01571	0.02095	0.09590	0.13715	0.06306	0.03796	0.00852	0.00238	0.02777	0.00939	0.11678	0.00731
6	0.04242	0.01773	0.02394	0.14509	0.18713	0.13245	0.11752	0.02176	0.01633	0.06978	0.01859	0.05556	0.05534	0.00866	0.00833	0.00228	0.05624	0.00755	0.00422	0.00908
7	0.09877	0.01348	0.01901	0.26473	0.11936	0.01541	0.01512	0.04554	0.08517	0.09051	0.06307	0.04560	0.01684	0.00889	0.00832	0.00237	0.06662	0.00723	0.00488	0.00908

[dist]
# distance from previous block
# <min> <max>
0	39

[block]
# block no. 2 follows, 29 sequences, length 25
# corresponding to MSA columns:
# 301-325
name=unknown_C
#
# <colnr> <probs for GDERKNQSTAVLIFYWHMCP>
#	G	D	E	R	K	N	Q	S	T	A	V	L	I	F	Y	W	H	M	C	P
0	0.11933	0.05991	0.04839	0.13369	0.07443	0.01324	0.03475	0.03687	0.01625	0.08771	0.12636	0.08497	0.05348	0.02587	0.00756	0.00229	0.00657	0.00845	0.00524	0.05462
1	0.04581	0.01536	0.06603	0.17225	0.02652	0.04090	0.09358	0.06807	0.05698	0.06316	0.04689	0.02699	0.03910	0.00909	0.00760	0.00226	0.02877	0.05809	0.07785	0.05470
2	0.01548	0.01540	0.09314	0.11647	0.15717	0.01435	0.04199	0.01920	0.01536	0.07766	0.09609	0.10625	0.02154	0.01051	0.01027	0.00242	0.13498	0.00864	0.00467	0.03839
3	0.07135	0.04404	0.04476	0.16813	0.08601	0.03930	0.01381	0.04613	0.08868	0.04116	0.02280	0.02492	0.10761	0.01006	0.02196	0.00240	0.07416	0.00720	0.00462	0.08091
4	0.01632	0.01547	0.05390	0.36470	0.19579	0.01580	0.04713	0.06358	0.01639	0.04784	0.01378	0.01816	0.01053	0.00685	0.00696	0.00216	0.00876	0.00621	0.00383	0.08584
5	0.01837	0.01432	0.01982	0.08669	0.21005	0.03679	0.01428	0.08233	0.01764	0.11220	0.06526	0.02153	0.01647	0.01271	0.08473	0.00303	0.03631	0.00666	0.00495	0.13586
6	0.01431	0.04249	0.01309	0.03157	0.03789	0.00987	0.00922	0.06428	0.03726	0.10433	0.08360	0.31155	0.11222	0.01633	0.00829	0.00258	0.00526	0.08149	0.00665	0.00773
7	0.05337	0.01656	0.02018	0.13041	0.09162	0.04901	0.05180	0.10514	0.34648	0.02823	0.02107	0.02173	0.01590	0.00837	0.00710	0.00231	0.00744	0.00711	0.00574	0.01046
8	0.00898	0.00648	0.00801	0.00910	0.00970	0.00605	0.00597	0.01005	0.01332	0.01743	0.04040	0.50725	0.13445	0.17082	0.01456	0.00365	0.00463	0.01749	0.00614	0.00551
9	0.04629	0.06617	0.20571	0.05020	0.02996	0.04829	0.30382	0.02233	0.03556	0.02297	0.04046	0.01906	0.01294	0.00691	0.00721	0.00222	0.00999	0.00695	0.05358	0.00936
10	0.01906	0.64149	0.08472	0.03968	0.02033	0.02609	0.01341	0.02189	0.01476	0.04801	0.01102	0.01254	0.00952	0.00630	0.00494	0.00164	0.00783	0.00416	0.00330	0.00932
11	0.00868	0.00620	0.00826	0.00991	0.01033	0.00578	0.00661	0.00991	0.01363	0.01818	0.03925	0.74510	0.04710	0.02231	0.00909	0.00289	0.00413	0.02024	0.00661	0.00578
12	0.01582	0.05525	0.01648	0.01102	0.01730	0.01138	0.00898	0.06169	0.01598	0.02426	0.01279	0.01473	0.01057	0.00553	0.00535	0.00115	0.00557	0.00434	0.00434	0.69745
13	0.05145	0.01224	0.01722	0.06210	0.01981	0.01186	0.09415	0.08944	0.03251	0.10883	0.16228	0.05416	0.06829	0.01138	0.03049	0.00240	0.00663	0.00874	0.03549	0.12052
14	0.01551	0.22131	0.53910	0.01821	0.02759	0.01953	0.02268	0.02223	0.01489	0.02106	0.01204	0.01410	0.00905	0.00659	0.00620	0.00207	0.00978	0.00489	0.00302	0.01017
15	0.00904	0.00704	0.00822	0.00835	0.01011	0.00621	0.00610	0.01128	0.01708	0.02226	0.28403	0.19592	0.35353	0.01767	0.00854	0.00244	0.00362	0.01531	0.00704	0.00621
16	0.00851	0.00685	0.00759	0.00819	0.00987	0.00593	0.00584	0.01011	0.01529	0.01885	0.06028	0.31234	0.46628	0.01957	0.00866	0.00258	0.00380	0.01691	0.00661	0.00593
17	0.01564	0.02442	0.26261	0.09478	0.03624	0.01731	0.39890	0.02228	0.01597	0.02228	0.01370	0.01780	0.01009	0.00636	0.00774	0.00235	0.01127	0.00716	0.00336	0.00975
18	0.01366	0.01291	0.02139	0.39310	0.06209	0.01563	0.06879	0.01749	0.01386	0.01867	0.01576	0.06587	0.01434	0.01228	0.05096	0.00310	0.13987	0.04871	0.00366	0.00785
19	0.00851	0.00722	0.00735	0.00732	0.00968	0.00605	0.00549	0.01041	0.01646	0.01979	0.10952	0.06762	0.66472	0.01783	0.00841	0.00239	0.00359	0.01490	0.00669	0.00605
20	0.01034	0.00697	0.00812	0.00812	0.00825	0.00710	0.00476	0.01058	0.01046	0.01407	0.02211	0.04479	0.02510	0.68232	0.10261	0.00734	0.00808	0.01009	0.00427	0.00451
21	0.00973	0.00721	0.00907	0.00873	0.01045	0.00655	0.00650	0.01271	0.01914	0.02644	0.56097	0.09501	0.16998	0.01557	0.00844	0.00230	0.00344	0.01365	0.00757	0.00655
22	0.01015	0.00898	0.05367	0.01024	0.01132	0.00785	0.00766	0.01161	0.01234	0.01674	0.02911	0.28577	0.05408	0.30138	0.09388	0.00528	0.03161	0.03754	0.00510	0.00569
23	0.02307	0.01742	0.01870	0.01503	0.01989	0.01935	0.01218	0.45275	0.19201	0.03936	0.06884	0.02232	0.01859	0.00924	0.00716	0.00219	0.00681	0.00728	0.03649	0.01132
24	0.40284	0.01495	0.01832	0.07391	0.11365	0.04186	0.09502	0.02171	0.01440	0.07041	0.01380	0.04032	0.01110	0.00730	0.00591	0.00222	0.00723	0.00585	0.03054	0.00865

[dist]
# distance from previous block
# <min> <max>
1	4

[block]
# block no. 3 follows, 29 sequences, length 20
# corresponding to MSA columns:
# 330-349
name=unknown_D
#
# <colnr> <probs for GDERKNQSTAVLIFYWHMCP>
#	G	D	E	R	K	N	Q	S	T	A	V	L	I	F	Y	W	H	M	C	P
0	0.02019	0.05205	0.07744	0.06707	0.05019	0.18698	0.01398	0.08320	0.08589	0.07190	0.01553	0.01746	0.01211	0.01021	0.04855	0.00251	0.04402	0.00570	0.00465	0.13038
1	0.02241	0.08027	0.07418	0.01437	0.01968	0.01571	0.03920	0.21566	0.05018	0.19927	0.02171	0.09710	0.01732	0.00949	0.00694	0.00213	0.00689	0.00781	0.04767	0.05201
2	0.01001	0.00711	0.00958	0.01109	0.01198	0.00690	0.00847	0.01201	0.01452	0.01913	0.03713	0.40246	0.04266	0.08433	0.01176	0.00340	0.00540	0.28968	0.00639	0.00598
3	0.01723	0.01104	0.01424	0.07249	0.01825	0.00998	0.00961	0.02109	0.05378	0.17905	0.07897	0.08737	0.03616	0.02774	0.06374	0.00273	0.00666	0.00802	0.00588	0.27597
4	0.01450	0.01360	0.09577	0.01351	0.03407	0.01149	0.01131	0.07599	0.13361	0.06500	0.07787	0.20555	0.08502	0.03984	0.02788	0.00292	0.00631	0.07099	0.00631	0.00847
5	0.01051	0.00732	0.00903	0.00954	0.01080	0.00717	0.00679	0.01422	0.07241	0.02328	0.22038	0.38537	0.04627	0.01701	0.00813	0.00249	0.00392	0.01515	0.12359	0.00663
6	0.02668	0.03163	0.02037	0.01802	0.02202	0.60612	0.01372	0.13592	0.02237	0.02194	0.01201	0.01354	0.00966	0.00754	0.00654	0.00188	0.01202	0.00489	0.00424	0.00889
7	0.01753	0.01566	0.02464	0.21249	0.34359	0.01686	0.04253	0.11050	0.05782	0.02469	0.01461	0.01870	0.01159	0.00798	0.00822	0.04341	0.00848	0.00652	0.00412	0.01004
8	0.01204	0.00969	0.01309	0.05489	0.04327	0.01121	0.00954	0.01566	0.08223	0.01757	0.02029	0.06046	0.02023	0.25388	0.25901	0.00693	0.09029	0.00875	0.00431	0.00666
9	0.00974	0.00674	0.00785	0.00829	0.00861	0.00653	0.00502	0.01023	0.01174	0.01544	0.03122	0.23423	0.09025	0.49282	0.02661	0.00545	0.00588	0.01339	0.00512	0.00485
10	0.01446	0.01223	0.01495	0.01357	0.01497	0.05522	0.01061	0.08935	0.01406	0.01935	0.01599	0.02435	0.01510	0.10120	0.32318	0.06305	0.18020	0.00715	0.00401	0.00702
11	0.01897	0.03563	0.04841	0.16460	0.07795	0.01760	0.07125	0.13025	0.05080	0.10187	0.01643	0.02079	0.01288	0.01040	0.03405	0.00274	0.14395	0.02697	0.00482	0.00964
12	0.01578	0.01212	0.01088	0.01005	0.01236	0.10743	0.00759	0.08305	0.04079	0.02683	0.14367	0.05516	0.02660	0.03414	0.00725	0.00208	0.00531	0.00811	0.38334	0.00746
13	0.00865	0.00629	0.00817	0.00968	0.01027	0.00580	0.00651	0.00994	0.01386	0.01827	0.04210	0.68638	0.10398	0.02194	0.00903	0.00285	0.00409	0.01979	0.00661	0.00580
14	0.01550	0.01609	0.06328	0.35239	0.27230	0.01653	0.05929	0.02162	0.07183	0.02144	0.01439	0.01894	0.01119	0.00698	0.00716	0.00228	0.00902	0.00654	0.00365	0.00961
15	0.01509	0.01217	0.01431	0.01075	0.01637	0.00965	0.00850	0.01907	0.05291	0.05207	0.04487	0.06077	0.01602	0.00707	0.00582	0.00134	0.00518	0.00587	0.00487	0.63730
16	0.02058	0.01724	0.01984	0.04268	0.02184	0.04741	0.06743	0.29093	0.23973	0.03301	0.02493	0.02485	0.07278	0.01085	0.03074	0.00257	0.00776	0.00778	0.00643	0.01062
17	0.01852	0.05782	0.03533	0.05806	0.01896	0.05217	0.04553	0.08746	0.03447	0.12583	0.01855	0.02416	0.01548	0.14606	0.03090	0.00304	0.00748	0.00679	0.07070	0.14270
18	0.07335	0.01384	0.01572	0.01348	0.01654	0.01586	0.01069	0.23875	0.09821	0.02858	0.02159	0.04345	0.05435	0.09311	0.14286	0.00451	0.09287	0.00784	0.00555	0.00886
19	0.00943	0.00696	0.00892	0.01030	0.01101	0.00678	0.00700	0.01225	0.07040	0.01915	0.03839	0.68502	0.04498	0.02125	0.00893	0.00285	0.00426	0.01922	0.00666	0.00624

[dist]
# distance from previous block
# <min> <max>
2	4

[block]
# block no. 4 follows, 29 sequences, length 11
# corresponding to MSA columns:
# 354-364
name=unknown_E
#
# <colnr> <probs for GDERKNQSTAVLIFYWHMCP>
#	G	D	E	R	K	N	Q	S	T	A	V	L	I	F	Y	W	H	M	C	P
0	0.01105	0.00928	0.05244	0.01028	0.01221	0.00806	0.00823	0.01325	0.01367	0.04775	0.07145	0.09145	0.15462	0.19168	0.22411	0.00613	0.00963	0.05316	0.00522	0.00633
1	0.01005	0.00742	0.00918	0.01002	0.01124	0.00713	0.00746	0.01249	0.03879	0.01930	0.06955	0.26375	0.16350	0.14750	0.01383	0.00356	0.00519	0.18775	0.00627	0.00601
2	0.08141	0.00925	0.01331	0.10477	0.03559	0.00979	0.04077	0.03243	0.01296	0.01851	0.02196	0.11721	0.06876	0.01973	0.05858	0.29489	0.00729	0.04268	0.00429	0.00583
3	0.01763	0.02622	0.38871	0.02144	0.10022	0.01513	0.08051	0.04568	0.01719	0.12868	0.07449	0.02043	0.01582	0.00769	0.00716	0.00224	0.00905	0.00664	0.00455	0.01049
4	0.01918	0.02128	0.02089	0.19851	0.11302	0.27123	0.01595	0.02363	0.07659	0.01948	0.01561	0.01886	0.03926	0.00850	0.00911	0.00225	0.10791	0.00620	0.00389	0.00866
5	0.01057	0.00799	0.01131	0.01111	0.01202	0.00931	0.00833	0.01249	0.01117	0.01597	0.01918	0.03126	0.01903	0.20380	0.52518	0.00990	0.06338	0.00814	0.00388	0.00600
6	0.01222	0.00906	0.01085	0.01065	0.01275	0.00910	0.00830	0.08415	0.05670	0.02465	0.17925	0.14641	0.15673	0.04949	0.04294	0.00316	0.00560	0.13604	0.03479	0.00714
7	0.01318	0.01015	0.01387	0.01350	0.04915	0.01124	0.03289	0.06419	0.01378	0.01921	0.04513	0.11011	0.04791	0.20950	0.06382	0.10712	0.12461	0.00962	0.03463	0.00639
8	0.01917	0.43210	0.06874	0.05079	0.02071	0.04499	0.01338	0.08221	0.05175	0.04965	0.01324	0.01519	0.01102	0.01014	0.05319	0.00247	0.04290	0.00501	0.00396	0.00939
9	0.01403	0.05390	0.04987	0.01100	0.01518	0.01014	0.00920	0.01775	0.04175	0.07162	0.16147	0.10759	0.05415	0.01434	0.06991	0.00269	0.00638	0.00887	0.00559	0.27457
10	0.01776	0.02329	0.13254	0.07536	0.07316	0.26246	0.01537	0.02104	0.01637	0.01935	0.05726	0.09773	0.01786	0.03446	0.03891	0.00277	0.07441	0.00762	0.00406	0.00822

[dist]
# distance from previous block
# <min> <max>
0	18

[block]
# block no. 5 follows, 29 sequences, length 24
# corresponding to MSA columns:
# 393-416
name=unknown_F
#
# <colnr> <probs for GDERKNQSTAVLIFYWHMCP>
#	G	D	E	R	K	N	Q	S	T	A	V	L	I	F	Y	W	H	M	C	P
0	0.08533	0.06867	0.02100	0.15456	0.08567	0.11455	0.04354	0.10279	0.01845	0.09778	0.03693	0.01822	0.01295	0.00740	0.00648	0.00201	0.00817	0.00594	0.03373	0.07582
1	0.12925	0.01424	0.04371	0.05635	0.08293	0.07080	0.08076	0.01761	0.01489	0.02206	0.11463	0.02693	0.04530	0.08245	0.05036	0.07443	0.00803	0.00757	0.00446	0.05324
2	0.01382	0.01183	0.01467	0.05446	0.07035	0.07338	0.02896	0.01587	0.01439	0.04484	0.07509	0.10221	0.07953	0.09452	0.13983	0.05561	0.05443	0.00941	0.00472	0.04207
3	0.08388	0.00760	0.00852	0.00867	0.01036	0.00727	0.00624	0.01202	0.01537	0.02168	0.19564	0.21007	0.24734	0.08958	0.04127	0.00328	0.00483	0.01390	0.00634	0.00613
4	0.00907	0.00660	0.00855	0.00942	0.01036	0.00608	0.00655	0.01098	0.01576	0.02133	0.23780	0.48801	0.10373	0.01968	0.00883	0.00266	0.00386	0.01766	0.00697	0.00608
5	0.02201	0.08798	0.01849	0.01508	0.05588	0.19562	0.01131	0.10639	0.02016	0.16837	0.05343	0.05976	0.13488	0.01042	0.00706	0.00210	0.00770	0.00820	0.00592	0.00925
6	0.09112	0.11795	0.12151	0.04535	0.02041	0.01543	0.01264	0.02414	0.13728	0.08088	0.04702	0.01886	0.01494	0.00731	0.00605	0.00186	0.00663	0.00570	0.00493	0.21997
7	0.01953	0.06838	0.15705	0.01907	0.10089	0.08733	0.03998	0.12186	0.11977	0.07430	0.02066	0.02143	0.05160	0.00827	0.00681	0.00213	0.00810	0.00669	0.05594	0.01021
8	0.01245	0.00771	0.00983	0.00969	0.01159	0.00701	0.00727	0.01478	0.01711	0.11152	0.25493	0.21638	0.15707	0.05769	0.01009	0.00277	0.00442	0.07359	0.00716	0.00693
9	0.01018	0.00687	0.00801	0.00818	0.00828	0.00690	0.00479	0.01044	0.01073	0.01438	0.02389	0.11359	0.02751	0.64107	0.07085	0.00676	0.00730	0.01117	0.00451	0.00457
10	0.01913	0.28677	0.16347	0.03754	0.10967	0.11838	0.01670	0.08139	0.01714	0.02143	0.01257	0.03416	0.01072	0.00736	0.00669	0.00196	0.03625	0.00536	0.00366	0.00965
11	0.02199	0.05533	0.01965	0.04826	0.02103	0.35771	0.01304	0.12431	0.04502	0.02319	0.08180	0.02047	0.04134	0.00919	0.00858	0.00211	0.08716	0.00640	0.00473	0.00869
12	0.01592	0.03397	0.10777	0.10527	0.13787	0.05239	0.01500	0.08767	0.03853	0.02322	0.01885	0.11793	0.01787	0.05283	0.00881	0.00244	0.00774	0.03715	0.00459	0.11416
13	0.01517	0.01123	0.01243	0.04446	0.01559	0.04973	0.00907	0.02144	0.17205	0.10908	0.10185	0.19961	0.12715	0.04571	0.00920	0.00266	0.00550	0.03315	0.00673	0.00817
14	0.01118	0.00885	0.00991	0.05016	0.01245	0.04728	0.00718	0.01244	0.01299	0.01667	0.05347	0.13986	0.07332	0.37979	0.06318	0.00525	0.00733	0.07818	0.00500	0.00548
15	0.01267	0.00890	0.01113	0.03712	0.01329	0.00919	0.00807	0.04504	0.04411	0.06410	0.10141	0.21504	0.10137	0.19033	0.01591	0.00365	0.04814	0.05776	0.00605	0.00673
16	0.07376	0.09198	0.13306	0.09862	0.06817	0.07954	0.11192	0.11109	0.04044	0.10198	0.01522	0.01713	0.01118	0.00720	0.00676	0.00215	0.00907	0.00606	0.00463	0.01003
17	0.01069	0.00787	0.01001	0.00985	0.01015	0.00873	0.00664	0.01150	0.01094	0.01511	0.02189	0.10168	0.02438	0.46172	0.17906	0.00714	0.08287	0.01024	0.00429	0.00523
18	0.00953	0.00667	0.00857	0.00966	0.01011	0.00649	0.00651	0.01066	0.01285	0.01712	0.03325	0.43859	0.03895	0.24214	0.04482	0.00447	0.00579	0.08259	0.00581	0.00544
19	0.01609	0.04034	0.05817	0.06803	0.01838	0.18046	0.01110	0.01854	0.01625	0.07650	0.05011	0.26120	0.08600	0.01602	0.04750	0.00287	0.00807	0.01144	0.00537	0.00756
20	0.04576	0.18509	0.10358	0.12486	0.06490	0.10068	0.01543	0.04882	0.05742	0.13201	0.01529	0.01688	0.01150	0.00753	0.00708	0.00209	0.04121	0.00559	0.00454	0.00974
21	0.02182	0.02499	0.02065	0.01906	0.05096	0.38412	0.01439	0.06601	0.01745	0.01932	0.01146	0.01507	0.01001	0.01166	0.05353	0.00283	0.23908	0.00548	0.00372	0.00838
22	0.01333	0.01096	0.01380	0.01186	0.01473	0.01111	0.00923	0.06112	0.01482	0.02153	0.05723	0.12227	0.04288	0.06050	0.14772	0.00410	0.11227	0.00865	0.00479	0.25711
23	0.01875	0.05631	0.19949	0.03964	0.02271	0.08434	0.01615	0.15620	0.03977	0.05138	0.01604	0.01943	0.02759	0.05060	0.03806	0.00287	0.12196	0.00628	0.00450	0.02793

[dist]
# distance from previous block
# <min> <max>
1	3

[block]
# block no. 6 follows, 29 sequences, length 15
# corresponding to MSA columns:
# 420-434
name=unknown_G
#
# <colnr> <probs for GDERKNQSTAVLIFYWHMCP>
#	G	D	E	R	K	N	Q	S	T	A	V	L	I	F	Y	W	H	M	C	P
0	0.01215	0.01101	0.04682	0.01155	0.01366	0.04398	0.00893	0.07682	0.01642	0.02176	0.05687	0.48600	0.05680	0.01791	0.00841	0.00260	0.00538	0.04255	0.00622	0.05416
1	0.01726	0.24281	0.06794	0.05479	0.08352	0.04824	0.09445	0.05479	0.01619	0.02166	0.03413	0.03855	0.01322	0.00745	0.00702	0.00191	0.04439	0.00606	0.04361	0.10203
2	0.06248	0.06087	0.13721	0.08996	0.18244	0.04195	0.01621	0.09213	0.01729	0.04432	0.03736	0.04528	0.04085	0.04517	0.00821	0.00235	0.00796	0.00690	0.00441	0.05663
3	0.00943	0.00784	0.01005	0.00934	0.01162	0.00691	0.04571	0.01188	0.01716	0.02209	0.25114	0.12859	0.40883	0.01672	0.00848	0.00240	0.00408	0.01452	0.00680	0.00641
4	0.13045	0.16865	0.01919	0.03966	0.04293	0.04328	0.01061	0.07774	0.01628	0.09485	0.04960	0.05873	0.05690	0.04340	0.04663	0.04284	0.03775	0.00719	0.00495	0.00834
5	0.22025	0.01568	0.09560	0.01481	0.05089	0.04136	0.01229	0.01902	0.04741	0.02312	0.01648	0.09364	0.01529	0.01666	0.11795	0.00381	0.13537	0.00723	0.04520	0.00797
6	0.00975	0.00705	0.00826	0.00827	0.00922	0.00678	0.00547	0.01098	0.01350	0.01781	0.13888	0.09152	0.18827	0.36539	0.08407	0.00532	0.00651	0.01215	0.00547	0.00534
7	0.08191	0.01049	0.04243	0.01177	0.03688	0.00919	0.00919	0.01835	0.04188	0.14531	0.15459	0.17611	0.14885	0.01455	0.00793	0.00247	0.00506	0.06829	0.00679	0.00794
8	0.06105	0.09083	0.02057	0.01430	0.01918	0.04248	0.04983	0.14211	0.01828	0.07357	0.03114	0.01709	0.01253	0.00935	0.03540	0.00223	0.09812	0.00562	0.00484	0.25148
9	0.04749	0.05271	0.08245	0.11846	0.05684	0.01410	0.04786	0.07078	0.03057	0.02383	0.08460	0.06342	0.05853	0.01137	0.03936	0.00254	0.04439	0.00783	0.03222	0.11064
10	0.01898	0.12413	0.18357	0.06021	0.08314	0.04458	0.01627	0.10057	0.04560	0.09623	0.01566	0.01789	0.01196	0.01006	0.03471	0.03550	0.04606	0.00588	0.03924	0.00976
11	0.01790	0.10406	0.10727	0.01304	0.01736	0.01361	0.01197	0.04627	0.05057	0.16324	0.08403	0.10600	0.02367	0.01181	0.02284	0.00244	0.05577	0.04167	0.06761	0.03887
12	0.01027	0.00871	0.03689	0.01027	0.01181	0.00791	0.00792	0.01207	0.01413	0.01908	0.11821	0.22382	0.15009	0.10149	0.09115	0.05068	0.04464	0.04608	0.00561	0.02919
13	0.03728	0.05776	0.16270	0.05907	0.12119	0.07003	0.07494	0.02318	0.06319	0.08166	0.01729	0.01971	0.03504	0.01033	0.04912	0.00270	0.04733	0.00640	0.00428	0.05680
14	0.02016	0.12719	0.09226	0.04942	0.05828	0.10009	0.07316	0.02528	0.07917	0.15451	0.01733	0.01926	0.01320	0.01281	0.08719	0.00318	0.04675	0.00629	0.00480	0.00967

[dist]
# distance from previous block
# <min> <max>
5	45

[block]
# block no. 7 follows, 29 sequences, length 21
# corresponding to MSA columns:
# 485-505
name=unknown_H
#
# <colnr> <probs for GDERKNQSTAVLIFYWHMCP>
#	G	D	E	R	K	N	Q	S	T	A	V	L	I	F	Y	W	H	M	C	P
0	0.08121	0.01730	0.13181	0.06199	0.16323	0.01505	0.01557	0.06393	0.07819	0.05981	0.05726	0.09911	0.01925	0.03620	0.00946	0.00253	0.06565	0.00816	0.00491	0.00938
1	0.07476	0.01867	0.09996	0.01697	0.07394	0.07932	0.04126	0.07138	0.09742	0.02463	0.01530	0.01844	0.01251	0.04282	0.03920	0.00255	0.04334	0.00584	0.00447	0.21722
2	0.04565	0.06367	0.07159	0.05403	0.24751	0.04655	0.01517	0.06705	0.01744	0.06582	0.09134	0.14085	0.02296	0.01026	0.00724	0.00224	0.00724	0.00897	0.00503	0.00939
3	0.10750	0.01532	0.13618	0.09332	0.03954	0.01248	0.05466	0.01735	0.04327	0.02140	0.02679	0.12696	0.11113	0.06763	0.03630	0.00314	0.03373	0.04085	0.00470	0.00775
4	0.01913	0.56073	0.03160	0.01260	0.01782	0.08082	0.01169	0.06342	0.01572	0.01841	0.01177	0.01516	0.01092	0.06057	0.04170	0.00244	0.00855	0.00468	0.00349	0.00879
5	0.00990	0.00704	0.00886	0.00910	0.00973	0.00725	0.00607	0.01097	0.01162	0.01567	0.02786	0.14388	0.08073	0.38325	0.22969	0.00729	0.00978	0.01136	0.00468	0.00526
6	0.01592	0.01454	0.01529	0.01145	0.01740	0.06701	0.00906	0.02016	0.06253	0.02320	0.01366	0.01544	0.01122	0.00574	0.00550	0.00121	0.00590	0.00452	0.00439	0.67586
7	0.08593	0.10358	0.09196	0.06527	0.07025	0.08831	0.05780	0.07474	0.01775	0.12647	0.01723	0.02274	0.01401	0.00828	0.00671	0.00213	0.00826	0.06947	0.00490	0.06420
8	0.01719	0.01269	0.01402	0.06406	0.01758	0.06220	0.01008	0.12564	0.03542	0.11314	0.10105	0.03962	0.16598	0.04874	0.06150	0.00317	0.00730	0.06116	0.00627	0.03321
9	0.01011	0.00701	0.00806	0.00795	0.00852	0.00678	0.00490	0.01096	0.01289	0.01728	0.16255	0.05008	0.10099	0.53105	0.02795	0.00553	0.00587	0.01132	0.00524	0.00496
10	0.01107	0.00868	0.01196	0.01152	0.01309	0.00994	0.00903	0.04491	0.01319	0.01834	0.02630	0.03272	0.11957	0.04329	0.53503	0.00910	0.06263	0.00859	0.00435	0.00668
11	0.01901	0.06524	0.09668	0.05862	0.17604	0.06868	0.07867	0.08040	0.08809	0.07469	0.03914	0.01951	0.01416	0.00905	0.02571	0.00246	0.06244	0.00663	0.00465	0.01012
12	0.01960	0.11389	0.07851	0.13369	0.05364	0.22658	0.06352	0.04022	0.01648	0.04377	0.01252	0.01607	0.01019	0.00956	0.02742	0.04213	0.07433	0.00561	0.00365	0.00860
13	0.01228	0.00973	0.01232	0.01169	0.03648	0.00927	0.00851	0.01490	0.02964	0.01978	0.06509	0.03880	0.04821	0.20520	0.10319	0.00444	0.04071	0.10237	0.00484	0.22256
14	0.13934	0.16069	0.17728	0.08397	0.05401	0.01804	0.06948	0.02206	0.01471	0.09255	0.01363	0.01627	0.01049	0.00955	0.04447	0.00265	0.05200	0.00554	0.00396	0.00932
15	0.01010	0.00824	0.00948	0.03830	0.01225	0.03267	0.00724	0.01194	0.01517	0.01973	0.11985	0.34000	0.22351	0.04908	0.01017	0.00276	0.03137	0.01539	0.03660	0.00617
16	0.00989	0.00698	0.00873	0.00902	0.00956	0.00715	0.00593	0.01086	0.01158	0.01560	0.02774	0.16513	0.07133	0.40234	0.20024	0.00704	0.00924	0.01170	0.00474	0.00519
17	0.01143	0.00866	0.00863	0.00877	0.00921	0.05658	0.00539	0.01201	0.01190	0.01570	0.02439	0.15489	0.02756	0.52661	0.02750	0.00552	0.00661	0.01127	0.06236	0.00500
18	0.09406	0.07656	0.06873	0.03631	0.04575	0.08984	0.11299	0.02370	0.15633	0.02289	0.01826	0.07174	0.01565	0.01203	0.05167	0.02955	0.02829	0.00739	0.02944	0.00883
19	0.03683	0.04071	0.01968	0.03827	0.13839	0.21897	0.01358	0.01995	0.01473	0.01811	0.01420	0.04971	0.01408	0.14279	0.01596	0.00316	0.18232	0.00695	0.00373	0.00787
20	0.10014	0.15506	0.04906	0.10533	0.12955	0.04028	0.06331	0.06323	0.01597	0.02333	0.01250	0.01556	0.01017	0.00674	0.00676	0.00193	0.03921	0.00534	0.02685	0.12970

[dist]
# distance from previous block
# <min> <max>
2	11

[block]
# block no. 8 follows, 29 sequences, length 14
# corresponding to MSA columns:
# 519-532
name=unknown_I
#
# <colnr> <probs for GDERKNQSTAVLIFYWHMCP>
#	G	D	E	R	K	N	Q	S	T	A	V	L	I	F	Y	W	H	M	C	P
0	0.00946	0.00698	0.00885	0.00978	0.01099	0.00649	0.00724	0.01146	0.01547	0.02031	0.14156	0.34908	0.17340	0.05507	0.01032	0.00297	0.00453	0.14330	0.00667	0.00605
1	0.01558	0.06103	0.06829	0.08203	0.10751	0.04573	0.05577	0.01869	0.01554	0.09418	0.04279	0.24912	0.02476	0.03840	0.00858	0.00249	0.00710	0.01085	0.00516	0.04639
2	0.01867	0.09734	0.06696	0.07603	0.14071	0.01616	0.01451	0.09155	0.06093	0.11542	0.01799	0.05277	0.01467	0.01271	0.07564	0.00303	0.04637	0.00688	0.02389	0.04778
3	0.01016	0.00743	0.00927	0.01018	0.01131	0.00712	0.00730	0.05065	0.01548	0.02034	0.06023	0.49227	0.12646	0.05397	0.01020	0.00299	0.00465	0.08718	0.00656	0.00623
4	0.18426	0.01590	0.01704	0.05983	0.05054	0.06503	0.01201	0.18802	0.01826	0.02785	0.01506	0.05368	0.01339	0.07368	0.01202	0.00276	0.14109	0.00673	0.03423	0.00864
5	0.05768	0.01806	0.02012	0.11843	0.13507	0.13744	0.01456	0.14419	0.01945	0.09053	0.03214	0.01850	0.01293	0.01073	0.05304	0.00270	0.04706	0.00612	0.00485	0.05638
6	0.01342	0.01226	0.04694	0.01346	0.01487	0.01376	0.01086	0.05754	0.04483	0.01870	0.01717	0.02791	0.01688	0.21831	0.22393	0.00636	0.22392	0.00777	0.00408	0.00703
7	0.01012	0.00704	0.00858	0.00868	0.00910	0.00724	0.00552	0.01085	0.01107	0.01493	0.02508	0.08518	0.05783	0.51697	0.18513	0.00745	0.00928	0.01056	0.00445	0.00494
8	0.06972	0.01523	0.07670	0.01656	0.09202	0.01421	0.01262	0.06240	0.22244	0.13533	0.09113	0.02695	0.04510	0.01337	0.07152	0.00310	0.00746	0.00780	0.00626	0.01008
9	0.00924	0.00702	0.00817	0.00854	0.00998	0.00636	0.00610	0.01099	0.01540	0.01979	0.15614	0.20714	0.31160	0.13339	0.01302	0.00325	0.00439	0.05719	0.00644	0.00585
10	0.05386	0.01900	0.14686	0.05897	0.21406	0.01578	0.11806	0.08659	0.03416	0.02433	0.01630	0.05919	0.01414	0.05879	0.04623	0.00305	0.00935	0.00748	0.00416	0.00963
11	0.01948	0.04897	0.06258	0.11970	0.05294	0.22520	0.18354	0.05534	0.01748	0.02104	0.01251	0.01607	0.00994	0.00719	0.00827	0.00214	0.06743	0.00605	0.00368	0.06045
12	0.06351	0.01149	0.01287	0.00992	0.01497	0.00944	0.00786	0.03819	0.01598	0.02427	0.08838	0.02786	0.13910	0.00862	0.00613	0.00152	0.00489	0.00701	0.00510	0.50290
13	0.01866	0.10105	0.11578	0.01420	0.01923	0.01651	0.01304	0.23699	0.02014	0.05977	0.01669	0.02064	0.01366	0.05768	0.18906	0.00462	0.01073	0.00636	0.00499	0.06020

[dist]
# distance from previous block
# <min> <max>
0	5

[block]
# block no. 9 follows, 29 sequences, length 15
# corresponding to MSA columns:
# 538-552
name=unknown_J
#
# <colnr> <probs for GDERKNQSTAVLIFYWHMCP>
#	G	D	E	R	K	N	Q	S	T	A	V	L	I	F	Y	W	H	M	C	P
0	0.01488	0.13079	0.03877	0.04471	0.01661	0.08845	0.01060	0.04448	0.04582	0.01920	0.02092	0.19378	0.02157	0.06762	0.09262	0.03541	0.05991	0.00954	0.03694	0.00737
1	0.01118	0.00781	0.00954	0.00974	0.01130	0.00757	0.00698	0.01509	0.08627	0.05018	0.21213	0.33125	0.10978	0.04984	0.00960	0.00272	0.00420	0.01496	0.04303	0.00685
2	0.01282	0.00835	0.00973	0.00947	0.01199	0.00764	0.00733	0.01619	0.06120	0.11318	0.08669	0.14681	0.34831	0.01640	0.00827	0.00250	0.00443	0.08221	0.03923	0.00727
3	0.01823	0.06633	0.36525	0.01904	0.05648	0.01819	0.01989	0.15993	0.04634	0.05745	0.03768	0.01758	0.01264	0.00799	0.00812	0.00226	0.06554	0.00600	0.00449	0.01057
4	0.04432	0.10448	0.02119	0.06313	0.02188	0.14178	0.05921	0.13292	0.08316	0.05658	0.02069	0.02328	0.06665	0.00864	0.00672	0.00202	0.00808	0.03260	0.00513	0.09754
5	0.01114	0.00778	0.00920	0.00907	0.01057	0.00736	0.00641	0.04508	0.01609	0.04468	0.18382	0.18428	0.19103	0.20324	0.01555	0.00361	0.00488	0.03360	0.00639	0.00622
6	0.01001	0.00810	0.01119	0.01088	0.01283	0.00745	0.05925	0.01227	0.01553	0.01989	0.09501	0.20470	0.27682	0.08313	0.01131	0.00306	0.00522	0.14084	0.00625	0.00625
7	0.01680	0.12946	0.15087	0.12679	0.03008	0.08267	0.18035	0.02131	0.01510	0.01986	0.01206	0.01599	0.00967	0.00738	0.00932	0.00224	0.12001	0.00602	0.00331	0.04070
8	0.01218	0.00655	0.00937	0.00944	0.00962	0.00661	0.00631	0.01042	0.03445	0.01352	0.01556	0.07930	0.01608	0.05986	0.02604	0.66387	0.00604	0.00755	0.00358	0.00366
9	0.01227	0.00825	0.01004	0.00953	0.01039	0.00858	0.00640	0.04609	0.01340	0.05012	0.09561	0.09446	0.02940	0.45254	0.08464	0.00584	0.04094	0.01061	0.00512	0.00577
10	0.00998	0.00675	0.00788	0.00824	0.00833	0.00666	0.00482	0.01026	0.01108	0.01477	0.02614	0.20055	0.03056	0.58942	0.03026	0.00602	0.00629	0.01253	0.00482	0.00464
11	0.07691	0.01642	0.08107	0.06996	0.04726	0.01601	0.13753	0.08737	0.11672	0.02460	0.01956	0.02270	0.05302	0.01430	0.08895	0.03594	0.07075	0.00733	0.00461	0.00898
12	0.09367	0.06364	0.23902	0.04964	0.08275	0.01533	0.03927	0.04124	0.06143	0.10247	0.06077	0.02208	0.04314	0.01043	0.04274	0.00267	0.00849	0.00671	0.00476	0.00973
13	0.09393	0.04692	0.01889	0.01498	0.01871	0.14587	0.10298	0.13098	0.03893	0.02454	0.04115	0.08244	0.07586	0.11949	0.01142	0.00290	0.00814	0.00861	0.00509	0.00816
14	0.05061	0.19425	0.11560	0.03840	0.02299	0.05904	0.09742	0.05409	0.08056	0.06256	0.01579	0.04964	0.01299	0.00778	0.00695	0.00202	0.03258	0.00629	0.00441	0.08602

[dist]
# distance from previous block
# <min> <max>
2	11

[block]
# block no. 10 follows, 29 sequences, length 16
# corresponding to MSA columns:
# 564-579
name=unknown_K
#
# <colnr> <probs for GDERKNQSTAVLIFYWHMCP>
#	G	D	E	R	K	N	Q	S	T	A	V	L	I	F	Y	W	H	M	C	P
0	0.11104	0.14991	0.10595	0.01737	0.06647	0.22407	0.01438	0.05800	0.14335	0.02361	0.01471	0.01580	0.01160	0.00740	0.00614	0.00202	0.00894	0.00530	0.00439	0.00957
1	0.01243	0.01133	0.05737	0.05400	0.01485	0.05149	0.00896	0.01486	0.01524	0.05202	0.10715	0.04217	0.23511	0.09005	0.11268	0.03926	0.00769	0.01018	0.05645	0.00672
2	0.05801	0.19578	0.05275	0.01538	0.04943	0.14985	0.01254	0.10859	0.13889	0.02459	0.03772	0.02181	0.07224	0.00958	0.02164	0.00221	0.00812	0.00648	0.00496	0.00943
3	0.05312	0.05554	0.10234	0.06157	0.02441	0.07123	0.11810	0.08455	0.06069	0.06506	0.01542	0.03718	0.01257	0.02586	0.01110	0.00250	0.16249	0.00678	0.02027	0.00923
4	0.00911	0.00678	0.00797	0.00872	0.00974	0.00623	0.00595	0.01035	0.01386	0.01768	0.04590	0.33798	0.25186	0.18514	0.01504	0.00366	0.00471	0.04766	0.00609	0.00556
5	0.01073	0.00900	0.04922	0.00998	0.01107	0.00792	0.00752	0.01194	0.01268	0.01706	0.07149	0.13055	0.06476	0.36642	0.02366	0.05750	0.03251	0.09555	0.00502	0.00542
6	0.01668	0.05801	0.25726	0.01914	0.09416	0.01628	0.01754	0.08107	0.01601	0.06206	0.01468	0.01858	0.01186	0.03969	0.08251	0.00332	0.10841	0.00604	0.01813	0.05858
7	0.02285	0.01316	0.01559	0.01280	0.01720	0.01330	0.01028	0.14976	0.16995	0.28264	0.14000	0.03097	0.06846	0.01047	0.00745	0.00226	0.00570	0.00865	0.00786	0.01066
8	0.00903	0.00686	0.00835	0.00903	0.01042	0.00619	0.00653	0.01099	0.01592	0.02072	0.17772	0.34699	0.26791	0.01924	0.00878	0.00263	0.00396	0.05582	0.00684	0.00609
9	0.01778	0.19340	0.09139	0.09831	0.08264	0.11667	0.08684	0.07252	0.01759	0.02167	0.04376	0.02248	0.08911	0.00828	0.00671	0.00205	0.00879	0.00683	0.00413	0.00904
10	0.05269	0.00894	0.01033	0.01014	0.01201	0.00903	0.00731	0.05743	0.07934	0.06482	0.10280	0.30181	0.07598	0.10978	0.01153	0.00306	0.00488	0.01337	0.05757	0.00715
11	0.01473	0.01031	0.01156	0.01115	0.01359	0.00886	0.00805	0.01582	0.01938	0.07885	0.23373	0.14898	0.35625	0.01871	0.00984	0.00306	0.00517	0.01510	0.00821	0.00864
12	0.01595	0.01056	0.01282	0.01299	0.01466	0.01003	0.00924	0.01783	0.07264	0.06826	0.07810	0.33142	0.03709	0.02393	0.08742	0.08168	0.00752	0.04303	0.05623	0.00860
13	0.06547	0.07988	0.10326	0.03623	0.04038	0.06807	0.05566	0.10628	0.01904	0.02730	0.05192	0.02397	0.01742	0.01452	0.06605	0.00365	0.14435	0.00744	0.05849	0.01063
14	0.01353	0.01006	0.01140	0.01181	0.01328	0.00917	0.00803	0.01501	0.05903	0.02297	0.11054	0.36307	0.17902	0.11739	0.01375	0.00386	0.00575	0.01668	0.00756	0.00807
15	0.08615	0.01646	0.05114	0.01639	0.06077	0.01661	0.04177	0.32483	0.06192	0.03314	0.02400	0.15314	0.06037	0.01120	0.00737	0.00233	0.00693	0.00936	0.00620	0.00993

[dist]
# distance from previous block
# <min> <max>
0	11

[block]
# block no. 11 follows, 29 sequences, length 18
# corresponding to MSA columns:
# 592-609
name=unknown_L
#
# <colnr> <probs for GDERKNQSTAVLIFYWHMCP>
#	G	D	E	R	K	N	Q	S	T	A	V	L	I	F	Y	W	H	M	C	P
0	0.01138	0.09107	0.01239	0.00982	0.01153	0.00996	0.00727	0.01449	0.07018	0.01947	0.12330	0.19785	0.10232	0.20647	0.04404	0.00396	0.00593	0.04640	0.00572	0.00645
1	0.03600	0.13141	0.12224	0.01682	0.07587	0.13455	0.01384	0.02439	0.10814	0.09204	0.01945	0.07880	0.01717	0.06806	0.00908	0.00253	0.00815	0.02736	0.00487	0.00921
2	0.05400	0.18881	0.02386	0.04368	0.03837	0.05449	0.01296	0.32808	0.09652	0.03232	0.01566	0.01636	0.01195	0.00770	0.00631	0.00197	0.00765	0.00569	0.00554	0.04810
3	0.01672	0.01326	0.01649	0.01327	0.01746	0.06179	0.08625	0.06752	0.03723	0.09110	0.16736	0.03241	0.07915	0.00998	0.00715	0.00199	0.00622	0.03391	0.07075	0.16999
4	0.16232	0.13003	0.13118	0.01393	0.01812	0.03777	0.01308	0.04606	0.01432	0.05478	0.01694	0.05798	0.04516	0.07070	0.01198	0.00271	0.15361	0.00676	0.00422	0.00834
5	0.01374	0.01157	0.01377	0.01063	0.01545	0.00944	0.00823	0.01634	0.01409	0.02156	0.01638	0.10185	0.01598	0.06910	0.00914	0.00185	0.04017	0.00667	0.00445	0.59960
6	0.00911	0.00651	0.00876	0.01041	0.01101	0.00616	0.00736	0.01066	0.01406	0.01866	0.03901	0.64204	0.04615	0.02190	0.00920	0.00295	0.00451	0.11902	0.00660	0.00590
7	0.01140	0.01099	0.06797	0.01048	0.01319	0.00918	0.00862	0.04205	0.10065	0.02355	0.20737	0.16151	0.21425	0.07394	0.01041	0.00278	0.00488	0.01296	0.00654	0.00728
8	0.01549	0.01745	0.14080	0.01687	0.02201	0.01424	0.14016	0.05388	0.16372	0.05771	0.09546	0.05079	0.10031	0.01257	0.04572	0.00285	0.02597	0.00910	0.00557	0.00933
9	0.01098	0.00753	0.00932	0.00994	0.01125	0.00718	0.00709	0.01365	0.05530	0.05771	0.07188	0.39267	0.13558	0.10508	0.01200	0.00323	0.00475	0.07188	0.00655	0.00644
10	0.00905	0.00693	0.00834	0.00894	0.01043	0.00622	0.00652	0.01107	0.01609	0.02085	0.18296	0.30817	0.29567	0.01899	0.00875	0.00261	0.00395	0.06148	0.00685	0.00611
11	0.01776	0.16195	0.08336	0.03651	0.02087	0.16232	0.05612	0.02183	0.07045	0.01874	0.01571	0.02061	0.03607	0.08930	0.01300	0.00274	0.15410	0.00639	0.00383	0.00835
12	0.01393	0.01363	0.06823	0.09609	0.01885	0.06908	0.01169	0.01649	0.01442	0.05215	0.04605	0.24401	0.04693	0.05318	0.01191	0.00278	0.13255	0.01110	0.06968	0.00728
13	0.00901	0.00658	0.00852	0.00971	0.01058	0.00609	0.00681	0.01072	0.01494	0.01985	0.12904	0.53852	0.11986	0.02066	0.00898	0.00278	0.00413	0.06045	0.00677	0.00598
14	0.01106	0.00857	0.01207	0.01144	0.01258	0.00946	0.03772	0.01369	0.04737	0.01678	0.02170	0.09229	0.02238	0.27310	0.33548	0.00798	0.04631	0.00956	0.00435	0.00611
15	0.05032	0.05941	0.09895	0.04921	0.07414	0.05210	0.01218	0.01808	0.06453	0.02113	0.09420	0.08513	0.10556	0.11034	0.01203	0.00296	0.04530	0.03167	0.00496	0.00780
16	0.02167	0.11474	0.06669	0.01700	0.06179	0.07369	0.04316	0.14057	0.14469	0.13674	0.01892	0.01940	0.01409	0.01036	0.04639	0.00258	0.00842	0.00633	0.00565	0.04713
17	0.04071	0.04602	0.01777	0.01722	0.10435	0.13643	0.01203	0.11165	0.01878	0.06536	0.07998	0.05100	0.04118	0.04692	0.06700	0.00314	0.02865	0.06116	0.00527	0.04537

[dist]
# distance from previous block
# <min> <max>
0	30

[block]
# block no. 12 follows, 29 sequences, length 20
# corresponding to MSA columns:
# 640-659
name=unknown_M
#
# <colnr> <probs for GDERKNQSTAVLIFYWHMCP>
#	G	D	E	R	K	N	Q	S	T	A	V	L	I	F	Y	W	H	M	C	P
0	0.06376	0.01989	0.20836	0.04454	0.08349	0.01493	0.01567	0.13000	0.07887	0.08028	0.02023	0.11580	0.01774	0.06369	0.00925	0.00266	0.00766	0.00825	0.00523	0.00970
1	0.01252	0.01176	0.01644	0.10054	0.06504	0.04723	0.08221	0.01593	0.04457	0.02002	0.06736	0.22148	0.16787	0.03676	0.00999	0.00265	0.05253	0.01243	0.00532	0.00735
2	0.04023	0.08003	0.12472	0.05765	0.02134	0.15030	0.01385	0.10644	0.06359	0.04848	0.10570	0.09504	0.02197	0.01008	0.00749	0.00220	0.02872	0.00797	0.00519	0.00900
3	0.01985	0.23442	0.04239	0.15006	0.05331	0.14499	0.05605	0.05398	0.03174	0.07502	0.01415	0.01787	0.01161	0.05612	0.00825	0.00229	0.00907	0.00576	0.00406	0.00901
4	0.04565	0.01456	0.02019	0.24306	0.07926	0.01624	0.04355	0.19253	0.06461	0.06825	0.01873	0.05060	0.01539	0.01123	0.04181	0.00280	0.00857	0.04815	0.00526	0.00955
5	0.01552	0.04429	0.02507	0.35511	0.34956	0.01650	0.02008	0.01987	0.01525	0.02061	0.01394	0.02063	0.01163	0.00725	0.00710	0.00226	0.00882	0.03361	0.00347	0.00946
6	0.03141	0.01084	0.07493	0.09316	0.01728	0.00903	0.01012	0.01488	0.01514	0.07023	0.11788	0.20987	0.14734	0.06243	0.07979	0.00362	0.00695	0.01228	0.00574	0.00709
7	0.01791	0.01530	0.05646	0.22110	0.22100	0.01499	0.07302	0.06504	0.01692	0.11546	0.01747	0.06334	0.01442	0.04596	0.00880	0.00252	0.00844	0.00760	0.00458	0.00966
8	0.00966	0.00703	0.00835	0.03738	0.01094	0.00663	0.00613	0.01107	0.01408	0.01852	0.08198	0.23445	0.24648	0.18174	0.01515	0.02827	0.00477	0.01405	0.05768	0.00564
9	0.00934	0.00716	0.00847	0.00852	0.01028	0.00641	0.00631	0.01168	0.01724	0.02264	0.31141	0.13585	0.31904	0.04894	0.00976	0.00263	0.00386	0.04723	0.00699	0.00622
10	0.07334	0.07619	0.31803	0.02218	0.12137	0.07333	0.07472	0.09542	0.01767	0.02516	0.03001	0.01625	0.01119	0.00702	0.00668	0.00215	0.00951	0.00574	0.00386	0.01016
11	0.01720	0.01803	0.09531	0.07150	0.24005	0.01637	0.11510	0.11469	0.07283	0.02575	0.01714	0.06676	0.01445	0.01000	0.03799	0.00262	0.00898	0.00757	0.00451	0.04316
12	0.01005	0.00702	0.00802	0.00799	0.00851	0.00689	0.00490	0.01067	0.01184	0.01562	0.06943	0.04893	0.12409	0.55829	0.07384	0.00627	0.00699	0.01100	0.00482	0.00483
13	0.00897	0.00706	0.00789	0.00796	0.00988	0.00613	0.00584	0.01077	0.01637	0.02061	0.18975	0.13716	0.47003	0.01816	0.00948	0.04282	0.00375	0.01472	0.00667	0.00598
14	0.01639	0.06998	0.06625	0.15062	0.08502	0.08810	0.05375	0.03430	0.07714	0.04983	0.02329	0.06868	0.07567	0.03337	0.00871	0.00248	0.02883	0.05421	0.00471	0.00867
15	0.01695	0.01912	0.13680	0.12299	0.32397	0.04620	0.01917	0.04574	0.01610	0.05152	0.01550	0.05418	0.01341	0.05167	0.00938	0.00252	0.03397	0.00703	0.00394	0.00985
16	0.05741	0.00749	0.00908	0.00901	0.00965	0.00799	0.00595	0.01162	0.01072	0.01561	0.02021	0.03782	0.02177	0.46581	0.23420	0.04720	0.01034	0.00896	0.00411	0.00505
17	0.01087	0.00866	0.01278	0.01238	0.01349	0.01057	0.00976	0.01329	0.01137	0.01661	0.01782	0.02637	0.01671	0.04812	0.63135	0.01037	0.11177	0.00745	0.00372	0.00654
18	0.05820	0.01725	0.01997	0.12347	0.14164	0.09463	0.01459	0.20670	0.06062	0.06240	0.01643	0.01907	0.01268	0.01262	0.08352	0.00314	0.00948	0.00633	0.02733	0.00990
