[name]
unknown

[dist]
# distance from previous block
# <min> <max>
0	92

[block]
# block no. 0 follows, 32 sequences, length 78
# corresponding to MSA columns:
# 92-169
name=unknown_A
#
# <colnr> <probs for GDERKNQSTAVLIFYWHMCP>
#	G	D	E	R	K	N	Q	S	T	A	V	L	I	F	Y	W	H	M	C	P
0	0.01539	0.02956	0.01233	0.00996	0.01349	0.00902	0.00775	0.03835	0.03698	0.15223	0.02776	0.07794	0.11331	0.13478	0.01119	0.00264	0.00533	0.06610	0.00557	0.23029
1	0.09350	0.11645	0.01805	0.01398	0.01740	0.32629	0.01124	0.07569	0.01741	0.02033	0.01872	0.04942	0.06143	0.00968	0.00686	0.00204	0.03214	0.09736	0.00434	0.00768
2	0.01387	0.05983	0.09321	0.03567	0.01857	0.03397	0.03396	0.01728	0.01386	0.02040	0.04995	0.01713	0.01307	0.01053	0.07613	0.00236	0.05713	0.00513	0.00380	0.42416
3	0.02109	0.11729	0.01910	0.01463	0.01830	0.42624	0.01147	0.09090	0.04185	0.02002	0.05488	0.02011	0.07947	0.00940	0.02530	0.00205	0.00965	0.00593	0.00430	0.00802
4	0.00936	0.00742	0.01024	0.07506	0.06036	0.00719	0.00809	0.01152	0.01476	0.01967	0.18132	0.37896	0.15770	0.01656	0.00803	0.00243	0.00437	0.01477	0.00600	0.00619
5	0.00799	0.00680	0.00688	0.00686	0.00910	0.00569	0.00515	0.00975	0.01544	0.01847	0.09342	0.06401	0.69395	0.01687	0.00793	0.00226	0.00339	0.01408	0.00628	0.00569
6	0.01391	0.01193	0.01391	0.00994	0.01590	0.00894	0.00795	0.01690	0.01391	0.02186	0.01193	0.01391	0.00994	0.00497	0.00497	0.00099	0.00497	0.00398	0.00398	0.80521
7	0.00969	0.00648	0.00734	0.00740	0.00741	0.00646	0.00415	0.00974	0.00988	0.01317	0.02177	0.07238	0.02519	0.73463	0.03313	0.00635	0.00640	0.01013	0.00415	0.00412
8	0.01794	0.76823	0.03516	0.01148	0.01722	0.02655	0.01148	0.02009	0.01363	0.01579	0.00933	0.01076	0.00861	0.00574	0.00431	0.00144	0.00718	0.00359	0.00287	0.00861
9	0.01770	0.72901	0.07228	0.01189	0.01785	0.02596	0.01219	0.02015	0.01366	0.01608	0.00947	0.01095	0.00860	0.00577	0.00442	0.00147	0.00732	0.00366	0.00287	0.00868
10	0.01669	0.01441	0.01517	0.01365	0.01745	0.01669	0.01062	0.03565	0.71021	0.02807	0.02731	0.02503	0.02048	0.00910	0.00683	0.00228	0.00531	0.00759	0.00683	0.01062
11	0.00947	0.00697	0.01004	0.01019	0.01115	0.00786	0.00761	0.01144	0.01084	0.01538	0.02020	0.09834	0.02041	0.14245	0.57485	0.00945	0.01511	0.00866	0.00391	0.00568
12	0.00814	0.00681	0.00709	0.00702	0.00919	0.00576	0.00527	0.01004	0.01580	0.01932	0.15682	0.06260	0.63001	0.01655	0.00793	0.00224	0.00337	0.01388	0.00639	0.00576
13	0.00832	0.00594	0.00795	0.00951	0.00996	0.00557	0.00648	0.00959	0.01299	0.01729	0.03690	0.72276	0.04407	0.02089	0.00860	0.00274	0.00402	0.05472	0.00623	0.00549
14	0.00959	0.00719	0.01078	0.01078	0.01198	0.00839	0.00839	0.01198	0.01078	0.01558	0.01797	0.02636	0.01677	0.05032	0.73760	0.01078	0.01797	0.00719	0.00359	0.00599
15	0.01935	0.62230	0.03196	0.01263	0.01792	0.16741	0.01178	0.02142	0.01470	0.01591	0.00954	0.01103	0.00862	0.00597	0.00465	0.00149	0.00815	0.00373	0.00299	0.00845
16	0.01760	0.01364	0.01605	0.03610	0.03757	0.01220	0.00989	0.18017	0.01842	0.06546	0.01374	0.01513	0.01064	0.00597	0.00558	0.00136	0.00579	0.00474	0.00481	0.52512
17	0.02109	0.08286	0.02162	0.03618	0.04137	0.21878	0.04681	0.20803	0.11225	0.02533	0.01415	0.01571	0.01113	0.00796	0.00842	0.00206	0.10665	0.00563	0.00465	0.00929
18	0.01824	0.73842	0.03456	0.01164	0.01736	0.02632	0.01153	0.04713	0.01435	0.01684	0.00960	0.01098	0.00872	0.00583	0.00440	0.00146	0.00718	0.00369	0.00302	0.00872
19	0.01237	0.00941	0.01143	0.01022	0.03635	0.00776	0.00728	0.01451	0.01390	0.05731	0.04823	0.16991	0.11254	0.09713	0.00964	0.00225	0.00482	0.00935	0.00503	0.36057
20	0.00840	0.00633	0.00763	0.00829	0.00941	0.00572	0.00575	0.00996	0.01432	0.01863	0.14783	0.39161	0.25365	0.06824	0.00998	0.00274	0.00381	0.01590	0.00626	0.00556
21	0.02589	0.01818	0.01975	0.01515	0.02050	0.01989	0.01251	0.64408	0.03051	0.09963	0.01698	0.01667	0.01185	0.00808	0.00672	0.00202	0.00724	0.00610	0.00685	0.01141
22	0.00962	0.00671	0.00824	0.00819	0.00870	0.00688	0.00530	0.01053	0.01108	0.01511	0.08782	0.04135	0.05468	0.50119	0.19032	0.00689	0.00867	0.00958	0.00436	0.00478
23	0.00932	0.00663	0.00784	0.00809	0.00960	0.00594	0.00579	0.01116	0.01514	0.04262	0.18868	0.27106	0.29281	0.05148	0.00917	0.00254	0.00371	0.01449	0.03806	0.00587
24	0.01966	0.01383	0.01500	0.01242	0.01609	0.01499	0.00989	0.43213	0.02452	0.03413	0.02109	0.15240	0.01858	0.01035	0.00662	0.00205	0.00586	0.00844	0.17269	0.00926
25	0.01944	0.00876	0.01128	0.00949	0.01268	0.00789	0.00752	0.02234	0.01792	0.34004	0.24376	0.03196	0.03148	0.00990	0.00663	0.00197	0.00430	0.00833	0.19572	0.00859
26	0.00959	0.00715	0.01060	0.01060	0.01173	0.00829	0.00815	0.01186	0.01073	0.01544	0.01814	0.02731	0.01719	0.08899	0.69950	0.01055	0.01735	0.00733	0.00362	0.00589
27	0.00939	0.00638	0.00756	0.00792	0.00805	0.00634	0.00473	0.00975	0.01051	0.01406	0.02465	0.20759	0.02868	0.56565	0.05578	0.00580	0.00635	0.01180	0.00454	0.00446
28	0.02551	0.01879	0.02014	0.01544	0.02081	0.02081	0.01275	0.69996	0.03155	0.04229	0.01611	0.01611	0.01141	0.00805	0.00671	0.00201	0.00738	0.00604	0.00671	0.01141
29	0.00818	0.00584	0.00779	0.00934	0.00973	0.00545	0.00623	0.00934	0.01285	0.01713	0.03698	0.75981	0.04438	0.02102	0.00856	0.00273	0.00389	0.01908	0.00623	0.00545
30	0.01092	0.00794	0.00967	0.01011	0.01144	0.00788	0.00735	0.10293	0.01564	0.02061	0.03557	0.45929	0.09979	0.07882	0.01041	0.00293	0.00479	0.09153	0.00611	0.00624
31	0.01391	0.01193	0.01391	0.00994	0.01590	0.00894	0.00795	0.01690	0.01391	0.02186	0.01193	0.01391	0.00994	0.00497	0.00497	0.00099	0.00497	0.00398	0.00398	0.80521
32	0.00822	0.00684	0.00720	0.00718	0.00934	0.00582	0.00544	0.01015	0.01577	0.01930	0.14909	0.06311	0.61472	0.01663	0.00797	0.00227	0.00346	0.03536	0.00638	0.00577
33	0.34020	0.01009	0.01051	0.00976	0.01284	0.01042	0.00753	0.01921	0.01380	0.19385	0.02320	0.27726	0.02258	0.01193	0.00633	0.00230	0.00486	0.00982	0.00589	0.00763
34	0.00834	0.00672	0.00743	0.00744	0.00936	0.00581	0.00551	0.01035	0.01597	0.02020	0.22550	0.12703	0.49367	0.01657	0.00799	0.00227	0.00339	0.01413	0.00652	0.00581
35	0.00818	0.00584	0.00779	0.00934	0.00973	0.00545	0.00623	0.00934	0.01285	0.01713	0.03698	0.75981	0.04438	0.02102	0.00856	0.00273	0.00389	0.01908	0.00623	0.00545
36	0.01239	0.00919	0.01046	0.00970	0.01228	0.00915	0.00758	0.06162	0.13987	0.05481	0.24438	0.04816	0.25222	0.01355	0.00762	0.00224	0.00424	0.06403	0.02909	0.00741
37	0.00976	0.00651	0.00732	0.00732	0.00732	0.00651	0.00407	0.00976	0.00976	0.01301	0.02114	0.04391	0.02439	0.76419	0.03415	0.00651	0.00651	0.00976	0.00407	0.00407
38	0.01047	0.00998	0.05686	0.01312	0.01543	0.00972	0.08178	0.01354	0.01152	0.01654	0.01716	0.02476	0.01559	0.04300	0.61718	0.00937	0.01679	0.00713	0.00353	0.00655
39	0.00888	0.00614	0.00758	0.00844	0.00866	0.00592	0.00527	0.00953	0.01147	0.01530	0.02993	0.44127	0.03549	0.35170	0.01995	0.00441	0.00506	0.01493	0.00527	0.00483
40	0.02551	0.01879	0.02014	0.01544	0.02081	0.02081	0.01275	0.69996	0.03155	0.04229	0.01611	0.01611	0.01141	0.00805	0.00671	0.00201	0.00738	0.00604	0.00671	0.01141
41	0.01166	0.00583	0.00874	0.00874	0.00874	0.00583	0.00583	0.00874	0.00874	0.01166	0.01166	0.02040	0.01166	0.02331	0.02622	0.80478	0.00583	0.00583	0.00291	0.00291
42	0.00954	0.00642	0.00738	0.00759	0.00764	0.00636	0.00436	0.00970	0.01017	0.01356	0.02327	0.14032	0.02709	0.66411	0.03071	0.00600	0.00615	0.01101	0.00436	0.00425
43	0.00825	0.00674	0.00729	0.00729	0.00930	0.00578	0.00542	0.01020	0.01584	0.01976	0.19236	0.11000	0.54516	0.01664	0.00797	0.00227	0.00339	0.01411	0.00646	0.00578
44	0.01524	0.01183	0.01261	0.01111	0.01458	0.01250	0.00870	0.12259	0.29288	0.06496	0.06023	0.03911	0.28195	0.01199	0.00725	0.00222	0.00486	0.00990	0.00668	0.00880
45	0.05998	0.01553	0.01528	0.01367	0.01752	0.05977	0.01065	0.05621	0.60916	0.02795	0.02497	0.02321	0.01877	0.00878	0.00663	0.00222	0.00578	0.00713	0.00648	0.01030
46	0.01267	0.01193	0.02013	0.74806	0.04621	0.01491	0.01863	0.01714	0.01342	0.01714	0.01193	0.01789	0.00894	0.00671	0.00671	0.00224	0.00894	0.00596	0.00298	0.00745
47	0.01346	0.03471	0.72942	0.01912	0.02904	0.01558	0.02479	0.02125	0.01417	0.02125	0.01204	0.01417	0.00850	0.00637	0.00637	0.00212	0.00992	0.00496	0.00283	0.00992
48	0.00866	0.00637	0.00808	0.00917	0.01010	0.00591	0.00658	0.01023	0.01379	0.01797	0.07307	0.46575	0.16466	0.05843	0.00986	0.00286	0.00424	0.11255	0.00616	0.00556
49	0.01346	0.03471	0.72942	0.01912	0.02904	0.01558	0.02479	0.02125	0.01417	0.02125	0.01204	0.01417	0.00850	0.00637	0.00637	0.00212	0.00992	0.00496	0.00283	0.00992
50	0.02859	0.01267	0.01625	0.01243	0.01768	0.01164	0.01025	0.14289	0.02101	0.58053	0.02408	0.02131	0.01544	0.00811	0.00666	0.00202	0.00595	0.00650	0.00784	0.04816
51	0.01155	0.00675	0.00773	0.00745	0.00923	0.00634	0.00560	0.01440	0.01608	0.05695	0.26436	0.06722	0.12404	0.01153	0.00644	0.00191	0.00332	0.00978	0.36291	0.00641
52	0.00885	0.00689	0.00719	0.00707	0.00908	0.00592	0.00513	0.01039	0.01477	0.03759	0.08190	0.06011	0.58332	0.11865	0.01148	0.00283	0.00388	0.01329	0.00603	0.00563
53	0.00887	0.00689	0.00817	0.00848	0.01026	0.00619	0.00657	0.01114	0.01600	0.02057	0.22116	0.13263	0.36369	0.01686	0.00823	0.00242	0.00390	0.13556	0.00651	0.00590
54	0.03010	0.01142	0.01557	0.01194	0.01713	0.00986	0.00986	0.03270	0.01920	0.72698	0.02647	0.02284	0.01661	0.00830	0.00675	0.00208	0.00571	0.00675	0.00830	0.01142
55	0.36872	0.01054	0.01052	0.00920	0.01257	0.01098	0.00721	0.02009	0.01413	0.19120	0.09276	0.04750	0.04102	0.09524	0.00888	0.00259	0.00507	0.00688	0.03726	0.00763
56	0.81159	0.01298	0.00986	0.00882	0.01298	0.01505	0.00727	0.01972	0.01142	0.03010	0.00934	0.01090	0.00727	0.00623	0.00415	0.00208	0.00519	0.00363	0.00415	0.00727
57	0.01556	0.01729	0.03509	0.02576	0.03094	0.01782	0.53626	0.02023	0.01452	0.02023	0.01245	0.01729	0.00986	0.00710	0.01126	0.00242	0.18658	0.00743	0.00329	0.00865
58	0.00880	0.00637	0.00831	0.00879	0.00984	0.00588	0.00623	0.01094	0.01590	0.02185	0.36429	0.38843	0.08468	0.01734	0.00822	0.00241	0.00352	0.01553	0.00678	0.00588
59	0.01696	0.00968	0.01188	0.01068	0.01367	0.00932	0.00854	0.10560	0.03422	0.20390	0.11540	0.12956	0.12834	0.01325	0.00753	0.00231	0.00498	0.11151	0.05453	0.00814
60	0.02506	0.03198	0.01901	0.01729	0.02074	0.73725	0.01296	0.02679	0.01901	0.01642	0.01037	0.01210	0.00864	0.00691	0.00605	0.00173	0.01210	0.00432	0.00346	0.00778
61	0.01411	0.14211	0.62777	0.01801	0.02731	0.01719	0.02284	0.02108	0.01409	0.02045	0.01164	0.01367	0.00852	0.00628	0.00607	0.00202	0.00952	0.00476	0.00284	0.00973
62	0.00827	0.00665	0.00716	0.00733	0.00907	0.00577	0.00526	0.00986	0.01476	0.01826	0.11538	0.15365	0.50753	0.08820	0.01050	0.00272	0.00374	0.01422	0.00612	0.00554
63	0.01129	0.00735	0.00877	0.00884	0.00989	0.00711	0.00596	0.04865	0.01333	0.06431	0.03171	0.28052	0.10149	0.32730	0.01892	0.00418	0.00531	0.03395	0.00549	0.00564
64	0.02506	0.03198	0.01901	0.01729	0.02074	0.73725	0.01296	0.02679	0.01901	0.01642	0.01037	0.01210	0.00864	0.00691	0.00605	0.00173	0.01210	0.00432	0.00346	0.00778
65	0.02393	0.02982	0.02012	0.02050	0.11523	0.64011	0.01399	0.02596	0.01851	0.01716	0.01067	0.01271	0.00891	0.00679	0.00613	0.00176	0.01154	0.00454	0.00344	0.00816
66	0.00853	0.00672	0.00769	0.00766	0.00948	0.00589	0.00567	0.01071	0.01639	0.02123	0.30265	0.13198	0.40909	0.01622	0.00799	0.00226	0.00337	0.01393	0.00665	0.00589
67	0.00952	0.00671	0.00820	0.00838	0.00995	0.00599	0.00607	0.01154	0.01581	0.05332	0.25680	0.28697	0.26224	0.01691	0.00808	0.00236	0.00360	0.01481	0.00668	0.00607
68	0.01661	0.01594	0.02724	0.04119	0.72233	0.01594	0.02059	0.02059	0.01528	0.02192	0.01262	0.01661	0.01063	0.00598	0.00664	0.00199	0.00797	0.00598	0.00332	0.01063
69	0.02157	0.06992	0.01972	0.08720	0.07770	0.46712	0.01331	0.04719	0.01801	0.03608	0.01582	0.01751	0.06561	0.00763	0.00625	0.00184	0.01016	0.00547	0.00382	0.00808
70	0.00866	0.00690	0.00789	0.00839	0.02935	0.00605	0.00583	0.01027	0.01500	0.01879	0.14493	0.13448	0.47945	0.03983	0.00974	0.04532	0.00378	0.01362	0.00606	0.00567
71	0.00827	0.00678	0.00728	0.00722	0.00929	0.00580	0.00539	0.01026	0.01600	0.01995	0.20434	0.08172	0.56157	0.01642	0.00795	0.00225	0.00336	0.01388	0.00647	0.00580
72	0.05855	0.01521	0.02530	0.13993	0.58831	0.01575	0.01960	0.02006	0.01481	0.02168	0.01235	0.01648	0.01021	0.00610	0.00652	0.00203	0.00796	0.00585	0.00332	0.01000
73	0.01481	0.02462	0.31703	0.02401	0.03170	0.01660	0.38970	0.02111	0.01487	0.02111	0.01270	0.01633	0.00943	0.00627	0.00805	0.00224	0.05034	0.00661	0.00314	0.00931
74	0.01616	0.06215	0.01689	0.01162	0.01720	0.03984	0.04667	0.01996	0.05194	0.08670	0.01590	0.01705	0.03569	0.00608	0.00550	0.00133	0.00578	0.00499	0.00448	0.53408
75	0.01267	0.01193	0.02013	0.74806	0.04621	0.01491	0.01863	0.01714	0.01342	0.01714	0.01193	0.01789	0.00894	0.00671	0.00671	0.00224	0.00894	0.00596	0.00298	0.00745
76	0.01391	0.01193	0.01391	0.00994	0.01590	0.00894	0.00795	0.01690	0.01391	0.02186	0.01193	0.01391	0.00994	0.00497	0.00497	0.00099	0.00497	0.00398	0.00398	0.80521
77	0.01363	0.00952	0.01206	0.01119	0.01326	0.03185	0.00892	0.01651	0.03337	0.11438	0.15618	0.03850	0.08447	0.04319	0.19719	0.00463	0.07930	0.09669	0.00554	0.02962

[dist]
# distance from previous block
# <min> <max>
0	11

[block]
# block no. 1 follows, 32 sequences, length 36
# corresponding to MSA columns:
# 183-218
name=unknown_B
#
# <colnr> <probs for GDERKNQSTAVLIFYWHMCP>
#	G	D	E	R	K	N	Q	S	T	A	V	L	I	F	Y	W	H	M	C	P
0	0.01888	0.02315	0.11156	0.09414	0.20611	0.26926	0.07443	0.02265	0.01664	0.04443	0.04629	0.01680	0.01221	0.00686	0.00658	0.00197	0.00973	0.00575	0.00365	0.00892
1	0.05883	0.38993	0.10114	0.01311	0.01843	0.14065	0.01243	0.05443	0.01554	0.07318	0.01215	0.01452	0.01023	0.05159	0.00689	0.00197	0.00805	0.00459	0.00370	0.00862
2	0.01805	0.01544	0.01562	0.01378	0.01751	0.05933	0.01073	0.16361	0.46262	0.02905	0.02509	0.09867	0.02046	0.01000	0.00694	0.00224	0.00598	0.00828	0.00654	0.01007
3	0.00910	0.00676	0.00865	0.00964	0.01094	0.00631	0.00744	0.01121	0.01488	0.01933	0.11599	0.31085	0.19592	0.01855	0.00858	0.00267	0.00443	0.22659	0.00634	0.00582
4	0.14316	0.01210	0.01845	0.62732	0.04078	0.01493	0.01678	0.01757	0.01309	0.01926	0.01150	0.01675	0.00867	0.00663	0.00629	0.00221	0.00833	0.00558	0.00317	0.00742
5	0.02361	0.01767	0.01912	0.01454	0.02001	0.01887	0.01197	0.58839	0.02867	0.03895	0.01543	0.01575	0.01117	0.00755	0.00643	0.00185	0.00699	0.00570	0.00627	0.14107
6	0.61896	0.01478	0.05298	0.01009	0.01459	0.04825	0.00877	0.02145	0.01287	0.10531	0.01179	0.01287	0.00872	0.00654	0.00467	0.00205	0.00579	0.00416	0.02749	0.00787
7	0.00978	0.00731	0.01046	0.01036	0.01130	0.00843	0.00779	0.01170	0.01058	0.01512	0.01826	0.02925	0.01793	0.18193	0.58343	0.00973	0.03968	0.00762	0.00366	0.00568
8	0.81159	0.01298	0.00986	0.00882	0.01298	0.01505	0.00727	0.01972	0.01142	0.03010	0.00934	0.01090	0.00727	0.00623	0.00415	0.00208	0.00519	0.00363	0.00415	0.00727
9	0.01081	0.00772	0.01081	0.01236	0.01390	0.00772	0.01081	0.01390	0.01545	0.02008	0.03553	0.07569	0.03862	0.01854	0.00927	0.00309	0.00618	0.67717	0.00618	0.00618
10	0.01391	0.01193	0.01391	0.00994	0.01590	0.00894	0.00795	0.01690	0.01391	0.02186	0.01193	0.01391	0.00994	0.00497	0.00497	0.00099	0.00497	0.00398	0.00398	0.80521
11	0.02551	0.01879	0.02014	0.01544	0.02081	0.02081	0.01275	0.69996	0.03155	0.04229	0.01611	0.01611	0.01141	0.00805	0.00671	0.00201	0.00738	0.00604	0.00671	0.01141
12	0.03010	0.01142	0.01557	0.01194	0.01713	0.00986	0.00986	0.03270	0.01920	0.72698	0.02647	0.02284	0.01661	0.00830	0.00675	0.00208	0.00571	0.00675	0.00830	0.01142
13	0.01468	0.01468	0.02055	0.01762	0.01762	0.02055	0.01468	0.01615	0.01028	0.01615	0.00881	0.01468	0.00881	0.01174	0.02202	0.00294	0.75191	0.00587	0.00294	0.00734
14	0.02551	0.01879	0.02014	0.01544	0.02081	0.02081	0.01275	0.69996	0.03155	0.04229	0.01611	0.01611	0.01141	0.00805	0.00671	0.00201	0.00738	0.00604	0.00671	0.01141
15	0.01584	0.01810	0.03959	0.02828	0.03507	0.01697	0.69796	0.02149	0.01584	0.02149	0.01357	0.01810	0.01018	0.00566	0.00792	0.00226	0.01131	0.00792	0.00339	0.00905
16	0.00976	0.00651	0.00732	0.00732	0.00732	0.00651	0.00407	0.00976	0.00976	0.01301	0.02114	0.04391	0.02439	0.76419	0.03415	0.00651	0.00651	0.00976	0.00407	0.00407
17	0.01060	0.00758	0.01051	0.01172	0.01327	0.00750	0.01008	0.01370	0.01603	0.02120	0.14713	0.07151	0.04265	0.01775	0.00905	0.00293	0.00569	0.56854	0.00638	0.00620
18	0.81159	0.01298	0.00986	0.00882	0.01298	0.01505	0.00727	0.01972	0.01142	0.03010	0.00934	0.01090	0.00727	0.00623	0.00415	0.00208	0.00519	0.00363	0.00415	0.00727
19	0.00976	0.00651	0.00732	0.00732	0.00732	0.00651	0.00407	0.00976	0.00976	0.01301	0.02114	0.04391	0.02439	0.76419	0.03415	0.00651	0.00651	0.00976	0.00407	0.00407
20	0.01042	0.00697	0.00779	0.00782	0.00830	0.00709	0.00479	0.01221	0.05960	0.01582	0.02308	0.10457	0.02508	0.55721	0.02654	0.00530	0.00580	0.01004	0.09667	0.00490
21	0.06113	0.00862	0.00987	0.00939	0.01132	0.00874	0.00673	0.01849	0.11571	0.13061	0.02606	0.20314	0.02530	0.20492	0.01376	0.00332	0.00502	0.01031	0.12053	0.00701
22	0.01601	0.01061	0.01271	0.01167	0.01466	0.01080	0.00949	0.13727	0.10160	0.12099	0.11572	0.09157	0.11242	0.01361	0.00783	0.00243	0.00539	0.19021	0.00679	0.00824
23	0.00959	0.00716	0.01065	0.01065	0.01180	0.00831	0.00822	0.01190	0.01074	0.01548	0.01810	0.02704	0.01707	0.07795	0.71037	0.01062	0.01753	0.00729	0.00361	0.00592
24	0.01285	0.01083	0.01107	0.01071	0.01196	0.09291	0.00773	0.01533	0.10019	0.01682	0.04482	0.12114	0.09032	0.13714	0.01739	0.20066	0.05652	0.03127	0.00463	0.00572
25	0.19177	0.01480	0.01505	0.01254	0.01668	0.01651	0.01008	0.33798	0.13102	0.03392	0.01873	0.08588	0.01539	0.00901	0.00621	0.00210	0.00597	0.00698	0.05988	0.00949
26	0.00835	0.00597	0.00799	0.00955	0.01001	0.00560	0.00654	0.00965	0.01302	0.01733	0.03688	0.71354	0.04399	0.02085	0.00861	0.00275	0.00405	0.06358	0.00623	0.00550
27	0.01523	0.01399	0.02231	0.39769	0.28154	0.01581	0.01838	0.06743	0.06197	0.02132	0.01349	0.01779	0.01048	0.00670	0.00669	0.00214	0.00825	0.00608	0.00362	0.00907
28	0.00875	0.00662	0.00838	0.00889	0.01013	0.00638	0.00650	0.01055	0.01365	0.01792	0.10341	0.27013	0.22921	0.06629	0.15996	0.00443	0.00686	0.05060	0.00567	0.00567
29	0.01173	0.00751	0.01017	0.01089	0.05262	0.00756	0.00733	0.01357	0.05444	0.03742	0.12175	0.09958	0.06768	0.02031	0.09762	0.25808	0.00629	0.00886	0.10088	0.00572
30	0.01037	0.00792	0.01056	0.03383	0.01283	0.00830	0.02588	0.01464	0.10991	0.01939	0.07694	0.35654	0.03291	0.06212	0.13851	0.00416	0.00699	0.01298	0.04878	0.00646
31	0.01794	0.01662	0.02682	0.17214	0.09671	0.06169	0.25039	0.11618	0.01753	0.07224	0.01453	0.03637	0.01129	0.00725	0.00801	0.00220	0.05189	0.00693	0.00416	0.00910
32	0.01181	0.00625	0.00910	0.00883	0.00924	0.00605	0.00598	0.00931	0.00910	0.01237	0.01167	0.01994	0.01153	0.02203	0.02473	0.74847	0.00577	0.00570	0.00299	0.05911
33	0.14231	0.01621	0.06147	0.09042	0.24136	0.05946	0.01474	0.06074	0.10582	0.06437	0.01647	0.06889	0.01372	0.00788	0.00637	0.00211	0.00720	0.00662	0.00453	0.00931
34	0.42198	0.03692	0.01464	0.01325	0.05458	0.14363	0.00990	0.08584	0.01505	0.04703	0.01154	0.01443	0.00950	0.05205	0.00760	0.00229	0.04291	0.00468	0.00425	0.00791
35	0.00923	0.00734	0.00997	0.01022	0.01158	0.00696	0.04473	0.01211	0.06264	0.01889	0.08088	0.50849	0.15495	0.01822	0.00826	0.00255	0.00428	0.01641	0.00618	0.00610

[dist]
# distance from previous block
# <min> <max>
3	9

[block]
# block no. 2 follows, 32 sequences, length 76
# corresponding to MSA columns:
# 228-273,276-284,286-306
name=unknown_C
#
# <colnr> <probs for GDERKNQSTAVLIFYWHMCP>
#	G	D	E	R	K	N	Q	S	T	A	V	L	I	F	Y	W	H	M	C	P
0	0.01098	0.00782	0.00973	0.00986	0.02997	0.00786	0.00697	0.01413	0.05764	0.04158	0.24517	0.12761	0.11288	0.13213	0.02918	0.00311	0.03563	0.03161	0.07977	0.00635
1	0.03443	0.00807	0.01008	0.04904	0.01316	0.00788	0.00760	0.05803	0.01569	0.08299	0.11352	0.34521	0.14473	0.04174	0.00879	0.00258	0.00460	0.03895	0.00627	0.00664
2	0.34657	0.01212	0.01217	0.01052	0.01406	0.01328	0.00831	0.12884	0.03939	0.12103	0.01668	0.04867	0.01406	0.09983	0.08441	0.00351	0.00704	0.00625	0.00522	0.00803
3	0.01655	0.01267	0.01308	0.01123	0.01443	0.05082	0.00873	0.23824	0.06846	0.05693	0.12028	0.07960	0.18415	0.05875	0.00888	0.00240	0.00557	0.00976	0.03126	0.00821
4	0.07512	0.01031	0.01168	0.01043	0.01334	0.01040	0.00809	0.14239	0.05304	0.11813	0.13334	0.16899	0.15081	0.03481	0.00812	0.00239	0.00489	0.02930	0.00657	0.00787
5	0.12660	0.01040	0.01137	0.01025	0.01321	0.04010	0.00795	0.02058	0.05466	0.22587	0.04720	0.11296	0.09161	0.07936	0.04828	0.00305	0.00602	0.04299	0.03969	0.00785
6	0.01005	0.00673	0.00867	0.00913	0.01038	0.00622	0.00663	0.01198	0.01510	0.05918	0.21476	0.35185	0.11941	0.06393	0.00988	0.00275	0.00413	0.07670	0.00650	0.00601
7	0.04135	0.00982	0.01185	0.01055	0.01332	0.00975	0.00801	0.06576	0.11215	0.20940	0.15238	0.17060	0.03112	0.08915	0.00999	0.00267	0.00495	0.01035	0.02861	0.00822
8	0.04545	0.00815	0.00948	0.00938	0.01124	0.00811	0.00681	0.01667	0.11112	0.08937	0.09723	0.29241	0.09933	0.07665	0.00959	0.00267	0.00435	0.01252	0.08257	0.00689
9	0.01440	0.00837	0.01061	0.01039	0.01230	0.00809	0.00761	0.04073	0.07326	0.16719	0.05499	0.39101	0.03388	0.08766	0.01044	0.00289	0.00485	0.04753	0.00656	0.00727
10	0.11828	0.01467	0.01613	0.01311	0.01782	0.01573	0.01063	0.23031	0.22400	0.23579	0.02159	0.02005	0.01508	0.00822	0.00645	0.00212	0.00603	0.00641	0.00690	0.01069
11	0.03908	0.00915	0.01109	0.01000	0.01248	0.00881	0.00743	0.05687	0.05265	0.22055	0.05880	0.16875	0.08802	0.18866	0.01365	0.00329	0.00533	0.03149	0.00636	0.00756
12	0.11074	0.00811	0.00869	0.00856	0.01074	0.00829	0.00685	0.04197	0.01493	0.06224	0.02569	0.07075	0.05090	0.01075	0.00601	0.00205	0.00431	0.13486	0.40681	0.00677
13	0.00950	0.00686	0.00897	0.00844	0.01002	0.00633	0.00633	0.01266	0.01899	0.02691	0.71879	0.05012	0.06331	0.01372	0.00791	0.00211	0.00317	0.01213	0.00739	0.00633
14	0.01701	0.00800	0.00927	0.00821	0.01085	0.00761	0.00642	0.02058	0.04316	0.21146	0.07009	0.02729	0.04172	0.00866	0.00563	0.00178	0.00391	0.00706	0.48350	0.00778
15	0.10473	0.00805	0.00863	0.00828	0.00936	0.00832	0.00542	0.05618	0.01264	0.01870	0.08715	0.09687	0.04675	0.47470	0.02358	0.00486	0.00580	0.00989	0.00479	0.00529
16	0.02551	0.01879	0.02014	0.01544	0.02081	0.02081	0.01275	0.69996	0.03155	0.04229	0.01611	0.01611	0.01141	0.00805	0.00671	0.00201	0.00738	0.00604	0.00671	0.01141
17	0.01267	0.01193	0.02013	0.74806	0.04621	0.01491	0.01863	0.01714	0.01342	0.01714	0.01193	0.01789	0.00894	0.00671	0.00671	0.00224	0.00894	0.00596	0.00298	0.00745
18	0.01007	0.00697	0.00874	0.00827	0.01006	0.00629	0.00619	0.01262	0.01767	0.05382	0.50435	0.07119	0.20152	0.01474	0.00852	0.02996	0.00344	0.01232	0.00699	0.00626
19	0.00959	0.00719	0.01078	0.01078	0.01198	0.00839	0.00839	0.01198	0.01078	0.01558	0.01797	0.02636	0.01677	0.05032	0.73760	0.01078	0.01797	0.00719	0.00359	0.00599
20	0.00818	0.00584	0.00779	0.00934	0.00973	0.00545	0.00623	0.00934	0.01285	0.01713	0.03698	0.75981	0.04438	0.02102	0.00856	0.00273	0.00389	0.01908	0.00623	0.00545
21	0.30243	0.01353	0.01625	0.05584	0.10996	0.04529	0.04643	0.01806	0.01275	0.02293	0.01406	0.08730	0.01320	0.00908	0.00882	0.00229	0.14568	0.02486	0.04362	0.00759
22	0.00959	0.00719	0.01078	0.01078	0.01198	0.00839	0.00839	0.01198	0.01078	0.01558	0.01797	0.02636	0.01677	0.05032	0.73760	0.01078	0.01797	0.00719	0.00359	0.00599
23	0.01468	0.01468	0.02055	0.01762	0.01762	0.02055	0.01468	0.01615	0.01028	0.01615	0.00881	0.01468	0.00881	0.01174	0.02202	0.00294	0.75191	0.00587	0.00294	0.00734
24	0.02196	0.03947	0.01844	0.01510	0.01946	0.18173	0.01198	0.28468	0.27882	0.03050	0.01877	0.01836	0.01406	0.00812	0.00654	0.00203	0.00768	0.00616	0.00592	0.01022
25	0.00893	0.00643	0.00810	0.00861	0.00958	0.00591	0.00591	0.01039	0.01408	0.01898	0.19664	0.38501	0.11995	0.10509	0.01186	0.03205	0.00407	0.01492	0.00607	0.02744
26	0.11438	0.21281	0.15447	0.01768	0.12220	0.03792	0.03615	0.04747	0.01528	0.10495	0.01295	0.01439	0.00992	0.00631	0.00560	0.00182	0.00750	0.00485	0.00399	0.06935
27	0.01584	0.01810	0.03959	0.02828	0.03507	0.01697	0.69796	0.02149	0.01584	0.02149	0.01357	0.01810	0.01018	0.00566	0.00792	0.00226	0.01131	0.00792	0.00339	0.00905
28	0.00941	0.00686	0.00885	0.00835	0.00997	0.00630	0.00627	0.01250	0.01880	0.02644	0.68396	0.05089	0.09844	0.01389	0.00791	0.00212	0.00318	0.01224	0.00732	0.00630
29	0.01192	0.00899	0.01029	0.00995	0.01196	0.00900	0.00734	0.14223	0.04680	0.02329	0.09439	0.34507	0.19876	0.03693	0.00864	0.00252	0.00451	0.01413	0.00638	0.00689
30	0.00925	0.00683	0.00865	0.00835	0.00998	0.00623	0.00627	0.01212	0.01811	0.02504	0.57777	0.08282	0.15662	0.01463	0.00798	0.00218	0.00331	0.03053	0.00714	0.00619
31	0.81159	0.01298	0.00986	0.00882	0.01298	0.01505	0.00727	0.01972	0.01142	0.03010	0.00934	0.01090	0.00727	0.00623	0.00415	0.00208	0.00519	0.00363	0.00415	0.00727
32	0.01095	0.00691	0.00882	0.00854	0.00957	0.00677	0.00590	0.01200	0.01292	0.06131	0.17407	0.06492	0.08728	0.28249	0.12523	0.09495	0.00699	0.00994	0.00510	0.00534
33	0.02104	0.01385	0.01559	0.01278	0.01687	0.01476	0.01025	0.30393	0.15114	0.15088	0.09986	0.06311	0.02192	0.00960	0.00683	0.00209	0.00577	0.00784	0.06186	0.01002
34	0.00905	0.00655	0.00794	0.00833	0.00969	0.00588	0.00591	0.01083	0.01507	0.03822	0.20299	0.33014	0.25781	0.04857	0.00923	0.00258	0.00373	0.01523	0.00646	0.00582
35	0.81159	0.01298	0.00986	0.00882	0.01298	0.01505	0.00727	0.01972	0.01142	0.03010	0.00934	0.01090	0.00727	0.00623	0.00415	0.00208	0.00519	0.00363	0.00415	0.00727
36	0.16746	0.01016	0.01150	0.01039	0.01354	0.01016	0.00811	0.06281	0.05414	0.21158	0.05831	0.21313	0.09177	0.01259	0.00697	0.00230	0.00493	0.03550	0.00650	0.00813
37	0.01165	0.00678	0.00835	0.00857	0.00969	0.00636	0.00583	0.01301	0.01324	0.09831	0.05231	0.34016	0.06939	0.21043	0.01447	0.00345	0.00463	0.01319	0.10428	0.00591
38	0.01662	0.05493	0.01436	0.01235	0.01499	0.15330	0.00927	0.06041	0.17756	0.06956	0.02467	0.24279	0.02427	0.08239	0.00960	0.00262	0.00657	0.01023	0.00562	0.00790
39	0.78681	0.01293	0.01004	0.00892	0.01311	0.01489	0.00735	0.02014	0.01167	0.05220	0.00989	0.01128	0.00756	0.00629	0.00423	0.00208	0.00521	0.00373	0.00428	0.00740
40	0.02355	0.01689	0.01824	0.01427	0.01923	0.01839	0.01170	0.54763	0.07337	0.08320	0.02247	0.02176	0.08011	0.00899	0.00684	0.00206	0.00676	0.00696	0.00678	0.01081
41	0.07583	0.01132	0.01191	0.01100	0.01375	0.03847	0.00837	0.11458	0.14472	0.08251	0.04681	0.24945	0.06301	0.01266	0.00699	0.00225	0.00508	0.01074	0.08249	0.00806
42	0.01008	0.00789	0.01162	0.01134	0.01239	0.00950	0.00887	0.01232	0.01071	0.01556	0.01718	0.02574	0.01623	0.06678	0.64922	0.00991	0.08793	0.00714	0.00354	0.00607
43	0.00963	0.00673	0.00862	0.00868	0.00914	0.00716	0.00575	0.01057	0.01026	0.01412	0.02059	0.06555	0.02236	0.47060	0.29366	0.00794	0.01065	0.00917	0.00398	0.00483
44	0.05245	0.00694	0.00810	0.00852	0.00987	0.00650	0.00601	0.01142	0.01378	0.04780	0.09372	0.33137	0.21135	0.12397	0.01171	0.00305	0.00431	0.03741	0.00598	0.00575
45	0.04332	0.00828	0.01034	0.00945	0.01205	0.00751	0.00724	0.01798	0.01621	0.23921	0.14901	0.17573	0.15192	0.05106	0.00879	0.00248	0.00450	0.04048	0.03689	0.00754
46	0.01087	0.00793	0.00986	0.00911	0.01100	0.00763	0.00689	0.07811	0.01960	0.02730	0.57472	0.09873	0.08475	0.01384	0.00785	0.00215	0.00363	0.01214	0.00719	0.00673
47	0.56786	0.05070	0.01288	0.03897	0.01555	0.01548	0.00866	0.04365	0.07987	0.09336	0.01296	0.01379	0.00966	0.00675	0.00484	0.00207	0.00556	0.00446	0.00476	0.00817
48	0.00833	0.00653	0.00734	0.00768	0.00918	0.00576	0.00543	0.00990	0.01456	0.01835	0.12624	0.24070	0.41047	0.08601	0.01049	0.00276	0.00379	0.01481	0.00616	0.00554
49	0.00853	0.00648	0.00786	0.00823	0.00962	0.00581	0.00590	0.01053	0.01566	0.02068	0.27248	0.30368	0.26555	0.01732	0.00815	0.00238	0.00349	0.01521	0.00661	0.00581
50	0.01267	0.01193	0.02013	0.74806	0.04621	0.01491	0.01863	0.01714	0.01342	0.01714	0.01193	0.01789	0.00894	0.00671	0.00671	0.00224	0.00894	0.00596	0.00298	0.00745
51	0.01421	0.02308	0.34138	0.01726	0.02334	0.04172	0.08271	0.07916	0.01494	0.02116	0.01393	0.01798	0.01119	0.01869	0.20590	0.00451	0.05072	0.00597	0.00347	0.00869
52	0.01096	0.00794	0.00972	0.00996	0.01142	0.00786	0.00734	0.08883	0.03152	0.02129	0.11047	0.36447	0.11694	0.04486	0.01008	0.04360	0.00462	0.08568	0.00617	0.00626
53	0.72822	0.01329	0.01168	0.01222	0.08737	0.01515	0.00866	0.01981	0.01182	0.02925	0.00969	0.01150	0.00762	0.00620	0.00441	0.00207	0.00548	0.00388	0.00407	0.00762
54	0.00863	0.00678	0.00770	0.00824	0.00966	0.00620	0.00579	0.01090	0.04864	0.01813	0.06838	0.33941	0.35067	0.06707	0.00985	0.00272	0.00389	0.01546	0.00615	0.00574
55	0.01055	0.00808	0.00911	0.00868	0.01085	0.00759	0.00660	0.08840	0.01745	0.02249	0.19656	0.11937	0.37815	0.01596	0.00862	0.03383	0.00406	0.04089	0.00640	0.00635
56	0.01914	0.52320	0.05242	0.03891	0.02011	0.18529	0.04094	0.02159	0.01494	0.01638	0.00991	0.01172	0.00869	0.00605	0.00499	0.00158	0.00860	0.00406	0.00303	0.00844
57	0.01155	0.00590	0.00884	0.00884	0.00890	0.00595	0.00595	0.00890	0.00884	0.01185	0.01197	0.02069	0.01191	0.02465	0.06163	0.76526	0.00643	0.00590	0.00295	0.00307
58	0.00890	0.00641	0.00801	0.00840	0.00933	0.00597	0.00576	0.01060	0.01468	0.01989	0.27445	0.31152	0.11723	0.15251	0.01290	0.00315	0.00406	0.01447	0.00624	0.00553
59	0.00832	0.00594	0.00795	0.00951	0.00996	0.00558	0.00648	0.00960	0.01299	0.01729	0.03690	0.72184	0.04406	0.02088	0.00860	0.00275	0.00402	0.05560	0.00623	0.00549
60	0.04777	0.04932	0.02115	0.01853	0.10170	0.05448	0.06218	0.29429	0.22317	0.03148	0.01797	0.01829	0.01346	0.00773	0.00660	0.00207	0.00728	0.00635	0.00570	0.01048
61	0.01125	0.00626	0.00888	0.00910	0.00936	0.00630	0.00614	0.01019	0.04443	0.01350	0.01721	0.16017	0.01827	0.02217	0.02193	0.61347	0.00544	0.00842	0.00373	0.00378
62	0.07114	0.01223	0.01729	0.34488	0.10038	0.03237	0.01387	0.01688	0.01317	0.01897	0.01174	0.01648	0.00954	0.00819	0.00843	0.09787	0.00738	0.00528	0.00333	0.19058
63	0.00809	0.00642	0.00727	0.00788	0.00937	0.00560	0.00560	0.00962	0.01445	0.01805	0.07919	0.34256	0.42528	0.01849	0.00818	0.00244	0.00359	0.01606	0.00627	0.00560
64	0.01780	0.00866	0.01082	0.00951	0.01228	0.00807	0.00744	0.04364	0.01695	0.26199	0.13977	0.06514	0.04382	0.07132	0.00891	0.00241	0.00468	0.05523	0.20360	0.00797
65	0.01508	0.06250	0.02863	0.28690	0.24734	0.01653	0.20692	0.01959	0.01467	0.01972	0.01243	0.01711	0.00978	0.00613	0.00687	0.00212	0.00919	0.00636	0.00319	0.00894
66	0.05521	0.00846	0.01240	0.13342	0.01759	0.00875	0.03801	0.01379	0.01271	0.07134	0.04210	0.13122	0.08864	0.01710	0.03603	0.24825	0.00636	0.04825	0.00455	0.00582
67	0.00882	0.00615	0.00773	0.00859	0.00894	0.00588	0.00551	0.00976	0.01233	0.01657	0.08925	0.45887	0.03925	0.27056	0.01712	0.00395	0.00471	0.01535	0.00560	0.00506
68	0.00987	0.00717	0.01055	0.03608	0.01259	0.00804	0.00832	0.01146	0.01130	0.01575	0.02164	0.18074	0.02258	0.03660	0.41482	0.10179	0.03563	0.04529	0.00416	0.00562
69	0.01015	0.00718	0.00898	0.00901	0.01088	0.00655	0.00710	0.01277	0.01691	0.05213	0.32620	0.08858	0.24301	0.01578	0.00819	0.00239	0.00402	0.15710	0.00678	0.00629
70	0.01662	0.01562	0.02468	0.03536	0.57323	0.01610	0.01848	0.02378	0.16227	0.02322	0.01573	0.01839	0.01271	0.00664	0.00668	0.00205	0.00741	0.00632	0.00406	0.01063
71	0.01794	0.76823	0.03516	0.01148	0.01722	0.02655	0.01148	0.02009	0.01363	0.01579	0.00933	0.01076	0.00861	0.00574	0.00431	0.00144	0.00718	0.00359	0.00287	0.00861
72	0.02458	0.01886	0.01958	0.01533	0.02046	0.04855	0.01254	0.60487	0.10116	0.03980	0.01704	0.01687	0.01224	0.00812	0.00670	0.00203	0.00735	0.00613	0.00660	0.01119
73	0.01128	0.00675	0.00776	0.00771	0.00868	0.00701	0.00532	0.01345	0.03808	0.01888	0.02057	0.03112	0.01925	0.26457	0.12103	0.06062	0.00664	0.00756	0.33830	0.00543
74	0.02186	0.02671	0.01683	0.01547	0.01829	0.58485	0.01143	0.02340	0.01716	0.01590	0.01238	0.01742	0.01136	0.11127	0.06485	0.00305	0.01180	0.00526	0.00355	0.00715
75	0.04551	0.01114	0.01403	0.01278	0.01461	0.07365	0.09196	0.03562	0.01391	0.01923	0.02467	0.34889	0.02691	0.06731	0.03796	0.00301	0.06261	0.01211	0.07758	0.00650

[dist]
# distance from previous block
# <min> <max>
0	1

[block]
# block no. 3 follows, 32 sequences, length 10
# corresponding to MSA columns:
# 308-317
name=unknown_D
#
# <colnr> <probs for GDERKNQSTAVLIFYWHMCP>
#	G	D	E	R	K	N	Q	S	T	A	V	L	I	F	Y	W	H	M	C	P
0	0.02416	0.08065	0.01628	0.01166	0.01599	0.07934	0.00958	0.10425	0.01919	0.36911	0.04603	0.02134	0.01632	0.00802	0.00614	0.00189	0.00608	0.00626	0.14795	0.00973
1	0.16005	0.01399	0.05478	0.01071	0.01653	0.01141	0.00919	0.07369	0.01492	0.02500	0.01181	0.01356	0.00949	0.00553	0.00504	0.00134	0.00549	0.00414	0.00417	0.54916
2	0.01135	0.01065	0.07704	0.03614	0.05416	0.00861	0.00915	0.03451	0.03777	0.05180	0.10412	0.20684	0.21035	0.10405	0.01082	0.00282	0.00520	0.01217	0.00562	0.00683
3	0.02025	0.01696	0.01713	0.01449	0.01881	0.05983	0.01150	0.26710	0.43323	0.03236	0.02242	0.02117	0.01663	0.00861	0.00674	0.00215	0.00643	0.00686	0.00659	0.01073
4	0.00816	0.00591	0.00772	0.00916	0.00969	0.00547	0.00615	0.00936	0.01302	0.01720	0.03916	0.71104	0.09175	0.02074	0.00852	0.00269	0.00386	0.01873	0.00623	0.00547
5	0.01502	0.01440	0.04962	0.28767	0.29626	0.01469	0.08002	0.01927	0.01441	0.05272	0.01357	0.01827	0.01074	0.01029	0.07202	0.00290	0.00948	0.00626	0.00345	0.00895
6	0.01730	0.16856	0.38226	0.01760	0.02526	0.08546	0.06530	0.12112	0.01718	0.02288	0.01208	0.01389	0.00908	0.00650	0.00611	0.00195	0.00933	0.00500	0.00351	0.00963
7	0.01503	0.07620	0.47679	0.10239	0.09133	0.05456	0.02177	0.04831	0.01510	0.02109	0.01198	0.01456	0.00887	0.00643	0.00630	0.00206	0.00947	0.00509	0.00309	0.00957
8	0.01067	0.00786	0.01149	0.01219	0.05163	0.00888	0.00845	0.01171	0.01073	0.01515	0.01808	0.10260	0.01856	0.11626	0.35008	0.15283	0.07528	0.00829	0.00373	0.00554
9	0.01780	0.11155	0.24062	0.01882	0.06609	0.11238	0.11034	0.05266	0.01624	0.08607	0.01707	0.01863	0.05967	0.00745	0.00705	0.00203	0.03628	0.00608	0.00395	0.00922

[dist]
# distance from previous block
# <min> <max>
0	3

[block]
# block no. 4 follows, 32 sequences, length 9
# corresponding to MSA columns:
# 321-329
name=unknown_E
#
# <colnr> <probs for GDERKNQSTAVLIFYWHMCP>
#	G	D	E	R	K	N	Q	S	T	A	V	L	I	F	Y	W	H	M	C	P
0	0.01533	0.01432	0.04910	0.17284	0.19631	0.01418	0.12830	0.05487	0.07440	0.05752	0.01871	0.13915	0.01681	0.00903	0.00719	0.00224	0.00776	0.00857	0.00444	0.00893
1	0.01392	0.01283	0.02046	0.58912	0.08901	0.01569	0.01792	0.05553	0.04080	0.01921	0.01261	0.01779	0.00963	0.00711	0.00758	0.00225	0.05116	0.00602	0.00335	0.00801
2	0.01266	0.01058	0.01370	0.16032	0.09430	0.03408	0.01079	0.06068	0.05149	0.02186	0.10195	0.16210	0.13176	0.01185	0.00712	0.00219	0.00567	0.01029	0.08926	0.00735
3	0.01609	0.01760	0.11257	0.01666	0.06111	0.07948	0.06871	0.12652	0.09948	0.02468	0.08670	0.09477	0.05081	0.01003	0.00830	0.00220	0.07126	0.00827	0.03606	0.00869
4	0.07136	0.01303	0.01891	0.09045	0.11929	0.01311	0.08679	0.09894	0.04779	0.15700	0.04789	0.07452	0.05732	0.00905	0.00689	0.00213	0.00672	0.02366	0.00545	0.04969
5	0.06038	0.01605	0.05880	0.05077	0.16423	0.06893	0.09061	0.07192	0.06678	0.06514	0.02022	0.05906	0.06868	0.00988	0.03513	0.00238	0.00787	0.00726	0.00459	0.07133
6	0.09201	0.04793	0.05736	0.06062	0.14921	0.01482	0.01294	0.15998	0.04381	0.06177	0.01818	0.01986	0.06085	0.01001	0.04992	0.00242	0.00736	0.00608	0.00473	0.12013
7	0.06146	0.01741	0.06470	0.04322	0.10498	0.10702	0.05461	0.13114	0.04533	0.05145	0.03746	0.04821	0.04166	0.04667	0.00886	0.00227	0.05202	0.00682	0.00464	0.07008
8	0.04871	0.01615	0.02107	0.15319	0.21517	0.08059	0.04996	0.10687	0.10333	0.04642	0.03939	0.01848	0.01329	0.00712	0.00656	0.00202	0.00778	0.00617	0.00450	0.05325

[dist]
# distance from previous block
# <min> <max>
0	36

# created by:
# /home/berkeley/.conda/envs/busco_data_prod/bin/msa2prfl.pl pipeline/OGs_align_augustus/4893/10303.fs
