[name]
unknown

[dist]
# distance from previous block
# <min> <max>
6	46

[block]
# block no. 0 follows, 34 sequences, length 351
# corresponding to MSA columns:
# 52-402
name=unknown_A
#
# <colnr> <probs for GDERKNQSTAVLIFYWHMCP>
#	G	D	E	R	K	N	Q	S	T	A	V	L	I	F	Y	W	H	M	C	P
0	0.15464	0.05555	0.08392	0.04188	0.08569	0.04110	0.01181	0.09190	0.05232	0.18000	0.08134	0.01893	0.01571	0.00736	0.00589	0.00191	0.00630	0.00579	0.00520	0.05278
1	0.06557	0.01567	0.05992	0.04052	0.03988	0.06084	0.01132	0.20625	0.07981	0.14130	0.06246	0.01884	0.01505	0.00873	0.02962	0.00210	0.00680	0.00588	0.00549	0.12396
2	0.09995	0.03752	0.04533	0.06211	0.18011	0.14088	0.01361	0.12097	0.04230	0.04734	0.01341	0.03612	0.01097	0.00732	0.00710	0.00195	0.06565	0.00554	0.02964	0.03217
3	0.00965	0.00677	0.00862	0.00863	0.00963	0.00721	0.00618	0.01184	0.03512	0.01635	0.04587	0.07107	0.07112	0.24081	0.32349	0.00670	0.01003	0.00873	0.09679	0.00539
4	0.03713	0.02934	0.57803	0.04705	0.07336	0.01524	0.06486	0.04390	0.01428	0.02132	0.01178	0.01413	0.00849	0.00613	0.00621	0.00205	0.00926	0.00505	0.00296	0.00943
5	0.01137	0.01045	0.01931	0.01548	0.01823	0.01047	0.25579	0.01418	0.01191	0.01643	0.01706	0.04633	0.01646	0.21656	0.28386	0.00622	0.01187	0.00810	0.00357	0.00633
6	0.00984	0.00697	0.00853	0.00882	0.01021	0.00655	0.00636	0.05286	0.01514	0.04262	0.15949	0.39319	0.18107	0.03720	0.00853	0.00248	0.00392	0.03404	0.00623	0.00595
7	0.35831	0.01234	0.01301	0.01060	0.01511	0.01279	0.00871	0.07844	0.05869	0.34457	0.01787	0.01681	0.01207	0.00719	0.00545	0.00201	0.00539	0.00524	0.00612	0.00928
8	0.04027	0.02690	0.47772	0.01997	0.02821	0.01496	0.20541	0.02126	0.01433	0.07143	0.01289	0.01514	0.00913	0.00608	0.00649	0.00208	0.00948	0.00562	0.00329	0.00935
9	0.01632	0.01798	0.06984	0.16370	0.35231	0.12011	0.01780	0.04219	0.01478	0.01947	0.01137	0.01522	0.00935	0.00674	0.00802	0.00204	0.09522	0.00545	0.00319	0.00890
10	0.01122	0.00561	0.00842	0.00842	0.00842	0.00561	0.00561	0.00842	0.00842	0.01122	0.01122	0.01964	0.01122	0.02245	0.02525	0.81201	0.00561	0.00561	0.00281	0.00281
11	0.00793	0.00565	0.00748	0.00893	0.00929	0.00529	0.00592	0.00901	0.01226	0.01635	0.03505	0.74203	0.04203	0.04788	0.00915	0.00276	0.00384	0.01804	0.00592	0.00520
12	0.01060	0.00797	0.01040	0.01076	0.01215	0.00803	0.02757	0.08011	0.06173	0.02006	0.03220	0.52990	0.03641	0.01751	0.00804	0.00256	0.00467	0.10699	0.00600	0.00633
13	0.01537	0.01597	0.04911	0.25633	0.24266	0.04031	0.19840	0.06528	0.01543	0.02068	0.01232	0.01650	0.00954	0.00607	0.00671	0.00206	0.00896	0.00616	0.00332	0.00882
14	0.09040	0.12832	0.12100	0.01254	0.04647	0.01345	0.01119	0.05950	0.01435	0.04248	0.01245	0.04084	0.01045	0.00608	0.00515	0.00146	0.00604	0.00468	0.00386	0.36928
15	0.01708	0.01005	0.01427	0.03509	0.14182	0.00958	0.01020	0.04155	0.03928	0.24510	0.02557	0.28955	0.02440	0.03355	0.00781	0.00231	0.00538	0.01063	0.00596	0.03084
16	0.01353	0.01192	0.01519	0.01085	0.01665	0.00917	0.05858	0.01659	0.01353	0.02103	0.01160	0.01369	0.00959	0.00483	0.00499	0.00105	0.00523	0.00410	0.00379	0.75407
17	0.01773	0.60898	0.11332	0.01219	0.01813	0.02336	0.01256	0.06880	0.01461	0.04465	0.01036	0.01154	0.00876	0.00585	0.00463	0.00152	0.00717	0.00389	0.00322	0.00873
18	0.02040	0.01559	0.01835	0.01705	0.12196	0.01633	0.01208	0.38634	0.09472	0.05497	0.01599	0.01662	0.01189	0.00710	0.00613	0.00179	0.00643	0.00567	0.03285	0.13774
19	0.02017	0.07307	0.21258	0.03558	0.02153	0.06419	0.05139	0.04429	0.03463	0.26928	0.01669	0.01678	0.01154	0.00672	0.00607	0.00185	0.00745	0.00541	0.00496	0.09582
20	0.10877	0.01530	0.03806	0.01632	0.10539	0.06864	0.03682	0.20214	0.04270	0.13020	0.03836	0.06122	0.01516	0.00879	0.00703	0.03233	0.00672	0.02611	0.00531	0.03464
21	0.01472	0.01367	0.03997	0.12708	0.17355	0.01408	0.13010	0.04363	0.11920	0.04750	0.03828	0.09706	0.01647	0.00857	0.00780	0.00217	0.05787	0.00779	0.03191	0.00858
22	0.00923	0.00692	0.01038	0.01038	0.01154	0.00808	0.00808	0.01154	0.01038	0.01500	0.01731	0.02538	0.01615	0.04846	0.74732	0.01038	0.01731	0.00692	0.00346	0.00577
23	0.03887	0.01595	0.02081	0.22890	0.18468	0.07656	0.04373	0.16926	0.09303	0.02427	0.01387	0.01661	0.01065	0.00692	0.00678	0.00203	0.02799	0.00581	0.00419	0.00908
24	0.01080	0.00752	0.00927	0.00915	0.01051	0.00768	0.00652	0.01442	0.10299	0.05715	0.12939	0.19624	0.07539	0.19750	0.13163	0.00451	0.00664	0.01113	0.00545	0.00610
25	0.03714	0.00611	0.00854	0.00901	0.00949	0.00624	0.00631	0.00959	0.01023	0.01428	0.02027	0.25001	0.02230	0.02503	0.12888	0.38884	0.00682	0.03264	0.00402	0.00425
26	0.14205	0.01024	0.01407	0.04023	0.01581	0.03466	0.11483	0.01466	0.01364	0.02078	0.10350	0.22914	0.02770	0.03804	0.00838	0.00244	0.03138	0.08173	0.05028	0.00644
27	0.01156	0.00797	0.01056	0.01014	0.01166	0.00871	0.00770	0.04024	0.09599	0.03856	0.03815	0.02818	0.06251	0.05227	0.35058	0.17867	0.01078	0.02553	0.00427	0.00596
28	0.01174	0.00749	0.00895	0.00851	0.01069	0.00682	0.00642	0.01462	0.05382	0.12577	0.19474	0.15634	0.29607	0.03866	0.00834	0.00234	0.00389	0.03168	0.00650	0.00661
29	0.01022	0.00684	0.00898	0.00831	0.01002	0.00628	0.00628	0.01324	0.01830	0.06457	0.69095	0.04684	0.05852	0.01293	0.00756	0.00203	0.00318	0.01140	0.00716	0.00636
30	0.01579	0.01360	0.01437	0.01301	0.01655	0.01570	0.01008	0.03347	0.69691	0.02667	0.02661	0.04937	0.02050	0.00916	0.00663	0.00221	0.00507	0.00768	0.00656	0.01006
31	0.09336	0.00882	0.01060	0.00988	0.01237	0.00867	0.00744	0.01953	0.09453	0.21888	0.08764	0.29654	0.02939	0.03507	0.00770	0.00236	0.00450	0.01114	0.03396	0.00763
32	0.00860	0.00652	0.00737	0.00745	0.00925	0.00566	0.00547	0.01043	0.01506	0.04029	0.18254	0.19152	0.45435	0.01626	0.00771	0.00223	0.00339	0.01395	0.00627	0.00570
33	0.02846	0.01111	0.01498	0.01156	0.01651	0.00977	0.00953	0.03161	0.04720	0.70807	0.02552	0.02208	0.01615	0.00803	0.00650	0.00201	0.00548	0.00653	0.00794	0.01096
34	0.01006	0.00638	0.00746	0.00749	0.00785	0.00625	0.00451	0.01051	0.01059	0.04347	0.04667	0.13788	0.02681	0.59267	0.02682	0.00532	0.00569	0.01045	0.02860	0.00452
35	0.01524	0.00791	0.01002	0.00873	0.01128	0.00707	0.00668	0.01756	0.01665	0.24531	0.30061	0.04075	0.14844	0.09376	0.00988	0.00248	0.00420	0.00992	0.03621	0.00729
36	0.01564	0.00841	0.01091	0.00975	0.01233	0.00785	0.00748	0.01949	0.07740	0.24388	0.33237	0.16227	0.04042	0.01243	0.00729	0.00214	0.00410	0.01086	0.00715	0.00782
37	0.01220	0.01148	0.01938	0.75739	0.04450	0.01436	0.01794	0.01651	0.01292	0.01651	0.01148	0.01723	0.00861	0.00646	0.00646	0.00215	0.00861	0.00574	0.00287	0.00718
38	0.00934	0.00624	0.00706	0.00711	0.00713	0.00623	0.00399	0.00938	0.00950	0.01266	0.02087	0.06675	0.02414	0.74757	0.03206	0.00614	0.00618	0.00970	0.00399	0.00396
39	0.01078	0.00844	0.01310	0.06560	0.09678	0.00968	0.01012	0.01263	0.01075	0.01531	0.01495	0.02228	0.01382	0.03484	0.46744	0.12114	0.05661	0.00645	0.00326	0.00604
40	0.01413	0.08441	0.06624	0.15065	0.39247	0.01460	0.01697	0.01777	0.01397	0.01918	0.01543	0.09694	0.01459	0.00808	0.00652	0.00205	0.00737	0.04636	0.00353	0.00874
41	0.00771	0.00626	0.00684	0.00730	0.00893	0.00539	0.00525	0.00919	0.01400	0.01716	0.05624	0.28043	0.51770	0.01756	0.00783	0.00232	0.00342	0.01510	0.00600	0.00539
42	0.01306	0.00845	0.01173	0.01040	0.01201	0.00862	0.03284	0.10598	0.01240	0.01702	0.01287	0.01939	0.01179	0.02249	0.13556	0.47609	0.00781	0.00577	0.00351	0.07221
43	0.01031	0.01062	0.08655	0.01149	0.01356	0.03260	0.00994	0.01313	0.01105	0.01585	0.01633	0.02337	0.01487	0.04057	0.60605	0.00879	0.03718	0.00655	0.02494	0.00626
44	0.01340	0.01148	0.01340	0.00957	0.01531	0.00861	0.00766	0.01627	0.01340	0.02105	0.01148	0.01340	0.00957	0.00479	0.00479	0.00096	0.00479	0.00383	0.00383	0.81242
45	0.01537	0.01458	0.02314	0.29513	0.42342	0.03720	0.01850	0.05847	0.01508	0.02042	0.01204	0.01628	0.00964	0.00615	0.00641	0.00200	0.00810	0.00571	0.00327	0.00910
46	0.01296	0.03342	0.73944	0.01842	0.02797	0.01501	0.02387	0.02046	0.01364	0.02046	0.01160	0.01364	0.00818	0.00614	0.00614	0.00205	0.00955	0.00477	0.00273	0.00955
47	0.00914	0.00660	0.00864	0.00813	0.00965	0.00610	0.00610	0.01219	0.01829	0.02591	0.72921	0.04827	0.06097	0.01321	0.00762	0.00203	0.00305	0.01169	0.00711	0.00610
48	0.00909	0.00660	0.00856	0.00807	0.00962	0.00607	0.00605	0.01209	0.01816	0.02560	0.70483	0.04878	0.08553	0.01333	0.00762	0.00204	0.00306	0.01176	0.00707	0.00607
49	0.00940	0.00626	0.00705	0.00705	0.00705	0.00626	0.00392	0.00940	0.00940	0.01253	0.02036	0.04228	0.02349	0.77292	0.03289	0.00626	0.00626	0.00940	0.00392	0.00392
50	0.01727	0.77681	0.03386	0.01106	0.01658	0.02557	0.01106	0.01935	0.01313	0.01520	0.00898	0.01036	0.00829	0.00553	0.00415	0.00138	0.00691	0.00345	0.00276	0.00829
51	0.01296	0.03342	0.73944	0.01842	0.02797	0.01501	0.02387	0.02046	0.01364	0.02046	0.01160	0.01364	0.00818	0.00614	0.00614	0.00205	0.00955	0.00477	0.00273	0.00955
52	0.00914	0.00660	0.00864	0.00813	0.00965	0.00610	0.00610	0.01219	0.01829	0.02591	0.72921	0.04827	0.06097	0.01321	0.00762	0.00203	0.00305	0.01169	0.00711	0.00610
53	0.01414	0.01414	0.01979	0.01696	0.01696	0.01979	0.01414	0.01555	0.00990	0.01555	0.00848	0.01414	0.00848	0.01131	0.02120	0.00283	0.76110	0.00565	0.00283	0.00707
54	0.00940	0.00626	0.00705	0.00705	0.00705	0.00626	0.00392	0.00940	0.00940	0.01253	0.02036	0.04228	0.02349	0.77292	0.03289	0.00626	0.00626	0.00940	0.00392	0.00392
55	0.81856	0.01250	0.00950	0.00850	0.01250	0.01449	0.00700	0.01899	0.01100	0.02899	0.00900	0.01050	0.00700	0.00600	0.00400	0.00200	0.00500	0.00350	0.00400	0.00700
56	0.01599	0.01535	0.02623	0.03966	0.73262	0.01535	0.01983	0.01983	0.01471	0.02111	0.01215	0.01599	0.01023	0.00576	0.00640	0.00192	0.00768	0.00576	0.00320	0.01023
57	0.00940	0.00626	0.00705	0.00705	0.00705	0.00626	0.00392	0.00940	0.00940	0.01253	0.02036	0.04228	0.02349	0.77292	0.03289	0.00626	0.00626	0.00940	0.00392	0.00392
58	0.02899	0.01100	0.01499	0.01150	0.01649	0.00950	0.00950	0.03149	0.01849	0.73709	0.02549	0.02199	0.01599	0.00800	0.00650	0.00200	0.00550	0.00650	0.00800	0.01100
59	0.02456	0.01810	0.01939	0.01487	0.02004	0.02004	0.01228	0.71107	0.03038	0.04072	0.01551	0.01551	0.01099	0.00776	0.00646	0.00194	0.00711	0.00582	0.00646	0.01099
60	0.00923	0.00692	0.01038	0.01038	0.01154	0.00808	0.00808	0.01154	0.01038	0.01500	0.01731	0.02538	0.01615	0.04846	0.74732	0.01038	0.01731	0.00692	0.00346	0.00577
61	0.00923	0.00692	0.01038	0.01038	0.01154	0.00808	0.00808	0.01154	0.01038	0.01500	0.01731	0.02538	0.01615	0.04846	0.74732	0.01038	0.01731	0.00692	0.00346	0.00577
62	0.00787	0.00562	0.00750	0.00900	0.00937	0.00525	0.00600	0.00900	0.01237	0.01649	0.03561	0.76871	0.04274	0.02024	0.00825	0.00262	0.00375	0.01837	0.00600	0.00525
63	0.01302	0.03299	0.72065	0.01865	0.02812	0.01504	0.04223	0.02047	0.01368	0.02047	0.01163	0.01374	0.00823	0.00612	0.00618	0.00205	0.00959	0.00485	0.00274	0.00953
64	0.01220	0.01148	0.01938	0.75739	0.04450	0.01436	0.01794	0.01651	0.01292	0.01651	0.01148	0.01723	0.00861	0.00646	0.00646	0.00215	0.00861	0.00574	0.00287	0.00718
65	0.01870	0.01494	0.01591	0.01357	0.01766	0.01697	0.01076	0.21646	0.51662	0.04932	0.02337	0.02174	0.01727	0.00847	0.00654	0.00212	0.00566	0.00688	0.00658	0.01045
66	0.00930	0.00666	0.00908	0.00908	0.00978	0.00737	0.00644	0.01070	0.01000	0.01403	0.01850	0.03201	0.01903	0.33265	0.46706	0.00877	0.01298	0.00789	0.00364	0.00504
67	0.00939	0.00628	0.00714	0.00714	0.00718	0.00632	0.00404	0.00946	0.00943	0.01260	0.02027	0.04179	0.02328	0.75181	0.05371	0.00638	0.00659	0.00932	0.00390	0.00397
68	0.00940	0.00626	0.00705	0.00705	0.00705	0.00626	0.00392	0.00940	0.00940	0.01253	0.02036	0.04228	0.02349	0.77292	0.03289	0.00626	0.00626	0.00940	0.00392	0.00392
69	0.01727	0.77681	0.03386	0.01106	0.01658	0.02557	0.01106	0.01935	0.01313	0.01520	0.00898	0.01036	0.00829	0.00553	0.00415	0.00138	0.00691	0.00345	0.00276	0.00829
70	0.00914	0.00660	0.00864	0.00813	0.00965	0.00610	0.00610	0.01219	0.01829	0.02591	0.72921	0.04827	0.06097	0.01321	0.00762	0.00203	0.00305	0.01169	0.00711	0.00610
71	0.01414	0.01414	0.01979	0.01696	0.01696	0.01979	0.01414	0.01555	0.00990	0.01555	0.00848	0.01414	0.00848	0.01131	0.02120	0.00283	0.76110	0.00565	0.00283	0.00707
72	0.01340	0.01148	0.01340	0.00957	0.01531	0.00861	0.00766	0.01627	0.01340	0.02105	0.01148	0.01340	0.00957	0.00479	0.00479	0.00096	0.00479	0.00383	0.00383	0.81242
73	0.01340	0.01148	0.01340	0.00957	0.01531	0.00861	0.00766	0.01627	0.01340	0.02105	0.01148	0.01340	0.00957	0.00479	0.00479	0.00096	0.00479	0.00383	0.00383	0.81242
74	0.00931	0.00628	0.00732	0.00758	0.00772	0.00624	0.00457	0.00962	0.01008	0.01340	0.02289	0.12014	0.02642	0.64335	0.02870	0.00566	0.00598	0.05629	0.00427	0.00419
75	0.05763	0.01146	0.01505	0.01158	0.01655	0.01028	0.00956	0.07001	0.01890	0.67123	0.02432	0.02120	0.01538	0.00791	0.00640	0.00200	0.00557	0.00635	0.00776	0.01085
76	0.01599	0.01535	0.02623	0.03966	0.73262	0.01535	0.01983	0.01983	0.01471	0.02111	0.01215	0.01599	0.01023	0.00576	0.00640	0.00192	0.00768	0.00576	0.00320	0.01023
77	0.01015	0.00725	0.01011	0.01159	0.01297	0.00721	0.00995	0.01293	0.01461	0.01904	0.03436	0.14598	0.03777	0.01810	0.00885	0.00294	0.00572	0.61866	0.00595	0.00588
78	0.01323	0.00739	0.01010	0.01054	0.01228	0.00691	0.00828	0.01529	0.01454	0.17006	0.03298	0.36774	0.03514	0.01681	0.00811	0.00261	0.00489	0.24997	0.00640	0.00671
79	0.00764	0.00655	0.00655	0.00655	0.00873	0.00545	0.00491	0.00927	0.01473	0.01745	0.06546	0.06218	0.73000	0.01636	0.00764	0.00218	0.00327	0.01364	0.00600	0.00545
80	0.04771	0.01103	0.01486	0.01142	0.01640	0.00962	0.00944	0.03119	0.01832	0.72031	0.02510	0.02172	0.01578	0.00795	0.00644	0.00200	0.00549	0.00643	0.00790	0.01090
81	0.01206	0.00689	0.00819	0.00779	0.00852	0.00666	0.00483	0.01248	0.01086	0.11458	0.02202	0.08408	0.02362	0.61918	0.02766	0.00544	0.00600	0.00954	0.00462	0.00499
82	0.00820	0.00657	0.00733	0.00714	0.00907	0.00570	0.00535	0.01037	0.01606	0.02062	0.31402	0.05697	0.47946	0.01518	0.00763	0.00213	0.00319	0.01291	0.00642	0.00570
83	0.81856	0.01250	0.00950	0.00850	0.01250	0.01449	0.00700	0.01899	0.01100	0.02899	0.00900	0.01050	0.00700	0.00600	0.00400	0.00200	0.00500	0.00350	0.00400	0.00700
84	0.01098	0.00572	0.00836	0.00836	0.00841	0.00576	0.00555	0.00862	0.00858	0.01149	0.01229	0.02194	0.01254	0.09264	0.05300	0.70767	0.00611	0.00601	0.00293	0.00302
85	0.00786	0.00565	0.00747	0.00892	0.00935	0.00525	0.00596	0.00901	0.01245	0.01653	0.03659	0.74563	0.06518	0.02012	0.00823	0.00261	0.00373	0.01821	0.00600	0.00525
86	0.01245	0.00825	0.00990	0.03676	0.01208	0.00838	0.00717	0.07763	0.06015	0.04636	0.36028	0.03638	0.03796	0.01070	0.00659	0.00193	0.00391	0.03388	0.22230	0.00694
87	0.73012	0.01401	0.01052	0.00933	0.01333	0.06635	0.00760	0.04776	0.01230	0.02854	0.00933	0.01078	0.00725	0.00612	0.00423	0.00197	0.00555	0.00364	0.00405	0.00720
88	0.00923	0.00692	0.01038	0.01038	0.01154	0.00808	0.00808	0.01154	0.01038	0.01500	0.01731	0.02538	0.01615	0.04846	0.74732	0.01038	0.01731	0.00692	0.00346	0.00577
89	0.01911	0.50850	0.02859	0.03788	0.03936	0.22078	0.01195	0.03783	0.01500	0.01620	0.00959	0.01123	0.00843	0.00593	0.00480	0.00151	0.00828	0.00385	0.00302	0.00816
90	0.81856	0.01250	0.00950	0.00850	0.01250	0.01449	0.00700	0.01899	0.01100	0.02899	0.00900	0.01050	0.00700	0.00600	0.00400	0.00200	0.00500	0.00350	0.00400	0.00700
91	0.02353	0.06377	0.08230	0.04185	0.04465	0.01679	0.01295	0.38006	0.02355	0.21980	0.01715	0.01682	0.01179	0.00743	0.00630	0.00194	0.00696	0.00576	0.00607	0.01054
92	0.00939	0.00630	0.00724	0.00724	0.00731	0.00637	0.00416	0.00952	0.00945	0.01267	0.02018	0.04130	0.02306	0.73068	0.07454	0.00650	0.00691	0.00925	0.00389	0.00402
93	0.01599	0.01535	0.02623	0.03966	0.73262	0.01535	0.01983	0.01983	0.01471	0.02111	0.01215	0.01599	0.01023	0.00576	0.00640	0.00192	0.00768	0.00576	0.00320	0.01023
94	0.00940	0.00626	0.00705	0.00705	0.00705	0.00626	0.00392	0.00940	0.00940	0.01253	0.02036	0.04228	0.02349	0.77292	0.03289	0.00626	0.00626	0.00940	0.00392	0.00392
95	0.01677	0.61154	0.16115	0.01262	0.01879	0.05313	0.01344	0.01981	0.01343	0.01618	0.00950	0.01101	0.00827	0.00568	0.00458	0.00151	0.00758	0.00372	0.00278	0.00849
96	0.01589	0.43981	0.31689	0.01430	0.02133	0.05804	0.01628	0.02012	0.01360	0.01735	0.01008	0.01175	0.00825	0.00583	0.00503	0.00166	0.00821	0.00402	0.00278	0.00876
97	0.00764	0.00655	0.00655	0.00655	0.00873	0.00545	0.00491	0.00927	0.01473	0.01745	0.06546	0.06218	0.73000	0.01636	0.00764	0.00218	0.00327	0.01364	0.00600	0.00545
98	0.81856	0.01250	0.00950	0.00850	0.01250	0.01449	0.00700	0.01899	0.01100	0.02899	0.00900	0.01050	0.00700	0.00600	0.00400	0.00200	0.00500	0.00350	0.00400	0.00700
99	0.01115	0.14357	0.03512	0.01091	0.01300	0.01142	0.00912	0.03243	0.01230	0.01661	0.02067	0.18598	0.02161	0.02867	0.32942	0.00578	0.03659	0.06509	0.00413	0.00641
100	0.02421	0.01789	0.01920	0.01470	0.01989	0.01967	0.01213	0.68895	0.02984	0.04010	0.01538	0.01545	0.01094	0.00766	0.00641	0.00191	0.00704	0.00575	0.00638	0.03650
101	0.00923	0.00692	0.01038	0.01038	0.01154	0.00808	0.00808	0.01154	0.01038	0.01500	0.01731	0.02538	0.01615	0.04846	0.74732	0.01038	0.01731	0.00692	0.00346	0.00577
102	0.01413	0.29562	0.34495	0.01522	0.04205	0.01762	0.03583	0.01891	0.01417	0.01935	0.10973	0.01742	0.01561	0.00686	0.00568	0.00181	0.00769	0.00536	0.00337	0.00862
103	0.01762	0.01503	0.02000	0.01944	0.13924	0.01640	0.08986	0.12759	0.38098	0.05301	0.02043	0.02044	0.01535	0.00778	0.00700	0.00212	0.02520	0.00680	0.00558	0.01012
104	0.01859	0.02155	0.01761	0.01579	0.01775	0.38394	0.01236	0.02086	0.04030	0.01603	0.01106	0.01475	0.00983	0.01381	0.10930	0.00322	0.25759	0.00513	0.00330	0.00722
105	0.01406	0.01306	0.01427	0.01085	0.01590	0.08059	0.02820	0.01683	0.01362	0.01991	0.01199	0.01459	0.01014	0.00952	0.08213	0.00204	0.00693	0.00429	0.00373	0.62737
106	0.02785	0.01074	0.01463	0.01130	0.01610	0.00930	0.00930	0.03038	0.01848	0.69630	0.06585	0.02350	0.01857	0.00830	0.00656	0.00200	0.00536	0.00680	0.00795	0.01072
107	0.01340	0.01148	0.01340	0.00957	0.01531	0.00861	0.00766	0.01627	0.01340	0.02105	0.01148	0.01340	0.00957	0.00479	0.00479	0.00096	0.00479	0.00383	0.00383	0.81242
108	0.00929	0.00667	0.00909	0.00909	0.00980	0.00737	0.00646	0.01071	0.01000	0.01404	0.01849	0.03193	0.01900	0.32923	0.47043	0.00879	0.01303	0.00788	0.00364	0.00505
109	0.00821	0.00621	0.00759	0.00800	0.00927	0.00558	0.00571	0.01011	0.01498	0.01982	0.26857	0.32869	0.25011	0.01683	0.00787	0.00230	0.00338	0.01482	0.00636	0.00558
110	0.02816	0.01138	0.01639	0.01245	0.01754	0.00991	0.05175	0.03084	0.01830	0.69382	0.02474	0.02172	0.01562	0.00784	0.00657	0.00201	0.00582	0.00657	0.00771	0.01086
111	0.00923	0.00692	0.01038	0.01038	0.01154	0.00808	0.00808	0.01154	0.01038	0.01500	0.01731	0.02538	0.01615	0.04846	0.74732	0.01038	0.01731	0.00692	0.00346	0.00577
112	0.01220	0.01148	0.01938	0.75739	0.04450	0.01436	0.01794	0.01651	0.01292	0.01651	0.01148	0.01723	0.00861	0.00646	0.00646	0.00215	0.00861	0.00574	0.00287	0.00718
113	0.02368	0.01637	0.01774	0.01374	0.01854	0.01785	0.01131	0.59032	0.02781	0.09304	0.01683	0.01685	0.01192	0.00775	0.00628	0.00190	0.00658	0.00589	0.08509	0.01050
114	0.00876	0.00603	0.00737	0.00799	0.00819	0.00592	0.00494	0.00932	0.01066	0.01426	0.02651	0.34060	0.03111	0.43350	0.05194	0.00493	0.00568	0.01299	0.00475	0.00454
115	0.02430	0.02594	0.01872	0.01597	0.02000	0.46894	0.01241	0.28790	0.02293	0.02534	0.01210	0.01313	0.00934	0.00708	0.00607	0.00177	0.00991	0.00479	0.00453	0.00883
116	0.02899	0.01100	0.01499	0.01150	0.01649	0.00950	0.00950	0.03149	0.01849	0.73709	0.02549	0.02199	0.01599	0.00800	0.00650	0.00200	0.00550	0.00650	0.00800	0.01100
117	0.00907	0.00662	0.00754	0.00762	0.00943	0.00578	0.00562	0.01082	0.01476	0.05373	0.14325	0.19019	0.43421	0.04222	0.00859	0.00240	0.00362	0.03262	0.00617	0.00573
118	0.00786	0.00567	0.00745	0.00888	0.00934	0.00526	0.00594	0.00901	0.01249	0.01654	0.03708	0.73390	0.07659	0.02005	0.00822	0.00260	0.00373	0.01814	0.00600	0.00526
119	0.81856	0.01250	0.00950	0.00850	0.01250	0.01449	0.00700	0.01899	0.01100	0.02899	0.00900	0.01050	0.00700	0.00600	0.00400	0.00200	0.00500	0.00350	0.00400	0.00700
120	0.01564	0.01322	0.01413	0.01264	0.01611	0.01508	0.00984	0.06223	0.60772	0.02752	0.10796	0.02654	0.02415	0.00924	0.00669	0.00216	0.00496	0.00775	0.00663	0.00978
121	0.00950	0.00608	0.00814	0.00928	0.01003	0.00563	0.00640	0.01079	0.01290	0.06913	0.03483	0.69043	0.04060	0.01927	0.00814	0.00259	0.00395	0.04048	0.00614	0.00569
122	0.01582	0.01361	0.01439	0.01297	0.01654	0.01571	0.01008	0.03352	0.69523	0.02699	0.05202	0.02499	0.02123	0.00893	0.00661	0.00219	0.00504	0.00747	0.00659	0.01008
123	0.00888	0.00659	0.00827	0.00785	0.00949	0.00598	0.00589	0.01168	0.01767	0.02443	0.61289	0.05070	0.17821	0.01376	0.00762	0.00206	0.00309	0.01203	0.00692	0.00598
124	0.01548	0.01239	0.01426	0.01042	0.01601	0.01032	0.00839	0.10713	0.03462	0.04975	0.01291	0.01427	0.01026	0.00539	0.00511	0.00115	0.00512	0.00427	0.00439	0.65835
125	0.00816	0.00633	0.00743	0.00765	0.00918	0.00560	0.00555	0.01011	0.01524	0.01984	0.26383	0.23498	0.35022	0.01636	0.00778	0.00225	0.00332	0.01422	0.00634	0.00560
126	0.00974	0.00698	0.00953	0.01034	0.01173	0.00677	0.00852	0.01256	0.01580	0.02131	0.27110	0.13071	0.04581	0.01650	0.00842	0.00262	0.00475	0.39453	0.00635	0.00593
127	0.00940	0.00626	0.00705	0.00705	0.00705	0.00626	0.00392	0.00940	0.00940	0.01253	0.02036	0.04228	0.02349	0.77292	0.03289	0.00626	0.00626	0.00940	0.00392	0.00392
128	0.05160	0.02694	0.04351	0.01675	0.02054	0.53780	0.06124	0.08680	0.01839	0.01909	0.01151	0.03659	0.00972	0.00717	0.00638	0.00181	0.02758	0.00504	0.00369	0.00787
129	0.01532	0.01312	0.01378	0.01239	0.01592	0.01490	0.00964	0.05410	0.61075	0.02631	0.03075	0.02850	0.10680	0.00967	0.00670	0.00218	0.00495	0.00803	0.00650	0.00967
130	0.00844	0.00603	0.00813	0.00952	0.01017	0.00572	0.00686	0.01003	0.01318	0.01756	0.07305	0.59376	0.04264	0.01939	0.00835	0.00266	0.00414	0.14890	0.00605	0.00543
131	0.01564	0.01499	0.02558	0.10718	0.66788	0.01526	0.01965	0.01952	0.01454	0.02068	0.01209	0.01611	0.01008	0.00582	0.00640	0.00194	0.00776	0.00576	0.00317	0.00995
132	0.01296	0.03342	0.73944	0.01842	0.02797	0.01501	0.02387	0.02046	0.01364	0.02046	0.01160	0.01364	0.00818	0.00614	0.00614	0.00205	0.00955	0.00477	0.00273	0.00955
133	0.00828	0.00590	0.00789	0.00933	0.00985	0.00559	0.00654	0.00962	0.01262	0.01675	0.03490	0.64700	0.04130	0.04569	0.00919	0.00280	0.00414	0.11140	0.00592	0.00530
134	0.02414	0.03079	0.01831	0.01665	0.01998	0.74698	0.01248	0.02580	0.01831	0.01581	0.00999	0.01165	0.00832	0.00666	0.00583	0.00166	0.01165	0.00416	0.00333	0.00749
135	0.00943	0.00630	0.00716	0.00721	0.00725	0.00630	0.00413	0.00953	0.00958	0.01275	0.02081	0.04328	0.02394	0.74826	0.03210	0.00616	0.00625	0.03160	0.00398	0.00398
136	0.01487	0.01423	0.02411	0.24122	0.51741	0.01520	0.01913	0.01877	0.01406	0.01965	0.01186	0.01628	0.00973	0.00612	0.00686	0.00201	0.03038	0.00575	0.00310	0.00928
137	0.02899	0.01100	0.01499	0.01150	0.01649	0.00950	0.00950	0.03149	0.01849	0.73709	0.02549	0.02199	0.01599	0.00800	0.00650	0.00200	0.00550	0.00650	0.00800	0.01100
138	0.00979	0.00728	0.00852	0.00826	0.01028	0.00673	0.00633	0.01324	0.06604	0.04757	0.31028	0.07944	0.32552	0.01457	0.00763	0.00219	0.00360	0.05993	0.00653	0.00626
139	0.01634	0.01401	0.01476	0.01320	0.01690	0.01620	0.01029	0.05581	0.69903	0.02746	0.02596	0.02383	0.01945	0.00873	0.00657	0.00218	0.00518	0.00726	0.00657	0.01025
140	0.01204	0.00602	0.00602	0.00602	0.00753	0.00602	0.00452	0.01506	0.01355	0.02409	0.02108	0.02409	0.01656	0.00753	0.00452	0.00151	0.00301	0.00602	0.80879	0.00602
141	0.02269	0.00949	0.01262	0.01038	0.01386	0.00845	0.00809	0.02457	0.01598	0.50683	0.02531	0.07446	0.02007	0.17737	0.01250	0.00301	0.00558	0.03294	0.00690	0.00890
142	0.00887	0.00618	0.00725	0.00769	0.00807	0.00597	0.00481	0.00944	0.01093	0.01433	0.02950	0.23082	0.10237	0.47153	0.02300	0.00478	0.00530	0.03990	0.00475	0.00450
143	0.45531	0.01181	0.01203	0.00988	0.01434	0.01220	0.00815	0.02474	0.01445	0.35476	0.01659	0.01579	0.01114	0.00692	0.00515	0.00200	0.00523	0.00488	0.00584	0.00884
144	0.07814	0.01280	0.01570	0.01212	0.01709	0.01235	0.01001	0.19413	0.02088	0.52459	0.02204	0.01970	0.01422	0.00781	0.00633	0.00198	0.00585	0.00614	0.00737	0.01074
145	0.00928	0.00625	0.00816	0.00920	0.00984	0.00599	0.00648	0.01055	0.01239	0.03765	0.03189	0.46874	0.03693	0.17551	0.01343	0.00342	0.00472	0.13868	0.00562	0.00527
146	0.00796	0.00569	0.00760	0.00910	0.00951	0.00532	0.00615	0.00915	0.01246	0.01659	0.03556	0.74487	0.04254	0.02016	0.00827	0.00264	0.00382	0.04134	0.00600	0.00527
147	0.00894	0.00660	0.00835	0.00791	0.00953	0.00601	0.00593	0.01179	0.01780	0.02476	0.63856	0.05017	0.15234	0.01364	0.00762	0.00205	0.00308	0.01195	0.00696	0.00601
148	0.02899	0.01100	0.01499	0.01150	0.01649	0.00950	0.00950	0.03149	0.01849	0.73709	0.02549	0.02199	0.01599	0.00800	0.00650	0.00200	0.00550	0.00650	0.00800	0.01100
149	0.00834	0.00648	0.00759	0.00751	0.00921	0.00572	0.00556	0.01056	0.01609	0.02116	0.36097	0.12937	0.35756	0.01535	0.00769	0.00216	0.00322	0.01325	0.00650	0.00572
150	0.01727	0.77681	0.03386	0.01106	0.01658	0.02557	0.01106	0.01935	0.01313	0.01520	0.00898	0.01036	0.00829	0.00553	0.00415	0.00138	0.00691	0.00345	0.00276	0.00829
151	0.02151	0.02535	0.01632	0.01488	0.01805	0.55006	0.01122	0.02585	0.12433	0.01848	0.01375	0.01499	0.01101	0.00708	0.00579	0.00173	0.00966	0.00485	0.09738	0.00774
152	0.02899	0.01100	0.01499	0.01150	0.01649	0.00950	0.00950	0.03149	0.01849	0.73709	0.02549	0.02199	0.01599	0.00800	0.00650	0.00200	0.00550	0.00650	0.00800	0.01100
153	0.01420	0.01433	0.02085	0.01756	0.01794	0.01959	0.05440	0.01585	0.01021	0.01585	0.00875	0.01433	0.00856	0.01097	0.02042	0.00279	0.71764	0.00577	0.00285	0.00716
154	0.00900	0.00660	0.00843	0.00797	0.00956	0.00603	0.00598	0.01191	0.01794	0.02508	0.66385	0.04964	0.12685	0.01352	0.00762	0.00205	0.00307	0.01188	0.00700	0.00603
155	0.01225	0.01044	0.01102	0.01025	0.01312	0.01116	0.00786	0.02284	0.39209	0.02310	0.08731	0.06197	0.28616	0.01221	0.00709	0.00219	0.00426	0.01027	0.00638	0.00804
156	0.01457	0.29534	0.46483	0.01614	0.02416	0.01878	0.04423	0.02008	0.01352	0.01861	0.01073	0.01262	0.00828	0.00590	0.00549	0.00182	0.00867	0.00441	0.00276	0.00907
157	0.01878	0.01523	0.01614	0.01370	0.01784	0.01734	0.01088	0.25051	0.50036	0.03140	0.02285	0.02136	0.01693	0.00844	0.00654	0.00211	0.00575	0.00683	0.00654	0.01047
158	0.01220	0.01148	0.01938	0.75739	0.04450	0.01436	0.01794	0.01651	0.01292	0.01651	0.01148	0.01723	0.00861	0.00646	0.00646	0.00215	0.00861	0.00574	0.00287	0.00718
159	0.00787	0.00562	0.00750	0.00900	0.00937	0.00525	0.00600	0.00900	0.01237	0.01649	0.03561	0.76871	0.04274	0.02024	0.00825	0.00262	0.00375	0.01837	0.00600	0.00525
160	0.00764	0.00655	0.00655	0.00655	0.00873	0.00545	0.00491	0.00927	0.01473	0.01745	0.06546	0.06218	0.73000	0.01636	0.00764	0.00218	0.00327	0.01364	0.00600	0.00545
161	0.00787	0.00562	0.00750	0.00900	0.00937	0.00525	0.00600	0.00900	0.01237	0.01649	0.03561	0.76871	0.04274	0.02024	0.00825	0.00262	0.00375	0.01837	0.00600	0.00525
162	0.00787	0.00562	0.00750	0.00900	0.00937	0.00525	0.00600	0.00900	0.01237	0.01649	0.03561	0.76871	0.04274	0.02024	0.00825	0.00262	0.00375	0.01837	0.00600	0.00525
163	0.01727	0.77681	0.03386	0.01106	0.01658	0.02557	0.01106	0.01935	0.01313	0.01520	0.00898	0.01036	0.00829	0.00553	0.00415	0.00138	0.00691	0.00345	0.00276	0.00829
164	0.02899	0.01100	0.01499	0.01150	0.01649	0.00950	0.00950	0.03149	0.01849	0.73709	0.02549	0.02199	0.01599	0.00800	0.00650	0.00200	0.00550	0.00650	0.00800	0.01100
165	0.01106	0.00919	0.00992	0.00963	0.01209	0.00945	0.00748	0.01853	0.25818	0.02073	0.04469	0.04939	0.34186	0.05965	0.00898	0.00255	0.00448	0.10899	0.00607	0.00708
166	0.00787	0.00562	0.00750	0.00900	0.00937	0.00525	0.00600	0.00900	0.01237	0.01649	0.03561	0.76871	0.04274	0.02024	0.00825	0.00262	0.00375	0.01837	0.00600	0.00525
167	0.00844	0.00717	0.00743	0.00766	0.00938	0.03089	0.00557	0.01013	0.01474	0.01821	0.13809	0.22399	0.46237	0.01655	0.00772	0.00225	0.00364	0.01418	0.00604	0.00555
168	0.00818	0.00641	0.00681	0.00690	0.00835	0.00568	0.00475	0.00938	0.01323	0.01632	0.07220	0.10618	0.46892	0.22147	0.01452	0.00331	0.00411	0.01276	0.00547	0.00504
169	0.02468	0.01577	0.01769	0.01380	0.01874	0.01686	0.01132	0.45541	0.11036	0.21768	0.01937	0.01821	0.01332	0.00794	0.00649	0.00198	0.00646	0.00617	0.00687	0.01090
170	0.00845	0.00658	0.00767	0.00740	0.00922	0.00580	0.00555	0.01084	0.01664	0.02199	0.42170	0.05471	0.37092	0.01467	0.00763	0.00210	0.00315	0.01259	0.00660	0.00580
171	0.05789	0.01105	0.01479	0.01139	0.01635	0.00968	0.00941	0.03103	0.01822	0.71118	0.02489	0.02157	0.01567	0.00792	0.00641	0.00200	0.00548	0.00639	0.00785	0.01085
172	0.01800	0.00878	0.01158	0.01058	0.01327	0.00809	0.00811	0.06274	0.01623	0.32324	0.02999	0.36756	0.02912	0.01415	0.00743	0.00234	0.00482	0.04902	0.00687	0.00808
173	0.02240	0.01657	0.01783	0.01422	0.01896	0.01841	0.01157	0.48775	0.22352	0.07118	0.01903	0.01824	0.01369	0.00805	0.00650	0.00201	0.00647	0.00627	0.00657	0.01078
174	0.00878	0.00653	0.00763	0.00778	0.00903	0.00603	0.00558	0.01038	0.01387	0.01803	0.18789	0.09597	0.27108	0.22784	0.01488	0.00341	0.00440	0.09004	0.00565	0.00520
175	0.00932	0.00689	0.01025	0.01025	0.01141	0.00801	0.00796	0.01165	0.01049	0.01529	0.01743	0.02534	0.01617	0.04716	0.72367	0.01010	0.01685	0.00689	0.02910	0.00578
176	0.01442	0.00902	0.00933	0.00847	0.01084	0.00967	0.00656	0.11055	0.14222	0.02681	0.02128	0.02296	0.01639	0.00778	0.00514	0.00169	0.00393	0.00622	0.55929	0.00743
177	0.00924	0.00688	0.01019	0.01019	0.01128	0.00797	0.00784	0.01141	0.01033	0.01486	0.01748	0.02636	0.01658	0.09041	0.70595	0.01015	0.01667	0.00707	0.00349	0.00566
178	0.00919	0.00689	0.00855	0.00809	0.00980	0.00640	0.00608	0.01264	0.04645	0.02463	0.59642	0.04946	0.16417	0.01352	0.00758	0.00206	0.00317	0.01181	0.00692	0.00616
179	0.01258	0.01187	0.02006	0.68583	0.11311	0.01445	0.01813	0.01684	0.01310	0.01697	0.01155	0.01710	0.00877	0.00639	0.00645	0.00213	0.00852	0.00574	0.00290	0.00748
180	0.00940	0.00626	0.00705	0.00705	0.00705	0.00626	0.00392	0.00940	0.00940	0.01253	0.02036	0.04228	0.02349	0.77292	0.03289	0.00626	0.00626	0.00940	0.00392	0.00392
181	0.00923	0.00692	0.01038	0.01038	0.01154	0.00808	0.00808	0.01154	0.01038	0.01500	0.01731	0.02538	0.01615	0.04846	0.74732	0.01038	0.01731	0.00692	0.00346	0.00577
182	0.01599	0.01535	0.02623	0.03966	0.73262	0.01535	0.01983	0.01983	0.01471	0.02111	0.01215	0.01599	0.01023	0.00576	0.00640	0.00192	0.00768	0.00576	0.00320	0.01023
183	0.01547	0.01190	0.10153	0.01101	0.01460	0.00925	0.03305	0.05907	0.03660	0.17686	0.19828	0.10587	0.04740	0.01039	0.00666	0.00201	0.00501	0.00893	0.13817	0.00795
184	0.01525	0.01743	0.03813	0.02723	0.03377	0.01634	0.70915	0.02070	0.01525	0.02070	0.01307	0.01743	0.00980	0.00545	0.00763	0.00218	0.01089	0.00763	0.00327	0.00871
185	0.00787	0.00562	0.00750	0.00900	0.00937	0.00525	0.00600	0.00900	0.01237	0.01649	0.03561	0.76871	0.04274	0.02024	0.00825	0.00262	0.00375	0.01837	0.00600	0.00525
186	0.01409	0.01293	0.01956	0.31752	0.23734	0.01461	0.01589	0.02167	0.19286	0.02077	0.03522	0.04053	0.01425	0.00740	0.00655	0.00210	0.00717	0.00665	0.00411	0.00876
187	0.02407	0.01528	0.06470	0.01779	0.10684	0.03777	0.09263	0.11917	0.01895	0.40519	0.01971	0.01900	0.01316	0.00724	0.00657	0.00199	0.00706	0.00626	0.00618	0.01043
188	0.01340	0.01148	0.01340	0.00957	0.01531	0.00861	0.00766	0.01627	0.01340	0.02105	0.01148	0.01340	0.00957	0.00479	0.00479	0.00096	0.00479	0.00383	0.00383	0.81242
189	0.00922	0.00619	0.00710	0.00728	0.00732	0.00614	0.00416	0.00935	0.00975	0.01299	0.02215	0.12759	0.02575	0.68454	0.02999	0.00584	0.00597	0.01045	0.00416	0.00407
190	0.02324	0.01744	0.01865	0.01460	0.01953	0.01942	0.01196	0.60554	0.13807	0.03859	0.01719	0.01685	0.01235	0.00791	0.00648	0.00198	0.00680	0.00605	0.00648	0.01087
191	0.01666	0.01202	0.01457	0.03523	0.04480	0.01304	0.00989	0.29803	0.04129	0.02564	0.01711	0.12359	0.01579	0.01469	0.03959	0.20700	0.02855	0.00756	0.00494	0.03000
192	0.01873	0.04820	0.15822	0.04565	0.08501	0.04214	0.16787	0.25857	0.01998	0.04779	0.01347	0.01551	0.00994	0.00674	0.00703	0.00202	0.03322	0.00588	0.00436	0.00968
193	0.01122	0.00561	0.00842	0.00842	0.00842	0.00561	0.00561	0.00842	0.00842	0.01122	0.01122	0.01964	0.01122	0.02245	0.02525	0.81201	0.00561	0.00561	0.00281	0.00281
194	0.00976	0.00767	0.01029	0.01024	0.01134	0.03319	0.00778	0.01180	0.01055	0.01476	0.01739	0.02674	0.01668	0.12534	0.64469	0.00964	0.01592	0.00710	0.00351	0.00563
195	0.11458	0.00770	0.00822	0.00825	0.01000	0.00767	0.00595	0.01292	0.05695	0.03935	0.03718	0.19206	0.24993	0.15988	0.03918	0.00334	0.00493	0.03076	0.00534	0.00581
196	0.01122	0.00561	0.00842	0.00842	0.00842	0.00561	0.00561	0.00842	0.00842	0.01122	0.01122	0.01964	0.01122	0.02245	0.02525	0.81201	0.00561	0.00561	0.00281	0.00281
197	0.00787	0.00562	0.00750	0.00900	0.00937	0.00525	0.00600	0.00900	0.01237	0.01649	0.03561	0.76871	0.04274	0.02024	0.00825	0.00262	0.00375	0.01837	0.00600	0.00525
198	0.01028	0.00843	0.01227	0.01167	0.01254	0.01050	0.00922	0.01232	0.01025	0.01503	0.01554	0.02358	0.01478	0.06539	0.56879	0.00864	0.17474	0.00674	0.00334	0.00598
199	0.04133	0.00929	0.01243	0.01061	0.01409	0.00824	0.00830	0.02390	0.01633	0.48644	0.02837	0.26362	0.02444	0.01192	0.00700	0.00220	0.00492	0.01027	0.00725	0.00904
200	0.01607	0.01388	0.01461	0.01315	0.01680	0.01607	0.01023	0.03433	0.72094	0.02703	0.02630	0.02411	0.01972	0.00877	0.00657	0.00219	0.00511	0.00731	0.00657	0.01023
201	0.81856	0.01250	0.00950	0.00850	0.01250	0.01449	0.00700	0.01899	0.01100	0.02899	0.00900	0.01050	0.00700	0.00600	0.00400	0.00200	0.00500	0.00350	0.00400	0.00700
202	0.03871	0.00639	0.00790	0.00868	0.00947	0.00613	0.00596	0.01056	0.01237	0.03766	0.05530	0.44680	0.07559	0.18076	0.01334	0.00335	0.00450	0.06567	0.00557	0.00528
203	0.02456	0.01810	0.01939	0.01487	0.02004	0.02004	0.01228	0.71107	0.03038	0.04072	0.01551	0.01551	0.01099	0.00776	0.00646	0.00194	0.00711	0.00582	0.00646	0.01099
204	0.00787	0.00562	0.00750	0.00900	0.00937	0.00525	0.00600	0.00900	0.01237	0.01649	0.03561	0.76871	0.04274	0.02024	0.00825	0.00262	0.00375	0.01837	0.00600	0.00525
205	0.02456	0.01810	0.01939	0.01487	0.02004	0.02004	0.01228	0.71107	0.03038	0.04072	0.01551	0.01551	0.01099	0.00776	0.00646	0.00194	0.00711	0.00582	0.00646	0.01099
206	0.00927	0.00622	0.00732	0.00770	0.00792	0.00615	0.00476	0.00978	0.01046	0.01411	0.02414	0.17794	0.02774	0.55697	0.02576	0.00521	0.00567	0.05689	0.03162	0.00437
207	0.00914	0.00660	0.00864	0.00813	0.00965	0.00610	0.00610	0.01219	0.01829	0.02591	0.72921	0.04827	0.06097	0.01321	0.00762	0.00203	0.00305	0.01169	0.00711	0.00610
208	0.00832	0.00677	0.00750	0.00787	0.00988	0.00594	0.00627	0.01029	0.01476	0.01792	0.05775	0.06482	0.55908	0.01673	0.00795	0.00238	0.00393	0.18028	0.00599	0.00558
209	0.02456	0.01810	0.01939	0.01487	0.02004	0.02004	0.01228	0.71107	0.03038	0.04072	0.01551	0.01551	0.01099	0.00776	0.00646	0.00194	0.00711	0.00582	0.00646	0.01099
210	0.01663	0.01416	0.01493	0.01326	0.01701	0.01633	0.01036	0.07890	0.67546	0.02793	0.02559	0.02354	0.01915	0.00870	0.00657	0.00217	0.00525	0.00721	0.00657	0.01028
211	0.01599	0.01535	0.02623	0.03966	0.73262	0.01535	0.01983	0.01983	0.01471	0.02111	0.01215	0.01599	0.01023	0.00576	0.00640	0.00192	0.00768	0.00576	0.00320	0.01023
212	0.00923	0.00692	0.01038	0.01038	0.01154	0.00808	0.00808	0.01154	0.01038	0.01500	0.01731	0.02538	0.01615	0.04846	0.74732	0.01038	0.01731	0.00692	0.00346	0.00577
213	0.00876	0.00659	0.00810	0.00772	0.00941	0.00593	0.00579	0.01144	0.01737	0.02373	0.55808	0.05185	0.23345	0.01402	0.00762	0.00207	0.00311	0.01219	0.00683	0.00593
214	0.81856	0.01250	0.00950	0.00850	0.01250	0.01449	0.00700	0.01899	0.01100	0.02899	0.00900	0.01050	0.00700	0.00600	0.00400	0.00200	0.00500	0.00350	0.00400	0.00700
215	0.00896	0.00649	0.00846	0.00828	0.00968	0.00600	0.00615	0.01170	0.01729	0.02419	0.59539	0.14451	0.08223	0.01437	0.00774	0.00214	0.00322	0.03035	0.00689	0.00596
216	0.00961	0.00679	0.00914	0.01039	0.01135	0.00670	0.00825	0.01164	0.01336	0.01752	0.03230	0.24089	0.03633	0.14172	0.01267	0.00342	0.00545	0.41139	0.00563	0.00544
217	0.01607	0.01388	0.01461	0.01315	0.01680	0.01607	0.01023	0.03433	0.72094	0.02703	0.02630	0.02411	0.01972	0.00877	0.00657	0.00219	0.00511	0.00731	0.00657	0.01023
218	0.00926	0.00682	0.00984	0.00984	0.01080	0.00778	0.00740	0.01119	0.01022	0.01460	0.01781	0.02814	0.01735	0.16674	0.63068	0.00971	0.01550	0.00733	0.00354	0.00547
219	0.04837	0.01059	0.01369	0.01078	0.01516	0.00959	0.00882	0.06343	0.01837	0.55711	0.07280	0.02336	0.01865	0.00824	0.00630	0.00195	0.00514	0.00669	0.09095	0.01002
220	0.02195	0.01150	0.01432	0.01221	0.01621	0.01141	0.01005	0.07855	0.18423	0.37684	0.02667	0.03206	0.02069	0.01011	0.00699	0.00223	0.00562	0.14138	0.00714	0.00982
221	0.00769	0.00655	0.00662	0.00660	0.00876	0.00548	0.00495	0.00938	0.01486	0.01777	0.09031	0.06166	0.70494	0.01625	0.00764	0.00218	0.00326	0.01356	0.00604	0.00548
222	0.81856	0.01250	0.00950	0.00850	0.01250	0.01449	0.00700	0.01899	0.01100	0.02899	0.00900	0.01050	0.00700	0.00600	0.00400	0.00200	0.00500	0.00350	0.00400	0.00700
223	0.01407	0.01024	0.01135	0.01006	0.01279	0.01056	0.00767	0.14350	0.15291	0.06847	0.12669	0.08755	0.20293	0.09973	0.01009	0.00261	0.00481	0.01013	0.00622	0.00761
224	0.14100	0.01098	0.01375	0.01097	0.01560	0.01001	0.00908	0.02731	0.01680	0.53333	0.02284	0.02360	0.01587	0.00824	0.00621	0.00200	0.00541	0.05739	0.00699	0.06262
225	0.00910	0.00660	0.00857	0.00808	0.00963	0.00608	0.00606	0.01211	0.01818	0.02566	0.70930	0.04868	0.08103	0.01330	0.00762	0.00204	0.00306	0.01174	0.00708	0.00608
226	0.04619	0.00872	0.01094	0.00936	0.01241	0.00792	0.00737	0.03928	0.01768	0.28488	0.29584	0.06546	0.14411	0.01163	0.00707	0.00206	0.00419	0.00987	0.00709	0.00793
227	0.01188	0.00720	0.00918	0.00850	0.01049	0.00651	0.00643	0.01435	0.01684	0.13007	0.42258	0.09008	0.15110	0.05476	0.00890	0.00234	0.00375	0.03165	0.00680	0.00656
228	0.02414	0.03079	0.01831	0.01665	0.01998	0.74698	0.01248	0.02580	0.01831	0.01581	0.00999	0.01165	0.00832	0.00666	0.00583	0.00166	0.01165	0.00416	0.00333	0.00749
229	0.00787	0.00565	0.00747	0.00893	0.00935	0.00525	0.00597	0.00900	0.01244	0.01652	0.03646	0.74870	0.06220	0.02013	0.00823	0.00261	0.00374	0.01823	0.00600	0.00525
230	0.01122	0.00561	0.00842	0.00842	0.00842	0.00561	0.00561	0.00842	0.00842	0.01122	0.01122	0.01964	0.01122	0.02245	0.02525	0.81201	0.00561	0.00561	0.00281	0.00281
231	0.01525	0.01743	0.03813	0.02723	0.03377	0.01634	0.70915	0.02070	0.01525	0.02070	0.01307	0.01743	0.00980	0.00545	0.00763	0.00218	0.01089	0.00763	0.00327	0.00871
232	0.00796	0.00569	0.00760	0.00910	0.00952	0.00533	0.00616	0.00916	0.01246	0.01660	0.03556	0.74344	0.04253	0.02016	0.00827	0.00264	0.00383	0.04272	0.00600	0.00527
233	0.00856	0.00630	0.00812	0.00939	0.01005	0.00613	0.00644	0.01103	0.06591	0.01737	0.03487	0.69282	0.04084	0.01931	0.00814	0.00260	0.00391	0.03653	0.00604	0.00564
234	0.01727	0.77681	0.03386	0.01106	0.01658	0.02557	0.01106	0.01935	0.01313	0.01520	0.00898	0.01036	0.00829	0.00553	0.00415	0.00138	0.00691	0.00345	0.00276	0.00829
235	0.00930	0.00680	0.00758	0.00729	0.00944	0.00585	0.00550	0.01131	0.01573	0.06313	0.21922	0.07617	0.50917	0.01522	0.00758	0.00215	0.00337	0.01287	0.00638	0.00594
236	0.01341	0.01311	0.02029	0.61410	0.14089	0.05537	0.01791	0.01750	0.01348	0.01712	0.01150	0.01674	0.00883	0.00637	0.00642	0.00209	0.00865	0.00566	0.00294	0.00763
237	0.02758	0.01269	0.01597	0.01231	0.01730	0.01208	0.01015	0.18480	0.04354	0.55748	0.02327	0.02060	0.01498	0.00797	0.00649	0.00199	0.00585	0.00637	0.00761	0.01097
238	0.63698	0.04233	0.01270	0.01180	0.06726	0.07290	0.00873	0.04552	0.01265	0.02730	0.00955	0.01118	0.00754	0.00608	0.00442	0.00194	0.00587	0.00380	0.00393	0.00747
239	0.00787	0.00562	0.00750	0.00900	0.00937	0.00525	0.00600	0.00900	0.01237	0.01649	0.03561	0.76871	0.04274	0.02024	0.00825	0.00262	0.00375	0.01837	0.00600	0.00525
240	0.02132	0.01780	0.01770	0.01446	0.01883	0.09171	0.01162	0.39738	0.23371	0.03273	0.01782	0.01758	0.01320	0.00798	0.00689	0.00199	0.03249	0.00603	0.00598	0.03277
241	0.00838	0.00619	0.00793	0.00896	0.00995	0.00573	0.00655	0.01009	0.01380	0.01808	0.10984	0.45539	0.16598	0.01845	0.00819	0.00254	0.00396	0.12840	0.00610	0.00549
