[name]
unknown

[dist]
# distance from previous block
# <min> <max>
0	0

[block]
# block no. 0 follows, 34 sequences, length 23
# corresponding to MSA columns:
# 0-22
name=unknown_A
#
# <colnr> <probs for GDERKNQSTAVLIFYWHMCP>
#	G	D	E	R	K	N	Q	S	T	A	V	L	I	F	Y	W	H	M	C	P
0	0.01041	0.00744	0.01041	0.01190	0.01339	0.00744	0.01041	0.01339	0.01487	0.01934	0.03421	0.07288	0.03719	0.01785	0.00892	0.00297	0.00595	0.68913	0.00595	0.00595
1	0.02414	0.03079	0.01831	0.01665	0.01998	0.74698	0.01248	0.02580	0.01831	0.01581	0.00999	0.01165	0.00832	0.00666	0.00583	0.00166	0.01165	0.00416	0.00333	0.00749
2	0.01414	0.01414	0.01979	0.01696	0.01696	0.01979	0.01414	0.01555	0.00990	0.01555	0.00848	0.01414	0.00848	0.01131	0.02120	0.00283	0.76110	0.00565	0.00283	0.00707
3	0.01727	0.77681	0.03386	0.01106	0.01658	0.02557	0.01106	0.01935	0.01313	0.01520	0.00898	0.01036	0.00829	0.00553	0.00415	0.00138	0.00691	0.00345	0.00276	0.00829
4	0.01340	0.01148	0.01340	0.00957	0.01531	0.00861	0.00766	0.01627	0.01340	0.02105	0.01148	0.01340	0.00957	0.00479	0.00479	0.00096	0.00479	0.00383	0.00383	0.81242
5	0.00939	0.00630	0.00722	0.00722	0.00728	0.00636	0.00413	0.00951	0.00945	0.01265	0.02020	0.04142	0.02312	0.73603	0.06926	0.00647	0.00683	0.00927	0.00389	0.00401
6	0.02226	0.02074	0.16601	0.01565	0.02143	0.07020	0.03998	0.35119	0.02274	0.15675	0.01576	0.01602	0.01098	0.00742	0.00688	0.00199	0.03259	0.00567	0.00551	0.01023
7	0.01122	0.00561	0.00842	0.00842	0.00842	0.00561	0.00561	0.00842	0.00842	0.01122	0.01122	0.01964	0.01122	0.02245	0.02525	0.81201	0.00561	0.00561	0.00281	0.00281
8	0.81856	0.01250	0.00950	0.00850	0.01250	0.01449	0.00700	0.01899	0.01100	0.02899	0.00900	0.01050	0.00700	0.00600	0.00400	0.00200	0.00500	0.00350	0.00400	0.00700
9	0.01220	0.01148	0.01938	0.75739	0.04450	0.01436	0.01794	0.01651	0.01292	0.01651	0.01148	0.01723	0.00861	0.00646	0.00646	0.00215	0.00861	0.00574	0.00287	0.00718
10	0.01340	0.01148	0.01340	0.00957	0.01531	0.00861	0.00766	0.01627	0.01340	0.02105	0.01148	0.01340	0.00957	0.00479	0.00479	0.00096	0.00479	0.00383	0.00383	0.81242
11	0.02385	0.04664	0.01874	0.01396	0.01885	0.01811	0.01153	0.55992	0.02720	0.12343	0.01764	0.05966	0.01333	0.00842	0.00648	0.00196	0.00671	0.00653	0.00648	0.01055
12	0.01755	0.69143	0.06493	0.01178	0.01734	0.07490	0.01174	0.01984	0.01351	0.01548	0.00917	0.01060	0.00829	0.00563	0.00435	0.00143	0.00736	0.00356	0.00280	0.00829
13	0.01877	0.05154	0.37154	0.01600	0.02324	0.01465	0.04879	0.13132	0.01764	0.19557	0.03804	0.01708	0.01223	0.00701	0.00632	0.00200	0.00795	0.00565	0.00474	0.00993
14	0.01484	0.01298	0.01708	0.01449	0.01730	0.01506	0.07841	0.02504	0.35345	0.04704	0.13739	0.02515	0.02295	0.00972	0.01013	0.00230	0.17475	0.00767	0.00555	0.00871
15	0.00924	0.00689	0.01024	0.01024	0.01134	0.00800	0.00789	0.01144	0.01034	0.01489	0.01744	0.02613	0.01648	0.08035	0.71587	0.01020	0.01682	0.00703	0.00348	0.00569
16	0.81856	0.01250	0.00950	0.00850	0.01250	0.01449	0.00700	0.01899	0.01100	0.02899	0.00900	0.01050	0.00700	0.00600	0.00400	0.00200	0.00500	0.00350	0.00400	0.00700
17	0.02318	0.01407	0.06965	0.04681	0.09536	0.01194	0.11214	0.05083	0.01749	0.43714	0.04032	0.02046	0.01477	0.00735	0.00665	0.00202	0.00689	0.00656	0.00617	0.01020
18	0.00923	0.00692	0.01038	0.01038	0.01154	0.00808	0.00808	0.01154	0.01038	0.01500	0.01731	0.02538	0.01615	0.04846	0.74732	0.01038	0.01731	0.00692	0.00346	0.00577
19	0.02274	0.18545	0.02164	0.01534	0.01927	0.53773	0.01217	0.07979	0.01820	0.01770	0.01022	0.01170	0.00853	0.00651	0.00553	0.00163	0.01030	0.00415	0.00346	0.00794
20	0.01741	0.07329	0.06676	0.05504	0.07208	0.07648	0.08104	0.07296	0.22590	0.06372	0.01648	0.01776	0.01266	0.00777	0.00837	0.00212	0.11031	0.00607	0.00460	0.00918
21	0.02043	0.01540	0.05859	0.04878	0.20979	0.01433	0.13300	0.10497	0.06628	0.23528	0.01757	0.01844	0.01245	0.00685	0.00665	0.00202	0.00746	0.00636	0.00521	0.01015
22	0.00765	0.00650	0.00659	0.00666	0.00876	0.00544	0.00496	0.00926	0.01461	0.01741	0.06401	0.09638	0.69673	0.01655	0.00767	0.00220	0.00330	0.01387	0.00600	0.00544

[dist]
# distance from previous block
# <min> <max>
1	7

[block]
# block no. 1 follows, 34 sequences, length 125
# corresponding to MSA columns:
# 30-154
name=unknown_B
#
# <colnr> <probs for GDERKNQSTAVLIFYWHMCP>
#	G	D	E	R	K	N	Q	S	T	A	V	L	I	F	Y	W	H	M	C	P
0	0.06765	0.01241	0.01300	0.01165	0.01386	0.11412	0.03794	0.10431	0.01429	0.01922	0.01753	0.02538	0.03909	0.17259	0.30196	0.00608	0.01147	0.00690	0.00403	0.00652
1	0.01340	0.01148	0.01340	0.00957	0.01531	0.00861	0.00766	0.01627	0.01340	0.02105	0.01148	0.01340	0.00957	0.00479	0.00479	0.00096	0.00479	0.00383	0.00383	0.81242
2	0.01777	0.01503	0.02123	0.02668	0.37688	0.01573	0.01554	0.22673	0.06824	0.02711	0.01781	0.02348	0.03297	0.00809	0.00672	0.00206	0.00704	0.07625	0.00477	0.00989
3	0.01332	0.00850	0.01208	0.01230	0.01453	0.00834	0.03310	0.01696	0.04537	0.11799	0.05042	0.06139	0.03328	0.01559	0.00842	0.00276	0.00594	0.52660	0.00620	0.00692
4	0.02203	0.02728	0.01862	0.01671	0.01934	0.59348	0.01283	0.02364	0.01653	0.01576	0.00967	0.01218	0.00836	0.00764	0.00907	0.00191	0.16985	0.00448	0.00322	0.00740
5	0.01607	0.01388	0.01461	0.01315	0.01680	0.01607	0.01023	0.03433	0.72094	0.02703	0.02630	0.02411	0.01972	0.00877	0.00657	0.00219	0.00511	0.00731	0.00657	0.01023
6	0.01533	0.01710	0.03592	0.02591	0.03218	0.01631	0.64358	0.02198	0.08146	0.02129	0.01431	0.01806	0.01073	0.00576	0.00753	0.00218	0.01035	0.00760	0.00358	0.00886
7	0.01616	0.04439	0.03611	0.02568	0.03188	0.08585	0.61954	0.02113	0.01547	0.02005	0.01264	0.01664	0.00961	0.00556	0.00734	0.00210	0.01083	0.00716	0.00326	0.00858
8	0.01340	0.01148	0.01340	0.00957	0.01531	0.00861	0.00766	0.01627	0.01340	0.02105	0.01148	0.01340	0.00957	0.00479	0.00479	0.00096	0.00479	0.00383	0.00383	0.81242
9	0.00764	0.00655	0.00655	0.00655	0.00873	0.00545	0.00491	0.00927	0.01473	0.01745	0.06546	0.06218	0.73000	0.01636	0.00764	0.00218	0.00327	0.01364	0.00600	0.00545
10	0.00885	0.00659	0.00823	0.00782	0.00947	0.00597	0.00586	0.01162	0.01759	0.02426	0.59928	0.05099	0.19192	0.01383	0.00762	0.00206	0.00309	0.01207	0.00689	0.00597
11	0.01607	0.01388	0.01461	0.01315	0.01680	0.01607	0.01023	0.03433	0.72094	0.02703	0.02630	0.02411	0.01972	0.00877	0.00657	0.00219	0.00511	0.00731	0.00657	0.01023
12	0.81856	0.01250	0.00950	0.00850	0.01250	0.01449	0.00700	0.01899	0.01100	0.02899	0.00900	0.01050	0.00700	0.00600	0.00400	0.00200	0.00500	0.00350	0.00400	0.00700
13	0.01607	0.01388	0.01461	0.01315	0.01680	0.01607	0.01023	0.03433	0.72094	0.02703	0.02630	0.02411	0.01972	0.00877	0.00657	0.00219	0.00511	0.00731	0.00657	0.01023
14	0.02456	0.01810	0.01939	0.01487	0.02004	0.02004	0.01228	0.71107	0.03038	0.04072	0.01551	0.01551	0.01099	0.00776	0.00646	0.00194	0.00711	0.00582	0.00646	0.01099
15	0.00914	0.00660	0.00864	0.00813	0.00965	0.00610	0.00610	0.01219	0.01829	0.02591	0.72921	0.04827	0.06097	0.01321	0.00762	0.00203	0.00305	0.01169	0.00711	0.00610
16	0.00778	0.00646	0.00681	0.00693	0.00887	0.00549	0.00512	0.00948	0.01478	0.01805	0.11669	0.13367	0.60462	0.01650	0.00770	0.00222	0.00330	0.01396	0.00609	0.00549
17	0.02458	0.01658	0.01818	0.01400	0.01898	0.01796	0.01154	0.58657	0.02799	0.13454	0.01713	0.01679	0.01193	0.00778	0.00638	0.00193	0.00670	0.00592	0.04378	0.01076
18	0.00997	0.00726	0.00980	0.01094	0.01252	0.00709	0.00939	0.01279	0.01513	0.01963	0.09359	0.06960	0.12421	0.01730	0.00866	0.00280	0.00539	0.55199	0.00605	0.00590
19	0.01597	0.01541	0.02658	0.03929	0.71172	0.01538	0.04045	0.01986	0.01473	0.02110	0.01218	0.01603	0.01022	0.00575	0.00643	0.00193	0.00777	0.00581	0.00320	0.01019
20	0.00923	0.00692	0.01038	0.01038	0.01154	0.00808	0.00808	0.01154	0.01038	0.01500	0.01731	0.02538	0.01615	0.04846	0.74732	0.01038	0.01731	0.00692	0.00346	0.00577
21	0.02195	0.16342	0.02204	0.01834	0.10289	0.53122	0.01309	0.02394	0.01695	0.01632	0.01006	0.01193	0.00854	0.00635	0.00559	0.00164	0.01033	0.00422	0.00321	0.00796
22	0.13942	0.02773	0.01723	0.01606	0.03738	0.62151	0.01188	0.02466	0.01715	0.01787	0.00990	0.01160	0.00818	0.00654	0.00558	0.00172	0.01058	0.00411	0.00342	0.00749
23	0.81856	0.01250	0.00950	0.00850	0.01250	0.01449	0.00700	0.01899	0.01100	0.02899	0.00900	0.01050	0.00700	0.00600	0.00400	0.00200	0.00500	0.00350	0.00400	0.00700
24	0.00980	0.00730	0.00920	0.00861	0.01033	0.00704	0.00649	0.01430	0.08505	0.02602	0.66242	0.04597	0.05705	0.01279	0.00752	0.00205	0.00324	0.01127	0.00706	0.00649
25	0.00812	0.00656	0.00721	0.00705	0.00902	0.00566	0.00529	0.01020	0.01586	0.02014	0.27617	0.05776	0.51761	0.01536	0.00763	0.00213	0.00320	0.01302	0.00635	0.00566
26	0.00783	0.00658	0.00681	0.00683	0.00895	0.00556	0.00517	0.00960	0.01496	0.01807	0.10733	0.06165	0.66315	0.01621	0.00768	0.00220	0.00335	0.03649	0.00607	0.00551
27	0.02899	0.01100	0.01499	0.01150	0.01649	0.00950	0.00950	0.03149	0.01849	0.73709	0.02549	0.02199	0.01599	0.00800	0.00650	0.00200	0.00550	0.00650	0.00800	0.01100
28	0.02899	0.01100	0.01499	0.01150	0.01649	0.00950	0.00950	0.03149	0.01849	0.73709	0.02549	0.02199	0.01599	0.00800	0.00650	0.00200	0.00550	0.00650	0.00800	0.01100
29	0.01727	0.77681	0.03386	0.01106	0.01658	0.02557	0.01106	0.01935	0.01313	0.01520	0.00898	0.01036	0.00829	0.00553	0.00415	0.00138	0.00691	0.00345	0.00276	0.00829
30	0.05003	0.02578	0.01759	0.08618	0.02140	0.54919	0.01247	0.04378	0.05018	0.01799	0.04060	0.01439	0.01108	0.00712	0.00631	0.00180	0.02797	0.00483	0.00369	0.00760
31	0.00820	0.00586	0.00787	0.00937	0.00989	0.00553	0.00657	0.00957	0.01270	0.01686	0.03543	0.67856	0.04202	0.01993	0.00833	0.00267	0.00403	0.10527	0.00599	0.00534
32	0.72189	0.01231	0.01017	0.00886	0.01299	0.01388	0.00730	0.02052	0.01191	0.11569	0.01102	0.01190	0.00810	0.00624	0.00430	0.00200	0.00506	0.00387	0.00449	0.00749
33	0.02578	0.01615	0.01818	0.01394	0.01906	0.01714	0.01152	0.52435	0.02711	0.23206	0.01825	0.01729	0.01236	0.00782	0.00647	0.00196	0.00667	0.00600	0.00689	0.01099
34	0.00923	0.00692	0.01038	0.01038	0.01154	0.00808	0.00808	0.01154	0.01038	0.01500	0.01731	0.02538	0.01615	0.04846	0.74732	0.01038	0.01731	0.00692	0.00346	0.00577
35	0.81856	0.01250	0.00950	0.00850	0.01250	0.01449	0.00700	0.01899	0.01100	0.02899	0.00900	0.01050	0.00700	0.00600	0.00400	0.00200	0.00500	0.00350	0.00400	0.00700
36	0.02456	0.01810	0.01939	0.01487	0.02004	0.02004	0.01228	0.71107	0.03038	0.04072	0.01551	0.01551	0.01099	0.00776	0.00646	0.00194	0.00711	0.00582	0.00646	0.01099
37	0.00787	0.00562	0.00750	0.00900	0.00937	0.00525	0.00600	0.00900	0.01237	0.01649	0.03561	0.76871	0.04274	0.02024	0.00825	0.00262	0.00375	0.01837	0.00600	0.00525
38	0.00787	0.00562	0.00750	0.00900	0.00937	0.00525	0.00600	0.00900	0.01237	0.01649	0.03561	0.76871	0.04274	0.02024	0.00825	0.00262	0.00375	0.01837	0.00600	0.00525
39	0.01220	0.01148	0.01938	0.75739	0.04450	0.01436	0.01794	0.01651	0.01292	0.01651	0.01148	0.01723	0.00861	0.00646	0.00646	0.00215	0.00861	0.00574	0.00287	0.00718
40	0.00940	0.00626	0.00705	0.00705	0.00705	0.00626	0.00392	0.00940	0.00940	0.01253	0.02036	0.04228	0.02349	0.77292	0.03289	0.00626	0.00626	0.00940	0.00392	0.00392
41	0.02040	0.02146	0.01669	0.01481	0.01849	0.32403	0.01140	0.10506	0.34949	0.02381	0.01825	0.01792	0.01397	0.00777	0.00625	0.00194	0.00808	0.00582	0.00520	0.00916
42	0.18409	0.37455	0.02374	0.01237	0.01686	0.26050	0.01069	0.02140	0.01439	0.01823	0.00932	0.01082	0.00804	0.00600	0.00467	0.00160	0.00808	0.00370	0.00320	0.00776
43	0.00930	0.01026	0.10748	0.00937	0.01213	0.00720	0.00847	0.01251	0.01629	0.02216	0.38454	0.06952	0.23404	0.01362	0.00753	0.00215	0.00421	0.05676	0.00610	0.00636
44	0.01389	0.10321	0.61738	0.01853	0.05563	0.04205	0.02208	0.02052	0.01380	0.01982	0.01131	0.01336	0.00828	0.00608	0.00595	0.00196	0.00930	0.00467	0.00277	0.00938
45	0.01220	0.01148	0.01938	0.75739	0.04450	0.01436	0.01794	0.01651	0.01292	0.01651	0.01148	0.01723	0.00861	0.00646	0.00646	0.00215	0.00861	0.00574	0.00287	0.00718
46	0.00787	0.00562	0.00750	0.00900	0.00937	0.00525	0.00600	0.00900	0.01237	0.01649	0.03561	0.76871	0.04274	0.02024	0.00825	0.00262	0.00375	0.01837	0.00600	0.00525
47	0.00822	0.00646	0.00676	0.00674	0.00823	0.00572	0.00463	0.00939	0.01317	0.01615	0.06891	0.05564	0.49301	0.25122	0.01548	0.00345	0.00420	0.01227	0.00538	0.00499
48	0.01457	0.01162	0.01539	0.01410	0.10989	0.00974	0.03160	0.03533	0.01494	0.06769	0.09241	0.01865	0.01601	0.00623	0.00555	0.00135	0.00522	0.00536	0.02850	0.49585
49	0.00910	0.00660	0.00857	0.00808	0.00962	0.00608	0.00606	0.01210	0.01818	0.02565	0.70882	0.04869	0.08151	0.01331	0.00762	0.00204	0.00306	0.01175	0.00708	0.00608
50	0.81856	0.01250	0.00950	0.00850	0.01250	0.01449	0.00700	0.01899	0.01100	0.02899	0.00900	0.01050	0.00700	0.00600	0.00400	0.00200	0.00500	0.00350	0.00400	0.00700
51	0.01584	0.06567	0.15087	0.07942	0.24254	0.09867	0.10539	0.02079	0.04731	0.01991	0.01228	0.01515	0.00974	0.00597	0.00617	0.00185	0.00850	0.00539	0.00330	0.08524
52	0.02402	0.04956	0.01896	0.01614	0.01989	0.58428	0.01240	0.15963	0.02052	0.02067	0.01104	0.01237	0.00884	0.00684	0.00590	0.00171	0.01063	0.00447	0.00393	0.00820
53	0.01591	0.01356	0.01426	0.01286	0.01642	0.01566	0.00999	0.03354	0.69180	0.02691	0.02608	0.02411	0.01959	0.00872	0.00649	0.00216	0.00503	0.00725	0.03962	0.01005
54	0.00897	0.00660	0.00840	0.00795	0.00955	0.00602	0.00596	0.01186	0.01789	0.02495	0.65405	0.04984	0.13673	0.01357	0.00762	0.00205	0.00307	0.01191	0.00699	0.00602
55	0.00914	0.00660	0.00864	0.00813	0.00965	0.00610	0.00610	0.01219	0.01829	0.02591	0.72921	0.04827	0.06097	0.01321	0.00762	0.00203	0.00305	0.01169	0.00711	0.00610
56	0.81856	0.01250	0.00950	0.00850	0.01250	0.01449	0.00700	0.01899	0.01100	0.02899	0.00900	0.01050	0.00700	0.00600	0.00400	0.00200	0.00500	0.00350	0.00400	0.00700
57	0.00814	0.00657	0.00725	0.00708	0.00904	0.00567	0.00531	0.01025	0.01592	0.02029	0.28822	0.05751	0.50546	0.01531	0.00763	0.00213	0.00320	0.01298	0.00637	0.00567
58	0.02456	0.01810	0.01939	0.01487	0.02004	0.02004	0.01228	0.71107	0.03038	0.04072	0.01551	0.01551	0.01099	0.00776	0.00646	0.00194	0.00711	0.00582	0.00646	0.01099
59	0.81856	0.01250	0.00950	0.00850	0.01250	0.01449	0.00700	0.01899	0.01100	0.02899	0.00900	0.01050	0.00700	0.00600	0.00400	0.00200	0.00500	0.00350	0.00400	0.00700
60	0.01727	0.77681	0.03386	0.01106	0.01658	0.02557	0.01106	0.01935	0.01313	0.01520	0.00898	0.01036	0.00829	0.00553	0.00415	0.00138	0.00691	0.00345	0.00276	0.00829
61	0.00810	0.00660	0.00719	0.00713	0.00913	0.00568	0.00541	0.01011	0.01555	0.01948	0.21691	0.05942	0.54750	0.01570	0.00769	0.00218	0.00333	0.04102	0.00625	0.00562
62	0.02456	0.01810	0.01939	0.01487	0.02004	0.02004	0.01228	0.71107	0.03038	0.04072	0.01551	0.01551	0.01099	0.00776	0.00646	0.00194	0.00711	0.00582	0.00646	0.01099
63	0.01727	0.77681	0.03386	0.01106	0.01658	0.02557	0.01106	0.01935	0.01313	0.01520	0.00898	0.01036	0.00829	0.00553	0.00415	0.00138	0.00691	0.00345	0.00276	0.00829
64	0.01041	0.00744	0.01041	0.01190	0.01339	0.00744	0.01041	0.01339	0.01487	0.01934	0.03421	0.07288	0.03719	0.01785	0.00892	0.00297	0.00595	0.68913	0.00595	0.00595
65	0.01525	0.01743	0.03813	0.02723	0.03377	0.01634	0.70915	0.02070	0.01525	0.02070	0.01307	0.01743	0.00980	0.00545	0.00763	0.00218	0.01089	0.00763	0.00327	0.00871
66	0.01287	0.01236	0.01819	0.01571	0.01636	0.01646	0.04776	0.01473	0.01030	0.01566	0.01109	0.01733	0.01061	0.02101	0.21587	0.00483	0.52293	0.00610	0.00302	0.00680
67	0.00768	0.00639	0.00671	0.00696	0.00884	0.00542	0.00509	0.00923	0.01433	0.01729	0.06039	0.18221	0.61324	0.01702	0.00774	0.00226	0.00335	0.01444	0.00600	0.00542
68	0.01333	0.03084	0.62613	0.01984	0.02890	0.01522	0.13459	0.02050	0.01390	0.02050	0.01183	0.01425	0.00845	0.00603	0.00638	0.00207	0.00977	0.00524	0.00282	0.00941
69	0.01363	0.05277	0.06344	0.25678	0.10305	0.01542	0.01517	0.01815	0.06888	0.03456	0.01310	0.01763	0.01081	0.01333	0.11091	0.00335	0.17195	0.00585	0.00338	0.00783
70	0.00796	0.00569	0.00760	0.00910	0.00951	0.00532	0.00615	0.00915	0.01246	0.01659	0.03556	0.74452	0.04254	0.02016	0.00827	0.00264	0.00383	0.04168	0.00600	0.00527
71	0.00785	0.00570	0.00742	0.00880	0.00932	0.00526	0.00591	0.00902	0.01256	0.01657	0.03800	0.71224	0.09766	0.01993	0.00820	0.00259	0.00371	0.01799	0.00600	0.00526
72	0.01477	0.23079	0.44916	0.01727	0.02526	0.01816	0.09407	0.04419	0.01426	0.01978	0.01119	0.01324	0.00849	0.00596	0.00578	0.00188	0.00890	0.00476	0.00293	0.00917
73	0.01479	0.34892	0.43999	0.01529	0.02313	0.01949	0.01843	0.01999	0.01342	0.01823	0.01049	0.01225	0.00823	0.00588	0.00529	0.00176	0.00843	0.00421	0.00274	0.00902
74	0.00899	0.00650	0.00874	0.01013	0.01112	0.00624	0.00790	0.01098	0.01365	0.01783	0.03703	0.40909	0.08726	0.01891	0.00851	0.00275	0.00470	0.31813	0.00598	0.00558
75	0.01275	0.02341	0.39800	0.01929	0.06689	0.01341	0.16295	0.01861	0.01485	0.02130	0.13129	0.02245	0.05063	0.00760	0.00677	0.00207	0.00837	0.00696	0.00373	0.00866
76	0.01238	0.01063	0.01112	0.01036	0.01333	0.01139	0.00802	0.02326	0.40534	0.02281	0.04286	0.04144	0.31643	0.01221	0.00709	0.00221	0.00437	0.03034	0.00632	0.00811
77	0.01325	0.08343	0.69198	0.01792	0.02720	0.01572	0.02301	0.02039	0.01361	0.02011	0.01142	0.01342	0.00819	0.00610	0.00600	0.00200	0.00937	0.00469	0.00273	0.00946
78	0.02414	0.03079	0.01831	0.01665	0.01998	0.74698	0.01248	0.02580	0.01831	0.01581	0.00999	0.01165	0.00832	0.00666	0.00583	0.00166	0.01165	0.00416	0.00333	0.00749
79	0.02455	0.02737	0.01844	0.01618	0.01989	0.60273	0.03023	0.05463	0.01875	0.11015	0.01230	0.01330	0.00946	0.00684	0.00599	0.00173	0.01065	0.00462	0.00406	0.00812
80	0.00923	0.00692	0.01038	0.01038	0.01154	0.00808	0.00808	0.01154	0.01038	0.01500	0.01731	0.02538	0.01615	0.04846	0.74732	0.01038	0.01731	0.00692	0.00346	0.00577
81	0.01727	0.77681	0.03386	0.01106	0.01658	0.02557	0.01106	0.01935	0.01313	0.01520	0.00898	0.01036	0.00829	0.00553	0.00415	0.00138	0.00691	0.00345	0.00276	0.00829
82	0.02418	0.02959	0.01841	0.01648	0.01998	0.67813	0.01247	0.09071	0.01945	0.01817	0.01051	0.01202	0.00858	0.00676	0.00589	0.00169	0.01122	0.00432	0.00363	0.00782
83	0.02169	0.01572	0.01994	0.01511	0.02031	0.01615	0.10095	0.39628	0.05345	0.12508	0.01697	0.03686	0.01252	0.00748	0.00645	0.00188	0.00691	0.00628	0.00590	0.11404
84	0.01090	0.00848	0.01153	0.01105	0.01222	0.00998	0.00853	0.05469	0.03365	0.01731	0.01903	0.12034	0.01887	0.07852	0.42855	0.00716	0.10656	0.00831	0.02810	0.00621
85	0.05102	0.04268	0.01541	0.01129	0.01613	0.01055	0.00936	0.05788	0.01836	0.59528	0.05963	0.02195	0.01729	0.00798	0.00632	0.00194	0.00546	0.00643	0.00741	0.03763
86	0.01686	0.56446	0.18257	0.01303	0.01925	0.07601	0.01388	0.02006	0.01362	0.01636	0.00961	0.01115	0.00827	0.00574	0.00469	0.00154	0.00782	0.00379	0.00280	0.00850
87	0.09825	0.31829	0.07732	0.01301	0.01826	0.10843	0.01197	0.18418	0.03669	0.06053	0.01215	0.01295	0.00950	0.00649	0.00521	0.00171	0.00742	0.00446	0.00419	0.00899
88	0.01640	0.05173	0.46103	0.01561	0.02296	0.03312	0.01814	0.04619	0.01534	0.15346	0.05777	0.01839	0.01356	0.03943	0.00736	0.00218	0.00815	0.00568	0.00417	0.00932
89	0.01296	0.03342	0.73944	0.01842	0.02797	0.01501	0.02387	0.02046	0.01364	0.02046	0.01160	0.01364	0.00818	0.00614	0.00614	0.00205	0.00955	0.00477	0.00273	0.00955
90	0.05177	0.01400	0.05197	0.01428	0.01960	0.01250	0.10630	0.14053	0.01940	0.44827	0.02083	0.01958	0.01367	0.00744	0.00649	0.00200	0.00661	0.00635	0.02804	0.01035
91	0.00787	0.00562	0.00750	0.00900	0.00937	0.00525	0.00600	0.00900	0.01237	0.01649	0.03561	0.76871	0.04274	0.02024	0.00825	0.00262	0.00375	0.01837	0.00600	0.00525
92	0.01442	0.01686	0.11810	0.18168	0.36773	0.01489	0.12452	0.01897	0.01420	0.01985	0.01292	0.04292	0.01073	0.00642	0.00663	0.00205	0.00846	0.00636	0.00318	0.00911
93	0.01340	0.01148	0.01340	0.00957	0.01531	0.00861	0.00766	0.01627	0.01340	0.02105	0.01148	0.01340	0.00957	0.00479	0.00479	0.00096	0.00479	0.00383	0.00383	0.81242
94	0.02456	0.01810	0.01939	0.01487	0.02004	0.02004	0.01228	0.71107	0.03038	0.04072	0.01551	0.01551	0.01099	0.00776	0.00646	0.00194	0.00711	0.00582	0.00646	0.01099
95	0.01079	0.00937	0.01128	0.01105	0.01234	0.07880	0.00852	0.01293	0.01109	0.01501	0.01647	0.02433	0.01544	0.06725	0.63387	0.00922	0.03617	0.00671	0.00345	0.00591
96	0.00888	0.00659	0.00827	0.00785	0.00949	0.00598	0.00589	0.01167	0.01766	0.02441	0.61125	0.05074	0.17986	0.01377	0.00762	0.00206	0.00309	0.01203	0.00692	0.00598
97	0.00940	0.00626	0.00705	0.00705	0.00705	0.00626	0.00392	0.00940	0.00940	0.01253	0.02036	0.04228	0.02349	0.77292	0.03289	0.00626	0.00626	0.00940	0.00392	0.00392
98	0.01309	0.03266	0.70924	0.01932	0.05781	0.01502	0.02370	0.02044	0.01369	0.02049	0.01162	0.01374	0.00827	0.00612	0.00615	0.00204	0.00947	0.00482	0.00275	0.00958
99	0.00924	0.00689	0.01023	0.01023	0.01133	0.00799	0.00788	0.01144	0.01034	0.01489	0.01745	0.02617	0.01649	0.08197	0.71427	0.01019	0.01680	0.00704	0.00348	0.00568
100	0.00787	0.00562	0.00750	0.00900	0.00937	0.00525	0.00600	0.00900	0.01237	0.01649	0.03561	0.76871	0.04274	0.02024	0.00825	0.00262	0.00375	0.01837	0.00600	0.00525
101	0.02777	0.01232	0.01574	0.01213	0.01711	0.01154	0.01000	0.14836	0.04551	0.59219	0.02381	0.02095	0.01527	0.00798	0.00649	0.00200	0.00576	0.00641	0.00768	0.01097
102	0.02418	0.01742	0.01665	0.01372	0.01813	0.16677	0.01094	0.19287	0.17066	0.27015	0.02006	0.01875	0.01400	0.00782	0.00637	0.00196	0.00708	0.00602	0.00636	0.01010
103	0.00896	0.00646	0.00847	0.00825	0.00961	0.00597	0.00608	0.01173	0.01744	0.02456	0.62960	0.15173	0.05835	0.01422	0.00771	0.00212	0.00315	0.01264	0.00695	0.00597
104	0.01041	0.00744	0.01041	0.01190	0.01339	0.00744	0.01041	0.01339	0.01487	0.01934	0.03421	0.07288	0.03719	0.01785	0.00892	0.00297	0.00595	0.68913	0.00595	0.00595
105	0.00923	0.00692	0.01038	0.01038	0.01154	0.00808	0.00808	0.01154	0.01038	0.01500	0.01731	0.02538	0.01615	0.04846	0.74732	0.01038	0.01731	0.00692	0.00346	0.00577
106	0.01867	0.01982	0.03021	0.02251	0.02798	0.14659	0.42152	0.16098	0.01867	0.02371	0.01286	0.01591	0.00974	0.00633	0.00753	0.00206	0.03552	0.00658	0.00391	0.00890
107	0.01220	0.01148	0.01938	0.75739	0.04450	0.01436	0.01794	0.01651	0.01292	0.01651	0.01148	0.01723	0.00861	0.00646	0.00646	0.00215	0.00861	0.00574	0.00287	0.00718
108	0.01220	0.01148	0.01938	0.75739	0.04450	0.01436	0.01794	0.01651	0.01292	0.01651	0.01148	0.01723	0.00861	0.00646	0.00646	0.00215	0.00861	0.00574	0.00287	0.00718
109	0.02456	0.01810	0.01939	0.01487	0.02004	0.02004	0.01228	0.71107	0.03038	0.04072	0.01551	0.01551	0.01099	0.00776	0.00646	0.00194	0.00711	0.00582	0.00646	0.01099
110	0.01599	0.01535	0.02623	0.03966	0.73262	0.01535	0.01983	0.01983	0.01471	0.02111	0.01215	0.01599	0.01023	0.00576	0.00640	0.00192	0.00768	0.00576	0.00320	0.01023
111	0.00997	0.00710	0.00983	0.01127	0.01252	0.00704	0.00948	0.01254	0.01429	0.01865	0.03397	0.18428	0.03762	0.04366	0.00962	0.00303	0.00560	0.55787	0.00589	0.00577
112	0.02283	0.17309	0.02128	0.01558	0.01933	0.60938	0.01221	0.02457	0.01732	0.01570	0.00980	0.01141	0.00832	0.00644	0.00551	0.00161	0.01075	0.00403	0.00322	0.00764
113	0.01340	0.01148	0.01340	0.00957	0.01531	0.00861	0.00766	0.01627	0.01340	0.02105	0.01148	0.01340	0.00957	0.00479	0.00479	0.00096	0.00479	0.00383	0.00383	0.81242
114	0.00787	0.00562	0.00750	0.00900	0.00937	0.00525	0.00600	0.00900	0.01237	0.01649	0.03561	0.76871	0.04274	0.02024	0.00825	0.00262	0.00375	0.01837	0.00600	0.00525
115	0.01116	0.00563	0.00837	0.00837	0.00837	0.00563	0.00555	0.00845	0.00845	0.01127	0.01154	0.02043	0.01165	0.04853	0.02552	0.78400	0.00563	0.00574	0.00284	0.00284
116	0.02414	0.03079	0.01831	0.01665	0.01998	0.74698	0.01248	0.02580	0.01831	0.01581	0.00999	0.01165	0.00832	0.00666	0.00583	0.00166	0.01165	0.00416	0.00333	0.00749
117	0.02879	0.01132	0.01520	0.01165	0.01666	0.00998	0.00963	0.06292	0.01904	0.70488	0.02503	0.02169	0.01576	0.00799	0.00650	0.00200	0.00557	0.00647	0.00793	0.01100
118	0.00784	0.00624	0.00704	0.00751	0.00902	0.00544	0.00537	0.00941	0.01421	0.01781	0.10847	0.30135	0.44268	0.01743	0.00784	0.00232	0.00342	0.01509	0.00609	0.00544
119	0.00768	0.00655	0.00660	0.00659	0.00875	0.00547	0.00494	0.00936	0.01483	0.01769	0.08414	0.06179	0.71116	0.01628	0.00764	0.00218	0.00327	0.01358	0.00603	0.00547
120	0.00914	0.00660	0.00864	0.00813	0.00965	0.00610	0.00610	0.01219	0.01829	0.02591	0.72921	0.04827	0.06097	0.01321	0.00762	0.00203	0.00305	0.01169	0.00711	0.00610
121	0.10324	0.01126	0.01446	0.01128	0.01613	0.01024	0.00929	0.03042	0.04672	0.64077	0.02396	0.02099	0.01530	0.00784	0.00626	0.00201	0.00543	0.00625	0.00756	0.01059
122	0.81856	0.01250	0.00950	0.00850	0.01250	0.01449	0.00700	0.01899	0.01100	0.02899	0.00900	0.01050	0.00700	0.00600	0.00400	0.00200	0.00500	0.00350	0.00400	0.00700
123	0.01009	0.00766	0.00946	0.00917	0.01091	0.00760	0.00693	0.01522	0.12671	0.02428	0.47334	0.13472	0.07362	0.01375	0.00761	0.00219	0.00363	0.04975	0.00679	0.00661
124	0.01319	0.03178	0.66748	0.01932	0.02856	0.01514	0.09419	0.02049	0.01381	0.02049	0.01175	0.01403	0.00835	0.00607	0.00629	0.00206	0.00969	0.00507	0.00278	0.00946

[dist]
# distance from previous block
# <min> <max>
0	1

[block]
# block no. 2 follows, 34 sequences, length 88
# corresponding to MSA columns:
# 156-243
name=unknown_C
#
# <colnr> <probs for GDERKNQSTAVLIFYWHMCP>
#	G	D	E	R	K	N	Q	S	T	A	V	L	I	F	Y	W	H	M	C	P
0	0.01898	0.51682	0.07298	0.01311	0.01826	0.23193	0.01226	0.02127	0.01465	0.01570	0.00943	0.01094	0.00829	0.00589	0.00475	0.00150	0.00843	0.00374	0.00292	0.00814
1	0.51940	0.09710	0.01500	0.01240	0.07139	0.07115	0.00931	0.06105	0.01361	0.06409	0.01058	0.01191	0.00821	0.00619	0.00462	0.00190	0.00607	0.00402	0.00411	0.00788
2	0.01669	0.09058	0.07932	0.03234	0.50360	0.01628	0.07145	0.04245	0.01519	0.05280	0.01257	0.01563	0.01014	0.00590	0.00626	0.00190	0.00787	0.00564	0.00344	0.00994
3	0.01494	0.01255	0.01811	0.01299	0.01883	0.01011	0.13791	0.01826	0.01413	0.07591	0.01285	0.01481	0.01011	0.00515	0.00544	0.00126	0.00597	0.00474	0.00404	0.60188
4	0.00940	0.00626	0.00705	0.00705	0.00705	0.00626	0.00392	0.00940	0.00940	0.01253	0.02036	0.04228	0.02349	0.77292	0.03289	0.00626	0.00626	0.00940	0.00392	0.00392
5	0.00966	0.00650	0.00854	0.00958	0.01044	0.00619	0.00677	0.03744	0.01355	0.04930	0.03427	0.64680	0.03986	0.01902	0.00816	0.00260	0.00415	0.07529	0.00610	0.00578
6	0.01300	0.01230	0.02082	0.60632	0.18934	0.01457	0.01834	0.01721	0.01330	0.01748	0.01163	0.01697	0.00895	0.00631	0.00645	0.00210	0.00842	0.00575	0.00294	0.00782
7	0.00923	0.00692	0.01038	0.01038	0.01154	0.00808	0.00808	0.01154	0.01038	0.01500	0.01731	0.02538	0.01615	0.04846	0.74732	0.01038	0.01731	0.00692	0.00346	0.00577
8	0.00914	0.00660	0.00864	0.00813	0.00965	0.00610	0.00610	0.01219	0.01829	0.02591	0.72921	0.04827	0.06097	0.01321	0.00762	0.00203	0.00305	0.01169	0.00711	0.00610
9	0.02306	0.14797	0.02075	0.01577	0.01944	0.63367	0.01226	0.02479	0.01750	0.01572	0.00983	0.01145	0.00832	0.00648	0.00556	0.00162	0.01091	0.00405	0.00324	0.00762
10	0.00787	0.00562	0.00750	0.00900	0.00937	0.00525	0.00600	0.00900	0.01237	0.01649	0.03561	0.76871	0.04274	0.02024	0.00825	0.00262	0.00375	0.01837	0.00600	0.00525
11	0.00899	0.00699	0.01015	0.04401	0.09403	0.00679	0.00809	0.01056	0.01266	0.01703	0.03190	0.65053	0.03756	0.01800	0.00796	0.00252	0.00441	0.01639	0.00554	0.00590
12	0.81856	0.01250	0.00950	0.00850	0.01250	0.01449	0.00700	0.01899	0.01100	0.02899	0.00900	0.01050	0.00700	0.00600	0.00400	0.00200	0.00500	0.00350	0.00400	0.00700
13	0.00914	0.00660	0.00864	0.00813	0.00965	0.00610	0.00610	0.01219	0.01829	0.02591	0.72921	0.04827	0.06097	0.01321	0.00762	0.00203	0.00305	0.01169	0.00711	0.00610
14	0.01606	0.01395	0.01606	0.07506	0.07405	0.01602	0.01166	0.05592	0.58525	0.02622	0.02364	0.02263	0.01779	0.00831	0.00655	0.00216	0.00566	0.00701	0.00601	0.01001
15	0.00923	0.00692	0.01038	0.01038	0.01154	0.00808	0.00808	0.01154	0.01038	0.01500	0.01731	0.02538	0.01615	0.04846	0.74732	0.01038	0.01731	0.00692	0.00346	0.00577
16	0.07022	0.01759	0.01861	0.01442	0.01946	0.01954	0.01188	0.64097	0.05984	0.03943	0.01561	0.01560	0.01114	0.00770	0.00633	0.00195	0.00690	0.00575	0.00633	0.01072
17	0.02543	0.01671	0.01853	0.01421	0.01934	0.01797	0.01174	0.57795	0.02805	0.17713	0.01747	0.01678	0.01197	0.00780	0.00647	0.00195	0.00679	0.00595	0.00676	0.01099
18	0.01346	0.01167	0.01416	0.01011	0.01588	0.00885	0.02924	0.01641	0.01346	0.02104	0.01153	0.01352	0.00958	0.00481	0.00487	0.00099	0.00497	0.00394	0.00381	0.78769
19	0.01912	0.01539	0.01633	0.01377	0.01796	0.01749	0.01096	0.27709	0.47323	0.03194	0.02243	0.02102	0.01659	0.00840	0.00653	0.00210	0.00583	0.00677	0.00653	0.01050
20	0.00787	0.00562	0.00750	0.00900	0.00937	0.00525	0.00600	0.00900	0.01237	0.01649	0.03561	0.76871	0.04274	0.02024	0.00825	0.00262	0.00375	0.01837	0.00600	0.00525
21	0.02899	0.01100	0.01499	0.01150	0.01649	0.00950	0.00950	0.03149	0.01849	0.73709	0.02549	0.02199	0.01599	0.00800	0.00650	0.00200	0.00550	0.00650	0.00800	0.01100
22	0.01644	0.01406	0.01482	0.01322	0.01694	0.01625	0.01032	0.06403	0.69064	0.02763	0.02583	0.02373	0.01934	0.00872	0.00657	0.00218	0.00520	0.00724	0.00657	0.01026
23	0.81856	0.01250	0.00950	0.00850	0.01250	0.01449	0.00700	0.01899	0.01100	0.02899	0.00900	0.01050	0.00700	0.00600	0.00400	0.00200	0.00500	0.00350	0.00400	0.00700
24	0.00940	0.00626	0.00705	0.00705	0.00705	0.00626	0.00392	0.00940	0.00940	0.01253	0.02036	0.04228	0.02349	0.77292	0.03289	0.00626	0.00626	0.00940	0.00392	0.00392
25	0.81856	0.01250	0.00950	0.00850	0.01250	0.01449	0.00700	0.01899	0.01100	0.02899	0.00900	0.01050	0.00700	0.00600	0.00400	0.00200	0.00500	0.00350	0.00400	0.00700
26	0.02862	0.01158	0.01536	0.01177	0.01679	0.01037	0.00973	0.08752	0.01947	0.67968	0.02467	0.02146	0.01558	0.00798	0.00649	0.00199	0.00563	0.00644	0.00787	0.01100
27	0.01373	0.01354	0.01902	0.01642	0.01652	0.01882	0.01364	0.01522	0.00994	0.01550	0.00921	0.01506	0.00911	0.01437	0.08107	0.00345	0.69977	0.00576	0.00288	0.00696
28	0.00882	0.00630	0.00859	0.01009	0.01088	0.00607	0.00765	0.01064	0.01331	0.01756	0.03509	0.50769	0.04065	0.01934	0.00850	0.00276	0.00457	0.26999	0.00598	0.00551
29	0.02899	0.01100	0.01499	0.01150	0.01649	0.00950	0.00950	0.03149	0.01849	0.73709	0.02549	0.02199	0.01599	0.00800	0.00650	0.00200	0.00550	0.00650	0.00800	0.01100
30	0.01171	0.01171	0.00989	0.00977	0.01160	0.17015	0.00714	0.01356	0.01577	0.01884	0.20189	0.22389	0.24098	0.01443	0.00738	0.00214	0.00520	0.01225	0.00567	0.00601
31	0.01340	0.01148	0.01340	0.00957	0.01531	0.00861	0.00766	0.01627	0.01340	0.02105	0.01148	0.01340	0.00957	0.00479	0.00479	0.00096	0.00479	0.00383	0.00383	0.81242
32	0.00787	0.00562	0.00750	0.00900	0.00937	0.00525	0.00600	0.00900	0.01237	0.01649	0.03561	0.76871	0.04274	0.02024	0.00825	0.00262	0.00375	0.01837	0.00600	0.00525
33	0.00840	0.00600	0.00810	0.00960	0.01020	0.00570	0.00691	0.00991	0.01289	0.01708	0.03532	0.62444	0.04158	0.01975	0.00839	0.00270	0.00421	0.15744	0.00599	0.00539
34	0.01220	0.01148	0.01938	0.75739	0.04450	0.01436	0.01794	0.01651	0.01292	0.01651	0.01148	0.01723	0.00861	0.00646	0.00646	0.00215	0.00861	0.00574	0.00287	0.00718
35	0.01458	0.01391	0.02367	0.30760	0.47574	0.01498	0.01913	0.01859	0.01404	0.01939	0.01190	0.01645	0.00963	0.00602	0.00642	0.00201	0.00803	0.00575	0.00308	0.00909
36	0.00915	0.00691	0.00924	0.00999	0.05143	0.00640	0.00677	0.01173	0.01657	0.02298	0.48847	0.19381	0.11321	0.01448	0.00768	0.00216	0.00348	0.01287	0.00656	0.00611
37	0.01119	0.00711	0.00896	0.00820	0.01027	0.00637	0.00626	0.01388	0.01758	0.10863	0.50872	0.04802	0.19363	0.01324	0.00749	0.00206	0.00339	0.01147	0.00699	0.00655
38	0.01752	0.75118	0.03337	0.01118	0.01670	0.02538	0.01110	0.04271	0.01371	0.01606	0.00920	0.01054	0.00838	0.00560	0.00422	0.00140	0.00692	0.00353	0.00289	0.00838
39	0.01615	0.05771	0.01950	0.33215	0.09514	0.05824	0.01477	0.04712	0.05707	0.09817	0.05163	0.01858	0.01306	0.00757	0.00787	0.00210	0.08488	0.00600	0.00407	0.00823
40	0.01373	0.16570	0.61389	0.01711	0.02594	0.01689	0.02159	0.02026	0.01355	0.01953	0.01113	0.01306	0.00820	0.00603	0.00578	0.00193	0.00908	0.00454	0.00273	0.00933
41	0.01992	0.03960	0.15705	0.02119	0.18629	0.04393	0.01613	0.35746	0.04475	0.03040	0.01398	0.01528	0.01040	0.00693	0.00631	0.00194	0.00779	0.00554	0.00480	0.01033
42	0.01727	0.77681	0.03386	0.01106	0.01658	0.02557	0.01106	0.01935	0.01313	0.01520	0.00898	0.01036	0.00829	0.00553	0.00415	0.00138	0.00691	0.00345	0.00276	0.00829
43	0.00925	0.00672	0.00814	0.00771	0.00956	0.00599	0.00581	0.01182	0.01712	0.04479	0.48870	0.05206	0.28041	0.01409	0.00759	0.00208	0.00320	0.01217	0.00677	0.00603
44	0.01913	0.02094	0.32130	0.01634	0.06638	0.01225	0.03395	0.02394	0.01550	0.28282	0.01674	0.01691	0.01139	0.00661	0.00616	0.00189	0.00739	0.00542	0.00484	0.11011
45	0.07962	0.01915	0.02297	0.02996	0.44264	0.20404	0.04303	0.02183	0.03923	0.02053	0.01187	0.01478	0.00980	0.00610	0.00612	0.00188	0.00853	0.00530	0.00341	0.00922
46	0.01361	0.01149	0.01238	0.01137	0.01438	0.01275	0.00875	0.02673	0.49424	0.02526	0.14319	0.06139	0.11542	0.01086	0.00694	0.00218	0.00450	0.00921	0.00657	0.00879
47	0.01873	0.37663	0.02483	0.01272	0.01750	0.07426	0.01115	0.14690	0.21256	0.02306	0.01501	0.01518	0.01194	0.00690	0.00535	0.00173	0.00679	0.00499	0.00452	0.00925
48	0.00901	0.00705	0.01060	0.07613	0.01412	0.00695	0.04808	0.01091	0.01313	0.01755	0.08504	0.53122	0.03823	0.04044	0.00881	0.00265	0.00477	0.06404	0.00558	0.00569
49	0.01635	0.09467	0.35617	0.01993	0.06729	0.01689	0.15608	0.13063	0.01679	0.04613	0.01275	0.01479	0.00933	0.00624	0.00633	0.00199	0.00895	0.00550	0.00363	0.00958
50	0.01536	0.01316	0.05525	0.01223	0.01585	0.01326	0.01002	0.02828	0.47073	0.08483	0.11243	0.06870	0.05167	0.01000	0.00680	0.00217	0.00501	0.00847	0.00648	0.00930
51	0.02899	0.01100	0.01499	0.01150	0.01649	0.00950	0.00950	0.03149	0.01849	0.73709	0.02549	0.02199	0.01599	0.00800	0.00650	0.00200	0.00550	0.00650	0.00800	0.01100
52	0.01380	0.02201	0.32311	0.13734	0.23839	0.01472	0.06092	0.01973	0.03521	0.02050	0.04406	0.01695	0.01163	0.00643	0.00643	0.00204	0.00851	0.00576	0.00323	0.00921
53	0.01791	0.09755	0.16588	0.04473	0.27823	0.12261	0.03931	0.04858	0.03103	0.07528	0.01288	0.01503	0.00997	0.00626	0.00609	0.00188	0.00843	0.00525	0.00364	0.00946
54	0.02200	0.01329	0.01533	0.01272	0.01707	0.01404	0.01019	0.11391	0.37129	0.29891	0.02471	0.02228	0.01726	0.00835	0.00653	0.00209	0.00550	0.00682	0.00710	0.01061
55	0.00786	0.00658	0.00686	0.00685	0.00895	0.00557	0.00518	0.00968	0.01509	0.01835	0.13101	0.06109	0.64395	0.01609	0.00767	0.00219	0.00332	0.03207	0.00611	0.00553
56	0.00945	0.00803	0.03175	0.03427	0.04362	0.00729	0.00775	0.01278	0.06152	0.02058	0.25440	0.34620	0.10687	0.01539	0.00768	0.00230	0.00408	0.01371	0.00607	0.00628
57	0.01521	0.08368	0.54821	0.01787	0.02601	0.13938	0.04147	0.02129	0.01444	0.01932	0.01119	0.01319	0.00826	0.00616	0.00599	0.00194	0.00976	0.00467	0.00285	0.00909
58	0.02139	0.01075	0.01256	0.01017	0.01386	0.01064	0.00823	0.18532	0.01938	0.29708	0.02143	0.02128	0.01503	0.00776	0.00572	0.00179	0.00492	0.00615	0.31747	0.00907
59	0.01014	0.00724	0.01010	0.01159	0.01295	0.00720	0.00994	0.01291	0.01461	0.01903	0.03436	0.14773	0.03778	0.01811	0.00885	0.00294	0.00571	0.61698	0.00595	0.00587
60	0.01561	0.01496	0.02554	0.11212	0.66315	0.01525	0.01964	0.01949	0.01453	0.02064	0.01209	0.01612	0.01007	0.00583	0.00640	0.00194	0.00777	0.00576	0.00317	0.00993
61	0.00891	0.00660	0.00831	0.00788	0.00951	0.00600	0.00591	0.01174	0.01773	0.02459	0.62573	0.05043	0.16527	0.01370	0.00762	0.00206	0.00308	0.01199	0.00694	0.00600
62	0.00787	0.00562	0.00750	0.00900	0.00937	0.00525	0.00600	0.00900	0.01237	0.01649	0.03561	0.76871	0.04274	0.02024	0.00825	0.00262	0.00375	0.01837	0.00600	0.00525
63	0.00929	0.00669	0.00922	0.00922	0.00997	0.00744	0.00663	0.01079	0.01004	0.01414	0.01837	0.03127	0.01871	0.30095	0.49833	0.00895	0.01346	0.00778	0.00362	0.00512
64	0.00923	0.00692	0.01038	0.01038	0.01154	0.00808	0.00808	0.01154	0.01038	0.01500	0.01731	0.02538	0.01615	0.04846	0.74732	0.01038	0.01731	0.00692	0.00346	0.00577
65	0.01220	0.01148	0.01938	0.75739	0.04450	0.01436	0.01794	0.01651	0.01292	0.01651	0.01148	0.01723	0.00861	0.00646	0.00646	0.00215	0.00861	0.00574	0.00287	0.00718
66	0.01727	0.77681	0.03386	0.01106	0.01658	0.02557	0.01106	0.01935	0.01313	0.01520	0.00898	0.01036	0.00829	0.00553	0.00415	0.00138	0.00691	0.00345	0.00276	0.00829
67	0.02899	0.01100	0.01499	0.01150	0.01649	0.00950	0.00950	0.03149	0.01849	0.73709	0.02549	0.02199	0.01599	0.00800	0.00650	0.00200	0.00550	0.00650	0.00800	0.01100
68	0.01220	0.01148	0.01938	0.75739	0.04450	0.01436	0.01794	0.01651	0.01292	0.01651	0.01148	0.01723	0.00861	0.00646	0.00646	0.00215	0.00861	0.00574	0.00287	0.00718
69	0.02456	0.01810	0.01939	0.01487	0.02004	0.02004	0.01228	0.71107	0.03038	0.04072	0.01551	0.01551	0.01099	0.00776	0.00646	0.00194	0.00711	0.00582	0.00646	0.01099
70	0.02476	0.01778	0.01920	0.01472	0.01988	0.01957	0.01216	0.68097	0.02985	0.07157	0.01595	0.01580	0.01121	0.00777	0.00647	0.00194	0.00704	0.00585	0.00653	0.01099
71	0.01280	0.01210	0.02047	0.64355	0.15365	0.01451	0.01824	0.01704	0.01320	0.01724	0.01159	0.01703	0.00887	0.00635	0.00645	0.00212	0.00846	0.00574	0.00292	0.00766
72	0.01800	0.01723	0.02466	0.08692	0.42285	0.08752	0.07443	0.14625	0.01783	0.02378	0.01258	0.01569	0.01003	0.00624	0.00646	0.00194	0.00830	0.00577	0.00379	0.00974
73	0.00933	0.00654	0.00843	0.00843	0.00891	0.00702	0.00564	0.01028	0.00981	0.01355	0.01909	0.03528	0.02045	0.47259	0.32906	0.00797	0.01084	0.00837	0.00373	0.00468
74	0.02371	0.01774	0.01940	0.01581	0.04983	0.01961	0.01248	0.64276	0.06976	0.03910	0.01600	0.01603	0.01146	0.00773	0.00647	0.00195	0.00702	0.00590	0.00633	0.01091
75	0.00817	0.00584	0.00782	0.00919	0.00973	0.00549	0.00638	0.00958	0.01298	0.01736	0.08136	0.66158	0.04347	0.01957	0.00826	0.00261	0.00389	0.07527	0.00607	0.00536
76	0.02899	0.01100	0.01499	0.01150	0.01649	0.00950	0.00950	0.03149	0.01849	0.73709	0.02549	0.02199	0.01599	0.00800	0.00650	0.00200	0.00550	0.00650	0.00800	0.01100
77	0.00787	0.00655	0.00686	0.00679	0.00887	0.00555	0.00509	0.00972	0.01527	0.01874	0.16647	0.06006	0.62818	0.01588	0.00763	0.00216	0.00324	0.01334	0.00617	0.00555
78	0.00770	0.00650	0.00667	0.00674	0.00880	0.00547	0.00501	0.00936	0.01472	0.01770	0.08746	0.10096	0.66794	0.01647	0.00767	0.00220	0.00329	0.01383	0.00604	0.00547
79	0.01727	0.77681	0.03386	0.01106	0.01658	0.02557	0.01106	0.01935	0.01313	0.01520	0.00898	0.01036	0.00829	0.00553	0.00415	0.00138	0.00691	0.00345	0.00276	0.00829
80	0.01921	0.04732	0.02117	0.05328	0.30474	0.34910	0.01502	0.02191	0.01618	0.01835	0.01288	0.01549	0.02916	0.00656	0.00601	0.00178	0.00918	0.00518	0.03899	0.00848
81	0.01674	0.49487	0.18357	0.01476	0.06038	0.07535	0.01440	0.02055	0.03549	0.01708	0.01033	0.01191	0.00873	0.00586	0.00490	0.00160	0.00781	0.00404	0.00294	0.00867
82	0.01713	0.01486	0.02424	0.02263	0.16789	0.01505	0.22750	0.10884	0.15790	0.07911	0.01874	0.08391	0.01536	0.00794	0.00699	0.00212	0.00758	0.00780	0.00491	0.00948
83	0.81856	0.01250	0.00950	0.00850	0.01250	0.01449	0.00700	0.01899	0.01100	0.02899	0.00900	0.01050	0.00700	0.00600	0.00400	0.00200	0.00500	0.00350	0.00400	0.00700
84	0.00817	0.00590	0.00773	0.00868	0.00941	0.00546	0.00598	0.00979	0.01391	0.01882	0.20540	0.56393	0.07608	0.01837	0.00807	0.00246	0.00356	0.01655	0.00627	0.00546
85	0.01393	0.07356	0.01593	0.01275	0.03948	0.04797	0.06648	0.10201	0.14259	0.02312	0.11370	0.03667	0.24191	0.01106	0.00693	0.00206	0.00560	0.03084	0.00557	0.00782
86	0.00874	0.00625	0.00739	0.00782	0.00851	0.00593	0.00517	0.00972	0.01208	0.01578	0.08271	0.22845	0.16175	0.34675	0.01887	0.00411	0.00485	0.05515	0.00517	0.00481
87	0.01543	0.11210	0.24051	0.02837	0.36755	0.03832	0.06739	0.02020	0.01435	0.02003	0.01161	0.01459	0.00930	0.00585	0.00612	0.00190	0.00848	0.00527	0.00302	0.00961

[dist]
# distance from previous block
# <min> <max>
0	1

[block]
# block no. 3 follows, 34 sequences, length 23
# corresponding to MSA columns:
# 245-267
name=unknown_D
#
# <colnr> <probs for GDERKNQSTAVLIFYWHMCP>
#	G	D	E	R	K	N	Q	S	T	A	V	L	I	F	Y	W	H	M	C	P
0	0.18248	0.17993	0.04091	0.01575	0.05968	0.30344	0.05077	0.04046	0.01531	0.01973	0.01002	0.01196	0.00831	0.00633	0.00574	0.00177	0.03183	0.00427	0.00339	0.00792
1	0.01241	0.00984	0.01597	0.01376	0.01629	0.03077	0.17504	0.01481	0.01414	0.09463	0.04925	0.44309	0.05324	0.01466	0.00780	0.00239	0.00585	0.01376	0.00551	0.00679
2	0.01438	0.02118	0.23991	0.09195	0.13561	0.01573	0.32242	0.01996	0.01432	0.02015	0.01222	0.01598	0.00924	0.00597	0.00733	0.00212	0.03321	0.00628	0.00305	0.00899
