[name]
unknown

[dist]
# distance from previous block
# <min> <max>
0	55

[block]
# block no. 0 follows, 34 sequences, length 56
# corresponding to MSA columns:
# 59-114
name=unknown_A
#
# <colnr> <probs for GDERKNQSTAVLIFYWHMCP>
#	G	D	E	R	K	N	Q	S	T	A	V	L	I	F	Y	W	H	M	C	P
0	0.06974	0.03896	0.08846	0.02057	0.16592	0.01360	0.14629	0.07375	0.03699	0.04902	0.03881	0.07304	0.03831	0.02576	0.00746	0.00226	0.00731	0.09082	0.00447	0.00846
1	0.03880	0.07538	0.01491	0.01337	0.10063	0.01051	0.03234	0.03732	0.01438	0.12455	0.09738	0.08214	0.07637	0.19129	0.01275	0.00295	0.00569	0.00853	0.00502	0.05569
2	0.08192	0.06667	0.17474	0.03769	0.04397	0.02961	0.01299	0.09505	0.01566	0.11915	0.04085	0.07662	0.06704	0.01039	0.02493	0.02932	0.05343	0.00700	0.00464	0.00832
3	0.07083	0.03766	0.06405	0.04225	0.12047	0.03834	0.05591	0.18763	0.01792	0.04115	0.03371	0.10509	0.01649	0.01031	0.03393	0.00233	0.00709	0.02786	0.07849	0.00847
4	0.01106	0.00723	0.00889	0.00860	0.01011	0.00680	0.00607	0.01349	0.05406	0.07972	0.20149	0.21466	0.10058	0.17424	0.01343	0.03098	0.00439	0.01179	0.00584	0.03658
5	0.04301	0.01766	0.07515	0.06839	0.19341	0.11521	0.20156	0.01921	0.01499	0.02003	0.06814	0.04718	0.03548	0.00755	0.00745	0.00207	0.04449	0.00703	0.00367	0.00832
6	0.03844	0.23796	0.30466	0.08277	0.07344	0.04396	0.01721	0.06760	0.01465	0.01997	0.01122	0.01357	0.00883	0.00754	0.03081	0.00212	0.00863	0.00464	0.00313	0.00886
7	0.01088	0.00785	0.00936	0.03951	0.01196	0.00765	0.00693	0.05432	0.03715	0.05862	0.08891	0.14065	0.29173	0.10469	0.06209	0.00329	0.00542	0.04711	0.00568	0.00620
8	0.00971	0.00660	0.00869	0.00881	0.01004	0.00668	0.00652	0.01176	0.01308	0.03987	0.14974	0.16907	0.09644	0.08906	0.24977	0.00520	0.00825	0.03055	0.07442	0.00573
9	0.03482	0.09920	0.07096	0.01427	0.04080	0.01193	0.12036	0.03698	0.04111	0.04065	0.09406	0.22133	0.05439	0.01299	0.02946	0.00246	0.00650	0.05544	0.00493	0.00735
10	0.07008	0.11542	0.24227	0.01798	0.02428	0.08151	0.18306	0.09195	0.01600	0.02220	0.04119	0.01541	0.01100	0.00657	0.00669	0.00198	0.03450	0.00558	0.00357	0.00876
11	0.01034	0.03817	0.00943	0.00904	0.01041	0.00668	0.00658	0.01205	0.01418	0.07992	0.14761	0.46823	0.10476	0.01702	0.00780	0.00240	0.00395	0.03919	0.00621	0.00605
12	0.00857	0.00636	0.00779	0.00802	0.00924	0.00587	0.00574	0.01044	0.01464	0.01954	0.27879	0.21753	0.21064	0.10841	0.03248	0.00299	0.00417	0.03725	0.00605	0.00547
13	0.07350	0.01764	0.08949	0.04622	0.02100	0.08823	0.08416	0.15253	0.07734	0.11126	0.01557	0.03796	0.01207	0.00945	0.03453	0.00242	0.10682	0.00616	0.00474	0.00891
14	0.01975	0.27458	0.03963	0.01387	0.04492	0.01973	0.01166	0.30243	0.06979	0.05664	0.01585	0.07492	0.01334	0.00797	0.00582	0.00183	0.00664	0.00613	0.00503	0.00950
15	0.00880	0.00715	0.00787	0.00759	0.00968	0.00651	0.00572	0.01223	0.07244	0.02098	0.27866	0.05460	0.45506	0.01473	0.00755	0.00213	0.00335	0.01249	0.00641	0.00605
16	0.01771	0.49433	0.04841	0.07874	0.01984	0.16949	0.01220	0.02003	0.01415	0.01567	0.01126	0.01306	0.03114	0.00633	0.00526	0.00159	0.02566	0.00421	0.00299	0.00795
17	0.10336	0.00832	0.00888	0.00831	0.00970	0.00861	0.00564	0.08332	0.01272	0.03489	0.02420	0.08148	0.09451	0.43856	0.04740	0.00473	0.00611	0.00919	0.00461	0.00547
18	0.01818	0.27773	0.13061	0.04106	0.02213	0.14890	0.09895	0.06455	0.05328	0.04646	0.01207	0.01377	0.00955	0.00642	0.00612	0.00180	0.03129	0.00489	0.00356	0.00868
19	0.01835	0.33206	0.16178	0.01604	0.04796	0.06316	0.07930	0.14383	0.01705	0.04705	0.01178	0.01325	0.00924	0.00619	0.00552	0.00174	0.00807	0.00475	0.00370	0.00917
20	0.01606	0.01379	0.02123	0.16150	0.27841	0.01422	0.06404	0.10411	0.05114	0.05004	0.01488	0.04789	0.01214	0.00689	0.00637	0.00192	0.00719	0.00632	0.02837	0.09349
21	0.01634	0.05609	0.05769	0.01714	0.12124	0.14525	0.01233	0.09253	0.03642	0.03581	0.01416	0.04320	0.01246	0.01744	0.16026	0.07797	0.06612	0.00602	0.00382	0.00770
22	0.00902	0.00617	0.00742	0.00777	0.00796	0.00617	0.00474	0.00947	0.01018	0.01366	0.02372	0.21251	0.02745	0.53712	0.08428	0.00573	0.00655	0.01132	0.00437	0.00438
23	0.01583	0.01508	0.02828	0.14247	0.14168	0.01519	0.34064	0.06820	0.03517	0.05557	0.01468	0.01963	0.01150	0.00798	0.03330	0.00243	0.00940	0.03033	0.00383	0.00882
24	0.00941	0.00746	0.00939	0.04058	0.03353	0.00731	0.00741	0.03603	0.03679	0.01852	0.06317	0.28489	0.26909	0.01928	0.07495	0.00311	0.00544	0.06200	0.00562	0.00604
25	0.02731	0.01248	0.01576	0.01222	0.01716	0.01185	0.01005	0.15478	0.06858	0.56250	0.02374	0.02096	0.01534	0.00801	0.00650	0.00200	0.00576	0.00643	0.00762	0.01094
26	0.01078	0.00667	0.00834	0.00862	0.01019	0.00600	0.00626	0.01249	0.01433	0.10767	0.09936	0.39329	0.20903	0.01666	0.00772	0.00236	0.00384	0.03623	0.03403	0.00614
27	0.10162	0.00753	0.00866	0.00843	0.00982	0.00757	0.00595	0.01343	0.01195	0.09215	0.04497	0.11285	0.05839	0.34209	0.06945	0.00455	0.00619	0.05849	0.03031	0.00562
28	0.00980	0.00609	0.00693	0.00716	0.00755	0.00604	0.00441	0.01056	0.01074	0.01566	0.02260	0.14876	0.02456	0.46776	0.02263	0.02684	0.00514	0.00992	0.18229	0.00455
29	0.00911	0.00746	0.00814	0.00782	0.00999	0.00694	0.00591	0.01320	0.10224	0.02110	0.25481	0.05345	0.44733	0.01451	0.00750	0.00214	0.00343	0.01229	0.00640	0.00623
30	0.06524	0.00866	0.01093	0.00973	0.01274	0.00796	0.00786	0.01960	0.01659	0.28886	0.18589	0.06540	0.12000	0.01198	0.00710	0.00218	0.00457	0.11229	0.03456	0.00784
31	0.00940	0.00626	0.00705	0.00705	0.00705	0.00626	0.00392	0.00940	0.00940	0.01253	0.02036	0.04228	0.02349	0.77292	0.03289	0.00626	0.00626	0.00940	0.00392	0.00392
32	0.02414	0.03079	0.01831	0.01665	0.01998	0.74698	0.01248	0.02580	0.01831	0.01581	0.00999	0.01165	0.00832	0.00666	0.00583	0.00166	0.01165	0.00416	0.00333	0.00749
33	0.01340	0.01148	0.01340	0.00957	0.01531	0.00861	0.00766	0.01627	0.01340	0.02105	0.01148	0.01340	0.00957	0.00479	0.00479	0.00096	0.00479	0.00383	0.00383	0.81242
34	0.00949	0.00777	0.00856	0.00844	0.01054	0.00748	0.00636	0.01428	0.13947	0.02049	0.16339	0.13686	0.38961	0.01501	0.00756	0.00224	0.00371	0.03606	0.00628	0.00639
35	0.00939	0.00630	0.00721	0.00721	0.00726	0.00635	0.00411	0.00950	0.00944	0.01265	0.02021	0.04148	0.02314	0.73838	0.06695	0.00646	0.00679	0.00928	0.00389	0.00400
36	0.01122	0.00561	0.00842	0.00842	0.00842	0.00561	0.00561	0.00842	0.00842	0.01122	0.01122	0.01964	0.01122	0.02245	0.02525	0.81201	0.00561	0.00561	0.00281	0.00281
37	0.02414	0.03079	0.01831	0.01665	0.01998	0.74698	0.01248	0.02580	0.01831	0.01581	0.00999	0.01165	0.00832	0.00666	0.00583	0.00166	0.01165	0.00416	0.00333	0.00749
38	0.00796	0.00652	0.00701	0.00696	0.00894	0.00558	0.00519	0.00986	0.01537	0.01916	0.20096	0.08559	0.56673	0.01586	0.00766	0.00217	0.00324	0.01341	0.00623	0.00558
39	0.01121	0.00708	0.00919	0.00839	0.01034	0.00642	0.00639	0.01410	0.01807	0.10284	0.60788	0.04634	0.10107	0.01285	0.00750	0.00204	0.00333	0.01125	0.00713	0.00659
40	0.06664	0.01107	0.01473	0.01135	0.01630	0.00974	0.00938	0.03089	0.01814	0.70333	0.02470	0.02144	0.01557	0.00790	0.00638	0.00200	0.00547	0.00635	0.00781	0.01081
41	0.01226	0.01164	0.02006	0.69423	0.04284	0.01425	0.05378	0.01656	0.01296	0.01668	0.01176	0.01751	0.00893	0.00781	0.03127	0.00243	0.00902	0.00588	0.00291	0.00721
42	0.00885	0.00612	0.00798	0.00904	0.00993	0.00566	0.00641	0.01035	0.01337	0.04142	0.07460	0.56705	0.11514	0.01883	0.00815	0.00256	0.00392	0.07893	0.00612	0.00557
43	0.01296	0.03342	0.73944	0.01842	0.02797	0.01501	0.02387	0.02046	0.01364	0.02046	0.01160	0.01364	0.00818	0.00614	0.00614	0.00205	0.00955	0.00477	0.00273	0.00955
44	0.00996	0.00797	0.01166	0.01124	0.01218	0.00975	0.00882	0.01205	0.01027	0.01499	0.01611	0.02434	0.01529	0.06989	0.61305	0.00911	0.12721	0.00683	0.00338	0.00589
45	0.04346	0.01691	0.02030	0.09045	0.18618	0.10591	0.01469	0.19791	0.01767	0.02388	0.01195	0.01520	0.00976	0.00924	0.03610	0.00243	0.17964	0.00553	0.00398	0.00883
46	0.01607	0.01396	0.01528	0.01468	0.05807	0.01603	0.01078	0.03350	0.68023	0.02669	0.02548	0.02364	0.01918	0.00859	0.00656	0.00218	0.00526	0.00722	0.00638	0.01023
47	0.01418	0.01412	0.02015	0.04159	0.05904	0.01936	0.01458	0.01583	0.01027	0.01590	0.00879	0.01434	0.00859	0.01084	0.01989	0.00275	0.69401	0.00566	0.00285	0.00725
48	0.01081	0.00749	0.00847	0.00804	0.00876	0.00755	0.00503	0.07569	0.01199	0.01614	0.04320	0.09381	0.02455	0.59848	0.02695	0.00530	0.00601	0.00965	0.00441	0.02766
49	0.00783	0.00580	0.00732	0.00853	0.00925	0.00529	0.00579	0.00905	0.01282	0.01668	0.04128	0.63442	0.17336	0.01951	0.00813	0.00254	0.00366	0.01747	0.00600	0.00529
50	0.01639	0.01404	0.01479	0.01321	0.01692	0.01622	0.01030	0.05969	0.69507	0.02754	0.02589	0.02378	0.01940	0.00873	0.00657	0.00218	0.00519	0.00725	0.00657	0.01026
51	0.01569	0.01542	0.02533	0.14859	0.57362	0.04265	0.04548	0.01958	0.01459	0.02019	0.01200	0.01607	0.00990	0.00589	0.00643	0.00196	0.00809	0.00577	0.00316	0.00960
52	0.00827	0.00628	0.00754	0.00827	0.00949	0.00571	0.00601	0.00984	0.01367	0.01746	0.08420	0.33570	0.29375	0.06834	0.00971	0.00271	0.00397	0.09779	0.00592	0.00537
53	0.02291	0.01080	0.01345	0.01109	0.01513	0.01039	0.00889	0.02906	0.18057	0.45068	0.02562	0.05835	0.01820	0.00870	0.00636	0.00201	0.00502	0.00719	0.10563	0.00993
54	0.81856	0.01250	0.00950	0.00850	0.01250	0.01449	0.00700	0.01899	0.01100	0.02899	0.00900	0.01050	0.00700	0.00600	0.00400	0.00200	0.00500	0.00350	0.00400	0.00700
55	0.28657	0.01759	0.01601	0.01295	0.01754	0.09485	0.01056	0.41041	0.02271	0.03422	0.01278	0.01345	0.00939	0.00706	0.00558	0.00193	0.00689	0.00488	0.00532	0.00930

[dist]
# distance from previous block
# <min> <max>
0	1

[block]
# block no. 1 follows, 34 sequences, length 35
# corresponding to MSA columns:
# 116-150
name=unknown_B
#
# <colnr> <probs for GDERKNQSTAVLIFYWHMCP>
#	G	D	E	R	K	N	Q	S	T	A	V	L	I	F	Y	W	H	M	C	P
0	0.02614	0.01133	0.01549	0.01301	0.06125	0.00975	0.00990	0.02877	0.01759	0.59868	0.02283	0.02049	0.01479	0.00744	0.00627	0.00186	0.00554	0.00610	0.00715	0.11561
1	0.01494	0.01430	0.02421	0.22509	0.52684	0.01526	0.01912	0.01881	0.01406	0.01970	0.01184	0.01624	0.00975	0.00615	0.00698	0.00201	0.03652	0.00575	0.00310	0.00932
2	0.01541	0.01321	0.02155	0.43589	0.21625	0.01483	0.04346	0.07562	0.01527	0.06749	0.01297	0.01709	0.00976	0.00645	0.00649	0.00207	0.00813	0.00587	0.00360	0.00858
3	0.81856	0.01250	0.00950	0.00850	0.01250	0.01449	0.00700	0.01899	0.01100	0.02899	0.00900	0.01050	0.00700	0.00600	0.00400	0.00200	0.00500	0.00350	0.00400	0.00700
4	0.01204	0.00602	0.00602	0.00602	0.00753	0.00602	0.00452	0.01506	0.01355	0.02409	0.02108	0.02409	0.01656	0.00753	0.00452	0.00151	0.00301	0.00602	0.80879	0.00602
5	0.00923	0.00692	0.01038	0.01038	0.01154	0.00808	0.00808	0.01154	0.01038	0.01500	0.01731	0.02538	0.01615	0.04846	0.74732	0.01038	0.01731	0.00692	0.00346	0.00577
6	0.00956	0.00690	0.00852	0.00925	0.01048	0.00664	0.00672	0.01245	0.07174	0.03938	0.05710	0.42796	0.15354	0.05337	0.00919	0.00270	0.00421	0.09837	0.00603	0.00591
7	0.00797	0.00566	0.00747	0.00887	0.00923	0.00531	0.00587	0.00902	0.01218	0.01625	0.03466	0.72315	0.04153	0.06745	0.00979	0.00285	0.00391	0.01781	0.00587	0.00516
8	0.02899	0.01100	0.01499	0.01150	0.01649	0.00950	0.00950	0.03149	0.01849	0.73709	0.02549	0.02199	0.01599	0.00800	0.00650	0.00200	0.00550	0.00650	0.00800	0.01100
9	0.05333	0.00807	0.00997	0.00903	0.01127	0.00750	0.00670	0.01714	0.01442	0.24017	0.10685	0.12205	0.09718	0.21664	0.01403	0.00329	0.00501	0.04439	0.00608	0.00690
10	0.01374	0.01144	0.01228	0.01108	0.01417	0.01250	0.00859	0.06799	0.41662	0.02578	0.15277	0.03531	0.16876	0.01098	0.00696	0.00215	0.00452	0.00923	0.00654	0.00862
11	0.00764	0.00655	0.00655	0.00655	0.00873	0.00545	0.00491	0.00927	0.01473	0.01745	0.06546	0.06218	0.73000	0.01636	0.00764	0.00218	0.00327	0.01364	0.00600	0.00545
12	0.00940	0.00626	0.00705	0.00705	0.00705	0.00626	0.00392	0.00940	0.00940	0.01253	0.02036	0.04228	0.02349	0.77292	0.03289	0.00626	0.00626	0.00940	0.00392	0.00392
13	0.05238	0.01625	0.01728	0.01379	0.01834	0.01806	0.01121	0.52399	0.13532	0.03647	0.01807	0.05249	0.01387	0.00843	0.00641	0.00200	0.00643	0.00656	0.03239	0.01029
14	0.00785	0.00569	0.00743	0.00881	0.00932	0.00526	0.00592	0.00902	0.01255	0.01657	0.03783	0.71609	0.09392	0.01995	0.00820	0.00259	0.00371	0.01802	0.00600	0.00526
15	0.81856	0.01250	0.00950	0.00850	0.01250	0.01449	0.00700	0.01899	0.01100	0.02899	0.00900	0.01050	0.00700	0.00600	0.00400	0.00200	0.00500	0.00350	0.00400	0.00700
16	0.00793	0.00631	0.00712	0.00743	0.00904	0.00550	0.00538	0.00965	0.01467	0.01852	0.16073	0.24387	0.44730	0.01688	0.00779	0.00227	0.00336	0.01456	0.00617	0.00550
17	0.17991	0.00859	0.00969	0.00922	0.03033	0.00845	0.00682	0.01605	0.01548	0.12370	0.29343	0.06312	0.12106	0.04019	0.00752	0.00220	0.00409	0.00924	0.04403	0.00688
18	0.01220	0.01148	0.01938	0.75739	0.04450	0.01436	0.01794	0.01651	0.01292	0.01651	0.01148	0.01723	0.00861	0.00646	0.00646	0.00215	0.00861	0.00574	0.00287	0.00718
19	0.01727	0.77681	0.03386	0.01106	0.01658	0.02557	0.01106	0.01935	0.01313	0.01520	0.00898	0.01036	0.00829	0.00553	0.00415	0.00138	0.00691	0.00345	0.00276	0.00829
20	0.00944	0.00719	0.01007	0.01053	0.01147	0.00788	0.00817	0.01145	0.01226	0.01684	0.05992	0.23870	0.04703	0.04862	0.26744	0.00547	0.06752	0.14942	0.00486	0.00572
21	0.01091	0.00728	0.00915	0.00889	0.01025	0.00740	0.00654	0.03726	0.03217	0.04706	0.19286	0.08579	0.04835	0.19409	0.15589	0.00467	0.00706	0.05365	0.07481	0.00591
22	0.00935	0.00643	0.00789	0.00789	0.00817	0.00672	0.00496	0.00993	0.00964	0.01315	0.01959	0.03804	0.02165	0.59103	0.21226	0.00730	0.00904	0.00878	0.00380	0.00438
23	0.01564	0.04847	0.33357	0.01914	0.05736	0.10127	0.07350	0.05872	0.01439	0.01979	0.01095	0.01395	0.00866	0.00743	0.00977	0.00217	0.18820	0.00520	0.00310	0.00873
24	0.01557	0.01437	0.05242	0.15824	0.21157	0.01422	0.12236	0.11277	0.03479	0.03901	0.01497	0.04594	0.01265	0.00885	0.00855	0.07824	0.00782	0.03523	0.00396	0.00848
25	0.02828	0.01139	0.01514	0.01169	0.01664	0.01017	0.00963	0.05723	0.04860	0.68086	0.02515	0.02184	0.01596	0.00802	0.00650	0.00201	0.00554	0.00651	0.00788	0.01096
26	0.00795	0.00574	0.00754	0.00894	0.00947	0.00534	0.00608	0.00917	0.01261	0.01665	0.03744	0.70003	0.08564	0.01992	0.00823	0.00261	0.00380	0.04156	0.00600	0.00529
27	0.13327	0.08406	0.02042	0.29018	0.13097	0.04638	0.03893	0.04568	0.01442	0.09921	0.01260	0.01559	0.00951	0.00652	0.00627	0.00200	0.02658	0.00529	0.00380	0.00832
28	0.01774	0.05573	0.12523	0.01556	0.01974	0.18776	0.09103	0.08714	0.01625	0.08221	0.01654	0.12114	0.01516	0.05791	0.00923	0.00233	0.05957	0.00738	0.00429	0.00805
29	0.01525	0.01743	0.03813	0.02723	0.03377	0.01634	0.70915	0.02070	0.01525	0.02070	0.01307	0.01743	0.00980	0.00545	0.00763	0.00218	0.01089	0.00763	0.00327	0.00871
30	0.03397	0.01454	0.09062	0.01408	0.06357	0.03081	0.06141	0.07794	0.01598	0.05047	0.12548	0.02105	0.01845	0.04142	0.00717	0.00180	0.00612	0.00609	0.00453	0.31450
31	0.01449	0.01185	0.01301	0.01154	0.01474	0.01295	0.00896	0.09203	0.40311	0.02716	0.20149	0.05094	0.05924	0.01026	0.00685	0.00209	0.00467	0.00869	0.00655	0.03939
32	0.02134	0.01547	0.01653	0.01317	0.01749	0.01706	0.01070	0.51908	0.09248	0.03615	0.01798	0.03991	0.01361	0.00819	0.00623	0.00192	0.00619	0.00636	0.13018	0.00998
33	0.01942	0.03309	0.04012	0.01443	0.06293	0.01229	0.06297	0.12573	0.03666	0.21093	0.04655	0.01811	0.01389	0.00670	0.00599	0.00165	0.00610	0.00567	0.00538	0.27139
34	0.01055	0.00689	0.00877	0.00890	0.01022	0.00664	0.00643	0.01258	0.03967	0.07311	0.11803	0.25847	0.13553	0.10715	0.08767	0.04919	0.00567	0.04310	0.00563	0.00581

[dist]
# distance from previous block
# <min> <max>
2	3

[block]
# block no. 2 follows, 34 sequences, length 111
# corresponding to MSA columns:
# 154-264
name=unknown_C
#
# <colnr> <probs for GDERKNQSTAVLIFYWHMCP>
#	G	D	E	R	K	N	Q	S	T	A	V	L	I	F	Y	W	H	M	C	P
0	0.15147	0.04683	0.01932	0.01522	0.01907	0.20041	0.13795	0.07679	0.05795	0.04453	0.04197	0.04017	0.03574	0.00848	0.00764	0.04316	0.03507	0.00620	0.00427	0.00778
1	0.05059	0.33569	0.17480	0.01274	0.03423	0.01751	0.01272	0.01888	0.03884	0.01908	0.03958	0.03993	0.01215	0.00646	0.00510	0.00158	0.00666	0.00483	0.00345	0.16520
2	0.01389	0.01167	0.01289	0.01421	0.09598	0.11899	0.00954	0.01625	0.03152	0.08178	0.04249	0.18580	0.07702	0.02112	0.17720	0.03374	0.00878	0.03545	0.00480	0.00689
3	0.00908	0.00633	0.00763	0.00754	0.00870	0.00586	0.00527	0.01042	0.01407	0.01898	0.28093	0.09178	0.21076	0.16001	0.01432	0.09284	0.00404	0.01127	0.03507	0.00510
4	0.01668	0.01364	0.02156	0.21416	0.32860	0.01450	0.03851	0.02283	0.12823	0.11231	0.01599	0.01842	0.01207	0.00670	0.00649	0.00204	0.00733	0.00616	0.00427	0.00950
5	0.01414	0.01293	0.01538	0.01834	0.19887	0.10308	0.01135	0.01806	0.07378	0.03853	0.04901	0.05154	0.08100	0.03832	0.13877	0.00359	0.00849	0.04820	0.02803	0.04859
6	0.01186	0.00730	0.00897	0.00866	0.01070	0.00661	0.00644	0.01444	0.04244	0.13740	0.19531	0.25420	0.24055	0.01512	0.00758	0.00225	0.00380	0.01315	0.00659	0.00663
7	0.78776	0.01271	0.00988	0.00874	0.01279	0.01471	0.00720	0.04584	0.01175	0.02944	0.00925	0.01069	0.00715	0.00607	0.00409	0.00200	0.00508	0.00359	0.00409	0.00715
8	0.01155	0.00839	0.01181	0.08797	0.01574	0.00874	0.02912	0.04908	0.01494	0.05607	0.13893	0.06348	0.11314	0.02155	0.18852	0.00426	0.00822	0.12551	0.03641	0.00657
9	0.17511	0.00945	0.01086	0.00951	0.01255	0.00930	0.00739	0.02028	0.05585	0.24974	0.17864	0.10640	0.05454	0.06213	0.00827	0.00238	0.00463	0.00879	0.00637	0.00780
10	0.01234	0.00820	0.00957	0.00915	0.01081	0.00837	0.00666	0.12531	0.01535	0.04426	0.04432	0.24914	0.07591	0.13757	0.07645	0.00353	0.00578	0.01095	0.13999	0.00636
11	0.00947	0.00719	0.00793	0.00784	0.00923	0.00690	0.00543	0.03343	0.05552	0.01760	0.08707	0.11697	0.29709	0.27486	0.01627	0.00362	0.00462	0.02811	0.00541	0.00542
12	0.42939	0.01036	0.00994	0.00883	0.01224	0.01091	0.00705	0.01867	0.01383	0.15385	0.12155	0.07306	0.08880	0.00933	0.00560	0.00206	0.00456	0.00717	0.00549	0.00732
13	0.01244	0.00781	0.00935	0.00868	0.01070	0.00733	0.00638	0.05083	0.03472	0.12198	0.20054	0.15350	0.20321	0.12963	0.01132	0.00280	0.00432	0.01165	0.00627	0.00655
14	0.81856	0.01250	0.00950	0.00850	0.01250	0.01449	0.00700	0.01899	0.01100	0.02899	0.00900	0.01050	0.00700	0.00600	0.00400	0.00200	0.00500	0.00350	0.00400	0.00700
15	0.01525	0.01743	0.03813	0.02723	0.03377	0.01634	0.70915	0.02070	0.01525	0.02070	0.01307	0.01743	0.00980	0.00545	0.00763	0.00218	0.01089	0.00763	0.00327	0.00871
16	0.00864	0.00634	0.00810	0.00817	0.00947	0.00580	0.00593	0.01102	0.01633	0.02247	0.47090	0.23808	0.13394	0.01541	0.00779	0.00220	0.00326	0.01366	0.00669	0.00580
17	0.00792	0.00565	0.00748	0.00893	0.00929	0.00528	0.00593	0.00901	0.01227	0.01636	0.03509	0.74363	0.04207	0.04623	0.00910	0.00275	0.00384	0.01806	0.00593	0.00520
18	0.00914	0.00660	0.00864	0.00813	0.00965	0.00610	0.00610	0.01219	0.01829	0.02591	0.72921	0.04827	0.06097	0.01321	0.00762	0.00203	0.00305	0.01169	0.00711	0.00610
19	0.03267	0.00636	0.00781	0.00835	0.00955	0.00593	0.00592	0.01133	0.01409	0.04699	0.16971	0.42815	0.12492	0.01641	0.00753	0.00232	0.00359	0.01453	0.07806	0.00578
20	0.01951	0.01559	0.01655	0.01384	0.01811	0.01768	0.01106	0.30844	0.44124	0.03257	0.02193	0.02063	0.01619	0.00836	0.00653	0.00209	0.00592	0.00670	0.00653	0.01054
21	0.02480	0.01772	0.01916	0.01469	0.01985	0.01948	0.01213	0.67518	0.02975	0.07750	0.01604	0.01586	0.01125	0.00777	0.00647	0.00194	0.00702	0.00585	0.00654	0.01099
22	0.01036	0.00738	0.01023	0.01164	0.01305	0.00738	0.01007	0.01318	0.01458	0.01898	0.03348	0.07127	0.03646	0.05773	0.01019	0.00315	0.00597	0.65322	0.00584	0.00584
23	0.00957	0.00670	0.01005	0.01005	0.01101	0.00766	0.00766	0.01101	0.01005	0.01436	0.01628	0.02442	0.01532	0.04409	0.62590	0.14518	0.01534	0.00670	0.00335	0.00527
24	0.01523	0.01675	0.03503	0.06617	0.16087	0.01606	0.54959	0.02033	0.01504	0.02056	0.01283	0.01716	0.00982	0.00555	0.00734	0.00213	0.01020	0.00719	0.00324	0.00891
25	0.00787	0.00562	0.00750	0.00900	0.00937	0.00525	0.00600	0.00900	0.01237	0.01649	0.03561	0.76871	0.04274	0.02024	0.00825	0.00262	0.00375	0.01837	0.00600	0.00525
26	0.81856	0.01250	0.00950	0.00850	0.01250	0.01449	0.00700	0.01899	0.01100	0.02899	0.00900	0.01050	0.00700	0.00600	0.00400	0.00200	0.00500	0.00350	0.00400	0.00700
27	0.00818	0.00657	0.00729	0.00711	0.00906	0.00568	0.00533	0.01032	0.01600	0.02048	0.30287	0.05720	0.49069	0.01524	0.00763	0.00213	0.00319	0.01294	0.00640	0.00568
28	0.01607	0.01388	0.01461	0.01315	0.01680	0.01607	0.01023	0.03433	0.72094	0.02703	0.02630	0.02411	0.01972	0.00877	0.00657	0.00219	0.00511	0.00731	0.00657	0.01023
29	0.81856	0.01250	0.00950	0.00850	0.01250	0.01449	0.00700	0.01899	0.01100	0.02899	0.00900	0.01050	0.00700	0.00600	0.00400	0.00200	0.00500	0.00350	0.00400	0.00700
30	0.01607	0.01388	0.01461	0.01315	0.01680	0.01607	0.01023	0.03433	0.72094	0.02703	0.02630	0.02411	0.01972	0.00877	0.00657	0.00219	0.00511	0.00731	0.00657	0.01023
31	0.00923	0.00692	0.01038	0.01038	0.01154	0.00808	0.00808	0.01154	0.01038	0.01500	0.01731	0.02538	0.01615	0.04846	0.74732	0.01038	0.01731	0.00692	0.00346	0.00577
32	0.00787	0.00562	0.00750	0.00900	0.00937	0.00525	0.00600	0.00900	0.01237	0.01649	0.03561	0.76871	0.04274	0.02024	0.00825	0.00262	0.00375	0.01837	0.00600	0.00525
33	0.81856	0.01250	0.00950	0.00850	0.01250	0.01449	0.00700	0.01899	0.01100	0.02899	0.00900	0.01050	0.00700	0.00600	0.00400	0.00200	0.00500	0.00350	0.00400	0.00700
34	0.01727	0.77681	0.03386	0.01106	0.01658	0.02557	0.01106	0.01935	0.01313	0.01520	0.00898	0.01036	0.00829	0.00553	0.00415	0.00138	0.00691	0.00345	0.00276	0.00829
35	0.00939	0.00715	0.01068	0.01059	0.01171	0.00845	0.00827	0.01167	0.01037	0.01502	0.01703	0.02503	0.01591	0.04728	0.72419	0.01014	0.04100	0.00688	0.00344	0.00581
36	0.00940	0.00626	0.00705	0.00705	0.00705	0.00626	0.00392	0.00940	0.00940	0.01253	0.02036	0.04228	0.02349	0.77292	0.03289	0.00626	0.00626	0.00940	0.00392	0.00392
37	0.78857	0.01319	0.00983	0.00880	0.01278	0.04215	0.00720	0.01925	0.01127	0.02849	0.00903	0.01054	0.00705	0.00602	0.00407	0.00199	0.00525	0.00352	0.00397	0.00702
38	0.00764	0.00655	0.00655	0.00655	0.00873	0.00545	0.00491	0.00927	0.01473	0.01745	0.06546	0.06218	0.73000	0.01636	0.00764	0.00218	0.00327	0.01364	0.00600	0.00545
39	0.00787	0.00562	0.00750	0.00900	0.00937	0.00525	0.00600	0.00900	0.01237	0.01649	0.03561	0.76871	0.04274	0.02024	0.00825	0.00262	0.00375	0.01837	0.00600	0.00525
40	0.01041	0.00744	0.01041	0.01190	0.01339	0.00744	0.01041	0.01339	0.01487	0.01934	0.03421	0.07288	0.03719	0.01785	0.00892	0.00297	0.00595	0.68913	0.00595	0.00595
41	0.01704	0.56294	0.11491	0.01533	0.09503	0.06660	0.01359	0.01992	0.01367	0.01649	0.00969	0.01143	0.00849	0.00569	0.00472	0.00153	0.00759	0.00390	0.00284	0.00860
42	0.01513	0.18774	0.29282	0.01659	0.02185	0.07071	0.04324	0.01913	0.01280	0.01753	0.01004	0.01308	0.00837	0.00757	0.01027	0.00212	0.23503	0.00482	0.00283	0.00835
43	0.01099	0.01016	0.01578	0.48984	0.06847	0.01167	0.01403	0.01445	0.01357	0.01703	0.02813	0.03100	0.23070	0.00947	0.00682	0.00215	0.00692	0.00817	0.00385	0.00680
44	0.00914	0.00660	0.00864	0.00813	0.00965	0.00610	0.00610	0.01219	0.01829	0.02591	0.72921	0.04827	0.06097	0.01321	0.00762	0.00203	0.00305	0.01169	0.00711	0.00610
45	0.01547	0.01325	0.01409	0.01271	0.01618	0.01521	0.00987	0.03241	0.65998	0.02693	0.08728	0.02620	0.02330	0.00915	0.00667	0.00218	0.00493	0.00769	0.00662	0.00987
46	0.19751	0.04418	0.01660	0.01255	0.01735	0.01669	0.01039	0.35423	0.06873	0.17465	0.01654	0.01608	0.01159	0.00740	0.00585	0.00196	0.00619	0.00546	0.00610	0.00997
47	0.00940	0.00626	0.00705	0.00705	0.00705	0.00626	0.00392	0.00940	0.00940	0.01253	0.02036	0.04228	0.02349	0.77292	0.03289	0.00626	0.00626	0.00940	0.00392	0.00392
48	0.01340	0.01148	0.01340	0.00957	0.01531	0.00861	0.00766	0.01627	0.01340	0.02105	0.01148	0.01340	0.00957	0.00479	0.00479	0.00096	0.00479	0.00383	0.00383	0.81242
49	0.00940	0.00626	0.00705	0.00705	0.00705	0.00626	0.00392	0.00940	0.00940	0.01253	0.02036	0.04228	0.02349	0.77292	0.03289	0.00626	0.00626	0.00940	0.00392	0.00392
50	0.02389	0.05907	0.01897	0.01634	0.01985	0.68060	0.01242	0.06175	0.01875	0.01711	0.01024	0.01181	0.00846	0.00667	0.00579	0.00167	0.01123	0.00422	0.00347	0.00771
51	0.00915	0.00663	0.00879	0.00833	0.00982	0.00627	0.00627	0.01214	0.01759	0.02495	0.66630	0.04624	0.05701	0.01632	0.07298	0.00277	0.00431	0.01126	0.00679	0.00607
52	0.02144	0.01549	0.01656	0.01308	0.01731	0.01704	0.01056	0.54253	0.05264	0.03578	0.01700	0.01920	0.01307	0.07538	0.00858	0.00228	0.00648	0.00621	0.09960	0.00976
53	0.02277	0.19397	0.02168	0.01521	0.01914	0.54062	0.01208	0.05072	0.01764	0.03600	0.01039	0.01179	0.00862	0.00649	0.00550	0.00162	0.01027	0.00413	0.00345	0.00789
54	0.02414	0.03079	0.01831	0.01665	0.01998	0.74698	0.01248	0.02580	0.01831	0.01581	0.00999	0.01165	0.00832	0.00666	0.00583	0.00166	0.01165	0.00416	0.00333	0.00749
55	0.01340	0.01148	0.01340	0.00957	0.01531	0.00861	0.00766	0.01627	0.01340	0.02105	0.01148	0.01340	0.00957	0.00479	0.00479	0.00096	0.00479	0.00383	0.00383	0.81242
56	0.01041	0.00744	0.01041	0.01190	0.01339	0.00744	0.01041	0.01339	0.01487	0.01934	0.03421	0.07288	0.03719	0.01785	0.00892	0.00297	0.00595	0.68913	0.00595	0.00595
57	0.00923	0.00692	0.01038	0.01038	0.01154	0.00808	0.00808	0.01154	0.01038	0.01500	0.01731	0.02538	0.01615	0.04846	0.74732	0.01038	0.01731	0.00692	0.00346	0.00577
58	0.01432	0.01557	0.03121	0.02317	0.02777	0.01595	0.49217	0.01858	0.01414	0.01967	0.04971	0.05800	0.01387	0.00784	0.01047	0.00233	0.16567	0.00799	0.00352	0.00806
59	0.81856	0.01250	0.00950	0.00850	0.01250	0.01449	0.00700	0.01899	0.01100	0.02899	0.00900	0.01050	0.00700	0.00600	0.00400	0.00200	0.00500	0.00350	0.00400	0.00700
60	0.02456	0.01810	0.01939	0.01487	0.02004	0.02004	0.01228	0.71107	0.03038	0.04072	0.01551	0.01551	0.01099	0.00776	0.00646	0.00194	0.00711	0.00582	0.00646	0.01099
61	0.01673	0.01373	0.01463	0.01307	0.01679	0.01574	0.01019	0.03419	0.68524	0.06312	0.02626	0.02400	0.01953	0.00873	0.00657	0.00218	0.00513	0.00726	0.00665	0.01027
62	0.00853	0.00607	0.00783	0.00901	0.00951	0.00580	0.00602	0.03119	0.01268	0.01691	0.03365	0.68192	0.04006	0.08515	0.01033	0.00292	0.00407	0.01719	0.00583	0.00531
63	0.02277	0.01721	0.01838	0.01450	0.01935	0.01920	0.01185	0.56786	0.17652	0.03782	0.01780	0.01733	0.01284	0.00797	0.00649	0.00199	0.00669	0.00613	0.00649	0.01083
64	0.00940	0.00626	0.00705	0.00705	0.00705	0.00626	0.00392	0.00940	0.00940	0.01253	0.02036	0.04228	0.02349	0.77292	0.03289	0.00626	0.00626	0.00940	0.00392	0.00392
65	0.00786	0.00569	0.00743	0.00883	0.00933	0.00526	0.00592	0.00902	0.01253	0.01656	0.03765	0.72055	0.08958	0.01998	0.00821	0.00259	0.00372	0.01805	0.00600	0.00526
66	0.78793	0.01244	0.00971	0.00861	0.01265	0.01430	0.00709	0.01948	0.01129	0.05646	0.00964	0.01094	0.00735	0.00608	0.00410	0.00200	0.00502	0.00362	0.00415	0.00715
67	0.01247	0.00982	0.01167	0.01109	0.01353	0.01086	0.00871	0.02122	0.29779	0.04227	0.06465	0.03457	0.10785	0.02293	0.23544	0.00477	0.00863	0.06845	0.00556	0.00771
68	0.02550	0.01530	0.01750	0.01356	0.01856	0.01604	0.01115	0.42303	0.07643	0.28444	0.01980	0.01841	0.01338	0.00791	0.00648	0.00198	0.00640	0.00616	0.00701	0.01094
69	0.00787	0.00562	0.00750	0.00900	0.00937	0.00525	0.00600	0.00900	0.01237	0.01649	0.03561	0.76871	0.04274	0.02024	0.00825	0.00262	0.00375	0.01837	0.00600	0.00525
70	0.00874	0.00655	0.00908	0.00934	0.01049	0.00689	0.00699	0.01081	0.01236	0.01704	0.12005	0.19477	0.11114	0.03395	0.40303	0.00664	0.01085	0.01083	0.00479	0.00566
71	0.01407	0.01469	0.08317	0.05628	0.14694	0.07545	0.05878	0.03777	0.03402	0.03987	0.01567	0.02261	0.01386	0.06935	0.23423	0.00487	0.03484	0.03211	0.00371	0.00770
72	0.65397	0.01220	0.01077	0.03217	0.01419	0.01361	0.00778	0.02113	0.01238	0.15387	0.01199	0.01274	0.00864	0.00637	0.00452	0.00200	0.00520	0.00410	0.00467	0.00771
73	0.01611	0.01526	0.02563	0.07523	0.67152	0.01547	0.01946	0.04500	0.01520	0.02159	0.01224	0.01604	0.01018	0.00587	0.00640	0.00193	0.00770	0.00576	0.00330	0.01011
74	0.01905	0.01120	0.01379	0.01026	0.01542	0.00910	0.00824	0.03900	0.01544	0.27753	0.01707	0.01806	0.01264	0.04658	0.00693	0.00164	0.00518	0.00513	0.00539	0.46236
75	0.02812	0.01150	0.01523	0.01165	0.01669	0.01018	0.00962	0.07709	0.01911	0.66354	0.02430	0.02124	0.01542	0.00786	0.00643	0.00196	0.00558	0.00635	0.00774	0.04038
76	0.81856	0.01250	0.00950	0.00850	0.01250	0.01449	0.00700	0.01899	0.01100	0.02899	0.00900	0.01050	0.00700	0.00600	0.00400	0.00200	0.00500	0.00350	0.00400	0.00700
77	0.00816	0.00587	0.00774	0.00874	0.00942	0.00545	0.00599	0.00974	0.01379	0.01869	0.19607	0.58510	0.06417	0.01853	0.00809	0.00248	0.00358	0.01671	0.00625	0.00545
78	0.00926	0.00643	0.00780	0.00785	0.00897	0.00595	0.00541	0.01085	0.01413	0.04042	0.25983	0.20060	0.16803	0.20892	0.01417	0.00326	0.00413	0.01271	0.00589	0.00539
79	0.01362	0.00774	0.00970	0.00887	0.01125	0.00694	0.00675	0.03284	0.01673	0.19036	0.26256	0.17404	0.20533	0.01386	0.00744	0.00216	0.00391	0.01198	0.00684	0.00707
80	0.02185	0.01382	0.01570	0.01298	0.01736	0.01480	0.01041	0.17019	0.36026	0.25333	0.02386	0.02170	0.01678	0.00832	0.00653	0.00208	0.00564	0.00675	0.00700	0.01062
81	0.01384	0.00725	0.00934	0.00905	0.01073	0.00666	0.00649	0.01538	0.01392	0.19864	0.07432	0.32134	0.05225	0.15715	0.01219	0.00305	0.00462	0.02860	0.04859	0.00657
82	0.00973	0.00674	0.00845	0.00903	0.01007	0.00649	0.00653	0.01184	0.03861	0.04052	0.09858	0.30175	0.10049	0.18084	0.01347	0.00334	0.00469	0.13754	0.00573	0.00555
83	0.00921	0.00665	0.00873	0.00832	0.00984	0.00616	0.00632	0.01225	0.01812	0.02558	0.69388	0.04952	0.05976	0.01345	0.00769	0.00208	0.00320	0.04612	0.00705	0.00609
84	0.01594	0.01704	0.01748	0.01527	0.01738	0.23914	0.07163	0.03802	0.01365	0.01648	0.01247	0.01750	0.01118	0.02156	0.24713	0.03536	0.17679	0.00577	0.00333	0.00688
85	0.01286	0.00876	0.01032	0.00990	0.01182	0.00895	0.00731	0.04397	0.16069	0.08869	0.09186	0.19030	0.07742	0.17594	0.01289	0.00317	0.00495	0.06730	0.00598	0.00691
86	0.01041	0.00744	0.01041	0.01190	0.01339	0.00744	0.01041	0.01339	0.01487	0.01934	0.03421	0.07288	0.03719	0.01785	0.00892	0.00297	0.00595	0.68913	0.00595	0.00595
87	0.00923	0.00692	0.01038	0.01038	0.01154	0.00808	0.00808	0.01154	0.01038	0.01500	0.01731	0.02538	0.01615	0.04846	0.74732	0.01038	0.01731	0.00692	0.00346	0.00577
88	0.04284	0.04180	0.02051	0.02028	0.17671	0.12371	0.05503	0.23133	0.09648	0.02662	0.01488	0.01672	0.01163	0.00977	0.05673	0.00248	0.00841	0.00577	0.02891	0.00938
89	0.03244	0.00695	0.00746	0.00758	0.00936	0.00641	0.00562	0.01117	0.04061	0.01827	0.08141	0.10809	0.43401	0.10643	0.01055	0.00273	0.00398	0.06675	0.03461	0.00557
90	0.02899	0.01100	0.01499	0.01150	0.01649	0.00950	0.00950	0.03149	0.01849	0.73709	0.02549	0.02199	0.01599	0.00800	0.00650	0.00200	0.00550	0.00650	0.00800	0.01100
91	0.00901	0.00718	0.01079	0.01095	0.01209	0.00688	0.07326	0.01145	0.05007	0.01745	0.03297	0.65775	0.03838	0.01823	0.00810	0.00256	0.00450	0.01676	0.00577	0.00584
92	0.01479	0.01421	0.02482	0.28219	0.32770	0.01511	0.12635	0.05502	0.01494	0.02036	0.01294	0.03878	0.01061	0.00648	0.00667	0.00206	0.00836	0.00642	0.00335	0.00884
93	0.00934	0.00608	0.00728	0.00753	0.00760	0.00602	0.00446	0.00922	0.00980	0.01306	0.02197	0.16459	0.02544	0.56026	0.02781	0.09511	0.00576	0.01052	0.00415	0.00402
94	0.01296	0.03342	0.73944	0.01842	0.02797	0.01501	0.02387	0.02046	0.01364	0.02046	0.01160	0.01364	0.00818	0.00614	0.00614	0.00205	0.00955	0.00477	0.00273	0.00955
95	0.01296	0.03342	0.73944	0.01842	0.02797	0.01501	0.02387	0.02046	0.01364	0.02046	0.01160	0.01364	0.00818	0.00614	0.00614	0.00205	0.00955	0.00477	0.00273	0.00955
96	0.01340	0.01148	0.01340	0.00957	0.01531	0.00861	0.00766	0.01627	0.01340	0.02105	0.01148	0.01340	0.00957	0.00479	0.00479	0.00096	0.00479	0.00383	0.00383	0.81242
97	0.00940	0.00626	0.00705	0.00705	0.00705	0.00626	0.00392	0.00940	0.00940	0.01253	0.02036	0.04228	0.02349	0.77292	0.03289	0.00626	0.00626	0.00940	0.00392	0.00392
98	0.01607	0.01388	0.01461	0.01315	0.01680	0.01607	0.01023	0.03433	0.72094	0.02703	0.02630	0.02411	0.01972	0.00877	0.00657	0.00219	0.00511	0.00731	0.00657	0.01023
99	0.02883	0.01125	0.01515	0.01162	0.01662	0.00988	0.00960	0.05591	0.01892	0.71207	0.02513	0.02176	0.01581	0.00799	0.00650	0.00200	0.00556	0.00647	0.00794	0.01100
100	0.01491	0.01296	0.04183	0.04857	0.33872	0.01252	0.05359	0.01849	0.01483	0.07684	0.02017	0.03471	0.01914	0.01003	0.00781	0.00232	0.03428	0.22522	0.00443	0.00861
101	0.00776	0.00655	0.00672	0.00668	0.00880	0.00551	0.00501	0.00951	0.01502	0.01815	0.12033	0.06103	0.67468	0.01610	0.00764	0.00217	0.00325	0.01348	0.00609	0.00551
102	0.00923	0.00692	0.01038	0.01038	0.01154	0.00808	0.00808	0.01154	0.01038	0.01500	0.01731	0.02538	0.01615	0.04846	0.74732	0.01038	0.01731	0.00692	0.00346	0.00577
103	0.06838	0.01216	0.03781	0.01174	0.01684	0.01048	0.00997	0.06640	0.01859	0.64170	0.02369	0.02080	0.01503	0.00782	0.00636	0.00200	0.00569	0.00625	0.00755	0.01075
104	0.01744	0.01969	0.08304	0.03001	0.41154	0.16364	0.08691	0.02116	0.01545	0.04237	0.01302	0.04230	0.01099	0.00653	0.00645	0.00193	0.00875	0.00602	0.00345	0.00931
105	0.01268	0.01197	0.02024	0.66686	0.13130	0.01448	0.01818	0.01693	0.01315	0.01709	0.01157	0.01707	0.00882	0.00637	0.00645	0.00212	0.00850	0.00574	0.00291	0.00756
106	0.04382	0.50634	0.10932	0.01250	0.01832	0.02110	0.03622	0.02178	0.04140	0.11736	0.01239	0.01313	0.00981	0.00608	0.00491	0.00162	0.00702	0.00432	0.00369	0.00886
107	0.01880	0.03966	0.20788	0.04581	0.14394	0.01280	0.03573	0.04454	0.01596	0.25558	0.04522	0.04484	0.01479	0.00907	0.03443	0.00233	0.00759	0.00644	0.00499	0.00961
108	0.07013	0.07603	0.32210	0.01804	0.06135	0.01452	0.12632	0.02216	0.01469	0.16612	0.01509	0.03974	0.01117	0.00678	0.00624	0.00202	0.00817	0.00588	0.00410	0.00935
109	0.01465	0.06619	0.11666	0.21832	0.33297	0.03696	0.05499	0.01896	0.01427	0.01945	0.03797	0.01678	0.01121	0.00626	0.00633	0.00197	0.00823	0.00575	0.00318	0.00892
110	0.02196	0.01451	0.04031	0.04522	0.18537	0.03672	0.03866	0.10941	0.07936	0.30740	0.01971	0.04161	0.01422	0.00764	0.00654	0.00201	0.00674	0.00656	0.00586	0.01021

[dist]
# distance from previous block
# <min> <max>
0	7

# created by:
# /home/berkeley/.conda/envs/busco_data_prod/bin/msa2prfl.pl pipeline/OGs_align_augustus/4893/10791.fs
