[name]
unknown

[dist]
# distance from previous block
# <min> <max>
11	39

[block]
# block no. 0 follows, 32 sequences, length 8
# corresponding to MSA columns:
# 51-58
name=unknown_A
#
# <colnr> <probs for GDERKNQSTAVLIFYWHMCP>
#	G	D	E	R	K	N	Q	S	T	A	V	L	I	F	Y	W	H	M	C	P
0	0.08837	0.01731	0.10229	0.04037	0.14039	0.06561	0.01371	0.14343	0.06049	0.06934	0.12231	0.02330	0.04858	0.00860	0.00701	0.00208	0.02546	0.00695	0.00518	0.00920
1	0.05607	0.15722	0.15168	0.06954	0.05795	0.01644	0.05133	0.07143	0.07144	0.06469	0.05291	0.08024	0.01681	0.00869	0.00688	0.00210	0.02980	0.02138	0.00450	0.00890
2	0.10366	0.04217	0.20097	0.02035	0.14204	0.15913	0.04526	0.05828	0.05667	0.06064	0.03948	0.01643	0.01214	0.00697	0.00625	0.00201	0.00863	0.00552	0.00410	0.00933
3	0.10708	0.01546	0.13950	0.03994	0.01790	0.01280	0.01187	0.07990	0.08561	0.08365	0.04827	0.11765	0.07929	0.03988	0.00875	0.00239	0.05468	0.00841	0.00520	0.04177
4	0.01622	0.01389	0.01652	0.09436	0.08100	0.05544	0.01091	0.05981	0.01562	0.05840	0.01289	0.01506	0.01024	0.00572	0.00557	0.00138	0.00628	0.00465	0.00417	0.51187
5	0.00921	0.00843	0.04647	0.01121	0.05696	0.00700	0.00787	0.01106	0.01349	0.01762	0.04049	0.36977	0.22261	0.08346	0.03680	0.00315	0.00515	0.03768	0.00558	0.00600
6	0.01119	0.07679	0.10138	0.00986	0.01303	0.00985	0.00884	0.04900	0.01655	0.02217	0.28532	0.04334	0.20980	0.10185	0.01047	0.00261	0.00503	0.01041	0.00570	0.00680
7	0.01426	0.01272	0.05064	0.01283	0.05859	0.01067	0.00972	0.09310	0.05607	0.02348	0.06281	0.11089	0.01906	0.03996	0.00807	0.03174	0.00554	0.00729	0.00481	0.36774

[dist]
# distance from previous block
# <min> <max>
2	4

[block]
# block no. 1 follows, 32 sequences, length 76
# corresponding to MSA columns:
# 63-138
name=unknown_B
#
# <colnr> <probs for GDERKNQSTAVLIFYWHMCP>
#	G	D	E	R	K	N	Q	S	T	A	V	L	I	F	Y	W	H	M	C	P
0	0.01764	0.07780	0.02321	0.02195	0.19004	0.11427	0.12720	0.07538	0.01763	0.06752	0.07643	0.02635	0.08693	0.00866	0.00695	0.00205	0.00791	0.03856	0.00466	0.00887
1	0.06039	0.11223	0.07438	0.01490	0.01910	0.23583	0.07343	0.02236	0.08983	0.04549	0.02001	0.09329	0.06427	0.01057	0.03311	0.00233	0.00871	0.00728	0.00438	0.00812
2	0.01682	0.01551	0.03907	0.01528	0.08671	0.09875	0.01102	0.17195	0.08858	0.02524	0.05908	0.08847	0.10072	0.01076	0.00792	0.04792	0.00653	0.00811	0.00529	0.09626
3	0.01824	0.01671	0.04002	0.01436	0.04502	0.08718	0.01119	0.19585	0.19143	0.02765	0.01993	0.05898	0.03884	0.00833	0.00639	0.00186	0.00655	0.00670	0.00546	0.19931
4	0.04144	0.23671	0.22233	0.07430	0.06032	0.09218	0.01576	0.04339	0.04470	0.01983	0.01218	0.01457	0.00977	0.00734	0.00670	0.04276	0.00828	0.00484	0.03396	0.00867
5	0.00876	0.00640	0.00825	0.00929	0.01023	0.00597	0.00672	0.01051	0.01424	0.01882	0.12728	0.45243	0.13240	0.04372	0.00935	0.00277	0.00417	0.11675	0.00630	0.00565
6	0.01633	0.01615	0.07284	0.08819	0.16198	0.05326	0.05316	0.15469	0.05480	0.02496	0.08782	0.07202	0.03246	0.04960	0.00890	0.00238	0.02890	0.00787	0.00481	0.00887
7	0.04190	0.01575	0.08565	0.01424	0.05690	0.06262	0.01140	0.08931	0.25381	0.02678	0.16289	0.02832	0.06065	0.00957	0.00678	0.00210	0.00593	0.00791	0.04851	0.00897
8	0.01573	0.01505	0.08969	0.09674	0.05870	0.01442	0.01307	0.12024	0.23982	0.04537	0.02315	0.07498	0.04470	0.01377	0.08033	0.00311	0.00777	0.02877	0.00541	0.00918
9	0.01411	0.04435	0.01421	0.05419	0.01695	0.01376	0.00999	0.02629	0.42554	0.02428	0.06305	0.10970	0.08590	0.01164	0.00721	0.00233	0.00524	0.05609	0.00630	0.00887
10	0.00814	0.00598	0.00764	0.00897	0.00963	0.00548	0.00606	0.00939	0.01321	0.01728	0.04156	0.65708	0.14415	0.02043	0.00847	0.00266	0.00382	0.01835	0.00623	0.00548
11	0.01736	0.04771	0.05029	0.01237	0.01803	0.01393	0.01058	0.20869	0.01867	0.02701	0.01283	0.01444	0.01017	0.00628	0.00636	0.00145	0.04402	0.00468	0.00459	0.47053
12	0.01981	0.06287	0.05618	0.01486	0.01930	0.15988	0.01227	0.15076	0.37587	0.02724	0.02013	0.01950	0.01521	0.00815	0.00649	0.00207	0.00737	0.00630	0.00570	0.01005
13	0.76618	0.05618	0.01131	0.00898	0.01322	0.01571	0.00751	0.01974	0.01155	0.02929	0.00934	0.01089	0.00734	0.00620	0.00416	0.00204	0.00530	0.00363	0.00408	0.00734
14	0.02353	0.02891	0.01813	0.01642	0.01976	0.63311	0.01238	0.05441	0.01920	0.01810	0.05147	0.01506	0.01224	0.00922	0.03769	0.00215	0.01164	0.00497	0.00383	0.00778
15	0.01487	0.01986	0.18272	0.06108	0.08738	0.05255	0.24872	0.05143	0.03571	0.02140	0.01737	0.14238	0.01584	0.00878	0.00732	0.00225	0.00902	0.00859	0.00398	0.00877
16	0.00847	0.00682	0.00755	0.00737	0.00940	0.00590	0.00553	0.01068	0.01658	0.02118	0.29425	0.05955	0.49143	0.01585	0.00792	0.00221	0.00332	0.01346	0.00663	0.00590
17	0.01167	0.00943	0.01078	0.01056	0.01287	0.00990	0.00814	0.04310	0.21629	0.02192	0.06091	0.15929	0.21585	0.01875	0.08817	0.00335	0.00606	0.07940	0.00616	0.00738
18	0.06052	0.13330	0.38469	0.01853	0.02608	0.05477	0.14558	0.02069	0.01443	0.02055	0.01304	0.05420	0.01069	0.00696	0.00634	0.00206	0.00931	0.00596	0.00323	0.00906
19	0.02121	0.01541	0.01697	0.01343	0.01800	0.01641	0.01091	0.47595	0.02607	0.06204	0.04699	0.06142	0.06943	0.01139	0.04092	0.00241	0.00699	0.00751	0.00638	0.07016
20	0.01260	0.05421	0.11591	0.05247	0.10405	0.01149	0.01212	0.01760	0.07459	0.02242	0.20005	0.09261	0.06649	0.01009	0.00682	0.00198	0.00574	0.00873	0.00506	0.12498
21	0.05829	0.01509	0.07989	0.01472	0.01980	0.01313	0.11194	0.02121	0.09550	0.07969	0.05931	0.01878	0.01472	0.00732	0.00792	0.00186	0.08944	0.00599	0.00458	0.28083
22	0.00956	0.00640	0.00838	0.00913	0.01013	0.00588	0.00637	0.01126	0.01464	0.05545	0.18482	0.52887	0.08671	0.01857	0.00829	0.00253	0.00380	0.01667	0.00658	0.00596
23	0.01815	0.05514	0.01718	0.01401	0.01800	0.03762	0.01115	0.12622	0.53933	0.02872	0.02379	0.02238	0.01792	0.00880	0.00712	0.00220	0.02842	0.00702	0.00639	0.01045
24	0.03738	0.05840	0.24868	0.02379	0.23058	0.08854	0.01850	0.09511	0.01686	0.05103	0.01428	0.01640	0.02924	0.00703	0.00694	0.00203	0.03603	0.00557	0.00381	0.00980
25	0.01381	0.00981	0.01192	0.06737	0.03806	0.06148	0.00851	0.05246	0.05431	0.01612	0.01439	0.05849	0.01357	0.01805	0.01888	0.50253	0.00649	0.00656	0.02217	0.00504
26	0.00925	0.00680	0.00781	0.00793	0.00902	0.00637	0.00533	0.02655	0.01385	0.01805	0.14031	0.19136	0.23498	0.27288	0.01700	0.00378	0.00462	0.01313	0.00567	0.00531
27	0.09655	0.01796	0.02040	0.16705	0.05224	0.16973	0.07363	0.05821	0.05221	0.02055	0.01205	0.01575	0.00983	0.00916	0.03087	0.00250	0.17390	0.00566	0.00367	0.00809
28	0.13194	0.03982	0.13484	0.11083	0.13255	0.09215	0.07175	0.04268	0.04169	0.05487	0.01321	0.01610	0.01025	0.00909	0.04600	0.00255	0.03147	0.00555	0.00381	0.00886
29	0.01170	0.00898	0.01381	0.08661	0.05227	0.00948	0.05843	0.01401	0.06011	0.01720	0.05639	0.08527	0.08227	0.02055	0.11158	0.24901	0.02276	0.02941	0.00421	0.00595
30	0.01250	0.01174	0.01964	0.72101	0.04486	0.01457	0.01814	0.01687	0.01349	0.01718	0.01397	0.01959	0.03488	0.00708	0.00675	0.00224	0.00874	0.00626	0.00310	0.00739
31	0.08398	0.01868	0.04007	0.08979	0.06560	0.19755	0.04735	0.12754	0.07845	0.02405	0.05083	0.08638	0.04330	0.00905	0.00666	0.00209	0.00802	0.00736	0.00478	0.00847
32	0.03844	0.09027	0.02011	0.03974	0.08525	0.13966	0.04884	0.14641	0.06869	0.09773	0.05334	0.05967	0.01729	0.03150	0.00745	0.00217	0.00765	0.03155	0.00519	0.00905
33	0.01045	0.00715	0.00878	0.00902	0.01051	0.00664	0.00653	0.03674	0.01540	0.05988	0.15622	0.33706	0.19324	0.06454	0.00980	0.00271	0.00417	0.04858	0.00642	0.00615
34	0.01186	0.00787	0.00894	0.00831	0.01076	0.00708	0.00634	0.05012	0.01703	0.10015	0.17514	0.10815	0.39663	0.01484	0.00763	0.00221	0.00385	0.01255	0.04380	0.00675
35	0.04315	0.14321	0.04379	0.04890	0.05725	0.17118	0.05030	0.18884	0.04198	0.02415	0.01233	0.01449	0.00989	0.00760	0.00833	0.00203	0.11403	0.00530	0.00417	0.00909
36	0.01514	0.01623	0.06447	0.04561	0.25166	0.05800	0.15687	0.03818	0.01515	0.02068	0.05266	0.07249	0.01635	0.05062	0.04112	0.00279	0.06175	0.00772	0.00385	0.00864
37	0.01093	0.04831	0.01214	0.01212	0.06499	0.00892	0.00847	0.01321	0.01284	0.03818	0.05114	0.18127	0.07929	0.03025	0.33321	0.00604	0.01059	0.01004	0.06154	0.00653
38	0.01812	0.23663	0.10871	0.06847	0.02272	0.15763	0.06877	0.06072	0.04386	0.03654	0.01443	0.02014	0.01251	0.00786	0.00667	0.00199	0.03120	0.07059	0.00386	0.00859
39	0.05543	0.01245	0.06412	0.10512	0.05808	0.03495	0.01071	0.09774	0.01587	0.02214	0.06529	0.10448	0.11642	0.08668	0.06467	0.00322	0.00711	0.00903	0.05923	0.00726
40	0.01139	0.00868	0.01006	0.00988	0.01158	0.04677	0.00743	0.01425	0.04378	0.05164	0.10766	0.13276	0.13369	0.05253	0.27826	0.00552	0.00957	0.01029	0.04785	0.00641
41	0.03360	0.01840	0.16480	0.10684	0.26665	0.03565	0.01760	0.06937	0.01570	0.02216	0.04817	0.04478	0.03710	0.00979	0.03900	0.00251	0.04822	0.00672	0.00384	0.00911
42	0.04229	0.01375	0.01741	0.05468	0.08111	0.01397	0.01178	0.23492	0.04075	0.31143	0.05128	0.06051	0.01746	0.00883	0.00682	0.00210	0.00637	0.00726	0.00680	0.01048
43	0.03382	0.02431	0.35374	0.06301	0.21866	0.01579	0.02041	0.10724	0.01653	0.02391	0.01393	0.05320	0.01128	0.00724	0.00657	0.00211	0.00859	0.00612	0.00368	0.00988
44	0.01027	0.00657	0.00882	0.00939	0.03272	0.00631	0.00620	0.00984	0.01153	0.01503	0.06129	0.09764	0.18570	0.08299	0.05777	0.37378	0.00574	0.00963	0.00434	0.00446
45	0.03563	0.14526	0.34046	0.01898	0.09060	0.04503	0.04865	0.09570	0.01638	0.04294	0.01374	0.05232	0.01115	0.00721	0.00623	0.00201	0.00862	0.00580	0.00372	0.00957
46	0.01764	0.01801	0.12188	0.01645	0.06970	0.04060	0.01347	0.10430	0.38916	0.05982	0.02266	0.06062	0.01769	0.00889	0.00680	0.00220	0.00659	0.00738	0.00590	0.01027
47	0.05971	0.01406	0.02671	0.04015	0.12398	0.01371	0.35132	0.01824	0.01422	0.02058	0.01626	0.07104	0.01468	0.09854	0.04190	0.00308	0.00922	0.00820	0.04641	0.00802
48	0.01529	0.01726	0.11896	0.06770	0.43384	0.01485	0.03807	0.04258	0.04603	0.02253	0.05500	0.02179	0.06158	0.00743	0.00681	0.00207	0.00768	0.00685	0.00392	0.00978
49	0.06723	0.01663	0.04958	0.01469	0.02012	0.01643	0.05110	0.38239	0.02477	0.23398	0.02009	0.01938	0.03585	0.00811	0.00668	0.00206	0.00699	0.00644	0.00666	0.01080
50	0.02297	0.01697	0.11004	0.08520	0.06801	0.07726	0.05037	0.05097	0.01750	0.35883	0.01955	0.02052	0.01362	0.04793	0.00815	0.00231	0.00768	0.00637	0.00579	0.00995
51	0.01862	0.01049	0.01417	0.09944	0.04847	0.01052	0.01026	0.02350	0.11193	0.27490	0.11463	0.06302	0.02537	0.09408	0.01017	0.00270	0.00584	0.04666	0.00645	0.00877
52	0.01621	0.01386	0.01801	0.32764	0.11358	0.09702	0.01463	0.03791	0.01548	0.10297	0.02027	0.05442	0.07756	0.01093	0.04863	0.00264	0.00855	0.00726	0.00429	0.00812
53	0.02116	0.06684	0.05813	0.05133	0.05166	0.38443	0.04797	0.05964	0.01779	0.06943	0.01481	0.08159	0.01307	0.02452	0.00704	0.00203	0.00977	0.00635	0.00414	0.00828
54	0.01487	0.06100	0.46982	0.02257	0.13985	0.05490	0.06575	0.02109	0.01471	0.02089	0.02838	0.01541	0.01025	0.00656	0.00681	0.00208	0.02689	0.00541	0.00309	0.00966
55	0.00982	0.00747	0.01054	0.01230	0.08156	0.00742	0.00792	0.01163	0.01348	0.01841	0.14177	0.24507	0.10898	0.06466	0.17728	0.05072	0.00760	0.01211	0.00522	0.00604
56	0.01784	0.15463	0.16898	0.04453	0.02458	0.11116	0.15721	0.02288	0.05498	0.08637	0.01409	0.01636	0.01081	0.00910	0.04612	0.00248	0.03927	0.00576	0.00384	0.00901
57	0.02019	0.09477	0.02078	0.01566	0.01932	0.18746	0.04415	0.21953	0.07584	0.02503	0.01507	0.05560	0.01285	0.01101	0.04789	0.00256	0.11233	0.00634	0.00470	0.00893
58	0.06992	0.00995	0.01188	0.04191	0.01473	0.00980	0.00836	0.05220	0.09404	0.20672	0.15154	0.11293	0.16440	0.01215	0.00720	0.00221	0.00477	0.01025	0.00678	0.00825
59	0.01609	0.04267	0.02196	0.12844	0.33715	0.06930	0.03904	0.02055	0.05975	0.05367	0.05042	0.02389	0.09222	0.00800	0.00678	0.00205	0.00752	0.00714	0.00422	0.00914
60	0.08858	0.12951	0.17582	0.05886	0.11107	0.09705	0.09677	0.04856	0.01589	0.06208	0.04543	0.01637	0.01205	0.00673	0.00618	0.00197	0.00856	0.00558	0.00384	0.00909
61	0.00987	0.00751	0.01092	0.01077	0.01177	0.00882	0.00825	0.01196	0.01065	0.01533	0.01783	0.02764	0.01718	0.12550	0.62391	0.00991	0.05531	0.00740	0.00361	0.00585
62	0.01191	0.00857	0.01025	0.01013	0.01172	0.00874	0.00732	0.10975	0.07255	0.02249	0.11492	0.37691	0.06530	0.04231	0.01015	0.06316	0.00460	0.01355	0.02908	0.00661
63	0.04435	0.04216	0.03411	0.15355	0.08318	0.09573	0.08156	0.16830	0.04037	0.04572	0.01767	0.04283	0.03655	0.01017	0.03836	0.00250	0.00865	0.04078	0.00462	0.00883
64	0.04866	0.18533	0.17992	0.05235	0.18193	0.04256	0.05617	0.07252	0.01573	0.04363	0.01258	0.01523	0.01000	0.00867	0.04516	0.00239	0.00890	0.00529	0.00357	0.00941
65	0.02303	0.02887	0.01950	0.05453	0.02217	0.62327	0.04884	0.02510	0.01836	0.01682	0.01372	0.01553	0.04696	0.00738	0.00628	0.00181	0.01143	0.00512	0.00358	0.00772
66	0.00842	0.00682	0.00748	0.00731	0.00936	0.00587	0.00548	0.01058	0.01645	0.02088	0.27180	0.06005	0.51407	0.01597	0.00793	0.00222	0.00333	0.01353	0.00659	0.00587
67	0.00996	0.00648	0.00769	0.00799	0.00824	0.00633	0.00481	0.01034	0.01085	0.03564	0.02544	0.23021	0.02938	0.54731	0.02664	0.00538	0.00580	0.01210	0.00476	0.00465
68	0.02031	0.05988	0.01872	0.01607	0.04105	0.31915	0.03515	0.04762	0.25248	0.03976	0.06771	0.01986	0.01696	0.00808	0.00648	0.00197	0.00846	0.00623	0.00506	0.00900
69	0.01970	0.51343	0.02915	0.01309	0.01796	0.23889	0.01170	0.02177	0.01549	0.01647	0.04123	0.01292	0.01106	0.00645	0.00499	0.00155	0.00847	0.00419	0.00325	0.00826
70	0.01620	0.10348	0.20805	0.06035	0.20195	0.01656	0.03878	0.06199	0.05414	0.04982	0.01504	0.01787	0.02780	0.02882	0.00786	0.00215	0.04272	0.00586	0.00382	0.03673
71	0.01188	0.01139	0.05281	0.10213	0.07135	0.03165	0.03756	0.03010	0.01316	0.01814	0.07595	0.05838	0.02007	0.11706	0.28481	0.00596	0.03882	0.00795	0.00399	0.00684
72	0.01346	0.03471	0.72942	0.01912	0.02904	0.01558	0.02479	0.02125	0.01417	0.02125	0.01204	0.01417	0.00850	0.00637	0.00637	0.00212	0.00992	0.00496	0.00283	0.00992
73	0.02147	0.02560	0.01745	0.01688	0.05642	0.52224	0.01209	0.04841	0.03946	0.01869	0.05307	0.08623	0.03596	0.00894	0.00652	0.00190	0.01001	0.00665	0.00422	0.00779
74	0.01686	0.08057	0.18791	0.06750	0.17556	0.05569	0.07099	0.08254	0.05972	0.04081	0.01380	0.01655	0.01078	0.00900	0.04256	0.00250	0.04754	0.00579	0.00381	0.00953
75	0.01690	0.08676	0.33269	0.04352	0.04800	0.14632	0.04005	0.03860	0.02920	0.03351	0.01183	0.01437	0.00919	0.00728	0.00844	0.00212	0.11374	0.00514	0.00328	0.00906

[dist]
# distance from previous block
# <min> <max>
0	1

[block]
# block no. 2 follows, 32 sequences, length 28
# corresponding to MSA columns:
# 140-167
name=unknown_C
#
# <colnr> <probs for GDERKNQSTAVLIFYWHMCP>
#	G	D	E	R	K	N	Q	S	T	A	V	L	I	F	Y	W	H	M	C	P
0	0.00861	0.00634	0.00788	0.00860	0.00959	0.00583	0.00599	0.01023	0.01433	0.01897	0.17464	0.40530	0.17510	0.08240	0.01053	0.00285	0.00395	0.03703	0.00627	0.00557
1	0.01092	0.00778	0.01001	0.00892	0.01126	0.00698	0.00682	0.01394	0.01758	0.05389	0.52148	0.04257	0.06859	0.01508	0.06165	0.00260	0.00463	0.01046	0.00663	0.11822
2	0.01451	0.01426	0.06111	0.01257	0.01847	0.01132	0.06257	0.02077	0.13460	0.02287	0.01472	0.01618	0.01169	0.00583	0.00561	0.00138	0.00583	0.00497	0.00435	0.55639
3	0.23513	0.01415	0.01459	0.01215	0.01659	0.01546	0.00983	0.17916	0.21308	0.16036	0.02146	0.02044	0.04289	0.00827	0.00611	0.00213	0.00574	0.00629	0.00633	0.00984
4	0.09027	0.01713	0.01647	0.01356	0.01783	0.11668	0.01084	0.32765	0.05458	0.12884	0.04019	0.07306	0.01607	0.00895	0.00651	0.00204	0.00698	0.00693	0.03568	0.00973
5	0.01069	0.00736	0.00851	0.00823	0.01034	0.00657	0.00612	0.01326	0.04023	0.08456	0.19949	0.15106	0.37340	0.03890	0.00868	0.00241	0.00379	0.01335	0.00663	0.00643
6	0.01069	0.00797	0.00939	0.00970	0.01108	0.00792	0.00684	0.08777	0.05424	0.02032	0.03727	0.46752	0.13774	0.08581	0.01049	0.00290	0.00453	0.01540	0.00612	0.00631
7	0.05809	0.01348	0.01608	0.01290	0.01769	0.01359	0.01057	0.17949	0.14090	0.39692	0.02399	0.02342	0.01665	0.00872	0.00675	0.00214	0.00601	0.03428	0.00744	0.01089
8	0.00961	0.00632	0.00814	0.00901	0.00971	0.00590	0.00603	0.01080	0.01310	0.05319	0.07355	0.54339	0.06324	0.13983	0.01255	0.00325	0.00435	0.01639	0.00605	0.00559
9	0.55685	0.01282	0.03715	0.00939	0.01339	0.01351	0.00796	0.05506	0.01343	0.06844	0.01348	0.04010	0.01074	0.00719	0.00474	0.00203	0.00518	0.00489	0.11604	0.00761
10	0.05600	0.01177	0.01527	0.01187	0.01677	0.01072	0.00976	0.08795	0.01997	0.59149	0.07639	0.02386	0.01930	0.00861	0.00674	0.00207	0.00565	0.00698	0.00795	0.01089
11	0.01067	0.00677	0.00851	0.00837	0.00883	0.00697	0.00538	0.01099	0.01023	0.04022	0.01973	0.03704	0.02121	0.50975	0.18296	0.08614	0.00886	0.00871	0.00401	0.00464
12	0.01078	0.00660	0.00751	0.00749	0.00793	0.00652	0.00453	0.01140	0.01094	0.04144	0.02260	0.09260	0.02455	0.57563	0.02713	0.00537	0.00581	0.00983	0.11660	0.00475
13	0.01996	0.01229	0.01414	0.01200	0.01565	0.01288	0.00937	0.12931	0.24895	0.21624	0.06021	0.06301	0.02167	0.08412	0.00953	0.00258	0.00557	0.00808	0.04481	0.00962
14	0.75321	0.01341	0.01063	0.00932	0.01356	0.01548	0.00767	0.07024	0.01291	0.03101	0.00985	0.01129	0.00757	0.00636	0.00434	0.00207	0.00535	0.00381	0.00434	0.00757
15	0.01531	0.01323	0.01953	0.54017	0.03858	0.01588	0.01679	0.15114	0.05250	0.02271	0.01441	0.02008	0.01113	0.00754	0.00681	0.00223	0.00835	0.03125	0.00402	0.00834
16	0.00842	0.00679	0.00749	0.00737	0.00938	0.00586	0.00551	0.01055	0.01636	0.02079	0.26631	0.07933	0.50012	0.01610	0.00794	0.00223	0.00334	0.01368	0.00658	0.00586
17	0.01084	0.00696	0.00901	0.00951	0.01101	0.00638	0.00710	0.01282	0.01516	0.08751	0.14411	0.37036	0.14898	0.01769	0.00830	0.00255	0.00422	0.11458	0.00660	0.00630
18	0.02039	0.01470	0.01592	0.01303	0.01717	0.01613	0.01048	0.36001	0.19083	0.06346	0.08757	0.02293	0.01953	0.00883	0.00660	0.00203	0.00587	0.00706	0.10735	0.01008
19	0.02354	0.02770	0.01886	0.01672	0.01995	0.55238	0.01283	0.10155	0.01931	0.01963	0.01126	0.01329	0.00928	0.00760	0.00781	0.00189	0.09145	0.00475	0.03211	0.00809
20	0.05576	0.01398	0.02153	0.23386	0.33397	0.01444	0.01667	0.04310	0.01487	0.02169	0.01225	0.01615	0.00987	0.00608	0.00622	0.00188	0.00751	0.00547	0.00351	0.16117
21	0.05900	0.01892	0.02082	0.16365	0.15874	0.18264	0.04028	0.15744	0.04723	0.02415	0.01389	0.04110	0.01133	0.00752	0.00687	0.00206	0.02503	0.00607	0.00424	0.00903
22	0.02339	0.02924	0.01784	0.01627	0.01944	0.65802	0.01213	0.02511	0.01853	0.01683	0.05078	0.01590	0.01254	0.04680	0.00762	0.00200	0.01131	0.00504	0.00371	0.00750
23	0.09827	0.00667	0.00896	0.00885	0.00936	0.00696	0.00611	0.01009	0.00913	0.01385	0.01172	0.01967	0.01144	0.02281	0.05944	0.67801	0.00637	0.00566	0.00308	0.00354
24	0.51801	0.01264	0.01346	0.10443	0.06566	0.01434	0.03174	0.04212	0.01272	0.02639	0.01193	0.05519	0.01026	0.00804	0.00625	0.04400	0.00608	0.00529	0.00407	0.00739
25	0.05643	0.01008	0.01299	0.06111	0.04209	0.01052	0.00922	0.09086	0.01584	0.15128	0.07993	0.12399	0.02421	0.15787	0.07757	0.00383	0.03008	0.02896	0.00558	0.00756
26	0.05227	0.01522	0.01970	0.12472	0.14073	0.06817	0.05668	0.16083	0.03315	0.13768	0.05279	0.05136	0.04011	0.00838	0.00681	0.00210	0.00742	0.00717	0.00530	0.00941
27	0.04538	0.01614	0.01859	0.15501	0.09453	0.07985	0.01350	0.22410	0.10767	0.08964	0.01749	0.05485	0.01370	0.00814	0.00662	0.00207	0.00743	0.00664	0.00535	0.03330

[dist]
# distance from previous block
# <min> <max>
0	17

[block]
# block no. 3 follows, 32 sequences, length 44
# corresponding to MSA columns:
# 185-228
name=unknown_D
#
# <colnr> <probs for GDERKNQSTAVLIFYWHMCP>
#	G	D	E	R	K	N	Q	S	T	A	V	L	I	F	Y	W	H	M	C	P
0	0.03477	0.00805	0.00961	0.00973	0.01116	0.00818	0.00701	0.05060	0.07121	0.03621	0.09020	0.29614	0.07842	0.15841	0.05056	0.00368	0.00556	0.05835	0.00584	0.00629
1	0.29884	0.01638	0.08866	0.01259	0.01776	0.01552	0.01127	0.20585	0.05471	0.16763	0.01598	0.01618	0.01131	0.00868	0.02893	0.00235	0.00678	0.00534	0.00563	0.00960
2	0.04206	0.01391	0.02309	0.35204	0.26860	0.01534	0.06805	0.05554	0.01525	0.02104	0.01372	0.02031	0.01131	0.00709	0.00683	0.00219	0.00843	0.04289	0.00354	0.00878
3	0.00966	0.00728	0.00877	0.00907	0.01049	0.00697	0.00654	0.03374	0.05504	0.02094	0.20192	0.32237	0.17964	0.05811	0.00956	0.00266	0.00405	0.04061	0.00643	0.00614
4	0.01027	0.00698	0.00796	0.00841	0.00960	0.00688	0.00593	0.01329	0.06875	0.01942	0.03399	0.26697	0.12485	0.14954	0.01205	0.00305	0.00435	0.04893	0.19289	0.00587
5	0.01716	0.01482	0.01672	0.01667	0.09226	0.01684	0.01179	0.07053	0.59938	0.02820	0.02514	0.02365	0.01894	0.00871	0.00680	0.00223	0.00571	0.00733	0.00645	0.01066
6	0.02509	0.01933	0.01936	0.01515	0.02019	0.08689	0.01238	0.59167	0.02935	0.05830	0.01609	0.01627	0.01152	0.00795	0.00657	0.00197	0.00761	0.00591	0.03753	0.01087
7	0.00919	0.00697	0.00814	0.00860	0.00995	0.00646	0.00605	0.04664	0.01484	0.01910	0.08311	0.39266	0.27812	0.06589	0.00984	0.00273	0.00403	0.01569	0.00618	0.00580
8	0.01391	0.01193	0.01391	0.00994	0.01590	0.00894	0.00795	0.01690	0.01391	0.02186	0.01193	0.01391	0.00994	0.00497	0.00497	0.00099	0.00497	0.00398	0.00398	0.80521
9	0.02491	0.01677	0.01859	0.01437	0.01942	0.01806	0.01182	0.54811	0.02875	0.14115	0.07315	0.01978	0.01627	0.00854	0.00681	0.00203	0.00681	0.00663	0.00700	0.01101
10	0.01337	0.01263	0.02138	0.62335	0.16550	0.01509	0.01898	0.01775	0.01375	0.01799	0.01205	0.01766	0.00924	0.00658	0.00670	0.00219	0.00877	0.00597	0.00304	0.00801
11	0.00891	0.00689	0.00821	0.00858	0.01022	0.00628	0.00646	0.01141	0.03251	0.02041	0.20718	0.21911	0.31618	0.01714	0.00820	0.00243	0.00383	0.09358	0.00651	0.00595
12	0.00941	0.00717	0.00825	0.00832	0.00989	0.00677	0.00597	0.01263	0.07007	0.02070	0.22004	0.19615	0.26467	0.09011	0.01046	0.00272	0.00389	0.01342	0.03332	0.00605
13	0.00954	0.00720	0.00898	0.00999	0.01102	0.00718	0.00705	0.01338	0.11086	0.01914	0.05684	0.57496	0.06492	0.01886	0.00832	0.00265	0.00417	0.05234	0.00634	0.00625
14	0.01391	0.01193	0.01391	0.00994	0.01590	0.00894	0.00795	0.01690	0.01391	0.02186	0.01193	0.01391	0.00994	0.00497	0.00497	0.00099	0.00497	0.00398	0.00398	0.80521
15	0.05358	0.00645	0.00849	0.00848	0.00911	0.00637	0.00581	0.00991	0.01090	0.01526	0.09127	0.07521	0.08984	0.06297	0.02070	0.50418	0.00520	0.00824	0.00404	0.00399
16	0.01439	0.00813	0.01013	0.00920	0.01160	0.00741	0.00692	0.01728	0.04605	0.19351	0.25089	0.12733	0.17321	0.08116	0.01002	0.00261	0.00431	0.01162	0.00693	0.00732
17	0.00932	0.00629	0.00819	0.00931	0.00987	0.00598	0.00635	0.01048	0.01268	0.03608	0.03357	0.54135	0.03932	0.16048	0.01340	0.00345	0.00465	0.07793	0.00587	0.00542
18	0.02646	0.01077	0.01458	0.01160	0.01623	0.00934	0.00950	0.02904	0.01845	0.59636	0.05427	0.06624	0.02083	0.00960	0.00695	0.00212	0.00551	0.04216	0.00787	0.04212
19	0.47221	0.01200	0.01123	0.00964	0.01358	0.01303	0.00783	0.07437	0.01512	0.15055	0.06197	0.03371	0.01465	0.00770	0.00520	0.00204	0.00510	0.00550	0.07645	0.00812
20	0.03977	0.01085	0.01325	0.01159	0.01492	0.01126	0.00915	0.05945	0.18829	0.22886	0.08318	0.06681	0.05031	0.01859	0.15808	0.00397	0.00782	0.00832	0.00650	0.00902
21	0.01389	0.01107	0.01238	0.01126	0.01419	0.01199	0.00868	0.02549	0.39231	0.04762	0.28384	0.03667	0.07999	0.01127	0.00729	0.00221	0.00441	0.00964	0.00704	0.00876
22	0.00963	0.00650	0.00792	0.00817	0.00843	0.00655	0.00512	0.01010	0.01070	0.01440	0.04377	0.13820	0.02752	0.52268	0.09259	0.03766	0.00706	0.03404	0.00444	0.00452
23	0.02022	0.03899	0.04081	0.03599	0.22017	0.08437	0.03489	0.19560	0.03564	0.10028	0.01541	0.01763	0.01188	0.01147	0.07878	0.00288	0.03426	0.00603	0.00479	0.00989
24	0.01492	0.01624	0.09657	0.03987	0.08135	0.04154	0.24733	0.02026	0.06719	0.05871	0.05373	0.02637	0.08982	0.04799	0.04620	0.00282	0.00880	0.00804	0.02377	0.00846
25	0.09513	0.00785	0.00869	0.00916	0.01012	0.03546	0.00638	0.01173	0.01231	0.01800	0.06712	0.31881	0.03005	0.10853	0.01430	0.15648	0.00505	0.03817	0.04147	0.00520
26	0.01775	0.01163	0.01338	0.01180	0.01525	0.01209	0.00927	0.09975	0.25615	0.17326	0.07166	0.11965	0.10949	0.01184	0.00730	0.00228	0.00513	0.03611	0.00699	0.00924
27	0.01391	0.01193	0.01391	0.00994	0.01590	0.00894	0.00795	0.01690	0.01391	0.02186	0.01193	0.01391	0.00994	0.00497	0.00497	0.00099	0.00497	0.00398	0.00398	0.80521
28	0.04753	0.01687	0.07624	0.01728	0.09805	0.12087	0.06418	0.06518	0.06460	0.04532	0.24272	0.02711	0.02788	0.00936	0.00776	0.00210	0.04548	0.00783	0.00525	0.00840
29	0.01854	0.01472	0.01576	0.01375	0.01781	0.01672	0.01081	0.11020	0.58981	0.07422	0.02600	0.02389	0.01922	0.00893	0.00681	0.00223	0.00557	0.00736	0.00691	0.01076
30	0.01671	0.00993	0.01202	0.01048	0.01248	0.01029	0.00763	0.16166	0.05275	0.10795	0.01764	0.02587	0.01586	0.20165	0.02056	0.29179	0.00629	0.00706	0.00489	0.00649
31	0.07426	0.06810	0.04673	0.14521	0.09556	0.15852	0.09508	0.15769	0.01878	0.02444	0.04384	0.01665	0.01196	0.00703	0.00642	0.00200	0.00883	0.00581	0.00417	0.00891
32	0.02416	0.03037	0.01953	0.01861	0.05913	0.66730	0.01346	0.02600	0.01844	0.01671	0.01043	0.01246	0.00876	0.00707	0.00676	0.00179	0.04321	0.00448	0.00343	0.00792
33	0.03354	0.00913	0.01078	0.00970	0.01207	0.00885	0.00714	0.08478	0.03932	0.16875	0.08538	0.16239	0.12837	0.19301	0.01382	0.00328	0.00520	0.01098	0.00626	0.00728
34	0.05365	0.00809	0.00990	0.01035	0.04312	0.00808	0.00717	0.01481	0.08882	0.02280	0.28006	0.14249	0.10925	0.01453	0.00948	0.09300	0.00415	0.01099	0.06282	0.00644
35	0.04053	0.05207	0.07597	0.11226	0.14410	0.11284	0.04957	0.06909	0.13619	0.06732	0.01539	0.01732	0.01179	0.00742	0.00753	0.00211	0.05878	0.00593	0.00439	0.00941
36	0.01913	0.01213	0.01394	0.03649	0.01641	0.01259	0.00950	0.15436	0.18690	0.18909	0.07597	0.03053	0.13148	0.01010	0.00686	0.00211	0.00530	0.00829	0.06940	0.00943
37	0.01003	0.00715	0.00842	0.00860	0.01006	0.00679	0.00611	0.01306	0.06734	0.03981	0.16777	0.27456	0.19775	0.09526	0.01060	0.00279	0.00404	0.01374	0.04998	0.00612
38	0.01429	0.02931	0.51162	0.05442	0.08376	0.05443	0.07560	0.02085	0.01444	0.02058	0.01242	0.01536	0.00926	0.00860	0.04429	0.00256	0.01036	0.00540	0.00300	0.00947
39	0.06051	0.05982	0.04495	0.24408	0.11674	0.17525	0.07406	0.07940	0.04381	0.02127	0.01249	0.01572	0.00973	0.00669	0.00639	0.00202	0.00918	0.00556	0.00368	0.00865
40	0.01795	0.58609	0.06386	0.05076	0.01961	0.09139	0.01277	0.02040	0.01397	0.01619	0.00966	0.01162	0.00864	0.00625	0.00565	0.00162	0.04822	0.00397	0.00293	0.00846
41	0.00974	0.00701	0.00890	0.00884	0.01038	0.00653	0.00648	0.01190	0.01517	0.03699	0.27423	0.19968	0.14374	0.07957	0.08730	0.00352	0.00544	0.03598	0.00612	0.04250
42	0.00908	0.00659	0.00821	0.00918	0.00996	0.00627	0.00622	0.04102	0.01369	0.01803	0.03793	0.59003	0.11262	0.08451	0.01063	0.00297	0.00423	0.01715	0.00606	0.00563
43	0.01639	0.03936	0.01596	0.05067	0.01843	0.07309	0.00953	0.07509	0.01594	0.04412	0.01250	0.01432	0.01006	0.00561	0.00533	0.00126	0.00609	0.00435	0.00420	0.57770

[dist]
# distance from previous block
# <min> <max>
0	3

[block]
# block no. 4 follows, 32 sequences, length 16
# corresponding to MSA columns:
# 232-247
name=unknown_E
#
# <colnr> <probs for GDERKNQSTAVLIFYWHMCP>
#	G	D	E	R	K	N	Q	S	T	A	V	L	I	F	Y	W	H	M	C	P
0	0.01498	0.00990	0.01193	0.01062	0.01346	0.00997	0.00834	0.06455	0.16349	0.12778	0.36058	0.04091	0.07455	0.01204	0.00752	0.00220	0.00443	0.04728	0.00724	0.00824
1	0.06199	0.09294	0.16216	0.06523	0.13799	0.04704	0.04854	0.08161	0.03472	0.09050	0.01785	0.01942	0.06271	0.00768	0.00706	0.00206	0.04071	0.00615	0.00429	0.00934
2	0.01802	0.11755	0.03050	0.02175	0.05988	0.07276	0.33973	0.09332	0.05966	0.04820	0.05972	0.01904	0.01428	0.00685	0.00700	0.00206	0.00917	0.00699	0.00431	0.00922
3	0.01249	0.00937	0.01230	0.01263	0.06470	0.01008	0.00897	0.11461	0.01502	0.02083	0.02516	0.03018	0.12458	0.05004	0.36801	0.03667	0.01166	0.00796	0.05780	0.00694
4	0.01511	0.04201	0.01943	0.06998	0.06959	0.01763	0.01364	0.05092	0.05190	0.04040	0.05527	0.02145	0.06541	0.01081	0.01527	0.00256	0.41979	0.00689	0.00402	0.00795
5	0.03656	0.19541	0.05931	0.08257	0.10441	0.06936	0.04127	0.09027	0.08723	0.10862	0.01626	0.05216	0.01309	0.00760	0.00617	0.00196	0.00754	0.00616	0.00463	0.00941
6	0.01600	0.06761	0.01592	0.01254	0.01578	0.03125	0.05200	0.12319	0.14103	0.08821	0.04463	0.23872	0.08286	0.02888	0.00787	0.00236	0.00576	0.01094	0.00608	0.00835
7	0.01134	0.00717	0.01075	0.09720	0.03866	0.00759	0.00798	0.01066	0.01025	0.01363	0.01667	0.02515	0.05709	0.07811	0.10523	0.48046	0.00758	0.00682	0.00331	0.00434
8	0.01952	0.20631	0.05611	0.11473	0.11936	0.24936	0.03292	0.06505	0.04096	0.01948	0.01173	0.01409	0.00956	0.00656	0.00592	0.00183	0.00927	0.00493	0.00352	0.00878
9	0.01804	0.12688	0.12295	0.10502	0.10029	0.10459	0.10967	0.13582	0.01784	0.02303	0.03206	0.01603	0.01108	0.00698	0.00711	0.00201	0.04183	0.00574	0.00385	0.00919
10	0.03282	0.00776	0.01063	0.06526	0.05273	0.00786	0.00820	0.01236	0.01345	0.03916	0.10201	0.20428	0.15722	0.03793	0.14374	0.07472	0.00722	0.01141	0.00513	0.00609
11	0.00995	0.00810	0.01152	0.05162	0.01387	0.00942	0.00897	0.01216	0.01171	0.01623	0.02568	0.08496	0.12448	0.03652	0.45511	0.00757	0.09300	0.00892	0.00409	0.00613
12	0.01596	0.01802	0.15818	0.04769	0.14560	0.06008	0.01472	0.05264	0.14445	0.06830	0.16325	0.02578	0.03867	0.00880	0.00689	0.00210	0.00691	0.00747	0.00523	0.00926
13	0.07592	0.04060	0.21956	0.07140	0.10665	0.17879	0.04973	0.05882	0.01632	0.02181	0.05718	0.01657	0.01251	0.00720	0.00699	0.00204	0.03983	0.00558	0.00368	0.00882
14	0.53065	0.01219	0.01121	0.01151	0.06510	0.01362	0.00828	0.01962	0.08356	0.02712	0.01972	0.06700	0.09050	0.00865	0.00531	0.00215	0.00512	0.00638	0.00473	0.00756
15	0.01012	0.00713	0.00883	0.00916	0.01056	0.00679	0.00665	0.03841	0.01474	0.04523	0.10822	0.33135	0.18963	0.07313	0.06766	0.00343	0.00534	0.05150	0.00608	0.00603

[dist]
# distance from previous block
# <min> <max>
0	1

[block]
# block no. 5 follows, 32 sequences, length 30
# corresponding to MSA columns:
# 249-278
name=unknown_F
#
# <colnr> <probs for GDERKNQSTAVLIFYWHMCP>
#	G	D	E	R	K	N	Q	S	T	A	V	L	I	F	Y	W	H	M	C	P
0	0.01917	0.01782	0.06110	0.06343	0.22520	0.14117	0.07318	0.02328	0.04446	0.14861	0.05058	0.04925	0.03661	0.00800	0.00683	0.00206	0.00811	0.00704	0.00474	0.00937
1	0.08323	0.01595	0.05695	0.11859	0.13198	0.06487	0.05649	0.07696	0.05071	0.09552	0.01497	0.01844	0.01180	0.04724	0.03405	0.00257	0.04367	0.00599	0.00438	0.06563
2	0.01948	0.01448	0.01723	0.05407	0.12799	0.06063	0.01217	0.18742	0.11519	0.10861	0.01878	0.04332	0.01505	0.01027	0.00900	0.09622	0.00683	0.02827	0.04585	0.00914
3	0.05627	0.07516	0.02055	0.14966	0.11983	0.12847	0.07131	0.02038	0.03566	0.06920	0.01875	0.02331	0.06749	0.04808	0.00846	0.00231	0.03131	0.02722	0.01842	0.00815
4	0.03741	0.09861	0.17692	0.01872	0.06984	0.13542	0.07614	0.20777	0.06945	0.02640	0.01381	0.01523	0.01044	0.00696	0.00634	0.00197	0.00887	0.00550	0.00439	0.00981
5	0.01036	0.00662	0.00831	0.00881	0.01006	0.00600	0.00616	0.01158	0.01384	0.07943	0.06839	0.43053	0.19588	0.05679	0.01048	0.04519	0.00414	0.01540	0.00617	0.00585
6	0.06704	0.04356	0.04674	0.05308	0.08952	0.19946	0.01283	0.14790	0.01905	0.09198	0.05159	0.01776	0.01363	0.00773	0.00698	0.00196	0.04576	0.00573	0.06877	0.00893
7	0.01805	0.11440	0.16213	0.10818	0.04826	0.04265	0.08797	0.13253	0.05001	0.08088	0.01599	0.01782	0.03357	0.00748	0.00737	0.00208	0.05084	0.00603	0.00434	0.00942
8	0.01843	0.04948	0.01781	0.04386	0.06849	0.04765	0.05040	0.12474	0.11598	0.13791	0.02098	0.10104	0.01828	0.10429	0.03215	0.00295	0.02302	0.00816	0.00552	0.00886
9	0.01251	0.00894	0.01071	0.04874	0.01381	0.00891	0.00804	0.08373	0.06224	0.06252	0.15890	0.15592	0.21982	0.01430	0.00766	0.00231	0.00459	0.06556	0.04366	0.00713
10	0.01708	0.20940	0.13121	0.05531	0.02266	0.17596	0.08522	0.02041	0.01440	0.01743	0.01135	0.01477	0.00963	0.01139	0.08190	0.00286	0.10252	0.00517	0.00313	0.00819
11	0.12366	0.12894	0.17581	0.05450	0.07228	0.15202	0.08423	0.02160	0.01501	0.04867	0.01385	0.01593	0.03663	0.00688	0.00631	0.00198	0.02412	0.00534	0.00358	0.00866
12	0.07219	0.01611	0.01768	0.05564	0.09032	0.12348	0.04386	0.09392	0.15498	0.05877	0.01690	0.02065	0.01386	0.07989	0.04769	0.02804	0.04624	0.00642	0.00474	0.00860
13	0.00941	0.00661	0.00849	0.00965	0.01041	0.00639	0.00672	0.04495	0.01399	0.01895	0.03509	0.65029	0.04105	0.01957	0.00831	0.00265	0.00415	0.05141	0.04607	0.00583
14	0.01477	0.01844	0.12491	0.04795	0.02992	0.01479	0.42931	0.01991	0.01489	0.02094	0.01341	0.01815	0.01059	0.04417	0.00849	0.00224	0.00970	0.00686	0.00344	0.14712
15	0.08872	0.05701	0.13512	0.07040	0.13367	0.07420	0.04913	0.13487	0.04484	0.08585	0.01549	0.05399	0.01235	0.00760	0.00641	0.00206	0.00796	0.00626	0.00456	0.00952
16	0.11942	0.01711	0.01834	0.07333	0.05157	0.12902	0.05697	0.19810	0.06426	0.09809	0.01663	0.05381	0.01320	0.01043	0.04796	0.00257	0.00838	0.00647	0.00519	0.00917
17	0.00877	0.00682	0.00762	0.00751	0.00949	0.00598	0.00568	0.01107	0.01644	0.02140	0.27671	0.05830	0.44644	0.01553	0.00781	0.00221	0.00341	0.03686	0.04601	0.00593
18	0.14792	0.01253	0.01829	0.33657	0.16017	0.01479	0.01519	0.01796	0.01317	0.02096	0.01236	0.01690	0.00985	0.00713	0.00763	0.00216	0.08438	0.00560	0.08856	0.00788
19	0.04849	0.01365	0.01755	0.14871	0.05781	0.03715	0.03884	0.17382	0.05389	0.04654	0.01625	0.04025	0.01406	0.10892	0.08434	0.00362	0.07634	0.00696	0.00458	0.00824
20	0.03513	0.00857	0.01046	0.00958	0.01212	0.00810	0.00734	0.03836	0.04332	0.18343	0.14665	0.14663	0.17246	0.05519	0.04506	0.00290	0.00517	0.03198	0.03010	0.00744
21	0.01267	0.01193	0.02013	0.74806	0.04621	0.01491	0.01863	0.01714	0.01342	0.01714	0.01193	0.01789	0.00894	0.00671	0.00671	0.00224	0.00894	0.00596	0.00298	0.00745
22	0.01412	0.02623	0.43015	0.05708	0.12734	0.05538	0.02059	0.02043	0.03515	0.02076	0.01584	0.05850	0.01371	0.00828	0.00679	0.00221	0.00893	0.06574	0.00354	0.00924
23	0.01492	0.01324	0.04284	0.01570	0.04526	0.02989	0.13673	0.10758	0.08863	0.04453	0.02017	0.09949	0.01894	0.17936	0.10818	0.00428	0.00890	0.00876	0.00479	0.00782
24	0.00865	0.00648	0.00746	0.00783	0.00931	0.00578	0.00561	0.01053	0.01504	0.01981	0.17324	0.26501	0.33462	0.03290	0.00845	0.00241	0.00355	0.01459	0.06299	0.00573
25	0.03416	0.04804	0.01152	0.00957	0.01219	0.04308	0.00743	0.03274	0.04064	0.11778	0.10809	0.10389	0.25366	0.04464	0.05339	0.00286	0.01931	0.01059	0.03929	0.00713
26	0.01661	0.21478	0.31163	0.01926	0.11245	0.13238	0.01810	0.02123	0.01475	0.01887	0.01151	0.01399	0.00929	0.00874	0.04734	0.00236	0.00978	0.00477	0.00305	0.00912
27	0.01578	0.01546	0.05915	0.20087	0.18078	0.05432	0.09846	0.07269	0.01661	0.05472	0.05442	0.05210	0.06326	0.00847	0.00706	0.00216	0.00804	0.02263	0.00431	0.00870
28	0.01227	0.00980	0.01153	0.01119	0.01297	0.05095	0.04031	0.01653	0.12167	0.05410	0.05252	0.34892	0.07252	0.11241	0.01130	0.00300	0.00541	0.03996	0.00588	0.00674
29	0.15749	0.05542	0.06216	0.12327	0.11236	0.10100	0.08500	0.09692	0.01598	0.02326	0.01210	0.01541	0.00966	0.00946	0.05161	0.00261	0.04844	0.00547	0.00377	0.00858

[dist]
# distance from previous block
# <min> <max>
0	8

# created by:
# /home/berkeley/.conda/envs/busco_data_prod/bin/msa2prfl.pl pipeline/OGs_align_augustus/4893/10981.fs
