[name]
unknown

[dist]
# distance from previous block
# <min> <max>
7	54

[block]
# block no. 0 follows, 32 sequences, length 59
# corresponding to MSA columns:
# 61-119
name=unknown_A
#
# <colnr> <probs for GDERKNQSTAVLIFYWHMCP>
#	G	D	E	R	K	N	Q	S	T	A	V	L	I	F	Y	W	H	M	C	P
0	0.10605	0.36469	0.07030	0.01268	0.01773	0.02101	0.01191	0.07625	0.06590	0.02144	0.01158	0.01322	0.00971	0.00685	0.00680	0.00178	0.08815	0.00446	0.00373	0.08574
1	0.01782	0.01406	0.01727	0.01586	0.05076	0.01536	0.04137	0.26040	0.17082	0.02965	0.02425	0.03708	0.02188	0.01152	0.00799	0.00245	0.02575	0.22021	0.00617	0.00933
2	0.01251	0.00625	0.00625	0.00625	0.00782	0.00625	0.00469	0.01563	0.01407	0.02502	0.02189	0.02502	0.01720	0.00782	0.00469	0.00156	0.00313	0.00625	0.80144	0.00625
3	0.06264	0.01853	0.07086	0.01488	0.02027	0.01880	0.01285	0.47101	0.13312	0.08172	0.01786	0.01751	0.01272	0.00802	0.00658	0.00207	0.00703	0.00612	0.00642	0.01097
4	0.01081	0.00772	0.01081	0.01236	0.01390	0.00772	0.01081	0.01390	0.01545	0.02008	0.03553	0.07569	0.03862	0.01854	0.00927	0.00309	0.00618	0.67717	0.00618	0.00618
5	0.02360	0.09859	0.02067	0.01671	0.02017	0.59059	0.01295	0.04806	0.01825	0.01721	0.01035	0.01231	0.00875	0.00722	0.00717	0.00181	0.06974	0.00443	0.00347	0.00794
6	0.01372	0.01017	0.01273	0.01297	0.01536	0.01073	0.01109	0.12116	0.09593	0.02437	0.03164	0.06090	0.03242	0.01588	0.00860	0.00283	0.00627	0.49944	0.00633	0.00748
7	0.01585	0.01043	0.01232	0.01120	0.01389	0.01061	0.00852	0.16921	0.08346	0.11845	0.10512	0.31194	0.07236	0.01433	0.00764	0.00235	0.00494	0.01245	0.00679	0.00815
8	0.00950	0.00647	0.00732	0.00744	0.00764	0.00636	0.00431	0.00972	0.01041	0.01371	0.02584	0.10181	0.07722	0.65058	0.03020	0.00589	0.00607	0.01082	0.00440	0.00429
9	0.01901	0.01681	0.01640	0.01430	0.01834	0.08437	0.01121	0.15074	0.52756	0.02947	0.02378	0.02228	0.01780	0.00872	0.00674	0.00218	0.00630	0.00701	0.00649	0.01049
10	0.01152	0.00588	0.00864	0.00864	0.00864	0.00588	0.00570	0.00882	0.00882	0.01175	0.01235	0.02213	0.01259	0.07793	0.02681	0.74593	0.00588	0.00612	0.00300	0.00300
11	0.02390	0.09681	0.02182	0.01805	0.08993	0.24332	0.01337	0.33223	0.02382	0.05361	0.01367	0.01462	0.01038	0.00727	0.00626	0.00187	0.00883	0.00528	0.00504	0.00993
12	0.01025	0.00786	0.01119	0.01105	0.01249	0.00916	0.00859	0.01418	0.07578	0.01674	0.01884	0.02624	0.01712	0.04649	0.66969	0.00999	0.01680	0.00723	0.00389	0.00642
13	0.01564	0.10279	0.21439	0.03012	0.40776	0.01691	0.02014	0.02030	0.01460	0.02077	0.01273	0.01726	0.01072	0.00672	0.00703	0.00204	0.03855	0.02836	0.00322	0.00993
14	0.02364	0.14914	0.02164	0.01637	0.02010	0.60415	0.01277	0.02543	0.01792	0.01631	0.01016	0.01196	0.00864	0.00686	0.00621	0.00171	0.03149	0.00425	0.00335	0.00790
15	0.01501	0.01254	0.01355	0.01229	0.01555	0.01402	0.00949	0.05979	0.49348	0.02740	0.13914	0.06748	0.06964	0.01085	0.00715	0.00226	0.00488	0.00920	0.00685	0.00943
16	0.01251	0.00625	0.00625	0.00625	0.00782	0.00625	0.00469	0.01563	0.01407	0.02502	0.02189	0.02502	0.01720	0.00782	0.00469	0.00156	0.00313	0.00625	0.80144	0.00625
17	0.00913	0.00684	0.00846	0.00806	0.00980	0.00617	0.00604	0.01195	0.01813	0.02485	0.56626	0.05351	0.21713	0.01449	0.00792	0.00215	0.00322	0.01261	0.00712	0.00617
18	0.00886	0.00668	0.00819	0.00813	0.00972	0.00601	0.00598	0.01132	0.01703	0.02299	0.43505	0.16467	0.23934	0.01575	0.00802	0.00225	0.00334	0.01377	0.00689	0.00601
19	0.00962	0.00653	0.00728	0.00728	0.00745	0.00644	0.00414	0.00975	0.01017	0.01339	0.02459	0.04543	0.07565	0.70910	0.03222	0.00619	0.00628	0.01008	0.00423	0.00418
20	0.01731	0.01842	0.07011	0.10931	0.24186	0.10232	0.06657	0.09107	0.01670	0.02243	0.01235	0.01559	0.00990	0.00655	0.00722	0.00192	0.04803	0.00554	0.00371	0.13310
21	0.04793	0.00871	0.01253	0.01105	0.01242	0.00897	0.05781	0.09928	0.01232	0.01712	0.01227	0.01927	0.01133	0.01931	0.02142	0.60780	0.00641	0.00592	0.00349	0.00465
22	0.01166	0.00583	0.00874	0.00874	0.00874	0.00583	0.00583	0.00874	0.00874	0.01166	0.01166	0.02040	0.01166	0.02331	0.02622	0.80478	0.00583	0.00583	0.00291	0.00291
23	0.01484	0.01444	0.02184	0.12494	0.07521	0.01849	0.06560	0.04587	0.01282	0.01872	0.04294	0.01723	0.01169	0.01007	0.01633	0.00264	0.46876	0.00634	0.00337	0.00785
24	0.00795	0.00671	0.00689	0.00703	0.00912	0.00564	0.00520	0.00960	0.01507	0.01803	0.06511	0.12885	0.65718	0.01737	0.00799	0.00231	0.00344	0.01462	0.00623	0.00564
25	0.01659	0.01558	0.02321	0.25617	0.30205	0.04684	0.04903	0.08952	0.09147	0.02287	0.01429	0.01775	0.01114	0.00678	0.00672	0.00210	0.00826	0.00617	0.00394	0.00951
26	0.02018	0.01708	0.01828	0.06255	0.06407	0.06458	0.01267	0.27444	0.33218	0.03142	0.02027	0.01999	0.01509	0.00824	0.00672	0.00213	0.00690	0.00661	0.00611	0.01052
27	0.01088	0.00884	0.01215	0.01402	0.11184	0.00872	0.00883	0.01370	0.04194	0.02015	0.16344	0.26324	0.07266	0.07524	0.04718	0.00304	0.03710	0.01204	0.00545	0.06955
28	0.01564	0.01213	0.01363	0.04293	0.01575	0.04747	0.00913	0.13931	0.07946	0.04112	0.01954	0.09515	0.04166	0.06769	0.02743	0.14121	0.03155	0.00759	0.00486	0.14673
29	0.27161	0.18645	0.02461	0.01552	0.02004	0.01836	0.19063	0.01957	0.01310	0.02248	0.01113	0.01409	0.00913	0.00677	0.00750	0.00206	0.10282	0.00519	0.05096	0.00799
30	0.00834	0.00594	0.00787	0.00936	0.00977	0.00558	0.00629	0.00952	0.01280	0.01704	0.03620	0.70291	0.04326	0.05508	0.00976	0.00291	0.00409	0.04174	0.00613	0.00541
31	0.00869	0.00639	0.00786	0.00835	0.00938	0.00587	0.00577	0.01036	0.01462	0.01949	0.22773	0.34013	0.17897	0.11121	0.01146	0.00294	0.00392	0.01505	0.00628	0.00556
32	0.02995	0.00643	0.00760	0.00832	0.00923	0.00601	0.00560	0.00996	0.01315	0.01751	0.08120	0.40454	0.19388	0.15944	0.01309	0.00328	0.00426	0.01537	0.00584	0.00534
33	0.06459	0.01851	0.01963	0.01511	0.02042	0.02052	0.01248	0.66614	0.03055	0.04168	0.01577	0.01585	0.01120	0.00796	0.00659	0.00202	0.00727	0.00592	0.00659	0.01120
34	0.01349	0.00773	0.00864	0.00834	0.01015	0.00775	0.00641	0.06553	0.01521	0.05885	0.02551	0.03655	0.04913	0.12697	0.01034	0.00265	0.00457	0.11036	0.42531	0.00652
35	0.00954	0.00649	0.00816	0.00875	0.00986	0.00592	0.00608	0.01111	0.01436	0.05363	0.15146	0.43877	0.15965	0.07136	0.01008	0.00278	0.00397	0.01584	0.00637	0.00583
36	0.05981	0.01025	0.01264	0.01076	0.01415	0.00981	0.00845	0.05444	0.06649	0.33560	0.08565	0.05360	0.05602	0.12991	0.01135	0.00289	0.00552	0.05704	0.00686	0.00875
37	0.00820	0.00674	0.00722	0.00725	0.00927	0.00576	0.00538	0.01010	0.01571	0.01947	0.17071	0.11421	0.56320	0.01677	0.00797	0.00228	0.00340	0.01420	0.00642	0.00576
38	0.04535	0.00884	0.01099	0.00980	0.01256	0.00826	0.00762	0.02007	0.03344	0.26965	0.10073	0.05448	0.09209	0.14373	0.01189	0.00298	0.00517	0.08933	0.06526	0.00777
39	0.07916	0.00867	0.01062	0.00980	0.01193	0.00852	0.03026	0.04686	0.03366	0.10625	0.11513	0.22347	0.08013	0.12766	0.01128	0.00290	0.00488	0.01136	0.07060	0.00683
40	0.00889	0.00609	0.00772	0.00867	0.00925	0.00572	0.00581	0.00961	0.01238	0.01637	0.03560	0.46737	0.12158	0.11756	0.01368	0.09076	0.00441	0.02774	0.02574	0.00505
41	0.10021	0.01425	0.01628	0.01282	0.01772	0.01469	0.01051	0.27192	0.07625	0.33215	0.02100	0.01954	0.01418	0.00806	0.00642	0.00205	0.00613	0.00624	0.03882	0.01076
42	0.03721	0.00808	0.01122	0.01100	0.01242	0.00940	0.00864	0.01353	0.04352	0.01730	0.04415	0.02906	0.04702	0.04142	0.56638	0.00883	0.05243	0.02802	0.00404	0.00632
43	0.10580	0.00862	0.00968	0.00972	0.01132	0.00897	0.00695	0.08126	0.04652	0.02146	0.05651	0.36835	0.06105	0.12494	0.04489	0.00342	0.00543	0.01304	0.00567	0.00637
44	0.01062	0.00740	0.01103	0.01084	0.01224	0.00846	0.00846	0.01303	0.01121	0.05150	0.01840	0.02618	0.01677	0.04820	0.70069	0.01034	0.01735	0.00717	0.00383	0.00627
45	0.01346	0.03471	0.72942	0.01912	0.02904	0.01558	0.02479	0.02125	0.01417	0.02125	0.01204	0.01417	0.00850	0.00637	0.00637	0.00212	0.00992	0.00496	0.00283	0.00992
46	0.00963	0.00707	0.01047	0.01052	0.01160	0.00812	0.00804	0.01168	0.01072	0.01536	0.01843	0.04931	0.01772	0.07676	0.65834	0.04261	0.01659	0.00760	0.00367	0.00577
47	0.00879	0.00622	0.00823	0.00961	0.01014	0.00594	0.00673	0.01014	0.01292	0.01714	0.03495	0.56660	0.04117	0.10492	0.01158	0.00321	0.00456	0.12576	0.00598	0.00541
48	0.01556	0.01487	0.02534	0.22939	0.54232	0.01567	0.02007	0.01967	0.01478	0.02065	0.01244	0.01695	0.01018	0.00617	0.00666	0.00206	0.00823	0.00597	0.00323	0.00978
49	0.01022	0.00812	0.01237	0.01170	0.01294	0.00947	0.03597	0.01249	0.01087	0.01565	0.01738	0.02658	0.01654	0.10262	0.60017	0.00953	0.07044	0.00733	0.00358	0.00606
50	0.01124	0.00886	0.01352	0.14127	0.05060	0.01021	0.02864	0.01406	0.01194	0.01744	0.01690	0.02467	0.01516	0.07857	0.38072	0.00679	0.04413	0.00692	0.11185	0.00651
51	0.01047	0.00744	0.00843	0.00818	0.01020	0.00676	0.00605	0.04555	0.01623	0.05634	0.16589	0.16785	0.37106	0.05022	0.00900	0.00246	0.00388	0.01336	0.03436	0.00626
52	0.09459	0.01254	0.01618	0.11363	0.02003	0.04529	0.03942	0.01919	0.09848	0.05011	0.04758	0.02105	0.01507	0.01970	0.19980	0.00456	0.16443	0.00655	0.00419	0.00762
53	0.01554	0.01467	0.02051	0.06876	0.38542	0.06876	0.01540	0.06016	0.03788	0.02241	0.08365	0.08896	0.07079	0.00916	0.00699	0.00209	0.00709	0.00823	0.00447	0.00906
54	0.01520	0.01237	0.01560	0.07601	0.10626	0.03417	0.01131	0.16627	0.05162	0.02336	0.04843	0.06481	0.01962	0.15075	0.11753	0.00422	0.03105	0.03874	0.00483	0.00786
55	0.01745	0.04183	0.04368	0.02100	0.08625	0.17354	0.22313	0.02164	0.04810	0.05258	0.06777	0.07887	0.01716	0.00858	0.00830	0.00216	0.06750	0.00773	0.00424	0.00848
56	0.01632	0.06857	0.03869	0.07684	0.05310	0.01352	0.11275	0.14047	0.01798	0.09056	0.06443	0.19453	0.04028	0.01090	0.00719	0.00220	0.00673	0.00980	0.02665	0.00846
57	0.06700	0.04462	0.05201	0.07992	0.10376	0.17183	0.01387	0.15212	0.03431	0.06090	0.01483	0.01696	0.02939	0.00939	0.03672	0.00238	0.07184	0.00565	0.00440	0.02811
58	0.05518	0.01474	0.03879	0.12004	0.02364	0.06320	0.14094	0.09894	0.04839	0.02284	0.06947	0.12071	0.01994	0.01173	0.03751	0.00265	0.06734	0.03132	0.00465	0.00799

[dist]
# distance from previous block
# <min> <max>
0	25

[block]
# block no. 1 follows, 32 sequences, length 51
# corresponding to MSA columns:
# 145-195
name=unknown_B
#
# <colnr> <probs for GDERKNQSTAVLIFYWHMCP>
#	G	D	E	R	K	N	Q	S	T	A	V	L	I	F	Y	W	H	M	C	P
0	0.01464	0.01480	0.06411	0.35928	0.24065	0.01479	0.08066	0.01912	0.01462	0.04193	0.03727	0.01846	0.01169	0.00662	0.00677	0.00211	0.00850	0.00626	0.00346	0.03427
1	0.07006	0.01532	0.01953	0.30691	0.10287	0.05470	0.01522	0.19248	0.05936	0.07704	0.01476	0.01732	0.01085	0.00721	0.00651	0.00211	0.00793	0.00590	0.00467	0.00926
2	0.01718	0.08545	0.04708	0.01331	0.01686	0.16456	0.03248	0.08345	0.09542	0.06259	0.06141	0.10062	0.07501	0.03382	0.05752	0.00280	0.00802	0.02917	0.00516	0.00810
3	0.01558	0.01473	0.02436	0.31224	0.40991	0.03251	0.03766	0.01972	0.01476	0.03643	0.01265	0.01718	0.01006	0.00633	0.00669	0.00209	0.00848	0.00600	0.00331	0.00931
4	0.03496	0.00697	0.00849	0.00882	0.01007	0.00669	0.00621	0.01197	0.03917	0.04133	0.13143	0.31990	0.15946	0.08288	0.03694	0.06467	0.00472	0.01371	0.00588	0.00575
5	0.01696	0.01353	0.02052	0.10921	0.17722	0.01460	0.07511	0.12722	0.04242	0.07967	0.01680	0.02195	0.01368	0.01422	0.11608	0.00346	0.05335	0.03650	0.03847	0.00902
6	0.01699	0.01695	0.04375	0.27327	0.08729	0.14239	0.05552	0.07063	0.05939	0.05438	0.01557	0.06068	0.01286	0.01028	0.04884	0.00262	0.00933	0.00673	0.00410	0.00843
7	0.05211	0.01755	0.01905	0.01473	0.01997	0.01916	0.01214	0.57103	0.05833	0.12107	0.01757	0.01710	0.01226	0.00807	0.00664	0.00203	0.00703	0.00611	0.00682	0.01124
8	0.01040	0.00747	0.00854	0.00851	0.01019	0.00711	0.00619	0.06964	0.01617	0.02197	0.15359	0.25848	0.23488	0.04757	0.00873	0.00245	0.00395	0.01343	0.10453	0.00620
9	0.03750	0.00658	0.00897	0.00921	0.00951	0.00685	0.00628	0.00984	0.01016	0.01420	0.01931	0.21379	0.02145	0.10295	0.05343	0.41448	0.03769	0.00967	0.00397	0.00417
10	0.00959	0.00719	0.01078	0.01078	0.01198	0.00839	0.00839	0.01198	0.01078	0.01558	0.01797	0.02636	0.01677	0.05032	0.73760	0.01078	0.01797	0.00719	0.00359	0.00599
11	0.69683	0.01338	0.01109	0.00958	0.01390	0.01523	0.00789	0.07856	0.01361	0.07366	0.01097	0.01207	0.00819	0.00651	0.00453	0.00207	0.00541	0.00403	0.00462	0.00787
12	0.01261	0.00723	0.00934	0.00933	0.01112	0.00648	0.00678	0.01445	0.01542	0.15663	0.14792	0.40163	0.14132	0.01680	0.00801	0.00243	0.00406	0.01486	0.00682	0.00678
13	0.01600	0.01908	0.07896	0.02735	0.03427	0.01701	0.63750	0.04272	0.01623	0.02213	0.01357	0.01781	0.01012	0.00577	0.00779	0.00225	0.01111	0.00769	0.00347	0.00917
14	0.00938	0.00688	0.00896	0.00852	0.01013	0.00646	0.00642	0.01237	0.01798	0.02522	0.60626	0.04911	0.10953	0.01724	0.07307	0.00290	0.00451	0.01185	0.00696	0.00625
15	0.56309	0.01322	0.01165	0.01018	0.01427	0.01496	0.00825	0.09329	0.07896	0.07057	0.01431	0.05685	0.01162	0.00767	0.00508	0.00213	0.00539	0.00533	0.00503	0.00815
16	0.00916	0.00658	0.00771	0.00787	0.00859	0.00642	0.00510	0.01004	0.01172	0.01533	0.05670	0.12766	0.17440	0.41450	0.10474	0.00551	0.00674	0.01154	0.00483	0.00486
17	0.02580	0.01832	0.01984	0.01521	0.02057	0.02010	0.01257	0.65688	0.03075	0.08650	0.01678	0.01654	0.01175	0.00807	0.00671	0.00202	0.00728	0.00609	0.00682	0.01141
18	0.00946	0.00647	0.00731	0.00744	0.00768	0.00634	0.00434	0.00971	0.01051	0.01382	0.02667	0.10654	0.08817	0.63437	0.02964	0.00581	0.00601	0.01094	0.00444	0.00433
19	0.00975	0.00694	0.00947	0.01093	0.01195	0.00679	0.00869	0.01194	0.01414	0.01856	0.03525	0.33246	0.03998	0.06240	0.01043	0.00315	0.00533	0.38999	0.00608	0.00578
20	0.00825	0.00602	0.00777	0.00900	0.00968	0.00554	0.00611	0.00963	0.01359	0.01799	0.09270	0.62934	0.11965	0.02002	0.00845	0.00263	0.00378	0.01801	0.00632	0.00554
21	0.01081	0.00772	0.01081	0.01236	0.01390	0.00772	0.01081	0.01390	0.01545	0.02008	0.03553	0.07569	0.03862	0.01854	0.00927	0.00309	0.00618	0.67717	0.00618	0.00618
22	0.00818	0.00584	0.00779	0.00934	0.00973	0.00545	0.00623	0.00934	0.01285	0.01713	0.03698	0.75981	0.04438	0.02102	0.00856	0.00273	0.00389	0.01908	0.00623	0.00545
23	0.00884	0.00683	0.00805	0.00775	0.00962	0.00605	0.00581	0.01138	0.01743	0.02321	0.44463	0.05621	0.33978	0.01510	0.00792	0.00218	0.00326	0.01299	0.00690	0.00605
24	0.00970	0.00673	0.00802	0.00817	0.00864	0.00678	0.00531	0.01041	0.01086	0.01440	0.02580	0.04665	0.07830	0.55143	0.10987	0.00633	0.00754	0.07605	0.00439	0.00462
25	0.01081	0.00772	0.01081	0.01236	0.01390	0.00772	0.01081	0.01390	0.01545	0.02008	0.03553	0.07569	0.03862	0.01854	0.00927	0.00309	0.00618	0.67717	0.00618	0.00618
26	0.01787	0.01500	0.01584	0.01389	0.01790	0.01724	0.01091	0.12489	0.61905	0.02998	0.02581	0.02384	0.01926	0.00896	0.00681	0.00224	0.00559	0.00738	0.00681	0.01073
27	0.00959	0.00716	0.01066	0.01066	0.01181	0.00832	0.00823	0.01190	0.01075	0.01548	0.01809	0.02700	0.01705	0.07645	0.71185	0.01063	0.01755	0.00728	0.00361	0.00592
28	0.02506	0.03198	0.01901	0.01729	0.02074	0.73725	0.01296	0.02679	0.01901	0.01642	0.01037	0.01210	0.00864	0.00691	0.00605	0.00173	0.01210	0.00432	0.00346	0.00778
29	0.76512	0.01260	0.00971	0.00874	0.01265	0.01456	0.00708	0.01915	0.01132	0.02911	0.01003	0.01281	0.00826	0.05015	0.00589	0.00233	0.00527	0.00399	0.00415	0.00708
30	0.01125	0.00605	0.00889	0.00889	0.00903	0.00620	0.00601	0.00922	0.00907	0.01225	0.01317	0.02294	0.01327	0.08353	0.11503	0.64506	0.00739	0.00630	0.00309	0.00338
31	0.00830	0.00589	0.00775	0.00919	0.00955	0.00553	0.00606	0.00937	0.01261	0.01681	0.03577	0.70486	0.04284	0.07806	0.01053	0.00302	0.00409	0.01836	0.00606	0.00534
32	0.01033	0.00757	0.01015	0.01143	0.01310	0.00738	0.00986	0.01319	0.01542	0.01976	0.04091	0.07384	0.15170	0.01828	0.00905	0.00295	0.00572	0.56708	0.00619	0.00609
33	0.01161	0.00682	0.00870	0.00919	0.01061	0.00617	0.00651	0.01318	0.01420	0.12198	0.03893	0.51095	0.13395	0.01782	0.00798	0.00250	0.00405	0.01583	0.05262	0.00640
34	0.02825	0.01439	0.01741	0.01335	0.01861	0.01428	0.01103	0.30177	0.02418	0.45088	0.02229	0.02012	0.01451	0.00820	0.00673	0.00205	0.00638	0.00646	0.00766	0.01142
35	0.00943	0.00686	0.00887	0.00837	0.00998	0.00630	0.00628	0.01253	0.01883	0.02651	0.68967	0.05077	0.09268	0.01386	0.00791	0.00212	0.00318	0.01223	0.00733	0.00630
36	0.01030	0.00696	0.00892	0.00859	0.01028	0.00632	0.00638	0.01296	0.01765	0.06472	0.50099	0.15861	0.13213	0.01489	0.00795	0.00222	0.00345	0.01311	0.00713	0.00641
37	0.01029	0.00662	0.00822	0.00859	0.00980	0.00613	0.00606	0.01207	0.01450	0.06085	0.16317	0.34478	0.12384	0.09403	0.01057	0.00281	0.00405	0.02861	0.07907	0.00593
38	0.81159	0.01298	0.00986	0.00882	0.01298	0.01505	0.00727	0.01972	0.01142	0.03010	0.00934	0.01090	0.00727	0.00623	0.00415	0.00208	0.00519	0.00363	0.00415	0.00727
39	0.06710	0.01163	0.01528	0.01187	0.01694	0.01042	0.00977	0.03221	0.04975	0.66218	0.02568	0.02236	0.01633	0.00824	0.00663	0.00209	0.00567	0.00664	0.00804	0.01118
40	0.01383	0.00808	0.00965	0.00890	0.01156	0.00716	0.00692	0.01623	0.03007	0.18501	0.11489	0.07162	0.35445	0.06031	0.00937	0.00255	0.00441	0.07117	0.00671	0.00712
41	0.01139	0.00644	0.00875	0.00884	0.00954	0.00617	0.00603	0.01098	0.01170	0.06091	0.07726	0.19941	0.06589	0.10836	0.03694	0.34617	0.00541	0.01041	0.00472	0.00468
42	0.81159	0.01298	0.00986	0.00882	0.01298	0.01505	0.00727	0.01972	0.01142	0.03010	0.00934	0.01090	0.00727	0.00623	0.00415	0.00208	0.00519	0.00363	0.00415	0.00727
43	0.01937	0.02254	0.01941	0.01717	0.01886	0.35897	0.01360	0.02100	0.01443	0.01625	0.00994	0.01396	0.00907	0.01110	0.04493	0.00270	0.37080	0.00519	0.00321	0.00749
44	0.00962	0.00705	0.01009	0.01009	0.01105	0.00801	0.00752	0.01154	0.01058	0.01506	0.01861	0.02988	0.01830	0.19363	0.59639	0.00992	0.01567	0.00770	0.00369	0.00560
45	0.01853	0.01473	0.01923	0.04675	0.01974	0.01733	0.05215	0.26365	0.01941	0.06383	0.03340	0.01976	0.03525	0.01320	0.07656	0.00311	0.24076	0.00665	0.02705	0.00890
46	0.01147	0.00593	0.00843	0.00843	0.00852	0.00593	0.00555	0.00926	0.00917	0.01259	0.01339	0.02351	0.01352	0.11226	0.02595	0.66174	0.00575	0.00633	0.04902	0.00325
47	0.36454	0.01912	0.08378	0.01340	0.01826	0.14513	0.05076	0.10521	0.01643	0.07811	0.01257	0.01388	0.00936	0.00677	0.00545	0.00200	0.00747	0.00475	0.03453	0.00849
48	0.04440	0.04585	0.01731	0.01319	0.01741	0.05522	0.07086	0.15959	0.04534	0.17584	0.05592	0.05101	0.09784	0.04445	0.03137	0.00250	0.00690	0.00788	0.00592	0.05121
49	0.06242	0.01329	0.01737	0.11783	0.10525	0.01405	0.03345	0.20831	0.01833	0.02591	0.01763	0.13366	0.01659	0.06720	0.00908	0.00241	0.02133	0.00801	0.00486	0.10301
50	0.01393	0.01256	0.05938	0.01197	0.01541	0.03061	0.03102	0.10012	0.09561	0.03942	0.15657	0.15169	0.04361	0.01493	0.07388	0.00286	0.00661	0.00959	0.02432	0.10591

[dist]
# distance from previous block
# <min> <max>
1	11

[block]
# block no. 2 follows, 32 sequences, length 7
# corresponding to MSA columns:
# 207-213
name=unknown_C
#
# <colnr> <probs for GDERKNQSTAVLIFYWHMCP>
#	G	D	E	R	K	N	Q	S	T	A	V	L	I	F	Y	W	H	M	C	P
0	0.07254	0.12737	0.07586	0.03989	0.01785	0.05460	0.04697	0.03775	0.08593	0.06066	0.08628	0.02709	0.11931	0.01349	0.08035	0.00293	0.03084	0.00745	0.00480	0.00805
1	0.06617	0.01474	0.02020	0.09285	0.02304	0.06662	0.16271	0.10426	0.04340	0.05483	0.11364	0.04301	0.04114	0.00823	0.00679	0.00199	0.00735	0.00743	0.00495	0.11666
2	0.02095	0.01757	0.07876	0.01729	0.09019	0.01717	0.01346	0.39103	0.10010	0.06929	0.01948	0.09935	0.01598	0.00926	0.00690	0.00213	0.00696	0.00759	0.00608	0.01046
3	0.00959	0.00718	0.00934	0.00998	0.01149	0.00643	0.00733	0.01140	0.01348	0.01844	0.03257	0.51508	0.03765	0.01792	0.00809	0.00250	0.00448	0.13315	0.00585	0.13804
4	0.02454	0.01141	0.01454	0.01131	0.01611	0.01011	0.00923	0.08622	0.01930	0.47871	0.06676	0.02698	0.08863	0.00909	0.00673	0.00197	0.00540	0.00742	0.00743	0.09812
5	0.01251	0.00625	0.00625	0.00625	0.00782	0.00625	0.00469	0.01563	0.01407	0.02502	0.02189	0.02502	0.01720	0.00782	0.00469	0.00156	0.00313	0.00625	0.80144	0.00625
6	0.01468	0.01468	0.02055	0.01762	0.01762	0.02055	0.01468	0.01615	0.01028	0.01615	0.00881	0.01468	0.00881	0.01174	0.02202	0.00294	0.75191	0.00587	0.00294	0.00734

[dist]
# distance from previous block
# <min> <max>
0	0

# created by:
# /home/berkeley/.conda/envs/busco_data_prod/bin/msa2prfl.pl pipeline/OGs_align_augustus/4893/11096.fs
