[name]
unknown

[dist]
# distance from previous block
# <min> <max>
0	47

[block]
# block no. 0 follows, 31 sequences, length 16
# corresponding to MSA columns:
# 47-62
name=unknown_A
#
# <colnr> <probs for GDERKNQSTAVLIFYWHMCP>
#	G	D	E	R	K	N	Q	S	T	A	V	L	I	F	Y	W	H	M	C	P
0	0.00913	0.00697	0.00818	0.00834	0.00997	0.00631	0.00623	0.01121	0.01581	0.02049	0.23296	0.10761	0.32504	0.10442	0.01145	0.00291	0.00417	0.09659	0.00641	0.00582
1	0.05384	0.09314	0.04245	0.06993	0.16002	0.14331	0.01484	0.23967	0.04054	0.05740	0.01411	0.01568	0.01076	0.00718	0.00636	0.00197	0.00842	0.00553	0.00479	0.01004
2	0.01440	0.06496	0.59005	0.02249	0.13116	0.01644	0.02404	0.02151	0.01459	0.02152	0.01224	0.01466	0.00899	0.00641	0.00645	0.00212	0.00969	0.00515	0.00296	0.01016
3	0.00869	0.00631	0.00793	0.00882	0.00959	0.00584	0.00596	0.01012	0.01397	0.01858	0.14015	0.47972	0.13019	0.10685	0.01163	0.00308	0.00411	0.01664	0.00627	0.00555
4	0.00955	0.00685	0.00806	0.00833	0.01003	0.00602	0.00602	0.01137	0.01551	0.05494	0.15306	0.29510	0.35481	0.01777	0.00824	0.00244	0.00372	0.01545	0.00664	0.00610
5	0.00929	0.00686	0.00867	0.00847	0.01004	0.00625	0.00626	0.01205	0.01807	0.02493	0.53796	0.13631	0.15876	0.01536	0.00815	0.00225	0.00335	0.01351	0.00722	0.00625
6	0.00834	0.00595	0.00794	0.00953	0.00992	0.00556	0.00635	0.00953	0.01310	0.01746	0.03771	0.75510	0.04525	0.02143	0.00873	0.00278	0.00397	0.01945	0.00635	0.00556
7	0.01604	0.10884	0.14140	0.02543	0.03270	0.01824	0.51278	0.02171	0.01563	0.02119	0.01310	0.01698	0.00994	0.00589	0.00741	0.00219	0.01083	0.00710	0.00331	0.00931
8	0.01218	0.00919	0.01072	0.01041	0.01260	0.00936	0.00782	0.04730	0.17640	0.04533	0.19408	0.23918	0.14332	0.01521	0.00796	0.00242	0.00436	0.03783	0.00685	0.00750
9	0.00829	0.00655	0.00748	0.00806	0.00958	0.00574	0.00574	0.00991	0.01487	0.01869	0.10065	0.33555	0.40727	0.01871	0.00834	0.00248	0.00365	0.01627	0.00643	0.00574
10	0.01064	0.00860	0.01265	0.01215	0.01317	0.01062	0.00962	0.01292	0.01091	0.01598	0.01677	0.02489	0.01575	0.04476	0.61424	0.00966	0.13966	0.00711	0.00355	0.00634
11	0.02014	0.10717	0.12417	0.01465	0.02008	0.04823	0.01340	0.16338	0.25858	0.10526	0.04172	0.02032	0.01619	0.00821	0.00656	0.00209	0.00703	0.00645	0.00590	0.01047
12	0.00918	0.00960	0.09244	0.01056	0.01222	0.00696	0.00857	0.01120	0.01328	0.01785	0.03513	0.55541	0.07302	0.06998	0.01026	0.00296	0.00495	0.04459	0.00579	0.00604
13	0.00829	0.00611	0.00777	0.00910	0.00981	0.00559	0.00616	0.00957	0.01350	0.01763	0.04284	0.64311	0.15392	0.02077	0.00863	0.00270	0.00389	0.01864	0.00635	0.00559
14	0.01149	0.00875	0.01140	0.04047	0.01385	0.00879	0.02928	0.09302	0.03536	0.02272	0.15476	0.36556	0.08580	0.04961	0.00939	0.00269	0.00492	0.03908	0.00631	0.00676
15	0.02079	0.02368	0.04870	0.01688	0.02131	0.36442	0.09789	0.06881	0.01860	0.04711	0.04948	0.06474	0.01486	0.00805	0.00662	0.00188	0.00967	0.00645	0.00435	0.10569

[dist]
# distance from previous block
# <min> <max>
0	61

[block]
# block no. 1 follows, 31 sequences, length 23
# corresponding to MSA columns:
# 130-152
name=unknown_B
#
# <colnr> <probs for GDERKNQSTAVLIFYWHMCP>
#	G	D	E	R	K	N	Q	S	T	A	V	L	I	F	Y	W	H	M	C	P
0	0.28368	0.01679	0.01435	0.01218	0.01625	0.13160	0.00972	0.20662	0.02002	0.05807	0.08979	0.02201	0.07474	0.00878	0.00610	0.00206	0.00671	0.00642	0.00553	0.00860
1	0.03834	0.02022	0.06031	0.02304	0.14288	0.15131	0.19134	0.10575	0.03634	0.05318	0.01659	0.01873	0.04361	0.00712	0.00689	0.00202	0.00918	0.00652	0.00434	0.06228
2	0.02010	0.01974	0.03849	0.01510	0.01908	0.17951	0.01209	0.16926	0.31241	0.02793	0.04939	0.04310	0.01797	0.00913	0.00740	0.00216	0.03433	0.00705	0.00590	0.00985
3	0.05786	0.01866	0.01394	0.01283	0.01576	0.30613	0.00967	0.05297	0.01730	0.07047	0.02807	0.10420	0.16253	0.03684	0.06001	0.00285	0.00879	0.00870	0.00500	0.00741
4	0.01500	0.01429	0.02429	0.37889	0.39506	0.01575	0.02004	0.01931	0.01467	0.02001	0.01253	0.01756	0.01001	0.00645	0.00681	0.00215	0.00860	0.00609	0.00322	0.00928
5	0.00922	0.00680	0.00862	0.00853	0.01003	0.00620	0.00626	0.01189	0.01775	0.02444	0.50519	0.17553	0.15266	0.01575	0.00819	0.00228	0.00339	0.01389	0.00716	0.00620
6	0.02601	0.01916	0.02053	0.01574	0.02122	0.02122	0.01300	0.69408	0.03217	0.04312	0.01643	0.01643	0.01163	0.00821	0.00684	0.00205	0.00753	0.00616	0.00684	0.01163
7	0.00834	0.00595	0.00794	0.00953	0.00992	0.00556	0.00635	0.00953	0.01310	0.01746	0.03771	0.75510	0.04525	0.02143	0.00873	0.00278	0.00397	0.01945	0.00635	0.00556
8	0.00942	0.00698	0.00878	0.00833	0.01006	0.00634	0.00625	0.01241	0.01875	0.02598	0.60849	0.05350	0.17025	0.01453	0.00807	0.00218	0.00327	0.01271	0.00734	0.00634
9	0.01500	0.01428	0.02428	0.37974	0.39424	0.01575	0.02003	0.01930	0.01466	0.02000	0.01253	0.01756	0.01001	0.00645	0.00681	0.00215	0.00861	0.00609	0.00322	0.00928
10	0.00830	0.00609	0.00779	0.00916	0.00983	0.00559	0.00619	0.00957	0.01345	0.01761	0.04221	0.65684	0.14060	0.02085	0.00864	0.00271	0.00390	0.01873	0.00635	0.00559
11	0.01684	0.01547	0.02397	0.10211	0.02684	0.01661	0.22791	0.02948	0.37825	0.05424	0.02157	0.02235	0.01604	0.00785	0.00730	0.00230	0.00780	0.00762	0.00546	0.00998
12	0.02255	0.05986	0.01852	0.01561	0.01950	0.38877	0.01206	0.03067	0.26360	0.07388	0.01792	0.01780	0.01373	0.00790	0.00642	0.00197	0.00914	0.00574	0.00509	0.00928
13	0.10536	0.13961	0.54143	0.01715	0.02597	0.01747	0.02124	0.02131	0.01404	0.02188	0.01156	0.01355	0.00854	0.00639	0.00593	0.00206	0.00915	0.00470	0.00305	0.00961
14	0.00880	0.00689	0.00753	0.00741	0.00912	0.00609	0.00528	0.01054	0.01535	0.01949	0.20482	0.05847	0.43520	0.15973	0.01324	0.00311	0.00402	0.01311	0.00619	0.00561
15	0.02005	0.02425	0.03031	0.05975	0.03002	0.32591	0.36517	0.02403	0.01742	0.01946	0.01235	0.01580	0.00964	0.00637	0.00719	0.00207	0.01176	0.00639	0.00347	0.00859
16	0.02202	0.22516	0.12057	0.01633	0.02137	0.44834	0.01448	0.02475	0.01727	0.01725	0.01053	0.01227	0.00878	0.00666	0.00575	0.00174	0.01071	0.00430	0.00328	0.00845
17	0.02284	0.02659	0.01992	0.01752	0.02032	0.47203	0.01365	0.09424	0.01840	0.01943	0.01077	0.01345	0.00915	0.00846	0.01049	0.00211	0.20369	0.00500	0.00373	0.00820
18	0.01314	0.01043	0.03316	0.01382	0.09373	0.00915	0.00962	0.01591	0.01584	0.08293	0.18249	0.15267	0.11981	0.01244	0.00808	0.00212	0.04128	0.02648	0.00578	0.15111
19	0.00869	0.00637	0.00825	0.00961	0.01045	0.00593	0.00687	0.01025	0.01384	0.01805	0.04194	0.55874	0.13851	0.02048	0.00875	0.00277	0.00424	0.11423	0.00634	0.00570
20	0.01091	0.00907	0.01083	0.01041	0.01235	0.00956	0.00819	0.01568	0.11673	0.02193	0.19481	0.08601	0.27147	0.01518	0.00976	0.00248	0.08924	0.09214	0.00631	0.00692
21	0.02163	0.02459	0.02230	0.06225	0.26588	0.38622	0.01614	0.05765	0.04189	0.02045	0.01234	0.01489	0.01009	0.00684	0.00647	0.00192	0.01023	0.00528	0.00373	0.00921
22	0.01420	0.02028	0.21267	0.16144	0.05577	0.01527	0.28590	0.01960	0.01450	0.02002	0.01396	0.02032	0.01136	0.09252	0.01044	0.00275	0.01002	0.00704	0.00330	0.00862

[dist]
# distance from previous block
# <min> <max>
3	17

[block]
# block no. 2 follows, 31 sequences, length 19
# corresponding to MSA columns:
# 170-188
name=unknown_C
#
# <colnr> <probs for GDERKNQSTAVLIFYWHMCP>
#	G	D	E	R	K	N	Q	S	T	A	V	L	I	F	Y	W	H	M	C	P
0	0.07251	0.05950	0.07872	0.05010	0.08112	0.06710	0.10239	0.07507	0.12777	0.09270	0.01887	0.02089	0.03707	0.00773	0.00661	0.00207	0.00772	0.02301	0.00494	0.06410
1	0.01557	0.07510	0.02325	0.02931	0.43359	0.01500	0.01602	0.02053	0.07264	0.02328	0.14134	0.02322	0.02124	0.00772	0.00673	0.00197	0.00677	0.00706	0.00444	0.05524
2	0.00839	0.00614	0.00789	0.00915	0.00986	0.00564	0.00622	0.00978	0.01380	0.01823	0.08483	0.62684	0.12716	0.02046	0.00861	0.00268	0.00386	0.01839	0.00643	0.00564
3	0.14036	0.20815	0.02345	0.01822	0.13266	0.15055	0.01303	0.14550	0.06466	0.02521	0.01275	0.01419	0.01025	0.00685	0.00570	0.00188	0.00797	0.00493	0.00429	0.00941
4	0.00838	0.00694	0.00733	0.00724	0.00942	0.00590	0.00543	0.01038	0.01628	0.02011	0.18658	0.06316	0.59582	0.01672	0.00808	0.00228	0.00342	0.01406	0.00657	0.00590
5	0.02167	0.02554	0.01969	0.01840	0.05627	0.45114	0.01368	0.05380	0.01737	0.01825	0.01331	0.01592	0.04209	0.00876	0.01038	0.00212	0.19447	0.00544	0.00367	0.00804
6	0.01743	0.62594	0.16603	0.01318	0.01984	0.02496	0.01427	0.02071	0.01400	0.01715	0.01003	0.01163	0.00876	0.00598	0.00479	0.00160	0.00784	0.00392	0.00292	0.00903
7	0.00923	0.00777	0.00810	0.00787	0.01027	0.00706	0.00595	0.01303	0.09019	0.02059	0.13809	0.05982	0.56559	0.01608	0.00796	0.00229	0.00365	0.01348	0.00655	0.00640
8	0.00834	0.00595	0.00794	0.00953	0.00992	0.00556	0.00635	0.00953	0.01310	0.01746	0.03771	0.75510	0.04525	0.02143	0.00873	0.00278	0.00397	0.01945	0.00635	0.00556
9	0.04029	0.14145	0.15126	0.07485	0.14165	0.04435	0.04679	0.06132	0.10920	0.04035	0.03260	0.04255	0.01435	0.00779	0.00648	0.00208	0.00791	0.02089	0.00430	0.00953
10	0.00958	0.00767	0.00872	0.00886	0.01090	0.00717	0.00680	0.01331	0.07954	0.02107	0.16592	0.13531	0.38258	0.01667	0.00822	0.00244	0.00402	0.09821	0.00660	0.00640
11	0.00865	0.00695	0.00771	0.00752	0.00959	0.00602	0.00564	0.01091	0.01692	0.02164	0.29629	0.06065	0.48516	0.01615	0.00808	0.00225	0.00338	0.01371	0.00677	0.00602
12	0.01726	0.01940	0.10520	0.06791	0.51228	0.06444	0.02036	0.04753	0.01610	0.02230	0.01263	0.01632	0.01035	0.00651	0.00721	0.00207	0.03248	0.00586	0.00345	0.01034
13	0.03966	0.08276	0.11375	0.21925	0.07200	0.14021	0.01561	0.06237	0.01676	0.05299	0.07566	0.04863	0.01592	0.00807	0.00658	0.00207	0.00851	0.00652	0.00417	0.00855
14	0.01005	0.00734	0.00921	0.00988	0.01110	0.00707	0.00714	0.06208	0.01584	0.02109	0.13045	0.48382	0.10787	0.01883	0.00850	0.00262	0.00428	0.07009	0.00654	0.00622
15	0.00986	0.00659	0.00749	0.00758	0.00760	0.00657	0.00427	0.00992	0.01013	0.01351	0.02248	0.08553	0.02604	0.71721	0.03332	0.00641	0.00648	0.01049	0.00427	0.00423
16	0.01385	0.01177	0.01381	0.01002	0.01576	0.00892	0.00798	0.01690	0.01458	0.02268	0.06510	0.01697	0.01424	0.00574	0.00529	0.00110	0.00493	0.00468	0.00432	0.74137
17	0.11672	0.03983	0.04993	0.02192	0.23356	0.18725	0.01376	0.02016	0.01546	0.02102	0.01724	0.11741	0.04092	0.00881	0.00642	0.00200	0.00788	0.00726	0.00406	0.06839
18	0.01714	0.05282	0.03088	0.02574	0.13605	0.07651	0.34393	0.07160	0.01663	0.02199	0.01372	0.01801	0.01104	0.01148	0.08943	0.00316	0.04011	0.00694	0.00369	0.00911

[dist]
# distance from previous block
# <min> <max>
0	3

[block]
# block no. 3 follows, 31 sequences, length 47
# corresponding to MSA columns:
# 192-202,217-252
name=unknown_D
#
# <colnr> <probs for GDERKNQSTAVLIFYWHMCP>
#	G	D	E	R	K	N	Q	S	T	A	V	L	I	F	Y	W	H	M	C	P
0	0.01393	0.01195	0.01255	0.01152	0.01481	0.01306	0.00889	0.02709	0.46038	0.02546	0.07376	0.03911	0.23526	0.01197	0.00736	0.00231	0.00471	0.01001	0.00680	0.00907
1	0.02065	0.01711	0.05760	0.01413	0.01898	0.01741	0.01199	0.42565	0.13259	0.03559	0.06795	0.02606	0.10398	0.00978	0.00707	0.00214	0.00657	0.00776	0.00662	0.01037
2	0.00835	0.00610	0.00785	0.00919	0.00985	0.00561	0.00622	0.00966	0.01359	0.01789	0.06182	0.65156	0.12575	0.02072	0.00864	0.00270	0.00389	0.01864	0.00639	0.00561
3	0.01692	0.01549	0.01504	0.01446	0.05603	0.13941	0.01066	0.13499	0.13821	0.02683	0.20611	0.03548	0.08016	0.01121	0.00739	0.00219	0.00651	0.06819	0.00618	0.00853
4	0.01816	0.57297	0.15240	0.01358	0.01995	0.08862	0.01417	0.02130	0.01449	0.01711	0.01008	0.01169	0.00876	0.00607	0.00491	0.00161	0.00825	0.00397	0.00297	0.00893
5	0.80789	0.01323	0.01006	0.00900	0.01323	0.01535	0.00741	0.02011	0.01164	0.03070	0.00953	0.01111	0.00741	0.00635	0.00423	0.00212	0.00529	0.00370	0.00423	0.00741
6	0.01570	0.01774	0.03851	0.02773	0.03428	0.01663	0.65281	0.02121	0.01597	0.02166	0.01521	0.06061	0.01238	0.00666	0.00811	0.00233	0.01110	0.00872	0.00363	0.00902
7	0.00825	0.00628	0.00760	0.00865	0.00969	0.00563	0.00596	0.00962	0.01394	0.01781	0.04839	0.52200	0.27145	0.02004	0.00851	0.00262	0.00380	0.01775	0.00635	0.00563
8	0.02110	0.01808	0.01732	0.01448	0.01882	0.10808	0.01151	0.31864	0.25187	0.03260	0.04333	0.02379	0.07101	0.00930	0.00693	0.00213	0.00699	0.00729	0.00644	0.01029
9	0.00977	0.00656	0.00752	0.00770	0.00774	0.00651	0.00440	0.00990	0.01031	0.01374	0.02339	0.12544	0.02719	0.67574	0.03186	0.00619	0.00633	0.01103	0.00440	0.00431
10	0.01301	0.01224	0.01907	0.01620	0.01775	0.01513	0.09349	0.01546	0.01150	0.01711	0.01341	0.02010	0.01243	0.02664	0.30291	0.00602	0.34060	0.00670	0.00336	0.03688
11	0.11284	0.02776	0.01842	0.01731	0.04506	0.55284	0.01278	0.02502	0.01749	0.01848	0.01073	0.01308	0.00905	0.00890	0.03420	0.00224	0.05777	0.00460	0.00357	0.00788
12	0.00834	0.00595	0.00794	0.00953	0.00992	0.00556	0.00635	0.00953	0.01310	0.01746	0.03771	0.75510	0.04525	0.02143	0.00873	0.00278	0.00397	0.01945	0.00635	0.00556
13	0.01753	0.02219	0.13651	0.02869	0.19648	0.10278	0.31926	0.05171	0.01684	0.02229	0.01309	0.01666	0.01010	0.00622	0.00724	0.00214	0.01042	0.00662	0.00351	0.00970
14	0.00923	0.04985	0.00970	0.00927	0.01068	0.00716	0.00689	0.01096	0.01447	0.01859	0.08453	0.41377	0.21802	0.01874	0.00836	0.00259	0.00425	0.09080	0.00622	0.00594
15	0.07596	0.01713	0.01785	0.04997	0.11743	0.17181	0.01293	0.04367	0.05549	0.09080	0.11087	0.02395	0.01972	0.00942	0.00916	0.00223	0.11933	0.03878	0.00492	0.00859
16	0.01561	0.22363	0.46340	0.01853	0.05143	0.01909	0.04882	0.04727	0.01510	0.02107	0.01180	0.01387	0.00896	0.00635	0.00604	0.00198	0.00927	0.00490	0.00309	0.00981
17	0.00867	0.00663	0.00804	0.00894	0.01026	0.00599	0.00656	0.01043	0.01469	0.01873	0.08195	0.37397	0.29323	0.01921	0.00856	0.00262	0.00406	0.10528	0.00640	0.00578
18	0.01406	0.01605	0.10323	0.31466	0.19346	0.01511	0.09533	0.01877	0.01493	0.02055	0.08320	0.02072	0.01520	0.00743	0.00768	0.00223	0.03827	0.00683	0.00360	0.00870
19	0.01947	0.12899	0.14525	0.02141	0.15564	0.18731	0.04342	0.07112	0.04400	0.05219	0.01469	0.01895	0.01216	0.00752	0.00648	0.00201	0.00913	0.04674	0.00406	0.00947
20	0.05401	0.07545	0.07185	0.01882	0.12813	0.01354	0.10212	0.01928	0.11217	0.02139	0.02355	0.25940	0.02391	0.01198	0.00736	0.00236	0.00671	0.03469	0.00494	0.00834
21	0.00820	0.00647	0.00740	0.00814	0.00956	0.00567	0.00574	0.00968	0.01443	0.01801	0.05455	0.38762	0.40185	0.01924	0.00839	0.00253	0.00370	0.01678	0.00635	0.00567
22	0.01167	0.02668	0.01151	0.05813	0.01424	0.05004	0.00863	0.04284	0.01543	0.01999	0.13294	0.21865	0.09016	0.12005	0.01227	0.00311	0.02498	0.12669	0.00569	0.00630
23	0.07209	0.17320	0.29435	0.06594	0.05087	0.08745	0.01729	0.04679	0.04548	0.02148	0.03278	0.01618	0.01147	0.02904	0.00684	0.00212	0.00868	0.00524	0.00358	0.00911
24	0.01378	0.01252	0.02060	0.22324	0.33848	0.01323	0.01657	0.01759	0.01553	0.02147	0.13415	0.07869	0.02301	0.00921	0.00725	0.00221	0.00720	0.03228	0.00432	0.00867
25	0.01036	0.00754	0.01043	0.01027	0.01155	0.00828	0.00775	0.03756	0.01317	0.01873	0.12456	0.07915	0.02662	0.10829	0.46544	0.00815	0.01324	0.00906	0.02368	0.00615
26	0.01640	0.14088	0.18999	0.07579	0.08126	0.04885	0.01607	0.10472	0.06806	0.02255	0.01581	0.08259	0.01385	0.01031	0.03656	0.00249	0.05377	0.00675	0.00413	0.00917
27	0.01586	0.04736	0.19348	0.20569	0.04807	0.04290	0.09205	0.02281	0.10676	0.07260	0.01735	0.05092	0.01391	0.00808	0.00697	0.00224	0.00861	0.03094	0.00425	0.00913
28	0.01068	0.00711	0.00815	0.00809	0.00897	0.00719	0.00536	0.03606	0.01243	0.01757	0.02718	0.08939	0.09517	0.39230	0.10749	0.00542	0.00697	0.01001	0.13917	0.00530
29	0.01499	0.01437	0.02570	0.21076	0.31192	0.01485	0.15731	0.01935	0.01511	0.02115	0.01622	0.02050	0.04169	0.00688	0.00694	0.00212	0.00843	0.00689	0.07575	0.00906
30	0.01692	0.10438	0.10381	0.11954	0.12916	0.06480	0.05897	0.04973	0.19044	0.02248	0.01591	0.01797	0.01242	0.00753	0.00759	0.00215	0.05623	0.00612	0.00425	0.00959
31	0.01842	0.08956	0.18121	0.09408	0.08055	0.07263	0.08466	0.05232	0.13480	0.10016	0.01656	0.01792	0.01221	0.00718	0.00663	0.00210	0.00853	0.00608	0.00453	0.00988
32	0.01380	0.01339	0.02560	0.02081	0.05059	0.01305	0.33789	0.04489	0.01524	0.02064	0.02152	0.22673	0.02185	0.01237	0.00998	0.05263	0.03797	0.04879	0.00452	0.00774
33	0.01250	0.00985	0.01371	0.01177	0.01476	0.00947	0.09429	0.01797	0.12712	0.06688	0.19815	0.10603	0.24001	0.01331	0.00778	0.00228	0.00493	0.01180	0.02983	0.00755
34	0.06186	0.05729	0.16259	0.04964	0.15876	0.08980	0.11664	0.04724	0.06569	0.08291	0.03292	0.01766	0.01245	0.00697	0.00666	0.00209	0.00876	0.00611	0.00425	0.00973
35	0.01725	0.07750	0.14291	0.06498	0.06870	0.01534	0.16569	0.02277	0.06246	0.13219	0.04743	0.02182	0.01524	0.01049	0.05283	0.00275	0.03975	0.02598	0.00458	0.00936
36	0.00838	0.00688	0.00738	0.00738	0.00945	0.00588	0.00549	0.01033	0.01609	0.01997	0.17862	0.10660	0.55982	0.01701	0.00812	0.00231	0.00346	0.01440	0.00656	0.00588
37	0.04923	0.01742	0.08321	0.13647	0.17543	0.06360	0.07431	0.04739	0.03718	0.17344	0.01588	0.01801	0.01160	0.00738	0.00784	0.00218	0.05884	0.00618	0.00464	0.00978
38	0.01707	0.06100	0.15902	0.13166	0.19159	0.01555	0.05252	0.04712	0.07371	0.09925	0.01730	0.04058	0.01394	0.00793	0.00688	0.00219	0.00808	0.04044	0.00443	0.00975
39	0.01117	0.00903	0.01009	0.01078	0.01210	0.05304	0.00791	0.03733	0.05783	0.01956	0.03349	0.44214	0.06294	0.02092	0.07066	0.00335	0.00616	0.08955	0.03552	0.00642
40	0.01495	0.23053	0.53970	0.01741	0.02638	0.01888	0.02164	0.02135	0.01430	0.02017	0.01154	0.01351	0.00870	0.00633	0.00593	0.00198	0.00936	0.00468	0.00290	0.00975
41	0.01742	0.31689	0.09649	0.01580	0.04357	0.10482	0.08543	0.02185	0.06027	0.01970	0.04283	0.01561	0.01242	0.00653	0.00570	0.00170	0.00806	0.00514	0.00368	0.11607
42	0.01599	0.15330	0.25460	0.09635	0.08862	0.01772	0.13529	0.04264	0.04109	0.04307	0.01417	0.04185	0.01131	0.00700	0.00658	0.00209	0.00898	0.00623	0.00363	0.00949
43	0.00830	0.00685	0.00749	0.00770	0.00965	0.00604	0.00570	0.01004	0.01478	0.01807	0.05981	0.15004	0.55392	0.02148	0.08554	0.00330	0.00512	0.01432	0.00607	0.00578
44	0.01321	0.06627	0.08646	0.01432	0.05974	0.01176	0.04605	0.06923	0.01587	0.04905	0.05358	0.27563	0.14226	0.01402	0.00844	0.00238	0.04659	0.01207	0.00540	0.00767
45	0.05814	0.02018	0.07301	0.06661	0.14209	0.15793	0.07656	0.11254	0.07950	0.06905	0.03946	0.01797	0.01320	0.00729	0.00665	0.00203	0.00860	0.00610	0.00467	0.03843
46	0.09179	0.01439	0.07809	0.04317	0.05017	0.09159	0.01040	0.01609	0.01463	0.02065	0.05223	0.23369	0.09695	0.01203	0.00689	0.00211	0.00614	0.01019	0.00487	0.14392

[dist]
# distance from previous block
# <min> <max>
1	86

[block]
# block no. 4 follows, 31 sequences, length 25
# corresponding to MSA columns:
# 339-363
name=unknown_E
#
# <colnr> <probs for GDERKNQSTAVLIFYWHMCP>
#	G	D	E	R	K	N	Q	S	T	A	V	L	I	F	Y	W	H	M	C	P
0	0.01916	0.14769	0.02256	0.02124	0.20422	0.17823	0.01384	0.06078	0.05620	0.05860	0.03219	0.02024	0.03593	0.01157	0.07132	0.00273	0.00924	0.02084	0.00429	0.00913
1	0.01242	0.00909	0.01164	0.01232	0.04168	0.00911	0.00949	0.01792	0.12466	0.05689	0.19233	0.07921	0.11627	0.01515	0.00833	0.00259	0.00511	0.26169	0.00668	0.00740
2	0.01743	0.37475	0.06648	0.02053	0.20193	0.02157	0.01469	0.02394	0.15596	0.02061	0.01430	0.01571	0.01180	0.00665	0.00566	0.00183	0.00729	0.00521	0.00387	0.00981
3	0.01685	0.05355	0.01605	0.01154	0.01661	0.01305	0.00934	0.21543	0.01949	0.02734	0.02039	0.08431	0.07350	0.00852	0.00613	0.00161	0.00568	0.00689	0.00521	0.38849
4	0.01562	0.01553	0.02828	0.23990	0.38562	0.01617	0.15800	0.02018	0.01515	0.02087	0.01287	0.01762	0.01025	0.00624	0.00706	0.00216	0.00911	0.00650	0.00330	0.00958
5	0.01315	0.01239	0.02093	0.70322	0.08524	0.01526	0.01911	0.01768	0.01379	0.01776	0.01220	0.01817	0.00922	0.00680	0.00684	0.00227	0.00906	0.00608	0.00306	0.00778
6	0.08644	0.02781	0.47462	0.01700	0.02503	0.01574	0.01985	0.02520	0.15596	0.06374	0.01606	0.01692	0.01153	0.00717	0.00641	0.00219	0.00847	0.00559	0.00416	0.01010
7	0.01542	0.01471	0.02503	0.30713	0.46361	0.01586	0.02024	0.01967	0.01486	0.02051	0.01260	0.01743	0.01019	0.00638	0.00680	0.00213	0.00850	0.00609	0.00326	0.00961
8	0.00827	0.00621	0.00767	0.00884	0.00974	0.00561	0.00605	0.00960	0.01375	0.01773	0.04601	0.57407	0.22092	0.02035	0.00856	0.00266	0.00384	0.01813	0.00635	0.00561
9	0.00880	0.00629	0.00847	0.01006	0.01066	0.00596	0.00716	0.01033	0.01356	0.01799	0.03745	0.63772	0.04423	0.02099	0.00886	0.00284	0.00437	0.13224	0.00634	0.00569
10	0.15352	0.01679	0.09653	0.05937	0.11207	0.03868	0.19041	0.02102	0.01591	0.08654	0.12346	0.02190	0.01870	0.00762	0.00684	0.00216	0.00796	0.00708	0.00459	0.00886
11	0.00904	0.00646	0.00875	0.01033	0.01104	0.00617	0.00758	0.01075	0.01379	0.01825	0.03732	0.57705	0.04371	0.02077	0.00892	0.00288	0.00458	0.19053	0.00634	0.00575
12	0.01038	0.00713	0.01005	0.01005	0.01135	0.00811	0.00778	0.01298	0.01168	0.01785	0.01914	0.02660	0.01719	0.04243	0.58327	0.00907	0.01522	0.00713	0.16642	0.00616
13	0.01292	0.01216	0.02052	0.74312	0.04712	0.01520	0.01900	0.01748	0.01368	0.01748	0.01216	0.01824	0.00912	0.00684	0.00684	0.00228	0.00912	0.00608	0.00304	0.00760
14	0.01829	0.76368	0.03585	0.01171	0.01756	0.02707	0.01171	0.02049	0.01390	0.01610	0.00951	0.01097	0.00878	0.00585	0.00439	0.00146	0.00732	0.00366	0.00293	0.00878
15	0.01702	0.01470	0.01547	0.01392	0.01779	0.01702	0.01083	0.03635	0.70453	0.02862	0.02785	0.02553	0.02088	0.00928	0.00696	0.00232	0.00541	0.00773	0.00696	0.01083
16	0.00913	0.00677	0.00851	0.00851	0.00999	0.00615	0.00622	0.01168	0.01743	0.02384	0.46328	0.19798	0.17306	0.01609	0.00821	0.00231	0.00342	0.01418	0.00709	0.00615
17	0.00839	0.00610	0.00791	0.00924	0.00988	0.00562	0.00625	0.00973	0.01366	0.01809	0.07678	0.65564	0.10615	0.02067	0.00864	0.00270	0.00388	0.01862	0.00641	0.00562
18	0.02691	0.02710	0.01847	0.01619	0.02018	0.54246	0.01239	0.02890	0.01944	0.20188	0.01489	0.01521	0.01095	0.00742	0.00636	0.00186	0.01063	0.00506	0.00482	0.00891
19	0.01667	0.01598	0.02729	0.08847	0.67249	0.01619	0.02086	0.02076	0.01545	0.02203	0.01282	0.01702	0.01072	0.00615	0.00678	0.00205	0.00819	0.00609	0.00336	0.01062
20	0.00867	0.00609	0.00784	0.00910	0.00942	0.00578	0.00590	0.00961	0.01245	0.01660	0.03440	0.60947	0.04107	0.17276	0.01408	0.00357	0.00452	0.01750	0.00590	0.00527
21	0.01572	0.02477	0.27196	0.02477	0.03239	0.05014	0.41070	0.02190	0.01553	0.02141	0.01300	0.01669	0.00968	0.00628	0.00792	0.00226	0.03541	0.00680	0.00325	0.00941
22	0.10052	0.05686	0.13042	0.01653	0.05346	0.05929	0.01448	0.34449	0.02333	0.09586	0.01505	0.01571	0.01084	0.00759	0.00674	0.00206	0.02521	0.00558	0.00549	0.01050
23	0.01533	0.01325	0.02049	0.02661	0.35478	0.01440	0.01483	0.01774	0.01324	0.05124	0.01501	0.02414	0.01443	0.20531	0.01736	0.00344	0.15911	0.00712	0.00374	0.00843
24	0.08880	0.02211	0.11147	0.04891	0.05555	0.16143	0.10121	0.15026	0.11184	0.02607	0.01464	0.01641	0.01114	0.00745	0.00733	0.00214	0.04330	0.00589	0.00453	0.00951

[dist]
# distance from previous block
# <min> <max>
0	7

[block]
# block no. 5 follows, 31 sequences, length 8
# corresponding to MSA columns:
# 371-378
name=unknown_F
#
# <colnr> <probs for GDERKNQSTAVLIFYWHMCP>
#	G	D	E	R	K	N	Q	S	T	A	V	L	I	F	Y	W	H	M	C	P
0	0.01047	0.00819	0.01121	0.08696	0.04966	0.00889	0.00830	0.01171	0.01181	0.01597	0.02488	0.29504	0.02850	0.31008	0.01996	0.00423	0.07136	0.01244	0.00469	0.00565
1	0.01956	0.23910	0.05222	0.04423	0.09051	0.01926	0.09905	0.08034	0.01643	0.13058	0.01396	0.01590	0.01080	0.00723	0.00804	0.00199	0.09598	0.00560	0.00430	0.04490
2	0.01726	0.07792	0.17153	0.11974	0.24475	0.01523	0.01777	0.02189	0.03582	0.11353	0.01462	0.01732	0.01113	0.00765	0.00764	0.04811	0.00798	0.00574	0.00398	0.04037
3	0.00899	0.00653	0.00860	0.00983	0.01076	0.00614	0.00721	0.01083	0.01448	0.01915	0.10675	0.48677	0.10499	0.01982	0.00876	0.00275	0.00433	0.15104	0.00646	0.00582
4	0.00981	0.00717	0.01017	0.01017	0.01111	0.00811	0.00753	0.01169	0.01075	0.01527	0.01908	0.03103	0.01891	0.21586	0.57037	0.00998	0.01561	0.00794	0.00378	0.00565
5	0.07697	0.09828	0.18689	0.05213	0.11465	0.04717	0.01552	0.06935	0.01660	0.14036	0.01834	0.06964	0.03150	0.00847	0.00650	0.00211	0.00766	0.02362	0.00472	0.00950
6	0.01907	0.01868	0.08198	0.06113	0.19455	0.09628	0.01521	0.14185	0.14532	0.05772	0.05142	0.02010	0.01552	0.00781	0.00671	0.00207	0.00766	0.00648	0.04040	0.01003
7	0.01297	0.01034	0.01127	0.01054	0.01276	0.04442	0.00765	0.11752	0.01669	0.02231	0.07753	0.33903	0.06395	0.10257	0.01081	0.00277	0.00531	0.01274	0.00581	0.11302

[dist]
# distance from previous block
# <min> <max>
5	20

[block]
# block no. 6 follows, 31 sequences, length 33
# corresponding to MSA columns:
# 399-431
name=unknown_G
#
# <colnr> <probs for GDERKNQSTAVLIFYWHMCP>
#	G	D	E	R	K	N	Q	S	T	A	V	L	I	F	Y	W	H	M	C	P
0	0.01607	0.12894	0.24718	0.01900	0.07292	0.09705	0.08713	0.04673	0.01590	0.02067	0.01816	0.02413	0.06015	0.00865	0.00750	0.00217	0.04298	0.07198	0.00379	0.00890
1	0.01242	0.03581	0.16149	0.01523	0.04656	0.01104	0.09283	0.01633	0.01471	0.02065	0.04576	0.16929	0.09335	0.01116	0.00718	0.00211	0.00670	0.05451	0.00463	0.17823
2	0.01093	0.01144	0.05802	0.01060	0.01291	0.07907	0.00866	0.01358	0.03204	0.01894	0.05881	0.26235	0.27391	0.01674	0.00814	0.00250	0.00538	0.10369	0.00587	0.00643
3	0.01916	0.30486	0.17683	0.01808	0.08998	0.16327	0.03396	0.02339	0.03949	0.05433	0.01228	0.01390	0.00984	0.00650	0.00574	0.00181	0.00897	0.00477	0.00352	0.00932
4	0.00854	0.00640	0.00815	0.00922	0.01018	0.00601	0.00651	0.01006	0.01354	0.01765	0.04274	0.49589	0.19315	0.02356	0.08502	0.00355	0.00546	0.04262	0.00607	0.00569
5	0.01618	0.18036	0.41092	0.05797	0.09540	0.06669	0.02053	0.02182	0.01487	0.03820	0.01203	0.01427	0.00915	0.00643	0.00610	0.00199	0.00933	0.00493	0.00314	0.00967
6	0.07801	0.07686	0.02149	0.19421	0.21284	0.03121	0.03110	0.07278	0.01564	0.02200	0.01628	0.10164	0.01528	0.00908	0.00739	0.00223	0.03665	0.04259	0.00409	0.00863
7	0.00812	0.00678	0.00709	0.00733	0.00935	0.00574	0.00538	0.00977	0.01521	0.01832	0.06440	0.17296	0.61016	0.01796	0.00819	0.00238	0.00354	0.01522	0.00635	0.00574
8	0.01605	0.01535	0.02617	0.19666	0.56914	0.01602	0.02056	0.02022	0.01516	0.02128	0.01271	0.01722	0.01046	0.00626	0.00679	0.00209	0.00835	0.00609	0.00331	0.01012
9	0.10240	0.02079	0.01910	0.01831	0.09402	0.25990	0.04827	0.05159	0.18222	0.11042	0.01726	0.01768	0.01296	0.00756	0.00644	0.00204	0.00850	0.00587	0.00513	0.00954
10	0.01553	0.13398	0.15208	0.11879	0.05175	0.01694	0.04868	0.06846	0.17302	0.02284	0.01910	0.09304	0.01658	0.00905	0.00676	0.00220	0.00754	0.02983	0.00462	0.00922
11	0.01804	0.01533	0.01671	0.01457	0.01827	0.01798	0.01154	0.12417	0.54385	0.02939	0.02441	0.02323	0.01844	0.00940	0.00848	0.00235	0.07932	0.00735	0.00655	0.01061
12	0.01277	0.01083	0.01258	0.00964	0.01464	0.00831	0.00754	0.01545	0.01427	0.02129	0.02250	0.09478	0.10972	0.00836	0.00584	0.00137	0.00474	0.00700	0.00460	0.61378
13	0.08687	0.01923	0.11471	0.03737	0.08624	0.10344	0.04050	0.12462	0.07401	0.14396	0.08502	0.02066	0.01715	0.00804	0.00667	0.00209	0.00767	0.00651	0.00546	0.00976
14	0.02590	0.02233	0.02026	0.01619	0.02120	0.18882	0.01305	0.53687	0.02915	0.03690	0.01505	0.01546	0.01097	0.00794	0.00668	0.00198	0.00866	0.00575	0.00606	0.01076
15	0.00906	0.00674	0.00844	0.00850	0.00996	0.00611	0.00619	0.01152	0.01717	0.02338	0.43139	0.21989	0.18367	0.01638	0.00823	0.00233	0.00345	0.01443	0.00703	0.00611
16	0.01512	0.01402	0.01694	0.01494	0.01619	0.05655	0.01199	0.10760	0.01495	0.02051	0.02154	0.16099	0.08623	0.01352	0.01537	0.00269	0.38948	0.00932	0.00452	0.00754
17	0.01537	0.18639	0.35332	0.01686	0.02307	0.05537	0.01856	0.02004	0.01353	0.01874	0.01130	0.01482	0.00941	0.02825	0.03001	0.00253	0.16543	0.00511	0.00301	0.00889
18	0.00864	0.00628	0.00827	0.00956	0.01025	0.00574	0.00644	0.00993	0.01316	0.01772	0.03636	0.71604	0.04340	0.02057	0.00854	0.00269	0.00403	0.01864	0.00623	0.04751
19	0.01615	0.01845	0.04037	0.02884	0.03576	0.01730	0.69204	0.02191	0.01615	0.02191	0.01384	0.01845	0.01038	0.00577	0.00807	0.00231	0.01153	0.00807	0.00346	0.00923
20	0.01352	0.00770	0.01040	0.01038	0.01161	0.00758	0.00743	0.01450	0.01349	0.15058	0.02989	0.43695	0.03248	0.07627	0.01314	0.08220	0.05531	0.01406	0.00602	0.00648
21	0.01322	0.01220	0.01088	0.01030	0.01254	0.12900	0.00764	0.01683	0.11814	0.01931	0.10421	0.04089	0.29663	0.01531	0.01115	0.15426	0.00569	0.00994	0.00544	0.00642
22	0.00831	0.00605	0.00784	0.00927	0.00986	0.00558	0.00624	0.00955	0.01334	0.01756	0.04080	0.68772	0.11063	0.02103	0.00867	0.00273	0.00392	0.01896	0.00635	0.00558
23	0.01615	0.01845	0.04037	0.02884	0.03576	0.01730	0.69204	0.02191	0.01615	0.02191	0.01384	0.01845	0.01038	0.00577	0.00807	0.00231	0.01153	0.00807	0.00346	0.00923
24	0.01509	0.01462	0.02045	0.10022	0.36268	0.08424	0.01608	0.01840	0.01554	0.02029	0.02218	0.10237	0.06572	0.01037	0.00738	0.00228	0.00765	0.10144	0.00427	0.00871
25	0.01940	0.01218	0.01299	0.01073	0.01419	0.01299	0.00861	0.31067	0.02233	0.06837	0.02000	0.02146	0.01495	0.00810	0.00578	0.00182	0.00520	0.00631	0.41498	0.00892
26	0.01018	0.00725	0.00844	0.00798	0.01018	0.00634	0.00604	0.01262	0.01747	0.06603	0.34520	0.05682	0.38987	0.01533	0.00800	0.00223	0.00351	0.01308	0.00699	0.00643
27	0.01979	0.01250	0.01388	0.01187	0.01568	0.01333	0.00940	0.11304	0.29814	0.17625	0.02644	0.02529	0.04209	0.00896	0.00649	0.00208	0.00521	0.00729	0.18232	0.00994
28	0.02045	0.46543	0.07702	0.01425	0.01960	0.26621	0.01314	0.02289	0.01580	0.01669	0.01006	0.01167	0.00878	0.00630	0.00514	0.00161	0.00921	0.00401	0.00313	0.00858
29	0.43814	0.01350	0.01290	0.01077	0.01521	0.01477	0.00882	0.13326	0.05105	0.16454	0.01577	0.01600	0.01128	0.00732	0.00534	0.00208	0.00562	0.00509	0.05951	0.00901
30	0.01047	0.00847	0.00951	0.00927	0.01144	0.00834	0.00692	0.01631	0.16421	0.02294	0.23084	0.15445	0.29035	0.01529	0.00793	0.00234	0.00389	0.01317	0.00680	0.00701
31	0.01189	0.00797	0.01112	0.01243	0.01413	0.00787	0.01074	0.01491	0.01581	0.05582	0.03583	0.10805	0.03853	0.01850	0.00928	0.00308	0.00616	0.60494	0.00641	0.00653
32	0.06201	0.01304	0.01625	0.13962	0.06857	0.01437	0.01191	0.23605	0.04292	0.05113	0.01972	0.08249	0.03952	0.03493	0.04704	0.04915	0.00737	0.00765	0.04765	0.00861

[dist]
# distance from previous block
# <min> <max>
0	2

[block]
# block no. 7 follows, 31 sequences, length 28
# corresponding to MSA columns:
# 434-461
name=unknown_H
#
# <colnr> <probs for GDERKNQSTAVLIFYWHMCP>
#	G	D	E	R	K	N	Q	S	T	A	V	L	I	F	Y	W	H	M	C	P
0	0.01754	0.01227	0.01394	0.01225	0.01582	0.01294	0.00982	0.14030	0.24071	0.11930	0.11864	0.03826	0.11961	0.01177	0.00751	0.00232	0.00540	0.08524	0.00705	0.00932
1	0.71173	0.06320	0.01183	0.00929	0.01347	0.01576	0.00776	0.01971	0.01176	0.02891	0.01000	0.01196	0.00803	0.00875	0.04370	0.00255	0.00613	0.00390	0.00412	0.00743
2	0.02206	0.05918	0.02017	0.01532	0.01978	0.02047	0.01262	0.41441	0.19624	0.03492	0.01803	0.01822	0.01347	0.00878	0.00853	0.00220	0.09220	0.00639	0.00621	0.01080
3	0.01746	0.22217	0.14761	0.04990	0.12278	0.05573	0.03974	0.04838	0.05183	0.05226	0.01373	0.03046	0.01116	0.00672	0.00595	0.00182	0.00792	0.00539	0.00386	0.10514
4	0.08047	0.18946	0.15471	0.12725	0.02516	0.03775	0.05169	0.02474	0.19960	0.02224	0.01563	0.01711	0.01204	0.00712	0.00609	0.00206	0.00780	0.00565	0.00417	0.00929
5	0.01237	0.00748	0.01040	0.01010	0.01068	0.00814	0.00717	0.01276	0.08936	0.01445	0.01433	0.02178	0.01339	0.02470	0.10354	0.58696	0.03815	0.00631	0.00351	0.00442
6	0.01613	0.01946	0.10605	0.16044	0.21917	0.11468	0.14724	0.02049	0.01556	0.02017	0.03171	0.04686	0.01304	0.03001	0.00788	0.00228	0.00945	0.00691	0.00354	0.00892
7	0.06781	0.04180	0.12275	0.09610	0.01965	0.04353	0.01186	0.03810	0.03411	0.11563	0.03113	0.15981	0.16673	0.01190	0.00711	0.00227	0.00638	0.00993	0.00536	0.00803
8	0.05835	0.01045	0.01364	0.01095	0.01526	0.00926	0.00888	0.02704	0.01889	0.50434	0.16166	0.03138	0.07910	0.01012	0.00709	0.00214	0.00512	0.00838	0.00794	0.01001
9	0.01282	0.01120	0.01761	0.41092	0.10596	0.01281	0.01531	0.04486	0.01473	0.01919	0.02159	0.11123	0.07003	0.01090	0.00813	0.03384	0.00758	0.05970	0.00413	0.00746
10	0.01566	0.01529	0.07360	0.02175	0.06312	0.01313	0.34559	0.01987	0.01559	0.10391	0.02167	0.21699	0.02046	0.01037	0.00793	0.00239	0.00854	0.01069	0.00479	0.00867
11	0.01922	0.01239	0.01458	0.01230	0.01582	0.01276	0.00980	0.28377	0.02330	0.13908	0.19592	0.14232	0.03216	0.01224	0.00757	0.00225	0.00559	0.04262	0.00716	0.00915
12	0.01615	0.01845	0.04037	0.02884	0.03576	0.01730	0.69204	0.02191	0.01615	0.02191	0.01384	0.01845	0.01038	0.00577	0.00807	0.00231	0.01153	0.00807	0.00346	0.00923
13	0.21938	0.09832	0.01634	0.01355	0.07176	0.01389	0.03623	0.02106	0.10000	0.10197	0.03967	0.11203	0.07760	0.04081	0.00747	0.00235	0.00577	0.00820	0.00531	0.00830
14	0.01471	0.16611	0.54137	0.01844	0.02724	0.01818	0.05217	0.02126	0.01427	0.02046	0.01172	0.01401	0.00878	0.00656	0.00680	0.00208	0.03822	0.00497	0.00293	0.00973
15	0.00872	0.00611	0.00783	0.00904	0.00934	0.00581	0.00583	0.00963	0.01235	0.01647	0.03388	0.58695	0.04043	0.19617	0.01491	0.00369	0.00460	0.01720	0.00583	0.00522
16	0.01886	0.64452	0.08134	0.01258	0.01858	0.06384	0.01265	0.02144	0.01446	0.04431	0.01045	0.01177	0.00910	0.00607	0.00473	0.00155	0.00772	0.00392	0.00317	0.00894
17	0.01629	0.49075	0.20862	0.01380	0.02024	0.02201	0.01509	0.02006	0.01425	0.01802	0.01330	0.01949	0.01228	0.00752	0.00551	0.00184	0.00791	0.08089	0.00331	0.00883
18	0.01702	0.01470	0.01547	0.01392	0.01779	0.01702	0.01083	0.03635	0.70453	0.02862	0.02785	0.02553	0.02088	0.00928	0.00696	0.00232	0.00541	0.00773	0.00696	0.01083
19	0.00920	0.00697	0.00848	0.00810	0.00993	0.00625	0.00608	0.01198	0.01823	0.02474	0.51961	0.05554	0.25990	0.01499	0.00807	0.00220	0.00330	0.01299	0.00718	0.00625
20	0.10783	0.02031	0.09727	0.02521	0.13448	0.09862	0.31887	0.02299	0.01601	0.07292	0.01362	0.01664	0.01024	0.00630	0.00698	0.00215	0.00984	0.00647	0.00385	0.00938
21	0.00995	0.00663	0.00746	0.00746	0.00746	0.00663	0.00415	0.00995	0.00995	0.01327	0.02156	0.04477	0.02487	0.75957	0.03482	0.00663	0.00663	0.00995	0.00415	0.00415
22	0.01041	0.00747	0.01017	0.01078	0.01238	0.00723	0.00895	0.01360	0.01739	0.02364	0.34409	0.06532	0.05082	0.01667	0.00882	0.00270	0.00490	0.37143	0.00686	0.00637
23	0.01292	0.01216	0.02052	0.74312	0.04712	0.01520	0.01900	0.01748	0.01368	0.01748	0.01216	0.01824	0.00912	0.00684	0.00684	0.00228	0.00912	0.00608	0.00304	0.00760
24	0.01632	0.01507	0.01892	0.41186	0.03395	0.09790	0.01561	0.14332	0.01735	0.02190	0.01372	0.01855	0.01078	0.01397	0.11849	0.00352	0.01061	0.00609	0.00390	0.00816
25	0.02680	0.01078	0.01463	0.01151	0.01612	0.00939	0.00939	0.02955	0.01954	0.59285	0.15430	0.02845	0.02577	0.00949	0.00710	0.00212	0.00534	0.00790	0.00829	0.01068
26	0.00906	0.00647	0.00877	0.01035	0.01107	0.00618	0.00761	0.01078	0.01381	0.01827	0.03731	0.57260	0.04367	0.02075	0.00893	0.00288	0.00460	0.19480	0.00634	0.00576
27	0.01495	0.23145	0.53884	0.01740	0.02637	0.01890	0.02162	0.02135	0.01430	0.02017	0.01153	0.01351	0.00870	0.00633	0.00593	0.00198	0.00936	0.00468	0.00290	0.00975

[dist]
# distance from previous block
# <min> <max>
0	1

# created by:
# /home/berkeley/.conda/envs/busco_data_prod/bin/msa2prfl.pl pipeline/OGs_align_augustus/4893/1112.fs
