[name]
unknown

[dist]
# distance from previous block
# <min> <max>
0	16

[block]
# block no. 0 follows, 34 sequences, length 74
# corresponding to MSA columns:
# 16-89
name=unknown_A
#
# <colnr> <probs for GDERKNQSTAVLIFYWHMCP>
#	G	D	E	R	K	N	Q	S	T	A	V	L	I	F	Y	W	H	M	C	P
0	0.07779	0.09153	0.15687	0.01762	0.02355	0.01602	0.22504	0.09630	0.08106	0.04452	0.01656	0.02013	0.03345	0.00720	0.00647	0.00204	0.00806	0.04098	0.00420	0.03060
1	0.06454	0.06324	0.06228	0.01885	0.12168	0.16003	0.08813	0.13260	0.01769	0.05042	0.01524	0.04042	0.01322	0.00786	0.00636	0.00196	0.00812	0.07248	0.00432	0.05058
2	0.03970	0.03907	0.01655	0.01506	0.09625	0.06096	0.06925	0.07919	0.07274	0.10768	0.10536	0.03097	0.18509	0.00971	0.00670	0.00197	0.00594	0.00828	0.00545	0.04409
3	0.03725	0.03833	0.15799	0.01636	0.06034	0.05298	0.05859	0.23710	0.07411	0.06698	0.03320	0.01808	0.03690	0.00729	0.00626	0.00190	0.00736	0.00592	0.00491	0.07813
4	0.03875	0.05659	0.05253	0.02743	0.33861	0.08290	0.10483	0.08898	0.06052	0.02243	0.01281	0.01561	0.01031	0.00652	0.00721	0.00198	0.05307	0.00573	0.00371	0.00947
5	0.01639	0.01604	0.04482	0.09628	0.02204	0.05506	0.06769	0.14366	0.09005	0.02233	0.03765	0.01707	0.01205	0.00908	0.01260	0.00236	0.31631	0.00612	0.00409	0.00832
6	0.29638	0.03892	0.01595	0.04946	0.01809	0.16529	0.01078	0.18479	0.03649	0.04516	0.01171	0.01322	0.00903	0.00714	0.00668	0.00198	0.07154	0.00466	0.00443	0.00829
7	0.01920	0.01602	0.01995	0.16788	0.07900	0.07853	0.06135	0.23327	0.08729	0.08289	0.03965	0.01808	0.01295	0.00757	0.00730	0.00205	0.04661	0.00617	0.00497	0.00926
8	0.08137	0.01198	0.01905	0.59256	0.11279	0.01427	0.01685	0.01706	0.01296	0.01821	0.01134	0.01639	0.00868	0.00629	0.00619	0.00207	0.00807	0.00549	0.00303	0.03534
9	0.00796	0.00573	0.00755	0.00885	0.00937	0.00532	0.00597	0.00924	0.01289	0.01722	0.08790	0.69131	0.06756	0.01959	0.00818	0.00257	0.00368	0.01771	0.00608	0.00532
10	0.01340	0.01148	0.01340	0.00957	0.01531	0.00861	0.00766	0.01627	0.01340	0.02105	0.01148	0.01340	0.00957	0.00479	0.00479	0.00096	0.00479	0.00383	0.00383	0.81242
11	0.00805	0.00648	0.00720	0.00736	0.00917	0.00563	0.00549	0.00994	0.01508	0.01894	0.18027	0.14831	0.49456	0.01634	0.00776	0.00224	0.00340	0.04201	0.00620	0.00557
12	0.01122	0.00561	0.00842	0.00842	0.00842	0.00561	0.00561	0.00842	0.00842	0.01122	0.01122	0.01964	0.01122	0.02245	0.02525	0.81201	0.00561	0.00561	0.00281	0.00281
13	0.01497	0.00797	0.01069	0.00959	0.01210	0.00724	0.00764	0.01785	0.01789	0.22759	0.43573	0.04408	0.04497	0.01235	0.00748	0.00215	0.00413	0.10091	0.00721	0.00747
14	0.00787	0.00562	0.00750	0.00900	0.00937	0.00525	0.00600	0.00900	0.01237	0.01649	0.03561	0.76871	0.04274	0.02024	0.00825	0.00262	0.00375	0.01837	0.00600	0.00525
15	0.18638	0.01731	0.01645	0.01330	0.01789	0.09541	0.01080	0.37688	0.08318	0.09754	0.01542	0.01540	0.01109	0.00739	0.00590	0.00195	0.00685	0.00536	0.00577	0.00973
16	0.01455	0.01145	0.01352	0.00971	0.01540	0.00868	0.00779	0.01739	0.01378	0.07399	0.01252	0.01403	0.01005	0.00502	0.00491	0.00103	0.00484	0.00403	0.00414	0.75318
17	0.04317	0.07796	0.02215	0.32525	0.08472	0.01509	0.11670	0.02087	0.09179	0.08912	0.01635	0.01913	0.03596	0.00691	0.00640	0.00206	0.00773	0.00627	0.00400	0.00837
18	0.01381	0.17974	0.60056	0.01697	0.02573	0.01708	0.02135	0.02024	0.01354	0.01943	0.01108	0.01300	0.00821	0.00602	0.00575	0.00192	0.00903	0.00451	0.00274	0.00930
19	0.01314	0.06438	0.71006	0.01811	0.02749	0.01545	0.02334	0.02042	0.01362	0.02024	0.01149	0.01351	0.00819	0.00611	0.00606	0.00202	0.00944	0.00472	0.00273	0.00950
20	0.04845	0.01441	0.02470	0.08408	0.48257	0.01461	0.10500	0.01933	0.03566	0.02094	0.01447	0.05664	0.01280	0.00702	0.00664	0.00205	0.00770	0.03007	0.00356	0.00929
21	0.01420	0.05196	0.42878	0.02278	0.13854	0.01574	0.14741	0.02125	0.05901	0.02084	0.01280	0.01526	0.00954	0.00610	0.00641	0.00204	0.00913	0.00557	0.00315	0.00950
22	0.02899	0.01100	0.01499	0.01150	0.01649	0.00950	0.00950	0.03149	0.01849	0.73709	0.02549	0.02199	0.01599	0.00800	0.00650	0.00200	0.00550	0.00650	0.00800	0.01100
23	0.01220	0.01148	0.01938	0.75739	0.04450	0.01436	0.01794	0.01651	0.01292	0.01651	0.01148	0.01723	0.00861	0.00646	0.00646	0.00215	0.00861	0.00574	0.00287	0.00718
24	0.01601	0.01478	0.02613	0.02915	0.35896	0.01479	0.19906	0.03994	0.04229	0.06247	0.03330	0.06499	0.01408	0.00736	0.00764	0.00210	0.04637	0.00729	0.00397	0.00932
25	0.02414	0.03079	0.01831	0.01665	0.01998	0.74698	0.01248	0.02580	0.01831	0.01581	0.00999	0.01165	0.00832	0.00666	0.00583	0.00166	0.01165	0.00416	0.00333	0.00749
26	0.00787	0.00562	0.00750	0.00900	0.00937	0.00525	0.00600	0.00900	0.01237	0.01649	0.03561	0.76871	0.04274	0.02024	0.00825	0.00262	0.00375	0.01837	0.00600	0.00525
27	0.01567	0.01502	0.02564	0.10083	0.67397	0.01527	0.01967	0.01955	0.01456	0.02072	0.01210	0.01610	0.01010	0.00582	0.00640	0.00194	0.00776	0.00576	0.00317	0.00997
28	0.01748	0.15376	0.04444	0.02520	0.33717	0.04516	0.03400	0.04108	0.15058	0.06616	0.01514	0.01670	0.01194	0.00652	0.00604	0.00188	0.00719	0.00565	0.00414	0.00978
29	0.01259	0.00885	0.02548	0.01070	0.03093	0.00873	0.00787	0.05438	0.05163	0.07306	0.02295	0.04133	0.02333	0.34765	0.10576	0.00505	0.00753	0.15119	0.00485	0.00615
30	0.02503	0.01240	0.01526	0.01224	0.01688	0.01222	0.00994	0.09020	0.21432	0.48081	0.02486	0.02203	0.01660	0.00819	0.00652	0.00205	0.00553	0.00666	0.00747	0.01078
31	0.01076	0.00931	0.01145	0.01116	0.01241	0.07161	0.00865	0.01290	0.01101	0.01503	0.01631	0.02409	0.01529	0.06235	0.62799	0.00915	0.05448	0.00669	0.00343	0.00593
32	0.08207	0.10627	0.19459	0.02080	0.12183	0.04921	0.17217	0.08694	0.01602	0.07164	0.01276	0.01486	0.00956	0.00616	0.00615	0.00195	0.00851	0.00549	0.00377	0.00925
33	0.01617	0.01799	0.08560	0.03093	0.36467	0.04375	0.24041	0.05993	0.01584	0.02180	0.01311	0.01761	0.01063	0.00616	0.00682	0.00203	0.00893	0.02466	0.00345	0.00951
34	0.01204	0.00602	0.00602	0.00602	0.00753	0.00602	0.00452	0.01506	0.01355	0.02409	0.02108	0.02409	0.01656	0.00753	0.00452	0.00151	0.00301	0.00602	0.80879	0.00602
35	0.11446	0.19787	0.08189	0.03959	0.04276	0.03882	0.01216	0.11316	0.01624	0.12925	0.06218	0.01655	0.01335	0.00752	0.00721	0.00193	0.08647	0.00532	0.00452	0.00873
36	0.01510	0.16432	0.46150	0.01790	0.02581	0.07336	0.09951	0.03527	0.01445	0.01962	0.01126	0.01338	0.00846	0.00602	0.00594	0.00191	0.00934	0.00484	0.00292	0.00910
37	0.00973	0.00765	0.01198	0.01106	0.01246	0.00827	0.06692	0.01189	0.01108	0.01564	0.05433	0.04964	0.01997	0.17314	0.49682	0.00830	0.01366	0.00799	0.00378	0.00569
38	0.00896	0.00660	0.00839	0.00794	0.00954	0.00602	0.00595	0.01184	0.01786	0.02490	0.64967	0.04993	0.14114	0.01359	0.00762	0.00205	0.00308	0.01192	0.00698	0.00602
39	0.01576	0.04922	0.12146	0.10843	0.36175	0.01552	0.15565	0.02030	0.01461	0.05674	0.01274	0.01617	0.00992	0.00593	0.00652	0.00199	0.00852	0.00594	0.00334	0.00948
40	0.02771	0.05106	0.04138	0.01181	0.01700	0.01080	0.01016	0.04942	0.01838	0.65583	0.02389	0.02093	0.01519	0.00780	0.00636	0.00197	0.00576	0.00626	0.00750	0.01081
41	0.01024	0.00727	0.01002	0.01139	0.01271	0.00726	0.00971	0.01289	0.01432	0.01866	0.03308	0.09435	0.03621	0.08229	0.01094	0.00324	0.00590	0.60798	0.00578	0.00575
42	0.02173	0.00942	0.01274	0.01044	0.01416	0.00831	0.00846	0.02442	0.01824	0.47414	0.24989	0.03295	0.03139	0.01016	0.00698	0.00206	0.00474	0.04298	0.00761	0.00918
43	0.01703	0.25788	0.32418	0.01528	0.02196	0.14943	0.01656	0.02233	0.05899	0.04306	0.01191	0.01323	0.00924	0.00627	0.00551	0.00178	0.00870	0.00448	0.00327	0.00889
44	0.01204	0.00602	0.00602	0.00602	0.00753	0.00602	0.00452	0.01506	0.01355	0.02409	0.02108	0.02409	0.01656	0.00753	0.00452	0.00151	0.00301	0.00602	0.80879	0.00602
45	0.02717	0.01392	0.01681	0.01288	0.01795	0.01384	0.01064	0.31137	0.02339	0.45030	0.02138	0.01932	0.01393	0.00790	0.00648	0.00197	0.00616	0.00622	0.00737	0.01099
46	0.01550	0.01488	0.02525	0.12065	0.63275	0.01537	0.01944	0.01932	0.01436	0.02042	0.01197	0.01608	0.01000	0.00600	0.00685	0.00197	0.03048	0.00575	0.00315	0.00979
47	0.01847	0.01416	0.10014	0.01557	0.05466	0.02655	0.12120	0.02267	0.05358	0.27936	0.04971	0.12685	0.06819	0.00973	0.00698	0.00213	0.00655	0.00875	0.00579	0.00897
48	0.01854	0.02159	0.02072	0.01770	0.01969	0.33263	0.07266	0.02040	0.01398	0.01610	0.00952	0.01335	0.00853	0.00881	0.01343	0.00227	0.37444	0.00518	0.00308	0.00739
49	0.81856	0.01250	0.00950	0.00850	0.01250	0.01449	0.00700	0.01899	0.01100	0.02899	0.00900	0.01050	0.00700	0.00600	0.00400	0.00200	0.00500	0.00350	0.00400	0.00700
50	0.00842	0.00627	0.00791	0.00867	0.00982	0.00576	0.00636	0.01029	0.01443	0.01901	0.18377	0.37433	0.19658	0.01764	0.00807	0.00245	0.00379	0.10466	0.00622	0.00556
51	0.01663	0.01564	0.02475	0.09995	0.60570	0.05303	0.01885	0.02034	0.01490	0.05025	0.01254	0.01612	0.01023	0.00596	0.00638	0.00193	0.00787	0.00570	0.00338	0.00986
52	0.01005	0.00667	0.00864	0.00830	0.00986	0.00613	0.00616	0.01275	0.01718	0.06057	0.54968	0.14873	0.07245	0.01381	0.00753	0.00210	0.00328	0.01221	0.03770	0.00621
53	0.00940	0.00626	0.00705	0.00705	0.00705	0.00626	0.00392	0.00940	0.00940	0.01253	0.02036	0.04228	0.02349	0.77292	0.03289	0.00626	0.00626	0.00940	0.00392	0.00392
54	0.01340	0.01148	0.01340	0.00957	0.01531	0.00861	0.00766	0.01627	0.01340	0.02105	0.01148	0.01340	0.00957	0.00479	0.00479	0.00096	0.00479	0.00383	0.00383	0.81242
55	0.02496	0.01289	0.01614	0.01453	0.07784	0.03792	0.01073	0.05408	0.15975	0.48389	0.02362	0.02132	0.01581	0.00790	0.00648	0.00202	0.00588	0.00649	0.00708	0.01065
56	0.01204	0.00602	0.00602	0.00602	0.00753	0.00602	0.00452	0.01506	0.01355	0.02409	0.02108	0.02409	0.01656	0.00753	0.00452	0.00151	0.00301	0.00602	0.80879	0.00602
57	0.01916	0.35530	0.13910	0.01472	0.02013	0.27308	0.03247	0.04543	0.01565	0.01726	0.01008	0.01169	0.00842	0.00609	0.00521	0.00162	0.00908	0.00410	0.00309	0.00832
58	0.05950	0.01661	0.10907	0.01990	0.16474	0.01389	0.09913	0.13174	0.01729	0.11187	0.03455	0.01668	0.01191	0.00640	0.00614	0.00181	0.00713	0.00565	0.00453	0.16146
59	0.01454	0.01761	0.11655	0.02254	0.02880	0.01433	0.48259	0.01955	0.01473	0.03959	0.01500	0.08075	0.01256	0.00680	0.00720	0.00208	0.00941	0.00781	0.00362	0.08395
60	0.01297	0.01227	0.02077	0.61126	0.18461	0.01456	0.01833	0.01718	0.01328	0.01745	0.01162	0.01698	0.00894	0.00632	0.00645	0.00211	0.00842	0.00575	0.00294	0.00780
61	0.01787	0.43112	0.10388	0.05259	0.04489	0.08261	0.03287	0.04928	0.01490	0.07075	0.01315	0.01445	0.03406	0.00639	0.00519	0.00165	0.00760	0.00465	0.00350	0.00859
62	0.01645	0.04696	0.15579	0.13011	0.33735	0.01492	0.07531	0.02093	0.01470	0.10581	0.01351	0.01635	0.01021	0.00616	0.00638	0.00199	0.00812	0.00573	0.00363	0.00958
63	0.01041	0.00744	0.01041	0.01190	0.01339	0.00744	0.01041	0.01339	0.01487	0.01934	0.03421	0.07288	0.03719	0.01785	0.00892	0.00297	0.00595	0.68913	0.00595	0.00595
64	0.08042	0.01321	0.01848	0.10021	0.24685	0.01372	0.01352	0.13367	0.03760	0.14961	0.11006	0.02116	0.01792	0.00764	0.00641	0.00199	0.00641	0.00655	0.00520	0.00936
65	0.03706	0.12315	0.42093	0.05630	0.07450	0.04292	0.04593	0.08783	0.01541	0.02169	0.01161	0.01374	0.00867	0.00620	0.00594	0.00194	0.00880	0.00488	0.00321	0.00928
66	0.01204	0.00602	0.00602	0.00602	0.00753	0.00602	0.00452	0.01506	0.01355	0.02409	0.02108	0.02409	0.01656	0.00753	0.00452	0.00151	0.00301	0.00602	0.80879	0.00602
67	0.00790	0.00602	0.00730	0.00828	0.00933	0.00542	0.00582	0.00929	0.01329	0.01695	0.04584	0.49413	0.27943	0.01880	0.00807	0.00249	0.00368	0.04662	0.00600	0.00535
68	0.00836	0.00614	0.00826	0.00997	0.02788	0.00577	0.00681	0.00981	0.01286	0.01700	0.03657	0.62624	0.08075	0.01937	0.00825	0.00262	0.00408	0.09787	0.00592	0.00547
69	0.01346	0.00901	0.01016	0.00886	0.01052	0.00901	0.00599	0.13151	0.01386	0.05972	0.01907	0.03407	0.01973	0.53236	0.02445	0.00483	0.00624	0.00814	0.00458	0.07445
70	0.00926	0.00680	0.00975	0.00975	0.01068	0.00773	0.00728	0.01113	0.01020	0.01453	0.01789	0.02860	0.01755	0.18643	0.61125	0.00960	0.01520	0.00739	0.00355	0.00542
71	0.01462	0.01642	0.03552	0.02568	0.03169	0.01539	0.64922	0.01970	0.01501	0.02034	0.01499	0.08146	0.01261	0.00671	0.00768	0.00222	0.01028	0.00854	0.00350	0.00842
72	0.11607	0.03397	0.01463	0.01542	0.12045	0.10112	0.01031	0.02145	0.20079	0.02291	0.12481	0.10334	0.04839	0.01001	0.00650	0.00209	0.00583	0.02866	0.00524	0.00802
73	0.01706	0.73911	0.06964	0.01143	0.01716	0.02503	0.01171	0.01940	0.01315	0.01547	0.00912	0.01053	0.00829	0.00556	0.00425	0.00142	0.00704	0.00352	0.00276	0.00836

[dist]
# distance from previous block
# <min> <max>
0	1

[block]
# block no. 1 follows, 34 sequences, length 23
# corresponding to MSA columns:
# 91-113
name=unknown_B
#
# <colnr> <probs for GDERKNQSTAVLIFYWHMCP>
#	G	D	E	R	K	N	Q	S	T	A	V	L	I	F	Y	W	H	M	C	P
0	0.01676	0.01745	0.10115	0.06622	0.46023	0.01618	0.01843	0.12798	0.04425	0.02392	0.01301	0.01598	0.01036	0.00645	0.00689	0.00199	0.03326	0.00572	0.00376	0.01002
1	0.01102	0.00960	0.01103	0.01074	0.01188	0.08525	0.00808	0.01283	0.01102	0.01469	0.01670	0.02636	0.01627	0.16579	0.51827	0.00846	0.04583	0.00700	0.00350	0.00569
2	0.00797	0.00570	0.00759	0.00893	0.00939	0.00532	0.00601	0.00925	0.01285	0.01725	0.09147	0.71068	0.04420	0.01968	0.00820	0.00258	0.00369	0.01783	0.00609	0.00532
3	0.01727	0.77681	0.03386	0.01106	0.01658	0.02557	0.01106	0.01935	0.01313	0.01520	0.00898	0.01036	0.00829	0.00553	0.00415	0.00138	0.00691	0.00345	0.00276	0.00829
4	0.01674	0.14344	0.16553	0.03358	0.02157	0.05214	0.12664	0.02060	0.01497	0.13805	0.06955	0.04346	0.01652	0.00827	0.00748	0.00206	0.05958	0.04694	0.00435	0.00851
5	0.01369	0.02830	0.51500	0.02124	0.02982	0.01543	0.24318	0.02054	0.01416	0.02054	0.01207	0.01485	0.00870	0.00592	0.00661	0.00209	0.00998	0.00569	0.00290	0.00928
6	0.01245	0.01139	0.01917	0.64363	0.09967	0.01381	0.01722	0.01621	0.01275	0.01652	0.01152	0.01730	0.00894	0.00754	0.00780	0.06002	0.00832	0.00573	0.00289	0.00712
7	0.01759	0.74280	0.03315	0.01131	0.01674	0.05846	0.01112	0.01964	0.01337	0.01523	0.00903	0.01042	0.00829	0.00558	0.00422	0.00139	0.00713	0.00349	0.00279	0.00826
8	0.01315	0.01210	0.02031	0.08091	0.43144	0.01215	0.04050	0.01623	0.01387	0.01932	0.01949	0.25187	0.02028	0.01033	0.00703	0.00217	0.00663	0.00977	0.00405	0.00840
9	0.00787	0.00653	0.00692	0.00704	0.00903	0.00557	0.00529	0.00963	0.01483	0.01807	0.10953	0.10819	0.60824	0.01646	0.00773	0.00223	0.00340	0.04184	0.00608	0.00551
10	0.00872	0.00659	0.00804	0.00768	0.00939	0.00591	0.00576	0.01136	0.01728	0.02351	0.54083	0.05222	0.25085	0.01410	0.00763	0.00207	0.00311	0.01224	0.00680	0.00591
11	0.01203	0.01778	0.22695	0.04827	0.02428	0.01215	0.24678	0.01663	0.01399	0.01946	0.05186	0.23865	0.02131	0.01039	0.00734	0.00226	0.00796	0.01008	0.00408	0.00775
12	0.01447	0.01697	0.12056	0.31153	0.23855	0.04692	0.06601	0.03767	0.03130	0.01955	0.01271	0.03213	0.01015	0.00653	0.00649	0.00206	0.00853	0.00598	0.00325	0.00864
13	0.01545	0.01480	0.02524	0.14290	0.63363	0.01521	0.01956	0.01935	0.01445	0.02045	0.01206	0.01617	0.01000	0.00586	0.00641	0.00195	0.00781	0.00575	0.00315	0.00980
14	0.00772	0.00643	0.00667	0.00684	0.00875	0.00546	0.00500	0.00925	0.01430	0.01720	0.06072	0.14140	0.63095	0.03972	0.00847	0.00236	0.00342	0.01404	0.00594	0.00538
15	0.06405	0.10005	0.21546	0.01710	0.02330	0.14669	0.14273	0.05330	0.01612	0.14092	0.01367	0.01496	0.00989	0.00642	0.00611	0.00192	0.00886	0.00532	0.00406	0.00906
16	0.01606	0.01333	0.05129	0.21375	0.30068	0.01302	0.01589	0.03998	0.01501	0.12919	0.01801	0.09443	0.03485	0.00813	0.00664	0.00208	0.00712	0.00733	0.00429	0.00892
17	0.00929	0.00642	0.00889	0.01065	0.04161	0.00608	0.00707	0.01074	0.01282	0.04674	0.03355	0.64180	0.03910	0.01978	0.02963	0.00281	0.00452	0.05685	0.00588	0.00576
18	0.01282	0.04932	0.61629	0.01868	0.06795	0.01447	0.02177	0.01942	0.01358	0.02003	0.01361	0.07808	0.01126	0.00730	0.00628	0.00207	0.00887	0.00596	0.00304	0.00919
19	0.01469	0.15678	0.33658	0.02153	0.14084	0.01687	0.13058	0.03857	0.01439	0.02007	0.01255	0.04492	0.01029	0.00648	0.00617	0.00195	0.00869	0.00575	0.00313	0.00917
20	0.01384	0.04546	0.02899	0.10652	0.11536	0.01447	0.39331	0.01813	0.01448	0.01943	0.01748	0.10719	0.03559	0.00806	0.00732	0.00219	0.00886	0.03153	0.00368	0.00812
21	0.01035	0.00879	0.00987	0.01111	0.05338	0.06956	0.00746	0.01228	0.01442	0.01897	0.17831	0.34601	0.09213	0.03920	0.03886	0.00274	0.00517	0.04082	0.03461	0.00597
22	0.01735	0.06293	0.02476	0.16476	0.28788	0.15811	0.10480	0.02084	0.01510	0.04840	0.01201	0.01544	0.00959	0.00623	0.00665	0.00194	0.02551	0.00557	0.00334	0.00878

[dist]
# distance from previous block
# <min> <max>
0	12

# created by:
# /home/berkeley/.conda/envs/busco_data_prod/bin/msa2prfl.pl pipeline/OGs_align_augustus/4893/11133.fs
