[name]
unknown

[dist]
# distance from previous block
# <min> <max>
0	18

[block]
# block no. 0 follows, 34 sequences, length 16
# corresponding to MSA columns:
# 18-33
name=unknown_A
#
# <colnr> <probs for GDERKNQSTAVLIFYWHMCP>
#	G	D	E	R	K	N	Q	S	T	A	V	L	I	F	Y	W	H	M	C	P
0	0.03942	0.00940	0.01312	0.04738	0.08163	0.00906	0.04573	0.03083	0.04001	0.11019	0.25056	0.07921	0.17934	0.01179	0.00720	0.00212	0.00482	0.02483	0.00600	0.00736
1	0.12337	0.01144	0.01160	0.02935	0.01375	0.05617	0.00777	0.07893	0.06550	0.12250	0.02128	0.06383	0.05632	0.13296	0.01019	0.00257	0.00557	0.00713	0.09658	0.08319
2	0.01299	0.01187	0.01961	0.41220	0.25335	0.01334	0.01645	0.01679	0.01373	0.01870	0.06835	0.02080	0.01423	0.04740	0.00787	0.00227	0.00759	0.00641	0.02821	0.00784
3	0.01220	0.01148	0.01938	0.75739	0.04450	0.01436	0.01794	0.01651	0.01292	0.01651	0.01148	0.01723	0.00861	0.00646	0.00646	0.00215	0.00861	0.00574	0.00287	0.00718
4	0.39740	0.01488	0.01377	0.01137	0.01571	0.05424	0.00927	0.24537	0.01862	0.11586	0.01402	0.03898	0.01063	0.00732	0.00534	0.00198	0.00605	0.00514	0.00531	0.00874
5	0.00806	0.00658	0.00716	0.00729	0.00925	0.00569	0.00556	0.00996	0.01507	0.01861	0.14385	0.09410	0.55855	0.01627	0.00777	0.00225	0.00349	0.06879	0.00613	0.00557
6	0.01414	0.01414	0.01979	0.01696	0.01696	0.01979	0.01414	0.01555	0.00990	0.01555	0.00848	0.01414	0.00848	0.01131	0.02120	0.00283	0.76110	0.00565	0.00283	0.00707
7	0.01592	0.01283	0.01428	0.04677	0.01732	0.01445	0.01026	0.08767	0.48296	0.05185	0.08689	0.02901	0.03983	0.00968	0.00682	0.00220	0.00529	0.05009	0.00644	0.00944
8	0.00907	0.00659	0.00858	0.00834	0.00982	0.00610	0.00630	0.01193	0.01754	0.02451	0.61119	0.09530	0.09014	0.01409	0.00774	0.00213	0.00328	0.05441	0.00692	0.00600
9	0.01340	0.01148	0.01340	0.00957	0.01531	0.00861	0.00766	0.01627	0.01340	0.02105	0.01148	0.01340	0.00957	0.00479	0.00479	0.00096	0.00479	0.00383	0.00383	0.81242
10	0.01541	0.01459	0.02390	0.14889	0.54764	0.01527	0.01850	0.02088	0.09089	0.02103	0.01358	0.01706	0.01101	0.00619	0.00643	0.00199	0.00755	0.00592	0.00351	0.00976
11	0.00785	0.00571	0.00741	0.00878	0.00931	0.00527	0.00590	0.00902	0.01258	0.01658	0.03831	0.70483	0.10487	0.01989	0.00819	0.00258	0.00371	0.01794	0.00600	0.00527
12	0.01519	0.01283	0.01512	0.01380	0.10204	0.04496	0.00955	0.01910	0.06254	0.06641	0.01532	0.01665	0.03643	0.00588	0.00536	0.00130	0.00547	0.00483	0.00426	0.54297
13	0.14109	0.05312	0.02112	0.01712	0.02121	0.47985	0.13656	0.02363	0.01648	0.01864	0.01036	0.01247	0.00839	0.00630	0.00581	0.00180	0.01035	0.00466	0.00340	0.00767
14	0.04200	0.05197	0.01290	0.01036	0.01345	0.08045	0.00814	0.07630	0.03252	0.18181	0.11954	0.09184	0.16697	0.03878	0.04168	0.00255	0.00594	0.00916	0.00596	0.00769
15	0.02100	0.03722	0.06462	0.01806	0.11705	0.07759	0.04763	0.26678	0.05458	0.13694	0.04310	0.01908	0.01398	0.00802	0.00699	0.02394	0.00735	0.02089	0.00542	0.00977

[dist]
# distance from previous block
# <min> <max>
0	1

[block]
# block no. 1 follows, 34 sequences, length 82
# corresponding to MSA columns:
# 35-116
name=unknown_B
#
# <colnr> <probs for GDERKNQSTAVLIFYWHMCP>
#	G	D	E	R	K	N	Q	S	T	A	V	L	I	F	Y	W	H	M	C	P
0	0.00787	0.00562	0.00750	0.00900	0.00937	0.00525	0.00600	0.00900	0.01237	0.01649	0.03561	0.76871	0.04274	0.02024	0.00825	0.00262	0.00375	0.01837	0.00600	0.00525
1	0.01591	0.01279	0.03440	0.04107	0.06535	0.01273	0.09538	0.18486	0.05424	0.08121	0.06529	0.17932	0.08603	0.01111	0.00755	0.00219	0.02683	0.00978	0.00557	0.00838
2	0.01669	0.07782	0.10110	0.14470	0.12283	0.03894	0.19578	0.02263	0.09214	0.10135	0.01496	0.01730	0.01111	0.00643	0.00653	0.00203	0.00840	0.00615	0.00400	0.00910
3	0.01798	0.04723	0.08165	0.06853	0.13351	0.19403	0.17827	0.09847	0.03775	0.02178	0.04881	0.01679	0.01227	0.00666	0.00653	0.00194	0.00921	0.00600	0.00383	0.00877
4	0.81856	0.01250	0.00950	0.00850	0.01250	0.01449	0.00700	0.01899	0.01100	0.02899	0.00900	0.01050	0.00700	0.00600	0.00400	0.00200	0.00500	0.00350	0.00400	0.00700
5	0.00786	0.00655	0.00686	0.00678	0.00887	0.00555	0.00509	0.00971	0.01527	0.01873	0.16569	0.06008	0.62896	0.01589	0.00763	0.00216	0.00324	0.01334	0.00617	0.00555
6	0.01346	0.01181	0.01483	0.03281	0.01704	0.00941	0.03900	0.01645	0.01338	0.02077	0.01148	0.01371	0.00952	0.00503	0.00537	0.00109	0.02417	0.00410	0.00375	0.73284
7	0.04206	0.02144	0.02134	0.06474	0.23344	0.32758	0.05005	0.02165	0.01558	0.01832	0.01079	0.01382	0.00903	0.00660	0.00734	0.00187	0.07436	0.00499	0.00326	0.05174
8	0.00844	0.00658	0.00766	0.00739	0.00922	0.00580	0.00554	0.01083	0.01662	0.02195	0.41860	0.05478	0.37405	0.01469	0.00763	0.00210	0.00315	0.01260	0.00659	0.00580
9	0.00838	0.00601	0.00814	0.00934	0.00990	0.00591	0.00656	0.00977	0.01213	0.01629	0.03196	0.55891	0.03729	0.06765	0.11687	0.00399	0.00605	0.07407	0.00551	0.00531
10	0.02456	0.01810	0.01939	0.01487	0.02004	0.02004	0.01228	0.71107	0.03038	0.04072	0.01551	0.01551	0.01099	0.00776	0.00646	0.00194	0.00711	0.00582	0.00646	0.01099
11	0.11802	0.01301	0.01531	0.01250	0.03724	0.02972	0.00989	0.15482	0.01940	0.42249	0.03887	0.01918	0.01446	0.00756	0.00610	0.00191	0.00584	0.00591	0.00671	0.06107
12	0.09669	0.04026	0.05856	0.02143	0.21295	0.13995	0.05695	0.12197	0.01743	0.09050	0.01430	0.03792	0.01158	0.00709	0.00615	0.00192	0.00785	0.02092	0.00435	0.03123
13	0.72205	0.01249	0.01014	0.00896	0.01300	0.01429	0.00734	0.02068	0.05423	0.07206	0.01105	0.01202	0.00831	0.00629	0.00431	0.00201	0.00504	0.00391	0.00440	0.00744
14	0.00931	0.00623	0.00707	0.00716	0.00719	0.00620	0.00404	0.00937	0.00957	0.01276	0.02127	0.08546	0.02463	0.72819	0.03142	0.00605	0.00611	0.00993	0.00404	0.00399
15	0.01846	0.11057	0.04547	0.06544	0.33177	0.17996	0.04775	0.08702	0.01672	0.02082	0.01160	0.01437	0.00948	0.00616	0.00606	0.00183	0.00867	0.00519	0.00346	0.00921
16	0.01135	0.00923	0.01173	0.04959	0.01446	0.00928	0.04659	0.01752	0.17627	0.04456	0.21144	0.06470	0.26392	0.01262	0.00735	0.00217	0.00450	0.02942	0.00615	0.00715
17	0.01700	0.00826	0.01053	0.00922	0.01200	0.00753	0.00716	0.02002	0.03886	0.28892	0.21385	0.11960	0.06747	0.01119	0.00674	0.00202	0.00411	0.00958	0.13804	0.00791
18	0.01122	0.00561	0.00842	0.00842	0.00842	0.00561	0.00561	0.00842	0.00842	0.01122	0.01122	0.01964	0.01122	0.02245	0.02525	0.81201	0.00561	0.00561	0.00281	0.00281
19	0.01716	0.09986	0.06126	0.01492	0.06252	0.19355	0.01151	0.07733	0.18445	0.02135	0.05617	0.06180	0.01742	0.06244	0.02839	0.00245	0.00772	0.00675	0.00464	0.00831
20	0.01620	0.34274	0.16804	0.01809	0.02458	0.06316	0.24259	0.02038	0.01423	0.01804	0.01088	0.01338	0.00877	0.00568	0.00576	0.00179	0.00900	0.00511	0.00296	0.00862
21	0.01264	0.01240	0.02262	0.06288	0.02271	0.01350	0.26724	0.01691	0.04832	0.01787	0.01465	0.02037	0.01250	0.02303	0.29395	0.00542	0.11529	0.00696	0.00343	0.00734
22	0.01525	0.01743	0.03813	0.02723	0.03377	0.01634	0.70915	0.02070	0.01525	0.02070	0.01307	0.01743	0.00980	0.00545	0.00763	0.00218	0.01089	0.00763	0.00327	0.00871
23	0.03789	0.05362	0.04853	0.15983	0.29841	0.01535	0.16736	0.01957	0.05227	0.02016	0.01403	0.05841	0.01192	0.00679	0.00660	0.00205	0.00813	0.00673	0.00348	0.00886
24	0.01203	0.00902	0.01160	0.01103	0.01279	0.03135	0.00858	0.09965	0.01354	0.03920	0.01884	0.09442	0.01780	0.03828	0.54099	0.00809	0.01423	0.00778	0.00420	0.00657
25	0.00865	0.00671	0.00813	0.00936	0.01002	0.03142	0.00650	0.01001	0.01291	0.01689	0.05516	0.63453	0.06463	0.02020	0.03170	0.00282	0.00454	0.05454	0.00585	0.00541
26	0.01162	0.00609	0.00620	0.00617	0.00772	0.00599	0.00463	0.01455	0.01389	0.02379	0.06324	0.02775	0.06227	0.00838	0.00488	0.00158	0.00303	0.00680	0.71545	0.00599
27	0.01728	0.58145	0.11883	0.01390	0.05461	0.08695	0.01320	0.02007	0.01373	0.01620	0.00955	0.01117	0.00838	0.00571	0.00465	0.00152	0.00769	0.00380	0.00283	0.00847
28	0.01578	0.01514	0.02584	0.07967	0.69426	0.01530	0.01972	0.01964	0.01461	0.02085	0.01212	0.01606	0.01014	0.00580	0.00640	0.00193	0.00773	0.00576	0.00318	0.01006
29	0.00787	0.00562	0.00750	0.00900	0.00937	0.00525	0.00600	0.00900	0.01237	0.01649	0.03561	0.76871	0.04274	0.02024	0.00825	0.00262	0.00375	0.01837	0.00600	0.00525
30	0.01757	0.01613	0.01536	0.01367	0.01739	0.10137	0.01063	0.07833	0.59329	0.02663	0.02368	0.02209	0.01782	0.00845	0.00648	0.00211	0.00601	0.00684	0.00619	0.00996
31	0.00835	0.00597	0.00803	0.00946	0.01006	0.00565	0.00675	0.00985	0.01300	0.01730	0.05932	0.62540	0.04242	0.01959	0.00834	0.00266	0.00410	0.13231	0.00603	0.00540
32	0.02524	0.01185	0.01420	0.01151	0.01570	0.06986	0.00925	0.02760	0.01776	0.55946	0.06727	0.07438	0.01994	0.01046	0.03251	0.00231	0.00615	0.00745	0.00726	0.00983
33	0.01642	0.01384	0.01469	0.01302	0.01668	0.01586	0.01017	0.09149	0.62219	0.02815	0.06455	0.02471	0.02127	0.00893	0.00662	0.00216	0.00517	0.00742	0.00660	0.01006
34	0.02624	0.01424	0.01608	0.01280	0.01748	0.07371	0.01048	0.19261	0.03990	0.45498	0.02227	0.02222	0.01533	0.00835	0.00656	0.00201	0.00641	0.04080	0.00710	0.01042
35	0.81856	0.01250	0.00950	0.00850	0.01250	0.01449	0.00700	0.01899	0.01100	0.02899	0.00900	0.01050	0.00700	0.00600	0.00400	0.00200	0.00500	0.00350	0.00400	0.00700
36	0.01668	0.01466	0.01787	0.01500	0.01913	0.01644	0.09534	0.08918	0.57752	0.02740	0.02379	0.02258	0.01779	0.00828	0.00669	0.00217	0.00598	0.00722	0.00616	0.01011
37	0.02216	0.04231	0.05439	0.01372	0.01881	0.01678	0.01169	0.36313	0.16653	0.15283	0.01876	0.01798	0.01330	0.00769	0.00631	0.00194	0.00643	0.00600	0.00629	0.05296
38	0.00952	0.00697	0.00850	0.00965	0.01040	0.03167	0.00686	0.01091	0.01295	0.03736	0.03329	0.57317	0.03877	0.06467	0.00971	0.00285	0.00456	0.11687	0.00583	0.00552
39	0.01296	0.03342	0.73944	0.01842	0.02797	0.01501	0.02387	0.02046	0.01364	0.02046	0.01160	0.01364	0.00818	0.00614	0.00614	0.00205	0.00955	0.00477	0.00273	0.00955
40	0.04852	0.01744	0.01879	0.01444	0.01957	0.01914	0.01193	0.64348	0.02898	0.08851	0.01601	0.01581	0.01122	0.00772	0.00639	0.00195	0.00694	0.00580	0.00650	0.01087
41	0.01013	0.00817	0.01068	0.01076	0.01203	0.04543	0.00843	0.01240	0.01128	0.01546	0.01901	0.03079	0.01845	0.06745	0.59945	0.00894	0.01532	0.08624	0.00376	0.00581
42	0.00862	0.00631	0.00865	0.00941	0.00997	0.00660	0.00661	0.01000	0.01135	0.01556	0.02751	0.43628	0.03143	0.11397	0.24161	0.00546	0.02699	0.01347	0.00489	0.00530
43	0.01340	0.01148	0.01340	0.00957	0.01531	0.00861	0.00766	0.01627	0.01340	0.02105	0.01148	0.01340	0.00957	0.00479	0.00479	0.00096	0.00479	0.00383	0.00383	0.81242
44	0.00940	0.00626	0.00705	0.00705	0.00705	0.00626	0.00392	0.00940	0.00940	0.01253	0.02036	0.04228	0.02349	0.77292	0.03289	0.00626	0.00626	0.00940	0.00392	0.00392
45	0.01414	0.01414	0.01979	0.01696	0.01696	0.01979	0.01414	0.01555	0.00990	0.01555	0.00848	0.01414	0.00848	0.01131	0.02120	0.00283	0.76110	0.00565	0.00283	0.00707
46	0.00774	0.00613	0.00698	0.00766	0.00902	0.00536	0.00540	0.00915	0.01366	0.01702	0.05189	0.38323	0.41770	0.01813	0.00791	0.00238	0.00349	0.01579	0.00600	0.00536
47	0.00853	0.00638	0.00798	0.00843	0.00976	0.00583	0.00626	0.01063	0.01523	0.02024	0.27868	0.27779	0.21285	0.01666	0.00796	0.00236	0.00364	0.08877	0.00637	0.00566
48	0.00787	0.00562	0.00750	0.00900	0.00937	0.00525	0.00600	0.00900	0.01237	0.01649	0.03561	0.76871	0.04274	0.02024	0.00825	0.00262	0.00375	0.01837	0.00600	0.00525
49	0.02051	0.02363	0.02173	0.04900	0.20460	0.40455	0.05687	0.06144	0.01718	0.01888	0.01100	0.01368	0.00907	0.00669	0.00707	0.00186	0.05538	0.00502	0.00342	0.00843
50	0.01685	0.01371	0.01463	0.01305	0.01678	0.01567	0.01018	0.03416	0.67838	0.07006	0.02625	0.02398	0.01950	0.00872	0.00657	0.00218	0.00514	0.00726	0.00666	0.01027
51	0.02782	0.01187	0.01605	0.01349	0.06019	0.01075	0.01036	0.08902	0.01928	0.63402	0.02383	0.02107	0.01522	0.00784	0.00649	0.00199	0.00577	0.00639	0.00757	0.01095
52	0.11377	0.01583	0.02396	0.07383	0.52668	0.05958	0.05410	0.01995	0.01441	0.02147	0.01165	0.01521	0.00961	0.00586	0.00614	0.00194	0.00781	0.00548	0.00329	0.00942
53	0.01699	0.09864	0.02439	0.15575	0.40594	0.15191	0.01721	0.02031	0.01490	0.01871	0.01130	0.01480	0.00939	0.00602	0.00606	0.00185	0.00849	0.00521	0.00312	0.00899
54	0.01638	0.01308	0.01707	0.05525	0.06238	0.01182	0.05468	0.11196	0.05356	0.07581	0.01397	0.01550	0.01077	0.00582	0.00560	0.00143	0.00594	0.00494	0.00450	0.45953
55	0.01122	0.05456	0.01135	0.00966	0.01066	0.00978	0.00700	0.06201	0.01197	0.01618	0.02043	0.12343	0.02237	0.37258	0.12650	0.00534	0.07155	0.04369	0.00423	0.00549
56	0.01448	0.01659	0.05857	0.02560	0.06780	0.01506	0.56694	0.01950	0.01496	0.02036	0.01553	0.06965	0.01333	0.00709	0.00762	0.00223	0.00995	0.04272	0.00356	0.00845
57	0.02229	0.01532	0.01689	0.01365	0.01824	0.01674	0.01105	0.34674	0.27671	0.15965	0.02117	0.01976	0.01502	0.00816	0.00651	0.00204	0.00611	0.00647	0.00678	0.01072
58	0.01899	0.02223	0.01907	0.01681	0.01843	0.37302	0.01333	0.02053	0.01398	0.01568	0.00921	0.01293	0.00840	0.00905	0.01373	0.00226	0.39706	0.00493	0.00307	0.00727
59	0.00792	0.00656	0.00694	0.00684	0.00890	0.00558	0.00513	0.00982	0.01540	0.01905	0.19054	0.05956	0.60392	0.01577	0.00763	0.00215	0.00323	0.01327	0.00621	0.00558
60	0.00940	0.00626	0.00705	0.00705	0.00705	0.00626	0.00392	0.00940	0.00940	0.01253	0.02036	0.04228	0.02349	0.77292	0.03289	0.00626	0.00626	0.00940	0.00392	0.00392
61	0.02393	0.05320	0.01878	0.01648	0.01987	0.72532	0.01244	0.02561	0.01815	0.01580	0.00996	0.01161	0.00832	0.00662	0.00578	0.00166	0.01151	0.00414	0.00331	0.00751
62	0.00899	0.00626	0.00813	0.00912	0.00996	0.00596	0.00631	0.01092	0.03758	0.04236	0.05947	0.61061	0.08280	0.02037	0.04557	0.00293	0.00449	0.01647	0.00600	0.00569
63	0.02899	0.01100	0.01499	0.01150	0.01649	0.00950	0.00950	0.03149	0.01849	0.73709	0.02549	0.02199	0.01599	0.00800	0.00650	0.00200	0.00550	0.00650	0.00800	0.01100
64	0.02456	0.01810	0.01939	0.01487	0.02004	0.02004	0.01228	0.71107	0.03038	0.04072	0.01551	0.01551	0.01099	0.00776	0.00646	0.00194	0.00711	0.00582	0.00646	0.01099
65	0.15648	0.01253	0.01490	0.01162	0.01649	0.01223	0.00960	0.15323	0.01944	0.49520	0.02099	0.01894	0.01362	0.00763	0.00609	0.00199	0.00571	0.00589	0.00707	0.01034
66	0.01762	0.00874	0.01121	0.00979	0.01282	0.00790	0.00761	0.02078	0.05819	0.32821	0.16607	0.16510	0.13385	0.01242	0.00719	0.00215	0.00438	0.01067	0.00710	0.00820
67	0.01414	0.01414	0.01979	0.01696	0.01696	0.01979	0.01414	0.01555	0.00990	0.01555	0.00848	0.01414	0.00848	0.01131	0.02120	0.00283	0.76110	0.00565	0.00283	0.00707
68	0.02414	0.03079	0.01831	0.01665	0.01998	0.74698	0.01248	0.02580	0.01831	0.01581	0.00999	0.01165	0.00832	0.00666	0.00583	0.00166	0.01165	0.00416	0.00333	0.00749
69	0.02414	0.03079	0.01831	0.01665	0.01998	0.74698	0.01248	0.02580	0.01831	0.01581	0.00999	0.01165	0.00832	0.00666	0.00583	0.00166	0.01165	0.00416	0.00333	0.00749
70	0.01414	0.01414	0.01979	0.01696	0.01696	0.01979	0.01414	0.01555	0.00990	0.01555	0.00848	0.01414	0.00848	0.01131	0.02120	0.00283	0.76110	0.00565	0.00283	0.00707
71	0.00786	0.00568	0.00744	0.00885	0.00933	0.00526	0.00593	0.00901	0.01251	0.01655	0.03735	0.72749	0.08283	0.02002	0.00821	0.00260	0.00372	0.01809	0.00600	0.00526
72	0.00940	0.00626	0.00705	0.00705	0.00705	0.00626	0.00392	0.00940	0.00940	0.01253	0.02036	0.04228	0.02349	0.77292	0.03289	0.00626	0.00626	0.00940	0.00392	0.00392
73	0.00852	0.00665	0.00777	0.00769	0.00953	0.00590	0.00589	0.01087	0.01625	0.02121	0.34427	0.05722	0.38551	0.01516	0.00774	0.00219	0.00341	0.07198	0.00647	0.00577
74	0.01296	0.03342	0.73944	0.01842	0.02797	0.01501	0.02387	0.02046	0.01364	0.02046	0.01160	0.01364	0.00818	0.00614	0.00614	0.00205	0.00955	0.00477	0.00273	0.00955
75	0.02414	0.03079	0.01831	0.01665	0.01998	0.74698	0.01248	0.02580	0.01831	0.01581	0.00999	0.01165	0.00832	0.00666	0.00583	0.00166	0.01165	0.00416	0.00333	0.00749
76	0.00764	0.00655	0.00655	0.00655	0.00873	0.00545	0.00491	0.00927	0.01473	0.01745	0.06546	0.06218	0.73000	0.01636	0.00764	0.00218	0.00327	0.01364	0.00600	0.00545
77	0.00816	0.00602	0.00768	0.00881	0.00957	0.00562	0.00607	0.00988	0.02878	0.01745	0.07824	0.60657	0.12804	0.01905	0.00812	0.00254	0.00374	0.03412	0.00607	0.00545
78	0.01340	0.01148	0.01340	0.00957	0.01531	0.00861	0.00766	0.01627	0.01340	0.02105	0.01148	0.01340	0.00957	0.00479	0.00479	0.00096	0.00479	0.00383	0.00383	0.81242
79	0.10822	0.04048	0.01534	0.01245	0.01634	0.07514	0.01014	0.23258	0.09598	0.11217	0.07495	0.04761	0.01949	0.00938	0.00645	0.00206	0.00624	0.08169	0.00592	0.02738
80	0.08908	0.03609	0.20619	0.01490	0.05458	0.01344	0.03723	0.09022	0.07678	0.14960	0.03846	0.02147	0.04737	0.02814	0.00691	0.00210	0.00679	0.02238	0.00495	0.05331
81	0.07921	0.04357	0.09693	0.03101	0.01954	0.11565	0.07182	0.04526	0.21781	0.10913	0.05717	0.02144	0.04743	0.00797	0.00632	0.00202	0.00705	0.00653	0.00518	0.00895

[dist]
# distance from previous block
# <min> <max>
0	11

[block]
# block no. 2 follows, 34 sequences, length 16
# corresponding to MSA columns:
# 128-143
name=unknown_C
#
# <colnr> <probs for GDERKNQSTAVLIFYWHMCP>
#	G	D	E	R	K	N	Q	S	T	A	V	L	I	F	Y	W	H	M	C	P
0	0.04683	0.07174	0.07356	0.05505	0.10886	0.04811	0.01243	0.12110	0.13319	0.07037	0.08522	0.02059	0.03268	0.00764	0.00613	0.00187	0.00643	0.00622	0.00498	0.08700
1	0.09463	0.05832	0.04226	0.01418	0.01842	0.17280	0.04893	0.08651	0.27319	0.07649	0.03790	0.01850	0.01469	0.00760	0.00610	0.00197	0.00721	0.00594	0.00523	0.00913
2	0.10867	0.01657	0.11298	0.02130	0.17468	0.01464	0.13989	0.08696	0.01616	0.09158	0.08679	0.01903	0.01523	0.00733	0.00746	0.00207	0.05887	0.00639	0.00439	0.00901
3	0.01443	0.01153	0.01350	0.00991	0.01533	0.00909	0.00790	0.05316	0.01448	0.05462	0.01350	0.05025	0.01153	0.00583	0.00512	0.00114	0.00489	0.00475	0.00426	0.69476
4	0.02456	0.01810	0.01939	0.01487	0.02004	0.02004	0.01228	0.71107	0.03038	0.04072	0.01551	0.01551	0.01099	0.00776	0.00646	0.00194	0.00711	0.00582	0.00646	0.01099
5	0.01340	0.01329	0.05405	0.44685	0.10328	0.01403	0.04515	0.05554	0.05140	0.01981	0.04023	0.01978	0.03824	0.00704	0.00649	0.00205	0.00779	0.00626	0.00362	0.05170
6	0.04510	0.01074	0.08164	0.01208	0.01445	0.00898	0.06001	0.04519	0.01383	0.05810	0.02792	0.46949	0.03096	0.01550	0.00820	0.00247	0.03582	0.04746	0.00540	0.00667
7	0.00900	0.00610	0.00716	0.00756	0.00765	0.00600	0.00446	0.00929	0.01017	0.01356	0.02433	0.23156	0.02851	0.57680	0.02647	0.00532	0.00561	0.01173	0.00446	0.00426
8	0.01069	0.01073	0.06347	0.09457	0.01703	0.04688	0.04639	0.03757	0.01377	0.01799	0.02791	0.48778	0.03152	0.01565	0.00771	0.00245	0.00573	0.05072	0.00515	0.00631
9	0.01999	0.08815	0.08690	0.01697	0.02225	0.12772	0.15060	0.21099	0.07772	0.08038	0.01499	0.01629	0.01117	0.00854	0.03629	0.00227	0.00887	0.00584	0.00470	0.00937
10	0.01337	0.01192	0.01884	0.48330	0.13815	0.01401	0.01612	0.05701	0.03114	0.01958	0.04221	0.03846	0.01267	0.00731	0.00684	0.00210	0.02751	0.00637	0.04534	0.00776
11	0.00832	0.00648	0.00744	0.00735	0.00904	0.00573	0.00539	0.01037	0.01563	0.02034	0.31288	0.10824	0.38819	0.05492	0.00899	0.00237	0.00338	0.01303	0.00631	0.00560
12	0.01375	0.02456	0.39971	0.07039	0.16188	0.01490	0.14848	0.01979	0.01429	0.02060	0.04194	0.01646	0.01110	0.00625	0.00654	0.00205	0.00911	0.00584	0.00311	0.00923
13	0.01638	0.14789	0.35077	0.05466	0.11957	0.01695	0.01842	0.09377	0.03534	0.06840	0.01296	0.01462	0.00962	0.00637	0.00593	0.00192	0.00818	0.00503	0.00365	0.00959
14	0.02007	0.01727	0.02644	0.01959	0.02511	0.01796	0.29091	0.39986	0.02333	0.03142	0.01463	0.01677	0.01077	0.00887	0.04397	0.00246	0.00913	0.00660	0.00503	0.00982
15	0.00935	0.00646	0.00804	0.00804	0.00839	0.00680	0.00516	0.01003	0.00969	0.01327	0.01945	0.03724	0.02130	0.55691	0.24590	0.00749	0.00956	0.00866	0.00378	0.00447

[dist]
# distance from previous block
# <min> <max>
4	6

[block]
# block no. 3 follows, 34 sequences, length 73
# corresponding to MSA columns:
# 151-223
name=unknown_D
#
# <colnr> <probs for GDERKNQSTAVLIFYWHMCP>
#	G	D	E	R	K	N	Q	S	T	A	V	L	I	F	Y	W	H	M	C	P
0	0.01544	0.07937	0.37836	0.01548	0.02223	0.03179	0.04321	0.07438	0.05529	0.08158	0.12177	0.02012	0.01770	0.00757	0.00634	0.00199	0.00771	0.00617	0.00436	0.00912
1	0.00843	0.00606	0.00769	0.00830	0.00909	0.00565	0.00566	0.00999	0.01384	0.01873	0.23531	0.41051	0.09540	0.12093	0.01139	0.00292	0.00386	0.01487	0.00603	0.00532
2	0.01599	0.01535	0.02623	0.03966	0.73262	0.01535	0.01983	0.01983	0.01471	0.02111	0.01215	0.01599	0.01023	0.00576	0.00640	0.00192	0.00768	0.00576	0.00320	0.01023
3	0.01617	0.12841	0.37739	0.03674	0.10573	0.06944	0.04119	0.02208	0.04923	0.07552	0.01304	0.01469	0.00968	0.00631	0.00598	0.00192	0.00862	0.00504	0.00345	0.00937
4	0.01383	0.10831	0.56346	0.01744	0.02566	0.05422	0.04832	0.02006	0.01383	0.01948	0.01251	0.05144	0.01001	0.00679	0.00608	0.00199	0.00915	0.00540	0.00295	0.00906
5	0.00960	0.00717	0.00928	0.01033	0.01202	0.00685	0.00879	0.01218	0.01483	0.01878	0.04340	0.06974	0.24092	0.01741	0.00855	0.00274	0.00516	0.49049	0.00596	0.00580
6	0.00847	0.00652	0.00774	0.00756	0.00927	0.00579	0.00562	0.01084	0.01652	0.02199	0.42439	0.09837	0.32378	0.01489	0.00767	0.00213	0.00318	0.01287	0.00660	0.00579
7	0.01404	0.01845	0.17386	0.23866	0.17079	0.07117	0.05280	0.01839	0.01351	0.01821	0.01197	0.01639	0.00962	0.01068	0.08036	0.00290	0.06132	0.00562	0.00302	0.00825
8	0.01254	0.04403	0.05604	0.43161	0.03334	0.01373	0.08454	0.04246	0.01413	0.01866	0.06669	0.10541	0.01653	0.00853	0.00707	0.00217	0.02380	0.00767	0.00370	0.00734
9	0.02312	0.06749	0.01587	0.01138	0.01585	0.01228	0.00943	0.17771	0.02030	0.39035	0.08248	0.02641	0.10007	0.00914	0.00654	0.00196	0.00551	0.00736	0.00697	0.00977
10	0.01409	0.11872	0.47213	0.01672	0.04259	0.01572	0.01905	0.07007	0.04171	0.02126	0.01476	0.06359	0.01250	0.00774	0.00621	0.00204	0.00829	0.04018	0.00353	0.00910
11	0.01761	0.05052	0.16190	0.07250	0.06866	0.15888	0.10528	0.06192	0.16920	0.04714	0.01529	0.01669	0.01152	0.00685	0.00636	0.00199	0.00861	0.00577	0.00418	0.00914
12	0.06557	0.28847	0.19084	0.05810	0.21183	0.04660	0.01649	0.01981	0.01372	0.01893	0.01059	0.01302	0.00872	0.00585	0.00538	0.00177	0.00787	0.00452	0.00298	0.00893
13	0.00898	0.00645	0.00771	0.00755	0.00915	0.00585	0.00560	0.01150	0.01636	0.02275	0.42130	0.10632	0.22923	0.01395	0.00733	0.00206	0.00316	0.01209	0.09683	0.00585
14	0.00823	0.00606	0.00766	0.00846	0.00939	0.00557	0.00593	0.00985	0.01392	0.01847	0.17563	0.45903	0.15995	0.04362	0.00888	0.00257	0.00370	0.04150	0.00614	0.00543
15	0.81856	0.01250	0.00950	0.00850	0.01250	0.01449	0.00700	0.01899	0.01100	0.02899	0.00900	0.01050	0.00700	0.00600	0.00400	0.00200	0.00500	0.00350	0.00400	0.00700
16	0.01509	0.01858	0.08855	0.02660	0.03335	0.01624	0.65988	0.02068	0.01513	0.02068	0.01297	0.01716	0.00969	0.00550	0.00752	0.00217	0.01080	0.00742	0.00323	0.00877
17	0.81856	0.01250	0.00950	0.00850	0.01250	0.01449	0.00700	0.01899	0.01100	0.02899	0.00900	0.01050	0.00700	0.00600	0.00400	0.00200	0.00500	0.00350	0.00400	0.00700
18	0.01108	0.00571	0.00856	0.00856	0.00864	0.00579	0.00579	0.00864	0.00856	0.01150	0.01167	0.02006	0.01158	0.02434	0.07784	0.75362	0.00646	0.00571	0.00285	0.00302
19	0.00815	0.00581	0.00734	0.00844	0.00887	0.00546	0.00551	0.00909	0.01196	0.01579	0.03482	0.57602	0.08905	0.16629	0.01299	0.00330	0.00420	0.01628	0.00559	0.00500
20	0.00951	0.00625	0.00700	0.00700	0.00707	0.00625	0.00394	0.00963	0.00957	0.01301	0.02039	0.04153	0.02320	0.74135	0.03172	0.00607	0.00613	0.00926	0.03712	0.00400
21	0.00786	0.00567	0.00745	0.00887	0.00934	0.00526	0.00594	0.00901	0.01249	0.01654	0.03718	0.73149	0.07894	0.02004	0.00821	0.00260	0.00372	0.01812	0.00600	0.00526
22	0.00886	0.00659	0.00824	0.00783	0.00948	0.00598	0.00587	0.01164	0.01762	0.02432	0.60447	0.05088	0.18670	0.01380	0.00762	0.00206	0.00309	0.01205	0.00690	0.00598
23	0.01296	0.03342	0.73944	0.01842	0.02797	0.01501	0.02387	0.02046	0.01364	0.02046	0.01160	0.01364	0.00818	0.00614	0.00614	0.00205	0.00955	0.00477	0.00273	0.00955
24	0.02280	0.02862	0.01843	0.09989	0.02273	0.66465	0.01310	0.02476	0.01770	0.01589	0.01016	0.01228	0.00836	0.00664	0.00590	0.00172	0.01131	0.00434	0.00328	0.00746
25	0.11852	0.06658	0.06310	0.03934	0.03625	0.05626	0.01220	0.35062	0.02231	0.15046	0.01523	0.01541	0.01076	0.00719	0.00597	0.00192	0.00703	0.00534	0.00559	0.00991
26	0.01883	0.23776	0.17300	0.01540	0.02062	0.25050	0.04297	0.02203	0.01505	0.06336	0.01127	0.01313	0.00906	0.00767	0.02635	0.00201	0.05478	0.00455	0.00332	0.00835
27	0.01599	0.01535	0.02623	0.03966	0.73262	0.01535	0.01983	0.01983	0.01471	0.02111	0.01215	0.01599	0.01023	0.00576	0.00640	0.00192	0.00768	0.00576	0.00320	0.01023
28	0.01365	0.02611	0.46082	0.10622	0.16062	0.01512	0.08683	0.01992	0.01391	0.02016	0.01182	0.01483	0.00876	0.00604	0.00636	0.00205	0.00922	0.00533	0.00288	0.00933
29	0.00809	0.00588	0.00748	0.00852	0.00915	0.00550	0.00573	0.00927	0.01251	0.01651	0.06237	0.56012	0.12299	0.09549	0.03564	0.00318	0.00438	0.01628	0.00575	0.00519
30	0.01441	0.05438	0.06676	0.01742	0.01960	0.05597	0.13453	0.01679	0.01161	0.01641	0.01091	0.01751	0.01036	0.09474	0.01754	0.00292	0.42167	0.00617	0.00304	0.00724
31	0.00897	0.00717	0.00787	0.00778	0.00970	0.00664	0.00577	0.05293	0.01469	0.01827	0.05147	0.14165	0.49179	0.05939	0.08330	0.00326	0.00514	0.01284	0.00566	0.00572
32	0.00815	0.00585	0.00781	0.00927	0.00981	0.00550	0.00647	0.00950	0.01270	0.01683	0.03607	0.67606	0.05616	0.01989	0.00831	0.00265	0.00399	0.09365	0.00599	0.00533
33	0.01451	0.01291	0.01287	0.01185	0.01468	0.06640	0.00896	0.02660	0.46191	0.02320	0.06240	0.05793	0.06610	0.08818	0.03990	0.00291	0.00594	0.00832	0.00591	0.00851
34	0.00987	0.00727	0.00839	0.00833	0.01004	0.00697	0.00614	0.04448	0.05992	0.02186	0.22758	0.22828	0.22381	0.01470	0.00734	0.00217	0.00360	0.01275	0.09032	0.00619
35	0.01609	0.01851	0.03386	0.02490	0.03034	0.09649	0.55345	0.02066	0.01497	0.01957	0.01221	0.01642	0.00949	0.00625	0.00899	0.00220	0.09695	0.00702	0.00322	0.00839
36	0.02414	0.03079	0.01831	0.01665	0.01998	0.74698	0.01248	0.02580	0.01831	0.01581	0.00999	0.01165	0.00832	0.00666	0.00583	0.00166	0.01165	0.00416	0.00333	0.00749
37	0.02313	0.04736	0.01881	0.01654	0.01964	0.66852	0.01259	0.02478	0.01748	0.01578	0.00984	0.01183	0.00834	0.00702	0.00708	0.00176	0.07449	0.00427	0.00327	0.00747
38	0.81856	0.01250	0.00950	0.00850	0.01250	0.01449	0.00700	0.01899	0.01100	0.02899	0.00900	0.01050	0.00700	0.00600	0.00400	0.00200	0.00500	0.00350	0.00400	0.00700
39	0.01681	0.01425	0.01503	0.01330	0.01708	0.01642	0.01041	0.09328	0.66080	0.02822	0.02536	0.02336	0.01896	0.00868	0.00656	0.00217	0.00529	0.00718	0.00656	0.01029
40	0.01340	0.01148	0.01340	0.00957	0.01531	0.00861	0.00766	0.01627	0.01340	0.02105	0.01148	0.01340	0.00957	0.00479	0.00479	0.00096	0.00479	0.00383	0.00383	0.81242
41	0.00923	0.00692	0.01038	0.01038	0.01154	0.00808	0.00808	0.01154	0.01038	0.01500	0.01731	0.02538	0.01615	0.04846	0.74732	0.01038	0.01731	0.00692	0.00346	0.00577
42	0.00923	0.00692	0.01038	0.01038	0.01154	0.00808	0.00808	0.01154	0.01038	0.01500	0.01731	0.02538	0.01615	0.04846	0.74732	0.01038	0.01731	0.00692	0.00346	0.00577
43	0.00940	0.00626	0.00705	0.00705	0.00705	0.00626	0.00392	0.00940	0.00940	0.01253	0.02036	0.04228	0.02349	0.77292	0.03289	0.00626	0.00626	0.00940	0.00392	0.00392
44	0.10583	0.01154	0.01316	0.00969	0.01514	0.00938	0.00781	0.01848	0.01376	0.11135	0.01295	0.01415	0.01008	0.00532	0.00491	0.00120	0.00490	0.00412	0.00437	0.62184
45	0.01241	0.01153	0.01933	0.63957	0.10314	0.01394	0.01756	0.01658	0.01322	0.01712	0.01320	0.02117	0.01084	0.00723	0.00663	0.00219	0.00834	0.05552	0.00312	0.00736
46	0.07202	0.02969	0.01778	0.01615	0.01952	0.70283	0.01215	0.02539	0.01787	0.01661	0.00993	0.01158	0.00824	0.00662	0.00572	0.00168	0.01125	0.00412	0.00337	0.00746
47	0.01525	0.01743	0.03813	0.02723	0.03377	0.01634	0.70915	0.02070	0.01525	0.02070	0.01307	0.01743	0.00980	0.00545	0.00763	0.00218	0.01089	0.00763	0.00327	0.00871
48	0.01827	0.01347	0.01602	0.01335	0.01699	0.01433	0.04531	0.39069	0.03950	0.05265	0.02412	0.21280	0.04835	0.01180	0.00718	0.00221	0.00613	0.05177	0.00618	0.00887
49	0.00931	0.00677	0.00798	0.00800	0.00831	0.00700	0.00509	0.00977	0.01050	0.01392	0.02702	0.15183	0.10725	0.51645	0.02540	0.00499	0.06052	0.01097	0.00439	0.00452
50	0.01746	0.75690	0.03344	0.01121	0.01667	0.04482	0.01109	0.01952	0.01327	0.01522	0.00901	0.01040	0.00829	0.00556	0.00419	0.00139	0.00704	0.00347	0.00278	0.00827
51	0.00841	0.00599	0.00803	0.00943	0.01002	0.00570	0.00672	0.00987	0.01283	0.01705	0.04841	0.60220	0.04139	0.04715	0.00926	0.00281	0.00422	0.13923	0.00594	0.00534
52	0.02416	0.03013	0.01837	0.01655	0.01998	0.70869	0.01247	0.06190	0.01895	0.01713	0.01028	0.01186	0.00846	0.00672	0.00586	0.00168	0.01141	0.00425	0.00349	0.00767
53	0.05258	0.01719	0.01765	0.01411	0.01834	0.07587	0.01149	0.47163	0.04807	0.06011	0.06488	0.01787	0.01449	0.00828	0.00744	0.00199	0.06183	0.00607	0.02029	0.00982
54	0.02280	0.01114	0.01413	0.01094	0.01567	0.00982	0.00890	0.06836	0.04602	0.44298	0.07504	0.02355	0.04729	0.00810	0.00629	0.00181	0.00517	0.00663	0.00688	0.16847
55	0.00817	0.00641	0.00743	0.00796	0.00937	0.00579	0.00567	0.01029	0.03800	0.01820	0.11682	0.35891	0.34886	0.01744	0.00786	0.00235	0.00351	0.01524	0.00613	0.00559
56	0.02072	0.01905	0.01992	0.04574	0.07268	0.15799	0.06335	0.29390	0.18723	0.02892	0.01641	0.01703	0.01230	0.00742	0.00645	0.00197	0.00789	0.00597	0.00528	0.00977
57	0.00966	0.00879	0.03961	0.01065	0.01261	0.00770	0.05812	0.01310	0.08145	0.01809	0.03497	0.43660	0.13979	0.05596	0.00903	0.00259	0.00473	0.01422	0.00553	0.03681
58	0.01616	0.25613	0.38337	0.01679	0.05155	0.06362	0.04143	0.02112	0.01418	0.06299	0.01164	0.01326	0.00885	0.00606	0.00560	0.00182	0.00860	0.00458	0.00314	0.00913
59	0.01290	0.07651	0.65284	0.01726	0.02612	0.01507	0.02196	0.01972	0.01368	0.01996	0.01468	0.01637	0.05170	0.00672	0.00611	0.00201	0.00901	0.00523	0.00293	0.00923
60	0.01043	0.00676	0.00841	0.00835	0.00915	0.00681	0.00567	0.01140	0.01100	0.05765	0.02478	0.06754	0.07458	0.44709	0.17334	0.00621	0.00815	0.05325	0.00443	0.00501
61	0.07370	0.04791	0.14592	0.01478	0.02020	0.11494	0.03966	0.17215	0.12723	0.15466	0.01676	0.01670	0.01197	0.00723	0.00614	0.00196	0.00756	0.00559	0.00525	0.00970
62	0.01442	0.05502	0.02786	0.02052	0.02458	0.01641	0.36126	0.01979	0.09260	0.01944	0.01515	0.07213	0.01321	0.00996	0.04087	0.00265	0.17461	0.00769	0.00372	0.00813
63	0.00881	0.00613	0.00800	0.00890	0.00941	0.00603	0.00599	0.01014	0.03845	0.01577	0.03017	0.50453	0.04876	0.11595	0.06680	0.08596	0.00528	0.01460	0.00525	0.00506
64	0.01475	0.04682	0.19258	0.05233	0.21433	0.05283	0.12320	0.01910	0.01407	0.01968	0.05765	0.01708	0.01246	0.00722	0.00882	0.00212	0.12692	0.00602	0.00327	0.00875
65	0.01737	0.13425	0.21211	0.01816	0.06741	0.01648	0.13631	0.05052	0.14078	0.11899	0.01614	0.01702	0.01183	0.00668	0.00625	0.00198	0.00784	0.00586	0.00440	0.00963
66	0.00987	0.00703	0.00885	0.00936	0.01114	0.00651	0.00761	0.01227	0.01530	0.04806	0.14770	0.11437	0.26665	0.01645	0.00816	0.00251	0.00446	0.29149	0.00622	0.00596
67	0.01500	0.04603	0.06843	0.19070	0.47274	0.01558	0.06015	0.01919	0.01423	0.01982	0.01190	0.01598	0.00966	0.00590	0.00638	0.00197	0.00815	0.00571	0.00309	0.00937
68	0.01655	0.10785	0.23925	0.08320	0.16891	0.01578	0.05381	0.06395	0.03826	0.09886	0.01393	0.01607	0.01045	0.00805	0.03564	0.00228	0.00843	0.00547	0.00383	0.00942
69	0.01119	0.00696	0.00915	0.04672	0.01212	0.00650	0.00703	0.01289	0.01396	0.11568	0.07990	0.41860	0.14281	0.04539	0.00875	0.00256	0.00431	0.04319	0.00610	0.00619
70	0.00965	0.00689	0.00852	0.00828	0.00996	0.00636	0.00614	0.01271	0.04464	0.04879	0.43712	0.16272	0.18481	0.01456	0.00764	0.00216	0.00337	0.01276	0.00673	0.00618
71	0.08871	0.09136	0.03969	0.06980	0.30079	0.08012	0.03148	0.09519	0.04033	0.06908	0.02585	0.01582	0.01111	0.00647	0.00598	0.00189	0.00752	0.00543	0.00405	0.00933
72	0.04216	0.12462	0.23215	0.01939	0.14215	0.09865	0.02966	0.07610	0.06088	0.09412	0.01375	0.01501	0.01030	0.00651	0.00593	0.00189	0.00812	0.00513	0.00399	0.00947

[dist]
# distance from previous block
# <min> <max>
0	12

[block]
# block no. 4 follows, 34 sequences, length 51
# corresponding to MSA columns:
# 236-286
name=unknown_E
#
# <colnr> <probs for GDERKNQSTAVLIFYWHMCP>
#	G	D	E	R	K	N	Q	S	T	A	V	L	I	F	Y	W	H	M	C	P
0	0.20389	0.11103	0.08732	0.01724	0.13723	0.06832	0.04926	0.02199	0.07632	0.08796	0.04638	0.01622	0.01257	0.00665	0.00559	0.00188	0.00687	0.00525	0.00423	0.03378
1	0.01700	0.10795	0.02525	0.03161	0.51475	0.11974	0.01714	0.02028	0.01519	0.01986	0.04281	0.01612	0.01195	0.00618	0.00610	0.00182	0.00795	0.00552	0.00334	0.00943
2	0.01049	0.05363	0.01018	0.00841	0.01051	0.04495	0.00647	0.01293	0.01679	0.04222	0.41907	0.06978	0.24398	0.01339	0.00732	0.00203	0.00387	0.01143	0.00633	0.00623
3	0.01488	0.04125	0.23407	0.05067	0.33755	0.01571	0.17201	0.02009	0.01443	0.02054	0.01209	0.01552	0.00945	0.00581	0.00653	0.00200	0.00893	0.00582	0.00306	0.00956
4	0.01727	0.77681	0.03386	0.01106	0.01658	0.02557	0.01106	0.01935	0.01313	0.01520	0.00898	0.01036	0.00829	0.00553	0.00415	0.00138	0.00691	0.00345	0.00276	0.00829
5	0.01113	0.00567	0.00851	0.00851	0.00856	0.00573	0.00573	0.00856	0.00851	0.01140	0.01150	0.01991	0.01145	0.02365	0.05855	0.77504	0.00615	0.00567	0.00284	0.00294
6	0.01731	0.01504	0.01527	0.01348	0.01728	0.04732	0.01054	0.10547	0.61834	0.02800	0.02447	0.02267	0.01832	0.00857	0.00653	0.00214	0.00560	0.00702	0.00643	0.01019
7	0.00951	0.00707	0.00918	0.01014	0.01175	0.00674	0.00850	0.01207	0.01499	0.01926	0.09671	0.09926	0.21251	0.01722	0.00847	0.00269	0.00495	0.43714	0.00606	0.00581
8	0.01340	0.01148	0.01340	0.00957	0.01531	0.00861	0.00766	0.01627	0.01340	0.02105	0.01148	0.01340	0.00957	0.00479	0.00479	0.00096	0.00479	0.00383	0.00383	0.81242
9	0.00792	0.00590	0.00738	0.00840	0.00925	0.00536	0.00577	0.00930	0.01332	0.01741	0.09389	0.56221	0.19259	0.01888	0.00807	0.00248	0.00359	0.01685	0.00608	0.00536
10	0.00774	0.00655	0.00669	0.00666	0.00879	0.00550	0.00499	0.00948	0.01498	0.01804	0.11175	0.06121	0.68333	0.01614	0.00764	0.00217	0.00326	0.01350	0.00608	0.00550
11	0.01944	0.00903	0.01078	0.00913	0.01227	0.00865	0.00734	0.08364	0.01697	0.29249	0.02282	0.02471	0.01677	0.00818	0.00563	0.00179	0.00444	0.03660	0.40099	0.00833
12	0.00868	0.00659	0.00799	0.00764	0.00937	0.00590	0.00573	0.01129	0.01718	0.02328	0.52282	0.05259	0.26900	0.01419	0.00763	0.00208	0.00312	0.01229	0.00677	0.00590
13	0.02433	0.02493	0.01881	0.01582	0.02000	0.41100	0.01239	0.34252	0.02389	0.02733	0.01254	0.01344	0.00955	0.00717	0.00612	0.00179	0.00955	0.00493	0.00478	0.00911
14	0.00787	0.00562	0.00750	0.00900	0.00937	0.00525	0.00600	0.00900	0.01237	0.01649	0.03561	0.76871	0.04274	0.02024	0.00825	0.00262	0.00375	0.01837	0.00600	0.00525
15	0.04655	0.00594	0.00833	0.00829	0.00855	0.00602	0.00561	0.00925	0.00882	0.01272	0.01168	0.01949	0.01134	0.02090	0.02317	0.73145	0.00544	0.00554	0.04777	0.00317
16	0.01727	0.77681	0.03386	0.01106	0.01658	0.02557	0.01106	0.01935	0.01313	0.01520	0.00898	0.01036	0.00829	0.00553	0.00415	0.00138	0.00691	0.00345	0.00276	0.00829
17	0.01397	0.01450	0.02541	0.01990	0.02248	0.01705	0.27133	0.01702	0.01229	0.01787	0.04234	0.01768	0.01183	0.01196	0.06925	0.00311	0.39451	0.00674	0.00323	0.00754
18	0.02796	0.01166	0.01531	0.01178	0.01670	0.01057	0.00971	0.10629	0.01981	0.64065	0.04344	0.02199	0.01666	0.00811	0.00652	0.00199	0.00561	0.00656	0.00780	0.01086
19	0.00923	0.00692	0.01038	0.01038	0.01154	0.00808	0.00808	0.01154	0.01038	0.01500	0.01731	0.02538	0.01615	0.04846	0.74732	0.01038	0.01731	0.00692	0.00346	0.00577
20	0.00787	0.00562	0.00750	0.00900	0.00937	0.00525	0.00600	0.00900	0.01237	0.01649	0.03561	0.76871	0.04274	0.02024	0.00825	0.00262	0.00375	0.01837	0.00600	0.00525
21	0.04043	0.01757	0.05204	0.04205	0.13748	0.12844	0.01480	0.04041	0.01323	0.03739	0.01032	0.01426	0.00901	0.00876	0.01347	0.00232	0.37872	0.00532	0.00328	0.03071
22	0.01749	0.75380	0.03338	0.01123	0.01669	0.04782	0.01110	0.01955	0.01329	0.01522	0.00901	0.01040	0.00829	0.00556	0.00420	0.00139	0.00706	0.00348	0.00278	0.00827
23	0.00923	0.00692	0.01038	0.01038	0.01154	0.00808	0.00808	0.01154	0.01038	0.01500	0.01731	0.02538	0.01615	0.04846	0.74732	0.01038	0.01731	0.00692	0.00346	0.00577
24	0.81856	0.01250	0.00950	0.00850	0.01250	0.01449	0.00700	0.01899	0.01100	0.02899	0.00900	0.01050	0.00700	0.00600	0.00400	0.00200	0.00500	0.00350	0.00400	0.00700
25	0.00892	0.00658	0.00822	0.00782	0.00937	0.00600	0.00580	0.01159	0.01727	0.02389	0.58776	0.05017	0.16517	0.05248	0.00891	0.00227	0.00325	0.01188	0.00677	0.00588
26	0.15119	0.08112	0.02268	0.02383	0.29312	0.01484	0.11018	0.03838	0.01460	0.09286	0.01511	0.08667	0.01313	0.00738	0.00615	0.00200	0.00700	0.00670	0.00413	0.00893
27	0.42856	0.01851	0.01531	0.01685	0.15152	0.23370	0.01108	0.02119	0.01389	0.02355	0.00989	0.01189	0.00801	0.00615	0.00500	0.00188	0.00750	0.00413	0.00365	0.00776
28	0.01240	0.01168	0.01973	0.72076	0.07962	0.01441	0.01804	0.01668	0.01301	0.01674	0.01152	0.01716	0.00870	0.00642	0.00646	0.00214	0.00857	0.00574	0.00289	0.00733
29	0.02239	0.01771	0.05308	0.05030	0.10835	0.01836	0.01379	0.51082	0.04760	0.06940	0.01556	0.01614	0.01117	0.00742	0.00645	0.00196	0.00722	0.00584	0.00581	0.01064
30	0.01587	0.06101	0.30484	0.04522	0.20730	0.01533	0.12368	0.02162	0.03612	0.08756	0.01357	0.01585	0.01005	0.00617	0.00638	0.00200	0.00860	0.00565	0.00355	0.00962
31	0.00924	0.00687	0.01010	0.01010	0.01116	0.00792	0.00772	0.01136	0.01030	0.01479	0.01757	0.02682	0.01678	0.10987	0.68676	0.01003	0.01637	0.00713	0.00350	0.00561
32	0.00894	0.00656	0.00839	0.00818	0.00969	0.00602	0.00615	0.01168	0.01730	0.02396	0.57167	0.10345	0.13524	0.01429	0.00773	0.00213	0.00325	0.04256	0.00685	0.00595
33	0.01443	0.01682	0.12410	0.24674	0.40308	0.01505	0.04892	0.01898	0.01406	0.01965	0.01192	0.01609	0.00946	0.00600	0.00643	0.00202	0.00835	0.00569	0.00304	0.00918
34	0.02309	0.02728	0.01954	0.01875	0.08338	0.59090	0.03687	0.02512	0.01764	0.05925	0.01116	0.01293	0.00900	0.00676	0.00645	0.00176	0.03396	0.00461	0.00358	0.00797
35	0.01073	0.00679	0.00860	0.00799	0.00975	0.00628	0.00605	0.01370	0.01753	0.06939	0.56602	0.04370	0.07295	0.01219	0.00712	0.00196	0.00320	0.01063	0.11905	0.00637
36	0.00787	0.00562	0.00750	0.00900	0.00937	0.00525	0.00600	0.00900	0.01237	0.01649	0.03561	0.76871	0.04274	0.02024	0.00825	0.00262	0.00375	0.01837	0.00600	0.00525
37	0.01856	0.60683	0.04837	0.01237	0.01756	0.17168	0.01167	0.02069	0.01419	0.01546	0.00925	0.01071	0.00830	0.00577	0.00454	0.00146	0.00794	0.00363	0.00288	0.00816
38	0.02414	0.03079	0.01831	0.01665	0.01998	0.74698	0.01248	0.02580	0.01831	0.01581	0.00999	0.01165	0.00832	0.00666	0.00583	0.00166	0.01165	0.00416	0.00333	0.00749
39	0.00787	0.00562	0.00750	0.00900	0.00937	0.00525	0.00600	0.00900	0.01237	0.01649	0.03561	0.76871	0.04274	0.02024	0.00825	0.00262	0.00375	0.01837	0.00600	0.00525
40	0.02414	0.03079	0.01831	0.01665	0.01998	0.74698	0.01248	0.02580	0.01831	0.01581	0.00999	0.01165	0.00832	0.00666	0.00583	0.00166	0.01165	0.00416	0.00333	0.00749
41	0.01122	0.00561	0.00842	0.00842	0.00842	0.00561	0.00561	0.00842	0.00842	0.01122	0.01122	0.01964	0.01122	0.02245	0.02525	0.81201	0.00561	0.00561	0.00281	0.00281
42	0.08768	0.05029	0.01809	0.01389	0.01852	0.11383	0.01132	0.42355	0.08679	0.06917	0.01671	0.01665	0.02930	0.00769	0.00612	0.00192	0.00717	0.00568	0.00577	0.00989
43	0.01169	0.00736	0.00958	0.00869	0.01069	0.00683	0.00663	0.01519	0.04238	0.10857	0.62338	0.04439	0.05433	0.01245	0.00745	0.00203	0.00340	0.01093	0.00720	0.00681
44	0.00859	0.00658	0.00787	0.00755	0.00931	0.00586	0.00566	0.01112	0.01698	0.02281	0.48545	0.05338	0.30666	0.01437	0.00763	0.00209	0.00313	0.01240	0.00670	0.00586
45	0.02414	0.03079	0.01831	0.01665	0.01998	0.74698	0.01248	0.02580	0.01831	0.01581	0.00999	0.01165	0.00832	0.00666	0.00583	0.00166	0.01165	0.00416	0.00333	0.00749
46	0.04043	0.02415	0.01999	0.01984	0.13415	0.40960	0.02927	0.18263	0.02029	0.04227	0.01207	0.01362	0.00945	0.00676	0.00608	0.00180	0.00964	0.00493	0.00417	0.00885
47	0.01220	0.01148	0.01938	0.75739	0.04450	0.01436	0.01794	0.01651	0.01292	0.01651	0.01148	0.01723	0.00861	0.00646	0.00646	0.00215	0.00861	0.00574	0.00287	0.00718
48	0.00816	0.00613	0.00843	0.00930	0.01009	0.00566	0.02778	0.00957	0.01302	0.01727	0.07868	0.64113	0.10256	0.01903	0.00814	0.00254	0.00389	0.01723	0.00598	0.00542
49	0.00928	0.00674	0.00946	0.00946	0.01030	0.00758	0.00693	0.01095	0.01011	0.01432	0.01815	0.03006	0.01818	0.24894	0.54961	0.00924	0.01425	0.00761	0.00359	0.00526
