[name]
unknown

[dist]
# distance from previous block
# <min> <max>
0	0

[block]
# block no. 0 follows, 34 sequences, length 62
# corresponding to MSA columns:
# 0-61
name=unknown_A
#
# <colnr> <probs for GDERKNQSTAVLIFYWHMCP>
#	G	D	E	R	K	N	Q	S	T	A	V	L	I	F	Y	W	H	M	C	P
0	0.01041	0.00744	0.01041	0.01190	0.01339	0.00744	0.01041	0.01339	0.01487	0.01934	0.03421	0.07288	0.03719	0.01785	0.00892	0.00297	0.00595	0.68913	0.00595	0.00595
1	0.00940	0.00626	0.00705	0.00705	0.00705	0.00626	0.00392	0.00940	0.00940	0.01253	0.02036	0.04228	0.02349	0.77292	0.03289	0.00626	0.00626	0.00940	0.00392	0.00392
2	0.01607	0.01388	0.01461	0.01315	0.01680	0.01607	0.01023	0.03433	0.72094	0.02703	0.02630	0.02411	0.01972	0.00877	0.00657	0.00219	0.00511	0.00731	0.00657	0.01023
3	0.81856	0.01250	0.00950	0.00850	0.01250	0.01449	0.00700	0.01899	0.01100	0.02899	0.00900	0.01050	0.00700	0.00600	0.00400	0.00200	0.00500	0.00350	0.00400	0.00700
4	0.00765	0.00647	0.00662	0.00674	0.00878	0.00544	0.00499	0.00925	0.01454	0.01738	0.06312	0.11753	0.67616	0.01667	0.00768	0.00222	0.00331	0.01401	0.00600	0.00544
5	0.00914	0.00660	0.00864	0.00813	0.00965	0.00610	0.00610	0.01219	0.01829	0.02591	0.72921	0.04827	0.06097	0.01321	0.00762	0.00203	0.00305	0.01169	0.00711	0.00610
6	0.01296	0.03342	0.73944	0.01842	0.02797	0.01501	0.02387	0.02046	0.01364	0.02046	0.01160	0.01364	0.00818	0.00614	0.00614	0.00205	0.00955	0.00477	0.00273	0.00955
7	0.01178	0.00933	0.01244	0.01152	0.01254	0.01101	0.02747	0.01418	0.03706	0.03552	0.02474	0.24635	0.07639	0.01326	0.01159	0.00238	0.25423	0.01028	0.17148	0.00643
8	0.00835	0.00676	0.00755	0.00787	0.00986	0.00595	0.00625	0.01037	0.01492	0.01827	0.08755	0.06408	0.53769	0.01657	0.00794	0.00236	0.00389	0.17213	0.00604	0.00560
9	0.81856	0.01250	0.00950	0.00850	0.01250	0.01449	0.00700	0.01899	0.01100	0.02899	0.00900	0.01050	0.00700	0.00600	0.00400	0.00200	0.00500	0.00350	0.00400	0.00700
10	0.01616	0.01394	0.01440	0.01283	0.01642	0.03388	0.01000	0.07804	0.59334	0.02717	0.05607	0.02603	0.05458	0.00919	0.00664	0.00215	0.00524	0.00761	0.00648	0.00981
11	0.00896	0.00660	0.00839	0.00794	0.00954	0.00602	0.00595	0.01184	0.01786	0.02490	0.64982	0.04993	0.14099	0.01359	0.00762	0.00205	0.00308	0.01192	0.00698	0.00602
12	0.01626	0.04702	0.03649	0.03006	0.03233	0.00999	0.04202	0.07520	0.01678	0.21085	0.13053	0.22539	0.07556	0.01217	0.00713	0.00216	0.00523	0.01065	0.00620	0.00799
13	0.03816	0.14166	0.50794	0.01818	0.07265	0.01699	0.02028	0.07451	0.01488	0.02156	0.01147	0.01337	0.00852	0.00614	0.00582	0.00193	0.00870	0.00469	0.00310	0.00945
14	0.01068	0.00930	0.01091	0.01074	0.01211	0.08269	0.00824	0.01281	0.01133	0.01509	0.01865	0.02612	0.04488	0.06922	0.61601	0.00902	0.01576	0.00701	0.00357	0.00586
15	0.01743	0.01911	0.02308	0.05365	0.35171	0.22842	0.08418	0.02053	0.01550	0.01885	0.01437	0.05608	0.03335	0.00726	0.00689	0.00195	0.02914	0.00638	0.00346	0.00868
16	0.01512	0.05372	0.33482	0.01561	0.04246	0.03319	0.04035	0.05044	0.04068	0.06451	0.04483	0.01609	0.01200	0.00635	0.00589	0.00174	0.00753	0.00515	0.00386	0.20567
17	0.01086	0.00931	0.01319	0.01258	0.03406	0.04755	0.08099	0.01295	0.01169	0.01569	0.01965	0.08879	0.02012	0.19737	0.33977	0.00677	0.01173	0.05717	0.00390	0.00586
18	0.01727	0.77681	0.03386	0.01106	0.01658	0.02557	0.01106	0.01935	0.01313	0.01520	0.00898	0.01036	0.00829	0.00553	0.00415	0.00138	0.00691	0.00345	0.00276	0.00829
19	0.08278	0.26328	0.17031	0.01294	0.01858	0.03640	0.01299	0.02382	0.11889	0.14589	0.01604	0.01772	0.01239	0.00714	0.00556	0.00187	0.00687	0.03295	0.00448	0.00909
20	0.02105	0.01635	0.01741	0.01416	0.01870	0.01840	0.01143	0.43129	0.31588	0.03506	0.01997	0.01907	0.01460	0.00817	0.00651	0.00204	0.00628	0.00643	0.00651	0.01067
21	0.01558	0.02486	0.43424	0.01891	0.07551	0.01459	0.05960	0.03792	0.01455	0.11289	0.02877	0.03271	0.01140	0.00732	0.00785	0.00213	0.08229	0.00579	0.00374	0.00936
22	0.02410	0.01623	0.01805	0.01414	0.01900	0.01752	0.01173	0.55779	0.02744	0.14011	0.01843	0.02095	0.01377	0.00858	0.00666	0.00203	0.00679	0.05945	0.00665	0.01059
23	0.75633	0.01393	0.01019	0.00914	0.01308	0.07188	0.00743	0.01953	0.01157	0.02796	0.00907	0.01059	0.00710	0.00605	0.00414	0.00197	0.00552	0.00355	0.00395	0.00704
24	0.75671	0.01238	0.00993	0.00873	0.01281	0.01410	0.00719	0.01997	0.01158	0.08446	0.01029	0.01140	0.00770	0.00615	0.00419	0.00200	0.00504	0.00373	0.00431	0.00731
25	0.12847	0.01847	0.04911	0.02266	0.10019	0.12331	0.33734	0.04045	0.01501	0.02130	0.01191	0.01541	0.00938	0.00761	0.03325	0.00236	0.04587	0.00609	0.00343	0.00836
26	0.81856	0.01250	0.00950	0.00850	0.01250	0.01449	0.00700	0.01899	0.01100	0.02899	0.00900	0.01050	0.00700	0.00600	0.00400	0.00200	0.00500	0.00350	0.00400	0.00700
27	0.00975	0.00694	0.00861	0.00815	0.00994	0.00638	0.00612	0.01291	0.03964	0.04978	0.52713	0.07871	0.18411	0.01377	0.00758	0.00209	0.00327	0.01200	0.00687	0.00625
28	0.02335	0.01720	0.01855	0.01434	0.01922	0.01895	0.01180	0.65632	0.02943	0.03956	0.07142	0.01808	0.01490	0.00818	0.00655	0.00195	0.00679	0.00628	0.00651	0.01061
29	0.00853	0.00654	0.00782	0.00759	0.00930	0.00582	0.00566	0.01098	0.01671	0.02238	0.45421	0.08786	0.30378	0.01470	0.00766	0.00212	0.00316	0.01272	0.00665	0.00582
30	0.01516	0.01275	0.01422	0.01362	0.04997	0.01427	0.01011	0.07305	0.49826	0.02653	0.09357	0.04929	0.05306	0.00998	0.00684	0.00219	0.00509	0.03628	0.00639	0.00938
31	0.00778	0.00655	0.00675	0.00670	0.00882	0.00552	0.00502	0.00955	0.01507	0.01826	0.12886	0.06085	0.66608	0.01606	0.00764	0.00217	0.00325	0.01345	0.00611	0.00552
32	0.22633	0.01545	0.06167	0.02303	0.29608	0.01541	0.03413	0.03831	0.18187	0.02496	0.01476	0.01637	0.01152	0.00659	0.00583	0.00202	0.00656	0.00553	0.00426	0.00932
33	0.07499	0.54059	0.05817	0.01227	0.01746	0.15319	0.01158	0.03716	0.01434	0.01711	0.00943	0.01086	0.00827	0.00584	0.00457	0.00152	0.00774	0.00370	0.00304	0.00817
34	0.02685	0.01093	0.01431	0.01112	0.01575	0.00982	0.00914	0.07491	0.01875	0.61307	0.02435	0.02179	0.01572	0.00793	0.00628	0.00194	0.00533	0.00640	0.09516	0.01045
35	0.14727	0.01670	0.12077	0.01387	0.03926	0.01456	0.01229	0.20101	0.06056	0.23378	0.01700	0.01672	0.01177	0.00728	0.00633	0.00198	0.02483	0.00550	0.00569	0.04284
36	0.01716	0.05393	0.04074	0.01578	0.07086	0.03232	0.10240	0.17192	0.01775	0.04366	0.01284	0.01462	0.01000	0.00581	0.00572	0.00150	0.00674	0.00499	0.00430	0.36698
37	0.00790	0.00656	0.00691	0.00682	0.00889	0.00557	0.00511	0.00978	0.01534	0.01892	0.18026	0.05978	0.61428	0.01582	0.00763	0.00216	0.00323	0.01330	0.00619	0.00557
38	0.00787	0.00562	0.00750	0.00900	0.00937	0.00525	0.00600	0.00900	0.01237	0.01649	0.03561	0.76871	0.04274	0.02024	0.00825	0.00262	0.00375	0.01837	0.00600	0.00525
39	0.26502	0.01553	0.04603	0.01262	0.03365	0.06766	0.01018	0.16939	0.15574	0.04823	0.07719	0.04021	0.01649	0.00805	0.00582	0.00202	0.00603	0.00612	0.00534	0.00869
40	0.01727	0.77681	0.03386	0.01106	0.01658	0.02557	0.01106	0.01935	0.01313	0.01520	0.00898	0.01036	0.00829	0.00553	0.00415	0.00138	0.00691	0.00345	0.00276	0.00829
41	0.01204	0.00602	0.00602	0.00602	0.00753	0.00602	0.00452	0.01506	0.01355	0.02409	0.02108	0.02409	0.01656	0.00753	0.00452	0.00151	0.00301	0.00602	0.80879	0.00602
42	0.01420	0.01417	0.01999	0.01768	0.03964	0.01965	0.01432	0.01569	0.01005	0.01573	0.00860	0.01420	0.00854	0.01113	0.02074	0.00280	0.73723	0.00566	0.00284	0.00717
43	0.00771	0.00655	0.00665	0.00663	0.00877	0.00549	0.00497	0.00942	0.01491	0.01788	0.09917	0.06148	0.69602	0.01620	0.00764	0.00217	0.00326	0.01354	0.00606	0.00549
44	0.81856	0.01250	0.00950	0.00850	0.01250	0.01449	0.00700	0.01899	0.01100	0.02899	0.00900	0.01050	0.00700	0.00600	0.00400	0.00200	0.00500	0.00350	0.00400	0.00700
45	0.01727	0.77681	0.03386	0.01106	0.01658	0.02557	0.01106	0.01935	0.01313	0.01520	0.00898	0.01036	0.00829	0.00553	0.00415	0.00138	0.00691	0.00345	0.00276	0.00829
46	0.02456	0.01810	0.01939	0.01487	0.02004	0.02004	0.01228	0.71107	0.03038	0.04072	0.01551	0.01551	0.01099	0.00776	0.00646	0.00194	0.00711	0.00582	0.00646	0.01099
47	0.00764	0.00655	0.00655	0.00655	0.00873	0.00545	0.00491	0.00927	0.01473	0.01745	0.06546	0.06218	0.73000	0.01636	0.00764	0.00218	0.00327	0.01364	0.00600	0.00545
48	0.02878	0.01134	0.01521	0.01166	0.01666	0.01000	0.00963	0.06406	0.01906	0.70372	0.02501	0.02168	0.01575	0.00799	0.00650	0.00200	0.00558	0.00647	0.00792	0.01100
49	0.00977	0.00641	0.00739	0.00715	0.00879	0.00595	0.00536	0.01253	0.01608	0.02366	0.37283	0.04333	0.17909	0.01203	0.00664	0.00189	0.00308	0.01027	0.26182	0.00595
50	0.02385	0.06342	0.01904	0.01634	0.01983	0.68949	0.01241	0.04956	0.01850	0.01666	0.01014	0.01173	0.00842	0.00665	0.00577	0.00166	0.01128	0.00419	0.00341	0.00765
51	0.81856	0.01250	0.00950	0.00850	0.01250	0.01449	0.00700	0.01899	0.01100	0.02899	0.00900	0.01050	0.00700	0.00600	0.00400	0.00200	0.00500	0.00350	0.00400	0.00700
52	0.00786	0.00655	0.00685	0.00678	0.00886	0.00555	0.00508	0.00970	0.01525	0.01868	0.16199	0.06016	0.63269	0.01591	0.00763	0.00216	0.00324	0.01335	0.00616	0.00555
53	0.01204	0.00602	0.00602	0.00602	0.00753	0.00602	0.00452	0.01506	0.01355	0.02409	0.02108	0.02409	0.01656	0.00753	0.00452	0.00151	0.00301	0.00602	0.80879	0.00602
54	0.00787	0.00562	0.00750	0.00900	0.00937	0.00525	0.00600	0.00900	0.01237	0.01649	0.03561	0.76871	0.04274	0.02024	0.00825	0.00262	0.00375	0.01837	0.00600	0.00525
55	0.01674	0.01421	0.01498	0.01328	0.01706	0.01638	0.01039	0.08735	0.66685	0.02810	0.02545	0.02343	0.01904	0.00869	0.00657	0.00217	0.00527	0.00719	0.00657	0.01029
56	0.01039	0.00688	0.00904	0.00834	0.01008	0.00631	0.00631	0.01340	0.01830	0.07049	0.68509	0.04662	0.05815	0.01288	0.00755	0.00203	0.00320	0.01136	0.00717	0.00640
57	0.01541	0.01331	0.01398	0.01263	0.01617	0.01524	0.00981	0.03237	0.66562	0.02628	0.02937	0.02709	0.07537	0.00936	0.00666	0.00219	0.00497	0.00780	0.00653	0.00985
58	0.01421	0.03067	0.63597	0.01864	0.02765	0.01474	0.07659	0.02122	0.01409	0.06849	0.01264	0.01450	0.00883	0.00621	0.00628	0.00205	0.00938	0.00511	0.00312	0.00958
59	0.00937	0.00636	0.00751	0.00751	0.00767	0.00652	0.00449	0.00969	0.00953	0.01287	0.01993	0.03993	0.02247	0.67200	0.13241	0.00684	0.00780	0.00905	0.00385	0.00417
60	0.05224	0.49996	0.02774	0.01236	0.01736	0.12822	0.01121	0.10955	0.05342	0.01975	0.01088	0.01194	0.00919	0.00617	0.00481	0.00156	0.00745	0.00406	0.00357	0.00857
61	0.01990	0.04085	0.10362	0.01799	0.10131	0.10392	0.04466	0.21734	0.08500	0.09303	0.03272	0.01688	0.01247	0.00733	0.00694	0.00194	0.04052	0.00576	0.00494	0.04289

[dist]
# distance from previous block
# <min> <max>
0	2

[block]
# block no. 1 follows, 34 sequences, length 21
# corresponding to MSA columns:
# 64-84
name=unknown_B
#
# <colnr> <probs for GDERKNQSTAVLIFYWHMCP>
#	G	D	E	R	K	N	Q	S	T	A	V	L	I	F	Y	W	H	M	C	P
0	0.07493	0.41675	0.10339	0.03600	0.03527	0.14494	0.01280	0.05106	0.01488	0.04277	0.01043	0.01190	0.00863	0.00603	0.00494	0.00163	0.00789	0.00405	0.00330	0.00842
1	0.02045	0.01569	0.01687	0.01377	0.01806	0.01757	0.01107	0.41447	0.27994	0.03403	0.03977	0.01976	0.01561	0.00892	0.00736	0.03738	0.00620	0.00652	0.00636	0.01021
2	0.00929	0.00628	0.00702	0.00702	0.00715	0.00621	0.00398	0.00939	0.00972	0.01283	0.02314	0.04351	0.06703	0.72630	0.03133	0.00601	0.00608	0.00966	0.00404	0.00401
3	0.01599	0.01535	0.02623	0.03966	0.73262	0.01535	0.01983	0.01983	0.01471	0.02111	0.01215	0.01599	0.01023	0.00576	0.00640	0.00192	0.00768	0.00576	0.00320	0.01023
4	0.00907	0.00660	0.00853	0.00805	0.00961	0.00606	0.00604	0.01205	0.01811	0.02548	0.69565	0.04897	0.09479	0.01337	0.00762	0.00204	0.00306	0.01178	0.00706	0.00606
5	0.81856	0.01250	0.00950	0.00850	0.01250	0.01449	0.00700	0.01899	0.01100	0.02899	0.00900	0.01050	0.00700	0.00600	0.00400	0.00200	0.00500	0.00350	0.00400	0.00700
6	0.00781	0.00651	0.00681	0.00681	0.00885	0.00551	0.00508	0.00957	0.01501	0.01831	0.13409	0.08993	0.63116	0.01619	0.00766	0.00218	0.00327	0.01363	0.00612	0.00551
7	0.02486	0.01762	0.01909	0.01464	0.01980	0.01933	0.01209	0.66520	0.02958	0.08772	0.01619	0.01595	0.01133	0.00777	0.00647	0.00194	0.00700	0.00586	0.00657	0.01099
8	0.01316	0.01123	0.01315	0.00955	0.01506	0.00847	0.00759	0.01596	0.01335	0.02086	0.01252	0.04572	0.01099	0.00545	0.00493	0.00103	0.00474	0.00445	0.00392	0.77788
9	0.01296	0.03342	0.73944	0.01842	0.02797	0.01501	0.02387	0.02046	0.01364	0.02046	0.01160	0.01364	0.00818	0.00614	0.00614	0.00205	0.00955	0.00477	0.00273	0.00955
10	0.01607	0.01388	0.01461	0.01315	0.01680	0.01607	0.01023	0.03433	0.72094	0.02703	0.02630	0.02411	0.01972	0.00877	0.00657	0.00219	0.00511	0.00731	0.00657	0.01023
11	0.00917	0.00732	0.00866	0.00896	0.03883	0.00663	0.00639	0.03479	0.01642	0.02133	0.28752	0.07566	0.40254	0.01473	0.00760	0.00215	0.00361	0.03533	0.00628	0.00607
12	0.01634	0.01595	0.05136	0.15700	0.41440	0.06303	0.01746	0.07325	0.01588	0.04186	0.03435	0.01727	0.01171	0.00792	0.03288	0.00226	0.00827	0.00586	0.00365	0.00929
13	0.01220	0.01148	0.01938	0.75739	0.04450	0.01436	0.01794	0.01651	0.01292	0.01651	0.01148	0.01723	0.00861	0.00646	0.00646	0.00215	0.00861	0.00574	0.00287	0.00718
14	0.01680	0.01424	0.01502	0.01330	0.01708	0.01641	0.01040	0.09248	0.66161	0.02821	0.02537	0.02337	0.01897	0.00868	0.00657	0.00217	0.00529	0.00718	0.00657	0.01029
15	0.02160	0.09782	0.16017	0.01620	0.02104	0.49863	0.01441	0.02449	0.01694	0.05603	0.01106	0.01249	0.00871	0.00653	0.00577	0.00173	0.01048	0.00434	0.00342	0.00816
16	0.00908	0.00656	0.00819	0.00778	0.00940	0.00600	0.00584	0.01192	0.01751	0.02457	0.59328	0.04899	0.15660	0.01336	0.00745	0.00203	0.00308	0.01166	0.05070	0.00600
17	0.08300	0.01410	0.01676	0.01294	0.01787	0.01433	0.03011	0.31571	0.02272	0.34312	0.02136	0.01992	0.04188	0.00802	0.00638	0.00199	0.00620	0.00631	0.00685	0.01042
18	0.02203	0.09752	0.02199	0.01517	0.02019	0.01903	0.08481	0.49884	0.02526	0.05778	0.01520	0.01704	0.01152	0.05444	0.00797	0.00217	0.00738	0.00600	0.00563	0.01003
19	0.01122	0.00561	0.00842	0.00842	0.00842	0.00561	0.00561	0.00842	0.00842	0.01122	0.01122	0.01964	0.01122	0.02245	0.02525	0.81201	0.00561	0.00561	0.00281	0.00281
20	0.01539	0.01460	0.03710	0.02509	0.31681	0.04374	0.10414	0.05746	0.07547	0.04664	0.07371	0.04601	0.09831	0.00838	0.00683	0.00203	0.00702	0.00777	0.00452	0.00898

[dist]
# distance from previous block
# <min> <max>
0	1

[block]
# block no. 2 follows, 34 sequences, length 49
# corresponding to MSA columns:
# 86-134
name=unknown_C
#
# <colnr> <probs for GDERKNQSTAVLIFYWHMCP>
#	G	D	E	R	K	N	Q	S	T	A	V	L	I	F	Y	W	H	M	C	P
0	0.01776	0.01615	0.07991	0.01735	0.09402	0.06013	0.11335	0.04920	0.09842	0.13899	0.03539	0.01784	0.01316	0.00655	0.00618	0.00175	0.00701	0.00581	0.00475	0.21628
1	0.65664	0.03266	0.01091	0.00934	0.01320	0.06903	0.00759	0.02026	0.05415	0.02734	0.01063	0.01198	0.00830	0.00627	0.00431	0.00195	0.00546	0.00388	0.03888	0.00722
2	0.02110	0.01590	0.04628	0.03339	0.02057	0.03698	0.08352	0.24214	0.19518	0.17533	0.02030	0.02127	0.01484	0.00809	0.00668	0.00208	0.00689	0.03321	0.00613	0.01012
3	0.01563	0.01480	0.02500	0.09925	0.60215	0.01507	0.03741	0.04315	0.01503	0.02121	0.01313	0.04479	0.01135	0.00643	0.00651	0.00197	0.00767	0.00629	0.00339	0.00977
4	0.00889	0.00659	0.00828	0.00786	0.00949	0.00599	0.00589	0.01169	0.01768	0.02446	0.61545	0.05065	0.17563	0.01375	0.00762	0.00206	0.00309	0.01202	0.00692	0.00599
5	0.02414	0.03079	0.01831	0.01665	0.01998	0.74698	0.01248	0.02580	0.01831	0.01581	0.00999	0.01165	0.00832	0.00666	0.00583	0.00166	0.01165	0.00416	0.00333	0.00749
6	0.00792	0.00566	0.00754	0.00897	0.00938	0.00528	0.00600	0.00911	0.01258	0.01682	0.05967	0.74372	0.04337	0.02000	0.00823	0.00260	0.00372	0.01814	0.00604	0.00528
7	0.01296	0.03342	0.73944	0.01842	0.02797	0.01501	0.02387	0.02046	0.01364	0.02046	0.01160	0.01364	0.00818	0.00614	0.00614	0.00205	0.00955	0.00477	0.00273	0.00955
8	0.01220	0.01148	0.01938	0.75739	0.04450	0.01436	0.01794	0.01651	0.01292	0.01651	0.01148	0.01723	0.00861	0.00646	0.00646	0.00215	0.00861	0.00574	0.00287	0.00718
9	0.02899	0.01100	0.01499	0.01150	0.01649	0.00950	0.00950	0.03149	0.01849	0.73709	0.02549	0.02199	0.01599	0.00800	0.00650	0.00200	0.00550	0.00650	0.00800	0.01100
10	0.00892	0.00660	0.00833	0.00789	0.00952	0.00600	0.00592	0.01176	0.01776	0.02466	0.63087	0.05033	0.16009	0.01368	0.00762	0.00205	0.00308	0.01197	0.00695	0.00600
11	0.16883	0.01685	0.01759	0.03948	0.01951	0.01883	0.01151	0.56084	0.02624	0.03774	0.01419	0.01466	0.01018	0.00739	0.00601	0.00196	0.00678	0.00539	0.00589	0.01013
12	0.04369	0.08456	0.03357	0.02329	0.02898	0.06047	0.52365	0.02025	0.01502	0.02023	0.04317	0.01742	0.01164	0.00611	0.00762	0.00209	0.03945	0.00700	0.00340	0.00837
13	0.01602	0.56083	0.23886	0.01319	0.01989	0.02250	0.01478	0.01967	0.01328	0.01673	0.00974	0.01132	0.00826	0.00571	0.00472	0.00157	0.00768	0.00384	0.00275	0.00866
14	0.00942	0.00704	0.00959	0.07434	0.01273	0.00683	0.00714	0.01257	0.01782	0.02508	0.66578	0.04552	0.05634	0.01261	0.00752	0.00204	0.00354	0.01116	0.00674	0.00619
15	0.01220	0.01148	0.01938	0.75739	0.04450	0.01436	0.01794	0.01651	0.01292	0.01651	0.01148	0.01723	0.00861	0.00646	0.00646	0.00215	0.00861	0.00574	0.00287	0.00718
16	0.00938	0.00632	0.00734	0.00734	0.00744	0.00642	0.00428	0.00959	0.00948	0.01275	0.02009	0.04079	0.02284	0.70890	0.09602	0.00663	0.00724	0.00918	0.00388	0.00408
17	0.81856	0.01250	0.00950	0.00850	0.01250	0.01449	0.00700	0.01899	0.01100	0.02899	0.00900	0.01050	0.00700	0.00600	0.00400	0.00200	0.00500	0.00350	0.00400	0.00700
18	0.81856	0.01250	0.00950	0.00850	0.01250	0.01449	0.00700	0.01899	0.01100	0.02899	0.00900	0.01050	0.00700	0.00600	0.00400	0.00200	0.00500	0.00350	0.00400	0.00700
19	0.01414	0.01414	0.01979	0.01696	0.01696	0.01979	0.01414	0.01555	0.00990	0.01555	0.00848	0.01414	0.00848	0.01131	0.02120	0.00283	0.76110	0.00565	0.00283	0.00707
20	0.00923	0.00692	0.01038	0.01038	0.01154	0.00808	0.00808	0.01154	0.01038	0.01500	0.01731	0.02538	0.01615	0.04846	0.74732	0.01038	0.01731	0.00692	0.00346	0.00577
21	0.00914	0.00660	0.00864	0.00813	0.00965	0.00610	0.00610	0.01219	0.01829	0.02591	0.72921	0.04827	0.06097	0.01321	0.00762	0.00203	0.00305	0.01169	0.00711	0.00610
22	0.01525	0.01743	0.03813	0.02723	0.03377	0.01634	0.70915	0.02070	0.01525	0.02070	0.01307	0.01743	0.00980	0.00545	0.00763	0.00218	0.01089	0.00763	0.00327	0.00871
23	0.81856	0.01250	0.00950	0.00850	0.01250	0.01449	0.00700	0.01899	0.01100	0.02899	0.00900	0.01050	0.00700	0.00600	0.00400	0.00200	0.00500	0.00350	0.00400	0.00700
24	0.01414	0.01414	0.01979	0.01696	0.01696	0.01979	0.01414	0.01555	0.00990	0.01555	0.00848	0.01414	0.00848	0.01131	0.02120	0.00283	0.76110	0.00565	0.00283	0.00707
25	0.00899	0.00660	0.00842	0.00797	0.00956	0.00603	0.00598	0.01190	0.01793	0.02505	0.66159	0.04968	0.12912	0.01353	0.00762	0.00205	0.00307	0.01188	0.00700	0.00603
26	0.01727	0.77681	0.03386	0.01106	0.01658	0.02557	0.01106	0.01935	0.01313	0.01520	0.00898	0.01036	0.00829	0.00553	0.00415	0.00138	0.00691	0.00345	0.00276	0.00829
27	0.10020	0.01404	0.01442	0.01279	0.01659	0.01619	0.01004	0.08181	0.59699	0.02823	0.02372	0.02207	0.01777	0.00840	0.00630	0.00215	0.00525	0.00680	0.00630	0.00995
28	0.01028	0.00780	0.00962	0.00895	0.01083	0.00773	0.00677	0.01582	0.13354	0.02609	0.61391	0.04430	0.05420	0.01248	0.00745	0.00206	0.00339	0.01097	0.00702	0.00677
29	0.02899	0.01100	0.01499	0.01150	0.01649	0.00950	0.00950	0.03149	0.01849	0.73709	0.02549	0.02199	0.01599	0.00800	0.00650	0.00200	0.00550	0.00650	0.00800	0.01100
30	0.01777	0.01897	0.08249	0.06534	0.11204	0.15374	0.01364	0.12262	0.24873	0.02419	0.01817	0.06264	0.01475	0.00814	0.00645	0.00203	0.00750	0.00664	0.00490	0.00926
31	0.00780	0.00651	0.00682	0.00697	0.00898	0.00553	0.00523	0.00948	0.01465	0.01767	0.07919	0.11445	0.63554	0.01663	0.00773	0.00224	0.00340	0.03967	0.00603	0.00547
32	0.01021	0.00841	0.02706	0.01052	0.04547	0.00786	0.00773	0.01480	0.08739	0.02444	0.51615	0.04341	0.08372	0.01462	0.05168	0.00257	0.00456	0.02621	0.00647	0.00673
33	0.06577	0.01697	0.01794	0.01392	0.01877	0.01877	0.01146	0.62624	0.02819	0.03895	0.01555	0.01584	0.01116	0.00765	0.00620	0.00191	0.00671	0.00571	0.06185	0.01043
34	0.01322	0.01101	0.01736	0.34424	0.19501	0.01201	0.01439	0.01665	0.01398	0.06132	0.04038	0.02604	0.11896	0.03729	0.00756	0.00221	0.00688	0.00728	0.04656	0.00765
35	0.01305	0.02221	0.36941	0.06731	0.11621	0.01361	0.01799	0.02055	0.11399	0.02168	0.09712	0.02281	0.04423	0.00794	0.00655	0.00208	0.00756	0.02271	0.00404	0.00895
36	0.01532	0.01436	0.03877	0.01493	0.07384	0.06184	0.08191	0.03429	0.01453	0.05407	0.03115	0.01604	0.01150	0.02577	0.00698	0.00156	0.04060	0.00502	0.00395	0.45354
37	0.01363	0.17125	0.55113	0.01693	0.02523	0.01661	0.04446	0.01977	0.01355	0.01931	0.01219	0.04567	0.00975	0.00661	0.00591	0.00195	0.00885	0.00521	0.00289	0.00910
38	0.69579	0.08113	0.01204	0.00892	0.01312	0.01517	0.00752	0.01983	0.01167	0.07323	0.01006	0.01122	0.00769	0.00608	0.00417	0.00194	0.00520	0.00369	0.00414	0.00737
39	0.02387	0.06004	0.01892	0.01643	0.01984	0.71870	0.01243	0.02555	0.01811	0.01579	0.00995	0.01160	0.00832	0.00661	0.00576	0.00165	0.01147	0.00413	0.00331	0.00752
40	0.02480	0.01772	0.01916	0.01469	0.01985	0.01948	0.01213	0.67507	0.02975	0.07762	0.01604	0.01586	0.01125	0.00777	0.00647	0.00194	0.00702	0.00585	0.00654	0.01099
41	0.00827	0.00676	0.00789	0.00868	0.04029	0.00594	0.00594	0.01011	0.01481	0.01868	0.15539	0.19208	0.46990	0.01618	0.00770	0.00223	0.00352	0.01391	0.00604	0.00572
42	0.00996	0.00893	0.00869	0.00833	0.01028	0.07863	0.00623	0.01223	0.01666	0.02116	0.36440	0.06928	0.33350	0.01406	0.00747	0.00207	0.00401	0.01193	0.00625	0.00594
43	0.00938	0.00634	0.00742	0.00742	0.00755	0.00647	0.00438	0.00964	0.00951	0.01281	0.02001	0.04038	0.02266	0.69122	0.11346	0.00673	0.00751	0.00912	0.00386	0.00412
44	0.65759	0.01313	0.01181	0.01187	0.07679	0.01496	0.00860	0.05665	0.05480	0.02880	0.01066	0.01206	0.00826	0.00624	0.00450	0.00200	0.00535	0.00405	0.00421	0.00769
45	0.00940	0.00626	0.00705	0.00705	0.00705	0.00626	0.00392	0.00940	0.00940	0.01253	0.02036	0.04228	0.02349	0.77292	0.03289	0.00626	0.00626	0.00940	0.00392	0.00392
46	0.01615	0.01568	0.02893	0.05243	0.49959	0.01539	0.20840	0.02040	0.01495	0.04588	0.01285	0.01662	0.01028	0.00577	0.00674	0.00200	0.00850	0.00629	0.00338	0.00977
47	0.00787	0.00562	0.00750	0.00900	0.00937	0.00525	0.00600	0.00900	0.01237	0.01649	0.03561	0.76871	0.04274	0.02024	0.00825	0.00262	0.00375	0.01837	0.00600	0.00525
48	0.03548	0.03162	0.01948	0.58025	0.07525	0.07142	0.01666	0.01843	0.01372	0.06007	0.01212	0.01667	0.00907	0.00650	0.00629	0.00207	0.00848	0.00555	0.00326	0.00761

[dist]
# distance from previous block
# <min> <max>
0	4

[block]
# block no. 3 follows, 34 sequences, length 27
# corresponding to MSA columns:
# 139-165
name=unknown_D
#
# <colnr> <probs for GDERKNQSTAVLIFYWHMCP>
#	G	D	E	R	K	N	Q	S	T	A	V	L	I	F	Y	W	H	M	C	P
0	0.01726	0.67654	0.09264	0.01196	0.01772	0.06095	0.01221	0.01977	0.01343	0.01568	0.00925	0.01071	0.00828	0.00564	0.00440	0.00145	0.00737	0.00360	0.00279	0.00836
1	0.01722	0.06497	0.02433	0.05312	0.18016	0.01501	0.17973	0.11285	0.04427	0.08596	0.03525	0.01941	0.04391	0.00684	0.00649	0.00189	0.00746	0.00649	0.00445	0.09019
2	0.01457	0.02321	0.33346	0.02065	0.05714	0.01553	0.21806	0.07412	0.03794	0.02241	0.06094	0.01767	0.01290	0.00693	0.00765	0.00212	0.05565	0.00632	0.00362	0.00909
3	0.00920	0.00675	0.00970	0.00976	0.01069	0.00765	0.00729	0.01107	0.01031	0.01465	0.01864	0.06147	0.01857	0.16861	0.59452	0.00935	0.01485	0.00785	0.00365	0.00544
4	0.03713	0.02193	0.24512	0.01458	0.01956	0.16802	0.01441	0.08258	0.01621	0.08246	0.01723	0.02643	0.01533	0.09484	0.00953	0.00257	0.00838	0.11126	0.00431	0.00811
5	0.01627	0.01612	0.02517	0.09173	0.63242	0.06534	0.01919	0.01999	0.01482	0.02040	0.01196	0.01579	0.00998	0.00587	0.00636	0.00192	0.00802	0.00565	0.00318	0.00982
6	0.00929	0.00669	0.00919	0.00919	0.00992	0.00743	0.00658	0.01077	0.01003	0.01411	0.01840	0.03146	0.01879	0.30876	0.49062	0.00890	0.01334	0.00781	0.00362	0.00510
7	0.00771	0.00655	0.00665	0.00662	0.00877	0.00549	0.00497	0.00942	0.01491	0.01788	0.09872	0.06149	0.69647	0.01621	0.00764	0.00217	0.00326	0.01354	0.00606	0.00549
8	0.00914	0.00660	0.00864	0.00813	0.00965	0.00610	0.00610	0.01219	0.01829	0.02591	0.72921	0.04827	0.06097	0.01321	0.00762	0.00203	0.00305	0.01169	0.00711	0.00610
9	0.01296	0.03342	0.73944	0.01842	0.02797	0.01501	0.02387	0.02046	0.01364	0.02046	0.01160	0.01364	0.00818	0.00614	0.00614	0.00205	0.00955	0.00477	0.00273	0.00955
10	0.01599	0.01535	0.02623	0.03966	0.73262	0.01535	0.01983	0.01983	0.01471	0.02111	0.01215	0.01599	0.01023	0.00576	0.00640	0.00192	0.00768	0.00576	0.00320	0.01023
11	0.81856	0.01250	0.00950	0.00850	0.01250	0.01449	0.00700	0.01899	0.01100	0.02899	0.00900	0.01050	0.00700	0.00600	0.00400	0.00200	0.00500	0.00350	0.00400	0.00700
12	0.00937	0.00639	0.00766	0.00766	0.00787	0.00660	0.00468	0.00979	0.00958	0.01298	0.01980	0.03918	0.02214	0.64000	0.16397	0.00702	0.00829	0.00894	0.00383	0.00426
13	0.00794	0.00656	0.00697	0.00687	0.00892	0.00559	0.00515	0.00987	0.01545	0.01918	0.20077	0.05935	0.59360	0.01572	0.00763	0.00215	0.00323	0.01324	0.00623	0.00559
14	0.01754	0.00824	0.00941	0.00814	0.01086	0.00797	0.00642	0.06950	0.01610	0.21854	0.02187	0.02290	0.01601	0.00767	0.00519	0.00167	0.00398	0.00614	0.53412	0.00773
15	0.00783	0.00646	0.00687	0.00697	0.00890	0.00550	0.00515	0.00956	0.01487	0.01828	0.13523	0.13378	0.58543	0.01642	0.00770	0.00221	0.00330	0.01391	0.00612	0.00550
16	0.01727	0.77681	0.03386	0.01106	0.01658	0.02557	0.01106	0.01935	0.01313	0.01520	0.00898	0.01036	0.00829	0.00553	0.00415	0.00138	0.00691	0.00345	0.00276	0.00829
17	0.81856	0.01250	0.00950	0.00850	0.01250	0.01449	0.00700	0.01899	0.01100	0.02899	0.00900	0.01050	0.00700	0.00600	0.00400	0.00200	0.00500	0.00350	0.00400	0.00700
18	0.01493	0.01218	0.01323	0.01193	0.01518	0.01363	0.00925	0.02925	0.54201	0.05093	0.15533	0.02989	0.05446	0.00984	0.00680	0.00216	0.00468	0.00832	0.00670	0.00932
19	0.02456	0.01810	0.01939	0.01487	0.02004	0.02004	0.01228	0.71107	0.03038	0.04072	0.01551	0.01551	0.01099	0.00776	0.00646	0.00194	0.00711	0.00582	0.00646	0.01099
20	0.00787	0.00562	0.00750	0.00900	0.00937	0.00525	0.00600	0.00900	0.01237	0.01649	0.03561	0.76871	0.04274	0.02024	0.00825	0.00262	0.00375	0.01837	0.00600	0.00525
21	0.01607	0.01388	0.01461	0.01315	0.01680	0.01607	0.01023	0.03433	0.72094	0.02703	0.02630	0.02411	0.01972	0.00877	0.00657	0.00219	0.00511	0.00731	0.00657	0.01023
22	0.00860	0.00658	0.00788	0.00755	0.00932	0.00586	0.00566	0.01113	0.01699	0.02283	0.48754	0.05333	0.30456	0.01436	0.00763	0.00209	0.00313	0.01240	0.00671	0.00586
23	0.01568	0.01319	0.01396	0.01241	0.01596	0.01491	0.00969	0.09230	0.55511	0.02724	0.05967	0.02829	0.09389	0.00965	0.00672	0.00216	0.00502	0.00801	0.00653	0.00963
24	0.06002	0.05131	0.02377	0.07119	0.31217	0.11596	0.09922	0.05224	0.11005	0.02185	0.01366	0.01617	0.01087	0.00638	0.00627	0.00195	0.00812	0.00575	0.00382	0.00926
25	0.00978	0.00712	0.00856	0.00823	0.01020	0.00653	0.00634	0.01295	0.04546	0.04997	0.39160	0.05300	0.28261	0.01428	0.00765	0.00216	0.00354	0.06715	0.00665	0.00622
26	0.01686	0.68848	0.06336	0.01145	0.01686	0.04454	0.01144	0.01912	0.01326	0.01551	0.01032	0.04447	0.00983	0.00625	0.00446	0.00147	0.00702	0.00420	0.00292	0.00819

[dist]
# distance from previous block
# <min> <max>
1	5

[block]
# block no. 4 follows, 34 sequences, length 23
# corresponding to MSA columns:
# 171-193
name=unknown_E
#
# <colnr> <probs for GDERKNQSTAVLIFYWHMCP>
#	G	D	E	R	K	N	Q	S	T	A	V	L	I	F	Y	W	H	M	C	P
0	0.47803	0.15000	0.06687	0.01146	0.04065	0.04181	0.00990	0.03968	0.01309	0.08268	0.01084	0.01200	0.00831	0.00615	0.00459	0.00188	0.00608	0.00399	0.00403	0.00797
1	0.01754	0.01223	0.01358	0.01179	0.01540	0.01322	0.00928	0.08319	0.40536	0.14602	0.09121	0.02776	0.06868	0.00940	0.00662	0.00209	0.00493	0.00780	0.04439	0.00953
2	0.00940	0.00626	0.00705	0.00705	0.00705	0.00626	0.00392	0.00940	0.00940	0.01253	0.02036	0.04228	0.02349	0.77292	0.03289	0.00626	0.00626	0.00940	0.00392	0.00392
3	0.01060	0.00806	0.01125	0.01077	0.01204	0.00942	0.00834	0.06078	0.01167	0.01662	0.01695	0.02556	0.01601	0.10813	0.59043	0.00900	0.05765	0.00699	0.00368	0.00604
4	0.00764	0.00655	0.00655	0.00655	0.00873	0.00545	0.00491	0.00927	0.01473	0.01745	0.06546	0.06218	0.73000	0.01636	0.00764	0.00218	0.00327	0.01364	0.00600	0.00545
5	0.02620	0.01546	0.01776	0.01362	0.01872	0.01613	0.01125	0.45896	0.02597	0.29906	0.01921	0.01792	0.01285	0.00785	0.00648	0.00196	0.00651	0.00607	0.00703	0.01099
6	0.01041	0.00744	0.01041	0.01190	0.01339	0.00744	0.01041	0.01339	0.01487	0.01934	0.03421	0.07288	0.03719	0.01785	0.00892	0.00297	0.00595	0.68913	0.00595	0.00595
7	0.00764	0.00655	0.00655	0.00655	0.00873	0.00545	0.00491	0.00927	0.01473	0.01745	0.06546	0.06218	0.73000	0.01636	0.00764	0.00218	0.00327	0.01364	0.00600	0.00545
8	0.01903	0.01433	0.02360	0.03307	0.56501	0.01398	0.01741	0.02256	0.01560	0.18869	0.01528	0.01740	0.01158	0.00628	0.00642	0.00194	0.00717	0.00593	0.00432	0.01041
9	0.01414	0.01414	0.01979	0.01696	0.01696	0.01979	0.01414	0.01555	0.00990	0.01555	0.00848	0.01414	0.00848	0.01131	0.02120	0.00283	0.76110	0.00565	0.00283	0.00707
10	0.01607	0.01388	0.01461	0.01315	0.01680	0.01607	0.01023	0.03433	0.72094	0.02703	0.02630	0.02411	0.01972	0.00877	0.00657	0.00219	0.00511	0.00731	0.00657	0.01023
11	0.01525	0.01743	0.03813	0.02723	0.03377	0.01634	0.70915	0.02070	0.01525	0.02070	0.01307	0.01743	0.00980	0.00545	0.00763	0.00218	0.01089	0.00763	0.00327	0.00871
12	0.01538	0.21402	0.43040	0.01621	0.02368	0.04319	0.03947	0.02136	0.04695	0.05080	0.01214	0.01375	0.00916	0.00635	0.00618	0.00190	0.03197	0.00474	0.00319	0.00916
13	0.01924	0.02098	0.01749	0.01735	0.09328	0.37066	0.01228	0.02129	0.01581	0.05129	0.05415	0.01787	0.03926	0.00834	0.00907	0.00197	0.15905	0.00564	0.05736	0.00761
14	0.00914	0.00660	0.00864	0.00813	0.00965	0.00610	0.00610	0.01219	0.01829	0.02591	0.72921	0.04827	0.06097	0.01321	0.00762	0.00203	0.00305	0.01169	0.00711	0.00610
15	0.01331	0.00870	0.01025	0.00914	0.01182	0.00834	0.00708	0.04338	0.11526	0.13407	0.30588	0.04363	0.23850	0.01249	0.00726	0.00209	0.00393	0.01062	0.00683	0.00742
16	0.00936	0.00681	0.00913	0.01047	0.01170	0.00658	0.00852	0.01165	0.01412	0.01829	0.03799	0.27723	0.11342	0.01840	0.00859	0.00279	0.00501	0.41830	0.00597	0.00569
17	0.01340	0.01148	0.01340	0.00957	0.01531	0.00861	0.00766	0.01627	0.01340	0.02105	0.01148	0.01340	0.00957	0.00479	0.00479	0.00096	0.00479	0.00383	0.00383	0.81242
18	0.04523	0.00642	0.00798	0.00906	0.00974	0.00626	0.00613	0.03456	0.01276	0.01766	0.03268	0.65959	0.03872	0.06881	0.00962	0.00281	0.00409	0.01666	0.00579	0.00544
19	0.01599	0.01535	0.02623	0.03966	0.73262	0.01535	0.01983	0.01983	0.01471	0.02111	0.01215	0.01599	0.01023	0.00576	0.00640	0.00192	0.00768	0.00576	0.00320	0.01023
20	0.04676	0.01596	0.05343	0.05457	0.19955	0.04181	0.07808	0.16736	0.03986	0.08966	0.01517	0.04514	0.01199	0.00698	0.00630	0.00188	0.00725	0.00612	0.00462	0.10751
21	0.00931	0.07679	0.01002	0.00797	0.01003	0.00785	0.00610	0.01186	0.04247	0.01945	0.21962	0.15180	0.34991	0.03820	0.00814	0.00226	0.00378	0.01251	0.00594	0.00598
22	0.69261	0.04418	0.01149	0.00957	0.01355	0.10254	0.00781	0.01982	0.01195	0.02688	0.00911	0.01063	0.00721	0.00606	0.00422	0.00194	0.00587	0.00358	0.00387	0.00711

[dist]
# distance from previous block
# <min> <max>
0	1

[block]
# block no. 5 follows, 34 sequences, length 48
# corresponding to MSA columns:
# 195-242
name=unknown_F
#
# <colnr> <probs for GDERKNQSTAVLIFYWHMCP>
#	G	D	E	R	K	N	Q	S	T	A	V	L	I	F	Y	W	H	M	C	P
0	0.03794	0.47769	0.09599	0.01271	0.01850	0.02140	0.03299	0.10873	0.01602	0.10612	0.01216	0.01294	0.00956	0.00617	0.00501	0.00163	0.00709	0.00437	0.00390	0.00906
1	0.01092	0.04618	0.35022	0.01449	0.04358	0.01091	0.01499	0.01524	0.01335	0.01891	0.05563	0.32954	0.02515	0.01231	0.00703	0.00226	0.00667	0.01075	0.00432	0.00757
2	0.00914	0.00660	0.00864	0.00813	0.00965	0.00610	0.00610	0.01219	0.01829	0.02591	0.72921	0.04827	0.06097	0.01321	0.00762	0.00203	0.00305	0.01169	0.00711	0.00610
3	0.02414	0.03079	0.01831	0.01665	0.01998	0.74698	0.01248	0.02580	0.01831	0.01581	0.00999	0.01165	0.00832	0.00666	0.00583	0.00166	0.01165	0.00416	0.00333	0.00749
4	0.00777	0.00655	0.00672	0.00668	0.00881	0.00551	0.00501	0.00952	0.01503	0.01818	0.12205	0.06100	0.67295	0.01609	0.00764	0.00217	0.00325	0.01347	0.00609	0.00551
5	0.01296	0.03342	0.73944	0.01842	0.02797	0.01501	0.02387	0.02046	0.01364	0.02046	0.01160	0.01364	0.00818	0.00614	0.00614	0.00205	0.00955	0.00477	0.00273	0.00955
6	0.00980	0.00729	0.00920	0.00860	0.01033	0.00704	0.00649	0.01428	0.08456	0.02602	0.66291	0.04599	0.05708	0.01279	0.00752	0.00205	0.00324	0.01127	0.00706	0.00649
7	0.01727	0.77681	0.03386	0.01106	0.01658	0.02557	0.01106	0.01935	0.01313	0.01520	0.00898	0.01036	0.00829	0.00553	0.00415	0.00138	0.00691	0.00345	0.00276	0.00829
8	0.00817	0.00592	0.00772	0.00863	0.00940	0.00547	0.00595	0.00980	0.01397	0.01887	0.20799	0.54755	0.09006	0.01827	0.00806	0.00245	0.00355	0.01643	0.00627	0.00547
9	0.01662	0.01523	0.01472	0.01328	0.01679	0.08470	0.01024	0.03273	0.63186	0.02551	0.02457	0.02351	0.01877	0.03307	0.00735	0.00227	0.00577	0.00708	0.00618	0.00977
10	0.81856	0.01250	0.00950	0.00850	0.01250	0.01449	0.00700	0.01899	0.01100	0.02899	0.00900	0.01050	0.00700	0.00600	0.00400	0.00200	0.00500	0.00350	0.00400	0.00700
11	0.01599	0.01535	0.02623	0.03966	0.73262	0.01535	0.01983	0.01983	0.01471	0.02111	0.01215	0.01599	0.01023	0.00576	0.00640	0.00192	0.00768	0.00576	0.00320	0.01023
12	0.00842	0.00652	0.00769	0.00769	0.00939	0.00580	0.00577	0.01066	0.01600	0.02100	0.33951	0.12387	0.35193	0.01548	0.00775	0.00220	0.00335	0.04478	0.00646	0.00573
13	0.00783	0.00655	0.00681	0.00675	0.00884	0.00554	0.00506	0.00964	0.01518	0.01852	0.14941	0.06042	0.64537	0.01596	0.00763	0.00216	0.00324	0.01339	0.00614	0.00554
14	0.01316	0.06810	0.70653	0.01807	0.02743	0.01550	0.02327	0.02041	0.01362	0.02022	0.01147	0.01349	0.00819	0.00611	0.00605	0.00202	0.00943	0.00471	0.00273	0.00949
15	0.01563	0.01499	0.02558	0.10725	0.66781	0.01526	0.01965	0.01952	0.01454	0.02068	0.01209	0.01611	0.01008	0.00582	0.00640	0.00194	0.00776	0.00576	0.00317	0.00995
16	0.01525	0.01743	0.03813	0.02723	0.03377	0.01634	0.70915	0.02070	0.01525	0.02070	0.01307	0.01743	0.00980	0.00545	0.00763	0.00218	0.01089	0.00763	0.00327	0.00871
17	0.00809	0.00652	0.00720	0.00712	0.00903	0.00563	0.00531	0.01011	0.01565	0.01987	0.25711	0.09170	0.50274	0.01563	0.00766	0.00216	0.00323	0.01329	0.00632	0.00563
18	0.01399	0.05990	0.18652	0.01351	0.01810	0.01266	0.05990	0.09099	0.10201	0.05591	0.08127	0.15585	0.07518	0.03541	0.00770	0.00227	0.00638	0.00916	0.00509	0.00819
19	0.01320	0.00982	0.01415	0.01234	0.01492	0.00966	0.09793	0.11339	0.03977	0.07133	0.15835	0.30961	0.05665	0.01385	0.00763	0.00230	0.00524	0.03653	0.00607	0.00725
20	0.01798	0.01286	0.01822	0.01483	0.01826	0.01404	0.10465	0.07480	0.18069	0.18302	0.05368	0.04025	0.01725	0.01274	0.07908	0.00301	0.13289	0.00723	0.00553	0.00898
21	0.00792	0.00566	0.00754	0.00897	0.00938	0.00528	0.00600	0.00911	0.01258	0.01683	0.06030	0.74306	0.04338	0.01999	0.00822	0.00260	0.00372	0.01813	0.00604	0.00528
22	0.01565	0.06335	0.37711	0.02151	0.08368	0.12868	0.17819	0.02124	0.01479	0.01960	0.01161	0.01423	0.00875	0.00600	0.00636	0.00198	0.00991	0.00535	0.00298	0.00904
23	0.02402	0.16579	0.02075	0.01378	0.01842	0.22602	0.03372	0.09195	0.04261	0.27612	0.01652	0.01608	0.01175	0.00706	0.00589	0.00179	0.00786	0.00524	0.00529	0.00936
24	0.01514	0.01820	0.07177	0.02681	0.03349	0.01628	0.67628	0.02069	0.01517	0.02069	0.01300	0.01725	0.00973	0.00548	0.00755	0.00217	0.01083	0.00749	0.00324	0.00875
25	0.00814	0.00639	0.00698	0.00729	0.00874	0.00567	0.00516	0.00945	0.01335	0.01646	0.05068	0.17290	0.45347	0.15922	0.01254	0.00306	0.00404	0.04571	0.00561	0.00516
26	0.04601	0.15277	0.26792	0.03386	0.07172	0.09530	0.01637	0.15875	0.01762	0.06342	0.01248	0.01385	0.00932	0.00649	0.00580	0.00186	0.00830	0.00484	0.00392	0.00939
27	0.05775	0.17014	0.02282	0.01954	0.15087	0.36799	0.03771	0.04479	0.01642	0.01829	0.01113	0.03309	0.00968	0.00660	0.00567	0.00173	0.00930	0.00485	0.00340	0.00823
28	0.01476	0.06031	0.38477	0.07956	0.13076	0.01560	0.05630	0.09139	0.01570	0.02232	0.03711	0.01572	0.01079	0.00642	0.00623	0.00197	0.00852	0.00541	0.00341	0.03296
29	0.04695	0.17300	0.04885	0.03638	0.06174	0.22457	0.07867	0.12056	0.04002	0.02100	0.01144	0.01356	0.00929	0.00689	0.00724	0.00188	0.08079	0.00496	0.00370	0.00852
30	0.02456	0.01810	0.01939	0.01487	0.02004	0.02004	0.01228	0.71107	0.03038	0.04072	0.01551	0.01551	0.01099	0.00776	0.00646	0.00194	0.00711	0.00582	0.00646	0.01099
31	0.01560	0.01231	0.01501	0.03572	0.01736	0.01164	0.04163	0.06187	0.20693	0.08107	0.02039	0.04665	0.04864	0.00749	0.00595	0.00165	0.00536	0.00633	0.00519	0.35323
32	0.00799	0.00567	0.00746	0.00885	0.00920	0.00532	0.00584	0.00903	0.01215	0.01620	0.03447	0.71408	0.04129	0.07684	0.01010	0.00290	0.00394	0.01769	0.00584	0.00515
33	0.05825	0.01977	0.01921	0.01680	0.05363	0.26141	0.07754	0.12930	0.05232	0.10487	0.01583	0.01719	0.03607	0.00899	0.03136	0.00225	0.07623	0.00577	0.00458	0.00863
34	0.01724	0.01666	0.02299	0.12114	0.27353	0.12883	0.11580	0.02231	0.08691	0.07088	0.03043	0.03704	0.01297	0.00694	0.00659	0.00200	0.00827	0.00644	0.00403	0.00902
35	0.00927	0.00669	0.00879	0.00965	0.01064	0.00656	0.00725	0.01178	0.03878	0.01889	0.15435	0.33363	0.04106	0.09052	0.02901	0.00314	0.00487	0.20351	0.00594	0.00565
36	0.00806	0.00636	0.00726	0.00745	0.00909	0.00557	0.00543	0.00993	0.01510	0.01932	0.22140	0.20921	0.42008	0.01642	0.00776	0.00224	0.00332	0.01417	0.00627	0.00557
37	0.08123	0.02338	0.30504	0.01535	0.02172	0.06722	0.01592	0.14967	0.16910	0.06486	0.01590	0.01630	0.01151	0.00712	0.00612	0.00202	0.00772	0.00546	0.00466	0.00969
38	0.01612	0.01579	0.02477	0.18072	0.41341	0.05835	0.08822	0.06039	0.04021	0.02117	0.01267	0.01639	0.01012	0.00614	0.00651	0.00199	0.00830	0.00591	0.00345	0.00934
39	0.00773	0.00619	0.00691	0.00749	0.00898	0.00538	0.00533	0.00917	0.01382	0.01709	0.05397	0.33415	0.46544	0.01786	0.00787	0.00235	0.00346	0.01546	0.00600	0.00538
40	0.00819	0.00657	0.00732	0.00713	0.00907	0.00569	0.00535	0.01035	0.01604	0.02058	0.31062	0.05704	0.48288	0.01520	0.00763	0.00213	0.00319	0.01292	0.00641	0.00569
41	0.01510	0.34442	0.42265	0.01528	0.02296	0.04129	0.01817	0.02016	0.01357	0.01812	0.01045	0.01221	0.00823	0.00590	0.00530	0.00176	0.00851	0.00420	0.00276	0.00896
42	0.01813	0.02126	0.29030	0.05861	0.12148	0.01411	0.12194	0.05524	0.01596	0.19645	0.01547	0.01684	0.01077	0.00653	0.00652	0.00204	0.00835	0.00585	0.00434	0.00982
43	0.01570	0.01523	0.02516	0.13126	0.62714	0.03281	0.01941	0.01955	0.01457	0.02039	0.01202	0.01605	0.00998	0.00587	0.00639	0.00194	0.00789	0.00572	0.00316	0.00978
44	0.00850	0.00624	0.00800	0.00846	0.00960	0.00574	0.00611	0.01060	0.01530	0.02074	0.33306	0.34016	0.13782	0.01666	0.00794	0.00233	0.00350	0.04711	0.00647	0.00567
45	0.03842	0.01905	0.15953	0.07290	0.22964	0.04976	0.08650	0.09843	0.03527	0.12601	0.01457	0.01645	0.01068	0.00652	0.00641	0.00200	0.00810	0.00578	0.00426	0.00973
46	0.03965	0.02147	0.19369	0.02268	0.22226	0.10177	0.03499	0.13249	0.06437	0.08333	0.01428	0.01577	0.01065	0.00666	0.00627	0.00196	0.00817	0.00550	0.00426	0.00980
47	0.01088	0.00820	0.01103	0.06234	0.01392	0.00876	0.00830	0.01359	0.03577	0.05748	0.07345	0.10465	0.15599	0.04034	0.26707	0.00513	0.06143	0.00933	0.00472	0.04760

[dist]
# distance from previous block
# <min> <max>
0	5

# created by:
# /home/berkeley/.conda/envs/busco_data_prod/bin/msa2prfl.pl pipeline/OGs_align_augustus/4893/11216.fs
