[name]
unknown

[dist]
# distance from previous block
# <min> <max>
0	45

[block]
# block no. 0 follows, 34 sequences, length 34
# corresponding to MSA columns:
# 45-78
name=unknown_A
#
# <colnr> <probs for GDERKNQSTAVLIFYWHMCP>
#	G	D	E	R	K	N	Q	S	T	A	V	L	I	F	Y	W	H	M	C	P
0	0.01041	0.00744	0.01041	0.01190	0.01339	0.00744	0.01041	0.01339	0.01487	0.01934	0.03421	0.07288	0.03719	0.01785	0.00892	0.00297	0.00595	0.68913	0.00595	0.00595
1	0.02456	0.01810	0.01939	0.01487	0.02004	0.02004	0.01228	0.71107	0.03038	0.04072	0.01551	0.01551	0.01099	0.00776	0.00646	0.00194	0.00711	0.00582	0.00646	0.01099
2	0.02321	0.02289	0.01776	0.01518	0.01921	0.36211	0.01183	0.22452	0.14212	0.07463	0.01544	0.01561	0.01157	0.00743	0.00618	0.00186	0.00880	0.00534	0.00511	0.00921
3	0.01677	0.01278	0.01388	0.01231	0.01595	0.01421	0.00962	0.03148	0.56450	0.11034	0.04958	0.02741	0.07363	0.00937	0.00668	0.00216	0.00496	0.00781	0.00672	0.00984
4	0.00791	0.00569	0.00750	0.00888	0.00936	0.00529	0.00596	0.00912	0.01266	0.01686	0.06119	0.71814	0.06780	0.01986	0.00820	0.00259	0.00371	0.01796	0.00604	0.00529
5	0.00940	0.00626	0.00705	0.00705	0.00705	0.00626	0.00392	0.00940	0.00940	0.01253	0.02036	0.04228	0.02349	0.77292	0.03289	0.00626	0.00626	0.00940	0.00392	0.00392
6	0.01727	0.77681	0.03386	0.01106	0.01658	0.02557	0.01106	0.01935	0.01313	0.01520	0.00898	0.01036	0.00829	0.00553	0.00415	0.00138	0.00691	0.00345	0.00276	0.00829
7	0.01727	0.77681	0.03386	0.01106	0.01658	0.02557	0.01106	0.01935	0.01313	0.01520	0.00898	0.01036	0.00829	0.00553	0.00415	0.00138	0.00691	0.00345	0.00276	0.00829
8	0.00794	0.00649	0.00701	0.00701	0.00895	0.00556	0.00521	0.00981	0.01524	0.01899	0.18891	0.10828	0.55609	0.01603	0.00768	0.00218	0.00326	0.01359	0.00621	0.00556
9	0.00940	0.00626	0.00705	0.00705	0.00705	0.00626	0.00392	0.00940	0.00940	0.01253	0.02036	0.04228	0.02349	0.77292	0.03289	0.00626	0.00626	0.00940	0.00392	0.00392
10	0.01640	0.01471	0.02244	0.01757	0.02214	0.01540	0.24506	0.10607	0.31249	0.04595	0.06427	0.05142	0.01871	0.00823	0.00704	0.00216	0.00712	0.00792	0.00550	0.00938
11	0.00876	0.00659	0.00810	0.00773	0.00942	0.00593	0.00579	0.01145	0.01738	0.02376	0.56025	0.05181	0.23126	0.01401	0.00762	0.00207	0.00311	0.01218	0.00683	0.00593
12	0.07952	0.01727	0.02158	0.01681	0.02168	0.07203	0.17379	0.28581	0.16817	0.02979	0.01770	0.01841	0.03237	0.00746	0.00656	0.00204	0.00765	0.00647	0.00531	0.00958
13	0.01390	0.19532	0.58578	0.01681	0.02549	0.01731	0.02108	0.02022	0.01353	0.01932	0.01103	0.01293	0.00821	0.00601	0.00570	0.00190	0.00897	0.00449	0.00274	0.00928
14	0.00968	0.00675	0.00863	0.00807	0.00979	0.00615	0.00609	0.01255	0.01790	0.04998	0.63122	0.04888	0.13322	0.01337	0.00758	0.00205	0.00316	0.01172	0.00702	0.00620
15	0.01778	0.72449	0.03286	0.01132	0.01682	0.02519	0.01114	0.06705	0.01432	0.01696	0.00943	0.01072	0.00848	0.00568	0.00431	0.00142	0.00692	0.00362	0.00302	0.00848
16	0.01461	0.01324	0.01989	0.01589	0.06901	0.01140	0.16393	0.01932	0.06974	0.04057	0.01342	0.01554	0.01064	0.00540	0.00571	0.00142	0.00638	0.00515	0.00399	0.49474
17	0.78726	0.01244	0.00971	0.00862	0.01265	0.01430	0.00710	0.01949	0.01129	0.05706	0.00965	0.01095	0.00735	0.00608	0.00410	0.00200	0.00502	0.00362	0.00416	0.00716
18	0.01320	0.01209	0.01965	0.67811	0.06974	0.01479	0.01763	0.06454	0.01419	0.01836	0.01179	0.01706	0.00884	0.00652	0.00646	0.00213	0.00847	0.00575	0.00313	0.00756
19	0.00923	0.00692	0.01038	0.01038	0.01154	0.00808	0.00808	0.01154	0.01038	0.01500	0.01731	0.02538	0.01615	0.04846	0.74732	0.01038	0.01731	0.00692	0.00346	0.00577
20	0.02414	0.03079	0.01831	0.01665	0.01998	0.74698	0.01248	0.02580	0.01831	0.01581	0.00999	0.01165	0.00832	0.00666	0.00583	0.00166	0.01165	0.00416	0.00333	0.00749
21	0.01562	0.01523	0.02475	0.16363	0.58764	0.04119	0.01924	0.01946	0.01453	0.02012	0.01196	0.01605	0.00988	0.00591	0.00639	0.00195	0.00798	0.00570	0.00315	0.00961
22	0.00894	0.00660	0.00835	0.00791	0.00953	0.00601	0.00594	0.01180	0.01781	0.02476	0.63908	0.05015	0.15181	0.01364	0.00762	0.00205	0.00308	0.01195	0.00696	0.00601
23	0.08163	0.01345	0.01457	0.01161	0.01576	0.01432	0.00948	0.36905	0.02270	0.15615	0.01813	0.01839	0.01294	0.00761	0.00580	0.00185	0.00566	0.00581	0.20563	0.00946
24	0.01220	0.01148	0.01938	0.75739	0.04450	0.01436	0.01794	0.01651	0.01292	0.01651	0.01148	0.01723	0.00861	0.00646	0.00646	0.00215	0.00861	0.00574	0.00287	0.00718
25	0.00764	0.00655	0.00655	0.00655	0.00873	0.00545	0.00491	0.00927	0.01473	0.01745	0.06546	0.06218	0.73000	0.01636	0.00764	0.00218	0.00327	0.01364	0.00600	0.00545
26	0.01296	0.03342	0.73944	0.01842	0.02797	0.01501	0.02387	0.02046	0.01364	0.02046	0.01160	0.01364	0.00818	0.00614	0.00614	0.00205	0.00955	0.00477	0.00273	0.00955
27	0.02873	0.01142	0.01525	0.01169	0.01670	0.01012	0.00966	0.07159	0.01919	0.69600	0.02490	0.02161	0.01570	0.00798	0.00650	0.00200	0.00559	0.00646	0.00791	0.01100
28	0.04619	0.01411	0.01823	0.01477	0.01865	0.03307	0.11263	0.11335	0.23708	0.11457	0.02459	0.02442	0.09922	0.00908	0.00829	0.00218	0.08742	0.00742	0.00561	0.00911
29	0.02456	0.01810	0.01939	0.01487	0.02004	0.02004	0.01228	0.71107	0.03038	0.04072	0.01551	0.01551	0.01099	0.00776	0.00646	0.00194	0.00711	0.00582	0.00646	0.01099
30	0.01607	0.01388	0.01461	0.01315	0.01680	0.01607	0.01023	0.03433	0.72094	0.02703	0.02630	0.02411	0.01972	0.00877	0.00657	0.00219	0.00511	0.00731	0.00657	0.01023
31	0.01943	0.01555	0.01650	0.01383	0.01808	0.01764	0.01104	0.30180	0.44801	0.03244	0.02204	0.02071	0.01627	0.00837	0.00653	0.00209	0.00590	0.00672	0.00653	0.01053
32	0.01521	0.01730	0.03743	0.02685	0.03313	0.01647	0.68291	0.02050	0.01505	0.02050	0.01290	0.01730	0.00975	0.00567	0.00814	0.00220	0.03922	0.00755	0.00325	0.00865
33	0.01396	0.20657	0.57510	0.01670	0.02531	0.01747	0.02089	0.02020	0.01352	0.01924	0.01099	0.01288	0.00821	0.00600	0.00567	0.00189	0.00893	0.00447	0.00274	0.00926

[dist]
# distance from previous block
# <min> <max>
0	1

[block]
# block no. 1 follows, 34 sequences, length 34
# corresponding to MSA columns:
# 80-113
name=unknown_B
#
# <colnr> <probs for GDERKNQSTAVLIFYWHMCP>
#	G	D	E	R	K	N	Q	S	T	A	V	L	I	F	Y	W	H	M	C	P
0	0.01175	0.00640	0.00656	0.00650	0.00784	0.00649	0.00465	0.01488	0.04270	0.02220	0.02117	0.02726	0.01790	0.14110	0.00955	0.00236	0.00367	0.00667	0.63450	0.00583
1	0.01589	0.01562	0.02778	0.03804	0.64134	0.01548	0.10986	0.01994	0.01478	0.02106	0.01227	0.01618	0.01018	0.00572	0.00656	0.00195	0.00810	0.00600	0.00321	0.01004
2	0.00786	0.00566	0.00746	0.00891	0.00935	0.00526	0.00596	0.00901	0.01246	0.01653	0.03670	0.74302	0.06772	0.02010	0.00822	0.00261	0.00373	0.01820	0.00600	0.00526
3	0.01799	0.01420	0.01522	0.01325	0.01718	0.01611	0.01043	0.11727	0.58865	0.07669	0.02492	0.02291	0.01840	0.00859	0.00656	0.00215	0.00538	0.00707	0.00666	0.01037
4	0.00793	0.00567	0.00755	0.00896	0.00938	0.00529	0.00600	0.00914	0.01263	0.01691	0.06602	0.73713	0.04353	0.01993	0.00822	0.00260	0.00372	0.01808	0.00605	0.00529
5	0.01727	0.77681	0.03386	0.01106	0.01658	0.02557	0.01106	0.01935	0.01313	0.01520	0.00898	0.01036	0.00829	0.00553	0.00415	0.00138	0.00691	0.00345	0.00276	0.00829
6	0.00828	0.00654	0.00746	0.00730	0.00914	0.00572	0.00545	0.01049	0.01614	0.02097	0.34299	0.08119	0.42502	0.01518	0.00765	0.00213	0.00320	0.01298	0.00647	0.00572
7	0.02414	0.03079	0.01831	0.01665	0.01998	0.74698	0.01248	0.02580	0.01831	0.01581	0.00999	0.01165	0.00832	0.00666	0.00583	0.00166	0.01165	0.00416	0.00333	0.00749
8	0.01616	0.01417	0.01431	0.01277	0.01626	0.05568	0.00993	0.07585	0.54632	0.02694	0.09637	0.02630	0.04191	0.00923	0.00666	0.00213	0.00535	0.00764	0.00643	0.00958
9	0.01476	0.28458	0.47900	0.01587	0.02388	0.04089	0.01919	0.02025	0.01361	0.01854	0.01066	0.01247	0.00823	0.00595	0.00546	0.00181	0.00872	0.00431	0.00276	0.00906
10	0.00787	0.00562	0.00750	0.00900	0.00937	0.00525	0.00600	0.00900	0.01237	0.01649	0.03561	0.76871	0.04274	0.02024	0.00825	0.00262	0.00375	0.01837	0.00600	0.00525
11	0.00940	0.00626	0.00705	0.00705	0.00705	0.00626	0.00392	0.00940	0.00940	0.01253	0.02036	0.04228	0.02349	0.77292	0.03289	0.00626	0.00626	0.00940	0.00392	0.00392
12	0.01340	0.01148	0.01340	0.00957	0.01531	0.00861	0.00766	0.01627	0.01340	0.02105	0.01148	0.01340	0.00957	0.00479	0.00479	0.00096	0.00479	0.00383	0.00383	0.81242
13	0.00865	0.00648	0.00802	0.00786	0.00941	0.00585	0.00581	0.01115	0.01679	0.02288	0.49682	0.13308	0.21397	0.01474	0.00770	0.00213	0.00318	0.01289	0.00673	0.00585
14	0.01713	0.01632	0.02653	0.11990	0.13387	0.06471	0.27438	0.08647	0.06600	0.06428	0.03006	0.01792	0.01187	0.00668	0.00739	0.00209	0.03470	0.00663	0.00409	0.00900
15	0.01645	0.01195	0.01280	0.01084	0.01441	0.07573	0.00840	0.04295	0.10978	0.15647	0.17206	0.11018	0.02681	0.00974	0.00649	0.00183	0.00517	0.00822	0.00596	0.19375
16	0.07942	0.02038	0.02962	0.02318	0.05759	0.20803	0.42520	0.02222	0.03375	0.02023	0.01225	0.01549	0.00947	0.00591	0.00680	0.00202	0.01036	0.00631	0.00342	0.00836
17	0.01560	0.44265	0.26989	0.01534	0.02233	0.02100	0.09439	0.01987	0.01354	0.01758	0.01032	0.01226	0.00843	0.00572	0.00521	0.00169	0.00824	0.00437	0.00281	0.00876
18	0.01666	0.01708	0.03113	0.02291	0.02860	0.03896	0.48364	0.12141	0.08773	0.02379	0.01485	0.01802	0.01122	0.00822	0.04288	0.00252	0.01010	0.00719	0.00407	0.00901
19	0.00796	0.00577	0.00753	0.00875	0.00935	0.00534	0.00593	0.00929	0.01304	0.01737	0.09716	0.65704	0.09286	0.01937	0.00815	0.00254	0.00366	0.01746	0.00609	0.00534
20	0.01751	0.01382	0.01485	0.01309	0.01692	0.01570	0.01026	0.06330	0.63270	0.08670	0.02577	0.02356	0.01904	0.00866	0.00656	0.00216	0.00523	0.00717	0.00669	0.01032
21	0.01029	0.00689	0.00862	0.00807	0.00996	0.00618	0.00609	0.01291	0.01729	0.07837	0.50088	0.07724	0.20531	0.01378	0.00756	0.00209	0.00331	0.01198	0.00689	0.00630
22	0.01554	0.01114	0.01310	0.01248	0.01550	0.01207	0.01021	0.02622	0.37360	0.11058	0.02913	0.04194	0.02575	0.01204	0.00744	0.00246	0.00547	0.26009	0.00652	0.00873
23	0.00796	0.00626	0.00720	0.00759	0.00909	0.00550	0.00545	0.00967	0.01457	0.01856	0.16667	0.28446	0.39994	0.01707	0.00783	0.00230	0.00339	0.01482	0.00618	0.00550
24	0.02642	0.01232	0.01550	0.01210	0.01689	0.01176	0.00992	0.14958	0.07900	0.53073	0.04936	0.02199	0.01706	0.00821	0.00654	0.00201	0.00566	0.00663	0.00758	0.01075
25	0.02222	0.01693	0.01807	0.01439	0.01914	0.01894	0.01171	0.52437	0.22090	0.03694	0.01849	0.01788	0.01340	0.00804	0.00649	0.00201	0.00656	0.00623	0.00649	0.01078
26	0.02265	0.01715	0.01832	0.01448	0.01931	0.01915	0.01182	0.55894	0.18562	0.03764	0.01794	0.01744	0.01295	0.00798	0.00649	0.00200	0.00666	0.00615	0.00649	0.01082
27	0.00787	0.00562	0.00750	0.00900	0.00937	0.00525	0.00600	0.00900	0.01237	0.01649	0.03561	0.76871	0.04274	0.02024	0.00825	0.00262	0.00375	0.01837	0.00600	0.00525
28	0.04377	0.08011	0.05177	0.01593	0.02060	0.19242	0.09397	0.28026	0.05686	0.02686	0.01494	0.06563	0.01236	0.00782	0.00631	0.00192	0.00834	0.00626	0.00479	0.00907
29	0.05060	0.00707	0.00852	0.00878	0.01027	0.00669	0.00626	0.01234	0.04366	0.04680	0.15263	0.41249	0.11405	0.04365	0.00847	0.00246	0.00390	0.01409	0.00602	0.04127
30	0.01628	0.52901	0.24105	0.01337	0.02007	0.02225	0.01488	0.04605	0.01394	0.01772	0.01000	0.01153	0.00836	0.00579	0.00482	0.00160	0.00769	0.00393	0.00289	0.00876
31	0.39445	0.14408	0.07512	0.01452	0.10197	0.07515	0.01134	0.05354	0.01379	0.04947	0.01055	0.01212	0.00831	0.00611	0.00483	0.00186	0.00665	0.00413	0.00380	0.00818
32	0.07407	0.12264	0.01944	0.01456	0.05211	0.09410	0.03552	0.15675	0.17987	0.12612	0.04848	0.01845	0.01487	0.00754	0.00602	0.00191	0.00672	0.00591	0.00545	0.00947
33	0.09314	0.08151	0.26442	0.01433	0.03952	0.01466	0.01443	0.11151	0.06571	0.04512	0.06908	0.04911	0.01520	0.00752	0.00593	0.00189	0.00687	0.00595	0.00437	0.08973

[dist]
# distance from previous block
# <min> <max>
1	10

[block]
# block no. 2 follows, 34 sequences, length 33
# corresponding to MSA columns:
# 124-156
name=unknown_C
#
# <colnr> <probs for GDERKNQSTAVLIFYWHMCP>
#	G	D	E	R	K	N	Q	S	T	A	V	L	I	F	Y	W	H	M	C	P
0	0.04528	0.04296	0.01986	0.01525	0.04155	0.01310	0.12938	0.08738	0.09810	0.36183	0.06119	0.02141	0.01675	0.00770	0.00659	0.00202	0.00649	0.00679	0.00638	0.01000
1	0.19913	0.01557	0.01678	0.01417	0.01810	0.07593	0.08549	0.06416	0.35688	0.02609	0.01822	0.01837	0.01385	0.00767	0.00670	0.00212	0.04051	0.00606	0.00519	0.00900
2	0.12849	0.01339	0.01811	0.35673	0.13138	0.03985	0.01480	0.05305	0.09374	0.06885	0.01396	0.01692	0.01045	0.00672	0.00610	0.00207	0.00741	0.00560	0.00401	0.00837
3	0.02456	0.01810	0.01939	0.01487	0.02004	0.02004	0.01228	0.71107	0.03038	0.04072	0.01551	0.01551	0.01099	0.00776	0.00646	0.00194	0.00711	0.00582	0.00646	0.01099
4	0.01122	0.00561	0.00842	0.00842	0.00842	0.00561	0.00561	0.00842	0.00842	0.01122	0.01122	0.01964	0.01122	0.02245	0.02525	0.81201	0.00561	0.00561	0.00281	0.00281
5	0.01245	0.01173	0.01982	0.71088	0.08909	0.01442	0.01807	0.01672	0.01304	0.01681	0.01153	0.01715	0.00872	0.00641	0.00646	0.00214	0.00855	0.00574	0.00289	0.00738
6	0.01756	0.01112	0.01362	0.01009	0.01541	0.00873	0.00811	0.02026	0.01479	0.22199	0.01636	0.04539	0.01267	0.00629	0.00540	0.00132	0.00494	0.00515	0.00508	0.55571
7	0.01354	0.01193	0.01523	0.01088	0.01668	0.00919	0.05975	0.01660	0.01354	0.02103	0.01160	0.01370	0.00959	0.00483	0.00500	0.00105	0.00524	0.00411	0.00379	0.75274
8	0.01593	0.01442	0.02749	0.07941	0.02759	0.01358	0.39375	0.02019	0.01503	0.10788	0.03986	0.04132	0.01319	0.00665	0.00740	0.00200	0.03195	0.00717	0.00410	0.13110
9	0.01578	0.01144	0.01425	0.01036	0.01589	0.00891	0.02902	0.01867	0.01440	0.13358	0.03492	0.01590	0.01210	0.00556	0.00522	0.00119	0.00503	0.00459	0.00456	0.63863
10	0.61870	0.04174	0.03545	0.01041	0.01452	0.15090	0.00869	0.02032	0.01251	0.02581	0.00926	0.01081	0.00732	0.00611	0.00441	0.00192	0.00644	0.00366	0.00379	0.00721
11	0.01554	0.18833	0.42261	0.01563	0.02310	0.01739	0.01806	0.05214	0.11415	0.05351	0.01390	0.01487	0.01031	0.00653	0.00580	0.00192	0.00807	0.00497	0.00368	0.00950
12	0.01220	0.01148	0.01938	0.75739	0.04450	0.01436	0.01794	0.01651	0.01292	0.01651	0.01148	0.01723	0.00861	0.00646	0.00646	0.00215	0.00861	0.00574	0.00287	0.00718
13	0.02422	0.01793	0.01920	0.01480	0.01991	0.01988	0.01220	0.68351	0.05851	0.04016	0.01595	0.01586	0.01134	0.00780	0.00647	0.00195	0.00703	0.00588	0.00647	0.01096
14	0.00785	0.00571	0.00741	0.00877	0.00931	0.00527	0.00590	0.00902	0.01259	0.01658	0.03833	0.70434	0.10535	0.01989	0.00819	0.00258	0.00371	0.01794	0.00600	0.00527
15	0.02899	0.01100	0.01499	0.01150	0.01649	0.00950	0.00950	0.03149	0.01849	0.73709	0.02549	0.02199	0.01599	0.00800	0.00650	0.00200	0.00550	0.00650	0.00800	0.01100
16	0.01727	0.77681	0.03386	0.01106	0.01658	0.02557	0.01106	0.01935	0.01313	0.01520	0.00898	0.01036	0.00829	0.00553	0.00415	0.00138	0.00691	0.00345	0.00276	0.00829
17	0.01727	0.77681	0.03386	0.01106	0.01658	0.02557	0.01106	0.01935	0.01313	0.01520	0.00898	0.01036	0.00829	0.00553	0.00415	0.00138	0.00691	0.00345	0.00276	0.00829
18	0.00926	0.00682	0.00986	0.00986	0.01083	0.00779	0.00742	0.01120	0.01023	0.01461	0.01779	0.02804	0.01731	0.16240	0.63496	0.00974	0.01557	0.00731	0.00353	0.00548
19	0.01695	0.72160	0.08626	0.01160	0.01743	0.02478	0.01201	0.01943	0.01317	0.01559	0.00918	0.01061	0.00828	0.00557	0.00429	0.00143	0.00711	0.00355	0.00276	0.00839
20	0.00923	0.00692	0.01038	0.01038	0.01154	0.00808	0.00808	0.01154	0.01038	0.01500	0.01731	0.02538	0.01615	0.04846	0.74732	0.01038	0.01731	0.00692	0.00346	0.00577
21	0.00914	0.00660	0.00864	0.00813	0.00965	0.00610	0.00610	0.01219	0.01829	0.02591	0.72921	0.04827	0.06097	0.01321	0.00762	0.00203	0.00305	0.01169	0.00711	0.00610
22	0.01083	0.00795	0.01067	0.01176	0.01344	0.00811	0.01012	0.01515	0.07712	0.02044	0.07855	0.06700	0.03719	0.01675	0.00863	0.00284	0.00569	0.58533	0.00608	0.00634
23	0.01035	0.00857	0.01253	0.01189	0.01278	0.01075	0.00946	0.01246	0.01027	0.01513	0.01529	0.02281	0.01440	0.03997	0.58132	0.00866	0.18734	0.00663	0.00332	0.00607
24	0.81856	0.01250	0.00950	0.00850	0.01250	0.01449	0.00700	0.01899	0.01100	0.02899	0.00900	0.01050	0.00700	0.00600	0.00400	0.00200	0.00500	0.00350	0.00400	0.00700
25	0.01508	0.01280	0.01379	0.01260	0.01592	0.01461	0.00985	0.03098	0.61187	0.02646	0.09303	0.02934	0.02467	0.00974	0.00682	0.00222	0.00497	0.04910	0.00659	0.00958
26	0.02870	0.01146	0.01528	0.01171	0.01672	0.01018	0.00968	0.07553	0.01926	0.69197	0.02484	0.02157	0.01567	0.00798	0.00650	0.00200	0.00560	0.00645	0.00790	0.01100
27	0.00923	0.00692	0.01038	0.01038	0.01154	0.00808	0.00808	0.01154	0.01038	0.01500	0.01731	0.02538	0.01615	0.04846	0.74732	0.01038	0.01731	0.00692	0.00346	0.00577
28	0.01467	0.01400	0.02384	0.29026	0.49236	0.01500	0.01917	0.01867	0.01409	0.01950	0.01192	0.01642	0.00967	0.00600	0.00642	0.00200	0.00800	0.00575	0.00308	0.00917
29	0.00940	0.00626	0.00705	0.00705	0.00705	0.00626	0.00392	0.00940	0.00940	0.01253	0.02036	0.04228	0.02349	0.77292	0.03289	0.00626	0.00626	0.00940	0.00392	0.00392
30	0.01296	0.03342	0.73944	0.01842	0.02797	0.01501	0.02387	0.02046	0.01364	0.02046	0.01160	0.01364	0.00818	0.00614	0.00614	0.00205	0.00955	0.00477	0.00273	0.00955
31	0.01296	0.03342	0.73944	0.01842	0.02797	0.01501	0.02387	0.02046	0.01364	0.02046	0.01160	0.01364	0.00818	0.00614	0.00614	0.00205	0.00955	0.00477	0.00273	0.00955
32	0.01227	0.00730	0.00964	0.00866	0.01073	0.00663	0.00663	0.01523	0.01832	0.13776	0.61853	0.04413	0.05389	0.01239	0.00744	0.00203	0.00343	0.01087	0.00725	0.00687

[dist]
# distance from previous block
# <min> <max>
0	2

[block]
# block no. 3 follows, 34 sequences, length 39
# corresponding to MSA columns:
# 159-197
name=unknown_D
#
# <colnr> <probs for GDERKNQSTAVLIFYWHMCP>
#	G	D	E	R	K	N	Q	S	T	A	V	L	I	F	Y	W	H	M	C	P
0	0.02335	0.02124	0.01997	0.01853	0.11124	0.21917	0.01330	0.43429	0.02506	0.03137	0.01356	0.01451	0.01016	0.00720	0.00628	0.00186	0.00843	0.00535	0.00518	0.00993
1	0.01682	0.01692	0.02542	0.03733	0.66043	0.08946	0.01909	0.02043	0.01508	0.02057	0.01193	0.01555	0.01004	0.00585	0.00634	0.00189	0.00808	0.00560	0.00321	0.00996
2	0.01682	0.69857	0.10812	0.01183	0.01778	0.02446	0.01240	0.01947	0.01318	0.01576	0.00926	0.01071	0.00828	0.00559	0.00436	0.00145	0.00719	0.00359	0.00276	0.00842
3	0.00825	0.00603	0.00783	0.00908	0.00987	0.00562	0.00649	0.00977	0.01323	0.01735	0.06374	0.55668	0.12773	0.01917	0.00825	0.00260	0.00398	0.11291	0.00603	0.00540
4	0.00769	0.00635	0.00675	0.00708	0.00887	0.00541	0.00514	0.00921	0.01422	0.01725	0.05901	0.21478	0.58156	0.01720	0.00777	0.00228	0.00338	0.01466	0.00600	0.00541
5	0.02842	0.01112	0.01498	0.01157	0.01651	0.00979	0.00953	0.03161	0.04957	0.70568	0.02553	0.02209	0.01616	0.00803	0.00650	0.00201	0.00548	0.00653	0.00793	0.01096
6	0.00904	0.00660	0.00849	0.00802	0.00959	0.00605	0.00601	0.01198	0.01804	0.02531	0.68187	0.04926	0.10868	0.01343	0.00762	0.00204	0.00306	0.01182	0.00703	0.00605
7	0.00974	0.00768	0.01137	0.01107	0.01211	0.00930	0.00871	0.01196	0.01033	0.01506	0.01638	0.02421	0.01535	0.04457	0.67134	0.00959	0.09514	0.00679	0.00340	0.00590
8	0.00918	0.00689	0.01015	0.01015	0.01130	0.00793	0.00784	0.01139	0.01050	0.01500	0.01903	0.02717	0.04055	0.07041	0.69957	0.00998	0.01648	0.00723	0.00356	0.00570
9	0.02456	0.01810	0.01939	0.01487	0.02004	0.02004	0.01228	0.71107	0.03038	0.04072	0.01551	0.01551	0.01099	0.00776	0.00646	0.00194	0.00711	0.00582	0.00646	0.01099
10	0.00940	0.00626	0.00705	0.00705	0.00705	0.00626	0.00392	0.00940	0.00940	0.01253	0.02036	0.04228	0.02349	0.77292	0.03289	0.00626	0.00626	0.00940	0.00392	0.00392
11	0.81856	0.01250	0.00950	0.00850	0.01250	0.01449	0.00700	0.01899	0.01100	0.02899	0.00900	0.01050	0.00700	0.00600	0.00400	0.00200	0.00500	0.00350	0.00400	0.00700
12	0.81856	0.01250	0.00950	0.00850	0.01250	0.01449	0.00700	0.01899	0.01100	0.02899	0.00900	0.01050	0.00700	0.00600	0.00400	0.00200	0.00500	0.00350	0.00400	0.00700
13	0.00787	0.00562	0.00750	0.00900	0.00937	0.00525	0.00600	0.00900	0.01237	0.01649	0.03561	0.76871	0.04274	0.02024	0.00825	0.00262	0.00375	0.01837	0.00600	0.00525
14	0.00787	0.00562	0.00750	0.00900	0.00937	0.00525	0.00600	0.00900	0.01237	0.01649	0.03561	0.76871	0.04274	0.02024	0.00825	0.00262	0.00375	0.01837	0.00600	0.00525
15	0.01030	0.00736	0.01028	0.01177	0.01321	0.00734	0.01022	0.01319	0.01476	0.01921	0.03427	0.10331	0.03743	0.01795	0.00889	0.00296	0.00585	0.65980	0.00595	0.00592
16	0.01220	0.01148	0.01938	0.75739	0.04450	0.01436	0.01794	0.01651	0.01292	0.01651	0.01148	0.01723	0.00861	0.00646	0.00646	0.00215	0.00861	0.00574	0.00287	0.00718
17	0.00786	0.00566	0.00746	0.00889	0.00934	0.00526	0.00595	0.00901	0.01247	0.01654	0.03691	0.73803	0.07257	0.02007	0.00822	0.00260	0.00373	0.01816	0.00600	0.00526
18	0.01296	0.03342	0.73944	0.01842	0.02797	0.01501	0.02387	0.02046	0.01364	0.02046	0.01160	0.01364	0.00818	0.00614	0.00614	0.00205	0.00955	0.00477	0.00273	0.00955
19	0.81856	0.01250	0.00950	0.00850	0.01250	0.01449	0.00700	0.01899	0.01100	0.02899	0.00900	0.01050	0.00700	0.00600	0.00400	0.00200	0.00500	0.00350	0.00400	0.00700
20	0.02414	0.03079	0.01831	0.01665	0.01998	0.74698	0.01248	0.02580	0.01831	0.01581	0.00999	0.01165	0.00832	0.00666	0.00583	0.00166	0.01165	0.00416	0.00333	0.00749
21	0.00924	0.00688	0.01015	0.01015	0.01122	0.00795	0.00778	0.01139	0.01031	0.01482	0.01752	0.02658	0.01667	0.09995	0.69654	0.01009	0.01652	0.00710	0.00349	0.00564
22	0.01220	0.01148	0.01938	0.75739	0.04450	0.01436	0.01794	0.01651	0.01292	0.01651	0.01148	0.01723	0.00861	0.00646	0.00646	0.00215	0.00861	0.00574	0.00287	0.00718
23	0.12066	0.01843	0.01495	0.01441	0.04777	0.27401	0.01050	0.08988	0.09593	0.02162	0.01781	0.17710	0.01723	0.01002	0.00696	0.00206	0.04050	0.00780	0.00464	0.00770
24	0.00787	0.00562	0.00750	0.00900	0.00937	0.00525	0.00600	0.00900	0.01237	0.01649	0.03561	0.76871	0.04274	0.02024	0.00825	0.00262	0.00375	0.01837	0.00600	0.00525
25	0.02357	0.02616	0.01828	0.01590	0.01973	0.50159	0.01224	0.20030	0.08005	0.02307	0.01275	0.01367	0.00995	0.00711	0.00605	0.00178	0.00995	0.00484	0.00440	0.00861
26	0.02386	0.02832	0.01809	0.01617	0.01971	0.62988	0.01226	0.07892	0.05801	0.03897	0.01175	0.01293	0.00938	0.00690	0.00594	0.00172	0.01077	0.00453	0.00388	0.00801
27	0.00822	0.00582	0.00756	0.00864	0.00908	0.00548	0.00572	0.00939	0.01259	0.01695	0.10737	0.59172	0.04202	0.12338	0.01158	0.00306	0.00402	0.01642	0.00583	0.00515
28	0.01599	0.01535	0.02623	0.03966	0.73262	0.01535	0.01983	0.01983	0.01471	0.02111	0.01215	0.01599	0.01023	0.00576	0.00640	0.00192	0.00768	0.00576	0.00320	0.01023
29	0.01525	0.01743	0.03813	0.02723	0.03377	0.01634	0.70915	0.02070	0.01525	0.02070	0.01307	0.01743	0.00980	0.00545	0.00763	0.00218	0.01089	0.00763	0.00327	0.00871
30	0.01296	0.03342	0.73944	0.01842	0.02797	0.01501	0.02387	0.02046	0.01364	0.02046	0.01160	0.01364	0.00818	0.00614	0.00614	0.00205	0.00955	0.00477	0.00273	0.00955
31	0.02386	0.02978	0.01821	0.01646	0.01986	0.69715	0.01240	0.04862	0.04365	0.01703	0.01075	0.01222	0.00882	0.00677	0.00587	0.00169	0.01127	0.00433	0.00355	0.00770
32	0.02625	0.01039	0.01412	0.01103	0.01555	0.00903	0.00903	0.02883	0.01847	0.63893	0.12262	0.02562	0.02220	0.00872	0.00665	0.00200	0.00516	0.00721	0.00788	0.01032
33	0.00924	0.00689	0.01024	0.01024	0.01135	0.00800	0.00790	0.01145	0.01034	0.01490	0.01744	0.02610	0.01646	0.07906	0.71714	0.01021	0.01684	0.00703	0.00348	0.00569
34	0.00787	0.00562	0.00750	0.00900	0.00937	0.00525	0.00600	0.00900	0.01237	0.01649	0.03561	0.76871	0.04274	0.02024	0.00825	0.00262	0.00375	0.01837	0.00600	0.00525
35	0.00787	0.00562	0.00750	0.00900	0.00937	0.00525	0.00600	0.00900	0.01237	0.01649	0.03561	0.76871	0.04274	0.02024	0.00825	0.00262	0.00375	0.01837	0.00600	0.00525
36	0.00861	0.00637	0.00650	0.00661	0.00851	0.00556	0.00490	0.01050	0.01430	0.01882	0.05372	0.10485	0.52640	0.01473	0.00701	0.00207	0.00325	0.01233	0.17939	0.00556
37	0.01220	0.01148	0.01938	0.75739	0.04450	0.01436	0.01794	0.01651	0.01292	0.01651	0.01148	0.01723	0.00861	0.00646	0.00646	0.00215	0.00861	0.00574	0.00287	0.00718
38	0.01324	0.01186	0.01975	0.64431	0.09601	0.01444	0.01761	0.01733	0.01317	0.04572	0.01199	0.01721	0.00903	0.00665	0.00700	0.00215	0.03608	0.00577	0.00310	0.00757

[dist]
# distance from previous block
# <min> <max>
0	2

# created by:
# /home/berkeley/.conda/envs/busco_data_prod/bin/msa2prfl.pl pipeline/OGs_align_augustus/4893/11241.fs
