[name]
unknown

[dist]
# distance from previous block
# <min> <max>
0	8

[block]
# block no. 0 follows, 31 sequences, length 50
# corresponding to MSA columns:
# 8-57
name=unknown_A
#
# <colnr> <probs for GDERKNQSTAVLIFYWHMCP>
#	G	D	E	R	K	N	Q	S	T	A	V	L	I	F	Y	W	H	M	C	P
0	0.01490	0.01174	0.01348	0.01274	0.01584	0.01279	0.01024	0.02685	0.39128	0.04990	0.11333	0.04209	0.03072	0.01228	0.00770	0.00248	0.00539	0.18614	0.00682	0.03332
1	0.02860	0.01412	0.01734	0.01327	0.01865	0.01367	0.01095	0.24884	0.02351	0.47574	0.02303	0.02073	0.01497	0.00827	0.00681	0.00206	0.00635	0.00655	0.00779	0.03877
2	0.02297	0.01761	0.01941	0.07322	0.02252	0.01981	0.01300	0.49423	0.17995	0.03786	0.01862	0.01859	0.01349	0.00834	0.00687	0.00213	0.00719	0.00650	0.00657	0.01113
3	0.00995	0.00663	0.00746	0.00746	0.00746	0.00663	0.00415	0.00995	0.00995	0.01327	0.02156	0.04477	0.02487	0.75957	0.03482	0.00663	0.00663	0.00995	0.00415	0.00415
4	0.02556	0.03261	0.01939	0.01763	0.02115	0.73210	0.01322	0.02732	0.01939	0.01674	0.01058	0.01234	0.00881	0.00705	0.00617	0.00176	0.01234	0.00441	0.00353	0.00793
5	0.01617	0.48784	0.24359	0.01374	0.02064	0.02215	0.01538	0.02009	0.01419	0.01796	0.01461	0.01594	0.05893	0.00687	0.00530	0.00174	0.00789	0.00485	0.00316	0.00897
6	0.02011	0.01406	0.01526	0.01308	0.01720	0.03333	0.01034	0.09577	0.39601	0.17909	0.05216	0.02788	0.07544	0.00974	0.00704	0.00223	0.00566	0.00800	0.00716	0.01046
7	0.00935	0.00667	0.00735	0.00745	0.00809	0.00634	0.00456	0.00989	0.01166	0.01493	0.03538	0.09454	0.21113	0.51451	0.02603	0.00523	0.00562	0.01174	0.00487	0.00467
8	0.01689	0.01548	0.02415	0.20275	0.42983	0.04020	0.01882	0.05534	0.01601	0.04576	0.01393	0.03982	0.01161	0.00716	0.00736	0.00214	0.03277	0.00647	0.00374	0.00977
9	0.00984	0.00676	0.00864	0.00848	0.00991	0.00631	0.00624	0.01276	0.01783	0.02571	0.53015	0.15420	0.05611	0.01440	0.00778	0.00218	0.00333	0.01273	0.10031	0.00631
10	0.02495	0.01864	0.01994	0.01553	0.02081	0.02072	0.01275	0.61668	0.11128	0.04141	0.01777	0.01750	0.01272	0.00834	0.00686	0.00208	0.00728	0.00634	0.00686	0.01154
11	0.01965	0.62819	0.03285	0.01274	0.01822	0.13314	0.01198	0.04440	0.01535	0.01711	0.00991	0.01137	0.00888	0.00611	0.00474	0.00153	0.00808	0.00386	0.00315	0.00875
12	0.02497	0.03066	0.02005	0.01925	0.07066	0.63972	0.01376	0.06574	0.01986	0.01868	0.01108	0.01290	0.00912	0.00705	0.00625	0.00180	0.01176	0.00463	0.00371	0.00835
13	0.01090	0.00875	0.01106	0.09556	0.01554	0.00896	0.00838	0.01646	0.12133	0.02493	0.41858	0.04587	0.16128	0.01300	0.00776	0.00222	0.00429	0.01128	0.00672	0.00713
14	0.03070	0.01164	0.01588	0.01217	0.01746	0.01006	0.01006	0.03334	0.01958	0.72163	0.02699	0.02329	0.01694	0.00847	0.00688	0.00212	0.00582	0.00688	0.00847	0.01164
15	0.00913	0.00691	0.00842	0.00817	0.00991	0.00620	0.00608	0.01180	0.01788	0.02420	0.48309	0.09725	0.25513	0.01541	0.00811	0.00224	0.00334	0.01340	0.00711	0.00620
16	0.00860	0.00695	0.00765	0.00747	0.00956	0.00600	0.00560	0.01082	0.01681	0.02137	0.27731	0.06108	0.50430	0.01625	0.00808	0.00226	0.00339	0.01377	0.00673	0.00600
17	0.01063	0.01104	0.09338	0.00993	0.01293	0.00831	0.00876	0.04005	0.04107	0.02520	0.42330	0.04823	0.21394	0.01355	0.00780	0.00219	0.00433	0.01163	0.00665	0.00706
18	0.01473	0.01214	0.01424	0.01020	0.01625	0.00915	0.00817	0.01776	0.01437	0.04550	0.01265	0.01449	0.01036	0.00518	0.00513	0.00105	0.00509	0.00415	0.00420	0.77518
19	0.01524	0.27803	0.49481	0.01690	0.02560	0.01961	0.02076	0.02127	0.01426	0.01981	0.01136	0.01329	0.00870	0.00628	0.00580	0.00193	0.00918	0.00459	0.00290	0.00967
20	0.04615	0.03613	0.01715	0.01498	0.04199	0.04132	0.01146	0.13179	0.49446	0.05218	0.02392	0.02249	0.01786	0.00872	0.00675	0.00222	0.00611	0.00706	0.00655	0.01071
21	0.45062	0.10583	0.03763	0.01311	0.04324	0.19492	0.01047	0.02232	0.01424	0.04000	0.01038	0.01199	0.00829	0.00651	0.00496	0.00195	0.00754	0.00408	0.00393	0.00800
22	0.01244	0.01070	0.06138	0.01083	0.01353	0.00935	0.00885	0.01884	0.16212	0.06771	0.29260	0.19494	0.08144	0.01392	0.00779	0.00233	0.00451	0.01219	0.00682	0.00773
23	0.01679	0.02081	0.15406	0.02713	0.13494	0.01704	0.37656	0.10049	0.01757	0.02431	0.01437	0.03725	0.01124	0.00666	0.00748	0.00222	0.01010	0.00733	0.00383	0.00981
24	0.00933	0.00686	0.00874	0.00851	0.01007	0.00627	0.00629	0.01214	0.01817	0.02518	0.55603	0.13572	0.14071	0.01527	0.00815	0.00224	0.00334	0.01345	0.00725	0.00627
25	0.01943	0.01590	0.01683	0.01441	0.01871	0.01814	0.01141	0.21289	0.52407	0.03251	0.02478	0.02308	0.01840	0.00899	0.00693	0.00225	0.00598	0.00731	0.00693	0.01105
26	0.00977	0.00733	0.01100	0.01100	0.01222	0.00855	0.00855	0.01222	0.01100	0.01588	0.01833	0.02688	0.01710	0.05131	0.73245	0.01100	0.01833	0.00733	0.00367	0.00611
27	0.01497	0.01525	0.02027	0.58850	0.06789	0.12308	0.01785	0.01906	0.01463	0.01776	0.01220	0.01748	0.00935	0.00687	0.00668	0.00218	0.00942	0.00584	0.02298	0.00774
28	0.01687	0.53680	0.25026	0.01413	0.02131	0.02359	0.01593	0.02085	0.01407	0.01783	0.01037	0.01206	0.00874	0.00605	0.00505	0.00168	0.00819	0.00409	0.00291	0.00919
29	0.00834	0.00595	0.00794	0.00953	0.00992	0.00556	0.00635	0.00953	0.01310	0.01746	0.03771	0.75510	0.04525	0.02143	0.00873	0.00278	0.00397	0.01945	0.00635	0.00556
30	0.02666	0.01811	0.01988	0.01524	0.02069	0.01965	0.01259	0.60161	0.03041	0.13807	0.01790	0.01739	0.01238	0.00825	0.00685	0.00206	0.00729	0.00626	0.00707	0.01164
31	0.01662	0.07687	0.02193	0.01742	0.01835	0.11498	0.01448	0.01821	0.01192	0.01647	0.00923	0.01430	0.00894	0.01084	0.01887	0.00271	0.59154	0.00559	0.00306	0.00765
32	0.01092	0.00922	0.01432	0.01329	0.01587	0.00870	0.11707	0.01394	0.01554	0.01983	0.04198	0.06323	0.23551	0.04472	0.00980	0.00290	0.00630	0.34455	0.00578	0.00653
33	0.01100	0.00840	0.01027	0.00971	0.01166	0.00843	0.00729	0.01718	0.15155	0.02687	0.52679	0.10217	0.05456	0.01367	0.00791	0.00223	0.00371	0.01204	0.00733	0.00723
34	0.80789	0.01323	0.01006	0.00900	0.01323	0.01535	0.00741	0.02011	0.01164	0.03070	0.00953	0.01111	0.00741	0.00635	0.00423	0.00212	0.00529	0.00370	0.00423	0.00741
35	0.01504	0.01518	0.02215	0.01863	0.01905	0.02073	0.05648	0.01680	0.01083	0.01680	0.00928	0.01518	0.00907	0.01159	0.02157	0.00295	0.70195	0.00612	0.00302	0.00759
36	0.00952	0.00649	0.00772	0.00807	0.00830	0.00635	0.00488	0.01008	0.01149	0.01545	0.08065	0.22351	0.03314	0.51502	0.02615	0.00531	0.00569	0.01253	0.00497	0.00468
37	0.01615	0.01845	0.04037	0.02884	0.03576	0.01730	0.69204	0.02191	0.01615	0.02191	0.01384	0.01845	0.01038	0.00577	0.00807	0.00231	0.01153	0.00807	0.00346	0.00923
38	0.01693	0.01525	0.01535	0.01407	0.01743	0.09964	0.02817	0.02989	0.44825	0.04630	0.02723	0.11367	0.02340	0.01110	0.00730	0.00237	0.00631	0.06147	0.00638	0.00949
39	0.00986	0.00716	0.00959	0.01083	0.01214	0.00689	0.00873	0.01232	0.01529	0.02003	0.09880	0.26840	0.10728	0.01905	0.00899	0.00288	0.00509	0.36420	0.00643	0.00605
40	0.00995	0.00663	0.00746	0.00746	0.00746	0.00663	0.00415	0.00995	0.00995	0.01327	0.02156	0.04477	0.02487	0.75957	0.03482	0.00663	0.00663	0.00995	0.00415	0.00415
41	0.01674	0.01804	0.03381	0.03781	0.08473	0.17844	0.05989	0.03462	0.08115	0.01950	0.01758	0.15567	0.01726	0.01108	0.01116	0.00242	0.19924	0.00848	0.00428	0.00812
42	0.02086	0.47373	0.02962	0.01374	0.01887	0.16562	0.01233	0.12980	0.01780	0.02057	0.01081	0.01226	0.00925	0.00668	0.00575	0.00167	0.03365	0.00429	0.00368	0.00903
43	0.01615	0.01302	0.03314	0.01201	0.03555	0.01071	0.00954	0.10167	0.01718	0.06845	0.06502	0.04191	0.01654	0.00728	0.00594	0.00147	0.00551	0.02585	0.00501	0.50807
44	0.01819	0.18564	0.12873	0.04087	0.12583	0.06676	0.20132	0.07336	0.03140	0.04516	0.01320	0.01576	0.01025	0.00640	0.00654	0.00200	0.00928	0.00591	0.00374	0.00965
45	0.02471	0.01791	0.01914	0.01482	0.01992	0.01976	0.01220	0.62753	0.03042	0.04139	0.01700	0.01732	0.01221	0.00819	0.00664	0.00201	0.00710	0.00618	0.08444	0.01112
46	0.01419	0.01216	0.01419	0.01013	0.01621	0.00912	0.00811	0.01723	0.01419	0.02229	0.01216	0.01419	0.01013	0.00507	0.00507	0.00101	0.00507	0.00405	0.00405	0.80139
47	0.00848	0.00607	0.00807	0.00943	0.00996	0.00565	0.00636	0.00989	0.01377	0.01854	0.11035	0.67940	0.04732	0.02063	0.00866	0.00271	0.00389	0.01869	0.00648	0.00565
48	0.01298	0.00920	0.01209	0.01130	0.01304	0.01037	0.00863	0.06381	0.07278	0.05965	0.01974	0.02842	0.01806	0.16028	0.43378	0.00808	0.03866	0.00765	0.00451	0.00695
49	0.24332	0.24018	0.06129	0.01393	0.01926	0.11703	0.06559	0.08421	0.01624	0.06544	0.01183	0.01321	0.00927	0.00656	0.00537	0.00189	0.00785	0.00462	0.00411	0.00882

[dist]
# distance from previous block
# <min> <max>
0	1

[block]
# block no. 1 follows, 31 sequences, length 63
# corresponding to MSA columns:
# 59-121
name=unknown_B
#
# <colnr> <probs for GDERKNQSTAVLIFYWHMCP>
#	G	D	E	R	K	N	Q	S	T	A	V	L	I	F	Y	W	H	M	C	P
0	0.01239	0.00940	0.01334	0.01120	0.01407	0.00876	0.08452	0.06211	0.01901	0.06570	0.39188	0.04689	0.20711	0.01313	0.00792	0.00220	0.00468	0.01163	0.00679	0.00727
1	0.26521	0.01229	0.01378	0.01254	0.04565	0.03367	0.05226	0.01745	0.03683	0.02302	0.01883	0.11394	0.04982	0.08686	0.00955	0.00251	0.03497	0.00758	0.00450	0.15876
2	0.01320	0.01245	0.02103	0.69398	0.09407	0.01527	0.01914	0.01773	0.01381	0.01782	0.01221	0.01815	0.00924	0.00679	0.00684	0.00226	0.00905	0.00608	0.00306	0.00783
3	0.01721	0.02006	0.03799	0.02756	0.03410	0.09831	0.61511	0.02253	0.01651	0.02133	0.01347	0.01776	0.01020	0.00591	0.00786	0.00225	0.01163	0.00766	0.00347	0.00908
4	0.11276	0.15724	0.04567	0.01382	0.01926	0.02019	0.01209	0.39879	0.02435	0.08809	0.01519	0.01552	0.01109	0.00751	0.00602	0.00195	0.00707	0.00544	0.02751	0.01043
5	0.02217	0.01387	0.01593	0.01326	0.01776	0.01462	0.01059	0.11369	0.35389	0.25458	0.05260	0.02436	0.01988	0.00895	0.00691	0.00218	0.00571	0.00734	0.00737	0.03434
6	0.00922	0.00693	0.00853	0.00822	0.00996	0.00624	0.00613	0.01198	0.01813	0.02472	0.52007	0.08588	0.22854	0.01516	0.00810	0.00222	0.00332	0.01321	0.00718	0.00624
7	0.09101	0.01177	0.01543	0.01193	0.01714	0.01047	0.00985	0.03231	0.01897	0.66801	0.02564	0.02234	0.01620	0.00830	0.00667	0.00212	0.00578	0.00663	0.00814	0.01131
8	0.00841	0.00693	0.00715	0.00721	0.00923	0.00595	0.00531	0.01000	0.01496	0.01797	0.06260	0.06390	0.60953	0.10151	0.01117	0.00283	0.00394	0.03967	0.00610	0.00561
9	0.02387	0.01725	0.01855	0.01449	0.01936	0.01904	0.01190	0.59048	0.02932	0.04005	0.01717	0.01786	0.01252	0.00988	0.03506	0.00235	0.00746	0.00623	0.09633	0.01082
10	0.00982	0.00721	0.00952	0.01083	0.01223	0.00691	0.00882	0.01222	0.01503	0.01935	0.04226	0.25126	0.15608	0.01929	0.00903	0.00291	0.00521	0.38965	0.00632	0.00602
11	0.01453	0.01236	0.01659	0.18253	0.07487	0.01122	0.01166	0.01844	0.03366	0.04232	0.03429	0.01703	0.01210	0.00604	0.00580	0.00149	0.00621	0.00511	0.00409	0.48967
12	0.02556	0.03261	0.01939	0.01763	0.02115	0.73210	0.01322	0.02732	0.01939	0.01674	0.01058	0.01234	0.00881	0.00705	0.00617	0.00176	0.01234	0.00441	0.00353	0.00793
13	0.67344	0.01388	0.01095	0.00968	0.01382	0.03698	0.00789	0.06396	0.03012	0.03075	0.01111	0.01259	0.00858	0.00665	0.00456	0.00208	0.00554	0.00412	0.04558	0.00773
14	0.00834	0.00595	0.00794	0.00953	0.00992	0.00556	0.00635	0.00953	0.01310	0.01746	0.03771	0.75510	0.04525	0.02143	0.00873	0.00278	0.00397	0.01945	0.00635	0.00556
15	0.01372	0.03539	0.72412	0.01950	0.02961	0.01589	0.02528	0.02167	0.01444	0.02167	0.01228	0.01444	0.00867	0.00650	0.00650	0.00217	0.01011	0.00506	0.00289	0.01011
16	0.01007	0.00677	0.00787	0.00804	0.00822	0.00677	0.00493	0.01043	0.01061	0.01408	0.02322	0.04844	0.02652	0.67562	0.03195	0.00624	0.00659	0.08485	0.00439	0.00439
17	0.00880	0.00696	0.00792	0.00768	0.00968	0.00608	0.00576	0.01119	0.01727	0.02246	0.35576	0.05929	0.42518	0.01584	0.00808	0.00224	0.00336	0.01352	0.00688	0.00608
18	0.01646	0.01013	0.01245	0.01070	0.01372	0.01000	0.00839	0.09670	0.09636	0.16544	0.42422	0.03890	0.04441	0.01173	0.00758	0.00215	0.00446	0.01008	0.00757	0.00854
19	0.02766	0.01216	0.01576	0.01227	0.01717	0.01120	0.01006	0.12303	0.02131	0.54847	0.10330	0.02548	0.02159	0.00906	0.00701	0.00211	0.00577	0.00740	0.00814	0.01105
20	0.00994	0.00666	0.00762	0.00762	0.00767	0.00672	0.00434	0.01005	0.01000	0.01338	0.02141	0.04398	0.02453	0.72834	0.06558	0.00683	0.00715	0.00983	0.00412	0.00423
21	0.00834	0.00595	0.00794	0.00953	0.00992	0.00556	0.00635	0.00953	0.01310	0.01746	0.03771	0.75510	0.04525	0.02143	0.00873	0.00278	0.00397	0.01945	0.00635	0.00556
22	0.49679	0.01364	0.01303	0.01076	0.01544	0.01478	0.00887	0.11694	0.01656	0.21268	0.01504	0.01503	0.01048	0.00716	0.00529	0.00211	0.00574	0.00487	0.00570	0.00910
23	0.02235	0.01233	0.01494	0.01226	0.01645	0.01234	0.00983	0.12108	0.17276	0.31999	0.17825	0.02901	0.02766	0.00984	0.00716	0.00216	0.00539	0.00819	0.00770	0.01031
24	0.01920	0.01466	0.01587	0.01385	0.01799	0.01652	0.01089	0.08211	0.57977	0.10818	0.02695	0.02463	0.01979	0.00911	0.00694	0.00228	0.00561	0.00753	0.00712	0.01098
25	0.01166	0.00859	0.01149	0.01274	0.01456	0.00884	0.01100	0.01651	0.08839	0.02133	0.03534	0.07172	0.03742	0.01788	0.00919	0.00306	0.00621	0.60090	0.00637	0.00678
26	0.01853	0.68780	0.03554	0.01292	0.01883	0.02585	0.05934	0.02099	0.01424	0.03869	0.01036	0.01189	0.00915	0.00593	0.00473	0.00154	0.00756	0.00407	0.00314	0.00890
27	0.26616	0.01378	0.01513	0.01199	0.01700	0.01412	0.00990	0.17477	0.01994	0.36201	0.01935	0.01807	0.01287	0.00777	0.00607	0.00210	0.00604	0.00576	0.00682	0.01035
28	0.01687	0.01645	0.02528	0.03695	0.58848	0.06548	0.01932	0.02067	0.01586	0.02175	0.01535	0.02344	0.01393	0.00761	0.00703	0.00214	0.00822	0.08132	0.00373	0.01012
29	0.00866	0.00695	0.00773	0.00754	0.00959	0.00602	0.00565	0.01093	0.01696	0.02171	0.30183	0.06052	0.47957	0.01612	0.00808	0.00225	0.00338	0.01369	0.00678	0.00602
30	0.45478	0.01369	0.01343	0.01100	0.01574	0.01471	0.00907	0.13013	0.01722	0.23714	0.01578	0.01555	0.01089	0.00727	0.00543	0.00211	0.00580	0.00503	0.00590	0.00933
31	0.03070	0.01164	0.01588	0.01217	0.01746	0.01006	0.01006	0.03334	0.01958	0.72163	0.02699	0.02329	0.01694	0.00847	0.00688	0.00212	0.00582	0.00688	0.00847	0.01164
32	0.01419	0.01216	0.01419	0.01013	0.01621	0.00912	0.00811	0.01723	0.01419	0.02229	0.01216	0.01419	0.01013	0.00507	0.00507	0.00101	0.00507	0.00405	0.00405	0.80139
33	0.00834	0.00595	0.00794	0.00953	0.00992	0.00556	0.00635	0.00953	0.01310	0.01746	0.03771	0.75510	0.04525	0.02143	0.00873	0.00278	0.00397	0.01945	0.00635	0.00556
34	0.02556	0.03261	0.01939	0.01763	0.02115	0.73210	0.01322	0.02732	0.01939	0.01674	0.01058	0.01234	0.00881	0.00705	0.00617	0.00176	0.01234	0.00441	0.00353	0.00793
35	0.01693	0.01379	0.01566	0.01144	0.01738	0.01193	0.00924	0.17441	0.01836	0.02713	0.01315	0.01471	0.01048	0.00580	0.00548	0.00125	0.00564	0.00454	0.00470	0.61798
36	0.02500	0.03017	0.02087	0.01813	0.02210	0.60552	0.05689	0.10254	0.02063	0.02007	0.01145	0.01319	0.00923	0.00710	0.00637	0.00183	0.01174	0.00484	0.00390	0.00843
37	0.00977	0.00733	0.01100	0.01100	0.01222	0.00855	0.00855	0.01222	0.01100	0.01588	0.01833	0.02688	0.01710	0.05131	0.73245	0.01100	0.01833	0.00733	0.00367	0.00611
38	0.01628	0.01559	0.02659	0.15587	0.60810	0.01608	0.02067	0.02043	0.01527	0.02156	0.01275	0.01714	0.01056	0.00622	0.00678	0.00207	0.00829	0.00609	0.00333	0.01031
39	0.01824	0.02222	0.32681	0.01484	0.02131	0.01368	0.01603	0.13226	0.01778	0.14882	0.01767	0.02076	0.01332	0.08600	0.00939	0.00254	0.00778	0.00622	0.09472	0.00959
40	0.04670	0.13258	0.21301	0.02642	0.25796	0.04945	0.10734	0.02207	0.04214	0.02151	0.01270	0.01551	0.01007	0.00630	0.00640	0.00202	0.00895	0.00562	0.00338	0.00987
41	0.01372	0.03539	0.72412	0.01950	0.02961	0.01589	0.02528	0.02167	0.01444	0.02167	0.01228	0.01444	0.00867	0.00650	0.00650	0.00217	0.01011	0.00506	0.00289	0.01011
42	0.00960	0.00649	0.00757	0.00791	0.00800	0.00640	0.00462	0.00986	0.01063	0.01418	0.02506	0.19902	0.02930	0.59928	0.02916	0.00580	0.00605	0.01201	0.00462	0.00445
43	0.02199	0.20475	0.07276	0.01617	0.02038	0.40444	0.01378	0.02430	0.01673	0.04454	0.01090	0.01289	0.00913	0.00734	0.00764	0.00187	0.09399	0.00455	0.00347	0.00838
44	0.01007	0.00677	0.00787	0.00804	0.00822	0.00677	0.00493	0.01043	0.01061	0.01408	0.02322	0.04844	0.02652	0.67562	0.03195	0.00624	0.00659	0.08485	0.00439	0.00439
45	0.00977	0.00733	0.01100	0.01100	0.01222	0.00855	0.00855	0.01222	0.01100	0.01588	0.01833	0.02688	0.01710	0.05131	0.73245	0.01100	0.01833	0.00733	0.00367	0.00611
46	0.00834	0.00595	0.00794	0.00953	0.00992	0.00556	0.00635	0.00953	0.01310	0.01746	0.03771	0.75510	0.04525	0.02143	0.00873	0.00278	0.00397	0.01945	0.00635	0.00556
47	0.05344	0.11423	0.14068	0.01680	0.02187	0.45260	0.01485	0.07204	0.01852	0.01990	0.01111	0.01278	0.00893	0.00687	0.00599	0.00183	0.01078	0.00453	0.00361	0.00864
48	0.01829	0.76368	0.03585	0.01171	0.01756	0.02707	0.01171	0.02049	0.01390	0.01610	0.00951	0.01097	0.00878	0.00585	0.00439	0.00146	0.00732	0.00366	0.00293	0.00878
49	0.00834	0.00595	0.00794	0.00953	0.00992	0.00556	0.00635	0.00953	0.01310	0.01746	0.03771	0.75510	0.04525	0.02143	0.00873	0.00278	0.00397	0.01945	0.00635	0.00556
50	0.01647	0.01855	0.09950	0.03744	0.52888	0.01640	0.13904	0.02122	0.01556	0.02221	0.01298	0.01695	0.01054	0.00608	0.00697	0.00209	0.00892	0.00634	0.00335	0.01048
51	0.02285	0.01566	0.01737	0.01408	0.01875	0.01700	0.01137	0.33038	0.23881	0.15134	0.07060	0.02284	0.01912	0.00899	0.00697	0.00215	0.00628	0.00721	0.00720	0.01102
52	0.01876	0.01816	0.02537	0.10644	0.45525	0.09800	0.03516	0.11631	0.01817	0.02414	0.01306	0.01651	0.01053	0.00657	0.00675	0.00204	0.00870	0.00596	0.00386	0.01025
53	0.01586	0.00876	0.01138	0.01004	0.01281	0.00805	0.00794	0.04492	0.01943	0.20948	0.41595	0.04530	0.08537	0.01288	0.00782	0.00223	0.00433	0.06191	0.00759	0.00797
54	0.00835	0.00694	0.00729	0.00720	0.00940	0.00589	0.00540	0.01032	0.01621	0.01994	0.17391	0.06345	0.60860	0.01678	0.00808	0.00228	0.00343	0.01410	0.00654	0.00589
55	0.01116	0.00653	0.00724	0.00726	0.00850	0.00636	0.00512	0.01357	0.01444	0.02278	0.15668	0.09181	0.05182	0.14832	0.01133	0.00274	0.00390	0.00944	0.41510	0.00590
56	0.00972	0.00702	0.00920	0.00873	0.01034	0.00650	0.00659	0.01295	0.01926	0.02723	0.69293	0.05189	0.06380	0.01413	0.00811	0.00218	0.00332	0.03216	0.00749	0.00645
57	0.01798	0.01337	0.01550	0.01135	0.01724	0.01140	0.00919	0.14120	0.01798	0.09623	0.01442	0.01550	0.01109	0.00598	0.00557	0.00131	0.00559	0.00472	0.00500	0.57938
58	0.01613	0.01677	0.06324	0.14340	0.53897	0.01615	0.06415	0.02057	0.01528	0.02157	0.01280	0.01710	0.01044	0.00621	0.00685	0.00209	0.00860	0.00617	0.00331	0.01022
59	0.78653	0.01376	0.01031	0.00923	0.01345	0.03492	0.00757	0.02031	0.01185	0.03031	0.00955	0.01115	0.00745	0.00637	0.00429	0.00211	0.00548	0.00372	0.00421	0.00742
60	0.01644	0.01383	0.01495	0.01366	0.01726	0.01578	0.01079	0.05902	0.57632	0.02823	0.05193	0.03190	0.02412	0.01049	0.00728	0.00240	0.00552	0.08299	0.00690	0.01020
61	0.01455	0.01015	0.01205	0.01090	0.01366	0.01049	0.00838	0.02321	0.25695	0.10608	0.36778	0.07011	0.04315	0.01206	0.00758	0.00223	0.00431	0.01045	0.00739	0.00852
62	0.09475	0.03538	0.02145	0.05172	0.27429	0.01574	0.04826	0.15593	0.03932	0.06557	0.04013	0.07134	0.03947	0.00849	0.00678	0.00213	0.00710	0.00742	0.00497	0.00977

[dist]
# distance from previous block
# <min> <max>
0	2

[block]
# block no. 2 follows, 31 sequences, length 48
# corresponding to MSA columns:
# 124-171
name=unknown_C
#
# <colnr> <probs for GDERKNQSTAVLIFYWHMCP>
#	G	D	E	R	K	N	Q	S	T	A	V	L	I	F	Y	W	H	M	C	P
0	0.10010	0.01671	0.07465	0.03638	0.12562	0.03959	0.05079	0.12013	0.05083	0.09486	0.01520	0.01737	0.01168	0.03159	0.00712	0.00201	0.00717	0.00565	0.00479	0.18774
1	0.02021	0.13377	0.06276	0.04646	0.20240	0.19114	0.07225	0.12314	0.04290	0.02315	0.01290	0.01520	0.01031	0.00673	0.00638	0.00193	0.00925	0.00550	0.00396	0.00967
2	0.02793	0.01413	0.01718	0.01338	0.01858	0.01400	0.01099	0.22467	0.09373	0.45413	0.02402	0.02153	0.01581	0.00848	0.00688	0.00212	0.00627	0.00676	0.00784	0.01156
3	0.01413	0.08772	0.65198	0.01924	0.02893	0.01675	0.04590	0.02159	0.01446	0.02127	0.01213	0.01432	0.00873	0.00643	0.00640	0.00212	0.00995	0.00505	0.00291	0.00999
4	0.00832	0.00687	0.00731	0.00735	0.00942	0.00585	0.00545	0.01022	0.01593	0.01964	0.15542	0.11386	0.57638	0.01717	0.00813	0.00232	0.00347	0.01452	0.00651	0.00585
5	0.00969	0.00779	0.01172	0.01114	0.01288	0.00721	0.07715	0.01214	0.01572	0.02115	0.23535	0.34428	0.12827	0.01698	0.00844	0.00252	0.00463	0.06027	0.00639	0.00627
6	0.01608	0.01538	0.02601	0.11612	0.61140	0.01565	0.02004	0.02009	0.01537	0.02164	0.01543	0.01936	0.04356	0.00670	0.00684	0.00207	0.00802	0.00648	0.00349	0.01025
7	0.02644	0.01640	0.01844	0.01423	0.01942	0.01737	0.01173	0.47847	0.02776	0.22113	0.01957	0.01879	0.01339	0.00827	0.00673	0.00204	0.00681	0.00636	0.05533	0.01132
8	0.03070	0.01164	0.01588	0.01217	0.01746	0.01006	0.01006	0.03334	0.01958	0.72163	0.02699	0.02329	0.01694	0.00847	0.00688	0.00212	0.00582	0.00688	0.00847	0.01164
9	0.01959	0.01630	0.02562	0.08216	0.32906	0.01662	0.10697	0.16577	0.03483	0.08794	0.01526	0.01779	0.01156	0.00681	0.00693	0.00207	0.00817	0.00641	0.00466	0.03549
10	0.01823	0.01742	0.02562	0.03444	0.50720	0.06148	0.04242	0.08103	0.09846	0.02451	0.01483	0.01767	0.01195	0.00670	0.00681	0.00206	0.00814	0.00626	0.00412	0.01067
11	0.01033	0.00690	0.00840	0.05232	0.01002	0.00708	0.00523	0.01030	0.01007	0.01338	0.01999	0.04069	0.02258	0.63807	0.03229	0.08814	0.00671	0.00930	0.00396	0.00423
12	0.24445	0.09178	0.09668	0.01732	0.05814	0.12868	0.10685	0.13552	0.01765	0.02664	0.01192	0.01386	0.00919	0.00665	0.00589	0.00202	0.00848	0.00510	0.00415	0.00905
13	0.01567	0.00819	0.00879	0.00800	0.01039	0.00822	0.00620	0.06008	0.05080	0.10546	0.02419	0.02592	0.03839	0.00839	0.00536	0.00174	0.00387	0.00673	0.59612	0.00750
14	0.01038	0.00755	0.00972	0.00967	0.01015	0.00830	0.00678	0.01144	0.01086	0.01492	0.02132	0.04131	0.02320	0.44561	0.21199	0.00714	0.06339	0.07702	0.00416	0.00512
15	0.00872	0.00678	0.00793	0.00801	0.00972	0.00599	0.00586	0.01091	0.01655	0.02161	0.30171	0.18140	0.35668	0.01681	0.00819	0.00233	0.00347	0.01455	0.00679	0.00599
16	0.01335	0.00805	0.01040	0.00944	0.01178	0.00741	0.00732	0.01690	0.04119	0.14117	0.50394	0.04787	0.09661	0.01337	0.00790	0.00221	0.00389	0.04226	0.00753	0.00740
17	0.01372	0.03539	0.72412	0.01950	0.02961	0.01589	0.02528	0.02167	0.01444	0.02167	0.01228	0.01444	0.00867	0.00650	0.00650	0.00217	0.01011	0.00506	0.00289	0.01011
18	0.00850	0.00608	0.00809	0.00941	0.00996	0.00567	0.00636	0.00994	0.01387	0.01870	0.12109	0.66821	0.04763	0.02051	0.00865	0.00270	0.00388	0.01858	0.00650	0.00567
19	0.05214	0.01294	0.08167	0.01247	0.01578	0.01188	0.01074	0.10819	0.01560	0.15007	0.01864	0.02457	0.01567	0.11692	0.28024	0.00601	0.04642	0.00697	0.00495	0.00813
20	0.00988	0.00671	0.00795	0.00799	0.00817	0.00686	0.00480	0.01024	0.01018	0.01374	0.02161	0.06369	0.02445	0.64296	0.12709	0.00710	0.00811	0.00988	0.00415	0.00445
21	0.02232	0.17004	0.11675	0.01647	0.02150	0.37310	0.01456	0.12475	0.01931	0.02122	0.01142	0.01305	0.00921	0.00708	0.00649	0.00184	0.03347	0.00466	0.00381	0.00892
22	0.01755	0.01564	0.06165	0.04213	0.13245	0.06404	0.05585	0.02161	0.04034	0.12435	0.03879	0.04309	0.03260	0.00734	0.00638	0.00176	0.00693	0.00636	0.00476	0.27637
23	0.01864	0.14422	0.22235	0.06500	0.14857	0.01709	0.05314	0.04798	0.05454	0.14085	0.01552	0.01695	0.01138	0.00685	0.00641	0.00204	0.00823	0.00573	0.00434	0.01018
24	0.01292	0.01216	0.02052	0.74312	0.04712	0.01520	0.01900	0.01748	0.01368	0.01748	0.01216	0.01824	0.00912	0.00684	0.00684	0.00228	0.00912	0.00608	0.00304	0.00760
25	0.10237	0.00962	0.00942	0.00886	0.00995	0.04525	0.00575	0.06172	0.01226	0.01767	0.01917	0.03670	0.02088	0.55945	0.04982	0.00568	0.00720	0.00860	0.00431	0.00531
26	0.01309	0.01219	0.01962	0.65700	0.04336	0.01502	0.01784	0.01877	0.07078	0.01843	0.01547	0.02052	0.03491	0.00741	0.00689	0.00228	0.00861	0.00651	0.00348	0.00780
27	0.01001	0.00711	0.00901	0.00846	0.01027	0.00645	0.00637	0.01301	0.01884	0.04442	0.60455	0.05245	0.15478	0.01431	0.00804	0.00217	0.00333	0.01252	0.00739	0.00650
28	0.01394	0.06946	0.69191	0.01913	0.02905	0.01641	0.02464	0.02161	0.01442	0.02141	0.01215	0.01428	0.00867	0.00647	0.00640	0.00213	0.00998	0.00499	0.00289	0.01005
29	0.00989	0.00723	0.01048	0.01048	0.01159	0.00828	0.00797	0.01211	0.01100	0.01593	0.01879	0.02867	0.01792	0.12279	0.63655	0.01023	0.01662	0.00757	0.02999	0.00592
30	0.01679	0.45639	0.21423	0.01606	0.02311	0.02261	0.10564	0.02140	0.03237	0.01864	0.01128	0.01325	0.00928	0.00610	0.00549	0.00178	0.00855	0.00471	0.00309	0.00924
31	0.00897	0.00691	0.00819	0.00798	0.00981	0.00613	0.00594	0.01149	0.01752	0.02331	0.41863	0.09412	0.32484	0.01572	0.00811	0.00225	0.00336	0.01358	0.00700	0.00613
32	0.00983	0.00709	0.00979	0.00979	0.01059	0.00789	0.00704	0.01144	0.01064	0.01499	0.01943	0.03300	0.01976	0.29376	0.49364	0.00950	0.01432	0.00823	0.00383	0.00544
33	0.02463	0.04536	0.03799	0.01532	0.02073	0.02030	0.01288	0.54791	0.10636	0.07172	0.01786	0.01753	0.01275	0.00822	0.00676	0.00207	0.00727	0.00625	0.00669	0.01140
34	0.01436	0.01220	0.01439	0.01056	0.01621	0.00978	0.00846	0.03883	0.01451	0.02248	0.01254	0.01495	0.01052	0.00778	0.04388	0.00162	0.02437	0.00434	0.00410	0.71413
35	0.01794	0.08796	0.10779	0.03044	0.41358	0.06641	0.01864	0.06592	0.01678	0.04398	0.01442	0.01960	0.01223	0.00718	0.00665	0.00205	0.00836	0.04606	0.00386	0.01016
36	0.01976	0.61713	0.03260	0.01282	0.01828	0.14249	0.01200	0.04571	0.01545	0.01717	0.00993	0.01139	0.00889	0.00613	0.00477	0.00153	0.00815	0.00387	0.00316	0.00874
37	0.13554	0.04816	0.05636	0.07037	0.06444	0.41850	0.01390	0.06036	0.01767	0.02080	0.01101	0.01323	0.00890	0.00700	0.00639	0.00193	0.02874	0.00468	0.00370	0.00834
38	0.00991	0.00717	0.01044	0.01044	0.01145	0.00817	0.00786	0.01176	0.01075	0.01534	0.01839	0.02880	0.01780	0.13855	0.60791	0.05207	0.01621	0.00758	0.00369	0.00570
39	0.01840	0.01825	0.02529	0.08695	0.34246	0.10543	0.09057	0.08601	0.09550	0.02373	0.01457	0.01751	0.01157	0.00694	0.00726	0.00211	0.02703	0.00629	0.00410	0.01004
40	0.04760	0.01612	0.02166	0.11301	0.21560	0.03973	0.05049	0.20268	0.08412	0.07417	0.01889	0.02048	0.04902	0.00782	0.00685	0.00212	0.00765	0.00672	0.00513	0.01013
41	0.04068	0.01285	0.01651	0.04288	0.14554	0.04601	0.03370	0.10831	0.01876	0.08354	0.18353	0.06607	0.07174	0.01005	0.00703	0.00206	0.00604	0.00868	0.04748	0.04853
42	0.00953	0.00812	0.01074	0.01052	0.04487	0.00722	0.04939	0.01212	0.01686	0.02181	0.27417	0.05572	0.42373	0.01497	0.00802	0.00224	0.00411	0.01297	0.00642	0.00646
43	0.00982	0.00715	0.01010	0.01010	0.01101	0.00807	0.00744	0.01164	0.01073	0.01522	0.01914	0.03141	0.01907	0.23077	0.55569	0.00989	0.01536	0.00799	0.00379	0.00561
44	0.02237	0.09446	0.02213	0.08845	0.07355	0.02045	0.01382	0.44383	0.09434	0.03486	0.01618	0.01699	0.01196	0.00779	0.00660	0.00204	0.00750	0.00605	0.00583	0.01081
45	0.02601	0.01916	0.02053	0.01574	0.02122	0.02122	0.01300	0.69408	0.03217	0.04312	0.01643	0.01643	0.01163	0.00821	0.00684	0.00205	0.00753	0.00616	0.00684	0.01163
46	0.01066	0.00905	0.01243	0.03845	0.03893	0.02980	0.05760	0.01402	0.06632	0.01985	0.10356	0.46999	0.06843	0.01695	0.00824	0.00255	0.00511	0.01540	0.00600	0.00665
47	0.02032	0.18526	0.11251	0.05805	0.11828	0.28550	0.01583	0.06490	0.01725	0.01966	0.01127	0.01360	0.00926	0.00683	0.00656	0.00187	0.03580	0.00481	0.00346	0.00898

[dist]
# distance from previous block
# <min> <max>
0	1

[block]
# block no. 3 follows, 31 sequences, length 7
# corresponding to MSA columns:
# 173-179
name=unknown_D
#
# <colnr> <probs for GDERKNQSTAVLIFYWHMCP>
#	G	D	E	R	K	N	Q	S	T	A	V	L	I	F	Y	W	H	M	C	P
0	0.18055	0.02076	0.01832	0.10178	0.15865	0.29691	0.01360	0.02216	0.01641	0.02176	0.07574	0.01723	0.01410	0.00733	0.00614	0.00198	0.00887	0.00552	0.00396	0.00822
1	0.07574	0.01246	0.01541	0.01170	0.01715	0.01100	0.00959	0.07901	0.01859	0.43749	0.02108	0.01954	0.01409	0.00740	0.00622	0.00182	0.00572	0.00586	0.00689	0.22324
2	0.01514	0.01241	0.02009	0.10260	0.34337	0.01241	0.03605	0.01862	0.01578	0.07560	0.09502	0.10252	0.06113	0.00955	0.00715	0.00216	0.00667	0.00879	0.04598	0.00896
3	0.00991	0.00679	0.00825	0.00825	0.00853	0.00706	0.00513	0.01046	0.01018	0.01385	0.02083	0.04076	0.02313	0.60075	0.19125	0.00761	0.00925	0.00936	0.00404	0.00459
4	0.00929	0.00685	0.00845	0.00844	0.00985	0.00629	0.00613	0.01159	0.01656	0.02244	0.39017	0.14325	0.18296	0.10384	0.01138	0.00284	0.00391	0.04315	0.00670	0.00593
5	0.02265	0.02814	0.01957	0.01748	0.02087	0.58481	0.06516	0.02465	0.01834	0.01724	0.01425	0.10654	0.01353	0.00877	0.00664	0.00193	0.01122	0.00659	0.00388	0.00773
6	0.17852	0.05380	0.01660	0.01458	0.04055	0.18546	0.01114	0.02073	0.06661	0.02193	0.09851	0.06826	0.01875	0.00983	0.00962	0.00225	0.16381	0.00685	0.00446	0.00775

[dist]
# distance from previous block
# <min> <max>
0	2

[block]
# block no. 4 follows, 31 sequences, length 121
# corresponding to MSA columns:
# 182-302
name=unknown_E
#
# <colnr> <probs for GDERKNQSTAVLIFYWHMCP>
#	G	D	E	R	K	N	Q	S	T	A	V	L	I	F	Y	W	H	M	C	P
0	0.01719	0.13664	0.21957	0.01431	0.02094	0.03885	0.01455	0.12658	0.05326	0.04132	0.05164	0.01686	0.01337	0.00693	0.00598	0.00175	0.00740	0.00533	0.00441	0.20310
1	0.01519	0.17029	0.01987	0.04089	0.08516	0.03835	0.03389	0.03938	0.14863	0.02349	0.17091	0.04598	0.04314	0.00924	0.00652	0.00196	0.00599	0.00778	0.05016	0.04316
2	0.04263	0.01400	0.02178	0.19339	0.32861	0.01554	0.01714	0.05835	0.01528	0.02204	0.01468	0.04225	0.01283	0.00818	0.00850	0.00225	0.08939	0.03542	0.04871	0.00904
3	0.00995	0.00663	0.00746	0.00746	0.00746	0.00663	0.00415	0.00995	0.00995	0.01327	0.02156	0.04477	0.02487	0.75957	0.03482	0.00663	0.00663	0.00995	0.00415	0.00415
4	0.01419	0.01216	0.01419	0.01013	0.01621	0.00912	0.00811	0.01723	0.01419	0.02229	0.01216	0.01419	0.01013	0.00507	0.00507	0.00101	0.00507	0.00405	0.00405	0.80139
5	0.80789	0.01323	0.01006	0.00900	0.01323	0.01535	0.00741	0.02011	0.01164	0.03070	0.00953	0.01111	0.00741	0.00635	0.00423	0.00212	0.00529	0.00370	0.00423	0.00741
6	0.01196	0.00878	0.01117	0.07734	0.04387	0.00940	0.00760	0.07357	0.01269	0.01709	0.01945	0.03630	0.02064	0.50047	0.11638	0.00617	0.00848	0.00875	0.00420	0.00568
7	0.02966	0.01217	0.01611	0.01232	0.01766	0.01076	0.01017	0.07658	0.02018	0.64600	0.02564	0.02243	0.01629	0.00830	0.00680	0.00206	0.00590	0.00671	0.00817	0.04609
8	0.01383	0.01294	0.02103	0.58224	0.13451	0.01551	0.01852	0.01968	0.07702	0.01915	0.01369	0.01873	0.01043	0.00696	0.00684	0.00225	0.00865	0.00623	0.00344	0.00833
9	0.02552	0.01963	0.08416	0.01560	0.02148	0.01923	0.01373	0.54381	0.02886	0.13241	0.01747	0.01717	0.01208	0.00809	0.00682	0.00207	0.00753	0.00616	0.00670	0.01150
10	0.02193	0.06164	0.07441	0.01508	0.02012	0.06432	0.01304	0.42987	0.07272	0.03372	0.01648	0.01827	0.01266	0.03785	0.07387	0.00300	0.00883	0.00617	0.00573	0.01030
11	0.01829	0.76368	0.03585	0.01171	0.01756	0.02707	0.01171	0.02049	0.01390	0.01610	0.00951	0.01097	0.00878	0.00585	0.00439	0.00146	0.00732	0.00366	0.00293	0.00878
12	0.01017	0.00769	0.00946	0.00890	0.01080	0.00734	0.00671	0.01469	0.08150	0.02650	0.57576	0.05048	0.13614	0.01395	0.00797	0.00219	0.00345	0.01219	0.00734	0.00678
13	0.03054	0.01189	0.01603	0.01229	0.01759	0.01041	0.01015	0.05461	0.01999	0.69979	0.02665	0.02307	0.01676	0.00846	0.00688	0.00211	0.00588	0.00686	0.00842	0.01164
14	0.00888	0.00634	0.00856	0.01014	0.01078	0.00602	0.00729	0.01046	0.01363	0.01807	0.03741	0.61893	0.04407	0.02092	0.00888	0.00285	0.00444	0.15029	0.00634	0.00571
15	0.00852	0.00695	0.00754	0.00739	0.00951	0.00596	0.00554	0.01067	0.01663	0.02094	0.24605	0.06180	0.53583	0.01641	0.00808	0.00227	0.00340	0.01387	0.00668	0.00596
16	0.00834	0.00595	0.00794	0.00953	0.00992	0.00556	0.00635	0.00953	0.01310	0.01746	0.03771	0.75510	0.04525	0.02143	0.00873	0.00278	0.00397	0.01945	0.00635	0.00556
17	0.01497	0.01497	0.02095	0.01796	0.01796	0.02095	0.01497	0.01646	0.01048	0.01646	0.00898	0.01497	0.00898	0.01197	0.02245	0.00299	0.74704	0.00599	0.00299	0.00748
18	0.01784	0.01510	0.01593	0.01409	0.01810	0.01740	0.01103	0.09642	0.64313	0.02994	0.02680	0.02469	0.02004	0.00918	0.00695	0.00230	0.00561	0.00759	0.00695	0.01090
19	0.02601	0.01916	0.02053	0.01574	0.02122	0.02122	0.01300	0.69408	0.03217	0.04312	0.01643	0.01643	0.01163	0.00821	0.00684	0.00205	0.00753	0.00616	0.00684	0.01163
20	0.80789	0.01323	0.01006	0.00900	0.01323	0.01535	0.00741	0.02011	0.01164	0.03070	0.00953	0.01111	0.00741	0.00635	0.00423	0.00212	0.00529	0.00370	0.00423	0.00741
21	0.01702	0.01470	0.01547	0.01392	0.01779	0.01702	0.01083	0.03635	0.70453	0.02862	0.02785	0.02553	0.02088	0.00928	0.00696	0.00232	0.00541	0.00773	0.00696	0.01083
22	0.01702	0.01470	0.01547	0.01392	0.01779	0.01702	0.01083	0.03635	0.70453	0.02862	0.02785	0.02553	0.02088	0.00928	0.00696	0.00232	0.00541	0.00773	0.00696	0.01083
23	0.02644	0.01848	0.02011	0.01542	0.02087	0.02020	0.01273	0.63374	0.03102	0.10508	0.01739	0.01705	0.01212	0.00824	0.00685	0.00206	0.00737	0.00623	0.00699	0.01164
24	0.01799	0.01344	0.02030	0.16461	0.27478	0.01409	0.01554	0.02426	0.13410	0.15277	0.02011	0.08408	0.01636	0.00857	0.00701	0.00221	0.00706	0.00768	0.00514	0.00990
25	0.01419	0.01216	0.01419	0.01013	0.01621	0.00912	0.00811	0.01723	0.01419	0.02229	0.01216	0.01419	0.01013	0.00507	0.00507	0.00101	0.00507	0.00405	0.00405	0.80139
26	0.01693	0.01626	0.02777	0.04199	0.71689	0.01626	0.02100	0.02100	0.01558	0.02235	0.01287	0.01693	0.01084	0.00610	0.00677	0.00203	0.00813	0.00610	0.00339	0.01084
27	0.01584	0.01355	0.01441	0.01304	0.01661	0.01542	0.01011	0.03271	0.60292	0.02794	0.09279	0.03015	0.06415	0.01017	0.00713	0.00230	0.00510	0.00854	0.00698	0.01014
28	0.00954	0.00699	0.00894	0.00845	0.01013	0.00639	0.00634	0.01263	0.01902	0.02662	0.65447	0.05245	0.12387	0.01429	0.00807	0.00217	0.00325	0.01256	0.00742	0.00639
29	0.01419	0.01216	0.01419	0.01013	0.01621	0.00912	0.00811	0.01723	0.01419	0.02229	0.01216	0.01419	0.01013	0.00507	0.00507	0.00101	0.00507	0.00405	0.00405	0.80139
30	0.00834	0.00595	0.00794	0.00953	0.00992	0.00556	0.00635	0.00953	0.01310	0.01746	0.03771	0.75510	0.04525	0.02143	0.00873	0.00278	0.00397	0.01945	0.00635	0.00556
31	0.01003	0.00722	0.00919	0.01019	0.01109	0.00706	0.00711	0.07219	0.01492	0.01990	0.03572	0.66622	0.04199	0.02015	0.00858	0.00272	0.00437	0.03883	0.00639	0.00614
32	0.01497	0.01497	0.02095	0.01796	0.01796	0.02095	0.01497	0.01646	0.01048	0.01646	0.00898	0.01497	0.00898	0.01197	0.02245	0.00299	0.74704	0.00599	0.00299	0.00748
33	0.01117	0.00845	0.01122	0.10929	0.01636	0.00882	0.00889	0.09646	0.01557	0.02068	0.03159	0.56302	0.03616	0.01781	0.00824	0.00262	0.00511	0.01598	0.00597	0.00659
34	0.02556	0.03261	0.01939	0.01763	0.02115	0.73210	0.01322	0.02732	0.01939	0.01674	0.01058	0.01234	0.00881	0.00705	0.00617	0.00176	0.01234	0.00441	0.00353	0.00793
35	0.00818	0.00693	0.00706	0.00703	0.00930	0.00581	0.00527	0.00999	0.01581	0.01899	0.10580	0.06501	0.67731	0.01714	0.00808	0.00230	0.00345	0.01432	0.00642	0.00581
36	0.01292	0.00827	0.01050	0.00949	0.01178	0.00785	0.00727	0.01750	0.08186	0.11345	0.54840	0.04571	0.07193	0.01296	0.00782	0.00217	0.00376	0.01132	0.00756	0.00748
37	0.01398	0.01287	0.01963	0.55423	0.06365	0.01565	0.01722	0.02186	0.16974	0.02016	0.01573	0.01984	0.01184	0.00737	0.00687	0.00228	0.00825	0.00645	0.00394	0.00844
38	0.02597	0.02039	0.02043	0.01591	0.02121	0.08613	0.01302	0.63319	0.03100	0.04071	0.01589	0.01605	0.01138	0.00811	0.00678	0.00203	0.00797	0.00600	0.00654	0.01130
39	0.01497	0.01224	0.01383	0.01330	0.01638	0.01364	0.01079	0.05094	0.42025	0.02598	0.03168	0.04438	0.04927	0.01283	0.00785	0.00260	0.00573	0.23748	0.00671	0.00913
40	0.01070	0.01065	0.06389	0.17129	0.06078	0.00982	0.04140	0.01359	0.01335	0.01805	0.02574	0.38666	0.02819	0.01911	0.09100	0.00351	0.00772	0.01291	0.00479	0.00684
41	0.02556	0.03261	0.01939	0.01763	0.02115	0.73210	0.01322	0.02732	0.01939	0.01674	0.01058	0.01234	0.00881	0.00705	0.00617	0.00176	0.01234	0.00441	0.00353	0.00793
42	0.00809	0.00693	0.00693	0.00693	0.00924	0.00578	0.00520	0.00982	0.01559	0.01848	0.06931	0.06584	0.71411	0.01733	0.00809	0.00231	0.00347	0.01444	0.00635	0.00578
43	0.02729	0.01698	0.04356	0.01457	0.02014	0.01694	0.01236	0.42848	0.02693	0.29083	0.02015	0.01887	0.01347	0.00825	0.00685	0.00208	0.00699	0.00638	0.00730	0.01158
44	0.02103	0.04628	0.04514	0.15975	0.16058	0.28965	0.03893	0.05635	0.01775	0.08168	0.01318	0.01574	0.01016	0.00691	0.00653	0.00198	0.00985	0.00547	0.00396	0.00908
45	0.01732	0.01485	0.01564	0.01398	0.01791	0.01716	0.01090	0.05870	0.68169	0.02911	0.02746	0.02522	0.02057	0.00925	0.00696	0.00231	0.00549	0.00768	0.00696	0.01086
46	0.00977	0.00733	0.01100	0.01100	0.01222	0.00855	0.00855	0.01222	0.01100	0.01588	0.01833	0.02688	0.01710	0.05131	0.73245	0.01100	0.01833	0.00733	0.00367	0.00611
47	0.01710	0.01698	0.02715	0.09465	0.59960	0.05863	0.04397	0.02113	0.01568	0.02162	0.01271	0.01682	0.01057	0.00620	0.00679	0.00204	0.00857	0.00606	0.00337	0.01036
48	0.00834	0.00595	0.00794	0.00953	0.00992	0.00556	0.00635	0.00953	0.01310	0.01746	0.03771	0.75510	0.04525	0.02143	0.00873	0.00278	0.00397	0.01945	0.00635	0.00556
49	0.02160	0.01725	0.01761	0.01473	0.01925	0.05985	0.01174	0.28175	0.37708	0.06978	0.02252	0.02124	0.01651	0.00871	0.00687	0.00218	0.00663	0.00691	0.00680	0.01100
50	0.01817	0.08149	0.12964	0.01378	0.02031	0.01514	0.03066	0.19749	0.01917	0.04973	0.01360	0.01495	0.01041	0.00632	0.00584	0.00158	0.00689	0.00493	0.00464	0.35526
51	0.01770	0.03837	0.08915	0.02328	0.20246	0.08115	0.07974	0.09526	0.11476	0.04338	0.01839	0.08984	0.01603	0.00893	0.00756	0.00221	0.03190	0.02552	0.00472	0.00967
52	0.01829	0.76368	0.03585	0.01171	0.01756	0.02707	0.01171	0.02049	0.01390	0.01610	0.00951	0.01097	0.00878	0.00585	0.00439	0.00146	0.00732	0.00366	0.00293	0.00878
53	0.01409	0.01348	0.01882	0.55212	0.03893	0.07034	0.01658	0.01966	0.07756	0.01929	0.05356	0.02057	0.01361	0.00752	0.00679	0.00221	0.00849	0.00647	0.03209	0.00781
54	0.02533	0.01853	0.01993	0.01547	0.02079	0.02050	0.01272	0.61427	0.09319	0.06207	0.01778	0.01746	0.01264	0.00832	0.00686	0.00208	0.00728	0.00632	0.00690	0.01156
55	0.00977	0.00733	0.01100	0.01100	0.01222	0.00855	0.00855	0.01222	0.01100	0.01588	0.01833	0.02688	0.01710	0.05131	0.73245	0.01100	0.01833	0.00733	0.00367	0.00611
56	0.00936	0.00714	0.00862	0.00829	0.01012	0.00650	0.00620	0.01251	0.03627	0.02448	0.48205	0.07950	0.25359	0.01510	0.00807	0.00222	0.00338	0.01311	0.00713	0.00634
57	0.00963	0.00699	0.00907	0.00855	0.01019	0.00643	0.00641	0.01280	0.01923	0.02711	0.69026	0.05163	0.08777	0.01411	0.00807	0.00216	0.00324	0.01245	0.00749	0.00643
58	0.01102	0.00787	0.01102	0.01260	0.01417	0.00787	0.01102	0.01417	0.01575	0.02047	0.03622	0.07717	0.03937	0.01890	0.00945	0.00315	0.00630	0.67084	0.00630	0.00630
59	0.01419	0.01216	0.01419	0.01013	0.01621	0.00912	0.00811	0.01723	0.01419	0.02229	0.01216	0.01419	0.01013	0.00507	0.00507	0.00101	0.00507	0.00405	0.00405	0.80139
60	0.00834	0.00595	0.00794	0.00953	0.00992	0.00556	0.00635	0.00953	0.01310	0.01746	0.03771	0.75510	0.04525	0.02143	0.00873	0.00278	0.00397	0.01945	0.00635	0.00556
61	0.00995	0.00663	0.00746	0.00746	0.00746	0.00663	0.00415	0.00995	0.00995	0.01327	0.02156	0.04477	0.02487	0.75957	0.03482	0.00663	0.00663	0.00995	0.00415	0.00415
62	0.01497	0.01497	0.02095	0.01796	0.01796	0.02095	0.01497	0.01646	0.01048	0.01646	0.00898	0.01497	0.00898	0.01197	0.02245	0.00299	0.74704	0.00599	0.00299	0.00748
63	0.00968	0.00699	0.00914	0.00861	0.01022	0.00646	0.00646	0.01291	0.01937	0.02743	0.71328	0.05110	0.06455	0.01399	0.00807	0.00215	0.00323	0.01237	0.00753	0.00646
64	0.01497	0.01497	0.02095	0.01796	0.01796	0.02095	0.01497	0.01646	0.01048	0.01646	0.00898	0.01497	0.00898	0.01197	0.02245	0.00299	0.74704	0.00599	0.00299	0.00748
65	0.80789	0.01323	0.01006	0.00900	0.01323	0.01535	0.00741	0.02011	0.01164	0.03070	0.00953	0.01111	0.00741	0.00635	0.00423	0.00212	0.00529	0.00370	0.00423	0.00741
66	0.00834	0.00595	0.00794	0.00953	0.00992	0.00556	0.00635	0.00953	0.01310	0.01746	0.03771	0.75510	0.04525	0.02143	0.00873	0.00278	0.00397	0.01945	0.00635	0.00556
67	0.00809	0.00693	0.00693	0.00693	0.00924	0.00578	0.00520	0.00982	0.01559	0.01848	0.06931	0.06584	0.71411	0.01733	0.00809	0.00231	0.00347	0.01444	0.00635	0.00578
68	0.80789	0.01323	0.01006	0.00900	0.01323	0.01535	0.00741	0.02011	0.01164	0.03070	0.00953	0.01111	0.00741	0.00635	0.00423	0.00212	0.00529	0.00370	0.00423	0.00741
