[name]
unknown

[dist]
# distance from previous block
# <min> <max>
0	43

[block]
# block no. 0 follows, 34 sequences, length 8
# corresponding to MSA columns:
# 43-50
name=unknown_A
#
# <colnr> <probs for GDERKNQSTAVLIFYWHMCP>
#	G	D	E	R	K	N	Q	S	T	A	V	L	I	F	Y	W	H	M	C	P
0	0.01017	0.00716	0.00962	0.01076	0.01190	0.00716	0.00888	0.01245	0.01359	0.01773	0.03095	0.06568	0.03396	0.19550	0.01456	0.00375	0.00602	0.52920	0.00547	0.00547
1	0.63175	0.01381	0.01182	0.01000	0.01427	0.01580	0.00824	0.18182	0.01556	0.03175	0.01053	0.01168	0.00794	0.00641	0.00458	0.00199	0.00550	0.00404	0.00458	0.00794
2	0.01204	0.00602	0.00602	0.00602	0.00753	0.00602	0.00452	0.01506	0.01355	0.02409	0.02108	0.02409	0.01656	0.00753	0.00452	0.00151	0.00301	0.00602	0.80879	0.00602
3	0.10588	0.01523	0.01501	0.01265	0.01663	0.07178	0.01008	0.23622	0.24517	0.07613	0.08360	0.02243	0.04393	0.00861	0.00633	0.00203	0.00599	0.00676	0.00613	0.00941
4	0.01781	0.00933	0.01136	0.00962	0.01303	0.00850	0.00762	0.06121	0.04987	0.31014	0.12134	0.06906	0.26025	0.01193	0.00708	0.00210	0.00447	0.00997	0.00699	0.00830
5	0.02446	0.02109	0.01914	0.01529	0.02002	0.19107	0.01233	0.54984	0.02754	0.03486	0.01421	0.01460	0.01036	0.00750	0.00631	0.00187	0.00818	0.00543	0.00573	0.01017
6	0.20439	0.01255	0.01270	0.01132	0.01474	0.01415	0.00889	0.09987	0.34250	0.02821	0.11601	0.06726	0.02268	0.00928	0.00620	0.00212	0.00495	0.00749	0.00599	0.00870
7	0.05015	0.19458	0.06123	0.01483	0.01936	0.04356	0.13120	0.08271	0.01504	0.02050	0.01579	0.07279	0.03794	0.00832	0.00751	0.00193	0.08108	0.03794	0.00389	0.09964

[dist]
# distance from previous block
# <min> <max>
1	5

[block]
# block no. 1 follows, 34 sequences, length 99
# corresponding to MSA columns:
# 56-154
name=unknown_B
#
# <colnr> <probs for GDERKNQSTAVLIFYWHMCP>
#	G	D	E	R	K	N	Q	S	T	A	V	L	I	F	Y	W	H	M	C	P
0	0.12081	0.19572	0.37522	0.01569	0.02293	0.01752	0.06747	0.05797	0.01414	0.02140	0.01113	0.01316	0.00852	0.00707	0.02397	0.00210	0.00851	0.00463	0.00317	0.00885
1	0.08187	0.54182	0.07224	0.01283	0.01839	0.06610	0.05589	0.05386	0.01428	0.01826	0.00978	0.01135	0.00841	0.00577	0.00469	0.00157	0.00746	0.00396	0.00311	0.00837
2	0.01301	0.07319	0.66459	0.01761	0.02653	0.01525	0.02239	0.01996	0.01345	0.01990	0.01173	0.01404	0.00858	0.00819	0.04249	0.00242	0.00978	0.00481	0.00277	0.00929
3	0.04590	0.15080	0.07875	0.01687	0.07900	0.36591	0.01317	0.08831	0.01732	0.01939	0.01225	0.06029	0.01086	0.00730	0.00577	0.00177	0.00921	0.00527	0.00367	0.00820
4	0.01704	0.73574	0.07284	0.01146	0.01721	0.02498	0.01176	0.01941	0.01316	0.01549	0.00913	0.01055	0.00829	0.00556	0.00426	0.00142	0.00706	0.00353	0.00276	0.00836
5	0.01368	0.01244	0.04894	0.01039	0.01565	0.00950	0.00865	0.07445	0.01473	0.02216	0.01463	0.10125	0.01347	0.00690	0.00540	0.00129	0.00510	0.00573	0.00425	0.61140
6	0.00931	0.00623	0.00707	0.00715	0.00718	0.00621	0.00403	0.00937	0.00956	0.01275	0.02120	0.08242	0.02455	0.73134	0.03153	0.00606	0.00613	0.00989	0.00403	0.00399
7	0.00797	0.00588	0.00750	0.00874	0.00948	0.00540	0.00606	0.00929	0.01291	0.01681	0.04060	0.61044	0.15899	0.01945	0.00818	0.00257	0.00379	0.05463	0.00600	0.00532
8	0.01486	0.01666	0.03578	0.06285	0.05380	0.01582	0.63031	0.02005	0.01502	0.02036	0.01376	0.04385	0.01092	0.00603	0.00755	0.00219	0.01044	0.00786	0.00334	0.00856
9	0.13448	0.10548	0.01857	0.01366	0.01796	0.25135	0.01107	0.27947	0.02102	0.02700	0.01480	0.01552	0.04816	0.00737	0.00572	0.00181	0.00803	0.00512	0.00468	0.00871
10	0.01538	0.01492	0.02743	0.18940	0.38790	0.01522	0.19301	0.01968	0.01458	0.04107	0.01263	0.01680	0.00995	0.00590	0.00672	0.00204	0.00862	0.00625	0.00329	0.00922
11	0.01325	0.01260	0.02108	0.53523	0.21075	0.01494	0.01816	0.01726	0.01317	0.01757	0.01146	0.01673	0.00900	0.00660	0.00738	0.00214	0.05609	0.00574	0.00295	0.00792
12	0.02669	0.01151	0.01450	0.01140	0.01596	0.04542	0.00929	0.02921	0.01846	0.62781	0.09775	0.02421	0.02028	0.00847	0.00658	0.00199	0.00555	0.00692	0.00768	0.01032
13	0.02418	0.02945	0.01843	0.01646	0.01998	0.66984	0.01246	0.09853	0.01959	0.01846	0.01057	0.01206	0.00861	0.00677	0.00589	0.00169	0.01117	0.00434	0.00366	0.00786
14	0.01741	0.68202	0.09232	0.01169	0.01754	0.02400	0.01207	0.01995	0.01340	0.04614	0.00990	0.01113	0.00861	0.00568	0.00441	0.00146	0.00707	0.00369	0.00298	0.00851
15	0.01916	0.00925	0.01225	0.03159	0.01437	0.00852	0.00833	0.05935	0.01758	0.36037	0.17491	0.18153	0.05120	0.01179	0.00712	0.00214	0.00474	0.01017	0.00711	0.00852
16	0.00769	0.00650	0.00665	0.00671	0.00878	0.00546	0.00499	0.00934	0.01471	0.01764	0.08193	0.09654	0.67812	0.01647	0.00767	0.00220	0.00329	0.01382	0.00603	0.00546
17	0.01296	0.03342	0.73944	0.01842	0.02797	0.01501	0.02387	0.02046	0.01364	0.02046	0.01160	0.01364	0.00818	0.00614	0.00614	0.00205	0.00955	0.00477	0.00273	0.00955
18	0.06567	0.01592	0.03208	0.15155	0.06824	0.01592	0.49577	0.01971	0.01443	0.02040	0.01239	0.01681	0.00941	0.00581	0.00746	0.00217	0.02778	0.00690	0.00323	0.00838
19	0.02265	0.02095	0.04347	0.01795	0.05685	0.16791	0.09151	0.43824	0.02493	0.03179	0.01382	0.01491	0.01019	0.00712	0.00645	0.00191	0.00857	0.00565	0.00519	0.00994
20	0.00801	0.00572	0.00766	0.00916	0.00959	0.00537	0.00624	0.00924	0.01251	0.01665	0.03554	0.73022	0.04243	0.02011	0.00828	0.00264	0.00387	0.05547	0.00600	0.00529
21	0.01451	0.01608	0.03202	0.02367	0.02882	0.04088	0.53957	0.01898	0.01453	0.01954	0.01520	0.09818	0.01340	0.00879	0.03102	0.00250	0.06216	0.00850	0.00354	0.00809
22	0.01164	0.00919	0.01528	0.04570	0.05326	0.00883	0.12841	0.01432	0.01411	0.06385	0.03029	0.32144	0.07019	0.01485	0.00798	0.00251	0.00597	0.17009	0.00537	0.00671
23	0.12755	0.06415	0.47501	0.01824	0.02626	0.01569	0.14443	0.02024	0.01353	0.02145	0.01137	0.01372	0.00831	0.00596	0.00601	0.00203	0.00902	0.00504	0.00301	0.00898
24	0.06597	0.01425	0.02353	0.20869	0.52302	0.01506	0.01857	0.01899	0.01405	0.02051	0.01179	0.01594	0.00964	0.00594	0.00626	0.00198	0.00773	0.00561	0.00317	0.00930
25	0.01643	0.04035	0.03198	0.04090	0.07399	0.12063	0.45397	0.02066	0.01494	0.01921	0.01191	0.01594	0.00940	0.00632	0.00868	0.00214	0.09431	0.00664	0.00320	0.00841
26	0.01627	0.01526	0.02290	0.27371	0.37225	0.08102	0.03946	0.02003	0.01470	0.06448	0.01261	0.01643	0.00987	0.00620	0.00641	0.00199	0.00831	0.00571	0.00341	0.00897
27	0.10811	0.25970	0.21323	0.01395	0.01999	0.12236	0.01423	0.09442	0.01593	0.06669	0.01156	0.01271	0.00890	0.00629	0.00529	0.00177	0.00800	0.00435	0.00370	0.00882
28	0.01663	0.01701	0.02559	0.08559	0.55825	0.10026	0.06255	0.02035	0.01504	0.02015	0.01191	0.01566	0.00987	0.00589	0.00641	0.00192	0.00841	0.00569	0.00320	0.00961
29	0.02248	0.02721	0.02070	0.02039	0.11859	0.56504	0.05765	0.05791	0.01821	0.01806	0.01075	0.01280	0.00881	0.00651	0.00605	0.00175	0.01084	0.00468	0.00346	0.00811
30	0.01312	0.03228	0.68951	0.01904	0.02838	0.01510	0.07267	0.02048	0.01376	0.02048	0.01170	0.01391	0.00830	0.00609	0.00624	0.00206	0.00964	0.00498	0.00277	0.00949
31	0.00857	0.00687	0.00771	0.00757	0.00956	0.00614	0.00577	0.01131	0.04076	0.02060	0.27492	0.05696	0.45327	0.01517	0.00766	0.00218	0.00341	0.04932	0.00637	0.00586
32	0.01581	0.01516	0.02589	0.07497	0.69876	0.01530	0.01974	0.01967	0.01462	0.02088	0.01212	0.01605	0.01015	0.00579	0.00640	0.00193	0.00772	0.00576	0.00318	0.01008
33	0.00787	0.00562	0.00750	0.00900	0.00937	0.00525	0.00600	0.00900	0.01237	0.01649	0.03561	0.76871	0.04274	0.02024	0.00825	0.00262	0.00375	0.01837	0.00600	0.00525
34	0.00787	0.00562	0.00750	0.00900	0.00937	0.00525	0.00600	0.00900	0.01237	0.01649	0.03561	0.76871	0.04274	0.02024	0.00825	0.00262	0.00375	0.01837	0.00600	0.00525
35	0.00787	0.00562	0.00750	0.00900	0.00937	0.00525	0.00600	0.00900	0.01237	0.01649	0.03561	0.76871	0.04274	0.02024	0.00825	0.00262	0.00375	0.01837	0.00600	0.00525
36	0.00787	0.00562	0.00750	0.00900	0.00937	0.00525	0.00600	0.00900	0.01237	0.01649	0.03561	0.76871	0.04274	0.02024	0.00825	0.00262	0.00375	0.01837	0.00600	0.00525
37	0.81856	0.01250	0.00950	0.00850	0.01250	0.01449	0.00700	0.01899	0.01100	0.02899	0.00900	0.01050	0.00700	0.00600	0.00400	0.00200	0.00500	0.00350	0.00400	0.00700
38	0.02858	0.01109	0.01498	0.01155	0.01650	0.00971	0.00952	0.03158	0.04102	0.71432	0.02552	0.02206	0.01611	0.00802	0.00650	0.00201	0.00549	0.00652	0.00795	0.01097
39	0.81856	0.01250	0.00950	0.00850	0.01250	0.01449	0.00700	0.01899	0.01100	0.02899	0.00900	0.01050	0.00700	0.00600	0.00400	0.00200	0.00500	0.00350	0.00400	0.00700
40	0.01296	0.03342	0.73944	0.01842	0.02797	0.01501	0.02387	0.02046	0.01364	0.02046	0.01160	0.01364	0.00818	0.00614	0.00614	0.00205	0.00955	0.00477	0.00273	0.00955
41	0.02456	0.01810	0.01939	0.01487	0.02004	0.02004	0.01228	0.71107	0.03038	0.04072	0.01551	0.01551	0.01099	0.00776	0.00646	0.00194	0.00711	0.00582	0.00646	0.01099
42	0.79333	0.01246	0.00981	0.03194	0.01350	0.01449	0.00734	0.01892	0.01106	0.02860	0.00907	0.01071	0.00705	0.00601	0.00408	0.00200	0.00511	0.00357	0.00396	0.00700
43	0.01599	0.01535	0.02623	0.03966	0.73262	0.01535	0.01983	0.01983	0.01471	0.02111	0.01215	0.01599	0.01023	0.00576	0.00640	0.00192	0.00768	0.00576	0.00320	0.01023
44	0.02456	0.01810	0.01939	0.01487	0.02004	0.02004	0.01228	0.71107	0.03038	0.04072	0.01551	0.01551	0.01099	0.00776	0.00646	0.00194	0.00711	0.00582	0.00646	0.01099
45	0.01607	0.01388	0.01461	0.01315	0.01680	0.01607	0.01023	0.03433	0.72094	0.02703	0.02630	0.02411	0.01972	0.00877	0.00657	0.00219	0.00511	0.00731	0.00657	0.01023
46	0.00914	0.00660	0.00864	0.00813	0.00965	0.00610	0.00610	0.01219	0.01829	0.02591	0.72921	0.04827	0.06097	0.01321	0.00762	0.00203	0.00305	0.01169	0.00711	0.00610
47	0.00787	0.00562	0.00750	0.00900	0.00937	0.00525	0.00600	0.00900	0.01237	0.01649	0.03561	0.76871	0.04274	0.02024	0.00825	0.00262	0.00375	0.01837	0.00600	0.00525
48	0.01599	0.01535	0.02623	0.03966	0.73262	0.01535	0.01983	0.01983	0.01471	0.02111	0.01215	0.01599	0.01023	0.00576	0.00640	0.00192	0.00768	0.00576	0.00320	0.01023
49	0.01525	0.01743	0.03813	0.02723	0.03377	0.01634	0.70915	0.02070	0.01525	0.02070	0.01307	0.01743	0.00980	0.00545	0.00763	0.00218	0.01089	0.00763	0.00327	0.00871
50	0.00823	0.00588	0.00791	0.00941	0.00994	0.00556	0.00662	0.00962	0.01273	0.01690	0.03541	0.66990	0.04195	0.01990	0.00834	0.00267	0.00406	0.11361	0.00599	0.00535
51	0.01546	0.01524	0.02454	0.21012	0.51261	0.05113	0.03883	0.01935	0.01448	0.01973	0.01191	0.01612	0.00974	0.00596	0.00642	0.00197	0.00819	0.00573	0.00313	0.00932
52	0.00787	0.00562	0.00750	0.00900	0.00937	0.00525	0.00600	0.00900	0.01237	0.01649	0.03561	0.76871	0.04274	0.02024	0.00825	0.00262	0.00375	0.01837	0.00600	0.00525
53	0.00805	0.00575	0.00770	0.00920	0.00966	0.00540	0.00631	0.00931	0.01255	0.01670	0.03551	0.71947	0.04234	0.02007	0.00830	0.00265	0.00390	0.06583	0.00599	0.00530
54	0.01414	0.01414	0.01979	0.01696	0.01696	0.01979	0.01414	0.01555	0.00990	0.01555	0.00848	0.01414	0.00848	0.01131	0.02120	0.00283	0.76110	0.00565	0.00283	0.00707
55	0.01515	0.01638	0.03220	0.02728	0.15324	0.01689	0.44272	0.01947	0.01404	0.01969	0.01195	0.01649	0.00960	0.00673	0.01024	0.00227	0.16698	0.00689	0.00316	0.00864
56	0.81856	0.01250	0.00950	0.00850	0.01250	0.01449	0.00700	0.01899	0.01100	0.02899	0.00900	0.01050	0.00700	0.00600	0.00400	0.00200	0.00500	0.00350	0.00400	0.00700
57	0.81856	0.01250	0.00950	0.00850	0.01250	0.01449	0.00700	0.01899	0.01100	0.02899	0.00900	0.01050	0.00700	0.00600	0.00400	0.00200	0.00500	0.00350	0.00400	0.00700
58	0.00940	0.00626	0.00705	0.00705	0.00705	0.00626	0.00392	0.00940	0.00940	0.01253	0.02036	0.04228	0.02349	0.77292	0.03289	0.00626	0.00626	0.00940	0.00392	0.00392
59	0.01987	0.01631	0.01671	0.01400	0.01825	0.04828	0.01116	0.30981	0.41006	0.03214	0.02122	0.02008	0.01569	0.00827	0.00650	0.00207	0.00620	0.00657	0.00639	0.01042
60	0.01576	0.04887	0.01985	0.01646	0.01727	0.13935	0.01354	0.01727	0.01143	0.01556	0.00903	0.01392	0.00869	0.01146	0.04068	0.00281	0.58261	0.00536	0.00293	0.00715
61	0.01447	0.01819	0.11323	0.15209	0.03497	0.01585	0.51348	0.01995	0.01467	0.01995	0.01263	0.01697	0.00942	0.00570	0.00726	0.00216	0.01035	0.00698	0.00314	0.00854
62	0.01296	0.03342	0.73944	0.01842	0.02797	0.01501	0.02387	0.02046	0.01364	0.02046	0.01160	0.01364	0.00818	0.00614	0.00614	0.00205	0.00955	0.00477	0.00273	0.00955
63	0.01220	0.01148	0.01938	0.75739	0.04450	0.01436	0.01794	0.01651	0.01292	0.01651	0.01148	0.01723	0.00861	0.00646	0.00646	0.00215	0.00861	0.00574	0.00287	0.00718
64	0.00930	0.00713	0.01022	0.08014	0.01421	0.00715	0.03255	0.01172	0.03325	0.01770	0.03232	0.50019	0.05533	0.01711	0.00793	0.00254	0.00476	0.11108	0.03953	0.00583
65	0.01497	0.01688	0.03639	0.09477	0.03476	0.01616	0.64522	0.02031	0.01503	0.02031	0.01293	0.01741	0.00969	0.00554	0.00752	0.00218	0.01068	0.00745	0.00323	0.00857
66	0.00923	0.00692	0.01038	0.01038	0.01154	0.00808	0.00808	0.01154	0.01038	0.01500	0.01731	0.02538	0.01615	0.04846	0.74732	0.01038	0.01731	0.00692	0.00346	0.00577
67	0.15964	0.01410	0.01569	0.01350	0.04714	0.01506	0.01046	0.22314	0.17623	0.22955	0.01944	0.01839	0.01361	0.00766	0.00607	0.00202	0.00588	0.00594	0.00636	0.01011
68	0.01525	0.01743	0.03813	0.02723	0.03377	0.01634	0.70915	0.02070	0.01525	0.02070	0.01307	0.01743	0.00980	0.00545	0.00763	0.00218	0.01089	0.00763	0.00327	0.00871
69	0.00914	0.00660	0.00864	0.00813	0.00965	0.00610	0.00610	0.01219	0.01829	0.02591	0.72921	0.04827	0.06097	0.01321	0.00762	0.00203	0.00305	0.01169	0.00711	0.00610
70	0.00765	0.00649	0.00661	0.00670	0.00877	0.00544	0.00498	0.00926	0.01458	0.01739	0.06356	0.10697	0.68643	0.01661	0.00768	0.00221	0.00330	0.01394	0.00600	0.00544
71	0.01122	0.00561	0.00842	0.00842	0.00842	0.00561	0.00561	0.00842	0.00842	0.01122	0.01122	0.01964	0.01122	0.02245	0.02525	0.81201	0.00561	0.00561	0.00281	0.00281
72	0.02861	0.01108	0.01498	0.01154	0.01650	0.00969	0.00952	0.03157	0.03915	0.71621	0.02551	0.02205	0.01610	0.00802	0.00650	0.00200	0.00549	0.00652	0.00796	0.01097
73	0.01727	0.77681	0.03386	0.01106	0.01658	0.02557	0.01106	0.01935	0.01313	0.01520	0.00898	0.01036	0.00829	0.00553	0.00415	0.00138	0.00691	0.00345	0.00276	0.00829
74	0.02759	0.01105	0.01479	0.01150	0.01631	0.00981	0.00944	0.03111	0.06302	0.67136	0.04604	0.02289	0.01754	0.00820	0.00654	0.00201	0.00540	0.00670	0.00788	0.01080
75	0.00774	0.00650	0.00672	0.00677	0.00882	0.00549	0.00504	0.00944	0.01484	0.01794	0.10607	0.09606	0.65377	0.01635	0.00767	0.00219	0.00328	0.01375	0.00607	0.00549
76	0.01486	0.02019	0.15900	0.02571	0.03277	0.01611	0.59105	0.02066	0.01497	0.02066	0.01282	0.01678	0.00952	0.00557	0.00737	0.00216	0.01066	0.00713	0.00317	0.00886
77	0.02456	0.01810	0.01939	0.01487	0.02004	0.02004	0.01228	0.71107	0.03038	0.04072	0.01551	0.01551	0.01099	0.00776	0.00646	0.00194	0.00711	0.00582	0.00646	0.01099
78	0.01030	0.00736	0.01029	0.01178	0.01322	0.00734	0.01023	0.01320	0.01477	0.01922	0.03427	0.10228	0.03742	0.01795	0.00890	0.00296	0.00586	0.66079	0.00595	0.00592
79	0.01521	0.01456	0.02482	0.18708	0.59128	0.01515	0.01944	0.01915	0.01434	0.02016	0.01202	0.01625	0.00990	0.00590	0.00641	0.00197	0.00787	0.00575	0.00313	0.00961
80	0.00893	0.00759	0.00782	0.00758	0.00993	0.00700	0.00574	0.01302	0.11523	0.01935	0.10198	0.05589	0.58673	0.01509	0.00748	0.00217	0.00352	0.01261	0.00615	0.00617
81	0.00787	0.00562	0.00750	0.00900	0.00937	0.00525	0.00600	0.00900	0.01237	0.01649	0.03561	0.76871	0.04274	0.02024	0.00825	0.00262	0.00375	0.01837	0.00600	0.00525
82	0.00790	0.00656	0.00691	0.00682	0.00889	0.00557	0.00511	0.00978	0.01534	0.01892	0.18018	0.05978	0.61436	0.01582	0.00763	0.00216	0.00323	0.01330	0.00619	0.00557
83	0.00790	0.00642	0.00699	0.00713	0.00896	0.00552	0.00524	0.00967	0.01493	0.01858	0.16044	0.16042	0.53239	0.01644	0.00772	0.00222	0.00331	0.01402	0.00617	0.00552
84	0.01525	0.01743	0.03813	0.02723	0.03377	0.01634	0.70915	0.02070	0.01525	0.02070	0.01307	0.01743	0.00980	0.00545	0.00763	0.00218	0.01089	0.00763	0.00327	0.00871
85	0.02899	0.01100	0.01499	0.01150	0.01649	0.00950	0.00950	0.03149	0.01849	0.73709	0.02549	0.02199	0.01599	0.00800	0.00650	0.00200	0.00550	0.00650	0.00800	0.01100
86	0.04311	0.01185	0.01901	0.69274	0.04210	0.01464	0.01725	0.05075	0.01371	0.01817	0.01159	0.01689	0.00867	0.00651	0.00637	0.00214	0.00840	0.00566	0.00309	0.00736
87	0.01543	0.01478	0.02521	0.14617	0.63050	0.01520	0.01955	0.01934	0.01445	0.02043	0.01205	0.01618	0.00999	0.00586	0.00641	0.00195	0.00782	0.00575	0.00315	0.00978
88	0.00816	0.00583	0.00783	0.00933	0.00983	0.00550	0.00650	0.00950	0.01266	0.01682	0.03545	0.68926	0.04210	0.01997	0.00832	0.00266	0.00400	0.09496	0.00599	0.00533
89	0.73503	0.01379	0.01045	0.03311	0.01407	0.06767	0.00775	0.01941	0.01159	0.02763	0.00915	0.01080	0.00715	0.00606	0.00421	0.00198	0.00560	0.00362	0.00391	0.00704
90	0.00769	0.00655	0.00662	0.00660	0.00876	0.00548	0.00495	0.00938	0.01485	0.01775	0.08884	0.06169	0.70642	0.01625	0.00764	0.00218	0.00326	0.01357	0.00604	0.00548
91	0.01689	0.05355	0.08692	0.01563	0.05866	0.01418	0.09849	0.18136	0.03473	0.04459	0.03391	0.01589	0.01167	0.00620	0.00588	0.00160	0.00677	0.00532	0.00446	0.30329
92	0.00787	0.00562	0.00750	0.00900	0.00937	0.00525	0.00600	0.00900	0.01237	0.01649	0.03561	0.76871	0.04274	0.02024	0.00825	0.00262	0.00375	0.01837	0.00600	0.00525
93	0.01704	0.68728	0.10028	0.01190	0.01775	0.04307	0.01231	0.01962	0.01331	0.01572	0.00926	0.01071	0.00828	0.00561	0.00438	0.00145	0.00728	0.00360	0.00278	0.00839
94	0.01382	0.00774	0.00792	0.00728	0.00930	0.00801	0.00562	0.11389	0.01594	0.02645	0.02029	0.02287	0.01577	0.00756	0.00479	0.00157	0.00359	0.00599	0.69487	0.00673
95	0.01727	0.77681	0.03386	0.01106	0.01658	0.02557	0.01106	0.01935	0.01313	0.01520	0.00898	0.01036	0.00829	0.00553	0.00415	0.00138	0.00691	0.00345	0.00276	0.00829
96	0.01747	0.51826	0.04517	0.01293	0.01777	0.15138	0.04973	0.01970	0.01411	0.01585	0.01176	0.07684	0.01137	0.00701	0.00504	0.00160	0.00776	0.00513	0.00317	0.00794
97	0.01389	0.01320	0.05478	0.01280	0.07835	0.00984	0.00973	0.03463	0.01396	0.02153	0.01165	0.01369	0.00959	0.00502	0.00504	0.00113	0.00536	0.00410	0.00378	0.67792
98	0.08266	0.01690	0.15724	0.01837	0.11478	0.04049	0.12359	0.01846	0.06083	0.02142	0.09575	0.04268	0.10595	0.00904	0.00744	0.00213	0.04417	0.02574	0.00429	0.00807

[dist]
# distance from previous block
# <min> <max>
0	9

[block]
# block no. 2 follows, 34 sequences, length 58
# corresponding to MSA columns:
# 164-221
name=unknown_C
#
# <colnr> <probs for GDERKNQSTAVLIFYWHMCP>
#	G	D	E	R	K	N	Q	S	T	A	V	L	I	F	Y	W	H	M	C	P
0	0.07620	0.12282	0.38385	0.03009	0.02244	0.01562	0.02931	0.01974	0.03391	0.04300	0.01246	0.03023	0.00996	0.02539	0.00734	0.00205	0.05689	0.00509	0.00331	0.07033
1	0.00787	0.00562	0.00750	0.00900	0.00937	0.00525	0.00600	0.00900	0.01237	0.01649	0.03561	0.76871	0.04274	0.02024	0.00825	0.00262	0.00375	0.01837	0.00600	0.00525
2	0.01134	0.00920	0.00989	0.07323	0.01208	0.06511	0.00662	0.01217	0.01073	0.01422	0.01793	0.03423	0.01936	0.53197	0.02551	0.00494	0.06500	0.00814	0.06347	0.00487
3	0.03466	0.02360	0.37301	0.07814	0.11124	0.01504	0.11120	0.02066	0.01400	0.08192	0.01275	0.01538	0.00934	0.00657	0.00749	0.00211	0.06479	0.00553	0.00336	0.00922
4	0.01577	0.00923	0.01239	0.01048	0.01315	0.00930	0.06969	0.07765	0.01555	0.13802	0.02092	0.05664	0.01691	0.02615	0.04684	0.00239	0.03156	0.02449	0.39542	0.00743
5	0.01579	0.01514	0.02585	0.07882	0.69507	0.01530	0.01973	0.01965	0.01461	0.02086	0.01212	0.01606	0.01015	0.00580	0.00640	0.00193	0.00773	0.00576	0.00318	0.01007
6	0.01310	0.01748	0.19395	0.47957	0.03812	0.01488	0.07029	0.03876	0.03650	0.01882	0.01222	0.01655	0.00902	0.00642	0.00647	0.00212	0.00885	0.00570	0.00309	0.00807
7	0.00938	0.00732	0.00912	0.01038	0.06551	0.00668	0.00690	0.01174	0.03294	0.03706	0.14469	0.23557	0.35085	0.01572	0.00767	0.00227	0.00387	0.03018	0.00600	0.00614
8	0.00807	0.00617	0.00741	0.00793	0.00920	0.00551	0.00563	0.00981	0.01453	0.01894	0.20115	0.35551	0.29225	0.01729	0.00789	0.00233	0.00342	0.01519	0.00625	0.00551
9	0.00837	0.00594	0.00789	0.00928	0.00979	0.00565	0.00649	0.00968	0.01251	0.01661	0.03423	0.60972	0.04043	0.07808	0.01025	0.00296	0.00427	0.11679	0.00583	0.00525
10	0.01588	0.01579	0.02366	0.27326	0.24131	0.08007	0.10236	0.07394	0.01537	0.02018	0.01184	0.01602	0.00939	0.00662	0.00767	0.00208	0.06679	0.00584	0.00334	0.00860
11	0.02525	0.01126	0.01433	0.01140	0.01587	0.01057	0.00928	0.06436	0.11408	0.53453	0.04276	0.02278	0.01744	0.00819	0.00639	0.00199	0.00528	0.00667	0.06717	0.01040
12	0.01828	0.02015	0.02485	0.05245	0.42335	0.23781	0.08900	0.02164	0.01581	0.01932	0.01157	0.01486	0.00956	0.00602	0.00635	0.00188	0.00925	0.00547	0.00324	0.00915
13	0.02081	0.01208	0.01447	0.01157	0.01630	0.01147	0.00928	0.02865	0.25140	0.32232	0.02228	0.02056	0.01564	0.00745	0.00610	0.00180	0.00519	0.00610	0.00649	0.21004
14	0.00787	0.00562	0.00750	0.00900	0.00937	0.00525	0.00600	0.00900	0.01237	0.01649	0.03561	0.76871	0.04274	0.02024	0.00825	0.00262	0.00375	0.01837	0.00600	0.00525
15	0.01755	0.52651	0.14704	0.01347	0.01960	0.04697	0.05600	0.02074	0.01392	0.07003	0.01092	0.01224	0.00894	0.00584	0.00492	0.00159	0.00764	0.00418	0.00320	0.00870
16	0.01157	0.01052	0.01769	0.03485	0.01763	0.01135	0.17705	0.01452	0.03416	0.01717	0.01979	0.17481	0.02040	0.12668	0.12475	0.00420	0.12251	0.02957	0.02429	0.00649
17	0.00790	0.00656	0.00691	0.00682	0.00889	0.00557	0.00511	0.00978	0.01534	0.01892	0.18022	0.05978	0.61432	0.01582	0.00763	0.00216	0.00323	0.01330	0.00619	0.00557
18	0.01830	0.66505	0.03153	0.01189	0.01709	0.13364	0.01127	0.02031	0.01391	0.01529	0.00913	0.01056	0.00830	0.00570	0.00440	0.00142	0.00762	0.00356	0.00285	0.00817
19	0.02753	0.01120	0.01519	0.01216	0.03491	0.00976	0.00969	0.03046	0.03536	0.66390	0.02444	0.02144	0.01560	0.00779	0.00641	0.00195	0.00551	0.00636	0.00762	0.05272
20	0.11329	0.05592	0.01858	0.19263	0.02452	0.08396	0.01283	0.29656	0.02052	0.08099	0.01350	0.01517	0.00988	0.00713	0.00638	0.00197	0.02696	0.00530	0.00485	0.00905
21	0.01100	0.00727	0.00962	0.00981	0.01152	0.00692	0.00784	0.01407	0.03423	0.07500	0.30979	0.14214	0.07781	0.01527	0.00803	0.00243	0.00435	0.23993	0.00659	0.00638
22	0.02899	0.01100	0.01499	0.01150	0.01649	0.00950	0.00950	0.03149	0.01849	0.73709	0.02549	0.02199	0.01599	0.00800	0.00650	0.00200	0.00550	0.00650	0.00800	0.01100
23	0.81856	0.01250	0.00950	0.00850	0.01250	0.01449	0.00700	0.01899	0.01100	0.02899	0.00900	0.01050	0.00700	0.00600	0.00400	0.00200	0.00500	0.00350	0.00400	0.00700
24	0.81856	0.01250	0.00950	0.00850	0.01250	0.01449	0.00700	0.01899	0.01100	0.02899	0.00900	0.01050	0.00700	0.00600	0.00400	0.00200	0.00500	0.00350	0.00400	0.00700
25	0.02260	0.01699	0.01883	0.06952	0.02141	0.01855	0.01227	0.59475	0.02750	0.03709	0.01484	0.01544	0.01068	0.00738	0.00631	0.00186	0.00701	0.00563	0.00595	0.08539
26	0.17343	0.10910	0.47271	0.03862	0.02392	0.03952	0.01859	0.02010	0.01319	0.02131	0.01074	0.01271	0.00798	0.00607	0.00550	0.00196	0.00840	0.00439	0.00301	0.00877
27	0.00940	0.00626	0.00705	0.00705	0.00705	0.00626	0.00392	0.00940	0.00940	0.01253	0.02036	0.04228	0.02349	0.77292	0.03289	0.00626	0.00626	0.00940	0.00392	0.00392
28	0.00787	0.00562	0.00750	0.00900	0.00937	0.00525	0.00600	0.00900	0.01237	0.01649	0.03561	0.76871	0.04274	0.02024	0.00825	0.00262	0.00375	0.01837	0.00600	0.00525
29	0.02420	0.02878	0.01848	0.01636	0.01998	0.63153	0.01245	0.13463	0.02023	0.01977	0.01087	0.01227	0.00875	0.00683	0.00593	0.00171	0.01093	0.00442	0.00383	0.00805
30	0.01592	0.54266	0.25610	0.01337	0.02017	0.02224	0.01509	0.01970	0.01329	0.01686	0.00981	0.01140	0.00826	0.00572	0.00477	0.00159	0.00774	0.00387	0.00275	0.00869
31	0.00923	0.00692	0.01038	0.01038	0.01154	0.00808	0.00808	0.01154	0.01038	0.01500	0.01731	0.02538	0.01615	0.04846	0.74732	0.01038	0.01731	0.00692	0.00346	0.00577
32	0.00914	0.00660	0.00864	0.00813	0.00965	0.00610	0.00610	0.01219	0.01829	0.02591	0.72921	0.04827	0.06097	0.01321	0.00762	0.00203	0.00305	0.01169	0.00711	0.00610
33	0.00796	0.00573	0.00755	0.00885	0.00937	0.00532	0.00597	0.00924	0.01289	0.01723	0.08815	0.69084	0.06779	0.01959	0.00818	0.00256	0.00368	0.01771	0.00608	0.00532
34	0.01571	0.01506	0.02572	0.09296	0.68152	0.01528	0.01969	0.01958	0.01458	0.02077	0.01210	0.01608	0.01011	0.00581	0.00640	0.00194	0.00775	0.00576	0.00317	0.01001
35	0.00923	0.00692	0.01038	0.01038	0.01154	0.00808	0.00808	0.01154	0.01038	0.01500	0.01731	0.02538	0.01615	0.04846	0.74732	0.01038	0.01731	0.00692	0.00346	0.00577
36	0.02450	0.02006	0.01922	0.01514	0.02003	0.13230	0.01231	0.60525	0.02852	0.03687	0.01466	0.01492	0.01058	0.00759	0.00637	0.00190	0.00781	0.00556	0.00598	0.01045
37	0.07710	0.03040	0.56526	0.01722	0.02547	0.07852	0.02069	0.07407	0.01513	0.02228	0.01156	0.01337	0.00832	0.00630	0.00597	0.00200	0.00919	0.00470	0.00317	0.00929
38	0.08221	0.01167	0.01658	0.48515	0.03341	0.01402	0.01444	0.01975	0.15519	0.01977	0.01842	0.02150	0.06648	0.00765	0.00636	0.00215	0.00719	0.00647	0.00395	0.00764
39	0.07886	0.01208	0.01502	0.01262	0.01568	0.01349	0.03161	0.23185	0.01806	0.08745	0.07085	0.02146	0.01645	0.02191	0.25555	0.00486	0.07244	0.00656	0.00505	0.00816
40	0.01583	0.02784	0.54029	0.01662	0.02499	0.01424	0.01999	0.07486	0.01550	0.10863	0.01357	0.01478	0.00945	0.00638	0.00610	0.00195	0.00850	0.00499	0.00374	0.07175
41	0.01914	0.01729	0.01876	0.07434	0.15279	0.18998	0.04537	0.03852	0.16459	0.12507	0.01893	0.04592	0.02718	0.00801	0.00653	0.00201	0.00773	0.02394	0.00490	0.00903
42	0.08503	0.01477	0.02351	0.07767	0.57641	0.01527	0.01790	0.02064	0.06673	0.02196	0.01289	0.01619	0.01056	0.00604	0.00621	0.00196	0.00731	0.00568	0.00350	0.00977
43	0.01424	0.01204	0.02006	0.58219	0.14835	0.01409	0.01751	0.01831	0.01368	0.07940	0.01280	0.01745	0.00950	0.00648	0.00645	0.00210	0.00820	0.00581	0.00336	0.00798
44	0.01248	0.01183	0.01962	0.67204	0.06270	0.01485	0.01767	0.01653	0.01271	0.01656	0.01125	0.01692	0.00865	0.00686	0.00773	0.00220	0.07352	0.00574	0.00288	0.00726
45	0.11984	0.02397	0.01454	0.01164	0.01491	0.01021	0.11534	0.04058	0.04673	0.07743	0.30333	0.03578	0.13857	0.01062	0.00691	0.00206	0.00503	0.00934	0.00588	0.00727
46	0.01732	0.01707	0.05341	0.02445	0.08983	0.01608	0.44775	0.09635	0.07157	0.07656	0.01515	0.01784	0.01114	0.00619	0.00718	0.00211	0.00932	0.00707	0.00419	0.00940
47	0.02344	0.01717	0.02030	0.01554	0.02070	0.01860	0.07204	0.54677	0.08155	0.09164	0.01691	0.01684	0.01195	0.00765	0.00658	0.00198	0.00716	0.00614	0.00631	0.01073
48	0.01576	0.01336	0.01484	0.07718	0.01887	0.01539	0.01072	0.08302	0.55181	0.02636	0.02491	0.08042	0.01987	0.00938	0.00669	0.00220	0.00546	0.00791	0.00620	0.00964
49	0.68689	0.01229	0.01087	0.01116	0.07442	0.01392	0.00804	0.01854	0.01188	0.02807	0.06481	0.01388	0.01144	0.00653	0.00448	0.00199	0.00508	0.00432	0.00417	0.00721
50	0.01338	0.01489	0.08926	0.19424	0.19991	0.01358	0.18473	0.01744	0.01364	0.01874	0.04015	0.02167	0.01350	0.12463	0.01082	0.00272	0.00846	0.00690	0.00335	0.00797
51	0.02280	0.01301	0.07284	0.01510	0.07328	0.01049	0.07130	0.02612	0.01752	0.46560	0.12034	0.02415	0.02068	0.00819	0.00672	0.00202	0.00610	0.00713	0.00669	0.00995
52	0.01390	0.01806	0.16916	0.15701	0.23500	0.01458	0.19592	0.01875	0.01414	0.01970	0.01397	0.07416	0.01193	0.00700	0.00681	0.00211	0.00874	0.00701	0.00328	0.00878
53	0.09925	0.01254	0.01696	0.01299	0.01801	0.01188	0.06997	0.10384	0.03778	0.51512	0.02184	0.01989	0.01419	0.00759	0.00636	0.00201	0.00608	0.00627	0.00702	0.01041
54	0.01272	0.00984	0.01230	0.06807	0.01441	0.06515	0.06731	0.01403	0.01210	0.07689	0.02100	0.14449	0.02227	0.40798	0.02056	0.00432	0.00681	0.00967	0.00440	0.00567
55	0.07879	0.24231	0.21192	0.04499	0.02003	0.03207	0.01379	0.08017	0.05166	0.07599	0.01352	0.01637	0.01091	0.07253	0.00778	0.00220	0.00739	0.00507	0.00389	0.00863
56	0.01862	0.26886	0.10245	0.03420	0.01857	0.05107	0.01188	0.05290	0.04874	0.15973	0.01583	0.01627	0.03313	0.00678	0.00577	0.00167	0.02346	0.00500	0.00441	0.12066
57	0.01886	0.18461	0.22099	0.01771	0.09595	0.13299	0.01585	0.14338	0.03501	0.05801	0.01259	0.01388	0.00961	0.00649	0.00578	0.00181	0.00838	0.00483	0.00389	0.00937

[dist]
# distance from previous block
# <min> <max>
3	46

[block]
# block no. 3 follows, 34 sequences, length 7
# corresponding to MSA columns:
# 268-274
name=unknown_D
#
# <colnr> <probs for GDERKNQSTAVLIFYWHMCP>
#	G	D	E	R	K	N	Q	S	T	A	V	L	I	F	Y	W	H	M	C	P
0	0.01025	0.08030	0.01096	0.00886	0.01117	0.00931	0.00680	0.01498	0.14526	0.01929	0.08514	0.21465	0.32989	0.01465	0.00725	0.00220	0.00406	0.01249	0.00587	0.00660
1	0.09605	0.10480	0.01793	0.01242	0.01678	0.01781	0.01029	0.42695	0.05149	0.03266	0.01540	0.01736	0.01199	0.05895	0.00757	0.00214	0.00638	0.00564	0.07805	0.00934
2	0.01488	0.01618	0.11029	0.05536	0.25565	0.03864	0.15640	0.01895	0.01471	0.06200	0.01784	0.10838	0.01652	0.00880	0.00707	0.00218	0.00798	0.07548	0.00402	0.00867
3	0.20970	0.20682	0.01647	0.01045	0.01352	0.12341	0.00839	0.01749	0.03810	0.01901	0.01647	0.16806	0.01714	0.09921	0.00866	0.00243	0.00637	0.00742	0.00407	0.00680
4	0.01032	0.00633	0.00850	0.00946	0.01041	0.00585	0.00667	0.01172	0.01320	0.09436	0.03443	0.64101	0.03948	0.01876	0.00810	0.00258	0.00409	0.06259	0.00621	0.00592
5	0.01973	0.13884	0.15177	0.01604	0.02124	0.26044	0.05504	0.11066	0.08404	0.04288	0.01297	0.01420	0.01003	0.00683	0.00632	0.00185	0.02933	0.00499	0.00396	0.00885
6	0.01549	0.11874	0.48847	0.01788	0.02608	0.01585	0.10648	0.02155	0.01430	0.09711	0.01296	0.01462	0.00924	0.00618	0.00612	0.00198	0.00896	0.00516	0.00337	0.00945

[dist]
# distance from previous block
# <min> <max>
9	27

[block]
# block no. 4 follows, 34 sequences, length 201
# corresponding to MSA columns:
# 306-506
name=unknown_E
#
# <colnr> <probs for GDERKNQSTAVLIFYWHMCP>
#	G	D	E	R	K	N	Q	S	T	A	V	L	I	F	Y	W	H	M	C	P
0	0.01552	0.03193	0.03559	0.16807	0.07401	0.01378	0.10521	0.11635	0.05199	0.06610	0.05899	0.02314	0.08716	0.00801	0.00704	0.00197	0.03129	0.00699	0.00460	0.09224
1	0.03475	0.09195	0.02278	0.21529	0.17767	0.01537	0.08321	0.07654	0.03237	0.07126	0.01314	0.01601	0.01010	0.00617	0.00607	0.00185	0.00748	0.00550	0.00386	0.10864
2	0.01787	0.01794	0.05915	0.07483	0.07426	0.13492	0.18644	0.06314	0.06946	0.08255	0.01454	0.01685	0.01101	0.00680	0.00733	0.00197	0.05381	0.00598	0.04432	0.05682
3	0.01290	0.00942	0.01108	0.03084	0.01309	0.00958	0.00766	0.11771	0.07937	0.04572	0.13796	0.11863	0.11507	0.08731	0.07521	0.00317	0.00587	0.00963	0.04643	0.06336
4	0.01989	0.01583	0.01643	0.01455	0.05313	0.07117	0.01103	0.28810	0.24250	0.07972	0.02449	0.02352	0.09279	0.00885	0.00658	0.00203	0.00632	0.00706	0.00615	0.00984
5	0.02148	0.02371	0.01790	0.05187	0.03704	0.45567	0.01236	0.06442	0.01729	0.05949	0.01159	0.01360	0.00932	0.00717	0.00753	0.00180	0.09235	0.00470	0.02654	0.06417
6	0.01526	0.06143	0.36835	0.01867	0.07217	0.03037	0.10136	0.02135	0.05225	0.08971	0.03540	0.03692	0.03270	0.00731	0.00683	0.00205	0.02863	0.00622	0.00385	0.00918
7	0.01471	0.22140	0.28072	0.01833	0.02528	0.01777	0.21983	0.02043	0.04520	0.01971	0.04784	0.01608	0.01183	0.00624	0.00615	0.00192	0.00873	0.00572	0.00328	0.00883
8	0.00804	0.00656	0.00710	0.00697	0.00897	0.00563	0.00523	0.01005	0.01568	0.01971	0.24255	0.05847	0.55149	0.01552	0.00763	0.00214	0.00321	0.01312	0.00630	0.00563
9	0.02899	0.01100	0.01499	0.01150	0.01649	0.00950	0.00950	0.03149	0.01849	0.73709	0.02549	0.02199	0.01599	0.00800	0.00650	0.00200	0.00550	0.00650	0.00800	0.01100
10	0.01749	0.01700	0.07882	0.01761	0.09708	0.10928	0.03127	0.10883	0.03899	0.08928	0.03573	0.02123	0.03002	0.01232	0.07276	0.00290	0.16630	0.04021	0.00442	0.00847
11	0.02874	0.01139	0.01524	0.01168	0.01669	0.01008	0.00965	0.06909	0.01915	0.69856	0.02494	0.02163	0.01572	0.00798	0.00650	0.00200	0.00559	0.00646	0.00791	0.01100
12	0.00778	0.00659	0.00674	0.00682	0.00896	0.00556	0.00519	0.00948	0.01473	0.01755	0.06387	0.06273	0.69484	0.01644	0.00770	0.00222	0.00341	0.04791	0.00600	0.00548
13	0.01570	0.03914	0.10336	0.14418	0.25701	0.01592	0.17576	0.10297	0.01629	0.02230	0.01423	0.01753	0.03292	0.00642	0.00664	0.00202	0.00853	0.00627	0.00359	0.00921
14	0.01546	0.01685	0.09273	0.02338	0.14406	0.04615	0.29520	0.02110	0.07836	0.06118	0.01774	0.09291	0.01541	0.00809	0.00717	0.00217	0.00851	0.04059	0.00417	0.00879
15	0.00787	0.00562	0.00750	0.00900	0.00937	0.00525	0.00600	0.00900	0.01237	0.01649	0.03561	0.76871	0.04274	0.02024	0.00825	0.00262	0.00375	0.01837	0.00600	0.00525
16	0.01122	0.00561	0.00842	0.00842	0.00842	0.00561	0.00561	0.00842	0.00842	0.01122	0.01122	0.01964	0.01122	0.02245	0.02525	0.81201	0.00561	0.00561	0.00281	0.00281
17	0.07303	0.09920	0.06075	0.10076	0.14593	0.07991	0.03623	0.07864	0.13903	0.04253	0.01536	0.04914	0.01258	0.00748	0.00657	0.00200	0.03164	0.00606	0.00426	0.00889
18	0.01725	0.02111	0.08357	0.08686	0.16075	0.22970	0.17284	0.02088	0.01507	0.01832	0.01146	0.01509	0.00930	0.00793	0.03175	0.00229	0.07867	0.00566	0.00316	0.00834
19	0.01727	0.77681	0.03386	0.01106	0.01658	0.02557	0.01106	0.01935	0.01313	0.01520	0.00898	0.01036	0.00829	0.00553	0.00415	0.00138	0.00691	0.00345	0.00276	0.00829
20	0.01500	0.01390	0.02223	0.32781	0.27579	0.01553	0.05171	0.07107	0.08147	0.02106	0.01340	0.01724	0.01045	0.00662	0.00692	0.00208	0.02922	0.00599	0.00362	0.00887
21	0.81856	0.01250	0.00950	0.00850	0.01250	0.01449	0.00700	0.01899	0.01100	0.02899	0.00900	0.01050	0.00700	0.00600	0.00400	0.00200	0.00500	0.00350	0.00400	0.00700
22	0.00770	0.00652	0.00666	0.00668	0.00878	0.00547	0.00499	0.00938	0.01480	0.01777	0.09143	0.08198	0.68315	0.01635	0.00765	0.00219	0.00328	0.01369	0.00605	0.00547
23	0.01521	0.01347	0.02305	0.34985	0.34773	0.01456	0.05273	0.01924	0.01422	0.06917	0.01284	0.01702	0.00991	0.00620	0.00649	0.00204	0.00809	0.00590	0.00339	0.00888
24	0.01525	0.01743	0.03813	0.02723	0.03377	0.01634	0.70915	0.02070	0.01525	0.02070	0.01307	0.01743	0.00980	0.00545	0.00763	0.00218	0.01089	0.00763	0.00327	0.00871
25	0.01204	0.00602	0.00602	0.00602	0.00753	0.00602	0.00452	0.01506	0.01355	0.02409	0.02108	0.02409	0.01656	0.00753	0.00452	0.00151	0.00301	0.00602	0.80879	0.00602
26	0.00936	0.00641	0.00777	0.00777	0.00802	0.00666	0.00482	0.00986	0.00961	0.01307	0.01969	0.03860	0.02189	0.61523	0.18839	0.00716	0.00867	0.00886	0.00382	0.00432
27	0.06642	0.01284	0.01539	0.01226	0.01659	0.06336	0.01003	0.02906	0.03426	0.56687	0.02202	0.02001	0.01440	0.00813	0.00768	0.00206	0.07540	0.00612	0.00696	0.01017
28	0.01220	0.01125	0.01879	0.72447	0.04288	0.01399	0.01736	0.01645	0.01295	0.01684	0.01190	0.01753	0.00896	0.00651	0.00637	0.00212	0.00837	0.00575	0.03818	0.00713
29	0.02539	0.01677	0.01857	0.01423	0.01937	0.01806	0.01176	0.58351	0.02815	0.17143	0.01739	0.01673	0.01193	0.00780	0.00647	0.00195	0.00681	0.00595	0.00675	0.01099
30	0.02368	0.02923	0.01842	0.04648	0.02097	0.67222	0.01269	0.06799	0.01884	0.01739	0.01039	0.01212	0.00850	0.00672	0.00589	0.00170	0.01125	0.00433	0.00351	0.00770
31	0.01296	0.03342	0.73944	0.01842	0.02797	0.01501	0.02387	0.02046	0.01364	0.02046	0.01160	0.01364	0.00818	0.00614	0.00614	0.00205	0.00955	0.00477	0.00273	0.00955
32	0.00940	0.00626	0.00705	0.00705	0.00705	0.00626	0.00392	0.00940	0.00940	0.01253	0.02036	0.04228	0.02349	0.77292	0.03289	0.00626	0.00626	0.00940	0.00392	0.00392
33	0.01521	0.01732	0.03753	0.02690	0.03323	0.01645	0.68673	0.02053	0.01508	0.02053	0.01292	0.01732	0.00976	0.00564	0.00806	0.00220	0.03510	0.00756	0.00325	0.00866
34	0.00787	0.00562	0.00750	0.00900	0.00937	0.00525	0.00600	0.00900	0.01237	0.01649	0.03561	0.76871	0.04274	0.02024	0.00825	0.00262	0.00375	0.01837	0.00600	0.00525
35	0.01296	0.03342	0.73944	0.01842	0.02797	0.01501	0.02387	0.02046	0.01364	0.02046	0.01160	0.01364	0.00818	0.00614	0.00614	0.00205	0.00955	0.00477	0.00273	0.00955
36	0.61758	0.03442	0.01218	0.00993	0.01416	0.01587	0.00821	0.14516	0.04567	0.03066	0.01094	0.01200	0.00831	0.00643	0.00456	0.00198	0.00544	0.00408	0.00452	0.00790
37	0.02456	0.01810	0.01939	0.01487	0.02004	0.02004	0.01228	0.71107	0.03038	0.04072	0.01551	0.01551	0.01099	0.00776	0.00646	0.00194	0.00711	0.00582	0.00646	0.01099
38	0.02877	0.01135	0.01521	0.01166	0.01667	0.01002	0.00964	0.06545	0.01909	0.70230	0.02499	0.02167	0.01574	0.00799	0.00650	0.00200	0.00558	0.00646	0.00792	0.01100
39	0.08709	0.01510	0.08086	0.01335	0.03772	0.01316	0.01143	0.20108	0.01995	0.35810	0.01883	0.01778	0.01260	0.00727	0.00611	0.00190	0.00623	0.00568	0.00633	0.07944
40	0.00923	0.00692	0.01038	0.01038	0.01154	0.00808	0.00808	0.01154	0.01038	0.01500	0.01731	0.02538	0.01615	0.04846	0.74732	0.01038	0.01731	0.00692	0.00346	0.00577
41	0.00923	0.00692	0.01038	0.01038	0.01154	0.00808	0.00808	0.01154	0.01038	0.01500	0.01731	0.02538	0.01615	0.04846	0.74732	0.01038	0.01731	0.00692	0.00346	0.00577
42	0.00940	0.00626	0.00705	0.00705	0.00705	0.00626	0.00392	0.00940	0.00940	0.01253	0.02036	0.04228	0.02349	0.77292	0.03289	0.00626	0.00626	0.00940	0.00392	0.00392
43	0.01759	0.63607	0.11528	0.01195	0.01791	0.02320	0.01245	0.02033	0.01356	0.06631	0.01044	0.01156	0.00882	0.00577	0.00454	0.00150	0.00712	0.00382	0.00313	0.00863
44	0.02153	0.02645	0.01870	0.01673	0.01919	0.55722	0.01292	0.02313	0.01611	0.01574	0.00959	0.01230	0.00836	0.00787	0.00984	0.00197	0.20722	0.00455	0.00320	0.00738
45	0.00934	0.00676	0.00749	0.00735	0.00945	0.00579	0.00549	0.01114	0.01515	0.06869	0.13844	0.13597	0.52421	0.01583	0.00762	0.00220	0.00345	0.01343	0.00627	0.00590
46	0.03477	0.08209	0.37275	0.01791	0.07766	0.01511	0.03782	0.01795	0.01301	0.01912	0.01467	0.10898	0.01362	0.00889	0.00847	0.00220	0.11454	0.02869	0.00334	0.00841
47	0.01692	0.07061	0.02591	0.06470	0.49761	0.11464	0.05761	0.02039	0.01491	0.01961	0.01157	0.01510	0.00970	0.00602	0.00662	0.00190	0.02809	0.00549	0.00317	0.00943
48	0.00940	0.00626	0.00705	0.00705	0.00705	0.00626	0.00392	0.00940	0.00940	0.01253	0.02036	0.04228	0.02349	0.77292	0.03289	0.00626	0.00626	0.00940	0.00392	0.00392
49	0.02880	0.01131	0.01519	0.01164	0.01665	0.00996	0.00962	0.06126	0.01901	0.70658	0.02505	0.02171	0.01578	0.00799	0.00650	0.00200	0.00557	0.00647	0.00793	0.01100
50	0.01653	0.11579	0.07670	0.21394	0.02988	0.01687	0.20543	0.09706	0.07610	0.06783	0.01421	0.01683	0.01055	0.00647	0.00647	0.00202	0.00842	0.00608	0.00400	0.00884
51	0.01384	0.01343	0.05084	0.03084	0.04013	0.04205	0.02924	0.03378	0.03024	0.02177	0.08550	0.01749	0.01498	0.00605	0.00544	0.00130	0.00557	0.00504	0.00415	0.54830
52	0.13508	0.31597	0.02412	0.01472	0.05349	0.26164	0.03162	0.03947	0.01503	0.01852	0.00975	0.01155	0.00833	0.00622	0.00549	0.00167	0.03201	0.00406	0.00326	0.00798
53	0.00923	0.00692	0.01038	0.01038	0.01154	0.00808	0.00808	0.01154	0.01038	0.01500	0.01731	0.02538	0.01615	0.04846	0.74732	0.01038	0.01731	0.00692	0.00346	0.00577
54	0.01062	0.00720	0.00893	0.00821	0.01021	0.00657	0.00625	0.03122	0.01788	0.07428	0.52285	0.04847	0.19607	0.01336	0.00752	0.00206	0.00337	0.01158	0.00693	0.00643
55	0.01244	0.00640	0.00644	0.00630	0.00792	0.00646	0.00476	0.03688	0.01408	0.02461	0.02090	0.02382	0.01639	0.00754	0.00458	0.00152	0.00314	0.00602	0.78363	0.00618
56	0.01945	0.09372	0.01842	0.01359	0.01802	0.01857	0.01110	0.29226	0.38361	0.03107	0.02039	0.01940	0.01520	0.00805	0.00628	0.00201	0.00606	0.00634	0.00614	0.01032
57	0.01762	0.73953	0.03308	0.01134	0.01675	0.06161	0.01113	0.01967	0.01339	0.01523	0.00903	0.01043	0.00829	0.00558	0.00423	0.00140	0.00715	0.00349	0.00279	0.00825
58	0.01291	0.05211	0.56998	0.01792	0.02605	0.01441	0.06959	0.01949	0.01390	0.02016	0.01467	0.02179	0.01221	0.00765	0.00656	0.00216	0.00908	0.09719	0.00320	0.00897
59	0.01727	0.77681	0.03386	0.01106	0.01658	0.02557	0.01106	0.01935	0.01313	0.01520	0.00898	0.01036	0.00829	0.00553	0.00415	0.00138	0.00691	0.00345	0.00276	0.00829
60	0.00764	0.00655	0.00655	0.00655	0.00873	0.00545	0.00491	0.00927	0.01473	0.01745	0.06546	0.06218	0.73000	0.01636	0.00764	0.00218	0.00327	0.01364	0.00600	0.00545
61	0.00787	0.00562	0.00750	0.00900	0.00937	0.00525	0.00600	0.00900	0.01237	0.01649	0.03561	0.76871	0.04274	0.02024	0.00825	0.00262	0.00375	0.01837	0.00600	0.00525
62	0.01571	0.01550	0.02592	0.13049	0.57210	0.03891	0.06757	0.01966	0.01464	0.02032	0.01206	0.01611	0.00993	0.00585	0.00647	0.00196	0.00815	0.00583	0.00317	0.00965
63	0.81856	0.01250	0.00950	0.00850	0.01250	0.01449	0.00700	0.01899	0.01100	0.02899	0.00900	0.01050	0.00700	0.00600	0.00400	0.00200	0.00500	0.00350	0.00400	0.00700
64	0.01220	0.01148	0.01938	0.75739	0.04450	0.01436	0.01794	0.01651	0.01292	0.01651	0.01148	0.01723	0.00861	0.00646	0.00646	0.00215	0.00861	0.00574	0.00287	0.00718
