[name]
unknown

[dist]
# distance from previous block
# <min> <max>
6	37

[block]
# block no. 0 follows, 34 sequences, length 312
# corresponding to MSA columns:
# 40-351
name=unknown_A
#
# <colnr> <probs for GDERKNQSTAVLIFYWHMCP>
#	G	D	E	R	K	N	Q	S	T	A	V	L	I	F	Y	W	H	M	C	P
0	0.12159	0.03772	0.05348	0.01488	0.01956	0.05863	0.12879	0.14588	0.09685	0.05051	0.03864	0.06184	0.01434	0.00774	0.00662	0.00195	0.02932	0.00651	0.00478	0.10037
1	0.01151	0.03207	0.05729	0.01051	0.03301	0.00940	0.00825	0.03622	0.12565	0.03831	0.16572	0.11950	0.20325	0.07559	0.00922	0.00244	0.00468	0.01056	0.00571	0.04113
2	0.01634	0.30789	0.04114	0.01086	0.01521	0.01647	0.00971	0.09416	0.07551	0.08918	0.05699	0.07077	0.13209	0.00931	0.00588	0.00181	0.00570	0.00734	0.00494	0.02869
3	0.03729	0.03014	0.01265	0.01086	0.01365	0.04814	0.02810	0.05969	0.09630	0.09322	0.02551	0.27046	0.05013	0.08213	0.00920	0.00246	0.00537	0.01043	0.00547	0.10879
4	0.01550	0.06467	0.23285	0.01400	0.01971	0.08353	0.03344	0.10109	0.03689	0.04099	0.09936	0.05081	0.03421	0.00789	0.00617	0.00181	0.00719	0.00640	0.00440	0.13910
5	0.01601	0.04198	0.09067	0.04360	0.22768	0.03551	0.03196	0.13104	0.09436	0.02412	0.03977	0.05805	0.04075	0.00776	0.00636	0.00191	0.00688	0.00670	0.00446	0.09043
6	0.01508	0.01106	0.01139	0.01037	0.01306	0.08858	0.00794	0.04181	0.08115	0.14481	0.18665	0.15438	0.13820	0.01249	0.00715	0.00211	0.00502	0.02984	0.00630	0.03261
7	0.07943	0.01375	0.01633	0.20891	0.08703	0.07291	0.01244	0.11218	0.08683	0.04426	0.08399	0.06736	0.01750	0.00824	0.00633	0.00199	0.00675	0.00687	0.00470	0.06220
8	0.11159	0.06747	0.05354	0.03476	0.12903	0.23939	0.01221	0.04051	0.01580	0.06378	0.03406	0.03938	0.05817	0.00750	0.00584	0.00180	0.00778	0.00574	0.00407	0.06759
9	0.01563	0.16965	0.14679	0.01297	0.01797	0.04209	0.03640	0.08443	0.11410	0.05958	0.08419	0.05422	0.08412	0.00874	0.00619	0.00190	0.00648	0.00710	0.00481	0.04264
10	0.06089	0.11524	0.14679	0.01447	0.01991	0.09631	0.03343	0.26178	0.04355	0.06805	0.01663	0.03808	0.04158	0.00769	0.00606	0.00191	0.00759	0.00587	0.00484	0.00932
11	0.04400	0.39265	0.02535	0.01253	0.01755	0.15703	0.03094	0.04561	0.03745	0.06293	0.01142	0.01255	0.00940	0.00599	0.00495	0.00151	0.00744	0.00415	0.00364	0.11291
12	0.29907	0.30059	0.01993	0.01037	0.01490	0.04882	0.00917	0.04044	0.03775	0.09550	0.03598	0.01526	0.03598	0.00679	0.00479	0.00176	0.00599	0.00462	0.00424	0.00806
13	0.07088	0.01706	0.04777	0.01408	0.01888	0.01823	0.01179	0.42474	0.24676	0.03480	0.01835	0.01784	0.01338	0.00790	0.00633	0.00203	0.00645	0.00610	0.00619	0.01044
14	0.01004	0.00777	0.03053	0.01010	0.01164	0.00692	0.02944	0.01232	0.01440	0.04054	0.19693	0.22352	0.06421	0.12193	0.01157	0.00302	0.00493	0.18851	0.00584	0.00585
15	0.09322	0.01508	0.02141	0.14972	0.27355	0.01637	0.05139	0.19059	0.07950	0.02639	0.01385	0.01635	0.01064	0.00664	0.00628	0.00201	0.00739	0.00579	0.00432	0.00951
16	0.61760	0.06231	0.02885	0.00960	0.01380	0.01554	0.00816	0.10317	0.01349	0.02865	0.01033	0.01252	0.00829	0.03868	0.00558	0.00213	0.00554	0.00406	0.00419	0.00750
17	0.03786	0.01285	0.01917	0.06342	0.32669	0.04334	0.03835	0.01796	0.03488	0.02041	0.02008	0.03584	0.01965	0.01012	0.00719	0.00228	0.00715	0.24508	0.00429	0.03339
18	0.01554	0.00790	0.00995	0.00896	0.01143	0.00700	0.00670	0.01730	0.01521	0.26951	0.10196	0.17775	0.19022	0.11750	0.01081	0.00275	0.00453	0.01127	0.00652	0.00721
19	0.04392	0.01635	0.02164	0.04706	0.34291	0.04168	0.01554	0.24002	0.09530	0.02772	0.01444	0.01637	0.01123	0.00694	0.00678	0.00198	0.02962	0.00581	0.00460	0.01010
20	0.23950	0.01673	0.01989	0.04069	0.16964	0.08144	0.08193	0.20459	0.01804	0.02770	0.01195	0.01409	0.00923	0.00660	0.00630	0.00198	0.03126	0.00519	0.00429	0.00897
21	0.00822	0.00590	0.00765	0.00891	0.00945	0.00555	0.00611	0.00943	0.01244	0.01642	0.03584	0.59677	0.08207	0.09196	0.01063	0.00298	0.00415	0.07456	0.00579	0.00519
22	0.00993	0.00668	0.00782	0.00767	0.00892	0.00617	0.00529	0.01129	0.01348	0.05824	0.17367	0.09300	0.22369	0.30257	0.01723	0.00375	0.00461	0.03515	0.00554	0.00532
23	0.11288	0.08724	0.02116	0.08334	0.02203	0.22377	0.09389	0.09502	0.01640	0.07318	0.01181	0.01406	0.00923	0.00711	0.00775	0.00198	0.10193	0.00510	0.00392	0.00820
24	0.01863	0.18488	0.05318	0.01979	0.02524	0.22093	0.30209	0.06337	0.01650	0.01936	0.01144	0.01407	0.00909	0.00596	0.00626	0.00185	0.00998	0.00557	0.00335	0.00845
25	0.02052	0.00969	0.01261	0.01030	0.01379	0.00888	0.00818	0.07320	0.01877	0.39283	0.27380	0.03198	0.03199	0.05336	0.00840	0.00225	0.00479	0.00845	0.00734	0.00886
26	0.00980	0.00715	0.00956	0.01045	0.01203	0.00691	0.00883	0.01262	0.01554	0.02042	0.17854	0.06653	0.13128	0.01672	0.00850	0.00268	0.00502	0.46530	0.00619	0.00592
27	0.01832	0.07304	0.30880	0.01833	0.04305	0.04647	0.13371	0.13094	0.01744	0.12699	0.01425	0.01555	0.01010	0.00652	0.00636	0.00198	0.00867	0.00558	0.00421	0.00969
28	0.30251	0.02280	0.01536	0.01357	0.01736	0.39952	0.01054	0.10905	0.01726	0.02354	0.01033	0.01173	0.00819	0.00656	0.00527	0.00182	0.00875	0.00414	0.00396	0.00775
29	0.02414	0.03079	0.01831	0.01665	0.01998	0.74698	0.01248	0.02580	0.01831	0.01581	0.00999	0.01165	0.00832	0.00666	0.00583	0.00166	0.01165	0.00416	0.00333	0.00749
30	0.01340	0.01148	0.01340	0.00957	0.01531	0.00861	0.00766	0.01627	0.01340	0.02105	0.01148	0.01340	0.00957	0.00479	0.00479	0.00096	0.00479	0.00383	0.00383	0.81242
31	0.00916	0.00691	0.01022	0.01022	0.01142	0.00797	0.00794	0.01144	0.01057	0.01510	0.01935	0.02694	0.04640	0.04710	0.71598	0.01004	0.01671	0.00721	0.00357	0.00576
32	0.00940	0.00626	0.00705	0.00705	0.00705	0.00626	0.00392	0.00940	0.00940	0.01253	0.02036	0.04228	0.02349	0.77292	0.03289	0.00626	0.00626	0.00940	0.00392	0.00392
33	0.02899	0.01100	0.01499	0.01150	0.01649	0.00950	0.00950	0.03149	0.01849	0.73709	0.02549	0.02199	0.01599	0.00800	0.00650	0.00200	0.00550	0.00650	0.00800	0.01100
34	0.02899	0.01100	0.01499	0.01150	0.01649	0.00950	0.00950	0.03149	0.01849	0.73709	0.02549	0.02199	0.01599	0.00800	0.00650	0.00200	0.00550	0.00650	0.00800	0.01100
35	0.81856	0.01250	0.00950	0.00850	0.01250	0.01449	0.00700	0.01899	0.01100	0.02899	0.00900	0.01050	0.00700	0.00600	0.00400	0.00200	0.00500	0.00350	0.00400	0.00700
36	0.81856	0.01250	0.00950	0.00850	0.01250	0.01449	0.00700	0.01899	0.01100	0.02899	0.00900	0.01050	0.00700	0.00600	0.00400	0.00200	0.00500	0.00350	0.00400	0.00700
37	0.81856	0.01250	0.00950	0.00850	0.01250	0.01449	0.00700	0.01899	0.01100	0.02899	0.00900	0.01050	0.00700	0.00600	0.00400	0.00200	0.00500	0.00350	0.00400	0.00700
38	0.00787	0.00562	0.00750	0.00900	0.00937	0.00525	0.00600	0.00900	0.01237	0.01649	0.03561	0.76871	0.04274	0.02024	0.00825	0.00262	0.00375	0.01837	0.00600	0.00525
39	0.01041	0.00744	0.01041	0.01190	0.01339	0.00744	0.01041	0.01339	0.01487	0.01934	0.03421	0.07288	0.03719	0.01785	0.00892	0.00297	0.00595	0.68913	0.00595	0.00595
40	0.00806	0.00639	0.00725	0.00739	0.00908	0.00558	0.00541	0.00996	0.01520	0.01942	0.22833	0.18681	0.43570	0.01627	0.00774	0.00222	0.00330	0.01400	0.00628	0.00558
41	0.00787	0.00562	0.00750	0.00900	0.00937	0.00525	0.00600	0.00900	0.01237	0.01649	0.03561	0.76871	0.04274	0.02024	0.00825	0.00262	0.00375	0.01837	0.00600	0.00525
42	0.81856	0.01250	0.00950	0.00850	0.01250	0.01449	0.00700	0.01899	0.01100	0.02899	0.00900	0.01050	0.00700	0.00600	0.00400	0.00200	0.00500	0.00350	0.00400	0.00700
43	0.01924	0.01546	0.01640	0.01379	0.01801	0.01755	0.01099	0.28709	0.46303	0.03214	0.02227	0.02090	0.01646	0.00839	0.00653	0.00210	0.00586	0.00675	0.00653	0.01051
44	0.60095	0.01323	0.01142	0.00979	0.01392	0.01506	0.00802	0.12771	0.05653	0.05291	0.01188	0.01281	0.00891	0.00654	0.00463	0.00199	0.00530	0.00425	0.02624	0.00791
45	0.00786	0.00568	0.00744	0.00885	0.00933	0.00526	0.00593	0.00901	0.01251	0.01655	0.03739	0.72669	0.08360	0.02001	0.00821	0.00260	0.00372	0.01809	0.00600	0.00526
46	0.02899	0.01100	0.01499	0.01150	0.01649	0.00950	0.00950	0.03149	0.01849	0.73709	0.02549	0.02199	0.01599	0.00800	0.00650	0.00200	0.00550	0.00650	0.00800	0.01100
47	0.00849	0.00623	0.00800	0.00855	0.00966	0.00574	0.00618	0.01052	0.01507	0.02035	0.30063	0.36163	0.13701	0.01694	0.00798	0.00237	0.00357	0.05905	0.00642	0.00564
48	0.02424	0.01000	0.01345	0.01103	0.01502	0.00887	0.00884	0.02689	0.03600	0.56321	0.02711	0.13393	0.02098	0.03696	0.00776	0.00228	0.00527	0.03098	0.00745	0.00972
49	0.01258	0.01187	0.02007	0.68535	0.11358	0.01446	0.01813	0.01684	0.01310	0.01697	0.01155	0.01710	0.00878	0.00639	0.00645	0.00213	0.00852	0.00574	0.00290	0.00748
50	0.04516	0.01668	0.01966	0.06426	0.12997	0.01841	0.01342	0.47401	0.09557	0.03450	0.01564	0.01641	0.01148	0.00742	0.00639	0.00198	0.00703	0.00588	0.00568	0.01044
51	0.72997	0.01245	0.01003	0.00883	0.01280	0.01425	0.00725	0.04837	0.01232	0.04835	0.03977	0.01259	0.00966	0.00643	0.00432	0.00200	0.00502	0.00402	0.00434	0.00724
52	0.00980	0.00716	0.00846	0.00839	0.01035	0.00657	0.00652	0.01270	0.04513	0.05078	0.23622	0.07671	0.33840	0.03678	0.00848	0.00239	0.00390	0.11882	0.00634	0.00609
53	0.00925	0.00752	0.00765	0.00749	0.00966	0.03031	0.00568	0.01112	0.01537	0.04500	0.14468	0.07775	0.55448	0.01549	0.00759	0.00218	0.00370	0.03313	0.00612	0.00582
54	0.01556	0.01411	0.02255	0.27348	0.39240	0.01529	0.01795	0.10165	0.01601	0.02188	0.01315	0.01844	0.01078	0.00668	0.00652	0.00204	0.00785	0.03092	0.00358	0.00915
55	0.09624	0.00878	0.01073	0.01000	0.01255	0.00850	0.00755	0.01943	0.07644	0.24128	0.09493	0.32981	0.03066	0.01338	0.00708	0.00228	0.00446	0.01163	0.00657	0.00771
56	0.02456	0.01810	0.01939	0.01487	0.02004	0.02004	0.01228	0.71107	0.03038	0.04072	0.01551	0.01551	0.01099	0.00776	0.00646	0.00194	0.00711	0.00582	0.00646	0.01099
57	0.12688	0.01383	0.01823	0.47457	0.06386	0.05673	0.01538	0.11746	0.01554	0.02188	0.01166	0.01568	0.00878	0.00656	0.00608	0.00206	0.00803	0.00535	0.00358	0.00785
58	0.00825	0.00591	0.00785	0.00885	0.00954	0.00551	0.00613	0.00989	0.01389	0.01889	0.20672	0.57429	0.04710	0.01845	0.00811	0.00249	0.00363	0.03277	0.00627	0.00547
59	0.01318	0.00717	0.00926	0.00913	0.01095	0.00642	0.00662	0.01480	0.01448	0.19431	0.08291	0.40689	0.13372	0.04763	0.00872	0.00252	0.00417	0.01396	0.00648	0.00669
60	0.00923	0.00692	0.01038	0.01038	0.01154	0.00808	0.00808	0.01154	0.01038	0.01500	0.01731	0.02538	0.01615	0.04846	0.74732	0.01038	0.01731	0.00692	0.00346	0.00577
61	0.01387	0.01370	0.02105	0.42514	0.10660	0.04627	0.06141	0.01834	0.05323	0.01764	0.01188	0.01670	0.00945	0.00737	0.00926	0.00224	0.14906	0.00587	0.00315	0.00776
62	0.01558	0.01792	0.03740	0.02684	0.03326	0.04325	0.68350	0.02089	0.01536	0.02052	0.01296	0.01722	0.00975	0.00549	0.00756	0.00216	0.01092	0.00750	0.00327	0.00867
63	0.00975	0.00697	0.00966	0.01115	0.01234	0.00687	0.00927	0.01225	0.01422	0.01860	0.03457	0.25345	0.03863	0.01847	0.00875	0.00288	0.00538	0.51506	0.00596	0.00577
64	0.00770	0.00630	0.00680	0.00719	0.00890	0.00540	0.00520	0.00920	0.01411	0.01720	0.05760	0.24813	0.54912	0.01738	0.00780	0.00230	0.00340	0.01488	0.00600	0.00540
65	0.00903	0.00660	0.00848	0.00801	0.00958	0.00605	0.00601	0.01198	0.01803	0.02529	0.68010	0.04929	0.11046	0.01344	0.00762	0.00204	0.00306	0.01183	0.00703	0.00605
66	0.01727	0.77681	0.03386	0.01106	0.01658	0.02557	0.01106	0.01935	0.01313	0.01520	0.00898	0.01036	0.00829	0.00553	0.00415	0.00138	0.00691	0.00345	0.00276	0.00829
67	0.00814	0.00582	0.00781	0.00931	0.00980	0.00548	0.00647	0.00947	0.01264	0.01680	0.03546	0.69400	0.04214	0.01999	0.00832	0.00266	0.00398	0.09038	0.00599	0.00532
68	0.01296	0.03342	0.73944	0.01842	0.02797	0.01501	0.02387	0.02046	0.01364	0.02046	0.01160	0.01364	0.00818	0.00614	0.00614	0.00205	0.00955	0.00477	0.00273	0.00955
69	0.00764	0.00655	0.00655	0.00655	0.00873	0.00545	0.00491	0.00927	0.01473	0.01745	0.06546	0.06218	0.73000	0.01636	0.00764	0.00218	0.00327	0.01364	0.00600	0.00545
70	0.01418	0.01456	0.02665	0.01918	0.02506	0.01294	0.38726	0.01836	0.01437	0.02058	0.01452	0.01763	0.03974	0.00579	0.00684	0.00171	0.02655	0.00634	0.00359	0.32416
71	0.02456	0.01810	0.01939	0.01487	0.02004	0.02004	0.01228	0.71107	0.03038	0.04072	0.01551	0.01551	0.01099	0.00776	0.00646	0.00194	0.00711	0.00582	0.00646	0.01099
72	0.01576	0.01512	0.02581	0.08287	0.69119	0.01529	0.01972	0.01963	0.01460	0.02083	0.01211	0.01607	0.01014	0.00580	0.00640	0.00193	0.00773	0.00576	0.00318	0.01005
73	0.01727	0.77681	0.03386	0.01106	0.01658	0.02557	0.01106	0.01935	0.01313	0.01520	0.00898	0.01036	0.00829	0.00553	0.00415	0.00138	0.00691	0.00345	0.00276	0.00829
74	0.01573	0.01508	0.02575	0.08992	0.68443	0.01528	0.01970	0.01960	0.01459	0.02079	0.01211	0.01608	0.01012	0.00581	0.00640	0.00194	0.00774	0.00576	0.00318	0.01002
75	0.02486	0.01762	0.01910	0.01464	0.01980	0.01933	0.01209	0.66541	0.02958	0.08751	0.01618	0.01595	0.01132	0.00777	0.00647	0.00194	0.00700	0.00586	0.00657	0.01099
76	0.00923	0.00692	0.01038	0.01038	0.01154	0.00808	0.00808	0.01154	0.01038	0.01500	0.01731	0.02538	0.01615	0.04846	0.74732	0.01038	0.01731	0.00692	0.00346	0.00577
77	0.01997	0.01172	0.01398	0.01186	0.01530	0.01188	0.00929	0.27313	0.02071	0.22895	0.02537	0.28122	0.02352	0.01220	0.00710	0.00220	0.00548	0.01041	0.00673	0.00898
78	0.01122	0.00561	0.00842	0.00842	0.00842	0.00561	0.00561	0.00842	0.00842	0.01122	0.01122	0.01964	0.01122	0.02245	0.02525	0.81201	0.00561	0.00561	0.00281	0.00281
79	0.00932	0.00628	0.00703	0.00703	0.00712	0.00623	0.00396	0.00939	0.00962	0.01274	0.02227	0.04313	0.05342	0.74087	0.03182	0.00609	0.00614	0.00958	0.00400	0.00398
80	0.00787	0.00562	0.00750	0.00900	0.00937	0.00525	0.00600	0.00900	0.01237	0.01649	0.03561	0.76871	0.04274	0.02024	0.00825	0.00262	0.00375	0.01837	0.00600	0.00525
81	0.01562	0.04206	0.12247	0.01917	0.02481	0.01644	0.27615	0.04617	0.31647	0.02377	0.01846	0.01949	0.01380	0.00703	0.00683	0.00213	0.00801	0.00692	0.00468	0.00952
82	0.01122	0.00561	0.00842	0.00842	0.00842	0.00561	0.00561	0.00842	0.00842	0.01122	0.01122	0.01964	0.01122	0.02245	0.02525	0.81201	0.00561	0.00561	0.00281	0.00281
83	0.01029	0.00740	0.01025	0.01167	0.01319	0.00735	0.01018	0.01321	0.01487	0.01926	0.03553	0.07243	0.06654	0.01779	0.00887	0.00294	0.00584	0.66051	0.00595	0.00593
84	0.11717	0.01490	0.01668	0.01292	0.01790	0.01561	0.01067	0.38730	0.02388	0.28986	0.01836	0.01727	0.01233	0.00764	0.00619	0.00197	0.00629	0.00580	0.00673	0.01053
85	0.01619	0.01663	0.02611	0.11984	0.43969	0.08466	0.13062	0.02075	0.04440	0.02024	0.01261	0.01630	0.01019	0.00600	0.00656	0.00198	0.00858	0.00597	0.00332	0.00936
86	0.01264	0.01200	0.01760	0.01533	0.01597	0.01595	0.04167	0.01450	0.01028	0.01559	0.01146	0.01782	0.01096	0.02277	0.24945	0.00518	0.49492	0.00614	0.00305	0.00673
87	0.01340	0.01148	0.01340	0.00957	0.01531	0.00861	0.00766	0.01627	0.01340	0.02105	0.01148	0.01340	0.00957	0.00479	0.00479	0.00096	0.00479	0.00383	0.00383	0.81242
88	0.01616	0.01649	0.02857	0.05067	0.17372	0.03777	0.30072	0.08328	0.01533	0.02119	0.01192	0.01604	0.00962	0.00712	0.01026	0.00223	0.18022	0.00646	0.00344	0.00878
89	0.01220	0.01148	0.01938	0.75739	0.04450	0.01436	0.01794	0.01651	0.01292	0.01651	0.01148	0.01723	0.00861	0.00646	0.00646	0.00215	0.00861	0.00574	0.00287	0.00718
90	0.01411	0.01060	0.01173	0.00998	0.01291	0.01080	0.00782	0.25607	0.02111	0.02806	0.25499	0.04062	0.23804	0.04393	0.00827	0.00222	0.00467	0.01011	0.00643	0.00753
91	0.02456	0.01810	0.01939	0.01487	0.02004	0.02004	0.01228	0.71107	0.03038	0.04072	0.01551	0.01551	0.01099	0.00776	0.00646	0.00194	0.00711	0.00582	0.00646	0.01099
92	0.01394	0.01326	0.02252	0.42805	0.36025	0.01481	0.01881	0.01803	0.01374	0.01862	0.01179	0.01666	0.00936	0.00614	0.00643	0.00205	0.00818	0.00575	0.00302	0.00858
93	0.01414	0.01414	0.01979	0.01696	0.01696	0.01979	0.01414	0.01555	0.00990	0.01555	0.00848	0.01414	0.00848	0.01131	0.02120	0.00283	0.76110	0.00565	0.00283	0.00707
94	0.00787	0.00562	0.00750	0.00900	0.00937	0.00525	0.00600	0.00900	0.01237	0.01649	0.03561	0.76871	0.04274	0.02024	0.00825	0.00262	0.00375	0.01837	0.00600	0.00525
95	0.02503	0.01735	0.01893	0.01451	0.01967	0.01893	0.01199	0.63970	0.02913	0.11385	0.01656	0.01619	0.01151	0.00778	0.00647	0.00195	0.00694	0.00589	0.00662	0.01099
96	0.00914	0.00660	0.00864	0.00813	0.00965	0.00610	0.00610	0.01219	0.01829	0.02591	0.72921	0.04827	0.06097	0.01321	0.00762	0.00203	0.00305	0.01169	0.00711	0.00610
97	0.01378	0.02122	0.27179	0.39897	0.06163	0.08692	0.01955	0.01893	0.01377	0.01799	0.01140	0.01538	0.00849	0.00634	0.00628	0.00206	0.00921	0.00525	0.00288	0.00815
98	0.01607	0.01388	0.01461	0.01315	0.01680	0.01607	0.01023	0.03433	0.72094	0.02703	0.02630	0.02411	0.01972	0.00877	0.00657	0.00219	0.00511	0.00731	0.00657	0.01023
99	0.02338	0.02754	0.01896	0.01658	0.02030	0.57649	0.03797	0.11954	0.06263	0.02007	0.01185	0.01315	0.00943	0.00689	0.00602	0.00175	0.01061	0.00471	0.00395	0.00818
100	0.00927	0.00677	0.00963	0.00963	0.01052	0.00767	0.00714	0.01105	0.01016	0.01444	0.01800	0.02921	0.01781	0.21228	0.58577	0.00945	0.01481	0.00748	0.00356	0.00535
101	0.00821	0.00650	0.00744	0.00772	0.00943	0.00573	0.00581	0.01015	0.01502	0.01902	0.17817	0.16951	0.43742	0.01653	0.00785	0.00230	0.00356	0.07786	0.00620	0.00559
102	0.01531	0.01727	0.03723	0.02817	0.08652	0.01627	0.65712	0.02063	0.01521	0.02073	0.01300	0.01732	0.00984	0.00547	0.00753	0.00216	0.01065	0.00748	0.00326	0.00883
103	0.01406	0.01403	0.01977	0.04786	0.01811	0.01956	0.01430	0.01559	0.01002	0.01559	0.00861	0.01427	0.00849	0.01111	0.02059	0.00280	0.72969	0.00566	0.00283	0.00707
104	0.01900	0.58908	0.02995	0.01246	0.01744	0.20711	0.01142	0.02097	0.01443	0.01536	0.00924	0.01069	0.00830	0.00581	0.00457	0.00145	0.00810	0.00363	0.00291	0.00809
105	0.02414	0.03079	0.01831	0.01665	0.01998	0.74698	0.01248	0.02580	0.01831	0.01581	0.00999	0.01165	0.00832	0.00666	0.00583	0.00166	0.01165	0.00416	0.00333	0.00749
106	0.81856	0.01250	0.00950	0.00850	0.01250	0.01449	0.00700	0.01899	0.01100	0.02899	0.00900	0.01050	0.00700	0.00600	0.00400	0.00200	0.00500	0.00350	0.00400	0.00700
107	0.02547	0.01664	0.01849	0.01417	0.01931	0.01787	0.01171	0.57160	0.02794	0.18364	0.01756	0.01684	0.01202	0.00781	0.00647	0.00195	0.00678	0.00596	0.00678	0.01099
108	0.00995	0.00686	0.00846	0.00791	0.00982	0.00613	0.00598	0.01258	0.01734	0.06693	0.50703	0.05043	0.23898	0.01374	0.00756	0.00207	0.00326	0.01190	0.00687	0.00622
109	0.02141	0.01724	0.01858	0.01490	0.01956	0.04940	0.04071	0.43451	0.25242	0.03441	0.01866	0.01821	0.01365	0.00794	0.00652	0.00202	0.00682	0.00630	0.00623	0.01050
110	0.01607	0.01388	0.01461	0.01315	0.01680	0.01607	0.01023	0.03433	0.72094	0.02703	0.02630	0.02411	0.01972	0.00877	0.00657	0.00219	0.00511	0.00731	0.00657	0.01023
111	0.01651	0.01733	0.04647	0.05927	0.58201	0.08452	0.05944	0.02036	0.01500	0.02042	0.01197	0.01564	0.00992	0.00586	0.00641	0.00192	0.00832	0.00569	0.00319	0.00977
112	0.00922	0.00638	0.00723	0.00730	0.00771	0.00622	0.00448	0.00969	0.01065	0.01394	0.04732	0.04678	0.11556	0.61040	0.02754	0.00543	0.00577	0.04969	0.00439	0.00429
113	0.02419	0.09893	0.02028	0.01439	0.01930	0.13178	0.01189	0.46182	0.02547	0.10679	0.01501	0.01505	0.01082	0.00738	0.00613	0.00184	0.00762	0.00538	0.00575	0.01017
114	0.00836	0.00586	0.00751	0.00863	0.00896	0.00560	0.00566	0.00928	0.01173	0.01562	0.03171	0.55643	0.03766	0.20955	0.01448	0.00355	0.00447	0.04453	0.00547	0.00494
115	0.00909	0.00660	0.00856	0.00807	0.00962	0.00607	0.00606	0.01209	0.01817	0.02561	0.70594	0.04875	0.08442	0.01332	0.00762	0.00204	0.00306	0.01175	0.00707	0.00607
116	0.01340	0.01148	0.01340	0.00957	0.01531	0.00861	0.00766	0.01627	0.01340	0.02105	0.01148	0.01340	0.00957	0.00479	0.00479	0.00096	0.00479	0.00383	0.00383	0.81242
117	0.81856	0.01250	0.00950	0.00850	0.01250	0.01449	0.00700	0.01899	0.01100	0.02899	0.00900	0.01050	0.00700	0.00600	0.00400	0.00200	0.00500	0.00350	0.00400	0.00700
118	0.01265	0.01065	0.01258	0.00937	0.01438	0.00817	0.00740	0.01547	0.01395	0.02145	0.09927	0.04914	0.01717	0.00645	0.00527	0.00116	0.00453	0.00538	0.00432	0.68125
119	0.81856	0.01250	0.00950	0.00850	0.01250	0.01449	0.00700	0.01899	0.01100	0.02899	0.00900	0.01050	0.00700	0.00600	0.00400	0.00200	0.00500	0.00350	0.00400	0.00700
120	0.02339	0.02880	0.01799	0.01626	0.01968	0.65496	0.01226	0.04823	0.08511	0.01766	0.01170	0.01295	0.00948	0.00689	0.00592	0.00172	0.01089	0.00451	0.00373	0.00786
121	0.01414	0.01414	0.01979	0.01696	0.01696	0.01979	0.01414	0.01555	0.00990	0.01555	0.00848	0.01414	0.00848	0.01131	0.02120	0.00283	0.76110	0.00565	0.00283	0.00707
122	0.01004	0.00564	0.00807	0.00855	0.00873	0.00549	0.00572	0.00863	0.00987	0.01310	0.02061	0.26217	0.04162	0.02157	0.01928	0.52844	0.00495	0.00995	0.00392	0.00367
123	0.00764	0.00651	0.00658	0.00663	0.00875	0.00545	0.00495	0.00926	0.01465	0.01742	0.06445	0.08602	0.70680	0.01649	0.00766	0.00220	0.00329	0.01380	0.00600	0.00545
124	0.01214	0.01118	0.01854	0.62882	0.08690	0.01350	0.01666	0.01593	0.01285	0.01656	0.01407	0.01994	0.03941	0.03319	0.00799	0.02783	0.00815	0.00619	0.00306	0.00706
125	0.00923	0.00692	0.01038	0.01038	0.01154	0.00808	0.00808	0.01154	0.01038	0.01500	0.01731	0.02538	0.01615	0.04846	0.74732	0.01038	0.01731	0.00692	0.00346	0.00577
126	0.01576	0.01512	0.02581	0.08314	0.69093	0.01529	0.01972	0.01963	0.01460	0.02083	0.01211	0.01607	0.01014	0.00580	0.00640	0.00193	0.00773	0.00576	0.00318	0.01005
127	0.78507	0.01261	0.01019	0.00980	0.04255	0.01453	0.00753	0.01903	0.01115	0.02866	0.00913	0.01073	0.00713	0.00599	0.00410	0.00200	0.00511	0.00359	0.00397	0.00713
128	0.02899	0.01100	0.01499	0.01150	0.01649	0.00950	0.00950	0.03149	0.01849	0.73709	0.02549	0.02199	0.01599	0.00800	0.00650	0.00200	0.00550	0.00650	0.00800	0.01100
129	0.00920	0.00633	0.00735	0.00740	0.00769	0.00635	0.00447	0.00959	0.00999	0.01327	0.02394	0.06504	0.07670	0.62068	0.10060	0.00625	0.00705	0.00976	0.00409	0.00426
130	0.00862	0.00680	0.00796	0.00857	0.01040	0.00614	0.00690	0.01070	0.01463	0.01806	0.05268	0.10920	0.44519	0.01712	0.00813	0.00249	0.00424	0.25058	0.00598	0.00562
131	0.01055	0.00791	0.01129	0.08776	0.05830	0.00822	0.00917	0.03558	0.01347	0.04054	0.02904	0.47422	0.03272	0.01766	0.03554	0.00282	0.02977	0.08378	0.00539	0.00627
132	0.00788	0.00656	0.00689	0.00681	0.00888	0.00556	0.00510	0.00975	0.01531	0.01885	0.17463	0.05989	0.61995	0.01585	0.00763	0.00216	0.00324	0.01332	0.00618	0.00556
133	0.01589	0.01504	0.02450	0.05790	0.61821	0.01542	0.01852	0.02163	0.10700	0.02174	0.01398	0.01709	0.01143	0.00617	0.00642	0.00196	0.00737	0.00596	0.00363	0.01014
134	0.01220	0.01148	0.01938	0.75739	0.04450	0.01436	0.01794	0.01651	0.01292	0.01651	0.01148	0.01723	0.00861	0.00646	0.00646	0.00215	0.00861	0.00574	0.00287	0.00718
135	0.01296	0.03342	0.73944	0.01842	0.02797	0.01501	0.02387	0.02046	0.01364	0.02046	0.01160	0.01364	0.00818	0.00614	0.00614	0.00205	0.00955	0.00477	0.00273	0.00955
136	0.01220	0.01148	0.01938	0.75739	0.04450	0.01436	0.01794	0.01651	0.01292	0.01651	0.01148	0.01723	0.00861	0.00646	0.00646	0.00215	0.00861	0.00574	0.00287	0.00718
137	0.02456	0.01810	0.01939	0.01487	0.02004	0.02004	0.01228	0.71107	0.03038	0.04072	0.01551	0.01551	0.01099	0.00776	0.00646	0.00194	0.00711	0.00582	0.00646	0.01099
138	0.51451	0.01314	0.01199	0.01010	0.01439	0.03794	0.00826	0.06845	0.03922	0.20627	0.01419	0.01421	0.01000	0.00673	0.00494	0.00199	0.00549	0.00456	0.00523	0.00839
139	0.01494	0.01489	0.02717	0.20621	0.42025	0.01533	0.16746	0.01923	0.01441	0.01994	0.01219	0.01659	0.00976	0.00586	0.00668	0.00203	0.00859	0.00615	0.00314	0.00919
140	0.00982	0.00725	0.00958	0.01075	0.01239	0.00701	0.00923	0.01250	0.01484	0.01893	0.04092	0.07059	0.18601	0.01753	0.00865	0.00280	0.00537	0.54402	0.00596	0.00584
141	0.01246	0.00740	0.00876	0.00812	0.01060	0.00639	0.00619	0.01442	0.01576	0.17311	0.14591	0.13394	0.40327	0.01458	0.00746	0.00217	0.00377	0.01238	0.00658	0.00671
142	0.01875	0.61655	0.03052	0.01226	0.01731	0.18054	0.01136	0.02073	0.01424	0.01533	0.00920	0.01064	0.00830	0.00577	0.00451	0.00144	0.00793	0.00361	0.00289	0.00812
143	0.00842	0.00630	0.00749	0.00820	0.00927	0.00580	0.00584	0.00976	0.01295	0.01647	0.04269	0.30011	0.27103	0.15864	0.01272	0.00320	0.00435	0.10600	0.00560	0.00517
144	0.01819	0.01328	0.01528	0.01274	0.01665	0.01430	0.03227	0.19792	0.30606	0.11192	0.11191	0.02727	0.07438	0.00942	0.00678	0.00209	0.00545	0.00785	0.00663	0.00960
145	0.02417	0.02977	0.01840	0.01650	0.01998	0.68832	0.01247	0.08110	0.01928	0.01782	0.01043	0.01196	0.00854	0.00675	0.00588	0.00169	0.01129	0.00430	0.00358	0.00777
146	0.62960	0.01436	0.01181	0.01009	0.01429	0.04615	0.00826	0.15508	0.01510	0.03074	0.01032	0.01153	0.00784	0.00637	0.00456	0.00197	0.00569	0.00398	0.00445	0.00780
147	0.02292	0.01589	0.01743	0.01390	0.01863	0.01738	0.01131	0.42554	0.21613	0.14127	0.01994	0.01882	0.01411	0.00807	0.00650	0.00202	0.00633	0.00632	0.00672	0.01078
148	0.01340	0.01148	0.01340	0.00957	0.01531	0.00861	0.00766	0.01627	0.01340	0.02105	0.01148	0.01340	0.00957	0.00479	0.00479	0.00096	0.00479	0.00383	0.00383	0.81242
149	0.00934	0.00648	0.00813	0.00813	0.00850	0.00685	0.00526	0.01009	0.00972	0.01333	0.01937	0.03680	0.02111	0.53798	0.26458	0.00760	0.00985	0.00859	0.00377	0.00452
150	0.01296	0.03342	0.73944	0.01842	0.02797	0.01501	0.02387	0.02046	0.01364	0.02046	0.01160	0.01364	0.00818	0.00614	0.00614	0.00205	0.00955	0.00477	0.00273	0.00955
151	0.01519	0.01312	0.01377	0.01246	0.01596	0.01496	0.00967	0.03172	0.64733	0.02603	0.03038	0.02808	0.09376	0.00956	0.00669	0.00219	0.00492	0.00797	0.00651	0.00973
152	0.00914	0.00660	0.00864	0.00813	0.00965	0.00610	0.00610	0.01219	0.01829	0.02591	0.72921	0.04827	0.06097	0.01321	0.00762	0.00203	0.00305	0.01169	0.00711	0.00610
153	0.01636	0.01440	0.01767	0.01980	0.19485	0.01604	0.01269	0.05565	0.51997	0.02606	0.02239	0.02177	0.01704	0.00798	0.00653	0.00211	0.00582	0.00687	0.00573	0.01026
154	0.00787	0.00562	0.00750	0.00900	0.00937	0.00525	0.00600	0.00900	0.01237	0.01649	0.03561	0.76871	0.04274	0.02024	0.00825	0.00262	0.00375	0.01837	0.00600	0.00525
155	0.01578	0.01362	0.01476	0.01386	0.04153	0.01562	0.01039	0.03289	0.66647	0.02677	0.05559	0.02485	0.02114	0.00885	0.00661	0.00218	0.00512	0.00744	0.00648	0.01005
156	0.01607	0.01388	0.01461	0.01315	0.01680	0.01607	0.01023	0.03433	0.72094	0.02703	0.02630	0.02411	0.01972	0.00877	0.00657	0.00219	0.00511	0.00731	0.00657	0.01023
157	0.00787	0.00562	0.00750	0.00900	0.00937	0.00525	0.00600	0.00900	0.01237	0.01649	0.03561	0.76871	0.04274	0.02024	0.00825	0.00262	0.00375	0.01837	0.00600	0.00525
158	0.00929	0.00688	0.01032	0.01032	0.01144	0.00800	0.00800	0.01144	0.01032	0.01488	0.01712	0.02520	0.01600	0.04765	0.72474	0.03545	0.01694	0.00688	0.00344	0.00568
159	0.01231	0.01159	0.01957	0.73730	0.06377	0.01438	0.01800	0.01660	0.01297	0.01664	0.01150	0.01719	0.00866	0.00644	0.00646	0.00215	0.00859	0.00574	0.00288	0.00726
160	0.01727	0.77681	0.03386	0.01106	0.01658	0.02557	0.01106	0.01935	0.01313	0.01520	0.00898	0.01036	0.00829	0.00553	0.00415	0.00138	0.00691	0.00345	0.00276	0.00829
161	0.01264	0.01193	0.02018	0.67398	0.12447	0.01447	0.01816	0.01689	0.01313	0.01704	0.01156	0.01708	0.00880	0.00638	0.00645	0.00213	0.00850	0.00574	0.00291	0.00753
162	0.09569	0.03916	0.01676	0.03085	0.01581	0.01647	0.01164	0.06235	0.01192	0.01864	0.01309	0.07898	0.01322	0.04968	0.06186	0.00324	0.42583	0.02422	0.00362	0.00697
163	0.00787	0.00562	0.00750	0.00900	0.00937	0.00525	0.00600	0.00900	0.01237	0.01649	0.03561	0.76871	0.04274	0.02024	0.00825	0.00262	0.00375	0.01837	0.00600	0.00525
164	0.00940	0.00626	0.00705	0.00705	0.00705	0.00626	0.00392	0.00940	0.00940	0.01253	0.02036	0.04228	0.02349	0.77292	0.03289	0.00626	0.00626	0.00940	0.00392	0.00392
165	0.04053	0.26936	0.02563	0.09599	0.05268	0.20366	0.09324	0.02210	0.08011	0.01788	0.01170	0.01388	0.00962	0.00641	0.00609	0.00179	0.03286	0.00489	0.00338	0.00820
166	0.01529	0.35874	0.38312	0.01502	0.02236	0.01996	0.01755	0.04398	0.01389	0.01872	0.01049	0.01228	0.00834	0.00608	0.00572	0.00177	0.03057	0.00426	0.00288	0.00897
167	0.00788	0.00630	0.00709	0.00766	0.00922	0.00551	0.00559	0.00943	0.01398	0.01726	0.05395	0.29045	0.46675	0.01770	0.00791	0.00237	0.00359	0.05595	0.00600	0.00542
168	0.00787	0.00562	0.00750	0.00900	0.00937	0.00525	0.00600	0.00900	0.01237	0.01649	0.03561	0.76871	0.04274	0.02024	0.00825	0.00262	0.00375	0.01837	0.00600	0.00525
169	0.01916	0.12377	0.04450	0.04108	0.02001	0.28461	0.05351	0.12474	0.06736	0.02105	0.01584	0.06673	0.01430	0.00855	0.00631	0.00194	0.00866	0.06541	0.00430	0.00817
170	0.01383	0.18350	0.59700	0.01693	0.02567	0.01714	0.02129	0.02024	0.01354	0.01940	0.01107	0.01298	0.00821	0.00602	0.00574	0.00191	0.00902	0.00451	0.00274	0.00930
171	0.02899	0.01100	0.01499	0.01150	0.01649	0.00950	0.00950	0.03149	0.01849	0.73709	0.02549	0.02199	0.01599	0.00800	0.00650	0.00200	0.00550	0.00650	0.00800	0.01100
172	0.01599	0.01535	0.02623	0.03966	0.73262	0.01535	0.01983	0.01983	0.01471	0.02111	0.01215	0.01599	0.01023	0.00576	0.00640	0.00192	0.00768	0.00576	0.00320	0.01023
173	0.04309	0.26333	0.11861	0.05865	0.02112	0.19898	0.04277	0.06399	0.06310	0.01959	0.04151	0.01464	0.01146	0.00663	0.00555	0.00175	0.00837	0.00486	0.00363	0.00837
174	0.00792	0.00621	0.00721	0.00795	0.00931	0.00549	0.00574	0.00942	0.01372	0.01716	0.05056	0.36730	0.38869	0.01813	0.00798	0.00242	0.00365	0.05973	0.00600	0.00540
175	0.02899	0.01100	0.01499	0.01150	0.01649	0.00950	0.00950	0.03149	0.01849	0.73709	0.02549	0.02199	0.01599	0.00800	0.00650	0.00200	0.00550	0.00650	0.00800	0.01100
176	0.00855	0.00614	0.00815	0.00888	0.00978	0.00574	0.00636	0.01056	0.01485	0.02035	0.30404	0.43830	0.04938	0.01734	0.00805	0.00242	0.00364	0.06541	0.00643	0.00563
177	0.01621	0.01582	0.02527	0.06042	0.65607	0.04588	0.01913	0.02048	0.03956	0.02095	0.01254	0.01613	0.01044	0.00592	0.00638	0.00193	0.00778	0.00574	0.00331	0.01002
178	0.02290	0.04631	0.01683	0.01294	0.01754	0.01522	0.01055	0.21205	0.26185	0.27892	0.02242	0.02051	0.01562	0.00809	0.00642	0.00202	0.00585	0.00646	0.00688	0.01062
179	0.01843	0.01778	0.02220	0.02039	0.11819	0.13586	0.16215	0.07649	0.27540	0.05781	0.01805	0.01881	0.01363	0.00719	0.00664	0.00204	0.00794	0.00650	0.00493	0.00955
180	0.01480	0.12857	0.43764	0.01698	0.05310	0.01652	0.01862	0.02358	0.16570	0.04167	0.01482	0.01578	0.01099	0.00666	0.00598	0.00198	0.00804	0.00523	0.00373	0.00959
181	0.81856	0.01250	0.00950	0.00850	0.01250	0.01449	0.00700	0.01899	0.01100	0.02899	0.00900	0.01050	0.00700	0.00600	0.00400	0.00200	0.00500	0.00350	0.00400	0.00700
182	0.01599	0.01535	0.02623	0.03966	0.73262	0.01535	0.01983	0.01983	0.01471	0.02111	0.01215	0.01599	0.01023	0.00576	0.00640	0.00192	0.00768	0.00576	0.00320	0.01023
183	0.01607	0.01388	0.01461	0.01315	0.01680	0.01607	0.01023	0.03433	0.72094	0.02703	0.02630	0.02411	0.01972	0.00877	0.00657	0.00219	0.00511	0.00731	0.00657	0.01023
184	0.00914	0.00660	0.00864	0.00813	0.00965	0.00610	0.00610	0.01219	0.01829	0.02591	0.72921	0.04827	0.06097	0.01321	0.00762	0.00203	0.00305	0.01169	0.00711	0.00610
185	0.00786	0.00652	0.00687	0.00686	0.00888	0.00554	0.00512	0.00967	0.01514	0.01860	0.15739	0.08625	0.61091	0.01606	0.00766	0.00218	0.00326	0.01354	0.00616	0.00554
186	0.00926	0.00681	0.00983	0.00983	0.01079	0.00778	0.00739	0.01118	0.01022	0.01459	0.01781	0.02818	0.01737	0.16855	0.62889	0.00970	0.01548	0.00733	0.00354	0.00546
187	0.01607	0.01388	0.01461	0.01315	0.01680	0.01607	0.01023	0.03433	0.72094	0.02703	0.02630	0.02411	0.01972	0.00877	0.00657	0.00219	0.00511	0.00731	0.00657	0.01023
188	0.02456	0.01810	0.01939	0.01487	0.02004	0.02004	0.01228	0.71107	0.03038	0.04072	0.01551	0.01551	0.01099	0.00776	0.00646	0.00194	0.00711	0.00582	0.00646	0.01099
189	0.01004	0.00604	0.00753	0.00753	0.00753	0.00604	0.00451	0.00905	0.00905	0.01207	0.01716	0.03435	0.01919	0.51000	0.03021	0.28855	0.00604	0.00807	0.00353	0.00353
190	0.64895	0.01217	0.01068	0.00914	0.01335	0.01342	0.00753	0.02168	0.01261	0.18110	0.01254	0.01297	0.00893	0.00643	0.00454	0.00200	0.00511	0.00414	0.00486	0.00786
191	0.01602	0.01539	0.01465	0.01117	0.01644	0.14345	0.00881	0.05969	0.01531	0.02128	0.01145	0.01321	0.00943	0.00530	0.00507	0.00114	0.00617	0.00401	0.00390	0.61810
192	0.01296	0.03342	0.73944	0.01842	0.02797	0.01501	0.02387	0.02046	0.01364	0.02046	0.01160	0.01364	0.00818	0.00614	0.00614	0.00205	0.00955	0.00477	0.00273	0.00955
193	0.01122	0.00561	0.00842	0.00842	0.00842	0.00561	0.00561	0.00842	0.00842	0.01122	0.01122	0.01964	0.01122	0.02245	0.02525	0.81201	0.00561	0.00561	0.00281	0.00281
194	0.01220	0.01148	0.01938	0.75739	0.04450	0.01436	0.01794	0.01651	0.01292	0.01651	0.01148	0.01723	0.00861	0.00646	0.00646	0.00215	0.00861	0.00574	0.00287	0.00718
195	0.01469	0.01356	0.02073	0.08352	0.40168	0.01267	0.01497	0.01819	0.01407	0.02073	0.01184	0.01508	0.00985	0.00544	0.00578	0.00156	0.00663	0.00501	0.00342	0.32058
196	0.00940	0.00626	0.00705	0.00705	0.00705	0.00626	0.00392	0.00940	0.00940	0.01253	0.02036	0.04228	0.02349	0.77292	0.03289	0.00626	0.00626	0.00940	0.00392	0.00392
197	0.81856	0.01250	0.00950	0.00850	0.01250	0.01449	0.00700	0.01899	0.01100	0.02899	0.00900	0.01050	0.00700	0.00600	0.00400	0.00200	0.00500	0.00350	0.00400	0.00700
198	0.01525	0.01743	0.03813	0.02723	0.03377	0.01634	0.70915	0.02070	0.01525	0.02070	0.01307	0.01743	0.00980	0.00545	0.00763	0.00218	0.01089	0.00763	0.00327	0.00871
199	0.01384	0.01147	0.01344	0.00962	0.01535	0.00864	0.00771	0.01670	0.01354	0.04139	0.01188	0.01364	0.00975	0.00488	0.00483	0.00099	0.00481	0.00390	0.00395	0.78966
200	0.01599	0.01535	0.02623	0.03966	0.73262	0.01535	0.01983	0.01983	0.01471	0.02111	0.01215	0.01599	0.01023	0.00576	0.00640	0.00192	0.00768	0.00576	0.00320	0.01023
201	0.06230	0.01128	0.01490	0.01148	0.01644	0.01004	0.00948	0.05244	0.01855	0.68508	0.02448	0.02130	0.01545	0.00790	0.00639	0.00200	0.00553	0.00635	0.00778	0.01083
202	0.01599	0.01535	0.02623	0.03966	0.73262	0.01535	0.01983	0.01983	0.01471	0.02111	0.01215	0.01599	0.01023	0.00576	0.00640	0.00192	0.00768	0.00576	0.00320	0.01023
203	0.01220	0.01148	0.01938	0.75739	0.04450	0.01436	0.01794	0.01651	0.01292	0.01651	0.01148	0.01723	0.00861	0.00646	0.00646	0.00215	0.00861	0.00574	0.00287	0.00718
204	0.01780	0.01165	0.01294	0.01196	0.01481	0.07396	0.00954	0.11379	0.04750	0.20096	0.02738	0.21410	0.02642	0.01323	0.00745	0.00236	0.00592	0.17385	0.00634	0.00804
205	0.00791	0.00570	0.00756	0.00895	0.00942	0.00535	0.00602	0.00909	0.01239	0.01648	0.03612	0.71874	0.06719	0.02101	0.03203	0.00286	0.00417	0.01783	0.00592	0.00527
206	0.01673	0.01423	0.04477	0.01525	0.08096	0.01208	0.07941	0.12897	0.01679	0.07754	0.01339	0.01501	0.01031	0.00570	0.00565	0.00144	0.00624	0.00492	0.00441	0.44621
207	0.02456	0.01810	0.01939	0.01487	0.02004	0.02004	0.01228	0.71107	0.03038	0.04072	0.01551	0.01551	0.01099	0.00776	0.00646	0.00194	0.00711	0.00582	0.00646	0.01099
208	0.00914	0.00660	0.00864	0.00813	0.00965	0.00610	0.00610	0.01219	0.01829	0.02591	0.72921	0.04827	0.06097	0.01321	0.00762	0.00203	0.00305	0.01169	0.00711	0.00610
209	0.00806	0.00656	0.00713	0.00699	0.00899	0.00563	0.00524	0.01009	0.01573	0.01982	0.25131	0.05829	0.54266	0.01548	0.00763	0.00214	0.00321	0.01309	0.00631	0.00563
210	0.00801	0.00568	0.00746	0.00882	0.00916	0.00534	0.00581	0.00903	0.01210	0.01613	0.03420	0.70144	0.04095	0.08994	0.01053	0.00296	0.00398	0.01754	0.00581	0.00512
211	0.01727	0.77681	0.03386	0.01106	0.01658	0.02557	0.01106	0.01935	0.01313	0.01520	0.00898	0.01036	0.00829	0.00553	0.00415	0.00138	0.00691	0.00345	0.00276	0.00829
212	0.01672	0.01912	0.11040	0.09369	0.42647	0.09260	0.05635	0.06867	0.01594	0.02143	0.01209	0.01540	0.00968	0.00608	0.00638	0.00194	0.00853	0.00558	0.00336	0.00957
213	0.71087	0.06213	0.01167	0.00924	0.01329	0.06778	0.00765	0.01950	0.01166	0.02717	0.00907	0.01057	0.00717	0.00602	0.00414	0.00194	0.00560	0.00354	0.00387	0.00711
214	0.00807	0.00648	0.00720	0.00719	0.00904	0.00561	0.00533	0.01004	0.01549	0.01967	0.24322	0.11998	0.48830	0.01584	0.00769	0.00218	0.00325	0.01352	0.00630	0.00561
215	0.01640	0.01541	0.02561	0.05898	0.66926	0.01561	0.01932	0.06182	0.01561	0.02217	0.01234	0.01600	0.01023	0.00590	0.00640	0.00193	0.00767	0.00576	0.00339	0.01019
216	0.01455	0.13968	0.53061	0.04065	0.02653	0.03691	0.05869	0.02071	0.01393	0.04363	0.01172	0.01371	0.00857	0.00610	0.00594	0.00195	0.00913	0.00481	0.00296	0.00924
217	0.23239	0.12352	0.03768	0.01441	0.03851	0.18912	0.05287	0.11001	0.04028	0.06621	0.01201	0.01329	0.00929	0.00664	0.00582	0.00187	0.02885	0.00465	0.00418	0.00841
218	0.00764	0.00655	0.00655	0.00655	0.00873	0.00545	0.00491	0.00927	0.01473	0.01745	0.06546	0.06218	0.73000	0.01636	0.00764	0.00218	0.00327	0.01364	0.00600	0.00545
219	0.00804	0.00598	0.00751	0.00849	0.00940	0.00545	0.00593	0.00953	0.01355	0.01773	0.11084	0.52139	0.19165	0.01863	0.00808	0.00248	0.00365	0.04015	0.00611	0.00540
220	0.06576	0.15596	0.15013	0.04083	0.16457	0.11055	0.03744	0.07371	0.01564	0.06962	0.01201	0.01405	0.00939	0.00652	0.00656	0.00189	0.04774	0.00494	0.00365	0.00903
221	0.01727	0.77681	0.03386	0.01106	0.01658	0.02557	0.01106	0.01935	0.01313	0.01520	0.00898	0.01036	0.00829	0.00553	0.00415	0.00138	0.00691	0.00345	0.00276	0.00829
222	0.00914	0.00660	0.00864	0.00813	0.00965	0.00610	0.00610	0.01219	0.01829	0.02591	0.72921	0.04827	0.06097	0.01321	0.00762	0.00203	0.00305	0.01169	0.00711	0.00610
223	0.01521	0.01737	0.07506	0.07146	0.17698	0.10480	0.07814	0.01822	0.01302	0.01769	0.01156	0.03903	0.01038	0.01028	0.04543	0.00267	0.27546	0.00607	0.00313	0.00803
224	0.01528	0.41991	0.34953	0.01487	0.02223	0.02055	0.03927	0.01989	0.01343	0.01773	0.01028	0.01206	0.00829	0.00580	0.00515	0.00170	0.00822	0.00418	0.00276	0.00887
225	0.00940	0.00626	0.00705	0.00705	0.00705	0.00626	0.00392	0.00940	0.00940	0.01253	0.02036	0.04228	0.02349	0.77292	0.03289	0.00626	0.00626	0.00940	0.00392	0.00392
226	0.00944	0.00695	0.00981	0.06579	0.01394	0.00700	0.00905	0.01171	0.01364	0.01789	0.03314	0.37194	0.03749	0.01805	0.00845	0.00276	0.00519	0.34631	0.00574	0.00573
227	0.01619	0.01655	0.02655	0.17452	0.26835	0.09178	0.20509	0.02015	0.01472	0.04185	0.01226	0.01626	0.00968	0.00629	0.00753	0.00206	0.05199	0.00611	0.00330	0.00877
228	0.02414	0.03079	0.01831	0.01665	0.01998	0.74698	0.01248	0.02580	0.01831	0.01581	0.00999	0.01165	0.00832	0.00666	0.00583	0.00166	0.01165	0.00416	0.00333	0.00749
229	0.81856	0.01250	0.00950	0.00850	0.01250	0.01449	0.00700	0.01899	0.01100	0.02899	0.00900	0.01050	0.00700	0.00600	0.00400	0.00200	0.00500	0.00350	0.00400	0.00700
230	0.01620	0.01548	0.02656	0.08350	0.57430	0.01567	0.08832	0.06201	0.01561	0.02197	0.01241	0.01619	0.01013	0.00589	0.00653	0.00196	0.00802	0.00595	0.00338	0.00993
231	0.01122	0.00561	0.00842	0.00842	0.00842	0.00561	0.00561	0.00842	0.00842	0.01122	0.01122	0.01964	0.01122	0.02245	0.02525	0.81201	0.00561	0.00561	0.00281	0.00281
232	0.00923	0.00692	0.01038	0.01038	0.01154	0.00808	0.00808	0.01154	0.01038	0.01500	0.01731	0.02538	0.01615	0.04846	0.74732	0.01038	0.01731	0.00692	0.00346	0.00577
233	0.01945	0.01460	0.01728	0.01391	0.01737	0.01637	0.03524	0.41573	0.02226	0.05269	0.01664	0.05909	0.01432	0.10652	0.05387	0.00311	0.10011	0.00705	0.00544	0.00895
234	0.01615	0.58264	0.21816	0.01298	0.01956	0.02281	0.01440	0.01964	0.01326	0.01658	0.00967	0.01122	0.00826	0.00569	0.00467	0.00156	0.00760	0.00380	0.00275	0.00862
235	0.01220	0.01148	0.01938	0.75739	0.04450	0.01436	0.01794	0.01651	0.01292	0.01651	0.01148	0.01723	0.00861	0.00646	0.00646	0.00215	0.00861	0.00574	0.00287	0.00718
236	0.81856	0.01250	0.00950	0.00850	0.01250	0.01449	0.00700	0.01899	0.01100	0.02899	0.00900	0.01050	0.00700	0.00600	0.00400	0.00200	0.00500	0.00350	0.00400	0.00700
237	0.00764	0.00655	0.00655	0.00655	0.00873	0.00545	0.00491	0.00927	0.01473	0.01745	0.06546	0.06218	0.73000	0.01636	0.00764	0.00218	0.00327	0.01364	0.00600	0.00545
238	0.01340	0.01148	0.01340	0.00957	0.01531	0.00861	0.00766	0.01627	0.01340	0.02105	0.01148	0.01340	0.00957	0.00479	0.00479	0.00096	0.00479	0.00383	0.00383	0.81242
239	0.00923	0.00692	0.01038	0.01038	0.01154	0.00808	0.00808	0.01154	0.01038	0.01500	0.01731	0.02538	0.01615	0.04846	0.74732	0.01038	0.01731	0.00692	0.00346	0.00577
240	0.01220	0.01148	0.01938	0.75739	0.04450	0.01436	0.01794	0.01651	0.01292	0.01651	0.01148	0.01723	0.00861	0.00646	0.00646	0.00215	0.00861	0.00574	0.00287	0.00718
241	0.01220	0.01148	0.01938	0.75739	0.04450	0.01436	0.01794	0.01651	0.01292	0.01651	0.01148	0.01723	0.00861	0.00646	0.00646	0.00215	0.00861	0.00574	0.00287	0.00718
