[name]
unknown

[dist]
# distance from previous block
# <min> <max>
0	0

[block]
# block no. 0 follows, 30 sequences, length 13
# corresponding to MSA columns:
# 0-12
name=unknown_A
#
# <colnr> <probs for GDERKNQSTAVLIFYWHMCP>
#	G	D	E	R	K	N	Q	S	T	A	V	L	I	F	Y	W	H	M	C	P
0	0.01124	0.00803	0.01124	0.01285	0.01446	0.00803	0.01124	0.01446	0.01606	0.02088	0.03695	0.07871	0.04016	0.01928	0.00964	0.00321	0.00643	0.66426	0.00643	0.00643
1	0.01267	0.01171	0.01952	0.65812	0.04390	0.01443	0.01796	0.01694	0.01389	0.01783	0.01526	0.09884	0.01334	0.00861	0.00719	0.00238	0.00873	0.00770	0.00347	0.00752
2	0.01911	0.01278	0.01531	0.01120	0.01718	0.01038	0.00907	0.06816	0.01699	0.18050	0.01612	0.01672	0.01201	0.00617	0.00571	0.00136	0.00552	0.00493	0.00535	0.56542
3	0.02428	0.01620	0.01743	0.01435	0.01912	0.05385	0.01151	0.20230	0.29202	0.23504	0.02423	0.02227	0.01705	0.00882	0.00700	0.00221	0.00657	0.00704	0.00734	0.01134
4	0.01560	0.01679	0.03425	0.16127	0.09711	0.01647	0.45679	0.02085	0.01578	0.02142	0.01445	0.04238	0.01154	0.00661	0.00780	0.00229	0.01051	0.00791	0.00356	0.03662
5	0.00911	0.00655	0.00834	0.00906	0.00980	0.00623	0.00613	0.01060	0.01399	0.01885	0.15688	0.40375	0.09360	0.15506	0.05553	0.00389	0.00522	0.01568	0.00613	0.00562
6	0.00861	0.00622	0.00815	0.00948	0.01011	0.00576	0.00642	0.01004	0.01407	0.01878	0.10016	0.64952	0.08494	0.02095	0.00881	0.00275	0.00395	0.01891	0.00659	0.00576
7	0.00865	0.00618	0.00827	0.00989	0.01036	0.00580	0.00674	0.00997	0.01351	0.01798	0.03838	0.71396	0.04583	0.02172	0.00895	0.00285	0.00418	0.05462	0.00647	0.00571
8	0.02560	0.03235	0.04888	0.01791	0.02194	0.64470	0.01398	0.07680	0.02054	0.01929	0.01130	0.01298	0.00920	0.00726	0.00636	0.00184	0.01212	0.00466	0.00382	0.00846
9	0.02546	0.01339	0.01936	0.01497	0.02013	0.01270	0.10324	0.06858	0.11938	0.43391	0.07275	0.02499	0.02003	0.00876	0.00728	0.00222	0.00659	0.00766	0.00755	0.01104
10	0.03011	0.01271	0.01658	0.01283	0.01816	0.01164	0.01056	0.09056	0.05917	0.61957	0.02665	0.02328	0.01703	0.00866	0.00702	0.00217	0.00606	0.00700	0.00841	0.01183
11	0.01800	0.01878	0.02901	0.07430	0.47981	0.10387	0.13034	0.02217	0.01636	0.02176	0.01296	0.01702	0.01063	0.00632	0.00706	0.00210	0.00945	0.00634	0.00347	0.01024
12	0.01727	0.01658	0.02832	0.04283	0.71123	0.01658	0.02142	0.02142	0.01589	0.02280	0.01313	0.01727	0.01105	0.00622	0.00691	0.00207	0.00829	0.00622	0.00345	0.01105

[dist]
# distance from previous block
# <min> <max>
2	4

[block]
# block no. 1 follows, 30 sequences, length 39
# corresponding to MSA columns:
# 17-55
name=unknown_B
#
# <colnr> <probs for GDERKNQSTAVLIFYWHMCP>
#	G	D	E	R	K	N	Q	S	T	A	V	L	I	F	Y	W	H	M	C	P
0	0.69853	0.01408	0.01144	0.01001	0.01442	0.01625	0.00822	0.07775	0.04841	0.03227	0.01126	0.01254	0.00862	0.00679	0.00468	0.00216	0.00560	0.00420	0.00468	0.00810
1	0.01455	0.01152	0.01347	0.01280	0.04696	0.01189	0.00928	0.14521	0.12545	0.02530	0.05093	0.12708	0.14291	0.06160	0.09579	0.00357	0.00709	0.01016	0.00589	0.07854
2	0.31634	0.01521	0.01874	0.02322	0.28433	0.01635	0.01371	0.10941	0.04854	0.02891	0.01620	0.01811	0.04870	0.00738	0.00602	0.00214	0.00672	0.00585	0.00459	0.00955
3	0.00900	0.00728	0.00799	0.00768	0.00990	0.00624	0.00572	0.01117	0.01668	0.02130	0.24109	0.06022	0.47974	0.04463	0.00918	0.00243	0.00365	0.01357	0.00663	0.03588
4	0.01447	0.01240	0.01447	0.01034	0.01654	0.00930	0.00827	0.01757	0.01447	0.02274	0.01240	0.01447	0.01034	0.00517	0.00517	0.00103	0.00517	0.00413	0.00413	0.79742
5	0.00956	0.00700	0.00897	0.00873	0.01030	0.00641	0.00645	0.01247	0.01864	0.02593	0.56912	0.13546	0.12397	0.01548	0.00831	0.00229	0.00340	0.01367	0.00743	0.00641
6	0.01400	0.03610	0.71860	0.01989	0.03020	0.01621	0.02578	0.02210	0.01473	0.02210	0.01252	0.01473	0.00884	0.00663	0.00663	0.00221	0.01031	0.00516	0.00295	0.01031
7	0.00850	0.00607	0.00810	0.00972	0.01012	0.00567	0.00648	0.00972	0.01336	0.01781	0.03846	0.75020	0.04615	0.02186	0.00891	0.00283	0.00405	0.01984	0.00648	0.00567
8	0.01802	0.01484	0.01580	0.01412	0.01813	0.01702	0.01101	0.03694	0.66652	0.06168	0.02836	0.02593	0.02111	0.00943	0.00710	0.00236	0.00554	0.00785	0.00717	0.01108
9	0.01447	0.01240	0.01447	0.01034	0.01654	0.00930	0.00827	0.01757	0.01447	0.02274	0.01240	0.01447	0.01034	0.00517	0.00517	0.00103	0.00517	0.00413	0.00413	0.79742
10	0.00850	0.00607	0.00810	0.00972	0.01012	0.00567	0.00648	0.00972	0.01336	0.01781	0.03846	0.75020	0.04615	0.02186	0.00891	0.00283	0.00405	0.01984	0.00648	0.00567
11	0.01014	0.00678	0.00769	0.00766	0.00773	0.00676	0.00433	0.01028	0.01056	0.01416	0.05161	0.04595	0.02712	0.72277	0.03434	0.00657	0.00662	0.01025	0.00438	0.00433
12	0.01003	0.00682	0.00864	0.00939	0.01053	0.00629	0.00666	0.01165	0.01463	0.05184	0.10469	0.42565	0.15248	0.08195	0.01097	0.00303	0.00440	0.06783	0.00650	0.00602
13	0.03105	0.01230	0.01646	0.01262	0.01802	0.01088	0.01042	0.07000	0.02068	0.67907	0.02694	0.02337	0.01698	0.00862	0.00702	0.00216	0.00603	0.00698	0.00855	0.01188
14	0.01065	0.00761	0.01010	0.01084	0.01253	0.00734	0.00904	0.01376	0.01712	0.02310	0.24423	0.06736	0.10388	0.01713	0.00889	0.00276	0.00509	0.38183	0.04029	0.00643
15	0.61026	0.01393	0.01173	0.01010	0.01441	0.01590	0.00829	0.13106	0.01558	0.03298	0.01195	0.01344	0.00912	0.00693	0.00481	0.00210	0.00560	0.00442	0.06922	0.00819
16	0.00963	0.00701	0.00906	0.00879	0.01034	0.00644	0.00650	0.01260	0.01881	0.02632	0.59601	0.13274	0.09896	0.01532	0.00831	0.00228	0.00339	0.01356	0.00748	0.00644
17	0.03131	0.01188	0.01619	0.01242	0.01781	0.01026	0.01026	0.03401	0.01997	0.71606	0.02753	0.02375	0.01727	0.00864	0.00702	0.00216	0.00594	0.00702	0.00864	0.01188
18	0.00884	0.00643	0.00835	0.00942	0.01027	0.00595	0.00657	0.01057	0.01490	0.01995	0.16863	0.53345	0.10760	0.01996	0.00875	0.00268	0.00394	0.04113	0.00671	0.00589
19	0.11229	0.00986	0.01104	0.00949	0.01289	0.00968	0.00763	0.06128	0.01716	0.24456	0.02494	0.02671	0.04631	0.00892	0.00593	0.00197	0.00474	0.03070	0.34531	0.00860
20	0.02653	0.01955	0.02094	0.01606	0.02164	0.02164	0.01326	0.68796	0.03281	0.04398	0.01675	0.01675	0.01187	0.00838	0.00698	0.00209	0.00768	0.00628	0.00698	0.01187
21	0.63624	0.01314	0.01155	0.00988	0.01443	0.01448	0.00814	0.02344	0.01363	0.18001	0.01359	0.01403	0.00967	0.00695	0.00490	0.00216	0.00552	0.00448	0.00526	0.00850
22	0.01764	0.01284	0.01374	0.01211	0.01561	0.01423	0.00948	0.11105	0.37470	0.06228	0.06211	0.02618	0.02148	0.00921	0.00658	0.00213	0.00511	0.00755	0.20615	0.00980
23	0.01080	0.00679	0.00958	0.00958	0.01007	0.00728	0.00668	0.01067	0.01018	0.01407	0.01705	0.02946	0.01737	0.20859	0.30547	0.29940	0.01121	0.00759	0.00359	0.00458
24	0.01015	0.00677	0.00761	0.00761	0.00761	0.00677	0.00423	0.01015	0.01015	0.01353	0.02199	0.04567	0.02537	0.75476	0.03552	0.00677	0.00677	0.01015	0.00423	0.00423
25	0.01866	0.01564	0.01651	0.01446	0.01864	0.01796	0.01136	0.12942	0.60416	0.03129	0.02675	0.02472	0.01996	0.00931	0.00708	0.00233	0.00583	0.00766	0.00708	0.01116
26	0.00998	0.00742	0.01091	0.01091	0.01205	0.00856	0.00835	0.01227	0.01113	0.01598	0.01897	0.02894	0.01811	0.11123	0.66912	0.01084	0.01769	0.00770	0.00378	0.00606
27	0.01657	0.01587	0.02706	0.16134	0.59817	0.01640	0.02107	0.02080	0.01556	0.02195	0.01300	0.01750	0.01075	0.00635	0.00692	0.00212	0.00846	0.00621	0.00339	0.01049
28	0.01708	0.01645	0.02765	0.04046	0.64409	0.01704	0.02082	0.02097	0.01539	0.02222	0.01274	0.01708	0.01087	0.00680	0.00846	0.00217	0.07938	0.00621	0.00342	0.01072
29	0.00943	0.00646	0.00782	0.00853	0.00871	0.00629	0.00521	0.00996	0.01155	0.01540	0.02917	0.35286	0.03443	0.43520	0.02391	0.00505	0.00558	0.01437	0.00521	0.00486
30	0.01996	0.01250	0.01665	0.22195	0.02564	0.01356	0.01262	0.07143	0.15918	0.22677	0.02227	0.02576	0.01680	0.07283	0.00949	0.00266	0.00695	0.02562	0.02782	0.00955
31	0.01377	0.01160	0.01468	0.01341	0.01518	0.01411	0.01053	0.04533	0.20101	0.02070	0.01955	0.02569	0.01724	0.09404	0.28840	0.00629	0.16838	0.00749	0.00468	0.00789
32	0.01866	0.75896	0.03657	0.01194	0.01791	0.02761	0.01194	0.02090	0.01418	0.01642	0.00970	0.01119	0.00896	0.00597	0.00448	0.00149	0.00746	0.00373	0.00299	0.00896
33	0.01727	0.36208	0.16868	0.01865	0.12577	0.02173	0.01600	0.02423	0.14208	0.02091	0.01427	0.01559	0.01155	0.00679	0.00577	0.00189	0.00780	0.00517	0.00382	0.00994
34	0.02386	0.01822	0.01944	0.01552	0.02063	0.02040	0.01262	0.49900	0.22611	0.03969	0.02014	0.01945	0.01461	0.00869	0.00702	0.00217	0.00705	0.00675	0.00702	0.01163
35	0.00850	0.00607	0.00810	0.00972	0.01012	0.00567	0.00648	0.00972	0.01336	0.01781	0.03846	0.75020	0.04615	0.02186	0.00891	0.00283	0.00405	0.01984	0.00648	0.00567
36	0.01318	0.01240	0.02093	0.73798	0.04806	0.01550	0.01938	0.01783	0.01395	0.01783	0.01240	0.01860	0.00930	0.00698	0.00698	0.00233	0.00930	0.00620	0.00310	0.00775
37	0.00905	0.00667	0.00846	0.00892	0.01015	0.00609	0.00635	0.01122	0.01645	0.02227	0.32656	0.35217	0.15386	0.01802	0.00852	0.00249	0.00365	0.01602	0.00699	0.00609
38	0.17923	0.01444	0.01683	0.01830	0.15031	0.01592	0.01209	0.06545	0.29701	0.05999	0.02197	0.02227	0.04068	0.01060	0.04297	0.00269	0.00677	0.00682	0.00570	0.00998

[dist]
# distance from previous block
# <min> <max>
0	1

[block]
# block no. 2 follows, 30 sequences, length 15
# corresponding to MSA columns:
# 57-71
name=unknown_C
#
# <colnr> <probs for GDERKNQSTAVLIFYWHMCP>
#	G	D	E	R	K	N	Q	S	T	A	V	L	I	F	Y	W	H	M	C	P
0	0.12174	0.01825	0.05759	0.04486	0.26043	0.08273	0.03754	0.06887	0.11446	0.08180	0.01593	0.01771	0.01220	0.00734	0.00703	0.00216	0.02845	0.00606	0.00471	0.01016
1	0.02607	0.03326	0.01978	0.01798	0.02157	0.72674	0.01348	0.02787	0.01978	0.01708	0.01079	0.01258	0.00899	0.00719	0.00629	0.00180	0.01258	0.00449	0.00360	0.00809
2	0.01447	0.01240	0.01447	0.01034	0.01654	0.00930	0.00827	0.01757	0.01447	0.02274	0.01240	0.01447	0.01034	0.00517	0.00517	0.00103	0.00517	0.00413	0.00413	0.79742
3	0.01616	0.22538	0.41715	0.01887	0.02728	0.05612	0.10390	0.02211	0.01506	0.02037	0.01188	0.01419	0.00910	0.00639	0.00624	0.00202	0.00986	0.00513	0.00306	0.00973
4	0.01388	0.01435	0.02330	0.12182	0.02650	0.07885	0.25868	0.01749	0.01545	0.01963	0.02449	0.24161	0.05181	0.01218	0.00815	0.00249	0.00854	0.04852	0.00464	0.00762
5	0.02567	0.01912	0.02046	0.01588	0.02131	0.02124	0.01306	0.62727	0.09489	0.04260	0.01784	0.01762	0.01275	0.00848	0.00699	0.00212	0.00748	0.00643	0.00699	0.01179
6	0.38746	0.04953	0.06537	0.03910	0.04767	0.07070	0.01163	0.11943	0.01704	0.11360	0.01343	0.01447	0.00984	0.00707	0.00556	0.00210	0.00704	0.00487	0.00494	0.00916
7	0.00860	0.00615	0.00818	0.00965	0.01014	0.00573	0.00649	0.00996	0.01381	0.01853	0.08554	0.70108	0.04754	0.02133	0.00886	0.00279	0.00400	0.01933	0.00656	0.00573
8	0.01835	0.31146	0.12643	0.02371	0.21726	0.05562	0.07989	0.02228	0.01549	0.05096	0.01232	0.01474	0.01006	0.00630	0.00602	0.00188	0.00868	0.00524	0.00345	0.00987
9	0.01637	0.11024	0.33005	0.05510	0.16331	0.01765	0.09622	0.02205	0.01515	0.05704	0.01312	0.01594	0.00996	0.00676	0.00738	0.00216	0.04229	0.00573	0.00342	0.01005
10	0.00959	0.00712	0.00893	0.00848	0.01025	0.00646	0.00636	0.01261	0.01908	0.02638	0.59550	0.05477	0.17889	0.01487	0.00823	0.00222	0.00333	0.01299	0.00747	0.00646
11	0.00850	0.00607	0.00810	0.00972	0.01012	0.00567	0.00648	0.00972	0.01336	0.01781	0.03846	0.75020	0.04615	0.02186	0.00891	0.00283	0.00405	0.01984	0.00648	0.00567
12	0.02256	0.04770	0.14983	0.04564	0.12890	0.16298	0.01607	0.05074	0.06955	0.21138	0.01759	0.01808	0.01258	0.00750	0.00669	0.00208	0.00869	0.00592	0.00517	0.01036
13	0.01565	0.02525	0.33054	0.04776	0.17809	0.01627	0.16490	0.04314	0.01590	0.02293	0.01312	0.01632	0.00991	0.00634	0.00695	0.00213	0.00971	0.00604	0.00340	0.06564
14	0.04722	0.17395	0.06970	0.02030	0.16781	0.07331	0.01467	0.11960	0.07504	0.14807	0.01641	0.01708	0.01226	0.00728	0.00630	0.00198	0.00775	0.00571	0.00508	0.01048

[dist]
# distance from previous block
# <min> <max>
0	8

# created by:
# /home/berkeley/.conda/envs/busco_data_prod/bin/msa2prfl.pl pipeline/OGs_align_augustus/4893/11676.fs
