[name]
unknown

[dist]
# distance from previous block
# <min> <max>
0	24

[block]
# block no. 0 follows, 34 sequences, length 16
# corresponding to MSA columns:
# 24-39
name=unknown_A
#
# <colnr> <probs for GDERKNQSTAVLIFYWHMCP>
#	G	D	E	R	K	N	Q	S	T	A	V	L	I	F	Y	W	H	M	C	P
0	0.01041	0.00744	0.01041	0.01190	0.01339	0.00744	0.01041	0.01339	0.01487	0.01934	0.03421	0.07288	0.03719	0.01785	0.00892	0.00297	0.00595	0.68913	0.00595	0.00595
1	0.02657	0.01572	0.01729	0.01344	0.01840	0.06623	0.01102	0.35050	0.02407	0.35915	0.01971	0.01822	0.01310	0.00779	0.00643	0.00195	0.00669	0.00601	0.00695	0.01075
2	0.02241	0.07178	0.02038	0.01506	0.01932	0.07848	0.01250	0.50072	0.02505	0.03307	0.01353	0.01463	0.01020	0.00806	0.00852	0.00201	0.12348	0.00549	0.00539	0.00992
3	0.01406	0.02450	0.42588	0.01874	0.02592	0.01399	0.17005	0.01981	0.01405	0.07020	0.01548	0.10023	0.01299	0.00790	0.00729	0.00217	0.03718	0.00708	0.00359	0.00889
4	0.01607	0.01388	0.01461	0.01315	0.01680	0.01607	0.01023	0.03433	0.72094	0.02703	0.02630	0.02411	0.01972	0.00877	0.00657	0.00219	0.00511	0.00731	0.00657	0.01023
5	0.01340	0.01148	0.01340	0.00957	0.01531	0.00861	0.00766	0.01627	0.01340	0.02105	0.01148	0.01340	0.00957	0.00479	0.00479	0.00096	0.00479	0.00383	0.00383	0.81242
6	0.01220	0.01148	0.01938	0.75739	0.04450	0.01436	0.01794	0.01651	0.01292	0.01651	0.01148	0.01723	0.00861	0.00646	0.00646	0.00215	0.00861	0.00574	0.00287	0.00718
7	0.00824	0.00632	0.00754	0.00777	0.00923	0.00563	0.00562	0.01024	0.01536	0.02020	0.29332	0.24684	0.30781	0.01628	0.00779	0.00225	0.00332	0.01421	0.00639	0.00563
8	0.01749	0.65803	0.03106	0.01130	0.01674	0.05406	0.01088	0.04258	0.01395	0.01656	0.00945	0.01084	0.00849	0.00559	0.00435	0.00138	0.00694	0.00359	0.00300	0.07373
9	0.01467	0.01144	0.01353	0.00973	0.01541	0.00869	0.00781	0.01751	0.01381	0.07928	0.01262	0.01410	0.01009	0.00505	0.00492	0.00104	0.00484	0.00405	0.00417	0.74726
10	0.01889	0.01541	0.01972	0.12609	0.02392	0.04659	0.10607	0.21503	0.22671	0.08033	0.01844	0.01914	0.01348	0.00751	0.00657	0.00206	0.00720	0.00647	0.03078	0.00959
11	0.01381	0.02582	0.42223	0.05281	0.03026	0.01568	0.27128	0.02016	0.01402	0.02016	0.01198	0.01519	0.00880	0.00614	0.00738	0.00213	0.04429	0.00589	0.00293	0.00903
12	0.00794	0.00639	0.00708	0.00726	0.00900	0.00553	0.00531	0.00972	0.01490	0.01872	0.17298	0.18910	0.49034	0.01654	0.00775	0.00224	0.00332	0.01417	0.00619	0.00553
13	0.16329	0.01633	0.01664	0.01397	0.04292	0.07555	0.01094	0.33175	0.05549	0.18551	0.01647	0.01614	0.01154	0.00739	0.00599	0.00195	0.00669	0.00549	0.00600	0.00995
14	0.04114	0.04898	0.04113	0.01751	0.02154	0.29243	0.12628	0.14536	0.06351	0.02217	0.01230	0.01438	0.00975	0.00733	0.00820	0.00199	0.10810	0.00539	0.00400	0.00850
15	0.01747	0.01673	0.01655	0.01421	0.01770	0.16991	0.06688	0.15702	0.21292	0.02476	0.05312	0.12294	0.06140	0.01004	0.00681	0.00208	0.00698	0.00842	0.00550	0.00854

[dist]
# distance from previous block
# <min> <max>
0	2

[block]
# block no. 1 follows, 34 sequences, length 27
# corresponding to MSA columns:
# 42-68
name=unknown_B
#
# <colnr> <probs for GDERKNQSTAVLIFYWHMCP>
#	G	D	E	R	K	N	Q	S	T	A	V	L	I	F	Y	W	H	M	C	P
0	0.01800	0.01190	0.01479	0.01220	0.01499	0.01311	0.00983	0.17601	0.01795	0.16447	0.13145	0.02414	0.02067	0.05838	0.03534	0.00263	0.17047	0.00704	0.05135	0.04527
1	0.01805	0.01366	0.01544	0.01162	0.01686	0.01277	0.00940	0.27649	0.01994	0.06218	0.01479	0.05018	0.01197	0.00678	0.00566	0.00145	0.00564	0.00538	0.00511	0.43664
2	0.00898	0.00655	0.00844	0.00806	0.00958	0.00601	0.00601	0.01184	0.01776	0.02488	0.65042	0.08318	0.10658	0.01376	0.00765	0.00207	0.00310	0.01214	0.00698	0.00601
3	0.00940	0.00626	0.00705	0.00705	0.00705	0.00626	0.00392	0.00940	0.00940	0.01253	0.02036	0.04228	0.02349	0.77292	0.03289	0.00626	0.00626	0.00940	0.00392	0.00392
4	0.01220	0.01148	0.01938	0.75739	0.04450	0.01436	0.01794	0.01651	0.01292	0.01651	0.01148	0.01723	0.00861	0.00646	0.00646	0.00215	0.00861	0.00574	0.00287	0.00718
5	0.00776	0.00605	0.00706	0.00787	0.00907	0.00534	0.00550	0.00912	0.01346	0.01694	0.04939	0.44263	0.35992	0.01845	0.00797	0.00242	0.00353	0.01618	0.00600	0.00534
6	0.00782	0.00655	0.00681	0.00674	0.00884	0.00553	0.00506	0.00964	0.01517	0.01851	0.14832	0.06045	0.64647	0.01597	0.00763	0.00216	0.00324	0.01339	0.00614	0.00553
7	0.28078	0.01147	0.01324	0.01054	0.01522	0.01109	0.00870	0.02750	0.01610	0.51128	0.02023	0.01833	0.01313	0.00736	0.00570	0.00200	0.00534	0.00554	0.00672	0.00972
8	0.01487	0.01593	0.03235	0.09473	0.20321	0.01548	0.45238	0.01965	0.01480	0.02026	0.01360	0.04688	0.01111	0.00620	0.00725	0.00213	0.00963	0.00743	0.00332	0.00881
9	0.00881	0.00659	0.00818	0.00778	0.00945	0.00596	0.00584	0.01155	0.01751	0.02405	0.58318	0.05133	0.20815	0.01390	0.00762	0.00207	0.00310	0.01211	0.00687	0.00596
10	0.01475	0.01273	0.01874	0.02485	0.36509	0.01306	0.01387	0.02164	0.18471	0.04946	0.11190	0.06805	0.05528	0.00886	0.00677	0.00206	0.00595	0.00802	0.00499	0.00922
11	0.04661	0.09590	0.01989	0.01366	0.01882	0.01749	0.02784	0.41668	0.02442	0.22790	0.01732	0.01665	0.01194	0.00748	0.00619	0.00190	0.00668	0.00573	0.00635	0.01054
12	0.01527	0.01719	0.03676	0.02778	0.08118	0.01638	0.64097	0.02048	0.01505	0.02057	0.01287	0.01723	0.00979	0.00564	0.00795	0.00218	0.03325	0.00744	0.00325	0.00877
13	0.01416	0.01194	0.01381	0.00993	0.01564	0.00940	0.00797	0.06391	0.01456	0.02240	0.01176	0.01354	0.00967	0.00499	0.00490	0.00102	0.00494	0.00396	0.00401	0.75747
14	0.01867	0.01678	0.02246	0.01946	0.09045	0.05077	0.16654	0.22191	0.26824	0.02844	0.01820	0.01883	0.01361	0.00736	0.00672	0.00207	0.00751	0.00666	0.00534	0.00998
15	0.01374	0.07650	0.39260	0.08787	0.02868	0.01529	0.17201	0.01963	0.01387	0.01985	0.01172	0.01456	0.00874	0.00583	0.00622	0.00193	0.00908	0.00530	0.00298	0.09362
16	0.02125	0.18084	0.04505	0.01495	0.04122	0.11444	0.01239	0.34640	0.11133	0.02909	0.01454	0.01496	0.01106	0.00715	0.00589	0.00182	0.00750	0.00525	0.00506	0.00980
17	0.01697	0.01821	0.15576	0.01775	0.03937	0.01515	0.18008	0.11635	0.20223	0.08720	0.02124	0.02165	0.06219	0.00773	0.00679	0.00210	0.00756	0.00704	0.00506	0.00958
18	0.00781	0.00585	0.00726	0.00840	0.00921	0.00530	0.00573	0.00906	0.01295	0.01673	0.04291	0.59590	0.21083	0.01929	0.00810	0.00252	0.00363	0.01721	0.00600	0.00530
19	0.00948	0.00780	0.00849	0.00810	0.01035	0.00742	0.00614	0.01431	0.13455	0.02144	0.24527	0.05187	0.42261	0.01420	0.00745	0.00214	0.00352	0.01202	0.00641	0.00644
20	0.00792	0.00590	0.00737	0.00840	0.00925	0.00536	0.00577	0.00929	0.01332	0.01740	0.09362	0.56133	0.19377	0.01888	0.00807	0.00248	0.00359	0.01684	0.00608	0.00536
21	0.03857	0.01729	0.05821	0.02109	0.10180	0.06518	0.24937	0.14110	0.01860	0.19917	0.01605	0.01734	0.01133	0.00662	0.00675	0.00202	0.00844	0.00638	0.00496	0.00974
22	0.02479	0.01773	0.01916	0.01469	0.01985	0.01949	0.01214	0.67578	0.02976	0.07689	0.01603	0.01585	0.01125	0.00777	0.00647	0.00194	0.00703	0.00585	0.00654	0.01099
23	0.01340	0.01148	0.01340	0.00957	0.01531	0.00861	0.00766	0.01627	0.01340	0.02105	0.01148	0.01340	0.00957	0.00479	0.00479	0.00096	0.00479	0.00383	0.00383	0.81242
24	0.01641	0.01422	0.01460	0.01300	0.01658	0.04237	0.01013	0.07878	0.59240	0.02747	0.08030	0.02496	0.02195	0.00897	0.00662	0.00214	0.00533	0.00743	0.00649	0.00985
25	0.05154	0.12219	0.08236	0.04964	0.07428	0.01565	0.01211	0.04518	0.25080	0.02302	0.09895	0.02433	0.05160	0.00874	0.00703	0.00206	0.04516	0.02174	0.00495	0.00869
26	0.29166	0.05021	0.09830	0.01299	0.01783	0.18661	0.01150	0.13118	0.01702	0.10878	0.01247	0.01325	0.00917	0.00666	0.00536	0.00189	0.00754	0.00451	0.00450	0.00855

[dist]
# distance from previous block
# <min> <max>
0	6

[block]
# block no. 2 follows, 34 sequences, length 15
# corresponding to MSA columns:
# 75-89
name=unknown_C
#
# <colnr> <probs for GDERKNQSTAVLIFYWHMCP>
#	G	D	E	R	K	N	Q	S	T	A	V	L	I	F	Y	W	H	M	C	P
0	0.36928	0.01545	0.04691	0.06611	0.01668	0.13958	0.00949	0.01968	0.01397	0.09122	0.03691	0.02086	0.11437	0.00802	0.00546	0.00198	0.00639	0.00580	0.00449	0.00736
1	0.11690	0.03072	0.64526	0.01714	0.02597	0.01494	0.02170	0.02027	0.01330	0.02156	0.01126	0.01324	0.00803	0.00612	0.00586	0.00204	0.00896	0.00461	0.00289	0.00922
2	0.01060	0.00776	0.01059	0.01157	0.01342	0.00747	0.00998	0.01350	0.01464	0.01939	0.03209	0.09342	0.03476	0.01669	0.00850	0.00277	0.00576	0.59843	0.00575	0.08291
3	0.00816	0.00648	0.00732	0.00729	0.00909	0.00565	0.00540	0.01022	0.01570	0.02017	0.28302	0.12091	0.44639	0.01566	0.00769	0.00217	0.00324	0.01341	0.00637	0.00565
4	0.01756	0.01420	0.01514	0.01326	0.01713	0.01620	0.01041	0.10645	0.61567	0.06039	0.02511	0.02309	0.01862	0.00862	0.00656	0.00216	0.00534	0.00711	0.00663	0.01034
5	0.00785	0.00569	0.00742	0.00881	0.00932	0.00526	0.00591	0.00902	0.01255	0.01657	0.03792	0.71411	0.09584	0.01994	0.00820	0.00259	0.00371	0.01800	0.00600	0.00526
6	0.06133	0.17603	0.02019	0.01358	0.01796	0.21747	0.01111	0.15999	0.17484	0.02402	0.01451	0.01494	0.01137	0.00698	0.00562	0.00176	0.00763	0.00499	0.00461	0.05107
7	0.09803	0.06920	0.01995	0.01603	0.01965	0.42351	0.05693	0.10791	0.01774	0.02040	0.01056	0.01257	0.00863	0.00706	0.00731	0.00187	0.08636	0.00464	0.00369	0.00796
8	0.00889	0.00659	0.00828	0.00786	0.00949	0.00599	0.00589	0.01169	0.01768	0.02445	0.61484	0.05066	0.17624	0.01375	0.00762	0.00206	0.00309	0.01202	0.00692	0.00599
9	0.01306	0.01236	0.02093	0.59487	0.20032	0.01458	0.01837	0.01726	0.01333	0.01755	0.01164	0.01695	0.00898	0.00630	0.00645	0.00210	0.00840	0.00575	0.00295	0.00787
10	0.01034	0.00802	0.00950	0.00929	0.01102	0.00814	0.00682	0.01616	0.17649	0.02275	0.32745	0.20473	0.09733	0.05151	0.00877	0.00242	0.00385	0.01222	0.00650	0.00669
11	0.02236	0.01701	0.01815	0.01442	0.01920	0.01901	0.01175	0.53590	0.20913	0.03718	0.01830	0.01774	0.01325	0.00802	0.00649	0.00200	0.00659	0.00620	0.00649	0.01079
12	0.01473	0.01215	0.01778	0.01499	0.01843	0.04421	0.16653	0.03748	0.13239	0.09006	0.08726	0.09417	0.06084	0.01158	0.00758	0.00234	0.00661	0.16732	0.00565	0.00789
13	0.18873	0.01774	0.01386	0.01259	0.01590	0.25840	0.00978	0.06662	0.07507	0.05642	0.01711	0.10004	0.01571	0.00993	0.02131	0.00216	0.00758	0.05901	0.00469	0.04734
14	0.06082	0.08160	0.01997	0.04757	0.21285	0.10813	0.01316	0.11519	0.09380	0.09222	0.07753	0.01893	0.01572	0.00735	0.00615	0.00190	0.00704	0.00600	0.00481	0.00925

[dist]
# distance from previous block
# <min> <max>
0	1

[block]
# block no. 3 follows, 34 sequences, length 57
# corresponding to MSA columns:
# 91-147
name=unknown_D
#
# <colnr> <probs for GDERKNQSTAVLIFYWHMCP>
#	G	D	E	R	K	N	Q	S	T	A	V	L	I	F	Y	W	H	M	C	P
0	0.01824	0.02038	0.03871	0.02092	0.14957	0.25052	0.10350	0.02519	0.19385	0.02065	0.01498	0.01656	0.01181	0.00689	0.00678	0.00191	0.03209	0.00573	0.00412	0.05760
1	0.00921	0.00641	0.00763	0.00763	0.00804	0.00654	0.00479	0.00979	0.01004	0.01342	0.02367	0.04081	0.08301	0.57103	0.16549	0.00669	0.00809	0.00930	0.00401	0.00440
2	0.01428	0.11070	0.47124	0.02002	0.10096	0.01619	0.07565	0.04908	0.01471	0.02103	0.03921	0.01524	0.01069	0.00632	0.00614	0.00196	0.00881	0.00527	0.00315	0.00934
3	0.01089	0.00768	0.00911	0.00840	0.01064	0.00707	0.00639	0.03526	0.05147	0.07143	0.36234	0.08509	0.26040	0.01358	0.00742	0.00208	0.00360	0.01168	0.00663	0.02884
4	0.26769	0.37010	0.08871	0.01307	0.01861	0.01993	0.10468	0.01952	0.01279	0.02072	0.00977	0.01164	0.00808	0.00572	0.00474	0.00174	0.00708	0.00414	0.00322	0.00805
5	0.04561	0.03757	0.09579	0.01870	0.10166	0.01741	0.09451	0.37985	0.02300	0.06506	0.04636	0.01707	0.01275	0.00724	0.00647	0.00197	0.00754	0.00607	0.00527	0.01008
6	0.01122	0.00561	0.00842	0.00842	0.00842	0.00561	0.00561	0.00842	0.00842	0.01122	0.01122	0.01964	0.01122	0.02245	0.02525	0.81201	0.00561	0.00561	0.00281	0.00281
7	0.01018	0.00838	0.01280	0.01198	0.01316	0.01012	0.03485	0.01247	0.01049	0.01529	0.01584	0.02343	0.01478	0.04137	0.61255	0.00896	0.12714	0.00676	0.00336	0.00607
8	0.01296	0.03342	0.73944	0.01842	0.02797	0.01501	0.02387	0.02046	0.01364	0.02046	0.01160	0.01364	0.00818	0.00614	0.00614	0.00205	0.00955	0.00477	0.00273	0.00955
9	0.00929	0.00622	0.00708	0.00719	0.00721	0.00619	0.00407	0.00937	0.00961	0.01281	0.02146	0.09467	0.02488	0.71864	0.03111	0.00600	0.00608	0.01004	0.00407	0.00401
10	0.00890	0.00655	0.00832	0.00797	0.00952	0.00598	0.00594	0.01168	0.01757	0.02442	0.61384	0.08215	0.14527	0.01392	0.00765	0.00208	0.00311	0.01223	0.00692	0.00598
11	0.01204	0.00602	0.00602	0.00602	0.00753	0.00602	0.00452	0.01506	0.01355	0.02409	0.02108	0.02409	0.01656	0.00753	0.00452	0.00151	0.00301	0.00602	0.80879	0.00602
12	0.01220	0.01148	0.01938	0.75739	0.04450	0.01436	0.01794	0.01651	0.01292	0.01651	0.01148	0.01723	0.00861	0.00646	0.00646	0.00215	0.00861	0.00574	0.00287	0.00718
13	0.08131	0.01767	0.01722	0.01375	0.01846	0.12967	0.01114	0.35575	0.04572	0.21888	0.01716	0.01654	0.01189	0.00756	0.00620	0.00192	0.00718	0.00562	0.00621	0.01014
14	0.02271	0.02169	0.01835	0.01599	0.04915	0.28741	0.01214	0.36833	0.02421	0.02941	0.07485	0.01693	0.01428	0.00774	0.00632	0.00184	0.00846	0.00571	0.00522	0.00924
15	0.01727	0.77681	0.03386	0.01106	0.01658	0.02557	0.01106	0.01935	0.01313	0.01520	0.00898	0.01036	0.00829	0.00553	0.00415	0.00138	0.00691	0.00345	0.00276	0.00829
16	0.02158	0.13715	0.02121	0.01462	0.01933	0.13318	0.04070	0.31682	0.15185	0.05624	0.01590	0.01602	0.01190	0.00734	0.00607	0.00187	0.00752	0.00557	0.00534	0.00979
17	0.81856	0.01250	0.00950	0.00850	0.01250	0.01449	0.00700	0.01899	0.01100	0.02899	0.00900	0.01050	0.00700	0.00600	0.00400	0.00200	0.00500	0.00350	0.00400	0.00700
18	0.01592	0.54364	0.25517	0.01336	0.02015	0.02225	0.01508	0.01970	0.01329	0.01685	0.00980	0.01139	0.00826	0.00572	0.00477	0.00159	0.00774	0.00387	0.00275	0.00869
19	0.01301	0.00818	0.01018	0.00930	0.01157	0.00781	0.00708	0.03914	0.08154	0.13277	0.39385	0.13362	0.10013	0.01298	0.00740	0.00213	0.00385	0.01131	0.00695	0.00722
20	0.75283	0.01420	0.06906	0.00931	0.01376	0.01454	0.00837	0.01911	0.01121	0.02829	0.00921	0.01075	0.00709	0.00601	0.00417	0.00200	0.00537	0.00360	0.00389	0.00721
21	0.00926	0.00622	0.00714	0.00725	0.00734	0.00617	0.00417	0.00946	0.00995	0.01332	0.04571	0.10511	0.02642	0.68227	0.02991	0.00581	0.00594	0.01025	0.00420	0.00410
22	0.00825	0.00585	0.00770	0.00904	0.00948	0.00554	0.00616	0.00942	0.01228	0.01633	0.03391	0.63336	0.04026	0.09813	0.01086	0.00303	0.00420	0.07526	0.00578	0.00517
23	0.00886	0.00659	0.00824	0.00783	0.00948	0.00597	0.00587	0.01164	0.01761	0.02430	0.60293	0.05091	0.18825	0.01381	0.00762	0.00206	0.00309	0.01206	0.00690	0.00597
24	0.00787	0.00562	0.00750	0.00900	0.00937	0.00525	0.00600	0.00900	0.01237	0.01649	0.03561	0.76871	0.04274	0.02024	0.00825	0.00262	0.00375	0.01837	0.00600	0.00525
25	0.01727	0.77681	0.03386	0.01106	0.01658	0.02557	0.01106	0.01935	0.01313	0.01520	0.00898	0.01036	0.00829	0.00553	0.00415	0.00138	0.00691	0.00345	0.00276	0.00829
26	0.02601	0.01416	0.01679	0.01294	0.01787	0.01434	0.01066	0.35250	0.02411	0.37556	0.05214	0.02009	0.01563	0.00812	0.00653	0.00197	0.00615	0.00641	0.00723	0.01077
27	0.00892	0.00652	0.00837	0.00806	0.00955	0.00598	0.00599	0.01170	0.01754	0.02448	0.62016	0.10489	0.11567	0.01402	0.00767	0.00209	0.00312	0.01236	0.00693	0.00598
28	0.01487	0.01626	0.14562	0.02105	0.24262	0.01241	0.01458	0.07980	0.01541	0.04846	0.01627	0.12989	0.01495	0.00807	0.00627	0.00183	0.00661	0.00710	0.00416	0.19375
29	0.01143	0.00596	0.00624	0.00646	0.00780	0.00591	0.00474	0.01416	0.01338	0.02296	0.02323	0.13454	0.02044	0.00941	0.00507	0.00167	0.00312	0.00785	0.68971	0.00591
30	0.01163	0.01186	0.07613	0.01463	0.12585	0.00915	0.02793	0.01496	0.01527	0.02185	0.23359	0.05431	0.11805	0.00955	0.00655	0.00176	0.00506	0.00836	0.00495	0.22857
31	0.00828	0.00579	0.00738	0.00848	0.00875	0.00552	0.00544	0.00910	0.01158	0.01544	0.03154	0.57490	0.03760	0.22105	0.01482	0.00360	0.00442	0.01597	0.00544	0.00489
32	0.06847	0.01555	0.05509	0.02495	0.32459	0.03537	0.06965	0.02011	0.06633	0.02162	0.01267	0.01542	0.01031	0.00600	0.00650	0.00177	0.03601	0.00531	0.00362	0.20064
33	0.01482	0.11166	0.49316	0.01660	0.02471	0.01594	0.04115	0.06339	0.04089	0.04124	0.01251	0.01411	0.00917	0.00620	0.00591	0.00189	0.00851	0.00485	0.00335	0.06994
34	0.44772	0.05215	0.01426	0.01206	0.01584	0.32607	0.00950	0.02190	0.01419	0.02282	0.00942	0.01098	0.00761	0.00626	0.00478	0.00183	0.00790	0.00378	0.00366	0.00726
35	0.01314	0.06475	0.70971	0.01811	0.02749	0.01545	0.02333	0.02042	0.01362	0.02024	0.01149	0.01350	0.00819	0.00611	0.00605	0.00202	0.00944	0.00472	0.00273	0.00950
36	0.01583	0.15272	0.31863	0.01811	0.02520	0.03866	0.16063	0.08395	0.08463	0.02195	0.01320	0.01500	0.00992	0.00631	0.00617	0.00195	0.00879	0.00546	0.00357	0.00930
37	0.00822	0.00644	0.00752	0.00805	0.00962	0.00574	0.00606	0.01005	0.01449	0.01827	0.11617	0.23948	0.39846	0.01725	0.00797	0.00239	0.00374	0.10844	0.00610	0.00553
38	0.02456	0.01810	0.01939	0.01487	0.02004	0.02004	0.01228	0.71107	0.03038	0.04072	0.01551	0.01551	0.01099	0.00776	0.00646	0.00194	0.00711	0.00582	0.00646	0.01099
39	0.00838	0.00642	0.00768	0.00770	0.00927	0.00572	0.00565	0.01059	0.01599	0.02124	0.37013	0.17488	0.30188	0.01555	0.00773	0.00219	0.00325	0.01352	0.00652	0.00572
40	0.01948	0.32359	0.12754	0.01534	0.05813	0.15495	0.01373	0.09878	0.01649	0.07515	0.01171	0.01297	0.00929	0.00646	0.00584	0.00171	0.03177	0.00447	0.00371	0.00890
41	0.72751	0.01232	0.01013	0.00884	0.01296	0.01392	0.00729	0.02043	0.01186	0.11065	0.01090	0.01182	0.00804	0.00623	0.00429	0.00200	0.00506	0.00384	0.00446	0.00746
42	0.00921	0.00672	0.00806	0.00765	0.00952	0.00596	0.00576	0.01171	0.01697	0.04507	0.46031	0.05262	0.30835	0.01422	0.00759	0.00209	0.00321	0.01225	0.00673	0.00601
43	0.00910	0.00660	0.00858	0.00808	0.00963	0.00608	0.00606	0.01211	0.01819	0.02566	0.70980	0.04867	0.08053	0.01330	0.00762	0.00204	0.00305	0.01174	0.00708	0.00608
44	0.02820	0.01127	0.01565	0.01200	0.01700	0.00990	0.02962	0.03127	0.04015	0.69452	0.02516	0.02193	0.01593	0.00795	0.00653	0.00201	0.00564	0.00656	0.00782	0.01091
45	0.00787	0.00562	0.00750	0.00900	0.00937	0.00525	0.00600	0.00900	0.01237	0.01649	0.03561	0.76871	0.04274	0.02024	0.00825	0.00262	0.00375	0.01837	0.00600	0.00525
46	0.01519	0.01722	0.03726	0.02661	0.03312	0.01607	0.68445	0.02054	0.01519	0.02071	0.01302	0.01729	0.00980	0.00542	0.00753	0.00214	0.01068	0.00749	0.00329	0.03701
47	0.04774	0.01949	0.02933	0.13948	0.03136	0.19034	0.40659	0.02119	0.01545	0.01919	0.01193	0.01575	0.00915	0.00592	0.00687	0.00205	0.01049	0.00634	0.00325	0.00811
48	0.00787	0.00562	0.00750	0.00900	0.00937	0.00525	0.00600	0.00900	0.01237	0.01649	0.03561	0.76871	0.04274	0.02024	0.00825	0.00262	0.00375	0.01837	0.00600	0.00525
49	0.02030	0.01285	0.01381	0.01149	0.01521	0.04334	0.00919	0.20582	0.15145	0.18819	0.02099	0.02089	0.01520	0.00921	0.02997	0.00215	0.00586	0.00627	0.20851	0.00928
50	0.11463	0.01598	0.05392	0.04763	0.42791	0.01570	0.01643	0.14443	0.01707	0.04631	0.01271	0.01527	0.01000	0.00622	0.00607	0.00192	0.00722	0.00542	0.00401	0.03116
51	0.01569	0.01524	0.02660	0.08640	0.63834	0.01535	0.06767	0.01967	0.01463	0.02078	0.01217	0.01617	0.01010	0.00578	0.00649	0.00195	0.00796	0.00589	0.00318	0.00993
52	0.00938	0.00635	0.00747	0.00747	0.00762	0.00649	0.00444	0.00967	0.00952	0.01284	0.01997	0.04014	0.02256	0.68093	0.12361	0.00679	0.00767	0.00908	0.00386	0.00415
53	0.01340	0.01148	0.01340	0.00957	0.01531	0.00861	0.00766	0.01627	0.01340	0.02105	0.01148	0.01340	0.00957	0.00479	0.00479	0.00096	0.00479	0.00383	0.00383	0.81242
54	0.01368	0.15681	0.62233	0.01719	0.02608	0.01676	0.02175	0.02028	0.01356	0.01959	0.01116	0.01310	0.00820	0.00604	0.00581	0.00194	0.00911	0.00456	0.00273	0.00934
55	0.00800	0.00639	0.00722	0.00779	0.00940	0.00561	0.00579	0.00963	0.01410	0.01739	0.05394	0.25751	0.46753	0.01759	0.00794	0.00239	0.00369	0.08667	0.00599	0.00545
56	0.00994	0.00760	0.01061	0.01046	0.01179	0.00878	0.00803	0.01375	0.08343	0.01608	0.01843	0.02633	0.01699	0.09043	0.62568	0.00928	0.01535	0.00712	0.00381	0.00611

[dist]
# distance from previous block
# <min> <max>
0	0

# created by:
# /home/berkeley/.conda/envs/busco_data_prod/bin/msa2prfl.pl pipeline/OGs_align_augustus/4893/11784.fs
