[name]
unknown

[dist]
# distance from previous block
# <min> <max>
0	5

[block]
# block no. 0 follows, 33 sequences, length 9
# corresponding to MSA columns:
# 5-13
name=unknown_A
#
# <colnr> <probs for GDERKNQSTAVLIFYWHMCP>
#	G	D	E	R	K	N	Q	S	T	A	V	L	I	F	Y	W	H	M	C	P
0	0.00972	0.00704	0.00952	0.01090	0.01220	0.00685	0.00899	0.01216	0.01452	0.01882	0.03812	0.24230	0.10205	0.01865	0.00880	0.00287	0.00526	0.45931	0.00608	0.00584
1	0.08634	0.01522	0.02153	0.10626	0.31904	0.06125	0.05407	0.08570	0.01648	0.08785	0.01534	0.05737	0.01287	0.00750	0.00653	0.00206	0.00762	0.02337	0.00429	0.00930
2	0.01018	0.00646	0.00814	0.00852	0.00917	0.00638	0.00564	0.01122	0.01158	0.05342	0.02654	0.31075	0.02959	0.31375	0.10758	0.00498	0.00656	0.01235	0.05193	0.00524
3	0.03828	0.00985	0.01068	0.01022	0.01218	0.03794	0.00746	0.13312	0.03796	0.04899	0.07565	0.34211	0.09948	0.09246	0.01021	0.00275	0.00505	0.01280	0.00597	0.00682
4	0.01648	0.01565	0.02296	0.08234	0.14197	0.06242	0.17344	0.11592	0.11508	0.02329	0.01727	0.06822	0.01495	0.04738	0.00891	0.00239	0.03419	0.02379	0.00447	0.00886
5	0.00960	0.00737	0.00857	0.00899	0.01023	0.00731	0.00623	0.01346	0.12216	0.01846	0.07194	0.36540	0.16304	0.14151	0.01215	0.00311	0.00434	0.01422	0.00591	0.00599
6	0.10341	0.00936	0.01016	0.00944	0.01217	0.00939	0.00722	0.05783	0.10749	0.11063	0.05835	0.18918	0.22781	0.01323	0.00700	0.00222	0.00437	0.01112	0.04220	0.00740
7	0.06518	0.00811	0.00927	0.00925	0.01082	0.00839	0.00665	0.05640	0.07775	0.04766	0.02608	0.31414	0.02701	0.09084	0.02930	0.04444	0.00488	0.01136	0.14608	0.00639
8	0.01247	0.00804	0.00965	0.00936	0.01099	0.00792	0.00674	0.07171	0.04317	0.08431	0.04963	0.25161	0.11950	0.16998	0.03459	0.03513	0.00529	0.03536	0.02822	0.00632

[dist]
# distance from previous block
# <min> <max>
12	45

[block]
# block no. 1 follows, 33 sequences, length 21
# corresponding to MSA columns:
# 65-85
name=unknown_B
#
# <colnr> <probs for GDERKNQSTAVLIFYWHMCP>
#	G	D	E	R	K	N	Q	S	T	A	V	L	I	F	Y	W	H	M	C	P
0	0.07369	0.11190	0.11885	0.01250	0.01768	0.05407	0.02771	0.04143	0.07610	0.16969	0.07227	0.02232	0.06988	0.00802	0.00606	0.00186	0.00639	0.00635	0.00519	0.09804
1	0.07692	0.07901	0.18842	0.01424	0.02018	0.01466	0.05406	0.10811	0.03987	0.13578	0.06124	0.01784	0.01408	0.00719	0.00652	0.00189	0.03037	0.00568	0.00481	0.11913
2	0.03835	0.05308	0.14365	0.01777	0.05159	0.05002	0.16767	0.08667	0.04730	0.12811	0.08426	0.01983	0.01604	0.00724	0.00660	0.00197	0.00783	0.00652	0.00481	0.06069
3	0.03972	0.06861	0.20226	0.01532	0.02110	0.10394	0.10178	0.04182	0.01616	0.08264	0.10404	0.02140	0.05117	0.00766	0.00637	0.00189	0.00777	0.00643	0.00439	0.09554
4	0.09773	0.01707	0.15292	0.04999	0.05774	0.01379	0.08906	0.06346	0.12227	0.09764	0.07553	0.02151	0.01671	0.00769	0.00645	0.00204	0.00698	0.02542	0.00493	0.07108
5	0.01378	0.01204	0.01606	0.10590	0.04013	0.03126	0.06592	0.03288	0.04865	0.03913	0.01853	0.13418	0.03741	0.00840	0.00621	0.00169	0.00603	0.00743	0.00442	0.36994
6	0.03937	0.06581	0.06694	0.06139	0.13039	0.07986	0.12617	0.04530	0.01517	0.02122	0.01186	0.01460	0.00953	0.00569	0.00588	0.00163	0.00774	0.00508	0.00357	0.28280
7	0.01483	0.01277	0.01664	0.11597	0.03964	0.03612	0.06719	0.13750	0.12792	0.02334	0.05176	0.02911	0.08652	0.07415	0.08548	0.00339	0.02873	0.03594	0.00498	0.00801
8	0.01526	0.00836	0.01011	0.00870	0.01189	0.00713	0.00683	0.01751	0.01680	0.24724	0.16613	0.04554	0.35027	0.01285	0.00727	0.00208	0.00409	0.01077	0.00686	0.04432
9	0.06040	0.11366	0.02417	0.01882	0.04947	0.45869	0.14257	0.02397	0.01695	0.01784	0.01068	0.01294	0.00877	0.00635	0.00601	0.00179	0.01068	0.00485	0.00334	0.00804
10	0.00891	0.00626	0.00752	0.00807	0.00851	0.00607	0.00516	0.00964	0.01133	0.01491	0.03071	0.28383	0.09875	0.39735	0.04738	0.00479	0.00563	0.03549	0.00495	0.00473
11	0.01787	0.21127	0.15583	0.01579	0.02090	0.25492	0.07093	0.02197	0.05403	0.01795	0.01404	0.08909	0.01275	0.00781	0.00601	0.00187	0.00903	0.00611	0.00359	0.00825
12	0.00839	0.00664	0.00755	0.00743	0.00929	0.00580	0.00553	0.01058	0.01627	0.02105	0.31838	0.09822	0.43019	0.01566	0.00781	0.00219	0.00327	0.01340	0.00655	0.00580
13	0.04832	0.06217	0.09914	0.01879	0.12788	0.10481	0.03548	0.13526	0.22307	0.02589	0.04213	0.01853	0.01452	0.00750	0.00634	0.00201	0.00745	0.00609	0.00492	0.00970
14	0.00940	0.00705	0.01058	0.01058	0.01176	0.00823	0.00823	0.01176	0.01058	0.01528	0.01763	0.02586	0.01646	0.04937	0.74255	0.01058	0.01763	0.00705	0.00353	0.00588
15	0.01858	0.27657	0.17737	0.01424	0.01996	0.13654	0.01402	0.07686	0.09248	0.06177	0.04267	0.01569	0.01257	0.00696	0.00568	0.00180	0.00798	0.00506	0.00411	0.00909
16	0.00939	0.00768	0.00841	0.00813	0.01031	0.00721	0.00612	0.01375	0.11241	0.02139	0.23577	0.08347	0.42210	0.01491	0.00765	0.00220	0.00355	0.01267	0.00650	0.00639
17	0.01067	0.00912	0.04498	0.02766	0.01274	0.03012	0.00805	0.01333	0.03774	0.04854	0.13527	0.45742	0.03867	0.01619	0.00777	0.00238	0.00462	0.03634	0.00593	0.05247
18	0.11355	0.15547	0.52690	0.01625	0.02459	0.01703	0.01999	0.02047	0.01348	0.02103	0.01104	0.01294	0.00821	0.00613	0.00564	0.00197	0.00870	0.00448	0.00295	0.00919
19	0.01564	0.01636	0.07832	0.17142	0.37766	0.01553	0.13179	0.02004	0.01461	0.04766	0.01275	0.01676	0.01005	0.00628	0.00729	0.00209	0.03684	0.00613	0.00335	0.00943
20	0.12379	0.06461	0.19150	0.01288	0.01896	0.01241	0.05184	0.01777	0.01337	0.02159	0.01359	0.08301	0.01211	0.00693	0.00556	0.00165	0.00649	0.00566	0.00375	0.33252

[dist]
# distance from previous block
# <min> <max>
0	1

[block]
# block no. 2 follows, 33 sequences, length 26
# corresponding to MSA columns:
# 87-112
name=unknown_C
#
# <colnr> <probs for GDERKNQSTAVLIFYWHMCP>
#	G	D	E	R	K	N	Q	S	T	A	V	L	I	F	Y	W	H	M	C	P
0	0.09592	0.17346	0.04295	0.01432	0.08642	0.07992	0.01093	0.06856	0.01543	0.07302	0.03660	0.01654	0.01232	0.04148	0.03305	0.00214	0.00711	0.00502	0.00415	0.18068
1	0.12204	0.03357	0.15944	0.04696	0.07661	0.02646	0.01248	0.01939	0.03556	0.12845	0.05969	0.06755	0.05382	0.07093	0.05656	0.00298	0.00732	0.00732	0.00471	0.00813
2	0.09062	0.21507	0.03744	0.01470	0.06467	0.14814	0.01166	0.17019	0.04353	0.02423	0.03480	0.01652	0.04274	0.00719	0.00561	0.00175	0.00742	0.00522	0.00436	0.05413
3	0.01261	0.00938	0.01195	0.03485	0.02735	0.00936	0.02207	0.10120	0.03093	0.04531	0.09800	0.23029	0.08024	0.10356	0.03089	0.00296	0.01939	0.04925	0.00558	0.07482
4	0.11510	0.08817	0.01909	0.01496	0.05150	0.08768	0.04172	0.21436	0.09981	0.10079	0.01653	0.01843	0.01275	0.01059	0.05937	0.00260	0.00793	0.02403	0.00526	0.00935
5	0.16274	0.07195	0.14711	0.03592	0.01940	0.05447	0.01276	0.15675	0.09322	0.09321	0.05237	0.04241	0.01468	0.00787	0.00601	0.00202	0.00689	0.00601	0.00507	0.00916
6	0.05257	0.00764	0.00858	0.00799	0.00964	0.00702	0.00536	0.01146	0.01194	0.01714	0.06997	0.13106	0.10135	0.36595	0.01917	0.00398	0.00518	0.01002	0.00469	0.14927
7	0.00960	0.00723	0.00878	0.00930	0.01060	0.00704	0.00673	0.03197	0.06987	0.01979	0.12923	0.38184	0.14911	0.05934	0.00949	0.00271	0.00419	0.07093	0.00620	0.00605
8	0.01379	0.08446	0.58633	0.01712	0.02582	0.01548	0.02124	0.04387	0.01465	0.02145	0.04316	0.01526	0.01090	0.00651	0.00611	0.00197	0.00888	0.00506	0.00317	0.05477
9	0.01055	0.00670	0.00789	0.00776	0.00821	0.00659	0.00481	0.01109	0.01105	0.04810	0.07811	0.04436	0.02742	0.62990	0.02880	0.00564	0.00607	0.04775	0.00456	0.00462
10	0.01538	0.15121	0.24636	0.01448	0.01994	0.01536	0.03681	0.05596	0.03818	0.08558	0.05187	0.01893	0.01414	0.01566	0.15291	0.00369	0.04501	0.00587	0.00402	0.00865
11	0.02048	0.08901	0.03893	0.01598	0.07101	0.20251	0.03586	0.02374	0.04320	0.17936	0.04743	0.02045	0.01492	0.00793	0.00711	0.00190	0.05017	0.04145	0.00484	0.08372
12	0.33457	0.14157	0.18740	0.03131	0.04280	0.05159	0.03413	0.01954	0.01289	0.02284	0.01129	0.03677	0.00941	0.00800	0.02977	0.00224	0.00758	0.00476	0.00350	0.00805
13	0.01549	0.30639	0.37453	0.01791	0.08013	0.01951	0.04153	0.03916	0.01431	0.01948	0.01103	0.01303	0.00868	0.00601	0.00558	0.00182	0.00855	0.00457	0.00295	0.00932
14	0.04291	0.01636	0.04743	0.01254	0.01580	0.17006	0.01004	0.05351	0.22615	0.03925	0.16049	0.04224	0.06505	0.03546	0.03168	0.00247	0.00686	0.00793	0.00561	0.00817
15	0.01851	0.00871	0.01143	0.01002	0.01301	0.00775	0.00782	0.02068	0.01654	0.35160	0.12696	0.13810	0.10643	0.07140	0.00942	0.00256	0.00486	0.05898	0.00705	0.00816
16	0.01627	0.01383	0.01513	0.01347	0.01684	0.01606	0.01063	0.08076	0.55071	0.02738	0.06442	0.02630	0.02161	0.00962	0.00791	0.00228	0.05962	0.03087	0.00642	0.00986
17	0.00843	0.00590	0.00752	0.00865	0.00893	0.00562	0.00555	0.00927	0.01181	0.01575	0.03221	0.57527	0.03840	0.21671	0.01498	0.00365	0.00449	0.01632	0.00555	0.00499
18	0.02151	0.07571	0.01902	0.07019	0.08248	0.33716	0.01236	0.07801	0.01783	0.11427	0.03463	0.01790	0.01274	0.06838	0.00833	0.00219	0.00904	0.00555	0.00436	0.00834
19	0.00929	0.00694	0.00985	0.00985	0.01098	0.00779	0.00746	0.01131	0.01084	0.01520	0.02217	0.03105	0.07767	0.12988	0.59786	0.00938	0.01511	0.00793	0.00380	0.00563
20	0.02063	0.02241	0.06917	0.01536	0.01969	0.27105	0.01262	0.15597	0.29331	0.02566	0.01785	0.01772	0.01352	0.00779	0.00638	0.00199	0.00825	0.00585	0.00524	0.00954
21	0.00893	0.00630	0.00749	0.00781	0.00839	0.00599	0.00499	0.00988	0.01233	0.01643	0.13555	0.23477	0.11293	0.37590	0.02021	0.00430	0.00488	0.01279	0.00527	0.00485
22	0.01597	0.01306	0.01680	0.01484	0.04059	0.01451	0.06935	0.06063	0.36417	0.06810	0.10627	0.02587	0.02233	0.02881	0.05283	0.00282	0.06018	0.00773	0.00592	0.00922
23	0.02462	0.03044	0.01874	0.01683	0.02036	0.69000	0.01270	0.07543	0.01955	0.01795	0.01058	0.01216	0.00868	0.00686	0.00598	0.00172	0.01154	0.00436	0.00362	0.00789
24	0.06610	0.01959	0.01766	0.09413	0.07676	0.31319	0.04472	0.05011	0.01579	0.01851	0.01424	0.10408	0.01342	0.01091	0.03187	0.05683	0.03427	0.00671	0.00379	0.00734
25	0.01352	0.08768	0.68370	0.01822	0.02765	0.01607	0.02338	0.02077	0.01386	0.02046	0.01162	0.01366	0.00835	0.00621	0.00611	0.00204	0.00953	0.00477	0.00278	0.00964

[dist]
# distance from previous block
# <min> <max>
0	1

[block]
# block no. 3 follows, 33 sequences, length 33
# corresponding to MSA columns:
# 114-146
name=unknown_D
#
# <colnr> <probs for GDERKNQSTAVLIFYWHMCP>
#	G	D	E	R	K	N	Q	S	T	A	V	L	I	F	Y	W	H	M	C	P
0	0.01743	0.39564	0.23246	0.01424	0.02080	0.09976	0.01512	0.06722	0.01531	0.01912	0.01059	0.01215	0.00866	0.00606	0.00518	0.00165	0.00826	0.00417	0.00317	0.04300
1	0.03759	0.01457	0.08056	0.03263	0.01753	0.01374	0.03030	0.22656	0.08257	0.07994	0.15905	0.02700	0.02365	0.10637	0.01074	0.00264	0.03244	0.00766	0.00578	0.00866
2	0.02099	0.17085	0.02061	0.01449	0.01856	0.42140	0.01151	0.05975	0.05003	0.01846	0.01237	0.04599	0.01085	0.00713	0.00567	0.00165	0.00929	0.00495	0.00378	0.09167
3	0.00873	0.00671	0.00824	0.00806	0.00975	0.00621	0.00605	0.01115	0.01603	0.02149	0.37031	0.08278	0.28690	0.01965	0.10505	0.00328	0.00514	0.01226	0.00631	0.00590
4	0.02012	0.01867	0.04572	0.01546	0.04297	0.11918	0.01220	0.25836	0.31927	0.02995	0.02060	0.02003	0.03102	0.00825	0.00656	0.00206	0.00705	0.00648	0.00591	0.01015
5	0.00855	0.00653	0.00784	0.00788	0.00945	0.00583	0.00577	0.01079	0.01628	0.02165	0.37002	0.18281	0.29098	0.01587	0.00788	0.00223	0.00331	0.01383	0.00665	0.00583
6	0.01203	0.00977	0.01045	0.00990	0.01169	0.07065	0.00747	0.01532	0.06074	0.05144	0.31464	0.06389	0.11482	0.10102	0.04131	0.00302	0.03158	0.05777	0.00600	0.00647
7	0.53200	0.01280	0.01208	0.01005	0.01451	0.01386	0.00829	0.08164	0.01499	0.22325	0.01434	0.01434	0.00999	0.00682	0.00499	0.00203	0.00542	0.00461	0.00541	0.00860
8	0.00914	0.00667	0.00840	0.00817	0.00960	0.00616	0.00602	0.01167	0.01690	0.02331	0.51529	0.08643	0.13873	0.08569	0.01028	0.00256	0.00360	0.03881	0.00670	0.00587
9	0.39041	0.01586	0.01533	0.01246	0.01706	0.06528	0.04038	0.23292	0.03430	0.09871	0.01345	0.01408	0.00976	0.00694	0.00544	0.00201	0.00653	0.00490	0.00521	0.00895
10	0.81514	0.01273	0.00968	0.00866	0.01273	0.01477	0.00713	0.01935	0.01120	0.02954	0.00917	0.01069	0.00713	0.00611	0.00407	0.00204	0.00509	0.00356	0.00407	0.00713
11	0.02297	0.01998	0.04699	0.01548	0.01997	0.19704	0.04293	0.20960	0.13046	0.16134	0.01742	0.01739	0.01258	0.00785	0.00728	0.00202	0.04733	0.00591	0.00562	0.00982
12	0.00823	0.00659	0.00736	0.00737	0.00922	0.00572	0.00545	0.01024	0.01576	0.02007	0.24548	0.13164	0.47130	0.01619	0.00784	0.00223	0.00332	0.01384	0.00643	0.00572
13	0.00858	0.00651	0.00825	0.00881	0.01010	0.00617	0.00653	0.01050	0.01405	0.01847	0.14047	0.28775	0.23483	0.02278	0.12353	0.00373	0.00594	0.07147	0.00586	0.00568
14	0.01895	0.23643	0.12309	0.07712	0.02169	0.04340	0.01364	0.13624	0.14898	0.09456	0.01587	0.01635	0.01188	0.00708	0.00586	0.00189	0.00728	0.00537	0.00472	0.00960
15	0.01290	0.01027	0.04457	0.01074	0.01311	0.04290	0.00872	0.01599	0.04746	0.09587	0.05245	0.09079	0.09040	0.10588	0.21218	0.00500	0.00905	0.08959	0.00509	0.03703
16	0.04777	0.01446	0.07610	0.03710	0.01776	0.03632	0.01077	0.04499	0.07420	0.04533	0.06252	0.02035	0.01542	0.00754	0.00718	0.00170	0.07104	0.03854	0.00448	0.36643
17	0.04238	0.19321	0.08069	0.01437	0.01932	0.10012	0.02848	0.22804	0.08949	0.05220	0.04395	0.01635	0.01298	0.00753	0.00666	0.00190	0.04259	0.00549	0.00483	0.00941
18	0.63587	0.01473	0.01366	0.01218	0.04144	0.06420	0.06415	0.04827	0.01301	0.02815	0.00996	0.01176	0.00774	0.00618	0.00469	0.00202	0.00622	0.00413	0.00404	0.00759
19	0.01351	0.07427	0.14751	0.07612	0.02274	0.04603	0.14606	0.04266	0.03369	0.01887	0.01672	0.02165	0.04258	0.05152	0.21208	0.00460	0.01136	0.00668	0.00358	0.00776
20	0.01321	0.01580	0.13171	0.01288	0.01681	0.10611	0.05731	0.01635	0.01493	0.04312	0.08049	0.15698	0.12014	0.03436	0.02556	0.00241	0.00692	0.04069	0.00479	0.09944
21	0.01568	0.00821	0.01043	0.00903	0.01193	0.00721	0.00707	0.01824	0.01781	0.25957	0.32888	0.04375	0.21062	0.01248	0.00739	0.00210	0.00399	0.01063	0.00727	0.00771
22	0.02840	0.01146	0.01524	0.01186	0.01683	0.01025	0.00974	0.03233	0.07887	0.67143	0.02604	0.02259	0.01662	0.00822	0.00663	0.00205	0.00557	0.00669	0.00802	0.01114
23	0.02316	0.10983	0.02158	0.01764	0.05146	0.55127	0.03897	0.07579	0.01872	0.01836	0.01070	0.01244	0.00882	0.00666	0.00589	0.00172	0.01079	0.00449	0.00356	0.00816
24	0.00815	0.00664	0.00722	0.00717	0.00915	0.00570	0.00534	0.01014	0.01575	0.01977	0.22033	0.09274	0.53676	0.01610	0.00781	0.00221	0.00330	0.01365	0.00638	0.00570
25	0.02006	0.01589	0.01699	0.01390	0.01849	0.01760	0.01116	0.33624	0.35117	0.03336	0.02064	0.01975	0.01526	0.00815	0.00650	0.00202	0.00610	0.00648	0.00643	0.07383
26	0.05326	0.01526	0.15889	0.11367	0.04589	0.01155	0.01315	0.05061	0.01561	0.23839	0.03972	0.06577	0.04431	0.07513	0.02767	0.00270	0.00710	0.00736	0.00525	0.00872
27	0.25832	0.01344	0.01661	0.03215	0.01851	0.01402	0.08690	0.10394	0.10114	0.23754	0.04161	0.01868	0.01408	0.00746	0.00603	0.00208	0.00620	0.00602	0.00588	0.00937
28	0.01980	0.12309	0.17452	0.04835	0.13292	0.14034	0.01591	0.11074	0.04322	0.10902	0.01405	0.01530	0.01049	0.00675	0.00609	0.00190	0.00841	0.00522	0.00425	0.00961
29	0.00922	0.00654	0.00781	0.00806	0.00924	0.00601	0.00563	0.01072	0.01395	0.03627	0.16877	0.22497	0.22608	0.19112	0.01392	0.00330	0.00429	0.04279	0.00588	0.00543
30	0.48258	0.07089	0.08790	0.01138	0.01622	0.04774	0.01032	0.09753	0.07690	0.02821	0.01179	0.01287	0.00901	0.00657	0.00490	0.00199	0.00625	0.00433	0.00433	0.00826
31	0.01439	0.04752	0.09401	0.01182	0.01794	0.04280	0.03344	0.01828	0.03431	0.02106	0.01203	0.01392	0.00979	0.00528	0.00519	0.00122	0.00602	0.00424	0.00377	0.60294
32	0.00929	0.00661	0.00805	0.00820	0.00954	0.00614	0.00583	0.01097	0.01406	0.04313	0.17047	0.22267	0.24559	0.12416	0.08168	0.00367	0.00528	0.01318	0.00585	0.00564

[dist]
# distance from previous block
# <min> <max>
0	1

[block]
# block no. 4 follows, 33 sequences, length 16
# corresponding to MSA columns:
# 148-163
name=unknown_E
#
# <colnr> <probs for GDERKNQSTAVLIFYWHMCP>
#	G	D	E	R	K	N	Q	S	T	A	V	L	I	F	Y	W	H	M	C	P
0	0.01343	0.01913	0.26167	0.06647	0.02105	0.04662	0.01486	0.04068	0.01429	0.04127	0.08545	0.04112	0.01701	0.03883	0.12691	0.00355	0.05947	0.00655	0.00391	0.07773
1	0.01114	0.00712	0.00915	0.00885	0.01070	0.00647	0.00674	0.01369	0.01697	0.09752	0.39913	0.15453	0.14877	0.01479	0.00785	0.00225	0.00375	0.06716	0.00692	0.00650
2	0.12378	0.07814	0.08712	0.01283	0.03427	0.06227	0.01112	0.02444	0.04640	0.28607	0.01934	0.05762	0.01495	0.00818	0.00606	0.00196	0.00640	0.03605	0.00558	0.07743
3	0.01012	0.00780	0.00938	0.00857	0.01073	0.00716	0.00639	0.01386	0.06782	0.02347	0.42813	0.06894	0.13803	0.06553	0.00917	0.00229	0.00375	0.01096	0.00639	0.10151
4	0.02459	0.03138	0.01866	0.01696	0.02035	0.74221	0.01272	0.02629	0.01866	0.01611	0.01018	0.01187	0.00848	0.00678	0.00594	0.00170	0.01187	0.00424	0.00339	0.00763
5	0.15697	0.14074	0.22018	0.04834	0.03891	0.01717	0.06381	0.05922	0.06170	0.07596	0.01316	0.01478	0.00989	0.00677	0.00653	0.00202	0.04577	0.00510	0.00395	0.00903
6	0.01878	0.01534	0.01624	0.01388	0.01804	0.01750	0.01100	0.22173	0.52501	0.03142	0.02373	0.02212	0.01762	0.00865	0.00667	0.00216	0.00578	0.00702	0.00667	0.01064
7	0.07668	0.01156	0.04884	0.01084	0.01439	0.01058	0.00900	0.10342	0.08045	0.18478	0.21166	0.09754	0.09055	0.01119	0.00698	0.00213	0.00492	0.00940	0.00666	0.00842
8	0.01831	0.01988	0.08255	0.08584	0.07473	0.21218	0.01338	0.10446	0.14311	0.04629	0.05574	0.05064	0.04730	0.00856	0.00658	0.00202	0.00797	0.00684	0.00484	0.00878
9	0.00931	0.00630	0.00737	0.00757	0.00774	0.00621	0.00448	0.00971	0.01070	0.01437	0.07305	0.15807	0.02975	0.59632	0.02770	0.00549	0.00574	0.01119	0.00456	0.00436
10	0.09530	0.01782	0.06401	0.15113	0.06183	0.09085	0.34722	0.02014	0.01478	0.02049	0.01318	0.04865	0.01073	0.00662	0.00690	0.00214	0.00964	0.00689	0.00343	0.00826
11	0.01681	0.01688	0.03388	0.02465	0.03050	0.01653	0.54333	0.04540	0.05247	0.07199	0.01465	0.01812	0.01090	0.00644	0.00863	0.00225	0.06610	0.00746	0.00392	0.00908
12	0.08151	0.08881	0.05171	0.07116	0.17994	0.01330	0.07466	0.01851	0.01470	0.09078	0.05721	0.08109	0.09443	0.00881	0.00647	0.00201	0.00656	0.00775	0.00450	0.04607
13	0.00855	0.00651	0.00787	0.00793	0.00947	0.00582	0.00579	0.01079	0.01623	0.02164	0.37014	0.19754	0.27589	0.01595	0.00790	0.00224	0.00332	0.01393	0.00665	0.00582
14	0.01713	0.07465	0.04583	0.06920	0.04486	0.14455	0.17831	0.02335	0.13516	0.04428	0.04590	0.01816	0.01367	0.00680	0.00642	0.00188	0.00830	0.00613	0.00423	0.11118
15	0.00853	0.00615	0.00770	0.00866	0.00935	0.00577	0.00592	0.00976	0.01281	0.01682	0.06746	0.45820	0.12734	0.15801	0.01299	0.00330	0.00437	0.06587	0.00577	0.00521

[dist]
# distance from previous block
# <min> <max>
0	1

[block]
# block no. 5 follows, 33 sequences, length 19
# corresponding to MSA columns:
# 165-183
name=unknown_F
#
# <colnr> <probs for GDERKNQSTAVLIFYWHMCP>
#	G	D	E	R	K	N	Q	S	T	A	V	L	I	F	Y	W	H	M	C	P
0	0.01679	0.15073	0.04634	0.03504	0.05050	0.21128	0.01108	0.02015	0.06026	0.05444	0.07710	0.07198	0.12653	0.00977	0.00682	0.00195	0.02931	0.00762	0.00457	0.00775
1	0.00832	0.00598	0.00795	0.00942	0.01001	0.00562	0.00660	0.00971	0.01300	0.01718	0.03724	0.65658	0.06815	0.02019	0.00846	0.00270	0.00407	0.09727	0.00611	0.00544
2	0.01569	0.05681	0.11180	0.01800	0.15753	0.07056	0.01329	0.01984	0.04179	0.03749	0.01243	0.01455	0.01006	0.00587	0.00603	0.00152	0.02879	0.00468	0.00371	0.36956
3	0.01393	0.14893	0.57034	0.01691	0.02570	0.01650	0.02103	0.02035	0.01380	0.02005	0.01139	0.01335	0.00846	0.00605	0.00583	0.00190	0.00894	0.00458	0.00287	0.06909
4	0.72065	0.10276	0.01262	0.00897	0.01322	0.01610	0.00762	0.01939	0.01146	0.02787	0.00916	0.01068	0.00729	0.00605	0.00409	0.00196	0.00532	0.00356	0.00393	0.00729
5	0.03590	0.18015	0.08958	0.10202	0.02410	0.06323	0.14326	0.08755	0.04497	0.03710	0.01813	0.05141	0.06228	0.00800	0.00639	0.00200	0.00801	0.02338	0.00409	0.00845
6	0.00938	0.00685	0.00972	0.00979	0.01067	0.00771	0.00722	0.01118	0.01045	0.01480	0.01907	0.05994	0.01919	0.20389	0.55890	0.00935	0.01463	0.00808	0.00373	0.00545
7	0.01101	0.00720	0.01006	0.00976	0.01098	0.00782	0.00725	0.01284	0.01131	0.07084	0.04788	0.03066	0.02009	0.21634	0.48616	0.00857	0.01342	0.00782	0.00415	0.00585
8	0.00829	0.00613	0.00777	0.00869	0.00964	0.00561	0.00611	0.00991	0.01410	0.01861	0.15001	0.49539	0.17067	0.01868	0.00822	0.00251	0.00371	0.04410	0.00629	0.00555
9	0.01456	0.01135	0.04951	0.01234	0.01556	0.01008	0.09062	0.11334	0.01699	0.11283	0.09105	0.19070	0.13535	0.09256	0.01024	0.00268	0.00582	0.01107	0.00582	0.00752
10	0.01365	0.01170	0.01365	0.00975	0.01560	0.00878	0.00780	0.01658	0.01365	0.02145	0.01170	0.01365	0.00975	0.00488	0.00488	0.00098	0.00488	0.00390	0.00390	0.80888
11	0.01246	0.08230	0.03305	0.05716	0.05629	0.06336	0.00982	0.03403	0.01444	0.01854	0.10967	0.12484	0.16853	0.08560	0.01131	0.00260	0.09473	0.00982	0.00473	0.00672
12	0.00835	0.00634	0.00770	0.00810	0.00943	0.00569	0.00579	0.01028	0.01527	0.02014	0.26308	0.31687	0.26485	0.01711	0.00800	0.00234	0.00344	0.01504	0.00647	0.00569
13	0.01158	0.00945	0.01187	0.01126	0.01213	0.04015	0.00850	0.01306	0.01137	0.04062	0.02113	0.12330	0.05412	0.17656	0.25983	0.00600	0.17001	0.00899	0.00410	0.00596
14	0.01216	0.00736	0.00952	0.00867	0.01078	0.00663	0.00661	0.01496	0.01806	0.13177	0.52449	0.07470	0.12209	0.01327	0.00762	0.00210	0.00353	0.01158	0.00722	0.00687
15	0.01463	0.04855	0.15579	0.01574	0.04719	0.05188	0.09452	0.10149	0.09482	0.02388	0.12889	0.08318	0.09147	0.00986	0.00698	0.00211	0.00694	0.00858	0.00504	0.00847
16	0.01575	0.07003	0.10920	0.12596	0.39976	0.06995	0.04284	0.01985	0.01480	0.01983	0.01409	0.01743	0.03885	0.00649	0.00639	0.00197	0.00835	0.00586	0.00326	0.00934
17	0.01565	0.22239	0.20474	0.01463	0.04636	0.06669	0.01402	0.05068	0.01464	0.05119	0.01638	0.09782	0.01564	0.06765	0.00871	0.00234	0.03096	0.04739	0.00392	0.00820
18	0.14924	0.29944	0.17991	0.01496	0.02105	0.08713	0.09293	0.02131	0.04335	0.02018	0.01104	0.01284	0.00887	0.00608	0.00531	0.00181	0.00814	0.00454	0.00329	0.00856

[dist]
# distance from previous block
# <min> <max>
0	19

[block]
# block no. 6 follows, 33 sequences, length 51
# corresponding to MSA columns:
# 203-253
name=unknown_G
#
# <colnr> <probs for GDERKNQSTAVLIFYWHMCP>
#	G	D	E	R	K	N	Q	S	T	A	V	L	I	F	Y	W	H	M	C	P
0	0.01436	0.02734	0.47781	0.05645	0.11267	0.01536	0.08837	0.05334	0.01496	0.02178	0.01221	0.01482	0.00898	0.00617	0.00640	0.00203	0.00923	0.00532	0.00314	0.04929
1	0.01323	0.04854	0.08349	0.01201	0.01580	0.01108	0.04084	0.01977	0.16493	0.05676	0.16869	0.14337	0.04238	0.01103	0.00694	0.00207	0.00532	0.03472	0.00567	0.11336
2	0.01037	0.00785	0.01099	0.01326	0.07533	0.00767	0.00976	0.01295	0.01470	0.01931	0.07253	0.15778	0.10334	0.05313	0.00975	0.00292	0.00551	0.40084	0.00579	0.00621
3	0.01502	0.01486	0.06837	0.35702	0.24593	0.01522	0.01791	0.04290	0.09637	0.04138	0.01422	0.01783	0.01086	0.00671	0.00656	0.00211	0.00799	0.00600	0.00373	0.00902
4	0.00901	0.00662	0.00845	0.00820	0.00970	0.00605	0.00607	0.01175	0.01760	0.02444	0.57937	0.12729	0.13178	0.01457	0.00783	0.00215	0.00321	0.01285	0.00700	0.00605
5	0.28401	0.01114	0.01199	0.01022	0.01418	0.01132	0.00831	0.02351	0.08330	0.26204	0.08674	0.02611	0.05868	0.00897	0.00603	0.00209	0.00504	0.04456	0.00620	0.03553
6	0.02116	0.01144	0.01375	0.01126	0.01531	0.01116	0.00905	0.12255	0.12400	0.33451	0.11124	0.03134	0.13355	0.01019	0.00694	0.00209	0.00513	0.00840	0.00728	0.00962
7	0.04742	0.01787	0.01830	0.10215	0.04206	0.18574	0.05674	0.10520	0.06504	0.04441	0.01334	0.01520	0.01036	0.00639	0.00592	0.00168	0.00782	0.00508	0.00426	0.24501
8	0.03768	0.01134	0.01313	0.00968	0.01511	0.00873	0.00767	0.01617	0.01351	0.02139	0.01325	0.06314	0.01190	0.00595	0.00508	0.00112	0.00481	0.00487	0.00405	0.73141
9	0.01684	0.01340	0.01420	0.01240	0.01561	0.03766	0.00958	0.24589	0.23023	0.02878	0.08986	0.14990	0.04052	0.05383	0.00856	0.00242	0.00569	0.00942	0.00634	0.00887
10	0.01213	0.00879	0.01132	0.03350	0.05288	0.00897	0.00836	0.10555	0.03736	0.04252	0.05383	0.41806	0.03272	0.08981	0.02692	0.00302	0.00536	0.03637	0.00578	0.00675
11	0.00847	0.00650	0.00752	0.00793	0.00931	0.00585	0.00572	0.01008	0.01420	0.01807	0.12684	0.21980	0.34922	0.11277	0.01129	0.00290	0.00403	0.06812	0.00597	0.00543
12	0.01614	0.06126	0.15246	0.12765	0.09296	0.05685	0.10126	0.10168	0.07653	0.03516	0.01483	0.01943	0.01208	0.09225	0.00953	0.00253	0.00841	0.00627	0.00398	0.00876
13	0.00826	0.00663	0.00736	0.00729	0.00921	0.00574	0.00543	0.01033	0.01596	0.02032	0.26255	0.09854	0.48738	0.01593	0.00781	0.00220	0.00329	0.01357	0.00645	0.00574
14	0.01504	0.01229	0.05741	0.01133	0.01428	0.06928	0.00941	0.09374	0.01769	0.11915	0.15002	0.18919	0.11133	0.01350	0.00752	0.00228	0.00556	0.08728	0.00620	0.00752
15	0.01647	0.01760	0.14334	0.01440	0.06569	0.05275	0.01238	0.08049	0.01596	0.07189	0.01303	0.01457	0.01005	0.00579	0.00556	0.00144	0.00659	0.00459	0.00416	0.44327
16	0.01391	0.01164	0.01473	0.01079	0.01630	0.00902	0.04690	0.01685	0.01386	0.04420	0.01386	0.06315	0.01218	0.00605	0.00533	0.00119	0.00518	0.00517	0.00415	0.68554
17	0.01444	0.01168	0.01347	0.01021	0.01535	0.00976	0.00811	0.05669	0.07418	0.04599	0.03869	0.04267	0.04800	0.00683	0.00552	0.00132	0.00490	0.00560	0.00470	0.58187
18	0.00959	0.00705	0.00931	0.01056	0.01198	0.00677	0.00871	0.01200	0.01462	0.01878	0.04080	0.21066	0.16110	0.01841	0.00872	0.00282	0.00513	0.43110	0.00608	0.00583
19	0.02446	0.01811	0.01945	0.01488	0.02018	0.01984	0.01228	0.67147	0.03010	0.04050	0.01560	0.01570	0.01112	0.00775	0.00650	0.00193	0.00713	0.00583	0.00645	0.05073
20	0.00902	0.00638	0.00721	0.00736	0.00793	0.00609	0.00454	0.00964	0.01146	0.01490	0.06571	0.12997	0.17065	0.49376	0.02416	0.00490	0.00531	0.01161	0.00482	0.00457
21	0.00947	0.00634	0.00721	0.00732	0.00734	0.00631	0.00414	0.00955	0.00978	0.01304	0.02181	0.09278	0.02528	0.71710	0.03178	0.00613	0.00621	0.01020	0.00414	0.00408
22	0.02319	0.18199	0.02194	0.01571	0.01965	0.56030	0.01241	0.05861	0.01819	0.01724	0.01025	0.01180	0.00861	0.00660	0.00562	0.00165	0.01066	0.00418	0.00343	0.00798
23	0.01294	0.01072	0.01266	0.00953	0.01442	0.00827	0.00739	0.01532	0.01313	0.02021	0.01391	0.06943	0.01297	0.04471	0.00754	0.03969	0.00491	0.00533	0.00401	0.67292
24	0.03944	0.01783	0.08889	0.04676	0.11997	0.01615	0.35522	0.12033	0.01728	0.05310	0.01399	0.01734	0.01054	0.00825	0.04247	0.00253	0.00985	0.00675	0.00396	0.00934
25	0.00957	0.00638	0.00718	0.00718	0.00718	0.00638	0.00399	0.00957	0.00957	0.01276	0.02074	0.04308	0.02393	0.76864	0.03351	0.00638	0.00638	0.00957	0.00399	0.00399
26	0.00822	0.00595	0.00782	0.00923	0.00984	0.00555	0.00641	0.00956	0.01299	0.01712	0.03836	0.65641	0.09221	0.02014	0.00842	0.00267	0.00397	0.07363	0.00611	0.00542
27	0.02158	0.01541	0.01679	0.01338	0.01748	0.01678	0.01065	0.52412	0.02593	0.06038	0.01851	0.07884	0.01579	0.12081	0.01069	0.00268	0.00679	0.00749	0.00622	0.00968
28	0.00894	0.00705	0.00810	0.00778	0.00974	0.00639	0.00585	0.01211	0.05003	0.02245	0.38550	0.05460	0.36813	0.01474	0.00772	0.00215	0.00331	0.01262	0.00669	0.00611
29	0.01418	0.01658	0.06752	0.02357	0.02955	0.01458	0.53705	0.01911	0.01515	0.02052	0.01935	0.06996	0.07465	0.00751	0.00763	0.00220	0.00964	0.00873	0.00375	0.03878
30	0.01053	0.00702	0.00855	0.00847	0.01012	0.00643	0.00612	0.01291	0.03648	0.08079	0.23199	0.24430	0.21777	0.07600	0.00987	0.00262	0.00390	0.01350	0.00645	0.00619
31	0.01094	0.00759	0.00904	0.00894	0.01064	0.00729	0.00650	0.01454	0.09169	0.07003	0.18162	0.22025	0.18631	0.10940	0.01098	0.00283	0.00424	0.03449	0.00629	0.00639
32	0.00837	0.00614	0.00751	0.00840	0.00918	0.00568	0.00570	0.00957	0.01289	0.01676	0.06307	0.44779	0.18207	0.14477	0.01248	0.00319	0.00421	0.04119	0.00579	0.00522
33	0.13267	0.00879	0.00989	0.00922	0.01161	0.00865	0.00691	0.06263	0.01521	0.13196	0.08910	0.22388	0.15452	0.06502	0.00952	0.03178	0.00462	0.01118	0.00599	0.00685
34	0.18312	0.01077	0.01248	0.01063	0.01429	0.01066	0.00843	0.08031	0.03488	0.31425	0.08593	0.16238	0.02334	0.01057	0.00654	0.00216	0.00507	0.00872	0.00668	0.00880
35	0.00843	0.00629	0.00787	0.00852	0.00967	0.00573	0.00610	0.01029	0.01483	0.01965	0.22128	0.38861	0.20088	0.01776	0.00813	0.00243	0.00363	0.04784	0.00640	0.00565
36	0.00851	0.00658	0.00735	0.00731	0.00910	0.00578	0.00538	0.01057	0.01566	0.02037	0.25112	0.10698	0.42900	0.03895	0.00847	0.00231	0.00339	0.01316	0.04430	0.00571
37	0.34932	0.01154	0.01215	0.01016	0.01427	0.01185	0.00832	0.06351	0.01617	0.28252	0.09521	0.02291	0.03774	0.00843	0.00581	0.00207	0.00517	0.02803	0.00616	0.00866
38	0.44636	0.01174	0.01163	0.00991	0.01391	0.01259	0.00807	0.04315	0.03711	0.21545	0.07018	0.01829	0.01491	0.00994	0.04908	0.00255	0.00589	0.00543	0.00553	0.00830
39	0.05250	0.00912	0.01069	0.00966	0.01222	0.00904	0.00731	0.04344	0.10936	0.15427	0.17075	0.10864	0.13748	0.09851	0.03486	0.00293	0.00506	0.01026	0.00639	0.00748
40	0.05721	0.01458	0.01572	0.01295	0.01691	0.01619	0.01038	0.37156	0.17320	0.03329	0.08724	0.02249	0.01880	0.03505	0.05525	0.00273	0.00681	0.00692	0.03314	0.00961
41	0.00940	0.00704	0.01051	0.01049	0.01168	0.00815	0.00815	0.01178	0.01091	0.01574	0.04663	0.02682	0.01833	0.04790	0.71239	0.01023	0.01704	0.00725	0.00368	0.00589
42	0.01104	0.00742	0.00988	0.00963	0.01093	0.00772	0.00704	0.03369	0.01210	0.05107	0.03934	0.12775	0.02280	0.19742	0.32347	0.03379	0.01053	0.02606	0.01963	0.03869
43	0.06923	0.00835	0.01005	0.00964	0.01141	0.00880	0.00714	0.01610	0.10478	0.06776	0.13413	0.10768	0.04872	0.16764	0.17921	0.00494	0.00777	0.02473	0.00536	0.00655
44	0.03385	0.00783	0.00931	0.00942	0.01077	0.00787	0.00690	0.05178	0.04054	0.04312	0.06588	0.18432	0.06983	0.25265	0.01591	0.00372	0.00532	0.14467	0.03037	0.00591
45	0.10413	0.01614	0.01547	0.03811	0.12829	0.20623	0.01118	0.02026	0.05095	0.06286	0.11980	0.04924	0.02028	0.03768	0.08852	0.00306	0.00856	0.00691	0.00458	0.00776
46	0.01452	0.01137	0.01467	0.06887	0.10438	0.01207	0.01042	0.18281	0.04108	0.02413	0.09299	0.08619	0.04383	0.13263	0.10244	0.00379	0.00762	0.00849	0.00506	0.03263
47	0.07431	0.01463	0.01852	0.16927	0.18322	0.05317	0.01388	0.13659	0.10397	0.04695	0.05505	0.01993	0.01471	0.03858	0.00750	0.00220	0.00714	0.00628	0.00467	0.02942
48	0.01632	0.01332	0.01695	0.09378	0.16141	0.04756	0.01218	0.06636	0.12359	0.08439	0.01901	0.11542	0.01670	0.02545	0.00707	0.00203	0.00637	0.00748	0.00492	0.15968
49	0.08166	0.03764	0.03888	0.04167	0.13008	0.13690	0.08845	0.12194	0.12431	0.02469	0.01436	0.01600	0.01115	0.00668	0.00615	0.00188	0.00788	0.00556	0.00440	0.09972
50	0.16814	0.06556	0.07588	0.04256	0.07756	0.01515	0.07343	0.09070	0.11100	0.09834	0.06152	0.01853	0.01472	0.00721	0.00603	0.00198	0.00662	0.00594	0.00493	0.05418

[dist]
# distance from previous block
# <min> <max>
3	19

[block]
# block no. 7 follows, 33 sequences, length 16
# corresponding to MSA columns:
# 273-288
name=unknown_H
#
# <colnr> <probs for GDERKNQSTAVLIFYWHMCP>
#	G	D	E	R	K	N	Q	S	T	A	V	L	I	F	Y	W	H	M	C	P
0	0.04509	0.01372	0.01900	0.05598	0.06497	0.05404	0.12552	0.06708	0.09033	0.17926	0.13362	0.02510	0.04459	0.00841	0.00683	0.00203	0.00672	0.00750	0.00570	0.04451
1	0.06844	0.01584	0.04664	0.04589	0.18971	0.07196	0.01328	0.11496	0.06798	0.10006	0.01742	0.06016	0.03067	0.00794	0.00684	0.00196	0.03328	0.00647	0.00481	0.09571
2	0.01668	0.01329	0.04119	0.08571	0.17852	0.01264	0.01273	0.07323	0.11120	0.11906	0.09246	0.02403	0.06022	0.00810	0.00653	0.00192	0.00610	0.00697	0.00526	0.12417
3	0.06243	0.05509	0.06365	0.08927	0.22075	0.01357	0.04403	0.02147	0.05671	0.13620	0.08153	0.02093	0.03018	0.00733	0.00634	0.00194	0.00671	0.00641	0.00469	0.07078
4	0.01676	0.01680	0.08309	0.04502	0.25446	0.03880	0.04394	0.14961	0.07761	0.02569	0.07369	0.02027	0.03326	0.00738	0.00653	0.00193	0.00717	0.00646	0.00459	0.08694
5	0.01295	0.21402	0.01633	0.00957	0.01259	0.03961	0.00791	0.03895	0.01627	0.03612	0.28049	0.08433	0.12975	0.03838	0.00755	0.00205	0.00494	0.00943	0.00545	0.03332
6	0.01721	0.39082	0.05093	0.01441	0.07926	0.02036	0.01190	0.11154	0.09801	0.02157	0.01692	0.01764	0.06405	0.00714	0.00540	0.00169	0.00661	0.00535	0.00412	0.05506
7	0.01866	0.02460	0.28474	0.01952	0.08435	0.07225	0.05909	0.25498	0.04961	0.02774	0.01373	0.01529	0.01010	0.00704	0.00690	0.00204	0.02938	0.00557	0.00436	0.01004
8	0.09235	0.06851	0.20575	0.01521	0.02139	0.04404	0.01490	0.35467	0.06845	0.03161	0.01428	0.01496	0.01041	0.00720	0.00611	0.00198	0.00771	0.00533	0.00503	0.01010
9	0.01128	0.00577	0.00846	0.00846	0.00846	0.00577	0.00558	0.00866	0.00866	0.01154	0.01220	0.02190	0.01246	0.08389	0.02637	0.74283	0.00577	0.00603	0.00295	0.00295
10	0.00802	0.00573	0.00764	0.00917	0.00955	0.00535	0.00611	0.00917	0.01260	0.01681	0.03628	0.76434	0.04354	0.02062	0.00840	0.00267	0.00382	0.01872	0.00611	0.00535
11	0.01365	0.01170	0.01365	0.00975	0.01560	0.00878	0.00780	0.01658	0.01365	0.02145	0.01170	0.01365	0.00975	0.00488	0.00488	0.00098	0.00488	0.00390	0.00390	0.80888
12	0.01645	0.23851	0.38188	0.01751	0.06196	0.01843	0.04466	0.06842	0.01533	0.06134	0.01223	0.01385	0.00920	0.00625	0.00580	0.00188	0.00851	0.00482	0.00341	0.00956
13	0.01763	0.02015	0.05891	0.01686	0.02123	0.23073	0.15517	0.05427	0.18961	0.02199	0.05576	0.02359	0.08780	0.00841	0.00683	0.00204	0.00845	0.00723	0.00477	0.00856
14	0.01199	0.01086	0.01554	0.01405	0.01462	0.01440	0.01142	0.01387	0.01032	0.01557	0.01298	0.01993	0.01241	0.02979	0.36959	0.00660	0.39991	0.00638	0.00319	0.00656
15	0.01567	0.01392	0.02255	0.08070	0.44851	0.01430	0.04114	0.02022	0.06371	0.06135	0.01915	0.05400	0.06668	0.00797	0.00742	0.00210	0.03982	0.00726	0.00408	0.00947

[dist]
# distance from previous block
# <min> <max>
0	7

# created by:
# /home/berkeley/.conda/envs/busco_data_prod/bin/msa2prfl.pl pipeline/OGs_align_augustus/4893/11791.fs
