[name]
unknown

[dist]
# distance from previous block
# <min> <max>
0	5

[block]
# block no. 0 follows, 34 sequences, length 69
# corresponding to MSA columns:
# 5-73
name=unknown_A
#
# <colnr> <probs for GDERKNQSTAVLIFYWHMCP>
#	G	D	E	R	K	N	Q	S	T	A	V	L	I	F	Y	W	H	M	C	P
0	0.01287	0.08101	0.05520	0.03526	0.10499	0.04732	0.01258	0.01660	0.03835	0.01931	0.02519	0.04896	0.02602	0.01303	0.00760	0.00247	0.00673	0.40899	0.00489	0.03261
1	0.00894	0.00610	0.00730	0.00766	0.00804	0.00588	0.00478	0.00939	0.01112	0.01473	0.07049	0.23225	0.09246	0.42027	0.02227	0.05196	0.00511	0.01202	0.00477	0.00446
2	0.01801	0.67192	0.03190	0.01248	0.03693	0.10618	0.01146	0.02008	0.01375	0.01544	0.00918	0.01067	0.00835	0.00566	0.00440	0.00143	0.00746	0.00360	0.00284	0.00826
3	0.01209	0.00951	0.01144	0.00929	0.01326	0.00754	0.00711	0.01451	0.01378	0.04478	0.07990	0.19837	0.04307	0.00963	0.00599	0.00152	0.00437	0.00834	0.00483	0.50066
4	0.05636	0.37951	0.11719	0.07521	0.02080	0.09202	0.01322	0.07824	0.05387	0.04226	0.01163	0.01303	0.00934	0.00626	0.00515	0.00170	0.00764	0.00439	0.00356	0.00863
5	0.01750	0.10621	0.08364	0.01556	0.06782	0.01709	0.04012	0.22602	0.21975	0.02740	0.02245	0.02226	0.08931	0.00832	0.00636	0.00199	0.00652	0.00677	0.00533	0.00959
6	0.00787	0.00562	0.00750	0.00900	0.00937	0.00525	0.00600	0.00900	0.01237	0.01649	0.03561	0.76871	0.04274	0.02024	0.00825	0.00262	0.00375	0.01837	0.00600	0.00525
7	0.01340	0.01148	0.01340	0.00957	0.01531	0.00861	0.00766	0.01627	0.01340	0.02105	0.01148	0.01340	0.00957	0.00479	0.00479	0.00096	0.00479	0.00383	0.00383	0.81242
8	0.00941	0.00711	0.01041	0.01032	0.01133	0.00831	0.00792	0.01149	0.01028	0.01480	0.01728	0.02646	0.01653	0.10969	0.66143	0.00978	0.04122	0.00709	0.00348	0.00565
9	0.00925	0.00683	0.00991	0.00991	0.01090	0.00782	0.00748	0.01123	0.01024	0.01465	0.01774	0.02779	0.01720	0.15149	0.64572	0.00980	0.01574	0.00727	0.00353	0.00551
10	0.02007	0.47263	0.02752	0.01334	0.01797	0.31971	0.01164	0.02198	0.01524	0.01545	0.00939	0.01089	0.00830	0.00599	0.00483	0.00150	0.00884	0.00374	0.00299	0.00797
11	0.01365	0.01132	0.01346	0.03105	0.01603	0.00872	0.00796	0.01651	0.01350	0.04055	0.01249	0.03309	0.01057	0.00532	0.00497	0.00106	0.00489	0.00433	0.00397	0.74657
12	0.01782	0.01432	0.09850	0.11979	0.04276	0.01263	0.05378	0.10159	0.06658	0.20249	0.08270	0.07135	0.04696	0.00905	0.00719	0.00212	0.02819	0.00770	0.00554	0.00895
13	0.01347	0.01190	0.04058	0.01944	0.22819	0.01125	0.03896	0.05599	0.07886	0.04430	0.26552	0.05062	0.07323	0.02978	0.00769	0.00215	0.00555	0.00890	0.00541	0.00821
14	0.04672	0.28536	0.28053	0.01417	0.02022	0.07523	0.01530	0.02016	0.04725	0.01913	0.07057	0.01562	0.01313	0.00693	0.00623	0.00183	0.04481	0.00496	0.00339	0.00848
15	0.01346	0.04040	0.08218	0.55814	0.08358	0.05495	0.01779	0.01825	0.03666	0.01741	0.01186	0.01653	0.00902	0.00644	0.00632	0.00208	0.00863	0.00555	0.00302	0.00773
16	0.01561	0.01496	0.02554	0.11174	0.66351	0.01525	0.01964	0.01950	0.01453	0.02065	0.01209	0.01612	0.01007	0.00583	0.00640	0.00194	0.00777	0.00576	0.00317	0.00993
17	0.00887	0.00678	0.00816	0.00778	0.00957	0.00617	0.00585	0.01191	0.03636	0.02337	0.50785	0.05185	0.26365	0.01405	0.00760	0.00208	0.00317	0.01216	0.00676	0.00601
18	0.02899	0.01100	0.01499	0.01150	0.01649	0.00950	0.00950	0.03149	0.01849	0.73709	0.02549	0.02199	0.01599	0.00800	0.00650	0.00200	0.00550	0.00650	0.00800	0.01100
19	0.00850	0.00624	0.00797	0.00826	0.00944	0.00571	0.00592	0.01068	0.01570	0.02146	0.39640	0.31280	0.13469	0.01615	0.00785	0.00227	0.00333	0.01436	0.00657	0.00571
20	0.00853	0.00658	0.00778	0.00748	0.00927	0.00583	0.00561	0.01100	0.01683	0.02244	0.45688	0.05398	0.33546	0.01450	0.00763	0.00209	0.00314	0.01249	0.00666	0.00583
21	0.01607	0.01388	0.01461	0.01315	0.01680	0.01607	0.01023	0.03433	0.72094	0.02703	0.02630	0.02411	0.01972	0.00877	0.00657	0.00219	0.00511	0.00731	0.00657	0.01023
22	0.81856	0.01250	0.00950	0.00850	0.01250	0.01449	0.00700	0.01899	0.01100	0.02899	0.00900	0.01050	0.00700	0.00600	0.00400	0.00200	0.00500	0.00350	0.00400	0.00700
23	0.77455	0.01281	0.01005	0.00885	0.01291	0.01480	0.00729	0.05736	0.01207	0.02964	0.00936	0.01077	0.00722	0.00610	0.00414	0.00200	0.00512	0.00363	0.00414	0.00722
24	0.02244	0.02714	0.01809	0.01624	0.01938	0.58242	0.01238	0.04927	0.09199	0.01782	0.01176	0.01331	0.00963	0.00732	0.00725	0.00183	0.07544	0.00468	0.00373	0.00786
25	0.10728	0.01706	0.01784	0.01401	0.01890	0.01903	0.01151	0.56618	0.10181	0.03803	0.01597	0.01590	0.01150	0.00768	0.00622	0.00197	0.00668	0.00573	0.00622	0.01049
26	0.81856	0.01250	0.00950	0.00850	0.01250	0.01449	0.00700	0.01899	0.01100	0.02899	0.00900	0.01050	0.00700	0.00600	0.00400	0.00200	0.00500	0.00350	0.00400	0.00700
27	0.00764	0.00655	0.00655	0.00655	0.00873	0.00545	0.00491	0.00927	0.01473	0.01745	0.06546	0.06218	0.73000	0.01636	0.00764	0.00218	0.00327	0.01364	0.00600	0.00545
28	0.81856	0.01250	0.00950	0.00850	0.01250	0.01449	0.00700	0.01899	0.01100	0.02899	0.00900	0.01050	0.00700	0.00600	0.00400	0.00200	0.00500	0.00350	0.00400	0.00700
29	0.01060	0.00602	0.00903	0.00903	0.00939	0.00638	0.00638	0.00939	0.00903	0.01240	0.01311	0.02142	0.01275	0.03053	0.24956	0.56298	0.00924	0.00602	0.00301	0.00373
30	0.00925	0.00684	0.00997	0.00997	0.01098	0.00785	0.00756	0.01127	0.01026	0.01469	0.01769	0.02748	0.01706	0.13839	0.65863	0.00987	0.01594	0.00723	0.00352	0.00554
31	0.01607	0.01388	0.01461	0.01315	0.01680	0.01607	0.01023	0.03433	0.72094	0.02703	0.02630	0.02411	0.01972	0.00877	0.00657	0.00219	0.00511	0.00731	0.00657	0.01023
32	0.01090	0.00801	0.00974	0.00895	0.01090	0.00798	0.00681	0.04985	0.10231	0.02668	0.57065	0.04241	0.05110	0.01209	0.00727	0.00202	0.00349	0.01056	0.05145	0.00683
33	0.00787	0.00562	0.00750	0.00900	0.00937	0.00525	0.00600	0.00900	0.01237	0.01649	0.03561	0.76871	0.04274	0.02024	0.00825	0.00262	0.00375	0.01837	0.00600	0.00525
34	0.01414	0.01414	0.01979	0.01696	0.01696	0.01979	0.01414	0.01555	0.00990	0.01555	0.00848	0.01414	0.00848	0.01131	0.02120	0.00283	0.76110	0.00565	0.00283	0.00707
35	0.00800	0.00571	0.00764	0.00914	0.00957	0.00536	0.00622	0.00922	0.01250	0.01664	0.03554	0.73400	0.04246	0.02012	0.00828	0.00264	0.00386	0.05183	0.00600	0.00528
36	0.00924	0.00689	0.01023	0.01023	0.01133	0.00799	0.00788	0.01144	0.01034	0.01488	0.01745	0.02618	0.01650	0.08259	0.71366	0.01019	0.01679	0.00704	0.00348	0.00568
37	0.00953	0.00687	0.00936	0.01077	0.01198	0.00670	0.00884	0.01190	0.01415	0.01842	0.03634	0.27167	0.07718	0.01845	0.00866	0.00283	0.00517	0.45949	0.00597	0.00572
38	0.01414	0.01414	0.01979	0.01696	0.01696	0.01979	0.01414	0.01555	0.00990	0.01555	0.00848	0.01414	0.00848	0.01131	0.02120	0.00283	0.76110	0.00565	0.00283	0.00707
39	0.81856	0.01250	0.00950	0.00850	0.01250	0.01449	0.00700	0.01899	0.01100	0.02899	0.00900	0.01050	0.00700	0.00600	0.00400	0.00200	0.00500	0.00350	0.00400	0.00700
40	0.00930	0.00638	0.00754	0.00753	0.00782	0.00648	0.00460	0.00978	0.01003	0.01350	0.04434	0.04091	0.05169	0.61757	0.13077	0.00654	0.00758	0.00929	0.00404	0.00430
41	0.01472	0.01025	0.01279	0.03759	0.07604	0.01047	0.00915	0.02201	0.22056	0.13040	0.21111	0.03440	0.12747	0.01047	0.00687	0.00207	0.00463	0.00896	0.04174	0.00832
42	0.00895	0.00660	0.00837	0.00792	0.00953	0.00601	0.00594	0.01182	0.01783	0.02482	0.64364	0.05006	0.14721	0.01362	0.00762	0.00205	0.00308	0.01194	0.00697	0.00601
43	0.00923	0.00692	0.01038	0.01038	0.01154	0.00808	0.00808	0.01154	0.01038	0.01500	0.01731	0.02538	0.01615	0.04846	0.74732	0.01038	0.01731	0.00692	0.00346	0.00577
44	0.00837	0.00652	0.00766	0.00790	0.00957	0.00581	0.00597	0.01046	0.01537	0.01982	0.23883	0.16327	0.37361	0.01623	0.00786	0.00229	0.00356	0.08494	0.00630	0.00565
45	0.17021	0.00793	0.00792	0.00728	0.00959	0.00813	0.00558	0.01745	0.01335	0.11499	0.01924	0.02267	0.01520	0.06979	0.00699	0.00205	0.00398	0.00587	0.48510	0.00667
46	0.81856	0.01250	0.00950	0.00850	0.01250	0.01449	0.00700	0.01899	0.01100	0.02899	0.00900	0.01050	0.00700	0.00600	0.00400	0.00200	0.00500	0.00350	0.00400	0.00700
47	0.01232	0.01150	0.01931	0.68042	0.08109	0.01407	0.01767	0.01654	0.01312	0.01690	0.01266	0.01993	0.01013	0.00699	0.00658	0.00218	0.00843	0.03983	0.00304	0.00729
48	0.02387	0.03023	0.01819	0.01653	0.01987	0.72261	0.01241	0.02609	0.04174	0.01619	0.01053	0.01207	0.00870	0.00673	0.00585	0.00168	0.01143	0.00427	0.00344	0.00758
49	0.02448	0.01741	0.01908	0.01470	0.01965	0.01924	0.01215	0.63299	0.02868	0.09146	0.01598	0.01594	0.01126	0.00792	0.00705	0.00198	0.03690	0.00586	0.00643	0.01083
50	0.01893	0.01803	0.01957	0.01630	0.01888	0.16127	0.05127	0.16159	0.06444	0.05383	0.03215	0.01606	0.01156	0.00908	0.01242	0.00228	0.31381	0.00582	0.00429	0.00840
51	0.01375	0.01307	0.02218	0.46382	0.32596	0.01476	0.01872	0.01787	0.01365	0.01839	0.01176	0.01672	0.00928	0.00617	0.00643	0.00206	0.00823	0.00575	0.00300	0.00843
52	0.00916	0.00684	0.00854	0.00807	0.00976	0.00633	0.00607	0.01251	0.04088	0.02477	0.61335	0.04942	0.15311	0.01350	0.00759	0.00206	0.00315	0.01181	0.00694	0.00614
53	0.02195	0.02390	0.01910	0.04642	0.04427	0.40719	0.01315	0.18799	0.01957	0.02195	0.01121	0.01333	0.00906	0.00760	0.00839	0.00194	0.12574	0.00490	0.00398	0.00834
54	0.01500	0.01578	0.07242	0.15405	0.48593	0.01557	0.01899	0.01943	0.03713	0.02002	0.01215	0.01614	0.00999	0.00648	0.00767	0.00205	0.07285	0.00573	0.00319	0.00941
55	0.02783	0.01105	0.01485	0.01146	0.01629	0.00974	0.00944	0.05711	0.01895	0.67438	0.06020	0.02305	0.01804	0.00825	0.00655	0.00200	0.00544	0.00673	0.00789	0.01075
56	0.00858	0.00700	0.00772	0.00803	0.01003	0.00632	0.00626	0.01123	0.04914	0.01820	0.05558	0.11478	0.51684	0.01655	0.00787	0.00236	0.00389	0.13783	0.00602	0.00576
57	0.01680	0.08477	0.02753	0.06616	0.44156	0.08040	0.12580	0.04300	0.01540	0.02048	0.01190	0.01538	0.00978	0.00587	0.00634	0.00190	0.00848	0.00571	0.00327	0.00947
58	0.05083	0.26159	0.34432	0.01559	0.04148	0.01817	0.03587	0.04772	0.04759	0.04078	0.01343	0.01477	0.02882	0.00643	0.00555	0.00184	0.00792	0.00486	0.00339	0.00906
59	0.00770	0.00652	0.00665	0.00668	0.00878	0.00547	0.00499	0.00936	0.01477	0.01771	0.08718	0.08533	0.68412	0.01639	0.00766	0.00219	0.00328	0.01373	0.00604	0.00547
60	0.01247	0.01256	0.05730	0.04427	0.24763	0.01152	0.05874	0.01752	0.09899	0.02050	0.06444	0.11043	0.17580	0.01073	0.00709	0.00215	0.00605	0.02897	0.00476	0.00809
61	0.01759	0.08188	0.09580	0.08817	0.21221	0.03801	0.10329	0.02235	0.05729	0.15215	0.03273	0.01927	0.03635	0.00694	0.00642	0.00197	0.00762	0.00627	0.00436	0.00933
62	0.01302	0.03297	0.71967	0.01866	0.02813	0.01504	0.04320	0.02047	0.01369	0.02047	0.01164	0.01375	0.00823	0.00612	0.00618	0.00205	0.00959	0.00485	0.00274	0.00953
63	0.02899	0.01100	0.01499	0.01150	0.01649	0.00950	0.00950	0.03149	0.01849	0.73709	0.02549	0.02199	0.01599	0.00800	0.00650	0.00200	0.00550	0.00650	0.00800	0.01100
64	0.01451	0.01674	0.15050	0.06349	0.34504	0.01361	0.04061	0.01995	0.07544	0.04502	0.06774	0.06150	0.01672	0.03202	0.00745	0.00217	0.00728	0.00705	0.00402	0.00915
65	0.01631	0.07953	0.02009	0.22313	0.19040	0.06530	0.01441	0.02117	0.08923	0.09812	0.06314	0.02048	0.03542	0.00751	0.00673	0.00200	0.02783	0.00631	0.00429	0.00862
66	0.01220	0.01148	0.01938	0.75739	0.04450	0.01436	0.01794	0.01651	0.01292	0.01651	0.01148	0.01723	0.00861	0.00646	0.00646	0.00215	0.00861	0.00574	0.00287	0.00718
67	0.01266	0.00889	0.01170	0.08417	0.01530	0.00934	0.02779	0.05178	0.07559	0.07546	0.08657	0.20793	0.08555	0.03571	0.04771	0.00273	0.03083	0.01041	0.11293	0.00694
68	0.04306	0.04057	0.14596	0.07799	0.07679	0.14254	0.05370	0.06446	0.01541	0.05585	0.01818	0.02038	0.08809	0.01053	0.05334	0.00255	0.07234	0.00623	0.00387	0.00816

[dist]
# distance from previous block
# <min> <max>
1	20

[block]
# block no. 1 follows, 34 sequences, length 84
# corresponding to MSA columns:
# 94-177
name=unknown_B
#
# <colnr> <probs for GDERKNQSTAVLIFYWHMCP>
#	G	D	E	R	K	N	Q	S	T	A	V	L	I	F	Y	W	H	M	C	P
0	0.08533	0.08771	0.13622	0.04442	0.14366	0.03837	0.01350	0.06977	0.05822	0.02184	0.01673	0.08441	0.03996	0.00932	0.03239	0.00218	0.00714	0.00648	0.00403	0.09831
1	0.01506	0.08634	0.09292	0.07787	0.06079	0.05218	0.01195	0.09813	0.04736	0.04274	0.06825	0.09857	0.04075	0.00883	0.00625	0.00185	0.00641	0.02545	0.00460	0.15371
2	0.04979	0.06590	0.12355	0.12265	0.12337	0.06354	0.01361	0.03769	0.06993	0.04645	0.04381	0.06762	0.12769	0.00908	0.00643	0.00203	0.00684	0.00755	0.00435	0.00812
3	0.01427	0.01235	0.01883	0.28853	0.05309	0.03093	0.09099	0.05533	0.01522	0.06856	0.09898	0.02429	0.07825	0.00851	0.00810	0.00211	0.07694	0.00724	0.00428	0.04319
4	0.01351	0.01173	0.01596	0.09785	0.07963	0.03391	0.03602	0.08348	0.01440	0.02022	0.06765	0.02288	0.03801	0.05649	0.15354	0.00388	0.12686	0.00671	0.04172	0.07554
5	0.00950	0.00692	0.00865	0.00910	0.00984	0.00701	0.00639	0.01180	0.05415	0.01756	0.12929	0.28845	0.03636	0.25172	0.01617	0.00369	0.02668	0.09588	0.00545	0.00539
6	0.81856	0.01250	0.00950	0.00850	0.01250	0.01449	0.00700	0.01899	0.01100	0.02899	0.00900	0.01050	0.00700	0.00600	0.00400	0.00200	0.00500	0.00350	0.00400	0.00700
7	0.02022	0.04805	0.22371	0.01751	0.06419	0.07010	0.03484	0.34677	0.03788	0.05365	0.01410	0.01503	0.01020	0.00700	0.00628	0.00194	0.00816	0.00543	0.00484	0.01012
8	0.00809	0.00595	0.00764	0.00889	0.00967	0.00550	0.00626	0.00948	0.01300	0.01693	0.04025	0.58646	0.15212	0.01938	0.00822	0.00259	0.00389	0.08435	0.00599	0.00535
9	0.01288	0.01432	0.07988	0.14151	0.09657	0.04187	0.03248	0.01573	0.01236	0.01708	0.01786	0.07981	0.07909	0.01282	0.06149	0.00292	0.26310	0.00744	0.00348	0.00731
10	0.00924	0.00688	0.01016	0.01016	0.01124	0.00796	0.00780	0.01140	0.01032	0.01484	0.01751	0.02651	0.01664	0.09662	0.69983	0.01011	0.01657	0.00709	0.00349	0.00565
11	0.00782	0.00601	0.00717	0.00802	0.00913	0.00536	0.00558	0.00921	0.01348	0.01719	0.07091	0.47082	0.30912	0.01850	0.00799	0.00243	0.00354	0.01631	0.00604	0.00536
12	0.01621	0.01442	0.01899	0.01578	0.01728	0.01847	0.01310	0.12616	0.01374	0.04389	0.01043	0.01455	0.00923	0.01004	0.01689	0.00249	0.54800	0.00554	0.00366	0.08113
13	0.01164	0.00815	0.00941	0.00959	0.01148	0.02896	0.00732	0.03891	0.03351	0.08999	0.04115	0.30536	0.23265	0.01635	0.00783	0.00243	0.00455	0.12817	0.00614	0.00640
14	0.01727	0.77681	0.03386	0.01106	0.01658	0.02557	0.01106	0.01935	0.01313	0.01520	0.00898	0.01036	0.00829	0.00553	0.00415	0.00138	0.00691	0.00345	0.00276	0.00829
15	0.00787	0.00562	0.00750	0.00900	0.00937	0.00525	0.00600	0.00900	0.01237	0.01649	0.03561	0.76871	0.04274	0.02024	0.00825	0.00262	0.00375	0.01837	0.00600	0.00525
16	0.01902	0.01378	0.01572	0.03718	0.04347	0.01525	0.01089	0.10014	0.48361	0.15049	0.02412	0.02238	0.01753	0.00835	0.00654	0.00212	0.00558	0.00691	0.00657	0.01034
17	0.01738	0.66578	0.03381	0.01296	0.01859	0.02402	0.09253	0.01986	0.01353	0.03692	0.00994	0.01153	0.00869	0.00559	0.00462	0.00149	0.00733	0.00403	0.00298	0.00842
18	0.00787	0.00562	0.00750	0.00900	0.00937	0.00525	0.00600	0.00900	0.01237	0.01649	0.03561	0.76871	0.04274	0.02024	0.00825	0.00262	0.00375	0.01837	0.00600	0.00525
19	0.01676	0.01691	0.02397	0.11915	0.46629	0.10831	0.04065	0.04259	0.03970	0.02052	0.01230	0.01584	0.01008	0.00630	0.00687	0.00196	0.03334	0.00567	0.00339	0.00939
20	0.01980	0.01400	0.01484	0.01204	0.01594	0.01540	0.00973	0.42037	0.11237	0.03409	0.01851	0.01913	0.01373	0.00782	0.00590	0.00184	0.00565	0.00607	0.24336	0.00943
21	0.00914	0.00660	0.00864	0.00813	0.00965	0.00610	0.00610	0.01219	0.01829	0.02591	0.72921	0.04827	0.06097	0.01321	0.00762	0.00203	0.00305	0.01169	0.00711	0.00610
22	0.01336	0.10223	0.67413	0.01773	0.02691	0.01598	0.02269	0.02036	0.01359	0.01998	0.01135	0.01334	0.00819	0.00608	0.00595	0.00198	0.00930	0.00465	0.00273	0.00943
23	0.01396	0.01342	0.02298	0.40468	0.32562	0.01505	0.04719	0.01801	0.01364	0.01854	0.01171	0.01661	0.00932	0.00631	0.00703	0.00208	0.03650	0.00582	0.00302	0.00849
24	0.09025	0.01111	0.01457	0.01126	0.01618	0.00988	0.00930	0.03052	0.01791	0.68216	0.02421	0.02110	0.01530	0.00784	0.00630	0.00200	0.00546	0.00627	0.00769	0.01069
25	0.04372	0.01118	0.01350	0.01093	0.01502	0.01092	0.00885	0.10389	0.10892	0.40041	0.04649	0.02248	0.01726	0.00811	0.00613	0.00193	0.00510	0.00653	0.14890	0.00975
26	0.01674	0.01330	0.02110	0.02478	0.31409	0.01323	0.08979	0.08550	0.05789	0.11064	0.03967	0.14726	0.01855	0.00906	0.00691	0.00210	0.00675	0.00848	0.00490	0.00926
27	0.01645	0.01568	0.02438	0.06726	0.58731	0.03970	0.01836	0.04975	0.07650	0.02206	0.01342	0.01659	0.01095	0.00616	0.00640	0.00195	0.00760	0.00584	0.00362	0.01004
28	0.00863	0.00632	0.00713	0.00724	0.00816	0.00587	0.00473	0.00965	0.01251	0.01617	0.12201	0.13240	0.25567	0.35380	0.01896	0.00403	0.00463	0.01205	0.00520	0.00482
29	0.01200	0.01059	0.03792	0.18383	0.07676	0.01047	0.06775	0.03885	0.03323	0.04004	0.02606	0.24781	0.07364	0.01238	0.00734	0.00233	0.00628	0.07696	0.02868	0.00709
30	0.04436	0.01440	0.02104	0.12919	0.34888	0.01524	0.01572	0.17035	0.03723	0.06434	0.03405	0.04846	0.01335	0.00730	0.00646	0.00200	0.00712	0.00646	0.00447	0.00959
31	0.01133	0.00951	0.01526	0.08100	0.08291	0.00954	0.10250	0.05157	0.01449	0.01966	0.05036	0.37521	0.02983	0.01415	0.00766	0.00240	0.00584	0.07830	0.03171	0.00678
32	0.01275	0.03195	0.69923	0.01785	0.02696	0.01452	0.02289	0.02001	0.01390	0.02076	0.05108	0.01555	0.01109	0.00653	0.00622	0.00205	0.00919	0.00515	0.00297	0.00936
33	0.01702	0.16518	0.09122	0.05747	0.04122	0.06060	0.04164	0.09674	0.19187	0.04559	0.03441	0.01885	0.01397	0.00754	0.00659	0.00193	0.03528	0.02372	0.00459	0.04456
34	0.01659	0.01512	0.02305	0.05743	0.25804	0.01702	0.08943	0.10051	0.10448	0.03961	0.01379	0.01684	0.01110	0.00782	0.01029	0.00222	0.19724	0.00615	0.00402	0.00925
35	0.00789	0.00595	0.00730	0.00825	0.00921	0.00536	0.00570	0.00929	0.01343	0.01739	0.09040	0.52102	0.23804	0.01868	0.00803	0.00246	0.00357	0.01659	0.00607	0.00536
36	0.01714	0.74523	0.03328	0.01130	0.01660	0.02533	0.01118	0.01919	0.01299	0.01522	0.00896	0.01052	0.00830	0.00577	0.00485	0.00144	0.03814	0.00355	0.00277	0.00824
37	0.00898	0.00660	0.00841	0.00796	0.00955	0.00603	0.00597	0.01188	0.01791	0.02500	0.65764	0.04977	0.13311	0.01355	0.00762	0.00205	0.00307	0.01190	0.00699	0.00603
38	0.00787	0.00562	0.00750	0.00900	0.00937	0.00525	0.00600	0.00900	0.01237	0.01649	0.03561	0.76871	0.04274	0.02024	0.00825	0.00262	0.00375	0.01837	0.00600	0.00525
39	0.00783	0.00655	0.00681	0.00674	0.00884	0.00554	0.00506	0.00964	0.01517	0.01852	0.14878	0.06044	0.64601	0.01597	0.00763	0.00216	0.00324	0.01339	0.00614	0.00554
40	0.02414	0.03079	0.01831	0.01665	0.01998	0.74698	0.01248	0.02580	0.01831	0.01581	0.00999	0.01165	0.00832	0.00666	0.00583	0.00166	0.01165	0.00416	0.00333	0.00749
41	0.02414	0.03079	0.01831	0.01665	0.01998	0.74698	0.01248	0.02580	0.01831	0.01581	0.00999	0.01165	0.00832	0.00666	0.00583	0.00166	0.01165	0.00416	0.00333	0.00749
42	0.02899	0.01100	0.01499	0.01150	0.01649	0.00950	0.00950	0.03149	0.01849	0.73709	0.02549	0.02199	0.01599	0.00800	0.00650	0.00200	0.00550	0.00650	0.00800	0.01100
43	0.54796	0.01198	0.01138	0.00952	0.01387	0.01278	0.00785	0.02328	0.01357	0.27167	0.01465	0.01444	0.01008	0.00668	0.00486	0.00200	0.00517	0.00453	0.00537	0.00837
44	0.00964	0.00696	0.00845	0.00795	0.00985	0.00633	0.00600	0.01272	0.03815	0.04955	0.49215	0.05058	0.25003	0.01379	0.00755	0.00208	0.00326	0.01193	0.00681	0.00621
45	0.01018	0.00728	0.01013	0.01148	0.01291	0.00722	0.00987	0.01305	0.01496	0.01961	0.08038	0.11133	0.03908	0.01768	0.00880	0.00289	0.00563	0.60558	0.00603	0.00592
46	0.05789	0.01105	0.01479	0.01139	0.01635	0.00968	0.00941	0.03103	0.01822	0.71118	0.02489	0.02157	0.01567	0.00792	0.00641	0.00200	0.00548	0.00639	0.00785	0.01085
47	0.00888	0.00685	0.00899	0.00922	0.01056	0.00645	0.02655	0.01165	0.05125	0.01980	0.21491	0.38981	0.15495	0.01674	0.00791	0.00238	0.00385	0.03716	0.00623	0.00588
48	0.01340	0.01148	0.01340	0.00957	0.01531	0.00861	0.00766	0.01627	0.01340	0.02105	0.01148	0.01340	0.00957	0.00479	0.00479	0.00096	0.00479	0.00383	0.00383	0.81242
49	0.00910	0.00669	0.00962	0.00979	0.01071	0.00752	0.00730	0.01097	0.01048	0.01484	0.01975	0.11061	0.02008	0.14025	0.57115	0.00898	0.01435	0.00853	0.00380	0.00547
50	0.03668	0.05771	0.44964	0.01902	0.05193	0.01579	0.11652	0.10053	0.01571	0.02272	0.01316	0.04758	0.01031	0.00681	0.00635	0.00204	0.00889	0.00584	0.00344	0.00931
51	0.00891	0.00748	0.03146	0.01015	0.03627	0.00645	0.00750	0.01110	0.01454	0.01934	0.18337	0.33062	0.17646	0.01673	0.00797	0.00242	0.00415	0.11317	0.00602	0.00588
52	0.01607	0.01388	0.01461	0.01315	0.01680	0.01607	0.01023	0.03433	0.72094	0.02703	0.02630	0.02411	0.01972	0.00877	0.00657	0.00219	0.00511	0.00731	0.00657	0.01023
53	0.01550	0.01727	0.13133	0.07962	0.49317	0.01486	0.01910	0.01967	0.01438	0.05194	0.01421	0.01742	0.03379	0.00657	0.00710	0.00201	0.04310	0.00590	0.00339	0.00966
54	0.01727	0.77681	0.03386	0.01106	0.01658	0.02557	0.01106	0.01935	0.01313	0.01520	0.00898	0.01036	0.00829	0.00553	0.00415	0.00138	0.00691	0.00345	0.00276	0.00829
55	0.62849	0.04162	0.01219	0.04828	0.01542	0.12644	0.00854	0.01991	0.01228	0.02587	0.00927	0.01101	0.00733	0.00611	0.00441	0.00193	0.00626	0.00371	0.00380	0.00713
56	0.00928	0.00622	0.00708	0.00719	0.00722	0.00619	0.00407	0.00937	0.00962	0.01282	0.02149	0.09638	0.02492	0.71687	0.03105	0.00599	0.00608	0.01006	0.00407	0.00401
57	0.01315	0.06624	0.70830	0.01809	0.02746	0.01547	0.02331	0.02041	0.01362	0.02023	0.01148	0.01350	0.00819	0.00611	0.00605	0.00202	0.00943	0.00472	0.00273	0.00949
58	0.00861	0.00693	0.00772	0.00753	0.00950	0.00625	0.00564	0.01162	0.05469	0.02077	0.28383	0.08190	0.44178	0.01504	0.00760	0.00215	0.00332	0.01281	0.00640	0.00592
59	0.01525	0.01743	0.03813	0.02723	0.03377	0.01634	0.70915	0.02070	0.01525	0.02070	0.01307	0.01743	0.00980	0.00545	0.00763	0.00218	0.01089	0.00763	0.00327	0.00871
60	0.00863	0.00617	0.00837	0.00987	0.01058	0.00591	0.00732	0.01031	0.01312	0.01735	0.03519	0.55978	0.04107	0.01952	0.00845	0.00273	0.00441	0.21977	0.00598	0.00546
61	0.01525	0.01743	0.03813	0.02723	0.03377	0.01634	0.70915	0.02070	0.01525	0.02070	0.01307	0.01743	0.00980	0.00545	0.00763	0.00218	0.01089	0.00763	0.00327	0.00871
62	0.01650	0.01347	0.01442	0.01288	0.01653	0.01537	0.01004	0.03340	0.65937	0.06390	0.05133	0.02486	0.02100	0.00888	0.00661	0.00218	0.00506	0.00742	0.00667	0.01012
63	0.02388	0.05873	0.01889	0.01644	0.01985	0.71997	0.01243	0.02556	0.01812	0.01579	0.00995	0.01160	0.00832	0.00662	0.00576	0.00165	0.01147	0.00414	0.00331	0.00752
64	0.00923	0.00692	0.01038	0.01038	0.01154	0.00808	0.00808	0.01154	0.01038	0.01500	0.01731	0.02538	0.01615	0.04846	0.74732	0.01038	0.01731	0.00692	0.00346	0.00577
65	0.00824	0.00657	0.00738	0.00718	0.00910	0.00571	0.00538	0.01044	0.01615	0.02083	0.33043	0.05663	0.46292	0.01510	0.00763	0.00212	0.00318	0.01286	0.00644	0.00571
66	0.02650	0.01499	0.01747	0.01339	0.01849	0.01543	0.01106	0.41380	0.02518	0.34534	0.01988	0.01835	0.01318	0.00786	0.00648	0.00197	0.00640	0.00611	0.00713	0.01099
67	0.01409	0.01396	0.01936	0.01646	0.01685	0.01904	0.01370	0.01560	0.01013	0.01592	0.00868	0.01409	0.00856	0.01087	0.02010	0.00270	0.71005	0.00553	0.00289	0.06142
68	0.00940	0.00626	0.00705	0.00705	0.00705	0.00626	0.00392	0.00940	0.00940	0.01253	0.02036	0.04228	0.02349	0.77292	0.03289	0.00626	0.00626	0.00940	0.00392	0.00392
69	0.00792	0.00564	0.00748	0.00894	0.00930	0.00528	0.00594	0.00901	0.01228	0.01638	0.03517	0.74760	0.04218	0.04212	0.00896	0.00273	0.00382	0.01811	0.00594	0.00521
70	0.00823	0.00577	0.00739	0.00855	0.00883	0.00548	0.00552	0.00909	0.01168	0.01558	0.03208	0.60049	0.03828	0.19454	0.01395	0.00347	0.00433	0.01629	0.00552	0.00494
71	0.01887	0.01497	0.01597	0.01358	0.01770	0.01698	0.01078	0.22450	0.50437	0.05356	0.02324	0.02162	0.01715	0.00846	0.00654	0.00211	0.00569	0.00686	0.00659	0.01047
72	0.01004	0.00724	0.00994	0.01127	0.01273	0.00713	0.00966	0.01282	0.01481	0.01926	0.05919	0.11856	0.07784	0.01777	0.00876	0.00287	0.00555	0.58271	0.00599	0.00588
73	0.01278	0.01226	0.02138	0.58042	0.12972	0.01433	0.07462	0.01702	0.01332	0.01744	0.01253	0.04304	0.01010	0.00676	0.00661	0.00214	0.00851	0.00633	0.00305	0.00763
74	0.00791	0.00565	0.00753	0.00897	0.00938	0.00528	0.00600	0.00910	0.01256	0.01679	0.05770	0.74576	0.04332	0.02002	0.00823	0.00261	0.00373	0.01816	0.00603	0.00528
75	0.00787	0.00562	0.00750	0.00900	0.00937	0.00525	0.00600	0.00900	0.01237	0.01649	0.03561	0.76871	0.04274	0.02024	0.00825	0.00262	0.00375	0.01837	0.00600	0.00525
76	0.01340	0.01148	0.01340	0.00957	0.01531	0.00861	0.00766	0.01627	0.01340	0.02105	0.01148	0.01340	0.00957	0.00479	0.00479	0.00096	0.00479	0.00383	0.00383	0.81242
77	0.01066	0.00802	0.00930	0.00987	0.01097	0.04402	0.00701	0.05763	0.01383	0.03563	0.02988	0.53945	0.03387	0.02130	0.09749	0.00341	0.00602	0.01460	0.04107	0.00598
78	0.00808	0.00606	0.00750	0.00819	0.00927	0.00548	0.00574	0.00974	0.01421	0.01872	0.18934	0.43808	0.22050	0.01778	0.00796	0.00239	0.00348	0.01576	0.00623	0.00548
79	0.01467	0.01761	0.13110	0.17498	0.36599	0.01529	0.14724	0.01943	0.01430	0.02004	0.01211	0.01616	0.00954	0.00589	0.00660	0.00203	0.00873	0.00596	0.00308	0.00925
80	0.01689	0.01494	0.05974	0.20276	0.20308	0.06109	0.03554	0.03846	0.01515	0.13101	0.03855	0.01947	0.03607	0.00750	0.00767	0.00206	0.06984	0.00622	0.02527	0.00870
81	0.06847	0.00922	0.01036	0.02942	0.03279	0.00947	0.00731	0.09193	0.04245	0.14083	0.02011	0.02156	0.01499	0.00750	0.00519	0.00172	0.00433	0.00595	0.46871	0.00772
82	0.05401	0.06255	0.02005	0.16896	0.08869	0.15536	0.01432	0.04903	0.01371	0.01801	0.01037	0.01450	0.00892	0.00941	0.03546	0.00247	0.25810	0.00522	0.00320	0.00766
83	0.77085	0.01283	0.01009	0.00888	0.01295	0.01483	0.00732	0.06058	0.01216	0.02969	0.00939	0.01080	0.00724	0.00610	0.00415	0.00200	0.00513	0.00364	0.00415	0.00724

[dist]
# distance from previous block
# <min> <max>
0	2

[block]
# block no. 2 follows, 34 sequences, length 164
# corresponding to MSA columns:
# 180-343
name=unknown_C
#
# <colnr> <probs for GDERKNQSTAVLIFYWHMCP>
#	G	D	E	R	K	N	Q	S	T	A	V	L	I	F	Y	W	H	M	C	P
0	0.01220	0.01148	0.01938	0.75739	0.04450	0.01436	0.01794	0.01651	0.01292	0.01651	0.01148	0.01723	0.00861	0.00646	0.00646	0.00215	0.00861	0.00574	0.00287	0.00718
1	0.00842	0.00637	0.00779	0.00797	0.00941	0.00574	0.00584	0.01059	0.01571	0.02096	0.34668	0.22788	0.25319	0.01597	0.00781	0.00225	0.00336	0.03187	0.00648	0.00570
2	0.00794	0.00656	0.00697	0.00687	0.00892	0.00558	0.00515	0.00987	0.01545	0.01917	0.20018	0.05936	0.59420	0.01572	0.00763	0.00215	0.00323	0.01324	0.00623	0.00558
3	0.01968	0.01587	0.01654	0.01394	0.01809	0.04286	0.01122	0.32966	0.34302	0.03210	0.02155	0.02336	0.01673	0.00889	0.00667	0.00212	0.00628	0.05490	0.00637	0.01016
4	0.00891	0.00699	0.00826	0.00912	0.00991	0.03856	0.00631	0.01053	0.01409	0.01878	0.20536	0.55741	0.04569	0.01790	0.00798	0.00244	0.00393	0.01609	0.00615	0.00556
5	0.04724	0.01761	0.01873	0.01455	0.01956	0.01957	0.01197	0.63804	0.08357	0.03931	0.01616	0.01603	0.01155	0.00778	0.00640	0.00196	0.00689	0.00586	0.00640	0.01081
6	0.02456	0.01810	0.01939	0.01487	0.02004	0.02004	0.01228	0.71107	0.03038	0.04072	0.01551	0.01551	0.01099	0.00776	0.00646	0.00194	0.00711	0.00582	0.00646	0.01099
7	0.00824	0.00630	0.00756	0.00782	0.00924	0.00562	0.00565	0.01022	0.01529	0.02015	0.29035	0.26416	0.29327	0.01639	0.00781	0.00226	0.00333	0.01434	0.00639	0.00562
8	0.75578	0.01199	0.00923	0.00830	0.01211	0.01384	0.00680	0.01869	0.01119	0.02861	0.00994	0.01155	0.00774	0.00612	0.00404	0.00196	0.00484	0.00370	0.06665	0.00692
9	0.01414	0.01414	0.01979	0.01696	0.01696	0.01979	0.01414	0.01555	0.00990	0.01555	0.00848	0.01414	0.00848	0.01131	0.02120	0.00283	0.76110	0.00565	0.00283	0.00707
10	0.01721	0.01963	0.01965	0.05517	0.05774	0.29910	0.09267	0.01939	0.01454	0.01660	0.01464	0.07772	0.03740	0.04154	0.01112	0.00233	0.18603	0.00678	0.00351	0.00726
11	0.00790	0.00573	0.00739	0.00870	0.00923	0.00530	0.00582	0.00904	0.01249	0.01645	0.03794	0.67689	0.10754	0.04528	0.00902	0.00270	0.00379	0.01761	0.00593	0.00522
12	0.01270	0.02606	0.48040	0.01866	0.02649	0.01393	0.17185	0.01891	0.01415	0.02008	0.01962	0.02142	0.11178	0.00745	0.00668	0.00209	0.00895	0.00667	0.00331	0.00878
13	0.00938	0.00678	0.00903	0.00872	0.00928	0.00667	0.04236	0.01017	0.01085	0.01463	0.06307	0.18679	0.02844	0.50655	0.05549	0.00525	0.00629	0.01113	0.00446	0.00464
14	0.01415	0.01196	0.01705	0.12615	0.17207	0.01292	0.03171	0.09375	0.11069	0.02216	0.06273	0.03084	0.05322	0.06199	0.00980	0.03091	0.02680	0.09836	0.00472	0.00801
15	0.01131	0.01018	0.01230	0.01180	0.01303	0.08361	0.00924	0.01345	0.01112	0.01515	0.01552	0.02266	0.01445	0.03983	0.58613	0.00861	0.10564	0.00649	0.00337	0.00610
16	0.01143	0.00638	0.00816	0.00797	0.00842	0.00646	0.00528	0.03967	0.01038	0.01476	0.01530	0.02613	0.01526	0.21839	0.02337	0.44258	0.00546	0.00668	0.12397	0.00393
17	0.04628	0.04911	0.02077	0.02260	0.27055	0.11032	0.01396	0.17215	0.05197	0.07576	0.01391	0.01544	0.01075	0.00651	0.00601	0.00179	0.00736	0.00531	0.00450	0.09494
18	0.00860	0.00634	0.00829	0.00925	0.01024	0.00574	0.00647	0.01003	0.01265	0.01715	0.03310	0.64501	0.03903	0.01853	0.00795	0.00248	0.00400	0.06310	0.00578	0.08628
19	0.14727	0.17578	0.02043	0.01318	0.01794	0.11764	0.01109	0.32872	0.04388	0.04714	0.01299	0.01358	0.00985	0.00691	0.00552	0.00181	0.00724	0.00481	0.00493	0.00931
20	0.01568	0.01758	0.10939	0.05690	0.14275	0.01515	0.36502	0.06818	0.01593	0.04400	0.01509	0.01834	0.02989	0.00626	0.00693	0.00206	0.00907	0.00684	0.04595	0.00898
21	0.05285	0.11920	0.02380	0.01823	0.08013	0.03732	0.15939	0.13322	0.16151	0.02414	0.01679	0.04300	0.02789	0.00777	0.00750	0.00206	0.06502	0.00661	0.00454	0.00904
22	0.01032	0.00593	0.00774	0.00774	0.00774	0.00593	0.00478	0.00890	0.00890	0.01187	0.01572	0.03079	0.01726	0.39199	0.02901	0.41526	0.00593	0.00748	0.00335	0.00335
23	0.02183	0.25302	0.02320	0.01570	0.04139	0.50859	0.01229	0.02369	0.01665	0.01580	0.00976	0.01140	0.00837	0.00629	0.00534	0.00159	0.01011	0.00400	0.00316	0.00782
24	0.00927	0.00702	0.01017	0.01010	0.01121	0.00808	0.00777	0.01136	0.01054	0.01498	0.01989	0.02823	0.05476	0.09413	0.64382	0.00950	0.03248	0.00742	0.00361	0.00566
25	0.01338	0.01226	0.04283	0.22050	0.31054	0.01232	0.01515	0.01590	0.01257	0.01734	0.01247	0.01906	0.01102	0.07429	0.01203	0.14914	0.00740	0.00594	0.00311	0.03276
26	0.01340	0.01148	0.01340	0.00957	0.01531	0.00861	0.00766	0.01627	0.01340	0.02105	0.01148	0.01340	0.00957	0.00479	0.00479	0.00096	0.00479	0.00383	0.00383	0.81242
27	0.02295	0.16167	0.02112	0.01555	0.01938	0.57391	0.01222	0.06778	0.01816	0.01727	0.01016	0.01167	0.00849	0.00653	0.00557	0.00163	0.01053	0.00414	0.00343	0.00785
28	0.01069	0.00743	0.00931	0.00998	0.01175	0.00720	0.00825	0.01380	0.04429	0.04603	0.03935	0.08357	0.19507	0.04834	0.00912	0.00275	0.00501	0.37906	0.06292	0.00610
29	0.00824	0.00628	0.00724	0.00752	0.00880	0.00564	0.00524	0.00975	0.01397	0.01798	0.17045	0.23251	0.33065	0.13242	0.01165	0.00289	0.00381	0.01382	0.00588	0.00528
30	0.00939	0.00629	0.00719	0.00719	0.00724	0.00634	0.00409	0.00949	0.00944	0.01263	0.02023	0.04157	0.02318	0.74215	0.06323	0.00644	0.00673	0.00929	0.00390	0.00399
31	0.01550	0.01323	0.01419	0.01302	0.01646	0.01521	0.01025	0.03223	0.65010	0.02626	0.02709	0.02900	0.02148	0.00968	0.00681	0.00227	0.00520	0.07571	0.00651	0.00980
32	0.01122	0.00561	0.00842	0.00842	0.00842	0.00561	0.00561	0.00842	0.00842	0.01122	0.01122	0.01964	0.01122	0.02245	0.02525	0.81201	0.00561	0.00561	0.00281	0.00281
33	0.00949	0.00636	0.00776	0.00843	0.00905	0.00624	0.00589	0.01073	0.01183	0.01620	0.02815	0.21368	0.04941	0.33983	0.01853	0.00413	0.00521	0.15854	0.08564	0.00491
34	0.01220	0.01148	0.01938	0.75739	0.04450	0.01436	0.01794	0.01651	0.01292	0.01651	0.01148	0.01723	0.00861	0.00646	0.00646	0.00215	0.00861	0.00574	0.00287	0.00718
35	0.00923	0.00692	0.01038	0.01038	0.01154	0.00808	0.00808	0.01154	0.01038	0.01500	0.01731	0.02538	0.01615	0.04846	0.74732	0.01038	0.01731	0.00692	0.00346	0.00577
36	0.02899	0.01100	0.01499	0.01150	0.01649	0.00950	0.00950	0.03149	0.01849	0.73709	0.02549	0.02199	0.01599	0.00800	0.00650	0.00200	0.00550	0.00650	0.00800	0.01100
37	0.00974	0.00705	0.00954	0.01058	0.01201	0.00685	0.00884	0.01245	0.01520	0.02006	0.15676	0.13769	0.09050	0.01718	0.00854	0.00272	0.00504	0.45723	0.00616	0.00587
38	0.02677	0.01319	0.01618	0.01256	0.01750	0.01292	0.01032	0.22015	0.07550	0.48970	0.02279	0.02036	0.01489	0.00799	0.00649	0.00200	0.00592	0.00637	0.00746	0.01094
39	0.01600	0.01529	0.02571	0.03848	0.70067	0.01538	0.01940	0.02048	0.04623	0.02137	0.01279	0.01635	0.01066	0.00589	0.00640	0.00193	0.00756	0.00583	0.00335	0.01023
40	0.01578	0.01357	0.01436	0.01293	0.01650	0.01565	0.01005	0.03339	0.69094	0.02698	0.05631	0.02514	0.02148	0.00896	0.00662	0.00218	0.00503	0.00749	0.00660	0.01005
41	0.02849	0.01179	0.01549	0.01188	0.01689	0.01068	0.00981	0.10792	0.01983	0.65877	0.02437	0.02126	0.01543	0.00797	0.00649	0.00199	0.00568	0.00642	0.00782	0.01100
42	0.01835	0.01277	0.01436	0.01208	0.01546	0.01360	0.00952	0.39122	0.02303	0.06869	0.08397	0.22082	0.02439	0.01158	0.00695	0.00211	0.00556	0.00974	0.04702	0.00877
43	0.00764	0.00655	0.00655	0.00655	0.00873	0.00545	0.00491	0.00927	0.01473	0.01745	0.06546	0.06218	0.73000	0.01636	0.00764	0.00218	0.00327	0.01364	0.00600	0.00545
44	0.01520	0.01729	0.03735	0.02680	0.03306	0.01649	0.67990	0.02048	0.01503	0.02048	0.01288	0.01729	0.00975	0.00569	0.00820	0.00221	0.04247	0.00754	0.00325	0.00865
45	0.05319	0.00665	0.00743	0.00737	0.00783	0.00687	0.00454	0.01059	0.00992	0.01462	0.01950	0.03739	0.02130	0.59635	0.09996	0.00605	0.00702	0.00855	0.07043	0.00444
46	0.01691	0.01307	0.01423	0.01262	0.01626	0.01469	0.00986	0.03247	0.59898	0.09986	0.07607	0.02560	0.02227	0.00900	0.00664	0.00216	0.00501	0.00753	0.00676	0.01001
47	0.01599	0.01535	0.02623	0.03966	0.73262	0.01535	0.01983	0.01983	0.01471	0.02111	0.01215	0.01599	0.01023	0.00576	0.00640	0.00192	0.00768	0.00576	0.00320	0.01023
48	0.01019	0.00732	0.01012	0.01155	0.01302	0.00726	0.00999	0.01302	0.01476	0.01913	0.03559	0.10261	0.06659	0.01789	0.00884	0.00293	0.00574	0.63160	0.00595	0.00590
49	0.00839	0.00603	0.00807	0.00951	0.01018	0.00571	0.00688	0.00992	0.01297	0.01712	0.03637	0.59945	0.06571	0.01961	0.00837	0.00268	0.00419	0.15746	0.00599	0.00540
50	0.02816	0.01233	0.01582	0.01213	0.01716	0.01147	0.01002	0.15869	0.02072	0.60674	0.02362	0.02078	0.01506	0.00795	0.00649	0.00199	0.00580	0.00637	0.00771	0.01099
51	0.00764	0.00655	0.00655	0.00655	0.00873	0.00545	0.00491	0.00927	0.01473	0.01745	0.06546	0.06218	0.73000	0.01636	0.00764	0.00218	0.00327	0.01364	0.00600	0.00545
52	0.01599	0.01535	0.02623	0.03966	0.73262	0.01535	0.01983	0.01983	0.01471	0.02111	0.01215	0.01599	0.01023	0.00576	0.00640	0.00192	0.00768	0.00576	0.00320	0.01023
53	0.01528	0.01643	0.01554	0.01422	0.01572	0.24172	0.01118	0.01713	0.01271	0.01541	0.01250	0.01789	0.01152	0.02481	0.30861	0.00551	0.22821	0.00570	0.00324	0.00668
54	0.01396	0.01182	0.01370	0.00984	0.01555	0.00919	0.00789	0.05138	0.01426	0.02205	0.01169	0.01351	0.00964	0.00494	0.00487	0.00101	0.00490	0.00393	0.00396	0.77192
55	0.05091	0.55669	0.15321	0.01257	0.01856	0.06215	0.01315	0.02025	0.03102	0.01702	0.00992	0.01135	0.00850	0.00580	0.00463	0.00156	0.00750	0.00382	0.00294	0.00846
56	0.00863	0.00654	0.00795	0.00769	0.00936	0.00586	0.00573	0.01116	0.01693	0.02290	0.49520	0.08689	0.26257	0.01450	0.00766	0.00211	0.00315	0.01259	0.00672	0.00586
57	0.00806	0.00579	0.00769	0.00914	0.00966	0.00542	0.00630	0.00934	0.01264	0.01674	0.03651	0.69163	0.06551	0.01993	0.00828	0.00264	0.00390	0.06951	0.00599	0.00531
58	0.01240	0.00648	0.00657	0.00640	0.00798	0.00656	0.00478	0.04085	0.01400	0.02422	0.02084	0.02455	0.01665	0.04022	0.00580	0.00172	0.00330	0.00616	0.74441	0.00612
59	0.00865	0.00634	0.00816	0.00903	0.01009	0.00592	0.00671	0.01055	0.01423	0.01883	0.16619	0.36544	0.14424	0.04190	0.00897	0.00264	0.00409	0.15635	0.00613	0.00554
60	0.02499	0.01742	0.01897	0.01454	0.01970	0.01903	0.01201	0.64589	0.02924	0.10751	0.01647	0.01613	0.01147	0.00778	0.00647	0.00194	0.00696	0.00588	0.00661	0.01099
61	0.00848	0.00628	0.00791	0.00813	0.00940	0.00572	0.00586	0.01067	0.01579	0.02146	0.39440	0.27999	0.17009	0.01599	0.00782	0.00225	0.00331	0.01415	0.00657	0.00572
62	0.01405	0.01402	0.01977	0.05001	0.01819	0.01955	0.01431	0.01559	0.01003	0.01559	0.00862	0.01427	0.00849	0.01109	0.02055	0.00280	0.72752	0.00566	0.00283	0.00707
63	0.01340	0.01148	0.01340	0.00957	0.01531	0.00861	0.00766	0.01627	0.01340	0.02105	0.01148	0.01340	0.00957	0.00479	0.00479	0.00096	0.00479	0.00383	0.00383	0.81242
64	0.81856	0.01250	0.00950	0.00850	0.01250	0.01449	0.00700	0.01899	0.01100	0.02899	0.00900	0.01050	0.00700	0.00600	0.00400	0.00200	0.00500	0.00350	0.00400	0.00700
65	0.00807	0.00576	0.00772	0.00922	0.00968	0.00542	0.00634	0.00934	0.01257	0.01672	0.03550	0.71454	0.04230	0.02006	0.00830	0.00265	0.00392	0.07058	0.00599	0.00530
66	0.00919	0.00663	0.00870	0.00826	0.00978	0.00614	0.00625	0.01224	0.01817	0.02568	0.70481	0.04913	0.06013	0.01337	0.00767	0.00207	0.00315	0.03546	0.00707	0.00609
67	0.01041	0.00744	0.01041	0.01190	0.01339	0.00744	0.01041	0.01339	0.01487	0.01934	0.03421	0.07288	0.03719	0.01785	0.00892	0.00297	0.00595	0.68913	0.00595	0.00595
68	0.02335	0.02782	0.01924	0.01881	0.09316	0.59208	0.01322	0.10039	0.01927	0.01909	0.01082	0.01252	0.00881	0.00669	0.00595	0.00172	0.01075	0.00451	0.00366	0.00816
69	0.01607	0.01388	0.01461	0.01315	0.01680	0.01607	0.01023	0.03433	0.72094	0.02703	0.02630	0.02411	0.01972	0.00877	0.00657	0.00219	0.00511	0.00731	0.00657	0.01023
70	0.02336	0.02950	0.01843	0.01667	0.01974	0.69037	0.01261	0.02500	0.01766	0.01579	0.00987	0.01185	0.00834	0.00702	0.00702	0.00176	0.06999	0.00428	0.00329	0.00746
71	0.00786	0.00565	0.00747	0.00892	0.00935	0.00526	0.00596	0.00901	0.01245	0.01653	0.03660	0.74524	0.06557	0.02011	0.00823	0.00261	0.00373	0.01821	0.00600	0.00526
72	0.00940	0.00626	0.00705	0.00705	0.00705	0.00626	0.00392	0.00940	0.00940	0.01253	0.02036	0.04228	0.02349	0.77292	0.03289	0.00626	0.00626	0.00940	0.00392	0.00392
73	0.02456	0.01810	0.01939	0.01487	0.02004	0.02004	0.01228	0.71107	0.03038	0.04072	0.01551	0.01551	0.01099	0.00776	0.00646	0.00194	0.00711	0.00582	0.00646	0.01099
74	0.00924	0.00689	0.01024	0.01024	0.01135	0.00800	0.00790	0.01145	0.01034	0.01489	0.01744	0.02611	0.01647	0.07939	0.71681	0.01021	0.01684	0.00703	0.00348	0.00569
75	0.01131	0.00565	0.00818	0.00818	0.00833	0.00565	0.00550	0.00908	0.00893	0.01251	0.01221	0.02009	0.01176	0.02095	0.02317	0.73069	0.00535	0.00565	0.08367	0.00313
76	0.01607	0.01388	0.01461	0.01315	0.01680	0.01607	0.01023	0.03433	0.72094	0.02703	0.02630	0.02411	0.01972	0.00877	0.00657	0.00219	0.00511	0.00731	0.00657	0.01023
77	0.01220	0.01148	0.01938	0.75739	0.04450	0.01436	0.01794	0.01651	0.01292	0.01651	0.01148	0.01723	0.00861	0.00646	0.00646	0.00215	0.00861	0.00574	0.00287	0.00718
78	0.00787	0.00562	0.00750	0.00900	0.00937	0.00525	0.00600	0.00900	0.01237	0.01649	0.03561	0.76871	0.04274	0.02024	0.00825	0.00262	0.00375	0.01837	0.00600	0.00525
79	0.01340	0.01148	0.01340	0.00957	0.01531	0.00861	0.00766	0.01627	0.01340	0.02105	0.01148	0.01340	0.00957	0.00479	0.00479	0.00096	0.00479	0.00383	0.00383	0.81242
80	0.00786	0.00634	0.00678	0.00708	0.00869	0.00550	0.00502	0.00923	0.01373	0.01677	0.05504	0.19977	0.52333	0.09304	0.01029	0.00268	0.00367	0.01415	0.00579	0.00526
81	0.00890	0.00660	0.00830	0.00787	0.00950	0.00599	0.00591	0.01172	0.01772	0.02455	0.62212	0.05051	0.16891	0.01372	0.00762	0.00206	0.00308	0.01200	0.00693	0.00599
82	0.81856	0.01250	0.00950	0.00850	0.01250	0.01449	0.00700	0.01899	0.01100	0.02899	0.00900	0.01050	0.00700	0.00600	0.00400	0.00200	0.00500	0.00350	0.00400	0.00700
83	0.00788	0.00662	0.00689	0.00702	0.00914	0.00563	0.00540	0.00964	0.01474	0.01762	0.06269	0.06313	0.66860	0.01650	0.00775	0.00225	0.00351	0.07349	0.00600	0.00550
84	0.00919	0.00630	0.00699	0.00699	0.00725	0.00617	0.00403	0.00938	0.01003	0.01311	0.02571	0.04464	0.10727	0.68321	0.02989	0.00578	0.00591	0.00990	0.00416	0.00410
85	0.00940	0.00626	0.00705	0.00705	0.00705	0.00626	0.00392	0.00940	0.00940	0.01253	0.02036	0.04228	0.02349	0.77292	0.03289	0.00626	0.00626	0.00940	0.00392	0.00392
86	0.01122	0.00561	0.00842	0.00842	0.00842	0.00561	0.00561	0.00842	0.00842	0.01122	0.01122	0.01964	0.01122	0.02245	0.02525	0.81201	0.00561	0.00561	0.00281	0.00281
