[name]
unknown

[dist]
# distance from previous block
# <min> <max>
2	180

[block]
# block no. 0 follows, 34 sequences, length 17
# corresponding to MSA columns:
# 182-198
name=unknown_A
#
# <colnr> <probs for GDERKNQSTAVLIFYWHMCP>
#	G	D	E	R	K	N	Q	S	T	A	V	L	I	F	Y	W	H	M	C	P
0	0.07876	0.09774	0.01896	0.29847	0.06751	0.08253	0.01355	0.07388	0.04089	0.01986	0.01329	0.04919	0.01142	0.03932	0.00786	0.00219	0.04722	0.00594	0.02375	0.00765
1	0.01094	0.00689	0.00945	0.00940	0.01055	0.00725	0.00687	0.01262	0.01142	0.08121	0.02214	0.16353	0.02243	0.18026	0.37462	0.00704	0.01101	0.00941	0.03716	0.00580
2	0.01033	0.00695	0.00910	0.00869	0.01044	0.00642	0.00675	0.01326	0.01769	0.06442	0.56903	0.05056	0.09159	0.01366	0.00772	0.00215	0.00355	0.09441	0.00696	0.00632
3	0.02198	0.01539	0.01679	0.01337	0.01797	0.01668	0.01089	0.43838	0.15537	0.12129	0.02330	0.02217	0.07899	0.00876	0.00660	0.00202	0.00619	0.00689	0.00663	0.01034
4	0.01677	0.01842	0.05598	0.08296	0.18690	0.11047	0.24410	0.06042	0.08040	0.02126	0.01340	0.01653	0.01046	0.00651	0.00748	0.00207	0.04693	0.00626	0.00367	0.00900
5	0.01779	0.01388	0.01495	0.01311	0.01698	0.01572	0.01029	0.07676	0.61313	0.09284	0.02554	0.02337	0.01883	0.00863	0.00656	0.00216	0.00527	0.00714	0.00670	0.01035
6	0.06772	0.01804	0.01888	0.01469	0.01968	0.13699	0.07170	0.31757	0.02204	0.10299	0.01440	0.01509	0.01051	0.00683	0.00606	0.00177	0.00754	0.00532	0.00527	0.13693
7	0.01828	0.01240	0.01497	0.01326	0.04001	0.01290	0.03201	0.10063	0.29429	0.18398	0.02859	0.06294	0.09435	0.00985	0.00680	0.00213	0.00544	0.03150	0.00648	0.02916
8	0.06102	0.01830	0.01942	0.06261	0.16244	0.20078	0.03043	0.02349	0.15600	0.03650	0.01387	0.01612	0.01118	0.00774	0.00900	0.00211	0.15088	0.00558	0.00397	0.00857
9	0.04270	0.01843	0.08865	0.05966	0.26173	0.10371	0.11581	0.08452	0.03377	0.02216	0.01534	0.01784	0.04862	0.00668	0.00639	0.00192	0.00824	0.00603	0.00377	0.05405
10	0.01916	0.02056	0.04809	0.04311	0.12993	0.26109	0.01316	0.13918	0.14212	0.02314	0.01930	0.02004	0.07708	0.00793	0.00635	0.00192	0.00817	0.00618	0.00461	0.00887
11	0.01663	0.01445	0.06173	0.01242	0.01711	0.01363	0.01044	0.10524	0.33633	0.07279	0.06057	0.02106	0.01759	0.00771	0.00615	0.00183	0.00546	0.00631	0.00576	0.20680
12	0.01764	0.01173	0.01342	0.01175	0.01482	0.08326	0.03778	0.05094	0.07830	0.22820	0.13040	0.17148	0.06577	0.01184	0.00716	0.00217	0.00559	0.04320	0.00642	0.00813
13	0.01887	0.06908	0.04942	0.03630	0.01654	0.03335	0.03247	0.02242	0.05153	0.30776	0.10345	0.06214	0.10265	0.01027	0.00681	0.00208	0.00569	0.05425	0.00627	0.00864
14	0.07107	0.08400	0.01609	0.01227	0.01619	0.09797	0.01016	0.14030	0.07775	0.14305	0.04515	0.02871	0.03836	0.00949	0.00644	0.00203	0.00644	0.12893	0.00562	0.05997
15	0.01631	0.03635	0.01446	0.01301	0.05463	0.07787	0.02283	0.05948	0.09019	0.14038	0.15364	0.09553	0.02599	0.03638	0.07599	0.00290	0.00685	0.02318	0.00566	0.04838
16	0.01596	0.06445	0.06125	0.01377	0.05718	0.05218	0.01101	0.07503	0.14820	0.08067	0.04937	0.07633	0.01974	0.01061	0.02940	0.00223	0.00645	0.08766	0.00521	0.13331

[dist]
# distance from previous block
# <min> <max>
1	68

[block]
# block no. 1 follows, 34 sequences, length 64
# corresponding to MSA columns:
# 271-334
name=unknown_B
#
# <colnr> <probs for GDERKNQSTAVLIFYWHMCP>
#	G	D	E	R	K	N	Q	S	T	A	V	L	I	F	Y	W	H	M	C	P
0	0.10080	0.04854	0.05598	0.03479	0.06419	0.04931	0.05790	0.14736	0.04574	0.14325	0.04285	0.07777	0.01648	0.00874	0.00676	0.00205	0.02518	0.03829	0.00525	0.02877
1	0.06474	0.01506	0.05227	0.01218	0.03258	0.15355	0.00958	0.06720	0.04745	0.09304	0.06842	0.13124	0.14044	0.01177	0.02531	0.00221	0.00653	0.00878	0.00525	0.05239
2	0.04902	0.16632	0.11770	0.01283	0.01732	0.06860	0.02882	0.10510	0.01601	0.10438	0.04546	0.02087	0.05258	0.05267	0.08928	0.00304	0.03128	0.00609	0.00442	0.00823
3	0.05422	0.11962	0.12657	0.06605	0.04638	0.03361	0.11280	0.03962	0.01509	0.05734	0.14550	0.02082	0.01888	0.00779	0.00747	0.00197	0.06883	0.00646	0.00417	0.04682
4	0.01325	0.02550	0.07835	0.01160	0.01445	0.00901	0.06494	0.01575	0.01391	0.13086	0.07834	0.13044	0.09379	0.15930	0.04199	0.00337	0.02298	0.08008	0.00524	0.00684
5	0.01729	0.10243	0.07670	0.01623	0.09777	0.04910	0.07420	0.03845	0.04680	0.16564	0.12366	0.04644	0.05430	0.00856	0.00683	0.00195	0.02501	0.00729	0.00513	0.03624
6	0.01698	0.01169	0.01572	0.01401	0.08765	0.01027	0.04638	0.02143	0.08477	0.18747	0.05393	0.02236	0.07094	0.00735	0.00602	0.00163	0.00540	0.00632	0.00529	0.32439
7	0.01422	0.01166	0.01412	0.01118	0.05164	0.00899	0.00835	0.01712	0.01369	0.05262	0.01214	0.01391	0.00989	0.00498	0.00494	0.00105	0.00496	0.00404	0.00398	0.73653
8	0.02484	0.07728	0.01929	0.01431	0.01901	0.19875	0.01165	0.34472	0.02356	0.17989	0.01576	0.01553	0.01118	0.00737	0.00614	0.00184	0.00788	0.00537	0.00573	0.00992
9	0.02260	0.01640	0.01914	0.01480	0.01973	0.05608	0.06966	0.39644	0.05181	0.14716	0.01687	0.01721	0.01207	0.00944	0.04389	0.00232	0.00769	0.00597	0.00595	0.06477
10	0.04119	0.18071	0.01542	0.00974	0.01284	0.04963	0.00807	0.05391	0.07161	0.02202	0.25214	0.03663	0.18219	0.01107	0.00652	0.00193	0.00492	0.02682	0.00550	0.00713
11	0.03859	0.05494	0.08222	0.01428	0.01912	0.12776	0.06071	0.08463	0.07334	0.25437	0.01841	0.05526	0.01381	0.00787	0.00665	0.00195	0.02632	0.00630	0.00545	0.04803
12	0.01062	0.00881	0.01242	0.01164	0.01227	0.01101	0.00904	0.01228	0.01008	0.01473	0.01538	0.02517	0.01529	0.16253	0.42330	0.00758	0.22168	0.00700	0.00336	0.00581
13	0.00795	0.00566	0.00747	0.00890	0.00925	0.00530	0.00589	0.00902	0.01222	0.01629	0.03484	0.73197	0.04176	0.05831	0.00949	0.00281	0.00388	0.01791	0.00589	0.00518
14	0.01571	0.01521	0.02671	0.15505	0.46331	0.01561	0.13410	0.05708	0.01536	0.02135	0.01238	0.01641	0.00994	0.00593	0.00662	0.00200	0.00834	0.00607	0.00333	0.00952
15	0.01764	0.01557	0.01736	0.01458	0.01875	0.05244	0.06589	0.13792	0.49780	0.02790	0.02224	0.02125	0.01666	0.00810	0.00654	0.00208	0.00619	0.00682	0.00604	0.03822
16	0.00790	0.00572	0.00747	0.00879	0.00933	0.00529	0.00592	0.00913	0.01274	0.01689	0.06150	0.69304	0.09298	0.01972	0.00818	0.00257	0.00369	0.01780	0.00604	0.00529
17	0.02067	0.01586	0.01728	0.01322	0.01842	0.01647	0.01080	0.45587	0.08625	0.03398	0.01533	0.01567	0.01136	0.00701	0.00600	0.00168	0.00628	0.00539	0.00573	0.23673
18	0.01576	0.01472	0.02261	0.14972	0.42875	0.04972	0.04025	0.03567	0.05779	0.03848	0.03478	0.01967	0.01307	0.02607	0.00720	0.00211	0.00769	0.02299	0.00375	0.00920
19	0.05569	0.01502	0.02096	0.09330	0.27355	0.06917	0.06682	0.07949	0.01557	0.04343	0.01387	0.01973	0.01191	0.04384	0.00832	0.00218	0.04361	0.04186	0.00387	0.07780
20	0.01345	0.02872	0.54470	0.05597	0.03009	0.01528	0.18004	0.02033	0.01397	0.02033	0.01193	0.01468	0.00858	0.00600	0.00649	0.00208	0.00981	0.00547	0.00286	0.00924
21	0.00791	0.00565	0.00753	0.00897	0.00938	0.00527	0.00600	0.00909	0.01255	0.01678	0.05679	0.74671	0.04329	0.02003	0.00823	0.00261	0.00373	0.01816	0.00603	0.00527
22	0.00909	0.00616	0.00742	0.00765	0.00801	0.00598	0.00476	0.00966	0.01138	0.01532	0.12544	0.19054	0.05264	0.45260	0.02316	0.04424	0.00517	0.01149	0.00480	0.00449
23	0.02391	0.01755	0.02101	0.01590	0.02120	0.01894	0.08344	0.59434	0.02803	0.08585	0.01594	0.01615	0.01121	0.00754	0.00658	0.00197	0.00739	0.00605	0.00624	0.01076
24	0.00787	0.00562	0.00750	0.00900	0.00937	0.00525	0.00600	0.00900	0.01237	0.01649	0.03561	0.76871	0.04274	0.02024	0.00825	0.00262	0.00375	0.01837	0.00600	0.00525
25	0.51949	0.01232	0.01092	0.00954	0.01315	0.01392	0.00756	0.08810	0.08534	0.05901	0.01359	0.01698	0.01121	0.10538	0.00834	0.00256	0.00540	0.00501	0.00467	0.00750
26	0.01039	0.00669	0.00831	0.00849	0.00995	0.00635	0.00653	0.01282	0.01507	0.04633	0.24110	0.12055	0.10451	0.07531	0.00939	0.00255	0.00408	0.15204	0.15362	0.00590
27	0.00764	0.00655	0.00655	0.00655	0.00873	0.00545	0.00491	0.00927	0.01473	0.01745	0.06546	0.06218	0.73000	0.01636	0.00764	0.00218	0.00327	0.01364	0.00600	0.00545
28	0.73769	0.01307	0.01050	0.00915	0.01326	0.01506	0.00754	0.08948	0.01297	0.03018	0.00966	0.01101	0.00740	0.00618	0.00425	0.00199	0.00521	0.00373	0.00425	0.00740
29	0.00933	0.00619	0.00743	0.00791	0.00896	0.00587	0.00564	0.01124	0.01371	0.01956	0.15465	0.26590	0.11241	0.11084	0.01044	0.00272	0.00390	0.06147	0.17637	0.00547
30	0.01761	0.00847	0.01090	0.00940	0.01229	0.00776	0.00736	0.02090	0.04515	0.30585	0.26408	0.08632	0.03344	0.01062	0.00671	0.00199	0.00414	0.00909	0.12981	0.00812
31	0.01713	0.01441	0.01521	0.01336	0.01720	0.01657	0.01048	0.11861	0.63494	0.02873	0.02496	0.02304	0.01864	0.00864	0.00656	0.00216	0.00536	0.00712	0.00656	0.01032
32	0.01016	0.00815	0.00914	0.00927	0.01122	0.00810	0.00692	0.04208	0.14774	0.02000	0.04430	0.28410	0.29771	0.01595	0.00767	0.00237	0.00410	0.05835	0.00612	0.00654
33	0.02287	0.02662	0.01844	0.04892	0.02079	0.54493	0.01269	0.12491	0.04736	0.01990	0.01143	0.01307	0.00918	0.00712	0.00672	0.00180	0.04664	0.00467	0.00387	0.00807
34	0.01773	0.04184	0.02440	0.08368	0.52144	0.01583	0.01774	0.10725	0.01676	0.07156	0.01332	0.01623	0.01054	0.00620	0.00634	0.00192	0.00750	0.00573	0.00390	0.01010
35	0.04537	0.01077	0.01388	0.03710	0.04014	0.01072	0.04987	0.12738	0.01493	0.02129	0.01864	0.15622	0.01906	0.19043	0.03255	0.00315	0.02562	0.00854	0.00455	0.16980
36	0.01035	0.00771	0.00902	0.00910	0.01046	0.00776	0.00661	0.04081	0.09118	0.01895	0.10274	0.16560	0.13532	0.23713	0.01515	0.00354	0.00495	0.11217	0.00557	0.00585
37	0.00787	0.00562	0.00750	0.00900	0.00937	0.00525	0.00600	0.00900	0.01237	0.01649	0.03561	0.76871	0.04274	0.02024	0.00825	0.00262	0.00375	0.01837	0.00600	0.00525
38	0.02106	0.27636	0.04029	0.01640	0.06732	0.44244	0.01277	0.02314	0.01625	0.01608	0.00984	0.01157	0.00844	0.00621	0.00532	0.00160	0.00977	0.00405	0.00312	0.00799
39	0.01198	0.00883	0.01027	0.01013	0.01193	0.00919	0.00733	0.05809	0.19334	0.04944	0.07039	0.35926	0.06951	0.08710	0.00992	0.00274	0.00454	0.01288	0.00612	0.00701
40	0.01324	0.00739	0.00934	0.00843	0.01069	0.00671	0.00653	0.01602	0.01722	0.16211	0.40781	0.04212	0.11861	0.01191	0.00702	0.00200	0.00362	0.02801	0.11428	0.00696
41	0.00823	0.00695	0.00719	0.00725	0.00934	0.00615	0.00538	0.01094	0.06233	0.01800	0.05970	0.13300	0.61047	0.01625	0.00763	0.00223	0.00345	0.01370	0.00604	0.00576
42	0.03313	0.01470	0.02492	0.10451	0.53811	0.01496	0.06524	0.03730	0.01500	0.04013	0.01340	0.01850	0.01122	0.00640	0.00654	0.00201	0.00779	0.03302	0.00351	0.00964
43	0.00991	0.00656	0.00849	0.00893	0.01024	0.00604	0.00657	0.01186	0.01479	0.06808	0.21607	0.35764	0.12591	0.03315	0.00850	0.00249	0.00393	0.08853	0.00637	0.00593
44	0.00940	0.00626	0.00705	0.00705	0.00705	0.00626	0.00392	0.00940	0.00940	0.01253	0.02036	0.04228	0.02349	0.77292	0.03289	0.00626	0.00626	0.00940	0.00392	0.00392
45	0.01340	0.01148	0.01340	0.00957	0.01531	0.00861	0.00766	0.01627	0.01340	0.02105	0.01148	0.01340	0.00957	0.00479	0.00479	0.00096	0.00479	0.00383	0.00383	0.81242
46	0.00911	0.00672	0.00918	0.00918	0.01015	0.00737	0.00674	0.01078	0.01058	0.01464	0.02292	0.03325	0.09005	0.22298	0.49731	0.00854	0.01318	0.00821	0.00383	0.00528
47	0.00880	0.00659	0.00819	0.00798	0.00961	0.00598	0.00603	0.01143	0.01704	0.02323	0.51180	0.08442	0.21365	0.01447	0.00771	0.00214	0.00327	0.04501	0.00675	0.00590
48	0.01340	0.01148	0.01340	0.00957	0.01531	0.00861	0.00766	0.01627	0.01340	0.02105	0.01148	0.01340	0.00957	0.00479	0.00479	0.00096	0.00479	0.00383	0.00383	0.81242
49	0.01068	0.03868	0.01051	0.00958	0.01172	0.00876	0.00757	0.03921	0.11610	0.02163	0.19236	0.13573	0.21919	0.01459	0.00761	0.00231	0.00431	0.13660	0.00620	0.00665
50	0.01399	0.01060	0.01321	0.01055	0.01387	0.00980	0.04097	0.13074	0.01461	0.02071	0.01476	0.04121	0.01400	0.17558	0.01489	0.14062	0.00591	0.00624	0.00415	0.30360
51	0.01035	0.00664	0.00859	0.00884	0.01019	0.00612	0.00650	0.01208	0.01461	0.07593	0.21548	0.28831	0.13082	0.05216	0.00996	0.04350	0.00409	0.08381	0.00618	0.00584
52	0.00991	0.00695	0.00829	0.00823	0.01024	0.00619	0.00642	0.01215	0.01581	0.06864	0.22774	0.09208	0.36957	0.01540	0.00778	0.00227	0.00380	0.11606	0.00641	0.00606
53	0.01564	0.01508	0.02583	0.09764	0.60996	0.01535	0.05576	0.02018	0.04267	0.02094	0.01271	0.01649	0.01045	0.00592	0.00647	0.00196	0.00782	0.00592	0.00331	0.00990
54	0.00880	0.00610	0.00757	0.00834	0.00917	0.00571	0.00584	0.00972	0.01236	0.01620	0.03665	0.34464	0.18197	0.11289	0.01301	0.09315	0.00436	0.08128	0.03729	0.00495
55	0.00929	0.00659	0.00790	0.00847	0.00894	0.00660	0.00547	0.01117	0.06164	0.01545	0.02753	0.33747	0.03159	0.38239	0.02004	0.00436	0.00515	0.03991	0.00503	0.00499
56	0.00861	0.00658	0.00789	0.00756	0.00932	0.00587	0.00567	0.01115	0.01702	0.02290	0.49274	0.05322	0.29932	0.01433	0.00763	0.00209	0.00313	0.01238	0.00672	0.00587
57	0.02456	0.01810	0.01939	0.01487	0.02004	0.02004	0.01228	0.71107	0.03038	0.04072	0.01551	0.01551	0.01099	0.00776	0.00646	0.00194	0.00711	0.00582	0.00646	0.01099
58	0.02007	0.07975	0.02085	0.09762	0.15815	0.01676	0.01345	0.30604	0.02105	0.09054	0.01429	0.01567	0.01063	0.00672	0.00606	0.00180	0.00695	0.00543	0.00497	0.10321
59	0.00793	0.00567	0.00755	0.00895	0.00939	0.00529	0.00600	0.00915	0.01266	0.01696	0.06956	0.73345	0.04363	0.01990	0.00822	0.00260	0.00371	0.01804	0.00605	0.00529
60	0.00923	0.00692	0.01038	0.01038	0.01154	0.00808	0.00808	0.01154	0.01038	0.01500	0.01731	0.02538	0.01615	0.04846	0.74732	0.01038	0.01731	0.00692	0.00346	0.00577
61	0.01192	0.00605	0.00614	0.00612	0.00762	0.00603	0.00459	0.01493	0.01376	0.02417	0.05229	0.02515	0.01852	0.00778	0.00465	0.00153	0.00301	0.00627	0.77345	0.00603
62	0.77585	0.01213	0.00944	0.00849	0.01228	0.01402	0.00692	0.01843	0.01086	0.02805	0.00911	0.01098	0.00722	0.00687	0.00512	0.04486	0.00503	0.00361	0.00394	0.00678
63	0.77585	0.01213	0.00944	0.00849	0.01228	0.01402	0.00692	0.01843	0.01086	0.02805	0.00911	0.01098	0.00722	0.00687	0.00512	0.04486	0.00503	0.00361	0.00394	0.00678

[dist]
# distance from previous block
# <min> <max>
0	1

[block]
# block no. 2 follows, 34 sequences, length 33
# corresponding to MSA columns:
# 336-368
name=unknown_C
#
# <colnr> <probs for GDERKNQSTAVLIFYWHMCP>
#	G	D	E	R	K	N	Q	S	T	A	V	L	I	F	Y	W	H	M	C	P
0	0.01602	0.42764	0.19369	0.01308	0.01898	0.05544	0.01367	0.03880	0.07504	0.01828	0.01441	0.03638	0.04028	0.00693	0.00522	0.00170	0.00736	0.00504	0.00344	0.00858
1	0.02039	0.02294	0.01659	0.01502	0.01850	0.40769	0.01144	0.02976	0.34447	0.02102	0.01756	0.01743	0.01362	0.00764	0.00617	0.00191	0.00862	0.00562	0.00484	0.00876
2	0.01001	0.00743	0.00892	0.00869	0.01036	0.00680	0.00645	0.01164	0.01274	0.01713	0.07243	0.04895	0.12836	0.30440	0.01720	0.00375	0.00533	0.18500	0.00492	0.12950
3	0.01842	0.05284	0.15151	0.02244	0.20471	0.07584	0.09539	0.05570	0.04555	0.14476	0.01620	0.01986	0.01260	0.00718	0.00652	0.00202	0.00807	0.04645	0.00440	0.00953
4	0.01383	0.03146	0.66552	0.01861	0.02777	0.01483	0.06281	0.02098	0.01396	0.05351	0.01232	0.01425	0.00864	0.00618	0.00624	0.00205	0.00944	0.00502	0.00300	0.00957
5	0.01033	0.00687	0.00902	0.00833	0.01006	0.00630	0.00630	0.01334	0.01830	0.06826	0.68730	0.04670	0.05829	0.01290	0.00755	0.00203	0.00319	0.01138	0.00717	0.00639
6	0.01156	0.01030	0.01611	0.34251	0.14783	0.01141	0.01359	0.01521	0.03672	0.01830	0.07358	0.13090	0.10632	0.01043	0.00737	0.02105	0.00653	0.00897	0.00417	0.00713
7	0.01533	0.13088	0.37166	0.02060	0.12322	0.01725	0.08185	0.08016	0.04034	0.02169	0.01222	0.01440	0.00929	0.00631	0.00647	0.00196	0.02839	0.00519	0.00331	0.00948
8	0.01367	0.00948	0.01042	0.01068	0.05410	0.01028	0.00751	0.02223	0.27377	0.02458	0.02244	0.02426	0.01759	0.03508	0.00639	0.00195	0.00418	0.00660	0.43702	0.00775
9	0.71066	0.01183	0.00959	0.00868	0.01242	0.01346	0.00703	0.01873	0.01148	0.06199	0.01209	0.07643	0.01051	0.00732	0.00449	0.00205	0.00491	0.00493	0.00436	0.00704
10	0.01433	0.01897	0.21890	0.18577	0.28707	0.01443	0.06528	0.01920	0.01408	0.04302	0.01348	0.05213	0.01105	0.00676	0.00651	0.00206	0.00834	0.00624	0.00330	0.00907
11	0.01646	0.01725	0.07055	0.26412	0.05396	0.15696	0.08558	0.03407	0.01507	0.07733	0.01552	0.02129	0.03057	0.02925	0.00803	0.00222	0.04350	0.04663	0.00379	0.00785
12	0.00787	0.00562	0.00750	0.00900	0.00937	0.00525	0.00600	0.00900	0.01237	0.01649	0.03561	0.76871	0.04274	0.02024	0.00825	0.00262	0.00375	0.01837	0.00600	0.00525
13	0.01660	0.01697	0.03111	0.15712	0.03309	0.07842	0.46620	0.02127	0.01536	0.07873	0.01355	0.01727	0.00997	0.00595	0.00717	0.00211	0.01010	0.00689	0.00359	0.00852
14	0.06315	0.06985	0.13714	0.08750	0.36322	0.03186	0.01726	0.01980	0.03279	0.04336	0.03279	0.04744	0.01256	0.00685	0.00617	0.00196	0.00751	0.00602	0.00358	0.00919
15	0.01220	0.01148	0.01938	0.75739	0.04450	0.01436	0.01794	0.01651	0.01292	0.01651	0.01148	0.01723	0.00861	0.00646	0.00646	0.00215	0.00861	0.00574	0.00287	0.00718
16	0.81856	0.01250	0.00950	0.00850	0.01250	0.01449	0.00700	0.01899	0.01100	0.02899	0.00900	0.01050	0.00700	0.00600	0.00400	0.00200	0.00500	0.00350	0.00400	0.00700
17	0.00776	0.00655	0.00672	0.00668	0.00880	0.00551	0.00501	0.00951	0.01502	0.01815	0.12031	0.06103	0.67470	0.01610	0.00764	0.00217	0.00325	0.01348	0.00609	0.00551
18	0.08893	0.01992	0.01832	0.04957	0.03974	0.18151	0.01227	0.42182	0.05353	0.03197	0.01391	0.01468	0.01030	0.00729	0.00612	0.00190	0.00795	0.00531	0.00531	0.00965
19	0.02414	0.03079	0.01831	0.01665	0.01998	0.74698	0.01248	0.02580	0.01831	0.01581	0.00999	0.01165	0.00832	0.00666	0.00583	0.00166	0.01165	0.00416	0.00333	0.00749
20	0.01013	0.00733	0.01002	0.01132	0.01287	0.00722	0.00980	0.01299	0.01497	0.01938	0.05894	0.07118	0.09768	0.01757	0.00877	0.00288	0.00563	0.60940	0.00599	0.00591
21	0.01041	0.00744	0.01041	0.01190	0.01339	0.00744	0.01041	0.01339	0.01487	0.01934	0.03421	0.07288	0.03719	0.01785	0.00892	0.00297	0.00595	0.68913	0.00595	0.00595
22	0.00787	0.00562	0.00750	0.00900	0.00937	0.00525	0.00600	0.00900	0.01237	0.01649	0.03561	0.76871	0.04274	0.02024	0.00825	0.00262	0.00375	0.01837	0.00600	0.00525
23	0.02456	0.01810	0.01939	0.01487	0.02004	0.02004	0.01228	0.71107	0.03038	0.04072	0.01551	0.01551	0.01099	0.00776	0.00646	0.00194	0.00711	0.00582	0.00646	0.01099
24	0.00787	0.00562	0.00750	0.00900	0.00937	0.00525	0.00600	0.00900	0.01237	0.01649	0.03561	0.76871	0.04274	0.02024	0.00825	0.00262	0.00375	0.01837	0.00600	0.00525
25	0.01607	0.01388	0.01461	0.01315	0.01680	0.01607	0.01023	0.03433	0.72094	0.02703	0.02630	0.02411	0.01972	0.00877	0.00657	0.00219	0.00511	0.00731	0.00657	0.01023
26	0.00776	0.00655	0.00672	0.00668	0.00880	0.00551	0.00501	0.00951	0.01502	0.01815	0.12031	0.06103	0.67470	0.01610	0.00764	0.00217	0.00325	0.01348	0.00609	0.00551
27	0.01296	0.03342	0.73944	0.01842	0.02797	0.01501	0.02387	0.02046	0.01364	0.02046	0.01160	0.01364	0.00818	0.00614	0.00614	0.00205	0.00955	0.00477	0.00273	0.00955
28	0.01924	0.56326	0.02941	0.01266	0.01755	0.23208	0.01146	0.02120	0.01461	0.01538	0.00927	0.01073	0.00830	0.00585	0.00463	0.00146	0.00827	0.00366	0.00293	0.00806
29	0.02495	0.01474	0.01686	0.01310	0.01792	0.01539	0.01076	0.40416	0.05711	0.27915	0.01978	0.01865	0.01345	0.00787	0.00636	0.00195	0.00622	0.00613	0.05478	0.01066
30	0.01392	0.03320	0.67726	0.01826	0.02728	0.07813	0.02289	0.02092	0.01404	0.02006	0.01146	0.01347	0.00820	0.00618	0.00611	0.00201	0.00973	0.00472	0.00278	0.00937
31	0.75006	0.01407	0.01026	0.00920	0.01314	0.07766	0.00747	0.01958	0.01163	0.02785	0.00908	0.01060	0.00711	0.00605	0.00416	0.00197	0.00557	0.00356	0.00394	0.00704
32	0.04762	0.03411	0.01310	0.01140	0.01461	0.03161	0.00887	0.04526	0.43627	0.02470	0.07757	0.06637	0.14055	0.01059	0.00670	0.00215	0.00487	0.00879	0.00619	0.00868

[dist]
# distance from previous block
# <min> <max>
1	4

[block]
# block no. 3 follows, 34 sequences, length 29
# corresponding to MSA columns:
# 373-401
name=unknown_D
#
# <colnr> <probs for GDERKNQSTAVLIFYWHMCP>
#	G	D	E	R	K	N	Q	S	T	A	V	L	I	F	Y	W	H	M	C	P
0	0.05055	0.04565	0.01783	0.01517	0.01892	0.52295	0.01167	0.13163	0.01944	0.02046	0.01340	0.01458	0.04187	0.00714	0.00586	0.00171	0.00990	0.00480	0.00397	0.04251
1	0.01072	0.11401	0.01164	0.00817	0.01101	0.00954	0.00658	0.01430	0.08841	0.04401	0.11026	0.04843	0.47280	0.01351	0.00700	0.00205	0.00403	0.01115	0.00578	0.00659
2	0.01852	0.45798	0.02879	0.01373	0.01892	0.16102	0.07566	0.06152	0.01536	0.01781	0.01014	0.01181	0.00870	0.00581	0.00498	0.00151	0.00803	0.00415	0.00322	0.07234
3	0.00899	0.00748	0.00796	0.00768	0.00992	0.00692	0.00581	0.01300	0.10456	0.02028	0.18772	0.05471	0.51211	0.01480	0.00750	0.00215	0.00346	0.01246	0.00629	0.00618
4	0.07853	0.33579	0.02591	0.01472	0.01931	0.32850	0.07589	0.02217	0.01536	0.01698	0.00979	0.01157	0.00835	0.00603	0.00517	0.00162	0.00914	0.00414	0.00314	0.00790
5	0.01270	0.05054	0.05109	0.01641	0.07252	0.01468	0.04956	0.01573	0.04191	0.01699	0.01543	0.08942	0.01523	0.03834	0.16307	0.00419	0.29113	0.03032	0.00359	0.00716
6	0.00764	0.00655	0.00655	0.00655	0.00873	0.00545	0.00491	0.00927	0.01473	0.01745	0.06546	0.06218	0.73000	0.01636	0.00764	0.00218	0.00327	0.01364	0.00600	0.00545
7	0.00903	0.00680	0.00838	0.00795	0.00967	0.00625	0.00597	0.01223	0.03805	0.02419	0.57084	0.05045	0.19872	0.01373	0.00759	0.00207	0.00316	0.01196	0.00687	0.00608
8	0.01763	0.22709	0.15028	0.05486	0.08702	0.08000	0.07321	0.13992	0.03516	0.02196	0.01183	0.01391	0.00937	0.00654	0.00654	0.00186	0.04511	0.00503	0.00363	0.00906
9	0.01317	0.02903	0.56919	0.01970	0.02824	0.01482	0.15660	0.01998	0.01390	0.02033	0.01299	0.04903	0.01009	0.00665	0.00653	0.00210	0.00954	0.00595	0.00298	0.00919
10	0.01607	0.01388	0.01461	0.01315	0.01680	0.01607	0.01023	0.03433	0.72094	0.02703	0.02630	0.02411	0.01972	0.00877	0.00657	0.00219	0.00511	0.00731	0.00657	0.01023
11	0.00815	0.00689	0.00771	0.00848	0.04422	0.00595	0.00580	0.00992	0.01470	0.01800	0.09571	0.12448	0.59539	0.01603	0.00763	0.00220	0.00352	0.01358	0.00592	0.00570
12	0.03528	0.01643	0.04654	0.15408	0.19536	0.06778	0.09547	0.14865	0.03204	0.12309	0.01465	0.01678	0.01075	0.00667	0.00648	0.00200	0.00805	0.00592	0.00449	0.00947
13	0.02456	0.01810	0.01939	0.01487	0.02004	0.02004	0.01228	0.71107	0.03038	0.04072	0.01551	0.01551	0.01099	0.00776	0.00646	0.00194	0.00711	0.00582	0.00646	0.01099
14	0.00819	0.00636	0.00745	0.00761	0.00918	0.00562	0.00554	0.01018	0.01539	0.02005	0.27925	0.21388	0.35579	0.01617	0.00777	0.00223	0.00330	0.01404	0.00637	0.00562
15	0.01501	0.08552	0.02133	0.01751	0.05206	0.05628	0.01405	0.01662	0.01085	0.01580	0.00878	0.01375	0.00854	0.01027	0.01814	0.00259	0.61728	0.00538	0.00286	0.00736
16	0.07274	0.02500	0.31315	0.01732	0.05383	0.16679	0.04883	0.04015	0.08725	0.02084	0.01331	0.01549	0.01029	0.01041	0.07457	0.00275	0.00984	0.00522	0.00355	0.00869
17	0.00847	0.00658	0.00770	0.00742	0.00924	0.00581	0.00556	0.01088	0.01669	0.02211	0.43113	0.05452	0.36141	0.01463	0.00763	0.00210	0.00315	0.01256	0.00661	0.00581
18	0.00787	0.00562	0.00750	0.00900	0.00937	0.00525	0.00600	0.00900	0.01237	0.01649	0.03561	0.76871	0.04274	0.02024	0.00825	0.00262	0.00375	0.01837	0.00600	0.00525
19	0.01348	0.01236	0.02046	0.07823	0.47987	0.01243	0.01575	0.01666	0.01422	0.01995	0.05333	0.19601	0.02035	0.00961	0.00690	0.00211	0.00658	0.00904	0.00403	0.00865
20	0.01317	0.01123	0.01315	0.00949	0.01501	0.00848	0.00757	0.01605	0.01366	0.02131	0.04931	0.01524	0.01228	0.00523	0.00493	0.00101	0.00469	0.00424	0.00400	0.76993
21	0.02210	0.02492	0.01753	0.01569	0.01852	0.52462	0.01202	0.02382	0.01687	0.08274	0.03108	0.04422	0.01181	0.00817	0.00825	0.00191	0.11886	0.00536	0.00389	0.00763
22	0.00837	0.00633	0.00763	0.00845	0.00964	0.00580	0.00620	0.00990	0.01341	0.01700	0.04487	0.32633	0.28962	0.08408	0.01029	0.00284	0.00418	0.13392	0.00581	0.00533
23	0.00926	0.01070	0.11799	0.01074	0.01331	0.00748	0.04322	0.01207	0.01443	0.01964	0.19776	0.34794	0.14006	0.01520	0.00767	0.00231	0.00473	0.01356	0.00564	0.00629
24	0.05958	0.09370	0.26664	0.03846	0.07561	0.09377	0.06140	0.14736	0.03796	0.04749	0.01279	0.01440	0.00952	0.00650	0.00602	0.00193	0.00850	0.00513	0.00390	0.00934
25	0.01496	0.01666	0.03553	0.02749	0.09717	0.01571	0.61106	0.02005	0.01506	0.02053	0.01409	0.05402	0.01145	0.00620	0.00754	0.00218	0.01025	0.00798	0.00339	0.00869
26	0.00785	0.00570	0.00742	0.00880	0.00932	0.00526	0.00591	0.00902	0.01256	0.01657	0.03804	0.71115	0.09872	0.01993	0.00820	0.00259	0.00371	0.01798	0.00600	0.00526
27	0.01809	0.14723	0.35525	0.01651	0.05316	0.05010	0.01734	0.10221	0.03158	0.12845	0.01396	0.01480	0.01003	0.00657	0.00591	0.00190	0.00816	0.00501	0.00408	0.00968
28	0.05533	0.08128	0.02047	0.04117	0.21027	0.03572	0.01330	0.20321	0.13844	0.06146	0.03210	0.01735	0.01305	0.00706	0.00609	0.00189	0.00670	0.00578	0.00497	0.04434

[dist]
# distance from previous block
# <min> <max>
2	11

[block]
# block no. 4 follows, 34 sequences, length 28
# corresponding to MSA columns:
# 413-440
name=unknown_E
#
# <colnr> <probs for GDERKNQSTAVLIFYWHMCP>
#	G	D	E	R	K	N	Q	S	T	A	V	L	I	F	Y	W	H	M	C	P
0	0.00855	0.00653	0.00785	0.00764	0.00932	0.00583	0.00568	0.01100	0.01671	0.02245	0.46022	0.09661	0.28870	0.01471	0.00766	0.00212	0.00317	0.01276	0.00666	0.00583
1	0.02380	0.06731	0.01907	0.01637	0.01981	0.71167	0.01241	0.02549	0.01806	0.01578	0.00994	0.01159	0.00832	0.00660	0.00574	0.00165	0.01142	0.00413	0.00330	0.00753
2	0.01863	0.40891	0.11107	0.01302	0.01871	0.02164	0.01273	0.22930	0.03822	0.02429	0.03910	0.01413	0.01141	0.00666	0.00528	0.00168	0.00708	0.00475	0.00415	0.00923
3	0.00802	0.00656	0.00708	0.00695	0.00896	0.00562	0.00521	0.01002	0.01564	0.01962	0.23507	0.05863	0.55903	0.01556	0.00763	0.00214	0.00322	0.01314	0.00628	0.00562
4	0.02168	0.01101	0.01406	0.01055	0.01571	0.00898	0.00859	0.02435	0.01638	0.40994	0.05013	0.01957	0.01528	0.00689	0.00584	0.00157	0.00510	0.00562	0.00623	0.34251
5	0.01340	0.01148	0.01340	0.00957	0.01531	0.00861	0.00766	0.01627	0.01340	0.02105	0.01148	0.01340	0.00957	0.00479	0.00479	0.00096	0.00479	0.00383	0.00383	0.81242
6	0.81856	0.01250	0.00950	0.00850	0.01250	0.01449	0.00700	0.01899	0.01100	0.02899	0.00900	0.01050	0.00700	0.00600	0.00400	0.00200	0.00500	0.00350	0.00400	0.00700
7	0.00923	0.00692	0.01038	0.01038	0.01154	0.00808	0.00808	0.01154	0.01038	0.01500	0.01731	0.02538	0.01615	0.04846	0.74732	0.01038	0.01731	0.00692	0.00346	0.00577
8	0.00768	0.00638	0.00671	0.00698	0.00884	0.00542	0.00510	0.00922	0.01431	0.01729	0.06022	0.18609	0.60947	0.01704	0.00774	0.00226	0.00336	0.01447	0.00600	0.00542
9	0.02899	0.01100	0.01499	0.01150	0.01649	0.00950	0.00950	0.03149	0.01849	0.73709	0.02549	0.02199	0.01599	0.00800	0.00650	0.00200	0.00550	0.00650	0.00800	0.01100
10	0.00787	0.00562	0.00750	0.00900	0.00937	0.00525	0.00600	0.00900	0.01237	0.01649	0.03561	0.76871	0.04274	0.02024	0.00825	0.00262	0.00375	0.01837	0.00600	0.00525
11	0.01599	0.01535	0.02623	0.03966	0.73262	0.01535	0.01983	0.01983	0.01471	0.02111	0.01215	0.01599	0.01023	0.00576	0.00640	0.00192	0.00768	0.00576	0.00320	0.01023
12	0.01429	0.01146	0.01349	0.00968	0.01538	0.00866	0.00776	0.01714	0.01369	0.06200	0.01229	0.01389	0.00994	0.00497	0.00488	0.00102	0.00483	0.00398	0.00407	0.76660
13	0.02456	0.01810	0.01939	0.01487	0.02004	0.02004	0.01228	0.71107	0.03038	0.04072	0.01551	0.01551	0.01099	0.00776	0.00646	0.00194	0.00711	0.00582	0.00646	0.01099
14	0.02899	0.01100	0.01499	0.01150	0.01649	0.00950	0.00950	0.03149	0.01849	0.73709	0.02549	0.02199	0.01599	0.00800	0.00650	0.00200	0.00550	0.00650	0.00800	0.01100
15	0.00802	0.00573	0.00767	0.00917	0.00961	0.00538	0.00626	0.00925	0.01252	0.01666	0.03553	0.72795	0.04241	0.02010	0.00829	0.00264	0.00388	0.05766	0.00600	0.00529
16	0.00911	0.00658	0.00832	0.00788	0.00947	0.00603	0.00591	0.01202	0.01774	0.02499	0.63369	0.04868	0.12639	0.01330	0.00750	0.00203	0.00307	0.01165	0.03962	0.00603
17	0.02064	0.11620	0.09497	0.01836	0.15144	0.01669	0.01387	0.23452	0.04854	0.15330	0.01561	0.01612	0.01137	0.00684	0.00603	0.00184	0.00694	0.00546	0.00512	0.05615
18	0.02284	0.11702	0.02017	0.04704	0.02061	0.63211	0.01255	0.02466	0.01748	0.01577	0.00993	0.01174	0.00833	0.00652	0.00566	0.00165	0.01097	0.00415	0.00324	0.00757
19	0.01436	0.01190	0.01374	0.01015	0.01550	0.00973	0.00809	0.09626	0.01530	0.02306	0.01341	0.05933	0.01174	0.00606	0.00519	0.00117	0.00499	0.00494	0.00426	0.67082
20	0.06438	0.01688	0.01665	0.03419	0.01792	0.17445	0.01137	0.15643	0.01812	0.17386	0.04973	0.01781	0.01351	0.01099	0.05699	0.00261	0.14464	0.00580	0.00505	0.00862
21	0.01552	0.21953	0.28995	0.01967	0.07106	0.06533	0.16944	0.02038	0.01412	0.01875	0.01109	0.01367	0.00872	0.00599	0.00640	0.00189	0.03158	0.00511	0.00293	0.00888
22	0.01233	0.00824	0.01006	0.00912	0.01145	0.00798	0.00700	0.01754	0.12820	0.10660	0.46140	0.04307	0.12678	0.01228	0.00733	0.00207	0.00368	0.01063	0.00700	0.00723
23	0.00809	0.00576	0.00765	0.00909	0.00951	0.00542	0.00617	0.00928	0.01239	0.01649	0.03487	0.69519	0.04157	0.05266	0.00935	0.00280	0.00399	0.05856	0.00590	0.00523
24	0.01038	0.00775	0.01035	0.04756	0.03990	0.00795	0.00806	0.07844	0.01407	0.01886	0.02912	0.48198	0.03310	0.06301	0.07013	0.00338	0.00587	0.05857	0.00545	0.00610
25	0.02089	0.02531	0.01903	0.01756	0.04442	0.50564	0.01323	0.02255	0.01569	0.01592	0.00962	0.01254	0.00844	0.00800	0.01040	0.00202	0.23344	0.00466	0.00318	0.00746
26	0.00940	0.00626	0.00705	0.00705	0.00705	0.00626	0.00392	0.00940	0.00940	0.01253	0.02036	0.04228	0.02349	0.77292	0.03289	0.00626	0.00626	0.00940	0.00392	0.00392
27	0.05772	0.09609	0.02075	0.01868	0.11886	0.38697	0.03190	0.10017	0.01812	0.04579	0.01232	0.01536	0.01023	0.00696	0.00592	0.00179	0.00938	0.03066	0.00390	0.00842

[dist]
# distance from previous block
# <min> <max>
3	9

[block]
# block no. 5 follows, 34 sequences, length 48
# corresponding to MSA columns:
# 450-497
name=unknown_F
#
# <colnr> <probs for GDERKNQSTAVLIFYWHMCP>
#	G	D	E	R	K	N	Q	S	T	A	V	L	I	F	Y	W	H	M	C	P
0	0.01593	0.05542	0.09226	0.02635	0.13728	0.07503	0.42904	0.02067	0.01495	0.01987	0.01218	0.01596	0.00949	0.00590	0.00757	0.00208	0.04146	0.00655	0.00317	0.00883
1	0.01366	0.01183	0.01893	0.65551	0.04082	0.01443	0.01693	0.04428	0.05050	0.05217	0.01307	0.01774	0.00963	0.00670	0.00647	0.00214	0.00823	0.00586	0.00344	0.00766
2	0.01701	0.37613	0.12647	0.01832	0.11181	0.07947	0.09960	0.04167	0.03957	0.01858	0.01113	0.01313	0.00920	0.00590	0.00542	0.00171	0.00818	0.00470	0.00317	0.00885
3	0.01560	0.03324	0.16116	0.02096	0.10436	0.01407	0.25316	0.05466	0.04338	0.08616	0.07631	0.02284	0.06876	0.00753	0.00694	0.00207	0.00809	0.00737	0.00437	0.00895
4	0.00787	0.00562	0.00750	0.00900	0.00937	0.00525	0.00600	0.00900	0.01237	0.01649	0.03561	0.76871	0.04274	0.02024	0.00825	0.00262	0.00375	0.01837	0.00600	0.00525
5	0.00812	0.00656	0.00721	0.00705	0.00902	0.00566	0.00529	0.01020	0.01586	0.02015	0.27684	0.05775	0.51693	0.01536	0.00763	0.00213	0.00320	0.01302	0.00635	0.00566
6	0.04976	0.20621	0.23303	0.01632	0.06944	0.13690	0.01538	0.06791	0.03126	0.09793	0.01272	0.01382	0.00961	0.00641	0.00561	0.00180	0.00826	0.00468	0.00382	0.00912
7	0.02416	0.03021	0.01836	0.01656	0.01998	0.71361	0.01248	0.05726	0.01886	0.01696	0.01024	0.01183	0.00845	0.00671	0.00586	0.00168	0.01144	0.00424	0.00347	0.00765
8	0.01172	0.00607	0.00621	0.00619	0.00758	0.00604	0.00454	0.01451	0.01344	0.02330	0.05153	0.02650	0.01900	0.06537	0.00679	0.00189	0.00326	0.00652	0.71369	0.00587
9	0.02180	0.04835	0.01804	0.01452	0.05178	0.01733	0.01133	0.43567	0.12085	0.08866	0.01786	0.01783	0.01296	0.00770	0.00619	0.00191	0.00633	0.00599	0.08466	0.01025
10	0.01773	0.01268	0.02017	0.21744	0.30785	0.01314	0.01565	0.02184	0.04546	0.19449	0.01712	0.05932	0.01340	0.00741	0.00655	0.00205	0.00706	0.00669	0.00458	0.00935
11	0.00786	0.00655	0.00685	0.00678	0.00886	0.00555	0.00508	0.00970	0.01525	0.01871	0.16364	0.06012	0.63103	0.01590	0.00763	0.00216	0.00324	0.01335	0.00616	0.00555
12	0.01646	0.01417	0.01401	0.01260	0.01600	0.07387	0.00976	0.03082	0.54661	0.05185	0.07756	0.02484	0.02159	0.00883	0.00648	0.00209	0.00539	0.00728	0.05031	0.00949
13	0.07632	0.02047	0.14223	0.02564	0.15394	0.08512	0.36019	0.02086	0.01487	0.02089	0.01208	0.01551	0.00927	0.00577	0.00673	0.00205	0.00974	0.00621	0.00323	0.00887
14	0.01334	0.02505	0.48362	0.01682	0.06174	0.01299	0.01866	0.01988	0.04752	0.06263	0.09764	0.02255	0.07378	0.00797	0.00648	0.00205	0.00777	0.00654	0.00399	0.00898
15	0.00929	0.00668	0.00783	0.00747	0.00936	0.00593	0.00563	0.01174	0.01658	0.04384	0.39753	0.05184	0.33099	0.01403	0.00742	0.00206	0.00321	0.01202	0.05056	0.00598
16	0.00973	0.00696	0.00911	0.00896	0.00953	0.00776	0.00628	0.01094	0.01006	0.01436	0.01845	0.03259	0.01918	0.38232	0.33478	0.00758	0.05210	0.00796	0.04637	0.00499
17	0.01774	0.27398	0.10547	0.04587	0.07593	0.21053	0.11153	0.02103	0.01503	0.01738	0.01152	0.01543	0.00990	0.00646	0.00575	0.00178	0.00908	0.03416	0.00315	0.00828
18	0.00787	0.00562	0.00750	0.00900	0.00937	0.00525	0.00600	0.00900	0.01237	0.01649	0.03561	0.76871	0.04274	0.02024	0.00825	0.00262	0.00375	0.01837	0.00600	0.00525
19	0.02414	0.03079	0.01831	0.01665	0.01998	0.74698	0.01248	0.02580	0.01831	0.01581	0.00999	0.01165	0.00832	0.00666	0.00583	0.00166	0.01165	0.00416	0.00333	0.00749
20	0.01543	0.01818	0.06551	0.02611	0.10402	0.06815	0.49934	0.02019	0.01505	0.02002	0.01380	0.05772	0.01144	0.00656	0.00768	0.00215	0.02909	0.00759	0.00338	0.00859
21	0.01549	0.11816	0.42861	0.01854	0.05590	0.01660	0.09261	0.06705	0.05538	0.05264	0.01316	0.01483	0.00964	0.00631	0.00613	0.00197	0.00870	0.00525	0.00350	0.00953
22	0.00828	0.00585	0.00765	0.00894	0.00935	0.00556	0.00604	0.00938	0.01214	0.01615	0.03335	0.61383	0.03960	0.12628	0.01178	0.00316	0.00427	0.06758	0.00570	0.00511
23	0.06611	0.00772	0.00965	0.00979	0.01143	0.00757	0.00716	0.05095	0.01406	0.12549	0.02971	0.46992	0.03237	0.04471	0.04678	0.00300	0.00517	0.04588	0.00598	0.00654
24	0.01768	0.01665	0.09923	0.03247	0.51510	0.01444	0.05028	0.02176	0.01522	0.13311	0.01423	0.01675	0.01090	0.00613	0.00644	0.00196	0.00768	0.00586	0.00390	0.01021
25	0.01484	0.01331	0.02270	0.16597	0.44240	0.01366	0.05456	0.01845	0.01429	0.05364	0.01569	0.11196	0.01430	0.00781	0.00671	0.00207	0.00742	0.00749	0.00372	0.00899
26	0.00926	0.00680	0.00978	0.00978	0.01072	0.00775	0.00732	0.01115	0.01020	0.01455	0.01786	0.02846	0.01749	0.18038	0.61723	0.00963	0.01530	0.00737	0.00354	0.00543
27	0.01340	0.01148	0.01340	0.00957	0.01531	0.00861	0.00766	0.01627	0.01340	0.02105	0.01148	0.01340	0.00957	0.00479	0.00479	0.00096	0.00479	0.00383	0.00383	0.81242
28	0.08669	0.11315	0.24546	0.01715	0.02341	0.05683	0.13737	0.10937	0.04819	0.04465	0.01266	0.01453	0.00952	0.00661	0.00681	0.00200	0.04747	0.00532	0.00379	0.00905
29	0.01220	0.01148	0.01938	0.75739	0.04450	0.01436	0.01794	0.01651	0.01292	0.01651	0.01148	0.01723	0.00861	0.00646	0.00646	0.00215	0.00861	0.00574	0.00287	0.00718
30	0.01556	0.01497	0.02574	0.03598	0.61232	0.01494	0.07188	0.02000	0.04079	0.02156	0.05262	0.01819	0.01337	0.00626	0.00657	0.00196	0.00757	0.00629	0.00354	0.00989
31	0.02441	0.01298	0.01561	0.01243	0.01703	0.01305	0.01011	0.18430	0.16467	0.40134	0.05681	0.02221	0.01776	0.00835	0.00656	0.00203	0.00567	0.00676	0.00732	0.01060
32	0.01340	0.01148	0.01340	0.00957	0.01531	0.00861	0.00766	0.01627	0.01340	0.02105	0.01148	0.01340	0.00957	0.00479	0.00479	0.00096	0.00479	0.00383	0.00383	0.81242
33	0.00940	0.00626	0.00705	0.00705	0.00705	0.00626	0.00392	0.00940	0.00940	0.01253	0.02036	0.04228	0.02349	0.77292	0.03289	0.00626	0.00626	0.00940	0.00392	0.00392
34	0.00926	0.00616	0.00708	0.00731	0.00742	0.00610	0.00426	0.00954	0.01000	0.01356	0.02272	0.15265	0.02618	0.62988	0.02808	0.00553	0.00576	0.01064	0.03368	0.00420
35	0.00908	0.00655	0.00858	0.00817	0.00964	0.00605	0.00609	0.01203	0.01798	0.02542	0.69329	0.08557	0.06002	0.01357	0.00765	0.00206	0.00308	0.01203	0.00706	0.00605
36	0.02304	0.01499	0.01665	0.01313	0.01770	0.01607	0.01072	0.43309	0.09996	0.17003	0.03948	0.01930	0.01476	0.00805	0.00636	0.00194	0.00614	0.00629	0.07192	0.01037
37	0.01536	0.01313	0.01400	0.01263	0.01607	0.01505	0.00980	0.03206	0.64892	0.02691	0.09835	0.02658	0.02395	0.00922	0.00668	0.00218	0.00490	0.00775	0.00663	0.00980
38	0.00768	0.00655	0.00661	0.00659	0.00875	0.00547	0.00494	0.00936	0.01483	0.01770	0.08490	0.06178	0.71040	0.01627	0.00764	0.00218	0.00327	0.01358	0.00603	0.00547
39	0.01727	0.77681	0.03386	0.01106	0.01658	0.02557	0.01106	0.01935	0.01313	0.01520	0.00898	0.01036	0.00829	0.00553	0.00415	0.00138	0.00691	0.00345	0.00276	0.00829
40	0.02899	0.01100	0.01499	0.01150	0.01649	0.00950	0.00950	0.03149	0.01849	0.73709	0.02549	0.02199	0.01599	0.00800	0.00650	0.00200	0.00550	0.00650	0.00800	0.01100
41	0.01296	0.03342	0.73944	0.01842	0.02797	0.01501	0.02387	0.02046	0.01364	0.02046	0.01160	0.01364	0.00818	0.00614	0.00614	0.00205	0.00955	0.00477	0.00273	0.00955
42	0.01599	0.01535	0.02623	0.03966	0.73262	0.01535	0.01983	0.01983	0.01471	0.02111	0.01215	0.01599	0.01023	0.00576	0.00640	0.00192	0.00768	0.00576	0.00320	0.01023
43	0.00927	0.00675	0.00951	0.00951	0.01036	0.00760	0.00699	0.01098	0.01013	0.01435	0.01811	0.02980	0.01807	0.23799	0.56042	0.00931	0.01442	0.00757	0.00358	0.00528
44	0.01731	0.49427	0.17594	0.01274	0.01881	0.05988	0.01342	0.02050	0.01400	0.07344	0.01300	0.01398	0.03603	0.00632	0.00496	0.00161	0.00746	0.00439	0.00332	0.00862
45	0.00864	0.00618	0.00802	0.00910	0.00973	0.00590	0.00618	0.03566	0.01341	0.01800	0.08661	0.66496	0.04235	0.04120	0.00885	0.00266	0.00390	0.01713	0.00604	0.00549
46	0.01525	0.01743	0.03813	0.02723	0.03377	0.01634	0.70915	0.02070	0.01525	0.02070	0.01307	0.01743	0.00980	0.00545	0.00763	0.00218	0.01089	0.00763	0.00327	0.00871
47	0.01513	0.01766	0.12469	0.02335	0.29599	0.10489	0.01511	0.02023	0.08552	0.02055	0.03471	0.04157	0.03993	0.04731	0.00772	0.00218	0.00736	0.02298	0.06448	0.00864

[dist]
# distance from previous block
# <min> <max>
0	1

[block]
# block no. 6 follows, 34 sequences, length 70
# corresponding to MSA columns:
# 499-568
name=unknown_G
#
# <colnr> <probs for GDERKNQSTAVLIFYWHMCP>
#	G	D	E	R	K	N	Q	S	T	A	V	L	I	F	Y	W	H	M	C	P
0	0.78983	0.01244	0.00970	0.00861	0.01264	0.01431	0.00709	0.01945	0.01127	0.05476	0.00960	0.01091	0.00732	0.00607	0.00409	0.00200	0.00502	0.00361	0.00414	0.00714
1	0.00914	0.00660	0.00864	0.00813	0.00965	0.00610	0.00610	0.01219	0.01829	0.02591	0.72921	0.04827	0.06097	0.01321	0.00762	0.00203	0.00305	0.01169	0.00711	0.00610
2	0.00981	0.00756	0.01096	0.03396	0.01294	0.00884	0.00854	0.01330	0.06057	0.01589	0.01776	0.02504	0.01617	0.04435	0.67189	0.00955	0.01618	0.00691	0.00366	0.00613
3	0.01396	0.11612	0.52211	0.01699	0.04786	0.01553	0.01969	0.02058	0.05014	0.04113	0.01311	0.01615	0.01018	0.06032	0.00783	0.00227	0.00859	0.00516	0.00319	0.00911
4	0.00787	0.00562	0.00750	0.00900	0.00937	0.00525	0.00600	0.00900	0.01237	0.01649	0.03561	0.76871	0.04274	0.02024	0.00825	0.00262	0.00375	0.01837	0.00600	0.00525
5	0.01525	0.01743	0.03813	0.02723	0.03377	0.01634	0.70915	0.02070	0.01525	0.02070	0.01307	0.01743	0.00980	0.00545	0.00763	0.00218	0.01089	0.00763	0.00327	0.00871
6	0.01220	0.01148	0.01938	0.75739	0.04450	0.01436	0.01794	0.01651	0.01292	0.01651	0.01148	0.01723	0.00861	0.00646	0.00646	0.00215	0.00861	0.00574	0.00287	0.00718
7	0.00798	0.00665	0.00699	0.00712	0.00909	0.00578	0.00526	0.01012	0.03611	0.01795	0.08612	0.15013	0.59527	0.01650	0.00768	0.00223	0.00338	0.01397	0.00606	0.00560
8	0.00810	0.00579	0.00776	0.00926	0.00973	0.00545	0.00640	0.00939	0.01260	0.01675	0.03549	0.70602	0.04224	0.02003	0.00831	0.00266	0.00395	0.07880	0.00599	0.00531
9	0.00956	0.00645	0.00758	0.00782	0.00806	0.00645	0.00495	0.01003	0.01027	0.01361	0.02256	0.04716	0.02567	0.65268	0.02907	0.00574	0.00621	0.11765	0.00424	0.00424
10	0.01719	0.01903	0.14628	0.02642	0.21182	0.01564	0.28682	0.09073	0.01665	0.08465	0.01391	0.01663	0.01030	0.00609	0.00685	0.00205	0.00899	0.00639	0.00389	0.00967
11	0.01551	0.01595	0.06261	0.10090	0.63631	0.01525	0.01988	0.01957	0.01450	0.02068	0.01207	0.01598	0.00999	0.00584	0.00639	0.00195	0.00785	0.00570	0.00315	0.00993
12	0.00938	0.00635	0.00747	0.00747	0.00762	0.00650	0.00445	0.00967	0.00952	0.01284	0.01997	0.04012	0.02255	0.68012	0.12440	0.00679	0.00768	0.00908	0.00386	0.00415
13	0.02414	0.03079	0.01831	0.01665	0.01998	0.74698	0.01248	0.02580	0.01831	0.01581	0.00999	0.01165	0.00832	0.00666	0.00583	0.00166	0.01165	0.00416	0.00333	0.00749
14	0.01506	0.01280	0.01562	0.01392	0.10036	0.01114	0.00976	0.09002	0.06704	0.02354	0.01306	0.01471	0.01054	0.00550	0.00528	0.00126	0.00539	0.00452	0.00423	0.57627
