[name]
unknown

[dist]
# distance from previous block
# <min> <max>
4	29

[block]
# block no. 0 follows, 34 sequences, length 64
# corresponding to MSA columns:
# 33-96
name=unknown_A
#
# <colnr> <probs for GDERKNQSTAVLIFYWHMCP>
#	G	D	E	R	K	N	Q	S	T	A	V	L	I	F	Y	W	H	M	C	P
0	0.52979	0.01462	0.01277	0.01075	0.01504	0.03610	0.00880	0.21086	0.05922	0.03175	0.01186	0.01273	0.00890	0.00667	0.00488	0.00199	0.00577	0.00438	0.00481	0.00831
1	0.48648	0.01358	0.01260	0.01044	0.01484	0.03548	0.00858	0.13291	0.01604	0.19359	0.01387	0.01398	0.00975	0.00676	0.00502	0.00198	0.00564	0.00458	0.00530	0.00857
2	0.13432	0.04300	0.01851	0.01386	0.01888	0.01946	0.01151	0.59178	0.02711	0.03823	0.01439	0.01464	0.01034	0.00744	0.00604	0.00193	0.00681	0.00542	0.00600	0.01034
3	0.04558	0.68887	0.03178	0.01136	0.01672	0.05963	0.01103	0.04306	0.01389	0.01657	0.00925	0.01061	0.00834	0.00567	0.00430	0.00144	0.00708	0.00357	0.00296	0.00830
4	0.06373	0.01729	0.01925	0.01487	0.01993	0.01902	0.04222	0.57974	0.07587	0.05858	0.01611	0.01612	0.01148	0.00764	0.00640	0.00197	0.00698	0.00590	0.00625	0.01064
5	0.01288	0.00921	0.01225	0.01137	0.01344	0.01035	0.00907	0.14467	0.01474	0.04485	0.01835	0.02650	0.01654	0.03738	0.53365	0.00802	0.01423	0.05121	0.00435	0.00695
6	0.01493	0.01427	0.02432	0.23988	0.54066	0.01507	0.01930	0.01890	0.01421	0.01983	0.01197	0.01634	0.00978	0.00595	0.00641	0.00198	0.00794	0.00575	0.00311	0.00938
7	0.00911	0.00648	0.00866	0.00886	0.00945	0.00696	0.00613	0.01033	0.01027	0.01422	0.02106	0.13510	0.02276	0.33308	0.36039	0.00767	0.01103	0.00949	0.00399	0.00496
8	0.01296	0.03342	0.73944	0.01842	0.02797	0.01501	0.02387	0.02046	0.01364	0.02046	0.01160	0.01364	0.00818	0.00614	0.00614	0.00205	0.00955	0.00477	0.00273	0.00955
9	0.01296	0.03342	0.73944	0.01842	0.02797	0.01501	0.02387	0.02046	0.01364	0.02046	0.01160	0.01364	0.00818	0.00614	0.00614	0.00205	0.00955	0.00477	0.00273	0.00955
10	0.02899	0.01100	0.01499	0.01150	0.01649	0.00950	0.00950	0.03149	0.01849	0.73709	0.02549	0.02199	0.01599	0.00800	0.00650	0.00200	0.00550	0.00650	0.00800	0.01100
11	0.06030	0.01273	0.01580	0.01216	0.01716	0.01218	0.01005	0.19053	0.02098	0.54459	0.02247	0.02000	0.01445	0.00786	0.00639	0.00199	0.00586	0.00622	0.00747	0.01083
12	0.01660	0.66073	0.14404	0.01221	0.01836	0.02392	0.01306	0.01952	0.01321	0.01602	0.00939	0.01088	0.00828	0.00562	0.00446	0.00149	0.00732	0.00366	0.00276	0.00849
13	0.00793	0.00568	0.00761	0.00905	0.00946	0.00536	0.00608	0.00910	0.01229	0.01643	0.03487	0.73858	0.04166	0.02139	0.03820	0.00294	0.00430	0.01790	0.00590	0.00527
14	0.01105	0.00632	0.00748	0.00748	0.00882	0.00670	0.00566	0.01374	0.01239	0.02078	0.01983	0.02505	0.01663	0.04358	0.24784	0.00454	0.00777	0.00642	0.52204	0.00588
15	0.00859	0.00655	0.00776	0.00748	0.00923	0.00581	0.00559	0.01085	0.01647	0.02189	0.42851	0.05308	0.33760	0.01484	0.00823	0.02980	0.00323	0.01229	0.00650	0.00572
16	0.01443	0.02312	0.28786	0.02409	0.03170	0.01586	0.46513	0.02061	0.01468	0.02061	0.01255	0.01608	0.00923	0.00569	0.00710	0.00213	0.01041	0.00661	0.00308	0.00901
17	0.02899	0.01100	0.01499	0.01150	0.01649	0.00950	0.00950	0.03149	0.01849	0.73709	0.02549	0.02199	0.01599	0.00800	0.00650	0.00200	0.00550	0.00650	0.00800	0.01100
18	0.06879	0.01107	0.01472	0.01134	0.01629	0.00975	0.00937	0.03086	0.01812	0.70140	0.02466	0.02141	0.01554	0.00790	0.00637	0.00200	0.00547	0.00635	0.00780	0.01079
19	0.02297	0.02835	0.01777	0.01614	0.01952	0.64113	0.01216	0.02704	0.12007	0.01744	0.01235	0.01346	0.00997	0.00696	0.00593	0.00174	0.01071	0.00462	0.00380	0.00789
20	0.00787	0.00598	0.00726	0.00816	0.00918	0.00536	0.00565	0.00928	0.01348	0.01736	0.08637	0.49854	0.26504	0.01858	0.00801	0.00245	0.00355	0.01645	0.00606	0.00536
21	0.00924	0.00689	0.01024	0.01024	0.01134	0.00800	0.00789	0.01144	0.01034	0.01489	0.01744	0.02612	0.01647	0.08009	0.71613	0.01020	0.01682	0.00703	0.00348	0.00569
22	0.01327	0.01258	0.02132	0.55452	0.23900	0.01464	0.01848	0.01745	0.01343	0.01781	0.01167	0.01688	0.00907	0.00626	0.00644	0.00209	0.00835	0.00575	0.00296	0.00804
23	0.00787	0.00562	0.00750	0.00900	0.00937	0.00525	0.00600	0.00900	0.01237	0.01649	0.03561	0.76871	0.04274	0.02024	0.00825	0.00262	0.00375	0.01837	0.00600	0.00525
24	0.01445	0.01269	0.01938	0.62210	0.04004	0.01539	0.01691	0.14306	0.01610	0.02092	0.01222	0.01691	0.00905	0.00670	0.00646	0.00211	0.00834	0.00576	0.00353	0.00787
25	0.01574	0.01510	0.02578	0.08650	0.68771	0.01529	0.01971	0.01961	0.01460	0.02081	0.01211	0.01607	0.01013	0.00580	0.00640	0.00193	0.00774	0.00576	0.00318	0.01004
26	0.01377	0.08606	0.54758	0.02014	0.05877	0.01602	0.12795	0.02039	0.01390	0.02013	0.01165	0.01408	0.00853	0.00597	0.00623	0.00201	0.00948	0.00516	0.00283	0.00936
27	0.00787	0.00562	0.00750	0.00900	0.00937	0.00525	0.00600	0.00900	0.01237	0.01649	0.03561	0.76871	0.04274	0.02024	0.00825	0.00262	0.00375	0.01837	0.00600	0.00525
28	0.04195	0.12243	0.13934	0.02353	0.26636	0.09095	0.04017	0.10873	0.03347	0.02220	0.01246	0.01550	0.01020	0.03729	0.00705	0.00204	0.00811	0.00531	0.00363	0.00927
29	0.01565	0.01357	0.04530	0.01700	0.12992	0.06186	0.04363	0.09462	0.09931	0.08456	0.02310	0.27042	0.02262	0.01143	0.00701	0.00216	0.00620	0.01013	0.00533	0.03618
30	0.06690	0.01107	0.01473	0.01135	0.01630	0.00974	0.00938	0.03089	0.01813	0.70310	0.02470	0.02144	0.01556	0.00790	0.00638	0.00200	0.00547	0.00635	0.00781	0.01080
31	0.81856	0.01250	0.00950	0.00850	0.01250	0.01449	0.00700	0.01899	0.01100	0.02899	0.00900	0.01050	0.00700	0.00600	0.00400	0.00200	0.00500	0.00350	0.00400	0.00700
32	0.01737	0.63009	0.12094	0.01222	0.01814	0.05299	0.01267	0.02012	0.01357	0.03801	0.00986	0.01118	0.00852	0.00573	0.00454	0.00150	0.00739	0.00374	0.00294	0.00850
33	0.02109	0.01224	0.01427	0.01190	0.01580	0.01265	0.00948	0.17661	0.19235	0.27110	0.02426	0.10395	0.01883	0.00945	0.00654	0.00206	0.00535	0.00782	0.07451	0.00975
34	0.00928	0.00622	0.00708	0.00719	0.00722	0.00619	0.00407	0.00937	0.00962	0.01282	0.02149	0.09621	0.02492	0.71704	0.03106	0.00599	0.00608	0.01006	0.00407	0.00401
35	0.01080	0.00806	0.00971	0.00971	0.01125	0.00826	0.00704	0.04821	0.15005	0.02129	0.18147	0.33322	0.07259	0.01593	0.00917	0.07369	0.00416	0.01285	0.00609	0.00646
36	0.01546	0.03911	0.05097	0.11134	0.54132	0.01565	0.09266	0.01958	0.01450	0.02038	0.01207	0.01602	0.00989	0.00580	0.00646	0.00196	0.00815	0.00585	0.00314	0.00967
37	0.02899	0.01100	0.01499	0.01150	0.01649	0.00950	0.00950	0.03149	0.01849	0.73709	0.02549	0.02199	0.01599	0.00800	0.00650	0.00200	0.00550	0.00650	0.00800	0.01100
38	0.02899	0.01100	0.01499	0.01150	0.01649	0.00950	0.00950	0.03149	0.01849	0.73709	0.02549	0.02199	0.01599	0.00800	0.00650	0.00200	0.00550	0.00650	0.00800	0.01100
39	0.08254	0.17949	0.16538	0.01515	0.02062	0.10364	0.09204	0.04207	0.04912	0.09985	0.04958	0.01616	0.01251	0.00693	0.00644	0.00190	0.03842	0.00537	0.00407	0.00870
40	0.01026	0.00650	0.00829	0.00829	0.00938	0.00705	0.00614	0.01244	0.01135	0.01784	0.01914	0.02766	0.01749	0.15115	0.36717	0.00656	0.01043	0.00700	0.29030	0.00556
41	0.01525	0.01743	0.03813	0.02723	0.03377	0.01634	0.70915	0.02070	0.01525	0.02070	0.01307	0.01743	0.00980	0.00545	0.00763	0.00218	0.01089	0.00763	0.00327	0.00871
42	0.00951	0.00798	0.01037	0.01148	0.08334	0.00731	0.02860	0.03456	0.01522	0.01951	0.12907	0.19216	0.39672	0.01506	0.00759	0.00222	0.00415	0.01310	0.00578	0.00626
43	0.01608	0.07693	0.07041	0.05378	0.51129	0.04815	0.09060	0.02009	0.01469	0.02021	0.01185	0.01540	0.00979	0.00579	0.00631	0.00191	0.00826	0.00564	0.00314	0.00968
44	0.02899	0.01100	0.01499	0.01150	0.01649	0.00950	0.00950	0.03149	0.01849	0.73709	0.02549	0.02199	0.01599	0.00800	0.00650	0.00200	0.00550	0.00650	0.00800	0.01100
45	0.54901	0.01474	0.01493	0.01284	0.03903	0.05234	0.08613	0.09964	0.03523	0.02845	0.01086	0.01248	0.00831	0.00625	0.00493	0.00200	0.00632	0.00444	0.00422	0.00787
46	0.02422	0.02844	0.01851	0.01632	0.01999	0.61242	0.01245	0.15265	0.02054	0.02042	0.01101	0.01237	0.00882	0.00686	0.00594	0.00172	0.01081	0.00447	0.00391	0.00814
47	0.01497	0.38062	0.40990	0.01498	0.02265	0.01994	0.01789	0.01994	0.01340	0.01801	0.01038	0.01211	0.00823	0.00585	0.00521	0.00174	0.00832	0.00416	0.00274	0.00896
48	0.01727	0.77681	0.03386	0.01106	0.01658	0.02557	0.01106	0.01935	0.01313	0.01520	0.00898	0.01036	0.00829	0.00553	0.00415	0.00138	0.00691	0.00345	0.00276	0.00829
49	0.01371	0.16320	0.61627	0.01713	0.02598	0.01685	0.02164	0.02027	0.01355	0.01954	0.01114	0.01307	0.00820	0.00603	0.00579	0.00193	0.00909	0.00454	0.00273	0.00933
50	0.02899	0.01100	0.01499	0.01150	0.01649	0.00950	0.00950	0.03149	0.01849	0.73709	0.02549	0.02199	0.01599	0.00800	0.00650	0.00200	0.00550	0.00650	0.00800	0.01100
51	0.61287	0.01322	0.01161	0.00980	0.01409	0.01485	0.00808	0.12895	0.01481	0.10348	0.01171	0.01246	0.00855	0.00648	0.00464	0.00199	0.00538	0.00417	0.00480	0.00803
52	0.02415	0.03027	0.01835	0.01657	0.01998	0.71720	0.01248	0.05388	0.01880	0.01683	0.01021	0.01181	0.00843	0.00670	0.00585	0.00168	0.01147	0.00423	0.00346	0.00763
53	0.01399	0.01191	0.01272	0.01171	0.01487	0.01329	0.00912	0.02783	0.52635	0.02506	0.08096	0.03420	0.13496	0.01072	0.00693	0.00222	0.00473	0.04297	0.00649	0.00898
54	0.00934	0.00650	0.00822	0.00822	0.00862	0.00690	0.00537	0.01015	0.00974	0.01339	0.01929	0.03636	0.02092	0.51886	0.28344	0.00771	0.01014	0.00853	0.00376	0.00457
55	0.00896	0.00695	0.00820	0.00782	0.00969	0.00638	0.00588	0.01228	0.05280	0.02296	0.45726	0.05199	0.29691	0.01411	0.00757	0.00209	0.00323	0.01216	0.00669	0.00608
56	0.01412	0.23350	0.54954	0.01644	0.02490	0.01785	0.02042	0.02016	0.01350	0.01905	0.01089	0.01276	0.00821	0.00597	0.00560	0.00187	0.00884	0.00442	0.00274	0.00921
57	0.08058	0.01198	0.01511	0.01172	0.01663	0.01121	0.00966	0.10640	0.04156	0.59002	0.02331	0.02057	0.01496	0.00786	0.00633	0.00200	0.00563	0.00625	0.00752	0.01071
58	0.00969	0.00706	0.00977	0.00964	0.01061	0.00793	0.00711	0.03017	0.01068	0.01506	0.01805	0.02950	0.01792	0.23540	0.54155	0.00908	0.01416	0.00753	0.00366	0.00543
59	0.01599	0.01535	0.02623	0.03966	0.73262	0.01535	0.01983	0.01983	0.01471	0.02111	0.01215	0.01599	0.01023	0.00576	0.00640	0.00192	0.00768	0.00576	0.00320	0.01023
60	0.01817	0.01032	0.01127	0.00943	0.01252	0.01069	0.00753	0.22461	0.01926	0.12983	0.02004	0.02124	0.01482	0.00766	0.00538	0.00170	0.00458	0.00603	0.45671	0.00820
61	0.00930	0.00665	0.00899	0.00899	0.00966	0.00732	0.00633	0.01064	0.00997	0.01396	0.01858	0.03246	0.01923	0.35176	0.44821	0.00866	0.01268	0.00796	0.00365	0.00499
62	0.01581	0.01517	0.02590	0.07412	0.69958	0.01530	0.01974	0.01967	0.01463	0.02089	0.01212	0.01605	0.01016	0.00579	0.00640	0.00193	0.00772	0.00576	0.00318	0.01009
63	0.07202	0.01603	0.01799	0.01500	0.05462	0.01728	0.01169	0.46130	0.07890	0.16275	0.01756	0.01705	0.01227	0.00767	0.00633	0.00197	0.00657	0.00591	0.00643	0.01065

[dist]
# distance from previous block
# <min> <max>
3	36

[block]
# block no. 1 follows, 34 sequences, length 199
# corresponding to MSA columns:
# 133-331
name=unknown_B
#
# <colnr> <probs for GDERKNQSTAVLIFYWHMCP>
#	G	D	E	R	K	N	Q	S	T	A	V	L	I	F	Y	W	H	M	C	P
0	0.01623	0.01535	0.09889	0.03587	0.02009	0.03454	0.12327	0.09400	0.15663	0.10520	0.09420	0.02807	0.08188	0.03576	0.00784	0.00226	0.00678	0.02897	0.00545	0.00872
1	0.01735	0.15482	0.13844	0.06912	0.19886	0.16939	0.05767	0.05818	0.01571	0.01947	0.01201	0.03818	0.01013	0.00657	0.00598	0.00185	0.00876	0.00539	0.00333	0.00881
2	0.05218	0.01104	0.01483	0.01141	0.01638	0.00964	0.00942	0.03112	0.01827	0.71629	0.02501	0.02165	0.01573	0.00794	0.00642	0.00200	0.00548	0.00641	0.00788	0.01088
3	0.01428	0.00761	0.00932	0.00832	0.01071	0.00705	0.00644	0.01753	0.03758	0.17871	0.31252	0.03669	0.09574	0.01072	0.00653	0.00190	0.00365	0.00911	0.21838	0.00721
4	0.01681	0.15977	0.25586	0.01875	0.09420	0.15851	0.06851	0.04581	0.05628	0.01999	0.03844	0.01514	0.01127	0.00651	0.00595	0.00186	0.00882	0.00517	0.00345	0.00890
5	0.02614	0.01557	0.01782	0.01367	0.01877	0.01628	0.01129	0.46888	0.02614	0.28889	0.01907	0.01782	0.01277	0.00784	0.00648	0.00196	0.00654	0.00606	0.00701	0.01099
6	0.00787	0.00562	0.00750	0.00900	0.00937	0.00525	0.00600	0.00900	0.01237	0.01649	0.03561	0.76871	0.04274	0.02024	0.00825	0.00262	0.00375	0.01837	0.00600	0.00525
7	0.03857	0.08706	0.23287	0.01696	0.04489	0.19024	0.05921	0.10618	0.03651	0.04312	0.05347	0.01589	0.01229	0.00702	0.00650	0.00191	0.02917	0.00537	0.00393	0.00883
8	0.05425	0.01684	0.02093	0.09890	0.29262	0.14818	0.05896	0.08173	0.01640	0.02175	0.01506	0.01980	0.03177	0.00718	0.00633	0.00196	0.00805	0.04062	0.05002	0.00865
9	0.02831	0.01209	0.01567	0.01202	0.01704	0.01112	0.00993	0.13614	0.02032	0.62985	0.02395	0.02099	0.01522	0.00796	0.00649	0.00199	0.00575	0.00639	0.00776	0.01099
10	0.00801	0.00656	0.00706	0.00694	0.00896	0.00561	0.00520	0.00999	0.01561	0.01954	0.22911	0.05875	0.56504	0.01559	0.00763	0.00214	0.00322	0.01316	0.00627	0.00561
11	0.07194	0.34596	0.23519	0.01540	0.03789	0.04477	0.07930	0.02078	0.01389	0.06433	0.01128	0.01289	0.00885	0.00593	0.00530	0.00175	0.00801	0.00450	0.00325	0.00880
12	0.00768	0.00636	0.00674	0.00705	0.00886	0.00541	0.00513	0.00922	0.01424	0.01726	0.05934	0.20704	0.58908	0.01716	0.00776	0.00227	0.00337	0.01461	0.00600	0.00541
13	0.00940	0.00626	0.00705	0.00705	0.00705	0.00626	0.00392	0.00940	0.00940	0.01253	0.02036	0.04228	0.02349	0.77292	0.03289	0.00626	0.00626	0.00940	0.00392	0.00392
14	0.01607	0.01388	0.01461	0.01315	0.01680	0.01607	0.01023	0.03433	0.72094	0.02703	0.02630	0.02411	0.01972	0.00877	0.00657	0.00219	0.00511	0.00731	0.00657	0.01023
15	0.01431	0.01383	0.02213	0.31250	0.28386	0.03291	0.05529	0.01918	0.06351	0.01938	0.03908	0.01808	0.01195	0.00690	0.00754	0.00210	0.05933	0.00614	0.00343	0.00853
16	0.01355	0.01286	0.02181	0.50294	0.28845	0.01471	0.01861	0.01769	0.01356	0.01814	0.01172	0.01679	0.00919	0.00621	0.00644	0.00207	0.00828	0.00575	0.00299	0.00826
17	0.81856	0.01250	0.00950	0.00850	0.01250	0.01449	0.00700	0.01899	0.01100	0.02899	0.00900	0.01050	0.00700	0.00600	0.00400	0.00200	0.00500	0.00350	0.00400	0.00700
18	0.01525	0.01743	0.03813	0.02723	0.03377	0.01634	0.70915	0.02070	0.01525	0.02070	0.01307	0.01743	0.00980	0.00545	0.00763	0.00218	0.01089	0.00763	0.00327	0.00871
19	0.00940	0.00626	0.00705	0.00705	0.00705	0.00626	0.00392	0.00940	0.00940	0.01253	0.02036	0.04228	0.02349	0.77292	0.03289	0.00626	0.00626	0.00940	0.00392	0.00392
20	0.01220	0.01148	0.01938	0.75739	0.04450	0.01436	0.01794	0.01651	0.01292	0.01651	0.01148	0.01723	0.00861	0.00646	0.00646	0.00215	0.00861	0.00574	0.00287	0.00718
21	0.01220	0.01148	0.01938	0.75739	0.04450	0.01436	0.01794	0.01651	0.01292	0.01651	0.01148	0.01723	0.00861	0.00646	0.00646	0.00215	0.00861	0.00574	0.00287	0.00718
22	0.63680	0.01238	0.01090	0.00930	0.01353	0.01369	0.00766	0.04382	0.01310	0.16937	0.01247	0.01293	0.00891	0.00645	0.00457	0.00200	0.00517	0.00417	0.00487	0.00792
23	0.02899	0.01100	0.01499	0.01150	0.01649	0.00950	0.00950	0.03149	0.01849	0.73709	0.02549	0.02199	0.01599	0.00800	0.00650	0.00200	0.00550	0.00650	0.00800	0.01100
24	0.02177	0.02701	0.01705	0.01565	0.01864	0.62983	0.01179	0.02354	0.01705	0.01568	0.01115	0.01383	0.00956	0.01329	0.12339	0.00305	0.01255	0.00460	0.00335	0.00722
25	0.00938	0.00633	0.00739	0.00739	0.00751	0.00645	0.00434	0.00962	0.00950	0.01278	0.02004	0.04054	0.02274	0.69832	0.10646	0.00669	0.00740	0.00914	0.00387	0.00411
26	0.01580	0.01649	0.07116	0.03832	0.68823	0.01533	0.02008	0.01987	0.01465	0.02107	0.01212	0.01584	0.01011	0.00578	0.00638	0.00193	0.00779	0.00570	0.00317	0.01019
27	0.01034	0.00653	0.00762	0.00745	0.00775	0.00652	0.00441	0.01059	0.00989	0.04789	0.02044	0.04038	0.02273	0.69633	0.07046	0.00628	0.00683	0.00912	0.00409	0.00436
28	0.01311	0.05933	0.71486	0.01816	0.02757	0.01537	0.02343	0.02042	0.01362	0.02028	0.01150	0.01353	0.00819	0.00612	0.00607	0.00202	0.00946	0.00473	0.00273	0.00951
29	0.00828	0.00591	0.00796	0.00946	0.01001	0.00560	0.00670	0.00969	0.01277	0.01695	0.03539	0.65827	0.04185	0.01986	0.00835	0.00268	0.00410	0.12483	0.00599	0.00536
30	0.48044	0.01185	0.01185	0.00978	0.01421	0.01235	0.00807	0.02434	0.01421	0.33222	0.01606	0.01542	0.01085	0.00685	0.00507	0.00200	0.00521	0.00478	0.00571	0.00871
31	0.01313	0.06349	0.71090	0.01812	0.02750	0.01543	0.02335	0.02042	0.01362	0.02025	0.01149	0.01351	0.00819	0.00611	0.00606	0.00202	0.00944	0.00472	0.00273	0.00950
32	0.00814	0.00631	0.00746	0.00811	0.00951	0.00564	0.00596	0.00985	0.01422	0.01807	0.11271	0.31702	0.35172	0.01762	0.00798	0.00241	0.00369	0.08201	0.00610	0.00549
33	0.01038	0.00935	0.01699	0.01460	0.01694	0.00917	0.20580	0.01308	0.01274	0.01738	0.02450	0.34671	0.02645	0.02322	0.19745	0.00450	0.00931	0.03049	0.00457	0.00638
34	0.01296	0.03342	0.73944	0.01842	0.02797	0.01501	0.02387	0.02046	0.01364	0.02046	0.01160	0.01364	0.00818	0.00614	0.00614	0.00205	0.00955	0.00477	0.00273	0.00955
35	0.04157	0.02104	0.01905	0.01619	0.01991	0.34345	0.11373	0.04869	0.12633	0.06394	0.01658	0.04198	0.01403	0.03891	0.00756	0.00215	0.00905	0.04323	0.00448	0.00813
36	0.04149	0.55437	0.10329	0.01318	0.01898	0.02236	0.07476	0.04133	0.01406	0.01790	0.03896	0.01303	0.01059	0.00598	0.00487	0.00158	0.00733	0.00437	0.00314	0.00841
37	0.00787	0.00562	0.00750	0.00900	0.00937	0.00525	0.00600	0.00900	0.01237	0.01649	0.03561	0.76871	0.04274	0.02024	0.00825	0.00262	0.00375	0.01837	0.00600	0.00525
38	0.01761	0.01938	0.02573	0.04276	0.05762	0.18929	0.25509	0.05958	0.06262	0.01984	0.01226	0.01561	0.00988	0.00741	0.00996	0.00218	0.17519	0.00611	0.00357	0.00832
39	0.01715	0.75612	0.05350	0.01126	0.01690	0.02527	0.01141	0.01938	0.01314	0.01535	0.00906	0.01046	0.00829	0.00554	0.00420	0.00140	0.00698	0.00349	0.00276	0.00833
40	0.00939	0.00708	0.01038	0.01030	0.01132	0.00827	0.00791	0.01148	0.01029	0.01481	0.01730	0.02646	0.01654	0.10762	0.66657	0.00982	0.03823	0.00709	0.00348	0.00565
41	0.08741	0.01287	0.01740	0.01676	0.14615	0.01203	0.04873	0.07127	0.01566	0.12767	0.05036	0.01705	0.01311	0.00646	0.00629	0.00164	0.03374	0.00536	0.00463	0.30541
42	0.07015	0.01704	0.02191	0.11954	0.32605	0.10395	0.03468	0.16425	0.01806	0.04478	0.01271	0.01538	0.00990	0.00644	0.00623	0.00194	0.00801	0.00550	0.00404	0.00945
43	0.02899	0.01100	0.01499	0.01150	0.01649	0.00950	0.00950	0.03149	0.01849	0.73709	0.02549	0.02199	0.01599	0.00800	0.00650	0.00200	0.00550	0.00650	0.00800	0.01100
44	0.00892	0.00739	0.00855	0.05564	0.01218	0.00694	0.00691	0.01196	0.05340	0.01902	0.12150	0.05735	0.48274	0.01521	0.00768	0.00228	0.00406	0.10638	0.00594	0.00596
45	0.01695	0.28644	0.33325	0.01503	0.02206	0.05890	0.01671	0.10060	0.03493	0.04202	0.01187	0.01315	0.00909	0.00627	0.00549	0.00179	0.00823	0.00453	0.00346	0.00923
46	0.02045	0.01514	0.03602	0.01109	0.01448	0.19214	0.00895	0.06440	0.01710	0.21727	0.01888	0.01957	0.01375	0.00741	0.00555	0.00172	0.00629	0.00564	0.31599	0.00816
47	0.00926	0.00679	0.00974	0.00974	0.01066	0.00772	0.00727	0.01112	0.01019	0.01452	0.01790	0.02867	0.01758	0.18930	0.60842	0.00958	0.01516	0.00740	0.00355	0.00541
48	0.01296	0.03342	0.73944	0.01842	0.02797	0.01501	0.02387	0.02046	0.01364	0.02046	0.01160	0.01364	0.00818	0.00614	0.00614	0.00205	0.00955	0.00477	0.00273	0.00955
49	0.01357	0.01027	0.01153	0.01083	0.01349	0.01096	0.00820	0.02341	0.35941	0.07721	0.10229	0.19207	0.11478	0.01255	0.00716	0.00225	0.00442	0.01084	0.00654	0.00822
50	0.02899	0.01100	0.01499	0.01150	0.01649	0.00950	0.00950	0.03149	0.01849	0.73709	0.02549	0.02199	0.01599	0.00800	0.00650	0.00200	0.00550	0.00650	0.00800	0.01100
51	0.60783	0.01238	0.01114	0.00943	0.01370	0.01358	0.00778	0.04950	0.01347	0.18998	0.01300	0.01330	0.00920	0.00652	0.00466	0.00200	0.00520	0.00427	0.00500	0.00806
52	0.01520	0.41862	0.37383	0.01460	0.02207	0.02048	0.01723	0.01988	0.01338	0.01774	0.01024	0.01194	0.00824	0.00582	0.00511	0.00170	0.00818	0.00409	0.00275	0.00890
53	0.01122	0.00561	0.00842	0.00842	0.00842	0.00561	0.00561	0.00842	0.00842	0.01122	0.01122	0.01964	0.01122	0.02245	0.02525	0.81201	0.00561	0.00561	0.00281	0.00281
54	0.00923	0.00692	0.01038	0.01038	0.01154	0.00808	0.00808	0.01154	0.01038	0.01500	0.01731	0.02538	0.01615	0.04846	0.74732	0.01038	0.01731	0.00692	0.00346	0.00577
55	0.03971	0.01369	0.04035	0.01270	0.01683	0.01349	0.01057	0.32209	0.02198	0.21301	0.02269	0.15974	0.01962	0.01067	0.00689	0.00215	0.00604	0.05175	0.00655	0.00947
56	0.01525	0.01743	0.03813	0.02723	0.03377	0.01634	0.70915	0.02070	0.01525	0.02070	0.01307	0.01743	0.00980	0.00545	0.00763	0.00218	0.01089	0.00763	0.00327	0.00871
57	0.01727	0.77681	0.03386	0.01106	0.01658	0.02557	0.01106	0.01935	0.01313	0.01520	0.00898	0.01036	0.00829	0.00553	0.00415	0.00138	0.00691	0.00345	0.00276	0.00829
58	0.01525	0.01743	0.03813	0.02723	0.03377	0.01634	0.70915	0.02070	0.01525	0.02070	0.01307	0.01743	0.00980	0.00545	0.00763	0.00218	0.01089	0.00763	0.00327	0.00871
59	0.02810	0.01243	0.01588	0.01218	0.01721	0.01162	0.01006	0.16857	0.02089	0.59663	0.02348	0.02069	0.01498	0.00795	0.00649	0.00199	0.00582	0.00636	0.00769	0.01099
60	0.00881	0.00671	0.00921	0.00947	0.01080	0.00622	0.03240	0.01096	0.01481	0.01982	0.23410	0.34479	0.14224	0.01685	0.00805	0.00243	0.00405	0.10631	0.00620	0.00574
61	0.02899	0.01100	0.01499	0.01150	0.01649	0.00950	0.00950	0.03149	0.01849	0.73709	0.02549	0.02199	0.01599	0.00800	0.00650	0.00200	0.00550	0.00650	0.00800	0.01100
62	0.00787	0.00562	0.00750	0.00900	0.00937	0.00525	0.00600	0.00900	0.01237	0.01649	0.03561	0.76871	0.04274	0.02024	0.00825	0.00262	0.00375	0.01837	0.00600	0.00525
63	0.02593	0.01405	0.01666	0.01297	0.01790	0.01427	0.01065	0.29535	0.09604	0.39328	0.02170	0.01970	0.01444	0.00798	0.00649	0.00200	0.00608	0.00632	0.00725	0.01091
64	0.02414	0.03079	0.01831	0.01665	0.01998	0.74698	0.01248	0.02580	0.01831	0.01581	0.00999	0.01165	0.00832	0.00666	0.00583	0.00166	0.01165	0.00416	0.00333	0.00749
65	0.01599	0.01535	0.02623	0.03966	0.73262	0.01535	0.01983	0.01983	0.01471	0.02111	0.01215	0.01599	0.01023	0.00576	0.00640	0.00192	0.00768	0.00576	0.00320	0.01023
66	0.01865	0.00986	0.01104	0.00924	0.01235	0.00996	0.00738	0.17598	0.01845	0.18684	0.02080	0.02168	0.01518	0.00768	0.00540	0.00171	0.00449	0.00608	0.44895	0.00825
67	0.00920	0.00633	0.00875	0.00909	0.00967	0.00674	0.00638	0.01011	0.01038	0.01433	0.02140	0.19624	0.02321	0.20145	0.33431	0.10319	0.01038	0.00990	0.00406	0.00488
68	0.00813	0.00625	0.00744	0.00782	0.00920	0.00556	0.00560	0.00997	0.01489	0.01942	0.23525	0.30075	0.31280	0.01684	0.00784	0.00229	0.00338	0.01473	0.00630	0.00556
69	0.01466	0.01400	0.02382	0.29144	0.49122	0.01500	0.01917	0.01866	0.01408	0.01950	0.01192	0.01642	0.00967	0.00600	0.00642	0.00200	0.00800	0.00575	0.00308	0.00916
70	0.01201	0.00635	0.00659	0.00654	0.00807	0.00636	0.00489	0.03362	0.01413	0.02413	0.05017	0.07237	0.01986	0.00857	0.00493	0.00161	0.00317	0.00703	0.70350	0.00611
71	0.02899	0.01100	0.01499	0.01150	0.01649	0.00950	0.00950	0.03149	0.01849	0.73709	0.02549	0.02199	0.01599	0.00800	0.00650	0.00200	0.00550	0.00650	0.00800	0.01100
72	0.01755	0.69911	0.06111	0.01166	0.01726	0.05160	0.01165	0.03829	0.01381	0.01612	0.00930	0.01068	0.00836	0.00565	0.00435	0.00143	0.00720	0.00360	0.00288	0.00839
73	0.00787	0.00565	0.00747	0.00893	0.00935	0.00525	0.00597	0.00900	0.01244	0.01652	0.03648	0.74807	0.06280	0.02013	0.00823	0.00261	0.00373	0.01823	0.00600	0.00525
74	0.01605	0.01633	0.02503	0.03331	0.52272	0.09044	0.09017	0.01960	0.01494	0.02012	0.01406	0.08095	0.01281	0.00707	0.00663	0.00198	0.00809	0.00688	0.00346	0.00936
75	0.02829	0.01115	0.01497	0.01159	0.01651	0.00985	0.00954	0.03164	0.05670	0.69847	0.02553	0.02211	0.01620	0.00804	0.00650	0.00201	0.00548	0.00654	0.00792	0.01095
76	0.00802	0.00573	0.00766	0.00916	0.00960	0.00537	0.00625	0.00925	0.01251	0.01666	0.03553	0.72874	0.04242	0.02011	0.00829	0.00264	0.00388	0.05690	0.00600	0.00529
77	0.01899	0.55536	0.05030	0.01277	0.01782	0.21841	0.01181	0.02111	0.01453	0.01552	0.00933	0.01081	0.00830	0.00585	0.00465	0.00148	0.00826	0.00368	0.00291	0.00811
78	0.47273	0.01613	0.05928	0.01238	0.04447	0.09875	0.01010	0.04339	0.01368	0.11726	0.01170	0.01289	0.00872	0.00668	0.00578	0.00200	0.04742	0.00432	0.00434	0.00799
79	0.01612	0.11696	0.10013	0.10137	0.09897	0.06560	0.30659	0.05907	0.01543	0.02023	0.01195	0.01541	0.00930	0.00603	0.00697	0.00200	0.02983	0.00604	0.00327	0.00873
80	0.00951	0.00728	0.01070	0.01055	0.01157	0.00861	0.00817	0.01163	0.01030	0.01489	0.01700	0.02575	0.01616	0.08827	0.66657	0.00974	0.05713	0.00700	0.00345	0.00573
81	0.00782	0.00616	0.00708	0.00780	0.00915	0.00542	0.00555	0.00927	0.01367	0.01708	0.05118	0.37938	0.40209	0.01815	0.00795	0.00240	0.00356	0.03492	0.00600	0.00538
82	0.04442	0.20470	0.40859	0.05754	0.07577	0.01710	0.01863	0.02012	0.01362	0.04331	0.01138	0.01339	0.00864	0.00600	0.00560	0.00185	0.00829	0.00457	0.00303	0.03347
83	0.02899	0.01100	0.01499	0.01150	0.01649	0.00950	0.00950	0.03149	0.01849	0.73709	0.02549	0.02199	0.01599	0.00800	0.00650	0.00200	0.00550	0.00650	0.00800	0.01100
84	0.06650	0.01357	0.01508	0.01203	0.01635	0.01432	0.00980	0.32000	0.08547	0.21885	0.01965	0.01911	0.01378	0.00778	0.00603	0.00191	0.00572	0.00604	0.13813	0.00989
85	0.01630	0.32681	0.32220	0.01616	0.04857	0.06165	0.03565	0.06820	0.01495	0.01954	0.01080	0.01254	0.00855	0.00601	0.00540	0.00175	0.00842	0.00440	0.00307	0.00903
86	0.00846	0.00662	0.00796	0.00799	0.00948	0.00612	0.00588	0.01052	0.01542	0.02037	0.30713	0.20285	0.31152	0.01582	0.00820	0.00224	0.02777	0.01363	0.00632	0.00571
87	0.00913	0.00674	0.00978	0.00991	0.01088	0.00763	0.00746	0.01109	0.01046	0.01488	0.01927	0.09390	0.01930	0.12110	0.60681	0.00926	0.01494	0.00821	0.00374	0.00553
88	0.02025	0.04471	0.02050	0.19811	0.08963	0.01582	0.05159	0.21815	0.04394	0.18006	0.01611	0.01752	0.01146	0.00726	0.00698	0.00203	0.03511	0.00599	0.00517	0.00959
89	0.01597	0.01539	0.02639	0.03857	0.68973	0.01541	0.04502	0.02021	0.03161	0.02124	0.01253	0.01624	0.01045	0.00582	0.00645	0.00194	0.00773	0.00586	0.00328	0.01018
90	0.00821	0.00600	0.00772	0.00849	0.00938	0.00551	0.00591	0.00993	0.01430	0.01927	0.23577	0.49044	0.11950	0.01784	0.00801	0.00241	0.00350	0.01598	0.00631	0.00551
91	0.00783	0.00655	0.00681	0.00675	0.00884	0.00554	0.00506	0.00964	0.01518	0.01853	0.14955	0.06042	0.64523	0.01596	0.00763	0.00216	0.00324	0.01339	0.00614	0.00554
92	0.01963	0.01692	0.08747	0.04850	0.28035	0.04380	0.09569	0.08968	0.04318	0.18606	0.01599	0.01743	0.01161	0.00663	0.00653	0.00199	0.00776	0.00605	0.00469	0.01004
93	0.02418	0.02962	0.01841	0.01648	0.01998	0.67965	0.01247	0.08927	0.01943	0.01812	0.01050	0.01201	0.00857	0.00676	0.00589	0.00169	0.01123	0.00431	0.00362	0.00781
94	0.02456	0.01810	0.01939	0.01487	0.02004	0.02004	0.01228	0.71107	0.03038	0.04072	0.01551	0.01551	0.01099	0.00776	0.00646	0.00194	0.00711	0.00582	0.00646	0.01099
95	0.00879	0.00644	0.00839	0.00925	0.01042	0.00604	0.00705	0.01089	0.01463	0.01940	0.18771	0.33197	0.13921	0.01757	0.00821	0.00253	0.00412	0.19551	0.00622	0.00565
96	0.81856	0.01250	0.00950	0.00850	0.01250	0.01449	0.00700	0.01899	0.01100	0.02899	0.00900	0.01050	0.00700	0.00600	0.00400	0.00200	0.00500	0.00350	0.00400	0.00700
97	0.02414	0.03079	0.01831	0.01665	0.01998	0.74698	0.01248	0.02580	0.01831	0.01581	0.00999	0.01165	0.00832	0.00666	0.00583	0.00166	0.01165	0.00416	0.00333	0.00749
98	0.01292	0.01222	0.02068	0.62129	0.17499	0.01454	0.01830	0.01714	0.01326	0.01738	0.01161	0.01699	0.00892	0.00633	0.00645	0.00211	0.00844	0.00574	0.00293	0.00776
99	0.00787	0.00562	0.00750	0.00900	0.00937	0.00525	0.00600	0.00900	0.01237	0.01649	0.03561	0.76871	0.04274	0.02024	0.00825	0.00262	0.00375	0.01837	0.00600	0.00525
100	0.02456	0.01810	0.01939	0.01487	0.02004	0.02004	0.01228	0.71107	0.03038	0.04072	0.01551	0.01551	0.01099	0.00776	0.00646	0.00194	0.00711	0.00582	0.00646	0.01099
101	0.01519	0.01787	0.05734	0.02699	0.03361	0.01630	0.69038	0.02069	0.01521	0.02069	0.01303	0.01733	0.00976	0.00547	0.00758	0.00218	0.01086	0.00755	0.00325	0.00874
102	0.01122	0.00561	0.00842	0.00842	0.00842	0.00561	0.00561	0.00842	0.00842	0.01122	0.01122	0.01964	0.01122	0.02245	0.02525	0.81201	0.00561	0.00561	0.00281	0.00281
103	0.02419	0.01725	0.01872	0.01441	0.01943	0.01891	0.01188	0.64617	0.02925	0.07801	0.04459	0.01717	0.01326	0.00799	0.00651	0.00195	0.00686	0.00609	0.00657	0.01079
104	0.00786	0.00566	0.00746	0.00891	0.00935	0.00526	0.00596	0.00901	0.01245	0.01653	0.03666	0.74398	0.06679	0.02011	0.00823	0.00261	0.00373	0.01820	0.00600	0.00526
105	0.01575	0.01511	0.02579	0.08539	0.68878	0.01529	0.01971	0.01962	0.01460	0.02082	0.01211	0.01607	0.01013	0.00580	0.00640	0.00193	0.00774	0.00576	0.00318	0.01004
106	0.01520	0.41999	0.37253	0.01459	0.02205	0.02050	0.01721	0.01988	0.01337	0.01773	0.01024	0.01194	0.00824	0.00582	0.00510	0.00170	0.00818	0.00409	0.00275	0.00890
107	0.00943	0.00721	0.01076	0.01065	0.01176	0.00855	0.00832	0.01170	0.01036	0.01502	0.01695	0.02493	0.01584	0.04696	0.71795	0.01008	0.04739	0.00687	0.00344	0.00582
108	0.00915	0.00662	0.00919	0.00933	0.01009	0.00732	0.00673	0.01071	0.01029	0.01444	0.01980	0.09687	0.02059	0.24834	0.48133	0.00854	0.01300	0.00864	0.00382	0.00520
109	0.00813	0.00575	0.00751	0.00882	0.00917	0.00543	0.00584	0.00915	0.01205	0.01606	0.03364	0.66009	0.04016	0.11565	0.01139	0.00309	0.00412	0.03311	0.00573	0.00510
110	0.01599	0.01535	0.02623	0.03966	0.73262	0.01535	0.01983	0.01983	0.01471	0.02111	0.01215	0.01599	0.01023	0.00576	0.00640	0.00192	0.00768	0.00576	0.00320	0.01023
111	0.01241	0.01072	0.01599	0.03929	0.27565	0.01084	0.01267	0.01696	0.08865	0.02051	0.06558	0.14019	0.08912	0.01216	0.00741	0.00232	0.00585	0.16080	0.00501	0.00786
112	0.50551	0.01126	0.01052	0.00901	0.01294	0.01203	0.00736	0.02128	0.01347	0.20795	0.04145	0.01769	0.04103	0.00727	0.00494	0.00198	0.00486	0.00512	0.05648	0.00786
113	0.00786	0.00566	0.00746	0.00890	0.00935	0.00526	0.00595	0.00901	0.01246	0.01653	0.03681	0.74046	0.07021	0.02009	0.00822	0.00261	0.00373	0.01818	0.00600	0.00526
114	0.01218	0.00630	0.00632	0.00627	0.00785	0.00637	0.00472	0.01573	0.03820	0.02419	0.02126	0.02409	0.01667	0.00757	0.00459	0.00153	0.00308	0.00607	0.78084	0.00617
115	0.01272	0.01472	0.08813	0.01981	0.02448	0.01296	0.37733	0.01705	0.01319	0.01838	0.01469	0.02075	0.01237	0.04640	0.27083	0.00522	0.01290	0.00719	0.00331	0.00758
116	0.00796	0.00569	0.00760	0.00910	0.00951	0.00532	0.00615	0.00915	0.01246	0.01659	0.03556	0.74435	0.04254	0.02016	0.00827	0.00264	0.00383	0.04184	0.00600	0.00527
117	0.02899	0.01100	0.01499	0.01150	0.01649	0.00950	0.00950	0.03149	0.01849	0.73709	0.02549	0.02199	0.01599	0.00800	0.00650	0.00200	0.00550	0.00650	0.00800	0.01100
118	0.02899	0.01100	0.01499	0.01150	0.01649	0.00950	0.00950	0.03149	0.01849	0.73709	0.02549	0.02199	0.01599	0.00800	0.00650	0.00200	0.00550	0.00650	0.00800	0.01100
119	0.18714	0.12134	0.01722	0.01313	0.04267	0.04288	0.01028	0.09115	0.35687	0.02645	0.01812	0.01777	0.01387	0.00745	0.00565	0.00199	0.00585	0.00566	0.00525	0.00925
120	0.01727	0.77681	0.03386	0.01106	0.01658	0.02557	0.01106	0.01935	0.01313	0.01520	0.00898	0.01036	0.00829	0.00553	0.00415	0.00138	0.00691	0.00345	0.00276	0.00829
121	0.02033	0.01607	0.01914	0.01517	0.01965	0.07972	0.10828	0.25596	0.15776	0.12000	0.08342	0.02206	0.03576	0.00827	0.00673	0.00202	0.00698	0.00703	0.00600	0.00964
122	0.00914	0.00660	0.00864	0.00813	0.00965	0.00610	0.00610	0.01219	0.01829	0.02591	0.72921	0.04827	0.06097	0.01321	0.00762	0.00203	0.00305	0.01169	0.00711	0.00610
123	0.02899	0.01100	0.01499	0.01150	0.01649	0.00950	0.00950	0.03149	0.01849	0.73709	0.02549	0.02199	0.01599	0.00800	0.00650	0.00200	0.00550	0.00650	0.00800	0.01100
124	0.02899	0.01100	0.01499	0.01150	0.01649	0.00950	0.00950	0.03149	0.01849	0.73709	0.02549	0.02199	0.01599	0.00800	0.00650	0.00200	0.00550	0.00650	0.00800	0.01100
125	0.06845	0.12931	0.09848	0.03796	0.04535	0.01741	0.14815	0.13288	0.15987	0.07498	0.01592	0.01687	0.01185	0.00682	0.00618	0.00198	0.00748	0.00591	0.00468	0.00946
126	0.01339	0.01269	0.02152	0.53305	0.25959	0.01467	0.01853	0.01755	0.01348	0.01795	0.01169	0.01684	0.00912	0.00624	0.00644	0.00208	0.00832	0.00575	0.00297	0.00813
127	0.01685	0.01411	0.01497	0.01316	0.01692	0.01616	0.01032	0.11791	0.60633	0.02869	0.05339	0.02401	0.02030	0.00882	0.00660	0.00215	0.00528	0.00730	0.00658	0.01016
128	0.00811	0.00581	0.00771	0.00883	0.00943	0.00541	0.00602	0.00961	0.01350	0.01829	0.16770	0.63150	0.04621	0.01890	0.00813	0.00251	0.00362	0.01710	0.00621	0.00541
129	0.01831	0.01888	0.05779	0.02361	0.09421	0.10713	0.37455	0.08242	0.05508	0.08105	0.01448	0.01699	0.01074	0.00624	0.00698	0.00205	0.00955	0.00664	0.00409	0.00920
130	0.01337	0.10358	0.67286	0.01772	0.02689	0.01600	0.02266	0.02036	0.01359	0.01997	0.01135	0.01333	0.00820	0.00608	0.00595	0.00198	0.00930	0.00465	0.00273	0.00943
131	0.45699	0.01245	0.01241	0.01017	0.01464	0.01316	0.00839	0.08575	0.01549	0.29035	0.01565	0.01517	0.01066	0.00689	0.00514	0.00199	0.00537	0.00481	0.00569	0.00883
132	0.03910	0.01454	0.02705	0.07756	0.15943	0.03355	0.34517	0.01831	0.01471	0.02025	0.04141	0.09983	0.01673	0.00827	0.00730	0.00220	0.00861	0.05394	0.00385	0.00816
133	0.01756	0.01785	0.08209	0.09471	0.05088	0.05683	0.20931	0.18592	0.01818	0.04747	0.04159	0.01721	0.01184	0.00742	0.00877	0.00215	0.11073	0.00637	0.00420	0.00890
134	0.01413	0.09187	0.44130	0.01790	0.02523	0.07151	0.11556	0.02013	0.03212	0.01950	0.01399	0.08182	0.01183	0.00736	0.00635	0.00203	0.00904	0.00630	0.00324	0.00880
135	0.01747	0.75603	0.03346	0.01116	0.01668	0.02542	0.01109	0.03830	0.01360	0.01590	0.00916	0.01051	0.00837	0.00559	0.00421	0.00140	0.00692	0.00352	0.00287	0.00837
136	0.04444	0.01392	0.01552	0.01171	0.01702	0.01327	0.00951	0.25762	0.06503	0.07537	0.01466	0.01528	0.01105	0.00631	0.00556	0.00148	0.00566	0.00490	0.00519	0.40649
137	0.02390	0.02747	0.01839	0.01613	0.01986	0.56627	0.01235	0.16863	0.04924	0.02145	0.01180	0.01296	0.00934	0.00697	0.00599	0.00174	0.01044	0.00463	0.00411	0.00833
138	0.00940	0.00626	0.00705	0.00705	0.00705	0.00626	0.00392	0.00940	0.00940	0.01253	0.02036	0.04228	0.02349	0.77292	0.03289	0.00626	0.00626	0.00940	0.00392	0.00392
139	0.06694	0.01394	0.01648	0.01317	0.01726	0.06920	0.03850	0.12795	0.03615	0.36373	0.07738	0.02085	0.01695	0.00842	0.00789	0.00206	0.08066	0.00646	0.00638	0.00961
140	0.20653	0.33755	0.08787	0.01356	0.01909	0.04638	0.10216	0.04465	0.01403	0.05980	0.01091	0.01246	0.00869	0.00594	0.00501	0.00175	0.00731	0.00440	0.00355	0.00836
141	0.02456	0.01810	0.01939	0.01487	0.02004	0.02004	0.01228	0.71107	0.03038	0.04072	0.01551	0.01551	0.01099	0.00776	0.00646	0.00194	0.00711	0.00582	0.00646	0.01099
142	0.01231	0.01163	0.01940	0.71712	0.04300	0.01465	0.01774	0.01646	0.01276	0.01646	0.01132	0.01706	0.00861	0.00672	0.00726	0.00219	0.04954	0.00574	0.00287	0.00717
143	0.01296	0.03342	0.73944	0.01842	0.02797	0.01501	0.02387	0.02046	0.01364	0.02046	0.01160	0.01364	0.00818	0.00614	0.00614	0.00205	0.00955	0.00477	0.00273	0.00955
144	0.02125	0.01319	0.01571	0.01291	0.01598	0.05322	0.01041	0.14614	0.01732	0.28625	0.01811	0.02064	0.01375	0.07844	0.05571	0.00300	0.16914	0.00633	0.03363	0.00885
145	0.01661	0.12741	0.18735	0.01671	0.04438	0.10952	0.10681	0.02244	0.10370	0.07443	0.04358	0.01954	0.05396	0.00754	0.00685	0.00197	0.03815	0.00617	0.00414	0.00875
146	0.00813	0.00573	0.00742	0.00867	0.00898	0.00542	0.00564	0.00906	0.01186	0.01582	0.03302	0.64508	0.03946	0.14834	0.01244	0.00324	0.00418	0.01684	0.00564	0.00502
147	0.00901	0.00599	0.00784	0.00895	0.00971	0.00550	0.00611	0.01025	0.01288	0.05600	0.03732	0.67437	0.09328	0.01928	0.00811	0.00256	0.00381	0.01736	0.00611	0.00558
148	0.01841	0.01714	0.07047	0.02206	0.14209	0.03720	0.20834	0.17297	0.06032	0.08873	0.05391	0.01870	0.01385	0.00716	0.00740	0.00206	0.03821	0.00666	0.00473	0.00957
149	0.05027	0.13988	0.04379	0.01435	0.01921	0.16689	0.04947	0.17923	0.08116	0.16999	0.01583	0.01584	0.01150	0.00708	0.00595	0.00185	0.00772	0.00535	0.00518	0.00947
150	0.00799	0.00588	0.00751	0.00865	0.00941	0.00540	0.00597	0.00937	0.01317	0.01729	0.08151	0.59255	0.15229	0.01914	0.00813	0.00253	0.00370	0.03809	0.00606	0.00535
151	0.00782	0.00646	0.00687	0.00697	0.00889	0.00550	0.00515	0.00955	0.01486	0.01824	0.13214	0.13482	0.58754	0.01644	0.00770	0.00221	0.00330	0.01393	0.00612	0.00550
152	0.01469	0.21730	0.47059	0.01688	0.02491	0.01765	0.07011	0.02091	0.03659	0.03648	0.01186	0.01364	0.00889	0.00606	0.00577	0.00189	0.00875	0.00478	0.00303	0.00923
153	0.02164	0.09998	0.01430	0.00968	0.01355	0.01057	0.00807	0.04810	0.01658	0.38296	0.02168	0.02111	0.01510	0.00754	0.00554	0.00175	0.00487	0.00595	0.28206	0.00897
154	0.00946	0.00676	0.00849	0.00820	0.00977	0.00653	0.00617	0.01264	0.03701	0.02314	0.44913	0.07020	0.11977	0.01748	0.09978	0.00306	0.00494	0.01082	0.09056	0.00607
155	0.07109	0.08298	0.02009	0.10376	0.13453	0.21117	0.01336	0.13241	0.05419	0.09601	0.01366	0.01511	0.01037	0.00678	0.00594	0.00186	0.00817	0.00516	0.00439	0.00898
156	0.01421	0.10284	0.56284	0.01850	0.02715	0.01599	0.10306	0.02077	0.01395	0.04506	0.01200	0.01406	0.00866	0.00606	0.00613	0.00200	0.00931	0.00504	0.00298	0.00938
157	0.65821	0.01550	0.01133	0.01005	0.01401	0.12282	0.00809	0.05764	0.01313	0.02768	0.00950	0.01094	0.00741	0.00619	0.00440	0.00195	0.00609	0.00372	0.00403	0.00729
158	0.01755	0.74663	0.03323	0.01128	0.01672	0.05475	0.01111	0.01961	0.01334	0.01523	0.00902	0.01042	0.00829	0.00557	0.00421	0.00139	0.00710	0.00348	0.00279	0.00826
159	0.03907	0.01398	0.01547	0.01242	0.01668	0.01480	0.01004	0.34783	0.12417	0.10878	0.12902	0.02410	0.04933	0.00889	0.00655	0.00195	0.00568	0.00714	0.00651	0.05757
160	0.01323	0.05500	0.67383	0.01875	0.02799	0.01541	0.06665	0.02044	0.01373	0.02032	0.01161	0.01378	0.00829	0.00608	0.00617	0.00203	0.00955	0.00491	0.00276	0.00946
161	0.06015	0.01435	0.02429	0.09097	0.34110	0.01462	0.14488	0.04793	0.01530	0.08556	0.03635	0.04152	0.01294	0.00694	0.00713	0.00206	0.03409	0.00663	0.00399	0.00921
162	0.00828	0.00579	0.00738	0.00848	0.00875	0.00552	0.00545	0.00910	0.01158	0.01544	0.03156	0.57590	0.03763	0.22001	0.01479	0.00359	0.00442	0.01599	0.00545	0.00489
163	0.04761	0.01770	0.01884	0.01458	0.01964	0.01966	0.01201	0.65377	0.06737	0.03963	0.01591	0.01583	0.01135	0.00776	0.00640	0.00195	0.00694	0.00583	0.00640	0.01083
164	0.01915	0.06853	0.19761	0.01902	0.02556	0.06186	0.25059	0.07084	0.01670	0.18368	0.01525	0.01661	0.01071	0.00643	0.00660	0.00201	0.00889	0.00608	0.00440	0.00948
165	0.01621	0.01369	0.02063	0.02413	0.29479	0.03218	0.05843	0.02057	0.07558	0.09271	0.05678	0.04550	0.01566	0.00832	0.00927	0.00214	0.14720	0.00682	0.05051	0.00890
166	0.01141	0.00763	0.00945	0.00856	0.01060	0.00720	0.00655	0.06134	0.01859	0.06923	0.54452	0.04453	0.11280	0.01253	0.00733	0.00201	0.00349	0.01088	0.04467	0.00667
167	0.01045	0.00785	0.01038	0.01189	0.09257	0.00820	0.00701	0.01239	0.04899	0.01491	0.01947	0.05212	0.02070	0.47553	0.17477	0.00630	0.00858	0.00857	0.00393	0.00540
168	0.01598	0.19300	0.47174	0.01621	0.02401	0.08702	0.01910	0.02143	0.01428	0.06402	0.01175	0.01327	0.00871	0.00617	0.00570	0.00186	0.00892	0.00454	0.00313	0.00917
169	0.00935	0.00643	0.00790	0.00790	0.00819	0.00673	0.00498	0.00994	0.00965	0.01316	0.01958	0.03797	0.02162	0.58821	0.21504	0.00731	0.00908	0.00877	0.00380	0.00439
170	0.01727	0.77681	0.03386	0.01106	0.01658	0.02557	0.01106	0.01935	0.01313	0.01520	0.00898	0.01036	0.00829	0.00553	0.00415	0.00138	0.00691	0.00345	0.00276	0.00829
171	0.01597	0.01615	0.02356	0.22036	0.47430	0.09981	0.01850	0.01967	0.01467	0.01932	0.01173	0.01580	0.00960	0.00604	0.00635	0.00195	0.00838	0.00557	0.00313	0.00914
172	0.00938	0.00633	0.00737	0.00737	0.00749	0.00644	0.00432	0.00961	0.00949	0.01277	0.02006	0.04063	0.02277	0.70193	0.10290	0.00667	0.00735	0.00915	0.00387	0.00410
173	0.02286	0.02082	0.01701	0.01459	0.01846	0.31070	0.01159	0.25543	0.02185	0.10585	0.01674	0.02159	0.01368	0.00850	0.00643	0.00194	0.00850	0.08435	0.03028	0.00884
174	0.01555	0.01490	0.02543	0.12277	0.65294	0.01524	0.01961	0.01945	0.01450	0.02058	0.01208	0.01613	0.01005	0.00584	0.00640	0.00195	0.00778	0.00576	0.00316	0.00988
175	0.00787	0.00562	0.00750	0.00900	0.00937	0.00525	0.00600	0.00900	0.01237	0.01649	0.03561	0.76871	0.04274	0.02024	0.00825	0.00262	0.00375	0.01837	0.00600	0.00525
176	0.01727	0.77681	0.03386	0.01106	0.01658	0.02557	0.01106	0.01935	0.01313	0.01520	0.00898	0.01036	0.00829	0.00553	0.00415	0.00138	0.00691	0.00345	0.00276	0.00829
