[name]
unknown

[dist]
# distance from previous block
# <min> <max>
0	60

[block]
# block no. 0 follows, 33 sequences, length 6
# corresponding to MSA columns:
# 60-65
name=unknown_A
#
# <colnr> <probs for GDERKNQSTAVLIFYWHMCP>
#	G	D	E	R	K	N	Q	S	T	A	V	L	I	F	Y	W	H	M	C	P
0	0.01261	0.00888	0.01062	0.01038	0.01186	0.00918	0.00765	0.15597	0.01589	0.02115	0.02642	0.26320	0.02904	0.21231	0.01557	0.04508	0.00569	0.12682	0.00548	0.00621
1	0.00917	0.00625	0.00772	0.00829	0.00876	0.00602	0.00546	0.00976	0.01161	0.01532	0.05398	0.27060	0.08780	0.32694	0.02018	0.07368	0.00514	0.06365	0.00500	0.00468
2	0.02224	0.01721	0.01843	0.06481	0.02069	0.07413	0.01231	0.41767	0.06932	0.08572	0.01620	0.01792	0.01220	0.04586	0.00918	0.00229	0.07206	0.00611	0.00577	0.00990
3	0.08646	0.01445	0.01529	0.04293	0.03913	0.05346	0.01073	0.11741	0.34512	0.06170	0.10226	0.02349	0.02083	0.00881	0.00693	0.00213	0.02631	0.00706	0.00606	0.00943
4	0.18325	0.01502	0.01543	0.01251	0.01684	0.01665	0.01011	0.36751	0.11450	0.07178	0.01702	0.01821	0.01281	0.04896	0.00745	0.00224	0.00618	0.00589	0.04804	0.00961
5	0.01399	0.01114	0.01639	0.35154	0.08196	0.01239	0.01346	0.06589	0.04329	0.05912	0.04343	0.09668	0.03574	0.02992	0.00739	0.00221	0.00682	0.00772	0.05344	0.04747

[dist]
# distance from previous block
# <min> <max>
2	20

[block]
# block no. 1 follows, 33 sequences, length 22
# corresponding to MSA columns:
# 86-107
name=unknown_B
#
# <colnr> <probs for GDERKNQSTAVLIFYWHMCP>
#	G	D	E	R	K	N	Q	S	T	A	V	L	I	F	Y	W	H	M	C	P
0	0.04445	0.01461	0.07193	0.01479	0.06025	0.01312	0.04446	0.18023	0.05889	0.21461	0.08803	0.04518	0.01908	0.04459	0.00791	0.00221	0.00635	0.00716	0.00605	0.05610
1	0.01589	0.01478	0.04822	0.03437	0.13472	0.05977	0.13346	0.03812	0.09005	0.07585	0.02154	0.07994	0.06948	0.00843	0.00666	0.00197	0.00702	0.00770	0.05244	0.09958
2	0.01615	0.01401	0.03731	0.03886	0.28107	0.05435	0.04597	0.05743	0.03147	0.09164	0.12781	0.09945	0.04185	0.00928	0.00694	0.00206	0.00666	0.00837	0.00498	0.02435
3	0.07194	0.00732	0.00847	0.00814	0.01016	0.00678	0.00612	0.01285	0.01623	0.06599	0.34177	0.13797	0.25333	0.01443	0.00749	0.00219	0.00357	0.01239	0.00657	0.00628
4	0.01414	0.01278	0.01783	0.02157	0.27026	0.06696	0.05080	0.01735	0.01655	0.05211	0.23959	0.03230	0.11647	0.00969	0.00704	0.00199	0.00611	0.00870	0.00509	0.03266
5	0.02503	0.01844	0.01976	0.01515	0.02042	0.02042	0.01251	0.70562	0.03095	0.04149	0.01581	0.01581	0.01120	0.00790	0.00659	0.00198	0.00724	0.00593	0.00659	0.01120
6	0.02503	0.01844	0.01976	0.01515	0.02042	0.02042	0.01251	0.70562	0.03095	0.04149	0.01581	0.01581	0.01120	0.00790	0.00659	0.00198	0.00724	0.00593	0.00659	0.01120
7	0.01227	0.00614	0.00614	0.00614	0.00767	0.00614	0.00460	0.01534	0.01381	0.02454	0.02148	0.02454	0.01687	0.00767	0.00460	0.00153	0.00307	0.00614	0.80518	0.00614
8	0.01431	0.01162	0.01417	0.01212	0.06137	0.00966	0.00878	0.06919	0.01506	0.04065	0.01589	0.11985	0.01483	0.00747	0.00565	0.00138	0.00512	0.00634	0.00449	0.56204
9	0.02575	0.01199	0.05740	0.01193	0.01679	0.00962	0.01039	0.02867	0.01825	0.58738	0.07279	0.02769	0.02057	0.00916	0.00687	0.00212	0.00572	0.05894	0.00761	0.01038
10	0.81514	0.01273	0.00968	0.00866	0.01273	0.01477	0.00713	0.01935	0.01120	0.02954	0.00917	0.01069	0.00713	0.00611	0.00407	0.00204	0.00509	0.00356	0.00407	0.00713
11	0.01686	0.01438	0.01516	0.01350	0.01730	0.01660	0.01054	0.07250	0.67737	0.02832	0.02618	0.02407	0.01960	0.00887	0.00669	0.00222	0.00532	0.00736	0.00669	0.01046
12	0.01426	0.01284	0.04952	0.01488	0.11796	0.01084	0.01054	0.10211	0.01736	0.02526	0.20424	0.02388	0.02407	0.00777	0.00617	0.00159	0.00535	0.00664	0.00499	0.33972
13	0.00800	0.00580	0.00756	0.00897	0.00950	0.00536	0.00602	0.00919	0.01279	0.01688	0.03868	0.70908	0.09726	0.02031	0.00835	0.00264	0.00378	0.01834	0.00611	0.00536
14	0.02208	0.02621	0.02074	0.05516	0.09914	0.50333	0.05852	0.06048	0.05742	0.01901	0.01191	0.01392	0.00959	0.00677	0.00623	0.00183	0.01062	0.00499	0.00370	0.00834
15	0.00817	0.00592	0.00772	0.00889	0.00954	0.00547	0.00605	0.00960	0.01353	0.01809	0.12574	0.62787	0.09014	0.01946	0.00828	0.00257	0.00370	0.01754	0.00626	0.00547
16	0.12873	0.11328	0.02314	0.01706	0.02136	0.35060	0.16483	0.02235	0.01594	0.01902	0.01221	0.05887	0.01077	0.00713	0.00603	0.00188	0.00970	0.00573	0.00357	0.00780
17	0.00866	0.00701	0.00773	0.00756	0.00959	0.00626	0.00566	0.01154	0.04936	0.02077	0.25916	0.08310	0.46917	0.01549	0.00775	0.00219	0.00337	0.01317	0.00648	0.00598
18	0.01405	0.01231	0.02058	0.12951	0.42721	0.01275	0.01592	0.01659	0.01325	0.01850	0.01393	0.06614	0.01281	0.01197	0.04526	0.14322	0.00780	0.00673	0.00334	0.00813
19	0.01629	0.01564	0.02672	0.04041	0.72757	0.01564	0.02020	0.02020	0.01499	0.02151	0.01238	0.01629	0.01043	0.00587	0.00652	0.00196	0.00782	0.00587	0.00326	0.01043
20	0.18941	0.13350	0.01886	0.01270	0.01750	0.03819	0.01067	0.28831	0.11423	0.09214	0.01557	0.01555	0.01147	0.00730	0.00569	0.00193	0.00647	0.00527	0.00554	0.00971
21	0.65322	0.01311	0.01299	0.01217	0.06244	0.01455	0.04976	0.02049	0.01230	0.08256	0.01092	0.01239	0.00823	0.00622	0.00465	0.00204	0.00567	0.00421	0.00429	0.00777

[dist]
# distance from previous block
# <min> <max>
0	1

[block]
# block no. 2 follows, 33 sequences, length 28
# corresponding to MSA columns:
# 109-136
name=unknown_C
#
# <colnr> <probs for GDERKNQSTAVLIFYWHMCP>
#	G	D	E	R	K	N	Q	S	T	A	V	L	I	F	Y	W	H	M	C	P
0	0.01580	0.01516	0.02570	0.07995	0.59506	0.01503	0.04856	0.01973	0.01479	0.02120	0.01232	0.01620	0.01025	0.00581	0.00643	0.00190	0.00776	0.00578	0.00330	0.07927
1	0.08100	0.40409	0.26568	0.01366	0.02048	0.04141	0.01518	0.02010	0.01354	0.01874	0.01020	0.01188	0.00837	0.00588	0.00497	0.00167	0.00782	0.00401	0.00298	0.04835
2	0.01596	0.01138	0.01358	0.00992	0.01547	0.00877	0.00797	0.01876	0.01456	0.13732	0.01669	0.01749	0.04546	0.00598	0.00530	0.00121	0.00492	0.00483	0.00470	0.63972
3	0.00913	0.00705	0.00952	0.00891	0.01065	0.00642	0.03504	0.01183	0.01709	0.02340	0.48840	0.14020	0.17835	0.01461	0.00785	0.00218	0.00357	0.01295	0.00673	0.00610
4	0.02954	0.01120	0.01528	0.01171	0.01681	0.00968	0.00968	0.03208	0.01884	0.73213	0.02597	0.02241	0.01630	0.00815	0.00662	0.00204	0.00560	0.00662	0.00815	0.01120
5	0.00916	0.00717	0.01076	0.01259	0.06494	0.00680	0.04123	0.01084	0.01308	0.01754	0.03329	0.63057	0.03909	0.01864	0.00827	0.00262	0.00461	0.05709	0.00576	0.00594
6	0.01506	0.11085	0.50059	0.06247	0.06155	0.01620	0.02087	0.02112	0.01409	0.07331	0.01250	0.01453	0.00909	0.00651	0.00662	0.00203	0.03488	0.00499	0.00322	0.00950
7	0.01752	0.70013	0.08176	0.01189	0.01779	0.02515	0.01219	0.03993	0.01393	0.01662	0.00953	0.01094	0.00852	0.00574	0.00443	0.00147	0.00723	0.00368	0.00292	0.00862
8	0.01945	0.02123	0.13596	0.05126	0.14151	0.12173	0.01622	0.22595	0.01934	0.04234	0.01269	0.01502	0.00982	0.00767	0.00886	0.00211	0.12960	0.00549	0.00424	0.00951
9	0.01427	0.05109	0.64498	0.01935	0.06378	0.01531	0.02306	0.02133	0.01418	0.05520	0.01246	0.01435	0.00884	0.00631	0.00623	0.00206	0.00936	0.00497	0.00307	0.00980
10	0.00940	0.00705	0.01058	0.01058	0.01176	0.00823	0.00823	0.01176	0.01058	0.01528	0.01763	0.02586	0.01646	0.04937	0.74255	0.01058	0.01763	0.00705	0.00353	0.00588
11	0.01365	0.01170	0.01365	0.00975	0.01560	0.00878	0.00780	0.01658	0.01365	0.02145	0.01170	0.01365	0.00975	0.00488	0.00488	0.00098	0.00488	0.00390	0.00390	0.80888
12	0.05683	0.12177	0.34987	0.01603	0.04230	0.05978	0.01708	0.07350	0.03239	0.09251	0.01331	0.01448	0.00975	0.00646	0.00584	0.00188	0.00816	0.00486	0.00389	0.06931
13	0.01144	0.00572	0.00858	0.00858	0.00858	0.00572	0.00572	0.00858	0.00858	0.01144	0.01144	0.02001	0.01144	0.02287	0.02573	0.80846	0.00572	0.00572	0.00286	0.00286
14	0.00802	0.00573	0.00764	0.00917	0.00955	0.00535	0.00611	0.00917	0.01260	0.01681	0.03628	0.76434	0.04354	0.02062	0.00840	0.00267	0.00382	0.01872	0.00611	0.00535
15	0.01144	0.00572	0.00858	0.00858	0.00858	0.00572	0.00572	0.00858	0.00858	0.01144	0.01144	0.02001	0.01144	0.02287	0.02573	0.80846	0.00572	0.00572	0.00286	0.00286
16	0.07658	0.01833	0.07252	0.01763	0.10139	0.07207	0.01342	0.23150	0.22937	0.02912	0.01707	0.01759	0.01291	0.00785	0.00726	0.00210	0.05205	0.00599	0.00530	0.00996
17	0.00900	0.00672	0.00836	0.00795	0.00964	0.00608	0.00596	0.01181	0.01789	0.02463	0.58892	0.05209	0.19840	0.01412	0.00777	0.00210	0.00315	0.01231	0.00701	0.00608
18	0.00800	0.00580	0.00757	0.00898	0.00950	0.00536	0.00603	0.00919	0.01278	0.01688	0.03857	0.71168	0.09473	0.02033	0.00836	0.00264	0.00378	0.01835	0.00611	0.00536
19	0.01724	0.46629	0.10970	0.01498	0.07623	0.08418	0.01330	0.02101	0.05037	0.01771	0.01091	0.01248	0.00930	0.00594	0.00497	0.00156	0.00757	0.00416	0.00318	0.06892
20	0.01898	0.09463	0.08388	0.01881	0.14700	0.06691	0.04456	0.14974	0.03853	0.08828	0.01403	0.01540	0.01070	0.00640	0.00596	0.00172	0.00734	0.00522	0.00448	0.17743
21	0.03521	0.12219	0.29038	0.02236	0.18851	0.04485	0.06248	0.05719	0.03324	0.06425	0.01301	0.01499	0.00985	0.00632	0.00613	0.00195	0.00850	0.00528	0.00360	0.00971
22	0.08265	0.01458	0.01803	0.01432	0.01877	0.06945	0.08801	0.09037	0.10726	0.31626	0.05779	0.02088	0.01638	0.00813	0.00734	0.00210	0.04498	0.00662	0.00629	0.00979
23	0.06653	0.04211	0.05091	0.03507	0.08236	0.05298	0.27895	0.07456	0.06057	0.12517	0.03530	0.01825	0.01272	0.00668	0.00676	0.00205	0.00846	0.00660	0.00460	0.02936
24	0.06815	0.02918	0.03669	0.03095	0.12841	0.06826	0.01122	0.02310	0.01687	0.30030	0.13531	0.08128	0.02325	0.00925	0.00666	0.00204	0.00608	0.00780	0.00608	0.00911
25	0.04115	0.09906	0.27683	0.07371	0.08803	0.06549	0.03028	0.02384	0.07647	0.14063	0.01513	0.01626	0.01095	0.00675	0.00614	0.00199	0.00816	0.00539	0.00418	0.00955
26	0.01674	0.01370	0.02198	0.06473	0.34022	0.01434	0.04966	0.02004	0.01484	0.11586	0.06752	0.02053	0.01526	0.00790	0.00912	0.00212	0.12946	0.02109	0.00423	0.05065
27	0.04638	0.01083	0.01385	0.01464	0.10263	0.01084	0.00978	0.13965	0.04312	0.12231	0.02577	0.34584	0.02614	0.01311	0.00722	0.00226	0.00532	0.01152	0.00597	0.04283

[dist]
# distance from previous block
# <min> <max>
0	13

[block]
# block no. 3 follows, 33 sequences, length 28
# corresponding to MSA columns:
# 150-177
name=unknown_D
#
# <colnr> <probs for GDERKNQSTAVLIFYWHMCP>
#	G	D	E	R	K	N	Q	S	T	A	V	L	I	F	Y	W	H	M	C	P
0	0.11023	0.09704	0.20347	0.01638	0.05494	0.03150	0.10282	0.03737	0.01506	0.12932	0.01845	0.07481	0.04256	0.00828	0.00637	0.00208	0.00754	0.02853	0.00444	0.00881
1	0.01644	0.52650	0.18966	0.01409	0.02061	0.02263	0.05877	0.02072	0.04431	0.01757	0.01078	0.01238	0.00903	0.00591	0.00501	0.00165	0.00782	0.00426	0.00301	0.00885
2	0.01691	0.01353	0.04619	0.01263	0.01846	0.01076	0.08108	0.06906	0.01600	0.12897	0.03211	0.01644	0.01211	0.00592	0.00569	0.00141	0.00595	0.00509	0.00471	0.49701
3	0.00828	0.00608	0.00775	0.00899	0.00975	0.00563	0.00629	0.00965	0.01312	0.01710	0.04041	0.56350	0.14970	0.04541	0.00923	0.00276	0.00404	0.08087	0.00603	0.00540
4	0.05174	0.01360	0.04858	0.02502	0.34557	0.01298	0.01468	0.03736	0.01548	0.13747	0.07027	0.11583	0.01918	0.00912	0.00766	0.00213	0.05133	0.00795	0.00480	0.00924
5	0.01640	0.01101	0.01638	0.01684	0.11660	0.02773	0.08060	0.01997	0.05723	0.19441	0.02670	0.26837	0.02594	0.01266	0.00754	0.00236	0.00607	0.07900	0.00589	0.00829
6	0.01243	0.01170	0.01975	0.75282	0.04534	0.01463	0.01828	0.01682	0.01316	0.01682	0.01170	0.01755	0.00878	0.00658	0.00658	0.00219	0.00878	0.00585	0.00293	0.00731
7	0.01557	0.01357	0.02279	0.35256	0.37378	0.01475	0.01857	0.01959	0.01447	0.07225	0.01309	0.01730	0.01014	0.00635	0.00655	0.00207	0.00808	0.00592	0.00347	0.00911
8	0.01559	0.01483	0.02519	0.10833	0.62690	0.01509	0.01935	0.01950	0.01499	0.02128	0.04619	0.01798	0.01273	0.00630	0.00658	0.00198	0.00769	0.00615	0.00342	0.00992
9	0.01705	0.07700	0.13374	0.02274	0.04740	0.10123	0.39209	0.02190	0.01578	0.06184	0.03604	0.01722	0.01152	0.00622	0.00697	0.00206	0.01002	0.00664	0.00363	0.00892
10	0.00796	0.00597	0.00739	0.00852	0.00938	0.00540	0.00582	0.00924	0.01323	0.01706	0.04421	0.58163	0.22114	0.01959	0.00824	0.00256	0.00369	0.01746	0.00611	0.00540
11	0.01272	0.01199	0.02026	0.69987	0.09604	0.01470	0.01843	0.01707	0.01330	0.01717	0.01175	0.01746	0.00890	0.00653	0.00658	0.00218	0.00870	0.00585	0.00295	0.00754
12	0.01532	0.01439	0.02383	0.12415	0.46525	0.01479	0.05956	0.04782	0.04459	0.02208	0.05747	0.02095	0.04627	0.00709	0.00674	0.00203	0.00753	0.00677	0.00387	0.00950
13	0.01918	0.01592	0.13557	0.05085	0.06820	0.03558	0.03307	0.07496	0.05928	0.24508	0.02244	0.10967	0.01877	0.00988	0.00700	0.00221	0.00689	0.07036	0.00575	0.00934
14	0.02309	0.02809	0.01875	0.01678	0.01987	0.59474	0.01282	0.05771	0.04448	0.01772	0.01089	0.01284	0.00907	0.00748	0.00786	0.00187	0.09987	0.00462	0.00361	0.00786
15	0.01215	0.01140	0.01896	0.70818	0.04316	0.01408	0.01749	0.01638	0.01327	0.01688	0.01499	0.02029	0.05161	0.00719	0.00665	0.00220	0.00845	0.00633	0.00312	0.00721
16	0.01982	0.13345	0.16807	0.01882	0.08608	0.04870	0.12410	0.10390	0.01748	0.17360	0.01570	0.01771	0.01160	0.00694	0.00639	0.00198	0.00820	0.02308	0.00462	0.00976
17	0.01664	0.01858	0.05673	0.16149	0.32587	0.13770	0.10420	0.02050	0.01501	0.01934	0.01176	0.01575	0.00955	0.00646	0.00746	0.00205	0.05297	0.00578	0.00319	0.00898
18	0.00784	0.00667	0.00675	0.00673	0.00893	0.00558	0.00505	0.00956	0.01514	0.01810	0.09047	0.06284	0.70092	0.01656	0.00778	0.00222	0.00333	0.01382	0.00615	0.00558
19	0.01629	0.01564	0.02672	0.04041	0.72757	0.01564	0.02020	0.02020	0.01499	0.02151	0.01238	0.01629	0.01043	0.00587	0.00652	0.00196	0.00782	0.00587	0.00326	0.01043
20	0.01554	0.01776	0.03885	0.02775	0.03441	0.01665	0.70366	0.02109	0.01554	0.02109	0.01332	0.01776	0.00999	0.00555	0.00777	0.00222	0.01110	0.00777	0.00333	0.00888
21	0.02288	0.02758	0.02076	0.04393	0.05117	0.55815	0.07328	0.07139	0.03571	0.01878	0.01137	0.01333	0.00916	0.00676	0.00620	0.00180	0.01106	0.00486	0.00366	0.00815
22	0.02459	0.03138	0.01866	0.01696	0.02035	0.74221	0.01272	0.02629	0.01866	0.01611	0.01018	0.01187	0.00848	0.00678	0.00594	0.00170	0.01187	0.00424	0.00339	0.00763
23	0.00955	0.00646	0.00758	0.00758	0.00772	0.00660	0.00449	0.00983	0.00969	0.01306	0.02037	0.04104	0.02305	0.68320	0.11773	0.00688	0.00772	0.00927	0.00393	0.00421
24	0.00800	0.00583	0.00754	0.00891	0.00948	0.00537	0.00600	0.00920	0.01285	0.01691	0.03943	0.69179	0.11406	0.02022	0.00834	0.00263	0.00377	0.01822	0.00611	0.00537
25	0.08401	0.01732	0.02049	0.01814	0.10429	0.04287	0.05540	0.43623	0.02492	0.10800	0.01561	0.01615	0.01116	0.00737	0.00644	0.00199	0.00737	0.00587	0.00585	0.01053
26	0.01532	0.01907	0.12119	0.05442	0.19426	0.01618	0.43842	0.02071	0.01513	0.02101	0.01286	0.01694	0.00985	0.00574	0.00725	0.00214	0.01009	0.00691	0.00323	0.00929
27	0.00823	0.00622	0.00766	0.00871	0.00979	0.00565	0.00625	0.00974	0.01363	0.01742	0.04558	0.47174	0.25473	0.01913	0.00828	0.00257	0.00391	0.08915	0.00611	0.00549

[dist]
# distance from previous block
# <min> <max>
0	1

# created by:
# /home/berkeley/.conda/envs/busco_data_prod/bin/msa2prfl.pl pipeline/OGs_align_augustus/4893/11963.fs
