[name]
unknown

[dist]
# distance from previous block
# <min> <max>
0	31

[block]
# block no. 0 follows, 34 sequences, length 9
# corresponding to MSA columns:
# 38-46
name=unknown_A
#
# <colnr> <probs for GDERKNQSTAVLIFYWHMCP>
#	G	D	E	R	K	N	Q	S	T	A	V	L	I	F	Y	W	H	M	C	P
0	0.07894	0.08367	0.06921	0.05487	0.04239	0.09280	0.07613	0.09788	0.04218	0.05065	0.04954	0.02475	0.06472	0.08214	0.03439	0.00268	0.00769	0.03308	0.00443	0.00784
1	0.01694	0.10117	0.04393	0.07128	0.01979	0.08726	0.06228	0.10636	0.04243	0.08038	0.03288	0.05860	0.06567	0.00875	0.00772	0.01944	0.06240	0.00668	0.00453	0.10151
2	0.04317	0.01132	0.03120	0.05605	0.07506	0.03469	0.06859	0.06702	0.01367	0.01934	0.04013	0.05989	0.04410	0.01340	0.02808	0.20986	0.05238	0.03004	0.06294	0.03906
3	0.13495	0.06807	0.06743	0.04079	0.01754	0.05057	0.03000	0.11314	0.01617	0.10227	0.01980	0.07421	0.08015	0.00844	0.00628	0.00187	0.02543	0.00662	0.00478	0.13147
4	0.17854	0.00944	0.01145	0.01031	0.01297	0.00970	0.04662	0.04131	0.01465	0.08914	0.10549	0.12079	0.12319	0.01304	0.03203	0.00248	0.03089	0.07654	0.06454	0.00688
5	0.00877	0.00671	0.00785	0.00782	0.00952	0.00622	0.00581	0.01148	0.03944	0.02049	0.26404	0.13658	0.32413	0.01748	0.06177	0.00276	0.00434	0.01250	0.04646	0.00585
6	0.00843	0.00646	0.00785	0.00844	0.00921	0.00630	0.00579	0.00951	0.01234	0.01600	0.03939	0.40867	0.22148	0.15195	0.01317	0.00316	0.04643	0.01480	0.00545	0.00517
7	0.01371	0.00935	0.01147	0.06456	0.01465	0.00940	0.00824	0.11277	0.06078	0.10389	0.24032	0.14046	0.15904	0.01265	0.00728	0.00214	0.00456	0.01087	0.00642	0.00742
8	0.00980	0.00684	0.00805	0.00829	0.00978	0.00662	0.00614	0.01330	0.06956	0.02149	0.20457	0.23129	0.14505	0.01427	0.00714	0.00217	0.00359	0.05331	0.17267	0.00608

[dist]
# distance from previous block
# <min> <max>
0	7

[block]
# block no. 1 follows, 34 sequences, length 29
# corresponding to MSA columns:
# 54-82
name=unknown_B
#
# <colnr> <probs for GDERKNQSTAVLIFYWHMCP>
#	G	D	E	R	K	N	Q	S	T	A	V	L	I	F	Y	W	H	M	C	P
0	0.14459	0.10837	0.11284	0.01447	0.05334	0.06471	0.01252	0.15923	0.10682	0.13906	0.01562	0.01576	0.01136	0.00700	0.00574	0.00192	0.00690	0.00522	0.00504	0.00950
1	0.10525	0.01056	0.02817	0.00933	0.01116	0.08948	0.00703	0.01331	0.01304	0.01827	0.12740	0.07208	0.12792	0.18317	0.13449	0.02252	0.00756	0.00893	0.00461	0.00571
2	0.00964	0.00693	0.00871	0.00953	0.01039	0.00681	0.00657	0.08128	0.01412	0.01885	0.03302	0.66639	0.03881	0.04464	0.00890	0.00268	0.00418	0.01677	0.00597	0.00579
3	0.01924	0.16228	0.10267	0.05639	0.07289	0.18005	0.05487	0.07835	0.03569	0.10014	0.01435	0.01587	0.02588	0.00777	0.02205	0.00203	0.03136	0.00529	0.00403	0.00878
4	0.01767	0.63719	0.09077	0.01206	0.01788	0.02412	0.01224	0.09064	0.01495	0.01826	0.00987	0.01117	0.00856	0.00581	0.00455	0.00149	0.00715	0.00381	0.00314	0.00867
5	0.03484	0.35825	0.20077	0.01356	0.01984	0.02042	0.01414	0.18050	0.01739	0.02320	0.03214	0.01355	0.01043	0.00641	0.00529	0.00169	0.00739	0.00458	0.00380	0.03180
6	0.01070	0.07046	0.01018	0.00812	0.00883	0.00851	0.00537	0.01121	0.01007	0.03282	0.01891	0.03659	0.02086	0.59383	0.10176	0.00606	0.02866	0.00847	0.00385	0.00475
7	0.01566	0.09780	0.14053	0.05823	0.03869	0.15143	0.09527	0.02193	0.13621	0.02019	0.06554	0.07372	0.01692	0.00812	0.00636	0.00198	0.00790	0.00689	0.02836	0.00827
8	0.00922	0.00629	0.00700	0.00700	0.00722	0.00618	0.00402	0.00938	0.00995	0.01304	0.02500	0.04433	0.09621	0.69505	0.03029	0.00584	0.00596	0.00983	0.00413	0.00407
9	0.01507	0.03188	0.60562	0.01794	0.02649	0.09077	0.02174	0.07817	0.01551	0.02166	0.01175	0.01359	0.00843	0.00633	0.00613	0.00200	0.00956	0.00480	0.00310	0.00946
10	0.04894	0.01560	0.09769	0.05806	0.10006	0.04936	0.03247	0.05798	0.19743	0.10839	0.06290	0.05376	0.01922	0.00896	0.00668	0.00214	0.00661	0.05940	0.00532	0.00903
11	0.02305	0.01048	0.01345	0.01108	0.01505	0.00971	0.00885	0.06502	0.07606	0.47818	0.02806	0.13998	0.04893	0.01028	0.00677	0.00210	0.00513	0.00865	0.02950	0.00968
12	0.00907	0.00664	0.00874	0.01002	0.01107	0.00643	0.00771	0.01145	0.03478	0.01798	0.03737	0.42020	0.09911	0.01865	0.00840	0.00271	0.00459	0.27341	0.00600	0.00568
13	0.04474	0.01339	0.01895	0.59075	0.03839	0.07556	0.01667	0.01728	0.01298	0.01684	0.01095	0.01619	0.00851	0.00696	0.00783	0.00218	0.08618	0.00552	0.00295	0.00719
14	0.00990	0.00657	0.00856	0.00918	0.01002	0.00639	0.00636	0.01147	0.02497	0.06591	0.07496	0.52321	0.05685	0.09869	0.03062	0.00312	0.02647	0.01521	0.00583	0.00571
15	0.00796	0.00573	0.00740	0.00870	0.00917	0.00533	0.00578	0.00904	0.01232	0.01628	0.03652	0.67179	0.08673	0.07212	0.00991	0.00285	0.00389	0.01743	0.00585	0.00517
16	0.01513	0.01251	0.01433	0.01039	0.01605	0.01039	0.00837	0.12409	0.01603	0.02411	0.01211	0.01373	0.00979	0.00525	0.00505	0.00111	0.00515	0.00414	0.00424	0.68805
17	0.01092	0.08803	0.07139	0.00996	0.01206	0.00890	0.00813	0.01321	0.03403	0.05656	0.02984	0.41670	0.07059	0.10765	0.01048	0.00283	0.00503	0.03216	0.00527	0.00625
18	0.01940	0.08132	0.22015	0.01641	0.05873	0.07595	0.04087	0.12938	0.07914	0.15945	0.04472	0.01765	0.01341	0.00720	0.00624	0.00195	0.00768	0.00576	0.00491	0.00970
19	0.01502	0.09699	0.05664	0.01526	0.04681	0.01350	0.14585	0.08857	0.06202	0.05220	0.06080	0.02362	0.08799	0.01127	0.01083	0.16693	0.02682	0.00708	0.00434	0.00747
20	0.01439	0.01576	0.03285	0.23256	0.03679	0.01578	0.51477	0.01952	0.01460	0.01952	0.01263	0.01737	0.00947	0.00573	0.00730	0.00217	0.01025	0.00710	0.00316	0.00828
21	0.02120	0.03087	0.01714	0.08394	0.01980	0.15999	0.03920	0.05433	0.03043	0.27078	0.06419	0.04071	0.01614	0.00844	0.00793	0.00203	0.08482	0.00649	0.03286	0.00871
22	0.05317	0.01440	0.04514	0.19304	0.22703	0.01473	0.15331	0.03570	0.01434	0.06005	0.01356	0.03712	0.01090	0.00690	0.00756	0.00210	0.06109	0.00637	0.03488	0.00860
23	0.00810	0.00647	0.00726	0.00726	0.00906	0.00562	0.00537	0.01010	0.01553	0.01983	0.25660	0.13084	0.46349	0.01584	0.00769	0.00218	0.00326	0.01355	0.00633	0.00562
24	0.00940	0.00773	0.01166	0.07206	0.01478	0.00783	0.06559	0.01174	0.03324	0.01711	0.03158	0.49425	0.07681	0.04033	0.02918	0.00285	0.02703	0.03563	0.00531	0.00590
25	0.01742	0.01898	0.04323	0.16220	0.12824	0.19714	0.16735	0.04142	0.06547	0.03541	0.01325	0.01630	0.01027	0.00655	0.00680	0.00199	0.02513	0.00587	0.02851	0.00846
26	0.01401	0.01308	0.02176	0.21851	0.43468	0.01395	0.01731	0.01813	0.03508	0.01935	0.01415	0.05942	0.01241	0.01037	0.06784	0.00273	0.00842	0.00660	0.00339	0.00880
27	0.01446	0.01379	0.02346	0.32917	0.45506	0.01495	0.01907	0.01849	0.01399	0.01925	0.01188	0.01649	0.00958	0.00604	0.00642	0.00201	0.00805	0.00575	0.00307	0.00900
28	0.05480	0.01556	0.03529	0.03473	0.01674	0.13662	0.01012	0.16853	0.09911	0.10302	0.12274	0.07669	0.06016	0.02805	0.00724	0.00212	0.00645	0.00786	0.00576	0.00840

[dist]
# distance from previous block
# <min> <max>
1	3

[block]
# block no. 2 follows, 34 sequences, length 21
# corresponding to MSA columns:
# 86-106
name=unknown_C
#
# <colnr> <probs for GDERKNQSTAVLIFYWHMCP>
#	G	D	E	R	K	N	Q	S	T	A	V	L	I	F	Y	W	H	M	C	P
0	0.01402	0.01341	0.02338	0.38371	0.22992	0.01471	0.11735	0.04836	0.01450	0.01945	0.01329	0.05451	0.01105	0.00687	0.00670	0.00211	0.00837	0.00665	0.00333	0.00831
1	0.01523	0.01432	0.05177	0.10714	0.08282	0.12623	0.04287	0.01824	0.01425	0.07564	0.03954	0.02176	0.03552	0.04694	0.11000	0.00323	0.03018	0.00631	0.11872	0.03927
2	0.01432	0.01074	0.01412	0.07824	0.11520	0.01114	0.01066	0.04531	0.17516	0.09678	0.10872	0.07988	0.13712	0.01116	0.00710	0.00219	0.00534	0.06280	0.00582	0.00821
3	0.02405	0.05028	0.01625	0.01283	0.04409	0.01211	0.01012	0.13345	0.05634	0.43842	0.07952	0.02454	0.03166	0.00863	0.00655	0.00200	0.00566	0.02626	0.00707	0.01016
4	0.00794	0.00567	0.00756	0.00895	0.00939	0.00529	0.00600	0.00916	0.01267	0.01697	0.07102	0.73193	0.04367	0.01988	0.00822	0.00259	0.00371	0.01803	0.00605	0.00529
5	0.07242	0.00845	0.00903	0.00803	0.01055	0.00860	0.00629	0.08033	0.03432	0.11853	0.06761	0.02369	0.01835	0.00791	0.00517	0.00170	0.00390	0.00630	0.50151	0.00730
6	0.02427	0.02683	0.01865	0.01609	0.01999	0.52005	0.01242	0.23972	0.02208	0.02359	0.01171	0.01286	0.00915	0.00700	0.00603	0.00175	0.01023	0.00468	0.00431	0.00858
7	0.01440	0.01412	0.02697	0.37538	0.11934	0.01503	0.27446	0.01900	0.01420	0.04530	0.01267	0.01734	0.00952	0.00606	0.00689	0.00213	0.00924	0.00647	0.00325	0.00824
8	0.00786	0.00569	0.00743	0.00882	0.00933	0.00526	0.00592	0.00902	0.01254	0.01656	0.03776	0.71775	0.09230	0.01996	0.00820	0.00259	0.00371	0.01803	0.00600	0.00526
9	0.00787	0.00562	0.00750	0.00900	0.00937	0.00525	0.00600	0.00900	0.01237	0.01649	0.03561	0.76871	0.04274	0.02024	0.00825	0.00262	0.00375	0.01837	0.00600	0.00525
10	0.01456	0.01619	0.03448	0.12114	0.03419	0.01564	0.59174	0.01969	0.01483	0.01999	0.01376	0.04714	0.01095	0.00616	0.00750	0.00219	0.01031	0.00781	0.00332	0.00838
11	0.00903	0.00687	0.00844	0.00922	0.01030	0.00680	0.00651	0.01234	0.09525	0.01793	0.05382	0.48553	0.12820	0.04879	0.04598	0.00304	0.00467	0.03551	0.00588	0.00587
12	0.01146	0.00729	0.00938	0.00909	0.01012	0.00759	0.00645	0.01312	0.02726	0.08278	0.05639	0.09411	0.02433	0.34191	0.19222	0.00588	0.03191	0.03979	0.02329	0.00560
13	0.77015	0.01284	0.01010	0.00889	0.01296	0.01483	0.00732	0.06119	0.01218	0.02971	0.00939	0.01080	0.00724	0.00611	0.00415	0.00200	0.00513	0.00364	0.00415	0.00724
14	0.01119	0.00607	0.00618	0.00627	0.00780	0.00590	0.00466	0.01390	0.01364	0.02272	0.02800	0.07467	0.11518	0.00950	0.00517	0.00167	0.00309	0.00781	0.65067	0.00590
15	0.05081	0.01560	0.01725	0.03725	0.01897	0.01694	0.01124	0.51275	0.02595	0.12036	0.01773	0.05916	0.01342	0.00838	0.00639	0.00197	0.00652	0.00653	0.04261	0.01018
16	0.01054	0.00876	0.01206	0.12474	0.09175	0.00885	0.00975	0.03495	0.03098	0.02032	0.16617	0.12175	0.23180	0.01331	0.00748	0.00225	0.00501	0.08743	0.00546	0.00665
17	0.01618	0.00983	0.03486	0.01044	0.01335	0.00899	0.00853	0.03829	0.02974	0.25083	0.13226	0.12708	0.17330	0.01347	0.02799	0.00243	0.06501	0.02320	0.00640	0.00783
18	0.03696	0.01345	0.01455	0.01262	0.01615	0.01493	0.00989	0.25493	0.30646	0.04589	0.02388	0.16064	0.02065	0.01047	0.00674	0.00216	0.00548	0.00874	0.02603	0.00938
19	0.57240	0.05968	0.01319	0.04423	0.03051	0.09290	0.00880	0.04518	0.01288	0.02617	0.00962	0.01133	0.00761	0.00607	0.00449	0.00189	0.00611	0.00381	0.00387	0.03927
20	0.01199	0.01055	0.03191	0.04567	0.03560	0.03847	0.07375	0.04185	0.07836	0.02070	0.07044	0.17473	0.14448	0.01248	0.00762	0.03032	0.00538	0.03665	0.12224	0.00681

[dist]
# distance from previous block
# <min> <max>
1	6

[block]
# block no. 3 follows, 34 sequences, length 15
# corresponding to MSA columns:
# 113-127
name=unknown_D
#
# <colnr> <probs for GDERKNQSTAVLIFYWHMCP>
#	G	D	E	R	K	N	Q	S	T	A	V	L	I	F	Y	W	H	M	C	P
0	0.01814	0.08659	0.24245	0.03967	0.04658	0.03683	0.07410	0.19143	0.04459	0.08788	0.01496	0.04189	0.01144	0.00733	0.00669	0.00200	0.02745	0.00595	0.00446	0.00956
1	0.00932	0.00655	0.00827	0.00908	0.01011	0.00623	0.00633	0.01186	0.06145	0.04596	0.09067	0.56758	0.10595	0.01808	0.00796	0.00248	0.00381	0.01620	0.00620	0.00589
2	0.01665	0.03872	0.09822	0.05945	0.17662	0.08823	0.04919	0.12658	0.05105	0.04863	0.07749	0.04410	0.05800	0.00817	0.00651	0.00197	0.00729	0.00697	0.02731	0.00883
3	0.00923	0.00623	0.00725	0.00741	0.00751	0.00624	0.00434	0.00945	0.00976	0.01307	0.02185	0.11932	0.02521	0.65796	0.06409	0.00607	0.00652	0.01024	0.00412	0.00415
4	0.11532	0.11585	0.22167	0.01740	0.07741	0.01714	0.08305	0.09121	0.15484	0.02423	0.01443	0.01565	0.01093	0.00663	0.00591	0.00198	0.00752	0.00541	0.00411	0.00932
5	0.01438	0.01148	0.01558	0.13469	0.05588	0.04438	0.05188	0.04187	0.10008	0.08352	0.02011	0.04775	0.04818	0.04706	0.18571	0.00424	0.03577	0.00725	0.04257	0.00761
6	0.39660	0.01726	0.03704	0.01165	0.01588	0.14923	0.00963	0.16290	0.01700	0.06087	0.01483	0.01555	0.05282	0.00721	0.00525	0.00194	0.00672	0.00490	0.00465	0.00808
7	0.01665	0.01587	0.07072	0.10069	0.13252	0.03643	0.09022	0.13671	0.09310	0.05149	0.04121	0.01992	0.01391	0.00718	0.00645	0.00192	0.00730	0.03141	0.00456	0.12175
8	0.01223	0.00872	0.01022	0.00982	0.01093	0.05309	0.00708	0.01351	0.01154	0.07933	0.02000	0.10816	0.02026	0.26037	0.24988	0.02817	0.04920	0.00857	0.03322	0.00571
9	0.81856	0.01250	0.00950	0.00850	0.01250	0.01449	0.00700	0.01899	0.01100	0.02899	0.00900	0.01050	0.00700	0.00600	0.00400	0.00200	0.00500	0.00350	0.00400	0.00700
10	0.01595	0.01547	0.02687	0.03898	0.69457	0.01541	0.05735	0.01988	0.01474	0.02109	0.01220	0.01607	0.01021	0.00574	0.00646	0.00193	0.00785	0.00586	0.00320	0.01015
11	0.01340	0.01148	0.01340	0.00957	0.01531	0.00861	0.00766	0.01627	0.01340	0.02105	0.01148	0.01340	0.00957	0.00479	0.00479	0.00096	0.00479	0.00383	0.00383	0.81242
12	0.01259	0.03452	0.06757	0.11548	0.04406	0.01067	0.03706	0.04254	0.04648	0.06137	0.02484	0.07997	0.09930	0.13576	0.09954	0.00383	0.00780	0.06512	0.00455	0.00697
13	0.00907	0.00621	0.00776	0.00861	0.00952	0.00596	0.00606	0.01145	0.03956	0.01944	0.12647	0.48609	0.05955	0.01673	0.00753	0.00236	0.00366	0.03854	0.12975	0.00569
14	0.03192	0.10525	0.08170	0.04282	0.14411	0.01266	0.03250	0.01870	0.01447	0.14991	0.03791	0.14132	0.08262	0.00981	0.00704	0.00204	0.03421	0.00832	0.00478	0.03792

[dist]
# distance from previous block
# <min> <max>
0	7

[block]
# block no. 4 follows, 34 sequences, length 19
# corresponding to MSA columns:
# 135-153
name=unknown_E
#
# <colnr> <probs for GDERKNQSTAVLIFYWHMCP>
#	G	D	E	R	K	N	Q	S	T	A	V	L	I	F	Y	W	H	M	C	P
0	0.17014	0.01709	0.01629	0.04210	0.04239	0.17680	0.04029	0.14287	0.05508	0.13981	0.03628	0.01860	0.03565	0.03085	0.00680	0.00207	0.00734	0.00580	0.00510	0.00863
1	0.00903	0.00700	0.00841	0.00827	0.01013	0.00609	0.00603	0.01096	0.01434	0.01929	0.18671	0.25880	0.22086	0.05513	0.00880	0.00236	0.00384	0.04053	0.00582	0.11762
2	0.02220	0.01716	0.11584	0.01434	0.04218	0.05218	0.01246	0.17702	0.09149	0.27795	0.01877	0.01801	0.01295	0.00729	0.00623	0.00188	0.00669	0.00577	0.00596	0.09361
3	0.00940	0.00626	0.00705	0.00705	0.00705	0.00626	0.00392	0.00940	0.00940	0.01253	0.02036	0.04228	0.02349	0.77292	0.03289	0.00626	0.00626	0.00940	0.00392	0.00392
4	0.02443	0.02204	0.01906	0.01542	0.02002	0.24564	0.01234	0.49841	0.02663	0.03299	0.01380	0.01431	0.01016	0.00742	0.00627	0.00185	0.00852	0.00530	0.00549	0.00990
5	0.01013	0.00730	0.01001	0.01120	0.01273	0.00718	0.00964	0.01304	0.01525	0.01997	0.11330	0.06958	0.07617	0.01725	0.00871	0.00283	0.00549	0.57820	0.00608	0.00594
6	0.02279	0.01722	0.01840	0.01451	0.01936	0.01921	0.01185	0.57020	0.17413	0.03787	0.01776	0.01730	0.01281	0.00797	0.00649	0.00199	0.00669	0.00613	0.00649	0.01083
7	0.02078	0.04755	0.01854	0.09954	0.05929	0.50170	0.01295	0.02470	0.09515	0.01744	0.01374	0.01539	0.03175	0.00709	0.00601	0.00180	0.00998	0.00504	0.00370	0.00786
8	0.61829	0.01324	0.01125	0.00961	0.01371	0.01512	0.00790	0.15489	0.01495	0.03103	0.01094	0.01223	0.00831	0.00643	0.00451	0.00196	0.00530	0.00409	0.04851	0.00773
9	0.08420	0.20727	0.28933	0.04979	0.04605	0.08026	0.06415	0.04234	0.01439	0.01992	0.01287	0.01480	0.03561	0.00642	0.00564	0.00186	0.00838	0.00493	0.00320	0.00860
10	0.14934	0.06858	0.04520	0.07216	0.04648	0.11462	0.14984	0.12502	0.03935	0.02382	0.01243	0.01491	0.00967	0.00674	0.00686	0.00198	0.05489	0.00542	0.04430	0.00836
11	0.01291	0.01076	0.01275	0.09494	0.01615	0.05641	0.00954	0.09116	0.01401	0.01888	0.02026	0.07121	0.05323	0.14392	0.15460	0.00446	0.09580	0.04948	0.06308	0.00644
12	0.01308	0.00844	0.01018	0.00922	0.01154	0.00842	0.00708	0.01903	0.15503	0.10515	0.42330	0.03754	0.04224	0.01104	0.00690	0.00199	0.00372	0.00953	0.10913	0.00744
13	0.08023	0.00960	0.01166	0.00975	0.01309	0.00910	0.00778	0.07907	0.01841	0.28213	0.28571	0.03371	0.09245	0.01044	0.00676	0.00201	0.00444	0.00872	0.02666	0.00829
14	0.01036	0.00844	0.01304	0.01255	0.01477	0.00806	0.09828	0.01335	0.01502	0.01947	0.07987	0.08559	0.16245	0.01579	0.00842	0.00266	0.00584	0.41417	0.00569	0.00620
15	0.04455	0.00807	0.01045	0.00984	0.01157	0.00879	0.00753	0.06399	0.01285	0.06230	0.04550	0.02876	0.05554	0.13191	0.43447	0.00735	0.01218	0.00749	0.03056	0.00628
16	0.00926	0.00668	0.00819	0.00852	0.00999	0.00615	0.00623	0.01175	0.03978	0.04395	0.21433	0.31581	0.22670	0.01653	0.00785	0.00234	0.00367	0.05000	0.00636	0.00592
17	0.01293	0.09638	0.01752	0.11695	0.05603	0.01263	0.06859	0.01724	0.08114	0.04404	0.14403	0.10384	0.04824	0.03433	0.03627	0.00253	0.05235	0.00860	0.03901	0.00735
18	0.01645	0.01798	0.11804	0.15243	0.20191	0.11743	0.07674	0.02027	0.01480	0.08512	0.01463	0.05018	0.01207	0.03817	0.00751	0.00217	0.00835	0.00634	0.03089	0.00853

[dist]
# distance from previous block
# <min> <max>
0	18

[block]
# block no. 5 follows, 34 sequences, length 14
# corresponding to MSA columns:
# 172-185
name=unknown_F
#
# <colnr> <probs for GDERKNQSTAVLIFYWHMCP>
#	G	D	E	R	K	N	Q	S	T	A	V	L	I	F	Y	W	H	M	C	P
0	0.09926	0.01362	0.01829	0.07527	0.05065	0.05754	0.13352	0.08610	0.08896	0.04918	0.09805	0.05437	0.01924	0.02743	0.03712	0.00247	0.00734	0.02558	0.00481	0.05118
1	0.03401	0.19885	0.23702	0.01549	0.03951	0.09789	0.05697	0.04468	0.01487	0.06557	0.01257	0.03064	0.01008	0.00750	0.02565	0.00197	0.00836	0.00498	0.00355	0.08984
2	0.00872	0.00651	0.00810	0.00787	0.00943	0.00589	0.00584	0.01130	0.01703	0.02332	0.52966	0.11421	0.19934	0.01448	0.00768	0.00212	0.00316	0.01268	0.00678	0.00589
3	0.81856	0.01250	0.00950	0.00850	0.01250	0.01449	0.00700	0.01899	0.01100	0.02899	0.00900	0.01050	0.00700	0.00600	0.00400	0.00200	0.00500	0.00350	0.00400	0.00700
4	0.00943	0.00676	0.00772	0.00750	0.00953	0.00586	0.00561	0.01144	0.01568	0.06588	0.23344	0.12089	0.44622	0.01536	0.00762	0.00217	0.00340	0.01310	0.00642	0.00596
5	0.01727	0.77681	0.03386	0.01106	0.01658	0.02557	0.01106	0.01935	0.01313	0.01520	0.00898	0.01036	0.00829	0.00553	0.00415	0.00138	0.00691	0.00345	0.00276	0.00829
6	0.00803	0.00629	0.00730	0.00785	0.00932	0.00557	0.00573	0.00971	0.01427	0.01804	0.11624	0.30129	0.39139	0.01747	0.00792	0.00237	0.00358	0.05607	0.00610	0.00548
7	0.02706	0.01098	0.01453	0.01126	0.01604	0.00968	0.00926	0.06257	0.01877	0.64549	0.02823	0.02491	0.07322	0.00866	0.00659	0.00201	0.00540	0.00704	0.00776	0.01055
8	0.02346	0.07833	0.01977	0.01407	0.01909	0.01944	0.01174	0.58049	0.05207	0.06706	0.01597	0.01595	0.01147	0.00762	0.00622	0.00189	0.00682	0.00571	0.03225	0.01058
9	0.01270	0.01076	0.01329	0.04046	0.09648	0.01124	0.00958	0.02121	0.27921	0.02326	0.17439	0.09104	0.09298	0.02771	0.00746	0.00216	0.00482	0.00925	0.00581	0.06618
10	0.01901	0.13824	0.02022	0.03623	0.09609	0.09006	0.03690	0.15696	0.08152	0.10033	0.01722	0.01923	0.02643	0.00990	0.05100	0.00237	0.00766	0.02009	0.06157	0.00898
11	0.01707	0.53649	0.13281	0.01266	0.01829	0.11227	0.01283	0.01993	0.01411	0.01660	0.04722	0.01298	0.01104	0.00616	0.00482	0.00155	0.00768	0.00416	0.00306	0.00826
12	0.01009	0.00687	0.00851	0.00856	0.00997	0.00724	0.00642	0.01333	0.05548	0.01916	0.06353	0.11496	0.09875	0.04851	0.27420	0.00512	0.00851	0.00904	0.22578	0.00598
13	0.09128	0.03683	0.04572	0.01505	0.06734	0.16306	0.04385	0.08301	0.08060	0.02201	0.05497	0.11595	0.07617	0.00983	0.00723	0.00206	0.04824	0.00789	0.02110	0.00780

[dist]
# distance from previous block
# <min> <max>
2	8

[block]
# block no. 6 follows, 34 sequences, length 19
# corresponding to MSA columns:
# 194-212
name=unknown_G
#
# <colnr> <probs for GDERKNQSTAVLIFYWHMCP>
#	G	D	E	R	K	N	Q	S	T	A	V	L	I	F	Y	W	H	M	C	P
0	0.00826	0.00708	0.03724	0.00881	0.01006	0.00582	0.00655	0.01005	0.01383	0.01842	0.15771	0.49509	0.16156	0.01781	0.00795	0.00242	0.00378	0.01587	0.00606	0.00560
1	0.04250	0.10757	0.29031	0.01617	0.06916	0.12476	0.01553	0.01925	0.01420	0.04421	0.01643	0.12261	0.03098	0.00861	0.00648	0.00199	0.02613	0.00683	0.02805	0.00823
2	0.01279	0.04056	0.05498	0.01197	0.01458	0.05859	0.04859	0.01745	0.11936	0.06223	0.08064	0.30793	0.07745	0.01420	0.02259	0.00244	0.02930	0.01167	0.00550	0.00718
3	0.00959	0.00678	0.00816	0.00828	0.00876	0.00706	0.00531	0.01134	0.05692	0.01446	0.02243	0.14215	0.02479	0.49626	0.14465	0.00615	0.00764	0.01014	0.00431	0.00483
4	0.01425	0.01553	0.09848	0.22283	0.23871	0.01514	0.04738	0.03682	0.06062	0.02028	0.03530	0.01776	0.01183	0.00719	0.00819	0.00212	0.09804	0.00602	0.03489	0.00862
5	0.04962	0.45397	0.13638	0.01264	0.01843	0.05767	0.01274	0.04508	0.06962	0.05331	0.01187	0.01282	0.00961	0.00613	0.00493	0.00162	0.00722	0.00423	0.00354	0.02858
6	0.00901	0.00713	0.00793	0.00753	0.00961	0.00640	0.00570	0.04443	0.01678	0.02166	0.30436	0.05485	0.45181	0.01480	0.00757	0.00212	0.00338	0.01255	0.00643	0.00596
7	0.00929	0.00622	0.00708	0.00718	0.00721	0.00619	0.00406	0.00937	0.00960	0.01280	0.02141	0.09239	0.02482	0.72100	0.03119	0.00601	0.00609	0.01002	0.00406	0.00401
8	0.02184	0.01643	0.01760	0.01422	0.01829	0.05603	0.01157	0.38772	0.14283	0.10060	0.01744	0.01758	0.01276	0.00829	0.00804	0.00206	0.09202	0.00604	0.03863	0.01003
9	0.01568	0.13825	0.18012	0.03255	0.04772	0.01448	0.03919	0.06466	0.08251	0.08340	0.03220	0.05987	0.01481	0.05797	0.00772	0.00214	0.00681	0.00636	0.03176	0.08179
10	0.02962	0.09982	0.23991	0.08226	0.07296	0.01576	0.08915	0.07075	0.04716	0.07065	0.01597	0.03682	0.03223	0.00756	0.00704	0.00206	0.04318	0.02425	0.00393	0.00893
11	0.01296	0.03342	0.73944	0.01842	0.02797	0.01501	0.02387	0.02046	0.01364	0.02046	0.01160	0.01364	0.00818	0.00614	0.00614	0.00205	0.00955	0.00477	0.00273	0.00955
12	0.00903	0.00684	0.00954	0.00942	0.01048	0.00699	0.03318	0.01061	0.01155	0.01564	0.05406	0.19162	0.10674	0.20740	0.28052	0.00619	0.00943	0.01091	0.00453	0.00531
13	0.07498	0.01901	0.20982	0.07295	0.10730	0.04335	0.01523	0.05815	0.08330	0.13291	0.01768	0.01865	0.04598	0.00737	0.00667	0.00201	0.03294	0.00584	0.00450	0.04137
14	0.04193	0.01160	0.01488	0.03692	0.06510	0.03499	0.04670	0.07483	0.11497	0.07405	0.02007	0.13588	0.01802	0.01377	0.07207	0.03151	0.07393	0.00808	0.10292	0.00777
15	0.00810	0.00585	0.00738	0.00845	0.00901	0.00544	0.00562	0.00921	0.01249	0.01648	0.06561	0.56926	0.11485	0.11659	0.01133	0.00302	0.00399	0.01643	0.00578	0.00513
16	0.01610	0.06766	0.09628	0.15649	0.12914	0.12350	0.05925	0.07007	0.01594	0.04979	0.04925	0.10633	0.01585	0.00835	0.00651	0.00201	0.00798	0.00720	0.00404	0.00826
17	0.07345	0.04609	0.07182	0.07025	0.09447	0.13147	0.09524	0.21551	0.01962	0.10004	0.01384	0.01533	0.01015	0.00674	0.00623	0.00193	0.00829	0.00552	0.00462	0.00937
18	0.01634	0.01110	0.01386	0.01188	0.01496	0.03185	0.05681	0.11415	0.07744	0.12819	0.06966	0.12880	0.02308	0.01055	0.00701	0.00207	0.02393	0.06687	0.15010	0.04136

[dist]
# distance from previous block
# <min> <max>
3	10

[block]
# block no. 7 follows, 34 sequences, length 25
# corresponding to MSA columns:
# 223-247
name=unknown_H
#
# <colnr> <probs for GDERKNQSTAVLIFYWHMCP>
#	G	D	E	R	K	N	Q	S	T	A	V	L	I	F	Y	W	H	M	C	P
0	0.03349	0.20708	0.02187	0.21266	0.07222	0.01637	0.03667	0.04690	0.01430	0.09077	0.01483	0.01741	0.03386	0.00707	0.00677	0.00188	0.06200	0.00549	0.07202	0.02636
1	0.01434	0.01761	0.19894	0.12008	0.10321	0.01326	0.12566	0.05009	0.04506	0.06228	0.09333	0.05182	0.03333	0.00793	0.00673	0.00207	0.00761	0.00725	0.03080	0.00859
2	0.01119	0.00773	0.01042	0.01165	0.05821	0.00758	0.00793	0.05515	0.01438	0.06762	0.06132	0.43018	0.07732	0.02000	0.08583	0.00328	0.00583	0.05218	0.00576	0.00646
3	0.01146	0.00676	0.00789	0.00752	0.00804	0.00661	0.00450	0.01173	0.01036	0.08895	0.02090	0.04014	0.02270	0.69224	0.03010	0.00581	0.00618	0.00909	0.00435	0.00466
4	0.02116	0.01189	0.01388	0.01161	0.01563	0.01221	0.00928	0.07096	0.29469	0.31731	0.02606	0.02398	0.04067	0.00851	0.00635	0.00203	0.00511	0.00696	0.09175	0.00999
5	0.01013	0.00828	0.01179	0.03837	0.01300	0.01003	0.00888	0.01186	0.01064	0.01518	0.01895	0.16145	0.01995	0.11024	0.35794	0.00665	0.16807	0.00898	0.00382	0.00580
6	0.00883	0.00650	0.00912	0.00951	0.01038	0.00704	0.00696	0.01055	0.01098	0.01523	0.02438	0.22353	0.05290	0.11617	0.44816	0.00758	0.01202	0.01046	0.00428	0.00542
7	0.01122	0.00561	0.00842	0.00842	0.00842	0.00561	0.00561	0.00842	0.00842	0.01122	0.01122	0.01964	0.01122	0.02245	0.02525	0.81201	0.00561	0.00561	0.00281	0.00281
8	0.02367	0.01765	0.01889	0.01469	0.01970	0.01962	0.01206	0.63969	0.10322	0.03928	0.01665	0.01642	0.01191	0.00786	0.00648	0.00197	0.00690	0.00597	0.00648	0.01091
9	0.00834	0.00591	0.00778	0.00905	0.00953	0.00561	0.00622	0.00959	0.01251	0.01668	0.05809	0.59559	0.04074	0.10089	0.01095	0.00303	0.00422	0.08427	0.00581	0.00520
10	0.01599	0.01535	0.02623	0.03966	0.73262	0.01535	0.01983	0.01983	0.01471	0.02111	0.01215	0.01599	0.01023	0.00576	0.00640	0.00192	0.00768	0.00576	0.00320	0.01023
11	0.01296	0.03342	0.73944	0.01842	0.02797	0.01501	0.02387	0.02046	0.01364	0.02046	0.01160	0.01364	0.00818	0.00614	0.00614	0.00205	0.00955	0.00477	0.00273	0.00955
12	0.02250	0.01296	0.01466	0.01161	0.01577	0.01344	0.00947	0.33995	0.02267	0.22931	0.01974	0.01956	0.01384	0.00776	0.00596	0.00184	0.00559	0.00606	0.21763	0.00969
13	0.00923	0.00692	0.01038	0.01038	0.01154	0.00808	0.00808	0.01154	0.01038	0.01500	0.01731	0.02538	0.01615	0.04846	0.74732	0.01038	0.01731	0.00692	0.00346	0.00577
14	0.06459	0.01330	0.01408	0.01236	0.01607	0.01485	0.00983	0.14438	0.42467	0.05394	0.02783	0.02836	0.09054	0.00968	0.00664	0.00217	0.00532	0.04556	0.00636	0.00947
15	0.01599	0.01535	0.02623	0.03966	0.73262	0.01535	0.01983	0.01983	0.01471	0.02111	0.01215	0.01599	0.01023	0.00576	0.00640	0.00192	0.00768	0.00576	0.00320	0.01023
16	0.00920	0.00654	0.00874	0.00914	0.00979	0.00692	0.00652	0.01057	0.01082	0.01481	0.02307	0.15378	0.02518	0.29837	0.29870	0.00691	0.01004	0.08157	0.00429	0.00505
17	0.01233	0.01042	0.01205	0.05593	0.03529	0.01135	0.00894	0.02214	0.35276	0.02243	0.07793	0.17822	0.14895	0.01240	0.00714	0.00226	0.00468	0.01072	0.00608	0.00798
18	0.81856	0.01250	0.00950	0.00850	0.01250	0.01449	0.00700	0.01899	0.01100	0.02899	0.00900	0.01050	0.00700	0.00600	0.00400	0.00200	0.00500	0.00350	0.00400	0.00700
19	0.01572	0.01420	0.03529	0.01369	0.04499	0.05886	0.01038	0.09887	0.39636	0.02580	0.06861	0.12199	0.02294	0.01010	0.00672	0.00214	0.00558	0.00852	0.03014	0.00907
20	0.81856	0.01250	0.00950	0.00850	0.01250	0.01449	0.00700	0.01899	0.01100	0.02899	0.00900	0.01050	0.00700	0.00600	0.00400	0.00200	0.00500	0.00350	0.00400	0.00700
21	0.00786	0.00569	0.00743	0.00883	0.00933	0.00526	0.00592	0.00902	0.01253	0.01656	0.03762	0.72122	0.08893	0.01998	0.00821	0.00259	0.00372	0.01805	0.00600	0.00526
22	0.02378	0.02579	0.01844	0.01600	0.01956	0.50073	0.01239	0.16568	0.02017	0.06384	0.01193	0.01324	0.00934	0.00731	0.00713	0.00183	0.06551	0.00475	0.00421	0.00838
23	0.09154	0.01149	0.01161	0.01037	0.01334	0.03624	0.00814	0.10888	0.22052	0.04692	0.02124	0.02231	0.03297	0.01183	0.07550	0.00268	0.00604	0.00635	0.25393	0.00811
24	0.01748	0.46061	0.09233	0.01393	0.04708	0.13170	0.01261	0.02177	0.08859	0.01725	0.01159	0.01302	0.00982	0.00748	0.02874	0.00188	0.00804	0.00429	0.00329	0.00849

[dist]
# distance from previous block
# <min> <max>
0	2

[block]
# block no. 8 follows, 34 sequences, length 14
# corresponding to MSA columns:
# 250-263
name=unknown_I
#
# <colnr> <probs for GDERKNQSTAVLIFYWHMCP>
#	G	D	E	R	K	N	Q	S	T	A	V	L	I	F	Y	W	H	M	C	P
0	0.00785	0.00571	0.00740	0.00876	0.00931	0.00527	0.00589	0.00902	0.01260	0.01659	0.03853	0.69957	0.10999	0.01986	0.00819	0.00258	0.00370	0.01791	0.00600	0.00527
1	0.02047	0.01656	0.02043	0.04307	0.21010	0.07784	0.03974	0.27609	0.04162	0.09545	0.01702	0.01822	0.03776	0.00746	0.00680	0.00196	0.02606	0.00612	0.02737	0.00983
2	0.01680	0.06895	0.10089	0.04148	0.10242	0.05850	0.06680	0.08472	0.05539	0.12059	0.05624	0.12120	0.04594	0.00944	0.00671	0.00207	0.00691	0.02129	0.00500	0.00867
3	0.00937	0.00696	0.00769	0.00765	0.00969	0.00615	0.00567	0.01177	0.04466	0.05944	0.10590	0.17875	0.49107	0.01600	0.00763	0.00224	0.00354	0.01363	0.00622	0.00599
4	0.05992	0.46933	0.02709	0.01286	0.01760	0.25150	0.01136	0.05300	0.01544	0.01725	0.00960	0.01101	0.00836	0.00601	0.00477	0.00153	0.00831	0.00379	0.00317	0.00810
5	0.01088	0.00705	0.00869	0.00874	0.00990	0.00695	0.00620	0.01302	0.04511	0.06876	0.08185	0.16834	0.08401	0.28052	0.07271	0.00433	0.00595	0.07945	0.03190	0.00565
6	0.58659	0.01335	0.01334	0.03911	0.04368	0.01495	0.04380	0.09596	0.01397	0.06806	0.01104	0.01249	0.00826	0.00628	0.00477	0.00200	0.00579	0.00430	0.00438	0.00788
7	0.03698	0.01964	0.22428	0.06673	0.08511	0.06022	0.01508	0.11366	0.04688	0.10209	0.06267	0.04809	0.03780	0.00794	0.00637	0.00198	0.00732	0.00649	0.00465	0.04601
8	0.00935	0.00878	0.04985	0.01001	0.01197	0.00747	0.03457	0.01190	0.03018	0.01887	0.14553	0.29420	0.19831	0.04450	0.00924	0.00249	0.03530	0.04373	0.00563	0.02814
9	0.01594	0.12889	0.09647	0.03908	0.13393	0.06707	0.09114	0.09755	0.04599	0.02156	0.01663	0.08014	0.04206	0.00772	0.00620	0.00186	0.00745	0.00668	0.00402	0.08962
10	0.05125	0.06508	0.05313	0.01233	0.05365	0.09343	0.00950	0.01784	0.04897	0.07776	0.12609	0.11016	0.07590	0.04914	0.00779	0.00214	0.00584	0.02992	0.00504	0.10505
11	0.01231	0.04503	0.01177	0.00964	0.01192	0.04955	0.00707	0.02938	0.04112	0.01726	0.01809	0.12097	0.01863	0.21411	0.06401	0.05377	0.03044	0.00783	0.03405	0.20306
12	0.04992	0.10976	0.08664	0.09750	0.04268	0.01318	0.08189	0.04601	0.04171	0.02029	0.04341	0.14665	0.05724	0.00951	0.00641	0.00198	0.00648	0.02761	0.00428	0.10684
13	0.01593	0.07841	0.01714	0.06967	0.06118	0.05182	0.03301	0.10578	0.06303	0.07800	0.10638	0.05745	0.02023	0.01243	0.07752	0.00269	0.00734	0.02951	0.00496	0.10750

[dist]
# distance from previous block
# <min> <max>
0	9

[block]
# block no. 9 follows, 34 sequences, length 15
# corresponding to MSA columns:
# 273-287
name=unknown_J
#
# <colnr> <probs for GDERKNQSTAVLIFYWHMCP>
#	G	D	E	R	K	N	Q	S	T	A	V	L	I	F	Y	W	H	M	C	P
0	0.01261	0.00980	0.01238	0.09916	0.01669	0.01032	0.02979	0.06844	0.15174	0.05125	0.05891	0.15500	0.16062	0.08491	0.00973	0.00265	0.00537	0.04785	0.00562	0.00720
1	0.01533	0.03945	0.11038	0.06035	0.13014	0.07058	0.09024	0.07653	0.06394	0.03577	0.08810	0.02220	0.03579	0.03623	0.02598	0.00234	0.02480	0.00675	0.05672	0.00838
2	0.01230	0.01034	0.01562	0.33892	0.11910	0.01151	0.01332	0.04472	0.01469	0.02001	0.06619	0.02990	0.10421	0.00914	0.00663	0.00210	0.00651	0.06357	0.10402	0.00721
3	0.01394	0.08637	0.01801	0.05036	0.07151	0.01423	0.06666	0.06457	0.18459	0.02209	0.10268	0.06354	0.10353	0.03706	0.00886	0.00227	0.06822	0.00836	0.00506	0.00808
4	0.00932	0.00851	0.00789	0.00805	0.00987	0.06956	0.00588	0.01082	0.01431	0.01690	0.05168	0.17015	0.48405	0.06683	0.00932	0.00251	0.00437	0.03884	0.00563	0.00551
5	0.06820	0.21807	0.05420	0.01820	0.12723	0.17063	0.06583	0.04003	0.01477	0.01898	0.01072	0.01322	0.00905	0.00743	0.02846	0.00197	0.04728	0.00464	0.00328	0.07777
6	0.32798	0.08325	0.07189	0.01489	0.06801	0.12620	0.06698	0.05406	0.01420	0.02330	0.01310	0.04587	0.03226	0.00716	0.00576	0.00196	0.02620	0.00530	0.00382	0.00782
7	0.01402	0.08624	0.11541	0.21330	0.21934	0.04324	0.01649	0.01821	0.03008	0.01905	0.06922	0.05345	0.01494	0.00767	0.00721	0.00204	0.05183	0.00644	0.00351	0.00832
8	0.01692	0.12416	0.03855	0.03903	0.01765	0.01549	0.01070	0.18795	0.05978	0.04734	0.01600	0.05055	0.03134	0.00780	0.00719	0.00175	0.07947	0.00582	0.03065	0.21186
9	0.00906	0.00652	0.00811	0.00862	0.01004	0.00607	0.00664	0.01137	0.01509	0.02041	0.22060	0.20569	0.19917	0.01596	0.00779	0.00236	0.00389	0.16428	0.07259	0.00574
10	0.01058	0.00858	0.01080	0.03122	0.03414	0.00863	0.03227	0.01578	0.14381	0.02079	0.14899	0.12935	0.22151	0.04974	0.03167	0.00264	0.00485	0.03687	0.05108	0.00670
11	0.00928	0.00631	0.00749	0.00753	0.00778	0.00635	0.00457	0.00979	0.01038	0.01407	0.07951	0.08225	0.02704	0.60522	0.09108	0.00607	0.00681	0.00988	0.00426	0.00433
12	0.01313	0.01218	0.01922	0.06622	0.01988	0.01443	0.13175	0.06149	0.03529	0.01843	0.01549	0.02074	0.03909	0.02173	0.24825	0.00498	0.24007	0.00677	0.00359	0.00724
13	0.02243	0.01678	0.01792	0.01403	0.01882	0.01849	0.01149	0.59469	0.08869	0.03762	0.02057	0.02011	0.07114	0.00855	0.00657	0.00198	0.00662	0.00659	0.00643	0.01047
14	0.01293	0.01259	0.04019	0.19750	0.20068	0.01288	0.08913	0.01741	0.05824	0.01918	0.03658	0.02633	0.08988	0.05371	0.03231	0.00263	0.03436	0.02908	0.02654	0.00784

[dist]
# distance from previous block
# <min> <max>
4	10

[block]
# block no. 10 follows, 34 sequences, length 10
# corresponding to MSA columns:
# 299-308
name=unknown_K
#
# <colnr> <probs for GDERKNQSTAVLIFYWHMCP>
#	G	D	E	R	K	N	Q	S	T	A	V	L	I	F	Y	W	H	M	C	P
0	0.01277	0.04821	0.38353	0.01461	0.02037	0.01340	0.01634	0.04336	0.03663	0.02191	0.15071	0.04741	0.02054	0.00868	0.00778	0.00208	0.07879	0.00681	0.05776	0.00830
1	0.00816	0.00650	0.00731	0.00724	0.00908	0.00566	0.00538	0.01023	0.01577	0.02023	0.28626	0.10468	0.45954	0.01556	0.00767	0.00216	0.00323	0.01330	0.00637	0.00566
2	0.01087	0.00775	0.00915	0.00857	0.01064	0.00728	0.00647	0.07928	0.01753	0.05478	0.32684	0.15074	0.25677	0.01442	0.00755	0.00215	0.00372	0.01244	0.00659	0.00647
3	0.01865	0.01479	0.01586	0.01332	0.01735	0.01662	0.01061	0.29090	0.38900	0.03216	0.09015	0.02316	0.02037	0.00881	0.00663	0.00208	0.00568	0.00716	0.00658	0.01012
4	0.01070	0.00827	0.00938	0.00901	0.01108	0.00844	0.00679	0.01700	0.19098	0.02275	0.24061	0.11136	0.18945	0.01454	0.04104	0.00249	0.00433	0.01090	0.08399	0.00688
5	0.01362	0.00692	0.00721	0.00678	0.00867	0.00694	0.00519	0.05199	0.01469	0.06402	0.02103	0.02353	0.01624	0.00757	0.00473	0.00156	0.00336	0.00604	0.72338	0.00655
6	0.01349	0.08978	0.15467	0.05279	0.10274	0.01450	0.05733	0.04644	0.06514	0.01948	0.01954	0.02456	0.08146	0.04761	0.08328	0.00314	0.07642	0.03573	0.00385	0.00804
7	0.06902	0.10457	0.10286	0.07741	0.04065	0.04677	0.06898	0.04118	0.01375	0.04401	0.03822	0.04166	0.01357	0.07872	0.02526	0.05646	0.00731	0.00600	0.00376	0.11984
8	0.04135	0.05039	0.06019	0.09499	0.07794	0.04481	0.01192	0.09319	0.09469	0.11683	0.08806	0.09936	0.02093	0.00943	0.00658	0.00205	0.00629	0.03766	0.00530	0.03804
9	0.10752	0.18133	0.08370	0.01429	0.05363	0.05585	0.04352	0.13022	0.07680	0.03924	0.01718	0.09689	0.03589	0.00829	0.00586	0.00191	0.00674	0.00662	0.00448	0.03003

[dist]
# distance from previous block
# <min> <max>
3	12

[block]
# block no. 11 follows, 34 sequences, length 16
# corresponding to MSA columns:
# 321-336
name=unknown_L
#
# <colnr> <probs for GDERKNQSTAVLIFYWHMCP>
#	G	D	E	R	K	N	Q	S	T	A	V	L	I	F	Y	W	H	M	C	P
0	0.09884	0.04242	0.07453	0.08907	0.12864	0.05935	0.01234	0.07820	0.05221	0.03444	0.02053	0.11337	0.07844	0.01038	0.03037	0.00227	0.00690	0.00755	0.00440	0.05575
1	0.01275	0.01147	0.01195	0.00998	0.01367	0.07537	0.00773	0.03289	0.04082	0.02043	0.10142	0.06557	0.11242	0.01343	0.09037	0.00253	0.00646	0.00733	0.00468	0.35873
2	0.05212	0.04080	0.05909	0.11284	0.11912	0.10482	0.01254	0.07308	0.07772	0.02218	0.03867	0.01945	0.04560	0.00737	0.00626	0.00184	0.02539	0.00586	0.09241	0.08287
3	0.01072	0.00882	0.04204	0.00981	0.01171	0.00793	0.00784	0.04438	0.03266	0.04953	0.13547	0.24672	0.18338	0.06039	0.00987	0.00261	0.03925	0.08469	0.00585	0.00631
4	0.01117	0.01056	0.08837	0.01079	0.01305	0.00930	0.00928	0.01451	0.04461	0.05099	0.09380	0.06291	0.07779	0.09027	0.28039	0.00552	0.06456	0.00829	0.04730	0.00655
5	0.01761	0.04327	0.06839	0.14590	0.06380	0.12002	0.01304	0.14937	0.07485	0.07873	0.02107	0.02229	0.09787	0.01023	0.04329	0.00240	0.00799	0.00658	0.00472	0.00858
6	0.00808	0.00610	0.00746	0.00809	0.00924	0.00549	0.00570	0.00976	0.01433	0.01879	0.19286	0.40649	0.24898	0.01760	0.00793	0.00237	0.00346	0.01554	0.00624	0.00549
7	0.01889	0.05012	0.08185	0.01646	0.08574	0.10025	0.01287	0.19582	0.22984	0.04224	0.01701	0.01724	0.01284	0.00723	0.00613	0.00188	0.00704	0.00570	0.00513	0.08570
8	0.04627	0.00730	0.00864	0.00895	0.01037	0.00712	0.00649	0.01261	0.06648	0.01912	0.12464	0.30005	0.11515	0.12123	0.01114	0.00291	0.00439	0.08449	0.00572	0.03694
9	0.01936	0.06548	0.08487	0.04064	0.11541	0.04758	0.05706	0.16899	0.04195	0.14988	0.04900	0.03227	0.01436	0.00736	0.00626	0.00189	0.00702	0.00617	0.03212	0.05233
10	0.01634	0.22924	0.27921	0.01486	0.02123	0.03487	0.04428	0.09481	0.06845	0.04925	0.01453	0.04033	0.01176	0.00715	0.00581	0.00188	0.00772	0.02024	0.02899	0.00905
11	0.00848	0.00637	0.00791	0.00829	0.00964	0.00579	0.00612	0.01059	0.01533	0.02039	0.29462	0.26790	0.22622	0.01650	0.00792	0.00232	0.00355	0.07000	0.00640	0.00567
12	0.01074	0.00729	0.00852	0.00820	0.01021	0.00659	0.00609	0.04319	0.01588	0.08533	0.18842	0.19471	0.33831	0.03643	0.00830	0.00233	0.00378	0.01307	0.00637	0.00625
13	0.05800	0.23122	0.16821	0.06853	0.05593	0.04469	0.01402	0.13220	0.01676	0.05489	0.04753	0.01772	0.04995	0.00720	0.00571	0.00183	0.00728	0.00547	0.00408	0.00878
14	0.04807	0.01000	0.06810	0.01193	0.03653	0.00907	0.03516	0.01405	0.03500	0.04485	0.03873	0.11697	0.02002	0.12025	0.32709	0.03441	0.01091	0.00838	0.00414	0.00634
15	0.00968	0.00624	0.00771	0.00836	0.00922	0.00584	0.00570	0.01091	0.01251	0.05482	0.03398	0.42415	0.10806	0.17329	0.01292	0.00323	0.00434	0.03965	0.06400	0.00538

[dist]
# distance from previous block
# <min> <max>
0	13

# created by:
# /home/berkeley/.conda/envs/busco_data_prod/bin/msa2prfl.pl pipeline/OGs_align_augustus/4893/11984.fs
