[name]
unknown

[dist]
# distance from previous block
# <min> <max>
0	4

[block]
# block no. 0 follows, 32 sequences, length 50
# corresponding to MSA columns:
# 15-64
name=unknown_A
#
# <colnr> <probs for GDERKNQSTAVLIFYWHMCP>
#	G	D	E	R	K	N	Q	S	T	A	V	L	I	F	Y	W	H	M	C	P
0	0.02397	0.01764	0.01916	0.01512	0.02009	0.01944	0.01255	0.62820	0.02986	0.03996	0.01814	0.02234	0.01426	0.00915	0.00698	0.00213	0.00726	0.07624	0.00666	0.01086
1	0.00818	0.00584	0.00779	0.00934	0.00973	0.00545	0.00623	0.00934	0.01285	0.01713	0.03698	0.75981	0.04438	0.02102	0.00856	0.00273	0.00389	0.01908	0.00623	0.00545
2	0.01415	0.01531	0.03147	0.02310	0.02869	0.01415	0.51446	0.01878	0.01530	0.02072	0.02053	0.11390	0.06850	0.00839	0.00781	0.00224	0.00938	0.00953	0.00400	0.05959
3	0.00827	0.00591	0.00787	0.00928	0.00975	0.00551	0.00624	0.00958	0.01328	0.01782	0.08545	0.70936	0.04572	0.02050	0.00852	0.00268	0.00384	0.01858	0.00631	0.00551
4	0.02962	0.01219	0.01605	0.01230	0.01751	0.01101	0.01016	0.10249	0.02050	0.65536	0.02539	0.02213	0.01607	0.00828	0.00674	0.00207	0.00588	0.00667	0.00814	0.01142
5	0.01468	0.01468	0.02055	0.01762	0.01762	0.02055	0.01468	0.01615	0.01028	0.01615	0.00881	0.01468	0.00881	0.01174	0.02202	0.00294	0.75191	0.00587	0.00294	0.00734
6	0.01520	0.01647	0.03388	0.19295	0.10948	0.01639	0.47297	0.02041	0.01523	0.02055	0.01310	0.01790	0.00995	0.00593	0.00751	0.00223	0.01043	0.00727	0.00329	0.00885
7	0.00841	0.00607	0.00802	0.00949	0.01009	0.00568	0.00660	0.00979	0.01323	0.01746	0.03854	0.65683	0.08078	0.02057	0.00860	0.00273	0.00408	0.08127	0.00622	0.00553
8	0.06734	0.10119	0.18777	0.06897	0.18429	0.04082	0.03784	0.02046	0.01500	0.07625	0.07562	0.03622	0.01535	0.00758	0.00696	0.00205	0.03696	0.00624	0.00400	0.00910
9	0.36567	0.22534	0.04731	0.01208	0.01672	0.19944	0.01054	0.02166	0.01404	0.02240	0.00970	0.01129	0.00803	0.00627	0.00476	0.00182	0.00765	0.00385	0.00358	0.00787
10	0.01615	0.01563	0.02527	0.14630	0.50392	0.04216	0.05110	0.04104	0.01555	0.02137	0.01374	0.05201	0.01190	0.00689	0.00678	0.00207	0.00822	0.00663	0.00352	0.00974
11	0.01975	0.04992	0.05901	0.09952	0.02303	0.38228	0.01470	0.02206	0.01538	0.01667	0.01014	0.01357	0.00872	0.00824	0.01076	0.00215	0.22818	0.00497	0.00320	0.00776
12	0.00917	0.00685	0.00852	0.00810	0.00983	0.00619	0.00608	0.01204	0.01823	0.02509	0.58446	0.05310	0.19877	0.01439	0.00792	0.00214	0.00321	0.01255	0.00715	0.00619
13	0.00818	0.00584	0.00779	0.00934	0.00973	0.00545	0.00623	0.00934	0.01285	0.01713	0.03698	0.75981	0.04438	0.02102	0.00856	0.00273	0.00389	0.01908	0.00623	0.00545
14	0.00830	0.00600	0.00786	0.00911	0.00973	0.00555	0.00618	0.00971	0.01362	0.01821	0.11015	0.64737	0.08331	0.02004	0.00846	0.00264	0.00379	0.01808	0.00635	0.00555
15	0.00885	0.00683	0.00808	0.00777	0.00963	0.00606	0.00582	0.01141	0.01747	0.02329	0.45106	0.05607	0.33330	0.01507	0.00792	0.00217	0.00326	0.01297	0.00691	0.00606
16	0.81159	0.01298	0.00986	0.00882	0.01298	0.01505	0.00727	0.01972	0.01142	0.03010	0.00934	0.01090	0.00727	0.00623	0.00415	0.00208	0.00519	0.00363	0.00415	0.00727
17	0.34950	0.01086	0.01104	0.00933	0.01324	0.01117	0.00758	0.02336	0.01479	0.27513	0.01831	0.01840	0.01288	0.00733	0.00519	0.00196	0.00489	0.00534	0.19118	0.00850
18	0.81159	0.01298	0.00986	0.00882	0.01298	0.01505	0.00727	0.01972	0.01142	0.03010	0.00934	0.01090	0.00727	0.00623	0.00415	0.00208	0.00519	0.00363	0.00415	0.00727
19	0.01663	0.13883	0.41250	0.02024	0.12494	0.04075	0.01997	0.02268	0.03615	0.08678	0.01348	0.01508	0.00995	0.00651	0.00614	0.00199	0.00876	0.00513	0.00356	0.00991
20	0.00948	0.00689	0.00894	0.00852	0.01014	0.00636	0.00646	0.01257	0.01867	0.02621	0.65974	0.05186	0.09348	0.01407	0.00797	0.00216	0.00330	0.03960	0.00728	0.00629
21	0.36003	0.01180	0.01264	0.01031	0.01486	0.01186	0.00848	0.02627	0.01563	0.39351	0.01897	0.01790	0.01269	0.00740	0.00554	0.00205	0.00535	0.00540	0.04994	0.00938
22	0.01062	0.00739	0.00971	0.01037	0.01169	0.00731	0.00792	0.04458	0.01484	0.04147	0.08131	0.34130	0.07521	0.04526	0.08558	0.00366	0.00618	0.18338	0.00604	0.00619
23	0.01669	0.01441	0.01517	0.01365	0.01745	0.01669	0.01062	0.03565	0.71021	0.02807	0.02731	0.02503	0.02048	0.00910	0.00683	0.00228	0.00531	0.00759	0.00683	0.01062
24	0.01267	0.01193	0.02013	0.74806	0.04621	0.01491	0.01863	0.01714	0.01342	0.01714	0.01193	0.01789	0.00894	0.00671	0.00671	0.00224	0.00894	0.00596	0.00298	0.00745
25	0.00855	0.00636	0.00786	0.00843	0.00955	0.00578	0.00590	0.01032	0.01490	0.01978	0.22579	0.37939	0.20035	0.05348	0.00946	0.00264	0.00371	0.01567	0.00644	0.00567
26	0.01316	0.03753	0.04224	0.04612	0.19948	0.01180	0.01241	0.01605	0.01338	0.01938	0.01703	0.14409	0.01694	0.03368	0.09037	0.00302	0.05337	0.00780	0.00397	0.21819
27	0.01661	0.01594	0.02724	0.04119	0.72233	0.01594	0.02059	0.02059	0.01528	0.02192	0.01262	0.01661	0.01063	0.00598	0.00664	0.00199	0.00797	0.00598	0.00332	0.01063
28	0.00818	0.00584	0.00779	0.00934	0.00973	0.00545	0.00623	0.00934	0.01285	0.01713	0.03698	0.75981	0.04438	0.02102	0.00856	0.00273	0.00389	0.01908	0.00623	0.00545
29	0.00825	0.00634	0.00755	0.00824	0.00951	0.00564	0.00580	0.00987	0.01457	0.01875	0.13477	0.40130	0.30823	0.01854	0.00824	0.00247	0.00361	0.01630	0.00638	0.00564
30	0.01468	0.01240	0.01457	0.01127	0.03914	0.00996	0.00863	0.06882	0.01535	0.02329	0.01423	0.01595	0.03495	0.00566	0.00526	0.00115	0.00520	0.00456	0.00424	0.69070
31	0.01761	0.01383	0.01495	0.01328	0.01711	0.01564	0.01037	0.03444	0.61884	0.09166	0.05569	0.02587	0.02189	0.00922	0.00686	0.00225	0.00526	0.00770	0.00699	0.01052
32	0.75655	0.03778	0.01132	0.01009	0.03907	0.01546	0.00789	0.01977	0.01163	0.02934	0.00946	0.01110	0.00743	0.00620	0.00425	0.00205	0.00536	0.00372	0.00408	0.00743
33	0.01531	0.00875	0.00912	0.00820	0.01057	0.00911	0.00638	0.12667	0.04435	0.05014	0.02132	0.02352	0.01638	0.00792	0.00516	0.00168	0.00398	0.00629	0.61773	0.00742
34	0.01598	0.01530	0.02611	0.15340	0.61500	0.01578	0.02028	0.02005	0.01498	0.02116	0.01251	0.01681	0.01036	0.00609	0.00665	0.00203	0.00813	0.00598	0.00327	0.01012
35	0.00841	0.00620	0.00787	0.00876	0.00969	0.00566	0.00607	0.01006	0.01447	0.01927	0.18015	0.50778	0.15314	0.01891	0.00833	0.00253	0.00367	0.01690	0.00646	0.00566
36	0.01669	0.01441	0.01517	0.01365	0.01745	0.01669	0.01062	0.03565	0.71021	0.02807	0.02731	0.02503	0.02048	0.00910	0.00683	0.00228	0.00531	0.00759	0.00683	0.01062
37	0.00844	0.00636	0.00781	0.00840	0.00962	0.00573	0.00594	0.01026	0.01507	0.01986	0.21660	0.38686	0.23855	0.01806	0.00822	0.00244	0.00357	0.01596	0.00652	0.00573
38	0.00881	0.00683	0.00801	0.00772	0.00960	0.00604	0.00579	0.01133	0.01737	0.02304	0.43252	0.05648	0.35200	0.01516	0.00792	0.00218	0.00327	0.01303	0.00688	0.00604
39	0.05585	0.01550	0.01786	0.01374	0.01899	0.01602	0.01135	0.39648	0.02566	0.32802	0.02020	0.01873	0.01343	0.00809	0.00663	0.00204	0.00660	0.00625	0.00729	0.01126
40	0.01491	0.01310	0.01473	0.04580	0.01783	0.03588	0.00905	0.04374	0.07656	0.02274	0.01339	0.01511	0.01084	0.00560	0.00532	0.00123	0.00553	0.00448	0.00426	0.63991
41	0.01551	0.15218	0.38557	0.04614	0.02410	0.05768	0.01824	0.06150	0.01575	0.03791	0.06929	0.04015	0.01442	0.00764	0.00662	0.00202	0.02657	0.00588	0.00372	0.00911
42	0.00931	0.00771	0.00824	0.00825	0.01000	0.02868	0.00600	0.01177	0.04042	0.01967	0.19047	0.15780	0.36621	0.06872	0.03397	0.00286	0.00446	0.01339	0.00617	0.00592
43	0.01664	0.19653	0.04744	0.01611	0.01827	0.08289	0.01405	0.03932	0.01261	0.01706	0.00940	0.01355	0.00882	0.00961	0.01544	0.00242	0.46371	0.00517	0.00308	0.00789
44	0.05890	0.07682	0.15777	0.01614	0.10568	0.03327	0.01345	0.04118	0.01498	0.06442	0.01265	0.01444	0.00990	0.00585	0.00555	0.00155	0.00681	0.00461	0.00392	0.35211
45	0.09046	0.11282	0.08741	0.02114	0.22021	0.04102	0.01450	0.08094	0.09883	0.09167	0.03788	0.04504	0.01448	0.00761	0.00622	0.00201	0.00706	0.00625	0.00471	0.00972
46	0.00840	0.00658	0.00755	0.00815	0.00966	0.00585	0.00595	0.01003	0.01440	0.01800	0.07123	0.27489	0.40102	0.05377	0.00949	0.00268	0.00395	0.07664	0.00615	0.00559
47	0.01495	0.01018	0.01362	0.05513	0.06490	0.03360	0.03081	0.05955	0.03711	0.11646	0.05970	0.19408	0.06988	0.01643	0.04559	0.14912	0.00644	0.01003	0.00532	0.00710
48	0.05886	0.11710	0.25801	0.04378	0.12773	0.05566	0.06509	0.02153	0.04008	0.04469	0.01268	0.01487	0.00978	0.00622	0.00601	0.00188	0.00835	0.00512	0.00352	0.09903
49	0.01508	0.03767	0.07249	0.06144	0.16728	0.07544	0.03512	0.07854	0.05623	0.02081	0.01811	0.12445	0.01735	0.07981	0.08921	0.00348	0.02685	0.00815	0.00427	0.00822

[dist]
# distance from previous block
# <min> <max>
1	20

[block]
# block no. 1 follows, 32 sequences, length 7
# corresponding to MSA columns:
# 87-93
name=unknown_B
#
# <colnr> <probs for GDERKNQSTAVLIFYWHMCP>
#	G	D	E	R	K	N	Q	S	T	A	V	L	I	F	Y	W	H	M	C	P
0	0.01271	0.09412	0.01475	0.04682	0.07121	0.05527	0.00935	0.01781	0.12744	0.02129	0.17113	0.08698	0.22108	0.01214	0.00712	0.00212	0.00526	0.01024	0.00563	0.00751
1	0.02215	0.24760	0.02399	0.01547	0.01945	0.42127	0.01265	0.06919	0.01756	0.01795	0.01032	0.01218	0.00883	0.00703	0.00686	0.00176	0.06969	0.00434	0.00346	0.00823
2	0.03475	0.22901	0.18706	0.04481	0.05763	0.01740	0.03298	0.04548	0.01468	0.05834	0.01366	0.04341	0.01168	0.00741	0.00680	0.00188	0.05346	0.02623	0.00374	0.10960
3	0.07605	0.16013	0.08498	0.02042	0.14369	0.17896	0.09684	0.04754	0.01650	0.04295	0.06037	0.01655	0.01316	0.00684	0.00612	0.00189	0.00870	0.00559	0.00386	0.00888
4	0.01130	0.00606	0.00909	0.00909	0.00929	0.00626	0.00626	0.00929	0.00909	0.01232	0.01273	0.02141	0.01253	0.02791	0.14734	0.66960	0.00790	0.00606	0.00303	0.00344
5	0.01713	0.16660	0.14672	0.09102	0.04912	0.12927	0.07285	0.04550	0.13939	0.02123	0.04715	0.01765	0.01358	0.00718	0.00626	0.00197	0.00846	0.00582	0.00406	0.00904
6	0.01688	0.01471	0.07287	0.01379	0.05621	0.01250	0.01113	0.17075	0.01848	0.07217	0.06039	0.06475	0.04161	0.00823	0.00679	0.00173	0.03208	0.00666	0.00514	0.31314

[dist]
# distance from previous block
# <min> <max>
0	9

[block]
# block no. 2 follows, 32 sequences, length 18
# corresponding to MSA columns:
# 103-120
name=unknown_C
#
# <colnr> <probs for GDERKNQSTAVLIFYWHMCP>
#	G	D	E	R	K	N	Q	S	T	A	V	L	I	F	Y	W	H	M	C	P
0	0.23388	0.03504	0.04657	0.01820	0.09594	0.12043	0.12141	0.02211	0.06943	0.05192	0.03310	0.04837	0.01302	0.00771	0.00712	0.00213	0.05472	0.00620	0.00424	0.00846
1	0.13580	0.01931	0.13508	0.02509	0.15794	0.01669	0.29031	0.06177	0.01549	0.02383	0.01245	0.01585	0.00958	0.00636	0.00750	0.00218	0.04568	0.00625	0.00359	0.00927
2	0.01096	0.00771	0.00877	0.00826	0.01064	0.00695	0.00627	0.01426	0.06303	0.08597	0.22853	0.08454	0.40924	0.01500	0.00777	0.00223	0.00370	0.01273	0.00676	0.00669
3	0.00960	0.00712	0.01045	0.01045	0.01153	0.00821	0.00797	0.01177	0.01069	0.01533	0.01828	0.02805	0.01751	0.11890	0.67002	0.01037	0.01687	0.00744	0.00364	0.00581
4	0.01414	0.01603	0.09313	0.38884	0.18306	0.01574	0.12444	0.01889	0.01412	0.01917	0.01221	0.01716	0.00944	0.00657	0.00747	0.00221	0.03951	0.00617	0.00310	0.00860
5	0.00899	0.00704	0.00886	0.00882	0.01034	0.00692	0.00663	0.01116	0.01484	0.01980	0.23047	0.14274	0.27284	0.02364	0.16603	0.00415	0.03246	0.01246	0.00587	0.00595
6	0.00981	0.00702	0.00788	0.00774	0.00988	0.00604	0.00577	0.01172	0.01578	0.07130	0.15308	0.15067	0.48640	0.01642	0.00792	0.00229	0.00360	0.01397	0.00655	0.00615
7	0.01660	0.01716	0.09838	0.28535	0.12404	0.06968	0.06823	0.05749	0.01560	0.07408	0.01364	0.01730	0.01029	0.00710	0.00764	0.00215	0.05860	0.00595	0.04198	0.00874
8	0.05134	0.21063	0.06521	0.28025	0.05452	0.01910	0.01514	0.13011	0.07139	0.02269	0.01306	0.01575	0.01013	0.00680	0.00596	0.00197	0.00781	0.00533	0.00391	0.00889
9	0.13061	0.03733	0.30421	0.03523	0.02245	0.03407	0.04370	0.04559	0.07431	0.02327	0.01671	0.01819	0.05734	0.00732	0.00649	0.00201	0.02823	0.00566	0.00392	0.10334
10	0.00973	0.00661	0.00786	0.00786	0.00805	0.00680	0.00474	0.01011	0.00992	0.01341	0.02065	0.04116	0.02320	0.65251	0.14420	0.00717	0.00830	0.00936	0.00399	0.00437
11	0.04399	0.01972	0.10725	0.02790	0.29155	0.08968	0.15446	0.06765	0.01690	0.07455	0.01429	0.01802	0.01124	0.00672	0.00681	0.00208	0.00895	0.02444	0.00399	0.00982
12	0.01696	0.29712	0.18651	0.06390	0.02242	0.10033	0.04385	0.02151	0.05201	0.04683	0.01409	0.04362	0.01215	0.02568	0.00654	0.00200	0.00833	0.02386	0.00363	0.00868
13	0.10288	0.18815	0.28821	0.03984	0.07902	0.01879	0.01713	0.12631	0.03893	0.02441	0.01232	0.01403	0.00941	0.00655	0.00578	0.00195	0.00808	0.00488	0.00376	0.00958
14	0.01387	0.28455	0.02316	0.01334	0.01636	0.01756	0.05673	0.01625	0.01207	0.01614	0.01303	0.01822	0.01205	0.02479	0.30444	0.00553	0.13563	0.00572	0.00321	0.00737
15	0.00877	0.00815	0.06062	0.00953	0.01074	0.00637	0.00717	0.01030	0.01273	0.01693	0.03576	0.53609	0.10221	0.12725	0.01205	0.00319	0.00467	0.01623	0.00567	0.00560
16	0.04994	0.21134	0.03643	0.01291	0.03583	0.03646	0.01074	0.15247	0.07016	0.07894	0.11532	0.06032	0.05948	0.00939	0.00678	0.00198	0.02994	0.00734	0.00538	0.00885
17	0.00891	0.00666	0.00919	0.01004	0.01106	0.00622	0.03252	0.01061	0.01360	0.01803	0.03896	0.54311	0.11841	0.01924	0.00843	0.00266	0.00437	0.09995	0.03230	0.00573

[dist]
# distance from previous block
# <min> <max>
0	35

[block]
# block no. 3 follows, 32 sequences, length 22
# corresponding to MSA columns:
# 156-169,185-192
name=unknown_D
#
# <colnr> <probs for GDERKNQSTAVLIFYWHMCP>
#	G	D	E	R	K	N	Q	S	T	A	V	L	I	F	Y	W	H	M	C	P
0	0.01756	0.07614	0.19354	0.01462	0.01998	0.07566	0.01420	0.19486	0.03527	0.02566	0.01702	0.04208	0.04517	0.00828	0.00747	0.00198	0.06801	0.00613	0.06172	0.07464
1	0.33122	0.01406	0.01387	0.04266	0.04477	0.08446	0.00982	0.05491	0.01556	0.20435	0.04104	0.01765	0.01309	0.01118	0.07184	0.00283	0.00746	0.00543	0.00525	0.00856
2	0.01091	0.00608	0.00822	0.00822	0.00830	0.00604	0.00524	0.00910	0.00932	0.01233	0.01683	0.02954	0.04292	0.25768	0.02803	0.52111	0.00595	0.00739	0.00341	0.00338
3	0.02125	0.01694	0.07633	0.01552	0.01909	0.04965	0.01351	0.18182	0.01824	0.20024	0.01564	0.01737	0.01166	0.01092	0.04156	0.00270	0.26682	0.00604	0.00521	0.00949
4	0.00892	0.00653	0.00787	0.00864	0.00956	0.00612	0.00607	0.01020	0.01303	0.01674	0.04020	0.29996	0.20353	0.21425	0.01521	0.00366	0.00480	0.11381	0.00566	0.00525
5	0.00843	0.00682	0.00749	0.00732	0.00937	0.00588	0.00549	0.01059	0.01647	0.02091	0.27407	0.06000	0.51178	0.01596	0.00793	0.00222	0.00332	0.01352	0.00660	0.00588
6	0.00879	0.00623	0.00825	0.00965	0.01019	0.00595	0.00678	0.01016	0.01297	0.01720	0.03508	0.56828	0.04131	0.09829	0.01136	0.00318	0.00456	0.13036	0.00599	0.00543
7	0.01678	0.01227	0.01379	0.01222	0.01569	0.01340	0.00953	0.02995	0.45994	0.11929	0.18708	0.03055	0.02988	0.01007	0.00707	0.00221	0.00487	0.00853	0.00715	0.00973
8	0.01332	0.00649	0.00668	0.00652	0.00825	0.00642	0.00493	0.01642	0.01431	0.05731	0.02210	0.02492	0.01717	0.00784	0.00479	0.00159	0.00325	0.00628	0.76495	0.00649
9	0.00817	0.00667	0.00722	0.00738	0.00929	0.00572	0.00542	0.00999	0.01542	0.01913	0.14868	0.16322	0.53606	0.01715	0.00802	0.00231	0.00344	0.01461	0.00638	0.00572
10	0.01655	0.01295	0.01495	0.01088	0.01672	0.01080	0.00879	0.12189	0.01689	0.06273	0.01334	0.01473	0.01052	0.00562	0.00533	0.00121	0.00538	0.00444	0.00462	0.64168
11	0.02204	0.41493	0.02722	0.01327	0.01843	0.16835	0.01175	0.11767	0.01795	0.11270	0.01273	0.01336	0.01005	0.00664	0.00532	0.00166	0.00802	0.00449	0.00424	0.00920
12	0.19267	0.05362	0.04659	0.03538	0.08336	0.01412	0.05982	0.01724	0.01286	0.03709	0.01693	0.11306	0.04055	0.04374	0.00989	0.00238	0.12561	0.00739	0.00409	0.08361
13	0.14927	0.01746	0.15187	0.01664	0.10677	0.05137	0.04448	0.02053	0.04392	0.07794	0.11555	0.02201	0.04366	0.00782	0.00624	0.00195	0.00676	0.00645	0.00467	0.10464
14	0.01053	0.01222	0.14193	0.04000	0.05298	0.00846	0.01092	0.01349	0.01428	0.03930	0.11463	0.41681	0.06693	0.01557	0.00783	0.00244	0.00534	0.01388	0.00553	0.00691
15	0.12840	0.01803	0.01879	0.01457	0.01978	0.02005	0.01204	0.61092	0.02891	0.04069	0.01522	0.01543	0.01087	0.00782	0.00638	0.00202	0.00710	0.00573	0.00638	0.01087
16	0.01786	0.02224	0.31898	0.09421	0.10212	0.01445	0.01836	0.02536	0.11582	0.17779	0.01749	0.01830	0.01230	0.00719	0.00659	0.00213	0.00801	0.00595	0.00469	0.01017
17	0.03476	0.01703	0.11758	0.30849	0.10674	0.04575	0.04023	0.06192	0.01452	0.01994	0.01229	0.01749	0.00997	0.03746	0.02663	0.00261	0.10903	0.00593	0.00335	0.00827
18	0.00814	0.00681	0.00708	0.00701	0.00919	0.00575	0.00526	0.01003	0.01578	0.01928	0.15317	0.06268	0.63370	0.01656	0.00793	0.00225	0.00337	0.01390	0.00638	0.00575
19	0.01066	0.00873	0.01267	0.01205	0.01294	0.01085	0.00950	0.01275	0.01063	0.01557	0.01620	0.02474	0.01547	0.07604	0.55428	0.00894	0.17129	0.00703	0.00348	0.00618
20	0.01849	0.04553	0.04588	0.07650	0.05152	0.04887	0.12553	0.06354	0.03491	0.15032	0.01563	0.03838	0.01251	0.02817	0.01181	0.03891	0.17361	0.00670	0.00450	0.00869
21	0.09384	0.06531	0.11061	0.01494	0.10588	0.01080	0.01118	0.01446	0.01321	0.01948	0.02483	0.36988	0.02759	0.04957	0.00850	0.00259	0.00582	0.03957	0.00484	0.00710

[dist]
# distance from previous block
# <min> <max>
0	3

[block]
# block no. 4 follows, 32 sequences, length 25
# corresponding to MSA columns:
# 196-220
name=unknown_E
#
# <colnr> <probs for GDERKNQSTAVLIFYWHMCP>
#	G	D	E	R	K	N	Q	S	T	A	V	L	I	F	Y	W	H	M	C	P
0	0.05374	0.01265	0.01865	0.19427	0.24814	0.01335	0.01450	0.08580	0.01641	0.02315	0.09022	0.08207	0.06051	0.00897	0.00682	0.00209	0.00676	0.00793	0.00448	0.04949
1	0.01050	0.04518	0.01116	0.00983	0.01074	0.00919	0.00703	0.01164	0.01108	0.01532	0.02161	0.18802	0.02407	0.30957	0.16495	0.00565	0.08348	0.01025	0.00426	0.04649
2	0.73265	0.01282	0.01044	0.00914	0.01340	0.01453	0.00753	0.02103	0.01221	0.10049	0.01107	0.01211	0.00821	0.00644	0.00441	0.00208	0.00524	0.00395	0.00457	0.00769
3	0.01899	0.01771	0.05528	0.09307	0.11435	0.09801	0.08204	0.18384	0.03839	0.06074	0.03430	0.01918	0.01317	0.00735	0.00659	0.00195	0.00800	0.02421	0.03131	0.09151
4	0.29296	0.01721	0.02568	0.01946	0.02462	0.07113	0.33387	0.05391	0.01499	0.02480	0.01171	0.01485	0.00903	0.00642	0.00723	0.00218	0.05185	0.00595	0.00380	0.00835
5	0.01365	0.01403	0.02716	0.02031	0.02516	0.01333	0.41015	0.01944	0.07312	0.02312	0.19745	0.03058	0.08283	0.00891	0.00783	0.00223	0.00811	0.00947	0.00492	0.00821
6	0.01034	0.00828	0.01240	0.01239	0.01401	0.00814	0.07764	0.01395	0.07216	0.01925	0.03343	0.44707	0.03744	0.01783	0.00854	0.00273	0.00535	0.18663	0.00598	0.00643
7	0.01041	0.00659	0.00736	0.00717	0.00889	0.00615	0.00538	0.01323	0.01613	0.02419	0.28538	0.04284	0.18846	0.01198	0.00657	0.00192	0.00320	0.01013	0.33785	0.00615
8	0.02506	0.03198	0.01901	0.01729	0.02074	0.73725	0.01296	0.02679	0.01901	0.01642	0.01037	0.01210	0.00864	0.00691	0.00605	0.00173	0.01210	0.00432	0.00346	0.00778
9	0.00950	0.00686	0.00897	0.00844	0.01002	0.00633	0.00633	0.01266	0.01899	0.02691	0.71879	0.05012	0.06331	0.01372	0.00791	0.00211	0.00317	0.01213	0.00739	0.00633
10	0.03010	0.01142	0.01557	0.01194	0.01713	0.00986	0.00986	0.03270	0.01920	0.72698	0.02647	0.02284	0.01661	0.00830	0.00675	0.00208	0.00571	0.00675	0.00830	0.01142
11	0.01794	0.76823	0.03516	0.01148	0.01722	0.02655	0.01148	0.02009	0.01363	0.01579	0.00933	0.01076	0.00861	0.00574	0.00431	0.00144	0.00718	0.00359	0.00287	0.00861
12	0.01714	0.05021	0.01930	0.01906	0.14153	0.27096	0.06769	0.02005	0.01776	0.02112	0.23513	0.02680	0.04713	0.00903	0.00687	0.00194	0.00804	0.00762	0.00472	0.00790
13	0.01412	0.01223	0.01492	0.01230	0.06929	0.00947	0.00891	0.01717	0.01402	0.02187	0.01198	0.01412	0.00999	0.00505	0.00510	0.00107	0.00520	0.00413	0.00393	0.74516
14	0.01672	0.03436	0.09473	0.01452	0.07671	0.04902	0.01166	0.04551	0.04977	0.08348	0.01403	0.01540	0.01089	0.00593	0.00561	0.00144	0.00635	0.00475	0.00436	0.45477
15	0.00895	0.00673	0.00946	0.04737	0.04811	0.00659	0.00754	0.01040	0.01279	0.01713	0.03319	0.62947	0.03914	0.05645	0.03026	0.00307	0.00488	0.01697	0.00574	0.00576
16	0.01251	0.00625	0.00625	0.00625	0.00782	0.00625	0.00469	0.01563	0.01407	0.02502	0.02189	0.02502	0.01720	0.00782	0.00469	0.00156	0.00313	0.00625	0.80144	0.00625
17	0.01874	0.68557	0.03335	0.01213	0.01762	0.10634	0.01165	0.02084	0.01424	0.01586	0.00945	0.01091	0.00861	0.00587	0.00450	0.00147	0.00773	0.00367	0.00294	0.00852
18	0.00965	0.00657	0.00756	0.00748	0.00781	0.00645	0.00446	0.01022	0.01142	0.01540	0.13385	0.04561	0.05463	0.61885	0.02907	0.00566	0.00587	0.01029	0.00467	0.00448
19	0.00960	0.00714	0.01054	0.01054	0.01165	0.00825	0.00808	0.01182	0.01071	0.01539	0.01820	0.02761	0.01732	0.10136	0.68731	0.01048	0.01715	0.00737	0.00363	0.00585
20	0.00976	0.00651	0.00732	0.00732	0.00732	0.00651	0.00407	0.00976	0.00976	0.01301	0.02114	0.04391	0.02439	0.76419	0.03415	0.00651	0.00651	0.00976	0.00407	0.00407
21	0.81159	0.01298	0.00986	0.00882	0.01298	0.01505	0.00727	0.01972	0.01142	0.03010	0.00934	0.01090	0.00727	0.00623	0.00415	0.00208	0.00519	0.00363	0.00415	0.00727
22	0.02834	0.01425	0.01732	0.01328	0.01854	0.01406	0.01097	0.28869	0.02394	0.46430	0.02250	0.02026	0.01462	0.00821	0.00673	0.00205	0.00635	0.00648	0.00769	0.01142
23	0.02344	0.03074	0.06364	0.01851	0.02269	0.62128	0.08286	0.02593	0.01840	0.01722	0.01080	0.01283	0.00879	0.00676	0.00626	0.00181	0.01189	0.00472	0.00341	0.00804
24	0.01172	0.00666	0.00854	0.00876	0.01006	0.00624	0.00627	0.01349	0.01455	0.09018	0.15768	0.35108	0.03720	0.01592	0.00882	0.06293	0.00393	0.01298	0.16683	0.00617

[dist]
# distance from previous block
# <min> <max>
3	18

[block]
# block no. 5 follows, 32 sequences, length 27
# corresponding to MSA columns:
# 239-265
name=unknown_F
#
# <colnr> <probs for GDERKNQSTAVLIFYWHMCP>
#	G	D	E	R	K	N	Q	S	T	A	V	L	I	F	Y	W	H	M	C	P
0	0.33878	0.01355	0.01486	0.10983	0.08622	0.03055	0.01099	0.08114	0.03416	0.02602	0.01335	0.06510	0.01152	0.00756	0.00604	0.00202	0.02965	0.00568	0.00430	0.10869
1	0.00850	0.00625	0.00805	0.00936	0.01020	0.00580	0.00669	0.01002	0.01359	0.01769	0.04167	0.55548	0.15003	0.02004	0.00856	0.00270	0.00413	0.10943	0.00622	0.00558
2	0.01701	0.01818	0.03724	0.02673	0.03335	0.01743	0.61519	0.10345	0.01774	0.02401	0.01388	0.01786	0.01033	0.00595	0.00777	0.00223	0.01084	0.00769	0.00379	0.00934
3	0.00844	0.00652	0.00773	0.00825	0.00970	0.00581	0.00599	0.01029	0.01513	0.01949	0.17584	0.30460	0.33112	0.01786	0.00821	0.00244	0.00366	0.04673	0.00644	0.00574
4	0.00932	0.00666	0.00910	0.01065	0.01154	0.00643	0.00821	0.01132	0.01397	0.01841	0.03635	0.46350	0.04188	0.01994	0.00887	0.00288	0.00488	0.30411	0.00621	0.00577
5	0.00822	0.00681	0.00720	0.00710	0.00924	0.00579	0.00532	0.01019	0.01597	0.01974	0.18743	0.06192	0.59915	0.01639	0.00793	0.00224	0.00336	0.01379	0.00644	0.00579
6	0.02551	0.01879	0.02014	0.01544	0.02081	0.02081	0.01275	0.69996	0.03155	0.04229	0.01611	0.01611	0.01141	0.00805	0.00671	0.00201	0.00738	0.00604	0.00671	0.01141
7	0.02394	0.01802	0.01926	0.01512	0.02021	0.02008	0.01238	0.58221	0.15184	0.03977	0.01809	0.01769	0.01302	0.00824	0.00673	0.00206	0.00702	0.00631	0.00673	0.01127
8	0.02366	0.03231	0.10483	0.01751	0.02175	0.65007	0.01439	0.02612	0.01843	0.01700	0.01057	0.01235	0.00863	0.00685	0.00609	0.00178	0.01184	0.00440	0.00338	0.00804
9	0.81159	0.01298	0.00986	0.00882	0.01298	0.01505	0.00727	0.01972	0.01142	0.03010	0.00934	0.01090	0.00727	0.00623	0.00415	0.00208	0.00519	0.00363	0.00415	0.00727
10	0.01616	0.01164	0.01211	0.01162	0.01413	0.10033	0.00920	0.06541	0.01727	0.14197	0.06733	0.18689	0.08996	0.01432	0.00776	0.00242	0.00597	0.18358	0.03447	0.00746
11	0.16958	0.01722	0.01794	0.01399	0.01912	0.01899	0.01155	0.52914	0.02701	0.08769	0.01559	0.01562	0.01101	0.00774	0.00625	0.00203	0.00687	0.00565	0.00635	0.01065
12	0.01391	0.01193	0.01391	0.00994	0.01590	0.00894	0.00795	0.01690	0.01391	0.02186	0.01193	0.01391	0.00994	0.00497	0.00497	0.00099	0.00497	0.00398	0.00398	0.80521
13	0.01323	0.01227	0.01944	0.64639	0.04223	0.01515	0.01753	0.01971	0.10988	0.01866	0.01406	0.01888	0.01054	0.00704	0.00672	0.00224	0.00844	0.00619	0.00351	0.00789
14	0.00936	0.00638	0.00760	0.00797	0.00813	0.00634	0.00480	0.00976	0.01056	0.01413	0.02485	0.21734	0.02890	0.54967	0.06106	0.00579	0.00641	0.01190	0.00457	0.00449
15	0.19430	0.01310	0.01334	0.01185	0.01554	0.01477	0.00933	0.05572	0.40199	0.05805	0.11856	0.02490	0.02293	0.00902	0.00637	0.00219	0.00509	0.00723	0.00636	0.00934
16	0.09700	0.01214	0.01533	0.01196	0.01700	0.01131	0.00985	0.07118	0.05492	0.58991	0.02441	0.02152	0.01569	0.00815	0.00652	0.00208	0.00574	0.00648	0.00777	0.01102
17	0.00826	0.00599	0.00782	0.00925	0.00984	0.00556	0.00632	0.00955	0.01315	0.01733	0.03946	0.67596	0.09947	0.02059	0.00854	0.00270	0.00394	0.04454	0.00623	0.00550
18	0.00890	0.00647	0.00813	0.00860	0.00964	0.00600	0.00606	0.01075	0.01497	0.02018	0.26776	0.31340	0.13621	0.10771	0.01139	0.00293	0.00400	0.04489	0.00635	0.00564
19	0.01418	0.01347	0.02286	0.47621	0.30623	0.01531	0.01939	0.01847	0.01413	0.01898	0.01219	0.01740	0.00959	0.00643	0.00668	0.00214	0.00857	0.00597	0.00311	0.00867
20	0.01877	0.42437	0.05667	0.01835	0.10575	0.08399	0.11416	0.02186	0.01503	0.06709	0.01173	0.01363	0.00964	0.00606	0.00551	0.00172	0.00830	0.00485	0.00343	0.00909
21	0.01448	0.20235	0.57076	0.01738	0.02634	0.01809	0.02175	0.02098	0.01404	0.02000	0.01142	0.01339	0.00853	0.00623	0.00590	0.00197	0.00929	0.00465	0.00284	0.00962
22	0.00803	0.00668	0.00701	0.00717	0.00918	0.00567	0.00529	0.00972	0.01515	0.01837	0.09134	0.14796	0.61070	0.01734	0.00801	0.00231	0.00345	0.01467	0.00628	0.00567
23	0.09918	0.03984	0.16146	0.09719	0.10428	0.04679	0.08027	0.03508	0.04387	0.04179	0.05433	0.08040	0.04172	0.00891	0.00674	0.00219	0.00766	0.03549	0.00430	0.00849
24	0.01818	0.07984	0.06792	0.21061	0.12610	0.14150	0.11324	0.12203	0.01774	0.02218	0.01241	0.01568	0.00961	0.00660	0.00655	0.00201	0.00937	0.00572	0.00371	0.00900
25	0.01301	0.01202	0.01808	0.20385	0.06091	0.03509	0.07875	0.01725	0.06251	0.01888	0.02121	0.13367	0.02124	0.03390	0.01035	0.00267	0.10310	0.14171	0.00444	0.00735
26	0.00924	0.00659	0.00884	0.00928	0.00987	0.00696	0.00641	0.01053	0.01104	0.01520	0.02434	0.23878	0.02698	0.26892	0.30846	0.00715	0.01036	0.01136	0.00449	0.00523

[dist]
# distance from previous block
# <min> <max>
0	3

[block]
# block no. 6 follows, 32 sequences, length 25
# corresponding to MSA columns:
# 269-293
name=unknown_G
#
# <colnr> <probs for GDERKNQSTAVLIFYWHMCP>
#	G	D	E	R	K	N	Q	S	T	A	V	L	I	F	Y	W	H	M	C	P
0	0.32281	0.07694	0.10836	0.04467	0.04340	0.01628	0.09904	0.06563	0.01485	0.10514	0.01278	0.01449	0.00945	0.00669	0.00618	0.00208	0.03300	0.00509	0.00431	0.00879
1	0.13942	0.27574	0.12055	0.01379	0.01961	0.05573	0.04036	0.12121	0.04205	0.09411	0.01327	0.01411	0.01009	0.00667	0.00548	0.00185	0.00748	0.00481	0.00435	0.00932
2	0.03381	0.00641	0.00807	0.00891	0.00979	0.00610	0.00621	0.01012	0.01302	0.01759	0.07703	0.43376	0.14180	0.05063	0.03758	0.08405	0.00471	0.03937	0.00571	0.00533
3	0.01761	0.31077	0.10126	0.01443	0.02064	0.05268	0.10171	0.02103	0.01478	0.07972	0.01232	0.01394	0.00981	0.00589	0.00545	0.00158	0.00759	0.00470	0.00370	0.20039
4	0.00891	0.00628	0.00758	0.00812	0.00894	0.00580	0.00543	0.00956	0.01262	0.01626	0.06508	0.30534	0.22247	0.17211	0.01575	0.10093	0.00450	0.01394	0.00543	0.00495
5	0.09283	0.21188	0.25791	0.01899	0.12209	0.01877	0.03984	0.09673	0.01610	0.04882	0.01221	0.01401	0.00939	0.00638	0.00578	0.00192	0.00811	0.00492	0.00369	0.00963
6	0.05965	0.11517	0.23502	0.01972	0.16296	0.01601	0.01641	0.08724	0.03967	0.06422	0.05079	0.04241	0.04678	0.00788	0.00633	0.00202	0.00746	0.00643	0.00432	0.00950
7	0.05108	0.01362	0.01544	0.01261	0.01687	0.01421	0.01042	0.33290	0.02338	0.19112	0.02370	0.02799	0.05046	0.00972	0.00678	0.00212	0.00612	0.08818	0.09348	0.00979
8	0.00969	0.00671	0.00852	0.00874	0.01015	0.00630	0.00662	0.01238	0.01657	0.02343	0.37768	0.18038	0.09418	0.01517	0.00782	0.00229	0.00370	0.10001	0.10355	0.00610
9	0.17780	0.04175	0.21679	0.06154	0.10897	0.03884	0.01518	0.06153	0.04761	0.02441	0.07586	0.04915	0.03751	0.00809	0.00621	0.00210	0.00724	0.00647	0.00425	0.00871
10	0.01702	0.01745	0.02392	0.19651	0.43579	0.12682	0.01861	0.02131	0.04054	0.02021	0.01265	0.01651	0.01030	0.00640	0.00657	0.00202	0.00873	0.00578	0.00339	0.00947
11	0.00818	0.00584	0.00779	0.00934	0.00973	0.00545	0.00623	0.00934	0.01285	0.01713	0.03698	0.75981	0.04438	0.02102	0.00856	0.00273	0.00389	0.01908	0.00623	0.00545
12	0.52117	0.01507	0.01557	0.06132	0.05127	0.06772	0.07731	0.04558	0.01382	0.06102	0.01122	0.01318	0.00852	0.00641	0.00516	0.00207	0.00677	0.00460	0.00421	0.00800
13	0.01847	0.11919	0.23810	0.01825	0.06465	0.06946	0.10343	0.05231	0.04176	0.13662	0.06078	0.01844	0.01430	0.00718	0.00649	0.00201	0.00839	0.00607	0.00448	0.00962
14	0.00832	0.00595	0.00791	0.00924	0.00976	0.00555	0.00624	0.00970	0.01352	0.01819	0.11127	0.68248	0.04644	0.02023	0.00849	0.00266	0.00381	0.01832	0.00635	0.00555
15	0.01267	0.01193	0.02013	0.74806	0.04621	0.01491	0.01863	0.01714	0.01342	0.01714	0.01193	0.01789	0.00894	0.00671	0.00671	0.00224	0.00894	0.00596	0.00298	0.00745
16	0.01911	0.01915	0.16769	0.07985	0.05206	0.01604	0.05814	0.26819	0.04322	0.08835	0.04186	0.01982	0.01393	0.04554	0.03466	0.00262	0.00830	0.00648	0.00516	0.00982
17	0.12379	0.01574	0.05522	0.25019	0.09970	0.03782	0.13787	0.06558	0.03982	0.08987	0.01409	0.01711	0.01037	0.00670	0.00655	0.00215	0.00838	0.00604	0.00414	0.00890
18	0.01012	0.00713	0.00841	0.00792	0.01005	0.00626	0.00600	0.01258	0.01732	0.06844	0.37725	0.05493	0.35928	0.01486	0.00785	0.00218	0.00344	0.01271	0.00692	0.00636
19	0.01288	0.01233	0.02139	0.70130	0.04549	0.01504	0.06277	0.01743	0.01357	0.01743	0.01203	0.01790	0.00902	0.00664	0.00679	0.00224	0.00910	0.00609	0.00301	0.00756
20	0.06287	0.04563	0.13330	0.05181	0.10309	0.08499	0.03341	0.04626	0.15908	0.06842	0.01900	0.09796	0.01629	0.00902	0.00703	0.00218	0.02549	0.02026	0.00479	0.00913
21	0.01130	0.00940	0.01201	0.01250	0.05690	0.02909	0.03583	0.01441	0.06379	0.04497	0.06879	0.30685	0.22774	0.01569	0.00882	0.00243	0.05327	0.01357	0.00581	0.00679
22	0.02539	0.01546	0.01764	0.01391	0.01892	0.01631	0.01137	0.34716	0.15661	0.27177	0.02176	0.02009	0.01490	0.00834	0.00675	0.00208	0.00642	0.00657	0.00727	0.01126
23	0.04495	0.04452	0.18367	0.01613	0.06560	0.12459	0.01425	0.06101	0.12007	0.04467	0.01515	0.01648	0.01163	0.00698	0.00638	0.00186	0.02700	0.00530	0.05669	0.13309
24	0.11446	0.08850	0.08272	0.04604	0.10058	0.21650	0.11054	0.04565	0.03862	0.05399	0.01329	0.03578	0.01077	0.00696	0.00620	0.00197	0.00906	0.00567	0.00391	0.00877

[dist]
# distance from previous block
# <min> <max>
0	9

[block]
# block no. 7 follows, 32 sequences, length 21
# corresponding to MSA columns:
# 303-323
name=unknown_H
#
# <colnr> <probs for GDERKNQSTAVLIFYWHMCP>
#	G	D	E	R	K	N	Q	S	T	A	V	L	I	F	Y	W	H	M	C	P
0	0.01868	0.13426	0.06603	0.01498	0.04599	0.01474	0.07237	0.07420	0.03530	0.17126	0.01819	0.07486	0.01518	0.00843	0.00714	0.00194	0.04430	0.03347	0.00506	0.14360
1	0.05208	0.09956	0.19755	0.04128	0.14073	0.05037	0.15976	0.06844	0.04292	0.04212	0.03357	0.01672	0.01164	0.00660	0.00652	0.00204	0.00881	0.00597	0.00383	0.00950
2	0.01590	0.34262	0.02245	0.01133	0.01524	0.01633	0.03686	0.04349	0.01541	0.09502	0.08680	0.18934	0.06212	0.01093	0.00631	0.00196	0.00587	0.00909	0.00499	0.00794
3	0.01047	0.00840	0.00934	0.00897	0.01121	0.00819	0.00674	0.04223	0.12881	0.02274	0.21595	0.13896	0.33266	0.01505	0.00778	0.00228	0.00387	0.01288	0.00663	0.00683
4	0.01700	0.01541	0.02709	0.12139	0.50805	0.01552	0.10278	0.02115	0.01540	0.07098	0.01363	0.01738	0.01080	0.00619	0.00681	0.00206	0.00834	0.00627	0.00364	0.01011
5	0.00958	0.00686	0.00930	0.00938	0.01007	0.00751	0.00661	0.01099	0.01049	0.01467	0.02015	0.07011	0.02110	0.32398	0.42971	0.00873	0.01284	0.00878	0.00391	0.00522
6	0.01267	0.01193	0.02013	0.74806	0.04621	0.01491	0.01863	0.01714	0.01342	0.01714	0.01193	0.01789	0.00894	0.00671	0.00671	0.00224	0.00894	0.00596	0.00298	0.00745
7	0.01081	0.00772	0.01081	0.01236	0.01390	0.00772	0.01081	0.01390	0.01545	0.02008	0.03553	0.07569	0.03862	0.01854	0.00927	0.00309	0.00618	0.67717	0.00618	0.00618
8	0.01695	0.14910	0.28145	0.04809	0.05640	0.12386	0.08944	0.04278	0.09006	0.02087	0.01328	0.01519	0.01020	0.00661	0.00623	0.00198	0.00924	0.00535	0.00356	0.00935
9	0.01166	0.00583	0.00874	0.00874	0.00874	0.00583	0.00583	0.00874	0.00874	0.01166	0.01166	0.02040	0.01166	0.02331	0.02622	0.80478	0.00583	0.00583	0.00291	0.00291
10	0.01070	0.00731	0.00892	0.00911	0.01114	0.00659	0.00721	0.01297	0.01589	0.07761	0.14084	0.13531	0.33135	0.01665	0.00823	0.00248	0.00431	0.18050	0.00654	0.00633
11	0.01638	0.01520	0.02492	0.21176	0.49960	0.01609	0.01947	0.07549	0.01616	0.02243	0.01274	0.01688	0.01028	0.00633	0.00666	0.00205	0.00816	0.00598	0.00352	0.00992
12	0.01796	0.01728	0.05716	0.22369	0.10547	0.11255	0.08189	0.06136	0.06490	0.09559	0.04356	0.01886	0.01316	0.00751	0.00762	0.00214	0.04968	0.00633	0.00434	0.00894
13	0.01173	0.00663	0.00749	0.00746	0.00912	0.00632	0.00560	0.01450	0.01521	0.05191	0.15641	0.11231	0.09340	0.01151	0.00622	0.00192	0.00344	0.03179	0.44069	0.00633
14	0.01669	0.01441	0.01517	0.01365	0.01745	0.01669	0.01062	0.03565	0.71021	0.02807	0.02731	0.02503	0.02048	0.00910	0.00683	0.00228	0.00531	0.00759	0.00683	0.01062
15	0.01730	0.56192	0.16409	0.01318	0.01958	0.02374	0.01398	0.04538	0.05287	0.01844	0.01107	0.01238	0.00935	0.00613	0.00492	0.00163	0.00760	0.00415	0.00322	0.00907
16	0.03569	0.01224	0.05300	0.08111	0.09145	0.03149	0.01083	0.01959	0.11404	0.11311	0.03445	0.10815	0.21302	0.04186	0.00825	0.00240	0.00580	0.00989	0.00558	0.00807
17	0.00973	0.00657	0.00769	0.00781	0.00796	0.00663	0.00468	0.01004	0.01016	0.01360	0.02207	0.07054	0.02518	0.66187	0.07793	0.00651	0.00714	0.03536	0.00420	0.00432
18	0.81159	0.01298	0.00986	0.00882	0.01298	0.01505	0.00727	0.01972	0.01142	0.03010	0.00934	0.01090	0.00727	0.00623	0.00415	0.00208	0.00519	0.00363	0.00415	0.00727
19	0.00900	0.00694	0.00828	0.00863	0.01010	0.00646	0.00620	0.01199	0.05955	0.02073	0.22784	0.31837	0.24696	0.01712	0.00809	0.00240	0.00364	0.01504	0.00658	0.00608
20	0.01735	0.05924	0.09905	0.11256	0.18543	0.01637	0.20068	0.08227	0.03421	0.07426	0.01422	0.01711	0.01070	0.00640	0.00679	0.00205	0.00874	0.00628	0.00401	0.04228

[dist]
# distance from previous block
# <min> <max>
0	1

[block]
# block no. 8 follows, 32 sequences, length 19
# corresponding to MSA columns:
# 325-343
name=unknown_I
#
# <colnr> <probs for GDERKNQSTAVLIFYWHMCP>
#	G	D	E	R	K	N	Q	S	T	A	V	L	I	F	Y	W	H	M	C	P
0	0.01354	0.00656	0.00680	0.00659	0.00837	0.00647	0.00499	0.01664	0.01437	0.06631	0.02216	0.02489	0.01716	0.00785	0.00481	0.00159	0.00328	0.00628	0.75478	0.00656
1	0.01658	0.01644	0.14518	0.01518	0.01841	0.01534	0.01410	0.06973	0.01415	0.12453	0.01473	0.01837	0.01185	0.01629	0.13539	0.00385	0.29203	0.00609	0.04330	0.00843
2	0.01764	0.03740	0.12293	0.15937	0.21205	0.14021	0.06434	0.03944	0.03825	0.06123	0.01408	0.03800	0.01126	0.00703	0.00662	0.00205	0.00900	0.00610	0.00378	0.00921
3	0.00890	0.00689	0.00829	0.00911	0.01075	0.00628	0.00717	0.01094	0.01483	0.01854	0.05109	0.21375	0.36002	0.01833	0.00849	0.00263	0.00439	0.22760	0.00621	0.00578
4	0.01888	0.54767	0.03015	0.01380	0.04660	0.17197	0.01190	0.02097	0.01477	0.01624	0.01104	0.04805	0.01046	0.00674	0.00497	0.00158	0.00807	0.00460	0.00318	0.00837
5	0.01068	0.00886	0.03458	0.00934	0.01159	0.00795	0.00744	0.04183	0.07135	0.02662	0.55519	0.04693	0.11539	0.01318	0.00773	0.00213	0.00375	0.01148	0.00706	0.00692
6	0.01698	0.33604	0.19782	0.01674	0.06719	0.09705	0.05722	0.02086	0.01461	0.01857	0.01085	0.01290	0.00896	0.00595	0.00544	0.00167	0.00843	0.00446	0.00311	0.09516
7	0.01587	0.01814	0.13122	0.17773	0.44112	0.01597	0.02037	0.06017	0.01570	0.02207	0.01260	0.01647	0.01002	0.00631	0.00662	0.00206	0.00842	0.00583	0.00338	0.00993
8	0.00940	0.00703	0.00886	0.00973	0.01071	0.00694	0.00678	0.01303	0.09817	0.01993	0.13860	0.56389	0.04434	0.01848	0.00826	0.00258	0.00395	0.01664	0.00648	0.00621
9	0.01289	0.00842	0.01008	0.00953	0.01175	0.00818	0.00716	0.03756	0.10508	0.10302	0.23645	0.20336	0.14073	0.01410	0.00755	0.00225	0.00405	0.01225	0.05829	0.00730
10	0.11175	0.15883	0.15620	0.01895	0.10871	0.06835	0.07458	0.04477	0.04355	0.06930	0.01277	0.01480	0.00996	0.00693	0.00729	0.00203	0.07298	0.00523	0.00382	0.00918
11	0.00818	0.00584	0.00779	0.00934	0.00973	0.00545	0.00623	0.00934	0.01285	0.01713	0.03698	0.75981	0.04438	0.02102	0.00856	0.00273	0.00389	0.01908	0.00623	0.00545
12	0.00973	0.00660	0.00779	0.00779	0.00796	0.00676	0.00466	0.01006	0.00990	0.01336	0.02071	0.04150	0.02335	0.66604	0.13087	0.00709	0.00808	0.00940	0.00400	0.00433
13	0.04047	0.13524	0.14082	0.02223	0.16204	0.01781	0.14181	0.09521	0.09123	0.04398	0.01515	0.03796	0.01208	0.00701	0.00649	0.00204	0.00817	0.00631	0.00418	0.00977
14	0.01642	0.08912	0.23134	0.02182	0.18035	0.03735	0.03922	0.06802	0.18236	0.02392	0.03443	0.01815	0.01354	0.00717	0.00646	0.00206	0.00790	0.00603	0.00431	0.01004
15	0.01114	0.00809	0.01105	0.01243	0.01410	0.00822	0.01080	0.01510	0.05374	0.02052	0.03507	0.07290	0.03762	0.01802	0.00913	0.00304	0.00613	0.64026	0.00621	0.00642
16	0.01393	0.00911	0.01236	0.03216	0.01379	0.00963	0.02733	0.05538	0.01372	0.12251	0.02475	0.03247	0.09690	0.19446	0.26843	0.00618	0.04688	0.00834	0.00482	0.00684
17	0.02026	0.01526	0.02135	0.07328	0.12808	0.06283	0.10930	0.13764	0.01880	0.18391	0.03497	0.06826	0.03953	0.00874	0.00780	0.00216	0.04534	0.00758	0.00538	0.00953
18	0.01888	0.24704	0.14277	0.03799	0.04348	0.11643	0.05457	0.04955	0.06772	0.09538	0.01427	0.01577	0.01106	0.00911	0.04621	0.00235	0.00893	0.00525	0.00406	0.00918

[dist]
# distance from previous block
# <min> <max>
0	11

[block]
# block no. 9 follows, 32 sequences, length 7
# corresponding to MSA columns:
# 355-361
name=unknown_J
#
# <colnr> <probs for GDERKNQSTAVLIFYWHMCP>
#	G	D	E	R	K	N	Q	S	T	A	V	L	I	F	Y	W	H	M	C	P
0	0.04591	0.02603	0.05142	0.13597	0.07075	0.01204	0.06476	0.01828	0.10586	0.02087	0.07298	0.07069	0.02207	0.09282	0.05332	0.00323	0.00744	0.07327	0.04479	0.00753
1	0.02154	0.12459	0.06510	0.01452	0.01994	0.13448	0.01256	0.32579	0.05156	0.02951	0.01384	0.01465	0.01055	0.00703	0.00600	0.00175	0.00782	0.00511	0.00501	0.12864
2	0.01112	0.05649	0.01223	0.08407	0.01545	0.04931	0.00893	0.01438	0.07278	0.01819	0.03034	0.47711	0.03412	0.01664	0.00789	0.00253	0.00537	0.07100	0.00559	0.00648
3	0.05724	0.19381	0.12790	0.01930	0.12581	0.07920	0.09097	0.06199	0.03744	0.06534	0.04027	0.01810	0.04021	0.00711	0.00614	0.00192	0.00805	0.00588	0.00408	0.00922
4	0.01131	0.08936	0.01429	0.01214	0.06499	0.00998	0.05958	0.01252	0.01177	0.01545	0.02350	0.12403	0.06649	0.43131	0.02215	0.00458	0.00655	0.01007	0.00423	0.00570
5	0.06104	0.01104	0.01268	0.00956	0.01464	0.00882	0.00760	0.01673	0.01464	0.05249	0.09209	0.02181	0.06944	0.00703	0.00553	0.00132	0.00470	0.00571	0.00470	0.57842
6	0.01834	0.15820	0.08741	0.04621	0.02004	0.04108	0.01205	0.15138	0.05624	0.06816	0.01395	0.01505	0.01074	0.00642	0.00564	0.00160	0.00681	0.00487	0.00455	0.27128

[dist]
# distance from previous block
# <min> <max>
5	39

# created by:
# /home/berkeley/.conda/envs/busco_data_prod/bin/msa2prfl.pl pipeline/OGs_align_augustus/4893/12119.fs
