[name]
unknown

[dist]
# distance from previous block
# <min> <max>
0	20

[block]
# block no. 0 follows, 31 sequences, length 37
# corresponding to MSA columns:
# 20-56
name=unknown_A
#
# <colnr> <probs for GDERKNQSTAVLIFYWHMCP>
#	G	D	E	R	K	N	Q	S	T	A	V	L	I	F	Y	W	H	M	C	P
0	0.02202	0.13971	0.04859	0.01613	0.02000	0.49930	0.01317	0.02428	0.01787	0.01735	0.01396	0.02100	0.01294	0.00845	0.00636	0.00192	0.01067	0.09458	0.00379	0.00792
1	0.02018	0.20823	0.06557	0.01470	0.02067	0.06095	0.07456	0.17371	0.01916	0.08626	0.01381	0.01497	0.01058	0.00654	0.00588	0.00169	0.00759	0.00513	0.00463	0.18518
2	0.02001	0.01867	0.01826	0.01564	0.01986	0.15038	0.05162	0.10893	0.43821	0.04931	0.02247	0.02154	0.01684	0.00851	0.00686	0.00218	0.00732	0.00693	0.00615	0.01031
3	0.01693	0.01626	0.02777	0.04199	0.71689	0.01626	0.02100	0.02100	0.01558	0.02235	0.01287	0.01693	0.01084	0.00610	0.00677	0.00203	0.00813	0.00610	0.00339	0.01084
4	0.01681	0.02111	0.18790	0.10327	0.11860	0.03455	0.31170	0.02236	0.01580	0.07972	0.01420	0.01758	0.01042	0.00635	0.00728	0.00221	0.01007	0.00674	0.00370	0.00962
5	0.01270	0.01192	0.01989	0.70897	0.04536	0.01476	0.01836	0.01712	0.01377	0.01753	0.01481	0.02045	0.04182	0.00733	0.00690	0.00228	0.00886	0.00647	0.00319	0.00752
6	0.01600	0.01803	0.03799	0.02750	0.03357	0.01775	0.60894	0.02125	0.01545	0.02125	0.01324	0.01803	0.01021	0.00653	0.00984	0.00239	0.10181	0.00782	0.00340	0.00901
7	0.00977	0.00733	0.01100	0.01100	0.01222	0.00855	0.00855	0.01222	0.01100	0.01588	0.01833	0.02688	0.01710	0.05131	0.73245	0.01100	0.01833	0.00733	0.00367	0.00611
8	0.02706	0.01521	0.01831	0.01435	0.01939	0.09019	0.06156	0.09885	0.06093	0.45954	0.04630	0.02211	0.01686	0.00832	0.00693	0.00210	0.00702	0.00686	0.00727	0.01084
9	0.01407	0.01410	0.02400	0.18617	0.02800	0.01712	0.17144	0.01739	0.01259	0.01788	0.01209	0.01812	0.01043	0.01464	0.11081	0.00374	0.30980	0.00667	0.00320	0.00773
10	0.00871	0.00622	0.00836	0.00995	0.01051	0.00588	0.00699	0.01017	0.01346	0.01788	0.03750	0.66171	0.04444	0.02108	0.00883	0.00283	0.00429	0.10918	0.00634	0.00566
11	0.02997	0.01280	0.01660	0.01272	0.01804	0.01178	0.01051	0.13536	0.02152	0.61687	0.02536	0.02223	0.01612	0.00843	0.00687	0.00211	0.00609	0.00677	0.00822	0.01164
12	0.01741	0.01853	0.07722	0.02456	0.08729	0.05876	0.34041	0.02181	0.01547	0.08118	0.01485	0.02038	0.01196	0.00787	0.01019	0.00238	0.13728	0.03942	0.00391	0.00911
13	0.01579	0.01999	0.11276	0.02691	0.03359	0.01746	0.56295	0.02143	0.01549	0.02143	0.01326	0.01773	0.01008	0.00637	0.00911	0.00235	0.07320	0.00757	0.00336	0.00918
14	0.00834	0.00595	0.00794	0.00953	0.00992	0.00556	0.00635	0.00953	0.01310	0.01746	0.03771	0.75510	0.04525	0.02143	0.00873	0.00278	0.00397	0.01945	0.00635	0.00556
15	0.01603	0.04931	0.14992	0.12585	0.24264	0.01701	0.22797	0.04876	0.01593	0.02206	0.01299	0.01690	0.01005	0.00624	0.00705	0.00215	0.00960	0.00643	0.00340	0.00973
16	0.01456	0.01557	0.11336	0.01684	0.02131	0.01295	0.18301	0.09013	0.09020	0.04436	0.07578	0.24145	0.02612	0.01188	0.00778	0.00239	0.00722	0.01113	0.00543	0.00853
17	0.00834	0.00595	0.00794	0.00953	0.00992	0.00556	0.00635	0.00953	0.01310	0.01746	0.03771	0.75510	0.04525	0.02143	0.00873	0.00278	0.00397	0.01945	0.00635	0.00556
18	0.01636	0.01840	0.03382	0.12346	0.03414	0.07687	0.47075	0.02117	0.01547	0.02029	0.01281	0.01754	0.00993	0.00669	0.00931	0.00233	0.09131	0.00727	0.00336	0.00871
19	0.02130	0.05077	0.11671	0.01937	0.10876	0.07060	0.04849	0.17916	0.13478	0.13446	0.01790	0.01832	0.01303	0.00773	0.00713	0.00211	0.02712	0.00623	0.00547	0.01057
20	0.02556	0.03261	0.01939	0.01763	0.02115	0.73210	0.01322	0.02732	0.01939	0.01674	0.01058	0.01234	0.00881	0.00705	0.00617	0.00176	0.01234	0.00441	0.00353	0.00793
21	0.00832	0.00600	0.00789	0.00939	0.00989	0.00557	0.00629	0.00954	0.01323	0.01752	0.03933	0.71968	0.07962	0.02122	0.00870	0.00275	0.00394	0.01919	0.00635	0.00557
22	0.01658	0.12107	0.19794	0.02072	0.09323	0.01616	0.18413	0.05366	0.01644	0.07980	0.06457	0.07222	0.01670	0.00804	0.00695	0.00213	0.00849	0.00748	0.00431	0.00940
23	0.01635	0.02259	0.28512	0.04378	0.14702	0.05239	0.03771	0.02341	0.10256	0.08633	0.04760	0.02250	0.06632	0.00808	0.00686	0.00215	0.00813	0.00682	0.00450	0.00978
24	0.01758	0.01457	0.01549	0.01385	0.01778	0.01673	0.01080	0.03623	0.67619	0.05730	0.02781	0.02543	0.02072	0.00925	0.00696	0.00231	0.00543	0.00770	0.00702	0.01086
25	0.04486	0.01577	0.01706	0.05877	0.07217	0.06943	0.01204	0.11477	0.34250	0.10688	0.02211	0.02160	0.01633	0.00835	0.00666	0.00216	0.00655	0.00678	0.04492	0.01029
26	0.07710	0.11008	0.15292	0.12478	0.12558	0.03886	0.08563	0.04564	0.05120	0.10305	0.01455	0.01668	0.01082	0.00677	0.00639	0.00207	0.00837	0.00575	0.00415	0.00960
27	0.01519	0.02208	0.21847	0.02348	0.02943	0.01788	0.33542	0.02042	0.01420	0.02042	0.01214	0.01646	0.00955	0.00759	0.01143	0.00245	0.20448	0.00672	0.00318	0.00901
28	0.00918	0.00658	0.00882	0.00986	0.01079	0.00622	0.00724	0.01126	0.01521	0.02059	0.21185	0.44813	0.04915	0.01904	0.00869	0.00269	0.00421	0.13793	0.00665	0.00593
29	0.01535	0.20861	0.43777	0.01693	0.02493	0.03633	0.04227	0.04493	0.01550	0.02140	0.06413	0.01649	0.01304	0.00695	0.00616	0.00199	0.00893	0.00539	0.00342	0.00948
30	0.01264	0.01064	0.01287	0.04698	0.06741	0.01123	0.00966	0.02127	0.26057	0.02414	0.17025	0.07888	0.18161	0.01280	0.00764	0.00233	0.00491	0.04956	0.00642	0.00818
31	0.01057	0.00755	0.01050	0.01208	0.01345	0.00748	0.01023	0.01339	0.01530	0.01996	0.03647	0.19199	0.04037	0.01933	0.00933	0.00309	0.00591	0.56052	0.00631	0.00617
32	0.02661	0.01915	0.01982	0.01540	0.02070	0.07280	0.01262	0.55479	0.02951	0.13304	0.01742	0.01705	0.01214	0.00816	0.00680	0.00204	0.00766	0.00613	0.00682	0.01136
33	0.01860	0.01959	0.05470	0.09735	0.15968	0.16622	0.08133	0.13268	0.04001	0.02406	0.05737	0.06181	0.01576	0.00838	0.00747	0.00213	0.03215	0.00711	0.00446	0.00915
34	0.01682	0.01832	0.03784	0.02727	0.03371	0.01779	0.60467	0.07183	0.01704	0.02320	0.01377	0.01811	0.01040	0.00629	0.00876	0.00233	0.05105	0.00782	0.00369	0.00931
35	0.01462	0.00844	0.00882	0.00802	0.01023	0.00873	0.00621	0.12296	0.01754	0.02844	0.07300	0.02598	0.02011	0.00846	0.00535	0.00171	0.00388	0.00679	0.61348	0.00721
36	0.02471	0.07487	0.02077	0.01847	0.05495	0.65558	0.01351	0.02661	0.01888	0.01698	0.01062	0.01248	0.00891	0.00693	0.00609	0.00176	0.01184	0.00444	0.00348	0.00812

[dist]
# distance from previous block
# <min> <max>
0	2

[block]
# block no. 1 follows, 31 sequences, length 27
# corresponding to MSA columns:
# 59-85
name=unknown_B
#
# <colnr> <probs for GDERKNQSTAVLIFYWHMCP>
#	G	D	E	R	K	N	Q	S	T	A	V	L	I	F	Y	W	H	M	C	P
0	0.00891	0.00665	0.00842	0.00956	0.01072	0.00616	0.00713	0.01073	0.01446	0.01863	0.06147	0.41587	0.20849	0.01967	0.00872	0.00273	0.00435	0.16515	0.00637	0.00580
1	0.00909	0.00697	0.00833	0.00799	0.00986	0.00620	0.00599	0.01177	0.01797	0.02413	0.47566	0.05654	0.30424	0.01522	0.00808	0.00221	0.00332	0.01313	0.00710	0.00620
2	0.43543	0.15649	0.01700	0.01146	0.01584	0.12411	0.00954	0.02349	0.10862	0.02561	0.01220	0.01325	0.00973	0.00677	0.00493	0.00197	0.00673	0.00435	0.00426	0.00821
3	0.01632	0.01797	0.03760	0.03173	0.18564	0.01707	0.54437	0.02171	0.01602	0.02201	0.01363	0.01812	0.01048	0.00584	0.00779	0.00225	0.01078	0.00764	0.00344	0.00958
4	0.00830	0.00609	0.00779	0.00915	0.00982	0.00559	0.00618	0.00957	0.01346	0.01761	0.04226	0.65573	0.14168	0.02084	0.00864	0.00271	0.00390	0.01873	0.00635	0.00559
5	0.80789	0.01323	0.01006	0.00900	0.01323	0.01535	0.00741	0.02011	0.01164	0.03070	0.00953	0.01111	0.00741	0.00635	0.00423	0.00212	0.00529	0.00370	0.00423	0.00741
6	0.01883	0.01562	0.02613	0.03789	0.62058	0.01540	0.01949	0.02270	0.01613	0.11864	0.01481	0.01781	0.01168	0.00642	0.00679	0.00204	0.00781	0.00620	0.00409	0.01095
7	0.00986	0.00846	0.00872	0.00848	0.01044	0.05038	0.00631	0.01221	0.01730	0.02219	0.34302	0.10168	0.34512	0.01552	0.00800	0.00224	0.00394	0.01326	0.00669	0.00619
8	0.01895	0.02124	0.02474	0.02014	0.02300	0.23352	0.16334	0.05464	0.01548	0.01907	0.01090	0.01502	0.00937	0.00894	0.01363	0.00243	0.32797	0.00598	0.00345	0.00821
9	0.12009	0.01240	0.01535	0.01214	0.01698	0.01196	0.00998	0.11334	0.01948	0.49213	0.02283	0.02130	0.01516	0.01196	0.07051	0.00289	0.00708	0.00645	0.00734	0.01065
10	0.02644	0.01773	0.01956	0.01507	0.02046	0.01919	0.01243	0.55828	0.05596	0.15599	0.01863	0.01792	0.01288	0.00830	0.00685	0.00207	0.00716	0.00634	0.00712	0.01161
11	0.01314	0.00742	0.01012	0.00971	0.01034	0.00772	0.00675	0.05282	0.06367	0.01507	0.01338	0.02089	0.01256	0.02171	0.02401	0.69097	0.00600	0.00609	0.00351	0.00410
12	0.00960	0.00649	0.00756	0.00791	0.00799	0.00640	0.00462	0.00986	0.01063	0.01417	0.02503	0.19748	0.02925	0.60088	0.02921	0.00580	0.00606	0.01199	0.00462	0.00445
13	0.00871	0.00695	0.00768	0.00797	0.00980	0.00613	0.00598	0.01050	0.01510	0.01863	0.09036	0.11923	0.48448	0.08309	0.01066	0.00282	0.00412	0.09585	0.00621	0.00571
14	0.60456	0.01341	0.01194	0.01011	0.01463	0.01485	0.00833	0.07587	0.01471	0.15742	0.01325	0.01375	0.00948	0.00688	0.00492	0.00211	0.00557	0.00448	0.00521	0.00851
15	0.15777	0.01780	0.01836	0.01445	0.01959	0.01989	0.01188	0.52782	0.08192	0.03986	0.01616	0.01625	0.01165	0.00798	0.00641	0.00209	0.00698	0.00587	0.00641	0.01085
16	0.02213	0.11158	0.02115	0.01813	0.08100	0.43661	0.01316	0.08543	0.01860	0.01948	0.01211	0.01468	0.01023	0.01216	0.09189	0.00287	0.01165	0.00498	0.00376	0.00841
17	0.01235	0.01355	0.08142	0.47234	0.03696	0.01349	0.07010	0.01659	0.01403	0.01820	0.02074	0.07224	0.09492	0.00927	0.00759	0.01869	0.00833	0.00801	0.00367	0.00750
18	0.01103	0.00697	0.00914	0.00899	0.01010	0.00747	0.00669	0.01291	0.01276	0.01957	0.11434	0.02998	0.02343	0.07772	0.26717	0.10821	0.02701	0.00772	0.23308	0.00573
19	0.00964	0.00659	0.00797	0.00825	0.00847	0.00666	0.00507	0.01014	0.01064	0.01433	0.02410	0.17127	0.02764	0.54224	0.11252	0.00645	0.00753	0.01136	0.00449	0.00463
20	0.07626	0.02693	0.46660	0.01827	0.02613	0.01453	0.09831	0.02007	0.01463	0.02210	0.01806	0.02475	0.04936	0.00844	0.00693	0.00230	0.00910	0.08445	0.00365	0.00912
21	0.01675	0.19264	0.30525	0.02128	0.11880	0.09797	0.07471	0.02168	0.01495	0.01972	0.01151	0.01413	0.00916	0.00659	0.00699	0.00200	0.04820	0.00511	0.00309	0.00946
22	0.01458	0.02726	0.42550	0.08800	0.11212	0.01619	0.17635	0.02128	0.01490	0.02143	0.01269	0.01598	0.00935	0.00632	0.00692	0.00219	0.01012	0.00595	0.00309	0.00977
23	0.01018	0.00727	0.00967	0.01081	0.01200	0.00710	0.00867	0.01248	0.01471	0.01931	0.08074	0.18669	0.07340	0.12302	0.01273	0.00347	0.00560	0.39021	0.00609	0.00585
24	0.01184	0.00962	0.01124	0.06881	0.01493	0.04481	0.00857	0.07330	0.06051	0.02013	0.03000	0.47329	0.03354	0.05775	0.04536	0.00320	0.00605	0.01460	0.00578	0.00667
25	0.39546	0.01801	0.07354	0.01870	0.14889	0.07950	0.04850	0.06543	0.01482	0.02684	0.01112	0.01350	0.00879	0.00675	0.00634	0.00212	0.04421	0.00483	0.00398	0.00869
26	0.04237	0.02113	0.09838	0.09546	0.42289	0.16091	0.01928	0.02201	0.01594	0.02097	0.01218	0.01568	0.00994	0.00640	0.00655	0.00202	0.00919	0.00557	0.00336	0.00978

[dist]
# distance from previous block
# <min> <max>
0	33

# created by:
# /home/berkeley/.conda/envs/busco_data_prod/bin/msa2prfl.pl pipeline/OGs_align_augustus/4893/12126.fs
