[name]
unknown

[dist]
# distance from previous block
# <min> <max>
0	40

[block]
# block no. 0 follows, 33 sequences, length 25
# corresponding to MSA columns:
# 43-67
name=unknown_A
#
# <colnr> <probs for GDERKNQSTAVLIFYWHMCP>
#	G	D	E	R	K	N	Q	S	T	A	V	L	I	F	Y	W	H	M	C	P
0	0.01967	0.01400	0.01736	0.01742	0.14819	0.08051	0.02822	0.03849	0.03064	0.22430	0.04567	0.02283	0.01605	0.00769	0.00636	0.00180	0.00653	0.05726	0.00534	0.21168
1	0.02490	0.01165	0.01578	0.01345	0.07058	0.00992	0.01005	0.02763	0.01736	0.51563	0.02168	0.01994	0.01435	0.00723	0.00621	0.00179	0.00560	0.00594	0.00681	0.19349
2	0.01332	0.01132	0.01328	0.00964	0.01516	0.00858	0.00768	0.01626	0.01403	0.02183	0.06588	0.01635	0.01373	0.00553	0.00510	0.00106	0.00474	0.00451	0.00415	0.74784
3	0.01781	0.23929	0.25301	0.01739	0.10996	0.01716	0.01608	0.03961	0.01509	0.13325	0.01347	0.01462	0.01009	0.00626	0.00566	0.00177	0.00761	0.00483	0.00389	0.07315
4	0.81514	0.01273	0.00968	0.00866	0.01273	0.01477	0.00713	0.01935	0.01120	0.02954	0.00917	0.01069	0.00713	0.00611	0.00407	0.00204	0.00509	0.00356	0.00407	0.00713
5	0.00954	0.00653	0.00792	0.00792	0.00817	0.00678	0.00491	0.01005	0.00979	0.01331	0.02007	0.03936	0.02232	0.61304	0.18690	0.00729	0.00882	0.00903	0.00389	0.00440
6	0.04164	0.27682	0.39101	0.01541	0.02296	0.05172	0.01785	0.03811	0.01454	0.05737	0.01162	0.01310	0.00884	0.00621	0.00552	0.00184	0.00851	0.00447	0.00324	0.00924
7	0.01624	0.05353	0.02649	0.11424	0.56582	0.04436	0.04440	0.02008	0.01488	0.02048	0.01210	0.01603	0.01006	0.00596	0.00643	0.00195	0.00816	0.00575	0.00321	0.00983
8	0.00819	0.00662	0.00728	0.00726	0.00918	0.00571	0.00539	0.01018	0.01575	0.01990	0.23151	0.11030	0.50739	0.01614	0.00782	0.00222	0.00331	0.01374	0.00640	0.00571
9	0.01789	0.02125	0.24917	0.02631	0.29046	0.01520	0.07204	0.08318	0.01665	0.12274	0.01449	0.01646	0.01063	0.00647	0.00655	0.00203	0.00831	0.00581	0.00409	0.01026
10	0.01471	0.01498	0.09147	0.01315	0.06577	0.02817	0.01068	0.03446	0.01443	0.03888	0.01217	0.01408	0.00981	0.00529	0.00524	0.00123	0.00584	0.00426	0.00389	0.61150
11	0.01640	0.01329	0.01436	0.01278	0.01635	0.01503	0.00996	0.05905	0.57530	0.05647	0.11104	0.02711	0.02469	0.00941	0.00682	0.00219	0.00505	0.00789	0.00682	0.00997
12	0.00812	0.00584	0.00754	0.00885	0.00933	0.00544	0.00588	0.00922	0.01255	0.01658	0.03724	0.66454	0.08858	0.07430	0.01017	0.00291	0.00397	0.01773	0.00596	0.00526
13	0.01734	0.10224	0.09043	0.10353	0.07314	0.08178	0.06440	0.02285	0.11206	0.12736	0.04387	0.05071	0.03001	0.04255	0.00769	0.00222	0.00747	0.00689	0.00470	0.00876
14	0.01587	0.29397	0.31740	0.01479	0.02131	0.04772	0.01645	0.02028	0.01424	0.05503	0.06266	0.01563	0.01269	0.00703	0.00669	0.00188	0.05908	0.00502	0.00342	0.00884
15	0.00951	0.00641	0.00743	0.00748	0.00757	0.00647	0.00435	0.00971	0.00974	0.01307	0.02104	0.06564	0.02407	0.69499	0.08102	0.00655	0.00707	0.00970	0.00403	0.00416
16	0.01761	0.15649	0.42321	0.01639	0.02425	0.01601	0.05266	0.02309	0.01496	0.17346	0.01448	0.01535	0.01016	0.00652	0.00606	0.00196	0.00844	0.00515	0.00397	0.00978
17	0.01213	0.01321	0.09330	0.10048	0.05336	0.01144	0.12584	0.06050	0.01531	0.02066	0.08349	0.21967	0.11088	0.01208	0.00801	0.00231	0.03420	0.01090	0.00481	0.00740
18	0.01450	0.01736	0.09510	0.23358	0.08479	0.01588	0.40097	0.01979	0.01468	0.01988	0.01266	0.01725	0.00953	0.00593	0.00721	0.00218	0.01009	0.00683	0.00316	0.00862
19	0.00802	0.00573	0.00764	0.00917	0.00955	0.00535	0.00611	0.00917	0.01260	0.01681	0.03628	0.76434	0.04354	0.02062	0.00840	0.00267	0.00382	0.01872	0.00611	0.00535
20	0.01592	0.08673	0.02492	0.24401	0.40957	0.01668	0.01824	0.06859	0.01545	0.02101	0.01212	0.01608	0.00981	0.00620	0.00632	0.00197	0.00798	0.00564	0.00336	0.00938
21	0.01560	0.25257	0.43221	0.01730	0.05035	0.01828	0.04696	0.02110	0.01411	0.05744	0.01186	0.01360	0.00894	0.00613	0.00574	0.00188	0.00869	0.00471	0.00312	0.00942
22	0.01237	0.00734	0.00920	0.00866	0.01081	0.00651	0.00651	0.01462	0.01655	0.15183	0.28941	0.18731	0.22402	0.01472	0.00768	0.00222	0.00376	0.01278	0.00689	0.00679
23	0.09478	0.01932	0.13697	0.02155	0.02667	0.03897	0.33865	0.01973	0.01360	0.02044	0.01142	0.01546	0.00907	0.00723	0.01055	0.00233	0.19536	0.00630	0.00321	0.00838
24	0.06068	0.14397	0.04095	0.04342	0.14906	0.11923	0.05631	0.16597	0.06174	0.02417	0.01275	0.01479	0.01017	0.00701	0.00711	0.00195	0.06202	0.00533	0.00412	0.00926

[dist]
# distance from previous block
# <min> <max>
1	4

[block]
# block no. 1 follows, 33 sequences, length 76
# corresponding to MSA columns:
# 72-147
name=unknown_B
#
# <colnr> <probs for GDERKNQSTAVLIFYWHMCP>
#	G	D	E	R	K	N	Q	S	T	A	V	L	I	F	Y	W	H	M	C	P
0	0.11318	0.07509	0.08588	0.01465	0.05525	0.01651	0.01229	0.22477	0.12893	0.14722	0.01719	0.01702	0.01238	0.00732	0.00602	0.00195	0.00655	0.00562	0.00563	0.04654
1	0.02500	0.01766	0.01917	0.01479	0.01997	0.01936	0.01219	0.62050	0.06115	0.09682	0.01713	0.01674	0.01201	0.00797	0.00659	0.00199	0.00702	0.00605	0.00672	0.01116
2	0.01549	0.01383	0.02277	0.17588	0.46547	0.01408	0.01761	0.01921	0.01457	0.05269	0.01405	0.05529	0.01203	0.00679	0.00650	0.00196	0.00746	0.00640	0.00361	0.07429
3	0.05044	0.00689	0.00902	0.06941	0.01294	0.00687	0.00747	0.01102	0.01351	0.01868	0.09944	0.49402	0.08418	0.01760	0.00799	0.00255	0.00438	0.07200	0.00585	0.00575
4	0.13172	0.01542	0.01858	0.05455	0.08808	0.01641	0.03087	0.34313	0.02271	0.18907	0.01655	0.01676	0.01154	0.00739	0.00628	0.00201	0.00683	0.00580	0.00599	0.01031
5	0.06548	0.01346	0.01578	0.01246	0.01736	0.01347	0.01016	0.18017	0.14760	0.35664	0.02184	0.02002	0.01485	0.00787	0.00635	0.00197	0.00581	0.00624	0.00698	0.07549
6	0.01559	0.01532	0.02537	0.21334	0.50064	0.04020	0.05482	0.01963	0.01470	0.02015	0.01219	0.01653	0.00993	0.00606	0.00658	0.00202	0.00836	0.00591	0.00319	0.00949
7	0.08608	0.04338	0.01774	0.01472	0.06912	0.05505	0.01120	0.20167	0.02087	0.38363	0.01959	0.01835	0.01314	0.00759	0.00628	0.00197	0.00655	0.00591	0.00662	0.01053
8	0.02088	0.10123	0.04169	0.01833	0.08131	0.31969	0.06058	0.11336	0.13752	0.02219	0.01407	0.01524	0.01107	0.00700	0.00616	0.00186	0.00919	0.00533	0.00427	0.00903
9	0.01448	0.03092	0.63467	0.01813	0.02715	0.01460	0.04194	0.02151	0.01449	0.07866	0.03436	0.01576	0.01064	0.00660	0.00637	0.00208	0.00924	0.00530	0.00336	0.00972
10	0.12558	0.05764	0.04353	0.01870	0.09660	0.13357	0.12879	0.13361	0.01762	0.06923	0.01280	0.01472	0.00981	0.00659	0.00661	0.00190	0.03534	0.00535	0.00426	0.07775
11	0.01328	0.00967	0.03538	0.01090	0.01309	0.00915	0.00833	0.05948	0.14384	0.10293	0.05032	0.45212	0.03344	0.01558	0.00768	0.00244	0.00467	0.01381	0.00640	0.00748
12	0.01144	0.00572	0.00858	0.00858	0.00858	0.00572	0.00572	0.00858	0.00858	0.01144	0.01144	0.02001	0.01144	0.02287	0.02573	0.80846	0.00572	0.00572	0.00286	0.00286
13	0.01486	0.09517	0.20540	0.11594	0.25389	0.01603	0.10274	0.01971	0.01429	0.02011	0.01189	0.01524	0.00939	0.00591	0.00625	0.00192	0.00850	0.00545	0.00311	0.07419
14	0.00843	0.00669	0.00757	0.00735	0.00929	0.00584	0.00551	0.01071	0.01654	0.02144	0.34554	0.05734	0.44377	0.01531	0.00777	0.00216	0.00324	0.01305	0.00659	0.00584
15	0.00961	0.00675	0.00866	0.00951	0.01031	0.00662	0.00710	0.01121	0.01293	0.01706	0.06680	0.19400	0.05415	0.27588	0.01723	0.00404	0.00552	0.27199	0.00542	0.00521
16	0.01421	0.01505	0.03010	0.34359	0.06425	0.01573	0.38080	0.01920	0.01449	0.01925	0.01258	0.01762	0.00948	0.00601	0.00721	0.00220	0.00997	0.00687	0.00315	0.00825
17	0.00802	0.00654	0.00709	0.00724	0.00911	0.00561	0.00532	0.00980	0.01514	0.01878	0.14872	0.16183	0.54029	0.01682	0.00787	0.00227	0.00337	0.01432	0.00626	0.00561
18	0.01729	0.01680	0.01785	0.01548	0.01728	0.14280	0.01249	0.05964	0.12071	0.04782	0.01578	0.01844	0.04366	0.01009	0.01406	0.00242	0.38507	0.00618	0.02809	0.00804
19	0.01677	0.01764	0.01987	0.01712	0.01799	0.14888	0.01401	0.05337	0.01269	0.01722	0.00929	0.01402	0.00875	0.01049	0.01804	0.00262	0.58510	0.00550	0.00316	0.00748
20	0.01349	0.03205	0.64908	0.01987	0.02922	0.01546	0.10776	0.02088	0.01410	0.02088	0.01200	0.01437	0.00854	0.00617	0.00644	0.00210	0.00990	0.00522	0.00285	0.00962
21	0.01223	0.01143	0.01919	0.71896	0.04371	0.01420	0.01773	0.01647	0.01314	0.01682	0.01282	0.05155	0.01036	0.00722	0.00666	0.00222	0.00855	0.00644	0.00307	0.00722
22	0.02473	0.01829	0.01959	0.01509	0.02030	0.02028	0.01244	0.68286	0.05419	0.04102	0.01618	0.01610	0.01150	0.00794	0.00659	0.00198	0.00718	0.00598	0.00659	0.01117
23	0.01217	0.01135	0.01890	0.68024	0.04205	0.01412	0.01732	0.01625	0.01304	0.01679	0.01335	0.07023	0.01123	0.00771	0.00712	0.00225	0.02880	0.00676	0.00315	0.00717
24	0.00940	0.00705	0.01058	0.01058	0.01176	0.00823	0.00823	0.01176	0.01058	0.01528	0.01763	0.02586	0.01646	0.04937	0.74255	0.01058	0.01763	0.00705	0.00353	0.00588
25	0.00853	0.00670	0.00771	0.00746	0.00935	0.00588	0.00559	0.01090	0.01678	0.02200	0.38819	0.05642	0.40077	0.01510	0.00777	0.00215	0.00322	0.01292	0.00667	0.00588
26	0.00942	0.00701	0.01035	0.01035	0.01145	0.00811	0.00795	0.01161	0.01051	0.01511	0.01784	0.02701	0.01696	0.09730	0.69531	0.01030	0.01688	0.00722	0.00356	0.00575
27	0.01964	0.06420	0.01974	0.01835	0.12336	0.12689	0.01290	0.18822	0.27746	0.02707	0.01784	0.01815	0.01370	0.00781	0.00692	0.00202	0.03442	0.00607	0.00529	0.00995
28	0.00836	0.00597	0.00803	0.00956	0.01009	0.00564	0.00671	0.00976	0.01294	0.01719	0.03609	0.67274	0.04279	0.02030	0.00849	0.00272	0.00412	0.10693	0.00610	0.00544
29	0.00948	0.00676	0.00910	0.00910	0.00976	0.00742	0.00638	0.01080	0.01014	0.01418	0.01899	0.03338	0.01972	0.36354	0.43284	0.00875	0.01272	0.00815	0.00373	0.00505
30	0.00982	0.00763	0.01125	0.01101	0.01206	0.00914	0.00859	0.01202	0.01051	0.01525	0.01701	0.02549	0.01607	0.06966	0.66111	0.00982	0.07715	0.00703	0.00349	0.00592
31	0.01589	0.01506	0.02537	0.15861	0.59461	0.01560	0.01968	0.03817	0.01512	0.02127	0.01236	0.01649	0.01017	0.00604	0.00653	0.00200	0.00796	0.00586	0.00329	0.00993
32	0.01243	0.01170	0.01975	0.75282	0.04534	0.01463	0.01828	0.01682	0.01316	0.01682	0.01170	0.01755	0.00878	0.00658	0.00658	0.00219	0.00878	0.00585	0.00293	0.00731
33	0.01536	0.01473	0.02485	0.19191	0.54032	0.01568	0.01946	0.01923	0.01432	0.02018	0.01202	0.01645	0.00997	0.00635	0.00740	0.00206	0.05114	0.00586	0.00317	0.00957
34	0.02662	0.01065	0.01437	0.01146	0.01596	0.00937	0.00928	0.02948	0.03871	0.62733	0.02721	0.10956	0.01961	0.00964	0.00683	0.00212	0.00538	0.00806	0.00787	0.01049
35	0.00778	0.00667	0.00667	0.00667	0.00889	0.00556	0.00500	0.00945	0.01501	0.01778	0.06669	0.06336	0.72490	0.01667	0.00778	0.00222	0.00333	0.01389	0.00611	0.00556
36	0.02503	0.01844	0.01976	0.01515	0.02042	0.02042	0.01251	0.70562	0.03095	0.04149	0.01581	0.01581	0.01120	0.00790	0.00659	0.00198	0.00724	0.00593	0.00659	0.01120
37	0.01412	0.01343	0.02280	0.44090	0.34405	0.01507	0.01912	0.01830	0.01396	0.01887	0.01200	0.01700	0.00950	0.00627	0.00655	0.00209	0.00836	0.00586	0.00307	0.00868
38	0.01529	0.24407	0.45937	0.01689	0.02506	0.01823	0.06333	0.02100	0.01406	0.04880	0.01173	0.01354	0.00881	0.00611	0.00578	0.00190	0.00887	0.00474	0.00305	0.00937
39	0.00802	0.00573	0.00764	0.00917	0.00955	0.00535	0.00611	0.00917	0.01260	0.01681	0.03628	0.76434	0.04354	0.02062	0.00840	0.00267	0.00382	0.01872	0.00611	0.00535
40	0.00940	0.00705	0.01058	0.01058	0.01176	0.00823	0.00823	0.01176	0.01058	0.01528	0.01763	0.02586	0.01646	0.04937	0.74255	0.01058	0.01763	0.00705	0.00353	0.00588
41	0.01587	0.24964	0.31507	0.04225	0.02515	0.05179	0.11313	0.02113	0.03061	0.03777	0.01178	0.01396	0.00912	0.00627	0.00633	0.00191	0.03105	0.00501	0.00314	0.00903
42	0.01136	0.00574	0.00852	0.00852	0.00852	0.00574	0.00565	0.00862	0.00862	0.01149	0.01181	0.02094	0.01194	0.05286	0.02604	0.77620	0.00574	0.00587	0.00290	0.00290
43	0.00802	0.00573	0.00764	0.00917	0.00955	0.00535	0.00611	0.00917	0.01260	0.01681	0.03628	0.76434	0.04354	0.02062	0.00840	0.00267	0.00382	0.01872	0.00611	0.00535
44	0.00810	0.00586	0.00766	0.00895	0.00953	0.00542	0.00605	0.00941	0.01318	0.01754	0.08604	0.66979	0.08842	0.01987	0.00832	0.00260	0.00374	0.01793	0.00619	0.00542
45	0.01498	0.01475	0.02402	0.29641	0.36284	0.04034	0.05426	0.01888	0.01409	0.01915	0.01181	0.01653	0.00960	0.00659	0.00779	0.00212	0.06798	0.00590	0.00312	0.00886
46	0.01477	0.02828	0.46013	0.04212	0.06269	0.08893	0.04574	0.02041	0.01383	0.01946	0.01120	0.01415	0.00858	0.00715	0.00886	0.00218	0.13443	0.00514	0.00291	0.00903
47	0.04437	0.01463	0.02450	0.20252	0.54531	0.01538	0.01929	0.01940	0.01443	0.02072	0.01211	0.01638	0.00993	0.00604	0.00644	0.00201	0.00794	0.00578	0.00321	0.00959
48	0.00926	0.00691	0.01001	0.01009	0.01122	0.00776	0.00770	0.01145	0.01125	0.01595	0.05731	0.07832	0.04660	0.07334	0.60049	0.00914	0.01499	0.00843	0.00400	0.00577
49	0.08817	0.01112	0.01449	0.01126	0.01613	0.00992	0.00928	0.03045	0.01806	0.65061	0.02452	0.02161	0.01563	0.00798	0.00635	0.00202	0.00546	0.00637	0.03990	0.01069
50	0.01760	0.77260	0.03450	0.01126	0.01690	0.02605	0.01126	0.01971	0.01338	0.01549	0.00915	0.01056	0.00845	0.00563	0.00422	0.00141	0.00704	0.00352	0.00282	0.00845
51	0.01505	0.01445	0.02484	0.26617	0.49198	0.01535	0.03839	0.01915	0.01443	0.02001	0.01219	0.01673	0.00989	0.00608	0.00657	0.00204	0.00821	0.00591	0.00315	0.00940
52	0.01195	0.01101	0.01509	0.05179	0.01685	0.06577	0.09169	0.01470	0.03238	0.01723	0.02259	0.20878	0.02392	0.08109	0.14283	0.00429	0.08158	0.09556	0.00447	0.00644
53	0.00802	0.00573	0.00764	0.00917	0.00955	0.00535	0.00611	0.00917	0.01260	0.01681	0.03628	0.76434	0.04354	0.02062	0.00840	0.00267	0.00382	0.01872	0.00611	0.00535
54	0.00778	0.00667	0.00667	0.00667	0.00889	0.00556	0.00500	0.00945	0.01501	0.01778	0.06669	0.06336	0.72490	0.01667	0.00778	0.00222	0.00333	0.01389	0.00611	0.00556
55	0.02926	0.01166	0.01556	0.01193	0.01703	0.01035	0.00985	0.07414	0.01960	0.68900	0.02534	0.02199	0.01598	0.00813	0.00662	0.00203	0.00570	0.00658	0.00805	0.01120
56	0.01629	0.01564	0.02672	0.04041	0.72757	0.01564	0.02020	0.02020	0.01499	0.02151	0.01238	0.01629	0.01043	0.00587	0.00652	0.00196	0.00782	0.00587	0.00326	0.01043
57	0.01144	0.00572	0.00858	0.00858	0.00858	0.00572	0.00572	0.00858	0.00858	0.01144	0.01144	0.02001	0.01144	0.02287	0.02573	0.80846	0.00572	0.00572	0.00286	0.00286
58	0.01475	0.01407	0.02394	0.32496	0.45507	0.01524	0.01944	0.01885	0.01426	0.01964	0.01211	0.01680	0.00977	0.00615	0.00654	0.00205	0.00820	0.00586	0.00313	0.00918
59	0.01616	0.01551	0.02648	0.06468	0.70433	0.01561	0.02014	0.02009	0.01493	0.02135	0.01236	0.01634	0.01037	0.00589	0.00652	0.00196	0.00785	0.00587	0.00325	0.01032
60	0.01589	0.01559	0.02676	0.19452	0.27074	0.04024	0.20627	0.02161	0.08031	0.04172	0.01416	0.01778	0.01094	0.00633	0.00688	0.00210	0.00877	0.00650	0.00367	0.00922
61	0.81514	0.01273	0.00968	0.00866	0.01273	0.01477	0.00713	0.01935	0.01120	0.02954	0.00917	0.01069	0.00713	0.00611	0.00407	0.00204	0.00509	0.00356	0.00407	0.00713
62	0.00940	0.00705	0.01058	0.01058	0.01176	0.00823	0.00823	0.01176	0.01058	0.01528	0.01763	0.02586	0.01646	0.04937	0.74255	0.01058	0.01763	0.00705	0.00353	0.00588
63	0.01320	0.03405	0.73453	0.01876	0.02849	0.01529	0.02432	0.02085	0.01390	0.02085	0.01181	0.01390	0.00834	0.00625	0.00625	0.00208	0.00973	0.00486	0.00278	0.00973
64	0.01661	0.01624	0.02642	0.03952	0.70086	0.04308	0.01992	0.02043	0.01513	0.02130	0.01230	0.01613	0.01035	0.00590	0.00650	0.00195	0.00797	0.00580	0.00326	0.01032
65	0.00802	0.00573	0.00764	0.00917	0.00955	0.00535	0.00611	0.00917	0.01260	0.01681	0.03628	0.76434	0.04354	0.02062	0.00840	0.00267	0.00382	0.01872	0.00611	0.00535
66	0.01227	0.00614	0.00614	0.00614	0.00767	0.00614	0.00460	0.01534	0.01381	0.02454	0.02148	0.02454	0.01687	0.00767	0.00460	0.00153	0.00307	0.00614	0.80518	0.00614
67	0.01227	0.00614	0.00614	0.00614	0.00767	0.00614	0.00460	0.01534	0.01381	0.02454	0.02148	0.02454	0.01687	0.00767	0.00460	0.00153	0.00307	0.00614	0.80518	0.00614
68	0.00811	0.00592	0.00765	0.00895	0.00960	0.00546	0.00612	0.00942	0.01311	0.01726	0.05790	0.64520	0.12123	0.01991	0.00834	0.00262	0.00381	0.03785	0.00614	0.00542
69	0.01391	0.01383	0.02307	0.49898	0.14144	0.04232	0.10960	0.01823	0.01397	0.01820	0.01196	0.01705	0.00920	0.00629	0.00665	0.00210	0.00893	0.00598	0.00308	0.03519
70	0.01227	0.00614	0.00614	0.00614	0.00767	0.00614	0.00460	0.01534	0.01381	0.02454	0.02148	0.02454	0.01687	0.00767	0.00460	0.00153	0.00307	0.00614	0.80518	0.00614
71	0.00778	0.00667	0.00667	0.00667	0.00889	0.00556	0.00500	0.00945	0.01501	0.01778	0.06669	0.06336	0.72490	0.01667	0.00778	0.00222	0.00333	0.01389	0.00611	0.00556
72	0.01554	0.01776	0.03885	0.02775	0.03441	0.01665	0.70366	0.02109	0.01554	0.02109	0.01332	0.01776	0.00999	0.00555	0.00777	0.00222	0.01110	0.00777	0.00333	0.00888
73	0.01997	0.01612	0.02084	0.07196	0.10926	0.01723	0.07228	0.33021	0.13851	0.04734	0.01660	0.01759	0.01230	0.00729	0.00656	0.00197	0.00719	0.00618	0.00547	0.07514
74	0.12226	0.16781	0.04429	0.04024	0.01912	0.16353	0.01170	0.14231	0.14380	0.06254	0.01476	0.01526	0.01128	0.00710	0.00568	0.00188	0.00754	0.00508	0.00473	0.00909
75	0.01332	0.03336	0.70780	0.01958	0.05489	0.01530	0.02417	0.02082	0.01394	0.02087	0.01184	0.01399	0.00842	0.00624	0.00626	0.00208	0.00966	0.00490	0.00280	0.00976

[dist]
# distance from previous block
# <min> <max>
0	1

[block]
# block no. 2 follows, 33 sequences, length 20
# corresponding to MSA columns:
# 149-168
name=unknown_C
#
# <colnr> <probs for GDERKNQSTAVLIFYWHMCP>
#	G	D	E	R	K	N	Q	S	T	A	V	L	I	F	Y	W	H	M	C	P
0	0.01967	0.01588	0.01639	0.01394	0.01814	0.04633	0.01105	0.21792	0.46882	0.06283	0.02308	0.02156	0.01702	0.00853	0.00663	0.00213	0.00605	0.00686	0.00660	0.01056
1	0.02082	0.01978	0.01891	0.01577	0.01975	0.28204	0.10283	0.07262	0.11707	0.12894	0.06716	0.04863	0.03912	0.00849	0.00671	0.00199	0.00840	0.00700	0.00524	0.00873
2	0.01675	0.05453	0.07083	0.03827	0.02102	0.18675	0.09793	0.05296	0.01436	0.01809	0.01153	0.01579	0.00998	0.01410	0.11566	0.00343	0.24126	0.00568	0.00332	0.00775
3	0.77611	0.01365	0.01012	0.00907	0.01311	0.05068	0.00741	0.01969	0.01157	0.02887	0.00922	0.01075	0.00720	0.00614	0.00417	0.00202	0.00543	0.00360	0.00404	0.00715
4	0.05487	0.02082	0.01965	0.02092	0.17664	0.25863	0.01381	0.12904	0.14429	0.02380	0.01437	0.01586	0.01137	0.00743	0.00730	0.00199	0.05999	0.00551	0.00444	0.00925
5	0.01604	0.01362	0.01450	0.01299	0.01657	0.01559	0.01011	0.05763	0.62617	0.02795	0.09068	0.02651	0.02364	0.00931	0.00679	0.00221	0.00509	0.00780	0.00675	0.01006
6	0.01227	0.00614	0.00614	0.00614	0.00767	0.00614	0.00460	0.01534	0.01381	0.02454	0.02148	0.02454	0.01687	0.00767	0.00460	0.00153	0.00307	0.00614	0.80518	0.00614
7	0.00778	0.00667	0.00667	0.00667	0.00889	0.00556	0.00500	0.00945	0.01501	0.01778	0.06669	0.06336	0.72490	0.01667	0.00778	0.00222	0.00333	0.01389	0.00611	0.00556
8	0.01227	0.00614	0.00614	0.00614	0.00767	0.00614	0.00460	0.01534	0.01381	0.02454	0.02148	0.02454	0.01687	0.00767	0.00460	0.00153	0.00307	0.00614	0.80518	0.00614
9	0.01243	0.01170	0.01975	0.75282	0.04534	0.01463	0.01828	0.01682	0.01316	0.01682	0.01170	0.01755	0.00878	0.00658	0.00658	0.00219	0.00878	0.00585	0.00293	0.00731
10	0.00918	0.00672	0.00860	0.00813	0.00975	0.00615	0.00610	0.01215	0.01830	0.02561	0.66349	0.05048	0.12322	0.01375	0.00777	0.00208	0.00313	0.01209	0.00714	0.00615
11	0.01365	0.01170	0.01365	0.00975	0.01560	0.00878	0.00780	0.01658	0.01365	0.02145	0.01170	0.01365	0.00975	0.00488	0.00488	0.00098	0.00488	0.00390	0.00390	0.80888
12	0.01252	0.01182	0.01976	0.71998	0.04409	0.01487	0.01811	0.01678	0.01303	0.01678	0.01156	0.01741	0.00877	0.00680	0.00725	0.00222	0.04216	0.00585	0.00292	0.00731
13	0.02638	0.01177	0.01509	0.01187	0.01658	0.01088	0.00975	0.13204	0.02017	0.54291	0.02742	0.04667	0.05940	0.00927	0.00681	0.00209	0.00568	0.02700	0.00767	0.01055
14	0.01599	0.01524	0.02782	0.02094	0.02581	0.01547	0.38591	0.02341	0.15907	0.07132	0.08212	0.02206	0.01718	0.00770	0.00875	0.00226	0.07751	0.00782	0.00467	0.00895
15	0.00802	0.00573	0.00764	0.00917	0.00955	0.00535	0.00611	0.00917	0.01260	0.01681	0.03628	0.76434	0.04354	0.02062	0.00840	0.00267	0.00382	0.01872	0.00611	0.00535
16	0.01269	0.02937	0.60261	0.01838	0.05751	0.01398	0.02164	0.01936	0.01404	0.02076	0.04638	0.08479	0.01412	0.00789	0.00653	0.00213	0.00880	0.00651	0.00331	0.00920
17	0.01648	0.05390	0.19295	0.05923	0.19252	0.07159	0.04184	0.02044	0.01450	0.09438	0.01508	0.08275	0.01297	0.00825	0.00825	0.00214	0.09320	0.00668	0.00385	0.00900
18	0.01844	0.23742	0.17799	0.01843	0.08714	0.21579	0.06289	0.04115	0.04745	0.01899	0.01156	0.01343	0.00932	0.00630	0.00575	0.00179	0.00920	0.00475	0.00332	0.00888
19	0.02602	0.10452	0.01877	0.01272	0.01780	0.01483	0.01076	0.23496	0.02174	0.40932	0.02119	0.02092	0.01461	0.00815	0.00642	0.00198	0.00629	0.03137	0.00696	0.01068

[dist]
# distance from previous block
# <min> <max>
0	7

[block]
# block no. 3 follows, 33 sequences, length 18
# corresponding to MSA columns:
# 176-193
name=unknown_D
#
# <colnr> <probs for GDERKNQSTAVLIFYWHMCP>
#	G	D	E	R	K	N	Q	S	T	A	V	L	I	F	Y	W	H	M	C	P
0	0.01271	0.00923	0.01033	0.00941	0.01158	0.05288	0.00713	0.01662	0.06886	0.09506	0.50142	0.04304	0.08781	0.03484	0.00823	0.00219	0.00416	0.01062	0.00690	0.00700
1	0.04440	0.05476	0.01704	0.01346	0.01780	0.01736	0.01084	0.20647	0.42647	0.08511	0.02243	0.02097	0.01649	0.00835	0.00645	0.00210	0.00586	0.00666	0.00650	0.01048
2	0.00957	0.00638	0.00718	0.00718	0.00718	0.00638	0.00399	0.00957	0.00957	0.01276	0.02074	0.04308	0.02393	0.76864	0.03351	0.00638	0.00638	0.00957	0.00399	0.00399
3	0.01528	0.01722	0.09616	0.07189	0.24908	0.01663	0.15541	0.02167	0.11758	0.02098	0.01396	0.01732	0.01115	0.00731	0.00937	0.00224	0.13742	0.00636	0.00365	0.00930
4	0.01563	0.01905	0.08210	0.13074	0.03449	0.07239	0.50504	0.02086	0.01533	0.02007	0.01274	0.01701	0.00958	0.00584	0.00735	0.00217	0.01073	0.00702	0.00324	0.00862
5	0.01227	0.00614	0.00614	0.00614	0.00767	0.00614	0.00460	0.01534	0.01381	0.02454	0.02148	0.02454	0.01687	0.00767	0.00460	0.00153	0.00307	0.00614	0.80518	0.00614
6	0.01158	0.00949	0.01041	0.00956	0.01163	0.05341	0.00726	0.04467	0.08828	0.02622	0.55868	0.04348	0.07466	0.01247	0.00750	0.00206	0.00404	0.01080	0.00689	0.00691
7	0.01521	0.01581	0.01997	0.09032	0.02037	0.09074	0.01462	0.01697	0.01123	0.01597	0.00910	0.01447	0.00864	0.01056	0.01857	0.00270	0.60894	0.00562	0.00294	0.00725
8	0.01227	0.00614	0.00614	0.00614	0.00767	0.00614	0.00460	0.01534	0.01381	0.02454	0.02148	0.02454	0.01687	0.00767	0.00460	0.00153	0.00307	0.00614	0.80518	0.00614
9	0.81514	0.01273	0.00968	0.00866	0.01273	0.01477	0.00713	0.01935	0.01120	0.02954	0.00917	0.01069	0.00713	0.00611	0.00407	0.00204	0.00509	0.00356	0.00407	0.00713
10	0.01227	0.00614	0.00614	0.00614	0.00767	0.00614	0.00460	0.01534	0.01381	0.02454	0.02148	0.02454	0.01687	0.00767	0.00460	0.00153	0.00307	0.00614	0.80518	0.00614
11	0.01700	0.01444	0.01938	0.32239	0.02963	0.04251	0.01517	0.15116	0.03876	0.06667	0.01302	0.01672	0.01003	0.00831	0.01049	0.00231	0.20365	0.00588	0.00408	0.00839
12	0.81514	0.01273	0.00968	0.00866	0.01273	0.01477	0.00713	0.01935	0.01120	0.02954	0.00917	0.01069	0.00713	0.00611	0.00407	0.00204	0.00509	0.00356	0.00407	0.00713
13	0.01227	0.00614	0.00614	0.00614	0.00767	0.00614	0.00460	0.01534	0.01381	0.02454	0.02148	0.02454	0.01687	0.00767	0.00460	0.00153	0.00307	0.00614	0.80518	0.00614
14	0.02875	0.01246	0.01606	0.01231	0.01743	0.01155	0.01017	0.14942	0.02095	0.61182	0.02420	0.02126	0.01541	0.00811	0.00661	0.00203	0.00589	0.00650	0.00788	0.01120
15	0.02503	0.01844	0.01976	0.01515	0.02042	0.02042	0.01251	0.70562	0.03095	0.04149	0.01581	0.01581	0.01120	0.00790	0.00659	0.00198	0.00724	0.00593	0.00659	0.01120
16	0.01857	0.01573	0.01609	0.01391	0.01796	0.04495	0.01096	0.18049	0.54018	0.03014	0.02377	0.02217	0.01772	0.00863	0.00664	0.00216	0.00591	0.00699	0.00655	0.01048
17	0.01795	0.73528	0.03370	0.01155	0.01707	0.06211	0.01134	0.02004	0.01364	0.01552	0.00920	0.01063	0.00845	0.00569	0.00431	0.00142	0.00728	0.00356	0.00285	0.00841

[dist]
# distance from previous block
# <min> <max>
0	0

# created by:
# /home/berkeley/.conda/envs/busco_data_prod/bin/msa2prfl.pl pipeline/OGs_align_augustus/4893/12152.fs
