[name]
unknown

[dist]
# distance from previous block
# <min> <max>
0	12

[block]
# block no. 0 follows, 34 sequences, length 11
# corresponding to MSA columns:
# 12-22
name=unknown_A
#
# <colnr> <probs for GDERKNQSTAVLIFYWHMCP>
#	G	D	E	R	K	N	Q	S	T	A	V	L	I	F	Y	W	H	M	C	P
0	0.01122	0.04100	0.01328	0.06202	0.01541	0.00954	0.06376	0.01593	0.11447	0.04007	0.16922	0.22805	0.13251	0.01352	0.00744	0.00226	0.00492	0.04271	0.00578	0.00687
1	0.00833	0.00604	0.00737	0.00800	0.00890	0.00553	0.00545	0.00939	0.01297	0.01686	0.10751	0.37650	0.22407	0.10363	0.01197	0.05825	0.00396	0.01457	0.00565	0.00507
2	0.05396	0.20186	0.14756	0.08603	0.05271	0.05782	0.06649	0.14898	0.01696	0.02285	0.02951	0.03601	0.01124	0.00680	0.00581	0.00184	0.00781	0.00543	0.00384	0.03651
3	0.01725	0.14860	0.04694	0.13564	0.12474	0.14937	0.03502	0.10810	0.05354	0.02072	0.01462	0.08969	0.01304	0.00785	0.00615	0.00192	0.00798	0.00644	0.00395	0.00845
4	0.00941	0.00662	0.00766	0.00754	0.00908	0.00594	0.00535	0.01105	0.01447	0.05399	0.20812	0.13406	0.32341	0.15983	0.01246	0.00297	0.00395	0.01256	0.00596	0.00556
5	0.11820	0.09631	0.12051	0.04116	0.08883	0.04016	0.01283	0.08605	0.03229	0.13072	0.01795	0.01893	0.06245	0.00770	0.00684	0.00197	0.05826	0.00577	0.04431	0.00874
6	0.01836	0.07039	0.07479	0.05691	0.17648	0.01497	0.01360	0.16906	0.08195	0.12749	0.06887	0.04393	0.03844	0.00813	0.00644	0.00198	0.00657	0.00682	0.00525	0.00956
7	0.01233	0.01021	0.03148	0.01119	0.03069	0.02706	0.00835	0.07133	0.13568	0.04039	0.06171	0.30981	0.11507	0.01459	0.00812	0.03621	0.00483	0.03042	0.00580	0.03471
8	0.00872	0.00636	0.00814	0.03541	0.01053	0.00613	0.00636	0.01013	0.01277	0.01681	0.08989	0.36751	0.11649	0.18198	0.01349	0.00334	0.00461	0.09061	0.00552	0.00520
9	0.13068	0.01608	0.08373	0.13423	0.14658	0.07256	0.03781	0.07575	0.01520	0.05041	0.05361	0.01797	0.01292	0.03085	0.00787	0.00216	0.05896	0.00577	0.03863	0.00822
10	0.01911	0.18183	0.11894	0.05303	0.05407	0.20516	0.03531	0.13411	0.09813	0.02202	0.01301	0.01434	0.01017	0.00668	0.00582	0.00181	0.00854	0.00498	0.00397	0.00896

[dist]
# distance from previous block
# <min> <max>
3	4

[block]
# block no. 1 follows, 34 sequences, length 20
# corresponding to MSA columns:
# 27-46
name=unknown_B
#
# <colnr> <probs for GDERKNQSTAVLIFYWHMCP>
#	G	D	E	R	K	N	Q	S	T	A	V	L	I	F	Y	W	H	M	C	P
0	0.01257	0.01146	0.06353	0.01225	0.06558	0.01006	0.00924	0.13545	0.04123	0.02393	0.18754	0.11534	0.17970	0.06169	0.00880	0.00234	0.00503	0.01027	0.00569	0.03831
1	0.05244	0.15770	0.24489	0.01878	0.10987	0.09030	0.06733	0.06095	0.06146	0.04005	0.02974	0.01512	0.01092	0.00646	0.00589	0.00188	0.00827	0.00519	0.00366	0.00911
2	0.09464	0.10131	0.07050	0.03376	0.01658	0.03484	0.01039	0.02226	0.10834	0.19170	0.04330	0.08212	0.06921	0.00918	0.00688	0.00201	0.04432	0.00722	0.00534	0.04610
3	0.00923	0.00669	0.00960	0.00970	0.01058	0.00752	0.00720	0.01093	0.01029	0.01458	0.01878	0.07631	0.01888	0.15982	0.56241	0.03612	0.01429	0.00801	0.00368	0.00534
4	0.05721	0.06804	0.20434	0.01848	0.05747	0.07433	0.16485	0.05865	0.07118	0.02157	0.01602	0.01939	0.04294	0.00732	0.00697	0.00203	0.03738	0.03177	0.00380	0.03626
5	0.04448	0.11970	0.05472	0.04393	0.05529	0.01428	0.04334	0.10759	0.06095	0.17579	0.01811	0.03767	0.03395	0.00935	0.04266	0.00223	0.00692	0.00602	0.00503	0.11800
6	0.01358	0.01013	0.01069	0.00981	0.01219	0.05717	0.00741	0.09372	0.06255	0.08454	0.20583	0.16381	0.17427	0.03562	0.00799	0.00225	0.00468	0.01113	0.02553	0.00709
7	0.00794	0.00603	0.00724	0.00803	0.00909	0.00542	0.00556	0.00934	0.01349	0.01737	0.09646	0.44897	0.27579	0.04687	0.00893	0.00257	0.00363	0.01593	0.00600	0.00533
8	0.09743	0.17204	0.18576	0.01503	0.03477	0.12053	0.06228	0.04284	0.06164	0.04061	0.03741	0.01488	0.01129	0.00644	0.00558	0.00178	0.00783	0.00493	0.00375	0.07317
9	0.09388	0.06637	0.12866	0.03877	0.08143	0.10266	0.04811	0.18598	0.03094	0.02495	0.01570	0.03610	0.04848	0.00755	0.00654	0.00194	0.03203	0.00586	0.00427	0.03979
10	0.00785	0.00571	0.00740	0.00876	0.00931	0.00527	0.00589	0.00902	0.01260	0.01659	0.03851	0.70003	0.10954	0.01987	0.00819	0.00258	0.00370	0.01791	0.00600	0.00527
11	0.18079	0.05834	0.01780	0.01568	0.05365	0.43525	0.01167	0.11618	0.01808	0.02201	0.01060	0.01210	0.00851	0.00658	0.00550	0.00177	0.00931	0.00430	0.00385	0.00804
12	0.07021	0.07774	0.06285	0.06994	0.02000	0.01409	0.06398	0.13404	0.06745	0.02370	0.01321	0.01577	0.01057	0.02700	0.00727	0.04188	0.00652	0.00509	0.00416	0.26452
13	0.00823	0.00648	0.00726	0.00746	0.00908	0.00573	0.00548	0.00994	0.01446	0.01820	0.15023	0.14210	0.44056	0.08862	0.01020	0.00265	0.00376	0.05819	0.00596	0.00541
14	0.00895	0.00656	0.00814	0.00777	0.00921	0.00602	0.00566	0.01143	0.01671	0.02308	0.54773	0.04960	0.15493	0.10355	0.01061	0.00255	0.00346	0.01170	0.00657	0.00574
15	0.04412	0.01097	0.01765	0.12096	0.08779	0.01086	0.15647	0.03902	0.01520	0.02037	0.09777	0.07008	0.26056	0.01084	0.00719	0.00214	0.00625	0.00987	0.00476	0.00714
16	0.01521	0.03915	0.13883	0.26988	0.17693	0.08215	0.03429	0.05922	0.05794	0.02016	0.01435	0.01746	0.03299	0.00676	0.00635	0.00201	0.00839	0.00578	0.00349	0.00864
17	0.01998	0.01549	0.01645	0.01358	0.01785	0.01743	0.01090	0.36288	0.34434	0.03353	0.02075	0.01992	0.01529	0.00820	0.00640	0.00203	0.00597	0.00651	0.05215	0.01036
18	0.02301	0.01407	0.01603	0.01273	0.01705	0.01479	0.01021	0.34205	0.11094	0.24182	0.02039	0.02168	0.01504	0.09847	0.00961	0.00250	0.00628	0.00663	0.00663	0.01006
19	0.01594	0.01852	0.08311	0.02141	0.06895	0.12909	0.32023	0.02033	0.03611	0.04640	0.01755	0.09083	0.04517	0.00812	0.00784	0.00214	0.04825	0.00789	0.00387	0.00825

[dist]
# distance from previous block
# <min> <max>
0	1

[block]
# block no. 2 follows, 34 sequences, length 27
# corresponding to MSA columns:
# 48-74
name=unknown_C
#
# <colnr> <probs for GDERKNQSTAVLIFYWHMCP>
#	G	D	E	R	K	N	Q	S	T	A	V	L	I	F	Y	W	H	M	C	P
0	0.01449	0.08694	0.50923	0.03692	0.05678	0.01639	0.03665	0.06996	0.05477	0.02168	0.01248	0.01440	0.00919	0.00646	0.00646	0.00201	0.02740	0.00504	0.00325	0.00948
1	0.03483	0.10821	0.17056	0.01828	0.12534	0.14138	0.01492	0.09971	0.05580	0.06247	0.04482	0.01739	0.03363	0.00734	0.00664	0.00191	0.03802	0.00558	0.00415	0.00902
2	0.01020	0.00828	0.01207	0.06286	0.04945	0.00966	0.00920	0.01227	0.01083	0.01526	0.01890	0.02764	0.05596	0.13840	0.44488	0.00760	0.08967	0.00738	0.00355	0.00594
3	0.01220	0.01148	0.01938	0.75739	0.04450	0.01436	0.01794	0.01651	0.01292	0.01651	0.01148	0.01723	0.00861	0.00646	0.00646	0.00215	0.00861	0.00574	0.00287	0.00718
4	0.01651	0.08237	0.08086	0.04799	0.21762	0.14575	0.06219	0.02024	0.03611	0.04925	0.04282	0.02209	0.04490	0.02817	0.00771	0.00210	0.03814	0.04288	0.00386	0.00845
5	0.03720	0.05657	0.17789	0.04175	0.14410	0.03707	0.04105	0.15742	0.06750	0.02471	0.04302	0.03576	0.01471	0.03255	0.00722	0.00215	0.00744	0.03582	0.02702	0.00905
6	0.00826	0.00597	0.00777	0.00906	0.00970	0.00560	0.00636	0.00960	0.01272	0.01671	0.03701	0.58067	0.09722	0.06220	0.00968	0.00284	0.00413	0.10335	0.00587	0.00528
7	0.02782	0.01288	0.01616	0.01239	0.01743	0.01229	0.01023	0.21153	0.02164	0.55261	0.02285	0.02028	0.01467	0.00793	0.00649	0.00198	0.00593	0.00632	0.00759	0.01099
8	0.10656	0.08559	0.08357	0.05792	0.04779	0.21837	0.04899	0.19920	0.01883	0.02438	0.01210	0.01459	0.00962	0.03720	0.00691	0.00203	0.00860	0.00505	0.00410	0.00859
9	0.02177	0.12338	0.04184	0.04253	0.02070	0.12447	0.04168	0.38490	0.04426	0.04609	0.01418	0.01502	0.01057	0.00713	0.00604	0.00184	0.00780	0.00536	0.03079	0.00965
10	0.01370	0.04504	0.18511	0.15900	0.21087	0.01411	0.07134	0.04528	0.01436	0.01981	0.03590	0.02129	0.04895	0.07756	0.00891	0.00241	0.00799	0.00650	0.00347	0.00841
11	0.04324	0.13704	0.30566	0.01542	0.03982	0.01503	0.05010	0.03519	0.01390	0.07719	0.01558	0.07679	0.02683	0.03775	0.00788	0.00215	0.04843	0.00632	0.00375	0.04196
12	0.00927	0.00725	0.00826	0.00839	0.00992	0.00700	0.00598	0.01300	0.10762	0.01923	0.15244	0.24203	0.26175	0.10530	0.01064	0.00276	0.00396	0.01326	0.00601	0.00595
13	0.01101	0.00569	0.00826	0.00826	0.00826	0.00569	0.00541	0.00853	0.00853	0.01138	0.01230	0.02231	0.01267	0.11106	0.02615	0.71686	0.00569	0.00606	0.00294	0.00294
14	0.01446	0.01748	0.15394	0.11184	0.16143	0.04597	0.07546	0.07700	0.02920	0.02067	0.03751	0.04794	0.04378	0.07058	0.00982	0.00245	0.06141	0.00696	0.00380	0.00830
15	0.01693	0.05445	0.09949	0.13207	0.05678	0.06473	0.07960	0.10145	0.09060	0.09292	0.01773	0.08782	0.01495	0.00859	0.00708	0.00212	0.03017	0.02918	0.00463	0.00872
16	0.00863	0.00645	0.00747	0.00792	0.00916	0.00592	0.00553	0.02921	0.01387	0.01799	0.09190	0.34356	0.28988	0.09564	0.01037	0.00275	0.00386	0.01454	0.02992	0.00543
17	0.07467	0.04388	0.02135	0.22078	0.23067	0.06292	0.06809	0.06432	0.01542	0.05253	0.03607	0.01721	0.01159	0.00655	0.00616	0.00196	0.00770	0.00578	0.04380	0.00855
18	0.01653	0.25217	0.14545	0.01643	0.08568	0.04841	0.06178	0.04633	0.11179	0.06078	0.05449	0.01867	0.04043	0.00717	0.00587	0.00184	0.00724	0.00581	0.00416	0.00897
19	0.03566	0.03117	0.01109	0.00908	0.01209	0.01024	0.00724	0.11545	0.08639	0.14446	0.02345	0.02401	0.05591	0.00817	0.00547	0.00176	0.00437	0.00650	0.39950	0.00800
20	0.01303	0.00768	0.00956	0.00941	0.01118	0.00725	0.00677	0.04484	0.04260	0.15397	0.03469	0.40996	0.11801	0.08721	0.01001	0.00275	0.00446	0.01371	0.00622	0.00668
21	0.10790	0.11163	0.13850	0.11812	0.05102	0.08960	0.08993	0.07920	0.01566	0.02170	0.05560	0.01911	0.06093	0.00729	0.00605	0.00194	0.00785	0.00597	0.00383	0.00815
22	0.16218	0.03080	0.04503	0.03574	0.05209	0.15168	0.03250	0.03534	0.04555	0.06955	0.04207	0.09908	0.10209	0.00959	0.00677	0.00205	0.03674	0.00756	0.02607	0.00753
23	0.11193	0.01097	0.01256	0.01222	0.06431	0.03149	0.00891	0.10145	0.03062	0.16866	0.05554	0.05020	0.07927	0.04334	0.03509	0.00253	0.00581	0.06318	0.10394	0.00799
24	0.04684	0.06565	0.08025	0.11542	0.10192	0.13546	0.01309	0.04632	0.01434	0.01847	0.01827	0.11607	0.06629	0.01126	0.03434	0.02825	0.06911	0.00741	0.00381	0.00744
25	0.03502	0.03528	0.05993	0.04398	0.01583	0.04012	0.05020	0.08325	0.05141	0.02243	0.19478	0.16390	0.09778	0.01462	0.05967	0.00272	0.00635	0.01021	0.00539	0.00712
26	0.05096	0.13139	0.08920	0.01357	0.06028	0.06217	0.01126	0.09422	0.04184	0.05303	0.12235	0.02055	0.01839	0.03205	0.00723	0.00190	0.03538	0.00598	0.03665	0.11162

[dist]
# distance from previous block
# <min> <max>
1	8

[block]
# block no. 3 follows, 34 sequences, length 38
# corresponding to MSA columns:
# 83-120
name=unknown_D
#
# <colnr> <probs for GDERKNQSTAVLIFYWHMCP>
#	G	D	E	R	K	N	Q	S	T	A	V	L	I	F	Y	W	H	M	C	P
0	0.07284	0.04215	0.10740	0.04939	0.06288	0.07554	0.07428	0.08659	0.04062	0.05626	0.02089	0.18019	0.05446	0.01057	0.00732	0.03055	0.00696	0.00864	0.00460	0.00787
1	0.01826	0.14579	0.06682	0.01747	0.11328	0.21826	0.03684	0.11515	0.01741	0.02086	0.03340	0.01994	0.04980	0.03525	0.00699	0.00196	0.00823	0.03144	0.00398	0.03888
2	0.01449	0.07355	0.21870	0.01830	0.08441	0.01400	0.14437	0.01893	0.01407	0.05854	0.03023	0.04359	0.03506	0.00722	0.00720	0.00192	0.05684	0.00628	0.04056	0.11172
3	0.04476	0.09469	0.36083	0.01680	0.07740	0.07349	0.01696	0.02061	0.01508	0.09041	0.11194	0.01885	0.01640	0.00725	0.00611	0.00193	0.00787	0.00576	0.00398	0.00889
4	0.01301	0.03469	0.02975	0.01011	0.01266	0.02760	0.00805	0.07682	0.08551	0.05510	0.13029	0.16884	0.13521	0.01307	0.02391	0.00227	0.03773	0.01018	0.08915	0.03606
5	0.01542	0.01306	0.01753	0.28254	0.09830	0.03057	0.01375	0.13329	0.10113	0.03993	0.01796	0.07065	0.03856	0.00834	0.00703	0.00207	0.03431	0.00699	0.02330	0.04527
6	0.01277	0.08514	0.01317	0.02868	0.01252	0.03502	0.00765	0.08058	0.06408	0.01804	0.04712	0.03247	0.08140	0.32474	0.07825	0.00443	0.05525	0.00808	0.00438	0.00624
7	0.01047	0.00753	0.01118	0.01003	0.01172	0.00700	0.07863	0.01112	0.01177	0.01602	0.02687	0.15227	0.14997	0.05939	0.03984	0.25907	0.00562	0.00957	0.06050	0.06146
8	0.01114	0.00921	0.01247	0.05882	0.01481	0.03557	0.00957	0.04932	0.01183	0.01652	0.01587	0.02296	0.01451	0.03919	0.57677	0.00850	0.07653	0.00659	0.00353	0.00630
9	0.00949	0.00722	0.00936	0.01044	0.03595	0.00705	0.00737	0.01294	0.07645	0.02023	0.19855	0.36670	0.09242	0.01649	0.00793	0.00244	0.00409	0.10250	0.00621	0.00616
10	0.01220	0.01148	0.01938	0.75739	0.04450	0.01436	0.01794	0.01651	0.01292	0.01651	0.01148	0.01723	0.00861	0.00646	0.00646	0.00215	0.00861	0.00574	0.00287	0.00718
11	0.01393	0.01032	0.01149	0.01067	0.01335	0.01100	0.00812	0.06344	0.30689	0.06938	0.08459	0.18267	0.11109	0.01217	0.00698	0.00220	0.00447	0.01044	0.05864	0.00815
12	0.00855	0.00618	0.00799	0.00854	0.00945	0.00581	0.00602	0.01036	0.01424	0.01938	0.26529	0.36933	0.08998	0.08409	0.03698	0.00301	0.00428	0.03897	0.00609	0.00547
13	0.01272	0.01201	0.02031	0.65993	0.13794	0.01449	0.01820	0.01696	0.01316	0.01713	0.01158	0.01706	0.00883	0.00636	0.00645	0.00212	0.00849	0.00574	0.00292	0.00759
14	0.67281	0.01222	0.01051	0.00905	0.01323	0.01357	0.00746	0.02130	0.01238	0.15971	0.01204	0.01262	0.00866	0.00637	0.00446	0.00200	0.00509	0.00405	0.00474	0.00774
15	0.00859	0.00638	0.00759	0.00797	0.00946	0.00567	0.00580	0.01038	0.01468	0.03543	0.17565	0.29692	0.33397	0.01695	0.00786	0.00233	0.00354	0.03895	0.00625	0.00565
16	0.00933	0.00720	0.00848	0.00840	0.01006	0.00687	0.00622	0.01303	0.08506	0.02125	0.30705	0.14043	0.23539	0.06838	0.00945	0.00251	0.00377	0.04474	0.00633	0.00606
17	0.00796	0.00601	0.00738	0.00831	0.00932	0.00543	0.00582	0.00941	0.01352	0.01747	0.08885	0.49455	0.24528	0.01858	0.00805	0.00247	0.00363	0.03652	0.00607	0.00538
18	0.00800	0.00579	0.00758	0.00891	0.00949	0.00537	0.00609	0.00929	0.01284	0.01701	0.06335	0.66948	0.08898	0.01964	0.00821	0.00259	0.00377	0.04226	0.00604	0.00532
19	0.06733	0.00914	0.01153	0.01096	0.01362	0.00889	0.00886	0.07464	0.01626	0.21885	0.02976	0.22434	0.04502	0.01412	0.00754	0.00245	0.00524	0.21737	0.00645	0.00763
20	0.01220	0.01148	0.01938	0.75739	0.04450	0.01436	0.01794	0.01651	0.01292	0.01651	0.01148	0.01723	0.00861	0.00646	0.00646	0.00215	0.00861	0.00574	0.00287	0.00718
21	0.02414	0.03079	0.01831	0.01665	0.01998	0.74698	0.01248	0.02580	0.01831	0.01581	0.00999	0.01165	0.00832	0.00666	0.00583	0.00166	0.01165	0.00416	0.00333	0.00749
22	0.00819	0.00583	0.00776	0.00919	0.00966	0.00551	0.00634	0.00945	0.01248	0.01659	0.03478	0.66680	0.04131	0.05451	0.00944	0.00283	0.00408	0.08409	0.00590	0.00526
23	0.06079	0.01568	0.01715	0.01331	0.01812	0.01687	0.01096	0.50753	0.02613	0.16089	0.01738	0.01707	0.01210	0.00770	0.00621	0.00192	0.00642	0.00585	0.06747	0.01043
24	0.01640	0.00822	0.01090	0.00931	0.01214	0.00733	0.00730	0.01919	0.01823	0.28764	0.44470	0.03911	0.06981	0.01141	0.00721	0.00203	0.00396	0.00985	0.00740	0.00788
25	0.04763	0.07791	0.20935	0.01434	0.01997	0.03298	0.01422	0.28464	0.02014	0.07669	0.01448	0.01558	0.01060	0.00725	0.00668	0.00193	0.04676	0.00530	0.08406	0.00949
26	0.05024	0.10257	0.05705	0.04974	0.02092	0.53312	0.01298	0.06673	0.01780	0.01803	0.01035	0.01208	0.00844	0.00656	0.00568	0.00171	0.01042	0.00428	0.00344	0.00786
27	0.01529	0.01672	0.03214	0.02474	0.06617	0.05185	0.51823	0.04379	0.01542	0.02057	0.01500	0.09095	0.01299	0.00729	0.00801	0.00220	0.03833	0.00828	0.00363	0.00841
28	0.01415	0.14967	0.26237	0.04376	0.09804	0.01496	0.05157	0.01860	0.01415	0.04539	0.06396	0.01957	0.06125	0.00722	0.00644	0.00185	0.02961	0.00590	0.00364	0.08791
29	0.00907	0.00714	0.00773	0.00772	0.00951	0.00659	0.00558	0.03581	0.05183	0.01791	0.05024	0.16581	0.46087	0.08067	0.01069	0.04458	0.00396	0.01299	0.00570	0.00561
30	0.01537	0.01176	0.01430	0.01153	0.05272	0.00945	0.00862	0.01905	0.05109	0.09915	0.01382	0.01503	0.01083	0.00539	0.00515	0.00118	0.00503	0.00440	0.00439	0.64174
31	0.01522	0.01793	0.06015	0.11410	0.03319	0.06747	0.53050	0.02022	0.01504	0.01972	0.01323	0.03784	0.01041	0.00609	0.00732	0.00215	0.01042	0.00734	0.00328	0.00838
32	0.01432	0.08560	0.35474	0.09788	0.08929	0.03881	0.08400	0.02039	0.05120	0.01948	0.01202	0.01485	0.00921	0.00663	0.00750	0.00207	0.07468	0.00531	0.00307	0.00894
33	0.00939	0.00651	0.00879	0.00938	0.01050	0.00601	0.02397	0.01096	0.01345	0.05320	0.07368	0.50996	0.12710	0.04231	0.00887	0.00264	0.00417	0.06740	0.00602	0.00570
34	0.03423	0.00831	0.01136	0.01208	0.04599	0.00817	0.03294	0.07142	0.01477	0.06539	0.03046	0.48724	0.03397	0.01651	0.00784	0.00250	0.00489	0.09946	0.00587	0.00659
35	0.00791	0.00580	0.00733	0.00852	0.00916	0.00533	0.00573	0.00906	0.01260	0.01646	0.03962	0.62312	0.15043	0.05481	0.00930	0.00272	0.00379	0.01720	0.00590	0.00522
36	0.01381	0.01435	0.02769	0.04965	0.06316	0.01375	0.40064	0.01797	0.01442	0.02015	0.05215	0.09073	0.01552	0.00762	0.00804	0.00207	0.05634	0.00805	0.00376	0.12011
37	0.02089	0.15183	0.08546	0.01605	0.04489	0.40185	0.01314	0.09302	0.05466	0.01932	0.01176	0.01371	0.00969	0.02920	0.00650	0.00185	0.00957	0.00464	0.00368	0.00830

[dist]
# distance from previous block
# <min> <max>
0	1

[block]
# block no. 4 follows, 34 sequences, length 8
# corresponding to MSA columns:
# 122-129
name=unknown_E
#
# <colnr> <probs for GDERKNQSTAVLIFYWHMCP>
#	G	D	E	R	K	N	Q	S	T	A	V	L	I	F	Y	W	H	M	C	P
0	0.01200	0.00762	0.00932	0.00871	0.01057	0.00728	0.00652	0.04556	0.03553	0.09109	0.33142	0.09758	0.10163	0.10372	0.01033	0.00260	0.00411	0.04230	0.06562	0.00650
1	0.01002	0.00755	0.00884	0.00862	0.01062	0.00724	0.00653	0.01408	0.09946	0.04583	0.23129	0.12674	0.29856	0.01666	0.05077	0.00269	0.00448	0.03733	0.00629	0.00640
2	0.01560	0.11830	0.06264	0.26436	0.20481	0.05322	0.04850	0.03559	0.04073	0.04803	0.03896	0.01707	0.01168	0.00653	0.00618	0.00195	0.00797	0.00570	0.00355	0.00862
3	0.08276	0.03341	0.01182	0.01020	0.01272	0.01074	0.00775	0.07894	0.15733	0.09717	0.04516	0.14669	0.08203	0.05222	0.01102	0.13332	0.00508	0.00895	0.00551	0.00718
4	0.00904	0.00623	0.00763	0.00791	0.00822	0.00625	0.00497	0.00973	0.01068	0.01447	0.06667	0.19319	0.02898	0.48412	0.10921	0.00572	0.00682	0.01113	0.00450	0.00454
5	0.01538	0.01310	0.01282	0.01193	0.01435	0.15606	0.03619	0.05333	0.06770	0.10488	0.02944	0.33911	0.09189	0.01363	0.00726	0.00223	0.00605	0.01178	0.00566	0.00720
6	0.01688	0.01686	0.05417	0.07210	0.08620	0.11063	0.06513	0.17537	0.06369	0.02371	0.03789	0.08866	0.05741	0.00935	0.00835	0.00214	0.09085	0.00753	0.00462	0.00847
7	0.06134	0.00847	0.01050	0.00953	0.01185	0.00812	0.03840	0.05452	0.03233	0.08859	0.15788	0.19142	0.21749	0.06899	0.00917	0.00250	0.00448	0.01179	0.00602	0.00661

[dist]
# distance from previous block
# <min> <max>
0	4

[block]
# block no. 5 follows, 34 sequences, length 7
# corresponding to MSA columns:
# 134-140
name=unknown_F
#
# <colnr> <probs for GDERKNQSTAVLIFYWHMCP>
#	G	D	E	R	K	N	Q	S	T	A	V	L	I	F	Y	W	H	M	C	P
0	0.05640	0.05242	0.04212	0.01528	0.05037	0.11103	0.08109	0.10517	0.05577	0.07695	0.08571	0.04661	0.01763	0.01459	0.12265	0.00331	0.04322	0.00683	0.00469	0.00817
1	0.03346	0.01031	0.04140	0.01229	0.08397	0.00950	0.00858	0.08442	0.04028	0.02240	0.16509	0.06977	0.12088	0.12441	0.04206	0.00295	0.00556	0.00905	0.05947	0.05416
2	0.06790	0.01525	0.05278	0.01640	0.08762	0.04283	0.07410	0.20423	0.11490	0.07201	0.07913	0.07195	0.01855	0.00860	0.00652	0.00203	0.00653	0.00734	0.04223	0.00911
3	0.01220	0.11352	0.01411	0.01062	0.01264	0.08018	0.00843	0.01424	0.01245	0.01657	0.05765	0.07085	0.04593	0.06762	0.30455	0.00550	0.05616	0.00732	0.05272	0.03671
4	0.09024	0.30006	0.15266	0.01486	0.05562	0.01889	0.05576	0.04703	0.12959	0.02103	0.01551	0.01648	0.04327	0.00679	0.00546	0.00182	0.00703	0.00525	0.00383	0.00881
5	0.05531	0.21542	0.32386	0.01590	0.06467	0.05490	0.01637	0.02043	0.01391	0.05597	0.01145	0.01310	0.00884	0.00592	0.00539	0.00172	0.00790	0.00439	0.00325	0.10129
6	0.01050	0.00765	0.00998	0.01077	0.01238	0.00756	0.00892	0.05490	0.01575	0.02065	0.10159	0.17220	0.10562	0.01702	0.00842	0.00269	0.00515	0.41603	0.00610	0.00612

[dist]
# distance from previous block
# <min> <max>
0	1

[block]
# block no. 6 follows, 34 sequences, length 41
# corresponding to MSA columns:
# 142-182
name=unknown_G
#
# <colnr> <probs for GDERKNQSTAVLIFYWHMCP>
#	G	D	E	R	K	N	Q	S	T	A	V	L	I	F	Y	W	H	M	C	P
0	0.01305	0.01045	0.01418	0.04779	0.15760	0.01080	0.01056	0.01893	0.15571	0.06316	0.19120	0.07841	0.13427	0.01122	0.00756	0.00216	0.02860	0.03070	0.00569	0.00795
1	0.02318	0.01619	0.05018	0.01525	0.01998	0.03622	0.07288	0.28318	0.04668	0.25600	0.01775	0.01771	0.01232	0.00797	0.00821	0.00209	0.09190	0.00614	0.00602	0.01017
2	0.00842	0.00611	0.00779	0.00886	0.00958	0.00589	0.00607	0.01029	0.03680	0.01699	0.03557	0.58380	0.09654	0.04448	0.05879	0.00317	0.00473	0.01609	0.03457	0.00546
3	0.00956	0.00726	0.01042	0.01024	0.01113	0.00850	0.00777	0.01143	0.01019	0.01463	0.01726	0.02747	0.01689	0.16549	0.58473	0.00924	0.06150	0.00725	0.00350	0.00554
4	0.04638	0.01097	0.01461	0.01648	0.16323	0.01114	0.03684	0.05857	0.13774	0.02313	0.13853	0.07798	0.19813	0.01126	0.00704	0.00213	0.00516	0.02726	0.00552	0.00789
5	0.01730	0.01085	0.01234	0.01092	0.01406	0.03652	0.00846	0.04287	0.20713	0.22664	0.12618	0.14254	0.09348	0.01150	0.00702	0.00215	0.00485	0.00979	0.00679	0.00861
6	0.04627	0.00966	0.01092	0.00972	0.01276	0.00962	0.00769	0.07055	0.13272	0.16243	0.08882	0.05781	0.20348	0.01142	0.00675	0.00209	0.00447	0.04807	0.09683	0.00792
7	0.01159	0.00775	0.00952	0.00960	0.01119	0.00795	0.00704	0.03605	0.11103	0.06473	0.06748	0.35303	0.04376	0.01904	0.10201	0.00331	0.00574	0.01221	0.11029	0.00668
8	0.05924	0.02189	0.26571	0.01691	0.02339	0.01643	0.10604	0.19750	0.15239	0.05253	0.01592	0.01672	0.01151	0.00701	0.00640	0.00206	0.00789	0.00588	0.00472	0.00985
9	0.00949	0.00616	0.00702	0.00720	0.00746	0.00610	0.00430	0.01004	0.01044	0.01463	0.03814	0.13295	0.02600	0.57400	0.02599	0.00517	0.00551	0.01021	0.09479	0.00437
10	0.01036	0.00807	0.00924	0.00968	0.01076	0.03859	0.00681	0.07390	0.01409	0.01849	0.04965	0.49149	0.06443	0.08477	0.07457	0.00347	0.00575	0.01448	0.00556	0.00583
11	0.01222	0.00995	0.01325	0.01197	0.01273	0.01253	0.00944	0.04334	0.01138	0.01729	0.01484	0.02296	0.01413	0.13445	0.21903	0.00518	0.29966	0.00662	0.12277	0.00625
12	0.02414	0.03079	0.01831	0.01665	0.01998	0.74698	0.01248	0.02580	0.01831	0.01581	0.00999	0.01165	0.00832	0.00666	0.00583	0.00166	0.01165	0.00416	0.00333	0.00749
13	0.01005	0.00674	0.00788	0.00789	0.00975	0.00607	0.00605	0.01228	0.01527	0.06132	0.18301	0.12733	0.31888	0.01467	0.00736	0.00218	0.00365	0.08294	0.11067	0.00600
14	0.01805	0.01506	0.01820	0.01488	0.01909	0.01668	0.08908	0.22673	0.40145	0.02944	0.02136	0.02192	0.01630	0.05187	0.00817	0.00235	0.00641	0.00703	0.00602	0.00992
15	0.01505	0.01437	0.02441	0.19869	0.35573	0.01514	0.11692	0.04170	0.07908	0.02106	0.01447	0.01965	0.01184	0.00673	0.00671	0.00208	0.00803	0.03552	0.00366	0.00915
16	0.04278	0.09469	0.05404	0.01886	0.16041	0.20753	0.01315	0.11264	0.08928	0.04557	0.05320	0.01880	0.04660	0.00751	0.00609	0.00186	0.00780	0.00586	0.00445	0.00888
17	0.04187	0.04640	0.01500	0.01216	0.01532	0.09461	0.00975	0.21196	0.03814	0.08853	0.09321	0.02604	0.01976	0.06367	0.09198	0.00322	0.03128	0.05279	0.03619	0.00812
18	0.01299	0.00955	0.01119	0.00982	0.01256	0.00946	0.00772	0.13532	0.06672	0.04917	0.33775	0.04072	0.14718	0.01306	0.02921	0.00228	0.00466	0.04072	0.00647	0.05345
19	0.05938	0.05342	0.01132	0.00966	0.01217	0.02997	0.00741	0.01802	0.18476	0.04474	0.14313	0.17732	0.19794	0.01303	0.00700	0.00217	0.00438	0.01105	0.00600	0.00715
20	0.00933	0.00641	0.00777	0.00768	0.00809	0.00648	0.00484	0.01016	0.01104	0.01513	0.14029	0.04103	0.02887	0.54666	0.12454	0.00610	0.00720	0.00945	0.00440	0.00453
21	0.01704	0.63087	0.10206	0.01212	0.01785	0.05163	0.01233	0.02056	0.05392	0.01642	0.01027	0.01153	0.00894	0.00582	0.00455	0.00150	0.00725	0.00383	0.00300	0.00850
22	0.01501	0.03809	0.14143	0.06995	0.29665	0.06398	0.11847	0.01938	0.01467	0.01996	0.01438	0.02174	0.01257	0.00719	0.00666	0.00204	0.00844	0.08249	0.00345	0.04346
23	0.04713	0.01531	0.03759	0.01553	0.04956	0.03129	0.07618	0.22632	0.22524	0.08859	0.06133	0.02328	0.03425	0.00848	0.00667	0.00208	0.00650	0.02903	0.00594	0.00969
24	0.01805	0.07691	0.05419	0.01243	0.01646	0.06526	0.01053	0.21034	0.16647	0.06922	0.04757	0.02521	0.06466	0.03577	0.00724	0.00212	0.00623	0.03505	0.06740	0.00891
25	0.00987	0.00713	0.00842	0.00867	0.00973	0.00696	0.00607	0.06170	0.01356	0.01774	0.05548	0.26604	0.14525	0.26422	0.01612	0.00371	0.00495	0.08363	0.00538	0.00537
26	0.06669	0.29062	0.13454	0.03464	0.06689	0.12491	0.03308	0.03485	0.01436	0.03242	0.01120	0.03167	0.00955	0.00645	0.00577	0.00171	0.03137	0.00467	0.00330	0.06132
27	0.04000	0.12003	0.09860	0.03795	0.02076	0.13419	0.07457	0.15685	0.01820	0.11297	0.01477	0.04729	0.01162	0.00718	0.00599	0.00182	0.00783	0.00572	0.02029	0.06338
28	0.00959	0.00781	0.01059	0.01059	0.01159	0.00830	0.02919	0.01227	0.05836	0.01847	0.12338	0.45971	0.08265	0.01672	0.00968	0.00250	0.10237	0.01449	0.00568	0.00604
29	0.01286	0.04856	0.01112	0.01015	0.01221	0.00867	0.00824	0.01658	0.07475	0.09574	0.05493	0.15092	0.05980	0.05103	0.00862	0.00258	0.00499	0.25264	0.10886	0.00677
30	0.01366	0.06020	0.11552	0.13231	0.04126	0.04354	0.12198	0.04900	0.01503	0.04541	0.06000	0.11770	0.10001	0.00970	0.00721	0.00212	0.02742	0.00856	0.02169	0.00768
31	0.01049	0.00659	0.00777	0.00759	0.00809	0.00649	0.00466	0.01096	0.01061	0.05827	0.04950	0.06699	0.04451	0.61117	0.06538	0.00581	0.00649	0.00962	0.00440	0.00462
32	0.00814	0.00581	0.00753	0.00879	0.00925	0.00546	0.00590	0.00924	0.01225	0.01622	0.03522	0.62685	0.07161	0.10349	0.01098	0.00302	0.00410	0.04523	0.00576	0.00514
33	0.01365	0.01454	0.10796	0.06147	0.08402	0.01262	0.15316	0.07932	0.01570	0.02230	0.06895	0.06867	0.05073	0.00924	0.00765	0.00214	0.04997	0.05800	0.11203	0.00788
34	0.00991	0.04203	0.07484	0.01091	0.01291	0.00931	0.00932	0.01252	0.01072	0.01533	0.01664	0.02477	0.01558	0.08802	0.60644	0.00902	0.01550	0.00674	0.00340	0.00609
35	0.01340	0.01119	0.01322	0.01006	0.01523	0.00886	0.00818	0.04021	0.01418	0.02152	0.01458	0.02120	0.01321	0.00659	0.00538	0.00125	0.00502	0.09297	0.00420	0.67956
36	0.01153	0.00822	0.01002	0.00994	0.01180	0.00836	0.00745	0.04225	0.12863	0.06563	0.10166	0.29635	0.12316	0.01902	0.09083	0.00326	0.00570	0.04330	0.00606	0.00683
37	0.16995	0.03916	0.12573	0.09676	0.13214	0.09252	0.06644	0.01918	0.03327	0.02066	0.01430	0.06159	0.03059	0.00832	0.01999	0.00221	0.04946	0.00612	0.00358	0.00804
38	0.04833	0.01322	0.05593	0.01366	0.03508	0.07463	0.03498	0.01614	0.01319	0.06257	0.07630	0.09801	0.05186	0.07730	0.04645	0.00304	0.20320	0.03978	0.02945	0.00690
39	0.01326	0.05787	0.07955	0.01407	0.08365	0.07734	0.01076	0.02977	0.03341	0.01966	0.07923	0.14235	0.10008	0.01022	0.00731	0.00189	0.05259	0.00840	0.00448	0.17407
40	0.09021	0.12615	0.07956	0.01329	0.04189	0.19452	0.01098	0.08095	0.01559	0.02001	0.01743	0.02332	0.06125	0.09529	0.03185	0.00261	0.00798	0.04488	0.03481	0.00742

[dist]
# distance from previous block
# <min> <max>
1	6

[block]
# block no. 7 follows, 34 sequences, length 30
# corresponding to MSA columns:
# 189-218
name=unknown_H
#
# <colnr> <probs for GDERKNQSTAVLIFYWHMCP>
#	G	D	E	R	K	N	Q	S	T	A	V	L	I	F	Y	W	H	M	C	P
0	0.01423	0.15223	0.27506	0.08838	0.05649	0.02881	0.10447	0.01889	0.01401	0.04515	0.01751	0.03867	0.07229	0.00764	0.00658	0.00201	0.02349	0.02214	0.00348	0.00845
1	0.05390	0.25060	0.19085	0.01491	0.03874	0.06319	0.03162	0.07998	0.04417	0.04875	0.01189	0.01348	0.00940	0.00656	0.00654	0.00180	0.06283	0.00464	0.00363	0.06254
2	0.01046	0.00737	0.00942	0.07302	0.01313	0.00722	0.00732	0.04256	0.01406	0.05881	0.05307	0.34812	0.18320	0.09060	0.01023	0.00279	0.00467	0.05229	0.00568	0.00597
3	0.01113	0.00955	0.07171	0.00991	0.01194	0.00778	0.00797	0.05315	0.04191	0.05279	0.11243	0.32535	0.10008	0.06236	0.01086	0.08209	0.00479	0.01244	0.00555	0.00621
4	0.01203	0.01193	0.07338	0.01141	0.01334	0.07556	0.00924	0.03522	0.02979	0.04032	0.04336	0.27833	0.02534	0.10054	0.15676	0.00434	0.05733	0.01068	0.00468	0.00640
5	0.01587	0.01119	0.01371	0.07394	0.01749	0.00954	0.00874	0.03920	0.03381	0.12713	0.01491	0.01628	0.01136	0.00584	0.00526	0.00132	0.00514	0.00473	0.07501	0.50954
6	0.00993	0.00728	0.00991	0.00971	0.01042	0.00828	0.00717	0.01138	0.01065	0.01521	0.05132	0.03206	0.02040	0.24996	0.35627	0.03890	0.07659	0.03575	0.03355	0.00526
7	0.01549	0.01017	0.01195	0.01088	0.01350	0.01045	0.00839	0.17861	0.08486	0.10944	0.08611	0.27621	0.05019	0.01325	0.00721	0.00224	0.00486	0.04521	0.05308	0.00789
8	0.00951	0.00680	0.00852	0.00929	0.01021	0.00672	0.00658	0.03217	0.05453	0.01882	0.09175	0.47484	0.03854	0.09178	0.01037	0.00287	0.00429	0.07767	0.03898	0.00575
9	0.00902	0.00630	0.00843	0.00908	0.00965	0.00648	0.00625	0.01040	0.03211	0.01528	0.02597	0.36976	0.02930	0.15557	0.19803	0.07828	0.00776	0.01250	0.00474	0.00508
10	0.00879	0.00604	0.00738	0.00808	0.00830	0.00588	0.00507	0.00939	0.01089	0.01450	0.02742	0.35263	0.03224	0.42158	0.02142	0.00458	0.00518	0.04120	0.00489	0.00457
11	0.01520	0.02733	0.04540	0.10363	0.10695	0.07495	0.01180	0.14304	0.01709	0.05387	0.03955	0.24012	0.05633	0.01215	0.02085	0.00231	0.00669	0.00983	0.00501	0.00786
12	0.02074	0.04353	0.01789	0.04558	0.06003	0.49289	0.01226	0.02386	0.06858	0.03509	0.01642	0.01769	0.07138	0.00778	0.00670	0.00183	0.04069	0.00546	0.00385	0.00775
13	0.00956	0.00641	0.00848	0.00928	0.01030	0.00615	0.00672	0.01111	0.01284	0.05756	0.03497	0.45308	0.10770	0.05597	0.10385	0.00373	0.00588	0.08506	0.00569	0.00568
14	0.01481	0.01005	0.01163	0.01057	0.01330	0.01034	0.00813	0.07891	0.20926	0.12342	0.12500	0.13832	0.11885	0.05568	0.00867	0.00245	0.00474	0.04139	0.00650	0.00799
15	0.11278	0.01514	0.03437	0.08184	0.10976	0.06784	0.12145	0.10899	0.06339	0.08503	0.05557	0.01890	0.01408	0.00957	0.05112	0.00251	0.00805	0.00623	0.02468	0.00868
16	0.02230	0.05976	0.02115	0.01685	0.02076	0.39661	0.07227	0.20429	0.02025	0.02273	0.01153	0.01332	0.00916	0.00719	0.00740	0.00187	0.07498	0.00499	0.00408	0.00852
17	0.04077	0.51635	0.19277	0.01289	0.01917	0.02208	0.01384	0.03914	0.05720	0.01824	0.01082	0.01210	0.00900	0.00594	0.00481	0.00162	0.00735	0.00406	0.00313	0.00873
18	0.01861	0.42160	0.18558	0.01343	0.01958	0.08304	0.01391	0.06087	0.01526	0.09678	0.01182	0.01276	0.00927	0.00616	0.00512	0.00165	0.00776	0.00427	0.00359	0.00895
19	0.01069	0.00730	0.00823	0.00784	0.00833	0.00751	0.00479	0.06966	0.01123	0.01504	0.01983	0.03936	0.02215	0.68051	0.05703	0.00605	0.00674	0.00900	0.00412	0.00459
20	0.01048	0.00722	0.00905	0.00946	0.01070	0.00698	0.00671	0.07922	0.01519	0.04825	0.11681	0.54770	0.07225	0.01753	0.00790	0.00244	0.00404	0.01566	0.00625	0.00615
21	0.01438	0.01179	0.01284	0.01163	0.01385	0.08322	0.00904	0.17593	0.01586	0.02120	0.01654	0.02302	0.01477	0.09048	0.41917	0.00692	0.01300	0.00656	0.03279	0.00702
22	0.03893	0.07323	0.07242	0.10282	0.03213	0.01271	0.01155	0.06384	0.01362	0.05427	0.03372	0.06513	0.01625	0.03919	0.20909	0.00448	0.07671	0.03712	0.03555	0.00725
23	0.00920	0.00625	0.00742	0.00782	0.00802	0.00618	0.00485	0.00967	0.01041	0.01384	0.02434	0.17770	0.02818	0.57056	0.02633	0.00532	0.00578	0.06934	0.00447	0.00433
24	0.00846	0.00596	0.00739	0.00818	0.00858	0.00571	0.00526	0.00930	0.01157	0.01537	0.05030	0.43454	0.07493	0.28562	0.03532	0.00406	0.00493	0.01447	0.00523	0.00483
25	0.01574	0.01616	0.02234	0.29968	0.35169	0.12288	0.01787	0.01935	0.01443	0.01846	0.01147	0.01575	0.00930	0.00632	0.00681	0.00200	0.03254	0.00551	0.00309	0.00860
26	0.01634	0.20174	0.02415	0.02976	0.01950	0.01922	0.09920	0.11904	0.07794	0.02100	0.01304	0.03917	0.01130	0.00932	0.02897	0.00231	0.22130	0.00591	0.00388	0.03694
27	0.08527	0.10083	0.08592	0.04870	0.07398	0.08646	0.07775	0.07235	0.03396	0.04710	0.01517	0.01707	0.04303	0.00793	0.02929	0.00202	0.00761	0.00541	0.02577	0.13438
28	0.04661	0.24957	0.05951	0.12477	0.08206	0.01758	0.05277	0.10099	0.03678	0.07073	0.03910	0.03380	0.01273	0.00695	0.00571	0.00183	0.00702	0.00564	0.03721	0.00865
29	0.01979	0.01252	0.01678	0.03265	0.08563	0.01266	0.06098	0.16665	0.08841	0.21471	0.07012	0.02314	0.03859	0.00813	0.00640	0.00195	0.00588	0.00693	0.11868	0.00939

[dist]
# distance from previous block
# <min> <max>
0	10

[block]
# block no. 8 follows, 34 sequences, length 12
# corresponding to MSA columns:
# 229-240
name=unknown_I
#
# <colnr> <probs for GDERKNQSTAVLIFYWHMCP>
#	G	D	E	R	K	N	Q	S	T	A	V	L	I	F	Y	W	H	M	C	P
0	0.01567	0.13051	0.04740	0.12951	0.16514	0.05004	0.03194	0.06944	0.05390	0.05707	0.02035	0.06943	0.08921	0.00834	0.00628	0.00193	0.00693	0.00706	0.00424	0.03558
1	0.00858	0.00709	0.00760	0.00738	0.00952	0.00636	0.00556	0.01173	0.06621	0.02006	0.21317	0.05629	0.52731	0.01510	0.00756	0.00215	0.00335	0.01274	0.00629	0.00594
2	0.00821	0.00601	0.00727	0.00802	0.00877	0.00555	0.00534	0.00933	0.01262	0.01645	0.08024	0.42484	0.18807	0.17297	0.01312	0.00324	0.00412	0.01511	0.00564	0.00507
3	0.01214	0.05977	0.01292	0.03292	0.01311	0.03918	0.00851	0.06299	0.01252	0.01741	0.01687	0.04928	0.01618	0.14540	0.33694	0.00634	0.07215	0.00706	0.07207	0.00624
4	0.06527	0.29092	0.15049	0.01561	0.04660	0.10699	0.05531	0.05076	0.07610	0.01970	0.01168	0.01339	0.00948	0.00655	0.00638	0.00182	0.05620	0.00468	0.00344	0.00864
5	0.00959	0.00793	0.00839	0.00853	0.00951	0.05004	0.00586	0.01071	0.01243	0.01574	0.06591	0.21002	0.20449	0.25453	0.07203	0.00416	0.02803	0.01201	0.00496	0.00515
6	0.00833	0.00619	0.00766	0.00850	0.00952	0.00570	0.00609	0.00987	0.01350	0.01754	0.09940	0.39743	0.21162	0.07687	0.01004	0.00279	0.00402	0.09364	0.00592	0.00535
7	0.00947	0.00735	0.00881	0.00922	0.01080	0.00718	0.00692	0.01358	0.10867	0.02013	0.16163	0.28935	0.19965	0.01628	0.00787	0.00241	0.00399	0.10422	0.00626	0.00620
8	0.06301	0.03938	0.14247	0.14667	0.07327	0.03535	0.15084	0.04545	0.06669	0.08076	0.01797	0.02094	0.05628	0.00737	0.00655	0.00208	0.00801	0.02416	0.00412	0.00865
9	0.16353	0.09720	0.17769	0.01888	0.15383	0.07596	0.05057	0.02121	0.08498	0.02230	0.06386	0.01673	0.01340	0.00676	0.00579	0.00193	0.00742	0.00544	0.00383	0.00869
10	0.00890	0.00700	0.00784	0.00784	0.00952	0.00651	0.00572	0.01180	0.06517	0.01910	0.18028	0.11938	0.36402	0.11642	0.01103	0.00277	0.00392	0.04108	0.00598	0.00572
11	0.01282	0.00861	0.01002	0.00929	0.01182	0.00824	0.00733	0.09337	0.04110	0.09802	0.15542	0.10007	0.28693	0.01393	0.00745	0.00222	0.00431	0.09189	0.03016	0.00699

[dist]
# distance from previous block
# <min> <max>
0	1

[block]
# block no. 9 follows, 34 sequences, length 11
# corresponding to MSA columns:
# 242-252
name=unknown_J
#
# <colnr> <probs for GDERKNQSTAVLIFYWHMCP>
#	G	D	E	R	K	N	Q	S	T	A	V	L	I	F	Y	W	H	M	C	P
0	0.01552	0.01458	0.04246	0.12477	0.13951	0.03093	0.23032	0.06910	0.01574	0.06959	0.04895	0.08404	0.01558	0.00945	0.03506	0.00245	0.03160	0.00774	0.00415	0.00847
1	0.03743	0.19872	0.09179	0.04646	0.11885	0.09241	0.08122	0.09954	0.04095	0.02086	0.01197	0.01458	0.00977	0.00858	0.04149	0.00229	0.06560	0.00519	0.00356	0.00873
2	0.01523	0.01675	0.05296	0.01986	0.08642	0.09177	0.10980	0.01880	0.05543	0.01768	0.01140	0.01583	0.00998	0.01155	0.06201	0.00295	0.38459	0.00593	0.00324	0.00785
3	0.01832	0.04092	0.07988	0.01363	0.01820	0.01666	0.01174	0.30334	0.27588	0.03045	0.02276	0.06666	0.05438	0.00913	0.00657	0.00208	0.00619	0.00737	0.00600	0.00985
4	0.01700	0.04639	0.29826	0.01765	0.03857	0.17328	0.06808	0.07476	0.05368	0.03606	0.03729	0.01696	0.01188	0.00734	0.00730	0.00202	0.05900	0.02191	0.00374	0.00883
5	0.01028	0.04309	0.00980	0.00873	0.01073	0.00809	0.00654	0.09391	0.01586	0.02024	0.08167	0.31054	0.32454	0.01607	0.00756	0.00227	0.00406	0.01385	0.00597	0.00621
6	0.01278	0.03815	0.01366	0.01082	0.01317	0.01055	0.05864	0.09147	0.03495	0.01865	0.01799	0.07649	0.01855	0.35406	0.03754	0.00404	0.04173	0.00804	0.00425	0.13448
7	0.01771	0.08232	0.06883	0.03816	0.13480	0.13242	0.04270	0.09803	0.01728	0.09206	0.10227	0.08605	0.01921	0.00872	0.00692	0.00197	0.03006	0.00723	0.00470	0.00855
8	0.03882	0.00932	0.01148	0.01118	0.03090	0.03052	0.00847	0.05557	0.01455	0.03774	0.15470	0.08470	0.13469	0.02304	0.21726	0.00455	0.08228	0.03867	0.00503	0.00653
9	0.01140	0.01227	0.09843	0.01150	0.01438	0.05331	0.04672	0.01478	0.05556	0.03367	0.08739	0.22247	0.14928	0.04115	0.00914	0.03971	0.00565	0.05848	0.00518	0.02955
10	0.12994	0.14889	0.12348	0.08513	0.11682	0.09427	0.01403	0.06722	0.01521	0.05435	0.03877	0.01632	0.03288	0.00696	0.00612	0.00190	0.03021	0.00522	0.00381	0.00847

[dist]
# distance from previous block
# <min> <max>
3	18

[block]
# block no. 10 follows, 34 sequences, length 35
# corresponding to MSA columns:
# 271-305
name=unknown_K
#
# <colnr> <probs for GDERKNQSTAVLIFYWHMCP>
#	G	D	E	R	K	N	Q	S	T	A	V	L	I	F	Y	W	H	M	C	P
0	0.03393	0.14412	0.12346	0.02052	0.21744	0.01529	0.03001	0.01830	0.04010	0.03734	0.01694	0.12460	0.03555	0.00879	0.00750	0.00202	0.07309	0.00726	0.00381	0.03996
1	0.04234	0.06432	0.10919	0.03246	0.09778	0.03781	0.04875	0.04264	0.04199	0.02015	0.08479	0.11454	0.06031	0.03724	0.06952	0.00290	0.05272	0.00820	0.00430	0.02803
2	0.01606	0.07443	0.42272	0.01929	0.07992	0.15653	0.04964	0.04827	0.01523	0.01995	0.01155	0.01382	0.00879	0.00742	0.02738	0.00216	0.00983	0.00488	0.00307	0.00904
3	0.00824	0.00689	0.02847	0.00859	0.00987	0.00582	0.00638	0.00983	0.01331	0.01716	0.06316	0.42427	0.25081	0.05796	0.00933	0.00267	0.00403	0.06194	0.00582	0.00544
4	0.04487	0.04771	0.03650	0.01410	0.01892	0.07484	0.01169	0.40736	0.17891	0.03288	0.01670	0.01660	0.01234	0.00756	0.00618	0.00190	0.00689	0.00572	0.00579	0.05253
5	0.01924	0.05731	0.03913	0.01310	0.01769	0.05001	0.01083	0.27605	0.21242	0.05723	0.03697	0.01925	0.01486	0.03752	0.00718	0.00202	0.00634	0.00606	0.00568	0.11111
6	0.00916	0.00699	0.00908	0.04887	0.01237	0.00692	0.00757	0.01211	0.05984	0.01853	0.09014	0.41358	0.12431	0.01732	0.00804	0.00253	0.00438	0.13642	0.00595	0.00589
7	0.11593	0.48597	0.07571	0.01151	0.01696	0.02105	0.01126	0.04090	0.05129	0.09913	0.01210	0.01277	0.00966	0.00614	0.00472	0.00163	0.00661	0.00416	0.00380	0.00870
8	0.03928	0.01071	0.01257	0.01176	0.03585	0.03573	0.00881	0.07547	0.09132	0.23838	0.02959	0.19412	0.08645	0.04196	0.00810	0.00239	0.00533	0.05751	0.00638	0.00826
9	0.01156	0.00826	0.00968	0.00904	0.01116	0.00800	0.00685	0.09727	0.01701	0.06505	0.19582	0.20112	0.28261	0.01479	0.00795	0.00222	0.02606	0.01260	0.00633	0.00661
10	0.01092	0.00893	0.01477	0.01249	0.01505	0.00819	0.16163	0.01359	0.01509	0.05774	0.20091	0.25202	0.15666	0.03112	0.00832	0.00236	0.00523	0.01274	0.00572	0.00653
11	0.00948	0.00626	0.00810	0.00887	0.00988	0.00575	0.00623	0.01098	0.01360	0.06348	0.10682	0.52263	0.11232	0.04406	0.00888	0.00262	0.00392	0.04426	0.00616	0.00570
12	0.01699	0.09764	0.08435	0.15712	0.32617	0.01721	0.01733	0.16372	0.01741	0.02371	0.01235	0.01532	0.00973	0.00631	0.00616	0.00192	0.00780	0.00544	0.00374	0.00959
13	0.00961	0.00690	0.00758	0.00764	0.00934	0.00655	0.00559	0.01301	0.07388	0.02061	0.14102	0.16611	0.28455	0.03577	0.00770	0.00221	0.00350	0.01184	0.18061	0.00599
14	0.00920	0.00619	0.00715	0.00727	0.00764	0.00599	0.00442	0.00924	0.01035	0.01346	0.02760	0.09907	0.13432	0.51380	0.02619	0.09381	0.00553	0.01034	0.00428	0.00414
15	0.01873	0.01402	0.01878	0.12010	0.19309	0.01496	0.01360	0.24798	0.06473	0.10092	0.03883	0.04645	0.04223	0.00848	0.00706	0.02171	0.00674	0.00687	0.00525	0.00949
16	0.01632	0.01643	0.02016	0.12321	0.23495	0.15612	0.06556	0.04780	0.07929	0.02046	0.01625	0.04023	0.03410	0.00883	0.03427	0.00226	0.00835	0.00639	0.06058	0.00845
17	0.01072	0.00781	0.00884	0.00855	0.01039	0.00744	0.00622	0.09599	0.01578	0.04132	0.09564	0.24215	0.30429	0.10219	0.01050	0.00272	0.00426	0.01311	0.00596	0.00611
18	0.01558	0.00879	0.01067	0.00943	0.01207	0.00840	0.00729	0.10356	0.01790	0.18503	0.20938	0.15278	0.09946	0.01202	0.00690	0.00205	0.00424	0.01028	0.11659	0.00760
19	0.01856	0.01304	0.01415	0.01202	0.01574	0.01433	0.00954	0.19580	0.33612	0.10246	0.04435	0.02253	0.01793	0.00836	0.00622	0.00199	0.00522	0.00677	0.14525	0.00964
20	0.01925	0.02068	0.01830	0.01597	0.01807	0.30677	0.01269	0.06995	0.06463	0.03556	0.01159	0.01442	0.00980	0.00885	0.01222	0.00220	0.31863	0.00522	0.02740	0.00779
21	0.03672	0.02919	0.60127	0.01702	0.02567	0.01409	0.02107	0.02224	0.01437	0.13843	0.01381	0.01493	0.00944	0.00644	0.00614	0.00204	0.00876	0.00502	0.00363	0.00972
22	0.02407	0.01762	0.01886	0.01452	0.01954	0.01948	0.01197	0.68348	0.02971	0.04006	0.01573	0.01585	0.01121	0.00775	0.00639	0.00192	0.00695	0.00583	0.03827	0.01079
