[name]
unknown

[dist]
# distance from previous block
# <min> <max>
0	39

[block]
# block no. 0 follows, 32 sequences, length 25
# corresponding to MSA columns:
# 39-63
name=unknown_A
#
# <colnr> <probs for GDERKNQSTAVLIFYWHMCP>
#	G	D	E	R	K	N	Q	S	T	A	V	L	I	F	Y	W	H	M	C	P
0	0.01958	0.09836	0.01836	0.01325	0.01768	0.12371	0.01082	0.28257	0.02175	0.02795	0.04373	0.06661	0.04547	0.00911	0.00643	0.00186	0.00708	0.04467	0.00532	0.13568
1	0.07162	0.00746	0.00858	0.00917	0.01097	0.00713	0.00726	0.01191	0.01456	0.01960	0.07051	0.14180	0.29566	0.06261	0.00975	0.00283	0.00469	0.23207	0.00596	0.00586
2	0.00996	0.00735	0.00888	0.00924	0.01044	0.00716	0.00646	0.05324	0.04535	0.02031	0.14225	0.41091	0.12220	0.10063	0.01104	0.00293	0.00429	0.01509	0.00622	0.00605
3	0.00805	0.00658	0.00711	0.00744	0.00925	0.00564	0.00541	0.00969	0.01489	0.01826	0.08787	0.22199	0.53898	0.01777	0.00807	0.00236	0.00350	0.01519	0.00628	0.00564
4	0.02404	0.01780	0.01915	0.01498	0.01998	0.01968	0.01226	0.62706	0.06181	0.04009	0.01790	0.06192	0.01384	0.00889	0.00683	0.00207	0.00707	0.00691	0.00669	0.01101
5	0.00823	0.00588	0.00783	0.00931	0.00974	0.00549	0.00623	0.00948	0.01310	0.01753	0.06462	0.73104	0.04515	0.02073	0.00854	0.00270	0.00386	0.01879	0.00628	0.00549
6	0.14015	0.01302	0.01500	0.01222	0.01690	0.01329	0.00991	0.08479	0.20121	0.38653	0.02337	0.02114	0.01585	0.00819	0.00639	0.00212	0.00566	0.00646	0.00718	0.01060
7	0.01468	0.01468	0.02055	0.01762	0.01762	0.02055	0.01468	0.01615	0.01028	0.01615	0.00881	0.01468	0.00881	0.01174	0.02202	0.00294	0.75191	0.00587	0.00294	0.00734
8	0.00976	0.00651	0.00732	0.00732	0.00732	0.00651	0.00407	0.00976	0.00976	0.01301	0.02114	0.04391	0.02439	0.76419	0.03415	0.00651	0.00651	0.00976	0.00407	0.00407
9	0.01251	0.00625	0.00625	0.00625	0.00782	0.00625	0.00469	0.01563	0.01407	0.02502	0.02189	0.02502	0.01720	0.00782	0.00469	0.00156	0.00313	0.00625	0.80144	0.00625
10	0.01794	0.76823	0.03516	0.01148	0.01722	0.02655	0.01148	0.02009	0.01363	0.01579	0.00933	0.01076	0.00861	0.00574	0.00431	0.00144	0.00718	0.00359	0.00287	0.00861
11	0.01611	0.01542	0.02607	0.03923	0.68182	0.01536	0.01971	0.01997	0.01528	0.02171	0.01577	0.01933	0.05090	0.00660	0.00672	0.00201	0.00771	0.00644	0.00349	0.01035
12	0.01468	0.01468	0.02055	0.01762	0.01762	0.02055	0.01468	0.01615	0.01028	0.01615	0.00881	0.01468	0.00881	0.01174	0.02202	0.00294	0.75191	0.00587	0.00294	0.00734
13	0.81159	0.01298	0.00986	0.00882	0.01298	0.01505	0.00727	0.01972	0.01142	0.03010	0.00934	0.01090	0.00727	0.00623	0.00415	0.00208	0.00519	0.00363	0.00415	0.00727
14	0.01391	0.01193	0.01391	0.00994	0.01590	0.00894	0.00795	0.01690	0.01391	0.02186	0.01193	0.01391	0.00994	0.00497	0.00497	0.00099	0.00497	0.00398	0.00398	0.80521
15	0.01438	0.01330	0.02105	0.43088	0.17740	0.01524	0.03967	0.04836	0.09683	0.02064	0.01656	0.02044	0.04184	0.00731	0.00680	0.00218	0.00809	0.00658	0.00382	0.00861
16	0.01050	0.00750	0.00891	0.00839	0.01046	0.00683	0.00633	0.04231	0.01781	0.05618	0.37788	0.10217	0.28994	0.01489	0.00786	0.00220	0.00360	0.01282	0.00691	0.00649
17	0.00830	0.00628	0.00767	0.00843	0.00957	0.00565	0.00590	0.00993	0.01452	0.01892	0.14989	0.44143	0.25182	0.01869	0.00827	0.00249	0.00363	0.01653	0.00641	0.00565
18	0.01130	0.00815	0.01002	0.01040	0.01198	0.00811	0.00790	0.10495	0.01659	0.02221	0.08353	0.38767	0.09378	0.01742	0.00821	0.00258	0.00471	0.14805	0.03593	0.00652
19	0.11782	0.00768	0.00909	0.00849	0.01042	0.00751	0.00646	0.01362	0.01797	0.02734	0.62298	0.04482	0.05574	0.01271	0.00741	0.00211	0.00344	0.01099	0.00695	0.00646
20	0.01669	0.01441	0.01517	0.01365	0.01745	0.01669	0.01062	0.03565	0.71021	0.02807	0.02731	0.02503	0.02048	0.00910	0.00683	0.00228	0.00531	0.00759	0.00683	0.01062
21	0.01584	0.01810	0.03959	0.02828	0.03507	0.01697	0.69796	0.02149	0.01584	0.02149	0.01357	0.01810	0.01018	0.00566	0.00792	0.00226	0.01131	0.00792	0.00339	0.00905
22	0.01769	0.01178	0.05275	0.01079	0.01419	0.01078	0.00900	0.15773	0.04166	0.15673	0.08634	0.05991	0.04747	0.07683	0.00898	0.00242	0.00538	0.03022	0.19099	0.00837
23	0.25097	0.01408	0.01446	0.01180	0.01640	0.06846	0.00960	0.09037	0.03762	0.36523	0.01911	0.01816	0.01296	0.00904	0.03096	0.00235	0.00662	0.00565	0.00640	0.00975
24	0.01706	0.06372	0.20083	0.01895	0.12127	0.06279	0.04959	0.15587	0.01828	0.04621	0.04070	0.04713	0.06654	0.05177	0.00827	0.00231	0.00796	0.00707	0.00450	0.00919

[dist]
# distance from previous block
# <min> <max>
0	20

[block]
# block no. 1 follows, 32 sequences, length 27
# corresponding to MSA columns:
# 84-110
name=unknown_B
#
# <colnr> <probs for GDERKNQSTAVLIFYWHMCP>
#	G	D	E	R	K	N	Q	S	T	A	V	L	I	F	Y	W	H	M	C	P
0	0.08024	0.22438	0.11071	0.07408	0.05598	0.04932	0.01328	0.06835	0.12929	0.02206	0.01657	0.09775	0.01472	0.00840	0.00599	0.00200	0.00710	0.00665	0.00431	0.00881
1	0.52590	0.01331	0.03037	0.00935	0.01314	0.04512	0.00780	0.06367	0.01373	0.02892	0.01269	0.01452	0.00984	0.00673	0.00458	0.00194	0.00531	0.00444	0.18121	0.00741
2	0.01846	0.35202	0.23260	0.01548	0.02200	0.16169	0.04108	0.02232	0.01516	0.04714	0.01119	0.01278	0.00897	0.00626	0.00548	0.00175	0.00903	0.00442	0.00322	0.00896
3	0.01678	0.12414	0.34778	0.01906	0.11135	0.01671	0.01840	0.08583	0.05143	0.07176	0.01526	0.01656	0.02749	0.00687	0.00619	0.00196	0.00817	0.00544	0.00398	0.04484
4	0.00818	0.00584	0.00779	0.00934	0.00973	0.00545	0.00623	0.00934	0.01285	0.01713	0.03698	0.75981	0.04438	0.02102	0.00856	0.00273	0.00389	0.01908	0.00623	0.00545
5	0.00826	0.00587	0.00776	0.00924	0.00961	0.00551	0.00611	0.00936	0.01268	0.01691	0.03615	0.72217	0.04333	0.06009	0.00991	0.00292	0.00403	0.01859	0.00611	0.00538
6	0.00973	0.00646	0.00858	0.00917	0.01020	0.00597	0.00645	0.01164	0.01523	0.05630	0.26479	0.48487	0.04932	0.01793	0.00825	0.00249	0.00374	0.01613	0.00672	0.00605
7	0.01391	0.01193	0.01391	0.00994	0.01590	0.00894	0.00795	0.01690	0.01391	0.02186	0.01193	0.01391	0.00994	0.00497	0.00497	0.00099	0.00497	0.00398	0.00398	0.80521
8	0.01971	0.40643	0.09540	0.01418	0.01950	0.23310	0.01317	0.04123	0.06698	0.01810	0.01140	0.01267	0.00956	0.00645	0.00527	0.00166	0.00875	0.00429	0.00343	0.00871
9	0.00960	0.00715	0.01058	0.01058	0.01171	0.00828	0.00813	0.01185	0.01072	0.01543	0.01816	0.02739	0.01722	0.09219	0.69635	0.01053	0.01730	0.00734	0.00362	0.00588
10	0.01580	0.01209	0.01426	0.01030	0.01617	0.00940	0.00828	0.03965	0.01496	0.08875	0.01342	0.01482	0.01061	0.00538	0.00519	0.00113	0.00511	0.00430	0.00447	0.70591
11	0.01610	0.01376	0.01544	0.04648	0.05521	0.01557	0.01105	0.07522	0.51833	0.02703	0.02843	0.05867	0.06943	0.00985	0.00696	0.00226	0.00555	0.00830	0.00640	0.00996
12	0.01658	0.54625	0.24526	0.01379	0.02080	0.02323	0.01551	0.02044	0.01379	0.01744	0.01015	0.01179	0.00858	0.00593	0.00493	0.00164	0.00801	0.00400	0.00286	0.00901
13	0.02460	0.01796	0.01934	0.01508	0.02025	0.01986	0.01237	0.59141	0.11467	0.06793	0.01790	0.01748	0.01274	0.00819	0.00673	0.00205	0.00706	0.00626	0.00679	0.01131
14	0.00962	0.00704	0.01004	0.01004	0.01098	0.00798	0.00746	0.01151	0.01056	0.01503	0.01865	0.03011	0.01840	0.20293	0.58722	0.00987	0.01552	0.00774	0.00370	0.00558
15	0.01251	0.00625	0.00625	0.00625	0.00782	0.00625	0.00469	0.01563	0.01407	0.02502	0.02189	0.02502	0.01720	0.00782	0.00469	0.00156	0.00313	0.00625	0.80144	0.00625
16	0.01655	0.18848	0.46368	0.01735	0.04631	0.01765	0.01994	0.05153	0.01530	0.08494	0.01296	0.01438	0.00945	0.00647	0.00599	0.00196	0.00878	0.00491	0.00352	0.00986
17	0.02551	0.01879	0.02014	0.01544	0.02081	0.02081	0.01275	0.69996	0.03155	0.04229	0.01611	0.01611	0.01141	0.00805	0.00671	0.00201	0.00738	0.00604	0.00671	0.01141
18	0.01251	0.00625	0.00625	0.00625	0.00782	0.00625	0.00469	0.01563	0.01407	0.02502	0.02189	0.02502	0.01720	0.00782	0.00469	0.00156	0.00313	0.00625	0.80144	0.00625
19	0.01447	0.01109	0.01364	0.01239	0.01472	0.01182	0.03093	0.23059	0.01901	0.02541	0.02976	0.37458	0.07610	0.01541	0.00883	0.00248	0.05503	0.04005	0.00607	0.00763
20	0.00970	0.00670	0.00879	0.00987	0.01103	0.00627	0.00743	0.01158	0.01432	0.04481	0.06776	0.43710	0.12746	0.01910	0.00857	0.00271	0.00447	0.19006	0.00634	0.00593
21	0.01509	0.01544	0.05819	0.06048	0.14653	0.01707	0.09163	0.06331	0.03512	0.02016	0.01307	0.03757	0.01157	0.01321	0.08445	0.00330	0.29517	0.00663	0.00358	0.00844
22	0.00938	0.00652	0.00726	0.00734	0.00772	0.00632	0.00434	0.00972	0.01080	0.01404	0.02940	0.08498	0.13557	0.60660	0.02865	0.00563	0.00588	0.01095	0.00452	0.00439
23	0.01459	0.01233	0.01428	0.01026	0.01619	0.00964	0.00823	0.05695	0.01495	0.02306	0.01217	0.01404	0.01002	0.00515	0.00507	0.00105	0.00511	0.00410	0.00414	0.75866
24	0.10781	0.12531	0.16184	0.01726	0.07299	0.19713	0.03400	0.08599	0.06300	0.02278	0.01243	0.01401	0.00975	0.00663	0.00583	0.00187	0.00870	0.00486	0.00387	0.04396
25	0.14641	0.13992	0.18441	0.01372	0.01918	0.15696	0.01338	0.05059	0.04592	0.02268	0.06292	0.01627	0.01336	0.00706	0.00563	0.00185	0.00781	0.00508	0.03630	0.05054
26	0.05853	0.21228	0.05983	0.01523	0.05545	0.11194	0.03559	0.17317	0.01818	0.02356	0.01552	0.10760	0.01437	0.01147	0.05648	0.00254	0.00843	0.00677	0.00439	0.00868

[dist]
# distance from previous block
# <min> <max>
0	32

[block]
# block no. 2 follows, 32 sequences, length 9
# corresponding to MSA columns:
# 143-151
name=unknown_C
#
# <colnr> <probs for GDERKNQSTAVLIFYWHMCP>
#	G	D	E	R	K	N	Q	S	T	A	V	L	I	F	Y	W	H	M	C	P
0	0.01576	0.01082	0.01228	0.01049	0.01385	0.01082	0.00826	0.13622	0.12854	0.11003	0.20551	0.03785	0.18523	0.01151	0.00716	0.00208	0.00466	0.00962	0.03520	0.04410
1	0.01367	0.01276	0.02049	0.56705	0.13311	0.01526	0.01795	0.01979	0.09584	0.01907	0.01383	0.01856	0.01053	0.00689	0.00671	0.00221	0.00839	0.00616	0.00348	0.00825
2	0.02547	0.01985	0.02005	0.01559	0.02080	0.07797	0.01277	0.64625	0.03055	0.04022	0.01565	0.01579	0.01119	0.00796	0.00666	0.00199	0.00776	0.00590	0.00645	0.01112
3	0.00983	0.00728	0.00940	0.01048	0.01203	0.00697	0.00869	0.01227	0.01491	0.01900	0.04293	0.12598	0.20675	0.05658	0.01016	0.00303	0.00533	0.42641	0.00609	0.00588
4	0.01347	0.01274	0.02156	0.60530	0.18277	0.01512	0.01903	0.01784	0.01379	0.01811	0.01207	0.01763	0.00928	0.00656	0.00670	0.00219	0.00875	0.00597	0.00305	0.00809
5	0.02261	0.01669	0.01778	0.01413	0.01882	0.01852	0.01151	0.51420	0.14248	0.03802	0.01861	0.01857	0.01356	0.00820	0.00651	0.00201	0.00657	0.00632	0.09417	0.01071
6	0.01539	0.01500	0.01497	0.12931	0.05112	0.15837	0.01099	0.05562	0.11106	0.02077	0.11829	0.02947	0.07087	0.13217	0.01181	0.00282	0.03174	0.00791	0.00484	0.00747
7	0.00846	0.00667	0.00754	0.00794	0.00957	0.00590	0.00584	0.01018	0.01474	0.01843	0.10592	0.20210	0.43143	0.06614	0.00987	0.00269	0.00392	0.07088	0.00617	0.00561
8	0.19488	0.13954	0.08252	0.09508	0.07738	0.12883	0.01340	0.04347	0.03404	0.09238	0.01267	0.01441	0.00972	0.00680	0.00607	0.00196	0.02923	0.00485	0.00406	0.00872

[dist]
# distance from previous block
# <min> <max>
0	4

[block]
# block no. 3 follows, 32 sequences, length 75
# corresponding to MSA columns:
# 156-230
name=unknown_D
#
# <colnr> <probs for GDERKNQSTAVLIFYWHMCP>
#	G	D	E	R	K	N	Q	S	T	A	V	L	I	F	Y	W	H	M	C	P
0	0.12372	0.25687	0.18680	0.01507	0.02120	0.13491	0.04616	0.10405	0.01660	0.02252	0.01114	0.01276	0.00883	0.00642	0.00550	0.00183	0.00855	0.00452	0.00362	0.00896
1	0.01322	0.01133	0.01726	0.27273	0.11663	0.01231	0.04457	0.07310	0.01601	0.02145	0.10184	0.03205	0.08984	0.06587	0.00917	0.00253	0.00701	0.05356	0.03192	0.00758
2	0.01617	0.08860	0.01555	0.01110	0.01481	0.01278	0.00911	0.12971	0.03452	0.07278	0.04877	0.02066	0.01561	0.01616	0.15463	0.00351	0.03640	0.00599	0.11898	0.17417
3	0.01083	0.00783	0.01034	0.00999	0.01110	0.00869	0.00729	0.06258	0.01199	0.01672	0.01888	0.03139	0.01889	0.28283	0.45084	0.00872	0.01340	0.00795	0.00398	0.00576
4	0.00925	0.00685	0.00863	0.00819	0.00988	0.00623	0.00614	0.01219	0.01842	0.02555	0.61790	0.05236	0.16505	0.01423	0.00792	0.00213	0.00320	0.01245	0.00721	0.00623
5	0.02258	0.01734	0.01849	0.01485	0.01969	0.01944	0.01205	0.47954	0.25673	0.03757	0.01983	0.01907	0.01442	0.00840	0.00675	0.00210	0.00670	0.00655	0.00675	0.01115
6	0.01701	0.01457	0.01535	0.01372	0.01757	0.01684	0.01070	0.05993	0.68541	0.02859	0.02690	0.02471	0.02015	0.00907	0.00682	0.00227	0.00539	0.00753	0.00682	0.01065
7	0.01742	0.02025	0.03321	0.02480	0.03007	0.15275	0.47889	0.02178	0.01570	0.01983	0.01234	0.01652	0.00971	0.00670	0.00943	0.00225	0.10943	0.00697	0.00335	0.00858
8	0.00959	0.00719	0.01078	0.01078	0.01198	0.00839	0.00839	0.01198	0.01078	0.01558	0.01797	0.02636	0.01677	0.05032	0.73760	0.01078	0.01797	0.00719	0.00359	0.00599
9	0.02393	0.01786	0.01929	0.01469	0.02014	0.01919	0.01210	0.60687	0.02914	0.03950	0.01554	0.01581	0.01121	0.00763	0.00647	0.00187	0.00705	0.00576	0.00634	0.11960
10	0.02514	0.01524	0.01746	0.01379	0.01868	0.01600	0.01124	0.36749	0.10988	0.26435	0.02185	0.05360	0.01575	0.00886	0.00682	0.00210	0.00642	0.00706	0.00723	0.01104
11	0.00856	0.00682	0.00767	0.00745	0.00945	0.00593	0.00559	0.01084	0.01677	0.02164	0.32820	0.05880	0.45719	0.01568	0.00792	0.00220	0.00331	0.01335	0.00669	0.00593
12	0.01333	0.01228	0.02013	0.71028	0.04490	0.01521	0.01833	0.05236	0.01435	0.01844	0.01214	0.01780	0.00907	0.00678	0.00671	0.00222	0.00886	0.00597	0.00317	0.00766
13	0.00960	0.00712	0.01041	0.01041	0.01148	0.00819	0.00793	0.01174	0.01067	0.01530	0.01831	0.02823	0.01759	0.12642	0.66261	0.01033	0.01675	0.00746	0.00364	0.00579
14	0.01584	0.01810	0.03959	0.02828	0.03507	0.01697	0.69796	0.02149	0.01584	0.02149	0.01357	0.01810	0.01018	0.00566	0.00792	0.00226	0.01131	0.00792	0.00339	0.00905
15	0.00866	0.00631	0.00860	0.01037	0.03402	0.00606	0.00669	0.00991	0.01258	0.01690	0.03387	0.63869	0.04013	0.07611	0.05396	0.00346	0.00506	0.01724	0.00582	0.00556
16	0.00881	0.00638	0.00839	0.00959	0.01032	0.00610	0.00671	0.01095	0.03743	0.01888	0.11823	0.60177	0.04543	0.01957	0.00848	0.00266	0.00401	0.06412	0.00638	0.00578
17	0.02270	0.02037	0.01780	0.01508	0.01937	0.21512	0.01187	0.23922	0.25988	0.07993	0.01913	0.01856	0.01414	0.00812	0.00657	0.00203	0.00785	0.00615	0.00597	0.01014
18	0.02059	0.01443	0.01725	0.01411	0.01818	0.01538	0.04236	0.38855	0.04756	0.10237	0.02213	0.15983	0.01964	0.01307	0.04610	0.00268	0.00719	0.03246	0.00645	0.00968
19	0.00831	0.00669	0.00742	0.00764	0.00949	0.00581	0.00566	0.01019	0.01547	0.01934	0.15838	0.17017	0.49330	0.01719	0.00807	0.00234	0.00354	0.03885	0.00640	0.00575
20	0.00910	0.00767	0.00799	0.00776	0.01012	0.00699	0.00586	0.01292	0.09427	0.02025	0.13777	0.05845	0.56556	0.01573	0.00780	0.00225	0.00359	0.01319	0.00643	0.00630
21	0.01429	0.01357	0.02304	0.45820	0.32346	0.01533	0.01944	0.01856	0.01418	0.01910	0.01221	0.01736	0.00964	0.00641	0.00668	0.00214	0.00855	0.00597	0.00312	0.00876
22	0.01495	0.01439	0.02365	0.26882	0.36798	0.01647	0.01884	0.01863	0.01373	0.01927	0.01168	0.01667	0.00973	0.00730	0.00955	0.00225	0.14805	0.00595	0.00314	0.00897
23	0.01782	0.01006	0.01191	0.01051	0.01380	0.00986	0.00849	0.08008	0.10175	0.21891	0.05744	0.03869	0.15057	0.01148	0.00702	0.00219	0.00494	0.09963	0.13632	0.00854
24	0.00976	0.00651	0.00732	0.00732	0.00732	0.00651	0.00407	0.00976	0.00976	0.01301	0.02114	0.04391	0.02439	0.76419	0.03415	0.00651	0.00651	0.00976	0.00407	0.00407
25	0.02551	0.01879	0.02014	0.01544	0.02081	0.02081	0.01275	0.69996	0.03155	0.04229	0.01611	0.01611	0.01141	0.00805	0.00671	0.00201	0.00738	0.00604	0.00671	0.01141
26	0.01346	0.03471	0.72942	0.01912	0.02904	0.01558	0.02479	0.02125	0.01417	0.02125	0.01204	0.01417	0.00850	0.00637	0.00637	0.00212	0.00992	0.00496	0.00283	0.00992
27	0.01346	0.03471	0.72942	0.01912	0.02904	0.01558	0.02479	0.02125	0.01417	0.02125	0.01204	0.01417	0.00850	0.00637	0.00637	0.00212	0.00992	0.00496	0.00283	0.00992
28	0.01749	0.01534	0.01559	0.01389	0.01776	0.04524	0.01083	0.07065	0.64693	0.02837	0.02605	0.02405	0.01953	0.00896	0.00679	0.00224	0.00569	0.00738	0.00669	0.01055
29	0.01051	0.00757	0.01038	0.01158	0.01317	0.00744	0.00996	0.01354	0.01591	0.02089	0.12740	0.07179	0.07318	0.01783	0.00903	0.00292	0.00565	0.55872	0.00634	0.00618
30	0.01609	0.01204	0.01300	0.01096	0.01451	0.01243	0.00872	0.26375	0.08748	0.05316	0.12622	0.04000	0.28951	0.01229	0.00734	0.00215	0.00507	0.01008	0.00668	0.00850
31	0.00959	0.00719	0.01078	0.01078	0.01198	0.00839	0.00839	0.01198	0.01078	0.01558	0.01797	0.02636	0.01677	0.05032	0.73760	0.01078	0.01797	0.00719	0.00359	0.00599
32	0.01794	0.76823	0.03516	0.01148	0.01722	0.02655	0.01148	0.02009	0.01363	0.01579	0.00933	0.01076	0.00861	0.00574	0.00431	0.00144	0.00718	0.00359	0.00287	0.00861
33	0.38362	0.01672	0.04038	0.01173	0.01586	0.11557	0.00980	0.14875	0.04134	0.02914	0.01389	0.01700	0.01113	0.00749	0.00536	0.00202	0.00660	0.03581	0.07959	0.00819
34	0.02038	0.01435	0.01681	0.07380	0.02035	0.01564	0.01204	0.33570	0.11262	0.10337	0.02270	0.05898	0.01927	0.01056	0.00728	0.00230	0.00671	0.13090	0.00647	0.00978
35	0.01432	0.01217	0.01413	0.01013	0.01607	0.00936	0.00812	0.04087	0.01453	0.02258	0.01207	0.01399	0.00999	0.00508	0.00503	0.00103	0.00505	0.00405	0.00407	0.77734
36	0.01014	0.00770	0.00875	0.00939	0.01008	0.03586	0.00632	0.03578	0.01331	0.01745	0.06510	0.42535	0.03659	0.23698	0.01588	0.00375	0.00518	0.04540	0.00556	0.00543
37	0.01099	0.00849	0.00993	0.00956	0.01167	0.00838	0.00731	0.06123	0.10057	0.02417	0.28993	0.14407	0.20864	0.01490	0.00789	0.00232	0.00409	0.06220	0.00675	0.00690
38	0.00975	0.00652	0.00742	0.00742	0.00745	0.00656	0.00419	0.00982	0.00979	0.01308	0.02105	0.04342	0.02418	0.74418	0.05387	0.00663	0.00683	0.00969	0.00405	0.00412
39	0.01088	0.00800	0.01105	0.01024	0.01123	0.00868	0.03857	0.03509	0.01128	0.01582	0.01864	0.03269	0.01917	0.36070	0.28291	0.03876	0.04067	0.00819	0.03201	0.00540
40	0.01794	0.76823	0.03516	0.01148	0.01722	0.02655	0.01148	0.02009	0.01363	0.01579	0.00933	0.01076	0.00861	0.00574	0.00431	0.00144	0.00718	0.00359	0.00287	0.00861
41	0.01731	0.37444	0.18153	0.01649	0.02274	0.07789	0.11351	0.04470	0.01491	0.01878	0.01081	0.01307	0.00893	0.00640	0.00655	0.00183	0.05330	0.00478	0.00312	0.00891
42	0.01508	0.01085	0.01269	0.01152	0.01415	0.01153	0.00896	0.13040	0.13227	0.09023	0.06191	0.21079	0.15469	0.01391	0.00869	0.00239	0.06065	0.03481	0.00640	0.00809
43	0.01459	0.01398	0.02157	0.53569	0.18663	0.04881	0.01855	0.04575	0.01480	0.01913	0.01217	0.01728	0.00938	0.00662	0.00666	0.00215	0.00882	0.00589	0.00323	0.00830
44	0.77477	0.01311	0.01067	0.01032	0.04582	0.01509	0.00788	0.01976	0.01160	0.02973	0.00949	0.01116	0.00742	0.00622	0.00427	0.00207	0.00532	0.00374	0.00411	0.00742
45	0.00836	0.00593	0.00780	0.00914	0.00955	0.00557	0.00606	0.00951	0.01284	0.01719	0.06308	0.67291	0.04351	0.08135	0.01063	0.00301	0.00408	0.01804	0.00610	0.00537
46	0.02506	0.03198	0.01901	0.01729	0.02074	0.73725	0.01296	0.02679	0.01901	0.01642	0.01037	0.01210	0.00864	0.00691	0.00605	0.00173	0.01210	0.00432	0.00346	0.00778
47	0.00839	0.00595	0.00780	0.00911	0.00952	0.00559	0.00603	0.00955	0.01288	0.01725	0.07068	0.65715	0.04351	0.08922	0.01089	0.00304	0.00410	0.01786	0.00609	0.00537
48	0.01521	0.00905	0.01136	0.00986	0.01262	0.00856	0.00774	0.08972	0.02000	0.16675	0.43990	0.04283	0.09676	0.01241	0.00759	0.00213	0.00422	0.02808	0.00738	0.00783
49	0.00979	0.00731	0.00938	0.01013	0.01187	0.00691	0.00843	0.01252	0.01606	0.02082	0.17117	0.06793	0.22753	0.01722	0.00865	0.00268	0.00487	0.37424	0.00642	0.00607
50	0.81159	0.01298	0.00986	0.00882	0.01298	0.01505	0.00727	0.01972	0.01142	0.03010	0.00934	0.01090	0.00727	0.00623	0.00415	0.00208	0.00519	0.00363	0.00415	0.00727
51	0.00976	0.00651	0.00732	0.00732	0.00732	0.00651	0.00407	0.00976	0.00976	0.01301	0.02114	0.04391	0.02439	0.76419	0.03415	0.00651	0.00651	0.00976	0.00407	0.00407
52	0.01661	0.01594	0.02724	0.04119	0.72233	0.01594	0.02059	0.02059	0.01528	0.02192	0.01262	0.01661	0.01063	0.00598	0.00664	0.00199	0.00797	0.00598	0.00332	0.01063
53	0.00818	0.00584	0.00779	0.00934	0.00973	0.00545	0.00623	0.00934	0.01285	0.01713	0.03698	0.75981	0.04438	0.02102	0.00856	0.00273	0.00389	0.01908	0.00623	0.00545
54	0.01355	0.01671	0.16178	0.03563	0.01833	0.08140	0.01289	0.01680	0.01282	0.03354	0.01411	0.01916	0.01218	0.02402	0.28157	0.04663	0.07360	0.00579	0.00347	0.11602
55	0.01794	0.76823	0.03516	0.01148	0.01722	0.02655	0.01148	0.02009	0.01363	0.01579	0.00933	0.01076	0.00861	0.00574	0.00431	0.00144	0.00718	0.00359	0.00287	0.00861
56	0.05612	0.09223	0.33870	0.01456	0.02160	0.01454	0.01611	0.02183	0.08569	0.06368	0.06677	0.01794	0.01448	0.00701	0.00601	0.00188	0.00736	0.00551	0.00417	0.14381
57	0.02108	0.12729	0.02199	0.01670	0.01996	0.43692	0.04429	0.02354	0.03708	0.01684	0.01091	0.01356	0.00940	0.00923	0.03649	0.00228	0.13629	0.00486	0.00339	0.00789
58	0.03010	0.01142	0.01557	0.01194	0.01713	0.00986	0.00986	0.03270	0.01920	0.72698	0.02647	0.02284	0.01661	0.00830	0.00675	0.00208	0.00571	0.00675	0.00830	0.01142
59	0.01267	0.01193	0.02013	0.74806	0.04621	0.01491	0.01863	0.01714	0.01342	0.01714	0.01193	0.01789	0.00894	0.00671	0.00671	0.00224	0.00894	0.00596	0.00298	0.00745
60	0.81159	0.01298	0.00986	0.00882	0.01298	0.01505	0.00727	0.01972	0.01142	0.03010	0.00934	0.01090	0.00727	0.00623	0.00415	0.00208	0.00519	0.00363	0.00415	0.00727
61	0.02412	0.13164	0.02127	0.01640	0.02027	0.60344	0.01275	0.06060	0.01893	0.01767	0.01053	0.01212	0.00878	0.00681	0.00585	0.00170	0.01119	0.00431	0.00355	0.00808
62	0.01346	0.03471	0.72942	0.01912	0.02904	0.01558	0.02479	0.02125	0.01417	0.02125	0.01204	0.01417	0.00850	0.00637	0.00637	0.00212	0.00992	0.00496	0.00283	0.00992
63	0.01267	0.01193	0.02013	0.74806	0.04621	0.01491	0.01863	0.01714	0.01342	0.01714	0.01193	0.01789	0.00894	0.00671	0.00671	0.00224	0.00894	0.00596	0.00298	0.00745
64	0.01267	0.01193	0.02013	0.74806	0.04621	0.01491	0.01863	0.01714	0.01342	0.01714	0.01193	0.01789	0.00894	0.00671	0.00671	0.00224	0.00894	0.00596	0.00298	0.00745
65	0.00959	0.00719	0.01078	0.01078	0.01198	0.00839	0.00839	0.01198	0.01078	0.01558	0.01797	0.02636	0.01677	0.05032	0.73760	0.01078	0.01797	0.00719	0.00359	0.00599
66	0.05740	0.00855	0.00909	0.00807	0.01064	0.00864	0.00633	0.08603	0.01637	0.12266	0.02129	0.02311	0.01603	0.00783	0.00514	0.00170	0.00401	0.00616	0.57342	0.00752
67	0.00898	0.00629	0.00797	0.00884	0.00936	0.00604	0.00594	0.00997	0.01235	0.01638	0.05621	0.40469	0.07621	0.22857	0.03496	0.02803	0.00516	0.06346	0.00549	0.00510
68	0.00866	0.00703	0.00772	0.00776	0.00972	0.00627	0.00573	0.01135	0.04782	0.02007	0.18152	0.15484	0.47455	0.01657	0.00796	0.00230	0.00351	0.01415	0.00647	0.00599
69	0.00868	0.00605	0.00764	0.00870	0.00897	0.00578	0.00555	0.00947	0.01187	0.01583	0.03198	0.53360	0.03806	0.25585	0.01665	0.00392	0.00472	0.01613	0.00555	0.00501
70	0.01845	0.01590	0.01612	0.01410	0.01812	0.05045	0.01106	0.13890	0.57255	0.02975	0.02478	0.02305	0.01852	0.00884	0.00677	0.00221	0.00595	0.00719	0.00665	0.01061
71	0.00831	0.00674	0.00737	0.00736	0.00933	0.00580	0.00546	0.01030	0.01595	0.02005	0.21397	0.11316	0.51967	0.01655	0.00797	0.00226	0.00338	0.01407	0.00649	0.00580
72	0.01814	0.61488	0.11076	0.01290	0.01888	0.09465	0.01311	0.02087	0.01422	0.01646	0.00973	0.01127	0.00860	0.00593	0.00471	0.00154	0.00796	0.00381	0.00292	0.00867
73	0.02160	0.04699	0.02019	0.01678	0.07206	0.01865	0.03579	0.46085	0.10189	0.03510	0.01975	0.06313	0.03850	0.00892	0.00682	0.00208	0.00698	0.00723	0.00616	0.01052
74	0.04689	0.01393	0.02078	0.29224	0.24977	0.01525	0.01646	0.08989	0.06463	0.02319	0.03938	0.01843	0.01252	0.00690	0.00652	0.00204	0.00759	0.00609	0.00402	0.06346

[dist]
# distance from previous block
# <min> <max>
0	3

[block]
# block no. 4 follows, 32 sequences, length 37
# corresponding to MSA columns:
# 234-270
name=unknown_E
#
# <colnr> <probs for GDERKNQSTAVLIFYWHMCP>
#	G	D	E	R	K	N	Q	S	T	A	V	L	I	F	Y	W	H	M	C	P
0	0.06072	0.54260	0.07007	0.01277	0.01836	0.10996	0.01229	0.07209	0.01554	0.01892	0.01012	0.01153	0.00875	0.00612	0.00480	0.00159	0.00783	0.00394	0.00329	0.00873
1	0.05609	0.01708	0.10694	0.05908	0.02263	0.04065	0.13287	0.05940	0.01418	0.02064	0.04916	0.01947	0.03592	0.01211	0.06436	0.00304	0.26802	0.00665	0.00370	0.00801
2	0.01805	0.17925	0.09655	0.04234	0.11707	0.07496	0.01344	0.02240	0.06579	0.13887	0.03817	0.05492	0.03888	0.01048	0.04319	0.00242	0.00780	0.02168	0.00469	0.00905
3	0.02114	0.13799	0.03712	0.01547	0.04293	0.12497	0.06580	0.15820	0.05973	0.13701	0.01676	0.04166	0.01334	0.04456	0.00763	0.00211	0.00776	0.00620	0.00511	0.05451
4	0.06630	0.01472	0.01708	0.01324	0.01828	0.01508	0.01091	0.34423	0.02460	0.33412	0.05663	0.02049	0.01612	0.00836	0.00666	0.00205	0.00634	0.00654	0.00730	0.01094
5	0.01131	0.00829	0.01090	0.01197	0.01358	0.00852	0.01009	0.01571	0.08645	0.02017	0.03318	0.06715	0.03526	0.09531	0.01161	0.00336	0.00612	0.53858	0.00603	0.00642
6	0.05363	0.07021	0.13909	0.07138	0.28672	0.11629	0.06744	0.04478	0.04831	0.02167	0.01268	0.01551	0.01008	0.00640	0.00636	0.00199	0.00884	0.00554	0.00353	0.00955
7	0.00917	0.00735	0.00892	0.05422	0.01253	0.00701	0.00719	0.01208	0.05094	0.01937	0.11521	0.24252	0.33097	0.01684	0.00809	0.00245	0.00422	0.07866	0.00617	0.00609
8	0.00819	0.00615	0.00760	0.00862	0.00958	0.00556	0.00594	0.00963	0.01387	0.01800	0.08789	0.53292	0.22268	0.01951	0.00836	0.00257	0.00372	0.01735	0.00630	0.00556
9	0.02633	0.01632	0.01839	0.01415	0.01934	0.01727	0.01167	0.49134	0.02752	0.23141	0.01918	0.01828	0.01305	0.00812	0.00665	0.00202	0.00677	0.00624	0.03471	0.01123
10	0.01782	0.15908	0.21532	0.09576	0.14020	0.07740	0.07413	0.02233	0.01531	0.10191	0.01330	0.01549	0.01001	0.00644	0.00622	0.00196	0.00881	0.00538	0.00367	0.00947
11	0.02027	0.02399	0.01972	0.01744	0.01930	0.40629	0.01376	0.02188	0.01498	0.01630	0.00965	0.01329	0.00872	0.00914	0.01342	0.00229	0.35373	0.00504	0.00322	0.00758
12	0.01148	0.00587	0.00865	0.00865	0.00876	0.00582	0.00579	0.00878	0.00904	0.01195	0.01424	0.02243	0.04421	0.02302	0.02538	0.76788	0.00572	0.00621	0.00307	0.00304
13	0.01892	0.10923	0.08937	0.02007	0.10704	0.28251	0.08583	0.03887	0.01655	0.01919	0.04750	0.01717	0.03425	0.00761	0.00779	0.00197	0.07828	0.00575	0.00362	0.00847
14	0.00968	0.00647	0.00734	0.00742	0.00744	0.00645	0.00417	0.00974	0.00991	0.01321	0.02192	0.07894	0.02537	0.72782	0.03290	0.00632	0.00638	0.01021	0.00417	0.00413
15	0.00858	0.00716	0.00755	0.00760	0.00978	0.00631	0.00576	0.01121	0.04818	0.01910	0.09714	0.09502	0.58730	0.01671	0.00797	0.00232	0.00364	0.04642	0.00632	0.00595
16	0.01337	0.01243	0.03676	0.01091	0.01410	0.04771	0.00872	0.08052	0.23325	0.02373	0.07348	0.08888	0.30348	0.01298	0.00737	0.00224	0.00504	0.01080	0.00625	0.00799
17	0.38465	0.01785	0.08766	0.01225	0.01645	0.11792	0.01077	0.09731	0.01518	0.02659	0.01247	0.03839	0.01031	0.00946	0.04057	0.00247	0.04230	0.00506	0.04441	0.00792
18	0.51227	0.01430	0.01322	0.01092	0.01551	0.01591	0.00901	0.19779	0.01759	0.11831	0.01319	0.01371	0.00948	0.00696	0.00513	0.00206	0.00582	0.00464	0.00532	0.00885
19	0.00952	0.00641	0.00739	0.00762	0.00768	0.00635	0.00439	0.00970	0.01022	0.01362	0.02350	0.15062	0.02737	0.65341	0.03034	0.00594	0.00612	0.01115	0.00439	0.00427
20	0.05543	0.12978	0.09562	0.03686	0.12714	0.04074	0.04564	0.17613	0.08854	0.02558	0.01566	0.05941	0.01325	0.02759	0.00757	0.00216	0.03245	0.00647	0.00455	0.00945
21	0.01673	0.01687	0.02433	0.15192	0.49442	0.10342	0.01890	0.02048	0.01544	0.02039	0.01328	0.01896	0.01139	0.00678	0.00670	0.00205	0.00855	0.03640	0.00341	0.00956
22	0.01066	0.00748	0.00999	0.01108	0.01273	0.00720	0.00932	0.01332	0.01536	0.04126	0.05906	0.14303	0.14198	0.01812	0.00888	0.00287	0.00542	0.46977	0.00629	0.00619
23	0.00808	0.00680	0.00700	0.00695	0.00915	0.00573	0.00521	0.00991	0.01564	0.01895	0.12920	0.06321	0.65787	0.01669	0.00793	0.00225	0.00338	0.01397	0.00634	0.00573
24	0.05689	0.27319	0.09232	0.01532	0.03877	0.13005	0.03421	0.14556	0.04559	0.06341	0.01287	0.01404	0.01009	0.00692	0.00623	0.00184	0.03429	0.00489	0.00421	0.00932
25	0.01203	0.04724	0.01377	0.01179	0.01298	0.01164	0.00930	0.01388	0.01106	0.04780	0.01647	0.02553	0.01580	0.14209	0.41531	0.00765	0.16850	0.00709	0.00370	0.00637
26	0.00793	0.00680	0.00680	0.00680	0.00906	0.00566	0.00510	0.00963	0.01529	0.01813	0.06797	0.06457	0.71961	0.01699	0.00793	0.00227	0.00340	0.01416	0.00623	0.00566
27	0.01658	0.01584	0.02512	0.11416	0.50839	0.05591	0.05620	0.02044	0.01539	0.04003	0.01492	0.01856	0.03409	0.00657	0.00668	0.00202	0.00816	0.00629	0.02488	0.00977
28	0.01546	0.08025	0.14146	0.04344	0.05765	0.09060	0.22807	0.04630	0.01565	0.02015	0.01954	0.05792	0.08569	0.03216	0.00839	0.00227	0.03512	0.00766	0.00382	0.00839
29	0.01696	0.01582	0.06907	0.12777	0.13454	0.01506	0.14721	0.14550	0.05352	0.06822	0.03550	0.05615	0.06720	0.00842	0.00712	0.00217	0.00787	0.00778	0.00480	0.00930
30	0.01543	0.01388	0.02014	0.24203	0.02656	0.01827	0.01555	0.05316	0.01282	0.05467	0.01107	0.01617	0.00939	0.00982	0.01571	0.00263	0.44552	0.00595	0.00343	0.00780
31	0.01635	0.10185	0.17249	0.18371	0.22679	0.03522	0.04101	0.02170	0.04990	0.06827	0.01364	0.01652	0.01043	0.00653	0.00639	0.00203	0.00843	0.00565	0.00362	0.00949
32	0.05896	0.04078	0.08579	0.04038	0.10276	0.01520	0.20646	0.09876	0.06162	0.08772	0.04981	0.05678	0.01661	0.00824	0.00708	0.00219	0.00800	0.03871	0.00483	0.00930
33	0.01433	0.05238	0.40954	0.02024	0.08204	0.04795	0.10343	0.02082	0.03843	0.02156	0.07288	0.02122	0.01545	0.00760	0.00679	0.00214	0.00902	0.04126	0.00366	0.00925
34	0.01014	0.00889	0.03391	0.00998	0.01140	0.04010	0.00753	0.03240	0.01436	0.01853	0.06814	0.40053	0.13362	0.09032	0.01076	0.00295	0.00499	0.08972	0.00584	0.00591
35	0.01638	0.12895	0.07760	0.09730	0.13497	0.16882	0.03127	0.04195	0.01592	0.01926	0.03712	0.10885	0.04929	0.00933	0.00662	0.00205	0.00816	0.03397	0.00403	0.00817
36	0.13908	0.01488	0.05524	0.39104	0.08748	0.03456	0.03776	0.05542	0.04635	0.02165	0.01237	0.01644	0.00948	0.00696	0.00706	0.00220	0.04460	0.00564	0.00358	0.00820

[dist]
# distance from previous block
# <min> <max>
3	39

[block]
# block no. 5 follows, 32 sequences, length 48
# corresponding to MSA columns:
# 310-357
name=unknown_F
#
# <colnr> <probs for GDERKNQSTAVLIFYWHMCP>
#	G	D	E	R	K	N	Q	S	T	A	V	L	I	F	Y	W	H	M	C	P
0	0.11285	0.14691	0.01915	0.01405	0.04459	0.13749	0.04643	0.09420	0.09155	0.02373	0.04447	0.09243	0.01675	0.00866	0.00600	0.00195	0.00698	0.00688	0.07662	0.00831
1	0.23458	0.06632	0.05342	0.01286	0.01664	0.20220	0.03234	0.10217	0.01593	0.02298	0.01306	0.01882	0.01178	0.15764	0.01118	0.00283	0.00808	0.00553	0.00409	0.00755
2	0.04221	0.01322	0.01168	0.01077	0.01266	0.14245	0.00758	0.08864	0.04784	0.05157	0.02232	0.11137	0.04807	0.33931	0.01873	0.00402	0.00708	0.00911	0.00488	0.00649
3	0.05024	0.01756	0.01917	0.01635	0.04715	0.10775	0.07545	0.17154	0.26807	0.06411	0.01895	0.01897	0.01415	0.00767	0.00654	0.00202	0.00726	0.00633	0.00566	0.07506
4	0.01407	0.01033	0.01406	0.01169	0.01533	0.00910	0.06894	0.05094	0.01528	0.09218	0.02669	0.16154	0.08721	0.07291	0.00925	0.00237	0.00565	0.08021	0.00535	0.24689
5	0.01073	0.03758	0.01035	0.00981	0.01135	0.00814	0.00762	0.04705	0.01502	0.01962	0.10779	0.14807	0.13435	0.17405	0.01375	0.00342	0.00533	0.22425	0.00577	0.00595
6	0.26590	0.01261	0.03945	0.01057	0.01436	0.01263	0.00890	0.14552	0.04121	0.06313	0.12933	0.03174	0.14161	0.01043	0.00643	0.00217	0.00526	0.04494	0.00583	0.00799
7	0.64006	0.01340	0.01152	0.01049	0.03178	0.01530	0.00825	0.08977	0.04154	0.03091	0.04569	0.01406	0.01105	0.00689	0.00477	0.00208	0.00539	0.00451	0.00466	0.00786
8	0.04398	0.04935	0.01773	0.01453	0.01875	0.19974	0.01145	0.16704	0.31448	0.02730	0.01874	0.01841	0.01426	0.00791	0.00634	0.00198	0.00750	0.00599	0.00558	0.04893
9	0.00960	0.00714	0.01052	0.01052	0.01162	0.00824	0.00806	0.01181	0.01071	0.01538	0.01822	0.02770	0.01736	0.10497	0.68375	0.01046	0.01709	0.00739	0.00363	0.00584
10	0.00818	0.00584	0.00779	0.00934	0.00973	0.00545	0.00623	0.00934	0.01285	0.01713	0.03698	0.75981	0.04438	0.02102	0.00856	0.00273	0.00389	0.01908	0.00623	0.00545
11	0.01344	0.01271	0.02152	0.60937	0.17887	0.01511	0.01902	0.01782	0.01378	0.01808	0.01206	0.01764	0.00927	0.00657	0.00670	0.00219	0.00875	0.00597	0.00305	0.00808
12	0.44586	0.01428	0.07866	0.01076	0.01555	0.01323	0.00966	0.04366	0.01492	0.20912	0.07213	0.01765	0.01449	0.00745	0.00542	0.00208	0.00567	0.00533	0.00544	0.00864
13	0.02509	0.03130	0.01907	0.01719	0.02075	0.70058	0.01295	0.06125	0.01966	0.01775	0.01067	0.01231	0.00878	0.00697	0.00608	0.00174	0.01186	0.00441	0.00362	0.00796
14	0.01797	0.01799	0.02535	0.03592	0.57491	0.10762	0.01886	0.04381	0.05184	0.02219	0.01320	0.01645	0.01091	0.00632	0.00658	0.00197	0.00834	0.00585	0.00363	0.01029
15	0.04695	0.01181	0.01531	0.01301	0.01619	0.01231	0.07309	0.20015	0.06437	0.05420	0.11897	0.20186	0.05420	0.01551	0.06744	0.00297	0.00678	0.01059	0.00607	0.00820
16	0.01661	0.01594	0.02724	0.04119	0.72233	0.01594	0.02059	0.02059	0.01528	0.02192	0.01262	0.01661	0.01063	0.00598	0.00664	0.00199	0.00797	0.00598	0.00332	0.01063
17	0.01128	0.00997	0.04486	0.00952	0.01216	0.00890	0.00769	0.07087	0.09699	0.02230	0.11948	0.10156	0.31785	0.06807	0.00948	0.00256	0.00460	0.03742	0.03753	0.00691
18	0.12480	0.01237	0.01427	0.01073	0.01619	0.01080	0.00873	0.06671	0.01628	0.22866	0.01608	0.01625	0.01162	0.00631	0.00549	0.00152	0.00537	0.00487	0.00543	0.41754
19	0.01412	0.01320	0.02169	0.35919	0.26648	0.01467	0.03950	0.01953	0.07152	0.02069	0.07937	0.02105	0.01556	0.00728	0.00685	0.00215	0.00786	0.00674	0.00383	0.00872
20	0.02400	0.02853	0.01925	0.08303	0.02305	0.58310	0.01345	0.10949	0.02007	0.01970	0.01122	0.01312	0.00901	0.00704	0.00619	0.00181	0.01123	0.00468	0.00382	0.00820
21	0.00816	0.00591	0.00771	0.00915	0.00968	0.00547	0.00614	0.00936	0.01303	0.01720	0.03928	0.70824	0.09446	0.02072	0.00852	0.00269	0.00386	0.01871	0.00623	0.00547
22	0.01907	0.01156	0.01366	0.01152	0.01506	0.01175	0.00911	0.17100	0.11958	0.20178	0.19609	0.08973	0.04840	0.01094	0.00714	0.00214	0.00508	0.00922	0.03795	0.00921
23	0.01623	0.18575	0.35044	0.01602	0.02307	0.03588	0.03953	0.12456	0.01673	0.02294	0.01385	0.05267	0.01138	0.00858	0.02767	0.00222	0.00876	0.00574	0.02864	0.00933
24	0.00815	0.00593	0.00769	0.00911	0.00967	0.00547	0.00612	0.00937	0.01307	0.01722	0.03987	0.69499	0.10733	0.02065	0.00851	0.00268	0.00385	0.01862	0.00623	0.00547
25	0.01653	0.01360	0.01461	0.01310	0.01674	0.01546	0.01019	0.03340	0.61948	0.05455	0.09174	0.02729	0.02433	0.00950	0.00693	0.00225	0.00513	0.00798	0.00694	0.01025
26	0.05959	0.15487	0.03767	0.01696	0.04424	0.45550	0.02908	0.04985	0.01740	0.01834	0.01046	0.01246	0.00879	0.00693	0.00668	0.00181	0.05326	0.00447	0.00346	0.00818
27	0.01794	0.76823	0.03516	0.01148	0.01722	0.02655	0.01148	0.02009	0.01363	0.01579	0.00933	0.01076	0.00861	0.00574	0.00431	0.00144	0.00718	0.00359	0.00287	0.00861
28	0.01695	0.14293	0.08470	0.07458	0.26879	0.07231	0.06949	0.05243	0.01570	0.02102	0.01196	0.01492	0.00976	0.00603	0.00608	0.00180	0.00822	0.00526	0.00344	0.11361
29	0.03634	0.00943	0.00981	0.01038	0.01151	0.07108	0.00734	0.05620	0.01433	0.01876	0.03009	0.46639	0.03468	0.12288	0.01175	0.00313	0.00543	0.06887	0.00564	0.00596
30	0.00843	0.00651	0.00773	0.00863	0.00980	0.00597	0.00601	0.01048	0.04122	0.01791	0.04740	0.48857	0.27871	0.01915	0.00827	0.00255	0.00378	0.01691	0.00625	0.00573
31	0.00976	0.00651	0.00732	0.00732	0.00732	0.00651	0.00407	0.00976	0.00976	0.01301	0.02114	0.04391	0.02439	0.76419	0.03415	0.00651	0.00651	0.00976	0.00407	0.00407
32	0.00903	0.00667	0.00833	0.00826	0.00968	0.00609	0.00600	0.01147	0.01693	0.02317	0.46514	0.16707	0.16831	0.05232	0.00931	0.00245	0.00349	0.01348	0.00684	0.00597
33	0.01408	0.01372	0.02151	0.56933	0.18157	0.05061	0.01875	0.01831	0.01407	0.01807	0.01199	0.01735	0.00927	0.00657	0.00666	0.00216	0.00890	0.00589	0.00307	0.00811
34	0.00858	0.00669	0.00789	0.00861	0.01018	0.00600	0.00652	0.01043	0.01473	0.01847	0.07278	0.26726	0.37840	0.01834	0.00836	0.00255	0.00405	0.13817	0.00626	0.00572
35	0.01468	0.01468	0.02055	0.01762	0.01762	0.02055	0.01468	0.01615	0.01028	0.01615	0.00881	0.01468	0.00881	0.01174	0.02202	0.00294	0.75191	0.00587	0.00294	0.00734
36	0.01613	0.01546	0.02638	0.12648	0.64075	0.01582	0.02036	0.02018	0.01505	0.02134	0.01254	0.01676	0.01043	0.00607	0.00665	0.00202	0.00809	0.00598	0.00328	0.01025
37	0.01166	0.00583	0.00874	0.00874	0.00874	0.00583	0.00583	0.00874	0.00874	0.01166	0.01166	0.02040	0.01166	0.02331	0.02622	0.80478	0.00583	0.00583	0.00291	0.00291
38	0.02506	0.03198	0.01901	0.01729	0.02074	0.73725	0.01296	0.02679	0.01901	0.01642	0.01037	0.01210	0.00864	0.00691	0.00605	0.00173	0.01210	0.00432	0.00346	0.00778
39	0.02201	0.01524	0.01671	0.01361	0.01816	0.01658	0.01098	0.32155	0.25510	0.14074	0.02425	0.02285	0.05164	0.00889	0.00676	0.00211	0.00611	0.00709	0.02888	0.01071
40	0.00970	0.00672	0.00843	0.00843	0.00881	0.00711	0.00545	0.01047	0.01009	0.01383	0.02013	0.03828	0.02195	0.53527	0.25973	0.00788	0.01018	0.00893	0.00391	0.00468
41	0.00882	0.00676	0.00820	0.00905	0.01040	0.00626	0.00669	0.01110	0.03655	0.01867	0.07550	0.37227	0.26812	0.01862	0.00838	0.00259	0.00409	0.11584	0.00629	0.00583
42	0.00813	0.00603	0.00758	0.00882	0.00960	0.00549	0.00600	0.00940	0.01335	0.01733	0.04330	0.61808	0.18203	0.02020	0.00844	0.00263	0.00379	0.01807	0.00623	0.00549
43	0.01946	0.28783	0.02575	0.01679	0.07595	0.14637	0.01325	0.11978	0.04873	0.02088	0.01149	0.01367	0.00977	0.00763	0.00875	0.00195	0.15442	0.00490	0.00376	0.00888
44	0.01976	0.01476	0.01836	0.16068	0.02440	0.01637	0.03497	0.30446	0.13605	0.08606	0.04023	0.05933	0.01679	0.00904	0.00698	0.00218	0.00701	0.02678	0.00599	0.00981
45	0.00879	0.00603	0.00771	0.00880	0.00952	0.00564	0.00602	0.01042	0.01375	0.01912	0.11122	0.57328	0.06952	0.01859	0.00804	0.00251	0.00371	0.01670	0.09497	0.00564
46	0.07249	0.03537	0.01227	0.01208	0.04568	0.09256	0.00899	0.01639	0.03633	0.05313	0.05443	0.12134	0.14900	0.01778	0.09526	0.00333	0.00729	0.12264	0.03673	0.00692
47	0.05813	0.01674	0.04699	0.07666	0.16655	0.05525	0.03000	0.22106	0.09019	0.06068	0.04242	0.02055	0.04826	0.00792	0.00662	0.00204	0.00727	0.00655	0.00520	0.03091

[dist]
# distance from previous block
# <min> <max>
0	19

# created by:
# /home/berkeley/.conda/envs/busco_data_prod/bin/msa2prfl.pl pipeline/OGs_align_augustus/4893/1218.fs
