[name]
unknown

[dist]
# distance from previous block
# <min> <max>
14	45

[block]
# block no. 0 follows, 33 sequences, length 20
# corresponding to MSA columns:
# 65-84
name=unknown_A
#
# <colnr> <probs for GDERKNQSTAVLIFYWHMCP>
#	G	D	E	R	K	N	Q	S	T	A	V	L	I	F	Y	W	H	M	C	P
0	0.04685	0.01633	0.01855	0.05278	0.15097	0.14161	0.04715	0.08162	0.03437	0.10680	0.04407	0.03484	0.04234	0.00745	0.00627	0.00182	0.00731	0.00621	0.00470	0.14796
1	0.05244	0.01546	0.05213	0.01524	0.02005	0.04609	0.12888	0.12757	0.14883	0.13450	0.07240	0.02121	0.01707	0.00982	0.04386	0.00243	0.00752	0.00676	0.00555	0.07218
2	0.61367	0.01434	0.01178	0.01018	0.01439	0.05210	0.00830	0.10174	0.04528	0.05989	0.01149	0.01246	0.00864	0.00657	0.00469	0.00202	0.00572	0.00418	0.00462	0.00795
3	0.02459	0.03138	0.01866	0.01696	0.02035	0.74221	0.01272	0.02629	0.01866	0.01611	0.01018	0.01187	0.00848	0.00678	0.00594	0.00170	0.01187	0.00424	0.00339	0.00763
4	0.01386	0.01374	0.01774	0.01564	0.01614	0.06476	0.01279	0.01554	0.01077	0.01572	0.01093	0.01702	0.01053	0.02040	0.19556	0.00467	0.52825	0.00597	0.00307	0.00691
5	0.01112	0.00864	0.01356	0.01376	0.01581	0.00853	0.08311	0.01442	0.01520	0.01985	0.03260	0.06835	0.03497	0.01686	0.00895	0.00295	0.00659	0.61259	0.00578	0.00636
6	0.07037	0.01128	0.01499	0.01155	0.01659	0.00994	0.00954	0.03142	0.01845	0.69561	0.02510	0.02180	0.01582	0.00804	0.00649	0.00204	0.00558	0.00646	0.00794	0.01099
7	0.01243	0.01170	0.01975	0.75282	0.04534	0.01463	0.01828	0.01682	0.01316	0.01682	0.01170	0.01755	0.00878	0.00658	0.00658	0.00219	0.00878	0.00585	0.00293	0.00731
8	0.01457	0.01260	0.01505	0.11509	0.05491	0.01440	0.01131	0.02785	0.47502	0.02448	0.05334	0.11028	0.02250	0.01000	0.00692	0.00226	0.00558	0.00864	0.00597	0.00924
9	0.18745	0.08625	0.01770	0.20609	0.02372	0.06313	0.04060	0.07653	0.08199	0.02398	0.11411	0.02007	0.01729	0.00767	0.00600	0.00202	0.00685	0.00613	0.00449	0.00793
10	0.01672	0.01544	0.02482	0.10643	0.56128	0.01601	0.01883	0.08309	0.05089	0.02317	0.01334	0.01678	0.01081	0.00627	0.00654	0.00199	0.00773	0.00595	0.00370	0.01019
11	0.01243	0.01170	0.01975	0.75282	0.04534	0.01463	0.01828	0.01682	0.01316	0.01682	0.01170	0.01755	0.00878	0.00658	0.00658	0.00219	0.00878	0.00585	0.00293	0.00731
12	0.01144	0.00572	0.00858	0.00858	0.00858	0.00572	0.00572	0.00858	0.00858	0.01144	0.01144	0.02001	0.01144	0.02287	0.02573	0.80846	0.00572	0.00572	0.00286	0.00286
13	0.08795	0.04643	0.01599	0.01247	0.01642	0.04455	0.01009	0.32912	0.10445	0.03274	0.20339	0.02483	0.02513	0.00920	0.00657	0.00200	0.00590	0.00731	0.00627	0.00918
14	0.19342	0.05027	0.10889	0.03469	0.07933	0.07188	0.04823	0.16938	0.05199	0.02649	0.01499	0.01659	0.04186	0.00748	0.00695	0.00206	0.05672	0.00555	0.00436	0.00890
15	0.06575	0.01574	0.01597	0.04524	0.03754	0.10654	0.01105	0.19713	0.12426	0.05102	0.02155	0.08511	0.07269	0.00971	0.00790	0.00211	0.07383	0.00747	0.00533	0.04404
16	0.18920	0.08534	0.07425	0.01519	0.07871	0.05060	0.01214	0.24927	0.05120	0.02964	0.05983	0.01645	0.01336	0.00725	0.00579	0.00191	0.00676	0.00542	0.00492	0.04277
17	0.10484	0.04846	0.01954	0.05478	0.07668	0.04023	0.10315	0.12594	0.06020	0.05336	0.04984	0.04905	0.04576	0.00793	0.00668	0.00194	0.02628	0.00672	0.00475	0.11386
18	0.03281	0.14186	0.12554	0.06170	0.08592	0.10800	0.04108	0.05087	0.06526	0.05378	0.08116	0.01820	0.01522	0.00708	0.00602	0.00182	0.00758	0.00570	0.00418	0.08623
19	0.01412	0.01352	0.05053	0.08713	0.16475	0.03115	0.07079	0.07109	0.05069	0.02151	0.02021	0.17760	0.03614	0.01015	0.00783	0.00216	0.05599	0.00890	0.06587	0.03988

[dist]
# distance from previous block
# <min> <max>
3	25

[block]
# block no. 1 follows, 33 sequences, length 11
# corresponding to MSA columns:
# 110-120
name=unknown_B
#
# <colnr> <probs for GDERKNQSTAVLIFYWHMCP>
#	G	D	E	R	K	N	Q	S	T	A	V	L	I	F	Y	W	H	M	C	P
0	0.04722	0.05982	0.01925	0.06577	0.08413	0.23382	0.04639	0.09477	0.10421	0.05244	0.01534	0.03727	0.01278	0.05829	0.00803	0.00220	0.00833	0.00601	0.00442	0.03952
1	0.19566	0.04424	0.03786	0.02592	0.03804	0.05858	0.00914	0.03634	0.05246	0.06173	0.11372	0.09844	0.05257	0.03678	0.00736	0.00213	0.02106	0.00763	0.00499	0.09537
2	0.07517	0.01488	0.03590	0.01413	0.05083	0.09239	0.01086	0.19837	0.05313	0.10641	0.02156	0.16322	0.01995	0.01301	0.04656	0.00265	0.00723	0.05946	0.00568	0.00862
3	0.06450	0.01113	0.01421	0.06266	0.05490	0.01178	0.03005	0.08761	0.11304	0.10642	0.08682	0.16292	0.10652	0.01170	0.00778	0.00225	0.04184	0.00989	0.00584	0.00812
4	0.01896	0.63467	0.03180	0.01197	0.01754	0.02502	0.01149	0.14516	0.01659	0.02024	0.01037	0.01152	0.00895	0.00605	0.00466	0.00151	0.00708	0.00396	0.00351	0.00895
5	0.41263	0.15308	0.01661	0.01074	0.01533	0.06288	0.00914	0.07661	0.01504	0.15532	0.01282	0.01329	0.00945	0.00658	0.00488	0.00190	0.00615	0.00434	0.00474	0.00847
6	0.00890	0.00654	0.00834	0.00826	0.00967	0.00598	0.00605	0.01148	0.01711	0.02365	0.52235	0.18162	0.13529	0.01514	0.00788	0.00220	0.00326	0.01338	0.00691	0.00598
7	0.01418	0.01800	0.15082	0.01755	0.01933	0.01927	0.01622	0.01676	0.01078	0.01676	0.00922	0.01431	0.00859	0.01056	0.01880	0.00274	0.61999	0.00560	0.00286	0.00766
8	0.08269	0.09917	0.28174	0.01573	0.05187	0.01455	0.05819	0.02000	0.06355	0.02184	0.05163	0.03897	0.01350	0.00688	0.00589	0.00184	0.00731	0.00564	0.00377	0.15524
9	0.04587	0.09972	0.04170	0.01145	0.01703	0.06913	0.00974	0.08512	0.01608	0.09075	0.01297	0.01412	0.01013	0.00580	0.00523	0.00135	0.00613	0.00436	0.00437	0.44896
10	0.04632	0.01076	0.01115	0.00987	0.01244	0.05834	0.00764	0.13993	0.01999	0.02719	0.40935	0.04131	0.15562	0.01222	0.00728	0.00205	0.00457	0.01028	0.00655	0.00715

[dist]
# distance from previous block
# <min> <max>
0	3

[block]
# block no. 2 follows, 33 sequences, length 65
# corresponding to MSA columns:
# 124-188
name=unknown_C
#
# <colnr> <probs for GDERKNQSTAVLIFYWHMCP>
#	G	D	E	R	K	N	Q	S	T	A	V	L	I	F	Y	W	H	M	C	P
0	0.06762	0.13165	0.26985	0.04769	0.08459	0.01509	0.05170	0.01929	0.04463	0.04179	0.01575	0.09802	0.01424	0.06088	0.00809	0.00235	0.00768	0.00686	0.00373	0.00848
1	0.01839	0.40355	0.16009	0.01376	0.01978	0.05902	0.01392	0.16650	0.01739	0.02207	0.01148	0.01301	0.00935	0.00812	0.03599	0.00205	0.00828	0.00447	0.00367	0.00912
2	0.08128	0.01074	0.01184	0.01129	0.01276	0.08283	0.00865	0.01468	0.03383	0.01672	0.01607	0.02431	0.01525	0.12760	0.43048	0.00750	0.07766	0.00669	0.00366	0.00618
3	0.00880	0.00730	0.00780	0.00778	0.00993	0.00663	0.00589	0.01210	0.07601	0.01945	0.12114	0.10230	0.53150	0.01601	0.00778	0.00227	0.00362	0.04136	0.00627	0.00605
4	0.02336	0.01670	0.01832	0.01432	0.01904	0.01837	0.01172	0.58995	0.02789	0.07078	0.01661	0.01792	0.01233	0.03765	0.07117	0.00287	0.00804	0.00618	0.00631	0.01049
5	0.01365	0.01170	0.01365	0.00975	0.01560	0.00878	0.00780	0.01658	0.01365	0.02145	0.01170	0.01365	0.00975	0.00488	0.00488	0.00098	0.00488	0.00390	0.00390	0.80888
6	0.81514	0.01273	0.00968	0.00866	0.01273	0.01477	0.00713	0.01935	0.01120	0.02954	0.00917	0.01069	0.00713	0.00611	0.00407	0.00204	0.00509	0.00356	0.00407	0.00713
7	0.01554	0.01776	0.03885	0.02775	0.03441	0.01665	0.70366	0.02109	0.01554	0.02109	0.01332	0.01776	0.00999	0.00555	0.00777	0.00222	0.01110	0.00777	0.00333	0.00888
8	0.00802	0.00573	0.00764	0.00917	0.00955	0.00535	0.00611	0.00917	0.01260	0.01681	0.03628	0.76434	0.04354	0.02062	0.00840	0.00267	0.00382	0.01872	0.00611	0.00535
9	0.00940	0.00705	0.01058	0.01058	0.01176	0.00823	0.00823	0.01176	0.01058	0.01528	0.01763	0.02586	0.01646	0.04937	0.74255	0.01058	0.01763	0.00705	0.00353	0.00588
10	0.02500	0.01765	0.01917	0.01479	0.01997	0.01935	0.01219	0.61992	0.06135	0.09720	0.01714	0.01675	0.01202	0.00797	0.00659	0.00199	0.00702	0.00605	0.00672	0.01116
11	0.01712	0.01451	0.01531	0.01355	0.01740	0.01672	0.01060	0.09299	0.65645	0.02875	0.02584	0.02380	0.01933	0.00884	0.00669	0.00221	0.00539	0.00731	0.00669	0.01049
12	0.01572	0.26234	0.41784	0.01658	0.02448	0.01916	0.05476	0.07974	0.01530	0.02097	0.01141	0.01322	0.00871	0.00617	0.00573	0.00187	0.00875	0.00469	0.00315	0.00941
13	0.02404	0.01786	0.01923	0.01468	0.02000	0.01941	0.01211	0.64602	0.02946	0.03976	0.01545	0.01562	0.01107	0.00764	0.00644	0.00189	0.00704	0.00575	0.00635	0.08019
14	0.81514	0.01273	0.00968	0.00866	0.01273	0.01477	0.00713	0.01935	0.01120	0.02954	0.00917	0.01069	0.00713	0.00611	0.00407	0.00204	0.00509	0.00356	0.00407	0.00713
15	0.01583	0.01550	0.02095	0.40501	0.21146	0.10757	0.01724	0.06695	0.01559	0.01987	0.01227	0.01660	0.00957	0.00655	0.00642	0.00203	0.00865	0.00566	0.02790	0.00838
16	0.00832	0.00595	0.00799	0.00951	0.01003	0.00561	0.00664	0.00969	0.01290	0.01715	0.03612	0.68335	0.04288	0.02034	0.00848	0.00272	0.00408	0.09671	0.00611	0.00543
17	0.00957	0.00638	0.00718	0.00718	0.00718	0.00638	0.00399	0.00957	0.00957	0.01276	0.02074	0.04308	0.02393	0.76864	0.03351	0.00638	0.00638	0.00957	0.00399	0.00399
18	0.01440	0.01440	0.02016	0.01728	0.01728	0.02016	0.01440	0.01584	0.01008	0.01584	0.00864	0.01440	0.00864	0.01152	0.02160	0.00288	0.75659	0.00576	0.00288	0.00720
19	0.02954	0.01120	0.01528	0.01171	0.01681	0.00968	0.00968	0.03208	0.01884	0.73213	0.02597	0.02241	0.01630	0.00815	0.00662	0.00204	0.00560	0.00662	0.00815	0.01120
20	0.81514	0.01273	0.00968	0.00866	0.01273	0.01477	0.00713	0.01935	0.01120	0.02954	0.00917	0.01069	0.00713	0.00611	0.00407	0.00204	0.00509	0.00356	0.00407	0.00713
21	0.01498	0.01439	0.02477	0.27794	0.47834	0.01533	0.04066	0.01910	0.01440	0.01993	0.01218	0.01676	0.00986	0.00610	0.00658	0.00204	0.00824	0.00592	0.00315	0.00934
22	0.00778	0.00667	0.00667	0.00667	0.00889	0.00556	0.00500	0.00945	0.01501	0.01778	0.06669	0.06336	0.72490	0.01667	0.00778	0.00222	0.00333	0.01389	0.00611	0.00556
23	0.00814	0.00588	0.00773	0.00917	0.00972	0.00548	0.00628	0.00942	0.01289	0.01702	0.03809	0.68487	0.08540	0.02025	0.00840	0.00266	0.00391	0.05318	0.00611	0.00540
24	0.00818	0.00668	0.00722	0.00709	0.00914	0.00573	0.00532	0.01022	0.01595	0.02002	0.23716	0.05968	0.55303	0.01584	0.00778	0.00218	0.00328	0.01338	0.00641	0.00573
25	0.01160	0.00724	0.00948	0.00862	0.01061	0.00659	0.00657	0.01460	0.01853	0.10776	0.62066	0.04657	0.07967	0.01295	0.00763	0.00207	0.00340	0.01136	0.00731	0.00677
26	0.00802	0.00573	0.00764	0.00917	0.00955	0.00535	0.00611	0.00917	0.01260	0.01681	0.03628	0.76434	0.04354	0.02062	0.00840	0.00267	0.00382	0.01872	0.00611	0.00535
27	0.00943	0.00680	0.00896	0.00861	0.01016	0.00633	0.00659	0.01253	0.01833	0.02582	0.66448	0.05135	0.06002	0.01387	0.00788	0.00215	0.00336	0.06997	0.00714	0.00620
28	0.81514	0.01273	0.00968	0.00866	0.01273	0.01477	0.00713	0.01935	0.01120	0.02954	0.00917	0.01069	0.00713	0.00611	0.00407	0.00204	0.00509	0.00356	0.00407	0.00713
29	0.00802	0.00573	0.00764	0.00917	0.00955	0.00535	0.00611	0.00917	0.01260	0.01681	0.03628	0.76434	0.04354	0.02062	0.00840	0.00267	0.00382	0.01872	0.00611	0.00535
30	0.01365	0.01170	0.01365	0.00975	0.01560	0.00878	0.00780	0.01658	0.01365	0.02145	0.01170	0.01365	0.00975	0.00488	0.00488	0.00098	0.00488	0.00390	0.00390	0.80888
31	0.09749	0.01134	0.01479	0.01145	0.01645	0.01012	0.00946	0.03098	0.01818	0.67136	0.02452	0.02139	0.01550	0.00797	0.00640	0.00204	0.00556	0.00636	0.00780	0.01085
32	0.01758	0.01474	0.01556	0.01364	0.01758	0.01694	0.01071	0.12807	0.62064	0.02948	0.02527	0.02335	0.01886	0.00879	0.00668	0.00220	0.00549	0.00723	0.00668	0.01053
33	0.02526	0.01806	0.01952	0.01497	0.02023	0.01985	0.01236	0.67019	0.03032	0.07782	0.01634	0.01615	0.01146	0.00792	0.00659	0.00198	0.00716	0.00596	0.00667	0.01120
34	0.01629	0.01564	0.02672	0.04041	0.72757	0.01564	0.02020	0.02020	0.01499	0.02151	0.01238	0.01629	0.01043	0.00587	0.00652	0.00196	0.00782	0.00587	0.00326	0.01043
35	0.01637	0.01414	0.01489	0.01340	0.01712	0.01637	0.01042	0.03498	0.71568	0.02754	0.02679	0.02456	0.02010	0.00893	0.00670	0.00223	0.00521	0.00744	0.00670	0.01042
36	0.00903	0.00599	0.00800	0.00929	0.00989	0.00555	0.00628	0.01025	0.01290	0.05051	0.03580	0.72938	0.04226	0.02004	0.00832	0.00264	0.00390	0.01815	0.00621	0.00562
37	0.00819	0.00586	0.00779	0.00905	0.00959	0.00546	0.00612	0.00959	0.01339	0.01805	0.12560	0.67148	0.04595	0.01969	0.00832	0.00260	0.00373	0.01783	0.00626	0.00546
38	0.02521	0.01814	0.01957	0.01500	0.02026	0.01997	0.01239	0.67753	0.03045	0.07030	0.01623	0.01608	0.01141	0.00791	0.00659	0.00198	0.00718	0.00596	0.00665	0.01120
39	0.00932	0.00673	0.00880	0.00828	0.00984	0.00621	0.00621	0.01242	0.01863	0.02640	0.72410	0.04918	0.06212	0.01346	0.00776	0.00207	0.00311	0.01191	0.00725	0.00621
40	0.02939	0.01144	0.01542	0.01182	0.01692	0.01002	0.00977	0.05393	0.01924	0.70973	0.02564	0.02219	0.01613	0.00814	0.00662	0.00204	0.00566	0.00660	0.00810	0.01120
41	0.00778	0.00667	0.00667	0.00667	0.00889	0.00556	0.00500	0.00945	0.01501	0.01778	0.06669	0.06336	0.72490	0.01667	0.00778	0.00222	0.00333	0.01389	0.00611	0.00556
42	0.01722	0.01456	0.01536	0.01357	0.01744	0.01677	0.01063	0.10081	0.64847	0.02891	0.02572	0.02370	0.01922	0.00883	0.00669	0.00221	0.00541	0.00729	0.00669	0.01050
43	0.01243	0.01170	0.01975	0.75282	0.04534	0.01463	0.01828	0.01682	0.01316	0.01682	0.01170	0.01755	0.00878	0.00658	0.00658	0.00219	0.00878	0.00585	0.00293	0.00731
44	0.00942	0.00700	0.01029	0.01029	0.01136	0.00807	0.00786	0.01157	0.01049	0.01506	0.01790	0.02735	0.01710	0.11159	0.68122	0.01022	0.01666	0.00727	0.00357	0.00571
45	0.01683	0.01437	0.01514	0.01349	0.01729	0.01659	0.01053	0.07006	0.67986	0.02827	0.02622	0.02410	0.01963	0.00888	0.00669	0.00222	0.00532	0.00736	0.00669	0.01046
46	0.01352	0.01281	0.02170	0.55272	0.23696	0.01491	0.01882	0.01777	0.01368	0.01814	0.01189	0.01720	0.00924	0.00638	0.00656	0.00213	0.00851	0.00585	0.00302	0.00819
47	0.01144	0.00572	0.00858	0.00858	0.00858	0.00572	0.00572	0.00858	0.00858	0.01144	0.01144	0.02001	0.01144	0.02287	0.02573	0.80846	0.00572	0.00572	0.00286	0.00286
48	0.00802	0.00573	0.00764	0.00917	0.00955	0.00535	0.00611	0.00917	0.01260	0.01681	0.03628	0.76434	0.04354	0.02062	0.00840	0.00267	0.00382	0.01872	0.00611	0.00535
49	0.81514	0.01273	0.00968	0.00866	0.01273	0.01477	0.00713	0.01935	0.01120	0.02954	0.00917	0.01069	0.00713	0.00611	0.00407	0.00204	0.00509	0.00356	0.00407	0.00713
50	0.00932	0.00673	0.00880	0.00828	0.00984	0.00621	0.00621	0.01242	0.01863	0.02640	0.72410	0.04918	0.06212	0.01346	0.00776	0.00207	0.00311	0.01191	0.00725	0.00621
51	0.01218	0.01132	0.01894	0.66401	0.06569	0.01386	0.01730	0.01627	0.01318	0.01698	0.01385	0.08210	0.01184	0.00777	0.00674	0.00223	0.00831	0.00696	0.00321	0.00725
52	0.01699	0.01400	0.01490	0.01332	0.01710	0.01606	0.01039	0.03485	0.68284	0.06074	0.02676	0.02446	0.01992	0.00889	0.00669	0.00222	0.00523	0.00740	0.00677	0.01046
53	0.01659	0.01967	0.16039	0.07698	0.36477	0.03949	0.07814	0.10258	0.01659	0.02302	0.01263	0.01594	0.00994	0.00665	0.00704	0.02192	0.00854	0.00579	0.00355	0.00977
54	0.02425	0.01786	0.01920	0.01487	0.01992	0.01972	0.01222	0.67369	0.03011	0.04036	0.01674	0.05012	0.01268	0.00849	0.00667	0.00201	0.00709	0.00651	0.00656	0.01093
55	0.00957	0.00640	0.00729	0.00729	0.00732	0.00644	0.00412	0.00964	0.00961	0.01284	0.02065	0.04254	0.02370	0.74611	0.05572	0.00651	0.00673	0.00949	0.00397	0.00405
56	0.01440	0.01440	0.02016	0.01728	0.01728	0.02016	0.01440	0.01584	0.01008	0.01584	0.00864	0.01440	0.00864	0.01152	0.02160	0.00288	0.75659	0.00576	0.00288	0.00720
57	0.01007	0.00679	0.00835	0.00805	0.00946	0.00625	0.00572	0.01208	0.01560	0.05818	0.37168	0.11194	0.15559	0.17570	0.01326	0.00307	0.00404	0.01205	0.00632	0.00582
58	0.02503	0.01844	0.01976	0.01515	0.02042	0.02042	0.01251	0.70562	0.03095	0.04149	0.01581	0.01581	0.01120	0.00790	0.00659	0.00198	0.00724	0.00593	0.00659	0.01120
59	0.01407	0.02880	0.53071	0.02463	0.20963	0.01542	0.04337	0.02069	0.01423	0.02103	0.01201	0.01463	0.00893	0.00613	0.00637	0.00206	0.00928	0.00521	0.00292	0.00988
60	0.00940	0.00705	0.01058	0.01058	0.01176	0.00823	0.00823	0.01176	0.01058	0.01528	0.01763	0.02586	0.01646	0.04937	0.74255	0.01058	0.01763	0.00705	0.00353	0.00588
61	0.01277	0.01196	0.01945	0.50666	0.17242	0.01384	0.01689	0.01719	0.03524	0.01817	0.01860	0.02277	0.09155	0.00767	0.00671	0.00215	0.00786	0.00682	0.00347	0.00781
62	0.01470	0.01733	0.14052	0.37612	0.23219	0.04521	0.01932	0.01932	0.01421	0.04166	0.01230	0.01651	0.00940	0.00638	0.00648	0.00208	0.00869	0.00565	0.00318	0.00873
63	0.01760	0.17079	0.12725	0.06432	0.18658	0.05038	0.04495	0.07551	0.05418	0.07906	0.01507	0.03618	0.01235	0.00725	0.00621	0.00196	0.00779	0.02908	0.00410	0.00940
64	0.01694	0.04948	0.05719	0.05720	0.14797	0.06076	0.06634	0.06053	0.06132	0.11183	0.04177	0.02822	0.01796	0.01253	0.07060	0.00290	0.00838	0.11448	0.00484	0.00876

[dist]
# distance from previous block
# <min> <max>
4	19

[block]
# block no. 3 follows, 33 sequences, length 28
# corresponding to MSA columns:
# 208-235
name=unknown_D
#
# <colnr> <probs for GDERKNQSTAVLIFYWHMCP>
#	G	D	E	R	K	N	Q	S	T	A	V	L	I	F	Y	W	H	M	C	P
0	0.02393	0.09934	0.01605	0.01084	0.01533	0.01084	0.00906	0.02643	0.01787	0.50508	0.11200	0.02757	0.07809	0.00919	0.00657	0.00198	0.00528	0.00749	0.00725	0.00982
1	0.01378	0.01335	0.09141	0.06650	0.16861	0.01125	0.01271	0.07838	0.01703	0.05007	0.22573	0.11007	0.02931	0.01005	0.00695	0.00203	0.00587	0.00886	0.00522	0.07283
2	0.01500	0.01233	0.01413	0.01035	0.01578	0.01026	0.00824	0.11225	0.01583	0.02374	0.01280	0.01566	0.01078	0.04971	0.00678	0.00143	0.00529	0.00451	0.00428	0.65084
3	0.03728	0.01398	0.03996	0.04386	0.10635	0.01385	0.15728	0.11399	0.12042	0.05393	0.07868	0.08335	0.02022	0.00901	0.00698	0.00215	0.00691	0.03070	0.05223	0.00886
4	0.01949	0.01675	0.01657	0.01418	0.01831	0.07606	0.01120	0.22419	0.46556	0.03057	0.02234	0.02106	0.01664	0.00847	0.00661	0.00212	0.00632	0.00676	0.00640	0.01041
5	0.01716	0.01728	0.09315	0.04549	0.25631	0.03631	0.15662	0.08746	0.01702	0.07575	0.05876	0.01854	0.01376	0.00666	0.00670	0.00196	0.00807	0.00640	0.00421	0.07240
6	0.01426	0.05474	0.54846	0.01900	0.04661	0.01540	0.07675	0.02179	0.05560	0.04507	0.03267	0.01604	0.01096	0.00658	0.00639	0.00208	0.00911	0.00548	0.00337	0.00963
7	0.75082	0.07402	0.01168	0.00887	0.01307	0.01568	0.00746	0.01938	0.01138	0.02840	0.00917	0.01068	0.00724	0.00607	0.00409	0.00199	0.00525	0.00356	0.00397	0.00724
8	0.03574	0.01114	0.01690	0.12046	0.13293	0.01136	0.06756	0.06824	0.01651	0.08164	0.12391	0.09161	0.07218	0.01079	0.00724	0.00223	0.00629	0.08887	0.02648	0.00793
9	0.01663	0.13135	0.28759	0.05487	0.13541	0.03577	0.05703	0.04825	0.04191	0.08559	0.01520	0.01686	0.03142	0.00674	0.00620	0.00197	0.00830	0.00559	0.00380	0.00953
10	0.01091	0.00803	0.01014	0.01100	0.06428	0.00832	0.00673	0.04024	0.04790	0.01681	0.06463	0.08938	0.02504	0.44948	0.11441	0.00564	0.00749	0.00952	0.00447	0.00558
11	0.01372	0.01434	0.06284	0.40565	0.24524	0.03625	0.01795	0.01796	0.01442	0.01932	0.07672	0.01967	0.01409	0.00698	0.00663	0.00209	0.00812	0.00630	0.00342	0.00830
12	0.05216	0.04238	0.10916	0.26131	0.23273	0.06713	0.05573	0.02055	0.05886	0.02007	0.01265	0.01626	0.00988	0.00639	0.00636	0.00205	0.00851	0.00565	0.00335	0.00884
13	0.01548	0.06239	0.13700	0.06162	0.22862	0.06172	0.11349	0.03946	0.07423	0.02101	0.01824	0.02147	0.06882	0.00757	0.00698	0.00207	0.02337	0.02354	0.00383	0.00910
14	0.00909	0.00658	0.00758	0.00785	0.00954	0.00582	0.00578	0.01097	0.01491	0.04144	0.13876	0.24045	0.37301	0.01654	0.00777	0.00230	0.00359	0.03891	0.05330	0.00582
15	0.00904	0.00728	0.00976	0.09888	0.01421	0.00709	0.02562	0.01096	0.01377	0.01770	0.10143	0.26914	0.25302	0.10084	0.01076	0.00284	0.00475	0.03171	0.00551	0.00569
16	0.08309	0.21994	0.10178	0.11118	0.06354	0.05923	0.01400	0.07814	0.03445	0.07879	0.01351	0.01701	0.01095	0.00731	0.00667	0.00196	0.05160	0.03412	0.00399	0.00874
17	0.01666	0.06179	0.08155	0.04598	0.22463	0.03853	0.12846	0.10848	0.08107	0.03874	0.01764	0.07773	0.03307	0.00794	0.00676	0.00207	0.00782	0.00732	0.00435	0.00939
18	0.01083	0.00759	0.00939	0.00909	0.01113	0.00714	0.00715	0.01455	0.06154	0.06490	0.37468	0.05345	0.20208	0.01438	0.00786	0.00227	0.00393	0.12462	0.00681	0.00660
19	0.01147	0.00905	0.01204	0.01104	0.01279	0.00962	0.05126	0.04317	0.09111	0.02039	0.10811	0.16106	0.08154	0.12247	0.08385	0.00369	0.05946	0.03152	0.06982	0.00656
20	0.04673	0.22460	0.11027	0.06842	0.07028	0.25190	0.04649	0.04116	0.01599	0.05087	0.01134	0.01328	0.00906	0.00635	0.00567	0.00178	0.00916	0.00464	0.00345	0.00857
21	0.01796	0.65656	0.09740	0.01198	0.01795	0.02402	0.01236	0.02060	0.01377	0.06152	0.01047	0.01162	0.00894	0.00585	0.00456	0.00151	0.00720	0.00384	0.00315	0.00874
22	0.01007	0.00741	0.00986	0.01109	0.01274	0.00720	0.00955	0.01285	0.01513	0.01934	0.04087	0.07220	0.16770	0.01790	0.00884	0.00288	0.00555	0.55678	0.00607	0.00597
23	0.01161	0.00865	0.01176	0.03170	0.08815	0.00869	0.00896	0.01510	0.06934	0.06526	0.13767	0.27300	0.12284	0.01595	0.03327	0.00266	0.03024	0.05227	0.00588	0.00698
24	0.01876	0.01997	0.09945	0.06650	0.20494	0.17532	0.02808	0.11851	0.01796	0.06727	0.03439	0.04197	0.01397	0.03040	0.00739	0.00214	0.00847	0.03115	0.00432	0.00905
25	0.00949	0.00642	0.00730	0.00730	0.00744	0.00642	0.00420	0.00966	0.00983	0.01307	0.02247	0.04319	0.05196	0.70872	0.06157	0.00639	0.00672	0.00964	0.00406	0.00413
26	0.00956	0.00643	0.00740	0.00740	0.00747	0.00650	0.00426	0.00971	0.00964	0.01292	0.02055	0.04199	0.02346	0.72293	0.07857	0.00665	0.00710	0.00941	0.00396	0.00411
27	0.01664	0.09433	0.09785	0.04276	0.05173	0.16436	0.15176	0.03627	0.11808	0.02033	0.01850	0.05230	0.04061	0.00841	0.00674	0.00208	0.00861	0.05597	0.00419	0.00848

[dist]
# distance from previous block
# <min> <max>
0	2

[block]
# block no. 4 follows, 33 sequences, length 25
# corresponding to MSA columns:
# 238-262
name=unknown_E
#
# <colnr> <probs for GDERKNQSTAVLIFYWHMCP>
#	G	D	E	R	K	N	Q	S	T	A	V	L	I	F	Y	W	H	M	C	P
0	0.01689	0.01577	0.02526	0.11351	0.44396	0.03487	0.08925	0.10323	0.01683	0.02336	0.01315	0.01676	0.01052	0.00626	0.00657	0.00199	0.00810	0.00604	0.03793	0.00976
1	0.81514	0.01273	0.00968	0.00866	0.01273	0.01477	0.00713	0.01935	0.01120	0.02954	0.00917	0.01069	0.00713	0.00611	0.00407	0.00204	0.00509	0.00356	0.00407	0.00713
2	0.01554	0.01776	0.03885	0.02775	0.03441	0.01665	0.70366	0.02109	0.01554	0.02109	0.01332	0.01776	0.00999	0.00555	0.00777	0.00222	0.01110	0.00777	0.00333	0.00888
3	0.00797	0.00593	0.00743	0.00863	0.00941	0.00539	0.00587	0.00923	0.01312	0.01702	0.04281	0.61400	0.18968	0.01978	0.00827	0.00258	0.00372	0.01768	0.00611	0.00539
4	0.06713	0.01128	0.01501	0.01157	0.01661	0.00992	0.00955	0.03147	0.01848	0.69851	0.02517	0.02185	0.01586	0.00805	0.00650	0.00204	0.00558	0.00647	0.00795	0.01101
5	0.00897	0.00713	0.00810	0.00779	0.00979	0.00648	0.00586	0.01226	0.05706	0.02224	0.36110	0.05472	0.38511	0.01478	0.00771	0.00215	0.00334	0.01262	0.00666	0.00613
6	0.00940	0.00705	0.01058	0.01058	0.01176	0.00823	0.00823	0.01176	0.01058	0.01528	0.01763	0.02586	0.01646	0.04937	0.74255	0.01058	0.01763	0.00705	0.00353	0.00588
7	0.01760	0.77260	0.03450	0.01126	0.01690	0.02605	0.01126	0.01971	0.01338	0.01549	0.00915	0.01056	0.00845	0.00563	0.00422	0.00141	0.00704	0.00352	0.00282	0.00845
8	0.09114	0.01157	0.01476	0.01147	0.01636	0.01058	0.00946	0.07001	0.01876	0.60991	0.02387	0.02117	0.01529	0.00795	0.00634	0.00202	0.00557	0.00632	0.03677	0.01069
9	0.00895	0.00642	0.00839	0.00966	0.01034	0.00617	0.00674	0.03930	0.01359	0.01809	0.03530	0.67744	0.04171	0.01989	0.00838	0.00267	0.00414	0.07103	0.00613	0.00565
10	0.02461	0.03087	0.01870	0.01689	0.02035	0.71383	0.01271	0.05300	0.01914	0.01711	0.01040	0.01203	0.00859	0.00683	0.00596	0.00171	0.01169	0.00431	0.00352	0.00777
11	0.00778	0.00667	0.00667	0.00667	0.00889	0.00556	0.00500	0.00945	0.01501	0.01778	0.06669	0.06336	0.72490	0.01667	0.00778	0.00222	0.00333	0.01389	0.00611	0.00556
12	0.01100	0.00981	0.01606	0.40641	0.03033	0.01113	0.05312	0.01430	0.01342	0.01735	0.02361	0.22569	0.06437	0.01184	0.00741	0.00239	0.00703	0.06380	0.00425	0.00667
13	0.01575	0.01350	0.02191	0.22997	0.38808	0.01425	0.01721	0.05201	0.01587	0.06569	0.08664	0.02039	0.01571	0.00708	0.00667	0.00204	0.00743	0.00653	0.00404	0.00922
14	0.01726	0.10298	0.23742	0.01699	0.08610	0.01686	0.01564	0.25455	0.01985	0.02689	0.01980	0.02078	0.09692	0.00926	0.02817	0.00223	0.00786	0.00634	0.00456	0.00954
15	0.01573	0.45790	0.33278	0.01446	0.02184	0.02146	0.01683	0.02020	0.01360	0.01777	0.01029	0.01198	0.00840	0.00590	0.00509	0.00170	0.00819	0.00409	0.00280	0.00899
16	0.01243	0.01170	0.01975	0.75282	0.04534	0.01463	0.01828	0.01682	0.01316	0.01682	0.01170	0.01755	0.00878	0.00658	0.00658	0.00219	0.00878	0.00585	0.00293	0.00731
17	0.01580	0.01479	0.06704	0.16178	0.29129	0.01415	0.05598	0.07401	0.04072	0.06709	0.05913	0.07654	0.01642	0.00801	0.00682	0.00210	0.00744	0.00737	0.00433	0.00918
18	0.01680	0.12969	0.12877	0.09104	0.06472	0.17434	0.07537	0.05702	0.01549	0.01891	0.01377	0.05011	0.01244	0.04932	0.00855	0.00225	0.04603	0.03371	0.00356	0.00812
19	0.00802	0.00607	0.00741	0.00836	0.00937	0.00546	0.00578	0.00944	0.01368	0.01766	0.08583	0.51113	0.24994	0.01901	0.00818	0.00250	0.00363	0.01686	0.00618	0.00546
20	0.01862	0.06275	0.24636	0.01829	0.06728	0.10851	0.09070	0.02301	0.01579	0.16855	0.05549	0.01787	0.01346	0.00734	0.00744	0.00205	0.05695	0.00592	0.00434	0.00928
21	0.03449	0.12833	0.18189	0.12675	0.11973	0.04112	0.07618	0.02147	0.06118	0.07971	0.03199	0.01843	0.03662	0.00698	0.00626	0.00199	0.00801	0.00595	0.00390	0.00902
22	0.01391	0.01393	0.09929	0.04360	0.14886	0.01211	0.03658	0.03665	0.12290	0.05676	0.11479	0.05167	0.08220	0.06874	0.00949	0.00252	0.02463	0.04797	0.00509	0.00831
23	0.00957	0.00638	0.00718	0.00718	0.00718	0.00638	0.00399	0.00957	0.00957	0.01276	0.02074	0.04308	0.02393	0.76864	0.03351	0.00638	0.00638	0.00957	0.00399	0.00399
24	0.06524	0.06125	0.08174	0.10692	0.02275	0.01688	0.01333	0.33568	0.02238	0.15842	0.01668	0.01848	0.01210	0.00776	0.00637	0.00203	0.00719	0.02908	0.00570	0.01002

[dist]
# distance from previous block
# <min> <max>
0	1

[block]
# block no. 5 follows, 33 sequences, length 32
# corresponding to MSA columns:
# 264-295
name=unknown_F
#
# <colnr> <probs for GDERKNQSTAVLIFYWHMCP>
#	G	D	E	R	K	N	Q	S	T	A	V	L	I	F	Y	W	H	M	C	P
0	0.01796	0.05803	0.21767	0.07880	0.20506	0.08432	0.04679	0.05817	0.01611	0.10774	0.01366	0.01573	0.01016	0.00644	0.00630	0.00195	0.00850	0.00543	0.00389	0.03731
1	0.01118	0.00996	0.01139	0.01191	0.03567	0.08576	0.04156	0.01288	0.01402	0.01732	0.03451	0.27462	0.15566	0.06157	0.01052	0.04650	0.00578	0.14801	0.00528	0.00589
2	0.24116	0.06113	0.07413	0.01513	0.03611	0.39853	0.01229	0.02300	0.01549	0.02029	0.00996	0.01187	0.00815	0.00669	0.00608	0.00187	0.04274	0.00418	0.00348	0.00775
3	0.00921	0.00734	0.00833	0.00797	0.01003	0.00679	0.00601	0.01299	0.07746	0.02248	0.35686	0.05365	0.36768	0.01457	0.00768	0.00216	0.00340	0.01245	0.00667	0.00627
4	0.01630	0.01556	0.02608	0.03894	0.68898	0.01568	0.01967	0.02101	0.05305	0.02184	0.01317	0.01674	0.01095	0.00603	0.00653	0.00197	0.00768	0.00595	0.00345	0.01043
5	0.00932	0.00673	0.00880	0.00828	0.00984	0.00621	0.00621	0.01242	0.01863	0.02640	0.72410	0.04918	0.06212	0.01346	0.00776	0.00207	0.00311	0.01191	0.00725	0.00621
6	0.00816	0.00594	0.00754	0.00868	0.00931	0.00549	0.00583	0.00938	0.01296	0.01708	0.07027	0.59518	0.12589	0.07296	0.01008	0.00285	0.00391	0.01717	0.00601	0.00532
7	0.00951	0.00638	0.00731	0.00737	0.00742	0.00640	0.00421	0.00963	0.00972	0.01300	0.02124	0.07020	0.02444	0.71600	0.05612	0.00638	0.00666	0.00984	0.00406	0.00410
8	0.00793	0.00667	0.00687	0.00682	0.00898	0.00562	0.00512	0.00974	0.01536	0.01862	0.13014	0.06199	0.66093	0.01636	0.00778	0.00221	0.00331	0.01370	0.00622	0.00562
9	0.01320	0.03405	0.73453	0.01876	0.02849	0.01529	0.02432	0.02085	0.01390	0.02085	0.01181	0.01390	0.00834	0.00625	0.00625	0.00208	0.00973	0.00486	0.00278	0.00973
10	0.02503	0.01844	0.01976	0.01515	0.02042	0.02042	0.01251	0.70562	0.03095	0.04149	0.01581	0.01581	0.01120	0.00790	0.00659	0.00198	0.00724	0.00593	0.00659	0.01120
11	0.00844	0.00675	0.00782	0.02790	0.01026	0.00601	0.00586	0.01063	0.01598	0.02058	0.28392	0.11307	0.42809	0.01563	0.00779	0.00221	0.00345	0.01339	0.00641	0.00581
12	0.00951	0.00696	0.00912	0.00958	0.01111	0.00657	0.00769	0.01226	0.01643	0.02211	0.33391	0.11441	0.13389	0.01616	0.00831	0.00249	0.00429	0.26260	0.00658	0.00601
13	0.01915	0.01778	0.01776	0.01755	0.10463	0.13128	0.01233	0.14725	0.40282	0.02741	0.02053	0.02005	0.01556	0.00804	0.00654	0.00207	0.00693	0.00649	0.00574	0.01012
14	0.01865	0.57574	0.08115	0.01291	0.01839	0.16479	0.01248	0.02107	0.01444	0.01599	0.00954	0.01105	0.00845	0.00590	0.00470	0.00151	0.00817	0.00376	0.00293	0.00838
15	0.01726	0.04841	0.07955	0.01586	0.04391	0.02935	0.12928	0.12855	0.09079	0.09006	0.03889	0.02244	0.08433	0.00780	0.00651	0.00188	0.00695	0.00683	0.00504	0.14629
16	0.05425	0.16407	0.30220	0.03965	0.02229	0.05445	0.04668	0.02015	0.01435	0.07605	0.03338	0.03352	0.06193	0.00773	0.00675	0.00200	0.04217	0.00595	0.00375	0.00867
17	0.00815	0.00602	0.00767	0.00892	0.00971	0.00554	0.00622	0.00952	0.01321	0.01718	0.04168	0.59078	0.16620	0.01975	0.00834	0.00262	0.00388	0.06308	0.00611	0.00543
18	0.00935	0.00765	0.01041	0.06227	0.01383	0.00733	0.03808	0.01190	0.01514	0.01956	0.17140	0.09946	0.30987	0.01759	0.05744	0.00292	0.00549	0.12849	0.00579	0.00604
19	0.02055	0.13595	0.07079	0.02140	0.20569	0.20763	0.01473	0.05048	0.05873	0.11604	0.01402	0.01536	0.01084	0.00679	0.00634	0.00186	0.02400	0.00521	0.00418	0.00941
20	0.01433	0.05092	0.02129	0.34423	0.11136	0.07375	0.04661	0.01757	0.01326	0.01722	0.01264	0.06627	0.01129	0.00838	0.00966	0.00226	0.16152	0.00654	0.00322	0.00766
21	0.05775	0.02787	0.01800	0.01611	0.01972	0.58243	0.01224	0.08238	0.08613	0.01986	0.01219	0.01336	0.00976	0.00705	0.00598	0.00178	0.01056	0.00466	0.00400	0.00817
22	0.00821	0.00662	0.00731	0.00727	0.00919	0.00572	0.00540	0.01023	0.01582	0.02004	0.24164	0.10674	0.50057	0.01607	0.00782	0.00221	0.00331	0.01368	0.00642	0.00572
23	0.03238	0.14451	0.27751	0.01897	0.12969	0.01519	0.04994	0.02021	0.01467	0.09207	0.04614	0.06943	0.01553	0.00806	0.00636	0.00204	0.00770	0.03652	0.00402	0.00907
24	0.01296	0.01238	0.01199	0.01217	0.01411	0.15525	0.02409	0.01600	0.04682	0.01919	0.08808	0.18898	0.08726	0.01518	0.00798	0.00250	0.00641	0.26658	0.00561	0.00647
25	0.02753	0.01141	0.01510	0.01171	0.01652	0.01025	0.00962	0.08403	0.01979	0.61953	0.08223	0.02407	0.01964	0.00856	0.00671	0.00203	0.00553	0.00700	0.00795	0.01079
26	0.01778	0.01011	0.01217	0.01051	0.01371	0.00969	0.00820	0.15242	0.01901	0.23481	0.09013	0.19773	0.16992	0.01306	0.00734	0.00221	0.00486	0.01110	0.00690	0.00834
27	0.01730	0.08383	0.07357	0.05963	0.19156	0.06995	0.28418	0.02225	0.04235	0.07089	0.01376	0.01670	0.01053	0.00613	0.00676	0.00203	0.00923	0.00634	0.00369	0.00932
28	0.02499	0.05237	0.02013	0.01474	0.02001	0.01995	0.01226	0.62896	0.02933	0.08681	0.01619	0.01601	0.01141	0.00782	0.00648	0.00195	0.00712	0.00586	0.00652	0.01107
29	0.02160	0.03227	0.07672	0.01442	0.05214	0.05915	0.01175	0.24301	0.05277	0.21056	0.02239	0.02338	0.07019	0.06915	0.00873	0.00235	0.00686	0.00685	0.00599	0.00970
30	0.01674	0.55950	0.14375	0.01617	0.10959	0.02302	0.01446	0.01995	0.01367	0.01710	0.00998	0.01182	0.00868	0.00576	0.00484	0.00158	0.00756	0.00403	0.00287	0.00890
31	0.00931	0.00687	0.00997	0.01009	0.01107	0.00779	0.00759	0.01131	0.01063	0.01512	0.01946	0.08651	0.01945	0.12754	0.60487	0.00948	0.01528	0.00826	0.00378	0.00562

[dist]
# distance from previous block
# <min> <max>
0	1

[block]
# block no. 6 follows, 33 sequences, length 30
# corresponding to MSA columns:
# 297-326
name=unknown_G
#
# <colnr> <probs for GDERKNQSTAVLIFYWHMCP>
#	G	D	E	R	K	N	Q	S	T	A	V	L	I	F	Y	W	H	M	C	P
0	0.01425	0.01706	0.12512	0.05392	0.27796	0.04686	0.09493	0.01836	0.01505	0.02091	0.12000	0.02307	0.05018	0.00908	0.02613	0.00231	0.06508	0.00715	0.00389	0.00870
1	0.58325	0.01766	0.03729	0.01163	0.01587	0.17013	0.04043	0.02096	0.01308	0.02600	0.00966	0.01137	0.00759	0.00623	0.00471	0.00197	0.00697	0.00394	0.00385	0.00740
2	0.00995	0.00590	0.00796	0.00841	0.00873	0.00571	0.00557	0.00928	0.01074	0.01448	0.04751	0.25327	0.05701	0.11345	0.01926	0.37171	0.00493	0.01076	0.03127	0.00411
3	0.07618	0.10772	0.01850	0.01311	0.01773	0.08116	0.01076	0.25154	0.17831	0.05092	0.04316	0.01770	0.01429	0.00757	0.00598	0.00186	0.00658	0.00572	0.00552	0.08569
4	0.01543	0.01490	0.02536	0.06634	0.43519	0.01515	0.12727	0.02150	0.11315	0.02174	0.01616	0.06898	0.01390	0.00729	0.00688	0.00210	0.00775	0.00727	0.00393	0.00968
5	0.01462	0.11316	0.31063	0.02100	0.09723	0.03172	0.15156	0.01977	0.01425	0.02004	0.05468	0.01664	0.01218	0.00700	0.00803	0.00209	0.08732	0.00588	0.00323	0.00896
6	0.01502	0.18809	0.31413	0.07982	0.07427	0.03928	0.08830	0.02009	0.01437	0.03608	0.04408	0.01604	0.01152	0.00742	0.02286	0.00213	0.00892	0.00541	0.00325	0.00893
7	0.02864	0.01140	0.01525	0.01183	0.01683	0.01013	0.00973	0.03228	0.06619	0.68426	0.02603	0.02255	0.01655	0.00820	0.00663	0.00205	0.00558	0.00668	0.00805	0.01115
8	0.01099	0.01446	0.16686	0.13388	0.02160	0.01063	0.05952	0.01576	0.05742	0.01961	0.07654	0.12268	0.21290	0.01190	0.00732	0.00227	0.00638	0.03719	0.00480	0.00729
9	0.01932	0.18312	0.14087	0.01824	0.12525	0.09131	0.03575	0.08607	0.05058	0.12926	0.01692	0.01766	0.04321	0.00713	0.00605	0.00188	0.00776	0.00564	0.00444	0.00952
10	0.01821	0.34310	0.13490	0.03779	0.01929	0.07035	0.01299	0.04454	0.01524	0.12148	0.01762	0.01827	0.07503	0.00753	0.00619	0.00180	0.03744	0.00543	0.00406	0.00873
11	0.00922	0.00681	0.00945	0.00956	0.01054	0.00749	0.00705	0.01100	0.01087	0.01511	0.02322	0.08209	0.07376	0.17824	0.50517	0.00863	0.01352	0.00883	0.00399	0.00547
12	0.01263	0.01037	0.01519	0.01951	0.20407	0.01059	0.01275	0.01763	0.09640	0.02130	0.06182	0.07954	0.02992	0.01369	0.00804	0.00259	0.00620	0.36460	0.00545	0.00771
13	0.01617	0.01609	0.07855	0.18231	0.22030	0.01581	0.13477	0.04185	0.04680	0.07487	0.01373	0.01724	0.01055	0.00702	0.00847	0.00219	0.09413	0.00623	0.00375	0.00916
14	0.01267	0.01359	0.07463	0.66429	0.07518	0.01472	0.01883	0.01728	0.01330	0.01734	0.01174	0.01722	0.00882	0.00652	0.00655	0.00217	0.00881	0.00578	0.00293	0.00764
15	0.00812	0.00604	0.00765	0.00866	0.00952	0.00556	0.00598	0.00957	0.01346	0.01767	0.09399	0.54312	0.17868	0.02039	0.03617	0.00284	0.00419	0.01680	0.00610	0.00547
16	0.01742	0.01637	0.08753	0.02076	0.15204	0.01504	0.11556	0.18759	0.09171	0.06216	0.02035	0.08182	0.03356	0.00912	0.00709	0.00219	0.00740	0.05764	0.00514	0.00952
17	0.01096	0.03165	0.01008	0.00988	0.03792	0.00711	0.00694	0.01307	0.01563	0.08538	0.25026	0.28008	0.18525	0.01543	0.00771	0.00227	0.00392	0.01355	0.00643	0.00648
18	0.02459	0.03138	0.01866	0.01696	0.02035	0.74221	0.01272	0.02629	0.01866	0.01611	0.01018	0.01187	0.00848	0.00678	0.00594	0.00170	0.01187	0.00424	0.00339	0.00763
19	0.01483	0.02184	0.27856	0.09851	0.41517	0.01542	0.02150	0.02012	0.01443	0.02084	0.01212	0.01556	0.00953	0.00607	0.00643	0.00202	0.00859	0.00551	0.00306	0.00989
20	0.01687	0.01585	0.06050	0.01351	0.01875	0.04137	0.04826	0.17845	0.07125	0.02577	0.01390	0.01565	0.01095	0.00811	0.03441	0.00193	0.04709	0.00514	0.00455	0.36767
21	0.00877	0.00653	0.00934	0.00986	0.01063	0.00642	0.03298	0.01026	0.01232	0.01671	0.06192	0.49914	0.03636	0.10551	0.13631	0.00438	0.00670	0.01501	0.00539	0.00547
22	0.00930	0.00695	0.01036	0.01047	0.01159	0.00801	0.00807	0.01156	0.01073	0.01540	0.01906	0.08223	0.01853	0.04718	0.68651	0.00998	0.01658	0.00794	0.00372	0.00584
23	0.01345	0.03233	0.66102	0.01971	0.02912	0.01543	0.09610	0.02087	0.01407	0.02087	0.01197	0.01431	0.00851	0.00618	0.00641	0.00210	0.00987	0.00517	0.00284	0.00964
24	0.01467	0.02253	0.33726	0.07060	0.07360	0.01454	0.07726	0.03908	0.11758	0.04764	0.01695	0.02225	0.01356	0.00777	0.00674	0.00217	0.00828	0.06964	0.00407	0.03382
25	0.01012	0.00734	0.00998	0.01134	0.01284	0.00720	0.00969	0.01287	0.01494	0.01928	0.03825	0.12581	0.10915	0.01822	0.00890	0.00292	0.00561	0.56353	0.00607	0.00596
26	0.01979	0.01572	0.01741	0.01420	0.01864	0.01743	0.03593	0.35517	0.30261	0.03321	0.02434	0.02333	0.07406	0.00896	0.00677	0.00211	0.00625	0.00726	0.00647	0.01033
27	0.01467	0.01301	0.03719	0.03736	0.10568	0.01139	0.01085	0.04833	0.01456	0.04844	0.01643	0.01840	0.06456	0.00688	0.00712	0.00153	0.07638	0.00537	0.00411	0.45773
28	0.01632	0.27024	0.30932	0.01623	0.05191	0.03416	0.03283	0.08036	0.01564	0.04171	0.01438	0.01727	0.03306	0.00702	0.00583	0.00188	0.00816	0.03096	0.00356	0.00917
29	0.01320	0.03405	0.73453	0.01876	0.02849	0.01529	0.02432	0.02085	0.01390	0.02085	0.01181	0.01390	0.00834	0.00625	0.00625	0.00208	0.00973	0.00486	0.00278	0.00973

[dist]
# distance from previous block
# <min> <max>
0	1

[block]
# block no. 7 follows, 33 sequences, length 58
# corresponding to MSA columns:
# 328-344,346-386
name=unknown_H
#
# <colnr> <probs for GDERKNQSTAVLIFYWHMCP>
#	G	D	E	R	K	N	Q	S	T	A	V	L	I	F	Y	W	H	M	C	P
0	0.20056	0.02319	0.12880	0.02009	0.13356	0.25110	0.08399	0.04743	0.01579	0.02218	0.01107	0.01335	0.00871	0.00632	0.00586	0.00194	0.00911	0.00486	0.00354	0.00854
1	0.00854	0.00621	0.00810	0.00922	0.00990	0.00592	0.00630	0.01068	0.04266	0.01855	0.12910	0.63666	0.04508	0.01917	0.00825	0.00257	0.00378	0.01732	0.00629	0.00568
2	0.02298	0.01624	0.01756	0.01372	0.01840	0.01775	0.01125	0.55893	0.04428	0.06773	0.05018	0.01874	0.01458	0.00817	0.00644	0.00194	0.00651	0.00629	0.08789	0.01043
3	0.00942	0.00698	0.01019	0.01019	0.01123	0.00802	0.00775	0.01151	0.01047	0.01500	0.01799	0.02782	0.01731	0.13133	0.66176	0.01010	0.01635	0.00734	0.00358	0.00566
4	0.00857	0.00662	0.00781	0.00768	0.00942	0.00587	0.00570	0.01091	0.01662	0.02200	0.39188	0.11446	0.33797	0.01540	0.00782	0.00218	0.00326	0.01330	0.00668	0.00587
5	0.01608	0.01686	0.07093	0.03861	0.65922	0.01566	0.04523	0.02028	0.01494	0.02145	0.01238	0.01620	0.01028	0.00588	0.00655	0.00197	0.00806	0.00587	0.00323	0.01033
6	0.00942	0.00698	0.01021	0.01021	0.01126	0.00803	0.00777	0.01152	0.01047	0.01501	0.01797	0.02774	0.01727	0.12794	0.66510	0.01012	0.01640	0.00733	0.00358	0.00567
7	0.00851	0.00674	0.00733	0.00737	0.00899	0.00610	0.00523	0.01035	0.03041	0.01749	0.09806	0.10757	0.45382	0.15872	0.04142	0.00335	0.00453	0.01288	0.00571	0.00542
8	0.02416	0.07770	0.01965	0.01660	0.02014	0.69745	0.01263	0.02588	0.01833	0.01607	0.01011	0.01179	0.00848	0.00671	0.00583	0.00168	0.01157	0.00419	0.00336	0.00768
9	0.00976	0.00661	0.00760	0.00772	0.00792	0.00661	0.00456	0.02883	0.01065	0.01420	0.02308	0.15697	0.02670	0.62863	0.02877	0.00567	0.00600	0.01093	0.00440	0.00440
10	0.81514	0.01273	0.00968	0.00866	0.01273	0.01477	0.00713	0.01935	0.01120	0.02954	0.00917	0.01069	0.00713	0.00611	0.00407	0.00204	0.00509	0.00356	0.00407	0.00713
11	0.01417	0.06459	0.47966	0.04359	0.13004	0.01604	0.11892	0.02062	0.01424	0.02060	0.01198	0.01473	0.00889	0.00608	0.00642	0.00206	0.00949	0.00538	0.00293	0.00958
12	0.01473	0.01674	0.09507	0.23952	0.31425	0.01554	0.16907	0.01949	0.01448	0.02001	0.01234	0.01674	0.00966	0.00604	0.00678	0.00209	0.00899	0.00618	0.00313	0.00913
13	0.00790	0.00620	0.00716	0.00792	0.00922	0.00545	0.00556	0.00931	0.01380	0.01729	0.05141	0.41575	0.38238	0.01866	0.00809	0.00245	0.00358	0.01632	0.00611	0.00545
14	0.01085	0.00917	0.01044	0.05514	0.01367	0.00946	0.00773	0.03430	0.16295	0.02181	0.16532	0.04677	0.37109	0.01344	0.00798	0.00222	0.03335	0.01117	0.00612	0.00701
15	0.00910	0.00664	0.00860	0.00856	0.01000	0.00614	0.00642	0.01181	0.01722	0.02384	0.52206	0.15508	0.11063	0.01509	0.00796	0.00224	0.00344	0.06224	0.00691	0.00602
16	0.02126	0.02579	0.01846	0.01865	0.09689	0.53576	0.01300	0.02326	0.01711	0.01679	0.01358	0.01681	0.03768	0.01020	0.05246	0.00238	0.04774	0.02095	0.00353	0.00769
17	0.02302	0.17403	0.02193	0.01648	0.03824	0.58491	0.01264	0.02486	0.01754	0.01613	0.01004	0.01173	0.00852	0.00654	0.00562	0.00165	0.01083	0.00414	0.00328	0.00786
18	0.02205	0.02687	0.01850	0.01858	0.09556	0.56474	0.01288	0.02522	0.06911	0.01763	0.01516	0.01650	0.05431	0.00746	0.00617	0.00180	0.01041	0.00525	0.00379	0.00801
19	0.01471	0.08033	0.04806	0.09066	0.06487	0.10809	0.06166	0.01726	0.01316	0.01695	0.01723	0.02141	0.08861	0.03386	0.06316	0.00297	0.23956	0.00659	0.00343	0.00743
20	0.09350	0.01253	0.09053	0.01253	0.01471	0.01253	0.01089	0.04301	0.01163	0.01827	0.01447	0.02203	0.01355	0.10963	0.32381	0.00631	0.17339	0.00641	0.00354	0.00672
21	0.81514	0.01273	0.00968	0.00866	0.01273	0.01477	0.00713	0.01935	0.01120	0.02954	0.00917	0.01069	0.00713	0.00611	0.00407	0.00204	0.00509	0.00356	0.00407	0.00713
