[name]
unknown

[dist]
# distance from previous block
# <min> <max>
11	64

[block]
# block no. 0 follows, 31 sequences, length 58
# corresponding to MSA columns:
# 88-145
name=unknown_A
#
# <colnr> <probs for GDERKNQSTAVLIFYWHMCP>
#	G	D	E	R	K	N	Q	S	T	A	V	L	I	F	Y	W	H	M	C	P
0	0.04009	0.01291	0.01609	0.14417	0.07936	0.04941	0.01225	0.04855	0.16428	0.07616	0.07664	0.06512	0.04043	0.01508	0.10124	0.00338	0.03300	0.00799	0.00526	0.00859
1	0.01683	0.01448	0.01601	0.05536	0.06675	0.08542	0.01142	0.12341	0.09406	0.05268	0.02468	0.07230	0.09966	0.01275	0.04890	0.00266	0.06982	0.03091	0.02658	0.07532
2	0.05370	0.03460	0.07415	0.01552	0.05589	0.07137	0.04122	0.09929	0.15210	0.07190	0.04096	0.08201	0.01799	0.01409	0.09351	0.00316	0.00840	0.00751	0.00527	0.05738
3	0.01994	0.04824	0.02155	0.01805	0.07282	0.09231	0.09846	0.20904	0.12668	0.06413	0.08073	0.02281	0.04551	0.00874	0.00765	0.00213	0.03855	0.00726	0.00562	0.00977
4	0.05019	0.07548	0.03944	0.03843	0.07652	0.10061	0.04670	0.02389	0.15557	0.08071	0.04206	0.05047	0.01640	0.01134	0.06239	0.00265	0.00803	0.00669	0.00490	0.10751
5	0.01659	0.03761	0.05500	0.19364	0.15415	0.10301	0.07532	0.06826	0.01647	0.02159	0.06991	0.01900	0.01425	0.00773	0.00839	0.00214	0.08386	0.00637	0.00387	0.04285
6	0.01727	0.04532	0.02079	0.02155	0.21497	0.05587	0.04960	0.09441	0.06961	0.04518	0.06270	0.02173	0.05051	0.00791	0.00727	0.00193	0.04092	0.00667	0.03134	0.13446
7	0.01780	0.18363	0.26524	0.03828	0.07969	0.09379	0.05508	0.11285	0.01763	0.02308	0.04236	0.01585	0.01179	0.00691	0.00625	0.00196	0.00900	0.00543	0.00378	0.00959
8	0.00900	0.00735	0.00813	0.00772	0.01010	0.00622	0.00580	0.01120	0.01631	0.02098	0.22321	0.08499	0.46745	0.01563	0.00785	0.00218	0.00356	0.01325	0.00645	0.07261
9	0.01665	0.01735	0.04551	0.14882	0.38429	0.06279	0.11720	0.02234	0.07602	0.02167	0.01405	0.01775	0.01118	0.00652	0.00694	0.00212	0.00887	0.00639	0.00365	0.00987
10	0.02143	0.01686	0.01834	0.05283	0.02108	0.01908	0.01237	0.37402	0.32237	0.03550	0.02115	0.02046	0.01551	0.00860	0.00689	0.00218	0.00670	0.00684	0.00670	0.01108
11	0.00834	0.00595	0.00794	0.00953	0.00992	0.00556	0.00635	0.00953	0.01310	0.01746	0.03771	0.75510	0.04525	0.02143	0.00873	0.00278	0.00397	0.01945	0.00635	0.00556
12	0.01393	0.06883	0.69251	0.01914	0.02906	0.01640	0.02465	0.02161	0.01442	0.02141	0.01215	0.01428	0.00867	0.00647	0.00640	0.00213	0.00998	0.00499	0.00289	0.01005
13	0.01779	0.68308	0.11202	0.01257	0.01889	0.02583	0.01321	0.02062	0.01396	0.01671	0.00982	0.01136	0.00877	0.00592	0.00462	0.00154	0.00763	0.00381	0.00292	0.00893
14	0.00834	0.00595	0.00794	0.00953	0.00992	0.00556	0.00635	0.00953	0.01310	0.01746	0.03771	0.75510	0.04525	0.02143	0.00873	0.00278	0.00397	0.01945	0.00635	0.00556
15	0.02348	0.01183	0.01471	0.01194	0.01626	0.01140	0.00962	0.09411	0.12528	0.39663	0.15055	0.02964	0.05356	0.00991	0.00715	0.00216	0.00537	0.00823	0.00783	0.01035
16	0.01755	0.03726	0.05304	0.14090	0.46751	0.12495	0.01946	0.02145	0.01579	0.02060	0.01231	0.01619	0.01014	0.00636	0.00662	0.00202	0.00897	0.00574	0.00333	0.00984
17	0.00840	0.00598	0.00792	0.00944	0.00982	0.00560	0.00626	0.00954	0.01296	0.01728	0.03701	0.72447	0.04437	0.05326	0.00986	0.00294	0.00408	0.01904	0.00626	0.00550
18	0.03735	0.15495	0.14652	0.02910	0.35263	0.07052	0.07244	0.02153	0.01531	0.02088	0.01199	0.01508	0.00983	0.00617	0.00629	0.00196	0.00882	0.00546	0.00326	0.00992
19	0.02528	0.01922	0.02009	0.01565	0.02094	0.04273	0.01284	0.62123	0.08529	0.04115	0.01715	0.01702	0.01228	0.00826	0.00683	0.00207	0.00751	0.00623	0.00675	0.01146
20	0.00834	0.00595	0.00794	0.00953	0.00992	0.00556	0.00635	0.00953	0.01310	0.01746	0.03771	0.75510	0.04525	0.02143	0.00873	0.00278	0.00397	0.01945	0.00635	0.00556
21	0.01787	0.51949	0.16822	0.01555	0.06350	0.07819	0.01504	0.02127	0.01453	0.01762	0.01034	0.01212	0.00889	0.00609	0.00508	0.00166	0.00830	0.00414	0.00299	0.00910
22	0.27710	0.29899	0.08288	0.01271	0.01795	0.15270	0.01179	0.04169	0.01477	0.02226	0.01015	0.01173	0.00841	0.00636	0.00492	0.00181	0.00783	0.00401	0.00358	0.00837
23	0.00963	0.00699	0.00907	0.00855	0.01019	0.00643	0.00641	0.01280	0.01924	0.02712	0.69097	0.05161	0.08706	0.01410	0.00807	0.00216	0.00324	0.01244	0.00749	0.00643
24	0.05198	0.68628	0.07737	0.01207	0.01812	0.02587	0.01236	0.02054	0.01384	0.01707	0.00968	0.01120	0.00871	0.00591	0.00451	0.00153	0.00740	0.00375	0.00298	0.00880
25	0.01565	0.01268	0.01465	0.01083	0.01663	0.01044	0.00866	0.04852	0.08251	0.05268	0.01448	0.01576	0.01153	0.00575	0.00540	0.00123	0.00524	0.00462	0.00464	0.65809
26	0.05702	0.04256	0.41290	0.02031	0.10491	0.01588	0.04659	0.05149	0.07586	0.05404	0.04369	0.01760	0.01281	0.00712	0.00657	0.00214	0.00864	0.00586	0.00400	0.01003
27	0.00867	0.00620	0.00826	0.00946	0.01012	0.00580	0.00653	0.01029	0.01431	0.01935	0.15859	0.60633	0.04851	0.02002	0.00864	0.00268	0.00391	0.04005	0.00656	0.00574
28	0.00844	0.00694	0.00743	0.00731	0.00946	0.00593	0.00548	0.01051	0.01644	0.02049	0.21349	0.06254	0.56868	0.01658	0.00808	0.00227	0.00341	0.01398	0.00662	0.00593
29	0.03479	0.01453	0.02459	0.37833	0.28264	0.01605	0.07820	0.05112	0.01539	0.02114	0.01270	0.01753	0.00992	0.00653	0.00686	0.00218	0.00881	0.00621	0.00341	0.00908
30	0.01674	0.05485	0.02570	0.25082	0.36171	0.07950	0.05396	0.03846	0.01572	0.02058	0.01243	0.01669	0.01003	0.00643	0.00669	0.00207	0.00892	0.00592	0.00337	0.00943
31	0.00833	0.00599	0.00790	0.00942	0.00990	0.00557	0.00630	0.00954	0.01320	0.01751	0.03898	0.72739	0.07214	0.02127	0.00871	0.00276	0.00395	0.01925	0.00635	0.00557
32	0.00809	0.00693	0.00693	0.00693	0.00924	0.00578	0.00520	0.00982	0.01559	0.01848	0.06931	0.06584	0.71411	0.01733	0.00809	0.00231	0.00347	0.01444	0.00635	0.00578
33	0.02308	0.10757	0.05117	0.01683	0.02060	0.56027	0.01348	0.02517	0.01779	0.01684	0.01077	0.01302	0.00915	0.00899	0.03687	0.00219	0.05022	0.00456	0.00341	0.00802
34	0.01436	0.05063	0.56886	0.02174	0.05984	0.01641	0.12967	0.02165	0.01475	0.02159	0.01248	0.01509	0.00903	0.00635	0.00671	0.00216	0.01018	0.00554	0.00300	0.00997
35	0.01427	0.01356	0.02286	0.49522	0.26162	0.01572	0.01952	0.01858	0.01419	0.01901	0.01229	0.01772	0.00967	0.00676	0.00730	0.00222	0.03162	0.00608	0.00315	0.00864
36	0.01702	0.01470	0.01547	0.01392	0.01779	0.01702	0.01083	0.03635	0.70453	0.02862	0.02785	0.02553	0.02088	0.00928	0.00696	0.00232	0.00541	0.00773	0.00696	0.01083
37	0.02043	0.09267	0.11171	0.01787	0.05098	0.16600	0.07028	0.19261	0.13758	0.02688	0.03627	0.01758	0.01341	0.00760	0.00659	0.00202	0.00870	0.00603	0.00491	0.00989
38	0.01407	0.03306	0.63245	0.02115	0.05149	0.01604	0.09354	0.02167	0.01465	0.02171	0.01246	0.01493	0.00891	0.00641	0.00667	0.00218	0.01020	0.00540	0.00296	0.01004
39	0.00862	0.00615	0.00815	0.00949	0.01003	0.00577	0.00647	0.01002	0.01361	0.01826	0.09363	0.64009	0.04582	0.04978	0.00973	0.00289	0.00411	0.04541	0.00636	0.00561
40	0.02526	0.06283	0.02007	0.01738	0.02100	0.70295	0.01316	0.02704	0.01916	0.01672	0.01053	0.01228	0.00881	0.00700	0.00610	0.00175	0.01213	0.00438	0.00350	0.00797
41	0.01295	0.00947	0.01079	0.01022	0.01283	0.00952	0.00781	0.02004	0.21364	0.08175	0.15558	0.13892	0.23489	0.01432	0.00780	0.00236	0.00436	0.03804	0.00690	0.00782
42	0.01657	0.01726	0.03355	0.03596	0.40465	0.01673	0.32861	0.02142	0.01584	0.02215	0.01331	0.01763	0.01063	0.00595	0.00737	0.00216	0.00969	0.00700	0.00342	0.01010
43	0.04469	0.11178	0.02268	0.01909	0.07205	0.54464	0.04881	0.02562	0.01812	0.01773	0.01077	0.01281	0.00900	0.00676	0.00606	0.00179	0.01124	0.00462	0.00346	0.00829
44	0.01382	0.03468	0.69552	0.01989	0.02987	0.01595	0.05316	0.02168	0.01452	0.02168	0.01234	0.01461	0.00874	0.00647	0.00657	0.00217	0.01017	0.00518	0.00291	0.01007
45	0.00944	0.00646	0.00836	0.00952	0.01045	0.00594	0.00669	0.01090	0.01388	0.04773	0.04123	0.58752	0.12995	0.02017	0.00862	0.00272	0.00415	0.06394	0.00644	0.00590
46	0.01696	0.22266	0.21956	0.05447	0.08445	0.09380	0.17376	0.02175	0.01527	0.01959	0.01177	0.01461	0.00931	0.00620	0.00630	0.00196	0.00972	0.00545	0.00315	0.00927
47	0.01088	0.00801	0.01139	0.07608	0.01629	0.00822	0.01088	0.01387	0.01528	0.01999	0.06278	0.12356	0.03770	0.04699	0.01010	0.00314	0.00624	0.50631	0.00599	0.00628
48	0.00841	0.00601	0.00800	0.00948	0.00994	0.00560	0.00636	0.00970	0.01342	0.01798	0.07289	0.71844	0.04625	0.02105	0.00870	0.00275	0.00393	0.01908	0.00641	0.00560
49	0.01639	0.01570	0.02679	0.13666	0.62645	0.01611	0.02073	0.02052	0.01532	0.02169	0.01277	0.01711	0.01060	0.00620	0.00678	0.00207	0.00826	0.00609	0.00334	0.01040
50	0.03657	0.04968	0.02643	0.08306	0.27122	0.08785	0.14641	0.04786	0.04762	0.02173	0.01541	0.01873	0.03999	0.00737	0.00817	0.00216	0.07002	0.00656	0.00378	0.00936
51	0.00937	0.00671	0.00808	0.00876	0.00954	0.00640	0.00605	0.01051	0.01275	0.01650	0.03680	0.24175	0.15619	0.30952	0.01896	0.00427	0.00531	0.12192	0.00548	0.00517
52	0.01915	0.06613	0.07154	0.02201	0.02822	0.06053	0.35146	0.19415	0.04860	0.02702	0.01475	0.01736	0.01104	0.00672	0.00719	0.00213	0.00974	0.00686	0.02560	0.00978
53	0.01854	0.01964	0.13208	0.06433	0.17691	0.08687	0.10822	0.07464	0.04073	0.10577	0.03544	0.02250	0.04139	0.00794	0.00706	0.00216	0.00859	0.03285	0.00463	0.00970
54	0.01470	0.06907	0.59012	0.01999	0.02929	0.04746	0.09238	0.02188	0.01481	0.02121	0.01223	0.01459	0.00885	0.00642	0.00654	0.00213	0.01022	0.00527	0.00298	0.00986
55	0.08062	0.05082	0.50567	0.08294	0.03011	0.01627	0.09773	0.02116	0.01432	0.02192	0.01213	0.01485	0.00880	0.00642	0.00646	0.00217	0.00970	0.00533	0.00308	0.00953
56	0.05081	0.10352	0.15735	0.10903	0.24143	0.01748	0.12358	0.05618	0.01586	0.04272	0.01291	0.01610	0.01001	0.00637	0.00656	0.00207	0.00883	0.00586	0.00358	0.00977
57	0.01806	0.08126	0.05466	0.06788	0.13134	0.12321	0.13394	0.12669	0.03665	0.02339	0.01687	0.10332	0.01530	0.00880	0.00703	0.00214	0.00873	0.02724	0.00441	0.00909

[dist]
# distance from previous block
# <min> <max>
0	4

[block]
# block no. 1 follows, 31 sequences, length 6
# corresponding to MSA columns:
# 150-155
name=unknown_B
#
# <colnr> <probs for GDERKNQSTAVLIFYWHMCP>
#	G	D	E	R	K	N	Q	S	T	A	V	L	I	F	Y	W	H	M	C	P
0	0.13894	0.01564	0.01794	0.06261	0.02059	0.09901	0.10456	0.11211	0.12947	0.02619	0.08136	0.12183	0.02119	0.00987	0.00692	0.00223	0.00719	0.00848	0.00535	0.00852
1	0.01510	0.04468	0.02864	0.19619	0.06186	0.04151	0.28721	0.01927	0.01422	0.01910	0.01270	0.01797	0.01031	0.01081	0.06913	0.00306	0.12983	0.00682	0.00328	0.00831
2	0.01826	0.12834	0.20647	0.01977	0.06336	0.13351	0.14097	0.09420	0.01742	0.02254	0.01237	0.01468	0.00960	0.00639	0.00636	0.00190	0.00947	0.00539	0.00367	0.08531
3	0.01406	0.00987	0.01156	0.01047	0.01312	0.00984	0.00812	0.13882	0.06151	0.07250	0.25549	0.14179	0.16604	0.01416	0.00786	0.00230	0.00461	0.04314	0.00699	0.00775
4	0.01714	0.01329	0.01603	0.04889	0.05096	0.01208	0.01023	0.11126	0.08117	0.07690	0.04184	0.01793	0.01387	0.00660	0.00589	0.00151	0.00576	0.00539	0.00507	0.45817
5	0.05508	0.00711	0.00880	0.00957	0.01088	0.00662	0.00681	0.01128	0.01377	0.01948	0.07759	0.53428	0.07064	0.01842	0.00815	0.00256	0.00421	0.05771	0.00611	0.07092

[dist]
# distance from previous block
# <min> <max>
0	1

[block]
# block no. 2 follows, 31 sequences, length 56
# corresponding to MSA columns:
# 157-212
name=unknown_C
#
# <colnr> <probs for GDERKNQSTAVLIFYWHMCP>
#	G	D	E	R	K	N	Q	S	T	A	V	L	I	F	Y	W	H	M	C	P
0	0.01544	0.08203	0.02619	0.31502	0.36025	0.01686	0.04864	0.01960	0.01470	0.01985	0.01233	0.01698	0.00996	0.00635	0.00664	0.00209	0.00859	0.00596	0.00321	0.00931
1	0.00977	0.00676	0.00795	0.00795	0.00833	0.00685	0.00490	0.01028	0.01057	0.01409	0.02500	0.04380	0.08043	0.59154	0.13795	0.00694	0.00814	0.00992	0.00425	0.00458
2	0.01516	0.01156	0.01338	0.01361	0.07701	0.04221	0.00944	0.02239	0.21106	0.09926	0.21588	0.03757	0.14997	0.01199	0.00812	0.03159	0.00510	0.00968	0.00655	0.00846
3	0.01349	0.01274	0.02154	0.64426	0.14156	0.01535	0.01928	0.01798	0.01395	0.01817	0.01226	0.01806	0.00936	0.00674	0.00683	0.00225	0.00898	0.00608	0.00309	0.00806
4	0.01737	0.01267	0.01493	0.01087	0.01679	0.01024	0.00877	0.07509	0.01639	0.11747	0.01449	0.01559	0.01117	0.00578	0.00546	0.00125	0.00537	0.00460	0.00487	0.63084
5	0.12173	0.00833	0.00987	0.01002	0.01197	0.00819	0.00743	0.01588	0.03334	0.12946	0.03219	0.38706	0.06242	0.06067	0.00937	0.00281	0.00482	0.07128	0.00627	0.00690
6	0.01154	0.00603	0.00873	0.00873	0.00894	0.00593	0.00587	0.00899	0.00951	0.01248	0.01705	0.02485	0.07510	0.02319	0.02506	0.72905	0.00572	0.00671	0.00328	0.00322
7	0.00903	0.00705	0.00833	0.00889	0.01069	0.00635	0.00696	0.01120	0.01568	0.01976	0.12137	0.15811	0.38834	0.01793	0.00852	0.00257	0.00423	0.18258	0.00646	0.00595
8	0.00951	0.00647	0.00767	0.00807	0.00825	0.00634	0.00485	0.00998	0.01125	0.01509	0.06034	0.23366	0.03226	0.52643	0.02656	0.00539	0.00576	0.01259	0.00490	0.00464
9	0.01181	0.00708	0.00918	0.00969	0.01108	0.00649	0.00696	0.01338	0.01443	0.11705	0.05415	0.45951	0.11431	0.06765	0.01017	0.00290	0.00451	0.06670	0.00653	0.00642
10	0.00845	0.00623	0.00772	0.00881	0.00959	0.00571	0.00594	0.00970	0.01349	0.01755	0.05826	0.54048	0.17991	0.08119	0.01073	0.00299	0.00407	0.01749	0.00620	0.00551
11	0.16181	0.00869	0.01039	0.01140	0.01341	0.00900	0.00968	0.01471	0.01474	0.02207	0.03283	0.12050	0.06533	0.01666	0.00834	0.00288	0.00578	0.45944	0.00591	0.00642
12	0.16866	0.01491	0.01569	0.01250	0.01712	0.01608	0.01024	0.36076	0.02365	0.14634	0.01774	0.01793	0.01261	0.00787	0.00605	0.00200	0.00618	0.00586	0.12774	0.01005
13	0.02651	0.01836	0.02003	0.01536	0.02081	0.02002	0.01269	0.62314	0.03082	0.11597	0.01756	0.01716	0.01220	0.00824	0.00685	0.00206	0.00735	0.00624	0.00702	0.01164
14	0.01993	0.01493	0.01604	0.01330	0.01742	0.01637	0.01053	0.31360	0.24834	0.06479	0.02683	0.02756	0.09203	0.07537	0.00947	0.00257	0.00624	0.00794	0.00667	0.01008
15	0.01180	0.00767	0.00971	0.00896	0.01070	0.00728	0.00657	0.01519	0.04981	0.08224	0.50785	0.04655	0.05189	0.13933	0.01244	0.00291	0.00412	0.01129	0.00701	0.00670
16	0.00978	0.00730	0.01083	0.01083	0.01199	0.00846	0.00834	0.01211	0.01095	0.01576	0.01848	0.02773	0.01748	0.08519	0.69908	0.01079	0.01777	0.00746	0.00369	0.00601
17	0.00856	0.00611	0.00819	0.00978	0.01027	0.00575	0.00674	0.00991	0.01332	0.01771	0.03759	0.69930	0.04477	0.02123	0.00879	0.00281	0.00416	0.07307	0.00635	0.00562
18	0.10960	0.00924	0.01025	0.00964	0.01202	0.00954	0.00740	0.07043	0.06113	0.05576	0.17234	0.13096	0.09247	0.03796	0.04177	0.00277	0.00514	0.03897	0.11539	0.00721
19	0.14601	0.00877	0.01093	0.04536	0.01357	0.00893	0.04702	0.01536	0.01344	0.06483	0.02570	0.18414	0.07813	0.04543	0.00953	0.07429	0.00507	0.00966	0.18736	0.00647
20	0.01580	0.15736	0.02585	0.01890	0.05292	0.02156	0.07559	0.01793	0.01188	0.01717	0.00970	0.01462	0.00916	0.00997	0.01698	0.00260	0.50517	0.00574	0.00304	0.00805
21	0.01069	0.00723	0.01001	0.01012	0.01099	0.00777	0.00732	0.04259	0.01189	0.01640	0.02133	0.18204	0.02250	0.10573	0.32842	0.17444	0.01103	0.00982	0.00429	0.00540
22	0.01226	0.00884	0.01052	0.01011	0.01214	0.00877	0.00757	0.09832	0.06038	0.04547	0.21884	0.25431	0.13521	0.04313	0.00906	0.00257	0.00450	0.04419	0.00675	0.00708
23	0.01232	0.00736	0.01154	0.10703	0.05546	0.00776	0.00854	0.01074	0.00993	0.01323	0.01198	0.02023	0.01146	0.02051	0.02296	0.64944	0.00649	0.00597	0.00300	0.00404
24	0.01222	0.00730	0.01170	0.07058	0.01384	0.00749	0.04747	0.01097	0.01032	0.01400	0.01371	0.02342	0.01318	0.02032	0.02211	0.61127	0.00642	0.03847	0.04117	0.00404
25	0.01827	0.04043	0.02585	0.13672	0.44561	0.08043	0.05091	0.02210	0.01595	0.07849	0.01366	0.01712	0.01082	0.00646	0.00672	0.00205	0.00860	0.00602	0.00376	0.01003
26	0.01270	0.00715	0.00970	0.01015	0.01155	0.00666	0.00724	0.01427	0.01415	0.15090	0.03406	0.55546	0.03753	0.02147	0.06883	0.00334	0.00552	0.01605	0.00653	0.00676
27	0.01603	0.08990	0.55738	0.01774	0.02661	0.01579	0.02183	0.02270	0.01507	0.10550	0.01471	0.01754	0.01080	0.00714	0.00649	0.00214	0.00923	0.02967	0.00369	0.01005
28	0.01008	0.00786	0.01156	0.02663	0.01309	0.00925	0.00894	0.01247	0.01151	0.01647	0.04252	0.05007	0.04225	0.04454	0.60090	0.00946	0.06431	0.00799	0.00391	0.00621
29	0.01710	0.35382	0.22490	0.01449	0.02078	0.11832	0.01520	0.02171	0.04745	0.01908	0.05399	0.01693	0.03552	0.00721	0.00568	0.00181	0.00835	0.00520	0.00356	0.00890
30	0.01807	0.06192	0.44062	0.01900	0.04752	0.07528	0.05268	0.08554	0.01713	0.09818	0.01407	0.01552	0.00999	0.00684	0.00654	0.00209	0.00948	0.00541	0.00395	0.01016
31	0.01491	0.01432	0.02478	0.35034	0.36104	0.01558	0.05909	0.01927	0.01488	0.02031	0.03214	0.01855	0.01155	0.00663	0.00692	0.00216	0.00863	0.00638	0.00335	0.00919
32	0.01444	0.05755	0.67859	0.01901	0.02882	0.01604	0.02434	0.02202	0.01460	0.04504	0.01269	0.01463	0.00895	0.00655	0.00645	0.00214	0.00988	0.00507	0.00308	0.01012
33	0.01481	0.01264	0.01635	0.01711	0.13244	0.05549	0.06578	0.07748	0.05110	0.06381	0.08780	0.12424	0.22790	0.01240	0.00759	0.00224	0.00609	0.01085	0.00573	0.00817
34	0.01555	0.08569	0.42374	0.01920	0.07500	0.01565	0.06385	0.02223	0.04870	0.07817	0.01885	0.02010	0.06828	0.00756	0.00664	0.00213	0.00872	0.00627	0.00390	0.00980
35	0.00886	0.00639	0.00881	0.01009	0.01075	0.00634	0.00720	0.01046	0.01293	0.01743	0.03383	0.55325	0.03928	0.02698	0.14875	0.00440	0.00696	0.07575	0.00583	0.00573
36	0.01659	0.05350	0.10044	0.04794	0.19940	0.03715	0.15171	0.03597	0.03318	0.07326	0.01818	0.08625	0.03188	0.00878	0.00821	0.00225	0.05793	0.02384	0.00425	0.00929
37	0.01761	0.08629	0.07605	0.11644	0.14388	0.08522	0.13391	0.08348	0.07181	0.02230	0.01351	0.01666	0.01070	0.00728	0.00835	0.00217	0.08500	0.00611	0.00385	0.00936
38	0.01456	0.01913	0.17701	0.20812	0.12302	0.01565	0.18218	0.02129	0.07699	0.02138	0.03789	0.01934	0.01274	0.00832	0.03074	0.00251	0.00956	0.00675	0.00368	0.00916
39	0.01026	0.00752	0.00946	0.00878	0.01062	0.00704	0.00664	0.04236	0.01961	0.02738	0.62988	0.05080	0.11571	0.01401	0.00802	0.00216	0.00343	0.01227	0.00740	0.00663
40	0.03395	0.05003	0.39898	0.01922	0.04294	0.07416	0.08745	0.02306	0.06580	0.05493	0.01461	0.03825	0.01130	0.00748	0.00749	0.00219	0.04880	0.00603	0.00372	0.00961
41	0.10340	0.10638	0.13298	0.01579	0.07441	0.01588	0.03055	0.11816	0.07098	0.12060	0.02176	0.02225	0.08498	0.01030	0.04029	0.00249	0.00751	0.00660	0.00513	0.00954
42	0.00834	0.00595	0.00794	0.00953	0.00992	0.00556	0.00635	0.00953	0.01310	0.01746	0.03771	0.75510	0.04525	0.02143	0.00873	0.00278	0.00397	0.01945	0.00635	0.00556
43	0.01380	0.03365	0.66341	0.04979	0.03062	0.01593	0.05590	0.02150	0.01449	0.02150	0.01235	0.01479	0.00876	0.00648	0.00659	0.00218	0.01014	0.00524	0.00292	0.00997
44	0.03542	0.03412	0.06156	0.01928	0.13020	0.08669	0.05881	0.07139	0.11054	0.11428	0.05591	0.04360	0.01785	0.03650	0.00894	0.00236	0.05536	0.02872	0.01909	0.00936
45	0.01422	0.02895	0.49641	0.02125	0.08372	0.03527	0.09189	0.02124	0.03575	0.02148	0.01501	0.07631	0.01241	0.00772	0.00687	0.00221	0.00951	0.00670	0.00342	0.00966
46	0.00834	0.00595	0.00794	0.00953	0.00992	0.00556	0.00635	0.00953	0.01310	0.01746	0.03771	0.75510	0.04525	0.02143	0.00873	0.00278	0.00397	0.01945	0.00635	0.00556
47	0.02072	0.13697	0.02512	0.07041	0.15840	0.29019	0.06584	0.02351	0.01653	0.05743	0.01201	0.01468	0.00980	0.00701	0.00744	0.00195	0.06424	0.00526	0.00361	0.00888
48	0.01711	0.14444	0.26494	0.01718	0.03759	0.03764	0.06146	0.10126	0.05501	0.05661	0.01528	0.05148	0.01246	0.01002	0.04273	0.00255	0.05235	0.00625	0.00414	0.00952
49	0.01052	0.00758	0.01019	0.04465	0.04363	0.00738	0.00791	0.01324	0.05113	0.05167	0.09408	0.50456	0.09136	0.01790	0.00827	0.00258	0.00445	0.01607	0.00630	0.00654
50	0.00958	0.00783	0.00936	0.02818	0.03301	0.02512	0.00766	0.01159	0.01503	0.01900	0.08302	0.29419	0.28460	0.01793	0.00841	0.00258	0.00460	0.12606	0.00616	0.00608
51	0.03487	0.05884	0.27948	0.04937	0.18943	0.08136	0.01894	0.05062	0.03574	0.09958	0.02911	0.01689	0.01175	0.00696	0.00650	0.00206	0.00872	0.00566	0.00409	0.01005
52	0.02014	0.05266	0.12901	0.01899	0.04377	0.07894	0.19135	0.06875	0.03434	0.17723	0.01887	0.01993	0.04391	0.00748	0.00728	0.00209	0.02528	0.00670	0.00492	0.04837
53	0.01750	0.07863	0.05895	0.11951	0.26977	0.09856	0.06220	0.02137	0.02876	0.04547	0.01250	0.01618	0.01023	0.00734	0.00903	0.00217	0.12320	0.00583	0.00350	0.00930
54	0.04269	0.06720	0.06965	0.05936	0.21862	0.13301	0.08632	0.07698	0.01717	0.04395	0.01284	0.01548	0.01016	0.00638	0.00635	0.00187	0.00869	0.00549	0.00389	0.11390
55	0.09349	0.05424	0.12098	0.03843	0.05200	0.07836	0.01286	0.13830	0.10392	0.02606	0.04250	0.02445	0.11815	0.00888	0.00648	0.00204	0.00704	0.00696	0.00502	0.05986

[dist]
# distance from previous block
# <min> <max>
0	18

[block]
# block no. 3 follows, 31 sequences, length 11
# corresponding to MSA columns:
# 231-241
name=unknown_D
#
# <colnr> <probs for GDERKNQSTAVLIFYWHMCP>
#	G	D	E	R	K	N	Q	S	T	A	V	L	I	F	Y	W	H	M	C	P
0	0.01768	0.11150	0.01979	0.03395	0.08073	0.05907	0.03332	0.17668	0.03401	0.04479	0.10676	0.10819	0.02199	0.00985	0.00744	0.00204	0.04001	0.00808	0.02705	0.05705
1	0.07216	0.03808	0.03806	0.03470	0.15382	0.03446	0.07674	0.06410	0.09355	0.11098	0.08985	0.02241	0.03347	0.00826	0.00765	0.00210	0.05039	0.00696	0.00517	0.05710
2	0.07057	0.04342	0.04364	0.03646	0.15208	0.19785	0.05523	0.09755	0.01829	0.09630	0.04549	0.01754	0.01315	0.00759	0.00739	0.00204	0.05193	0.00590	0.02831	0.00927
3	0.05556	0.05743	0.02091	0.01921	0.13819	0.09389	0.06064	0.12854	0.06076	0.09775	0.01630	0.04242	0.01299	0.00766	0.00699	0.00195	0.03626	0.00624	0.03618	0.10013
4	0.01749	0.01646	0.02460	0.21005	0.36524	0.07819	0.05886	0.05141	0.01651	0.05410	0.03278	0.01817	0.01201	0.00677	0.00686	0.00209	0.00868	0.00628	0.00382	0.00963
5	0.01722	0.01480	0.02010	0.10056	0.20970	0.01463	0.01404	0.15578	0.01802	0.02579	0.01309	0.01586	0.01047	0.00645	0.00676	0.00172	0.03575	0.00533	0.00429	0.30966
6	0.01146	0.00598	0.00874	0.00888	0.00891	0.00595	0.00587	0.00903	0.00934	0.01245	0.01472	0.08632	0.01558	0.06777	0.02565	0.68358	0.00581	0.00736	0.00334	0.00327
7	0.00980	0.00720	0.01032	0.01029	0.01134	0.00812	0.00773	0.01190	0.01134	0.01617	0.06107	0.03118	0.02122	0.16119	0.57796	0.00977	0.01556	0.00805	0.00398	0.00582
8	0.01619	0.01527	0.07039	0.13076	0.29608	0.01473	0.01639	0.12952	0.01674	0.02311	0.01456	0.04060	0.01253	0.03741	0.05158	0.08609	0.00850	0.00661	0.00396	0.00897
9	0.06005	0.01240	0.01671	0.32884	0.10193	0.05905	0.01360	0.01755	0.01375	0.06287	0.01740	0.05353	0.03256	0.16726	0.01268	0.00314	0.00792	0.00745	0.00397	0.00735
10	0.01220	0.00725	0.01126	0.05945	0.07323	0.00742	0.00812	0.01056	0.01003	0.01347	0.01341	0.06063	0.01345	0.02100	0.02272	0.63559	0.00623	0.00671	0.00320	0.00410

[dist]
# distance from previous block
# <min> <max>
0	8

# created by:
# /home/berkeley/.conda/envs/busco_data_prod/bin/msa2prfl.pl pipeline/OGs_align_augustus/4893/12522.fs
