[name]
unknown

[dist]
# distance from previous block
# <min> <max>
0	27

[block]
# block no. 0 follows, 34 sequences, length 18
# corresponding to MSA columns:
# 27-44
name=unknown_A
#
# <colnr> <probs for GDERKNQSTAVLIFYWHMCP>
#	G	D	E	R	K	N	Q	S	T	A	V	L	I	F	Y	W	H	M	C	P
0	0.01620	0.01557	0.09610	0.04842	0.09474	0.06822	0.04526	0.13311	0.03922	0.07732	0.11294	0.04934	0.04160	0.03257	0.00778	0.00226	0.00694	0.09886	0.00520	0.00837
1	0.01621	0.02194	0.23530	0.17686	0.07190	0.08625	0.10587	0.12036	0.06166	0.02258	0.01314	0.01577	0.00976	0.00655	0.00646	0.00204	0.00898	0.00565	0.00370	0.00903
2	0.01864	0.19732	0.18638	0.01565	0.05910	0.05889	0.01449	0.19469	0.09338	0.05577	0.01436	0.01515	0.01085	0.00681	0.00577	0.00183	0.00750	0.00513	0.02874	0.00957
3	0.00928	0.00654	0.00812	0.00772	0.00932	0.00601	0.00579	0.01216	0.01738	0.02475	0.57778	0.04730	0.13314	0.01297	0.00729	0.00199	0.00307	0.01131	0.09206	0.00601
4	0.04031	0.01632	0.11389	0.08672	0.30121	0.01451	0.03517	0.04787	0.12818	0.07165	0.03666	0.02073	0.01427	0.00731	0.00651	0.00206	0.00722	0.03553	0.00436	0.00953
5	0.01628	0.12576	0.24532	0.06537	0.15638	0.04062	0.11701	0.04462	0.01488	0.06816	0.01245	0.01496	0.00947	0.00629	0.00671	0.00197	0.03571	0.00540	0.00341	0.00923
6	0.00787	0.00562	0.00750	0.00900	0.00937	0.00525	0.00600	0.00900	0.01237	0.01649	0.03561	0.76871	0.04274	0.02024	0.00825	0.00262	0.00375	0.01837	0.00600	0.00525
7	0.00917	0.00656	0.00825	0.00783	0.00942	0.00603	0.00587	0.01207	0.01762	0.02492	0.61527	0.04817	0.12753	0.01317	0.00742	0.00201	0.00307	0.01153	0.05805	0.00603
8	0.01815	0.09562	0.09747	0.06348	0.13257	0.04451	0.12262	0.06828	0.06740	0.14658	0.06591	0.01916	0.01489	0.00707	0.00643	0.00196	0.00758	0.00631	0.00467	0.00932
9	0.01755	0.17022	0.21972	0.05479	0.18576	0.01706	0.04689	0.08939	0.01603	0.10368	0.01325	0.01500	0.00994	0.00629	0.00596	0.00188	0.00791	0.00521	0.00385	0.00962
10	0.00787	0.00562	0.00750	0.00900	0.00937	0.00525	0.00600	0.00900	0.01237	0.01649	0.03561	0.76871	0.04274	0.02024	0.00825	0.00262	0.00375	0.01837	0.00600	0.00525
11	0.01326	0.07869	0.61885	0.01828	0.02706	0.01552	0.07081	0.02009	0.01361	0.01995	0.01174	0.01412	0.00859	0.00757	0.03276	0.00231	0.00975	0.00497	0.00280	0.00927
12	0.02008	0.08172	0.09190	0.04444	0.14156	0.09054	0.06271	0.04502	0.07270	0.22471	0.01834	0.03398	0.02854	0.00734	0.00632	0.00195	0.00745	0.00620	0.00498	0.00953
13	0.02806	0.01334	0.01581	0.01231	0.01721	0.06291	0.01008	0.12173	0.02007	0.59335	0.02307	0.02040	0.01479	0.00787	0.00645	0.00197	0.00615	0.00624	0.00746	0.01075
14	0.02299	0.01772	0.09435	0.01433	0.01972	0.01686	0.01267	0.40683	0.12506	0.17396	0.01861	0.01782	0.01293	0.00778	0.00645	0.00200	0.00677	0.00605	0.00639	0.01073
15	0.04489	0.01970	0.18235	0.04499	0.22789	0.03339	0.20526	0.03989	0.03780	0.02124	0.01317	0.03816	0.01068	0.00666	0.00736	0.00209	0.04559	0.00635	0.00341	0.00913
16	0.00832	0.00607	0.00789	0.00922	0.00978	0.00584	0.00623	0.01038	0.05108	0.01707	0.03510	0.72803	0.04148	0.01962	0.00816	0.00260	0.00382	0.01776	0.00603	0.00552
17	0.03593	0.01463	0.04396	0.01496	0.07086	0.01405	0.02906	0.16996	0.09960	0.10794	0.01546	0.01639	0.01165	0.00698	0.00718	0.00176	0.07060	0.00539	0.00501	0.25866

[dist]
# distance from previous block
# <min> <max>
0	1

[block]
# block no. 1 follows, 34 sequences, length 14
# corresponding to MSA columns:
# 46-59
name=unknown_B
#
# <colnr> <probs for GDERKNQSTAVLIFYWHMCP>
#	G	D	E	R	K	N	Q	S	T	A	V	L	I	F	Y	W	H	M	C	P
0	0.08770	0.03620	0.02242	0.09000	0.23873	0.03530	0.07272	0.23433	0.03818	0.02703	0.01301	0.01548	0.01008	0.00680	0.00696	0.00201	0.04354	0.00567	0.00432	0.00952
1	0.01284	0.01220	0.02022	0.59932	0.12158	0.01502	0.01778	0.01680	0.01282	0.01695	0.01126	0.01677	0.00879	0.00687	0.00794	0.00219	0.08450	0.00574	0.00290	0.00752
2	0.81856	0.01250	0.00950	0.00850	0.01250	0.01449	0.00700	0.01899	0.01100	0.02899	0.00900	0.01050	0.00700	0.00600	0.00400	0.00200	0.00500	0.00350	0.00400	0.00700
3	0.01458	0.01408	0.02449	0.29811	0.44115	0.01505	0.06151	0.01868	0.01410	0.01942	0.01197	0.01653	0.00962	0.00599	0.00650	0.00202	0.00821	0.00587	0.00308	0.00904
4	0.02819	0.01228	0.01579	0.01211	0.01713	0.01140	0.01000	0.15433	0.02064	0.61122	0.02369	0.02082	0.01509	0.00795	0.00649	0.00199	0.00579	0.00637	0.00772	0.01099
5	0.01236	0.00972	0.01326	0.01300	0.05759	0.01062	0.03350	0.05303	0.10390	0.04828	0.02502	0.02937	0.12042	0.06348	0.33421	0.00598	0.04669	0.00789	0.00455	0.00714
6	0.01590	0.01586	0.06131	0.15589	0.52431	0.01555	0.01912	0.07515	0.01562	0.02190	0.01229	0.01604	0.00992	0.00606	0.00640	0.00197	0.00788	0.00571	0.00338	0.00975
7	0.01153	0.01077	0.01577	0.30888	0.06117	0.03223	0.05960	0.01556	0.05732	0.01803	0.05391	0.07711	0.19255	0.04800	0.00828	0.00237	0.00666	0.00905	0.00433	0.00688
8	0.01204	0.05006	0.03959	0.04803	0.01591	0.01036	0.05854	0.03979	0.09320	0.02262	0.26293	0.07604	0.08647	0.01074	0.00732	0.02520	0.00505	0.00902	0.00542	0.12166
9	0.01163	0.00611	0.00646	0.00646	0.00783	0.00621	0.00477	0.01438	0.01300	0.02254	0.02071	0.02544	0.01700	0.06329	0.06837	0.00257	0.00443	0.00633	0.68662	0.00586
10	0.01696	0.15644	0.10766	0.01886	0.10463	0.08269	0.12293	0.08747	0.15322	0.02197	0.01495	0.01743	0.01201	0.04612	0.00751	0.00213	0.00799	0.00587	0.00409	0.00906
11	0.00860	0.00650	0.00780	0.00841	0.00963	0.00599	0.00593	0.03759	0.01440	0.01870	0.11356	0.45335	0.25013	0.01787	0.00793	0.00240	0.00367	0.01577	0.00613	0.00563
12	0.01459	0.01035	0.01264	0.01282	0.08233	0.01087	0.00830	0.15217	0.06815	0.06229	0.01986	0.06528	0.01942	0.35992	0.06927	0.00454	0.00707	0.00827	0.00485	0.00700
13	0.01821	0.19645	0.05724	0.01482	0.01806	0.26638	0.01266	0.05301	0.01471	0.01695	0.01046	0.01356	0.00924	0.01161	0.08168	0.00276	0.18658	0.00473	0.00321	0.00768

[dist]
# distance from previous block
# <min> <max>
2	5

[block]
# block no. 2 follows, 34 sequences, length 16
# corresponding to MSA columns:
# 66-81
name=unknown_C
#
# <colnr> <probs for GDERKNQSTAVLIFYWHMCP>
#	G	D	E	R	K	N	Q	S	T	A	V	L	I	F	Y	W	H	M	C	P
0	0.05751	0.01233	0.01883	0.16969	0.26120	0.01330	0.03281	0.04462	0.03225	0.03883	0.09035	0.04635	0.06657	0.00877	0.00761	0.00213	0.05475	0.02964	0.00425	0.00822
1	0.01563	0.01471	0.02454	0.14375	0.43115	0.01528	0.09096	0.06636	0.05932	0.02224	0.04289	0.01814	0.01267	0.00646	0.00660	0.00201	0.00777	0.00630	0.00374	0.00948
2	0.00874	0.00644	0.00818	0.00807	0.00949	0.00587	0.00593	0.01129	0.01686	0.02327	0.52962	0.16841	0.14430	0.01477	0.00773	0.00215	0.00319	0.01303	0.00679	0.00587
3	0.01599	0.09321	0.01569	0.01196	0.01495	0.23077	0.03171	0.05843	0.01810	0.04180	0.30393	0.03091	0.08680	0.01000	0.00663	0.00187	0.00659	0.00813	0.00531	0.00719
4	0.06437	0.01782	0.01890	0.01455	0.01966	0.01976	0.01202	0.67638	0.02941	0.04013	0.01519	0.01526	0.01079	0.00767	0.00634	0.00194	0.00700	0.00570	0.00634	0.01079
5	0.01122	0.00561	0.00842	0.00842	0.00842	0.00561	0.00561	0.00842	0.00842	0.01122	0.01122	0.01964	0.01122	0.02245	0.02525	0.81201	0.00561	0.00561	0.00281	0.00281
6	0.01570	0.01506	0.02571	0.09414	0.68039	0.01528	0.01969	0.01958	0.01458	0.02076	0.01210	0.01609	0.01011	0.00581	0.00640	0.00194	0.00775	0.00576	0.00317	0.01000
7	0.00940	0.00626	0.00705	0.00705	0.00705	0.00626	0.00392	0.00940	0.00940	0.01253	0.02036	0.04228	0.02349	0.77292	0.03289	0.00626	0.00626	0.00940	0.00392	0.00392
8	0.02330	0.02772	0.02068	0.01769	0.02155	0.60182	0.10353	0.02551	0.01792	0.06483	0.01143	0.01310	0.00903	0.00659	0.00611	0.00175	0.01114	0.00477	0.00363	0.00789
9	0.01296	0.03342	0.73944	0.01842	0.02797	0.01501	0.02387	0.02046	0.01364	0.02046	0.01160	0.01364	0.00818	0.00614	0.00614	0.00205	0.00955	0.00477	0.00273	0.00955
10	0.01122	0.00561	0.00842	0.00842	0.00842	0.00561	0.00561	0.00842	0.00842	0.01122	0.01122	0.01964	0.01122	0.02245	0.02525	0.81201	0.00561	0.00561	0.00281	0.00281
11	0.01727	0.77681	0.03386	0.01106	0.01658	0.02557	0.01106	0.01935	0.01313	0.01520	0.00898	0.01036	0.00829	0.00553	0.00415	0.00138	0.00691	0.00345	0.00276	0.00829
12	0.00923	0.00692	0.01038	0.01038	0.01154	0.00808	0.00808	0.01154	0.01038	0.01500	0.01731	0.02538	0.01615	0.04846	0.74732	0.01038	0.01731	0.00692	0.00346	0.00577
13	0.81856	0.01250	0.00950	0.00850	0.01250	0.01449	0.00700	0.01899	0.01100	0.02899	0.00900	0.01050	0.00700	0.00600	0.00400	0.00200	0.00500	0.00350	0.00400	0.00700
14	0.01580	0.01516	0.02589	0.07533	0.69842	0.01530	0.01974	0.01966	0.01462	0.02088	0.01212	0.01605	0.01015	0.00579	0.00640	0.00193	0.00772	0.00576	0.00318	0.01008
15	0.02232	0.02617	0.01856	0.01767	0.08029	0.53491	0.01257	0.08985	0.01863	0.01922	0.01086	0.01258	0.00888	0.00648	0.00582	0.00164	0.01013	0.00442	0.00367	0.09533

[dist]
# distance from previous block
# <min> <max>
0	1

[block]
# block no. 3 follows, 34 sequences, length 16
# corresponding to MSA columns:
# 83-98
name=unknown_D
#
# <colnr> <probs for GDERKNQSTAVLIFYWHMCP>
#	G	D	E	R	K	N	Q	S	T	A	V	L	I	F	Y	W	H	M	C	P
0	0.02198	0.02601	0.02005	0.02174	0.18411	0.51690	0.01408	0.05680	0.04442	0.01862	0.01136	0.01330	0.00932	0.00658	0.00602	0.00176	0.01028	0.00472	0.00357	0.00839
1	0.00816	0.00692	0.00777	0.06318	0.01153	0.00620	0.00603	0.01017	0.01503	0.01842	0.14251	0.05710	0.59401	0.01523	0.00755	0.00216	0.00365	0.01280	0.00590	0.00566
2	0.01669	0.03660	0.02038	0.06785	0.15596	0.01447	0.10087	0.06794	0.22016	0.09150	0.08971	0.02210	0.01842	0.00767	0.00661	0.00201	0.00656	0.00696	0.00523	0.04231
3	0.00809	0.00578	0.00775	0.00924	0.00971	0.00543	0.00637	0.00937	0.01258	0.01674	0.03549	0.70943	0.04226	0.02004	0.00830	0.00265	0.00394	0.07551	0.00599	0.00531
4	0.01340	0.01148	0.01340	0.00957	0.01531	0.00861	0.00766	0.01627	0.01340	0.02105	0.01148	0.01340	0.00957	0.00479	0.00479	0.00096	0.00479	0.00383	0.00383	0.81242
5	0.01157	0.00692	0.00709	0.00685	0.00872	0.00683	0.00519	0.03784	0.04669	0.02345	0.06372	0.03306	0.17079	0.00974	0.00549	0.00172	0.00330	0.00796	0.53680	0.00626
6	0.02199	0.02692	0.05831	0.01808	0.08655	0.53461	0.01327	0.07575	0.01831	0.01898	0.01142	0.01327	0.00923	0.00668	0.00586	0.00172	0.01026	0.00459	0.05616	0.00803
7	0.02899	0.01100	0.01499	0.01150	0.01649	0.00950	0.00950	0.03149	0.01849	0.73709	0.02549	0.02199	0.01599	0.00800	0.00650	0.00200	0.00550	0.00650	0.00800	0.01100
8	0.01220	0.01148	0.01938	0.75739	0.04450	0.01436	0.01794	0.01651	0.01292	0.01651	0.01148	0.01723	0.00861	0.00646	0.00646	0.00215	0.00861	0.00574	0.00287	0.00718
9	0.81856	0.01250	0.00950	0.00850	0.01250	0.01449	0.00700	0.01899	0.01100	0.02899	0.00900	0.01050	0.00700	0.00600	0.00400	0.00200	0.00500	0.00350	0.00400	0.00700
10	0.00802	0.00568	0.00745	0.00881	0.00915	0.00534	0.00580	0.00903	0.01209	0.01612	0.03417	0.70023	0.04092	0.09119	0.01057	0.00297	0.00399	0.01752	0.00580	0.00512
11	0.00940	0.00626	0.00705	0.00705	0.00705	0.00626	0.00392	0.00940	0.00940	0.01253	0.02036	0.04228	0.02349	0.77292	0.03289	0.00626	0.00626	0.00940	0.00392	0.00392
12	0.00843	0.00724	0.00731	0.00717	0.00949	0.00646	0.00541	0.01164	0.08130	0.01836	0.06176	0.05859	0.66304	0.01565	0.00754	0.00218	0.00345	0.01304	0.00605	0.00590
13	0.01648	0.01312	0.01658	0.01375	0.01731	0.01392	0.08595	0.28666	0.12951	0.02854	0.06382	0.20837	0.05444	0.01145	0.00717	0.00219	0.00598	0.01004	0.00603	0.00868
14	0.01893	0.47161	0.11899	0.01328	0.01900	0.11673	0.03471	0.02179	0.01457	0.10032	0.01150	0.01253	0.00923	0.00604	0.00500	0.00160	0.00783	0.00420	0.00346	0.00867
15	0.01885	0.59626	0.05947	0.01197	0.01746	0.06688	0.01163	0.06427	0.01495	0.07133	0.01080	0.01177	0.00904	0.00595	0.00465	0.00151	0.00721	0.00393	0.00342	0.00867

[dist]
# distance from previous block
# <min> <max>
0	5

[block]
# block no. 4 follows, 34 sequences, length 200
# corresponding to MSA columns:
# 104-303
name=unknown_E
#
# <colnr> <probs for GDERKNQSTAVLIFYWHMCP>
#	G	D	E	R	K	N	Q	S	T	A	V	L	I	F	Y	W	H	M	C	P
0	0.01995	0.10896	0.04502	0.01910	0.12897	0.35760	0.04153	0.03955	0.03474	0.03746	0.01185	0.01399	0.00971	0.00761	0.02497	0.00196	0.03274	0.00483	0.02597	0.03349
1	0.01322	0.01129	0.01321	0.00955	0.01512	0.00850	0.00760	0.01603	0.01336	0.02091	0.01227	0.03805	0.01065	0.00529	0.00490	0.00101	0.00475	0.00430	0.00390	0.78608
2	0.01279	0.01719	0.21558	0.28885	0.05011	0.01312	0.05966	0.01854	0.05451	0.03900	0.14597	0.02249	0.01915	0.00771	0.00667	0.00209	0.00767	0.00680	0.00400	0.00808
3	0.00764	0.00655	0.00655	0.00655	0.00873	0.00545	0.00491	0.00927	0.01473	0.01745	0.06546	0.06218	0.73000	0.01636	0.00764	0.00218	0.00327	0.01364	0.00600	0.00545
4	0.01020	0.00690	0.00879	0.00825	0.01009	0.00626	0.00630	0.01300	0.01762	0.06855	0.55606	0.04975	0.15922	0.01355	0.00761	0.00209	0.00335	0.03916	0.00695	0.00630
5	0.05336	0.01091	0.01447	0.01127	0.01601	0.00970	0.00926	0.03015	0.04136	0.65300	0.06213	0.02307	0.01820	0.00823	0.00648	0.00201	0.00534	0.00670	0.00777	0.01058
6	0.01220	0.01148	0.01938	0.75739	0.04450	0.01436	0.01794	0.01651	0.01292	0.01651	0.01148	0.01723	0.00861	0.00646	0.00646	0.00215	0.00861	0.00574	0.00287	0.00718
7	0.81856	0.01250	0.00950	0.00850	0.01250	0.01449	0.00700	0.01899	0.01100	0.02899	0.00900	0.01050	0.00700	0.00600	0.00400	0.00200	0.00500	0.00350	0.00400	0.00700
8	0.00923	0.00692	0.01038	0.01038	0.01154	0.00808	0.00808	0.01154	0.01038	0.01500	0.01731	0.02538	0.01615	0.04846	0.74732	0.01038	0.01731	0.00692	0.00346	0.00577
9	0.01727	0.77681	0.03386	0.01106	0.01658	0.02557	0.01106	0.01935	0.01313	0.01520	0.00898	0.01036	0.00829	0.00553	0.00415	0.00138	0.00691	0.00345	0.00276	0.00829
10	0.01599	0.01535	0.02623	0.03966	0.73262	0.01535	0.01983	0.01983	0.01471	0.02111	0.01215	0.01599	0.01023	0.00576	0.00640	0.00192	0.00768	0.00576	0.00320	0.01023
11	0.00940	0.00626	0.00705	0.00705	0.00705	0.00626	0.00392	0.00940	0.00940	0.01253	0.02036	0.04228	0.02349	0.77292	0.03289	0.00626	0.00626	0.00940	0.00392	0.00392
12	0.00940	0.00626	0.00705	0.00705	0.00705	0.00626	0.00392	0.00940	0.00940	0.01253	0.02036	0.04228	0.02349	0.77292	0.03289	0.00626	0.00626	0.00940	0.00392	0.00392
13	0.02416	0.03003	0.01838	0.01654	0.01998	0.70310	0.01247	0.06717	0.01904	0.01732	0.01032	0.01189	0.00848	0.00672	0.00586	0.00168	0.01138	0.00426	0.00352	0.00770
14	0.00842	0.00660	0.00763	0.00742	0.00928	0.00581	0.00560	0.01075	0.01641	0.02149	0.37770	0.05588	0.39764	0.01491	0.00766	0.00213	0.00323	0.02916	0.00652	0.00577
15	0.23620	0.40683	0.07027	0.01169	0.01672	0.13214	0.01099	0.02031	0.01337	0.01939	0.00931	0.01081	0.00794	0.00587	0.00449	0.00164	0.00728	0.00366	0.00318	0.00790
16	0.01296	0.03342	0.73944	0.01842	0.02797	0.01501	0.02387	0.02046	0.01364	0.02046	0.01160	0.01364	0.00818	0.00614	0.00614	0.00205	0.00955	0.00477	0.00273	0.00955
17	0.01027	0.00747	0.00926	0.00882	0.01072	0.00715	0.00681	0.01452	0.08226	0.04458	0.49892	0.04924	0.13815	0.01346	0.00761	0.00215	0.00359	0.07165	0.00684	0.00652
18	0.04292	0.01536	0.01731	0.03829	0.01898	0.14574	0.09005	0.05870	0.01670	0.20260	0.05176	0.04364	0.01507	0.03234	0.00703	0.00190	0.00711	0.00622	0.00508	0.18319
19	0.01622	0.01146	0.01567	0.03986	0.11411	0.01177	0.05203	0.14973	0.03948	0.10879	0.01875	0.04872	0.01726	0.28805	0.03688	0.00381	0.00708	0.00775	0.00486	0.00770
20	0.01634	0.01443	0.01473	0.01326	0.01691	0.04000	0.01030	0.03405	0.69794	0.02666	0.02576	0.02370	0.01935	0.00870	0.00655	0.00217	0.00533	0.00720	0.00647	0.01014
21	0.01858	0.01519	0.02203	0.12934	0.34210	0.01633	0.01628	0.21020	0.04226	0.07191	0.01416	0.01661	0.01083	0.00687	0.00704	0.00201	0.03801	0.00587	0.00446	0.00994
22	0.01169	0.00575	0.00859	0.00850	0.00863	0.00571	0.00571	0.00902	0.00868	0.03013	0.01159	0.01970	0.01135	0.02207	0.02476	0.79091	0.00561	0.00563	0.00294	0.00302
23	0.01626	0.29335	0.24880	0.04319	0.11625	0.04316	0.07035	0.03938	0.01447	0.04242	0.01135	0.01345	0.00897	0.00595	0.00560	0.00179	0.00830	0.00475	0.00314	0.00907
24	0.01579	0.01309	0.12877	0.01167	0.01480	0.01040	0.01033	0.12110	0.05229	0.10239	0.01458	0.01873	0.01185	0.01592	0.03657	0.39849	0.00676	0.00574	0.00417	0.00657
25	0.00774	0.00615	0.00696	0.00760	0.00901	0.00537	0.00538	0.00915	0.01371	0.01704	0.05259	0.36666	0.43382	0.01804	0.00790	0.00237	0.00348	0.01568	0.00600	0.00537
26	0.05920	0.02710	0.47654	0.01965	0.07509	0.01574	0.08900	0.09891	0.03742	0.02349	0.01253	0.01454	0.00909	0.00630	0.00624	0.00204	0.00889	0.00525	0.00343	0.00956
27	0.01801	0.07629	0.19353	0.06637	0.15931	0.06119	0.05987	0.14149	0.03688	0.08147	0.01398	0.01578	0.01040	0.00657	0.00619	0.00193	0.00809	0.00549	0.02760	0.00954
28	0.04479	0.09297	0.06325	0.01552	0.01936	0.51119	0.01258	0.04725	0.06202	0.01788	0.01141	0.01336	0.00946	0.02555	0.00676	0.00186	0.02882	0.00454	0.00357	0.00786
29	0.01601	0.01303	0.01377	0.01240	0.01587	0.01490	0.00964	0.03235	0.63257	0.04515	0.02576	0.02405	0.01931	0.00862	0.00637	0.00212	0.00492	0.00716	0.08618	0.00983
30	0.01282	0.01372	0.10856	0.01858	0.18059	0.01144	0.04108	0.04308	0.09233	0.02375	0.26587	0.05551	0.03179	0.01018	0.00712	0.00212	0.00588	0.06212	0.00529	0.00818
31	0.81856	0.01250	0.00950	0.00850	0.01250	0.01449	0.00700	0.01899	0.01100	0.02899	0.00900	0.01050	0.00700	0.00600	0.00400	0.00200	0.00500	0.00350	0.00400	0.00700
32	0.01392	0.01147	0.01345	0.00963	0.01535	0.00864	0.00772	0.01678	0.01357	0.04496	0.01195	0.01369	0.00978	0.00489	0.00484	0.00099	0.00481	0.00392	0.00397	0.78567
33	0.00924	0.00690	0.01028	0.01028	0.01140	0.00802	0.00795	0.01147	0.01035	0.01492	0.01740	0.02590	0.01638	0.07078	0.72530	0.01026	0.01697	0.00700	0.00348	0.00571
34	0.01500	0.23091	0.46109	0.01601	0.02373	0.06320	0.01889	0.02136	0.05768	0.01917	0.01171	0.01329	0.00894	0.00617	0.00561	0.00185	0.00870	0.00454	0.00301	0.00913
35	0.00962	0.00674	0.00859	0.00804	0.00976	0.00613	0.00606	0.01247	0.01785	0.04848	0.62314	0.04913	0.14282	0.01343	0.00759	0.00205	0.00316	0.01176	0.00700	0.00618
36	0.01747	0.01458	0.01540	0.01343	0.01734	0.01673	0.01057	0.14618	0.60682	0.02929	0.02452	0.02269	0.01828	0.00860	0.00656	0.00215	0.00544	0.00706	0.00656	0.01035
37	0.00854	0.00627	0.00800	0.00822	0.00944	0.00574	0.00592	0.01077	0.01588	0.02174	0.41672	0.28881	0.13815	0.01593	0.00783	0.00225	0.00331	0.01414	0.00660	0.00574
38	0.01599	0.01535	0.02623	0.03966	0.73262	0.01535	0.01983	0.01983	0.01471	0.02111	0.01215	0.01599	0.01023	0.00576	0.00640	0.00192	0.00768	0.00576	0.00320	0.01023
39	0.02123	0.02108	0.28350	0.01493	0.02156	0.01436	0.01549	0.18255	0.06465	0.26795	0.01814	0.01757	0.01221	0.00731	0.00636	0.00202	0.00734	0.00576	0.00561	0.01041
40	0.02414	0.03079	0.01831	0.01665	0.01998	0.74698	0.01248	0.02580	0.01831	0.01581	0.00999	0.01165	0.00832	0.00666	0.00583	0.00166	0.01165	0.00416	0.00333	0.00749
41	0.81856	0.01250	0.00950	0.00850	0.01250	0.01449	0.00700	0.01899	0.01100	0.02899	0.00900	0.01050	0.00700	0.00600	0.00400	0.00200	0.00500	0.00350	0.00400	0.00700
42	0.01204	0.00602	0.00602	0.00602	0.00753	0.00602	0.00452	0.01506	0.01355	0.02409	0.02108	0.02409	0.01656	0.00753	0.00452	0.00151	0.00301	0.00602	0.80879	0.00602
43	0.00764	0.00655	0.00655	0.00655	0.00873	0.00545	0.00491	0.00927	0.01473	0.01745	0.06546	0.06218	0.73000	0.01636	0.00764	0.00218	0.00327	0.01364	0.00600	0.00545
44	0.00769	0.00655	0.00661	0.00660	0.00876	0.00548	0.00495	0.00937	0.01484	0.01773	0.08718	0.06173	0.70809	0.01626	0.00764	0.00218	0.00327	0.01357	0.00604	0.00548
45	0.00907	0.00613	0.00714	0.00746	0.00754	0.00605	0.00436	0.00931	0.01003	0.01337	0.02360	0.19688	0.02759	0.61274	0.02764	0.00549	0.00573	0.01131	0.00436	0.00420
46	0.00782	0.00654	0.00675	0.00670	0.00876	0.00554	0.00499	0.00954	0.01489	0.01806	0.12321	0.06036	0.64983	0.03816	0.00837	0.00229	0.00334	0.01334	0.00604	0.00547
47	0.09915	0.01712	0.01818	0.01405	0.01910	0.01884	0.01161	0.60256	0.02780	0.08445	0.01555	0.01546	0.01094	0.00761	0.00624	0.00195	0.00681	0.00564	0.00633	0.01062
48	0.71000	0.01229	0.01025	0.00891	0.01305	0.01381	0.00734	0.02071	0.01203	0.12635	0.01126	0.01208	0.00823	0.00627	0.00434	0.00200	0.00507	0.00391	0.00455	0.00755
49	0.00866	0.00654	0.00899	0.08191	0.01317	0.00659	0.00744	0.01077	0.03820	0.01696	0.03289	0.64837	0.03842	0.01842	0.00803	0.00257	0.00433	0.03636	0.00571	0.00564
50	0.01599	0.02672	0.46374	0.01873	0.06903	0.03883	0.05947	0.07813	0.01573	0.08293	0.01316	0.01479	0.00939	0.00630	0.00620	0.00195	0.00873	0.00515	0.00363	0.06140
51	0.01727	0.77681	0.03386	0.01106	0.01658	0.02557	0.01106	0.01935	0.01313	0.01520	0.00898	0.01036	0.00829	0.00553	0.00415	0.00138	0.00691	0.00345	0.00276	0.00829
52	0.81856	0.01250	0.00950	0.00850	0.01250	0.01449	0.00700	0.01899	0.01100	0.02899	0.00900	0.01050	0.00700	0.00600	0.00400	0.00200	0.00500	0.00350	0.00400	0.00700
53	0.01679	0.01778	0.13596	0.01499	0.03845	0.01645	0.01305	0.13038	0.48369	0.02778	0.02190	0.02090	0.01628	0.00810	0.00648	0.00212	0.00621	0.00663	0.00583	0.01023
54	0.00795	0.00587	0.00745	0.00851	0.00929	0.00536	0.00583	0.00934	0.01332	0.01754	0.10550	0.58332	0.15919	0.01894	0.00809	0.00249	0.00360	0.01695	0.00610	0.00536
55	0.00974	0.00672	0.00864	0.00818	0.00983	0.00612	0.00612	0.01252	0.01761	0.05345	0.59852	0.09321	0.11749	0.01372	0.00762	0.00208	0.00321	0.01206	0.00698	0.00619
56	0.00922	0.00681	0.00864	0.00814	0.00978	0.00633	0.00612	0.01259	0.03850	0.02523	0.65286	0.04873	0.11604	0.01335	0.00759	0.00205	0.00313	0.01172	0.00700	0.00616
57	0.01204	0.00602	0.00602	0.00602	0.00753	0.00602	0.00452	0.01506	0.01355	0.02409	0.02108	0.02409	0.01656	0.00753	0.00452	0.00151	0.00301	0.00602	0.80879	0.00602
58	0.02456	0.01810	0.01939	0.01487	0.02004	0.02004	0.01228	0.71107	0.03038	0.04072	0.01551	0.01551	0.01099	0.00776	0.00646	0.00194	0.00711	0.00582	0.00646	0.01099
59	0.01599	0.01535	0.02623	0.03966	0.73262	0.01535	0.01983	0.01983	0.01471	0.02111	0.01215	0.01599	0.01023	0.00576	0.00640	0.00192	0.00768	0.00576	0.00320	0.01023
60	0.01414	0.01414	0.01979	0.01696	0.01696	0.01979	0.01414	0.01555	0.00990	0.01555	0.00848	0.01414	0.00848	0.01131	0.02120	0.00283	0.76110	0.00565	0.00283	0.00707
61	0.02409	0.01778	0.01903	0.01463	0.01972	0.01963	0.01208	0.69150	0.02994	0.04007	0.01691	0.01681	0.03104	0.00800	0.00650	0.00195	0.00700	0.00604	0.00645	0.01083
62	0.01555	0.01340	0.01413	0.01275	0.01629	0.01539	0.00991	0.03276	0.67455	0.02661	0.04562	0.02626	0.04960	0.00919	0.00664	0.00219	0.00499	0.00767	0.00656	0.00993
63	0.81856	0.01250	0.00950	0.00850	0.01250	0.01449	0.00700	0.01899	0.01100	0.02899	0.00900	0.01050	0.00700	0.00600	0.00400	0.00200	0.00500	0.00350	0.00400	0.00700
64	0.01603	0.05743	0.01517	0.01046	0.01559	0.03019	0.00849	0.03910	0.01436	0.10704	0.01327	0.01524	0.01069	0.03069	0.00662	0.00141	0.03600	0.00445	0.00430	0.56346
65	0.01220	0.01148	0.01938	0.75739	0.04450	0.01436	0.01794	0.01651	0.01292	0.01651	0.01148	0.01723	0.00861	0.00646	0.00646	0.00215	0.00861	0.00574	0.00287	0.00718
66	0.01714	0.48314	0.14074	0.01290	0.01853	0.09111	0.01300	0.02131	0.06885	0.03389	0.01153	0.01289	0.00963	0.00760	0.03182	0.00192	0.00798	0.00423	0.00326	0.00854
67	0.01727	0.77681	0.03386	0.01106	0.01658	0.02557	0.01106	0.01935	0.01313	0.01520	0.00898	0.01036	0.00829	0.00553	0.00415	0.00138	0.00691	0.00345	0.00276	0.00829
68	0.01156	0.00891	0.01039	0.00942	0.01173	0.00903	0.00723	0.07848	0.14293	0.02636	0.45618	0.04284	0.13476	0.01234	0.00733	0.00207	0.00381	0.01063	0.00682	0.00718
69	0.01820	0.64026	0.05261	0.01213	0.01744	0.13576	0.01166	0.02037	0.01394	0.01545	0.00922	0.01066	0.00829	0.00572	0.00446	0.00145	0.00772	0.00360	0.00285	0.00821
70	0.01232	0.01160	0.01959	0.73501	0.06596	0.01439	0.01800	0.01661	0.01298	0.01665	0.01151	0.01719	0.00866	0.00644	0.00646	0.00215	0.00858	0.00574	0.00288	0.00727
71	0.02416	0.03017	0.01836	0.01656	0.01998	0.71094	0.01247	0.05978	0.01891	0.01705	0.01026	0.01184	0.00846	0.00671	0.00586	0.00168	0.01143	0.00424	0.00348	0.00766
72	0.01414	0.01414	0.01979	0.01696	0.01696	0.01979	0.01414	0.01555	0.00990	0.01555	0.00848	0.01414	0.00848	0.01131	0.02120	0.00283	0.76110	0.00565	0.00283	0.00707
73	0.02807	0.01248	0.01591	0.01220	0.01723	0.01169	0.01008	0.17319	0.02097	0.59189	0.02341	0.02064	0.01495	0.00795	0.00649	0.00199	0.00583	0.00636	0.00768	0.01099
74	0.01225	0.04710	0.48300	0.01564	0.02270	0.01306	0.04094	0.04067	0.01436	0.02037	0.04267	0.10533	0.09638	0.00913	0.00659	0.00211	0.00786	0.00762	0.00375	0.00847
75	0.02728	0.01151	0.01510	0.01171	0.01645	0.01053	0.00960	0.10580	0.01928	0.61474	0.02396	0.02197	0.01566	0.03150	0.03174	0.00239	0.00609	0.00652	0.00756	0.01062
76	0.81856	0.01250	0.00950	0.00850	0.01250	0.01449	0.00700	0.01899	0.01100	0.02899	0.00900	0.01050	0.00700	0.00600	0.00400	0.00200	0.00500	0.00350	0.00400	0.00700
77	0.03332	0.02689	0.49107	0.10953	0.06967	0.01513	0.12413	0.01995	0.01379	0.02027	0.01177	0.01469	0.00856	0.00605	0.00636	0.00207	0.00942	0.00534	0.00288	0.00912
78	0.01560	0.03976	0.10957	0.04625	0.28129	0.03550	0.14595	0.03936	0.03440	0.06204	0.01638	0.11402	0.01459	0.00793	0.00677	0.00207	0.00790	0.00760	0.00396	0.00906
79	0.01088	0.00851	0.01243	0.01148	0.03427	0.00888	0.07712	0.04008	0.01150	0.01580	0.03792	0.03334	0.02013	0.42866	0.19728	0.00632	0.02772	0.00834	0.00389	0.00546
80	0.00787	0.00562	0.00750	0.00900	0.00937	0.00525	0.00600	0.00900	0.01237	0.01649	0.03561	0.76871	0.04274	0.02024	0.00825	0.00262	0.00375	0.01837	0.00600	0.00525
81	0.01059	0.01159	0.12180	0.11475	0.06269	0.00890	0.01154	0.01351	0.01339	0.04045	0.04940	0.39459	0.05263	0.01444	0.00751	0.00240	0.00569	0.05239	0.00499	0.00673
82	0.03965	0.04738	0.08622	0.16968	0.26828	0.03966	0.06250	0.10246	0.01620	0.04195	0.01338	0.01748	0.01064	0.00662	0.00631	0.00199	0.00794	0.02406	0.02853	0.00908
83	0.01445	0.01690	0.06058	0.02507	0.03118	0.01523	0.61642	0.01957	0.01499	0.02031	0.01618	0.06642	0.03563	0.00677	0.00761	0.00220	0.01014	0.00840	0.00351	0.00842
84	0.00868	0.00584	0.00776	0.00903	0.00956	0.00543	0.00606	0.00982	0.01250	0.04251	0.03478	0.71967	0.04118	0.04254	0.00893	0.00271	0.00389	0.01767	0.00601	0.00542
85	0.04718	0.03599	0.13272	0.02281	0.24163	0.03855	0.05600	0.02272	0.05526	0.16652	0.03438	0.01761	0.01258	0.00719	0.00774	0.00206	0.07923	0.00591	0.00439	0.00953
86	0.04319	0.11072	0.26917	0.04520	0.19828	0.01573	0.01745	0.05951	0.03696	0.10085	0.01422	0.03625	0.01102	0.00675	0.00604	0.00195	0.00771	0.00556	0.00390	0.00955
87	0.01400	0.01116	0.01798	0.09828	0.19592	0.01135	0.07711	0.01691	0.01430	0.10042	0.02590	0.15796	0.10851	0.01119	0.00815	0.00227	0.05465	0.06133	0.00474	0.00786
88	0.29715	0.10481	0.03820	0.01520	0.08207	0.26550	0.01140	0.07939	0.01576	0.02300	0.01024	0.01188	0.00825	0.00630	0.00512	0.00181	0.00802	0.00415	0.00373	0.00801
89	0.00919	0.00693	0.00789	0.00774	0.00975	0.00619	0.00586	0.01181	0.03925	0.04484	0.23853	0.10292	0.42773	0.01529	0.00765	0.00220	0.00349	0.04039	0.00639	0.00598
90	0.04441	0.55897	0.07401	0.01220	0.01768	0.09922	0.01184	0.06124	0.01467	0.01775	0.00972	0.01111	0.00844	0.00581	0.00460	0.00149	0.00746	0.00376	0.00311	0.03249
91	0.01325	0.01136	0.03654	0.02749	0.01486	0.00973	0.00841	0.12927	0.01714	0.02412	0.13891	0.07702	0.13214	0.00955	0.00628	0.00166	0.00483	0.00800	0.00522	0.32421
92	0.01638	0.01992	0.16808	0.11222	0.33811	0.06655	0.03890	0.09251	0.04486	0.02235	0.01276	0.01568	0.00995	0.00630	0.00636	0.00197	0.00837	0.00557	0.00355	0.00959
93	0.01706	0.17952	0.10459	0.06444	0.04710	0.05885	0.07655	0.06599	0.15119	0.08125	0.03984	0.01993	0.05120	0.00750	0.00612	0.00192	0.00723	0.00619	0.00456	0.00897
94	0.00864	0.00597	0.00740	0.00824	0.00849	0.00578	0.00524	0.00933	0.01115	0.01484	0.02882	0.42221	0.03402	0.35302	0.01917	0.00425	0.00494	0.03873	0.00508	0.00468
95	0.25777	0.01167	0.01355	0.01074	0.01545	0.01130	0.00886	0.05044	0.01671	0.50865	0.02038	0.01844	0.01322	0.00741	0.00577	0.00200	0.00541	0.00561	0.00679	0.00984
96	0.01328	0.01261	0.04546	0.28356	0.19801	0.01309	0.05289	0.01769	0.05444	0.04102	0.01759	0.16248	0.01651	0.00923	0.00734	0.00221	0.03229	0.00836	0.00394	0.00800
97	0.01405	0.07141	0.26293	0.10952	0.11448	0.01386	0.01685	0.01907	0.03678	0.06495	0.01621	0.02402	0.01397	0.03175	0.05657	0.00280	0.02753	0.09103	0.00376	0.00845
98	0.00786	0.00565	0.00747	0.00892	0.00935	0.00525	0.00596	0.00901	0.01245	0.01653	0.03660	0.74536	0.06545	0.02011	0.00823	0.00261	0.00373	0.01821	0.00600	0.00525
99	0.01016	0.00832	0.01134	0.01104	0.01211	0.03346	0.00859	0.01228	0.01056	0.01497	0.01641	0.02462	0.01551	0.07320	0.62961	0.00926	0.08244	0.00682	0.00342	0.00587
100	0.03845	0.08393	0.21471	0.08497	0.06854	0.06057	0.07323	0.05141	0.12360	0.09348	0.01508	0.01649	0.01115	0.00687	0.00662	0.00201	0.02986	0.00561	0.00416	0.00924
101	0.03605	0.01422	0.07917	0.05813	0.01846	0.09375	0.06299	0.03582	0.03769	0.04250	0.02181	0.18194	0.02213	0.01499	0.06373	0.00299	0.06730	0.13458	0.00461	0.00712
102	0.02364	0.05315	0.01911	0.01726	0.04572	0.67804	0.01270	0.04415	0.01835	0.01667	0.01019	0.01188	0.00846	0.00662	0.00581	0.00167	0.01124	0.00424	0.00339	0.00771
103	0.01044	0.00652	0.00783	0.00775	0.00935	0.00600	0.00571	0.01283	0.01544	0.06348	0.27657	0.18600	0.15958	0.01355	0.00698	0.00205	0.00336	0.01175	0.18871	0.00609
104	0.01607	0.01388	0.01461	0.01315	0.01680	0.01607	0.01023	0.03433	0.72094	0.02703	0.02630	0.02411	0.01972	0.00877	0.00657	0.00219	0.00511	0.00731	0.00657	0.01023
105	0.02706	0.01053	0.01433	0.01124	0.01584	0.00913	0.00917	0.02949	0.01811	0.67010	0.04817	0.06915	0.01906	0.00892	0.00664	0.00204	0.00531	0.00740	0.00785	0.01049
106	0.00896	0.00660	0.00838	0.00794	0.00954	0.00602	0.00595	0.01184	0.01786	0.02489	0.64902	0.04995	0.14179	0.01359	0.00762	0.00205	0.00308	0.01192	0.00698	0.00602
107	0.02867	0.01107	0.01499	0.01154	0.01650	0.00966	0.00951	0.03156	0.03568	0.71972	0.02551	0.02204	0.01609	0.00802	0.00650	0.00200	0.00549	0.00652	0.00796	0.01098
108	0.01296	0.03342	0.73944	0.01842	0.02797	0.01501	0.02387	0.02046	0.01364	0.02046	0.01160	0.01364	0.00818	0.00614	0.00614	0.00205	0.00955	0.00477	0.00273	0.00955
109	0.00924	0.00690	0.01027	0.01027	0.01139	0.00802	0.00794	0.01147	0.01035	0.01492	0.01741	0.02594	0.01640	0.07251	0.72360	0.01025	0.01694	0.00700	0.00348	0.00571
110	0.01204	0.00602	0.00602	0.00602	0.00753	0.00602	0.00452	0.01506	0.01355	0.02409	0.02108	0.02409	0.01656	0.00753	0.00452	0.00151	0.00301	0.00602	0.80879	0.00602
111	0.01727	0.77681	0.03386	0.01106	0.01658	0.02557	0.01106	0.01935	0.01313	0.01520	0.00898	0.01036	0.00829	0.00553	0.00415	0.00138	0.00691	0.00345	0.00276	0.00829
112	0.01727	0.77681	0.03386	0.01106	0.01658	0.02557	0.01106	0.01935	0.01313	0.01520	0.00898	0.01036	0.00829	0.00553	0.00415	0.00138	0.00691	0.00345	0.00276	0.00829
113	0.02231	0.01730	0.03984	0.01444	0.01937	0.01856	0.01204	0.50317	0.19645	0.06077	0.01835	0.01776	0.01319	0.00796	0.00648	0.00201	0.00665	0.00617	0.00643	0.01076
114	0.00940	0.00626	0.00705	0.00705	0.00705	0.00626	0.00392	0.00940	0.00940	0.01253	0.02036	0.04228	0.02349	0.77292	0.03289	0.00626	0.00626	0.00940	0.00392	0.00392
115	0.01296	0.03342	0.73944	0.01842	0.02797	0.01501	0.02387	0.02046	0.01364	0.02046	0.01160	0.01364	0.00818	0.00614	0.00614	0.00205	0.00955	0.00477	0.00273	0.00955
116	0.01296	0.03342	0.73944	0.01842	0.02797	0.01501	0.02387	0.02046	0.01364	0.02046	0.01160	0.01364	0.00818	0.00614	0.00614	0.00205	0.00955	0.00477	0.00273	0.00955
117	0.01414	0.01414	0.01979	0.01696	0.01696	0.01979	0.01414	0.01555	0.00990	0.01555	0.00848	0.01414	0.00848	0.01131	0.02120	0.00283	0.76110	0.00565	0.00283	0.00707
118	0.00768	0.00655	0.00660	0.00659	0.00875	0.00547	0.00494	0.00935	0.01482	0.01768	0.08337	0.06181	0.71194	0.01628	0.00764	0.00218	0.00327	0.01358	0.00603	0.00547
119	0.00785	0.00571	0.00740	0.00876	0.00931	0.00527	0.00589	0.00902	0.01260	0.01659	0.03852	0.69976	0.10981	0.01986	0.00819	0.00258	0.00370	0.01791	0.00600	0.00527
120	0.01400	0.03085	0.65036	0.01796	0.02702	0.01450	0.04299	0.02098	0.01397	0.06311	0.01246	0.01424	0.00875	0.00618	0.00616	0.00201	0.00918	0.00493	0.00310	0.03724
121	0.00923	0.00692	0.01038	0.01038	0.01154	0.00808	0.00808	0.01154	0.01038	0.01500	0.01731	0.02538	0.01615	0.04846	0.74732	0.01038	0.01731	0.00692	0.00346	0.00577
122	0.06408	0.01556	0.03717	0.01640	0.11690	0.06074	0.01168	0.15268	0.20471	0.07504	0.04610	0.01872	0.01487	0.00731	0.00609	0.00185	0.00627	0.00592	0.00532	0.13261
123	0.23243	0.03790	0.05650	0.15737	0.15028	0.05345	0.01279	0.03843	0.01352	0.02175	0.01459	0.12925	0.01374	0.00826	0.00587	0.00204	0.00671	0.00679	0.00387	0.03443
124	0.01667	0.42581	0.23723	0.01601	0.08305	0.04459	0.01559	0.03923	0.01422	0.03904	0.01072	0.01234	0.00873	0.00590	0.00511	0.00167	0.00787	0.00422	0.00306	0.00896
125	0.01810	0.08452	0.04161	0.10447	0.35887	0.06398	0.03963	0.06351	0.01585	0.10303	0.01329	0.01592	0.01035	0.00643	0.00671	0.00193	0.03285	0.00557	0.00386	0.00952
126	0.02572	0.01109	0.01532	0.09779	0.01949	0.01029	0.01039	0.05623	0.01832	0.58448	0.06395	0.02269	0.01752	0.00811	0.00656	0.00202	0.00578	0.00668	0.00729	0.01027
127	0.81856	0.01250	0.00950	0.00850	0.01250	0.01449	0.00700	0.01899	0.01100	0.02899	0.00900	0.01050	0.00700	0.00600	0.00400	0.00200	0.00500	0.00350	0.00400	0.00700
128	0.00787	0.00562	0.00750	0.00900	0.00937	0.00525	0.00600	0.00900	0.01237	0.01649	0.03561	0.76871	0.04274	0.02024	0.00825	0.00262	0.00375	0.01837	0.00600	0.00525
129	0.00923	0.00692	0.01038	0.01038	0.01154	0.00808	0.00808	0.01154	0.01038	0.01500	0.01731	0.02538	0.01615	0.04846	0.74732	0.01038	0.01731	0.00692	0.00346	0.00577
130	0.00791	0.00565	0.00753	0.00897	0.00938	0.00527	0.00600	0.00910	0.01256	0.01679	0.05734	0.74614	0.04331	0.02002	0.00823	0.00261	0.00373	0.01816	0.00603	0.00527
131	0.01414	0.01414	0.01979	0.01696	0.01696	0.01979	0.01414	0.01555	0.00990	0.01555	0.00848	0.01414	0.00848	0.01131	0.02120	0.00283	0.76110	0.00565	0.00283	0.00707
132	0.81856	0.01250	0.00950	0.00850	0.01250	0.01449	0.00700	0.01899	0.01100	0.02899	0.00900	0.01050	0.00700	0.00600	0.00400	0.00200	0.00500	0.00350	0.00400	0.00700
133	0.00812	0.00619	0.00748	0.00807	0.00933	0.00555	0.00578	0.00985	0.01442	0.01876	0.18194	0.36339	0.28201	0.01746	0.00794	0.00237	0.00352	0.03610	0.00622	0.00551
134	0.02414	0.03079	0.01831	0.01665	0.01998	0.74698	0.01248	0.02580	0.01831	0.01581	0.00999	0.01165	0.00832	0.00666	0.00583	0.00166	0.01165	0.00416	0.00333	0.00749
135	0.01015	0.00868	0.03219	0.03399	0.03816	0.00808	0.04519	0.03505	0.01371	0.01866	0.09672	0.28627	0.07196	0.06821	0.12055	0.00381	0.00699	0.06405	0.00511	0.03246
136	0.02414	0.03079	0.01831	0.01665	0.01998	0.74698	0.01248	0.02580	0.01831	0.01581	0.00999	0.01165	0.00832	0.00666	0.00583	0.00166	0.01165	0.00416	0.00333	0.00749
137	0.01490	0.01948	0.20231	0.02093	0.10887	0.01530	0.18923	0.04553	0.22080	0.02316	0.03583	0.04382	0.01479	0.00739	0.00679	0.00212	0.00793	0.00700	0.00438	0.00943
138	0.01541	0.01112	0.01492	0.22707	0.02343	0.01074	0.01092	0.04677	0.03584	0.13412	0.06243	0.02166	0.06142	0.00730	0.00603	0.00169	0.00591	0.00612	0.00474	0.29237
139	0.04237	0.11985	0.28201	0.01806	0.11339	0.08046	0.01639	0.02295	0.13053	0.05020	0.05196	0.01713	0.01343	0.00693	0.00598	0.00193	0.00777	0.00549	0.00397	0.00920
140	0.00940	0.00626	0.00705	0.00705	0.00705	0.00626	0.00392	0.00940	0.00940	0.01253	0.02036	0.04228	0.02349	0.77292	0.03289	0.00626	0.00626	0.00940	0.00392	0.00392
141	0.01650	0.04264	0.15801	0.11660	0.20366	0.01468	0.10930	0.04336	0.01513	0.11935	0.03473	0.01765	0.01191	0.00790	0.02816	0.00228	0.03896	0.00605	0.00394	0.00921
142	0.01607	0.01388	0.01461	0.01315	0.01680	0.01607	0.01023	0.03433	0.72094	0.02703	0.02630	0.02411	0.01972	0.00877	0.00657	0.00219	0.00511	0.00731	0.00657	0.01023
143	0.00964	0.00570	0.00803	0.00874	0.00896	0.00553	0.00589	0.00887	0.01043	0.01388	0.02316	0.35649	0.02654	0.04601	0.01738	0.39772	0.00481	0.03381	0.00437	0.00404
144	0.01512	0.13054	0.01695	0.01015	0.01581	0.01190	0.00850	0.05524	0.01445	0.04459	0.01177	0.01332	0.00966	0.00517	0.00483	0.00111	0.00527	0.00397	0.00394	0.61771
145	0.01037	0.00742	0.00973	0.01073	0.01242	0.00721	0.00905	0.01338	0.03411	0.03820	0.03967	0.11623	0.16536	0.01723	0.00851	0.00276	0.00526	0.48028	0.00603	0.00606
146	0.04473	0.21887	0.08479	0.05732	0.13002	0.06433	0.03207	0.09197	0.03671	0.08791	0.01443	0.01579	0.02978	0.00655	0.00565	0.00176	0.00729	0.00515	0.00406	0.06083
147	0.01678	0.20398	0.19653	0.08353	0.24329	0.01724	0.01729	0.04093	0.01475	0.08909	0.01259	0.01473	0.00972	0.00613	0.00581	0.00185	0.00779	0.00504	0.00351	0.00944
148	0.00914	0.00660	0.00864	0.00813	0.00965	0.00610	0.00610	0.01219	0.01829	0.02591	0.72921	0.04827	0.06097	0.01321	0.00762	0.00203	0.00305	0.01169	0.00711	0.00610
149	0.01953	0.06250	0.01941	0.03631	0.06516	0.07000	0.05867	0.16617	0.20264	0.11671	0.03769	0.01927	0.01476	0.00785	0.00716	0.00202	0.04804	0.00630	0.03025	0.00956
150	0.06109	0.04491	0.28441	0.08828	0.08131	0.01562	0.10367	0.08766	0.08211	0.04681	0.01444	0.01745	0.01095	0.00682	0.00635	0.00207	0.00826	0.02466	0.00390	0.00924
151	0.00918	0.00623	0.00720	0.00740	0.00758	0.00614	0.00440	0.00951	0.01026	0.01364	0.04219	0.12830	0.04819	0.62530	0.02805	0.00553	0.00579	0.02652	0.00435	0.00422
152	0.11587	0.01179	0.01478	0.01146	0.01637	0.01098	0.00947	0.09035	0.01872	0.59709	0.02278	0.02015	0.01456	0.00775	0.00622	0.00199	0.00559	0.00611	0.00742	0.01055
153	0.01648	0.10960	0.15011	0.05742	0.07084	0.13450	0.07820	0.09031	0.05774	0.02140	0.03834	0.05685	0.01374	0.00850	0.02430	0.00212	0.00833	0.00623	0.04652	0.00847
154	0.01559	0.01816	0.13832	0.07947	0.41930	0.03764	0.08441	0.02041	0.03411	0.04410	0.01464	0.01766	0.03406	0.00637	0.00651	0.00199	0.00818	0.00606	0.00346	0.00956
155	0.00944	0.00670	0.00968	0.00968	0.01054	0.00756	0.00719	0.01091	0.01005	0.01426	0.01722	0.02749	0.01684	0.15940	0.56794	0.08476	0.01448	0.00719	0.00347	0.00520
156	0.73539	0.01383	0.01047	0.00936	0.01317	0.06584	0.00763	0.01935	0.01147	0.02761	0.00905	0.01070	0.00714	0.00623	0.00472	0.00200	0.03149	0.00362	0.00391	0.00703
157	0.00934	0.00624	0.00706	0.00711	0.00713	0.00623	0.00399	0.00938	0.00950	0.01266	0.02088	0.06729	0.02415	0.74702	0.03204	0.00614	0.00618	0.00971	0.00399	0.00396
158	0.01627	0.01624	0.02479	0.11704	0.59567	0.07774	0.01899	0.01997	0.01482	0.02015	0.01189	0.01576	0.00989	0.00591	0.00635	0.00192	0.00812	0.00562	0.00317	0.00966
159	0.03577	0.01336	0.03602	0.03737	0.19503	0.03297	0.05283	0.06055	0.05877	0.04823	0.06504	0.06656	0.04181	0.00854	0.00725	0.00195	0.04957	0.02750	0.04504	0.11583
160	0.01083	0.00886	0.00985	0.00926	0.01162	0.00903	0.00704	0.01820	0.23965	0.02335	0.27886	0.06842	0.25391	0.01301	0.00731	0.00215	0.00379	0.01112	0.00656	0.00718
161	0.01609	0.23893	0.26770	0.01759	0.04419	0.08555	0.12177	0.02093	0.03176	0.03638	0.01222	0.01537	0.00986	0.00649	0.00631	0.00189	0.03019	0.02479	0.00321	0.00877
162	0.01337	0.00970	0.01254	0.01131	0.01308	0.01133	0.00899	0.12649	0.01423	0.04066	0.01666	0.02241	0.01451	0.05006	0.37452	0.00629	0.11648	0.00649	0.12394	0.00693
163	0.00988	0.00765	0.02940	0.00841	0.00932	0.00709	0.00582	0.03413	0.03103	0.01618	0.06864	0.16067	0.06861	0.45395	0.02230	0.00464	0.00557	0.04688	0.00479	0.00503
164	0.01614	0.03662	0.03925	0.01483	0.08596	0.07665	0.01089	0.08819	0.26329	0.05974	0.09179	0.02963	0.11791	0.00973	0.00671	0.00207	0.00592	0.03010	0.00574	0.00885
165	0.01261	0.01279	0.06333	0.01911	0.22256	0.03556	0.01214	0.03233	0.06120	0.01967	0.05176	0.11212	0.16655	0.06453	0.00963	0.00248	0.04585	0.04351	0.00465	0.00763
166	0.01701	0.14285	0.15952	0.01495	0.03837	0.17526	0.01360	0.04492	0.01483	0.04244	0.01257	0.06035	0.01106	0.00753	0.00744	0.00181	0.09459	0.00536	0.00357	0.13196
167	0.01822	0.53525	0.02839	0.01216	0.01717	0.09025	0.01114	0.07005	0.12645	0.01889	0.01226	0.01301	0.01028	0.00630	0.00484	0.00157	0.00708	0.00429	0.00367	0.00871
168	0.00955	0.00821	0.02826	0.00825	0.01049	0.00718	0.00645	0.05721	0.03862	0.01995	0.12101	0.12555	0.43930	0.05721	0.00898	0.00244	0.00404	0.03526	0.00596	0.00607
169	0.06329	0.06422	0.13208	0.01878	0.13467	0.04373	0.01474	0.15740	0.07783	0.02389	0.01323	0.01610	0.01075	0.02988	0.03274	0.00248	0.14562	0.00554	0.00405	0.00898
170	0.01968	0.15707	0.07415	0.01481	0.03934	0.01875	0.03518	0.37846	0.06794	0.03041	0.04169	0.06329	0.01459	0.00814	0.00621	0.00191	0.00691	0.00646	0.00531	0.00971
171	0.00787	0.00562	0.00750	0.00900	0.00937	0.00525	0.00600	0.00900	0.01237	0.01649	0.03561	0.76871	0.04274	0.02024	0.00825	0.00262	0.00375	0.01837	0.00600	0.00525
172	0.01403	0.01419	0.04267	0.37963	0.31522	0.01497	0.08950	0.01835	0.01389	0.01886	0.01191	0.01667	0.00937	0.00607	0.00655	0.00206	0.00850	0.00592	0.00304	0.00861
