[name]
unknown

[dist]
# distance from previous block
# <min> <max>
0	15

[block]
# block no. 0 follows, 32 sequences, length 8
# corresponding to MSA columns:
# 15-22
name=unknown_A
#
# <colnr> <probs for GDERKNQSTAVLIFYWHMCP>
#	G	D	E	R	K	N	Q	S	T	A	V	L	I	F	Y	W	H	M	C	P
0	0.01230	0.01184	0.05914	0.06195	0.06569	0.01071	0.12959	0.01625	0.01530	0.02033	0.02753	0.05502	0.02844	0.01412	0.00855	0.00277	0.00755	0.44054	0.00513	0.00725
1	0.00902	0.00629	0.00799	0.00884	0.00920	0.00618	0.00581	0.00994	0.01166	0.01561	0.02952	0.39801	0.03449	0.30561	0.07066	0.00476	0.00602	0.05017	0.00521	0.00500
2	0.01455	0.01866	0.17723	0.04611	0.07444	0.03485	0.17864	0.06144	0.10124	0.02256	0.04074	0.16055	0.01925	0.00966	0.00731	0.00227	0.00806	0.00907	0.00454	0.00882
3	0.04948	0.07062	0.01238	0.01142	0.05436	0.00967	0.00780	0.01485	0.05707	0.05700	0.08837	0.27687	0.05560	0.14266	0.05857	0.00356	0.00592	0.01178	0.00540	0.00664
4	0.01265	0.04926	0.07385	0.06096	0.16759	0.01187	0.05365	0.01734	0.07312	0.02132	0.11473	0.15527	0.10140	0.01116	0.00715	0.00218	0.00608	0.00999	0.04244	0.00800
5	0.07587	0.07237	0.03946	0.14417	0.07687	0.01315	0.01182	0.07887	0.03426	0.12281	0.07670	0.12500	0.02084	0.03780	0.02256	0.00247	0.00658	0.00824	0.02187	0.00831
6	0.01726	0.01718	0.06713	0.08118	0.17938	0.04185	0.16789	0.12186	0.09150	0.04151	0.01652	0.06268	0.01352	0.00758	0.00697	0.00211	0.00826	0.00720	0.00448	0.04392
7	0.01083	0.01000	0.04078	0.01198	0.04250	0.00859	0.06967	0.01433	0.05964	0.02076	0.17709	0.10591	0.24429	0.03772	0.00953	0.05071	0.00503	0.01113	0.00557	0.06395

[dist]
# distance from previous block
# <min> <max>
0	5

[block]
# block no. 1 follows, 32 sequences, length 35
# corresponding to MSA columns:
# 28-62
name=unknown_B
#
# <colnr> <probs for GDERKNQSTAVLIFYWHMCP>
#	G	D	E	R	K	N	Q	S	T	A	V	L	I	F	Y	W	H	M	C	P
0	0.06862	0.09930	0.12113	0.04168	0.04150	0.08372	0.09587	0.13572	0.01767	0.07704	0.01600	0.04028	0.03334	0.00900	0.03056	0.00228	0.03050	0.00619	0.00443	0.04516
1	0.12950	0.15628	0.06435	0.01280	0.01789	0.07329	0.01129	0.21746	0.04123	0.02801	0.07619	0.01703	0.01468	0.00734	0.00573	0.00179	0.00682	0.00539	0.00487	0.10807
2	0.34335	0.15058	0.08715	0.05475	0.01918	0.09049	0.03082	0.02262	0.10352	0.02408	0.01230	0.01375	0.00965	0.00661	0.00519	0.00197	0.00710	0.00459	0.00399	0.00831
3	0.29432	0.03663	0.01477	0.05842	0.05216	0.11025	0.02893	0.01959	0.01424	0.08552	0.06181	0.08343	0.03835	0.00939	0.00724	0.02710	0.03886	0.00679	0.00462	0.00757
4	0.06140	0.01102	0.01665	0.02765	0.06669	0.01075	0.12936	0.01636	0.06592	0.02101	0.08233	0.20096	0.08542	0.05371	0.00916	0.00244	0.02605	0.01058	0.00502	0.09753
5	0.01907	0.01151	0.01382	0.01147	0.01482	0.01186	0.00902	0.16564	0.05976	0.19378	0.04263	0.02509	0.01766	0.11930	0.10250	0.00370	0.03474	0.00704	0.07513	0.06146
6	0.01748	0.01431	0.01508	0.01328	0.01709	0.01636	0.01041	0.11973	0.56548	0.02965	0.02542	0.02388	0.01904	0.00886	0.00664	0.00218	0.00540	0.00728	0.07206	0.01036
7	0.02137	0.01349	0.01537	0.05757	0.01816	0.01447	0.01039	0.29723	0.09933	0.15703	0.02036	0.02059	0.01461	0.00807	0.00624	0.00196	0.00591	0.00639	0.20165	0.00982
8	0.06143	0.01121	0.01417	0.01121	0.01572	0.01032	0.00916	0.08451	0.01934	0.50617	0.07816	0.02548	0.04503	0.00888	0.00660	0.00204	0.00536	0.00719	0.06777	0.01025
9	0.01558	0.01421	0.02469	0.13094	0.42355	0.01437	0.09847	0.01967	0.01559	0.04764	0.08900	0.02104	0.01641	0.00701	0.00688	0.00206	0.00775	0.00690	0.02880	0.00944
10	0.00871	0.00665	0.00711	0.00715	0.00843	0.00601	0.00477	0.00976	0.01313	0.01634	0.06824	0.08149	0.39994	0.31238	0.01832	0.00395	0.00464	0.01254	0.00541	0.00505
11	0.02573	0.01843	0.01991	0.01526	0.02063	0.02027	0.01261	0.66686	0.03094	0.07625	0.01662	0.01644	0.01167	0.00807	0.00671	0.00202	0.00730	0.00608	0.00679	0.01141
12	0.06307	0.01199	0.01395	0.04331	0.01709	0.00959	0.00839	0.01708	0.01374	0.02216	0.01177	0.01391	0.00973	0.00513	0.00500	0.00112	0.00516	0.00404	0.00394	0.71983
13	0.02113	0.41222	0.02803	0.01450	0.01934	0.31232	0.03199	0.05703	0.01677	0.01754	0.01021	0.01178	0.00881	0.00633	0.00523	0.00161	0.00929	0.00413	0.00332	0.00843
14	0.77140	0.01292	0.01038	0.04601	0.01465	0.01505	0.00784	0.01959	0.01152	0.02945	0.00947	0.01125	0.00735	0.00625	0.00428	0.00208	0.00538	0.00375	0.00409	0.00728
15	0.03970	0.04529	0.17994	0.14278	0.13380	0.01613	0.17257	0.08025	0.03767	0.02266	0.01451	0.05797	0.01187	0.00723	0.00685	0.00216	0.00884	0.00683	0.00376	0.00920
16	0.01247	0.01097	0.01386	0.10335	0.09841	0.06885	0.01033	0.01397	0.01211	0.01587	0.01823	0.12851	0.01925	0.21592	0.10189	0.06398	0.07321	0.00879	0.00386	0.00616
17	0.00857	0.00654	0.00787	0.00813	0.00960	0.00584	0.00587	0.01064	0.01591	0.02099	0.29303	0.26203	0.28673	0.01699	0.00811	0.00234	0.00346	0.01486	0.00665	0.00584
18	0.03010	0.01142	0.01557	0.01194	0.01713	0.00986	0.00986	0.03270	0.01920	0.72698	0.02647	0.02284	0.01661	0.00830	0.00675	0.00208	0.00571	0.00675	0.00830	0.01142
19	0.00859	0.00675	0.00771	0.00773	0.00952	0.00594	0.00573	0.01069	0.01606	0.02069	0.26702	0.12408	0.40863	0.03963	0.00884	0.00242	0.00355	0.03406	0.00652	0.00582
20	0.08063	0.01057	0.01096	0.00965	0.01269	0.03650	0.00754	0.05452	0.11882	0.11156	0.13727	0.02874	0.06678	0.00932	0.00610	0.00191	0.00457	0.00756	0.24178	0.04254
21	0.01706	0.13552	0.07686	0.07698	0.08902	0.05760	0.24257	0.03882	0.03807	0.05569	0.01384	0.01686	0.01073	0.00664	0.00732	0.00204	0.04631	0.00619	0.05290	0.00896
22	0.43617	0.05988	0.06071	0.09292	0.01951	0.14869	0.01108	0.04234	0.01402	0.02483	0.01095	0.03241	0.00899	0.00685	0.00514	0.00201	0.00733	0.00459	0.00388	0.00771
23	0.01444	0.01164	0.01371	0.05841	0.04724	0.01272	0.01002	0.05789	0.34007	0.04710	0.08878	0.16184	0.08397	0.01193	0.00730	0.00231	0.00517	0.01031	0.00637	0.00879
24	0.01874	0.13496	0.05448	0.01706	0.06320	0.15870	0.08172	0.06966	0.11828	0.06466	0.09816	0.02029	0.01776	0.00805	0.00723	0.00200	0.04486	0.00644	0.00476	0.00899
25	0.00850	0.00677	0.00764	0.00763	0.00953	0.00591	0.00571	0.01065	0.01626	0.02081	0.26511	0.11097	0.45088	0.01632	0.00801	0.00227	0.00344	0.03113	0.00658	0.00587
26	0.01080	0.05236	0.08326	0.01106	0.01355	0.00879	0.03858	0.01337	0.01377	0.04170	0.07330	0.34056	0.09404	0.01982	0.10246	0.00345	0.00675	0.01272	0.05305	0.00662
27	0.00867	0.00674	0.00788	0.00777	0.00956	0.00595	0.00576	0.01100	0.01678	0.02207	0.36366	0.11851	0.35989	0.01584	0.00798	0.00223	0.00333	0.01366	0.00676	0.00595
28	0.01017	0.00780	0.01133	0.05604	0.01358	0.00913	0.00861	0.01216	0.01098	0.01560	0.04144	0.02845	0.01842	0.15270	0.49557	0.03004	0.06093	0.00756	0.00370	0.00580
29	0.01793	0.39105	0.18202	0.01469	0.04148	0.07009	0.01455	0.09665	0.03663	0.02098	0.01201	0.01351	0.00974	0.00643	0.00531	0.00172	0.00790	0.00453	0.04363	0.00915
30	0.01060	0.00797	0.00922	0.00900	0.01092	0.00766	0.00663	0.05531	0.06935	0.03529	0.21233	0.22516	0.25702	0.04156	0.00880	0.00247	0.00400	0.01358	0.00655	0.00656
31	0.06770	0.11434	0.11785	0.01736	0.07738	0.13652	0.05257	0.14482	0.04030	0.10321	0.03656	0.03434	0.01308	0.00748	0.00626	0.00196	0.00816	0.00589	0.00474	0.00949
32	0.15457	0.18892	0.04359	0.02989	0.10918	0.07373	0.01262	0.16827	0.08926	0.02627	0.01409	0.03669	0.01153	0.00728	0.00572	0.00192	0.00719	0.00544	0.00453	0.00931
33	0.16493	0.03455	0.04827	0.07045	0.08061	0.03663	0.06192	0.10426	0.03716	0.04666	0.03781	0.08342	0.03795	0.03389	0.04086	0.00265	0.03191	0.00727	0.00462	0.03418
34	0.13382	0.01545	0.06237	0.03957	0.07974	0.03684	0.06421	0.13674	0.10768	0.08203	0.05385	0.05636	0.04337	0.00920	0.00674	0.00220	0.00680	0.04852	0.00543	0.00909

[dist]
# distance from previous block
# <min> <max>
0	12

[block]
# block no. 2 follows, 32 sequences, length 37
# corresponding to MSA columns:
# 75-111
name=unknown_C
#
# <colnr> <probs for GDERKNQSTAVLIFYWHMCP>
#	G	D	E	R	K	N	Q	S	T	A	V	L	I	F	Y	W	H	M	C	P
0	0.01588	0.01427	0.05755	0.03778	0.08419	0.01336	0.16056	0.06340	0.15119	0.08820	0.08879	0.07212	0.08062	0.00984	0.00738	0.00224	0.00694	0.03114	0.00553	0.00901
1	0.01347	0.04929	0.04491	0.10060	0.06392	0.01329	0.01129	0.03677	0.23051	0.02203	0.04978	0.05686	0.16447	0.03883	0.00849	0.00237	0.02961	0.02661	0.00533	0.03156
2	0.00841	0.00641	0.00799	0.00868	0.00986	0.00599	0.00618	0.01008	0.01386	0.01808	0.10363	0.38374	0.25038	0.02312	0.10741	0.00363	0.00559	0.01534	0.00597	0.00567
3	0.01365	0.01253	0.05305	0.03274	0.01700	0.01119	0.05764	0.09560	0.10561	0.02472	0.15886	0.10412	0.07605	0.03689	0.00791	0.00214	0.00559	0.00912	0.00558	0.17002
4	0.01567	0.01324	0.01409	0.01294	0.01631	0.01516	0.00996	0.03225	0.61377	0.02685	0.02809	0.09931	0.02278	0.01026	0.00692	0.00229	0.00509	0.00870	0.03638	0.00994
5	0.01957	0.01670	0.05538	0.01515	0.01967	0.04299	0.06309	0.27506	0.21436	0.06742	0.02199	0.11990	0.01834	0.00981	0.00705	0.00220	0.00685	0.00830	0.00619	0.00999
6	0.01468	0.01468	0.02055	0.01762	0.01762	0.02055	0.01468	0.01615	0.01028	0.01615	0.00881	0.01468	0.00881	0.01174	0.02202	0.00294	0.75191	0.00587	0.00294	0.00734
7	0.02064	0.01427	0.01573	0.01379	0.04042	0.05203	0.01062	0.18851	0.19693	0.18111	0.10730	0.02815	0.06053	0.00973	0.00700	0.00214	0.00601	0.02834	0.00684	0.00992
8	0.10271	0.01536	0.09776	0.23295	0.12765	0.01410	0.08537	0.04398	0.01508	0.10725	0.01609	0.08369	0.01328	0.00793	0.00668	0.00219	0.00785	0.00708	0.00425	0.00876
9	0.10478	0.01224	0.01354	0.01010	0.01551	0.01048	0.00813	0.07486	0.01530	0.04797	0.01311	0.01477	0.01045	0.00566	0.00506	0.00127	0.00510	0.00435	0.05554	0.57178
10	0.00896	0.00710	0.00756	0.00745	0.00940	0.00631	0.00545	0.03286	0.01551	0.01945	0.12463	0.10427	0.50511	0.08407	0.01022	0.00264	0.00381	0.01341	0.02600	0.00578
11	0.02566	0.02106	0.01967	0.01563	0.02060	0.16430	0.01264	0.52940	0.02838	0.07320	0.01550	0.01566	0.01113	0.00784	0.00658	0.00196	0.00824	0.00573	0.00614	0.01068
12	0.01695	0.38041	0.19564	0.01470	0.02098	0.05839	0.07128	0.05623	0.01521	0.01987	0.01194	0.01390	0.00969	0.00627	0.00535	0.00173	0.00805	0.00470	0.07986	0.00883
13	0.00840	0.00639	0.00774	0.00830	0.00958	0.00572	0.00588	0.01020	0.01506	0.01971	0.20403	0.36926	0.26942	0.01802	0.00821	0.00243	0.00356	0.01587	0.00650	0.00572
14	0.01370	0.00713	0.00758	0.00720	0.00919	0.00705	0.00549	0.01755	0.05145	0.07844	0.05396	0.02798	0.05626	0.00865	0.00526	0.00170	0.00346	0.00702	0.62408	0.00685
15	0.01166	0.00583	0.00874	0.00874	0.00874	0.00583	0.00583	0.00874	0.00874	0.01166	0.01166	0.02040	0.01166	0.02331	0.02622	0.80478	0.00583	0.00583	0.00291	0.00291
16	0.02551	0.01879	0.02014	0.01544	0.02081	0.02081	0.01275	0.69996	0.03155	0.04229	0.01611	0.01611	0.01141	0.00805	0.00671	0.00201	0.00738	0.00604	0.00671	0.01141
17	0.01391	0.01193	0.01391	0.00994	0.01590	0.00894	0.00795	0.01690	0.01391	0.02186	0.01193	0.01391	0.00994	0.00497	0.00497	0.00099	0.00497	0.00398	0.00398	0.80521
18	0.01794	0.76823	0.03516	0.01148	0.01722	0.02655	0.01148	0.02009	0.01363	0.01579	0.00933	0.01076	0.00861	0.00574	0.00431	0.00144	0.00718	0.00359	0.00287	0.00861
19	0.39721	0.01754	0.01515	0.01252	0.01710	0.09929	0.01018	0.30197	0.02061	0.03359	0.01226	0.01319	0.00914	0.00706	0.00543	0.00201	0.00688	0.00471	0.00513	0.00904
20	0.01659	0.01880	0.09346	0.02782	0.15245	0.03713	0.43045	0.02164	0.01566	0.05923	0.01434	0.03584	0.01123	0.00648	0.00781	0.00221	0.02846	0.00738	0.00366	0.00936
21	0.01251	0.00625	0.00625	0.00625	0.00782	0.00625	0.00469	0.01563	0.01407	0.02502	0.02189	0.02502	0.01720	0.00782	0.00469	0.00156	0.00313	0.00625	0.80144	0.00625
22	0.00834	0.00664	0.00748	0.00765	0.00941	0.00578	0.00559	0.01028	0.01570	0.01998	0.21311	0.18904	0.44337	0.01697	0.00804	0.00231	0.00344	0.01459	0.00650	0.00578
23	0.03010	0.01142	0.01557	0.01194	0.01713	0.00986	0.00986	0.03270	0.01920	0.72698	0.02647	0.02284	0.01661	0.00830	0.00675	0.00208	0.00571	0.00675	0.00830	0.01142
24	0.02021	0.01616	0.01715	0.01437	0.01879	0.01833	0.01147	0.30061	0.43953	0.03374	0.02284	0.02147	0.01686	0.00869	0.00678	0.00217	0.00614	0.00697	0.00678	0.01094
25	0.20603	0.01150	0.01379	0.01094	0.01570	0.01085	0.00900	0.02887	0.01717	0.53253	0.02236	0.02025	0.01453	0.00781	0.00605	0.00205	0.00546	0.00602	0.04888	0.01021
26	0.02505	0.01777	0.01918	0.01478	0.01994	0.01951	0.01219	0.63134	0.03002	0.07475	0.01692	0.01691	0.01197	0.00805	0.00661	0.00199	0.00708	0.00609	0.04871	0.01114
27	0.01766	0.55607	0.17335	0.01353	0.01991	0.08676	0.01429	0.02091	0.01421	0.01694	0.00997	0.01157	0.00859	0.00597	0.00487	0.00160	0.00816	0.00393	0.00291	0.00880
28	0.01794	0.76823	0.03516	0.01148	0.01722	0.02655	0.01148	0.02009	0.01363	0.01579	0.00933	0.01076	0.00861	0.00574	0.00431	0.00144	0.00718	0.00359	0.00287	0.00861
29	0.01008	0.00682	0.00790	0.00779	0.00792	0.00709	0.00467	0.01040	0.01005	0.01387	0.02059	0.04110	0.02312	0.66674	0.06143	0.00629	0.03443	0.00932	0.04602	0.00438
30	0.01910	0.01561	0.01653	0.01414	0.01837	0.01781	0.01120	0.21704	0.52490	0.03195	0.02425	0.02260	0.01801	0.00882	0.00680	0.00220	0.00588	0.00716	0.00680	0.01084
31	0.00874	0.00683	0.00795	0.00782	0.00969	0.00603	0.00589	0.01113	0.01688	0.02210	0.35802	0.08150	0.37865	0.01571	0.00799	0.00224	0.00341	0.03671	0.00675	0.00597
32	0.03435	0.02564	0.45033	0.01553	0.02265	0.03583	0.01811	0.04521	0.05217	0.02288	0.08528	0.02354	0.08491	0.00840	0.00656	0.00210	0.00791	0.00673	0.04293	0.00894
33	0.00846	0.00705	0.00741	0.00728	0.00948	0.00612	0.00547	0.01093	0.03766	0.01984	0.17076	0.06102	0.59277	0.01622	0.00789	0.00224	0.00342	0.01363	0.00643	0.00593
34	0.01383	0.01174	0.01295	0.03617	0.01585	0.01311	0.00936	0.02662	0.45437	0.02472	0.07615	0.08237	0.13036	0.01349	0.04568	0.00274	0.00558	0.00957	0.00643	0.00890
35	0.01468	0.01468	0.02055	0.01762	0.01762	0.02055	0.01468	0.01615	0.01028	0.01615	0.00881	0.01468	0.00881	0.01174	0.02202	0.00294	0.75191	0.00587	0.00294	0.00734
36	0.00881	0.00646	0.00849	0.04747	0.01155	0.00616	0.00672	0.01065	0.01429	0.01934	0.16234	0.49275	0.11119	0.01800	0.00813	0.00249	0.00394	0.01611	0.03936	0.00577

[dist]
# distance from previous block
# <min> <max>
0	1

[block]
# block no. 3 follows, 32 sequences, length 64
# corresponding to MSA columns:
# 113-176
name=unknown_D
#
# <colnr> <probs for GDERKNQSTAVLIFYWHMCP>
#	G	D	E	R	K	N	Q	S	T	A	V	L	I	F	Y	W	H	M	C	P
0	0.01634	0.01637	0.12136	0.01781	0.08535	0.01398	0.10282	0.13188	0.08640	0.07535	0.06070	0.10185	0.06334	0.03870	0.00876	0.00239	0.03361	0.00869	0.00525	0.00904
1	0.00979	0.00740	0.01070	0.01062	0.01159	0.00861	0.00807	0.01182	0.01069	0.01533	0.01851	0.04925	0.01816	0.13607	0.59760	0.00967	0.04883	0.00779	0.00370	0.00580
2	0.81159	0.01298	0.00986	0.00882	0.01298	0.01505	0.00727	0.01972	0.01142	0.03010	0.00934	0.01090	0.00727	0.00623	0.00415	0.00208	0.00519	0.00363	0.00415	0.00727
3	0.01275	0.01419	0.11875	0.12695	0.07074	0.01159	0.05401	0.04999	0.01452	0.02055	0.02030	0.24387	0.02054	0.01098	0.00751	0.00217	0.03317	0.00969	0.03988	0.11785
4	0.00813	0.00603	0.00759	0.00885	0.00960	0.00549	0.00601	0.00940	0.01332	0.01732	0.04302	0.62432	0.17597	0.02024	0.00844	0.00264	0.00380	0.01812	0.00623	0.00549
5	0.01409	0.01382	0.01964	0.06478	0.01898	0.01908	0.01437	0.01584	0.01053	0.01616	0.00984	0.01595	0.00954	0.01491	0.08581	0.00360	0.63686	0.00600	0.00300	0.00723
6	0.01356	0.01257	0.01949	0.43645	0.16683	0.01450	0.01656	0.01981	0.11612	0.01974	0.01959	0.02309	0.07782	0.00789	0.00683	0.00220	0.00771	0.00698	0.00392	0.00835
7	0.00840	0.00593	0.00772	0.00906	0.00939	0.00560	0.00592	0.00940	0.01241	0.01655	0.03474	0.65868	0.04156	0.12600	0.01218	0.00326	0.00426	0.01776	0.00592	0.00525
8	0.01282	0.00945	0.01285	0.08338	0.06471	0.00967	0.01024	0.01809	0.10680	0.07059	0.28117	0.04612	0.07167	0.01280	0.00780	0.00236	0.00519	0.16038	0.00635	0.00756
9	0.69066	0.01387	0.01144	0.00984	0.01418	0.01594	0.00811	0.12437	0.01452	0.03198	0.01038	0.01170	0.00790	0.00651	0.00455	0.00207	0.00553	0.00400	0.00455	0.00790
10	0.01468	0.01468	0.02055	0.01762	0.01762	0.02055	0.01468	0.01615	0.01028	0.01615	0.00881	0.01468	0.00881	0.01174	0.02202	0.00294	0.75191	0.00587	0.00294	0.00734
11	0.01695	0.01444	0.01521	0.01355	0.01739	0.01659	0.01058	0.07494	0.64748	0.02862	0.02791	0.02573	0.04183	0.00929	0.00686	0.00226	0.00538	0.00770	0.00680	0.01051
12	0.08381	0.01153	0.01518	0.01172	0.01684	0.01022	0.00968	0.03181	0.01867	0.67909	0.02529	0.02202	0.01597	0.00816	0.00657	0.00208	0.00567	0.00653	0.00802	0.01113
13	0.01391	0.01193	0.01391	0.00994	0.01590	0.00894	0.00795	0.01690	0.01391	0.02186	0.01193	0.01391	0.00994	0.00497	0.00497	0.00099	0.00497	0.00398	0.00398	0.80521
14	0.00950	0.00686	0.00897	0.00844	0.01002	0.00633	0.00633	0.01266	0.01899	0.02691	0.71879	0.05012	0.06331	0.01372	0.00791	0.00211	0.00317	0.01213	0.00739	0.00633
15	0.01048	0.00856	0.00950	0.00922	0.01145	0.00851	0.00690	0.01670	0.18761	0.02241	0.19930	0.15042	0.30370	0.01488	0.00774	0.00230	0.00389	0.01278	0.00664	0.00701
16	0.02588	0.01736	0.01877	0.01462	0.01978	0.04365	0.01199	0.48558	0.07506	0.18894	0.01892	0.01804	0.01306	0.00814	0.00670	0.00204	0.00705	0.00624	0.00695	0.01123
17	0.00848	0.00622	0.00795	0.00878	0.00972	0.00570	0.00610	0.01022	0.01473	0.01973	0.21351	0.48789	0.13897	0.01864	0.00832	0.00251	0.00364	0.01667	0.00652	0.00570
18	0.01439	0.00999	0.01302	0.04527	0.14119	0.01035	0.00966	0.02043	0.13496	0.05914	0.12452	0.02683	0.02305	0.00856	0.00607	0.00190	0.00475	0.00732	0.33049	0.00811
19	0.00966	0.00688	0.00924	0.00924	0.00990	0.00755	0.00646	0.01099	0.01033	0.01443	0.01938	0.03418	0.02017	0.36835	0.42421	0.00888	0.01286	0.00833	0.00380	0.00513
20	0.02386	0.02945	0.01846	0.01676	0.02027	0.63343	0.01263	0.02807	0.11861	0.01810	0.01281	0.01396	0.01035	0.00723	0.00616	0.00181	0.01112	0.00479	0.00394	0.00819
21	0.05865	0.08778	0.06633	0.09800	0.02105	0.08800	0.01242	0.20354	0.01912	0.04424	0.03830	0.01719	0.01254	0.00755	0.00685	0.00191	0.05081	0.00554	0.09860	0.06159
22	0.01634	0.01539	0.02572	0.15936	0.57697	0.01598	0.01991	0.05026	0.01569	0.02202	0.01266	0.01680	0.01038	0.00619	0.00666	0.00203	0.00811	0.00598	0.00341	0.01013
23	0.81159	0.01298	0.00986	0.00882	0.01298	0.01505	0.00727	0.01972	0.01142	0.03010	0.00934	0.01090	0.00727	0.00623	0.00415	0.00208	0.00519	0.00363	0.00415	0.00727
24	0.02508	0.03148	0.01906	0.01722	0.02075	0.70987	0.01296	0.05252	0.01949	0.01741	0.01059	0.01225	0.00875	0.00696	0.00608	0.00174	0.01192	0.00439	0.00358	0.00792
25	0.00815	0.00594	0.00768	0.00908	0.00966	0.00547	0.00611	0.00937	0.01310	0.01723	0.04019	0.68777	0.11435	0.02060	0.00850	0.00268	0.00384	0.01857	0.00623	0.00547
26	0.00818	0.00584	0.00779	0.00934	0.00973	0.00545	0.00623	0.00934	0.01285	0.01713	0.03698	0.75981	0.04438	0.02102	0.00856	0.00273	0.00389	0.01908	0.00623	0.00545
27	0.01093	0.00641	0.00720	0.00731	0.00820	0.00651	0.00495	0.01274	0.01211	0.01923	0.02224	0.08156	0.02156	0.28288	0.09111	0.00436	0.00592	0.00847	0.38093	0.00539
28	0.02331	0.01770	0.01890	0.01499	0.01997	0.01978	0.01222	0.53444	0.20065	0.03874	0.01890	0.01833	0.01367	0.00832	0.00674	0.00208	0.00687	0.00643	0.00674	0.01121
29	0.07724	0.01499	0.01603	0.01268	0.01715	0.01622	0.01037	0.44036	0.02521	0.10757	0.01792	0.01832	0.01288	0.00790	0.00611	0.00193	0.00616	0.00599	0.17493	0.01004
30	0.02551	0.01879	0.02014	0.01544	0.02081	0.02081	0.01275	0.69996	0.03155	0.04229	0.01611	0.01611	0.01141	0.00805	0.00671	0.00201	0.00738	0.00604	0.00671	0.01141
31	0.01040	0.00745	0.01026	0.01133	0.01284	0.00731	0.00959	0.01343	0.01615	0.02153	0.19270	0.09823	0.04453	0.01753	0.00893	0.00285	0.00539	0.49691	0.00646	0.00618
32	0.01794	0.76823	0.03516	0.01148	0.01722	0.02655	0.01148	0.02009	0.01363	0.01579	0.00933	0.01076	0.00861	0.00574	0.00431	0.00144	0.00718	0.00359	0.00287	0.00861
33	0.01346	0.03471	0.72942	0.01912	0.02904	0.01558	0.02479	0.02125	0.01417	0.02125	0.01204	0.01417	0.00850	0.00637	0.00637	0.00212	0.00992	0.00496	0.00283	0.00992
34	0.02551	0.01879	0.02014	0.01544	0.02081	0.02081	0.01275	0.69996	0.03155	0.04229	0.01611	0.01611	0.01141	0.00805	0.00671	0.00201	0.00738	0.00604	0.00671	0.01141
35	0.00804	0.00680	0.00695	0.00691	0.00913	0.00571	0.00518	0.00984	0.01555	0.01873	0.11270	0.06358	0.67451	0.01677	0.00793	0.00226	0.00338	0.01402	0.00631	0.00571
36	0.01637	0.01570	0.02680	0.08426	0.68113	0.01588	0.02047	0.02038	0.01516	0.02163	0.01258	0.01669	0.01053	0.00602	0.00665	0.00201	0.00803	0.00598	0.00330	0.01043
37	0.01016	0.01251	0.12620	0.01082	0.01459	0.00881	0.05068	0.01450	0.06350	0.02095	0.15886	0.04857	0.40723	0.01352	0.00760	0.00222	0.00502	0.01152	0.00574	0.00700
38	0.01166	0.00583	0.00874	0.00874	0.00874	0.00583	0.00583	0.00874	0.00874	0.01166	0.01166	0.02040	0.01166	0.02331	0.02622	0.80478	0.00583	0.00583	0.00291	0.00291
39	0.01760	0.69014	0.03365	0.01212	0.01726	0.02593	0.01181	0.01968	0.01329	0.01582	0.00927	0.01117	0.00863	0.00636	0.00614	0.00159	0.08435	0.00382	0.00288	0.00848
40	0.01227	0.00992	0.01128	0.01040	0.01294	0.01047	0.00795	0.02170	0.29884	0.02655	0.37741	0.04131	0.10754	0.01215	0.00748	0.00219	0.00406	0.01048	0.00705	0.00801
41	0.00835	0.00591	0.00773	0.00911	0.00946	0.00557	0.00598	0.00939	0.01250	0.01666	0.03519	0.67874	0.04212	0.10518	0.01146	0.00315	0.00419	0.01802	0.00598	0.00529
42	0.02248	0.02416	0.04072	0.01638	0.02020	0.34367	0.01313	0.20445	0.11895	0.02502	0.01416	0.01534	0.01106	0.00805	0.00814	0.00203	0.09277	0.00543	0.00472	0.00916
43	0.81159	0.01298	0.00986	0.00882	0.01298	0.01505	0.00727	0.01972	0.01142	0.03010	0.00934	0.01090	0.00727	0.00623	0.00415	0.00208	0.00519	0.00363	0.00415	0.00727
44	0.01952	0.01503	0.01717	0.03810	0.06723	0.01665	0.01182	0.22226	0.35809	0.07865	0.04750	0.02343	0.03631	0.00883	0.00684	0.00216	0.00610	0.00726	0.00654	0.01053
45	0.01269	0.00881	0.01026	0.01021	0.01190	0.05591	0.02454	0.01453	0.01492	0.10888	0.08990	0.43587	0.08845	0.01625	0.00778	0.00240	0.00472	0.01441	0.06097	0.00660
46	0.00901	0.00644	0.00874	0.01030	0.01105	0.00617	0.00768	0.01079	0.01367	0.01806	0.03652	0.54333	0.04256	0.02023	0.00879	0.00284	0.00462	0.22732	0.00621	0.00568
47	0.01479	0.01409	0.02395	0.36787	0.40986	0.01546	0.01969	0.01900	0.01442	0.01971	0.01230	0.01720	0.00985	0.00632	0.00667	0.00211	0.00842	0.00597	0.00316	0.00916
48	0.01669	0.01441	0.01517	0.01365	0.01745	0.01669	0.01062	0.03565	0.71021	0.02807	0.02731	0.02503	0.02048	0.00910	0.00683	0.00228	0.00531	0.00759	0.00683	0.01062
49	0.00892	0.00695	0.00824	0.00881	0.01059	0.00628	0.00695	0.01109	0.01541	0.01939	0.11694	0.14519	0.38940	0.01757	0.00838	0.00253	0.00421	0.20096	0.00633	0.00585
50	0.02604	0.01879	0.01950	0.01514	0.02036	0.06790	0.01242	0.57314	0.02920	0.12398	0.01698	0.01666	0.01186	0.00801	0.00667	0.00200	0.00750	0.00601	0.00669	0.01117
51	0.02920	0.01162	0.01554	0.01205	0.01715	0.01032	0.00991	0.03290	0.06591	0.67974	0.02653	0.02299	0.01687	0.00836	0.00675	0.00209	0.00568	0.00680	0.00820	0.01137
52	0.01468	0.01468	0.02055	0.01762	0.01762	0.02055	0.01468	0.01615	0.01028	0.01615	0.00881	0.01468	0.00881	0.01174	0.02202	0.00294	0.75191	0.00587	0.00294	0.00734
53	0.02548	0.01969	0.02006	0.01556	0.02080	0.06923	0.01277	0.65446	0.03070	0.04054	0.01572	0.01584	0.01122	0.00798	0.00667	0.00199	0.00770	0.00592	0.00649	0.01117
54	0.04248	0.27448	0.47693	0.01626	0.02461	0.01916	0.01982	0.02082	0.01390	0.01976	0.01106	0.01294	0.00849	0.00616	0.00562	0.00190	0.00885	0.00446	0.00289	0.00940
55	0.02224	0.01386	0.01630	0.01220	0.01776	0.01282	0.00998	0.22917	0.02084	0.23738	0.01752	0.01723	0.01237	0.00690	0.00603	0.00163	0.00592	0.00543	0.00609	0.32834
56	0.00950	0.00686	0.00897	0.00844	0.01002	0.00633	0.00633	0.01266	0.01899	0.02691	0.71879	0.05012	0.06331	0.01372	0.00791	0.00211	0.00317	0.01213	0.00739	0.00633
57	0.00950	0.00686	0.00897	0.00844	0.01002	0.00633	0.00633	0.01266	0.01899	0.02691	0.71879	0.05012	0.06331	0.01372	0.00791	0.00211	0.00317	0.01213	0.00739	0.00633
58	0.02510	0.01819	0.01961	0.01517	0.02043	0.02008	0.01249	0.62734	0.07691	0.06977	0.01730	0.01699	0.01224	0.00814	0.00672	0.00203	0.00717	0.00617	0.00679	0.01136
59	0.00832	0.00670	0.00741	0.00746	0.00936	0.00579	0.00551	0.01029	0.01587	0.02003	0.21409	0.13998	0.49226	0.01670	0.00800	0.00228	0.00340	0.01425	0.00650	0.00579
60	0.01846	0.65638	0.03258	0.01195	0.01752	0.02541	0.01152	0.07563	0.06294	0.01875	0.01111	0.01217	0.00965	0.00616	0.00467	0.00154	0.00706	0.00406	0.00345	0.00897
61	0.00927	0.00721	0.00838	0.00854	0.01025	0.00672	0.00637	0.01231	0.05742	0.02051	0.20875	0.15526	0.31422	0.06696	0.00985	0.00266	0.00401	0.07889	0.00639	0.00603
62	0.01528	0.01318	0.01393	0.01044	0.01577	0.05868	0.00829	0.06154	0.01541	0.02312	0.01305	0.01500	0.01064	0.00557	0.00513	0.00116	0.00543	0.00435	0.08066	0.62338
63	0.01527	0.08178	0.06365	0.04582	0.06501	0.06170	0.07403	0.02025	0.08727	0.05609	0.05383	0.09710	0.01983	0.00931	0.00662	0.00200	0.00675	0.05876	0.05950	0.11544

[dist]
# distance from previous block
# <min> <max>
0	4

[block]
# block no. 4 follows, 32 sequences, length 37
# corresponding to MSA columns:
# 181-217
name=unknown_E
#
# <colnr> <probs for GDERKNQSTAVLIFYWHMCP>
#	G	D	E	R	K	N	Q	S	T	A	V	L	I	F	Y	W	H	M	C	P
0	0.01794	0.76823	0.03516	0.01148	0.01722	0.02655	0.01148	0.02009	0.01363	0.01579	0.00933	0.01076	0.00861	0.00574	0.00431	0.00144	0.00718	0.00359	0.00287	0.00861
1	0.06776	0.06023	0.01864	0.01349	0.01861	0.01777	0.01122	0.45045	0.02561	0.12950	0.01679	0.01678	0.01195	0.00764	0.00621	0.00190	0.00663	0.00574	0.05221	0.06086
2	0.02306	0.01758	0.01876	0.01494	0.01988	0.01966	0.01216	0.51550	0.22000	0.03834	0.01922	0.01859	0.01393	0.00835	0.00674	0.00209	0.00681	0.00647	0.00674	0.01119
3	0.00837	0.00676	0.00744	0.00739	0.00936	0.00583	0.00549	0.01043	0.01615	0.02043	0.24111	0.10077	0.50428	0.01635	0.00796	0.00225	0.00336	0.01390	0.00654	0.00583
4	0.00847	0.00606	0.00794	0.00926	0.00980	0.00569	0.00631	0.00976	0.01307	0.01737	0.05898	0.62362	0.06619	0.07188	0.01033	0.00297	0.00417	0.05659	0.00611	0.00543
5	0.04952	0.01591	0.01744	0.01366	0.01852	0.01712	0.01120	0.46174	0.06323	0.15963	0.01885	0.01844	0.01322	0.00807	0.00645	0.00200	0.00651	0.00619	0.08154	0.01075
6	0.02551	0.01879	0.02014	0.01544	0.02081	0.02081	0.01275	0.69996	0.03155	0.04229	0.01611	0.01611	0.01141	0.00805	0.00671	0.00201	0.00738	0.00604	0.00671	0.01141
7	0.81159	0.01298	0.00986	0.00882	0.01298	0.01505	0.00727	0.01972	0.01142	0.03010	0.00934	0.01090	0.00727	0.00623	0.00415	0.00208	0.00519	0.00363	0.00415	0.00727
8	0.02551	0.01879	0.02014	0.01544	0.02081	0.02081	0.01275	0.69996	0.03155	0.04229	0.01611	0.01611	0.01141	0.00805	0.00671	0.00201	0.00738	0.00604	0.00671	0.01141
9	0.01040	0.00827	0.01188	0.01142	0.01229	0.01004	0.00884	0.01236	0.01058	0.01535	0.01694	0.02668	0.01646	0.13089	0.54153	0.00905	0.13022	0.00730	0.00355	0.00597
10	0.01794	0.76823	0.03516	0.01148	0.01722	0.02655	0.01148	0.02009	0.01363	0.01579	0.00933	0.01076	0.00861	0.00574	0.00431	0.00144	0.00718	0.00359	0.00287	0.00861
11	0.81159	0.01298	0.00986	0.00882	0.01298	0.01505	0.00727	0.01972	0.01142	0.03010	0.00934	0.01090	0.00727	0.00623	0.00415	0.00208	0.00519	0.00363	0.00415	0.00727
12	0.00818	0.00584	0.00779	0.00934	0.00973	0.00545	0.00623	0.00934	0.01285	0.01713	0.03698	0.75981	0.04438	0.02102	0.00856	0.00273	0.00389	0.01908	0.00623	0.00545
13	0.00813	0.00681	0.00707	0.00701	0.00919	0.00575	0.00526	0.01002	0.01577	0.01925	0.15109	0.06273	0.63579	0.01657	0.00793	0.00225	0.00337	0.01390	0.00638	0.00575
14	0.01267	0.01193	0.02013	0.74806	0.04621	0.01491	0.01863	0.01714	0.01342	0.01714	0.01193	0.01789	0.00894	0.00671	0.00671	0.00224	0.00894	0.00596	0.00298	0.00745
15	0.00823	0.00659	0.00736	0.00763	0.00937	0.00572	0.00555	0.01005	0.01533	0.01929	0.16417	0.21777	0.46460	0.01738	0.00807	0.00234	0.00347	0.01494	0.00641	0.00572
16	0.00975	0.00655	0.00756	0.00756	0.00764	0.00664	0.00436	0.00991	0.00983	0.01319	0.02092	0.04270	0.02387	0.71484	0.08278	0.00680	0.00730	0.00958	0.00403	0.00420
17	0.01794	0.76823	0.03516	0.01148	0.01722	0.02655	0.01148	0.02009	0.01363	0.01579	0.00933	0.01076	0.00861	0.00574	0.00431	0.00144	0.00718	0.00359	0.00287	0.00861
18	0.01951	0.01459	0.01598	0.01378	0.01789	0.01627	0.01102	0.17802	0.44483	0.09961	0.02538	0.02651	0.01943	0.00947	0.00697	0.00226	0.00586	0.05516	0.00690	0.01055
19	0.11618	0.01818	0.18411	0.03967	0.06069	0.01363	0.07809	0.06386	0.03896	0.24903	0.05795	0.01969	0.01493	0.00750	0.00652	0.00211	0.00731	0.00629	0.00543	0.00986
20	0.02035	0.01623	0.01724	0.01440	0.01884	0.01840	0.01151	0.31168	0.42822	0.03398	0.02266	0.02133	0.01671	0.00867	0.00678	0.00217	0.00617	0.00694	0.00678	0.01095
21	0.81159	0.01298	0.00986	0.00882	0.01298	0.01505	0.00727	0.01972	0.01142	0.03010	0.00934	0.01090	0.00727	0.00623	0.00415	0.00208	0.00519	0.00363	0.00415	0.00727
22	0.01545	0.01602	0.02126	0.01805	0.01858	0.06994	0.04368	0.01711	0.01112	0.01639	0.00912	0.01465	0.00886	0.01115	0.02032	0.00282	0.66920	0.00585	0.00299	0.00744
23	0.01251	0.00625	0.00625	0.00625	0.00782	0.00625	0.00469	0.01563	0.01407	0.02502	0.02189	0.02502	0.01720	0.00782	0.00469	0.00156	0.00313	0.00625	0.80144	0.00625
24	0.00818	0.00584	0.00779	0.00934	0.00973	0.00545	0.00623	0.00934	0.01285	0.01713	0.03698	0.75981	0.04438	0.02102	0.00856	0.00273	0.00389	0.01908	0.00623	0.00545
25	0.01663	0.01560	0.02592	0.12930	0.59552	0.01610	0.01989	0.05995	0.01600	0.02251	0.01274	0.01674	0.01046	0.00619	0.00666	0.00202	0.00806	0.00598	0.00348	0.01027
26	0.01669	0.01441	0.01517	0.01365	0.01745	0.01669	0.01062	0.03565	0.71021	0.02807	0.02731	0.02503	0.02048	0.00910	0.00683	0.00228	0.00531	0.00759	0.00683	0.01062
27	0.00818	0.00584	0.00779	0.00934	0.00973	0.00545	0.00623	0.00934	0.01285	0.01713	0.03698	0.75981	0.04438	0.02102	0.00856	0.00273	0.00389	0.01908	0.00623	0.00545
28	0.01669	0.01441	0.01517	0.01365	0.01745	0.01669	0.01062	0.03565	0.71021	0.02807	0.02731	0.02503	0.02048	0.00910	0.00683	0.00228	0.00531	0.00759	0.00683	0.01062
29	0.00959	0.00719	0.01078	0.01078	0.01198	0.00839	0.00839	0.01198	0.01078	0.01558	0.01797	0.02636	0.01677	0.05032	0.73760	0.01078	0.01797	0.00719	0.00359	0.00599
30	0.01794	0.76823	0.03516	0.01148	0.01722	0.02655	0.01148	0.02009	0.01363	0.01579	0.00933	0.01076	0.00861	0.00574	0.00431	0.00144	0.00718	0.00359	0.00287	0.00861
31	0.01661	0.01594	0.02724	0.04119	0.72233	0.01594	0.02059	0.02059	0.01528	0.02192	0.01262	0.01661	0.01063	0.00598	0.00664	0.00199	0.00797	0.00598	0.00332	0.01063
32	0.01794	0.76823	0.03516	0.01148	0.01722	0.02655	0.01148	0.02009	0.01363	0.01579	0.00933	0.01076	0.00861	0.00574	0.00431	0.00144	0.00718	0.00359	0.00287	0.00861
33	0.01166	0.00583	0.00874	0.00874	0.00874	0.00583	0.00583	0.00874	0.00874	0.01166	0.01166	0.02040	0.01166	0.02331	0.02622	0.80478	0.00583	0.00583	0.00291	0.00291
34	0.01565	0.01590	0.02956	0.03424	0.44306	0.01544	0.23756	0.01999	0.01546	0.02148	0.01742	0.02098	0.06800	0.00677	0.00716	0.00210	0.00868	0.00727	0.00358	0.00972
35	0.01918	0.01632	0.06749	0.14438	0.04841	0.01679	0.01398	0.29796	0.09652	0.06765	0.01928	0.06208	0.03780	0.00902	0.00775	0.00220	0.05082	0.00717	0.00550	0.00972
36	0.06079	0.15879	0.49505	0.01653	0.02477	0.01737	0.01998	0.06035	0.01514	0.02228	0.04177	0.01503	0.01095	0.00667	0.00597	0.00200	0.00873	0.00501	0.00334	0.00947

[dist]
# distance from previous block
# <min> <max>
0	1

[block]
# block no. 5 follows, 32 sequences, length 25
# corresponding to MSA columns:
# 219-243
name=unknown_F
#
# <colnr> <probs for GDERKNQSTAVLIFYWHMCP>
#	G	D	E	R	K	N	Q	S	T	A	V	L	I	F	Y	W	H	M	C	P
0	0.08219	0.23043	0.02237	0.01562	0.06687	0.21896	0.01199	0.04314	0.20358	0.02149	0.01487	0.01554	0.01193	0.00709	0.00568	0.00185	0.00794	0.00510	0.00433	0.00903
1	0.74865	0.01289	0.01067	0.06706	0.01559	0.01504	0.00816	0.01952	0.01158	0.02908	0.00955	0.01145	0.00740	0.00627	0.00435	0.00209	0.00549	0.00382	0.00406	0.00728
2	0.00950	0.00686	0.00897	0.00844	0.01002	0.00633	0.00633	0.01266	0.01899	0.02691	0.71879	0.05012	0.06331	0.01372	0.00791	0.00211	0.00317	0.01213	0.00739	0.00633
3	0.00926	0.00685	0.00863	0.00819	0.00988	0.00623	0.00614	0.01220	0.01842	0.02556	0.61862	0.05235	0.16433	0.01422	0.00792	0.00213	0.00320	0.01245	0.00721	0.00623
4	0.01480	0.01190	0.01400	0.01005	0.01597	0.00899	0.00805	0.01776	0.01420	0.06028	0.01272	0.01440	0.01030	0.00515	0.00507	0.00105	0.00501	0.00413	0.00421	0.76196
5	0.00817	0.00681	0.00713	0.00705	0.00921	0.00577	0.00529	0.01010	0.01587	0.01948	0.16858	0.06234	0.61815	0.01649	0.00793	0.00224	0.00336	0.01385	0.00641	0.00577
6	0.02258	0.01694	0.01739	0.01402	0.01848	0.07824	0.01130	0.39820	0.10745	0.10468	0.11947	0.02241	0.02026	0.00892	0.00685	0.00204	0.00676	0.00703	0.00670	0.01028
7	0.01660	0.01820	0.03324	0.02880	0.17392	0.07089	0.44677	0.02234	0.05733	0.02155	0.01456	0.01934	0.01156	0.00638	0.00749	0.00219	0.01018	0.02569	0.00367	0.00929
8	0.00939	0.00678	0.00888	0.00851	0.01000	0.00626	0.00632	0.01240	0.01851	0.02614	0.66508	0.10603	0.06182	0.01429	0.00797	0.00216	0.00322	0.01268	0.00730	0.00626
9	0.01467	0.01753	0.13325	0.15163	0.39461	0.01491	0.06653	0.01925	0.01484	0.02067	0.01720	0.02064	0.07046	0.00708	0.00681	0.00210	0.00827	0.00665	0.00344	0.00946
10	0.01001	0.00648	0.00745	0.00741	0.00763	0.00644	0.00437	0.01028	0.01066	0.01472	0.07310	0.04193	0.02618	0.62085	0.02993	0.04936	0.00601	0.00951	0.05336	0.00431
11	0.02563	0.01731	0.01906	0.01475	0.01998	0.01877	0.01214	0.54687	0.07659	0.15115	0.01855	0.01781	0.01287	0.00817	0.00673	0.00204	0.00697	0.00626	0.00698	0.01136
12	0.01599	0.01577	0.10734	0.16184	0.16825	0.01342	0.11161	0.02033	0.01497	0.10821	0.03600	0.01898	0.01271	0.00986	0.06159	0.00265	0.00884	0.00627	0.00405	0.10134
13	0.02506	0.03198	0.01901	0.01729	0.02074	0.73725	0.01296	0.02679	0.01901	0.01642	0.01037	0.01210	0.00864	0.00691	0.00605	0.00173	0.01210	0.00432	0.00346	0.00778
14	0.56346	0.01282	0.01177	0.00998	0.01440	0.01401	0.00820	0.04176	0.04569	0.20061	0.01453	0.01460	0.01026	0.00692	0.00498	0.00208	0.00538	0.00464	0.00536	0.00854
15	0.01564	0.01496	0.02550	0.21419	0.55685	0.01569	0.02011	0.01975	0.01482	0.02075	0.01245	0.01692	0.01022	0.00616	0.00666	0.00205	0.00821	0.00597	0.00324	0.00985
16	0.00961	0.00685	0.00919	0.00925	0.00990	0.00747	0.00646	0.01093	0.01042	0.01453	0.02001	0.06021	0.02103	0.35543	0.40974	0.00866	0.01255	0.00872	0.00389	0.00515
17	0.00816	0.00591	0.00771	0.00915	0.00968	0.00547	0.00614	0.00936	0.01303	0.01720	0.03931	0.70757	0.09512	0.02072	0.00852	0.00269	0.00386	0.01871	0.00623	0.00547
18	0.00845	0.00604	0.00809	0.00956	0.01010	0.00568	0.00662	0.00986	0.01331	0.01776	0.06354	0.67369	0.04463	0.02052	0.00860	0.00273	0.00406	0.07493	0.00627	0.00555
19	0.00950	0.00686	0.00897	0.00844	0.01002	0.00633	0.00633	0.01266	0.01899	0.02691	0.71879	0.05012	0.06331	0.01372	0.00791	0.00211	0.00317	0.01213	0.00739	0.00633
20	0.01661	0.01507	0.02495	0.19461	0.51557	0.01578	0.01943	0.05556	0.01583	0.04330	0.01307	0.01705	0.01048	0.00632	0.00666	0.00205	0.00809	0.00600	0.00357	0.00999
21	0.02414	0.01812	0.01937	0.01516	0.02029	0.02017	0.01242	0.59727	0.13646	0.04009	0.01784	0.01749	0.01281	0.00822	0.00673	0.00205	0.00706	0.00628	0.00673	0.01129
22	0.00832	0.00594	0.00790	0.00930	0.00970	0.00564	0.00621	0.00949	0.01259	0.01684	0.03526	0.68765	0.04204	0.06258	0.04316	0.00330	0.00468	0.01803	0.00599	0.00540
23	0.01794	0.76823	0.03516	0.01148	0.01722	0.02655	0.01148	0.02009	0.01363	0.01579	0.00933	0.01076	0.00861	0.00574	0.00431	0.00144	0.00718	0.00359	0.00287	0.00861
24	0.65412	0.01466	0.01144	0.01001	0.01423	0.07774	0.00814	0.04069	0.01331	0.08870	0.01108	0.01217	0.00830	0.00652	0.00461	0.00204	0.00590	0.00403	0.00452	0.00778

[dist]
# distance from previous block
# <min> <max>
0	2

[block]
# block no. 6 follows, 32 sequences, length 19
# corresponding to MSA columns:
# 246-264
name=unknown_G
#
# <colnr> <probs for GDERKNQSTAVLIFYWHMCP>
#	G	D	E	R	K	N	Q	S	T	A	V	L	I	F	Y	W	H	M	C	P
0	0.01136	0.00782	0.00939	0.00867	0.01093	0.00725	0.00661	0.01530	0.07245	0.08368	0.41800	0.05000	0.24528	0.01384	0.00773	0.00217	0.00362	0.01190	0.00709	0.00691
1	0.00922	0.00678	0.00869	0.00875	0.01023	0.00624	0.00659	0.01188	0.01722	0.02361	0.46391	0.16534	0.14068	0.01574	0.00815	0.00232	0.00360	0.07799	0.00694	0.00609
2	0.01727	0.01721	0.02659	0.03930	0.66701	0.07282	0.01999	0.02108	0.01557	0.02149	0.01244	0.01625	0.01047	0.00605	0.00660	0.00197	0.00830	0.00585	0.00333	0.01040
3	0.00802	0.00643	0.00718	0.00777	0.00932	0.00558	0.00553	0.00952	0.01435	0.01774	0.05608	0.33149	0.46038	0.01854	0.00817	0.00244	0.00359	0.01605	0.00623	0.00558
4	0.01166	0.00583	0.00874	0.00874	0.00874	0.00583	0.00583	0.00874	0.00874	0.01166	0.01166	0.02040	0.01166	0.02331	0.02622	0.80478	0.00583	0.00583	0.00291	0.00291
5	0.01771	0.72990	0.07143	0.01188	0.01784	0.02598	0.01218	0.02015	0.01366	0.01607	0.00947	0.01094	0.00860	0.00577	0.00441	0.00147	0.00732	0.00366	0.00287	0.00868
6	0.01205	0.00701	0.00787	0.00767	0.00905	0.00732	0.00561	0.04351	0.01346	0.02190	0.02079	0.02823	0.01815	0.14979	0.14447	0.00415	0.00663	0.00704	0.47926	0.00604
7	0.01149	0.00800	0.00925	0.00870	0.01107	0.00742	0.00660	0.01549	0.09009	0.09045	0.24870	0.10609	0.33193	0.01466	0.00774	0.00224	0.00379	0.01253	0.00683	0.00693
8	0.11651	0.01315	0.01879	0.49596	0.03631	0.04720	0.04775	0.04729	0.01475	0.02084	0.06752	0.01920	0.01317	0.00722	0.00650	0.00217	0.00819	0.00617	0.00368	0.00760
9	0.81159	0.01298	0.00986	0.00882	0.01298	0.01505	0.00727	0.01972	0.01142	0.03010	0.00934	0.01090	0.00727	0.00623	0.00415	0.00208	0.00519	0.00363	0.00415	0.00727
10	0.01472	0.16811	0.07488	0.04956	0.09529	0.03488	0.01196	0.02040	0.11901	0.02107	0.04424	0.02051	0.01546	0.01258	0.09316	0.00293	0.02615	0.00604	0.16078	0.00827
11	0.00950	0.00686	0.00897	0.00844	0.01002	0.00633	0.00633	0.01266	0.01899	0.02691	0.71879	0.05012	0.06331	0.01372	0.00791	0.00211	0.00317	0.01213	0.00739	0.00633
12	0.00934	0.00685	0.00876	0.00828	0.00993	0.00627	0.00621	0.01237	0.01863	0.02606	0.65566	0.05152	0.12698	0.01404	0.00792	0.00213	0.00319	0.01233	0.00727	0.00627
13	0.01267	0.01193	0.02013	0.74806	0.04621	0.01491	0.01863	0.01714	0.01342	0.01714	0.01193	0.01789	0.00894	0.00671	0.00671	0.00224	0.00894	0.00596	0.00298	0.00745
14	0.01678	0.01414	0.01489	0.01318	0.01699	0.01606	0.01031	0.10366	0.57075	0.02861	0.03007	0.02792	0.08734	0.00976	0.00692	0.00225	0.00534	0.00806	0.00676	0.01022
15	0.00976	0.00651	0.00732	0.00732	0.00732	0.00651	0.00407	0.00976	0.00976	0.01301	0.02114	0.04391	0.02439	0.76419	0.03415	0.00651	0.00651	0.00976	0.00407	0.00407
16	0.01390	0.08568	0.02170	0.11388	0.22756	0.01366	0.08185	0.03444	0.01528	0.02081	0.08509	0.12206	0.05982	0.00937	0.00688	0.00205	0.00686	0.00860	0.00431	0.06618
17	0.01454	0.06490	0.01475	0.02865	0.01504	0.01174	0.03564	0.12430	0.08457	0.04377	0.12711	0.07322	0.13569	0.01298	0.00991	0.12321	0.00546	0.00888	0.00551	0.06013
18	0.15501	0.03668	0.19012	0.04448	0.02263	0.01511	0.10107	0.06657	0.08257	0.05695	0.01472	0.03722	0.01147	0.00713	0.00659	0.00203	0.03017	0.00583	0.00428	0.10936

[dist]
# distance from previous block
# <min> <max>
2	25

[block]
# block no. 7 follows, 32 sequences, length 16
# corresponding to MSA columns:
# 290-305
name=unknown_H
#
# <colnr> <probs for GDERKNQSTAVLIFYWHMCP>
#	G	D	E	R	K	N	Q	S	T	A	V	L	I	F	Y	W	H	M	C	P
0	0.07238	0.01338	0.01865	0.09504	0.08424	0.02862	0.09225	0.11650	0.06348	0.06189	0.05058	0.01979	0.01436	0.01198	0.06002	0.09007	0.00790	0.00635	0.00459	0.08793
1	0.01636	0.08693	0.02225	0.09085	0.12069	0.05265	0.13047	0.07091	0.02739	0.06750	0.06556	0.09368	0.01788	0.01032	0.00904	0.08956	0.00757	0.00780	0.00444	0.00815
2	0.01022	0.01019	0.08047	0.01415	0.08985	0.00812	0.01012	0.02798	0.01388	0.01887	0.03131	0.53344	0.03599	0.01746	0.00816	0.00260	0.00519	0.06977	0.00559	0.00664
3	0.01589	0.01541	0.02468	0.13994	0.42530	0.03223	0.06127	0.02136	0.08670	0.02139	0.02843	0.01822	0.01229	0.00698	0.00784	0.00214	0.06023	0.00635	0.00370	0.00967
4	0.01168	0.01025	0.01451	0.04435	0.01501	0.01315	0.01072	0.01341	0.01078	0.01575	0.01615	0.09431	0.01669	0.10762	0.26619	0.00596	0.31549	0.00803	0.00361	0.00634
5	0.02332	0.01760	0.01810	0.01458	0.01881	0.09100	0.01185	0.39107	0.06929	0.11271	0.01719	0.01762	0.01252	0.00837	0.00798	0.00206	0.07945	0.00605	0.07023	0.01018
6	0.09988	0.00781	0.00758	0.00732	0.00932	0.00826	0.00554	0.01784	0.08313	0.02539	0.02103	0.02424	0.01673	0.03827	0.00603	0.00189	0.00371	0.00624	0.60306	0.00671
7	0.73233	0.08840	0.01239	0.00909	0.01340	0.01620	0.00769	0.01976	0.01164	0.02867	0.00934	0.01089	0.00740	0.00618	0.00417	0.00201	0.00539	0.00363	0.00402	0.00740
