[name]
unknown

[dist]
# distance from previous block
# <min> <max>
0	3

[block]
# block no. 0 follows, 34 sequences, length 20
# corresponding to MSA columns:
# 3-22
name=unknown_A
#
# <colnr> <probs for GDERKNQSTAVLIFYWHMCP>
#	G	D	E	R	K	N	Q	S	T	A	V	L	I	F	Y	W	H	M	C	P
0	0.06458	0.10976	0.21729	0.10640	0.02518	0.01699	0.08992	0.14383	0.09000	0.02414	0.01439	0.01766	0.01119	0.00704	0.00619	0.00202	0.00796	0.03233	0.00408	0.00905
1	0.01784	0.01479	0.07438	0.01357	0.03383	0.03435	0.04653	0.14331	0.11308	0.13733	0.11708	0.04278	0.02015	0.00817	0.00640	0.00185	0.00605	0.00689	0.00568	0.15596
2	0.01416	0.01136	0.01328	0.00990	0.01513	0.00918	0.00788	0.01844	0.07914	0.05864	0.06132	0.01715	0.01425	0.00588	0.00523	0.00120	0.00474	0.00481	0.00451	0.64381
3	0.00797	0.00612	0.00721	0.00784	0.00905	0.00546	0.00549	0.00946	0.01382	0.01771	0.11948	0.37980	0.32121	0.04755	0.00890	0.00253	0.00358	0.01541	0.00603	0.00537
4	0.00939	0.00665	0.00828	0.00798	0.00966	0.00599	0.00594	0.01191	0.01691	0.04850	0.48649	0.12268	0.20672	0.01443	0.00765	0.00212	0.00326	0.01261	0.00678	0.00604
5	0.00814	0.00655	0.00730	0.00744	0.00931	0.00571	0.00564	0.01009	0.01518	0.01902	0.17795	0.11665	0.50235	0.01623	0.00778	0.00225	0.00348	0.06712	0.00619	0.00559
6	0.01693	0.71799	0.08969	0.01164	0.01748	0.02473	0.01207	0.01944	0.01317	0.01562	0.00919	0.01062	0.00828	0.00558	0.00430	0.00143	0.00712	0.00356	0.00276	0.00839
7	0.02414	0.03079	0.01831	0.01665	0.01998	0.74698	0.01248	0.02580	0.01831	0.01581	0.00999	0.01165	0.00832	0.00666	0.00583	0.00166	0.01165	0.00416	0.00333	0.00749
8	0.81856	0.01250	0.00950	0.00850	0.01250	0.01449	0.00700	0.01899	0.01100	0.02899	0.00900	0.01050	0.00700	0.00600	0.00400	0.00200	0.00500	0.00350	0.00400	0.00700
9	0.02456	0.01810	0.01939	0.01487	0.02004	0.02004	0.01228	0.71107	0.03038	0.04072	0.01551	0.01551	0.01099	0.00776	0.00646	0.00194	0.00711	0.00582	0.00646	0.01099
10	0.00919	0.00683	0.01008	0.01014	0.01120	0.00786	0.00776	0.01132	0.01041	0.01492	0.01820	0.05575	0.01761	0.08771	0.67825	0.00985	0.01615	0.00751	0.00359	0.00565
11	0.01363	0.03056	0.62468	0.04216	0.02806	0.01529	0.05784	0.04820	0.04099	0.02140	0.01238	0.01442	0.00883	0.00628	0.00625	0.00206	0.00932	0.00509	0.00305	0.00951
12	0.00793	0.00656	0.00696	0.00686	0.00891	0.00558	0.00514	0.00984	0.01543	0.01911	0.19544	0.05946	0.59898	0.01575	0.00763	0.00215	0.00323	0.01325	0.00622	0.00558
13	0.01599	0.01535	0.02623	0.03966	0.73262	0.01535	0.01983	0.01983	0.01471	0.02111	0.01215	0.01599	0.01023	0.00576	0.00640	0.00192	0.00768	0.00576	0.00320	0.01023
14	0.00940	0.00626	0.00705	0.00705	0.00705	0.00626	0.00392	0.00940	0.00940	0.01253	0.02036	0.04228	0.02349	0.77292	0.03289	0.00626	0.00626	0.00940	0.00392	0.00392
15	0.78494	0.01243	0.00973	0.00862	0.01267	0.01428	0.00710	0.01953	0.01132	0.05914	0.00970	0.01099	0.00738	0.00608	0.00411	0.00200	0.00502	0.00363	0.00417	0.00717
16	0.01226	0.01151	0.06037	0.01102	0.01442	0.01006	0.00906	0.04410	0.11458	0.02052	0.03990	0.17802	0.02073	0.04373	0.10124	0.00309	0.03636	0.00843	0.00472	0.25588
17	0.04938	0.01385	0.01674	0.05507	0.04494	0.01422	0.01111	0.28709	0.04711	0.31320	0.01942	0.01863	0.01318	0.00761	0.00628	0.00194	0.00622	0.00602	0.03774	0.03023
18	0.08644	0.11844	0.04456	0.04229	0.01870	0.18493	0.01144	0.16317	0.13124	0.05277	0.03818	0.05103	0.01414	0.00788	0.00593	0.00190	0.00743	0.00592	0.00485	0.00876
19	0.01497	0.05010	0.05395	0.01440	0.03149	0.12496	0.09218	0.06592	0.05525	0.04086	0.06016	0.21009	0.02209	0.03958	0.00970	0.05619	0.03685	0.00935	0.00467	0.00723

[dist]
# distance from previous block
# <min> <max>
0	6

[block]
# block no. 1 follows, 34 sequences, length 64
# corresponding to MSA columns:
# 29-92
name=unknown_B
#
# <colnr> <probs for GDERKNQSTAVLIFYWHMCP>
#	G	D	E	R	K	N	Q	S	T	A	V	L	I	F	Y	W	H	M	C	P
0	0.06373	0.11609	0.23762	0.04190	0.11473	0.09824	0.01580	0.08658	0.01624	0.06538	0.05110	0.01723	0.03421	0.00702	0.00595	0.00190	0.00791	0.00546	0.00395	0.00895
1	0.01657	0.01638	0.11120	0.07030	0.12746	0.01472	0.08819	0.11010	0.19128	0.07771	0.03892	0.02294	0.05333	0.00802	0.00672	0.00210	0.00706	0.02251	0.00504	0.00946
2	0.01340	0.01148	0.01340	0.00957	0.01531	0.00861	0.00766	0.01627	0.01340	0.02105	0.01148	0.01340	0.00957	0.00479	0.00479	0.00096	0.00479	0.00383	0.00383	0.81242
3	0.01008	0.00802	0.01063	0.02934	0.01167	0.02732	0.02508	0.01149	0.01059	0.01449	0.01925	0.10505	0.02046	0.30381	0.30897	0.00697	0.05887	0.00881	0.00382	0.00528
4	0.01157	0.01038	0.01687	0.59801	0.03696	0.01254	0.01532	0.01549	0.01350	0.01777	0.08402	0.05386	0.03775	0.00805	0.00660	0.00214	0.00747	0.00711	0.03771	0.00689
5	0.02899	0.01100	0.01499	0.01150	0.01649	0.00950	0.00950	0.03149	0.01849	0.73709	0.02549	0.02199	0.01599	0.00800	0.00650	0.00200	0.00550	0.00650	0.00800	0.01100
6	0.00960	0.00783	0.01050	0.05703	0.04023	0.02632	0.02998	0.03239	0.01346	0.01760	0.03331	0.57793	0.08424	0.01737	0.00789	0.00248	0.00470	0.01569	0.00556	0.00592
7	0.02414	0.03079	0.01831	0.01665	0.01998	0.74698	0.01248	0.02580	0.01831	0.01581	0.00999	0.01165	0.00832	0.00666	0.00583	0.00166	0.01165	0.00416	0.00333	0.00749
8	0.07710	0.00968	0.01151	0.00944	0.01307	0.00920	0.00763	0.06761	0.01687	0.37529	0.02205	0.02157	0.01527	0.00767	0.00558	0.00181	0.00463	0.00607	0.30912	0.00885
9	0.00794	0.00587	0.00726	0.00831	0.00905	0.00537	0.00560	0.00909	0.01264	0.01638	0.04084	0.55764	0.18977	0.07984	0.01009	0.00282	0.00385	0.01663	0.00583	0.00519
10	0.02522	0.01123	0.01449	0.01157	0.01608	0.01049	0.00940	0.03069	0.14930	0.55599	0.07400	0.02419	0.01978	0.00850	0.00659	0.00204	0.00526	0.00700	0.00767	0.01052
11	0.01443	0.01404	0.02236	0.27878	0.39524	0.04532	0.03362	0.01826	0.01443	0.01939	0.04491	0.01936	0.03839	0.00674	0.00652	0.00201	0.00787	0.00628	0.00337	0.00869
12	0.01727	0.77681	0.03386	0.01106	0.01658	0.02557	0.01106	0.01935	0.01313	0.01520	0.00898	0.01036	0.00829	0.00553	0.00415	0.00138	0.00691	0.00345	0.00276	0.00829
13	0.01557	0.01492	0.02546	0.12018	0.65542	0.01524	0.01962	0.01946	0.01451	0.02059	0.01208	0.01613	0.01005	0.00584	0.00640	0.00195	0.00778	0.00576	0.00316	0.00989
14	0.00927	0.00675	0.00953	0.00953	0.01039	0.00761	0.00701	0.01099	0.01013	0.01437	0.01809	0.02970	0.01803	0.23350	0.56484	0.00933	0.01449	0.00755	0.00358	0.00530
15	0.59768	0.04741	0.03662	0.01041	0.01458	0.06220	0.00887	0.08919	0.01355	0.02797	0.00978	0.01131	0.00763	0.00640	0.00508	0.00198	0.03380	0.00389	0.00407	0.00757
16	0.04435	0.01482	0.01559	0.16187	0.02193	0.13051	0.01148	0.07034	0.16767	0.16211	0.11283	0.02253	0.01945	0.00825	0.00647	0.00202	0.00679	0.00669	0.00557	0.00872
17	0.01595	0.01154	0.01357	0.01174	0.01444	0.01282	0.00914	0.23059	0.11656	0.05581	0.04162	0.02481	0.01728	0.13114	0.22030	0.02592	0.02662	0.00707	0.00517	0.00792
18	0.01175	0.01071	0.01443	0.01324	0.01402	0.04120	0.01065	0.01368	0.01050	0.01525	0.01352	0.02039	0.01280	0.03209	0.43036	0.00705	0.31249	0.00631	0.00320	0.00635
19	0.00786	0.00566	0.00746	0.00889	0.00934	0.00526	0.00595	0.00901	0.01247	0.01654	0.03688	0.73867	0.07196	0.02008	0.00822	0.00261	0.00373	0.01817	0.00600	0.00526
20	0.02456	0.01810	0.01939	0.01487	0.02004	0.02004	0.01228	0.71107	0.03038	0.04072	0.01551	0.01551	0.01099	0.00776	0.00646	0.00194	0.00711	0.00582	0.00646	0.01099
21	0.02414	0.03079	0.01831	0.01665	0.01998	0.74698	0.01248	0.02580	0.01831	0.01581	0.00999	0.01165	0.00832	0.00666	0.00583	0.00166	0.01165	0.00416	0.00333	0.00749
22	0.01506	0.01685	0.03491	0.02543	0.03082	0.01694	0.58736	0.01980	0.01431	0.01980	0.01227	0.01685	0.00957	0.00647	0.01000	0.00229	0.14235	0.00728	0.00319	0.00843
23	0.00943	0.00750	0.00867	0.00875	0.01079	0.00711	0.00694	0.01334	0.08676	0.02060	0.19239	0.05787	0.36225	0.01528	0.00782	0.00233	0.00402	0.16569	0.00628	0.00618
24	0.01684	0.06407	0.02532	0.09707	0.51252	0.11641	0.03592	0.02035	0.01497	0.01961	0.01163	0.01519	0.00970	0.00592	0.00622	0.00188	0.00834	0.00544	0.00316	0.00943
25	0.06688	0.04393	0.02138	0.05038	0.09420	0.25778	0.10082	0.12562	0.07370	0.05957	0.01343	0.01512	0.01033	0.00688	0.00666	0.00192	0.03290	0.00543	0.00426	0.00881
26	0.00793	0.00659	0.00699	0.00722	0.00923	0.00564	0.00552	0.00967	0.01462	0.01759	0.06070	0.10112	0.62327	0.01672	0.00780	0.00229	0.00357	0.08205	0.00599	0.00549
27	0.01498	0.01444	0.02497	0.22457	0.52453	0.01514	0.04922	0.01901	0.01427	0.01990	0.01202	0.01637	0.00980	0.00593	0.00647	0.00199	0.00806	0.00583	0.00312	0.00938
28	0.01692	0.71635	0.09124	0.01165	0.01751	0.02471	0.01210	0.01944	0.01317	0.01563	0.00920	0.01063	0.00828	0.00558	0.00431	0.00144	0.00712	0.00356	0.00276	0.00839
29	0.00776	0.00655	0.00672	0.00667	0.00880	0.00551	0.00501	0.00951	0.01502	0.01814	0.11944	0.06105	0.67558	0.01611	0.00764	0.00217	0.00325	0.01348	0.00609	0.00551
30	0.02340	0.01731	0.01861	0.01451	0.01938	0.01914	0.01189	0.65053	0.05498	0.03899	0.01693	0.05396	0.01292	0.00843	0.00656	0.00198	0.00687	0.00651	0.00644	0.01067
31	0.02203	0.01949	0.08231	0.01616	0.02123	0.04698	0.05414	0.52042	0.02569	0.03451	0.01417	0.01519	0.01034	0.00777	0.00786	0.00203	0.07820	0.00576	0.00550	0.01023
32	0.01331	0.00738	0.00940	0.00841	0.01065	0.00671	0.00648	0.01615	0.01747	0.16424	0.45427	0.04087	0.09085	0.01165	0.00699	0.00197	0.00354	0.01006	0.11261	0.00700
33	0.01715	0.01373	0.01526	0.01324	0.01630	0.03884	0.01056	0.17329	0.27528	0.06375	0.09411	0.06845	0.02211	0.01029	0.00875	0.00224	0.10491	0.03671	0.00602	0.00903
34	0.00853	0.00635	0.00697	0.00706	0.00809	0.00584	0.00463	0.00948	0.01239	0.01571	0.08345	0.11037	0.31999	0.35166	0.01887	0.00402	0.00462	0.01203	0.00514	0.00479
35	0.01328	0.01260	0.02131	0.49670	0.21804	0.01445	0.04442	0.01788	0.03732	0.01820	0.01299	0.04113	0.01054	0.00676	0.00655	0.00211	0.00819	0.00627	0.00319	0.00806
36	0.01220	0.01148	0.01938	0.75739	0.04450	0.01436	0.01794	0.01651	0.01292	0.01651	0.01148	0.01723	0.00861	0.00646	0.00646	0.00215	0.00861	0.00574	0.00287	0.00718
37	0.01340	0.01148	0.01340	0.00957	0.01531	0.00861	0.00766	0.01627	0.01340	0.02105	0.01148	0.01340	0.00957	0.00479	0.00479	0.00096	0.00479	0.00383	0.00383	0.81242
38	0.01387	0.01327	0.01823	0.01571	0.01592	0.01810	0.01288	0.03832	0.01055	0.01609	0.01017	0.01730	0.01028	0.08680	0.04548	0.00338	0.63768	0.00607	0.00308	0.00685
39	0.01317	0.03206	0.68548	0.01848	0.02768	0.01510	0.04597	0.02106	0.04371	0.02075	0.01227	0.01421	0.00873	0.00623	0.00621	0.00206	0.00941	0.00498	0.00291	0.00955
40	0.00815	0.00579	0.00764	0.00896	0.00936	0.00550	0.00603	0.00927	0.01213	0.01619	0.03362	0.65295	0.03998	0.09244	0.03042	0.00319	0.00444	0.04306	0.00573	0.00516
41	0.81856	0.01250	0.00950	0.00850	0.01250	0.01449	0.00700	0.01899	0.01100	0.02899	0.00900	0.01050	0.00700	0.00600	0.00400	0.00200	0.00500	0.00350	0.00400	0.00700
42	0.01525	0.01743	0.03813	0.02723	0.03377	0.01634	0.70915	0.02070	0.01525	0.02070	0.01307	0.01743	0.00980	0.00545	0.00763	0.00218	0.01089	0.00763	0.00327	0.00871
43	0.00787	0.00562	0.00750	0.00900	0.00937	0.00525	0.00600	0.00900	0.01237	0.01649	0.03561	0.76871	0.04274	0.02024	0.00825	0.00262	0.00375	0.01837	0.00600	0.00525
44	0.01251	0.01020	0.01151	0.01061	0.01318	0.01102	0.00811	0.02303	0.36846	0.02587	0.33279	0.06097	0.06238	0.01134	0.00712	0.00214	0.00411	0.00979	0.00677	0.00811
45	0.02271	0.01672	0.01807	0.01422	0.01886	0.01840	0.01159	0.63337	0.02839	0.03804	0.01774	0.09888	0.01450	0.00914	0.00666	0.00201	0.00674	0.00721	0.00641	0.01035
46	0.01122	0.00561	0.00842	0.00842	0.00842	0.00561	0.00561	0.00842	0.00842	0.01122	0.01122	0.01964	0.01122	0.02245	0.02525	0.81201	0.00561	0.00561	0.00281	0.00281
47	0.01296	0.03342	0.73944	0.01842	0.02797	0.01501	0.02387	0.02046	0.01364	0.02046	0.01160	0.01364	0.00818	0.00614	0.00614	0.00205	0.00955	0.00477	0.00273	0.00955
48	0.00798	0.00570	0.00762	0.00912	0.00954	0.00534	0.00619	0.00918	0.01248	0.01661	0.03555	0.73918	0.04250	0.02014	0.00828	0.00264	0.00384	0.04683	0.00600	0.00528
49	0.01332	0.03089	0.62837	0.01981	0.02888	0.01522	0.13241	0.02050	0.01390	0.02050	0.01183	0.01424	0.00844	0.00603	0.00637	0.00207	0.00976	0.00523	0.00281	0.00942
50	0.06215	0.01953	0.11300	0.04660	0.02121	0.05597	0.01367	0.40822	0.09782	0.03225	0.01495	0.01571	0.01096	0.00765	0.00711	0.00203	0.05027	0.00562	0.00534	0.00995
51	0.01411	0.01417	0.11370	0.01441	0.01797	0.01259	0.13418	0.04411	0.06475	0.04516	0.01759	0.06701	0.01460	0.00851	0.00852	0.00206	0.12880	0.00697	0.26305	0.00774
52	0.00790	0.00652	0.00693	0.00691	0.00891	0.00555	0.00515	0.00975	0.01524	0.01884	0.17580	0.08707	0.59113	0.01598	0.00766	0.00217	0.00325	0.01349	0.00619	0.00555
53	0.01122	0.00561	0.00842	0.00842	0.00842	0.00561	0.00561	0.00842	0.00842	0.01122	0.01122	0.01964	0.01122	0.02245	0.02525	0.81201	0.00561	0.00561	0.00281	0.00281
54	0.01727	0.77681	0.03386	0.01106	0.01658	0.02557	0.01106	0.01935	0.01313	0.01520	0.00898	0.01036	0.00829	0.00553	0.00415	0.00138	0.00691	0.00345	0.00276	0.00829
55	0.00942	0.00720	0.01074	0.01063	0.01174	0.00852	0.00831	0.01169	0.01037	0.01502	0.01697	0.02496	0.01586	0.04705	0.71986	0.01010	0.04544	0.00687	0.00344	0.00582
56	0.01331	0.00639	0.00669	0.00643	0.00820	0.00628	0.00489	0.01628	0.01392	0.07740	0.02141	0.02393	0.01652	0.00756	0.00466	0.00154	0.00320	0.00606	0.74892	0.00639
57	0.00858	0.00592	0.00729	0.00809	0.00829	0.00572	0.00503	0.00918	0.01098	0.01464	0.02849	0.42965	0.03375	0.37156	0.01975	0.00432	0.00492	0.01418	0.00503	0.00463
58	0.00931	0.00660	0.00877	0.00877	0.00937	0.00720	0.00607	0.01050	0.00991	0.01381	0.01878	0.03354	0.01970	0.39832	0.40230	0.00839	0.01197	0.00812	0.00368	0.00487
59	0.02414	0.03079	0.01831	0.01665	0.01998	0.74698	0.01248	0.02580	0.01831	0.01581	0.00999	0.01165	0.00832	0.00666	0.00583	0.00166	0.01165	0.00416	0.00333	0.00749
60	0.04042	0.01398	0.08675	0.01063	0.01668	0.00989	0.00945	0.04317	0.01399	0.02200	0.01157	0.01341	0.00940	0.00507	0.00496	0.00114	0.00536	0.00399	0.00382	0.67432
61	0.01750	0.56593	0.11732	0.01245	0.01826	0.05807	0.01266	0.08029	0.01499	0.01817	0.01122	0.01246	0.02504	0.00610	0.00475	0.00154	0.00739	0.00409	0.00319	0.00858
62	0.03791	0.09829	0.63038	0.01723	0.02610	0.01575	0.02174	0.02069	0.01368	0.04441	0.01175	0.01354	0.00842	0.00614	0.00591	0.00198	0.00904	0.00468	0.00295	0.00941
63	0.00940	0.00626	0.00705	0.00705	0.00705	0.00626	0.00392	0.00940	0.00940	0.01253	0.02036	0.04228	0.02349	0.77292	0.03289	0.00626	0.00626	0.00940	0.00392	0.00392

[dist]
# distance from previous block
# <min> <max>
6	9

[block]
# block no. 2 follows, 34 sequences, length 49
# corresponding to MSA columns:
# 102-150
name=unknown_C
#
# <colnr> <probs for GDERKNQSTAVLIFYWHMCP>
#	G	D	E	R	K	N	Q	S	T	A	V	L	I	F	Y	W	H	M	C	P
0	0.09695	0.05048	0.01548	0.01261	0.01645	0.01632	0.01004	0.18004	0.40294	0.02880	0.02216	0.08378	0.01794	0.00909	0.00632	0.00211	0.00551	0.00736	0.00606	0.00956
1	0.03947	0.01573	0.05856	0.10608	0.45500	0.01527	0.01763	0.10664	0.01666	0.08677	0.01357	0.01633	0.01048	0.00630	0.00634	0.00196	0.00753	0.00572	0.00400	0.00996
2	0.37977	0.16095	0.11697	0.01487	0.09158	0.05328	0.03808	0.04189	0.01329	0.02382	0.01009	0.01195	0.00804	0.00597	0.00487	0.00187	0.00687	0.00416	0.00353	0.00814
3	0.01477	0.01468	0.02285	0.11967	0.27191	0.05037	0.10295	0.01901	0.05278	0.01991	0.08210	0.01935	0.01501	0.00784	0.00958	0.00217	0.15633	0.00656	0.00367	0.00849
4	0.01489	0.20293	0.02310	0.01530	0.01683	0.02092	0.01320	0.01651	0.01079	0.01561	0.00869	0.01318	0.00846	0.00970	0.01654	0.00242	0.55401	0.00506	0.00284	0.02901
5	0.00794	0.00567	0.00755	0.00895	0.00939	0.00529	0.00600	0.00916	0.01266	0.01696	0.06998	0.73301	0.04364	0.01989	0.00822	0.00259	0.00371	0.01804	0.00605	0.00529
6	0.00854	0.00658	0.00780	0.00750	0.00928	0.00584	0.00562	0.01103	0.01687	0.02254	0.46484	0.05381	0.32743	0.01447	0.00763	0.00209	0.00314	0.01246	0.00667	0.00584
7	0.01743	0.00908	0.01151	0.01019	0.01316	0.00853	0.00787	0.02178	0.11154	0.30113	0.15391	0.19648	0.08510	0.01238	0.00718	0.00218	0.00446	0.01071	0.00705	0.00833
8	0.02362	0.01834	0.01882	0.01478	0.01968	0.05940	0.01207	0.60049	0.10428	0.03788	0.01638	0.01623	0.01179	0.00781	0.00644	0.00195	0.00714	0.00589	0.00630	0.01071
9	0.01296	0.03342	0.73944	0.01842	0.02797	0.01501	0.02387	0.02046	0.01364	0.02046	0.01160	0.01364	0.00818	0.00614	0.00614	0.00205	0.00955	0.00477	0.00273	0.00955
10	0.01895	0.01454	0.01542	0.01320	0.01728	0.03442	0.01043	0.13303	0.50077	0.11066	0.02380	0.02199	0.01744	0.00837	0.00648	0.00209	0.00561	0.00682	0.00656	0.03214
11	0.01181	0.00626	0.00648	0.00640	0.00803	0.00609	0.00477	0.01468	0.01346	0.02340	0.02166	0.07666	0.01809	0.00830	0.00480	0.00156	0.00315	0.00680	0.71305	0.04455
12	0.00989	0.00709	0.00971	0.01109	0.01238	0.00699	0.00930	0.01243	0.01429	0.01859	0.03508	0.17565	0.06341	0.04602	0.00966	0.00301	0.00553	0.53825	0.00588	0.00575
13	0.01761	0.01417	0.01512	0.01324	0.01712	0.01614	0.01040	0.10407	0.61358	0.06488	0.02514	0.02311	0.01863	0.00862	0.00656	0.00216	0.00534	0.00711	0.00664	0.01035
14	0.00776	0.00605	0.00706	0.00786	0.00907	0.00534	0.00549	0.00912	0.01346	0.01694	0.04940	0.44231	0.36023	0.01845	0.00797	0.00242	0.00353	0.01618	0.00600	0.00534
15	0.01340	0.01148	0.01340	0.00957	0.01531	0.00861	0.00766	0.01627	0.01340	0.02105	0.01148	0.01340	0.00957	0.00479	0.00479	0.00096	0.00479	0.00383	0.00383	0.81242
16	0.01384	0.03219	0.69979	0.01804	0.02734	0.01470	0.02309	0.02107	0.01391	0.05969	0.01236	0.01410	0.00861	0.00624	0.00616	0.00204	0.00933	0.00487	0.00302	0.00963
17	0.00797	0.00576	0.00737	0.00861	0.00913	0.00535	0.00573	0.00905	0.01237	0.01628	0.03735	0.64403	0.10832	0.07761	0.01008	0.00286	0.00390	0.01722	0.00584	0.00517
18	0.04997	0.01792	0.01907	0.01466	0.01980	0.01986	0.01211	0.68893	0.02976	0.04035	0.01530	0.01535	0.01086	0.00770	0.00638	0.00194	0.00704	0.00574	0.00638	0.01086
19	0.01587	0.01475	0.02507	0.12832	0.62784	0.01507	0.01932	0.01973	0.01459	0.03959	0.01243	0.01631	0.01019	0.00590	0.00641	0.00195	0.00773	0.00577	0.00329	0.00987
20	0.02199	0.02722	0.01863	0.01671	0.01933	0.59101	0.01284	0.02360	0.01651	0.01576	0.00966	0.01218	0.00836	0.00766	0.00912	0.00191	0.17240	0.00448	0.00322	0.00740
21	0.01405	0.00953	0.01193	0.01188	0.01438	0.00976	0.01004	0.07924	0.11176	0.09334	0.03303	0.05538	0.08357	0.01464	0.00805	0.00262	0.00569	0.41738	0.00629	0.00743
22	0.01727	0.77681	0.03386	0.01106	0.01658	0.02557	0.01106	0.01935	0.01313	0.01520	0.00898	0.01036	0.00829	0.00553	0.00415	0.00138	0.00691	0.00345	0.00276	0.00829
23	0.01517	0.01718	0.03672	0.02645	0.03248	0.01660	0.65583	0.02030	0.01484	0.02030	0.01272	0.01718	0.00970	0.00590	0.00867	0.00223	0.06845	0.00747	0.00323	0.00859
24	0.00903	0.00660	0.00848	0.00801	0.00958	0.00605	0.00601	0.01197	0.01802	0.02526	0.67829	0.04933	0.11229	0.01345	0.00762	0.00204	0.00307	0.01183	0.00703	0.00605
25	0.00850	0.00652	0.00781	0.00781	0.00946	0.00583	0.00585	0.01081	0.01615	0.02138	0.36935	0.12994	0.31209	0.01538	0.00776	0.00220	0.00335	0.04753	0.00651	0.00576
26	0.00940	0.00626	0.00705	0.00705	0.00705	0.00626	0.00392	0.00940	0.00940	0.01253	0.02036	0.04228	0.02349	0.77292	0.03289	0.00626	0.00626	0.00940	0.00392	0.00392
27	0.01296	0.03342	0.73944	0.01842	0.02797	0.01501	0.02387	0.02046	0.01364	0.02046	0.01160	0.01364	0.00818	0.00614	0.00614	0.00205	0.00955	0.00477	0.00273	0.00955
28	0.01296	0.03342	0.73944	0.01842	0.02797	0.01501	0.02387	0.02046	0.01364	0.02046	0.01160	0.01364	0.00818	0.00614	0.00614	0.00205	0.00955	0.00477	0.00273	0.00955
29	0.00944	0.00686	0.01006	0.01006	0.01124	0.00792	0.00781	0.01180	0.01062	0.01567	0.01759	0.02529	0.01618	0.04543	0.69237	0.00973	0.01625	0.00686	0.06303	0.00579
30	0.05305	0.15116	0.53630	0.01663	0.02479	0.07283	0.02014	0.02062	0.01379	0.01967	0.01093	0.01281	0.00816	0.00607	0.00569	0.00191	0.00907	0.00446	0.00284	0.00907
31	0.00937	0.00633	0.00738	0.00736	0.00752	0.00639	0.00434	0.00970	0.00991	0.01338	0.05525	0.04128	0.02478	0.67970	0.08644	0.00637	0.00695	0.00932	0.00404	0.00417
32	0.20351	0.23312	0.05800	0.01432	0.07739	0.05489	0.02833	0.05901	0.04902	0.14622	0.01357	0.01422	0.01022	0.00644	0.00522	0.00181	0.00669	0.00470	0.00441	0.00890
33	0.02403	0.01783	0.01909	0.01476	0.01983	0.01979	0.01215	0.66861	0.07371	0.03986	0.01619	0.01605	0.01154	0.00782	0.00647	0.00195	0.00698	0.00591	0.00647	0.01094
34	0.00894	0.00647	0.00865	0.00983	0.01083	0.00624	0.00756	0.01090	0.01365	0.01797	0.07433	0.37578	0.09300	0.03809	0.03551	0.00305	0.00503	0.26271	0.00590	0.00555
35	0.00943	0.00663	0.00867	0.00891	0.00952	0.00703	0.00628	0.01066	0.01053	0.01439	0.02147	0.05900	0.02317	0.39964	0.28163	0.00720	0.01006	0.09683	0.00407	0.00487
36	0.01580	0.01515	0.02588	0.07649	0.69730	0.01530	0.01973	0.01966	0.01462	0.02087	0.01212	0.01606	0.01015	0.00579	0.00640	0.00193	0.00772	0.00576	0.00318	0.01008
37	0.08065	0.01381	0.01551	0.01229	0.01683	0.01445	0.01005	0.31011	0.08470	0.26625	0.01983	0.01889	0.01367	0.00778	0.00612	0.00194	0.00585	0.00603	0.08510	0.01015
38	0.01392	0.01138	0.01309	0.00956	0.01490	0.00904	0.00765	0.05635	0.01439	0.02246	0.01257	0.01447	0.01027	0.00520	0.00486	0.00106	0.00476	0.00414	0.07539	0.69453
39	0.01276	0.00866	0.01035	0.00914	0.01177	0.00822	0.00707	0.05441	0.08830	0.10269	0.38604	0.04217	0.17157	0.01210	0.00720	0.00202	0.00387	0.01036	0.00676	0.04454
40	0.02626	0.01272	0.05477	0.01189	0.01723	0.01037	0.01027	0.07195	0.01846	0.58201	0.02269	0.02026	0.01461	0.00756	0.00630	0.00189	0.00575	0.00609	0.00719	0.09173
41	0.40679	0.01349	0.01563	0.01266	0.01683	0.04849	0.12623	0.03750	0.04837	0.09165	0.10807	0.01858	0.01625	0.00726	0.00559	0.00203	0.00616	0.00583	0.00481	0.00781
42	0.00973	0.00675	0.00832	0.00821	0.00867	0.00713	0.00533	0.02751	0.01021	0.01395	0.01935	0.03672	0.02105	0.54395	0.23922	0.00735	0.00948	0.00859	0.00385	0.00463
43	0.00923	0.00683	0.00826	0.00825	0.01012	0.00616	0.00648	0.01168	0.01623	0.03776	0.31786	0.05777	0.32602	0.01521	0.00784	0.00226	0.00372	0.13590	0.00647	0.00592
44	0.01346	0.01170	0.01428	0.01020	0.01597	0.00889	0.03280	0.01643	0.01346	0.02104	0.01154	0.01354	0.00958	0.00481	0.00489	0.00100	0.00500	0.00396	0.00381	0.78361
45	0.00940	0.00626	0.00705	0.00705	0.00705	0.00626	0.00392	0.00940	0.00940	0.01253	0.02036	0.04228	0.02349	0.77292	0.03289	0.00626	0.00626	0.00940	0.00392	0.00392
46	0.09504	0.06676	0.01477	0.05196	0.01631	0.02996	0.00948	0.13289	0.08705	0.14915	0.05916	0.06764	0.07829	0.01414	0.09585	0.00303	0.00710	0.00748	0.00557	0.00835
47	0.01715	0.12057	0.02126	0.09165	0.14395	0.11877	0.04569	0.10769	0.10966	0.02274	0.08631	0.01922	0.01610	0.00748	0.00653	0.00191	0.02488	0.00612	0.02362	0.00871
48	0.07520	0.06339	0.01775	0.01411	0.01768	0.17383	0.07087	0.14089	0.05270	0.05417	0.03532	0.12586	0.01818	0.00984	0.00693	0.00207	0.02682	0.06280	0.00493	0.02667

[dist]
# distance from previous block
# <min> <max>
11	41

[block]
# block no. 3 follows, 34 sequences, length 114
# corresponding to MSA columns:
# 196-309
name=unknown_D
#
# <colnr> <probs for GDERKNQSTAVLIFYWHMCP>
#	G	D	E	R	K	N	Q	S	T	A	V	L	I	F	Y	W	H	M	C	P
0	0.07631	0.03599	0.05530	0.01596	0.08125	0.03728	0.12173	0.02050	0.14890	0.04148	0.14935	0.05028	0.07016	0.00887	0.00661	0.00200	0.00620	0.00791	0.00503	0.05887
1	0.07404	0.03507	0.16913	0.03917	0.10360	0.09385	0.05632	0.09302	0.04101	0.14555	0.03985	0.01829	0.01301	0.00715	0.00624	0.00197	0.00773	0.02157	0.00464	0.02879
2	0.06154	0.08457	0.11518	0.04182	0.11667	0.03628	0.01290	0.12488	0.05794	0.08524	0.01742	0.04535	0.04134	0.05370	0.00762	0.00213	0.00679	0.00622	0.00455	0.07785
3	0.11477	0.07347	0.07707	0.01962	0.18978	0.09639	0.01368	0.10579	0.13876	0.06637	0.01487	0.01589	0.01138	0.00676	0.00586	0.00190	0.00717	0.00533	0.00451	0.03062
4	0.01986	0.06269	0.08830	0.04172	0.16853	0.19249	0.05694	0.15818	0.01858	0.06718	0.01354	0.01659	0.01073	0.00706	0.00668	0.00193	0.02845	0.02718	0.00418	0.00920
5	0.11253	0.28264	0.23003	0.01326	0.01962	0.05122	0.01404	0.05614	0.01461	0.08096	0.01168	0.01283	0.00898	0.00608	0.00514	0.00171	0.00741	0.00428	0.00363	0.06321
6	0.00923	0.00692	0.01038	0.01038	0.01154	0.00808	0.00808	0.01154	0.01038	0.01500	0.01731	0.02538	0.01615	0.04846	0.74732	0.01038	0.01731	0.00692	0.00346	0.00577
7	0.01679	0.02101	0.12779	0.15646	0.16628	0.19138	0.07557	0.04792	0.01525	0.01903	0.01143	0.01497	0.00914	0.00762	0.02354	0.00220	0.07656	0.00540	0.00321	0.00844
8	0.01758	0.54453	0.02830	0.01152	0.01684	0.09834	0.01067	0.04183	0.01428	0.01708	0.00972	0.01118	0.00860	0.00559	0.00451	0.00136	0.00706	0.00367	0.00312	0.14425
9	0.00937	0.00636	0.00752	0.00752	0.00769	0.00652	0.00451	0.00970	0.00954	0.01288	0.01992	0.03988	0.02245	0.66975	0.13463	0.00685	0.00784	0.00904	0.00385	0.00418
10	0.01615	0.01956	0.08478	0.02465	0.03072	0.07902	0.53539	0.04810	0.01570	0.02077	0.01255	0.01641	0.00954	0.00601	0.00806	0.00215	0.05148	0.00695	0.00334	0.00867
11	0.00811	0.00579	0.00777	0.00927	0.00975	0.00546	0.00642	0.00941	0.01261	0.01676	0.03548	0.70280	0.04221	0.02002	0.00831	0.00266	0.00396	0.08190	0.00599	0.00531
12	0.00905	0.00660	0.00851	0.00803	0.00960	0.00606	0.00603	0.01202	0.01808	0.02540	0.68931	0.04910	0.10118	0.01340	0.00762	0.00204	0.00306	0.01180	0.00705	0.00606
13	0.00789	0.00656	0.00689	0.00681	0.00888	0.00556	0.00511	0.00976	0.01532	0.01886	0.17564	0.05987	0.61894	0.01584	0.00763	0.00216	0.00324	0.01331	0.00618	0.00556
14	0.01727	0.77681	0.03386	0.01106	0.01658	0.02557	0.01106	0.01935	0.01313	0.01520	0.00898	0.01036	0.00829	0.00553	0.00415	0.00138	0.00691	0.00345	0.00276	0.00829
15	0.02412	0.01779	0.01905	0.01465	0.01974	0.01965	0.01209	0.69258	0.02997	0.04011	0.01683	0.01674	0.02993	0.00798	0.00649	0.00195	0.00701	0.00602	0.00645	0.01084
16	0.79317	0.01267	0.00981	0.00870	0.01274	0.01467	0.00717	0.04113	0.01162	0.02937	0.00921	0.01066	0.00713	0.00605	0.00408	0.00200	0.00507	0.00357	0.00408	0.00713
17	0.00938	0.00633	0.00740	0.00740	0.00752	0.00646	0.00435	0.00962	0.00950	0.01279	0.02004	0.04050	0.02272	0.69646	0.10829	0.00670	0.00743	0.00914	0.00387	0.00411
18	0.02349	0.10101	0.01977	0.01612	0.01966	0.67909	0.01235	0.02519	0.01782	0.01576	0.00989	0.01153	0.00832	0.00655	0.00567	0.00164	0.01121	0.00409	0.00328	0.00757
19	0.01204	0.00602	0.00602	0.00602	0.00753	0.00602	0.00452	0.01506	0.01355	0.02409	0.02108	0.02409	0.01656	0.00753	0.00452	0.00151	0.00301	0.00602	0.80879	0.00602
20	0.01646	0.01407	0.01483	0.01323	0.01695	0.01625	0.01032	0.06510	0.68955	0.02765	0.02581	0.02372	0.01933	0.00872	0.00657	0.00218	0.00520	0.00724	0.00657	0.01026
21	0.01109	0.00570	0.00855	0.00855	0.00863	0.00578	0.00578	0.00863	0.00855	0.01148	0.01164	0.02004	0.01156	0.02424	0.07496	0.75682	0.00642	0.00570	0.00285	0.00301
22	0.00887	0.00670	0.00764	0.00733	0.00933	0.00583	0.00552	0.01111	0.01628	0.04187	0.33363	0.05536	0.43770	0.01484	0.00760	0.00212	0.00325	0.01264	0.00651	0.00588
23	0.00866	0.00660	0.00777	0.00759	0.00939	0.00589	0.00577	0.01111	0.01647	0.02195	0.39272	0.05467	0.34080	0.01461	0.00760	0.00213	0.00329	0.04673	0.03045	0.00582
24	0.01340	0.01148	0.01340	0.00957	0.01531	0.00861	0.00766	0.01627	0.01340	0.02105	0.01148	0.01340	0.00957	0.00479	0.00479	0.00096	0.00479	0.00383	0.00383	0.81242
25	0.00871	0.00667	0.00804	0.00794	0.00971	0.00600	0.00612	0.01122	0.01656	0.02197	0.40023	0.05627	0.31245	0.01492	0.00777	0.00219	0.00345	0.08735	0.00656	0.00584
26	0.00779	0.00645	0.00683	0.00695	0.00888	0.00549	0.00513	0.00950	0.01478	0.01809	0.12024	0.13896	0.59558	0.01652	0.00770	0.00222	0.00331	0.01399	0.00610	0.00549
27	0.01599	0.01535	0.02623	0.03966	0.73262	0.01535	0.01983	0.01983	0.01471	0.02111	0.01215	0.01599	0.01023	0.00576	0.00640	0.00192	0.00768	0.00576	0.00320	0.01023
28	0.81856	0.01250	0.00950	0.00850	0.01250	0.01449	0.00700	0.01899	0.01100	0.02899	0.00900	0.01050	0.00700	0.00600	0.00400	0.00200	0.00500	0.00350	0.00400	0.00700
29	0.00863	0.00658	0.00792	0.00759	0.00934	0.00588	0.00569	0.01119	0.01707	0.02301	0.50137	0.05304	0.29062	0.01429	0.00763	0.00208	0.00313	0.01236	0.00673	0.00588
30	0.01340	0.01148	0.01340	0.00957	0.01531	0.00861	0.00766	0.01627	0.01340	0.02105	0.01148	0.01340	0.00957	0.00479	0.00479	0.00096	0.00479	0.00383	0.00383	0.81242
31	0.00924	0.00682	0.00986	0.00982	0.01086	0.00772	0.00744	0.01132	0.01081	0.01545	0.06669	0.02901	0.02013	0.13382	0.60982	0.00931	0.01499	0.00755	0.00377	0.00557
32	0.00923	0.00692	0.01038	0.01038	0.01154	0.00808	0.00808	0.01154	0.01038	0.01500	0.01731	0.02538	0.01615	0.04846	0.74732	0.01038	0.01731	0.00692	0.00346	0.00577
33	0.01573	0.01509	0.02576	0.08840	0.68589	0.01528	0.01970	0.01960	0.01459	0.02080	0.01211	0.01608	0.01012	0.00580	0.00640	0.00193	0.00774	0.00576	0.00318	0.01003
34	0.02899	0.01100	0.01499	0.01150	0.01649	0.00950	0.00950	0.03149	0.01849	0.73709	0.02549	0.02199	0.01599	0.00800	0.00650	0.00200	0.00550	0.00650	0.00800	0.01100
35	0.00919	0.00696	0.00851	0.00806	0.00982	0.00647	0.00606	0.01271	0.05322	0.02422	0.55653	0.04991	0.19696	0.01363	0.00757	0.00207	0.00320	0.01187	0.00686	0.00617
36	0.01599	0.01535	0.02623	0.03966	0.73262	0.01535	0.01983	0.01983	0.01471	0.02111	0.01215	0.01599	0.01023	0.00576	0.00640	0.00192	0.00768	0.00576	0.00320	0.01023
37	0.01587	0.01523	0.02600	0.06296	0.71028	0.01532	0.01977	0.01972	0.01465	0.02096	0.01213	0.01603	0.01018	0.00578	0.00640	0.00193	0.00771	0.00576	0.00319	0.01014
38	0.00831	0.00593	0.00799	0.00949	0.01006	0.00562	0.00675	0.00975	0.01280	0.01698	0.03537	0.64998	0.04179	0.01983	0.00836	0.00268	0.00412	0.13282	0.00599	0.00537
39	0.01710	0.74707	0.06208	0.01135	0.01704	0.02514	0.01157	0.01939	0.01315	0.01541	0.00909	0.01050	0.00829	0.00555	0.00423	0.00141	0.00702	0.00351	0.00276	0.00834
40	0.00804	0.00660	0.00713	0.00724	0.00924	0.00569	0.00554	0.00994	0.01507	0.01851	0.13440	0.08051	0.57937	0.01625	0.00776	0.00225	0.00349	0.07128	0.00612	0.00556
41	0.81856	0.01250	0.00950	0.00850	0.01250	0.01449	0.00700	0.01899	0.01100	0.02899	0.00900	0.01050	0.00700	0.00600	0.00400	0.00200	0.00500	0.00350	0.00400	0.00700
42	0.81856	0.01250	0.00950	0.00850	0.01250	0.01449	0.00700	0.01899	0.01100	0.02899	0.00900	0.01050	0.00700	0.00600	0.00400	0.00200	0.00500	0.00350	0.00400	0.00700
43	0.01220	0.01148	0.01938	0.75739	0.04450	0.01436	0.01794	0.01651	0.01292	0.01651	0.01148	0.01723	0.00861	0.00646	0.00646	0.00215	0.00861	0.00574	0.00287	0.00718
44	0.00940	0.00626	0.00705	0.00705	0.00705	0.00626	0.00392	0.00940	0.00940	0.01253	0.02036	0.04228	0.02349	0.77292	0.03289	0.00626	0.00626	0.00940	0.00392	0.00392
45	0.00785	0.00571	0.00741	0.00876	0.00931	0.00527	0.00589	0.00902	0.01259	0.01659	0.03844	0.70179	0.10783	0.01988	0.00819	0.00258	0.00370	0.01792	0.00600	0.00527
46	0.02150	0.05146	0.01775	0.01541	0.01892	0.50502	0.01176	0.02811	0.22686	0.01912	0.01480	0.01531	0.01171	0.00725	0.00599	0.00181	0.00955	0.00507	0.00427	0.00833
47	0.81856	0.01250	0.00950	0.00850	0.01250	0.01449	0.00700	0.01899	0.01100	0.02899	0.00900	0.01050	0.00700	0.00600	0.00400	0.00200	0.00500	0.00350	0.00400	0.00700
48	0.00805	0.00570	0.00744	0.00877	0.00910	0.00537	0.00575	0.00904	0.01202	0.01602	0.03380	0.68256	0.04045	0.10950	0.01117	0.00306	0.00405	0.01730	0.00575	0.00509
49	0.00793	0.00565	0.00748	0.00892	0.00928	0.00529	0.00591	0.00901	0.01225	0.01634	0.03500	0.73965	0.04197	0.05035	0.00923	0.00277	0.00385	0.01801	0.00591	0.00519
50	0.01550	0.01501	0.02609	0.12407	0.61133	0.01529	0.05875	0.01949	0.01453	0.02054	0.01213	0.01622	0.01002	0.00582	0.00647	0.00196	0.00797	0.00586	0.00316	0.00979
51	0.01296	0.03342	0.73944	0.01842	0.02797	0.01501	0.02387	0.02046	0.01364	0.02046	0.01160	0.01364	0.00818	0.00614	0.00614	0.00205	0.00955	0.00477	0.00273	0.00955
52	0.01677	0.01389	0.01476	0.01314	0.01688	0.01595	0.01026	0.05309	0.67639	0.05299	0.02597	0.02379	0.01935	0.00871	0.00657	0.00218	0.00518	0.00723	0.00662	0.01028
53	0.00783	0.00598	0.00720	0.00811	0.00915	0.00535	0.00562	0.00919	0.01337	0.01710	0.06604	0.49958	0.28491	0.01868	0.00801	0.00245	0.00356	0.01651	0.00603	0.00535
54	0.02456	0.01810	0.01939	0.01487	0.02004	0.02004	0.01228	0.71107	0.03038	0.04072	0.01551	0.01551	0.01099	0.00776	0.00646	0.00194	0.00711	0.00582	0.00646	0.01099
55	0.00938	0.00632	0.00733	0.00733	0.00743	0.00642	0.00427	0.00958	0.00948	0.01274	0.02010	0.04084	0.02286	0.71100	0.09395	0.00662	0.00721	0.00918	0.00388	0.00407
56	0.01220	0.01148	0.01938	0.75739	0.04450	0.01436	0.01794	0.01651	0.01292	0.01651	0.01148	0.01723	0.00861	0.00646	0.00646	0.00215	0.00861	0.00574	0.00287	0.00718
57	0.01414	0.01414	0.01979	0.01696	0.01696	0.01979	0.01414	0.01555	0.00990	0.01555	0.00848	0.01414	0.00848	0.01131	0.02120	0.00283	0.76110	0.00565	0.00283	0.00707
58	0.00923	0.00692	0.01038	0.01038	0.01154	0.00808	0.00808	0.01154	0.01038	0.01500	0.01731	0.02538	0.01615	0.04846	0.74732	0.01038	0.01731	0.00692	0.00346	0.00577
59	0.02280	0.17631	0.02134	0.01556	0.01931	0.60627	0.01221	0.02454	0.01730	0.01569	0.00979	0.01140	0.00832	0.00644	0.00550	0.00161	0.01073	0.00402	0.00322	0.00765
60	0.00936	0.00673	0.00898	0.00908	0.01051	0.00635	0.00711	0.01226	0.01708	0.02372	0.51847	0.10297	0.05413	0.01478	0.00797	0.00229	0.00378	0.17166	0.00676	0.00600
61	0.01109	0.00821	0.01091	0.01205	0.01380	0.00847	0.01039	0.01589	0.09931	0.02026	0.03326	0.06705	0.03510	0.01676	0.00864	0.00288	0.00585	0.60759	0.00602	0.00646
62	0.01679	0.69298	0.11342	0.01189	0.01787	0.02438	0.01250	0.01947	0.01319	0.01579	0.00928	0.01073	0.00828	0.00560	0.00437	0.00146	0.00721	0.00360	0.00276	0.00843
63	0.01296	0.03342	0.73944	0.01842	0.02797	0.01501	0.02387	0.02046	0.01364	0.02046	0.01160	0.01364	0.00818	0.00614	0.00614	0.00205	0.00955	0.00477	0.00273	0.00955
64	0.01738	0.01453	0.01535	0.01341	0.01730	0.01668	0.01054	0.13841	0.61474	0.02913	0.02464	0.02279	0.01838	0.00861	0.00656	0.00215	0.00542	0.00708	0.00656	0.01034
65	0.00779	0.00646	0.00685	0.00712	0.00903	0.00552	0.00530	0.00942	0.01442	0.01741	0.06006	0.15688	0.60686	0.01695	0.00778	0.00228	0.00346	0.04498	0.00600	0.00545
66	0.00787	0.00562	0.00750	0.00900	0.00937	0.00525	0.00600	0.00900	0.01237	0.01649	0.03561	0.76871	0.04274	0.02024	0.00825	0.00262	0.00375	0.01837	0.00600	0.00525
67	0.00964	0.00670	0.00873	0.00821	0.00982	0.00616	0.00616	0.01259	0.01805	0.04588	0.67324	0.06694	0.07671	0.01333	0.00761	0.00205	0.00314	0.01176	0.00708	0.00620
68	0.02300	0.07151	0.06813	0.01646	0.02033	0.65807	0.01318	0.02509	0.01771	0.01610	0.01004	0.01172	0.00831	0.00656	0.00576	0.00168	0.01125	0.00416	0.00326	0.00767
69	0.02338	0.03057	0.06799	0.01671	0.02053	0.67313	0.01326	0.04755	0.01838	0.01694	0.01028	0.01191	0.00840	0.00666	0.00587	0.00170	0.01136	0.00426	0.00339	0.00775
70	0.00771	0.00655	0.00664	0.00662	0.00877	0.00549	0.00497	0.00941	0.01490	0.01785	0.09685	0.06152	0.69835	0.01621	0.00764	0.00217	0.00326	0.01354	0.00605	0.00549
71	0.01599	0.01535	0.02623	0.03966	0.73262	0.01535	0.01983	0.01983	0.01471	0.02111	0.01215	0.01599	0.01023	0.00576	0.00640	0.00192	0.00768	0.00576	0.00320	0.01023
72	0.01319	0.03182	0.66905	0.01930	0.02855	0.01514	0.09265	0.02049	0.01380	0.02049	0.01174	0.01402	0.00835	0.00607	0.00629	0.00206	0.00968	0.00506	0.00278	0.00947
73	0.01732	0.01880	0.02741	0.03143	0.40038	0.15683	0.18746	0.02106	0.01538	0.01981	0.01184	0.01545	0.00970	0.00603	0.00707	0.00196	0.03369	0.00590	0.00323	0.00923
74	0.01204	0.00602	0.00602	0.00602	0.00753	0.00602	0.00452	0.01506	0.01355	0.02409	0.02108	0.02409	0.01656	0.00753	0.00452	0.00151	0.00301	0.00602	0.80879	0.00602
75	0.00914	0.00650	0.00808	0.00907	0.00998	0.00638	0.00637	0.01207	0.07285	0.01861	0.05488	0.55309	0.06069	0.01752	0.00771	0.00246	0.00385	0.04631	0.08863	0.00581
76	0.00934	0.00627	0.00719	0.00724	0.00730	0.00630	0.00415	0.00947	0.00953	0.01275	0.02073	0.06506	0.02382	0.72003	0.06030	0.00631	0.00662	0.00959	0.00396	0.00403
77	0.00958	0.00697	0.00925	0.00966	0.01122	0.00663	0.00790	0.01248	0.01650	0.02234	0.37008	0.06021	0.10442	0.01550	0.00820	0.00246	0.00434	0.30976	0.00651	0.00598
78	0.02233	0.04658	0.01869	0.01361	0.01889	0.01775	0.01127	0.53030	0.02611	0.05979	0.01484	0.01513	0.01079	0.00712	0.00606	0.00174	0.00661	0.00537	0.00588	0.16114
79	0.01340	0.01148	0.01340	0.00957	0.01531	0.00861	0.00766	0.01627	0.01340	0.02105	0.01148	0.01340	0.00957	0.00479	0.00479	0.00096	0.00479	0.00383	0.00383	0.81242
80	0.01281	0.03288	0.05403	0.01178	0.03816	0.03464	0.00936	0.04082	0.16322	0.04124	0.31871	0.03602	0.11652	0.01117	0.00780	0.00209	0.04580	0.00929	0.00601	0.00765
81	0.02456	0.01810	0.01939	0.01487	0.02004	0.02004	0.01228	0.71107	0.03038	0.04072	0.01551	0.01551	0.01099	0.00776	0.00646	0.00194	0.00711	0.00582	0.00646	0.01099
82	0.00923	0.00692	0.01038	0.01038	0.01154	0.00808	0.00808	0.01154	0.01038	0.01500	0.01731	0.02538	0.01615	0.04846	0.74732	0.01038	0.01731	0.00692	0.00346	0.00577
83	0.01003	0.00649	0.00743	0.00737	0.00770	0.00638	0.00441	0.01030	0.01017	0.03775	0.02314	0.04372	0.05590	0.68222	0.02988	0.00580	0.00609	0.03668	0.00423	0.00431
84	0.01706	0.62562	0.13564	0.01234	0.01843	0.02372	0.01299	0.05879	0.01418	0.01742	0.00973	0.01113	0.00843	0.00574	0.00457	0.00151	0.00731	0.00378	0.00297	0.00863
85	0.02474	0.01782	0.01922	0.01473	0.01990	0.01962	0.01217	0.68424	0.02991	0.06822	0.01591	0.01577	0.01119	0.00777	0.00647	0.00194	0.00705	0.00584	0.00652	0.01099
86	0.00940	0.00626	0.00705	0.00705	0.00705	0.00626	0.00392	0.00940	0.00940	0.01253	0.02036	0.04228	0.02349	0.77292	0.03289	0.00626	0.00626	0.00940	0.00392	0.00392
87	0.01652	0.01622	0.04430	0.03194	0.42689	0.01611	0.17757	0.06694	0.01557	0.04105	0.01263	0.01624	0.01014	0.00636	0.00793	0.00206	0.07215	0.00618	0.00352	0.00967
88	0.01923	0.01780	0.01898	0.06629	0.18017	0.19329	0.01362	0.09955	0.07282	0.09356	0.03122	0.04337	0.02852	0.00815	0.00790	0.00203	0.08385	0.00629	0.00453	0.00886
89	0.01531	0.01465	0.02499	0.16958	0.60806	0.01517	0.01949	0.01923	0.01439	0.02028	0.01203	0.01622	0.00994	0.00588	0.00641	0.00196	0.00785	0.00575	0.00314	0.00968
90	0.01718	0.32297	0.12823	0.01328	0.01831	0.08635	0.03097	0.07327	0.01556	0.07220	0.01601	0.09105	0.01488	0.00854	0.00584	0.00187	0.00737	0.06372	0.00408	0.00833
91	0.01488	0.07450	0.17843	0.09818	0.26689	0.03683	0.10173	0.03878	0.03305	0.02028	0.01461	0.05079	0.02860	0.00693	0.00644	0.00200	0.00825	0.00636	0.00342	0.00906
92	0.01575	0.01436	0.01635	0.04000	0.04326	0.04495	0.02976	0.02954	0.51892	0.02411	0.02198	0.02187	0.01692	0.01028	0.03781	0.00256	0.08968	0.00688	0.00558	0.00945
93	0.05118	0.01307	0.01742	0.09260	0.12111	0.01319	0.01214	0.18006	0.01966	0.34186	0.03700	0.01951	0.01413	0.00752	0.00636	0.00198	0.00634	0.00617	0.02860	0.01009
94	0.00994	0.00790	0.01120	0.03106	0.11958	0.00752	0.00834	0.01274	0.01646	0.02286	0.44549	0.14489	0.11073	0.01319	0.00750	0.00211	0.00400	0.01176	0.00616	0.00657
95	0.01323	0.11156	0.59189	0.01717	0.02565	0.01558	0.04166	0.01978	0.01395	0.02028	0.06076	0.01578	0.01188	0.00654	0.00607	0.00198	0.00886	0.00519	0.00305	0.00915
96	0.00924	0.00690	0.01025	0.01025	0.01136	0.00801	0.00791	0.01145	0.01035	0.01490	0.01743	0.02605	0.01644	0.07707	0.71911	0.01022	0.01687	0.00702	0.00348	0.00570
97	0.01034	0.00690	0.00883	0.00818	0.01002	0.00626	0.00619	0.01318	0.01789	0.07389	0.60384	0.04807	0.13540	0.01322	0.00755	0.00205	0.00324	0.01155	0.00704	0.00636
98	0.00787	0.00562	0.00750	0.00900	0.00937	0.00525	0.00600	0.00900	0.01237	0.01649	0.03561	0.76871	0.04274	0.02024	0.00825	0.00262	0.00375	0.01837	0.00600	0.00525
99	0.01340	0.01148	0.01340	0.00957	0.01531	0.00861	0.00766	0.01627	0.01340	0.02105	0.01148	0.01340	0.00957	0.00479	0.00479	0.00096	0.00479	0.00383	0.00383	0.81242
100	0.01751	0.75112	0.03332	0.01125	0.01670	0.05041	0.01111	0.01957	0.01331	0.01522	0.00902	0.01041	0.00829	0.00557	0.00420	0.00139	0.00707	0.00348	0.00278	0.00826
101	0.00922	0.00623	0.00706	0.00716	0.00727	0.00616	0.00410	0.00936	0.00981	0.01299	0.02316	0.09239	0.05245	0.69220	0.03023	0.00586	0.00598	0.01017	0.00414	0.00407
102	0.01661	0.01842	0.03386	0.02475	0.03048	0.08011	0.55298	0.06989	0.01623	0.02136	0.01267	0.01657	0.00967	0.00611	0.00829	0.00216	0.06064	0.00707	0.00347	0.00866
103	0.01640	0.01404	0.01480	0.01322	0.01693	0.01623	0.01031	0.06082	0.69392	0.02756	0.02588	0.02377	0.01938	0.00873	0.00657	0.00218	0.00519	0.00725	0.00657	0.01026
104	0.02372	0.01856	0.01886	0.01482	0.01972	0.06903	0.01210	0.60001	0.09541	0.03772	0.01617	0.01607	0.01164	0.00778	0.00643	0.00194	0.00723	0.00585	0.00626	0.01068
105	0.00907	0.00619	0.00738	0.00764	0.00786	0.00612	0.00464	0.00959	0.01063	0.01433	0.07204	0.18495	0.02957	0.54419	0.05426	0.00542	0.00598	0.01122	0.00453	0.00440
