[name]
unknown

[dist]
# distance from previous block
# <min> <max>
0	12

[block]
# block no. 0 follows, 30 sequences, length 50
# corresponding to MSA columns:
# 12-61
name=unknown_A
#
# <colnr> <probs for GDERKNQSTAVLIFYWHMCP>
#	G	D	E	R	K	N	Q	S	T	A	V	L	I	F	Y	W	H	M	C	P
0	0.01981	0.01665	0.05499	0.09163	0.08901	0.04063	0.05929	0.15849	0.16503	0.11218	0.02204	0.02444	0.04194	0.00876	0.00716	0.00222	0.00751	0.03733	0.00579	0.03509
1	0.04298	0.06010	0.16114	0.12975	0.05387	0.04495	0.10977	0.08587	0.03436	0.02344	0.04533	0.05455	0.01435	0.00811	0.00775	0.00218	0.04935	0.00687	0.00412	0.06116
2	0.01598	0.01148	0.05889	0.01269	0.04556	0.00985	0.00977	0.02118	0.12304	0.18150	0.07302	0.22984	0.12744	0.03607	0.00861	0.00254	0.00528	0.01201	0.00670	0.00853
3	0.01050	0.00670	0.00885	0.00967	0.01060	0.00620	0.00665	0.01205	0.01459	0.07139	0.13218	0.55700	0.04564	0.06050	0.01015	0.00291	0.00423	0.01731	0.00669	0.00618
4	0.09940	0.01616	0.02164	0.08671	0.06102	0.01836	0.08220	0.23430	0.01981	0.04951	0.03242	0.01735	0.01197	0.00854	0.01029	0.00231	0.16939	0.00627	0.00486	0.04747
5	0.08752	0.01308	0.01465	0.01247	0.01650	0.01376	0.00988	0.14232	0.21090	0.19607	0.07372	0.09621	0.06108	0.01079	0.00714	0.00228	0.00558	0.00890	0.00716	0.00999
6	0.00997	0.00748	0.01121	0.01121	0.01246	0.00872	0.00872	0.01246	0.01121	0.01620	0.01869	0.02741	0.01745	0.05234	0.72710	0.01121	0.01869	0.00748	0.00374	0.00623
7	0.01564	0.01492	0.02538	0.31931	0.44748	0.01615	0.02061	0.01999	0.01512	0.02082	0.01284	0.01780	0.01036	0.00652	0.00694	0.00217	0.00869	0.00621	0.00331	0.00974
8	0.18331	0.03863	0.02266	0.01700	0.02226	0.08328	0.18994	0.12494	0.04220	0.11679	0.01581	0.01728	0.01158	0.00709	0.00646	0.00209	0.00813	0.00613	0.04807	0.03634
9	0.00877	0.00625	0.00825	0.00949	0.01005	0.00585	0.00639	0.01022	0.01412	0.01905	0.13175	0.62071	0.04799	0.05345	0.01000	0.00292	0.00406	0.01839	0.00655	0.00573
10	0.00856	0.00689	0.00763	0.00784	0.00972	0.00596	0.00573	0.01047	0.01605	0.02013	0.16764	0.19348	0.47962	0.01791	0.00837	0.00242	0.00359	0.01535	0.00667	0.00596
11	0.01496	0.01422	0.02414	0.43602	0.33613	0.01597	0.02026	0.01939	0.01479	0.01999	0.01272	0.01803	0.01006	0.00665	0.00695	0.00222	0.00886	0.00621	0.00325	0.00919
12	0.02749	0.01573	0.05651	0.01405	0.01962	0.01457	0.01205	0.21858	0.09659	0.41332	0.02374	0.02152	0.01571	0.00854	0.00699	0.00217	0.00663	0.00680	0.00769	0.01170
13	0.01024	0.00714	0.00886	0.00966	0.01102	0.00664	0.00702	0.01244	0.03599	0.05351	0.04460	0.42160	0.20185	0.04492	0.00961	0.00285	0.00445	0.09483	0.00652	0.00624
14	0.00955	0.00692	0.00902	0.00891	0.01033	0.00638	0.00652	0.01239	0.01837	0.02569	0.55547	0.19136	0.08115	0.01588	0.00837	0.00233	0.00345	0.01412	0.00741	0.00638
15	0.01519	0.01449	0.02442	0.37906	0.35744	0.01628	0.02014	0.01946	0.01471	0.02011	0.01259	0.01783	0.01012	0.00686	0.00768	0.00224	0.04261	0.00620	0.00326	0.00929
16	0.04490	0.01706	0.01711	0.01427	0.01813	0.11669	0.01138	0.27063	0.05232	0.12231	0.01800	0.02052	0.01400	0.04964	0.11995	0.00373	0.04618	0.00649	0.02709	0.00959
17	0.10395	0.20348	0.29268	0.01636	0.02358	0.08631	0.04053	0.09780	0.01700	0.04084	0.01228	0.01391	0.00935	0.00673	0.00594	0.00198	0.00896	0.00488	0.00378	0.00966
18	0.01424	0.01348	0.02284	0.55844	0.21935	0.01578	0.01991	0.01876	0.01445	0.01911	0.01259	0.01826	0.00975	0.00678	0.00696	0.00226	0.00904	0.00621	0.00319	0.00860
19	0.01548	0.01347	0.02010	0.35377	0.12715	0.01477	0.01604	0.05648	0.03908	0.04313	0.01377	0.01796	0.01076	0.00814	0.02569	0.00228	0.04525	0.00591	0.00390	0.16687
20	0.08954	0.01841	0.01812	0.01472	0.01944	0.10437	0.01190	0.36539	0.07704	0.11787	0.01781	0.01826	0.01301	0.01192	0.06773	0.00287	0.00864	0.00617	0.00628	0.01051
21	0.01473	0.01392	0.02335	0.40309	0.30929	0.01572	0.01946	0.01901	0.01488	0.02024	0.04465	0.01951	0.01260	0.00719	0.00755	0.00224	0.03360	0.00650	0.00345	0.00901
22	0.00882	0.00720	0.00830	0.00908	0.03414	0.00630	0.00627	0.01074	0.01585	0.01991	0.14102	0.20624	0.46598	0.01773	0.00834	0.00243	0.00378	0.01524	0.00652	0.00611
23	0.02002	0.01489	0.07996	0.01682	0.05884	0.01249	0.12393	0.06963	0.05517	0.25111	0.07135	0.05178	0.12222	0.01000	0.00750	0.00225	0.00693	0.00890	0.00636	0.00983
24	0.01750	0.02028	0.03572	0.05959	0.03373	0.12648	0.52629	0.02253	0.01675	0.02116	0.01443	0.04492	0.01160	0.00673	0.00790	0.00228	0.01149	0.00799	0.00363	0.00899
25	0.01482	0.01077	0.04863	0.15156	0.04433	0.01002	0.01126	0.01788	0.05249	0.13243	0.02851	0.17746	0.10003	0.01466	0.01072	0.12499	0.00623	0.03037	0.00540	0.00744
26	0.13873	0.01527	0.06168	0.01794	0.08576	0.05571	0.13125	0.02142	0.03464	0.12712	0.05694	0.11561	0.05221	0.01031	0.00724	0.00232	0.00732	0.04446	0.00534	0.00874
27	0.04796	0.05119	0.21943	0.02197	0.10975	0.17640	0.12612	0.02407	0.03910	0.06717	0.01602	0.01796	0.03729	0.00721	0.00679	0.00210	0.00982	0.00612	0.00395	0.00956
28	0.01574	0.28638	0.26035	0.01697	0.05404	0.05684	0.05300	0.02005	0.01474	0.01920	0.01554	0.12715	0.01484	0.00872	0.00630	0.00203	0.00844	0.00710	0.00359	0.00898
29	0.01796	0.01870	0.01998	0.16839	0.07306	0.22404	0.08523	0.02241	0.07076	0.05602	0.02526	0.02681	0.14332	0.00918	0.00716	0.00216	0.00890	0.00771	0.00456	0.00838
30	0.01774	0.01718	0.02698	0.09846	0.59375	0.05216	0.02052	0.04827	0.01660	0.02295	0.01309	0.01713	0.01084	0.00642	0.00689	0.00208	0.00856	0.00613	0.00357	0.01066
31	0.01717	0.01656	0.05830	0.15645	0.38832	0.01618	0.08809	0.02316	0.08053	0.06367	0.01538	0.01876	0.01194	0.00679	0.00707	0.00218	0.00851	0.00658	0.00403	0.01033
32	0.01536	0.07529	0.16101	0.02416	0.08010	0.01677	0.32082	0.02060	0.01555	0.02136	0.01666	0.02641	0.01466	0.00847	0.00859	0.00241	0.05065	0.10824	0.00379	0.00911
33	0.00868	0.00699	0.00776	0.00790	0.00986	0.00606	0.00587	0.01072	0.01635	0.02055	0.18856	0.14687	0.48420	0.01757	0.00837	0.00241	0.00364	0.03492	0.00671	0.00601
34	0.06276	0.01406	0.01667	0.01334	0.01838	0.01423	0.01086	0.15109	0.18360	0.40061	0.02499	0.02247	0.01682	0.00869	0.00691	0.00220	0.00613	0.00694	0.00778	0.01148
35	0.01072	0.00857	0.01260	0.01646	0.15109	0.00824	0.00995	0.01302	0.01506	0.02045	0.11721	0.41342	0.07041	0.01732	0.00847	0.00262	0.00504	0.08638	0.00601	0.00695
36	0.00990	0.00690	0.00928	0.01038	0.01105	0.00680	0.00730	0.01134	0.01379	0.04510	0.05679	0.63265	0.04344	0.02050	0.00958	0.00282	0.04278	0.04712	0.00642	0.00607
37	0.01636	0.01771	0.12426	0.01606	0.05397	0.01622	0.01345	0.05762	0.46788	0.02734	0.02691	0.06529	0.04633	0.00983	0.00716	0.00234	0.00633	0.00825	0.00621	0.01047
38	0.00997	0.00748	0.01121	0.01121	0.01246	0.00872	0.00872	0.01246	0.01121	0.01620	0.01869	0.02741	0.01745	0.05234	0.72710	0.01121	0.01869	0.00748	0.00374	0.00623
39	0.01725	0.04727	0.11158	0.21822	0.23587	0.05219	0.06294	0.08078	0.01685	0.04425	0.01375	0.01804	0.01083	0.03143	0.00781	0.00230	0.00905	0.00619	0.00380	0.00961
40	0.01561	0.01489	0.02533	0.32455	0.44247	0.01614	0.02059	0.01996	0.01510	0.02078	0.01283	0.01781	0.01034	0.00653	0.00694	0.00218	0.00870	0.00621	0.00331	0.00972
41	0.01260	0.01008	0.01328	0.01566	0.12065	0.00990	0.01069	0.08222	0.01739	0.02252	0.04166	0.09188	0.24605	0.03581	0.00917	0.00273	0.00581	0.23848	0.00598	0.00742
42	0.06181	0.02303	0.03206	0.02535	0.06419	0.24344	0.40206	0.02396	0.01725	0.02117	0.01277	0.01636	0.00994	0.00635	0.00734	0.00215	0.01151	0.00670	0.00359	0.00897
43	0.01168	0.01100	0.01011	0.01033	0.01204	0.11750	0.00744	0.01411	0.03942	0.02006	0.15492	0.32418	0.20732	0.01685	0.00816	0.00243	0.00516	0.01458	0.00626	0.00644
44	0.01395	0.00904	0.01212	0.01060	0.01346	0.00815	0.02903	0.01758	0.04428	0.12646	0.37172	0.12800	0.04525	0.01297	0.00776	0.00217	0.00445	0.03138	0.00705	0.10458
45	0.01389	0.01312	0.02221	0.61794	0.16258	0.01569	0.01973	0.01845	0.01429	0.01869	0.01253	0.01837	0.00960	0.00685	0.00696	0.00228	0.00913	0.00620	0.00316	0.00832
46	0.01861	0.09975	0.18118	0.05544	0.08511	0.10026	0.19470	0.07542	0.01754	0.06037	0.01445	0.01835	0.01127	0.00707	0.00698	0.00214	0.00988	0.02780	0.00397	0.00970
47	0.01676	0.01716	0.03365	0.02468	0.03075	0.01642	0.49194	0.10325	0.01813	0.02460	0.01731	0.08343	0.01489	0.00803	0.00807	0.00234	0.01013	0.03311	0.00434	0.04100
48	0.02156	0.01858	0.06408	0.01980	0.02476	0.10118	0.22005	0.05179	0.01749	0.21323	0.01773	0.02134	0.01334	0.00854	0.00985	0.00236	0.12240	0.03714	0.00511	0.00967
49	0.01746	0.04452	0.18216	0.01741	0.06648	0.04293	0.06992	0.11210	0.04924	0.09374	0.04522	0.11189	0.01934	0.08417	0.01003	0.00269	0.00789	0.00846	0.00511	0.00924

[dist]
# distance from previous block
# <min> <max>
0	23

[block]
# block no. 1 follows, 30 sequences, length 20
# corresponding to MSA columns:
# 85-104
name=unknown_B
#
# <colnr> <probs for GDERKNQSTAVLIFYWHMCP>
#	G	D	E	R	K	N	Q	S	T	A	V	L	I	F	Y	W	H	M	C	P
0	0.01963	0.07966	0.15719	0.01697	0.06735	0.05001	0.03816	0.07140	0.01745	0.19292	0.02203	0.09757	0.03774	0.01015	0.00797	0.00228	0.04694	0.04955	0.00542	0.00961
1	0.01013	0.00777	0.00926	0.00974	0.01123	0.00756	0.00695	0.03596	0.08534	0.02132	0.12523	0.42839	0.17807	0.01837	0.00844	0.00259	0.00413	0.01625	0.00671	0.00658
2	0.10333	0.12419	0.08175	0.01499	0.01993	0.26103	0.01291	0.04734	0.12990	0.11622	0.01602	0.01630	0.01206	0.00751	0.00612	0.00198	0.00874	0.00533	0.00489	0.00946
3	0.01774	0.01734	0.04943	0.22737	0.36895	0.06633	0.03905	0.06014	0.01676	0.05061	0.01357	0.01750	0.01064	0.00672	0.00692	0.00214	0.00891	0.00615	0.00377	0.00995
4	0.01666	0.04236	0.09519	0.09910	0.28466	0.06156	0.23113	0.02148	0.01590	0.02141	0.01382	0.03915	0.01139	0.00674	0.00726	0.00219	0.00980	0.00698	0.00348	0.00974
5	0.00879	0.00685	0.00799	0.00821	0.00989	0.00604	0.00596	0.01088	0.01644	0.02132	0.25248	0.22536	0.35951	0.01766	0.00840	0.00242	0.00358	0.01532	0.00684	0.00604
6	0.01580	0.15671	0.41059	0.02085	0.09788	0.05908	0.06289	0.02173	0.01540	0.02120	0.04607	0.01634	0.01200	0.00683	0.00645	0.00206	0.00949	0.00554	0.00331	0.00979
7	0.01806	0.03928	0.10693	0.04119	0.12241	0.03679	0.03353	0.16564	0.08191	0.07053	0.06387	0.08865	0.06203	0.00998	0.00761	0.00224	0.02577	0.00837	0.00550	0.00973
8	0.00914	0.00612	0.00831	0.00958	0.00997	0.00577	0.00642	0.00976	0.01295	0.01733	0.06261	0.60340	0.04152	0.02192	0.01183	0.13047	0.00434	0.01732	0.00597	0.00528
9	0.01705	0.01636	0.02793	0.08007	0.67571	0.01652	0.02131	0.02122	0.01579	0.02253	0.01309	0.01734	0.01096	0.00626	0.00691	0.00209	0.00834	0.00622	0.00344	0.01088
10	0.02345	0.01979	0.02198	0.10171	0.14414	0.19574	0.05750	0.12005	0.04224	0.17951	0.01676	0.01800	0.01215	0.00748	0.00689	0.00208	0.00901	0.00615	0.00523	0.01013
11	0.01800	0.04160	0.17182	0.03509	0.06353	0.05670	0.03388	0.10328	0.01749	0.12972	0.02139	0.13779	0.03534	0.03824	0.03016	0.03521	0.00802	0.00856	0.00515	0.00903
12	0.01859	0.46444	0.12221	0.03792	0.04552	0.12726	0.03379	0.02181	0.01536	0.01804	0.03137	0.01375	0.01077	0.00652	0.00541	0.00172	0.00868	0.00459	0.00325	0.00898
13	0.01496	0.01166	0.01361	0.01034	0.01566	0.00936	0.00819	0.01890	0.05827	0.07373	0.04177	0.04383	0.08328	0.00769	0.00593	0.00142	0.00500	0.00634	0.00506	0.56500
14	0.16380	0.01777	0.10403	0.04458	0.07789	0.05661	0.01329	0.16421	0.01975	0.13383	0.09480	0.04435	0.01842	0.00865	0.00661	0.00216	0.00711	0.00684	0.00566	0.00963
15	0.01911	0.01983	0.02145	0.20678	0.20226	0.22036	0.01645	0.07031	0.04445	0.02164	0.01355	0.01701	0.01081	0.00729	0.00720	0.00208	0.03496	0.00580	0.04964	0.00904
16	0.02017	0.43085	0.02821	0.01317	0.01832	0.05771	0.01180	0.21078	0.01969	0.02448	0.01487	0.09255	0.01380	0.00843	0.00576	0.00182	0.00741	0.00624	0.00453	0.00939
17	0.01591	0.01524	0.02566	0.25034	0.46811	0.01656	0.02042	0.02005	0.01498	0.02093	0.01266	0.01755	0.01041	0.00682	0.00794	0.00221	0.05485	0.00621	0.00332	0.00985
18	0.02026	0.02159	0.15305	0.11881	0.11755	0.05926	0.05712	0.25708	0.05383	0.05080	0.01528	0.01723	0.01122	0.00742	0.00695	0.00216	0.00884	0.00616	0.00490	0.01051
19	0.00972	0.00648	0.00857	0.00985	0.01049	0.00608	0.00673	0.01102	0.01354	0.04625	0.03665	0.62695	0.04301	0.07791	0.01093	0.00313	0.00447	0.05596	0.00639	0.00585

[dist]
# distance from previous block
# <min> <max>
0	1

[block]
# block no. 2 follows, 30 sequences, length 8
# corresponding to MSA columns:
# 106-113
name=unknown_C
#
# <colnr> <probs for GDERKNQSTAVLIFYWHMCP>
#	G	D	E	R	K	N	Q	S	T	A	V	L	I	F	Y	W	H	M	C	P
0	0.01032	0.00838	0.01152	0.01177	0.01219	0.00970	0.00868	0.01174	0.01228	0.01713	0.02807	0.44043	0.03246	0.06009	0.12367	0.00436	0.17151	0.01440	0.00518	0.00612
1	0.01012	0.00688	0.00819	0.00819	0.00838	0.00708	0.00494	0.01052	0.01032	0.01396	0.02146	0.04276	0.02411	0.64281	0.14574	0.00747	0.00867	0.00972	0.00415	0.00455
2	0.01111	0.00832	0.01078	0.01053	0.01233	0.00869	0.00813	0.07353	0.01597	0.02174	0.15499	0.12635	0.13136	0.03068	0.29602	0.00596	0.01017	0.05099	0.00564	0.00670
3	0.07030	0.13893	0.06831	0.03854	0.09867	0.05590	0.04642	0.12000	0.01801	0.06110	0.03887	0.01650	0.01245	0.00679	0.00604	0.00178	0.00745	0.00541	0.00450	0.18402
4	0.01839	0.39254	0.02820	0.07308	0.02102	0.11735	0.03451	0.06198	0.01575	0.01870	0.01322	0.08025	0.01263	0.00839	0.00732	0.00193	0.07651	0.00603	0.00367	0.00852
5	0.02209	0.01830	0.08238	0.05927	0.02237	0.01774	0.01358	0.36516	0.12338	0.09089	0.05113	0.02013	0.01570	0.00839	0.00691	0.00210	0.00720	0.00663	0.00638	0.06027
6	0.06016	0.06068	0.04191	0.07480	0.17970	0.01618	0.01405	0.18794	0.04452	0.08436	0.01771	0.02340	0.01468	0.07604	0.00932	0.00256	0.00736	0.04005	0.03487	0.00971
7	0.01479	0.01522	0.10854	0.15937	0.05967	0.01327	0.03932	0.07368	0.01579	0.05446	0.02128	0.12396	0.06177	0.04705	0.00975	0.00247	0.06372	0.00859	0.00457	0.10274

[dist]
# distance from previous block
# <min> <max>
0	6

[block]
# block no. 3 follows, 30 sequences, length 8
# corresponding to MSA columns:
# 120-127
name=unknown_D
#
# <colnr> <probs for GDERKNQSTAVLIFYWHMCP>
#	G	D	E	R	K	N	Q	S	T	A	V	L	I	F	Y	W	H	M	C	P
0	0.00901	0.00651	0.00811	0.00909	0.00982	0.00609	0.00617	0.01028	0.01357	0.01781	0.07140	0.44863	0.13487	0.15993	0.01388	0.00351	0.00460	0.05510	0.00610	0.00551
1	0.01442	0.01555	0.08052	0.47979	0.23648	0.01587	0.02049	0.01921	0.01457	0.01960	0.01262	0.01790	0.00977	0.00673	0.00693	0.00224	0.00910	0.00612	0.00319	0.00891
2	0.01879	0.15597	0.14716	0.02040	0.11523	0.01803	0.10952	0.11038	0.01791	0.09961	0.01905	0.02050	0.06711	0.00794	0.00746	0.00211	0.04170	0.00663	0.00455	0.00994
3	0.01307	0.01313	0.05210	0.01491	0.04464	0.04221	0.10622	0.05561	0.07406	0.02225	0.05733	0.12947	0.24779	0.01387	0.00809	0.00244	0.00642	0.08290	0.00574	0.00775
4	0.00928	0.00659	0.00816	0.00865	0.00958	0.00610	0.00590	0.01050	0.01432	0.01899	0.17735	0.31019	0.17070	0.13159	0.01418	0.06720	0.00437	0.01479	0.00610	0.00547
5	0.01283	0.01250	0.07328	0.07572	0.06892	0.01079	0.10296	0.04106	0.01566	0.04330	0.07810	0.24430	0.06944	0.06329	0.00994	0.00279	0.00679	0.05544	0.00532	0.00757
6	0.02172	0.08128	0.08189	0.02043	0.09130	0.12671	0.09873	0.22210	0.06867	0.06267	0.01525	0.01675	0.01151	0.00760	0.00753	0.00211	0.04243	0.00609	0.00495	0.01030
7	0.04916	0.16250	0.12420	0.04655	0.02137	0.09481	0.03929	0.10703	0.01758	0.04959	0.05231	0.07140	0.01564	0.00856	0.00720	0.00201	0.04568	0.00660	0.00447	0.07405

[dist]
# distance from previous block
# <min> <max>
1	15

[block]
# block no. 4 follows, 30 sequences, length 32
# corresponding to MSA columns:
# 143-174
name=unknown_E
#
# <colnr> <probs for GDERKNQSTAVLIFYWHMCP>
#	G	D	E	R	K	N	Q	S	T	A	V	L	I	F	Y	W	H	M	C	P
0	0.01457	0.11777	0.03940	0.04597	0.01576	0.13214	0.00961	0.01661	0.01540	0.05059	0.07785	0.26107	0.09040	0.07032	0.00951	0.00260	0.00663	0.01151	0.00524	0.00706
1	0.01959	0.18228	0.14233	0.01746	0.07762	0.09232	0.03461	0.02502	0.08882	0.12115	0.01550	0.01658	0.01182	0.00723	0.00699	0.00195	0.04544	0.00547	0.00446	0.08337
2	0.01402	0.01612	0.10961	0.52318	0.16498	0.01579	0.02055	0.01901	0.01440	0.01926	0.01255	0.01788	0.00956	0.00680	0.00692	0.00227	0.00925	0.00607	0.00314	0.00867
3	0.01453	0.05751	0.01800	0.26580	0.05504	0.03506	0.01349	0.09380	0.04920	0.02204	0.05922	0.11655	0.10518	0.01104	0.00822	0.00233	0.05092	0.00918	0.00483	0.00804
4	0.01118	0.00794	0.01002	0.01109	0.04345	0.00757	0.00734	0.05494	0.01530	0.04879	0.06102	0.43144	0.14851	0.09395	0.01121	0.00303	0.00473	0.01573	0.00627	0.00649
5	0.01596	0.05111	0.36758	0.02249	0.03075	0.04624	0.26489	0.05303	0.01643	0.02273	0.01482	0.01763	0.02982	0.00676	0.00720	0.00222	0.01053	0.00654	0.00348	0.00979
6	0.01678	0.01641	0.02127	0.01809	0.01877	0.05038	0.01500	0.08093	0.01316	0.01939	0.00995	0.01530	0.00941	0.01164	0.02071	0.00291	0.64234	0.00606	0.00345	0.00805
7	0.01158	0.00741	0.00939	0.00973	0.01088	0.00718	0.00680	0.03039	0.03227	0.06777	0.03384	0.36208	0.09701	0.13505	0.04865	0.07908	0.00565	0.03338	0.00586	0.00602
8	0.01536	0.01452	0.05511	0.11963	0.37968	0.01408	0.01718	0.01894	0.01480	0.04923	0.01833	0.04324	0.04305	0.08434	0.03538	0.00300	0.03235	0.02862	0.00397	0.00918
9	0.01865	0.67017	0.08769	0.01283	0.01902	0.05928	0.01307	0.02131	0.01448	0.01688	0.00997	0.01153	0.00895	0.00608	0.00473	0.00156	0.00792	0.00388	0.00301	0.00902
10	0.01148	0.00798	0.00907	0.00853	0.01094	0.00720	0.00642	0.01470	0.05803	0.08764	0.21905	0.07496	0.39415	0.04734	0.00925	0.00250	0.00398	0.01301	0.00692	0.00686
11	0.06615	0.01315	0.04655	0.01176	0.01620	0.01209	0.00993	0.15293	0.05472	0.24043	0.03590	0.03420	0.21718	0.01312	0.04144	0.00265	0.00634	0.00891	0.00686	0.00949
12	0.17252	0.10700	0.01949	0.01655	0.10411	0.08351	0.01200	0.10262	0.01797	0.18297	0.01775	0.05402	0.01442	0.00864	0.00672	0.00213	0.02582	0.03674	0.00545	0.00957
13	0.01015	0.00677	0.00761	0.00761	0.00761	0.00677	0.00423	0.01015	0.01015	0.01353	0.02199	0.04567	0.02537	0.75476	0.03552	0.00677	0.00677	0.01015	0.00423	0.00423
14	0.00945	0.00703	0.00886	0.00950	0.01066	0.00669	0.00670	0.01249	0.05831	0.02166	0.24137	0.43856	0.10562	0.01846	0.00854	0.00257	0.00387	0.01650	0.00688	0.00630
15	0.01756	0.20272	0.04245	0.04677	0.20686	0.11880	0.03594	0.02260	0.09028	0.02140	0.09601	0.02125	0.03306	0.00787	0.00646	0.00196	0.00790	0.00651	0.00429	0.00929
16	0.02607	0.03326	0.01978	0.01798	0.02157	0.72674	0.01348	0.02787	0.01978	0.01708	0.01079	0.01258	0.00899	0.00719	0.00629	0.00180	0.01258	0.00449	0.00360	0.00809
17	0.01647	0.01882	0.04118	0.02941	0.03647	0.01765	0.68588	0.02235	0.01647	0.02235	0.01412	0.01882	0.01059	0.00588	0.00824	0.00235	0.01176	0.00824	0.00353	0.00941
18	0.01461	0.01273	0.01904	0.43731	0.03514	0.01545	0.01636	0.10419	0.01624	0.02145	0.01708	0.07631	0.01552	0.01009	0.00912	0.00250	0.08754	0.07715	0.00419	0.00799
19	0.01425	0.03430	0.64813	0.02088	0.03085	0.01636	0.09445	0.02213	0.01491	0.02213	0.01269	0.01516	0.00902	0.00655	0.00680	0.00222	0.01046	0.00548	0.00301	0.01022
20	0.00998	0.00745	0.01106	0.01106	0.01225	0.00864	0.00853	0.01236	0.01117	0.01608	0.01883	0.02820	0.01779	0.08259	0.69731	0.01102	0.01818	0.00759	0.00376	0.00614
21	0.01787	0.30615	0.28056	0.01766	0.02523	0.04470	0.11783	0.02278	0.01535	0.07262	0.01277	0.01461	0.00979	0.00644	0.00607	0.00194	0.00919	0.00520	0.00350	0.00970
22	0.01506	0.03152	0.51608	0.02126	0.03025	0.06056	0.15671	0.02212	0.01543	0.02173	0.01462	0.01712	0.03184	0.00687	0.00698	0.00222	0.01053	0.00604	0.00322	0.00985
23	0.00850	0.00607	0.00810	0.00972	0.01012	0.00567	0.00648	0.00972	0.01336	0.01781	0.03846	0.75020	0.04615	0.02186	0.00891	0.00283	0.00405	0.01984	0.00648	0.00567
24	0.00942	0.00723	0.00859	0.00864	0.01050	0.00653	0.00666	0.01189	0.01709	0.02231	0.29990	0.06236	0.33180	0.05171	0.00976	0.00264	0.00405	0.11594	0.00681	0.00615
25	0.01596	0.17153	0.54550	0.01792	0.02710	0.01800	0.02219	0.02262	0.01496	0.06438	0.01293	0.01463	0.00939	0.00663	0.00625	0.00207	0.00950	0.00500	0.00331	0.01015
26	0.01216	0.01103	0.01814	0.57953	0.03981	0.01336	0.01657	0.01606	0.01382	0.01783	0.01807	0.17778	0.01732	0.01022	0.00740	0.00244	0.00816	0.00917	0.00384	0.00730
27	0.00997	0.00748	0.01121	0.01121	0.01246	0.00872	0.00872	0.01246	0.01121	0.01620	0.01869	0.02741	0.01745	0.05234	0.72710	0.01121	0.01869	0.00748	0.00374	0.00623
28	0.02441	0.10052	0.02064	0.01678	0.02038	0.61706	0.01278	0.02614	0.01866	0.01680	0.01136	0.01444	0.00997	0.05208	0.00788	0.00207	0.01175	0.00476	0.00358	0.00794
29	0.07752	0.01099	0.01282	0.01036	0.01500	0.00909	0.00812	0.01709	0.01445	0.06410	0.01944	0.16384	0.01906	0.00947	0.00617	0.00165	0.00507	0.03879	0.00499	0.49198
30	0.65746	0.05915	0.01321	0.01022	0.01480	0.01714	0.00855	0.10578	0.01469	0.03203	0.01061	0.01202	0.00819	0.00669	0.00467	0.00211	0.00581	0.00410	0.00458	0.00819
31	0.01774	0.01708	0.04900	0.01589	0.06761	0.15085	0.01173	0.14130	0.08135	0.04812	0.02556	0.25752	0.04173	0.01294	0.00757	0.00235	0.00723	0.03007	0.00575	0.00861

[dist]
# distance from previous block
# <min> <max>
0	2

[block]
# block no. 5 follows, 30 sequences, length 21
# corresponding to MSA columns:
# 177-197
name=unknown_F
#
# <colnr> <probs for GDERKNQSTAVLIFYWHMCP>
#	G	D	E	R	K	N	Q	S	T	A	V	L	I	F	Y	W	H	M	C	P
0	0.09164	0.01770	0.02512	0.09500	0.51802	0.09106	0.01911	0.02171	0.01576	0.02258	0.01250	0.01633	0.01036	0.00641	0.00661	0.00207	0.00855	0.00581	0.00352	0.01014
1	0.00997	0.00715	0.00972	0.01114	0.01222	0.00701	0.00878	0.01218	0.01454	0.01910	0.03723	0.33863	0.06253	0.05297	0.04042	0.00352	0.00593	0.33471	0.00624	0.00601
2	0.02312	0.08770	0.02032	0.01475	0.01981	0.01985	0.01215	0.35455	0.25140	0.09147	0.02084	0.01988	0.01517	0.00853	0.00679	0.00213	0.00680	0.00663	0.00678	0.01132
3	0.01647	0.01882	0.04118	0.02941	0.03647	0.01765	0.68588	0.02235	0.01647	0.02235	0.01412	0.01882	0.01059	0.00588	0.00824	0.00235	0.01176	0.00824	0.00353	0.00941
4	0.01827	0.19325	0.35675	0.01798	0.02585	0.07699	0.07552	0.06662	0.01672	0.07067	0.01322	0.01488	0.00982	0.00672	0.00631	0.00202	0.00950	0.00525	0.00372	0.00996
5	0.01366	0.03372	0.66053	0.01898	0.02858	0.01542	0.02421	0.02137	0.01514	0.02258	0.06943	0.01779	0.01351	0.00726	0.00676	0.00221	0.00974	0.00577	0.00333	0.01001
6	0.01587	0.01490	0.02405	0.17284	0.45603	0.01569	0.01877	0.02166	0.08867	0.02253	0.04047	0.02163	0.04136	0.00744	0.00704	0.00217	0.00783	0.00695	0.00404	0.01005
7	0.00956	0.00712	0.00889	0.00845	0.01023	0.00645	0.00634	0.01256	0.01901	0.02623	0.58530	0.05501	0.18918	0.01492	0.00823	0.00223	0.00334	0.01302	0.00745	0.00645
8	0.01672	0.01650	0.02956	0.11306	0.53677	0.01664	0.12506	0.02119	0.01578	0.02221	0.01321	0.01765	0.01080	0.00624	0.00712	0.00214	0.00894	0.00653	0.00343	0.01045
9	0.01488	0.01244	0.02059	0.55718	0.11628	0.01460	0.01807	0.01911	0.01464	0.07734	0.01530	0.06208	0.01234	0.00791	0.00709	0.00231	0.00860	0.00708	0.00381	0.00834
10	0.01736	0.01499	0.01578	0.01420	0.01815	0.01736	0.01105	0.03708	0.69862	0.02919	0.02840	0.02604	0.02130	0.00947	0.00710	0.00237	0.00552	0.00789	0.00710	0.01105
11	0.03131	0.01188	0.01619	0.01242	0.01781	0.01026	0.01026	0.03401	0.01997	0.71606	0.02753	0.02375	0.01727	0.00864	0.00702	0.00216	0.00594	0.00702	0.00864	0.01188
12	0.05835	0.02615	0.04721	0.01852	0.07732	0.42626	0.01374	0.07107	0.01982	0.15516	0.01463	0.01543	0.01088	0.00742	0.00646	0.00194	0.01024	0.00524	0.00478	0.00938
13	0.01437	0.01346	0.02237	0.34284	0.32532	0.01471	0.01843	0.01853	0.01533	0.02076	0.06797	0.02351	0.05718	0.00785	0.00712	0.00221	0.00807	0.00721	0.00380	0.00896
14	0.00988	0.00713	0.00933	0.00878	0.01043	0.00658	0.00658	0.01317	0.01975	0.02798	0.70754	0.05213	0.06584	0.01427	0.00823	0.00219	0.00329	0.01262	0.00768	0.00658
15	0.80405	0.01350	0.01026	0.00918	0.01350	0.01565	0.00756	0.02051	0.01188	0.03131	0.00972	0.01134	0.00756	0.00648	0.00432	0.00216	0.00540	0.00378	0.00432	0.00756
16	0.00869	0.00615	0.00804	0.00948	0.00984	0.00579	0.00622	0.00977	0.01300	0.01733	0.03660	0.67041	0.04380	0.10487	0.01192	0.00328	0.00436	0.01874	0.00622	0.00550
17	0.01741	0.26936	0.17232	0.05921	0.02745	0.09072	0.19738	0.02188	0.01530	0.01933	0.01170	0.01468	0.00940	0.00652	0.00701	0.00201	0.04043	0.00555	0.00319	0.00915
18	0.01015	0.00754	0.00953	0.00910	0.01091	0.00710	0.00693	0.01406	0.05050	0.02684	0.58288	0.05371	0.11990	0.01462	0.00826	0.00227	0.00359	0.04793	0.00748	0.00672
19	0.01447	0.01240	0.01447	0.01034	0.01654	0.00930	0.00827	0.01757	0.01447	0.02274	0.01240	0.01447	0.01034	0.00517	0.00517	0.00103	0.00517	0.00413	0.00413	0.79742
20	0.01467	0.08937	0.16150	0.06525	0.03613	0.01338	0.01280	0.05487	0.06894	0.05860	0.02076	0.13957	0.02016	0.17459	0.01322	0.00322	0.00721	0.00889	0.00471	0.03214

[dist]
# distance from previous block
# <min> <max>
0	4

# created by:
# /home/berkeley/.conda/envs/busco_data_prod/bin/msa2prfl.pl pipeline/OGs_align_augustus/4893/12847.fs
