[name]
unknown

[dist]
# distance from previous block
# <min> <max>
0	22

[block]
# block no. 0 follows, 34 sequences, length 50
# corresponding to MSA columns:
# 22-71
name=unknown_A
#
# <colnr> <probs for GDERKNQSTAVLIFYWHMCP>
#	G	D	E	R	K	N	Q	S	T	A	V	L	I	F	Y	W	H	M	C	P
0	0.00887	0.00643	0.00815	0.00908	0.00972	0.00635	0.00618	0.01110	0.05827	0.01688	0.05407	0.51634	0.03736	0.14905	0.03802	0.00348	0.00481	0.04480	0.00562	0.00542
1	0.01340	0.01148	0.01340	0.00957	0.01531	0.00861	0.00766	0.01627	0.01340	0.02105	0.01148	0.01340	0.00957	0.00479	0.00479	0.00096	0.00479	0.00383	0.00383	0.81242
2	0.01885	0.01279	0.01733	0.01347	0.04453	0.01106	0.07741	0.09501	0.01674	0.20584	0.01567	0.01631	0.01141	0.00602	0.00574	0.00148	0.00592	0.00516	0.00510	0.41417
3	0.00819	0.00681	0.00719	0.00705	0.00917	0.00593	0.00530	0.01065	0.03966	0.01928	0.18116	0.05842	0.58757	0.01555	0.00760	0.00216	0.00330	0.01307	0.00622	0.00573
4	0.00947	0.00727	0.01084	0.01070	0.01180	0.00864	0.00837	0.01173	0.01036	0.01503	0.01688	0.02484	0.01578	0.04667	0.71235	0.01002	0.05313	0.00686	0.00343	0.00583
5	0.02245	0.06240	0.02107	0.01755	0.08940	0.11571	0.04450	0.42546	0.02430	0.06258	0.01446	0.01549	0.01076	0.00870	0.03378	0.00220	0.00824	0.00561	0.00532	0.01000
6	0.00940	0.00626	0.00705	0.00705	0.00705	0.00626	0.00392	0.00940	0.00940	0.01253	0.02036	0.04228	0.02349	0.77292	0.03289	0.00626	0.00626	0.00940	0.00392	0.00392
7	0.01340	0.01148	0.01340	0.00957	0.01531	0.00861	0.00766	0.01627	0.01340	0.02105	0.01148	0.01340	0.00957	0.00479	0.00479	0.00096	0.00479	0.00383	0.00383	0.81242
8	0.01340	0.01148	0.01340	0.00957	0.01531	0.00861	0.00766	0.01627	0.01340	0.02105	0.01148	0.01340	0.00957	0.00479	0.00479	0.00096	0.00479	0.00383	0.00383	0.81242
9	0.00799	0.00569	0.00756	0.00901	0.00941	0.00534	0.00605	0.00913	0.01234	0.01644	0.03508	0.72589	0.04196	0.04452	0.00906	0.00275	0.00389	0.03671	0.00593	0.00522
10	0.00924	0.00687	0.01012	0.01012	0.01119	0.00794	0.00775	0.01137	0.01031	0.01481	0.01755	0.02670	0.01673	0.10496	0.69160	0.01006	0.01645	0.00712	0.00350	0.00562
11	0.01607	0.01388	0.01461	0.01315	0.01680	0.01607	0.01023	0.03433	0.72094	0.02703	0.02630	0.02411	0.01972	0.00877	0.00657	0.00219	0.00511	0.00731	0.00657	0.01023
12	0.01234	0.01075	0.01682	0.55991	0.03577	0.01250	0.01481	0.01628	0.01307	0.01811	0.01277	0.01765	0.00980	0.00639	0.00598	0.00191	0.00737	0.00553	0.11071	0.11153
13	0.01525	0.01743	0.03813	0.02723	0.03377	0.01634	0.70915	0.02070	0.01525	0.02070	0.01307	0.01743	0.00980	0.00545	0.00763	0.00218	0.01089	0.00763	0.00327	0.00871
14	0.01350	0.01154	0.01334	0.00987	0.01525	0.00925	0.00785	0.01788	0.08251	0.02182	0.03956	0.01574	0.01247	0.00549	0.00506	0.00112	0.00475	0.00446	0.00422	0.70436
15	0.02414	0.03079	0.01831	0.01665	0.01998	0.74698	0.01248	0.02580	0.01831	0.01581	0.00999	0.01165	0.00832	0.00666	0.00583	0.00166	0.01165	0.00416	0.00333	0.00749
16	0.05722	0.01429	0.01818	0.01861	0.17860	0.01481	0.01237	0.29806	0.02204	0.16700	0.11393	0.02111	0.01843	0.00802	0.00650	0.00196	0.00628	0.00663	0.00600	0.00997
17	0.00873	0.00642	0.00804	0.00898	0.00991	0.00606	0.00628	0.04134	0.01382	0.01815	0.06204	0.58352	0.14182	0.01879	0.00808	0.00252	0.00389	0.03996	0.00605	0.00559
18	0.00881	0.00745	0.00773	0.00750	0.00980	0.00682	0.00567	0.01261	0.10166	0.01941	0.12161	0.05624	0.58145	0.01514	0.00750	0.00217	0.00348	0.01268	0.00617	0.00610
19	0.01220	0.01148	0.01938	0.75739	0.04450	0.01436	0.01794	0.01651	0.01292	0.01651	0.01148	0.01723	0.00861	0.00646	0.00646	0.00215	0.00861	0.00574	0.00287	0.00718
20	0.01672	0.01974	0.13987	0.23523	0.21735	0.14900	0.01762	0.02132	0.03944	0.06420	0.01281	0.01582	0.00977	0.00643	0.00628	0.00198	0.00876	0.00540	0.00347	0.00879
21	0.01539	0.01703	0.03585	0.02961	0.16720	0.01615	0.57754	0.02053	0.01515	0.02078	0.01290	0.01715	0.00989	0.00551	0.00739	0.00213	0.01028	0.00727	0.00325	0.00900
22	0.01525	0.01743	0.03813	0.02723	0.03377	0.01634	0.70915	0.02070	0.01525	0.02070	0.01307	0.01743	0.00980	0.00545	0.00763	0.00218	0.01089	0.00763	0.00327	0.00871
23	0.00779	0.00615	0.00702	0.00764	0.00903	0.00539	0.00541	0.00925	0.01384	0.01732	0.07419	0.36369	0.41462	0.01792	0.00790	0.00237	0.00347	0.01560	0.00604	0.00539
24	0.01933	0.19876	0.13836	0.01568	0.02124	0.15386	0.08137	0.12768	0.09796	0.06508	0.01393	0.01485	0.01060	0.00668	0.00588	0.00183	0.00834	0.00518	0.00422	0.00917
25	0.01987	0.01448	0.01582	0.01327	0.01745	0.01606	0.01059	0.22437	0.41607	0.11966	0.04520	0.02217	0.01808	0.00852	0.00657	0.00209	0.00566	0.00692	0.00674	0.01041
26	0.01122	0.00561	0.00842	0.00842	0.00842	0.00561	0.00561	0.00842	0.00842	0.01122	0.01122	0.01964	0.01122	0.02245	0.02525	0.81201	0.00561	0.00561	0.00281	0.00281
27	0.00993	0.00927	0.07854	0.00823	0.01101	0.00672	0.00718	0.01244	0.01470	0.05376	0.08797	0.09454	0.43310	0.01388	0.00708	0.00211	0.00403	0.02612	0.11314	0.00623
28	0.10736	0.41245	0.12228	0.01280	0.01836	0.09831	0.01257	0.08805	0.03976	0.02041	0.01068	0.01193	0.00880	0.00611	0.00489	0.00165	0.00751	0.00408	0.00345	0.00856
29	0.00787	0.00635	0.00701	0.00728	0.00898	0.00549	0.00530	0.00957	0.01464	0.01828	0.13997	0.21675	0.49623	0.01684	0.00777	0.00226	0.00335	0.01444	0.00614	0.00549
30	0.00776	0.00627	0.00690	0.00732	0.00895	0.00541	0.00527	0.00929	0.01415	0.01745	0.07845	0.27080	0.50462	0.01741	0.00782	0.00231	0.00341	0.01497	0.00604	0.00541
31	0.01062	0.00810	0.01035	0.01170	0.05667	0.00813	0.00775	0.07973	0.06516	0.02021	0.05419	0.55038	0.05775	0.01695	0.00780	0.00245	0.00438	0.01521	0.00594	0.00651
32	0.01624	0.13080	0.13998	0.02169	0.02821	0.03707	0.40724	0.04452	0.04760	0.04424	0.01326	0.01606	0.01000	0.00591	0.00672	0.00202	0.00956	0.00638	0.00353	0.00896
33	0.01147	0.00976	0.01093	0.01055	0.01191	0.07776	0.00790	0.03621	0.03468	0.01602	0.02054	0.05377	0.06363	0.14072	0.39870	0.04241	0.03553	0.00774	0.00392	0.00585
34	0.04100	0.00957	0.01127	0.00931	0.01272	0.00923	0.00748	0.10026	0.01739	0.31660	0.02194	0.02192	0.01546	0.00771	0.00553	0.00177	0.00454	0.00613	0.37153	0.00863
35	0.01633	0.01576	0.07611	0.11997	0.44615	0.01472	0.04179	0.06607	0.01568	0.06827	0.01489	0.03452	0.02718	0.00671	0.00651	0.00199	0.00767	0.00626	0.00378	0.00964
36	0.12086	0.03659	0.06310	0.01942	0.13751	0.03366	0.13536	0.17924	0.03251	0.06339	0.01681	0.06727	0.03350	0.00773	0.00636	0.00202	0.00730	0.00680	0.02153	0.00904
37	0.04135	0.01743	0.06298	0.08213	0.13644	0.17594	0.09094	0.01852	0.01437	0.01856	0.01586	0.12684	0.01524	0.00920	0.00807	0.00213	0.08321	0.03267	0.04045	0.00766
38	0.01753	0.04179	0.02289	0.16237	0.35475	0.12034	0.01690	0.11016	0.01666	0.02162	0.01188	0.01527	0.00962	0.00653	0.00698	0.00195	0.04460	0.00546	0.00355	0.00917
39	0.05874	0.00876	0.01112	0.04737	0.08252	0.00862	0.00816	0.03811	0.01521	0.11024	0.12700	0.08380	0.16452	0.03727	0.03287	0.00243	0.00499	0.00917	0.14201	0.00709
40	0.01114	0.00564	0.00836	0.00836	0.00836	0.00564	0.00554	0.00846	0.00846	0.01128	0.01162	0.02063	0.01176	0.05523	0.02559	0.77681	0.00564	0.00578	0.00285	0.00285
41	0.01264	0.01250	0.12250	0.04421	0.01520	0.01016	0.01005	0.07352	0.09093	0.02272	0.02458	0.06995	0.08670	0.01337	0.07800	0.00277	0.00640	0.03282	0.26363	0.00735
42	0.00901	0.00685	0.00853	0.00940	0.01102	0.00638	0.00766	0.01125	0.01460	0.01845	0.06519	0.15363	0.30242	0.01745	0.00832	0.00260	0.00458	0.33098	0.00601	0.00568
43	0.13273	0.10139	0.01787	0.01313	0.01749	0.11929	0.01070	0.21451	0.21848	0.06654	0.01670	0.01648	0.01250	0.00741	0.00581	0.00192	0.00677	0.00546	0.00539	0.00943
44	0.01870	0.01350	0.02092	0.06991	0.20880	0.01393	0.08985	0.10808	0.01700	0.18567	0.05436	0.04469	0.01552	0.03273	0.00887	0.00223	0.07403	0.00697	0.00498	0.00927
45	0.01622	0.27612	0.30480	0.01606	0.02281	0.11135	0.07121	0.02184	0.06763	0.01865	0.01176	0.01340	0.00924	0.00615	0.00559	0.00180	0.00871	0.00468	0.00315	0.00886
46	0.81856	0.01250	0.00950	0.00850	0.01250	0.01449	0.00700	0.01899	0.01100	0.02899	0.00900	0.01050	0.00700	0.00600	0.00400	0.00200	0.00500	0.00350	0.00400	0.00700
47	0.01687	0.04885	0.01788	0.05349	0.15299	0.04221	0.01228	0.16247	0.17824	0.04068	0.07386	0.02471	0.03898	0.02782	0.00759	0.00215	0.02643	0.03761	0.02583	0.00906
48	0.01161	0.00845	0.00995	0.00864	0.01156	0.00725	0.00656	0.03248	0.01487	0.06544	0.14619	0.08905	0.20238	0.09589	0.00964	0.00232	0.00438	0.04065	0.00549	0.22719
49	0.01042	0.00982	0.07077	0.05824	0.04693	0.00820	0.00932	0.01379	0.03440	0.04297	0.24699	0.12382	0.16632	0.01660	0.07950	0.00299	0.00592	0.04079	0.00557	0.00665

[dist]
# distance from previous block
# <min> <max>
1	22

[block]
# block no. 1 follows, 34 sequences, length 36
# corresponding to MSA columns:
# 94-129
name=unknown_B
#
# <colnr> <probs for GDERKNQSTAVLIFYWHMCP>
#	G	D	E	R	K	N	Q	S	T	A	V	L	I	F	Y	W	H	M	C	P
0	0.09243	0.13390	0.14239	0.07535	0.10106	0.09088	0.02894	0.09180	0.04095	0.05504	0.01526	0.06037	0.03005	0.00750	0.00592	0.00193	0.00758	0.00595	0.00404	0.00866
1	0.06825	0.01495	0.07327	0.04090	0.12655	0.08876	0.09850	0.01699	0.01410	0.04089	0.02390	0.09463	0.13735	0.05970	0.00886	0.00233	0.03213	0.00828	0.00418	0.04548
2	0.02387	0.02157	0.01911	0.01608	0.04171	0.23175	0.01250	0.46580	0.05115	0.03237	0.01419	0.01471	0.01050	0.00741	0.00628	0.00187	0.00838	0.00539	0.00545	0.00992
3	0.00787	0.00627	0.00706	0.00747	0.00902	0.00546	0.00537	0.00949	0.01437	0.01804	0.12577	0.27918	0.44740	0.01723	0.00782	0.00230	0.00340	0.01490	0.00612	0.00546
4	0.00940	0.00626	0.00705	0.00705	0.00705	0.00626	0.00392	0.00940	0.00940	0.01253	0.02036	0.04228	0.02349	0.77292	0.03289	0.00626	0.00626	0.00940	0.00392	0.00392
5	0.01461	0.04821	0.11643	0.04655	0.15407	0.10398	0.04595	0.01957	0.08463	0.02054	0.14633	0.02370	0.03811	0.03580	0.00874	0.00219	0.07122	0.00698	0.00424	0.00817
6	0.02416	0.03020	0.01836	0.01656	0.01998	0.71266	0.01247	0.05815	0.01888	0.01699	0.01025	0.01183	0.00845	0.00671	0.00586	0.00168	0.01144	0.00424	0.00348	0.00766
7	0.01570	0.08829	0.32958	0.01654	0.05080	0.11355	0.03450	0.07711	0.05393	0.02141	0.06044	0.01778	0.01353	0.04635	0.00746	0.00212	0.00838	0.00559	0.00374	0.03319
8	0.01707	0.14154	0.22620	0.01699	0.05848	0.07155	0.06233	0.13780	0.13162	0.02399	0.04090	0.01665	0.01273	0.00697	0.00610	0.00192	0.00792	0.00561	0.00425	0.00940
9	0.00767	0.00641	0.00669	0.00691	0.00882	0.00542	0.00507	0.00923	0.01437	0.01731	0.06099	0.16798	0.62708	0.01694	0.00773	0.00225	0.00334	0.01435	0.00600	0.00542
10	0.09123	0.11508	0.03328	0.02255	0.02846	0.07728	0.49727	0.02078	0.01483	0.02037	0.01192	0.01541	0.00923	0.00561	0.00669	0.00202	0.00990	0.00642	0.00328	0.00840
11	0.01220	0.01148	0.01938	0.75739	0.04450	0.01436	0.01794	0.01651	0.01292	0.01651	0.01148	0.01723	0.00861	0.00646	0.00646	0.00215	0.00861	0.00574	0.00287	0.00718
12	0.02132	0.01471	0.01853	0.06456	0.02078	0.01556	0.07036	0.34939	0.08225	0.16166	0.06736	0.02178	0.04494	0.00832	0.00670	0.00202	0.00664	0.00692	0.00626	0.00992
13	0.01183	0.00706	0.00902	0.00823	0.01019	0.00648	0.00628	0.01477	0.01764	0.11060	0.54109	0.04259	0.06877	0.01199	0.00711	0.00197	0.00334	0.01043	0.10395	0.00666
14	0.01683	0.01488	0.01682	0.01329	0.04430	0.07041	0.04563	0.16563	0.01756	0.02482	0.01233	0.01401	0.00981	0.00564	0.00543	0.00132	0.00625	0.00455	0.00430	0.50619
15	0.11265	0.04016	0.02320	0.01689	0.02205	0.05060	0.26719	0.04601	0.01519	0.10747	0.01566	0.03983	0.03201	0.00677	0.00668	0.00188	0.02854	0.00637	0.00428	0.15656
16	0.01184	0.01195	0.08947	0.01063	0.01440	0.00928	0.00919	0.04253	0.09665	0.02245	0.17499	0.15187	0.06894	0.01092	0.00667	0.00189	0.00483	0.02975	0.00538	0.22637
17	0.00940	0.00626	0.00705	0.00705	0.00705	0.00626	0.00392	0.00940	0.00940	0.01253	0.02036	0.04228	0.02349	0.77292	0.03289	0.00626	0.00626	0.00940	0.00392	0.00392
18	0.00922	0.00790	0.01034	0.00926	0.01169	0.00717	0.06565	0.01246	0.05210	0.02050	0.23111	0.05318	0.43117	0.01428	0.00763	0.00217	0.00406	0.03785	0.00609	0.00616
19	0.03478	0.34916	0.13490	0.01746	0.08584	0.10900	0.10902	0.02019	0.01446	0.01815	0.04357	0.01424	0.01106	0.00613	0.00549	0.00172	0.00828	0.00490	0.00316	0.00848
20	0.01323	0.03151	0.65548	0.01947	0.02866	0.01517	0.10592	0.02049	0.01383	0.02049	0.01177	0.01410	0.00838	0.00606	0.00632	0.00206	0.00971	0.00512	0.00279	0.00945
21	0.00764	0.00655	0.00655	0.00655	0.00873	0.00545	0.00491	0.00927	0.01473	0.01745	0.06546	0.06218	0.73000	0.01636	0.00764	0.00218	0.00327	0.01364	0.00600	0.00545
22	0.01088	0.00570	0.00843	0.00863	0.00873	0.00566	0.00587	0.00870	0.00908	0.01208	0.01451	0.09032	0.01529	0.02203	0.02295	0.70097	0.00546	0.03831	0.00324	0.00317
23	0.01988	0.05346	0.02016	0.07898	0.10260	0.05432	0.06553	0.21134	0.06063	0.13841	0.04033	0.03528	0.01414	0.00776	0.00695	0.00199	0.03510	0.00641	0.03733	0.00941
24	0.01372	0.01381	0.04271	0.10844	0.11914	0.04364	0.13686	0.01720	0.02636	0.03350	0.03928	0.04557	0.04745	0.03474	0.07664	0.00313	0.15499	0.03146	0.00373	0.00763
25	0.01315	0.00791	0.01100	0.01173	0.01371	0.00767	0.01011	0.01598	0.01533	0.12861	0.03294	0.09146	0.03417	0.01644	0.00853	0.00281	0.00580	0.55972	0.00626	0.00669
26	0.01148	0.00804	0.01151	0.01127	0.04809	0.00755	0.06478	0.01422	0.02779	0.07117	0.17994	0.21364	0.12128	0.04803	0.00831	0.00232	0.00448	0.01150	0.12807	0.00655
27	0.01636	0.01880	0.16866	0.11904	0.16662	0.01547	0.18507	0.08266	0.07095	0.07088	0.01448	0.01702	0.01070	0.00641	0.00668	0.00207	0.00855	0.00619	0.00395	0.00945
28	0.04238	0.11417	0.18604	0.04264	0.10851	0.22059	0.06140	0.04761	0.07962	0.02009	0.01239	0.01426	0.00971	0.00642	0.00594	0.00187	0.00903	0.00501	0.00352	0.00881
29	0.50277	0.01619	0.06476	0.01423	0.04959	0.06509	0.10300	0.04054	0.01293	0.02574	0.01009	0.01229	0.00788	0.00629	0.00580	0.00204	0.04485	0.00446	0.00375	0.00770
30	0.01618	0.01453	0.02476	0.02977	0.41402	0.01445	0.14047	0.02186	0.09897	0.07054	0.07452	0.02030	0.01589	0.00683	0.00675	0.00201	0.00742	0.00682	0.00426	0.00967
31	0.02042	0.00893	0.01169	0.00982	0.01324	0.00786	0.00777	0.02278	0.01691	0.42964	0.11515	0.12064	0.09445	0.01090	0.00678	0.00205	0.00455	0.00923	0.07844	0.00872
32	0.00811	0.00610	0.00752	0.00824	0.00935	0.00552	0.00583	0.00978	0.01418	0.01859	0.17325	0.42346	0.23411	0.01781	0.00798	0.00240	0.00354	0.03255	0.00621	0.00548
33	0.11280	0.01361	0.01883	0.13989	0.16794	0.03964	0.07206	0.10384	0.01585	0.02330	0.05770	0.05316	0.01446	0.00935	0.04356	0.00235	0.00756	0.00641	0.00411	0.09359
34	0.01422	0.05234	0.01555	0.07584	0.07891	0.09421	0.01077	0.04326	0.11601	0.03470	0.07503	0.10917	0.10948	0.03279	0.03159	0.00251	0.08264	0.00864	0.00480	0.00754
35	0.01899	0.32429	0.10901	0.01643	0.08067	0.07901	0.05087	0.14585	0.04078	0.05885	0.01246	0.01369	0.00979	0.00634	0.00551	0.00173	0.00778	0.00479	0.00393	0.00925

[dist]
# distance from previous block
# <min> <max>
0	15

[block]
# block no. 2 follows, 34 sequences, length 73
# corresponding to MSA columns:
# 146-218
name=unknown_C
#
# <colnr> <probs for GDERKNQSTAVLIFYWHMCP>
#	G	D	E	R	K	N	Q	S	T	A	V	L	I	F	Y	W	H	M	C	P
0	0.02168	0.14613	0.02036	0.03403	0.01911	0.14688	0.01159	0.31613	0.09365	0.07320	0.01704	0.01715	0.03968	0.00761	0.00602	0.00184	0.00746	0.00563	0.00528	0.00952
1	0.08366	0.11590	0.07889	0.03900	0.01952	0.18021	0.01217	0.15382	0.11070	0.08129	0.01447	0.01504	0.01089	0.00690	0.00573	0.00181	0.00767	0.00502	0.00466	0.05264
2	0.01659	0.01666	0.09387	0.10907	0.02406	0.05437	0.12549	0.18025	0.09848	0.04124	0.06195	0.04810	0.01779	0.00882	0.00696	0.00216	0.00767	0.07275	0.00497	0.00875
3	0.00932	0.00671	0.00907	0.00917	0.00998	0.00730	0.00666	0.01083	0.01050	0.01451	0.02125	0.03598	0.04510	0.30193	0.41660	0.00812	0.01211	0.05586	0.00389	0.00511
4	0.01128	0.00707	0.00964	0.00935	0.01050	0.00749	0.00678	0.01281	0.01102	0.09007	0.02013	0.07045	0.01993	0.27557	0.40016	0.00776	0.01179	0.00829	0.00422	0.00569
5	0.00811	0.00661	0.00720	0.00717	0.00917	0.00570	0.00546	0.01011	0.01549	0.01935	0.20486	0.05980	0.55058	0.01577	0.00770	0.00219	0.00337	0.04950	0.00623	0.00562
6	0.00822	0.00581	0.00761	0.00892	0.00931	0.00551	0.00600	0.00931	0.01214	0.01616	0.03359	0.63466	0.03995	0.11602	0.01143	0.00311	0.00420	0.05720	0.00573	0.00512
7	0.01122	0.00561	0.00842	0.00842	0.00842	0.00561	0.00561	0.00842	0.00842	0.01122	0.01122	0.01964	0.01122	0.02245	0.02525	0.81201	0.00561	0.00561	0.00281	0.00281
8	0.01424	0.01601	0.09826	0.34096	0.33476	0.03180	0.03474	0.01865	0.01394	0.01896	0.01178	0.01620	0.00928	0.00611	0.00641	0.00203	0.00843	0.00565	0.00301	0.00877
9	0.05123	0.04935	0.01833	0.01415	0.01883	0.16029	0.01143	0.38898	0.09663	0.03115	0.01468	0.01506	0.01099	0.00721	0.00601	0.00180	0.00748	0.00528	0.00538	0.08573
10	0.00799	0.00587	0.00744	0.00849	0.00924	0.00538	0.00578	0.00933	0.01319	0.01738	0.10136	0.57585	0.15130	0.03823	0.00873	0.00260	0.00368	0.01681	0.00604	0.00532
11	0.01629	0.59114	0.18172	0.01324	0.01965	0.02299	0.04138	0.01963	0.01332	0.01652	0.00969	0.01133	0.00833	0.00565	0.00470	0.00155	0.00762	0.00390	0.00278	0.00857
12	0.02162	0.01684	0.01837	0.01469	0.01896	0.07650	0.04659	0.46424	0.02480	0.07018	0.01776	0.10672	0.01487	0.01019	0.02586	0.00225	0.02664	0.00735	0.00590	0.00966
13	0.01122	0.00561	0.00842	0.00842	0.00842	0.00561	0.00561	0.00842	0.00842	0.01122	0.01122	0.01964	0.01122	0.02245	0.02525	0.81201	0.00561	0.00561	0.00281	0.00281
14	0.05953	0.01406	0.01651	0.01281	0.01776	0.01428	0.01055	0.30360	0.05998	0.39085	0.02084	0.01903	0.01381	0.00786	0.00638	0.00199	0.00610	0.00614	0.00714	0.01079
15	0.02496	0.01820	0.01891	0.01465	0.01970	0.06343	0.01203	0.60460	0.02851	0.10542	0.01612	0.01589	0.01130	0.00771	0.00643	0.00193	0.00723	0.00578	0.00642	0.01078
16	0.00915	0.00831	0.05301	0.00983	0.01129	0.00706	0.00750	0.01266	0.08744	0.01873	0.09698	0.55142	0.06707	0.01739	0.00786	0.00247	0.00416	0.01559	0.00596	0.00612
17	0.00809	0.00652	0.00713	0.00735	0.00914	0.00568	0.00549	0.00979	0.01448	0.01786	0.10527	0.12875	0.52211	0.05733	0.00916	0.00250	0.00368	0.06827	0.00596	0.00544
18	0.00787	0.00562	0.00750	0.00900	0.00937	0.00525	0.00600	0.00900	0.01237	0.01649	0.03561	0.76871	0.04274	0.02024	0.00825	0.00262	0.00375	0.01837	0.00600	0.00525
19	0.01475	0.06813	0.22779	0.02386	0.03115	0.01654	0.48094	0.02055	0.01469	0.02030	0.01242	0.01597	0.00927	0.00564	0.00701	0.00209	0.01029	0.00660	0.00309	0.00891
20	0.01122	0.00561	0.00842	0.00842	0.00842	0.00561	0.00561	0.00842	0.00842	0.01122	0.01122	0.01964	0.01122	0.02245	0.02525	0.81201	0.00561	0.00561	0.00281	0.00281
21	0.00975	0.00623	0.00691	0.00691	0.00711	0.00623	0.00399	0.01014	0.00994	0.01406	0.02045	0.03988	0.02258	0.67183	0.02914	0.00564	0.00583	0.00895	0.11023	0.00419
22	0.01319	0.07262	0.70224	0.01803	0.02737	0.01556	0.02320	0.02040	0.01361	0.02019	0.01146	0.01347	0.00819	0.00611	0.00603	0.00201	0.00941	0.00470	0.00273	0.00948
23	0.01762	0.15761	0.01936	0.05857	0.01905	0.03590	0.01124	0.13946	0.41695	0.02611	0.02002	0.01943	0.01522	0.00781	0.00608	0.00198	0.00614	0.00617	0.00554	0.00974
24	0.02103	0.01319	0.01479	0.01205	0.01606	0.01401	0.00967	0.27575	0.16874	0.18917	0.04037	0.02188	0.01655	0.03844	0.00731	0.00212	0.00563	0.00661	0.11690	0.00974
25	0.52997	0.01606	0.01175	0.01060	0.01428	0.16547	0.00838	0.02145	0.08040	0.02590	0.05376	0.01428	0.01170	0.00683	0.00484	0.00195	0.00627	0.00449	0.00429	0.00735
26	0.01604	0.01546	0.02685	0.08262	0.57825	0.01561	0.09782	0.05004	0.01535	0.02163	0.01236	0.01621	0.01012	0.00585	0.00654	0.00196	0.00808	0.00597	0.00333	0.00990
27	0.00811	0.00579	0.00777	0.00927	0.00975	0.00546	0.00642	0.00941	0.01261	0.01676	0.03548	0.70294	0.04221	0.02002	0.00831	0.00266	0.00396	0.08177	0.00599	0.00531
28	0.06554	0.02911	0.01892	0.01679	0.02033	0.66876	0.04995	0.02517	0.01776	0.01677	0.01010	0.01190	0.00833	0.00656	0.00583	0.00171	0.01126	0.00431	0.00336	0.00753
29	0.01526	0.01774	0.06095	0.02834	0.11309	0.01618	0.60709	0.02059	0.01513	0.02074	0.01292	0.01714	0.00980	0.00551	0.00743	0.00214	0.01048	0.00731	0.00324	0.00892
30	0.00914	0.00660	0.00864	0.00813	0.00965	0.00610	0.00610	0.01219	0.01829	0.02591	0.72921	0.04827	0.06097	0.01321	0.00762	0.00203	0.00305	0.01169	0.00711	0.00610
31	0.00882	0.00659	0.00818	0.00778	0.00945	0.00596	0.00584	0.01156	0.01751	0.02407	0.58480	0.05129	0.20653	0.01390	0.00762	0.00206	0.00310	0.01211	0.00687	0.00596
32	0.01607	0.01388	0.01461	0.01315	0.01680	0.01607	0.01023	0.03433	0.72094	0.02703	0.02630	0.02411	0.01972	0.00877	0.00657	0.00219	0.00511	0.00731	0.00657	0.01023
33	0.00802	0.00618	0.00703	0.00755	0.00876	0.00551	0.00520	0.00929	0.01326	0.01671	0.07094	0.31427	0.36083	0.12270	0.01136	0.00290	0.00385	0.01469	0.00575	0.00519
34	0.00923	0.00692	0.01038	0.01038	0.01154	0.00808	0.00808	0.01154	0.01038	0.01500	0.01731	0.02538	0.01615	0.04846	0.74732	0.01038	0.01731	0.00692	0.00346	0.00577
35	0.01296	0.03342	0.73944	0.01842	0.02797	0.01501	0.02387	0.02046	0.01364	0.02046	0.01160	0.01364	0.00818	0.00614	0.00614	0.00205	0.00955	0.00477	0.00273	0.00955
36	0.00781	0.00586	0.00726	0.00837	0.00921	0.00530	0.00572	0.00907	0.01297	0.01674	0.04319	0.58922	0.21733	0.01926	0.00809	0.00251	0.00363	0.01717	0.00600	0.00530
37	0.05048	0.01168	0.01294	0.01105	0.01430	0.01240	0.00872	0.23863	0.11811	0.08402	0.15544	0.10192	0.04842	0.01038	0.00661	0.00203	0.00497	0.00862	0.09076	0.00852
38	0.01688	0.02317	0.29787	0.02076	0.02810	0.01605	0.28510	0.14147	0.01748	0.06947	0.01373	0.01596	0.00979	0.00627	0.00679	0.00208	0.00939	0.00616	0.00392	0.00957
39	0.60025	0.01387	0.01212	0.01017	0.01449	0.01578	0.00839	0.19368	0.01605	0.04830	0.01102	0.01203	0.00821	0.00649	0.00468	0.00198	0.00554	0.00415	0.00471	0.00810
40	0.01701	0.73141	0.07695	0.01151	0.01728	0.02492	0.01184	0.01942	0.01316	0.01552	0.00914	0.01056	0.00829	0.00557	0.00427	0.00142	0.00707	0.00354	0.00276	0.00837
41	0.04883	0.12471	0.61991	0.01707	0.02588	0.01629	0.02154	0.02026	0.01346	0.02018	0.01116	0.01310	0.00815	0.00606	0.00580	0.00196	0.00902	0.00455	0.00279	0.00928
42	0.02126	0.01828	0.01715	0.01436	0.01861	0.13878	0.01140	0.30387	0.30349	0.05513	0.01924	0.01852	0.01420	0.00799	0.00640	0.00200	0.00701	0.00616	0.00604	0.01010
43	0.01328	0.00875	0.01017	0.00950	0.01184	0.00847	0.00721	0.10859	0.04103	0.10977	0.05176	0.20955	0.24694	0.07701	0.00960	0.00261	0.00466	0.05616	0.00618	0.00693
44	0.19625	0.16940	0.08635	0.01322	0.01793	0.20724	0.01175	0.10048	0.05581	0.04609	0.01247	0.01457	0.01003	0.00685	0.00535	0.00183	0.00781	0.02415	0.00407	0.00835
45	0.01141	0.00744	0.05268	0.00865	0.00957	0.00636	0.00662	0.01053	0.00979	0.01437	0.01335	0.02034	0.01224	0.01965	0.04875	0.57727	0.00582	0.00569	0.15550	0.00394
46	0.01414	0.05772	0.59487	0.02016	0.10102	0.01573	0.02227	0.06253	0.01476	0.02158	0.01180	0.01388	0.00858	0.00618	0.00611	0.00200	0.00911	0.00489	0.00301	0.00966
47	0.00940	0.00626	0.00705	0.00705	0.00705	0.00626	0.00392	0.00940	0.00940	0.01253	0.02036	0.04228	0.02349	0.77292	0.03289	0.00626	0.00626	0.00940	0.00392	0.00392
48	0.01300	0.01246	0.01760	0.01543	0.01570	0.01707	0.01273	0.01462	0.01001	0.01542	0.01053	0.01675	0.01027	0.01995	0.19006	0.00458	0.58813	0.00595	0.00297	0.00677
49	0.55603	0.01576	0.08274	0.01170	0.01658	0.01561	0.05307	0.13751	0.01483	0.02967	0.01061	0.01208	0.00797	0.00628	0.00485	0.00200	0.00616	0.00427	0.00425	0.00803
50	0.01027	0.00739	0.01021	0.01162	0.01314	0.00733	0.01012	0.01317	0.01487	0.01924	0.03586	0.07232	0.07371	0.01777	0.00886	0.00293	0.00581	0.65351	0.00595	0.00592
51	0.01430	0.03737	0.01525	0.01109	0.01588	0.05720	0.00897	0.01687	0.01321	0.01977	0.01089	0.01329	0.00930	0.00584	0.00712	0.00128	0.11065	0.00409	0.00362	0.62400
52	0.01547	0.06741	0.46294	0.01744	0.02507	0.01597	0.06997	0.10607	0.04310	0.05265	0.01376	0.03528	0.01037	0.00696	0.00670	0.00205	0.03000	0.00560	0.00369	0.00950
53	0.06795	0.01475	0.01689	0.03678	0.05684	0.07269	0.05089	0.16599	0.03324	0.04113	0.01426	0.03407	0.01181	0.00782	0.02437	0.00184	0.00683	0.02695	0.00453	0.31037
54	0.00815	0.00581	0.00755	0.00878	0.00925	0.00546	0.00590	0.00929	0.01240	0.01649	0.05601	0.62393	0.06347	0.09881	0.01082	0.00299	0.00405	0.03984	0.00581	0.00516
55	0.01040	0.00642	0.00775	0.00836	0.00960	0.00621	0.00617	0.01298	0.03278	0.03968	0.06444	0.33400	0.06477	0.01458	0.00693	0.00221	0.00378	0.08979	0.27321	0.00593
56	0.01469	0.01539	0.20098	0.01365	0.04522	0.01062	0.01264	0.05248	0.01495	0.15195	0.06858	0.14130	0.06070	0.01675	0.12624	0.00349	0.02861	0.00864	0.00501	0.00811
57	0.01135	0.01063	0.03439	0.07699	0.14793	0.01109	0.05425	0.01395	0.01266	0.01772	0.04859	0.26680	0.02343	0.01809	0.12180	0.00360	0.10510	0.01040	0.00423	0.00698
58	0.01441	0.00763	0.00852	0.00767	0.01001	0.00732	0.00595	0.05882	0.01597	0.13043	0.10187	0.03108	0.11985	0.00943	0.00569	0.00175	0.00367	0.00773	0.44518	0.00699
59	0.00786	0.00568	0.00744	0.00885	0.00933	0.00526	0.00593	0.00901	0.01251	0.01655	0.03742	0.72599	0.08429	0.02001	0.00821	0.00260	0.00372	0.01808	0.00600	0.00526
60	0.09085	0.01562	0.04509	0.04908	0.42034	0.01542	0.15332	0.04189	0.01466	0.02193	0.01273	0.03955	0.01075	0.00647	0.00698	0.00204	0.03424	0.00628	0.00345	0.00929
61	0.01425	0.01292	0.01681	0.13722	0.16499	0.04214	0.01201	0.06081	0.01496	0.02094	0.01706	0.03768	0.07246	0.00690	0.00587	0.00158	0.00627	0.00588	0.00393	0.34532
62	0.00787	0.00562	0.00750	0.00900	0.00937	0.00525	0.00600	0.00900	0.01237	0.01649	0.03561	0.76871	0.04274	0.02024	0.00825	0.00262	0.00375	0.01837	0.00600	0.00525
63	0.01067	0.00743	0.02708	0.07164	0.01220	0.00697	0.00690	0.01386	0.01553	0.02389	0.32988	0.05908	0.03596	0.01031	0.00621	0.00184	0.00370	0.00886	0.34177	0.00622
64	0.01719	0.30427	0.11928	0.02128	0.18258	0.05608	0.11772	0.04944	0.01503	0.04361	0.01151	0.01376	0.00932	0.00588	0.00568	0.00176	0.00820	0.00499	0.00329	0.00912
65	0.01220	0.01127	0.01887	0.72845	0.04308	0.01403	0.01743	0.01645	0.01294	0.01680	0.01185	0.01749	0.00892	0.00650	0.00639	0.00213	0.00840	0.00575	0.03392	0.00713
66	0.35920	0.02102	0.01544	0.01361	0.01703	0.34280	0.03574	0.02178	0.01432	0.02155	0.00954	0.01160	0.00783	0.00677	0.00654	0.00193	0.07830	0.00415	0.00356	0.00729
67	0.01220	0.01148	0.01938	0.75739	0.04450	0.01436	0.01794	0.01651	0.01292	0.01651	0.01148	0.01723	0.00861	0.00646	0.00646	0.00215	0.00861	0.00574	0.00287	0.00718
68	0.02828	0.01079	0.01462	0.01127	0.01612	0.00935	0.00929	0.03080	0.01829	0.70729	0.02531	0.02208	0.01602	0.00798	0.00641	0.00198	0.00539	0.00648	0.04147	0.01079
69	0.01652	0.01410	0.01486	0.01324	0.01697	0.01628	0.01034	0.07013	0.68442	0.02775	0.02573	0.02365	0.01926	0.00871	0.00657	0.00218	0.00522	0.00723	0.00657	0.01027
70	0.00862	0.00631	0.00826	0.00956	0.01052	0.00595	0.00721	0.01039	0.01346	0.01750	0.03926	0.45777	0.13501	0.01898	0.00837	0.00267	0.00436	0.22432	0.00598	0.00549
71	0.00813	0.00609	0.00759	0.00859	0.00961	0.00556	0.00615	0.00967	0.01355	0.01753	0.08087	0.47698	0.22287	0.01861	0.00812	0.00251	0.00380	0.08227	0.00605	0.00542
72	0.01739	0.01720	0.02426	0.05629	0.55820	0.10295	0.01810	0.06470	0.03909	0.02177	0.01255	0.01575	0.01031	0.00611	0.00634	0.00191	0.00806	0.00562	0.00352	0.00986

[dist]
# distance from previous block
# <min> <max>
0	1

[block]
# block no. 3 follows, 34 sequences, length 11
# corresponding to MSA columns:
# 220-230
name=unknown_D
#
# <colnr> <probs for GDERKNQSTAVLIFYWHMCP>
#	G	D	E	R	K	N	Q	S	T	A	V	L	I	F	Y	W	H	M	C	P
0	0.01500	0.16395	0.50164	0.01813	0.06735	0.05772	0.02024	0.04878	0.01456	0.02014	0.01123	0.01316	0.00845	0.00610	0.00580	0.00189	0.00898	0.00461	0.00295	0.00931
1	0.01662	0.16142	0.02523	0.09560	0.02392	0.19693	0.18766	0.01961	0.01439	0.01689	0.01216	0.01728	0.01059	0.03617	0.06731	0.00276	0.06219	0.02246	0.00322	0.00759
2	0.44146	0.13496	0.01592	0.01112	0.01531	0.17807	0.00919	0.04761	0.01413	0.06677	0.01045	0.01161	0.00818	0.00626	0.00467	0.00183	0.00688	0.00391	0.00399	0.00770
3	0.01631	0.01465	0.02342	0.06019	0.50841	0.01489	0.04203	0.07070	0.06475	0.04549	0.01736	0.01988	0.05894	0.00690	0.00655	0.00198	0.00725	0.00648	0.00400	0.00982
4	0.01168	0.05392	0.01152	0.00889	0.01184	0.00817	0.00703	0.01433	0.01555	0.06917	0.31444	0.03589	0.12646	0.01507	0.09216	0.00274	0.00549	0.00885	0.00563	0.18115
5	0.00884	0.00667	0.00821	0.00804	0.00975	0.00604	0.00617	0.01147	0.01694	0.02285	0.47177	0.05463	0.25042	0.01456	0.00775	0.00217	0.00339	0.07774	0.00668	0.00590
6	0.26209	0.01144	0.01337	0.01061	0.01531	0.01097	0.00876	0.02780	0.01628	0.52804	0.02062	0.01860	0.01334	0.00741	0.00576	0.00200	0.00535	0.00561	0.00682	0.00982
7	0.00921	0.00722	0.00844	0.00820	0.01009	0.00676	0.00621	0.01301	0.07841	0.02231	0.37132	0.08265	0.29534	0.01444	0.00762	0.00216	0.00346	0.04039	0.00657	0.00619
8	0.01599	0.01535	0.02623	0.03966	0.73262	0.01535	0.01983	0.01983	0.01471	0.02111	0.01215	0.01599	0.01023	0.00576	0.00640	0.00192	0.00768	0.00576	0.00320	0.01023
9	0.00892	0.00660	0.00832	0.00789	0.00951	0.00600	0.00592	0.01175	0.01775	0.02464	0.62948	0.05036	0.16149	0.01368	0.00762	0.00205	0.00308	0.01198	0.00695	0.00600
10	0.00943	0.00664	0.00827	0.00802	0.00968	0.00598	0.00595	0.01188	0.01671	0.05135	0.45833	0.14533	0.20911	0.01465	0.00766	0.00214	0.00329	0.01280	0.00675	0.00604

[dist]
# distance from previous block
# <min> <max>
0	0

# created by:
# /home/berkeley/.conda/envs/busco_data_prod/bin/msa2prfl.pl pipeline/OGs_align_augustus/4893/1284.fs
