[name]
unknown

[dist]
# distance from previous block
# <min> <max>
0	1

[block]
# block no. 0 follows, 34 sequences, length 129
# corresponding to MSA columns:
# 1-129
name=unknown_A
#
# <colnr> <probs for GDERKNQSTAVLIFYWHMCP>
#	G	D	E	R	K	N	Q	S	T	A	V	L	I	F	Y	W	H	M	C	P
0	0.01656	0.67392	0.09402	0.01174	0.01741	0.02375	0.01214	0.01915	0.01326	0.01586	0.01047	0.01376	0.00972	0.00619	0.00456	0.00152	0.00709	0.03769	0.00292	0.00828
1	0.04293	0.06008	0.05146	0.01315	0.01780	0.07095	0.01102	0.33182	0.08240	0.07375	0.01597	0.01816	0.01249	0.07932	0.00853	0.00223	0.00691	0.00575	0.00537	0.08990
2	0.02050	0.06271	0.04107	0.01412	0.01789	0.30609	0.01131	0.13263	0.11664	0.07809	0.05242	0.08471	0.01663	0.00870	0.00631	0.00191	0.00808	0.00667	0.00501	0.00854
3	0.81856	0.01250	0.00950	0.00850	0.01250	0.01449	0.00700	0.01899	0.01100	0.02899	0.00900	0.01050	0.00700	0.00600	0.00400	0.00200	0.00500	0.00350	0.00400	0.00700
4	0.06914	0.01135	0.01481	0.01148	0.01639	0.01023	0.00946	0.04835	0.04092	0.66001	0.02441	0.02130	0.01552	0.00791	0.00637	0.00200	0.00550	0.00635	0.00771	0.01077
5	0.06365	0.05303	0.01911	0.01455	0.01929	0.12364	0.02657	0.43210	0.08797	0.07317	0.01558	0.01565	0.01132	0.00746	0.00618	0.00191	0.00746	0.00557	0.00575	0.01004
6	0.01519	0.01726	0.03720	0.02671	0.03292	0.01651	0.67397	0.02044	0.01498	0.02044	0.01284	0.01726	0.00974	0.00574	0.00831	0.00221	0.04887	0.00753	0.00325	0.00863
7	0.00831	0.00657	0.00748	0.00725	0.00914	0.00574	0.00544	0.01058	0.01632	0.02123	0.36172	0.05597	0.43137	0.01496	0.00763	0.00212	0.00317	0.01277	0.00650	0.00574
8	0.00847	0.00654	0.00772	0.00750	0.00926	0.00580	0.00560	0.01086	0.01659	0.02203	0.42622	0.07987	0.34070	0.01478	0.00765	0.00212	0.00317	0.01274	0.00661	0.00580
9	0.18662	0.01655	0.05208	0.01375	0.03549	0.03692	0.01133	0.31690	0.13382	0.10878	0.01653	0.01636	0.01187	0.00742	0.00594	0.00200	0.00644	0.00555	0.00578	0.00986
10	0.02712	0.01058	0.01440	0.01118	0.01585	0.00918	0.00918	0.02967	0.01847	0.67008	0.09179	0.02447	0.02023	0.00849	0.00660	0.00200	0.00527	0.00699	0.00791	0.01053
11	0.00787	0.00562	0.00750	0.00900	0.00937	0.00525	0.00600	0.00900	0.01237	0.01649	0.03561	0.76871	0.04274	0.02024	0.00825	0.00262	0.00375	0.01837	0.00600	0.00525
12	0.03779	0.10964	0.60892	0.01727	0.02593	0.05251	0.02148	0.02057	0.01374	0.01994	0.01117	0.01311	0.00817	0.00610	0.00585	0.00196	0.00925	0.00457	0.00280	0.00924
13	0.01157	0.00764	0.00957	0.00890	0.01092	0.00725	0.00673	0.01571	0.08369	0.09650	0.47522	0.11015	0.10451	0.01316	0.00747	0.00211	0.00357	0.01151	0.00696	0.00685
14	0.00764	0.00655	0.00655	0.00655	0.00873	0.00545	0.00491	0.00927	0.01473	0.01745	0.06546	0.06218	0.73000	0.01636	0.00764	0.00218	0.00327	0.01364	0.00600	0.00545
15	0.00923	0.00692	0.01038	0.01038	0.01154	0.00808	0.00808	0.01154	0.01038	0.01500	0.01731	0.02538	0.01615	0.04846	0.74732	0.01038	0.01731	0.00692	0.00346	0.00577
16	0.02251	0.15933	0.05504	0.01418	0.01956	0.02043	0.01245	0.51090	0.04904	0.05244	0.01473	0.01492	0.01078	0.00731	0.00602	0.00185	0.00708	0.00540	0.00565	0.01040
17	0.03448	0.01187	0.01359	0.01011	0.01544	0.00991	0.00809	0.05618	0.07108	0.04030	0.03955	0.01579	0.01244	0.00568	0.00515	0.00120	0.00490	0.00456	0.00442	0.63526
18	0.01695	0.01612	0.02495	0.03359	0.54118	0.04275	0.05715	0.07734	0.08324	0.02304	0.01374	0.01665	0.01110	0.00622	0.00647	0.00195	0.00772	0.00596	0.00379	0.01011
19	0.02460	0.01754	0.01898	0.01461	0.01973	0.01927	0.01205	0.65002	0.04910	0.08336	0.01643	0.01616	0.01154	0.00780	0.00647	0.00195	0.00695	0.00590	0.00656	0.01097
20	0.02076	0.16231	0.04047	0.01410	0.01849	0.23770	0.01170	0.12825	0.20826	0.07133	0.01610	0.01609	0.01230	0.00725	0.00586	0.00183	0.00786	0.00530	0.00486	0.00919
21	0.02414	0.03079	0.01831	0.01665	0.01998	0.74698	0.01248	0.02580	0.01831	0.01581	0.00999	0.01165	0.00832	0.00666	0.00583	0.00166	0.01165	0.00416	0.00333	0.00749
22	0.10803	0.04212	0.20672	0.01560	0.02135	0.11780	0.07006	0.14159	0.01775	0.13171	0.03401	0.01580	0.01136	0.00704	0.00654	0.00198	0.03140	0.00540	0.00456	0.00917
23	0.01492	0.11770	0.16775	0.08495	0.08227	0.01702	0.33916	0.02084	0.05447	0.01998	0.01281	0.01605	0.00979	0.00589	0.00664	0.00203	0.00936	0.00623	0.00325	0.00889
24	0.01220	0.01148	0.01938	0.75739	0.04450	0.01436	0.01794	0.01651	0.01292	0.01651	0.01148	0.01723	0.00861	0.00646	0.00646	0.00215	0.00861	0.00574	0.00287	0.00718
25	0.00872	0.00692	0.01080	0.01091	0.01198	0.00651	0.07887	0.01038	0.01277	0.01715	0.05222	0.64623	0.03897	0.01944	0.03242	0.00282	0.00491	0.01669	0.00566	0.00565
26	0.01335	0.04882	0.60255	0.02075	0.12168	0.01503	0.02244	0.02008	0.01392	0.02059	0.03460	0.01498	0.01015	0.00630	0.00617	0.00201	0.00902	0.00509	0.00293	0.00950
27	0.02789	0.01275	0.01608	0.01233	0.01737	0.01211	0.01019	0.19972	0.02144	0.56471	0.02302	0.02039	0.01476	0.00794	0.00649	0.00198	0.00590	0.00633	0.00762	0.01099
28	0.01525	0.01743	0.03813	0.02723	0.03377	0.01634	0.70915	0.02070	0.01525	0.02070	0.01307	0.01743	0.00980	0.00545	0.00763	0.00218	0.01089	0.00763	0.00327	0.00871
29	0.01566	0.01592	0.04989	0.05841	0.57839	0.01556	0.08159	0.02022	0.03979	0.02096	0.01259	0.01632	0.01037	0.00604	0.00695	0.00199	0.03025	0.00595	0.00329	0.00989
30	0.00940	0.00626	0.00705	0.00705	0.00705	0.00626	0.00392	0.00940	0.00940	0.01253	0.02036	0.04228	0.02349	0.77292	0.03289	0.00626	0.00626	0.00940	0.00392	0.00392
31	0.00787	0.00562	0.00750	0.00900	0.00937	0.00525	0.00600	0.00900	0.01237	0.01649	0.03561	0.76871	0.04274	0.02024	0.00825	0.00262	0.00375	0.01837	0.00600	0.00525
32	0.01708	0.74332	0.06564	0.01139	0.01710	0.02509	0.01163	0.01940	0.01315	0.01544	0.00910	0.01051	0.00829	0.00556	0.00424	0.00141	0.00703	0.00351	0.00276	0.00835
33	0.01585	0.06586	0.26298	0.11747	0.02937	0.07776	0.21450	0.05554	0.03884	0.04174	0.01281	0.01552	0.00947	0.00622	0.00651	0.00203	0.00945	0.00577	0.00342	0.00889
34	0.00904	0.00657	0.00851	0.00809	0.00960	0.00604	0.00604	0.01196	0.01794	0.02522	0.67654	0.07254	0.09051	0.01358	0.00764	0.00206	0.00308	0.01199	0.00703	0.00604
35	0.01567	0.01502	0.02564	0.10104	0.67377	0.01527	0.01967	0.01955	0.01456	0.02072	0.01210	0.01610	0.01010	0.00582	0.00640	0.00194	0.00776	0.00576	0.00317	0.00997
36	0.03196	0.03341	0.08141	0.01130	0.01375	0.04993	0.00940	0.08154	0.05022	0.02048	0.04552	0.41136	0.05010	0.01511	0.00745	0.00238	0.00540	0.06699	0.00549	0.00680
37	0.01379	0.01333	0.02322	0.19882	0.04847	0.01518	0.21791	0.03487	0.01337	0.01903	0.01350	0.05452	0.01156	0.00821	0.01045	0.00228	0.20031	0.00693	0.08667	0.00757
38	0.05581	0.18015	0.48617	0.01607	0.02407	0.01762	0.01924	0.09166	0.01514	0.02193	0.01134	0.01302	0.00844	0.00618	0.00566	0.00190	0.00854	0.00455	0.00319	0.00932
39	0.01309	0.03251	0.69965	0.01892	0.02829	0.01508	0.06275	0.02048	0.01373	0.02048	0.01168	0.01386	0.00828	0.00610	0.00622	0.00205	0.00963	0.00494	0.00276	0.00950
40	0.02472	0.01784	0.01923	0.01474	0.01991	0.01965	0.01218	0.68609	0.02994	0.06632	0.01588	0.01575	0.01117	0.00777	0.00646	0.00194	0.00705	0.00584	0.00652	0.01099
41	0.01340	0.01148	0.01340	0.00957	0.01531	0.00861	0.00766	0.01627	0.01340	0.02105	0.01148	0.01340	0.00957	0.00479	0.00479	0.00096	0.00479	0.00383	0.00383	0.81242
42	0.00900	0.00622	0.00770	0.00806	0.00834	0.00632	0.00510	0.00965	0.01027	0.01389	0.02351	0.21343	0.02689	0.47334	0.14470	0.00607	0.00748	0.01114	0.00434	0.00454
43	0.01122	0.00561	0.00842	0.00842	0.00842	0.00561	0.00561	0.00842	0.00842	0.01122	0.01122	0.01964	0.01122	0.02245	0.02525	0.81201	0.00561	0.00561	0.00281	0.00281
44	0.81856	0.01250	0.00950	0.00850	0.01250	0.01449	0.00700	0.01899	0.01100	0.02899	0.00900	0.01050	0.00700	0.00600	0.00400	0.00200	0.00500	0.00350	0.00400	0.00700
45	0.00925	0.00685	0.01001	0.01001	0.01104	0.00787	0.00761	0.01130	0.01027	0.01472	0.01765	0.02727	0.01697	0.12927	0.66763	0.00992	0.01608	0.00720	0.00351	0.00556
46	0.01427	0.10963	0.52577	0.01889	0.02728	0.04930	0.12601	0.02062	0.01404	0.01973	0.01147	0.01378	0.00845	0.00599	0.00614	0.00198	0.00957	0.00504	0.00284	0.00920
47	0.00774	0.00652	0.00673	0.00687	0.00892	0.00551	0.00515	0.00939	0.01459	0.01746	0.06260	0.10618	0.66506	0.01665	0.00772	0.00223	0.00339	0.03584	0.00600	0.00546
48	0.02762	0.01102	0.01472	0.01138	0.01617	0.00976	0.00937	0.06097	0.01889	0.66089	0.05009	0.02270	0.01739	0.00816	0.00648	0.00198	0.00542	0.00664	0.02968	0.01069
49	0.00824	0.00614	0.00803	0.00922	0.00983	0.00594	0.00646	0.00954	0.01267	0.01673	0.03754	0.62674	0.11043	0.01938	0.00870	0.00261	0.03167	0.05887	0.00588	0.00538
50	0.02301	0.05147	0.02082	0.01758	0.02130	0.65000	0.08457	0.02508	0.01784	0.01630	0.01028	0.01221	0.00848	0.00650	0.00596	0.00171	0.01143	0.00450	0.00331	0.00764
51	0.02414	0.03079	0.01831	0.01665	0.01998	0.74698	0.01248	0.02580	0.01831	0.01581	0.00999	0.01165	0.00832	0.00666	0.00583	0.00166	0.01165	0.00416	0.00333	0.00749
52	0.03665	0.01315	0.01571	0.01164	0.01705	0.01174	0.04111	0.18119	0.01754	0.04393	0.01360	0.03902	0.01110	0.00614	0.00545	0.00135	0.00561	0.00501	0.00461	0.51841
53	0.10290	0.09069	0.06111	0.01518	0.01966	0.11790	0.09868	0.08128	0.16126	0.09201	0.01626	0.01826	0.01261	0.00760	0.00704	0.00204	0.05409	0.02781	0.00473	0.00890
54	0.02342	0.10880	0.01994	0.01606	0.01962	0.67155	0.01234	0.02513	0.01777	0.01575	0.00988	0.01152	0.00832	0.00654	0.00565	0.00164	0.01116	0.00409	0.00327	0.00757
55	0.01606	0.01264	0.01394	0.01185	0.01455	0.04937	0.00917	0.26643	0.01799	0.02424	0.01619	0.02356	0.01473	0.18577	0.20557	0.00505	0.04446	0.00668	0.00464	0.05711
56	0.00764	0.00655	0.00655	0.00655	0.00873	0.00545	0.00491	0.00927	0.01473	0.01745	0.06546	0.06218	0.73000	0.01636	0.00764	0.00218	0.00327	0.01364	0.00600	0.00545
57	0.00819	0.00587	0.00778	0.00878	0.00944	0.00546	0.00602	0.00979	0.01384	0.01883	0.20731	0.59037	0.04725	0.01850	0.00809	0.00248	0.00358	0.01671	0.00627	0.00546
58	0.01548	0.01481	0.02501	0.03761	0.68789	0.01474	0.01891	0.01918	0.01471	0.02088	0.01545	0.01885	0.05471	0.00641	0.00647	0.00194	0.00740	0.00624	0.00337	0.00994
59	0.01300	0.01247	0.01761	0.01544	0.01571	0.01708	0.01273	0.01462	0.01001	0.01542	0.01052	0.01674	0.01026	0.01991	0.18930	0.00458	0.58891	0.00595	0.00297	0.00677
60	0.00938	0.00633	0.00736	0.00736	0.00747	0.00643	0.00431	0.00960	0.00949	0.01276	0.02007	0.04069	0.02280	0.70466	0.10020	0.00665	0.00730	0.00916	0.00387	0.00409
61	0.81856	0.01250	0.00950	0.00850	0.01250	0.01449	0.00700	0.01899	0.01100	0.02899	0.00900	0.01050	0.00700	0.00600	0.00400	0.00200	0.00500	0.00350	0.00400	0.00700
62	0.00787	0.00562	0.00750	0.00900	0.00937	0.00525	0.00600	0.00900	0.01237	0.01649	0.03561	0.76871	0.04274	0.02024	0.00825	0.00262	0.00375	0.01837	0.00600	0.00525
63	0.68458	0.01466	0.01106	0.00974	0.01376	0.08516	0.00791	0.07001	0.01311	0.02858	0.00957	0.01097	0.00742	0.00619	0.00435	0.00196	0.00579	0.00373	0.00411	0.00734
64	0.00799	0.00571	0.00763	0.00913	0.00956	0.00535	0.00620	0.00920	0.01249	0.01663	0.03555	0.73659	0.04248	0.02013	0.00828	0.00264	0.00385	0.04933	0.00600	0.00528
65	0.00784	0.00576	0.00736	0.00864	0.00928	0.00528	0.00584	0.00904	0.01272	0.01663	0.03998	0.66526	0.14336	0.01967	0.00816	0.00256	0.00368	0.01768	0.00600	0.00528
66	0.06822	0.09488	0.12657	0.01255	0.01725	0.04756	0.01166	0.08679	0.07495	0.19624	0.15070	0.02258	0.02114	0.00840	0.00671	0.00197	0.03068	0.00658	0.00560	0.00898
67	0.04316	0.15557	0.02018	0.01459	0.01704	0.25516	0.01195	0.01969	0.03302	0.01625	0.01068	0.01423	0.00963	0.01319	0.10350	0.00310	0.24359	0.00491	0.00320	0.00735
68	0.02746	0.01293	0.01564	0.01216	0.01700	0.04770	0.00997	0.13458	0.02030	0.57268	0.04495	0.02130	0.01624	0.00805	0.00649	0.00197	0.00598	0.00644	0.00750	0.01067
69	0.00820	0.00634	0.00752	0.00797	0.00942	0.00566	0.00585	0.01006	0.01475	0.01901	0.18975	0.27417	0.33903	0.01699	0.00790	0.00234	0.00355	0.05971	0.00622	0.00556
70	0.01551	0.01561	0.02885	0.09021	0.49668	0.01554	0.20151	0.01981	0.01472	0.02066	0.01235	0.01646	0.01000	0.00573	0.00673	0.00201	0.00859	0.00625	0.00319	0.00960
71	0.01457	0.01385	0.02248	0.21192	0.41240	0.01534	0.01768	0.01898	0.05444	0.01950	0.01314	0.04125	0.01124	0.00724	0.00824	0.00212	0.09705	0.00624	0.00336	0.00894
72	0.01971	0.06925	0.02148	0.02244	0.21499	0.35495	0.01452	0.04647	0.01606	0.01806	0.01071	0.01362	0.00917	0.00815	0.02800	0.00212	0.11380	0.00490	0.00330	0.00831
73	0.01122	0.00561	0.00842	0.00842	0.00842	0.00561	0.00561	0.00842	0.00842	0.01122	0.01122	0.01964	0.01122	0.02245	0.02525	0.81201	0.00561	0.00561	0.00281	0.00281
74	0.05878	0.08739	0.01990	0.01850	0.14783	0.25277	0.01265	0.16692	0.01923	0.07919	0.03307	0.01713	0.04438	0.00731	0.00601	0.00182	0.00816	0.00551	0.00453	0.00892
75	0.10365	0.41519	0.06729	0.01493	0.08557	0.09180	0.01247	0.10557	0.01572	0.02074	0.01034	0.01186	0.00867	0.00602	0.00491	0.00163	0.00741	0.00411	0.00345	0.00867
76	0.00951	0.00733	0.01092	0.01076	0.01185	0.00874	0.00842	0.01177	0.01036	0.01503	0.01681	0.02475	0.01572	0.04635	0.70612	0.00996	0.05951	0.00685	0.00343	0.00584
77	0.01921	0.51489	0.02830	0.01265	0.01758	0.17428	0.01140	0.07684	0.05871	0.01809	0.01077	0.01188	0.00921	0.00614	0.00483	0.00153	0.00780	0.00402	0.00341	0.00846
78	0.03487	0.09612	0.19757	0.01604	0.02202	0.05084	0.14443	0.02151	0.05531	0.10995	0.01487	0.03522	0.01168	0.03181	0.00730	0.00201	0.02399	0.00586	0.00404	0.11458
79	0.04758	0.11173	0.45833	0.01653	0.02401	0.01505	0.07667	0.01978	0.01406	0.05348	0.05738	0.04999	0.01346	0.00716	0.00615	0.00200	0.00832	0.00593	0.00349	0.00889
80	0.01532	0.01466	0.02501	0.16758	0.60998	0.01517	0.01949	0.01924	0.01439	0.02029	0.01203	0.01621	0.00995	0.00588	0.00641	0.00196	0.00784	0.00575	0.00314	0.00969
81	0.01324	0.01272	0.02209	0.55139	0.19725	0.01470	0.06188	0.01751	0.01347	0.01780	0.01173	0.01696	0.00905	0.00624	0.00652	0.00210	0.00855	0.00586	0.00297	0.00796
82	0.00967	0.00838	0.00987	0.00931	0.01134	0.04083	0.04124	0.01246	0.03835	0.02043	0.25920	0.14620	0.30790	0.01473	0.00765	0.00221	0.00421	0.04385	0.00610	0.00606
83	0.02466	0.01213	0.01604	0.01275	0.01744	0.01170	0.04452	0.03176	0.21683	0.50079	0.02510	0.02236	0.01674	0.00809	0.00658	0.00206	0.00566	0.00678	0.00736	0.01067
84	0.00804	0.00580	0.00761	0.00877	0.00938	0.00538	0.00596	0.00945	0.01330	0.01785	0.13354	0.63656	0.07623	0.01909	0.00813	0.00252	0.00363	0.01722	0.00615	0.00538
85	0.01239	0.01168	0.01972	0.72168	0.07874	0.01441	0.01804	0.01667	0.01301	0.01674	0.01152	0.01717	0.00869	0.00642	0.00646	0.00214	0.00857	0.00574	0.00289	0.00733
86	0.01646	0.01640	0.02629	0.03766	0.65633	0.06060	0.05119	0.02024	0.01496	0.02076	0.01206	0.01579	0.01010	0.00580	0.00642	0.00192	0.00807	0.00574	0.00321	0.01000
87	0.01110	0.00567	0.00837	0.00841	0.00852	0.00570	0.00566	0.00877	0.00877	0.01195	0.01244	0.04037	0.01244	0.02272	0.04803	0.73438	0.00586	0.00602	0.03174	0.00309
88	0.00831	0.00657	0.00748	0.00725	0.00914	0.00574	0.00544	0.01057	0.01632	0.02122	0.36130	0.05598	0.43180	0.01496	0.00763	0.00212	0.00317	0.01277	0.00650	0.00574
89	0.01033	0.00826	0.01173	0.01247	0.05715	0.00793	0.04424	0.01370	0.03749	0.02094	0.20293	0.05708	0.17652	0.01480	0.00806	0.00246	0.00506	0.29646	0.00595	0.00642
90	0.01350	0.12616	0.65143	0.01750	0.02655	0.01632	0.02227	0.02032	0.01358	0.01981	0.01127	0.01323	0.00820	0.00606	0.00589	0.00196	0.00922	0.00461	0.00273	0.00939
91	0.00787	0.00562	0.00750	0.00900	0.00937	0.00525	0.00600	0.00900	0.01237	0.01649	0.03561	0.76871	0.04274	0.02024	0.00825	0.00262	0.00375	0.01837	0.00600	0.00525
92	0.02339	0.02926	0.01755	0.01599	0.01921	0.70120	0.01199	0.02514	0.01802	0.01632	0.01067	0.01242	0.00883	0.00671	0.00575	0.00165	0.01112	0.00428	0.05310	0.00740
93	0.05532	0.00701	0.00933	0.00935	0.01046	0.00786	0.00697	0.01174	0.01058	0.01611	0.01846	0.06155	0.01810	0.16156	0.49930	0.00823	0.01313	0.00760	0.06181	0.00553
94	0.13634	0.04177	0.01975	0.33451	0.12592	0.05163	0.05415	0.04931	0.01394	0.02058	0.01161	0.01561	0.00911	0.00657	0.00668	0.00204	0.04591	0.00536	0.04140	0.00782
95	0.00901	0.00660	0.00845	0.00798	0.00957	0.00604	0.00599	0.01193	0.01796	0.02514	0.66867	0.04953	0.12199	0.01350	0.00762	0.00205	0.00307	0.01186	0.00701	0.00604
96	0.01566	0.01501	0.02499	0.01920	0.02387	0.01546	0.32340	0.10779	0.20857	0.02423	0.02069	0.08693	0.04127	0.00852	0.00769	0.00221	0.03228	0.00842	0.00489	0.00893
97	0.04435	0.26716	0.04669	0.01510	0.08622	0.12811	0.01189	0.02195	0.04973	0.10314	0.01265	0.01389	0.01010	0.00642	0.00609	0.00165	0.04816	0.00455	0.00389	0.11826
98	0.01550	0.11614	0.21647	0.01771	0.05510	0.08797	0.12150	0.05375	0.09088	0.02079	0.04924	0.01764	0.01321	0.01030	0.06768	0.00265	0.02509	0.00589	0.00377	0.00870
99	0.01678	0.72924	0.03241	0.01101	0.01627	0.02449	0.01087	0.01887	0.01296	0.01519	0.00950	0.01129	0.00878	0.00818	0.05006	0.00194	0.00755	0.00367	0.00281	0.00814
100	0.01381	0.01185	0.01358	0.01012	0.01554	0.00976	0.00805	0.01904	0.12186	0.02197	0.01376	0.01504	0.01113	0.00540	0.00506	0.00115	0.00484	0.00436	0.00425	0.68945
101	0.01220	0.01148	0.01938	0.75739	0.04450	0.01436	0.01794	0.01651	0.01292	0.01651	0.01148	0.01723	0.00861	0.00646	0.00646	0.00215	0.00861	0.00574	0.00287	0.00718
102	0.00923	0.00692	0.01038	0.01038	0.01154	0.00808	0.00808	0.01154	0.01038	0.01500	0.01731	0.02538	0.01615	0.04846	0.74732	0.01038	0.01731	0.00692	0.00346	0.00577
103	0.00764	0.00655	0.00655	0.00655	0.00873	0.00545	0.00491	0.00927	0.01473	0.01745	0.06546	0.06218	0.73000	0.01636	0.00764	0.00218	0.00327	0.01364	0.00600	0.00545
104	0.01563	0.01491	0.02539	0.07182	0.67730	0.01505	0.01943	0.01947	0.01464	0.02084	0.01285	0.01792	0.01104	0.00619	0.00648	0.00196	0.00766	0.02819	0.00327	0.00995
105	0.01390	0.03017	0.60649	0.01950	0.02842	0.01501	0.12724	0.02090	0.01406	0.04684	0.01233	0.01452	0.00872	0.00610	0.00638	0.00206	0.00960	0.00527	0.00300	0.00948
106	0.01599	0.01535	0.02623	0.03966	0.73262	0.01535	0.01983	0.01983	0.01471	0.02111	0.01215	0.01599	0.01023	0.00576	0.00640	0.00192	0.00768	0.00576	0.00320	0.01023
107	0.00787	0.00562	0.00750	0.00900	0.00937	0.00525	0.00600	0.00900	0.01237	0.01649	0.03561	0.76871	0.04274	0.02024	0.00825	0.00262	0.00375	0.01837	0.00600	0.00525
108	0.02899	0.01100	0.01499	0.01150	0.01649	0.00950	0.00950	0.03149	0.01849	0.73709	0.02549	0.02199	0.01599	0.00800	0.00650	0.00200	0.00550	0.00650	0.00800	0.01100
109	0.01068	0.00767	0.00893	0.00870	0.00952	0.00811	0.00574	0.04714	0.08452	0.01614	0.02176	0.10526	0.02331	0.48816	0.12185	0.00583	0.00742	0.00952	0.00445	0.00529
110	0.00787	0.00562	0.00750	0.00900	0.00937	0.00525	0.00600	0.00900	0.01237	0.01649	0.03561	0.76871	0.04274	0.02024	0.00825	0.00262	0.00375	0.01837	0.00600	0.00525
111	0.01122	0.00561	0.00842	0.00842	0.00842	0.00561	0.00561	0.00842	0.00842	0.01122	0.01122	0.01964	0.01122	0.02245	0.02525	0.81201	0.00561	0.00561	0.00281	0.00281
112	0.00914	0.00660	0.00864	0.00813	0.00965	0.00610	0.00610	0.01219	0.01829	0.02591	0.72921	0.04827	0.06097	0.01321	0.00762	0.00203	0.00305	0.01169	0.00711	0.00610
113	0.01296	0.03342	0.73944	0.01842	0.02797	0.01501	0.02387	0.02046	0.01364	0.02046	0.01160	0.01364	0.00818	0.00614	0.00614	0.00205	0.00955	0.00477	0.00273	0.00955
114	0.00869	0.00659	0.00800	0.00765	0.00937	0.00590	0.00574	0.01131	0.01721	0.02335	0.52856	0.05247	0.26320	0.01416	0.00763	0.00208	0.00312	0.01228	0.00678	0.00590
115	0.02841	0.01113	0.01498	0.01157	0.01651	0.00979	0.00953	0.03162	0.05014	0.70511	0.02553	0.02209	0.01616	0.00803	0.00650	0.00201	0.00548	0.00653	0.00793	0.01096
116	0.01599	0.01535	0.02623	0.03966	0.73262	0.01535	0.01983	0.01983	0.01471	0.02111	0.01215	0.01599	0.01023	0.00576	0.00640	0.00192	0.00768	0.00576	0.00320	0.01023
117	0.01220	0.01148	0.01938	0.75739	0.04450	0.01436	0.01794	0.01651	0.01292	0.01651	0.01148	0.01723	0.00861	0.00646	0.00646	0.00215	0.00861	0.00574	0.00287	0.00718
118	0.01368	0.01089	0.01199	0.01069	0.01360	0.01170	0.00830	0.10670	0.29902	0.02700	0.25333	0.03583	0.12693	0.01104	0.00698	0.00209	0.00440	0.00933	0.02827	0.00826
119	0.01122	0.00561	0.00842	0.00842	0.00842	0.00561	0.00561	0.00842	0.00842	0.01122	0.01122	0.01964	0.01122	0.02245	0.02525	0.81201	0.00561	0.00561	0.00281	0.00281
120	0.81856	0.01250	0.00950	0.00850	0.01250	0.01449	0.00700	0.01899	0.01100	0.02899	0.00900	0.01050	0.00700	0.00600	0.00400	0.00200	0.00500	0.00350	0.00400	0.00700
121	0.01296	0.03342	0.73944	0.01842	0.02797	0.01501	0.02387	0.02046	0.01364	0.02046	0.01160	0.01364	0.00818	0.00614	0.00614	0.00205	0.00955	0.00477	0.00273	0.00955
122	0.02504	0.01029	0.01386	0.01115	0.01542	0.00911	0.00908	0.02804	0.04130	0.58779	0.08070	0.07209	0.02202	0.00954	0.00678	0.00208	0.00521	0.03275	0.00768	0.01005
123	0.00787	0.00562	0.00750	0.00900	0.00937	0.00525	0.00600	0.00900	0.01237	0.01649	0.03561	0.76871	0.04274	0.02024	0.00825	0.00262	0.00375	0.01837	0.00600	0.00525
124	0.01483	0.01416	0.02412	0.25999	0.52138	0.01505	0.01925	0.01881	0.01416	0.01970	0.01195	0.01637	0.00974	0.00597	0.00642	0.00199	0.00796	0.00575	0.00310	0.00930
125	0.27167	0.07900	0.27191	0.01558	0.05278	0.01516	0.08651	0.01959	0.03283	0.02319	0.04573	0.01613	0.03116	0.00664	0.00559	0.00200	0.00734	0.00524	0.00362	0.00832
126	0.22508	0.18716	0.18314	0.01291	0.01842	0.07505	0.01284	0.02313	0.14444	0.04224	0.01333	0.01412	0.01027	0.00655	0.00521	0.00188	0.00702	0.00462	0.00397	0.00861
127	0.01878	0.16359	0.15004	0.01436	0.01923	0.26705	0.01322	0.04216	0.09178	0.06102	0.08459	0.01745	0.01527	0.00734	0.00589	0.00180	0.00836	0.00541	0.00419	0.00846
128	0.01275	0.01227	0.05833	0.01051	0.01585	0.00886	0.03172	0.01596	0.01403	0.02145	0.09800	0.04106	0.01666	0.00637	0.00541	0.00124	0.00504	0.00540	0.00420	0.61487

[dist]
# distance from previous block
# <min> <max>
0	2

[block]
# block no. 1 follows, 34 sequences, length 101
# corresponding to MSA columns:
# 132-232
name=unknown_B
#
# <colnr> <probs for GDERKNQSTAVLIFYWHMCP>
#	G	D	E	R	K	N	Q	S	T	A	V	L	I	F	Y	W	H	M	C	P
0	0.01982	0.07975	0.01829	0.01361	0.01816	0.01837	0.01112	0.33047	0.33443	0.03187	0.01961	0.01882	0.01459	0.00792	0.00626	0.00197	0.00613	0.00621	0.00612	0.03646
1	0.01475	0.13413	0.49469	0.01837	0.06162	0.04421	0.04990	0.05016	0.01459	0.02049	0.01143	0.01347	0.00854	0.00605	0.00590	0.00190	0.00898	0.00476	0.00300	0.03307
2	0.01498	0.10370	0.31694	0.01859	0.02527	0.04018	0.18528	0.02139	0.07438	0.04078	0.01477	0.01684	0.03253	0.00687	0.00739	0.00206	0.05971	0.00591	0.00347	0.00895
3	0.05975	0.04752	0.07674	0.01767	0.02239	0.01339	0.28964	0.06447	0.03360	0.07017	0.05856	0.17761	0.02003	0.00951	0.00711	0.00218	0.00758	0.00930	0.00466	0.00813
4	0.00812	0.00577	0.00763	0.00902	0.00943	0.00544	0.00609	0.00927	0.01229	0.01636	0.03442	0.67711	0.04103	0.07486	0.01008	0.00291	0.00405	0.05508	0.00584	0.00519
5	0.01351	0.01202	0.10858	0.01279	0.01621	0.00908	0.08541	0.01696	0.03276	0.13948	0.07761	0.24280	0.07501	0.03644	0.00832	0.00247	0.00587	0.09167	0.00563	0.00739
6	0.01638	0.12099	0.41802	0.01624	0.02343	0.11386	0.01819	0.04111	0.09946	0.05307	0.01355	0.01465	0.01002	0.00657	0.00593	0.00193	0.00873	0.00494	0.00361	0.00930
7	0.02456	0.01810	0.01939	0.01487	0.02004	0.02004	0.01228	0.71107	0.03038	0.04072	0.01551	0.01551	0.01099	0.00776	0.00646	0.00194	0.00711	0.00582	0.00646	0.01099
8	0.01122	0.00561	0.00842	0.00842	0.00842	0.00561	0.00561	0.00842	0.00842	0.01122	0.01122	0.01964	0.01122	0.02245	0.02525	0.81201	0.00561	0.00561	0.00281	0.00281
9	0.01195	0.00716	0.00929	0.00842	0.01043	0.00653	0.00643	0.01488	0.01795	0.12181	0.57488	0.04377	0.07221	0.01228	0.00730	0.00200	0.00338	0.01073	0.05185	0.00674
10	0.01766	0.73526	0.03299	0.01137	0.01677	0.06575	0.01114	0.01971	0.01342	0.01524	0.00904	0.01044	0.00829	0.00559	0.00424	0.00140	0.00717	0.00349	0.00280	0.00825
11	0.01032	0.00737	0.01030	0.01179	0.01324	0.00735	0.01025	0.01322	0.01478	0.01923	0.03426	0.09915	0.03740	0.01794	0.00890	0.00296	0.00587	0.66381	0.00595	0.00592
12	0.01727	0.77681	0.03386	0.01106	0.01658	0.02557	0.01106	0.01935	0.01313	0.01520	0.00898	0.01036	0.00829	0.00553	0.00415	0.00138	0.00691	0.00345	0.00276	0.00829
13	0.02011	0.01915	0.01823	0.22701	0.02622	0.25829	0.01362	0.12494	0.07220	0.09444	0.01399	0.01597	0.01047	0.00732	0.00708	0.00198	0.05072	0.00542	0.00436	0.00846
14	0.02215	0.09674	0.01845	0.01478	0.01825	0.54104	0.01143	0.07510	0.01819	0.01856	0.01157	0.01323	0.00946	0.00673	0.00557	0.00164	0.00989	0.00443	0.09515	0.00766
15	0.00797	0.00569	0.00761	0.00911	0.00953	0.00533	0.00617	0.00917	0.01247	0.01661	0.03556	0.74153	0.04252	0.02015	0.00827	0.00264	0.00383	0.04457	0.00600	0.00528
16	0.01830	0.01450	0.01544	0.05240	0.01800	0.08062	0.01078	0.17707	0.22560	0.09603	0.06582	0.02373	0.01837	0.02885	0.07271	0.00291	0.03589	0.02821	0.00574	0.00901
17	0.01335	0.07376	0.65328	0.01860	0.02772	0.01568	0.06895	0.02042	0.01372	0.02019	0.01155	0.01371	0.00830	0.00606	0.00613	0.00202	0.00949	0.00489	0.00277	0.00942
18	0.00787	0.00562	0.00750	0.00900	0.00937	0.00525	0.00600	0.00900	0.01237	0.01649	0.03561	0.76871	0.04274	0.02024	0.00825	0.00262	0.00375	0.01837	0.00600	0.00525
19	0.01122	0.00561	0.00842	0.00842	0.00842	0.00561	0.00561	0.00842	0.00842	0.01122	0.01122	0.01964	0.01122	0.02245	0.02525	0.81201	0.00561	0.00561	0.00281	0.00281
20	0.05927	0.02288	0.02114	0.03956	0.02167	0.37284	0.11222	0.07758	0.01655	0.01913	0.01055	0.01342	0.00873	0.00752	0.00931	0.00204	0.16916	0.00512	0.00349	0.00783
21	0.00874	0.00686	0.00808	0.00869	0.01043	0.00629	0.00686	0.01115	0.03216	0.01831	0.06649	0.16571	0.39219	0.01710	0.00808	0.00248	0.00418	0.21449	0.00603	0.00571
22	0.11699	0.02413	0.01767	0.01506	0.01912	0.40206	0.01177	0.26958	0.02176	0.02624	0.01184	0.01290	0.00912	0.00697	0.00584	0.00180	0.00925	0.00468	0.00453	0.00868
23	0.05558	0.02782	0.46123	0.02045	0.04516	0.06851	0.18931	0.02082	0.01426	0.02063	0.01172	0.01432	0.00858	0.00599	0.00638	0.00205	0.00975	0.00538	0.00298	0.00908
24	0.02698	0.01408	0.04742	0.01280	0.01804	0.01288	0.01094	0.23374	0.02183	0.49858	0.02192	0.01970	0.01417	0.00785	0.00647	0.00198	0.00615	0.00622	0.00731	0.01093
25	0.02513	0.01656	0.01836	0.01415	0.01923	0.01784	0.01167	0.55456	0.05246	0.17611	0.01784	0.01708	0.01227	0.00784	0.00647	0.00196	0.00673	0.00600	0.00677	0.01096
26	0.01220	0.01148	0.01938	0.75739	0.04450	0.01436	0.01794	0.01651	0.01292	0.01651	0.01148	0.01723	0.00861	0.00646	0.00646	0.00215	0.00861	0.00574	0.00287	0.00718
27	0.01296	0.03342	0.73944	0.01842	0.02797	0.01501	0.02387	0.02046	0.01364	0.02046	0.01160	0.01364	0.00818	0.00614	0.00614	0.00205	0.00955	0.00477	0.00273	0.00955
28	0.00799	0.00572	0.00761	0.00891	0.00940	0.00533	0.00601	0.00930	0.01294	0.01740	0.10206	0.69969	0.04448	0.01957	0.00819	0.00257	0.00368	0.01773	0.00610	0.00533
29	0.01987	0.01266	0.01452	0.01231	0.01627	0.01348	0.00977	0.08594	0.38980	0.23673	0.09416	0.02516	0.02197	0.00889	0.00665	0.00210	0.00519	0.00738	0.00704	0.01011
30	0.00787	0.00562	0.00750	0.00900	0.00937	0.00525	0.00600	0.00900	0.01237	0.01649	0.03561	0.76871	0.04274	0.02024	0.00825	0.00262	0.00375	0.01837	0.00600	0.00525
31	0.00777	0.00650	0.00676	0.00680	0.00884	0.00550	0.00506	0.00949	0.01489	0.01809	0.11752	0.09835	0.63966	0.01631	0.00767	0.00219	0.00328	0.01373	0.00609	0.00550
32	0.00772	0.00657	0.00667	0.00671	0.00887	0.00552	0.00508	0.00940	0.01473	0.01751	0.06447	0.06252	0.70820	0.01641	0.00768	0.00221	0.00336	0.03489	0.00600	0.00547
33	0.00940	0.00626	0.00705	0.00705	0.00705	0.00626	0.00392	0.00940	0.00940	0.01253	0.02036	0.04228	0.02349	0.77292	0.03289	0.00626	0.00626	0.00940	0.00392	0.00392
34	0.01280	0.01209	0.02046	0.64414	0.15308	0.01451	0.01824	0.01703	0.01320	0.01723	0.01159	0.01703	0.00887	0.00635	0.00645	0.00212	0.00847	0.00574	0.00292	0.00766
35	0.01038	0.00889	0.00920	0.00871	0.01134	0.00887	0.00665	0.01738	0.24034	0.02081	0.07671	0.04953	0.47927	0.01383	0.00730	0.00218	0.00385	0.01155	0.00622	0.00700
36	0.00787	0.00562	0.00750	0.00900	0.00937	0.00525	0.00600	0.00900	0.01237	0.01649	0.03561	0.76871	0.04274	0.02024	0.00825	0.00262	0.00375	0.01837	0.00600	0.00525
37	0.00940	0.00626	0.00705	0.00705	0.00705	0.00626	0.00392	0.00940	0.00940	0.01253	0.02036	0.04228	0.02349	0.77292	0.03289	0.00626	0.00626	0.00940	0.00392	0.00392
38	0.01296	0.03342	0.73944	0.01842	0.02797	0.01501	0.02387	0.02046	0.01364	0.02046	0.01160	0.01364	0.00818	0.00614	0.00614	0.00205	0.00955	0.00477	0.00273	0.00955
39	0.01727	0.77681	0.03386	0.01106	0.01658	0.02557	0.01106	0.01935	0.01313	0.01520	0.00898	0.01036	0.00829	0.00553	0.00415	0.00138	0.00691	0.00345	0.00276	0.00829
40	0.01142	0.00869	0.01043	0.00949	0.01164	0.00883	0.00726	0.06259	0.14647	0.02710	0.55442	0.04171	0.05017	0.01204	0.00735	0.00205	0.00369	0.01050	0.00697	0.00717
41	0.00940	0.00626	0.00705	0.00705	0.00705	0.00626	0.00392	0.00940	0.00940	0.01253	0.02036	0.04228	0.02349	0.77292	0.03289	0.00626	0.00626	0.00940	0.00392	0.00392
42	0.00787	0.00562	0.00750	0.00900	0.00937	0.00525	0.00600	0.00900	0.01237	0.01649	0.03561	0.76871	0.04274	0.02024	0.00825	0.00262	0.00375	0.01837	0.00600	0.00525
43	0.00787	0.00562	0.00750	0.00900	0.00937	0.00525	0.00600	0.00900	0.01237	0.01649	0.03561	0.76871	0.04274	0.02024	0.00825	0.00262	0.00375	0.01837	0.00600	0.00525
44	0.01485	0.39166	0.35951	0.01431	0.02149	0.01964	0.01673	0.01949	0.01364	0.01820	0.04821	0.01388	0.01102	0.00622	0.00525	0.00172	0.00793	0.00450	0.00298	0.00876
45	0.01727	0.77681	0.03386	0.01106	0.01658	0.02557	0.01106	0.01935	0.01313	0.01520	0.00898	0.01036	0.00829	0.00553	0.00415	0.00138	0.00691	0.00345	0.00276	0.00829
46	0.00872	0.00627	0.00842	0.00964	0.01051	0.00597	0.00722	0.01060	0.01382	0.01839	0.11501	0.46999	0.06359	0.01865	0.00835	0.00264	0.00427	0.20626	0.00611	0.00555
47	0.01502	0.01054	0.01164	0.01039	0.01365	0.01087	0.00810	0.02425	0.32863	0.14206	0.07841	0.03783	0.25891	0.01143	0.00698	0.00215	0.00445	0.00953	0.00665	0.00853
48	0.00915	0.00665	0.00865	0.00827	0.00982	0.00614	0.00629	0.01213	0.01795	0.02518	0.66199	0.05023	0.08838	0.01360	0.00769	0.00209	0.00322	0.04950	0.00700	0.00606
49	0.00787	0.00562	0.00750	0.00900	0.00937	0.00525	0.00600	0.00900	0.01237	0.01649	0.03561	0.76871	0.04274	0.02024	0.00825	0.00262	0.00375	0.01837	0.00600	0.00525
50	0.01599	0.01535	0.02623	0.03966	0.73262	0.01535	0.01983	0.01983	0.01471	0.02111	0.01215	0.01599	0.01023	0.00576	0.00640	0.00192	0.00768	0.00576	0.00320	0.01023
51	0.01220	0.01148	0.01938	0.75739	0.04450	0.01436	0.01794	0.01651	0.01292	0.01651	0.01148	0.01723	0.00861	0.00646	0.00646	0.00215	0.00861	0.00574	0.00287	0.00718
52	0.00931	0.00697	0.00895	0.01000	0.01156	0.00661	0.00830	0.01168	0.01455	0.01846	0.04354	0.14891	0.24112	0.01769	0.00847	0.00270	0.00491	0.41459	0.00597	0.00572
53	0.01807	0.01475	0.01577	0.01321	0.01751	0.01630	0.01049	0.21568	0.45330	0.03006	0.02169	0.02056	0.01620	0.00804	0.00634	0.00198	0.00562	0.00651	0.00623	0.10170
54	0.00829	0.00657	0.00745	0.00723	0.00913	0.00573	0.00543	0.01054	0.01628	0.02113	0.35382	0.05614	0.43934	0.01499	0.00763	0.00212	0.00318	0.01279	0.00648	0.00573
55	0.00791	0.00648	0.00697	0.00701	0.00893	0.00554	0.00520	0.00974	0.01513	0.01878	0.17342	0.11818	0.56197	0.01616	0.00768	0.00219	0.00327	0.01370	0.00619	0.00554
56	0.01525	0.01743	0.03813	0.02723	0.03377	0.01634	0.70915	0.02070	0.01525	0.02070	0.01307	0.01743	0.00980	0.00545	0.00763	0.00218	0.01089	0.00763	0.00327	0.00871
57	0.01340	0.01148	0.01340	0.00957	0.01531	0.00861	0.00766	0.01627	0.01340	0.02105	0.01148	0.01340	0.00957	0.00479	0.00479	0.00096	0.00479	0.00383	0.00383	0.81242
58	0.00787	0.00562	0.00750	0.00900	0.00937	0.00525	0.00600	0.00900	0.01237	0.01649	0.03561	0.76871	0.04274	0.02024	0.00825	0.00262	0.00375	0.01837	0.00600	0.00525
59	0.01204	0.00602	0.00602	0.00602	0.00753	0.00602	0.00452	0.01506	0.01355	0.02409	0.02108	0.02409	0.01656	0.00753	0.00452	0.00151	0.00301	0.00602	0.80879	0.00602
60	0.00910	0.00688	0.00843	0.00799	0.00974	0.00635	0.00601	0.01245	0.04499	0.02419	0.56330	0.05022	0.19891	0.01369	0.00758	0.00207	0.00318	0.01192	0.00686	0.00612
61	0.01041	0.00744	0.01041	0.01190	0.01339	0.00744	0.01041	0.01339	0.01487	0.01934	0.03421	0.07288	0.03719	0.01785	0.00892	0.00297	0.00595	0.68913	0.00595	0.00595
62	0.00804	0.00662	0.00709	0.00720	0.00912	0.00577	0.00531	0.01019	0.03321	0.01844	0.12797	0.15276	0.55301	0.01636	0.00769	0.00223	0.00336	0.01390	0.00613	0.00562
63	0.00875	0.00653	0.00813	0.00786	0.00944	0.00591	0.00585	0.01138	0.01716	0.02355	0.54661	0.09975	0.19659	0.01433	0.00767	0.00210	0.00314	0.01254	0.00681	0.00591
64	0.01575	0.00960	0.00998	0.00864	0.01124	0.01018	0.00682	0.22136	0.01854	0.02902	0.01943	0.02155	0.01491	0.00760	0.00509	0.00163	0.00423	0.00596	0.57097	0.00749
65	0.01373	0.01168	0.01358	0.00973	0.01545	0.00895	0.00779	0.03679	0.01390	0.02164	0.01160	0.01346	0.00961	0.00487	0.00483	0.00099	0.00485	0.00389	0.00391	0.78875
66	0.01015	0.00754	0.00962	0.01050	0.01213	0.00741	0.00868	0.03521	0.03586	0.01937	0.03928	0.15560	0.17069	0.03565	0.00902	0.00280	0.00517	0.41335	0.00595	0.00601
67	0.01675	0.61788	0.15882	0.01257	0.01873	0.04950	0.01339	0.01978	0.01341	0.01616	0.00948	0.01099	0.00827	0.00568	0.00456	0.00151	0.00755	0.00371	0.00278	0.00849
68	0.00862	0.00649	0.00799	0.00797	0.00952	0.00587	0.00594	0.01102	0.01638	0.02206	0.42520	0.14958	0.24024	0.01521	0.00776	0.00219	0.00333	0.04221	0.00661	0.00580
69	0.00940	0.00626	0.00705	0.00705	0.00705	0.00626	0.00392	0.00940	0.00940	0.01253	0.02036	0.04228	0.02349	0.77292	0.03289	0.00626	0.00626	0.00940	0.00392	0.00392
70	0.02677	0.01310	0.01608	0.01239	0.01733	0.01272	0.01021	0.24802	0.02215	0.48718	0.02381	0.02144	0.04134	0.00824	0.00653	0.00199	0.00593	0.00655	0.00743	0.01078
71	0.01807	0.01485	0.11247	0.01649	0.12680	0.01241	0.01256	0.05896	0.17091	0.21235	0.07547	0.02635	0.09590	0.00884	0.00665	0.00205	0.00595	0.00744	0.00589	0.00956
72	0.01495	0.01438	0.02393	0.18725	0.49239	0.01574	0.01867	0.01856	0.01369	0.01940	0.01152	0.01600	0.00966	0.00665	0.00839	0.00209	0.10874	0.00574	0.00308	0.00917
73	0.00923	0.00692	0.01038	0.01038	0.01154	0.00808	0.00808	0.01154	0.01038	0.01500	0.01731	0.02538	0.01615	0.04846	0.74732	0.01038	0.01731	0.00692	0.00346	0.00577
74	0.01558	0.01493	0.02549	0.11721	0.65826	0.01524	0.01963	0.01947	0.01452	0.02061	0.01208	0.01613	0.01006	0.00583	0.00640	0.00194	0.00778	0.00576	0.00316	0.00990
75	0.01001	0.00741	0.00921	0.00883	0.00898	0.00832	0.00585	0.01051	0.00960	0.01327	0.01835	0.03622	0.02049	0.57261	0.12830	0.00636	0.10882	0.00856	0.00371	0.00459
76	0.01946	0.01654	0.01645	0.01398	0.01810	0.07264	0.01107	0.25515	0.44182	0.03066	0.02154	0.02035	0.01600	0.00828	0.00648	0.00207	0.00626	0.00658	0.00629	0.01027
77	0.10632	0.32579	0.37664	0.01437	0.02169	0.01913	0.01687	0.01985	0.01314	0.01935	0.01026	0.01198	0.00809	0.00588	0.00511	0.00178	0.00798	0.00411	0.00289	0.00876
78	0.01634	0.01602	0.02589	0.03867	0.70187	0.04692	0.01951	0.02009	0.01487	0.02088	0.01206	0.01580	0.01015	0.00580	0.00637	0.00191	0.00785	0.00569	0.00320	0.01012
79	0.01122	0.00561	0.00842	0.00842	0.00842	0.00561	0.00561	0.00842	0.00842	0.01122	0.01122	0.01964	0.01122	0.02245	0.02525	0.81201	0.00561	0.00561	0.00281	0.00281
80	0.01619	0.01653	0.09937	0.03864	0.05096	0.03704	0.05975	0.05337	0.43299	0.04807	0.02221	0.02388	0.01719	0.00842	0.00669	0.00217	0.00655	0.04473	0.00557	0.00969
81	0.00901	0.00687	0.00984	0.01264	0.08887	0.00657	0.00795	0.01062	0.01288	0.01728	0.03291	0.61688	0.03863	0.01842	0.00811	0.00258	0.00440	0.08399	0.00569	0.00586
82	0.00940	0.00626	0.00705	0.00705	0.00705	0.00626	0.00392	0.00940	0.00940	0.01253	0.02036	0.04228	0.02349	0.77292	0.03289	0.00626	0.00626	0.00940	0.00392	0.00392
83	0.01557	0.01492	0.02547	0.11924	0.65632	0.01524	0.01962	0.01946	0.01451	0.02060	0.01208	0.01613	0.01005	0.00583	0.00640	0.00194	0.00778	0.00576	0.00316	0.00990
84	0.02526	0.01353	0.01617	0.01257	0.01715	0.01365	0.01023	0.31990	0.02262	0.36758	0.02021	0.01997	0.01391	0.04170	0.00867	0.04727	0.00623	0.00628	0.00688	0.01023
85	0.06705	0.05522	0.01837	0.01572	0.01906	0.55107	0.01211	0.06281	0.05492	0.01848	0.01096	0.01258	0.00901	0.00706	0.00677	0.00179	0.06111	0.00446	0.00366	0.00780
86	0.10263	0.04347	0.16868	0.01840	0.06980	0.09444	0.17724	0.04605	0.01488	0.02170	0.01157	0.01405	0.00899	0.00575	0.00591	0.00177	0.00830	0.00510	0.00346	0.17780
87	0.03651	0.15189	0.37210	0.01822	0.05491	0.10893	0.08756	0.02168	0.05368	0.01965	0.01189	0.01383	0.00908	0.00616	0.00590	0.00190	0.00907	0.00491	0.00313	0.00900
88	0.81856	0.01250	0.00950	0.00850	0.01250	0.01449	0.00700	0.01899	0.01100	0.02899	0.00900	0.01050	0.00700	0.00600	0.00400	0.00200	0.00500	0.00350	0.00400	0.00700
89	0.01122	0.00561	0.00842	0.00842	0.00842	0.00561	0.00561	0.00842	0.00842	0.01122	0.01122	0.01964	0.01122	0.02245	0.02525	0.81201	0.00561	0.00561	0.00281	0.00281
90	0.00940	0.00626	0.00705	0.00705	0.00705	0.00626	0.00392	0.00940	0.00940	0.01253	0.02036	0.04228	0.02349	0.77292	0.03289	0.00626	0.00626	0.00940	0.00392	0.00392
91	0.12950	0.01658	0.09659	0.01641	0.07906	0.01490	0.06742	0.22745	0.01991	0.24348	0.01675	0.01678	0.01150	0.00707	0.00619	0.00199	0.00695	0.00574	0.00567	0.01006
92	0.00829	0.00643	0.00837	0.00867	0.00996	0.00581	0.02616	0.01009	0.01437	0.01889	0.19113	0.39881	0.23473	0.01725	0.00793	0.00236	0.00368	0.01533	0.00616	0.00559
93	0.01102	0.00569	0.00826	0.00826	0.00826	0.00569	0.00542	0.00853	0.00853	0.01137	0.01226	0.02222	0.01262	0.10783	0.02612	0.72034	0.00569	0.00604	0.00293	0.00293
94	0.01160	0.00829	0.00960	0.00875	0.01117	0.00795	0.00672	0.04537	0.10396	0.07567	0.33985	0.04661	0.27332	0.01310	0.00737	0.00210	0.00373	0.01117	0.00671	0.00696
95	0.01950	0.06167	0.04970	0.01522	0.05850	0.09006	0.02921	0.27005	0.12123	0.04912	0.01735	0.01775	0.03964	0.00733	0.00609	0.00179	0.00696	0.00576	0.00517	0.12789
96	0.01325	0.08361	0.69181	0.01792	0.02720	0.01572	0.02301	0.02039	0.01361	0.02011	0.01142	0.01342	0.00819	0.00610	0.00600	0.00200	0.00937	0.00469	0.00273	0.00946
97	0.00787	0.00562	0.00750	0.00900	0.00937	0.00525	0.00600	0.00900	0.01237	0.01649	0.03561	0.76871	0.04274	0.02024	0.00825	0.00262	0.00375	0.01837	0.00600	0.00525
98	0.01844	0.04604	0.01821	0.17479	0.04636	0.39038	0.01325	0.02125	0.03768	0.01646	0.01280	0.06520	0.01148	0.00965	0.03912	0.00230	0.05996	0.00580	0.00346	0.00737
99	0.06232	0.04406	0.07786	0.11223	0.02331	0.22127	0.05868	0.11125	0.06531	0.12283	0.03026	0.01641	0.01172	0.00705	0.00617	0.00193	0.00847	0.00550	0.00459	0.00879
100	0.02789	0.01199	0.01552	0.01198	0.01694	0.01107	0.00987	0.11465	0.05025	0.62137	0.02431	0.02129	0.01554	0.00800	0.00650	0.00200	0.00568	0.00645	0.00775	0.01096

[dist]
# distance from previous block
# <min> <max>
0	14

[block]
# block no. 2 follows, 34 sequences, length 96
# corresponding to MSA columns:
# 247-342
name=unknown_C
#
# <colnr> <probs for GDERKNQSTAVLIFYWHMCP>
#	G	D	E	R	K	N	Q	S	T	A	V	L	I	F	Y	W	H	M	C	P
0	0.00799	0.00573	0.00768	0.00903	0.00949	0.00542	0.00610	0.00925	0.01252	0.01681	0.06341	0.70281	0.04220	0.02132	0.04412	0.00298	0.00438	0.01754	0.00592	0.00531
1	0.06354	0.08153	0.14684	0.01640	0.06305	0.09520	0.08964	0.06914	0.08450	0.09810	0.05571	0.04454	0.04804	0.00791	0.00632	0.00198	0.00748	0.00662	0.00464	0.00882
2	0.04329	0.10910	0.10758	0.01717	0.02252	0.08470	0.20175	0.10956	0.08997	0.05023	0.08585	0.01909	0.01573	0.00718	0.00645	0.00196	0.00808	0.00644	0.00448	0.00886
3	0.13070	0.05178	0.08611	0.01887	0.11452	0.31699	0.04757	0.09353	0.01699	0.02154	0.01091	0.01297	0.00873	0.00659	0.00634	0.00187	0.03725	0.00471	0.00363	0.00841
4	0.02414	0.03079	0.01831	0.01665	0.01998	0.74698	0.01248	0.02580	0.01831	0.01581	0.00999	0.01165	0.00832	0.00666	0.00583	0.00166	0.01165	0.00416	0.00333	0.00749
5	0.02396	0.01572	0.05472	0.01435	0.01957	0.01522	0.05361	0.30212	0.11091	0.29042	0.02016	0.01897	0.01369	0.00775	0.00654	0.00201	0.00662	0.00631	0.00665	0.01069
6	0.01427	0.02360	0.36068	0.01807	0.02497	0.04936	0.17099	0.03824	0.03426	0.03976	0.11569	0.01988	0.01675	0.00713	0.00664	0.00201	0.00855	0.00647	0.00388	0.03877
7	0.00923	0.00692	0.01038	0.01038	0.01154	0.00808	0.00808	0.01154	0.01038	0.01500	0.01731	0.02538	0.01615	0.04846	0.74732	0.01038	0.01731	0.00692	0.00346	0.00577
8	0.00908	0.00710	0.00829	0.00790	0.00982	0.00657	0.00595	0.01269	0.06679	0.02288	0.43524	0.05167	0.30412	0.01405	0.00755	0.00210	0.00328	0.01209	0.00667	0.00615
9	0.00940	0.00755	0.00855	0.00844	0.01043	0.00721	0.00638	0.01379	0.11591	0.02105	0.23128	0.13002	0.34198	0.01494	0.00761	0.00223	0.00366	0.04687	0.00637	0.00631
