[name]
unknown

[dist]
# distance from previous block
# <min> <max>
0	13

[block]
# block no. 0 follows, 33 sequences, length 74
# corresponding to MSA columns:
# 13-86
name=unknown_A
#
# <colnr> <probs for GDERKNQSTAVLIFYWHMCP>
#	G	D	E	R	K	N	Q	S	T	A	V	L	I	F	Y	W	H	M	C	P
0	0.01083	0.00798	0.01144	0.01368	0.05592	0.00796	0.01098	0.01383	0.01503	0.01968	0.03358	0.10124	0.03650	0.01756	0.00891	0.00295	0.00607	0.61368	0.00590	0.00629
1	0.02287	0.05031	0.01912	0.01424	0.01897	0.01912	0.01170	0.59361	0.02772	0.03711	0.01591	0.01778	0.01214	0.05546	0.05091	0.00271	0.00779	0.00610	0.00609	0.01034
2	0.01271	0.01147	0.01849	0.63288	0.04018	0.01400	0.01669	0.05611	0.01414	0.01825	0.01449	0.09479	0.01252	0.00811	0.00677	0.00223	0.00817	0.00719	0.00347	0.00734
3	0.02359	0.01789	0.01854	0.01438	0.01937	0.05071	0.01178	0.59452	0.02838	0.03820	0.01566	0.01603	0.01133	0.00766	0.00634	0.00188	0.00706	0.00575	0.05378	0.05716
4	0.68760	0.01323	0.01105	0.00951	0.01376	0.01506	0.00784	0.09116	0.01369	0.07166	0.01083	0.01191	0.00808	0.00642	0.00448	0.00203	0.00535	0.00399	0.00457	0.00779
5	0.00929	0.00671	0.00864	0.00817	0.00965	0.00620	0.00605	0.01217	0.01800	0.02535	0.66342	0.04925	0.07980	0.05750	0.00926	0.00233	0.00330	0.01183	0.00702	0.00606
6	0.02803	0.01147	0.01515	0.01171	0.01652	0.01030	0.00956	0.08210	0.01923	0.63764	0.02489	0.02311	0.01635	0.05238	0.00818	0.00229	0.00577	0.00674	0.00779	0.01078
7	0.05621	0.00708	0.00885	0.00830	0.01000	0.00671	0.00627	0.01283	0.01820	0.02658	0.68250	0.04694	0.05892	0.01303	0.00755	0.00207	0.00322	0.01142	0.00706	0.00627
8	0.02907	0.04086	0.01603	0.01170	0.01681	0.01031	0.00974	0.03160	0.01863	0.70422	0.02532	0.02195	0.01599	0.00805	0.00653	0.00201	0.00566	0.00650	0.00794	0.01110
9	0.01760	0.77260	0.03450	0.01126	0.01690	0.02605	0.01126	0.01971	0.01338	0.01549	0.00915	0.01056	0.00845	0.00563	0.00422	0.00141	0.00704	0.00352	0.00282	0.00845
10	0.01320	0.03405	0.73453	0.01876	0.02849	0.01529	0.02432	0.02085	0.01390	0.02085	0.01181	0.01390	0.00834	0.00625	0.00625	0.00208	0.00973	0.00486	0.00278	0.00973
11	0.02503	0.01844	0.01976	0.01515	0.02042	0.02042	0.01251	0.70562	0.03095	0.04149	0.01581	0.01581	0.01120	0.00790	0.00659	0.00198	0.00724	0.00593	0.00659	0.01120
12	0.00829	0.00596	0.00792	0.00940	0.00996	0.00559	0.00655	0.00965	0.01296	0.01715	0.03718	0.66664	0.06648	0.02023	0.00845	0.00270	0.00404	0.08931	0.00611	0.00543
13	0.02040	0.01873	0.02226	0.02049	0.11829	0.17944	0.14540	0.06271	0.19231	0.12511	0.01780	0.01850	0.01320	0.00721	0.00669	0.00203	0.00836	0.00637	0.00504	0.00965
14	0.02939	0.01145	0.01543	0.01183	0.01693	0.01003	0.00977	0.05460	0.01925	0.70905	0.02563	0.02219	0.01613	0.00814	0.00662	0.00203	0.00566	0.00660	0.00810	0.01120
15	0.00957	0.00638	0.00718	0.00718	0.00718	0.00638	0.00399	0.00957	0.00957	0.01276	0.02074	0.04308	0.02393	0.76864	0.03351	0.00638	0.00638	0.00957	0.00399	0.00399
16	0.02459	0.03138	0.01866	0.01696	0.02035	0.74221	0.01272	0.02629	0.01866	0.01611	0.01018	0.01187	0.00848	0.00678	0.00594	0.00170	0.01187	0.00424	0.00339	0.00763
17	0.01742	0.74199	0.06351	0.01158	0.01738	0.02560	0.01181	0.01976	0.01340	0.01571	0.00926	0.01070	0.00844	0.00566	0.00431	0.00144	0.00715	0.00358	0.00281	0.00850
18	0.00802	0.00573	0.00764	0.00917	0.00955	0.00535	0.00611	0.00917	0.01260	0.01681	0.03628	0.76434	0.04354	0.02062	0.00840	0.00267	0.00382	0.01872	0.00611	0.00535
19	0.01629	0.01564	0.02672	0.04041	0.72757	0.01564	0.02020	0.02020	0.01499	0.02151	0.01238	0.01629	0.01043	0.00587	0.00652	0.00196	0.00782	0.00587	0.00326	0.01043
20	0.00802	0.00573	0.00764	0.00917	0.00955	0.00535	0.00611	0.00917	0.01260	0.01681	0.03628	0.76434	0.04354	0.02062	0.00840	0.00267	0.00382	0.01872	0.00611	0.00535
21	0.81514	0.01273	0.00968	0.00866	0.01273	0.01477	0.00713	0.01935	0.01120	0.02954	0.00917	0.01069	0.00713	0.00611	0.00407	0.00204	0.00509	0.00356	0.00407	0.00713
22	0.01606	0.01547	0.02677	0.03880	0.66815	0.01541	0.05414	0.02002	0.01502	0.02142	0.01321	0.01837	0.01135	0.00628	0.00667	0.00201	0.00792	0.02937	0.00336	0.01020
23	0.01629	0.01564	0.02672	0.04041	0.72757	0.01564	0.02020	0.02020	0.01499	0.02151	0.01238	0.01629	0.01043	0.00587	0.00652	0.00196	0.00782	0.00587	0.00326	0.01043
24	0.00955	0.00723	0.01070	0.01062	0.01172	0.00848	0.00822	0.01178	0.01052	0.01519	0.01752	0.02626	0.01655	0.07815	0.69333	0.01019	0.03749	0.00712	0.00353	0.00584
25	0.01630	0.01559	0.02630	0.03945	0.70238	0.01567	0.01986	0.02073	0.03984	0.02172	0.01289	0.01659	0.01077	0.00597	0.00652	0.00197	0.00773	0.00592	0.00338	0.01043
26	0.00957	0.00638	0.00718	0.00718	0.00718	0.00638	0.00399	0.00957	0.00957	0.01276	0.02074	0.04308	0.02393	0.76864	0.03351	0.00638	0.00638	0.00957	0.00399	0.00399
27	0.00848	0.00670	0.00764	0.00740	0.00932	0.00586	0.00555	0.01080	0.01666	0.02170	0.36568	0.05691	0.42347	0.01521	0.00777	0.00215	0.00323	0.01299	0.00663	0.00586
28	0.00802	0.00573	0.00764	0.00917	0.00955	0.00535	0.00611	0.00917	0.01260	0.01681	0.03628	0.76434	0.04354	0.02062	0.00840	0.00267	0.00382	0.01872	0.00611	0.00535
29	0.00950	0.00667	0.00862	0.00862	0.00912	0.00717	0.00579	0.01050	0.01000	0.01383	0.01942	0.03577	0.02076	0.46341	0.33440	0.00816	0.01116	0.00850	0.00379	0.00479
30	0.56305	0.01270	0.01175	0.00985	0.01426	0.01381	0.00812	0.06572	0.01441	0.21138	0.01391	0.01403	0.00975	0.00675	0.00489	0.00203	0.00536	0.00450	0.00528	0.00843
31	0.00801	0.00578	0.00759	0.00904	0.00952	0.00536	0.00605	0.00918	0.01273	0.01686	0.03783	0.72868	0.07820	0.02042	0.00837	0.00265	0.00379	0.01847	0.00611	0.00536
32	0.02461	0.03072	0.01871	0.01687	0.02036	0.70549	0.01271	0.06085	0.01928	0.01740	0.01046	0.01207	0.00862	0.00684	0.00597	0.00171	0.01164	0.00433	0.00355	0.00781
33	0.01785	0.65510	0.10334	0.01204	0.01805	0.02403	0.01248	0.02054	0.01374	0.05716	0.01038	0.01157	0.00889	0.00584	0.00456	0.00151	0.00723	0.00383	0.00312	0.00873
34	0.02322	0.25235	0.04095	0.01390	0.01902	0.16228	0.03258	0.15041	0.01913	0.20310	0.01505	0.01510	0.01100	0.00693	0.00576	0.00177	0.00786	0.00506	0.00500	0.00954
35	0.01629	0.01564	0.02672	0.04041	0.72757	0.01564	0.02020	0.02020	0.01499	0.02151	0.01238	0.01629	0.01043	0.00587	0.00652	0.00196	0.00782	0.00587	0.00326	0.01043
36	0.01637	0.01414	0.01489	0.01340	0.01712	0.01637	0.01042	0.03498	0.71568	0.02754	0.02679	0.02456	0.02010	0.00893	0.00670	0.00223	0.00521	0.00744	0.00670	0.01042
37	0.01638	0.02803	0.49149	0.01815	0.02637	0.01593	0.07000	0.13133	0.05272	0.06629	0.01415	0.01552	0.00998	0.00671	0.00646	0.00208	0.00896	0.00548	0.00394	0.01002
38	0.00778	0.00667	0.00667	0.00667	0.00889	0.00556	0.00500	0.00945	0.01501	0.01778	0.06669	0.06336	0.72490	0.01667	0.00778	0.00222	0.00333	0.01389	0.00611	0.00556
39	0.00886	0.00671	0.00817	0.00780	0.00956	0.00602	0.00585	0.01154	0.01756	0.02385	0.52940	0.05338	0.25841	0.01441	0.00777	0.00212	0.00317	0.01249	0.00691	0.00602
40	0.00932	0.00673	0.00880	0.00828	0.00984	0.00621	0.00621	0.01242	0.01863	0.02640	0.72410	0.04918	0.06212	0.01346	0.00776	0.00207	0.00311	0.01191	0.00725	0.00621
41	0.01616	0.01550	0.02647	0.06567	0.70338	0.01561	0.02014	0.02008	0.01493	0.02134	0.01236	0.01634	0.01037	0.00589	0.00652	0.00196	0.00785	0.00587	0.00325	0.01032
42	0.01334	0.05756	0.71225	0.01853	0.02812	0.01563	0.02391	0.02081	0.01388	0.02068	0.01173	0.01379	0.00834	0.00623	0.00619	0.00206	0.00964	0.00482	0.00278	0.00969
43	0.01637	0.01420	0.01538	0.01452	0.04657	0.01634	0.01083	0.03437	0.68664	0.02729	0.02620	0.02422	0.01970	0.00880	0.00669	0.00222	0.00532	0.00738	0.00656	0.01042
44	0.02503	0.01844	0.01976	0.01515	0.02042	0.02042	0.01251	0.70562	0.03095	0.04149	0.01581	0.01581	0.01120	0.00790	0.00659	0.00198	0.00724	0.00593	0.00659	0.01120
45	0.02155	0.06223	0.01783	0.01495	0.03954	0.22353	0.01144	0.07629	0.29405	0.14033	0.01972	0.01894	0.01459	0.00784	0.00631	0.00197	0.00750	0.00602	0.00566	0.00969
46	0.01871	0.48810	0.16018	0.01311	0.01934	0.04993	0.01362	0.05639	0.01515	0.09413	0.01181	0.01276	0.00940	0.00618	0.00504	0.00164	0.00758	0.00425	0.00359	0.00909
47	0.01643	0.10328	0.07757	0.03991	0.05524	0.01543	0.30847	0.04135	0.01538	0.07146	0.01327	0.01597	0.01012	0.00576	0.00643	0.00181	0.00847	0.00597	0.00378	0.18390
48	0.02228	0.26132	0.04600	0.01401	0.01953	0.02207	0.01247	0.46454	0.02479	0.03251	0.01355	0.01406	0.01023	0.00712	0.00582	0.00180	0.00725	0.00512	0.00526	0.01027
49	0.00940	0.00705	0.01058	0.01058	0.01176	0.00823	0.00823	0.01176	0.01058	0.01528	0.01763	0.02586	0.01646	0.04937	0.74255	0.01058	0.01763	0.00705	0.00353	0.00588
50	0.01760	0.77260	0.03450	0.01126	0.01690	0.02605	0.01126	0.01971	0.01338	0.01549	0.00915	0.01056	0.00845	0.00563	0.00422	0.00141	0.00704	0.00352	0.00282	0.00845
51	0.02321	0.04258	0.05251	0.01302	0.03974	0.01208	0.01070	0.10090	0.08434	0.40408	0.12292	0.02463	0.02175	0.00869	0.00667	0.00203	0.00572	0.00714	0.00708	0.01021
52	0.00957	0.00638	0.00718	0.00718	0.00718	0.00638	0.00399	0.00957	0.00957	0.01276	0.02074	0.04308	0.02393	0.76864	0.03351	0.00638	0.00638	0.00957	0.00399	0.00399
53	0.00802	0.00573	0.00764	0.00917	0.00955	0.00535	0.00611	0.00917	0.01260	0.01681	0.03628	0.76434	0.04354	0.02062	0.00840	0.00267	0.00382	0.01872	0.00611	0.00535
54	0.05464	0.03208	0.66964	0.01797	0.02724	0.01504	0.02288	0.02121	0.01395	0.04899	0.01223	0.01407	0.00859	0.00632	0.00616	0.00208	0.00933	0.00487	0.00305	0.00965
55	0.01627	0.01571	0.02711	0.04000	0.70522	0.01567	0.04224	0.02023	0.01501	0.02149	0.01241	0.01634	0.01041	0.00586	0.00656	0.00196	0.00793	0.00593	0.00326	0.01038
56	0.00802	0.00573	0.00764	0.00917	0.00955	0.00535	0.00611	0.00917	0.01260	0.01681	0.03628	0.76434	0.04354	0.02062	0.00840	0.00267	0.00382	0.01872	0.00611	0.00535
57	0.01365	0.01170	0.01365	0.00975	0.01560	0.00878	0.00780	0.01658	0.01365	0.02145	0.01170	0.01365	0.00975	0.00488	0.00488	0.00098	0.00488	0.00390	0.00390	0.80888
58	0.01320	0.03405	0.73453	0.01876	0.02849	0.01529	0.02432	0.02085	0.01390	0.02085	0.01181	0.01390	0.00834	0.00625	0.00625	0.00208	0.00973	0.00486	0.00278	0.00973
59	0.02265	0.20040	0.04401	0.01572	0.01981	0.55690	0.01274	0.02462	0.01731	0.01611	0.00999	0.01163	0.00847	0.00651	0.00556	0.00164	0.01071	0.00409	0.00324	0.00788
60	0.01715	0.69639	0.10673	0.01204	0.01809	0.02494	0.01261	0.01983	0.01343	0.01604	0.00943	0.01090	0.00844	0.00570	0.00443	0.00148	0.00732	0.00366	0.00281	0.00858
61	0.01227	0.00614	0.00614	0.00614	0.00767	0.00614	0.00460	0.01534	0.01381	0.02454	0.02148	0.02454	0.01687	0.00767	0.00460	0.00153	0.00307	0.00614	0.80518	0.00614
62	0.00802	0.00573	0.00764	0.00917	0.00955	0.00535	0.00611	0.00917	0.01260	0.01681	0.03628	0.76434	0.04354	0.02062	0.00840	0.00267	0.00382	0.01872	0.00611	0.00535
63	0.00940	0.00705	0.01058	0.01058	0.01176	0.00823	0.00823	0.01176	0.01058	0.01528	0.01763	0.02586	0.01646	0.04937	0.74255	0.01058	0.01763	0.00705	0.00353	0.00588
64	0.02893	0.01107	0.01508	0.01161	0.01660	0.00957	0.00957	0.03149	0.01884	0.71085	0.04703	0.02321	0.01768	0.00831	0.00665	0.00204	0.00553	0.00678	0.00812	0.01105
65	0.00881	0.00671	0.00809	0.00774	0.00952	0.00599	0.00581	0.01143	0.01743	0.02353	0.50516	0.05390	0.28285	0.01453	0.00777	0.00212	0.00318	0.01257	0.00687	0.00599
66	0.00940	0.00705	0.01058	0.01058	0.01176	0.00823	0.00823	0.01176	0.01058	0.01528	0.01763	0.02586	0.01646	0.04937	0.74255	0.01058	0.01763	0.00705	0.00353	0.00588
67	0.01760	0.77260	0.03450	0.01126	0.01690	0.02605	0.01126	0.01971	0.01338	0.01549	0.00915	0.01056	0.00845	0.00563	0.00422	0.00141	0.00704	0.00352	0.00282	0.00845
68	0.00957	0.00638	0.00718	0.00718	0.00718	0.00638	0.00399	0.00957	0.00957	0.01276	0.02074	0.04308	0.02393	0.76864	0.03351	0.00638	0.00638	0.00957	0.00399	0.00399
69	0.01320	0.03405	0.73453	0.01876	0.02849	0.01529	0.02432	0.02085	0.01390	0.02085	0.01181	0.01390	0.00834	0.00625	0.00625	0.00208	0.00973	0.00486	0.00278	0.00973
70	0.00940	0.00705	0.01058	0.01058	0.01176	0.00823	0.00823	0.01176	0.01058	0.01528	0.01763	0.02586	0.01646	0.04937	0.74255	0.01058	0.01763	0.00705	0.00353	0.00588
71	0.01366	0.07565	0.63487	0.01909	0.02832	0.01603	0.08110	0.02080	0.01401	0.02056	0.01179	0.01403	0.00849	0.00616	0.00626	0.00206	0.00969	0.00503	0.00283	0.00958
72	0.00791	0.00644	0.00700	0.00735	0.00909	0.00554	0.00533	0.00951	0.01458	0.01793	0.08826	0.23360	0.52959	0.01749	0.00793	0.00233	0.00344	0.01498	0.00616	0.00554
73	0.30640	0.01943	0.01556	0.01306	0.01741	0.20921	0.01043	0.24107	0.01980	0.05071	0.01214	0.01308	0.00914	0.00689	0.00547	0.00190	0.00759	0.00460	0.00481	0.03132

[dist]
# distance from previous block
# <min> <max>
0	1

[block]
# block no. 1 follows, 33 sequences, length 66
# corresponding to MSA columns:
# 88-153
name=unknown_B
#
# <colnr> <probs for GDERKNQSTAVLIFYWHMCP>
#	G	D	E	R	K	N	Q	S	T	A	V	L	I	F	Y	W	H	M	C	P
0	0.05211	0.02475	0.01761	0.01545	0.01929	0.45250	0.01189	0.11309	0.12855	0.08019	0.01473	0.01516	0.01122	0.00735	0.00613	0.00185	0.00950	0.00512	0.00472	0.00879
1	0.01320	0.03405	0.73453	0.01876	0.02849	0.01529	0.02432	0.02085	0.01390	0.02085	0.01181	0.01390	0.00834	0.00625	0.00625	0.00208	0.00973	0.00486	0.00278	0.00973
2	0.81514	0.01273	0.00968	0.00866	0.01273	0.01477	0.00713	0.01935	0.01120	0.02954	0.00917	0.01069	0.00713	0.00611	0.00407	0.00204	0.00509	0.00356	0.00407	0.00713
3	0.01629	0.01564	0.02672	0.04041	0.72757	0.01564	0.02020	0.02020	0.01499	0.02151	0.01238	0.01629	0.01043	0.00587	0.00652	0.00196	0.00782	0.00587	0.00326	0.01043
4	0.01243	0.01170	0.01975	0.75282	0.04534	0.01463	0.01828	0.01682	0.01316	0.01682	0.01170	0.01755	0.00878	0.00658	0.00658	0.00219	0.00878	0.00585	0.00293	0.00731
5	0.02503	0.01844	0.01976	0.01515	0.02042	0.02042	0.01251	0.70562	0.03095	0.04149	0.01581	0.01581	0.01120	0.00790	0.00659	0.00198	0.00724	0.00593	0.00659	0.01120
6	0.01629	0.01564	0.02672	0.04041	0.72757	0.01564	0.02020	0.02020	0.01499	0.02151	0.01238	0.01629	0.01043	0.00587	0.00652	0.00196	0.00782	0.00587	0.00326	0.01043
7	0.00778	0.00667	0.00667	0.00667	0.00889	0.00556	0.00500	0.00945	0.01501	0.01778	0.06669	0.06336	0.72490	0.01667	0.00778	0.00222	0.00333	0.01389	0.00611	0.00556
8	0.00898	0.00672	0.00834	0.00793	0.00963	0.00607	0.00595	0.01178	0.01785	0.02453	0.58173	0.05225	0.20565	0.01415	0.00777	0.00210	0.00316	0.01234	0.00700	0.00607
9	0.00957	0.00638	0.00718	0.00718	0.00718	0.00638	0.00399	0.00957	0.00957	0.01276	0.02074	0.04308	0.02393	0.76864	0.03351	0.00638	0.00638	0.00957	0.00399	0.00399
10	0.00931	0.00657	0.00806	0.00811	0.00865	0.00676	0.00529	0.01013	0.01046	0.01405	0.02473	0.06621	0.08765	0.47959	0.21998	0.00699	0.00902	0.00963	0.00414	0.00469
11	0.01637	0.01414	0.01489	0.01340	0.01712	0.01637	0.01042	0.03498	0.71568	0.02754	0.02679	0.02456	0.02010	0.00893	0.00670	0.00223	0.00521	0.00744	0.00670	0.01042
12	0.01144	0.00572	0.00858	0.00858	0.00858	0.00572	0.00572	0.00858	0.00858	0.01144	0.01144	0.02001	0.01144	0.02287	0.02573	0.80846	0.00572	0.00572	0.00286	0.00286
13	0.02517	0.01821	0.01961	0.01504	0.02030	0.02007	0.01242	0.68424	0.03057	0.06341	0.01613	0.01602	0.01136	0.00791	0.00659	0.00198	0.00719	0.00595	0.00664	0.01120
14	0.01365	0.01170	0.01365	0.00975	0.01560	0.00878	0.00780	0.01658	0.01365	0.02145	0.01170	0.01365	0.00975	0.00488	0.00488	0.00098	0.00488	0.00390	0.00390	0.80888
15	0.01760	0.77260	0.03450	0.01126	0.01690	0.02605	0.01126	0.01971	0.01338	0.01549	0.00915	0.01056	0.00845	0.00563	0.00422	0.00141	0.00704	0.00352	0.00282	0.00845
16	0.01630	0.01430	0.01473	0.01328	0.01690	0.03609	0.01030	0.03377	0.66634	0.02717	0.05633	0.02527	0.02158	0.00907	0.00672	0.00221	0.00530	0.00755	0.00663	0.01016
17	0.02954	0.01120	0.01528	0.01171	0.01681	0.00968	0.00968	0.03208	0.01884	0.73213	0.02597	0.02241	0.01630	0.00815	0.00662	0.00204	0.00560	0.00662	0.00815	0.01120
18	0.01428	0.01207	0.01399	0.01005	0.01587	0.00942	0.00806	0.05451	0.01460	0.02256	0.01193	0.01377	0.00983	0.00504	0.00497	0.00103	0.00501	0.00401	0.00405	0.76497
19	0.00888	0.00671	0.00819	0.00782	0.00957	0.00602	0.00587	0.01157	0.01760	0.02394	0.53615	0.05323	0.25160	0.01438	0.00777	0.00211	0.00317	0.01247	0.00692	0.00602
20	0.01243	0.01170	0.01975	0.75282	0.04534	0.01463	0.01828	0.01682	0.01316	0.01682	0.01170	0.01755	0.00878	0.00658	0.00658	0.00219	0.00878	0.00585	0.00293	0.00731
21	0.02525	0.01670	0.01857	0.01420	0.01947	0.01775	0.01172	0.54045	0.02771	0.17086	0.01750	0.01693	0.01208	0.00778	0.00650	0.00193	0.00680	0.00595	0.00673	0.05511
22	0.01629	0.01564	0.02672	0.04041	0.72757	0.01564	0.02020	0.02020	0.01499	0.02151	0.01238	0.01629	0.01043	0.00587	0.00652	0.00196	0.00782	0.00587	0.00326	0.01043
23	0.01061	0.00758	0.01061	0.01212	0.01364	0.00758	0.01061	0.01364	0.01515	0.01970	0.03486	0.07426	0.03789	0.01819	0.00909	0.00303	0.00606	0.68326	0.00606	0.00606
24	0.00932	0.00673	0.00880	0.00828	0.00984	0.00621	0.00621	0.01242	0.01863	0.02640	0.72410	0.04918	0.06212	0.01346	0.00776	0.00207	0.00311	0.01191	0.00725	0.00621
25	0.00940	0.00705	0.01058	0.01058	0.01176	0.00823	0.00823	0.01176	0.01058	0.01528	0.01763	0.02586	0.01646	0.04937	0.74255	0.01058	0.01763	0.00705	0.00353	0.00588
26	0.02954	0.01120	0.01528	0.01171	0.01681	0.00968	0.00968	0.03208	0.01884	0.73213	0.02597	0.02241	0.01630	0.00815	0.00662	0.00204	0.00560	0.00662	0.00815	0.01120
27	0.02544	0.01777	0.01934	0.01483	0.02008	0.01942	0.01225	0.64316	0.02983	0.10554	0.01675	0.01642	0.01167	0.00793	0.00659	0.00198	0.00709	0.00599	0.00673	0.01120
28	0.02503	0.01844	0.01976	0.01515	0.02042	0.02042	0.01251	0.70562	0.03095	0.04149	0.01581	0.01581	0.01120	0.00790	0.00659	0.00198	0.00724	0.00593	0.00659	0.01120
29	0.01629	0.01564	0.02672	0.04041	0.72757	0.01564	0.02020	0.02020	0.01499	0.02151	0.01238	0.01629	0.01043	0.00587	0.00652	0.00196	0.00782	0.00587	0.00326	0.01043
30	0.01760	0.77260	0.03450	0.01126	0.01690	0.02605	0.01126	0.01971	0.01338	0.01549	0.00915	0.01056	0.00845	0.00563	0.00422	0.00141	0.00704	0.00352	0.00282	0.00845
31	0.02954	0.01120	0.01528	0.01171	0.01681	0.00968	0.00968	0.03208	0.01884	0.73213	0.02597	0.02241	0.01630	0.00815	0.00662	0.00204	0.00560	0.00662	0.00815	0.01120
32	0.00802	0.00573	0.00764	0.00917	0.00955	0.00535	0.00611	0.00917	0.01260	0.01681	0.03628	0.76434	0.04354	0.02062	0.00840	0.00267	0.00382	0.01872	0.00611	0.00535
33	0.01264	0.01192	0.02013	0.71360	0.08290	0.01468	0.01839	0.01701	0.01326	0.01708	0.01174	0.01748	0.00887	0.00654	0.00658	0.00218	0.00872	0.00585	0.00294	0.00748
34	0.01259	0.01186	0.02003	0.72371	0.07322	0.01467	0.01836	0.01696	0.01324	0.01701	0.01173	0.01750	0.00884	0.00655	0.00658	0.00218	0.00874	0.00585	0.00294	0.00744
35	0.02918	0.01177	0.01563	0.01198	0.01709	0.01052	0.00990	0.08493	0.01979	0.67794	0.02517	0.02189	0.01590	0.00813	0.00662	0.00203	0.00573	0.00657	0.00803	0.01120
36	0.00802	0.00573	0.00764	0.00917	0.00955	0.00535	0.00611	0.00917	0.01260	0.01681	0.03628	0.76434	0.04354	0.02062	0.00840	0.00267	0.00382	0.01872	0.00611	0.00535
37	0.02411	0.03037	0.01844	0.01675	0.02016	0.69968	0.01259	0.02680	0.05950	0.01678	0.01115	0.01262	0.00916	0.00691	0.00598	0.00173	0.01148	0.00443	0.00359	0.00780
38	0.81514	0.01273	0.00968	0.00866	0.01273	0.01477	0.00713	0.01935	0.01120	0.02954	0.00917	0.01069	0.00713	0.00611	0.00407	0.00204	0.00509	0.00356	0.00407	0.00713
39	0.00897	0.00672	0.00832	0.00792	0.00962	0.00607	0.00594	0.01176	0.01782	0.02447	0.57723	0.05234	0.21019	0.01418	0.00777	0.00210	0.00316	0.01235	0.00699	0.00607
40	0.02453	0.01585	0.01795	0.01399	0.01885	0.01700	0.01151	0.49822	0.02649	0.18574	0.01813	0.01814	0.01277	0.01180	0.07485	0.00279	0.00786	0.00618	0.00663	0.01070
41	0.02052	0.01351	0.01515	0.01263	0.01678	0.01445	0.01009	0.18553	0.30999	0.19284	0.05613	0.02525	0.05770	0.00910	0.00670	0.00210	0.00552	0.00742	0.02839	0.01022
42	0.01736	0.73194	0.07304	0.01168	0.01754	0.02546	0.01198	0.01978	0.01341	0.01578	0.00930	0.01074	0.00844	0.00567	0.00434	0.00145	0.00719	0.00359	0.00281	0.00852
43	0.00832	0.00669	0.00742	0.00724	0.00923	0.00579	0.00543	0.01050	0.01629	0.02083	0.29931	0.05834	0.49037	0.01554	0.00777	0.00217	0.00325	0.01319	0.00651	0.00579
44	0.01554	0.01776	0.03885	0.02775	0.03441	0.01665	0.70366	0.02109	0.01554	0.02109	0.01332	0.01776	0.00999	0.00555	0.00777	0.00222	0.01110	0.00777	0.00333	0.00888
45	0.81514	0.01273	0.00968	0.00866	0.01273	0.01477	0.00713	0.01935	0.01120	0.02954	0.00917	0.01069	0.00713	0.00611	0.00407	0.00204	0.00509	0.00356	0.00407	0.00713
46	0.01637	0.01414	0.01489	0.01340	0.01712	0.01637	0.01042	0.03498	0.71568	0.02754	0.02679	0.02456	0.02010	0.00893	0.00670	0.00223	0.00521	0.00744	0.00670	0.01042
47	0.01748	0.74365	0.03395	0.01149	0.01691	0.02582	0.01138	0.01956	0.01325	0.01550	0.00913	0.01071	0.00846	0.00586	0.00489	0.00146	0.03566	0.00361	0.00282	0.00840
48	0.00957	0.00641	0.00731	0.00731	0.00735	0.00645	0.00415	0.00966	0.00961	0.01286	0.02062	0.04242	0.02365	0.74117	0.06058	0.00654	0.00681	0.00948	0.00397	0.00406
49	0.02527	0.01805	0.01951	0.01496	0.02022	0.01983	0.01236	0.66909	0.03030	0.07895	0.01636	0.01616	0.01147	0.00792	0.00659	0.00198	0.00716	0.00596	0.00667	0.01120
50	0.01320	0.03405	0.73453	0.01876	0.02849	0.01529	0.02432	0.02085	0.01390	0.02085	0.01181	0.01390	0.00834	0.00625	0.00625	0.00208	0.00973	0.00486	0.00278	0.00973
51	0.00932	0.00673	0.00880	0.00828	0.00984	0.00621	0.00621	0.01242	0.01863	0.02640	0.72410	0.04918	0.06212	0.01346	0.00776	0.00207	0.00311	0.01191	0.00725	0.00621
52	0.02750	0.01447	0.01730	0.01327	0.01844	0.01453	0.01096	0.33653	0.02432	0.41996	0.02138	0.01942	0.01399	0.00804	0.00660	0.00201	0.00634	0.00631	0.00744	0.01120
53	0.00942	0.00699	0.01028	0.01028	0.01136	0.00807	0.00786	0.01157	0.01049	0.01506	0.01790	0.02736	0.01711	0.11205	0.68076	0.01021	0.01665	0.00727	0.00357	0.00571
54	0.01414	0.19205	0.58477	0.01716	0.02601	0.01759	0.02153	0.02061	0.01379	0.01970	0.01124	0.01318	0.00836	0.00612	0.00582	0.00194	0.00915	0.00458	0.00279	0.00946
55	0.02154	0.15021	0.02054	0.01373	0.01854	0.04197	0.01146	0.31285	0.22652	0.08783	0.01849	0.01785	0.01364	0.00779	0.00618	0.00195	0.00663	0.00595	0.00598	0.01037
56	0.00917	0.00672	0.00860	0.00813	0.00975	0.00615	0.00610	0.01215	0.01830	0.02560	0.66313	0.05049	0.12358	0.01376	0.00777	0.00208	0.00313	0.01209	0.00714	0.00615
57	0.00802	0.00573	0.00764	0.00917	0.00955	0.00535	0.00611	0.00917	0.01260	0.01681	0.03628	0.76434	0.04354	0.02062	0.00840	0.00267	0.00382	0.01872	0.00611	0.00535
58	0.01569	0.19472	0.51353	0.01646	0.02485	0.01714	0.02009	0.02164	0.01424	0.08563	0.01254	0.01395	0.00910	0.00629	0.00584	0.00193	0.00875	0.00473	0.00329	0.00958
59	0.01506	0.01434	0.02412	0.26723	0.48729	0.01534	0.01928	0.01959	0.03636	0.02020	0.01262	0.01695	0.01020	0.00619	0.00654	0.00204	0.00804	0.00591	0.00326	0.00943
60	0.00932	0.00673	0.00880	0.00828	0.00984	0.00621	0.00621	0.01242	0.01863	0.02640	0.72410	0.04918	0.06212	0.01346	0.00776	0.00207	0.00311	0.01191	0.00725	0.00621
61	0.02375	0.01779	0.01930	0.04272	0.02105	0.01982	0.01254	0.61753	0.09379	0.03927	0.01667	0.01668	0.01193	0.00795	0.00660	0.00201	0.00711	0.00606	0.00646	0.01098
62	0.01422	0.01334	0.02255	0.52604	0.14338	0.01539	0.08171	0.06831	0.01496	0.01972	0.01225	0.01726	0.00931	0.00648	0.00668	0.00215	0.00874	0.00604	0.00328	0.00820
63	0.56864	0.01375	0.01214	0.01035	0.01464	0.01562	0.00847	0.13760	0.08026	0.06595	0.01275	0.01342	0.00947	0.00678	0.00487	0.00204	0.00549	0.00447	0.00494	0.00832
64	0.02705	0.01164	0.01555	0.01299	0.04713	0.01062	0.01004	0.05155	0.06985	0.59921	0.02492	0.02294	0.01648	0.03917	0.00772	0.00222	0.00575	0.00675	0.00761	0.01082
65	0.59096	0.01306	0.01241	0.01084	0.01399	0.01583	0.00897	0.01907	0.01127	0.05651	0.00976	0.01208	0.00788	0.00749	0.00835	0.00224	0.18379	0.00422	0.00397	0.00732

[dist]
# distance from previous block
# <min> <max>
0	2

# created by:
# /home/berkeley/.conda/envs/busco_data_prod/bin/msa2prfl.pl pipeline/OGs_align_augustus/4893/13118.fs
