[name]
unknown

[dist]
# distance from previous block
# <min> <max>
15	75

[block]
# block no. 0 follows, 34 sequences, length 30
# corresponding to MSA columns:
# 89-118
name=unknown_A
#
# <colnr> <probs for GDERKNQSTAVLIFYWHMCP>
#	G	D	E	R	K	N	Q	S	T	A	V	L	I	F	Y	W	H	M	C	P
0	0.04383	0.01505	0.02066	0.23337	0.19890	0.08323	0.06813	0.07439	0.05096	0.02082	0.01728	0.02026	0.07411	0.00755	0.00720	0.00207	0.04358	0.00645	0.00381	0.00836
1	0.06563	0.05244	0.02189	0.18602	0.02629	0.05226	0.18551	0.08001	0.04230	0.02079	0.01535	0.01975	0.03973	0.05770	0.03684	0.00259	0.02643	0.00642	0.00380	0.05825
2	0.01249	0.01061	0.01565	0.15050	0.19448	0.01132	0.01219	0.05255	0.07591	0.02043	0.08805	0.20658	0.02460	0.05639	0.03692	0.00274	0.00647	0.00981	0.00472	0.00758
3	0.01378	0.01119	0.01500	0.17719	0.07635	0.03966	0.02980	0.07817	0.07833	0.04741	0.09135	0.14495	0.03721	0.04215	0.00938	0.06013	0.00632	0.02945	0.00488	0.00729
4	0.04751	0.28610	0.10318	0.01213	0.01637	0.04454	0.02689	0.10315	0.01513	0.01989	0.01755	0.20525	0.01809	0.04822	0.00728	0.00214	0.00660	0.00810	0.00418	0.00771
5	0.04318	0.01152	0.01606	0.27453	0.09084	0.02686	0.01284	0.04613	0.07353	0.06556	0.04038	0.08840	0.04356	0.04581	0.00959	0.03510	0.05667	0.00759	0.00432	0.00751
6	0.00947	0.00734	0.00835	0.00874	0.00965	0.03598	0.00604	0.01098	0.02773	0.01652	0.09650	0.28168	0.12213	0.19299	0.08257	0.03538	0.00593	0.03162	0.00517	0.00522
7	0.01341	0.00904	0.01039	0.00934	0.01203	0.00870	0.00711	0.07479	0.09762	0.10163	0.12204	0.14981	0.19056	0.04159	0.00793	0.00221	0.00431	0.01054	0.05974	0.06721
8	0.01524	0.01393	0.02211	0.19390	0.30015	0.01482	0.07780	0.09357	0.07917	0.02283	0.06223	0.02084	0.04010	0.00724	0.00667	0.00204	0.00743	0.00674	0.00414	0.00904
9	0.01299	0.01021	0.01209	0.08877	0.01612	0.03769	0.00864	0.07221	0.05121	0.05540	0.14260	0.18900	0.07010	0.03390	0.02733	0.00232	0.00546	0.00982	0.00541	0.14873
10	0.38396	0.01043	0.01012	0.00917	0.01227	0.01139	0.00726	0.06929	0.01370	0.09906	0.01720	0.11783	0.01520	0.01226	0.07140	0.00276	0.00586	0.00665	0.11695	0.00722
11	0.01244	0.00767	0.00945	0.00917	0.01111	0.00724	0.00678	0.01570	0.07783	0.13734	0.14770	0.26222	0.15965	0.06920	0.00939	0.00258	0.00422	0.03716	0.00640	0.00674
12	0.01180	0.00825	0.00957	0.00894	0.01117	0.00785	0.00675	0.10910	0.01738	0.07027	0.19211	0.21314	0.27922	0.01482	0.00753	0.00221	0.00402	0.01274	0.00644	0.00669
13	0.04202	0.00671	0.00830	0.00882	0.00995	0.00642	0.00621	0.03564	0.01377	0.03789	0.11462	0.46527	0.12088	0.01780	0.00917	0.06643	0.00398	0.01466	0.00586	0.00561
14	0.01266	0.00893	0.01051	0.00965	0.01200	0.00890	0.00735	0.08405	0.11853	0.07647	0.30217	0.15235	0.14422	0.01321	0.00738	0.00216	0.00406	0.01143	0.00670	0.00729
15	0.13859	0.00813	0.00957	0.00959	0.01154	0.00806	0.00704	0.01597	0.04681	0.15029	0.02873	0.44266	0.03055	0.03551	0.00787	0.00250	0.00445	0.02935	0.00602	0.00679
16	0.00826	0.00589	0.00756	0.00850	0.00905	0.00552	0.00567	0.00951	0.01285	0.01726	0.13110	0.53702	0.06722	0.12881	0.01173	0.00306	0.00400	0.01596	0.00585	0.00518
17	0.00842	0.00645	0.00777	0.00806	0.00958	0.00580	0.00602	0.01053	0.01539	0.02016	0.27188	0.20994	0.30367	0.01630	0.00788	0.00230	0.00354	0.07428	0.00636	0.00566
18	0.01055	0.00575	0.00805	0.00819	0.00822	0.00571	0.00530	0.00867	0.00897	0.01196	0.01528	0.09114	0.01656	0.17684	0.02531	0.57382	0.00558	0.00753	0.00332	0.00325
19	0.55068	0.01339	0.01172	0.00999	0.01411	0.01518	0.00818	0.17034	0.05115	0.03069	0.01505	0.01572	0.05671	0.00721	0.00491	0.00201	0.00535	0.00487	0.00480	0.00793
20	0.02005	0.01326	0.01496	0.01221	0.01645	0.01380	0.00978	0.22983	0.21118	0.17479	0.04415	0.05082	0.03869	0.00871	0.00641	0.00195	0.00550	0.00709	0.03882	0.08155
21	0.00948	0.00665	0.00832	0.00808	0.00957	0.00638	0.00598	0.01176	0.01487	0.03681	0.32074	0.06790	0.17937	0.08849	0.14111	0.00391	0.00599	0.01076	0.05804	0.00579
22	0.00932	0.00677	0.00848	0.00896	0.01003	0.00648	0.00630	0.05658	0.01501	0.02024	0.19822	0.47941	0.08850	0.04316	0.00878	0.00254	0.00386	0.01536	0.00622	0.00580
23	0.00890	0.00635	0.00782	0.00841	0.00910	0.00607	0.00560	0.03071	0.01306	0.01747	0.12000	0.42525	0.08502	0.20875	0.01429	0.00342	0.00437	0.01457	0.00563	0.00520
24	0.00898	0.00633	0.00755	0.00805	0.00917	0.00577	0.00559	0.01026	0.01312	0.04204	0.07050	0.33327	0.25118	0.15566	0.01250	0.00312	0.00418	0.04167	0.00573	0.00534
25	0.01692	0.01612	0.02101	0.17848	0.31850	0.10915	0.01604	0.13097	0.01713	0.02224	0.01437	0.08277	0.01267	0.00763	0.00651	0.00200	0.00794	0.00668	0.00393	0.00893
26	0.01500	0.01350	0.06121	0.01172	0.01515	0.02844	0.00970	0.19151	0.19377	0.02587	0.07342	0.08035	0.14163	0.07904	0.00927	0.00251	0.00564	0.02816	0.00587	0.00824
27	0.08123	0.00918	0.05678	0.00872	0.01118	0.00767	0.00715	0.01303	0.06046	0.02077	0.17770	0.18614	0.30772	0.01440	0.00726	0.00221	0.00401	0.01227	0.00586	0.00626
28	0.09388	0.03842	0.04364	0.01363	0.05162	0.06924	0.03116	0.13298	0.08321	0.02415	0.01542	0.06884	0.01329	0.01104	0.07192	0.00249	0.00736	0.00601	0.00450	0.21717
29	0.05420	0.01391	0.01700	0.01444	0.03235	0.04909	0.06363	0.20221	0.04494	0.06821	0.04534	0.10443	0.04282	0.04047	0.02840	0.00254	0.13215	0.00786	0.00509	0.03091

[dist]
# distance from previous block
# <min> <max>
9	28

[block]
# block no. 1 follows, 34 sequences, length 36
# corresponding to MSA columns:
# 148-183
name=unknown_B
#
# <colnr> <probs for GDERKNQSTAVLIFYWHMCP>
#	G	D	E	R	K	N	Q	S	T	A	V	L	I	F	Y	W	H	M	C	P
0	0.07034	0.01297	0.01503	0.01271	0.04554	0.01314	0.02240	0.25181	0.01883	0.02714	0.05607	0.04824	0.04175	0.08817	0.00940	0.00222	0.03545	0.00661	0.00501	0.21717
1	0.01846	0.05898	0.01976	0.09793	0.10639	0.23776	0.05732	0.09586	0.03671	0.05014	0.01480	0.07344	0.01298	0.03383	0.02683	0.00225	0.00874	0.00639	0.00410	0.03733
2	0.01312	0.00989	0.01225	0.04023	0.01400	0.01089	0.00865	0.08641	0.10726	0.05884	0.20381	0.05531	0.09177	0.08560	0.09025	0.00345	0.08644	0.00904	0.00558	0.00720
3	0.06928	0.01392	0.01426	0.01263	0.01629	0.04427	0.00987	0.06848	0.50180	0.08462	0.04842	0.04989	0.01991	0.00895	0.00646	0.00214	0.00539	0.00734	0.00638	0.00969
4	0.01672	0.07171	0.12058	0.10595	0.32384	0.07657	0.01712	0.07592	0.01619	0.04882	0.05515	0.01716	0.01279	0.00664	0.00624	0.00191	0.00791	0.00571	0.00376	0.00929
5	0.04576	0.40372	0.03973	0.01277	0.01792	0.15207	0.03706	0.05580	0.03605	0.01857	0.01057	0.01203	0.00896	0.00586	0.00489	0.00149	0.00756	0.00405	0.00338	0.12177
6	0.70576	0.01388	0.04048	0.00999	0.01438	0.01494	0.03345	0.06388	0.01251	0.02911	0.00967	0.01120	0.00741	0.00610	0.00438	0.00200	0.00553	0.00385	0.00408	0.00742
7	0.01332	0.01143	0.01775	0.04596	0.21857	0.01172	0.07454	0.09550	0.01535	0.02124	0.02221	0.31817	0.02343	0.01207	0.00775	0.00225	0.03491	0.01099	0.03501	0.00780
8	0.01329	0.01078	0.01142	0.01105	0.01280	0.11144	0.03509	0.04410	0.01475	0.08575	0.05003	0.43994	0.05576	0.06111	0.00909	0.00257	0.00557	0.01338	0.00563	0.00644
9	0.01524	0.01452	0.02455	0.06615	0.65220	0.01458	0.01870	0.01892	0.01456	0.02062	0.01498	0.04401	0.03875	0.00669	0.00651	0.00196	0.00741	0.00650	0.00339	0.00976
10	0.00865	0.00659	0.00796	0.00761	0.00935	0.00589	0.00571	0.01124	0.01713	0.02316	0.51355	0.05279	0.27834	0.01423	0.00763	0.00208	0.00312	0.01232	0.00675	0.00589
11	0.02299	0.05752	0.01896	0.01444	0.01903	0.12800	0.01173	0.46988	0.07475	0.06023	0.01635	0.04773	0.01261	0.00809	0.00634	0.00192	0.00744	0.00612	0.00585	0.01003
12	0.00928	0.00630	0.00750	0.00769	0.00788	0.00637	0.00470	0.00969	0.00996	0.01336	0.02203	0.10934	0.02517	0.61362	0.09017	0.00615	0.00695	0.03542	0.00415	0.00427
13	0.01760	0.07806	0.38408	0.04135	0.02391	0.08236	0.01770	0.08741	0.05122	0.11523	0.01417	0.01513	0.01011	0.00665	0.00605	0.00193	0.00843	0.00508	0.00405	0.02949
14	0.02258	0.04594	0.01782	0.01529	0.01857	0.49975	0.01176	0.07729	0.01826	0.08487	0.02812	0.05563	0.01225	0.00802	0.00703	0.00184	0.05733	0.00552	0.00418	0.00793
15	0.00901	0.00673	0.00842	0.00828	0.00982	0.00626	0.00617	0.01209	0.03991	0.02323	0.49305	0.14350	0.15967	0.01460	0.00771	0.00217	0.00333	0.03330	0.00674	0.00602
16	0.01236	0.01165	0.01967	0.72670	0.07393	0.01440	0.01802	0.01665	0.01300	0.01671	0.01151	0.01717	0.00868	0.00643	0.00646	0.00214	0.00857	0.00574	0.00289	0.00731
17	0.06425	0.02925	0.01817	0.01714	0.04771	0.68084	0.01249	0.02522	0.01780	0.01669	0.01002	0.01176	0.00833	0.00659	0.00576	0.00169	0.01116	0.00419	0.00336	0.00757
18	0.33463	0.07759	0.04915	0.02820	0.05533	0.11455	0.07381	0.12482	0.01609	0.05459	0.01146	0.01302	0.00874	0.00635	0.00531	0.00191	0.00731	0.00464	0.00416	0.00836
19	0.01574	0.01363	0.01492	0.01433	0.05295	0.01561	0.01055	0.03260	0.65704	0.02631	0.02595	0.05307	0.02015	0.00907	0.00663	0.00219	0.00519	0.00766	0.00638	0.01003
20	0.00940	0.00626	0.00705	0.00705	0.00705	0.00626	0.00392	0.00940	0.00940	0.01253	0.02036	0.04228	0.02349	0.77292	0.03289	0.00626	0.00626	0.00940	0.00392	0.00392
21	0.01544	0.01437	0.06153	0.02248	0.21988	0.01318	0.15577	0.06667	0.07003	0.07476	0.15599	0.03864	0.04525	0.00830	0.00697	0.00205	0.00694	0.00790	0.00491	0.00894
22	0.01410	0.01127	0.01331	0.00962	0.01516	0.00857	0.00770	0.01696	0.01387	0.06081	0.03961	0.01520	0.01188	0.00528	0.00499	0.00106	0.00476	0.00428	0.00418	0.73741
23	0.01438	0.01672	0.11162	0.08952	0.20884	0.05415	0.14047	0.03245	0.06976	0.02176	0.13398	0.02311	0.03901	0.00767	0.00681	0.00204	0.00769	0.00721	0.00418	0.00864
24	0.00948	0.00690	0.00906	0.03524	0.01121	0.00712	0.00700	0.01173	0.04026	0.01695	0.09533	0.22564	0.03226	0.22854	0.12792	0.00477	0.00699	0.11313	0.00506	0.00542
25	0.01480	0.01526	0.02656	0.05432	0.18280	0.01758	0.21834	0.01805	0.01265	0.01833	0.01076	0.01563	0.00926	0.00817	0.01335	0.00241	0.34416	0.00626	0.00304	0.00826
26	0.02062	0.03696	0.10434	0.01673	0.02229	0.11809	0.11445	0.31939	0.06772	0.05023	0.01458	0.01557	0.01071	0.00694	0.00637	0.00190	0.00826	0.00569	0.00496	0.05420
27	0.00806	0.00591	0.00757	0.00853	0.00933	0.00542	0.00587	0.00958	0.01369	0.01822	0.15728	0.55358	0.13612	0.01854	0.00806	0.00247	0.00357	0.01661	0.00619	0.00542
28	0.01574	0.01906	0.07410	0.05528	0.06019	0.07405	0.56170	0.02089	0.01529	0.02015	0.01265	0.01670	0.00957	0.00563	0.00731	0.00212	0.01066	0.00705	0.00322	0.00866
29	0.01122	0.00561	0.00842	0.00842	0.00842	0.00561	0.00561	0.00842	0.00842	0.01122	0.01122	0.01964	0.01122	0.02245	0.02525	0.81201	0.00561	0.00561	0.00281	0.00281
30	0.00870	0.00702	0.00774	0.00784	0.00964	0.00648	0.00571	0.01186	0.07817	0.01903	0.13911	0.19307	0.42116	0.04430	0.00860	0.00240	0.00361	0.01358	0.00612	0.00587
31	0.12305	0.03472	0.09220	0.06034	0.10095	0.11586	0.01377	0.15745	0.01670	0.02364	0.01389	0.01637	0.04029	0.00938	0.03758	0.00240	0.12354	0.00547	0.00397	0.00843
32	0.19736	0.06070	0.01599	0.01241	0.01630	0.07437	0.01013	0.18955	0.12261	0.09824	0.05066	0.01760	0.01402	0.00933	0.03442	0.00232	0.05418	0.00564	0.00530	0.00887
33	0.01537	0.09804	0.04566	0.01132	0.01523	0.05618	0.00942	0.13086	0.04138	0.04940	0.07036	0.15140	0.03288	0.03749	0.00723	0.00198	0.00581	0.02868	0.00504	0.18627
34	0.08196	0.32411	0.07999	0.01546	0.09809	0.07715	0.01261	0.08194	0.03276	0.02056	0.02744	0.01492	0.03373	0.00673	0.00584	0.00172	0.03740	0.00479	0.00362	0.03919
35	0.02047	0.09614	0.01963	0.01455	0.04311	0.05265	0.04031	0.27099	0.11227	0.11267	0.03006	0.01862	0.02813	0.02212	0.00712	0.00196	0.02962	0.00602	0.00552	0.06804

[dist]
# distance from previous block
# <min> <max>
0	3

[block]
# block no. 2 follows, 34 sequences, length 80
# corresponding to MSA columns:
# 187-266
name=unknown_C
#
# <colnr> <probs for GDERKNQSTAVLIFYWHMCP>
#	G	D	E	R	K	N	Q	S	T	A	V	L	I	F	Y	W	H	M	C	P
0	0.07585	0.08232	0.15549	0.01620	0.07994	0.11715	0.01374	0.06524	0.04308	0.07392	0.04858	0.01784	0.01320	0.04949	0.02985	0.00247	0.09757	0.00562	0.00405	0.00839
1	0.06056	0.37224	0.07419	0.01375	0.03506	0.17910	0.01220	0.05174	0.01492	0.03624	0.01139	0.04717	0.01021	0.00702	0.00601	0.00171	0.05014	0.00476	0.00342	0.00816
2	0.01727	0.77681	0.03386	0.01106	0.01658	0.02557	0.01106	0.01935	0.01313	0.01520	0.00898	0.01036	0.00829	0.00553	0.00415	0.00138	0.00691	0.00345	0.00276	0.00829
3	0.01522	0.01525	0.02092	0.12227	0.34915	0.11432	0.04451	0.01897	0.03591	0.01931	0.01682	0.09474	0.01601	0.00872	0.00683	0.00211	0.00784	0.07880	0.00384	0.00846
4	0.81856	0.01250	0.00950	0.00850	0.01250	0.01449	0.00700	0.01899	0.01100	0.02899	0.00900	0.01050	0.00700	0.00600	0.00400	0.00200	0.00500	0.00350	0.00400	0.00700
5	0.00800	0.00568	0.00746	0.00883	0.00918	0.00533	0.00582	0.00903	0.01212	0.01616	0.03434	0.70801	0.04113	0.08313	0.01031	0.00293	0.00396	0.01762	0.00582	0.00514
6	0.00931	0.00660	0.00877	0.00877	0.00937	0.00720	0.00607	0.01050	0.00991	0.01381	0.01878	0.03354	0.01970	0.39827	0.40235	0.00839	0.01197	0.00812	0.00368	0.00487
7	0.01018	0.00715	0.00901	0.00897	0.01042	0.00688	0.00664	0.03055	0.04565	0.04342	0.34935	0.21275	0.08304	0.07592	0.00980	0.00260	0.00399	0.07112	0.00643	0.00613
8	0.01678	0.01384	0.01644	0.03778	0.12025	0.01550	0.01178	0.03157	0.55491	0.07117	0.02380	0.02261	0.01781	0.00822	0.00654	0.00214	0.00560	0.00699	0.00608	0.01019
9	0.01329	0.03336	0.12556	0.01398	0.07813	0.05147	0.01113	0.08425	0.05607	0.02051	0.09792	0.05038	0.07408	0.12916	0.08570	0.04781	0.00764	0.00784	0.00448	0.00723
10	0.01443	0.07608	0.15870	0.01317	0.01791	0.01236	0.06849	0.10865	0.01708	0.07875	0.08155	0.03573	0.18942	0.01074	0.00697	0.00213	0.00640	0.08825	0.00517	0.00803
11	0.04339	0.28453	0.05775	0.01490	0.04015	0.38129	0.01235	0.02273	0.01600	0.03568	0.03039	0.01271	0.01001	0.00642	0.00530	0.00162	0.00921	0.00425	0.00335	0.00799
12	0.07466	0.51700	0.13132	0.01267	0.01827	0.09445	0.01284	0.02000	0.01346	0.01702	0.00944	0.01109	0.00819	0.00595	0.00514	0.00160	0.03195	0.00379	0.00291	0.00826
13	0.03843	0.01501	0.01691	0.03888	0.07319	0.03507	0.01156	0.25511	0.26758	0.10309	0.06123	0.02097	0.01718	0.00819	0.00649	0.00204	0.00617	0.00665	0.00619	0.01008
14	0.00972	0.00759	0.01112	0.01084	0.01182	0.00912	0.00844	0.01181	0.01028	0.01492	0.01662	0.02522	0.01581	0.08450	0.63764	0.00942	0.08900	0.00693	0.00342	0.00579
15	0.01226	0.01000	0.04649	0.01018	0.01273	0.00910	0.00835	0.11327	0.05626	0.04364	0.39249	0.11644	0.07663	0.01287	0.00744	0.00215	0.00437	0.05159	0.00656	0.00718
16	0.00858	0.00643	0.00795	0.00789	0.00939	0.00581	0.00580	0.01098	0.01649	0.02238	0.45912	0.16646	0.21885	0.01509	0.00772	0.00216	0.00321	0.01322	0.00667	0.00581
17	0.01479	0.01413	0.02406	0.26635	0.51528	0.01504	0.01923	0.01878	0.01415	0.01966	0.01194	0.01638	0.00972	0.00598	0.00642	0.00199	0.00797	0.00575	0.00309	0.00927
18	0.02456	0.01810	0.01939	0.01487	0.02004	0.02004	0.01228	0.71107	0.03038	0.04072	0.01551	0.01551	0.01099	0.00776	0.00646	0.00194	0.00711	0.00582	0.00646	0.01099
19	0.01115	0.00705	0.00928	0.00847	0.01034	0.00644	0.00644	0.01414	0.01831	0.09783	0.65804	0.04561	0.05642	0.01268	0.00751	0.00203	0.00330	0.01116	0.00720	0.00659
20	0.01138	0.00798	0.00967	0.00923	0.01020	0.00850	0.00637	0.06704	0.04215	0.03751	0.04448	0.13742	0.02439	0.39421	0.12676	0.00544	0.03729	0.00977	0.00463	0.00559
21	0.01693	0.71738	0.09027	0.01164	0.01749	0.02472	0.01208	0.01944	0.01317	0.01562	0.00919	0.01063	0.00828	0.00558	0.00431	0.00144	0.00712	0.00356	0.00276	0.00839
22	0.01448	0.09746	0.35788	0.04818	0.24128	0.01636	0.07049	0.01990	0.01389	0.01988	0.01151	0.01444	0.00896	0.00609	0.00663	0.00198	0.03304	0.00521	0.00292	0.00942
23	0.08425	0.22716	0.08501	0.01591	0.08054	0.07734	0.01319	0.23678	0.01872	0.02536	0.01179	0.01343	0.00940	0.00778	0.02428	0.00203	0.04900	0.00477	0.00413	0.00912
24	0.00927	0.00675	0.00949	0.00949	0.01033	0.00759	0.00696	0.01096	0.01012	0.01434	0.01813	0.02992	0.01812	0.24296	0.55551	0.00928	0.01434	0.00759	0.00358	0.00527
25	0.02214	0.01962	0.13032	0.01467	0.02001	0.07178	0.01332	0.37228	0.06430	0.13344	0.01661	0.01667	0.01174	0.00758	0.00661	0.00196	0.02347	0.00572	0.03757	0.01018
26	0.01578	0.04011	0.07767	0.23464	0.24020	0.07441	0.11861	0.06414	0.01533	0.02022	0.01191	0.01578	0.00935	0.00628	0.00686	0.00202	0.02887	0.00576	0.00328	0.00878
27	0.01168	0.00988	0.05263	0.00981	0.01241	0.00870	0.00810	0.07637	0.07632	0.04581	0.42666	0.07713	0.11613	0.01258	0.00738	0.00211	0.00416	0.02846	0.00658	0.00710
28	0.00787	0.00565	0.00747	0.00892	0.00935	0.00525	0.00597	0.00901	0.01244	0.01652	0.03651	0.74752	0.06335	0.02013	0.00823	0.00261	0.00373	0.01823	0.00600	0.00525
29	0.00960	0.00661	0.00815	0.00857	0.00911	0.00658	0.00561	0.04675	0.01211	0.01624	0.04757	0.36495	0.03168	0.30631	0.04760	0.04408	0.00549	0.01301	0.00501	0.00497
30	0.01624	0.06650	0.26022	0.06553	0.17546	0.11723	0.05998	0.05949	0.01515	0.02016	0.01137	0.01427	0.00895	0.00662	0.00750	0.00201	0.07594	0.00519	0.00317	0.00901
31	0.57831	0.03551	0.03410	0.01107	0.04383	0.03827	0.00881	0.07706	0.01350	0.06807	0.01105	0.01288	0.00858	0.02945	0.00544	0.00209	0.00575	0.00419	0.00430	0.00772
32	0.01789	0.05495	0.04524	0.05720	0.33882	0.16268	0.01597	0.08379	0.07596	0.02171	0.01426	0.01869	0.01201	0.00709	0.00633	0.00194	0.00817	0.04412	0.00391	0.00926
33	0.01891	0.07776	0.01873	0.01522	0.05145	0.08001	0.03373	0.16701	0.32114	0.06445	0.01932	0.01926	0.01464	0.00957	0.03790	0.00237	0.02702	0.00626	0.00555	0.00971
34	0.00933	0.00634	0.00718	0.00725	0.00746	0.00627	0.00429	0.00958	0.01000	0.01317	0.02390	0.04502	0.06923	0.68854	0.03013	0.00585	0.00606	0.04217	0.00415	0.00411
35	0.01331	0.03658	0.13288	0.01533	0.07071	0.01285	0.07063	0.04339	0.21811	0.02367	0.17283	0.04411	0.09871	0.00966	0.00687	0.00209	0.00597	0.00845	0.00536	0.00850
36	0.01060	0.00904	0.01335	0.01268	0.03449	0.01066	0.04056	0.01259	0.01090	0.01549	0.01968	0.02751	0.07732	0.11523	0.39731	0.00702	0.16839	0.00752	0.00359	0.00607
37	0.03980	0.23349	0.21828	0.03678	0.07659	0.13046	0.05498	0.04319	0.01489	0.04863	0.01125	0.01325	0.00889	0.00632	0.00621	0.00183	0.03844	0.00468	0.00328	0.00876
38	0.67106	0.03651	0.05004	0.00989	0.01421	0.07073	0.00857	0.03852	0.01228	0.02747	0.00939	0.01089	0.00731	0.00609	0.00432	0.00196	0.00586	0.00368	0.00391	0.00732
39	0.01583	0.01611	0.06322	0.02183	0.17977	0.07318	0.12674	0.05461	0.04333	0.05225	0.09769	0.02037	0.01662	0.01050	0.05418	0.00264	0.13175	0.00673	0.00412	0.00852
40	0.07009	0.02738	0.04087	0.01649	0.03957	0.56157	0.01259	0.09114	0.01880	0.04784	0.01119	0.01255	0.00885	0.00674	0.00583	0.00174	0.01041	0.00444	0.00383	0.00808
41	0.00922	0.00708	0.00991	0.03223	0.01173	0.00789	0.00765	0.01105	0.01115	0.01538	0.02457	0.16944	0.07653	0.11416	0.40099	0.00707	0.04754	0.02667	0.00419	0.00556
42	0.01773	0.05063	0.01768	0.01642	0.10356	0.03710	0.01168	0.17345	0.39603	0.02828	0.06202	0.02173	0.01828	0.00824	0.00646	0.00204	0.00599	0.00679	0.00591	0.00998
43	0.01019	0.00690	0.00857	0.00798	0.00991	0.00618	0.00605	0.01285	0.01743	0.07461	0.51518	0.04982	0.22283	0.01362	0.00754	0.00207	0.00328	0.01180	0.00690	0.00629
44	0.01571	0.48205	0.26981	0.01450	0.02144	0.02147	0.05803	0.01980	0.01343	0.01730	0.01011	0.01189	0.00835	0.00573	0.00502	0.00165	0.00804	0.00415	0.00278	0.00874
45	0.06483	0.07933	0.04748	0.01296	0.01705	0.07921	0.01091	0.29752	0.02029	0.08844	0.01624	0.05452	0.01339	0.03618	0.12917	0.00343	0.00883	0.00626	0.00513	0.00883
46	0.00836	0.00630	0.00734	0.00776	0.00893	0.00573	0.00544	0.00978	0.01349	0.01732	0.12301	0.24545	0.29854	0.16197	0.01270	0.00311	0.00409	0.04976	0.00572	0.00520
47	0.01275	0.01068	0.03642	0.01403	0.10833	0.00994	0.02936	0.08795	0.05945	0.04776	0.34664	0.03857	0.14926	0.01129	0.00720	0.00204	0.00475	0.00984	0.00610	0.00763
48	0.02667	0.01329	0.04972	0.01210	0.01719	0.04937	0.01030	0.03016	0.05273	0.59914	0.02345	0.02078	0.01513	0.00774	0.00638	0.00195	0.00597	0.00622	0.00725	0.04446
49	0.02520	0.01708	0.01876	0.01438	0.01953	0.01853	0.01188	0.61367	0.02868	0.14053	0.01694	0.01644	0.01171	0.00779	0.00647	0.00195	0.00688	0.00591	0.00668	0.01099
50	0.01392	0.01179	0.01368	0.00982	0.01553	0.00915	0.00787	0.04872	0.01419	0.02197	0.01167	0.01350	0.00964	0.00492	0.00486	0.00100	0.00489	0.00392	0.00395	0.77499
51	0.01867	0.59162	0.04971	0.01249	0.01764	0.18471	0.01172	0.02080	0.01429	0.01548	0.00928	0.01074	0.00830	0.00579	0.00457	0.00146	0.00803	0.00365	0.00289	0.00815
52	0.00823	0.00615	0.00881	0.00972	0.01039	0.00574	0.03513	0.00962	0.01274	0.01706	0.06389	0.70724	0.04214	0.01933	0.00819	0.00258	0.00402	0.01764	0.00593	0.00543
53	0.03924	0.01798	0.10479	0.02545	0.31894	0.03113	0.03706	0.21809	0.05413	0.02728	0.05188	0.01751	0.01325	0.00693	0.00642	0.00196	0.00746	0.00602	0.00448	0.00996
54	0.01436	0.01417	0.02564	0.19272	0.23107	0.01511	0.20973	0.04044	0.01415	0.01954	0.01264	0.01751	0.01027	0.01079	0.08578	0.00300	0.06499	0.00639	0.00325	0.00844
55	0.09497	0.00725	0.00847	0.00894	0.01027	0.00718	0.00638	0.04805	0.01435	0.02077	0.15110	0.47712	0.08813	0.01661	0.00755	0.00239	0.00391	0.01466	0.00600	0.00590
56	0.00783	0.00579	0.00733	0.00856	0.00926	0.00529	0.00580	0.00905	0.01279	0.01667	0.04097	0.64185	0.16613	0.01955	0.00814	0.00254	0.00366	0.01752	0.00600	0.00529
57	0.00807	0.00652	0.00717	0.00709	0.00901	0.00563	0.00529	0.01008	0.01563	0.01978	0.24987	0.08756	0.51440	0.01564	0.00766	0.00216	0.00323	0.01329	0.00631	0.00563
58	0.01279	0.01199	0.02016	0.57602	0.17823	0.01411	0.01768	0.01693	0.01356	0.01792	0.04988	0.01864	0.01172	0.00668	0.00651	0.00210	0.00813	0.00606	0.00316	0.00772
59	0.01822	0.01432	0.01529	0.01318	0.01713	0.01622	0.01041	0.16707	0.52910	0.06280	0.02396	0.02231	0.01772	0.00849	0.00648	0.00211	0.00546	0.00693	0.03250	0.01028
60	0.02165	0.09602	0.09544	0.01772	0.05209	0.52254	0.04319	0.04475	0.01744	0.01742	0.01045	0.01229	0.00853	0.00645	0.00583	0.00172	0.01067	0.00443	0.00330	0.00805
61	0.01801	0.01474	0.01623	0.01479	0.05550	0.01663	0.01109	0.21319	0.46612	0.03032	0.05549	0.02251	0.01881	0.00854	0.00658	0.00210	0.00569	0.00703	0.00639	0.01024
62	0.01104	0.01084	0.07197	0.01175	0.05857	0.00931	0.00910	0.01730	0.15603	0.02407	0.38235	0.04066	0.14788	0.01175	0.00721	0.00208	0.00433	0.01016	0.00622	0.00737
63	0.01807	0.05251	0.02710	0.03004	0.39992	0.01670	0.14882	0.15334	0.01790	0.05288	0.01335	0.01614	0.01043	0.00616	0.00654	0.00195	0.00806	0.00604	0.00401	0.01003
64	0.06702	0.02942	0.01787	0.01615	0.01957	0.68547	0.01218	0.04615	0.01828	0.01728	0.01010	0.01171	0.00833	0.00666	0.00575	0.00169	0.01116	0.00418	0.00346	0.00757
65	0.01122	0.00561	0.00842	0.00842	0.00842	0.00561	0.00561	0.00842	0.00842	0.01122	0.01122	0.01964	0.01122	0.02245	0.02525	0.81201	0.00561	0.00561	0.00281	0.00281
66	0.01220	0.01148	0.01938	0.75739	0.04450	0.01436	0.01794	0.01651	0.01292	0.01651	0.01148	0.01723	0.00861	0.00646	0.00646	0.00215	0.00861	0.00574	0.00287	0.00718
67	0.01414	0.01414	0.01979	0.01696	0.01696	0.01979	0.01414	0.01555	0.00990	0.01555	0.00848	0.01414	0.00848	0.01131	0.02120	0.00283	0.76110	0.00565	0.00283	0.00707
68	0.02456	0.01810	0.01939	0.01487	0.02004	0.02004	0.01228	0.71107	0.03038	0.04072	0.01551	0.01551	0.01099	0.00776	0.00646	0.00194	0.00711	0.00582	0.00646	0.01099
69	0.01824	0.01553	0.01624	0.01477	0.05157	0.06185	0.01111	0.20959	0.40373	0.02913	0.05102	0.02175	0.01785	0.00998	0.03588	0.00240	0.00657	0.00681	0.00608	0.00991
70	0.00927	0.00626	0.00715	0.00719	0.00734	0.00619	0.00416	0.00953	0.01017	0.01359	0.06226	0.07704	0.04403	0.67605	0.02968	0.00575	0.00589	0.01005	0.00424	0.00414
71	0.62420	0.01213	0.01085	0.00924	0.01348	0.01326	0.00761	0.02207	0.01284	0.20330	0.01306	0.01333	0.00921	0.00649	0.00461	0.00200	0.00512	0.00424	0.00498	0.00798
72	0.02142	0.01624	0.01740	0.01409	0.01867	0.01817	0.01140	0.42765	0.29713	0.05760	0.02000	0.01904	0.01453	0.00815	0.00651	0.00204	0.00629	0.00641	0.00656	0.01069
73	0.00924	0.00690	0.01028	0.01028	0.01139	0.00802	0.00794	0.01147	0.01035	0.01492	0.01740	0.02593	0.01639	0.07168	0.72441	0.01025	0.01695	0.00700	0.00348	0.00571
74	0.00937	0.00635	0.00750	0.00750	0.00765	0.00651	0.00447	0.00968	0.00953	0.01286	0.01995	0.04001	0.02250	0.67559	0.12887	0.00682	0.00775	0.00906	0.00385	0.00416
75	0.00929	0.00812	0.04281	0.00892	0.01076	0.00697	0.00710	0.01251	0.03758	0.02301	0.47352	0.15001	0.13690	0.01410	0.00797	0.00216	0.02333	0.01228	0.00648	0.00620
76	0.00906	0.00668	0.00937	0.00950	0.01045	0.00739	0.00703	0.01084	0.01062	0.01484	0.02199	0.09235	0.05883	0.16615	0.52480	0.00859	0.01355	0.00866	0.00389	0.00540
77	0.01941	0.36360	0.11338	0.01509	0.04945	0.20957	0.01351	0.11054	0.01683	0.01955	0.01054	0.01200	0.00872	0.00619	0.00522	0.00163	0.00851	0.00420	0.00340	0.00867
78	0.01476	0.04023	0.11537	0.01790	0.15063	0.13889	0.03369	0.01858	0.04454	0.04096	0.08197	0.06243	0.15013	0.00955	0.00703	0.00199	0.02810	0.00792	0.00441	0.03093
79	0.04155	0.06545	0.22747	0.04388	0.16888	0.03371	0.01646	0.10651	0.09345	0.09721	0.03367	0.01703	0.01237	0.00690	0.00617	0.00197	0.00753	0.00564	0.00441	0.00972

[dist]
# distance from previous block
# <min> <max>
1	6

[block]
# block no. 3 follows, 34 sequences, length 37
# corresponding to MSA columns:
# 273-309
name=unknown_D
#
# <colnr> <probs for GDERKNQSTAVLIFYWHMCP>
#	G	D	E	R	K	N	Q	S	T	A	V	L	I	F	Y	W	H	M	C	P
0	0.00910	0.00630	0.00724	0.00729	0.00769	0.00616	0.00443	0.00964	0.01083	0.01437	0.08071	0.08618	0.09931	0.57211	0.04801	0.00543	0.00589	0.01045	0.00448	0.00437
1	0.01561	0.11822	0.06779	0.06895	0.05780	0.11245	0.05307	0.04725	0.01363	0.01787	0.03520	0.01606	0.01121	0.01208	0.08112	0.00295	0.25217	0.00557	0.00328	0.00772
2	0.01237	0.01186	0.06297	0.01758	0.15508	0.01140	0.03358	0.01472	0.01264	0.04252	0.02161	0.25936	0.04098	0.06919	0.01179	0.00263	0.15172	0.01021	0.02141	0.03639
3	0.00792	0.00636	0.00707	0.00731	0.00901	0.00551	0.00532	0.00966	0.01477	0.01854	0.16021	0.21123	0.48100	0.01671	0.00776	0.00225	0.00334	0.01435	0.00617	0.00551
4	0.70371	0.04066	0.01125	0.00926	0.01335	0.05075	0.00764	0.03945	0.01222	0.05050	0.00975	0.01105	0.00751	0.00613	0.00424	0.00196	0.00547	0.00369	0.00412	0.00731
5	0.01756	0.41521	0.08271	0.01435	0.01918	0.11959	0.05722	0.04524	0.04888	0.01756	0.01060	0.01255	0.00906	0.00666	0.00700	0.00176	0.09888	0.00445	0.00319	0.00835
6	0.01963	0.21448	0.09039	0.01780	0.08103	0.32832	0.04510	0.04646	0.01599	0.01762	0.01030	0.01245	0.00864	0.00655	0.00664	0.00176	0.06090	0.00449	0.00319	0.00826
7	0.00787	0.00631	0.00704	0.00737	0.00900	0.00547	0.00533	0.00954	0.01452	0.01818	0.13399	0.24676	0.47189	0.01702	0.00780	0.00228	0.00337	0.01466	0.00613	0.00547
8	0.02693	0.01355	0.01648	0.01272	0.01772	0.01338	0.01048	0.26418	0.05232	0.46870	0.02211	0.01986	0.01444	0.00795	0.00649	0.00199	0.00603	0.00630	0.00741	0.01096
9	0.00850	0.00656	0.00854	0.01021	0.05468	0.00605	0.00655	0.01005	0.01352	0.01775	0.10472	0.46447	0.20306	0.04310	0.00876	0.00254	0.00390	0.01554	0.00586	0.00564
10	0.02601	0.01054	0.01417	0.01113	0.01564	0.00930	0.00909	0.02914	0.04328	0.62164	0.11495	0.02541	0.02184	0.00869	0.00664	0.00201	0.00517	0.00719	0.00783	0.01035
11	0.01256	0.01745	0.20525	0.04315	0.18456	0.01239	0.13649	0.01708	0.01476	0.02053	0.10419	0.07004	0.11544	0.00899	0.00697	0.00209	0.00738	0.00834	0.00408	0.00828
12	0.01122	0.00561	0.00842	0.00842	0.00842	0.00561	0.00561	0.00842	0.00842	0.01122	0.01122	0.01964	0.01122	0.02245	0.02525	0.81201	0.00561	0.00561	0.00281	0.00281
13	0.02456	0.01810	0.01939	0.01487	0.02004	0.02004	0.01228	0.71107	0.03038	0.04072	0.01551	0.01551	0.01099	0.00776	0.00646	0.00194	0.00711	0.00582	0.00646	0.01099
14	0.01340	0.01148	0.01340	0.00957	0.01531	0.00861	0.00766	0.01627	0.01340	0.02105	0.01148	0.01340	0.00957	0.00479	0.00479	0.00096	0.00479	0.00383	0.00383	0.81242
15	0.02201	0.18765	0.02130	0.01517	0.01899	0.53294	0.01199	0.02514	0.07585	0.01662	0.01114	0.01242	0.00927	0.00659	0.00553	0.00165	0.01010	0.00427	0.00348	0.00789
16	0.02490	0.01756	0.01906	0.01461	0.01977	0.01923	0.01207	0.65923	0.02947	0.09385	0.01627	0.01601	0.01137	0.00777	0.00647	0.00194	0.00699	0.00587	0.00658	0.01099
17	0.01365	0.08111	0.08428	0.04383	0.13081	0.10829	0.08653	0.01689	0.01524	0.01925	0.11915	0.05805	0.16015	0.01046	0.02266	0.00216	0.00724	0.00833	0.00432	0.00758
18	0.01673	0.50827	0.07110	0.11673	0.02134	0.10369	0.01282	0.01941	0.01359	0.01576	0.00996	0.01231	0.00867	0.00767	0.03674	0.00195	0.00829	0.00408	0.00287	0.00801
19	0.00796	0.00650	0.00706	0.00719	0.00908	0.00559	0.00537	0.00979	0.01499	0.01857	0.15089	0.12671	0.55013	0.01636	0.00774	0.00223	0.00339	0.03875	0.00615	0.00554
20	0.02630	0.01107	0.01461	0.01138	0.01599	0.00997	0.00933	0.08548	0.01945	0.59609	0.10715	0.02454	0.02085	0.00859	0.00663	0.00200	0.00534	0.00705	0.00777	0.01042
21	0.00925	0.00684	0.00998	0.00998	0.01100	0.00786	0.00758	0.01128	0.01027	0.01470	0.01767	0.02741	0.01703	0.13517	0.66181	0.00989	0.01599	0.00722	0.00352	0.00555
22	0.00897	0.00660	0.00840	0.00795	0.00955	0.00602	0.00596	0.01186	0.01788	0.02494	0.65315	0.04986	0.13763	0.01357	0.00762	0.00205	0.00307	0.01191	0.00699	0.00602
23	0.01467	0.01552	0.03047	0.06297	0.17368	0.01574	0.40183	0.01896	0.01402	0.01948	0.01271	0.01791	0.01041	0.03337	0.04150	0.00269	0.09542	0.00695	0.00321	0.00848
24	0.07632	0.40457	0.10049	0.01414	0.05003	0.12423	0.01280	0.02088	0.01395	0.06255	0.01054	0.01214	0.00878	0.00634	0.00598	0.00170	0.05876	0.00414	0.00328	0.00839
25	0.02369	0.03005	0.01838	0.01666	0.01984	0.71442	0.01256	0.02534	0.01793	0.01580	0.00992	0.01176	0.00833	0.00687	0.00651	0.00172	0.04521	0.00423	0.00331	0.00747
26	0.01934	0.55188	0.02917	0.01274	0.01761	0.24308	0.01149	0.02129	0.01469	0.01539	0.00929	0.01075	0.00830	0.00587	0.00465	0.00147	0.00834	0.00367	0.00293	0.00805
27	0.00802	0.00636	0.00723	0.00758	0.00919	0.00557	0.00555	0.00979	0.01468	0.01853	0.15475	0.23313	0.43800	0.01690	0.00783	0.00230	0.00345	0.03944	0.00616	0.00552
28	0.00925	0.00684	0.00995	0.00995	0.01095	0.00784	0.00753	0.01126	0.01026	0.01468	0.01770	0.02758	0.01711	0.14280	0.65429	0.00985	0.01587	0.00724	0.00352	0.00553
29	0.00802	0.00616	0.00738	0.00811	0.00935	0.00551	0.00580	0.00962	0.01396	0.01789	0.11226	0.39363	0.31004	0.01796	0.00799	0.00241	0.00361	0.04875	0.00610	0.00544
30	0.00942	0.00716	0.01058	0.01048	0.01154	0.00842	0.00812	0.01159	0.01032	0.01491	0.01712	0.02570	0.01619	0.07827	0.69024	0.00993	0.04383	0.00698	0.00346	0.00574
31	0.02421	0.01792	0.01919	0.01479	0.01990	0.01987	0.01220	0.68279	0.05924	0.04015	0.01596	0.01587	0.01135	0.00780	0.00647	0.00195	0.00703	0.00588	0.00647	0.01096
32	0.01688	0.01180	0.01318	0.01144	0.01479	0.01268	0.00898	0.13032	0.30809	0.11397	0.14356	0.05355	0.04929	0.00982	0.00665	0.00206	0.00484	0.00821	0.07080	0.00908
33	0.01630	0.04759	0.27599	0.02013	0.16516	0.02966	0.04153	0.05495	0.04619	0.11843	0.01853	0.07699	0.04390	0.00801	0.00648	0.00204	0.00759	0.00685	0.00432	0.00935
34	0.01808	0.18346	0.11811	0.04588	0.04093	0.01812	0.01315	0.18333	0.17856	0.06405	0.01664	0.03164	0.01300	0.02418	0.00684	0.00203	0.02177	0.00585	0.00488	0.00951
35	0.16101	0.07004	0.01806	0.06429	0.11507	0.03437	0.03149	0.08221	0.01394	0.04578	0.01316	0.04250	0.01162	0.04560	0.07246	0.00300	0.14265	0.00590	0.01904	0.00781
36	0.01655	0.01833	0.13933	0.08961	0.31241	0.03576	0.04643	0.08055	0.12719	0.04772	0.01495	0.01710	0.01145	0.00661	0.00643	0.00201	0.00778	0.00590	0.00407	0.00981

[dist]
# distance from previous block
# <min> <max>
2	3

[block]
# block no. 4 follows, 34 sequences, length 61
# corresponding to MSA columns:
# 313-373
name=unknown_E
#
# <colnr> <probs for GDERKNQSTAVLIFYWHMCP>
#	G	D	E	R	K	N	Q	S	T	A	V	L	I	F	Y	W	H	M	C	P
0	0.01583	0.01230	0.02060	0.43458	0.06373	0.01360	0.10406	0.02066	0.05507	0.14687	0.01677	0.01986	0.03340	0.00702	0.00666	0.00212	0.00794	0.00646	0.00416	0.00831
1	0.00861	0.00658	0.00790	0.00757	0.00932	0.00587	0.00568	0.01116	0.01703	0.02291	0.49377	0.05320	0.29827	0.01433	0.00763	0.00209	0.00313	0.01238	0.00672	0.00587
2	0.01607	0.01388	0.01461	0.01315	0.01680	0.01607	0.01023	0.03433	0.72094	0.02703	0.02630	0.02411	0.01972	0.00877	0.00657	0.00219	0.00511	0.00731	0.00657	0.01023
3	0.01966	0.19218	0.03794	0.01557	0.06395	0.14989	0.03049	0.21349	0.01863	0.04420	0.01297	0.01650	0.01100	0.08466	0.00952	0.00227	0.05890	0.00537	0.00422	0.00862
4	0.01727	0.77681	0.03386	0.01106	0.01658	0.02557	0.01106	0.01935	0.01313	0.01520	0.00898	0.01036	0.00829	0.00553	0.00415	0.00138	0.00691	0.00345	0.00276	0.00829
5	0.81856	0.01250	0.00950	0.00850	0.01250	0.01449	0.00700	0.01899	0.01100	0.02899	0.00900	0.01050	0.00700	0.00600	0.00400	0.00200	0.00500	0.00350	0.00400	0.00700
6	0.02427	0.04455	0.01974	0.01495	0.01992	0.10464	0.01226	0.60871	0.02841	0.03699	0.01466	0.01490	0.01059	0.00756	0.00631	0.00189	0.00763	0.00555	0.00598	0.01049
7	0.02072	0.02094	0.24599	0.01500	0.02141	0.01562	0.01507	0.27394	0.08351	0.17459	0.01715	0.01695	0.01186	0.00730	0.00633	0.00198	0.00731	0.00570	0.00553	0.03311
8	0.01359	0.01642	0.10341	0.06108	0.02451	0.06604	0.30051	0.01843	0.05852	0.01893	0.02024	0.09972	0.06610	0.09115	0.00999	0.00261	0.00853	0.00865	0.00394	0.00762
9	0.00824	0.00640	0.00749	0.00757	0.00918	0.00565	0.00554	0.01030	0.01562	0.02041	0.30534	0.18364	0.35966	0.01589	0.00774	0.00221	0.00328	0.01376	0.00641	0.00565
10	0.00929	0.00622	0.00708	0.00719	0.00721	0.00619	0.00406	0.00937	0.00961	0.01281	0.02144	0.09390	0.02486	0.71944	0.03114	0.00601	0.00609	0.01003	0.00406	0.00401
11	0.02414	0.03079	0.01831	0.01665	0.01998	0.74698	0.01248	0.02580	0.01831	0.01581	0.00999	0.01165	0.00832	0.00666	0.00583	0.00166	0.01165	0.00416	0.00333	0.00749
12	0.81856	0.01250	0.00950	0.00850	0.01250	0.01449	0.00700	0.01899	0.01100	0.02899	0.00900	0.01050	0.00700	0.00600	0.00400	0.00200	0.00500	0.00350	0.00400	0.00700
13	0.01388	0.01317	0.02201	0.29930	0.41791	0.01413	0.01784	0.01770	0.01406	0.01911	0.01655	0.02046	0.07230	0.00694	0.00653	0.00203	0.00764	0.00644	0.00332	0.00870
14	0.01521	0.01187	0.01389	0.01004	0.01569	0.00939	0.00808	0.06100	0.01483	0.07317	0.01273	0.01414	0.01012	0.00520	0.00501	0.00109	0.00498	0.00414	0.00429	0.70513
15	0.01727	0.77681	0.03386	0.01106	0.01658	0.02557	0.01106	0.01935	0.01313	0.01520	0.00898	0.01036	0.00829	0.00553	0.00415	0.00138	0.00691	0.00345	0.00276	0.00829
16	0.01122	0.00561	0.00842	0.00842	0.00842	0.00561	0.00561	0.00842	0.00842	0.01122	0.01122	0.01964	0.01122	0.02245	0.02525	0.81201	0.00561	0.00561	0.00281	0.00281
17	0.00914	0.00660	0.00864	0.00813	0.00965	0.00610	0.00610	0.01219	0.01829	0.02591	0.72921	0.04827	0.06097	0.01321	0.00762	0.00203	0.00305	0.01169	0.00711	0.00610
18	0.00923	0.00692	0.01038	0.01038	0.01154	0.00808	0.00808	0.01154	0.01038	0.01500	0.01731	0.02538	0.01615	0.04846	0.74732	0.01038	0.01731	0.00692	0.00346	0.00577
19	0.01296	0.03342	0.73944	0.01842	0.02797	0.01501	0.02387	0.02046	0.01364	0.02046	0.01160	0.01364	0.00818	0.00614	0.00614	0.00205	0.00955	0.00477	0.00273	0.00955
20	0.01296	0.03342	0.73944	0.01842	0.02797	0.01501	0.02387	0.02046	0.01364	0.02046	0.01160	0.01364	0.00818	0.00614	0.00614	0.00205	0.00955	0.00477	0.00273	0.00955
21	0.01296	0.03342	0.73944	0.01842	0.02797	0.01501	0.02387	0.02046	0.01364	0.02046	0.01160	0.01364	0.00818	0.00614	0.00614	0.00205	0.00955	0.00477	0.00273	0.00955
22	0.00899	0.00660	0.00842	0.00796	0.00956	0.00603	0.00597	0.01188	0.01791	0.02502	0.65893	0.04974	0.13180	0.01354	0.00762	0.00205	0.00307	0.01189	0.00699	0.00603
23	0.00874	0.00603	0.00747	0.00827	0.00853	0.00586	0.00530	0.00945	0.01114	0.01482	0.02840	0.38671	0.03341	0.37153	0.01979	0.00435	0.00506	0.05546	0.00502	0.00467
24	0.07164	0.02988	0.59085	0.01724	0.02580	0.01565	0.02112	0.11325	0.01571	0.02379	0.01194	0.01367	0.00848	0.00635	0.00603	0.00203	0.00890	0.00482	0.00332	0.00956
25	0.23106	0.19169	0.01937	0.01234	0.01685	0.11517	0.01038	0.19708	0.10413	0.02682	0.01289	0.01355	0.01003	0.00676	0.00521	0.00182	0.00686	0.00463	0.00457	0.00876
26	0.12529	0.59637	0.02906	0.01117	0.01639	0.04722	0.01065	0.06855	0.01424	0.01888	0.00948	0.01079	0.00831	0.00579	0.00435	0.00151	0.00682	0.00365	0.00321	0.00828
27	0.01480	0.01300	0.01864	0.18722	0.20491	0.01418	0.03658	0.08745	0.17459	0.02341	0.06465	0.02366	0.06648	0.00805	0.00660	0.00206	0.00661	0.00711	0.03117	0.00883
28	0.02780	0.01126	0.01496	0.01165	0.01652	0.01010	0.00956	0.03175	0.08324	0.67164	0.02557	0.02219	0.01634	0.00807	0.00650	0.00202	0.00546	0.00657	0.00787	0.01093
29	0.00857	0.00590	0.00791	0.00924	0.00983	0.00552	0.00640	0.00991	0.01283	0.03343	0.05141	0.68432	0.04214	0.01962	0.00824	0.00262	0.00393	0.06665	0.00607	0.00545
30	0.01122	0.00561	0.00842	0.00842	0.00842	0.00561	0.00561	0.00842	0.00842	0.01122	0.01122	0.01964	0.01122	0.02245	0.02525	0.81201	0.00561	0.00561	0.00281	0.00281
31	0.01122	0.00561	0.00842	0.00842	0.00842	0.00561	0.00561	0.00842	0.00842	0.01122	0.01122	0.01964	0.01122	0.02245	0.02525	0.81201	0.00561	0.00561	0.00281	0.00281
32	0.02456	0.01810	0.01939	0.01487	0.02004	0.02004	0.01228	0.71107	0.03038	0.04072	0.01551	0.01551	0.01099	0.00776	0.00646	0.00194	0.00711	0.00582	0.00646	0.01099
33	0.01353	0.01220	0.03481	0.00997	0.01563	0.00920	0.00823	0.03221	0.03690	0.02155	0.01381	0.01539	0.03329	0.00540	0.00501	0.00109	0.00494	0.00433	0.00401	0.71849
34	0.01826	0.12162	0.02389	0.04376	0.22932	0.10024	0.07172	0.13035	0.15233	0.02371	0.01476	0.01636	0.01160	0.00671	0.00617	0.00190	0.00773	0.00572	0.00430	0.00956
35	0.73029	0.01283	0.01042	0.00907	0.01319	0.01469	0.00747	0.06868	0.01268	0.05839	0.01013	0.01132	0.00764	0.00620	0.00427	0.00200	0.00517	0.00378	0.00434	0.00744
36	0.01670	0.40776	0.12556	0.04697	0.11648	0.02092	0.03727	0.07136	0.06504	0.01966	0.01171	0.01343	0.00961	0.00607	0.00527	0.00170	0.00746	0.00462	0.00338	0.00903
37	0.00940	0.00707	0.01031	0.01022	0.01121	0.00824	0.00781	0.01143	0.01026	0.01475	0.01737	0.02689	0.01672	0.12684	0.64666	0.00970	0.03888	0.00716	0.00349	0.00561
38	0.00799	0.00594	0.00732	0.00825	0.00909	0.00541	0.00562	0.00929	0.01311	0.01706	0.08520	0.51232	0.20340	0.06644	0.00962	0.00271	0.00375	0.01628	0.00594	0.00527
39	0.02762	0.01209	0.01556	0.01198	0.01690	0.01122	0.00988	0.14875	0.02055	0.59475	0.04511	0.02167	0.01649	0.00811	0.00653	0.00199	0.00570	0.00654	0.00770	0.01085
40	0.00935	0.00646	0.00804	0.00804	0.00839	0.00680	0.00516	0.01003	0.00969	0.01326	0.01945	0.03725	0.02130	0.55702	0.24580	0.00749	0.00956	0.00866	0.00378	0.00447
41	0.00924	0.00620	0.00783	0.00841	0.00895	0.00605	0.00552	0.01014	0.01139	0.03834	0.02912	0.37780	0.05995	0.29631	0.09060	0.00468	0.00605	0.01339	0.00505	0.00501
42	0.01558	0.01493	0.02547	0.11854	0.65699	0.01524	0.01962	0.01946	0.01452	0.02060	0.01208	0.01613	0.01006	0.00583	0.00640	0.00194	0.00778	0.00576	0.00316	0.00990
43	0.01025	0.00860	0.00881	0.00825	0.01089	0.00827	0.00633	0.06324	0.13460	0.02071	0.05533	0.05247	0.55957	0.01448	0.00737	0.00217	0.00385	0.01202	0.00613	0.00665
44	0.01937	0.47561	0.02716	0.01299	0.01751	0.28529	0.01136	0.02125	0.01497	0.01548	0.01044	0.04205	0.00972	0.00654	0.00492	0.00154	0.00849	0.00432	0.00310	0.00788
45	0.01327	0.08625	0.68931	0.01789	0.02716	0.01576	0.02296	0.02038	0.01361	0.02009	0.01141	0.01341	0.00819	0.00610	0.00600	0.00200	0.00936	0.00468	0.00273	0.00946
46	0.01782	0.04941	0.11360	0.01426	0.01910	0.04274	0.01261	0.17764	0.42347	0.02823	0.02072	0.01985	0.01542	0.00799	0.00637	0.00207	0.00644	0.00638	0.00577	0.01013
47	0.05892	0.10712	0.12853	0.03766	0.09329	0.08368	0.16856	0.10749	0.01643	0.05253	0.01341	0.04785	0.01093	0.00704	0.00689	0.00199	0.03888	0.00609	0.00386	0.00886
48	0.00914	0.00660	0.00864	0.00813	0.00965	0.00610	0.00610	0.01219	0.01829	0.02591	0.72921	0.04827	0.06097	0.01321	0.00762	0.00203	0.00305	0.01169	0.00711	0.00610
49	0.25251	0.01768	0.12289	0.04676	0.08663	0.07800	0.04952	0.01857	0.01239	0.02104	0.01085	0.03180	0.00940	0.02605	0.00988	0.00230	0.18738	0.00527	0.00336	0.00772
50	0.01318	0.03204	0.68805	0.01804	0.02717	0.01508	0.02291	0.02145	0.06379	0.02093	0.01264	0.01438	0.00900	0.00633	0.00617	0.00206	0.00923	0.00495	0.00300	0.00960
51	0.00930	0.00638	0.00754	0.00754	0.00781	0.00651	0.00460	0.00972	0.00977	0.01311	0.02174	0.04049	0.05144	0.62963	0.14243	0.00673	0.00785	0.00919	0.00393	0.00427
52	0.01354	0.01159	0.01251	0.01024	0.01422	0.03962	0.00801	0.06126	0.14486	0.02384	0.17358	0.02755	0.09126	0.00868	0.00614	0.00162	0.00475	0.00722	0.00538	0.33412
53	0.00775	0.00652	0.00673	0.00674	0.00881	0.00549	0.00503	0.00947	0.01490	0.01802	0.11165	0.08414	0.66013	0.01627	0.00766	0.00219	0.00327	0.01365	0.00608	0.00549
