[name]
unknown

[dist]
# distance from previous block
# <min> <max>
17	54

[block]
# block no. 0 follows, 33 sequences, length 84
# corresponding to MSA columns:
# 74-157
name=unknown_A
#
# <colnr> <probs for GDERKNQSTAVLIFYWHMCP>
#	G	D	E	R	K	N	Q	S	T	A	V	L	I	F	Y	W	H	M	C	P
0	0.05288	0.01239	0.01654	0.04695	0.09103	0.02751	0.05008	0.11463	0.06713	0.18963	0.16738	0.02726	0.02423	0.00981	0.00781	0.04131	0.00608	0.03243	0.00603	0.00887
1	0.04538	0.03710	0.01606	0.03760	0.06783	0.01396	0.01068	0.17914	0.09728	0.10387	0.17026	0.02720	0.06861	0.00964	0.00782	0.00208	0.06109	0.00771	0.00596	0.03073
2	0.09474	0.01523	0.03377	0.04356	0.13419	0.07371	0.02695	0.13182	0.06642	0.17064	0.04353	0.05194	0.04227	0.00826	0.00643	0.00201	0.00672	0.00680	0.00548	0.03551
3	0.05033	0.01928	0.18350	0.06086	0.09635	0.06539	0.06136	0.08468	0.10180	0.04852	0.11847	0.02125	0.01851	0.00777	0.00656	0.00203	0.00748	0.00659	0.00467	0.03460
4	0.09894	0.04174	0.10682	0.03666	0.04119	0.04860	0.01203	0.10318	0.06331	0.25586	0.05464	0.07390	0.01725	0.00863	0.00639	0.00206	0.00651	0.00695	0.00587	0.00948
5	0.10976	0.01537	0.04459	0.01817	0.15128	0.03136	0.02734	0.18807	0.04675	0.12781	0.04430	0.03550	0.01408	0.00760	0.00669	0.00195	0.02990	0.00611	0.00525	0.08813
6	0.08672	0.01414	0.04352	0.02985	0.04100	0.01411	0.03868	0.13028	0.22458	0.17079	0.06675	0.04533	0.01857	0.00851	0.00652	0.00208	0.00597	0.00707	0.00619	0.03934
7	0.05577	0.04353	0.04050	0.01079	0.01392	0.03338	0.05616	0.04547	0.06965	0.05249	0.17827	0.07142	0.23629	0.05318	0.00855	0.00235	0.00519	0.01024	0.00573	0.00712
8	0.02254	0.07791	0.04550	0.01362	0.01878	0.04005	0.01164	0.37123	0.02361	0.14740	0.04638	0.01743	0.01358	0.00765	0.00657	0.00185	0.02390	0.00578	0.00594	0.09864
9	0.04731	0.04488	0.06829	0.01269	0.01746	0.01361	0.01100	0.15205	0.14390	0.21245	0.02168	0.07310	0.01719	0.00900	0.00650	0.00203	0.00601	0.04332	0.00617	0.09135
10	0.05210	0.36664	0.10474	0.01303	0.01825	0.12959	0.01230	0.02274	0.10783	0.04092	0.01360	0.04225	0.01156	0.00696	0.00529	0.00172	0.00751	0.00499	0.00380	0.03418
11	0.00815	0.00587	0.00776	0.00923	0.00974	0.00548	0.00631	0.00942	0.01284	0.01700	0.03743	0.69896	0.07063	0.02033	0.00841	0.00267	0.00392	0.05435	0.00611	0.00539
12	0.00942	0.00698	0.01021	0.01021	0.01126	0.00803	0.00777	0.01152	0.01047	0.01501	0.01797	0.02772	0.01726	0.12680	0.66622	0.01013	0.01642	0.00732	0.00358	0.00567
13	0.01063	0.00857	0.01273	0.04793	0.15272	0.00857	0.01045	0.01339	0.03605	0.01866	0.02996	0.42103	0.03366	0.01626	0.00804	0.00257	0.00532	0.15129	0.00542	0.00673
14	0.01659	0.16576	0.19385	0.07063	0.04563	0.15070	0.04198	0.05326	0.01485	0.01867	0.01152	0.01468	0.00950	0.01098	0.07857	0.00279	0.08341	0.00506	0.00321	0.00837
15	0.01365	0.01170	0.01365	0.00975	0.01560	0.00878	0.00780	0.01658	0.01365	0.02145	0.01170	0.01365	0.00975	0.00488	0.00488	0.00098	0.00488	0.00390	0.00390	0.80888
16	0.08776	0.01765	0.08848	0.05595	0.07564	0.03948	0.01348	0.31314	0.02225	0.19650	0.01659	0.01675	0.01150	0.00739	0.00633	0.00201	0.00720	0.00573	0.00582	0.01034
17	0.01562	0.01780	0.11341	0.08181	0.54610	0.01561	0.07306	0.02014	0.01478	0.02110	0.01234	0.01619	0.01004	0.00593	0.00659	0.00201	0.00837	0.00589	0.00318	0.01003
18	0.01144	0.00572	0.00858	0.00858	0.00858	0.00572	0.00572	0.00858	0.00858	0.01144	0.01144	0.02001	0.01144	0.02287	0.02573	0.80846	0.00572	0.00572	0.00286	0.00286
19	0.01396	0.01321	0.02114	0.04435	0.40987	0.01362	0.04390	0.01774	0.03765	0.02078	0.07886	0.02725	0.13830	0.00899	0.00835	0.00213	0.07909	0.00786	0.00414	0.00880
20	0.61135	0.01506	0.01172	0.04095	0.01543	0.10794	0.00856	0.02136	0.03952	0.06164	0.01090	0.01223	0.00832	0.00642	0.00464	0.00201	0.00615	0.00404	0.00424	0.00753
21	0.00830	0.00593	0.00795	0.00940	0.00993	0.00558	0.00652	0.00969	0.01306	0.01742	0.06162	0.67516	0.04372	0.02014	0.00844	0.00268	0.00400	0.07886	0.00615	0.00544
22	0.05813	0.06067	0.09751	0.01770	0.15315	0.01302	0.04643	0.04772	0.01462	0.02232	0.01181	0.01413	0.00958	0.00549	0.00547	0.00147	0.00651	0.00461	0.00369	0.40598
23	0.01719	0.01392	0.01511	0.01160	0.01687	0.04112	0.00927	0.12944	0.13309	0.06404	0.01556	0.01620	0.01200	0.00628	0.00558	0.00143	0.00562	0.00497	0.00500	0.47572
24	0.01614	0.05455	0.29017	0.02249	0.16177	0.05099	0.11124	0.04873	0.03821	0.05012	0.01308	0.01541	0.00991	0.00633	0.00669	0.00197	0.02501	0.00551	0.00356	0.06814
25	0.01545	0.03864	0.09690	0.14089	0.24622	0.01621	0.19813	0.03821	0.10158	0.02166	0.01424	0.01749	0.01101	0.00635	0.00679	0.00209	0.00866	0.00639	0.00367	0.00943
26	0.00789	0.00651	0.00693	0.00716	0.00904	0.00555	0.00524	0.00953	0.01475	0.01799	0.08974	0.18176	0.58078	0.01721	0.00789	0.00229	0.00341	0.01463	0.00616	0.00555
27	0.00845	0.00618	0.00724	0.00790	0.00864	0.00573	0.00516	0.00937	0.01227	0.01579	0.03924	0.35733	0.21301	0.25434	0.01612	0.00372	0.00450	0.01460	0.00545	0.00498
28	0.05022	0.10606	0.09866	0.07045	0.06539	0.01813	0.27738	0.14082	0.03701	0.02406	0.01299	0.01588	0.00992	0.00648	0.00721	0.00207	0.03802	0.00618	0.00387	0.00920
29	0.00802	0.00573	0.00764	0.00917	0.00955	0.00535	0.00611	0.00917	0.01260	0.01681	0.03628	0.76434	0.04354	0.02062	0.00840	0.00267	0.00382	0.01872	0.00611	0.00535
30	0.01101	0.00930	0.01318	0.01226	0.01291	0.01178	0.00964	0.01277	0.01029	0.01513	0.01518	0.02447	0.01495	0.13125	0.42106	0.00759	0.25081	0.00697	0.00338	0.00605
31	0.01587	0.01432	0.05079	0.22739	0.07650	0.12300	0.01283	0.03931	0.01369	0.06865	0.01301	0.01851	0.01087	0.04393	0.01312	0.23427	0.00796	0.00574	0.00354	0.00670
32	0.01320	0.03405	0.73453	0.01876	0.02849	0.01529	0.02432	0.02085	0.01390	0.02085	0.01181	0.01390	0.00834	0.00625	0.00625	0.00208	0.00973	0.00486	0.00278	0.00973
33	0.01243	0.01170	0.01975	0.75282	0.04534	0.01463	0.01828	0.01682	0.01316	0.01682	0.01170	0.01755	0.00878	0.00658	0.00658	0.00219	0.00878	0.00585	0.00293	0.00731
34	0.01267	0.01142	0.01873	0.02232	0.26351	0.01110	0.09260	0.01652	0.03165	0.02198	0.18535	0.03943	0.10811	0.01097	0.00754	0.00223	0.00626	0.12456	0.00506	0.00798
35	0.05446	0.00995	0.01254	0.01044	0.01395	0.00938	0.00823	0.02457	0.09199	0.37306	0.21864	0.03124	0.02964	0.07107	0.00901	0.00242	0.00491	0.00828	0.00723	0.00898
36	0.01411	0.01340	0.02258	0.37479	0.37529	0.01473	0.01865	0.01815	0.01413	0.01914	0.01438	0.01890	0.04016	0.00666	0.00660	0.00208	0.00808	0.00620	0.00322	0.00875
37	0.00823	0.00585	0.00774	0.00917	0.00958	0.00551	0.00617	0.00938	0.01253	0.01668	0.03527	0.69071	0.04210	0.06618	0.00996	0.00292	0.00407	0.04667	0.00598	0.00529
38	0.78159	0.01267	0.00992	0.00879	0.01291	0.01455	0.00724	0.01990	0.01153	0.05954	0.00988	0.01119	0.00752	0.00620	0.00418	0.00204	0.00511	0.00370	0.00425	0.00730
39	0.05329	0.01475	0.01728	0.01485	0.04794	0.01636	0.01151	0.28649	0.09140	0.06969	0.01697	0.07505	0.01412	0.00912	0.00901	0.00210	0.13504	0.00675	0.00545	0.10283
40	0.01618	0.04466	0.16882	0.05114	0.07587	0.12265	0.11659	0.06830	0.04201	0.04937	0.01794	0.16217	0.01663	0.00930	0.00687	0.00213	0.00831	0.00823	0.00428	0.00852
41	0.00940	0.00705	0.01058	0.01058	0.01176	0.00823	0.00823	0.01176	0.01058	0.01528	0.01763	0.02586	0.01646	0.04937	0.74255	0.01058	0.01763	0.00705	0.00353	0.00588
42	0.01558	0.01726	0.11636	0.11550	0.46471	0.01505	0.06858	0.02007	0.01493	0.04313	0.03698	0.01755	0.01189	0.00630	0.00663	0.00202	0.00818	0.00610	0.00345	0.00976
43	0.01487	0.01228	0.01696	0.09092	0.02076	0.01026	0.07930	0.01819	0.01417	0.07291	0.01291	0.01512	0.01015	0.00536	0.00548	0.00131	0.00597	0.00470	0.00405	0.58432
44	0.01735	0.01353	0.01204	0.01061	0.01350	0.11852	0.00825	0.16764	0.11020	0.02734	0.01930	0.02081	0.01485	0.00776	0.00550	0.00174	0.00554	0.00598	0.41154	0.00800
45	0.01494	0.08078	0.22057	0.02444	0.24677	0.03047	0.09650	0.01964	0.01457	0.02074	0.04645	0.01649	0.01199	0.00638	0.00675	0.00190	0.03227	0.00566	0.00336	0.09936
46	0.01463	0.19380	0.54325	0.01724	0.02587	0.01754	0.04225	0.02088	0.01395	0.03673	0.01162	0.01350	0.00861	0.00614	0.00587	0.00194	0.00909	0.00470	0.00293	0.00946
47	0.01320	0.03405	0.73453	0.01876	0.02849	0.01529	0.02432	0.02085	0.01390	0.02085	0.01181	0.01390	0.00834	0.00625	0.00625	0.00208	0.00973	0.00486	0.00278	0.00973
48	0.00825	0.00596	0.00779	0.00905	0.00963	0.00563	0.00619	0.00950	0.01263	0.01671	0.03682	0.61516	0.09094	0.06180	0.04109	0.00319	0.00460	0.04383	0.00588	0.00534
49	0.01824	0.26673	0.18521	0.04787	0.04249	0.22974	0.04298	0.02264	0.05301	0.01797	0.01137	0.01319	0.00919	0.00633	0.00562	0.00177	0.00921	0.00458	0.00322	0.00863
50	0.02873	0.01103	0.01502	0.01158	0.01653	0.00954	0.00954	0.03130	0.01883	0.70403	0.05377	0.02347	0.01812	0.00836	0.00667	0.00204	0.00550	0.00683	0.00811	0.01100
51	0.00802	0.00573	0.00764	0.00917	0.00955	0.00535	0.00611	0.00917	0.01260	0.01681	0.03628	0.76434	0.04354	0.02062	0.00840	0.00267	0.00382	0.01872	0.00611	0.00535
52	0.00834	0.00625	0.00831	0.00999	0.03404	0.00586	0.00656	0.00970	0.01288	0.01701	0.03830	0.61683	0.12479	0.02103	0.04397	0.00298	0.00457	0.01712	0.00589	0.00557
53	0.05443	0.01545	0.01671	0.01303	0.01812	0.01607	0.01058	0.35552	0.14758	0.04897	0.01662	0.01672	0.01234	0.00720	0.00604	0.00176	0.00611	0.00557	0.00581	0.22539
54	0.01784	0.01487	0.01571	0.01369	0.01768	0.01706	0.01078	0.14884	0.59943	0.02991	0.02493	0.02308	0.01858	0.00876	0.00668	0.00219	0.00556	0.00719	0.00668	0.01055
55	0.02696	0.01534	0.01784	0.01367	0.01887	0.01581	0.01130	0.41680	0.02576	0.33764	0.02017	0.01864	0.01338	0.00801	0.00660	0.00200	0.00654	0.00622	0.00726	0.01120
56	0.04845	0.17185	0.42824	0.01826	0.09640	0.01690	0.01906	0.02042	0.04064	0.02034	0.01478	0.01644	0.04761	0.00675	0.00590	0.00195	0.00830	0.00524	0.00322	0.00924
57	0.01324	0.13897	0.16552	0.01415	0.03886	0.01482	0.01303	0.01618	0.01195	0.03674	0.01449	0.04864	0.01374	0.11162	0.17215	0.00452	0.15411	0.00649	0.00341	0.00738
58	0.01703	0.01390	0.01580	0.01368	0.01733	0.01550	0.03780	0.19344	0.40161	0.02886	0.02519	0.14775	0.02151	0.01053	0.00700	0.00224	0.00570	0.00900	0.00644	0.00969
59	0.64522	0.05759	0.08383	0.01029	0.01498	0.05800	0.00940	0.01993	0.01203	0.02712	0.00949	0.01108	0.00740	0.00614	0.00441	0.00199	0.00606	0.00373	0.00384	0.00749
60	0.01047	0.00827	0.01069	0.00972	0.01188	0.00796	0.04060	0.03626	0.07375	0.02367	0.38312	0.04905	0.19329	0.05427	0.00912	0.00242	0.00423	0.05817	0.00649	0.00657
61	0.01715	0.01327	0.01494	0.01180	0.01652	0.01280	0.00938	0.22728	0.10190	0.04704	0.01820	0.10978	0.01582	0.00833	0.00610	0.00167	0.00552	0.00686	0.00544	0.35019
62	0.01689	0.01711	0.15731	0.04891	0.20818	0.01289	0.03176	0.03592	0.05333	0.13532	0.04169	0.01908	0.02956	0.00686	0.00629	0.00185	0.00698	0.00595	0.00452	0.15960
63	0.04400	0.04682	0.05947	0.18141	0.20259	0.17690	0.01590	0.04426	0.04174	0.07996	0.01315	0.01581	0.01016	0.00681	0.00676	0.00199	0.03413	0.00541	0.00383	0.00890
64	0.01591	0.22951	0.20032	0.01430	0.01968	0.05517	0.04742	0.08102	0.01624	0.04423	0.11793	0.06322	0.01898	0.00842	0.00680	0.00194	0.03953	0.00665	0.00422	0.00852
65	0.00826	0.00659	0.00681	0.00681	0.00843	0.00578	0.00473	0.00948	0.01354	0.01643	0.05434	0.05790	0.53641	0.21888	0.01470	0.00334	0.00415	0.01273	0.00554	0.00514
66	0.01483	0.01658	0.10576	0.24223	0.43148	0.01533	0.01986	0.01971	0.03344	0.02025	0.01251	0.01661	0.00998	0.00620	0.00651	0.00205	0.00824	0.00579	0.00320	0.00945
67	0.01693	0.01709	0.09469	0.16754	0.38661	0.03836	0.05208	0.04929	0.01566	0.07887	0.01342	0.01670	0.01033	0.00632	0.00656	0.00203	0.00827	0.00587	0.00369	0.00970
68	0.00881	0.00675	0.00854	0.00912	0.01036	0.00666	0.00664	0.01134	0.04733	0.01783	0.07607	0.34580	0.19920	0.02485	0.16599	0.00422	0.00676	0.03226	0.00564	0.00582
69	0.00929	0.00703	0.01029	0.01029	0.01155	0.00803	0.00799	0.01159	0.01090	0.01547	0.02122	0.02861	0.06828	0.04698	0.68880	0.00997	0.01659	0.00755	0.00372	0.00585
70	0.01373	0.04303	0.06907	0.01597	0.07112	0.12073	0.04550	0.01639	0.01258	0.01652	0.01417	0.02065	0.01299	0.06666	0.32771	0.00600	0.11050	0.00626	0.00334	0.00708
71	0.21295	0.06919	0.05016	0.04541	0.13925	0.09005	0.06387	0.05570	0.05307	0.10562	0.01391	0.01567	0.01060	0.00842	0.03740	0.00234	0.00787	0.00530	0.00434	0.00887
72	0.37945	0.04146	0.01441	0.01292	0.07069	0.01500	0.00955	0.04880	0.13362	0.02648	0.01311	0.01439	0.01034	0.00668	0.00581	0.00190	0.04200	0.00467	0.00443	0.14428
73	0.01483	0.05264	0.38095	0.01512	0.02181	0.04495	0.01678	0.04844	0.09213	0.05224	0.06816	0.01999	0.04079	0.00833	0.00727	0.04121	0.00774	0.00602	0.00414	0.05645
74	0.01678	0.04820	0.17783	0.02273	0.14327	0.06584	0.20026	0.05019	0.01581	0.07973	0.01646	0.04981	0.03880	0.00745	0.00739	0.00210	0.03739	0.00688	0.00393	0.00917
75	0.21509	0.01651	0.14436	0.01494	0.05748	0.01298	0.06340	0.02498	0.04344	0.28472	0.01711	0.01708	0.01174	0.00689	0.00594	0.00202	0.00669	0.00552	0.00534	0.04377
76	0.02001	0.01153	0.04363	0.01148	0.01501	0.04456	0.00952	0.04849	0.01751	0.34471	0.12360	0.12587	0.02793	0.03960	0.00823	0.00238	0.00565	0.08477	0.00686	0.00868
77	0.06965	0.01765	0.20743	0.04176	0.01946	0.03589	0.03882	0.07089	0.04383	0.05509	0.05760	0.03014	0.16585	0.01195	0.04345	0.00259	0.03851	0.03665	0.00470	0.00807
78	0.04839	0.27248	0.07752	0.07154	0.10771	0.04543	0.01359	0.10991	0.03953	0.06422	0.04023	0.01880	0.01343	0.00736	0.00582	0.00187	0.00726	0.04170	0.00422	0.00900
79	0.06881	0.01473	0.15384	0.01573	0.13221	0.01091	0.01218	0.06790	0.01553	0.02173	0.05034	0.12554	0.26109	0.01185	0.00700	0.00217	0.00581	0.01001	0.00491	0.00771
80	0.04882	0.04482	0.01505	0.01633	0.13780	0.08940	0.01083	0.05595	0.03100	0.05051	0.06991	0.19658	0.06924	0.01271	0.00727	0.00228	0.00617	0.12247	0.00528	0.00756
81	0.59045	0.01272	0.01238	0.04012	0.01562	0.01430	0.04549	0.04215	0.04308	0.05880	0.06093	0.01529	0.01225	0.00688	0.00493	0.00206	0.00552	0.00484	0.00458	0.00761
82	0.26205	0.04088	0.01384	0.07595	0.07742	0.01340	0.00977	0.10868	0.04549	0.02522	0.04029	0.04634	0.16558	0.01104	0.03563	0.00242	0.00606	0.00739	0.00485	0.00771
83	0.12655	0.04622	0.04153	0.01600	0.06820	0.14571	0.04547	0.18047	0.05860	0.15768	0.03982	0.01715	0.01305	0.00737	0.00615	0.00196	0.00753	0.00569	0.00535	0.00950

[dist]
# distance from previous block
# <min> <max>
3	14

[block]
# block no. 1 follows, 33 sequences, length 49
# corresponding to MSA columns:
# 172-220
name=unknown_B
#
# <colnr> <probs for GDERKNQSTAVLIFYWHMCP>
#	G	D	E	R	K	N	Q	S	T	A	V	L	I	F	Y	W	H	M	C	P
0	0.03655	0.12384	0.03658	0.01223	0.01474	0.07378	0.03786	0.01599	0.01285	0.04405	0.07695	0.02388	0.01785	0.09816	0.26953	0.00545	0.08229	0.00670	0.00388	0.00684
1	0.27238	0.08631	0.04129	0.06537	0.04823	0.11894	0.04081	0.14288	0.01720	0.06972	0.03191	0.01465	0.01066	0.00681	0.00555	0.00194	0.00735	0.00497	0.00446	0.00857
2	0.01081	0.00805	0.00984	0.00918	0.01167	0.00677	0.00667	0.01260	0.01326	0.04523	0.02957	0.36253	0.09108	0.06566	0.00887	0.00232	0.00442	0.03094	0.00533	0.26519
3	0.01398	0.09165	0.06830	0.39569	0.10795	0.01571	0.03568	0.03868	0.07018	0.01928	0.01470	0.03769	0.01227	0.00754	0.00653	0.00213	0.00803	0.04217	0.00360	0.00821
4	0.01388	0.01361	0.05994	0.03290	0.01848	0.01032	0.05096	0.01834	0.06021	0.02166	0.01280	0.01475	0.01033	0.00532	0.00530	0.00124	0.00568	0.00448	0.00395	0.63585
5	0.00953	0.00655	0.00803	0.00803	0.00832	0.00684	0.00504	0.01012	0.00982	0.01339	0.01997	0.03880	0.02207	0.58972	0.20988	0.00743	0.00918	0.00895	0.00387	0.00446
6	0.04480	0.01690	0.12663	0.02108	0.07144	0.03360	0.28915	0.01926	0.01515	0.04893	0.01952	0.05031	0.01804	0.00952	0.00760	0.00238	0.00876	0.18441	0.00425	0.00827
7	0.00955	0.00648	0.00767	0.00767	0.00783	0.00665	0.00459	0.00989	0.00972	0.01312	0.02030	0.04062	0.02287	0.66590	0.13479	0.00698	0.00799	0.00921	0.00392	0.00426
8	0.01797	0.73306	0.03365	0.01157	0.01708	0.06425	0.01134	0.02006	0.01366	0.01552	0.00921	0.01063	0.00845	0.00569	0.00432	0.00142	0.00730	0.00356	0.00285	0.00840
9	0.01457	0.26388	0.51668	0.01643	0.02488	0.01864	0.02026	0.02050	0.01374	0.01918	0.01099	0.01286	0.00837	0.00606	0.00562	0.00187	0.00889	0.00445	0.00279	0.00933
10	0.00802	0.00573	0.00764	0.00917	0.00955	0.00535	0.00611	0.00917	0.01260	0.01681	0.03628	0.76434	0.04354	0.02062	0.00840	0.00267	0.00382	0.01872	0.00611	0.00535
11	0.01377	0.01180	0.01370	0.00991	0.01567	0.00910	0.00791	0.01736	0.04346	0.02171	0.01234	0.01411	0.01019	0.00505	0.00495	0.00103	0.00489	0.00405	0.00402	0.77498
12	0.02321	0.01754	0.01873	0.01478	0.01972	0.01957	0.01207	0.56454	0.17499	0.03855	0.01812	0.01765	0.01307	0.00812	0.00661	0.00203	0.00682	0.00625	0.00661	0.01103
13	0.01632	0.01502	0.02675	0.01948	0.02531	0.01372	0.36149	0.08500	0.01651	0.06655	0.01531	0.06285	0.01250	0.00668	0.00683	0.00187	0.00824	0.00714	0.00426	0.22816
14	0.02696	0.01182	0.01531	0.01188	0.01666	0.01090	0.00976	0.12740	0.02057	0.56525	0.09100	0.02400	0.01992	0.00862	0.00672	0.00203	0.00560	0.00702	0.00784	0.01073
15	0.01457	0.01597	0.03311	0.02444	0.02967	0.01568	0.54506	0.01921	0.01469	0.02011	0.01564	0.08661	0.01383	0.00797	0.00931	0.00236	0.08797	0.03187	0.00363	0.00829
16	0.01523	0.39796	0.15232	0.01249	0.01782	0.03493	0.01260	0.02039	0.10432	0.01865	0.04407	0.07586	0.05225	0.00823	0.00559	0.00181	0.00680	0.00632	0.00392	0.00844
17	0.00946	0.08104	0.06456	0.01005	0.01179	0.00818	0.00808	0.01135	0.01322	0.01753	0.06258	0.55343	0.06595	0.01757	0.00782	0.00248	0.00459	0.03869	0.00560	0.00604
18	0.00910	0.00656	0.00860	0.00843	0.00979	0.00606	0.00619	0.01187	0.01761	0.02477	0.60724	0.17068	0.05896	0.01468	0.00787	0.00217	0.00323	0.01306	0.00705	0.00606
19	0.02028	0.24103	0.09138	0.01504	0.02006	0.01796	0.08845	0.04894	0.01541	0.23112	0.01503	0.01602	0.01108	0.00749	0.00847	0.00201	0.13080	0.00549	0.00461	0.00933
20	0.01629	0.11810	0.09499	0.02405	0.03059	0.07191	0.50538	0.02128	0.01535	0.01997	0.01242	0.01606	0.00954	0.00571	0.00705	0.00206	0.01052	0.00671	0.00322	0.00880
21	0.01347	0.01329	0.01911	0.07127	0.01895	0.01777	0.03735	0.01533	0.01099	0.01626	0.01492	0.01987	0.07723	0.01294	0.04722	0.00305	0.57404	0.00666	0.00323	0.00706
22	0.01295	0.01228	0.02044	0.63006	0.10823	0.01514	0.01818	0.01707	0.01311	0.01719	0.01154	0.01720	0.00892	0.00688	0.00770	0.00222	0.06450	0.00585	0.00295	0.00760
23	0.01320	0.03405	0.73453	0.01876	0.02849	0.01529	0.02432	0.02085	0.01390	0.02085	0.01181	0.01390	0.00834	0.00625	0.00625	0.00208	0.00973	0.00486	0.00278	0.00973
24	0.01544	0.01863	0.08849	0.02571	0.03232	0.01652	0.58692	0.02239	0.08211	0.02168	0.01449	0.01812	0.01083	0.00592	0.00755	0.00221	0.01044	0.00752	0.00361	0.00909
25	0.01334	0.01317	0.01966	0.69789	0.04348	0.06893	0.01787	0.01753	0.01357	0.01677	0.01159	0.01713	0.00875	0.00660	0.00653	0.00216	0.00901	0.00573	0.00296	0.00734
26	0.00954	0.00653	0.00793	0.00793	0.00819	0.00679	0.00493	0.01006	0.00980	0.01332	0.02005	0.03927	0.02228	0.60939	0.19049	0.00731	0.00887	0.00902	0.00389	0.00441
27	0.00940	0.00705	0.01058	0.01058	0.01176	0.00823	0.00823	0.01176	0.01058	0.01528	0.01763	0.02586	0.01646	0.04937	0.74255	0.01058	0.01763	0.00705	0.00353	0.00588
28	0.02311	0.02890	0.02118	0.01974	0.07448	0.61887	0.07909	0.02534	0.01809	0.01699	0.01064	0.01276	0.00877	0.00660	0.00615	0.00177	0.01150	0.00470	0.00338	0.00796
29	0.01272	0.01200	0.02027	0.69964	0.09626	0.01470	0.01843	0.01707	0.01330	0.01717	0.01175	0.01746	0.00890	0.00653	0.00658	0.00218	0.00870	0.00585	0.00295	0.00755
30	0.00800	0.00582	0.00755	0.00893	0.00949	0.00537	0.00601	0.00919	0.01283	0.01690	0.03918	0.69757	0.10844	0.02025	0.00834	0.00263	0.00377	0.01826	0.00611	0.00537
31	0.02869	0.01139	0.01525	0.01182	0.01683	0.01011	0.00972	0.03227	0.06381	0.68666	0.02603	0.02255	0.01654	0.00820	0.00663	0.00205	0.00558	0.00667	0.00805	0.01115
32	0.02778	0.01083	0.01464	0.01136	0.01618	0.00936	0.00933	0.03031	0.01867	0.67270	0.05618	0.02526	0.04858	0.00873	0.00672	0.00205	0.00540	0.00715	0.00802	0.01076
33	0.00945	0.00687	0.00966	0.00966	0.01052	0.00773	0.00709	0.01117	0.01031	0.01460	0.01847	0.03050	0.01847	0.24311	0.55157	0.00945	0.01460	0.00773	0.00365	0.00537
34	0.01381	0.13525	0.63861	0.01774	0.02690	0.01676	0.02253	0.02069	0.01383	0.02011	0.01145	0.01344	0.00835	0.00617	0.00598	0.00199	0.00936	0.00468	0.00278	0.00955
35	0.00802	0.00573	0.00764	0.00917	0.00955	0.00535	0.00611	0.00917	0.01260	0.01681	0.03628	0.76434	0.04354	0.02062	0.00840	0.00267	0.00382	0.01872	0.00611	0.00535
36	0.01365	0.01170	0.01365	0.00975	0.01560	0.00878	0.00780	0.01658	0.01365	0.02145	0.01170	0.01365	0.00975	0.00488	0.00488	0.00098	0.00488	0.00390	0.00390	0.80888
37	0.00964	0.00768	0.01134	0.01133	0.01263	0.00745	0.07297	0.02771	0.05685	0.01844	0.03304	0.63041	0.03816	0.01818	0.00820	0.00259	0.00468	0.01668	0.00589	0.00613
38	0.00802	0.00573	0.00764	0.00917	0.00955	0.00535	0.00611	0.00917	0.01260	0.01681	0.03628	0.76434	0.04354	0.02062	0.00840	0.00267	0.00382	0.01872	0.00611	0.00535
39	0.01841	0.00926	0.01188	0.01003	0.01334	0.00849	0.00793	0.02245	0.07719	0.32730	0.30427	0.03701	0.10212	0.01111	0.00719	0.00208	0.00437	0.00946	0.00748	0.00864
40	0.01571	0.01727	0.03607	0.03065	0.19323	0.01642	0.54706	0.02089	0.01541	0.02118	0.01310	0.01742	0.01009	0.00562	0.00748	0.00216	0.01035	0.00733	0.00331	0.00923
41	0.00984	0.00752	0.01075	0.01052	0.01139	0.00886	0.00798	0.01170	0.01036	0.01488	0.01746	0.02798	0.01715	0.17316	0.55967	0.00922	0.07495	0.00739	0.00356	0.00565
42	0.01243	0.01170	0.01975	0.75282	0.04534	0.01463	0.01828	0.01682	0.01316	0.01682	0.01170	0.01755	0.00878	0.00658	0.00658	0.00219	0.00878	0.00585	0.00293	0.00731
43	0.01550	0.01822	0.06278	0.02810	0.07117	0.01655	0.64321	0.02103	0.01545	0.02110	0.01322	0.01754	0.00995	0.00559	0.00765	0.00220	0.01088	0.00756	0.00331	0.00899
44	0.01388	0.08684	0.50777	0.01858	0.08407	0.01514	0.02037	0.02004	0.01391	0.02058	0.01164	0.01380	0.00874	0.00596	0.00590	0.00185	0.00860	0.00469	0.00300	0.13465
45	0.00940	0.00705	0.01058	0.01058	0.01176	0.00823	0.00823	0.01176	0.01058	0.01528	0.01763	0.02586	0.01646	0.04937	0.74255	0.01058	0.01763	0.00705	0.00353	0.00588
46	0.01656	0.01736	0.03797	0.17105	0.42346	0.11136	0.05478	0.02105	0.04521	0.02013	0.01262	0.01634	0.01021	0.00625	0.00652	0.00200	0.00864	0.00580	0.00335	0.00937
47	0.01411	0.01366	0.01821	0.36854	0.04870	0.07341	0.03814	0.01776	0.01394	0.01877	0.01165	0.01559	0.00920	0.00590	0.00593	0.00169	0.00763	0.00505	0.00335	0.30878
48	0.01344	0.01244	0.05251	0.01177	0.04612	0.00921	0.02633	0.01665	0.01439	0.03850	0.08235	0.03390	0.04021	0.00662	0.00558	0.00131	0.00519	0.00559	0.00434	0.57356

[dist]
# distance from previous block
# <min> <max>
2	6

[block]
# block no. 2 follows, 33 sequences, length 14
# corresponding to MSA columns:
# 227-240
name=unknown_C
#
# <colnr> <probs for GDERKNQSTAVLIFYWHMCP>
#	G	D	E	R	K	N	Q	S	T	A	V	L	I	F	Y	W	H	M	C	P
0	0.01862	0.01540	0.01935	0.01662	0.05113	0.01690	0.09618	0.16942	0.42810	0.06087	0.02223	0.02148	0.01645	0.00814	0.00680	0.00216	0.00648	0.00707	0.00618	0.01043
1	0.01704	0.12325	0.02150	0.01594	0.01792	0.16786	0.03355	0.04915	0.01341	0.01703	0.01033	0.01498	0.00961	0.03453	0.05266	0.00288	0.38223	0.00539	0.00322	0.00753
2	0.01305	0.01101	0.01297	0.00955	0.01480	0.00842	0.00758	0.01600	0.01435	0.02214	0.11103	0.01860	0.01705	0.00607	0.00528	0.00113	0.00463	0.00502	0.00437	0.69697
3	0.00995	0.00689	0.00860	0.00816	0.00997	0.00619	0.00612	0.01259	0.01747	0.06053	0.50098	0.09587	0.20338	0.01434	0.00775	0.00214	0.00333	0.01249	0.00697	0.00627
4	0.01538	0.01500	0.07741	0.01647	0.08556	0.01435	0.06174	0.06603	0.35493	0.04275	0.05142	0.06356	0.08706	0.00958	0.00694	0.00219	0.00607	0.00833	0.00576	0.00945
5	0.00942	0.00701	0.01035	0.01035	0.01145	0.00811	0.00795	0.01161	0.01051	0.01511	0.01784	0.02701	0.01696	0.09724	0.69537	0.01030	0.01688	0.00722	0.00356	0.00575
6	0.01360	0.01290	0.02186	0.53662	0.25238	0.01493	0.01887	0.01785	0.01372	0.01824	0.01191	0.01717	0.00928	0.00636	0.00656	0.00212	0.00849	0.00586	0.00303	0.00826
7	0.00943	0.00693	0.00997	0.00997	0.01093	0.00790	0.00747	0.01136	0.01040	0.01483	0.01819	0.02895	0.01780	0.17852	0.61523	0.00983	0.01561	0.00751	0.00361	0.00554
8	0.01582	0.01351	0.01426	0.01289	0.01631	0.01557	0.00990	0.03293	0.65856	0.02634	0.02631	0.02606	0.02041	0.07038	0.00887	0.00257	0.00530	0.00762	0.00648	0.00990
9	0.01881	0.01609	0.01621	0.01400	0.01805	0.05828	0.01103	0.18712	0.52049	0.03007	0.02336	0.02185	0.01741	0.00858	0.00663	0.00214	0.00605	0.00692	0.00649	0.01044
10	0.00940	0.00705	0.01058	0.01058	0.01176	0.00823	0.00823	0.01176	0.01058	0.01528	0.01763	0.02586	0.01646	0.04937	0.74255	0.01058	0.01763	0.00705	0.00353	0.00588
11	0.00926	0.00666	0.00799	0.00811	0.00968	0.00598	0.00592	0.01122	0.01536	0.04505	0.24487	0.20991	0.29104	0.06038	0.00943	0.00255	0.00374	0.04065	0.00639	0.00583
12	0.81514	0.01273	0.00968	0.00866	0.01273	0.01477	0.00713	0.01935	0.01120	0.02954	0.00917	0.01069	0.00713	0.00611	0.00407	0.00204	0.00509	0.00356	0.00407	0.00713
13	0.01320	0.03405	0.73453	0.01876	0.02849	0.01529	0.02432	0.02085	0.01390	0.02085	0.01181	0.01390	0.00834	0.00625	0.00625	0.00208	0.00973	0.00486	0.00278	0.00973

[dist]
# distance from previous block
# <min> <max>
1	2

[block]
# block no. 3 follows, 33 sequences, length 16
# corresponding to MSA columns:
# 243-245,250-262
name=unknown_D
#
# <colnr> <probs for GDERKNQSTAVLIFYWHMCP>
#	G	D	E	R	K	N	Q	S	T	A	V	L	I	F	Y	W	H	M	C	P
0	0.01440	0.01440	0.02016	0.01728	0.01728	0.02016	0.01440	0.01584	0.01008	0.01584	0.00864	0.01440	0.00864	0.01152	0.02160	0.00288	0.75659	0.00576	0.00288	0.00720
1	0.01470	0.01196	0.01396	0.01005	0.01584	0.00929	0.00806	0.04565	0.01456	0.04812	0.01239	0.01406	0.01005	0.00512	0.00501	0.00106	0.00500	0.00408	0.00417	0.74687
2	0.02394	0.02803	0.01854	0.01658	0.01976	0.60989	0.01265	0.02567	0.01779	0.07280	0.01127	0.01297	0.00912	0.00738	0.00760	0.00184	0.08800	0.00459	0.00372	0.00787
3	0.05409	0.01973	0.11886	0.01473	0.02039	0.07496	0.01331	0.36709	0.02391	0.20189	0.01698	0.01661	0.01165	0.00757	0.00640	0.00199	0.00749	0.00572	0.00607	0.01055
4	0.01452	0.01264	0.02030	0.52039	0.15533	0.01469	0.01736	0.06863	0.01522	0.04669	0.04204	0.01870	0.01171	0.00690	0.00662	0.00213	0.00815	0.00614	0.00363	0.00822
5	0.01629	0.01564	0.02672	0.04041	0.72757	0.01564	0.02020	0.02020	0.01499	0.02151	0.01238	0.01629	0.01043	0.00587	0.00652	0.00196	0.00782	0.00587	0.00326	0.01043
6	0.00932	0.00673	0.00880	0.00828	0.00984	0.00621	0.00621	0.01242	0.01863	0.02640	0.72410	0.04918	0.06212	0.01346	0.00776	0.00207	0.00311	0.01191	0.00725	0.00621
7	0.01254	0.00880	0.01079	0.00958	0.01187	0.00871	0.00739	0.09851	0.06307	0.05942	0.56470	0.04244	0.05135	0.01227	0.00751	0.00207	0.00385	0.01067	0.00717	0.00729
8	0.00836	0.00604	0.00797	0.00928	0.00995	0.00565	0.00652	0.00986	0.01340	0.01780	0.08363	0.60848	0.08025	0.01969	0.00840	0.00265	0.00398	0.08644	0.00618	0.00549
9	0.02060	0.01637	0.02136	0.09496	0.09885	0.01783	0.07892	0.41783	0.06080	0.03228	0.01509	0.01695	0.01123	0.00830	0.00788	0.05171	0.00763	0.00615	0.00532	0.00994
10	0.00953	0.00678	0.00847	0.00838	0.00976	0.00643	0.00610	0.01270	0.04444	0.02360	0.45853	0.18074	0.07787	0.04546	0.00866	0.00233	0.00346	0.01254	0.06811	0.00609
11	0.01658	0.01655	0.02565	0.06270	0.61062	0.07292	0.03696	0.02030	0.01517	0.02078	0.01283	0.03549	0.01106	0.00634	0.00656	0.00197	0.00816	0.00612	0.00333	0.00992
12	0.01623	0.01353	0.01431	0.01274	0.01634	0.01539	0.00994	0.08527	0.57373	0.02804	0.05530	0.02656	0.05202	0.00932	0.00669	0.00218	0.00512	0.00773	0.03966	0.00992
13	0.03633	0.03458	0.13600	0.07346	0.17842	0.06436	0.03439	0.17811	0.03927	0.13814	0.01534	0.01661	0.01111	0.00694	0.00642	0.00200	0.00793	0.00573	0.00480	0.01006
14	0.01858	0.42181	0.17598	0.01415	0.02023	0.13993	0.01434	0.09055	0.01613	0.01934	0.01055	0.01200	0.00871	0.00618	0.00516	0.00165	0.00841	0.00416	0.00328	0.00886
15	0.00800	0.00579	0.00757	0.00900	0.00950	0.00536	0.00604	0.00919	0.01276	0.01687	0.03831	0.71758	0.08900	0.02036	0.00836	0.00264	0.00379	0.01839	0.00611	0.00536

[dist]
# distance from previous block
# <min> <max>
0	4

[block]
# block no. 4 follows, 33 sequences, length 57
# corresponding to MSA columns:
# 267-323
name=unknown_E
#
# <colnr> <probs for GDERKNQSTAVLIFYWHMCP>
#	G	D	E	R	K	N	Q	S	T	A	V	L	I	F	Y	W	H	M	C	P
0	0.59891	0.01464	0.04604	0.01089	0.03661	0.04094	0.00893	0.04987	0.01302	0.04937	0.01043	0.01188	0.00801	0.00617	0.00457	0.00193	0.00574	0.00395	0.00418	0.07392
1	0.00802	0.00573	0.00764	0.00917	0.00955	0.00535	0.00611	0.00917	0.01260	0.01681	0.03628	0.76434	0.04354	0.02062	0.00840	0.00267	0.00382	0.01872	0.00611	0.00535
2	0.02138	0.07615	0.16045	0.01652	0.02152	0.42820	0.01473	0.09576	0.06756	0.02043	0.01218	0.01349	0.00955	0.00687	0.00601	0.00182	0.01020	0.00472	0.00380	0.00866
3	0.01695	0.22049	0.27049	0.01642	0.05311	0.03908	0.06131	0.05906	0.01552	0.08036	0.03105	0.01503	0.01092	0.00636	0.00579	0.00179	0.00801	0.00503	0.00374	0.07946
4	0.01581	0.01419	0.02419	0.17390	0.48310	0.01459	0.04830	0.01976	0.01509	0.05950	0.05646	0.01894	0.01356	0.00658	0.00667	0.00202	0.00774	0.00636	0.00371	0.00954
5	0.01620	0.02475	0.34022	0.02167	0.02944	0.01629	0.29505	0.10778	0.01688	0.04806	0.01341	0.01598	0.00964	0.00624	0.00692	0.00212	0.00982	0.00623	0.00367	0.00962
6	0.00880	0.00662	0.00908	0.07755	0.01307	0.00659	0.00735	0.01093	0.03132	0.01825	0.11798	0.58927	0.04202	0.01816	0.00811	0.00254	0.00422	0.01641	0.00597	0.00576
7	0.01440	0.01440	0.02016	0.01728	0.01728	0.02016	0.01440	0.01584	0.01008	0.01584	0.00864	0.01440	0.00864	0.01152	0.02160	0.00288	0.75659	0.00576	0.00288	0.00720
8	0.01599	0.01525	0.02594	0.03900	0.69618	0.01523	0.01959	0.01986	0.01515	0.02172	0.04351	0.01773	0.01269	0.00620	0.00657	0.00196	0.00761	0.00613	0.00343	0.01024
9	0.00901	0.00615	0.00735	0.00790	0.00804	0.00601	0.00476	0.00943	0.01067	0.01423	0.02637	0.30439	0.03104	0.49764	0.02441	0.00504	0.00545	0.01289	0.00476	0.00448
10	0.01308	0.01230	0.02135	0.57069	0.10738	0.01439	0.08155	0.01745	0.01360	0.01815	0.01252	0.01788	0.00955	0.00648	0.00656	0.00213	0.00855	0.00605	0.05264	0.00768
11	0.00827	0.00598	0.00783	0.00886	0.00957	0.00553	0.00608	0.00984	0.01395	0.01881	0.17793	0.58434	0.08064	0.01897	0.00824	0.00253	0.00365	0.01709	0.00634	0.00553
12	0.00802	0.00573	0.00764	0.00917	0.00955	0.00535	0.00611	0.00917	0.01260	0.01681	0.03628	0.76434	0.04354	0.02062	0.00840	0.00267	0.00382	0.01872	0.00611	0.00535
13	0.02954	0.01120	0.01528	0.01171	0.01681	0.00968	0.00968	0.03208	0.01884	0.73213	0.02597	0.02241	0.01630	0.00815	0.00662	0.00204	0.00560	0.00662	0.00815	0.01120
14	0.01408	0.01352	0.02307	0.43602	0.25112	0.01519	0.07140	0.01925	0.05499	0.01921	0.01292	0.01759	0.01004	0.00642	0.00666	0.00213	0.00846	0.00610	0.00328	0.00857
15	0.01776	0.01483	0.01566	0.01368	0.01764	0.01702	0.01075	0.14201	0.60641	0.02977	0.02504	0.02316	0.01868	0.00877	0.00668	0.00219	0.00553	0.00720	0.00668	0.01054
16	0.01243	0.01170	0.01975	0.75282	0.04534	0.01463	0.01828	0.01682	0.01316	0.01682	0.01170	0.01755	0.00878	0.00658	0.00658	0.00219	0.00878	0.00585	0.00293	0.00731
17	0.00940	0.00705	0.01058	0.01058	0.01176	0.00823	0.00823	0.01176	0.01058	0.01528	0.01763	0.02586	0.01646	0.04937	0.74255	0.01058	0.01763	0.00705	0.00353	0.00588
18	0.01790	0.74121	0.03383	0.01151	0.01704	0.05637	0.01133	0.01999	0.01360	0.01551	0.00920	0.01062	0.00845	0.00568	0.00430	0.00142	0.00724	0.00355	0.00284	0.00841
19	0.01614	0.01372	0.01807	0.01518	0.01649	0.01745	0.01240	0.10460	0.01344	0.06283	0.01207	0.01806	0.01111	0.09039	0.01907	0.00297	0.49285	0.00613	0.00385	0.05318
20	0.01161	0.01406	0.14657	0.01217	0.01591	0.01079	0.03292	0.01928	0.21433	0.02130	0.05808	0.20607	0.18422	0.01298	0.00733	0.00230	0.00542	0.01123	0.00560	0.00781
21	0.01690	0.01445	0.01558	0.01440	0.04101	0.01660	0.01087	0.07541	0.65054	0.02819	0.02564	0.02375	0.01923	0.00877	0.00669	0.00221	0.00542	0.00730	0.00658	0.01047
22	0.01760	0.77260	0.03450	0.01126	0.01690	0.02605	0.01126	0.01971	0.01338	0.01549	0.00915	0.01056	0.00845	0.00563	0.00422	0.00141	0.00704	0.00352	0.00282	0.00845
23	0.01024	0.00937	0.03665	0.00973	0.01238	0.00839	0.03662	0.01555	0.13287	0.02238	0.26457	0.07279	0.31597	0.01364	0.00756	0.00219	0.00415	0.01176	0.00633	0.00686
24	0.00924	0.00626	0.00733	0.00763	0.00776	0.00616	0.00451	0.00958	0.01049	0.01404	0.04587	0.19545	0.02926	0.58735	0.02741	0.00547	0.00574	0.01157	0.00454	0.00434
25	0.01615	0.01550	0.02647	0.06618	0.70289	0.01561	0.02013	0.02008	0.01492	0.02134	0.01236	0.01634	0.01037	0.00589	0.00652	0.00196	0.00786	0.00587	0.00325	0.01032
26	0.01044	0.00752	0.01037	0.01179	0.01335	0.00745	0.01027	0.01338	0.01515	0.01958	0.03680	0.07359	0.07980	0.01809	0.00901	0.00298	0.00590	0.64242	0.00607	0.00603
27	0.02503	0.01844	0.01976	0.01515	0.02042	0.02042	0.01251	0.70562	0.03095	0.04149	0.01581	0.01581	0.01120	0.00790	0.00659	0.00198	0.00724	0.00593	0.00659	0.01120
28	0.02330	0.01728	0.01846	0.01447	0.01936	0.01919	0.01185	0.58720	0.11512	0.03889	0.01746	0.01734	0.01259	0.00802	0.00650	0.00199	0.00678	0.00613	0.04725	0.01084
29	0.01744	0.61156	0.13856	0.01265	0.01887	0.02406	0.01331	0.06556	0.01463	0.01802	0.00999	0.01141	0.00861	0.00588	0.00469	0.00155	0.00746	0.00388	0.00306	0.00882
30	0.01467	0.01434	0.02408	0.36546	0.35605	0.03237	0.06085	0.01885	0.01427	0.01921	0.01208	0.01685	0.00960	0.00620	0.00661	0.00207	0.00855	0.00594	0.00311	0.00884
31	0.00966	0.00686	0.00875	0.00866	0.00906	0.00744	0.00577	0.01052	0.00993	0.01372	0.01930	0.03629	0.02090	0.49837	0.27651	0.00772	0.03342	0.00859	0.00380	0.00474
32	0.01523	0.01970	0.23297	0.01318	0.02004	0.04253	0.01337	0.05968	0.01515	0.04814	0.01243	0.01410	0.00959	0.00567	0.00550	0.00144	0.00681	0.00443	0.00385	0.45617
33	0.01421	0.03039	0.56030	0.01853	0.02636	0.06133	0.03835	0.02092	0.03279	0.02009	0.01174	0.01422	0.00875	0.00703	0.00829	0.00217	0.10723	0.00508	0.00295	0.00927
34	0.02412	0.01219	0.01529	0.01150	0.01685	0.01063	0.00942	0.10449	0.01863	0.43367	0.02040	0.01895	0.01369	0.00711	0.00608	0.00170	0.00557	0.00570	0.00666	0.25735
35	0.02451	0.01361	0.04767	0.01302	0.01782	0.01245	0.03438	0.17314	0.05902	0.41539	0.02290	0.05326	0.01647	0.05490	0.00836	0.00234	0.00627	0.00717	0.00699	0.01033
36	0.01554	0.01776	0.03885	0.02775	0.03441	0.01665	0.70366	0.02109	0.01554	0.02109	0.01332	0.01776	0.00999	0.00555	0.00777	0.00222	0.01110	0.00777	0.00333	0.00888
37	0.02459	0.03138	0.01866	0.01696	0.02035	0.74221	0.01272	0.02629	0.01866	0.01611	0.01018	0.01187	0.00848	0.00678	0.00594	0.00170	0.01187	0.00424	0.00339	0.00763
38	0.04899	0.01174	0.01538	0.01188	0.01692	0.01062	0.00979	0.07018	0.04029	0.65366	0.02499	0.02180	0.01589	0.00811	0.00656	0.00204	0.00567	0.00653	0.00791	0.01108
39	0.01410	0.01395	0.02180	0.51017	0.17951	0.05649	0.04318	0.01815	0.01380	0.01784	0.01168	0.01685	0.00913	0.00662	0.00721	0.00215	0.04051	0.00583	0.00303	0.00801
40	0.00941	0.00702	0.01041	0.01041	0.01152	0.00814	0.00801	0.01164	0.01053	0.01515	0.01779	0.02674	0.01684	0.08599	0.70646	0.01037	0.01706	0.00718	0.00355	0.00578
41	0.00802	0.00573	0.00764	0.00917	0.00955	0.00535	0.00611	0.00917	0.01260	0.01681	0.03628	0.76434	0.04354	0.02062	0.00840	0.00267	0.00382	0.01872	0.00611	0.00535
42	0.04967	0.02171	0.01885	0.01596	0.01914	0.29157	0.01273	0.21609	0.01974	0.06260	0.01221	0.01415	0.00967	0.00834	0.01003	0.00210	0.19707	0.00521	0.00445	0.00871
43	0.06719	0.57293	0.03010	0.01276	0.04304	0.02392	0.01148	0.11396	0.03661	0.02048	0.01071	0.01191	0.00916	0.00608	0.00470	0.00157	0.00692	0.00405	0.00354	0.00887
44	0.01062	0.00893	0.01074	0.05578	0.05203	0.00894	0.00802	0.01626	0.15218	0.02218	0.23266	0.04657	0.32378	0.01308	0.00742	0.00217	0.00421	0.01117	0.00619	0.00705
45	0.00861	0.00598	0.00746	0.00841	0.00864	0.00574	0.00530	0.00932	0.01145	0.01526	0.03035	0.48916	0.03606	0.30601	0.01798	0.00409	0.00480	0.01523	0.00530	0.00483
46	0.01642	0.01709	0.03210	0.02680	0.14086	0.03942	0.45200	0.09199	0.01696	0.02283	0.01493	0.06903	0.01247	0.00693	0.00743	0.00217	0.00969	0.00792	0.00385	0.00908
47	0.01713	0.03784	0.04821	0.28184	0.31515	0.01481	0.01759	0.03896	0.01528	0.12887	0.01419	0.01739	0.01063	0.00652	0.00648	0.00204	0.00784	0.00587	0.00395	0.00939
48	0.00802	0.00573	0.00764	0.00917	0.00955	0.00535	0.00611	0.00917	0.01260	0.01681	0.03628	0.76434	0.04354	0.02062	0.00840	0.00267	0.00382	0.01872	0.00611	0.00535
49	0.00809	0.00613	0.00737	0.00830	0.00931	0.00553	0.00575	0.00940	0.01332	0.01700	0.04568	0.47413	0.27160	0.05731	0.00949	0.00272	0.00384	0.03367	0.00600	0.00537
50	0.01950	0.06862	0.06612	0.02493	0.29661	0.16382	0.03924	0.02391	0.06609	0.12147	0.01630	0.01778	0.03255	0.00692	0.00634	0.00192	0.00819	0.00584	0.00426	0.00960
51	0.01404	0.03289	0.69792	0.01840	0.02790	0.01500	0.02358	0.02142	0.01415	0.05705	0.01253	0.01433	0.00874	0.00635	0.00627	0.00208	0.00952	0.00495	0.00305	0.00980
52	0.02770	0.01415	0.01710	0.01311	0.01828	0.01405	0.01083	0.30636	0.02377	0.45089	0.02183	0.01972	0.01422	0.00805	0.00661	0.00201	0.00627	0.00634	0.00751	0.01120
53	0.01614	0.01515	0.02521	0.15513	0.57797	0.01574	0.01947	0.05690	0.01556	0.02183	0.01246	0.01647	0.01020	0.00609	0.00653	0.00200	0.00795	0.00587	0.00339	0.00996
54	0.01907	0.61709	0.03117	0.01246	0.01762	0.17630	0.01157	0.02109	0.01448	0.01562	0.00937	0.01084	0.00845	0.00587	0.00458	0.00147	0.00805	0.00367	0.00294	0.00828
55	0.01036	0.00786	0.00976	0.01042	0.01189	0.00784	0.00775	0.03446	0.10809	0.01974	0.03378	0.46727	0.05285	0.01745	0.00808	0.00257	0.00455	0.13771	0.00610	0.04148
56	0.01844	0.01817	0.12746	0.01859	0.12717	0.01661	0.01443	0.17499	0.31787	0.06612	0.01992	0.01968	0.01472	0.00780	0.00657	0.00210	0.00675	0.00644	0.00563	0.01052

[dist]
# distance from previous block
# <min> <max>
0	1

[block]
# block no. 5 follows, 33 sequences, length 22
# corresponding to MSA columns:
# 325-346
name=unknown_F
#
# <colnr> <probs for GDERKNQSTAVLIFYWHMCP>
#	G	D	E	R	K	N	Q	S	T	A	V	L	I	F	Y	W	H	M	C	P
0	0.06895	0.55293	0.10058	0.01500	0.09135	0.04192	0.01324	0.02002	0.01359	0.01757	0.00978	0.01152	0.00856	0.00578	0.00470	0.00158	0.00739	0.00392	0.00295	0.00867
1	0.01748	0.69793	0.03257	0.01147	0.01692	0.02510	0.01118	0.02122	0.08252	0.01667	0.01089	0.01194	0.00960	0.00596	0.00447	0.00149	0.00686	0.00391	0.00320	0.00864
2	0.00936	0.00629	0.00724	0.00746	0.00751	0.00624	0.00428	0.00952	0.00999	0.01333	0.02290	0.14326	0.02666	0.66475	0.03002	0.00587	0.00603	0.01084	0.00428	0.00418
3	0.07912	0.01777	0.08739	0.01374	0.01897	0.04003	0.01213	0.40124	0.02413	0.13150	0.02143	0.02096	0.08505	0.00852	0.00648	0.00202	0.00685	0.00652	0.00610	0.01006
4	0.01805	0.72452	0.03347	0.01163	0.01712	0.07250	0.01136	0.02014	0.01372	0.01553	0.00922	0.01065	0.00845	0.00571	0.00434	0.00143	0.00735	0.00357	0.00285	0.00840
5	0.00887	0.00671	0.00818	0.00781	0.00956	0.00602	0.00586	0.01155	0.01758	0.02389	0.53223	0.05331	0.25555	0.01440	0.00777	0.00212	0.00317	0.01249	0.00692	0.00602
6	0.01418	0.01201	0.01393	0.01000	0.01582	0.00931	0.00802	0.04844	0.01445	0.02238	0.01189	0.01375	0.00982	0.00502	0.00495	0.00102	0.00498	0.00399	0.00402	0.77200
7	0.00801	0.00578	0.00758	0.00902	0.00951	0.00536	0.00605	0.00918	0.01274	0.01686	0.03805	0.72365	0.08309	0.02040	0.00837	0.00265	0.00379	0.01844	0.00611	0.00536
8	0.01715	0.69623	0.10688	0.01204	0.01810	0.02494	0.01261	0.01983	0.01343	0.01604	0.00943	0.01091	0.00844	0.00570	0.00443	0.00148	0.00732	0.00366	0.00281	0.00858
9	0.01669	0.01493	0.01590	0.01552	0.06943	0.04474	0.01123	0.03356	0.63692	0.02665	0.02509	0.02346	0.01893	0.00862	0.00666	0.00219	0.00566	0.00720	0.00632	0.01031
10	0.01373	0.01240	0.01975	0.67654	0.04276	0.01522	0.01769	0.08805	0.01500	0.01937	0.01213	0.01737	0.00903	0.00672	0.00658	0.00217	0.00862	0.00586	0.00330	0.00771
11	0.01440	0.01440	0.02016	0.01728	0.01728	0.02016	0.01440	0.01584	0.01008	0.01584	0.00864	0.01440	0.00864	0.01152	0.02160	0.00288	0.75659	0.00576	0.00288	0.00720
12	0.01336	0.01152	0.01200	0.01103	0.01423	0.01257	0.00852	0.02601	0.46950	0.02411	0.04081	0.03819	0.26772	0.01165	0.00708	0.00223	0.00455	0.00971	0.00649	0.00871
13	0.01368	0.01202	0.06213	0.01522	0.10431	0.01032	0.07395	0.01867	0.09827	0.10441	0.13382	0.03871	0.26468	0.01126	0.00726	0.00214	0.00548	0.00985	0.00575	0.00807
14	0.02909	0.01192	0.01572	0.01205	0.01716	0.01073	0.00996	0.09839	0.02003	0.66414	0.02497	0.02176	0.01579	0.00812	0.00662	0.00203	0.00576	0.00655	0.00799	0.01120
15	0.01533	0.01495	0.02632	0.20256	0.50286	0.01551	0.08705	0.01951	0.01463	0.02039	0.01232	0.01673	0.01001	0.00600	0.00666	0.00204	0.00836	0.00605	0.00319	0.00956
