[name]
unknown

[dist]
# distance from previous block
# <min> <max>
0	112

[block]
# block no. 0 follows, 34 sequences, length 68
# corresponding to MSA columns:
# 116-183
name=unknown_A
#
# <colnr> <probs for GDERKNQSTAVLIFYWHMCP>
#	G	D	E	R	K	N	Q	S	T	A	V	L	I	F	Y	W	H	M	C	P
0	0.04016	0.06666	0.01741	0.01514	0.07057	0.16802	0.03035	0.18392	0.01903	0.04456	0.02066	0.02748	0.07076	0.00924	0.00645	0.00197	0.00731	0.11286	0.04536	0.04209
1	0.06242	0.10615	0.07538	0.04297	0.04491	0.06642	0.05363	0.10837	0.08248	0.10257	0.01593	0.01980	0.01282	0.00827	0.00751	0.03207	0.04202	0.05193	0.00461	0.05972
2	0.09399	0.01629	0.06116	0.03458	0.07729	0.09955	0.07256	0.09496	0.13151	0.04766	0.09628	0.03866	0.03520	0.00803	0.00633	0.00195	0.00684	0.00675	0.00493	0.06548
3	0.06681	0.01849	0.04798	0.02544	0.29997	0.13124	0.06702	0.11299	0.03964	0.02308	0.01227	0.01496	0.00988	0.00666	0.00733	0.00195	0.06590	0.00545	0.00380	0.03914
4	0.01115	0.00565	0.00843	0.00841	0.00846	0.00563	0.00563	0.00856	0.00878	0.01177	0.03791	0.02070	0.01307	0.02210	0.02460	0.78191	0.00552	0.00584	0.00297	0.00293
5	0.02414	0.03079	0.01831	0.01665	0.01998	0.74698	0.01248	0.02580	0.01831	0.01581	0.00999	0.01165	0.00832	0.00666	0.00583	0.00166	0.01165	0.00416	0.00333	0.00749
6	0.01494	0.10289	0.01797	0.01317	0.07850	0.01222	0.02666	0.06736	0.01476	0.02178	0.01158	0.01352	0.00959	0.00519	0.00504	0.00119	0.00561	0.00419	0.00382	0.57003
7	0.03943	0.07442	0.09029	0.02166	0.17817	0.26600	0.07793	0.06887	0.01709	0.08784	0.01263	0.01444	0.00973	0.00641	0.00609	0.00184	0.00914	0.00515	0.00386	0.00901
8	0.00787	0.00562	0.00750	0.00900	0.00937	0.00525	0.00600	0.00900	0.01237	0.01649	0.03561	0.76871	0.04274	0.02024	0.00825	0.00262	0.00375	0.01837	0.00600	0.00525
9	0.01807	0.01493	0.01621	0.01464	0.04687	0.01698	0.01110	0.19325	0.52926	0.03001	0.02318	0.02175	0.01728	0.00840	0.00654	0.00212	0.00569	0.00689	0.00641	0.01041
10	0.04914	0.01253	0.01579	0.01265	0.04505	0.01121	0.02948	0.10459	0.04020	0.28005	0.01744	0.01718	0.01231	0.00651	0.00577	0.00160	0.00562	0.00530	0.00568	0.32191
11	0.03536	0.05240	0.58094	0.01651	0.02451	0.01395	0.02030	0.01948	0.01360	0.04909	0.01484	0.10302	0.01255	0.00786	0.00628	0.00209	0.00849	0.00637	0.00336	0.00899
12	0.01589	0.01713	0.03706	0.02650	0.03297	0.01602	0.67677	0.02120	0.01540	0.05385	0.01365	0.01764	0.01009	0.00556	0.00757	0.00217	0.01064	0.00757	0.00349	0.00882
13	0.00787	0.00562	0.00750	0.00900	0.00937	0.00525	0.00600	0.00900	0.01237	0.01649	0.03561	0.76871	0.04274	0.02024	0.00825	0.00262	0.00375	0.01837	0.00600	0.00525
14	0.01547	0.03653	0.01659	0.15623	0.06650	0.04104	0.01239	0.10578	0.01593	0.08656	0.04928	0.13788	0.02039	0.01111	0.00910	0.00231	0.11570	0.08859	0.00485	0.00776
15	0.00924	0.00678	0.00838	0.00794	0.00963	0.00629	0.00597	0.01251	0.03797	0.02458	0.57776	0.04867	0.15993	0.01332	0.00746	0.00204	0.00314	0.01162	0.04065	0.00612
16	0.00794	0.00565	0.00748	0.00891	0.00927	0.00529	0.00591	0.00901	0.01225	0.01633	0.03497	0.73815	0.04193	0.05191	0.00928	0.00278	0.00385	0.01799	0.00591	0.00519
17	0.01306	0.01236	0.02093	0.59439	0.20077	0.01458	0.01837	0.01726	0.01333	0.01755	0.01164	0.01695	0.00898	0.00630	0.00645	0.00210	0.00840	0.00575	0.00295	0.00787
18	0.01754	0.69834	0.03200	0.01145	0.01668	0.07843	0.01107	0.01959	0.01343	0.01524	0.00931	0.01091	0.00853	0.00691	0.02672	0.00167	0.00757	0.00361	0.00283	0.00816
19	0.04865	0.01504	0.02520	0.07450	0.66851	0.01527	0.01921	0.01963	0.01447	0.02120	0.01199	0.01583	0.01002	0.00580	0.00630	0.00193	0.00761	0.00566	0.00321	0.00995
20	0.40832	0.01241	0.01380	0.03405	0.01578	0.01418	0.03414	0.03729	0.01296	0.15337	0.01362	0.01721	0.01082	0.02974	0.00872	0.00231	0.13629	0.03262	0.00460	0.00777
21	0.01607	0.01388	0.01461	0.01315	0.01680	0.01607	0.01023	0.03433	0.72094	0.02703	0.02630	0.02411	0.01972	0.00877	0.00657	0.00219	0.00511	0.00731	0.00657	0.01023
22	0.01296	0.03342	0.73944	0.01842	0.02797	0.01501	0.02387	0.02046	0.01364	0.02046	0.01160	0.01364	0.00818	0.00614	0.00614	0.00205	0.00955	0.00477	0.00273	0.00955
23	0.01457	0.01153	0.01813	0.53143	0.05631	0.01291	0.01540	0.01842	0.01373	0.10664	0.01324	0.01720	0.00972	0.00638	0.00621	0.00195	0.00762	0.00555	0.00366	0.12939
24	0.01520	0.01143	0.01358	0.00979	0.01545	0.00872	0.00787	0.01803	0.01399	0.10372	0.01310	0.01439	0.01031	0.00516	0.00498	0.00108	0.00487	0.00414	0.00431	0.71990
25	0.10429	0.02229	0.01727	0.01544	0.01771	0.40383	0.01209	0.02107	0.01451	0.01707	0.00994	0.01321	0.00877	0.01084	0.06130	0.00264	0.23254	0.00472	0.00326	0.00719
26	0.01731	0.01449	0.01531	0.01340	0.01727	0.01665	0.01053	0.13289	0.62037	0.02902	0.02473	0.02286	0.01845	0.00862	0.00656	0.00215	0.00540	0.00709	0.00656	0.01034
27	0.81856	0.01250	0.00950	0.00850	0.01250	0.01449	0.00700	0.01899	0.01100	0.02899	0.00900	0.01050	0.00700	0.00600	0.00400	0.00200	0.00500	0.00350	0.00400	0.00700
28	0.02089	0.01298	0.01865	0.05175	0.26952	0.03189	0.01338	0.02531	0.08296	0.31848	0.02060	0.07210	0.01569	0.00804	0.00657	0.00203	0.00640	0.00705	0.00570	0.01000
29	0.00924	0.00687	0.01012	0.01012	0.01118	0.00793	0.00775	0.01137	0.01031	0.01480	0.01755	0.02672	0.01673	0.10586	0.69071	0.01006	0.01643	0.00712	0.00350	0.00562
30	0.00786	0.00566	0.00746	0.00891	0.00935	0.00526	0.00596	0.00901	0.01245	0.01653	0.03667	0.74361	0.06715	0.02011	0.00823	0.00261	0.00373	0.01820	0.00600	0.00526
31	0.01733	0.03800	0.01863	0.01593	0.01748	0.24765	0.01279	0.04521	0.02984	0.01683	0.01092	0.03474	0.01018	0.01203	0.05917	0.00283	0.39419	0.00560	0.00333	0.00732
32	0.02309	0.02797	0.01787	0.01610	0.01956	0.61635	0.01218	0.05934	0.11140	0.01847	0.01240	0.01347	0.00995	0.00699	0.00595	0.00175	0.01058	0.00465	0.00390	0.00802
33	0.01624	0.04346	0.04314	0.05681	0.60694	0.05001	0.01883	0.02061	0.04366	0.02074	0.01249	0.01590	0.01037	0.00594	0.00629	0.00191	0.00780	0.00564	0.00331	0.00993
34	0.01481	0.16227	0.42988	0.07874	0.05583	0.03708	0.05836	0.05483	0.01459	0.02013	0.01138	0.01370	0.00856	0.00610	0.00591	0.00192	0.00893	0.00485	0.00300	0.00913
35	0.03823	0.05159	0.03625	0.01677	0.06720	0.05852	0.09320	0.15939	0.24966	0.06474	0.01778	0.01814	0.01334	0.00735	0.00668	0.00197	0.02563	0.00613	0.00523	0.06220
36	0.81856	0.01250	0.00950	0.00850	0.01250	0.01449	0.00700	0.01899	0.01100	0.02899	0.00900	0.01050	0.00700	0.00600	0.00400	0.00200	0.00500	0.00350	0.00400	0.00700
37	0.00959	0.00772	0.00868	0.00824	0.01038	0.00738	0.00624	0.01441	0.12645	0.02250	0.33791	0.05040	0.33836	0.01385	0.00746	0.00212	0.00347	0.01183	0.00656	0.00647
38	0.00923	0.00692	0.01038	0.01038	0.01154	0.00808	0.00808	0.01154	0.01038	0.01500	0.01731	0.02538	0.01615	0.04846	0.74732	0.01038	0.01731	0.00692	0.00346	0.00577
39	0.01557	0.01420	0.01744	0.01507	0.01677	0.03769	0.01228	0.10433	0.17683	0.02121	0.01449	0.01781	0.01225	0.01437	0.09794	0.00340	0.38984	0.00616	0.00422	0.00814
40	0.01204	0.00602	0.00602	0.00602	0.00753	0.00602	0.00452	0.01506	0.01355	0.02409	0.02108	0.02409	0.01656	0.00753	0.00452	0.00151	0.00301	0.00602	0.80879	0.00602
41	0.06553	0.01107	0.01474	0.01136	0.01631	0.00973	0.00938	0.03091	0.01815	0.70432	0.02473	0.02146	0.01558	0.00790	0.00638	0.00200	0.00547	0.00636	0.00781	0.01081
42	0.02414	0.03079	0.01831	0.01665	0.01998	0.74698	0.01248	0.02580	0.01831	0.01581	0.00999	0.01165	0.00832	0.00666	0.00583	0.00166	0.01165	0.00416	0.00333	0.00749
43	0.01204	0.00602	0.00602	0.00602	0.00753	0.00602	0.00452	0.01506	0.01355	0.02409	0.02108	0.02409	0.01656	0.00753	0.00452	0.00151	0.00301	0.00602	0.80879	0.00602
44	0.04858	0.48648	0.09432	0.01248	0.01751	0.09599	0.01214	0.04027	0.01409	0.01733	0.01176	0.04469	0.01105	0.00714	0.00550	0.00168	0.03149	0.03613	0.00326	0.00809
45	0.02130	0.01527	0.03699	0.03355	0.03718	0.08432	0.12439	0.10187	0.09306	0.27284	0.03837	0.04178	0.01616	0.02703	0.00740	0.00216	0.00726	0.02375	0.00586	0.00948
46	0.01401	0.01147	0.01346	0.00965	0.01536	0.00865	0.00773	0.01687	0.01360	0.04928	0.01204	0.01374	0.00982	0.00491	0.00485	0.00100	0.00481	0.00393	0.00399	0.78083
47	0.00781	0.00585	0.00726	0.00838	0.00921	0.00530	0.00573	0.00907	0.01296	0.01673	0.04308	0.59196	0.21466	0.01927	0.00809	0.00251	0.00363	0.01718	0.00600	0.00530
48	0.00923	0.00692	0.01038	0.01038	0.01154	0.00808	0.00808	0.01154	0.01038	0.01500	0.01731	0.02538	0.01615	0.04846	0.74732	0.01038	0.01731	0.00692	0.00346	0.00577
49	0.01984	0.05219	0.04970	0.05033	0.27242	0.01765	0.04359	0.31495	0.04278	0.05203	0.01429	0.01598	0.01079	0.00679	0.00637	0.00194	0.00749	0.00579	0.00480	0.01029
50	0.02456	0.01810	0.01939	0.01487	0.02004	0.02004	0.01228	0.71107	0.03038	0.04072	0.01551	0.01551	0.01099	0.00776	0.00646	0.00194	0.00711	0.00582	0.00646	0.01099
51	0.12175	0.15197	0.15050	0.01775	0.09313	0.17530	0.06608	0.07295	0.05515	0.02161	0.01174	0.01349	0.00926	0.00630	0.00564	0.00184	0.00845	0.00478	0.00361	0.00871
52	0.02096	0.01322	0.01507	0.01272	0.01693	0.01416	0.01013	0.08096	0.43877	0.26415	0.02527	0.02280	0.01787	0.00844	0.00654	0.00211	0.00538	0.00693	0.00704	0.01054
53	0.01599	0.01535	0.02623	0.03966	0.73262	0.01535	0.01983	0.01983	0.01471	0.02111	0.01215	0.01599	0.01023	0.00576	0.00640	0.00192	0.00768	0.00576	0.00320	0.01023
54	0.00940	0.00626	0.00705	0.00705	0.00705	0.00626	0.00392	0.00940	0.00940	0.01253	0.02036	0.04228	0.02349	0.77292	0.03289	0.00626	0.00626	0.00940	0.00392	0.00392
55	0.01745	0.63941	0.10143	0.01226	0.01799	0.08719	0.01243	0.02002	0.01363	0.01577	0.00933	0.01080	0.00828	0.00569	0.00449	0.00147	0.00758	0.00365	0.00281	0.00835
56	0.02549	0.01661	0.01847	0.01416	0.01930	0.01783	0.01170	0.56883	0.02789	0.18648	0.01760	0.01687	0.01204	0.00781	0.00647	0.00195	0.00677	0.00596	0.00678	0.01099
57	0.54115	0.01305	0.01556	0.10016	0.01991	0.01442	0.11913	0.01985	0.01242	0.07599	0.01109	0.01319	0.00826	0.00611	0.00504	0.00205	0.00639	0.00463	0.00403	0.00757
58	0.01204	0.00602	0.00602	0.00602	0.00753	0.00602	0.00452	0.01506	0.01355	0.02409	0.02108	0.02409	0.01656	0.00753	0.00452	0.00151	0.00301	0.00602	0.80879	0.00602
59	0.81856	0.01250	0.00950	0.00850	0.01250	0.01449	0.00700	0.01899	0.01100	0.02899	0.00900	0.01050	0.00700	0.00600	0.00400	0.00200	0.00500	0.00350	0.00400	0.00700
60	0.01122	0.00561	0.00842	0.00842	0.00842	0.00561	0.00561	0.00842	0.00842	0.01122	0.01122	0.01964	0.01122	0.02245	0.02525	0.81201	0.00561	0.00561	0.00281	0.00281
61	0.01340	0.01148	0.01340	0.00957	0.01531	0.00861	0.00766	0.01627	0.01340	0.02105	0.01148	0.01340	0.00957	0.00479	0.00479	0.00096	0.00479	0.00383	0.00383	0.81242
62	0.02754	0.01332	0.01643	0.01260	0.01765	0.01294	0.01041	0.25356	0.02238	0.50954	0.02223	0.01987	0.01436	0.00792	0.00649	0.00198	0.00602	0.00628	0.00750	0.01099
63	0.00940	0.00626	0.00705	0.00705	0.00705	0.00626	0.00392	0.00940	0.00940	0.01253	0.02036	0.04228	0.02349	0.77292	0.03289	0.00626	0.00626	0.00940	0.00392	0.00392
64	0.01081	0.00945	0.01122	0.01105	0.01243	0.08633	0.00854	0.01305	0.01122	0.01509	0.01653	0.02393	0.01532	0.04403	0.66879	0.00946	0.01671	0.00663	0.00345	0.00595
65	0.04312	0.09429	0.32888	0.02241	0.10943	0.01659	0.22536	0.02012	0.01396	0.02024	0.01165	0.01464	0.00888	0.00602	0.00692	0.00204	0.03778	0.00560	0.00300	0.00908
66	0.01448	0.03007	0.63025	0.01726	0.02617	0.01413	0.02160	0.02125	0.01408	0.08720	0.01288	0.01440	0.00899	0.00623	0.00609	0.00198	0.00890	0.00488	0.00328	0.05586
67	0.00888	0.00663	0.00777	0.00772	0.00946	0.00592	0.00575	0.01093	0.01537	0.03763	0.26245	0.11894	0.36801	0.04638	0.03115	0.00261	0.00395	0.03848	0.00623	0.00574

[dist]
# distance from previous block
# <min> <max>
0	1

[block]
# block no. 1 follows, 34 sequences, length 61
# corresponding to MSA columns:
# 185-245
name=unknown_B
#
# <colnr> <probs for GDERKNQSTAVLIFYWHMCP>
#	G	D	E	R	K	N	Q	S	T	A	V	L	I	F	Y	W	H	M	C	P
0	0.01597	0.01477	0.01849	0.02081	0.25931	0.07214	0.01254	0.07980	0.01572	0.02224	0.01274	0.03927	0.01092	0.00604	0.00568	0.00148	0.00650	0.00517	0.00388	0.37653
1	0.40527	0.27758	0.02049	0.01204	0.04144	0.08828	0.03808	0.01986	0.01274	0.02236	0.00937	0.01104	0.00780	0.00587	0.00446	0.00176	0.00663	0.00380	0.00345	0.00768
2	0.02690	0.01305	0.01614	0.01242	0.01735	0.01266	0.01024	0.24235	0.02219	0.49480	0.04762	0.02092	0.01605	0.00811	0.00653	0.00198	0.00591	0.00647	0.00749	0.01082
3	0.00790	0.00590	0.00734	0.00837	0.00924	0.00535	0.00575	0.00926	0.01329	0.01730	0.08545	0.55814	0.20541	0.01890	0.00806	0.00248	0.00359	0.01684	0.00607	0.00535
4	0.01635	0.01439	0.01820	0.06734	0.22014	0.04149	0.01355	0.04636	0.36937	0.04446	0.02096	0.02365	0.01667	0.00821	0.00663	0.00213	0.00641	0.04869	0.00527	0.00972
5	0.00934	0.00705	0.01028	0.01027	0.01124	0.00818	0.00783	0.01135	0.01041	0.01491	0.01836	0.07223	0.01811	0.10380	0.61772	0.00930	0.04256	0.00778	0.00363	0.00563
6	0.01411	0.01439	0.01598	0.01475	0.04184	0.11634	0.01139	0.01722	0.07028	0.01809	0.09259	0.02647	0.14045	0.01132	0.01361	0.00239	0.35988	0.00758	0.00420	0.00712
7	0.01360	0.01338	0.04622	0.30557	0.19212	0.01406	0.05856	0.02024	0.13607	0.02087	0.09781	0.02162	0.01705	0.00741	0.00666	0.00209	0.00732	0.00679	0.00410	0.00846
8	0.01727	0.77681	0.03386	0.01106	0.01658	0.02557	0.01106	0.01935	0.01313	0.01520	0.00898	0.01036	0.00829	0.00553	0.00415	0.00138	0.00691	0.00345	0.00276	0.00829
9	0.04039	0.04712	0.13579	0.01572	0.05963	0.19177	0.01321	0.15894	0.07996	0.02353	0.04311	0.04659	0.05043	0.03674	0.00765	0.00212	0.02782	0.00642	0.00451	0.00856
10	0.02331	0.01748	0.01869	0.01461	0.01956	0.01945	0.01198	0.61160	0.13188	0.03871	0.01710	0.01678	0.01227	0.00790	0.00648	0.00198	0.00682	0.00604	0.00648	0.01088
11	0.04113	0.00782	0.01037	0.01082	0.01158	0.00875	0.00832	0.01180	0.01217	0.01733	0.02714	0.34739	0.03064	0.05980	0.07016	0.00348	0.12937	0.15693	0.02925	0.00576
12	0.64989	0.04283	0.01055	0.00900	0.01259	0.01375	0.00749	0.01790	0.01145	0.02649	0.01235	0.01871	0.01112	0.02926	0.02787	0.00245	0.00559	0.07975	0.00415	0.00681
13	0.01090	0.00820	0.01072	0.01124	0.01336	0.00793	0.00957	0.01477	0.05931	0.02040	0.08145	0.06105	0.06302	0.01544	0.00817	0.00260	0.00545	0.49499	0.00584	0.09559
14	0.01463	0.01968	0.28742	0.01938	0.14105	0.01252	0.06999	0.02008	0.03970	0.10103	0.13754	0.02513	0.04165	0.00826	0.00675	0.00207	0.00732	0.03234	0.00452	0.00894
15	0.01220	0.01148	0.01938	0.75739	0.04450	0.01436	0.01794	0.01651	0.01292	0.01651	0.01148	0.01723	0.00861	0.00646	0.00646	0.00215	0.00861	0.00574	0.00287	0.00718
16	0.01185	0.00977	0.01080	0.00998	0.01258	0.01031	0.00765	0.02124	0.32433	0.02459	0.28069	0.04069	0.18570	0.01194	0.00717	0.00213	0.00400	0.01019	0.00664	0.00776
17	0.01296	0.03342	0.73944	0.01842	0.02797	0.01501	0.02387	0.02046	0.01364	0.02046	0.01160	0.01364	0.00818	0.00614	0.00614	0.00205	0.00955	0.00477	0.00273	0.00955
18	0.00915	0.00683	0.00734	0.00705	0.00933	0.00579	0.00535	0.01102	0.01542	0.06297	0.14834	0.05791	0.59988	0.01544	0.00756	0.00215	0.00338	0.01294	0.00627	0.00588
19	0.01206	0.00727	0.00815	0.05440	0.01127	0.00764	0.00635	0.01670	0.09055	0.02336	0.04984	0.07239	0.02051	0.00898	0.00538	0.00176	0.00375	0.03255	0.56059	0.00650
20	0.01204	0.00602	0.00602	0.00602	0.00753	0.00602	0.00452	0.01506	0.01355	0.02409	0.02108	0.02409	0.01656	0.00753	0.00452	0.00151	0.00301	0.00602	0.80879	0.00602
21	0.24554	0.01518	0.01613	0.01353	0.04303	0.06968	0.03559	0.20729	0.01930	0.24949	0.01616	0.01592	0.01116	0.00710	0.00578	0.00196	0.00653	0.00532	0.00578	0.00951
22	0.06770	0.01759	0.02192	0.14132	0.34800	0.16337	0.03561	0.04503	0.01573	0.06537	0.01239	0.01536	0.00977	0.00626	0.00619	0.00192	0.00840	0.00539	0.00364	0.00904
23	0.01204	0.00602	0.00602	0.00602	0.00753	0.00602	0.00452	0.01506	0.01355	0.02409	0.02108	0.02409	0.01656	0.00753	0.00452	0.00151	0.00301	0.00602	0.80879	0.00602
24	0.69687	0.08882	0.01237	0.00919	0.01330	0.05496	0.00769	0.01939	0.01160	0.02692	0.00905	0.01055	0.00720	0.00599	0.00411	0.00192	0.00554	0.00353	0.00384	0.00715
25	0.81856	0.01250	0.00950	0.00850	0.01250	0.01449	0.00700	0.01899	0.01100	0.02899	0.00900	0.01050	0.00700	0.00600	0.00400	0.00200	0.00500	0.00350	0.00400	0.00700
26	0.01414	0.01414	0.01979	0.01696	0.01696	0.01979	0.01414	0.01555	0.00990	0.01555	0.00848	0.01414	0.00848	0.01131	0.02120	0.00283	0.76110	0.00565	0.00283	0.00707
27	0.00844	0.00603	0.00815	0.00965	0.01027	0.00574	0.00699	0.00998	0.01293	0.01713	0.03530	0.61254	0.04149	0.01971	0.00840	0.00270	0.00424	0.16891	0.00599	0.00541
28	0.81856	0.01250	0.00950	0.00850	0.01250	0.01449	0.00700	0.01899	0.01100	0.02899	0.00900	0.01050	0.00700	0.00600	0.00400	0.00200	0.00500	0.00350	0.00400	0.00700
29	0.01414	0.01414	0.01979	0.01696	0.01696	0.01979	0.01414	0.01555	0.00990	0.01555	0.00848	0.01414	0.00848	0.01131	0.02120	0.00283	0.76110	0.00565	0.00283	0.00707
30	0.00923	0.00760	0.03576	0.00845	0.01030	0.00640	0.00671	0.01239	0.01798	0.02538	0.67681	0.04751	0.08489	0.01307	0.00757	0.00204	0.00330	0.01150	0.00691	0.00620
31	0.00940	0.00626	0.00705	0.00705	0.00705	0.00626	0.00392	0.00940	0.00940	0.01253	0.02036	0.04228	0.02349	0.77292	0.03289	0.00626	0.00626	0.00940	0.00392	0.00392
32	0.01451	0.02861	0.55681	0.02163	0.13692	0.01477	0.04888	0.02105	0.01417	0.06482	0.01260	0.01467	0.00905	0.00617	0.00626	0.00203	0.00906	0.00514	0.00315	0.00971
33	0.73636	0.01454	0.05493	0.00944	0.01376	0.04446	0.00826	0.01936	0.01146	0.02792	0.00920	0.01074	0.00713	0.00603	0.00421	0.00199	0.00555	0.00360	0.00389	0.00718
34	0.01296	0.03342	0.73944	0.01842	0.02797	0.01501	0.02387	0.02046	0.01364	0.02046	0.01160	0.01364	0.00818	0.00614	0.00614	0.00205	0.00955	0.00477	0.00273	0.00955
35	0.81856	0.01250	0.00950	0.00850	0.01250	0.01449	0.00700	0.01899	0.01100	0.02899	0.00900	0.01050	0.00700	0.00600	0.00400	0.00200	0.00500	0.00350	0.00400	0.00700
36	0.01099	0.00569	0.00825	0.00825	0.00825	0.00569	0.00540	0.00854	0.00854	0.01139	0.01237	0.02248	0.01276	0.11667	0.02621	0.71084	0.00569	0.00609	0.00295	0.00295
37	0.01733	0.12580	0.02682	0.05704	0.24815	0.04415	0.16821	0.05096	0.11028	0.06626	0.01466	0.01683	0.01138	0.00635	0.00636	0.00194	0.00796	0.00603	0.00403	0.00946
38	0.01534	0.01861	0.13551	0.03310	0.43649	0.01557	0.20921	0.02016	0.01470	0.02090	0.01232	0.01604	0.00981	0.00573	0.00669	0.00201	0.00884	0.00612	0.00315	0.00972
39	0.01200	0.00939	0.01391	0.24483	0.02294	0.01017	0.03525	0.06760	0.01482	0.04693	0.02681	0.26406	0.06578	0.01336	0.00754	0.00242	0.00618	0.12422	0.00503	0.00677
40	0.00796	0.00566	0.00747	0.00889	0.00925	0.00530	0.00588	0.00902	0.01221	0.01628	0.03478	0.72914	0.04169	0.06124	0.00959	0.00282	0.00389	0.01788	0.00588	0.00518
41	0.47098	0.04317	0.01390	0.01178	0.01566	0.27009	0.00934	0.06144	0.01473	0.02465	0.00972	0.01118	0.00773	0.00631	0.00478	0.00186	0.00750	0.00386	0.00387	0.00744
42	0.00896	0.00733	0.00881	0.00969	0.01032	0.03337	0.00680	0.01017	0.01261	0.01649	0.03536	0.61009	0.10575	0.01864	0.00917	0.00256	0.06641	0.01634	0.00564	0.00550
43	0.01340	0.01148	0.01340	0.00957	0.01531	0.00861	0.00766	0.01627	0.01340	0.02105	0.01148	0.01340	0.00957	0.00479	0.00479	0.00096	0.00479	0.00383	0.00383	0.81242
44	0.01581	0.01564	0.03921	0.02618	0.32319	0.04233	0.10816	0.04052	0.21577	0.02304	0.04406	0.02110	0.04078	0.00731	0.00668	0.00204	0.00723	0.00687	0.00448	0.00961
45	0.01727	0.77681	0.03386	0.01106	0.01658	0.02557	0.01106	0.01935	0.01313	0.01520	0.00898	0.01036	0.00829	0.00553	0.00415	0.00138	0.00691	0.00345	0.00276	0.00829
46	0.01464	0.01447	0.12682	0.01395	0.03979	0.01169	0.06754	0.09576	0.10780	0.08443	0.27072	0.03170	0.05504	0.00989	0.00704	0.00208	0.00583	0.02654	0.00587	0.00841
47	0.01220	0.01148	0.01938	0.75739	0.04450	0.01436	0.01794	0.01651	0.01292	0.01651	0.01148	0.01723	0.00861	0.00646	0.00646	0.00215	0.00861	0.00574	0.00287	0.00718
48	0.01414	0.01414	0.01979	0.01696	0.01696	0.01979	0.01414	0.01555	0.00990	0.01555	0.00848	0.01414	0.00848	0.01131	0.02120	0.00283	0.76110	0.00565	0.00283	0.00707
49	0.01204	0.00602	0.00602	0.00602	0.00753	0.00602	0.00452	0.01506	0.01355	0.02409	0.02108	0.02409	0.01656	0.00753	0.00452	0.00151	0.00301	0.00602	0.80879	0.00602
50	0.00891	0.00660	0.00831	0.00788	0.00951	0.00600	0.00591	0.01174	0.01773	0.02459	0.62573	0.05043	0.16527	0.01370	0.00762	0.00206	0.00308	0.01199	0.00694	0.00600
51	0.02414	0.03079	0.01831	0.01665	0.01998	0.74698	0.01248	0.02580	0.01831	0.01581	0.00999	0.01165	0.00832	0.00666	0.00583	0.00166	0.01165	0.00416	0.00333	0.00749
52	0.02456	0.01810	0.01939	0.01487	0.02004	0.02004	0.01228	0.71107	0.03038	0.04072	0.01551	0.01551	0.01099	0.00776	0.00646	0.00194	0.00711	0.00582	0.00646	0.01099
53	0.01765	0.00800	0.01038	0.00941	0.01200	0.00722	0.00717	0.01980	0.01537	0.32144	0.04939	0.27908	0.02664	0.01225	0.00672	0.00211	0.00431	0.01062	0.17258	0.00785
54	0.02456	0.01810	0.01939	0.01487	0.02004	0.02004	0.01228	0.71107	0.03038	0.04072	0.01551	0.01551	0.01099	0.00776	0.00646	0.00194	0.00711	0.00582	0.00646	0.01099
55	0.00787	0.00562	0.00750	0.00900	0.00937	0.00525	0.00600	0.00900	0.01237	0.01649	0.03561	0.76871	0.04274	0.02024	0.00825	0.00262	0.00375	0.01837	0.00600	0.00525
56	0.02141	0.05205	0.03629	0.06531	0.10343	0.50495	0.01373	0.04340	0.06595	0.01800	0.01161	0.01347	0.00941	0.00667	0.00595	0.00177	0.01022	0.00470	0.00356	0.00815
57	0.00925	0.00620	0.00709	0.00723	0.00727	0.00617	0.00411	0.00936	0.00968	0.01291	0.02182	0.11181	0.02533	0.70089	0.03053	0.00592	0.00602	0.01025	0.00411	0.00404
58	0.01648	0.01564	0.06266	0.07729	0.48050	0.01524	0.01785	0.06201	0.03693	0.06055	0.03570	0.01738	0.01215	0.00673	0.00735	0.00201	0.05398	0.00597	0.00381	0.00977
59	0.06639	0.01720	0.10731	0.04904	0.48563	0.01535	0.01813	0.06923	0.04070	0.02302	0.01260	0.01556	0.01012	0.00605	0.00617	0.00192	0.00751	0.00549	0.00356	0.03903
60	0.03886	0.13802	0.17859	0.04714	0.18787	0.09367	0.01588	0.10051	0.01654	0.04754	0.04007	0.01705	0.03722	0.00690	0.00597	0.00187	0.00788	0.00549	0.00385	0.00909

[dist]
# distance from previous block
# <min> <max>
0	6

# created by:
# /home/berkeley/.conda/envs/busco_data_prod/bin/msa2prfl.pl pipeline/OGs_align_augustus/4893/13253.fs
