[name]
unknown

[dist]
# distance from previous block
# <min> <max>
0	25

[block]
# block no. 0 follows, 33 sequences, length 137
# corresponding to MSA columns:
# 26-162
name=unknown_A
#
# <colnr> <probs for GDERKNQSTAVLIFYWHMCP>
#	G	D	E	R	K	N	Q	S	T	A	V	L	I	F	Y	W	H	M	C	P
0	0.01006	0.00713	0.00973	0.01107	0.01223	0.00707	0.00911	0.01243	0.01410	0.01844	0.03352	0.18712	0.03729	0.10226	0.01170	0.00334	0.00572	0.49612	0.00584	0.00571
1	0.00920	0.00672	0.00863	0.00815	0.00976	0.00616	0.00612	0.01219	0.01835	0.02571	0.67173	0.05031	0.11491	0.01371	0.00777	0.00208	0.00312	0.01206	0.00716	0.00616
2	0.81514	0.01273	0.00968	0.00866	0.01273	0.01477	0.00713	0.01935	0.01120	0.02954	0.00917	0.01069	0.00713	0.00611	0.00407	0.00204	0.00509	0.00356	0.00407	0.00713
3	0.02459	0.03138	0.01866	0.01696	0.02035	0.74221	0.01272	0.02629	0.01866	0.01611	0.01018	0.01187	0.00848	0.00678	0.00594	0.00170	0.01187	0.00424	0.00339	0.00763
4	0.00929	0.00645	0.00743	0.00739	0.00790	0.00623	0.00456	0.01004	0.01182	0.01580	0.14868	0.07199	0.10258	0.53368	0.02550	0.00507	0.00541	0.01075	0.00485	0.00458
5	0.01486	0.00815	0.01075	0.00926	0.01196	0.00725	0.00720	0.01781	0.01844	0.21219	0.50494	0.04037	0.04746	0.01164	0.00732	0.00201	0.00385	0.01012	0.00732	0.04711
6	0.00802	0.00596	0.00749	0.00863	0.00943	0.00542	0.00589	0.00935	0.01332	0.01738	0.06940	0.59607	0.18051	0.01955	0.00825	0.00256	0.00369	0.01748	0.00616	0.00542
7	0.00831	0.00594	0.00797	0.00950	0.01000	0.00560	0.00661	0.00967	0.01289	0.01713	0.03613	0.68742	0.04291	0.02035	0.00848	0.00271	0.00407	0.09279	0.00611	0.00543
8	0.01365	0.01170	0.01365	0.00975	0.01560	0.00878	0.00780	0.01658	0.01365	0.02145	0.01170	0.01365	0.00975	0.00488	0.00488	0.00098	0.00488	0.00390	0.00390	0.80888
9	0.00801	0.00577	0.00760	0.00906	0.00952	0.00536	0.00607	0.00918	0.01270	0.01685	0.03753	0.73571	0.07137	0.02046	0.00838	0.00266	0.00380	0.01852	0.00611	0.00536
10	0.02365	0.02959	0.01957	0.01962	0.10047	0.65990	0.01357	0.02560	0.01824	0.01672	0.01043	0.01237	0.00870	0.00668	0.00600	0.00173	0.01141	0.00442	0.00338	0.00795
11	0.01830	0.01510	0.01597	0.01379	0.01785	0.01727	0.01089	0.18440	0.56312	0.03065	0.02435	0.02261	0.01811	0.00870	0.00667	0.00218	0.00566	0.00711	0.00667	0.01059
12	0.01677	0.01707	0.02552	0.11749	0.54228	0.09788	0.04706	0.02055	0.01522	0.02035	0.01209	0.01599	0.01000	0.00604	0.00651	0.00196	0.00852	0.00576	0.00324	0.00970
13	0.00952	0.00661	0.00835	0.00835	0.00875	0.00702	0.00544	0.01032	0.00992	0.01363	0.01968	0.03717	0.02137	0.52183	0.27681	0.00782	0.01024	0.00871	0.00383	0.00464
14	0.01258	0.01186	0.02002	0.72482	0.07215	0.01467	0.01836	0.01695	0.01324	0.01700	0.01173	0.01750	0.00884	0.00655	0.00658	0.00218	0.00874	0.00585	0.00294	0.00744
15	0.81514	0.01273	0.00968	0.00866	0.01273	0.01477	0.00713	0.01935	0.01120	0.02954	0.00917	0.01069	0.00713	0.00611	0.00407	0.00204	0.00509	0.00356	0.00407	0.00713
16	0.01365	0.01170	0.01365	0.00975	0.01560	0.00878	0.00780	0.01658	0.01365	0.02145	0.01170	0.01365	0.00975	0.00488	0.00488	0.00098	0.00488	0.00390	0.00390	0.80888
17	0.02954	0.01120	0.01528	0.01171	0.01681	0.00968	0.00968	0.03208	0.01884	0.73213	0.02597	0.02241	0.01630	0.00815	0.00662	0.00204	0.00560	0.00662	0.00815	0.01120
18	0.00941	0.00702	0.01040	0.01040	0.01151	0.00813	0.00800	0.01164	0.01053	0.01515	0.01780	0.02679	0.01686	0.08826	0.70421	0.01035	0.01703	0.00719	0.00355	0.00578
19	0.01495	0.01381	0.02258	0.01616	0.02226	0.01158	0.25264	0.01878	0.01452	0.04952	0.01284	0.01544	0.01009	0.00524	0.00596	0.00146	0.00709	0.00537	0.00387	0.49584
20	0.02876	0.01245	0.01605	0.01230	0.01743	0.01152	0.01016	0.14770	0.02092	0.61358	0.02423	0.02127	0.01542	0.00811	0.00661	0.00203	0.00588	0.00650	0.00788	0.01120
21	0.02431	0.06150	0.01930	0.01673	0.02021	0.71310	0.01266	0.02602	0.01844	0.01609	0.01013	0.01182	0.00848	0.00674	0.00587	0.00168	0.01168	0.00421	0.00337	0.00767
22	0.02485	0.01811	0.01948	0.01500	0.02021	0.02001	0.01237	0.66608	0.05371	0.05841	0.01643	0.01627	0.01162	0.00794	0.00659	0.00199	0.00713	0.00600	0.00663	0.01117
23	0.01760	0.77260	0.03450	0.01126	0.01690	0.02605	0.01126	0.01971	0.01338	0.01549	0.00915	0.01056	0.00845	0.00563	0.00422	0.00141	0.00704	0.00352	0.00282	0.00845
24	0.00940	0.00705	0.01058	0.01058	0.01176	0.00823	0.00823	0.01176	0.01058	0.01528	0.01763	0.02586	0.01646	0.04937	0.74255	0.01058	0.01763	0.00705	0.00353	0.00588
25	0.01760	0.77260	0.03450	0.01126	0.01690	0.02605	0.01126	0.01971	0.01338	0.01549	0.00915	0.01056	0.00845	0.00563	0.00422	0.00141	0.00704	0.00352	0.00282	0.00845
26	0.00778	0.00667	0.00667	0.00667	0.00889	0.00556	0.00500	0.00945	0.01501	0.01778	0.06669	0.06336	0.72490	0.01667	0.00778	0.00222	0.00333	0.01389	0.00611	0.00556
27	0.00801	0.00668	0.00698	0.00690	0.00903	0.00565	0.00518	0.00988	0.01554	0.01904	0.16270	0.06129	0.62811	0.01620	0.00778	0.00220	0.00330	0.01360	0.00628	0.00565
28	0.01760	0.77260	0.03450	0.01126	0.01690	0.02605	0.01126	0.01971	0.01338	0.01549	0.00915	0.01056	0.00845	0.00563	0.00422	0.00141	0.00704	0.00352	0.00282	0.00845
29	0.01320	0.03405	0.73453	0.01876	0.02849	0.01529	0.02432	0.02085	0.01390	0.02085	0.01181	0.01390	0.00834	0.00625	0.00625	0.00208	0.00973	0.00486	0.00278	0.00973
30	0.01270	0.00655	0.00659	0.00644	0.00810	0.00662	0.00487	0.03859	0.01438	0.02511	0.02128	0.02425	0.01668	0.00768	0.00467	0.00155	0.00321	0.00613	0.77829	0.00631
31	0.00801	0.00577	0.00760	0.00907	0.00952	0.00536	0.00607	0.00918	0.01270	0.01684	0.03746	0.73718	0.06994	0.02047	0.00838	0.00266	0.00380	0.01853	0.00611	0.00536
32	0.01760	0.77260	0.03450	0.01126	0.01690	0.02605	0.01126	0.01971	0.01338	0.01549	0.00915	0.01056	0.00845	0.00563	0.00422	0.00141	0.00704	0.00352	0.00282	0.00845
33	0.00802	0.00573	0.00764	0.00917	0.00955	0.00535	0.00611	0.00917	0.01260	0.01681	0.03628	0.76434	0.04354	0.02062	0.00840	0.00267	0.00382	0.01872	0.00611	0.00535
34	0.00957	0.00638	0.00718	0.00718	0.00718	0.00638	0.00399	0.00957	0.00957	0.01276	0.02074	0.04308	0.02393	0.76864	0.03351	0.00638	0.00638	0.00957	0.00399	0.00399
35	0.01243	0.01170	0.01975	0.75282	0.04534	0.01463	0.01828	0.01682	0.01316	0.01682	0.01170	0.01755	0.00878	0.00658	0.00658	0.00219	0.00878	0.00585	0.00293	0.00731
36	0.02954	0.01120	0.01528	0.01171	0.01681	0.00968	0.00968	0.03208	0.01884	0.73213	0.02597	0.02241	0.01630	0.00815	0.00662	0.00204	0.00560	0.00662	0.00815	0.01120
37	0.02459	0.03138	0.01866	0.01696	0.02035	0.74221	0.01272	0.02629	0.01866	0.01611	0.01018	0.01187	0.00848	0.00678	0.00594	0.00170	0.01187	0.00424	0.00339	0.00763
38	0.02503	0.01844	0.01976	0.01515	0.02042	0.02042	0.01251	0.70562	0.03095	0.04149	0.01581	0.01581	0.01120	0.00790	0.00659	0.00198	0.00724	0.00593	0.00659	0.01120
39	0.00951	0.00636	0.00720	0.00726	0.00728	0.00634	0.00408	0.00956	0.00970	0.01293	0.02137	0.07239	0.02473	0.73824	0.03249	0.00623	0.00628	0.00995	0.00408	0.00404
40	0.00957	0.00638	0.00718	0.00718	0.00718	0.00638	0.00399	0.00957	0.00957	0.01276	0.02074	0.04308	0.02393	0.76864	0.03351	0.00638	0.00638	0.00957	0.00399	0.00399
41	0.01616	0.01551	0.02649	0.06440	0.70459	0.01561	0.02014	0.02009	0.01493	0.02135	0.01236	0.01634	0.01037	0.00589	0.00652	0.00196	0.00785	0.00587	0.00325	0.01032
42	0.02459	0.03138	0.01866	0.01696	0.02035	0.74221	0.01272	0.02629	0.01866	0.01611	0.01018	0.01187	0.00848	0.00678	0.00594	0.00170	0.01187	0.00424	0.00339	0.00763
43	0.00957	0.00638	0.00718	0.00718	0.00718	0.00638	0.00399	0.00957	0.00957	0.01276	0.02074	0.04308	0.02393	0.76864	0.03351	0.00638	0.00638	0.00957	0.00399	0.00399
44	0.01320	0.03405	0.73453	0.01876	0.02849	0.01529	0.02432	0.02085	0.01390	0.02085	0.01181	0.01390	0.00834	0.00625	0.00625	0.00208	0.00973	0.00486	0.00278	0.00973
45	0.00783	0.00667	0.00673	0.00672	0.00892	0.00558	0.00504	0.00954	0.01511	0.01804	0.08601	0.06294	0.70542	0.01658	0.00778	0.00222	0.00333	0.01384	0.00615	0.00558
46	0.01566	0.01500	0.02558	0.15715	0.61578	0.01548	0.01989	0.01965	0.01469	0.02074	0.01227	0.01650	0.01016	0.00598	0.00653	0.00199	0.00798	0.00586	0.00320	0.00992
47	0.04594	0.01900	0.01902	0.01498	0.01995	0.07815	0.01222	0.58071	0.08187	0.03805	0.01601	0.01602	0.01155	0.00784	0.00647	0.00197	0.00740	0.00584	0.00627	0.01074
48	0.01543	0.05029	0.01591	0.01090	0.01663	0.03648	0.03017	0.03825	0.01465	0.05749	0.01241	0.01407	0.01002	0.00526	0.00511	0.00114	0.00553	0.00421	0.00410	0.65193
49	0.02897	0.01211	0.01584	0.01215	0.01726	0.01103	0.01003	0.11689	0.02037	0.64517	0.02469	0.02158	0.01565	0.00812	0.00662	0.00203	0.00581	0.00653	0.00795	0.01120
50	0.01760	0.77260	0.03450	0.01126	0.01690	0.02605	0.01126	0.01971	0.01338	0.01549	0.00915	0.01056	0.00845	0.00563	0.00422	0.00141	0.00704	0.00352	0.00282	0.00845
51	0.01243	0.01170	0.01975	0.75282	0.04534	0.01463	0.01828	0.01682	0.01316	0.01682	0.01170	0.01755	0.00878	0.00658	0.00658	0.00219	0.00878	0.00585	0.00293	0.00731
52	0.00896	0.00661	0.00837	0.00816	0.00967	0.00602	0.00603	0.01164	0.01745	0.02411	0.55466	0.13155	0.15290	0.01471	0.00784	0.00216	0.00322	0.01295	0.00696	0.00602
53	0.00802	0.00573	0.00764	0.00917	0.00955	0.00535	0.00611	0.00917	0.01260	0.01681	0.03628	0.76434	0.04354	0.02062	0.00840	0.00267	0.00382	0.01872	0.00611	0.00535
54	0.00784	0.00667	0.00675	0.00673	0.00893	0.00558	0.00505	0.00957	0.01515	0.01813	0.09278	0.06279	0.69860	0.01655	0.00778	0.00222	0.00333	0.01382	0.00616	0.00558
55	0.00940	0.00705	0.01058	0.01058	0.01176	0.00823	0.00823	0.01176	0.01058	0.01528	0.01763	0.02586	0.01646	0.04937	0.74255	0.01058	0.01763	0.00705	0.00353	0.00588
56	0.81514	0.01273	0.00968	0.00866	0.01273	0.01477	0.00713	0.01935	0.01120	0.02954	0.00917	0.01069	0.00713	0.00611	0.00407	0.00204	0.00509	0.00356	0.00407	0.00713
57	0.00778	0.00667	0.00667	0.00667	0.00889	0.00556	0.00500	0.00945	0.01501	0.01778	0.06669	0.06336	0.72490	0.01667	0.00778	0.00222	0.00333	0.01389	0.00611	0.00556
58	0.00802	0.00573	0.00764	0.00917	0.00955	0.00535	0.00611	0.00917	0.01260	0.01681	0.03628	0.76434	0.04354	0.02062	0.00840	0.00267	0.00382	0.01872	0.00611	0.00535
59	0.00956	0.00644	0.00748	0.00748	0.00758	0.00654	0.00436	0.00977	0.00966	0.01299	0.02047	0.04156	0.02328	0.70530	0.09594	0.00675	0.00737	0.00935	0.00395	0.00416
60	0.00843	0.00698	0.00742	0.00726	0.00941	0.00612	0.00546	0.01106	0.04354	0.01990	0.19727	0.05897	0.56369	0.01572	0.00773	0.00219	0.00336	0.01324	0.00636	0.00588
61	0.02459	0.03138	0.01866	0.01696	0.02035	0.74221	0.01272	0.02629	0.01866	0.01611	0.01018	0.01187	0.00848	0.00678	0.00594	0.00170	0.01187	0.00424	0.00339	0.00763
62	0.01700	0.44114	0.22463	0.05137	0.02195	0.05117	0.01537	0.07432	0.01511	0.01911	0.01058	0.01230	0.00865	0.00608	0.00516	0.00169	0.00808	0.00423	0.00313	0.00893
63	0.01211	0.00617	0.00628	0.00625	0.00779	0.00614	0.00469	0.01518	0.01407	0.02464	0.05946	0.02588	0.01932	0.00798	0.00477	0.00156	0.00307	0.00645	0.76204	0.00614
64	0.00802	0.00573	0.00764	0.00917	0.00955	0.00535	0.00611	0.00917	0.01260	0.01681	0.03628	0.76434	0.04354	0.02062	0.00840	0.00267	0.00382	0.01872	0.00611	0.00535
65	0.05859	0.01509	0.01710	0.01325	0.01832	0.04068	0.01090	0.32058	0.02373	0.38210	0.02038	0.01873	0.01346	0.00791	0.00648	0.00200	0.00651	0.00612	0.00715	0.01091
66	0.01801	0.02010	0.02429	0.01964	0.02247	0.21845	0.18215	0.05397	0.01481	0.01846	0.01056	0.01459	0.00905	0.00858	0.01317	0.00235	0.33227	0.00584	0.00331	0.00793
67	0.00801	0.00578	0.00759	0.00904	0.00952	0.00536	0.00606	0.00918	0.01272	0.01685	0.03778	0.72977	0.07714	0.02043	0.00837	0.00265	0.00380	0.01848	0.00611	0.00536
68	0.01614	0.01634	0.02375	0.24499	0.44621	0.10043	0.01877	0.01993	0.01489	0.01951	0.01193	0.01614	0.00972	0.00618	0.00647	0.00199	0.00857	0.00567	0.00318	0.00919
69	0.05553	0.01224	0.01460	0.01232	0.04352	0.01150	0.03365	0.17743	0.01802	0.02589	0.05686	0.10124	0.10083	0.00920	0.00626	0.00173	0.00540	0.00772	0.00516	0.30090
70	0.09113	0.01731	0.01722	0.01455	0.01830	0.13692	0.04717	0.16403	0.23477	0.04428	0.03789	0.01988	0.03171	0.00950	0.02712	0.00234	0.06497	0.00639	0.00537	0.00916
71	0.01501	0.01260	0.01385	0.01301	0.01622	0.01430	0.01035	0.03001	0.55352	0.02589	0.04606	0.03544	0.02483	0.01096	0.00722	0.00239	0.00533	0.14702	0.00658	0.00941
72	0.06324	0.01833	0.01820	0.01454	0.01936	0.07817	0.01179	0.48783	0.14099	0.03601	0.01671	0.01661	0.01219	0.00781	0.00638	0.00197	0.00712	0.00587	0.00615	0.03071
73	0.01079	0.00990	0.04258	0.01256	0.01398	0.01088	0.03667	0.01311	0.01086	0.01574	0.01638	0.02604	0.01578	0.10507	0.45991	0.00784	0.15404	0.02816	0.00349	0.00623
74	0.02336	0.02818	0.01830	0.04627	0.02084	0.61114	0.01260	0.08570	0.01953	0.01892	0.04685	0.01434	0.01145	0.00721	0.00611	0.00176	0.01089	0.00484	0.00385	0.00786
75	0.01360	0.10064	0.67141	0.01809	0.02745	0.01626	0.02315	0.02075	0.01385	0.02037	0.01157	0.01360	0.00835	0.00620	0.00607	0.00202	0.00949	0.00474	0.00278	0.00961
76	0.02954	0.01120	0.01528	0.01171	0.01681	0.00968	0.00968	0.03208	0.01884	0.73213	0.02597	0.02241	0.01630	0.00815	0.00662	0.00204	0.00560	0.00662	0.00815	0.01120
77	0.00892	0.00670	0.00830	0.00844	0.00989	0.00620	0.00618	0.01169	0.03762	0.02202	0.37325	0.23923	0.18893	0.01596	0.00793	0.00229	0.00348	0.03034	0.00668	0.00598
78	0.01629	0.01564	0.02672	0.04041	0.72757	0.01564	0.02020	0.02020	0.01499	0.02151	0.01238	0.01629	0.01043	0.00587	0.00652	0.00196	0.00782	0.00587	0.00326	0.01043
79	0.01441	0.00940	0.01307	0.01262	0.06866	0.00879	0.04338	0.04528	0.03666	0.15610	0.28073	0.10042	0.15883	0.01229	0.00743	0.00214	0.00467	0.01079	0.00657	0.00774
80	0.00976	0.00651	0.00848	0.00949	0.01041	0.00611	0.00664	0.02969	0.01369	0.05635	0.03663	0.63427	0.07537	0.01928	0.00826	0.00261	0.00410	0.05024	0.00623	0.00587
81	0.01629	0.01466	0.01595	0.01420	0.01788	0.05150	0.04561	0.03219	0.59139	0.02604	0.02592	0.02746	0.02040	0.00937	0.00690	0.00227	0.00590	0.05988	0.00632	0.00987
82	0.06458	0.03043	0.01820	0.01654	0.01997	0.70542	0.01244	0.02594	0.01828	0.01679	0.01012	0.01181	0.00841	0.00675	0.00584	0.00171	0.01153	0.00421	0.00343	0.00761
83	0.00879	0.00637	0.00830	0.00854	0.00970	0.00588	0.00613	0.01114	0.01632	0.02261	0.45101	0.30719	0.08111	0.01616	0.00799	0.00229	0.00337	0.01443	0.00679	0.00588
84	0.05089	0.01220	0.01571	0.01208	0.01717	0.01124	0.00998	0.12094	0.02023	0.62102	0.02416	0.02121	0.01536	0.00806	0.00654	0.00203	0.00581	0.00644	0.00783	0.01109
85	0.00809	0.00578	0.00770	0.00912	0.00956	0.00539	0.00612	0.00933	0.01291	0.01729	0.07107	0.72817	0.04448	0.02026	0.00837	0.00264	0.00378	0.01837	0.00617	0.00539
86	0.04105	0.64727	0.09590	0.01214	0.01799	0.06007	0.01239	0.02013	0.01362	0.01642	0.00944	0.01093	0.00840	0.00576	0.00449	0.00150	0.00746	0.00368	0.00288	0.00848
87	0.02174	0.29223	0.05260	0.01470	0.01946	0.33575	0.01262	0.14028	0.01871	0.02043	0.01084	0.01216	0.00893	0.00655	0.00545	0.00166	0.00928	0.00430	0.00371	0.00862
88	0.00950	0.00640	0.00721	0.00719	0.00733	0.00635	0.00410	0.00966	0.01006	0.01338	0.04409	0.04405	0.05227	0.71634	0.03172	0.00609	0.00616	0.00981	0.00417	0.00412
89	0.02060	0.01450	0.01784	0.01791	0.13905	0.01548	0.01227	0.17082	0.29517	0.17003	0.04095	0.02157	0.01698	0.00816	0.00666	0.00209	0.00610	0.00682	0.00639	0.01062
90	0.00826	0.00619	0.00767	0.00836	0.00946	0.00560	0.00587	0.00999	0.01459	0.01927	0.20324	0.42848	0.21302	0.01800	0.00810	0.00242	0.00354	0.01597	0.00638	0.00560
91	0.01365	0.01170	0.01365	0.00975	0.01560	0.00878	0.00780	0.01658	0.01365	0.02145	0.01170	0.01365	0.00975	0.00488	0.00488	0.00098	0.00488	0.00390	0.00390	0.80888
92	0.81514	0.01273	0.00968	0.00866	0.01273	0.01477	0.00713	0.01935	0.01120	0.02954	0.00917	0.01069	0.00713	0.00611	0.00407	0.00204	0.00509	0.00356	0.00407	0.00713
93	0.01787	0.01489	0.01573	0.01370	0.01769	0.01707	0.01078	0.15099	0.59724	0.02995	0.02489	0.02305	0.01856	0.00875	0.00668	0.00219	0.00556	0.00718	0.00668	0.01055
94	0.01539	0.01138	0.01343	0.01002	0.01518	0.00922	0.00802	0.06098	0.01581	0.09891	0.08049	0.02038	0.05053	0.00677	0.00557	0.00131	0.00487	0.00553	0.00493	0.56127
95	0.75937	0.01293	0.01038	0.03085	0.01400	0.01499	0.00768	0.04717	0.01206	0.02965	0.00951	0.01110	0.00734	0.00620	0.00425	0.00204	0.00529	0.00373	0.00414	0.00730
96	0.00957	0.00638	0.00718	0.00718	0.00718	0.00638	0.00399	0.00957	0.00957	0.01276	0.02074	0.04308	0.02393	0.76864	0.03351	0.00638	0.00638	0.00957	0.00399	0.00399
97	0.03830	0.01197	0.01451	0.01041	0.01624	0.00926	0.03475	0.01684	0.01365	0.02169	0.01169	0.01372	0.00968	0.00494	0.00496	0.00106	0.00512	0.00404	0.00388	0.75329
98	0.00823	0.00588	0.00788	0.00940	0.00987	0.00552	0.00647	0.00952	0.01281	0.01704	0.03617	0.70946	0.04309	0.02043	0.00846	0.00270	0.00400	0.07157	0.00611	0.00540
99	0.02459	0.03138	0.01866	0.01696	0.02035	0.74221	0.01272	0.02629	0.01866	0.01611	0.01018	0.01187	0.00848	0.00678	0.00594	0.00170	0.01187	0.00424	0.00339	0.00763
100	0.02243	0.02287	0.01750	0.01528	0.01918	0.36131	0.01181	0.14093	0.23357	0.06343	0.01705	0.01698	0.01291	0.00770	0.00631	0.00192	0.00873	0.00563	0.00519	0.00927
101	0.00913	0.00672	0.00855	0.00809	0.00972	0.00613	0.00607	0.01207	0.01820	0.02537	0.64568	0.05087	0.14117	0.01384	0.00777	0.00209	0.00313	0.01214	0.00711	0.00613
102	0.00940	0.00705	0.01058	0.01058	0.01176	0.00823	0.00823	0.01176	0.01058	0.01528	0.01763	0.02586	0.01646	0.04937	0.74255	0.01058	0.01763	0.00705	0.00353	0.00588
103	0.02234	0.01904	0.02289	0.01757	0.02280	0.08287	0.14579	0.45036	0.09148	0.03400	0.01587	0.01666	0.01156	0.00745	0.00677	0.00202	0.00820	0.00628	0.00569	0.01036
104	0.00888	0.00675	0.00820	0.00795	0.00972	0.00607	0.00604	0.01151	0.01727	0.02325	0.47458	0.05507	0.27731	0.01475	0.00784	0.00217	0.00333	0.04651	0.00682	0.00599
105	0.01365	0.01170	0.01365	0.00975	0.01560	0.00878	0.00780	0.01658	0.01365	0.02145	0.01170	0.01365	0.00975	0.00488	0.00488	0.00098	0.00488	0.00390	0.00390	0.80888
106	0.01050	0.00795	0.00961	0.00922	0.01104	0.00784	0.00687	0.04827	0.09707	0.02463	0.41648	0.18291	0.11349	0.01434	0.00771	0.00221	0.00371	0.01259	0.00683	0.00671
107	0.05790	0.07296	0.14945	0.02112	0.02755	0.08095	0.34105	0.08374	0.03425	0.04807	0.01331	0.01590	0.00992	0.00620	0.00675	0.00206	0.00966	0.00625	0.00380	0.00913
108	0.01939	0.58499	0.03057	0.01260	0.01777	0.16603	0.01162	0.05956	0.01540	0.01707	0.00973	0.01111	0.00861	0.00599	0.00469	0.00150	0.00800	0.00380	0.00314	0.00844
109	0.04624	0.01305	0.01793	0.07446	0.01853	0.01683	0.01293	0.01661	0.01186	0.05319	0.07527	0.01802	0.01393	0.01040	0.01640	0.00253	0.50234	0.00614	0.00367	0.06968
110	0.06572	0.02372	0.01800	0.01538	0.01946	0.45229	0.03973	0.02749	0.01821	0.23544	0.01507	0.01527	0.01086	0.00712	0.00613	0.00184	0.00958	0.00508	0.00487	0.00875
111	0.04002	0.16663	0.06654	0.01786	0.02384	0.01753	0.24215	0.14202	0.01831	0.17804	0.01549	0.01662	0.01110	0.00659	0.00644	0.00197	0.00821	0.00610	0.00483	0.00970
112	0.01031	0.00740	0.01019	0.01130	0.01284	0.00728	0.00968	0.01332	0.01577	0.02084	0.15807	0.06953	0.05973	0.01731	0.00882	0.00284	0.00547	0.54695	0.00627	0.00608
113	0.01544	0.41022	0.37798	0.01494	0.02259	0.02077	0.01767	0.02027	0.01363	0.01812	0.01046	0.01220	0.00839	0.00594	0.00522	0.00174	0.00836	0.00418	0.00280	0.00908
114	0.00826	0.00590	0.00791	0.00944	0.00992	0.00555	0.00652	0.00958	0.01284	0.01707	0.03615	0.70125	0.04302	0.02040	0.00847	0.00271	0.00402	0.07947	0.00611	0.00541
115	0.00802	0.00573	0.00764	0.00917	0.00955	0.00535	0.00611	0.00917	0.01260	0.01681	0.03628	0.76434	0.04354	0.02062	0.00840	0.00267	0.00382	0.01872	0.00611	0.00535
116	0.01570	0.01492	0.02481	0.14950	0.57199	0.01553	0.01923	0.02070	0.06335	0.02120	0.01328	0.01706	0.01084	0.00619	0.00654	0.00201	0.00779	0.00597	0.00345	0.00994
117	0.09312	0.01721	0.01819	0.01473	0.01937	0.05620	0.04546	0.36294	0.24367	0.03368	0.01825	0.01800	0.01343	0.00789	0.00642	0.00206	0.00684	0.00619	0.00607	0.01028
118	0.00940	0.00705	0.01058	0.01058	0.01176	0.00823	0.00823	0.01176	0.01058	0.01528	0.01763	0.02586	0.01646	0.04937	0.74255	0.01058	0.01763	0.00705	0.00353	0.00588
119	0.00786	0.00638	0.00697	0.00745	0.00910	0.00549	0.00535	0.00936	0.01426	0.01748	0.05723	0.28150	0.51286	0.01790	0.00797	0.00236	0.00349	0.01539	0.00611	0.00549
120	0.01614	0.01734	0.03691	0.02651	0.03298	0.01635	0.64714	0.02210	0.04427	0.05025	0.01438	0.01822	0.01066	0.00579	0.00768	0.00221	0.01063	0.00771	0.00366	0.00904
121	0.01554	0.01776	0.03885	0.02775	0.03441	0.01665	0.70366	0.02109	0.01554	0.02109	0.01332	0.01776	0.00999	0.00555	0.00777	0.00222	0.01110	0.00777	0.00333	0.00888
122	0.00946	0.00634	0.00721	0.00732	0.00735	0.00631	0.00414	0.00954	0.00979	0.01305	0.02185	0.09428	0.02533	0.71554	0.03173	0.00612	0.00620	0.01022	0.00414	0.00409
123	0.01243	0.01170	0.01975	0.75282	0.04534	0.01463	0.01828	0.01682	0.01316	0.01682	0.01170	0.01755	0.00878	0.00658	0.00658	0.00219	0.00878	0.00585	0.00293	0.00731
124	0.01554	0.01776	0.03885	0.02775	0.03441	0.01665	0.70366	0.02109	0.01554	0.02109	0.01332	0.01776	0.00999	0.00555	0.00777	0.00222	0.01110	0.00777	0.00333	0.00888
125	0.01320	0.03405	0.73453	0.01876	0.02849	0.01529	0.02432	0.02085	0.01390	0.02085	0.01181	0.01390	0.00834	0.00625	0.00625	0.00208	0.00973	0.00486	0.00278	0.00973
126	0.00802	0.00573	0.00764	0.00917	0.00955	0.00535	0.00611	0.00917	0.01260	0.01681	0.03628	0.76434	0.04354	0.02062	0.00840	0.00267	0.00382	0.01872	0.00611	0.00535
127	0.09077	0.01173	0.01509	0.01167	0.01669	0.01068	0.00964	0.06886	0.01892	0.63841	0.02409	0.02112	0.01529	0.00797	0.00642	0.00203	0.00565	0.00634	0.00774	0.01088
128	0.01173	0.00873	0.01132	0.01216	0.01410	0.00904	0.01040	0.04088	0.10237	0.02157	0.05105	0.06513	0.05258	0.01652	0.00864	0.00285	0.00586	0.54210	0.00619	0.00678
129	0.01243	0.01170	0.01975	0.75282	0.04534	0.01463	0.01828	0.01682	0.01316	0.01682	0.01170	0.01755	0.00878	0.00658	0.00658	0.00219	0.00878	0.00585	0.00293	0.00731
130	0.00802	0.00573	0.00764	0.00917	0.00955	0.00535	0.00611	0.00917	0.01260	0.01681	0.03628	0.76434	0.04354	0.02062	0.00840	0.00267	0.00382	0.01872	0.00611	0.00535
131	0.00799	0.00587	0.00750	0.00881	0.00945	0.00538	0.00595	0.00921	0.01295	0.01695	0.04068	0.66298	0.14206	0.02005	0.00831	0.00261	0.00375	0.01802	0.00611	0.00538
132	0.01532	0.23095	0.46770	0.01748	0.05228	0.07049	0.01983	0.02091	0.01414	0.01910	0.01101	0.01295	0.00846	0.00611	0.00570	0.00187	0.00909	0.00450	0.00285	0.00926
133	0.01243	0.01170	0.01975	0.75282	0.04534	0.01463	0.01828	0.01682	0.01316	0.01682	0.01170	0.01755	0.00878	0.00658	0.00658	0.00219	0.00878	0.00585	0.00293	0.00731
134	0.00870	0.00665	0.00801	0.00814	0.00966	0.00605	0.00592	0.01127	0.03380	0.02138	0.33213	0.23248	0.25948	0.01613	0.00790	0.00227	0.00341	0.01411	0.00660	0.00590
135	0.00940	0.00705	0.01058	0.01058	0.01176	0.00823	0.00823	0.01176	0.01058	0.01528	0.01763	0.02586	0.01646	0.04937	0.74255	0.01058	0.01763	0.00705	0.00353	0.00588
136	0.05082	0.01339	0.02007	0.15671	0.15351	0.01388	0.07573	0.09764	0.06343	0.19602	0.05623	0.02190	0.01571	0.00773	0.00673	0.00210	0.00710	0.02647	0.00531	0.00949

[dist]
# distance from previous block
# <min> <max>
0	11

[block]
# block no. 1 follows, 33 sequences, length 23
# corresponding to MSA columns:
# 174-196
name=unknown_B
#
# <colnr> <probs for GDERKNQSTAVLIFYWHMCP>
#	G	D	E	R	K	N	Q	S	T	A	V	L	I	F	Y	W	H	M	C	P
0	0.09808	0.54193	0.06866	0.01385	0.05964	0.02252	0.04188	0.02043	0.01364	0.05273	0.01049	0.01198	0.00888	0.00585	0.00472	0.00161	0.00714	0.00407	0.00325	0.00865
1	0.02349	0.02065	0.05464	0.01698	0.06223	0.12074	0.01348	0.50683	0.05810	0.03513	0.01511	0.01558	0.01103	0.00759	0.00648	0.00195	0.00796	0.00570	0.00576	0.01055
2	0.06287	0.06595	0.06942	0.11076	0.41952	0.03571	0.10201	0.02006	0.01456	0.02084	0.01193	0.01564	0.00969	0.00595	0.00635	0.00198	0.00834	0.00570	0.00322	0.00946
3	0.01607	0.17768	0.44452	0.01574	0.02336	0.05911	0.01851	0.02153	0.01449	0.07988	0.01301	0.01452	0.00960	0.00641	0.00575	0.00189	0.00854	0.00479	0.05535	0.00924
4	0.03939	0.01438	0.02327	0.10488	0.09146	0.04926	0.21979	0.05301	0.01538	0.03791	0.07053	0.06646	0.03614	0.00993	0.02643	0.00246	0.09510	0.03200	0.00417	0.00804
5	0.01365	0.01170	0.01365	0.00975	0.01560	0.00878	0.00780	0.01658	0.01365	0.02145	0.01170	0.01365	0.00975	0.00488	0.00488	0.00098	0.00488	0.00390	0.00390	0.80888
6	0.02500	0.01928	0.01969	0.01526	0.02041	0.06726	0.01253	0.66154	0.03015	0.03984	0.01544	0.01555	0.01102	0.00783	0.00654	0.00196	0.00754	0.00582	0.00638	0.01096
7	0.01629	0.01564	0.02672	0.04041	0.72757	0.01564	0.02020	0.02020	0.01499	0.02151	0.01238	0.01629	0.01043	0.00587	0.00652	0.00196	0.00782	0.00587	0.00326	0.01043
8	0.00956	0.00645	0.00753	0.00753	0.00764	0.00657	0.00442	0.00980	0.00968	0.01302	0.02043	0.04133	0.02317	0.69559	0.10552	0.00681	0.00753	0.00932	0.00394	0.00418
9	0.01144	0.00572	0.00858	0.00858	0.00858	0.00572	0.00572	0.00858	0.00858	0.01144	0.01144	0.02001	0.01144	0.02287	0.02573	0.80846	0.00572	0.00572	0.00286	0.00286
10	0.00802	0.00573	0.00764	0.00917	0.00955	0.00535	0.00611	0.00917	0.01260	0.01681	0.03628	0.76434	0.04354	0.02062	0.00840	0.00267	0.00382	0.01872	0.00611	0.00535
11	0.08854	0.01163	0.01505	0.01163	0.01665	0.01052	0.00961	0.06019	0.01879	0.64939	0.02427	0.02124	0.01539	0.00798	0.00643	0.00203	0.00563	0.00636	0.00777	0.01090
12	0.00957	0.00638	0.00718	0.00718	0.00718	0.00638	0.00399	0.00957	0.00957	0.01276	0.02074	0.04308	0.02393	0.76864	0.03351	0.00638	0.00638	0.00957	0.00399	0.00399
13	0.01701	0.01400	0.01490	0.01332	0.01710	0.01605	0.01038	0.03484	0.68222	0.06137	0.02676	0.02446	0.01991	0.00889	0.00669	0.00222	0.00523	0.00740	0.00677	0.01046
14	0.01332	0.01261	0.02136	0.58842	0.20277	0.01486	0.01873	0.01760	0.01359	0.01790	0.01186	0.01726	0.00916	0.00642	0.00657	0.00214	0.00856	0.00585	0.00300	0.00803
15	0.01243	0.01170	0.01975	0.75282	0.04534	0.01463	0.01828	0.01682	0.01316	0.01682	0.01170	0.01755	0.00878	0.00658	0.00658	0.00219	0.00878	0.00585	0.00293	0.00731
16	0.01347	0.01276	0.02161	0.56213	0.22795	0.01490	0.01880	0.01773	0.01365	0.01807	0.01188	0.01721	0.00922	0.00639	0.00656	0.00213	0.00852	0.00585	0.00301	0.00815
17	0.00957	0.00638	0.00718	0.00718	0.00718	0.00638	0.00399	0.00957	0.00957	0.01276	0.02074	0.04308	0.02393	0.76864	0.03351	0.00638	0.00638	0.00957	0.00399	0.00399
18	0.01061	0.00758	0.01061	0.01212	0.01364	0.00758	0.01061	0.01364	0.01515	0.01970	0.03486	0.07426	0.03789	0.01819	0.00909	0.00303	0.00606	0.68326	0.00606	0.00606
19	0.02459	0.03138	0.01866	0.01696	0.02035	0.74221	0.01272	0.02629	0.01866	0.01611	0.01018	0.01187	0.00848	0.00678	0.00594	0.00170	0.01187	0.00424	0.00339	0.00763
20	0.01629	0.01564	0.02672	0.04041	0.72757	0.01564	0.02020	0.02020	0.01499	0.02151	0.01238	0.01629	0.01043	0.00587	0.00652	0.00196	0.00782	0.00587	0.00326	0.01043
21	0.02509	0.01770	0.01922	0.01480	0.02000	0.01939	0.01221	0.62696	0.05384	0.09768	0.01702	0.01665	0.01192	0.00796	0.00659	0.00199	0.00704	0.00604	0.00672	0.01117
22	0.00802	0.00573	0.00764	0.00917	0.00955	0.00535	0.00611	0.00917	0.01260	0.01681	0.03628	0.76434	0.04354	0.02062	0.00840	0.00267	0.00382	0.01872	0.00611	0.00535

[dist]
# distance from previous block
# <min> <max>
0	0

# created by:
# /home/berkeley/.conda/envs/busco_data_prod/bin/msa2prfl.pl pipeline/OGs_align_augustus/4893/13305.fs
