[name]
unknown

[dist]
# distance from previous block
# <min> <max>
0	18

[block]
# block no. 0 follows, 33 sequences, length 66
# corresponding to MSA columns:
# 18-83
name=unknown_A
#
# <colnr> <probs for GDERKNQSTAVLIFYWHMCP>
#	G	D	E	R	K	N	Q	S	T	A	V	L	I	F	Y	W	H	M	C	P
0	0.11298	0.03923	0.03457	0.03453	0.04274	0.03496	0.03682	0.12964	0.01783	0.09946	0.08424	0.03491	0.06943	0.01064	0.00690	0.00221	0.00625	0.15971	0.00557	0.03737
1	0.25951	0.01567	0.01750	0.12711	0.15677	0.10368	0.03761	0.08129	0.01519	0.02415	0.01189	0.01529	0.00961	0.03289	0.00658	0.00209	0.00738	0.00509	0.02579	0.04492
2	0.09603	0.05865	0.01840	0.01411	0.01821	0.12450	0.01152	0.31116	0.02149	0.09371	0.01477	0.04474	0.01168	0.00829	0.00789	0.00201	0.09446	0.00581	0.00528	0.03729
3	0.06812	0.01164	0.01657	0.01414	0.04348	0.01157	0.13743	0.06134	0.12174	0.04268	0.13936	0.05189	0.15893	0.04990	0.00845	0.00234	0.00585	0.00926	0.00550	0.03981
4	0.06987	0.00871	0.01013	0.00972	0.01157	0.00893	0.00715	0.11586	0.01575	0.02237	0.12185	0.28613	0.07624	0.09339	0.08717	0.00357	0.00603	0.01193	0.00565	0.02796
5	0.01616	0.01484	0.02188	0.13931	0.39025	0.03318	0.01660	0.07620	0.10974	0.02333	0.05198	0.01908	0.01418	0.00693	0.00655	0.00199	0.00731	0.00628	0.00417	0.04006
6	0.00871	0.00653	0.00865	0.00960	0.01015	0.00647	0.00662	0.00995	0.01259	0.01709	0.05932	0.63942	0.04026	0.04759	0.01007	0.00275	0.05215	0.01684	0.00580	0.02945
7	0.01048	0.00681	0.00879	0.00880	0.01023	0.00620	0.00629	0.01250	0.01537	0.07732	0.30061	0.32854	0.07755	0.06505	0.00952	0.00256	0.00386	0.01388	0.00651	0.02912
8	0.01157	0.00720	0.00822	0.00772	0.00953	0.00645	0.00543	0.01288	0.01389	0.11842	0.08233	0.07010	0.33411	0.26467	0.01616	0.00358	0.00467	0.01145	0.00576	0.00587
9	0.06803	0.00825	0.00907	0.00798	0.01066	0.00809	0.00628	0.04714	0.01552	0.19304	0.02153	0.02281	0.01589	0.00769	0.00513	0.00170	0.00396	0.00608	0.53355	0.00760
10	0.01860	0.00921	0.01192	0.01003	0.01335	0.00840	0.00794	0.02244	0.06724	0.33672	0.31903	0.03671	0.08813	0.01104	0.00719	0.00208	0.00437	0.00941	0.00752	0.00866
11	0.13126	0.00955	0.01032	0.00926	0.01214	0.00962	0.00721	0.07855	0.06245	0.11877	0.13859	0.10697	0.17217	0.01166	0.00663	0.00210	0.00435	0.00964	0.09128	0.00750
12	0.81514	0.01273	0.00968	0.00866	0.01273	0.01477	0.00713	0.01935	0.01120	0.02954	0.00917	0.01069	0.00713	0.00611	0.00407	0.00204	0.00509	0.00356	0.00407	0.00713
13	0.00784	0.00667	0.00675	0.00673	0.00893	0.00558	0.00505	0.00956	0.01514	0.01810	0.09057	0.06284	0.70082	0.01656	0.00778	0.00222	0.00333	0.01382	0.00615	0.00558
14	0.00940	0.00705	0.01058	0.01058	0.01176	0.00823	0.00823	0.01176	0.01058	0.01528	0.01763	0.02586	0.01646	0.04937	0.74255	0.01058	0.01763	0.00705	0.00353	0.00588
15	0.02227	0.01023	0.01292	0.01052	0.01441	0.00946	0.00846	0.07645	0.04020	0.42148	0.10277	0.05041	0.06957	0.00962	0.00662	0.00201	0.00491	0.00796	0.11031	0.00943
16	0.02247	0.01609	0.01745	0.01400	0.01867	0.01775	0.01136	0.42521	0.22728	0.09975	0.02012	0.01926	0.01444	0.00821	0.00655	0.00204	0.00635	0.00644	0.03577	0.01079
17	0.00957	0.00638	0.00718	0.00718	0.00718	0.00638	0.00399	0.00957	0.00957	0.01276	0.02074	0.04308	0.02393	0.76864	0.03351	0.00638	0.00638	0.00957	0.00399	0.00399
18	0.00811	0.00579	0.00767	0.00908	0.00949	0.00541	0.00605	0.00930	0.01274	0.01705	0.06185	0.71645	0.04368	0.04197	0.00910	0.00276	0.00387	0.01819	0.00609	0.00534
19	0.01712	0.01421	0.01508	0.01341	0.01723	0.01631	0.01047	0.06014	0.66742	0.05079	0.02635	0.02416	0.01964	0.00887	0.00669	0.00222	0.00530	0.00736	0.00674	0.01047
20	0.01144	0.00572	0.00858	0.00858	0.00858	0.00572	0.00572	0.00858	0.00858	0.01144	0.01144	0.02001	0.01144	0.02287	0.02573	0.80846	0.00572	0.00572	0.00286	0.00286
21	0.13710	0.01305	0.01552	0.01207	0.01706	0.01281	0.00997	0.18258	0.02052	0.47891	0.02135	0.01930	0.01388	0.00781	0.00626	0.00202	0.00590	0.00604	0.00723	0.01064
22	0.00802	0.00573	0.00764	0.00917	0.00955	0.00535	0.00611	0.00917	0.01260	0.01681	0.03628	0.76434	0.04354	0.02062	0.00840	0.00267	0.00382	0.01872	0.00611	0.00535
23	0.01074	0.00721	0.00921	0.00868	0.01049	0.00669	0.00651	0.01409	0.04327	0.07340	0.54170	0.11458	0.10047	0.01382	0.00771	0.00214	0.00344	0.01215	0.00711	0.00658
24	0.01497	0.01666	0.03516	0.02558	0.03128	0.01627	0.59469	0.01994	0.01472	0.02022	0.01328	0.01812	0.01039	0.00944	0.06608	0.00292	0.07090	0.00755	0.00331	0.00851
25	0.01320	0.03405	0.73453	0.01876	0.02849	0.01529	0.02432	0.02085	0.01390	0.02085	0.01181	0.01390	0.00834	0.00625	0.00625	0.00208	0.00973	0.00486	0.00278	0.00973
26	0.01365	0.01170	0.01365	0.00975	0.01560	0.00878	0.00780	0.01658	0.01365	0.02145	0.01170	0.01365	0.00975	0.00488	0.00488	0.00098	0.00488	0.00390	0.00390	0.80888
27	0.00802	0.00573	0.00764	0.00917	0.00955	0.00535	0.00611	0.00917	0.01260	0.01681	0.03628	0.76434	0.04354	0.02062	0.00840	0.00267	0.00382	0.01872	0.00611	0.00535
28	0.02113	0.01874	0.01639	0.01428	0.01824	0.21007	0.01112	0.09284	0.37307	0.12102	0.02124	0.02008	0.01567	0.00816	0.00647	0.00204	0.00723	0.00634	0.00600	0.00985
29	0.01637	0.01414	0.01489	0.01340	0.01712	0.01637	0.01042	0.03498	0.71568	0.02754	0.02679	0.02456	0.02010	0.00893	0.00670	0.00223	0.00521	0.00744	0.00670	0.01042
30	0.01487	0.01422	0.02243	0.40352	0.22975	0.04269	0.06255	0.06542	0.01532	0.02010	0.01413	0.01848	0.03440	0.00677	0.00666	0.00210	0.00849	0.00620	0.00342	0.00850
31	0.01041	0.01005	0.05905	0.04428	0.01427	0.00879	0.03616	0.01480	0.07256	0.02305	0.38729	0.04358	0.17815	0.03231	0.00868	0.00227	0.03066	0.01075	0.00609	0.00679
32	0.01144	0.00572	0.00858	0.00858	0.00858	0.00572	0.00572	0.00858	0.00858	0.01144	0.01144	0.02001	0.01144	0.02287	0.02573	0.80846	0.00572	0.00572	0.00286	0.00286
33	0.01369	0.01362	0.06927	0.01109	0.01727	0.00956	0.03445	0.01707	0.01374	0.02139	0.01177	0.01382	0.00965	0.00500	0.00509	0.00110	0.00547	0.00411	0.00379	0.71906
34	0.02249	0.02811	0.06575	0.01700	0.02068	0.55637	0.03736	0.02472	0.01742	0.04945	0.01230	0.01411	0.02558	0.00741	0.00745	0.00187	0.07558	0.00487	0.00359	0.00789
35	0.02477	0.01802	0.01939	0.01496	0.02015	0.01990	0.01233	0.65401	0.06199	0.06222	0.01662	0.01641	0.01176	0.00796	0.00659	0.00199	0.00710	0.00602	0.00664	0.01116
36	0.25619	0.04100	0.05318	0.01656	0.03581	0.13227	0.16564	0.02112	0.01442	0.07098	0.01370	0.01906	0.01144	0.00759	0.00712	0.00214	0.05808	0.06161	0.00405	0.00803
37	0.03401	0.04652	0.17892	0.08259	0.05045	0.01428	0.09338	0.10589	0.01702	0.18127	0.01712	0.05179	0.01290	0.00767	0.00687	0.00207	0.02717	0.00650	0.05421	0.00936
38	0.01459	0.01431	0.02537	0.26569	0.30092	0.01516	0.15135	0.01977	0.05764	0.02010	0.01414	0.04584	0.01166	0.00678	0.00686	0.00213	0.00845	0.00682	0.00348	0.00893
39	0.00957	0.00638	0.00718	0.00718	0.00718	0.00638	0.00399	0.00957	0.00957	0.01276	0.02074	0.04308	0.02393	0.76864	0.03351	0.00638	0.00638	0.00957	0.00399	0.00399
40	0.01598	0.01853	0.08821	0.05400	0.08315	0.01664	0.50258	0.06836	0.04271	0.02258	0.01375	0.01747	0.01031	0.00595	0.00740	0.00217	0.01018	0.00720	0.00362	0.00921
41	0.04889	0.01041	0.01303	0.01102	0.01368	0.01085	0.00855	0.09182	0.01572	0.26358	0.04291	0.04852	0.01865	0.18529	0.07586	0.00382	0.08566	0.00756	0.03613	0.00802
42	0.01443	0.01216	0.01407	0.01012	0.01593	0.00957	0.00812	0.06387	0.01484	0.02283	0.01198	0.01380	0.00985	0.00508	0.00499	0.00104	0.00504	0.00404	0.00408	0.75413
43	0.11853	0.02052	0.01471	0.01303	0.01634	0.34379	0.01006	0.13805	0.01850	0.02392	0.01375	0.01565	0.01089	0.00844	0.02896	0.00203	0.00849	0.00495	0.18160	0.00779
44	0.00902	0.00660	0.00805	0.00784	0.00915	0.00608	0.00557	0.01117	0.01594	0.02176	0.43608	0.09210	0.17010	0.15691	0.01266	0.00295	0.00381	0.01221	0.00637	0.00563
45	0.00868	0.00701	0.00777	0.00762	0.00967	0.00624	0.00579	0.01147	0.04260	0.02081	0.26049	0.05808	0.47287	0.01548	0.00779	0.00221	0.00345	0.03956	0.00647	0.00596
46	0.05925	0.01096	0.01461	0.01136	0.01617	0.00964	0.00934	0.03023	0.01853	0.65587	0.07323	0.02378	0.01908	0.00843	0.00660	0.00204	0.00541	0.00686	0.00792	0.01070
47	0.00985	0.00655	0.00813	0.00854	0.00992	0.00588	0.00606	0.01148	0.01446	0.07411	0.13586	0.40848	0.22190	0.03614	0.00864	0.00252	0.00380	0.01536	0.00637	0.00594
48	0.01392	0.00880	0.01043	0.00936	0.01184	0.00865	0.00731	0.09421	0.05285	0.10032	0.31183	0.05413	0.10516	0.01178	0.00702	0.00205	0.00411	0.04100	0.13783	0.00740
49	0.01554	0.01776	0.03885	0.02775	0.03441	0.01665	0.70366	0.02109	0.01554	0.02109	0.01332	0.01776	0.00999	0.00555	0.00777	0.00222	0.01110	0.00777	0.00333	0.00888
50	0.12006	0.01171	0.01484	0.01152	0.01650	0.01076	0.00951	0.06151	0.01852	0.61931	0.02356	0.02075	0.01500	0.00790	0.00632	0.00203	0.00562	0.00624	0.00761	0.01073
51	0.04053	0.01025	0.01191	0.01069	0.01345	0.01044	0.00823	0.15392	0.07833	0.12541	0.11882	0.21574	0.07899	0.03927	0.00816	0.00238	0.00491	0.03019	0.03042	0.00795
52	0.01129	0.00759	0.00932	0.00877	0.01074	0.00717	0.00669	0.01499	0.06497	0.07730	0.40742	0.04826	0.15384	0.06121	0.00923	0.00243	0.00388	0.05724	0.03104	0.00662
53	0.02954	0.01120	0.01528	0.01171	0.01681	0.00968	0.00968	0.03208	0.01884	0.73213	0.02597	0.02241	0.01630	0.00815	0.00662	0.00204	0.00560	0.00662	0.00815	0.01120
54	0.01424	0.00857	0.01140	0.01159	0.01396	0.00833	0.00985	0.01808	0.06048	0.15290	0.06117	0.05971	0.08326	0.01544	0.00834	0.00270	0.00561	0.44055	0.00654	0.00727
55	0.00993	0.00751	0.00892	0.00893	0.01070	0.00724	0.00675	0.03134	0.07597	0.02225	0.26316	0.19074	0.21191	0.01531	0.00777	0.00230	0.00385	0.07218	0.03689	0.00636
56	0.01087	0.00748	0.00920	0.00891	0.01080	0.00719	0.00690	0.01491	0.07142	0.05213	0.39476	0.07552	0.12481	0.01354	0.00752	0.00218	0.00376	0.08959	0.08189	0.00661
57	0.81514	0.01273	0.00968	0.00866	0.01273	0.01477	0.00713	0.01935	0.01120	0.02954	0.00917	0.01069	0.00713	0.00611	0.00407	0.00204	0.00509	0.00356	0.00407	0.00713
58	0.06924	0.00787	0.01008	0.01024	0.01161	0.00853	0.00777	0.01381	0.04789	0.04590	0.02421	0.18940	0.02530	0.12738	0.25827	0.00578	0.02794	0.09782	0.00484	0.00610
59	0.04265	0.00728	0.00897	0.00885	0.01062	0.00670	0.00641	0.01423	0.01465	0.14161	0.13402	0.32643	0.13779	0.07042	0.00945	0.00262	0.00416	0.01330	0.03335	0.00650
60	0.00940	0.00705	0.01058	0.01058	0.01176	0.00823	0.00823	0.01176	0.01058	0.01528	0.01763	0.02586	0.01646	0.04937	0.74255	0.01058	0.01763	0.00705	0.00353	0.00588
61	0.00833	0.00602	0.00796	0.00940	0.01003	0.00564	0.00662	0.00975	0.01307	0.01723	0.03789	0.63574	0.08278	0.02008	0.00845	0.00269	0.00408	0.10270	0.00610	0.00545
62	0.01779	0.01712	0.02324	0.22357	0.30445	0.12163	0.05645	0.09015	0.01683	0.04740	0.01277	0.01624	0.00997	0.00646	0.00653	0.00200	0.00872	0.00577	0.00371	0.00920
63	0.01564	0.01006	0.01575	0.06211	0.01712	0.01028	0.10326	0.07289	0.01353	0.11932	0.01630	0.02186	0.03301	0.05171	0.04231	0.34091	0.03687	0.00662	0.00417	0.00628
64	0.01637	0.01581	0.04586	0.09621	0.39865	0.01542	0.16156	0.04816	0.03698	0.05003	0.01447	0.01932	0.01173	0.00660	0.00689	0.00209	0.00838	0.03198	0.00377	0.00971
65	0.11757	0.01543	0.02257	0.16603	0.32759	0.04942	0.05721	0.06158	0.01491	0.02209	0.01168	0.01551	0.00947	0.00668	0.00761	0.00210	0.07449	0.00560	0.00348	0.00896

[dist]
# distance from previous block
# <min> <max>
0	8

[block]
# block no. 1 follows, 33 sequences, length 91
# corresponding to MSA columns:
# 92-182
name=unknown_B
#
# <colnr> <probs for GDERKNQSTAVLIFYWHMCP>
#	G	D	E	R	K	N	Q	S	T	A	V	L	I	F	Y	W	H	M	C	P
0	0.04109	0.01275	0.01433	0.03760	0.01659	0.01374	0.00974	0.17501	0.22093	0.02802	0.10747	0.07347	0.02208	0.00937	0.00707	0.00199	0.03532	0.00763	0.04654	0.11927
1	0.18989	0.15647	0.08040	0.01608	0.09903	0.07906	0.05276	0.02154	0.07831	0.06037	0.05715	0.05305	0.01491	0.00755	0.00576	0.00195	0.00695	0.00600	0.00429	0.00849
2	0.00945	0.00715	0.01057	0.01056	0.01167	0.00827	0.00816	0.01174	0.01109	0.01594	0.05300	0.07330	0.02018	0.04479	0.64092	0.00946	0.03602	0.00799	0.00385	0.00590
3	0.24632	0.04910	0.01880	0.15830	0.06506	0.03298	0.06348	0.17070	0.05949	0.02722	0.01280	0.01497	0.00972	0.00666	0.00577	0.00200	0.00712	0.00523	0.00438	0.03989
4	0.06142	0.01061	0.01264	0.01035	0.01452	0.00940	0.00816	0.03474	0.06904	0.16553	0.07783	0.12695	0.02167	0.00933	0.00623	0.00176	0.00486	0.02912	0.00569	0.32015
5	0.03790	0.00988	0.01299	0.17054	0.03353	0.01079	0.01008	0.08868	0.06656	0.04151	0.05989	0.12131	0.11533	0.04446	0.07496	0.07364	0.00691	0.00916	0.00492	0.00695
6	0.03715	0.08448	0.28865	0.08365	0.12530	0.01629	0.09873	0.04135	0.03000	0.07644	0.01316	0.01561	0.00981	0.00660	0.00707	0.00207	0.04510	0.00555	0.00358	0.00940
7	0.00912	0.00629	0.00781	0.00860	0.00894	0.00615	0.00568	0.00996	0.01147	0.01523	0.02854	0.32169	0.03326	0.38390	0.02070	0.00452	0.00536	0.10292	0.00507	0.00478
8	0.00895	0.00653	0.00780	0.00826	0.00973	0.00592	0.00622	0.01031	0.01402	0.01786	0.08808	0.17236	0.35489	0.01786	0.01022	0.10261	0.00412	0.11899	0.02994	0.00532
9	0.01373	0.01375	0.06155	0.31810	0.21321	0.01390	0.07081	0.01812	0.05311	0.01847	0.01318	0.01867	0.01078	0.03707	0.00976	0.09028	0.00814	0.00617	0.00328	0.00794
10	0.04297	0.50875	0.05112	0.03759	0.04241	0.09478	0.01189	0.04156	0.03646	0.01774	0.01355	0.01482	0.04949	0.00662	0.00496	0.00161	0.00737	0.00458	0.00336	0.00838
11	0.01440	0.01418	0.01875	0.01722	0.05718	0.07434	0.04515	0.03806	0.01210	0.01710	0.01179	0.01752	0.01093	0.02039	0.20804	0.00470	0.40153	0.00608	0.00325	0.00728
12	0.10263	0.01067	0.01415	0.05612	0.13507	0.01136	0.01023	0.05596	0.07954	0.07585	0.01733	0.02280	0.03295	0.09377	0.09331	0.16267	0.00751	0.00652	0.00433	0.00721
13	0.01591	0.01453	0.02421	0.13691	0.47022	0.01525	0.05014	0.02052	0.05970	0.04492	0.01352	0.01733	0.01095	0.00707	0.00795	0.02989	0.04180	0.00607	0.00357	0.00953
14	0.01610	0.29627	0.18873	0.01612	0.02240	0.01909	0.13499	0.09045	0.01544	0.02056	0.01207	0.01468	0.00979	0.01015	0.07609	0.00262	0.00931	0.00517	0.00339	0.03657
15	0.00860	0.00619	0.00814	0.00936	0.01010	0.00584	0.00670	0.01017	0.01343	0.01779	0.08342	0.52604	0.08146	0.05597	0.00966	0.00285	0.00424	0.12849	0.00608	0.00547
16	0.01906	0.00891	0.01195	0.01077	0.01372	0.00810	0.00847	0.02167	0.03446	0.36195	0.07764	0.22727	0.02978	0.03614	0.00831	0.00247	0.00503	0.09878	0.00711	0.00841
17	0.10401	0.00820	0.00977	0.00980	0.01178	0.00807	0.00748	0.04560	0.01503	0.10261	0.09382	0.31445	0.08946	0.03540	0.00829	0.00256	0.00464	0.11621	0.00617	0.00666
18	0.00812	0.00693	0.00701	0.00694	0.00920	0.00595	0.00522	0.01040	0.03927	0.01834	0.08206	0.06166	0.68370	0.01632	0.00774	0.00222	0.00339	0.01362	0.00616	0.00574
19	0.02503	0.01844	0.01976	0.01515	0.02042	0.02042	0.01251	0.70562	0.03095	0.04149	0.01581	0.01581	0.01120	0.00790	0.00659	0.00198	0.00724	0.00593	0.00659	0.01120
20	0.00865	0.00602	0.00753	0.00840	0.00870	0.00577	0.00534	0.00947	0.01179	0.01579	0.06412	0.46564	0.03727	0.29391	0.01756	0.00400	0.00472	0.01504	0.00539	0.00489
21	0.01729	0.01419	0.01532	0.01350	0.01724	0.01619	0.01070	0.15904	0.50752	0.02904	0.02465	0.02575	0.01920	0.01154	0.04846	0.00270	0.00634	0.04479	0.00646	0.01007
22	0.01554	0.01776	0.03885	0.02775	0.03441	0.01665	0.70366	0.02109	0.01554	0.02109	0.01332	0.01776	0.00999	0.00555	0.00777	0.00222	0.01110	0.00777	0.00333	0.00888
23	0.02522	0.01656	0.01840	0.01428	0.01938	0.01783	0.01174	0.50747	0.08723	0.18442	0.01887	0.01794	0.01302	0.00804	0.00660	0.00201	0.00673	0.00620	0.00692	0.01113
24	0.01362	0.00973	0.01110	0.01039	0.01279	0.01010	0.00780	0.08670	0.19255	0.07062	0.11494	0.23190	0.10679	0.03947	0.00821	0.00240	0.00454	0.01153	0.04712	0.00771
25	0.02541	0.01783	0.01938	0.01486	0.02011	0.01951	0.01227	0.64852	0.02993	0.10004	0.01667	0.01637	0.01163	0.00792	0.00659	0.00198	0.00710	0.00599	0.00672	0.01120
26	0.14258	0.01411	0.01495	0.01237	0.01684	0.05453	0.00996	0.09647	0.21840	0.31763	0.02181	0.02004	0.01508	0.00797	0.00622	0.00207	0.00593	0.00620	0.00670	0.01017
27	0.01365	0.01170	0.01365	0.00975	0.01560	0.00878	0.00780	0.01658	0.01365	0.02145	0.01170	0.01365	0.00975	0.00488	0.00488	0.00098	0.00488	0.00390	0.00390	0.80888
28	0.00952	0.00624	0.00813	0.00905	0.00999	0.00571	0.00625	0.01092	0.01360	0.06571	0.07742	0.60684	0.10783	0.01900	0.00819	0.00255	0.00385	0.01705	0.00631	0.00581
29	0.02938	0.01145	0.01543	0.01183	0.01693	0.01005	0.00977	0.05540	0.01926	0.70822	0.02562	0.02218	0.01612	0.00814	0.00662	0.00203	0.00566	0.00660	0.00809	0.01120
30	0.02125	0.01602	0.01813	0.01475	0.01926	0.06503	0.06262	0.20985	0.29712	0.15175	0.03917	0.02113	0.01660	0.00824	0.00671	0.00209	0.00665	0.00682	0.00646	0.01035
31	0.01099	0.00901	0.01245	0.01179	0.01292	0.01101	0.00922	0.01461	0.08006	0.01640	0.01718	0.02502	0.01600	0.09372	0.48764	0.00807	0.14669	0.00706	0.00376	0.00642
32	0.02533	0.01796	0.01946	0.01492	0.02018	0.01970	0.01232	0.66086	0.03015	0.08739	0.01648	0.01624	0.01153	0.00792	0.00659	0.00198	0.00714	0.00597	0.00669	0.01120
33	0.00802	0.00573	0.00764	0.00917	0.00955	0.00535	0.00611	0.00917	0.01260	0.01681	0.03628	0.76434	0.04354	0.02062	0.00840	0.00267	0.00382	0.01872	0.00611	0.00535
34	0.08466	0.01656	0.02931	0.02529	0.14613	0.03959	0.36636	0.06137	0.01536	0.02219	0.01270	0.01677	0.01009	0.00882	0.04987	0.00266	0.07329	0.00665	0.00355	0.00878
35	0.01061	0.00891	0.01369	0.01263	0.01385	0.01081	0.04279	0.01295	0.01073	0.01566	0.01579	0.02338	0.01472	0.04036	0.57572	0.00877	0.15212	0.00685	0.00340	0.00626
36	0.00932	0.00673	0.00880	0.00828	0.00984	0.00621	0.00621	0.01242	0.01863	0.02640	0.72410	0.04918	0.06212	0.01346	0.00776	0.00207	0.00311	0.01191	0.00725	0.00621
37	0.01743	0.74463	0.06101	0.01155	0.01734	0.02564	0.01176	0.01976	0.01340	0.01569	0.00925	0.01069	0.00844	0.00566	0.00430	0.00143	0.00714	0.00357	0.00281	0.00850
38	0.00945	0.00688	0.00972	0.00972	0.01060	0.00776	0.00716	0.01120	0.01033	0.01465	0.01842	0.03021	0.01835	0.23096	0.56354	0.00952	0.01479	0.00769	0.00364	0.00540
39	0.00823	0.00588	0.00786	0.00925	0.00976	0.00551	0.00633	0.00960	0.01313	0.01759	0.08263	0.68380	0.04453	0.02003	0.00839	0.00265	0.00388	0.04934	0.00619	0.00544
40	0.07143	0.01408	0.01478	0.01306	0.01696	0.01608	0.01025	0.06513	0.59667	0.06821	0.02504	0.02309	0.01859	0.00865	0.00651	0.00220	0.00532	0.00706	0.00660	0.01028
41	0.00941	0.00702	0.01041	0.01041	0.01153	0.00814	0.00802	0.01165	0.01053	0.01516	0.01779	0.02670	0.01682	0.08443	0.70799	0.01038	0.01709	0.00718	0.00355	0.00579
42	0.01045	0.00753	0.01039	0.01182	0.01337	0.00746	0.01029	0.01340	0.01515	0.01959	0.03666	0.07364	0.07677	0.01810	0.00902	0.00299	0.00591	0.64537	0.00606	0.00603
43	0.00802	0.00573	0.00764	0.00917	0.00955	0.00535	0.00611	0.00917	0.01260	0.01681	0.03628	0.76434	0.04354	0.02062	0.00840	0.00267	0.00382	0.01872	0.00611	0.00535
44	0.02954	0.01120	0.01528	0.01171	0.01681	0.00968	0.00968	0.03208	0.01884	0.73213	0.02597	0.02241	0.01630	0.00815	0.00662	0.00204	0.00560	0.00662	0.00815	0.01120
45	0.01629	0.01564	0.02672	0.04041	0.72757	0.01564	0.02020	0.02020	0.01499	0.02151	0.01238	0.01629	0.01043	0.00587	0.00652	0.00196	0.00782	0.00587	0.00326	0.01043
46	0.02503	0.01844	0.01976	0.01515	0.02042	0.02042	0.01251	0.70562	0.03095	0.04149	0.01581	0.01581	0.01120	0.00790	0.00659	0.00198	0.00724	0.00593	0.00659	0.01120
47	0.01227	0.00614	0.00614	0.00614	0.00767	0.00614	0.00460	0.01534	0.01381	0.02454	0.02148	0.02454	0.01687	0.00767	0.00460	0.00153	0.00307	0.00614	0.80518	0.00614
48	0.01629	0.01564	0.02672	0.04041	0.72757	0.01564	0.02020	0.02020	0.01499	0.02151	0.01238	0.01629	0.01043	0.00587	0.00652	0.00196	0.00782	0.00587	0.00326	0.01043
49	0.00921	0.00668	0.00894	0.01033	0.01140	0.00641	0.00811	0.01128	0.01401	0.01825	0.03832	0.37980	0.10136	0.01913	0.00867	0.00280	0.00482	0.32870	0.00609	0.00570
50	0.00790	0.00647	0.00697	0.00728	0.00908	0.00554	0.00530	0.00952	0.01465	0.01796	0.08999	0.21389	0.54785	0.01738	0.00791	0.00231	0.00343	0.01484	0.00616	0.00554
51	0.01365	0.01170	0.01365	0.00975	0.01560	0.00878	0.00780	0.01658	0.01365	0.02145	0.01170	0.01365	0.00975	0.00488	0.00488	0.00098	0.00488	0.00390	0.00390	0.80888
52	0.00869	0.00670	0.00793	0.00763	0.00945	0.00595	0.00572	0.01121	0.01716	0.02290	0.45683	0.05494	0.33157	0.01477	0.00777	0.00213	0.00320	0.01271	0.00679	0.00595
53	0.00846	0.00604	0.00815	0.00967	0.01025	0.00573	0.00688	0.00993	0.01304	0.01730	0.03604	0.64644	0.04258	0.02021	0.00852	0.00273	0.00420	0.13226	0.00610	0.00547
54	0.00979	0.00674	0.00887	0.00975	0.01084	0.00641	0.00724	0.02579	0.01454	0.04146	0.12472	0.44355	0.07006	0.03321	0.00885	0.00269	0.00437	0.15895	0.00628	0.00590
55	0.00927	0.00673	0.00873	0.00823	0.00981	0.00619	0.00617	0.01233	0.01852	0.02613	0.70350	0.04962	0.08288	0.01356	0.00777	0.00208	0.00311	0.01197	0.00721	0.00619
56	0.01440	0.01440	0.02016	0.01728	0.01728	0.02016	0.01440	0.01584	0.01008	0.01584	0.00864	0.01440	0.00864	0.01152	0.02160	0.00288	0.75659	0.00576	0.00288	0.00720
57	0.00823	0.00589	0.00786	0.00925	0.00977	0.00551	0.00634	0.00960	0.01314	0.01759	0.08263	0.68245	0.04452	0.02002	0.00839	0.00265	0.00388	0.05065	0.00619	0.00544
58	0.00840	0.00611	0.00797	0.00908	0.00989	0.00568	0.00642	0.01002	0.01386	0.01844	0.13149	0.54362	0.10782	0.01909	0.00832	0.00258	0.00388	0.07554	0.00626	0.00555
59	0.00843	0.00621	0.00796	0.00859	0.00962	0.00573	0.00605	0.01030	0.01474	0.01986	0.25291	0.42236	0.14311	0.01876	0.03112	0.00267	0.00396	0.01557	0.00638	0.00566
60	0.00940	0.00705	0.01058	0.01058	0.01176	0.00823	0.00823	0.01176	0.01058	0.01528	0.01763	0.02586	0.01646	0.04937	0.74255	0.01058	0.01763	0.00705	0.00353	0.00588
61	0.04035	0.01204	0.01945	0.64403	0.04105	0.01526	0.01746	0.01680	0.01275	0.01715	0.01127	0.01696	0.00870	0.00712	0.00819	0.00227	0.09314	0.00576	0.00296	0.00729
62	0.01686	0.01438	0.01516	0.01350	0.01731	0.01660	0.01054	0.07294	0.67692	0.02833	0.02617	0.02407	0.01959	0.00887	0.00669	0.00222	0.00533	0.00736	0.00669	0.01046
63	0.01689	0.01502	0.03968	0.07440	0.08215	0.04607	0.01158	0.14004	0.07565	0.04273	0.01403	0.01563	0.01091	0.00618	0.00574	0.00153	0.00638	0.00500	0.00452	0.38588
64	0.00785	0.00667	0.00677	0.00674	0.00893	0.00559	0.00506	0.00958	0.01517	0.01818	0.09655	0.06271	0.69480	0.01653	0.00778	0.00222	0.00332	0.01380	0.00616	0.00559
65	0.10992	0.01549	0.06919	0.01263	0.01830	0.01363	0.02899	0.21767	0.01923	0.13957	0.01488	0.01544	0.01080	0.00652	0.00573	0.00166	0.00622	0.00504	0.00526	0.28384
66	0.03461	0.01617	0.01947	0.32948	0.11784	0.12959	0.01549	0.09841	0.06640	0.04966	0.01368	0.01698	0.01047	0.00811	0.02556	0.00229	0.02756	0.00573	0.00397	0.00852
67	0.06096	0.18112	0.17430	0.02055	0.10827	0.01802	0.18587	0.04352	0.08196	0.04437	0.01355	0.01560	0.01042	0.00626	0.00617	0.00196	0.00837	0.00568	0.00372	0.00934
68	0.01608	0.01534	0.02611	0.03934	0.70053	0.01534	0.01984	0.01996	0.01500	0.02144	0.01323	0.01849	0.01147	0.00633	0.00661	0.00200	0.00775	0.03152	0.00336	0.01026
69	0.01693	0.01471	0.02391	0.05288	0.56471	0.01483	0.01794	0.04470	0.04745	0.07004	0.01541	0.05944	0.01312	0.00708	0.00664	0.00202	0.00733	0.00672	0.00401	0.01014
70	0.00877	0.00665	0.00818	0.00851	0.00986	0.00620	0.00612	0.01142	0.04323	0.02064	0.27325	0.31779	0.20140	0.01761	0.02698	0.00256	0.00388	0.01459	0.00645	0.00590
71	0.00916	0.00664	0.00863	0.00830	0.00978	0.00612	0.00616	0.01205	0.01801	0.02530	0.64413	0.10923	0.08344	0.01417	0.00782	0.00213	0.00317	0.01254	0.00711	0.00612
72	0.12485	0.01169	0.01443	0.01140	0.01609	0.01105	0.00935	0.07007	0.05121	0.52574	0.06738	0.02235	0.01792	0.00825	0.00638	0.00204	0.00546	0.00657	0.00742	0.01035
73	0.00970	0.00681	0.00843	0.00854	0.01008	0.00624	0.00620	0.01227	0.03689	0.05430	0.29300	0.29289	0.19760	0.01621	0.00790	0.00231	0.00358	0.01427	0.00664	0.00614
74	0.01069	0.00656	0.00852	0.00906	0.01020	0.00601	0.00630	0.01215	0.01386	0.09947	0.10071	0.51203	0.09180	0.06798	0.00976	0.00276	0.00409	0.01572	0.00631	0.00602
75	0.00926	0.00673	0.00871	0.00822	0.00980	0.00619	0.00616	0.01230	0.01849	0.02606	0.69781	0.04974	0.08862	0.01359	0.00777	0.00208	0.00311	0.01199	0.00720	0.00619
76	0.02080	0.01634	0.01738	0.01429	0.01880	0.01844	0.01149	0.37793	0.36552	0.03467	0.02118	0.02008	0.01554	0.00841	0.00664	0.00210	0.00625	0.00667	0.00664	0.01082
77	0.10175	0.00715	0.00821	0.00860	0.01006	0.00694	0.00617	0.01223	0.01354	0.05286	0.09983	0.35780	0.13296	0.07836	0.00961	0.00272	0.00418	0.03894	0.04220	0.00589
78	0.81514	0.01273	0.00968	0.00866	0.01273	0.01477	0.00713	0.01935	0.01120	0.02954	0.00917	0.01069	0.00713	0.00611	0.00407	0.00204	0.00509	0.00356	0.00407	0.00713
79	0.00924	0.00676	0.00869	0.00831	0.00993	0.00622	0.00631	0.01221	0.01814	0.02529	0.63107	0.05166	0.12227	0.01398	0.00783	0.00213	0.00327	0.04349	0.00709	0.00614
80	0.01727	0.01201	0.01371	0.01216	0.01560	0.01295	0.00956	0.06021	0.39326	0.14651	0.13327	0.06356	0.02737	0.01042	0.00704	0.00222	0.00503	0.04136	0.00696	0.00950
81	0.00843	0.00666	0.00762	0.00785	0.00950	0.00596	0.00570	0.01077	0.03570	0.01969	0.20041	0.23691	0.38771	0.01675	0.00790	0.00230	0.00346	0.01450	0.00638	0.00579
82	0.00957	0.00638	0.00718	0.00718	0.00718	0.00638	0.00399	0.00957	0.00957	0.01276	0.02074	0.04308	0.02393	0.76864	0.03351	0.00638	0.00638	0.00957	0.00399	0.00399
83	0.01832	0.01721	0.01584	0.01409	0.01787	0.13280	0.01094	0.08216	0.55456	0.02672	0.02334	0.02190	0.01759	0.00851	0.00657	0.00213	0.00642	0.00682	0.00616	0.01003
84	0.00852	0.00632	0.00780	0.00848	0.00951	0.00586	0.00599	0.01009	0.01377	0.01805	0.13441	0.35692	0.20412	0.09979	0.03312	0.00315	0.00445	0.05830	0.00596	0.00543
85	0.70980	0.08322	0.01237	0.00916	0.01342	0.01604	0.00773	0.04683	0.01219	0.02872	0.00943	0.01089	0.00741	0.00614	0.00419	0.00198	0.00536	0.00366	0.00406	0.00741
86	0.57204	0.04440	0.01308	0.01039	0.01476	0.01650	0.00861	0.16443	0.05531	0.03137	0.01156	0.01255	0.00877	0.00663	0.00476	0.00201	0.00563	0.00428	0.00470	0.00822
87	0.07152	0.09411	0.02102	0.04013	0.08773	0.10095	0.04811	0.21596	0.01915	0.07246	0.04151	0.01647	0.01223	0.00827	0.00859	0.03256	0.08994	0.00568	0.00465	0.00897
88	0.12831	0.11644	0.04785	0.02353	0.27217	0.05215	0.06366	0.07515	0.03746	0.02308	0.01271	0.01636	0.01062	0.00666	0.00638	0.00193	0.02944	0.02571	0.00379	0.04662
89	0.22502	0.01496	0.01578	0.06499	0.10426	0.07411	0.01113	0.10982	0.07053	0.02587	0.01306	0.01497	0.01027	0.00664	0.00595	0.00183	0.02993	0.00491	0.04069	0.15529
90	0.16880	0.01509	0.02049	0.02636	0.38433	0.03626	0.01488	0.09935	0.01658	0.08117	0.03536	0.01645	0.01188	0.00655	0.00603	0.00194	0.00692	0.00556	0.00433	0.04167

[dist]
# distance from previous block
# <min> <max>
2	14

[block]
# block no. 2 follows, 33 sequences, length 32
# corresponding to MSA columns:
# 197-228
name=unknown_C
#
# <colnr> <probs for GDERKNQSTAVLIFYWHMCP>
#	G	D	E	R	K	N	Q	S	T	A	V	L	I	F	Y	W	H	M	C	P
0	0.06800	0.03238	0.05922	0.04014	0.03475	0.06241	0.01101	0.21166	0.05989	0.02650	0.05401	0.08578	0.03818	0.03351	0.02794	0.00233	0.02752	0.00723	0.02656	0.09096
1	0.04468	0.01554	0.01754	0.04763	0.04630	0.06509	0.03254	0.29010	0.04375	0.07125	0.01608	0.04179	0.01323	0.07291	0.02733	0.00254	0.05052	0.00640	0.00521	0.08961
2	0.07073	0.01579	0.04968	0.01740	0.12022	0.01617	0.01259	0.36597	0.02224	0.05274	0.01794	0.12672	0.01590	0.03134	0.00794	0.00224	0.03154	0.00772	0.00555	0.00956
3	0.01140	0.00778	0.00964	0.00962	0.01124	0.00764	0.00712	0.06271	0.04073	0.06177	0.11854	0.29530	0.13075	0.06199	0.05827	0.02785	0.00534	0.05992	0.00603	0.00636
4	0.04647	0.01062	0.01572	0.01437	0.04169	0.01163	0.09236	0.03755	0.07326	0.03921	0.04437	0.08972	0.07243	0.02315	0.23475	0.00491	0.09012	0.04584	0.00460	0.00725
5	0.81514	0.01273	0.00968	0.00866	0.01273	0.01477	0.00713	0.01935	0.01120	0.02954	0.00917	0.01069	0.00713	0.00611	0.00407	0.00204	0.00509	0.00356	0.00407	0.00713
6	0.00939	0.00645	0.00787	0.00799	0.00830	0.00660	0.00501	0.01003	0.01041	0.01415	0.05142	0.10754	0.02609	0.54376	0.15161	0.00657	0.00793	0.01009	0.00425	0.00453
7	0.26483	0.00921	0.00927	0.00880	0.01134	0.00954	0.00673	0.05389	0.01508	0.04584	0.17300	0.18787	0.15580	0.01275	0.00663	0.00221	0.00424	0.01056	0.00579	0.00664
8	0.00939	0.00703	0.00899	0.00972	0.01107	0.00650	0.00711	0.01161	0.03572	0.01807	0.03374	0.48880	0.06401	0.04125	0.00884	0.00263	0.00443	0.13174	0.00581	0.09353
9	0.00802	0.00573	0.00764	0.00917	0.00955	0.00535	0.00611	0.00917	0.01260	0.01681	0.03628	0.76434	0.04354	0.02062	0.00840	0.00267	0.00382	0.01872	0.00611	0.00535
10	0.21405	0.00954	0.01037	0.00964	0.01231	0.00974	0.00741	0.06244	0.01485	0.14914	0.04664	0.21007	0.06099	0.07150	0.00870	0.00258	0.00494	0.05092	0.03695	0.00722
11	0.01585	0.00998	0.01213	0.01102	0.01361	0.01004	0.00845	0.16682	0.04866	0.13847	0.15001	0.29940	0.03417	0.01401	0.00756	0.00231	0.00487	0.03793	0.00676	0.00795
12	0.02503	0.01844	0.01976	0.01515	0.02042	0.02042	0.01251	0.70562	0.03095	0.04149	0.01581	0.01581	0.01120	0.00790	0.00659	0.00198	0.00724	0.00593	0.00659	0.01120
13	0.00802	0.00573	0.00764	0.00917	0.00955	0.00535	0.00611	0.00917	0.01260	0.01681	0.03628	0.76434	0.04354	0.02062	0.00840	0.00267	0.00382	0.01872	0.00611	0.00535
14	0.00923	0.00624	0.00728	0.00762	0.00771	0.00615	0.00446	0.00948	0.01025	0.01367	0.02421	0.20401	0.02831	0.60174	0.02791	0.00555	0.00581	0.01161	0.00446	0.00429
15	0.00846	0.00604	0.00814	0.00967	0.01024	0.00572	0.00687	0.00992	0.01303	0.01729	0.03604	0.64789	0.04259	0.02021	0.00852	0.00273	0.00420	0.13086	0.00610	0.00547
16	0.01760	0.77260	0.03450	0.01126	0.01690	0.02605	0.01126	0.01971	0.01338	0.01549	0.00915	0.01056	0.00845	0.00563	0.00422	0.00141	0.00704	0.00352	0.00282	0.00845
17	0.81514	0.01273	0.00968	0.00866	0.01273	0.01477	0.00713	0.01935	0.01120	0.02954	0.00917	0.01069	0.00713	0.00611	0.00407	0.00204	0.00509	0.00356	0.00407	0.00713
18	0.00861	0.00618	0.00809	0.00929	0.00994	0.00592	0.00655	0.00998	0.01270	0.01678	0.03539	0.51270	0.07991	0.10310	0.04228	0.00344	0.00498	0.11307	0.00576	0.00534
19	0.01637	0.01414	0.01489	0.01340	0.01712	0.01637	0.01042	0.03498	0.71568	0.02754	0.02679	0.02456	0.02010	0.00893	0.00670	0.00223	0.00521	0.00744	0.00670	0.01042
20	0.02459	0.03138	0.01866	0.01696	0.02035	0.74221	0.01272	0.02629	0.01866	0.01611	0.01018	0.01187	0.00848	0.00678	0.00594	0.00170	0.01187	0.00424	0.00339	0.00763
21	0.02954	0.01120	0.01528	0.01171	0.01681	0.00968	0.00968	0.03208	0.01884	0.73213	0.02597	0.02241	0.01630	0.00815	0.00662	0.00204	0.00560	0.00662	0.00815	0.01120
22	0.01809	0.01517	0.01720	0.01682	0.09852	0.01710	0.01195	0.16711	0.49943	0.02964	0.02296	0.02188	0.01722	0.00838	0.00666	0.00215	0.00591	0.00696	0.00629	0.01058
23	0.01554	0.01776	0.03885	0.02775	0.03441	0.01665	0.70366	0.02109	0.01554	0.02109	0.01332	0.01776	0.00999	0.00555	0.00777	0.00222	0.01110	0.00777	0.00333	0.00888
24	0.01760	0.77260	0.03450	0.01126	0.01690	0.02605	0.01126	0.01971	0.01338	0.01549	0.00915	0.01056	0.00845	0.00563	0.00422	0.00141	0.00704	0.00352	0.00282	0.00845
25	0.01647	0.01687	0.08215	0.10478	0.40156	0.04190	0.01769	0.02358	0.15656	0.04964	0.01562	0.01797	0.01219	0.00671	0.00652	0.00204	0.00761	0.00607	0.00407	0.00997
26	0.00939	0.00670	0.00921	0.01073	0.01171	0.00652	0.00848	0.01153	0.01395	0.01833	0.03553	0.40030	0.04056	0.01934	0.00877	0.00286	0.00500	0.36928	0.00609	0.00572
27	0.00831	0.00589	0.00772	0.00907	0.00946	0.00556	0.00607	0.00941	0.01237	0.01648	0.03445	0.65163	0.04106	0.10553	0.01129	0.00311	0.00421	0.04728	0.00587	0.00522
28	0.01554	0.01520	0.02690	0.16181	0.53115	0.01558	0.09755	0.01972	0.01474	0.02065	0.01237	0.01668	0.01009	0.00595	0.00667	0.00203	0.00836	0.00608	0.00321	0.00971
29	0.05054	0.01472	0.01803	0.17454	0.13230	0.08276	0.01347	0.08637	0.11238	0.17558	0.03578	0.04392	0.01481	0.00789	0.00653	0.00207	0.00717	0.00658	0.00525	0.00933
30	0.02296	0.02359	0.01713	0.01473	0.01876	0.44016	0.01133	0.07417	0.04854	0.11482	0.03811	0.01561	0.01222	0.00711	0.00603	0.00170	0.00920	0.00503	0.00459	0.11420
31	0.04238	0.01447	0.02086	0.28268	0.25439	0.04021	0.01643	0.08874	0.06890	0.08535	0.01459	0.01752	0.01100	0.00679	0.00647	0.00206	0.00776	0.00592	0.00419	0.00927

[dist]
# distance from previous block
# <min> <max>
0	20

[block]
# block no. 3 follows, 33 sequences, length 129
# corresponding to MSA columns:
# 249-377
name=unknown_D
#
# <colnr> <probs for GDERKNQSTAVLIFYWHMCP>
#	G	D	E	R	K	N	Q	S	T	A	V	L	I	F	Y	W	H	M	C	P
0	0.01603	0.01617	0.04607	0.05377	0.42640	0.06090	0.03783	0.02148	0.09776	0.02126	0.01429	0.01757	0.01170	0.00814	0.03028	0.00230	0.05963	0.00602	0.04288	0.00951
1	0.01386	0.01114	0.01558	0.04484	0.20911	0.01085	0.01136	0.04771	0.07674	0.06161	0.04900	0.20352	0.09504	0.01118	0.00696	0.00208	0.00552	0.00993	0.00517	0.10882
2	0.00784	0.00664	0.00677	0.00681	0.00895	0.00557	0.00508	0.00953	0.01504	0.01803	0.08700	0.08784	0.67908	0.01671	0.00780	0.00223	0.00334	0.01400	0.00615	0.00557
3	0.01692	0.01441	0.01519	0.01351	0.01733	0.01663	0.01055	0.07718	0.67259	0.02842	0.02610	0.02401	0.01954	0.00887	0.00669	0.00222	0.00534	0.00735	0.00669	0.01047
4	0.76960	0.01264	0.01000	0.00883	0.01297	0.01447	0.00728	0.02009	0.01165	0.07026	0.01014	0.01137	0.00766	0.00623	0.00422	0.00204	0.00512	0.00374	0.00431	0.00737
5	0.09879	0.01222	0.01513	0.01173	0.01675	0.01141	0.00966	0.09989	0.04178	0.53305	0.02260	0.02023	0.01468	0.00777	0.00629	0.00198	0.00567	0.00614	0.00733	0.05690
6	0.01440	0.01440	0.02016	0.01728	0.01728	0.02016	0.01440	0.01584	0.01008	0.01584	0.00864	0.01440	0.00864	0.01152	0.02160	0.00288	0.75659	0.00576	0.00288	0.00720
7	0.00840	0.00600	0.00807	0.00960	0.01014	0.00567	0.00676	0.00981	0.01297	0.01723	0.03608	0.66432	0.04272	0.02027	0.00850	0.00273	0.00414	0.11503	0.00610	0.00545
8	0.01061	0.00758	0.01061	0.01212	0.01364	0.00758	0.01061	0.01364	0.01515	0.01970	0.03486	0.07426	0.03789	0.01819	0.00909	0.00303	0.00606	0.68326	0.00606	0.00606
9	0.00936	0.00634	0.00741	0.00753	0.00774	0.00624	0.00448	0.00983	0.01090	0.01469	0.09737	0.12941	0.03032	0.59949	0.02779	0.00548	0.00573	0.01091	0.00459	0.00439
10	0.15493	0.01208	0.01431	0.01146	0.01614	0.01179	0.00937	0.06857	0.10034	0.47280	0.02400	0.02163	0.03677	0.00816	0.00625	0.00206	0.00550	0.00640	0.00716	0.01027
11	0.00802	0.00573	0.00764	0.00917	0.00955	0.00535	0.00611	0.00917	0.01260	0.01681	0.03628	0.76434	0.04354	0.02062	0.00840	0.00267	0.00382	0.01872	0.00611	0.00535
12	0.02459	0.03138	0.01866	0.01696	0.02035	0.74221	0.01272	0.02629	0.01866	0.01611	0.01018	0.01187	0.00848	0.00678	0.00594	0.00170	0.01187	0.00424	0.00339	0.00763
13	0.03644	0.00682	0.00836	0.00914	0.01010	0.00663	0.00643	0.01166	0.03475	0.03932	0.03392	0.41605	0.08881	0.16415	0.01306	0.00335	0.00469	0.09503	0.00571	0.00559
14	0.03512	0.00679	0.00762	0.00746	0.00817	0.00673	0.00467	0.01218	0.01107	0.06028	0.02181	0.08287	0.02304	0.52863	0.02471	0.00497	0.00560	0.00922	0.13410	0.00496
15	0.00832	0.00666	0.00748	0.00765	0.00951	0.00582	0.00579	0.01032	0.01548	0.01948	0.18565	0.12788	0.47971	0.01656	0.00794	0.00230	0.00356	0.06786	0.00632	0.00570
16	0.00930	0.00682	0.00804	0.00773	0.00965	0.00601	0.00580	0.01167	0.01677	0.04729	0.37888	0.08626	0.35184	0.01500	0.00776	0.00216	0.00333	0.01290	0.00673	0.00606
17	0.00886	0.00668	0.00809	0.00853	0.00989	0.00615	0.00615	0.03234	0.01530	0.02009	0.19665	0.35899	0.24296	0.01742	0.00804	0.00240	0.00370	0.03556	0.00638	0.00581
18	0.01176	0.00628	0.00914	0.00897	0.00926	0.00645	0.00617	0.03375	0.00954	0.01282	0.01210	0.02034	0.01184	0.02450	0.08357	0.71450	0.00674	0.00583	0.00305	0.00340
19	0.02405	0.03051	0.01837	0.01673	0.02004	0.71598	0.01256	0.02577	0.01837	0.01608	0.01044	0.01237	0.00877	0.00831	0.03226	0.00201	0.01208	0.00434	0.00340	0.00757
20	0.01211	0.00834	0.00979	0.00940	0.01154	0.00803	0.00700	0.07890	0.06215	0.08274	0.13192	0.28965	0.23181	0.01553	0.00771	0.00232	0.00415	0.01348	0.00652	0.00690
21	0.08904	0.00816	0.00977	0.00945	0.01155	0.00773	0.00691	0.03721	0.01446	0.13305	0.07273	0.38761	0.07083	0.05566	0.00873	0.00253	0.00446	0.01294	0.00609	0.05109
22	0.00953	0.00701	0.01038	0.01038	0.01158	0.00814	0.00807	0.01191	0.01072	0.01569	0.01780	0.02580	0.01648	0.04754	0.71010	0.01018	0.01699	0.00701	0.03878	0.00589
23	0.00842	0.00597	0.00787	0.00925	0.00970	0.00566	0.00632	0.00963	0.01254	0.01668	0.03460	0.62710	0.04105	0.09501	0.01097	0.00308	0.00429	0.08068	0.00589	0.00528
24	0.06076	0.00804	0.01012	0.01014	0.03042	0.00769	0.00744	0.01558	0.03590	0.12542	0.23803	0.19202	0.10941	0.03942	0.02547	0.00262	0.00462	0.06358	0.00643	0.00689
25	0.00886	0.00659	0.00812	0.00841	0.00961	0.00615	0.00595	0.01132	0.03787	0.02065	0.30120	0.29874	0.15956	0.07425	0.00993	0.00264	0.00371	0.01427	0.00640	0.00577
26	0.00955	0.00650	0.00778	0.00792	0.00924	0.00600	0.00560	0.01097	0.01380	0.04015	0.14169	0.19860	0.25342	0.10769	0.04458	0.05637	0.00461	0.01253	0.05754	0.00547
27	0.01775	0.69749	0.03306	0.01177	0.01707	0.02548	0.01149	0.04966	0.01397	0.01665	0.00942	0.01100	0.00858	0.00606	0.00529	0.00151	0.04852	0.00375	0.00299	0.00850
28	0.01385	0.01295	0.01888	0.39099	0.11931	0.04936	0.03736	0.01817	0.03666	0.01908	0.01306	0.01740	0.01027	0.00744	0.02507	0.00212	0.00798	0.00562	0.05737	0.13702
29	0.04766	0.05223	0.04401	0.03934	0.14015	0.15131	0.13932	0.12769	0.06284	0.05894	0.01473	0.04019	0.01176	0.00708	0.00648	0.00196	0.00853	0.00620	0.00437	0.03523
30	0.01554	0.01776	0.03885	0.02775	0.03441	0.01665	0.70366	0.02109	0.01554	0.02109	0.01332	0.01776	0.00999	0.00555	0.00777	0.00222	0.01110	0.00777	0.00333	0.00888
31	0.01195	0.00671	0.00888	0.00863	0.00985	0.00628	0.00612	0.01212	0.01271	0.09728	0.11232	0.14016	0.13863	0.07671	0.03993	0.28617	0.00517	0.01010	0.00509	0.00519
32	0.01584	0.08846	0.14456	0.05969	0.04575	0.03878	0.13439	0.07122	0.05470	0.06695	0.01845	0.10469	0.03584	0.00884	0.00758	0.00213	0.05308	0.00763	0.03282	0.00861
33	0.16695	0.04034	0.03739	0.13375	0.12547	0.20661	0.05308	0.04376	0.04653	0.04442	0.01211	0.01464	0.00950	0.00671	0.00643	0.00199	0.03304	0.00512	0.00378	0.00838
34	0.10127	0.01338	0.01575	0.01242	0.01730	0.01345	0.01019	0.18858	0.10288	0.42144	0.02210	0.02001	0.01468	0.00799	0.00638	0.00205	0.00589	0.00627	0.00723	0.01072
35	0.01192	0.00978	0.01463	0.05726	0.16035	0.00995	0.03298	0.01567	0.06282	0.04157	0.19109	0.25602	0.05610	0.01304	0.00803	0.00229	0.03190	0.01168	0.00552	0.00740
36	0.01844	0.01539	0.03873	0.04286	0.13622	0.06651	0.07659	0.14456	0.10058	0.11642	0.03975	0.06995	0.05148	0.01059	0.03956	0.00247	0.00763	0.00764	0.00533	0.00931
37	0.01030	0.00827	0.01312	0.01265	0.01457	0.00791	0.09854	0.01315	0.01506	0.02008	0.13672	0.24138	0.05921	0.01642	0.00851	0.00267	0.00561	0.30368	0.00590	0.00625
38	0.00821	0.00607	0.00761	0.00862	0.00952	0.00553	0.00600	0.00956	0.01351	0.01757	0.08410	0.51830	0.20102	0.01926	0.00867	0.02254	0.00378	0.03862	0.00610	0.00541
39	0.01898	0.01666	0.08240	0.03794	0.10170	0.01670	0.03878	0.18163	0.16439	0.10680	0.01767	0.01967	0.01347	0.00848	0.00904	0.00223	0.12469	0.02365	0.00526	0.00987
40	0.03857	0.01098	0.01606	0.01639	0.10771	0.01107	0.05290	0.06067	0.01587	0.19097	0.02499	0.21158	0.02416	0.01256	0.00859	0.00241	0.06381	0.11666	0.00578	0.00828
41	0.01741	0.73978	0.06561	0.01160	0.01741	0.02557	0.01184	0.01976	0.01340	0.01573	0.00927	0.01071	0.00844	0.00566	0.00431	0.00144	0.00716	0.00358	0.00281	0.00851
42	0.06629	0.01217	0.01372	0.01008	0.01569	0.01001	0.00808	0.04787	0.04545	0.02313	0.01239	0.01404	0.01010	0.00527	0.00498	0.00114	0.00501	0.00413	0.00415	0.68629
43	0.01442	0.08475	0.18876	0.01850	0.07862	0.01431	0.16302	0.01920	0.03486	0.06492	0.09688	0.04486	0.08675	0.00872	0.00772	0.00212	0.05103	0.00772	0.00430	0.00854
44	0.00815	0.00664	0.00721	0.00716	0.00914	0.00570	0.00534	0.01014	0.01575	0.01977	0.22001	0.09117	0.53868	0.01609	0.00780	0.00221	0.00330	0.01364	0.00638	0.00570
45	0.06381	0.00775	0.00968	0.00940	0.01101	0.00762	0.00683	0.05179	0.01384	0.10337	0.07490	0.27049	0.08097	0.04008	0.04479	0.17571	0.00531	0.01119	0.00545	0.00601
46	0.08893	0.01276	0.01717	0.19265	0.09250	0.03310	0.04329	0.10200	0.05938	0.04633	0.03725	0.06351	0.03409	0.01273	0.08363	0.00302	0.03490	0.00708	0.02757	0.00809
47	0.00940	0.00705	0.01058	0.01058	0.01176	0.00823	0.00823	0.01176	0.01058	0.01528	0.01763	0.02586	0.01646	0.04937	0.74255	0.01058	0.01763	0.00705	0.00353	0.00588
48	0.00802	0.00573	0.00764	0.00917	0.00955	0.00535	0.00611	0.00917	0.01260	0.01681	0.03628	0.76434	0.04354	0.02062	0.00840	0.00267	0.00382	0.01872	0.00611	0.00535
49	0.01113	0.00705	0.00906	0.00958	0.01093	0.00665	0.00703	0.01333	0.03685	0.09324	0.07292	0.39491	0.09947	0.08229	0.01034	0.00289	0.00453	0.11541	0.00622	0.00619
