[name]
unknown

[dist]
# distance from previous block
# <min> <max>
0	36

[block]
# block no. 0 follows, 33 sequences, length 116
# corresponding to MSA columns:
# 36-151
name=unknown_A
#
# <colnr> <probs for GDERKNQSTAVLIFYWHMCP>
#	G	D	E	R	K	N	Q	S	T	A	V	L	I	F	Y	W	H	M	C	P
0	0.09563	0.03933	0.01593	0.01298	0.01712	0.05293	0.01073	0.23197	0.11738	0.13858	0.02125	0.02821	0.01763	0.00964	0.00668	0.00216	0.00644	0.13438	0.00613	0.03490
1	0.01813	0.01518	0.02006	0.02058	0.18195	0.01631	0.05960	0.23562	0.21063	0.02954	0.08030	0.02170	0.01802	0.00941	0.03093	0.00235	0.00706	0.00701	0.00559	0.01004
2	0.01150	0.00936	0.00911	0.00889	0.00955	0.08264	0.00570	0.03434	0.01152	0.01457	0.02036	0.09050	0.02271	0.54686	0.09041	0.00585	0.00778	0.00936	0.00413	0.00487
3	0.01461	0.11862	0.39118	0.02142	0.05708	0.01715	0.22899	0.02064	0.01429	0.02017	0.01189	0.01477	0.00895	0.00607	0.00684	0.00206	0.02738	0.00565	0.00297	0.00928
4	0.02045	0.01484	0.01633	0.01363	0.01788	0.01636	0.01100	0.29404	0.30981	0.10343	0.05129	0.02479	0.01898	0.00917	0.00683	0.00215	0.00601	0.04585	0.00679	0.01038
5	0.01538	0.12401	0.09517	0.02409	0.03065	0.01747	0.52756	0.02048	0.01500	0.02015	0.01337	0.04098	0.01074	0.00612	0.00717	0.00211	0.01018	0.00729	0.00330	0.00877
6	0.00802	0.00589	0.00753	0.00879	0.00946	0.00540	0.00596	0.00929	0.01311	0.01720	0.05925	0.64529	0.14092	0.01987	0.00830	0.00259	0.00373	0.01785	0.00614	0.00540
7	0.01136	0.00870	0.01022	0.00995	0.01177	0.00906	0.00743	0.07037	0.12467	0.02104	0.10117	0.17024	0.13793	0.12289	0.10076	0.00392	0.00637	0.05975	0.00574	0.00666
8	0.00893	0.00669	0.00931	0.01168	0.07179	0.00637	0.00716	0.01031	0.01283	0.01731	0.06407	0.60626	0.03986	0.08190	0.01032	0.00290	0.00435	0.01652	0.00574	0.00571
9	0.02503	0.01844	0.01976	0.01515	0.02042	0.02042	0.01251	0.70562	0.03095	0.04149	0.01581	0.01581	0.01120	0.00790	0.00659	0.00198	0.00724	0.00593	0.00659	0.01120
10	0.01243	0.01170	0.01975	0.75282	0.04534	0.01463	0.01828	0.01682	0.01316	0.01682	0.01170	0.01755	0.00878	0.00658	0.00658	0.00219	0.00878	0.00585	0.00293	0.00731
11	0.01365	0.01170	0.01365	0.00975	0.01560	0.00878	0.00780	0.01658	0.01365	0.02145	0.01170	0.01365	0.00975	0.00488	0.00488	0.00098	0.00488	0.00390	0.00390	0.80888
12	0.00944	0.00690	0.00982	0.00982	0.01073	0.00781	0.00728	0.01127	0.01035	0.01472	0.01833	0.02973	0.01814	0.21106	0.58316	0.00964	0.01510	0.00762	0.00363	0.00545
13	0.00824	0.00582	0.00758	0.00889	0.00922	0.00549	0.00582	0.00922	0.01218	0.01624	0.03412	0.66411	0.04082	0.12458	0.01189	0.00319	0.00418	0.01744	0.00582	0.00516
14	0.01800	0.01609	0.01573	0.01389	0.01775	0.07991	0.01084	0.10462	0.58320	0.02801	0.02420	0.02254	0.01815	0.00864	0.00662	0.00216	0.00600	0.00701	0.00640	0.01026
15	0.01455	0.01387	0.02358	0.36130	0.42027	0.01518	0.01934	0.01868	0.01417	0.01940	0.01208	0.01686	0.00968	0.00619	0.00655	0.00206	0.00825	0.00586	0.00311	0.00902
16	0.05184	0.01777	0.10804	0.20204	0.17139	0.06854	0.10084	0.08353	0.01620	0.06515	0.01406	0.04604	0.01118	0.00704	0.00659	0.00208	0.00852	0.00632	0.00389	0.00896
17	0.01529	0.01951	0.11360	0.02678	0.03377	0.01650	0.63066	0.02106	0.01536	0.02106	0.01316	0.01734	0.00981	0.00563	0.00761	0.00221	0.01095	0.00746	0.00327	0.00897
18	0.00795	0.00641	0.00708	0.00747	0.00914	0.00554	0.00539	0.00957	0.01458	0.01809	0.10240	0.25693	0.49131	0.01755	0.00795	0.00234	0.00345	0.01510	0.00619	0.00554
19	0.01610	0.01519	0.02593	0.13603	0.13217	0.01575	0.25670	0.13045	0.08473	0.02400	0.01670	0.08533	0.01407	0.00782	0.00717	0.00218	0.00841	0.00786	0.00436	0.00907
20	0.01363	0.01372	0.05031	0.47087	0.19213	0.01476	0.06130	0.01852	0.03622	0.01890	0.01279	0.01761	0.00985	0.00646	0.00656	0.00212	0.00843	0.00600	0.03157	0.00825
21	0.02240	0.00967	0.01285	0.01088	0.01446	0.00866	0.00854	0.04912	0.01726	0.47020	0.02847	0.24032	0.02414	0.01179	0.00707	0.00220	0.00504	0.01013	0.03752	0.00929
22	0.01526	0.01724	0.03726	0.02680	0.03308	0.01639	0.65922	0.02058	0.01521	0.02073	0.01338	0.01801	0.01022	0.00747	0.03802	0.00258	0.02879	0.00769	0.00333	0.00872
23	0.01753	0.01706	0.02586	0.06642	0.44759	0.07779	0.10604	0.09384	0.01696	0.02301	0.01294	0.01638	0.01042	0.00621	0.00658	0.00197	0.00842	0.00599	0.02920	0.00979
24	0.02104	0.06660	0.02002	0.01861	0.09418	0.45463	0.01329	0.05378	0.01694	0.01771	0.01098	0.01377	0.00942	0.01037	0.06219	0.00251	0.09773	0.00483	0.00344	0.00796
25	0.01750	0.01599	0.01544	0.01381	0.01756	0.08755	0.01072	0.05940	0.62168	0.02695	0.02475	0.02299	0.01862	0.00868	0.00662	0.00217	0.00594	0.00707	0.00637	0.01018
26	0.00790	0.00667	0.00683	0.00679	0.00896	0.00561	0.00509	0.00968	0.01528	0.01844	0.11693	0.06227	0.67425	0.01643	0.00778	0.00221	0.00332	0.01374	0.00620	0.00561
27	0.04607	0.01560	0.01666	0.01307	0.01797	0.07722	0.03287	0.17660	0.12288	0.06603	0.01540	0.01616	0.01175	0.00681	0.00638	0.00166	0.03296	0.00525	0.00507	0.31360
28	0.01821	0.70815	0.03312	0.01176	0.01720	0.08832	0.01139	0.02028	0.01384	0.01554	0.00924	0.01067	0.00845	0.00573	0.00437	0.00143	0.00746	0.00358	0.00287	0.00838
29	0.01226	0.01127	0.01818	0.44513	0.09395	0.01374	0.01562	0.01577	0.01286	0.01733	0.04206	0.06989	0.01419	0.01283	0.08579	0.00316	0.09823	0.00708	0.00340	0.00724
30	0.01205	0.01118	0.01869	0.68816	0.04223	0.01382	0.01722	0.01615	0.01312	0.01682	0.01384	0.08248	0.01180	0.00780	0.00674	0.00224	0.00834	0.00697	0.00320	0.00714
31	0.02128	0.01692	0.01590	0.01352	0.01747	0.15405	0.01063	0.18303	0.21152	0.15395	0.05779	0.05471	0.04142	0.00914	0.00668	0.00205	0.00680	0.00727	0.00628	0.00961
32	0.00940	0.00705	0.01058	0.01058	0.01176	0.00823	0.00823	0.01176	0.01058	0.01528	0.01763	0.02586	0.01646	0.04937	0.74255	0.01058	0.01763	0.00705	0.00353	0.00588
33	0.02240	0.02874	0.08021	0.01649	0.02036	0.57074	0.01337	0.07073	0.01869	0.01842	0.01275	0.04482	0.01125	0.00783	0.00623	0.00184	0.01081	0.03264	0.00377	0.00790
34	0.01586	0.01639	0.03375	0.05054	0.03133	0.01563	0.55894	0.05617	0.01664	0.04688	0.07563	0.02054	0.01476	0.00649	0.00763	0.00219	0.00993	0.00793	0.00399	0.00879
35	0.01658	0.01657	0.02524	0.11853	0.58931	0.07870	0.01934	0.02035	0.01510	0.02051	0.01211	0.01605	0.01007	0.00603	0.00647	0.00196	0.00828	0.00572	0.00323	0.00983
36	0.01494	0.01421	0.02393	0.29008	0.46731	0.01531	0.01925	0.01944	0.03449	0.02003	0.01256	0.01697	0.01012	0.00621	0.00655	0.00205	0.00808	0.00591	0.00324	0.00933
37	0.00938	0.00778	0.00847	0.00910	0.01046	0.03574	0.00644	0.01228	0.07487	0.01832	0.06669	0.44600	0.23465	0.01769	0.00796	0.00245	0.00410	0.01555	0.00609	0.00597
38	0.01881	0.01170	0.01569	0.01298	0.01666	0.01164	0.06952	0.14685	0.09455	0.21925	0.12920	0.15252	0.02737	0.01119	0.00727	0.00221	0.00568	0.03115	0.00674	0.00901
39	0.00913	0.00682	0.00795	0.00760	0.00957	0.00599	0.00572	0.01152	0.01689	0.04138	0.38892	0.05527	0.37972	0.01486	0.00774	0.00214	0.00328	0.01272	0.00673	0.00603
40	0.00901	0.00643	0.00732	0.00741	0.00810	0.00613	0.00469	0.00980	0.01186	0.01547	0.09305	0.11048	0.18561	0.45425	0.03900	0.00485	0.00544	0.01148	0.00492	0.00469
41	0.04851	0.01656	0.02476	0.09690	0.58035	0.07870	0.01887	0.02042	0.01500	0.02096	0.01201	0.01579	0.00999	0.00602	0.00637	0.00196	0.00814	0.00563	0.00327	0.00979
42	0.00999	0.00728	0.00968	0.01100	0.07105	0.00752	0.00653	0.01096	0.01052	0.01443	0.02061	0.09686	0.02270	0.47775	0.18911	0.00664	0.00883	0.00944	0.00400	0.00509
43	0.00830	0.00597	0.00791	0.00922	0.00983	0.00558	0.00639	0.00976	0.01337	0.01786	0.09687	0.63534	0.06436	0.01972	0.00838	0.00263	0.00390	0.06293	0.00621	0.00548
44	0.05060	0.01562	0.01514	0.01242	0.01633	0.07869	0.00997	0.38197	0.07108	0.03314	0.01740	0.01831	0.01300	0.00774	0.00589	0.00185	0.00626	0.00585	0.22946	0.00927
45	0.01671	0.53504	0.12344	0.01645	0.08197	0.02281	0.08495	0.02004	0.01381	0.01727	0.01020	0.01222	0.00877	0.00572	0.00505	0.00163	0.00787	0.00433	0.00290	0.00883
46	0.00865	0.00668	0.00801	0.00885	0.01025	0.00617	0.00660	0.01089	0.03704	0.01803	0.04743	0.35155	0.30409	0.01830	0.00823	0.00255	0.00406	0.13077	0.00612	0.00572
47	0.01242	0.00642	0.00645	0.00639	0.00800	0.00650	0.00481	0.01604	0.03868	0.02465	0.02166	0.02454	0.01699	0.00771	0.00468	0.00156	0.00314	0.00618	0.77689	0.00629
48	0.01026	0.00731	0.00934	0.00887	0.01062	0.00705	0.00668	0.01405	0.06185	0.04750	0.50899	0.09022	0.09652	0.01678	0.07159	0.00287	0.00464	0.01158	0.00677	0.00652
49	0.01506	0.01846	0.09583	0.04848	0.03159	0.01701	0.51590	0.02012	0.01447	0.02012	0.01241	0.01690	0.00960	0.00657	0.00974	0.00231	0.12645	0.00714	0.00320	0.00864
50	0.00830	0.00585	0.00756	0.00881	0.00912	0.00553	0.00573	0.00924	0.01206	0.01608	0.03349	0.63475	0.04002	0.15502	0.01291	0.00334	0.00428	0.01707	0.00573	0.00510
51	0.01723	0.01741	0.02548	0.12328	0.46361	0.10521	0.07370	0.05626	0.01609	0.02127	0.01228	0.01600	0.00999	0.00615	0.00656	0.00198	0.00867	0.00582	0.00341	0.00961
52	0.00920	0.00623	0.00729	0.00765	0.00775	0.00613	0.00450	0.00948	0.01030	0.01373	0.02446	0.21548	0.02862	0.58985	0.02751	0.00550	0.00577	0.01176	0.00450	0.00431
53	0.01365	0.01170	0.01365	0.00975	0.01560	0.00878	0.00780	0.01658	0.01365	0.02145	0.01170	0.01365	0.00975	0.00488	0.00488	0.00098	0.00488	0.00390	0.00390	0.80888
54	0.01243	0.01170	0.01975	0.75282	0.04534	0.01463	0.01828	0.01682	0.01316	0.01682	0.01170	0.01755	0.00878	0.00658	0.00658	0.00219	0.00878	0.00585	0.00293	0.00731
55	0.01521	0.01407	0.02361	0.17232	0.53580	0.01462	0.01848	0.01914	0.01454	0.02088	0.01304	0.01725	0.01068	0.00616	0.00636	0.00196	0.00759	0.00589	0.07292	0.00946
56	0.01585	0.01359	0.01444	0.01302	0.01658	0.01562	0.01011	0.03331	0.66416	0.02745	0.07833	0.02638	0.02320	0.00927	0.00678	0.00222	0.00505	0.00777	0.00674	0.01011
57	0.00802	0.00573	0.00764	0.00917	0.00955	0.00535	0.00611	0.00917	0.01260	0.01681	0.03628	0.76434	0.04354	0.02062	0.00840	0.00267	0.00382	0.01872	0.00611	0.00535
58	0.01320	0.03405	0.73453	0.01876	0.02849	0.01529	0.02432	0.02085	0.01390	0.02085	0.01181	0.01390	0.00834	0.00625	0.00625	0.00208	0.00973	0.00486	0.00278	0.00973
59	0.01799	0.01299	0.01442	0.01266	0.01642	0.01434	0.00992	0.03250	0.53573	0.14730	0.08809	0.02636	0.02315	0.00920	0.00678	0.00219	0.00509	0.00770	0.00699	0.01018
60	0.02763	0.01240	0.01579	0.01231	0.01728	0.01169	0.01010	0.11559	0.09204	0.57431	0.02480	0.02181	0.01606	0.00820	0.00662	0.00205	0.00576	0.00662	0.00781	0.01112
61	0.00913	0.00690	0.00853	0.00914	0.01073	0.00640	0.00727	0.01140	0.01519	0.01956	0.15659	0.13254	0.27760	0.04771	0.00936	0.00270	0.00444	0.25286	0.00619	0.00576
62	0.00940	0.00705	0.01058	0.01058	0.01176	0.00823	0.00823	0.01176	0.01058	0.01528	0.01763	0.02586	0.01646	0.04937	0.74255	0.01058	0.01763	0.00705	0.00353	0.00588
63	0.00952	0.00661	0.00835	0.00835	0.00875	0.00702	0.00545	0.01032	0.00992	0.01363	0.01967	0.03716	0.02136	0.52134	0.27729	0.00783	0.01025	0.00871	0.00383	0.00464
64	0.00940	0.00705	0.01058	0.01058	0.01176	0.00823	0.00823	0.01176	0.01058	0.01528	0.01763	0.02586	0.01646	0.04937	0.74255	0.01058	0.01763	0.00705	0.00353	0.00588
65	0.01500	0.01811	0.08307	0.02542	0.03139	0.01653	0.56267	0.02012	0.01476	0.02038	0.01352	0.04279	0.01089	0.00673	0.00911	0.00229	0.08746	0.00774	0.00334	0.00864
66	0.01243	0.01170	0.01975	0.75282	0.04534	0.01463	0.01828	0.01682	0.01316	0.01682	0.01170	0.01755	0.00878	0.00658	0.00658	0.00219	0.00878	0.00585	0.00293	0.00731
67	0.00942	0.00700	0.01031	0.01031	0.01140	0.00808	0.00790	0.01159	0.01050	0.01509	0.01788	0.02721	0.01704	0.10561	0.68711	0.01025	0.01675	0.00725	0.00356	0.00573
68	0.01205	0.01095	0.01566	0.01413	0.01468	0.01455	0.01150	0.01392	0.01032	0.01558	0.01287	0.01979	0.01232	0.02932	0.36055	0.00650	0.40917	0.00637	0.00318	0.00658
69	0.00996	0.00648	0.00846	0.00893	0.01012	0.00593	0.00632	0.01180	0.01493	0.07244	0.23088	0.45832	0.09566	0.01741	0.00805	0.00242	0.00372	0.01556	0.00658	0.00604
70	0.00957	0.00638	0.00718	0.00718	0.00718	0.00638	0.00399	0.00957	0.00957	0.01276	0.02074	0.04308	0.02393	0.76864	0.03351	0.00638	0.00638	0.00957	0.00399	0.00399
71	0.02406	0.03049	0.01873	0.01698	0.02019	0.70465	0.01281	0.02574	0.01821	0.01610	0.01010	0.01200	0.00849	0.00703	0.00675	0.00176	0.05062	0.00432	0.00337	0.00761
72	0.01593	0.01402	0.02133	0.21028	0.36017	0.03888	0.01654	0.04119	0.01513	0.05865	0.01409	0.04335	0.01164	0.00677	0.00638	0.00194	0.00750	0.00615	0.03305	0.07702
73	0.00957	0.00638	0.00718	0.00718	0.00718	0.00638	0.00399	0.00957	0.00957	0.01276	0.02074	0.04308	0.02393	0.76864	0.03351	0.00638	0.00638	0.00957	0.00399	0.00399
74	0.01320	0.03405	0.73453	0.01876	0.02849	0.01529	0.02432	0.02085	0.01390	0.02085	0.01181	0.01390	0.00834	0.00625	0.00625	0.00208	0.00973	0.00486	0.00278	0.00973
75	0.01803	0.01497	0.01582	0.01373	0.01775	0.01715	0.01082	0.16345	0.58451	0.03021	0.02469	0.02288	0.01839	0.00873	0.00668	0.00218	0.00560	0.00715	0.00668	0.01057
76	0.01320	0.03405	0.73453	0.01876	0.02849	0.01529	0.02432	0.02085	0.01390	0.02085	0.01181	0.01390	0.00834	0.00625	0.00625	0.00208	0.00973	0.00486	0.00278	0.00973
77	0.00922	0.00692	0.00973	0.01039	0.01161	0.00662	0.02742	0.01123	0.01359	0.01825	0.07615	0.42654	0.06068	0.02102	0.07220	0.00332	0.00573	0.17030	0.00579	0.03332
78	0.01218	0.00659	0.00663	0.00655	0.00824	0.00663	0.00493	0.01596	0.05040	0.02424	0.02482	0.02718	0.06510	0.00835	0.00493	0.00162	0.00320	0.00673	0.70941	0.00632
79	0.01020	0.00815	0.01179	0.01134	0.01223	0.00994	0.00883	0.01221	0.01041	0.01515	0.01649	0.02556	0.01588	0.10596	0.56760	0.00901	0.13279	0.00707	0.00347	0.00592
80	0.01497	0.25310	0.01945	0.01148	0.01536	0.01716	0.00963	0.02476	0.34555	0.02160	0.02752	0.07585	0.11821	0.00978	0.00618	0.00200	0.00543	0.00788	0.00534	0.00876
81	0.00893	0.00654	0.00838	0.00829	0.00969	0.00599	0.00608	0.01154	0.01717	0.02380	0.53387	0.18257	0.12245	0.01509	0.00788	0.00220	0.00326	0.01335	0.00693	0.00599
82	0.17868	0.01149	0.01421	0.01113	0.01603	0.01064	0.00919	0.02967	0.01739	0.59875	0.02278	0.02018	0.01456	0.00776	0.00614	0.00204	0.00551	0.00604	0.00737	0.01043
83	0.01533	0.01306	0.01398	0.01273	0.01609	0.01492	0.00983	0.03168	0.61849	0.02688	0.08792	0.06519	0.02497	0.00993	0.00688	0.00224	0.00495	0.00842	0.00672	0.00979
84	0.06578	0.01797	0.01903	0.01474	0.01988	0.01996	0.01215	0.64260	0.05781	0.04030	0.01591	0.01590	0.01135	0.00785	0.00646	0.00199	0.00705	0.00587	0.00646	0.01095
85	0.01425	0.00719	0.00757	0.00705	0.00905	0.00719	0.00542	0.05499	0.01513	0.07757	0.02149	0.02390	0.01652	0.00772	0.00486	0.00160	0.00349	0.00616	0.70208	0.00679
86	0.00799	0.00584	0.00752	0.00887	0.00947	0.00537	0.00598	0.00920	0.01289	0.01692	0.03993	0.68035	0.12518	0.02015	0.00833	0.00262	0.00376	0.01814	0.00611	0.00537
87	0.00959	0.00707	0.00837	0.00862	0.00958	0.00700	0.00581	0.01258	0.08667	0.01836	0.14956	0.27716	0.09581	0.25513	0.01603	0.00366	0.00462	0.01307	0.00569	0.00561
88	0.00800	0.00581	0.00755	0.00895	0.00949	0.00537	0.00601	0.00919	0.01282	0.01689	0.03896	0.70258	0.10357	0.02028	0.00835	0.00263	0.00378	0.01829	0.00611	0.00537
89	0.13615	0.01764	0.01834	0.01423	0.01933	0.01962	0.01176	0.60910	0.02818	0.03981	0.01487	0.01509	0.01062	0.00765	0.00623	0.00198	0.00694	0.00559	0.00623	0.01062
90	0.01338	0.00721	0.00732	0.00692	0.00878	0.00738	0.00529	0.07536	0.01530	0.02602	0.02098	0.02378	0.01638	0.00769	0.00477	0.00157	0.00343	0.00612	0.73575	0.00658
91	0.01629	0.01564	0.02672	0.04041	0.72757	0.01564	0.02020	0.02020	0.01499	0.02151	0.01238	0.01629	0.01043	0.00587	0.00652	0.00196	0.00782	0.00587	0.00326	0.01043
92	0.01521	0.02003	0.13576	0.02650	0.03358	0.01646	0.60902	0.02105	0.01531	0.02105	0.01311	0.01722	0.00976	0.00565	0.00756	0.00220	0.01091	0.00736	0.00325	0.00900
93	0.01063	0.00746	0.00960	0.00909	0.01091	0.00714	0.00700	0.01476	0.06565	0.05090	0.59210	0.04874	0.05553	0.01337	0.00777	0.00216	0.00359	0.06979	0.00714	0.00666
94	0.01320	0.03405	0.73453	0.01876	0.02849	0.01529	0.02432	0.02085	0.01390	0.02085	0.01181	0.01390	0.00834	0.00625	0.00625	0.00208	0.00973	0.00486	0.00278	0.00973
95	0.01637	0.01414	0.01489	0.01340	0.01712	0.01637	0.01042	0.03498	0.71568	0.02754	0.02679	0.02456	0.02010	0.00893	0.00670	0.00223	0.00521	0.00744	0.00670	0.01042
96	0.00877	0.00662	0.00768	0.00790	0.00926	0.00605	0.00571	0.01042	0.01423	0.01830	0.16522	0.12819	0.31281	0.18127	0.01361	0.00324	0.00430	0.08521	0.00584	0.00536
97	0.01630	0.01556	0.02611	0.03900	0.69061	0.01568	0.01969	0.02097	0.05144	0.02182	0.01313	0.01672	0.01093	0.00603	0.00653	0.00197	0.00769	0.00595	0.00344	0.01043
98	0.01590	0.01524	0.02600	0.11371	0.65737	0.01554	0.02001	0.01986	0.01480	0.02103	0.01231	0.01642	0.01026	0.00594	0.00652	0.00198	0.00792	0.00586	0.00322	0.01011
99	0.01293	0.00828	0.00966	0.00883	0.01149	0.00760	0.00686	0.03843	0.05999	0.13962	0.19219	0.07541	0.35078	0.01401	0.00755	0.00220	0.00402	0.03627	0.00674	0.00713
100	0.12299	0.02533	0.01687	0.01501	0.01874	0.51084	0.01148	0.02671	0.05626	0.11708	0.01315	0.01388	0.01003	0.00701	0.00584	0.00181	0.00980	0.00466	0.00431	0.00822
101	0.01506	0.34586	0.43898	0.01560	0.02360	0.01983	0.01881	0.02037	0.01368	0.01859	0.01069	0.01249	0.00839	0.00599	0.00540	0.00180	0.00859	0.00430	0.00280	0.00919
102	0.00807	0.00658	0.00713	0.00720	0.00912	0.00565	0.00532	0.00992	0.01538	0.01914	0.17494	0.13234	0.54326	0.01653	0.00784	0.00224	0.00335	0.01405	0.00631	0.00565
103	0.01320	0.00652	0.00696	0.00668	0.00845	0.00638	0.00507	0.01623	0.01453	0.07221	0.07737	0.02635	0.02041	0.00816	0.00499	0.00161	0.00324	0.00662	0.68853	0.00648
104	0.01977	0.01706	0.01795	0.01470	0.01896	0.09707	0.05794	0.31609	0.20057	0.03063	0.04176	0.04639	0.07298	0.00914	0.00681	0.00207	0.00696	0.00746	0.00600	0.00967
105	0.01211	0.00872	0.03297	0.00988	0.01213	0.00780	0.00782	0.01626	0.09063	0.10355	0.23034	0.22342	0.13287	0.01473	0.00774	0.00233	0.00428	0.06875	0.00662	0.00703
106	0.02588	0.01707	0.01891	0.01450	0.01973	0.01838	0.01197	0.57775	0.02865	0.17260	0.01774	0.01706	0.01216	0.00795	0.00659	0.00199	0.00693	0.00606	0.00688	0.01120
107	0.00837	0.00593	0.00776	0.00894	0.00931	0.00571	0.00591	0.00941	0.01197	0.01604	0.03246	0.59558	0.03848	0.14561	0.06236	0.00382	0.00518	0.01642	0.00559	0.00516
108	0.01427	0.01323	0.02176	0.34968	0.32634	0.01467	0.01778	0.04150	0.01493	0.02041	0.07185	0.01955	0.01402	0.00702	0.00701	0.00209	0.02533	0.00637	0.00355	0.00865
109	0.00814	0.00590	0.00770	0.00891	0.00954	0.00545	0.00605	0.00953	0.01340	0.01788	0.11087	0.64314	0.08994	0.01961	0.00829	0.00258	0.00371	0.01768	0.00623	0.00545
110	0.01243	0.01170	0.01975	0.75282	0.04534	0.01463	0.01828	0.01682	0.01316	0.01682	0.01170	0.01755	0.00878	0.00658	0.00658	0.00219	0.00878	0.00585	0.00293	0.00731
111	0.04905	0.02786	0.01931	0.01894	0.09318	0.57152	0.01329	0.09355	0.01927	0.01964	0.01094	0.01269	0.00891	0.00678	0.00600	0.00176	0.01077	0.00456	0.00372	0.00826
112	0.05470	0.00966	0.01078	0.00993	0.01251	0.02645	0.00783	0.06149	0.10260	0.07278	0.30489	0.04450	0.15880	0.01272	0.00739	0.00220	0.00446	0.08234	0.00662	0.00733
113	0.06169	0.01618	0.07782	0.01499	0.07650	0.11366	0.02736	0.08139	0.03976	0.07746	0.09179	0.12824	0.02077	0.00929	0.00647	0.00192	0.00662	0.00778	0.00501	0.13529
114	0.01769	0.01616	0.02245	0.10501	0.42773	0.09871	0.01691	0.02174	0.04114	0.08235	0.01445	0.01846	0.01174	0.00670	0.00647	0.00195	0.00789	0.02731	0.00391	0.05125
115	0.01019	0.00996	0.07182	0.00945	0.01192	0.03039	0.00788	0.01284	0.01566	0.04119	0.26716	0.18554	0.21955	0.01590	0.03686	0.00253	0.00486	0.01233	0.00601	0.02795

[dist]
# distance from previous block
# <min> <max>
1	10

[block]
# block no. 1 follows, 33 sequences, length 28
# corresponding to MSA columns:
# 162-189
name=unknown_B
#
# <colnr> <probs for GDERKNQSTAVLIFYWHMCP>
#	G	D	E	R	K	N	Q	S	T	A	V	L	I	F	Y	W	H	M	C	P
0	0.06589	0.01298	0.01743	0.01342	0.01846	0.01202	0.10304	0.09791	0.06944	0.12682	0.01778	0.04642	0.01451	0.00757	0.00619	0.00176	0.00617	0.04970	0.00518	0.30732
1	0.01407	0.24144	0.46441	0.01561	0.02337	0.01746	0.01884	0.01970	0.01421	0.01987	0.08076	0.01640	0.01363	0.00678	0.00582	0.00189	0.00832	0.00517	0.00323	0.00902
2	0.01154	0.01013	0.05961	0.01357	0.10328	0.00835	0.00993	0.01451	0.01579	0.06734	0.17479	0.04955	0.25798	0.01468	0.02978	0.00254	0.00538	0.13838	0.00580	0.00706
3	0.00846	0.00644	0.00860	0.00932	0.01039	0.00591	0.02527	0.01011	0.01381	0.01809	0.09782	0.50444	0.17530	0.01870	0.00826	0.00255	0.00401	0.06079	0.00613	0.00560
4	0.01571	0.34236	0.40010	0.01553	0.02317	0.06248	0.01819	0.02069	0.01396	0.01833	0.01061	0.01239	0.00839	0.00603	0.00539	0.00178	0.00873	0.00427	0.00283	0.00907
5	0.06235	0.02530	0.01777	0.01554	0.01941	0.47067	0.01196	0.13090	0.08873	0.07545	0.01381	0.01445	0.01056	0.00724	0.00607	0.00183	0.00971	0.00496	0.00459	0.00869
6	0.00990	0.00649	0.00773	0.00789	0.00835	0.00662	0.00514	0.01083	0.01074	0.01520	0.02203	0.07074	0.02384	0.49973	0.11734	0.00593	0.00727	0.05413	0.10541	0.00470
7	0.01629	0.01564	0.02672	0.04041	0.72757	0.01564	0.02020	0.02020	0.01499	0.02151	0.01238	0.01629	0.01043	0.00587	0.00652	0.00196	0.00782	0.00587	0.00326	0.01043
8	0.01630	0.01545	0.02522	0.03697	0.63723	0.01573	0.01896	0.02208	0.10409	0.02227	0.01422	0.01734	0.01166	0.00626	0.00654	0.00199	0.00749	0.00607	0.00370	0.01043
9	0.06806	0.01213	0.02017	0.65882	0.04245	0.01475	0.05777	0.01725	0.01317	0.01795	0.01162	0.01709	0.00873	0.00649	0.00648	0.00218	0.00866	0.00581	0.00303	0.00739
10	0.00850	0.00660	0.00773	0.00765	0.00938	0.00583	0.00566	0.01076	0.01639	0.02156	0.35911	0.12822	0.35773	0.01563	0.00784	0.00220	0.00328	0.01349	0.00662	0.00583
11	0.00947	0.00647	0.00741	0.00752	0.00841	0.00618	0.00504	0.01078	0.01276	0.01749	0.12644	0.09738	0.15488	0.35420	0.01912	0.00407	0.00482	0.04674	0.09581	0.00502
12	0.01587	0.01810	0.03540	0.02576	0.03164	0.06490	0.59386	0.02084	0.01553	0.02062	0.03652	0.01822	0.01155	0.00625	0.00846	0.00222	0.05467	0.00755	0.00344	0.00861
13	0.00974	0.00766	0.00926	0.00965	0.01127	0.00755	0.00752	0.03581	0.03671	0.01930	0.06624	0.23683	0.28921	0.01714	0.00883	0.00255	0.03989	0.17277	0.00602	0.00607
14	0.01320	0.03405	0.73453	0.01876	0.02849	0.01529	0.02432	0.02085	0.01390	0.02085	0.01181	0.01390	0.00834	0.00625	0.00625	0.00208	0.00973	0.00486	0.00278	0.00973
15	0.00830	0.00617	0.00878	0.00985	0.01046	0.00576	0.03170	0.00960	0.01271	0.01696	0.03544	0.73695	0.04231	0.02007	0.00838	0.00266	0.00409	0.01831	0.00601	0.00548
16	0.01371	0.01274	0.02107	0.58589	0.17383	0.01507	0.01840	0.04700	0.01427	0.01877	0.01201	0.01724	0.00919	0.00650	0.00657	0.00214	0.00853	0.00586	0.00315	0.00807
17	0.00807	0.00661	0.00712	0.00715	0.00911	0.00566	0.00530	0.00995	0.01546	0.01923	0.18030	0.11585	0.55450	0.01642	0.00783	0.00223	0.00333	0.01392	0.00631	0.00566
18	0.00802	0.00573	0.00764	0.00917	0.00955	0.00535	0.00611	0.00917	0.01260	0.01681	0.03628	0.76434	0.04354	0.02062	0.00840	0.00267	0.00382	0.01872	0.00611	0.00535
19	0.01341	0.03282	0.68732	0.02021	0.07512	0.01531	0.02405	0.02081	0.01397	0.02089	0.01185	0.01406	0.00848	0.00623	0.00627	0.00208	0.00960	0.00493	0.00281	0.00978
20	0.02335	0.01481	0.01675	0.01353	0.01821	0.01585	0.01095	0.27423	0.26517	0.24018	0.02262	0.02079	0.01579	0.00833	0.00664	0.00208	0.00605	0.00666	0.00709	0.01093
21	0.01206	0.00616	0.00616	0.00616	0.00773	0.00611	0.00462	0.01506	0.01386	0.02422	0.02361	0.02638	0.05034	0.00810	0.00475	0.00157	0.00308	0.00650	0.76742	0.00611
22	0.07674	0.01497	0.01589	0.01259	0.01706	0.03724	0.01028	0.39134	0.02401	0.17310	0.01814	0.01810	0.01279	0.00776	0.00607	0.00191	0.00622	0.00589	0.13993	0.00997
23	0.00957	0.00638	0.00718	0.00718	0.00718	0.00638	0.00399	0.00957	0.00957	0.01276	0.02074	0.04308	0.02393	0.76864	0.03351	0.00638	0.00638	0.00957	0.00399	0.00399
24	0.01760	0.77260	0.03450	0.01126	0.01690	0.02605	0.01126	0.01971	0.01338	0.01549	0.00915	0.01056	0.00845	0.00563	0.00422	0.00141	0.00704	0.00352	0.00282	0.00845
25	0.01004	0.00799	0.01180	0.01143	0.01246	0.00975	0.00901	0.01228	0.01052	0.01535	0.01649	0.02441	0.01546	0.04456	0.65087	0.00960	0.11160	0.00689	0.00344	0.00605
26	0.01243	0.01170	0.01975	0.75282	0.04534	0.01463	0.01828	0.01682	0.01316	0.01682	0.01170	0.01755	0.00878	0.00658	0.00658	0.00219	0.00878	0.00585	0.00293	0.00731
27	0.00878	0.00701	0.00790	0.00762	0.00963	0.00628	0.00573	0.01175	0.04577	0.02178	0.33883	0.05583	0.41943	0.01501	0.00773	0.00216	0.00332	0.01280	0.00661	0.00603

[dist]
# distance from previous block
# <min> <max>
0	3

[block]
# block no. 2 follows, 33 sequences, length 62
# corresponding to MSA columns:
# 193-254
name=unknown_C
#
# <colnr> <probs for GDERKNQSTAVLIFYWHMCP>
#	G	D	E	R	K	N	Q	S	T	A	V	L	I	F	Y	W	H	M	C	P
0	0.02459	0.03138	0.01866	0.01696	0.02035	0.74221	0.01272	0.02629	0.01866	0.01611	0.01018	0.01187	0.00848	0.00678	0.00594	0.00170	0.01187	0.00424	0.00339	0.00763
1	0.02281	0.06867	0.02056	0.01704	0.02043	0.56338	0.04120	0.05799	0.01796	0.01750	0.01037	0.01250	0.00869	0.00722	0.00757	0.00184	0.08839	0.00459	0.00346	0.00786
2	0.09818	0.01295	0.06564	0.07617	0.01792	0.01296	0.01096	0.10943	0.09257	0.08307	0.01801	0.02475	0.01546	0.11460	0.14512	0.00428	0.04833	0.03693	0.00477	0.00790
3	0.00879	0.00661	0.00814	0.00796	0.00957	0.00596	0.00589	0.01133	0.01709	0.02322	0.48632	0.12643	0.22851	0.01501	0.00783	0.00217	0.00324	0.01311	0.00684	0.00596
4	0.01532	0.01595	0.01974	0.01706	0.01745	0.09453	0.01406	0.01681	0.01098	0.01586	0.00905	0.01446	0.00884	0.01209	0.04017	0.00297	0.65886	0.00564	0.00295	0.00721
5	0.00893	0.00699	0.00755	0.00750	0.00960	0.00612	0.00558	0.01134	0.04077	0.04024	0.13148	0.13172	0.53647	0.01620	0.00777	0.00225	0.00350	0.01373	0.00632	0.00595
6	0.01837	0.69458	0.03297	0.01167	0.01726	0.02547	0.01139	0.09067	0.01519	0.01818	0.00984	0.01110	0.00873	0.00587	0.00447	0.00147	0.00706	0.00377	0.00321	0.00873
7	0.03794	0.07938	0.66883	0.01799	0.02729	0.01594	0.02299	0.02073	0.01378	0.02078	0.01157	0.01359	0.00831	0.00621	0.00606	0.00204	0.00942	0.00474	0.00282	0.00957
8	0.01091	0.00804	0.01029	0.00982	0.01142	0.00875	0.00745	0.08301	0.01332	0.01835	0.02537	0.03285	0.12301	0.14180	0.42764	0.00750	0.01227	0.00829	0.03379	0.00612
9	0.00828	0.00645	0.00753	0.00776	0.00933	0.00569	0.00563	0.01023	0.01544	0.02001	0.24768	0.23669	0.36224	0.01675	0.00793	0.00229	0.00339	0.01454	0.00644	0.00569
10	0.00959	0.00700	0.00810	0.00773	0.00965	0.00632	0.00578	0.01239	0.03556	0.04240	0.35939	0.05229	0.32736	0.04442	0.00861	0.00229	0.00346	0.01212	0.03945	0.00611
11	0.01544	0.01462	0.02475	0.03718	0.65329	0.01458	0.01875	0.01906	0.01474	0.02102	0.01486	0.09368	0.01385	0.00739	0.00671	0.00203	0.00741	0.00719	0.00355	0.00990
12	0.00847	0.00652	0.00701	0.00716	0.00847	0.00587	0.00487	0.00957	0.01299	0.01606	0.04808	0.11000	0.41984	0.27157	0.01657	0.00368	0.00447	0.02839	0.00539	0.00502
13	0.70507	0.01236	0.01017	0.00891	0.01302	0.01395	0.00733	0.02061	0.01211	0.10564	0.01137	0.01239	0.00843	0.00638	0.00437	0.00202	0.00509	0.00398	0.02927	0.00754
14	0.01511	0.01455	0.02514	0.25301	0.49471	0.01538	0.04799	0.01923	0.01447	0.02009	0.01222	0.01673	0.00992	0.00607	0.00659	0.00204	0.00824	0.00594	0.00316	0.00943
15	0.03899	0.17737	0.27379	0.01738	0.09713	0.01719	0.01636	0.08725	0.04365	0.05680	0.01645	0.03724	0.04955	0.00759	0.00658	0.00198	0.03564	0.00585	0.00394	0.00927
16	0.00823	0.00587	0.00785	0.00926	0.00970	0.00558	0.00628	0.00945	0.01250	0.01670	0.03492	0.68319	0.04153	0.04920	0.03867	0.00314	0.00455	0.04210	0.00593	0.00534
17	0.14677	0.01747	0.04116	0.01881	0.14340	0.07945	0.03361	0.27748	0.02065	0.07684	0.01473	0.04589	0.01164	0.00772	0.00678	0.00203	0.03491	0.00599	0.00506	0.00961
18	0.00869	0.00606	0.00760	0.00839	0.00876	0.00580	0.00539	0.00964	0.01218	0.01640	0.10205	0.44008	0.03866	0.27944	0.01705	0.00390	0.00463	0.01484	0.00549	0.00497
19	0.01943	0.30948	0.12654	0.01415	0.01984	0.05682	0.01360	0.24126	0.04550	0.02526	0.01243	0.01355	0.00980	0.00686	0.00619	0.00178	0.03871	0.00477	0.00423	0.02981
20	0.01209	0.01017	0.01542	0.12222	0.09193	0.01166	0.03005	0.05604	0.01338	0.01878	0.07533	0.02456	0.01775	0.05855	0.34204	0.00617	0.07586	0.00711	0.00387	0.00702
21	0.01533	0.13290	0.27593	0.06719	0.12725	0.05746	0.08306	0.03784	0.03999	0.02007	0.01318	0.04842	0.01094	0.00707	0.00683	0.00202	0.03623	0.00589	0.00334	0.00907
22	0.00950	0.00714	0.00853	0.00857	0.01016	0.00682	0.00627	0.01329	0.08241	0.02224	0.31571	0.23221	0.18219	0.01522	0.00767	0.00224	0.00353	0.01334	0.04670	0.00626
23	0.01428	0.00693	0.00740	0.00696	0.00895	0.00683	0.00533	0.01776	0.03577	0.10171	0.02213	0.02431	0.01691	0.00776	0.00489	0.00161	0.00341	0.00623	0.69401	0.00682
24	0.01429	0.01481	0.04154	0.07245	0.11238	0.05514	0.01479	0.01657	0.01178	0.01692	0.01194	0.04480	0.01153	0.01340	0.07119	0.00320	0.43809	0.02442	0.00321	0.00754
25	0.00834	0.00612	0.00788	0.00920	0.00982	0.00580	0.00622	0.01021	0.04081	0.01729	0.03756	0.69673	0.07960	0.01994	0.00830	0.00263	0.00385	0.01800	0.00613	0.00556
26	0.11064	0.01163	0.01487	0.01153	0.01652	0.01060	0.00952	0.05596	0.01851	0.63362	0.02385	0.02095	0.01516	0.00793	0.00636	0.00203	0.00561	0.00628	0.00767	0.01078
27	0.01144	0.00572	0.00858	0.00858	0.00858	0.00572	0.00572	0.00858	0.00858	0.01144	0.01144	0.02001	0.01144	0.02287	0.02573	0.80846	0.00572	0.00572	0.00286	0.00286
28	0.00830	0.00632	0.00724	0.00771	0.00917	0.00560	0.00552	0.01004	0.01456	0.01888	0.13537	0.30364	0.36675	0.01716	0.00782	0.00232	0.00346	0.01490	0.04964	0.00560
29	0.00784	0.00667	0.00676	0.00674	0.00893	0.00558	0.00505	0.00957	0.01515	0.01814	0.09370	0.06277	0.69767	0.01654	0.00778	0.00222	0.00333	0.01381	0.00616	0.00558
30	0.10781	0.01206	0.04377	0.01124	0.01606	0.01047	0.00960	0.05376	0.01778	0.53123	0.02281	0.02082	0.01489	0.00780	0.00613	0.00198	0.00552	0.00616	0.08990	0.01020
31	0.00946	0.00682	0.00941	0.00941	0.01017	0.00759	0.00676	0.01100	0.01023	0.01441	0.01871	0.03181	0.01904	0.29797	0.49749	0.00913	0.01374	0.00792	0.00369	0.00523
32	0.01760	0.77260	0.03450	0.01126	0.01690	0.02605	0.01126	0.01971	0.01338	0.01549	0.00915	0.01056	0.00845	0.00563	0.00422	0.00141	0.00704	0.00352	0.00282	0.00845
33	0.01629	0.00829	0.01091	0.00936	0.01221	0.00738	0.00734	0.01909	0.01844	0.27299	0.43102	0.04085	0.09498	0.01184	0.00736	0.00207	0.00400	0.01020	0.00748	0.00791
34	0.00806	0.00587	0.00750	0.00879	0.00937	0.00542	0.00589	0.00922	0.01276	0.01675	0.03925	0.65123	0.12358	0.05120	0.00937	0.00277	0.00387	0.01776	0.00602	0.00532
35	0.01696	0.01708	0.02554	0.07296	0.62091	0.09076	0.01934	0.02067	0.01528	0.02072	0.01212	0.01590	0.01015	0.00600	0.00646	0.00194	0.00829	0.00570	0.00326	0.00999
36	0.01100	0.00844	0.01005	0.01050	0.01195	0.00879	0.00749	0.06100	0.16992	0.02082	0.03282	0.55054	0.03619	0.01719	0.00790	0.00253	0.00435	0.01537	0.00627	0.00686
37	0.01474	0.19775	0.54410	0.01701	0.02552	0.05336	0.02086	0.02086	0.01402	0.01943	0.01114	0.01306	0.00837	0.00614	0.00579	0.00192	0.00924	0.00454	0.00282	0.00934
38	0.00983	0.00792	0.00896	0.00920	0.01098	0.00785	0.00668	0.01504	0.16512	0.02012	0.09295	0.32510	0.26274	0.01631	0.00779	0.00239	0.00391	0.01423	0.00632	0.00657
39	0.00808	0.00603	0.00753	0.00864	0.00952	0.00549	0.00599	0.00946	0.01342	0.01739	0.06267	0.55838	0.20464	0.01942	0.00826	0.00256	0.00375	0.03719	0.00614	0.00544
40	0.00800	0.00580	0.00757	0.00899	0.00950	0.00536	0.00603	0.00919	0.01278	0.01688	0.03848	0.71379	0.09268	0.02034	0.00836	0.00264	0.00378	0.01837	0.00611	0.00536
41	0.01004	0.00816	0.00951	0.00997	0.03047	0.00790	0.00752	0.01471	0.11965	0.02073	0.13315	0.09474	0.34779	0.01534	0.00787	0.00238	0.00426	0.14297	0.00625	0.00658
42	0.00882	0.00658	0.00820	0.00808	0.00960	0.00596	0.00595	0.01135	0.01704	0.02328	0.49213	0.15282	0.19569	0.01513	0.00786	0.00219	0.00325	0.01327	0.00685	0.00596
43	0.01365	0.01170	0.01365	0.00975	0.01560	0.00878	0.00780	0.01658	0.01365	0.02145	0.01170	0.01365	0.00975	0.00488	0.00488	0.00098	0.00488	0.00390	0.00390	0.80888
44	0.09834	0.01675	0.03325	0.02395	0.03024	0.01589	0.55621	0.03750	0.01531	0.02250	0.01282	0.01664	0.00970	0.00561	0.00712	0.00209	0.00986	0.00696	0.00354	0.07574
45	0.01390	0.01357	0.01882	0.01624	0.01624	0.01874	0.01333	0.01519	0.01003	0.01552	0.00989	0.01737	0.01022	0.08985	0.02284	0.00324	0.67898	0.00616	0.00300	0.00687
46	0.01682	0.01238	0.01366	0.01193	0.01533	0.01339	0.00933	0.16935	0.29772	0.08186	0.09541	0.10472	0.08410	0.01092	0.00698	0.00217	0.00510	0.00916	0.03052	0.00918
47	0.00826	0.00709	0.00713	0.00704	0.00935	0.00616	0.00530	0.01087	0.05404	0.01833	0.06447	0.06119	0.68563	0.01624	0.00772	0.00222	0.00344	0.01353	0.00615	0.00583
48	0.02847	0.01291	0.01634	0.01252	0.01766	0.01221	0.01035	0.19129	0.02170	0.56888	0.02357	0.02085	0.01509	0.00809	0.00661	0.00202	0.00599	0.00646	0.00778	0.01120
49	0.00815	0.00590	0.00748	0.00868	0.00923	0.00548	0.00577	0.00924	0.01256	0.01650	0.03806	0.61182	0.11723	0.09757	0.01093	0.00301	0.00403	0.01723	0.00589	0.00523
50	0.06602	0.01082	0.01433	0.01121	0.01588	0.00957	0.00919	0.02942	0.01845	0.62463	0.09737	0.02460	0.02059	0.00860	0.00661	0.00204	0.00532	0.00702	0.00785	0.01049
51	0.01262	0.00843	0.00978	0.00886	0.01140	0.00804	0.00683	0.03797	0.10003	0.10484	0.29333	0.04533	0.25808	0.01285	0.00730	0.00210	0.00384	0.01091	0.05023	0.00722
52	0.00801	0.00578	0.00759	0.00903	0.00951	0.00536	0.00605	0.00918	0.01273	0.01686	0.03794	0.72628	0.08054	0.02041	0.00837	0.00265	0.00379	0.01845	0.00611	0.00536
53	0.01595	0.01529	0.02611	0.10331	0.66734	0.01555	0.02003	0.01991	0.01483	0.02109	0.01232	0.01640	0.01028	0.00593	0.00652	0.00198	0.00791	0.00586	0.00323	0.01015
54	0.00872	0.00708	0.00782	0.00801	0.00992	0.00644	0.00599	0.01167	0.06278	0.01925	0.12261	0.17761	0.45808	0.01657	0.00788	0.00233	0.00367	0.05136	0.00626	0.00595
55	0.02799	0.01280	0.01615	0.01248	0.01754	0.01215	0.01028	0.16704	0.05548	0.55930	0.02398	0.02119	0.01546	0.00814	0.00662	0.00203	0.00591	0.00652	0.00776	0.01116
56	0.01384	0.00946	0.01093	0.00988	0.01182	0.01055	0.00763	0.12432	0.06538	0.02392	0.04018	0.02534	0.01762	0.09556	0.14460	0.00393	0.06185	0.00687	0.30926	0.00705
57	0.05702	0.03112	0.62264	0.01965	0.05593	0.01536	0.06644	0.02076	0.01390	0.02136	0.01179	0.01407	0.00846	0.00619	0.00624	0.00209	0.00949	0.00502	0.00290	0.00956
58	0.00797	0.00593	0.00743	0.00863	0.00941	0.00539	0.00587	0.00923	0.01312	0.01702	0.04287	0.61243	0.19120	0.01977	0.00827	0.00258	0.00371	0.01767	0.00611	0.00539
59	0.00990	0.00735	0.00893	0.00936	0.01048	0.00729	0.00650	0.04034	0.06798	0.01836	0.04810	0.43204	0.07643	0.14642	0.04278	0.00349	0.00510	0.02607	0.00567	0.02741
60	0.13774	0.15287	0.11448	0.02001	0.13879	0.09316	0.11072	0.03877	0.01449	0.02110	0.01096	0.01363	0.00892	0.00636	0.00679	0.00192	0.05934	0.00499	0.00336	0.04159
61	0.13841	0.04757	0.06844	0.01563	0.08034	0.13440	0.06039	0.03512	0.04039	0.04061	0.05580	0.16723	0.01930	0.00960	0.00638	0.00203	0.00700	0.00808	0.00452	0.05879

[dist]
# distance from previous block
# <min> <max>
6	17

[block]
# block no. 3 follows, 33 sequences, length 37
# corresponding to MSA columns:
# 273-309
name=unknown_D
#
# <colnr> <probs for GDERKNQSTAVLIFYWHMCP>
#	G	D	E	R	K	N	Q	S	T	A	V	L	I	F	Y	W	H	M	C	P
0	0.01573	0.14860	0.02303	0.39015	0.08257	0.05019	0.04298	0.05228	0.07341	0.04054	0.01317	0.01662	0.01015	0.00664	0.00619	0.00200	0.00817	0.00560	0.00361	0.00837
1	0.01022	0.00866	0.03348	0.03262	0.01302	0.00903	0.00846	0.01412	0.08360	0.01664	0.02258	0.03035	0.07449	0.13280	0.47052	0.00798	0.01323	0.00787	0.00408	0.00624
2	0.01980	0.09972	0.10548	0.03902	0.04450	0.18865	0.07154	0.20644	0.07905	0.02507	0.01617	0.01728	0.04346	0.00740	0.00631	0.00192	0.00864	0.00580	0.00450	0.00924
3	0.01431	0.04063	0.04942	0.01867	0.17472	0.06017	0.04405	0.01781	0.05189	0.07820	0.02399	0.29781	0.02472	0.01362	0.03020	0.00254	0.00673	0.03761	0.00500	0.00792
4	0.04135	0.00661	0.00770	0.00788	0.00822	0.00676	0.00486	0.01013	0.01018	0.01428	0.02222	0.14479	0.02534	0.55560	0.10171	0.00610	0.00712	0.01040	0.00425	0.00451
5	0.04276	0.06348	0.48658	0.01989	0.08854	0.04527	0.04651	0.09143	0.01589	0.02290	0.01205	0.01411	0.00885	0.00635	0.00619	0.00202	0.00916	0.00504	0.00330	0.00968
6	0.01714	0.01297	0.01414	0.01216	0.01584	0.01402	0.00969	0.21038	0.28174	0.06783	0.08916	0.03298	0.14073	0.01072	0.00705	0.00217	0.00533	0.03997	0.00666	0.00930
7	0.01708	0.51519	0.08934	0.08952	0.02186	0.07648	0.04513	0.02062	0.03961	0.01682	0.01055	0.01250	0.00897	0.00598	0.00502	0.00163	0.00792	0.00427	0.00303	0.00847
8	0.01617	0.04797	0.33213	0.05010	0.14475	0.07998	0.05031	0.03920	0.01540	0.07771	0.01632	0.04289	0.04334	0.00736	0.00647	0.00204	0.00865	0.00616	0.00375	0.00930
9	0.01619	0.24273	0.02152	0.01558	0.11818	0.07275	0.01124	0.04375	0.01471	0.05308	0.01566	0.09580	0.01485	0.01178	0.07200	0.00251	0.00770	0.02929	0.00402	0.13667
10	0.02118	0.01544	0.01784	0.01419	0.01843	0.01668	0.04289	0.49391	0.02549	0.05821	0.01900	0.07882	0.01634	0.08760	0.00967	0.00255	0.00696	0.03899	0.00616	0.00966
11	0.01074	0.00776	0.00928	0.00870	0.01023	0.00757	0.00626	0.08261	0.01701	0.02329	0.37400	0.11615	0.10164	0.17999	0.01337	0.00308	0.00434	0.01161	0.00626	0.00610
12	0.04311	0.10241	0.02160	0.01716	0.04678	0.39921	0.04466	0.17041	0.01987	0.02226	0.01141	0.01311	0.00918	0.00703	0.00671	0.00183	0.04586	0.00481	0.00400	0.00861
13	0.01349	0.03209	0.65072	0.01985	0.02921	0.01545	0.10616	0.02088	0.01410	0.02088	0.01200	0.01436	0.00854	0.00617	0.00644	0.00210	0.00989	0.00521	0.00285	0.00963
14	0.02879	0.01104	0.01504	0.01159	0.01655	0.00955	0.00955	0.03136	0.01883	0.70601	0.05182	0.02340	0.01799	0.00834	0.00666	0.00204	0.00551	0.00682	0.00811	0.01102
15	0.00940	0.00705	0.01058	0.01058	0.01176	0.00823	0.00823	0.01176	0.01058	0.01528	0.01763	0.02586	0.01646	0.04937	0.74255	0.01058	0.01763	0.00705	0.00353	0.00588
16	0.01055	0.00802	0.00797	0.00785	0.00811	0.05440	0.00462	0.01074	0.01041	0.01335	0.03920	0.04121	0.02396	0.69837	0.03101	0.00596	0.00665	0.00929	0.00404	0.00429
17	0.05197	0.44199	0.10809	0.01247	0.01796	0.02105	0.01231	0.06737	0.08691	0.05230	0.01304	0.01428	0.01064	0.00918	0.05315	0.00226	0.00771	0.00461	0.00381	0.00888
18	0.00803	0.00653	0.00711	0.00729	0.00913	0.00561	0.00534	0.00981	0.01511	0.01880	0.15105	0.17351	0.52601	0.01687	0.00788	0.00227	0.00338	0.01439	0.00627	0.00561
19	0.00870	0.00642	0.00803	0.00883	0.00982	0.00597	0.00615	0.03138	0.01441	0.01909	0.13773	0.52810	0.15384	0.01858	0.00816	0.00249	0.00375	0.01658	0.00629	0.00569
20	0.02459	0.03138	0.01866	0.01696	0.02035	0.74221	0.01272	0.02629	0.01866	0.01611	0.01018	0.01187	0.00848	0.00678	0.00594	0.00170	0.01187	0.00424	0.00339	0.00763
21	0.00967	0.00657	0.00784	0.00799	0.00825	0.00667	0.00505	0.01019	0.01024	0.01370	0.02192	0.04476	0.02471	0.62751	0.09393	0.00641	0.00735	0.07873	0.00416	0.00437
22	0.00945	0.00688	0.00970	0.00970	0.01057	0.00775	0.00713	0.01119	0.01032	0.01463	0.01844	0.03031	0.01839	0.23528	0.55929	0.00950	0.01473	0.00770	0.00365	0.00539
23	0.00778	0.00667	0.00667	0.00667	0.00889	0.00556	0.00500	0.00945	0.01501	0.01778	0.06669	0.06336	0.72490	0.01667	0.00778	0.00222	0.00333	0.01389	0.00611	0.00556
24	0.02459	0.03138	0.01866	0.01696	0.02035	0.74221	0.01272	0.02629	0.01866	0.01611	0.01018	0.01187	0.00848	0.00678	0.00594	0.00170	0.01187	0.00424	0.00339	0.00763
25	0.02105	0.01319	0.01638	0.01511	0.08957	0.01346	0.01093	0.24756	0.07016	0.21838	0.18503	0.02604	0.02502	0.00913	0.00687	0.00203	0.00576	0.00761	0.00682	0.00990
26	0.00957	0.00638	0.00718	0.00718	0.00718	0.00638	0.00399	0.00957	0.00957	0.01276	0.02074	0.04308	0.02393	0.76864	0.03351	0.00638	0.00638	0.00957	0.00399	0.00399
27	0.01738	0.64828	0.09126	0.01212	0.01797	0.02446	0.01234	0.04004	0.05238	0.01733	0.01053	0.01175	0.00915	0.00593	0.00460	0.00153	0.00717	0.00391	0.00313	0.00874
28	0.01367	0.01008	0.01094	0.01030	0.01264	0.04227	0.00778	0.14628	0.01786	0.07273	0.07546	0.30042	0.20072	0.01523	0.00765	0.00232	0.00489	0.03537	0.00628	0.00711
29	0.01384	0.00817	0.00846	0.00780	0.00977	0.00855	0.00587	0.10316	0.05544	0.02564	0.02099	0.02535	0.01707	0.08614	0.00795	0.00213	0.00406	0.00654	0.57629	0.00680
30	0.01797	0.61049	0.10481	0.01261	0.01849	0.07466	0.01277	0.05151	0.01460	0.01727	0.00980	0.01123	0.00856	0.00588	0.00466	0.00152	0.00766	0.00382	0.00302	0.00865
31	0.00804	0.00585	0.00752	0.00885	0.00941	0.00540	0.00593	0.00921	0.01276	0.01678	0.03893	0.66973	0.11310	0.04348	0.00912	0.00274	0.00385	0.01793	0.00605	0.00533
32	0.01592	0.01529	0.02627	0.12173	0.50324	0.01543	0.09564	0.04480	0.01534	0.02163	0.01249	0.01645	0.01017	0.00594	0.00658	0.00196	0.00812	0.00597	0.00338	0.05364
