[name]
unknown

[dist]
# distance from previous block
# <min> <max>
0	0

[block]
# block no. 0 follows, 34 sequences, length 82
# corresponding to MSA columns:
# 0-81
name=unknown_A
#
# <colnr> <probs for GDERKNQSTAVLIFYWHMCP>
#	G	D	E	R	K	N	Q	S	T	A	V	L	I	F	Y	W	H	M	C	P
0	0.01041	0.00744	0.01041	0.01190	0.01339	0.00744	0.01041	0.01339	0.01487	0.01934	0.03421	0.07288	0.03719	0.01785	0.00892	0.00297	0.00595	0.68913	0.00595	0.00595
1	0.01220	0.01148	0.01938	0.75739	0.04450	0.01436	0.01794	0.01651	0.01292	0.01651	0.01148	0.01723	0.00861	0.00646	0.00646	0.00215	0.00861	0.00574	0.00287	0.00718
2	0.01576	0.44269	0.29596	0.01542	0.05824	0.03799	0.01632	0.01994	0.01352	0.01748	0.01015	0.01191	0.00835	0.00579	0.00505	0.00166	0.00804	0.00408	0.00279	0.00884
3	0.01884	0.01325	0.01471	0.01238	0.01588	0.01430	0.00971	0.36324	0.10802	0.07860	0.02246	0.18723	0.02035	0.05058	0.00818	0.00234	0.00581	0.00905	0.03601	0.00906
4	0.02329	0.02869	0.01794	0.01623	0.01964	0.65203	0.01224	0.04284	0.09343	0.01759	0.01185	0.01307	0.00960	0.00691	0.00592	0.00173	0.01085	0.00454	0.00375	0.00786
5	0.01372	0.01301	0.01911	0.08505	0.01961	0.01694	0.05769	0.05144	0.01163	0.01707	0.01111	0.01743	0.01038	0.04926	0.11344	0.00382	0.47288	0.00613	0.00318	0.00708
6	0.01213	0.01120	0.01867	0.63300	0.08355	0.01365	0.01678	0.01607	0.01271	0.01650	0.01231	0.01894	0.00992	0.05028	0.04652	0.00279	0.00888	0.00600	0.00298	0.00712
7	0.02073	0.01661	0.08336	0.01327	0.01794	0.01607	0.01157	0.46600	0.02441	0.06562	0.01714	0.03818	0.01322	0.04952	0.00766	0.00215	0.00658	0.00631	0.11403	0.00965
8	0.00847	0.00650	0.00776	0.00761	0.00928	0.00578	0.00565	0.01082	0.01644	0.02193	0.42059	0.11692	0.30884	0.01501	0.00768	0.00214	0.00319	0.01300	0.00660	0.00578
9	0.01353	0.01047	0.01277	0.01157	0.01440	0.01073	0.03669	0.05696	0.25398	0.06069	0.04449	0.29758	0.04399	0.01265	0.00709	0.00220	0.00485	0.01117	0.00602	0.08815
10	0.08880	0.01282	0.01510	0.05290	0.01766	0.03064	0.04607	0.21501	0.07556	0.12959	0.02505	0.15759	0.08441	0.01056	0.00674	0.00214	0.00595	0.00888	0.00591	0.00861
11	0.02414	0.03079	0.01831	0.01665	0.01998	0.74698	0.01248	0.02580	0.01831	0.01581	0.00999	0.01165	0.00832	0.00666	0.00583	0.00166	0.01165	0.00416	0.00333	0.00749
12	0.01348	0.01305	0.02292	0.50160	0.22366	0.01480	0.08271	0.01777	0.01361	0.01810	0.01181	0.01692	0.00915	0.00618	0.00655	0.00209	0.00858	0.00592	0.00299	0.00812
13	0.01806	0.01248	0.01460	0.01096	0.01629	0.01097	0.00885	0.11178	0.08237	0.15988	0.01604	0.01630	0.01192	0.00615	0.00550	0.00140	0.00526	0.00492	0.00522	0.48105
14	0.01332	0.01074	0.01144	0.01016	0.01288	0.03755	0.00788	0.12987	0.15469	0.02655	0.31335	0.03900	0.16580	0.01169	0.00710	0.00205	0.00446	0.00985	0.02400	0.00762
15	0.00921	0.00682	0.00849	0.00792	0.00960	0.00617	0.00584	0.01180	0.01680	0.02343	0.54787	0.04759	0.13561	0.08159	0.00975	0.00238	0.00346	0.01130	0.00652	0.04787
16	0.01534	0.01388	0.01342	0.01195	0.01538	0.08147	0.00926	0.07126	0.41082	0.02484	0.07230	0.03014	0.14680	0.00995	0.00667	0.00206	0.00539	0.00815	0.00607	0.04486
17	0.00880	0.00715	0.00740	0.00713	0.00923	0.00636	0.00528	0.04759	0.01527	0.01870	0.09316	0.05707	0.59033	0.08608	0.00992	0.00254	0.00375	0.01272	0.00589	0.00565
18	0.01892	0.01588	0.01804	0.01493	0.01923	0.05634	0.07574	0.17682	0.43319	0.06578	0.02184	0.02087	0.01612	0.00809	0.00660	0.00210	0.00645	0.00680	0.00614	0.01014
19	0.02181	0.08776	0.02463	0.01702	0.02254	0.01857	0.17512	0.41427	0.02388	0.08950	0.01505	0.01596	0.01083	0.00696	0.00648	0.00193	0.00779	0.00603	0.00543	0.02842
20	0.01815	0.01577	0.01544	0.01358	0.01741	0.08418	0.01061	0.10088	0.56082	0.05360	0.02368	0.02201	0.01766	0.00844	0.00649	0.00211	0.00593	0.00683	0.00631	0.01008
21	0.08518	0.00777	0.00921	0.00856	0.01048	0.00763	0.00650	0.05417	0.01781	0.02614	0.54921	0.09104	0.07650	0.01280	0.00726	0.00207	0.00353	0.01109	0.00667	0.00639
22	0.00923	0.00692	0.01038	0.01038	0.01154	0.00808	0.00808	0.01154	0.01038	0.01500	0.01731	0.02538	0.01615	0.04846	0.74732	0.01038	0.01731	0.00692	0.00346	0.00577
23	0.01864	0.62799	0.03076	0.01217	0.01726	0.16948	0.01134	0.02064	0.01416	0.01532	0.00918	0.01062	0.00830	0.00575	0.00448	0.00144	0.00786	0.00360	0.00288	0.00813
24	0.01220	0.01148	0.01938	0.75739	0.04450	0.01436	0.01794	0.01651	0.01292	0.01651	0.01148	0.01723	0.00861	0.00646	0.00646	0.00215	0.00861	0.00574	0.00287	0.00718
25	0.01237	0.01152	0.01931	0.57921	0.14535	0.01366	0.01712	0.01631	0.01314	0.01720	0.01383	0.08691	0.01203	0.00764	0.00662	0.00216	0.00802	0.00692	0.00321	0.00746
26	0.17612	0.01198	0.01440	0.01127	0.01610	0.01148	0.00931	0.09655	0.01827	0.53569	0.02142	0.01920	0.01382	0.00760	0.00603	0.00199	0.00556	0.00587	0.00710	0.01025
27	0.00786	0.00566	0.00745	0.00889	0.00934	0.00526	0.00595	0.00901	0.01248	0.01654	0.03695	0.73706	0.07352	0.02007	0.00822	0.00260	0.00373	0.01816	0.00600	0.00526
28	0.01657	0.68390	0.03088	0.01080	0.01595	0.04428	0.01053	0.01860	0.01343	0.01543	0.01426	0.01522	0.07540	0.00657	0.00452	0.00146	0.00671	0.00442	0.00308	0.00801
29	0.01426	0.01303	0.01135	0.01048	0.01300	0.14887	0.00794	0.08209	0.10907	0.02259	0.13537	0.09883	0.18014	0.01145	0.00669	0.00199	0.00543	0.00942	0.11086	0.00713
30	0.01935	0.07432	0.03413	0.01400	0.01721	0.45648	0.01096	0.03507	0.03812	0.01926	0.19447	0.02141	0.02216	0.00833	0.00621	0.00177	0.00881	0.00617	0.00440	0.00738
31	0.02511	0.01722	0.01885	0.01445	0.01960	0.01873	0.01194	0.62679	0.02891	0.12709	0.01675	0.01632	0.01161	0.00779	0.00647	0.00195	0.00691	0.00590	0.00665	0.01099
32	0.04732	0.35544	0.10274	0.01502	0.05776	0.17152	0.01320	0.11310	0.03356	0.02038	0.01093	0.01231	0.00898	0.00623	0.00519	0.00166	0.00813	0.00428	0.00353	0.00873
33	0.00814	0.00667	0.00775	0.05197	0.01110	0.00602	0.00604	0.01001	0.01461	0.01825	0.13739	0.19170	0.47529	0.01612	0.00768	0.00225	0.00365	0.01383	0.00595	0.00560
34	0.01340	0.01148	0.01340	0.00957	0.01531	0.00861	0.00766	0.01627	0.01340	0.02105	0.01148	0.01340	0.00957	0.00479	0.00479	0.00096	0.00479	0.00383	0.00383	0.81242
35	0.00787	0.00562	0.00750	0.00900	0.00937	0.00525	0.00600	0.00900	0.01237	0.01649	0.03561	0.76871	0.04274	0.02024	0.00825	0.00262	0.00375	0.01837	0.00600	0.00525
36	0.00781	0.00655	0.00678	0.00673	0.00883	0.00553	0.00504	0.00961	0.01513	0.01842	0.14112	0.06060	0.65373	0.01600	0.00763	0.00216	0.00325	0.01341	0.00613	0.00553
37	0.02416	0.03004	0.01837	0.01654	0.01998	0.70364	0.01247	0.06666	0.01903	0.01730	0.01032	0.01188	0.00848	0.00672	0.00586	0.00168	0.01138	0.00426	0.00352	0.00770
38	0.02412	0.01788	0.01914	0.01478	0.01987	0.01983	0.01217	0.67579	0.06639	0.04001	0.01608	0.01596	0.01144	0.00781	0.00647	0.00195	0.00701	0.00589	0.00647	0.01095
39	0.00787	0.00562	0.00750	0.00900	0.00937	0.00525	0.00600	0.00900	0.01237	0.01649	0.03561	0.76871	0.04274	0.02024	0.00825	0.00262	0.00375	0.01837	0.00600	0.00525
40	0.02414	0.03079	0.01831	0.01665	0.01998	0.74698	0.01248	0.02580	0.01831	0.01581	0.00999	0.01165	0.00832	0.00666	0.00583	0.00166	0.01165	0.00416	0.00333	0.00749
41	0.01456	0.01691	0.08573	0.01649	0.01780	0.08881	0.01435	0.01665	0.01110	0.01598	0.00969	0.01484	0.00911	0.01365	0.08228	0.00331	0.55304	0.00554	0.00292	0.00723
42	0.00787	0.00562	0.00750	0.00900	0.00937	0.00525	0.00600	0.00900	0.01237	0.01649	0.03561	0.76871	0.04274	0.02024	0.00825	0.00262	0.00375	0.01837	0.00600	0.00525
43	0.01736	0.01359	0.01465	0.01298	0.01677	0.01542	0.01015	0.03405	0.65110	0.09763	0.02622	0.02390	0.01935	0.00869	0.00657	0.00217	0.00515	0.00722	0.00672	0.01030
44	0.00993	0.00696	0.01002	0.00990	0.01101	0.00784	0.00748	0.01188	0.01051	0.03913	0.01806	0.02790	0.01729	0.15979	0.61103	0.00946	0.01519	0.00729	0.00369	0.00566
45	0.00831	0.00633	0.00932	0.01008	0.01083	0.00591	0.04792	0.00969	0.01254	0.01674	0.03427	0.72392	0.04077	0.01936	0.00821	0.00260	0.00417	0.01773	0.00584	0.00545
46	0.01372	0.01121	0.01199	0.01097	0.01393	0.01242	0.00846	0.02637	0.46816	0.02555	0.13721	0.03185	0.10136	0.01013	0.00664	0.00210	0.00439	0.00852	0.08636	0.00867
47	0.02423	0.01672	0.01819	0.01403	0.01896	0.01822	0.01156	0.60639	0.02827	0.10448	0.01677	0.01663	0.01179	0.00777	0.00635	0.00192	0.00672	0.00589	0.05444	0.01069
48	0.02365	0.02854	0.01817	0.01626	0.01977	0.63363	0.01232	0.08809	0.06541	0.01879	0.01155	0.01282	0.00931	0.00690	0.00593	0.00172	0.01081	0.00452	0.00382	0.00798
49	0.02456	0.01810	0.01939	0.01487	0.02004	0.02004	0.01228	0.71107	0.03038	0.04072	0.01551	0.01551	0.01099	0.00776	0.00646	0.00194	0.00711	0.00582	0.00646	0.01099
50	0.13802	0.01569	0.12284	0.01245	0.01776	0.01296	0.01149	0.13772	0.06434	0.28461	0.06062	0.01924	0.01527	0.00757	0.00605	0.00195	0.00609	0.00591	0.00600	0.05343
51	0.01443	0.01348	0.02262	0.03376	0.59346	0.01341	0.01717	0.01775	0.01426	0.02022	0.01667	0.16082	0.01649	0.00854	0.00675	0.00205	0.00692	0.00818	0.00374	0.00928
52	0.00932	0.00726	0.00854	0.00810	0.01003	0.00682	0.00611	0.01334	0.08251	0.02338	0.45740	0.05035	0.26523	0.01378	0.00753	0.00209	0.00331	0.01188	0.00672	0.00628
53	0.01220	0.01148	0.01938	0.75739	0.04450	0.01436	0.01794	0.01651	0.01292	0.01651	0.01148	0.01723	0.00861	0.00646	0.00646	0.00215	0.00861	0.00574	0.00287	0.00718
54	0.01325	0.08267	0.69270	0.01793	0.02721	0.01571	0.02302	0.02039	0.01361	0.02011	0.01142	0.01342	0.00819	0.00610	0.00601	0.00200	0.00937	0.00469	0.00273	0.00947
55	0.01613	0.01296	0.01390	0.01243	0.01601	0.01460	0.00969	0.03174	0.60431	0.07308	0.05248	0.02730	0.06792	0.00937	0.00668	0.00217	0.00495	0.00782	0.00665	0.00982
56	0.00868	0.00662	0.00805	0.00822	0.00987	0.00600	0.00633	0.01103	0.01593	0.02098	0.31817	0.12335	0.29664	0.01571	0.00789	0.00229	0.00364	0.11839	0.00643	0.00576
57	0.02728	0.01374	0.01669	0.01280	0.01786	0.01357	0.01057	0.29402	0.02309	0.46807	0.02164	0.01949	0.01406	0.00790	0.00648	0.00198	0.00612	0.00623	0.00740	0.01099
58	0.03769	0.05805	0.08464	0.06468	0.02201	0.42534	0.03701	0.05319	0.11937	0.01934	0.01286	0.01428	0.01011	0.00684	0.00598	0.00183	0.00976	0.00492	0.00383	0.00826
59	0.01727	0.77681	0.03386	0.01106	0.01658	0.02557	0.01106	0.01935	0.01313	0.01520	0.00898	0.01036	0.00829	0.00553	0.00415	0.00138	0.00691	0.00345	0.00276	0.00829
60	0.81856	0.01250	0.00950	0.00850	0.01250	0.01449	0.00700	0.01899	0.01100	0.02899	0.00900	0.01050	0.00700	0.00600	0.00400	0.00200	0.00500	0.00350	0.00400	0.00700
61	0.02759	0.01158	0.01516	0.01180	0.01668	0.01058	0.00969	0.06220	0.08434	0.63988	0.02512	0.02190	0.01612	0.00806	0.00650	0.00201	0.00553	0.00654	0.00780	0.01092
62	0.00802	0.00573	0.00767	0.00917	0.00961	0.00538	0.00626	0.00926	0.01252	0.01666	0.03553	0.72722	0.04240	0.02010	0.00829	0.00264	0.00388	0.05836	0.00600	0.00529
63	0.01295	0.10881	0.52899	0.01729	0.06257	0.01493	0.01984	0.01895	0.01392	0.01985	0.04293	0.01926	0.07805	0.00727	0.00613	0.00198	0.00833	0.00577	0.00323	0.00894
64	0.01220	0.01148	0.01938	0.75739	0.04450	0.01436	0.01794	0.01651	0.01292	0.01651	0.01148	0.01723	0.00861	0.00646	0.00646	0.00215	0.00861	0.00574	0.00287	0.00718
65	0.00786	0.00568	0.00744	0.00885	0.00933	0.00526	0.00593	0.00901	0.01251	0.01655	0.03739	0.72658	0.08371	0.02001	0.00821	0.00260	0.00372	0.01809	0.00600	0.00526
66	0.00898	0.00663	0.00841	0.00806	0.00968	0.00606	0.00611	0.01182	0.01761	0.02437	0.60027	0.05142	0.15848	0.01388	0.00768	0.00210	0.00321	0.04232	0.00690	0.00600
67	0.04876	0.01624	0.01825	0.01425	0.01883	0.01795	0.01176	0.49172	0.04414	0.15580	0.01664	0.01656	0.01171	0.00810	0.00777	0.00204	0.07682	0.00589	0.00631	0.01048
68	0.00773	0.00658	0.00668	0.00673	0.00889	0.00552	0.00510	0.00942	0.01473	0.01752	0.06436	0.06256	0.70560	0.01642	0.00768	0.00221	0.00337	0.03743	0.00600	0.00547
69	0.00811	0.00579	0.00777	0.00927	0.00975	0.00545	0.00641	0.00941	0.01260	0.01676	0.03548	0.70401	0.04222	0.02002	0.00831	0.00266	0.00395	0.08074	0.00599	0.00531
70	0.01438	0.01461	0.02182	0.16957	0.09062	0.04487	0.07478	0.01696	0.01172	0.01671	0.00988	0.01512	0.00878	0.00914	0.01512	0.00251	0.44714	0.00580	0.00293	0.00754
71	0.10159	0.23578	0.12007	0.01387	0.01906	0.20251	0.01284	0.16317	0.01784	0.02294	0.01122	0.01253	0.00890	0.00645	0.00531	0.00172	0.00821	0.00436	0.02298	0.00863
72	0.01204	0.00602	0.00602	0.00602	0.00753	0.00602	0.00452	0.01506	0.01355	0.02409	0.02108	0.02409	0.01656	0.00753	0.00452	0.00151	0.00301	0.00602	0.80879	0.00602
73	0.01287	0.01246	0.01545	0.01399	0.01482	0.08217	0.01128	0.01471	0.01090	0.01533	0.01256	0.01893	0.01189	0.02747	0.34417	0.00610	0.35912	0.00608	0.00316	0.00653
74	0.00811	0.00615	0.00709	0.00763	0.00871	0.00555	0.00519	0.00933	0.01306	0.01662	0.07816	0.32135	0.31420	0.15402	0.01241	0.00308	0.00398	0.01454	0.00568	0.00513
75	0.02054	0.03817	0.01756	0.01349	0.01838	0.13956	0.01086	0.33036	0.08356	0.02933	0.01426	0.01490	0.01085	0.00680	0.00585	0.00163	0.00707	0.00507	0.00513	0.22663
76	0.00857	0.00669	0.00912	0.00955	0.01062	0.00629	0.03095	0.01009	0.01305	0.01741	0.07452	0.56354	0.12607	0.01801	0.00839	0.00247	0.02744	0.01610	0.00578	0.03534
77	0.01306	0.08252	0.01593	0.01328	0.04926	0.03042	0.03514	0.01562	0.05777	0.04035	0.01696	0.07439	0.01714	0.23766	0.10369	0.00440	0.17424	0.00771	0.00389	0.00656
78	0.03083	0.16304	0.45015	0.01730	0.05033	0.06510	0.03479	0.04398	0.03327	0.02039	0.02699	0.01412	0.00984	0.00631	0.00582	0.00190	0.00875	0.00483	0.00315	0.00914
79	0.00974	0.00689	0.00846	0.00901	0.01009	0.00674	0.00633	0.04740	0.05206	0.01875	0.06552	0.46857	0.11479	0.01778	0.00938	0.07845	0.00405	0.01446	0.04585	0.00569
80	0.01026	0.00778	0.01014	0.00971	0.01178	0.00699	0.03256	0.03349	0.01372	0.01937	0.04452	0.41586	0.06614	0.01470	0.00716	0.00215	0.00433	0.04975	0.07783	0.16176
81	0.08420	0.29539	0.09162	0.01417	0.01910	0.09107	0.12381	0.01904	0.01373	0.03836	0.01462	0.03460	0.04301	0.05951	0.03036	0.00234	0.00812	0.00572	0.00347	0.00779

[dist]
# distance from previous block
# <min> <max>
4	11

[block]
# block no. 1 follows, 34 sequences, length 81
# corresponding to MSA columns:
# 93-173
name=unknown_B
#
# <colnr> <probs for GDERKNQSTAVLIFYWHMCP>
#	G	D	E	R	K	N	Q	S	T	A	V	L	I	F	Y	W	H	M	C	P
0	0.09549	0.05248	0.01752	0.01458	0.05721	0.15663	0.03489	0.24976	0.01975	0.02632	0.03614	0.01924	0.04219	0.07530	0.00833	0.00219	0.00740	0.00588	0.00472	0.07398
1	0.06257	0.04074	0.09151	0.16160	0.14415	0.18219	0.03726	0.05015	0.07557	0.02059	0.04226	0.01654	0.01193	0.00694	0.00658	0.00197	0.02974	0.00554	0.00373	0.00844
2	0.01261	0.01394	0.10176	0.01451	0.01616	0.01454	0.01275	0.03714	0.03677	0.01777	0.01800	0.17746	0.01907	0.03727	0.01501	0.00276	0.37233	0.06907	0.00403	0.00702
3	0.08728	0.01914	0.12276	0.05159	0.17935	0.16082	0.01417	0.04452	0.07295	0.02099	0.01817	0.07942	0.06225	0.00825	0.00624	0.00197	0.00762	0.00673	0.00404	0.03174
4	0.01415	0.01347	0.01585	0.29492	0.02644	0.10665	0.01289	0.04713	0.07794	0.01997	0.07966	0.02732	0.03799	0.00896	0.00705	0.00207	0.02726	0.08918	0.00433	0.08677
5	0.01685	0.01018	0.04245	0.07113	0.01623	0.00883	0.00928	0.04561	0.01693	0.26593	0.18514	0.10594	0.09905	0.01120	0.00703	0.00209	0.00503	0.03311	0.00646	0.04152
6	0.01444	0.16847	0.10946	0.12950	0.11712	0.01671	0.24825	0.01873	0.01400	0.01867	0.01358	0.07659	0.01188	0.00693	0.00649	0.00200	0.00863	0.00684	0.00326	0.00841
7	0.01629	0.07047	0.11446	0.10828	0.07814	0.08312	0.06256	0.14408	0.07836	0.02330	0.03982	0.05079	0.03807	0.00852	0.00660	0.00206	0.00770	0.05427	0.00447	0.00864
8	0.00885	0.00690	0.00813	0.00829	0.01002	0.00637	0.00630	0.01181	0.05067	0.02051	0.25179	0.15707	0.32213	0.01577	0.00781	0.00229	0.00367	0.08938	0.00635	0.00591
9	0.01317	0.01158	0.09369	0.03619	0.10982	0.00988	0.01078	0.04083	0.03029	0.04921	0.04548	0.08179	0.01654	0.04644	0.03235	0.27394	0.03774	0.00714	0.04680	0.00634
10	0.01414	0.01334	0.02287	0.36213	0.26743	0.01462	0.08711	0.04671	0.01461	0.01966	0.01368	0.02080	0.01144	0.00701	0.00673	0.00213	0.00828	0.05550	0.00339	0.00841
11	0.01452	0.09704	0.26896	0.07768	0.08718	0.01658	0.30548	0.02011	0.01429	0.01980	0.01199	0.01534	0.00906	0.00579	0.00660	0.00203	0.00963	0.00597	0.00300	0.00896
12	0.01522	0.01427	0.02392	0.30569	0.36856	0.01543	0.06604	0.07496	0.01535	0.02096	0.01224	0.01651	0.00966	0.00616	0.00651	0.00203	0.00820	0.00589	0.00335	0.00905
13	0.01513	0.01613	0.04835	0.15786	0.33103	0.08121	0.09766	0.01946	0.04141	0.01949	0.01669	0.01991	0.06860	0.00710	0.00707	0.00203	0.03213	0.00649	0.00349	0.00875
14	0.00937	0.00739	0.01095	0.02653	0.01252	0.00737	0.06336	0.01109	0.01261	0.01704	0.03126	0.47612	0.06321	0.07878	0.01071	0.00286	0.04254	0.07477	0.03586	0.00565
15	0.02764	0.01136	0.01504	0.01160	0.01644	0.01019	0.00955	0.08590	0.01945	0.64490	0.05976	0.02277	0.01783	0.00824	0.00655	0.00200	0.00551	0.00670	0.00783	0.01075
16	0.00933	0.00693	0.00987	0.07122	0.01399	0.00711	0.00887	0.01155	0.01318	0.01744	0.03130	0.36701	0.03520	0.02098	0.08125	0.00349	0.00633	0.27375	0.00547	0.00573
17	0.01132	0.00774	0.00856	0.00850	0.01005	0.03760	0.00647	0.01371	0.01385	0.04310	0.09115	0.11994	0.12192	0.01716	0.11214	0.00317	0.02924	0.04287	0.29541	0.00607
18	0.06713	0.01258	0.01565	0.01206	0.01705	0.01198	0.00996	0.17496	0.02064	0.55440	0.02256	0.02005	0.01449	0.00785	0.00637	0.00199	0.00582	0.00621	0.00747	0.01080
19	0.01122	0.00561	0.00842	0.00842	0.00842	0.00561	0.00561	0.00842	0.00842	0.01122	0.01122	0.01964	0.01122	0.02245	0.02525	0.81201	0.00561	0.00561	0.00281	0.00281
20	0.01570	0.01611	0.06153	0.06585	0.67136	0.01530	0.01996	0.01974	0.01459	0.02090	0.01210	0.01592	0.01007	0.00580	0.00639	0.00193	0.00781	0.00571	0.00316	0.01008
21	0.01122	0.00561	0.00842	0.00842	0.00842	0.00561	0.00561	0.00842	0.00842	0.01122	0.01122	0.01964	0.01122	0.02245	0.02525	0.81201	0.00561	0.00561	0.00281	0.00281
22	0.01567	0.01347	0.01426	0.01294	0.01643	0.01554	0.01002	0.03308	0.68587	0.02651	0.02676	0.06096	0.02086	0.00933	0.00666	0.00221	0.00505	0.00785	0.00655	0.00998
23	0.00787	0.00562	0.00750	0.00900	0.00937	0.00525	0.00600	0.00900	0.01237	0.01649	0.03561	0.76871	0.04274	0.02024	0.00825	0.00262	0.00375	0.01837	0.00600	0.00525
24	0.06527	0.01116	0.01408	0.01116	0.01570	0.01042	0.00912	0.04954	0.08794	0.55311	0.02411	0.02162	0.01582	0.00793	0.00622	0.00198	0.00528	0.00637	0.07286	0.01032
25	0.00918	0.00625	0.00744	0.00763	0.00779	0.00631	0.00460	0.00956	0.00988	0.01329	0.02206	0.13575	0.02529	0.60290	0.10012	0.00619	0.00702	0.01033	0.00414	0.00427
26	0.01525	0.01743	0.03813	0.02723	0.03377	0.01634	0.70915	0.02070	0.01525	0.02070	0.01307	0.01743	0.00980	0.00545	0.00763	0.00218	0.01089	0.00763	0.00327	0.00871
27	0.01204	0.00602	0.00602	0.00602	0.00753	0.00602	0.00452	0.01506	0.01355	0.02409	0.02108	0.02409	0.01656	0.00753	0.00452	0.00151	0.00301	0.00602	0.80879	0.00602
28	0.00787	0.00562	0.00750	0.00900	0.00937	0.00525	0.00600	0.00900	0.01237	0.01649	0.03561	0.76871	0.04274	0.02024	0.00825	0.00262	0.00375	0.01837	0.00600	0.00525
29	0.00909	0.00660	0.00856	0.00807	0.00962	0.00607	0.00606	0.01209	0.01817	0.02562	0.70603	0.04875	0.08433	0.01332	0.00762	0.00204	0.00306	0.01175	0.00707	0.00607
30	0.00787	0.00562	0.00750	0.00900	0.00937	0.00525	0.00600	0.00900	0.01237	0.01649	0.03561	0.76871	0.04274	0.02024	0.00825	0.00262	0.00375	0.01837	0.00600	0.00525
31	0.01607	0.01388	0.01461	0.01315	0.01680	0.01607	0.01023	0.03433	0.72094	0.02703	0.02630	0.02411	0.01972	0.00877	0.00657	0.00219	0.00511	0.00731	0.00657	0.01023
32	0.81856	0.01250	0.00950	0.00850	0.01250	0.01449	0.00700	0.01899	0.01100	0.02899	0.00900	0.01050	0.00700	0.00600	0.00400	0.00200	0.00500	0.00350	0.00400	0.00700
33	0.01676	0.01422	0.01500	0.01329	0.01707	0.01639	0.01039	0.08947	0.66468	0.02814	0.02542	0.02341	0.01901	0.00868	0.00657	0.00217	0.00528	0.00718	0.00657	0.01029
34	0.01220	0.01148	0.01938	0.75739	0.04450	0.01436	0.01794	0.01651	0.01292	0.01651	0.01148	0.01723	0.00861	0.00646	0.00646	0.00215	0.00861	0.00574	0.00287	0.00718
35	0.81856	0.01250	0.00950	0.00850	0.01250	0.01449	0.00700	0.01899	0.01100	0.02899	0.00900	0.01050	0.00700	0.00600	0.00400	0.00200	0.00500	0.00350	0.00400	0.00700
36	0.01695	0.01426	0.01512	0.01318	0.01711	0.01617	0.01034	0.11384	0.60388	0.02836	0.02428	0.02256	0.01818	0.00845	0.00647	0.00210	0.00533	0.00696	0.00643	0.05002
37	0.01416	0.02764	0.54616	0.01773	0.02592	0.01383	0.08185	0.02050	0.01409	0.07864	0.01439	0.06277	0.01122	0.00708	0.00639	0.00205	0.00880	0.00600	0.00345	0.03733
38	0.06533	0.06997	0.10843	0.01936	0.07030	0.01380	0.27950	0.01815	0.01379	0.04931	0.01664	0.09683	0.01533	0.07170	0.03482	0.00276	0.00857	0.03365	0.00385	0.00792
39	0.00815	0.00694	0.00708	0.00706	0.00929	0.00605	0.00537	0.01067	0.04994	0.01800	0.06241	0.06066	0.67041	0.01604	0.00763	0.00221	0.00346	0.03689	0.00603	0.00571
40	0.01220	0.01148	0.01938	0.75739	0.04450	0.01436	0.01794	0.01651	0.01292	0.01651	0.01148	0.01723	0.00861	0.00646	0.00646	0.00215	0.00861	0.00574	0.00287	0.00718
41	0.01630	0.02022	0.17631	0.08761	0.39917	0.08211	0.05380	0.02078	0.01486	0.04991	0.01239	0.01551	0.00972	0.00605	0.00636	0.00196	0.00858	0.00553	0.00329	0.00955
42	0.01544	0.01589	0.03039	0.08431	0.41318	0.01567	0.28799	0.01994	0.01480	0.02063	0.01246	0.01664	0.00996	0.00568	0.00688	0.00204	0.00899	0.00648	0.00320	0.00943
43	0.00897	0.00656	0.00842	0.00804	0.00957	0.00601	0.00600	0.01182	0.01775	0.02483	0.64632	0.07932	0.11472	0.01376	0.00765	0.00207	0.00310	0.01212	0.00698	0.00601
44	0.01092	0.00698	0.00912	0.00837	0.01013	0.00641	0.00629	0.01377	0.01787	0.08840	0.63163	0.04564	0.05512	0.05035	0.00877	0.00224	0.00343	0.01111	0.00703	0.00642
45	0.01729	0.01633	0.11206	0.01688	0.08873	0.01530	0.01369	0.26983	0.01946	0.05163	0.01857	0.12088	0.01719	0.01051	0.00894	0.00227	0.11114	0.07531	0.00509	0.00892
46	0.02434	0.01550	0.01749	0.01353	0.01836	0.01644	0.01113	0.49518	0.02661	0.20240	0.07599	0.01970	0.01623	0.00826	0.00657	0.00196	0.00640	0.00645	0.00688	0.01059
47	0.81856	0.01250	0.00950	0.00850	0.01250	0.01449	0.00700	0.01899	0.01100	0.02899	0.00900	0.01050	0.00700	0.00600	0.00400	0.00200	0.00500	0.00350	0.00400	0.00700
48	0.00879	0.00662	0.00815	0.00786	0.00956	0.00598	0.00596	0.01146	0.01719	0.02337	0.52204	0.05303	0.23970	0.01425	0.00768	0.00211	0.00323	0.04035	0.00677	0.00592
49	0.00798	0.00630	0.00720	0.00762	0.00915	0.00552	0.00552	0.00968	0.01451	0.01837	0.14673	0.27349	0.41594	0.01713	0.00785	0.00231	0.00344	0.02962	0.00615	0.00549
50	0.01519	0.01255	0.01436	0.01042	0.01607	0.01045	0.00840	0.12773	0.01612	0.02421	0.01213	0.01374	0.00980	0.00526	0.00505	0.00111	0.00516	0.00415	0.00425	0.68386
51	0.00809	0.00634	0.00732	0.00755	0.00912	0.00557	0.00548	0.00997	0.01509	0.01943	0.23150	0.22923	0.38934	0.01648	0.00778	0.00225	0.00333	0.01427	0.00629	0.00557
52	0.00788	0.00584	0.00737	0.00850	0.00926	0.00532	0.00580	0.00918	0.01306	0.01707	0.07001	0.60636	0.17230	0.01922	0.00811	0.00252	0.00363	0.01720	0.00604	0.00532
53	0.02669	0.01063	0.01435	0.01120	0.01582	0.00932	0.00918	0.02964	0.03610	0.64853	0.09551	0.02466	0.02056	0.00853	0.00661	0.00201	0.00524	0.00703	0.00787	0.01049
54	0.01607	0.01388	0.01461	0.01315	0.01680	0.01607	0.01023	0.03433	0.72094	0.02703	0.02630	0.02411	0.01972	0.00877	0.00657	0.00219	0.00511	0.00731	0.00657	0.01023
55	0.00899	0.00731	0.02767	0.00813	0.00998	0.00622	0.00636	0.01191	0.01755	0.02431	0.59560	0.04975	0.17504	0.01357	0.00758	0.00206	0.00326	0.01184	0.00680	0.00608
56	0.00793	0.00567	0.00755	0.00896	0.00938	0.00529	0.00600	0.00914	0.01263	0.01691	0.06614	0.73700	0.04354	0.01993	0.00822	0.00260	0.00372	0.01807	0.00605	0.00529
57	0.01727	0.77681	0.03386	0.01106	0.01658	0.02557	0.01106	0.01935	0.01313	0.01520	0.00898	0.01036	0.00829	0.00553	0.00415	0.00138	0.00691	0.00345	0.00276	0.00829
58	0.02414	0.03079	0.01831	0.01665	0.01998	0.74698	0.01248	0.02580	0.01831	0.01581	0.00999	0.01165	0.00832	0.00666	0.00583	0.00166	0.01165	0.00416	0.00333	0.00749
59	0.00924	0.00687	0.01014	0.01014	0.01121	0.00794	0.00777	0.01138	0.01031	0.01482	0.01753	0.02663	0.01669	0.10174	0.69477	0.01008	0.01649	0.00710	0.00349	0.00563
60	0.00841	0.00601	0.00811	0.00961	0.01022	0.00571	0.00693	0.00993	0.01290	0.01710	0.03532	0.62155	0.04156	0.01974	0.00839	0.00270	0.00421	0.16023	0.00599	0.00540
61	0.00778	0.00599	0.00712	0.00803	0.00912	0.00533	0.00557	0.00911	0.01330	0.01687	0.04735	0.49082	0.31305	0.01872	0.00801	0.00245	0.00356	0.01651	0.00600	0.00533
62	0.00911	0.00670	0.00948	0.00959	0.01051	0.00747	0.00710	0.01091	0.01048	0.01475	0.02055	0.08472	0.03941	0.17255	0.54625	0.00885	0.01397	0.00840	0.00380	0.00540
63	0.01460	0.01553	0.09277	0.01632	0.01812	0.01754	0.03837	0.03879	0.03854	0.04286	0.01139	0.01590	0.00999	0.01240	0.06141	0.00306	0.51002	0.00582	0.02892	0.00765
64	0.04917	0.01416	0.02329	0.06516	0.58674	0.01432	0.01781	0.01947	0.01455	0.04206	0.01385	0.01916	0.01180	0.00654	0.00635	0.00197	0.00726	0.03977	0.03695	0.00960
65	0.10320	0.02494	0.01821	0.07793	0.07510	0.50294	0.01305	0.02314	0.01623	0.01760	0.01006	0.01250	0.00837	0.00685	0.00687	0.00184	0.06582	0.00445	0.00331	0.00759
66	0.00942	0.00691	0.00956	0.00948	0.01023	0.00782	0.00689	0.01095	0.01005	0.01421	0.01805	0.03056	0.01832	0.28286	0.49481	0.00883	0.03454	0.00769	0.00359	0.00520
67	0.01783	0.71603	0.03259	0.01151	0.01686	0.08434	0.01117	0.01987	0.01355	0.01525	0.00906	0.01047	0.00829	0.00562	0.00428	0.00141	0.00730	0.00351	0.00281	0.00823
68	0.01022	0.00794	0.00979	0.00921	0.00944	0.00907	0.00630	0.01076	0.00998	0.01367	0.02144	0.03728	0.07760	0.51887	0.06379	0.00543	0.16173	0.00885	0.00384	0.00478
69	0.00850	0.00647	0.00745	0.00776	0.00912	0.00588	0.00562	0.01007	0.01384	0.01763	0.13113	0.15496	0.34158	0.16185	0.01270	0.00309	0.00418	0.08719	0.00573	0.00526
70	0.01773	0.05801	0.02266	0.12412	0.35291	0.16906	0.01632	0.05921	0.07925	0.02067	0.01289	0.01565	0.01041	0.00640	0.00619	0.00189	0.00833	0.00544	0.00364	0.00920
71	0.24394	0.29630	0.05122	0.01301	0.05180	0.14873	0.01089	0.01983	0.01333	0.01970	0.01011	0.01227	0.00866	0.00940	0.06515	0.00239	0.00821	0.00405	0.00329	0.00773
72	0.05134	0.02096	0.28133	0.01750	0.06498	0.01474	0.08495	0.05334	0.19907	0.08350	0.03436	0.01859	0.01365	0.00715	0.00636	0.00207	0.00747	0.00610	0.02292	0.00959
73	0.01504	0.01204	0.01605	0.01594	0.12789	0.02629	0.02908	0.03883	0.08682	0.08133	0.01571	0.01855	0.01278	0.01600	0.17741	0.00362	0.02582	0.00564	0.00431	0.27088
74	0.00827	0.00629	0.00757	0.00825	0.00945	0.00578	0.00596	0.00981	0.01341	0.01715	0.07441	0.32083	0.29058	0.08079	0.04084	0.00309	0.00453	0.08187	0.00577	0.00534
75	0.01714	0.14268	0.12472	0.03865	0.10121	0.06031	0.07080	0.15825	0.04574	0.02344	0.01377	0.03722	0.01143	0.00708	0.00637	0.00185	0.02484	0.02205	0.00405	0.08840
76	0.00932	0.00669	0.00850	0.00821	0.00888	0.00665	0.02478	0.01027	0.01122	0.01513	0.10470	0.07568	0.07723	0.48650	0.11429	0.00571	0.00706	0.01002	0.00445	0.00470
77	0.05143	0.43614	0.08488	0.01270	0.01788	0.05369	0.01214	0.09233	0.08490	0.04308	0.01212	0.01314	0.00989	0.00656	0.00578	0.00170	0.04465	0.00442	0.00376	0.00880
78	0.00903	0.00642	0.00743	0.00780	0.00833	0.00625	0.00494	0.01019	0.03369	0.01480	0.03056	0.22469	0.12014	0.44303	0.02200	0.00461	0.00521	0.03131	0.00484	0.00470
79	0.01759	0.03429	0.04586	0.06395	0.37349	0.03232	0.04505	0.15306	0.04051	0.04978	0.04931	0.01772	0.01314	0.00671	0.00642	0.00192	0.00741	0.00604	0.00428	0.03114
80	0.09969	0.01895	0.10580	0.01598	0.06826	0.09734	0.01313	0.20830	0.13628	0.09233	0.01579	0.01629	0.01165	0.00744	0.00686	0.00200	0.04675	0.00553	0.00510	0.02655

[dist]
# distance from previous block
# <min> <max>
0	5

[block]
# block no. 2 follows, 34 sequences, length 12
# corresponding to MSA columns:
# 179-190
name=unknown_C
#
# <colnr> <probs for GDERKNQSTAVLIFYWHMCP>
#	G	D	E	R	K	N	Q	S	T	A	V	L	I	F	Y	W	H	M	C	P
0	0.01212	0.00799	0.00945	0.00919	0.01105	0.00770	0.00673	0.10289	0.01599	0.08108	0.07552	0.35447	0.17716	0.04629	0.00852	0.00245	0.00426	0.01339	0.04721	0.00655
1	0.06347	0.21946	0.13358	0.01338	0.01860	0.04689	0.04643	0.05801	0.10659	0.12915	0.04092	0.06614	0.01510	0.00782	0.00586	0.00190	0.00683	0.00623	0.00471	0.00892
2	0.01807	0.01358	0.01419	0.01227	0.01544	0.05774	0.00947	0.24231	0.17648	0.08446	0.02225	0.11252	0.01992	0.13186	0.01097	0.00279	0.00623	0.03489	0.00594	0.00861
3	0.07246	0.15106	0.23880	0.06897	0.10771	0.01679	0.01608	0.07961	0.04443	0.07970	0.01317	0.01531	0.01010	0.02353	0.00692	0.00204	0.03527	0.00511	0.00382	0.00912
4	0.08270	0.16158	0.10361	0.01610	0.04347	0.12287	0.09993	0.10732	0.11789	0.02279	0.01468	0.05302	0.01215	0.00728	0.00595	0.00191	0.00787	0.00591	0.00419	0.00878
5	0.06887	0.16724	0.01630	0.01087	0.01428	0.03590	0.00918	0.13450	0.08432	0.02321	0.04444	0.03407	0.12832	0.04146	0.00743	0.00222	0.00576	0.12242	0.04156	0.00765
6	0.01060	0.00741	0.00972	0.00954	0.01063	0.00807	0.00696	0.06748	0.01208	0.01697	0.01988	0.11922	0.02028	0.19084	0.36637	0.05497	0.01109	0.00864	0.04367	0.00557
7	0.01516	0.14752	0.05969	0.04258	0.11570	0.01388	0.11210	0.01800	0.01364	0.09996	0.01778	0.08194	0.01683	0.13439	0.01131	0.00276	0.03012	0.05470	0.00416	0.00780
8	0.01128	0.03173	0.01473	0.05053	0.03034	0.00960	0.10558	0.06892	0.01433	0.01921	0.06141	0.36206	0.02983	0.09198	0.04241	0.00312	0.00632	0.03510	0.00508	0.00644
9	0.01306	0.01016	0.01376	0.01222	0.01454	0.01036	0.08045	0.17963	0.01688	0.02249	0.02732	0.30741	0.06276	0.10470	0.04065	0.00316	0.00628	0.06178	0.00548	0.00692
10	0.01548	0.01360	0.02021	0.27860	0.12747	0.01480	0.07343	0.08436	0.15970	0.04208	0.01549	0.01806	0.01172	0.00673	0.00640	0.00198	0.00734	0.00605	0.00427	0.09221
11	0.08015	0.08453	0.25203	0.06177	0.27276	0.01594	0.04715	0.04966	0.01466	0.02180	0.03339	0.01541	0.01063	0.00622	0.00603	0.00195	0.00801	0.00533	0.00332	0.00928

[dist]
# distance from previous block
# <min> <max>
17	59

[block]
# block no. 3 follows, 34 sequences, length 18
# corresponding to MSA columns:
# 272-289
name=unknown_D
#
# <colnr> <probs for GDERKNQSTAVLIFYWHMCP>
#	G	D	E	R	K	N	Q	S	T	A	V	L	I	F	Y	W	H	M	C	P
0	0.01718	0.01450	0.05218	0.05668	0.14742	0.04932	0.01227	0.13986	0.12037	0.10766	0.07513	0.02735	0.13374	0.00916	0.00670	0.00203	0.00625	0.00766	0.00550	0.00905
1	0.05193	0.01082	0.03975	0.01317	0.05023	0.01035	0.01057	0.01889	0.16937	0.02164	0.02677	0.09256	0.02663	0.01289	0.00742	0.00241	0.00566	0.32376	0.00549	0.09967
2	0.01560	0.01459	0.01648	0.05617	0.01917	0.09762	0.07918	0.07796	0.29634	0.02381	0.06321	0.03122	0.08234	0.00994	0.00700	0.00219	0.00661	0.08648	0.00557	0.00852
3	0.01217	0.01072	0.05065	0.01327	0.08148	0.04488	0.03081	0.04028	0.01478	0.05930	0.09916	0.28652	0.10057	0.07094	0.00930	0.00255	0.00539	0.03241	0.02806	0.00676
4	0.05378	0.07518	0.12097	0.01123	0.01679	0.04805	0.01045	0.01853	0.01442	0.08547	0.06851	0.01829	0.04188	0.00657	0.00543	0.00146	0.00588	0.00516	0.00428	0.38768
5	0.01842	0.01453	0.01554	0.01328	0.01721	0.01640	0.01063	0.26140	0.40979	0.03108	0.02281	0.02393	0.01757	0.00887	0.00656	0.00211	0.00572	0.04492	0.04921	0.01002
6	0.01784	0.52941	0.11129	0.01273	0.01844	0.06663	0.01268	0.08876	0.05484	0.01901	0.01095	0.01209	0.00919	0.00607	0.00484	0.00158	0.00742	0.00410	0.00337	0.00876
7	0.00911	0.00625	0.00727	0.00744	0.00768	0.00621	0.00446	0.00947	0.01009	0.01341	0.02443	0.12563	0.06458	0.60101	0.07159	0.00587	0.00647	0.01051	0.00424	0.00426
8	0.16038	0.10306	0.10233	0.03414	0.01927	0.01499	0.06613	0.13783	0.01714	0.16005	0.03768	0.01811	0.04297	0.00720	0.00581	0.00189	0.00662	0.00569	0.00496	0.05375
9	0.01623	0.32091	0.14814	0.01450	0.05820	0.01892	0.01342	0.11137	0.09683	0.02152	0.01669	0.04534	0.03591	0.00791	0.00574	0.00186	0.00695	0.04661	0.00411	0.00886
10	0.00919	0.09484	0.01033	0.00794	0.01009	0.00808	0.00612	0.01139	0.03414	0.01818	0.12389	0.20326	0.40905	0.01539	0.00733	0.00217	0.00382	0.01308	0.00577	0.00594
11	0.01122	0.00561	0.00842	0.00842	0.00842	0.00561	0.00561	0.00842	0.00842	0.01122	0.01122	0.01964	0.01122	0.02245	0.02525	0.81201	0.00561	0.00561	0.00281	0.00281
12	0.01709	0.07339	0.14260	0.01950	0.08805	0.12735	0.16733	0.13040	0.01763	0.02292	0.05297	0.05894	0.01427	0.00746	0.00651	0.00196	0.00855	0.00665	0.02772	0.00872
13	0.08074	0.08123	0.01772	0.11881	0.04147	0.06838	0.01179	0.23101	0.12353	0.02659	0.01920	0.04973	0.04939	0.00869	0.00629	0.00204	0.00681	0.04276	0.00507	0.00876
14	0.01307	0.05585	0.01300	0.01140	0.03983	0.02962	0.00829	0.08356	0.10548	0.02079	0.06073	0.13305	0.02303	0.14369	0.09786	0.00369	0.00691	0.03540	0.03975	0.07499
15	0.01928	0.05622	0.03881	0.04585	0.05237	0.08507	0.01087	0.07867	0.08709	0.22869	0.02196	0.12296	0.01881	0.03426	0.03327	0.00250	0.00687	0.04202	0.00570	0.00875
16	0.11339	0.17341	0.06215	0.01743	0.12208	0.05063	0.09190	0.05375	0.05875	0.02152	0.03790	0.03958	0.05058	0.00737	0.00623	0.00187	0.02803	0.00605	0.00394	0.05345
17	0.04109	0.06304	0.15123	0.01341	0.05132	0.03173	0.01166	0.08602	0.06560	0.02121	0.02480	0.21590	0.08921	0.01377	0.05146	0.00265	0.02030	0.00953	0.02840	0.00766

[dist]
# distance from previous block
# <min> <max>
5	84

[block]
# block no. 4 follows, 34 sequences, length 74
# corresponding to MSA columns:
# 376-449
name=unknown_E
#
# <colnr> <probs for GDERKNQSTAVLIFYWHMCP>
#	G	D	E	R	K	N	Q	S	T	A	V	L	I	F	Y	W	H	M	C	P
0	0.01737	0.22675	0.05727	0.01157	0.01613	0.03825	0.01034	0.08496	0.06013	0.12997	0.04220	0.04527	0.06013	0.01062	0.04878	0.00227	0.00678	0.03092	0.00487	0.09542
1	0.01231	0.15695	0.08120	0.01146	0.01457	0.01253	0.03218	0.06460	0.03746	0.01901	0.07407	0.17746	0.03804	0.06362	0.17144	0.00413	0.00846	0.00904	0.00446	0.00701
2	0.01633	0.09246	0.21207	0.01705	0.04991	0.12390	0.05895	0.08823	0.03955	0.02050	0.01373	0.01618	0.03288	0.00965	0.04818	0.00246	0.11468	0.00547	0.00357	0.03426
3	0.01747	0.13012	0.02088	0.10758	0.13877	0.17627	0.03080	0.05041	0.07130	0.04569	0.03857	0.01848	0.04974	0.00712	0.00597	0.00179	0.00772	0.00571	0.00402	0.07158
4	0.01103	0.00873	0.01028	0.00877	0.01181	0.00751	0.00665	0.05032	0.01561	0.02198	0.22816	0.11834	0.14519	0.04867	0.00792	0.00196	0.00413	0.00968	0.00551	0.27775
5	0.01491	0.03635	0.01355	0.01272	0.06023	0.06560	0.00915	0.09887	0.10808	0.06841	0.17079	0.15900	0.05373	0.01146	0.00689	0.00207	0.00528	0.03143	0.03989	0.03160
6	0.00804	0.00644	0.00707	0.00714	0.00888	0.00560	0.00520	0.00981	0.01486	0.01869	0.18603	0.13480	0.49037	0.05702	0.00906	0.00242	0.00344	0.01355	0.00610	0.00547
7	0.01926	0.05889	0.01805	0.01512	0.07349	0.01622	0.01142	0.40456	0.04133	0.03146	0.04058	0.09425	0.01727	0.00930	0.00656	0.00197	0.00636	0.05081	0.00571	0.07740
8	0.01207	0.00981	0.01052	0.00927	0.01228	0.00963	0.00715	0.09972	0.15018	0.02302	0.10890	0.04229	0.34116	0.04668	0.00815	0.00220	0.00435	0.01015	0.00596	0.08649
9	0.01340	0.01148	0.01340	0.00957	0.01531	0.00861	0.00766	0.01627	0.01340	0.02105	0.01148	0.01340	0.00957	0.00479	0.00479	0.00096	0.00479	0.00383	0.00383	0.81242
10	0.01220	0.01148	0.01938	0.75739	0.04450	0.01436	0.01794	0.01651	0.01292	0.01651	0.01148	0.01723	0.00861	0.00646	0.00646	0.00215	0.00861	0.00574	0.00287	0.00718
11	0.01605	0.13477	0.34920	0.12301	0.02690	0.06132	0.04609	0.06587	0.03674	0.06279	0.01268	0.01465	0.00933	0.00639	0.00599	0.00194	0.00868	0.00505	0.00348	0.00907
12	0.00937	0.00628	0.00716	0.00726	0.00732	0.00626	0.00418	0.00950	0.00967	0.01287	0.02132	0.06950	0.02459	0.72334	0.03129	0.00604	0.00616	0.02981	0.00405	0.00402
13	0.01009	0.00708	0.00873	0.00859	0.00929	0.00743	0.00576	0.05155	0.01155	0.01576	0.04942	0.10947	0.02433	0.43804	0.20879	0.00652	0.00873	0.00955	0.00429	0.00503
14	0.00862	0.00615	0.00880	0.00952	0.01014	0.00578	0.03421	0.00942	0.01197	0.01591	0.03204	0.60106	0.05650	0.04707	0.01116	0.10091	0.00434	0.01593	0.00543	0.00505
15	0.81856	0.01250	0.00950	0.00850	0.01250	0.01449	0.00700	0.01899	0.01100	0.02899	0.00900	0.01050	0.00700	0.00600	0.00400	0.00200	0.00500	0.00350	0.00400	0.00700
16	0.01389	0.01320	0.02242	0.43825	0.35047	0.01480	0.01878	0.01799	0.01372	0.01855	0.01178	0.01668	0.00933	0.00615	0.00643	0.00205	0.00820	0.00575	0.00302	0.00854
17	0.00822	0.00659	0.00737	0.00740	0.00931	0.00575	0.00564	0.01028	0.01554	0.01964	0.22566	0.08302	0.49224	0.01582	0.00775	0.00222	0.00343	0.06220	0.00627	0.00564
18	0.00828	0.00657	0.00744	0.00722	0.00912	0.00573	0.00542	0.01052	0.01625	0.02107	0.34960	0.05622	0.44360	0.01501	0.00763	0.00212	0.00318	0.01280	0.00648	0.00573
19	0.01340	0.01148	0.01340	0.00957	0.01531	0.00861	0.00766	0.01627	0.01340	0.02105	0.01148	0.01340	0.00957	0.00479	0.00479	0.00096	0.00479	0.00383	0.00383	0.81242
20	0.01564	0.01702	0.09572	0.03561	0.60704	0.01550	0.01960	0.02041	0.04641	0.02113	0.01262	0.01607	0.01040	0.00612	0.00687	0.00197	0.03279	0.00573	0.00329	0.01006
21	0.06195	0.05716	0.02421	0.01792	0.02200	0.01341	0.31869	0.04539	0.01460	0.06471	0.01984	0.23615	0.01954	0.01032	0.00789	0.00226	0.04169	0.01005	0.00448	0.00773
22	0.01727	0.77681	0.03386	0.01106	0.01658	0.02557	0.01106	0.01935	0.01313	0.01520	0.00898	0.01036	0.00829	0.00553	0.00415	0.00138	0.00691	0.00345	0.00276	0.00829
23	0.01727	0.77681	0.03386	0.01106	0.01658	0.02557	0.01106	0.01935	0.01313	0.01520	0.00898	0.01036	0.00829	0.00553	0.00415	0.00138	0.00691	0.00345	0.00276	0.00829
24	0.00867	0.00652	0.00803	0.00780	0.00940	0.00587	0.00579	0.01122	0.01695	0.02308	0.51031	0.10567	0.22793	0.01453	0.00767	0.00211	0.00316	0.01268	0.00675	0.00587
25	0.00951	0.00802	0.00843	0.00817	0.01050	0.00769	0.00616	0.01466	0.16073	0.02004	0.10786	0.09136	0.49369	0.01476	0.00745	0.00220	0.00366	0.01243	0.00621	0.00648
26	0.01122	0.00561	0.00842	0.00842	0.00842	0.00561	0.00561	0.00842	0.00842	0.01122	0.01122	0.01964	0.01122	0.02245	0.02525	0.81201	0.00561	0.00561	0.00281	0.00281
27	0.02500	0.01740	0.01896	0.01453	0.01969	0.01900	0.01201	0.64415	0.02921	0.10930	0.01650	0.01615	0.01148	0.00778	0.00647	0.00195	0.00695	0.00588	0.00661	0.01099
28	0.00814	0.00583	0.00773	0.00882	0.00943	0.00542	0.00602	0.00966	0.01359	0.01844	0.17885	0.61992	0.04650	0.01879	0.00812	0.00250	0.00360	0.01699	0.00623	0.00542
29	0.01525	0.01743	0.03813	0.02723	0.03377	0.01634	0.70915	0.02070	0.01525	0.02070	0.01307	0.01743	0.00980	0.00545	0.00763	0.00218	0.01089	0.00763	0.00327	0.00871
30	0.00787	0.00562	0.00750	0.00900	0.00937	0.00525	0.00600	0.00900	0.01237	0.01649	0.03561	0.76871	0.04274	0.02024	0.00825	0.00262	0.00375	0.01837	0.00600	0.00525
31	0.00787	0.00562	0.00750	0.00900	0.00937	0.00525	0.00600	0.00900	0.01237	0.01649	0.03561	0.76871	0.04274	0.02024	0.00825	0.00262	0.00375	0.01837	0.00600	0.00525
32	0.02899	0.01100	0.01499	0.01150	0.01649	0.00950	0.00950	0.03149	0.01849	0.73709	0.02549	0.02199	0.01599	0.00800	0.00650	0.00200	0.00550	0.00650	0.00800	0.01100
33	0.00940	0.00626	0.00705	0.00705	0.00705	0.00626	0.00392	0.00940	0.00940	0.01253	0.02036	0.04228	0.02349	0.77292	0.03289	0.00626	0.00626	0.00940	0.00392	0.00392
34	0.00786	0.00626	0.00705	0.00748	0.00902	0.00545	0.00537	0.00947	0.01432	0.01797	0.12034	0.28581	0.44625	0.01729	0.00783	0.00231	0.00340	0.01495	0.00611	0.00545
35	0.02281	0.01723	0.01840	0.01451	0.01937	0.01922	0.01186	0.57131	0.17299	0.03789	0.01774	0.01729	0.01279	0.00796	0.00649	0.00199	0.00670	0.00612	0.00649	0.01083
36	0.01599	0.01535	0.02623	0.03966	0.73262	0.01535	0.01983	0.01983	0.01471	0.02111	0.01215	0.01599	0.01023	0.00576	0.00640	0.00192	0.00768	0.00576	0.00320	0.01023
37	0.01091	0.00918	0.01073	0.01056	0.01192	0.08063	0.00811	0.01313	0.01136	0.01567	0.01697	0.02451	0.01566	0.06605	0.59501	0.00873	0.01532	0.00667	0.06298	0.00589
38	0.01697	0.01392	0.01493	0.01288	0.01693	0.01545	0.01012	0.09343	0.56341	0.05012	0.02377	0.02216	0.01777	0.00824	0.00638	0.00204	0.00527	0.00679	0.00633	0.09310
39	0.01499	0.00958	0.01338	0.01194	0.01393	0.01096	0.00959	0.05683	0.01314	0.16570	0.01747	0.02229	0.01458	0.03174	0.43403	0.00694	0.13451	0.00657	0.00447	0.00736
40	0.01098	0.00824	0.01066	0.01147	0.01322	0.00851	0.00957	0.01628	0.12939	0.02098	0.10149	0.12407	0.03719	0.01613	0.00836	0.00272	0.00533	0.45264	0.00617	0.00660
41	0.01579	0.01514	0.02586	0.07840	0.69547	0.01530	0.01973	0.01965	0.01462	0.02086	0.01212	0.01606	0.01015	0.00579	0.00640	0.00193	0.00773	0.00576	0.00318	0.01007
42	0.01627	0.01715	0.10007	0.05794	0.09224	0.04037	0.12612	0.14503	0.01711	0.02409	0.01250	0.01486	0.00968	0.00584	0.00599	0.00164	0.00746	0.00522	0.00397	0.29647
43	0.01402	0.01448	0.05856	0.01769	0.07176	0.04354	0.14250	0.06540	0.08305	0.02053	0.04241	0.09164	0.06374	0.01409	0.08961	0.00316	0.14353	0.00814	0.00428	0.00789
