[name]
unknown

[dist]
# distance from previous block
# <min> <max>
0	13

[block]
# block no. 0 follows, 34 sequences, length 35
# corresponding to MSA columns:
# 13-47
name=unknown_A
#
# <colnr> <probs for GDERKNQSTAVLIFYWHMCP>
#	G	D	E	R	K	N	Q	S	T	A	V	L	I	F	Y	W	H	M	C	P
0	0.00856	0.00599	0.00766	0.00866	0.00903	0.00580	0.00575	0.00951	0.01160	0.01546	0.03038	0.47712	0.03576	0.24818	0.03683	0.00397	0.00506	0.06449	0.00529	0.00491
1	0.00923	0.00692	0.01038	0.01038	0.01154	0.00808	0.00808	0.01154	0.01038	0.01500	0.01731	0.02538	0.01615	0.04846	0.74732	0.01038	0.01731	0.00692	0.00346	0.00577
2	0.02489	0.01758	0.01907	0.01462	0.01978	0.01926	0.01208	0.66127	0.02951	0.09176	0.01624	0.01599	0.01136	0.00777	0.00647	0.00194	0.00699	0.00587	0.00658	0.01099
3	0.01531	0.43764	0.35578	0.01441	0.02178	0.02075	0.01690	0.01986	0.01336	0.01760	0.01017	0.01186	0.00824	0.00581	0.00506	0.00169	0.00811	0.00406	0.00275	0.00887
4	0.01380	0.02389	0.38812	0.05631	0.07876	0.01497	0.10587	0.02231	0.14419	0.02125	0.01485	0.01706	0.01114	0.00891	0.04816	0.00255	0.00915	0.00584	0.00359	0.00929
5	0.00799	0.00599	0.00742	0.00827	0.00925	0.00542	0.00574	0.00951	0.01377	0.01804	0.13908	0.49430	0.21509	0.01831	0.00801	0.00243	0.00353	0.01627	0.00615	0.00542
6	0.62134	0.04102	0.03380	0.01339	0.09865	0.01524	0.03084	0.01908	0.01168	0.02662	0.00955	0.01156	0.00759	0.00612	0.00504	0.00200	0.03116	0.00400	0.00376	0.00755
7	0.00788	0.00579	0.00739	0.00860	0.00928	0.00531	0.00584	0.00914	0.01291	0.01693	0.06189	0.64024	0.14624	0.01944	0.00814	0.00254	0.00366	0.01745	0.00603	0.00531
8	0.01348	0.04313	0.20166	0.01253	0.01928	0.01111	0.03733	0.01761	0.01352	0.02069	0.01149	0.01350	0.00918	0.00518	0.00521	0.00130	0.00630	0.00420	0.00349	0.54980
9	0.04057	0.01403	0.02264	0.23187	0.34668	0.01502	0.06769	0.05845	0.06535	0.02143	0.01535	0.01874	0.04031	0.00670	0.00650	0.00204	0.00769	0.00626	0.00368	0.00902
10	0.01607	0.01388	0.01461	0.01315	0.01680	0.01607	0.01023	0.03433	0.72094	0.02703	0.02630	0.02411	0.01972	0.00877	0.00657	0.00219	0.00511	0.00731	0.00657	0.01023
11	0.01792	0.70648	0.03239	0.01158	0.01690	0.09358	0.01119	0.01996	0.01362	0.01526	0.00908	0.01049	0.00829	0.00563	0.00430	0.00141	0.00736	0.00352	0.00282	0.00822
12	0.01472	0.01277	0.01508	0.08911	0.01894	0.04140	0.00975	0.04523	0.01409	0.04270	0.01175	0.01414	0.00958	0.00583	0.00657	0.00135	0.07214	0.00437	0.00385	0.56663
13	0.01537	0.03268	0.04552	0.26040	0.20353	0.03731	0.01557	0.06036	0.14847	0.04322	0.01598	0.04332	0.01281	0.00848	0.02759	0.00230	0.00771	0.00639	0.00414	0.00886
14	0.01084	0.00935	0.01486	0.34954	0.04844	0.01051	0.03715	0.03221	0.01320	0.01734	0.02219	0.33785	0.02371	0.03370	0.00800	0.00246	0.00649	0.01129	0.00435	0.00652
15	0.01122	0.00561	0.00842	0.00842	0.00842	0.00561	0.00561	0.00842	0.00842	0.01122	0.01122	0.01964	0.01122	0.02245	0.02525	0.81201	0.00561	0.00561	0.00281	0.00281
16	0.01220	0.01148	0.01938	0.75739	0.04450	0.01436	0.01794	0.01651	0.01292	0.01651	0.01148	0.01723	0.00861	0.00646	0.00646	0.00215	0.00861	0.00574	0.00287	0.00718
17	0.00787	0.00562	0.00750	0.00900	0.00937	0.00525	0.00600	0.00900	0.01237	0.01649	0.03561	0.76871	0.04274	0.02024	0.00825	0.00262	0.00375	0.01837	0.00600	0.00525
18	0.01267	0.01213	0.01742	0.50487	0.03405	0.05496	0.01507	0.01649	0.03518	0.01641	0.01472	0.02085	0.04059	0.06379	0.04060	0.00283	0.08089	0.00634	0.00324	0.00692
19	0.01361	0.01065	0.01137	0.01046	0.01325	0.01176	0.00805	0.02528	0.42027	0.02556	0.13035	0.03041	0.07712	0.00971	0.00638	0.00203	0.00424	0.00814	0.17297	0.00840
20	0.01837	0.57470	0.02938	0.01216	0.01720	0.12210	0.01122	0.04808	0.08142	0.01738	0.01101	0.01204	0.00948	0.00607	0.00469	0.00152	0.00739	0.00400	0.00334	0.00847
21	0.01544	0.09228	0.36943	0.01964	0.11974	0.01578	0.05889	0.07878	0.04488	0.04937	0.01480	0.01642	0.03391	0.00660	0.00614	0.00194	0.00821	0.00548	0.00365	0.03861
22	0.00829	0.03168	0.00853	0.00903	0.00970	0.00609	0.00623	0.00959	0.01261	0.01679	0.06271	0.66740	0.05648	0.02055	0.03882	0.00287	0.00438	0.01701	0.00583	0.00541
23	0.81856	0.01250	0.00950	0.00850	0.01250	0.01449	0.00700	0.01899	0.01100	0.02899	0.00900	0.01050	0.00700	0.00600	0.00400	0.00200	0.00500	0.00350	0.00400	0.00700
24	0.01685	0.01342	0.05910	0.48827	0.03544	0.01417	0.01603	0.10247	0.01608	0.15376	0.01458	0.01771	0.01025	0.00688	0.00645	0.00209	0.00791	0.00584	0.00425	0.00848
25	0.01337	0.03028	0.61351	0.01881	0.02743	0.01535	0.08048	0.02109	0.05345	0.02067	0.01243	0.01457	0.00898	0.00642	0.00683	0.00209	0.03662	0.00519	0.00299	0.00943
26	0.01883	0.01518	0.01825	0.18278	0.08218	0.03891	0.01338	0.26557	0.19960	0.05576	0.01741	0.01843	0.01284	0.00753	0.00643	0.00203	0.00698	0.00615	0.02208	0.00967
27	0.01122	0.00561	0.00842	0.00842	0.00842	0.00561	0.00561	0.00842	0.00842	0.01122	0.01122	0.01964	0.01122	0.02245	0.02525	0.81201	0.00561	0.00561	0.00281	0.00281
28	0.01468	0.16685	0.49970	0.01776	0.06452	0.01712	0.02002	0.07064	0.01495	0.02115	0.02867	0.01414	0.00979	0.00629	0.00585	0.00191	0.00863	0.00483	0.00314	0.00938
29	0.00923	0.00692	0.01038	0.01038	0.01154	0.00808	0.00808	0.01154	0.01038	0.01500	0.01731	0.02538	0.01615	0.04846	0.74732	0.01038	0.01731	0.00692	0.00346	0.00577
30	0.00911	0.00697	0.00812	0.00859	0.01006	0.00650	0.00621	0.06073	0.01471	0.01876	0.04572	0.40987	0.30813	0.01772	0.00791	0.00242	0.00390	0.04277	0.00603	0.00578
31	0.01880	0.09162	0.04600	0.01411	0.03750	0.06674	0.01148	0.24649	0.23082	0.02809	0.01758	0.03850	0.01377	0.00765	0.00606	0.00185	0.00654	0.00600	0.00536	0.10504
32	0.01510	0.02167	0.28844	0.01596	0.04541	0.07584	0.06052	0.07138	0.01564	0.04886	0.03237	0.07207	0.03876	0.00762	0.00624	0.00184	0.00770	0.00637	0.00398	0.16422
33	0.03788	0.11983	0.36957	0.01736	0.04767	0.03277	0.09054	0.04306	0.01500	0.10088	0.03555	0.03601	0.01192	0.00684	0.00614	0.00197	0.00833	0.00570	0.00378	0.00919
34	0.01652	0.27307	0.22587	0.03391	0.05186	0.01833	0.18456	0.02105	0.01433	0.08443	0.01238	0.01441	0.00942	0.00593	0.00589	0.00185	0.00854	0.00525	0.00338	0.00904

[dist]
# distance from previous block
# <min> <max>
2	3

[block]
# block no. 1 follows, 34 sequences, length 23
# corresponding to MSA columns:
# 51-73
name=unknown_B
#
# <colnr> <probs for GDERKNQSTAVLIFYWHMCP>
#	G	D	E	R	K	N	Q	S	T	A	V	L	I	F	Y	W	H	M	C	P
0	0.01864	0.03691	0.05005	0.06662	0.19390	0.19350	0.01473	0.13299	0.04587	0.03748	0.01432	0.01931	0.01210	0.00868	0.02303	0.00220	0.06222	0.05450	0.00412	0.00882
1	0.01522	0.51944	0.07544	0.01093	0.01581	0.05039	0.01071	0.01770	0.01411	0.01696	0.08979	0.02103	0.10443	0.00776	0.00515	0.00161	0.00644	0.00569	0.00364	0.00776
2	0.04822	0.01399	0.08571	0.01182	0.01768	0.01023	0.05869	0.03274	0.01437	0.07288	0.04132	0.01564	0.01189	0.00564	0.00535	0.00133	0.00572	0.00472	0.00417	0.53789
3	0.01506	0.01680	0.03553	0.02538	0.03183	0.01553	0.63543	0.02023	0.01506	0.02073	0.01291	0.01701	0.00978	0.00538	0.00733	0.00205	0.01025	0.00723	0.00333	0.09318
4	0.02269	0.01673	0.01786	0.01401	0.01874	0.01855	0.01147	0.58438	0.10488	0.03797	0.01712	0.01710	0.01237	0.00785	0.00633	0.00193	0.00658	0.00600	0.06693	0.01053
5	0.01929	0.01692	0.01634	0.01381	0.01801	0.10251	0.01091	0.22802	0.38875	0.02926	0.02022	0.01940	0.01514	0.00795	0.00633	0.00197	0.00644	0.00626	0.00597	0.06652
6	0.00954	0.00646	0.00808	0.00808	0.00858	0.00685	0.00534	0.01054	0.01004	0.01422	0.01940	0.03529	0.02053	0.47442	0.26813	0.00727	0.00969	0.00832	0.06453	0.00469
7	0.01618	0.01286	0.06406	0.01193	0.01566	0.01228	0.00998	0.02707	0.36975	0.14447	0.20974	0.02936	0.02912	0.00962	0.00681	0.00211	0.00495	0.00814	0.00668	0.00922
8	0.01609	0.01651	0.03174	0.05422	0.29485	0.01617	0.37943	0.06938	0.01605	0.02214	0.01285	0.01675	0.01001	0.00576	0.00705	0.00206	0.00935	0.00674	0.00346	0.00940
9	0.01132	0.00698	0.01095	0.01022	0.01071	0.00750	0.04040	0.00999	0.00915	0.01256	0.01205	0.02003	0.01172	0.02482	0.13452	0.59364	0.06076	0.00591	0.00293	0.00384
10	0.00787	0.00562	0.00750	0.00900	0.00937	0.00525	0.00600	0.00900	0.01237	0.01649	0.03561	0.76871	0.04274	0.02024	0.00825	0.00262	0.00375	0.01837	0.00600	0.00525
11	0.00787	0.00562	0.00750	0.00900	0.00937	0.00525	0.00600	0.00900	0.01237	0.01649	0.03561	0.76871	0.04274	0.02024	0.00825	0.00262	0.00375	0.01837	0.00600	0.00525
12	0.11138	0.01901	0.10787	0.06550	0.10593	0.08769	0.33840	0.02037	0.01466	0.02093	0.01271	0.01751	0.01014	0.00626	0.00670	0.00209	0.00945	0.03157	0.00337	0.00846
13	0.01565	0.14138	0.01579	0.01086	0.01409	0.04278	0.00878	0.16354	0.07799	0.05742	0.08785	0.17101	0.10044	0.01127	0.00653	0.00200	0.00536	0.00934	0.05003	0.00790
14	0.04399	0.08442	0.10596	0.06477	0.01922	0.01213	0.01092	0.05058	0.01410	0.02136	0.01137	0.01342	0.00919	0.00533	0.00507	0.00130	0.00597	0.00413	0.00366	0.51312
15	0.18721	0.29927	0.13956	0.01476	0.07784	0.07457	0.01308	0.07062	0.01454	0.02143	0.01088	0.03027	0.00920	0.00635	0.00502	0.00176	0.00729	0.00446	0.00345	0.00845
16	0.00988	0.00681	0.00759	0.00749	0.00775	0.00697	0.00437	0.01119	0.06054	0.01357	0.02079	0.04098	0.02322	0.71800	0.03100	0.00597	0.00618	0.00925	0.00411	0.00437
17	0.01392	0.01551	0.13135	0.01260	0.01859	0.01082	0.06041	0.06954	0.01479	0.02211	0.01362	0.06698	0.01180	0.00636	0.00557	0.00141	0.00609	0.00542	0.00397	0.50914
18	0.07227	0.01647	0.13545	0.06890	0.05835	0.01462	0.07068	0.04055	0.26503	0.08061	0.01842	0.01981	0.01394	0.02450	0.05264	0.00271	0.02471	0.00634	0.00484	0.00916
19	0.01420	0.01196	0.01383	0.00995	0.01565	0.00943	0.00799	0.06621	0.01462	0.02247	0.01177	0.01355	0.00967	0.00500	0.00491	0.00103	0.00495	0.00397	0.00402	0.75482
20	0.01839	0.02143	0.18307	0.03340	0.08629	0.11982	0.10617	0.11774	0.06027	0.08732	0.01451	0.01707	0.01104	0.00733	0.00776	0.00208	0.07276	0.02008	0.00423	0.00925
21	0.01437	0.01130	0.01341	0.00973	0.01527	0.00866	0.00780	0.01719	0.01366	0.07182	0.01268	0.01441	0.01025	0.00647	0.02973	0.00135	0.00525	0.00412	0.00411	0.72842
22	0.03732	0.08478	0.20362	0.03443	0.15653	0.03432	0.03107	0.04694	0.02708	0.03518	0.01945	0.16627	0.05068	0.00941	0.00646	0.00204	0.00702	0.00809	0.00407	0.03526

[dist]
# distance from previous block
# <min> <max>
0	7

[block]
# block no. 2 follows, 34 sequences, length 21
# corresponding to MSA columns:
# 81-101
name=unknown_C
#
# <colnr> <probs for GDERKNQSTAVLIFYWHMCP>
#	G	D	E	R	K	N	Q	S	T	A	V	L	I	F	Y	W	H	M	C	P
0	0.01583	0.12265	0.18732	0.01762	0.13362	0.01450	0.03270	0.04936	0.05080	0.07311	0.01416	0.04295	0.01147	0.00651	0.00576	0.00170	0.00693	0.00540	0.00395	0.20366
1	0.19965	0.19172	0.13844	0.01402	0.04764	0.16141	0.01262	0.04615	0.02899	0.02125	0.01056	0.01216	0.00851	0.00605	0.00506	0.00171	0.00766	0.00411	0.00347	0.07880
2	0.00991	0.00730	0.00938	0.03910	0.04553	0.00764	0.00624	0.01078	0.01097	0.01496	0.08995	0.10047	0.02667	0.51353	0.04001	0.00508	0.04350	0.00982	0.00427	0.00488
3	0.01951	0.04543	0.01851	0.06666	0.07437	0.09428	0.01243	0.25530	0.28978	0.02879	0.01828	0.01835	0.01372	0.00770	0.00635	0.00200	0.00696	0.00611	0.00555	0.00991
4	0.02818	0.01150	0.01521	0.01175	0.01669	0.01035	0.00968	0.06740	0.05055	0.66865	0.02500	0.02175	0.01590	0.00802	0.00650	0.00200	0.00557	0.00650	0.00785	0.01096
5	0.01477	0.01301	0.11405	0.04281	0.06376	0.01094	0.01104	0.08889	0.01395	0.10645	0.01716	0.05463	0.01569	0.18848	0.09432	0.08976	0.04168	0.00717	0.00430	0.00714
6	0.01838	0.36350	0.15574	0.04235	0.02135	0.18919	0.05063	0.02162	0.01479	0.05278	0.01082	0.01246	0.00876	0.00605	0.00528	0.00167	0.00869	0.00431	0.00318	0.00845
7	0.02707	0.01126	0.01476	0.01149	0.01629	0.01013	0.00944	0.06332	0.05366	0.63229	0.02705	0.02380	0.05169	0.00844	0.00656	0.00202	0.00545	0.00686	0.00775	0.01068
8	0.01790	0.00828	0.00988	0.00864	0.01144	0.00792	0.00678	0.02167	0.06326	0.26967	0.02351	0.05672	0.01774	0.00942	0.02505	0.00201	0.00442	0.00685	0.42086	0.00798
9	0.01062	0.01009	0.04567	0.03747	0.04386	0.01081	0.02681	0.01277	0.01139	0.01612	0.02102	0.18312	0.05399	0.06263	0.25492	0.00530	0.17380	0.00938	0.00394	0.00630
10	0.02151	0.05644	0.02150	0.01864	0.05689	0.54706	0.10401	0.02383	0.01711	0.01665	0.01085	0.01330	0.00902	0.00861	0.04507	0.00219	0.01146	0.00481	0.00330	0.00773
11	0.81856	0.01250	0.00950	0.00850	0.01250	0.01449	0.00700	0.01899	0.01100	0.02899	0.00900	0.01050	0.00700	0.00600	0.00400	0.00200	0.00500	0.00350	0.00400	0.00700
12	0.07941	0.01109	0.01464	0.01130	0.01624	0.00982	0.00934	0.03069	0.01801	0.69187	0.02444	0.02126	0.01542	0.00787	0.00634	0.00200	0.00547	0.00631	0.00774	0.01074
13	0.01996	0.01753	0.02038	0.15328	0.18381	0.11217	0.01482	0.28537	0.06423	0.04413	0.01421	0.01610	0.01070	0.00700	0.00637	0.00195	0.00794	0.00568	0.00472	0.00964
14	0.00938	0.00633	0.00737	0.00737	0.00748	0.00644	0.00431	0.00960	0.00949	0.01277	0.02007	0.04066	0.02279	0.70334	0.10150	0.00666	0.00732	0.00916	0.00387	0.00409
15	0.00915	0.00626	0.00758	0.00780	0.00801	0.00636	0.00480	0.00963	0.00997	0.01346	0.02220	0.14767	0.02533	0.56121	0.12794	0.00629	0.00742	0.01039	0.00416	0.00437
16	0.05558	0.01631	0.05353	0.09334	0.34710	0.01638	0.07180	0.17439	0.06296	0.02576	0.01364	0.01627	0.01059	0.00646	0.00640	0.00199	0.00768	0.00587	0.00414	0.00982
17	0.00947	0.00709	0.00970	0.01183	0.06557	0.00689	0.00766	0.04401	0.01359	0.01821	0.03275	0.62734	0.03834	0.01837	0.00807	0.00256	0.00436	0.06244	0.00580	0.00595
18	0.00786	0.00569	0.00743	0.00883	0.00933	0.00526	0.00592	0.00902	0.01253	0.01656	0.03764	0.72063	0.08950	0.01998	0.00821	0.00259	0.00372	0.01805	0.00600	0.00526
19	0.01525	0.01743	0.03813	0.02723	0.03377	0.01634	0.70915	0.02070	0.01525	0.02070	0.01307	0.01743	0.00980	0.00545	0.00763	0.00218	0.01089	0.00763	0.00327	0.00871
20	0.01680	0.62357	0.15265	0.01251	0.01863	0.05035	0.01328	0.01977	0.01341	0.01611	0.00946	0.01097	0.00827	0.00567	0.00454	0.00150	0.00753	0.00370	0.00278	0.00848

[dist]
# distance from previous block
# <min> <max>
0	1

[block]
# block no. 3 follows, 34 sequences, length 177
# corresponding to MSA columns:
# 103-279
name=unknown_D
#
# <colnr> <probs for GDERKNQSTAVLIFYWHMCP>
#	G	D	E	R	K	N	Q	S	T	A	V	L	I	F	Y	W	H	M	C	P
0	0.01714	0.26775	0.24697	0.03470	0.05343	0.09709	0.01578	0.02181	0.05057	0.07349	0.01224	0.01378	0.00955	0.00658	0.00645	0.00184	0.05383	0.00467	0.00344	0.00889
1	0.02412	0.01767	0.01892	0.01455	0.01960	0.01954	0.01201	0.68656	0.02979	0.04014	0.01571	0.01581	0.01118	0.00775	0.00640	0.00192	0.00697	0.00582	0.03473	0.01081
2	0.81856	0.01250	0.00950	0.00850	0.01250	0.01449	0.00700	0.01899	0.01100	0.02899	0.00900	0.01050	0.00700	0.00600	0.00400	0.00200	0.00500	0.00350	0.00400	0.00700
3	0.00929	0.00783	0.00823	0.00802	0.01038	0.00738	0.00615	0.01389	0.13394	0.01971	0.10074	0.05538	0.53265	0.01495	0.00752	0.00221	0.00370	0.04553	0.00617	0.00632
4	0.00940	0.00626	0.00705	0.00705	0.00705	0.00626	0.00392	0.00940	0.00940	0.01253	0.02036	0.04228	0.02349	0.77292	0.03289	0.00626	0.00626	0.00940	0.00392	0.00392
5	0.01340	0.01148	0.01340	0.00957	0.01531	0.00861	0.00766	0.01627	0.01340	0.02105	0.01148	0.01340	0.00957	0.00479	0.00479	0.00096	0.00479	0.00383	0.00383	0.81242
6	0.01260	0.00715	0.00658	0.00651	0.00810	0.03979	0.00488	0.01555	0.01377	0.02371	0.02057	0.02352	0.01619	0.00749	0.00458	0.00151	0.00340	0.00594	0.77209	0.00609
7	0.01562	0.01746	0.03739	0.02675	0.03323	0.01649	0.68178	0.04781	0.01584	0.02148	0.01317	0.01735	0.00985	0.00554	0.00758	0.00217	0.01074	0.00755	0.00339	0.00880
8	0.00923	0.00692	0.01038	0.01038	0.01154	0.00808	0.00808	0.01154	0.01038	0.01500	0.01731	0.02538	0.01615	0.04846	0.74732	0.01038	0.01731	0.00692	0.00346	0.00577
9	0.01580	0.01532	0.02664	0.06713	0.66523	0.01537	0.05956	0.01975	0.01467	0.02090	0.01218	0.01612	0.01015	0.00577	0.00647	0.00194	0.00790	0.00586	0.00319	0.01003
10	0.81856	0.01250	0.00950	0.00850	0.01250	0.01449	0.00700	0.01899	0.01100	0.02899	0.00900	0.01050	0.00700	0.00600	0.00400	0.00200	0.00500	0.00350	0.00400	0.00700
11	0.01340	0.01148	0.01340	0.00957	0.01531	0.00861	0.00766	0.01627	0.01340	0.02105	0.01148	0.01340	0.00957	0.00479	0.00479	0.00096	0.00479	0.00383	0.00383	0.81242
12	0.01041	0.00744	0.01041	0.01190	0.01339	0.00744	0.01041	0.01339	0.01487	0.01934	0.03421	0.07288	0.03719	0.01785	0.00892	0.00297	0.00595	0.68913	0.00595	0.00595
13	0.00940	0.00626	0.00705	0.00705	0.00705	0.00626	0.00392	0.00940	0.00940	0.01253	0.02036	0.04228	0.02349	0.77292	0.03289	0.00626	0.00626	0.00940	0.00392	0.00392
14	0.00961	0.00686	0.00949	0.01098	0.01212	0.00675	0.00902	0.01200	0.01408	0.01844	0.03465	0.29283	0.03894	0.01861	0.00871	0.00286	0.00525	0.47710	0.00596	0.00573
15	0.01667	0.01441	0.01475	0.01323	0.01691	0.04166	0.01029	0.03396	0.67910	0.04391	0.02570	0.02362	0.01923	0.00867	0.00655	0.00217	0.00535	0.00717	0.00649	0.01015
16	0.00778	0.00655	0.00675	0.00670	0.00882	0.00552	0.00503	0.00956	0.01508	0.01828	0.13054	0.06082	0.66439	0.01605	0.00763	0.00217	0.00325	0.01345	0.00611	0.00552
17	0.78181	0.01220	0.00934	0.00838	0.01227	0.01411	0.00688	0.01881	0.01111	0.02877	0.00955	0.01112	0.00743	0.00607	0.00402	0.00198	0.00491	0.00361	0.04067	0.00695
18	0.00923	0.00692	0.01038	0.01038	0.01154	0.00808	0.00808	0.01154	0.01038	0.01500	0.01731	0.02538	0.01615	0.04846	0.74732	0.01038	0.01731	0.00692	0.00346	0.00577
19	0.00896	0.00660	0.00839	0.00794	0.00954	0.00602	0.00595	0.01184	0.01786	0.02489	0.64947	0.04994	0.14134	0.01359	0.00762	0.00205	0.00308	0.01192	0.00698	0.00602
20	0.16962	0.01082	0.01308	0.01057	0.01483	0.01031	0.00861	0.02667	0.05766	0.46738	0.12091	0.02369	0.02085	0.00841	0.00620	0.00202	0.00504	0.00672	0.00706	0.00954
21	0.01268	0.00881	0.01064	0.00961	0.01186	0.00888	0.00730	0.04951	0.15229	0.08061	0.44888	0.05897	0.04470	0.05577	0.00876	0.00232	0.00402	0.01023	0.00683	0.00734
22	0.01701	0.01832	0.01533	0.01436	0.01656	0.31747	0.03008	0.03506	0.01570	0.01786	0.01876	0.06052	0.01883	0.03791	0.00961	0.00238	0.10075	0.19595	0.05070	0.00683
23	0.00961	0.00746	0.01099	0.01078	0.01180	0.00892	0.00840	0.01177	0.01031	0.01496	0.01673	0.02510	0.01581	0.07058	0.66669	0.00966	0.07427	0.00691	0.00343	0.00581
24	0.00928	0.00656	0.00709	0.00695	0.00892	0.00577	0.00521	0.01141	0.01519	0.04055	0.17289	0.07341	0.44794	0.01416	0.00708	0.00205	0.00327	0.01192	0.14452	0.00582
25	0.12486	0.01174	0.01454	0.01141	0.01622	0.01107	0.00938	0.06734	0.05879	0.57108	0.02297	0.02035	0.01483	0.00778	0.00619	0.00201	0.00550	0.00614	0.00734	0.01046
26	0.63556	0.03357	0.01321	0.04624	0.08114	0.01476	0.03038	0.01943	0.01186	0.05039	0.01007	0.01190	0.00779	0.00603	0.00453	0.00199	0.00566	0.00403	0.00395	0.00752
27	0.00953	0.00783	0.00927	0.03129	0.04387	0.00740	0.00688	0.02721	0.06741	0.02093	0.22911	0.08974	0.39721	0.01424	0.00747	0.00215	0.00381	0.01217	0.00612	0.00634
28	0.01433	0.02267	0.35250	0.02061	0.14678	0.01357	0.08269	0.02012	0.03229	0.04898	0.04091	0.01631	0.01160	0.00620	0.00618	0.00185	0.00802	0.00545	0.00352	0.14542
29	0.00780	0.00652	0.00674	0.00673	0.00877	0.00552	0.00500	0.00949	0.01481	0.01794	0.11291	0.07768	0.64739	0.03385	0.00824	0.00228	0.00334	0.01351	0.00603	0.00546
30	0.01340	0.01148	0.01340	0.00957	0.01531	0.00861	0.00766	0.01627	0.01340	0.02105	0.01148	0.01340	0.00957	0.00479	0.00479	0.00096	0.00479	0.00383	0.00383	0.81242
31	0.01365	0.08472	0.59247	0.06227	0.06405	0.03333	0.02212	0.02025	0.01373	0.01977	0.01139	0.01369	0.00833	0.00611	0.00602	0.00199	0.00926	0.00477	0.00278	0.00931
32	0.01406	0.01380	0.04443	0.01421	0.01653	0.01559	0.01204	0.03482	0.01183	0.01848	0.01028	0.01438	0.00924	0.00886	0.01448	0.00214	0.44753	0.00509	0.03996	0.25226
33	0.01336	0.02588	0.45249	0.01837	0.04394	0.05594	0.11821	0.01936	0.01497	0.02118	0.13532	0.02009	0.01757	0.00728	0.00660	0.00204	0.00869	0.00636	0.00361	0.00873
34	0.01303	0.01233	0.02087	0.60090	0.19453	0.01457	0.01836	0.01723	0.01331	0.01751	0.01163	0.01696	0.00897	0.00631	0.00645	0.00210	0.00841	0.00575	0.00294	0.00784
35	0.00907	0.00713	0.00865	0.06597	0.02947	0.00654	0.00672	0.01103	0.01464	0.04144	0.11577	0.17679	0.45261	0.01545	0.00758	0.00223	0.00392	0.01324	0.00586	0.00591
36	0.01296	0.03342	0.73944	0.01842	0.02797	0.01501	0.02387	0.02046	0.01364	0.02046	0.01160	0.01364	0.00818	0.00614	0.00614	0.00205	0.00955	0.00477	0.00273	0.00955
37	0.00840	0.00633	0.00790	0.00894	0.01012	0.00583	0.00671	0.01012	0.01368	0.01746	0.04433	0.39031	0.24986	0.01850	0.00822	0.00257	0.00412	0.17515	0.00599	0.00548
38	0.00802	0.00654	0.00711	0.00721	0.00914	0.00564	0.00543	0.00990	0.01512	0.01876	0.16191	0.10554	0.55104	0.01621	0.00774	0.00223	0.00340	0.04734	0.00616	0.00556
39	0.01220	0.01148	0.01938	0.75739	0.04450	0.01436	0.01794	0.01651	0.01292	0.01651	0.01148	0.01723	0.00861	0.00646	0.00646	0.00215	0.00861	0.00574	0.00287	0.00718
40	0.00924	0.00687	0.01014	0.01014	0.01121	0.00794	0.00777	0.01138	0.01031	0.01482	0.01753	0.02662	0.01669	0.10166	0.69486	0.01008	0.01650	0.00710	0.00349	0.00563
41	0.00788	0.00640	0.00699	0.00716	0.00896	0.00551	0.00525	0.00963	0.01484	0.01847	0.15281	0.17454	0.52591	0.01655	0.00773	0.00223	0.00332	0.01413	0.00615	0.00551
42	0.01097	0.00701	0.00922	0.00844	0.01028	0.00641	0.00641	0.01397	0.01831	0.09138	0.66443	0.04585	0.05683	0.01273	0.00752	0.00203	0.00327	0.01121	0.00719	0.00655
43	0.02414	0.03079	0.01831	0.01665	0.01998	0.74698	0.01248	0.02580	0.01831	0.01581	0.00999	0.01165	0.00832	0.00666	0.00583	0.00166	0.01165	0.00416	0.00333	0.00749
44	0.01547	0.01283	0.01390	0.01256	0.01584	0.01469	0.00976	0.07987	0.54224	0.02623	0.02506	0.06659	0.01999	0.01297	0.07479	0.00293	0.00624	0.00776	0.03082	0.00946
45	0.02824	0.01219	0.01574	0.01206	0.01709	0.01127	0.00997	0.14604	0.02050	0.61971	0.02381	0.02090	0.01515	0.00796	0.00649	0.00199	0.00577	0.00638	0.00774	0.01099
46	0.01414	0.01414	0.01979	0.01696	0.01696	0.01979	0.01414	0.01555	0.00990	0.01555	0.00848	0.01414	0.00848	0.01131	0.02120	0.00283	0.76110	0.00565	0.00283	0.00707
47	0.01340	0.01148	0.01340	0.00957	0.01531	0.00861	0.00766	0.01627	0.01340	0.02105	0.01148	0.01340	0.00957	0.00479	0.00479	0.00096	0.00479	0.00383	0.00383	0.81242
48	0.00909	0.00660	0.00856	0.00807	0.00962	0.00607	0.00605	0.01209	0.01816	0.02561	0.70533	0.04877	0.08503	0.01332	0.00762	0.00204	0.00306	0.01176	0.00707	0.00607
49	0.01727	0.77681	0.03386	0.01106	0.01658	0.02557	0.01106	0.01935	0.01313	0.01520	0.00898	0.01036	0.00829	0.00553	0.00415	0.00138	0.00691	0.00345	0.00276	0.00829
50	0.81856	0.01250	0.00950	0.00850	0.01250	0.01449	0.00700	0.01899	0.01100	0.02899	0.00900	0.01050	0.00700	0.00600	0.00400	0.00200	0.00500	0.00350	0.00400	0.00700
51	0.81856	0.01250	0.00950	0.00850	0.01250	0.01449	0.00700	0.01899	0.01100	0.02899	0.00900	0.01050	0.00700	0.00600	0.00400	0.00200	0.00500	0.00350	0.00400	0.00700
52	0.01122	0.00561	0.00842	0.00842	0.00842	0.00561	0.00561	0.00842	0.00842	0.01122	0.01122	0.01964	0.01122	0.02245	0.02525	0.81201	0.00561	0.00561	0.00281	0.00281
53	0.81856	0.01250	0.00950	0.00850	0.01250	0.01449	0.00700	0.01899	0.01100	0.02899	0.00900	0.01050	0.00700	0.00600	0.00400	0.00200	0.00500	0.00350	0.00400	0.00700
54	0.00787	0.00562	0.00750	0.00900	0.00937	0.00525	0.00600	0.00900	0.01237	0.01649	0.03561	0.76871	0.04274	0.02024	0.00825	0.00262	0.00375	0.01837	0.00600	0.00525
55	0.01414	0.01414	0.01979	0.01696	0.01696	0.01979	0.01414	0.01555	0.00990	0.01555	0.00848	0.01414	0.00848	0.01131	0.02120	0.00283	0.76110	0.00565	0.00283	0.00707
56	0.02121	0.02020	0.14261	0.01527	0.02076	0.03965	0.01399	0.43855	0.11837	0.05487	0.01619	0.01638	0.01166	0.00770	0.00688	0.00201	0.03180	0.00580	0.00567	0.01041
57	0.01122	0.03611	0.14955	0.01098	0.01449	0.00997	0.01029	0.01751	0.12927	0.02473	0.45872	0.03667	0.04275	0.01092	0.00707	0.00204	0.00473	0.00942	0.00606	0.00748
58	0.10006	0.69784	0.03134	0.01079	0.01616	0.02442	0.01064	0.01931	0.01291	0.01663	0.00898	0.01038	0.00816	0.00558	0.00413	0.00145	0.00671	0.00346	0.00289	0.00816
59	0.01674	0.01510	0.02558	0.03803	0.69126	0.01501	0.01923	0.02050	0.01493	0.06245	0.01292	0.01634	0.01057	0.00589	0.00640	0.00192	0.00755	0.00580	0.00348	0.01028
60	0.02431	0.01797	0.01925	0.01481	0.01994	0.01992	0.01222	0.69065	0.05122	0.04031	0.01584	0.01577	0.01125	0.00779	0.00647	0.00195	0.00705	0.00586	0.00647	0.01097
61	0.01607	0.01388	0.01461	0.01315	0.01680	0.01607	0.01023	0.03433	0.72094	0.02703	0.02630	0.02411	0.01972	0.00877	0.00657	0.00219	0.00511	0.00731	0.00657	0.01023
62	0.01416	0.00775	0.01032	0.00919	0.01157	0.00702	0.00719	0.01707	0.01814	0.20267	0.51379	0.04314	0.04839	0.01218	0.00742	0.00208	0.00383	0.04951	0.00727	0.00731
63	0.00933	0.00630	0.00735	0.00760	0.00775	0.00626	0.00461	0.00967	0.01009	0.01342	0.02283	0.11151	0.02632	0.64542	0.02877	0.00568	0.00601	0.06263	0.00426	0.00419
64	0.81856	0.01250	0.00950	0.00850	0.01250	0.01449	0.00700	0.01899	0.01100	0.02899	0.00900	0.01050	0.00700	0.00600	0.00400	0.00200	0.00500	0.00350	0.00400	0.00700
65	0.01607	0.01388	0.01461	0.01315	0.01680	0.01607	0.01023	0.03433	0.72094	0.02703	0.02630	0.02411	0.01972	0.00877	0.00657	0.00219	0.00511	0.00731	0.00657	0.01023
66	0.01528	0.00796	0.01060	0.00917	0.01177	0.00715	0.00715	0.01816	0.01835	0.24591	0.51152	0.04014	0.04705	0.01160	0.00727	0.00202	0.00381	0.01008	0.00739	0.00761
67	0.00797	0.00601	0.00738	0.00820	0.00923	0.00542	0.00571	0.00949	0.01381	0.01800	0.13472	0.47646	0.23772	0.01824	0.00799	0.00242	0.00352	0.01617	0.00614	0.00542
68	0.02356	0.02961	0.01772	0.01614	0.01938	0.71167	0.01210	0.02529	0.01808	0.01621	0.01052	0.01224	0.00872	0.00670	0.00576	0.00166	0.01124	0.00425	0.04171	0.00742
69	0.00923	0.00692	0.01038	0.01038	0.01154	0.00808	0.00808	0.01154	0.01038	0.01500	0.01731	0.02538	0.01615	0.04846	0.74732	0.01038	0.01731	0.00692	0.00346	0.00577
70	0.00925	0.00688	0.00864	0.00815	0.00983	0.00642	0.00613	0.01274	0.04526	0.02504	0.62969	0.04884	0.13208	0.01338	0.00758	0.00205	0.00315	0.01173	0.00697	0.00619
71	0.04897	0.00958	0.00888	0.00879	0.01086	0.08283	0.00664	0.03336	0.01541	0.01959	0.12050	0.15768	0.36306	0.01473	0.00734	0.00220	0.00454	0.05399	0.02507	0.00599
72	0.00807	0.00577	0.00770	0.00901	0.00953	0.00540	0.00615	0.00944	0.01300	0.01746	0.10001	0.67920	0.04425	0.01951	0.00821	0.00258	0.00376	0.03950	0.00610	0.00535
73	0.01220	0.01148	0.01938	0.75739	0.04450	0.01436	0.01794	0.01651	0.01292	0.01651	0.01148	0.01723	0.00861	0.00646	0.00646	0.00215	0.00861	0.00574	0.00287	0.00718
74	0.00787	0.00562	0.00750	0.00900	0.00937	0.00525	0.00600	0.00900	0.01237	0.01649	0.03561	0.76871	0.04274	0.02024	0.00825	0.00262	0.00375	0.01837	0.00600	0.00525
75	0.00802	0.00564	0.00744	0.00889	0.00931	0.00528	0.00594	0.00921	0.01241	0.01677	0.03509	0.74192	0.04179	0.01979	0.00811	0.00258	0.00372	0.01792	0.03488	0.00528
76	0.81856	0.01250	0.00950	0.00850	0.01250	0.01449	0.00700	0.01899	0.01100	0.02899	0.00900	0.01050	0.00700	0.00600	0.00400	0.00200	0.00500	0.00350	0.00400	0.00700
77	0.00833	0.00598	0.00801	0.00947	0.01009	0.00565	0.00678	0.00981	0.01289	0.01704	0.03608	0.62449	0.05836	0.01971	0.00836	0.00268	0.00414	0.14078	0.00599	0.00538
78	0.01652	0.03591	0.07215	0.01224	0.01806	0.01300	0.02758	0.19829	0.04333	0.02618	0.01305	0.01437	0.01017	0.00584	0.00544	0.00138	0.00598	0.00463	0.00449	0.47141
79	0.01764	0.01410	0.02317	0.12641	0.50635	0.01428	0.01762	0.02173	0.03521	0.13822	0.01466	0.01737	0.01124	0.00630	0.00643	0.00197	0.00737	0.00592	0.00404	0.00997
80	0.01732	0.56041	0.11081	0.01263	0.01822	0.06487	0.01268	0.04745	0.05052	0.01744	0.01047	0.01182	0.00898	0.00607	0.00515	0.00158	0.02790	0.00399	0.00313	0.00856
81	0.01414	0.01414	0.01979	0.01696	0.01696	0.01979	0.01414	0.01555	0.00990	0.01555	0.00848	0.01414	0.00848	0.01131	0.02120	0.00283	0.76110	0.00565	0.00283	0.00707
82	0.01152	0.01223	0.09351	0.00987	0.01444	0.00870	0.00878	0.01566	0.06124	0.02120	0.12812	0.03098	0.19261	0.00922	0.00616	0.00161	0.00473	0.00767	0.00488	0.35688
83	0.00914	0.00660	0.00864	0.00813	0.00965	0.00610	0.00610	0.01219	0.01829	0.02591	0.72921	0.04827	0.06097	0.01321	0.00762	0.00203	0.00305	0.01169	0.00711	0.00610
84	0.01177	0.00612	0.00641	0.00658	0.00805	0.00610	0.00502	0.01471	0.01361	0.02345	0.02261	0.05464	0.01909	0.00878	0.00499	0.00166	0.00326	0.05913	0.71802	0.00599
85	0.01199	0.01151	0.04318	0.06862	0.10828	0.01080	0.13812	0.01693	0.07235	0.02295	0.32381	0.07003	0.03492	0.01026	0.00732	0.00212	0.00596	0.02793	0.00534	0.00757
86	0.01382	0.01314	0.02231	0.45041	0.33882	0.01478	0.01875	0.01793	0.01369	0.01848	0.01177	0.01670	0.00931	0.00616	0.00643	0.00205	0.00821	0.00575	0.00301	0.00849
87	0.02888	0.01117	0.01510	0.01158	0.01658	0.00976	0.00957	0.04831	0.01879	0.71986	0.02524	0.02183	0.01587	0.00799	0.00650	0.00200	0.00554	0.00648	0.00796	0.01100
88	0.01231	0.01169	0.02003	0.73221	0.04413	0.01442	0.04178	0.01665	0.01300	0.01665	0.01154	0.01723	0.00865	0.00643	0.00650	0.00215	0.00869	0.00581	0.00288	0.00723
89	0.05303	0.18252	0.04457	0.13594	0.25831	0.05338	0.01536	0.08216	0.01559	0.06477	0.01213	0.01471	0.00964	0.00633	0.00614	0.00186	0.02572	0.00509	0.00366	0.00908
90	0.01486	0.01264	0.01357	0.01240	0.01563	0.01440	0.00955	0.03054	0.60738	0.02616	0.08878	0.08065	0.02503	0.01000	0.00679	0.00221	0.00483	0.00850	0.00658	0.00950
91	0.00787	0.00562	0.00750	0.00900	0.00937	0.00525	0.00600	0.00900	0.01237	0.01649	0.03561	0.76871	0.04274	0.02024	0.00825	0.00262	0.00375	0.01837	0.00600	0.00525
92	0.01033	0.00888	0.01200	0.01184	0.01243	0.01056	0.00924	0.01184	0.01209	0.01663	0.02933	0.34399	0.10481	0.01644	0.01273	0.00269	0.26478	0.09850	0.00490	0.00599
93	0.01386	0.01327	0.02045	0.51512	0.16566	0.04140	0.01748	0.03467	0.03700	0.01819	0.01196	0.01681	0.00931	0.00673	0.00728	0.00213	0.05185	0.00574	0.00315	0.00793
94	0.00843	0.00625	0.00843	0.00968	0.01012	0.00626	0.00681	0.00971	0.01242	0.01666	0.03394	0.67148	0.04033	0.01954	0.00905	0.00266	0.04765	0.06935	0.00581	0.00541
95	0.77200	0.01244	0.01007	0.05174	0.01434	0.01449	0.00763	0.01885	0.01111	0.02827	0.00914	0.01088	0.00709	0.00602	0.00414	0.00201	0.00521	0.00363	0.00393	0.00701
96	0.81856	0.01250	0.00950	0.00850	0.01250	0.01449	0.00700	0.01899	0.01100	0.02899	0.00900	0.01050	0.00700	0.00600	0.00400	0.00200	0.00500	0.00350	0.00400	0.00700
97	0.02899	0.01100	0.01499	0.01150	0.01649	0.00950	0.00950	0.03149	0.01849	0.73709	0.02549	0.02199	0.01599	0.00800	0.00650	0.00200	0.00550	0.00650	0.00800	0.01100
98	0.00874	0.00699	0.00731	0.00725	0.00944	0.00612	0.00542	0.01124	0.05173	0.03959	0.05963	0.11963	0.61214	0.01605	0.00760	0.00221	0.00348	0.01349	0.00609	0.00585
99	0.72554	0.01292	0.01052	0.00914	0.01327	0.01480	0.00753	0.07816	0.01289	0.05295	0.01009	0.01130	0.00763	0.00621	0.00429	0.00199	0.00519	0.00379	0.00434	0.00747
100	0.02564	0.01273	0.01570	0.01219	0.01689	0.01238	0.01001	0.23766	0.02211	0.45228	0.09324	0.02265	0.01899	0.00845	0.00660	0.00198	0.00575	0.00681	0.00744	0.01050
101	0.01340	0.01148	0.01340	0.00957	0.01531	0.00861	0.00766	0.01627	0.01340	0.02105	0.01148	0.01340	0.00957	0.00479	0.00479	0.00096	0.00479	0.00383	0.00383	0.81242
102	0.01376	0.01358	0.01907	0.01646	0.01655	0.01889	0.01367	0.01524	0.00993	0.01551	0.00916	0.01500	0.00907	0.01417	0.07719	0.00341	0.70375	0.00575	0.00288	0.00697
103	0.01122	0.00561	0.00842	0.00842	0.00842	0.00561	0.00561	0.00842	0.00842	0.01122	0.01122	0.01964	0.01122	0.02245	0.02525	0.81201	0.00561	0.00561	0.00281	0.00281
104	0.67042	0.01221	0.01053	0.00906	0.01325	0.01356	0.00747	0.02134	0.01240	0.16185	0.01209	0.01265	0.00869	0.00637	0.00447	0.00200	0.00509	0.00406	0.00475	0.00775
105	0.01599	0.01535	0.02623	0.03966	0.73262	0.01535	0.01983	0.01983	0.01471	0.02111	0.01215	0.01599	0.01023	0.00576	0.00640	0.00192	0.00768	0.00576	0.00320	0.01023
106	0.01033	0.00795	0.00855	0.00791	0.01026	0.00748	0.00607	0.08755	0.03372	0.02253	0.19921	0.05039	0.43787	0.01392	0.00725	0.00207	0.00367	0.01165	0.06525	0.00635
107	0.01122	0.00561	0.00842	0.00842	0.00842	0.00561	0.00561	0.00842	0.00842	0.01122	0.01122	0.01964	0.01122	0.02245	0.02525	0.81201	0.00561	0.00561	0.00281	0.00281
108	0.00787	0.00562	0.00750	0.00900	0.00937	0.00525	0.00600	0.00900	0.01237	0.01649	0.03561	0.76871	0.04274	0.02024	0.00825	0.00262	0.00375	0.01837	0.00600	0.00525
109	0.02444	0.01715	0.01859	0.01430	0.01933	0.01876	0.01180	0.63640	0.02891	0.09099	0.01644	0.01629	0.01155	0.00777	0.00640	0.00193	0.00684	0.00587	0.03544	0.01081
110	0.01136	0.00726	0.00878	0.00823	0.01040	0.00648	0.00622	0.01398	0.03293	0.11970	0.30368	0.12360	0.29437	0.01426	0.00751	0.00215	0.00359	0.01227	0.00670	0.00655
111	0.00787	0.00562	0.00750	0.00900	0.00937	0.00525	0.00600	0.00900	0.01237	0.01649	0.03561	0.76871	0.04274	0.02024	0.00825	0.00262	0.00375	0.01837	0.00600	0.00525
112	0.02415	0.03030	0.01835	0.01658	0.01998	0.71868	0.01248	0.05249	0.01878	0.01678	0.01020	0.01180	0.00843	0.00670	0.00585	0.00168	0.01148	0.00423	0.00345	0.00763
113	0.00787	0.00562	0.00750	0.00900	0.00937	0.00525	0.00600	0.00900	0.01237	0.01649	0.03561	0.76871	0.04274	0.02024	0.00825	0.00262	0.00375	0.01837	0.00600	0.00525
114	0.00923	0.00692	0.01038	0.01038	0.01154	0.00808	0.00808	0.01154	0.01038	0.01500	0.01731	0.02538	0.01615	0.04846	0.74732	0.01038	0.01731	0.00692	0.00346	0.00577
115	0.01639	0.06049	0.05115	0.05352	0.60441	0.04235	0.01895	0.03875	0.01509	0.02097	0.01195	0.01545	0.00996	0.00586	0.00624	0.00189	0.00785	0.00553	0.00324	0.00994
116	0.01122	0.00561	0.00842	0.00842	0.00842	0.00561	0.00561	0.00842	0.00842	0.01122	0.01122	0.01964	0.01122	0.02245	0.02525	0.81201	0.00561	0.00561	0.00281	0.00281
117	0.01373	0.04987	0.68141	0.01804	0.02724	0.01554	0.02290	0.06032	0.01460	0.02151	0.01176	0.01367	0.00835	0.00622	0.00611	0.00202	0.00935	0.00480	0.00294	0.00960
118	0.81856	0.01250	0.00950	0.00850	0.01250	0.01449	0.00700	0.01899	0.01100	0.02899	0.00900	0.01050	0.00700	0.00600	0.00400	0.00200	0.00500	0.00350	0.00400	0.00700
119	0.00914	0.00660	0.00864	0.00813	0.00965	0.00610	0.00610	0.01219	0.01829	0.02591	0.72921	0.04827	0.06097	0.01321	0.00762	0.00203	0.00305	0.01169	0.00711	0.00610
120	0.02414	0.03079	0.01831	0.01665	0.01998	0.74698	0.01248	0.02580	0.01831	0.01581	0.00999	0.01165	0.00832	0.00666	0.00583	0.00166	0.01165	0.00416	0.00333	0.00749
121	0.01340	0.01148	0.01340	0.00957	0.01531	0.00861	0.00766	0.01627	0.01340	0.02105	0.01148	0.01340	0.00957	0.00479	0.00479	0.00096	0.00479	0.00383	0.00383	0.81242
122	0.02773	0.01072	0.01459	0.01128	0.01606	0.00928	0.00928	0.03026	0.01848	0.69188	0.07023	0.02366	0.01885	0.00833	0.00657	0.00200	0.00534	0.00683	0.00794	0.01068
123	0.01340	0.01148	0.01340	0.00957	0.01531	0.00861	0.00766	0.01627	0.01340	0.02105	0.01148	0.01340	0.00957	0.00479	0.00479	0.00096	0.00479	0.00383	0.00383	0.81242
124	0.01470	0.01144	0.01353	0.00973	0.01541	0.00869	0.00781	0.01754	0.01382	0.08077	0.01265	0.01412	0.01011	0.00505	0.00493	0.00104	0.00484	0.00405	0.00418	0.74559
125	0.01336	0.10309	0.67332	0.01773	0.02690	0.01600	0.02267	0.02036	0.01359	0.01997	0.01135	0.01333	0.00819	0.00608	0.00595	0.00198	0.00930	0.00465	0.00273	0.00943
126	0.01257	0.01052	0.01294	0.01219	0.01459	0.01141	0.04887	0.02247	0.36252	0.02193	0.02893	0.28174	0.02825	0.04787	0.00855	0.00257	0.00509	0.05306	0.00603	0.00789
127	0.01122	0.00561	0.00842	0.00842	0.00842	0.00561	0.00561	0.00842	0.00842	0.01122	0.01122	0.01964	0.01122	0.02245	0.02525	0.81201	0.00561	0.00561	0.00281	0.00281
128	0.00855	0.00622	0.00817	0.00954	0.01019	0.00601	0.00672	0.01068	0.04496	0.01732	0.03502	0.65091	0.04102	0.01943	0.00825	0.00265	0.00408	0.09871	0.00602	0.00556
129	0.00792	0.00564	0.00748	0.00894	0.00930	0.00528	0.00593	0.00901	0.01228	0.01637	0.03515	0.74671	0.04215	0.04303	0.00899	0.00273	0.00382	0.01810	0.00593	0.00521
130	0.01340	0.01148	0.01340	0.00957	0.01531	0.00861	0.00766	0.01627	0.01340	0.02105	0.01148	0.01340	0.00957	0.00479	0.00479	0.00096	0.00479	0.00383	0.00383	0.81242
131	0.00923	0.00692	0.01038	0.01038	0.01154	0.00808	0.00808	0.01154	0.01038	0.01500	0.01731	0.02538	0.01615	0.04846	0.74732	0.01038	0.01731	0.00692	0.00346	0.00577
132	0.06918	0.01336	0.03428	0.01405	0.04950	0.01326	0.06385	0.24500	0.01922	0.16763	0.01914	0.02182	0.04565	0.07469	0.03039	0.07208	0.00684	0.00660	0.02477	0.00869
133	0.00826	0.00589	0.00774	0.00900	0.00953	0.00556	0.00620	0.00956	0.01268	0.01688	0.06662	0.60369	0.05763	0.07766	0.01016	0.00290	0.00409	0.07482	0.00588	0.00525
134	0.01481	0.01279	0.01412	0.01044	0.01593	0.03392	0.00834	0.07412	0.05580	0.02283	0.01262	0.01413	0.01023	0.00532	0.00506	0.00113	0.00522	0.00420	0.00418	0.67482
135	0.00850	0.00705	0.00769	0.00779	0.00985	0.00644	0.00599	0.01125	0.05510	0.01795	0.05562	0.08300	0.54745	0.01867	0.06474	0.00290	0.00472	0.07364	0.00583	0.00579
136	0.01414	0.01414	0.01979	0.01696	0.01696	0.01979	0.01414	0.01555	0.00990	0.01555	0.00848	0.01414	0.00848	0.01131	0.02120	0.00283	0.76110	0.00565	0.00283	0.00707
137	0.01340	0.01148	0.01340	0.00957	0.01531	0.00861	0.00766	0.01627	0.01340	0.02105	0.01148	0.01340	0.00957	0.00479	0.00479	0.00096	0.00479	0.00383	0.00383	0.81242
138	0.60343	0.01209	0.01099	0.00931	0.01359	0.01313	0.00768	0.02240	0.01304	0.22193	0.01349	0.01363	0.00945	0.00654	0.00468	0.00200	0.00513	0.00432	0.00509	0.00809
139	0.01254	0.01183	0.01998	0.69408	0.10521	0.01444	0.01811	0.01680	0.01308	0.01691	0.01154	0.01712	0.00876	0.00640	0.00645	0.00213	0.00853	0.00574	0.00290	0.00745
140	0.01122	0.00561	0.00842	0.00842	0.00842	0.00561	0.00561	0.00842	0.00842	0.01122	0.01122	0.01964	0.01122	0.02245	0.02525	0.81201	0.00561	0.00561	0.00281	0.00281
141	0.01122	0.00561	0.00842	0.00842	0.00842	0.00561	0.00561	0.00842	0.00842	0.01122	0.01122	0.01964	0.01122	0.02245	0.02525	0.81201	0.00561	0.00561	0.00281	0.00281
142	0.00908	0.00660	0.00854	0.00806	0.00961	0.00607	0.00604	0.01206	0.01813	0.02553	0.69896	0.04890	0.09145	0.01335	0.00762	0.00204	0.00306	0.01177	0.00706	0.00607
143	0.01414	0.01414	0.01979	0.01696	0.01696	0.01979	0.01414	0.01555	0.00990	0.01555	0.00848	0.01414	0.00848	0.01131	0.02120	0.00283	0.76110	0.00565	0.00283	0.00707
144	0.01607	0.01388	0.01461	0.01315	0.01680	0.01607	0.01023	0.03433	0.72094	0.02703	0.02630	0.02411	0.01972	0.00877	0.00657	0.00219	0.00511	0.00731	0.00657	0.01023
145	0.01220	0.01148	0.01938	0.75739	0.04450	0.01436	0.01794	0.01651	0.01292	0.01651	0.01148	0.01723	0.00861	0.00646	0.00646	0.00215	0.00861	0.00574	0.00287	0.00718
146	0.36277	0.01204	0.01292	0.01042	0.01501	0.01222	0.00860	0.06545	0.01601	0.39731	0.01794	0.01675	0.01190	0.00714	0.00544	0.00200	0.00538	0.00519	0.00622	0.00930
147	0.00848	0.00658	0.00772	0.00744	0.00925	0.00582	0.00558	0.01092	0.01673	0.02221	0.43877	0.05436	0.35371	0.01459	0.00763	0.00210	0.00315	0.01254	0.00663	0.00582
148	0.00925	0.00683	0.00991	0.00991	0.01091	0.00782	0.00749	0.01124	0.01025	0.01465	0.01774	0.02776	0.01719	0.15037	0.64682	0.00980	0.01575	0.00727	0.00353	0.00551
149	0.00913	0.00681	0.00988	0.01009	0.01133	0.00624	0.05760	0.01069	0.01312	0.04232	0.03771	0.59007	0.13389	0.01819	0.00806	0.00251	0.00427	0.01651	0.00587	0.00573
150	0.01608	0.01140	0.01367	0.00990	0.01552	0.00877	0.00797	0.01889	0.01428	0.14438	0.01390	0.01488	0.01068	0.00534	0.00508	0.00114	0.00491	0.00429	0.00455	0.67440
151	0.00878	0.00652	0.00825	0.00845	0.00988	0.00598	0.00638	0.01120	0.01611	0.02177	0.39053	0.18551	0.18248	0.01567	0.00790	0.00228	0.00358	0.09638	0.00655	0.00580
152	0.16131	0.01713	0.01769	0.01377	0.01874	0.01908	0.01137	0.59188	0.02704	0.03870	0.01439	0.01465	0.01030	0.00745	0.00604	0.00195	0.00675	0.00542	0.00604	0.01030
153	0.00923	0.00692	0.01038	0.01038	0.01154	0.00808	0.00808	0.01154	0.01038	0.01500	0.01731	0.02538	0.01615	0.04846	0.74732	0.01038	0.01731	0.00692	0.00346	0.00577
154	0.00787	0.00562	0.00750	0.00900	0.00937	0.00525	0.00600	0.00900	0.01237	0.01649	0.03561	0.76871	0.04274	0.02024	0.00825	0.00262	0.00375	0.01837	0.00600	0.00525
155	0.04652	0.01599	0.01764	0.01362	0.01856	0.01716	0.01123	0.52564	0.02673	0.17782	0.01757	0.01705	0.01213	0.00775	0.00631	0.00193	0.00655	0.00590	0.04326	0.01065
156	0.15887	0.00963	0.01068	0.01021	0.01249	0.01004	0.00763	0.14594	0.01600	0.07680	0.02624	0.43334	0.02827	0.01439	0.00701	0.00233	0.00474	0.01242	0.00587	0.00708
157	0.01141	0.00829	0.00991	0.00966	0.03223	0.00799	0.00705	0.01639	0.12931	0.07507	0.32384	0.07050	0.24712	0.01308	0.00736	0.00212	0.00378	0.01124	0.00661	0.00702
158	0.03737	0.01507	0.06835	0.31466	0.26813	0.01553	0.06079	0.04978	0.01422	0.01994	0.01170	0.01610	0.00925	0.00656	0.00754	0.00211	0.06539	0.00573	0.00319	0.00860
