[name]
unknown

[dist]
# distance from previous block
# <min> <max>
0	49

[block]
# block no. 0 follows, 33 sequences, length 18
# corresponding to MSA columns:
# 49-66
name=unknown_A
#
# <colnr> <probs for GDERKNQSTAVLIFYWHMCP>
#	G	D	E	R	K	N	Q	S	T	A	V	L	I	F	Y	W	H	M	C	P
0	0.04975	0.06607	0.04479	0.01229	0.01520	0.09320	0.01065	0.01883	0.07098	0.06989	0.12160	0.04642	0.03032	0.01290	0.00751	0.00242	0.00640	0.30780	0.00566	0.00733
1	0.01904	0.29406	0.05654	0.03965	0.01838	0.07233	0.01169	0.08601	0.08133	0.12534	0.05223	0.05153	0.01534	0.00803	0.00649	0.00187	0.04048	0.00600	0.00474	0.00894
2	0.10306	0.09244	0.15968	0.01501	0.02033	0.14050	0.05621	0.11460	0.06303	0.05905	0.01434	0.03442	0.01138	0.00991	0.05479	0.00250	0.00884	0.00555	0.00427	0.03010
3	0.01129	0.00847	0.04273	0.00995	0.03603	0.00771	0.00684	0.01255	0.01119	0.06301	0.05070	0.03622	0.02240	0.47849	0.16911	0.00637	0.00863	0.00862	0.00424	0.00545
4	0.07416	0.22867	0.11980	0.01643	0.09355	0.12287	0.01365	0.07988	0.05818	0.09035	0.01404	0.03632	0.01127	0.00701	0.00568	0.00184	0.00773	0.00524	0.00419	0.00915
5	0.03948	0.07794	0.18830	0.10192	0.14873	0.04669	0.07371	0.01877	0.01465	0.04976	0.05106	0.07622	0.06822	0.00840	0.00658	0.00206	0.00774	0.00733	0.00393	0.00849
6	0.05626	0.10574	0.01920	0.09133	0.06681	0.08585	0.05053	0.07082	0.05866	0.17633	0.05062	0.03905	0.01543	0.00772	0.00613	0.00193	0.00686	0.00633	0.07554	0.00886
7	0.01679	0.01422	0.01499	0.01329	0.01709	0.01631	0.01039	0.09135	0.63031	0.02836	0.02738	0.02530	0.04631	0.00914	0.00673	0.00221	0.00531	0.00756	0.00667	0.01030
8	0.01596	0.19342	0.28636	0.04125	0.06685	0.01784	0.08455	0.07182	0.07225	0.03904	0.04059	0.01635	0.01208	0.00669	0.00610	0.00194	0.00821	0.00554	0.00377	0.00939
9	0.05714	0.01860	0.13513	0.05511	0.11327	0.09278	0.04762	0.10522	0.04333	0.16727	0.01819	0.05492	0.02897	0.00789	0.00648	0.00204	0.00763	0.00655	0.02245	0.00942
10	0.00956	0.00642	0.00738	0.00738	0.00745	0.00649	0.00424	0.00970	0.00963	0.01292	0.02056	0.04205	0.02349	0.72565	0.07589	0.00663	0.00705	0.00942	0.00396	0.00410
11	0.02985	0.00815	0.01046	0.01046	0.02862	0.00830	0.00765	0.07413	0.01659	0.02325	0.31980	0.20336	0.05918	0.01741	0.06066	0.03902	0.02716	0.04344	0.00609	0.00642
12	0.03577	0.12074	0.11970	0.14351	0.02560	0.08296	0.10561	0.11307	0.01644	0.03887	0.01385	0.05135	0.01142	0.00847	0.02524	0.00223	0.03738	0.00613	0.03319	0.00847
13	0.01144	0.00572	0.00858	0.00858	0.00858	0.00572	0.00572	0.00858	0.00858	0.01144	0.01144	0.02001	0.01144	0.02287	0.02573	0.80846	0.00572	0.00572	0.00286	0.00286
14	0.01165	0.00695	0.00914	0.00970	0.01097	0.00650	0.00683	0.01382	0.04407	0.12478	0.05739	0.59727	0.03907	0.01801	0.00804	0.00254	0.00412	0.01619	0.00648	0.00647
15	0.01653	0.01667	0.09789	0.01902	0.11025	0.04372	0.12608	0.08096	0.11255	0.07505	0.10335	0.02262	0.03751	0.00805	0.00745	0.00204	0.04083	0.00708	0.00492	0.06743
16	0.07855	0.09082	0.13218	0.01586	0.06749	0.14129	0.01339	0.08077	0.18528	0.07060	0.01642	0.01692	0.01240	0.00722	0.00595	0.00194	0.00751	0.00548	0.04060	0.00932
17	0.01711	0.18493	0.04055	0.01159	0.01560	0.10526	0.00990	0.10423	0.04896	0.08187	0.18239	0.02773	0.09976	0.00939	0.00632	0.00185	0.00618	0.00743	0.00537	0.03359

[dist]
# distance from previous block
# <min> <max>
0	1

[block]
# block no. 1 follows, 33 sequences, length 13
# corresponding to MSA columns:
# 68-80
name=unknown_B
#
# <colnr> <probs for GDERKNQSTAVLIFYWHMCP>
#	G	D	E	R	K	N	Q	S	T	A	V	L	I	F	Y	W	H	M	C	P
0	0.33521	0.03344	0.07415	0.04430	0.20535	0.08609	0.03900	0.01989	0.01342	0.02347	0.01144	0.03806	0.00967	0.00678	0.00608	0.00204	0.03456	0.00515	0.00362	0.00830
1	0.00935	0.00677	0.00828	0.00811	0.00978	0.00622	0.00600	0.01156	0.01569	0.04331	0.32079	0.12146	0.26954	0.05304	0.07737	0.00317	0.00483	0.01251	0.00630	0.00594
2	0.01492	0.07066	0.13902	0.09602	0.31612	0.01483	0.01691	0.03933	0.05694	0.02031	0.03493	0.01761	0.01213	0.00868	0.00887	0.10707	0.00757	0.00580	0.00350	0.00878
3	0.00896	0.00701	0.00920	0.00902	0.01075	0.00636	0.03165	0.01135	0.01598	0.02117	0.30474	0.18407	0.25968	0.01591	0.00801	0.00232	0.00388	0.07758	0.00644	0.00594
4	0.02541	0.01782	0.01938	0.01485	0.02011	0.01950	0.01227	0.64827	0.02992	0.10030	0.01667	0.01637	0.01163	0.00792	0.00659	0.00198	0.00710	0.00599	0.00672	0.01120
5	0.04100	0.15451	0.05260	0.01287	0.04242	0.01382	0.04924	0.03586	0.04752	0.04769	0.01261	0.01421	0.01017	0.00558	0.00521	0.00137	0.00606	0.00447	0.00395	0.43884
6	0.01720	0.01878	0.08592	0.03523	0.57000	0.08219	0.01951	0.05325	0.01599	0.02190	0.01230	0.01566	0.01011	0.00608	0.00645	0.00194	0.00833	0.00563	0.00339	0.01015
7	0.00831	0.00665	0.00743	0.00733	0.00924	0.00577	0.00546	0.01043	0.01611	0.02063	0.28616	0.09091	0.47081	0.01578	0.00780	0.00219	0.00328	0.01345	0.00649	0.00577
8	0.04263	0.01711	0.12547	0.10304	0.32290	0.01491	0.01724	0.09006	0.04170	0.09404	0.01472	0.01769	0.01137	0.02554	0.03135	0.00241	0.00803	0.00591	0.00415	0.00975
9	0.00846	0.00648	0.00775	0.00789	0.00942	0.00578	0.00574	0.01059	0.01594	0.02106	0.32699	0.21596	0.30161	0.01626	0.00791	0.00226	0.00335	0.01418	0.00657	0.00578
10	0.08575	0.03980	0.17267	0.01619	0.09887	0.01249	0.04704	0.03834	0.05564	0.11522	0.17404	0.04866	0.04964	0.00900	0.00664	0.00207	0.00636	0.00768	0.00520	0.00870
11	0.01743	0.57923	0.03184	0.06367	0.02019	0.07436	0.05495	0.01984	0.01368	0.01599	0.00963	0.01179	0.00858	0.00611	0.00571	0.00162	0.05011	0.00412	0.00290	0.00827
12	0.03396	0.01046	0.01223	0.03597	0.01375	0.04444	0.00883	0.10086	0.01436	0.01957	0.02386	0.35236	0.02662	0.10836	0.04011	0.00328	0.12757	0.01194	0.00501	0.00647

[dist]
# distance from previous block
# <min> <max>
0	1

[block]
# block no. 2 follows, 33 sequences, length 42
# corresponding to MSA columns:
# 82-123
name=unknown_C
#
# <colnr> <probs for GDERKNQSTAVLIFYWHMCP>
#	G	D	E	R	K	N	Q	S	T	A	V	L	I	F	Y	W	H	M	C	P
0	0.01420	0.01280	0.01861	0.56782	0.03818	0.03715	0.01627	0.07781	0.07230	0.02020	0.01375	0.01816	0.01032	0.00695	0.00647	0.00213	0.00815	0.00595	0.04494	0.00785
1	0.03886	0.28209	0.13467	0.01442	0.04306	0.09697	0.01330	0.10882	0.03775	0.04237	0.01282	0.01464	0.01034	0.00932	0.05161	0.00231	0.02883	0.00482	0.04422	0.00878
2	0.05792	0.10232	0.14248	0.01520	0.06457	0.01417	0.06324	0.10292	0.03265	0.10635	0.13106	0.04052	0.04153	0.02827	0.00714	0.00210	0.00664	0.00718	0.02497	0.00877
3	0.20106	0.05070	0.02076	0.01667	0.02058	0.34947	0.12748	0.03658	0.01573	0.02046	0.01041	0.01285	0.00850	0.00683	0.00717	0.00196	0.07663	0.00482	0.00353	0.00779
4	0.01462	0.02068	0.19377	0.04430	0.03196	0.01576	0.49552	0.02032	0.01480	0.02049	0.01332	0.01819	0.01030	0.04520	0.00873	0.00240	0.01048	0.00715	0.00323	0.00878
5	0.69647	0.01553	0.01102	0.00990	0.01388	0.12396	0.00797	0.02039	0.01232	0.02752	0.00932	0.01087	0.00733	0.00621	0.00435	0.00199	0.00611	0.00367	0.00397	0.00720
6	0.01243	0.01170	0.01975	0.75282	0.04534	0.01463	0.01828	0.01682	0.01316	0.01682	0.01170	0.01755	0.00878	0.00658	0.00658	0.00219	0.00878	0.00585	0.00293	0.00731
7	0.04338	0.00998	0.01119	0.00940	0.01249	0.01005	0.00740	0.15316	0.01797	0.19921	0.02104	0.02327	0.01585	0.06391	0.00759	0.00212	0.00480	0.00639	0.37258	0.00822
8	0.00911	0.00670	0.00859	0.00863	0.01012	0.00618	0.00655	0.01177	0.01700	0.02329	0.47177	0.14348	0.14348	0.01533	0.00800	0.00228	0.00357	0.09134	0.00682	0.00600
9	0.00872	0.00666	0.00805	0.00813	0.00978	0.00599	0.00614	0.01107	0.01632	0.02160	0.34781	0.14167	0.29603	0.01587	0.00796	0.00228	0.00352	0.06996	0.00660	0.00586
10	0.02705	0.01096	0.01443	0.01133	0.01601	0.00984	0.00927	0.03079	0.06829	0.61831	0.02563	0.02275	0.01662	0.00816	0.00645	0.00201	0.00535	0.00664	0.07943	0.01069
11	0.05026	0.01397	0.05369	0.07219	0.05469	0.03930	0.01106	0.15592	0.15648	0.02654	0.14136	0.04997	0.12675	0.01024	0.00687	0.00211	0.00585	0.00850	0.00574	0.00850
12	0.07810	0.12235	0.28543	0.05145	0.06240	0.05103	0.18950	0.02122	0.04042	0.02078	0.01214	0.01475	0.00924	0.00610	0.00622	0.00201	0.00915	0.00547	0.00323	0.00900
13	0.04036	0.32692	0.02586	0.01702	0.11991	0.11811	0.03710	0.04526	0.01554	0.11251	0.01374	0.05267	0.01171	0.00719	0.00604	0.00178	0.02994	0.00545	0.00401	0.00886
14	0.00825	0.00666	0.00734	0.00722	0.00920	0.00575	0.00540	0.01035	0.01605	0.02038	0.26624	0.07639	0.50610	0.01579	0.00779	0.00219	0.00328	0.01341	0.00646	0.00575
15	0.05273	0.07521	0.10300	0.03901	0.16819	0.05176	0.11768	0.02258	0.01551	0.18133	0.01609	0.03919	0.01226	0.00692	0.00631	0.00195	0.00766	0.00617	0.03958	0.03687
16	0.03592	0.01900	0.20258	0.11864	0.32367	0.01468	0.01872	0.02091	0.06488	0.04578	0.02707	0.03409	0.01218	0.00681	0.00644	0.00204	0.00784	0.00604	0.00369	0.02903
17	0.37452	0.34823	0.02297	0.01212	0.04046	0.03756	0.04672	0.01980	0.01270	0.02230	0.00952	0.01123	0.00801	0.00588	0.00447	0.00176	0.00653	0.00387	0.00344	0.00793
18	0.01449	0.03226	0.67805	0.01821	0.02758	0.01485	0.02317	0.02173	0.01429	0.07670	0.01293	0.01457	0.00896	0.00640	0.00628	0.00208	0.00941	0.00500	0.00320	0.00985
19	0.01258	0.01084	0.01488	0.01660	0.15121	0.01109	0.03976	0.01983	0.20518	0.02391	0.24749	0.09283	0.10384	0.01132	0.00729	0.00216	0.00501	0.01010	0.00596	0.00814
20	0.00802	0.00573	0.00764	0.00917	0.00955	0.00535	0.00611	0.00917	0.01260	0.01681	0.03628	0.76434	0.04354	0.02062	0.00840	0.00267	0.00382	0.01872	0.00611	0.00535
21	0.00957	0.00638	0.00718	0.00718	0.00718	0.00638	0.00399	0.00957	0.00957	0.01276	0.02074	0.04308	0.02393	0.76864	0.03351	0.00638	0.00638	0.00957	0.00399	0.00399
22	0.01513	0.02886	0.52690	0.01878	0.06143	0.01604	0.02103	0.10288	0.10182	0.02412	0.01414	0.01555	0.01022	0.00676	0.00636	0.00208	0.00879	0.00536	0.00373	0.01002
23	0.00810	0.00661	0.00716	0.00716	0.00912	0.00567	0.00532	0.01001	0.01555	0.01941	0.19374	0.11075	0.54584	0.01632	0.00782	0.00223	0.00332	0.01385	0.00634	0.00567
24	0.01380	0.01192	0.01437	0.01143	0.05452	0.00915	0.00848	0.01677	0.01372	0.02145	0.01174	0.01380	0.00979	0.00493	0.00497	0.00103	0.00504	0.00401	0.00387	0.76523
25	0.01297	0.01334	0.05209	0.60544	0.03973	0.04532	0.01704	0.01773	0.04399	0.01718	0.01290	0.01913	0.01024	0.05690	0.00832	0.00245	0.00864	0.00605	0.00317	0.00736
26	0.06838	0.13864	0.17869	0.01574	0.04609	0.06488	0.01462	0.25423	0.10787	0.02809	0.01439	0.01513	0.01081	0.00706	0.00596	0.00193	0.00769	0.00526	0.00470	0.00985
27	0.02195	0.01390	0.01620	0.05108	0.01852	0.01470	0.01074	0.36117	0.04491	0.18852	0.06501	0.08038	0.01880	0.03039	0.00750	0.00218	0.00621	0.00763	0.03035	0.00984
28	0.00909	0.00691	0.00822	0.00852	0.01002	0.00637	0.00620	0.04266	0.01562	0.02041	0.19116	0.32302	0.27295	0.01712	0.00800	0.00237	0.00374	0.03536	0.00637	0.00590
29	0.00817	0.00586	0.00753	0.00879	0.00926	0.00547	0.00581	0.00923	0.01244	0.01644	0.03665	0.64229	0.08638	0.09903	0.01100	0.00303	0.00406	0.01744	0.00589	0.00522
30	0.02462	0.03040	0.01874	0.01682	0.02036	0.68784	0.01270	0.07746	0.01958	0.01802	0.01060	0.01217	0.00868	0.00687	0.00598	0.00172	0.01152	0.00437	0.00363	0.00790
31	0.00970	0.00683	0.00844	0.00796	0.00976	0.00617	0.00600	0.01249	0.01769	0.04542	0.53827	0.05046	0.19917	0.01376	0.00762	0.00208	0.00323	0.01195	0.03677	0.00622
32	0.03714	0.03981	0.15970	0.01515	0.05891	0.03375	0.01324	0.07204	0.15300	0.10052	0.02282	0.09904	0.06887	0.00973	0.00781	0.00217	0.06539	0.00777	0.00512	0.02802
33	0.01741	0.01631	0.01536	0.01385	0.01753	0.10789	0.01071	0.03389	0.62779	0.02610	0.02470	0.02296	0.01863	0.00866	0.00660	0.00217	0.00605	0.00704	0.00628	0.01007
34	0.09361	0.01607	0.01679	0.01329	0.01788	0.01781	0.01088	0.51368	0.06901	0.03737	0.01662	0.01702	0.01211	0.00778	0.00611	0.00194	0.00639	0.00584	0.10968	0.01013
35	0.02005	0.01773	0.08429	0.06054	0.10611	0.01653	0.19870	0.23183	0.05167	0.12161	0.01604	0.01758	0.01149	0.00691	0.00688	0.00208	0.00832	0.00648	0.00504	0.01013
36	0.00807	0.00582	0.00755	0.00891	0.00940	0.00541	0.00594	0.00920	0.01263	0.01669	0.03759	0.68589	0.08757	0.05382	0.00948	0.00281	0.00390	0.01799	0.00602	0.00530
37	0.11447	0.01217	0.01258	0.06870	0.01594	0.05973	0.00893	0.14818	0.05575	0.04638	0.21404	0.02996	0.07944	0.03244	0.00729	0.00214	0.00545	0.00798	0.07073	0.00769
38	0.01541	0.05092	0.11461	0.13348	0.25596	0.03703	0.08242	0.05625	0.05368	0.02208	0.04703	0.01848	0.01317	0.00677	0.00643	0.00199	0.00787	0.00615	0.06116	0.00909
39	0.01541	0.35893	0.09954	0.07724	0.08569	0.04032	0.03686	0.01911	0.03788	0.01817	0.01412	0.08140	0.01291	0.00745	0.00551	0.00178	0.00716	0.00594	0.06633	0.00827
40	0.05673	0.04856	0.01492	0.01295	0.03348	0.10866	0.00984	0.04697	0.01340	0.07356	0.01700	0.02351	0.04030	0.13091	0.20861	0.00502	0.13790	0.00662	0.00405	0.00701
41	0.01560	0.04203	0.14317	0.01191	0.01821	0.01126	0.01131	0.05839	0.01504	0.08288	0.01327	0.01483	0.01030	0.00693	0.02737	0.00162	0.00639	0.00450	0.00417	0.50082

[dist]
# distance from previous block
# <min> <max>
5	12

[block]
# block no. 3 follows, 33 sequences, length 34
# corresponding to MSA columns:
# 138-171
name=unknown_D
#
# <colnr> <probs for GDERKNQSTAVLIFYWHMCP>
#	G	D	E	R	K	N	Q	S	T	A	V	L	I	F	Y	W	H	M	C	P
0	0.07092	0.05262	0.37777	0.04891	0.14520	0.01642	0.06301	0.10756	0.01612	0.02385	0.01223	0.01458	0.00910	0.00633	0.00622	0.00203	0.00872	0.00525	0.00348	0.00966
1	0.00880	0.00680	0.00809	0.00832	0.00990	0.00613	0.00603	0.01106	0.03153	0.01959	0.19134	0.28239	0.26861	0.04249	0.00876	0.00245	0.00375	0.03769	0.00620	0.04008
2	0.67565	0.01441	0.06703	0.00982	0.01424	0.01471	0.00872	0.05551	0.01252	0.02895	0.01089	0.04346	0.00900	0.00684	0.00456	0.00206	0.00552	0.00444	0.00419	0.00747
3	0.01612	0.01598	0.04898	0.01815	0.02041	0.01894	0.11327	0.13673	0.01475	0.02129	0.01177	0.04470	0.01065	0.01019	0.01590	0.00259	0.46116	0.00656	0.00371	0.00816
4	0.01144	0.00572	0.00858	0.00858	0.00858	0.00572	0.00572	0.00858	0.00858	0.01144	0.01144	0.02001	0.01144	0.02287	0.02573	0.80846	0.00572	0.00572	0.00286	0.00286
5	0.01423	0.07255	0.62876	0.01820	0.02701	0.06402	0.02257	0.02100	0.01407	0.02010	0.01147	0.01360	0.00836	0.00641	0.00658	0.00205	0.03197	0.00478	0.00283	0.00945
6	0.67738	0.01384	0.03767	0.00961	0.01402	0.01490	0.00822	0.05638	0.04025	0.02942	0.01042	0.01176	0.00801	0.00627	0.00443	0.00200	0.00538	0.00391	0.00426	0.04187
7	0.00802	0.00573	0.00764	0.00917	0.00955	0.00535	0.00611	0.00917	0.01260	0.01681	0.03628	0.76434	0.04354	0.02062	0.00840	0.00267	0.00382	0.01872	0.00611	0.00535
8	0.00823	0.00669	0.00730	0.00714	0.00917	0.00575	0.00536	0.01032	0.01607	0.02032	0.26026	0.05918	0.52974	0.01573	0.00778	0.00218	0.00327	0.01331	0.00645	0.00575
9	0.00871	0.00664	0.00809	0.00875	0.01009	0.00616	0.00642	0.01110	0.03868	0.01923	0.14942	0.35104	0.24541	0.01771	0.00814	0.00247	0.00385	0.08598	0.00630	0.00579
10	0.01413	0.00719	0.00784	0.00733	0.00937	0.00710	0.00561	0.01802	0.05432	0.10160	0.08075	0.02636	0.02076	0.00827	0.00520	0.00167	0.00347	0.00674	0.60732	0.00693
11	0.00851	0.00647	0.00792	0.00873	0.01007	0.00589	0.00653	0.01034	0.01442	0.01848	0.10475	0.33312	0.28540	0.01819	0.00825	0.00253	0.00399	0.13461	0.00620	0.00562
12	0.00857	0.00610	0.00812	0.00920	0.00972	0.00597	0.00632	0.00986	0.01228	0.01654	0.05283	0.52293	0.03800	0.12262	0.09885	0.00410	0.00589	0.05124	0.00556	0.00529
13	0.00959	0.00727	0.01071	0.01061	0.01167	0.00854	0.00819	0.01177	0.01050	0.01515	0.01750	0.02651	0.01664	0.09204	0.67339	0.01005	0.04335	0.00716	0.00353	0.00581
14	0.01320	0.03405	0.73453	0.01876	0.02849	0.01529	0.02432	0.02085	0.01390	0.02085	0.01181	0.01390	0.00834	0.00625	0.00625	0.00208	0.00973	0.00486	0.00278	0.00973
15	0.01073	0.00780	0.01097	0.07393	0.04158	0.00794	0.00944	0.02899	0.01373	0.01786	0.03125	0.14410	0.11731	0.01849	0.03655	0.14107	0.00608	0.27136	0.00508	0.00574
16	0.01434	0.01691	0.14374	0.05129	0.34239	0.03899	0.01664	0.01815	0.01378	0.01985	0.01451	0.04730	0.01294	0.06749	0.04081	0.00273	0.05211	0.00648	0.07088	0.00867
17	0.02969	0.00702	0.00915	0.00877	0.01040	0.00670	0.00667	0.01289	0.01686	0.04860	0.50940	0.07161	0.07991	0.01713	0.07097	0.03291	0.00475	0.04380	0.00657	0.00619
18	0.01040	0.00774	0.01121	0.01419	0.12572	0.00740	0.00869	0.01251	0.01427	0.03790	0.13814	0.44953	0.03914	0.01623	0.00786	0.00243	0.00450	0.05202	0.03360	0.00652
19	0.25494	0.01519	0.02283	0.09042	0.27700	0.03495	0.14465	0.01981	0.01371	0.02306	0.01134	0.01482	0.00909	0.00618	0.00658	0.00208	0.03571	0.00549	0.00348	0.00868
20	0.01410	0.07739	0.49548	0.01854	0.05013	0.04226	0.06104	0.02013	0.01399	0.02005	0.01297	0.01524	0.02766	0.00665	0.00698	0.00201	0.04888	0.00519	0.00302	0.05829
21	0.05312	0.01965	0.15538	0.12994	0.31599	0.07765	0.05772	0.04624	0.01532	0.02131	0.01285	0.01757	0.01050	0.00664	0.00648	0.00205	0.00863	0.03031	0.00341	0.00925
22	0.02503	0.01844	0.01976	0.01515	0.02042	0.02042	0.01251	0.70562	0.03095	0.04149	0.01581	0.01581	0.01120	0.00790	0.00659	0.00198	0.00724	0.00593	0.00659	0.01120
23	0.01347	0.01284	0.02207	0.31749	0.19942	0.01412	0.10661	0.01716	0.01352	0.01841	0.03054	0.03685	0.01286	0.07971	0.01023	0.00256	0.05354	0.00684	0.00336	0.02840
24	0.01144	0.00572	0.00858	0.00858	0.00858	0.00572	0.00572	0.00858	0.00858	0.01144	0.01144	0.02001	0.01144	0.02287	0.02573	0.80846	0.00572	0.00572	0.00286	0.00286
25	0.01515	0.00776	0.01060	0.00966	0.01092	0.00777	0.00694	0.07666	0.01224	0.11797	0.01451	0.02106	0.01278	0.04876	0.04829	0.55754	0.00631	0.00606	0.00403	0.00499
26	0.01693	0.03944	0.01635	0.01212	0.03412	0.03309	0.03641	0.05586	0.01541	0.11534	0.01392	0.01529	0.01079	0.00585	0.00578	0.00134	0.02488	0.00467	0.02579	0.51662
27	0.00965	0.00698	0.01021	0.01021	0.01141	0.00805	0.00792	0.01206	0.01085	0.01606	0.01796	0.02575	0.01649	0.04586	0.68038	0.00982	0.01641	0.00698	0.07107	0.00590
28	0.00925	0.00629	0.00752	0.00801	0.00821	0.00620	0.00497	0.00974	0.01072	0.01426	0.02565	0.22949	0.02987	0.52788	0.02548	0.00521	0.00571	0.05641	0.00467	0.00447
29	0.01754	0.04697	0.08254	0.14130	0.14000	0.11581	0.23658	0.07134	0.01655	0.04911	0.01289	0.01617	0.00981	0.00627	0.00675	0.00204	0.00957	0.00612	0.00363	0.00901
30	0.00910	0.00664	0.00855	0.00824	0.00974	0.00609	0.00611	0.01193	0.01786	0.02496	0.61814	0.11046	0.10896	0.01430	0.00782	0.00213	0.00318	0.01262	0.00707	0.00609
31	0.00894	0.00582	0.00776	0.00876	0.00901	0.00557	0.00573	0.00910	0.01135	0.01513	0.02899	0.50930	0.03419	0.12831	0.01553	0.16738	0.00457	0.01476	0.00514	0.00465
32	0.01482	0.01381	0.01419	0.01052	0.01611	0.08735	0.00833	0.01762	0.01419	0.02088	0.01154	0.01346	0.00961	0.00508	0.00499	0.00105	0.00562	0.00394	0.00385	0.72304
33	0.01778	0.08007	0.16330	0.09028	0.13017	0.01673	0.08595	0.12549	0.11780	0.08412	0.01576	0.01726	0.01165	0.00690	0.00646	0.00204	0.00791	0.00597	0.00451	0.00986

[dist]
# distance from previous block
# <min> <max>
0	2

[block]
# block no. 4 follows, 33 sequences, length 46
# corresponding to MSA columns:
# 174-219
name=unknown_E
#
# <colnr> <probs for GDERKNQSTAVLIFYWHMCP>
#	G	D	E	R	K	N	Q	S	T	A	V	L	I	F	Y	W	H	M	C	P
0	0.05366	0.25192	0.14582	0.05952	0.02165	0.03663	0.05944	0.10432	0.05148	0.06503	0.01343	0.01515	0.01041	0.00786	0.02610	0.00211	0.02933	0.00512	0.03205	0.00896
1	0.00946	0.00683	0.00896	0.01010	0.01123	0.00659	0.00796	0.01151	0.01397	0.01817	0.05596	0.25345	0.11600	0.09722	0.01128	0.00317	0.00511	0.34153	0.00590	0.00560
2	0.02228	0.18844	0.05506	0.01621	0.02048	0.53184	0.03716	0.02446	0.01721	0.01637	0.01014	0.01189	0.00852	0.00647	0.00565	0.00167	0.01072	0.00424	0.00324	0.00794
3	0.10194	0.01662	0.01651	0.01390	0.01801	0.09855	0.03368	0.22450	0.26416	0.04770	0.06357	0.02160	0.01750	0.00847	0.00647	0.00208	0.00664	0.02254	0.00596	0.00959
4	0.00802	0.00573	0.00764	0.00917	0.00955	0.00535	0.00611	0.00917	0.01260	0.01681	0.03628	0.76434	0.04354	0.02062	0.00840	0.00267	0.00382	0.01872	0.00611	0.00535
5	0.00962	0.00718	0.00923	0.00997	0.01168	0.00679	0.00831	0.01230	0.01575	0.02041	0.16922	0.06677	0.22526	0.01692	0.00850	0.00264	0.00480	0.38240	0.00629	0.00595
6	0.00934	0.00687	0.00989	0.00999	0.01094	0.00777	0.00747	0.01127	0.01056	0.01500	0.01927	0.07495	0.01927	0.15426	0.59110	0.00946	0.01509	0.00816	0.00376	0.00556
7	0.01144	0.00572	0.00858	0.00858	0.00858	0.00572	0.00572	0.00858	0.00858	0.01144	0.01144	0.02001	0.01144	0.02287	0.02573	0.80846	0.00572	0.00572	0.00286	0.00286
8	0.04028	0.14843	0.09128	0.01460	0.01985	0.16063	0.01294	0.26989	0.08112	0.05087	0.01417	0.01474	0.01071	0.00709	0.00592	0.00183	0.00800	0.00511	0.00486	0.03769
9	0.01797	0.43864	0.19762	0.01443	0.04693	0.03909	0.01455	0.02206	0.03815	0.09711	0.01240	0.01340	0.00977	0.00621	0.00519	0.00170	0.00761	0.00443	0.00356	0.00918
10	0.01492	0.13901	0.42766	0.07256	0.11969	0.03532	0.03961	0.04116	0.01459	0.02036	0.01161	0.01409	0.00880	0.00618	0.00605	0.00197	0.00903	0.00496	0.00300	0.00943
11	0.01441	0.12723	0.45487	0.02019	0.02855	0.01708	0.20539	0.02076	0.01427	0.02020	0.01187	0.01450	0.00880	0.00598	0.00639	0.00203	0.00974	0.00547	0.00293	0.00933
12	0.00914	0.00676	0.00894	0.05137	0.01207	0.00664	0.00706	0.04135	0.01407	0.01880	0.09538	0.60242	0.06413	0.01850	0.00814	0.00255	0.00418	0.01665	0.00605	0.00581
13	0.08365	0.07147	0.24980	0.01772	0.07172	0.01536	0.08592	0.10403	0.01711	0.19741	0.01554	0.01628	0.01084	0.00676	0.00624	0.00202	0.00788	0.00559	0.00473	0.00993
14	0.07307	0.01285	0.01520	0.03732	0.07884	0.08465	0.02961	0.03680	0.03586	0.10794	0.02080	0.19218	0.02066	0.07402	0.01128	0.00268	0.11424	0.03956	0.00491	0.00754
15	0.00802	0.00573	0.00764	0.00917	0.00955	0.00535	0.00611	0.00917	0.01260	0.01681	0.03628	0.76434	0.04354	0.02062	0.00840	0.00267	0.00382	0.01872	0.00611	0.00535
16	0.03941	0.01765	0.12636	0.15153	0.31382	0.01572	0.08994	0.04040	0.09853	0.02209	0.01400	0.01712	0.01088	0.00644	0.00657	0.00208	0.00819	0.00604	0.00367	0.00956
17	0.01365	0.01170	0.01365	0.00975	0.01560	0.00878	0.00780	0.01658	0.01365	0.02145	0.01170	0.01365	0.00975	0.00488	0.00488	0.00098	0.00488	0.00390	0.00390	0.80888
18	0.02503	0.01844	0.01976	0.01515	0.02042	0.02042	0.01251	0.70562	0.03095	0.04149	0.01581	0.01581	0.01120	0.00790	0.00659	0.00198	0.00724	0.00593	0.00659	0.01120
19	0.05651	0.00728	0.00892	0.00957	0.01066	0.00732	0.00669	0.04294	0.03630	0.04016	0.03090	0.54278	0.03529	0.07322	0.05600	0.00333	0.00520	0.01515	0.00578	0.00599
20	0.00894	0.00671	0.00827	0.00788	0.00960	0.00605	0.00591	0.01168	0.01773	0.02426	0.56056	0.05270	0.22699	0.01426	0.00777	0.00211	0.00316	0.01240	0.00696	0.00605
21	0.03249	0.00703	0.00896	0.05167	0.01202	0.00691	0.00694	0.03382	0.01496	0.02073	0.20965	0.41529	0.09798	0.01646	0.00779	0.00238	0.00401	0.01463	0.03033	0.00596
22	0.01819	0.22119	0.24189	0.01657	0.02327	0.06124	0.08711	0.18517	0.04303	0.02437	0.01266	0.01414	0.00964	0.00654	0.00596	0.00188	0.00854	0.00512	0.00393	0.00956
23	0.01242	0.01135	0.01889	0.70576	0.04297	0.01409	0.01742	0.01673	0.01320	0.01731	0.01232	0.01799	0.00929	0.00665	0.00646	0.00215	0.00842	0.00587	0.05348	0.00724
24	0.00819	0.00658	0.00732	0.00746	0.00929	0.00571	0.00554	0.01012	0.01542	0.01942	0.19224	0.15200	0.48620	0.01659	0.00789	0.00227	0.00343	0.03231	0.00634	0.00567
25	0.81514	0.01273	0.00968	0.00866	0.01273	0.01477	0.00713	0.01935	0.01120	0.02954	0.00917	0.01069	0.00713	0.00611	0.00407	0.00204	0.00509	0.00356	0.00407	0.00713
26	0.01486	0.05777	0.06756	0.17102	0.32660	0.03432	0.03736	0.01876	0.01519	0.04413	0.10639	0.02204	0.04094	0.00746	0.00661	0.00201	0.00746	0.00676	0.00392	0.00885
27	0.06806	0.20041	0.25661	0.02002	0.15018	0.06168	0.04343	0.02060	0.01421	0.03910	0.02690	0.01439	0.01014	0.00648	0.00646	0.00191	0.04211	0.00496	0.00326	0.00908
28	0.17614	0.07063	0.23333	0.01893	0.09635	0.03698	0.10903	0.11532	0.01632	0.05013	0.01238	0.01432	0.00922	0.00636	0.00597	0.00201	0.00819	0.00521	0.00389	0.00928
29	0.02736	0.01238	0.01577	0.01219	0.01709	0.01161	0.01003	0.16612	0.02126	0.54895	0.06792	0.02277	0.01816	0.00843	0.00669	0.00203	0.00577	0.00681	0.00778	0.01089
30	0.01445	0.01727	0.13197	0.21836	0.32618	0.01522	0.09294	0.01912	0.01441	0.02017	0.03757	0.01754	0.01144	0.00650	0.00709	0.00209	0.02919	0.00613	0.00324	0.00911
31	0.01708	0.05490	0.37382	0.03914	0.02586	0.10649	0.10574	0.02289	0.03623	0.10981	0.01468	0.03864	0.01102	0.00698	0.00646	0.00205	0.00920	0.00586	0.00383	0.00931
32	0.01061	0.00758	0.01061	0.01212	0.01364	0.00758	0.01061	0.01364	0.01515	0.01970	0.03486	0.07426	0.03789	0.01819	0.00909	0.00303	0.00606	0.68326	0.00606	0.00606
33	0.01037	0.00829	0.01171	0.01118	0.01191	0.01010	0.00857	0.01210	0.01029	0.01491	0.01655	0.02702	0.01643	0.17997	0.47255	0.00834	0.15315	0.00729	0.00349	0.00576
34	0.01518	0.07623	0.33561	0.06130	0.05845	0.01579	0.13662	0.04434	0.01504	0.06119	0.04067	0.01855	0.01234	0.00722	0.00745	0.00213	0.05102	0.02812	0.00363	0.00912
35	0.06365	0.01387	0.01902	0.35396	0.16818	0.05727	0.01563	0.04442	0.10776	0.02077	0.01529	0.06449	0.01276	0.00767	0.00651	0.00214	0.00770	0.00664	0.00392	0.00835
36	0.00889	0.00682	0.00816	0.00799	0.00971	0.00620	0.00593	0.01178	0.03679	0.02268	0.42200	0.12374	0.27505	0.01508	0.00780	0.00218	0.00331	0.01310	0.00675	0.00603
37	0.01083	0.00827	0.01229	0.01483	0.11963	0.00789	0.02921	0.01313	0.01442	0.04427	0.08933	0.36409	0.08394	0.01620	0.00808	0.00252	0.00504	0.14363	0.00576	0.00664
38	0.06962	0.11145	0.18613	0.06568	0.14567	0.03270	0.03451	0.07645	0.03529	0.10616	0.01565	0.01721	0.03549	0.00709	0.00662	0.00200	0.03312	0.00563	0.00416	0.00938
39	0.01093	0.00867	0.01090	0.01050	0.01174	0.02840	0.03079	0.04361	0.03381	0.01776	0.02626	0.25094	0.06769	0.16108	0.15895	0.00476	0.05511	0.01121	0.05090	0.00597
40	0.01048	0.00754	0.00870	0.00823	0.01049	0.00681	0.00638	0.04341	0.01711	0.06216	0.26927	0.05513	0.39400	0.01487	0.00775	0.00221	0.00376	0.05873	0.00661	0.00637
41	0.01607	0.04284	0.21676	0.08327	0.25842	0.09436	0.03545	0.04152	0.08428	0.02125	0.01494	0.01729	0.03096	0.00678	0.00641	0.00201	0.00851	0.00579	0.00362	0.00947
42	0.01648	0.07993	0.34473	0.01954	0.07377	0.04137	0.11671	0.02390	0.10740	0.09023	0.01516	0.01653	0.01106	0.00664	0.00642	0.00205	0.00867	0.00574	0.00395	0.00972
43	0.03584	0.01109	0.01184	0.01073	0.01250	0.07281	0.03162	0.11683	0.01493	0.01943	0.02543	0.15358	0.10642	0.23434	0.01697	0.07213	0.03272	0.00991	0.00478	0.00608
44	0.46376	0.09141	0.05633	0.01206	0.03536	0.12770	0.01001	0.04478	0.03695	0.02527	0.01135	0.03880	0.00950	0.00684	0.00490	0.00195	0.00670	0.00456	0.00400	0.00777
45	0.13708	0.03739	0.03333	0.01100	0.03235	0.01043	0.00844	0.05303	0.01436	0.02195	0.11161	0.25775	0.06536	0.03395	0.00850	0.00234	0.05216	0.02999	0.00522	0.07377

[dist]
# distance from previous block
# <min> <max>
1	6

[block]
# block no. 5 follows, 33 sequences, length 32
# corresponding to MSA columns:
# 226-257
name=unknown_F
#
# <colnr> <probs for GDERKNQSTAVLIFYWHMCP>
#	G	D	E	R	K	N	Q	S	T	A	V	L	I	F	Y	W	H	M	C	P
0	0.01545	0.03935	0.27840	0.01954	0.12758	0.05788	0.06939	0.05713	0.01623	0.06833	0.10006	0.02243	0.05791	0.00922	0.03048	0.00231	0.00832	0.00676	0.00423	0.00901
1	0.01257	0.00739	0.00926	0.00931	0.01105	0.00682	0.00676	0.01471	0.04026	0.14996	0.03792	0.36810	0.15786	0.08868	0.01034	0.00283	0.00448	0.04884	0.00631	0.00657
2	0.28837	0.01642	0.09269	0.03719	0.07557	0.05865	0.05215	0.06544	0.10863	0.02601	0.05565	0.04145	0.01451	0.00757	0.00580	0.00206	0.00662	0.00598	0.03089	0.00837
3	0.04031	0.04202	0.08722	0.01871	0.10928	0.10244	0.05202	0.25531	0.06942	0.04944	0.01470	0.01632	0.01122	0.00951	0.04736	0.00244	0.03041	0.00572	0.00479	0.03137
4	0.00977	0.00715	0.00861	0.00864	0.00984	0.00699	0.00620	0.01267	0.06300	0.01979	0.25152	0.10780	0.11529	0.24682	0.01581	0.00359	0.00469	0.09030	0.00585	0.00566
5	0.09735	0.01763	0.08470	0.01415	0.01910	0.01775	0.01226	0.30270	0.30414	0.03273	0.01922	0.01867	0.01413	0.00799	0.00636	0.00210	0.00645	0.00621	0.00603	0.01035
6	0.01091	0.00595	0.00842	0.00842	0.00849	0.00603	0.00552	0.00900	0.00892	0.01197	0.01382	0.02528	0.01441	0.18220	0.07530	0.58566	0.00665	0.00662	0.00314	0.00330
7	0.01687	0.41099	0.28936	0.01455	0.02157	0.04742	0.01621	0.07867	0.01525	0.01969	0.01073	0.01228	0.00864	0.00609	0.00523	0.00171	0.00822	0.00424	0.00314	0.00912
8	0.01840	0.28898	0.22288	0.04217	0.02184	0.10923	0.01526	0.10654	0.01665	0.06125	0.01264	0.03366	0.01017	0.00682	0.00563	0.00180	0.00831	0.00496	0.00374	0.00908
9	0.00957	0.00638	0.00718	0.00718	0.00718	0.00638	0.00399	0.00957	0.00957	0.01276	0.02074	0.04308	0.02393	0.76864	0.03351	0.00638	0.00638	0.00957	0.00399	0.00399
10	0.01201	0.00784	0.01128	0.01012	0.01227	0.00714	0.05320	0.01471	0.01699	0.11549	0.40344	0.19238	0.08905	0.01392	0.00775	0.00221	0.00413	0.01247	0.00680	0.00682
11	0.01125	0.03852	0.01490	0.14656	0.01894	0.01238	0.01122	0.01358	0.01121	0.01577	0.01607	0.09065	0.01577	0.04870	0.33359	0.00615	0.17725	0.00757	0.00350	0.00643
12	0.01024	0.00703	0.00854	0.00798	0.01001	0.00624	0.00605	0.01282	0.01743	0.07360	0.45382	0.05204	0.28139	0.01416	0.00769	0.00212	0.00336	0.01220	0.00693	0.00635
13	0.07674	0.01131	0.01489	0.01147	0.01652	0.00996	0.00946	0.03083	0.01822	0.66761	0.02451	0.02143	0.01554	0.00792	0.00641	0.00200	0.00555	0.00635	0.00777	0.03551
14	0.02503	0.01844	0.01976	0.01515	0.02042	0.02042	0.01251	0.70562	0.03095	0.04149	0.01581	0.01581	0.01120	0.00790	0.00659	0.00198	0.00724	0.00593	0.00659	0.01120
15	0.00912	0.00698	0.00816	0.00796	0.00973	0.00640	0.00590	0.01195	0.05367	0.02129	0.32340	0.09521	0.33128	0.01562	0.00895	0.05609	0.00353	0.01249	0.00638	0.00589
16	0.00787	0.00667	0.00679	0.00676	0.00895	0.00559	0.00507	0.00962	0.01521	0.01828	0.10428	0.06255	0.68701	0.01649	0.00778	0.00221	0.00332	0.01378	0.00618	0.00559
17	0.01020	0.00728	0.01013	0.01165	0.01299	0.00722	0.00989	0.01293	0.01475	0.01924	0.03508	0.18429	0.03879	0.01857	0.00898	0.00297	0.00570	0.57730	0.00607	0.00595
18	0.02685	0.01552	0.01795	0.01376	0.01896	0.01608	0.01137	0.43356	0.02606	0.32046	0.01991	0.01847	0.01326	0.00800	0.00660	0.00200	0.00658	0.00621	0.00722	0.01120
19	0.00972	0.00752	0.01119	0.01101	0.01211	0.00899	0.00862	0.01202	0.01055	0.01532	0.01706	0.02513	0.01596	0.04697	0.69671	0.01009	0.06462	0.00697	0.00349	0.00596
20	0.02503	0.01844	0.01976	0.01515	0.02042	0.02042	0.01251	0.70562	0.03095	0.04149	0.01581	0.01581	0.01120	0.00790	0.00659	0.00198	0.00724	0.00593	0.00659	0.01120
21	0.00957	0.00638	0.00718	0.00718	0.00718	0.00638	0.00399	0.00957	0.00957	0.01276	0.02074	0.04308	0.02393	0.76864	0.03351	0.00638	0.00638	0.00957	0.00399	0.00399
22	0.01760	0.77260	0.03450	0.01126	0.01690	0.02605	0.01126	0.01971	0.01338	0.01549	0.00915	0.01056	0.00845	0.00563	0.00422	0.00141	0.00704	0.00352	0.00282	0.00845
23	0.01002	0.00729	0.00987	0.01085	0.05813	0.00697	0.00759	0.01289	0.01652	0.02340	0.41074	0.12043	0.07306	0.01508	0.03142	0.00248	0.00435	0.09836	0.07423	0.00634
24	0.06216	0.04943	0.54071	0.08442	0.02929	0.01562	0.08756	0.02039	0.01381	0.02089	0.01171	0.01431	0.00847	0.00619	0.00624	0.00209	0.00942	0.00512	0.00293	0.00924
25	0.01171	0.07569	0.01468	0.11547	0.09835	0.05305	0.01048	0.01422	0.01468	0.01863	0.10165	0.19793	0.15619	0.01321	0.00732	0.00225	0.00577	0.07693	0.00501	0.00680
26	0.07221	0.01395	0.06084	0.03890	0.06027	0.03175	0.09882	0.06254	0.05608	0.11103	0.08000	0.04295	0.06642	0.01075	0.05060	0.00246	0.00720	0.00723	0.00502	0.12097
27	0.05838	0.32041	0.13325	0.01406	0.04166	0.08323	0.03903	0.05887	0.01546	0.04454	0.03905	0.01825	0.07251	0.00726	0.00554	0.00175	0.00742	0.00545	0.00382	0.03005
28	0.01683	0.13203	0.14380	0.05594	0.08568	0.01554	0.03629	0.06614	0.05192	0.10845	0.01504	0.01728	0.01164	0.01122	0.08078	0.00279	0.05383	0.00559	0.03405	0.05517
29	0.01823	0.18014	0.19654	0.01879	0.04783	0.19501	0.14422	0.06357	0.03902	0.02012	0.01189	0.01398	0.00933	0.00630	0.00608	0.00187	0.00959	0.00516	0.00341	0.00893
30	0.04237	0.15333	0.24258	0.01632	0.07062	0.03727	0.01547	0.09679	0.12783	0.06896	0.01680	0.01741	0.03497	0.00717	0.00599	0.00193	0.00747	0.00556	0.00439	0.02676
31	0.06614	0.25919	0.16861	0.01547	0.03865	0.14815	0.05785	0.04249	0.01521	0.03915	0.01252	0.03907	0.01073	0.00691	0.00564	0.00180	0.00836	0.02153	0.00353	0.03903

[dist]
# distance from previous block
# <min> <max>
5	40

[block]
# block no. 6 follows, 33 sequences, length 95
# corresponding to MSA columns:
# 298-392
name=unknown_G
#
# <colnr> <probs for GDERKNQSTAVLIFYWHMCP>
#	G	D	E	R	K	N	Q	S	T	A	V	L	I	F	Y	W	H	M	C	P
0	0.01788	0.07350	0.26146	0.01657	0.04657	0.11930	0.01601	0.14230	0.16633	0.02496	0.01563	0.01644	0.01173	0.00718	0.00618	0.00197	0.00817	0.00550	0.03267	0.00965
1	0.01198	0.07386	0.10412	0.01076	0.01413	0.03342	0.00970	0.04716	0.05029	0.02363	0.35246	0.07048	0.10363	0.01181	0.00713	0.00206	0.00504	0.03517	0.00586	0.02731
2	0.04340	0.04371	0.20651	0.05494	0.10086	0.03580	0.01455	0.04640	0.01513	0.17060	0.01804	0.04689	0.04310	0.00945	0.00848	0.09027	0.00723	0.00631	0.00450	0.03386
3	0.03819	0.04121	0.14935	0.04318	0.06073	0.15891	0.05441	0.13103	0.04168	0.06779	0.01390	0.01693	0.01101	0.05616	0.00896	0.00226	0.05544	0.00563	0.00421	0.03904
4	0.03283	0.44950	0.09576	0.04475	0.03646	0.02047	0.01237	0.04201	0.05525	0.04357	0.07115	0.01604	0.01403	0.00672	0.00520	0.00166	0.00680	0.00493	0.00379	0.03673
5	0.43926	0.01410	0.06575	0.12346	0.08654	0.01425	0.01140	0.04879	0.01339	0.04841	0.01325	0.01538	0.03125	0.00672	0.00517	0.00204	0.00619	0.00486	0.04193	0.00787
6	0.01259	0.00907	0.01148	0.01076	0.01265	0.00993	0.00832	0.14961	0.01569	0.02199	0.06594	0.11076	0.02265	0.07378	0.35096	0.00633	0.01107	0.03389	0.05571	0.00681
7	0.00904	0.00691	0.00828	0.00900	0.01050	0.00640	0.00681	0.03429	0.01470	0.01863	0.04719	0.32390	0.30806	0.01814	0.00824	0.00255	0.00420	0.15127	0.00612	0.00578
8	0.01629	0.01564	0.02672	0.04041	0.72757	0.01564	0.02020	0.02020	0.01499	0.02151	0.01238	0.01629	0.01043	0.00587	0.00652	0.00196	0.00782	0.00587	0.00326	0.01043
9	0.02318	0.01666	0.01779	0.01385	0.01857	0.01835	0.01137	0.60591	0.02848	0.03904	0.01662	0.01707	0.01202	0.00787	0.00630	0.00191	0.00664	0.00596	0.12194	0.01046
10	0.01051	0.00755	0.01047	0.01194	0.01348	0.00751	0.01041	0.01349	0.01515	0.01964	0.03596	0.07388	0.06163	0.01813	0.00905	0.00300	0.00597	0.66013	0.00606	0.00604
11	0.00846	0.00670	0.00761	0.00738	0.00931	0.00585	0.00554	0.01076	0.01661	0.02159	0.35712	0.05709	0.43210	0.01525	0.00777	0.00216	0.00323	0.01302	0.00661	0.00585
12	0.01676	0.01160	0.01397	0.01013	0.01584	0.00895	0.00817	0.01961	0.01467	0.16044	0.01449	0.01536	0.01103	0.00552	0.00522	0.00118	0.00502	0.00443	0.00473	0.65288
13	0.00852	0.00605	0.00800	0.00926	0.00981	0.00574	0.00643	0.00990	0.01301	0.01739	0.07910	0.58064	0.04243	0.08431	0.01060	0.00299	0.00424	0.09022	0.00600	0.00536
14	0.02954	0.01120	0.01528	0.01171	0.01681	0.00968	0.00968	0.03208	0.01884	0.73213	0.02597	0.02241	0.01630	0.00815	0.00662	0.00204	0.00560	0.00662	0.00815	0.01120
15	0.01732	0.72568	0.07897	0.01174	0.01763	0.02537	0.01209	0.01978	0.01341	0.01583	0.00932	0.01077	0.00844	0.00567	0.00435	0.00145	0.00721	0.00361	0.00281	0.00853
16	0.01391	0.01157	0.01287	0.01237	0.01533	0.01285	0.00993	0.02649	0.45064	0.02438	0.03302	0.04228	0.09532	0.01228	0.00747	0.00245	0.00526	0.19639	0.00646	0.00872
17	0.00802	0.00573	0.00764	0.00917	0.00955	0.00535	0.00611	0.00917	0.01260	0.01681	0.03628	0.76434	0.04354	0.02062	0.00840	0.00267	0.00382	0.01872	0.00611	0.00535
18	0.02459	0.03138	0.01866	0.01696	0.02035	0.74221	0.01272	0.02629	0.01866	0.01611	0.01018	0.01187	0.00848	0.00678	0.00594	0.00170	0.01187	0.00424	0.00339	0.00763
19	0.02761	0.01429	0.01719	0.01318	0.01835	0.01426	0.01089	0.31958	0.02401	0.43734	0.02163	0.01959	0.01412	0.00804	0.00661	0.00201	0.00630	0.00632	0.00748	0.01120
20	0.01836	0.69262	0.03279	0.01188	0.01727	0.10333	0.01142	0.02042	0.01395	0.01556	0.00926	0.01070	0.00845	0.00576	0.00441	0.00144	0.00756	0.00360	0.00288	0.00836
21	0.01637	0.01414	0.01489	0.01340	0.01712	0.01637	0.01042	0.03498	0.71568	0.02754	0.02679	0.02456	0.02010	0.00893	0.00670	0.00223	0.00521	0.00744	0.00670	0.01042
22	0.01755	0.01802	0.02113	0.05811	0.16016	0.15194	0.01526	0.08328	0.01474	0.01946	0.01049	0.01460	0.00921	0.00895	0.01358	0.00236	0.36395	0.00552	0.00340	0.00830
23	0.01371	0.01287	0.02214	0.08690	0.41992	0.01289	0.07715	0.01706	0.01426	0.01984	0.01881	0.21687	0.01913	0.00985	0.00714	0.00219	0.00712	0.00948	0.00400	0.00868
24	0.01271	0.00658	0.00738	0.00707	0.00874	0.00644	0.00531	0.01551	0.01458	0.06889	0.13576	0.02881	0.02423	0.02940	0.02998	0.02163	0.00385	0.00721	0.55960	0.00633
25	0.02459	0.03138	0.01866	0.01696	0.02035	0.74221	0.01272	0.02629	0.01866	0.01611	0.01018	0.01187	0.00848	0.00678	0.00594	0.00170	0.01187	0.00424	0.00339	0.00763
26	0.02954	0.01120	0.01528	0.01171	0.01681	0.00968	0.00968	0.03208	0.01884	0.73213	0.02597	0.02241	0.01630	0.00815	0.00662	0.00204	0.00560	0.00662	0.00815	0.01120
27	0.02187	0.02684	0.01906	0.01705	0.01953	0.54922	0.01317	0.02350	0.01636	0.01604	0.00977	0.01255	0.00852	0.00805	0.01012	0.00201	0.21092	0.00465	0.00326	0.00752
28	0.00801	0.00579	0.00758	0.00901	0.00951	0.00536	0.00604	0.00918	0.01276	0.01687	0.03824	0.71918	0.08743	0.02037	0.00836	0.00264	0.00379	0.01840	0.00611	0.00536
29	0.01199	0.01143	0.05649	0.01089	0.01397	0.01074	0.00907	0.02106	0.29476	0.02299	0.11827	0.07041	0.23530	0.01285	0.00739	0.00229	0.00472	0.07124	0.00626	0.00787
30	0.00999	0.00792	0.01171	0.01137	0.01241	0.00964	0.00896	0.01224	0.01052	0.01535	0.01657	0.02451	0.01554	0.04491	0.65745	0.00967	0.10486	0.00690	0.00345	0.00603
31	0.05618	0.53117	0.02919	0.01214	0.01747	0.02362	0.01136	0.16873	0.01719	0.04581	0.01115	0.01219	0.00925	0.00637	0.00521	0.00162	0.02422	0.00420	0.00387	0.00905
32	0.01715	0.08756	0.08106	0.06734	0.21195	0.01604	0.01456	0.20587	0.01894	0.02587	0.03524	0.01980	0.06838	0.00742	0.00625	0.00185	0.00701	0.00616	0.00446	0.09708
33	0.10930	0.22561	0.19363	0.01692	0.08175	0.08720	0.04081	0.04379	0.08445	0.02121	0.01228	0.01392	0.00975	0.00652	0.00596	0.00189	0.02768	0.00480	0.00357	0.00896
34	0.07028	0.01433	0.01575	0.01308	0.01685	0.03558	0.03394	0.31457	0.12126	0.05264	0.07406	0.07938	0.02040	0.05602	0.00837	0.00237	0.00626	0.03076	0.02500	0.00909
35	0.00802	0.00573	0.00764	0.00917	0.00955	0.00535	0.00611	0.00917	0.01260	0.01681	0.03628	0.76434	0.04354	0.02062	0.00840	0.00267	0.00382	0.01872	0.00611	0.00535
36	0.01440	0.01465	0.05525	0.08454	0.52167	0.01380	0.01761	0.01812	0.01481	0.02049	0.02175	0.02446	0.13443	0.00781	0.00673	0.00202	0.00720	0.00721	0.00371	0.00933
37	0.01072	0.00748	0.01032	0.01174	0.01325	0.00748	0.01022	0.01375	0.01507	0.02001	0.03399	0.07106	0.03653	0.01751	0.00880	0.00293	0.00587	0.63964	0.05754	0.00607
38	0.01116	0.00817	0.01031	0.08607	0.03836	0.00846	0.00786	0.03367	0.04175	0.02239	0.20692	0.06255	0.14889	0.03906	0.02749	0.00240	0.02443	0.00951	0.20401	0.00655
39	0.02864	0.01160	0.01533	0.01180	0.01679	0.01039	0.00973	0.08320	0.01961	0.65664	0.02505	0.02197	0.01592	0.00811	0.00655	0.00202	0.00565	0.00655	0.03340	0.01104
40	0.00972	0.00793	0.00874	0.00837	0.01059	0.00759	0.00632	0.01469	0.13486	0.02207	0.26179	0.06898	0.38506	0.01446	0.00761	0.00219	0.00359	0.01230	0.00656	0.00658
41	0.01753	0.05453	0.04664	0.12535	0.44998	0.03842	0.03980	0.03884	0.01556	0.09066	0.01350	0.01658	0.01057	0.00625	0.00643	0.00197	0.00796	0.00580	0.00375	0.00986
42	0.01676	0.41514	0.04561	0.04846	0.01837	0.03760	0.01092	0.01991	0.03590	0.05075	0.01145	0.01292	0.00957	0.00573	0.00482	0.00140	0.00658	0.00407	0.00352	0.24054
43	0.00778	0.00667	0.00667	0.00667	0.00889	0.00556	0.00500	0.00945	0.01501	0.01778	0.06669	0.06336	0.72490	0.01667	0.00778	0.00222	0.00333	0.01389	0.00611	0.00556
44	0.03771	0.06443	0.14877	0.04963	0.23828	0.01424	0.03507	0.05439	0.01531	0.08286	0.01486	0.01740	0.02937	0.02518	0.00673	0.00192	0.00729	0.00557	0.00395	0.14705
45	0.04242	0.01360	0.03609	0.02127	0.24309	0.01276	0.01363	0.08777	0.03512	0.29177	0.02037	0.02442	0.01562	0.00824	0.00671	0.00208	0.00656	0.07566	0.00582	0.03702
46	0.63407	0.03499	0.01217	0.01042	0.01428	0.13875	0.00843	0.02042	0.01249	0.02645	0.00932	0.01102	0.00744	0.00639	0.00498	0.00199	0.03150	0.00375	0.00389	0.00725
47	0.06802	0.09375	0.54055	0.01770	0.02624	0.01626	0.06380	0.04187	0.01444	0.04173	0.01203	0.01394	0.00868	0.00625	0.00605	0.00203	0.00908	0.00493	0.00317	0.00948
48	0.01545	0.01837	0.06504	0.02741	0.03418	0.01660	0.67808	0.02108	0.01548	0.02108	0.01326	0.01761	0.00993	0.00558	0.00771	0.00221	0.01105	0.00766	0.00331	0.00891
