[name]
unknown

[dist]
# distance from previous block
# <min> <max>
0	85

[block]
# block no. 0 follows, 34 sequences, length 59
# corresponding to MSA columns:
# 95-153
name=unknown_A
#
# <colnr> <probs for GDERKNQSTAVLIFYWHMCP>
#	G	D	E	R	K	N	Q	S	T	A	V	L	I	F	Y	W	H	M	C	P
0	0.01256	0.01016	0.03708	0.01219	0.01485	0.00958	0.01070	0.09135	0.05182	0.02245	0.04987	0.05608	0.03070	0.01458	0.00803	0.00258	0.00597	0.47520	0.00577	0.07846
1	0.01314	0.00789	0.01009	0.00917	0.01150	0.00718	0.00710	0.03186	0.01690	0.14828	0.35086	0.08737	0.09997	0.05462	0.00880	0.00234	0.00417	0.07394	0.00664	0.04819
2	0.03973	0.01631	0.02422	0.03501	0.60531	0.07646	0.01813	0.04107	0.01531	0.02133	0.01280	0.04154	0.01113	0.00640	0.00635	0.00193	0.00778	0.00600	0.00343	0.00976
3	0.01487	0.01617	0.03282	0.02620	0.11185	0.01545	0.52876	0.02080	0.06699	0.02098	0.01759	0.02087	0.06078	0.00649	0.00741	0.00215	0.00956	0.00780	0.00369	0.00877
4	0.00774	0.00655	0.00669	0.00666	0.00879	0.00550	0.00499	0.00948	0.01498	0.01806	0.11261	0.06119	0.68247	0.01614	0.00764	0.00217	0.00326	0.01350	0.00608	0.00550
5	0.01204	0.00602	0.00602	0.00602	0.00753	0.00602	0.00452	0.01506	0.01355	0.02409	0.02108	0.02409	0.01656	0.00753	0.00452	0.00151	0.00301	0.00602	0.80879	0.00602
6	0.01579	0.01358	0.01437	0.01295	0.01651	0.01567	0.01006	0.03343	0.69237	0.02698	0.05488	0.02509	0.02140	0.00895	0.00662	0.00219	0.00503	0.00748	0.00660	0.01006
7	0.01414	0.01414	0.01979	0.01696	0.01696	0.01979	0.01414	0.01555	0.00990	0.01555	0.00848	0.01414	0.00848	0.01131	0.02120	0.00283	0.76110	0.00565	0.00283	0.00707
8	0.02455	0.01847	0.01936	0.01492	0.02004	0.04128	0.01229	0.69105	0.03003	0.03999	0.01535	0.01540	0.01091	0.00772	0.00645	0.00193	0.00724	0.00577	0.00637	0.01089
9	0.76981	0.01362	0.01004	0.00900	0.01295	0.05945	0.00733	0.01941	0.01145	0.02818	0.00906	0.01057	0.00708	0.00604	0.00411	0.00198	0.00541	0.00354	0.00396	0.00703
10	0.02357	0.01757	0.01884	0.01456	0.01964	0.01936	0.01197	0.63893	0.07885	0.03907	0.01614	0.01605	0.01156	0.00773	0.00641	0.00192	0.00689	0.00585	0.00638	0.03870
11	0.00940	0.00626	0.00705	0.00705	0.00705	0.00626	0.00392	0.00940	0.00940	0.01253	0.02036	0.04228	0.02349	0.77292	0.03289	0.00626	0.00626	0.00940	0.00392	0.00392
12	0.01414	0.01414	0.01979	0.01696	0.01696	0.01979	0.01414	0.01555	0.00990	0.01555	0.00848	0.01414	0.00848	0.01131	0.02120	0.00283	0.76110	0.00565	0.00283	0.00707
13	0.02899	0.01100	0.01499	0.01150	0.01649	0.00950	0.00950	0.03149	0.01849	0.73709	0.02549	0.02199	0.01599	0.00800	0.00650	0.00200	0.00550	0.00650	0.00800	0.01100
14	0.01727	0.77681	0.03386	0.01106	0.01658	0.02557	0.01106	0.01935	0.01313	0.01520	0.00898	0.01036	0.00829	0.00553	0.00415	0.00138	0.00691	0.00345	0.00276	0.00829
15	0.01311	0.05993	0.71429	0.01815	0.02756	0.01538	0.02342	0.02042	0.01362	0.02027	0.01150	0.01352	0.00819	0.00612	0.00607	0.00202	0.00946	0.00473	0.00273	0.00950
16	0.02753	0.01333	0.01644	0.01261	0.01766	0.01297	0.01041	0.25518	0.02241	0.50787	0.02221	0.01986	0.01435	0.00792	0.00649	0.00198	0.00603	0.00627	0.00749	0.01099
17	0.00787	0.00562	0.00750	0.00900	0.00937	0.00525	0.00600	0.00900	0.01237	0.01649	0.03561	0.76871	0.04274	0.02024	0.00825	0.00262	0.00375	0.01837	0.00600	0.00525
18	0.02899	0.01100	0.01499	0.01150	0.01649	0.00950	0.00950	0.03149	0.01849	0.73709	0.02549	0.02199	0.01599	0.00800	0.00650	0.00200	0.00550	0.00650	0.00800	0.01100
19	0.00914	0.00660	0.00864	0.00813	0.00965	0.00610	0.00610	0.01219	0.01829	0.02591	0.72921	0.04827	0.06097	0.01321	0.00762	0.00203	0.00305	0.01169	0.00711	0.00610
20	0.00948	0.00728	0.01085	0.01071	0.01181	0.00866	0.00838	0.01174	0.01036	0.01503	0.01687	0.02482	0.01577	0.04660	0.71099	0.01001	0.05452	0.00686	0.00343	0.00583
21	0.01024	0.00735	0.01019	0.01163	0.01310	0.00730	0.01009	0.01311	0.01478	0.01918	0.03521	0.09737	0.05835	0.01789	0.00886	0.00294	0.00579	0.64477	0.00595	0.00591
22	0.00787	0.00562	0.00750	0.00900	0.00937	0.00525	0.00600	0.00900	0.01237	0.01649	0.03561	0.76871	0.04274	0.02024	0.00825	0.00262	0.00375	0.01837	0.00600	0.00525
23	0.01312	0.01242	0.02104	0.58375	0.21098	0.01460	0.01840	0.01731	0.01335	0.01762	0.01165	0.01693	0.00901	0.00629	0.00644	0.00210	0.00839	0.00575	0.00295	0.00792
24	0.00817	0.00606	0.00767	0.00888	0.00959	0.00570	0.00604	0.01003	0.04061	0.01702	0.03871	0.65737	0.12153	0.01934	0.00811	0.00256	0.00375	0.01738	0.00602	0.00547
25	0.00787	0.00562	0.00750	0.00900	0.00937	0.00525	0.00600	0.00900	0.01237	0.01649	0.03561	0.76871	0.04274	0.02024	0.00825	0.00262	0.00375	0.01837	0.00600	0.00525
26	0.01340	0.01148	0.01340	0.00957	0.01531	0.00861	0.00766	0.01627	0.01340	0.02105	0.01148	0.01340	0.00957	0.00479	0.00479	0.00096	0.00479	0.00383	0.00383	0.81242
27	0.01338	0.02904	0.56825	0.06390	0.05374	0.01517	0.10468	0.02062	0.03351	0.02046	0.01219	0.01468	0.00880	0.00614	0.00636	0.00207	0.00947	0.00528	0.00292	0.00935
28	0.05476	0.00702	0.00917	0.00900	0.01004	0.00765	0.00651	0.01193	0.01040	0.03962	0.01762	0.02857	0.01726	0.24146	0.38203	0.07903	0.01142	0.00725	0.04400	0.00525
29	0.01676	0.01620	0.02493	0.08045	0.60525	0.05898	0.01882	0.06191	0.01577	0.02170	0.01219	0.01578	0.01007	0.00597	0.00637	0.00192	0.00793	0.00567	0.00338	0.00993
30	0.01757	0.71031	0.03234	0.01142	0.01676	0.06129	0.01110	0.02024	0.04046	0.01568	0.00970	0.01095	0.00873	0.00571	0.00432	0.00143	0.00708	0.00364	0.00294	0.00833
31	0.02860	0.01163	0.01538	0.01179	0.01681	0.01043	0.00974	0.09166	0.01955	0.67543	0.02461	0.02142	0.01555	0.00798	0.00649	0.00199	0.00564	0.00644	0.00786	0.01100
32	0.01660	0.01805	0.08197	0.03202	0.50954	0.08774	0.01808	0.04341	0.06262	0.02172	0.03719	0.01699	0.01225	0.00639	0.00637	0.00193	0.00788	0.00582	0.00364	0.00979
33	0.00869	0.00636	0.00816	0.00819	0.00950	0.00582	0.00596	0.01112	0.01648	0.02277	0.49384	0.22862	0.11994	0.01526	0.00778	0.00219	0.00324	0.01353	0.00673	0.00582
34	0.00923	0.00677	0.00834	0.00796	0.00962	0.00629	0.00596	0.01249	0.03992	0.02424	0.54633	0.06955	0.16342	0.01350	0.00746	0.00205	0.00317	0.01177	0.04584	0.00610
35	0.01220	0.01148	0.01938	0.75739	0.04450	0.01436	0.01794	0.01651	0.01292	0.01651	0.01148	0.01723	0.00861	0.00646	0.00646	0.00215	0.00861	0.00574	0.00287	0.00718
36	0.02456	0.01810	0.01939	0.01487	0.02004	0.02004	0.01228	0.71107	0.03038	0.04072	0.01551	0.01551	0.01099	0.00776	0.00646	0.00194	0.00711	0.00582	0.00646	0.01099
37	0.01220	0.01148	0.01938	0.75739	0.04450	0.01436	0.01794	0.01651	0.01292	0.01651	0.01148	0.01723	0.00861	0.00646	0.00646	0.00215	0.00861	0.00574	0.00287	0.00718
38	0.01832	0.23650	0.10776	0.01734	0.09624	0.26896	0.03650	0.02214	0.05644	0.01791	0.03385	0.01551	0.03282	0.00675	0.00566	0.00173	0.00873	0.00501	0.00346	0.00835
39	0.01488	0.01166	0.01371	0.00988	0.01555	0.00905	0.00794	0.03986	0.01432	0.07333	0.01262	0.01409	0.01008	0.00511	0.00496	0.00106	0.00491	0.00409	0.00421	0.72867
40	0.01797	0.02167	0.31175	0.01876	0.10056	0.01407	0.06793	0.10197	0.03772	0.17182	0.05918	0.01853	0.01402	0.00712	0.00649	0.00202	0.00780	0.00606	0.00472	0.00984
41	0.01619	0.51257	0.02988	0.03980	0.16676	0.02131	0.02864	0.01885	0.01375	0.01715	0.03325	0.01645	0.01192	0.00650	0.00513	0.00164	0.00704	0.04151	0.00318	0.00848
42	0.01122	0.00561	0.00842	0.00842	0.00842	0.00561	0.00561	0.00842	0.00842	0.01122	0.01122	0.01964	0.01122	0.02245	0.02525	0.81201	0.00561	0.00561	0.00281	0.00281
43	0.01481	0.16564	0.56376	0.01663	0.02515	0.01653	0.02060	0.02100	0.01388	0.06775	0.01206	0.01361	0.00873	0.00615	0.00580	0.00192	0.00880	0.00465	0.00309	0.00942
44	0.01964	0.04225	0.26680	0.04224	0.10324	0.01343	0.09531	0.02437	0.01572	0.28745	0.01693	0.01746	0.01153	0.00670	0.00642	0.00201	0.00788	0.00584	0.00481	0.00996
45	0.02493	0.01750	0.01902	0.01458	0.01974	0.01915	0.01205	0.65409	0.02938	0.09911	0.01635	0.01606	0.01141	0.00778	0.00647	0.00194	0.00697	0.00587	0.00659	0.01099
46	0.01699	0.73443	0.03233	0.01078	0.01609	0.02449	0.01070	0.01911	0.01315	0.01569	0.00965	0.01112	0.00875	0.00564	0.00417	0.00139	0.00670	0.00360	0.04708	0.00817
47	0.00764	0.00655	0.00655	0.00655	0.00873	0.00545	0.00491	0.00927	0.01473	0.01745	0.06546	0.06218	0.73000	0.01636	0.00764	0.00218	0.00327	0.01364	0.00600	0.00545
48	0.00900	0.00649	0.00851	0.00823	0.00962	0.00600	0.00609	0.01183	0.01763	0.02485	0.65140	0.12909	0.05892	0.01400	0.00769	0.00210	0.00313	0.01243	0.00699	0.00600
49	0.00914	0.00660	0.00864	0.00813	0.00965	0.00610	0.00610	0.01219	0.01829	0.02591	0.72921	0.04827	0.06097	0.01321	0.00762	0.00203	0.00305	0.01169	0.00711	0.00610
50	0.01727	0.77681	0.03386	0.01106	0.01658	0.02557	0.01106	0.01935	0.01313	0.01520	0.00898	0.01036	0.00829	0.00553	0.00415	0.00138	0.00691	0.00345	0.00276	0.00829
51	0.00914	0.00660	0.00864	0.00813	0.00965	0.00610	0.00610	0.01219	0.01829	0.02591	0.72921	0.04827	0.06097	0.01321	0.00762	0.00203	0.00305	0.01169	0.00711	0.00610
52	0.39391	0.01549	0.01479	0.01190	0.01653	0.01746	0.00982	0.38913	0.02136	0.03526	0.01248	0.01318	0.00913	0.00694	0.00532	0.00197	0.00613	0.00474	0.00532	0.00913
53	0.53051	0.01195	0.01150	0.00959	0.01395	0.01267	0.00791	0.02355	0.01373	0.28732	0.01501	0.01469	0.01028	0.00673	0.00491	0.00200	0.00518	0.00459	0.00546	0.00846
54	0.01582	0.01579	0.02860	0.03561	0.53633	0.01562	0.18434	0.02063	0.04356	0.02125	0.01295	0.01667	0.01052	0.00581	0.00670	0.00199	0.00834	0.00627	0.00335	0.00987
55	0.00923	0.00692	0.01038	0.01038	0.01154	0.00808	0.00808	0.01154	0.01038	0.01500	0.01731	0.02538	0.01615	0.04846	0.74732	0.01038	0.01731	0.00692	0.00346	0.00577
56	0.01710	0.74747	0.06171	0.01135	0.01703	0.02515	0.01156	0.01939	0.01315	0.01541	0.00909	0.01049	0.00829	0.00555	0.00422	0.00141	0.00701	0.00351	0.00276	0.00834
57	0.59593	0.01500	0.03375	0.01015	0.01446	0.07923	0.00851	0.06584	0.01351	0.06702	0.01060	0.01177	0.00801	0.00624	0.00456	0.00193	0.00589	0.00393	0.00428	0.03940
58	0.08227	0.01008	0.06083	0.01096	0.05627	0.00861	0.00841	0.01524	0.05712	0.04599	0.40117	0.04058	0.15440	0.01172	0.00703	0.00206	0.00419	0.01002	0.00611	0.00696

[dist]
# distance from previous block
# <min> <max>
0	1

[block]
# block no. 1 follows, 34 sequences, length 17
# corresponding to MSA columns:
# 155-171
name=unknown_B
#
# <colnr> <probs for GDERKNQSTAVLIFYWHMCP>
#	G	D	E	R	K	N	Q	S	T	A	V	L	I	F	Y	W	H	M	C	P
0	0.15732	0.01485	0.02328	0.03417	0.60581	0.01520	0.01757	0.01968	0.01406	0.02250	0.01160	0.01502	0.00966	0.00580	0.00597	0.00193	0.00720	0.00536	0.00334	0.00966
1	0.00924	0.00656	0.00825	0.00845	0.00874	0.00692	0.00551	0.00995	0.01021	0.01392	0.02251	0.18948	0.02558	0.45507	0.15595	0.00611	0.03799	0.01067	0.00422	0.00465
2	0.00930	0.00622	0.00707	0.00717	0.00719	0.00620	0.00404	0.00937	0.00958	0.01277	0.02129	0.08687	0.02467	0.72672	0.03137	0.00604	0.00611	0.00995	0.00404	0.00400
3	0.01727	0.77681	0.03386	0.01106	0.01658	0.02557	0.01106	0.01935	0.01313	0.01520	0.00898	0.01036	0.00829	0.00553	0.00415	0.00138	0.00691	0.00345	0.00276	0.00829
4	0.01414	0.01414	0.01979	0.01696	0.01696	0.01979	0.01414	0.01555	0.00990	0.01555	0.00848	0.01414	0.00848	0.01131	0.02120	0.00283	0.76110	0.00565	0.00283	0.00707
5	0.01414	0.01414	0.01979	0.01696	0.01696	0.01979	0.01414	0.01555	0.00990	0.01555	0.00848	0.01414	0.00848	0.01131	0.02120	0.00283	0.76110	0.00565	0.00283	0.00707
6	0.01519	0.01726	0.03720	0.02671	0.03292	0.01651	0.67407	0.02044	0.01498	0.02044	0.01284	0.01726	0.00974	0.00574	0.00831	0.00221	0.04876	0.00753	0.00325	0.00863
7	0.01220	0.01148	0.01938	0.75739	0.04450	0.01436	0.01794	0.01651	0.01292	0.01651	0.01148	0.01723	0.00861	0.00646	0.00646	0.00215	0.00861	0.00574	0.00287	0.00718
8	0.31023	0.02570	0.47009	0.01476	0.02226	0.01482	0.01765	0.01992	0.01267	0.02361	0.01064	0.01248	0.00775	0.00609	0.00535	0.00203	0.00787	0.00430	0.00320	0.00861
9	0.00940	0.00626	0.00705	0.00705	0.00705	0.00626	0.00392	0.00940	0.00940	0.01253	0.02036	0.04228	0.02349	0.77292	0.03289	0.00626	0.00626	0.00940	0.00392	0.00392
10	0.01398	0.05318	0.06142	0.01102	0.01357	0.03687	0.00907	0.08268	0.08025	0.06308	0.02077	0.03433	0.02014	0.27132	0.10210	0.00452	0.00788	0.10223	0.00472	0.00686
11	0.06994	0.03194	0.68781	0.01771	0.02687	0.01497	0.02268	0.02036	0.01345	0.02107	0.01141	0.01342	0.00810	0.00613	0.00599	0.00204	0.00923	0.00468	0.00282	0.00937
12	0.01602	0.01410	0.01608	0.01403	0.01786	0.01609	0.05385	0.03348	0.67690	0.02663	0.02547	0.02369	0.01910	0.00856	0.00664	0.00219	0.00547	0.00733	0.00637	0.01013
13	0.00940	0.00626	0.00705	0.00705	0.00705	0.00626	0.00392	0.00940	0.00940	0.01253	0.02036	0.04228	0.02349	0.77292	0.03289	0.00626	0.00626	0.00940	0.00392	0.00392
14	0.02278	0.08054	0.08848	0.01548	0.02051	0.25087	0.01335	0.37594	0.02366	0.02897	0.01290	0.01372	0.00967	0.00709	0.00606	0.00182	0.00877	0.00502	0.00484	0.00954
15	0.08398	0.29301	0.24434	0.01377	0.02014	0.08971	0.01459	0.04319	0.01467	0.08555	0.01169	0.01284	0.00899	0.00614	0.00522	0.00173	0.00783	0.00430	0.00354	0.03479
16	0.01788	0.08699	0.11824	0.11314	0.20413	0.17266	0.04924	0.07544	0.01648	0.04576	0.03243	0.01557	0.01087	0.00650	0.00615	0.00188	0.00872	0.00537	0.00363	0.00891

[dist]
# distance from previous block
# <min> <max>
0	1

[block]
# block no. 2 follows, 34 sequences, length 24
# corresponding to MSA columns:
# 173-196
name=unknown_C
#
# <colnr> <probs for GDERKNQSTAVLIFYWHMCP>
#	G	D	E	R	K	N	Q	S	T	A	V	L	I	F	Y	W	H	M	C	P
0	0.01594	0.05949	0.02513	0.06703	0.53073	0.01574	0.03668	0.01947	0.01443	0.04587	0.03827	0.01700	0.01195	0.00656	0.00752	0.00198	0.06729	0.00591	0.00344	0.00956
1	0.01557	0.01345	0.01414	0.01276	0.01633	0.01545	0.00991	0.03286	0.67936	0.02647	0.02860	0.02635	0.06155	0.00921	0.00664	0.00219	0.00501	0.00768	0.00654	0.00995
2	0.01599	0.01535	0.02623	0.03966	0.73262	0.01535	0.01983	0.01983	0.01471	0.02111	0.01215	0.01599	0.01023	0.00576	0.00640	0.00192	0.00768	0.00576	0.00320	0.01023
3	0.00787	0.00562	0.00750	0.00900	0.00937	0.00525	0.00600	0.00900	0.01237	0.01649	0.03561	0.76871	0.04274	0.02024	0.00825	0.00262	0.00375	0.01837	0.00600	0.00525
4	0.02456	0.01810	0.01939	0.01487	0.02004	0.02004	0.01228	0.71107	0.03038	0.04072	0.01551	0.01551	0.01099	0.00776	0.00646	0.00194	0.00711	0.00582	0.00646	0.01099
5	0.06669	0.01780	0.01887	0.01453	0.01964	0.01974	0.01200	0.67435	0.02935	0.04010	0.01517	0.01525	0.01078	0.00766	0.00633	0.00194	0.00700	0.00569	0.00633	0.01078
6	0.02899	0.01100	0.01499	0.01150	0.01649	0.00950	0.00950	0.03149	0.01849	0.73709	0.02549	0.02199	0.01599	0.00800	0.00650	0.00200	0.00550	0.00650	0.00800	0.01100
7	0.81856	0.01250	0.00950	0.00850	0.01250	0.01449	0.00700	0.01899	0.01100	0.02899	0.00900	0.01050	0.00700	0.00600	0.00400	0.00200	0.00500	0.00350	0.00400	0.00700
8	0.00787	0.00562	0.00750	0.00900	0.00937	0.00525	0.00600	0.00900	0.01237	0.01649	0.03561	0.76871	0.04274	0.02024	0.00825	0.00262	0.00375	0.01837	0.00600	0.00525
9	0.00950	0.00729	0.00879	0.00829	0.01015	0.00692	0.00625	0.01372	0.08455	0.02433	0.52946	0.04875	0.19084	0.01342	0.00752	0.00208	0.00329	0.01166	0.00684	0.00636
10	0.00927	0.00676	0.00955	0.00955	0.01042	0.00762	0.00704	0.01100	0.01014	0.01438	0.01807	0.02960	0.01798	0.22929	0.56899	0.00936	0.01455	0.00754	0.00357	0.00531
11	0.01599	0.01535	0.02623	0.03966	0.73262	0.01535	0.01983	0.01983	0.01471	0.02111	0.01215	0.01599	0.01023	0.00576	0.00640	0.00192	0.00768	0.00576	0.00320	0.01023
12	0.01405	0.01401	0.01977	0.05137	0.01824	0.01954	0.01431	0.01559	0.01004	0.01559	0.00862	0.01428	0.00849	0.01108	0.02052	0.00280	0.72614	0.00566	0.00283	0.00707
13	0.00937	0.00636	0.00753	0.00753	0.00770	0.00653	0.00452	0.00971	0.00954	0.01289	0.01992	0.03983	0.02243	0.66779	0.13657	0.00686	0.00787	0.00904	0.00385	0.00418
14	0.81856	0.01250	0.00950	0.00850	0.01250	0.01449	0.00700	0.01899	0.01100	0.02899	0.00900	0.01050	0.00700	0.00600	0.00400	0.00200	0.00500	0.00350	0.00400	0.00700
15	0.01381	0.01338	0.02304	0.37483	0.25271	0.01501	0.09030	0.01823	0.03374	0.01861	0.01273	0.03627	0.01043	0.00684	0.00748	0.00214	0.05264	0.00631	0.00320	0.00831
16	0.01666	0.40239	0.17778	0.07843	0.04685	0.06939	0.06145	0.02032	0.01396	0.04332	0.01079	0.01280	0.00875	0.00590	0.00527	0.00170	0.00816	0.00444	0.00304	0.00860
17	0.00770	0.00655	0.00664	0.00662	0.00877	0.00548	0.00496	0.00940	0.01488	0.01783	0.09467	0.06157	0.70055	0.01623	0.00764	0.00218	0.00326	0.01355	0.00605	0.00548
18	0.00774	0.00655	0.00669	0.00665	0.00879	0.00550	0.00499	0.00947	0.01497	0.01802	0.10996	0.06125	0.68513	0.01615	0.00764	0.00217	0.00326	0.01351	0.00607	0.00550
19	0.01611	0.01624	0.06828	0.16189	0.44793	0.03622	0.03766	0.05246	0.04053	0.04150	0.01300	0.01642	0.01029	0.00619	0.00642	0.00198	0.00798	0.00578	0.00353	0.00958
20	0.04228	0.01656	0.06792	0.01409	0.01863	0.07151	0.05059	0.17295	0.24755	0.13190	0.02157	0.04331	0.03475	0.00835	0.00646	0.00205	0.00659	0.00684	0.02643	0.00968
21	0.00922	0.00658	0.00778	0.00795	0.00965	0.00580	0.00586	0.01108	0.01499	0.05708	0.18255	0.24605	0.35630	0.01639	0.00778	0.00229	0.00356	0.03693	0.00632	0.00583
22	0.06709	0.00787	0.01158	0.01077	0.01256	0.00758	0.09845	0.01248	0.01360	0.02014	0.11249	0.40468	0.05601	0.01456	0.00725	0.00228	0.00458	0.01324	0.11675	0.00604
23	0.07395	0.10158	0.04412	0.01535	0.10552	0.11042	0.01131	0.03707	0.06912	0.06092	0.01285	0.01433	0.01026	0.00611	0.00578	0.00156	0.02818	0.00459	0.00401	0.28297

[dist]
# distance from previous block
# <min> <max>
2	7

[block]
# block no. 3 follows, 34 sequences, length 32
# corresponding to MSA columns:
# 204-235
name=unknown_D
#
# <colnr> <probs for GDERKNQSTAVLIFYWHMCP>
#	G	D	E	R	K	N	Q	S	T	A	V	L	I	F	Y	W	H	M	C	P
0	0.02134	0.04658	0.01987	0.01848	0.13457	0.09217	0.01299	0.35098	0.16008	0.05257	0.01657	0.01687	0.01235	0.00744	0.00632	0.00194	0.00722	0.00586	0.00555	0.01026
1	0.01730	0.16933	0.24746	0.01604	0.05710	0.03379	0.03899	0.12617	0.05789	0.06837	0.01345	0.01460	0.01012	0.00636	0.00575	0.00177	0.00762	0.00496	0.00404	0.09890
2	0.07288	0.12477	0.22054	0.01513	0.02117	0.13608	0.03887	0.13189	0.03903	0.11997	0.01381	0.01454	0.01005	0.00669	0.00584	0.00188	0.00822	0.00499	0.00435	0.00929
3	0.01712	0.43067	0.11863	0.01662	0.04862	0.08129	0.14300	0.04229	0.01462	0.01795	0.01047	0.01256	0.00872	0.00576	0.00533	0.00167	0.00840	0.00461	0.00303	0.00862
4	0.00937	0.00670	0.00882	0.03504	0.01125	0.00651	0.00675	0.01202	0.04586	0.03941	0.23614	0.43008	0.06937	0.01763	0.03138	0.00263	0.00424	0.01463	0.00621	0.00597
5	0.03630	0.41813	0.24696	0.04441	0.02137	0.07325	0.01524	0.02055	0.03827	0.01767	0.01056	0.01223	0.00864	0.00596	0.00505	0.00168	0.00802	0.00414	0.00296	0.00861
6	0.00863	0.00671	0.00760	0.00790	0.00929	0.00625	0.00554	0.01109	0.05919	0.01788	0.10823	0.26289	0.32404	0.12147	0.01124	0.00286	0.00392	0.01385	0.00585	0.00555
7	0.00786	0.00568	0.00744	0.00884	0.00933	0.00526	0.00593	0.00901	0.01252	0.01656	0.03754	0.72311	0.08708	0.01999	0.00821	0.00260	0.00372	0.01806	0.00600	0.00526
8	0.00923	0.00692	0.01038	0.01038	0.01154	0.00808	0.00808	0.01154	0.01038	0.01500	0.01731	0.02538	0.01615	0.04846	0.74732	0.01038	0.01731	0.00692	0.00346	0.00577
9	0.01432	0.22635	0.22984	0.01613	0.04605	0.05595	0.08952	0.01824	0.01383	0.01823	0.04487	0.08261	0.04736	0.00827	0.00713	0.00197	0.06104	0.00667	0.00347	0.00815
10	0.01483	0.01553	0.07051	0.22108	0.51190	0.01508	0.01961	0.01902	0.01419	0.01990	0.01195	0.01615	0.00969	0.00596	0.00640	0.00199	0.00804	0.00569	0.00308	0.00941
11	0.04233	0.00684	0.00854	0.00804	0.00971	0.00640	0.00606	0.01229	0.01776	0.02550	0.65739	0.04760	0.10128	0.01311	0.00747	0.00204	0.00314	0.01147	0.00691	0.00609
12	0.00923	0.00692	0.01038	0.01038	0.01154	0.00808	0.00808	0.01154	0.01038	0.01500	0.01731	0.02538	0.01615	0.04846	0.74732	0.01038	0.01731	0.00692	0.00346	0.00577
13	0.01642	0.01773	0.10365	0.13935	0.38752	0.03679	0.06746	0.11188	0.01656	0.02279	0.01244	0.01583	0.00978	0.00617	0.00646	0.00198	0.00829	0.00574	0.00354	0.00962
14	0.01619	0.13374	0.12275	0.07623	0.04723	0.13643	0.27961	0.02035	0.01474	0.01841	0.01228	0.04223	0.01020	0.00658	0.00700	0.00199	0.03636	0.00619	0.00318	0.00830
15	0.00940	0.00626	0.00705	0.00705	0.00705	0.00626	0.00392	0.00940	0.00940	0.01253	0.02036	0.04228	0.02349	0.77292	0.03289	0.00626	0.00626	0.00940	0.00392	0.00392
16	0.00811	0.00656	0.00720	0.00704	0.00902	0.00566	0.00528	0.01019	0.01585	0.02011	0.27408	0.05781	0.51972	0.01537	0.00763	0.00213	0.00320	0.01302	0.00635	0.00566
17	0.01296	0.03342	0.73944	0.01842	0.02797	0.01501	0.02387	0.02046	0.01364	0.02046	0.01160	0.01364	0.00818	0.00614	0.00614	0.00205	0.00955	0.00477	0.00273	0.00955
18	0.02784	0.01284	0.01613	0.01237	0.01741	0.01223	0.01022	0.20751	0.02157	0.55673	0.02291	0.02031	0.01470	0.00793	0.00649	0.00198	0.00592	0.00632	0.00760	0.01099
19	0.00795	0.00575	0.00738	0.00865	0.00916	0.00533	0.00577	0.00905	0.01239	0.01632	0.03730	0.65856	0.10304	0.06847	0.00978	0.00282	0.00387	0.01737	0.00586	0.00518
20	0.01727	0.77681	0.03386	0.01106	0.01658	0.02557	0.01106	0.01935	0.01313	0.01520	0.00898	0.01036	0.00829	0.00553	0.00415	0.00138	0.00691	0.00345	0.00276	0.00829
21	0.02899	0.01100	0.01499	0.01150	0.01649	0.00950	0.00950	0.03149	0.01849	0.73709	0.02549	0.02199	0.01599	0.00800	0.00650	0.00200	0.00550	0.00650	0.00800	0.01100
22	0.02382	0.06562	0.01904	0.01638	0.01982	0.71331	0.01242	0.02550	0.01807	0.01579	0.00994	0.01159	0.00832	0.00661	0.00575	0.00165	0.01143	0.00413	0.00330	0.00753
23	0.01727	0.77681	0.03386	0.01106	0.01658	0.02557	0.01106	0.01935	0.01313	0.01520	0.00898	0.01036	0.00829	0.00553	0.00415	0.00138	0.00691	0.00345	0.00276	0.00829
24	0.02414	0.03079	0.01831	0.01665	0.01998	0.74698	0.01248	0.02580	0.01831	0.01581	0.00999	0.01165	0.00832	0.00666	0.00583	0.00166	0.01165	0.00416	0.00333	0.00749
25	0.81856	0.01250	0.00950	0.00850	0.01250	0.01449	0.00700	0.01899	0.01100	0.02899	0.00900	0.01050	0.00700	0.00600	0.00400	0.00200	0.00500	0.00350	0.00400	0.00700
26	0.00764	0.00655	0.00655	0.00655	0.00873	0.00545	0.00491	0.00927	0.01473	0.01745	0.06546	0.06218	0.73000	0.01636	0.00764	0.00218	0.00327	0.01364	0.00600	0.00545
27	0.02340	0.08423	0.02067	0.01629	0.05661	0.20633	0.01262	0.44243	0.02505	0.03121	0.01338	0.01412	0.01004	0.00719	0.00610	0.00182	0.00829	0.00519	0.00519	0.00983
28	0.01746	0.01893	0.02276	0.02510	0.27531	0.23541	0.13902	0.02073	0.01577	0.01957	0.01539	0.01821	0.04751	0.00671	0.00631	0.00186	0.00872	0.00605	0.09074	0.00843
29	0.00923	0.00660	0.00892	0.00899	0.00965	0.00721	0.00632	0.01056	0.01010	0.01410	0.01946	0.07053	0.02043	0.33321	0.42682	0.00835	0.01224	0.00849	0.00377	0.00501
30	0.01722	0.65092	0.05314	0.01167	0.01706	0.04548	0.01141	0.02116	0.08842	0.01664	0.01093	0.01196	0.00950	0.00592	0.00451	0.00150	0.00694	0.00393	0.00318	0.00851
31	0.04506	0.01259	0.06355	0.01109	0.01478	0.03342	0.00939	0.11243	0.09034	0.16849	0.12118	0.06901	0.15899	0.01280	0.04516	0.00251	0.00591	0.00885	0.00615	0.00830

[dist]
# distance from previous block
# <min> <max>
0	5

[block]
# block no. 4 follows, 34 sequences, length 25
# corresponding to MSA columns:
# 241-265
name=unknown_E
#
# <colnr> <probs for GDERKNQSTAVLIFYWHMCP>
#	G	D	E	R	K	N	Q	S	T	A	V	L	I	F	Y	W	H	M	C	P
0	0.06796	0.00820	0.04511	0.00851	0.01055	0.00687	0.00680	0.01192	0.01570	0.02238	0.37578	0.17847	0.18958	0.01426	0.00740	0.00217	0.00370	0.01236	0.00623	0.00605
1	0.01525	0.02137	0.24228	0.07147	0.37770	0.05235	0.03762	0.02110	0.06028	0.02075	0.01278	0.01569	0.01002	0.00615	0.00634	0.00198	0.00842	0.00552	0.00326	0.00967
2	0.01426	0.01259	0.04259	0.03723	0.01709	0.00955	0.00891	0.04410	0.01421	0.04396	0.01208	0.01390	0.00974	0.00512	0.00502	0.00111	0.00522	0.00410	0.00398	0.69524
3	0.01597	0.01644	0.02268	0.27897	0.38938	0.12834	0.01805	0.01963	0.01466	0.01873	0.01159	0.01574	0.00939	0.00613	0.00633	0.00196	0.00861	0.00550	0.00311	0.00878
4	0.00940	0.00626	0.00705	0.00705	0.00705	0.00626	0.00392	0.00940	0.00940	0.01253	0.02036	0.04228	0.02349	0.77292	0.03289	0.00626	0.00626	0.00940	0.00392	0.00392
5	0.01848	0.01793	0.01836	0.12615	0.07806	0.18582	0.01326	0.20771	0.01895	0.02360	0.04344	0.01946	0.06546	0.00856	0.00873	0.00207	0.12504	0.00620	0.00438	0.00834
6	0.01827	0.55330	0.08538	0.01312	0.01887	0.05869	0.06298	0.02103	0.01410	0.08572	0.01112	0.01232	0.00914	0.00586	0.00486	0.00156	0.00750	0.00419	0.00333	0.00864
7	0.04686	0.01906	0.02217	0.02827	0.40265	0.18288	0.01607	0.11625	0.06229	0.02322	0.01290	0.01526	0.01039	0.00643	0.00620	0.00188	0.00825	0.00542	0.00391	0.00960
8	0.08867	0.01770	0.01594	0.01311	0.01754	0.23352	0.01044	0.08701	0.01887	0.40442	0.01867	0.01742	0.01255	0.00742	0.00610	0.00189	0.00746	0.00550	0.00614	0.00963
9	0.00807	0.00682	0.00702	0.00692	0.00910	0.00590	0.00520	0.01044	0.04126	0.01851	0.11866	0.05962	0.64851	0.01582	0.00760	0.00217	0.00332	0.01324	0.00611	0.00568
10	0.01964	0.01565	0.01662	0.01387	0.01816	0.01774	0.01109	0.31838	0.43109	0.03278	0.02177	0.02050	0.01606	0.00834	0.00653	0.00209	0.00595	0.00668	0.00653	0.01055
11	0.00768	0.00638	0.00672	0.00699	0.00884	0.00542	0.00510	0.00922	0.01430	0.01728	0.06011	0.18886	0.60678	0.01706	0.00775	0.00226	0.00336	0.01449	0.00600	0.00542
12	0.01340	0.01148	0.01340	0.00957	0.01531	0.00861	0.00766	0.01627	0.01340	0.02105	0.01148	0.01340	0.00957	0.00479	0.00479	0.00096	0.00479	0.00383	0.00383	0.81242
13	0.66151	0.01310	0.01114	0.00952	0.01374	0.01484	0.00785	0.10743	0.01399	0.08125	0.01100	0.01196	0.00815	0.00636	0.00449	0.00199	0.00530	0.00401	0.00460	0.00779
14	0.00792	0.00651	0.00697	0.00695	0.00893	0.00556	0.00518	0.00978	0.01525	0.01893	0.18340	0.09550	0.57474	0.01599	0.00766	0.00218	0.00326	0.01353	0.00620	0.00556
15	0.00809	0.00656	0.00718	0.00703	0.00901	0.00565	0.00527	0.01016	0.01581	0.02002	0.26649	0.05797	0.52736	0.01541	0.00763	0.00214	0.00320	0.01305	0.00634	0.00565
16	0.05954	0.01682	0.01832	0.01410	0.01919	0.01826	0.01165	0.58171	0.02780	0.14211	0.01669	0.01624	0.01155	0.00772	0.00636	0.00195	0.00678	0.00582	0.00658	0.01082
17	0.42828	0.01455	0.01441	0.19159	0.06299	0.10043	0.01133	0.01966	0.01281	0.05300	0.01056	0.01315	0.00815	0.00641	0.00556	0.00202	0.02947	0.00444	0.00373	0.00745
18	0.01004	0.00706	0.00946	0.01059	0.01166	0.00705	0.00863	0.01221	0.01343	0.01756	0.03096	0.10041	0.03418	0.19916	0.01464	0.00375	0.00591	0.49240	0.00546	0.00543
19	0.02414	0.03079	0.01831	0.01665	0.01998	0.74698	0.01248	0.02580	0.01831	0.01581	0.00999	0.01165	0.00832	0.00666	0.00583	0.00166	0.01165	0.00416	0.00333	0.00749
20	0.01340	0.01148	0.01340	0.00957	0.01531	0.00861	0.00766	0.01627	0.01340	0.02105	0.01148	0.01340	0.00957	0.00479	0.00479	0.00096	0.00479	0.00383	0.00383	0.81242
21	0.02099	0.17945	0.09132	0.07416	0.02187	0.27355	0.01355	0.17908	0.01911	0.05181	0.01195	0.01333	0.00925	0.00666	0.00573	0.00176	0.00894	0.00467	0.00402	0.00877
22	0.01122	0.00561	0.00842	0.00842	0.00842	0.00561	0.00561	0.00842	0.00842	0.01122	0.01122	0.01964	0.01122	0.02245	0.02525	0.81201	0.00561	0.00561	0.00281	0.00281
23	0.02414	0.03079	0.01831	0.01665	0.01998	0.74698	0.01248	0.02580	0.01831	0.01581	0.00999	0.01165	0.00832	0.00666	0.00583	0.00166	0.01165	0.00416	0.00333	0.00749
24	0.07456	0.19668	0.37792	0.01732	0.09102	0.01680	0.01777	0.02125	0.01397	0.09831	0.01239	0.01381	0.00917	0.00616	0.00559	0.00187	0.00799	0.00467	0.00345	0.00930

[dist]
# distance from previous block
# <min> <max>
0	1

[block]
# block no. 5 follows, 34 sequences, length 51
# corresponding to MSA columns:
# 267-317
name=unknown_F
#
# <colnr> <probs for GDERKNQSTAVLIFYWHMCP>
#	G	D	E	R	K	N	Q	S	T	A	V	L	I	F	Y	W	H	M	C	P
0	0.01674	0.68437	0.12160	0.01197	0.01800	0.02425	0.01265	0.01949	0.01319	0.01586	0.00931	0.01077	0.00828	0.00560	0.00439	0.00146	0.00724	0.00362	0.00276	0.00845
1	0.01764	0.01402	0.01270	0.01106	0.01414	0.11685	0.00865	0.19376	0.14979	0.02761	0.01908	0.02018	0.01459	0.00769	0.00557	0.00176	0.00565	0.00594	0.34506	0.00825
2	0.02412	0.01788	0.01914	0.01478	0.01987	0.01983	0.01217	0.67547	0.06671	0.04000	0.01608	0.01596	0.01145	0.00781	0.00647	0.00195	0.00701	0.00590	0.00647	0.01095
3	0.01957	0.32570	0.05949	0.01159	0.01713	0.05331	0.01068	0.04153	0.01526	0.19165	0.01389	0.01422	0.01051	0.00611	0.00511	0.00150	0.00648	0.00444	0.00439	0.18745
4	0.09240	0.04229	0.32662	0.01419	0.02107	0.01276	0.01550	0.02529	0.01559	0.34524	0.01758	0.01705	0.01161	0.00695	0.00605	0.00200	0.00724	0.00540	0.00523	0.00994
5	0.01927	0.01444	0.01920	0.08417	0.26135	0.05759	0.01393	0.11213	0.07707	0.17279	0.05715	0.02138	0.04505	0.00769	0.00653	0.00198	0.00682	0.00660	0.00521	0.00965
6	0.00937	0.00637	0.00758	0.00758	0.00777	0.00655	0.00458	0.00974	0.00955	0.01292	0.01987	0.03958	0.02232	0.65706	0.14715	0.00692	0.00803	0.00900	0.00384	0.00421
7	0.01646	0.69863	0.03147	0.01099	0.01607	0.02379	0.01075	0.01855	0.01285	0.01518	0.00983	0.01189	0.00909	0.00989	0.07961	0.00230	0.00797	0.00381	0.00283	0.00804
8	0.01603	0.02514	0.36662	0.05756	0.19585	0.08910	0.04235	0.02187	0.03832	0.06764	0.01302	0.01520	0.00967	0.00630	0.00627	0.00199	0.00890	0.00528	0.00340	0.00948
9	0.05337	0.01532	0.02069	0.01631	0.02010	0.14441	0.25603	0.01966	0.01492	0.04986	0.01589	0.02048	0.01281	0.02677	0.00726	0.00202	0.02959	0.02759	0.23948	0.00746
10	0.00940	0.00626	0.00705	0.00705	0.00705	0.00626	0.00392	0.00940	0.00940	0.01253	0.02036	0.04228	0.02349	0.77292	0.03289	0.00626	0.00626	0.00940	0.00392	0.00392
11	0.03983	0.00856	0.01231	0.01081	0.01253	0.00830	0.09283	0.03608	0.01256	0.08938	0.02342	0.22548	0.02511	0.35213	0.01878	0.00409	0.00609	0.01092	0.00488	0.00591
12	0.01504	0.01413	0.02319	0.14802	0.52209	0.01475	0.01804	0.02011	0.07386	0.02099	0.03627	0.01947	0.01312	0.00669	0.00653	0.00201	0.00741	0.02516	0.00363	0.00951
13	0.02899	0.01100	0.01499	0.01150	0.01649	0.00950	0.00950	0.03149	0.01849	0.73709	0.02549	0.02199	0.01599	0.00800	0.00650	0.00200	0.00550	0.00650	0.00800	0.01100
14	0.02456	0.01810	0.01939	0.01487	0.02004	0.02004	0.01228	0.71107	0.03038	0.04072	0.01551	0.01551	0.01099	0.00776	0.00646	0.00194	0.00711	0.00582	0.00646	0.01099
15	0.04883	0.18153	0.17402	0.01791	0.12456	0.05274	0.04293	0.05305	0.01588	0.20669	0.01479	0.01548	0.01069	0.00650	0.00583	0.00185	0.00755	0.00517	0.00443	0.00959
16	0.00938	0.00633	0.00739	0.00739	0.00750	0.00645	0.00434	0.00961	0.00950	0.01278	0.02005	0.04057	0.02275	0.69936	0.10543	0.00668	0.00739	0.00915	0.00387	0.00410
17	0.00790	0.00656	0.00692	0.00683	0.00889	0.00557	0.00512	0.00979	0.01536	0.01895	0.18287	0.05972	0.61165	0.01581	0.00763	0.00216	0.00323	0.01329	0.00620	0.00557
18	0.81856	0.01250	0.00950	0.00850	0.01250	0.01449	0.00700	0.01899	0.01100	0.02899	0.00900	0.01050	0.00700	0.00600	0.00400	0.00200	0.00500	0.00350	0.00400	0.00700
19	0.20759	0.12767	0.14494	0.01436	0.05505	0.06568	0.01276	0.07643	0.17045	0.04511	0.01446	0.01510	0.01101	0.00679	0.00547	0.00193	0.00686	0.00498	0.00438	0.00896
20	0.01123	0.00734	0.00856	0.00798	0.01008	0.00688	0.00607	0.01495	0.06638	0.07685	0.33711	0.04404	0.21805	0.01235	0.00694	0.00199	0.00343	0.01052	0.14269	0.00658
21	0.00940	0.00626	0.00705	0.00705	0.00705	0.00626	0.00392	0.00940	0.00940	0.01253	0.02036	0.04228	0.02349	0.77292	0.03289	0.00626	0.00626	0.00940	0.00392	0.00392
22	0.01189	0.00921	0.04742	0.01061	0.04654	0.00790	0.00796	0.03272	0.03532	0.08389	0.46780	0.04110	0.06760	0.08994	0.00993	0.00247	0.00431	0.01017	0.00638	0.00687
23	0.01866	0.31692	0.02403	0.12005	0.02173	0.26139	0.01240	0.02311	0.11079	0.01720	0.01202	0.01364	0.00990	0.00647	0.00536	0.00170	0.00848	0.00454	0.00348	0.00813
24	0.00834	0.00623	0.00889	0.00962	0.01040	0.00581	0.03454	0.00990	0.01329	0.01793	0.12824	0.64105	0.04386	0.01869	0.00814	0.00253	0.00394	0.01703	0.00604	0.00550
25	0.00987	0.00677	0.00883	0.00822	0.00989	0.00621	0.00620	0.01286	0.01820	0.05310	0.68405	0.04763	0.07740	0.01309	0.00758	0.00204	0.00315	0.01154	0.00712	0.00627
26	0.01632	0.07269	0.09652	0.10509	0.36044	0.07339	0.01717	0.07199	0.05215	0.02134	0.01477	0.01739	0.03931	0.00666	0.00623	0.00192	0.00787	0.00577	0.00363	0.00935
27	0.67542	0.01353	0.01121	0.07904	0.01612	0.05195	0.00848	0.04303	0.01222	0.02756	0.00950	0.01136	0.00735	0.00614	0.00441	0.00199	0.00575	0.00382	0.00394	0.00718
28	0.00933	0.00689	0.01024	0.01024	0.01140	0.00801	0.00796	0.01166	0.01049	0.01531	0.01744	0.02534	0.01617	0.04706	0.72195	0.01008	0.01682	0.00689	0.03097	0.00578
29	0.61521	0.01160	0.00970	0.00857	0.01236	0.01293	0.00699	0.03753	0.01259	0.08026	0.01674	0.01742	0.08167	0.00732	0.00465	0.00199	0.00482	0.00494	0.04552	0.00720
30	0.04835	0.04423	0.23706	0.11986	0.13810	0.18267	0.03263	0.02001	0.01460	0.01884	0.01316	0.07688	0.01147	0.00738	0.00622	0.00198	0.00890	0.00603	0.00330	0.00835
31	0.02527	0.01697	0.01869	0.01433	0.01947	0.01836	0.01184	0.60285	0.02849	0.15162	0.01710	0.01654	0.01179	0.00779	0.00647	0.00195	0.00685	0.00593	0.00671	0.01099
32	0.01122	0.00561	0.00842	0.00842	0.00842	0.00561	0.00561	0.00842	0.00842	0.01122	0.01122	0.01964	0.01122	0.02245	0.02525	0.81201	0.00561	0.00561	0.00281	0.00281
33	0.00797	0.00579	0.00756	0.00893	0.00951	0.00537	0.00612	0.00923	0.01269	0.01671	0.03808	0.67563	0.10078	0.01980	0.00823	0.00260	0.00381	0.04990	0.00600	0.00530
34	0.01340	0.01148	0.01340	0.00957	0.01531	0.00861	0.00766	0.01627	0.01340	0.02105	0.01148	0.01340	0.00957	0.00479	0.00479	0.00096	0.00479	0.00383	0.00383	0.81242
35	0.02899	0.01100	0.01499	0.01150	0.01649	0.00950	0.00950	0.03149	0.01849	0.73709	0.02549	0.02199	0.01599	0.00800	0.00650	0.00200	0.00550	0.00650	0.00800	0.01100
36	0.01558	0.01486	0.02527	0.03810	0.69581	0.01484	0.01913	0.01928	0.01459	0.02087	0.01335	0.05430	0.01189	0.00649	0.00649	0.00195	0.00748	0.00640	0.00334	0.00998
37	0.01989	0.12723	0.07053	0.01310	0.01794	0.01682	0.01148	0.17305	0.28131	0.14802	0.02014	0.01917	0.01465	0.00772	0.00609	0.00196	0.00612	0.00607	0.02864	0.01007
38	0.00782	0.00581	0.00730	0.00849	0.00924	0.00529	0.00577	0.00905	0.01286	0.01669	0.04182	0.62186	0.18558	0.01944	0.00812	0.00253	0.00365	0.01739	0.00600	0.00529
39	0.00914	0.00660	0.00864	0.00813	0.00965	0.00610	0.00610	0.01219	0.01829	0.02591	0.72921	0.04827	0.06097	0.01321	0.00762	0.00203	0.00305	0.01169	0.00711	0.00610
40	0.01436	0.01369	0.09205	0.26756	0.11777	0.01227	0.08308	0.01824	0.01449	0.11351	0.02376	0.04692	0.13746	0.00858	0.00680	0.00211	0.00732	0.00768	0.00426	0.00810
41	0.01668	0.12453	0.30609	0.04575	0.09966	0.06181	0.13112	0.02171	0.01475	0.09909	0.01299	0.01500	0.00957	0.00615	0.00617	0.00194	0.00887	0.00535	0.00350	0.00927
42	0.06813	0.01107	0.01472	0.01135	0.01630	0.00974	0.00937	0.03087	0.01812	0.70199	0.02467	0.02142	0.01555	0.00790	0.00637	0.00200	0.00547	0.00635	0.00780	0.01080
43	0.00862	0.00654	0.00794	0.00769	0.00935	0.00586	0.00573	0.01113	0.01689	0.02283	0.48975	0.08983	0.26519	0.01454	0.00766	0.00211	0.00315	0.01263	0.00671	0.00586
44	0.01618	0.16390	0.18876	0.08321	0.19672	0.06077	0.03194	0.06011	0.01516	0.05003	0.01363	0.06639	0.01166	0.00712	0.00604	0.00191	0.00796	0.00594	0.00358	0.00898
45	0.08636	0.15877	0.07992	0.04421	0.16549	0.24747	0.01422	0.05783	0.03412	0.03848	0.01145	0.01334	0.00922	0.00631	0.00560	0.00178	0.00860	0.00463	0.00356	0.00865
46	0.01270	0.01230	0.01933	0.72627	0.04347	0.04514	0.01771	0.01690	0.01315	0.01648	0.01142	0.01699	0.00860	0.00647	0.00643	0.00213	0.00874	0.00568	0.00289	0.00719
47	0.01252	0.03688	0.07900	0.01209	0.05270	0.00909	0.00944	0.03748	0.01338	0.07778	0.02443	0.15168	0.02579	0.25688	0.01565	0.00366	0.00618	0.16401	0.00493	0.00644
48	0.01986	0.25361	0.12659	0.01470	0.02011	0.18436	0.03510	0.13953	0.07182	0.05727	0.01296	0.01384	0.01004	0.00661	0.00561	0.00175	0.00831	0.00478	0.00408	0.00904
49	0.01103	0.00788	0.00922	0.00852	0.01038	0.03740	0.00645	0.01389	0.01790	0.06994	0.58522	0.04517	0.09952	0.01262	0.00737	0.00201	0.00358	0.01098	0.03452	0.00642
50	0.01690	0.72551	0.03259	0.01122	0.01642	0.02478	0.01105	0.01896	0.01293	0.01521	0.00925	0.01100	0.00857	0.00719	0.03027	0.00174	0.03180	0.00365	0.00279	0.00817

[dist]
# distance from previous block
# <min> <max>
1	5

[block]
# block no. 6 follows, 34 sequences, length 105
# corresponding to MSA columns:
# 323-427
name=unknown_G
#
# <colnr> <probs for GDERKNQSTAVLIFYWHMCP>
#	G	D	E	R	K	N	Q	S	T	A	V	L	I	F	Y	W	H	M	C	P
0	0.01599	0.01670	0.08036	0.10112	0.52526	0.01563	0.05837	0.06919	0.01562	0.02202	0.01234	0.01597	0.00996	0.00598	0.00646	0.00197	0.00805	0.00579	0.00337	0.00987
1	0.00770	0.00655	0.00663	0.00661	0.00877	0.00548	0.00496	0.00939	0.01488	0.01781	0.09316	0.06160	0.70207	0.01623	0.00764	0.00218	0.00326	0.01356	0.00605	0.00548
2	0.00795	0.00651	0.00702	0.00700	0.00895	0.00557	0.00521	0.00985	0.01532	0.01911	0.19749	0.09824	0.55745	0.01594	0.00767	0.00218	0.00325	0.01350	0.00622	0.00557
3	0.00969	0.01197	0.14922	0.01067	0.01383	0.00795	0.03361	0.01321	0.01595	0.02216	0.37508	0.14691	0.13853	0.01304	0.00743	0.00215	0.00470	0.01146	0.00583	0.00664
4	0.00822	0.00577	0.00739	0.00855	0.00884	0.00548	0.00552	0.00909	0.01169	0.01558	0.03210	0.60156	0.03831	0.19344	0.01392	0.00346	0.00433	0.01630	0.00552	0.00494
5	0.01738	0.19074	0.16424	0.04921	0.11587	0.03446	0.01458	0.08808	0.05761	0.08580	0.01352	0.01484	0.01034	0.00628	0.00564	0.00173	0.00723	0.00492	0.00402	0.11351
6	0.01485	0.04110	0.07729	0.10581	0.03407	0.01633	0.57192	0.02019	0.01484	0.02006	0.01269	0.01697	0.00953	0.00560	0.00730	0.00214	0.01044	0.00712	0.00318	0.00858
7	0.00940	0.00626	0.00705	0.00705	0.00705	0.00626	0.00392	0.00940	0.00940	0.01253	0.02036	0.04228	0.02349	0.77292	0.03289	0.00626	0.00626	0.00940	0.00392	0.00392
8	0.01189	0.00604	0.00608	0.00608	0.00750	0.00604	0.00448	0.01474	0.01332	0.02344	0.02104	0.02512	0.01695	0.05077	0.00612	0.00177	0.00319	0.00621	0.76332	0.00590
9	0.01340	0.01148	0.01340	0.00957	0.01531	0.00861	0.00766	0.01627	0.01340	0.02105	0.01148	0.01340	0.00957	0.00479	0.00479	0.00096	0.00479	0.00383	0.00383	0.81242
10	0.01122	0.00561	0.00842	0.00842	0.00842	0.00561	0.00561	0.00842	0.00842	0.01122	0.01122	0.01964	0.01122	0.02245	0.02525	0.81201	0.00561	0.00561	0.00281	0.00281
11	0.01599	0.01535	0.02623	0.03966	0.73262	0.01535	0.01983	0.01983	0.01471	0.02111	0.01215	0.01599	0.01023	0.00576	0.00640	0.00192	0.00768	0.00576	0.00320	0.01023
12	0.01349	0.10848	0.63830	0.01803	0.02705	0.01614	0.05117	0.02036	0.01366	0.01994	0.01139	0.01347	0.00826	0.00605	0.00600	0.00198	0.00934	0.00476	0.00275	0.00939
13	0.01414	0.01414	0.01979	0.01696	0.01696	0.01979	0.01414	0.01555	0.00990	0.01555	0.00848	0.01414	0.00848	0.01131	0.02120	0.00283	0.76110	0.00565	0.00283	0.00707
14	0.00787	0.00562	0.00750	0.00900	0.00937	0.00525	0.00600	0.00900	0.01237	0.01649	0.03561	0.76871	0.04274	0.02024	0.00825	0.00262	0.00375	0.01837	0.00600	0.00525
15	0.00928	0.00671	0.00932	0.00932	0.01010	0.00750	0.00675	0.01085	0.01007	0.01421	0.01828	0.03078	0.01850	0.27991	0.51908	0.00907	0.01378	0.00771	0.00361	0.00518
16	0.01608	0.22454	0.33605	0.01672	0.02387	0.04022	0.10825	0.02213	0.06535	0.06915	0.01308	0.01455	0.00981	0.00622	0.00585	0.00188	0.00849	0.00508	0.00347	0.00919
17	0.00850	0.00648	0.00780	0.00768	0.00931	0.00579	0.00568	0.01086	0.01645	0.02203	0.42913	0.12946	0.28731	0.01503	0.00769	0.00215	0.00320	0.01306	0.00661	0.00579
18	0.01296	0.03342	0.73944	0.01842	0.02797	0.01501	0.02387	0.02046	0.01364	0.02046	0.01160	0.01364	0.00818	0.00614	0.00614	0.00205	0.00955	0.00477	0.00273	0.00955
19	0.01488	0.01479	0.05523	0.31378	0.37502	0.01524	0.01860	0.05803	0.03419	0.02057	0.01245	0.01656	0.00982	0.00624	0.00642	0.00202	0.00802	0.00575	0.00333	0.00907
20	0.01369	0.05720	0.63821	0.01874	0.02778	0.01535	0.08095	0.02071	0.01388	0.03775	0.01197	0.01405	0.00852	0.00610	0.00620	0.00203	0.00947	0.00501	0.00290	0.00947
21	0.00988	0.00804	0.01246	0.05170	0.10715	0.00789	0.04540	0.01193	0.01305	0.01751	0.02948	0.48691	0.03376	0.04240	0.00881	0.00265	0.00522	0.09429	0.00526	0.00621
22	0.37814	0.09746	0.01697	0.03347	0.10145	0.22064	0.01088	0.03829	0.01424	0.02292	0.00987	0.01175	0.00803	0.00616	0.00493	0.00183	0.00752	0.00406	0.00362	0.00776
23	0.00783	0.00635	0.00671	0.00699	0.00881	0.00544	0.00510	0.00942	0.01424	0.01750	0.05833	0.19359	0.57647	0.01679	0.00764	0.00224	0.00335	0.01426	0.03350	0.00544
24	0.01384	0.02616	0.47475	0.02038	0.07905	0.01429	0.14092	0.02015	0.01458	0.04738	0.07440	0.01777	0.01347	0.00667	0.00656	0.00206	0.00893	0.00600	0.00343	0.00921
25	0.27853	0.11739	0.01827	0.01576	0.09276	0.34216	0.01131	0.02216	0.01492	0.02055	0.00977	0.01158	0.00809	0.00621	0.00509	0.00176	0.00849	0.00403	0.00346	0.00772
