[name]
unknown

[dist]
# distance from previous block
# <min> <max>
0	74

[block]
# block no. 0 follows, 34 sequences, length 141
# corresponding to MSA columns:
# 74-214
name=unknown_A
#
# <colnr> <probs for GDERKNQSTAVLIFYWHMCP>
#	G	D	E	R	K	N	Q	S	T	A	V	L	I	F	Y	W	H	M	C	P
0	0.06328	0.07166	0.24916	0.01565	0.04024	0.14176	0.01525	0.06187	0.05264	0.14818	0.01534	0.01766	0.01160	0.00739	0.00654	0.00199	0.03182	0.03443	0.00440	0.00913
1	0.13313	0.01541	0.04125	0.02507	0.31692	0.03993	0.09260	0.03982	0.09161	0.09654	0.01621	0.01794	0.03164	0.00671	0.00623	0.00200	0.00720	0.00603	0.00433	0.00944
2	0.00961	0.00655	0.00901	0.00964	0.01077	0.00602	0.02809	0.01113	0.01327	0.06403	0.03741	0.57739	0.11418	0.01842	0.00809	0.00254	0.00417	0.05786	0.00604	0.00580
3	0.01506	0.06624	0.03353	0.04636	0.02954	0.01759	0.50044	0.01943	0.01395	0.01916	0.01182	0.01629	0.00940	0.00668	0.01014	0.00226	0.16380	0.00689	0.00313	0.00830
4	0.09177	0.13031	0.16875	0.01679	0.03998	0.11421	0.12718	0.04477	0.11992	0.04382	0.03338	0.01610	0.01191	0.00668	0.00599	0.00193	0.00816	0.00552	0.00400	0.00883
5	0.01592	0.23787	0.44057	0.01591	0.02356	0.07803	0.01859	0.04225	0.01455	0.04108	0.01128	0.01288	0.00855	0.00612	0.00558	0.00183	0.00879	0.00444	0.00306	0.00912
6	0.00792	0.00564	0.00748	0.00894	0.00930	0.00528	0.00593	0.00901	0.01228	0.01637	0.03513	0.74588	0.04213	0.04390	0.00902	0.00274	0.00383	0.01809	0.00593	0.00521
7	0.12519	0.03647	0.07925	0.01314	0.01800	0.06685	0.05124	0.10617	0.05225	0.28273	0.08736	0.02034	0.01700	0.00778	0.00620	0.00198	0.00652	0.00624	0.00593	0.00937
8	0.06617	0.07904	0.11179	0.01503	0.03938	0.05656	0.07886	0.07151	0.20741	0.08563	0.10456	0.02141	0.01879	0.00788	0.00633	0.00200	0.00674	0.00660	0.00519	0.00910
9	0.01629	0.01103	0.01277	0.01138	0.01453	0.01164	0.00888	0.06344	0.31611	0.15055	0.15819	0.10218	0.05076	0.01103	0.00702	0.00218	0.00475	0.03157	0.00682	0.00887
10	0.01333	0.05056	0.64265	0.01922	0.02833	0.01542	0.10056	0.02046	0.01381	0.02035	0.01169	0.01398	0.00837	0.00605	0.00626	0.00204	0.00963	0.00506	0.00279	0.00942
11	0.01534	0.08454	0.09341	0.02210	0.04534	0.01536	0.44506	0.02003	0.01510	0.06692	0.03923	0.04316	0.04909	0.00694	0.00710	0.00209	0.00914	0.00765	0.00383	0.00858
12	0.01433	0.01810	0.11865	0.17992	0.03533	0.01576	0.48106	0.01979	0.01457	0.01979	0.01256	0.01693	0.00936	0.00574	0.00720	0.00216	0.01025	0.00689	0.00312	0.00849
13	0.00866	0.00637	0.00811	0.00814	0.00947	0.00582	0.00593	0.01108	0.01646	0.02266	0.48483	0.21974	0.13823	0.01525	0.00777	0.00219	0.00324	0.01350	0.00671	0.00582
14	0.18375	0.01155	0.01395	0.03551	0.01653	0.01123	0.00929	0.04666	0.05997	0.48868	0.04307	0.02031	0.01543	0.00775	0.00604	0.00202	0.00545	0.00607	0.00688	0.00988
15	0.02582	0.01554	0.01774	0.01366	0.01873	0.01631	0.01127	0.45790	0.04745	0.27851	0.01926	0.01799	0.01297	0.00787	0.00648	0.00197	0.00650	0.00610	0.00699	0.01097
16	0.00799	0.00656	0.00703	0.00691	0.00894	0.00560	0.00518	0.00995	0.01555	0.01941	0.21882	0.05897	0.57541	0.01564	0.00763	0.00215	0.00322	0.01319	0.00626	0.00560
17	0.00777	0.00655	0.00674	0.00669	0.00881	0.00551	0.00502	0.00954	0.01505	0.01823	0.12629	0.06091	0.66868	0.01607	0.00764	0.00217	0.00325	0.01346	0.00610	0.00551
18	0.01349	0.12547	0.65207	0.01750	0.02656	0.01631	0.02229	0.02032	0.01358	0.01981	0.01127	0.01324	0.00820	0.00606	0.00589	0.00196	0.00922	0.00461	0.00273	0.00939
19	0.02456	0.01810	0.01939	0.01487	0.02004	0.02004	0.01228	0.71107	0.03038	0.04072	0.01551	0.01551	0.01099	0.00776	0.00646	0.00194	0.00711	0.00582	0.00646	0.01099
20	0.00940	0.00626	0.00705	0.00705	0.00705	0.00626	0.00392	0.00940	0.00940	0.01253	0.02036	0.04228	0.02349	0.77292	0.03289	0.00626	0.00626	0.00940	0.00392	0.00392
21	0.00801	0.00656	0.00706	0.00694	0.00896	0.00561	0.00520	0.01000	0.01561	0.01955	0.22960	0.05874	0.56455	0.01558	0.00763	0.00214	0.00322	0.01315	0.00628	0.00561
22	0.01311	0.03238	0.69358	0.01899	0.02834	0.01509	0.06869	0.02048	0.01375	0.02048	0.01169	0.01389	0.00829	0.00609	0.00624	0.00205	0.00964	0.00496	0.00276	0.00949
23	0.00787	0.00562	0.00750	0.00900	0.00937	0.00525	0.00600	0.00900	0.01237	0.01649	0.03561	0.76871	0.04274	0.02024	0.00825	0.00262	0.00375	0.01837	0.00600	0.00525
24	0.81856	0.01250	0.00950	0.00850	0.01250	0.01449	0.00700	0.01899	0.01100	0.02899	0.00900	0.01050	0.00700	0.00600	0.00400	0.00200	0.00500	0.00350	0.00400	0.00700
25	0.00909	0.00660	0.00856	0.00807	0.00962	0.00607	0.00605	0.01209	0.01816	0.02560	0.70485	0.04878	0.08552	0.01333	0.00762	0.00204	0.00306	0.01176	0.00707	0.00607
26	0.02405	0.01773	0.01909	0.01472	0.01975	0.01964	0.01214	0.68776	0.02971	0.03986	0.01557	0.01584	0.01116	0.00911	0.03116	0.00222	0.00745	0.00585	0.00636	0.01081
27	0.00860	0.00654	0.00791	0.00765	0.00934	0.00585	0.00571	0.01111	0.01688	0.02277	0.48500	0.08368	0.27633	0.01453	0.00765	0.00211	0.00315	0.01260	0.00671	0.00585
28	0.00955	0.00739	0.01100	0.01081	0.01189	0.00884	0.00847	0.01180	0.01035	0.01504	0.01673	0.02465	0.01565	0.04603	0.69983	0.00989	0.06595	0.00684	0.00342	0.00585
29	0.01727	0.77681	0.03386	0.01106	0.01658	0.02557	0.01106	0.01935	0.01313	0.01520	0.00898	0.01036	0.00829	0.00553	0.00415	0.00138	0.00691	0.00345	0.00276	0.00829
30	0.00938	0.00635	0.00747	0.00747	0.00761	0.00649	0.00444	0.00967	0.00952	0.01284	0.01997	0.04015	0.02256	0.68137	0.12317	0.00678	0.00766	0.00908	0.00386	0.00415
31	0.01340	0.01148	0.01340	0.00957	0.01531	0.00861	0.00766	0.01627	0.01340	0.02105	0.01148	0.01340	0.00957	0.00479	0.00479	0.00096	0.00479	0.00383	0.00383	0.81242
32	0.77921	0.05003	0.01069	0.00862	0.01270	0.01504	0.00720	0.01901	0.01110	0.02831	0.00900	0.01049	0.00706	0.00597	0.00401	0.00197	0.00509	0.00350	0.00394	0.00706
33	0.01607	0.01388	0.01461	0.01315	0.01680	0.01607	0.01023	0.03433	0.72094	0.02703	0.02630	0.02411	0.01972	0.00877	0.00657	0.00219	0.00511	0.00731	0.00657	0.01023
34	0.01686	0.03693	0.09085	0.03610	0.04044	0.01413	0.13099	0.15634	0.06359	0.05565	0.01408	0.01569	0.01065	0.00611	0.00599	0.00166	0.00704	0.00540	0.00443	0.28708
35	0.01344	0.10555	0.65271	0.01792	0.02700	0.01607	0.04010	0.02036	0.01363	0.01996	0.01138	0.01342	0.00824	0.00606	0.00598	0.00198	0.00933	0.00472	0.00275	0.00941
36	0.06924	0.01257	0.01563	0.01205	0.01703	0.01198	0.00995	0.17394	0.02061	0.55352	0.02253	0.02003	0.01447	0.00784	0.00636	0.00199	0.00581	0.00620	0.00747	0.01079
37	0.01810	0.01350	0.01489	0.01307	0.01687	0.01503	0.01044	0.12283	0.48084	0.10746	0.02553	0.02748	0.01984	0.00943	0.00678	0.00221	0.00551	0.07354	0.00666	0.01000
38	0.01530	0.01708	0.03616	0.02827	0.11173	0.01635	0.60765	0.02042	0.01500	0.02057	0.01281	0.01715	0.00981	0.00568	0.00796	0.00217	0.03646	0.00735	0.00324	0.00883
39	0.81856	0.01250	0.00950	0.00850	0.01250	0.01449	0.00700	0.01899	0.01100	0.02899	0.00900	0.01050	0.00700	0.00600	0.00400	0.00200	0.00500	0.00350	0.00400	0.00700
40	0.01041	0.00744	0.01041	0.01190	0.01339	0.00744	0.01041	0.01339	0.01487	0.01934	0.03421	0.07288	0.03719	0.01785	0.00892	0.00297	0.00595	0.68913	0.00595	0.00595
41	0.00965	0.00687	0.00843	0.00819	0.01008	0.00619	0.00635	0.01220	0.01673	0.05288	0.39929	0.05459	0.27687	0.01457	0.00773	0.00219	0.00357	0.09092	0.00665	0.00608
42	0.01607	0.01388	0.01461	0.01315	0.01680	0.01607	0.01023	0.03433	0.72094	0.02703	0.02630	0.02411	0.01972	0.00877	0.00657	0.00219	0.00511	0.00731	0.00657	0.01023
43	0.02414	0.03079	0.01831	0.01665	0.01998	0.74698	0.01248	0.02580	0.01831	0.01581	0.00999	0.01165	0.00832	0.00666	0.00583	0.00166	0.01165	0.00416	0.00333	0.00749
44	0.00804	0.00575	0.00770	0.00919	0.00964	0.00540	0.00630	0.00929	0.01254	0.01669	0.03552	0.72146	0.04236	0.02008	0.00829	0.00265	0.00390	0.06391	0.00599	0.00530
45	0.01510	0.01511	0.02774	0.17193	0.43854	0.01540	0.18170	0.01941	0.01450	0.02015	0.01224	0.01656	0.00983	0.00582	0.00670	0.00202	0.00861	0.00619	0.00315	0.00930
46	0.01220	0.01148	0.01938	0.75739	0.04450	0.01436	0.01794	0.01651	0.01292	0.01651	0.01148	0.01723	0.00861	0.00646	0.00646	0.00215	0.00861	0.00574	0.00287	0.00718
47	0.02414	0.03079	0.01831	0.01665	0.01998	0.74698	0.01248	0.02580	0.01831	0.01581	0.00999	0.01165	0.00832	0.00666	0.00583	0.00166	0.01165	0.00416	0.00333	0.00749
48	0.00914	0.00660	0.00864	0.00813	0.00965	0.00610	0.00610	0.01219	0.01829	0.02591	0.72921	0.04827	0.06097	0.01321	0.00762	0.00203	0.00305	0.01169	0.00711	0.00610
49	0.01669	0.67526	0.13024	0.01206	0.01814	0.02412	0.01281	0.01950	0.01320	0.01592	0.00934	0.01081	0.00828	0.00561	0.00442	0.00147	0.00727	0.00364	0.00276	0.00846
50	0.01220	0.01148	0.01938	0.75739	0.04450	0.01436	0.01794	0.01651	0.01292	0.01651	0.01148	0.01723	0.00861	0.00646	0.00646	0.00215	0.00861	0.00574	0.00287	0.00718
51	0.00821	0.00603	0.00775	0.00884	0.00970	0.00557	0.00628	0.00977	0.01352	0.01781	0.10608	0.52894	0.14419	0.01877	0.00816	0.00254	0.00383	0.08249	0.00610	0.00543
52	0.03973	0.01100	0.01623	0.15267	0.16834	0.01181	0.01233	0.05622	0.01414	0.12680	0.01760	0.08443	0.01571	0.09775	0.11583	0.00375	0.03595	0.00742	0.00440	0.00787
53	0.03799	0.01619	0.02635	0.10090	0.38356	0.07585	0.18307	0.01964	0.01475	0.02012	0.01323	0.05411	0.01138	0.00657	0.00668	0.00202	0.00859	0.00665	0.00336	0.00901
54	0.00786	0.00566	0.00746	0.00891	0.00935	0.00526	0.00596	0.00901	0.01246	0.01653	0.03671	0.74278	0.06796	0.02010	0.00822	0.00261	0.00373	0.01819	0.00600	0.00526
55	0.02414	0.03079	0.01831	0.01665	0.01998	0.74698	0.01248	0.02580	0.01831	0.01581	0.00999	0.01165	0.00832	0.00666	0.00583	0.00166	0.01165	0.00416	0.00333	0.00749
56	0.01385	0.01583	0.07598	0.14719	0.07056	0.01443	0.41145	0.01882	0.01502	0.02068	0.09337	0.02072	0.01546	0.00661	0.00718	0.00212	0.00914	0.00743	0.02595	0.00823
57	0.01458	0.01507	0.02701	0.22106	0.08880	0.03623	0.30776	0.04015	0.03797	0.01994	0.03585	0.01910	0.03020	0.00696	0.00820	0.00218	0.07030	0.00693	0.00352	0.00821
58	0.04974	0.01628	0.01800	0.01390	0.01895	0.01749	0.01146	0.52362	0.04856	0.18873	0.01778	0.01701	0.01220	0.00778	0.00640	0.00196	0.00664	0.00594	0.00672	0.01084
59	0.02288	0.02822	0.01703	0.01554	0.01868	0.66999	0.01166	0.02468	0.01782	0.01667	0.01114	0.01294	0.00918	0.00675	0.00569	0.00165	0.01075	0.00435	0.08702	0.00734
60	0.01702	0.68198	0.03160	0.03242	0.01740	0.02434	0.01117	0.02070	0.08097	0.01637	0.01071	0.01188	0.00940	0.00586	0.00444	0.00148	0.00679	0.00389	0.00313	0.00845
61	0.01315	0.01120	0.01312	0.00949	0.01498	0.00847	0.00756	0.01603	0.01369	0.02134	0.05370	0.01545	0.01259	0.00528	0.00495	0.00102	0.00468	0.00429	0.00402	0.76500
62	0.09319	0.24765	0.17484	0.08868	0.04048	0.06306	0.09917	0.02113	0.05894	0.03906	0.01196	0.01400	0.00935	0.00613	0.00557	0.00185	0.00808	0.00489	0.00338	0.00857
63	0.02406	0.01785	0.01911	0.01477	0.01985	0.01980	0.01216	0.67127	0.07099	0.03992	0.01615	0.01602	0.01150	0.00782	0.00647	0.00195	0.00699	0.00590	0.00647	0.01094
64	0.05226	0.01546	0.02902	0.02123	0.02679	0.01489	0.44389	0.06780	0.03783	0.08158	0.06109	0.01925	0.01386	0.00657	0.00746	0.00207	0.02939	0.00720	0.00428	0.05810
65	0.00787	0.00562	0.00750	0.00900	0.00937	0.00525	0.00600	0.00900	0.01237	0.01649	0.03561	0.76871	0.04274	0.02024	0.00825	0.00262	0.00375	0.01837	0.00600	0.00525
66	0.02040	0.02093	0.02357	0.05759	0.06935	0.27481	0.17908	0.10025	0.01764	0.08155	0.01273	0.01514	0.00978	0.00699	0.00793	0.00200	0.08198	0.00570	0.00398	0.00859
67	0.04122	0.06945	0.04306	0.02330	0.25750	0.28036	0.01478	0.07740	0.04712	0.02053	0.01255	0.03702	0.01067	0.00699	0.00650	0.00186	0.03176	0.00540	0.00371	0.00882
68	0.00905	0.00670	0.00802	0.00793	0.00926	0.00628	0.00569	0.01143	0.03431	0.02034	0.33672	0.09236	0.19694	0.17694	0.01310	0.00306	0.00403	0.04624	0.00605	0.00554
69	0.02003	0.12795	0.02272	0.01632	0.02047	0.27728	0.11678	0.17593	0.01899	0.02211	0.01401	0.08716	0.01250	0.00803	0.00671	0.00189	0.03220	0.00639	0.00419	0.00834
70	0.00824	0.00657	0.00738	0.00718	0.00910	0.00571	0.00538	0.01044	0.01615	0.02084	0.33114	0.05661	0.46220	0.01510	0.00763	0.00212	0.00318	0.01286	0.00645	0.00571
71	0.01340	0.01148	0.01340	0.00957	0.01531	0.00861	0.00766	0.01627	0.01340	0.02105	0.01148	0.01340	0.00957	0.00479	0.00479	0.00096	0.00479	0.00383	0.00383	0.81242
72	0.00837	0.00599	0.00778	0.00896	0.00956	0.00566	0.00623	0.00968	0.01265	0.01673	0.05662	0.54211	0.07889	0.10468	0.01106	0.00303	0.00425	0.09674	0.00579	0.00522
73	0.01354	0.13324	0.64470	0.01743	0.02644	0.01642	0.02215	0.02031	0.01357	0.01976	0.01124	0.01320	0.00820	0.00606	0.00587	0.00196	0.00919	0.00460	0.00273	0.00938
74	0.00909	0.00656	0.00859	0.00817	0.00964	0.00606	0.00609	0.01206	0.01804	0.02551	0.69944	0.07918	0.06018	0.01351	0.00765	0.00206	0.00308	0.01197	0.00706	0.00606
75	0.00862	0.00631	0.00806	0.00833	0.00952	0.00581	0.00603	0.01081	0.01563	0.02133	0.38717	0.28072	0.12962	0.03658	0.00856	0.00239	0.00349	0.03884	0.00650	0.00569
76	0.01525	0.01743	0.03813	0.02723	0.03377	0.01634	0.70915	0.02070	0.01525	0.02070	0.01307	0.01743	0.00980	0.00545	0.00763	0.00218	0.01089	0.00763	0.00327	0.00871
77	0.00923	0.00692	0.01038	0.01038	0.01154	0.00808	0.00808	0.01154	0.01038	0.01500	0.01731	0.02538	0.01615	0.04846	0.74732	0.01038	0.01731	0.00692	0.00346	0.00577
78	0.00764	0.00655	0.00655	0.00655	0.00873	0.00545	0.00491	0.00927	0.01473	0.01745	0.06546	0.06218	0.73000	0.01636	0.00764	0.00218	0.00327	0.01364	0.00600	0.00545
79	0.01296	0.03342	0.73944	0.01842	0.02797	0.01501	0.02387	0.02046	0.01364	0.02046	0.01160	0.01364	0.00818	0.00614	0.00614	0.00205	0.00955	0.00477	0.00273	0.00955
80	0.01727	0.77681	0.03386	0.01106	0.01658	0.02557	0.01106	0.01935	0.01313	0.01520	0.00898	0.01036	0.00829	0.00553	0.00415	0.00138	0.00691	0.00345	0.00276	0.00829
81	0.81856	0.01250	0.00950	0.00850	0.01250	0.01449	0.00700	0.01899	0.01100	0.02899	0.00900	0.01050	0.00700	0.00600	0.00400	0.00200	0.00500	0.00350	0.00400	0.00700
82	0.01220	0.01148	0.01938	0.75739	0.04450	0.01436	0.01794	0.01651	0.01292	0.01651	0.01148	0.01723	0.00861	0.00646	0.00646	0.00215	0.00861	0.00574	0.00287	0.00718
83	0.02414	0.03079	0.01831	0.01665	0.01998	0.74698	0.01248	0.02580	0.01831	0.01581	0.00999	0.01165	0.00832	0.00666	0.00583	0.00166	0.01165	0.00416	0.00333	0.00749
84	0.01340	0.01148	0.01340	0.00957	0.01531	0.00861	0.00766	0.01627	0.01340	0.02105	0.01148	0.01340	0.00957	0.00479	0.00479	0.00096	0.00479	0.00383	0.00383	0.81242
85	0.01727	0.77681	0.03386	0.01106	0.01658	0.02557	0.01106	0.01935	0.01313	0.01520	0.00898	0.01036	0.00829	0.00553	0.00415	0.00138	0.00691	0.00345	0.00276	0.00829
86	0.00828	0.00657	0.00744	0.00722	0.00912	0.00573	0.00542	0.01053	0.01626	0.02108	0.35021	0.05621	0.44297	0.01501	0.00763	0.00212	0.00318	0.01280	0.00648	0.00573
87	0.00923	0.00692	0.01038	0.01038	0.01154	0.00808	0.00808	0.01154	0.01038	0.01500	0.01731	0.02538	0.01615	0.04846	0.74732	0.01038	0.01731	0.00692	0.00346	0.00577
88	0.01607	0.01388	0.01461	0.01315	0.01680	0.01607	0.01023	0.03433	0.72094	0.02703	0.02630	0.02411	0.01972	0.00877	0.00657	0.00219	0.00511	0.00731	0.00657	0.01023
89	0.01220	0.01148	0.01938	0.75739	0.04450	0.01436	0.01794	0.01651	0.01292	0.01651	0.01148	0.01723	0.00861	0.00646	0.00646	0.00215	0.00861	0.00574	0.00287	0.00718
90	0.01362	0.14719	0.63146	0.01729	0.02622	0.01662	0.02191	0.02029	0.01356	0.01966	0.01120	0.01314	0.00820	0.00605	0.00583	0.00194	0.00915	0.00457	0.00273	0.00936
91	0.00940	0.00626	0.00705	0.00705	0.00705	0.00626	0.00392	0.00940	0.00940	0.01253	0.02036	0.04228	0.02349	0.77292	0.03289	0.00626	0.00626	0.00940	0.00392	0.00392
92	0.00914	0.00660	0.00864	0.00813	0.00965	0.00610	0.00610	0.01219	0.01829	0.02591	0.72921	0.04827	0.06097	0.01321	0.00762	0.00203	0.00305	0.01169	0.00711	0.00610
93	0.01296	0.03342	0.73944	0.01842	0.02797	0.01501	0.02387	0.02046	0.01364	0.02046	0.01160	0.01364	0.00818	0.00614	0.00614	0.00205	0.00955	0.00477	0.00273	0.00955
94	0.02899	0.01100	0.01499	0.01150	0.01649	0.00950	0.00950	0.03149	0.01849	0.73709	0.02549	0.02199	0.01599	0.00800	0.00650	0.00200	0.00550	0.00650	0.00800	0.01100
95	0.00775	0.00655	0.00670	0.00666	0.00880	0.00550	0.00500	0.00949	0.01499	0.01807	0.11393	0.06117	0.68113	0.01613	0.00764	0.00217	0.00326	0.01349	0.00608	0.00550
96	0.01228	0.01148	0.01899	0.70849	0.04259	0.01398	0.01727	0.01649	0.01295	0.01681	0.01148	0.01698	0.00868	0.00635	0.00635	0.00208	0.00836	0.00562	0.00293	0.05984
97	0.01220	0.01148	0.01938	0.75739	0.04450	0.01436	0.01794	0.01651	0.01292	0.01651	0.01148	0.01723	0.00861	0.00646	0.00646	0.00215	0.00861	0.00574	0.00287	0.00718
98	0.02485	0.01763	0.01910	0.01465	0.01981	0.01935	0.01210	0.66663	0.02960	0.08626	0.01617	0.01594	0.01132	0.00777	0.00647	0.00194	0.00700	0.00586	0.00656	0.01099
99	0.02414	0.03079	0.01831	0.01665	0.01998	0.74698	0.01248	0.02580	0.01831	0.01581	0.00999	0.01165	0.00832	0.00666	0.00583	0.00166	0.01165	0.00416	0.00333	0.00749
100	0.01525	0.01743	0.03813	0.02723	0.03377	0.01634	0.70915	0.02070	0.01525	0.02070	0.01307	0.01743	0.00980	0.00545	0.00763	0.00218	0.01089	0.00763	0.00327	0.00871
101	0.00923	0.00692	0.01038	0.01038	0.01154	0.00808	0.00808	0.01154	0.01038	0.01500	0.01731	0.02538	0.01615	0.04846	0.74732	0.01038	0.01731	0.00692	0.00346	0.00577
102	0.01525	0.01743	0.03813	0.02723	0.03377	0.01634	0.70915	0.02070	0.01525	0.02070	0.01307	0.01743	0.00980	0.00545	0.00763	0.00218	0.01089	0.00763	0.00327	0.00871
103	0.01220	0.01148	0.01938	0.75739	0.04450	0.01436	0.01794	0.01651	0.01292	0.01651	0.01148	0.01723	0.00861	0.00646	0.00646	0.00215	0.00861	0.00574	0.00287	0.00718
104	0.16924	0.01146	0.01414	0.01105	0.01588	0.01067	0.00913	0.04783	0.01749	0.59219	0.02229	0.01977	0.01426	0.00764	0.00605	0.00200	0.00545	0.00595	0.00724	0.01029
105	0.01599	0.01535	0.02623	0.03966	0.73262	0.01535	0.01983	0.01983	0.01471	0.02111	0.01215	0.01599	0.01023	0.00576	0.00640	0.00192	0.00768	0.00576	0.00320	0.01023
106	0.01014	0.00735	0.01003	0.01138	0.01293	0.00724	0.00988	0.01299	0.01486	0.01915	0.03726	0.07184	0.10479	0.01770	0.00880	0.00290	0.00569	0.62322	0.00595	0.00590
107	0.01570	0.01690	0.01904	0.01707	0.03688	0.16702	0.03094	0.01731	0.01210	0.01597	0.01142	0.08089	0.01158	0.01085	0.01616	0.00253	0.50076	0.00653	0.00323	0.00712
108	0.58352	0.01224	0.01125	0.00948	0.01378	0.01329	0.00782	0.04113	0.01355	0.22080	0.01363	0.01374	0.00954	0.00659	0.00474	0.00200	0.00519	0.00437	0.00515	0.00819
109	0.00811	0.00583	0.00770	0.00891	0.00952	0.00543	0.00612	0.00954	0.01325	0.01778	0.12190	0.63532	0.06600	0.01918	0.00817	0.00255	0.00372	0.03945	0.00613	0.00538
110	0.06802	0.01500	0.02233	0.16709	0.42265	0.06414	0.03513	0.02003	0.01464	0.06710	0.01416	0.01738	0.03132	0.00642	0.00629	0.00197	0.00776	0.00583	0.00360	0.00914
111	0.01517	0.01645	0.03351	0.02867	0.17916	0.01606	0.49557	0.01994	0.01477	0.02040	0.01327	0.01873	0.01071	0.00630	0.00830	0.00219	0.05911	0.02951	0.00331	0.00884
112	0.00787	0.00562	0.00750	0.00900	0.00937	0.00525	0.00600	0.00900	0.01237	0.01649	0.03561	0.76871	0.04274	0.02024	0.00825	0.00262	0.00375	0.01837	0.00600	0.00525
113	0.01220	0.01148	0.01938	0.75739	0.04450	0.01436	0.01794	0.01651	0.01292	0.01651	0.01148	0.01723	0.00861	0.00646	0.00646	0.00215	0.00861	0.00574	0.00287	0.00718
114	0.01748	0.75405	0.03338	0.01123	0.01669	0.04758	0.01110	0.01954	0.01329	0.01522	0.00901	0.01040	0.00829	0.00556	0.00420	0.00139	0.00705	0.00348	0.00278	0.00827
115	0.02349	0.01775	0.02025	0.01797	0.10932	0.01945	0.01323	0.62446	0.02842	0.03826	0.01509	0.01557	0.01089	0.00751	0.00646	0.00194	0.00718	0.00581	0.00605	0.01089
116	0.00787	0.00562	0.00750	0.00900	0.00937	0.00525	0.00600	0.00900	0.01237	0.01649	0.03561	0.76871	0.04274	0.02024	0.00825	0.00262	0.00375	0.01837	0.00600	0.00525
117	0.02870	0.01146	0.01528	0.01172	0.01673	0.01019	0.00968	0.07593	0.01927	0.69155	0.02484	0.02157	0.01567	0.00798	0.00650	0.00200	0.00560	0.00645	0.00790	0.01100
118	0.03871	0.15650	0.54513	0.01660	0.02476	0.01696	0.02031	0.02068	0.04372	0.01997	0.01161	0.01346	0.00867	0.00630	0.00621	0.00196	0.03166	0.00465	0.00294	0.00921
119	0.01599	0.01535	0.02623	0.03966	0.73262	0.01535	0.01983	0.01983	0.01471	0.02111	0.01215	0.01599	0.01023	0.00576	0.00640	0.00192	0.00768	0.00576	0.00320	0.01023
120	0.00769	0.00655	0.00662	0.00660	0.00876	0.00548	0.00495	0.00938	0.01486	0.01777	0.08982	0.06167	0.70544	0.01625	0.00764	0.00218	0.00326	0.01356	0.00604	0.00548
121	0.05579	0.03311	0.01210	0.01048	0.03625	0.00987	0.00794	0.08155	0.06717	0.15339	0.25108	0.03792	0.19482	0.01134	0.00691	0.00204	0.00443	0.00950	0.00650	0.00782
122	0.01521	0.24152	0.45402	0.01653	0.02449	0.01778	0.06427	0.02077	0.01387	0.05844	0.01172	0.01342	0.00875	0.00602	0.00569	0.00186	0.00867	0.00468	0.00306	0.00922
123	0.01313	0.03221	0.68629	0.01908	0.02841	0.01511	0.07581	0.02048	0.01376	0.02048	0.01171	0.01393	0.00831	0.00609	0.00625	0.00206	0.00965	0.00499	0.00277	0.00949
124	0.00925	0.00620	0.00709	0.00724	0.00727	0.00617	0.00412	0.00936	0.00969	0.01292	0.02185	0.11316	0.02537	0.69948	0.03048	0.00591	0.00602	0.01027	0.00412	0.00405
125	0.01340	0.01148	0.01340	0.00957	0.01531	0.00861	0.00766	0.01627	0.01340	0.02105	0.01148	0.01340	0.00957	0.00479	0.00479	0.00096	0.00479	0.00383	0.00383	0.81242
126	0.01609	0.54604	0.20604	0.01391	0.02048	0.02239	0.05983	0.01971	0.01339	0.01684	0.00989	0.01163	0.00836	0.00567	0.00486	0.00160	0.00781	0.00405	0.00279	0.00863
127	0.00832	0.00594	0.00801	0.00950	0.01007	0.00563	0.00677	0.00976	0.01281	0.01699	0.03537	0.64738	0.04177	0.01983	0.00837	0.00269	0.00413	0.13532	0.00599	0.00537
128	0.01476	0.04332	0.34253	0.02106	0.09744	0.01540	0.17647	0.08487	0.03540	0.02296	0.07094	0.01793	0.01363	0.00672	0.00661	0.00204	0.00872	0.00622	0.00371	0.00927
129	0.03685	0.19940	0.11588	0.01387	0.05019	0.05728	0.03330	0.07505	0.01534	0.06474	0.01305	0.04588	0.01091	0.00644	0.00540	0.00156	0.00682	0.00502	0.00392	0.23910
130	0.01913	0.04156	0.01992	0.01573	0.03885	0.09025	0.09221	0.23986	0.08693	0.04864	0.01499	0.01647	0.01147	0.00734	0.00753	0.00189	0.07842	0.00572	0.06358	0.09953
131	0.00914	0.00660	0.00864	0.00813	0.00965	0.00610	0.00610	0.01219	0.01829	0.02591	0.72921	0.04827	0.06097	0.01321	0.00762	0.00203	0.00305	0.01169	0.00711	0.00610
132	0.01655	0.04161	0.20277	0.02452	0.14738	0.04689	0.29242	0.02159	0.01502	0.08917	0.01339	0.01618	0.00994	0.00611	0.00712	0.00206	0.02825	0.00620	0.00356	0.00929
133	0.11022	0.37484	0.02484	0.03474	0.01828	0.16018	0.01132	0.15821	0.01730	0.02199	0.01055	0.01185	0.00870	0.00627	0.00498	0.00164	0.00769	0.00413	0.00375	0.00850
134	0.00774	0.00655	0.00668	0.00665	0.00879	0.00550	0.00499	0.00946	0.01496	0.01801	0.10886	0.06127	0.68624	0.01616	0.00764	0.00217	0.00326	0.01351	0.00607	0.00550
135	0.00872	0.00648	0.00767	0.00785	0.00948	0.00574	0.00579	0.01067	0.01520	0.03756	0.23005	0.22657	0.34889	0.01631	0.00779	0.00227	0.00348	0.03743	0.00634	0.00573
136	0.01669	0.04343	0.18232	0.14229	0.18928	0.08594	0.13387	0.02128	0.01495	0.08933	0.01307	0.01591	0.00977	0.00620	0.00644	0.00199	0.00893	0.00570	0.00352	0.00909
137	0.01246	0.01177	0.01974	0.70346	0.04299	0.01449	0.03843	0.01740	0.04338	0.01709	0.01217	0.01753	0.00913	0.00653	0.00650	0.00216	0.00853	0.00587	0.00304	0.00735
138	0.01762	0.01326	0.01448	0.01277	0.01654	0.01486	0.01000	0.03325	0.60278	0.12411	0.04828	0.02458	0.02051	0.00880	0.00660	0.00216	0.00510	0.00733	0.00679	0.01020
139	0.08646	0.19710	0.04257	0.01360	0.01813	0.18983	0.01151	0.16309	0.17238	0.02436	0.01440	0.01481	0.01123	0.00701	0.00558	0.00181	0.00759	0.00498	0.00457	0.00900
140	0.19628	0.01175	0.02996	0.09686	0.01789	0.01107	0.00932	0.03567	0.04435	0.06234	0.07869	0.03823	0.01605	0.00729	0.00553	0.00170	0.00536	0.02795	0.00456	0.29914

[dist]
# distance from previous block
# <min> <max>
0	47

# created by:
# /home/berkeley/.conda/envs/busco_data_prod/bin/msa2prfl.pl pipeline/OGs_align_augustus/4893/13518.fs
