[name]
unknown

[dist]
# distance from previous block
# <min> <max>
0	8

[block]
# block no. 0 follows, 34 sequences, length 38
# corresponding to MSA columns:
# 8-45
name=unknown_A
#
# <colnr> <probs for GDERKNQSTAVLIFYWHMCP>
#	G	D	E	R	K	N	Q	S	T	A	V	L	I	F	Y	W	H	M	C	P
0	0.05258	0.06697	0.02365	0.12011	0.14121	0.09985	0.16311	0.10601	0.01674	0.04137	0.01573	0.03925	0.03148	0.00754	0.00658	0.00203	0.00833	0.04489	0.00403	0.00853
1	0.06831	0.01120	0.01535	0.11693	0.10959	0.01155	0.03429	0.09790	0.04256	0.08709	0.12086	0.13868	0.06303	0.01021	0.00676	0.00208	0.00576	0.00891	0.00530	0.04363
2	0.02053	0.01649	0.01709	0.01411	0.01850	0.04029	0.01131	0.36980	0.35697	0.03348	0.02045	0.01946	0.01504	0.00820	0.00650	0.00205	0.00630	0.00647	0.00642	0.01052
3	0.01306	0.01258	0.01761	0.01545	0.01561	0.01719	0.01266	0.01452	0.01009	0.01547	0.01151	0.06411	0.01192	0.03683	0.10160	0.00375	0.60947	0.00671	0.00313	0.00672
4	0.00923	0.00692	0.01038	0.01038	0.01154	0.00808	0.00808	0.01154	0.01038	0.01500	0.01731	0.02538	0.01615	0.04846	0.74732	0.01038	0.01731	0.00692	0.00346	0.00577
5	0.01413	0.10340	0.59177	0.01746	0.02606	0.01585	0.03944	0.04016	0.01428	0.03996	0.01251	0.01538	0.00935	0.00649	0.00608	0.00201	0.00905	0.02416	0.00309	0.00938
6	0.00849	0.00673	0.00765	0.00746	0.00934	0.00599	0.00557	0.01112	0.03516	0.02111	0.33262	0.08159	0.41397	0.01502	0.00762	0.00214	0.00325	0.01285	0.00647	0.00584
7	0.00787	0.00562	0.00750	0.00900	0.00937	0.00525	0.00600	0.00900	0.01237	0.01649	0.03561	0.76871	0.04274	0.02024	0.00825	0.00262	0.00375	0.01837	0.00600	0.00525
8	0.51078	0.04886	0.01412	0.10145	0.05013	0.10291	0.01002	0.05815	0.01344	0.02560	0.00992	0.01196	0.00778	0.00620	0.00476	0.00194	0.00655	0.00408	0.00383	0.00750
9	0.00834	0.00624	0.00774	0.00807	0.00934	0.00565	0.00578	0.01038	0.01536	0.02060	0.32854	0.30655	0.21088	0.01644	0.00785	0.00228	0.00335	0.01451	0.00646	0.00565
10	0.01640	0.10915	0.20789	0.01648	0.09024	0.10304	0.01455	0.04068	0.09498	0.04442	0.01336	0.01471	0.01038	0.00618	0.00565	0.00167	0.00751	0.00480	0.00382	0.19408
11	0.02075	0.01350	0.01544	0.01233	0.01628	0.01426	0.00993	0.35320	0.04143	0.15708	0.08974	0.04331	0.01886	0.05195	0.00849	0.00220	0.03307	0.00705	0.04922	0.04190
12	0.01815	0.60195	0.03200	0.01352	0.03709	0.05023	0.06857	0.04821	0.01447	0.04923	0.01044	0.01187	0.00892	0.00577	0.00475	0.00152	0.00738	0.00412	0.00322	0.00858
13	0.02216	0.01117	0.01345	0.01086	0.01480	0.01098	0.00879	0.15422	0.07163	0.35160	0.07946	0.02348	0.01907	0.00833	0.00618	0.00190	0.00507	0.00675	0.17055	0.00953
14	0.01881	0.16262	0.09126	0.01442	0.01968	0.04330	0.04368	0.24185	0.21956	0.02759	0.01651	0.01667	0.01249	0.00722	0.00599	0.00188	0.00698	0.00564	0.00509	0.03877
15	0.01302	0.01202	0.03288	0.01266	0.01553	0.07618	0.09721	0.06568	0.03907	0.04420	0.05404	0.33036	0.09882	0.01335	0.00733	0.00220	0.00587	0.01196	0.00534	0.06227
16	0.07115	0.10629	0.16726	0.01521	0.02077	0.03952	0.11643	0.10448	0.03747	0.09361	0.01760	0.07908	0.03319	0.00811	0.00629	0.00199	0.00742	0.02483	0.00450	0.04482
17	0.04132	0.15303	0.44505	0.01554	0.02294	0.01594	0.03683	0.02096	0.05946	0.04478	0.03455	0.01564	0.01124	0.00653	0.00577	0.00192	0.00802	0.00508	0.04636	0.00903
18	0.00794	0.00644	0.00704	0.00713	0.00897	0.00555	0.00526	0.00977	0.01509	0.01888	0.18259	0.14511	0.52516	0.01626	0.00771	0.00221	0.00329	0.01385	0.00620	0.00555
19	0.01561	0.01496	0.02554	0.11159	0.66366	0.01525	0.01964	0.01950	0.01453	0.02065	0.01209	0.01612	0.01007	0.00583	0.00640	0.00194	0.00777	0.00576	0.00317	0.00993
20	0.01439	0.01466	0.04814	0.17655	0.37920	0.01453	0.12139	0.01911	0.04550	0.02001	0.01460	0.07569	0.01275	0.00713	0.00674	0.00208	0.00799	0.00706	0.00350	0.00898
21	0.02684	0.01119	0.01508	0.04498	0.01761	0.01017	0.00986	0.05440	0.04218	0.62740	0.05298	0.02268	0.01743	0.00816	0.00654	0.00201	0.00558	0.00668	0.00763	0.01060
22	0.00923	0.00692	0.01038	0.01038	0.01154	0.00808	0.00808	0.01154	0.01038	0.01500	0.01731	0.02538	0.01615	0.04846	0.74732	0.01038	0.01731	0.00692	0.00346	0.00577
23	0.01364	0.01295	0.02197	0.48537	0.30530	0.01473	0.01866	0.01777	0.01360	0.01825	0.01174	0.01676	0.00923	0.00619	0.00644	0.00206	0.00826	0.00575	0.00300	0.00834
24	0.01591	0.07089	0.36624	0.04014	0.08006	0.06764	0.08013	0.02165	0.03834	0.08515	0.03877	0.01628	0.01151	0.00674	0.00675	0.00201	0.03347	0.00553	0.00363	0.00919
25	0.01222	0.01091	0.01818	0.26665	0.20451	0.01173	0.05332	0.01561	0.01365	0.01850	0.01979	0.17684	0.01984	0.01048	0.00712	0.00227	0.00700	0.09341	0.03052	0.00745
26	0.00785	0.00570	0.00742	0.00879	0.00932	0.00527	0.00590	0.00902	0.01257	0.01658	0.03818	0.70781	0.10197	0.01991	0.00819	0.00259	0.00371	0.01796	0.00600	0.00527
27	0.00793	0.00566	0.00755	0.00896	0.00938	0.00528	0.00600	0.00913	0.01262	0.01689	0.06467	0.73853	0.04350	0.01995	0.00822	0.00260	0.00372	0.01809	0.00604	0.00528
28	0.05607	0.02281	0.15429	0.03971	0.02120	0.21253	0.01404	0.22230	0.06363	0.06999	0.03539	0.01584	0.01178	0.00735	0.00650	0.00194	0.02536	0.00538	0.00473	0.00919
29	0.01820	0.01259	0.01407	0.01210	0.01579	0.01352	0.00953	0.14532	0.33970	0.15170	0.06331	0.07821	0.07706	0.01008	0.00679	0.00214	0.00518	0.00839	0.00675	0.00956
30	0.01414	0.01414	0.01979	0.01696	0.01696	0.01979	0.01414	0.01555	0.00990	0.01555	0.00848	0.01414	0.00848	0.01131	0.02120	0.00283	0.76110	0.00565	0.00283	0.00707
31	0.01340	0.01148	0.01340	0.00957	0.01531	0.00861	0.00766	0.01627	0.01340	0.02105	0.01148	0.01340	0.00957	0.00479	0.00479	0.00096	0.00479	0.00383	0.00383	0.81242
32	0.01727	0.77681	0.03386	0.01106	0.01658	0.02557	0.01106	0.01935	0.01313	0.01520	0.00898	0.01036	0.00829	0.00553	0.00415	0.00138	0.00691	0.00345	0.00276	0.00829
33	0.01599	0.01535	0.02623	0.03966	0.73262	0.01535	0.01983	0.01983	0.01471	0.02111	0.01215	0.01599	0.01023	0.00576	0.00640	0.00192	0.00768	0.00576	0.00320	0.01023
34	0.01637	0.01452	0.01749	0.01647	0.08643	0.07695	0.08237	0.19559	0.12406	0.02526	0.02521	0.15488	0.08956	0.01079	0.00706	0.00216	0.00664	0.03427	0.00542	0.00853
35	0.24656	0.01592	0.04793	0.14605	0.08482	0.08025	0.10869	0.06946	0.05552	0.03861	0.01322	0.04202	0.01060	0.00689	0.00591	0.00205	0.00757	0.00575	0.00400	0.00818
36	0.11768	0.10460	0.01750	0.01443	0.08480	0.07248	0.03825	0.14771	0.05661	0.02461	0.06753	0.06851	0.05732	0.03677	0.00698	0.00206	0.00629	0.00700	0.04040	0.02846
37	0.10340	0.05828	0.07402	0.06112	0.03427	0.16463	0.04583	0.09393	0.04212	0.05479	0.11069	0.05200	0.04197	0.00853	0.00662	0.00198	0.02642	0.00675	0.00464	0.00801

[dist]
# distance from previous block
# <min> <max>
1	18

[block]
# block no. 1 follows, 34 sequences, length 56
# corresponding to MSA columns:
# 64-119
name=unknown_B
#
# <colnr> <probs for GDERKNQSTAVLIFYWHMCP>
#	G	D	E	R	K	N	Q	S	T	A	V	L	I	F	Y	W	H	M	C	P
0	0.08626	0.06964	0.02006	0.01779	0.12527	0.11120	0.05996	0.21327	0.04236	0.02584	0.01743	0.01868	0.07386	0.00757	0.00654	0.00188	0.03078	0.00597	0.00456	0.06109
1	0.07843	0.03084	0.01113	0.00967	0.01182	0.00952	0.00757	0.01529	0.05881	0.06921	0.25322	0.09956	0.13252	0.01567	0.07631	0.00290	0.07309	0.00982	0.00569	0.02892
2	0.02159	0.07172	0.07741	0.01422	0.01943	0.01827	0.01245	0.39976	0.17973	0.09192	0.01795	0.01744	0.01292	0.00771	0.00630	0.00197	0.00672	0.00595	0.00605	0.01051
3	0.00838	0.00652	0.00761	0.00746	0.00921	0.00575	0.00555	0.01066	0.01629	0.02147	0.38339	0.10023	0.36410	0.01509	0.00767	0.00214	0.00319	0.01300	0.00654	0.00575
4	0.02009	0.20526	0.09769	0.01557	0.02024	0.38914	0.04249	0.02443	0.09322	0.01759	0.01183	0.01316	0.00961	0.00652	0.00562	0.00172	0.00956	0.00455	0.00348	0.00825
5	0.01637	0.10531	0.09749	0.11070	0.19207	0.01638	0.18746	0.02079	0.02809	0.09014	0.01321	0.01623	0.01014	0.00644	0.00747	0.00204	0.06106	0.00595	0.00359	0.00906
6	0.00765	0.00649	0.00660	0.00669	0.00877	0.00544	0.00497	0.00926	0.01459	0.01740	0.06368	0.10413	0.68919	0.01659	0.00767	0.00221	0.00330	0.01392	0.00600	0.00544
7	0.01547	0.01678	0.03431	0.02989	0.20977	0.01608	0.51087	0.02095	0.03945	0.02102	0.01330	0.01730	0.01025	0.00564	0.00728	0.00211	0.00988	0.00714	0.00336	0.00915
8	0.01395	0.15291	0.41394	0.01878	0.04837	0.01669	0.13844	0.01954	0.01374	0.01929	0.01339	0.03361	0.02928	0.00671	0.00669	0.00200	0.03509	0.00568	0.00302	0.00891
9	0.02899	0.01100	0.01499	0.01150	0.01649	0.00950	0.00950	0.03149	0.01849	0.73709	0.02549	0.02199	0.01599	0.00800	0.00650	0.00200	0.00550	0.00650	0.00800	0.01100
10	0.00924	0.00690	0.01027	0.01027	0.01138	0.00801	0.00793	0.01146	0.01035	0.01491	0.01741	0.02597	0.01641	0.07365	0.72248	0.01024	0.01692	0.00701	0.00348	0.00570
11	0.04122	0.01325	0.02242	0.39549	0.29690	0.01463	0.05521	0.01868	0.01388	0.04926	0.01233	0.01676	0.00954	0.00619	0.00642	0.00206	0.00814	0.00581	0.00327	0.00855
12	0.00981	0.00773	0.00898	0.00847	0.01052	0.00749	0.00641	0.01485	0.12802	0.02368	0.42918	0.04843	0.24521	0.01341	0.00746	0.00210	0.00344	0.01155	0.00671	0.00656
13	0.00787	0.00562	0.00750	0.00900	0.00937	0.00525	0.00600	0.00900	0.01237	0.01649	0.03561	0.76871	0.04274	0.02024	0.00825	0.00262	0.00375	0.01837	0.00600	0.00525
14	0.06708	0.01389	0.01492	0.01205	0.01612	0.01488	0.00976	0.40788	0.04809	0.07584	0.08031	0.04481	0.12311	0.00972	0.00658	0.00200	0.00572	0.00772	0.03030	0.00923
15	0.01922	0.46573	0.07036	0.01421	0.04067	0.25991	0.01255	0.02153	0.01490	0.01590	0.00956	0.01115	0.00836	0.00594	0.00488	0.00153	0.00864	0.00384	0.00296	0.00817
16	0.01511	0.08536	0.11955	0.03450	0.05414	0.02721	0.05308	0.06204	0.01536	0.07488	0.04007	0.05179	0.07923	0.00762	0.00596	0.00167	0.00637	0.00639	0.00434	0.25533
17	0.01547	0.11946	0.17830	0.03545	0.17945	0.03759	0.07171	0.03644	0.12055	0.04208	0.06379	0.04149	0.01547	0.00734	0.00630	0.00197	0.00748	0.00639	0.00411	0.00917
18	0.01350	0.01178	0.04340	0.01287	0.03344	0.02965	0.03802	0.15956	0.10520	0.02328	0.02708	0.41788	0.02875	0.01429	0.00744	0.00234	0.00546	0.01268	0.00578	0.00757
19	0.01233	0.01161	0.01961	0.73337	0.06753	0.01439	0.01801	0.01662	0.01298	0.01666	0.01151	0.01719	0.00867	0.00644	0.00646	0.00215	0.00858	0.00574	0.00288	0.00728
20	0.04904	0.01607	0.09302	0.03352	0.17562	0.03416	0.05806	0.12497	0.06305	0.18789	0.01796	0.03924	0.01364	0.00759	0.00643	0.00202	0.00702	0.02364	0.03739	0.00969
21	0.01574	0.01770	0.16129	0.08002	0.20448	0.01394	0.18696	0.02085	0.03854	0.10399	0.01884	0.02094	0.07256	0.00708	0.00678	0.00207	0.00818	0.00684	0.00402	0.00918
22	0.00923	0.00692	0.01038	0.01038	0.01154	0.00808	0.00808	0.01154	0.01038	0.01500	0.01731	0.02538	0.01615	0.04846	0.74732	0.01038	0.01731	0.00692	0.00346	0.00577
23	0.01799	0.69853	0.03223	0.01164	0.01694	0.10127	0.01121	0.02002	0.01367	0.01527	0.00909	0.01050	0.00830	0.00565	0.00432	0.00141	0.00741	0.00353	0.00282	0.00821
24	0.05113	0.01721	0.14411	0.08709	0.20088	0.03933	0.01562	0.06164	0.06054	0.16817	0.01680	0.03839	0.01299	0.00760	0.00681	0.00207	0.02819	0.02730	0.00465	0.00946
25	0.01484	0.06967	0.27452	0.01633	0.04064	0.01449	0.07508	0.12052	0.03027	0.04652	0.01756	0.13429	0.01601	0.01094	0.03842	0.00250	0.03326	0.03125	0.00425	0.00865
26	0.00788	0.00580	0.00740	0.00860	0.00929	0.00531	0.00584	0.00915	0.01294	0.01698	0.06524	0.63676	0.14632	0.01941	0.00813	0.00254	0.00365	0.01742	0.00604	0.00531
27	0.01640	0.01310	0.10826	0.03481	0.05369	0.03460	0.01111	0.04178	0.04102	0.21737	0.02665	0.27649	0.04391	0.01237	0.00715	0.00226	0.00585	0.03917	0.00583	0.00819
28	0.01378	0.11559	0.45554	0.01819	0.07009	0.01516	0.06812	0.01954	0.01424	0.03969	0.07204	0.04181	0.01417	0.00710	0.00623	0.00199	0.00837	0.00595	0.00342	0.00900
29	0.06696	0.08554	0.06589	0.01655	0.05005	0.18760	0.08719	0.22111	0.05687	0.02578	0.04074	0.01717	0.03568	0.00731	0.00616	0.00189	0.00823	0.00577	0.00457	0.00894
30	0.11886	0.01140	0.01421	0.01225	0.01463	0.06127	0.09161	0.04464	0.01293	0.04288	0.01835	0.02738	0.04479	0.17793	0.18180	0.00488	0.05130	0.03545	0.02696	0.00648
31	0.01735	0.01553	0.02502	0.03653	0.64852	0.04031	0.01872	0.02100	0.01515	0.08023	0.01318	0.01634	0.01065	0.00597	0.00639	0.00192	0.00763	0.00576	0.00360	0.01020
32	0.01659	0.01359	0.02180	0.06658	0.43773	0.01391	0.02985	0.04507	0.03470	0.10399	0.01667	0.10212	0.01470	0.00812	0.00738	0.00208	0.04408	0.00735	0.00425	0.00944
33	0.01692	0.01587	0.02246	0.06113	0.04637	0.11248	0.22443	0.08438	0.06340	0.07531	0.01847	0.13067	0.01661	0.00925	0.00784	0.00219	0.04627	0.03303	0.00460	0.00830
34	0.81856	0.01250	0.00950	0.00850	0.01250	0.01449	0.00700	0.01899	0.01100	0.02899	0.00900	0.01050	0.00700	0.00600	0.00400	0.00200	0.00500	0.00350	0.00400	0.00700
35	0.00914	0.00639	0.00776	0.00776	0.00831	0.00639	0.00501	0.01010	0.01137	0.01542	0.13044	0.07930	0.07383	0.46815	0.12846	0.00577	0.00704	0.01012	0.00457	0.00468
36	0.01301	0.01249	0.01583	0.01415	0.01484	0.06051	0.01139	0.01522	0.03327	0.01638	0.05851	0.04258	0.01551	0.04761	0.18600	0.00454	0.42116	0.00681	0.00353	0.00666
37	0.16289	0.02357	0.01752	0.01774	0.11186	0.42970	0.01222	0.08736	0.01756	0.02122	0.01240	0.01401	0.03182	0.00684	0.00570	0.00180	0.00926	0.00471	0.00381	0.00803
38	0.01719	0.01313	0.01361	0.07318	0.01677	0.08621	0.00945	0.11565	0.17491	0.09947	0.04332	0.02449	0.01742	0.13441	0.01089	0.00267	0.02230	0.00686	0.10996	0.00809
39	0.75316	0.01237	0.00995	0.00875	0.01283	0.01408	0.00720	0.02003	0.01162	0.08764	0.01036	0.01145	0.00774	0.00616	0.00421	0.00200	0.00504	0.00375	0.00433	0.00733
40	0.01621	0.59317	0.20816	0.01287	0.01940	0.02296	0.01422	0.01962	0.01326	0.01650	0.00963	0.01117	0.00827	0.00568	0.00464	0.00155	0.00756	0.00378	0.00276	0.00860
41	0.72678	0.01232	0.01014	0.00885	0.01296	0.01391	0.00729	0.02045	0.01187	0.11130	0.01091	0.01183	0.00804	0.00623	0.00429	0.00200	0.00506	0.00385	0.00446	0.00746
42	0.00809	0.00579	0.00769	0.00885	0.00942	0.00539	0.00601	0.00953	0.01336	0.01807	0.15193	0.64788	0.04579	0.01906	0.00814	0.00252	0.00363	0.01725	0.00618	0.00539
43	0.01699	0.72859	0.07963	0.01153	0.01732	0.02488	0.01189	0.01942	0.01316	0.01554	0.00915	0.01058	0.00828	0.00557	0.00428	0.00143	0.00708	0.00354	0.00276	0.00837
44	0.01546	0.07089	0.50665	0.01668	0.02461	0.01598	0.01967	0.12253	0.06026	0.04576	0.01400	0.03457	0.01048	0.00693	0.00617	0.00202	0.00849	0.00542	0.00377	0.00966
45	0.00962	0.00722	0.00956	0.00925	0.01000	0.00799	0.00668	0.01114	0.01146	0.01606	0.13665	0.03549	0.05147	0.29271	0.28763	0.00664	0.07218	0.00871	0.00426	0.00527
46	0.02455	0.01853	0.01935	0.01493	0.02004	0.04467	0.01229	0.68785	0.02997	0.03988	0.01533	0.01538	0.01090	0.00772	0.00644	0.00193	0.00726	0.00576	0.00636	0.01087
47	0.00787	0.00562	0.00750	0.00900	0.00937	0.00525	0.00600	0.00900	0.01237	0.01649	0.03561	0.76871	0.04274	0.02024	0.00825	0.00262	0.00375	0.01837	0.00600	0.00525
48	0.01727	0.77681	0.03386	0.01106	0.01658	0.02557	0.01106	0.01935	0.01313	0.01520	0.00898	0.01036	0.00829	0.00553	0.00415	0.00138	0.00691	0.00345	0.00276	0.00829
49	0.04280	0.23154	0.22585	0.01676	0.08376	0.04089	0.03760	0.09309	0.08457	0.02175	0.01398	0.05485	0.01170	0.00711	0.00577	0.00188	0.00761	0.00562	0.00380	0.00907
50	0.00933	0.00624	0.00707	0.00713	0.00715	0.00622	0.00400	0.00938	0.00952	0.01270	0.02100	0.07294	0.02430	0.74116	0.03185	0.00611	0.00616	0.00977	0.00400	0.00397
51	0.04265	0.08513	0.33364	0.05864	0.02286	0.08712	0.01656	0.08592	0.03046	0.04511	0.01469	0.01702	0.03491	0.02870	0.02918	0.00233	0.02935	0.00538	0.02169	0.00867
52	0.00993	0.00690	0.00847	0.00838	0.00898	0.00736	0.00555	0.01172	0.05485	0.01447	0.01958	0.03501	0.02054	0.47045	0.22838	0.03633	0.00913	0.00833	0.03081	0.00486
53	0.01880	0.30180	0.04837	0.01360	0.01768	0.23893	0.01182	0.09185	0.01657	0.01900	0.05757	0.01594	0.03682	0.00752	0.00689	0.00175	0.07832	0.00504	0.00371	0.00802
54	0.03627	0.06104	0.43076	0.03688	0.02379	0.01445	0.01788	0.05819	0.05042	0.06697	0.01321	0.01462	0.00961	0.00624	0.00585	0.00184	0.00792	0.00485	0.00367	0.13553
55	0.05855	0.16116	0.17996	0.04330	0.09444	0.04079	0.08994	0.02150	0.07674	0.07682	0.03993	0.01778	0.03289	0.00702	0.00649	0.00195	0.03217	0.00577	0.00394	0.00886

[dist]
# distance from previous block
# <min> <max>
0	10

[block]
# block no. 2 follows, 34 sequences, length 29
# corresponding to MSA columns:
# 130-158
name=unknown_C
#
# <colnr> <probs for GDERKNQSTAVLIFYWHMCP>
#	G	D	E	R	K	N	Q	S	T	A	V	L	I	F	Y	W	H	M	C	P
0	0.12792	0.01317	0.12266	0.04233	0.01608	0.03614	0.04328	0.03862	0.01331	0.02042	0.02086	0.24062	0.02138	0.01343	0.02834	0.05599	0.00632	0.05159	0.08091	0.00665
1	0.03506	0.04133	0.28214	0.01610	0.04317	0.04315	0.04958	0.05315	0.06777	0.02126	0.08458	0.08632	0.01799	0.02944	0.00900	0.00228	0.09809	0.00721	0.00407	0.00830
2	0.00931	0.00661	0.00880	0.00880	0.00941	0.00722	0.00610	0.01052	0.00992	0.01383	0.01876	0.03340	0.01964	0.39226	0.40828	0.00843	0.01207	0.00810	0.00368	0.00489
3	0.01582	0.01223	0.01369	0.03845	0.01589	0.04163	0.00991	0.17074	0.14327	0.05461	0.06759	0.05060	0.07409	0.01312	0.05429	0.00270	0.05392	0.08798	0.07133	0.00814
4	0.01041	0.00787	0.01129	0.06196	0.04975	0.00797	0.01065	0.01327	0.01450	0.01887	0.03359	0.12819	0.07498	0.01664	0.00850	0.00279	0.00586	0.51113	0.00562	0.00615
5	0.02060	0.26501	0.02411	0.04282	0.11776	0.26402	0.01290	0.06194	0.03704	0.07933	0.01212	0.01349	0.00972	0.00640	0.00550	0.00168	0.00851	0.00459	0.00378	0.00869
6	0.01204	0.00602	0.00602	0.00602	0.00753	0.00602	0.00452	0.01506	0.01355	0.02409	0.02108	0.02409	0.01656	0.00753	0.00452	0.00151	0.00301	0.00602	0.80879	0.00602
7	0.01340	0.01148	0.01340	0.00957	0.01531	0.00861	0.00766	0.01627	0.01340	0.02105	0.01148	0.01340	0.00957	0.00479	0.00479	0.00096	0.00479	0.00383	0.00383	0.81242
8	0.01220	0.01148	0.01938	0.75739	0.04450	0.01436	0.01794	0.01651	0.01292	0.01651	0.01148	0.01723	0.00861	0.00646	0.00646	0.00215	0.00861	0.00574	0.00287	0.00718
9	0.01204	0.00602	0.00602	0.00602	0.00753	0.00602	0.00452	0.01506	0.01355	0.02409	0.02108	0.02409	0.01656	0.00753	0.00452	0.00151	0.00301	0.00602	0.80879	0.00602
10	0.01590	0.01573	0.02931	0.02566	0.16109	0.01597	0.36737	0.06107	0.04441	0.04270	0.01470	0.03997	0.01215	0.00732	0.00886	0.00222	0.09523	0.02763	0.00383	0.00890
11	0.06564	0.01111	0.01342	0.04182	0.01560	0.01167	0.03359	0.12704	0.14100	0.10717	0.16031	0.03257	0.06266	0.10000	0.00991	0.00261	0.00549	0.04434	0.00602	0.00803
12	0.05891	0.05138	0.06256	0.01992	0.20913	0.04339	0.04148	0.02107	0.07313	0.13010	0.10828	0.05188	0.04202	0.00855	0.00728	0.00204	0.04796	0.00721	0.00488	0.00882
13	0.11165	0.38700	0.13664	0.01439	0.05830	0.10356	0.01329	0.02050	0.01369	0.04282	0.01023	0.01190	0.00851	0.00614	0.00553	0.00170	0.03852	0.00407	0.00317	0.00839
14	0.77999	0.01277	0.00998	0.00881	0.01286	0.01476	0.00725	0.05261	0.01194	0.02956	0.00931	0.01074	0.00719	0.00608	0.00412	0.00200	0.00510	0.00361	0.00412	0.00719
15	0.00946	0.00633	0.00724	0.00733	0.00742	0.00633	0.00429	0.00963	0.00972	0.01293	0.02117	0.04407	0.02429	0.72878	0.03149	0.00607	0.00625	0.04913	0.00403	0.00403
16	0.01423	0.04110	0.22789	0.02124	0.14084	0.01560	0.09676	0.01844	0.01335	0.04066	0.03424	0.03934	0.01326	0.00866	0.01044	0.00229	0.20148	0.04821	0.00347	0.00850
17	0.00853	0.00598	0.00731	0.00803	0.00841	0.00570	0.00510	0.00931	0.01155	0.01534	0.05962	0.40482	0.07589	0.32340	0.01813	0.00404	0.00471	0.01420	0.00520	0.00476
18	0.01997	0.11904	0.01968	0.01441	0.03519	0.09613	0.01152	0.27553	0.22277	0.02841	0.01663	0.01673	0.01268	0.00752	0.00646	0.00188	0.02948	0.00563	0.00533	0.05501
19	0.01368	0.15751	0.62167	0.01719	0.02607	0.01677	0.02173	0.02028	0.01356	0.01958	0.01116	0.01309	0.00820	0.00604	0.00581	0.00194	0.00911	0.00455	0.00273	0.00934
20	0.03644	0.36677	0.10684	0.01719	0.11311	0.08035	0.05285	0.08718	0.01578	0.02017	0.04021	0.01403	0.01102	0.00626	0.00536	0.00169	0.00773	0.00477	0.00346	0.00879
21	0.01412	0.00990	0.01130	0.01093	0.01330	0.03132	0.00842	0.04684	0.18308	0.11467	0.03273	0.25302	0.09443	0.03240	0.00812	0.00248	0.00502	0.11407	0.00628	0.00757
22	0.00787	0.00562	0.00750	0.00900	0.00937	0.00525	0.00600	0.00900	0.01237	0.01649	0.03561	0.76871	0.04274	0.02024	0.00825	0.00262	0.00375	0.01837	0.00600	0.00525
23	0.03756	0.19840	0.56085	0.01649	0.02498	0.01734	0.02052	0.02017	0.01345	0.01954	0.01094	0.01282	0.00817	0.00600	0.00563	0.00190	0.00883	0.00444	0.00277	0.00919
24	0.04694	0.03006	0.60098	0.06117	0.02782	0.03993	0.04071	0.02070	0.01385	0.04269	0.01190	0.01402	0.00845	0.00621	0.00611	0.00204	0.00929	0.00489	0.00299	0.00926
25	0.01405	0.01348	0.01429	0.01291	0.01388	0.13490	0.01010	0.01571	0.01185	0.01636	0.01361	0.02075	0.01289	0.11616	0.13817	0.00414	0.30265	0.00616	0.12159	0.00636
26	0.15019	0.00978	0.01156	0.00953	0.01336	0.00912	0.00770	0.02315	0.01629	0.39533	0.08895	0.02848	0.12338	0.00931	0.00619	0.00199	0.00467	0.00747	0.07483	0.00869
27	0.01376	0.17012	0.06682	0.01212	0.01602	0.04174	0.07952	0.01765	0.05480	0.06701	0.19204	0.03275	0.14009	0.01144	0.03292	0.00226	0.00632	0.03003	0.00507	0.00753
28	0.04951	0.12085	0.35534	0.01577	0.02264	0.10219	0.04148	0.05793	0.04325	0.06146	0.03540	0.01507	0.01099	0.00656	0.00587	0.00188	0.00842	0.00502	0.00370	0.03665

[dist]
# distance from previous block
# <min> <max>
1	11

[block]
# block no. 3 follows, 34 sequences, length 24
# corresponding to MSA columns:
# 170-193
name=unknown_D
#
# <colnr> <probs for GDERKNQSTAVLIFYWHMCP>
#	G	D	E	R	K	N	Q	S	T	A	V	L	I	F	Y	W	H	M	C	P
0	0.11277	0.13926	0.10150	0.01763	0.06928	0.14847	0.10846	0.11323	0.01633	0.02224	0.01112	0.01336	0.00888	0.00658	0.00691	0.00190	0.06628	0.00495	0.00363	0.02722
1	0.46719	0.10728	0.03119	0.01046	0.01472	0.03270	0.02975	0.09117	0.04898	0.02724	0.01179	0.01317	0.00918	0.00639	0.00464	0.00188	0.00572	0.00431	0.07447	0.00776
2	0.54863	0.01399	0.05722	0.01013	0.01406	0.05207	0.00883	0.03687	0.01297	0.04560	0.04217	0.04217	0.01363	0.00799	0.00511	0.00210	0.00568	0.06913	0.00443	0.00721
3	0.00941	0.00664	0.00874	0.00887	0.00949	0.00713	0.00623	0.01064	0.01029	0.01416	0.02028	0.03783	0.02159	0.40255	0.33144	0.00771	0.01088	0.06734	0.00390	0.00487
4	0.01269	0.01307	0.02614	0.01983	0.02394	0.01255	0.42242	0.01643	0.01398	0.01899	0.05181	0.15342	0.03784	0.08047	0.03809	0.00295	0.03413	0.00991	0.00404	0.00730
5	0.00884	0.00651	0.00831	0.00828	0.00973	0.00597	0.00620	0.01142	0.01674	0.02299	0.49516	0.15610	0.14644	0.01495	0.00780	0.00220	0.00337	0.05640	0.00673	0.00588
6	0.00834	0.00606	0.00784	0.00871	0.00957	0.00563	0.00614	0.01003	0.01400	0.01877	0.19326	0.47667	0.11028	0.03871	0.00877	0.00257	0.00376	0.05924	0.00619	0.00547
7	0.01425	0.00973	0.01126	0.00993	0.01277	0.00975	0.00772	0.10283	0.13980	0.11160	0.26788	0.07212	0.17977	0.01212	0.00720	0.00210	0.00427	0.01029	0.00677	0.00783
8	0.01525	0.01743	0.03813	0.02723	0.03377	0.01634	0.70915	0.02070	0.01525	0.02070	0.01307	0.01743	0.00980	0.00545	0.00763	0.00218	0.01089	0.00763	0.00327	0.00871
9	0.01204	0.00602	0.00602	0.00602	0.00753	0.00602	0.00452	0.01506	0.01355	0.02409	0.02108	0.02409	0.01656	0.00753	0.00452	0.00151	0.00301	0.00602	0.80879	0.00602
10	0.02238	0.07804	0.01877	0.01387	0.01837	0.12563	0.01133	0.41055	0.07845	0.06972	0.04138	0.01711	0.01337	0.00769	0.00615	0.00186	0.00719	0.00576	0.04257	0.00980
11	0.02613	0.01388	0.01647	0.01270	0.01759	0.01398	0.01047	0.33140	0.02349	0.39109	0.02084	0.01924	0.01381	0.00787	0.00638	0.00195	0.00608	0.00617	0.04976	0.01073
12	0.01204	0.00602	0.00602	0.00602	0.00753	0.00602	0.00452	0.01506	0.01355	0.02409	0.02108	0.02409	0.01656	0.00753	0.00452	0.00151	0.00301	0.00602	0.80879	0.00602
13	0.02456	0.01810	0.01939	0.01487	0.02004	0.02004	0.01228	0.71107	0.03038	0.04072	0.01551	0.01551	0.01099	0.00776	0.00646	0.00194	0.00711	0.00582	0.00646	0.01099
14	0.00824	0.00621	0.00901	0.00990	0.01058	0.00580	0.04080	0.00958	0.01251	0.01670	0.03450	0.73152	0.04111	0.01951	0.00822	0.00260	0.00410	0.01784	0.00586	0.00542
15	0.01122	0.00561	0.00842	0.00842	0.00842	0.00561	0.00561	0.00842	0.00842	0.01122	0.01122	0.01964	0.01122	0.02245	0.02525	0.81201	0.00561	0.00561	0.00281	0.00281
16	0.00788	0.00585	0.00736	0.00848	0.00926	0.00533	0.00579	0.00919	0.01310	0.01711	0.07259	0.59744	0.17872	0.01916	0.00810	0.00251	0.00362	0.01714	0.00605	0.00533
17	0.01681	0.01703	0.02563	0.03556	0.59196	0.09208	0.05745	0.02105	0.04147	0.02075	0.01251	0.01592	0.01036	0.00595	0.00641	0.00192	0.00818	0.00575	0.00334	0.00986
18	0.00900	0.00660	0.00843	0.00797	0.00956	0.00603	0.00598	0.01190	0.01794	0.02508	0.66363	0.04964	0.12706	0.01352	0.00762	0.00205	0.00307	0.01188	0.00700	0.00603
19	0.02006	0.06153	0.01816	0.01492	0.01836	0.34950	0.04435	0.06098	0.13395	0.06560	0.01815	0.06632	0.04552	0.00858	0.00702	0.00194	0.04585	0.00647	0.00457	0.00820
20	0.00937	0.00635	0.00750	0.00750	0.00766	0.00651	0.00448	0.00969	0.00953	0.01286	0.01994	0.03999	0.02249	0.67456	0.12989	0.00682	0.00776	0.00906	0.00385	0.00417
21	0.01615	0.44066	0.11300	0.04255	0.01873	0.01928	0.04393	0.01902	0.01320	0.07351	0.01244	0.01594	0.01077	0.06896	0.06476	0.00266	0.00812	0.00487	0.00335	0.00810
22	0.01092	0.00799	0.02835	0.00939	0.01162	0.00681	0.03205	0.01342	0.01594	0.09235	0.28207	0.17122	0.22052	0.01453	0.00767	0.00223	0.00410	0.05597	0.00640	0.00645
23	0.08586	0.01190	0.08092	0.01067	0.01439	0.03127	0.00933	0.02055	0.01703	0.26971	0.29746	0.05456	0.03313	0.01025	0.00678	0.00205	0.00503	0.02436	0.00656	0.00820

[dist]
# distance from previous block
# <min> <max>
0	19

# created by:
# /home/berkeley/.conda/envs/busco_data_prod/bin/msa2prfl.pl pipeline/OGs_align_augustus/4893/13618.fs
