[name]
unknown

[dist]
# distance from previous block
# <min> <max>
0	27

[block]
# block no. 0 follows, 32 sequences, length 39
# corresponding to MSA columns:
# 27-65
name=unknown_A
#
# <colnr> <probs for GDERKNQSTAVLIFYWHMCP>
#	G	D	E	R	K	N	Q	S	T	A	V	L	I	F	Y	W	H	M	C	P
0	0.09018	0.01248	0.01859	0.46834	0.09071	0.01468	0.01602	0.04954	0.05660	0.04731	0.03095	0.02090	0.01256	0.00754	0.00661	0.00222	0.00785	0.03487	0.00396	0.00812
1	0.03673	0.01419	0.02029	0.13447	0.15415	0.04777	0.08476	0.10055	0.07335	0.09037	0.01719	0.05536	0.01418	0.01109	0.04120	0.06133	0.00815	0.02142	0.00465	0.00880
2	0.07264	0.00835	0.01138	0.13606	0.06619	0.00878	0.00897	0.01241	0.01256	0.01776	0.04809	0.27231	0.08083	0.13134	0.01317	0.07132	0.00565	0.01155	0.00473	0.00591
3	0.01431	0.01249	0.01789	0.08377	0.06866	0.01447	0.06220	0.10302	0.07300	0.02129	0.01891	0.15699	0.01852	0.05601	0.07960	0.00347	0.17405	0.00898	0.00454	0.00784
4	0.01412	0.01035	0.01208	0.01158	0.01398	0.01114	0.00879	0.02287	0.29923	0.08746	0.04774	0.25348	0.06354	0.03695	0.00889	0.00259	0.02831	0.05218	0.00652	0.00821
5	0.01235	0.00694	0.00714	0.00689	0.00872	0.00686	0.00522	0.04659	0.01535	0.02509	0.07215	0.03112	0.10705	0.00935	0.00539	0.00171	0.00336	0.00760	0.61468	0.00643
6	0.00827	0.00634	0.00752	0.00821	0.00944	0.00566	0.00575	0.00983	0.01437	0.01846	0.12256	0.39589	0.30500	0.03941	0.00896	0.00259	0.00370	0.01617	0.00629	0.00559
7	0.01782	0.01497	0.01581	0.01388	0.01788	0.01722	0.01089	0.12072	0.62330	0.02989	0.02588	0.02389	0.01932	0.00897	0.00681	0.00224	0.00558	0.00739	0.00681	0.01072
8	0.72259	0.01280	0.01051	0.00918	0.01345	0.01446	0.00756	0.02120	0.01231	0.10947	0.01129	0.01226	0.00833	0.00647	0.00445	0.00208	0.00525	0.00399	0.00463	0.00774
9	0.00803	0.00639	0.00722	0.00788	0.00935	0.00557	0.00558	0.00951	0.01425	0.01770	0.05478	0.36056	0.43214	0.01871	0.00820	0.00246	0.00361	0.01625	0.00623	0.00557
10	0.77677	0.01291	0.01012	0.00896	0.01316	0.01482	0.00738	0.02030	0.01177	0.06115	0.01011	0.01143	0.00768	0.00632	0.00427	0.00208	0.00521	0.00377	0.00434	0.00745
11	0.02506	0.03198	0.01901	0.01729	0.02074	0.73725	0.01296	0.02679	0.01901	0.01642	0.01037	0.01210	0.00864	0.00691	0.00605	0.00173	0.01210	0.00432	0.00346	0.00778
12	0.01343	0.01127	0.01343	0.01032	0.01559	0.00875	0.00840	0.01643	0.01415	0.02159	0.01562	0.02358	0.01443	0.00709	0.00564	0.00132	0.00516	0.10934	0.00432	0.68015
13	0.01369	0.03333	0.67799	0.02074	0.07982	0.01561	0.02448	0.02120	0.01425	0.02130	0.01208	0.01435	0.00866	0.00635	0.00639	0.00212	0.00977	0.00503	0.00287	0.00997
14	0.01473	0.01339	0.01429	0.01048	0.01626	0.06229	0.00832	0.01762	0.01429	0.02147	0.01181	0.01378	0.00984	0.00511	0.00505	0.00105	0.00549	0.00400	0.00394	0.74680
15	0.01540	0.01667	0.05316	0.02646	0.13441	0.01542	0.43034	0.04208	0.03870	0.02207	0.01647	0.07285	0.01421	0.00754	0.00762	0.00224	0.00950	0.03689	0.00392	0.03406
16	0.00960	0.00715	0.01057	0.01057	0.01170	0.00827	0.00812	0.01185	0.01072	0.01542	0.01817	0.02743	0.01724	0.09377	0.69479	0.01052	0.01727	0.00735	0.00362	0.00587
17	0.04180	0.01478	0.05232	0.12095	0.11134	0.01384	0.12468	0.09190	0.01795	0.29421	0.01845	0.01979	0.01286	0.02554	0.00750	0.00222	0.00770	0.00658	0.00556	0.01004
18	0.27577	0.04129	0.01360	0.03395	0.01579	0.21244	0.00946	0.04439	0.01468	0.02205	0.01570	0.10028	0.01518	0.04686	0.06070	0.00291	0.00821	0.03847	0.02116	0.00710
19	0.01772	0.01493	0.01575	0.01386	0.01784	0.01717	0.01087	0.11342	0.63076	0.02973	0.02600	0.02399	0.01942	0.00898	0.00681	0.00225	0.00555	0.00741	0.00681	0.01071
20	0.01296	0.01222	0.02065	0.69629	0.09573	0.01498	0.01878	0.01740	0.01355	0.01749	0.01198	0.01780	0.00907	0.00665	0.00670	0.00222	0.00887	0.00596	0.00301	0.00769
21	0.01468	0.01468	0.02055	0.01762	0.01762	0.02055	0.01468	0.01615	0.01028	0.01615	0.00881	0.01468	0.00881	0.01174	0.02202	0.00294	0.75191	0.00587	0.00294	0.00734
22	0.02506	0.03198	0.01901	0.01729	0.02074	0.73725	0.01296	0.02679	0.01901	0.01642	0.01037	0.01210	0.00864	0.00691	0.00605	0.00173	0.01210	0.00432	0.00346	0.00778
23	0.02010	0.00922	0.01229	0.01018	0.01366	0.00813	0.00810	0.02290	0.01893	0.38920	0.32978	0.03666	0.06970	0.01107	0.00731	0.00210	0.00449	0.00944	0.00781	0.00894
24	0.81159	0.01298	0.00986	0.00882	0.01298	0.01505	0.00727	0.01972	0.01142	0.03010	0.00934	0.01090	0.00727	0.00623	0.00415	0.00208	0.00519	0.00363	0.00415	0.00727
25	0.00959	0.00778	0.00881	0.00964	0.01061	0.05029	0.00680	0.01133	0.01477	0.01937	0.18355	0.49890	0.07830	0.01829	0.00827	0.00253	0.00431	0.04473	0.00631	0.00582
26	0.01002	0.00737	0.00946	0.01042	0.04437	0.00717	0.00715	0.01250	0.03606	0.03598	0.09633	0.24238	0.20140	0.06219	0.12729	0.00396	0.00643	0.02958	0.04372	0.00620
27	0.00978	0.00713	0.00933	0.01038	0.01174	0.00686	0.00840	0.01212	0.01481	0.01921	0.08386	0.17883	0.14541	0.07482	0.01074	0.00310	0.00521	0.37632	0.00611	0.00583
28	0.01003	0.00644	0.00858	0.00936	0.01033	0.00594	0.00651	0.01168	0.01447	0.07096	0.16433	0.57247	0.04590	0.01872	0.00831	0.00256	0.00389	0.01687	0.00660	0.00605
29	0.01653	0.51585	0.11292	0.11807	0.04728	0.02283	0.04718	0.01989	0.01383	0.01709	0.01032	0.01271	0.00879	0.00595	0.00513	0.00169	0.00797	0.00437	0.00292	0.00869
30	0.03561	0.00717	0.01023	0.01102	0.01215	0.00700	0.03973	0.01150	0.01348	0.01841	0.03372	0.49705	0.03883	0.02061	0.04341	0.00316	0.00552	0.17963	0.00589	0.00588
31	0.00827	0.00615	0.00762	0.00874	0.00959	0.00562	0.00600	0.00957	0.01337	0.01727	0.04360	0.54209	0.20383	0.05310	0.00957	0.00280	0.00396	0.03727	0.00613	0.00546
32	0.05378	0.01508	0.02552	0.13569	0.53018	0.01549	0.06042	0.01978	0.01487	0.02150	0.01419	0.01813	0.03277	0.00642	0.00665	0.00206	0.00803	0.00624	0.00341	0.00977
33	0.01889	0.15526	0.16659	0.06158	0.16192	0.16509	0.05377	0.07113	0.01679	0.05064	0.01232	0.01455	0.00964	0.00648	0.00614	0.00190	0.00916	0.00516	0.00361	0.00938
34	0.01405	0.01906	0.19356	0.17472	0.06614	0.01590	0.16160	0.02011	0.06743	0.01988	0.01361	0.01780	0.01069	0.01072	0.06777	0.00298	0.10558	0.00635	0.00339	0.00866
35	0.00868	0.00624	0.00812	0.00920	0.00980	0.00603	0.00632	0.00994	0.01249	0.01660	0.03461	0.50125	0.07952	0.13306	0.08294	0.00406	0.00574	0.05440	0.00565	0.00535
36	0.13321	0.05090	0.06358	0.01054	0.01424	0.01173	0.00913	0.11358	0.01775	0.12225	0.16585	0.07778	0.02542	0.00966	0.00623	0.00200	0.00513	0.00783	0.14506	0.00816
37	0.15340	0.03259	0.01918	0.09793	0.02199	0.02992	0.12703	0.05526	0.01464	0.05625	0.01521	0.10093	0.01361	0.00830	0.00753	0.00203	0.06809	0.00695	0.00428	0.16489
38	0.11043	0.10015	0.12237	0.10995	0.07829	0.09923	0.11280	0.12654	0.01717	0.02379	0.01236	0.01546	0.00970	0.02570	0.00690	0.00212	0.00877	0.00550	0.00383	0.00893

[dist]
# distance from previous block
# <min> <max>
0	4

[block]
# block no. 1 follows, 32 sequences, length 9
# corresponding to MSA columns:
# 70-78
name=unknown_B
#
# <colnr> <probs for GDERKNQSTAVLIFYWHMCP>
#	G	D	E	R	K	N	Q	S	T	A	V	L	I	F	Y	W	H	M	C	P
0	0.01640	0.01349	0.02130	0.12876	0.19756	0.01470	0.07761	0.05707	0.03835	0.09609	0.08395	0.04950	0.01821	0.00910	0.00949	0.00229	0.12476	0.02784	0.00463	0.00889
1	0.01722	0.01442	0.06986	0.05577	0.01988	0.01232	0.04638	0.11205	0.08429	0.11462	0.10337	0.02135	0.01844	0.00752	0.00633	0.00175	0.00613	0.00635	0.00541	0.27654
2	0.00992	0.00660	0.00922	0.00937	0.00995	0.00710	0.00659	0.01050	0.01031	0.01429	0.01932	0.10326	0.02031	0.21343	0.34498	0.17623	0.01124	0.00872	0.00383	0.00482
3	0.01486	0.01327	0.02155	0.09283	0.29497	0.01351	0.08754	0.08767	0.01729	0.02389	0.13540	0.08339	0.02374	0.00948	0.00732	0.00219	0.00712	0.05040	0.00474	0.00884
4	0.01521	0.01462	0.05340	0.10236	0.11121	0.01304	0.07454	0.07164	0.07702	0.02358	0.04339	0.01777	0.01313	0.00639	0.00614	0.00167	0.00676	0.00568	0.00427	0.33819
5	0.01590	0.01195	0.05403	0.01048	0.01369	0.01144	0.00886	0.22574	0.01999	0.02977	0.12696	0.02560	0.02200	0.01154	0.05451	0.00243	0.00583	0.00708	0.33415	0.00805
6	0.11762	0.01655	0.01516	0.05938	0.01859	0.14545	0.01045	0.13092	0.14571	0.02585	0.04785	0.05528	0.04427	0.00847	0.00621	0.00192	0.00680	0.00660	0.00515	0.13176
7	0.08060	0.01494	0.01654	0.01801	0.15983	0.11231	0.01175	0.06033	0.06834	0.10020	0.13162	0.02729	0.09876	0.00958	0.00781	0.00211	0.05836	0.00764	0.00534	0.00864
8	0.07976	0.01454	0.01588	0.05443	0.06475	0.07462	0.01085	0.13905	0.10801	0.14434	0.09523	0.02277	0.01898	0.04715	0.00787	0.00220	0.00647	0.00670	0.00579	0.08061

[dist]
# distance from previous block
# <min> <max>
5	31

[block]
# block no. 2 follows, 32 sequences, length 29
# corresponding to MSA columns:
# 112-140
name=unknown_C
#
# <colnr> <probs for GDERKNQSTAVLIFYWHMCP>
#	G	D	E	R	K	N	Q	S	T	A	V	L	I	F	Y	W	H	M	C	P
0	0.06991	0.03718	0.10164	0.03649	0.05545	0.13166	0.01246	0.12821	0.01718	0.02336	0.01689	0.15785	0.01619	0.00947	0.00690	0.00198	0.03130	0.00759	0.00452	0.13377
1	0.05707	0.22424	0.09086	0.01507	0.03805	0.13819	0.04191	0.05770	0.05030	0.01994	0.01831	0.01976	0.09515	0.00840	0.00782	0.00199	0.09704	0.00598	0.00389	0.00835
2	0.00923	0.00683	0.00786	0.00869	0.00981	0.02249	0.00616	0.01098	0.01418	0.01908	0.08929	0.43361	0.17990	0.01767	0.00790	0.00244	0.00393	0.04271	0.10151	0.00574
3	0.01071	0.00837	0.01002	0.01015	0.01189	0.00863	0.00757	0.01662	0.17512	0.02163	0.16625	0.25660	0.11302	0.04269	0.05249	0.00309	0.00514	0.06678	0.00635	0.00688
4	0.00872	0.00623	0.00811	0.00940	0.01000	0.00591	0.00656	0.01005	0.01298	0.01711	0.03653	0.54316	0.07622	0.10759	0.01163	0.00320	0.00450	0.11073	0.00597	0.00540
5	0.00835	0.00607	0.00749	0.00862	0.00948	0.00554	0.00590	0.00973	0.01345	0.01776	0.04303	0.56814	0.19194	0.01944	0.00822	0.00256	0.00374	0.01732	0.04765	0.00554
6	0.01221	0.01108	0.01791	0.50500	0.10746	0.01298	0.01567	0.01577	0.01328	0.01723	0.01783	0.06424	0.05598	0.09437	0.01001	0.00273	0.00795	0.00761	0.00352	0.00718
7	0.02417	0.01842	0.01780	0.01434	0.01886	0.13651	0.01156	0.40950	0.02553	0.12766	0.03531	0.01821	0.01359	0.00983	0.03763	0.00232	0.00802	0.00607	0.05454	0.01013
8	0.01788	0.55691	0.03083	0.04349	0.07096	0.06316	0.01243	0.02214	0.09263	0.01772	0.01176	0.01316	0.01012	0.00624	0.00495	0.00162	0.00736	0.00435	0.00339	0.00890
9	0.66133	0.01297	0.01066	0.00942	0.01353	0.01481	0.00769	0.04873	0.06349	0.04747	0.01430	0.01514	0.04434	0.00711	0.00471	0.00210	0.00521	0.00463	0.00466	0.00771
10	0.19250	0.20335	0.02624	0.01653	0.02174	0.14754	0.19168	0.04445	0.01562	0.06513	0.01191	0.01388	0.00932	0.00627	0.00577	0.00190	0.00863	0.00514	0.00385	0.00855
11	0.00964	0.00698	0.00973	0.00973	0.01056	0.00782	0.00707	0.01131	0.01047	0.01480	0.01894	0.03169	0.01909	0.26732	0.52376	0.00948	0.01449	0.00797	0.00374	0.00541
12	0.00988	0.00742	0.00951	0.01055	0.01233	0.00705	0.00896	0.01251	0.01540	0.01945	0.04606	0.07208	0.25973	0.01803	0.00883	0.00282	0.00528	0.46190	0.00620	0.00601
13	0.02506	0.03198	0.01901	0.01729	0.02074	0.73725	0.01296	0.02679	0.01901	0.01642	0.01037	0.01210	0.00864	0.00691	0.00605	0.00173	0.01210	0.00432	0.00346	0.00778
14	0.00956	0.00884	0.05055	0.08667	0.01602	0.00773	0.05049	0.01183	0.01340	0.01817	0.05333	0.55285	0.03651	0.01719	0.00808	0.00256	0.00515	0.01567	0.02924	0.00617
15	0.02444	0.01807	0.01933	0.01491	0.02009	0.01989	0.01229	0.65803	0.03056	0.04082	0.01926	0.01905	0.05442	0.00860	0.00679	0.00203	0.00714	0.00653	0.00668	0.01106
16	0.81159	0.01298	0.00986	0.00882	0.01298	0.01505	0.00727	0.01972	0.01142	0.03010	0.00934	0.01090	0.00727	0.00623	0.00415	0.00208	0.00519	0.00363	0.00415	0.00727
17	0.01543	0.02105	0.21146	0.06462	0.30942	0.04033	0.06173	0.02006	0.01423	0.02040	0.01181	0.01559	0.00959	0.00699	0.00897	0.00216	0.12410	0.00570	0.00314	0.03323
18	0.01912	0.01680	0.01839	0.01552	0.01953	0.13387	0.09301	0.06285	0.32821	0.10453	0.02241	0.06606	0.01769	0.01066	0.03803	0.00254	0.00775	0.00760	0.00585	0.00958
19	0.00925	0.00676	0.00851	0.00836	0.00978	0.00624	0.00614	0.01176	0.01698	0.02334	0.48157	0.11480	0.14296	0.08387	0.01044	0.00263	0.00369	0.04019	0.00678	0.00595
20	0.01013	0.00772	0.01064	0.05355	0.01330	0.00744	0.04471	0.01337	0.03368	0.02296	0.33156	0.15956	0.14361	0.01369	0.00754	0.00219	0.00416	0.01213	0.10166	0.00641
21	0.01525	0.01301	0.01606	0.01416	0.10096	0.01082	0.00989	0.07731	0.01563	0.02366	0.01238	0.01443	0.01015	0.00536	0.00532	0.00120	0.00554	0.00440	0.00414	0.64032
22	0.01026	0.00683	0.00869	0.00905	0.01054	0.00621	0.00666	0.01228	0.01551	0.07164	0.21138	0.34323	0.17648	0.01731	0.00820	0.00247	0.00393	0.06650	0.00666	0.00620
23	0.01166	0.00583	0.00874	0.00874	0.00874	0.00583	0.00583	0.00874	0.00874	0.01166	0.01166	0.02040	0.01166	0.02331	0.02622	0.80478	0.00583	0.00583	0.00291	0.00291
24	0.01791	0.01595	0.02325	0.30790	0.19121	0.09395	0.09300	0.05040	0.01619	0.10475	0.01402	0.01751	0.01046	0.00670	0.00676	0.00210	0.00888	0.00610	0.00395	0.00903
25	0.01551	0.01589	0.06657	0.27813	0.36106	0.01589	0.04827	0.05538	0.03854	0.02150	0.01306	0.01722	0.01028	0.00645	0.00671	0.00211	0.00844	0.00605	0.00347	0.00948
26	0.00838	0.00613	0.00810	0.00924	0.00995	0.00586	0.00639	0.00982	0.01308	0.01744	0.06560	0.57746	0.10533	0.02385	0.09582	0.00362	0.00550	0.01690	0.00596	0.00557
27	0.15441	0.01541	0.07501	0.01227	0.01741	0.05206	0.02823	0.06236	0.07546	0.10904	0.04408	0.01769	0.01362	0.00900	0.04240	0.00219	0.00682	0.00538	0.00491	0.25224
28	0.04332	0.03578	0.02122	0.11864	0.17118	0.06092	0.03111	0.15099	0.05213	0.02436	0.01295	0.01593	0.01039	0.00748	0.00876	0.00206	0.12496	0.00564	0.00414	0.09803

[dist]
# distance from previous block
# <min> <max>
0	11

[block]
# block no. 3 follows, 32 sequences, length 37
# corresponding to MSA columns:
# 152-188
name=unknown_D
#
# <colnr> <probs for GDERKNQSTAVLIFYWHMCP>
#	G	D	E	R	K	N	Q	S	T	A	V	L	I	F	Y	W	H	M	C	P
0	0.01575	0.00998	0.01201	0.01136	0.03703	0.01005	0.00833	0.02270	0.20575	0.16265	0.17314	0.09084	0.09485	0.04576	0.00835	0.00237	0.00464	0.00980	0.06625	0.00841
1	0.01491	0.05493	0.06844	0.20111	0.10700	0.01523	0.06631	0.07209	0.15574	0.02304	0.07967	0.05094	0.01843	0.03385	0.00777	0.00230	0.00734	0.00744	0.00464	0.00881
2	0.01382	0.01283	0.01771	0.03366	0.01637	0.01740	0.01274	0.01548	0.01073	0.01684	0.01150	0.01832	0.01110	0.06197	0.05887	0.00343	0.56994	0.00623	0.08410	0.00695
3	0.01010	0.00705	0.00858	0.00812	0.01002	0.00630	0.00607	0.01264	0.01742	0.06093	0.44505	0.07093	0.25655	0.03987	0.00876	0.00232	0.00350	0.01255	0.00695	0.00630
4	0.00944	0.00686	0.00890	0.00839	0.00999	0.00631	0.00629	0.01256	0.01887	0.02661	0.69707	0.05060	0.08522	0.01383	0.00791	0.00212	0.00317	0.01220	0.00735	0.00631
5	0.01051	0.00703	0.00847	0.00824	0.01005	0.00627	0.00602	0.01256	0.01605	0.08047	0.27401	0.16794	0.27828	0.07163	0.00989	0.00259	0.00383	0.01333	0.00663	0.00622
6	0.01435	0.01413	0.01965	0.01692	0.01692	0.01960	0.01396	0.01571	0.01024	0.01594	0.00964	0.01666	0.00987	0.06279	0.02284	0.00318	0.70134	0.00614	0.00301	0.00712
7	0.01794	0.76823	0.03516	0.01148	0.01722	0.02655	0.01148	0.02009	0.01363	0.01579	0.00933	0.01076	0.00861	0.00574	0.00431	0.00144	0.00718	0.00359	0.00287	0.00861
8	0.01459	0.21967	0.55436	0.01720	0.02606	0.01835	0.02143	0.02096	0.01403	0.01987	0.01136	0.01331	0.00853	0.00621	0.00585	0.00195	0.00923	0.00461	0.00284	0.00959
9	0.00816	0.00591	0.00771	0.00915	0.00968	0.00547	0.00614	0.00936	0.01303	0.01720	0.03930	0.70788	0.09482	0.02072	0.00852	0.00269	0.00386	0.01871	0.00623	0.00547
10	0.04804	0.10154	0.04391	0.06973	0.02204	0.12494	0.01316	0.39507	0.02442	0.05340	0.01467	0.01653	0.01112	0.00769	0.00633	0.00196	0.00810	0.02201	0.00537	0.00997
11	0.00937	0.00725	0.00947	0.04046	0.03482	0.00709	0.00738	0.01231	0.06141	0.01952	0.13435	0.47333	0.12258	0.01763	0.00814	0.00251	0.00417	0.01578	0.00621	0.00620
12	0.01700	0.01319	0.03820	0.05044	0.01853	0.01071	0.00977	0.07197	0.03388	0.11968	0.01463	0.01581	0.01113	0.00591	0.00553	0.00136	0.00564	0.00474	0.00476	0.54713
13	0.00992	0.00693	0.00838	0.00909	0.01012	0.00685	0.00640	0.01307	0.07420	0.01966	0.08096	0.40440	0.06360	0.09276	0.01043	0.00287	0.00423	0.05184	0.11832	0.00598
14	0.81159	0.01298	0.00986	0.00882	0.01298	0.01505	0.00727	0.01972	0.01142	0.03010	0.00934	0.01090	0.00727	0.00623	0.00415	0.00208	0.00519	0.00363	0.00415	0.00727
15	0.01785	0.01679	0.02575	0.03696	0.60590	0.06716	0.01923	0.02150	0.01555	0.05894	0.01304	0.01654	0.01073	0.00641	0.00724	0.00202	0.03858	0.00590	0.00358	0.01033
16	0.00921	0.00669	0.00867	0.00850	0.00993	0.00616	0.00625	0.01198	0.01783	0.02491	0.57745	0.16382	0.09339	0.01505	0.00802	0.00222	0.00329	0.01334	0.00714	0.00616
17	0.01565	0.01749	0.03730	0.08292	0.08252	0.01674	0.60126	0.02111	0.01562	0.02120	0.01339	0.01798	0.01012	0.00576	0.00774	0.00224	0.01091	0.00764	0.00336	0.00904
18	0.00829	0.00592	0.00791	0.00934	0.00975	0.00562	0.00625	0.00948	0.01265	0.01692	0.03558	0.70226	0.04245	0.04749	0.04256	0.00322	0.00462	0.01822	0.00604	0.00543
19	0.01267	0.01193	0.02013	0.74806	0.04621	0.01491	0.01863	0.01714	0.01342	0.01714	0.01193	0.01789	0.00894	0.00671	0.00671	0.00224	0.00894	0.00596	0.00298	0.00745
20	0.06719	0.01485	0.04372	0.02657	0.34903	0.01423	0.05182	0.05103	0.06837	0.15800	0.03425	0.04492	0.03048	0.00768	0.00671	0.00209	0.00704	0.00694	0.00497	0.01012
21	0.01546	0.01188	0.01407	0.01013	0.01602	0.00903	0.00813	0.01841	0.01442	0.08926	0.01332	0.01477	0.01058	0.00529	0.00514	0.00110	0.00504	0.00424	0.00439	0.72934
22	0.59640	0.03609	0.04925	0.01127	0.01606	0.01596	0.04582	0.09421	0.01429	0.05274	0.01099	0.01240	0.00827	0.00646	0.00483	0.00206	0.00606	0.00429	0.00442	0.00812
23	0.01747	0.01410	0.01647	0.14750	0.02292	0.01624	0.01219	0.08223	0.48842	0.07127	0.02361	0.02292	0.01745	0.00854	0.00679	0.00224	0.00615	0.00712	0.00621	0.01015
24	0.02551	0.01879	0.02014	0.01544	0.02081	0.02081	0.01275	0.69996	0.03155	0.04229	0.01611	0.01611	0.01141	0.00805	0.00671	0.00201	0.00738	0.00604	0.00671	0.01141
25	0.01038	0.00766	0.00890	0.00889	0.01051	0.00735	0.00632	0.04075	0.06191	0.02065	0.12313	0.29161	0.15570	0.10399	0.01073	0.00278	0.00426	0.01322	0.06547	0.04580
26	0.07262	0.01228	0.01984	0.64489	0.08960	0.01499	0.01792	0.01757	0.01339	0.01844	0.01178	0.01728	0.00893	0.00662	0.00651	0.00221	0.00860	0.00579	0.00309	0.00766
27	0.81159	0.01298	0.00986	0.00882	0.01298	0.01505	0.00727	0.01972	0.01142	0.03010	0.00934	0.01090	0.00727	0.00623	0.00415	0.00208	0.00519	0.00363	0.00415	0.00727
28	0.01468	0.01468	0.02055	0.01762	0.01762	0.02055	0.01468	0.01615	0.01028	0.01615	0.00881	0.01468	0.00881	0.01174	0.02202	0.00294	0.75191	0.00587	0.00294	0.00734
29	0.02506	0.03198	0.01901	0.01729	0.02074	0.73725	0.01296	0.02679	0.01901	0.01642	0.01037	0.01210	0.00864	0.00691	0.00605	0.00173	0.01210	0.00432	0.00346	0.00778
30	0.81159	0.01298	0.00986	0.00882	0.01298	0.01505	0.00727	0.01972	0.01142	0.03010	0.00934	0.01090	0.00727	0.00623	0.00415	0.00208	0.00519	0.00363	0.00415	0.00727
31	0.00816	0.00588	0.00774	0.00923	0.00970	0.00546	0.00618	0.00936	0.01296	0.01717	0.03839	0.72822	0.07506	0.02084	0.00854	0.00270	0.00387	0.01885	0.00623	0.00546
32	0.01472	0.01402	0.02382	0.38033	0.39794	0.01545	0.01965	0.01894	0.01439	0.01963	0.01229	0.01722	0.00982	0.00633	0.00667	0.00211	0.00844	0.00597	0.00316	0.00911
33	0.02177	0.38919	0.02756	0.01348	0.01904	0.02365	0.01212	0.36395	0.02269	0.02919	0.01276	0.01347	0.01003	0.00691	0.00552	0.00173	0.00728	0.00483	0.00481	0.01003
34	0.00813	0.00650	0.00729	0.00789	0.00948	0.00567	0.00571	0.00970	0.01446	0.01786	0.05606	0.30405	0.46104	0.01844	0.00820	0.00246	0.00368	0.04155	0.00623	0.00561
35	0.01645	0.03272	0.03605	0.03603	0.01590	0.01109	0.02284	0.07401	0.09821	0.17735	0.12052	0.09886	0.14204	0.01413	0.05278	0.00274	0.02382	0.00970	0.00634	0.00843
36	0.07945	0.04991	0.03866	0.09895	0.28626	0.06462	0.03708	0.09309	0.01735	0.14872	0.01484	0.01679	0.01106	0.00675	0.00638	0.00201	0.00779	0.00576	0.00457	0.00993

[dist]
# distance from previous block
# <min> <max>
3	5

[block]
# block no. 4 follows, 32 sequences, length 13
# corresponding to MSA columns:
# 194-206
name=unknown_E
#
# <colnr> <probs for GDERKNQSTAVLIFYWHMCP>
#	G	D	E	R	K	N	Q	S	T	A	V	L	I	F	Y	W	H	M	C	P
0	0.17560	0.17956	0.01673	0.01072	0.01413	0.09479	0.00889	0.01783	0.03316	0.02177	0.15664	0.04459	0.08209	0.01144	0.04315	0.00237	0.03477	0.00708	0.00466	0.04003
1	0.08429	0.09332	0.02045	0.05638	0.07874	0.13884	0.06476	0.04728	0.08049	0.05099	0.01355	0.01528	0.01069	0.00635	0.00579	0.00171	0.00754	0.00507	0.00418	0.21430
2	0.01012	0.00725	0.00889	0.00866	0.00885	0.00790	0.00557	0.01060	0.00996	0.01365	0.01969	0.03891	0.02200	0.59502	0.14173	0.00689	0.06675	0.00906	0.00390	0.00462
3	0.01459	0.04730	0.01506	0.01260	0.01441	0.01237	0.01025	0.01679	0.01220	0.13377	0.01682	0.02228	0.01448	0.03214	0.41306	0.00704	0.18666	0.00663	0.00419	0.00734
4	0.01587	0.01481	0.02247	0.25110	0.37290	0.04859	0.01778	0.06421	0.01610	0.02193	0.04832	0.01877	0.01298	0.00684	0.00663	0.00205	0.00799	0.00622	0.03527	0.00919
5	0.00818	0.00584	0.00779	0.00934	0.00973	0.00545	0.00623	0.00934	0.01285	0.01713	0.03698	0.75981	0.04438	0.02102	0.00856	0.00273	0.00389	0.01908	0.00623	0.00545
6	0.15080	0.01302	0.01553	0.01210	0.01716	0.01269	0.00999	0.15391	0.02027	0.49215	0.02189	0.01974	0.01420	0.00794	0.00634	0.00206	0.00594	0.00613	0.00736	0.01077
7	0.00873	0.00683	0.00791	0.00764	0.00955	0.00601	0.00573	0.01118	0.01719	0.02262	0.40081	0.05718	0.38397	0.01532	0.00792	0.00219	0.00328	0.01312	0.00682	0.00601
8	0.81159	0.01298	0.00986	0.00882	0.01298	0.01505	0.00727	0.01972	0.01142	0.03010	0.00934	0.01090	0.00727	0.00623	0.00415	0.00208	0.00519	0.00363	0.00415	0.00727
9	0.00808	0.00680	0.00700	0.00695	0.00915	0.00573	0.00521	0.00991	0.01564	0.01895	0.12894	0.06322	0.65813	0.01669	0.00793	0.00225	0.00338	0.01397	0.00634	0.00573
10	0.56359	0.24898	0.01777	0.00965	0.01430	0.01865	0.00858	0.01984	0.01211	0.02563	0.00934	0.01086	0.00769	0.00608	0.00420	0.00188	0.00581	0.00362	0.00375	0.00769
11	0.01267	0.01193	0.02013	0.74806	0.04621	0.01491	0.01863	0.01714	0.01342	0.01714	0.01193	0.01789	0.00894	0.00671	0.00671	0.00224	0.00894	0.00596	0.00298	0.00745
12	0.01427	0.08666	0.06549	0.01072	0.01694	0.01111	0.00946	0.01751	0.01390	0.02123	0.01168	0.01363	0.00971	0.00514	0.00500	0.00111	0.00553	0.00401	0.00379	0.67311

[dist]
# distance from previous block
# <min> <max>
0	6

[block]
# block no. 5 follows, 32 sequences, length 35
# corresponding to MSA columns:
# 217-251
name=unknown_F
#
# <colnr> <probs for GDERKNQSTAVLIFYWHMCP>
#	G	D	E	R	K	N	Q	S	T	A	V	L	I	F	Y	W	H	M	C	P
0	0.01836	0.57788	0.11981	0.01353	0.04006	0.02367	0.01338	0.05167	0.01487	0.05761	0.01103	0.01228	0.00923	0.00607	0.00488	0.00160	0.00747	0.00412	0.00336	0.00912
1	0.01550	0.01305	0.01629	0.01304	0.05655	0.01104	0.04029	0.09998	0.01622	0.02444	0.01291	0.01493	0.01043	0.00553	0.00540	0.00125	0.00565	0.00460	0.03345	0.59945
2	0.09993	0.06074	0.12367	0.10739	0.09604	0.05698	0.10721	0.02414	0.03526	0.20083	0.01587	0.01726	0.01129	0.00683	0.00640	0.00207	0.00808	0.00586	0.00465	0.00951
3	0.01684	0.12127	0.04958	0.01202	0.01621	0.01342	0.04688	0.12190	0.05866	0.12945	0.18615	0.03298	0.14610	0.01045	0.00691	0.00204	0.00566	0.00872	0.00612	0.00862
4	0.00930	0.00685	0.00870	0.00824	0.00991	0.00625	0.00618	0.01229	0.01854	0.02582	0.63849	0.05190	0.14429	0.01412	0.00792	0.00213	0.00319	0.01238	0.00724	0.00625
5	0.02692	0.01306	0.01627	0.01252	0.01760	0.01238	0.01029	0.19898	0.02201	0.47702	0.06053	0.02212	0.01745	0.00835	0.00670	0.00200	0.00595	0.00671	0.00761	0.05551
6	0.01751	0.33826	0.08695	0.12038	0.12759	0.07998	0.06268	0.05851	0.01549	0.01925	0.01115	0.01381	0.00921	0.00618	0.00568	0.00180	0.00847	0.00488	0.00325	0.00897
7	0.01010	0.00744	0.01108	0.01092	0.01191	0.00875	0.00843	0.01183	0.01052	0.01515	0.01675	0.02504	0.01575	0.04511	0.61670	0.10205	0.05631	0.00696	0.00348	0.00571
8	0.00950	0.00686	0.00897	0.00844	0.01002	0.00633	0.00633	0.01266	0.01899	0.02691	0.71879	0.05012	0.06331	0.01372	0.00791	0.00211	0.00317	0.01213	0.00739	0.00633
9	0.00818	0.00584	0.00779	0.00934	0.00973	0.00545	0.00623	0.00934	0.01285	0.01713	0.03698	0.75981	0.04438	0.02102	0.00856	0.00273	0.00389	0.01908	0.00623	0.00545
10	0.26472	0.06027	0.01781	0.01328	0.01817	0.04292	0.03404	0.30863	0.06075	0.09585	0.01492	0.01524	0.01082	0.00732	0.00582	0.00202	0.00673	0.00532	0.00563	0.00973
11	0.01718	0.01512	0.02409	0.19048	0.47314	0.03690	0.01872	0.02151	0.03510	0.08226	0.01403	0.01753	0.01100	0.00646	0.00665	0.00205	0.00803	0.00604	0.00379	0.00992
12	0.00935	0.00642	0.00746	0.00772	0.00801	0.00625	0.00465	0.00983	0.01116	0.01483	0.06532	0.17663	0.07077	0.54296	0.02648	0.00532	0.00566	0.01185	0.00477	0.00454
13	0.01901	0.12861	0.01886	0.01324	0.01773	0.10202	0.01076	0.13648	0.26680	0.05201	0.02018	0.03873	0.03291	0.00815	0.00618	0.00189	0.00661	0.00635	0.00549	0.10799
14	0.01733	0.07490	0.02075	0.06673	0.10514	0.07066	0.05026	0.11440	0.08252	0.02372	0.01363	0.01575	0.01090	0.00665	0.00685	0.00173	0.04895	0.00530	0.00426	0.25957
15	0.04187	0.04698	0.15604	0.10288	0.02716	0.05452	0.18094	0.10904	0.01737	0.10195	0.01566	0.05811	0.01227	0.00744	0.00678	0.00209	0.00870	0.00676	0.00441	0.03904
16	0.01483	0.07296	0.59281	0.01894	0.02807	0.01670	0.06235	0.07671	0.01566	0.02268	0.01231	0.01437	0.00884	0.00644	0.00638	0.00209	0.00964	0.00514	0.00319	0.00992
17	0.01108	0.00851	0.01186	0.03742	0.01426	0.03183	0.06094	0.01315	0.01432	0.05742	0.05778	0.46492	0.06969	0.01739	0.00830	0.00261	0.00526	0.10097	0.00595	0.00634
18	0.01890	0.14689	0.15194	0.05218	0.06462	0.01829	0.09630	0.18139	0.05710	0.08273	0.01535	0.03632	0.01185	0.00743	0.00688	0.00204	0.02921	0.00614	0.00461	0.00984
19	0.01320	0.01181	0.01430	0.01307	0.03893	0.05307	0.07356	0.02023	0.20228	0.04068	0.12727	0.05665	0.24020	0.01413	0.04777	0.00268	0.00617	0.01023	0.00592	0.00786
20	0.00818	0.00620	0.00757	0.00865	0.00966	0.00559	0.00602	0.00958	0.01369	0.01753	0.04657	0.52206	0.25405	0.01969	0.00839	0.00259	0.00381	0.03840	0.00623	0.00554
21	0.01629	0.01990	0.21328	0.13243	0.07453	0.05631	0.10946	0.03448	0.01524	0.10637	0.01672	0.10256	0.01416	0.00859	0.00779	0.00223	0.04915	0.00747	0.00415	0.00890
22	0.01715	0.04654	0.13447	0.01801	0.06255	0.05633	0.09512	0.09779	0.23991	0.04177	0.01863	0.03930	0.01463	0.01037	0.04718	0.00264	0.03617	0.00682	0.00493	0.00968
23	0.01537	0.09598	0.24990	0.02087	0.08145	0.07664	0.19002	0.02121	0.05361	0.02078	0.04653	0.06759	0.01469	0.00762	0.00680	0.00210	0.00906	0.00703	0.00373	0.00902
24	0.05061	0.01461	0.01629	0.01307	0.01757	0.01557	0.01061	0.33358	0.13131	0.18200	0.08299	0.02226	0.01873	0.00870	0.00665	0.00205	0.00602	0.00690	0.05007	0.01041
25	0.01028	0.01004	0.09187	0.01067	0.01257	0.00764	0.00872	0.01323	0.05158	0.04042	0.03211	0.46864	0.05279	0.10445	0.01116	0.00306	0.00515	0.05361	0.00568	0.00633
26	0.01692	0.05260	0.06225	0.01358	0.03837	0.03931	0.04801	0.09059	0.05477	0.06631	0.01423	0.01606	0.01123	0.02287	0.00631	0.00158	0.00643	0.00501	0.00449	0.42909
27	0.01978	0.05875	0.06057	0.09360	0.25288	0.07476	0.03309	0.04738	0.05206	0.17444	0.01657	0.03666	0.01270	0.00742	0.00702	0.00206	0.02942	0.00628	0.00469	0.00987
28	0.02607	0.01138	0.01487	0.01174	0.01634	0.01041	0.00957	0.07241	0.05738	0.54300	0.12726	0.02652	0.02333	0.00912	0.00692	0.00209	0.00542	0.00754	0.00799	0.01063
29	0.00936	0.00613	0.00822	0.00906	0.00970	0.00581	0.00631	0.01015	0.01312	0.01781	0.12615	0.42268	0.06272	0.01975	0.01200	0.16805	0.00427	0.05026	0.03332	0.00512
30	0.06920	0.08396	0.28114	0.16454	0.08589	0.09384	0.06346	0.02065	0.01450	0.02016	0.01158	0.01464	0.00886	0.00631	0.00617	0.00201	0.00919	0.00513	0.00314	0.03563
31	0.01374	0.01102	0.01605	0.06358	0.08697	0.01263	0.02921	0.01628	0.02916	0.08436	0.06425	0.23117	0.06297	0.01333	0.01196	0.00254	0.22772	0.01061	0.00495	0.00749
32	0.00852	0.00632	0.00799	0.00912	0.00998	0.00589	0.00633	0.01038	0.03071	0.01822	0.08161	0.57329	0.14497	0.01962	0.00841	0.00262	0.00389	0.04013	0.00631	0.00569
33	0.07968	0.04632	0.10238	0.23987	0.07347	0.07160	0.12807	0.07493	0.05828	0.04237	0.01351	0.01660	0.01015	0.00669	0.00653	0.00211	0.00882	0.00590	0.00386	0.00886
34	0.11549	0.01536	0.02191	0.08913	0.22341	0.04206	0.09338	0.06832	0.04816	0.02332	0.01331	0.03492	0.01107	0.00718	0.00779	0.00206	0.07757	0.00604	0.00392	0.09560

[dist]
# distance from previous block
# <min> <max>
0	14

# created by:
# /home/berkeley/.conda/envs/busco_data_prod/bin/msa2prfl.pl pipeline/OGs_align_augustus/4893/13655.fs
