[name]
unknown

[dist]
# distance from previous block
# <min> <max>
0	56

[block]
# block no. 0 follows, 33 sequences, length 116
# corresponding to MSA columns:
# 56-171
name=unknown_A
#
# <colnr> <probs for GDERKNQSTAVLIFYWHMCP>
#	G	D	E	R	K	N	Q	S	T	A	V	L	I	F	Y	W	H	M	C	P
0	0.00919	0.00630	0.00755	0.00808	0.00835	0.00618	0.00509	0.00977	0.01094	0.01449	0.02703	0.24057	0.04591	0.49292	0.02430	0.00503	0.00560	0.06338	0.00477	0.00455
1	0.52300	0.03822	0.03444	0.01082	0.01534	0.04073	0.00917	0.13894	0.04522	0.07289	0.01218	0.01300	0.00905	0.00667	0.00490	0.00201	0.00593	0.00438	0.00476	0.00835
2	0.41365	0.07110	0.01504	0.01136	0.01581	0.09207	0.00937	0.13984	0.03732	0.11978	0.01310	0.01361	0.00963	0.00680	0.00512	0.00195	0.00638	0.00455	0.00494	0.00860
3	0.01465	0.01398	0.02367	0.33462	0.42718	0.01534	0.01926	0.01869	0.01411	0.01942	0.01201	0.01677	0.00970	0.00631	0.00693	0.00208	0.02727	0.00586	0.00311	0.00906
4	0.01566	0.01402	0.02143	0.08109	0.42325	0.01458	0.01608	0.07644	0.10191	0.02429	0.12488	0.02245	0.01957	0.00763	0.00674	0.00203	0.00679	0.00700	0.00454	0.00961
5	0.00957	0.00638	0.00718	0.00718	0.00718	0.00638	0.00399	0.00957	0.00957	0.01276	0.02074	0.04308	0.02393	0.76864	0.03351	0.00638	0.00638	0.00957	0.00399	0.00399
6	0.01274	0.01202	0.02031	0.69542	0.10031	0.01471	0.01844	0.01709	0.01331	0.01720	0.01176	0.01745	0.00891	0.00652	0.00658	0.00217	0.00870	0.00585	0.00295	0.00756
7	0.02469	0.01827	0.01957	0.01508	0.02029	0.02026	0.01243	0.67967	0.05745	0.04095	0.01623	0.01614	0.01154	0.00794	0.00659	0.00199	0.00717	0.00599	0.00659	0.01117
8	0.01491	0.01348	0.02274	0.39681	0.35550	0.01488	0.01880	0.01900	0.01423	0.04877	0.01261	0.01718	0.00984	0.00632	0.00655	0.00208	0.00821	0.00589	0.00330	0.00890
9	0.01396	0.01326	0.02251	0.47054	0.31566	0.01503	0.01904	0.01816	0.01389	0.01868	0.01197	0.01705	0.00943	0.00630	0.00656	0.00210	0.00840	0.00586	0.00306	0.00855
10	0.03564	0.02152	0.21029	0.02464	0.03196	0.01609	0.50050	0.02125	0.01510	0.03839	0.01314	0.01673	0.00966	0.00580	0.00727	0.00218	0.01047	0.00691	0.00333	0.00910
11	0.01473	0.01715	0.06286	0.02547	0.03161	0.01544	0.60051	0.01995	0.01526	0.02073	0.01572	0.07137	0.01338	0.00713	0.00781	0.00228	0.01034	0.03610	0.00361	0.00855
12	0.01157	0.00751	0.01044	0.03712	0.06806	0.00705	0.00798	0.01328	0.01386	0.10959	0.03528	0.51417	0.10438	0.01698	0.00790	0.00247	0.00448	0.01522	0.00604	0.00659
13	0.02386	0.01078	0.03866	0.01121	0.01547	0.00890	0.00931	0.02642	0.01771	0.53499	0.08467	0.12649	0.04059	0.01042	0.00697	0.00213	0.00525	0.00881	0.00756	0.00981
14	0.00945	0.00688	0.00970	0.00970	0.01057	0.00775	0.00713	0.01119	0.01032	0.01463	0.01844	0.03034	0.01840	0.23646	0.55812	0.00949	0.01471	0.00771	0.00365	0.00539
15	0.01530	0.23835	0.46327	0.01691	0.02494	0.06860	0.04657	0.02092	0.01415	0.01904	0.01102	0.01298	0.00844	0.00609	0.00573	0.00188	0.00918	0.00456	0.00285	0.00920
16	0.02428	0.01178	0.01712	0.07898	0.13382	0.01108	0.01205	0.02770	0.03996	0.49021	0.02318	0.04545	0.01633	0.00836	0.00673	0.00209	0.00618	0.02756	0.00674	0.01039
17	0.02462	0.01824	0.01953	0.01507	0.02026	0.02023	0.01242	0.67452	0.06271	0.04084	0.01632	0.01621	0.01161	0.00795	0.00659	0.00199	0.00715	0.00600	0.00659	0.01116
18	0.00833	0.00617	0.00750	0.00841	0.00928	0.00568	0.00578	0.00956	0.01294	0.01665	0.04184	0.44147	0.21609	0.12556	0.01184	0.00310	0.00419	0.05456	0.00581	0.00525
19	0.02760	0.01205	0.01744	0.01317	0.01843	0.01063	0.07035	0.05417	0.01880	0.62096	0.02401	0.02146	0.01534	0.00780	0.00666	0.00201	0.00611	0.00660	0.00752	0.03890
20	0.81514	0.01273	0.00968	0.00866	0.01273	0.01477	0.00713	0.01935	0.01120	0.02954	0.00917	0.01069	0.00713	0.00611	0.00407	0.00204	0.00509	0.00356	0.00407	0.00713
21	0.01382	0.01312	0.02226	0.49598	0.29130	0.01499	0.01898	0.01804	0.01382	0.01851	0.01195	0.01710	0.00937	0.00632	0.00656	0.00211	0.00843	0.00586	0.00305	0.00844
22	0.00940	0.00705	0.01058	0.01058	0.01176	0.00823	0.00823	0.01176	0.01058	0.01528	0.01763	0.02586	0.01646	0.04937	0.74255	0.01058	0.01763	0.00705	0.00353	0.00588
23	0.01473	0.01593	0.03308	0.02726	0.13427	0.01514	0.51082	0.01951	0.01498	0.02052	0.01537	0.08313	0.01327	0.00882	0.03967	0.00258	0.01026	0.00841	0.00357	0.00867
24	0.01684	0.01450	0.02347	0.10181	0.51529	0.01476	0.01789	0.06349	0.01610	0.07023	0.01629	0.02086	0.03685	0.00711	0.00669	0.00204	0.00749	0.03443	0.00399	0.00988
25	0.01217	0.00940	0.01311	0.19665	0.02034	0.02896	0.01063	0.01430	0.01314	0.07816	0.02526	0.40430	0.02741	0.01459	0.00931	0.00250	0.09561	0.01253	0.00503	0.00662
26	0.00846	0.00614	0.00806	0.00931	0.01009	0.00574	0.00666	0.01005	0.01359	0.01798	0.08829	0.55933	0.09925	0.01945	0.00840	0.00264	0.00404	0.11081	0.00619	0.00553
27	0.03733	0.01885	0.02220	0.12501	0.33843	0.18267	0.01652	0.11048	0.01772	0.05032	0.01269	0.01550	0.01002	0.00653	0.00635	0.00194	0.00866	0.00548	0.00389	0.00943
28	0.05045	0.01484	0.02478	0.16132	0.57930	0.01543	0.01930	0.01959	0.01451	0.02105	0.01213	0.01627	0.01000	0.00600	0.00642	0.00200	0.00787	0.00576	0.00324	0.00975
29	0.02350	0.02900	0.01887	0.01692	0.02002	0.63406	0.01290	0.05261	0.01822	0.01711	0.01024	0.01231	0.00861	0.00735	0.00768	0.00184	0.09313	0.00447	0.00347	0.00773
30	0.01408	0.01196	0.01388	0.00996	0.01578	0.00922	0.00798	0.04285	0.01431	0.02222	0.01186	0.01373	0.00981	0.00499	0.00494	0.00101	0.00497	0.00398	0.00400	0.77846
31	0.00957	0.00638	0.00718	0.00718	0.00718	0.00638	0.00399	0.00957	0.00957	0.01276	0.02074	0.04308	0.02393	0.76864	0.03351	0.00638	0.00638	0.00957	0.00399	0.00399
32	0.00800	0.00581	0.00756	0.00896	0.00949	0.00536	0.00602	0.00919	0.01281	0.01689	0.03885	0.70509	0.10113	0.02029	0.00835	0.00264	0.00378	0.01831	0.00611	0.00536
33	0.00956	0.00676	0.00935	0.00935	0.01007	0.00749	0.00669	0.01087	0.01014	0.01425	0.01835	0.03129	0.01869	0.28717	0.47060	0.04949	0.01329	0.00782	0.00365	0.00510
34	0.00955	0.00649	0.00773	0.00773	0.00792	0.00668	0.00467	0.00993	0.00974	0.01317	0.02024	0.04030	0.02273	0.65239	0.14810	0.00706	0.00820	0.00917	0.00391	0.00429
35	0.81514	0.01273	0.00968	0.00866	0.01273	0.01477	0.00713	0.01935	0.01120	0.02954	0.00917	0.01069	0.00713	0.00611	0.00407	0.00204	0.00509	0.00356	0.00407	0.00713
36	0.00822	0.00588	0.00782	0.00903	0.00959	0.00548	0.00613	0.00967	0.01354	0.01830	0.14318	0.65320	0.04643	0.01951	0.00830	0.00258	0.00371	0.01766	0.00629	0.00548
37	0.01365	0.01170	0.01365	0.00975	0.01560	0.00878	0.00780	0.01658	0.01365	0.02145	0.01170	0.01365	0.00975	0.00488	0.00488	0.00098	0.00488	0.00390	0.00390	0.80888
38	0.00957	0.00638	0.00718	0.00718	0.00718	0.00638	0.00399	0.00957	0.00957	0.01276	0.02074	0.04308	0.02393	0.76864	0.03351	0.00638	0.00638	0.00957	0.00399	0.00399
39	0.01209	0.00612	0.00620	0.00627	0.00775	0.00610	0.00467	0.01507	0.01375	0.02421	0.02212	0.05679	0.01804	0.00823	0.00477	0.00158	0.00310	0.00668	0.77035	0.00610
40	0.29626	0.01436	0.01446	0.01193	0.01627	0.01582	0.00969	0.28474	0.08128	0.10984	0.01711	0.07110	0.01353	0.00835	0.00587	0.00208	0.00589	0.00627	0.00586	0.00929
41	0.00978	0.00736	0.00932	0.01024	0.01157	0.00730	0.00785	0.01358	0.09088	0.01958	0.08345	0.36515	0.10104	0.01778	0.00833	0.00265	0.00456	0.21715	0.00624	0.00619
42	0.00867	0.00692	0.00790	0.00828	0.01026	0.00616	0.00662	0.01081	0.01532	0.01896	0.10764	0.06525	0.48790	0.01684	0.00814	0.00243	0.00406	0.19592	0.00618	0.00574
43	0.07160	0.00790	0.00977	0.00885	0.01105	0.00754	0.00679	0.01581	0.03951	0.10485	0.57227	0.04260	0.05167	0.01219	0.00733	0.00207	0.00359	0.01056	0.00709	0.00696
44	0.00886	0.00604	0.00796	0.00907	0.00979	0.00558	0.00619	0.01025	0.01345	0.04214	0.09736	0.64593	0.07393	0.01940	0.00826	0.00258	0.00380	0.01750	0.00628	0.00563
45	0.75657	0.01293	0.01029	0.00903	0.01319	0.01486	0.00744	0.04966	0.01230	0.05164	0.00997	0.01128	0.00759	0.00625	0.00426	0.00203	0.00520	0.00376	0.00431	0.00743
46	0.02351	0.01741	0.01888	0.01473	0.01963	0.01934	0.01211	0.62731	0.05591	0.03897	0.01637	0.01690	0.01194	0.01107	0.06213	0.00263	0.00795	0.00607	0.00636	0.01076
47	0.00940	0.00691	0.00979	0.00979	0.01075	0.00779	0.00728	0.01125	0.01048	0.01482	0.01942	0.03029	0.03458	0.19669	0.57937	0.00952	0.01498	0.00773	0.00368	0.00548
48	0.01151	0.00575	0.00836	0.00836	0.00850	0.00575	0.00562	0.00917	0.00903	0.01258	0.01231	0.02041	0.01191	0.02154	0.02388	0.73795	0.00549	0.00575	0.07296	0.00315
49	0.00802	0.00573	0.00764	0.00917	0.00955	0.00535	0.00611	0.00917	0.01260	0.01681	0.03628	0.76434	0.04354	0.02062	0.00840	0.00267	0.00382	0.01872	0.00611	0.00535
50	0.02549	0.01670	0.01991	0.01513	0.02045	0.01766	0.05536	0.50441	0.02714	0.20233	0.01804	0.01748	0.01232	0.00781	0.00667	0.00201	0.00710	0.00621	0.00675	0.01105
51	0.33133	0.18248	0.10697	0.01230	0.01754	0.07695	0.01154	0.12886	0.03653	0.02616	0.01114	0.01237	0.00870	0.00645	0.00500	0.00188	0.00698	0.00426	0.00406	0.00852
52	0.00950	0.00639	0.00716	0.00716	0.00725	0.00635	0.00403	0.00957	0.00981	0.01298	0.02271	0.04395	0.05396	0.73642	0.03241	0.00620	0.00625	0.00976	0.00408	0.00406
53	0.01675	0.01433	0.01509	0.01347	0.01726	0.01655	0.01051	0.06371	0.68635	0.02814	0.02632	0.02419	0.01971	0.00889	0.00669	0.00222	0.00530	0.00738	0.00669	0.01045
54	0.02708	0.01340	0.05794	0.01381	0.01932	0.01109	0.07839	0.05645	0.01871	0.59621	0.02355	0.02122	0.01504	0.00778	0.00671	0.00206	0.00643	0.00661	0.00732	0.01089
55	0.00896	0.00669	0.00834	0.00815	0.00977	0.00607	0.00612	0.01163	0.01735	0.02370	0.51365	0.09821	0.20122	0.01478	0.00786	0.00218	0.00332	0.03912	0.00689	0.00601
56	0.01483	0.01414	0.02407	0.31121	0.46824	0.01526	0.01947	0.01892	0.01430	0.01973	0.01212	0.01677	0.00980	0.00614	0.00654	0.00205	0.00818	0.00586	0.00313	0.00924
57	0.00943	0.00696	0.01011	0.01011	0.01112	0.00797	0.00764	0.01145	0.01044	0.01493	0.01807	0.02826	0.01750	0.14961	0.64374	0.01000	0.01607	0.00740	0.00359	0.00561
58	0.01383	0.10432	0.60648	0.01881	0.02788	0.01645	0.08175	0.02076	0.01399	0.02035	0.01169	0.01391	0.00849	0.00613	0.00619	0.00203	0.00959	0.00499	0.00283	0.00953
59	0.01406	0.01476	0.02922	0.37871	0.06210	0.01564	0.35020	0.01900	0.01437	0.01904	0.01251	0.01761	0.00942	0.00606	0.00715	0.00220	0.00987	0.00678	0.00313	0.00817
60	0.10422	0.12449	0.12668	0.07723	0.13325	0.01717	0.11767	0.04453	0.01450	0.08170	0.01246	0.01515	0.00963	0.00678	0.00767	0.00207	0.08665	0.00548	0.00369	0.00897
61	0.01760	0.77260	0.03450	0.01126	0.01690	0.02605	0.01126	0.01971	0.01338	0.01549	0.00915	0.01056	0.00845	0.00563	0.00422	0.00141	0.00704	0.00352	0.00282	0.00845
62	0.01387	0.01284	0.02248	0.55454	0.13966	0.01480	0.08660	0.01825	0.01385	0.04236	0.01245	0.01756	0.00939	0.00643	0.00669	0.00216	0.00876	0.00607	0.00319	0.00804
63	0.01522	0.01458	0.02465	0.22219	0.52156	0.01558	0.01946	0.01915	0.01431	0.02006	0.01205	0.01653	0.00993	0.00630	0.00719	0.00206	0.04070	0.00586	0.00316	0.00949
64	0.00880	0.00671	0.00808	0.00774	0.00952	0.00599	0.00580	0.01142	0.01741	0.02350	0.50257	0.05395	0.28546	0.01454	0.00777	0.00212	0.00318	0.01258	0.00686	0.00599
65	0.01604	0.01776	0.03587	0.05617	0.03312	0.03601	0.59657	0.05258	0.01601	0.02151	0.01309	0.01736	0.00990	0.00598	0.00819	0.00222	0.04192	0.00743	0.00345	0.00882
66	0.01509	0.03146	0.64362	0.01801	0.02716	0.01502	0.02258	0.04988	0.01502	0.08262	0.01319	0.01471	0.00914	0.00648	0.00630	0.00208	0.00927	0.00506	0.00340	0.00992
67	0.00924	0.00677	0.00887	0.00974	0.01106	0.00640	0.00767	0.01159	0.01520	0.02009	0.18754	0.25269	0.14127	0.01761	0.00844	0.00262	0.00444	0.26660	0.00634	0.00583
68	0.02127	0.02464	0.02283	0.07554	0.06675	0.41874	0.13859	0.08697	0.04517	0.02015	0.01214	0.01447	0.00958	0.00668	0.00644	0.00189	0.01058	0.00537	0.00376	0.00843
69	0.01336	0.05988	0.71005	0.01850	0.02809	0.01567	0.02387	0.02081	0.01388	0.02066	0.01172	0.01378	0.00834	0.00623	0.00618	0.00206	0.00964	0.00482	0.00278	0.00968
70	0.01561	0.18880	0.49133	0.01748	0.05213	0.01748	0.02013	0.04731	0.01475	0.05952	0.01220	0.01382	0.00899	0.00627	0.00586	0.00193	0.00876	0.00475	0.00325	0.00962
71	0.01634	0.56082	0.23523	0.01341	0.02022	0.02296	0.01501	0.02004	0.01353	0.01703	0.00992	0.01152	0.00842	0.00581	0.00481	0.00160	0.00781	0.00391	0.00281	0.00882
72	0.00823	0.00624	0.00762	0.00839	0.00955	0.00562	0.00597	0.00989	0.01429	0.01856	0.14062	0.41859	0.25804	0.01830	0.00815	0.00246	0.00366	0.04397	0.00627	0.00556
73	0.00895	0.00684	0.00830	0.00857	0.01011	0.00635	0.00637	0.01181	0.04615	0.02097	0.27322	0.23892	0.24347	0.01641	0.00799	0.00235	0.00368	0.06705	0.00651	0.00597
74	0.01731	0.01700	0.02579	0.03750	0.64213	0.07334	0.01929	0.04925	0.01595	0.02191	0.01235	0.01592	0.01031	0.00602	0.00647	0.00194	0.00812	0.00574	0.00341	0.01024
75	0.00928	0.00669	0.00903	0.01029	0.01137	0.00643	0.00808	0.01147	0.01440	0.01901	0.09892	0.35745	0.07560	0.01870	0.00862	0.00276	0.00474	0.31521	0.00619	0.00575
76	0.01530	0.01408	0.02368	0.22520	0.49607	0.01476	0.01873	0.01920	0.01462	0.04110	0.01497	0.01886	0.04131	0.00659	0.00659	0.00203	0.00781	0.00623	0.00344	0.00942
77	0.04800	0.01579	0.01940	0.02120	0.21359	0.06051	0.01365	0.13073	0.18961	0.13512	0.01801	0.01858	0.01345	0.00777	0.00760	0.00210	0.06319	0.00619	0.00537	0.01013
78	0.05791	0.05328	0.01917	0.01731	0.04939	0.62408	0.01274	0.05708	0.01858	0.01807	0.01045	0.01215	0.00863	0.00673	0.00586	0.00173	0.01104	0.00433	0.00355	0.00792
79	0.03899	0.01686	0.05375	0.17873	0.22575	0.04352	0.30507	0.02011	0.01484	0.02038	0.01244	0.01675	0.00966	0.00594	0.00695	0.00211	0.00953	0.00649	0.00323	0.00891
80	0.01257	0.01189	0.01977	0.70223	0.04341	0.01501	0.01802	0.01675	0.01295	0.01675	0.01149	0.01734	0.00877	0.00692	0.00761	0.00224	0.06020	0.00584	0.00292	0.00731
81	0.01562	0.01949	0.17527	0.02680	0.28376	0.01528	0.14553	0.05308	0.07170	0.02270	0.01368	0.01641	0.01064	0.00612	0.00653	0.00195	0.00827	0.00592	0.00367	0.09758
82	0.00944	0.00648	0.00755	0.00742	0.00788	0.00631	0.00456	0.01025	0.01195	0.01622	0.19023	0.04535	0.06138	0.55825	0.02633	0.00519	0.00548	0.01030	0.00485	0.00458
83	0.01760	0.77260	0.03450	0.01126	0.01690	0.02605	0.01126	0.01971	0.01338	0.01549	0.00915	0.01056	0.00845	0.00563	0.00422	0.00141	0.00704	0.00352	0.00282	0.00845
84	0.00810	0.00640	0.00734	0.00795	0.00945	0.00563	0.00579	0.00973	0.01432	0.01792	0.08144	0.31010	0.41537	0.01802	0.00808	0.00242	0.00366	0.05657	0.00616	0.00554
85	0.01629	0.01564	0.02672	0.04041	0.72757	0.01564	0.02020	0.02020	0.01499	0.02151	0.01238	0.01629	0.01043	0.00587	0.00652	0.00196	0.00782	0.00587	0.00326	0.01043
86	0.01375	0.12620	0.64718	0.01783	0.02705	0.01663	0.02269	0.02071	0.01383	0.02018	0.01148	0.01348	0.00835	0.00618	0.00600	0.00200	0.00939	0.00470	0.00278	0.00957
87	0.01320	0.03405	0.73453	0.01876	0.02849	0.01529	0.02432	0.02085	0.01390	0.02085	0.01181	0.01390	0.00834	0.00625	0.00625	0.00208	0.00973	0.00486	0.00278	0.00973
88	0.00943	0.00697	0.01013	0.01013	0.01116	0.00799	0.00767	0.01147	0.01045	0.01495	0.01804	0.02812	0.01744	0.14357	0.64969	0.01003	0.01616	0.00738	0.00359	0.00563
89	0.00940	0.00705	0.01058	0.01058	0.01176	0.00823	0.00823	0.01176	0.01058	0.01528	0.01763	0.02586	0.01646	0.04937	0.74255	0.01058	0.01763	0.00705	0.00353	0.00588
90	0.01280	0.01207	0.02040	0.68578	0.10954	0.01472	0.01846	0.01714	0.01334	0.01726	0.01177	0.01743	0.00893	0.00651	0.00658	0.00217	0.00869	0.00585	0.00296	0.00761
91	0.00812	0.00580	0.00775	0.00928	0.00971	0.00543	0.00629	0.00934	0.01270	0.01692	0.03623	0.73764	0.04332	0.02053	0.00843	0.00269	0.00391	0.04443	0.00611	0.00537
92	0.01554	0.01776	0.03885	0.02775	0.03441	0.01665	0.70366	0.02109	0.01554	0.02109	0.01332	0.01776	0.00999	0.00555	0.00777	0.00222	0.01110	0.00777	0.00333	0.00888
93	0.81514	0.01273	0.00968	0.00866	0.01273	0.01477	0.00713	0.01935	0.01120	0.02954	0.00917	0.01069	0.00713	0.00611	0.00407	0.00204	0.00509	0.00356	0.00407	0.00713
94	0.00800	0.00580	0.00756	0.00897	0.00950	0.00536	0.00603	0.00919	0.01279	0.01688	0.03862	0.71048	0.09589	0.02032	0.00835	0.00264	0.00378	0.01834	0.00611	0.00536
95	0.18083	0.01378	0.01701	0.04128	0.01915	0.01403	0.05521	0.19853	0.01998	0.34647	0.01874	0.01796	0.01251	0.00746	0.00619	0.00204	0.00639	0.00589	0.00644	0.01010
96	0.01439	0.23303	0.54593	0.01674	0.02537	0.01819	0.02080	0.02054	0.01376	0.01940	0.01110	0.01300	0.00837	0.00609	0.00571	0.00190	0.00900	0.00450	0.00279	0.00938
97	0.01473	0.05061	0.31983	0.02472	0.09707	0.01633	0.33900	0.02086	0.01475	0.02083	0.01247	0.01580	0.00931	0.00587	0.00691	0.00211	0.01009	0.00626	0.00308	0.00936
98	0.01716	0.69785	0.10535	0.01202	0.01807	0.02496	0.01259	0.01983	0.01343	0.01603	0.00942	0.01090	0.00844	0.00570	0.00443	0.00148	0.00731	0.00366	0.00281	0.00858
99	0.01128	0.00582	0.00873	0.00873	0.00882	0.00591	0.00591	0.00882	0.00873	0.01173	0.01190	0.02045	0.01181	0.02487	0.07982	0.74825	0.00662	0.00582	0.00291	0.00309
100	0.01320	0.03405	0.73453	0.01876	0.02849	0.01529	0.02432	0.02085	0.01390	0.02085	0.01181	0.01390	0.00834	0.00625	0.00625	0.00208	0.00973	0.00486	0.00278	0.00973
101	0.01327	0.01151	0.01390	0.01007	0.01567	0.00877	0.02896	0.01618	0.01381	0.02116	0.01590	0.01753	0.06372	0.00579	0.00518	0.00111	0.00495	0.00477	0.00405	0.72369
102	0.01054	0.00846	0.01218	0.04381	0.13464	0.00813	0.00903	0.01374	0.01755	0.02461	0.52976	0.04317	0.09456	0.01209	0.00750	0.00207	0.00416	0.01075	0.00631	0.00694
103	0.01243	0.01170	0.01975	0.75282	0.04534	0.01463	0.01828	0.01682	0.01316	0.01682	0.01170	0.01755	0.00878	0.00658	0.00658	0.00219	0.00878	0.00585	0.00293	0.00731
104	0.00925	0.00675	0.00883	0.00837	0.00993	0.00633	0.00630	0.01222	0.01784	0.02513	0.63758	0.04813	0.09215	0.01633	0.06321	0.00272	0.00421	0.01164	0.00691	0.00615
105	0.01581	0.01531	0.10884	0.01582	0.10907	0.01109	0.03831	0.01994	0.03299	0.09925	0.01382	0.01542	0.01065	0.00567	0.00561	0.00144	0.00620	0.00481	0.00419	0.46574
106	0.01243	0.01170	0.01975	0.75282	0.04534	0.01463	0.01828	0.01682	0.01316	0.01682	0.01170	0.01755	0.00878	0.00658	0.00658	0.00219	0.00878	0.00585	0.00293	0.00731
107	0.02755	0.00753	0.01031	0.03363	0.04074	0.00724	0.03149	0.01134	0.01259	0.01712	0.03057	0.37567	0.07589	0.17410	0.01327	0.00330	0.00518	0.07520	0.00521	0.04207
108	0.01600	0.10632	0.16121	0.02919	0.41832	0.04917	0.01854	0.02023	0.01465	0.02044	0.01174	0.01475	0.00965	0.00587	0.00603	0.00182	0.00802	0.00516	0.00318	0.07971
109	0.61901	0.19960	0.01578	0.00930	0.01376	0.01754	0.00815	0.01944	0.01174	0.02608	0.00916	0.01066	0.00745	0.00599	0.00411	0.00188	0.00557	0.00355	0.00376	0.00745
110	0.01320	0.03405	0.73453	0.01876	0.02849	0.01529	0.02432	0.02085	0.01390	0.02085	0.01181	0.01390	0.00834	0.00625	0.00625	0.00208	0.00973	0.00486	0.00278	0.00973
111	0.02503	0.01844	0.01976	0.01515	0.02042	0.02042	0.01251	0.70562	0.03095	0.04149	0.01581	0.01581	0.01120	0.00790	0.00659	0.00198	0.00724	0.00593	0.00659	0.01120
112	0.01378	0.13004	0.64355	0.01779	0.02699	0.01669	0.02263	0.02070	0.01383	0.02015	0.01147	0.01347	0.00835	0.00617	0.00599	0.00200	0.00938	0.00469	0.00278	0.00956
113	0.02459	0.03138	0.01866	0.01696	0.02035	0.74221	0.01272	0.02629	0.01866	0.01611	0.01018	0.01187	0.00848	0.00678	0.00594	0.00170	0.01187	0.00424	0.00339	0.00763
114	0.00932	0.00673	0.00880	0.00828	0.00984	0.00621	0.00621	0.01242	0.01863	0.02640	0.72410	0.04918	0.06212	0.01346	0.00776	0.00207	0.00311	0.01191	0.00725	0.00621
115	0.01136	0.00575	0.00852	0.00852	0.00852	0.00575	0.00564	0.00862	0.00862	0.01149	0.01183	0.02100	0.01197	0.05482	0.02606	0.77410	0.00575	0.00588	0.00291	0.00291

[dist]
# distance from previous block
# <min> <max>
0	6

# created by:
# /home/berkeley/.conda/envs/busco_data_prod/bin/msa2prfl.pl pipeline/OGs_align_augustus/4893/13699.fs
