[name]
unknown

[dist]
# distance from previous block
# <min> <max>
0	37

[block]
# block no. 0 follows, 34 sequences, length 31
# corresponding to MSA columns:
# 38-68
name=unknown_A
#
# <colnr> <probs for GDERKNQSTAVLIFYWHMCP>
#	G	D	E	R	K	N	Q	S	T	A	V	L	I	F	Y	W	H	M	C	P
0	0.11392	0.01660	0.07653	0.01232	0.01674	0.12038	0.01059	0.12665	0.05301	0.06031	0.03475	0.02295	0.03158	0.04555	0.00729	0.00205	0.00674	0.06728	0.00477	0.16998
1	0.09029	0.01812	0.01779	0.01681	0.09043	0.17789	0.03276	0.26654	0.04454	0.02752	0.04040	0.02119	0.01449	0.01014	0.04203	0.00240	0.00828	0.06459	0.00496	0.00883
2	0.46627	0.01151	0.01056	0.00924	0.01302	0.01249	0.00743	0.02055	0.10427	0.08826	0.08221	0.02069	0.06842	0.00788	0.00519	0.00198	0.00474	0.00577	0.00510	0.05442
3	0.01455	0.01121	0.01323	0.00961	0.01512	0.00855	0.00770	0.01733	0.01392	0.08571	0.01522	0.01641	0.04315	0.00561	0.00507	0.00111	0.00478	0.00452	0.00431	0.70290
4	0.02456	0.01810	0.01939	0.01487	0.02004	0.02004	0.01228	0.71107	0.03038	0.04072	0.01551	0.01551	0.01099	0.00776	0.00646	0.00194	0.00711	0.00582	0.00646	0.01099
5	0.02197	0.01523	0.01705	0.01335	0.01814	0.01599	0.01095	0.45831	0.04236	0.11662	0.01779	0.03856	0.01368	0.00933	0.02741	0.00213	0.00673	0.03477	0.00619	0.11347
6	0.02352	0.01720	0.05116	0.01437	0.01948	0.01770	0.01226	0.52371	0.06807	0.12761	0.01802	0.01912	0.01309	0.00819	0.00656	0.00201	0.00685	0.03393	0.00648	0.01067
7	0.01727	0.77681	0.03386	0.01106	0.01658	0.02557	0.01106	0.01935	0.01313	0.01520	0.00898	0.01036	0.00829	0.00553	0.00415	0.00138	0.00691	0.00345	0.00276	0.00829
8	0.01019	0.00728	0.01016	0.01165	0.01304	0.00725	0.01003	0.01301	0.01466	0.01909	0.03433	0.13295	0.03766	0.01806	0.00887	0.00294	0.00576	0.63123	0.00595	0.00589
9	0.01409	0.02432	0.35119	0.05673	0.03166	0.01565	0.37074	0.02040	0.01442	0.02040	0.01234	0.01572	0.00902	0.00580	0.00691	0.00212	0.01019	0.00626	0.00301	0.00902
10	0.00970	0.00748	0.01074	0.01048	0.01136	0.00887	0.00800	0.01158	0.01019	0.01468	0.01696	0.02689	0.01656	0.15349	0.57469	0.00908	0.08299	0.00718	0.00347	0.00561
11	0.00923	0.00692	0.01038	0.01038	0.01154	0.00808	0.00808	0.01154	0.01038	0.01500	0.01731	0.02538	0.01615	0.04846	0.74732	0.01038	0.01731	0.00692	0.00346	0.00577
12	0.00923	0.00692	0.01038	0.01038	0.01154	0.00808	0.00808	0.01154	0.01038	0.01500	0.01731	0.02538	0.01615	0.04846	0.74732	0.01038	0.01731	0.00692	0.00346	0.00577
13	0.01581	0.01634	0.03171	0.11802	0.13212	0.01626	0.44224	0.08011	0.04000	0.02218	0.01340	0.01726	0.01015	0.00593	0.00717	0.00212	0.00963	0.00696	0.00360	0.00899
14	0.01466	0.01340	0.01697	0.07932	0.05212	0.08015	0.05265	0.10720	0.01431	0.01927	0.01397	0.02069	0.01266	0.10299	0.18954	0.00462	0.16965	0.00640	0.02222	0.00719
15	0.01029	0.00631	0.00824	0.00913	0.01016	0.00589	0.00653	0.01188	0.01330	0.07966	0.03419	0.55402	0.05806	0.01771	0.00780	0.00249	0.00401	0.07561	0.07884	0.00588
16	0.00926	0.00681	0.00980	0.00980	0.01075	0.00776	0.00735	0.01116	0.01021	0.01457	0.01784	0.02835	0.01744	0.17564	0.62190	0.00966	0.01537	0.00736	0.00354	0.00544
17	0.01340	0.01148	0.01340	0.00957	0.01531	0.00861	0.00766	0.01627	0.01340	0.02105	0.01148	0.01340	0.00957	0.00479	0.00479	0.00096	0.00479	0.00383	0.00383	0.81242
18	0.00939	0.00629	0.00716	0.00716	0.00720	0.00633	0.00406	0.00947	0.00943	0.01261	0.02025	0.04169	0.02323	0.74761	0.05785	0.00641	0.00665	0.00931	0.00390	0.00398
19	0.01763	0.01475	0.02255	0.06153	0.49052	0.04009	0.01664	0.02169	0.04199	0.11649	0.01430	0.01676	0.01117	0.00614	0.00625	0.00185	0.00721	0.00568	0.00401	0.08273
20	0.01613	0.07848	0.04700	0.01372	0.01808	0.01377	0.09321	0.10105	0.06909	0.08773	0.08585	0.07091	0.01815	0.00841	0.00765	0.00188	0.07638	0.00696	0.00490	0.18065
21	0.00796	0.00656	0.00699	0.00688	0.00892	0.00559	0.00516	0.00989	0.01549	0.01926	0.20678	0.05922	0.58755	0.01569	0.00763	0.00215	0.00322	0.01322	0.00624	0.00559
22	0.00939	0.00630	0.00720	0.00720	0.00726	0.00635	0.00411	0.00950	0.00944	0.01264	0.02021	0.04149	0.02314	0.73878	0.06656	0.00646	0.00678	0.00928	0.00389	0.00400
23	0.01850	0.02076	0.05169	0.08299	0.02532	0.22644	0.19233	0.10899	0.05804	0.02107	0.01240	0.01527	0.00975	0.00726	0.00874	0.00209	0.12038	0.00582	0.00376	0.00840
24	0.01122	0.00561	0.00842	0.00842	0.00842	0.00561	0.00561	0.00842	0.00842	0.01122	0.01122	0.01964	0.01122	0.02245	0.02525	0.81201	0.00561	0.00561	0.00281	0.00281
25	0.00792	0.00566	0.00754	0.00896	0.00938	0.00528	0.00600	0.00913	0.01261	0.01688	0.06402	0.73920	0.04348	0.01995	0.00822	0.00260	0.00372	0.01809	0.00604	0.00528
26	0.02415	0.03035	0.01835	0.01658	0.01998	0.72149	0.01248	0.04983	0.01873	0.01669	0.01018	0.01179	0.00842	0.00670	0.00585	0.00167	0.01149	0.00422	0.00344	0.00761
27	0.08340	0.01375	0.01887	0.08326	0.01907	0.01884	0.01386	0.01593	0.01026	0.01680	0.00880	0.01410	0.00837	0.01041	0.01838	0.00269	0.62771	0.00548	0.00293	0.00707
28	0.12024	0.01708	0.01966	0.01510	0.02015	0.01873	0.07462	0.54669	0.02615	0.03684	0.01454	0.01532	0.01052	0.00835	0.02472	0.00218	0.00745	0.00573	0.00580	0.01017
29	0.01479	0.04233	0.04370	0.01181	0.01690	0.12009	0.03791	0.01769	0.01434	0.01989	0.02744	0.04219	0.01274	0.00648	0.00546	0.00134	0.00631	0.03700	0.00389	0.51772
30	0.04569	0.01798	0.15010	0.03135	0.49461	0.01496	0.01875	0.02079	0.07164	0.02196	0.04098	0.01728	0.01249	0.00637	0.00632	0.00197	0.00752	0.00585	0.00357	0.00983

[dist]
# distance from previous block
# <min> <max>
0	6

[block]
# block no. 1 follows, 34 sequences, length 227
# corresponding to MSA columns:
# 75-301
name=unknown_B
#
# <colnr> <probs for GDERKNQSTAVLIFYWHMCP>
#	G	D	E	R	K	N	Q	S	T	A	V	L	I	F	Y	W	H	M	C	P
0	0.01485	0.01174	0.01428	0.01153	0.05589	0.00929	0.00857	0.01822	0.03564	0.07761	0.01308	0.01455	0.01043	0.00522	0.00507	0.00113	0.00501	0.00425	0.00421	0.67943
1	0.38401	0.05808	0.01737	0.01309	0.01768	0.03612	0.09355	0.17697	0.09832	0.02928	0.01298	0.01406	0.00981	0.00664	0.00535	0.00199	0.00648	0.00497	0.00468	0.00856
2	0.01375	0.01384	0.02081	0.54980	0.12131	0.07849	0.05569	0.01777	0.01377	0.01724	0.01284	0.01771	0.02651	0.00658	0.00649	0.00209	0.00877	0.00590	0.00305	0.00761
3	0.01736	0.69199	0.03143	0.01108	0.01626	0.06446	0.01077	0.01946	0.01344	0.01574	0.00972	0.01121	0.00876	0.00570	0.00426	0.00140	0.00695	0.00364	0.04824	0.00812
4	0.00901	0.00696	0.00846	0.00912	0.01094	0.00641	0.00753	0.01135	0.01499	0.01880	0.08774	0.06638	0.37108	0.01688	0.00823	0.00254	0.00450	0.32730	0.00604	0.00572
5	0.01055	0.00940	0.03301	0.05144	0.01372	0.00883	0.00814	0.03859	0.13424	0.02126	0.14081	0.04938	0.35568	0.01364	0.00744	0.00223	0.00447	0.08436	0.00598	0.00681
6	0.02143	0.02613	0.01900	0.01684	0.01962	0.53917	0.03412	0.02409	0.05616	0.01654	0.01070	0.01302	0.00904	0.00766	0.00897	0.00194	0.15980	0.00474	0.00341	0.00760
7	0.01220	0.01148	0.01938	0.75739	0.04450	0.01436	0.01794	0.01651	0.01292	0.01651	0.01148	0.01723	0.00861	0.00646	0.00646	0.00215	0.00861	0.00574	0.00287	0.00718
8	0.01296	0.03342	0.73944	0.01842	0.02797	0.01501	0.02387	0.02046	0.01364	0.02046	0.01160	0.01364	0.00818	0.00614	0.00614	0.00205	0.00955	0.00477	0.00273	0.00955
9	0.00892	0.00606	0.00719	0.00766	0.00778	0.00594	0.00457	0.00927	0.01033	0.01378	0.02516	0.27082	0.02955	0.53613	0.02514	0.00512	0.00547	0.01222	0.00457	0.00433
10	0.02899	0.01100	0.01499	0.01150	0.01649	0.00950	0.00950	0.03149	0.01849	0.73709	0.02549	0.02199	0.01599	0.00800	0.00650	0.00200	0.00550	0.00650	0.00800	0.01100
11	0.01032	0.00737	0.01031	0.01179	0.01324	0.00736	0.01025	0.01323	0.01478	0.01923	0.03426	0.09826	0.03739	0.01794	0.00890	0.00296	0.00587	0.66466	0.00595	0.00592
12	0.02838	0.01138	0.01554	0.01263	0.04272	0.01004	0.00996	0.05243	0.01873	0.68909	0.02469	0.02157	0.01563	0.00791	0.00649	0.00199	0.00563	0.00645	0.00777	0.01097
13	0.00940	0.00626	0.00705	0.00705	0.00705	0.00626	0.00392	0.00940	0.00940	0.01253	0.02036	0.04228	0.02349	0.77292	0.03289	0.00626	0.00626	0.00940	0.00392	0.00392
14	0.01220	0.01148	0.01938	0.75739	0.04450	0.01436	0.01794	0.01651	0.01292	0.01651	0.01148	0.01723	0.00861	0.00646	0.00646	0.00215	0.00861	0.00574	0.00287	0.00718
15	0.02456	0.01810	0.01939	0.01487	0.02004	0.02004	0.01228	0.71107	0.03038	0.04072	0.01551	0.01551	0.01099	0.00776	0.00646	0.00194	0.00711	0.00582	0.00646	0.01099
16	0.81856	0.01250	0.00950	0.00850	0.01250	0.01449	0.00700	0.01899	0.01100	0.02899	0.00900	0.01050	0.00700	0.00600	0.00400	0.00200	0.00500	0.00350	0.00400	0.00700
17	0.02899	0.01100	0.01499	0.01150	0.01649	0.00950	0.00950	0.03149	0.01849	0.73709	0.02549	0.02199	0.01599	0.00800	0.00650	0.00200	0.00550	0.00650	0.00800	0.01100
18	0.00923	0.00692	0.01038	0.01038	0.01154	0.00808	0.00808	0.01154	0.01038	0.01500	0.01731	0.02538	0.01615	0.04846	0.74732	0.01038	0.01731	0.00692	0.00346	0.00577
19	0.01599	0.01535	0.02623	0.03966	0.73262	0.01535	0.01983	0.01983	0.01471	0.02111	0.01215	0.01599	0.01023	0.00576	0.00640	0.00192	0.00768	0.00576	0.00320	0.01023
20	0.01220	0.01148	0.01938	0.75739	0.04450	0.01436	0.01794	0.01651	0.01292	0.01651	0.01148	0.01723	0.00861	0.00646	0.00646	0.00215	0.00861	0.00574	0.00287	0.00718
21	0.00923	0.00692	0.01038	0.01038	0.01154	0.00808	0.00808	0.01154	0.01038	0.01500	0.01731	0.02538	0.01615	0.04846	0.74732	0.01038	0.01731	0.00692	0.00346	0.00577
22	0.02276	0.02857	0.01742	0.01586	0.01903	0.67888	0.01190	0.02455	0.01831	0.01674	0.07610	0.01502	0.01316	0.00726	0.00599	0.00170	0.01086	0.00485	0.00368	0.00736
23	0.02456	0.01810	0.01939	0.01487	0.02004	0.02004	0.01228	0.71107	0.03038	0.04072	0.01551	0.01551	0.01099	0.00776	0.00646	0.00194	0.00711	0.00582	0.00646	0.01099
24	0.00933	0.00644	0.00794	0.00788	0.00830	0.00663	0.00505	0.01017	0.01060	0.01456	0.09897	0.03932	0.02611	0.53235	0.18353	0.00668	0.00828	0.00912	0.00418	0.00456
25	0.07142	0.10497	0.01959	0.03894	0.01977	0.34820	0.01196	0.22158	0.03873	0.04816	0.01239	0.01340	0.00956	0.00690	0.00578	0.00177	0.00896	0.00473	0.00443	0.00873
26	0.02181	0.04193	0.01843	0.01428	0.01897	0.03685	0.01164	0.47226	0.23305	0.03524	0.01834	0.01778	0.01341	0.00795	0.00641	0.00199	0.00663	0.00614	0.00630	0.01059
27	0.01055	0.00684	0.00873	0.00835	0.01010	0.00617	0.00622	0.01301	0.01679	0.08893	0.45027	0.16894	0.15175	0.01437	0.00762	0.00215	0.00343	0.01261	0.00684	0.00631
28	0.01671	0.01636	0.03410	0.02445	0.03077	0.01513	0.59013	0.02167	0.01551	0.10210	0.01439	0.01772	0.01049	0.00570	0.00734	0.00209	0.00994	0.00728	0.00384	0.05428
29	0.01329	0.09078	0.68500	0.01785	0.02709	0.01582	0.02288	0.02038	0.01360	0.02006	0.01139	0.01339	0.00819	0.00609	0.00598	0.00199	0.00935	0.00467	0.00273	0.00945
30	0.00940	0.00626	0.00705	0.00705	0.00705	0.00626	0.00392	0.00940	0.00940	0.01253	0.02036	0.04228	0.02349	0.77292	0.03289	0.00626	0.00626	0.00940	0.00392	0.00392
31	0.01671	0.01511	0.02560	0.03810	0.69291	0.01503	0.01926	0.02048	0.01492	0.06081	0.01289	0.01632	0.01055	0.00588	0.00640	0.00192	0.00756	0.00580	0.00346	0.01028
32	0.02115	0.01775	0.12346	0.01566	0.02107	0.07961	0.11784	0.09129	0.09833	0.27331	0.05887	0.02026	0.01571	0.00758	0.00662	0.00202	0.00743	0.00653	0.00574	0.00976
33	0.01620	0.01593	0.03194	0.02345	0.02924	0.01524	0.53137	0.02275	0.09711	0.08028	0.01681	0.02170	0.01300	0.00674	0.00748	0.00221	0.00950	0.04592	0.00419	0.00892
34	0.00781	0.00655	0.00678	0.00672	0.00883	0.00553	0.00504	0.00960	0.01513	0.01840	0.13968	0.06063	0.65518	0.01601	0.00763	0.00217	0.00325	0.01342	0.00612	0.00553
35	0.01390	0.02358	0.36895	0.06131	0.02891	0.01447	0.25872	0.01996	0.01473	0.04419	0.07557	0.01846	0.01366	0.00660	0.00681	0.00210	0.00926	0.00648	0.00348	0.00887
36	0.01463	0.01396	0.02376	0.29838	0.48458	0.01499	0.01915	0.01863	0.01407	0.01945	0.01191	0.01644	0.00965	0.00601	0.00642	0.00200	0.00801	0.00575	0.00308	0.00913
37	0.15489	0.01207	0.01410	0.01128	0.01561	0.01197	0.00913	0.16072	0.01876	0.40348	0.02110	0.06138	0.01544	0.05143	0.00767	0.00226	0.00568	0.00670	0.00670	0.00962
38	0.02414	0.03079	0.01831	0.01665	0.01998	0.74698	0.01248	0.02580	0.01831	0.01581	0.00999	0.01165	0.00832	0.00666	0.00583	0.00166	0.01165	0.00416	0.00333	0.00749
39	0.01340	0.01148	0.01340	0.00957	0.01531	0.00861	0.00766	0.01627	0.01340	0.02105	0.01148	0.01340	0.00957	0.00479	0.00479	0.00096	0.00479	0.00383	0.00383	0.81242
40	0.01727	0.77681	0.03386	0.01106	0.01658	0.02557	0.01106	0.01935	0.01313	0.01520	0.00898	0.01036	0.00829	0.00553	0.00415	0.00138	0.00691	0.00345	0.00276	0.00829
41	0.01220	0.01148	0.01938	0.75739	0.04450	0.01436	0.01794	0.01651	0.01292	0.01651	0.01148	0.01723	0.00861	0.00646	0.00646	0.00215	0.00861	0.00574	0.00287	0.00718
42	0.00940	0.00626	0.00705	0.00705	0.00705	0.00626	0.00392	0.00940	0.00940	0.01253	0.02036	0.04228	0.02349	0.77292	0.03289	0.00626	0.00626	0.00940	0.00392	0.00392
43	0.01296	0.03342	0.73944	0.01842	0.02797	0.01501	0.02387	0.02046	0.01364	0.02046	0.01160	0.01364	0.00818	0.00614	0.00614	0.00205	0.00955	0.00477	0.00273	0.00955
44	0.00777	0.00655	0.00673	0.00668	0.00881	0.00551	0.00501	0.00953	0.01504	0.01819	0.12294	0.06098	0.67206	0.01609	0.00764	0.00217	0.00325	0.01347	0.00610	0.00551
45	0.81856	0.01250	0.00950	0.00850	0.01250	0.01449	0.00700	0.01899	0.01100	0.02899	0.00900	0.01050	0.00700	0.00600	0.00400	0.00200	0.00500	0.00350	0.00400	0.00700
46	0.02899	0.01100	0.01499	0.01150	0.01649	0.00950	0.00950	0.03149	0.01849	0.73709	0.02549	0.02199	0.01599	0.00800	0.00650	0.00200	0.00550	0.00650	0.00800	0.01100
47	0.00872	0.00681	0.00795	0.00776	0.00963	0.00614	0.00591	0.01152	0.03463	0.02177	0.37363	0.05528	0.35919	0.01477	0.00767	0.00216	0.00337	0.05064	0.00653	0.00591
48	0.00924	0.00690	0.01026	0.01026	0.01137	0.00801	0.00792	0.01146	0.01035	0.01491	0.01742	0.02600	0.01642	0.07488	0.72126	0.01023	0.01690	0.00701	0.00348	0.00570
49	0.02417	0.02976	0.01840	0.01650	0.01998	0.68792	0.01247	0.08148	0.01929	0.01784	0.01044	0.01197	0.00854	0.00675	0.00588	0.00169	0.01128	0.00430	0.00358	0.00777
50	0.01554	0.01489	0.02542	0.12459	0.65119	0.01523	0.01961	0.01944	0.01450	0.02056	0.01207	0.01614	0.01004	0.00584	0.00640	0.00195	0.00779	0.00576	0.00316	0.00987
51	0.01456	0.01145	0.01352	0.00971	0.01540	0.00868	0.00779	0.01740	0.01378	0.07432	0.01253	0.01404	0.01005	0.00502	0.00491	0.00103	0.00484	0.00403	0.00414	0.75280
52	0.01340	0.01148	0.01340	0.00957	0.01531	0.00861	0.00766	0.01627	0.01340	0.02105	0.01148	0.01340	0.00957	0.00479	0.00479	0.00096	0.00479	0.00383	0.00383	0.81242
53	0.01396	0.01346	0.02340	0.41504	0.32720	0.01489	0.06300	0.01814	0.01381	0.01867	0.01186	0.01673	0.00936	0.00611	0.00651	0.00206	0.00837	0.00587	0.00303	0.00854
54	0.01481	0.24709	0.43621	0.01718	0.02504	0.04143	0.09390	0.02033	0.01382	0.01882	0.01095	0.01304	0.00840	0.00590	0.00571	0.00186	0.00900	0.00468	0.00282	0.00903
55	0.01201	0.01105	0.01841	0.67678	0.04114	0.01361	0.01713	0.01617	0.01313	0.01681	0.01394	0.02324	0.01170	0.00769	0.00673	0.00224	0.00833	0.07964	0.00320	0.00704
56	0.01703	0.73490	0.07364	0.01147	0.01723	0.02497	0.01178	0.01941	0.01316	0.01550	0.00913	0.01055	0.00829	0.00556	0.00426	0.00142	0.00706	0.00353	0.00276	0.00836
57	0.02190	0.01660	0.01771	0.01405	0.01875	0.01842	0.01145	0.53539	0.16840	0.03666	0.02050	0.01987	0.05328	0.00844	0.00655	0.00200	0.00649	0.00656	0.00646	0.01052
58	0.00794	0.00607	0.00730	0.00802	0.00918	0.00542	0.00562	0.00948	0.01392	0.01797	0.12978	0.43132	0.28867	0.01802	0.00796	0.00240	0.00350	0.01588	0.00613	0.00542
59	0.00802	0.00573	0.00766	0.00916	0.00960	0.00537	0.00625	0.00924	0.01251	0.01665	0.03553	0.72948	0.04242	0.02011	0.00829	0.00264	0.00387	0.05618	0.00600	0.00529
60	0.01625	0.01584	0.02598	0.03893	0.71001	0.03856	0.01960	0.02002	0.01483	0.02094	0.01209	0.01585	0.01017	0.00579	0.00638	0.00191	0.00780	0.00571	0.00320	0.01015
61	0.02208	0.01586	0.01725	0.01390	0.01853	0.01752	0.01126	0.40168	0.26983	0.11125	0.02035	0.01921	0.01457	0.00813	0.00651	0.00203	0.00624	0.00641	0.00667	0.01072
62	0.01370	0.16076	0.61859	0.01716	0.02602	0.01681	0.02168	0.02027	0.01355	0.01956	0.01115	0.01308	0.00820	0.00603	0.00580	0.00193	0.00910	0.00455	0.00273	0.00933
63	0.00969	0.00692	0.00958	0.01107	0.01224	0.00681	0.00915	0.01213	0.01416	0.01853	0.03461	0.27156	0.03877	0.01853	0.00873	0.00287	0.00532	0.49761	0.00596	0.00575
64	0.01424	0.01342	0.02283	0.07550	0.49642	0.01340	0.06016	0.01800	0.01527	0.02153	0.14003	0.02334	0.04252	0.00744	0.00673	0.00198	0.00698	0.00717	0.00396	0.00907
65	0.01843	0.01133	0.01391	0.01019	0.01569	0.00890	0.00825	0.02118	0.01504	0.25208	0.01600	0.01617	0.01164	0.00582	0.00534	0.00129	0.00502	0.00469	0.00517	0.55385
66	0.00838	0.00631	0.00855	0.01058	0.05020	0.00590	0.00680	0.00976	0.01279	0.01693	0.03701	0.64079	0.10432	0.01900	0.00811	0.00255	0.00399	0.03662	0.00584	0.00557
67	0.01357	0.03134	0.65893	0.05919	0.02844	0.01525	0.02289	0.05918	0.01455	0.02139	0.01181	0.01395	0.00837	0.00625	0.00617	0.00205	0.00936	0.00489	0.00295	0.00950
68	0.01599	0.01535	0.02623	0.03966	0.73262	0.01535	0.01983	0.01983	0.01471	0.02111	0.01215	0.01599	0.01023	0.00576	0.00640	0.00192	0.00768	0.00576	0.00320	0.01023
69	0.01296	0.03342	0.73944	0.01842	0.02797	0.01501	0.02387	0.02046	0.01364	0.02046	0.01160	0.01364	0.00818	0.00614	0.00614	0.00205	0.00955	0.00477	0.00273	0.00955
70	0.00800	0.00576	0.00759	0.00882	0.00938	0.00535	0.00597	0.00935	0.01309	0.01754	0.11161	0.66715	0.06771	0.01935	0.00816	0.00255	0.00366	0.01749	0.00612	0.00535
71	0.00901	0.00660	0.00846	0.00799	0.00957	0.00604	0.00599	0.01194	0.01798	0.02518	0.67153	0.04947	0.11911	0.01348	0.00762	0.00205	0.00307	0.01185	0.00702	0.00604
72	0.00940	0.00626	0.00705	0.00705	0.00705	0.00626	0.00392	0.00940	0.00940	0.01253	0.02036	0.04228	0.02349	0.77292	0.03289	0.00626	0.00626	0.00940	0.00392	0.00392
73	0.01727	0.77681	0.03386	0.01106	0.01658	0.02557	0.01106	0.01935	0.01313	0.01520	0.00898	0.01036	0.00829	0.00553	0.00415	0.00138	0.00691	0.00345	0.00276	0.00829
74	0.00764	0.00655	0.00655	0.00655	0.00873	0.00545	0.00491	0.00927	0.01473	0.01745	0.06546	0.06218	0.73000	0.01636	0.00764	0.00218	0.00327	0.01364	0.00600	0.00545
75	0.01727	0.77681	0.03386	0.01106	0.01658	0.02557	0.01106	0.01935	0.01313	0.01520	0.00898	0.01036	0.00829	0.00553	0.00415	0.00138	0.00691	0.00345	0.00276	0.00829
76	0.01041	0.00744	0.01041	0.01190	0.01339	0.00744	0.01041	0.01339	0.01487	0.01934	0.03421	0.07288	0.03719	0.01785	0.00892	0.00297	0.00595	0.68913	0.00595	0.00595
77	0.01727	0.77681	0.03386	0.01106	0.01658	0.02557	0.01106	0.01935	0.01313	0.01520	0.00898	0.01036	0.00829	0.00553	0.00415	0.00138	0.00691	0.00345	0.00276	0.00829
78	0.01727	0.77681	0.03386	0.01106	0.01658	0.02557	0.01106	0.01935	0.01313	0.01520	0.00898	0.01036	0.00829	0.00553	0.00415	0.00138	0.00691	0.00345	0.00276	0.00829
79	0.00923	0.00692	0.01038	0.01038	0.01154	0.00808	0.00808	0.01154	0.01038	0.01500	0.01731	0.02538	0.01615	0.04846	0.74732	0.01038	0.01731	0.00692	0.00346	0.00577
80	0.01727	0.77681	0.03386	0.01106	0.01658	0.02557	0.01106	0.01935	0.01313	0.01520	0.00898	0.01036	0.00829	0.00553	0.00415	0.00138	0.00691	0.00345	0.00276	0.00829
81	0.02187	0.05606	0.01655	0.01253	0.01698	0.01459	0.01021	0.20031	0.21564	0.25826	0.04786	0.04272	0.01758	0.00847	0.00642	0.00199	0.00571	0.00684	0.00672	0.03269
82	0.00945	0.00676	0.00884	0.00876	0.00926	0.00741	0.00600	0.01049	0.00984	0.01368	0.01871	0.03419	0.01990	0.43773	0.34305	0.00796	0.03124	0.00822	0.00369	0.00481
83	0.01220	0.01148	0.01938	0.75739	0.04450	0.01436	0.01794	0.01651	0.01292	0.01651	0.01148	0.01723	0.00861	0.00646	0.00646	0.00215	0.00861	0.00574	0.00287	0.00718
84	0.01607	0.01388	0.01461	0.01315	0.01680	0.01607	0.01023	0.03433	0.72094	0.02703	0.02630	0.02411	0.01972	0.00877	0.00657	0.00219	0.00511	0.00731	0.00657	0.01023
85	0.01204	0.00602	0.00602	0.00602	0.00753	0.00602	0.00452	0.01506	0.01355	0.02409	0.02108	0.02409	0.01656	0.00753	0.00452	0.00151	0.00301	0.00602	0.80879	0.00602
86	0.01204	0.00602	0.00602	0.00602	0.00753	0.00602	0.00452	0.01506	0.01355	0.02409	0.02108	0.02409	0.01656	0.00753	0.00452	0.00151	0.00301	0.00602	0.80879	0.00602
87	0.02300	0.01817	0.02117	0.01620	0.02138	0.04245	0.09009	0.57162	0.06965	0.03687	0.01571	0.01612	0.01129	0.00752	0.00658	0.00197	0.00756	0.00606	0.00601	0.01058
88	0.79343	0.01246	0.00980	0.03184	0.01349	0.01449	0.00734	0.01892	0.01106	0.02860	0.00907	0.01071	0.00705	0.00601	0.00408	0.00200	0.00511	0.00357	0.00396	0.00700
89	0.02899	0.01100	0.01499	0.01150	0.01649	0.00950	0.00950	0.03149	0.01849	0.73709	0.02549	0.02199	0.01599	0.00800	0.00650	0.00200	0.00550	0.00650	0.00800	0.01100
90	0.01605	0.01791	0.03172	0.06532	0.05217	0.10064	0.48707	0.03812	0.01565	0.02017	0.01374	0.01977	0.01116	0.00663	0.00781	0.00217	0.03548	0.04658	0.00347	0.00838
91	0.00914	0.00660	0.00864	0.00813	0.00965	0.00610	0.00610	0.01219	0.01829	0.02591	0.72921	0.04827	0.06097	0.01321	0.00762	0.00203	0.00305	0.01169	0.00711	0.00610
92	0.01204	0.00602	0.00602	0.00602	0.00753	0.00602	0.00452	0.01506	0.01355	0.02409	0.02108	0.02409	0.01656	0.00753	0.00452	0.00151	0.00301	0.00602	0.80879	0.00602
93	0.04324	0.22519	0.13620	0.03431	0.02006	0.03614	0.05404	0.16927	0.05604	0.02327	0.01319	0.01579	0.01070	0.04218	0.03144	0.00229	0.02886	0.00522	0.02056	0.03202
94	0.01532	0.01467	0.02502	0.16611	0.61138	0.01518	0.01950	0.01924	0.01440	0.02030	0.01204	0.01621	0.00995	0.00588	0.00641	0.00196	0.00784	0.00575	0.00314	0.00970
95	0.01204	0.00602	0.00602	0.00602	0.00753	0.00602	0.00452	0.01506	0.01355	0.02409	0.02108	0.02409	0.01656	0.00753	0.00452	0.00151	0.00301	0.00602	0.80879	0.00602
96	0.01122	0.00561	0.00842	0.00842	0.00842	0.00561	0.00561	0.00842	0.00842	0.01122	0.01122	0.01964	0.01122	0.02245	0.02525	0.81201	0.00561	0.00561	0.00281	0.00281
97	0.01530	0.01524	0.04446	0.14448	0.59104	0.01532	0.01950	0.01923	0.01428	0.02025	0.01193	0.01606	0.00989	0.00603	0.00683	0.00198	0.02966	0.00573	0.00313	0.00967
98	0.00940	0.00626	0.00705	0.00705	0.00705	0.00626	0.00392	0.00940	0.00940	0.01253	0.02036	0.04228	0.02349	0.77292	0.03289	0.00626	0.00626	0.00940	0.00392	0.00392
99	0.00764	0.00655	0.00655	0.00655	0.00873	0.00545	0.00491	0.00927	0.01473	0.01745	0.06546	0.06218	0.73000	0.01636	0.00764	0.00218	0.00327	0.01364	0.00600	0.00545
100	0.04934	0.01593	0.01882	0.01664	0.08164	0.01749	0.05042	0.38315	0.19409	0.03256	0.01774	0.01906	0.01353	0.05039	0.00794	0.00226	0.00676	0.00639	0.00579	0.01007
101	0.00798	0.00574	0.00759	0.00898	0.00948	0.00535	0.00610	0.00924	0.01272	0.01692	0.05972	0.70233	0.06459	0.01982	0.00823	0.00260	0.00377	0.03751	0.00603	0.00530
102	0.02899	0.01100	0.01499	0.01150	0.01649	0.00950	0.00950	0.03149	0.01849	0.73709	0.02549	0.02199	0.01599	0.00800	0.00650	0.00200	0.00550	0.00650	0.00800	0.01100
103	0.00984	0.00725	0.00962	0.01080	0.01243	0.00703	0.00928	0.01254	0.01484	0.01895	0.04063	0.07069	0.17955	0.01754	0.00866	0.00281	0.00540	0.55032	0.00596	0.00585
104	0.01491	0.01762	0.14914	0.07291	0.40517	0.01455	0.06007	0.05964	0.01541	0.02169	0.03226	0.03824	0.03543	0.00719	0.00662	0.00203	0.00782	0.02629	0.00363	0.00939
105	0.00862	0.00658	0.00791	0.00758	0.00933	0.00587	0.00568	0.01118	0.01705	0.02297	0.49839	0.05310	0.29362	0.01431	0.00763	0.00208	0.00313	0.01236	0.00673	0.00587
106	0.00914	0.00697	0.00866	0.00941	0.01114	0.00649	0.00778	0.01154	0.01500	0.01900	0.09838	0.08616	0.31467	0.01698	0.00830	0.00258	0.00461	0.35139	0.00606	0.00574
107	0.06686	0.03009	0.10349	0.01640	0.02051	0.61941	0.01353	0.02479	0.01735	0.01710	0.01012	0.01182	0.00823	0.00656	0.00576	0.00173	0.01103	0.00420	0.00329	0.00771
108	0.01249	0.01017	0.01136	0.01043	0.01305	0.01088	0.00799	0.04192	0.33354	0.02559	0.29612	0.06049	0.11626	0.01163	0.00714	0.00214	0.00414	0.00998	0.00669	0.00799
109	0.02329	0.01346	0.01568	0.01261	0.01710	0.01396	0.01022	0.22304	0.20300	0.31412	0.04487	0.02160	0.01697	0.00828	0.00649	0.00202	0.00570	0.00666	0.03043	0.01050
110	0.00792	0.00564	0.00748	0.00893	0.00929	0.00528	0.00593	0.00901	0.01227	0.01636	0.03510	0.74440	0.04209	0.04543	0.00907	0.00275	0.00383	0.01807	0.00593	0.00520
111	0.01347	0.01796	0.21784	0.09910	0.16098	0.01344	0.01593	0.04164	0.14013	0.02215	0.08640	0.02563	0.08281	0.00852	0.00666	0.00209	0.00695	0.02508	0.00442	0.00880
112	0.01396	0.12478	0.58891	0.01798	0.02667	0.03757	0.06298	0.02049	0.01381	0.01969	0.01131	0.01340	0.00830	0.00604	0.00597	0.00196	0.00936	0.00476	0.00278	0.00928
113	0.01727	0.77681	0.03386	0.01106	0.01658	0.02557	0.01106	0.01935	0.01313	0.01520	0.00898	0.01036	0.00829	0.00553	0.00415	0.00138	0.00691	0.00345	0.00276	0.00829
114	0.00936	0.00625	0.00706	0.00709	0.00710	0.00624	0.00396	0.00939	0.00947	0.01262	0.02072	0.05949	0.02395	0.75509	0.03230	0.00618	0.00620	0.00961	0.00396	0.00395
115	0.75983	0.01238	0.00991	0.00872	0.01279	0.01412	0.00718	0.01992	0.01155	0.08167	0.01022	0.01135	0.00767	0.00615	0.00418	0.00200	0.00504	0.00372	0.00430	0.00730
116	0.00924	0.00652	0.00854	0.00863	0.00916	0.00701	0.00587	0.01032	0.01000	0.01384	0.01986	0.07541	0.02133	0.41120	0.34675	0.00788	0.01100	0.00881	0.00383	0.00481
117	0.01685	0.08318	0.22521	0.02179	0.18456	0.10851	0.04040	0.07977	0.09442	0.02176	0.01315	0.01514	0.01027	0.00676	0.00697	0.00197	0.05089	0.00533	0.00368	0.00938
118	0.01694	0.51820	0.11223	0.01325	0.01894	0.06116	0.05145	0.04245	0.05354	0.01795	0.03337	0.01332	0.01074	0.00615	0.00498	0.00160	0.00748	0.00442	0.00328	0.00854
119	0.00935	0.00643	0.00790	0.00805	0.00838	0.00663	0.00518	0.01001	0.01004	0.01357	0.02128	0.07527	0.02377	0.55555	0.16749	0.00670	0.00825	0.04767	0.00404	0.00445
120	0.00801	0.00658	0.00701	0.00699	0.00898	0.00565	0.00525	0.00985	0.01509	0.01860	0.15987	0.05991	0.58478	0.03974	0.00847	0.00232	0.00343	0.03785	0.00610	0.00552
121	0.01122	0.00561	0.00842	0.00842	0.00842	0.00561	0.00561	0.00842	0.00842	0.01122	0.01122	0.01964	0.01122	0.02245	0.02525	0.81201	0.00561	0.00561	0.00281	0.00281
122	0.00896	0.00660	0.00838	0.00793	0.00954	0.00602	0.00595	0.01183	0.01785	0.02486	0.64635	0.05000	0.14448	0.01360	0.00762	0.00205	0.00308	0.01193	0.00697	0.00602
123	0.00939	0.00630	0.00724	0.00724	0.00730	0.00637	0.00415	0.00952	0.00945	0.01267	0.02019	0.04133	0.02308	0.73208	0.07316	0.00650	0.00689	0.00926	0.00389	0.00402
124	0.02456	0.01810	0.01939	0.01487	0.02004	0.02004	0.01228	0.71107	0.03038	0.04072	0.01551	0.01551	0.01099	0.00776	0.00646	0.00194	0.00711	0.00582	0.00646	0.01099
125	0.81856	0.01250	0.00950	0.00850	0.01250	0.01449	0.00700	0.01899	0.01100	0.02899	0.00900	0.01050	0.00700	0.00600	0.00400	0.00200	0.00500	0.00350	0.00400	0.00700
126	0.01220	0.01148	0.01938	0.75739	0.04450	0.01436	0.01794	0.01651	0.01292	0.01651	0.01148	0.01723	0.00861	0.00646	0.00646	0.00215	0.00861	0.00574	0.00287	0.00718
127	0.01220	0.01148	0.01938	0.75739	0.04450	0.01436	0.01794	0.01651	0.01292	0.01651	0.01148	0.01723	0.00861	0.00646	0.00646	0.00215	0.00861	0.00574	0.00287	0.00718
128	0.81856	0.01250	0.00950	0.00850	0.01250	0.01449	0.00700	0.01899	0.01100	0.02899	0.00900	0.01050	0.00700	0.00600	0.00400	0.00200	0.00500	0.00350	0.00400	0.00700
129	0.02899	0.01100	0.01499	0.01150	0.01649	0.00950	0.00950	0.03149	0.01849	0.73709	0.02549	0.02199	0.01599	0.00800	0.00650	0.00200	0.00550	0.00650	0.00800	0.01100
130	0.01414	0.01414	0.01979	0.01696	0.01696	0.01979	0.01414	0.01555	0.00990	0.01555	0.00848	0.01414	0.00848	0.01131	0.02120	0.00283	0.76110	0.00565	0.00283	0.00707
131	0.01204	0.00602	0.00602	0.00602	0.00753	0.00602	0.00452	0.01506	0.01355	0.02409	0.02108	0.02409	0.01656	0.00753	0.00452	0.00151	0.00301	0.00602	0.80879	0.00602
132	0.01122	0.00561	0.00842	0.00842	0.00842	0.00561	0.00561	0.00842	0.00842	0.01122	0.01122	0.01964	0.01122	0.02245	0.02525	0.81201	0.00561	0.00561	0.00281	0.00281
133	0.00874	0.00655	0.00771	0.00742	0.00919	0.00585	0.00556	0.01126	0.01669	0.02264	0.44092	0.05211	0.30880	0.01407	0.00745	0.00206	0.00313	0.01210	0.05189	0.00585
134	0.02362	0.01836	0.01881	0.01478	0.01968	0.06059	0.01207	0.59926	0.10437	0.03784	0.01637	0.01622	0.01178	0.00780	0.00644	0.00195	0.00715	0.00588	0.00630	0.01071
135	0.01727	0.77681	0.03386	0.01106	0.01658	0.02557	0.01106	0.01935	0.01313	0.01520	0.00898	0.01036	0.00829	0.00553	0.00415	0.00138	0.00691	0.00345	0.00276	0.00829
136	0.01480	0.01513	0.06351	0.12981	0.49704	0.01414	0.01799	0.01877	0.01439	0.02061	0.03596	0.01682	0.01153	0.00601	0.00625	0.00185	0.00743	0.00568	0.00333	0.09895
137	0.01220	0.01148	0.01938	0.75739	0.04450	0.01436	0.01794	0.01651	0.01292	0.01651	0.01148	0.01723	0.00861	0.00646	0.00646	0.00215	0.00861	0.00574	0.00287	0.00718
138	0.02899	0.01100	0.01499	0.01150	0.01649	0.00950	0.00950	0.03149	0.01849	0.73709	0.02549	0.02199	0.01599	0.00800	0.00650	0.00200	0.00550	0.00650	0.00800	0.01100
139	0.01200	0.01103	0.01838	0.67403	0.04102	0.01358	0.01710	0.01616	0.01314	0.01682	0.01403	0.02345	0.01181	0.00773	0.00674	0.00225	0.00832	0.08216	0.00322	0.00704
140	0.01579	0.01084	0.01705	0.01349	0.01725	0.01010	0.16488	0.05754	0.03941	0.18629	0.18377	0.08052	0.15300	0.01083	0.00731	0.00212	0.00575	0.00989	0.00613	0.00804
141	0.00852	0.00609	0.00824	0.00974	0.01040	0.00581	0.00712	0.01012	0.01301	0.01722	0.03526	0.59128	0.04132	0.01963	0.00842	0.00271	0.00431	0.18941	0.00599	0.00543
142	0.07412	0.02200	0.01623	0.01453	0.01801	0.36934	0.01116	0.06583	0.25764	0.02195	0.01730	0.01750	0.03239	0.00778	0.00643	0.00193	0.02705	0.00558	0.00472	0.00852
143	0.01750	0.75247	0.03335	0.01124	0.01669	0.04911	0.01110	0.01956	0.01330	0.01522	0.00902	0.01041	0.00829	0.00556	0.00420	0.00139	0.00706	0.00348	0.00278	0.00827
144	0.01103	0.00929	0.01181	0.01089	0.01309	0.03129	0.06818	0.07486	0.03537	0.02034	0.08693	0.25751	0.23050	0.04049	0.00858	0.00247	0.00504	0.07018	0.00574	0.00641
145	0.01498	0.01683	0.03565	0.02581	0.03159	0.01643	0.62522	0.01997	0.01462	0.02006	0.01276	0.01735	0.00986	0.00719	0.02950	0.00247	0.08057	0.00742	0.00323	0.00848
146	0.01220	0.01148	0.01938	0.75739	0.04450	0.01436	0.01794	0.01651	0.01292	0.01651	0.01148	0.01723	0.00861	0.00646	0.00646	0.00215	0.00861	0.00574	0.00287	0.00718
147	0.01323	0.01234	0.02051	0.61517	0.15683	0.01470	0.01807	0.03972	0.01378	0.01806	0.01173	0.01697	0.00896	0.00639	0.00645	0.00211	0.00841	0.00575	0.00304	0.00780
148	0.05050	0.02756	0.01886	0.01642	0.02020	0.57362	0.03559	0.14266	0.02003	0.02068	0.01100	0.01247	0.00878	0.00678	0.00593	0.00174	0.01063	0.00454	0.00389	0.00811
149	0.00936	0.00706	0.00875	0.00859	0.01031	0.00666	0.00661	0.01292	0.05599	0.02333	0.46293	0.07650	0.17867	0.01433	0.00774	0.00220	0.00357	0.09163	0.00670	0.00616
150	0.00785	0.00572	0.00740	0.00875	0.00931	0.00527	0.00589	0.00902	0.01261	0.01659	0.03860	0.69787	0.11164	0.01985	0.00819	0.00258	0.00370	0.01789	0.00600	0.00527
151	0.01692	0.71596	0.09162	0.01166	0.01752	0.02470	0.01211	0.01944	0.01317	0.01563	0.00920	0.01063	0.00828	0.00558	0.00431	0.00144	0.00713	0.00356	0.00276	0.00839
152	0.00923	0.00692	0.01038	0.01038	0.01154	0.00808	0.00808	0.01154	0.01038	0.01500	0.01731	0.02538	0.01615	0.04846	0.74732	0.01038	0.01731	0.00692	0.00346	0.00577
153	0.00930	0.00667	0.00900	0.00965	0.01090	0.00637	0.00759	0.01187	0.01572	0.02143	0.32516	0.22328	0.04841	0.01646	0.00822	0.00250	0.00423	0.25094	0.00645	0.00585
154	0.02414	0.03079	0.01831	0.01665	0.01998	0.74698	0.01248	0.02580	0.01831	0.01581	0.00999	0.01165	0.00832	0.00666	0.00583	0.00166	0.01165	0.00416	0.00333	0.00749
155	0.00914	0.00660	0.00864	0.00813	0.00965	0.00610	0.00610	0.01219	0.01829	0.02591	0.72921	0.04827	0.06097	0.01321	0.00762	0.00203	0.00305	0.01169	0.00711	0.00610
156	0.00889	0.00656	0.00830	0.00793	0.00951	0.00598	0.00592	0.01167	0.01758	0.02439	0.61148	0.07436	0.15562	0.01389	0.00764	0.00207	0.00310	0.01219	0.00692	0.00598
157	0.01283	0.01213	0.02051	0.63845	0.15854	0.01452	0.01826	0.01706	0.01322	0.01727	0.01160	0.01702	0.00888	0.00634	0.00645	0.00211	0.00846	0.00574	0.00293	0.00768
158	0.01709	0.73070	0.05364	0.01180	0.01748	0.02496	0.03478	0.01942	0.01321	0.01553	0.00919	0.01069	0.00834	0.00554	0.00432	0.00143	0.00712	0.00363	0.00278	0.00834
159	0.01220	0.01148	0.01938	0.75739	0.04450	0.01436	0.01794	0.01651	0.01292	0.01651	0.01148	0.01723	0.00861	0.00646	0.00646	0.00215	0.00861	0.00574	0.00287	0.00718
160	0.02259	0.02442	0.01858	0.01725	0.06625	0.42474	0.01261	0.19003	0.11797	0.02365	0.01370	0.01458	0.01066	0.00715	0.00612	0.00182	0.00941	0.00510	0.00452	0.00888
161	0.04740	0.01113	0.01305	0.01135	0.01460	0.05375	0.02812	0.05544	0.07735	0.25982	0.04772	0.13895	0.09887	0.01474	0.07567	0.00292	0.00658	0.02804	0.00622	0.00829
162	0.01794	0.34101	0.26105	0.01430	0.02099	0.04277	0.01542	0.13599	0.01663	0.06123	0.01187	0.01298	0.00913	0.00627	0.00537	0.00174	0.00788	0.00447	0.00368	0.00928
163	0.01579	0.01515	0.02587	0.07752	0.69632	0.01530	0.01973	0.01965	0.01462	0.02087	0.01212	0.01606	0.01015	0.00579	0.00640	0.00193	0.00773	0.00576	0.00318	0.01007
164	0.01249	0.01173	0.01963	0.68660	0.08802	0.01423	0.01773	0.01672	0.01305	0.01695	0.01153	0.01702	0.00875	0.00636	0.00640	0.00210	0.00843	0.00568	0.00292	0.03366
165	0.00855	0.00675	0.01007	0.01040	0.01149	0.00627	0.06477	0.01014	0.01290	0.01702	0.03629	0.62100	0.09980	0.01859	0.00816	0.00256	0.00438	0.03951	0.00577	0.00558
166	0.02536	0.02052	0.01708	0.01427	0.01847	0.31498	0.01122	0.17669	0.02082	0.26566	0.01726	0.04002	0.01260	0.00778	0.00627	0.00187	0.00833	0.00577	0.00568	0.00937
167	0.00806	0.00570	0.00744	0.00876	0.00909	0.00537	0.00575	0.00904	0.01201	0.01602	0.03377	0.68117	0.04042	0.11094	0.01122	0.00306	0.00405	0.01729	0.00575	0.00509
168	0.01355	0.01233	0.01966	0.09496	0.41507	0.01257	0.01522	0.01785	0.05444	0.02119	0.11843	0.05201	0.06688	0.00891	0.00688	0.00207	0.00646	0.04850	0.00434	0.00865
169	0.01220	0.01148	0.01938	0.75739	0.04450	0.01436	0.01794	0.01651	0.01292	0.01651	0.01148	0.01723	0.00861	0.00646	0.00646	0.00215	0.00861	0.00574	0.00287	0.00718
170	0.01340	0.01148	0.01340	0.00957	0.01531	0.00861	0.00766	0.01627	0.01340	0.02105	0.01148	0.01340	0.00957	0.00479	0.00479	0.00096	0.00479	0.00383	0.00383	0.81242
171	0.00907	0.00677	0.01004	0.01022	0.01128	0.00774	0.00783	0.01123	0.01062	0.01518	0.01951	0.11496	0.01936	0.04506	0.65825	0.00945	0.01567	0.00830	0.00377	0.00571
172	0.01414	0.01414	0.01979	0.01696	0.01696	0.01979	0.01414	0.01555	0.00990	0.01555	0.00848	0.01414	0.00848	0.01131	0.02120	0.00283	0.76110	0.00565	0.00283	0.00707
173	0.01340	0.01148	0.01340	0.00957	0.01531	0.00861	0.00766	0.01627	0.01340	0.02105	0.01148	0.01340	0.00957	0.00479	0.00479	0.00096	0.00479	0.00383	0.00383	0.81242
174	0.01360	0.01340	0.01873	0.01628	0.01631	0.01854	0.01343	0.01498	0.01011	0.01563	0.01082	0.07919	0.01143	0.01208	0.02009	0.00281	0.69580	0.00675	0.00310	0.00691
175	0.00789	0.00568	0.00749	0.00890	0.00936	0.00527	0.00596	0.00908	0.01259	0.01675	0.05295	0.72866	0.06559	0.01995	0.00821	0.00260	0.00372	0.01806	0.00602	0.00527
176	0.02107	0.01103	0.01374	0.01136	0.01505	0.01070	0.00909	0.18231	0.02023	0.33245	0.14278	0.13464	0.02681	0.01086	0.00700	0.00211	0.00522	0.02718	0.00715	0.00920
177	0.01220	0.01148	0.01938	0.75739	0.04450	0.01436	0.01794	0.01651	0.01292	0.01651	0.01148	0.01723	0.00861	0.00646	0.00646	0.00215	0.00861	0.00574	0.00287	0.00718
178	0.02456	0.01810	0.01939	0.01487	0.02004	0.02004	0.01228	0.71107	0.03038	0.04072	0.01551	0.01551	0.01099	0.00776	0.00646	0.00194	0.00711	0.00582	0.00646	0.01099
179	0.00791	0.00565	0.00753	0.00897	0.00938	0.00527	0.00600	0.00909	0.01254	0.01677	0.05576	0.74778	0.04326	0.02004	0.00823	0.00261	0.00373	0.01817	0.00603	0.00527
180	0.01578	0.16857	0.46105	0.01705	0.02467	0.14518	0.04190	0.02120	0.01442	0.01869	0.01088	0.01282	0.00828	0.00610	0.00577	0.00186	0.00948	0.00452	0.00286	0.00893
181	0.00965	0.00873	0.01357	0.01183	0.01439	0.00799	0.14559	0.01249	0.03408	0.01849	0.06514	0.23552	0.32904	0.01497	0.00783	0.00234	0.00511	0.05151	0.00550	0.00623
182	0.00787	0.00562	0.00750	0.00900	0.00937	0.00525	0.00600	0.00900	0.01237	0.01649	0.03561	0.76871	0.04274	0.02024	0.00825	0.00262	0.00375	0.01837	0.00600	0.00525
183	0.01599	0.01535	0.02623	0.03966	0.73262	0.01535	0.01983	0.01983	0.01471	0.02111	0.01215	0.01599	0.01023	0.00576	0.00640	0.00192	0.00768	0.00576	0.00320	0.01023
184	0.04000	0.01171	0.01345	0.00969	0.01536	0.00914	0.00777	0.03654	0.01381	0.02189	0.01152	0.01337	0.00953	0.00491	0.00481	0.00102	0.00486	0.00388	0.00391	0.76285
185	0.01114	0.00950	0.01313	0.01205	0.01248	0.01208	0.00934	0.01253	0.00995	0.01459	0.01471	0.02532	0.01506	0.21474	0.29334	0.00649	0.29734	0.00706	0.00333	0.00580
186	0.00940	0.00626	0.00705	0.00705	0.00705	0.00626	0.00392	0.00940	0.00940	0.01253	0.02036	0.04228	0.02349	0.77292	0.03289	0.00626	0.00626	0.00940	0.00392	0.00392
187	0.01432	0.00834	0.01061	0.00949	0.01198	0.00789	0.00739	0.01856	0.08623	0.18570	0.41017	0.04180	0.07455	0.03568	0.00813	0.00223	0.00408	0.04829	0.00704	0.00750
188	0.01896	0.20197	0.26756	0.01573	0.03864	0.09899	0.01595	0.17432	0.01810	0.07333	0.01266	0.01371	0.00944	0.00653	0.00574	0.00182	0.00830	0.00477	0.00401	0.00946
189	0.00810	0.00645	0.00688	0.00692	0.00855	0.00565	0.00491	0.00955	0.01399	0.01732	0.11804	0.09653	0.50422	0.15010	0.01214	0.00291	0.00381	0.01297	0.00574	0.00523
190	0.00795	0.00659	0.00702	0.00726	0.00927	0.00566	0.00556	0.00970	0.01461	0.01761	0.06042	0.10251	0.61694	0.01674	0.00781	0.00229	0.00359	0.08697	0.00599	0.00550
191	0.00794	0.00570	0.00756	0.00902	0.00947	0.00531	0.00609	0.00913	0.01250	0.01660	0.03630	0.73201	0.05941	0.02008	0.00825	0.00262	0.00380	0.03695	0.00600	0.00527
192	0.01292	0.07502	0.40214	0.27400	0.05099	0.01522	0.02032	0.01867	0.01335	0.01864	0.01209	0.03669	0.00940	0.00661	0.00618	0.00205	0.00883	0.00544	0.00289	0.00854
193	0.01320	0.07464	0.70032	0.01801	0.02733	0.01559	0.02316	0.02040	0.01361	0.02017	0.01145	0.01346	0.00819	0.00610	0.00603	0.00201	0.00940	0.00470	0.00273	0.00948
194	0.01525	0.01743	0.03813	0.02723	0.03377	0.01634	0.70915	0.02070	0.01525	0.02070	0.01307	0.01743	0.00980	0.00545	0.00763	0.00218	0.01089	0.00763	0.00327	0.00871
195	0.02068	0.40681	0.02615	0.01383	0.01827	0.38337	0.01176	0.02255	0.01570	0.01551	0.00948	0.01100	0.00831	0.00609	0.00498	0.00152	0.00926	0.00381	0.00304	0.00789
196	0.01358	0.01151	0.01327	0.00976	0.01519	0.00916	0.00777	0.01775	0.07287	0.02165	0.01303	0.01464	0.01065	0.00521	0.00493	0.00108	0.00476	0.00419	0.02960	0.71942
197	0.01122	0.00561	0.00842	0.00842	0.00842	0.00561	0.00561	0.00842	0.00842	0.01122	0.01122	0.01964	0.01122	0.02245	0.02525	0.81201	0.00561	0.00561	0.00281	0.00281
198	0.01480	0.01859	0.17369	0.21526	0.05567	0.01521	0.30639	0.02003	0.01434	0.06231	0.01294	0.01674	0.00951	0.00618	0.00729	0.00214	0.03057	0.00637	0.00332	0.00862
199	0.01866	0.56201	0.04972	0.01348	0.04163	0.18800	0.01203	0.02085	0.01437	0.01568	0.00939	0.01094	0.00836	0.00581	0.00466	0.00148	0.00808	0.00373	0.00291	0.00821
200	0.01727	0.77681	0.03386	0.01106	0.01658	0.02557	0.01106	0.01935	0.01313	0.01520	0.00898	0.01036	0.00829	0.00553	0.00415	0.00138	0.00691	0.00345	0.00276	0.00829
201	0.01697	0.02312	0.26929	0.02016	0.10389	0.11253	0.11457	0.04279	0.10077	0.08073	0.01557	0.04372	0.01204	0.00710	0.00650	0.00203	0.00866	0.00618	0.00406	0.00932
202	0.01533	0.05669	0.01718	0.11909	0.01965	0.10252	0.01216	0.01802	0.03710	0.07741	0.05903	0.10719	0.01812	0.01087	0.01162	0.00236	0.26019	0.04393	0.00424	0.00731
203	0.02899	0.01100	0.01499	0.01150	0.01649	0.00950	0.00950	0.03149	0.01849	0.73709	0.02549	0.02199	0.01599	0.00800	0.00650	0.00200	0.00550	0.00650	0.00800	0.01100
204	0.00953	0.00684	0.00828	0.04929	0.01090	0.00651	0.00607	0.01101	0.01322	0.04091	0.11808	0.13160	0.24536	0.25492	0.01566	0.00355	0.00478	0.05281	0.00536	0.00533
205	0.01672	0.10384	0.14980	0.06465	0.15064	0.05451	0.24261	0.02166	0.03243	0.08155	0.01336	0.01600	0.01007	0.00605	0.00649	0.00198	0.00897	0.00596	0.00358	0.00916
206	0.10365	0.01390	0.01437	0.01267	0.01640	0.01589	0.00995	0.13188	0.50191	0.02869	0.02334	0.06296	0.01833	0.00896	0.00637	0.00216	0.00532	0.00729	0.00625	0.00971
207	0.00786	0.00565	0.00747	0.00891	0.00935	0.00526	0.00596	0.00901	0.01245	0.01653	0.03661	0.74506	0.06573	0.02011	0.00823	0.00261	0.00373	0.01821	0.00600	0.00526
208	0.00965	0.00607	0.00813	0.00921	0.00997	0.00561	0.00629	0.01089	0.01289	0.07706	0.03476	0.70595	0.04049	0.01921	0.00810	0.00257	0.00390	0.01737	0.00617	0.00573
209	0.04446	0.01288	0.01485	0.01144	0.01657	0.01194	0.03053	0.08071	0.19376	0.02453	0.01554	0.01631	0.01217	0.00611	0.00544	0.00143	0.00527	0.00498	0.00474	0.48636
