[name]
unknown

[dist]
# distance from previous block
# <min> <max>
24	48

[block]
# block no. 0 follows, 34 sequences, length 6
# corresponding to MSA columns:
# 57-62
name=unknown_A
#
# <colnr> <probs for GDERKNQSTAVLIFYWHMCP>
#	G	D	E	R	K	N	Q	S	T	A	V	L	I	F	Y	W	H	M	C	P
0	0.06774	0.01194	0.01877	0.28621	0.29204	0.01310	0.01506	0.01648	0.01275	0.01827	0.01336	0.02138	0.01212	0.16145	0.01162	0.00289	0.00754	0.00634	0.00328	0.00765
1	0.02053	0.06863	0.01898	0.08947	0.08008	0.51194	0.01291	0.02266	0.01689	0.01642	0.01487	0.01669	0.06860	0.00731	0.00599	0.00176	0.01006	0.00520	0.00346	0.00756
2	0.01472	0.16822	0.02553	0.31022	0.22644	0.01715	0.07424	0.01924	0.04897	0.01839	0.01203	0.01586	0.00965	0.00611	0.00608	0.00194	0.00802	0.00552	0.00316	0.00853
3	0.01467	0.01241	0.01340	0.01213	0.01535	0.01405	0.00939	0.02985	0.57859	0.02680	0.16871	0.02900	0.02808	0.00967	0.00679	0.00216	0.00470	0.00819	0.00668	0.00939
4	0.02276	0.01630	0.01835	0.04720	0.06151	0.11231	0.01249	0.19559	0.01923	0.24919	0.01613	0.01686	0.01156	0.00823	0.00937	0.00211	0.16006	0.00577	0.00545	0.00953
5	0.01346	0.05393	0.08873	0.01497	0.01880	0.06664	0.15204	0.06364	0.03905	0.02083	0.08921	0.14006	0.10070	0.01135	0.00762	0.00222	0.02612	0.07834	0.00483	0.00746

[dist]
# distance from previous block
# <min> <max>
0	6

[block]
# block no. 1 follows, 34 sequences, length 12
# corresponding to MSA columns:
# 69-80
name=unknown_B
#
# <colnr> <probs for GDERKNQSTAVLIFYWHMCP>
#	G	D	E	R	K	N	Q	S	T	A	V	L	I	F	Y	W	H	M	C	P
0	0.01113	0.00786	0.00917	0.00915	0.00996	0.05693	0.00632	0.01050	0.01068	0.01383	0.01952	0.18279	0.04766	0.06680	0.06678	0.40041	0.00630	0.00878	0.00383	0.05160
1	0.02057	0.06201	0.01996	0.07329	0.11408	0.26656	0.01333	0.22828	0.02023	0.02409	0.01518	0.01679	0.05181	0.00755	0.00677	0.00188	0.03894	0.00556	0.00432	0.00878
2	0.01323	0.01296	0.02264	0.50835	0.12182	0.01525	0.10659	0.01735	0.01314	0.01750	0.01148	0.01681	0.00895	0.00671	0.00800	0.00219	0.08038	0.00598	0.00296	0.00773
3	0.06713	0.01404	0.02054	0.30922	0.20964	0.05080	0.05351	0.08955	0.01532	0.02112	0.01324	0.05004	0.01106	0.00870	0.03713	0.00240	0.00840	0.00625	0.00361	0.00829
4	0.00911	0.00635	0.00770	0.00785	0.00825	0.00647	0.00498	0.00977	0.01021	0.01370	0.02413	0.10887	0.06967	0.51230	0.16752	0.00646	0.00798	0.01004	0.00416	0.00450
5	0.01783	0.01292	0.01504	0.01281	0.01619	0.01426	0.01035	0.35456	0.06688	0.05376	0.01955	0.06736	0.01689	0.02086	0.21772	0.00447	0.00955	0.05460	0.00561	0.00876
6	0.05013	0.01866	0.01771	0.05947	0.02045	0.14997	0.01195	0.35713	0.16302	0.06140	0.01661	0.01672	0.01217	0.00763	0.00628	0.00196	0.00748	0.00576	0.00568	0.00983
7	0.08792	0.01539	0.01994	0.17057	0.12178	0.03785	0.05185	0.22048	0.09851	0.02655	0.01399	0.01634	0.01069	0.00732	0.00755	0.00210	0.07176	0.00580	0.00451	0.00911
8	0.23023	0.03039	0.01327	0.11676	0.08457	0.01151	0.00977	0.03564	0.01336	0.08850	0.04765	0.14535	0.01940	0.09677	0.00916	0.00261	0.00580	0.02743	0.00468	0.00714
9	0.05903	0.01267	0.01614	0.01547	0.11247	0.01273	0.04139	0.19407	0.04675	0.07062	0.08140	0.05524	0.03712	0.09466	0.00935	0.00236	0.00604	0.00726	0.00522	0.12001
10	0.01627	0.06373	0.08307	0.03750	0.01721	0.17821	0.01120	0.09811	0.01736	0.05634	0.10674	0.05125	0.14574	0.01035	0.00745	0.00203	0.04803	0.03689	0.00489	0.00762
11	0.01461	0.01368	0.01567	0.01407	0.03718	0.10913	0.05105	0.09840	0.01519	0.02007	0.06671	0.15185	0.02047	0.08607	0.05110	0.00299	0.14858	0.00852	0.00444	0.07020

[dist]
# distance from previous block
# <min> <max>
3	33

[block]
# block no. 2 follows, 34 sequences, length 24
# corresponding to MSA columns:
# 114-137
name=unknown_C
#
# <colnr> <probs for GDERKNQSTAVLIFYWHMCP>
#	G	D	E	R	K	N	Q	S	T	A	V	L	I	F	Y	W	H	M	C	P
0	0.05728	0.05613	0.01776	0.21480	0.08001	0.16199	0.01288	0.10499	0.04968	0.02203	0.10712	0.03756	0.03507	0.00808	0.00631	0.00196	0.00756	0.00653	0.00436	0.00792
1	0.01614	0.01547	0.02146	0.05719	0.35317	0.08755	0.06470	0.07368	0.05498	0.02116	0.03215	0.02052	0.01363	0.11245	0.01011	0.00252	0.00779	0.00644	0.00386	0.02503
2	0.03775	0.01289	0.01852	0.16766	0.11621	0.04395	0.09989	0.08064	0.03571	0.02098	0.02166	0.06985	0.09066	0.03897	0.00784	0.00226	0.00716	0.06119	0.00431	0.06189
3	0.01569	0.01384	0.01403	0.09027	0.01797	0.11365	0.01017	0.18379	0.08804	0.02509	0.14820	0.12129	0.08241	0.01116	0.00700	0.00211	0.00622	0.03562	0.00566	0.00782
4	0.01464	0.01120	0.01406	0.01496	0.11757	0.02917	0.01009	0.13435	0.03057	0.05350	0.13538	0.06956	0.02690	0.11627	0.01066	0.00268	0.00589	0.12628	0.00541	0.07086
5	0.01312	0.01121	0.01114	0.01115	0.01339	0.11015	0.00896	0.01719	0.09195	0.05740	0.09631	0.08595	0.16911	0.01422	0.00771	0.00240	0.00574	0.26026	0.00588	0.00677
6	0.01547	0.01482	0.02528	0.13893	0.63744	0.01521	0.01957	0.01937	0.01446	0.02047	0.01206	0.01616	0.01001	0.00585	0.00641	0.00195	0.00781	0.00575	0.00315	0.00981
7	0.01013	0.00589	0.00803	0.00810	0.00870	0.00563	0.00558	0.00931	0.01120	0.01501	0.12084	0.10093	0.12343	0.01967	0.01810	0.48476	0.00467	0.00882	0.02724	0.00396
8	0.01578	0.00803	0.01041	0.00925	0.01186	0.00716	0.00713	0.01805	0.01657	0.27069	0.24993	0.11781	0.13273	0.05928	0.00889	0.00240	0.00431	0.03532	0.00691	0.00749
9	0.00873	0.00649	0.00782	0.00762	0.00903	0.00591	0.00548	0.01087	0.01578	0.02132	0.42061	0.09154	0.22399	0.12311	0.01128	0.00271	0.00360	0.01223	0.00631	0.00557
10	0.01007	0.00650	0.00851	0.00935	0.01050	0.00603	0.00685	0.01170	0.01364	0.07645	0.05859	0.47977	0.11248	0.03580	0.00871	0.00265	0.00424	0.12619	0.00614	0.00585
11	0.12796	0.01413	0.01441	0.01269	0.01655	0.01627	0.01000	0.10384	0.54966	0.02875	0.02276	0.02131	0.01704	0.00828	0.00621	0.00214	0.00531	0.00662	0.00621	0.00986
12	0.52357	0.01360	0.01257	0.01040	0.01481	0.01510	0.00858	0.18266	0.01657	0.12967	0.01280	0.01326	0.00918	0.00669	0.00492	0.00199	0.00556	0.00446	0.00513	0.00848
13	0.00899	0.00652	0.00798	0.00766	0.00893	0.00605	0.00543	0.01115	0.01576	0.02167	0.47480	0.04882	0.14490	0.18791	0.01342	0.00302	0.00382	0.01143	0.00623	0.00551
14	0.01744	0.01357	0.01465	0.01297	0.01677	0.01538	0.01015	0.03403	0.64659	0.10219	0.02621	0.02388	0.01933	0.00868	0.00657	0.00217	0.00515	0.00722	0.00673	0.01031
15	0.00795	0.00614	0.00726	0.00787	0.00915	0.00545	0.00556	0.00955	0.01416	0.01819	0.14383	0.37807	0.32832	0.01767	0.00791	0.00236	0.00346	0.01550	0.00615	0.00545
16	0.16302	0.00872	0.01015	0.00902	0.01183	0.00841	0.00710	0.01771	0.01639	0.19401	0.33019	0.06374	0.09145	0.01129	0.00675	0.00208	0.00412	0.03008	0.00658	0.00734
17	0.00877	0.00683	0.00868	0.01030	0.06565	0.00633	0.00642	0.01018	0.01309	0.01702	0.08042	0.33545	0.24086	0.14553	0.01207	0.00302	0.00430	0.01407	0.00549	0.00552
18	0.57270	0.01478	0.01196	0.01042	0.01447	0.07292	0.00843	0.10699	0.08912	0.02920	0.01171	0.01265	0.00894	0.00656	0.00472	0.00199	0.00580	0.00424	0.00452	0.00787
19	0.02027	0.01473	0.01598	0.01316	0.01747	0.01617	0.01058	0.31060	0.30686	0.10707	0.02485	0.02334	0.07156	0.00887	0.00660	0.00207	0.00583	0.00710	0.00663	0.01025
20	0.00981	0.06787	0.01068	0.00898	0.01110	0.00877	0.00703	0.01341	0.08827	0.01795	0.05568	0.13562	0.31966	0.02161	0.15488	0.00385	0.00675	0.04650	0.00532	0.00626
21	0.00901	0.06684	0.00972	0.00871	0.01021	0.00734	0.00660	0.01059	0.01329	0.01681	0.04128	0.33079	0.25204	0.06257	0.02788	0.00285	0.00464	0.10767	0.00555	0.00558
22	0.01178	0.00697	0.00869	0.00859	0.01031	0.00628	0.00620	0.01335	0.01417	0.14290	0.09401	0.31405	0.21148	0.08879	0.02922	0.00290	0.00447	0.01342	0.00617	0.00626
23	0.03565	0.07830	0.09411	0.04642	0.03965	0.15415	0.02502	0.09505	0.15087	0.04253	0.12962	0.02119	0.01946	0.00819	0.00676	0.00196	0.03117	0.00642	0.00487	0.00859

[dist]
# distance from previous block
# <min> <max>
4	28

[block]
# block no. 3 follows, 34 sequences, length 151
# corresponding to MSA columns:
# 166-316
name=unknown_D
#
# <colnr> <probs for GDERKNQSTAVLIFYWHMCP>
#	G	D	E	R	K	N	Q	S	T	A	V	L	I	F	Y	W	H	M	C	P
0	0.11316	0.05710	0.08723	0.03542	0.07654	0.13909	0.06879	0.18323	0.05381	0.04576	0.01405	0.04738	0.01135	0.00744	0.00656	0.00198	0.03193	0.00583	0.00443	0.00892
1	0.12460	0.08542	0.09153	0.04476	0.22783	0.06535	0.03720	0.06562	0.01526	0.10208	0.01312	0.01537	0.01017	0.00853	0.04286	0.00235	0.02971	0.00525	0.00397	0.00905
2	0.06120	0.10351	0.05747	0.06667	0.20479	0.14314	0.03621	0.06069	0.07965	0.02065	0.01256	0.01518	0.01025	0.00814	0.03063	0.00222	0.06936	0.00528	0.00365	0.00874
3	0.14620	0.01494	0.06770	0.09056	0.05646	0.06867	0.01160	0.06147	0.15047	0.05936	0.08605	0.04660	0.01803	0.04594	0.00825	0.00230	0.04566	0.00672	0.00484	0.00817
4	0.04258	0.01458	0.06771	0.17538	0.29822	0.01402	0.05320	0.04199	0.02975	0.08397	0.03456	0.02055	0.06055	0.00729	0.00690	0.00205	0.02724	0.00649	0.00401	0.00896
5	0.03886	0.01481	0.05170	0.29004	0.17112	0.03895	0.05084	0.08906	0.05548	0.02176	0.05914	0.01850	0.01317	0.00723	0.00733	0.00209	0.05146	0.00616	0.00384	0.00846
6	0.03659	0.01253	0.01858	0.14669	0.26692	0.01374	0.01434	0.08797	0.08469	0.02156	0.01551	0.03856	0.01312	0.01676	0.17993	0.00399	0.00960	0.00645	0.00396	0.00853
7	0.01465	0.01395	0.04347	0.11936	0.23760	0.01326	0.07078	0.01891	0.04447	0.04105	0.01286	0.01614	0.01038	0.00737	0.02896	0.00202	0.05443	0.00544	0.00360	0.24131
8	0.03434	0.06571	0.02234	0.33920	0.30464	0.03846	0.01709	0.01832	0.01378	0.01877	0.01146	0.01569	0.00923	0.00601	0.00609	0.00191	0.00790	0.00536	0.00309	0.06060
9	0.00783	0.00655	0.00682	0.00675	0.00885	0.00554	0.00506	0.00965	0.01519	0.01856	0.15224	0.06036	0.64252	0.01595	0.00763	0.00216	0.00324	0.01338	0.00615	0.00554
10	0.01554	0.01535	0.02394	0.27100	0.39466	0.06503	0.05940	0.04168	0.01491	0.01986	0.01195	0.01617	0.00957	0.00609	0.00645	0.00199	0.00843	0.00576	0.00321	0.00898
11	0.00764	0.00655	0.00655	0.00655	0.00873	0.00545	0.00491	0.00927	0.01473	0.01745	0.06546	0.06218	0.73000	0.01636	0.00764	0.00218	0.00327	0.01364	0.00600	0.00545
12	0.01030	0.00715	0.00798	0.00778	0.00821	0.00735	0.00468	0.03388	0.05860	0.01455	0.02108	0.06271	0.02343	0.67270	0.02947	0.00573	0.00614	0.00942	0.00424	0.00462
13	0.02211	0.22532	0.02272	0.01579	0.04166	0.48492	0.01233	0.07056	0.01766	0.01752	0.01017	0.01171	0.00856	0.00641	0.00545	0.00162	0.00997	0.00414	0.00339	0.00803
14	0.02414	0.03079	0.01831	0.01665	0.01998	0.74698	0.01248	0.02580	0.01831	0.01581	0.00999	0.01165	0.00832	0.00666	0.00583	0.00166	0.01165	0.00416	0.00333	0.00749
15	0.02278	0.18106	0.02153	0.01539	0.01929	0.55136	0.01218	0.07113	0.01808	0.01738	0.01016	0.01165	0.00850	0.00650	0.00553	0.00163	0.01038	0.00413	0.00343	0.00789
16	0.01122	0.00561	0.00842	0.00842	0.00842	0.00561	0.00561	0.00842	0.00842	0.01122	0.01122	0.01964	0.01122	0.02245	0.02525	0.81201	0.00561	0.00561	0.00281	0.00281
17	0.00868	0.00602	0.00770	0.00860	0.00912	0.00574	0.00584	0.00956	0.01201	0.01588	0.05435	0.42816	0.07971	0.18765	0.01485	0.05585	0.00458	0.07544	0.00536	0.00490
18	0.00962	0.00692	0.00911	0.00855	0.00901	0.00681	0.04981	0.01009	0.01007	0.01346	0.02142	0.11372	0.02454	0.64752	0.02877	0.00563	0.00631	0.01018	0.00408	0.00436
19	0.00940	0.00626	0.00705	0.00705	0.00705	0.00626	0.00392	0.00940	0.00940	0.01253	0.02036	0.04228	0.02349	0.77292	0.03289	0.00626	0.00626	0.00940	0.00392	0.00392
20	0.01143	0.00605	0.00672	0.00672	0.00801	0.00605	0.00495	0.01339	0.01262	0.02102	0.02230	0.02606	0.06425	0.01314	0.05612	0.13004	0.00437	0.00653	0.57479	0.00546
21	0.00923	0.00692	0.01038	0.01038	0.01154	0.00808	0.00808	0.01154	0.01038	0.01500	0.01731	0.02538	0.01615	0.04846	0.74732	0.01038	0.01731	0.00692	0.00346	0.00577
22	0.02456	0.01810	0.01939	0.01487	0.02004	0.02004	0.01228	0.71107	0.03038	0.04072	0.01551	0.01551	0.01099	0.00776	0.00646	0.00194	0.00711	0.00582	0.00646	0.01099
23	0.01607	0.01388	0.01461	0.01315	0.01680	0.01607	0.01023	0.03433	0.72094	0.02703	0.02630	0.02411	0.01972	0.00877	0.00657	0.00219	0.00511	0.00731	0.00657	0.01023
24	0.00787	0.00562	0.00750	0.00900	0.00937	0.00525	0.00600	0.00900	0.01237	0.01649	0.03561	0.76871	0.04274	0.02024	0.00825	0.00262	0.00375	0.01837	0.00600	0.00525
25	0.01340	0.01148	0.01340	0.00957	0.01531	0.00861	0.00766	0.01627	0.01340	0.02105	0.01148	0.01340	0.00957	0.00479	0.00479	0.00096	0.00479	0.00383	0.00383	0.81242
26	0.00787	0.00562	0.00750	0.00900	0.00937	0.00525	0.00600	0.00900	0.01237	0.01649	0.03561	0.76871	0.04274	0.02024	0.00825	0.00262	0.00375	0.01837	0.00600	0.00525
27	0.02414	0.03079	0.01831	0.01665	0.01998	0.74698	0.01248	0.02580	0.01831	0.01581	0.00999	0.01165	0.00832	0.00666	0.00583	0.00166	0.01165	0.00416	0.00333	0.00749
28	0.02772	0.01069	0.01448	0.01121	0.01588	0.00929	0.00914	0.03006	0.01790	0.69016	0.02516	0.02331	0.01648	0.05755	0.00821	0.00228	0.00555	0.00669	0.00773	0.01054
29	0.00895	0.00681	0.00844	0.00913	0.01076	0.00630	0.00735	0.01124	0.01498	0.01916	0.13355	0.14048	0.29784	0.01697	0.00821	0.00252	0.00435	0.28112	0.00612	0.00571
30	0.02456	0.01810	0.01939	0.01487	0.02004	0.02004	0.01228	0.71107	0.03038	0.04072	0.01551	0.01551	0.01099	0.00776	0.00646	0.00194	0.00711	0.00582	0.00646	0.01099
31	0.01220	0.01148	0.01938	0.75739	0.04450	0.01436	0.01794	0.01651	0.01292	0.01651	0.01148	0.01723	0.00861	0.00646	0.00646	0.00215	0.00861	0.00574	0.00287	0.00718
32	0.00802	0.00585	0.00751	0.00878	0.00942	0.00542	0.00602	0.00926	0.01269	0.01663	0.03872	0.62320	0.12635	0.04412	0.00901	0.00271	0.00388	0.05123	0.00593	0.00527
33	0.01122	0.00561	0.00842	0.00842	0.00842	0.00561	0.00561	0.00842	0.00842	0.01122	0.01122	0.01964	0.01122	0.02245	0.02525	0.81201	0.00561	0.00561	0.00281	0.00281
34	0.81856	0.01250	0.00950	0.00850	0.01250	0.01449	0.00700	0.01899	0.01100	0.02899	0.00900	0.01050	0.00700	0.00600	0.00400	0.00200	0.00500	0.00350	0.00400	0.00700
35	0.01526	0.01696	0.03548	0.02799	0.11470	0.01646	0.58089	0.02024	0.01482	0.02040	0.01265	0.01704	0.00976	0.00588	0.00841	0.00219	0.06158	0.00727	0.00323	0.00878
36	0.00919	0.00654	0.00834	0.00793	0.00917	0.00613	0.00569	0.01167	0.01663	0.02342	0.59726	0.04715	0.05399	0.15463	0.01232	0.00282	0.00365	0.01126	0.00652	0.00569
37	0.02414	0.03079	0.01831	0.01665	0.01998	0.74698	0.01248	0.02580	0.01831	0.01581	0.00999	0.01165	0.00832	0.00666	0.00583	0.00166	0.01165	0.00416	0.00333	0.00749
38	0.02387	0.01913	0.01931	0.01518	0.01984	0.09312	0.01242	0.59880	0.02789	0.03665	0.01452	0.01504	0.01056	0.00787	0.00732	0.00197	0.05458	0.00564	0.00592	0.01039
39	0.00805	0.00577	0.00760	0.00884	0.00932	0.00543	0.00594	0.00926	0.01251	0.01675	0.06987	0.65715	0.05785	0.05782	0.03235	0.00300	0.00425	0.01712	0.00587	0.00525
40	0.01894	0.04248	0.01594	0.01349	0.01730	0.13998	0.01056	0.03205	0.49785	0.10500	0.02284	0.02128	0.01697	0.00821	0.00636	0.00205	0.00633	0.00655	0.00605	0.00978
41	0.00787	0.00562	0.00750	0.00900	0.00937	0.00525	0.00600	0.00900	0.01237	0.01649	0.03561	0.76871	0.04274	0.02024	0.00825	0.00262	0.00375	0.01837	0.00600	0.00525
42	0.01340	0.01148	0.01340	0.00957	0.01531	0.00861	0.00766	0.01627	0.01340	0.02105	0.01148	0.01340	0.00957	0.00479	0.00479	0.00096	0.00479	0.00383	0.00383	0.81242
43	0.00973	0.00893	0.05866	0.00964	0.01184	0.00738	0.00814	0.01362	0.05828	0.02250	0.36617	0.10640	0.14506	0.01428	0.00774	0.00228	0.00422	0.13241	0.00633	0.00639
44	0.01209	0.00642	0.00913	0.00884	0.00917	0.00655	0.00604	0.05393	0.00984	0.01313	0.01150	0.01937	0.01121	0.02150	0.02404	0.75953	0.00571	0.00562	0.00304	0.00334
45	0.00958	0.00692	0.00854	0.00894	0.01000	0.00670	0.00632	0.05768	0.01454	0.01944	0.15341	0.38636	0.09855	0.12648	0.01157	0.00299	0.00432	0.05609	0.00592	0.00565
46	0.01220	0.01148	0.01938	0.75739	0.04450	0.01436	0.01794	0.01651	0.01292	0.01651	0.01148	0.01723	0.00861	0.00646	0.00646	0.00215	0.00861	0.00574	0.00287	0.00718
47	0.01430	0.01208	0.01387	0.01016	0.01572	0.00986	0.00813	0.06251	0.06265	0.02274	0.01275	0.01426	0.01035	0.00525	0.00502	0.00110	0.00496	0.00419	0.00419	0.70591
48	0.01172	0.00736	0.00978	0.00934	0.01026	0.00768	0.00674	0.07653	0.01204	0.01607	0.04258	0.07683	0.09367	0.02208	0.08958	0.45974	0.03180	0.00771	0.00393	0.00458
49	0.63355	0.01301	0.01093	0.00940	0.01343	0.01487	0.00772	0.13446	0.01440	0.03063	0.01087	0.01222	0.00828	0.00639	0.00444	0.00196	0.00522	0.00405	0.05654	0.00760
50	0.00931	0.00661	0.00877	0.00877	0.00937	0.00720	0.00607	0.01051	0.00991	0.01381	0.01878	0.03353	0.01969	0.39784	0.40278	0.00840	0.01198	0.00812	0.00368	0.00487
51	0.01527	0.01551	0.02416	0.29609	0.35605	0.07958	0.08247	0.01924	0.01443	0.01894	0.01181	0.01619	0.00944	0.00606	0.00648	0.00201	0.00866	0.00578	0.00310	0.00875
52	0.00907	0.00591	0.00711	0.00784	0.00826	0.00573	0.00503	0.01009	0.01151	0.01629	0.02796	0.39589	0.03184	0.28306	0.01633	0.00373	0.00452	0.01327	0.13167	0.00490
53	0.00923	0.00692	0.01038	0.01038	0.01154	0.00808	0.00808	0.01154	0.01038	0.01500	0.01731	0.02538	0.01615	0.04846	0.74732	0.01038	0.01731	0.00692	0.00346	0.00577
54	0.02462	0.01592	0.01779	0.01387	0.01882	0.01708	0.01138	0.47089	0.10830	0.20416	0.01914	0.01805	0.01320	0.00793	0.00648	0.00198	0.00649	0.00615	0.00684	0.01090
55	0.01366	0.01028	0.01212	0.01101	0.01313	0.03406	0.00846	0.09656	0.11315	0.06107	0.08682	0.02849	0.04152	0.12378	0.28501	0.00571	0.03538	0.00766	0.00495	0.00716
56	0.00871	0.00601	0.00784	0.00884	0.00957	0.00559	0.00608	0.01010	0.01318	0.03638	0.10722	0.57719	0.07725	0.05928	0.00945	0.00273	0.00391	0.03918	0.00605	0.00545
57	0.00940	0.00626	0.00705	0.00705	0.00705	0.00626	0.00392	0.00940	0.00940	0.01253	0.02036	0.04228	0.02349	0.77292	0.03289	0.00626	0.00626	0.00940	0.00392	0.00392
58	0.62854	0.05900	0.01253	0.01013	0.01399	0.12625	0.00827	0.01994	0.01219	0.02581	0.00913	0.01077	0.00732	0.00623	0.00479	0.00194	0.02856	0.00366	0.00379	0.00715
59	0.01299	0.00745	0.00987	0.00878	0.01098	0.00675	0.00675	0.01593	0.01833	0.16356	0.59300	0.04318	0.05226	0.01220	0.00740	0.00203	0.00352	0.01068	0.00728	0.00704
60	0.02264	0.04969	0.04309	0.01921	0.10249	0.61873	0.01366	0.02476	0.01760	0.01656	0.01026	0.01218	0.00854	0.00651	0.00586	0.00170	0.01099	0.00435	0.00328	0.00790
61	0.00798	0.00578	0.00757	0.00896	0.00952	0.00537	0.00614	0.00924	0.01267	0.01671	0.03778	0.68108	0.09408	0.01983	0.00823	0.00261	0.00382	0.05132	0.00600	0.00530
62	0.01693	0.65660	0.12492	0.01219	0.01817	0.04716	0.01276	0.01970	0.01336	0.01590	0.00935	0.01083	0.00828	0.00564	0.00446	0.00148	0.00740	0.00365	0.00278	0.00843
63	0.01296	0.03342	0.73944	0.01842	0.02797	0.01501	0.02387	0.02046	0.01364	0.02046	0.01160	0.01364	0.00818	0.00614	0.00614	0.00205	0.00955	0.00477	0.00273	0.00955
64	0.01041	0.00744	0.01041	0.01190	0.01339	0.00744	0.01041	0.01339	0.01487	0.01934	0.03421	0.07288	0.03719	0.01785	0.00892	0.00297	0.00595	0.68913	0.00595	0.00595
65	0.01522	0.12779	0.36363	0.01503	0.02175	0.01413	0.05786	0.02029	0.01511	0.12154	0.12801	0.02126	0.03552	0.00764	0.00627	0.00196	0.00751	0.00632	0.00428	0.00888
66	0.01730	0.72137	0.06403	0.01155	0.01718	0.04749	0.01166	0.01960	0.01331	0.01545	0.00913	0.01055	0.00829	0.00559	0.00428	0.00142	0.00717	0.00353	0.00278	0.00832
67	0.01407	0.01173	0.01415	0.01025	0.01590	0.00917	0.02605	0.01766	0.04435	0.04457	0.01262	0.01425	0.01023	0.00508	0.00499	0.00108	0.00498	0.00416	0.00407	0.73065
68	0.01730	0.49768	0.09145	0.01242	0.01751	0.15288	0.01195	0.01989	0.01463	0.01687	0.08245	0.01473	0.01363	0.00657	0.00498	0.00156	0.00761	0.00454	0.00330	0.00804
69	0.00799	0.00567	0.00746	0.00884	0.00919	0.00533	0.00583	0.00903	0.01213	0.01618	0.03439	0.71039	0.04119	0.08066	0.01022	0.00292	0.00395	0.01765	0.00583	0.00514
70	0.01665	0.01608	0.11252	0.06031	0.10273	0.01493	0.01362	0.15161	0.23210	0.06284	0.01845	0.01986	0.01409	0.01368	0.11795	0.00331	0.00843	0.00632	0.00504	0.00947
71	0.01551	0.03984	0.02033	0.01773	0.04840	0.10669	0.01409	0.01708	0.01121	0.01581	0.00884	0.01380	0.00853	0.01033	0.01819	0.00260	0.61539	0.00541	0.00290	0.00729
72	0.00923	0.00692	0.01038	0.01038	0.01154	0.00808	0.00808	0.01154	0.01038	0.01500	0.01731	0.02538	0.01615	0.04846	0.74732	0.01038	0.01731	0.00692	0.00346	0.00577
73	0.02212	0.01750	0.15736	0.04124	0.04217	0.01371	0.10117	0.14077	0.04168	0.32701	0.01880	0.01849	0.01260	0.00719	0.00656	0.00203	0.00737	0.00618	0.00579	0.01026
74	0.02414	0.03079	0.01831	0.01665	0.01998	0.74698	0.01248	0.02580	0.01831	0.01581	0.00999	0.01165	0.00832	0.00666	0.00583	0.00166	0.01165	0.00416	0.00333	0.00749
75	0.00787	0.00562	0.00750	0.00900	0.00937	0.00525	0.00600	0.00900	0.01237	0.01649	0.03561	0.76871	0.04274	0.02024	0.00825	0.00262	0.00375	0.01837	0.00600	0.00525
76	0.09929	0.01685	0.01802	0.01393	0.01897	0.01845	0.01150	0.57725	0.02736	0.11041	0.01592	0.01570	0.01112	0.00762	0.00624	0.00195	0.00675	0.00567	0.00639	0.01062
77	0.01398	0.05191	0.50452	0.04235	0.02924	0.03942	0.18714	0.02054	0.01414	0.02009	0.01181	0.01449	0.00859	0.00598	0.00643	0.00205	0.00983	0.00543	0.00288	0.00917
78	0.00940	0.00626	0.00705	0.00705	0.00705	0.00626	0.00392	0.00940	0.00940	0.01253	0.02036	0.04228	0.02349	0.77292	0.03289	0.00626	0.00626	0.00940	0.00392	0.00392
79	0.00940	0.00626	0.00705	0.00705	0.00705	0.00626	0.00392	0.00940	0.00940	0.01253	0.02036	0.04228	0.02349	0.77292	0.03289	0.00626	0.00626	0.00940	0.00392	0.00392
80	0.00923	0.00692	0.01038	0.01038	0.01154	0.00808	0.00808	0.01154	0.01038	0.01500	0.01731	0.02538	0.01615	0.04846	0.74732	0.01038	0.01731	0.00692	0.00346	0.00577
81	0.01220	0.01148	0.01938	0.75739	0.04450	0.01436	0.01794	0.01651	0.01292	0.01651	0.01148	0.01723	0.00861	0.00646	0.00646	0.00215	0.00861	0.00574	0.00287	0.00718
82	0.04454	0.09277	0.10912	0.01708	0.08821	0.22238	0.01364	0.08088	0.18537	0.02216	0.01584	0.01853	0.01284	0.00753	0.00609	0.00194	0.00813	0.03964	0.00437	0.00893
83	0.00765	0.00649	0.00661	0.00670	0.00877	0.00544	0.00498	0.00926	0.01457	0.01739	0.06352	0.10795	0.68548	0.01662	0.00768	0.00221	0.00330	0.01394	0.00600	0.00544
84	0.01460	0.01402	0.02416	0.29894	0.45977	0.01503	0.04268	0.01866	0.01408	0.01943	0.01194	0.01649	0.00963	0.00600	0.00646	0.00201	0.00813	0.00582	0.00308	0.00908
85	0.01398	0.01173	0.01431	0.01167	0.06416	0.00910	0.00853	0.01691	0.01362	0.03978	0.01190	0.01380	0.00978	0.00494	0.00494	0.00105	0.00500	0.00403	0.00389	0.73687
86	0.11330	0.09770	0.54253	0.01642	0.02455	0.05990	0.01995	0.02050	0.01355	0.02076	0.01094	0.01284	0.00806	0.00610	0.00568	0.00196	0.00888	0.00446	0.00292	0.00900
87	0.01652	0.01181	0.01287	0.01127	0.01451	0.01293	0.00883	0.13501	0.33082	0.07550	0.09572	0.04865	0.02241	0.00913	0.00631	0.00200	0.00479	0.00756	0.16438	0.00899
88	0.01220	0.01148	0.01938	0.75739	0.04450	0.01436	0.01794	0.01651	0.01292	0.01651	0.01148	0.01723	0.00861	0.00646	0.00646	0.00215	0.00861	0.00574	0.00287	0.00718
89	0.01352	0.01187	0.01500	0.01071	0.01651	0.00911	0.05310	0.01656	0.01352	0.02103	0.01159	0.01366	0.00959	0.00483	0.00497	0.00104	0.00518	0.00407	0.00379	0.76036
90	0.00783	0.00655	0.00681	0.00675	0.00885	0.00554	0.00506	0.00965	0.01518	0.01853	0.15022	0.06041	0.64455	0.01596	0.00763	0.00216	0.00324	0.01339	0.00614	0.00554
91	0.02296	0.24667	0.06236	0.01208	0.01713	0.01548	0.01105	0.04472	0.01621	0.39541	0.01825	0.01750	0.01268	0.00867	0.03178	0.00214	0.04413	0.00542	0.00564	0.00971
92	0.01316	0.03871	0.16517	0.01496	0.02030	0.01247	0.12870	0.01782	0.04896	0.01971	0.01452	0.06764	0.01282	0.03240	0.05410	0.00244	0.05660	0.00629	0.00368	0.26957
93	0.51859	0.06162	0.01399	0.16947	0.02032	0.08692	0.01013	0.01915	0.01226	0.02417	0.00962	0.01204	0.00755	0.00613	0.00471	0.00196	0.00654	0.00404	0.00362	0.00716
94	0.03544	0.23836	0.33176	0.01508	0.02196	0.04073	0.03894	0.02105	0.04887	0.05339	0.01207	0.01362	0.00929	0.00626	0.00602	0.00181	0.03372	0.00462	0.00333	0.06370
95	0.06850	0.19785	0.04367	0.01497	0.01902	0.51912	0.01220	0.02379	0.01657	0.01659	0.00975	0.01136	0.00823	0.00635	0.00535	0.00163	0.01013	0.00398	0.00322	0.00771
96	0.01116	0.00723	0.00918	0.00840	0.01042	0.00662	0.00640	0.01437	0.03595	0.09755	0.55540	0.04672	0.13977	0.01296	0.00748	0.00205	0.00338	0.01129	0.00705	0.00662
97	0.00834	0.00651	0.00757	0.00743	0.00919	0.00574	0.00552	0.01060	0.01622	0.02128	0.36867	0.10065	0.37882	0.01516	0.00767	0.00214	0.00320	0.01304	0.00651	0.00574
98	0.01478	0.00821	0.01063	0.00925	0.01184	0.00756	0.00720	0.03241	0.04073	0.21045	0.48682	0.04048	0.06979	0.01171	0.00727	0.00203	0.00384	0.01014	0.00727	0.00758
99	0.01683	0.01064	0.01113	0.00940	0.01231	0.01138	0.00748	0.28113	0.01998	0.03045	0.01895	0.02081	0.01443	0.00762	0.00526	0.00167	0.00458	0.00594	0.50207	0.00792
100	0.01340	0.01148	0.01340	0.00957	0.01531	0.00861	0.00766	0.01627	0.01340	0.02105	0.01148	0.01340	0.00957	0.00479	0.00479	0.00096	0.00479	0.00383	0.00383	0.81242
101	0.02456	0.01810	0.01939	0.01487	0.02004	0.02004	0.01228	0.71107	0.03038	0.04072	0.01551	0.01551	0.01099	0.00776	0.00646	0.00194	0.00711	0.00582	0.00646	0.01099
102	0.01727	0.77681	0.03386	0.01106	0.01658	0.02557	0.01106	0.01935	0.01313	0.01520	0.00898	0.01036	0.00829	0.00553	0.00415	0.00138	0.00691	0.00345	0.00276	0.00829
103	0.81856	0.01250	0.00950	0.00850	0.01250	0.01449	0.00700	0.01899	0.01100	0.02899	0.00900	0.01050	0.00700	0.00600	0.00400	0.00200	0.00500	0.00350	0.00400	0.00700
104	0.01524	0.01468	0.02466	0.16374	0.42585	0.01539	0.09618	0.02143	0.11669	0.02109	0.01418	0.01755	0.01127	0.00628	0.00657	0.00203	0.00784	0.00619	0.00364	0.00951
105	0.00872	0.00659	0.00804	0.00768	0.00939	0.00591	0.00576	0.01137	0.01728	0.02351	0.54113	0.05221	0.25054	0.01410	0.00763	0.00207	0.00311	0.01224	0.00680	0.00591
106	0.00786	0.00568	0.00744	0.00884	0.00933	0.00526	0.00593	0.00901	0.01252	0.01656	0.03755	0.72294	0.08725	0.01999	0.00821	0.00260	0.00372	0.01806	0.00600	0.00526
107	0.01536	0.01713	0.03642	0.02902	0.13419	0.01620	0.61010	0.02057	0.01517	0.02076	0.01294	0.01722	0.00987	0.00549	0.00745	0.00214	0.01043	0.00736	0.00326	0.00893
108	0.00823	0.00610	0.00728	0.00788	0.00879	0.00559	0.00532	0.00949	0.01309	0.01703	0.11597	0.36340	0.22612	0.16037	0.01266	0.00313	0.00402	0.01468	0.00573	0.00514
109	0.81856	0.01250	0.00950	0.00850	0.01250	0.01449	0.00700	0.01899	0.01100	0.02899	0.00900	0.01050	0.00700	0.00600	0.00400	0.00200	0.00500	0.00350	0.00400	0.00700
110	0.00875	0.00737	0.00850	0.00922	0.05607	0.00657	0.00629	0.01135	0.03840	0.01969	0.19307	0.05518	0.52688	0.01480	0.00752	0.00214	0.00357	0.01253	0.00606	0.00605
111	0.00764	0.00655	0.00655	0.00655	0.00873	0.00545	0.00491	0.00927	0.01473	0.01745	0.06546	0.06218	0.73000	0.01636	0.00764	0.00218	0.00327	0.01364	0.00600	0.00545
112	0.01966	0.51891	0.02853	0.01293	0.01776	0.25014	0.01154	0.04459	0.01532	0.01625	0.00952	0.01094	0.00839	0.00595	0.00475	0.00149	0.00839	0.00375	0.00306	0.00813
113	0.02329	0.01676	0.01897	0.01581	0.06783	0.01787	0.01216	0.54858	0.02685	0.09028	0.01567	0.01584	0.01119	0.00736	0.00631	0.00185	0.00681	0.00568	0.00611	0.08477
114	0.01416	0.16612	0.45315	0.01812	0.02569	0.01754	0.11247	0.01986	0.01344	0.01910	0.01104	0.01359	0.00845	0.00638	0.00729	0.00201	0.07479	0.00499	0.00282	0.00899
115	0.01681	0.01420	0.01535	0.04921	0.03546	0.03413	0.01078	0.14458	0.47052	0.02731	0.02338	0.06679	0.01870	0.03390	0.00748	0.00229	0.00580	0.00759	0.00609	0.00964
116	0.81856	0.01250	0.00950	0.00850	0.01250	0.01449	0.00700	0.01899	0.01100	0.02899	0.00900	0.01050	0.00700	0.00600	0.00400	0.00200	0.00500	0.00350	0.00400	0.00700
117	0.01478	0.24839	0.44653	0.01594	0.02330	0.01838	0.01883	0.01999	0.01328	0.03856	0.01093	0.01296	0.00846	0.00649	0.00695	0.00192	0.07790	0.00452	0.00290	0.00899
118	0.00783	0.00655	0.00681	0.00675	0.00885	0.00554	0.00506	0.00965	0.01518	0.01854	0.15059	0.06040	0.64419	0.01596	0.00763	0.00216	0.00324	0.01339	0.00614	0.00554
119	0.04847	0.08087	0.56791	0.03743	0.02755	0.01582	0.09370	0.02025	0.01364	0.02040	0.01146	0.01377	0.00832	0.00603	0.00607	0.00202	0.00929	0.00495	0.00285	0.00920
120	0.01520	0.01729	0.03733	0.02679	0.03304	0.01649	0.67896	0.02047	0.01502	0.02047	0.01287	0.01729	0.00975	0.00570	0.00822	0.00221	0.04348	0.00754	0.00325	0.00864
121	0.00886	0.00659	0.00824	0.00783	0.00948	0.00597	0.00587	0.01164	0.01761	0.02430	0.60245	0.05092	0.18873	0.01381	0.00762	0.00206	0.00309	0.01206	0.00690	0.00597
122	0.01599	0.01535	0.02623	0.03966	0.73262	0.01535	0.01983	0.01983	0.01471	0.02111	0.01215	0.01599	0.01023	0.00576	0.00640	0.00192	0.00768	0.00576	0.00320	0.01023
123	0.81856	0.01250	0.00950	0.00850	0.01250	0.01449	0.00700	0.01899	0.01100	0.02899	0.00900	0.01050	0.00700	0.00600	0.00400	0.00200	0.00500	0.00350	0.00400	0.00700
124	0.00915	0.00656	0.00894	0.01039	0.01138	0.00636	0.00819	0.01122	0.01370	0.01796	0.03578	0.39733	0.05999	0.01892	0.00857	0.00279	0.00484	0.35636	0.00597	0.00561
125	0.01680	0.01452	0.01485	0.01314	0.01687	0.03977	0.01027	0.09927	0.59976	0.02759	0.02641	0.02451	0.04935	0.00893	0.00659	0.00215	0.00544	0.00733	0.00643	0.01001
126	0.00923	0.00692	0.01038	0.01038	0.01154	0.00808	0.00808	0.01154	0.01038	0.01500	0.01731	0.02538	0.01615	0.04846	0.74732	0.01038	0.01731	0.00692	0.00346	0.00577
127	0.02456	0.01810	0.01939	0.01487	0.02004	0.02004	0.01228	0.71107	0.03038	0.04072	0.01551	0.01551	0.01099	0.00776	0.00646	0.00194	0.00711	0.00582	0.00646	0.01099
128	0.00827	0.00654	0.00744	0.00728	0.00913	0.00571	0.00544	0.01047	0.01612	0.02091	0.33801	0.08018	0.43118	0.01519	0.00765	0.00214	0.00320	0.01299	0.00646	0.00571
129	0.01516	0.01450	0.02472	0.19781	0.58100	0.01513	0.01941	0.01910	0.01432	0.02010	0.01201	0.01626	0.00988	0.00591	0.00641	0.00197	0.00788	0.00575	0.00313	0.00956
130	0.01383	0.18276	0.59770	0.01694	0.02568	0.01713	0.02130	0.02024	0.01354	0.01941	0.01107	0.01298	0.00821	0.00602	0.00574	0.00191	0.00902	0.00451	0.00274	0.00930
131	0.00923	0.00619	0.00710	0.00726	0.00731	0.00615	0.00415	0.00935	0.00973	0.01297	0.02206	0.12328	0.02564	0.68900	0.03014	0.00586	0.00598	0.01040	0.00415	0.00406
132	0.00787	0.00562	0.00750	0.00900	0.00937	0.00525	0.00600	0.00900	0.01237	0.01649	0.03561	0.76871	0.04274	0.02024	0.00825	0.00262	0.00375	0.01837	0.00600	0.00525
133	0.81856	0.01250	0.00950	0.00850	0.01250	0.01449	0.00700	0.01899	0.01100	0.02899	0.00900	0.01050	0.00700	0.00600	0.00400	0.00200	0.00500	0.00350	0.00400	0.00700
134	0.01662	0.01415	0.01492	0.01326	0.01701	0.01633	0.01036	0.07817	0.67621	0.02792	0.02560	0.02355	0.01916	0.00870	0.00657	0.00218	0.00524	0.00721	0.00657	0.01028
135	0.01414	0.01414	0.01979	0.01696	0.01696	0.01979	0.01414	0.01555	0.00990	0.01555	0.00848	0.01414	0.00848	0.01131	0.02120	0.00283	0.76110	0.00565	0.00283	0.00707
136	0.04749	0.10838	0.01977	0.01348	0.01849	0.01835	0.01133	0.47279	0.02520	0.15221	0.01679	0.03835	0.01232	0.00785	0.00617	0.00190	0.00665	0.00595	0.00618	0.01037
137	0.01618	0.03791	0.02060	0.01697	0.01810	0.10791	0.03745	0.06441	0.01258	0.01746	0.00931	0.01394	0.00867	0.01014	0.01740	0.00256	0.57229	0.00549	0.00315	0.00748
138	0.01416	0.01193	0.01381	0.00993	0.01563	0.00939	0.00797	0.06356	0.01455	0.02239	0.01176	0.01354	0.00967	0.00499	0.00490	0.00102	0.00494	0.00396	0.00401	0.75788
139	0.05153	0.01128	0.02965	0.01206	0.01419	0.06013	0.02715	0.09483	0.03366	0.04058	0.02576	0.30466	0.02752	0.01678	0.05619	0.00297	0.04586	0.13295	0.00536	0.00688
140	0.00999	0.00744	0.00967	0.01065	0.01220	0.00736	0.00878	0.01355	0.06272	0.01957	0.07844	0.17494	0.12341	0.01715	0.00842	0.00271	0.00505	0.41577	0.00607	0.00608
141	0.01973	0.01626	0.01823	0.06527	0.02067	0.06961	0.05494	0.29452	0.22114	0.05347	0.01818	0.01910	0.01365	0.02928	0.00764	0.00216	0.02956	0.00635	0.03059	0.00965
142	0.01425	0.01307	0.02128	0.38244	0.30502	0.01454	0.01750	0.06248	0.01511	0.02049	0.06085	0.01875	0.01295	0.00673	0.00651	0.00204	0.00778	0.00616	0.00352	0.00853
143	0.04520	0.04980	0.01877	0.01415	0.01884	0.04269	0.03057	0.46950	0.11009	0.05606	0.06496	0.01852	0.01523	0.00801	0.00639	0.00195	0.00673	0.00624	0.00614	0.01015
144	0.03780	0.02261	0.32906	0.01905	0.09050	0.01448	0.09810	0.10780	0.01620	0.05145	0.01376	0.01732	0.01063	0.00664	0.00628	0.00194	0.00819	0.03498	0.00383	0.10939
145	0.02344	0.01689	0.01843	0.01436	0.01920	0.01864	0.01181	0.61240	0.05048	0.06879	0.01641	0.01674	0.01184	0.01057	0.05689	0.00252	0.00767	0.00597	0.00633	0.01061
146	0.01945	0.01935	0.10431	0.03605	0.06933	0.07898	0.05139	0.29706	0.18348	0.02952	0.01708	0.01859	0.01294	0.00767	0.00652	0.00203	0.00757	0.02344	0.00529	0.00995
147	0.01217	0.15863	0.14295	0.01201	0.01566	0.01242	0.04093	0.06150	0.01436	0.01917	0.06752	0.30580	0.04343	0.05427	0.00825	0.00237	0.00599	0.01080	0.00468	0.00711
148	0.05434	0.38156	0.02630	0.01475	0.06068	0.14375	0.03442	0.11385	0.05650	0.04156	0.01180	0.01295	0.00964	0.00630	0.00518	0.00165	0.00768	0.00447	0.00382	0.00878
149	0.00878	0.00661	0.00894	0.01103	0.05867	0.00635	0.00691	0.01057	0.03496	0.01691	0.03352	0.62810	0.05665	0.06755	0.00965	0.00279	0.00421	0.01645	0.00569	0.00567
150	0.06403	0.07891	0.03608	0.03584	0.08114	0.05712	0.04553	0.09358	0.14878	0.06291	0.04695	0.07700	0.08791	0.00926	0.00676	0.00204	0.02550	0.00764	0.02451	0.00850

[dist]
# distance from previous block
# <min> <max>
11	57

[block]
# block no. 4 follows, 34 sequences, length 18
# corresponding to MSA columns:
# 389-406
name=unknown_E
#
# <colnr> <probs for GDERKNQSTAVLIFYWHMCP>
#	G	D	E	R	K	N	Q	S	T	A	V	L	I	F	Y	W	H	M	C	P
0	0.03865	0.13296	0.07772	0.01347	0.01665	0.01681	0.01193	0.09928	0.05376	0.09519	0.01662	0.04497	0.04285	0.06494	0.01262	0.00251	0.24017	0.00643	0.00434	0.00814
1	0.01360	0.14248	0.14018	0.01380	0.03717	0.03859	0.06842	0.01875	0.10209	0.04140	0.02437	0.17409	0.09406	0.01033	0.00650	0.00203	0.00640	0.00888	0.02663	0.03022
2	0.01550	0.04019	0.06334	0.03920	0.02364	0.04717	0.23987	0.06889	0.01449	0.02040	0.01160	0.01531	0.00945	0.00729	0.01044	0.00209	0.21354	0.00587	0.02531	0.12640
3	0.01463	0.06775	0.01548	0.01391	0.09794	0.06444	0.00968	0.06522	0.01552	0.05905	0.09697	0.09810	0.05308	0.01323	0.08642	0.00264	0.00697	0.00747	0.00469	0.20679
4	0.00818	0.00648	0.00712	0.00745	0.00904	0.00574	0.00546	0.00967	0.01373	0.01685	0.05254	0.14638	0.48064	0.12021	0.01129	0.00287	0.00401	0.08136	0.00571	0.00527
5	0.01812	0.05602	0.16876	0.02147	0.14991	0.20347	0.09976	0.09540	0.06406	0.02169	0.01415	0.01603	0.02870	0.00671	0.00630	0.00192	0.00908	0.00559	0.00377	0.00908
6	0.00889	0.00663	0.00840	0.00837	0.00947	0.00681	0.00601	0.01041	0.01158	0.01547	0.06767	0.04038	0.19397	0.24671	0.32341	0.00677	0.00997	0.00952	0.00440	0.00518
7	0.01642	0.01954	0.15603	0.04763	0.40583	0.04101	0.08889	0.08972	0.03170	0.02275	0.01270	0.01572	0.01000	0.00611	0.00647	0.00197	0.00839	0.00575	0.00352	0.00987
8	0.01744	0.08548	0.03838	0.07853	0.05240	0.24477	0.01191	0.12120	0.01754	0.02032	0.02120	0.02545	0.11491	0.01188	0.06035	0.00255	0.00886	0.05485	0.00426	0.00771
9	0.01329	0.03136	0.65488	0.02037	0.07963	0.01509	0.05538	0.02043	0.01379	0.02052	0.01170	0.01399	0.00841	0.00608	0.00623	0.00204	0.00947	0.00498	0.00279	0.00956
10	0.70946	0.01365	0.01139	0.01161	0.07537	0.05093	0.00838	0.01940	0.01168	0.02765	0.00932	0.01103	0.00734	0.00601	0.00430	0.00198	0.00556	0.00373	0.00390	0.00730
11	0.01840	0.56646	0.08200	0.01276	0.01812	0.17585	0.01229	0.02078	0.01425	0.01571	0.00938	0.01087	0.00829	0.00581	0.00464	0.00149	0.00810	0.00370	0.00288	0.00822
12	0.01545	0.01488	0.02506	0.02903	0.37307	0.01508	0.16715	0.03810	0.15097	0.02228	0.01687	0.07276	0.01436	0.00737	0.00684	0.00208	0.00758	0.00738	0.00414	0.00956
13	0.02181	0.01269	0.01501	0.01216	0.01621	0.01294	0.00977	0.28253	0.06099	0.26761	0.11293	0.10310	0.02294	0.00993	0.00682	0.00206	0.00558	0.00822	0.00701	0.00971
14	0.01008	0.00850	0.00889	0.00894	0.01052	0.06020	0.00650	0.04090	0.01589	0.02048	0.24431	0.29501	0.21427	0.01570	0.00766	0.00224	0.00414	0.01367	0.00615	0.00595
15	0.01668	0.07566	0.20213	0.01735	0.06171	0.04408	0.11546	0.12129	0.04790	0.05917	0.05539	0.01714	0.01312	0.00666	0.00619	0.00183	0.00774	0.00574	0.00424	0.12053
16	0.01588	0.23211	0.31584	0.02030	0.14490	0.06767	0.05621	0.04095	0.01459	0.01944	0.01107	0.01328	0.00875	0.00595	0.00571	0.00182	0.00865	0.00473	0.00300	0.00918
17	0.04196	0.01300	0.01693	0.01555	0.08808	0.03479	0.07475	0.19056	0.01770	0.09937	0.03951	0.02611	0.06746	0.15933	0.05074	0.00330	0.04033	0.00741	0.00501	0.00812

[dist]
# distance from previous block
# <min> <max>
0	5

[block]
# block no. 5 follows, 34 sequences, length 17
# corresponding to MSA columns:
# 412-428
name=unknown_F
#
# <colnr> <probs for GDERKNQSTAVLIFYWHMCP>
#	G	D	E	R	K	N	Q	S	T	A	V	L	I	F	Y	W	H	M	C	P
0	0.07395	0.05659	0.01745	0.01274	0.01774	0.04245	0.01047	0.37379	0.05507	0.03127	0.01405	0.01491	0.01067	0.00794	0.02702	0.00191	0.00673	0.00507	0.00523	0.21495
1	0.03233	0.01052	0.02679	0.06994	0.01537	0.03670	0.00863	0.05937	0.05674	0.10734	0.14271	0.06270	0.24460	0.01183	0.00700	0.00208	0.00499	0.04138	0.00588	0.05312
2	0.02213	0.01761	0.01799	0.01425	0.01908	0.06411	0.01156	0.49191	0.15082	0.03514	0.01676	0.01663	0.01226	0.00763	0.00631	0.00189	0.00685	0.00582	0.00607	0.07520
3	0.01572	0.01700	0.09112	0.03773	0.66850	0.01532	0.02020	0.01989	0.01462	0.02105	0.01210	0.01578	0.01005	0.00579	0.00637	0.00193	0.00785	0.00567	0.00316	0.01017
4	0.01786	0.01574	0.01621	0.01527	0.06683	0.08011	0.01119	0.15525	0.43587	0.02807	0.06975	0.02252	0.01927	0.00849	0.00655	0.00207	0.00609	0.00695	0.00607	0.00985
5	0.00898	0.00652	0.00833	0.00896	0.01009	0.00616	0.00674	0.01097	0.01439	0.01914	0.20555	0.23521	0.13470	0.10949	0.01120	0.00296	0.00438	0.18474	0.00600	0.00550
6	0.05408	0.01622	0.02179	0.02870	0.42515	0.08242	0.01610	0.02292	0.15876	0.02172	0.01438	0.01684	0.01170	0.00695	0.00757	0.00203	0.07340	0.00581	0.00391	0.00955
7	0.00799	0.00577	0.00737	0.00859	0.00910	0.00536	0.00571	0.00906	0.01232	0.01622	0.03703	0.63622	0.10556	0.08836	0.01043	0.00291	0.00393	0.01711	0.00581	0.00515
8	0.00784	0.00574	0.00738	0.00868	0.00929	0.00527	0.00586	0.00903	0.01267	0.01662	0.03941	0.67876	0.13023	0.01975	0.00817	0.00257	0.00369	0.01777	0.00600	0.00527
9	0.13365	0.01893	0.01819	0.01674	0.08546	0.16075	0.01234	0.31240	0.06205	0.02928	0.01319	0.01447	0.01012	0.00749	0.00733	0.00199	0.07624	0.00523	0.00487	0.00927
10	0.01398	0.12661	0.50830	0.01922	0.02765	0.01664	0.15868	0.02036	0.01390	0.01983	0.01155	0.01397	0.00852	0.00592	0.00618	0.00199	0.00947	0.00517	0.00284	0.00922
11	0.00795	0.00568	0.00756	0.00895	0.00939	0.00530	0.00600	0.00918	0.01271	0.01704	0.07588	0.72688	0.04379	0.01983	0.00821	0.00259	0.00371	0.01798	0.00606	0.00530
12	0.02342	0.01653	0.01808	0.01400	0.01882	0.01800	0.01151	0.59827	0.02842	0.08762	0.08327	0.01904	0.01603	0.00829	0.00657	0.00195	0.00662	0.00642	0.00663	0.01053
13	0.01344	0.01042	0.01198	0.01098	0.01367	0.01059	0.00823	0.15334	0.14176	0.02382	0.02643	0.37652	0.02749	0.01346	0.00709	0.00217	0.00481	0.01178	0.00587	0.12614
14	0.02052	0.02425	0.01755	0.01587	0.01848	0.48705	0.01230	0.03979	0.05321	0.01753	0.03648	0.01819	0.01272	0.00860	0.00889	0.00201	0.14426	0.05101	0.00379	0.00749
15	0.01023	0.00804	0.01037	0.00991	0.01174	0.00866	0.00756	0.01435	0.10269	0.01708	0.02438	0.03046	0.10665	0.09905	0.44340	0.00726	0.01211	0.00781	0.00425	0.06401
16	0.05788	0.04703	0.07977	0.00978	0.01355	0.00937	0.00853	0.01554	0.03801	0.05113	0.15555	0.05538	0.12237	0.07676	0.00863	0.00219	0.00500	0.03548	0.00502	0.20303

[dist]
# distance from previous block
# <min> <max>
6	23

[block]
# block no. 6 follows, 34 sequences, length 98
# corresponding to MSA columns:
# 453-550
name=unknown_G
#
# <colnr> <probs for GDERKNQSTAVLIFYWHMCP>
#	G	D	E	R	K	N	Q	S	T	A	V	L	I	F	Y	W	H	M	C	P
0	0.01689	0.05279	0.04396	0.02048	0.18860	0.09187	0.04069	0.12076	0.09495	0.02332	0.07484	0.01957	0.03267	0.00804	0.00833	0.00201	0.10707	0.00630	0.00440	0.04246
1	0.01941	0.39927	0.05013	0.01518	0.05672	0.28838	0.01263	0.02158	0.01496	0.01593	0.00958	0.01144	0.00841	0.00627	0.00582	0.00161	0.04758	0.00399	0.00300	0.00808
2	0.01616	0.01368	0.01440	0.01278	0.01645	0.01559	0.00999	0.09276	0.60366	0.02750	0.02842	0.02634	0.07491	0.00927	0.00665	0.00217	0.00515	0.00767	0.00652	0.00992
3	0.01542	0.02301	0.28910	0.02541	0.16435	0.03930	0.27609	0.02106	0.01480	0.05041	0.01278	0.01578	0.00951	0.00590	0.00674	0.00206	0.00959	0.00607	0.00326	0.00936
4	0.00786	0.00567	0.00745	0.00888	0.00934	0.00526	0.00595	0.00901	0.01248	0.01654	0.03703	0.73512	0.07541	0.02006	0.00822	0.00260	0.00373	0.01814	0.00600	0.00526
5	0.00948	0.00670	0.00926	0.00926	0.01016	0.00749	0.00681	0.01128	0.01038	0.01507	0.01832	0.02938	0.01796	0.22086	0.52011	0.00874	0.01359	0.00746	0.06239	0.00534
