[name]
unknown

[dist]
# distance from previous block
# <min> <max>
0	0

[block]
# block no. 0 follows, 33 sequences, length 23
# corresponding to MSA columns:
# 0-22
name=unknown_A
#
# <colnr> <probs for GDERKNQSTAVLIFYWHMCP>
#	G	D	E	R	K	N	Q	S	T	A	V	L	I	F	Y	W	H	M	C	P
0	0.01061	0.00758	0.01061	0.01212	0.01364	0.00758	0.01061	0.01364	0.01515	0.01970	0.03486	0.07426	0.03789	0.01819	0.00909	0.00303	0.00606	0.68326	0.00606	0.00606
1	0.00940	0.00705	0.01058	0.01058	0.01176	0.00823	0.00823	0.01176	0.01058	0.01528	0.01763	0.02586	0.01646	0.04937	0.74255	0.01058	0.01763	0.00705	0.00353	0.00588
2	0.66198	0.01209	0.00968	0.00874	0.01250	0.01392	0.00710	0.02011	0.06636	0.02882	0.01193	0.01334	0.00924	0.00651	0.00434	0.00200	0.00487	0.00416	0.09504	0.00727
3	0.01733	0.72769	0.07707	0.01172	0.01760	0.02539	0.01206	0.01978	0.01341	0.01581	0.00931	0.01076	0.00844	0.00567	0.00435	0.00145	0.00720	0.00360	0.00281	0.00853
4	0.00825	0.00590	0.00788	0.00926	0.00978	0.00553	0.00635	0.00964	0.01317	0.01765	0.08563	0.67674	0.04458	0.01998	0.00839	0.00265	0.00389	0.05311	0.00619	0.00545
5	0.18862	0.01192	0.01425	0.01123	0.01600	0.01143	0.00925	0.08123	0.01822	0.50956	0.04702	0.02047	0.01569	0.00791	0.00614	0.00203	0.00554	0.00613	0.00716	0.01019
6	0.02433	0.06145	0.01941	0.01657	0.02021	0.65131	0.01264	0.08322	0.01947	0.01822	0.01061	0.01215	0.00871	0.00683	0.00592	0.00171	0.01128	0.00435	0.00364	0.00797
7	0.01629	0.01564	0.02672	0.04041	0.72757	0.01564	0.02020	0.02020	0.01499	0.02151	0.01238	0.01629	0.01043	0.00587	0.00652	0.00196	0.00782	0.00587	0.00326	0.01043
8	0.00802	0.00573	0.00764	0.00917	0.00955	0.00535	0.00611	0.00917	0.01260	0.01681	0.03628	0.76434	0.04354	0.02062	0.00840	0.00267	0.00382	0.01872	0.00611	0.00535
9	0.00884	0.00671	0.00814	0.00779	0.00954	0.00601	0.00584	0.01151	0.01752	0.02375	0.52158	0.05354	0.26629	0.01445	0.00777	0.00212	0.00318	0.01252	0.00690	0.00601
10	0.00824	0.00610	0.00806	0.03640	0.01083	0.00576	0.00646	0.00968	0.01323	0.01749	0.08019	0.62430	0.11035	0.01928	0.00824	0.00257	0.00391	0.01735	0.00606	0.00549
11	0.01320	0.03405	0.73453	0.01876	0.02849	0.01529	0.02432	0.02085	0.01390	0.02085	0.01181	0.01390	0.00834	0.00625	0.00625	0.00208	0.00973	0.00486	0.00278	0.00973
12	0.02954	0.01120	0.01528	0.01171	0.01681	0.00968	0.00968	0.03208	0.01884	0.73213	0.02597	0.02241	0.01630	0.00815	0.00662	0.00204	0.00560	0.00662	0.00815	0.01120
13	0.01629	0.01564	0.02672	0.04041	0.72757	0.01564	0.02020	0.02020	0.01499	0.02151	0.01238	0.01629	0.01043	0.00587	0.00652	0.00196	0.00782	0.00587	0.00326	0.01043
14	0.01243	0.01170	0.01975	0.75282	0.04534	0.01463	0.01828	0.01682	0.01316	0.01682	0.01170	0.01755	0.00878	0.00658	0.00658	0.00219	0.00878	0.00585	0.00293	0.00731
15	0.01946	0.01379	0.01523	0.01316	0.01724	0.01527	0.01039	0.07115	0.53999	0.16801	0.02603	0.02365	0.01885	0.00872	0.00668	0.00218	0.00540	0.00720	0.00698	0.01062
16	0.01600	0.07254	0.10143	0.02793	0.22511	0.01697	0.32085	0.02064	0.01474	0.04175	0.01263	0.01633	0.00992	0.00626	0.00806	0.00212	0.06764	0.00645	0.00333	0.00931
17	0.01545	0.01733	0.03646	0.02709	0.05687	0.01698	0.60748	0.02051	0.01495	0.02055	0.01280	0.01736	0.00986	0.00619	0.00918	0.00228	0.08914	0.00749	0.00328	0.00876
18	0.00802	0.00573	0.00764	0.00917	0.00955	0.00535	0.00611	0.00917	0.01260	0.01681	0.03628	0.76434	0.04354	0.02062	0.00840	0.00267	0.00382	0.01872	0.00611	0.00535
19	0.02099	0.02101	0.01789	0.01543	0.01889	0.33045	0.04456	0.14266	0.04539	0.07300	0.03676	0.01937	0.01375	0.01319	0.09803	0.00302	0.04186	0.03078	0.00463	0.00834
20	0.06114	0.01881	0.04591	0.07842	0.02279	0.16946	0.10397	0.17716	0.04937	0.08130	0.01594	0.07417	0.01312	0.00835	0.00745	0.00210	0.05018	0.00675	0.00479	0.00883
21	0.07504	0.01428	0.01914	0.36953	0.09290	0.03576	0.01530	0.18126	0.03948	0.07390	0.01396	0.01694	0.01023	0.00698	0.00639	0.00209	0.00782	0.00576	0.00439	0.00886
22	0.10195	0.02025	0.01874	0.03387	0.02031	0.18888	0.03166	0.37595	0.04196	0.03118	0.01354	0.01458	0.01015	0.00743	0.00673	0.00194	0.03631	0.00532	0.00518	0.03405

[dist]
# distance from previous block
# <min> <max>
0	16

[block]
# block no. 1 follows, 33 sequences, length 33
# corresponding to MSA columns:
# 39-71
name=unknown_B
#
# <colnr> <probs for GDERKNQSTAVLIFYWHMCP>
#	G	D	E	R	K	N	Q	S	T	A	V	L	I	F	Y	W	H	M	C	P
0	0.01713	0.03378	0.12664	0.01467	0.01921	0.06306	0.07245	0.12903	0.09896	0.09961	0.11862	0.06291	0.02131	0.01213	0.06241	0.00273	0.02348	0.00763	0.00536	0.00887
1	0.01659	0.01718	0.05089	0.05917	0.17457	0.07355	0.22139	0.05571	0.11549	0.03802	0.01613	0.06045	0.01334	0.00763	0.00780	0.00216	0.04937	0.00725	0.00416	0.00915
2	0.00801	0.00579	0.00758	0.00901	0.00951	0.00536	0.00604	0.00918	0.01275	0.01687	0.03819	0.72042	0.08623	0.02038	0.00836	0.00265	0.00379	0.01841	0.00611	0.00536
3	0.01414	0.01199	0.01391	0.00998	0.01581	0.00928	0.00800	0.04617	0.01439	0.02231	0.01188	0.01374	0.00981	0.00501	0.00495	0.00102	0.00498	0.00399	0.00402	0.77462
4	0.01129	0.00787	0.01054	0.01143	0.01320	0.00781	0.00970	0.01499	0.05173	0.04811	0.10671	0.08787	0.07157	0.01684	0.00865	0.00280	0.00550	0.50064	0.00630	0.00645
5	0.00982	0.00755	0.01090	0.01067	0.01160	0.00894	0.00817	0.01180	0.01041	0.01500	0.01732	0.02719	0.01681	0.13998	0.59285	0.00942	0.07502	0.00728	0.00354	0.00574
6	0.01669	0.01881	0.02760	0.02154	0.02489	0.14743	0.29845	0.01987	0.01386	0.01805	0.01084	0.01534	0.00917	0.00821	0.01310	0.00240	0.31628	0.00632	0.00316	0.00797
7	0.01557	0.43095	0.35833	0.01473	0.02226	0.02107	0.01731	0.02024	0.01362	0.01797	0.01038	0.01210	0.00840	0.00592	0.00516	0.00172	0.00828	0.00414	0.00280	0.00904
8	0.01428	0.21495	0.56307	0.01693	0.02565	0.01792	0.02112	0.02057	0.01377	0.01954	0.01116	0.01308	0.00837	0.00610	0.00576	0.00192	0.00907	0.00454	0.00279	0.00942
9	0.00830	0.00614	0.00782	0.00906	0.00993	0.00566	0.00646	0.00978	0.01338	0.01735	0.04189	0.54516	0.17245	0.01957	0.00837	0.00263	0.00401	0.10046	0.00611	0.00548
10	0.00887	0.00671	0.00817	0.00781	0.00956	0.00602	0.00586	0.01155	0.01757	0.02386	0.53064	0.05335	0.25716	0.01440	0.00777	0.00212	0.00317	0.01249	0.00691	0.00602
11	0.01376	0.01390	0.02230	0.56964	0.05949	0.06070	0.10474	0.01801	0.01375	0.01741	0.01172	0.01708	0.00895	0.00662	0.00723	0.00218	0.03591	0.00599	0.00301	0.00761
12	0.15066	0.05449	0.01748	0.01595	0.06104	0.44057	0.01161	0.06486	0.01755	0.02073	0.04994	0.04099	0.01269	0.00749	0.00583	0.00183	0.00928	0.00523	0.00397	0.00781
13	0.00837	0.00708	0.00729	0.00716	0.00941	0.00620	0.00539	0.01107	0.05348	0.01900	0.11643	0.06012	0.63414	0.01600	0.00772	0.00221	0.00342	0.01339	0.00623	0.00587
14	0.00808	0.00597	0.00756	0.00865	0.00946	0.00545	0.00592	0.00948	0.01351	0.01774	0.09635	0.58343	0.16560	0.01936	0.00824	0.00255	0.00368	0.01732	0.00620	0.00545
15	0.01585	0.01556	0.02476	0.18974	0.50362	0.05012	0.03814	0.02033	0.04000	0.02046	0.01268	0.01669	0.01032	0.00616	0.00654	0.00201	0.00821	0.00589	0.00332	0.00959
16	0.01320	0.03405	0.73453	0.01876	0.02849	0.01529	0.02432	0.02085	0.01390	0.02085	0.01181	0.01390	0.00834	0.00625	0.00625	0.00208	0.00973	0.00486	0.00278	0.00973
17	0.00904	0.00672	0.00841	0.00799	0.00966	0.00609	0.00599	0.01188	0.01798	0.02484	0.60478	0.05175	0.18241	0.01404	0.00777	0.00210	0.00315	0.01227	0.00704	0.00609
18	0.17894	0.05361	0.05617	0.05969	0.01983	0.07901	0.01184	0.26084	0.11880	0.05463	0.03486	0.01660	0.01257	0.00748	0.00595	0.00200	0.00697	0.00554	0.00529	0.00938
19	0.01743	0.01882	0.03429	0.02505	0.03101	0.09115	0.54850	0.05508	0.01654	0.04883	0.01344	0.01712	0.01009	0.00610	0.00796	0.00217	0.03666	0.00720	0.00366	0.00889
20	0.00802	0.00573	0.00764	0.00917	0.00955	0.00535	0.00611	0.00917	0.01260	0.01681	0.03628	0.76434	0.04354	0.02062	0.00840	0.00267	0.00382	0.01872	0.00611	0.00535
21	0.04056	0.01522	0.02584	0.17798	0.43521	0.01586	0.10391	0.06647	0.01567	0.02213	0.01250	0.01652	0.01000	0.00612	0.00662	0.00204	0.00830	0.00603	0.00345	0.00957
22	0.01516	0.01506	0.02509	0.29421	0.38578	0.04443	0.08663	0.01932	0.01453	0.01957	0.01214	0.01671	0.00971	0.00613	0.00664	0.00206	0.00865	0.00598	0.00315	0.00904
23	0.02390	0.07057	0.01941	0.01643	0.02004	0.64493	0.01254	0.05378	0.04674	0.01756	0.01101	0.01247	0.00905	0.00685	0.00590	0.00171	0.01115	0.00440	0.00362	0.00793
24	0.02222	0.01194	0.01445	0.01191	0.01606	0.01189	0.00954	0.10153	0.19689	0.36051	0.08797	0.05517	0.05058	0.00962	0.00685	0.00212	0.00530	0.00798	0.00737	0.01011
25	0.01472	0.20615	0.54055	0.01694	0.02544	0.04902	0.02078	0.02082	0.01398	0.01940	0.01112	0.01303	0.00837	0.00613	0.00577	0.00191	0.00919	0.00452	0.00281	0.00934
26	0.00939	0.00673	0.00912	0.00920	0.00989	0.00737	0.00649	0.01078	0.01031	0.01440	0.01984	0.07269	0.02079	0.32245	0.43179	0.00855	0.01258	0.00865	0.00384	0.00513
27	0.00824	0.00582	0.00757	0.00888	0.00921	0.00549	0.00581	0.00922	0.01217	0.01623	0.03407	0.66171	0.04075	0.12706	0.01198	0.00320	0.00418	0.01741	0.00581	0.00515
28	0.01539	0.01465	0.02460	0.20681	0.53841	0.01543	0.01936	0.02001	0.04293	0.02065	0.01281	0.01692	0.01043	0.00616	0.00654	0.00202	0.00794	0.00593	0.00332	0.00970
29	0.01566	0.05930	0.43019	0.01757	0.02499	0.04963	0.08315	0.05866	0.03420	0.07207	0.01554	0.06309	0.01254	0.00770	0.00656	0.00211	0.00882	0.02504	0.00385	0.00932
30	0.01578	0.01873	0.06155	0.02496	0.03093	0.07675	0.55468	0.02081	0.01576	0.02083	0.05739	0.01898	0.01302	0.00636	0.00798	0.00218	0.03360	0.00756	0.00355	0.00859
31	0.05335	0.01997	0.15155	0.02564	0.07522	0.01626	0.49058	0.02139	0.03933	0.02170	0.01328	0.01692	0.00996	0.00583	0.00723	0.00217	0.01017	0.00696	0.00339	0.00909
32	0.01481	0.09157	0.25274	0.01911	0.04115	0.04963	0.21994	0.03290	0.01514	0.04214	0.04232	0.09572	0.03688	0.00817	0.00685	0.00210	0.00872	0.00764	0.00383	0.00864

[dist]
# distance from previous block
# <min> <max>
0	16

[block]
# block no. 2 follows, 33 sequences, length 46
# corresponding to MSA columns:
# 88-133
name=unknown_C
#
# <colnr> <probs for GDERKNQSTAVLIFYWHMCP>
#	G	D	E	R	K	N	Q	S	T	A	V	L	I	F	Y	W	H	M	C	P
0	0.10354	0.31546	0.16198	0.01474	0.02058	0.16553	0.05385	0.05986	0.01542	0.01992	0.01048	0.01219	0.00854	0.00616	0.00528	0.00174	0.00856	0.00431	0.00330	0.00857
1	0.12599	0.36324	0.07328	0.01308	0.01833	0.14712	0.01206	0.13874	0.01706	0.02230	0.01066	0.01193	0.00874	0.00633	0.00504	0.00169	0.00784	0.00416	0.00373	0.00869
2	0.01658	0.05025	0.02592	0.09882	0.58889	0.06550	0.01913	0.02031	0.01501	0.02047	0.01203	0.01584	0.01006	0.00598	0.00638	0.00193	0.00814	0.00565	0.00322	0.00988
3	0.00994	0.00689	0.00875	0.00845	0.01018	0.00627	0.00640	0.01263	0.01739	0.05548	0.49530	0.10820	0.16406	0.01456	0.00784	0.00219	0.00347	0.04879	0.00695	0.00625
4	0.02123	0.01171	0.01479	0.06653	0.01794	0.01183	0.01023	0.17223	0.05732	0.29955	0.06549	0.08263	0.02115	0.03512	0.00851	0.03010	0.00595	0.05174	0.00668	0.00927
5	0.01553	0.01526	0.02655	0.12622	0.48896	0.01610	0.09754	0.01943	0.01432	0.02028	0.01202	0.01642	0.00999	0.00650	0.00823	0.00211	0.08577	0.00607	0.00319	0.00953
6	0.01227	0.00614	0.00614	0.00614	0.00767	0.00614	0.00460	0.01534	0.01381	0.02454	0.02148	0.02454	0.01687	0.00767	0.00460	0.00153	0.00307	0.00614	0.80518	0.00614
7	0.01537	0.01743	0.03781	0.06691	0.03500	0.01654	0.66664	0.02086	0.01541	0.02086	0.01323	0.01775	0.00992	0.00561	0.00771	0.00222	0.01097	0.00767	0.00331	0.00879
8	0.01129	0.01003	0.01348	0.01246	0.01399	0.06365	0.05144	0.01361	0.01139	0.01562	0.01628	0.02427	0.01523	0.07459	0.55440	0.00862	0.07306	0.00691	0.00348	0.00620
9	0.00954	0.00642	0.00737	0.00731	0.00748	0.00636	0.00424	0.00990	0.01061	0.01432	0.10120	0.04378	0.02830	0.68226	0.03056	0.00589	0.00601	0.00984	0.00436	0.00424
10	0.00932	0.00673	0.00880	0.00828	0.00984	0.00621	0.00621	0.01242	0.01863	0.02640	0.72410	0.04918	0.06212	0.01346	0.00776	0.00207	0.00311	0.01191	0.00725	0.00621
11	0.01947	0.01670	0.01564	0.01385	0.01766	0.13898	0.01083	0.06245	0.46258	0.10654	0.02366	0.02348	0.01790	0.00875	0.00664	0.00214	0.00651	0.03003	0.00627	0.00992
12	0.00991	0.00674	0.00896	0.01011	0.01107	0.00648	0.00746	0.03291	0.01398	0.04384	0.03495	0.55832	0.04027	0.01923	0.00844	0.00271	0.00450	0.16802	0.00619	0.00590
13	0.00800	0.00580	0.00757	0.00898	0.00950	0.00536	0.00603	0.00919	0.01278	0.01688	0.03852	0.71269	0.09374	0.02033	0.00836	0.00264	0.00378	0.01836	0.00611	0.00536
14	0.01373	0.00754	0.00769	0.00717	0.00913	0.00777	0.00551	0.09430	0.01577	0.02648	0.02083	0.02354	0.01622	0.00770	0.00483	0.00158	0.00355	0.00611	0.71384	0.00671
15	0.00986	0.00712	0.00971	0.01113	0.01244	0.00696	0.00927	0.01239	0.01459	0.01895	0.03724	0.22353	0.08389	0.01862	0.00886	0.00290	0.00540	0.49521	0.00608	0.00587
16	0.01320	0.03405	0.73453	0.01876	0.02849	0.01529	0.02432	0.02085	0.01390	0.02085	0.01181	0.01390	0.00834	0.00625	0.00625	0.00208	0.00973	0.00486	0.00278	0.00973
17	0.01243	0.01170	0.01975	0.75282	0.04534	0.01463	0.01828	0.01682	0.01316	0.01682	0.01170	0.01755	0.00878	0.00658	0.00658	0.00219	0.00878	0.00585	0.00293	0.00731
18	0.02459	0.03138	0.01866	0.01696	0.02035	0.74221	0.01272	0.02629	0.01866	0.01611	0.01018	0.01187	0.00848	0.00678	0.00594	0.00170	0.01187	0.00424	0.00339	0.00763
19	0.01629	0.01564	0.02672	0.04041	0.72757	0.01564	0.02020	0.02020	0.01499	0.02151	0.01238	0.01629	0.01043	0.00587	0.00652	0.00196	0.00782	0.00587	0.00326	0.01043
20	0.01243	0.01170	0.01975	0.75282	0.04534	0.01463	0.01828	0.01682	0.01316	0.01682	0.01170	0.01755	0.00878	0.00658	0.00658	0.00219	0.00878	0.00585	0.00293	0.00731
21	0.04523	0.00641	0.00628	0.00624	0.00788	0.00649	0.00471	0.01550	0.01370	0.02475	0.02097	0.02398	0.01647	0.00761	0.00458	0.00155	0.00315	0.00603	0.77230	0.00618
22	0.00802	0.00573	0.00764	0.00917	0.00955	0.00535	0.00611	0.00917	0.01260	0.01681	0.03628	0.76434	0.04354	0.02062	0.00840	0.00267	0.00382	0.01872	0.00611	0.00535
23	0.00840	0.00600	0.00808	0.00960	0.01015	0.00568	0.00678	0.00983	0.01298	0.01723	0.03607	0.66208	0.04270	0.02026	0.00851	0.00273	0.00415	0.11720	0.00610	0.00545
24	0.08060	0.01130	0.01491	0.01151	0.01654	0.01001	0.00951	0.03126	0.01835	0.68646	0.02488	0.02165	0.01570	0.00802	0.00645	0.00204	0.00557	0.00642	0.00788	0.01094
25	0.00940	0.00705	0.01058	0.01058	0.01176	0.00823	0.00823	0.01176	0.01058	0.01528	0.01763	0.02586	0.01646	0.04937	0.74255	0.01058	0.01763	0.00705	0.00353	0.00588
26	0.01526	0.01970	0.12156	0.02668	0.03370	0.01649	0.62289	0.02106	0.01534	0.02106	0.01314	0.01730	0.00979	0.00563	0.00759	0.00220	0.01094	0.00742	0.00326	0.00898
27	0.01559	0.01492	0.02545	0.17031	0.60317	0.01546	0.01985	0.01959	0.01466	0.02065	0.01226	0.01652	0.01013	0.00600	0.00653	0.00200	0.00800	0.00586	0.00320	0.00986
28	0.00936	0.00687	0.00890	0.00998	0.01094	0.00677	0.00732	0.01239	0.06914	0.01890	0.08969	0.48814	0.04147	0.03928	0.00905	0.00277	0.00440	0.15253	0.00618	0.00593
29	0.01243	0.01170	0.01975	0.75282	0.04534	0.01463	0.01828	0.01682	0.01316	0.01682	0.01170	0.01755	0.00878	0.00658	0.00658	0.00219	0.00878	0.00585	0.00293	0.00731
30	0.02315	0.01679	0.01773	0.01406	0.01878	0.03799	0.01145	0.49175	0.13014	0.08577	0.01839	0.01807	0.01320	0.00803	0.00645	0.00198	0.00666	0.00617	0.06282	0.01063
31	0.01668	0.60368	0.17010	0.01328	0.01974	0.02364	0.03766	0.01998	0.01355	0.01672	0.00981	0.01145	0.00848	0.00575	0.00474	0.00157	0.00770	0.00393	0.00283	0.00871
32	0.01252	0.00803	0.00990	0.00977	0.01213	0.00750	0.00790	0.01590	0.05973	0.12407	0.11075	0.09475	0.26759	0.01530	0.00797	0.00245	0.00462	0.21568	0.00654	0.00689
33	0.00800	0.00580	0.00757	0.00898	0.00950	0.00536	0.00603	0.00919	0.01278	0.01688	0.03852	0.71269	0.09374	0.02033	0.00836	0.00264	0.00378	0.01836	0.00611	0.00536
34	0.04016	0.68192	0.03254	0.01242	0.04317	0.04119	0.01146	0.02027	0.01367	0.03936	0.00984	0.01119	0.00874	0.00576	0.00442	0.00147	0.00708	0.00373	0.00305	0.00856
35	0.04339	0.01643	0.01919	0.03452	0.12049	0.03793	0.01285	0.39035	0.06576	0.15049	0.01733	0.01781	0.01247	0.02207	0.00702	0.00208	0.00703	0.00608	0.00609	0.01061
36	0.00932	0.00709	0.00980	0.01032	0.01161	0.00671	0.03836	0.01127	0.01375	0.01789	0.05518	0.31419	0.14397	0.09489	0.01105	0.00306	0.00502	0.22510	0.00578	0.00565
37	0.02279	0.01014	0.01316	0.01062	0.01471	0.00904	0.00858	0.04244	0.04140	0.48157	0.14388	0.03218	0.11964	0.01018	0.00696	0.00207	0.00492	0.00847	0.00764	0.00961
38	0.01144	0.00572	0.00858	0.00858	0.00858	0.00572	0.00572	0.00858	0.00858	0.01144	0.01144	0.02001	0.01144	0.02287	0.02573	0.80846	0.00572	0.00572	0.00286	0.00286
39	0.04869	0.21498	0.21759	0.01526	0.02107	0.25602	0.01507	0.07942	0.01665	0.02011	0.01113	0.01275	0.00885	0.00645	0.00554	0.00176	0.00919	0.00440	0.02644	0.00865
40	0.08088	0.02549	0.01824	0.05945	0.04991	0.49266	0.01270	0.07965	0.01808	0.01973	0.01078	0.01280	0.00878	0.00682	0.00636	0.00178	0.03441	0.00452	0.00368	0.05328
41	0.02336	0.11796	0.02064	0.01623	0.01982	0.59967	0.01261	0.05151	0.01816	0.01701	0.01021	0.01197	0.00859	0.00689	0.00640	0.00172	0.04169	0.00428	0.00343	0.00785
42	0.67351	0.04130	0.01100	0.00911	0.01311	0.04296	0.00749	0.03789	0.01240	0.02796	0.01363	0.01476	0.06023	0.00695	0.00449	0.00201	0.00536	0.00442	0.00422	0.00719
43	0.04149	0.01109	0.06397	0.01162	0.01404	0.02899	0.00983	0.05969	0.08767	0.02145	0.05073	0.26934	0.06998	0.01548	0.00788	0.00256	0.00552	0.21589	0.00583	0.00695
44	0.06213	0.46321	0.15552	0.01299	0.01908	0.07491	0.01336	0.04732	0.01460	0.03983	0.01056	0.01193	0.00875	0.00599	0.00489	0.00161	0.00766	0.00402	0.00327	0.03837
45	0.01389	0.03289	0.01152	0.01034	0.01256	0.06280	0.00779	0.06552	0.04813	0.08849	0.05129	0.22286	0.11503	0.12486	0.01125	0.00288	0.00553	0.07357	0.00572	0.03306

[dist]
# distance from previous block
# <min> <max>
2	12

[block]
# block no. 3 follows, 33 sequences, length 27
# corresponding to MSA columns:
# 147-173
name=unknown_D
#
# <colnr> <probs for GDERKNQSTAVLIFYWHMCP>
#	G	D	E	R	K	N	Q	S	T	A	V	L	I	F	Y	W	H	M	C	P
0	0.06897	0.03925	0.07403	0.05480	0.02565	0.01476	0.34558	0.01803	0.01369	0.01985	0.04081	0.03656	0.01374	0.06122	0.08209	0.00332	0.06895	0.00735	0.00355	0.00780
1	0.05122	0.34884	0.18026	0.01327	0.01907	0.08819	0.01355	0.05288	0.01560	0.06899	0.07869	0.01612	0.01410	0.00692	0.00543	0.00174	0.00754	0.00500	0.00388	0.00870
2	0.02094	0.06845	0.01784	0.01358	0.01785	0.08116	0.01103	0.29774	0.16858	0.09896	0.02019	0.02030	0.03965	0.01227	0.07860	0.00282	0.00793	0.00640	0.00590	0.00980
3	0.10941	0.02018	0.01716	0.01431	0.01869	0.23277	0.01136	0.25869	0.10220	0.12725	0.01610	0.01601	0.01168	0.00753	0.00614	0.00194	0.00793	0.00544	0.00560	0.00961
4	0.05042	0.26052	0.09298	0.01437	0.01918	0.29777	0.01284	0.09081	0.01740	0.01996	0.04142	0.01504	0.01164	0.00701	0.00558	0.00173	0.00892	0.02034	0.00372	0.00834
5	0.00801	0.00579	0.00758	0.00902	0.00951	0.00536	0.00604	0.00918	0.01275	0.01686	0.03811	0.72233	0.08438	0.02039	0.00837	0.00265	0.00379	0.01843	0.00611	0.00536
6	0.02445	0.01815	0.01943	0.01503	0.02020	0.02015	0.01237	0.66090	0.07661	0.04056	0.01654	0.01639	0.01179	0.00797	0.00659	0.00199	0.00711	0.00603	0.00659	0.01114
7	0.01426	0.01382	0.01889	0.05099	0.01834	0.01791	0.01337	0.01671	0.03651	0.01723	0.00995	0.01480	0.00925	0.01011	0.01762	0.00251	0.57125	0.00552	0.00319	0.13776
8	0.01589	0.08763	0.04452	0.01813	0.02211	0.08717	0.22144	0.01915	0.01387	0.04965	0.01339	0.01874	0.01147	0.01273	0.09778	0.00316	0.16502	0.03182	0.00356	0.06276
9	0.01320	0.03405	0.73453	0.01876	0.02849	0.01529	0.02432	0.02085	0.01390	0.02085	0.01181	0.01390	0.00834	0.00625	0.00625	0.00208	0.00973	0.00486	0.00278	0.00973
10	0.01495	0.01879	0.10607	0.02597	0.03264	0.01597	0.60330	0.02050	0.01524	0.02086	0.01427	0.05298	0.01143	0.00634	0.00765	0.00223	0.01062	0.00800	0.00341	0.00879
11	0.01346	0.07638	0.69441	0.01833	0.02783	0.01591	0.02357	0.02078	0.01387	0.02054	0.01166	0.01371	0.00835	0.00622	0.00614	0.00205	0.00958	0.00479	0.00278	0.00966
12	0.00940	0.00705	0.01058	0.01058	0.01176	0.00823	0.00823	0.01176	0.01058	0.01528	0.01763	0.02586	0.01646	0.04937	0.74255	0.01058	0.01763	0.00705	0.00353	0.00588
13	0.00833	0.00600	0.00794	0.00930	0.00993	0.00562	0.00650	0.00977	0.01325	0.01759	0.07037	0.62972	0.07580	0.01986	0.00841	0.00266	0.00398	0.08332	0.00616	0.00547
14	0.01626	0.01621	0.02412	0.14414	0.52197	0.08635	0.01873	0.01998	0.01508	0.02019	0.01312	0.01877	0.01127	0.00664	0.00659	0.00202	0.00828	0.03745	0.00335	0.00948
15	0.01430	0.14266	0.51349	0.01996	0.07394	0.01707	0.08869	0.02066	0.01405	0.02011	0.01160	0.01393	0.00866	0.00607	0.00611	0.00199	0.00933	0.00501	0.00287	0.00950
16	0.00940	0.00705	0.01058	0.01058	0.01176	0.00823	0.00823	0.01176	0.01058	0.01528	0.01763	0.02586	0.01646	0.04937	0.74255	0.01058	0.01763	0.00705	0.00353	0.00588
17	0.06423	0.01422	0.01674	0.01543	0.08666	0.01503	0.01123	0.30529	0.08946	0.16977	0.02038	0.08871	0.01609	0.00894	0.00654	0.00206	0.00614	0.00729	0.04578	0.01003
18	0.04703	0.23293	0.15021	0.01986	0.02632	0.09012	0.30262	0.02111	0.01480	0.01931	0.01144	0.01426	0.00903	0.00583	0.00620	0.00191	0.00958	0.00559	0.00313	0.00871
19	0.00800	0.00579	0.00757	0.00899	0.00950	0.00536	0.00603	0.00919	0.01277	0.01687	0.03838	0.71599	0.09054	0.02035	0.00836	0.00264	0.00379	0.01838	0.00611	0.00536
20	0.00801	0.00630	0.00723	0.00780	0.00923	0.00553	0.00554	0.00959	0.01436	0.01813	0.11058	0.33989	0.39854	0.01797	0.00803	0.00239	0.00351	0.01563	0.00621	0.00553
21	0.01857	0.08889	0.01749	0.01331	0.01752	0.01741	0.01073	0.12381	0.50632	0.07684	0.02352	0.02186	0.01749	0.00842	0.00644	0.00210	0.00569	0.00680	0.00640	0.01039
22	0.01619	0.53572	0.25902	0.01367	0.02062	0.02260	0.01545	0.02008	0.01354	0.01721	0.01001	0.01163	0.00841	0.00583	0.00488	0.00163	0.00790	0.00395	0.00280	0.00886
23	0.00900	0.00643	0.00876	0.01028	0.01110	0.00619	0.00781	0.01086	0.01357	0.01790	0.03574	0.50347	0.04140	0.01970	0.00866	0.00281	0.00467	0.26993	0.00609	0.00562
24	0.01711	0.01709	0.02519	0.03643	0.61404	0.08693	0.01886	0.02172	0.05893	0.02135	0.01306	0.01637	0.01084	0.00615	0.00647	0.00195	0.00806	0.00580	0.00349	0.01015
25	0.07166	0.01701	0.01822	0.01423	0.01920	0.01872	0.01169	0.55465	0.07852	0.08230	0.03634	0.01747	0.01332	0.00804	0.00648	0.00200	0.00675	0.00610	0.00656	0.01076
26	0.68412	0.01569	0.10393	0.01019	0.01504	0.01503	0.00954	0.04310	0.01223	0.02882	0.00974	0.01128	0.00743	0.00619	0.00444	0.00204	0.00577	0.00381	0.00399	0.00761

[dist]
# distance from previous block
# <min> <max>
0	2

[block]
# block no. 4 follows, 33 sequences, length 64
# corresponding to MSA columns:
# 176-239
name=unknown_E
#
# <colnr> <probs for GDERKNQSTAVLIFYWHMCP>
#	G	D	E	R	K	N	Q	S	T	A	V	L	I	F	Y	W	H	M	C	P
0	0.01469	0.20957	0.37285	0.01517	0.02210	0.01634	0.03940	0.03799	0.01456	0.05388	0.03316	0.08648	0.04061	0.00812	0.00612	0.00198	0.00790	0.00654	0.00371	0.00885
1	0.00878	0.00595	0.00815	0.00923	0.00966	0.00581	0.00632	0.00950	0.01177	0.01580	0.03013	0.53213	0.03519	0.05604	0.09099	0.11519	0.00574	0.03331	0.00529	0.00502
2	0.02109	0.01320	0.01521	0.01264	0.01680	0.01385	0.01021	0.20026	0.22903	0.22865	0.07774	0.02772	0.05062	0.00958	0.00689	0.00214	0.00564	0.04154	0.00706	0.01010
3	0.01807	0.60872	0.10062	0.01252	0.01845	0.04546	0.01269	0.08409	0.01522	0.01846	0.01006	0.01141	0.00870	0.00594	0.00469	0.00154	0.00746	0.00390	0.00318	0.00881
4	0.00803	0.00668	0.00702	0.00694	0.00905	0.00567	0.00520	0.00994	0.01560	0.01921	0.17519	0.06102	0.61551	0.01614	0.00778	0.00220	0.00330	0.01357	0.00630	0.00567
5	0.01719	0.70360	0.09990	0.01197	0.01798	0.02504	0.01248	0.01982	0.01343	0.01599	0.00940	0.01087	0.00844	0.00569	0.00441	0.00147	0.00729	0.00365	0.00281	0.00857
6	0.00798	0.00588	0.00749	0.00878	0.00945	0.00538	0.00594	0.00921	0.01298	0.01696	0.04104	0.65478	0.15003	0.02001	0.00831	0.00260	0.00374	0.01796	0.00611	0.00538
7	0.02260	0.01641	0.01794	0.01443	0.01910	0.01806	0.01188	0.50556	0.13242	0.07220	0.01976	0.02292	0.01529	0.00903	0.00684	0.00212	0.00674	0.06947	0.00663	0.01060
8	0.81514	0.01273	0.00968	0.00866	0.01273	0.01477	0.00713	0.01935	0.01120	0.02954	0.00917	0.01069	0.00713	0.00611	0.00407	0.00204	0.00509	0.00356	0.00407	0.00713
9	0.02395	0.01901	0.01904	0.01510	0.01997	0.08716	0.01234	0.57633	0.07272	0.03750	0.01662	0.01796	0.01240	0.00821	0.00662	0.00200	0.00751	0.02865	0.00628	0.01064
10	0.00834	0.00596	0.00801	0.00953	0.01006	0.00562	0.00667	0.00972	0.01292	0.01717	0.03611	0.67842	0.04284	0.02032	0.00849	0.00272	0.00410	0.10145	0.00610	0.00544
11	0.01596	0.06805	0.05976	0.01427	0.03825	0.08306	0.03440	0.04701	0.37228	0.02476	0.12315	0.02590	0.04678	0.00902	0.00665	0.00208	0.00620	0.00750	0.00573	0.00918
12	0.01365	0.01170	0.01365	0.00975	0.01560	0.00878	0.00780	0.01658	0.01365	0.02145	0.01170	0.01365	0.00975	0.00488	0.00488	0.00098	0.00488	0.00390	0.00390	0.80888
13	0.01365	0.01170	0.01365	0.00975	0.01560	0.00878	0.00780	0.01658	0.01365	0.02145	0.01170	0.01365	0.00975	0.00488	0.00488	0.00098	0.00488	0.00390	0.00390	0.80888
14	0.02427	0.01810	0.02000	0.04276	0.04554	0.02004	0.01299	0.65717	0.02976	0.03991	0.01554	0.01589	0.01108	0.00779	0.00658	0.00198	0.00732	0.00592	0.00634	0.01103
15	0.01729	0.72052	0.08386	0.01179	0.01771	0.02529	0.01219	0.01979	0.01341	0.01587	0.00934	0.01080	0.00844	0.00568	0.00437	0.00146	0.00723	0.00361	0.00281	0.00854
16	0.00912	0.00672	0.00852	0.00807	0.00971	0.00613	0.00605	0.01204	0.01816	0.02528	0.63884	0.05101	0.14807	0.01388	0.00777	0.00209	0.00314	0.01216	0.00710	0.00613
17	0.00957	0.00638	0.00718	0.00718	0.00718	0.00638	0.00399	0.00957	0.00957	0.01276	0.02074	0.04308	0.02393	0.76864	0.03351	0.00638	0.00638	0.00957	0.00399	0.00399
18	0.00778	0.00667	0.00667	0.00667	0.00889	0.00556	0.00500	0.00945	0.01501	0.01778	0.06669	0.06336	0.72490	0.01667	0.00778	0.00222	0.00333	0.01389	0.00611	0.00556
19	0.01760	0.77260	0.03450	0.01126	0.01690	0.02605	0.01126	0.01971	0.01338	0.01549	0.00915	0.01056	0.00845	0.00563	0.00422	0.00141	0.00704	0.00352	0.00282	0.00845
20	0.00917	0.00672	0.00860	0.00813	0.00975	0.00615	0.00610	0.01215	0.01830	0.02559	0.66268	0.05050	0.12403	0.01376	0.00777	0.00208	0.00313	0.01209	0.00714	0.00615
21	0.01243	0.01170	0.01975	0.75282	0.04534	0.01463	0.01828	0.01682	0.01316	0.01682	0.01170	0.01755	0.00878	0.00658	0.00658	0.00219	0.00878	0.00585	0.00293	0.00731
22	0.00932	0.00673	0.00880	0.00828	0.00984	0.00621	0.00621	0.01242	0.01863	0.02640	0.72410	0.04918	0.06212	0.01346	0.00776	0.00207	0.00311	0.01191	0.00725	0.00621
23	0.00802	0.00573	0.00764	0.00917	0.00955	0.00535	0.00611	0.00917	0.01260	0.01681	0.03628	0.76434	0.04354	0.02062	0.00840	0.00267	0.00382	0.01872	0.00611	0.00535
24	0.01613	0.01548	0.02643	0.07056	0.69870	0.01560	0.02012	0.02006	0.01491	0.02131	0.01235	0.01635	0.01036	0.00590	0.00652	0.00197	0.00786	0.00587	0.00324	0.01030
25	0.01738	0.73495	0.07018	0.01165	0.01749	0.02550	0.01193	0.01977	0.01340	0.01576	0.00929	0.01073	0.00844	0.00566	0.00433	0.00144	0.00718	0.00359	0.00281	0.00851
26	0.02750	0.01078	0.01447	0.01124	0.01607	0.00929	0.00924	0.02997	0.01848	0.66540	0.02978	0.02623	0.08249	0.00894	0.00673	0.00205	0.00539	0.00730	0.00796	0.01068
27	0.81514	0.01273	0.00968	0.00866	0.01273	0.01477	0.00713	0.01935	0.01120	0.02954	0.00917	0.01069	0.00713	0.00611	0.00407	0.00204	0.00509	0.00356	0.00407	0.00713
28	0.01343	0.03247	0.66699	0.01964	0.02907	0.01542	0.09028	0.02087	0.01406	0.02087	0.01196	0.01427	0.00850	0.00619	0.00640	0.00210	0.00986	0.00515	0.00283	0.00965
29	0.00778	0.00667	0.00667	0.00667	0.00889	0.00556	0.00500	0.00945	0.01501	0.01778	0.06669	0.06336	0.72490	0.01667	0.00778	0.00222	0.00333	0.01389	0.00611	0.00556
30	0.01531	0.01934	0.10639	0.02687	0.03383	0.01652	0.63771	0.02106	0.01538	0.02106	0.01317	0.01738	0.00983	0.00562	0.00762	0.00221	0.01097	0.00749	0.00328	0.00896
31	0.01637	0.01414	0.01489	0.01340	0.01712	0.01637	0.01042	0.03498	0.71568	0.02754	0.02679	0.02456	0.02010	0.00893	0.00670	0.00223	0.00521	0.00744	0.00670	0.01042
32	0.01320	0.03405	0.73453	0.01876	0.02849	0.01529	0.02432	0.02085	0.01390	0.02085	0.01181	0.01390	0.00834	0.00625	0.00625	0.00208	0.00973	0.00486	0.00278	0.00973
33	0.00940	0.00705	0.01058	0.01058	0.01176	0.00823	0.00823	0.01176	0.01058	0.01528	0.01763	0.02586	0.01646	0.04937	0.74255	0.01058	0.01763	0.00705	0.00353	0.00588
34	0.81514	0.01273	0.00968	0.00866	0.01273	0.01477	0.00713	0.01935	0.01120	0.02954	0.00917	0.01069	0.00713	0.00611	0.00407	0.00204	0.00509	0.00356	0.00407	0.00713
35	0.01110	0.00767	0.00973	0.00895	0.01090	0.00735	0.00680	0.01562	0.08377	0.06569	0.62019	0.04539	0.05565	0.01274	0.00760	0.00208	0.00344	0.01120	0.00725	0.00688
36	0.00957	0.00638	0.00718	0.00718	0.00718	0.00638	0.00399	0.00957	0.00957	0.01276	0.02074	0.04308	0.02393	0.76864	0.03351	0.00638	0.00638	0.00957	0.00399	0.00399
37	0.02459	0.03138	0.01866	0.01696	0.02035	0.74221	0.01272	0.02629	0.01866	0.01611	0.01018	0.01187	0.00848	0.00678	0.00594	0.00170	0.01187	0.00424	0.00339	0.00763
38	0.00802	0.00573	0.00764	0.00917	0.00955	0.00535	0.00611	0.00917	0.01260	0.01681	0.03628	0.76434	0.04354	0.02062	0.00840	0.00267	0.00382	0.01872	0.00611	0.00535
39	0.00793	0.00665	0.00690	0.00690	0.00900	0.00561	0.00515	0.00972	0.01527	0.01856	0.12716	0.08382	0.64180	0.01650	0.00780	0.00222	0.00333	0.01386	0.00622	0.00561
40	0.01629	0.01564	0.02672	0.04041	0.72757	0.01564	0.02020	0.02020	0.01499	0.02151	0.01238	0.01629	0.01043	0.00587	0.00652	0.00196	0.00782	0.00587	0.00326	0.01043
41	0.05136	0.74044	0.03345	0.01115	0.01672	0.02557	0.01109	0.01970	0.01328	0.01608	0.00915	0.01057	0.00839	0.00565	0.00422	0.00143	0.00696	0.00352	0.00287	0.00839
42	0.02503	0.01844	0.01976	0.01515	0.02042	0.02042	0.01251	0.70562	0.03095	0.04149	0.01581	0.01581	0.01120	0.00790	0.00659	0.00198	0.00724	0.00593	0.00659	0.01120
43	0.01554	0.01776	0.03885	0.02775	0.03441	0.01665	0.70366	0.02109	0.01554	0.02109	0.01332	0.01776	0.00999	0.00555	0.00777	0.00222	0.01110	0.00777	0.00333	0.00888
44	0.00957	0.00638	0.00718	0.00718	0.00718	0.00638	0.00399	0.00957	0.00957	0.01276	0.02074	0.04308	0.02393	0.76864	0.03351	0.00638	0.00638	0.00957	0.00399	0.00399
45	0.00956	0.00645	0.00750	0.00750	0.00761	0.00655	0.00439	0.00978	0.00967	0.01300	0.02045	0.04147	0.02324	0.70144	0.09975	0.00677	0.00743	0.00934	0.00395	0.00417
46	0.01018	0.00692	0.00908	0.00843	0.01013	0.00636	0.00636	0.01327	0.01864	0.05666	0.69417	0.04803	0.06015	0.01323	0.00772	0.00207	0.00321	0.01168	0.00729	0.00643
47	0.01243	0.01170	0.01975	0.75282	0.04534	0.01463	0.01828	0.01682	0.01316	0.01682	0.01170	0.01755	0.00878	0.00658	0.00658	0.00219	0.00878	0.00585	0.00293	0.00731
48	0.01551	0.01766	0.03830	0.02744	0.03391	0.01675	0.68359	0.02093	0.01538	0.02093	0.01318	0.01766	0.00995	0.00572	0.00817	0.00224	0.03280	0.00771	0.00332	0.00883
49	0.02610	0.01618	0.01829	0.01408	0.01926	0.01714	0.01162	0.48760	0.04754	0.24439	0.01912	0.01801	0.01296	0.00801	0.00660	0.00200	0.00670	0.00618	0.00705	0.01118
50	0.01760	0.77260	0.03450	0.01126	0.01690	0.02605	0.01126	0.01971	0.01338	0.01549	0.00915	0.01056	0.00845	0.00563	0.00422	0.00141	0.00704	0.00352	0.00282	0.00845
51	0.00926	0.00673	0.00872	0.00822	0.00980	0.00619	0.00617	0.01231	0.01850	0.02607	0.69917	0.04971	0.08725	0.01358	0.00777	0.00208	0.00311	0.01198	0.00720	0.00619
52	0.01320	0.03405	0.73453	0.01876	0.02849	0.01529	0.02432	0.02085	0.01390	0.02085	0.01181	0.01390	0.00834	0.00625	0.00625	0.00208	0.00973	0.00486	0.00278	0.00973
53	0.01243	0.01170	0.01975	0.75282	0.04534	0.01463	0.01828	0.01682	0.01316	0.01682	0.01170	0.01755	0.00878	0.00658	0.00658	0.00219	0.00878	0.00585	0.00293	0.00731
54	0.00802	0.00573	0.00764	0.00917	0.00955	0.00535	0.00611	0.00917	0.01260	0.01681	0.03628	0.76434	0.04354	0.02062	0.00840	0.00267	0.00382	0.01872	0.00611	0.00535
55	0.00783	0.00667	0.00673	0.00672	0.00892	0.00558	0.00504	0.00954	0.01512	0.01805	0.08689	0.06292	0.70454	0.01657	0.00778	0.00222	0.00333	0.01383	0.00615	0.00558
56	0.01556	0.01769	0.03846	0.02815	0.05627	0.01662	0.68210	0.02106	0.01552	0.02110	0.01329	0.01771	0.01000	0.00556	0.00773	0.00221	0.01100	0.00771	0.00333	0.00893
57	0.01554	0.01776	0.03885	0.02775	0.03441	0.01665	0.70366	0.02109	0.01554	0.02109	0.01332	0.01776	0.00999	0.00555	0.00777	0.00222	0.01110	0.00777	0.00333	0.00888
58	0.81514	0.01273	0.00968	0.00866	0.01273	0.01477	0.00713	0.01935	0.01120	0.02954	0.00917	0.01069	0.00713	0.00611	0.00407	0.00204	0.00509	0.00356	0.00407	0.00713
59	0.00942	0.00698	0.01019	0.01019	0.01124	0.00802	0.00775	0.01151	0.01047	0.01500	0.01799	0.02781	0.01731	0.13093	0.66215	0.01010	0.01636	0.00734	0.00358	0.00566
60	0.00819	0.00586	0.00779	0.00905	0.00959	0.00546	0.00612	0.00959	0.01340	0.01807	0.12662	0.67041	0.04598	0.01968	0.00832	0.00259	0.00373	0.01782	0.00626	0.00546
61	0.01556	0.01769	0.03847	0.02814	0.05570	0.01662	0.68267	0.02106	0.01552	0.02110	0.01329	0.01771	0.01000	0.00556	0.00773	0.00221	0.01100	0.00771	0.00333	0.00893
62	0.01613	0.01547	0.02642	0.07095	0.69832	0.01560	0.02012	0.02006	0.01491	0.02131	0.01235	0.01635	0.01036	0.00590	0.00652	0.00197	0.00786	0.00587	0.00324	0.01029
63	0.00785	0.00641	0.00693	0.00735	0.00907	0.00550	0.00530	0.00937	0.01435	0.01752	0.05839	0.25462	0.53899	0.01775	0.00795	0.00235	0.00347	0.01521	0.00611	0.00550

[dist]
# distance from previous block
# <min> <max>
0	1

# created by:
# /home/berkeley/.conda/envs/busco_data_prod/bin/msa2prfl.pl pipeline/OGs_align_augustus/4893/13855.fs
