[name]
unknown

[dist]
# distance from previous block
# <min> <max>
0	1

[block]
# block no. 0 follows, 34 sequences, length 15
# corresponding to MSA columns:
# 1-15
name=unknown_A
#
# <colnr> <probs for GDERKNQSTAVLIFYWHMCP>
#	G	D	E	R	K	N	Q	S	T	A	V	L	I	F	Y	W	H	M	C	P
0	0.01069	0.00823	0.00949	0.00994	0.01133	0.02882	0.00726	0.10046	0.01537	0.01997	0.03577	0.50237	0.12034	0.01756	0.00793	0.00249	0.00455	0.07532	0.00598	0.00614
1	0.01726	0.07399	0.17113	0.02067	0.02726	0.06018	0.33005	0.11680	0.01713	0.05274	0.01311	0.01561	0.00970	0.00606	0.00666	0.00198	0.00941	0.00612	0.00379	0.04036
2	0.01322	0.01342	0.02514	0.50259	0.04006	0.01519	0.22955	0.01775	0.01351	0.01775	0.01184	0.01716	0.00897	0.00635	0.00744	0.00219	0.04093	0.00632	0.00299	0.00764
3	0.00768	0.00639	0.00670	0.00696	0.00884	0.00542	0.00509	0.00923	0.01433	0.01729	0.06046	0.18037	0.61503	0.01701	0.00774	0.00226	0.00335	0.01443	0.00600	0.00542
4	0.01449	0.01550	0.03136	0.23410	0.12486	0.01566	0.42793	0.01941	0.01453	0.01957	0.01251	0.01719	0.00952	0.00577	0.00714	0.00214	0.00985	0.00686	0.00315	0.00847
5	0.01476	0.04808	0.31847	0.04830	0.03000	0.05791	0.32661	0.02056	0.01447	0.01985	0.01198	0.01525	0.00894	0.00600	0.00716	0.00209	0.03166	0.00602	0.00301	0.00887
6	0.01725	0.00829	0.01112	0.00968	0.01247	0.00738	0.00750	0.01976	0.01743	0.32199	0.32384	0.15247	0.03923	0.01215	0.00725	0.00211	0.00419	0.01058	0.00730	0.00801
7	0.00882	0.00659	0.00819	0.00779	0.00945	0.00596	0.00584	0.01156	0.01752	0.02409	0.58613	0.05127	0.20518	0.01389	0.00762	0.00206	0.00310	0.01211	0.00687	0.00596
8	0.02052	0.11715	0.18016	0.01490	0.02059	0.13280	0.04084	0.13057	0.05638	0.17121	0.04209	0.01693	0.01292	0.00716	0.00610	0.00189	0.00791	0.00553	0.00489	0.00946
9	0.01142	0.00721	0.00845	0.00787	0.01023	0.00624	0.00599	0.01348	0.01599	0.13442	0.21057	0.10136	0.41354	0.01456	0.00749	0.00215	0.00361	0.01237	0.00658	0.00648
10	0.02582	0.01029	0.01398	0.01096	0.01540	0.00895	0.00895	0.02840	0.01846	0.62337	0.13802	0.02619	0.02319	0.00883	0.00668	0.00200	0.00511	0.00733	0.00786	0.01021
11	0.02294	0.02888	0.01768	0.01614	0.01930	0.68779	0.01213	0.02466	0.01768	0.01575	0.01057	0.01275	0.00895	0.01001	0.06523	0.00236	0.01211	0.00438	0.00334	0.00735
12	0.05653	0.14069	0.02101	0.01442	0.01916	0.19193	0.01191	0.41142	0.02400	0.03033	0.01291	0.01358	0.00977	0.00707	0.00584	0.00179	0.00806	0.00496	0.00504	0.00957
13	0.01936	0.01417	0.01601	0.01192	0.01736	0.01339	0.00972	0.30370	0.02084	0.09160	0.01436	0.01502	0.01071	0.00629	0.00563	0.00145	0.00580	0.00488	0.00528	0.41252
14	0.01650	0.01318	0.01583	0.10768	0.02045	0.01483	0.03299	0.08524	0.44005	0.07485	0.08704	0.02437	0.02078	0.00864	0.00667	0.00214	0.00574	0.00734	0.00614	0.00953

[dist]
# distance from previous block
# <min> <max>
0	1

[block]
# block no. 1 follows, 34 sequences, length 21
# corresponding to MSA columns:
# 17-37
name=unknown_B
#
# <colnr> <probs for GDERKNQSTAVLIFYWHMCP>
#	G	D	E	R	K	N	Q	S	T	A	V	L	I	F	Y	W	H	M	C	P
0	0.02408	0.01462	0.01672	0.01328	0.01803	0.01542	0.01082	0.31267	0.19117	0.28007	0.02157	0.01982	0.01482	0.00808	0.00650	0.00202	0.00607	0.00641	0.00702	0.01081
1	0.06820	0.66659	0.06144	0.01136	0.01694	0.02420	0.01139	0.04714	0.01371	0.01732	0.00936	0.01072	0.00831	0.00567	0.00431	0.00147	0.00691	0.00361	0.00299	0.00837
2	0.07987	0.01240	0.01344	0.01103	0.01470	0.08932	0.02741	0.01955	0.01596	0.17937	0.18670	0.02628	0.06758	0.00887	0.00703	0.00181	0.04630	0.00709	0.00555	0.17972
3	0.04043	0.08689	0.16441	0.01233	0.01732	0.03553	0.01195	0.02287	0.04626	0.27640	0.12765	0.04910	0.04107	0.00904	0.00645	0.00201	0.00616	0.02940	0.00579	0.00896
4	0.01417	0.01141	0.01263	0.01185	0.01451	0.01263	0.00895	0.11163	0.37431	0.02494	0.02832	0.29448	0.02700	0.01282	0.00717	0.00232	0.00487	0.01115	0.00635	0.00851
5	0.01596	0.01544	0.02676	0.03911	0.70158	0.01540	0.05044	0.01987	0.01474	0.02109	0.01219	0.01606	0.01022	0.00574	0.00645	0.00193	0.00782	0.00584	0.00320	0.01017
6	0.01510	0.01438	0.02412	0.20744	0.54018	0.01515	0.01898	0.01967	0.04438	0.02028	0.01260	0.01663	0.01026	0.00605	0.00642	0.00199	0.00779	0.00582	0.00327	0.00951
7	0.01525	0.01743	0.03813	0.02723	0.03377	0.01634	0.70915	0.02070	0.01525	0.02070	0.01307	0.01743	0.00980	0.00545	0.00763	0.00218	0.01089	0.00763	0.00327	0.00871
8	0.02899	0.01100	0.01499	0.01150	0.01649	0.00950	0.00950	0.03149	0.01849	0.73709	0.02549	0.02199	0.01599	0.00800	0.00650	0.00200	0.00550	0.00650	0.00800	0.01100
9	0.00783	0.00581	0.00731	0.00851	0.00924	0.00529	0.00578	0.00905	0.01284	0.01669	0.04156	0.62787	0.17973	0.01947	0.00813	0.00254	0.00365	0.01743	0.00600	0.00529
10	0.01566	0.35081	0.35740	0.01508	0.02209	0.07286	0.01718	0.02018	0.01362	0.01768	0.01024	0.01211	0.00825	0.00611	0.00584	0.00176	0.03735	0.00420	0.00279	0.00877
11	0.00914	0.00649	0.00863	0.00880	0.00937	0.00697	0.00606	0.01033	0.01020	0.01412	0.02075	0.11976	0.02239	0.35339	0.35666	0.00772	0.01102	0.00932	0.00395	0.00492
12	0.00813	0.00579	0.00763	0.00877	0.00929	0.00542	0.00590	0.00946	0.01303	0.01759	0.13078	0.63026	0.04423	0.05943	0.00948	0.00274	0.00379	0.01697	0.00604	0.00529
13	0.01769	0.11239	0.23367	0.01778	0.02369	0.20034	0.12934	0.04178	0.07476	0.03905	0.01272	0.01456	0.00976	0.00661	0.00673	0.00193	0.03961	0.00526	0.00354	0.00879
14	0.10794	0.02246	0.23774	0.02174	0.05084	0.06856	0.33296	0.04274	0.01497	0.02188	0.01200	0.01500	0.00895	0.00588	0.00657	0.00207	0.00965	0.00595	0.00330	0.00879
15	0.01320	0.00746	0.00955	0.00906	0.01128	0.00667	0.00696	0.01540	0.01599	0.18463	0.21452	0.20290	0.19028	0.01461	0.00761	0.00227	0.00406	0.06993	0.00673	0.00689
16	0.01582	0.01517	0.02591	0.07255	0.70108	0.01531	0.01974	0.01968	0.01463	0.02090	0.01212	0.01605	0.01016	0.00579	0.00640	0.00193	0.00772	0.00576	0.00318	0.01009
17	0.05111	0.04015	0.01922	0.01478	0.01937	0.10993	0.06119	0.32191	0.05872	0.16519	0.01712	0.04108	0.01271	0.00793	0.00680	0.00198	0.02899	0.00619	0.00581	0.00982
18	0.07768	0.27943	0.12785	0.01374	0.01946	0.06782	0.01317	0.28089	0.01989	0.02663	0.01189	0.01287	0.00920	0.00656	0.00541	0.00175	0.00754	0.00459	0.00428	0.00935
19	0.10292	0.05508	0.12042	0.01203	0.01776	0.01216	0.03333	0.07096	0.01562	0.14807	0.05219	0.01661	0.01300	0.00640	0.00553	0.00160	0.00601	0.00506	0.00471	0.30055
20	0.12073	0.07300	0.06772	0.01554	0.01993	0.40903	0.04948	0.09222	0.03436	0.04428	0.01151	0.01288	0.00901	0.00661	0.00571	0.00179	0.00954	0.00458	0.00387	0.00821

[dist]
# distance from previous block
# <min> <max>
0	1

[block]
# block no. 2 follows, 34 sequences, length 33
# corresponding to MSA columns:
# 39-71
name=unknown_C
#
# <colnr> <probs for GDERKNQSTAVLIFYWHMCP>
#	G	D	E	R	K	N	Q	S	T	A	V	L	I	F	Y	W	H	M	C	P
0	0.07578	0.01189	0.01492	0.01161	0.01636	0.01119	0.00955	0.13226	0.01982	0.54363	0.06700	0.02195	0.01750	0.00816	0.00641	0.00199	0.00556	0.00653	0.00746	0.01044
1	0.01606	0.00941	0.01175	0.01012	0.01338	0.00866	0.00798	0.03516	0.08955	0.21824	0.21909	0.09914	0.06694	0.01115	0.00694	0.00201	0.00449	0.04919	0.00663	0.11410
2	0.01462	0.02378	0.30821	0.04295	0.07445	0.03934	0.36068	0.02061	0.01463	0.02037	0.01230	0.01568	0.00912	0.00580	0.00689	0.00209	0.01014	0.00624	0.00305	0.00905
3	0.00845	0.00625	0.00765	0.00789	0.00921	0.00563	0.00567	0.01016	0.01493	0.01975	0.28502	0.24848	0.26352	0.01671	0.00890	0.05293	0.00347	0.01375	0.00619	0.00546
4	0.00927	0.00624	0.00718	0.00725	0.00737	0.00618	0.00420	0.00954	0.01016	0.01365	0.06579	0.09380	0.02719	0.67239	0.02957	0.00574	0.00589	0.01017	0.00426	0.00415
5	0.01724	0.01026	0.01194	0.01004	0.01328	0.01007	0.00789	0.15045	0.06239	0.20132	0.15475	0.03539	0.17350	0.06184	0.00860	0.00230	0.00481	0.00900	0.04673	0.00820
6	0.05584	0.01744	0.01969	0.01532	0.02018	0.06662	0.07078	0.43558	0.06809	0.11954	0.01635	0.01649	0.01162	0.00760	0.00683	0.00199	0.02788	0.00593	0.00598	0.01025
7	0.00824	0.00594	0.00815	0.00939	0.00995	0.00586	0.00658	0.00966	0.01215	0.01637	0.03231	0.60290	0.03777	0.02510	0.13861	0.00401	0.00625	0.04982	0.00555	0.00538
8	0.00857	0.00596	0.00788	0.00899	0.00970	0.00553	0.00623	0.01004	0.01336	0.03323	0.11596	0.61813	0.06630	0.01895	0.00815	0.00254	0.00378	0.04502	0.00617	0.00551
9	0.09027	0.01501	0.03319	0.03644	0.03986	0.10181	0.09843	0.06204	0.17311	0.02315	0.09189	0.02762	0.13681	0.00933	0.00710	0.00208	0.03097	0.00779	0.00505	0.00805
10	0.01777	0.57775	0.11625	0.01276	0.01845	0.13053	0.01280	0.02043	0.01395	0.01592	0.00944	0.01095	0.00828	0.00577	0.00463	0.00150	0.00792	0.00372	0.00284	0.00832
11	0.04726	0.01876	0.19579	0.01347	0.01887	0.06448	0.01292	0.11468	0.09592	0.09673	0.03217	0.09747	0.01564	0.00831	0.00620	0.00190	0.00675	0.00673	0.00491	0.14104
12	0.16720	0.04166	0.08124	0.01491	0.01970	0.20491	0.07755	0.16470	0.01852	0.09314	0.03295	0.03001	0.01161	0.00715	0.00593	0.00192	0.00813	0.00545	0.00463	0.00869
13	0.02222	0.01678	0.01697	0.01372	0.01806	0.08327	0.01104	0.44919	0.08041	0.09361	0.01978	0.07105	0.03602	0.00889	0.00653	0.00198	0.00677	0.00697	0.02683	0.00991
14	0.02006	0.41327	0.02630	0.01314	0.01799	0.17448	0.01153	0.15869	0.07102	0.02127	0.01179	0.01269	0.00969	0.00645	0.00514	0.00161	0.00780	0.00436	0.00390	0.00880
15	0.01663	0.64088	0.11804	0.01294	0.01901	0.02373	0.05626	0.01956	0.01332	0.01617	0.00955	0.01120	0.00837	0.00560	0.00460	0.00151	0.00747	0.00387	0.00279	0.00847
16	0.00824	0.00617	0.00768	0.00840	0.00952	0.00561	0.00603	0.01001	0.01434	0.01887	0.18762	0.40141	0.21484	0.01767	0.00801	0.00241	0.00362	0.05779	0.00623	0.00552
17	0.15783	0.01319	0.01286	0.01165	0.01484	0.05861	0.00909	0.13273	0.23914	0.04102	0.02220	0.15206	0.01991	0.01030	0.00634	0.00216	0.00551	0.03635	0.04583	0.00837
18	0.01360	0.01280	0.02139	0.30156	0.39083	0.01378	0.01741	0.01731	0.01388	0.01890	0.01622	0.07175	0.04784	0.00757	0.00661	0.00207	0.00753	0.00703	0.00341	0.00851
19	0.00940	0.00626	0.00705	0.00705	0.00705	0.00626	0.00392	0.00940	0.00940	0.01253	0.02036	0.04228	0.02349	0.77292	0.03289	0.00626	0.00626	0.00940	0.00392	0.00392
20	0.00920	0.00660	0.00865	0.00830	0.00954	0.00641	0.00606	0.01167	0.01578	0.02227	0.51681	0.04399	0.04868	0.13369	0.12038	0.00390	0.00564	0.01064	0.00609	0.00572
21	0.14312	0.01192	0.01422	0.01119	0.01587	0.01146	0.00921	0.12561	0.01883	0.48222	0.02444	0.02220	0.06422	0.00826	0.00621	0.00200	0.00550	0.00646	0.00705	0.01002
22	0.00787	0.00562	0.00750	0.00900	0.00937	0.00525	0.00600	0.00900	0.01237	0.01649	0.03561	0.76871	0.04274	0.02024	0.00825	0.00262	0.00375	0.01837	0.00600	0.00525
23	0.01662	0.01753	0.03537	0.02541	0.03175	0.01688	0.60653	0.12236	0.01748	0.02365	0.01343	0.01715	0.00998	0.00579	0.00745	0.00214	0.01034	0.00736	0.00374	0.00905
24	0.01347	0.00837	0.01024	0.00929	0.01165	0.00805	0.00704	0.01818	0.12043	0.15094	0.33252	0.09193	0.11850	0.05933	0.00887	0.00237	0.00406	0.01066	0.00679	0.00732
25	0.00789	0.00579	0.00742	0.00864	0.00930	0.00531	0.00586	0.00917	0.01293	0.01701	0.06833	0.64549	0.13427	0.01944	0.00814	0.00254	0.00366	0.01747	0.00604	0.00531
26	0.07422	0.01409	0.01290	0.01103	0.01436	0.10954	0.00870	0.22729	0.06153	0.04731	0.06629	0.02472	0.09813	0.00883	0.00597	0.00186	0.00575	0.00685	0.19254	0.00811
27	0.01563	0.49278	0.30344	0.01387	0.02093	0.02153	0.01595	0.01977	0.01332	0.01721	0.00998	0.01162	0.00825	0.00576	0.00491	0.00164	0.00792	0.00396	0.00275	0.00877
28	0.00896	0.00754	0.01134	0.01077	0.01256	0.00689	0.09482	0.01098	0.01380	0.01785	0.06714	0.39637	0.23485	0.01684	0.00802	0.00244	0.00464	0.06264	0.00569	0.00583
29	0.01414	0.00796	0.01021	0.00939	0.01191	0.00724	0.00746	0.01709	0.03419	0.20110	0.28566	0.07424	0.16733	0.01332	0.00753	0.00222	0.00421	0.11064	0.00690	0.00725
30	0.17760	0.01360	0.01453	0.03535	0.04657	0.09401	0.05113	0.04989	0.13432	0.08021	0.08841	0.11089	0.03739	0.00971	0.00641	0.00211	0.00611	0.02850	0.00531	0.00796
31	0.07210	0.07416	0.22074	0.01602	0.02181	0.04575	0.10898	0.06537	0.12155	0.08473	0.01757	0.02037	0.03261	0.00768	0.00675	0.00208	0.02827	0.03997	0.00444	0.00904
32	0.20389	0.01426	0.01419	0.01192	0.01584	0.07087	0.00965	0.16918	0.06717	0.09997	0.03427	0.04012	0.01455	0.00913	0.02223	0.00214	0.04231	0.04774	0.00523	0.10533

[dist]
# distance from previous block
# <min> <max>
1	7

[block]
# block no. 3 follows, 34 sequences, length 18
# corresponding to MSA columns:
# 79-96
name=unknown_D
#
# <colnr> <probs for GDERKNQSTAVLIFYWHMCP>
#	G	D	E	R	K	N	Q	S	T	A	V	L	I	F	Y	W	H	M	C	P
0	0.04446	0.02531	0.28000	0.01734	0.02362	0.20174	0.11086	0.04080	0.04783	0.06802	0.03160	0.01551	0.01095	0.00657	0.00621	0.00191	0.00918	0.00535	0.00379	0.04896
1	0.10606	0.07162	0.05610	0.09498	0.10988	0.03667	0.23856	0.05518	0.10455	0.02241	0.01507	0.01754	0.02935	0.00654	0.00640	0.00204	0.00818	0.00626	0.00389	0.00874
2	0.00817	0.00632	0.00872	0.00940	0.01036	0.00579	0.03762	0.00957	0.01291	0.01685	0.03976	0.61229	0.16034	0.01890	0.00811	0.00253	0.00399	0.01706	0.00587	0.00544
3	0.01668	0.07474	0.12362	0.01419	0.01860	0.14799	0.07907	0.05478	0.03622	0.09871	0.05216	0.04464	0.09601	0.03741	0.05542	0.00267	0.00833	0.02618	0.00459	0.00799
4	0.01194	0.00736	0.00893	0.00861	0.00958	0.00736	0.00576	0.04950	0.01211	0.08656	0.02302	0.14399	0.02473	0.46489	0.08148	0.00530	0.00674	0.03193	0.00479	0.00540
5	0.00804	0.00630	0.00731	0.00781	0.00928	0.00556	0.00569	0.00975	0.01440	0.01827	0.13547	0.29234	0.38841	0.01732	0.00790	0.00235	0.00353	0.04865	0.00613	0.00549
6	0.01553	0.01506	0.02625	0.11735	0.61210	0.01531	0.06427	0.01952	0.01455	0.02058	0.01214	0.01622	0.01003	0.00581	0.00648	0.00196	0.00799	0.00588	0.00317	0.00980
7	0.06962	0.17649	0.02253	0.01529	0.03626	0.12517	0.13220	0.03615	0.15013	0.05852	0.01554	0.01889	0.01289	0.09285	0.00892	0.00236	0.00772	0.00596	0.00424	0.00829
8	0.03895	0.01611	0.09703	0.01336	0.01820	0.01493	0.01178	0.24662	0.19911	0.16417	0.09272	0.02194	0.01886	0.00839	0.00652	0.00204	0.00611	0.00675	0.00637	0.01004
9	0.04104	0.00807	0.00949	0.00876	0.01122	0.00766	0.00678	0.01737	0.06890	0.15922	0.16958	0.09190	0.17900	0.03075	0.00749	0.00219	0.00407	0.04648	0.12293	0.00711
10	0.00993	0.00746	0.00920	0.00959	0.01099	0.00742	0.00712	0.03321	0.09431	0.02076	0.18821	0.33475	0.09098	0.04280	0.00878	0.00257	0.00420	0.10528	0.00624	0.00622
11	0.05666	0.13590	0.23826	0.06658	0.09002	0.08738	0.06136	0.08978	0.07466	0.02202	0.01267	0.01456	0.00972	0.00641	0.00591	0.00191	0.00837	0.00511	0.00363	0.00909
12	0.01027	0.00677	0.00849	0.00875	0.00971	0.00658	0.00606	0.04201	0.01277	0.04364	0.05003	0.31363	0.10934	0.17600	0.05025	0.09470	0.00534	0.03519	0.00521	0.00527
13	0.00791	0.00578	0.00744	0.00867	0.00931	0.00531	0.00588	0.00918	0.01292	0.01705	0.07207	0.65336	0.12243	0.01946	0.00815	0.00255	0.00366	0.01751	0.00605	0.00531
14	0.01398	0.01227	0.02057	0.52196	0.13680	0.01414	0.05134	0.03775	0.01417	0.05417	0.01369	0.02024	0.01087	0.00704	0.00664	0.00215	0.00825	0.04258	0.00346	0.00792
15	0.08936	0.10917	0.10391	0.04785	0.06300	0.06327	0.08469	0.07293	0.11500	0.03900	0.01468	0.01859	0.01218	0.09305	0.00967	0.00247	0.04282	0.00590	0.00407	0.00837
16	0.01476	0.01620	0.07234	0.06604	0.39432	0.03991	0.16365	0.01882	0.01462	0.02006	0.01628	0.07552	0.04321	0.00734	0.00682	0.00205	0.00817	0.00733	0.00351	0.00904
17	0.04953	0.00773	0.00873	0.00826	0.01040	0.00732	0.00625	0.04503	0.04300	0.04648	0.29759	0.11938	0.29817	0.01412	0.00738	0.00214	0.00364	0.01206	0.00642	0.00637

[dist]
# distance from previous block
# <min> <max>
3	51

[block]
# block no. 4 follows, 34 sequences, length 25
# corresponding to MSA columns:
# 148-172
name=unknown_E
#
# <colnr> <probs for GDERKNQSTAVLIFYWHMCP>
#	G	D	E	R	K	N	Q	S	T	A	V	L	I	F	Y	W	H	M	C	P
0	0.03403	0.03819	0.01484	0.01439	0.09808	0.03461	0.02775	0.07595	0.14764	0.07907	0.15539	0.09748	0.09062	0.01124	0.00783	0.04486	0.00537	0.00895	0.00569	0.00803
1	0.05962	0.03236	0.03607	0.18261	0.19468	0.06943	0.07696	0.07145	0.05439	0.09108	0.01476	0.04180	0.01165	0.00695	0.00634	0.00199	0.00775	0.00615	0.00417	0.02979
2	0.04077	0.33692	0.08890	0.01289	0.04073	0.06243	0.01147	0.03823	0.06586	0.07694	0.01628	0.12829	0.01511	0.00838	0.00557	0.00180	0.00663	0.00656	0.00417	0.03206
3	0.01513	0.01181	0.01514	0.01089	0.01661	0.00920	0.05242	0.01813	0.01404	0.09534	0.01304	0.01455	0.01025	0.00516	0.00514	0.00114	0.00525	0.00435	0.00423	0.67818
4	0.01361	0.14633	0.63227	0.01730	0.02624	0.01661	0.02193	0.02029	0.01356	0.01966	0.01120	0.01314	0.00820	0.00605	0.00584	0.00195	0.00915	0.00457	0.00273	0.00936
5	0.00927	0.00676	0.00957	0.00957	0.01045	0.00764	0.00707	0.01102	0.01014	0.01440	0.01805	0.02949	0.01794	0.22455	0.57366	0.00938	0.01462	0.00752	0.00357	0.00532
6	0.00868	0.00633	0.00790	0.00811	0.00923	0.00586	0.00576	0.01062	0.01495	0.02026	0.33741	0.23447	0.14509	0.11877	0.01126	0.00281	0.00380	0.03702	0.00620	0.00549
7	0.01212	0.01107	0.01837	0.60752	0.07491	0.01336	0.01690	0.01620	0.01331	0.01717	0.01497	0.02562	0.01304	0.00815	0.00683	0.00227	0.00816	0.10954	0.00336	0.00715
8	0.02355	0.02956	0.01804	0.01639	0.01974	0.69370	0.01232	0.02642	0.06953	0.01663	0.01118	0.01256	0.00915	0.00681	0.00588	0.00170	0.01118	0.00439	0.00357	0.00769
9	0.01599	0.01535	0.02623	0.03966	0.73262	0.01535	0.01983	0.01983	0.01471	0.02111	0.01215	0.01599	0.01023	0.00576	0.00640	0.00192	0.00768	0.00576	0.00320	0.01023
10	0.00902	0.00707	0.00767	0.00738	0.00958	0.00627	0.00558	0.01186	0.05291	0.04029	0.20657	0.05600	0.52668	0.01504	0.00754	0.00214	0.00338	0.01267	0.00633	0.00600
11	0.02665	0.01219	0.01548	0.01197	0.01676	0.01149	0.00985	0.17421	0.02100	0.53924	0.07305	0.02247	0.01811	0.00831	0.00657	0.00199	0.00567	0.00672	0.00761	0.01065
12	0.01326	0.08590	0.68964	0.01790	0.02716	0.01575	0.02297	0.02038	0.01361	0.02009	0.01141	0.01341	0.00819	0.00610	0.00600	0.00200	0.00936	0.00468	0.00273	0.00946
13	0.00910	0.00643	0.00843	0.00926	0.01008	0.00624	0.00661	0.01128	0.04941	0.01839	0.15109	0.44800	0.04090	0.04253	0.01030	0.06845	0.00417	0.08793	0.00589	0.00548
14	0.01178	0.00739	0.00906	0.00872	0.01048	0.00692	0.00632	0.01464	0.06092	0.11753	0.21620	0.21860	0.15208	0.11641	0.01095	0.00277	0.00415	0.01232	0.00632	0.00643
15	0.01888	0.01450	0.01562	0.01336	0.01744	0.01634	0.01059	0.17244	0.52134	0.08889	0.02403	0.02217	0.01763	0.00850	0.00655	0.00212	0.00555	0.00693	0.00667	0.01045
16	0.09095	0.01332	0.01846	0.40389	0.11022	0.04265	0.01541	0.02009	0.12043	0.01970	0.01326	0.01703	0.01030	0.00710	0.00744	0.00216	0.07034	0.00570	0.00359	0.00796
17	0.00785	0.00573	0.00739	0.00873	0.00930	0.00527	0.00588	0.00903	0.01263	0.01660	0.03892	0.69047	0.11884	0.01981	0.00818	0.00258	0.00370	0.01784	0.00600	0.00527
18	0.00940	0.00626	0.00705	0.00705	0.00705	0.00626	0.00392	0.00940	0.00940	0.01253	0.02036	0.04228	0.02349	0.77292	0.03289	0.00626	0.00626	0.00940	0.00392	0.00392
19	0.00938	0.00692	0.01005	0.01033	0.01155	0.00774	0.00816	0.01174	0.01136	0.01602	0.02221	0.05975	0.04398	0.04073	0.56613	0.00849	0.01428	0.11114	0.02426	0.00577
20	0.01618	0.01375	0.01327	0.07637	0.03160	0.16099	0.00959	0.09830	0.03342	0.07422	0.07170	0.16129	0.02182	0.04292	0.04540	0.00260	0.00708	0.00855	0.10362	0.00732
21	0.01121	0.00843	0.01093	0.01191	0.01369	0.00878	0.01006	0.01672	0.13774	0.02047	0.03293	0.11510	0.03455	0.01644	0.00847	0.00281	0.00564	0.52141	0.00606	0.00664
22	0.00923	0.00692	0.01038	0.01038	0.01154	0.00808	0.00808	0.01154	0.01038	0.01500	0.01731	0.02538	0.01615	0.04846	0.74732	0.01038	0.01731	0.00692	0.00346	0.00577
23	0.61167	0.01390	0.01343	0.01105	0.01546	0.01566	0.05917	0.14841	0.01493	0.03058	0.01051	0.01194	0.00795	0.00629	0.00472	0.00200	0.00582	0.00423	0.00441	0.00787
24	0.01492	0.30165	0.42315	0.01518	0.02293	0.01867	0.01802	0.04201	0.01398	0.01923	0.01077	0.01250	0.00838	0.00590	0.00536	0.00175	0.00827	0.00428	0.00292	0.05013

[dist]
# distance from previous block
# <min> <max>
0	5

[block]
# block no. 5 follows, 34 sequences, length 21
# corresponding to MSA columns:
# 178-198
name=unknown_F
#
# <colnr> <probs for GDERKNQSTAVLIFYWHMCP>
#	G	D	E	R	K	N	Q	S	T	A	V	L	I	F	Y	W	H	M	C	P
0	0.01264	0.01237	0.02327	0.07181	0.02387	0.01244	0.31389	0.03280	0.01450	0.01960	0.04722	0.19165	0.02270	0.01129	0.00878	0.00242	0.06038	0.10668	0.00441	0.00729
1	0.01122	0.00561	0.00842	0.00842	0.00842	0.00561	0.00561	0.00842	0.00842	0.01122	0.01122	0.01964	0.01122	0.02245	0.02525	0.81201	0.00561	0.00561	0.00281	0.00281
2	0.05501	0.03792	0.01814	0.01425	0.01883	0.23188	0.03458	0.28939	0.02161	0.02754	0.04194	0.01508	0.01173	0.00693	0.00591	0.00169	0.00791	0.00513	0.00480	0.14974
3	0.02092	0.04108	0.01832	0.01448	0.01870	0.06488	0.01175	0.38622	0.24178	0.03229	0.01780	0.01767	0.01326	0.00819	0.00744	0.00205	0.06098	0.00609	0.00592	0.01016
4	0.00933	0.00627	0.00720	0.00726	0.00732	0.00630	0.00417	0.00947	0.00955	0.01278	0.02081	0.06892	0.02391	0.71470	0.06145	0.00630	0.00663	0.00963	0.00397	0.00404
5	0.00939	0.00629	0.00718	0.00718	0.00723	0.00634	0.00409	0.00948	0.00944	0.01263	0.02023	0.04159	0.02319	0.74318	0.06222	0.00643	0.00672	0.00929	0.00390	0.00399
6	0.06982	0.13042	0.08036	0.04502	0.05182	0.04330	0.18910	0.07245	0.08624	0.04694	0.05963	0.01957	0.01456	0.00709	0.00630	0.00196	0.00771	0.02758	0.00426	0.03588
7	0.01696	0.72337	0.08459	0.01158	0.01740	0.02481	0.01198	0.01943	0.01317	0.01558	0.00917	0.01060	0.00828	0.00557	0.00429	0.00143	0.00710	0.00355	0.00276	0.00838
8	0.00822	0.00613	0.00771	0.00868	0.00970	0.00562	0.00625	0.00985	0.01375	0.01793	0.10809	0.46064	0.20143	0.01842	0.00812	0.00251	0.00382	0.09158	0.00610	0.00545
9	0.01201	0.00762	0.00910	0.00869	0.01111	0.00688	0.00685	0.01468	0.03940	0.13659	0.12295	0.08134	0.37366	0.01576	0.03086	0.00252	0.00449	0.10243	0.00638	0.00666
10	0.01936	0.01880	0.10513	0.01813	0.02367	0.07504	0.21110	0.15370	0.10369	0.12425	0.01622	0.01734	0.01173	0.00700	0.00719	0.00203	0.03510	0.00627	0.00488	0.03938
11	0.00875	0.00623	0.00763	0.00818	0.00937	0.00562	0.00574	0.01032	0.01403	0.04141	0.15101	0.40462	0.23645	0.04854	0.00893	0.00254	0.00367	0.01525	0.00615	0.00557
12	0.01013	0.00766	0.00917	0.00970	0.01083	0.00789	0.00674	0.03412	0.14824	0.01897	0.04914	0.49929	0.03558	0.10760	0.01081	0.00294	0.00439	0.01465	0.00590	0.00623
13	0.16499	0.04320	0.02083	0.01769	0.09134	0.09387	0.16419	0.16026	0.01730	0.02559	0.01342	0.01658	0.01069	0.04157	0.00712	0.00210	0.00763	0.00571	0.08755	0.00837
14	0.00812	0.00659	0.00722	0.00715	0.00913	0.00569	0.00541	0.01016	0.01563	0.01966	0.23208	0.05906	0.53509	0.01562	0.00768	0.00217	0.00332	0.03828	0.00628	0.00564
15	0.01745	0.20657	0.27723	0.04994	0.04718	0.03957	0.05402	0.04618	0.01520	0.13896	0.01535	0.01639	0.03512	0.00670	0.00587	0.00187	0.00796	0.00530	0.00393	0.00920
16	0.20346	0.01511	0.04845	0.01218	0.01719	0.01482	0.03189	0.28869	0.01974	0.05726	0.01370	0.01472	0.01018	0.00661	0.00546	0.00174	0.00606	0.00494	0.05856	0.16925
17	0.01010	0.00625	0.00830	0.00911	0.01001	0.00576	0.00628	0.01146	0.01330	0.08820	0.08394	0.61768	0.04073	0.04493	0.00889	0.00265	0.00396	0.01640	0.00620	0.00583
18	0.01163	0.01103	0.04165	0.12307	0.12048	0.01066	0.08310	0.01621	0.08523	0.01958	0.05236	0.24445	0.09363	0.01180	0.00717	0.00223	0.00598	0.01078	0.04164	0.00733
19	0.07971	0.11699	0.12223	0.01974	0.18989	0.07461	0.01446	0.09158	0.08514	0.08993	0.01519	0.04654	0.01218	0.00717	0.00595	0.00192	0.00728	0.00577	0.00437	0.00936
20	0.24797	0.05218	0.04093	0.01272	0.01737	0.08597	0.01072	0.31408	0.05799	0.06062	0.01384	0.01437	0.01020	0.00706	0.00555	0.00191	0.00674	0.00497	0.02562	0.00919

[dist]
# distance from previous block
# <min> <max>
2	9

[block]
# block no. 6 follows, 34 sequences, length 65
# corresponding to MSA columns:
# 208-272
name=unknown_G
#
# <colnr> <probs for GDERKNQSTAVLIFYWHMCP>
#	G	D	E	R	K	N	Q	S	T	A	V	L	I	F	Y	W	H	M	C	P
0	0.04655	0.13827	0.06510	0.05811	0.06149	0.04203	0.09163	0.07557	0.07935	0.10557	0.12433	0.04835	0.01992	0.00813	0.00634	0.00195	0.00677	0.00698	0.00493	0.00864
1	0.15977	0.14038	0.25222	0.01441	0.02037	0.11237	0.01482	0.09651	0.03480	0.05406	0.01184	0.01319	0.00898	0.00660	0.00601	0.00190	0.03463	0.00455	0.00378	0.00879
2	0.01132	0.00977	0.00924	0.00912	0.00981	0.11024	0.00599	0.01204	0.01103	0.01370	0.01945	0.08635	0.02144	0.48502	0.15301	0.00609	0.00878	0.00886	0.00390	0.00484
3	0.02217	0.04213	0.01796	0.01389	0.01844	0.14445	0.01125	0.44505	0.02508	0.05413	0.03778	0.01932	0.06804	0.00819	0.00633	0.00185	0.00733	0.00616	0.00572	0.04474
4	0.01726	0.01232	0.04699	0.01272	0.03223	0.01064	0.05131	0.10664	0.04212	0.18282	0.02114	0.17723	0.01893	0.03016	0.00720	0.00200	0.00571	0.00835	0.00556	0.20866
5	0.01116	0.00766	0.00937	0.00931	0.01098	0.00739	0.00679	0.07616	0.03708	0.06475	0.18471	0.38841	0.12911	0.01602	0.00772	0.00233	0.00399	0.01414	0.00642	0.00648
6	0.81856	0.01250	0.00950	0.00850	0.01250	0.01449	0.00700	0.01899	0.01100	0.02899	0.00900	0.01050	0.00700	0.00600	0.00400	0.00200	0.00500	0.00350	0.00400	0.00700
7	0.00804	0.00587	0.00767	0.00886	0.00954	0.00550	0.00612	0.00941	0.01285	0.01702	0.06804	0.61248	0.11089	0.02072	0.04085	0.00291	0.00434	0.03760	0.00593	0.00535
8	0.01667	0.67271	0.13267	0.01209	0.01818	0.02409	0.01285	0.01950	0.01320	0.01594	0.00935	0.01082	0.00828	0.00561	0.00442	0.00147	0.00728	0.00364	0.00276	0.00847
9	0.01029	0.00682	0.00937	0.00937	0.01034	0.00729	0.00676	0.01182	0.01088	0.05822	0.02111	0.13086	0.02173	0.23666	0.41015	0.00772	0.01178	0.00912	0.00420	0.00552
10	0.00929	0.00625	0.00720	0.00730	0.00737	0.00626	0.00421	0.00945	0.00963	0.01288	0.02125	0.08962	0.02449	0.69634	0.05778	0.00618	0.00651	0.00990	0.00404	0.00407
11	0.01556	0.01534	0.01241	0.01209	0.01412	0.24830	0.00881	0.05072	0.07759	0.04393	0.02438	0.35664	0.02589	0.03331	0.00772	0.00229	0.00671	0.01121	0.02612	0.00687
12	0.01329	0.01259	0.02134	0.55151	0.24189	0.01464	0.01849	0.01746	0.01343	0.01783	0.01168	0.01687	0.00908	0.00626	0.00644	0.00209	0.00834	0.00575	0.00296	0.00805
13	0.00776	0.00642	0.00681	0.00698	0.00887	0.00546	0.00513	0.00941	0.01461	0.01783	0.10142	0.16028	0.59329	0.01672	0.00772	0.00223	0.00333	0.01418	0.00607	0.00546
14	0.01331	0.00644	0.00682	0.00652	0.00831	0.00630	0.00496	0.01628	0.01409	0.08110	0.04254	0.02464	0.01784	0.00773	0.00477	0.00156	0.00321	0.00623	0.72092	0.00642
15	0.17834	0.00843	0.00959	0.00918	0.01162	0.00818	0.00690	0.01646	0.01396	0.18945	0.04931	0.33716	0.10918	0.01381	0.00688	0.00228	0.00434	0.01181	0.00609	0.00701
16	0.01881	0.01167	0.01443	0.01210	0.01536	0.01200	0.03388	0.21781	0.05277	0.18519	0.02198	0.03197	0.01921	0.18593	0.03974	0.00341	0.00680	0.10265	0.00594	0.00836
17	0.00776	0.00655	0.00672	0.00668	0.00880	0.00551	0.00501	0.00951	0.01502	0.01815	0.12009	0.06104	0.67493	0.01610	0.00764	0.00217	0.00325	0.01348	0.00609	0.00551
18	0.02414	0.03079	0.01831	0.01665	0.01998	0.74698	0.01248	0.02580	0.01831	0.01581	0.00999	0.01165	0.00832	0.00666	0.00583	0.00166	0.01165	0.00416	0.00333	0.00749
19	0.02273	0.01698	0.01814	0.01427	0.01906	0.01889	0.01167	0.57616	0.14198	0.03790	0.01746	0.01722	0.01261	0.00791	0.00641	0.00196	0.00664	0.00607	0.03524	0.01069
20	0.01362	0.03288	0.69750	0.01826	0.02750	0.03506	0.02320	0.04204	0.01429	0.02096	0.01167	0.01365	0.00828	0.00620	0.00614	0.00203	0.00953	0.00479	0.00286	0.00954
21	0.00776	0.00655	0.00671	0.00667	0.00880	0.00551	0.00500	0.00950	0.01501	0.01812	0.11793	0.06108	0.67711	0.01611	0.00764	0.00217	0.00326	0.01348	0.00609	0.00551
22	0.18414	0.01129	0.01391	0.01091	0.01571	0.01048	0.00901	0.02903	0.01702	0.59795	0.02225	0.01973	0.01423	0.00760	0.00601	0.00200	0.00540	0.00591	0.00721	0.01021
23	0.01704	0.73583	0.07276	0.01146	0.01721	0.02498	0.01176	0.01941	0.01316	0.01549	0.00913	0.01055	0.00829	0.00556	0.00426	0.00142	0.00706	0.00353	0.00276	0.00836
24	0.01525	0.01743	0.03813	0.02723	0.03377	0.01634	0.70915	0.02070	0.01525	0.02070	0.01307	0.01743	0.00980	0.00545	0.00763	0.00218	0.01089	0.00763	0.00327	0.00871
25	0.01855	0.01463	0.01528	0.01329	0.01722	0.04202	0.01045	0.10425	0.55269	0.09995	0.02451	0.02255	0.01803	0.00851	0.00653	0.00213	0.00559	0.00696	0.00659	0.01029
26	0.00939	0.00631	0.00726	0.00726	0.00733	0.00638	0.00418	0.00953	0.00946	0.01269	0.02016	0.04120	0.02302	0.72659	0.07858	0.00653	0.00697	0.00924	0.00389	0.00403
27	0.00978	0.00677	0.00830	0.00793	0.00976	0.00604	0.00594	0.01222	0.01678	0.06489	0.43568	0.10816	0.25495	0.01439	0.00761	0.00212	0.00332	0.01249	0.00675	0.00613
28	0.01286	0.01189	0.01959	0.70269	0.06479	0.01463	0.01776	0.04695	0.01374	0.01771	0.01168	0.01711	0.00877	0.00649	0.00646	0.00214	0.00852	0.00575	0.00304	0.00744
29	0.02416	0.01786	0.01918	0.01468	0.01987	0.01963	0.01211	0.68604	0.02977	0.04001	0.01537	0.01544	0.01094	0.00765	0.00640	0.00190	0.00703	0.00575	0.00637	0.03986
30	0.01554	0.01489	0.02541	0.12498	0.65082	0.01523	0.01961	0.01944	0.01450	0.02056	0.01207	0.01614	0.01004	0.00584	0.00640	0.00195	0.00779	0.00576	0.00316	0.00987
31	0.01504	0.27437	0.45736	0.01608	0.02404	0.01829	0.04385	0.02052	0.01371	0.04526	0.01131	0.01302	0.00857	0.00598	0.00556	0.00183	0.00859	0.00451	0.00295	0.00916
32	0.01575	0.01174	0.03754	0.01060	0.01398	0.04217	0.00873	0.13584	0.06218	0.13902	0.12173	0.05600	0.25398	0.01208	0.00714	0.00212	0.00513	0.05001	0.00634	0.00792
33	0.01525	0.01743	0.03813	0.02723	0.03377	0.01634	0.70915	0.02070	0.01525	0.02070	0.01307	0.01743	0.00980	0.00545	0.00763	0.00218	0.01089	0.00763	0.00327	0.00871
34	0.01215	0.00940	0.01220	0.01133	0.01340	0.03574	0.06318	0.07291	0.04084	0.05900	0.13056	0.37421	0.08381	0.01509	0.00770	0.00234	0.00499	0.03842	0.00600	0.00674
35	0.01532	0.01465	0.02480	0.09607	0.64513	0.01483	0.01902	0.01910	0.01457	0.02058	0.01446	0.01813	0.04192	0.00628	0.00646	0.00195	0.00756	0.00610	0.00330	0.00978
36	0.02414	0.03079	0.01831	0.01665	0.01998	0.74698	0.01248	0.02580	0.01831	0.01581	0.00999	0.01165	0.00832	0.00666	0.00583	0.00166	0.01165	0.00416	0.00333	0.00749
37	0.02414	0.03079	0.01831	0.01665	0.01998	0.74698	0.01248	0.02580	0.01831	0.01581	0.00999	0.01165	0.00832	0.00666	0.00583	0.00166	0.01165	0.00416	0.00333	0.00749
38	0.02075	0.15071	0.07808	0.01451	0.01908	0.20650	0.01262	0.27993	0.02082	0.02574	0.01330	0.04170	0.01089	0.00758	0.00653	0.00183	0.04149	0.00537	0.03361	0.00895
39	0.00783	0.00577	0.00734	0.00860	0.00927	0.00528	0.00582	0.00904	0.01275	0.01665	0.04047	0.65366	0.15465	0.01961	0.00815	0.00255	0.00367	0.01760	0.00600	0.00528
40	0.01599	0.01535	0.02623	0.03966	0.73262	0.01535	0.01983	0.01983	0.01471	0.02111	0.01215	0.01599	0.01023	0.00576	0.00640	0.00192	0.00768	0.00576	0.00320	0.01023
41	0.01727	0.77681	0.03386	0.01106	0.01658	0.02557	0.01106	0.01935	0.01313	0.01520	0.00898	0.01036	0.00829	0.00553	0.00415	0.00138	0.00691	0.00345	0.00276	0.00829
42	0.01662	0.01234	0.04161	0.01278	0.01617	0.01247	0.05308	0.07868	0.27202	0.12466	0.02046	0.02234	0.01585	0.03576	0.10060	0.11664	0.00739	0.00674	0.02538	0.00842
43	0.01041	0.00744	0.01041	0.01190	0.01339	0.00744	0.01041	0.01339	0.01487	0.01934	0.03421	0.07288	0.03719	0.01785	0.00892	0.00297	0.00595	0.68913	0.00595	0.00595
44	0.01220	0.01148	0.01938	0.75739	0.04450	0.01436	0.01794	0.01651	0.01292	0.01651	0.01148	0.01723	0.00861	0.00646	0.00646	0.00215	0.00861	0.00574	0.00287	0.00718
45	0.01110	0.11462	0.01188	0.00860	0.01093	0.00878	0.00683	0.01322	0.01539	0.07142	0.23600	0.16914	0.24529	0.01407	0.00721	0.00212	0.00406	0.03693	0.00600	0.00642
46	0.04656	0.01918	0.05225	0.15076	0.03005	0.16156	0.31722	0.04684	0.04679	0.02012	0.01249	0.01596	0.00957	0.00635	0.00728	0.00208	0.03701	0.00620	0.00347	0.00826
47	0.01771	0.74851	0.03316	0.01107	0.01658	0.02497	0.01100	0.01980	0.01333	0.04188	0.00959	0.01079	0.00858	0.00562	0.00423	0.00140	0.00686	0.00357	0.00296	0.00839
48	0.00896	0.00686	0.00825	0.00785	0.00965	0.00628	0.00590	0.01216	0.04322	0.02348	0.50906	0.05144	0.25516	0.01397	0.00759	0.00208	0.00319	0.01209	0.00677	0.00606
49	0.04118	0.01955	0.14634	0.01907	0.02459	0.10077	0.25864	0.06895	0.01622	0.06477	0.01605	0.02358	0.01352	0.00789	0.00729	0.00214	0.02618	0.10166	0.00410	0.03749
50	0.01254	0.01001	0.01292	0.05064	0.11465	0.01036	0.00976	0.04368	0.17053	0.04336	0.06725	0.20545	0.14505	0.01271	0.00720	0.00224	0.00497	0.04054	0.02846	0.00766
51	0.00818	0.00584	0.00785	0.00934	0.00985	0.00551	0.00652	0.00952	0.01267	0.01683	0.03545	0.68563	0.04207	0.01996	0.00833	0.00267	0.00401	0.09846	0.00599	0.00533
52	0.01748	0.01304	0.01389	0.01182	0.01519	0.05806	0.00931	0.18650	0.19000	0.10351	0.27247	0.02966	0.03121	0.00989	0.00687	0.00202	0.00530	0.00823	0.00669	0.00885
53	0.01956	0.01903	0.01647	0.04980	0.01920	0.22920	0.01138	0.18360	0.26716	0.02587	0.04477	0.05199	0.01641	0.00848	0.00644	0.00199	0.00751	0.00662	0.00542	0.00908
54	0.00788	0.00639	0.00700	0.00719	0.00897	0.00550	0.00526	0.00962	0.01479	0.01842	0.14960	0.18596	0.51760	0.01663	0.00774	0.00224	0.00333	0.01422	0.00615	0.00550
55	0.01122	0.00561	0.00842	0.00842	0.00842	0.00561	0.00561	0.00842	0.00842	0.01122	0.01122	0.01964	0.01122	0.02245	0.02525	0.81201	0.00561	0.00561	0.00281	0.00281
56	0.00905	0.00694	0.00843	0.05369	0.01110	0.02338	0.00626	0.01016	0.01171	0.01524	0.03052	0.35884	0.10026	0.25446	0.06664	0.00420	0.00589	0.01323	0.00493	0.00506
57	0.04452	0.02625	0.02102	0.01784	0.02142	0.52140	0.11003	0.05817	0.01751	0.01809	0.01053	0.01285	0.00864	0.00695	0.00746	0.00187	0.07937	0.00485	0.00345	0.00778
58	0.10761	0.01234	0.01326	0.01126	0.01493	0.01335	0.00893	0.14652	0.25169	0.14905	0.04750	0.02228	0.01737	0.03553	0.00695	0.00214	0.00519	0.00654	0.11840	0.00917
59	0.00787	0.00562	0.00750	0.00900	0.00937	0.00525	0.00600	0.00900	0.01237	0.01649	0.03561	0.76871	0.04274	0.02024	0.00825	0.00262	0.00375	0.01837	0.00600	0.00525
60	0.01465	0.01518	0.06719	0.06023	0.55514	0.01409	0.03939	0.01845	0.01431	0.02033	0.01500	0.10812	0.01402	0.00757	0.00665	0.00203	0.00744	0.00730	0.00350	0.00943
61	0.01923	0.01379	0.01508	0.01276	0.01613	0.05046	0.01007	0.33039	0.03756	0.11301	0.02280	0.20594	0.03917	0.01274	0.03440	0.00246	0.03985	0.00923	0.00609	0.00885
62	0.01045	0.11448	0.01153	0.00861	0.01041	0.00903	0.00663	0.02727	0.01366	0.01812	0.10233	0.19137	0.16032	0.13218	0.03844	0.00308	0.00511	0.06303	0.06808	0.00585
63	0.04281	0.01600	0.17367	0.06220	0.09229	0.01167	0.14298	0.01715	0.01465	0.06444	0.05888	0.05665	0.20002	0.00957	0.00693	0.00212	0.00701	0.00862	0.00442	0.00794
64	0.01424	0.01408	0.02073	0.01640	0.04064	0.07033	0.22154	0.04286	0.01511	0.02066	0.03691	0.11097	0.04123	0.00812	0.00654	0.00177	0.00716	0.02444	0.00418	0.28208

[dist]
# distance from previous block
# <min> <max>
2	16

[block]
# block no. 7 follows, 34 sequences, length 24
# corresponding to MSA columns:
# 289-312
name=unknown_H
#
# <colnr> <probs for GDERKNQSTAVLIFYWHMCP>
#	G	D	E	R	K	N	Q	S	T	A	V	L	I	F	Y	W	H	M	C	P
0	0.16983	0.17368	0.25434	0.01570	0.05482	0.01677	0.07009	0.04552	0.01411	0.02216	0.07034	0.01575	0.01270	0.00673	0.00609	0.00193	0.03224	0.00518	0.00356	0.00846
1	0.00948	0.00703	0.00851	0.00904	0.01027	0.00673	0.00639	0.07486	0.01490	0.01959	0.08756	0.51883	0.16679	0.01788	0.00793	0.00244	0.00393	0.01586	0.00612	0.00588
2	0.02347	0.01061	0.01360	0.01085	0.01509	0.00966	0.00881	0.07616	0.04571	0.49610	0.10765	0.02923	0.10447	0.00957	0.00676	0.00203	0.00507	0.00789	0.00750	0.00977
3	0.03425	0.01688	0.01438	0.01254	0.01572	0.23837	0.02672	0.11925	0.07510	0.05361	0.19724	0.02954	0.11981	0.00991	0.00670	0.00194	0.00682	0.00794	0.00553	0.00776
4	0.00964	0.00689	0.00867	0.00945	0.01038	0.00673	0.00664	0.07212	0.01399	0.01854	0.03396	0.58307	0.07390	0.03968	0.00942	0.03355	0.00427	0.04757	0.00586	0.00568
5	0.01429	0.01141	0.01229	0.01100	0.01420	0.01232	0.00856	0.07356	0.38820	0.05275	0.12389	0.03552	0.19289	0.01103	0.00695	0.00214	0.00457	0.00923	0.00655	0.00865
6	0.00807	0.00576	0.00772	0.00922	0.00969	0.00542	0.00634	0.00934	0.01257	0.01672	0.03550	0.71439	0.04230	0.02006	0.00830	0.00265	0.00392	0.07073	0.00599	0.00530
7	0.02204	0.10493	0.02256	0.03881	0.02135	0.01745	0.11434	0.35491	0.02269	0.15793	0.01689	0.04798	0.01265	0.00768	0.00644	0.00196	0.00726	0.00645	0.00570	0.00998
8	0.01190	0.00605	0.00615	0.00613	0.00764	0.00603	0.00460	0.01491	0.01379	0.02418	0.05687	0.02531	0.01881	0.00782	0.00467	0.00153	0.00301	0.00631	0.76827	0.00603
9	0.00780	0.00655	0.00677	0.00672	0.00883	0.00552	0.00504	0.00959	0.01511	0.01837	0.13733	0.06068	0.65755	0.01602	0.00763	0.00217	0.00325	0.01343	0.00612	0.00552
10	0.81856	0.01250	0.00950	0.00850	0.01250	0.01449	0.00700	0.01899	0.01100	0.02899	0.00900	0.01050	0.00700	0.00600	0.00400	0.00200	0.00500	0.00350	0.00400	0.00700
11	0.02452	0.01740	0.01828	0.01420	0.01911	0.05319	0.01165	0.57224	0.02775	0.11745	0.01661	0.01642	0.01166	0.00772	0.00636	0.00191	0.00697	0.00582	0.04011	0.01061
12	0.00928	0.00673	0.00938	0.00938	0.01019	0.00753	0.00683	0.01090	0.01009	0.01426	0.01822	0.03045	0.01835	0.26570	0.53309	0.00915	0.01400	0.00766	0.00360	0.00521
13	0.00773	0.00655	0.00667	0.00664	0.00878	0.00549	0.00498	0.00945	0.01494	0.01797	0.10563	0.06134	0.68950	0.01617	0.00764	0.00217	0.00326	0.01352	0.00607	0.00549
14	0.02391	0.01761	0.01892	0.01464	0.01962	0.01946	0.01203	0.68354	0.02967	0.03977	0.01630	0.04505	0.01223	0.00825	0.00653	0.00197	0.00698	0.00631	0.00645	0.01076
15	0.01122	0.00561	0.00842	0.00842	0.00842	0.00561	0.00561	0.00842	0.00842	0.01122	0.01122	0.01964	0.01122	0.02245	0.02525	0.81201	0.00561	0.00561	0.00281	0.00281
16	0.00772	0.00655	0.00666	0.00663	0.00878	0.00549	0.00497	0.00943	0.01491	0.01790	0.10022	0.06145	0.69495	0.01620	0.00764	0.00217	0.00326	0.01353	0.00606	0.00549
17	0.01700	0.63685	0.13193	0.01236	0.01834	0.05875	0.01292	0.01981	0.01345	0.01597	0.00940	0.01089	0.00828	0.00567	0.00451	0.00149	0.00751	0.00367	0.00279	0.00843
18	0.00825	0.00649	0.00744	0.00738	0.00915	0.00569	0.00547	0.01039	0.01591	0.02066	0.32141	0.11950	0.40830	0.01548	0.00768	0.00216	0.00323	0.01330	0.00643	0.00569
19	0.02242	0.02551	0.01926	0.01658	0.02044	0.48183	0.05892	0.12905	0.12327	0.02151	0.01342	0.01445	0.01050	0.00705	0.00615	0.00182	0.00996	0.00510	0.00427	0.00850
20	0.00787	0.00562	0.00750	0.00900	0.00937	0.00525	0.00600	0.00900	0.01237	0.01649	0.03561	0.76871	0.04274	0.02024	0.00825	0.00262	0.00375	0.01837	0.00600	0.00525
21	0.00780	0.00655	0.00677	0.00672	0.00883	0.00552	0.00504	0.00959	0.01512	0.01838	0.13800	0.06066	0.65687	0.01602	0.00763	0.00217	0.00325	0.01342	0.00612	0.00552
22	0.00868	0.00659	0.00800	0.00765	0.00937	0.00590	0.00573	0.01130	0.01720	0.02333	0.52648	0.05252	0.26531	0.01417	0.00763	0.00208	0.00312	0.01228	0.00677	0.00590
23	0.02061	0.11396	0.03878	0.01608	0.02004	0.45784	0.06986	0.02492	0.10496	0.01813	0.04577	0.01529	0.01232	0.00698	0.00596	0.00177	0.00976	0.00512	0.00382	0.00801

[dist]
# distance from previous block
# <min> <max>
0	2

[block]
# block no. 8 follows, 34 sequences, length 54
# corresponding to MSA columns:
# 315-368
name=unknown_I
#
# <colnr> <probs for GDERKNQSTAVLIFYWHMCP>
#	G	D	E	R	K	N	Q	S	T	A	V	L	I	F	Y	W	H	M	C	P
0	0.01643	0.06712	0.09999	0.01355	0.01932	0.13282	0.06158	0.07742	0.01578	0.02139	0.01155	0.01342	0.00926	0.00559	0.00541	0.00139	0.00722	0.00441	0.00374	0.41261
1	0.01357	0.06365	0.34440	0.01542	0.02131	0.07013	0.05263	0.05441	0.01472	0.02012	0.06115	0.04606	0.03233	0.01458	0.12770	0.00339	0.00993	0.02265	0.00367	0.00818
2	0.00938	0.00686	0.01006	0.01006	0.01119	0.00792	0.00777	0.01165	0.01051	0.01538	0.01759	0.02585	0.01640	0.06912	0.68718	0.00980	0.01623	0.00695	0.04436	0.00572
3	0.00777	0.00640	0.00683	0.00705	0.00889	0.00546	0.00516	0.00941	0.01457	0.01784	0.10286	0.17696	0.57487	0.01680	0.00774	0.00224	0.00334	0.01429	0.00607	0.00546
4	0.04377	0.05274	0.02215	0.01670	0.02157	0.15360	0.14543	0.25269	0.11003	0.09306	0.01582	0.01647	0.01160	0.00711	0.00641	0.00195	0.00822	0.00594	0.00519	0.00957
5	0.01067	0.00813	0.00977	0.00946	0.01125	0.00827	0.00706	0.01583	0.14763	0.04243	0.29029	0.21258	0.14492	0.01428	0.00804	0.00225	0.03160	0.01235	0.00645	0.00675
6	0.00768	0.00655	0.00661	0.00660	0.00876	0.00548	0.00495	0.00937	0.01484	0.01772	0.08653	0.06174	0.70875	0.01626	0.00764	0.00218	0.00327	0.01357	0.00604	0.00548
7	0.00921	0.00680	0.00961	0.00961	0.01074	0.00762	0.00730	0.01126	0.01072	0.01523	0.02149	0.02992	0.07257	0.11777	0.59387	0.00905	0.01464	0.00767	0.02937	0.00557
8	0.17482	0.08796	0.11069	0.01844	0.13615	0.19346	0.03933	0.07388	0.01606	0.07515	0.01194	0.01354	0.00918	0.00635	0.00562	0.00186	0.00820	0.00473	0.00389	0.00874
