[name]
unknown

[dist]
# distance from previous block
# <min> <max>
0	2

[block]
# block no. 0 follows, 29 sequences, length 13
# corresponding to MSA columns:
# 2-14
name=unknown_A
#
# <colnr> <probs for GDERKNQSTAVLIFYWHMCP>
#	G	D	E	R	K	N	Q	S	T	A	V	L	I	F	Y	W	H	M	C	P
0	0.06119	0.00879	0.01159	0.01274	0.01481	0.00875	0.01107	0.01531	0.01604	0.02208	0.03461	0.07248	0.03725	0.01808	0.00925	0.00309	0.00642	0.58121	0.00630	0.04895
1	0.01709	0.01278	0.01495	0.01138	0.01687	0.01095	0.00908	0.05769	0.09466	0.09664	0.08369	0.02098	0.01818	0.00723	0.00610	0.00150	0.00535	0.00593	0.00555	0.50339
2	0.01834	0.01700	0.02721	0.03908	0.59341	0.01738	0.02029	0.07288	0.07712	0.02546	0.01505	0.01837	0.01226	0.00680	0.00707	0.00214	0.00816	0.00650	0.00412	0.01134
3	0.00877	0.00699	0.00786	0.00814	0.00996	0.00609	0.00592	0.01072	0.01634	0.02065	0.17675	0.21996	0.43997	0.01839	0.00857	0.00249	0.00368	0.01583	0.00683	0.00609
4	0.01341	0.01026	0.01327	0.01165	0.01371	0.01102	0.00887	0.04200	0.01295	0.04418	0.01752	0.02783	0.01700	0.21490	0.24679	0.00631	0.11957	0.00741	0.00424	0.15709
5	0.01446	0.00939	0.00978	0.00924	0.01164	0.01011	0.00706	0.02305	0.22748	0.02769	0.06725	0.02821	0.02239	0.00911	0.00590	0.00193	0.00405	0.00747	0.49570	0.00809
6	0.00868	0.00620	0.00826	0.00991	0.01033	0.00578	0.00661	0.00991	0.01363	0.01818	0.03925	0.74510	0.04710	0.02231	0.00909	0.00289	0.00413	0.02024	0.00661	0.00578
7	0.02677	0.01097	0.01487	0.01179	0.01639	0.00958	0.00958	0.02967	0.02033	0.54880	0.18761	0.03109	0.02937	0.01017	0.00745	0.00221	0.00542	0.00851	0.00858	0.01084
8	0.01904	0.75404	0.03731	0.01218	0.01828	0.02818	0.01218	0.02132	0.01447	0.01675	0.00990	0.01142	0.00914	0.00609	0.00457	0.00152	0.00761	0.00381	0.00305	0.00914
9	0.00961	0.00716	0.00893	0.00870	0.01040	0.00649	0.00644	0.01245	0.01874	0.02568	0.51117	0.12220	0.19377	0.01600	0.00847	0.00234	0.00348	0.01401	0.00747	0.00649
10	0.01327	0.00664	0.00664	0.00664	0.00830	0.00664	0.00498	0.01659	0.01493	0.02655	0.02323	0.02655	0.01825	0.00830	0.00498	0.00166	0.00332	0.00664	0.78928	0.00664
11	0.01147	0.00820	0.01147	0.01311	0.01475	0.00820	0.01147	0.01475	0.01639	0.02131	0.03770	0.08032	0.04098	0.01967	0.00984	0.00328	0.00656	0.65741	0.00656	0.00656
12	0.00993	0.00727	0.00932	0.00880	0.01055	0.00666	0.00660	0.01315	0.01981	0.02773	0.64610	0.05454	0.12318	0.01486	0.00840	0.00225	0.00338	0.01307	0.00773	0.00666

[dist]
# distance from previous block
# <min> <max>
0	2

[block]
# block no. 1 follows, 29 sequences, length 54
# corresponding to MSA columns:
# 17-70
name=unknown_B
#
# <colnr> <probs for GDERKNQSTAVLIFYWHMCP>
#	G	D	E	R	K	N	Q	S	T	A	V	L	I	F	Y	W	H	M	C	P
0	0.80005	0.01377	0.01047	0.00936	0.01377	0.01597	0.00771	0.02093	0.01212	0.03195	0.00991	0.01157	0.00771	0.00661	0.00441	0.00220	0.00551	0.00386	0.00441	0.00771
1	0.01808	0.01548	0.01631	0.01456	0.01866	0.01788	0.01136	0.06296	0.66675	0.03038	0.02852	0.02620	0.02136	0.00962	0.00724	0.00240	0.00572	0.00799	0.00724	0.01130
2	0.34285	0.10952	0.04347	0.01302	0.01815	0.10526	0.01119	0.16390	0.01883	0.09456	0.01339	0.01420	0.00999	0.00726	0.00560	0.00206	0.00740	0.00485	0.00509	0.00941
3	0.02576	0.07795	0.02226	0.01591	0.02153	0.02226	0.01327	0.58326	0.07891	0.04157	0.01737	0.01732	0.01256	0.00843	0.00693	0.00211	0.00766	0.00632	0.00681	0.01181
4	0.02756	0.01226	0.01608	0.01213	0.01784	0.01022	0.00995	0.03042	0.01895	0.53488	0.02415	0.02182	0.01582	0.00791	0.00668	0.00191	0.00586	0.00641	0.00764	0.21153
5	0.02707	0.01995	0.02137	0.01638	0.02208	0.02208	0.01353	0.68159	0.03348	0.04488	0.01710	0.01710	0.01211	0.00855	0.00712	0.00214	0.00784	0.00641	0.00712	0.01211
6	0.00967	0.00726	0.00896	0.00853	0.01039	0.00655	0.00640	0.01265	0.01920	0.02628	0.54779	0.05694	0.22239	0.01541	0.00840	0.00228	0.00342	0.01340	0.00754	0.00655
7	0.02707	0.01995	0.02137	0.01638	0.02208	0.02208	0.01353	0.68159	0.03348	0.04488	0.01710	0.01710	0.01211	0.00855	0.00712	0.00214	0.00784	0.00641	0.00712	0.01211
8	0.01968	0.69570	0.03605	0.01252	0.01858	0.02769	0.01229	0.07379	0.01598	0.01899	0.01047	0.01187	0.00937	0.00629	0.00477	0.00157	0.00763	0.00401	0.00337	0.00937
9	0.01033	0.00700	0.00825	0.00825	0.00841	0.00716	0.00491	0.01066	0.01050	0.01416	0.02200	0.04416	0.02483	0.65874	0.12581	0.00750	0.00849	0.01000	0.00425	0.00458
10	0.01008	0.00728	0.00952	0.00896	0.01064	0.00672	0.00672	0.01344	0.02016	0.02855	0.70158	0.05319	0.06719	0.01456	0.00840	0.00224	0.00336	0.01288	0.00784	0.00672
11	0.02678	0.01327	0.01637	0.01333	0.01830	0.01309	0.01076	0.03584	0.26424	0.46336	0.02842	0.02508	0.01912	0.00912	0.00719	0.00228	0.00591	0.00748	0.00824	0.01181
12	0.01277	0.00897	0.01304	0.01646	0.14248	0.00847	0.00994	0.01489	0.01525	0.08766	0.05590	0.44905	0.08210	0.01736	0.00847	0.00264	0.00515	0.03562	0.00628	0.00751
13	0.00881	0.00723	0.00776	0.00763	0.00986	0.00618	0.00572	0.01099	0.01717	0.02146	0.22229	0.06487	0.55090	0.01720	0.00841	0.00237	0.00355	0.01452	0.00690	0.00618
14	0.01437	0.03619	0.68847	0.02065	0.03105	0.01659	0.05005	0.02256	0.01510	0.02256	0.01284	0.01519	0.00909	0.00674	0.00682	0.00226	0.01058	0.00538	0.00303	0.01049
15	0.04613	0.01678	0.02417	0.16579	0.39060	0.06323	0.01857	0.04314	0.07231	0.06788	0.01532	0.01850	0.01197	0.00706	0.00695	0.00218	0.00844	0.00633	0.00425	0.01039
16	0.01675	0.01603	0.02732	0.18795	0.56792	0.01669	0.02142	0.02109	0.01580	0.02220	0.01324	0.01791	0.01090	0.00651	0.00706	0.00217	0.00868	0.00634	0.00345	0.01057
17	0.00842	0.00721	0.00721	0.00721	0.00962	0.00601	0.00541	0.01022	0.01623	0.01924	0.07213	0.06853	0.70244	0.01803	0.00842	0.00240	0.00361	0.01503	0.00661	0.00601
18	0.01307	0.01214	0.02032	0.67520	0.04597	0.01502	0.01873	0.01754	0.01419	0.01819	0.01477	0.07669	0.01248	0.00833	0.00728	0.00241	0.00907	0.00743	0.00344	0.00774
19	0.01642	0.03229	0.55763	0.02065	0.03023	0.01642	0.09818	0.04672	0.01631	0.07802	0.01433	0.01631	0.01001	0.00690	0.00699	0.00226	0.01024	0.00581	0.00368	0.01060
20	0.02707	0.01995	0.02137	0.01638	0.02208	0.02208	0.01353	0.68159	0.03348	0.04488	0.01710	0.01710	0.01211	0.00855	0.00712	0.00214	0.00784	0.00641	0.00712	0.01211
21	0.01677	0.07480	0.04449	0.01489	0.04001	0.04842	0.01219	0.06040	0.03493	0.02245	0.01233	0.01520	0.01047	0.00761	0.00998	0.00182	0.18530	0.00505	0.00403	0.37889
22	0.00868	0.00620	0.00826	0.00991	0.01033	0.00578	0.00661	0.00991	0.01363	0.01818	0.03925	0.74510	0.04710	0.02231	0.00909	0.00289	0.00413	0.02024	0.00661	0.00578
23	0.01762	0.01692	0.02890	0.04371	0.70533	0.01692	0.02185	0.02185	0.01621	0.02326	0.01339	0.01762	0.01128	0.00634	0.00705	0.00211	0.00846	0.00634	0.00352	0.01128
24	0.02707	0.01995	0.02137	0.01638	0.02208	0.02208	0.01353	0.68159	0.03348	0.04488	0.01710	0.01710	0.01211	0.00855	0.00712	0.00214	0.00784	0.00641	0.00712	0.01211
25	0.01771	0.01530	0.01610	0.01449	0.01852	0.01771	0.01127	0.03784	0.69247	0.02979	0.02898	0.02657	0.02174	0.00966	0.00725	0.00242	0.00564	0.00805	0.00725	0.01127
26	0.00893	0.00639	0.00853	0.01000	0.01058	0.00598	0.00687	0.01044	0.01429	0.01916	0.09180	0.65606	0.04838	0.02156	0.00907	0.00286	0.00419	0.05230	0.00670	0.00590
27	0.01558	0.01558	0.02181	0.01869	0.01869	0.02181	0.01558	0.01714	0.01091	0.01714	0.00935	0.01558	0.00935	0.01246	0.02337	0.00312	0.73672	0.00623	0.00312	0.00779
28	0.02707	0.01995	0.02137	0.01638	0.02208	0.02208	0.01353	0.68159	0.03348	0.04488	0.01710	0.01710	0.01211	0.00855	0.00712	0.00214	0.00784	0.00641	0.00712	0.01211
29	0.02913	0.01144	0.01538	0.01203	0.01682	0.01000	0.00966	0.03152	0.01907	0.61923	0.02735	0.02716	0.01871	0.10566	0.01096	0.00282	0.00617	0.00758	0.00823	0.01110
30	0.80005	0.01377	0.01047	0.00936	0.01377	0.01597	0.00771	0.02093	0.01212	0.03195	0.00991	0.01157	0.00771	0.00661	0.00441	0.00220	0.00551	0.00386	0.00441	0.00771
31	0.01771	0.01530	0.01610	0.01449	0.01852	0.01771	0.01127	0.03784	0.69247	0.02979	0.02898	0.02657	0.02174	0.00966	0.00725	0.00242	0.00564	0.00805	0.00725	0.01127
32	0.01771	0.01530	0.01610	0.01449	0.01852	0.01771	0.01127	0.03784	0.69247	0.02979	0.02898	0.02657	0.02174	0.00966	0.00725	0.00242	0.00564	0.00805	0.00725	0.01127
33	0.00842	0.00721	0.00721	0.00721	0.00962	0.00601	0.00541	0.01022	0.01623	0.01924	0.07213	0.06853	0.70244	0.01803	0.00842	0.00240	0.00361	0.01503	0.00661	0.00601
34	0.01428	0.03683	0.71286	0.02030	0.03082	0.01654	0.02631	0.02255	0.01503	0.02255	0.01278	0.01503	0.00902	0.00677	0.00677	0.00226	0.01052	0.00526	0.00301	0.01052
35	0.80005	0.01377	0.01047	0.00936	0.01377	0.01597	0.00771	0.02093	0.01212	0.03195	0.00991	0.01157	0.00771	0.00661	0.00441	0.00220	0.00551	0.00386	0.00441	0.00771
36	0.01477	0.01266	0.01477	0.01055	0.01687	0.00949	0.00844	0.01793	0.01477	0.02320	0.01266	0.01477	0.01055	0.00527	0.00527	0.00105	0.00527	0.00422	0.00422	0.79328
37	0.01237	0.00618	0.00928	0.00928	0.00928	0.00618	0.00618	0.00928	0.00928	0.01237	0.01237	0.02165	0.01237	0.02474	0.02783	0.79283	0.00618	0.00618	0.00309	0.00309
38	0.01904	0.75404	0.03731	0.01218	0.01828	0.02818	0.01218	0.02132	0.01447	0.01675	0.00990	0.01142	0.00914	0.00609	0.00457	0.00152	0.00761	0.00381	0.00305	0.00914
39	0.01548	0.21825	0.54198	0.01824	0.02765	0.01948	0.02274	0.02224	0.01489	0.02108	0.01205	0.01412	0.00905	0.00659	0.00621	0.00207	0.00979	0.00489	0.00302	0.01017
40	0.01008	0.00728	0.00952	0.00896	0.01064	0.00672	0.00672	0.01344	0.02016	0.02855	0.70158	0.05319	0.06719	0.01456	0.00840	0.00224	0.00336	0.01288	0.00784	0.00672
41	0.01184	0.00861	0.01108	0.01202	0.01352	0.00885	0.00980	0.01604	0.08243	0.02042	0.03331	0.06717	0.03558	0.18721	0.01567	0.00403	0.00654	0.44326	0.00611	0.00651
42	0.26219	0.01703	0.04942	0.01805	0.12776	0.04218	0.01284	0.10242	0.18966	0.08444	0.01777	0.01820	0.01326	0.00778	0.00626	0.00222	0.00682	0.00597	0.00556	0.01019
43	0.00868	0.00620	0.00826	0.00991	0.01033	0.00578	0.00661	0.00991	0.01363	0.01818	0.03925	0.74510	0.04710	0.02231	0.00909	0.00289	0.00413	0.02024	0.00661	0.00578
44	0.00846	0.00704	0.00739	0.00766	0.00974	0.00597	0.00561	0.01017	0.01580	0.01906	0.06664	0.18148	0.59304	0.01875	0.00853	0.00249	0.00369	0.01590	0.00661	0.00597
45	0.80005	0.01377	0.01047	0.00936	0.01377	0.01597	0.00771	0.02093	0.01212	0.03195	0.00991	0.01157	0.00771	0.00661	0.00441	0.00220	0.00551	0.00386	0.00441	0.00771
46	0.01501	0.05684	0.63339	0.02041	0.03046	0.01716	0.05889	0.04619	0.01577	0.02319	0.01293	0.01521	0.00923	0.00677	0.00680	0.00224	0.01042	0.00542	0.00319	0.01049
47	0.00873	0.00670	0.00801	0.00879	0.01010	0.00597	0.00617	0.01042	0.01533	0.01973	0.12514	0.41397	0.29567	0.01984	0.00876	0.00264	0.00385	0.01747	0.00675	0.00597
48	0.01558	0.01558	0.02181	0.01869	0.01869	0.02181	0.01558	0.01714	0.01091	0.01714	0.00935	0.01558	0.00935	0.01246	0.02337	0.00312	0.73672	0.00623	0.00312	0.00779
49	0.01440	0.03602	0.68182	0.02074	0.03111	0.01661	0.05653	0.02256	0.01512	0.02256	0.01285	0.01523	0.00910	0.00673	0.00684	0.00226	0.01059	0.00541	0.00303	0.01048
50	0.01091	0.00863	0.01147	0.01143	0.01256	0.03270	0.00869	0.01305	0.01182	0.01645	0.02026	0.05482	0.02008	0.13895	0.53903	0.00971	0.03815	0.03108	0.00404	0.00619
51	0.14693	0.01362	0.01639	0.01277	0.01814	0.01316	0.01054	0.13657	0.02124	0.50112	0.02359	0.02118	0.01525	0.00844	0.00674	0.00219	0.00626	0.00654	0.00788	0.01145
52	0.01558	0.01558	0.02181	0.01869	0.01869	0.02181	0.01558	0.01714	0.01091	0.01714	0.00935	0.01558	0.00935	0.01246	0.02337	0.00312	0.73672	0.00623	0.00312	0.00779
53	0.01777	0.14544	0.44796	0.01966	0.07373	0.01819	0.02144	0.06613	0.01673	0.08829	0.01410	0.01565	0.01021	0.00694	0.00650	0.00212	0.00932	0.00536	0.00387	0.01061

[dist]
# distance from previous block
# <min> <max>
0	1

[block]
# block no. 2 follows, 29 sequences, length 34
# corresponding to MSA columns:
# 72-105
name=unknown_C
#
# <colnr> <probs for GDERKNQSTAVLIFYWHMCP>
#	G	D	E	R	K	N	Q	S	T	A	V	L	I	F	Y	W	H	M	C	P
0	0.01867	0.02066	0.01994	0.02114	0.14199	0.29306	0.06856	0.04083	0.01780	0.02037	0.04529	0.21621	0.02231	0.01145	0.00752	0.00225	0.00910	0.00987	0.00470	0.00829
1	0.76129	0.05051	0.01180	0.00950	0.01399	0.01658	0.00793	0.02095	0.01223	0.03119	0.00991	0.01156	0.00778	0.00658	0.00441	0.00217	0.00561	0.00385	0.00434	0.00778
2	0.01032	0.00821	0.01158	0.01132	0.01268	0.00947	0.00886	0.01266	0.01221	0.01704	0.02723	0.03380	0.13264	0.04408	0.54394	0.00924	0.07532	0.00876	0.00423	0.00642
3	0.01185	0.01005	0.05308	0.01254	0.06909	0.00826	0.00921	0.01544	0.01928	0.05872	0.53081	0.04769	0.09943	0.01339	0.00813	0.00224	0.00435	0.01177	0.00716	0.00752
4	0.01345	0.01266	0.02136	0.73264	0.04904	0.01582	0.01978	0.01819	0.01424	0.01819	0.01266	0.01898	0.00949	0.00712	0.00712	0.00237	0.00949	0.00633	0.00316	0.00791
5	0.00901	0.00717	0.00809	0.00800	0.01002	0.00624	0.00595	0.01132	0.01743	0.02242	0.29004	0.10798	0.43692	0.01710	0.00845	0.00238	0.00355	0.01462	0.00704	0.00624
6	0.01613	0.01721	0.03090	0.02379	0.02703	0.02010	0.31433	0.01969	0.01356	0.01969	0.01162	0.01721	0.01000	0.00956	0.01663	0.00279	0.41060	0.00721	0.00333	0.00861
7	0.02108	0.01636	0.01755	0.01489	0.01946	0.01846	0.01183	0.21129	0.47478	0.07430	0.02572	0.02387	0.01890	0.00931	0.00721	0.00233	0.00625	0.00756	0.00731	0.01155
8	0.01956	0.44488	0.16888	0.01469	0.02152	0.02432	0.01524	0.14752	0.04212	0.02371	0.01252	0.01376	0.01012	0.00682	0.00559	0.00182	0.00817	0.00474	0.00396	0.01006
9	0.00959	0.00746	0.00888	0.00934	0.01130	0.00675	0.00744	0.01205	0.01681	0.02136	0.16732	0.10290	0.37183	0.01813	0.00885	0.00265	0.00444	0.19980	0.00680	0.00628
10	0.01345	0.01266	0.02136	0.73264	0.04904	0.01582	0.01978	0.01819	0.01424	0.01819	0.01266	0.01898	0.00949	0.00712	0.00712	0.00237	0.00949	0.00633	0.00316	0.00791
11	0.00945	0.00706	0.00844	0.00844	0.01016	0.00634	0.00620	0.01196	0.01762	0.02379	0.36250	0.16627	0.26953	0.01665	0.00837	0.00237	0.00356	0.01448	0.04047	0.00634
12	0.80005	0.01377	0.01047	0.00936	0.01377	0.01597	0.00771	0.02093	0.01212	0.03195	0.00991	0.01157	0.00771	0.00661	0.00441	0.00220	0.00551	0.00386	0.00441	0.00771
13	0.01771	0.01530	0.01610	0.01449	0.01852	0.01771	0.01127	0.03784	0.69247	0.02979	0.02898	0.02657	0.02174	0.00966	0.00725	0.00242	0.00564	0.00805	0.00725	0.01127
14	0.01345	0.01266	0.02136	0.73264	0.04904	0.01582	0.01978	0.01819	0.01424	0.01819	0.01266	0.01898	0.00949	0.00712	0.00712	0.00237	0.00949	0.00633	0.00316	0.00791
15	0.01670	0.01430	0.01500	0.01347	0.01704	0.03675	0.01044	0.05948	0.49666	0.02978	0.17555	0.03159	0.03092	0.01062	0.00747	0.00235	0.00545	0.00894	0.00726	0.01022
16	0.01904	0.75404	0.03731	0.01218	0.01828	0.02818	0.01218	0.02132	0.01447	0.01675	0.00990	0.01142	0.00914	0.00609	0.00457	0.00152	0.00761	0.00381	0.00305	0.00914
17	0.01762	0.01692	0.02890	0.04371	0.70533	0.01692	0.02185	0.02185	0.01621	0.02326	0.01339	0.01762	0.01128	0.00634	0.00705	0.00211	0.00846	0.00634	0.00352	0.01128
18	0.01805	0.01517	0.02174	0.01764	0.01995	0.01835	0.08201	0.09810	0.01577	0.08736	0.05320	0.02041	0.01470	0.04215	0.01727	0.00286	0.40168	0.00704	0.00455	0.04198
19	0.01681	0.01921	0.04202	0.03001	0.03721	0.01801	0.67947	0.02281	0.01681	0.02281	0.01441	0.01921	0.01080	0.00600	0.00840	0.00240	0.01200	0.00840	0.00360	0.00960
20	0.01790	0.01507	0.01604	0.01428	0.01819	0.01734	0.01111	0.08686	0.59014	0.02991	0.02743	0.02660	0.02098	0.03817	0.03484	0.00289	0.00636	0.00799	0.00700	0.01090
21	0.03195	0.01212	0.01652	0.01267	0.01818	0.01047	0.01047	0.03470	0.02038	0.71026	0.02809	0.02424	0.01763	0.00881	0.00716	0.00220	0.00606	0.00716	0.00881	0.01212
22	0.01908	0.01919	0.08052	0.02414	0.03064	0.05756	0.43244	0.02426	0.01773	0.13287	0.07264	0.02213	0.01630	0.00729	0.00797	0.00231	0.01029	0.00813	0.00475	0.00975
23	0.01836	0.65213	0.13330	0.01334	0.02006	0.02652	0.01419	0.02150	0.01455	0.01758	0.01031	0.01194	0.00912	0.00619	0.00488	0.00163	0.00803	0.00401	0.00304	0.00933
24	0.01762	0.01692	0.02890	0.04371	0.70533	0.01692	0.02185	0.02185	0.01621	0.02326	0.01339	0.01762	0.01128	0.00634	0.00705	0.00211	0.00846	0.00634	0.00352	0.01128
25	0.00965	0.00725	0.00898	0.00892	0.01068	0.00658	0.00675	0.01243	0.01832	0.02474	0.43352	0.11601	0.22605	0.01649	0.00857	0.00242	0.00374	0.06514	0.00732	0.00645
26	0.01863	0.52752	0.12662	0.01372	0.01992	0.10543	0.01391	0.02165	0.01531	0.01778	0.01412	0.01548	0.05033	0.00704	0.00531	0.00171	0.00838	0.00476	0.00332	0.00904
27	0.01690	0.01249	0.01462	0.01382	0.05201	0.01320	0.01014	0.08020	0.28874	0.09561	0.22088	0.03625	0.09189	0.01142	0.00764	0.00231	0.00519	0.00971	0.00730	0.00968
28	0.00975	0.00702	0.00922	0.00919	0.01056	0.00650	0.00669	0.01260	0.01861	0.02609	0.54434	0.21745	0.06242	0.01640	0.00856	0.00239	0.00354	0.01463	0.00755	0.00650
29	0.01176	0.01230	0.06471	0.01445	0.07024	0.08054	0.01026	0.01392	0.01472	0.01896	0.03218	0.53099	0.03718	0.01820	0.00850	0.00269	0.00595	0.03980	0.00578	0.00687
30	0.01795	0.08067	0.13457	0.08322	0.36461	0.01839	0.07361	0.09806	0.01779	0.02472	0.01347	0.01688	0.01068	0.00667	0.00692	0.00213	0.00900	0.00614	0.00380	0.01070
31	0.01762	0.01692	0.02890	0.04371	0.70533	0.01692	0.02185	0.02185	0.01621	0.02326	0.01339	0.01762	0.01128	0.00634	0.00705	0.00211	0.00846	0.00634	0.00352	0.01128
32	0.00910	0.00683	0.00854	0.00973	0.01091	0.00627	0.00713	0.01085	0.01483	0.01902	0.04800	0.44279	0.22594	0.02067	0.00903	0.00283	0.00441	0.13054	0.00660	0.00598
33	0.15823	0.07166	0.12223	0.02092	0.14635	0.08237	0.06413	0.10920	0.01840	0.08493	0.04591	0.01756	0.01318	0.00738	0.00649	0.00212	0.00832	0.00594	0.00471	0.00996

[dist]
# distance from previous block
# <min> <max>
0	6

# created by:
# /home/berkeley/.conda/envs/busco_data_prod/bin/msa2prfl.pl pipeline/OGs_align_augustus/4893/13971.fs
