[name]
unknown

[dist]
# distance from previous block
# <min> <max>
0	59

[block]
# block no. 0 follows, 32 sequences, length 167
# corresponding to MSA columns:
# 59-225
name=unknown_A
#
# <colnr> <probs for GDERKNQSTAVLIFYWHMCP>
#	G	D	E	R	K	N	Q	S	T	A	V	L	I	F	Y	W	H	M	C	P
0	0.01141	0.00760	0.01020	0.01080	0.01235	0.00736	0.00867	0.01354	0.03931	0.04098	0.03139	0.15515	0.07365	0.01837	0.01197	0.15731	0.00551	0.33383	0.00554	0.04504
1	0.00873	0.00646	0.00802	0.00870	0.00979	0.00594	0.00621	0.01048	0.01457	0.01922	0.17966	0.35513	0.18996	0.07856	0.01042	0.00284	0.00404	0.06936	0.00628	0.00562
2	0.01584	0.01590	0.05035	0.07824	0.44790	0.01570	0.08333	0.02233	0.11972	0.02217	0.01513	0.01849	0.01219	0.00866	0.04274	0.00251	0.00851	0.00643	0.00383	0.01002
3	0.01809	0.01893	0.02003	0.16182	0.02567	0.24757	0.11243	0.07344	0.05322	0.04220	0.01870	0.11923	0.04096	0.00923	0.00698	0.00212	0.00901	0.00792	0.00441	0.00804
4	0.01126	0.00690	0.00974	0.00969	0.01047	0.00736	0.00706	0.01199	0.05375	0.01534	0.04858	0.02635	0.01744	0.02903	0.22772	0.42634	0.00909	0.03592	0.03128	0.00469
5	0.00892	0.00664	0.00770	0.00827	0.00918	0.00628	0.00549	0.01063	0.04148	0.01666	0.04014	0.34102	0.21449	0.23359	0.01570	0.00368	0.00457	0.01463	0.00563	0.00532
6	0.00824	0.00591	0.00772	0.00914	0.00959	0.00551	0.00608	0.00937	0.01281	0.01698	0.03760	0.69634	0.07290	0.05525	0.00972	0.00288	0.00399	0.01843	0.00613	0.00540
7	0.02016	0.01747	0.01716	0.04624	0.01918	0.13319	0.01162	0.32629	0.08095	0.02959	0.06281	0.05263	0.01719	0.04017	0.05887	0.00285	0.04184	0.00707	0.00557	0.00916
8	0.00937	0.00679	0.00772	0.00761	0.00927	0.00607	0.00547	0.01124	0.01531	0.03811	0.22370	0.11178	0.35051	0.12284	0.01157	0.00284	0.00387	0.01291	0.03726	0.00576
9	0.00969	0.00700	0.00832	0.00836	0.00945	0.00678	0.00572	0.01236	0.05735	0.01998	0.24610	0.18471	0.11401	0.23683	0.01563	0.00354	0.00445	0.01252	0.03151	0.00568
10	0.00959	0.00719	0.01078	0.01078	0.01198	0.00839	0.00839	0.01198	0.01078	0.01558	0.01797	0.02636	0.01677	0.05032	0.73760	0.01078	0.01797	0.00719	0.00359	0.00599
11	0.02731	0.01282	0.01611	0.01256	0.01746	0.01222	0.01029	0.19392	0.02192	0.50444	0.04665	0.05619	0.01812	0.00901	0.00686	0.00209	0.00595	0.00732	0.00779	0.01098
12	0.01503	0.01098	0.01237	0.01147	0.01434	0.01176	0.00869	0.02553	0.36860	0.10107	0.07612	0.17609	0.08709	0.03906	0.00829	0.00248	0.00482	0.01070	0.00676	0.00876
13	0.00818	0.00584	0.00779	0.00934	0.00973	0.00545	0.00623	0.00934	0.01285	0.01713	0.03698	0.75981	0.04438	0.02102	0.00856	0.00273	0.00389	0.01908	0.00623	0.00545
14	0.02063	0.48983	0.02906	0.01368	0.01855	0.29529	0.01204	0.02263	0.01567	0.01603	0.00972	0.01127	0.00862	0.00618	0.00497	0.00155	0.00904	0.00387	0.00309	0.00830
15	0.01524	0.01570	0.02036	0.12770	0.02219	0.07918	0.01513	0.01718	0.01147	0.01632	0.00941	0.01495	0.00881	0.01058	0.01839	0.00273	0.57851	0.00576	0.00299	0.00739
16	0.00836	0.00681	0.00739	0.00725	0.00933	0.00585	0.00544	0.01046	0.01631	0.02053	0.24632	0.06061	0.53976	0.01610	0.00793	0.00222	0.00333	0.01361	0.00655	0.00585
17	0.01391	0.01193	0.01391	0.00994	0.01590	0.00894	0.00795	0.01690	0.01391	0.02186	0.01193	0.01391	0.00994	0.00497	0.00497	0.00099	0.00497	0.00398	0.00398	0.80521
18	0.01512	0.01288	0.01719	0.01757	0.18682	0.01067	0.01107	0.01834	0.01443	0.04623	0.01260	0.01487	0.01034	0.00533	0.00544	0.00127	0.00572	0.00456	0.00397	0.58559
19	0.01127	0.00845	0.00976	0.00918	0.01071	0.00862	0.00642	0.01620	0.15174	0.02073	0.22960	0.04169	0.03499	0.33525	0.01889	0.00401	0.00520	0.03058	0.00566	0.04104
20	0.01020	0.00695	0.00900	0.00849	0.01001	0.00644	0.00624	0.01298	0.01791	0.05001	0.60366	0.07461	0.05730	0.08438	0.01036	0.00255	0.00360	0.01198	0.00706	0.00627
21	0.01166	0.00583	0.00874	0.00874	0.00874	0.00583	0.00583	0.00874	0.00874	0.01166	0.01166	0.02040	0.01166	0.02331	0.02622	0.80478	0.00583	0.00583	0.00291	0.00291
22	0.04791	0.19946	0.14988	0.01593	0.02193	0.08772	0.11912	0.02393	0.01591	0.19952	0.01608	0.04673	0.01231	0.00726	0.00619	0.00195	0.00820	0.00602	0.00457	0.00937
23	0.00889	0.00673	0.00813	0.00799	0.00961	0.00604	0.00587	0.01131	0.01695	0.02279	0.42820	0.12440	0.26283	0.03954	0.00883	0.00236	0.00342	0.01337	0.00681	0.00597
24	0.00833	0.00614	0.00770	0.00887	0.00966	0.00565	0.00609	0.00962	0.01327	0.01723	0.04206	0.55755	0.17352	0.05969	0.00983	0.00285	0.00404	0.04633	0.00611	0.00545
25	0.01599	0.01708	0.02328	0.01920	0.02061	0.09805	0.11833	0.01812	0.01207	0.01699	0.00970	0.01492	0.00900	0.01029	0.01814	0.00270	0.55880	0.00601	0.00306	0.00765
26	0.00945	0.00682	0.00893	0.00847	0.01001	0.00630	0.00633	0.01255	0.01878	0.02657	0.69524	0.07464	0.06266	0.01397	0.00794	0.00213	0.00319	0.01237	0.00735	0.00630
27	0.00908	0.00688	0.00774	0.00767	0.00958	0.00602	0.00569	0.01106	0.01581	0.03876	0.21433	0.10633	0.44556	0.05637	0.00938	0.00250	0.00368	0.03123	0.00644	0.00589
28	0.12608	0.01406	0.01467	0.01242	0.01643	0.04424	0.00997	0.17456	0.19718	0.15035	0.10103	0.02505	0.02107	0.00911	0.00656	0.00213	0.00583	0.03194	0.02774	0.00959
29	0.01794	0.76823	0.03516	0.01148	0.01722	0.02655	0.01148	0.02009	0.01363	0.01579	0.00933	0.01076	0.00861	0.00574	0.00431	0.00144	0.00718	0.00359	0.00287	0.00861
30	0.00836	0.00717	0.00721	0.00713	0.00948	0.00621	0.00537	0.01091	0.04947	0.01862	0.06597	0.06263	0.68522	0.01661	0.00788	0.00227	0.00349	0.01384	0.00626	0.00591
31	0.00935	0.00709	0.00927	0.00936	0.01067	0.00737	0.00692	0.01191	0.03767	0.01778	0.11273	0.13702	0.15458	0.10244	0.32746	0.00641	0.01013	0.01091	0.00504	0.00588
32	0.01295	0.00969	0.01407	0.01358	0.04903	0.00970	0.07774	0.08588	0.01542	0.04503	0.05246	0.20110	0.02819	0.16030	0.05818	0.00376	0.00695	0.11600	0.03312	0.00684
33	0.00976	0.00651	0.00732	0.00732	0.00732	0.00651	0.00407	0.00976	0.00976	0.01301	0.02114	0.04391	0.02439	0.76419	0.03415	0.00651	0.00651	0.00976	0.00407	0.00407
34	0.01166	0.00583	0.00874	0.00874	0.00874	0.00583	0.00583	0.00874	0.00874	0.01166	0.01166	0.02040	0.01166	0.02331	0.02622	0.80478	0.00583	0.00583	0.00291	0.00291
35	0.01122	0.00752	0.00905	0.00891	0.01045	0.00743	0.00658	0.01419	0.07161	0.04702	0.13448	0.06663	0.15417	0.14942	0.05913	0.07570	0.00555	0.07722	0.07773	0.00599
36	0.01296	0.01355	0.05485	0.20463	0.05120	0.03895	0.11555	0.01642	0.01280	0.01745	0.01455	0.04897	0.01305	0.04273	0.20187	0.00470	0.11795	0.00708	0.00338	0.00735
37	0.01590	0.01522	0.02596	0.16832	0.60073	0.01576	0.02024	0.01997	0.01494	0.02106	0.01250	0.01684	0.01033	0.00611	0.00665	0.00204	0.00815	0.00598	0.00326	0.01006
38	0.00865	0.00604	0.00765	0.00873	0.00901	0.00577	0.00558	0.00947	0.01192	0.01589	0.03222	0.54457	0.03837	0.24446	0.01626	0.00386	0.00468	0.01627	0.00558	0.00503
39	0.03503	0.00698	0.00849	0.00913	0.01037	0.00668	0.00683	0.01136	0.01409	0.01886	0.11681	0.21086	0.17309	0.15426	0.01309	0.00333	0.00482	0.18446	0.00589	0.00559
40	0.02320	0.06032	0.01850	0.01556	0.01926	0.48762	0.01197	0.06233	0.09441	0.07156	0.05999	0.01692	0.01423	0.00770	0.00626	0.00184	0.00984	0.00542	0.00458	0.00849
41	0.01264	0.00974	0.01368	0.01422	0.07719	0.01095	0.01015	0.11731	0.01434	0.02021	0.01721	0.02393	0.01541	0.03991	0.56080	0.00866	0.01546	0.00691	0.00404	0.00723
42	0.00958	0.00656	0.00840	0.00891	0.00998	0.00608	0.00629	0.01137	0.01478	0.04489	0.22296	0.37307	0.10643	0.09288	0.01088	0.00289	0.00409	0.04774	0.00640	0.00582
43	0.01267	0.01193	0.02013	0.74806	0.04621	0.01491	0.01863	0.01714	0.01342	0.01714	0.01193	0.01789	0.00894	0.00671	0.00671	0.00224	0.00894	0.00596	0.00298	0.00745
44	0.01391	0.01193	0.01391	0.00994	0.01590	0.00894	0.00795	0.01690	0.01391	0.02186	0.01193	0.01391	0.00994	0.00497	0.00497	0.00099	0.00497	0.00398	0.00398	0.80521
45	0.01573	0.01596	0.02217	0.14841	0.22118	0.09901	0.06646	0.01960	0.04055	0.01959	0.04830	0.02184	0.01449	0.00871	0.01012	0.00231	0.16320	0.05018	0.00372	0.00846
46	0.02551	0.01879	0.02014	0.01544	0.02081	0.02081	0.01275	0.69996	0.03155	0.04229	0.01611	0.01611	0.01141	0.00805	0.00671	0.00201	0.00738	0.00604	0.00671	0.01141
47	0.01267	0.01193	0.02013	0.74806	0.04621	0.01491	0.01863	0.01714	0.01342	0.01714	0.01193	0.01789	0.00894	0.00671	0.00671	0.00224	0.00894	0.00596	0.00298	0.00745
48	0.01381	0.01215	0.01217	0.01121	0.01382	0.08356	0.00860	0.05424	0.21964	0.02569	0.31483	0.06406	0.09414	0.01208	0.00742	0.00218	0.00503	0.03086	0.00662	0.00788
49	0.00921	0.00705	0.00973	0.00995	0.01138	0.00654	0.03542	0.01148	0.01540	0.02057	0.22686	0.33016	0.14715	0.01742	0.00837	0.00252	0.00427	0.11410	0.00642	0.00598
50	0.00959	0.00719	0.01078	0.01078	0.01198	0.00839	0.00839	0.01198	0.01078	0.01558	0.01797	0.02636	0.01677	0.05032	0.73760	0.01078	0.01797	0.00719	0.00359	0.00599
51	0.01263	0.01177	0.01776	0.08124	0.01892	0.01528	0.04627	0.01493	0.01102	0.01628	0.01278	0.01955	0.01189	0.02555	0.29005	0.00580	0.37165	0.00648	0.00321	0.00693
52	0.09613	0.09346	0.41313	0.04465	0.07424	0.12762	0.01954	0.02166	0.01464	0.02082	0.01131	0.01353	0.00857	0.00637	0.00595	0.00199	0.00937	0.00472	0.00310	0.00917
53	0.03010	0.01142	0.01557	0.01194	0.01713	0.00986	0.00986	0.03270	0.01920	0.72698	0.02647	0.02284	0.01661	0.00830	0.00675	0.00208	0.00571	0.00675	0.00830	0.01142
54	0.01146	0.00998	0.00962	0.00894	0.01153	0.05875	0.00690	0.09100	0.01792	0.02202	0.14228	0.05381	0.47791	0.01488	0.00770	0.00221	0.00453	0.03573	0.00624	0.00658
55	0.01997	0.01511	0.02440	0.03006	0.41376	0.01494	0.07700	0.05428	0.07461	0.18184	0.01719	0.01882	0.01279	0.00682	0.00680	0.00206	0.00751	0.00646	0.00489	0.01070
56	0.11502	0.09927	0.39629	0.02107	0.14580	0.01692	0.04355	0.04895	0.01474	0.02282	0.01176	0.01406	0.00890	0.00627	0.00601	0.00203	0.00866	0.00498	0.00327	0.00961
57	0.00827	0.00591	0.00787	0.00928	0.00975	0.00551	0.00624	0.00958	0.01328	0.01781	0.08468	0.71016	0.04570	0.02051	0.00852	0.00268	0.00384	0.01859	0.00631	0.00551
58	0.01618	0.41314	0.31135	0.01453	0.02171	0.02074	0.01661	0.02062	0.01391	0.04253	0.01141	0.01327	0.00922	0.00815	0.03917	0.00217	0.00872	0.00441	0.00308	0.00911
59	0.08827	0.03867	0.10051	0.12044	0.02557	0.12713	0.13635	0.08989	0.01651	0.02227	0.03780	0.01971	0.06228	0.00801	0.00804	0.00216	0.07766	0.00646	0.00397	0.00831
60	0.01448	0.00867	0.03446	0.00781	0.01019	0.00809	0.00639	0.07997	0.01591	0.05555	0.02118	0.02370	0.01632	0.00781	0.00502	0.00165	0.00388	0.00621	0.66564	0.00708
61	0.01774	0.22269	0.15441	0.01502	0.04428	0.01870	0.01401	0.12973	0.16823	0.04947	0.01688	0.01903	0.01341	0.00909	0.03193	0.00226	0.00758	0.03059	0.00471	0.03024
62	0.02083	0.08538	0.01916	0.01445	0.01897	0.08313	0.01170	0.28116	0.33313	0.03123	0.02001	0.01927	0.01498	0.00822	0.00649	0.00205	0.00685	0.00636	0.00613	0.01048
63	0.00961	0.00709	0.01029	0.01029	0.01132	0.00812	0.00778	0.01167	0.01064	0.01521	0.01842	0.02884	0.01785	0.15111	0.63828	0.01018	0.01635	0.00755	0.00366	0.00572
64	0.01540	0.07003	0.42247	0.02201	0.11143	0.04606	0.11248	0.02140	0.01469	0.04496	0.01267	0.01534	0.00950	0.00754	0.02571	0.00231	0.02767	0.00552	0.00321	0.00961
65	0.01511	0.19294	0.31863	0.04328	0.02408	0.04041	0.05976	0.03843	0.05935	0.02054	0.01577	0.02290	0.01362	0.00810	0.00644	0.00211	0.00855	0.09728	0.00372	0.00898
66	0.01166	0.00583	0.00874	0.00874	0.00874	0.00583	0.00583	0.00874	0.00874	0.01166	0.01166	0.02040	0.01166	0.02331	0.02622	0.80478	0.00583	0.00583	0.00291	0.00291
67	0.01146	0.00849	0.01231	0.03457	0.04085	0.00927	0.05079	0.01419	0.01269	0.01938	0.02193	0.05383	0.06265	0.04364	0.26964	0.00526	0.06199	0.00772	0.25284	0.00649
68	0.01826	0.05331	0.28980	0.01907	0.04953	0.08752	0.13318	0.04893	0.05848	0.12602	0.04025	0.01786	0.01284	0.00704	0.00668	0.00207	0.00897	0.00610	0.00436	0.00972
69	0.01662	0.01588	0.02657	0.10707	0.36172	0.01646	0.15110	0.06566	0.12515	0.02358	0.01526	0.01832	0.01196	0.00661	0.00693	0.00212	0.00827	0.00661	0.00406	0.01003
70	0.02993	0.01169	0.01574	0.01207	0.01727	0.01027	0.00997	0.05763	0.01967	0.70140	0.02608	0.02259	0.01642	0.00830	0.00675	0.00207	0.00577	0.00672	0.00825	0.01142
71	0.02242	0.01537	0.04329	0.09077	0.05638	0.01567	0.01293	0.24404	0.15712	0.21818	0.02088	0.02148	0.01495	0.00832	0.00680	0.00214	0.00678	0.02543	0.00646	0.01061
72	0.01019	0.00792	0.00988	0.01040	0.03324	0.00769	0.00765	0.01449	0.09046	0.02278	0.29868	0.15178	0.17922	0.01536	0.00806	0.00239	0.00414	0.11240	0.00663	0.00665
73	0.00950	0.00686	0.00897	0.00844	0.01002	0.00633	0.00633	0.01266	0.01899	0.02691	0.71879	0.05012	0.06331	0.01372	0.00791	0.00211	0.00317	0.01213	0.00739	0.00633
74	0.01794	0.76823	0.03516	0.01148	0.01722	0.02655	0.01148	0.02009	0.01363	0.01579	0.00933	0.01076	0.00861	0.00574	0.00431	0.00144	0.00718	0.00359	0.00287	0.00861
75	0.01391	0.10874	0.65935	0.01835	0.02785	0.01669	0.02345	0.02113	0.01411	0.02070	0.01177	0.01382	0.00851	0.00631	0.00617	0.00206	0.00964	0.00482	0.00284	0.00978
76	0.00829	0.00701	0.00721	0.00729	0.00945	0.00607	0.00541	0.01062	0.04215	0.01842	0.06360	0.12554	0.63166	0.01705	0.00794	0.00231	0.00352	0.01435	0.00625	0.00584
77	0.01669	0.01441	0.01517	0.01365	0.01745	0.01669	0.01062	0.03565	0.71021	0.02807	0.02731	0.02503	0.02048	0.00910	0.00683	0.00228	0.00531	0.00759	0.00683	0.01062
78	0.81159	0.01298	0.00986	0.00882	0.01298	0.01505	0.00727	0.01972	0.01142	0.03010	0.00934	0.01090	0.00727	0.00623	0.00415	0.00208	0.00519	0.00363	0.00415	0.00727
79	0.02806	0.01131	0.01517	0.01177	0.01664	0.01000	0.00966	0.05853	0.01970	0.63568	0.08829	0.02501	0.02059	0.00878	0.00685	0.00208	0.00555	0.00720	0.00816	0.01096
80	0.02237	0.31037	0.02512	0.01509	0.01941	0.46852	0.01240	0.02426	0.01698	0.01618	0.00998	0.01159	0.00863	0.00647	0.00539	0.00162	0.01024	0.00404	0.00324	0.00809
81	0.00818	0.00584	0.00779	0.00934	0.00973	0.00545	0.00623	0.00934	0.01285	0.01713	0.03698	0.75981	0.04438	0.02102	0.00856	0.00273	0.00389	0.01908	0.00623	0.00545
82	0.01166	0.00583	0.00874	0.00874	0.00874	0.00583	0.00583	0.00874	0.00874	0.01166	0.01166	0.02040	0.01166	0.02331	0.02622	0.80478	0.00583	0.00583	0.00291	0.00291
83	0.01267	0.01193	0.02013	0.74806	0.04621	0.01491	0.01863	0.01714	0.01342	0.01714	0.01193	0.01789	0.00894	0.00671	0.00671	0.00224	0.00894	0.00596	0.00298	0.00745
84	0.01267	0.01193	0.02013	0.74806	0.04621	0.01491	0.01863	0.01714	0.01342	0.01714	0.01193	0.01789	0.00894	0.00671	0.00671	0.00224	0.00894	0.00596	0.00298	0.00745
85	0.02506	0.03198	0.01901	0.01729	0.02074	0.73725	0.01296	0.02679	0.01901	0.01642	0.01037	0.01210	0.00864	0.00691	0.00605	0.00173	0.01210	0.00432	0.00346	0.00778
86	0.00976	0.00651	0.00732	0.00732	0.00732	0.00651	0.00407	0.00976	0.00976	0.01301	0.02114	0.04391	0.02439	0.76419	0.03415	0.00651	0.00651	0.00976	0.00407	0.00407
87	0.01071	0.00687	0.00835	0.00812	0.00869	0.00690	0.00515	0.01148	0.01131	0.04989	0.09270	0.04120	0.02701	0.55591	0.12269	0.00640	0.00763	0.00952	0.00455	0.00491
88	0.02551	0.01879	0.02014	0.01544	0.02081	0.02081	0.01275	0.69996	0.03155	0.04229	0.01611	0.01611	0.01141	0.00805	0.00671	0.00201	0.00738	0.00604	0.00671	0.01141
89	0.09734	0.01364	0.02329	0.32551	0.18321	0.01483	0.14284	0.01860	0.01451	0.02112	0.06922	0.01953	0.01375	0.00687	0.00675	0.00216	0.00831	0.00658	0.00361	0.00832
90	0.01267	0.01193	0.02013	0.74806	0.04621	0.01491	0.01863	0.01714	0.01342	0.01714	0.01193	0.01789	0.00894	0.00671	0.00671	0.00224	0.00894	0.00596	0.00298	0.00745
91	0.00959	0.00716	0.01062	0.01062	0.01177	0.00830	0.00819	0.01188	0.01074	0.01546	0.01812	0.02717	0.01713	0.08337	0.70503	0.01059	0.01744	0.00731	0.00362	0.00590
92	0.01794	0.76823	0.03516	0.01148	0.01722	0.02655	0.01148	0.02009	0.01363	0.01579	0.00933	0.01076	0.00861	0.00574	0.00431	0.00144	0.00718	0.00359	0.00287	0.00861
93	0.00972	0.00655	0.00754	0.00747	0.00769	0.00648	0.00437	0.01015	0.01102	0.01490	0.11619	0.04476	0.02970	0.66194	0.03058	0.00591	0.00605	0.01008	0.00452	0.00437
94	0.02192	0.02879	0.08312	0.09138	0.02381	0.54107	0.01474	0.02445	0.01730	0.01691	0.01055	0.01308	0.00867	0.00724	0.00744	0.00191	0.07172	0.00467	0.00331	0.00790
95	0.02511	0.01743	0.01908	0.01479	0.01990	0.01897	0.01215	0.60003	0.02941	0.10874	0.01816	0.05335	0.01355	0.00872	0.00681	0.00205	0.00705	0.00675	0.00685	0.01112
96	0.00946	0.00683	0.00893	0.00847	0.01002	0.00630	0.00633	0.01256	0.01880	0.02660	0.69766	0.07212	0.06272	0.01394	0.00793	0.00213	0.00319	0.01235	0.00735	0.00630
97	0.00824	0.00601	0.00779	0.00917	0.00981	0.00556	0.00627	0.00954	0.01321	0.01735	0.04038	0.65739	0.11926	0.02048	0.00852	0.00269	0.00392	0.04268	0.00623	0.00550
98	0.01430	0.03395	0.65888	0.01932	0.02871	0.06285	0.04750	0.02162	0.01454	0.02094	0.01199	0.01417	0.00857	0.00639	0.00641	0.00210	0.01011	0.00502	0.00289	0.00975
99	0.01584	0.01810	0.03959	0.02828	0.03507	0.01697	0.69796	0.02149	0.01584	0.02149	0.01357	0.01810	0.01018	0.00566	0.00792	0.00226	0.01131	0.00792	0.00339	0.00905
100	0.01018	0.00803	0.01179	0.01145	0.01247	0.00972	0.00896	0.01238	0.01069	0.01555	0.01703	0.02563	0.01613	0.07113	0.63018	0.00973	0.10221	0.00713	0.00354	0.00608
101	0.13532	0.01582	0.04427	0.01402	0.01926	0.01580	0.04503	0.27602	0.08417	0.25348	0.01916	0.01833	0.01311	0.00779	0.00642	0.00208	0.00665	0.00612	0.00656	0.01059
102	0.01173	0.00833	0.01054	0.00978	0.01180	0.00810	0.02641	0.03502	0.03346	0.08343	0.13563	0.18619	0.26262	0.06890	0.03566	0.00294	0.04413	0.01260	0.00611	0.00662
103	0.00814	0.00598	0.00764	0.00896	0.00963	0.00548	0.00606	0.00939	0.01322	0.01728	0.04169	0.65415	0.14700	0.02041	0.00847	0.00266	0.00382	0.01833	0.00623	0.00548
104	0.01550	0.11821	0.10104	0.05431	0.02213	0.01521	0.14557	0.07078	0.10947	0.05729	0.06534	0.08319	0.06309	0.00958	0.00701	0.00217	0.00728	0.03916	0.00496	0.00871
105	0.01625	0.02362	0.27227	0.08496	0.25415	0.09544	0.06218	0.02132	0.01524	0.04485	0.01350	0.04159	0.01088	0.00687	0.00664	0.00207	0.00918	0.00604	0.00342	0.00955
106	0.02563	0.01178	0.01485	0.01207	0.01648	0.03296	0.00989	0.06008	0.04994	0.51449	0.02530	0.02613	0.01778	0.01217	0.06294	0.00279	0.00685	0.05093	0.03661	0.01032
107	0.00831	0.00597	0.00790	0.00935	0.00987	0.00557	0.00636	0.00962	0.01321	0.01757	0.05901	0.69118	0.06567	0.02058	0.00855	0.00271	0.00394	0.04285	0.00626	0.00551
108	0.01657	0.31507	0.30486	0.09681	0.02533	0.06754	0.01755	0.02119	0.01441	0.04758	0.01146	0.01348	0.00894	0.00628	0.00560	0.00184	0.00872	0.00457	0.00313	0.00906
109	0.01959	0.11843	0.23631	0.01718	0.04741	0.12554	0.03733	0.18462	0.03894	0.06203	0.01460	0.04223	0.01144	0.00746	0.00632	0.00198	0.00870	0.00576	0.00442	0.00972
110	0.14237	0.05983	0.20027	0.04686	0.09753	0.22698	0.07360	0.04044	0.01582	0.02147	0.01130	0.01367	0.00881	0.00644	0.00602	0.00197	0.00950	0.00493	0.00343	0.00877
111	0.01876	0.57436	0.03232	0.01545	0.08073	0.12570	0.03376	0.02113	0.01461	0.01660	0.00990	0.01170	0.00884	0.00592	0.00487	0.00155	0.00807	0.00404	0.00301	0.00869
112	0.01480	0.00908	0.03542	0.00985	0.01242	0.00791	0.00772	0.01736	0.03714	0.20352	0.07986	0.15244	0.15869	0.12057	0.09846	0.00387	0.00652	0.01090	0.00614	0.00731
113	0.06874	0.31610	0.23320	0.01464	0.02079	0.01962	0.03953	0.02067	0.01387	0.07370	0.01360	0.01524	0.03399	0.00715	0.00713	0.00194	0.08269	0.00499	0.00351	0.00891
114	0.01810	0.01131	0.01360	0.01236	0.03684	0.01154	0.00926	0.07690	0.21965	0.20484	0.14228	0.09748	0.06534	0.03920	0.00821	0.00237	0.00511	0.00943	0.00699	0.00920
115	0.00838	0.00667	0.00751	0.00761	0.00942	0.00581	0.00559	0.01038	0.01589	0.02026	0.23270	0.16647	0.44613	0.01675	0.00802	0.00230	0.00341	0.01438	0.00653	0.00581
116	0.01376	0.01255	0.02032	0.10580	0.41402	0.01267	0.01582	0.01737	0.01571	0.02174	0.13736	0.03098	0.09167	0.00927	0.00716	0.00214	0.00670	0.05173	0.00444	0.00879
117	0.01631	0.16173	0.33927	0.01909	0.02646	0.04429	0.15455	0.08204	0.01593	0.02176	0.01199	0.01446	0.00914	0.00657	0.00716	0.00205	0.04904	0.00542	0.00333	0.00943
118	0.01516	0.01446	0.02462	0.30157	0.47328	0.01556	0.01987	0.01932	0.01459	0.02016	0.01237	0.01708	0.01001	0.00625	0.00667	0.00208	0.00833	0.00597	0.00320	0.00946
119	0.00973	0.00644	0.00727	0.00741	0.00761	0.00637	0.00432	0.01008	0.01048	0.01428	0.02416	0.10406	0.04990	0.62834	0.02925	0.00573	0.00597	0.01048	0.05373	0.00437
120	0.02150	0.01584	0.01701	0.01369	0.01808	0.01739	0.01107	0.49791	0.09278	0.03651	0.02157	0.07985	0.04627	0.00957	0.00677	0.00207	0.00640	0.00761	0.06788	0.01021
121	0.01906	0.01581	0.01570	0.01386	0.01781	0.08090	0.01081	0.05331	0.55860	0.09853	0.02539	0.02340	0.01877	0.00880	0.00675	0.00220	0.00602	0.00716	0.00667	0.01047
122	0.01567	0.01387	0.01408	0.01277	0.01615	0.05253	0.00986	0.03062	0.54006	0.02687	0.13319	0.02980	0.05532	0.01002	0.00700	0.00222	0.00526	0.00838	0.00671	0.00961
123	0.81159	0.01298	0.00986	0.00882	0.01298	0.01505	0.00727	0.01972	0.01142	0.03010	0.00934	0.01090	0.00727	0.00623	0.00415	0.00208	0.00519	0.00363	0.00415	0.00727
124	0.01433	0.01191	0.01396	0.00999	0.01593	0.00897	0.00800	0.01731	0.01405	0.04020	0.01230	0.01415	0.01011	0.00506	0.00502	0.00102	0.00499	0.00405	0.00409	0.78457
125	0.01749	0.01042	0.01122	0.00970	0.01270	0.01097	0.00765	0.15637	0.11491	0.10103	0.02196	0.02302	0.01644	0.00809	0.00560	0.00180	0.00454	0.00645	0.45122	0.00842
126	0.01070	0.00769	0.01066	0.01214	0.01371	0.00764	0.01059	0.01374	0.01544	0.02000	0.03679	0.07525	0.06515	0.01848	0.00922	0.00306	0.00607	0.65134	0.00618	0.00616
127	0.00817	0.00587	0.00775	0.00925	0.00971	0.00546	0.00619	0.00935	0.01293	0.01716	0.03809	0.73504	0.06843	0.02088	0.00854	0.00271	0.00388	0.01890	0.00623	0.00546
128	0.01267	0.01193	0.02013	0.74806	0.04621	0.01491	0.01863	0.01714	0.01342	0.01714	0.01193	0.01789	0.00894	0.00671	0.00671	0.00224	0.00894	0.00596	0.00298	0.00745
129	0.02506	0.03198	0.01901	0.01729	0.02074	0.73725	0.01296	0.02679	0.01901	0.01642	0.01037	0.01210	0.00864	0.00691	0.00605	0.00173	0.01210	0.00432	0.00346	0.00778
130	0.00976	0.00651	0.00732	0.00732	0.00732	0.00651	0.00407	0.00976	0.00976	0.01301	0.02114	0.04391	0.02439	0.76419	0.03415	0.00651	0.00651	0.00976	0.00407	0.00407
131	0.12051	0.01160	0.01491	0.01158	0.01665	0.01046	0.00956	0.03120	0.01830	0.64636	0.02449	0.02146	0.01553	0.00806	0.00645	0.00208	0.00565	0.00639	0.00782	0.01094
132	0.81159	0.01298	0.00986	0.00882	0.01298	0.01505	0.00727	0.01972	0.01142	0.03010	0.00934	0.01090	0.00727	0.00623	0.00415	0.00208	0.00519	0.00363	0.00415	0.00727
133	0.00793	0.00680	0.00680	0.00680	0.00906	0.00566	0.00510	0.00963	0.01529	0.01813	0.06797	0.06457	0.71961	0.01699	0.00793	0.00227	0.00340	0.01416	0.00623	0.00566
134	0.09977	0.00767	0.00930	0.00884	0.01075	0.00739	0.00664	0.01418	0.01723	0.06915	0.49338	0.15192	0.05131	0.01366	0.00752	0.00220	0.00366	0.01191	0.00691	0.00662
135	0.01794	0.76823	0.03516	0.01148	0.01722	0.02655	0.01148	0.02009	0.01363	0.01579	0.00933	0.01076	0.00861	0.00574	0.00431	0.00144	0.00718	0.00359	0.00287	0.00861
136	0.01574	0.01506	0.02567	0.19683	0.57346	0.01571	0.02016	0.01983	0.01487	0.02087	0.01247	0.01689	0.01026	0.00614	0.00666	0.00205	0.00819	0.00598	0.00325	0.00993
137	0.01371	0.01298	0.02199	0.56220	0.22399	0.01518	0.01915	0.01805	0.01391	0.01840	0.01211	0.01755	0.00939	0.00652	0.00669	0.00217	0.00869	0.00597	0.00307	0.00829
138	0.00818	0.00584	0.00779	0.00934	0.00973	0.00545	0.00623	0.00934	0.01285	0.01713	0.03698	0.75981	0.04438	0.02102	0.00856	0.00273	0.00389	0.01908	0.00623	0.00545
139	0.00976	0.00651	0.00732	0.00732	0.00732	0.00651	0.00407	0.00976	0.00976	0.01301	0.02114	0.04391	0.02439	0.76419	0.03415	0.00651	0.00651	0.00976	0.00407	0.00407
140	0.01700	0.01457	0.01535	0.01372	0.01757	0.01684	0.01070	0.05916	0.68620	0.02857	0.02691	0.02472	0.02016	0.00907	0.00682	0.00227	0.00538	0.00753	0.00682	0.01065
141	0.01661	0.01594	0.02724	0.04119	0.72233	0.01594	0.02059	0.02059	0.01528	0.02192	0.01262	0.01661	0.01063	0.00598	0.00664	0.00199	0.00797	0.00598	0.00332	0.01063
142	0.02570	0.01849	0.01995	0.01529	0.02066	0.02035	0.01263	0.67233	0.03104	0.07064	0.01654	0.01639	0.01163	0.00807	0.00671	0.00202	0.00731	0.00607	0.00678	0.01141
143	0.00824	0.00587	0.00777	0.00925	0.00963	0.00550	0.00613	0.00936	0.01271	0.01695	0.03629	0.72859	0.04351	0.05343	0.00968	0.00289	0.00401	0.01867	0.00613	0.00539
144	0.01006	0.00730	0.00893	0.03782	0.01210	0.00707	0.00758	0.01308	0.03666	0.02066	0.10324	0.14080	0.23287	0.01557	0.00781	0.00243	0.00445	0.19837	0.12706	0.00616
145	0.81159	0.01298	0.00986	0.00882	0.01298	0.01505	0.00727	0.01972	0.01142	0.03010	0.00934	0.01090	0.00727	0.00623	0.00415	0.00208	0.00519	0.00363	0.00415	0.00727
146	0.01669	0.01441	0.01517	0.01365	0.01745	0.01669	0.01062	0.03565	0.71021	0.02807	0.02731	0.02503	0.02048	0.00910	0.00683	0.00228	0.00531	0.00759	0.00683	0.01062
147	0.01661	0.01594	0.02724	0.04119	0.72233	0.01594	0.02059	0.02059	0.01528	0.02192	0.01262	0.01661	0.01063	0.00598	0.00664	0.00199	0.00797	0.00598	0.00332	0.01063
148	0.00828	0.00590	0.00781	0.00923	0.00965	0.00552	0.00615	0.00947	0.01294	0.01731	0.05992	0.70740	0.04425	0.04973	0.00954	0.00285	0.00397	0.01847	0.00618	0.00543
149	0.00818	0.00584	0.00779	0.00934	0.00973	0.00545	0.00623	0.00934	0.01285	0.01713	0.03698	0.75981	0.04438	0.02102	0.00856	0.00273	0.00389	0.01908	0.00623	0.00545
150	0.00798	0.00680	0.00687	0.00685	0.00910	0.00569	0.00514	0.00973	0.01542	0.01843	0.09029	0.06408	0.69711	0.01688	0.00793	0.00226	0.00339	0.01409	0.00627	0.00569
151	0.01346	0.03471	0.72942	0.01912	0.02904	0.01558	0.02479	0.02125	0.01417	0.02125	0.01204	0.01417	0.00850	0.00637	0.00637	0.00212	0.00992	0.00496	0.00283	0.00992
152	0.01412	0.01543	0.03249	0.02395	0.02941	0.01442	0.54439	0.01881	0.01529	0.02057	0.02029	0.14852	0.05098	0.00887	0.00803	0.00234	0.00964	0.01015	0.00402	0.00826
153	0.00975	0.00740	0.01100	0.01091	0.01204	0.00872	0.00847	0.01205	0.01074	0.01553	0.01777	0.02645	0.01672	0.06768	0.69701	0.01043	0.04055	0.00721	0.00359	0.00598
154	0.00862	0.00644	0.00923	0.01018	0.01091	0.00602	0.03501	0.01010	0.01327	0.01776	0.06145	0.68327	0.04351	0.02004	0.00853	0.00269	0.00424	0.03693	0.00615	0.00565
155	0.01626	0.43645	0.24080	0.04104	0.02186	0.02173	0.01564	0.02206	0.09125	0.01884	0.01224	0.01363	0.00991	0.00634	0.00530	0.00177	0.00786	0.00453	0.00330	0.00918
156	0.01557	0.01517	0.02439	0.26533	0.45219	0.04132	0.01945	0.01953	0.01461	0.01996	0.01216	0.01678	0.00994	0.00648	0.00728	0.00210	0.03924	0.00591	0.00320	0.00938
157	0.01030	0.00818	0.00942	0.00887	0.01105	0.00797	0.00672	0.01583	0.14023	0.02449	0.40183	0.05000	0.25194	0.01388	0.00773	0.00219	0.00361	0.01194	0.00694	0.00689
158	0.00907	0.00739	0.00820	0.00866	0.01003	0.03424	0.00617	0.01090	0.01530	0.01973	0.20751	0.34951	0.25382	0.01750	0.00812	0.00240	0.00389	0.01535	0.00640	0.00582
159	0.01440	0.13347	0.53840	0.01934	0.02825	0.01729	0.11603	0.02112	0.01432	0.02053	0.01188	0.01424	0.00875	0.00619	0.00630	0.00205	0.00973	0.00518	0.00292	0.00962
160	0.42771	0.01138	0.01010	0.00911	0.01245	0.01286	0.00730	0.06645	0.07633	0.02865	0.01528	0.01716	0.01193	0.00922	0.04079	0.00238	0.00542	0.00505	0.22294	0.00751
161	0.00818	0.00584	0.00779	0.00934	0.00973	0.00545	0.00623	0.00934	0.01285	0.01713	0.03698	0.75981	0.04438	0.02102	0.00856	0.00273	0.00389	0.01908	0.00623	0.00545
162	0.01597	0.34443	0.11845	0.05218	0.02291	0.04262	0.13264	0.02004	0.03535	0.01794	0.01187	0.01496	0.01000	0.01040	0.07253	0.00268	0.05812	0.00525	0.00317	0.00851
163	0.00904	0.00657	0.00828	0.00884	0.00979	0.00630	0.00628	0.01065	0.01360	0.01810	0.14151	0.27495	0.13860	0.17148	0.07670	0.00406	0.00568	0.07837	0.00574	0.00546
164	0.00834	0.00600	0.00795	0.00945	0.00998	0.00561	0.00649	0.00965	0.01310	0.01736	0.03797	0.69079	0.06756	0.02072	0.00859	0.00273	0.00403	0.06196	0.00623	0.00551
165	0.02060	0.30147	0.02329	0.01278	0.01736	0.14439	0.01099	0.17390	0.05112	0.05466	0.01432	0.01532	0.01131	0.00701	0.00542	0.00170	0.00737	0.00495	0.11305	0.00899
166	0.01838	0.04945	0.26147	0.05804	0.10974	0.06389	0.04259	0.12428	0.03943	0.10279	0.01667	0.01926	0.02763	0.00751	0.00662	0.00209	0.00847	0.02738	0.00447	0.00985

[dist]
# distance from previous block
# <min> <max>
0	3

[block]
# block no. 1 follows, 32 sequences, length 75
# corresponding to MSA columns:
# 229-303
name=unknown_B
#
# <colnr> <probs for GDERKNQSTAVLIFYWHMCP>
#	G	D	E	R	K	N	Q	S	T	A	V	L	I	F	Y	W	H	M	C	P
0	0.02085	0.03986	0.11364	0.08930	0.02311	0.06346	0.04690	0.11228	0.15946	0.21048	0.03895	0.02023	0.01510	0.00787	0.00668	0.00210	0.00740	0.00646	0.00579	0.01007
1	0.11853	0.01110	0.01475	0.01287	0.01578	0.03128	0.10039	0.06509	0.03658	0.07127	0.13762	0.20260	0.03077	0.03976	0.00841	0.00252	0.00592	0.08159	0.00580	0.00738
2	0.01648	0.01172	0.01337	0.01185	0.01518	0.01260	0.00923	0.02835	0.40361	0.12867	0.23407	0.03222	0.03274	0.01037	0.00714	0.00220	0.00473	0.00883	0.00721	0.00945
3	0.01609	0.01441	0.04440	0.09970	0.02298	0.01259	0.09583	0.10325	0.03563	0.04965	0.01360	0.01581	0.01052	0.00593	0.00592	0.00154	0.00673	0.00519	0.00432	0.43593
4	0.01560	0.01337	0.01490	0.08289	0.01936	0.01536	0.01089	0.05389	0.53893	0.02629	0.02815	0.07497	0.05593	0.01003	0.00698	0.00229	0.00554	0.00847	0.00639	0.00975
5	0.02297	0.01661	0.01820	0.01430	0.01914	0.01810	0.01165	0.51160	0.08593	0.07341	0.01767	0.01859	0.01311	0.03329	0.05301	0.00267	0.00764	0.00629	0.00640	0.04941
6	0.00965	0.00657	0.00754	0.00754	0.00774	0.00660	0.00442	0.00991	0.01011	0.01345	0.02328	0.04371	0.05893	0.67598	0.08260	0.00659	0.00716	0.00980	0.00414	0.00428
7	0.00975	0.00655	0.00754	0.00754	0.00762	0.00663	0.00434	0.00990	0.00982	0.01317	0.02094	0.04278	0.02391	0.71841	0.07926	0.00678	0.00724	0.00959	0.00404	0.00419
8	0.01584	0.01810	0.03959	0.02828	0.03507	0.01697	0.69796	0.02149	0.01584	0.02149	0.01357	0.01810	0.01018	0.00566	0.00792	0.00226	0.01131	0.00792	0.00339	0.00905
9	0.01267	0.01193	0.02013	0.74806	0.04621	0.01491	0.01863	0.01714	0.01342	0.01714	0.01193	0.01789	0.00894	0.00671	0.00671	0.00224	0.00894	0.00596	0.00298	0.00745
10	0.01251	0.00625	0.00625	0.00625	0.00782	0.00625	0.00469	0.01563	0.01407	0.02502	0.02189	0.02502	0.01720	0.00782	0.00469	0.00156	0.00313	0.00625	0.80144	0.00625
11	0.01641	0.01574	0.02688	0.07685	0.68822	0.01589	0.02049	0.02042	0.01518	0.02168	0.01259	0.01667	0.01054	0.00602	0.00665	0.00201	0.00802	0.00598	0.00330	0.01047
12	0.00938	0.00616	0.00815	0.00934	0.00995	0.00574	0.00627	0.01055	0.01297	0.05268	0.03544	0.67672	0.04170	0.06804	0.01011	0.00293	0.00415	0.01786	0.00619	0.00566
13	0.02551	0.01879	0.02014	0.01544	0.02081	0.02081	0.01275	0.69996	0.03155	0.04229	0.01611	0.01611	0.01141	0.00805	0.00671	0.00201	0.00738	0.00604	0.00671	0.01141
14	0.00818	0.00584	0.00779	0.00934	0.00973	0.00545	0.00623	0.00934	0.01285	0.01713	0.03698	0.75981	0.04438	0.02102	0.00856	0.00273	0.00389	0.01908	0.00623	0.00545
15	0.81159	0.01298	0.00986	0.00882	0.01298	0.01505	0.00727	0.01972	0.01142	0.03010	0.00934	0.01090	0.00727	0.00623	0.00415	0.00208	0.00519	0.00363	0.00415	0.00727
16	0.01796	0.01413	0.01521	0.01349	0.01742	0.01604	0.01055	0.03537	0.64453	0.09450	0.02723	0.02483	0.02011	0.00903	0.00682	0.00226	0.00535	0.00751	0.00697	0.01070
17	0.01669	0.01441	0.01517	0.01365	0.01745	0.01669	0.01062	0.03565	0.71021	0.02807	0.02731	0.02503	0.02048	0.00910	0.00683	0.00228	0.00531	0.00759	0.00683	0.01062
18	0.02932	0.01124	0.01532	0.01180	0.01686	0.00973	0.00973	0.03193	0.01920	0.70015	0.05300	0.02388	0.01840	0.00851	0.00679	0.00208	0.00561	0.00695	0.00827	0.01122
19	0.00840	0.00594	0.00772	0.00905	0.00938	0.00560	0.00592	0.00940	0.01240	0.01653	0.03469	0.65641	0.04149	0.12836	0.01226	0.00327	0.00427	0.01773	0.00592	0.00525
20	0.01038	0.00725	0.00810	0.00764	0.01004	0.00621	0.00582	0.01248	0.01646	0.08740	0.20453	0.05749	0.51111	0.01546	0.00781	0.00221	0.00357	0.01302	0.00668	0.00636
21	0.00818	0.00584	0.00779	0.00934	0.00973	0.00545	0.00623	0.00934	0.01285	0.01713	0.03698	0.75981	0.04438	0.02102	0.00856	0.00273	0.00389	0.01908	0.00623	0.00545
22	0.01594	0.01781	0.03792	0.03003	0.12803	0.01683	0.60634	0.02137	0.01576	0.02155	0.01345	0.01790	0.01024	0.00570	0.00775	0.00223	0.01086	0.00766	0.00338	0.00926
23	0.81159	0.01298	0.00986	0.00882	0.01298	0.01505	0.00727	0.01972	0.01142	0.03010	0.00934	0.01090	0.00727	0.00623	0.00415	0.00208	0.00519	0.00363	0.00415	0.00727
24	0.81159	0.01298	0.00986	0.00882	0.01298	0.01505	0.00727	0.01972	0.01142	0.03010	0.00934	0.01090	0.00727	0.00623	0.00415	0.00208	0.00519	0.00363	0.00415	0.00727
25	0.02551	0.01879	0.02014	0.01544	0.02081	0.02081	0.01275	0.69996	0.03155	0.04229	0.01611	0.01611	0.01141	0.00805	0.00671	0.00201	0.00738	0.00604	0.00671	0.01141
26	0.00835	0.00595	0.00791	0.00935	0.00981	0.00558	0.00632	0.00962	0.01307	0.01747	0.06103	0.69313	0.04434	0.04037	0.00924	0.00281	0.00401	0.03993	0.00621	0.00547
27	0.00976	0.00651	0.00732	0.00732	0.00732	0.00651	0.00407	0.00976	0.00976	0.01301	0.02114	0.04391	0.02439	0.76419	0.03415	0.00651	0.00651	0.00976	0.00407	0.00407
28	0.81159	0.01298	0.00986	0.00882	0.01298	0.01505	0.00727	0.01972	0.01142	0.03010	0.00934	0.01090	0.00727	0.00623	0.00415	0.00208	0.00519	0.00363	0.00415	0.00727
29	0.00870	0.00621	0.00839	0.00994	0.01056	0.00590	0.00714	0.01025	0.01336	0.01772	0.03669	0.62385	0.04323	0.02053	0.00870	0.00280	0.00435	0.14987	0.00622	0.00559
30	0.00973	0.00661	0.00784	0.00784	0.00803	0.00679	0.00472	0.01010	0.00991	0.01340	0.02066	0.04125	0.02324	0.65586	0.14090	0.00715	0.00825	0.00937	0.00399	0.00436
31	0.01468	0.01468	0.02055	0.01762	0.01762	0.02055	0.01468	0.01615	0.01028	0.01615	0.00881	0.01468	0.00881	0.01174	0.02202	0.00294	0.75191	0.00587	0.00294	0.00734
32	0.00818	0.00584	0.00779	0.00934	0.00973	0.00545	0.00623	0.00934	0.01285	0.01713	0.03698	0.75981	0.04438	0.02102	0.00856	0.00273	0.00389	0.01908	0.00623	0.00545
33	0.81159	0.01298	0.00986	0.00882	0.01298	0.01505	0.00727	0.01972	0.01142	0.03010	0.00934	0.01090	0.00727	0.00623	0.00415	0.00208	0.00519	0.00363	0.00415	0.00727
34	0.00950	0.00686	0.00897	0.00844	0.01002	0.00633	0.00633	0.01266	0.01899	0.02691	0.71879	0.05012	0.06331	0.01372	0.00791	0.00211	0.00317	0.01213	0.00739	0.00633
35	0.00795	0.00671	0.00689	0.00704	0.00913	0.00564	0.00521	0.00960	0.01506	0.01803	0.06503	0.13065	0.65543	0.01738	0.00799	0.00231	0.00345	0.01463	0.00623	0.00564
36	0.01596	0.01528	0.02607	0.15752	0.61106	0.01577	0.02027	0.02002	0.01497	0.02113	0.01251	0.01682	0.01035	0.00610	0.00665	0.00203	0.00813	0.00598	0.00327	0.01011
37	0.68652	0.01258	0.01082	0.07703	0.01596	0.01456	0.00829	0.01967	0.01191	0.04718	0.01052	0.01240	0.00805	0.00639	0.00448	0.00207	0.00547	0.00403	0.03471	0.00736
38	0.00828	0.00588	0.00775	0.00921	0.00957	0.00552	0.00608	0.00937	0.01264	0.01685	0.03593	0.71214	0.04305	0.07051	0.01027	0.00298	0.00407	0.01845	0.00608	0.00536
39	0.00832	0.00590	0.00774	0.00916	0.00951	0.00555	0.00603	0.00938	0.01256	0.01675	0.03552	0.69374	0.04253	0.08961	0.01093	0.00307	0.00413	0.01822	0.00603	0.00532
40	0.01571	0.22139	0.01851	0.01115	0.01438	0.01541	0.00921	0.18024	0.01761	0.02337	0.04417	0.17967	0.02215	0.08211	0.03697	0.00276	0.00643	0.03204	0.05893	0.00777
41	0.01554	0.01751	0.03774	0.09669	0.03613	0.01677	0.63340	0.02108	0.01561	0.02108	0.01342	0.01808	0.01006	0.00576	0.00780	0.00226	0.01109	0.00773	0.00335	0.00890
42	0.14042	0.13890	0.02168	0.06805	0.14641	0.34081	0.01362	0.02293	0.01599	0.01942	0.01056	0.01290	0.00881	0.00645	0.00564	0.00182	0.00934	0.00451	0.00342	0.00832
43	0.00818	0.00584	0.00779	0.00934	0.00973	0.00545	0.00623	0.00934	0.01285	0.01713	0.03698	0.75981	0.04438	0.02102	0.00856	0.00273	0.00389	0.01908	0.00623	0.00545
44	0.00907	0.00666	0.00868	0.00985	0.01099	0.00627	0.00753	0.01107	0.01448	0.01889	0.08747	0.38375	0.14926	0.01910	0.00865	0.00273	0.00450	0.22898	0.00629	0.00578
45	0.01391	0.01193	0.01391	0.00994	0.01590	0.00894	0.00795	0.01690	0.01391	0.02186	0.01193	0.01391	0.00994	0.00497	0.00497	0.00099	0.00497	0.00398	0.00398	0.80521
46	0.02508	0.03150	0.01906	0.01722	0.02075	0.71096	0.01296	0.05150	0.01947	0.01737	0.01058	0.01225	0.00874	0.00696	0.00607	0.00174	0.01193	0.00438	0.00358	0.00791
47	0.00832	0.00681	0.00734	0.00721	0.00930	0.00583	0.00541	0.01039	0.01622	0.02031	0.23015	0.06097	0.55606	0.01618	0.00793	0.00223	0.00334	0.01366	0.00652	0.00583
48	0.00806	0.00675	0.00701	0.00705	0.00917	0.00570	0.00525	0.00984	0.01545	0.01874	0.11557	0.09856	0.63597	0.01695	0.00796	0.00228	0.00341	0.01426	0.00632	0.00570
49	0.02457	0.01958	0.01906	0.01505	0.01992	0.10838	0.01223	0.57048	0.02882	0.03792	0.01579	0.01622	0.01146	0.00790	0.00649	0.00195	0.00768	0.00584	0.06006	0.01061
50	0.76147	0.01288	0.01023	0.00902	0.01324	0.01472	0.00743	0.02056	0.01192	0.07480	0.01044	0.01167	0.00787	0.00636	0.00432	0.00208	0.00522	0.00383	0.00442	0.00753
51	0.02465	0.01889	0.01962	0.01534	0.02049	0.04823	0.01256	0.61068	0.09557	0.03993	0.01695	0.01680	0.01217	0.00811	0.00670	0.00203	0.00737	0.00612	0.00660	0.01119
52	0.02551	0.01879	0.02014	0.01544	0.02081	0.02081	0.01275	0.69996	0.03155	0.04229	0.01611	0.01611	0.01141	0.00805	0.00671	0.00201	0.00738	0.00604	0.00671	0.01141
53	0.01120	0.00816	0.01110	0.01244	0.01413	0.00831	0.01080	0.01532	0.06078	0.02060	0.03499	0.07238	0.03743	0.01792	0.00911	0.00304	0.00612	0.63348	0.00622	0.00647
54	0.81159	0.01298	0.00986	0.00882	0.01298	0.01505	0.00727	0.01972	0.01142	0.03010	0.00934	0.01090	0.00727	0.00623	0.00415	0.00208	0.00519	0.00363	0.00415	0.00727
55	0.02937	0.01260	0.01630	0.01250	0.01772	0.01161	0.01032	0.13941	0.02118	0.61749	0.02481	0.02176	0.01578	0.00826	0.00674	0.00207	0.00598	0.00663	0.00805	0.01142
56	0.01339	0.00710	0.00719	0.00688	0.00870	0.00724	0.00524	0.06192	0.01525	0.02618	0.02150	0.02441	0.01681	0.00783	0.00483	0.00159	0.00341	0.00624	0.74769	0.00660
57	0.00879	0.00688	0.00798	0.00785	0.00978	0.00608	0.00599	0.01120	0.01690	0.02203	0.34659	0.05903	0.39417	0.01568	0.00801	0.00225	0.00347	0.05461	0.00673	0.00598
58	0.11429	0.01159	0.01496	0.01160	0.01668	0.01042	0.00958	0.03130	0.01837	0.65190	0.02463	0.02155	0.01560	0.00808	0.00647	0.00208	0.00565	0.00641	0.00786	0.01097
59	0.08489	0.01676	0.01838	0.01419	0.01943	0.01801	0.01172	0.50469	0.02738	0.18991	0.01785	0.01718	0.01223	0.00797	0.00653	0.00203	0.00686	0.00602	0.00687	0.01110
60	0.00903	0.00637	0.00831	0.00933	0.01012	0.00604	0.00667	0.01076	0.01401	0.01898	0.14069	0.44856	0.06085	0.08233	0.01062	0.00296	0.00431	0.11494	0.02950	0.00561
61	0.01248	0.00700	0.00830	0.00795	0.00908	0.00703	0.00544	0.01401	0.01208	0.08480	0.02140	0.03374	0.02041	0.36365	0.12596	0.00525	0.00711	0.00806	0.24057	0.00570
62	0.43958	0.01302	0.01230	0.01037	0.01460	0.01430	0.00847	0.12080	0.06240	0.14681	0.01555	0.01591	0.01124	0.00718	0.00518	0.00203	0.00541	0.00501	0.08117	0.00868
63	0.01321	0.00807	0.00854	0.00805	0.01010	0.00841	0.00614	0.04481	0.12110	0.02642	0.12314	0.02830	0.02413	0.00887	0.00556	0.00177	0.00363	0.00730	0.53531	0.00713
64	0.00895	0.00635	0.00847	0.00992	0.01070	0.00605	0.00729	0.01068	0.01361	0.01813	0.03718	0.54466	0.06404	0.01988	0.00861	0.00277	0.00443	0.18312	0.02950	0.00566
65	0.02258	0.01731	0.01850	0.01476	0.01968	0.01926	0.01199	0.48453	0.23208	0.03752	0.01931	0.01869	0.01406	0.00828	0.00670	0.00206	0.00670	0.00644	0.00667	0.03287
66	0.02439	0.10196	0.02055	0.01673	0.02041	0.66970	0.01282	0.02616	0.01850	0.01636	0.01027	0.01197	0.00864	0.00680	0.00588	0.00170	0.01163	0.00425	0.00340	0.00786
67	0.05213	0.26895	0.32254	0.01712	0.02449	0.01891	0.12799	0.02042	0.01437	0.02019	0.04567	0.01529	0.01142	0.00640	0.00592	0.00192	0.00870	0.00528	0.00322	0.00905
68	0.01400	0.06065	0.59698	0.02023	0.02950	0.01622	0.12721	0.02124	0.01440	0.02107	0.01217	0.01464	0.00876	0.00624	0.00653	0.00212	0.01002	0.00536	0.00292	0.00973
69	0.00834	0.00599	0.00794	0.00944	0.00998	0.00560	0.00648	0.00965	0.01310	0.01735	0.03800	0.69094	0.06828	0.02072	0.00859	0.00273	0.00402	0.06110	0.00623	0.00550
70	0.01623	0.04478	0.17760	0.08488	0.09421	0.01422	0.04922	0.12699	0.03458	0.07771	0.04500	0.04770	0.05624	0.08979	0.00974	0.00259	0.00757	0.00740	0.00467	0.00889
71	0.04652	0.14132	0.21648	0.12558	0.02786	0.03985	0.15713	0.02053	0.01488	0.05792	0.03973	0.01990	0.01296	0.00722	0.00655	0.00209	0.00883	0.04223	0.00369	0.00874
72	0.00835	0.00601	0.00794	0.00930	0.00988	0.00560	0.00636	0.00974	0.01344	0.01792	0.08340	0.66348	0.06887	0.02030	0.00852	0.00268	0.00391	0.04243	0.00630	0.00554
73	0.00846	0.00596	0.00770	0.00898	0.00930	0.00564	0.00584	0.00942	0.01229	0.01639	0.03415	0.63161	0.04080	0.15411	0.01315	0.00340	0.00436	0.01741	0.00584	0.00520
