[name]
unknown

[dist]
# distance from previous block
# <min> <max>
0	0

[block]
# block no. 0 follows, 34 sequences, length 30
# corresponding to MSA columns:
# 0-29
name=unknown_A
#
# <colnr> <probs for GDERKNQSTAVLIFYWHMCP>
#	G	D	E	R	K	N	Q	S	T	A	V	L	I	F	Y	W	H	M	C	P
0	0.01041	0.00744	0.01041	0.01190	0.01339	0.00744	0.01041	0.01339	0.01487	0.01934	0.03421	0.07288	0.03719	0.01785	0.00892	0.00297	0.00595	0.68913	0.00595	0.00595
1	0.01752	0.64308	0.03334	0.01317	0.01871	0.05177	0.08849	0.03915	0.01404	0.01655	0.00966	0.01134	0.00854	0.00562	0.00466	0.00150	0.00754	0.00401	0.00295	0.00838
2	0.01937	0.01493	0.01603	0.01354	0.01773	0.01681	0.01078	0.23150	0.47489	0.07618	0.02310	0.02147	0.01694	0.00842	0.00654	0.00211	0.00572	0.00682	0.00663	0.01050
3	0.00782	0.00581	0.00730	0.00849	0.00924	0.00529	0.00577	0.00905	0.01286	0.01669	0.04182	0.62172	0.18572	0.01944	0.00812	0.00253	0.00365	0.01738	0.00600	0.00529
4	0.00933	0.00629	0.00731	0.00755	0.00768	0.00625	0.00454	0.00963	0.01003	0.01334	0.02265	0.10924	0.02613	0.65522	0.02908	0.00572	0.00602	0.05561	0.00424	0.00417
5	0.02290	0.02794	0.02085	0.01848	0.04571	0.59247	0.08991	0.07096	0.01866	0.01820	0.01077	0.01270	0.00873	0.00657	0.00609	0.00175	0.01113	0.00471	0.00353	0.00795
6	0.11196	0.01720	0.01798	0.01405	0.01899	0.01916	0.01156	0.58918	0.07437	0.03851	0.01551	0.01553	0.01113	0.00763	0.00620	0.00196	0.00674	0.00566	0.00620	0.01050
7	0.06996	0.01600	0.09473	0.01343	0.01784	0.01579	0.01157	0.05254	0.55479	0.04615	0.02316	0.02172	0.01722	0.00824	0.00635	0.00215	0.00567	0.00670	0.00601	0.00998
8	0.01536	0.02453	0.36280	0.02762	0.34228	0.05136	0.02106	0.02078	0.01450	0.04221	0.01219	0.01485	0.00934	0.00605	0.00625	0.00197	0.00869	0.00524	0.00313	0.00980
9	0.01646	0.01342	0.01694	0.01891	0.19140	0.01452	0.01207	0.09552	0.34456	0.05366	0.09938	0.02385	0.02082	0.00834	0.00655	0.00205	0.00564	0.00718	0.03906	0.00970
10	0.02414	0.03079	0.01831	0.01665	0.01998	0.74698	0.01248	0.02580	0.01831	0.01581	0.00999	0.01165	0.00832	0.00666	0.00583	0.00166	0.01165	0.00416	0.00333	0.00749
11	0.10669	0.01177	0.01359	0.01013	0.01548	0.00996	0.00821	0.05024	0.01504	0.18798	0.01461	0.01515	0.01083	0.00579	0.00517	0.00136	0.00507	0.00449	0.00492	0.50351
12	0.01220	0.01148	0.01938	0.75739	0.04450	0.01436	0.01794	0.01651	0.01292	0.01651	0.01148	0.01723	0.00861	0.00646	0.00646	0.00215	0.00861	0.00574	0.00287	0.00718
13	0.81856	0.01250	0.00950	0.00850	0.01250	0.01449	0.00700	0.01899	0.01100	0.02899	0.00900	0.01050	0.00700	0.00600	0.00400	0.00200	0.00500	0.00350	0.00400	0.00700
14	0.00764	0.00655	0.00655	0.00655	0.00873	0.00545	0.00491	0.00927	0.01473	0.01745	0.06546	0.06218	0.73000	0.01636	0.00764	0.00218	0.00327	0.01364	0.00600	0.00545
15	0.01340	0.01148	0.01340	0.00957	0.01531	0.00861	0.00766	0.01627	0.01340	0.02105	0.01148	0.01340	0.00957	0.00479	0.00479	0.00096	0.00479	0.00383	0.00383	0.81242
16	0.04947	0.02392	0.36692	0.10048	0.04947	0.01560	0.09388	0.13765	0.01678	0.06591	0.01313	0.01520	0.00936	0.00646	0.00633	0.00205	0.00869	0.00545	0.00381	0.00944
17	0.02899	0.01100	0.01499	0.01150	0.01649	0.00950	0.00950	0.03149	0.01849	0.73709	0.02549	0.02199	0.01599	0.00800	0.00650	0.00200	0.00550	0.00650	0.00800	0.01100
18	0.01513	0.01143	0.01358	0.00978	0.01544	0.00871	0.00786	0.01796	0.01396	0.10039	0.01304	0.01435	0.01028	0.00514	0.00497	0.00107	0.00486	0.00412	0.00429	0.72363
19	0.00940	0.00626	0.00705	0.00705	0.00705	0.00626	0.00392	0.00940	0.00940	0.01253	0.02036	0.04228	0.02349	0.77292	0.03289	0.00626	0.00626	0.00940	0.00392	0.00392
20	0.00873	0.00653	0.00811	0.00784	0.00943	0.00590	0.00583	0.01135	0.01714	0.02347	0.54049	0.09620	0.20648	0.01434	0.00766	0.00210	0.00314	0.01253	0.00680	0.00590
21	0.06070	0.03209	0.66676	0.01776	0.02673	0.04527	0.02241	0.02060	0.01368	0.02077	0.01138	0.01337	0.00812	0.00615	0.00600	0.00203	0.00937	0.00467	0.00283	0.00931
22	0.01762	0.19753	0.06818	0.07348	0.29371	0.17783	0.04482	0.02088	0.01497	0.01821	0.01090	0.01373	0.00912	0.00596	0.00579	0.00177	0.00867	0.00489	0.00308	0.00888
23	0.00897	0.00654	0.00844	0.00808	0.00958	0.00601	0.00602	0.01182	0.01771	0.02481	0.64586	0.09275	0.10155	0.01383	0.00766	0.00208	0.00310	0.01221	0.00698	0.00601
24	0.06600	0.02792	0.44888	0.01774	0.04203	0.09484	0.04475	0.09830	0.05875	0.02316	0.01265	0.01427	0.00925	0.00649	0.00610	0.00200	0.00896	0.00503	0.00355	0.00935
25	0.01883	0.44034	0.09827	0.01351	0.01931	0.02002	0.07771	0.02281	0.05726	0.15485	0.01382	0.01440	0.01059	0.00625	0.00526	0.00169	0.00716	0.00479	0.00404	0.00909
26	0.00904	0.00640	0.00771	0.00780	0.00835	0.00648	0.00505	0.00981	0.01049	0.01394	0.02662	0.08535	0.11682	0.47473	0.17821	0.00637	0.00804	0.00998	0.00422	0.00459
27	0.00823	0.00649	0.00732	0.00749	0.00917	0.00573	0.00554	0.01007	0.01484	0.01879	0.18510	0.13725	0.43927	0.06209	0.00931	0.00250	0.00363	0.05562	0.00608	0.00549
28	0.01718	0.01809	0.10389	0.03352	0.54843	0.05937	0.01899	0.03879	0.01545	0.06583	0.01288	0.01583	0.01027	0.00604	0.00634	0.00192	0.00797	0.00560	0.00354	0.01006
29	0.01840	0.51194	0.06900	0.01488	0.08262	0.04406	0.01281	0.14132	0.01649	0.02053	0.01059	0.01200	0.00894	0.00601	0.00492	0.00157	0.00730	0.00417	0.00347	0.00899

[dist]
# distance from previous block
# <min> <max>
0	3

[block]
# block no. 1 follows, 34 sequences, length 51
# corresponding to MSA columns:
# 33-83
name=unknown_B
#
# <colnr> <probs for GDERKNQSTAVLIFYWHMCP>
#	G	D	E	R	K	N	Q	S	T	A	V	L	I	F	Y	W	H	M	C	P
0	0.03902	0.01185	0.03514	0.01158	0.05270	0.00923	0.00891	0.01860	0.01441	0.13334	0.05026	0.04074	0.01412	0.00633	0.00541	0.00134	0.00507	0.00522	0.00465	0.53206
1	0.02167	0.12008	0.08482	0.01641	0.04148	0.31815	0.03107	0.22090	0.04444	0.02395	0.01228	0.01347	0.00955	0.00680	0.00591	0.00178	0.00921	0.00484	0.00421	0.00898
2	0.01830	0.60275	0.10504	0.01188	0.01776	0.02244	0.01220	0.02099	0.01386	0.10677	0.01134	0.01217	0.00925	0.00590	0.00465	0.00153	0.00701	0.00398	0.00342	0.00876
3	0.01187	0.00686	0.00805	0.00761	0.00824	0.00667	0.00462	0.01218	0.01054	0.10389	0.02101	0.03972	0.02255	0.67647	0.02956	0.00573	0.00617	0.00903	0.00443	0.00481
4	0.01457	0.30318	0.35264	0.10935	0.02617	0.01888	0.05413	0.01957	0.01345	0.01804	0.01070	0.01309	0.00836	0.00592	0.00552	0.00182	0.00853	0.00456	0.00279	0.00874
5	0.01091	0.00657	0.00887	0.00969	0.01082	0.00610	0.00704	0.01251	0.01364	0.10798	0.05189	0.56130	0.03907	0.01819	0.00810	0.00258	0.00425	0.10811	0.00627	0.00609
6	0.01079	0.00622	0.00713	0.00698	0.00842	0.00602	0.00520	0.01359	0.01517	0.02418	0.29094	0.05572	0.03411	0.01051	0.00642	0.02535	0.00312	0.00854	0.45566	0.00593
7	0.00940	0.00626	0.00705	0.00705	0.00705	0.00626	0.00392	0.00940	0.00940	0.01253	0.02036	0.04228	0.02349	0.77292	0.03289	0.00626	0.00626	0.00940	0.00392	0.00392
8	0.09514	0.02362	0.01737	0.01485	0.01889	0.41378	0.01157	0.19127	0.02060	0.11394	0.01319	0.01379	0.00982	0.00703	0.00590	0.00180	0.00919	0.00480	0.00473	0.00873
9	0.01587	0.01568	0.02813	0.03767	0.62071	0.01551	0.13021	0.01997	0.01480	0.02104	0.01230	0.01622	0.01017	0.00571	0.00659	0.00196	0.00819	0.00606	0.00321	0.00999
10	0.00973	0.00623	0.00692	0.00692	0.00711	0.00623	0.00399	0.01011	0.00992	0.01399	0.02045	0.03999	0.02262	0.67641	0.02931	0.00566	0.00585	0.00897	0.10540	0.00418
11	0.01525	0.01743	0.03813	0.02723	0.03377	0.01634	0.70915	0.02070	0.01525	0.02070	0.01307	0.01743	0.00980	0.00545	0.00763	0.00218	0.01089	0.00763	0.00327	0.00871
12	0.01313	0.06298	0.71139	0.01812	0.02751	0.01543	0.02336	0.02042	0.01362	0.02025	0.01149	0.01351	0.00819	0.00611	0.00606	0.00202	0.00944	0.00472	0.00273	0.00950
13	0.01282	0.01256	0.02179	0.57479	0.03978	0.01527	0.10463	0.01692	0.01284	0.01692	0.01132	0.01687	0.00875	0.00693	0.00841	0.00224	0.10091	0.00597	0.00292	0.00736
14	0.00787	0.00562	0.00750	0.00900	0.00937	0.00525	0.00600	0.00900	0.01237	0.01649	0.03561	0.76871	0.04274	0.02024	0.00825	0.00262	0.00375	0.01837	0.00600	0.00525
15	0.02408	0.01806	0.02037	0.01551	0.02075	0.01984	0.04861	0.67509	0.02959	0.03968	0.01539	0.01561	0.01093	0.00764	0.00652	0.00195	0.00731	0.00591	0.00630	0.01087
16	0.01533	0.01441	0.02434	0.03635	0.64689	0.01441	0.01871	0.01906	0.01473	0.02090	0.01478	0.02277	0.01345	0.00720	0.00670	0.00204	0.00747	0.08721	0.00353	0.00972
17	0.00923	0.00692	0.01038	0.01038	0.01154	0.00808	0.00808	0.01154	0.01038	0.01500	0.01731	0.02538	0.01615	0.04846	0.74732	0.01038	0.01731	0.00692	0.00346	0.00577
18	0.01590	0.01561	0.02773	0.03809	0.64450	0.01548	0.10675	0.01994	0.01478	0.02106	0.01227	0.01617	0.01018	0.00572	0.00655	0.00195	0.00808	0.00599	0.00321	0.01004
19	0.00931	0.00659	0.00869	0.00869	0.00926	0.00716	0.00597	0.01045	0.00988	0.01375	0.01885	0.03395	0.01987	0.41557	0.38529	0.00830	0.01171	0.00818	0.00369	0.00483
20	0.01041	0.00744	0.01041	0.01190	0.01339	0.00744	0.01041	0.01339	0.01487	0.01934	0.03421	0.07288	0.03719	0.01785	0.00892	0.00297	0.00595	0.68913	0.00595	0.00595
21	0.01349	0.01461	0.03082	0.02288	0.02795	0.01369	0.54131	0.01790	0.01456	0.01969	0.01845	0.19676	0.01766	0.00898	0.00777	0.00228	0.00919	0.01019	0.00392	0.00789
22	0.01296	0.03342	0.73944	0.01842	0.02797	0.01501	0.02387	0.02046	0.01364	0.02046	0.01160	0.01364	0.00818	0.00614	0.00614	0.00205	0.00955	0.00477	0.00273	0.00955
23	0.02538	0.01679	0.01858	0.01424	0.01938	0.01809	0.01177	0.58557	0.02818	0.16932	0.01736	0.01671	0.01191	0.00780	0.00647	0.00195	0.00681	0.00594	0.00675	0.01099
24	0.01599	0.01535	0.02623	0.03966	0.73262	0.01535	0.01983	0.01983	0.01471	0.02111	0.01215	0.01599	0.01023	0.00576	0.00640	0.00192	0.00768	0.00576	0.00320	0.01023
25	0.03467	0.00989	0.01365	0.10615	0.01790	0.05079	0.08004	0.03023	0.01407	0.04293	0.04316	0.39849	0.03028	0.01469	0.00766	0.00243	0.00593	0.08539	0.00522	0.00645
26	0.06484	0.01471	0.01828	0.01433	0.01882	0.05016	0.09820	0.26450	0.03933	0.20211	0.09040	0.05879	0.01860	0.00859	0.00666	0.00202	0.00667	0.00727	0.00619	0.00951
27	0.01790	0.01759	0.01851	0.01565	0.01969	0.14678	0.09888	0.07019	0.46666	0.02502	0.02110	0.02055	0.01593	0.00791	0.00657	0.00208	0.00712	0.00670	0.00557	0.00959
28	0.00827	0.00653	0.00746	0.00761	0.00928	0.00581	0.00556	0.01053	0.03080	0.01968	0.23170	0.20238	0.39895	0.01617	0.00773	0.00223	0.00335	0.01396	0.00630	0.00569
29	0.01834	0.01628	0.06949	0.15857	0.35496	0.06274	0.01710	0.05863	0.01605	0.14394	0.01432	0.01677	0.01071	0.00646	0.00637	0.00197	0.00783	0.00571	0.00412	0.00963
30	0.01469	0.01646	0.03557	0.02574	0.03178	0.01545	0.64849	0.01982	0.01508	0.02042	0.01498	0.06154	0.01248	0.00665	0.00770	0.00223	0.01034	0.02865	0.00350	0.00844
31	0.00787	0.00562	0.00750	0.00900	0.00937	0.00525	0.00600	0.00900	0.01237	0.01649	0.03561	0.76871	0.04274	0.02024	0.00825	0.00262	0.00375	0.01837	0.00600	0.00525
32	0.01675	0.01740	0.02620	0.12150	0.40927	0.11372	0.13887	0.04108	0.01554	0.02035	0.01204	0.01580	0.00973	0.00597	0.00654	0.00196	0.00887	0.00587	0.00329	0.00925
33	0.03554	0.01323	0.01873	0.01495	0.01904	0.01370	0.16716	0.12666	0.22440	0.05871	0.11434	0.04778	0.09778	0.00944	0.00702	0.00213	0.00624	0.00855	0.00580	0.00879
34	0.01342	0.01273	0.02159	0.52606	0.26629	0.01468	0.01855	0.01758	0.01350	0.01799	0.01170	0.01683	0.00914	0.00623	0.00644	0.00208	0.00831	0.00575	0.00298	0.00816
35	0.00772	0.00643	0.00674	0.00691	0.00884	0.00545	0.00509	0.00934	0.01455	0.01762	0.08434	0.15079	0.62051	0.01675	0.00771	0.00223	0.00333	0.01417	0.00604	0.00545
36	0.01340	0.01148	0.01340	0.00957	0.01531	0.00861	0.00766	0.01627	0.01340	0.02105	0.01148	0.01340	0.00957	0.00479	0.00479	0.00096	0.00479	0.00383	0.00383	0.81242
37	0.01694	0.71917	0.08857	0.01163	0.01747	0.02475	0.01205	0.01943	0.01317	0.01561	0.00919	0.01062	0.00828	0.00558	0.00430	0.00143	0.00711	0.00356	0.00276	0.00839
38	0.00771	0.00626	0.00684	0.00730	0.00892	0.00539	0.00524	0.00919	0.01401	0.01716	0.05632	0.27840	0.51968	0.01755	0.00782	0.00232	0.00342	0.01508	0.00600	0.00539
39	0.01415	0.04397	0.49715	0.02034	0.04687	0.01559	0.17289	0.05628	0.01499	0.02160	0.02854	0.01536	0.00995	0.00621	0.00648	0.00205	0.00946	0.00561	0.00316	0.00935
40	0.02313	0.02667	0.01964	0.01688	0.02052	0.52658	0.04886	0.15378	0.01989	0.02074	0.01109	0.01284	0.00891	0.00709	0.00700	0.00182	0.05774	0.00475	0.00388	0.00819
41	0.01918	0.01442	0.01562	0.01332	0.01742	0.01616	0.01056	0.17058	0.50600	0.10622	0.02404	0.02215	0.01756	0.00848	0.00654	0.00212	0.00556	0.00692	0.00671	0.01046
42	0.00886	0.00714	0.01134	0.01122	0.01236	0.00669	0.09458	0.01049	0.01262	0.01687	0.03216	0.64509	0.03782	0.04831	0.00915	0.00271	0.00475	0.01666	0.00557	0.00563
43	0.03854	0.01683	0.02388	0.12165	0.37275	0.09868	0.08064	0.09487	0.01670	0.05492	0.01280	0.01587	0.01003	0.00624	0.00640	0.00195	0.00831	0.00573	0.00377	0.00943
44	0.00879	0.00682	0.00815	0.00846	0.01029	0.00618	0.00678	0.01114	0.01559	0.01994	0.20896	0.06209	0.37511	0.01607	0.00801	0.00238	0.00400	0.20926	0.00624	0.00575
45	0.01204	0.00602	0.00602	0.00602	0.00753	0.00602	0.00452	0.01506	0.01355	0.02409	0.02108	0.02409	0.01656	0.00753	0.00452	0.00151	0.00301	0.00602	0.80879	0.00602
46	0.01650	0.01721	0.06793	0.22840	0.13149	0.07483	0.16590	0.10674	0.01627	0.03840	0.01243	0.01610	0.00952	0.00669	0.00770	0.00210	0.06352	0.00599	0.00360	0.00868
47	0.01528	0.01202	0.01456	0.01269	0.01565	0.04961	0.06879	0.11227	0.17855	0.07726	0.11387	0.22906	0.02828	0.01186	0.00714	0.00220	0.00555	0.01047	0.02677	0.00812
48	0.00795	0.00568	0.00758	0.00908	0.00949	0.00531	0.00613	0.00913	0.01245	0.01658	0.03557	0.74790	0.04257	0.02017	0.00827	0.00263	0.00381	0.03842	0.00600	0.00527
49	0.01640	0.01695	0.12989	0.10098	0.34949	0.01435	0.09439	0.02068	0.01471	0.11049	0.01449	0.04225	0.01151	0.00677	0.00697	0.00205	0.02800	0.00634	0.00379	0.00951
50	0.01910	0.11353	0.04006	0.03578	0.05708	0.14217	0.11906	0.14275	0.03423	0.09474	0.01641	0.10378	0.01421	0.00837	0.00686	0.00198	0.02951	0.00705	0.00462	0.00872

[dist]
# distance from previous block
# <min> <max>
2	15

[block]
# block no. 2 follows, 34 sequences, length 22
# corresponding to MSA columns:
# 99-120
name=unknown_C
#
# <colnr> <probs for GDERKNQSTAVLIFYWHMCP>
#	G	D	E	R	K	N	Q	S	T	A	V	L	I	F	Y	W	H	M	C	P
0	0.04077	0.08550	0.32619	0.05026	0.06677	0.06029	0.04615	0.09915	0.01598	0.05067	0.01228	0.01414	0.00915	0.00620	0.00590	0.00184	0.00830	0.00490	0.00361	0.09196
1	0.03835	0.04550	0.11296	0.01286	0.01819	0.07788	0.02855	0.13603	0.03873	0.05645	0.06678	0.01728	0.01407	0.00816	0.03213	0.00191	0.00702	0.00531	0.00454	0.27730
2	0.00830	0.00611	0.00775	0.00864	0.00959	0.00564	0.00615	0.00992	0.01375	0.01812	0.13885	0.45256	0.16451	0.04513	0.00899	0.00262	0.00386	0.07800	0.00608	0.00542
3	0.03891	0.02370	0.44297	0.01825	0.09082	0.01276	0.04761	0.01763	0.01342	0.01987	0.01734	0.19365	0.01663	0.00943	0.00666	0.00218	0.00789	0.00818	0.00362	0.00847
4	0.01221	0.00995	0.01108	0.01061	0.01291	0.01078	0.00796	0.02190	0.35477	0.02277	0.12990	0.15473	0.09571	0.07531	0.00936	0.00261	0.00456	0.03892	0.00626	0.00771
5	0.02245	0.02590	0.01874	0.01642	0.01946	0.50616	0.01274	0.13097	0.01872	0.01966	0.01059	0.01269	0.00877	0.00764	0.00862	0.00191	0.14220	0.00468	0.00373	0.00796
6	0.00924	0.00689	0.01021	0.01021	0.01130	0.00798	0.00786	0.01142	0.01033	0.01487	0.01747	0.02628	0.01654	0.08674	0.70957	0.01017	0.01672	0.00705	0.00349	0.00567
7	0.01554	0.01797	0.06384	0.02699	0.06457	0.01638	0.62571	0.04641	0.01573	0.02145	0.01306	0.01715	0.00981	0.00557	0.00747	0.00215	0.01056	0.00736	0.00336	0.00890
8	0.00787	0.00562	0.00750	0.00900	0.00937	0.00525	0.00600	0.00900	0.01237	0.01649	0.03561	0.76871	0.04274	0.02024	0.00825	0.00262	0.00375	0.01837	0.00600	0.00525
9	0.02379	0.06865	0.01910	0.01636	0.01980	0.71037	0.01241	0.02547	0.01805	0.01578	0.00994	0.01159	0.00832	0.00660	0.00574	0.00165	0.01141	0.00413	0.00330	0.00753
10	0.01556	0.48174	0.31393	0.01398	0.02110	0.02137	0.01614	0.01979	0.01333	0.01729	0.01002	0.01167	0.00825	0.00577	0.00494	0.00165	0.00796	0.00398	0.00275	0.00879
11	0.01607	0.01388	0.01461	0.01315	0.01680	0.01607	0.01023	0.03433	0.72094	0.02703	0.02630	0.02411	0.01972	0.00877	0.00657	0.00219	0.00511	0.00731	0.00657	0.01023
12	0.00787	0.00562	0.00750	0.00900	0.00937	0.00525	0.00600	0.00900	0.01237	0.01649	0.03561	0.76871	0.04274	0.02024	0.00825	0.00262	0.00375	0.01837	0.00600	0.00525
13	0.00930	0.00666	0.00904	0.00904	0.00973	0.00735	0.00640	0.01068	0.00999	0.01401	0.01853	0.03217	0.01910	0.33958	0.46023	0.00873	0.01287	0.00792	0.00364	0.00502
14	0.01788	0.01441	0.01535	0.01335	0.01728	0.01641	0.01051	0.13729	0.58791	0.05728	0.02462	0.02271	0.01825	0.00858	0.00655	0.00215	0.00543	0.00705	0.00661	0.01037
15	0.01548	0.01465	0.02396	0.13603	0.55618	0.01530	0.01848	0.02101	0.09454	0.02114	0.01366	0.01708	0.01109	0.00620	0.00643	0.00198	0.00752	0.00593	0.00354	0.00981
16	0.02899	0.01100	0.01499	0.01150	0.01649	0.00950	0.00950	0.03149	0.01849	0.73709	0.02549	0.02199	0.01599	0.00800	0.00650	0.00200	0.00550	0.00650	0.00800	0.01100
17	0.01777	0.01667	0.13872	0.01531	0.02035	0.04320	0.13351	0.13547	0.01863	0.16313	0.14559	0.06469	0.03961	0.00895	0.00692	0.00206	0.00705	0.00794	0.00553	0.00889
18	0.00839	0.00654	0.00762	0.00742	0.00921	0.00577	0.00554	0.01071	0.01641	0.02162	0.39408	0.08140	0.37223	0.01494	0.00765	0.00212	0.00318	0.01284	0.00655	0.00577
19	0.01757	0.41191	0.13219	0.01444	0.04071	0.12450	0.03449	0.05016	0.04433	0.01828	0.01086	0.01236	0.00904	0.00597	0.00508	0.00159	0.00794	0.00422	0.00324	0.05111
20	0.01489	0.01185	0.01349	0.01236	0.04515	0.01214	0.00915	0.06778	0.31742	0.06021	0.06289	0.08233	0.09767	0.00972	0.00652	0.00195	0.00490	0.00821	0.00592	0.15544
21	0.16789	0.07028	0.01845	0.01787	0.17142	0.07422	0.01190	0.17677	0.06584	0.02642	0.01507	0.01633	0.04048	0.00686	0.00565	0.00181	0.00664	0.00529	0.00448	0.09635

[dist]
# distance from previous block
# <min> <max>
0	6

[block]
# block no. 3 follows, 34 sequences, length 72
# corresponding to MSA columns:
# 127-198
name=unknown_D
#
# <colnr> <probs for GDERKNQSTAVLIFYWHMCP>
#	G	D	E	R	K	N	Q	S	T	A	V	L	I	F	Y	W	H	M	C	P
0	0.01711	0.01847	0.04453	0.03106	0.45750	0.14508	0.03896	0.02094	0.03931	0.01971	0.01185	0.01527	0.00995	0.00666	0.00804	0.00200	0.09541	0.00555	0.00328	0.00932
1	0.00910	0.00660	0.00857	0.00808	0.00962	0.00608	0.00606	0.01210	0.01818	0.02565	0.70870	0.04870	0.08164	0.01331	0.00762	0.00204	0.00306	0.01175	0.00708	0.00608
2	0.79055	0.01227	0.00938	0.00841	0.01232	0.01420	0.00691	0.01886	0.01108	0.02882	0.00942	0.01097	0.00733	0.00605	0.00402	0.00198	0.00493	0.00359	0.03195	0.00696
3	0.00787	0.00562	0.00750	0.00900	0.00937	0.00525	0.00600	0.00900	0.01237	0.01649	0.03561	0.76871	0.04274	0.02024	0.00825	0.00262	0.00375	0.01837	0.00600	0.00525
4	0.01122	0.00561	0.00842	0.00842	0.00842	0.00561	0.00561	0.00842	0.00842	0.01122	0.01122	0.01964	0.01122	0.02245	0.02525	0.81201	0.00561	0.00561	0.00281	0.00281
5	0.00796	0.00568	0.00760	0.00909	0.00951	0.00532	0.00615	0.00915	0.01246	0.01659	0.03557	0.74521	0.04255	0.02016	0.00827	0.00264	0.00382	0.04102	0.00600	0.00527
6	0.81856	0.01250	0.00950	0.00850	0.01250	0.01449	0.00700	0.01899	0.01100	0.02899	0.00900	0.01050	0.00700	0.00600	0.00400	0.00200	0.00500	0.00350	0.00400	0.00700
7	0.02899	0.01100	0.01499	0.01150	0.01649	0.00950	0.00950	0.03149	0.01849	0.73709	0.02549	0.02199	0.01599	0.00800	0.00650	0.00200	0.00550	0.00650	0.00800	0.01100
8	0.01711	0.74856	0.06067	0.01134	0.01702	0.02517	0.01154	0.01939	0.01315	0.01540	0.00908	0.01049	0.00829	0.00555	0.00422	0.00141	0.00701	0.00351	0.00276	0.00834
9	0.00914	0.00660	0.00864	0.00813	0.00965	0.00610	0.00610	0.01219	0.01829	0.02591	0.72921	0.04827	0.06097	0.01321	0.00762	0.00203	0.00305	0.01169	0.00711	0.00610
10	0.01041	0.00744	0.01041	0.01190	0.01339	0.00744	0.01041	0.01339	0.01487	0.01934	0.03421	0.07288	0.03719	0.01785	0.00892	0.00297	0.00595	0.68913	0.00595	0.00595
11	0.00799	0.00570	0.00763	0.00913	0.00955	0.00535	0.00620	0.00919	0.01248	0.01662	0.03555	0.73759	0.04249	0.02014	0.00828	0.00264	0.00385	0.04836	0.00600	0.00528
12	0.01296	0.03342	0.73944	0.01842	0.02797	0.01501	0.02387	0.02046	0.01364	0.02046	0.01160	0.01364	0.00818	0.00614	0.00614	0.00205	0.00955	0.00477	0.00273	0.00955
13	0.00923	0.00692	0.01038	0.01038	0.01154	0.00808	0.00808	0.01154	0.01038	0.01500	0.01731	0.02538	0.01615	0.04846	0.74732	0.01038	0.01731	0.00692	0.00346	0.00577
14	0.01384	0.01178	0.01363	0.00988	0.01552	0.00928	0.00791	0.03732	0.04553	0.02189	0.01226	0.01394	0.01007	0.00505	0.00491	0.00104	0.00487	0.00404	0.00403	0.75321
15	0.00829	0.00636	0.00759	0.00772	0.00924	0.00566	0.00562	0.01036	0.01560	0.02058	0.32087	0.21629	0.31050	0.01599	0.00777	0.00222	0.00329	0.01393	0.00644	0.00566
16	0.01795	0.49648	0.11674	0.01269	0.01855	0.02103	0.03355	0.04202	0.01432	0.09800	0.01159	0.01269	0.00934	0.00605	0.00528	0.00159	0.02552	0.00423	0.00353	0.04885
17	0.01296	0.03342	0.73944	0.01842	0.02797	0.01501	0.02387	0.02046	0.01364	0.02046	0.01160	0.01364	0.00818	0.00614	0.00614	0.00205	0.00955	0.00477	0.00273	0.00955
18	0.02899	0.01100	0.01499	0.01150	0.01649	0.00950	0.00950	0.03149	0.01849	0.73709	0.02549	0.02199	0.01599	0.00800	0.00650	0.00200	0.00550	0.00650	0.00800	0.01100
19	0.00779	0.00647	0.00682	0.00690	0.00887	0.00550	0.00511	0.00952	0.01485	0.01815	0.12366	0.12188	0.60942	0.01641	0.00769	0.00221	0.00329	0.01387	0.00610	0.00550
20	0.03347	0.11503	0.44068	0.01519	0.02235	0.01511	0.01773	0.05353	0.05035	0.04504	0.11411	0.01895	0.01660	0.00733	0.00611	0.00196	0.00774	0.00580	0.00392	0.00900
21	0.00792	0.00564	0.00748	0.00894	0.00930	0.00528	0.00593	0.00901	0.01228	0.01637	0.03513	0.74589	0.04213	0.04388	0.00902	0.00274	0.00383	0.01809	0.00593	0.00521
22	0.00787	0.00562	0.00750	0.00900	0.00937	0.00525	0.00600	0.00900	0.01237	0.01649	0.03561	0.76871	0.04274	0.02024	0.00825	0.00262	0.00375	0.01837	0.00600	0.00525
23	0.03683	0.02033	0.14855	0.01853	0.06040	0.12934	0.14812	0.09930	0.09114	0.06223	0.04900	0.02073	0.01460	0.00772	0.00704	0.00207	0.02727	0.04338	0.00447	0.00893
24	0.13423	0.03829	0.18478	0.02301	0.21697	0.03387	0.12672	0.02195	0.04710	0.09278	0.01355	0.01560	0.01014	0.00621	0.00613	0.00200	0.00797	0.00555	0.00384	0.00932
25	0.01559	0.01494	0.02549	0.11666	0.65879	0.01525	0.01963	0.01947	0.01452	0.02062	0.01208	0.01612	0.01006	0.00583	0.00640	0.00194	0.00778	0.00576	0.00316	0.00991
26	0.00837	0.00624	0.00836	0.00942	0.00987	0.00623	0.00652	0.00968	0.01273	0.01725	0.09377	0.65932	0.04216	0.01908	0.00900	0.00259	0.05108	0.01700	0.00590	0.00544
27	0.04472	0.05577	0.15705	0.01680	0.11020	0.06092	0.01388	0.08780	0.01766	0.30890	0.04966	0.01863	0.01419	0.00730	0.00623	0.00194	0.00705	0.00585	0.00551	0.00992
28	0.01811	0.62967	0.04855	0.01270	0.05073	0.02309	0.01162	0.02096	0.03664	0.08020	0.01123	0.01219	0.00944	0.00588	0.00459	0.00150	0.00683	0.00399	0.00337	0.00872
29	0.06660	0.01240	0.01503	0.01170	0.01639	0.01205	0.00963	0.19724	0.02062	0.46759	0.02181	0.01999	0.01435	0.00780	0.00619	0.00194	0.00566	0.00614	0.07652	0.01036
30	0.01555	0.01781	0.10049	0.10863	0.45623	0.04807	0.11922	0.01994	0.01466	0.02027	0.01206	0.01589	0.00971	0.00586	0.00653	0.00198	0.00861	0.00585	0.00313	0.00951
31	0.03514	0.11367	0.24961	0.11219	0.17953	0.01674	0.12744	0.05409	0.01474	0.02074	0.01175	0.01479	0.00905	0.00599	0.00619	0.00197	0.00869	0.00541	0.00315	0.00913
32	0.09231	0.05878	0.01862	0.01484	0.01910	0.32912	0.01179	0.30753	0.04259	0.02751	0.01260	0.01344	0.00963	0.00706	0.00587	0.00181	0.00879	0.00484	0.00475	0.00901
33	0.00969	0.00609	0.00814	0.00921	0.00999	0.00561	0.00630	0.01094	0.01290	0.07868	0.03474	0.70427	0.04043	0.01919	0.00810	0.00257	0.00390	0.01734	0.00617	0.00574
34	0.01702	0.14072	0.24032	0.11475	0.04810	0.03827	0.01602	0.02320	0.10443	0.13510	0.01510	0.01632	0.01108	0.00698	0.00673	0.00199	0.04520	0.00535	0.00413	0.00919
35	0.01182	0.00901	0.00955	0.00895	0.01129	0.04423	0.00678	0.01599	0.10508	0.08304	0.24311	0.10040	0.29883	0.01358	0.00736	0.00213	0.00409	0.01154	0.00643	0.00680
36	0.02460	0.01591	0.01649	0.01306	0.01760	0.09097	0.01061	0.35222	0.02361	0.25602	0.01867	0.01806	0.01288	0.00769	0.00620	0.00188	0.00664	0.00588	0.09090	0.01010
37	0.01734	0.01705	0.04109	0.04678	0.04614	0.11856	0.22319	0.02566	0.23445	0.08337	0.01909	0.06593	0.01519	0.00786	0.00686	0.00211	0.00807	0.00740	0.00485	0.00900
38	0.01413	0.03091	0.62516	0.01877	0.02771	0.01554	0.07383	0.08007	0.01521	0.02223	0.01204	0.01408	0.00855	0.00623	0.00628	0.00205	0.00944	0.00508	0.00309	0.00961
39	0.01727	0.77681	0.03386	0.01106	0.01658	0.02557	0.01106	0.01935	0.01313	0.01520	0.00898	0.01036	0.00829	0.00553	0.00415	0.00138	0.00691	0.00345	0.00276	0.00829
40	0.01109	0.00731	0.00951	0.00901	0.01079	0.00688	0.00690	0.03985	0.01784	0.07504	0.52082	0.12741	0.05201	0.01378	0.00767	0.00217	0.00368	0.06481	0.00694	0.00652
41	0.01336	0.10220	0.67417	0.01774	0.02691	0.01598	0.02269	0.02036	0.01359	0.01998	0.01135	0.01334	0.00819	0.00608	0.00595	0.00198	0.00930	0.00465	0.00273	0.00943
42	0.00955	0.00624	0.00734	0.00734	0.00739	0.00630	0.00427	0.00942	0.00936	0.01254	0.01942	0.03947	0.02206	0.67131	0.06857	0.07600	0.00677	0.00894	0.00380	0.00391
43	0.00787	0.00562	0.00750	0.00900	0.00937	0.00525	0.00600	0.00900	0.01237	0.01649	0.03561	0.76871	0.04274	0.02024	0.00825	0.00262	0.00375	0.01837	0.00600	0.00525
44	0.01220	0.01148	0.01938	0.75739	0.04450	0.01436	0.01794	0.01651	0.01292	0.01651	0.01148	0.01723	0.00861	0.00646	0.00646	0.00215	0.00861	0.00574	0.00287	0.00718
45	0.01296	0.03342	0.73944	0.01842	0.02797	0.01501	0.02387	0.02046	0.01364	0.02046	0.01160	0.01364	0.00818	0.00614	0.00614	0.00205	0.00955	0.00477	0.00273	0.00955
46	0.02414	0.03079	0.01831	0.01665	0.01998	0.74698	0.01248	0.02580	0.01831	0.01581	0.00999	0.01165	0.00832	0.00666	0.00583	0.00166	0.01165	0.00416	0.00333	0.00749
47	0.00785	0.00655	0.00685	0.00677	0.00886	0.00555	0.00508	0.00969	0.01524	0.01868	0.16136	0.06017	0.63333	0.01591	0.00763	0.00216	0.00324	0.01335	0.00616	0.00555
48	0.01607	0.01388	0.01461	0.01315	0.01680	0.01607	0.01023	0.03433	0.72094	0.02703	0.02630	0.02411	0.01972	0.00877	0.00657	0.00219	0.00511	0.00731	0.00657	0.01023
49	0.01607	0.01388	0.01461	0.01315	0.01680	0.01607	0.01023	0.03433	0.72094	0.02703	0.02630	0.02411	0.01972	0.00877	0.00657	0.00219	0.00511	0.00731	0.00657	0.01023
50	0.01019	0.00728	0.01016	0.01165	0.01304	0.00725	0.01003	0.01301	0.01466	0.01909	0.03433	0.13293	0.03766	0.01806	0.00887	0.00294	0.00576	0.63124	0.00595	0.00589
51	0.01296	0.03342	0.73944	0.01842	0.02797	0.01501	0.02387	0.02046	0.01364	0.02046	0.01160	0.01364	0.00818	0.00614	0.00614	0.00205	0.00955	0.00477	0.00273	0.00955
52	0.00914	0.00660	0.00864	0.00813	0.00965	0.00610	0.00610	0.01219	0.01829	0.02591	0.72921	0.04827	0.06097	0.01321	0.00762	0.00203	0.00305	0.01169	0.00711	0.00610
53	0.02345	0.02963	0.01792	0.01641	0.01965	0.71017	0.01238	0.02518	0.01814	0.01599	0.01119	0.01470	0.00976	0.00722	0.00598	0.00173	0.01137	0.03826	0.00346	0.00741
54	0.01204	0.00602	0.00602	0.00602	0.00753	0.00602	0.00452	0.01506	0.01355	0.02409	0.02108	0.02409	0.01656	0.00753	0.00452	0.00151	0.00301	0.00602	0.80879	0.00602
55	0.02899	0.01100	0.01499	0.01150	0.01649	0.00950	0.00950	0.03149	0.01849	0.73709	0.02549	0.02199	0.01599	0.00800	0.00650	0.00200	0.00550	0.00650	0.00800	0.01100
56	0.01220	0.01148	0.01938	0.75739	0.04450	0.01436	0.01794	0.01651	0.01292	0.01651	0.01148	0.01723	0.00861	0.00646	0.00646	0.00215	0.00861	0.00574	0.00287	0.00718
57	0.00787	0.00562	0.00750	0.00900	0.00937	0.00525	0.00600	0.00900	0.01237	0.01649	0.03561	0.76871	0.04274	0.02024	0.00825	0.00262	0.00375	0.01837	0.00600	0.00525
58	0.00923	0.00692	0.01038	0.01038	0.01154	0.00808	0.00808	0.01154	0.01038	0.01500	0.01731	0.02538	0.01615	0.04846	0.74732	0.01038	0.01731	0.00692	0.00346	0.00577
59	0.02414	0.03079	0.01831	0.01665	0.01998	0.74698	0.01248	0.02580	0.01831	0.01581	0.00999	0.01165	0.00832	0.00666	0.00583	0.00166	0.01165	0.00416	0.00333	0.00749
60	0.01122	0.00561	0.00842	0.00842	0.00842	0.00561	0.00561	0.00842	0.00842	0.01122	0.01122	0.01964	0.01122	0.02245	0.02525	0.81201	0.00561	0.00561	0.00281	0.00281
61	0.01727	0.77681	0.03386	0.01106	0.01658	0.02557	0.01106	0.01935	0.01313	0.01520	0.00898	0.01036	0.00829	0.00553	0.00415	0.00138	0.00691	0.00345	0.00276	0.00829
62	0.00914	0.00660	0.00864	0.00813	0.00965	0.00610	0.00610	0.01219	0.01829	0.02591	0.72921	0.04827	0.06097	0.01321	0.00762	0.00203	0.00305	0.01169	0.00711	0.00610
63	0.01484	0.02804	0.52575	0.01972	0.02823	0.01482	0.17035	0.02146	0.01441	0.08235	0.01311	0.01518	0.00921	0.00615	0.00649	0.00207	0.00949	0.00554	0.00330	0.00949
64	0.01369	0.01347	0.02433	0.39749	0.23698	0.01471	0.14306	0.01797	0.01383	0.01857	0.01273	0.04095	0.01038	0.00652	0.00671	0.00211	0.00860	0.00649	0.00314	0.00826
65	0.01265	0.01181	0.01918	0.67142	0.06296	0.01453	0.01734	0.01815	0.07407	0.01756	0.01278	0.01778	0.00962	0.00664	0.00647	0.00215	0.00828	0.00588	0.00320	0.00753
66	0.01527	0.01603	0.03139	0.14819	0.07691	0.01609	0.45940	0.05199	0.07640	0.02146	0.01400	0.01780	0.01054	0.00602	0.00721	0.00215	0.00964	0.00709	0.00363	0.00878
67	0.02052	0.09420	0.10927	0.01681	0.08717	0.03850	0.09889	0.02411	0.01647	0.31315	0.07970	0.02186	0.01709	0.00765	0.00648	0.00197	0.00703	0.02414	0.00548	0.00951
68	0.00974	0.04634	0.03674	0.07507	0.01491	0.00836	0.02700	0.01237	0.03563	0.01746	0.03027	0.48685	0.03441	0.01670	0.00785	0.00253	0.00510	0.12117	0.00539	0.00608
69	0.01626	0.01487	0.02358	0.11194	0.53886	0.03735	0.01783	0.01993	0.01471	0.05609	0.01262	0.01606	0.01023	0.00589	0.00625	0.00186	0.00754	0.00558	0.00346	0.07908
70	0.03653	0.05507	0.09668	0.04481	0.16655	0.04268	0.26482	0.02149	0.03295	0.10534	0.03885	0.03733	0.01306	0.00670	0.00673	0.00204	0.00851	0.00676	0.00403	0.00907
71	0.02234	0.03123	0.05111	0.01217	0.01677	0.01066	0.04454	0.02706	0.09788	0.44654	0.11758	0.02627	0.04856	0.00881	0.00668	0.00203	0.00555	0.00744	0.00702	0.00980

[dist]
# distance from previous block
# <min> <max>
0	10

# created by:
# /home/berkeley/.conda/envs/busco_data_prod/bin/msa2prfl.pl pipeline/OGs_align_augustus/4893/14258.fs
