[name]
unknown

[dist]
# distance from previous block
# <min> <max>
0	20

[block]
# block no. 0 follows, 32 sequences, length 25
# corresponding to MSA columns:
# 20-44
name=unknown_A
#
# <colnr> <probs for GDERKNQSTAVLIFYWHMCP>
#	G	D	E	R	K	N	Q	S	T	A	V	L	I	F	Y	W	H	M	C	P
0	0.01648	0.16983	0.06942	0.21988	0.04165	0.09932	0.03339	0.08718	0.04428	0.02056	0.01598	0.04391	0.03153	0.00805	0.00634	0.00201	0.00816	0.04416	0.00395	0.03393
1	0.05945	0.12532	0.27289	0.03709	0.02582	0.06480	0.15999	0.06438	0.01570	0.04154	0.01264	0.01518	0.00962	0.00812	0.03659	0.00236	0.00963	0.00549	0.00353	0.02986
2	0.04060	0.02288	0.25151	0.05781	0.02447	0.08583	0.06730	0.16315	0.01844	0.07852	0.01544	0.06588	0.01234	0.00800	0.00712	0.00210	0.03244	0.00645	0.00448	0.03522
3	0.00888	0.00669	0.00786	0.00815	0.00958	0.00612	0.00582	0.01120	0.03285	0.02030	0.21851	0.26256	0.27456	0.05550	0.00932	0.00256	0.00368	0.01441	0.03562	0.00583
4	0.01038	0.00911	0.01358	0.04660	0.08599	0.00876	0.07126	0.01307	0.01564	0.02072	0.20822	0.15273	0.26567	0.01401	0.00829	0.00229	0.02887	0.01237	0.00571	0.00674
5	0.01665	0.04105	0.10121	0.12011	0.13582	0.04805	0.11512	0.09541	0.03872	0.05168	0.01541	0.05784	0.01274	0.00889	0.02520	0.00236	0.06033	0.00684	0.03757	0.00901
6	0.01621	0.01286	0.11108	0.01208	0.03134	0.00980	0.01041	0.06410	0.04684	0.19159	0.09533	0.19362	0.10657	0.01233	0.00723	0.00223	0.00538	0.01056	0.05208	0.00839
7	0.00830	0.00609	0.00771	0.00880	0.00955	0.00559	0.00597	0.00966	0.01358	0.01788	0.09404	0.56812	0.14974	0.04976	0.00945	0.00276	0.00387	0.01740	0.00623	0.00550
8	0.01332	0.03073	0.60429	0.01982	0.05701	0.01489	0.06188	0.02031	0.01421	0.02097	0.01409	0.07234	0.01147	0.00745	0.00664	0.00217	0.00945	0.00627	0.00315	0.00955
9	0.01801	0.60740	0.06196	0.01211	0.01767	0.06929	0.01185	0.05516	0.01502	0.01757	0.01323	0.01437	0.04963	0.00661	0.00484	0.00156	0.00740	0.00443	0.00330	0.00859
10	0.01583	0.01255	0.01657	0.04522	0.09434	0.01065	0.03430	0.04599	0.01524	0.08350	0.01539	0.01752	0.03271	0.02061	0.00621	0.00148	0.00583	0.00516	0.00440	0.51649
11	0.06629	0.04226	0.05049	0.03525	0.10511	0.13916	0.09199	0.12865	0.10115	0.04828	0.01451	0.01661	0.01132	0.00869	0.02679	0.00235	0.09148	0.00591	0.00444	0.00927
12	0.01445	0.01242	0.01921	0.17433	0.24067	0.01301	0.04262	0.04639	0.07237	0.04886	0.13819	0.05344	0.07698	0.00923	0.00711	0.00215	0.00668	0.00835	0.00487	0.00867
13	0.00916	0.00671	0.00844	0.00855	0.00954	0.00670	0.00597	0.01069	0.01272	0.01710	0.13203	0.12963	0.15273	0.24645	0.20788	0.00579	0.00818	0.01132	0.00507	0.00535
14	0.01706	0.01722	0.01997	0.01711	0.01819	0.11798	0.01403	0.08926	0.01372	0.01891	0.01010	0.01488	0.00933	0.01201	0.04266	0.00294	0.54771	0.00572	0.00343	0.00778
15	0.00962	0.00705	0.01006	0.01006	0.01101	0.00800	0.00749	0.01152	0.01057	0.01504	0.01863	0.03001	0.01836	0.19896	0.59113	0.00989	0.01558	0.00772	0.00369	0.00559
16	0.01657	0.01603	0.02775	0.04065	0.69364	0.01599	0.04887	0.02063	0.01530	0.02190	0.01266	0.01667	0.01061	0.00597	0.00670	0.00200	0.00811	0.00606	0.00332	0.01056
17	0.01689	0.10807	0.17477	0.02102	0.11723	0.01737	0.13673	0.08513	0.01591	0.05290	0.01267	0.01539	0.00991	0.00689	0.00829	0.00203	0.10073	0.00565	0.00374	0.08869
18	0.01068	0.01551	0.23612	0.01264	0.01602	0.00970	0.01237	0.01363	0.01231	0.01737	0.02246	0.28846	0.02425	0.10071	0.08241	0.06496	0.03858	0.01090	0.00428	0.00664
19	0.01166	0.00583	0.00874	0.00874	0.00874	0.00583	0.00583	0.00874	0.00874	0.01166	0.01166	0.02040	0.01166	0.02331	0.02622	0.80478	0.00583	0.00583	0.00291	0.00291
20	0.00835	0.00607	0.00790	0.00919	0.00987	0.00562	0.00633	0.00976	0.01354	0.01792	0.07901	0.62343	0.10826	0.02011	0.00850	0.00266	0.00391	0.04771	0.00629	0.00555
21	0.01928	0.13429	0.11389	0.06008	0.09728	0.14730	0.05017	0.06721	0.04478	0.10244	0.01552	0.04121	0.01270	0.00783	0.00692	0.00202	0.03407	0.02952	0.00432	0.00916
22	0.02090	0.01915	0.13567	0.01449	0.01976	0.05267	0.01327	0.32702	0.08041	0.09745	0.04176	0.01927	0.01450	0.00975	0.03680	0.00238	0.00766	0.00624	0.07075	0.01009
23	0.04606	0.12471	0.10255	0.01764	0.13796	0.05603	0.01330	0.05682	0.12913	0.06894	0.07392	0.04267	0.05765	0.00843	0.00636	0.00198	0.00675	0.00689	0.00489	0.03732
24	0.01767	0.38884	0.07382	0.05484	0.01921	0.10363	0.01214	0.04947	0.05447	0.04337	0.06495	0.01849	0.03694	0.02857	0.00633	0.00187	0.00746	0.00547	0.00398	0.00848

[dist]
# distance from previous block
# <min> <max>
0	7

[block]
# block no. 1 follows, 32 sequences, length 21
# corresponding to MSA columns:
# 52-72
name=unknown_B
#
# <colnr> <probs for GDERKNQSTAVLIFYWHMCP>
#	G	D	E	R	K	N	Q	S	T	A	V	L	I	F	Y	W	H	M	C	P
0	0.01682	0.06118	0.12442	0.04062	0.04963	0.04704	0.03349	0.08586	0.05994	0.08681	0.01750	0.08565	0.01524	0.01002	0.02648	0.00228	0.07607	0.03148	0.00466	0.12482
1	0.04145	0.10554	0.24386	0.05418	0.04249	0.05829	0.05135	0.03602	0.01497	0.07722	0.01962	0.14012	0.04659	0.01057	0.02660	0.00236	0.00809	0.00792	0.00424	0.00853
2	0.01399	0.07480	0.37745	0.11637	0.02699	0.01509	0.04503	0.03831	0.04468	0.03962	0.01619	0.01893	0.04172	0.01191	0.08755	0.00307	0.00987	0.00596	0.00354	0.00895
3	0.01621	0.01735	0.09972	0.30487	0.03217	0.07833	0.09879	0.09328	0.05346	0.05267	0.01711	0.05266	0.03801	0.00793	0.00690	0.00218	0.00868	0.00697	0.00416	0.00856
4	0.01520	0.08722	0.13076	0.05334	0.17096	0.03631	0.10060	0.03571	0.09294	0.03925	0.02249	0.07112	0.09760	0.00878	0.00683	0.00211	0.00760	0.00782	0.00433	0.00902
5	0.00839	0.00635	0.00776	0.00856	0.00974	0.00573	0.00609	0.01006	0.01452	0.01884	0.13513	0.42016	0.25795	0.01870	0.00831	0.00252	0.00374	0.04539	0.00638	0.00566
6	0.00851	0.00606	0.00805	0.00925	0.00968	0.00588	0.00620	0.00967	0.01226	0.01648	0.03311	0.59782	0.03911	0.11216	0.08829	0.00402	0.00568	0.01672	0.00570	0.00534
7	0.01569	0.03159	0.63390	0.01816	0.02745	0.01482	0.02279	0.02278	0.01484	0.11568	0.01397	0.01533	0.00958	0.00663	0.00642	0.00212	0.00935	0.00520	0.00357	0.01012
8	0.00823	0.00640	0.00749	0.00808	0.00947	0.00566	0.00573	0.00989	0.01473	0.01882	0.13724	0.35576	0.35200	0.01828	0.00820	0.00244	0.00358	0.01598	0.00638	0.00566
9	0.00955	0.00646	0.00755	0.00774	0.00784	0.00647	0.00454	0.00982	0.01019	0.01364	0.02294	0.13125	0.02648	0.63772	0.06540	0.00625	0.00674	0.01078	0.00431	0.00433
10	0.02400	0.01411	0.01607	0.01277	0.01733	0.01473	0.01040	0.31177	0.10371	0.25311	0.02152	0.02058	0.01495	0.00822	0.00644	0.00200	0.00599	0.00647	0.12528	0.01056
11	0.00976	0.00651	0.00732	0.00732	0.00732	0.00651	0.00407	0.00976	0.00976	0.01301	0.02114	0.04391	0.02439	0.76419	0.03415	0.00651	0.00651	0.00976	0.00407	0.00407
12	0.73931	0.01245	0.00994	0.00900	0.01289	0.01445	0.00737	0.01903	0.01136	0.02880	0.01012	0.01229	0.00812	0.01020	0.07025	0.00286	0.00634	0.00395	0.00410	0.00715
13	0.06300	0.15151	0.05213	0.05033	0.05627	0.13445	0.03119	0.07701	0.23502	0.02383	0.04826	0.01864	0.01511	0.00763	0.00614	0.00198	0.00747	0.00595	0.00482	0.00926
14	0.00883	0.00684	0.00821	0.00820	0.00990	0.00631	0.00616	0.01104	0.01556	0.02039	0.26000	0.09320	0.33586	0.04918	0.09743	0.00347	0.00536	0.04201	0.00619	0.00586
15	0.07452	0.06032	0.14186	0.04570	0.25908	0.08850	0.11066	0.04457	0.03620	0.05666	0.01323	0.01581	0.01023	0.00639	0.00643	0.00202	0.00874	0.00570	0.00375	0.00964
16	0.01735	0.63539	0.07624	0.01327	0.01896	0.02498	0.05113	0.02000	0.01358	0.01646	0.00970	0.01162	0.00870	0.00614	0.00573	0.00162	0.05355	0.00406	0.00290	0.00864
17	0.01167	0.00812	0.01072	0.01171	0.06807	0.00763	0.00782	0.04432	0.01668	0.07522	0.25442	0.28314	0.14368	0.01536	0.00789	0.00232	0.00421	0.01358	0.00654	0.00690
18	0.09620	0.04033	0.01674	0.03735	0.04989	0.11550	0.03036	0.04146	0.06292	0.02228	0.01458	0.01635	0.03632	0.00659	0.00614	0.00158	0.03337	0.00501	0.00413	0.36288
19	0.05529	0.14294	0.18802	0.04271	0.03546	0.05728	0.05322	0.13360	0.03687	0.12704	0.01677	0.03702	0.02979	0.00756	0.00624	0.00200	0.00790	0.00599	0.00470	0.00959
20	0.05919	0.12726	0.12128	0.01238	0.01632	0.09053	0.01136	0.04752	0.04881	0.01983	0.02625	0.10950	0.14989	0.01509	0.08451	0.00302	0.03675	0.00842	0.00447	0.00761

[dist]
# distance from previous block
# <min> <max>
1	12

[block]
# block no. 2 follows, 32 sequences, length 28
# corresponding to MSA columns:
# 85-112
name=unknown_C
#
# <colnr> <probs for GDERKNQSTAVLIFYWHMCP>
#	G	D	E	R	K	N	Q	S	T	A	V	L	I	F	Y	W	H	M	C	P
0	0.01017	0.00774	0.00898	0.00965	0.01054	0.04604	0.00690	0.01100	0.01286	0.01647	0.05022	0.32550	0.11112	0.06805	0.06549	0.14032	0.00601	0.08249	0.00521	0.00522
1	0.01895	0.08576	0.01949	0.06865	0.06577	0.04511	0.01252	0.19192	0.36152	0.02875	0.02026	0.02002	0.01529	0.00808	0.00652	0.00209	0.00667	0.00650	0.00581	0.01029
2	0.01856	0.09326	0.14206	0.01578	0.04717	0.05623	0.05094	0.17109	0.01893	0.07894	0.06555	0.01772	0.01424	0.00728	0.00674	0.00183	0.03249	0.00575	0.00473	0.15071
3	0.04960	0.06856	0.08346	0.10247	0.07223	0.04911	0.03500	0.07082	0.01555	0.08329	0.02094	0.23385	0.02076	0.03959	0.00795	0.00237	0.00686	0.00959	0.00484	0.02317
4	0.01038	0.00783	0.01105	0.01177	0.01355	0.00758	0.03495	0.01329	0.01555	0.02019	0.08602	0.10469	0.13237	0.01764	0.00891	0.00286	0.00567	0.48336	0.00617	0.00619
5	0.01068	0.01062	0.07532	0.09798	0.01672	0.03047	0.02572	0.01257	0.01351	0.01741	0.05766	0.20992	0.17252	0.01632	0.01106	0.14386	0.00584	0.06107	0.00484	0.00593
6	0.01792	0.08428	0.06616	0.09662	0.10365	0.15761	0.04463	0.10071	0.06544	0.03941	0.04571	0.02291	0.06660	0.00847	0.00702	0.00205	0.02680	0.03079	0.00447	0.00877
7	0.01661	0.01594	0.02724	0.04119	0.72233	0.01594	0.02059	0.02059	0.01528	0.02192	0.01262	0.01661	0.01063	0.00598	0.00664	0.00199	0.00797	0.00598	0.00332	0.01063
8	0.00835	0.00607	0.00792	0.00934	0.00998	0.00564	0.00647	0.00971	0.01326	0.01744	0.03966	0.64625	0.10461	0.02047	0.00856	0.00271	0.00402	0.06779	0.00623	0.00552
9	0.01386	0.01735	0.12321	0.25223	0.08288	0.05061	0.20357	0.01854	0.01488	0.01936	0.02059	0.02389	0.11357	0.00784	0.00713	0.00219	0.00900	0.00748	0.00360	0.00822
10	0.01400	0.01283	0.02088	0.09402	0.37770	0.01308	0.04480	0.01857	0.06162	0.02165	0.09411	0.11692	0.03989	0.00964	0.00721	0.00219	0.00683	0.03068	0.00449	0.00889
11	0.00845	0.00628	0.00894	0.01003	0.01065	0.00587	0.03132	0.00978	0.01295	0.01729	0.03613	0.73291	0.04314	0.02046	0.00854	0.00271	0.00416	0.01867	0.00613	0.00558
12	0.01897	0.01618	0.01603	0.01390	0.01788	0.06888	0.01093	0.17731	0.47596	0.03013	0.02338	0.02218	0.01749	0.00865	0.00663	0.00214	0.00613	0.00694	0.04995	0.01035
13	0.00827	0.00633	0.00764	0.00862	0.00978	0.00569	0.00614	0.00978	0.01394	0.01771	0.04834	0.45348	0.29365	0.01935	0.00838	0.00258	0.00387	0.06463	0.00623	0.00558
14	0.00822	0.00639	0.00748	0.00810	0.00947	0.00565	0.00574	0.00987	0.01467	0.01874	0.13193	0.36473	0.34835	0.01835	0.00820	0.00245	0.00359	0.01605	0.00637	0.00565
15	0.09252	0.11369	0.06980	0.01623	0.07029	0.01979	0.01322	0.37393	0.11005	0.03314	0.01551	0.01598	0.01156	0.00746	0.00616	0.00198	0.00712	0.00563	0.00550	0.01043
16	0.00840	0.00609	0.00811	0.00946	0.01007	0.00580	0.00656	0.00978	0.01296	0.01722	0.03718	0.63266	0.07890	0.02287	0.06302	0.00332	0.00503	0.05101	0.00603	0.00554
17	0.01901	0.01187	0.01312	0.01090	0.01432	0.01236	0.00862	0.27260	0.03856	0.12229	0.04126	0.05575	0.07017	0.05759	0.00812	0.00224	0.00538	0.00774	0.21934	0.00875
18	0.01615	0.02637	0.38534	0.01723	0.02416	0.10769	0.08099	0.07000	0.01627	0.03877	0.01464	0.03577	0.01124	0.00713	0.00633	0.00201	0.00893	0.00582	0.11610	0.00907
19	0.03046	0.01713	0.12573	0.14399	0.10295	0.03982	0.10166	0.09499	0.07177	0.02339	0.06414	0.08551	0.05122	0.00896	0.00704	0.00219	0.00778	0.00802	0.00453	0.00874
20	0.01545	0.01307	0.01687	0.03198	0.04112	0.04169	0.05116	0.17282	0.01684	0.02326	0.01724	0.10421	0.01604	0.02091	0.20474	0.00451	0.11719	0.00773	0.02394	0.05923
21	0.04253	0.01594	0.01901	0.46753	0.03581	0.13112	0.01598	0.06783	0.09978	0.02050	0.01374	0.01747	0.01041	0.00711	0.00653	0.00214	0.00878	0.00582	0.00382	0.00815
22	0.01546	0.02215	0.33176	0.01676	0.05720	0.01398	0.03759	0.05057	0.14204	0.07640	0.05384	0.02172	0.04013	0.00889	0.02333	0.00230	0.00774	0.00658	0.06201	0.00955
23	0.00877	0.00666	0.00862	0.06371	0.01226	0.00633	0.00684	0.01035	0.01403	0.01822	0.11902	0.40095	0.22310	0.01816	0.00907	0.04283	0.00415	0.01533	0.00595	0.00563
24	0.05213	0.03887	0.06271	0.04440	0.05726	0.04273	0.01210	0.19538	0.16131	0.02666	0.01663	0.01867	0.01308	0.01344	0.09057	0.06075	0.00818	0.00598	0.00495	0.07420
25	0.01000	0.00772	0.01145	0.01254	0.06447	0.00854	0.00874	0.01231	0.01159	0.01643	0.04411	0.05740	0.04772	0.08882	0.55608	0.00891	0.01487	0.00817	0.00394	0.00619
26	0.05139	0.26381	0.20009	0.01622	0.07110	0.04232	0.04075	0.05640	0.04848	0.06947	0.01719	0.01816	0.06310	0.00727	0.00586	0.00189	0.00769	0.00561	0.00400	0.00922
27	0.01466	0.11994	0.21042	0.04341	0.02111	0.02845	0.05845	0.09266	0.03248	0.02118	0.01863	0.11991	0.02972	0.06424	0.00973	0.00253	0.05522	0.04478	0.00421	0.00827

[dist]
# distance from previous block
# <min> <max>
0	4

[block]
# block no. 3 follows, 32 sequences, length 9
# corresponding to MSA columns:
# 117-125
name=unknown_D
#
# <colnr> <probs for GDERKNQSTAVLIFYWHMCP>
#	G	D	E	R	K	N	Q	S	T	A	V	L	I	F	Y	W	H	M	C	P
0	0.01066	0.00738	0.00841	0.00818	0.01039	0.00652	0.00611	0.01318	0.04055	0.08870	0.14679	0.16821	0.42818	0.01606	0.00787	0.00230	0.00374	0.01371	0.00661	0.00646
1	0.01383	0.01420	0.07153	0.23594	0.09243	0.06095	0.07167	0.01756	0.01478	0.04520	0.02248	0.07228	0.06587	0.03815	0.00841	0.00251	0.00796	0.13230	0.00430	0.00765
2	0.01927	0.08778	0.09945	0.09823	0.11845	0.07529	0.08941	0.17450	0.03868	0.07429	0.03338	0.01718	0.01209	0.00718	0.00692	0.00203	0.02569	0.00600	0.00452	0.00967
3	0.01647	0.04605	0.19742	0.04778	0.14321	0.04669	0.07800	0.07759	0.07404	0.05243	0.01825	0.02013	0.05939	0.00784	0.00767	0.00212	0.05826	0.00648	0.03078	0.00939
4	0.01344	0.00660	0.00707	0.00693	0.00866	0.00645	0.00520	0.01637	0.01435	0.07599	0.02348	0.08600	0.01942	0.00895	0.00516	0.00170	0.00338	0.00736	0.67694	0.00657
5	0.15564	0.05244	0.10583	0.04987	0.06506	0.15115	0.17445	0.02082	0.01468	0.02121	0.01260	0.04258	0.01053	0.00721	0.00732	0.00210	0.05965	0.00598	0.03260	0.00826
6	0.01085	0.06200	0.05973	0.01004	0.01261	0.06881	0.00840	0.01312	0.01516	0.01868	0.09671	0.21252	0.29561	0.01548	0.00769	0.00232	0.00517	0.07308	0.00563	0.00638
7	0.04305	0.12580	0.14172	0.04304	0.11419	0.05637	0.05606	0.07173	0.04087	0.02124	0.01516	0.06863	0.01379	0.08735	0.00914	0.00241	0.00775	0.00661	0.00392	0.07118
8	0.01946	0.27525	0.11183	0.01443	0.01959	0.14690	0.01341	0.16364	0.04852	0.02341	0.05985	0.01597	0.01339	0.00745	0.00648	0.00184	0.04000	0.00525	0.00425	0.00909

[dist]
# distance from previous block
# <min> <max>
0	11

[block]
# block no. 4 follows, 32 sequences, length 47
# corresponding to MSA columns:
# 137-146,149-185
name=unknown_E
#
# <colnr> <probs for GDERKNQSTAVLIFYWHMCP>
#	G	D	E	R	K	N	Q	S	T	A	V	L	I	F	Y	W	H	M	C	P
0	0.15243	0.11695	0.01631	0.01173	0.01522	0.12085	0.00943	0.11811	0.01702	0.08219	0.04452	0.10161	0.07571	0.05483	0.00836	0.00231	0.03183	0.00762	0.00506	0.00792
1	0.01398	0.13625	0.16956	0.01308	0.01791	0.01484	0.02970	0.05446	0.17767	0.02166	0.02754	0.07250	0.14170	0.04329	0.03466	0.00261	0.00693	0.00827	0.00487	0.00850
2	0.01042	0.00707	0.00850	0.00837	0.01032	0.00625	0.00627	0.01258	0.01629	0.08072	0.24848	0.17904	0.32436	0.01606	0.00799	0.00231	0.00372	0.03817	0.00674	0.00633
3	0.01369	0.07313	0.69306	0.01872	0.02842	0.01616	0.02409	0.02119	0.01414	0.02096	0.01190	0.01399	0.00851	0.00634	0.00627	0.00209	0.00977	0.00489	0.00284	0.00985
4	0.03733	0.02136	0.15855	0.11481	0.05803	0.13301	0.16773	0.05532	0.05736	0.02163	0.03760	0.03607	0.01268	0.00733	0.00729	0.00212	0.03342	0.00647	0.00384	0.02803
5	0.01075	0.00867	0.01262	0.07865	0.01577	0.00986	0.02818	0.03093	0.01275	0.01767	0.02414	0.28132	0.02608	0.04559	0.20471	0.00492	0.09931	0.05837	0.02342	0.00630
6	0.01007	0.00675	0.00873	0.00972	0.01065	0.00645	0.00685	0.01217	0.04223	0.05607	0.03568	0.55028	0.06108	0.07411	0.01032	0.00297	0.00444	0.07924	0.00620	0.00596
7	0.00858	0.00698	0.00770	0.00796	0.01005	0.00610	0.00627	0.01064	0.01556	0.01907	0.10428	0.06575	0.54710	0.01707	0.00818	0.00241	0.00391	0.14027	0.00630	0.00581
8	0.01643	0.04036	0.21165	0.14860	0.03260	0.01664	0.28006	0.09935	0.01688	0.05221	0.01361	0.01682	0.00990	0.00641	0.00703	0.00216	0.00975	0.00643	0.00375	0.00936
9	0.01039	0.00655	0.00866	0.00952	0.01058	0.00602	0.00671	0.01192	0.01405	0.08392	0.07889	0.58304	0.07807	0.01908	0.00835	0.00262	0.00409	0.04496	0.00649	0.00610
10	0.15558	0.01835	0.08951	0.21471	0.03062	0.09569	0.20137	0.02015	0.01416	0.02083	0.01151	0.01547	0.00890	0.00673	0.00772	0.00221	0.06924	0.00580	0.00333	0.00811
11	0.09337	0.17787	0.06432	0.01645	0.07516	0.05824	0.06571	0.04692	0.05152	0.10672	0.01472	0.04763	0.01211	0.00771	0.00755	0.00199	0.08421	0.00586	0.00433	0.05760
12	0.00968	0.00687	0.00860	0.00825	0.00937	0.00643	0.02847	0.01044	0.01262	0.01656	0.09821	0.08653	0.23011	0.27772	0.01954	0.11530	0.00508	0.01106	0.03425	0.00491
13	0.00910	0.00659	0.00773	0.00777	0.00875	0.00615	0.00519	0.01050	0.01394	0.01855	0.23085	0.13747	0.18657	0.30093	0.01798	0.00389	0.00458	0.01251	0.00573	0.00522
14	0.01578	0.21428	0.19029	0.05997	0.16122	0.01905	0.13592	0.02076	0.03548	0.01968	0.01197	0.01500	0.00964	0.00646	0.00721	0.00201	0.05732	0.00551	0.00317	0.00929
15	0.01152	0.00704	0.00860	0.00837	0.00971	0.00658	0.00585	0.01317	0.01439	0.08984	0.19827	0.14703	0.10823	0.25399	0.01611	0.00361	0.00470	0.03179	0.05530	0.00591
16	0.01530	0.02181	0.25027	0.14064	0.19333	0.01616	0.16358	0.05649	0.03681	0.02212	0.01316	0.01658	0.00994	0.00636	0.00685	0.00214	0.00933	0.00611	0.00341	0.00961
17	0.00883	0.00692	0.00812	0.00885	0.01041	0.00637	0.00663	0.01128	0.04331	0.01850	0.05032	0.30777	0.34691	0.01832	0.00832	0.00256	0.00409	0.12037	0.00625	0.00588
18	0.01841	0.71974	0.03410	0.01186	0.01745	0.07335	0.01158	0.02053	0.01399	0.01583	0.00940	0.01085	0.00861	0.00582	0.00442	0.00145	0.00750	0.00364	0.00291	0.00856
19	0.02237	0.01874	0.05234	0.01729	0.02314	0.01892	0.12901	0.49784	0.02664	0.03613	0.01515	0.01618	0.01095	0.00731	0.00675	0.00197	0.00795	0.00614	0.00575	0.07942
20	0.00951	0.00712	0.00892	0.00828	0.01020	0.00637	0.00624	0.01245	0.01817	0.02534	0.58487	0.05029	0.15695	0.01373	0.00776	0.00207	0.00330	0.01199	0.00703	0.04941
21	0.15297	0.04321	0.11499	0.11821	0.08210	0.10730	0.01468	0.15616	0.01813	0.09428	0.01346	0.01521	0.00993	0.00705	0.00642	0.00204	0.02485	0.00525	0.00450	0.00926
22	0.10688	0.01765	0.09292	0.25194	0.12249	0.06926	0.18535	0.01990	0.01450	0.02067	0.01259	0.03314	0.01002	0.00661	0.00667	0.00216	0.00919	0.00626	0.00336	0.00845
23	0.01584	0.04042	0.09329	0.13077	0.05168	0.05021	0.03389	0.15832	0.08798	0.02563	0.13706	0.06482	0.04215	0.02914	0.00766	0.00224	0.00703	0.00802	0.00520	0.00864
24	0.01353	0.00794	0.00939	0.00853	0.01135	0.00686	0.00669	0.01573	0.01679	0.18635	0.15586	0.05310	0.42026	0.01453	0.00772	0.00224	0.00404	0.04505	0.00689	0.00715
25	0.01584	0.04753	0.07263	0.04384	0.19995	0.01620	0.05471	0.04427	0.24294	0.02396	0.05076	0.02091	0.01623	0.00803	0.00791	0.00216	0.06929	0.00674	0.04648	0.00962
26	0.00869	0.00677	0.00752	0.00737	0.00907	0.00600	0.00530	0.01054	0.01550	0.01990	0.25242	0.05700	0.41451	0.13589	0.01213	0.00290	0.00383	0.01286	0.00622	0.00560
27	0.05712	0.03235	0.03165	0.01287	0.05747	0.06836	0.00916	0.05048	0.10516	0.02121	0.05068	0.35690	0.09125	0.01456	0.00743	0.00236	0.00542	0.01264	0.00566	0.00728
28	0.01584	0.06184	0.08177	0.22826	0.13508	0.10463	0.14389	0.02036	0.03586	0.01894	0.01270	0.01745	0.01032	0.03811	0.00858	0.00230	0.04617	0.00611	0.00331	0.00848
29	0.01156	0.00741	0.00964	0.09785	0.01366	0.00807	0.00748	0.01371	0.01299	0.02022	0.07122	0.09161	0.02142	0.06118	0.06364	0.08776	0.04259	0.00801	0.34411	0.00588
30	0.01207	0.01017	0.01454	0.01711	0.15499	0.01133	0.01063	0.01453	0.04132	0.01724	0.02033	0.13576	0.02164	0.22425	0.09957	0.00456	0.13300	0.04600	0.00422	0.00675
31	0.04419	0.48597	0.12690	0.07011	0.02075	0.04604	0.01344	0.02041	0.01415	0.05252	0.01334	0.01478	0.03985	0.00658	0.00511	0.00169	0.00756	0.00461	0.00335	0.00864
32	0.08503	0.01073	0.01152	0.00987	0.01283	0.01155	0.00789	0.15886	0.04708	0.10361	0.01967	0.02122	0.01481	0.00804	0.00628	0.00186	0.04377	0.00608	0.41111	0.00819
33	0.01267	0.01193	0.02013	0.74806	0.04621	0.01491	0.01863	0.01714	0.01342	0.01714	0.01193	0.01789	0.00894	0.00671	0.00671	0.00224	0.00894	0.00596	0.00298	0.00745
34	0.01780	0.74602	0.05618	0.01171	0.01758	0.02622	0.01188	0.02013	0.01365	0.01595	0.00941	0.01087	0.00861	0.00576	0.00437	0.00146	0.00726	0.00363	0.00287	0.00865
35	0.00927	0.00685	0.00866	0.00821	0.00989	0.00624	0.00615	0.01223	0.01846	0.02565	0.62573	0.05219	0.15716	0.01419	0.00792	0.00213	0.00320	0.01242	0.00722	0.00624
36	0.00959	0.00719	0.01078	0.01078	0.01198	0.00839	0.00839	0.01198	0.01078	0.01558	0.01797	0.02636	0.01677	0.05032	0.73760	0.01078	0.01797	0.00719	0.00359	0.00599
37	0.08554	0.08896	0.01521	0.01167	0.01503	0.23220	0.00925	0.07998	0.04066	0.06409	0.01611	0.01768	0.01254	0.00731	0.00539	0.00174	0.00699	0.00525	0.27650	0.00791
38	0.42229	0.01820	0.01324	0.01194	0.01514	0.23371	0.00929	0.02068	0.01357	0.02331	0.01087	0.01455	0.00942	0.06671	0.00860	0.00238	0.06972	0.00458	0.02466	0.00715
39	0.01346	0.03471	0.72942	0.01912	0.02904	0.01558	0.02479	0.02125	0.01417	0.02125	0.01204	0.01417	0.00850	0.00637	0.00637	0.00212	0.00992	0.00496	0.00283	0.00992
40	0.01502	0.01345	0.02225	0.29040	0.29231	0.01427	0.05455	0.04002	0.01508	0.04632	0.01614	0.06280	0.03384	0.00756	0.00681	0.00210	0.00788	0.00704	0.00379	0.04837
41	0.05001	0.06738	0.24419	0.01466	0.02161	0.04979	0.05147	0.05569	0.03639	0.02262	0.01239	0.01426	0.00963	0.00594	0.00570	0.00162	0.00752	0.00470	0.00373	0.32069
42	0.00822	0.00593	0.00779	0.00918	0.00971	0.00550	0.00618	0.00950	0.01323	0.01760	0.06813	0.69452	0.07867	0.02050	0.00850	0.00268	0.00384	0.01853	0.00628	0.00550
43	0.01369	0.01182	0.01716	0.10676	0.05758	0.04136	0.10389	0.01785	0.06475	0.05871	0.02444	0.18840	0.06063	0.01358	0.05037	0.00271	0.00736	0.04793	0.00489	0.10613
44	0.00967	0.03066	0.00935	0.02889	0.01086	0.02901	0.00639	0.01138	0.01442	0.01873	0.19196	0.22902	0.19506	0.14702	0.03470	0.00330	0.00499	0.01313	0.00576	0.00570
45	0.00944	0.00733	0.00946	0.00929	0.01053	0.00735	0.00691	0.01175	0.01616	0.02230	0.39586	0.22326	0.14365	0.01578	0.00939	0.00236	0.07301	0.01354	0.00653	0.00612
46	0.04201	0.04138	0.07215	0.11143	0.15525	0.08434	0.03562	0.09308	0.10346	0.05911	0.01473	0.01681	0.01135	0.00711	0.00716	0.00200	0.04736	0.00571	0.00435	0.08557

[dist]
# distance from previous block
# <min> <max>
0	3

[block]
# block no. 5 follows, 32 sequences, length 21
# corresponding to MSA columns:
# 189-209
name=unknown_F
#
# <colnr> <probs for GDERKNQSTAVLIFYWHMCP>
#	G	D	E	R	K	N	Q	S	T	A	V	L	I	F	Y	W	H	M	C	P
0	0.01668	0.09781	0.01597	0.01083	0.01554	0.07225	0.00874	0.01927	0.01544	0.12045	0.08179	0.08382	0.01864	0.00793	0.00583	0.00152	0.00566	0.00645	0.00494	0.39044
1	0.01604	0.01389	0.03977	0.17409	0.09513	0.03490	0.02859	0.10843	0.06819	0.06941	0.09593	0.02540	0.08267	0.00876	0.00726	0.00205	0.02999	0.00734	0.00502	0.08716
2	0.01305	0.03983	0.07245	0.17880	0.04302	0.05028	0.01242	0.01899	0.12759	0.02119	0.16761	0.05495	0.07526	0.03645	0.03124	0.00260	0.03313	0.00847	0.00495	0.00772
3	0.02059	0.01767	0.01728	0.01464	0.01895	0.08916	0.01160	0.26666	0.40518	0.03188	0.02173	0.02064	0.01615	0.00852	0.00671	0.00213	0.00670	0.00672	0.00646	0.01062
4	0.10436	0.01502	0.02240	0.18463	0.40921	0.04030	0.01746	0.02125	0.04485	0.05808	0.01338	0.01678	0.01056	0.00645	0.00638	0.00206	0.00778	0.00577	0.00375	0.00952
5	0.01538	0.12941	0.22163	0.07151	0.02454	0.01575	0.12503	0.05401	0.06418	0.06248	0.01918	0.10847	0.04191	0.00877	0.00674	0.00214	0.00799	0.00772	0.00427	0.00891
6	0.01886	0.07051	0.08470	0.01639	0.03851	0.09115	0.07382	0.15620	0.13392	0.07291	0.01683	0.01897	0.01314	0.03015	0.08749	0.00314	0.05280	0.00627	0.00488	0.00934
7	0.00874	0.00655	0.00818	0.00920	0.01012	0.00621	0.00635	0.01118	0.05528	0.01859	0.08748	0.57350	0.13514	0.01926	0.00833	0.00259	0.00386	0.01725	0.00634	0.00585
8	0.00907	0.00814	0.04066	0.08341	0.01423	0.00715	0.00814	0.01133	0.01437	0.01896	0.14358	0.35492	0.19411	0.01818	0.03958	0.00280	0.00505	0.01445	0.00582	0.00605
9	0.01841	0.08309	0.13752	0.03979	0.12724	0.04761	0.10677	0.15162	0.03994	0.06687	0.04478	0.01762	0.01290	0.00747	0.00787	0.00210	0.06813	0.00617	0.00442	0.00968
10	0.11288	0.25239	0.05448	0.01561	0.06817	0.09929	0.03785	0.13652	0.01779	0.08150	0.01404	0.01746	0.01154	0.00732	0.00577	0.00189	0.00768	0.04426	0.00442	0.00914
11	0.00818	0.00584	0.00779	0.00934	0.00973	0.00545	0.00623	0.00934	0.01285	0.01713	0.03698	0.75981	0.04438	0.02102	0.00856	0.00273	0.00389	0.01908	0.00623	0.00545
12	0.01564	0.01830	0.13497	0.14394	0.13492	0.07584	0.09181	0.02102	0.06973	0.05523	0.05304	0.04420	0.04169	0.00828	0.00799	0.00220	0.06120	0.00709	0.00411	0.00879
13	0.01818	0.03590	0.06244	0.15225	0.17527	0.08294	0.16759	0.12730	0.01782	0.04787	0.01329	0.01656	0.01016	0.00675	0.00740	0.00211	0.03664	0.00618	0.00394	0.00941
14	0.01166	0.00583	0.00874	0.00874	0.00874	0.00583	0.00583	0.00874	0.00874	0.01166	0.01166	0.02040	0.01166	0.02331	0.02622	0.80478	0.00583	0.00583	0.00291	0.00291
15	0.01534	0.01692	0.08973	0.18363	0.42231	0.01602	0.08005	0.01978	0.01458	0.02053	0.01231	0.01669	0.00995	0.00644	0.00754	0.00213	0.04721	0.00605	0.00319	0.00960
16	0.04437	0.10045	0.05152	0.07372	0.07055	0.14815	0.05377	0.12173	0.10798	0.02316	0.01795	0.07633	0.03565	0.01006	0.03357	0.00236	0.00838	0.00695	0.00456	0.00879
17	0.01701	0.06002	0.02533	0.08441	0.51405	0.03844	0.01826	0.07943	0.01647	0.02260	0.01387	0.05433	0.01213	0.00700	0.00660	0.00201	0.00786	0.00646	0.00372	0.01000
18	0.00815	0.00594	0.00768	0.00907	0.00966	0.00547	0.00611	0.00937	0.01311	0.01724	0.04033	0.68480	0.11723	0.02059	0.00850	0.00268	0.00384	0.01854	0.00623	0.00547
19	0.01615	0.01832	0.09330	0.01942	0.08162	0.10442	0.15227	0.06222	0.14554	0.02278	0.05093	0.07401	0.04811	0.00935	0.00797	0.00224	0.04664	0.03110	0.00474	0.00885
20	0.07095	0.06882	0.06403	0.04693	0.10705	0.22042	0.12609	0.02292	0.07922	0.02057	0.01381	0.01652	0.01107	0.00928	0.04995	0.00248	0.00970	0.00569	0.04596	0.00854

[dist]
# distance from previous block
# <min> <max>
0	19

# created by:
# /home/berkeley/.conda/envs/busco_data_prod/bin/msa2prfl.pl pipeline/OGs_align_augustus/4893/14259.fs
