[name]
unknown

[dist]
# distance from previous block
# <min> <max>
0	54

[block]
# block no. 0 follows, 34 sequences, length 97
# corresponding to MSA columns:
# 54-150
name=unknown_A
#
# <colnr> <probs for GDERKNQSTAVLIFYWHMCP>
#	G	D	E	R	K	N	Q	S	T	A	V	L	I	F	Y	W	H	M	C	P
0	0.05485	0.02104	0.28473	0.12457	0.07160	0.04217	0.10780	0.02033	0.02863	0.07912	0.01475	0.05164	0.01188	0.00744	0.00695	0.00213	0.03110	0.02689	0.00370	0.00869
1	0.01604	0.04406	0.04399	0.18324	0.20651	0.01463	0.14506	0.06093	0.04398	0.07360	0.01470	0.01781	0.01117	0.00644	0.00637	0.00198	0.00773	0.00613	0.08678	0.00886
2	0.00808	0.00596	0.00760	0.00879	0.00949	0.00556	0.00598	0.00975	0.03033	0.01714	0.05873	0.64870	0.12138	0.01931	0.00812	0.00255	0.00371	0.01736	0.00604	0.00542
3	0.00940	0.00626	0.00705	0.00705	0.00705	0.00626	0.00392	0.00940	0.00940	0.01253	0.02036	0.04228	0.02349	0.77292	0.03289	0.00626	0.00626	0.00940	0.00392	0.00392
4	0.01752	0.12020	0.05759	0.20181	0.22182	0.12566	0.01604	0.05438	0.01540	0.06613	0.01213	0.01508	0.00955	0.00649	0.00653	0.00191	0.03428	0.00521	0.00352	0.00877
5	0.01496	0.09747	0.12175	0.25087	0.11635	0.01656	0.08334	0.06099	0.13337	0.02104	0.01419	0.01693	0.01084	0.00659	0.00629	0.00202	0.00799	0.00582	0.00375	0.00887
6	0.00782	0.00584	0.00727	0.00841	0.00922	0.00530	0.00574	0.00906	0.01294	0.01672	0.04276	0.59951	0.20732	0.01931	0.00810	0.00252	0.00363	0.01724	0.00600	0.00530
7	0.01727	0.77681	0.03386	0.01106	0.01658	0.02557	0.01106	0.01935	0.01313	0.01520	0.00898	0.01036	0.00829	0.00553	0.00415	0.00138	0.00691	0.00345	0.00276	0.00829
8	0.03584	0.00799	0.00916	0.00880	0.01080	0.00778	0.00664	0.07400	0.05137	0.02306	0.27335	0.18218	0.23704	0.01461	0.00751	0.00221	0.00384	0.03103	0.00638	0.00642
9	0.01687	0.21701	0.16293	0.06071	0.09952	0.19175	0.01517	0.02012	0.01416	0.01703	0.01082	0.01411	0.00926	0.03124	0.03313	0.00225	0.06800	0.00474	0.00301	0.00818
10	0.34400	0.11682	0.01792	0.03702	0.10173	0.09410	0.01129	0.01958	0.01260	0.04454	0.00998	0.01245	0.00829	0.00697	0.00763	0.00202	0.13737	0.00437	0.00356	0.00775
11	0.01755	0.04979	0.08497	0.03884	0.03928	0.15541	0.03299	0.09234	0.32287	0.02381	0.01939	0.06207	0.01561	0.00831	0.00640	0.00204	0.00731	0.00673	0.00509	0.00921
12	0.81856	0.01250	0.00950	0.00850	0.01250	0.01449	0.00700	0.01899	0.01100	0.02899	0.00900	0.01050	0.00700	0.00600	0.00400	0.00200	0.00500	0.00350	0.00400	0.00700
13	0.01506	0.01461	0.04433	0.15860	0.40079	0.01440	0.12603	0.01911	0.01436	0.04786	0.01392	0.05116	0.01172	0.00794	0.03013	0.00231	0.00843	0.00666	0.00346	0.00911
14	0.00868	0.00635	0.00776	0.00781	0.00896	0.00585	0.00547	0.01056	0.01493	0.02020	0.35175	0.18510	0.17029	0.15278	0.01232	0.00294	0.00380	0.01288	0.00612	0.00543
15	0.01755	0.41761	0.04625	0.03265	0.01816	0.09227	0.01154	0.04465	0.22029	0.01964	0.01446	0.01492	0.01171	0.00669	0.00520	0.00170	0.00698	0.00481	0.00404	0.00886
16	0.00953	0.00744	0.01045	0.03120	0.03999	0.00732	0.03541	0.01184	0.03693	0.01741	0.06144	0.37629	0.07730	0.10482	0.09455	0.00371	0.00615	0.01305	0.02488	0.03031
17	0.05821	0.20510	0.12356	0.07795	0.06632	0.01617	0.07136	0.05513	0.04261	0.10557	0.03095	0.09015	0.01450	0.00787	0.00602	0.00194	0.00708	0.00661	0.00427	0.00865
18	0.11310	0.11788	0.04063	0.01478	0.03629	0.09199	0.08321	0.09637	0.21888	0.04577	0.01871	0.02005	0.04119	0.00771	0.00605	0.00198	0.00697	0.02463	0.00488	0.00893
19	0.00787	0.00562	0.00750	0.00900	0.00937	0.00525	0.00600	0.00900	0.01237	0.01649	0.03561	0.76871	0.04274	0.02024	0.00825	0.00262	0.00375	0.01837	0.00600	0.00525
20	0.01481	0.01472	0.02461	0.12314	0.32949	0.04387	0.16849	0.01961	0.05349	0.02077	0.06126	0.02080	0.04175	0.00691	0.00674	0.00202	0.00794	0.00688	0.02386	0.00884
21	0.01516	0.01861	0.16598	0.20918	0.24001	0.04572	0.05491	0.06018	0.07159	0.02124	0.01333	0.01651	0.01024	0.00642	0.00638	0.00202	0.00829	0.00572	0.01940	0.00910
22	0.02784	0.01076	0.01473	0.01143	0.01621	0.00941	0.00941	0.03033	0.01802	0.69507	0.02501	0.02219	0.01600	0.01035	0.04960	0.00249	0.00619	0.00652	0.00773	0.01069
23	0.00894	0.00607	0.00718	0.00763	0.00775	0.00596	0.00454	0.00928	0.01029	0.01372	0.02495	0.26113	0.02929	0.54617	0.02546	0.00517	0.00551	0.01210	0.00454	0.00432
24	0.05390	0.06118	0.37081	0.04567	0.10730	0.04329	0.09739	0.01947	0.01393	0.02030	0.04109	0.03725	0.01172	0.00694	0.00694	0.00205	0.04296	0.00581	0.00321	0.00881
25	0.01595	0.08241	0.06806	0.17955	0.35597	0.07273	0.03466	0.01967	0.01449	0.04704	0.01298	0.04439	0.01092	0.00661	0.00626	0.00195	0.00807	0.00593	0.00337	0.00898
26	0.01768	0.09540	0.12538	0.01687	0.06600	0.17766	0.06193	0.14131	0.03828	0.02262	0.05744	0.04901	0.03626	0.00839	0.00677	0.00197	0.02681	0.03738	0.00432	0.00852
27	0.16229	0.37583	0.02410	0.01245	0.01706	0.22505	0.01082	0.07238	0.01548	0.01972	0.00975	0.01113	0.00827	0.00609	0.00476	0.00161	0.00791	0.00384	0.00342	0.00804
28	0.01421	0.01424	0.01938	0.01675	0.01689	0.03565	0.01395	0.01569	0.01029	0.01571	0.00956	0.01646	0.00964	0.01147	0.02036	0.00281	0.71368	0.03327	0.00296	0.00703
29	0.01340	0.01148	0.01340	0.00957	0.01531	0.00861	0.00766	0.01627	0.01340	0.02105	0.01148	0.01340	0.00957	0.00479	0.00479	0.00096	0.00479	0.00383	0.00383	0.81242
30	0.00786	0.00568	0.00744	0.00885	0.00933	0.00526	0.00593	0.00901	0.01251	0.01655	0.03735	0.72759	0.08273	0.02002	0.00821	0.00260	0.00372	0.01809	0.00600	0.00526
31	0.01576	0.01429	0.02273	0.30386	0.37776	0.01563	0.01809	0.11393	0.01620	0.02210	0.01237	0.01639	0.00973	0.00629	0.00643	0.00201	0.00795	0.00576	0.00353	0.00920
32	0.13679	0.26101	0.06033	0.05287	0.08598	0.10820	0.08554	0.04112	0.05565	0.03990	0.01172	0.01356	0.00940	0.00614	0.00539	0.00179	0.00777	0.00475	0.00358	0.00850
33	0.02362	0.02295	0.01848	0.01540	0.01959	0.32904	0.01216	0.38452	0.02425	0.02884	0.01325	0.01436	0.01011	0.00931	0.04294	0.00224	0.00955	0.00517	0.00498	0.00924
34	0.01732	0.40628	0.07424	0.04110	0.03773	0.07716	0.01173	0.02005	0.01404	0.06708	0.01108	0.01254	0.00915	0.00572	0.00486	0.00145	0.00702	0.00404	0.00340	0.17402
35	0.01316	0.17413	0.44674	0.01625	0.05762	0.01556	0.01816	0.01849	0.01380	0.01923	0.04155	0.04817	0.07541	0.00770	0.00603	0.00194	0.00793	0.00612	0.00333	0.00869
36	0.06816	0.01107	0.01472	0.01135	0.01630	0.00974	0.00937	0.03087	0.01812	0.70196	0.02467	0.02142	0.01555	0.00790	0.00637	0.00200	0.00547	0.00635	0.00780	0.01080
37	0.00815	0.00653	0.00732	0.00754	0.00935	0.00571	0.00570	0.01007	0.01505	0.01886	0.16496	0.13844	0.48742	0.01642	0.00781	0.00228	0.00352	0.07312	0.00617	0.00558
38	0.01487	0.06922	0.23199	0.05624	0.13371	0.01402	0.08109	0.01985	0.03673	0.08912	0.04599	0.02204	0.04543	0.01007	0.05007	0.00255	0.03104	0.03319	0.00399	0.00878
39	0.01492	0.03555	0.09574	0.01428	0.03779	0.04124	0.06685	0.01803	0.01467	0.12412	0.12045	0.05353	0.02362	0.05501	0.02662	0.00267	0.10717	0.10439	0.03575	0.00759
40	0.00800	0.00589	0.00752	0.00865	0.00941	0.00540	0.00597	0.00939	0.01322	0.01738	0.08823	0.58962	0.14912	0.01909	0.00813	0.00253	0.00369	0.03733	0.00607	0.00536
41	0.00940	0.00626	0.00705	0.00705	0.00705	0.00626	0.00392	0.00940	0.00940	0.01253	0.02036	0.04228	0.02349	0.77292	0.03289	0.00626	0.00626	0.00940	0.00392	0.00392
42	0.05434	0.05361	0.02107	0.12568	0.13927	0.09878	0.08125	0.06473	0.10857	0.09158	0.01626	0.01812	0.03198	0.00735	0.00732	0.00204	0.05880	0.00604	0.00436	0.00886
43	0.02714	0.01467	0.01675	0.01299	0.01795	0.05615	0.01066	0.27240	0.02270	0.44792	0.02105	0.01909	0.01377	0.00783	0.00645	0.00196	0.00643	0.00612	0.00718	0.01079
44	0.00955	0.00682	0.00942	0.01091	0.01202	0.00669	0.00891	0.01189	0.01402	0.01837	0.03469	0.30977	0.03907	0.01866	0.00869	0.00286	0.00520	0.46077	0.00597	0.00571
45	0.01727	0.77681	0.03386	0.01106	0.01658	0.02557	0.01106	0.01935	0.01313	0.01520	0.00898	0.01036	0.00829	0.00553	0.00415	0.00138	0.00691	0.00345	0.00276	0.00829
46	0.06523	0.04736	0.01378	0.04770	0.01509	0.01080	0.05892	0.08161	0.05748	0.07719	0.12228	0.09176	0.05518	0.01135	0.02835	0.03325	0.00547	0.00819	0.16172	0.00732
47	0.02168	0.25303	0.02335	0.01612	0.05431	0.49504	0.01242	0.02358	0.01658	0.01589	0.00979	0.01148	0.00841	0.00628	0.00535	0.00159	0.01004	0.00403	0.00315	0.00787
48	0.01689	0.04868	0.02262	0.13068	0.31449	0.17318	0.01653	0.01979	0.01423	0.01800	0.01075	0.01465	0.00918	0.00712	0.00907	0.00205	0.15517	0.00530	0.00309	0.00852
49	0.01778	0.72136	0.03270	0.01147	0.01684	0.07919	0.01116	0.01983	0.01351	0.01525	0.00906	0.01046	0.00829	0.00561	0.00427	0.00140	0.00726	0.00351	0.00281	0.00823
50	0.17721	0.01763	0.01722	0.01470	0.04690	0.10662	0.01145	0.36146	0.03946	0.08110	0.01399	0.01467	0.01028	0.00745	0.00677	0.00198	0.05099	0.00524	0.00537	0.00951
51	0.01071	0.00906	0.03515	0.01007	0.03402	0.00833	0.00765	0.07312	0.01694	0.02297	0.34247	0.06251	0.20327	0.07689	0.01013	0.00248	0.03387	0.02787	0.00603	0.00646
52	0.00856	0.00658	0.00782	0.00751	0.00929	0.00585	0.00563	0.01105	0.01690	0.02261	0.47023	0.05370	0.32201	0.01444	0.00763	0.00209	0.00314	0.01245	0.00668	0.00585
53	0.01775	0.69794	0.03215	0.01148	0.01684	0.05795	0.01113	0.03904	0.03624	0.01630	0.00976	0.01100	0.00873	0.00574	0.00436	0.00144	0.00707	0.00367	0.00301	0.00839
54	0.00875	0.00614	0.00749	0.00802	0.00849	0.00598	0.00519	0.00947	0.01112	0.01467	0.03015	0.28505	0.10540	0.35604	0.07421	0.02191	0.00590	0.02651	0.00482	0.00468
55	0.05905	0.08119	0.30523	0.01826	0.06489	0.14782	0.07922	0.06469	0.03137	0.07081	0.01267	0.01428	0.00939	0.00638	0.00603	0.00192	0.00898	0.00505	0.00366	0.00912
56	0.01686	0.70610	0.10098	0.01176	0.01767	0.02456	0.01228	0.01945	0.01318	0.01570	0.00923	0.01068	0.00828	0.00559	0.00434	0.00145	0.00716	0.00358	0.00276	0.00841
57	0.00940	0.00626	0.00705	0.00705	0.00705	0.00626	0.00392	0.00940	0.00940	0.01253	0.02036	0.04228	0.02349	0.77292	0.03289	0.00626	0.00626	0.00940	0.00392	0.00392
58	0.01462	0.01686	0.12770	0.05627	0.36701	0.01417	0.09978	0.05904	0.01539	0.02139	0.01854	0.05096	0.07453	0.00776	0.00676	0.00206	0.00775	0.02651	0.00375	0.00915
59	0.01534	0.01546	0.05891	0.17916	0.49069	0.03611	0.01856	0.01926	0.01451	0.03915	0.01444	0.01802	0.03903	0.00643	0.00643	0.00198	0.00784	0.00600	0.00336	0.00934
60	0.00926	0.00682	0.00985	0.00985	0.01082	0.00779	0.00741	0.01120	0.01023	0.01460	0.01780	0.02809	0.01733	0.16435	0.63304	0.00973	0.01554	0.00732	0.00353	0.00547
61	0.02039	0.01065	0.01279	0.01078	0.01420	0.05150	0.00857	0.05406	0.01840	0.37315	0.23575	0.08268	0.03144	0.01069	0.00701	0.00207	0.00509	0.03487	0.00717	0.00873
62	0.07320	0.04320	0.01735	0.03673	0.04692	0.01565	0.05118	0.28258	0.14425	0.02865	0.02057	0.09774	0.04401	0.03671	0.02993	0.00247	0.00667	0.00769	0.00550	0.00898
63	0.01543	0.01436	0.06588	0.01479	0.05376	0.07186	0.07260	0.08435	0.13524	0.07894	0.09145	0.14748	0.07231	0.01102	0.00710	0.00218	0.00632	0.04115	0.00557	0.00824
64	0.02899	0.01100	0.01499	0.01150	0.01649	0.00950	0.00950	0.03149	0.01849	0.73709	0.02549	0.02199	0.01599	0.00800	0.00650	0.00200	0.00550	0.00650	0.00800	0.01100
65	0.01296	0.03342	0.73944	0.01842	0.02797	0.01501	0.02387	0.02046	0.01364	0.02046	0.01160	0.01364	0.00818	0.00614	0.00614	0.00205	0.00955	0.00477	0.00273	0.00955
66	0.04262	0.01563	0.03868	0.06591	0.04834	0.04366	0.01181	0.35307	0.03874	0.07056	0.05417	0.04885	0.03231	0.03168	0.00775	0.00211	0.03269	0.00671	0.00554	0.04918
67	0.01525	0.01743	0.03813	0.02723	0.03377	0.01634	0.70915	0.02070	0.01525	0.02070	0.01307	0.01743	0.00980	0.00545	0.00763	0.00218	0.01089	0.00763	0.00327	0.00871
68	0.00764	0.00655	0.00655	0.00655	0.00873	0.00545	0.00491	0.00927	0.01473	0.01745	0.06546	0.06218	0.73000	0.01636	0.00764	0.00218	0.00327	0.01364	0.00600	0.00545
69	0.01479	0.06663	0.19882	0.19413	0.16436	0.01385	0.03878	0.01869	0.01355	0.08185	0.01358	0.04236	0.01094	0.00841	0.00826	0.08546	0.00787	0.00591	0.00346	0.00830
70	0.01654	0.01724	0.04231	0.11207	0.13355	0.14060	0.14995	0.12129	0.01742	0.02191	0.03522	0.07684	0.06948	0.00835	0.00682	0.00204	0.00833	0.00754	0.00419	0.00833
71	0.81856	0.01250	0.00950	0.00850	0.01250	0.01449	0.00700	0.01899	0.01100	0.02899	0.00900	0.01050	0.00700	0.00600	0.00400	0.00200	0.00500	0.00350	0.00400	0.00700
72	0.00952	0.00622	0.00714	0.00714	0.00714	0.00622	0.00403	0.00933	0.00933	0.01244	0.01973	0.04071	0.02264	0.72089	0.03236	0.06213	0.00622	0.00913	0.00384	0.00384
73	0.01500	0.06990	0.14917	0.04281	0.07980	0.07021	0.33687	0.01959	0.01447	0.01926	0.01376	0.07466	0.01184	0.00716	0.00761	0.00211	0.04682	0.00717	0.00333	0.00845
74	0.01528	0.01579	0.02553	0.27642	0.30522	0.07865	0.15114	0.01940	0.01453	0.01903	0.01192	0.01631	0.00944	0.00601	0.00660	0.00203	0.00895	0.00597	0.00311	0.00868
75	0.00771	0.00625	0.00685	0.00734	0.00894	0.00539	0.00526	0.00918	0.01396	0.01714	0.05579	0.29107	0.50734	0.01762	0.00783	0.00233	0.00343	0.01517	0.00600	0.00539
76	0.01727	0.77681	0.03386	0.01106	0.01658	0.02557	0.01106	0.01935	0.01313	0.01520	0.00898	0.01036	0.00829	0.00553	0.00415	0.00138	0.00691	0.00345	0.00276	0.00829
77	0.01580	0.01202	0.01756	0.07564	0.12625	0.01235	0.07764	0.13771	0.06745	0.09498	0.08152	0.20727	0.02381	0.01080	0.00712	0.00218	0.00619	0.00977	0.00549	0.00847
78	0.01703	0.75368	0.03315	0.01104	0.01643	0.02504	0.01097	0.01911	0.01305	0.01520	0.00923	0.01082	0.00853	0.00682	0.02647	0.00165	0.00722	0.00356	0.00278	0.00822
79	0.09101	0.06168	0.02059	0.01686	0.05124	0.16055	0.07386	0.04772	0.01457	0.12373	0.01218	0.01468	0.00970	0.00819	0.01107	0.00219	0.26264	0.00535	0.00398	0.00823
80	0.01727	0.77681	0.03386	0.01106	0.01658	0.02557	0.01106	0.01935	0.01313	0.01520	0.00898	0.01036	0.00829	0.00553	0.00415	0.00138	0.00691	0.00345	0.00276	0.00829
81	0.81856	0.01250	0.00950	0.00850	0.01250	0.01449	0.00700	0.01899	0.01100	0.02899	0.00900	0.01050	0.00700	0.00600	0.00400	0.00200	0.00500	0.00350	0.00400	0.00700
82	0.01375	0.01240	0.01982	0.24592	0.32747	0.01334	0.01589	0.05694	0.01458	0.01980	0.01736	0.07466	0.04632	0.03605	0.03661	0.00256	0.00772	0.02681	0.00373	0.00828
83	0.00805	0.00656	0.00712	0.00698	0.00898	0.00563	0.00523	0.01007	0.01570	0.01976	0.24626	0.05839	0.54775	0.01550	0.00763	0.00214	0.00321	0.01311	0.00630	0.00563
84	0.15395	0.01412	0.02025	0.20925	0.34883	0.03485	0.01592	0.05906	0.01459	0.02244	0.01192	0.01552	0.00951	0.00618	0.00592	0.00197	0.00734	0.00533	0.03432	0.00872
85	0.01460	0.00989	0.01224	0.07637	0.01611	0.00948	0.00868	0.05847	0.09090	0.13821	0.06402	0.16339	0.13256	0.01136	0.00681	0.00201	0.00493	0.02562	0.00581	0.14854
86	0.02301	0.02193	0.14719	0.01534	0.02097	0.13492	0.01401	0.38676	0.02386	0.12586	0.01525	0.01542	0.01073	0.00732	0.00631	0.00192	0.00806	0.00545	0.00550	0.01017
87	0.01349	0.12418	0.65330	0.01752	0.02658	0.01630	0.02231	0.02033	0.01358	0.01982	0.01128	0.01324	0.00820	0.00606	0.00590	0.00197	0.00923	0.00461	0.00273	0.00940
88	0.00826	0.00624	0.00763	0.00799	0.00929	0.00561	0.00572	0.01022	0.01516	0.02014	0.29211	0.30942	0.24547	0.01662	0.00785	0.00229	0.00336	0.01463	0.00640	0.00561
89	0.02193	0.01838	0.01930	0.01536	0.01988	0.11523	0.06001	0.47871	0.04657	0.03302	0.01618	0.05967	0.01290	0.01006	0.04029	0.00235	0.00819	0.00655	0.00566	0.00977
90	0.04598	0.05402	0.07395	0.05446	0.29302	0.13230	0.08625	0.11957	0.03844	0.02298	0.01249	0.01506	0.00987	0.00630	0.00624	0.00191	0.00851	0.00550	0.00375	0.00939
91	0.00923	0.00692	0.01038	0.01038	0.01154	0.00808	0.00808	0.01154	0.01038	0.01500	0.01731	0.02538	0.01615	0.04846	0.74732	0.01038	0.01731	0.00692	0.00346	0.00577
92	0.00796	0.00569	0.00758	0.00894	0.00939	0.00531	0.00600	0.00922	0.01278	0.01715	0.08370	0.71875	0.04400	0.01976	0.00820	0.00258	0.00370	0.01791	0.00608	0.00531
93	0.11618	0.01582	0.04460	0.08919	0.02079	0.01672	0.01202	0.40654	0.02292	0.09045	0.01738	0.03910	0.04050	0.00819	0.00670	0.00203	0.02944	0.00622	0.00564	0.00956
94	0.07182	0.11497	0.02634	0.11878	0.21341	0.06037	0.17261	0.04127	0.05226	0.02058	0.01223	0.01545	0.00980	0.00625	0.00677	0.00198	0.03720	0.00571	0.00344	0.00876
95	0.00971	0.00846	0.05956	0.01118	0.05272	0.00682	0.00789	0.01142	0.01272	0.04445	0.04871	0.51250	0.06251	0.10669	0.01080	0.00292	0.00471	0.01483	0.00547	0.00593
96	0.06783	0.21764	0.10090	0.09561	0.02113	0.03667	0.03967	0.10960	0.01635	0.14087	0.01698	0.01844	0.05240	0.03138	0.00660	0.00199	0.00712	0.00563	0.00446	0.00872

[dist]
# distance from previous block
# <min> <max>
0	44

[block]
# block no. 1 follows, 34 sequences, length 11
# corresponding to MSA columns:
# 196-206
name=unknown_B
#
# <colnr> <probs for GDERKNQSTAVLIFYWHMCP>
#	G	D	E	R	K	N	Q	S	T	A	V	L	I	F	Y	W	H	M	C	P
0	0.06799	0.02013	0.05686	0.01891	0.13216	0.21407	0.03931	0.15803	0.11576	0.05958	0.01556	0.04557	0.01242	0.00751	0.00625	0.00194	0.00809	0.00597	0.00471	0.00919
1	0.01828	0.01920	0.02117	0.16536	0.15391	0.23001	0.07212	0.10861	0.05017	0.02104	0.01440	0.01705	0.03663	0.00713	0.00697	0.00197	0.03782	0.00581	0.00384	0.00850
2	0.00940	0.00626	0.00705	0.00705	0.00705	0.00626	0.00392	0.00940	0.00940	0.01253	0.02036	0.04228	0.02349	0.77292	0.03289	0.00626	0.00626	0.00940	0.00392	0.00392
3	0.00939	0.00641	0.00792	0.00830	0.00948	0.00587	0.00585	0.01094	0.01389	0.05317	0.15936	0.33128	0.18726	0.11927	0.01128	0.00290	0.00404	0.04179	0.00601	0.00557
4	0.01686	0.07039	0.14039	0.08227	0.15354	0.14547	0.10014	0.05738	0.04830	0.01994	0.01195	0.01490	0.00954	0.00686	0.00795	0.00203	0.09448	0.00546	0.00339	0.00876
5	0.01122	0.00561	0.00842	0.00842	0.00842	0.00561	0.00561	0.00842	0.00842	0.01122	0.01122	0.01964	0.01122	0.02245	0.02525	0.81201	0.00561	0.00561	0.00281	0.00281
6	0.02899	0.01100	0.01499	0.01150	0.01649	0.00950	0.00950	0.03149	0.01849	0.73709	0.02549	0.02199	0.01599	0.00800	0.00650	0.00200	0.00550	0.00650	0.00800	0.01100
7	0.00940	0.00626	0.00705	0.00705	0.00705	0.00626	0.00392	0.00940	0.00940	0.01253	0.02036	0.04228	0.02349	0.77292	0.03289	0.00626	0.00626	0.00940	0.00392	0.00392
8	0.01436	0.01408	0.01521	0.04242	0.06723	0.13313	0.02940	0.03856	0.08930	0.01914	0.02067	0.14071	0.06234	0.01407	0.08415	0.00287	0.07594	0.00807	0.00438	0.12397
9	0.04035	0.01332	0.02088	0.22748	0.20083	0.01402	0.08592	0.08373	0.04188	0.04523	0.01527	0.04936	0.01290	0.00743	0.00655	0.00203	0.00746	0.04228	0.00404	0.07906
10	0.01720	0.04442	0.02398	0.14066	0.47992	0.06418	0.01776	0.05274	0.01559	0.06357	0.01274	0.01601	0.01017	0.00614	0.00629	0.00192	0.00789	0.00561	0.00358	0.00961

[dist]
# distance from previous block
# <min> <max>
0	38

[block]
# block no. 2 follows, 34 sequences, length 20
# corresponding to MSA columns:
# 245-264
name=unknown_C
#
# <colnr> <probs for GDERKNQSTAVLIFYWHMCP>
#	G	D	E	R	K	N	Q	S	T	A	V	L	I	F	Y	W	H	M	C	P
0	0.11794	0.01692	0.14497	0.05296	0.01927	0.04386	0.01240	0.12509	0.03763	0.06959	0.01569	0.10184	0.01360	0.00836	0.00699	0.00195	0.05747	0.00646	0.00452	0.14250
1	0.00989	0.00768	0.01160	0.01286	0.08084	0.00853	0.00884	0.01227	0.01132	0.01625	0.06874	0.02708	0.01925	0.08217	0.58209	0.00873	0.01472	0.00729	0.00373	0.00612
2	0.00789	0.00656	0.00690	0.00681	0.00888	0.00556	0.00511	0.00977	0.01533	0.01888	0.17749	0.05983	0.61707	0.01583	0.00763	0.00216	0.00323	0.01331	0.00619	0.00556
3	0.01669	0.01419	0.01496	0.01327	0.01704	0.01636	0.01038	0.08359	0.67069	0.02803	0.02551	0.02348	0.01909	0.00869	0.00657	0.00217	0.00526	0.00720	0.00657	0.01028
4	0.00923	0.00692	0.01038	0.01038	0.01154	0.00808	0.00808	0.01154	0.01038	0.01500	0.01731	0.02538	0.01615	0.04846	0.74732	0.01038	0.01731	0.00692	0.00346	0.00577
5	0.01661	0.52506	0.17711	0.01466	0.04822	0.05923	0.04331	0.01998	0.01365	0.01677	0.00986	0.01162	0.00841	0.00572	0.00487	0.00159	0.00789	0.00403	0.00282	0.00860
6	0.01525	0.01743	0.03813	0.02723	0.03377	0.01634	0.70915	0.02070	0.01525	0.02070	0.01307	0.01743	0.00980	0.00545	0.00763	0.00218	0.01089	0.00763	0.00327	0.00871
7	0.01103	0.00568	0.00827	0.00827	0.00827	0.00568	0.00543	0.00852	0.00852	0.01136	0.01221	0.02210	0.01255	0.10387	0.02608	0.72458	0.00568	0.00602	0.00293	0.00293
8	0.01239	0.01174	0.01942	0.68583	0.04184	0.01488	0.01758	0.01642	0.01263	0.01642	0.01119	0.01693	0.00860	0.00693	0.00788	0.00222	0.08134	0.00573	0.00287	0.00717
9	0.01794	0.70471	0.03236	0.01160	0.01691	0.09529	0.01119	0.01997	0.01363	0.01526	0.00908	0.01049	0.00829	0.00564	0.00431	0.00141	0.00737	0.00352	0.00282	0.00821
10	0.00923	0.00619	0.00710	0.00726	0.00730	0.00615	0.00414	0.00935	0.00972	0.01296	0.02201	0.12110	0.02558	0.69126	0.03021	0.00587	0.00599	0.01037	0.00414	0.00406
11	0.00787	0.00562	0.00750	0.00900	0.00937	0.00525	0.00600	0.00900	0.01237	0.01649	0.03561	0.76871	0.04274	0.02024	0.00825	0.00262	0.00375	0.01837	0.00600	0.00525
12	0.00822	0.00587	0.00768	0.00884	0.00940	0.00551	0.00603	0.00955	0.01291	0.01727	0.10230	0.59445	0.06197	0.07407	0.00999	0.00284	0.00395	0.04792	0.00595	0.00527
13	0.00839	0.00590	0.00765	0.00885	0.00924	0.00563	0.00595	0.00944	0.01198	0.01593	0.03243	0.56466	0.03840	0.17132	0.01326	0.00338	0.00444	0.07252	0.00558	0.00504
14	0.01052	0.00792	0.01017	0.01089	0.01270	0.00796	0.00916	0.01500	0.09191	0.02081	0.12841	0.06306	0.12245	0.01607	0.00834	0.00267	0.00515	0.44425	0.00618	0.00637
15	0.01340	0.01148	0.01340	0.00957	0.01531	0.00861	0.00766	0.01627	0.01340	0.02105	0.01148	0.01340	0.00957	0.00479	0.00479	0.00096	0.00479	0.00383	0.00383	0.81242
16	0.01257	0.01186	0.02005	0.68759	0.11142	0.01445	0.01813	0.01683	0.01309	0.01696	0.01155	0.01711	0.00877	0.00639	0.00645	0.00213	0.00852	0.00574	0.00290	0.00748
17	0.09403	0.01678	0.09207	0.02884	0.39356	0.01518	0.10993	0.05922	0.03714	0.05285	0.03056	0.01669	0.01148	0.00625	0.00635	0.00199	0.00771	0.00592	0.00382	0.00963
18	0.07356	0.02178	0.20257	0.03917	0.15129	0.11611	0.12668	0.07234	0.01628	0.09970	0.01332	0.01530	0.00981	0.00635	0.00630	0.00198	0.00877	0.00552	0.00392	0.00928
19	0.81856	0.01250	0.00950	0.00850	0.01250	0.01449	0.00700	0.01899	0.01100	0.02899	0.00900	0.01050	0.00700	0.00600	0.00400	0.00200	0.00500	0.00350	0.00400	0.00700

[dist]
# distance from previous block
# <min> <max>
0	1

[block]
# block no. 3 follows, 34 sequences, length 6
# corresponding to MSA columns:
# 266-271
name=unknown_D
#
# <colnr> <probs for GDERKNQSTAVLIFYWHMCP>
#	G	D	E	R	K	N	Q	S	T	A	V	L	I	F	Y	W	H	M	C	P
0	0.02286	0.01725	0.01843	0.01452	0.01939	0.01924	0.01187	0.57514	0.16908	0.03797	0.01768	0.01724	0.01274	0.00796	0.00649	0.00199	0.00671	0.00612	0.00649	0.01084
1	0.01220	0.01148	0.01938	0.75739	0.04450	0.01436	0.01794	0.01651	0.01292	0.01651	0.01148	0.01723	0.00861	0.00646	0.00646	0.00215	0.00861	0.00574	0.00287	0.00718
2	0.00796	0.00575	0.00738	0.00864	0.00915	0.00534	0.00575	0.00905	0.01237	0.01630	0.03715	0.65499	0.10171	0.07345	0.00995	0.00284	0.00389	0.01731	0.00585	0.00517
3	0.01556	0.01638	0.02265	0.06396	0.06453	0.09667	0.13133	0.01939	0.07107	0.01779	0.01129	0.01555	0.00973	0.00899	0.01428	0.00245	0.40127	0.00597	0.00329	0.00785
4	0.01909	0.01393	0.01523	0.01309	0.01714	0.01552	0.01036	0.11376	0.53002	0.13926	0.02490	0.02276	0.01811	0.00853	0.00655	0.00213	0.00541	0.00700	0.00678	0.01044
5	0.02899	0.01100	0.01499	0.01150	0.01649	0.00950	0.00950	0.03149	0.01849	0.73709	0.02549	0.02199	0.01599	0.00800	0.00650	0.00200	0.00550	0.00650	0.00800	0.01100

[dist]
# distance from previous block
# <min> <max>
5	12

[block]
# block no. 4 follows, 34 sequences, length 62
# corresponding to MSA columns:
# 284-345
name=unknown_E
#
# <colnr> <probs for GDERKNQSTAVLIFYWHMCP>
#	G	D	E	R	K	N	Q	S	T	A	V	L	I	F	Y	W	H	M	C	P
0	0.01786	0.71575	0.03269	0.01136	0.01686	0.02512	0.01115	0.07502	0.01452	0.01726	0.00951	0.01078	0.00851	0.00571	0.00433	0.00143	0.00693	0.00365	0.00306	0.00851
1	0.00934	0.00867	0.06739	0.00929	0.01130	0.00677	0.00776	0.01247	0.01687	0.02375	0.53283	0.15033	0.05277	0.01391	0.00766	0.00217	0.00383	0.05011	0.00653	0.00624
2	0.01689	0.65928	0.12622	0.01217	0.01817	0.04332	0.01278	0.01967	0.01333	0.01591	0.00935	0.01083	0.00828	0.00564	0.00445	0.00148	0.00738	0.00365	0.00277	0.00844
3	0.00800	0.00572	0.00761	0.00891	0.00940	0.00533	0.00601	0.00931	0.01294	0.01741	0.10286	0.69885	0.04450	0.01956	0.00819	0.00257	0.00368	0.01772	0.00611	0.00533
4	0.02374	0.01769	0.01893	0.01470	0.01972	0.01965	0.01208	0.64545	0.09734	0.03939	0.01656	0.01635	0.01184	0.00785	0.00647	0.00196	0.00692	0.00596	0.00647	0.01091
5	0.02456	0.01810	0.01939	0.01487	0.02004	0.02004	0.01228	0.71107	0.03038	0.04072	0.01551	0.01551	0.01099	0.00776	0.00646	0.00194	0.00711	0.00582	0.00646	0.01099
6	0.01296	0.03342	0.73944	0.01842	0.02797	0.01501	0.02387	0.02046	0.01364	0.02046	0.01160	0.01364	0.00818	0.00614	0.00614	0.00205	0.00955	0.00477	0.00273	0.00955
7	0.81856	0.01250	0.00950	0.00850	0.01250	0.01449	0.00700	0.01899	0.01100	0.02899	0.00900	0.01050	0.00700	0.00600	0.00400	0.00200	0.00500	0.00350	0.00400	0.00700
8	0.01727	0.77681	0.03386	0.01106	0.01658	0.02557	0.01106	0.01935	0.01313	0.01520	0.00898	0.01036	0.00829	0.00553	0.00415	0.00138	0.00691	0.00345	0.00276	0.00829
9	0.00983	0.00706	0.00960	0.01017	0.01167	0.00682	0.00843	0.01284	0.01644	0.02235	0.35292	0.06159	0.04809	0.01572	0.00833	0.00254	0.00462	0.37847	0.00648	0.00602
10	0.01645	0.01467	0.01478	0.01331	0.01695	0.05017	0.01033	0.03394	0.68816	0.02651	0.02554	0.02353	0.01919	0.00867	0.00654	0.00217	0.00542	0.00716	0.00642	0.01010
11	0.00790	0.00570	0.00749	0.00885	0.00935	0.00529	0.00595	0.00912	0.01268	0.01685	0.05989	0.71198	0.07540	0.01983	0.00820	0.00258	0.00370	0.01793	0.00603	0.00529
12	0.00899	0.00772	0.00784	0.00760	0.01002	0.00715	0.00576	0.01329	0.12781	0.01899	0.05919	0.05609	0.61626	0.01515	0.00747	0.00218	0.00357	0.01262	0.00609	0.00622
13	0.02388	0.03025	0.01819	0.01653	0.01987	0.72364	0.01241	0.02607	0.04075	0.01617	0.01051	0.01205	0.00869	0.00673	0.00585	0.00168	0.01144	0.00426	0.00343	0.00758
14	0.01668	0.67368	0.13174	0.01208	0.01816	0.02410	0.01283	0.01950	0.01320	0.01593	0.00935	0.01082	0.00828	0.00561	0.00442	0.00147	0.00728	0.00364	0.00276	0.00847
15	0.00935	0.00627	0.00703	0.00703	0.00710	0.00624	0.00394	0.00939	0.00955	0.01267	0.02165	0.04285	0.04375	0.75123	0.03216	0.00615	0.00618	0.00952	0.00397	0.00396
16	0.00811	0.00651	0.00706	0.00699	0.00880	0.00565	0.00511	0.00989	0.01498	0.01881	0.20158	0.07766	0.51041	0.07819	0.00973	0.00250	0.00349	0.01301	0.00606	0.00546
17	0.04026	0.01669	0.09038	0.37749	0.19693	0.09089	0.01783	0.01865	0.01373	0.01823	0.01125	0.01563	0.00886	0.00654	0.00710	0.00207	0.05092	0.00541	0.00301	0.00814
18	0.74074	0.01277	0.01112	0.01152	0.08232	0.01458	0.00824	0.01907	0.01136	0.02823	0.00930	0.01103	0.00731	0.00597	0.00423	0.00199	0.00526	0.00372	0.00392	0.00731
19	0.00940	0.00626	0.00705	0.00705	0.00705	0.00626	0.00392	0.00940	0.00940	0.01253	0.02036	0.04228	0.02349	0.77292	0.03289	0.00626	0.00626	0.00940	0.00392	0.00392
20	0.63086	0.01313	0.01223	0.01220	0.08316	0.01472	0.00881	0.07493	0.01334	0.07099	0.01080	0.01211	0.00816	0.00623	0.00458	0.00199	0.00546	0.00408	0.00435	0.00787
21	0.00934	0.00651	0.00828	0.00828	0.00870	0.00693	0.00545	0.01019	0.00976	0.01344	0.01923	0.03606	0.02079	0.50594	0.29618	0.00778	0.01033	0.00848	0.00375	0.00460
22	0.00940	0.00626	0.00705	0.00705	0.00705	0.00626	0.00392	0.00940	0.00940	0.01253	0.02036	0.04228	0.02349	0.77292	0.03289	0.00626	0.00626	0.00940	0.00392	0.00392
23	0.00787	0.00630	0.00706	0.00752	0.00911	0.00549	0.00546	0.00947	0.01422	0.01768	0.09148	0.27355	0.46729	0.01740	0.00786	0.00233	0.00348	0.03494	0.00606	0.00544
24	0.02692	0.01056	0.01418	0.01102	0.01574	0.00910	0.00905	0.02933	0.01813	0.66731	0.02937	0.02589	0.08523	0.00881	0.00661	0.00202	0.00528	0.00719	0.00780	0.01046
25	0.81856	0.01250	0.00950	0.00850	0.01250	0.01449	0.00700	0.01899	0.01100	0.02899	0.00900	0.01050	0.00700	0.00600	0.00400	0.00200	0.00500	0.00350	0.00400	0.00700
26	0.81856	0.01250	0.00950	0.00850	0.01250	0.01449	0.00700	0.01899	0.01100	0.02899	0.00900	0.01050	0.00700	0.00600	0.00400	0.00200	0.00500	0.00350	0.00400	0.00700
27	0.00854	0.00640	0.00714	0.00715	0.00868	0.00573	0.00511	0.01032	0.01451	0.01905	0.20385	0.11475	0.37235	0.12086	0.01099	0.00271	0.00366	0.01250	0.06029	0.00541
28	0.02504	0.01734	0.01892	0.01450	0.01966	0.01890	0.01198	0.63804	0.02910	0.11556	0.01659	0.01621	0.01153	0.00778	0.00647	0.00195	0.00694	0.00589	0.00663	0.01099
29	0.81856	0.01250	0.00950	0.00850	0.01250	0.01449	0.00700	0.01899	0.01100	0.02899	0.00900	0.01050	0.00700	0.00600	0.00400	0.00200	0.00500	0.00350	0.00400	0.00700
30	0.00914	0.00660	0.00864	0.00813	0.00965	0.00610	0.00610	0.01219	0.01829	0.02591	0.72921	0.04827	0.06097	0.01321	0.00762	0.00203	0.00305	0.01169	0.00711	0.00610
31	0.00847	0.00678	0.00759	0.00735	0.00932	0.00601	0.00552	0.01113	0.03645	0.02102	0.32235	0.05568	0.44947	0.01492	0.00760	0.00212	0.00324	0.01270	0.00645	0.00584
32	0.02456	0.01810	0.01939	0.01487	0.02004	0.02004	0.01228	0.71107	0.03038	0.04072	0.01551	0.01551	0.01099	0.00776	0.00646	0.00194	0.00711	0.00582	0.00646	0.01099
33	0.01220	0.01148	0.01938	0.75739	0.04450	0.01436	0.01794	0.01651	0.01292	0.01651	0.01148	0.01723	0.00861	0.00646	0.00646	0.00215	0.00861	0.00574	0.00287	0.00718
34	0.01607	0.01388	0.01461	0.01315	0.01680	0.01607	0.01023	0.03433	0.72094	0.02703	0.02630	0.02411	0.01972	0.00877	0.00657	0.00219	0.00511	0.00731	0.00657	0.01023
35	0.01263	0.00619	0.00633	0.00621	0.00784	0.00614	0.00469	0.01562	0.01372	0.04870	0.02123	0.02402	0.01654	0.00754	0.00459	0.00152	0.00310	0.00604	0.78115	0.00619
36	0.01607	0.01388	0.01461	0.01315	0.01680	0.01607	0.01023	0.03433	0.72094	0.02703	0.02630	0.02411	0.01972	0.00877	0.00657	0.00219	0.00511	0.00731	0.00657	0.01023
37	0.02899	0.01100	0.01499	0.01150	0.01649	0.00950	0.00950	0.03149	0.01849	0.73709	0.02549	0.02199	0.01599	0.00800	0.00650	0.00200	0.00550	0.00650	0.00800	0.01100
38	0.01340	0.01148	0.01340	0.00957	0.01531	0.00861	0.00766	0.01627	0.01340	0.02105	0.01148	0.01340	0.00957	0.00479	0.00479	0.00096	0.00479	0.00383	0.00383	0.81242
39	0.00912	0.00615	0.00713	0.00740	0.00747	0.00608	0.00429	0.00932	0.00994	0.01325	0.02313	0.17423	0.02699	0.63621	0.02841	0.00560	0.00581	0.01103	0.00429	0.00416
40	0.01727	0.77681	0.03386	0.01106	0.01658	0.02557	0.01106	0.01935	0.01313	0.01520	0.00898	0.01036	0.00829	0.00553	0.00415	0.00138	0.00691	0.00345	0.00276	0.00829
41	0.01220	0.01148	0.01938	0.75739	0.04450	0.01436	0.01794	0.01651	0.01292	0.01651	0.01148	0.01723	0.00861	0.00646	0.00646	0.00215	0.00861	0.00574	0.00287	0.00718
42	0.00771	0.00624	0.00686	0.00735	0.00894	0.00539	0.00526	0.00918	0.01396	0.01714	0.05572	0.29276	0.50570	0.01763	0.00784	0.00233	0.00343	0.01518	0.00600	0.00539
43	0.01599	0.01535	0.02623	0.03966	0.73262	0.01535	0.01983	0.01983	0.01471	0.02111	0.01215	0.01599	0.01023	0.00576	0.00640	0.00192	0.00768	0.00576	0.00320	0.01023
44	0.00977	0.00731	0.00916	0.00857	0.01032	0.00705	0.00646	0.01426	0.08632	0.02578	0.64230	0.04632	0.07587	0.01287	0.00752	0.00205	0.00325	0.01132	0.00703	0.00648
45	0.00940	0.00626	0.00705	0.00705	0.00705	0.00626	0.00392	0.00940	0.00940	0.01253	0.02036	0.04228	0.02349	0.77292	0.03289	0.00626	0.00626	0.00940	0.00392	0.00392
46	0.00787	0.00562	0.00750	0.00900	0.00937	0.00525	0.00600	0.00900	0.01237	0.01649	0.03561	0.76871	0.04274	0.02024	0.00825	0.00262	0.00375	0.01837	0.00600	0.00525
47	0.00764	0.00655	0.00655	0.00655	0.00873	0.00545	0.00491	0.00927	0.01473	0.01745	0.06546	0.06218	0.73000	0.01636	0.00764	0.00218	0.00327	0.01364	0.00600	0.00545
48	0.02707	0.01057	0.01438	0.01117	0.01583	0.00917	0.00917	0.02962	0.01847	0.66813	0.09372	0.02454	0.02035	0.00850	0.00661	0.00200	0.00526	0.00700	0.00791	0.01052
49	0.01220	0.01148	0.01938	0.75739	0.04450	0.01436	0.01794	0.01651	0.01292	0.01651	0.01148	0.01723	0.00861	0.00646	0.00646	0.00215	0.00861	0.00574	0.00287	0.00718
50	0.01607	0.01388	0.01461	0.01315	0.01680	0.01607	0.01023	0.03433	0.72094	0.02703	0.02630	0.02411	0.01972	0.00877	0.00657	0.00219	0.00511	0.00731	0.00657	0.01023
51	0.01727	0.77681	0.03386	0.01106	0.01658	0.02557	0.01106	0.01935	0.01313	0.01520	0.00898	0.01036	0.00829	0.00553	0.00415	0.00138	0.00691	0.00345	0.00276	0.00829
52	0.00787	0.00562	0.00750	0.00900	0.00937	0.00525	0.00600	0.00900	0.01237	0.01649	0.03561	0.76871	0.04274	0.02024	0.00825	0.00262	0.00375	0.01837	0.00600	0.00525
53	0.06056	0.01699	0.01912	0.01671	0.08843	0.01859	0.01252	0.54233	0.06315	0.07276	0.01595	0.01610	0.01143	0.00755	0.00635	0.00196	0.00688	0.00581	0.00612	0.01069
54	0.02348	0.01746	0.01881	0.01435	0.01958	0.01893	0.01183	0.64370	0.02873	0.03881	0.01512	0.01531	0.01085	0.00747	0.00630	0.00184	0.00688	0.00562	0.00621	0.08870
55	0.01504	0.01298	0.01374	0.01223	0.01590	0.01445	0.00951	0.03047	0.59601	0.02563	0.02888	0.02691	0.08729	0.00918	0.00653	0.00209	0.00491	0.00763	0.00630	0.07433
56	0.00807	0.00577	0.00738	0.00859	0.00902	0.00540	0.00565	0.00907	0.01210	0.01601	0.03529	0.62781	0.08071	0.12276	0.01157	0.00309	0.00406	0.01686	0.00571	0.00508
57	0.00787	0.00562	0.00750	0.00900	0.00937	0.00525	0.00600	0.00900	0.01237	0.01649	0.03561	0.76871	0.04274	0.02024	0.00825	0.00262	0.00375	0.01837	0.00600	0.00525
58	0.02284	0.02854	0.01837	0.01659	0.01956	0.64854	0.01260	0.02491	0.03591	0.01608	0.01025	0.01225	0.00864	0.00722	0.00752	0.00181	0.09308	0.00441	0.00336	0.00752
59	0.02236	0.01905	0.08860	0.01499	0.02039	0.01905	0.01314	0.55807	0.11655	0.03702	0.01650	0.01642	0.01183	0.00773	0.00645	0.00198	0.00709	0.00591	0.00612	0.01075
60	0.01545	0.01494	0.02559	0.08490	0.54233	0.01485	0.08533	0.01975	0.03163	0.02089	0.01249	0.01620	0.01026	0.00577	0.00639	0.00189	0.00776	0.00582	0.00331	0.07444
61	0.01607	0.19030	0.28557	0.03725	0.16380	0.01711	0.01742	0.02243	0.09605	0.07407	0.01387	0.01531	0.01055	0.00638	0.00583	0.00189	0.00775	0.00512	0.00368	0.00954

[dist]
# distance from previous block
# <min> <max>
0	2

[block]
# block no. 5 follows, 34 sequences, length 70
# corresponding to MSA columns:
# 348-417
name=unknown_F
#
# <colnr> <probs for GDERKNQSTAVLIFYWHMCP>
#	G	D	E	R	K	N	Q	S	T	A	V	L	I	F	Y	W	H	M	C	P
0	0.01809	0.23100	0.07593	0.05219	0.09641	0.06065	0.08070	0.11672	0.09423	0.06560	0.03838	0.01648	0.01253	0.00677	0.00591	0.00184	0.00753	0.00555	0.00428	0.00920
1	0.00827	0.00605	0.00779	0.00859	0.00951	0.00557	0.00605	0.01003	0.01429	0.01920	0.22292	0.47460	0.12451	0.01786	0.00804	0.00243	0.00358	0.03890	0.00629	0.00552
2	0.00995	0.00682	0.00863	0.00933	0.01039	0.00651	0.00652	0.05993	0.01424	0.04824	0.05780	0.61607	0.08412	0.01838	0.00799	0.00250	0.00401	0.01647	0.00615	0.00593
3	0.02275	0.01146	0.01718	0.01521	0.07789	0.01095	0.06194	0.02541	0.01650	0.46114	0.04909	0.07459	0.01799	0.01008	0.02822	0.00235	0.07360	0.00749	0.00648	0.00968
4	0.01601	0.01803	0.07435	0.07914	0.34032	0.10551	0.04605	0.01934	0.01377	0.01869	0.01092	0.01498	0.00929	0.00732	0.01006	0.00215	0.19668	0.00554	0.00307	0.00879
5	0.02269	0.02784	0.01902	0.07095	0.07532	0.61556	0.01342	0.04764	0.01806	0.01710	0.01044	0.01250	0.00858	0.00661	0.00594	0.00173	0.01099	0.00445	0.00339	0.00779
6	0.01354	0.01175	0.01389	0.01022	0.01548	0.00966	0.00820	0.01682	0.03684	0.02086	0.01177	0.01381	0.00983	0.00538	0.00601	0.00113	0.05854	0.00407	0.00385	0.72834
7	0.03763	0.01878	0.01965	0.15463	0.13316	0.24807	0.03749	0.05273	0.01586	0.03860	0.06224	0.01692	0.01278	0.00764	0.00841	0.00203	0.11599	0.00568	0.00371	0.00798
8	0.02556	0.01100	0.01430	0.01128	0.01581	0.00996	0.00920	0.07710	0.04239	0.57206	0.04585	0.05043	0.06652	0.00913	0.00666	0.00204	0.00533	0.00750	0.00761	0.01027
9	0.01994	0.42169	0.02706	0.01539	0.07026	0.31443	0.01227	0.02197	0.01532	0.01588	0.00962	0.01129	0.00845	0.00600	0.00498	0.00153	0.00887	0.00391	0.00302	0.00811
10	0.00923	0.00724	0.00903	0.02941	0.02851	0.00659	0.00669	0.02791	0.01451	0.01934	0.14889	0.34930	0.21647	0.01573	0.00755	0.00222	0.00392	0.01385	0.00584	0.07777
11	0.02352	0.10244	0.02082	0.01670	0.08756	0.16896	0.03960	0.19131	0.03622	0.22522	0.01626	0.01627	0.01162	0.00709	0.00613	0.00185	0.00774	0.00550	0.00539	0.00978
12	0.01599	0.01535	0.02623	0.03966	0.73262	0.01535	0.01983	0.01983	0.01471	0.02111	0.01215	0.01599	0.01023	0.00576	0.00640	0.00192	0.00768	0.00576	0.00320	0.01023
13	0.00767	0.00641	0.00669	0.00691	0.00882	0.00542	0.00507	0.00923	0.01438	0.01731	0.06104	0.16669	0.62833	0.01694	0.00773	0.00225	0.00334	0.01434	0.00600	0.00542
14	0.01494	0.01367	0.02214	0.41946	0.26212	0.01539	0.03855	0.09800	0.01558	0.02091	0.01221	0.01664	0.00944	0.00635	0.00647	0.00205	0.00821	0.00581	0.00340	0.00864
15	0.02456	0.01810	0.01939	0.01487	0.02004	0.02004	0.01228	0.71107	0.03038	0.04072	0.01551	0.01551	0.01099	0.00776	0.00646	0.00194	0.00711	0.00582	0.00646	0.01099
16	0.01340	0.01148	0.01340	0.00957	0.01531	0.00861	0.00766	0.01627	0.01340	0.02105	0.01148	0.01340	0.00957	0.00479	0.00479	0.00096	0.00479	0.00383	0.00383	0.81242
17	0.00779	0.00595	0.00716	0.00812	0.00914	0.00532	0.00561	0.00910	0.01321	0.01684	0.04625	0.51678	0.28780	0.01886	0.00803	0.00247	0.00358	0.01668	0.00600	0.00532
18	0.01097	0.00754	0.00931	0.00899	0.02878	0.00691	0.00659	0.01427	0.04975	0.08735	0.41518	0.04814	0.25501	0.01329	0.00744	0.00208	0.00355	0.01145	0.00673	0.00664
19	0.01599	0.01535	0.02623	0.03966	0.73262	0.01535	0.01983	0.01983	0.01471	0.02111	0.01215	0.01599	0.01023	0.00576	0.00640	0.00192	0.00768	0.00576	0.00320	0.01023
20	0.02899	0.01100	0.01499	0.01150	0.01649	0.00950	0.00950	0.03149	0.01849	0.73709	0.02549	0.02199	0.01599	0.00800	0.00650	0.00200	0.00550	0.00650	0.00800	0.01100
21	0.01542	0.00814	0.00991	0.00864	0.01170	0.00702	0.00683	0.01759	0.01656	0.27140	0.14515	0.04636	0.36660	0.01301	0.00727	0.00212	0.00409	0.02784	0.00686	0.00750
22	0.01511	0.01326	0.01648	0.08178	0.10569	0.01486	0.03068	0.04508	0.46375	0.02487	0.05195	0.04803	0.04213	0.00887	0.00670	0.00216	0.00576	0.00768	0.00573	0.00946
23	0.02162	0.01664	0.01773	0.01427	0.01892	0.01866	0.01157	0.47638	0.26987	0.03597	0.01925	0.01849	0.01402	0.00811	0.00650	0.00203	0.00642	0.00633	0.00650	0.01072
24	0.00787	0.00562	0.00750	0.00900	0.00937	0.00525	0.00600	0.00900	0.01237	0.01649	0.03561	0.76871	0.04274	0.02024	0.00825	0.00262	0.00375	0.01837	0.00600	0.00525
25	0.00924	0.00690	0.01026	0.01026	0.01137	0.00801	0.00792	0.01146	0.01035	0.01491	0.01742	0.02602	0.01643	0.07591	0.72024	0.01023	0.01689	0.00702	0.00348	0.00570
26	0.01291	0.01250	0.01972	0.68650	0.08222	0.04457	0.01783	0.01708	0.01324	0.01674	0.01146	0.01693	0.00869	0.00643	0.00643	0.00212	0.00869	0.00568	0.00291	0.00736
27	0.01522	0.01781	0.06415	0.02588	0.03233	0.01627	0.63243	0.02166	0.06533	0.02114	0.01395	0.01775	0.01044	0.00571	0.00749	0.00217	0.01043	0.00749	0.00348	0.00886
28	0.76212	0.01380	0.01012	0.00908	0.01303	0.06654	0.00739	0.01948	0.01152	0.02805	0.00907	0.01058	0.00709	0.00604	0.00413	0.00198	0.00547	0.00355	0.00395	0.00703
29	0.81856	0.01250	0.00950	0.00850	0.01250	0.01449	0.00700	0.01899	0.01100	0.02899	0.00900	0.01050	0.00700	0.00600	0.00400	0.00200	0.00500	0.00350	0.00400	0.00700
30	0.00784	0.00602	0.00718	0.00801	0.00914	0.00537	0.00558	0.00925	0.01355	0.01730	0.07929	0.46316	0.30828	0.01842	0.00798	0.00243	0.00353	0.01624	0.00605	0.00537
31	0.01367	0.01298	0.02203	0.47973	0.31070	0.01474	0.01867	0.01779	0.01361	0.01829	0.01174	0.01675	0.00924	0.00619	0.00644	0.00206	0.00825	0.00575	0.00300	0.00836
32	0.02867	0.01150	0.01531	0.01174	0.01675	0.01025	0.00970	0.08000	0.01934	0.68738	0.02478	0.02153	0.01564	0.00798	0.00650	0.00200	0.00561	0.00645	0.00789	0.01100
33	0.00940	0.00626	0.00705	0.00705	0.00705	0.00626	0.00392	0.00940	0.00940	0.01253	0.02036	0.04228	0.02349	0.77292	0.03289	0.00626	0.00626	0.00940	0.00392	0.00392
34	0.00923	0.00692	0.01038	0.01038	0.01154	0.00808	0.00808	0.01154	0.01038	0.01500	0.01731	0.02538	0.01615	0.04846	0.74732	0.01038	0.01731	0.00692	0.00346	0.00577
35	0.00907	0.00655	0.00857	0.00818	0.00964	0.00605	0.00609	0.01201	0.01795	0.02537	0.68944	0.08957	0.05992	0.01361	0.00766	0.00207	0.00309	0.01207	0.00705	0.00605
36	0.81856	0.01250	0.00950	0.00850	0.01250	0.01449	0.00700	0.01899	0.01100	0.02899	0.00900	0.01050	0.00700	0.00600	0.00400	0.00200	0.00500	0.00350	0.00400	0.00700
37	0.02414	0.03079	0.01831	0.01665	0.01998	0.74698	0.01248	0.02580	0.01831	0.01581	0.00999	0.01165	0.00832	0.00666	0.00583	0.00166	0.01165	0.00416	0.00333	0.00749
38	0.81856	0.01250	0.00950	0.00850	0.01250	0.01449	0.00700	0.01899	0.01100	0.02899	0.00900	0.01050	0.00700	0.00600	0.00400	0.00200	0.00500	0.00350	0.00400	0.00700
39	0.00787	0.00562	0.00750	0.00900	0.00937	0.00525	0.00600	0.00900	0.01237	0.01649	0.03561	0.76871	0.04274	0.02024	0.00825	0.00262	0.00375	0.01837	0.00600	0.00525
