[name]
unknown

[dist]
# distance from previous block
# <min> <max>
0	0

[block]
# block no. 0 follows, 34 sequences, length 6
# corresponding to MSA columns:
# 0-5
name=unknown_A
#
# <colnr> <probs for GDERKNQSTAVLIFYWHMCP>
#	G	D	E	R	K	N	Q	S	T	A	V	L	I	F	Y	W	H	M	C	P
0	0.01041	0.00744	0.01041	0.01190	0.01339	0.00744	0.01041	0.01339	0.01487	0.01934	0.03421	0.07288	0.03719	0.01785	0.00892	0.00297	0.00595	0.68913	0.00595	0.00595
1	0.01607	0.01388	0.01461	0.01315	0.01680	0.01607	0.01023	0.03433	0.72094	0.02703	0.02630	0.02411	0.01972	0.00877	0.00657	0.00219	0.00511	0.00731	0.00657	0.01023
2	0.01320	0.01240	0.02089	0.45678	0.27908	0.01405	0.01774	0.01712	0.01350	0.01809	0.01343	0.07035	0.01160	0.00720	0.00657	0.00211	0.00794	0.00665	0.00321	0.00809
3	0.05636	0.01227	0.01552	0.08851	0.01908	0.01299	0.06247	0.18392	0.11932	0.08883	0.05858	0.09658	0.13726	0.01036	0.00686	0.00213	0.00588	0.00883	0.00579	0.00845
4	0.02023	0.01608	0.01906	0.01510	0.01965	0.01769	0.07888	0.39971	0.23582	0.03303	0.01880	0.01983	0.01422	0.05183	0.00813	0.00229	0.00683	0.00665	0.00604	0.01013
5	0.01751	0.01527	0.08506	0.01322	0.01757	0.01479	0.01133	0.10374	0.43789	0.10647	0.08561	0.02406	0.02088	0.00871	0.00660	0.00211	0.00562	0.00720	0.00639	0.00996

[dist]
# distance from previous block
# <min> <max>
0	1

[block]
# block no. 1 follows, 34 sequences, length 96
# corresponding to MSA columns:
# 7-102
name=unknown_B
#
# <colnr> <probs for GDERKNQSTAVLIFYWHMCP>
#	G	D	E	R	K	N	Q	S	T	A	V	L	I	F	Y	W	H	M	C	P
0	0.01240	0.01212	0.01140	0.01050	0.01270	0.15478	0.02915	0.01576	0.05753	0.02181	0.37016	0.08453	0.15731	0.01236	0.00724	0.00203	0.00521	0.01054	0.00595	0.00653
1	0.01753	0.46281	0.13322	0.02888	0.06841	0.13855	0.01387	0.02091	0.03206	0.01680	0.01023	0.01191	0.00871	0.00591	0.00497	0.00160	0.00809	0.00406	0.00298	0.00851
2	0.04428	0.01385	0.02192	0.06154	0.06053	0.04951	0.24726	0.01888	0.05436	0.04627	0.01550	0.04964	0.01362	0.11853	0.01037	0.00252	0.00782	0.00702	0.00394	0.15264
3	0.04514	0.17279	0.06223	0.04189	0.15229	0.12771	0.01401	0.23513	0.01970	0.05192	0.01258	0.01402	0.00974	0.00660	0.00580	0.00180	0.00791	0.00498	0.00431	0.00946
4	0.13868	0.04649	0.02105	0.01674	0.06008	0.05773	0.11216	0.30895	0.02119	0.11061	0.01438	0.01536	0.01043	0.00704	0.00659	0.00198	0.03012	0.00562	0.00521	0.00962
5	0.01556	0.01149	0.01383	0.03183	0.03266	0.00994	0.00866	0.08130	0.04103	0.10212	0.08667	0.02086	0.05069	0.00700	0.00569	0.00143	0.00502	0.00577	0.00501	0.46344
6	0.01382	0.00900	0.01103	0.00983	0.01239	0.00898	0.00760	0.02039	0.18497	0.13486	0.45496	0.03852	0.04431	0.01136	0.00720	0.00206	0.00391	0.00985	0.00712	0.00783
7	0.00932	0.00683	0.00869	0.00890	0.00915	0.00735	0.00593	0.01005	0.01047	0.01430	0.02371	0.26351	0.02732	0.39115	0.10381	0.00529	0.07342	0.01158	0.00442	0.00481
8	0.01829	0.04546	0.03706	0.12487	0.06935	0.35785	0.03858	0.02085	0.01625	0.04617	0.04688	0.06141	0.07329	0.00837	0.00637	0.00190	0.00896	0.00661	0.00393	0.00754
9	0.01480	0.01144	0.01354	0.00974	0.01542	0.00869	0.00782	0.01764	0.01386	0.08533	0.01274	0.01417	0.01015	0.00507	0.00494	0.00105	0.00485	0.00407	0.00420	0.74048
10	0.01481	0.01615	0.05558	0.05170	0.27778	0.01501	0.36113	0.01953	0.01520	0.02116	0.07414	0.01943	0.01426	0.00628	0.00710	0.00207	0.00897	0.00716	0.00354	0.00901
11	0.01575	0.01624	0.02616	0.19103	0.39695	0.07962	0.14094	0.01979	0.01474	0.01957	0.01198	0.01613	0.00964	0.00593	0.00658	0.00199	0.00880	0.00594	0.00315	0.00906
12	0.00905	0.00635	0.00770	0.00812	0.00825	0.00644	0.00505	0.00950	0.01046	0.01404	0.02525	0.29629	0.02966	0.47880	0.02378	0.00485	0.03491	0.01240	0.00460	0.00451
13	0.00778	0.00633	0.00689	0.00722	0.00893	0.00544	0.00523	0.00937	0.01437	0.01770	0.09568	0.22871	0.52966	0.01711	0.00778	0.00228	0.00337	0.01465	0.00606	0.00544
14	0.01870	0.01649	0.06547	0.08043	0.04958	0.03357	0.27785	0.13007	0.06095	0.14497	0.04405	0.01909	0.01343	0.00690	0.00693	0.00208	0.00839	0.00683	0.00485	0.00938
15	0.10634	0.06207	0.10660	0.11595	0.21732	0.05932	0.05050	0.07973	0.07987	0.04249	0.01332	0.01561	0.01026	0.00645	0.00603	0.00197	0.00773	0.00542	0.00389	0.00914
16	0.01584	0.02945	0.59793	0.01726	0.02593	0.01454	0.02122	0.06224	0.01528	0.12010	0.01373	0.01490	0.00942	0.00649	0.00621	0.00203	0.00885	0.00507	0.00367	0.00983
17	0.01220	0.01148	0.01938	0.75739	0.04450	0.01436	0.01794	0.01651	0.01292	0.01651	0.01148	0.01723	0.00861	0.00646	0.00646	0.00215	0.00861	0.00574	0.00287	0.00718
18	0.02002	0.09212	0.12397	0.03480	0.02111	0.04306	0.11079	0.13175	0.01777	0.22365	0.01789	0.06178	0.01379	0.03468	0.00734	0.00213	0.00744	0.00668	0.01994	0.00928
19	0.07087	0.08724	0.08998	0.06557	0.12354	0.18873	0.05098	0.06230	0.01664	0.16335	0.01396	0.01522	0.01027	0.00659	0.00598	0.00187	0.00833	0.00519	0.00432	0.00906
20	0.02432	0.01791	0.01877	0.01453	0.01951	0.04537	0.01194	0.63918	0.02897	0.06523	0.01586	0.01589	0.01125	0.00772	0.00638	0.00192	0.00708	0.00579	0.03168	0.01071
21	0.01751	0.01590	0.02416	0.08113	0.51665	0.05616	0.03599	0.06727	0.03895	0.06374	0.01347	0.01645	0.01070	0.00621	0.00642	0.00194	0.00780	0.00581	0.00379	0.00993
22	0.00801	0.00615	0.00734	0.00791	0.00918	0.00548	0.00560	0.00968	0.01433	0.01856	0.17211	0.37048	0.30693	0.01750	0.00790	0.00235	0.00344	0.01537	0.00620	0.00548
23	0.01937	0.16627	0.02449	0.03775	0.14394	0.34205	0.08962	0.02195	0.01588	0.01720	0.01222	0.01456	0.03124	0.00659	0.00634	0.00177	0.03228	0.00506	0.00325	0.00817
24	0.00969	0.00772	0.00864	0.00872	0.03340	0.00709	0.00629	0.01337	0.08708	0.04240	0.17655	0.05310	0.49352	0.01443	0.00745	0.00214	0.00363	0.01217	0.00623	0.00638
25	0.01717	0.55462	0.14756	0.01288	0.01878	0.09198	0.01327	0.02072	0.04081	0.01658	0.01017	0.01155	0.00872	0.00586	0.00473	0.00155	0.00773	0.00389	0.00296	0.00850
26	0.01448	0.02281	0.27421	0.02427	0.03182	0.01589	0.47847	0.02062	0.01471	0.02062	0.01257	0.01615	0.00926	0.00568	0.00712	0.00213	0.01044	0.00667	0.00309	0.00900
27	0.00796	0.00634	0.00714	0.00741	0.00904	0.00552	0.00538	0.00972	0.01479	0.01871	0.17470	0.22806	0.44898	0.01674	0.00778	0.00226	0.00335	0.01442	0.00619	0.00552
28	0.02179	0.02689	0.01756	0.01590	0.01858	0.60358	0.01197	0.02329	0.01662	0.01552	0.01066	0.01443	0.00958	0.06968	0.00979	0.00217	0.09675	0.00476	0.00332	0.00715
29	0.01561	0.01104	0.01270	0.01143	0.01432	0.01196	0.00885	0.05323	0.33090	0.12016	0.12076	0.13041	0.04834	0.01108	0.00744	0.00219	0.03360	0.00932	0.03797	0.00869
30	0.00940	0.00626	0.00705	0.00705	0.00705	0.00626	0.00392	0.00940	0.00940	0.01253	0.02036	0.04228	0.02349	0.77292	0.03289	0.00626	0.00626	0.00940	0.00392	0.00392
31	0.00798	0.00571	0.00759	0.00892	0.00940	0.00532	0.00601	0.00927	0.01287	0.01729	0.09400	0.70806	0.04427	0.01965	0.00819	0.00257	0.00369	0.01781	0.00609	0.00532
32	0.01296	0.03342	0.73944	0.01842	0.02797	0.01501	0.02387	0.02046	0.01364	0.02046	0.01160	0.01364	0.00818	0.00614	0.00614	0.00205	0.00955	0.00477	0.00273	0.00955
33	0.17965	0.04246	0.01774	0.01377	0.01845	0.12756	0.01124	0.45193	0.02425	0.03392	0.01321	0.01380	0.00973	0.00718	0.00581	0.00189	0.00737	0.00504	0.00540	0.00960
34	0.09384	0.09140	0.01903	0.01394	0.01855	0.12701	0.01142	0.38304	0.12564	0.03155	0.01505	0.01525	0.01125	0.00737	0.00594	0.00189	0.00728	0.00535	0.00544	0.00974
35	0.01328	0.01186	0.03480	0.00988	0.01531	0.00887	0.00813	0.03484	0.01412	0.02172	0.05416	0.03802	0.01355	0.00586	0.00514	0.00113	0.00486	0.00480	0.00412	0.69556
36	0.01333	0.04222	0.52731	0.06998	0.08907	0.01503	0.05835	0.02021	0.03551	0.02015	0.01234	0.01501	0.00915	0.00782	0.03523	0.00237	0.00951	0.00521	0.00296	0.00925
37	0.01659	0.01921	0.08614	0.22335	0.17881	0.17847	0.07337	0.06319	0.01617	0.02009	0.05352	0.01712	0.01215	0.00672	0.00644	0.00197	0.00895	0.00581	0.00353	0.00841
38	0.02015	0.01328	0.02036	0.29421	0.02984	0.01409	0.10163	0.14720	0.01814	0.25019	0.01686	0.01846	0.01154	0.00705	0.00662	0.00207	0.00764	0.00623	0.00520	0.00927
39	0.01879	0.15884	0.09408	0.05015	0.19973	0.01642	0.11482	0.05960	0.03734	0.16607	0.01493	0.01641	0.01105	0.00639	0.00616	0.00190	0.00766	0.00570	0.00432	0.00966
40	0.00928	0.00784	0.03508	0.01018	0.01151	0.00688	0.03310	0.05078	0.01374	0.01827	0.03485	0.62061	0.08667	0.01819	0.00800	0.00252	0.00438	0.01643	0.00581	0.00588
41	0.01507	0.01239	0.01326	0.01196	0.01534	0.01387	0.00929	0.02972	0.56198	0.05229	0.08296	0.03017	0.10372	0.00993	0.00677	0.00217	0.00476	0.00832	0.00660	0.00940
42	0.01468	0.01529	0.02186	0.08999	0.06347	0.07702	0.11056	0.01707	0.01203	0.01675	0.01126	0.05693	0.01068	0.00983	0.01507	0.00251	0.43790	0.00653	0.00313	0.00742
43	0.01735	0.19793	0.18260	0.09848	0.05121	0.01696	0.05402	0.11593	0.02743	0.10556	0.01501	0.06322	0.01212	0.00736	0.00603	0.00192	0.00757	0.00602	0.00420	0.00907
44	0.00814	0.00592	0.00773	0.00908	0.00977	0.00552	0.00639	0.00953	0.01289	0.01691	0.03843	0.61871	0.11075	0.01958	0.00826	0.00262	0.00395	0.09446	0.00599	0.00535
45	0.00859	0.00700	0.00771	0.00793	0.00985	0.00636	0.00600	0.01148	0.06199	0.01867	0.09718	0.15856	0.48001	0.01634	0.00777	0.00231	0.00370	0.07662	0.00610	0.00583
46	0.06436	0.31290	0.12821	0.01402	0.01954	0.08011	0.05693	0.05192	0.14438	0.04944	0.01381	0.01460	0.01082	0.00652	0.00542	0.00178	0.00745	0.00490	0.00397	0.00893
47	0.01410	0.02545	0.38999	0.02281	0.03086	0.01567	0.36534	0.02058	0.01444	0.02058	0.01233	0.01553	0.00899	0.00579	0.00688	0.00211	0.01022	0.00620	0.00300	0.00913
48	0.00813	0.00634	0.00721	0.00742	0.00891	0.00561	0.00530	0.00982	0.01452	0.01856	0.18979	0.20681	0.39201	0.07824	0.00982	0.00258	0.00357	0.01389	0.00605	0.00542
49	0.01510	0.00948	0.01141	0.01000	0.01285	0.00944	0.00779	0.04593	0.17450	0.16531	0.35276	0.03686	0.08084	0.01107	0.00706	0.00205	0.00415	0.00947	0.02584	0.00811
50	0.11227	0.02199	0.04140	0.01439	0.01800	0.36974	0.01151	0.05051	0.10935	0.07886	0.01503	0.01802	0.01219	0.00903	0.02937	0.00220	0.03170	0.04188	0.00444	0.00813
51	0.01727	0.77681	0.03386	0.01106	0.01658	0.02557	0.01106	0.01935	0.01313	0.01520	0.00898	0.01036	0.00829	0.00553	0.00415	0.00138	0.00691	0.00345	0.00276	0.00829
52	0.01442	0.01213	0.01431	0.05152	0.01739	0.01004	0.00868	0.08378	0.01502	0.02271	0.01188	0.01382	0.00966	0.00517	0.00504	0.00112	0.00522	0.00413	0.00403	0.68995
53	0.00962	0.00698	0.00843	0.00798	0.00991	0.00640	0.00605	0.01254	0.03644	0.05102	0.41096	0.05008	0.28767	0.01594	0.04886	0.00255	0.00408	0.01176	0.00654	0.00617
54	0.00785	0.00573	0.00739	0.00872	0.00930	0.00527	0.00587	0.00903	0.01264	0.01660	0.03899	0.68883	0.12043	0.01980	0.00818	0.00257	0.00369	0.01783	0.00600	0.00527
55	0.01619	0.01554	0.06346	0.03260	0.53538	0.01456	0.03536	0.02132	0.07268	0.06355	0.05412	0.01871	0.01405	0.00656	0.00650	0.00197	0.00727	0.00625	0.00395	0.00997
56	0.01674	0.01504	0.05689	0.01423	0.01849	0.01553	0.06778	0.09247	0.49289	0.04956	0.02305	0.02213	0.01715	0.00815	0.00649	0.00211	0.00589	0.00695	0.05858	0.00988
57	0.31383	0.37813	0.06375	0.01142	0.01657	0.04206	0.03709	0.04015	0.01312	0.02159	0.00952	0.01106	0.00795	0.00583	0.00446	0.00170	0.00665	0.00380	0.00337	0.00796
58	0.01795	0.01440	0.01554	0.01307	0.01718	0.01588	0.01042	0.24273	0.38636	0.03054	0.06292	0.02332	0.01906	0.00864	0.00652	0.00202	0.00561	0.02598	0.00633	0.07552
59	0.03995	0.33565	0.14409	0.01575	0.07912	0.07673	0.01406	0.14799	0.01713	0.05698	0.01177	0.01299	0.00928	0.00628	0.00533	0.00171	0.00769	0.00450	0.00381	0.00919
60	0.00984	0.00775	0.01111	0.01081	0.01193	0.00922	0.00843	0.01246	0.03284	0.01543	0.01861	0.02624	0.04102	0.06882	0.60699	0.00901	0.08280	0.00715	0.00361	0.00595
61	0.00923	0.00692	0.01038	0.01038	0.01154	0.00808	0.00808	0.01154	0.01038	0.01500	0.01731	0.02538	0.01615	0.04846	0.74732	0.01038	0.01731	0.00692	0.00346	0.00577
62	0.04623	0.59720	0.17642	0.01246	0.01875	0.02301	0.01351	0.01956	0.01315	0.01678	0.00951	0.01104	0.00822	0.00567	0.00455	0.00154	0.00738	0.00372	0.00280	0.00850
63	0.01302	0.01125	0.01807	0.06741	0.04472	0.03869	0.17224	0.01584	0.01398	0.07386	0.02610	0.23434	0.08603	0.01450	0.05148	0.00282	0.04951	0.05427	0.00477	0.00709
64	0.04601	0.10189	0.09266	0.01382	0.01849	0.07819	0.01209	0.12183	0.39252	0.02604	0.01944	0.01883	0.01469	0.00773	0.00609	0.00200	0.00658	0.00602	0.00538	0.00971
65	0.01555	0.01489	0.02525	0.06164	0.68260	0.01494	0.01920	0.01932	0.01465	0.02082	0.01417	0.01780	0.03775	0.00619	0.00645	0.00194	0.00754	0.00606	0.00330	0.00995
66	0.02012	0.07540	0.03819	0.03956	0.01699	0.04686	0.01008	0.12200	0.03757	0.27190	0.02224	0.17775	0.01913	0.01000	0.00651	0.00200	0.00595	0.00833	0.00602	0.06341
67	0.01460	0.02230	0.26637	0.02358	0.05714	0.01584	0.39623	0.02178	0.07634	0.02119	0.01371	0.01671	0.01015	0.00598	0.00700	0.00213	0.00982	0.00659	0.00338	0.00918
68	0.01423	0.02398	0.36362	0.01971	0.02607	0.01628	0.18272	0.05773	0.01415	0.02052	0.01227	0.03809	0.00985	0.00756	0.00965	0.00225	0.16322	0.00611	0.00319	0.00879
69	0.01220	0.01148	0.01938	0.75739	0.04450	0.01436	0.01794	0.01651	0.01292	0.01651	0.01148	0.01723	0.00861	0.00646	0.00646	0.00215	0.00861	0.00574	0.00287	0.00718
70	0.01340	0.02953	0.61494	0.03807	0.06697	0.01428	0.02201	0.02009	0.01379	0.04546	0.01342	0.05519	0.01046	0.00696	0.00629	0.00207	0.00896	0.00565	0.00312	0.00934
71	0.01497	0.04167	0.05402	0.01252	0.01615	0.09326	0.09273	0.01837	0.04360	0.12945	0.12049	0.07873	0.21086	0.01131	0.00708	0.00209	0.00611	0.03351	0.00554	0.00752
72	0.01682	0.01371	0.01463	0.01305	0.01678	0.01569	0.01018	0.03417	0.67999	0.06842	0.02625	0.02398	0.01951	0.00872	0.00657	0.00218	0.00514	0.00726	0.00666	0.01027
73	0.02362	0.00978	0.01325	0.01063	0.01465	0.00855	0.00858	0.02619	0.01821	0.54592	0.18774	0.05663	0.02736	0.00967	0.00682	0.00203	0.00487	0.00815	0.00772	0.00965
74	0.01416	0.01351	0.02185	0.25577	0.42252	0.03384	0.01753	0.01778	0.01400	0.01905	0.01447	0.09918	0.01327	0.00759	0.00660	0.00206	0.00764	0.00710	0.00341	0.00867
75	0.01565	0.01500	0.02561	0.10409	0.67085	0.01526	0.01966	0.01953	0.01455	0.02070	0.01209	0.01610	0.01009	0.00582	0.00640	0.00194	0.00776	0.00576	0.00317	0.00996
76	0.00765	0.00649	0.00660	0.00668	0.00876	0.00544	0.00497	0.00926	0.01460	0.01740	0.06379	0.10164	0.69162	0.01658	0.00767	0.00221	0.00330	0.01390	0.00600	0.00544
77	0.02702	0.01293	0.01582	0.01312	0.04481	0.05729	0.01023	0.09420	0.01945	0.57110	0.04924	0.02147	0.01648	0.00800	0.00649	0.00197	0.00603	0.00645	0.00734	0.01056
78	0.01274	0.01204	0.02036	0.65507	0.14260	0.01450	0.01821	0.01698	0.01318	0.01716	0.01158	0.01705	0.00884	0.00636	0.00645	0.00212	0.00848	0.00574	0.00292	0.00761
79	0.00855	0.00611	0.00828	0.00978	0.01045	0.00584	0.00718	0.01017	0.01304	0.01726	0.03524	0.58205	0.04125	0.01960	0.00843	0.00272	0.00434	0.19830	0.00598	0.00544
80	0.02757	0.01327	0.01640	0.01257	0.01763	0.01287	0.01039	0.24895	0.02230	0.51426	0.02230	0.01992	0.01439	0.00792	0.00649	0.00198	0.00601	0.00628	0.00751	0.01099
81	0.05538	0.00780	0.00977	0.00999	0.01144	0.00774	0.02647	0.07265	0.03215	0.03231	0.03316	0.56338	0.07857	0.01719	0.00772	0.00247	0.00435	0.01535	0.00590	0.00619
82	0.00923	0.00692	0.01038	0.01038	0.01154	0.00808	0.00808	0.01154	0.01038	0.01500	0.01731	0.02538	0.01615	0.04846	0.74732	0.01038	0.01731	0.00692	0.00346	0.00577
83	0.00992	0.00708	0.00984	0.01133	0.01260	0.00701	0.00955	0.01253	0.01438	0.01878	0.03449	0.20905	0.03827	0.01832	0.00879	0.00291	0.00552	0.55787	0.00596	0.00581
84	0.01296	0.03342	0.73944	0.01842	0.02797	0.01501	0.02387	0.02046	0.01364	0.02046	0.01160	0.01364	0.00818	0.00614	0.00614	0.00205	0.00955	0.00477	0.00273	0.00955
85	0.01638	0.01930	0.08231	0.01947	0.04370	0.14079	0.13792	0.04593	0.01352	0.01807	0.01019	0.01437	0.00882	0.00875	0.01394	0.00239	0.38743	0.00569	0.00314	0.00789
86	0.01727	0.77681	0.03386	0.01106	0.01658	0.02557	0.01106	0.01935	0.01313	0.01520	0.00898	0.01036	0.00829	0.00553	0.00415	0.00138	0.00691	0.00345	0.00276	0.00829
87	0.00801	0.00656	0.00706	0.00693	0.00895	0.00561	0.00520	0.00999	0.01560	0.01952	0.22784	0.05878	0.56632	0.01559	0.00763	0.00215	0.00322	0.01316	0.00627	0.00561
88	0.01591	0.01558	0.02754	0.03829	0.65562	0.01546	0.09577	0.01993	0.01477	0.02106	0.01225	0.01615	0.01019	0.00572	0.00653	0.00195	0.00803	0.00596	0.00321	0.01007
89	0.01419	0.01310	0.04176	0.05510	0.01862	0.01382	0.05154	0.02692	0.45327	0.02389	0.02731	0.06161	0.05092	0.01045	0.00707	0.00231	0.00580	0.10751	0.00589	0.00892
90	0.01962	0.01043	0.01455	0.01359	0.07911	0.00974	0.02916	0.04269	0.05906	0.34202	0.22755	0.03176	0.04586	0.00984	0.00697	0.00206	0.00513	0.03485	0.00693	0.00908
91	0.01222	0.01153	0.02011	0.55378	0.03787	0.01347	0.10522	0.01615	0.01290	0.01671	0.01348	0.02202	0.01143	0.09118	0.00961	0.00264	0.00855	0.03099	0.00315	0.00697
92	0.01734	0.06070	0.04748	0.05289	0.44981	0.13035	0.06070	0.02084	0.01504	0.03769	0.01186	0.01513	0.00977	0.00617	0.00682	0.00191	0.03734	0.00548	0.00328	0.00939
93	0.01490	0.04031	0.11131	0.06725	0.08322	0.05701	0.17048	0.04467	0.01397	0.01931	0.05310	0.01775	0.01246	0.02955	0.01177	0.00238	0.23278	0.00632	0.00339	0.00807
94	0.00979	0.00720	0.00966	0.00909	0.00964	0.00767	0.03447	0.01063	0.00990	0.01359	0.01884	0.03601	0.02053	0.53410	0.20540	0.00696	0.03952	0.00857	0.00373	0.00469
95	0.01383	0.03531	0.04133	0.35434	0.22375	0.01619	0.01756	0.01738	0.01275	0.01761	0.01092	0.01590	0.00900	0.00733	0.00970	0.00222	0.17822	0.00564	0.00294	0.00808

[dist]
# distance from previous block
# <min> <max>
1	2

[block]
# block no. 2 follows, 34 sequences, length 10
# corresponding to MSA columns:
# 105-114
name=unknown_C
#
# <colnr> <probs for GDERKNQSTAVLIFYWHMCP>
#	G	D	E	R	K	N	Q	S	T	A	V	L	I	F	Y	W	H	M	C	P
0	0.01792	0.70713	0.03241	0.01158	0.01690	0.09295	0.01119	0.01995	0.01361	0.01526	0.00908	0.01049	0.00829	0.00563	0.00430	0.00141	0.00735	0.00352	0.00282	0.00822
1	0.00822	0.00595	0.00792	0.00886	0.00959	0.00566	0.00615	0.00982	0.01339	0.01816	0.16438	0.54461	0.06948	0.02120	0.07128	0.00316	0.00476	0.01597	0.00599	0.00546
2	0.00868	0.00688	0.00836	0.05250	0.01159	0.00638	0.00664	0.01089	0.01519	0.01953	0.22613	0.10766	0.36299	0.04324	0.00868	0.00241	0.00397	0.08656	0.00602	0.00571
3	0.06283	0.01710	0.10903	0.13337	0.39100	0.01529	0.13856	0.01954	0.01421	0.02079	0.01197	0.01581	0.00950	0.00586	0.00645	0.00202	0.00842	0.00583	0.00316	0.00927
4	0.05313	0.20302	0.18691	0.01631	0.05388	0.10176	0.04987	0.15667	0.07779	0.02361	0.01280	0.01406	0.00988	0.00653	0.00572	0.00183	0.00809	0.00494	0.00397	0.00923
5	0.00786	0.00569	0.00743	0.00882	0.00933	0.00526	0.00592	0.00902	0.01254	0.01656	0.03771	0.71915	0.09094	0.01997	0.00820	0.00259	0.00372	0.01804	0.00600	0.00526
6	0.01495	0.01953	0.13043	0.02607	0.03301	0.01616	0.61896	0.02067	0.01504	0.02067	0.01288	0.01693	0.00959	0.00554	0.00743	0.00216	0.01072	0.00725	0.00320	0.00882
7	0.01950	0.08851	0.06187	0.07179	0.16270	0.06613	0.01372	0.10768	0.13794	0.15752	0.01759	0.03813	0.01337	0.00744	0.00624	0.00196	0.00703	0.00613	0.00506	0.00970
8	0.01868	0.22177	0.06855	0.01662	0.08169	0.18964	0.07194	0.05641	0.01580	0.06159	0.01202	0.01441	0.00988	0.03318	0.00651	0.00179	0.00825	0.00482	0.00364	0.10280
9	0.12717	0.31201	0.09906	0.01381	0.03663	0.08778	0.03814	0.10766	0.04423	0.02203	0.01123	0.01261	0.00908	0.00614	0.00510	0.00169	0.00738	0.00435	0.00369	0.05023

[dist]
# distance from previous block
# <min> <max>
0	9

[block]
# block no. 3 follows, 34 sequences, length 196
# corresponding to MSA columns:
# 124-319
name=unknown_D
#
# <colnr> <probs for GDERKNQSTAVLIFYWHMCP>
#	G	D	E	R	K	N	Q	S	T	A	V	L	I	F	Y	W	H	M	C	P
0	0.01701	0.01135	0.06664	0.01103	0.01442	0.00973	0.00922	0.07734	0.07780	0.23878	0.09199	0.16678	0.07118	0.05627	0.04746	0.00283	0.00587	0.00972	0.00630	0.00826
1	0.01525	0.01448	0.07337	0.03697	0.08192	0.03740	0.01091	0.07667	0.01553	0.05311	0.04210	0.03528	0.01278	0.00623	0.00555	0.00141	0.00593	0.00513	0.00423	0.46576
2	0.01225	0.01027	0.03464	0.00991	0.01354	0.00855	0.00790	0.03320	0.08378	0.04938	0.02818	0.21054	0.12481	0.01136	0.00652	0.00184	0.00462	0.03197	0.00522	0.31149
3	0.00805	0.00581	0.00764	0.00893	0.00952	0.00540	0.00613	0.00940	0.01299	0.01729	0.08331	0.65590	0.07922	0.01948	0.00820	0.00258	0.00377	0.04497	0.00607	0.00534
4	0.01818	0.01570	0.01558	0.01355	0.01742	0.06890	0.01064	0.16300	0.52061	0.02878	0.02293	0.02157	0.01715	0.00839	0.00645	0.00209	0.00591	0.00676	0.02631	0.01007
5	0.02281	0.02465	0.01688	0.01511	0.01859	0.51318	0.01162	0.06975	0.04460	0.09660	0.01650	0.01962	0.04104	0.00809	0.00625	0.00185	0.00973	0.05066	0.00444	0.00801
6	0.03995	0.01636	0.04257	0.12341	0.40977	0.04067	0.08680	0.12030	0.01681	0.02337	0.01247	0.01586	0.00989	0.00615	0.00644	0.00197	0.00814	0.00581	0.00365	0.00960
7	0.01727	0.77681	0.03386	0.01106	0.01658	0.02557	0.01106	0.01935	0.01313	0.01520	0.00898	0.01036	0.00829	0.00553	0.00415	0.00138	0.00691	0.00345	0.00276	0.00829
8	0.00830	0.00607	0.00762	0.00852	0.00935	0.00563	0.00594	0.00972	0.01321	0.01736	0.10581	0.45584	0.15540	0.09703	0.01070	0.00290	0.00403	0.06542	0.00589	0.00528
9	0.06418	0.01848	0.11884	0.01409	0.01940	0.04262	0.01269	0.36713	0.06994	0.14592	0.01696	0.01765	0.01223	0.04141	0.00745	0.00217	0.00708	0.00586	0.00583	0.01009
10	0.00842	0.00700	0.00785	0.05705	0.01129	0.00644	0.00598	0.01061	0.03428	0.01763	0.09012	0.10279	0.52117	0.07910	0.00969	0.00254	0.00395	0.01279	0.00569	0.00560
11	0.00940	0.00626	0.00705	0.00705	0.00705	0.00626	0.00392	0.00940	0.00940	0.01253	0.02036	0.04228	0.02349	0.77292	0.03289	0.00626	0.00626	0.00940	0.00392	0.00392
12	0.01654	0.63399	0.10774	0.01191	0.01754	0.04583	0.01221	0.01913	0.01331	0.01585	0.01067	0.04992	0.01006	0.00639	0.00462	0.00153	0.00718	0.00439	0.00294	0.00824
13	0.01537	0.01467	0.02474	0.15637	0.59766	0.01521	0.01922	0.01974	0.03639	0.02054	0.01248	0.01645	0.01026	0.00597	0.00641	0.00197	0.00775	0.00580	0.00325	0.00973
14	0.01220	0.01148	0.01938	0.75739	0.04450	0.01436	0.01794	0.01651	0.01292	0.01651	0.01148	0.01723	0.00861	0.00646	0.00646	0.00215	0.00861	0.00574	0.00287	0.00718
15	0.00927	0.00629	0.00821	0.00928	0.00998	0.00598	0.00636	0.03304	0.01312	0.04147	0.03395	0.66918	0.03985	0.04998	0.00915	0.00274	0.00408	0.03647	0.00599	0.00560
16	0.02362	0.05700	0.01982	0.01456	0.01964	0.02006	0.01208	0.63026	0.07550	0.03849	0.01589	0.01582	0.01143	0.00771	0.00635	0.00193	0.00697	0.00579	0.00628	0.01080
17	0.00784	0.00575	0.00737	0.00867	0.00928	0.00528	0.00585	0.00903	0.01269	0.01662	0.03965	0.67313	0.13570	0.01972	0.00816	0.00256	0.00368	0.01773	0.00600	0.00528
18	0.00861	0.00664	0.00789	0.00785	0.00949	0.00602	0.00578	0.01129	0.03629	0.02146	0.36401	0.16567	0.29485	0.01531	0.00769	0.00218	0.00330	0.01330	0.00653	0.00585
19	0.05144	0.01271	0.01606	0.01265	0.01701	0.01288	0.01043	0.14090	0.05552	0.48249	0.02146	0.01979	0.01423	0.00830	0.00806	0.00209	0.09038	0.00624	0.00696	0.01039
20	0.02055	0.02516	0.01597	0.01496	0.01778	0.57577	0.01125	0.02225	0.01724	0.01623	0.01735	0.09993	0.05137	0.00942	0.00640	0.00189	0.00996	0.05556	0.00394	0.00703
21	0.00924	0.00818	0.01161	0.01037	0.01299	0.00731	0.10121	0.01170	0.01501	0.01866	0.08711	0.05731	0.47521	0.01499	0.00786	0.00231	0.00477	0.13246	0.00568	0.00602
22	0.01727	0.77681	0.03386	0.01106	0.01658	0.02557	0.01106	0.01935	0.01313	0.01520	0.00898	0.01036	0.00829	0.00553	0.00415	0.00138	0.00691	0.00345	0.00276	0.00829
23	0.01340	0.01148	0.01340	0.00957	0.01531	0.00861	0.00766	0.01627	0.01340	0.02105	0.01148	0.01340	0.00957	0.00479	0.00479	0.00096	0.00479	0.00383	0.00383	0.81242
24	0.08161	0.01702	0.03576	0.02569	0.03201	0.01619	0.65115	0.02056	0.01490	0.02138	0.01274	0.01686	0.00957	0.00549	0.00733	0.00216	0.01041	0.00728	0.00333	0.00857
25	0.00798	0.00570	0.00759	0.00893	0.00939	0.00532	0.00601	0.00926	0.01285	0.01726	0.09190	0.71024	0.04421	0.01967	0.00820	0.00258	0.00369	0.01783	0.00609	0.00532
26	0.44094	0.01380	0.01317	0.01081	0.01516	0.01528	0.00889	0.23884	0.01831	0.10854	0.05002	0.01527	0.01201	0.00714	0.00523	0.00198	0.00562	0.00498	0.00537	0.00864
27	0.01607	0.01388	0.01461	0.01315	0.01680	0.01607	0.01023	0.03433	0.72094	0.02703	0.02630	0.02411	0.01972	0.00877	0.00657	0.00219	0.00511	0.00731	0.00657	0.01023
28	0.01220	0.01148	0.01938	0.75739	0.04450	0.01436	0.01794	0.01651	0.01292	0.01651	0.01148	0.01723	0.00861	0.00646	0.00646	0.00215	0.00861	0.00574	0.00287	0.00718
29	0.00862	0.00651	0.00790	0.00789	0.00943	0.00588	0.00586	0.01090	0.01602	0.02142	0.38630	0.13072	0.26177	0.04609	0.00879	0.00236	0.00347	0.04789	0.00646	0.00571
30	0.81856	0.01250	0.00950	0.00850	0.01250	0.01449	0.00700	0.01899	0.01100	0.02899	0.00900	0.01050	0.00700	0.00600	0.00400	0.00200	0.00500	0.00350	0.00400	0.00700
31	0.00914	0.00660	0.00864	0.00813	0.00965	0.00610	0.00610	0.01219	0.01829	0.02591	0.72921	0.04827	0.06097	0.01321	0.00762	0.00203	0.00305	0.01169	0.00711	0.00610
32	0.01573	0.01678	0.01956	0.01691	0.01744	0.13539	0.01387	0.01718	0.01123	0.01559	0.00872	0.01374	0.00846	0.01057	0.01876	0.00264	0.64196	0.00542	0.00291	0.00714
33	0.00792	0.00566	0.00754	0.00896	0.00938	0.00528	0.00600	0.00913	0.01261	0.01688	0.06384	0.73939	0.04348	0.01996	0.00822	0.00260	0.00372	0.01810	0.00604	0.00528
34	0.69148	0.01274	0.01046	0.00921	0.01314	0.01461	0.00751	0.09275	0.01315	0.02960	0.01107	0.05019	0.00927	0.00692	0.00448	0.00203	0.00516	0.00452	0.00437	0.00734
35	0.00787	0.00562	0.00750	0.00900	0.00937	0.00525	0.00600	0.00900	0.01237	0.01649	0.03561	0.76871	0.04274	0.02024	0.00825	0.00262	0.00375	0.01837	0.00600	0.00525
36	0.00939	0.00629	0.00717	0.00717	0.00721	0.00633	0.00406	0.00947	0.00943	0.01262	0.02025	0.04168	0.02323	0.74687	0.05858	0.00641	0.00666	0.00931	0.00390	0.00398
37	0.81856	0.01250	0.00950	0.00850	0.01250	0.01449	0.00700	0.01899	0.01100	0.02899	0.00900	0.01050	0.00700	0.00600	0.00400	0.00200	0.00500	0.00350	0.00400	0.00700
38	0.02414	0.03079	0.01831	0.01665	0.01998	0.74698	0.01248	0.02580	0.01831	0.01581	0.00999	0.01165	0.00832	0.00666	0.00583	0.00166	0.01165	0.00416	0.00333	0.00749
39	0.01317	0.00635	0.00662	0.00639	0.00813	0.00625	0.00485	0.01615	0.01388	0.07160	0.02137	0.02395	0.01652	0.00756	0.00465	0.00154	0.00318	0.00605	0.75544	0.00635
40	0.00788	0.00655	0.00688	0.00680	0.00887	0.00556	0.00510	0.00974	0.01529	0.01880	0.17097	0.05997	0.62364	0.01586	0.00763	0.00216	0.00324	0.01333	0.00618	0.00556
41	0.01492	0.01426	0.02429	0.24226	0.53837	0.01507	0.01930	0.01889	0.01421	0.01981	0.01196	0.01634	0.00978	0.00596	0.00641	0.00199	0.00794	0.00575	0.00311	0.00937
42	0.81856	0.01250	0.00950	0.00850	0.01250	0.01449	0.00700	0.01899	0.01100	0.02899	0.00900	0.01050	0.00700	0.00600	0.00400	0.00200	0.00500	0.00350	0.00400	0.00700
43	0.02414	0.03079	0.01831	0.01665	0.01998	0.74698	0.01248	0.02580	0.01831	0.01581	0.00999	0.01165	0.00832	0.00666	0.00583	0.00166	0.01165	0.00416	0.00333	0.00749
44	0.81856	0.01250	0.00950	0.00850	0.01250	0.01449	0.00700	0.01899	0.01100	0.02899	0.00900	0.01050	0.00700	0.00600	0.00400	0.00200	0.00500	0.00350	0.00400	0.00700
45	0.01607	0.01388	0.01461	0.01315	0.01680	0.01607	0.01023	0.03433	0.72094	0.02703	0.02630	0.02411	0.01972	0.00877	0.00657	0.00219	0.00511	0.00731	0.00657	0.01023
46	0.01814	0.64449	0.03095	0.01181	0.01703	0.12907	0.01115	0.02018	0.01388	0.01548	0.00921	0.01065	0.00834	0.00567	0.00441	0.00141	0.00753	0.00357	0.00288	0.03416
47	0.03269	0.03096	0.63824	0.01955	0.04677	0.01513	0.08660	0.02043	0.01375	0.02071	0.01168	0.01398	0.00836	0.00606	0.00623	0.00205	0.00951	0.00503	0.00282	0.00943
48	0.01525	0.01743	0.03813	0.02723	0.03377	0.01634	0.70915	0.02070	0.01525	0.02070	0.01307	0.01743	0.00980	0.00545	0.00763	0.00218	0.01089	0.00763	0.00327	0.00871
49	0.00764	0.00655	0.00655	0.00655	0.00873	0.00545	0.00491	0.00927	0.01473	0.01745	0.06546	0.06218	0.73000	0.01636	0.00764	0.00218	0.00327	0.01364	0.00600	0.00545
50	0.01398	0.01330	0.02118	0.35476	0.24783	0.01572	0.01728	0.01870	0.06624	0.01854	0.01229	0.01684	0.00992	0.00725	0.00899	0.00220	0.13755	0.00585	0.00324	0.00832
51	0.00923	0.00692	0.01038	0.01038	0.01154	0.00808	0.00808	0.01154	0.01038	0.01500	0.01731	0.02538	0.01615	0.04846	0.74732	0.01038	0.01731	0.00692	0.00346	0.00577
52	0.01122	0.00561	0.00842	0.00842	0.00842	0.00561	0.00561	0.00842	0.00842	0.01122	0.01122	0.01964	0.01122	0.02245	0.02525	0.81201	0.00561	0.00561	0.00281	0.00281
53	0.00797	0.00570	0.00762	0.00911	0.00953	0.00534	0.00618	0.00917	0.01247	0.01661	0.03556	0.74056	0.04251	0.02015	0.00827	0.00264	0.00384	0.04550	0.00600	0.00528
54	0.01521	0.01730	0.03738	0.02682	0.03309	0.01648	0.68103	0.02049	0.01503	0.02049	0.01289	0.01730	0.00975	0.00568	0.00817	0.00220	0.04124	0.00755	0.00325	0.00865
55	0.01339	0.03068	0.63473	0.01802	0.02679	0.01517	0.04041	0.02212	0.09773	0.02125	0.01338	0.01499	0.00960	0.00643	0.00623	0.00207	0.00906	0.00515	0.00320	0.00961
56	0.01306	0.01236	0.02094	0.59410	0.20105	0.01458	0.01837	0.01726	0.01333	0.01756	0.01164	0.01695	0.00898	0.00630	0.00645	0.00210	0.00840	0.00575	0.00295	0.00787
57	0.81856	0.01250	0.00950	0.00850	0.01250	0.01449	0.00700	0.01899	0.01100	0.02899	0.00900	0.01050	0.00700	0.00600	0.00400	0.00200	0.00500	0.00350	0.00400	0.00700
58	0.02511	0.01051	0.01397	0.01128	0.01551	0.00942	0.00907	0.05549	0.03662	0.57554	0.02672	0.14049	0.02014	0.00995	0.00678	0.00210	0.00528	0.00838	0.00758	0.01006
59	0.01308	0.00922	0.01081	0.01040	0.01260	0.00942	0.00780	0.09701	0.14562	0.07790	0.07360	0.34088	0.11313	0.01481	0.00751	0.00234	0.00450	0.03561	0.00637	0.00737
60	0.00901	0.00618	0.00756	0.00821	0.00849	0.00606	0.00529	0.00970	0.01096	0.01456	0.02683	0.28292	0.03125	0.44577	0.02226	0.00472	0.00541	0.08546	0.00481	0.00457
61	0.08339	0.00710	0.00818	0.00873	0.01043	0.00678	0.00678	0.01140	0.01426	0.01965	0.11707	0.22042	0.26972	0.01631	0.00774	0.00244	0.00415	0.17379	0.00592	0.00574
62	0.01571	0.01498	0.02511	0.09232	0.64385	0.01531	0.01919	0.02033	0.05105	0.02107	0.01283	0.01650	0.01060	0.00597	0.00641	0.00195	0.00761	0.00584	0.00335	0.01000
63	0.78967	0.01267	0.01053	0.00917	0.01326	0.01456	0.03225	0.01905	0.01115	0.02869	0.00914	0.01075	0.00710	0.00598	0.00413	0.00201	0.00521	0.00365	0.00397	0.00706
64	0.00795	0.00676	0.00688	0.00691	0.00905	0.00583	0.00516	0.01016	0.04001	0.01775	0.06251	0.09730	0.66895	0.01629	0.00763	0.00221	0.00336	0.01365	0.00602	0.00562
65	0.00924	0.00689	0.01021	0.01021	0.01131	0.00798	0.00786	0.01143	0.01033	0.01487	0.01746	0.02626	0.01653	0.08587	0.71042	0.01017	0.01674	0.00705	0.00348	0.00567
66	0.81856	0.01250	0.00950	0.00850	0.01250	0.01449	0.00700	0.01899	0.01100	0.02899	0.00900	0.01050	0.00700	0.00600	0.00400	0.00200	0.00500	0.00350	0.00400	0.00700
67	0.01204	0.00602	0.00602	0.00602	0.00753	0.00602	0.00452	0.01506	0.01355	0.02409	0.02108	0.02409	0.01656	0.00753	0.00452	0.00151	0.00301	0.00602	0.80879	0.00602
68	0.00940	0.00626	0.00705	0.00705	0.00705	0.00626	0.00392	0.00940	0.00940	0.01253	0.02036	0.04228	0.02349	0.77292	0.03289	0.00626	0.00626	0.00940	0.00392	0.00392
69	0.09277	0.01130	0.01466	0.01134	0.01626	0.01017	0.00937	0.04812	0.01820	0.66171	0.02390	0.02089	0.01514	0.00783	0.00629	0.00200	0.00550	0.00624	0.00763	0.01067
70	0.01041	0.00744	0.01041	0.01190	0.01339	0.00744	0.01041	0.01339	0.01487	0.01934	0.03421	0.07288	0.03719	0.01785	0.00892	0.00297	0.00595	0.68913	0.00595	0.00595
71	0.01607	0.01388	0.01461	0.01315	0.01680	0.01607	0.01023	0.03433	0.72094	0.02703	0.02630	0.02411	0.01972	0.00877	0.00657	0.00219	0.00511	0.00731	0.00657	0.01023
72	0.01296	0.03342	0.73944	0.01842	0.02797	0.01501	0.02387	0.02046	0.01364	0.02046	0.01160	0.01364	0.00818	0.00614	0.00614	0.00205	0.00955	0.00477	0.00273	0.00955
73	0.00807	0.00576	0.00773	0.00922	0.00969	0.00542	0.00634	0.00934	0.01257	0.01672	0.03550	0.71433	0.04230	0.02006	0.00830	0.00265	0.00392	0.07079	0.00599	0.00530
74	0.81856	0.01250	0.00950	0.00850	0.01250	0.01449	0.00700	0.01899	0.01100	0.02899	0.00900	0.01050	0.00700	0.00600	0.00400	0.00200	0.00500	0.00350	0.00400	0.00700
75	0.01414	0.01414	0.01979	0.01696	0.01696	0.01979	0.01414	0.01555	0.00990	0.01555	0.00848	0.01414	0.00848	0.01131	0.02120	0.00283	0.76110	0.00565	0.00283	0.00707
76	0.81856	0.01250	0.00950	0.00850	0.01250	0.01449	0.00700	0.01899	0.01100	0.02899	0.00900	0.01050	0.00700	0.00600	0.00400	0.00200	0.00500	0.00350	0.00400	0.00700
77	0.02456	0.01810	0.01939	0.01487	0.02004	0.02004	0.01228	0.71107	0.03038	0.04072	0.01551	0.01551	0.01099	0.00776	0.00646	0.00194	0.00711	0.00582	0.00646	0.01099
78	0.02386	0.06115	0.01894	0.01642	0.01984	0.71763	0.01243	0.02554	0.01810	0.01579	0.00995	0.01160	0.00832	0.00661	0.00576	0.00165	0.01146	0.00413	0.00331	0.00752
79	0.00914	0.00660	0.00864	0.00813	0.00965	0.00610	0.00610	0.01219	0.01829	0.02591	0.72921	0.04827	0.06097	0.01321	0.00762	0.00203	0.00305	0.01169	0.00711	0.00610
80	0.05921	0.01129	0.01493	0.01149	0.01646	0.01004	0.00949	0.05395	0.01861	0.68635	0.02452	0.02133	0.01548	0.00791	0.00640	0.00200	0.00553	0.00636	0.00779	0.01084
81	0.06960	0.01992	0.04787	0.05250	0.02908	0.17351	0.44307	0.02190	0.01562	0.04577	0.01249	0.01579	0.00944	0.00589	0.00688	0.00205	0.01035	0.00642	0.00347	0.00838
82	0.00795	0.00574	0.00755	0.00898	0.00948	0.00534	0.00610	0.00917	0.01258	0.01665	0.03710	0.70708	0.07803	0.01996	0.00824	0.00261	0.00380	0.04236	0.00600	0.00528
83	0.01525	0.01743	0.03813	0.02723	0.03377	0.01634	0.70915	0.02070	0.01525	0.02070	0.01307	0.01743	0.00980	0.00545	0.00763	0.00218	0.01089	0.00763	0.00327	0.00871
84	0.01607	0.01388	0.01461	0.01315	0.01680	0.01607	0.01023	0.03433	0.72094	0.02703	0.02630	0.02411	0.01972	0.00877	0.00657	0.00219	0.00511	0.00731	0.00657	0.01023
85	0.01326	0.01187	0.01658	0.36246	0.06734	0.01393	0.01381	0.02216	0.26595	0.02054	0.02058	0.09029	0.03634	0.00880	0.00670	0.00220	0.00671	0.00769	0.00459	0.00820
86	0.02899	0.01100	0.01499	0.01150	0.01649	0.00950	0.00950	0.03149	0.01849	0.73709	0.02549	0.02199	0.01599	0.00800	0.00650	0.00200	0.00550	0.00650	0.00800	0.01100
87	0.01298	0.01261	0.07017	0.01146	0.01483	0.01205	0.00960	0.02433	0.39081	0.02523	0.23233	0.03404	0.10134	0.01060	0.00695	0.00213	0.00469	0.00900	0.00636	0.00850
88	0.00925	0.00685	0.01003	0.01003	0.01107	0.00789	0.00764	0.01131	0.01028	0.01474	0.01763	0.02716	0.01692	0.12448	0.67235	0.00995	0.01615	0.00718	0.00351	0.00557
89	0.01977	0.44288	0.06414	0.01365	0.01852	0.31082	0.01228	0.02196	0.01521	0.01572	0.00952	0.01104	0.00830	0.00601	0.00491	0.00153	0.00892	0.00380	0.00299	0.00804
90	0.01579	0.04202	0.06171	0.01625	0.12675	0.01202	0.04541	0.09163	0.01590	0.07223	0.03153	0.06711	0.01362	0.00687	0.00583	0.00156	0.00608	0.00593	0.00439	0.35738
91	0.01741	0.09324	0.17087	0.02063	0.15036	0.03394	0.11294	0.11355	0.06852	0.08413	0.05922	0.01811	0.01397	0.00693	0.00639	0.00196	0.00780	0.00611	0.00440	0.00953
92	0.05419	0.04591	0.01751	0.01465	0.03499	0.15932	0.01137	0.25878	0.26099	0.02871	0.01805	0.03686	0.01399	0.00801	0.00623	0.00197	0.00714	0.00614	0.00557	0.00962
93	0.01767	0.69937	0.05289	0.01169	0.01716	0.07957	0.01153	0.01987	0.01353	0.01540	0.00913	0.01056	0.00829	0.00563	0.00433	0.00142	0.00734	0.00355	0.00281	0.00827
94	0.01785	0.01429	0.01516	0.01312	0.01700	0.01624	0.01035	0.16850	0.53433	0.04486	0.02388	0.02234	0.01775	0.00849	0.00645	0.00210	0.00542	0.00693	0.04474	0.01020
95	0.00935	0.00627	0.00704	0.00704	0.00709	0.00624	0.00394	0.00939	0.00952	0.01265	0.02144	0.04276	0.04051	0.75470	0.03228	0.00617	0.00619	0.00950	0.00397	0.00395
96	0.01267	0.01093	0.01414	0.03734	0.16607	0.01131	0.01039	0.03692	0.21587	0.02329	0.18150	0.03620	0.19534	0.01079	0.00701	0.00209	0.00493	0.00934	0.00573	0.00814
97	0.00773	0.00648	0.00673	0.00681	0.00882	0.00547	0.00505	0.00941	0.01474	0.01783	0.09819	0.11389	0.64376	0.01649	0.00768	0.00221	0.00330	0.01389	0.00606	0.00547
98	0.02055	0.17515	0.02225	0.01573	0.01959	0.43407	0.06300	0.02415	0.08165	0.01740	0.03471	0.01424	0.01118	0.00691	0.00627	0.00175	0.03500	0.00486	0.00362	0.00793
99	0.01607	0.01388	0.01461	0.01315	0.01680	0.01607	0.01023	0.03433	0.72094	0.02703	0.02630	0.02411	0.01972	0.00877	0.00657	0.00219	0.00511	0.00731	0.00657	0.01023
100	0.01340	0.01148	0.01340	0.00957	0.01531	0.00861	0.00766	0.01627	0.01340	0.02105	0.01148	0.01340	0.00957	0.00479	0.00479	0.00096	0.00479	0.00383	0.00383	0.81242
101	0.01875	0.61692	0.03053	0.01225	0.01731	0.18018	0.01136	0.02073	0.01424	0.01533	0.00920	0.01064	0.00830	0.00577	0.00451	0.00144	0.00793	0.00361	0.00289	0.00812
102	0.00786	0.00565	0.00747	0.00891	0.00935	0.00526	0.00596	0.00901	0.01245	0.01653	0.03662	0.74486	0.06593	0.02011	0.00823	0.00261	0.00373	0.01821	0.00600	0.00526
103	0.01421	0.01113	0.01259	0.01112	0.01447	0.01148	0.00856	0.02436	0.35869	0.06394	0.13654	0.11759	0.02712	0.01014	0.00663	0.00199	0.00458	0.00871	0.00619	0.14997
104	0.02899	0.01100	0.01499	0.01150	0.01649	0.00950	0.00950	0.03149	0.01849	0.73709	0.02549	0.02199	0.01599	0.00800	0.00650	0.00200	0.00550	0.00650	0.00800	0.01100
105	0.01634	0.01401	0.01476	0.01320	0.01690	0.01619	0.01029	0.05539	0.69946	0.02746	0.02596	0.02384	0.01945	0.00873	0.00657	0.00218	0.00518	0.00726	0.00657	0.01025
106	0.01599	0.01535	0.02623	0.03966	0.73262	0.01535	0.01983	0.01983	0.01471	0.02111	0.01215	0.01599	0.01023	0.00576	0.00640	0.00192	0.00768	0.00576	0.00320	0.01023
107	0.01108	0.00566	0.00831	0.00831	0.00831	0.00566	0.00547	0.00850	0.00850	0.01133	0.01196	0.02147	0.01222	0.08318	0.02587	0.74681	0.00566	0.00592	0.00290	0.00290
108	0.01122	0.00561	0.00842	0.00842	0.00842	0.00561	0.00561	0.00842	0.00842	0.01122	0.01122	0.01964	0.01122	0.02245	0.02525	0.81201	0.00561	0.00561	0.00281	0.00281
109	0.00764	0.00655	0.00655	0.00655	0.00873	0.00545	0.00491	0.00927	0.01473	0.01745	0.06546	0.06218	0.73000	0.01636	0.00764	0.00218	0.00327	0.01364	0.00600	0.00545
110	0.81856	0.01250	0.00950	0.00850	0.01250	0.01449	0.00700	0.01899	0.01100	0.02899	0.00900	0.01050	0.00700	0.00600	0.00400	0.00200	0.00500	0.00350	0.00400	0.00700
111	0.81856	0.01250	0.00950	0.00850	0.01250	0.01449	0.00700	0.01899	0.01100	0.02899	0.00900	0.01050	0.00700	0.00600	0.00400	0.00200	0.00500	0.00350	0.00400	0.00700
112	0.02899	0.01100	0.01499	0.01150	0.01649	0.00950	0.00950	0.03149	0.01849	0.73709	0.02549	0.02199	0.01599	0.00800	0.00650	0.00200	0.00550	0.00650	0.00800	0.01100
113	0.02899	0.01100	0.01499	0.01150	0.01649	0.00950	0.00950	0.03149	0.01849	0.73709	0.02549	0.02199	0.01599	0.00800	0.00650	0.00200	0.00550	0.00650	0.00800	0.01100
114	0.01523	0.01507	0.01970	0.01681	0.01729	0.04923	0.01395	0.06192	0.01159	0.01722	0.00901	0.01413	0.00864	0.01089	0.01961	0.00272	0.68096	0.00560	0.00309	0.00734
115	0.02431	0.01797	0.01925	0.01482	0.01994	0.01992	0.01222	0.69100	0.05086	0.04032	0.01583	0.01577	0.01125	0.00779	0.00647	0.00195	0.00705	0.00586	0.00647	0.01097
116	0.02899	0.01100	0.01499	0.01150	0.01649	0.00950	0.00950	0.03149	0.01849	0.73709	0.02549	0.02199	0.01599	0.00800	0.00650	0.00200	0.00550	0.00650	0.00800	0.01100
117	0.01607	0.01388	0.01461	0.01315	0.01680	0.01607	0.01023	0.03433	0.72094	0.02703	0.02630	0.02411	0.01972	0.00877	0.00657	0.00219	0.00511	0.00731	0.00657	0.01023
118	0.01414	0.01414	0.01979	0.01696	0.01696	0.01979	0.01414	0.01555	0.00990	0.01555	0.00848	0.01414	0.00848	0.01131	0.02120	0.00283	0.76110	0.00565	0.00283	0.00707
119	0.02342	0.01311	0.01528	0.01219	0.01664	0.01341	0.00991	0.24325	0.13166	0.32301	0.02360	0.02194	0.04133	0.00831	0.00638	0.00198	0.00566	0.00663	0.07202	0.01027
120	0.01739	0.01181	0.01351	0.01174	0.01523	0.01264	0.00922	0.05608	0.39247	0.16832	0.18680	0.02888	0.02808	0.00959	0.00679	0.00211	0.00480	0.00809	0.00698	0.00946
121	0.01070	0.00681	0.00873	0.00809	0.00983	0.00630	0.00612	0.01371	0.01775	0.06947	0.60380	0.04385	0.05305	0.01223	0.00719	0.00197	0.00319	0.01071	0.10011	0.00639
122	0.00923	0.00692	0.01038	0.01038	0.01154	0.00808	0.00808	0.01154	0.01038	0.01500	0.01731	0.02538	0.01615	0.04846	0.74732	0.01038	0.01731	0.00692	0.00346	0.00577
123	0.02838	0.01082	0.01467	0.01130	0.01617	0.00937	0.00932	0.03090	0.01831	0.71133	0.02533	0.02207	0.01601	0.00798	0.00643	0.00198	0.00541	0.00648	0.03693	0.01082
124	0.01220	0.01148	0.01938	0.75739	0.04450	0.01436	0.01794	0.01651	0.01292	0.01651	0.01148	0.01723	0.00861	0.00646	0.00646	0.00215	0.00861	0.00574	0.00287	0.00718
125	0.00787	0.00562	0.00750	0.00900	0.00937	0.00525	0.00600	0.00900	0.01237	0.01649	0.03561	0.76871	0.04274	0.02024	0.00825	0.00262	0.00375	0.01837	0.00600	0.00525
126	0.00770	0.00647	0.00669	0.00680	0.00881	0.00546	0.00504	0.00934	0.01464	0.01764	0.08360	0.12120	0.65135	0.01659	0.00769	0.00221	0.00331	0.01397	0.00603	0.00546
