[name]
unknown

[dist]
# distance from previous block
# <min> <max>
0	3

[block]
# block no. 0 follows, 34 sequences, length 29
# corresponding to MSA columns:
# 3-31
name=unknown_A
#
# <colnr> <probs for GDERKNQSTAVLIFYWHMCP>
#	G	D	E	R	K	N	Q	S	T	A	V	L	I	F	Y	W	H	M	C	P
0	0.53035	0.01250	0.01129	0.00999	0.01374	0.01409	0.00826	0.14003	0.01536	0.02974	0.06178	0.02114	0.01484	0.00816	0.00525	0.00210	0.00535	0.08363	0.00487	0.00752
1	0.01640	0.01548	0.02590	0.03847	0.69828	0.01558	0.01947	0.05314	0.01547	0.02205	0.01232	0.01597	0.01027	0.00585	0.00640	0.00192	0.00765	0.00576	0.00336	0.01027
2	0.01081	0.00688	0.00884	0.00867	0.01030	0.00630	0.00632	0.01282	0.01502	0.09640	0.26404	0.26965	0.12571	0.05575	0.04931	0.00288	0.00454	0.01288	0.00628	0.02660
3	0.05126	0.01011	0.01143	0.01075	0.01315	0.01069	0.00809	0.12962	0.17051	0.05437	0.08861	0.32477	0.06279	0.01377	0.00724	0.00229	0.00464	0.01196	0.00628	0.00766
4	0.01500	0.15006	0.21791	0.02223	0.02937	0.01756	0.41462	0.02041	0.01448	0.01971	0.01200	0.01526	0.00913	0.00564	0.00665	0.00201	0.00987	0.00619	0.00304	0.00886
5	0.00832	0.00575	0.00745	0.00858	0.00886	0.00547	0.00556	0.00905	0.01160	0.01547	0.03149	0.59009	0.03750	0.17169	0.01394	0.03852	0.00434	0.01601	0.00544	0.00487
6	0.01229	0.00687	0.00873	0.00879	0.01027	0.00627	0.00621	0.01375	0.01367	0.15282	0.06039	0.39955	0.10311	0.11233	0.01077	0.00285	0.00429	0.01363	0.04716	0.00626
7	0.01575	0.01203	0.03959	0.01338	0.04511	0.01172	0.04324	0.16277	0.12115	0.10100	0.02678	0.26449	0.05634	0.04535	0.00830	0.00242	0.00563	0.01073	0.00594	0.00827
8	0.01456	0.01484	0.01973	0.01695	0.01709	0.05054	0.01407	0.01598	0.01025	0.01556	0.00855	0.01403	0.00848	0.01111	0.02055	0.00278	0.72941	0.00559	0.00285	0.00709
9	0.01340	0.01148	0.01340	0.00957	0.01531	0.00861	0.00766	0.01627	0.01340	0.02105	0.01148	0.01340	0.00957	0.00479	0.00479	0.00096	0.00479	0.00383	0.00383	0.81242
10	0.01056	0.02970	0.01076	0.00980	0.01150	0.00703	0.04475	0.01261	0.01480	0.07725	0.21587	0.39171	0.10700	0.01582	0.00773	0.00232	0.00415	0.01421	0.00620	0.00623
11	0.01296	0.03342	0.73944	0.01842	0.02797	0.01501	0.02387	0.02046	0.01364	0.02046	0.01160	0.01364	0.00818	0.00614	0.00614	0.00205	0.00955	0.00477	0.00273	0.00955
12	0.00828	0.00570	0.00746	0.00883	0.00933	0.00537	0.00599	0.00960	0.01253	0.01718	0.03441	0.69040	0.04048	0.01916	0.00796	0.00254	0.00375	0.03505	0.07064	0.00533
13	0.01554	0.01391	0.02315	0.12751	0.54696	0.01411	0.01782	0.01919	0.01469	0.05933	0.01709	0.02020	0.06830	0.00682	0.00651	0.00197	0.00732	0.00643	0.00364	0.00950
14	0.02813	0.01237	0.01585	0.01215	0.01718	0.01154	0.01004	0.16294	0.02079	0.60240	0.02356	0.02074	0.01503	0.00795	0.00649	0.00199	0.00581	0.00637	0.00770	0.01099
15	0.02551	0.01017	0.01382	0.01099	0.01531	0.00885	0.00891	0.02795	0.01798	0.61537	0.08933	0.08448	0.02218	0.00945	0.00674	0.00205	0.00514	0.00792	0.00776	0.01009
16	0.00800	0.00591	0.00738	0.00836	0.00916	0.00540	0.00570	0.00933	0.01317	0.01726	0.09654	0.54081	0.17624	0.05337	0.00921	0.00266	0.00372	0.01650	0.00599	0.00530
17	0.01389	0.01344	0.02313	0.02811	0.39404	0.01311	0.14048	0.01818	0.04354	0.02119	0.09228	0.02690	0.12657	0.00820	0.00694	0.00203	0.00702	0.00796	0.00417	0.00881
18	0.00806	0.00571	0.00744	0.00873	0.00914	0.00535	0.00578	0.00903	0.01214	0.01609	0.03506	0.66383	0.06894	0.08074	0.01059	0.02139	0.00397	0.01716	0.00576	0.00509
19	0.01583	0.01528	0.02638	0.06585	0.68344	0.01535	0.04311	0.01974	0.01466	0.02092	0.01216	0.01609	0.01016	0.00577	0.00644	0.00194	0.00782	0.00582	0.00319	0.01007
20	0.00927	0.00641	0.00792	0.00801	0.00854	0.00664	0.00527	0.01019	0.01033	0.01423	0.02301	0.08524	0.06102	0.45139	0.22392	0.00672	0.00881	0.00939	0.03900	0.00468
21	0.00849	0.00631	0.00710	0.00735	0.00875	0.00574	0.00521	0.01009	0.01358	0.01781	0.10124	0.19122	0.35684	0.11095	0.04623	0.00309	0.00437	0.01288	0.07739	0.00534
22	0.01240	0.01168	0.01973	0.72073	0.07965	0.01441	0.01804	0.01668	0.01301	0.01674	0.01152	0.01716	0.00870	0.00642	0.00646	0.00214	0.00857	0.00574	0.00289	0.00733
23	0.01617	0.01860	0.11278	0.02896	0.34305	0.04927	0.16828	0.04789	0.10776	0.02220	0.01416	0.01686	0.01107	0.00624	0.00663	0.00202	0.00843	0.00618	0.00373	0.00972
24	0.01382	0.01174	0.01363	0.00977	0.01549	0.00905	0.00783	0.04271	0.01404	0.02180	0.01164	0.01348	0.00962	0.00490	0.00485	0.00099	0.00487	0.00390	0.00393	0.78193
25	0.00787	0.00562	0.00750	0.00900	0.00937	0.00525	0.00600	0.00900	0.01237	0.01649	0.03561	0.76871	0.04274	0.02024	0.00825	0.00262	0.00375	0.01837	0.00600	0.00525
26	0.01013	0.00771	0.00841	0.00833	0.00877	0.04571	0.00533	0.01076	0.01009	0.01327	0.01911	0.03675	0.02099	0.56471	0.19697	0.00698	0.00911	0.00855	0.00378	0.00453
27	0.05317	0.01461	0.01762	0.04053	0.05556	0.01500	0.03989	0.30200	0.07619	0.07513	0.01545	0.01651	0.01156	0.00870	0.03992	0.00214	0.00692	0.00553	0.00529	0.19827
28	0.11654	0.04262	0.02877	0.00982	0.01285	0.04412	0.02060	0.01655	0.05298	0.08496	0.17343	0.14488	0.14982	0.01168	0.00664	0.00204	0.00476	0.00982	0.00564	0.06146

[dist]
# distance from previous block
# <min> <max>
3	6

[block]
# block no. 1 follows, 34 sequences, length 173
# corresponding to MSA columns:
# 38-210
name=unknown_B
#
# <colnr> <probs for GDERKNQSTAVLIFYWHMCP>
#	G	D	E	R	K	N	Q	S	T	A	V	L	I	F	Y	W	H	M	C	P
0	0.05989	0.04925	0.14266	0.01452	0.05605	0.03598	0.03286	0.04095	0.12473	0.20283	0.04884	0.06924	0.04919	0.00904	0.00651	0.00209	0.00642	0.03434	0.00551	0.00910
1	0.02078	0.04985	0.01808	0.01400	0.01857	0.01866	0.01139	0.40466	0.31115	0.03401	0.01962	0.01879	0.01443	0.00807	0.00641	0.00202	0.00629	0.00632	0.00635	0.01056
2	0.01632	0.01230	0.04041	0.01246	0.06985	0.00943	0.00944	0.01936	0.01462	0.15369	0.03867	0.01638	0.01252	0.00579	0.00537	0.00130	0.00525	0.00477	0.00463	0.54745
3	0.01503	0.22820	0.34191	0.01538	0.02191	0.09443	0.03726	0.02015	0.03784	0.01814	0.01195	0.01442	0.00962	0.01112	0.09356	0.00283	0.00987	0.00478	0.00304	0.00854
4	0.00836	0.00689	0.03169	0.01031	0.03471	0.00594	0.00705	0.00986	0.01273	0.01715	0.06165	0.69004	0.04124	0.01901	0.00809	0.00256	0.00404	0.01723	0.00584	0.00559
5	0.01469	0.01375	0.04259	0.08179	0.38120	0.01346	0.05726	0.02003	0.09802	0.04783	0.04140	0.10871	0.03379	0.00845	0.00678	0.00208	0.00689	0.00792	0.00427	0.00909
6	0.01293	0.01511	0.11376	0.50324	0.10519	0.01510	0.03826	0.01737	0.01297	0.01749	0.01133	0.01636	0.00873	0.00678	0.00782	0.00218	0.07901	0.00566	0.00289	0.00781
7	0.01204	0.00602	0.00602	0.00602	0.00753	0.00602	0.00452	0.01506	0.01355	0.02409	0.02108	0.02409	0.01656	0.00753	0.00452	0.00151	0.00301	0.00602	0.80879	0.00602
8	0.00969	0.00736	0.01063	0.03820	0.01232	0.00862	0.00808	0.01171	0.01039	0.01495	0.01715	0.02687	0.01653	0.14744	0.56131	0.00887	0.05399	0.00714	0.02311	0.00563
9	0.01377	0.02824	0.52473	0.02305	0.14008	0.01525	0.12299	0.02040	0.01404	0.02060	0.01190	0.01456	0.00874	0.00598	0.00640	0.00205	0.00945	0.00534	0.00288	0.00954
10	0.00787	0.00562	0.00750	0.00900	0.00937	0.00525	0.00600	0.00900	0.01237	0.01649	0.03561	0.76871	0.04274	0.02024	0.00825	0.00262	0.00375	0.01837	0.00600	0.00525
11	0.00787	0.00562	0.00750	0.00900	0.00937	0.00525	0.00600	0.00900	0.01237	0.01649	0.03561	0.76871	0.04274	0.02024	0.00825	0.00262	0.00375	0.01837	0.00600	0.00525
12	0.08021	0.05845	0.06727	0.04736	0.15014	0.28993	0.03378	0.02385	0.09803	0.05101	0.01373	0.03370	0.01114	0.00696	0.00598	0.00188	0.00869	0.00539	0.00392	0.00857
13	0.03731	0.00874	0.01353	0.07198	0.10196	0.00859	0.06210	0.01355	0.01332	0.06419	0.02842	0.47288	0.04756	0.01496	0.00757	0.00240	0.00528	0.01369	0.00528	0.00669
14	0.01607	0.01388	0.01461	0.01315	0.01680	0.01607	0.01023	0.03433	0.72094	0.02703	0.02630	0.02411	0.01972	0.00877	0.00657	0.00219	0.00511	0.00731	0.00657	0.01023
15	0.02456	0.01810	0.01939	0.01487	0.02004	0.02004	0.01228	0.71107	0.03038	0.04072	0.01551	0.01551	0.01099	0.00776	0.00646	0.00194	0.00711	0.00582	0.00646	0.01099
16	0.01220	0.01148	0.01938	0.75739	0.04450	0.01436	0.01794	0.01651	0.01292	0.01651	0.01148	0.01723	0.00861	0.00646	0.00646	0.00215	0.00861	0.00574	0.00287	0.00718
17	0.02456	0.01810	0.01939	0.01487	0.02004	0.02004	0.01228	0.71107	0.03038	0.04072	0.01551	0.01551	0.01099	0.00776	0.00646	0.00194	0.00711	0.00582	0.00646	0.01099
18	0.00940	0.00626	0.00705	0.00705	0.00705	0.00626	0.00392	0.00940	0.00940	0.01253	0.02036	0.04228	0.02349	0.77292	0.03289	0.00626	0.00626	0.00940	0.00392	0.00392
19	0.02815	0.01157	0.01525	0.01178	0.01673	0.01044	0.00970	0.07422	0.04988	0.66246	0.02490	0.02168	0.01584	0.00802	0.00650	0.00200	0.00558	0.00649	0.00784	0.01096
20	0.02774	0.01113	0.01488	0.01152	0.01636	0.00988	0.00948	0.04989	0.04140	0.66942	0.05035	0.02282	0.01758	0.00820	0.00654	0.00200	0.00544	0.00669	0.00788	0.01080
21	0.00914	0.00660	0.00864	0.00813	0.00965	0.00610	0.00610	0.01219	0.01829	0.02591	0.72921	0.04827	0.06097	0.01321	0.00762	0.00203	0.00305	0.01169	0.00711	0.00610
22	0.00792	0.00679	0.00682	0.00677	0.00900	0.00581	0.00509	0.01012	0.03858	0.01778	0.06413	0.06090	0.70600	0.01611	0.00760	0.00218	0.00333	0.01342	0.00602	0.00562
23	0.01146	0.00938	0.01495	0.10422	0.09370	0.00963	0.06047	0.01479	0.01457	0.01918	0.02779	0.07999	0.02927	0.01445	0.00825	0.00270	0.00671	0.46666	0.00511	0.00671
24	0.01304	0.03288	0.71576	0.01871	0.02816	0.01505	0.04702	0.02047	0.01370	0.02047	0.01165	0.01377	0.00824	0.00612	0.00619	0.00205	0.00959	0.00487	0.00275	0.00952
25	0.00787	0.00562	0.00750	0.00900	0.00937	0.00525	0.00600	0.00900	0.01237	0.01649	0.03561	0.76871	0.04274	0.02024	0.00825	0.00262	0.00375	0.01837	0.00600	0.00525
26	0.01558	0.03882	0.02001	0.01675	0.01736	0.11796	0.01382	0.01704	0.01112	0.01558	0.00870	0.01369	0.00845	0.01051	0.01863	0.00263	0.63791	0.00539	0.00289	0.00716
27	0.01348	0.01155	0.01343	0.00968	0.01536	0.00883	0.00773	0.01680	0.03422	0.02123	0.01192	0.01371	0.00987	0.00490	0.00484	0.00099	0.00479	0.00393	0.00391	0.78882
28	0.01296	0.03342	0.73944	0.01842	0.02797	0.01501	0.02387	0.02046	0.01364	0.02046	0.01160	0.01364	0.00818	0.00614	0.00614	0.00205	0.00955	0.00477	0.00273	0.00955
29	0.00794	0.00567	0.00758	0.00908	0.00948	0.00531	0.00612	0.00912	0.01244	0.01657	0.03557	0.74963	0.04258	0.02018	0.00827	0.00263	0.00381	0.03676	0.00600	0.00527
30	0.01220	0.01148	0.01938	0.75739	0.04450	0.01436	0.01794	0.01651	0.01292	0.01651	0.01148	0.01723	0.00861	0.00646	0.00646	0.00215	0.00861	0.00574	0.00287	0.00718
31	0.02270	0.18801	0.02165	0.01539	0.01926	0.56234	0.01217	0.05467	0.01775	0.01678	0.01002	0.01155	0.00843	0.00647	0.00550	0.00162	0.01045	0.00409	0.00335	0.00781
32	0.02098	0.00932	0.01215	0.00993	0.01349	0.00841	0.00797	0.04581	0.01817	0.41870	0.22496	0.02954	0.02871	0.00941	0.00656	0.00194	0.00453	0.00789	0.11258	0.00895
33	0.00856	0.00658	0.00783	0.00752	0.00930	0.00585	0.00564	0.01106	0.01691	0.02264	0.47262	0.05365	0.31959	0.01443	0.00763	0.00209	0.00314	0.01244	0.00668	0.00585
34	0.01316	0.00860	0.01142	0.01200	0.01414	0.00869	0.01029	0.01790	0.09905	0.10055	0.03230	0.06140	0.03274	0.01567	0.00837	0.00277	0.00580	0.53186	0.00625	0.00702
35	0.00790	0.00587	0.00737	0.00844	0.00926	0.00534	0.00578	0.00925	0.01323	0.01728	0.08470	0.57773	0.18629	0.01900	0.00808	0.00250	0.00361	0.01697	0.00607	0.00534
36	0.00940	0.00626	0.00705	0.00705	0.00705	0.00626	0.00392	0.00940	0.00940	0.01253	0.02036	0.04228	0.02349	0.77292	0.03289	0.00626	0.00626	0.00940	0.00392	0.00392
37	0.00923	0.00692	0.01038	0.01038	0.01154	0.00808	0.00808	0.01154	0.01038	0.01500	0.01731	0.02538	0.01615	0.04846	0.74732	0.01038	0.01731	0.00692	0.00346	0.00577
38	0.00787	0.00562	0.00750	0.00900	0.00937	0.00525	0.00600	0.00900	0.01237	0.01649	0.03561	0.76871	0.04274	0.02024	0.00825	0.00262	0.00375	0.01837	0.00600	0.00525
39	0.00816	0.00657	0.00727	0.00710	0.00905	0.00568	0.00532	0.01029	0.01596	0.02039	0.29589	0.05735	0.49773	0.01527	0.00763	0.00213	0.00319	0.01296	0.00639	0.00568
40	0.00787	0.00562	0.00750	0.00900	0.00937	0.00525	0.00600	0.00900	0.01237	0.01649	0.03561	0.76871	0.04274	0.02024	0.00825	0.00262	0.00375	0.01837	0.00600	0.00525
41	0.01220	0.01148	0.01938	0.75739	0.04450	0.01436	0.01794	0.01651	0.01292	0.01651	0.01148	0.01723	0.00861	0.00646	0.00646	0.00215	0.00861	0.00574	0.00287	0.00718
42	0.02899	0.01100	0.01499	0.01150	0.01649	0.00950	0.00950	0.03149	0.01849	0.73709	0.02549	0.02199	0.01599	0.00800	0.00650	0.00200	0.00550	0.00650	0.00800	0.01100
43	0.00787	0.00562	0.00750	0.00900	0.00937	0.00525	0.00600	0.00900	0.01237	0.01649	0.03561	0.76871	0.04274	0.02024	0.00825	0.00262	0.00375	0.01837	0.00600	0.00525
44	0.01727	0.77681	0.03386	0.01106	0.01658	0.02557	0.01106	0.01935	0.01313	0.01520	0.00898	0.01036	0.00829	0.00553	0.00415	0.00138	0.00691	0.00345	0.00276	0.00829
45	0.01607	0.01388	0.01461	0.01315	0.01680	0.01607	0.01023	0.03433	0.72094	0.02703	0.02630	0.02411	0.01972	0.00877	0.00657	0.00219	0.00511	0.00731	0.00657	0.01023
46	0.00879	0.00665	0.00815	0.00795	0.00966	0.00601	0.00607	0.01142	0.01698	0.02291	0.48015	0.05425	0.25714	0.01449	0.00772	0.00215	0.00333	0.06357	0.00670	0.00590
47	0.01296	0.03342	0.73944	0.01842	0.02797	0.01501	0.02387	0.02046	0.01364	0.02046	0.01160	0.01364	0.00818	0.00614	0.00614	0.00205	0.00955	0.00477	0.00273	0.00955
48	0.01727	0.77681	0.03386	0.01106	0.01658	0.02557	0.01106	0.01935	0.01313	0.01520	0.00898	0.01036	0.00829	0.00553	0.00415	0.00138	0.00691	0.00345	0.00276	0.00829
49	0.01727	0.77681	0.03386	0.01106	0.01658	0.02557	0.01106	0.01935	0.01313	0.01520	0.00898	0.01036	0.00829	0.00553	0.00415	0.00138	0.00691	0.00345	0.00276	0.00829
50	0.01041	0.00744	0.01041	0.01190	0.01339	0.00744	0.01041	0.01339	0.01487	0.01934	0.03421	0.07288	0.03719	0.01785	0.00892	0.00297	0.00595	0.68913	0.00595	0.00595
51	0.01901	0.01534	0.01626	0.01374	0.01792	0.01744	0.01094	0.26820	0.48230	0.03176	0.02257	0.02114	0.01671	0.00842	0.00654	0.00210	0.00580	0.00679	0.00654	0.01049
52	0.00766	0.00645	0.00665	0.00681	0.00880	0.00543	0.00503	0.00924	0.01447	0.01735	0.06223	0.13864	0.65563	0.01678	0.00770	0.00223	0.00332	0.01415	0.00600	0.00543
53	0.01777	0.46571	0.19928	0.01340	0.01970	0.06803	0.01418	0.05800	0.01483	0.06040	0.01099	0.01219	0.00887	0.00601	0.00499	0.00162	0.00777	0.00412	0.00330	0.00884
54	0.01437	0.04197	0.04166	0.01209	0.01633	0.01312	0.01017	0.05297	0.09184	0.02150	0.04117	0.01612	0.01248	0.00715	0.00865	0.00163	0.16371	0.00503	0.00410	0.42393
55	0.01695	0.21886	0.13592	0.02416	0.25658	0.01828	0.11342	0.07597	0.01561	0.04787	0.01213	0.01455	0.00963	0.00596	0.00595	0.00184	0.00808	0.00530	0.00347	0.00950
56	0.00866	0.00849	0.06907	0.00894	0.01088	0.00639	0.00728	0.01106	0.01495	0.02012	0.26652	0.30795	0.20394	0.01587	0.00773	0.00228	0.00390	0.01396	0.00609	0.00593
57	0.01599	0.01535	0.02623	0.03966	0.73262	0.01535	0.01983	0.01983	0.01471	0.02111	0.01215	0.01599	0.01023	0.00576	0.00640	0.00192	0.00768	0.00576	0.00320	0.01023
58	0.00863	0.00661	0.00793	0.00767	0.00944	0.00591	0.00581	0.01116	0.01686	0.02257	0.46055	0.05424	0.30699	0.01453	0.00767	0.00212	0.00323	0.03557	0.00666	0.00585
59	0.01574	0.12985	0.04300	0.04596	0.14520	0.05748	0.01185	0.06280	0.01497	0.02094	0.01140	0.01359	0.00943	0.00548	0.00526	0.00138	0.00648	0.00437	0.00362	0.39120
60	0.00805	0.00579	0.00763	0.00880	0.00939	0.00537	0.00598	0.00946	0.01328	0.01786	0.13499	0.64561	0.06554	0.01913	0.00814	0.00253	0.00364	0.01728	0.00616	0.00537
61	0.00787	0.00562	0.00750	0.00900	0.00937	0.00525	0.00600	0.00900	0.01237	0.01649	0.03561	0.76871	0.04274	0.02024	0.00825	0.00262	0.00375	0.01837	0.00600	0.00525
62	0.01278	0.01314	0.04831	0.67280	0.07342	0.03768	0.01809	0.01711	0.01320	0.01685	0.01147	0.01685	0.00866	0.00642	0.00642	0.00212	0.00871	0.00565	0.00289	0.00742
63	0.04457	0.14576	0.36456	0.01602	0.02249	0.06498	0.01757	0.09099	0.04588	0.02140	0.01166	0.01359	0.00899	0.00696	0.00757	0.00200	0.09782	0.00480	0.00338	0.00901
64	0.00940	0.00626	0.00705	0.00705	0.00705	0.00626	0.00392	0.00940	0.00940	0.01253	0.02036	0.04228	0.02349	0.77292	0.03289	0.00626	0.00626	0.00940	0.00392	0.00392
65	0.01616	0.42326	0.02568	0.01246	0.01587	0.02053	0.01126	0.01796	0.01219	0.06161	0.01088	0.01399	0.00977	0.01231	0.08863	0.02896	0.20293	0.00466	0.00319	0.00770
66	0.04942	0.02271	0.28327	0.04509	0.11248	0.01678	0.07872	0.24386	0.03897	0.02750	0.01336	0.01516	0.00978	0.00663	0.00634	0.00201	0.00831	0.00554	0.00420	0.00986
67	0.01599	0.01535	0.02623	0.03966	0.73262	0.01535	0.01983	0.01983	0.01471	0.02111	0.01215	0.01599	0.01023	0.00576	0.00640	0.00192	0.00768	0.00576	0.00320	0.01023
68	0.00787	0.00562	0.00750	0.00900	0.00937	0.00525	0.00600	0.00900	0.01237	0.01649	0.03561	0.76871	0.04274	0.02024	0.00825	0.00262	0.00375	0.01837	0.00600	0.00525
69	0.01583	0.47039	0.06950	0.01308	0.05478	0.04715	0.01146	0.05844	0.01431	0.01761	0.01484	0.15673	0.01516	0.00857	0.00537	0.00173	0.00669	0.00669	0.00364	0.00802
70	0.01026	0.00786	0.00947	0.01011	0.01137	0.00812	0.00714	0.04071	0.16511	0.01966	0.03286	0.58072	0.03661	0.01731	0.00782	0.00251	0.00417	0.01552	0.00614	0.00653
71	0.01532	0.15771	0.18850	0.03642	0.08656	0.03528	0.07779	0.05249	0.15382	0.02119	0.01582	0.06496	0.01324	0.00755	0.00651	0.00197	0.02590	0.00632	0.00401	0.02863
72	0.01699	0.38742	0.16910	0.01742	0.12720	0.04073	0.01501	0.08121	0.05325	0.02002	0.01151	0.01309	0.00942	0.00608	0.00526	0.00169	0.00760	0.00450	0.00337	0.00915
73	0.01122	0.00561	0.00842	0.00842	0.00842	0.00561	0.00561	0.00842	0.00842	0.01122	0.01122	0.01964	0.01122	0.02245	0.02525	0.81201	0.00561	0.00561	0.00281	0.00281
74	0.02384	0.01903	0.01905	0.03328	0.02043	0.09818	0.01234	0.60280	0.02816	0.03680	0.01486	0.01538	0.01077	0.00860	0.02446	0.00212	0.00789	0.00566	0.00596	0.01039
75	0.00939	0.00629	0.00719	0.00719	0.00725	0.00634	0.00410	0.00949	0.00944	0.01264	0.02022	0.04154	0.02317	0.74096	0.06440	0.00645	0.00675	0.00929	0.00390	0.00400
76	0.01806	0.54474	0.05231	0.01359	0.04908	0.13686	0.01202	0.02155	0.06778	0.01663	0.01068	0.01196	0.00925	0.00598	0.00476	0.00153	0.00763	0.00400	0.00316	0.00844
77	0.81856	0.01250	0.00950	0.00850	0.01250	0.01449	0.00700	0.01899	0.01100	0.02899	0.00900	0.01050	0.00700	0.00600	0.00400	0.00200	0.00500	0.00350	0.00400	0.00700
78	0.02414	0.03079	0.01831	0.01665	0.01998	0.74698	0.01248	0.02580	0.01831	0.01581	0.00999	0.01165	0.00832	0.00666	0.00583	0.00166	0.01165	0.00416	0.00333	0.00749
79	0.25844	0.03641	0.01531	0.01165	0.01643	0.01472	0.00968	0.23888	0.01984	0.29168	0.01707	0.01627	0.01157	0.00726	0.00569	0.00196	0.00590	0.00532	0.00619	0.00974
80	0.01317	0.01435	0.11062	0.01282	0.06888	0.00975	0.01056	0.01663	0.01354	0.02072	0.01409	0.03772	0.03475	0.00589	0.00528	0.00126	0.00555	0.00486	0.00377	0.59577
81	0.05356	0.21630	0.04954	0.01539	0.04036	0.23090	0.06060	0.02542	0.20658	0.01994	0.01445	0.01525	0.01150	0.00678	0.00567	0.00181	0.00812	0.00511	0.00406	0.00866
82	0.01237	0.02908	0.62055	0.01684	0.02508	0.01359	0.02109	0.01915	0.01431	0.02118	0.11086	0.01990	0.01618	0.00741	0.00641	0.00207	0.00856	0.02298	0.00341	0.00898
83	0.01583	0.01518	0.02593	0.07097	0.70260	0.01531	0.01975	0.01968	0.01463	0.02091	0.01212	0.01605	0.01016	0.00579	0.00640	0.00193	0.00772	0.00576	0.00318	0.01010
84	0.01692	0.74323	0.03283	0.01103	0.01636	0.02480	0.01093	0.01901	0.01301	0.01519	0.00935	0.01102	0.00863	0.00740	0.03656	0.00177	0.00736	0.00361	0.00279	0.00818
85	0.01220	0.01148	0.01938	0.75739	0.04450	0.01436	0.01794	0.01651	0.01292	0.01651	0.01148	0.01723	0.00861	0.00646	0.00646	0.00215	0.00861	0.00574	0.00287	0.00718
86	0.01922	0.15465	0.01721	0.01127	0.03388	0.01181	0.03910	0.02194	0.01607	0.29203	0.10800	0.02423	0.04623	0.00813	0.00589	0.00178	0.00523	0.00669	0.14203	0.03462
87	0.00914	0.00660	0.00864	0.00813	0.00965	0.00610	0.00610	0.01219	0.01829	0.02591	0.72921	0.04827	0.06097	0.01321	0.00762	0.00203	0.00305	0.01169	0.00711	0.00610
88	0.00787	0.00562	0.00750	0.00900	0.00937	0.00525	0.00600	0.00900	0.01237	0.01649	0.03561	0.76871	0.04274	0.02024	0.00825	0.00262	0.00375	0.01837	0.00600	0.00525
89	0.01054	0.00808	0.00984	0.00920	0.01113	0.00814	0.00695	0.01668	0.16374	0.02584	0.56109	0.06655	0.05183	0.01252	0.00742	0.00208	0.00350	0.01099	0.00697	0.00693
90	0.01432	0.23090	0.50249	0.01789	0.07270	0.01785	0.02017	0.02012	0.01358	0.01910	0.01093	0.01293	0.00835	0.00595	0.00562	0.00186	0.00872	0.00449	0.00277	0.00926
91	0.00940	0.00626	0.00705	0.00705	0.00705	0.00626	0.00392	0.00940	0.00940	0.01253	0.02036	0.04228	0.02349	0.77292	0.03289	0.00626	0.00626	0.00940	0.00392	0.00392
92	0.01630	0.07457	0.10220	0.01214	0.01789	0.08090	0.01092	0.08169	0.05821	0.04519	0.01287	0.01415	0.01014	0.00579	0.00531	0.00138	0.00640	0.00442	0.00411	0.43543
93	0.01536	0.00984	0.01047	0.00928	0.01179	0.03346	0.00726	0.14161	0.05515	0.06773	0.07502	0.02405	0.01885	0.01241	0.08392	0.00263	0.00580	0.00656	0.40136	0.00746
94	0.00764	0.00655	0.00655	0.00655	0.00873	0.00545	0.00491	0.00927	0.01473	0.01745	0.06546	0.06218	0.73000	0.01636	0.00764	0.00218	0.00327	0.01364	0.00600	0.00545
95	0.00787	0.00562	0.00750	0.00900	0.00937	0.00525	0.00600	0.00900	0.01237	0.01649	0.03561	0.76871	0.04274	0.02024	0.00825	0.00262	0.00375	0.01837	0.00600	0.00525
96	0.03829	0.01360	0.04023	0.15835	0.22517	0.03230	0.01495	0.01742	0.01323	0.05693	0.01820	0.02156	0.09522	0.01010	0.03535	0.00251	0.18827	0.00661	0.00366	0.00805
97	0.01296	0.03342	0.73944	0.01842	0.02797	0.01501	0.02387	0.02046	0.01364	0.02046	0.01160	0.01364	0.00818	0.00614	0.00614	0.00205	0.00955	0.00477	0.00273	0.00955
98	0.00908	0.00648	0.00873	0.00896	0.00958	0.00698	0.00625	0.01037	0.01034	0.01434	0.02127	0.14763	0.02296	0.30572	0.37380	0.00768	0.01120	0.00960	0.00402	0.00502
99	0.01414	0.01414	0.01979	0.01696	0.01696	0.01979	0.01414	0.01555	0.00990	0.01555	0.00848	0.01414	0.00848	0.01131	0.02120	0.00283	0.76110	0.00565	0.00283	0.00707
100	0.01714	0.01652	0.02453	0.07490	0.46182	0.09954	0.07705	0.02065	0.01506	0.06247	0.01324	0.03626	0.01104	0.00660	0.00702	0.00198	0.03512	0.00611	0.00355	0.00940
101	0.00792	0.00566	0.00754	0.00897	0.00938	0.00528	0.00600	0.00910	0.01257	0.01681	0.05904	0.74437	0.04335	0.02001	0.00823	0.00260	0.00373	0.01814	0.00604	0.00528
102	0.01622	0.01576	0.02444	0.10996	0.57940	0.05830	0.01872	0.04188	0.01525	0.02091	0.01262	0.01729	0.01066	0.00625	0.00644	0.00196	0.00794	0.02297	0.00335	0.00968
103	0.01546	0.03638	0.01540	0.01257	0.08078	0.00987	0.00907	0.01835	0.01407	0.09898	0.01299	0.01447	0.01029	0.00525	0.00510	0.00117	0.00519	0.00428	0.00419	0.62613
104	0.01576	0.09969	0.51482	0.01784	0.04817	0.01571	0.04614	0.05198	0.01494	0.09685	0.01307	0.01452	0.00927	0.00631	0.00607	0.00197	0.00875	0.00502	0.00349	0.00964
105	0.00923	0.00692	0.01038	0.01038	0.01154	0.00808	0.00808	0.01154	0.01038	0.01500	0.01731	0.02538	0.01615	0.04846	0.74732	0.01038	0.01731	0.00692	0.00346	0.00577
106	0.01476	0.01621	0.03423	0.12603	0.05689	0.01573	0.57184	0.01993	0.01487	0.02025	0.01307	0.01756	0.00986	0.00566	0.00733	0.00215	0.01024	0.00726	0.02767	0.00847
107	0.01665	0.18790	0.09237	0.10335	0.20241	0.06758	0.08035	0.04460	0.01500	0.06187	0.01361	0.06130	0.01163	0.00695	0.00607	0.00189	0.00797	0.00604	0.00361	0.00883
108	0.00893	0.00660	0.00834	0.00791	0.00952	0.00601	0.00593	0.01178	0.01779	0.02472	0.63551	0.05023	0.15541	0.01365	0.00762	0.00205	0.00308	0.01196	0.00696	0.00601
109	0.00769	0.00655	0.00662	0.00661	0.00876	0.00548	0.00495	0.00938	0.01486	0.01777	0.09038	0.06166	0.70487	0.01625	0.00764	0.00218	0.00326	0.01356	0.00604	0.00548
110	0.01584	0.01468	0.02489	0.03276	0.51974	0.01455	0.09563	0.04439	0.03330	0.04248	0.04319	0.02045	0.05492	0.00684	0.00666	0.00198	0.00746	0.00672	0.00386	0.00967
111	0.01412	0.23397	0.39386	0.08824	0.07506	0.01749	0.01871	0.01937	0.01371	0.01892	0.04221	0.01476	0.01070	0.00628	0.00570	0.00186	0.00832	0.00487	0.00298	0.00887
112	0.00776	0.00657	0.00672	0.00675	0.00889	0.00553	0.00510	0.00949	0.01485	0.01780	0.08729	0.06200	0.68812	0.01630	0.00767	0.00220	0.00334	0.03209	0.00604	0.00549
113	0.01607	0.01388	0.01461	0.01315	0.01680	0.01607	0.01023	0.03433	0.72094	0.02703	0.02630	0.02411	0.01972	0.00877	0.00657	0.00219	0.00511	0.00731	0.00657	0.01023
114	0.08210	0.06497	0.11422	0.12862	0.23772	0.05720	0.01665	0.01864	0.01319	0.01923	0.01141	0.01628	0.00977	0.00742	0.00893	0.00214	0.15279	0.02715	0.00315	0.00842
115	0.01508	0.01889	0.17113	0.03344	0.51193	0.01506	0.07589	0.01971	0.01447	0.02081	0.01281	0.03801	0.01075	0.00624	0.00650	0.00199	0.00820	0.00608	0.00319	0.00982
116	0.01041	0.00744	0.01041	0.01190	0.01339	0.00744	0.01041	0.01339	0.01487	0.01934	0.03421	0.07288	0.03719	0.01785	0.00892	0.00297	0.00595	0.68913	0.00595	0.00595
117	0.75269	0.01237	0.00996	0.00875	0.01283	0.01408	0.00721	0.02004	0.01162	0.08806	0.01037	0.01146	0.00775	0.00616	0.00421	0.00200	0.00504	0.00375	0.00433	0.00733
118	0.02223	0.02763	0.01841	0.01720	0.04784	0.62976	0.03432	0.02406	0.01733	0.01600	0.01095	0.01396	0.00946	0.04221	0.03944	0.00227	0.01148	0.00469	0.00335	0.00741
119	0.81856	0.01250	0.00950	0.00850	0.01250	0.01449	0.00700	0.01899	0.01100	0.02899	0.00900	0.01050	0.00700	0.00600	0.00400	0.00200	0.00500	0.00350	0.00400	0.00700
120	0.01041	0.00744	0.01041	0.01190	0.01339	0.00744	0.01041	0.01339	0.01487	0.01934	0.03421	0.07288	0.03719	0.01785	0.00892	0.00297	0.00595	0.68913	0.00595	0.00595
121	0.02737	0.01100	0.01473	0.01140	0.01616	0.00972	0.00938	0.06009	0.01900	0.65549	0.07540	0.02359	0.01899	0.00836	0.00658	0.00200	0.00539	0.00684	0.00787	0.01065
122	0.01779	0.55384	0.06156	0.01455	0.07763	0.04639	0.01263	0.08735	0.01502	0.01846	0.01002	0.01167	0.00872	0.00604	0.00534	0.00157	0.03548	0.00404	0.00318	0.00870
123	0.00923	0.00692	0.01038	0.01038	0.01154	0.00808	0.00808	0.01154	0.01038	0.01500	0.01731	0.02538	0.01615	0.04846	0.74732	0.01038	0.01731	0.00692	0.00346	0.00577
124	0.00779	0.00655	0.00676	0.00671	0.00882	0.00552	0.00503	0.00958	0.01510	0.01833	0.13441	0.06074	0.66049	0.01604	0.00763	0.00217	0.00325	0.01343	0.00612	0.00552
125	0.00879	0.00845	0.06293	0.01072	0.01225	0.00670	0.04651	0.01076	0.01295	0.01740	0.04988	0.59989	0.06206	0.01798	0.00805	0.00254	0.00463	0.04605	0.00563	0.00581
126	0.01727	0.77681	0.03386	0.01106	0.01658	0.02557	0.01106	0.01935	0.01313	0.01520	0.00898	0.01036	0.00829	0.00553	0.00415	0.00138	0.00691	0.00345	0.00276	0.00829
127	0.01371	0.05135	0.69275	0.01795	0.02722	0.01505	0.02298	0.02087	0.01382	0.04886	0.01208	0.01389	0.00850	0.00620	0.00610	0.00203	0.00932	0.00481	0.00294	0.00957
128	0.02033	0.02617	0.09431	0.02166	0.11209	0.42055	0.14807	0.04531	0.01720	0.01866	0.01118	0.01362	0.00892	0.00630	0.00629	0.00184	0.01066	0.00514	0.00334	0.00838
129	0.00938	0.00634	0.00744	0.00744	0.00758	0.00648	0.00441	0.00965	0.00951	0.01282	0.02000	0.04028	0.02262	0.68697	0.11765	0.00675	0.00757	0.00910	0.00386	0.00414
130	0.02311	0.02905	0.01974	0.01735	0.02095	0.65958	0.06799	0.02573	0.04604	0.01665	0.01088	0.01261	0.00889	0.00665	0.00600	0.00173	0.01133	0.00456	0.00345	0.00770
131	0.00868	0.00662	0.00944	0.03955	0.06841	0.00640	0.00755	0.01014	0.01258	0.01686	0.03283	0.68042	0.03886	0.01857	0.00803	0.00255	0.00424	0.01689	0.00566	0.00572
132	0.02263	0.08819	0.04799	0.01681	0.02090	0.55768	0.05763	0.07902	0.01848	0.01823	0.01060	0.01230	0.00862	0.00656	0.00587	0.00171	0.01079	0.00448	0.00351	0.00799
133	0.81856	0.01250	0.00950	0.00850	0.01250	0.01449	0.00700	0.01899	0.01100	0.02899	0.00900	0.01050	0.00700	0.00600	0.00400	0.00200	0.00500	0.00350	0.00400	0.00700
134	0.00855	0.00627	0.00802	0.00823	0.00945	0.00574	0.00592	0.01080	0.01592	0.02181	0.42227	0.28780	0.13346	0.01590	0.00783	0.00225	0.00331	0.01412	0.00661	0.00574
135	0.01603	0.05362	0.19431	0.02206	0.02884	0.01615	0.40225	0.08834	0.01631	0.05074	0.01405	0.04163	0.01084	0.00644	0.00700	0.00210	0.00959	0.00693	0.00372	0.00908
136	0.01631	0.01400	0.01474	0.01320	0.01689	0.01618	0.01028	0.05326	0.70164	0.02741	0.02600	0.02387	0.01948	0.00874	0.00657	0.00218	0.00517	0.00726	0.00657	0.01025
137	0.00856	0.00655	0.00784	0.00759	0.00931	0.00584	0.00567	0.01103	0.01680	0.02253	0.46545	0.07899	0.30122	0.01460	0.00765	0.00211	0.00315	0.01263	0.00667	0.00584
138	0.01747	0.01534	0.04206	0.03039	0.43442	0.01548	0.08214	0.04111	0.01497	0.11131	0.01348	0.01654	0.01064	0.00689	0.00868	0.00209	0.11742	0.00599	0.00384	0.00973
139	0.01679	0.68283	0.09087	0.01191	0.01753	0.02445	0.01224	0.01927	0.01303	0.01565	0.00917	0.01080	0.00829	0.00583	0.00505	0.00150	0.04002	0.00366	0.00276	0.00834
140	0.00923	0.00692	0.01038	0.01038	0.01154	0.00808	0.00808	0.01154	0.01038	0.01500	0.01731	0.02538	0.01615	0.04846	0.74732	0.01038	0.01731	0.00692	0.00346	0.00577
141	0.01759	0.74228	0.03314	0.01131	0.01674	0.05895	0.01112	0.01965	0.01337	0.01523	0.00903	0.01042	0.00829	0.00558	0.00422	0.00140	0.00713	0.00349	0.00279	0.00825
142	0.00960	0.00751	0.01074	0.06190	0.08183	0.00749	0.00870	0.01216	0.03636	0.01867	0.11361	0.46848	0.03823	0.01650	0.00789	0.00248	0.00463	0.08138	0.00567	0.00619
143	0.00923	0.00692	0.01038	0.01038	0.01154	0.00808	0.00808	0.01154	0.01038	0.01500	0.01731	0.02538	0.01615	0.04846	0.74732	0.01038	0.01731	0.00692	0.00346	0.00577
144	0.01204	0.00602	0.00602	0.00602	0.00753	0.00602	0.00452	0.01506	0.01355	0.02409	0.02108	0.02409	0.01656	0.00753	0.00452	0.00151	0.00301	0.00602	0.80879	0.00602
145	0.01414	0.01414	0.01979	0.01696	0.01696	0.01979	0.01414	0.01555	0.00990	0.01555	0.00848	0.01414	0.00848	0.01131	0.02120	0.00283	0.76110	0.00565	0.00283	0.00707
146	0.00923	0.00692	0.01038	0.01038	0.01154	0.00808	0.00808	0.01154	0.01038	0.01500	0.01731	0.02538	0.01615	0.04846	0.74732	0.01038	0.01731	0.00692	0.00346	0.00577
147	0.00914	0.00660	0.00864	0.00813	0.00965	0.00610	0.00610	0.01219	0.01829	0.02591	0.72921	0.04827	0.06097	0.01321	0.00762	0.00203	0.00305	0.01169	0.00711	0.00610
148	0.02899	0.01100	0.01499	0.01150	0.01649	0.00950	0.00950	0.03149	0.01849	0.73709	0.02549	0.02199	0.01599	0.00800	0.00650	0.00200	0.00550	0.00650	0.00800	0.01100
149	0.81856	0.01250	0.00950	0.00850	0.01250	0.01449	0.00700	0.01899	0.01100	0.02899	0.00900	0.01050	0.00700	0.00600	0.00400	0.00200	0.00500	0.00350	0.00400	0.00700
150	0.00793	0.00567	0.00755	0.00895	0.00939	0.00529	0.00600	0.00915	0.01266	0.01695	0.06933	0.73369	0.04362	0.01990	0.00822	0.00260	0.00371	0.01804	0.00605	0.00529
151	0.00914	0.00660	0.00864	0.00813	0.00965	0.00610	0.00610	0.01219	0.01829	0.02591	0.72921	0.04827	0.06097	0.01321	0.00762	0.00203	0.00305	0.01169	0.00711	0.00610
152	0.81856	0.01250	0.00950	0.00850	0.01250	0.01449	0.00700	0.01899	0.01100	0.02899	0.00900	0.01050	0.00700	0.00600	0.00400	0.00200	0.00500	0.00350	0.00400	0.00700
153	0.01665	0.69023	0.09018	0.01155	0.01727	0.02404	0.01193	0.01919	0.01335	0.01599	0.03382	0.01193	0.01008	0.00584	0.00443	0.00146	0.00699	0.00384	0.00291	0.00832
154	0.81856	0.01250	0.00950	0.00850	0.01250	0.01449	0.00700	0.01899	0.01100	0.02899	0.00900	0.01050	0.00700	0.00600	0.00400	0.00200	0.00500	0.00350	0.00400	0.00700
155	0.00787	0.00562	0.00750	0.00900	0.00937	0.00525	0.00600	0.00900	0.01237	0.01649	0.03561	0.76871	0.04274	0.02024	0.00825	0.00262	0.00375	0.01837	0.00600	0.00525
156	0.01607	0.01388	0.01461	0.01315	0.01680	0.01607	0.01023	0.03433	0.72094	0.02703	0.02630	0.02411	0.01972	0.00877	0.00657	0.00219	0.00511	0.00731	0.00657	0.01023
157	0.01423	0.01670	0.07988	0.19097	0.03328	0.01631	0.40007	0.01896	0.01380	0.01896	0.01192	0.01663	0.00922	0.00661	0.00930	0.00226	0.12296	0.00670	0.00307	0.00818
158	0.00818	0.00584	0.00785	0.00935	0.00986	0.00552	0.00654	0.00953	0.01268	0.01684	0.03544	0.68387	0.04206	0.01995	0.00833	0.00267	0.00402	0.10015	0.00599	0.00533
159	0.00819	0.00675	0.00721	0.00743	0.00934	0.00597	0.00554	0.01043	0.04082	0.01767	0.05717	0.14943	0.55696	0.03740	0.00844	0.00240	0.00364	0.05367	0.00596	0.00559
160	0.00925	0.00687	0.00867	0.00824	0.00990	0.00640	0.00623	0.01266	0.04154	0.02485	0.61422	0.04965	0.13071	0.01353	0.00762	0.00208	0.00323	0.03124	0.00694	0.00616
161	0.00860	0.00760	0.03593	0.01011	0.02990	0.00678	0.00731	0.01022	0.01276	0.01685	0.03818	0.49751	0.18312	0.01944	0.04462	0.00288	0.04162	0.01534	0.00552	0.00570
162	0.02899	0.01100	0.01499	0.01150	0.01649	0.00950	0.00950	0.03149	0.01849	0.73709	0.02549	0.02199	0.01599	0.00800	0.00650	0.00200	0.00550	0.00650	0.00800	0.01100
163	0.26854	0.05240	0.04496	0.07609	0.17889	0.19958	0.05318	0.02087	0.01424	0.02158	0.01046	0.01303	0.00843	0.00610	0.00547	0.00189	0.00813	0.00462	0.00342	0.00810
164	0.00940	0.00626	0.00705	0.00705	0.00705	0.00626	0.00392	0.00940	0.00940	0.01253	0.02036	0.04228	0.02349	0.77292	0.03289	0.00626	0.00626	0.00940	0.00392	0.00392
165	0.46023	0.01249	0.01240	0.01017	0.01464	0.01322	0.00839	0.08873	0.01552	0.28432	0.01553	0.01510	0.01060	0.00688	0.00513	0.00199	0.00538	0.00479	0.00567	0.00881
166	0.02098	0.04277	0.04507	0.01431	0.01909	0.10452	0.01188	0.36637	0.19963	0.03146	0.01694	0.01683	0.01258	0.00755	0.00622	0.00189	0.00708	0.00575	0.00569	0.06339
167	0.01540	0.04126	0.16179	0.01951	0.15640	0.05540	0.05622	0.06871	0.01511	0.02145	0.01239	0.01611	0.01025	0.00648	0.00694	0.00174	0.05874	0.02690	0.00359	0.24562
168	0.04206	0.41945	0.09617	0.01315	0.01865	0.04538	0.01267	0.21349	0.01800	0.02329	0.01108	0.01230	0.00901	0.00647	0.00565	0.00168	0.03423	0.00435	0.00385	0.00906
169	0.00786	0.00566	0.00746	0.00891	0.00935	0.00526	0.00596	0.00901	0.01246	0.01653	0.03673	0.74227	0.06845	0.02010	0.00822	0.00261	0.00373	0.01819	0.00600	0.00526
170	0.03258	0.03610	0.01123	0.01016	0.01186	0.00875	0.00800	0.01320	0.01140	0.06591	0.02083	0.05288	0.05860	0.03999	0.57789	0.00848	0.01445	0.00748	0.00401	0.00622
171	0.01769	0.16875	0.18689	0.01523	0.04030	0.06273	0.03174	0.13704	0.07786	0.07699	0.01529	0.04885	0.01234	0.00972	0.04636	0.00238	0.03055	0.00584	0.00434	0.00912
172	0.08011	0.11986	0.31870	0.03703	0.02295	0.17746	0.03760	0.04875	0.01521	0.04278	0.01212	0.03736	0.00967	0.00673	0.00580	0.00190	0.00893	0.00502	0.00341	0.00861

[dist]
# distance from previous block
# <min> <max>
0	5

[block]
# block no. 2 follows, 34 sequences, length 41
# corresponding to MSA columns:
# 216-256
name=unknown_C
#
# <colnr> <probs for GDERKNQSTAVLIFYWHMCP>
#	G	D	E	R	K	N	Q	S	T	A	V	L	I	F	Y	W	H	M	C	P
0	0.03578	0.01648	0.15690	0.03115	0.01825	0.04361	0.01178	0.07864	0.08028	0.09428	0.07121	0.07209	0.01749	0.02943	0.00685	0.00191	0.00626	0.00660	0.00487	0.21614
1	0.05022	0.05482	0.09683	0.02284	0.06313	0.01643	0.40946	0.03795	0.01452	0.02083	0.01201	0.01570	0.00936	0.00615	0.00822	0.00208	0.08448	0.00637	0.00330	0.06529
2	0.00957	0.00702	0.00888	0.00970	0.01062	0.00710	0.00677	0.03658	0.08958	0.01818	0.03189	0.59040	0.03638	0.02011	0.04687	0.03826	0.00480	0.01558	0.00581	0.00591
3	0.00948	0.00688	0.00920	0.00910	0.00969	0.00766	0.00640	0.01071	0.00992	0.01390	0.01838	0.03266	0.01922	0.37589	0.39785	0.00825	0.03821	0.00800	0.00365	0.00497
4	0.01296	0.03342	0.73944	0.01842	0.02797	0.01501	0.02387	0.02046	0.01364	0.02046	0.01160	0.01364	0.00818	0.00614	0.00614	0.00205	0.00955	0.00477	0.00273	0.00955
5	0.04949	0.07584	0.02018	0.01437	0.01953	0.02028	0.01202	0.63605	0.02844	0.03840	0.01481	0.01496	0.01065	0.00753	0.00621	0.00190	0.00703	0.00556	0.00610	0.01065
6	0.01041	0.00744	0.01041	0.01190	0.01339	0.00744	0.01041	0.01339	0.01487	0.01934	0.03421	0.07288	0.03719	0.01785	0.00892	0.00297	0.00595	0.68913	0.00595	0.00595
7	0.81856	0.01250	0.00950	0.00850	0.01250	0.01449	0.00700	0.01899	0.01100	0.02899	0.00900	0.01050	0.00700	0.00600	0.00400	0.00200	0.00500	0.00350	0.00400	0.00700
8	0.00787	0.00562	0.00750	0.00900	0.00937	0.00525	0.00600	0.00900	0.01237	0.01649	0.03561	0.76871	0.04274	0.02024	0.00825	0.00262	0.00375	0.01837	0.00600	0.00525
9	0.00940	0.00626	0.00705	0.00705	0.00705	0.00626	0.00392	0.00940	0.00940	0.01253	0.02036	0.04228	0.02349	0.77292	0.03289	0.00626	0.00626	0.00940	0.00392	0.00392
10	0.00787	0.00562	0.00750	0.00900	0.00937	0.00525	0.00600	0.00900	0.01237	0.01649	0.03561	0.76871	0.04274	0.02024	0.00825	0.00262	0.00375	0.01837	0.00600	0.00525
11	0.01525	0.01743	0.03813	0.02723	0.03377	0.01634	0.70915	0.02070	0.01525	0.02070	0.01307	0.01743	0.00980	0.00545	0.00763	0.00218	0.01089	0.00763	0.00327	0.00871
12	0.01599	0.01535	0.02623	0.03966	0.73262	0.01535	0.01983	0.01983	0.01471	0.02111	0.01215	0.01599	0.01023	0.00576	0.00640	0.00192	0.00768	0.00576	0.00320	0.01023
13	0.01607	0.01388	0.01461	0.01315	0.01680	0.01607	0.01023	0.03433	0.72094	0.02703	0.02630	0.02411	0.01972	0.00877	0.00657	0.00219	0.00511	0.00731	0.00657	0.01023
14	0.02414	0.03079	0.01831	0.01665	0.01998	0.74698	0.01248	0.02580	0.01831	0.01581	0.00999	0.01165	0.00832	0.00666	0.00583	0.00166	0.01165	0.00416	0.00333	0.00749
15	0.00764	0.00655	0.00655	0.00655	0.00873	0.00545	0.00491	0.00927	0.01473	0.01745	0.06546	0.06218	0.73000	0.01636	0.00764	0.00218	0.00327	0.01364	0.00600	0.00545
16	0.00764	0.00655	0.00655	0.00655	0.00873	0.00545	0.00491	0.00927	0.01473	0.01745	0.06546	0.06218	0.73000	0.01636	0.00764	0.00218	0.00327	0.01364	0.00600	0.00545
17	0.01220	0.01148	0.01938	0.75739	0.04450	0.01436	0.01794	0.01651	0.01292	0.01651	0.01148	0.01723	0.00861	0.00646	0.00646	0.00215	0.00861	0.00574	0.00287	0.00718
18	0.01727	0.77681	0.03386	0.01106	0.01658	0.02557	0.01106	0.01935	0.01313	0.01520	0.00898	0.01036	0.00829	0.00553	0.00415	0.00138	0.00691	0.00345	0.00276	0.00829
19	0.00923	0.00692	0.01038	0.01038	0.01154	0.00808	0.00808	0.01154	0.01038	0.01500	0.01731	0.02538	0.01615	0.04846	0.74732	0.01038	0.01731	0.00692	0.00346	0.00577
20	0.02671	0.01347	0.01550	0.05056	0.01815	0.09795	0.01019	0.05322	0.01829	0.56423	0.02239	0.02099	0.01478	0.03428	0.00733	0.00211	0.00648	0.00626	0.00698	0.01014
21	0.01296	0.03342	0.73944	0.01842	0.02797	0.01501	0.02387	0.02046	0.01364	0.02046	0.01160	0.01364	0.00818	0.00614	0.00614	0.00205	0.00955	0.00477	0.00273	0.00955
22	0.01727	0.77681	0.03386	0.01106	0.01658	0.02557	0.01106	0.01935	0.01313	0.01520	0.00898	0.01036	0.00829	0.00553	0.00415	0.00138	0.00691	0.00345	0.00276	0.00829
23	0.00786	0.00569	0.00743	0.00883	0.00933	0.00526	0.00592	0.00902	0.01253	0.01656	0.03762	0.72117	0.08897	0.01998	0.00821	0.00259	0.00372	0.01805	0.00600	0.00526
24	0.01569	0.13023	0.37641	0.05307	0.04790	0.01498	0.01745	0.02075	0.01460	0.12590	0.08179	0.01800	0.01450	0.00719	0.00661	0.00197	0.03431	0.00562	0.00396	0.00907
25	0.01825	0.68106	0.05417	0.01133	0.01693	0.02372	0.01131	0.02053	0.01365	0.08368	0.01063	0.01157	0.00902	0.00578	0.00443	0.00146	0.00686	0.00378	0.00326	0.00859
26	0.79094	0.01259	0.01007	0.00957	0.03728	0.01452	0.00744	0.01902	0.01112	0.02872	0.00911	0.01069	0.00711	0.00599	0.00408	0.00200	0.00509	0.00358	0.00397	0.00711
27	0.01220	0.01148	0.01938	0.75739	0.04450	0.01436	0.01794	0.01651	0.01292	0.01651	0.01148	0.01723	0.00861	0.00646	0.00646	0.00215	0.00861	0.00574	0.00287	0.00718
28	0.02317	0.01685	0.01842	0.01436	0.01908	0.01865	0.01180	0.58735	0.06311	0.06877	0.05306	0.01787	0.01414	0.00822	0.00704	0.00199	0.03289	0.00622	0.00644	0.01056
29	0.00940	0.00626	0.00705	0.00705	0.00705	0.00626	0.00392	0.00940	0.00940	0.01253	0.02036	0.04228	0.02349	0.77292	0.03289	0.00626	0.00626	0.00940	0.00392	0.00392
30	0.01122	0.00561	0.00842	0.00842	0.00842	0.00561	0.00561	0.00842	0.00842	0.01122	0.01122	0.01964	0.01122	0.02245	0.02525	0.81201	0.00561	0.00561	0.00281	0.00281
31	0.01340	0.01148	0.01340	0.00957	0.01531	0.00861	0.00766	0.01627	0.01340	0.02105	0.01148	0.01340	0.00957	0.00479	0.00479	0.00096	0.00479	0.00383	0.00383	0.81242
32	0.01516	0.01468	0.02556	0.18720	0.54667	0.01521	0.06259	0.01920	0.01438	0.02013	0.01207	0.01634	0.00987	0.00588	0.00649	0.00198	0.00807	0.00587	0.00314	0.00951
33	0.01379	0.03227	0.70207	0.01806	0.02737	0.01472	0.02313	0.02103	0.01389	0.05743	0.01231	0.01407	0.00859	0.00623	0.00616	0.00204	0.00934	0.00486	0.00300	0.00962
34	0.00797	0.00656	0.00701	0.00690	0.00893	0.00560	0.00517	0.00993	0.01552	0.01934	0.21381	0.05907	0.58046	0.01566	0.00763	0.00215	0.00322	0.01320	0.00625	0.00560
35	0.01122	0.00561	0.00842	0.00842	0.00842	0.00561	0.00561	0.00842	0.00842	0.01122	0.01122	0.01964	0.01122	0.02245	0.02525	0.81201	0.00561	0.00561	0.00281	0.00281
36	0.02478	0.01774	0.01917	0.01470	0.01986	0.01951	0.01214	0.67704	0.02978	0.07560	0.01601	0.01584	0.01124	0.00777	0.00647	0.00194	0.00703	0.00585	0.00654	0.01099
37	0.01270	0.01328	0.04411	0.05439	0.14385	0.01244	0.28617	0.01639	0.01412	0.01916	0.02232	0.20570	0.06702	0.01042	0.00786	0.00228	0.02713	0.02877	0.00414	0.00774
