[name]
unknown

[dist]
# distance from previous block
# <min> <max>
0	33

[block]
# block no. 0 follows, 34 sequences, length 138
# corresponding to MSA columns:
# 33-170
name=unknown_A
#
# <colnr> <probs for GDERKNQSTAVLIFYWHMCP>
#	G	D	E	R	K	N	Q	S	T	A	V	L	I	F	Y	W	H	M	C	P
0	0.01041	0.00744	0.01041	0.01190	0.01339	0.00744	0.01041	0.01339	0.01487	0.01934	0.03421	0.07288	0.03719	0.01785	0.00892	0.00297	0.00595	0.68913	0.00595	0.00595
1	0.00764	0.00651	0.00658	0.00663	0.00875	0.00545	0.00495	0.00926	0.01465	0.01742	0.06445	0.08607	0.70676	0.01650	0.00766	0.00220	0.00329	0.01380	0.00600	0.00545
2	0.00957	0.00741	0.01147	0.01088	0.01219	0.00830	0.04523	0.01177	0.01053	0.01501	0.01745	0.02701	0.01670	0.13412	0.62084	0.00944	0.01562	0.00726	0.00351	0.00570
3	0.00787	0.00562	0.00750	0.00900	0.00937	0.00525	0.00600	0.00900	0.01237	0.01649	0.03561	0.76871	0.04274	0.02024	0.00825	0.00262	0.00375	0.01837	0.00600	0.00525
4	0.01599	0.01535	0.02623	0.03966	0.73262	0.01535	0.01983	0.01983	0.01471	0.02111	0.01215	0.01599	0.01023	0.00576	0.00640	0.00192	0.00768	0.00576	0.00320	0.01023
5	0.02298	0.01731	0.01850	0.01455	0.01944	0.01930	0.01190	0.58531	0.15871	0.03818	0.01752	0.01711	0.01261	0.00794	0.00648	0.00199	0.00674	0.00609	0.00648	0.01085
6	0.00943	0.00698	0.00896	0.00969	0.01124	0.00663	0.00795	0.01191	0.01508	0.01959	0.15841	0.08277	0.20296	0.05500	0.00960	0.00279	0.00479	0.36445	0.00606	0.00574
7	0.00780	0.00591	0.00720	0.00824	0.00917	0.00531	0.00566	0.00908	0.01310	0.01679	0.04486	0.54983	0.25564	0.01904	0.00806	0.00249	0.00360	0.01690	0.00600	0.00531
8	0.01579	0.01514	0.02585	0.07873	0.69516	0.01530	0.01973	0.01965	0.01461	0.02086	0.01212	0.01606	0.01015	0.00580	0.00640	0.00193	0.00773	0.00576	0.00318	0.01007
9	0.00914	0.00660	0.00864	0.00813	0.00965	0.00610	0.00610	0.01219	0.01829	0.02591	0.72921	0.04827	0.06097	0.01321	0.00762	0.00203	0.00305	0.01169	0.00711	0.00610
10	0.00769	0.00655	0.00662	0.00660	0.00876	0.00548	0.00495	0.00938	0.01486	0.01776	0.08975	0.06167	0.70551	0.01625	0.00764	0.00218	0.00326	0.01357	0.00604	0.00548
11	0.01727	0.77681	0.03386	0.01106	0.01658	0.02557	0.01106	0.01935	0.01313	0.01520	0.00898	0.01036	0.00829	0.00553	0.00415	0.00138	0.00691	0.00345	0.00276	0.00829
12	0.02414	0.03079	0.01831	0.01665	0.01998	0.74698	0.01248	0.02580	0.01831	0.01581	0.00999	0.01165	0.00832	0.00666	0.00583	0.00166	0.01165	0.00416	0.00333	0.00749
13	0.02456	0.01810	0.01939	0.01487	0.02004	0.02004	0.01228	0.71107	0.03038	0.04072	0.01551	0.01551	0.01099	0.00776	0.00646	0.00194	0.00711	0.00582	0.00646	0.01099
14	0.81856	0.01250	0.00950	0.00850	0.01250	0.01449	0.00700	0.01899	0.01100	0.02899	0.00900	0.01050	0.00700	0.00600	0.00400	0.00200	0.00500	0.00350	0.00400	0.00700
15	0.05273	0.01104	0.01483	0.01141	0.01637	0.00965	0.00942	0.03111	0.01827	0.71580	0.02500	0.02165	0.01572	0.00794	0.00642	0.00200	0.00548	0.00641	0.00788	0.01088
16	0.01525	0.01743	0.03813	0.02723	0.03377	0.01634	0.70915	0.02070	0.01525	0.02070	0.01307	0.01743	0.00980	0.00545	0.00763	0.00218	0.01089	0.00763	0.00327	0.00871
17	0.00844	0.00610	0.00804	0.00939	0.01013	0.00576	0.00682	0.00998	0.01302	0.01708	0.03722	0.54626	0.09373	0.03798	0.00895	0.00276	0.00425	0.16276	0.00594	0.00538
18	0.02731	0.01063	0.01446	0.01121	0.01592	0.00921	0.00921	0.02986	0.01848	0.67705	0.08491	0.02421	0.01979	0.00844	0.00659	0.00200	0.00529	0.00694	0.00792	0.01058
19	0.01296	0.03342	0.73944	0.01842	0.02797	0.01501	0.02387	0.02046	0.01364	0.02046	0.01160	0.01364	0.00818	0.00614	0.00614	0.00205	0.00955	0.00477	0.00273	0.00955
20	0.01204	0.00602	0.00602	0.00602	0.00753	0.00602	0.00452	0.01506	0.01355	0.02409	0.02108	0.02409	0.01656	0.00753	0.00452	0.00151	0.00301	0.00602	0.80879	0.00602
21	0.00764	0.00655	0.00655	0.00655	0.00873	0.00545	0.00491	0.00927	0.01473	0.01745	0.06546	0.06218	0.73000	0.01636	0.00764	0.00218	0.00327	0.01364	0.00600	0.00545
22	0.01599	0.01535	0.02623	0.03966	0.73262	0.01535	0.01983	0.01983	0.01471	0.02111	0.01215	0.01599	0.01023	0.00576	0.00640	0.00192	0.00768	0.00576	0.00320	0.01023
23	0.00900	0.00660	0.00843	0.00797	0.00956	0.00603	0.00598	0.01191	0.01794	0.02508	0.66372	0.04964	0.12697	0.01352	0.00762	0.00205	0.00307	0.01188	0.00700	0.00603
24	0.00801	0.00604	0.00745	0.00850	0.00950	0.00549	0.00603	0.00943	0.01328	0.01701	0.04440	0.50179	0.24732	0.01889	0.00812	0.00252	0.00378	0.07108	0.00599	0.00537
25	0.23711	0.01326	0.01808	0.36907	0.18362	0.03967	0.01513	0.01823	0.01296	0.02094	0.01089	0.01490	0.00851	0.00619	0.00574	0.00204	0.00751	0.00507	0.00327	0.00780
26	0.01599	0.01535	0.02623	0.03966	0.73262	0.01535	0.01983	0.01983	0.01471	0.02111	0.01215	0.01599	0.01023	0.00576	0.00640	0.00192	0.00768	0.00576	0.00320	0.01023
27	0.81856	0.01250	0.00950	0.00850	0.01250	0.01449	0.00700	0.01899	0.01100	0.02899	0.00900	0.01050	0.00700	0.00600	0.00400	0.00200	0.00500	0.00350	0.00400	0.00700
28	0.02456	0.01810	0.01939	0.01487	0.02004	0.02004	0.01228	0.71107	0.03038	0.04072	0.01551	0.01551	0.01099	0.00776	0.00646	0.00194	0.00711	0.00582	0.00646	0.01099
29	0.01340	0.01148	0.01340	0.00957	0.01531	0.00861	0.00766	0.01627	0.01340	0.02105	0.01148	0.01340	0.00957	0.00479	0.00479	0.00096	0.00479	0.00383	0.00383	0.81242
30	0.01568	0.01544	0.02770	0.03664	0.59087	0.01525	0.13546	0.01976	0.01481	0.02098	0.01305	0.01815	0.01107	0.00611	0.00669	0.00200	0.00816	0.02905	0.00330	0.00983
31	0.02339	0.01752	0.01873	0.01463	0.01959	0.01949	0.01200	0.61751	0.12586	0.03883	0.01700	0.01670	0.01220	0.00790	0.00648	0.00197	0.00683	0.00602	0.00648	0.01088
32	0.01698	0.01183	0.01408	0.01027	0.01584	0.00952	0.00830	0.06446	0.01544	0.15341	0.01431	0.01511	0.01084	0.00557	0.00521	0.00121	0.00507	0.00445	0.00476	0.61335
33	0.47694	0.01185	0.01188	0.00979	0.01423	0.01233	0.00808	0.02440	0.01424	0.33536	0.01613	0.01547	0.01089	0.00686	0.00508	0.00200	0.00521	0.00480	0.00573	0.00873
34	0.04131	0.01285	0.01856	0.34807	0.18869	0.04836	0.01545	0.04045	0.03693	0.04265	0.01762	0.04851	0.04773	0.00824	0.00664	0.00214	0.00755	0.05640	0.00389	0.00798
35	0.00818	0.00659	0.00730	0.00719	0.00915	0.00571	0.00543	0.01029	0.01583	0.02012	0.26967	0.05819	0.50365	0.01543	0.00767	0.00216	0.00328	0.03216	0.00634	0.00567
36	0.81856	0.01250	0.00950	0.00850	0.01250	0.01449	0.00700	0.01899	0.01100	0.02899	0.00900	0.01050	0.00700	0.00600	0.00400	0.00200	0.00500	0.00350	0.00400	0.00700
37	0.01751	0.75172	0.03334	0.01124	0.01670	0.04983	0.01110	0.01956	0.01330	0.01522	0.00902	0.01041	0.00829	0.00557	0.00420	0.00139	0.00707	0.00348	0.00278	0.00826
38	0.01397	0.01344	0.02325	0.41417	0.33758	0.01488	0.05374	0.01814	0.01380	0.01868	0.01185	0.01671	0.00937	0.00611	0.00649	0.00205	0.00833	0.00584	0.00303	0.00856
39	0.00768	0.00655	0.00661	0.00659	0.00875	0.00547	0.00494	0.00936	0.01483	0.01770	0.08447	0.06178	0.71083	0.01627	0.00764	0.00218	0.00327	0.01358	0.00603	0.00547
40	0.00910	0.00660	0.00858	0.00809	0.00963	0.00608	0.00606	0.01211	0.01819	0.02568	0.71123	0.04864	0.07909	0.01329	0.00762	0.00204	0.00305	0.01174	0.00708	0.00608
41	0.01290	0.00627	0.00648	0.00630	0.00798	0.00620	0.00477	0.01589	0.01380	0.06018	0.02130	0.02398	0.01653	0.00755	0.00462	0.00153	0.00314	0.00605	0.76826	0.00627
42	0.00914	0.00660	0.00864	0.00813	0.00965	0.00610	0.00610	0.01219	0.01829	0.02591	0.72921	0.04827	0.06097	0.01321	0.00762	0.00203	0.00305	0.01169	0.00711	0.00610
43	0.00854	0.00658	0.00780	0.00749	0.00928	0.00584	0.00562	0.01102	0.01686	0.02251	0.46257	0.05386	0.32972	0.01448	0.00763	0.00209	0.00314	0.01247	0.00667	0.00584
44	0.01531	0.01727	0.03721	0.02819	0.08733	0.01626	0.65632	0.02063	0.01521	0.02073	0.01300	0.01732	0.00984	0.00547	0.00753	0.00216	0.01065	0.00748	0.00326	0.00883
45	0.01584	0.01535	0.02666	0.06057	0.67439	0.01538	0.05680	0.01978	0.01469	0.02095	0.01218	0.01611	0.01016	0.00576	0.00646	0.00194	0.00788	0.00586	0.00319	0.01006
46	0.02870	0.01146	0.01528	0.01171	0.01672	0.01018	0.00968	0.07548	0.01926	0.69201	0.02485	0.02157	0.01567	0.00798	0.00650	0.00200	0.00560	0.00645	0.00790	0.01100
47	0.01512	0.01446	0.02465	0.20469	0.57439	0.01512	0.01940	0.01907	0.01430	0.02005	0.01200	0.01628	0.00986	0.00592	0.00641	0.00197	0.00789	0.00575	0.00312	0.00953
48	0.01340	0.01148	0.01340	0.00957	0.01531	0.00861	0.00766	0.01627	0.01340	0.02105	0.01148	0.01340	0.00957	0.00479	0.00479	0.00096	0.00479	0.00383	0.00383	0.81242
49	0.00809	0.00578	0.00773	0.00912	0.00963	0.00542	0.00627	0.00943	0.01284	0.01717	0.07278	0.68849	0.04338	0.01972	0.00825	0.00261	0.00384	0.05803	0.00605	0.00534
50	0.01936	0.01799	0.01612	0.01410	0.01795	0.16987	0.01099	0.13457	0.45216	0.04410	0.02123	0.02015	0.01592	0.00815	0.00640	0.00204	0.00680	0.00640	0.00591	0.00979
51	0.01525	0.01743	0.03813	0.02723	0.03377	0.01634	0.70915	0.02070	0.01525	0.02070	0.01307	0.01743	0.00980	0.00545	0.00763	0.00218	0.01089	0.00763	0.00327	0.00871
52	0.02365	0.02569	0.01850	0.01605	0.01987	0.51151	0.03583	0.10455	0.07793	0.08563	0.01349	0.01427	0.01032	0.00704	0.00608	0.00179	0.01001	0.00494	0.00438	0.00848
53	0.00769	0.00655	0.00662	0.00660	0.00876	0.00548	0.00495	0.00937	0.01485	0.01774	0.08798	0.06171	0.70729	0.01626	0.00764	0.00218	0.00327	0.01357	0.00604	0.00548
54	0.01618	0.01311	0.01413	0.01264	0.01618	0.01488	0.00984	0.03231	0.62389	0.06507	0.08560	0.02603	0.02301	0.00910	0.00666	0.00217	0.00496	0.00763	0.00670	0.00992
55	0.81856	0.01250	0.00950	0.00850	0.01250	0.01449	0.00700	0.01899	0.01100	0.02899	0.00900	0.01050	0.00700	0.00600	0.00400	0.00200	0.00500	0.00350	0.00400	0.00700
56	0.01744	0.01524	0.01944	0.01595	0.02026	0.05482	0.14681	0.03097	0.48577	0.08542	0.02277	0.02195	0.01686	0.00794	0.00673	0.00214	0.00663	0.00713	0.00588	0.00985
57	0.02242	0.01507	0.01629	0.01292	0.01728	0.05197	0.01049	0.40271	0.02489	0.17872	0.13203	0.02343	0.04439	0.00891	0.00666	0.00196	0.00624	0.00707	0.00671	0.00985
58	0.02311	0.02814	0.01773	0.01603	0.01935	0.63709	0.01208	0.07386	0.03878	0.01794	0.01214	0.05060	0.01058	0.00748	0.00602	0.00175	0.01074	0.00509	0.00378	0.00770
59	0.01878	0.01731	0.01562	0.01385	0.01759	0.16040	0.01075	0.06955	0.50872	0.06150	0.02244	0.02107	0.01680	0.00826	0.00642	0.00206	0.00653	0.00656	0.00600	0.00977
60	0.02414	0.03079	0.01831	0.01665	0.01998	0.74698	0.01248	0.02580	0.01831	0.01581	0.00999	0.01165	0.00832	0.00666	0.00583	0.00166	0.01165	0.00416	0.00333	0.00749
61	0.01220	0.01148	0.01938	0.75739	0.04450	0.01436	0.01794	0.01651	0.01292	0.01651	0.01148	0.01723	0.00861	0.00646	0.00646	0.00215	0.00861	0.00574	0.00287	0.00718
62	0.00914	0.00660	0.00864	0.00813	0.00965	0.00610	0.00610	0.01219	0.01829	0.02591	0.72921	0.04827	0.06097	0.01321	0.00762	0.00203	0.00305	0.01169	0.00711	0.00610
63	0.01579	0.01514	0.02586	0.07821	0.69566	0.01530	0.01973	0.01965	0.01462	0.02086	0.01212	0.01606	0.01015	0.00579	0.00640	0.00193	0.00773	0.00576	0.00318	0.01007
64	0.01554	0.01489	0.02541	0.12560	0.65022	0.01523	0.01960	0.01943	0.01450	0.02056	0.01207	0.01614	0.01004	0.00584	0.00640	0.00195	0.00779	0.00576	0.00316	0.00987
65	0.81856	0.01250	0.00950	0.00850	0.01250	0.01449	0.00700	0.01899	0.01100	0.02899	0.00900	0.01050	0.00700	0.00600	0.00400	0.00200	0.00500	0.00350	0.00400	0.00700
66	0.01727	0.77681	0.03386	0.01106	0.01658	0.02557	0.01106	0.01935	0.01313	0.01520	0.00898	0.01036	0.00829	0.00553	0.00415	0.00138	0.00691	0.00345	0.00276	0.00829
67	0.00764	0.00655	0.00655	0.00655	0.00873	0.00545	0.00491	0.00927	0.01473	0.01745	0.06546	0.06218	0.73000	0.01636	0.00764	0.00218	0.00327	0.01364	0.00600	0.00545
68	0.00967	0.00650	0.00816	0.00775	0.00927	0.00608	0.00581	0.01271	0.01743	0.02558	0.60020	0.04386	0.05288	0.01217	0.00706	0.00194	0.00304	0.01065	0.15316	0.00608
69	0.01374	0.01360	0.01971	0.16737	0.02256	0.01869	0.01491	0.01574	0.01051	0.01574	0.00909	0.01476	0.00851	0.01032	0.01821	0.00269	0.60825	0.00567	0.00284	0.00709
70	0.10539	0.01114	0.01446	0.01121	0.01611	0.00998	0.00925	0.03028	0.01777	0.66858	0.02390	0.02088	0.01512	0.00780	0.00626	0.00200	0.00545	0.00621	0.00761	0.01061
71	0.00834	0.00657	0.00752	0.00729	0.00916	0.00575	0.00546	0.01064	0.01639	0.02141	0.37554	0.05568	0.41744	0.01489	0.00763	0.00211	0.00317	0.01272	0.00652	0.00575
72	0.00851	0.00658	0.00775	0.00746	0.00926	0.00583	0.00559	0.01096	0.01678	0.02234	0.44858	0.05415	0.34382	0.01454	0.00763	0.00210	0.00314	0.01251	0.00664	0.00583
73	0.00914	0.00660	0.00864	0.00813	0.00965	0.00610	0.00610	0.01219	0.01829	0.02591	0.72921	0.04827	0.06097	0.01321	0.00762	0.00203	0.00305	0.01169	0.00711	0.00610
74	0.01220	0.01148	0.01938	0.75739	0.04450	0.01436	0.01794	0.01651	0.01292	0.01651	0.01148	0.01723	0.00861	0.00646	0.00646	0.00215	0.00861	0.00574	0.00287	0.00718
75	0.01774	0.01425	0.01521	0.01328	0.01718	0.01623	0.01044	0.11637	0.60261	0.06355	0.02495	0.02296	0.01848	0.00861	0.00656	0.00215	0.00537	0.00708	0.00663	0.01036
76	0.01566	0.01501	0.02562	0.10276	0.67212	0.01526	0.01966	0.01954	0.01455	0.02070	0.01209	0.01610	0.01009	0.00582	0.00640	0.00194	0.00776	0.00576	0.00317	0.00997
77	0.01525	0.01743	0.03813	0.02723	0.03377	0.01634	0.70915	0.02070	0.01525	0.02070	0.01307	0.01743	0.00980	0.00545	0.00763	0.00218	0.01089	0.00763	0.00327	0.00871
78	0.01476	0.01362	0.02101	0.31096	0.30101	0.01523	0.01693	0.03863	0.16047	0.02104	0.01490	0.01814	0.01159	0.00670	0.00646	0.00207	0.00749	0.00607	0.00385	0.00907
79	0.02414	0.03079	0.01831	0.01665	0.01998	0.74698	0.01248	0.02580	0.01831	0.01581	0.00999	0.01165	0.00832	0.00666	0.00583	0.00166	0.01165	0.00416	0.00333	0.00749
80	0.09282	0.01157	0.03439	0.01357	0.01628	0.05762	0.07444	0.03614	0.03337	0.02104	0.02682	0.05306	0.02779	0.01396	0.00790	0.00264	0.00679	0.45774	0.00528	0.00676
81	0.03766	0.00997	0.01179	0.01072	0.01319	0.04856	0.03955	0.05281	0.05092	0.07947	0.08923	0.03627	0.12057	0.04230	0.14491	0.00377	0.00757	0.09151	0.10227	0.00694
82	0.01220	0.01148	0.01938	0.75739	0.04450	0.01436	0.01794	0.01651	0.01292	0.01651	0.01148	0.01723	0.00861	0.00646	0.00646	0.00215	0.00861	0.00574	0.00287	0.00718
83	0.05898	0.01523	0.06730	0.08655	0.13072	0.03989	0.01252	0.12162	0.04026	0.05780	0.01348	0.01604	0.01064	0.03232	0.00664	0.00179	0.00663	0.00510	0.00424	0.27226
84	0.01807	0.69076	0.03207	0.01170	0.01697	0.10878	0.01122	0.02009	0.01373	0.01527	0.00910	0.01051	0.00830	0.00566	0.00434	0.00141	0.00746	0.00354	0.00283	0.00820
85	0.81856	0.01250	0.00950	0.00850	0.01250	0.01449	0.00700	0.01899	0.01100	0.02899	0.00900	0.01050	0.00700	0.00600	0.00400	0.00200	0.00500	0.00350	0.00400	0.00700
86	0.02231	0.01636	0.01769	0.01392	0.01838	0.01800	0.01134	0.60465	0.02747	0.03678	0.01695	0.02113	0.01358	0.08581	0.00927	0.00243	0.00697	0.04077	0.00618	0.01002
87	0.01710	0.01446	0.01370	0.01249	0.01555	0.13292	0.00977	0.06221	0.28817	0.08615	0.04804	0.03053	0.03991	0.05270	0.02914	0.00260	0.00665	0.09425	0.03522	0.00844
88	0.00934	0.00673	0.00819	0.00774	0.00959	0.00601	0.00583	0.01192	0.01716	0.04727	0.49440	0.05180	0.27214	0.01404	0.00759	0.00208	0.00320	0.01213	0.00679	0.00606
89	0.05317	0.01531	0.01724	0.01340	0.01824	0.03912	0.01104	0.36666	0.02384	0.32156	0.01894	0.01780	0.01272	0.00787	0.00685	0.00199	0.03090	0.00596	0.00678	0.01061
90	0.00940	0.00626	0.00705	0.00705	0.00705	0.00626	0.00392	0.00940	0.00940	0.01253	0.02036	0.04228	0.02349	0.77292	0.03289	0.00626	0.00626	0.00940	0.00392	0.00392
91	0.73969	0.03758	0.01094	0.00900	0.01313	0.01522	0.00748	0.06518	0.01236	0.02933	0.00943	0.01083	0.00731	0.00610	0.00417	0.00198	0.00520	0.00365	0.00412	0.00731
92	0.01727	0.77681	0.03386	0.01106	0.01658	0.02557	0.01106	0.01935	0.01313	0.01520	0.00898	0.01036	0.00829	0.00553	0.00415	0.00138	0.00691	0.00345	0.00276	0.00829
93	0.02316	0.02874	0.01786	0.01622	0.01959	0.65823	0.01221	0.02684	0.10363	0.01718	0.01197	0.01316	0.00971	0.00691	0.00592	0.00173	0.01086	0.00454	0.00372	0.00782
94	0.02899	0.01100	0.01499	0.01150	0.01649	0.00950	0.00950	0.03149	0.01849	0.73709	0.02549	0.02199	0.01599	0.00800	0.00650	0.00200	0.00550	0.00650	0.00800	0.01100
95	0.01204	0.00602	0.00602	0.00602	0.00753	0.00602	0.00452	0.01506	0.01355	0.02409	0.02108	0.02409	0.01656	0.00753	0.00452	0.00151	0.00301	0.00602	0.80879	0.00602
96	0.00914	0.00660	0.00864	0.00813	0.00965	0.00610	0.00610	0.01219	0.01829	0.02591	0.72921	0.04827	0.06097	0.01321	0.00762	0.00203	0.00305	0.01169	0.00711	0.00610
97	0.00787	0.00562	0.00750	0.00900	0.00937	0.00525	0.00600	0.00900	0.01237	0.01649	0.03561	0.76871	0.04274	0.02024	0.00825	0.00262	0.00375	0.01837	0.00600	0.00525
98	0.00781	0.00646	0.00684	0.00693	0.00888	0.00550	0.00513	0.00953	0.01485	0.01819	0.12763	0.12722	0.59991	0.01642	0.00769	0.00221	0.00330	0.01389	0.00611	0.00550
99	0.02382	0.03027	0.01836	0.01666	0.01988	0.72387	0.01254	0.02548	0.01804	0.01581	0.00994	0.01173	0.00833	0.00681	0.00631	0.00170	0.03547	0.00421	0.00331	0.00748
100	0.01599	0.01535	0.02623	0.03966	0.73262	0.01535	0.01983	0.01983	0.01471	0.02111	0.01215	0.01599	0.01023	0.00576	0.00640	0.00192	0.00768	0.00576	0.00320	0.01023
101	0.02201	0.02633	0.01733	0.01572	0.01914	0.55414	0.01189	0.02805	0.20369	0.01877	0.01429	0.01494	0.01133	0.00721	0.00602	0.00180	0.00993	0.00499	0.00419	0.00821
102	0.01811	0.01676	0.01563	0.01383	0.01759	0.12243	0.01076	0.10222	0.54855	0.02680	0.02283	0.02142	0.01718	0.00836	0.00645	0.00209	0.00627	0.00670	0.00609	0.00991
103	0.81856	0.01250	0.00950	0.00850	0.01250	0.01449	0.00700	0.01899	0.01100	0.02899	0.00900	0.01050	0.00700	0.00600	0.00400	0.00200	0.00500	0.00350	0.00400	0.00700
104	0.01333	0.09693	0.67917	0.01779	0.02699	0.01591	0.02278	0.02037	0.01360	0.02001	0.01137	0.01336	0.00819	0.00609	0.00597	0.00199	0.00932	0.00466	0.00273	0.00944
105	0.01340	0.01148	0.01340	0.00957	0.01531	0.00861	0.00766	0.01627	0.01340	0.02105	0.01148	0.01340	0.00957	0.00479	0.00479	0.00096	0.00479	0.00383	0.00383	0.81242
106	0.00787	0.00562	0.00750	0.00900	0.00937	0.00525	0.00600	0.00900	0.01237	0.01649	0.03561	0.76871	0.04274	0.02024	0.00825	0.00262	0.00375	0.01837	0.00600	0.00525
107	0.81856	0.01250	0.00950	0.00850	0.01250	0.01449	0.00700	0.01899	0.01100	0.02899	0.00900	0.01050	0.00700	0.00600	0.00400	0.00200	0.00500	0.00350	0.00400	0.00700
108	0.01784	0.01476	0.01561	0.01351	0.01748	0.01690	0.01066	0.17564	0.57675	0.02989	0.02405	0.02231	0.01790	0.00856	0.00655	0.00214	0.00553	0.00699	0.00655	0.01039
109	0.01220	0.01148	0.01938	0.75739	0.04450	0.01436	0.01794	0.01651	0.01292	0.01651	0.01148	0.01723	0.00861	0.00646	0.00646	0.00215	0.00861	0.00574	0.00287	0.00718
110	0.00764	0.00655	0.00655	0.00655	0.00873	0.00545	0.00491	0.00927	0.01473	0.01745	0.06546	0.06218	0.73000	0.01636	0.00764	0.00218	0.00327	0.01364	0.00600	0.00545
111	0.01112	0.00803	0.01196	0.01251	0.01437	0.00787	0.05170	0.01409	0.01488	0.04336	0.03353	0.10496	0.05278	0.01687	0.00870	0.00286	0.00604	0.57228	0.00586	0.00623
112	0.08600	0.01123	0.01374	0.01106	0.01531	0.03461	0.00894	0.04634	0.01786	0.52568	0.09324	0.06771	0.02092	0.00904	0.00650	0.00203	0.00537	0.00739	0.00728	0.00975
113	0.02414	0.03079	0.01831	0.01665	0.01998	0.74698	0.01248	0.02580	0.01831	0.01581	0.00999	0.01165	0.00832	0.00666	0.00583	0.00166	0.01165	0.00416	0.00333	0.00749
114	0.01706	0.73918	0.06957	0.01143	0.01716	0.02503	0.01170	0.01940	0.01315	0.01547	0.00912	0.01053	0.00829	0.00556	0.00425	0.00142	0.00704	0.00352	0.00276	0.00836
115	0.81856	0.01250	0.00950	0.00850	0.01250	0.01449	0.00700	0.01899	0.01100	0.02899	0.00900	0.01050	0.00700	0.00600	0.00400	0.00200	0.00500	0.00350	0.00400	0.00700
116	0.01030	0.00631	0.00734	0.00715	0.00866	0.00600	0.00533	0.01319	0.01581	0.02434	0.35848	0.06282	0.07675	0.01112	0.00628	0.00183	0.00307	0.00953	0.35972	0.00600
117	0.00914	0.00660	0.00864	0.00813	0.00965	0.00610	0.00610	0.01219	0.01829	0.02591	0.72921	0.04827	0.06097	0.01321	0.00762	0.00203	0.00305	0.01169	0.00711	0.00610
118	0.44435	0.15480	0.01681	0.01079	0.01540	0.01812	0.00925	0.21666	0.01692	0.02980	0.01085	0.01190	0.00838	0.00641	0.00473	0.00187	0.00595	0.00415	0.00448	0.00838
119	0.01291	0.01199	0.01985	0.68131	0.09049	0.01463	0.01787	0.04216	0.01368	0.01771	0.01168	0.01708	0.00881	0.00646	0.00646	0.00213	0.00849	0.00575	0.00302	0.00753
120	0.01398	0.02973	0.60603	0.01739	0.02590	0.01498	0.02134	0.02292	0.11974	0.04604	0.01427	0.01550	0.01018	0.00660	0.00622	0.00207	0.00875	0.00521	0.00349	0.00970
121	0.00787	0.00562	0.00750	0.00900	0.00937	0.00525	0.00600	0.00900	0.01237	0.01649	0.03561	0.76871	0.04274	0.02024	0.00825	0.00262	0.00375	0.01837	0.00600	0.00525
122	0.01268	0.01339	0.07988	0.36088	0.21465	0.01311	0.01700	0.01675	0.01379	0.01863	0.04012	0.07229	0.01585	0.00851	0.00682	0.00219	0.00768	0.07431	0.00360	0.00788
123	0.04695	0.33289	0.29324	0.01397	0.02079	0.04353	0.01551	0.02176	0.01421	0.12395	0.01242	0.01335	0.00934	0.00618	0.00529	0.00175	0.00778	0.00442	0.00359	0.00908
124	0.01531	0.01453	0.02465	0.03707	0.67155	0.01450	0.01866	0.01892	0.01451	0.02072	0.01413	0.07954	0.01298	0.00698	0.00655	0.00198	0.00734	0.00682	0.00343	0.00981
125	0.81856	0.01250	0.00950	0.00850	0.01250	0.01449	0.00700	0.01899	0.01100	0.02899	0.00900	0.01050	0.00700	0.00600	0.00400	0.00200	0.00500	0.00350	0.00400	0.00700
126	0.00946	0.00696	0.00970	0.00973	0.01053	0.00784	0.00721	0.01111	0.01040	0.01462	0.01928	0.05319	0.01977	0.24057	0.47067	0.00841	0.03692	0.04452	0.00377	0.00530
127	0.02362	0.02935	0.01886	0.01809	0.06655	0.67423	0.01296	0.04892	0.01849	0.01701	0.01032	0.01207	0.00854	0.00664	0.00589	0.00169	0.01124	0.00432	0.00343	0.00779
128	0.01576	0.01511	0.02580	0.08434	0.68978	0.01529	0.01971	0.01962	0.01460	0.02082	0.01211	0.01607	0.01013	0.00580	0.00640	0.00193	0.00773	0.00576	0.00318	0.01004
129	0.00764	0.00655	0.00655	0.00655	0.00873	0.00545	0.00491	0.00927	0.01473	0.01745	0.06546	0.06218	0.73000	0.01636	0.00764	0.00218	0.00327	0.01364	0.00600	0.00545
130	0.01250	0.00646	0.00651	0.00635	0.00799	0.00654	0.00480	0.04053	0.01417	0.02470	0.02087	0.02378	0.01636	0.00754	0.00459	0.00152	0.00316	0.00601	0.77942	0.00620
131	0.02518	0.01711	0.01878	0.01440	0.01954	0.01856	0.01189	0.61607	0.02872	0.13807	0.01691	0.01642	0.01169	0.00779	0.00647	0.00195	0.00688	0.00591	0.00668	0.01099
132	0.00787	0.00562	0.00750	0.00900	0.00937	0.00525	0.00600	0.00900	0.01237	0.01649	0.03561	0.76871	0.04274	0.02024	0.00825	0.00262	0.00375	0.01837	0.00600	0.00525
133	0.02875	0.01138	0.01523	0.01168	0.01668	0.01006	0.00965	0.06799	0.01913	0.69969	0.02496	0.02164	0.01573	0.00798	0.00650	0.00200	0.00558	0.00646	0.00791	0.01100
134	0.02373	0.01766	0.01927	0.05241	0.02120	0.01965	0.01252	0.65922	0.04654	0.03916	0.01558	0.01581	0.01108	0.00772	0.00647	0.00196	0.00714	0.00585	0.00628	0.01078
135	0.01376	0.01308	0.02220	0.46166	0.32803	0.01477	0.01872	0.01788	0.01366	0.01840	0.01176	0.01672	0.00928	0.00617	0.00643	0.00206	0.00823	0.00575	0.00301	0.00844
136	0.00960	0.00672	0.00867	0.00811	0.00978	0.00615	0.00611	0.01253	0.01804	0.04547	0.66219	0.04851	0.10714	0.01329	0.00759	0.00204	0.00313	0.01168	0.00706	0.00619
137	0.00954	0.00661	0.00808	0.00805	0.00970	0.00589	0.00590	0.01164	0.01573	0.06338	0.30837	0.22824	0.26374	0.01562	0.00771	0.00222	0.00344	0.01363	0.00654	0.00598

[dist]
# distance from previous block
# <min> <max>
0	0

# created by:
# /home/berkeley/.conda/envs/busco_data_prod/bin/msa2prfl.pl pipeline/OGs_align_augustus/4893/14600.fs
