[name]
unknown

[dist]
# distance from previous block
# <min> <max>
0	0

[block]
# block no. 0 follows, 32 sequences, length 23
# corresponding to MSA columns:
# 0-22
name=unknown_A
#
# <colnr> <probs for GDERKNQSTAVLIFYWHMCP>
#	G	D	E	R	K	N	Q	S	T	A	V	L	I	F	Y	W	H	M	C	P
0	0.01081	0.00772	0.01081	0.01236	0.01390	0.00772	0.01081	0.01390	0.01545	0.02008	0.03553	0.07569	0.03862	0.01854	0.00927	0.00309	0.00618	0.67717	0.00618	0.00618
1	0.00802	0.00674	0.00696	0.00703	0.00915	0.00568	0.00523	0.00976	0.01533	0.01849	0.09771	0.10520	0.64762	0.01707	0.00797	0.00229	0.00342	0.01435	0.00629	0.00568
2	0.05627	0.09684	0.02086	0.01536	0.02012	0.24707	0.01247	0.39306	0.02501	0.03102	0.01336	0.01411	0.01009	0.00739	0.00616	0.00187	0.00876	0.00516	0.00520	0.00982
3	0.20419	0.01177	0.01430	0.01124	0.01620	0.01102	0.00928	0.02981	0.01747	0.57174	0.02266	0.02018	0.01453	0.00784	0.00617	0.00208	0.00559	0.00605	0.00738	0.01049
4	0.00897	0.00656	0.00812	0.00824	0.00945	0.00604	0.00581	0.01101	0.01575	0.02137	0.36211	0.21723	0.16138	0.11383	0.01149	0.00285	0.00381	0.01378	0.00649	0.00572
5	0.00902	0.00623	0.00772	0.00857	0.00884	0.00604	0.00547	0.00975	0.01157	0.01541	0.02975	0.40351	0.03506	0.35709	0.02017	0.00445	0.00518	0.04607	0.00525	0.00486
6	0.00857	0.00678	0.00771	0.00756	0.00948	0.00592	0.00564	0.01084	0.01668	0.02162	0.32840	0.08648	0.42882	0.01584	0.00795	0.00222	0.00332	0.01354	0.00670	0.00592
7	0.00965	0.00695	0.00957	0.00957	0.01034	0.00773	0.00687	0.01120	0.01042	0.01468	0.01909	0.03252	0.01945	0.30104	0.49055	0.00928	0.01395	0.00809	0.00376	0.00531
8	0.02455	0.01816	0.01884	0.01492	0.01991	0.06167	0.01215	0.48976	0.13602	0.10624	0.01855	0.01794	0.01318	0.00818	0.00669	0.00204	0.00717	0.00625	0.00669	0.01107
9	0.05190	0.01368	0.01503	0.01208	0.01661	0.04162	0.00959	0.20902	0.03848	0.15322	0.01996	0.13600	0.01720	0.00924	0.00641	0.00186	0.00590	0.00757	0.00593	0.22871
10	0.01357	0.01315	0.02079	0.64743	0.11272	0.04467	0.01860	0.01788	0.01383	0.01759	0.01193	0.01752	0.00910	0.00664	0.00667	0.00219	0.00898	0.00590	0.00304	0.00778
11	0.81159	0.01298	0.00986	0.00882	0.01298	0.01505	0.00727	0.01972	0.01142	0.03010	0.00934	0.01090	0.00727	0.00623	0.00415	0.00208	0.00519	0.00363	0.00415	0.00727
12	0.01544	0.16256	0.53677	0.01741	0.02614	0.01803	0.02125	0.08817	0.01579	0.02237	0.01197	0.01376	0.00881	0.00643	0.00604	0.00199	0.00918	0.00482	0.00322	0.00983
13	0.00818	0.00584	0.00779	0.00934	0.00973	0.00545	0.00623	0.00934	0.01285	0.01713	0.03698	0.75981	0.04438	0.02102	0.00856	0.00273	0.00389	0.01908	0.00623	0.00545
14	0.00827	0.00651	0.00746	0.00785	0.00943	0.00571	0.00565	0.01005	0.01516	0.01928	0.16693	0.27610	0.40243	0.01769	0.00812	0.00238	0.00351	0.01534	0.00642	0.00571
15	0.00898	0.00673	0.00832	0.00816	0.00977	0.00607	0.00603	0.01157	0.01742	0.02373	0.48812	0.13467	0.21514	0.01532	0.00799	0.00222	0.00330	0.01340	0.00698	0.00607
16	0.02366	0.01746	0.01728	0.01381	0.01824	0.09919	0.01111	0.43941	0.02572	0.10768	0.01746	0.01873	0.01294	0.04378	0.00770	0.00215	0.00720	0.00612	0.10031	0.01004
17	0.01667	0.05085	0.02760	0.03981	0.68961	0.01643	0.02017	0.02057	0.01520	0.02164	0.01247	0.01634	0.01053	0.00597	0.00653	0.00197	0.00793	0.00587	0.00330	0.01053
18	0.01045	0.00864	0.00994	0.01022	0.01094	0.04481	0.00721	0.01216	0.03370	0.01695	0.06211	0.36259	0.06396	0.18314	0.03830	0.00373	0.08044	0.02976	0.00527	0.00570
19	0.01031	0.00729	0.00861	0.00847	0.00985	0.00701	0.00599	0.03898	0.01423	0.03963	0.12687	0.12895	0.21847	0.24326	0.07852	0.00431	0.00592	0.03203	0.00559	0.00570
20	0.01831	0.01779	0.02573	0.03631	0.58467	0.08662	0.01907	0.08839	0.01725	0.02340	0.01275	0.01612	0.01051	0.00627	0.00659	0.00197	0.00831	0.00582	0.00367	0.01043
21	0.17122	0.14787	0.01945	0.01326	0.01784	0.18506	0.01089	0.19912	0.04718	0.02656	0.01313	0.03690	0.01080	0.00727	0.00559	0.00182	0.00765	0.00508	0.00460	0.06870
22	0.02032	0.01973	0.08864	0.01551	0.01999	0.09054	0.01344	0.31555	0.15431	0.03030	0.01882	0.01938	0.04660	0.00889	0.00870	0.00218	0.10522	0.00643	0.00551	0.00994

[dist]
# distance from previous block
# <min> <max>
0	1

[block]
# block no. 1 follows, 32 sequences, length 36
# corresponding to MSA columns:
# 24-59
name=unknown_B
#
# <colnr> <probs for GDERKNQSTAVLIFYWHMCP>
#	G	D	E	R	K	N	Q	S	T	A	V	L	I	F	Y	W	H	M	C	P
0	0.01645	0.01615	0.02846	0.03885	0.61711	0.01622	0.10005	0.02054	0.01517	0.02167	0.01260	0.01672	0.01051	0.00614	0.00733	0.00206	0.03412	0.00620	0.00332	0.01033
1	0.01326	0.01455	0.08792	0.52523	0.16229	0.01478	0.01907	0.01783	0.01379	0.01837	0.01306	0.04680	0.01061	0.00712	0.00674	0.00220	0.00866	0.00639	0.00316	0.00817
2	0.05583	0.01810	0.01921	0.01499	0.02014	0.02015	0.01231	0.60300	0.10217	0.04031	0.01702	0.01684	0.01220	0.00809	0.00662	0.00204	0.00708	0.00611	0.00662	0.01116
3	0.00860	0.00678	0.00785	0.00830	0.01004	0.00602	0.00632	0.01060	0.01534	0.01932	0.13737	0.18803	0.41545	0.01754	0.00824	0.00245	0.00388	0.11571	0.00636	0.00579
4	0.06247	0.01617	0.01821	0.01402	0.01928	0.01705	0.01158	0.45581	0.02669	0.26075	0.01912	0.01803	0.01289	0.00805	0.00661	0.00204	0.00675	0.00616	0.00711	0.01123
5	0.01666	0.55808	0.23406	0.01367	0.02061	0.02341	0.01529	0.02042	0.01379	0.01735	0.01011	0.01174	0.00858	0.00592	0.00490	0.00163	0.00796	0.00398	0.00286	0.00898
6	0.00842	0.00682	0.00748	0.00732	0.00937	0.00587	0.00549	0.01059	0.01646	0.02090	0.27328	0.06002	0.51257	0.01596	0.00793	0.00222	0.00333	0.01352	0.00660	0.00587
7	0.00976	0.00651	0.00732	0.00732	0.00732	0.00651	0.00407	0.00976	0.00976	0.01301	0.02114	0.04391	0.02439	0.76419	0.03415	0.00651	0.00651	0.00976	0.00407	0.00407
8	0.01306	0.01232	0.02083	0.67826	0.11298	0.01501	0.01883	0.01748	0.01360	0.01762	0.01199	0.01776	0.00911	0.00664	0.00670	0.00221	0.00885	0.00596	0.00302	0.00777
9	0.00946	0.00767	0.00851	0.00833	0.01043	0.00719	0.00622	0.01365	0.10266	0.02160	0.23228	0.12153	0.39490	0.01552	0.00785	0.00227	0.00362	0.01327	0.00661	0.00644
10	0.01584	0.01810	0.03959	0.02828	0.03507	0.01697	0.69796	0.02149	0.01584	0.02149	0.01357	0.01810	0.01018	0.00566	0.00792	0.00226	0.01131	0.00792	0.00339	0.00905
11	0.00944	0.00686	0.00889	0.00838	0.00999	0.00631	0.00628	0.01255	0.01885	0.02657	0.69367	0.05068	0.08864	0.01384	0.00791	0.00212	0.00317	0.01221	0.00734	0.00631
12	0.00793	0.00680	0.00680	0.00680	0.00906	0.00566	0.00510	0.00963	0.01529	0.01813	0.06797	0.06457	0.71961	0.01699	0.00793	0.00227	0.00340	0.01416	0.00623	0.00566
13	0.02506	0.03198	0.01901	0.01729	0.02074	0.73725	0.01296	0.02679	0.01901	0.01642	0.01037	0.01210	0.00864	0.00691	0.00605	0.00173	0.01210	0.00432	0.00346	0.00778
14	0.05957	0.11965	0.02064	0.01561	0.01979	0.45907	0.01234	0.13970	0.02013	0.05680	0.01197	0.01309	0.00944	0.00700	0.00589	0.00177	0.01006	0.00461	0.00421	0.00866
15	0.00971	0.04368	0.01112	0.01019	0.01183	0.00738	0.03283	0.01142	0.01344	0.01831	0.06569	0.56745	0.03802	0.01734	0.00786	0.00240	0.00443	0.01568	0.00574	0.10547
16	0.01719	0.52764	0.13794	0.01368	0.01923	0.05823	0.01397	0.02010	0.01355	0.01669	0.00973	0.01183	0.00862	0.00664	0.00691	0.00174	0.10066	0.00412	0.00290	0.00861
17	0.00929	0.00690	0.00868	0.00837	0.01007	0.00629	0.00637	0.01219	0.01812	0.02493	0.56234	0.05419	0.18020	0.01458	0.00799	0.00219	0.00338	0.05059	0.00711	0.00620
18	0.01290	0.01216	0.02053	0.70758	0.08494	0.01497	0.01875	0.01734	0.01352	0.01742	0.01197	0.01782	0.00904	0.00667	0.00670	0.00222	0.00889	0.00596	0.00300	0.00764
19	0.02551	0.01879	0.02014	0.01544	0.02081	0.02081	0.01275	0.69996	0.03155	0.04229	0.01611	0.01611	0.01141	0.00805	0.00671	0.00201	0.00738	0.00604	0.00671	0.01141
20	0.01391	0.01193	0.01391	0.00994	0.01590	0.00894	0.00795	0.01690	0.01391	0.02186	0.01193	0.01391	0.00994	0.00497	0.00497	0.00099	0.00497	0.00398	0.00398	0.80521
21	0.00849	0.00682	0.00758	0.00739	0.00941	0.00590	0.00554	0.01072	0.01662	0.02128	0.30171	0.05938	0.48390	0.01582	0.00792	0.00221	0.00331	0.01343	0.00665	0.00590
22	0.00818	0.00584	0.00779	0.00934	0.00973	0.00545	0.00623	0.00934	0.01285	0.01713	0.03698	0.75981	0.04438	0.02102	0.00856	0.00273	0.00389	0.01908	0.00623	0.00545
23	0.01669	0.01441	0.01517	0.01365	0.01745	0.01669	0.01062	0.03565	0.71021	0.02807	0.02731	0.02503	0.02048	0.00910	0.00683	0.00228	0.00531	0.00759	0.00683	0.01062
24	0.00818	0.00584	0.00779	0.00934	0.00973	0.00545	0.00623	0.00934	0.01285	0.01713	0.03698	0.75981	0.04438	0.02102	0.00856	0.00273	0.00389	0.01908	0.00623	0.00545
25	0.81159	0.01298	0.00986	0.00882	0.01298	0.01505	0.00727	0.01972	0.01142	0.03010	0.00934	0.01090	0.00727	0.00623	0.00415	0.00208	0.00519	0.00363	0.00415	0.00727
26	0.02551	0.01879	0.02014	0.01544	0.02081	0.02081	0.01275	0.69996	0.03155	0.04229	0.01611	0.01611	0.01141	0.00805	0.00671	0.00201	0.00738	0.00604	0.00671	0.01141
27	0.01669	0.01441	0.01517	0.01365	0.01745	0.01669	0.01062	0.03565	0.71021	0.02807	0.02731	0.02503	0.02048	0.00910	0.00683	0.00228	0.00531	0.00759	0.00683	0.01062
28	0.01669	0.01441	0.01517	0.01365	0.01745	0.01669	0.01062	0.03565	0.71021	0.02807	0.02731	0.02503	0.02048	0.00910	0.00683	0.00228	0.00531	0.00759	0.00683	0.01062
29	0.00976	0.00651	0.00732	0.00732	0.00732	0.00651	0.00407	0.00976	0.00976	0.01301	0.02114	0.04391	0.02439	0.76419	0.03415	0.00651	0.00651	0.00976	0.00407	0.00407
30	0.01487	0.01524	0.02369	0.01937	0.02049	0.01996	0.12732	0.01703	0.01119	0.01703	0.00959	0.01524	0.00903	0.01074	0.01970	0.00282	0.62982	0.00621	0.00301	0.00762
31	0.01428	0.01361	0.01881	0.01628	0.01661	0.01853	0.01339	0.04121	0.01111	0.01692	0.01070	0.01744	0.01054	0.05201	0.10197	0.00395	0.60602	0.00621	0.00321	0.00719
32	0.00807	0.00680	0.00700	0.00695	0.00915	0.00573	0.00521	0.00991	0.01563	0.01893	0.12750	0.06325	0.65958	0.01669	0.00793	0.00225	0.00338	0.01398	0.00634	0.00573
33	0.01277	0.01199	0.01971	0.53174	0.16012	0.01394	0.01729	0.01681	0.01398	0.01810	0.01903	0.02348	0.09782	0.00786	0.00685	0.00220	0.00808	0.00699	0.00345	0.00779
34	0.02174	0.01686	0.01891	0.10632	0.02315	0.01906	0.01296	0.45125	0.19642	0.03565	0.01835	0.01853	0.01334	0.00815	0.00674	0.00211	0.00707	0.00641	0.00628	0.01072
35	0.02056	0.03805	0.10702	0.08034	0.03924	0.13281	0.01387	0.21125	0.09097	0.09401	0.03680	0.01784	0.01320	0.00802	0.00702	0.02444	0.00796	0.00587	0.00515	0.04557

[dist]
# distance from previous block
# <min> <max>
0	4

[block]
# block no. 2 follows, 32 sequences, length 55
# corresponding to MSA columns:
# 66-120
name=unknown_C
#
# <colnr> <probs for GDERKNQSTAVLIFYWHMCP>
#	G	D	E	R	K	N	Q	S	T	A	V	L	I	F	Y	W	H	M	C	P
0	0.19425	0.29353	0.08134	0.01236	0.01718	0.12258	0.01136	0.06705	0.01535	0.02188	0.03954	0.07047	0.01334	0.00771	0.00533	0.00184	0.00728	0.00550	0.00393	0.00817
1	0.15029	0.05454	0.01870	0.01706	0.09227	0.30788	0.01221	0.12059	0.01816	0.02355	0.01136	0.01317	0.00918	0.00672	0.00610	0.00179	0.02758	0.00460	0.00405	0.10018
2	0.00881	0.00630	0.00852	0.01007	0.01074	0.00600	0.00734	0.01045	0.01348	0.01784	0.03663	0.59413	0.04298	0.02042	0.00873	0.00281	0.00445	0.17846	0.00622	0.00563
3	0.01166	0.00583	0.00874	0.00874	0.00874	0.00583	0.00583	0.00874	0.00874	0.01166	0.01166	0.02040	0.01166	0.02331	0.02622	0.80478	0.00583	0.00583	0.00291	0.00291
4	0.00839	0.00617	0.00791	0.00913	0.00994	0.00569	0.00639	0.00988	0.01371	0.01799	0.07648	0.57058	0.14605	0.01987	0.00849	0.00265	0.00394	0.06486	0.00628	0.00558
5	0.00950	0.00686	0.00897	0.00844	0.01002	0.00633	0.00633	0.01266	0.01899	0.02691	0.71879	0.05012	0.06331	0.01372	0.00791	0.00211	0.00317	0.01213	0.00739	0.00633
6	0.02353	0.01337	0.01579	0.01286	0.01738	0.01374	0.01037	0.15117	0.24199	0.33192	0.07421	0.02428	0.02025	0.00890	0.00685	0.00213	0.00570	0.00727	0.00748	0.01080
7	0.00983	0.00698	0.00880	0.00827	0.01007	0.00632	0.00623	0.01273	0.01838	0.04556	0.59018	0.05175	0.17160	0.01411	0.00788	0.00214	0.00328	0.01232	0.00722	0.00637
8	0.02200	0.01821	0.01791	0.01467	0.01915	0.09564	0.01176	0.40365	0.20814	0.03467	0.06850	0.02045	0.01720	0.00861	0.00676	0.00206	0.00704	0.00670	0.00644	0.01045
9	0.01267	0.01193	0.02013	0.74806	0.04621	0.01491	0.01863	0.01714	0.01342	0.01714	0.01193	0.01789	0.00894	0.00671	0.00671	0.00224	0.00894	0.00596	0.00298	0.00745
10	0.14186	0.02072	0.01774	0.01471	0.01923	0.19937	0.01174	0.35165	0.10467	0.03231	0.01497	0.01537	0.01116	0.00762	0.00618	0.00198	0.00800	0.00543	0.00553	0.00979
11	0.02506	0.03198	0.01901	0.01729	0.02074	0.73725	0.01296	0.02679	0.01901	0.01642	0.01037	0.01210	0.00864	0.00691	0.00605	0.00173	0.01210	0.00432	0.00346	0.00778
12	0.02261	0.01222	0.05058	0.01173	0.01619	0.01064	0.00992	0.04617	0.12083	0.41322	0.12623	0.02833	0.05386	0.00945	0.00688	0.00210	0.00536	0.00784	0.03578	0.01006
13	0.02201	0.34803	0.02595	0.01479	0.01923	0.43216	0.01233	0.02392	0.01670	0.01615	0.00992	0.01153	0.00863	0.00641	0.00530	0.00160	0.00999	0.00401	0.00321	0.00814
14	0.02494	0.01825	0.01953	0.01504	0.02024	0.02018	0.01240	0.67023	0.03079	0.04154	0.01636	0.01650	0.01166	0.00804	0.00662	0.00199	0.00720	0.00605	0.04124	0.01119
15	0.25041	0.01271	0.01448	0.01146	0.01638	0.01259	0.00946	0.10571	0.01842	0.45137	0.02044	0.01869	0.01337	0.00769	0.00601	0.00207	0.00576	0.00579	0.00695	0.01024
16	0.05679	0.01114	0.01539	0.05565	0.05306	0.01028	0.01077	0.02777	0.01792	0.51541	0.05138	0.02887	0.01978	0.00939	0.00697	0.00220	0.00595	0.08379	0.00730	0.01019
17	0.00845	0.00719	0.00732	0.00722	0.00953	0.00626	0.00543	0.01110	0.05108	0.01902	0.09416	0.06192	0.65525	0.01645	0.00787	0.00226	0.00349	0.01374	0.00631	0.00595
18	0.01166	0.00583	0.00874	0.00874	0.00874	0.00583	0.00583	0.00874	0.00874	0.01166	0.01166	0.02040	0.01166	0.02331	0.02622	0.80478	0.00583	0.00583	0.00291	0.00291
19	0.01346	0.03471	0.72942	0.01912	0.02904	0.01558	0.02479	0.02125	0.01417	0.02125	0.01204	0.01417	0.00850	0.00637	0.00637	0.00212	0.00992	0.00496	0.00283	0.00992
20	0.00973	0.00661	0.00783	0.00783	0.00800	0.00678	0.00470	0.01008	0.00991	0.01339	0.02068	0.04134	0.02328	0.65960	0.13721	0.00713	0.00819	0.00938	0.00400	0.00435
21	0.00818	0.00584	0.00779	0.00934	0.00973	0.00545	0.00623	0.00934	0.01285	0.01713	0.03698	0.75981	0.04438	0.02102	0.00856	0.00273	0.00389	0.01908	0.00623	0.00545
22	0.01096	0.00910	0.01224	0.01178	0.01292	0.03772	0.00927	0.01324	0.01115	0.01603	0.01660	0.02421	0.01542	0.04196	0.58729	0.00905	0.11531	0.00687	0.03265	0.00625
23	0.01776	0.01680	0.02567	0.03578	0.56864	0.04573	0.01902	0.09349	0.01682	0.02348	0.01263	0.01624	0.01050	0.00665	0.00772	0.00205	0.06107	0.00591	0.00366	0.01036
24	0.00872	0.00612	0.00790	0.00910	0.00948	0.00585	0.00607	0.00976	0.01234	0.01641	0.03331	0.54963	0.03946	0.18844	0.01438	0.00360	0.00464	0.06385	0.00574	0.00519
25	0.02124	0.21748	0.02266	0.01598	0.05911	0.32994	0.01232	0.07954	0.01751	0.05507	0.01241	0.01454	0.01032	0.01171	0.08979	0.00275	0.01053	0.00482	0.00383	0.00844
26	0.03852	0.06932	0.02186	0.01800	0.09811	0.01627	0.09094	0.21272	0.05609	0.19117	0.05579	0.02027	0.01554	0.02326	0.00792	0.00216	0.03944	0.00666	0.00582	0.01012
27	0.00995	0.00712	0.00890	0.00959	0.01101	0.00675	0.00714	0.01280	0.05479	0.04465	0.10778	0.37727	0.17408	0.01799	0.00833	0.00259	0.00424	0.12238	0.00644	0.00621
28	0.00917	0.00662	0.00889	0.01035	0.01129	0.00634	0.00792	0.01111	0.01399	0.01832	0.03821	0.45704	0.08112	0.01983	0.00880	0.00284	0.00474	0.27147	0.00621	0.00574
29	0.01970	0.20495	0.18704	0.01679	0.05933	0.10565	0.05387	0.06997	0.04302	0.13296	0.01604	0.01681	0.03113	0.00705	0.00608	0.00190	0.00829	0.00549	0.00436	0.00957
30	0.02086	0.01058	0.03361	0.01128	0.01509	0.00918	0.00940	0.04300	0.03698	0.38503	0.17880	0.06755	0.05506	0.01140	0.00738	0.00223	0.00520	0.08067	0.00747	0.00922
31	0.00960	0.00712	0.01043	0.01043	0.01151	0.00819	0.00795	0.01175	0.01068	0.01531	0.01830	0.02815	0.01755	0.12324	0.66574	0.01035	0.01680	0.00745	0.00364	0.00579
32	0.47219	0.07296	0.04083	0.11960	0.01973	0.03701	0.01054	0.04320	0.01368	0.09922	0.01186	0.01349	0.00881	0.00656	0.00503	0.00204	0.00640	0.00445	0.00433	0.00808
33	0.00811	0.00610	0.00752	0.00865	0.00955	0.00551	0.00592	0.00942	0.01352	0.01740	0.04545	0.56988	0.22885	0.01992	0.00839	0.00260	0.00376	0.01773	0.00623	0.00551
34	0.02014	0.31629	0.02499	0.01445	0.01891	0.30820	0.03411	0.02449	0.11013	0.01798	0.01471	0.01567	0.03934	0.00712	0.00561	0.00173	0.00887	0.00500	0.00379	0.00844
35	0.01943	0.14879	0.04851	0.13211	0.07757	0.13176	0.01442	0.18372	0.09101	0.02436	0.01370	0.01565	0.01073	0.00737	0.00710	0.00199	0.05269	0.00544	0.00434	0.00930
36	0.01424	0.03275	0.65296	0.01863	0.02796	0.01591	0.02338	0.05582	0.05518	0.02269	0.01312	0.01489	0.00934	0.00662	0.00642	0.00213	0.00952	0.00516	0.00326	0.01003
37	0.03734	0.20955	0.39209	0.01812	0.08234	0.04434	0.01887	0.02140	0.05040	0.02025	0.01297	0.04049	0.01058	0.00687	0.00592	0.00196	0.00858	0.00529	0.00327	0.00938
38	0.01762	0.05669	0.05460	0.03841	0.07145	0.03964	0.01131	0.08397	0.14755	0.14254	0.13747	0.02743	0.04529	0.04430	0.04952	0.00276	0.00684	0.00768	0.00588	0.00905
39	0.00837	0.00610	0.00793	0.00932	0.01001	0.00566	0.00649	0.00976	0.01333	0.01748	0.04019	0.62769	0.11642	0.02038	0.00856	0.00271	0.00403	0.07382	0.00622	0.00553
40	0.01540	0.01455	0.02487	0.06323	0.56632	0.01459	0.04595	0.01921	0.01507	0.02125	0.01605	0.07399	0.01500	0.00799	0.00703	0.00215	0.00772	0.05617	0.00373	0.00975
41	0.04624	0.15806	0.58298	0.01742	0.02639	0.01742	0.02183	0.02099	0.01397	0.02068	0.01147	0.01346	0.00847	0.00626	0.00594	0.00201	0.00926	0.00467	0.00289	0.00959
42	0.01564	0.19220	0.41245	0.01974	0.07119	0.06452	0.09315	0.02134	0.01461	0.01981	0.01154	0.01387	0.00885	0.00617	0.00608	0.00195	0.00948	0.00500	0.00297	0.00945
43	0.00976	0.00651	0.00732	0.00732	0.00732	0.00651	0.00407	0.00976	0.00976	0.01301	0.02114	0.04391	0.02439	0.76419	0.03415	0.00651	0.00651	0.00976	0.00407	0.00407
44	0.01064	0.00763	0.01059	0.01208	0.01361	0.00758	0.01048	0.01362	0.01536	0.01992	0.03660	0.09767	0.06032	0.01857	0.00920	0.00305	0.00602	0.63474	0.00618	0.00614
45	0.01015	0.00821	0.00929	0.00958	0.01118	0.02758	0.00699	0.01437	0.10981	0.02109	0.19370	0.32343	0.17190	0.01652	0.00802	0.00242	0.00414	0.03866	0.00649	0.00648
46	0.01295	0.00689	0.00799	0.00772	0.00955	0.00658	0.00580	0.01569	0.01515	0.09454	0.13361	0.11543	0.06785	0.01242	0.03364	0.00222	0.00406	0.00917	0.43210	0.00665
47	0.01083	0.00873	0.01264	0.01199	0.01279	0.01083	0.00940	0.01261	0.01051	0.01536	0.01581	0.02447	0.01519	0.08102	0.50316	0.04952	0.17871	0.00697	0.00344	0.00602
48	0.01346	0.03471	0.72942	0.01912	0.02904	0.01558	0.02479	0.02125	0.01417	0.02125	0.01204	0.01417	0.00850	0.00637	0.00637	0.00212	0.00992	0.00496	0.00283	0.00992
49	0.00976	0.00675	0.00857	0.00950	0.01082	0.00620	0.00711	0.01154	0.01430	0.05328	0.04364	0.41041	0.20488	0.01889	0.00847	0.00266	0.00435	0.15659	0.00632	0.00595
50	0.00854	0.00624	0.00808	0.00938	0.01001	0.00592	0.00636	0.01049	0.03994	0.01795	0.06298	0.67918	0.06960	0.02014	0.00845	0.00267	0.00390	0.01819	0.00629	0.00569
51	0.01910	0.63293	0.05937	0.01220	0.01797	0.05018	0.01201	0.05490	0.01506	0.05836	0.01080	0.01190	0.00921	0.00607	0.00471	0.00154	0.00738	0.00397	0.00339	0.00893
52	0.00931	0.00731	0.00849	0.00834	0.01021	0.00679	0.00619	0.01292	0.07143	0.02246	0.33302	0.13984	0.30808	0.01549	0.00791	0.00226	0.00351	0.01339	0.00676	0.00631
53	0.01103	0.00830	0.01059	0.01099	0.01283	0.00841	0.00896	0.01632	0.11820	0.02318	0.25067	0.09881	0.06254	0.01573	0.00841	0.00262	0.00490	0.31403	0.00666	0.00682
54	0.00832	0.00594	0.00793	0.00938	0.00986	0.00556	0.00636	0.00964	0.01323	0.01771	0.07190	0.70420	0.04519	0.02058	0.00855	0.00270	0.00392	0.03721	0.00629	0.00552

[dist]
# distance from previous block
# <min> <max>
0	2

[block]
# block no. 3 follows, 32 sequences, length 26
# corresponding to MSA columns:
# 123-148
name=unknown_D
#
# <colnr> <probs for GDERKNQSTAVLIFYWHMCP>
#	G	D	E	R	K	N	Q	S	T	A	V	L	I	F	Y	W	H	M	C	P
0	0.11993	0.10152	0.33342	0.01506	0.02207	0.01633	0.01662	0.13013	0.01701	0.06151	0.03636	0.01774	0.01225	0.00732	0.00605	0.00202	0.00784	0.03194	0.00424	0.04064
1	0.23323	0.09362	0.06587	0.01358	0.01781	0.31576	0.01140	0.04565	0.04092	0.02246	0.04543	0.01468	0.01171	0.00706	0.00549	0.00186	0.00848	0.00473	0.03229	0.00797
2	0.74098	0.01284	0.01038	0.00911	0.01335	0.01458	0.00750	0.02090	0.01212	0.09307	0.01089	0.01198	0.00811	0.00642	0.00439	0.00208	0.00524	0.00391	0.00453	0.00764
3	0.00883	0.00708	0.00798	0.00812	0.01006	0.00637	0.00616	0.01153	0.04205	0.02018	0.17920	0.13265	0.44258	0.01665	0.00807	0.00236	0.00373	0.07395	0.00646	0.00600
4	0.01341	0.01150	0.01332	0.00968	0.01533	0.00867	0.00771	0.01629	0.01403	0.02155	0.01662	0.01815	0.06932	0.00598	0.00522	0.00110	0.00484	0.00483	0.00416	0.73831
5	0.01226	0.01099	0.01578	0.07927	0.01899	0.03855	0.11757	0.04783	0.04301	0.02150	0.12522	0.11242	0.16693	0.01342	0.00798	0.00242	0.00633	0.14688	0.00557	0.00708
6	0.01765	0.52581	0.10429	0.01294	0.01855	0.08792	0.01276	0.02191	0.08013	0.01763	0.01239	0.03901	0.01099	0.00677	0.00507	0.00166	0.00762	0.00472	0.00341	0.00875
7	0.01669	0.01441	0.01517	0.01365	0.01745	0.01669	0.01062	0.03565	0.71021	0.02807	0.02731	0.02503	0.02048	0.00910	0.00683	0.00228	0.00531	0.00759	0.00683	0.01062
8	0.01429	0.17089	0.60052	0.01771	0.02685	0.01762	0.02232	0.02103	0.01407	0.02024	0.01154	0.01353	0.00852	0.00626	0.00599	0.00200	0.00941	0.00470	0.00284	0.00967
9	0.00956	0.00759	0.00890	0.00948	0.01074	0.03176	0.00654	0.01099	0.01331	0.01779	0.05216	0.56468	0.06440	0.05208	0.00916	0.00262	0.00439	0.01593	0.00579	0.10212
10	0.06515	0.01927	0.01800	0.01474	0.01919	0.17256	0.01183	0.29060	0.09282	0.16666	0.01732	0.01712	0.01240	0.00804	0.00718	0.00204	0.04307	0.00583	0.00602	0.01014
11	0.02133	0.01845	0.02199	0.05273	0.04774	0.08530	0.09379	0.38096	0.04993	0.03140	0.01536	0.04249	0.01210	0.00841	0.00845	0.00216	0.08557	0.00660	0.00532	0.00992
12	0.00883	0.00683	0.00805	0.00774	0.00962	0.00605	0.00581	0.01138	0.01743	0.02319	0.44298	0.05625	0.34144	0.01511	0.00792	0.00218	0.00326	0.01299	0.00690	0.00605
13	0.01408	0.00867	0.01022	0.00917	0.01205	0.00796	0.00719	0.03899	0.06232	0.16723	0.19813	0.04915	0.33358	0.01375	0.00763	0.00222	0.00419	0.03898	0.00697	0.00752
14	0.07570	0.01519	0.01786	0.01623	0.10363	0.03038	0.01167	0.24966	0.04770	0.18395	0.01698	0.01711	0.01217	0.00714	0.00618	0.00183	0.00648	0.00564	0.00587	0.16864
15	0.01560	0.01446	0.02594	0.15571	0.36649	0.01470	0.14850	0.01969	0.01491	0.05390	0.01509	0.06427	0.01290	0.00893	0.03732	0.00250	0.00883	0.00725	0.00371	0.00930
16	0.01059	0.00741	0.00984	0.01085	0.01248	0.00710	0.00903	0.01321	0.01544	0.04352	0.08233	0.15692	0.14743	0.01797	0.00880	0.00282	0.00525	0.42648	0.00634	0.00619
17	0.02494	0.01851	0.01982	0.01532	0.02059	0.02054	0.01262	0.65722	0.07522	0.04137	0.01683	0.01668	0.01199	0.00812	0.00672	0.00203	0.00725	0.00614	0.00672	0.01136
18	0.01217	0.01060	0.04121	0.10633	0.06861	0.01015	0.03483	0.04266	0.05392	0.04250	0.29005	0.06525	0.10081	0.01500	0.07343	0.00295	0.00653	0.00988	0.00569	0.00746
19	0.01612	0.01539	0.02595	0.10355	0.62722	0.01551	0.01981	0.02010	0.01504	0.02149	0.01252	0.01659	0.01044	0.00600	0.00657	0.00197	0.00791	0.00588	0.00332	0.04861
20	0.01340	0.01138	0.01336	0.00988	0.01534	0.00863	0.00780	0.01621	0.01382	0.02144	0.01419	0.08130	0.01305	0.00642	0.00529	0.00115	0.00487	0.00534	0.00418	0.73295
21	0.01648	0.01149	0.04078	0.01277	0.05857	0.01010	0.00966	0.06970	0.06895	0.17040	0.18164	0.10207	0.07361	0.01087	0.00704	0.00203	0.00511	0.02202	0.00637	0.12034
22	0.01604	0.01666	0.07028	0.11013	0.26148	0.08663	0.04328	0.04806	0.03921	0.04159	0.03497	0.02516	0.06246	0.00993	0.03194	0.00245	0.03218	0.05448	0.00416	0.00890
23	0.10308	0.06076	0.07519	0.01455	0.01957	0.11511	0.07324	0.14867	0.08103	0.02611	0.05959	0.04377	0.01516	0.00767	0.00618	0.00188	0.00740	0.00617	0.00479	0.13009
24	0.03545	0.05088	0.08356	0.01180	0.01556	0.07922	0.01023	0.05836	0.06619	0.07484	0.04346	0.12650	0.18968	0.01190	0.00750	0.00214	0.03246	0.03021	0.00539	0.06466
25	0.06979	0.08505	0.03390	0.01353	0.01710	0.09869	0.03748	0.15502	0.06717	0.06608	0.05405	0.15102	0.04632	0.01072	0.00786	0.00217	0.06168	0.00855	0.00535	0.00846

[dist]
# distance from previous block
# <min> <max>
1	31

[block]
# block no. 4 follows, 32 sequences, length 6
# corresponding to MSA columns:
# 180-185
name=unknown_E
#
# <colnr> <probs for GDERKNQSTAVLIFYWHMCP>
#	G	D	E	R	K	N	Q	S	T	A	V	L	I	F	Y	W	H	M	C	P
0	0.12458	0.04144	0.01722	0.01575	0.07255	0.18519	0.01149	0.17618	0.06496	0.04942	0.05844	0.08854	0.01701	0.00913	0.00703	0.00207	0.03815	0.00697	0.00512	0.00877
1	0.22096	0.04960	0.03913	0.01494	0.07484	0.13578	0.01131	0.13970	0.04110	0.07787	0.04224	0.01583	0.01228	0.00704	0.00571	0.00187	0.00712	0.00514	0.00482	0.09272
2	0.07354	0.15579	0.02031	0.01350	0.01816	0.09086	0.01142	0.27811	0.02166	0.13432	0.01706	0.02067	0.01357	0.00998	0.03556	0.00233	0.00776	0.06019	0.00558	0.00962
3	0.14989	0.06710	0.01680	0.09026	0.07639	0.07159	0.01099	0.08905	0.07908	0.02369	0.01519	0.06176	0.01339	0.05729	0.00767	0.00216	0.00670	0.00612	0.00441	0.15046
4	0.10057	0.01387	0.10038	0.01116	0.01490	0.03419	0.00972	0.07050	0.09018	0.05306	0.08479	0.11170	0.13827	0.07866	0.00924	0.00252	0.00570	0.00928	0.00545	0.05584
5	0.01004	0.00797	0.01028	0.01126	0.03783	0.00796	0.00804	0.01256	0.04482	0.01840	0.03657	0.35603	0.14616	0.05387	0.01038	0.00277	0.05381	0.11927	0.00570	0.04626

[dist]
# distance from previous block
# <min> <max>
0	1

[block]
# block no. 5 follows, 32 sequences, length 11
# corresponding to MSA columns:
# 187-197
name=unknown_F
#
# <colnr> <probs for GDERKNQSTAVLIFYWHMCP>
#	G	D	E	R	K	N	Q	S	T	A	V	L	I	F	Y	W	H	M	C	P
0	0.03484	0.01237	0.01315	0.13443	0.01898	0.09792	0.01022	0.04998	0.06696	0.06395	0.02821	0.03939	0.12766	0.14653	0.01212	0.00307	0.00692	0.12113	0.00510	0.00706
1	0.06779	0.01352	0.01518	0.01128	0.01679	0.01221	0.00914	0.15920	0.01730	0.02645	0.01252	0.01420	0.01003	0.00593	0.00587	0.00134	0.03132	0.00445	0.00452	0.56097
2	0.08587	0.01699	0.02306	0.14874	0.34031	0.10103	0.05154	0.07183	0.01654	0.06218	0.01305	0.01619	0.01020	0.00650	0.00645	0.00203	0.00838	0.00573	0.00389	0.00950
3	0.01028	0.00786	0.01176	0.09903	0.01511	0.00802	0.06372	0.01142	0.01154	0.01533	0.02341	0.24980	0.02636	0.33445	0.02049	0.06377	0.00637	0.01163	0.00444	0.00521
4	0.01006	0.06946	0.01077	0.00978	0.01101	0.00816	0.00702	0.05369	0.01420	0.01865	0.03486	0.61849	0.07129	0.01876	0.00807	0.00255	0.00436	0.01675	0.00598	0.00610
5	0.01643	0.01508	0.02054	0.20983	0.24836	0.07027	0.01594	0.04366	0.12432	0.04889	0.06743	0.02052	0.01566	0.00775	0.00753	0.00214	0.04553	0.00658	0.00437	0.00917
6	0.01457	0.01320	0.02065	0.47549	0.16012	0.01487	0.01723	0.07393	0.01530	0.02062	0.01239	0.01705	0.00956	0.00648	0.00649	0.00203	0.00817	0.00574	0.00347	0.10264
7	0.05323	0.01885	0.01779	0.16583	0.02449	0.23321	0.01288	0.09867	0.07631	0.20757	0.01690	0.01757	0.01202	0.00751	0.00643	0.00201	0.00844	0.00573	0.00529	0.00927
8	0.17789	0.03593	0.01829	0.01552	0.05853	0.12426	0.01189	0.35422	0.04319	0.07616	0.01456	0.01508	0.01067	0.00741	0.00606	0.00198	0.00752	0.00535	0.00556	0.00994
9	0.02197	0.01624	0.01792	0.13099	0.02311	0.07573	0.01254	0.29185	0.11881	0.14556	0.06155	0.02050	0.01610	0.00828	0.00675	0.00208	0.00720	0.00659	0.00617	0.01006
10	0.08514	0.01628	0.01836	0.09469	0.10597	0.06103	0.01302	0.31450	0.04671	0.03036	0.01710	0.02126	0.03103	0.02851	0.00728	0.00217	0.00734	0.04393	0.00525	0.05008

[dist]
# distance from previous block
# <min> <max>
1	18

[block]
# block no. 6 follows, 32 sequences, length 64
# corresponding to MSA columns:
# 217-280
name=unknown_G
#
# <colnr> <probs for GDERKNQSTAVLIFYWHMCP>
#	G	D	E	R	K	N	Q	S	T	A	V	L	I	F	Y	W	H	M	C	P
0	0.01084	0.00783	0.00883	0.00831	0.01042	0.00732	0.00605	0.01409	0.06388	0.02043	0.07750	0.12426	0.16517	0.11900	0.04645	0.00300	0.00490	0.01008	0.17210	0.11954
1	0.01727	0.01398	0.01622	0.01329	0.03945	0.01377	0.01029	0.17869	0.12454	0.04036	0.01625	0.04323	0.01321	0.00744	0.00700	0.00167	0.05496	0.00579	0.00512	0.37746
2	0.01402	0.00768	0.01039	0.00968	0.01073	0.00780	0.00689	0.06449	0.04621	0.06311	0.06470	0.02260	0.01612	0.01977	0.02119	0.59365	0.00572	0.00645	0.00407	0.00474
3	0.01479	0.01311	0.01942	0.55511	0.03905	0.01587	0.01678	0.10237	0.11460	0.02174	0.01462	0.01869	0.01088	0.00721	0.00673	0.00221	0.00824	0.00620	0.00398	0.00838
4	0.09315	0.01406	0.01523	0.02840	0.01744	0.06651	0.03031	0.09806	0.01685	0.06306	0.06371	0.01843	0.01455	0.00677	0.00571	0.00153	0.00604	0.02045	0.00476	0.41497
5	0.05231	0.12367	0.06962	0.06621	0.23484	0.06876	0.01550	0.09067	0.04657	0.04837	0.01486	0.03580	0.02743	0.00764	0.00751	0.00204	0.06883	0.00597	0.00405	0.00935
6	0.58790	0.13436	0.01537	0.01164	0.06493	0.01666	0.00894	0.01971	0.01217	0.02681	0.00970	0.01144	0.00786	0.00607	0.00440	0.00191	0.00570	0.00381	0.00388	0.04674
7	0.01033	0.00779	0.00949	0.06256	0.04709	0.00715	0.00719	0.01221	0.01472	0.06454	0.05149	0.13161	0.45959	0.07241	0.00977	0.00261	0.00447	0.01289	0.00583	0.00627
8	0.01543	0.01518	0.02260	0.10481	0.39257	0.06616	0.06134	0.03624	0.03023	0.02122	0.04353	0.02504	0.12022	0.00814	0.00693	0.00207	0.00767	0.00746	0.00403	0.00912
9	0.01106	0.00946	0.01392	0.05002	0.06563	0.01133	0.01066	0.01335	0.01161	0.01652	0.02048	0.07418	0.06959	0.03265	0.39945	0.00695	0.16463	0.00809	0.00378	0.00661
10	0.01748	0.01773	0.02598	0.06437	0.61252	0.10316	0.01960	0.02122	0.01566	0.02108	0.01232	0.01611	0.01033	0.00612	0.00657	0.00197	0.00851	0.00578	0.00333	0.01017
11	0.01635	0.01568	0.02677	0.08785	0.67770	0.01587	0.02046	0.02036	0.01516	0.02161	0.01258	0.01669	0.01052	0.00603	0.00665	0.00201	0.00804	0.00598	0.00330	0.01042
12	0.02421	0.12007	0.02095	0.01659	0.02032	0.65221	0.01279	0.02599	0.01837	0.01635	0.01025	0.01194	0.00864	0.00677	0.00584	0.00169	0.01151	0.00423	0.00339	0.00788
13	0.01346	0.03471	0.72942	0.01912	0.02904	0.01558	0.02479	0.02125	0.01417	0.02125	0.01204	0.01417	0.00850	0.00637	0.00637	0.00212	0.00992	0.00496	0.00283	0.00992
14	0.00912	0.00689	0.00845	0.00820	0.00998	0.00622	0.00624	0.01186	0.01771	0.02397	0.49014	0.05582	0.25125	0.01495	0.00800	0.00221	0.00341	0.05245	0.00698	0.00613
15	0.00947	0.00874	0.06029	0.00916	0.01080	0.00732	0.00719	0.01137	0.01269	0.01711	0.11022	0.10119	0.16110	0.25458	0.18387	0.00554	0.00820	0.01070	0.00484	0.00561
16	0.00862	0.00616	0.00827	0.00971	0.01033	0.00582	0.00687	0.01017	0.01357	0.01812	0.07752	0.62294	0.04471	0.02024	0.00862	0.00274	0.00417	0.10953	0.00629	0.00560
17	0.01642	0.17470	0.02081	0.01431	0.01747	0.21718	0.06297	0.01882	0.01458	0.01709	0.05945	0.01939	0.01491	0.02087	0.23563	0.00463	0.05384	0.00594	0.00360	0.00737
18	0.00923	0.00680	0.00864	0.00841	0.00999	0.00622	0.00630	0.01204	0.01792	0.02477	0.55854	0.10682	0.14927	0.01486	0.00801	0.00221	0.00334	0.03336	0.00711	0.00617
19	0.01982	0.02391	0.01770	0.01649	0.04888	0.47076	0.05658	0.02187	0.01749	0.01729	0.02307	0.02569	0.15113	0.03626	0.00765	0.00208	0.00981	0.02205	0.00408	0.00740
20	0.01346	0.03471	0.72942	0.01912	0.02904	0.01558	0.02479	0.02125	0.01417	0.02125	0.01204	0.01417	0.00850	0.00637	0.00637	0.00212	0.00992	0.00496	0.00283	0.00992
21	0.01710	0.01625	0.02389	0.21262	0.40359	0.06310	0.01851	0.09644	0.01671	0.02246	0.01256	0.01651	0.01010	0.00666	0.00718	0.00207	0.03514	0.00587	0.00361	0.00962
22	0.00812	0.00679	0.00711	0.00730	0.00940	0.00578	0.00552	0.00988	0.01515	0.01818	0.06402	0.10879	0.63513	0.01734	0.00805	0.00235	0.00360	0.05556	0.00623	0.00568
23	0.02470	0.02446	0.01929	0.01615	0.02055	0.34480	0.01270	0.34986	0.07227	0.02961	0.01428	0.01490	0.01078	0.00761	0.00642	0.00190	0.00938	0.00537	0.00525	0.00971
24	0.00807	0.00663	0.00711	0.00736	0.00924	0.00567	0.00538	0.00976	0.01507	0.01847	0.10124	0.18966	0.55808	0.01753	0.00804	0.00234	0.00347	0.01493	0.00630	0.00567
25	0.00818	0.00584	0.00779	0.00934	0.00973	0.00545	0.00623	0.00934	0.01285	0.01713	0.03698	0.75981	0.04438	0.02102	0.00856	0.00273	0.00389	0.01908	0.00623	0.00545
26	0.00950	0.00686	0.00897	0.00844	0.01002	0.00633	0.00633	0.01266	0.01899	0.02691	0.71879	0.05012	0.06331	0.01372	0.00791	0.00211	0.00317	0.01213	0.00739	0.00633
27	0.16024	0.01803	0.01761	0.01398	0.01893	0.08882	0.01142	0.42038	0.02508	0.13741	0.01590	0.01581	0.01119	0.00767	0.00622	0.00201	0.00723	0.00556	0.00619	0.01035
28	0.01549	0.01480	0.02521	0.24221	0.53006	0.01565	0.02004	0.01961	0.01475	0.02056	0.01242	0.01697	0.01015	0.00619	0.00666	0.00206	0.00825	0.00597	0.00322	0.00973
29	0.01783	0.74975	0.05265	0.01167	0.01752	0.02627	0.01182	0.02012	0.01365	0.01592	0.00940	0.01085	0.00861	0.00576	0.00436	0.00145	0.00724	0.00362	0.00287	0.00864
30	0.72792	0.05872	0.02891	0.00965	0.01409	0.01579	0.02314	0.01982	0.01171	0.02885	0.00950	0.01113	0.00744	0.00619	0.00430	0.00204	0.00555	0.00376	0.00403	0.00745
31	0.02469	0.01884	0.01937	0.01523	0.02031	0.06278	0.01243	0.56397	0.10371	0.06380	0.01735	0.01708	0.01241	0.00811	0.00669	0.00203	0.00738	0.00613	0.00659	0.01111
32	0.00798	0.00680	0.00687	0.00685	0.00909	0.00569	0.00514	0.00973	0.01541	0.01840	0.08848	0.06412	0.69893	0.01689	0.00793	0.00226	0.00339	0.01410	0.00627	0.00569
33	0.00825	0.00595	0.00782	0.00917	0.00972	0.00552	0.00619	0.00958	0.01337	0.01784	0.08491	0.68175	0.07437	0.02035	0.00849	0.00266	0.00382	0.01839	0.00631	0.00552
34	0.01618	0.01551	0.02646	0.11779	0.64906	0.01583	0.02038	0.02022	0.01508	0.02140	0.01255	0.01675	0.01045	0.00606	0.00665	0.00202	0.00808	0.00598	0.00328	0.01028
35	0.02720	0.01608	0.01846	0.01415	0.01945	0.01678	0.01169	0.45416	0.02700	0.29451	0.01993	0.01859	0.01333	0.00815	0.00673	0.00204	0.00677	0.00630	0.00730	0.01141
36	0.00994	0.00764	0.01120	0.01100	0.01204	0.00907	0.00851	0.01211	0.01068	0.01544	0.01758	0.02678	0.01677	0.09656	0.64195	0.00997	0.06597	0.00728	0.00358	0.00595
37	0.00945	0.00686	0.00890	0.00839	0.00999	0.00631	0.00629	0.01257	0.01888	0.02664	0.69881	0.05057	0.08347	0.01382	0.00791	0.00212	0.00317	0.01220	0.00735	0.00631
38	0.01775	0.73705	0.06467	0.01181	0.01772	0.02608	0.01205	0.02014	0.01366	0.01602	0.00944	0.01091	0.00861	0.00577	0.00439	0.00146	0.00729	0.00365	0.00287	0.00867
39	0.81159	0.01298	0.00986	0.00882	0.01298	0.01505	0.00727	0.01972	0.01142	0.03010	0.00934	0.01090	0.00727	0.00623	0.00415	0.00208	0.00519	0.00363	0.00415	0.00727
40	0.07088	0.01477	0.01560	0.01339	0.01742	0.01669	0.01066	0.21425	0.40768	0.03180	0.07585	0.02487	0.02085	0.00922	0.00676	0.00220	0.00573	0.02454	0.00665	0.01017
41	0.00856	0.00682	0.00768	0.00746	0.00945	0.00593	0.00560	0.01086	0.01679	0.02168	0.33141	0.05872	0.45395	0.01567	0.00792	0.00220	0.00330	0.01334	0.00670	0.00593
42	0.01710	0.59029	0.13405	0.01422	0.02066	0.02405	0.08101	0.02039	0.01393	0.01712	0.01013	0.01197	0.00875	0.00582	0.00495	0.00161	0.00797	0.00421	0.00292	0.00884
43	0.01067	0.00668	0.00784	0.00833	0.00976	0.00629	0.00606	0.01309	0.02970	0.05106	0.05306	0.32608	0.15829	0.01541	0.00724	0.00227	0.00379	0.04490	0.23334	0.00615
44	0.01565	0.01485	0.03723	0.01334	0.01690	0.06923	0.02730	0.02922	0.46958	0.02656	0.17424	0.02894	0.02818	0.00976	0.00702	0.00219	0.00566	0.00824	0.00648	0.00942
45	0.02193	0.01549	0.01699	0.01401	0.01858	0.01706	0.01125	0.26992	0.36103	0.14371	0.02322	0.02153	0.01666	0.00861	0.00677	0.00215	0.00611	0.00691	0.00702	0.01103
46	0.01437	0.01422	0.02103	0.11165	0.06797	0.01894	0.03370	0.01649	0.01124	0.01683	0.01050	0.03967	0.01015	0.01087	0.01825	0.00276	0.56435	0.00638	0.00309	0.00756
47	0.00857	0.00612	0.00823	0.00979	0.01035	0.00579	0.00691	0.01002	0.01323	0.01757	0.03677	0.65848	0.04353	0.02065	0.00867	0.00278	0.00423	0.11655	0.00622	0.00556
48	0.02294	0.02043	0.06689	0.01609	0.02124	0.10330	0.04661	0.49316	0.02681	0.03503	0.01655	0.06921	0.01321	0.00863	0.00680	0.00205	0.00805	0.00680	0.00588	0.01034
49	0.75493	0.01340	0.01060	0.00930	0.01354	0.01547	0.00766	0.06875	0.01287	0.03098	0.00983	0.01128	0.00757	0.00636	0.00434	0.00207	0.00535	0.00381	0.00434	0.00757
50	0.01444	0.01080	0.01332	0.04858	0.01707	0.01142	0.01086	0.02308	0.25691	0.06951	0.02922	0.04732	0.02734	0.01303	0.00782	0.00255	0.00589	0.31890	0.00623	0.06572
51	0.01582	0.01239	0.01447	0.01047	0.01634	0.00986	0.00842	0.06717	0.01553	0.06988	0.01319	0.01466	0.01048	0.00541	0.00521	0.00114	0.00519	0.00431	0.00446	0.69560
52	0.01013	0.00833	0.01113	0.01025	0.01248	0.00791	0.05650	0.01437	0.08552	0.02248	0.28588	0.13617	0.24378	0.01480	0.00797	0.00232	0.00430	0.05254	0.00649	0.00664
53	0.01350	0.00721	0.00731	0.00695	0.00881	0.00736	0.00530	0.06768	0.01540	0.02633	0.02145	0.02434	0.01676	0.00784	0.00484	0.00160	0.00345	0.00624	0.74100	0.00665
54	0.01489	0.01869	0.11651	0.16224	0.03536	0.01664	0.44729	0.02031	0.01483	0.02031	0.01278	0.01738	0.00966	0.00632	0.00839	0.00228	0.05706	0.00707	0.00322	0.00874
55	0.00933	0.00647	0.00730	0.00747	0.00782	0.00627	0.00445	0.00969	0.01085	0.01416	0.02926	0.12608	0.12102	0.58034	0.02775	0.00551	0.00579	0.01139	0.00460	0.00444
56	0.75114	0.01309	0.01027	0.00919	0.01332	0.01518	0.00752	0.02094	0.06456	0.02995	0.01071	0.01197	0.00827	0.00645	0.00436	0.00209	0.00520	0.00393	0.00436	0.00752
57	0.00846	0.00613	0.00780	0.00902	0.00966	0.00572	0.00615	0.00969	0.01299	0.01702	0.03908	0.56430	0.12375	0.09361	0.01105	0.00306	0.00423	0.05688	0.00601	0.00538
58	0.02506	0.03198	0.01901	0.01729	0.02074	0.73725	0.01296	0.02679	0.01901	0.01642	0.01037	0.01210	0.00864	0.00691	0.00605	0.00173	0.01210	0.00432	0.00346	0.00778
59	0.01782	0.74847	0.05386	0.01169	0.01754	0.02625	0.01184	0.02012	0.01365	0.01593	0.00940	0.01086	0.00861	0.00576	0.00436	0.00145	0.00725	0.00362	0.00287	0.00865
60	0.02248	0.01632	0.01703	0.01379	0.01817	0.06815	0.01111	0.41328	0.04690	0.12091	0.02265	0.06566	0.06829	0.01194	0.04922	0.00258	0.00755	0.00752	0.00643	0.01002
61	0.01139	0.06517	0.06833	0.01236	0.01478	0.01034	0.05245	0.05387	0.01421	0.01921	0.02735	0.42765	0.03061	0.01844	0.06233	0.00310	0.03403	0.04591	0.00521	0.02327
62	0.10079	0.01774	0.01930	0.01506	0.02019	0.03401	0.04103	0.50252	0.08538	0.07197	0.01668	0.01669	0.01192	0.00785	0.00651	0.00205	0.00718	0.00602	0.00634	0.01077
63	0.01204	0.00983	0.01143	0.04673	0.01453	0.03599	0.00885	0.04560	0.11553	0.02342	0.23423	0.13079	0.10134	0.01399	0.00781	0.00236	0.00501	0.13841	0.00632	0.03577

[dist]
# distance from previous block
# <min> <max>
9	27

[block]
# block no. 7 follows, 32 sequences, length 39
# corresponding to MSA columns:
# 310-348
name=unknown_H
#
# <colnr> <probs for GDERKNQSTAVLIFYWHMCP>
#	G	D	E	R	K	N	Q	S	T	A	V	L	I	F	Y	W	H	M	C	P
0	0.01745	0.06869	0.03723	0.08034	0.34100	0.12682	0.03763	0.02304	0.10779	0.02110	0.01393	0.01655	0.01127	0.00650	0.00634	0.00191	0.00820	0.00568	0.00379	0.06475
1	0.01566	0.07082	0.02383	0.10078	0.27816	0.11003	0.10726	0.01899	0.01526	0.01935	0.01924	0.10562	0.06871	0.00871	0.00690	0.00208	0.00818	0.00799	0.00384	0.00858
2	0.02165	0.01298	0.04910	0.01213	0.01618	0.03360	0.02787	0.10071	0.05910	0.33021	0.08985	0.02748	0.02125	0.13233	0.01128	0.00279	0.00624	0.00759	0.02838	0.00929
3	0.00953	0.00946	0.06400	0.00931	0.01179	0.00749	0.00782	0.01295	0.06160	0.01936	0.08874	0.13730	0.37626	0.06179	0.00957	0.00266	0.00460	0.09353	0.00594	0.00631
4	0.12342	0.01249	0.01464	0.01287	0.07030	0.01114	0.00947	0.05431	0.01467	0.02383	0.01361	0.01862	0.01190	0.00659	0.00581	0.00148	0.02283	0.05629	0.00424	0.51148
5	0.01748	0.13055	0.02339	0.10788	0.27159	0.14676	0.01549	0.02285	0.11128	0.02044	0.03924	0.01898	0.01374	0.00723	0.00633	0.00196	0.00812	0.02356	0.00394	0.00918
6	0.02659	0.06631	0.01749	0.01266	0.01753	0.06888	0.01045	0.14410	0.02090	0.45469	0.07267	0.02201	0.01795	0.00837	0.00660	0.00200	0.00641	0.00661	0.00721	0.01057
7	0.02590	0.01515	0.06618	0.01357	0.01875	0.01384	0.01180	0.21175	0.04317	0.41551	0.02303	0.02129	0.03475	0.00855	0.00749	0.00212	0.04248	0.00663	0.00713	0.01092
8	0.08262	0.01225	0.01544	0.06285	0.01865	0.01201	0.01036	0.12522	0.04002	0.43606	0.09373	0.02351	0.01955	0.00859	0.00667	0.00209	0.00587	0.00694	0.00727	0.01030
9	0.46281	0.06950	0.06367	0.05521	0.05064	0.01576	0.01037	0.06549	0.04484	0.02670	0.01202	0.01534	0.00991	0.06508	0.00720	0.00239	0.00627	0.00478	0.00415	0.00790
10	0.02166	0.07540	0.02087	0.16049	0.02531	0.03954	0.01366	0.44043	0.08017	0.03340	0.01549	0.01665	0.01135	0.00766	0.00652	0.00203	0.00764	0.00591	0.00559	0.01025
11	0.00950	0.00686	0.00897	0.00844	0.01002	0.00633	0.00633	0.01266	0.01899	0.02691	0.71879	0.05012	0.06331	0.01372	0.00791	0.00211	0.00317	0.01213	0.00739	0.00633
