[name]
unknown

[dist]
# distance from previous block
# <min> <max>
0	10

[block]
# block no. 0 follows, 34 sequences, length 57
# corresponding to MSA columns:
# 10-66
name=unknown_A
#
# <colnr> <probs for GDERKNQSTAVLIFYWHMCP>
#	G	D	E	R	K	N	Q	S	T	A	V	L	I	F	Y	W	H	M	C	P
0	0.01342	0.01212	0.01806	0.19773	0.24464	0.01253	0.01413	0.01861	0.09783	0.02015	0.01948	0.05807	0.06012	0.00826	0.00651	0.00197	0.00657	0.05103	0.00411	0.13467
1	0.04189	0.01141	0.01362	0.00995	0.01548	0.00899	0.00803	0.01965	0.01443	0.17644	0.01444	0.01517	0.01088	0.00552	0.00513	0.00122	0.00495	0.00440	0.00474	0.61366
2	0.01727	0.77681	0.03386	0.01106	0.01658	0.02557	0.01106	0.01935	0.01313	0.01520	0.00898	0.01036	0.00829	0.00553	0.00415	0.00138	0.00691	0.00345	0.00276	0.00829
3	0.02482	0.01648	0.03971	0.01487	0.04323	0.01686	0.01209	0.46913	0.04780	0.22046	0.01822	0.01743	0.01246	0.00774	0.00646	0.00197	0.00672	0.00601	0.00665	0.01090
4	0.01522	0.01724	0.04816	0.01931	0.02202	0.11359	0.21737	0.01803	0.01291	0.01734	0.01242	0.07843	0.01173	0.00955	0.01359	0.00244	0.35276	0.00708	0.00329	0.00754
5	0.00764	0.00655	0.00655	0.00655	0.00873	0.00545	0.00491	0.00927	0.01473	0.01745	0.06546	0.06218	0.73000	0.01636	0.00764	0.00218	0.00327	0.01364	0.00600	0.00545
6	0.02111	0.24540	0.02287	0.01594	0.05730	0.46877	0.01222	0.02307	0.01661	0.01632	0.03817	0.01296	0.01049	0.00654	0.00544	0.00161	0.00972	0.00434	0.00331	0.00782
7	0.00923	0.00692	0.01038	0.01038	0.01154	0.00808	0.00808	0.01154	0.01038	0.01500	0.01731	0.02538	0.01615	0.04846	0.74732	0.01038	0.01731	0.00692	0.00346	0.00577
8	0.05946	0.21744	0.26274	0.01723	0.06814	0.12029	0.06314	0.02195	0.05624	0.03938	0.01196	0.01362	0.00931	0.00618	0.00563	0.00183	0.00852	0.00474	0.00333	0.00887
9	0.01684	0.69133	0.08109	0.01183	0.01737	0.02458	0.01207	0.01925	0.01302	0.01557	0.00914	0.01076	0.00829	0.00583	0.00506	0.00149	0.04174	0.00365	0.00276	0.00832
10	0.02879	0.01132	0.01520	0.01165	0.01666	0.00998	0.00962	0.06271	0.01904	0.70510	0.02503	0.02169	0.01576	0.00799	0.00650	0.00200	0.00557	0.00647	0.00793	0.01100
11	0.00780	0.00655	0.00677	0.00672	0.00883	0.00552	0.00504	0.00959	0.01511	0.01837	0.13708	0.06068	0.65781	0.01602	0.00763	0.00217	0.00325	0.01343	0.00612	0.00552
12	0.01803	0.39632	0.18887	0.01482	0.04410	0.09946	0.01457	0.11814	0.01629	0.02026	0.01071	0.01216	0.00872	0.00611	0.00518	0.00166	0.00807	0.00424	0.00335	0.00894
13	0.00923	0.00692	0.01038	0.01038	0.01154	0.00808	0.00808	0.01154	0.01038	0.01500	0.01731	0.02538	0.01615	0.04846	0.74732	0.01038	0.01731	0.00692	0.00346	0.00577
14	0.01122	0.00561	0.00842	0.00842	0.00842	0.00561	0.00561	0.00842	0.00842	0.01122	0.01122	0.01964	0.01122	0.02245	0.02525	0.81201	0.00561	0.00561	0.00281	0.00281
15	0.01759	0.01464	0.01547	0.01346	0.01738	0.01678	0.01059	0.15550	0.59730	0.02948	0.02437	0.02257	0.01816	0.00859	0.00655	0.00215	0.00547	0.00704	0.00655	0.01036
16	0.09181	0.16300	0.04630	0.01473	0.01994	0.08953	0.07508	0.31311	0.02136	0.08531	0.01361	0.01435	0.01007	0.00683	0.00584	0.00184	0.00762	0.00519	0.00495	0.00953
17	0.01070	0.00866	0.00976	0.00912	0.01143	0.00876	0.00694	0.01768	0.21734	0.02388	0.34442	0.04526	0.23537	0.01282	0.00733	0.00212	0.00370	0.01098	0.00665	0.00709
18	0.01379	0.09156	0.03626	0.00998	0.01581	0.01056	0.00847	0.01671	0.01338	0.02043	0.01123	0.01309	0.00940	0.00490	0.00476	0.00103	0.00514	0.00382	0.00369	0.70601
19	0.02724	0.01105	0.01482	0.01128	0.01636	0.00940	0.00929	0.02978	0.01792	0.65675	0.02392	0.02103	0.01527	0.00764	0.00631	0.00188	0.00542	0.00620	0.00753	0.10092
20	0.01607	0.01388	0.01461	0.01315	0.01680	0.01607	0.01023	0.03433	0.72094	0.02703	0.02630	0.02411	0.01972	0.00877	0.00657	0.00219	0.00511	0.00731	0.00657	0.01023
21	0.00910	0.00657	0.00860	0.00816	0.00964	0.00607	0.00609	0.01208	0.01808	0.02558	0.70493	0.07348	0.06033	0.01346	0.00764	0.00205	0.00307	0.01192	0.00707	0.00607
22	0.01767	0.68345	0.03176	0.01149	0.01682	0.05010	0.01110	0.04181	0.05448	0.01669	0.01021	0.01136	0.00903	0.00582	0.00442	0.00146	0.00698	0.00377	0.00312	0.00846
23	0.81856	0.01250	0.00950	0.00850	0.01250	0.01449	0.00700	0.01899	0.01100	0.02899	0.00900	0.01050	0.00700	0.00600	0.00400	0.00200	0.00500	0.00350	0.00400	0.00700
24	0.00914	0.00660	0.00864	0.00813	0.00965	0.00610	0.00610	0.01219	0.01829	0.02591	0.72921	0.04827	0.06097	0.01321	0.00762	0.00203	0.00305	0.01169	0.00711	0.00610
25	0.00787	0.00562	0.00750	0.00900	0.00937	0.00525	0.00600	0.00900	0.01237	0.01649	0.03561	0.76871	0.04274	0.02024	0.00825	0.00262	0.00375	0.01837	0.00600	0.00525
26	0.81856	0.01250	0.00950	0.00850	0.01250	0.01449	0.00700	0.01899	0.01100	0.02899	0.00900	0.01050	0.00700	0.00600	0.00400	0.00200	0.00500	0.00350	0.00400	0.00700
27	0.81856	0.01250	0.00950	0.00850	0.01250	0.01449	0.00700	0.01899	0.01100	0.02899	0.00900	0.01050	0.00700	0.00600	0.00400	0.00200	0.00500	0.00350	0.00400	0.00700
28	0.00923	0.00692	0.01038	0.01038	0.01154	0.00808	0.00808	0.01154	0.01038	0.01500	0.01731	0.02538	0.01615	0.04846	0.74732	0.01038	0.01731	0.00692	0.00346	0.00577
29	0.81856	0.01250	0.00950	0.00850	0.01250	0.01449	0.00700	0.01899	0.01100	0.02899	0.00900	0.01050	0.00700	0.00600	0.00400	0.00200	0.00500	0.00350	0.00400	0.00700
30	0.01356	0.12104	0.53912	0.01613	0.02459	0.01530	0.01976	0.01967	0.01354	0.01991	0.01126	0.01320	0.00842	0.00585	0.00568	0.00179	0.00848	0.00446	0.00291	0.13535
31	0.26219	0.08812	0.24057	0.01608	0.02220	0.01633	0.15089	0.02050	0.05230	0.02281	0.01153	0.01373	0.00880	0.00629	0.00631	0.00204	0.04246	0.00501	0.00345	0.00841
32	0.01607	0.01388	0.01461	0.01315	0.01680	0.01607	0.01023	0.03433	0.72094	0.02703	0.02630	0.02411	0.01972	0.00877	0.00657	0.00219	0.00511	0.00731	0.00657	0.01023
33	0.01070	0.00860	0.01012	0.00876	0.01169	0.00768	0.00673	0.01508	0.09109	0.02336	0.35999	0.03926	0.15763	0.01115	0.00680	0.00180	0.00374	0.00957	0.00604	0.21023
34	0.00902	0.00651	0.00853	0.00821	0.00963	0.00602	0.00609	0.01189	0.01772	0.02501	0.66271	0.11734	0.05922	0.01388	0.00768	0.00209	0.00312	0.01233	0.00701	0.00602
35	0.01340	0.01148	0.01340	0.00957	0.01531	0.00861	0.00766	0.01627	0.01340	0.02105	0.01148	0.01340	0.00957	0.00479	0.00479	0.00096	0.00479	0.00383	0.00383	0.81242
36	0.01858	0.01429	0.01450	0.01265	0.01631	0.08396	0.00990	0.05944	0.41588	0.14877	0.11105	0.02517	0.02271	0.00894	0.00661	0.00208	0.00564	0.00734	0.00657	0.00962
37	0.01062	0.00787	0.01161	0.01256	0.01426	0.00782	0.04051	0.01370	0.01489	0.01940	0.03330	0.07050	0.03601	0.01731	0.00887	0.00294	0.00616	0.65977	0.00583	0.00607
38	0.01727	0.77681	0.03386	0.01106	0.01658	0.02557	0.01106	0.01935	0.01313	0.01520	0.00898	0.01036	0.00829	0.00553	0.00415	0.00138	0.00691	0.00345	0.00276	0.00829
39	0.00898	0.00660	0.00841	0.00796	0.00955	0.00603	0.00597	0.01188	0.01791	0.02500	0.65800	0.04976	0.13274	0.01355	0.00762	0.00205	0.00307	0.01189	0.00699	0.00603
40	0.00970	0.00795	0.01085	0.01110	0.01153	0.00911	0.00830	0.01115	0.01236	0.01718	0.08531	0.48191	0.03527	0.01728	0.01151	0.00265	0.19523	0.05053	0.00528	0.00582
41	0.81856	0.01250	0.00950	0.00850	0.01250	0.01449	0.00700	0.01899	0.01100	0.02899	0.00900	0.01050	0.00700	0.00600	0.00400	0.00200	0.00500	0.00350	0.00400	0.00700
42	0.02456	0.01810	0.01939	0.01487	0.02004	0.02004	0.01228	0.71107	0.03038	0.04072	0.01551	0.01551	0.01099	0.00776	0.00646	0.00194	0.00711	0.00582	0.00646	0.01099
43	0.01992	0.02259	0.01817	0.01623	0.01954	0.43111	0.07386	0.08256	0.01823	0.01933	0.01687	0.02798	0.01598	0.00948	0.00683	0.00207	0.00974	0.17774	0.00426	0.00752
44	0.01548	0.01546	0.01923	0.01647	0.01708	0.07674	0.01354	0.06335	0.01193	0.01718	0.00947	0.01496	0.00913	0.03585	0.01938	0.00279	0.62588	0.00567	0.00315	0.00726
45	0.00940	0.00626	0.00705	0.00705	0.00705	0.00626	0.00392	0.00940	0.00940	0.01253	0.02036	0.04228	0.02349	0.77292	0.03289	0.00626	0.00626	0.00940	0.00392	0.00392
46	0.00804	0.00580	0.00762	0.00878	0.00939	0.00537	0.00597	0.00945	0.01329	0.01784	0.13317	0.64074	0.07236	0.01911	0.00814	0.00252	0.00363	0.01725	0.00615	0.00537
47	0.01220	0.01148	0.01938	0.75739	0.04450	0.01436	0.01794	0.01651	0.01292	0.01651	0.01148	0.01723	0.00861	0.00646	0.00646	0.00215	0.00861	0.00574	0.00287	0.00718
48	0.01599	0.01535	0.02623	0.03966	0.73262	0.01535	0.01983	0.01983	0.01471	0.02111	0.01215	0.01599	0.01023	0.00576	0.00640	0.00192	0.00768	0.00576	0.00320	0.01023
49	0.00787	0.00562	0.00750	0.00900	0.00937	0.00525	0.00600	0.00900	0.01237	0.01649	0.03561	0.76871	0.04274	0.02024	0.00825	0.00262	0.00375	0.01837	0.00600	0.00525
50	0.01599	0.01535	0.02623	0.03966	0.73262	0.01535	0.01983	0.01983	0.01471	0.02111	0.01215	0.01599	0.01023	0.00576	0.00640	0.00192	0.00768	0.00576	0.00320	0.01023
51	0.02456	0.01810	0.01939	0.01487	0.02004	0.02004	0.01228	0.71107	0.03038	0.04072	0.01551	0.01551	0.01099	0.00776	0.00646	0.00194	0.00711	0.00582	0.00646	0.01099
52	0.01220	0.01148	0.01938	0.75739	0.04450	0.01436	0.01794	0.01651	0.01292	0.01651	0.01148	0.01723	0.00861	0.00646	0.00646	0.00215	0.00861	0.00574	0.00287	0.00718
53	0.01041	0.00744	0.01041	0.01190	0.01339	0.00744	0.01041	0.01339	0.01487	0.01934	0.03421	0.07288	0.03719	0.01785	0.00892	0.00297	0.00595	0.68913	0.00595	0.00595
54	0.00846	0.00645	0.00778	0.00772	0.00930	0.00576	0.00568	0.01077	0.01627	0.02176	0.40973	0.15288	0.28348	0.01525	0.00771	0.00216	0.00322	0.01327	0.00658	0.00576
55	0.01346	0.00953	0.01163	0.00946	0.01320	0.00810	0.00738	0.01724	0.06039	0.10153	0.27148	0.06800	0.03105	0.00923	0.00628	0.00162	0.00421	0.00793	0.00575	0.34253
56	0.01755	0.04622	0.29935	0.01601	0.02285	0.01422	0.08887	0.09044	0.06855	0.15264	0.03427	0.01727	0.01240	0.00679	0.00627	0.00193	0.00768	0.00572	0.00461	0.08637

[dist]
# distance from previous block
# <min> <max>
0	3

[block]
# block no. 1 follows, 34 sequences, length 48
# corresponding to MSA columns:
# 70-117
name=unknown_B
#
# <colnr> <probs for GDERKNQSTAVLIFYWHMCP>
#	G	D	E	R	K	N	Q	S	T	A	V	L	I	F	Y	W	H	M	C	P
0	0.08520	0.01221	0.01311	0.01212	0.01399	0.09363	0.00970	0.06846	0.01371	0.03785	0.01695	0.02674	0.01591	0.05924	0.21946	0.00477	0.13644	0.09467	0.05907	0.00677
1	0.01559	0.01433	0.04705	0.12849	0.20335	0.01390	0.10444	0.11663	0.04046	0.04381	0.09115	0.04179	0.01679	0.00741	0.00660	0.00194	0.00717	0.00686	0.00442	0.08782
2	0.01515	0.01438	0.02442	0.14369	0.59496	0.01480	0.01907	0.01901	0.01446	0.02034	0.01318	0.01907	0.01137	0.00648	0.00653	0.00201	0.00773	0.04049	0.00329	0.00957
3	0.00942	0.00759	0.00943	0.03379	0.01160	0.02993	0.00715	0.01158	0.01362	0.01811	0.19352	0.03956	0.21601	0.02819	0.30695	0.03380	0.00941	0.00964	0.00493	0.00576
4	0.43810	0.01332	0.01310	0.01067	0.01519	0.01439	0.00881	0.17326	0.01719	0.21741	0.01475	0.01461	0.01023	0.00691	0.00519	0.00199	0.00559	0.00479	0.00559	0.00892
5	0.01623	0.00795	0.01002	0.00866	0.01141	0.00715	0.00679	0.01895	0.01703	0.26271	0.28144	0.03590	0.10393	0.01061	0.00661	0.00193	0.00388	0.00898	0.17215	0.00766
6	0.01727	0.77681	0.03386	0.01106	0.01658	0.02557	0.01106	0.01935	0.01313	0.01520	0.00898	0.01036	0.00829	0.00553	0.00415	0.00138	0.00691	0.00345	0.00276	0.00829
7	0.00798	0.00660	0.00702	0.00703	0.00909	0.00564	0.00535	0.00987	0.01521	0.01868	0.15245	0.06087	0.60549	0.01602	0.00770	0.00220	0.00338	0.04771	0.00615	0.00557
8	0.81856	0.01250	0.00950	0.00850	0.01250	0.01449	0.00700	0.01899	0.01100	0.02899	0.00900	0.01050	0.00700	0.00600	0.00400	0.00200	0.00500	0.00350	0.00400	0.00700
9	0.02899	0.01100	0.01499	0.01150	0.01649	0.00950	0.00950	0.03149	0.01849	0.73709	0.02549	0.02199	0.01599	0.00800	0.00650	0.00200	0.00550	0.00650	0.00800	0.01100
10	0.81856	0.01250	0.00950	0.00850	0.01250	0.01449	0.00700	0.01899	0.01100	0.02899	0.00900	0.01050	0.00700	0.00600	0.00400	0.00200	0.00500	0.00350	0.00400	0.00700
11	0.00764	0.00655	0.00655	0.00655	0.00873	0.00545	0.00491	0.00927	0.01473	0.01745	0.06546	0.06218	0.73000	0.01636	0.00764	0.00218	0.00327	0.01364	0.00600	0.00545
12	0.81856	0.01250	0.00950	0.00850	0.01250	0.01449	0.00700	0.01899	0.01100	0.02899	0.00900	0.01050	0.00700	0.00600	0.00400	0.00200	0.00500	0.00350	0.00400	0.00700
13	0.01220	0.01148	0.01938	0.75739	0.04450	0.01436	0.01794	0.01651	0.01292	0.01651	0.01148	0.01723	0.00861	0.00646	0.00646	0.00215	0.00861	0.00574	0.00287	0.00718
14	0.00907	0.00660	0.00853	0.00805	0.00961	0.00606	0.00604	0.01205	0.01811	0.02549	0.69633	0.04895	0.09411	0.01337	0.00762	0.00204	0.00306	0.01178	0.00706	0.00606
15	0.01702	0.01435	0.01514	0.01334	0.01716	0.01651	0.01046	0.10979	0.64394	0.02856	0.02510	0.02315	0.01875	0.00865	0.00656	0.00216	0.00534	0.00714	0.00656	0.01031
16	0.01505	0.01439	0.02452	0.21872	0.56094	0.01510	0.01936	0.01900	0.01427	0.01996	0.01199	0.01630	0.00983	0.00593	0.00641	0.00198	0.00791	0.00575	0.00312	0.00947
17	0.01912	0.30054	0.02290	0.01351	0.01775	0.25556	0.01126	0.02606	0.23320	0.01905	0.01465	0.01502	0.01183	0.00689	0.00544	0.00172	0.00789	0.00487	0.00412	0.00863
18	0.00971	0.00684	0.00913	0.01030	0.01126	0.00677	0.00818	0.01169	0.01322	0.01733	0.03150	0.19856	0.03530	0.18067	0.01395	0.00362	0.00560	0.41547	0.00552	0.00538
19	0.00787	0.00562	0.00750	0.00900	0.00937	0.00525	0.00600	0.00900	0.01237	0.01649	0.03561	0.76871	0.04274	0.02024	0.00825	0.00262	0.00375	0.01837	0.00600	0.00525
20	0.01820	0.01463	0.01859	0.01509	0.01795	0.01730	0.04365	0.31054	0.01982	0.04805	0.07348	0.01891	0.01488	0.01274	0.07409	0.00297	0.25899	0.00645	0.00495	0.00873
21	0.01599	0.01535	0.02623	0.03966	0.73262	0.01535	0.01983	0.01983	0.01471	0.02111	0.01215	0.01599	0.01023	0.00576	0.00640	0.00192	0.00768	0.00576	0.00320	0.01023
22	0.01255	0.01214	0.01774	0.01504	0.01606	0.01541	0.06928	0.01448	0.01174	0.01707	0.08508	0.02503	0.10341	0.03732	0.05518	0.00312	0.47133	0.00756	0.00373	0.00675
23	0.01773	0.00995	0.01084	0.00915	0.01212	0.01027	0.00729	0.20453	0.01875	0.12596	0.02018	0.02150	0.01498	0.00765	0.00531	0.00169	0.00445	0.00603	0.48358	0.00804
24	0.01920	0.52704	0.09782	0.01225	0.01796	0.05865	0.01218	0.04643	0.01485	0.12306	0.01195	0.01265	0.00952	0.00609	0.00485	0.00157	0.00720	0.00415	0.00369	0.00887
25	0.01287	0.01313	0.07514	0.06004	0.29637	0.01159	0.03552	0.04063	0.01625	0.02270	0.24655	0.03051	0.09307	0.00925	0.00693	0.00201	0.00606	0.00837	0.00477	0.00824
26	0.00893	0.00685	0.00820	0.00782	0.00962	0.00626	0.00588	0.01208	0.04244	0.02333	0.49807	0.05171	0.26699	0.01403	0.00759	0.00208	0.00319	0.01213	0.00675	0.00605
27	0.01727	0.77681	0.03386	0.01106	0.01658	0.02557	0.01106	0.01935	0.01313	0.01520	0.00898	0.01036	0.00829	0.00553	0.00415	0.00138	0.00691	0.00345	0.00276	0.00829
28	0.00787	0.00562	0.00750	0.00900	0.00937	0.00525	0.00600	0.00900	0.01237	0.01649	0.03561	0.76871	0.04274	0.02024	0.00825	0.00262	0.00375	0.01837	0.00600	0.00525
29	0.00892	0.00643	0.00844	0.00828	0.00960	0.00595	0.00608	0.01163	0.01726	0.02426	0.60798	0.17418	0.05778	0.01444	0.00773	0.00214	0.00317	0.01285	0.00692	0.00595
30	0.01296	0.03342	0.73944	0.01842	0.02797	0.01501	0.02387	0.02046	0.01364	0.02046	0.01160	0.01364	0.00818	0.00614	0.00614	0.00205	0.00955	0.00477	0.00273	0.00955
31	0.01340	0.01148	0.01340	0.00957	0.01531	0.00861	0.00766	0.01627	0.01340	0.02105	0.01148	0.01340	0.00957	0.00479	0.00479	0.00096	0.00479	0.00383	0.00383	0.81242
32	0.00914	0.00660	0.00864	0.00813	0.00965	0.00610	0.00610	0.01219	0.01829	0.02591	0.72921	0.04827	0.06097	0.01321	0.00762	0.00203	0.00305	0.01169	0.00711	0.00610
33	0.01515	0.04586	0.08375	0.02993	0.48362	0.01423	0.01699	0.01968	0.05031	0.04489	0.05973	0.02178	0.07129	0.00730	0.00647	0.00195	0.00698	0.00666	0.00393	0.00950
34	0.01340	0.01148	0.01340	0.00957	0.01531	0.00861	0.00766	0.01627	0.01340	0.02105	0.01148	0.01340	0.00957	0.00479	0.00479	0.00096	0.00479	0.00383	0.00383	0.81242
35	0.00940	0.00626	0.00705	0.00705	0.00705	0.00626	0.00392	0.00940	0.00940	0.01253	0.02036	0.04228	0.02349	0.77292	0.03289	0.00626	0.00626	0.00940	0.00392	0.00392
36	0.00955	0.00647	0.00809	0.00775	0.00925	0.00604	0.00579	0.01249	0.01717	0.02503	0.56434	0.06899	0.07273	0.01257	0.00711	0.00197	0.00307	0.01100	0.14457	0.00604
37	0.01605	0.20184	0.42601	0.01797	0.09169	0.01688	0.01890	0.02138	0.01417	0.09950	0.01260	0.01404	0.00928	0.00617	0.00574	0.00187	0.00830	0.00476	0.00337	0.00948
38	0.01532	0.01723	0.03700	0.02841	0.10006	0.01625	0.64377	0.02061	0.01520	0.02074	0.01298	0.01729	0.00984	0.00548	0.00751	0.00215	0.01059	0.00745	0.00326	0.00886
39	0.01428	0.00815	0.01115	0.01145	0.01375	0.00775	0.00984	0.01706	0.01565	0.17580	0.03443	0.06106	0.07958	0.01560	0.00831	0.00271	0.00567	0.49436	0.00640	0.00702
40	0.04357	0.04043	0.10875	0.21949	0.12992	0.03412	0.07187	0.05653	0.01405	0.04539	0.01162	0.01549	0.00918	0.00732	0.00937	0.00219	0.16335	0.00560	0.00335	0.00838
41	0.01249	0.03465	0.08555	0.01215	0.03480	0.03510	0.03017	0.05273	0.13612	0.02450	0.34333	0.03687	0.09084	0.01100	0.00709	0.00207	0.00512	0.03184	0.00595	0.00763
42	0.01317	0.05501	0.69386	0.01851	0.02783	0.01537	0.04749	0.02044	0.01368	0.02031	0.01157	0.01368	0.00824	0.00610	0.00613	0.00203	0.00952	0.00484	0.00275	0.00948
43	0.00792	0.00566	0.00754	0.00896	0.00938	0.00528	0.00600	0.00912	0.01261	0.01687	0.06331	0.73993	0.04346	0.01996	0.00822	0.00260	0.00372	0.01810	0.00604	0.00528
44	0.03894	0.10078	0.14554	0.02047	0.18149	0.01513	0.07056	0.05526	0.01573	0.19913	0.01689	0.01798	0.03680	0.00712	0.00704	0.00199	0.04917	0.00589	0.00453	0.00958
45	0.04225	0.18355	0.28443	0.01376	0.02040	0.01582	0.01489	0.03931	0.01379	0.04227	0.01127	0.01311	0.00888	0.00607	0.00622	0.00166	0.05315	0.00434	0.00335	0.22148
46	0.00887	0.00719	0.04402	0.00955	0.01054	0.00588	0.00701	0.01036	0.01265	0.04204	0.03407	0.70504	0.04008	0.01911	0.00808	0.00257	0.00410	0.01728	0.00591	0.00566
47	0.01787	0.01397	0.04172	0.04729	0.35670	0.01331	0.03831	0.08480	0.01681	0.15417	0.02066	0.02529	0.06549	0.00818	0.00676	0.00206	0.00695	0.06528	0.00480	0.00957

[dist]
# distance from previous block
# <min> <max>
0	2

[block]
# block no. 2 follows, 34 sequences, length 17
# corresponding to MSA columns:
# 120-136
name=unknown_C
#
# <colnr> <probs for GDERKNQSTAVLIFYWHMCP>
#	G	D	E	R	K	N	Q	S	T	A	V	L	I	F	Y	W	H	M	C	P
0	0.66792	0.04720	0.01187	0.00973	0.01377	0.09257	0.00797	0.04815	0.01266	0.02749	0.00937	0.01082	0.00736	0.00612	0.00430	0.00194	0.00587	0.00366	0.00398	0.00727
1	0.01535	0.01507	0.02681	0.14093	0.54188	0.01534	0.11038	0.01947	0.01453	0.02040	0.01218	0.01636	0.00995	0.00582	0.00657	0.00199	0.00823	0.00600	0.00316	0.00960
2	0.00793	0.00634	0.00710	0.00737	0.00902	0.00551	0.00535	0.00968	0.01475	0.01858	0.16456	0.22369	0.46386	0.01676	0.00778	0.00226	0.00335	0.01442	0.00618	0.00551
3	0.75873	0.01271	0.01074	0.01082	0.06619	0.01456	0.00795	0.01906	0.01127	0.02840	0.00923	0.01091	0.00724	0.00598	0.00418	0.00199	0.00520	0.00367	0.00394	0.00724
4	0.01594	0.07273	0.22362	0.02173	0.09899	0.07086	0.22364	0.02261	0.10015	0.04052	0.01386	0.01616	0.01052	0.00644	0.00702	0.00204	0.03443	0.00598	0.00360	0.00917
5	0.00764	0.00655	0.00655	0.00655	0.00873	0.00545	0.00491	0.00927	0.01473	0.01745	0.06546	0.06218	0.73000	0.01636	0.00764	0.00218	0.00327	0.01364	0.00600	0.00545
6	0.00929	0.00671	0.00928	0.00928	0.01006	0.00748	0.00671	0.01083	0.01006	0.01419	0.01831	0.03095	0.01857	0.28718	0.51191	0.00903	0.01367	0.00774	0.00361	0.00516
7	0.01706	0.31545	0.23087	0.01460	0.02126	0.03818	0.07400	0.02109	0.01426	0.10243	0.01228	0.01360	0.00942	0.00594	0.00540	0.00168	0.00776	0.00460	0.00353	0.08659
8	0.00846	0.00653	0.00775	0.00769	0.00939	0.00581	0.00576	0.01077	0.01621	0.02140	0.37261	0.11472	0.33426	0.01526	0.00773	0.00218	0.00331	0.03791	0.00652	0.00576
9	0.81856	0.01250	0.00950	0.00850	0.01250	0.01449	0.00700	0.01899	0.01100	0.02899	0.00900	0.01050	0.00700	0.00600	0.00400	0.00200	0.00500	0.00350	0.00400	0.00700
10	0.01041	0.00744	0.01041	0.01190	0.01339	0.00744	0.01041	0.01339	0.01487	0.01934	0.03421	0.07288	0.03719	0.01785	0.00892	0.00297	0.00595	0.68913	0.00595	0.00595
11	0.01525	0.01743	0.03813	0.02723	0.03377	0.01634	0.70915	0.02070	0.01525	0.02070	0.01307	0.01743	0.00980	0.00545	0.00763	0.00218	0.01089	0.00763	0.00327	0.00871
12	0.01690	0.57092	0.17725	0.01290	0.01916	0.04797	0.01377	0.04540	0.01405	0.01724	0.00979	0.01127	0.00837	0.00577	0.00470	0.00155	0.00762	0.00384	0.00291	0.00862
13	0.01101	0.00569	0.00826	0.00826	0.00826	0.00569	0.00542	0.00853	0.00853	0.01137	0.01227	0.02224	0.01263	0.10875	0.02613	0.71935	0.00569	0.00605	0.00293	0.00293
14	0.01489	0.04830	0.08842	0.01365	0.01773	0.07232	0.06232	0.04524	0.32144	0.02416	0.15372	0.02737	0.06426	0.00918	0.00670	0.00206	0.00615	0.00779	0.00559	0.00873
15	0.01340	0.01148	0.01340	0.00957	0.01531	0.00861	0.00766	0.01627	0.01340	0.02105	0.01148	0.01340	0.00957	0.00479	0.00479	0.00096	0.00479	0.00383	0.00383	0.81242
16	0.01399	0.18316	0.53074	0.01715	0.02557	0.01703	0.06102	0.02011	0.01362	0.01942	0.01115	0.01319	0.00835	0.00593	0.00578	0.00188	0.00893	0.00464	0.00280	0.03554

[dist]
# distance from previous block
# <min> <max>
0	1

[block]
# block no. 3 follows, 34 sequences, length 47
# corresponding to MSA columns:
# 138-184
name=unknown_D
#
# <colnr> <probs for GDERKNQSTAVLIFYWHMCP>
#	G	D	E	R	K	N	Q	S	T	A	V	L	I	F	Y	W	H	M	C	P
0	0.01684	0.08521	0.32082	0.02044	0.14454	0.03613	0.06704	0.04166	0.03484	0.11433	0.01386	0.01541	0.01015	0.00629	0.00612	0.00191	0.00823	0.00530	0.00382	0.04706
1	0.60122	0.01502	0.01181	0.01101	0.03637	0.10974	0.00849	0.06172	0.01321	0.02704	0.01004	0.01187	0.00797	0.00832	0.04178	0.00237	0.00669	0.00397	0.00401	0.00734
2	0.01534	0.01462	0.02451	0.16212	0.58071	0.01521	0.01906	0.01993	0.04728	0.02059	0.01270	0.01658	0.01040	0.00602	0.00642	0.00197	0.00772	0.00583	0.00330	0.00971
3	0.00923	0.00692	0.01038	0.01038	0.01154	0.00808	0.00808	0.01154	0.01038	0.01500	0.01731	0.02538	0.01615	0.04846	0.74732	0.01038	0.01731	0.00692	0.00346	0.00577
4	0.01122	0.00561	0.00842	0.00842	0.00842	0.00561	0.00561	0.00842	0.00842	0.01122	0.01122	0.01964	0.01122	0.02245	0.02525	0.81201	0.00561	0.00561	0.00281	0.00281
5	0.00804	0.00578	0.00764	0.00898	0.00952	0.00539	0.00614	0.00936	0.01288	0.01717	0.07569	0.67781	0.06600	0.01963	0.00822	0.00259	0.00378	0.04399	0.00606	0.00533
6	0.00780	0.00655	0.00678	0.00672	0.00883	0.00553	0.00504	0.00960	0.01512	0.01839	0.13909	0.06064	0.65578	0.01601	0.00763	0.00217	0.00325	0.01342	0.00612	0.00553
7	0.01122	0.00561	0.00842	0.00842	0.00842	0.00561	0.00561	0.00842	0.00842	0.01122	0.01122	0.01964	0.01122	0.02245	0.02525	0.81201	0.00561	0.00561	0.00281	0.00281
8	0.01204	0.00602	0.00602	0.00602	0.00753	0.00602	0.00452	0.01506	0.01355	0.02409	0.02108	0.02409	0.01656	0.00753	0.00452	0.00151	0.00301	0.00602	0.80879	0.00602
9	0.01525	0.01743	0.03813	0.02723	0.03377	0.01634	0.70915	0.02070	0.01525	0.02070	0.01307	0.01743	0.00980	0.00545	0.00763	0.00218	0.01089	0.00763	0.00327	0.00871
10	0.01122	0.00561	0.00842	0.00842	0.00842	0.00561	0.00561	0.00842	0.00842	0.01122	0.01122	0.01964	0.01122	0.02245	0.02525	0.81201	0.00561	0.00561	0.00281	0.00281
11	0.01204	0.00602	0.00602	0.00602	0.00753	0.00602	0.00452	0.01506	0.01355	0.02409	0.02108	0.02409	0.01656	0.00753	0.00452	0.00151	0.00301	0.00602	0.80879	0.00602
12	0.00905	0.00657	0.00853	0.00811	0.00961	0.00605	0.00606	0.01199	0.01797	0.02532	0.68441	0.07328	0.08166	0.01355	0.00764	0.00206	0.00308	0.01198	0.00704	0.00605
13	0.81856	0.01250	0.00950	0.00850	0.01250	0.01449	0.00700	0.01899	0.01100	0.02899	0.00900	0.01050	0.00700	0.00600	0.00400	0.00200	0.00500	0.00350	0.00400	0.00700
14	0.01414	0.01414	0.01979	0.01696	0.01696	0.01979	0.01414	0.01555	0.00990	0.01555	0.00848	0.01414	0.00848	0.01131	0.02120	0.00283	0.76110	0.00565	0.00283	0.00707
15	0.00787	0.00562	0.00750	0.00900	0.00937	0.00525	0.00600	0.00900	0.01237	0.01649	0.03561	0.76871	0.04274	0.02024	0.00825	0.00262	0.00375	0.01837	0.00600	0.00525
16	0.01340	0.01148	0.01340	0.00957	0.01531	0.00861	0.00766	0.01627	0.01340	0.02105	0.01148	0.01340	0.00957	0.00479	0.00479	0.00096	0.00479	0.00383	0.00383	0.81242
17	0.01727	0.77681	0.03386	0.01106	0.01658	0.02557	0.01106	0.01935	0.01313	0.01520	0.00898	0.01036	0.00829	0.00553	0.00415	0.00138	0.00691	0.00345	0.00276	0.00829
18	0.01807	0.24358	0.29824	0.01433	0.02097	0.06460	0.01559	0.02294	0.04245	0.15821	0.03361	0.01553	0.01163	0.00665	0.00567	0.00182	0.00778	0.00497	0.00407	0.00926
19	0.01381	0.03136	0.62112	0.01972	0.04854	0.05188	0.08318	0.02073	0.01405	0.02027	0.01166	0.01394	0.00839	0.00609	0.00626	0.00203	0.00972	0.00502	0.00282	0.00939
20	0.00811	0.00572	0.00743	0.00869	0.00901	0.00541	0.00567	0.00906	0.01191	0.01588	0.03324	0.65592	0.03975	0.13710	0.01207	0.00319	0.00414	0.01698	0.00567	0.00504
21	0.00848	0.00651	0.00775	0.00758	0.00928	0.00579	0.00563	0.01085	0.01651	0.02200	0.42566	0.10466	0.31609	0.01492	0.00767	0.00213	0.00318	0.01291	0.00661	0.00579
22	0.01725	0.01628	0.10142	0.09882	0.33196	0.01422	0.11595	0.04094	0.01548	0.13565	0.01516	0.04160	0.01180	0.00671	0.00663	0.00203	0.00793	0.00645	0.00408	0.00963
23	0.00940	0.00626	0.00705	0.00705	0.00705	0.00626	0.00392	0.00940	0.00940	0.01253	0.02036	0.04228	0.02349	0.77292	0.03289	0.00626	0.00626	0.00940	0.00392	0.00392
24	0.00892	0.00608	0.00730	0.00784	0.00801	0.00596	0.00480	0.00938	0.01055	0.01406	0.02587	0.28646	0.03034	0.49878	0.02393	0.00495	0.00541	0.03227	0.00467	0.00442
25	0.01472	0.07204	0.15189	0.06478	0.34204	0.01566	0.13456	0.01920	0.01432	0.02013	0.03523	0.03933	0.01213	0.00662	0.00692	0.00201	0.02965	0.00630	0.00328	0.00920
26	0.01239	0.01168	0.01972	0.72136	0.07905	0.01441	0.01804	0.01668	0.01301	0.01674	0.01152	0.01716	0.00869	0.00642	0.00646	0.00214	0.00857	0.00574	0.00289	0.00733
27	0.01204	0.00602	0.00602	0.00602	0.00753	0.00602	0.00452	0.01506	0.01355	0.02409	0.02108	0.02409	0.01656	0.00753	0.00452	0.00151	0.00301	0.00602	0.80879	0.00602
28	0.01174	0.01030	0.01474	0.05321	0.24938	0.01008	0.01109	0.03674	0.03997	0.02147	0.18312	0.03917	0.27091	0.01121	0.00710	0.00206	0.00511	0.00980	0.00520	0.00758
29	0.03772	0.04617	0.11386	0.12737	0.28419	0.03739	0.03611	0.05392	0.05117	0.02188	0.09008	0.02059	0.03726	0.00729	0.00641	0.00198	0.00738	0.00643	0.00394	0.00888
30	0.56404	0.01259	0.01151	0.00975	0.01401	0.01386	0.00800	0.06415	0.04938	0.17877	0.01373	0.01390	0.00977	0.00666	0.00480	0.00201	0.00524	0.00446	0.00512	0.00824
31	0.00787	0.00562	0.00750	0.00900	0.00937	0.00525	0.00600	0.00900	0.01237	0.01649	0.03561	0.76871	0.04274	0.02024	0.00825	0.00262	0.00375	0.01837	0.00600	0.00525
32	0.01525	0.01743	0.03813	0.02723	0.03377	0.01634	0.70915	0.02070	0.01525	0.02070	0.01307	0.01743	0.00980	0.00545	0.00763	0.00218	0.01089	0.00763	0.00327	0.00871
33	0.01362	0.01182	0.01452	0.01220	0.07790	0.00920	0.00872	0.01658	0.01351	0.02106	0.01154	0.01362	0.00963	0.00487	0.00493	0.00104	0.00504	0.00400	0.00377	0.74243
34	0.02414	0.03079	0.01831	0.01665	0.01998	0.74698	0.01248	0.02580	0.01831	0.01581	0.00999	0.01165	0.00832	0.00666	0.00583	0.00166	0.01165	0.00416	0.00333	0.00749
35	0.81856	0.01250	0.00950	0.00850	0.01250	0.01449	0.00700	0.01899	0.01100	0.02899	0.00900	0.01050	0.00700	0.00600	0.00400	0.00200	0.00500	0.00350	0.00400	0.00700
36	0.01607	0.01388	0.01461	0.01315	0.01680	0.01607	0.01023	0.03433	0.72094	0.02703	0.02630	0.02411	0.01972	0.00877	0.00657	0.00219	0.00511	0.00731	0.00657	0.01023
37	0.00764	0.00655	0.00655	0.00655	0.00873	0.00545	0.00491	0.00927	0.01473	0.01745	0.06546	0.06218	0.73000	0.01636	0.00764	0.00218	0.00327	0.01364	0.00600	0.00545
38	0.00848	0.00656	0.00764	0.00738	0.00914	0.00582	0.00548	0.01078	0.01635	0.02160	0.40438	0.05426	0.35905	0.04425	0.00861	0.00226	0.00327	0.01247	0.00649	0.00572
39	0.00884	0.00655	0.00824	0.00791	0.00949	0.00595	0.00590	0.01157	0.01743	0.02409	0.58820	0.08408	0.16970	0.01405	0.00765	0.00208	0.00312	0.01232	0.00688	0.00595
40	0.01599	0.01535	0.02623	0.03966	0.73262	0.01535	0.01983	0.01983	0.01471	0.02111	0.01215	0.01599	0.01023	0.00576	0.00640	0.00192	0.00768	0.00576	0.00320	0.01023
41	0.01296	0.03342	0.73944	0.01842	0.02797	0.01501	0.02387	0.02046	0.01364	0.02046	0.01160	0.01364	0.00818	0.00614	0.00614	0.00205	0.00955	0.00477	0.00273	0.00955
42	0.02414	0.03079	0.01831	0.01665	0.01998	0.74698	0.01248	0.02580	0.01831	0.01581	0.00999	0.01165	0.00832	0.00666	0.00583	0.00166	0.01165	0.00416	0.00333	0.00749
43	0.02414	0.03079	0.01831	0.01665	0.01998	0.74698	0.01248	0.02580	0.01831	0.01581	0.00999	0.01165	0.00832	0.00666	0.00583	0.00166	0.01165	0.00416	0.00333	0.00749
44	0.01607	0.01388	0.01461	0.01315	0.01680	0.01607	0.01023	0.03433	0.72094	0.02703	0.02630	0.02411	0.01972	0.00877	0.00657	0.00219	0.00511	0.00731	0.00657	0.01023
45	0.01374	0.01270	0.01420	0.01107	0.01564	0.07421	0.04524	0.01788	0.07227	0.02176	0.13640	0.02195	0.04415	0.00714	0.00575	0.00141	0.00539	0.00602	0.00461	0.46848
46	0.19081	0.01460	0.01418	0.01219	0.01607	0.05342	0.00969	0.16678	0.30783	0.05202	0.08008	0.02079	0.01804	0.00821	0.00605	0.00205	0.00567	0.00637	0.00592	0.00921

[dist]
# distance from previous block
# <min> <max>
0	3

[block]
# block no. 4 follows, 34 sequences, length 53
# corresponding to MSA columns:
# 188-240
name=unknown_E
#
# <colnr> <probs for GDERKNQSTAVLIFYWHMCP>
#	G	D	E	R	K	N	Q	S	T	A	V	L	I	F	Y	W	H	M	C	P
0	0.01636	0.11419	0.26473	0.01711	0.03909	0.13551	0.07321	0.02458	0.19248	0.02065	0.01479	0.01594	0.01131	0.00687	0.00645	0.00197	0.02635	0.00543	0.00386	0.00912
1	0.01717	0.75018	0.03337	0.01126	0.01660	0.02536	0.01116	0.01922	0.01302	0.01521	0.00897	0.01050	0.00830	0.00573	0.00474	0.00143	0.03325	0.00353	0.00277	0.00825
2	0.01712	0.75032	0.05900	0.01132	0.01699	0.02519	0.01151	0.01939	0.01315	0.01539	0.00908	0.01048	0.00829	0.00555	0.00422	0.00141	0.00700	0.00350	0.00276	0.00834
3	0.00939	0.00630	0.00723	0.00723	0.00730	0.00636	0.00414	0.00951	0.00945	0.01266	0.02019	0.04135	0.02309	0.73293	0.07233	0.00649	0.00687	0.00926	0.00389	0.00402
4	0.01727	0.77681	0.03386	0.01106	0.01658	0.02557	0.01106	0.01935	0.01313	0.01520	0.00898	0.01036	0.00829	0.00553	0.00415	0.00138	0.00691	0.00345	0.00276	0.00829
5	0.01625	0.09106	0.10625	0.01215	0.01825	0.01271	0.03450	0.09742	0.01578	0.07720	0.01283	0.01416	0.00993	0.00563	0.00531	0.00137	0.00611	0.00447	0.00419	0.45445
6	0.01421	0.04216	0.10036	0.01625	0.02083	0.01448	0.18018	0.02471	0.32018	0.02331	0.08473	0.08989	0.02141	0.00899	0.00694	0.00217	0.00676	0.00835	0.00521	0.00890
7	0.01727	0.77681	0.03386	0.01106	0.01658	0.02557	0.01106	0.01935	0.01313	0.01520	0.00898	0.01036	0.00829	0.00553	0.00415	0.00138	0.00691	0.00345	0.00276	0.00829
8	0.02456	0.01810	0.01939	0.01487	0.02004	0.02004	0.01228	0.71107	0.03038	0.04072	0.01551	0.01551	0.01099	0.00776	0.00646	0.00194	0.00711	0.00582	0.00646	0.01099
9	0.02481	0.01771	0.01915	0.01468	0.01984	0.01946	0.01213	0.67355	0.02972	0.07917	0.01606	0.01587	0.01126	0.00777	0.00647	0.00194	0.00702	0.00585	0.00655	0.01099
10	0.00907	0.00660	0.00854	0.00805	0.00961	0.00607	0.00604	0.01206	0.01812	0.02551	0.69809	0.04892	0.09233	0.01336	0.00762	0.00204	0.00306	0.01178	0.00706	0.00607
11	0.01607	0.01388	0.01461	0.01315	0.01680	0.01607	0.01023	0.03433	0.72094	0.02703	0.02630	0.02411	0.01972	0.00877	0.00657	0.00219	0.00511	0.00731	0.00657	0.01023
12	0.01220	0.01148	0.01938	0.75739	0.04450	0.01436	0.01794	0.01651	0.01292	0.01651	0.01148	0.01723	0.00861	0.00646	0.00646	0.00215	0.00861	0.00574	0.00287	0.00718
13	0.02221	0.01631	0.01740	0.01373	0.01833	0.01808	0.01121	0.55549	0.11246	0.03730	0.01741	0.01746	0.01264	0.00785	0.00627	0.00192	0.00644	0.00602	0.09110	0.01037
14	0.01804	0.69389	0.03213	0.01168	0.01696	0.10575	0.01121	0.02007	0.01370	0.01527	0.00909	0.01051	0.00830	0.00565	0.00433	0.00141	0.00744	0.00353	0.00283	0.00820
15	0.04213	0.11366	0.23779	0.01672	0.08184	0.08004	0.01538	0.04014	0.09637	0.17206	0.01574	0.01619	0.01139	0.00693	0.00633	0.00194	0.02599	0.00531	0.00450	0.00955
16	0.01629	0.01545	0.02599	0.03880	0.70781	0.01552	0.01957	0.04389	0.01526	0.02179	0.01227	0.01598	0.01026	0.00583	0.00640	0.00192	0.00766	0.00576	0.00331	0.01026
17	0.00931	0.00623	0.00707	0.00716	0.00718	0.00620	0.00404	0.00937	0.00957	0.01276	0.02126	0.08516	0.02463	0.72850	0.03143	0.00605	0.00612	0.00993	0.00404	0.00399
18	0.01449	0.01385	0.02399	0.20570	0.46253	0.01444	0.06509	0.01841	0.01425	0.01975	0.01396	0.04523	0.01228	0.00700	0.00668	0.00207	0.00789	0.03999	0.00336	0.00903
19	0.01657	0.02129	0.26100	0.02135	0.07964	0.01522	0.23523	0.07660	0.01586	0.10285	0.01453	0.03898	0.01102	0.00696	0.00764	0.00213	0.05336	0.00649	0.00393	0.00934
20	0.00780	0.00590	0.00721	0.00827	0.00918	0.00531	0.00567	0.00908	0.01307	0.01678	0.04451	0.55796	0.24773	0.01909	0.00806	0.00249	0.00361	0.01696	0.00600	0.00531
21	0.00940	0.00626	0.00705	0.00705	0.00705	0.00626	0.00392	0.00940	0.00940	0.01253	0.02036	0.04228	0.02349	0.77292	0.03289	0.00626	0.00626	0.00940	0.00392	0.00392
22	0.01606	0.06304	0.48055	0.01855	0.08811	0.01504	0.01979	0.07568	0.01562	0.10466	0.01494	0.01617	0.02969	0.00670	0.00617	0.00199	0.00842	0.00533	0.00377	0.00972
23	0.01460	0.01925	0.18045	0.16807	0.18512	0.01557	0.26218	0.03910	0.01477	0.02050	0.01232	0.01622	0.00936	0.00592	0.00679	0.00208	0.00937	0.00620	0.00315	0.00899
24	0.02670	0.01277	0.01575	0.01216	0.01700	0.01236	0.01002	0.22856	0.02167	0.49225	0.02232	0.02023	0.01457	0.00790	0.00637	0.00195	0.00582	0.00627	0.05463	0.01070
25	0.76875	0.06001	0.01101	0.00866	0.01275	0.01518	0.00725	0.01902	0.01113	0.02813	0.00900	0.01049	0.00708	0.00597	0.00401	0.00196	0.00512	0.00350	0.00392	0.00708
26	0.00796	0.00569	0.00760	0.00910	0.00951	0.00532	0.00615	0.00915	0.01246	0.01659	0.03556	0.74479	0.04254	0.02016	0.00827	0.00264	0.00382	0.04143	0.00600	0.00527
27	0.01599	0.01535	0.02623	0.03966	0.73262	0.01535	0.01983	0.01983	0.01471	0.02111	0.01215	0.01599	0.01023	0.00576	0.00640	0.00192	0.00768	0.00576	0.00320	0.01023
28	0.00808	0.00578	0.00771	0.00904	0.00956	0.00541	0.00618	0.00944	0.01297	0.01740	0.09373	0.68017	0.04404	0.01956	0.00822	0.00259	0.00378	0.04491	0.00609	0.00535
29	0.00764	0.00655	0.00655	0.00655	0.00873	0.00545	0.00491	0.00927	0.01473	0.01745	0.06546	0.06218	0.73000	0.01636	0.00764	0.00218	0.00327	0.01364	0.00600	0.00545
30	0.02899	0.01100	0.01499	0.01150	0.01649	0.00950	0.00950	0.03149	0.01849	0.73709	0.02549	0.02199	0.01599	0.00800	0.00650	0.00200	0.00550	0.00650	0.00800	0.01100
31	0.01732	0.01394	0.01482	0.01296	0.01677	0.01583	0.01019	0.12272	0.56822	0.05323	0.02573	0.02389	0.03687	0.00877	0.00653	0.00213	0.00529	0.00721	0.02745	0.01012
32	0.01496	0.37839	0.41202	0.01500	0.02268	0.01991	0.01793	0.01995	0.01340	0.01802	0.01038	0.01212	0.00823	0.00586	0.00521	0.00174	0.00832	0.00416	0.00274	0.00897
33	0.01196	0.01111	0.01858	0.66041	0.06911	0.01357	0.01694	0.01596	0.01294	0.01669	0.01370	0.08544	0.01178	0.00768	0.00662	0.00219	0.00813	0.00689	0.00317	0.00713
34	0.01525	0.01743	0.03813	0.02723	0.03377	0.01634	0.70915	0.02070	0.01525	0.02070	0.01307	0.01743	0.00980	0.00545	0.00763	0.00218	0.01089	0.00763	0.00327	0.00871
35	0.01520	0.01455	0.02480	0.18875	0.58968	0.01515	0.01944	0.01914	0.01434	0.02015	0.01201	0.01625	0.00990	0.00590	0.00641	0.00197	0.00787	0.00575	0.00313	0.00960
36	0.81856	0.01250	0.00950	0.00850	0.01250	0.01449	0.00700	0.01899	0.01100	0.02899	0.00900	0.01050	0.00700	0.00600	0.00400	0.00200	0.00500	0.00350	0.00400	0.00700
37	0.00799	0.00571	0.00763	0.00913	0.00956	0.00535	0.00620	0.00920	0.01249	0.01663	0.03555	0.73609	0.04247	0.02013	0.00828	0.00264	0.00385	0.04981	0.00600	0.00528
38	0.01340	0.01148	0.01340	0.00957	0.01531	0.00861	0.00766	0.01627	0.01340	0.02105	0.01148	0.01340	0.00957	0.00479	0.00479	0.00096	0.00479	0.00383	0.00383	0.81242
39	0.01639	0.08103	0.12483	0.16828	0.26434	0.01618	0.06256	0.07669	0.01549	0.06844	0.01277	0.01582	0.00982	0.00641	0.00678	0.00199	0.03369	0.00560	0.00361	0.00929
40	0.15755	0.02967	0.60843	0.01664	0.02519	0.01491	0.02084	0.02020	0.01317	0.02199	0.01113	0.01308	0.00797	0.00611	0.00575	0.00204	0.00873	0.00455	0.00296	0.00909
41	0.00787	0.00562	0.00750	0.00900	0.00937	0.00525	0.00600	0.00900	0.01237	0.01649	0.03561	0.76871	0.04274	0.02024	0.00825	0.00262	0.00375	0.01837	0.00600	0.00525
42	0.00923	0.00692	0.01038	0.01038	0.01154	0.00808	0.00808	0.01154	0.01038	0.01500	0.01731	0.02538	0.01615	0.04846	0.74732	0.01038	0.01731	0.00692	0.00346	0.00577
43	0.01340	0.01148	0.01340	0.00957	0.01531	0.00861	0.00766	0.01627	0.01340	0.02105	0.01148	0.01340	0.00957	0.00479	0.00479	0.00096	0.00479	0.00383	0.00383	0.81242
44	0.00914	0.00660	0.00864	0.00813	0.00965	0.00610	0.00610	0.01219	0.01829	0.02591	0.72921	0.04827	0.06097	0.01321	0.00762	0.00203	0.00305	0.01169	0.00711	0.00610
45	0.01256	0.01199	0.02068	0.68179	0.08196	0.01451	0.05210	0.01690	0.01313	0.01697	0.01160	0.01717	0.00876	0.00637	0.00651	0.00214	0.00867	0.00584	0.00291	0.00742
46	0.01021	0.00734	0.01014	0.01156	0.01305	0.00728	0.01002	0.01306	0.01479	0.01916	0.03572	0.09344	0.06983	0.01785	0.00884	0.00293	0.00576	0.63717	0.00595	0.00591
47	0.00923	0.00692	0.01038	0.01038	0.01154	0.00808	0.00808	0.01154	0.01038	0.01500	0.01731	0.02538	0.01615	0.04846	0.74732	0.01038	0.01731	0.00692	0.00346	0.00577
48	0.02899	0.01100	0.01499	0.01150	0.01649	0.00950	0.00950	0.03149	0.01849	0.73709	0.02549	0.02199	0.01599	0.00800	0.00650	0.00200	0.00550	0.00650	0.00800	0.01100
49	0.00787	0.00562	0.00750	0.00900	0.00937	0.00525	0.00600	0.00900	0.01237	0.01649	0.03561	0.76871	0.04274	0.02024	0.00825	0.00262	0.00375	0.01837	0.00600	0.00525
50	0.01599	0.01535	0.02623	0.03966	0.73262	0.01535	0.01983	0.01983	0.01471	0.02111	0.01215	0.01599	0.01023	0.00576	0.00640	0.00192	0.00768	0.00576	0.00320	0.01023
51	0.01349	0.01160	0.01365	0.03356	0.01632	0.00916	0.00811	0.01717	0.04824	0.02120	0.01221	0.01405	0.01004	0.00503	0.00493	0.00106	0.00492	0.00406	0.00393	0.74725
52	0.01460	0.01236	0.03847	0.01774	0.12033	0.02735	0.14221	0.01921	0.07593	0.11039	0.11081	0.08167	0.12238	0.01059	0.00729	0.00218	0.00637	0.06664	0.00536	0.00812

[dist]
# distance from previous block
# <min> <max>
0	12

# created by:
# /home/berkeley/.conda/envs/busco_data_prod/bin/msa2prfl.pl pipeline/OGs_align_augustus/4893/14777.fs
