[name]
unknown

[dist]
# distance from previous block
# <min> <max>
0	30

[block]
# block no. 0 follows, 33 sequences, length 41
# corresponding to MSA columns:
# 30-70
name=unknown_A
#
# <colnr> <probs for GDERKNQSTAVLIFYWHMCP>
#	G	D	E	R	K	N	Q	S	T	A	V	L	I	F	Y	W	H	M	C	P
0	0.00963	0.00662	0.00799	0.00846	0.00891	0.00655	0.00571	0.01047	0.01127	0.01484	0.02670	0.10728	0.05152	0.51291	0.02509	0.00519	0.00601	0.16553	0.00470	0.00462
1	0.01661	0.01699	0.04696	0.03248	0.47952	0.05627	0.07576	0.02331	0.14217	0.02224	0.01493	0.01760	0.01197	0.00646	0.00662	0.00202	0.00791	0.00619	0.00388	0.01012
2	0.00969	0.00912	0.05284	0.00948	0.01201	0.00737	0.03790	0.03343	0.01695	0.02271	0.35716	0.09587	0.28245	0.01408	0.00769	0.00217	0.00411	0.01225	0.00632	0.00641
3	0.01754	0.04624	0.07451	0.03919	0.14526	0.27805	0.01354	0.03654	0.04077	0.02077	0.17571	0.02212	0.02163	0.00832	0.00698	0.00192	0.03185	0.00656	0.00434	0.00815
4	0.09173	0.01762	0.08659	0.02392	0.20897	0.01623	0.16718	0.18093	0.01879	0.10250	0.01449	0.01644	0.01065	0.00657	0.00658	0.00205	0.00809	0.00608	0.00460	0.00999
5	0.01480	0.06705	0.44214	0.01932	0.08796	0.01562	0.05434	0.05205	0.07778	0.03926	0.05603	0.01746	0.01318	0.00694	0.00640	0.00205	0.00848	0.00577	0.00376	0.00963
6	0.00841	0.00686	0.00813	0.00791	0.00981	0.00600	0.02459	0.01036	0.01528	0.01936	0.19647	0.14363	0.45912	0.04357	0.00879	0.00240	0.00367	0.01374	0.00619	0.00570
7	0.08422	0.01429	0.01616	0.09521	0.02026	0.09065	0.01109	0.09924	0.01846	0.41477	0.01976	0.01937	0.01334	0.02371	0.00733	0.00213	0.02781	0.00602	0.00635	0.00982
8	0.01663	0.01146	0.01280	0.01080	0.01387	0.03436	0.00853	0.21683	0.04097	0.09306	0.35041	0.03300	0.03627	0.01051	0.00694	0.00198	0.00486	0.00881	0.07965	0.00826
9	0.01329	0.00647	0.00676	0.00653	0.00824	0.00637	0.00491	0.01623	0.01399	0.06961	0.02174	0.02500	0.01706	0.03194	0.00565	0.00172	0.00334	0.00628	0.72848	0.00639
10	0.72981	0.05884	0.01158	0.00921	0.01334	0.05029	0.00764	0.01971	0.01169	0.02806	0.00921	0.01074	0.00727	0.00611	0.00417	0.00198	0.00553	0.00359	0.00397	0.00723
11	0.81514	0.01273	0.00968	0.00866	0.01273	0.01477	0.00713	0.01935	0.01120	0.02954	0.00917	0.01069	0.00713	0.00611	0.00407	0.00204	0.00509	0.00356	0.00407	0.00713
12	0.01522	0.01466	0.02534	0.23249	0.51431	0.01541	0.04810	0.01933	0.01452	0.02022	0.01224	0.01669	0.00996	0.00605	0.00659	0.00203	0.00822	0.00594	0.00317	0.00952
13	0.00812	0.00579	0.00765	0.00906	0.00946	0.00542	0.00603	0.00928	0.01265	0.01692	0.05563	0.71357	0.04327	0.05151	0.00943	0.00281	0.00391	0.01814	0.00606	0.00532
14	0.00797	0.00593	0.00743	0.00862	0.00941	0.00539	0.00587	0.00923	0.01313	0.01702	0.04293	0.61111	0.19248	0.01976	0.00827	0.00258	0.00371	0.01766	0.00611	0.00539
15	0.01659	0.01571	0.02651	0.07247	0.62216	0.01592	0.04988	0.06087	0.01588	0.02245	0.01260	0.01639	0.01037	0.00601	0.00658	0.00198	0.00798	0.00595	0.00344	0.01026
16	0.00823	0.00588	0.00786	0.00925	0.00976	0.00551	0.00633	0.00959	0.01311	0.01756	0.08038	0.68536	0.04446	0.02005	0.00839	0.00265	0.00388	0.05011	0.00618	0.00544
17	0.02245	0.01741	0.01941	0.01653	0.06689	0.04295	0.03173	0.52820	0.05120	0.03625	0.01812	0.01974	0.03519	0.00830	0.00665	0.00201	0.00718	0.02806	0.03131	0.01043
18	0.01477	0.01454	0.02015	0.01721	0.01739	0.02017	0.01434	0.03944	0.01080	0.01672	0.00889	0.01445	0.00873	0.01140	0.02109	0.00285	0.73095	0.00577	0.00301	0.00734
19	0.01479	0.13627	0.17483	0.01730	0.09308	0.04117	0.08852	0.01893	0.03634	0.05037	0.04856	0.04630	0.01562	0.11089	0.03100	0.00279	0.02752	0.00670	0.00383	0.03517
20	0.02503	0.01844	0.01976	0.01515	0.02042	0.02042	0.01251	0.70562	0.03095	0.04149	0.01581	0.01581	0.01120	0.00790	0.00659	0.00198	0.00724	0.00593	0.00659	0.01120
21	0.01749	0.06021	0.14941	0.01958	0.11527	0.12978	0.11033	0.08024	0.06618	0.06411	0.02078	0.02185	0.09983	0.00790	0.00661	0.00201	0.00829	0.00673	0.00435	0.00905
22	0.01689	0.01268	0.05975	0.01203	0.03480	0.01176	0.00981	0.20556	0.05584	0.10457	0.22002	0.04946	0.04879	0.00996	0.00671	0.00199	0.00519	0.00831	0.11727	0.00861
23	0.01443	0.01243	0.01231	0.01137	0.01435	0.05584	0.00872	0.02627	0.42700	0.02460	0.06901	0.06335	0.12221	0.01052	0.00670	0.00213	0.00492	0.00876	0.09644	0.00863
24	0.34481	0.01600	0.01806	0.04761	0.27567	0.09814	0.01348	0.02009	0.01341	0.02359	0.01050	0.01339	0.00866	0.00653	0.00661	0.00204	0.06470	0.00473	0.00357	0.00840
25	0.01693	0.01385	0.01416	0.03581	0.01685	0.05392	0.00997	0.08276	0.46068	0.04742	0.02402	0.04326	0.01848	0.00878	0.00638	0.00209	0.00550	0.00720	0.12244	0.00949
26	0.01856	0.03588	0.09253	0.03169	0.05730	0.08021	0.03634	0.21275	0.12818	0.05143	0.01851	0.04311	0.03011	0.00836	0.00695	0.00201	0.03032	0.02772	0.02718	0.06083
27	0.01061	0.00758	0.01061	0.01212	0.01364	0.00758	0.01061	0.01364	0.01515	0.01970	0.03486	0.07426	0.03789	0.01819	0.00909	0.00303	0.00606	0.68326	0.00606	0.00606
28	0.02015	0.53295	0.02925	0.01272	0.01780	0.18799	0.01154	0.04517	0.01550	0.05915	0.01061	0.01174	0.00902	0.00612	0.00484	0.00153	0.00806	0.00395	0.00339	0.00852
29	0.00914	0.00663	0.00862	0.00831	0.00978	0.00611	0.00616	0.01202	0.01795	0.02521	0.63721	0.11698	0.08269	0.01424	0.00783	0.00213	0.00318	0.01261	0.00710	0.00611
30	0.02459	0.03138	0.01866	0.01696	0.02035	0.74221	0.01272	0.02629	0.01866	0.01611	0.01018	0.01187	0.00848	0.00678	0.00594	0.00170	0.01187	0.00424	0.00339	0.00763
31	0.00881	0.00657	0.00818	0.00806	0.00959	0.00595	0.00594	0.01133	0.01700	0.02320	0.48628	0.15400	0.20052	0.01516	0.00786	0.00219	0.00326	0.01330	0.00684	0.00595
32	0.00940	0.00705	0.01058	0.01058	0.01176	0.00823	0.00823	0.01176	0.01058	0.01528	0.01763	0.02586	0.01646	0.04937	0.74255	0.01058	0.01763	0.00705	0.00353	0.00588
33	0.00815	0.00583	0.00775	0.00908	0.00958	0.00543	0.00612	0.00948	0.01319	0.01773	0.10288	0.69509	0.04534	0.01993	0.00834	0.00262	0.00375	0.01806	0.00622	0.00543
34	0.01365	0.01170	0.01365	0.00975	0.01560	0.00878	0.00780	0.01658	0.01365	0.02145	0.01170	0.01365	0.00975	0.00488	0.00488	0.00098	0.00488	0.00390	0.00390	0.80888
35	0.01553	0.01535	0.02777	0.08814	0.50626	0.01532	0.15517	0.01976	0.01514	0.02132	0.04627	0.01824	0.01267	0.00621	0.00683	0.00203	0.00832	0.00653	0.00344	0.00969
36	0.01550	0.01764	0.03817	0.02737	0.03378	0.01678	0.67855	0.02090	0.01534	0.02090	0.01315	0.01764	0.00994	0.00577	0.00827	0.00224	0.03826	0.00770	0.00331	0.00882
37	0.00943	0.00696	0.01009	0.01009	0.01109	0.00796	0.00761	0.01144	0.01043	0.01492	0.01808	0.02836	0.01754	0.15374	0.63967	0.00997	0.01600	0.00742	0.00359	0.00560
38	0.01038	0.00833	0.01138	0.01095	0.01222	0.04064	0.02950	0.01231	0.01089	0.01506	0.01719	0.02646	0.01642	0.11788	0.58080	0.04772	0.01546	0.00714	0.00353	0.00571
39	0.02103	0.09063	0.02302	0.04361	0.07729	0.09722	0.10892	0.19106	0.11048	0.12489	0.01643	0.01726	0.01212	0.00730	0.00689	0.00200	0.02886	0.00605	0.00516	0.00981
40	0.16829	0.04251	0.04335	0.05201	0.15286	0.11033	0.17754	0.09606	0.01642	0.02415	0.01238	0.01515	0.00965	0.00630	0.00612	0.00198	0.00839	0.00559	0.04219	0.00874

[dist]
# distance from previous block
# <min> <max>
1	9

[block]
# block no. 1 follows, 33 sequences, length 52
# corresponding to MSA columns:
# 80-131
name=unknown_B
#
# <colnr> <probs for GDERKNQSTAVLIFYWHMCP>
#	G	D	E	R	K	N	Q	S	T	A	V	L	I	F	Y	W	H	M	C	P
0	0.13588	0.06133	0.06157	0.04154	0.10644	0.10109	0.01326	0.21235	0.03716	0.08815	0.01439	0.01675	0.01112	0.00751	0.00678	0.00202	0.04338	0.02508	0.00483	0.00937
1	0.04452	0.06978	0.04412	0.10762	0.39490	0.06695	0.01702	0.07169	0.01630	0.08581	0.01328	0.01598	0.01039	0.00637	0.00625	0.00194	0.00788	0.00555	0.00390	0.00975
2	0.01378	0.01184	0.01756	0.12625	0.20680	0.01180	0.03290	0.01870	0.09044	0.04278	0.06244	0.11504	0.03825	0.00920	0.00673	0.00200	0.00622	0.03252	0.00462	0.15011
3	0.00778	0.00667	0.00667	0.00667	0.00889	0.00556	0.00500	0.00945	0.01501	0.01778	0.06669	0.06336	0.72490	0.01667	0.00778	0.00222	0.00333	0.01389	0.00611	0.00556
4	0.01365	0.01170	0.01365	0.00975	0.01560	0.00878	0.00780	0.01658	0.01365	0.02145	0.01170	0.01365	0.00975	0.00488	0.00488	0.00098	0.00488	0.00390	0.00390	0.80888
5	0.01931	0.01331	0.01497	0.01263	0.01655	0.01438	0.01003	0.17272	0.33423	0.15211	0.14038	0.02643	0.02455	0.00933	0.00684	0.00212	0.00536	0.00772	0.00702	0.01002
6	0.00829	0.00646	0.00753	0.00775	0.00933	0.00570	0.00562	0.01025	0.01549	0.02007	0.25211	0.22869	0.36581	0.01669	0.00793	0.00229	0.00338	0.01448	0.00645	0.00570
7	0.00928	0.00688	0.01001	0.01009	0.01120	0.00769	0.00768	0.01152	0.01158	0.01651	0.09409	0.09593	0.02400	0.06758	0.57401	0.00882	0.01446	0.00871	0.00417	0.00580
8	0.00944	0.00690	0.00982	0.00982	0.01073	0.00782	0.00728	0.01127	0.01036	0.01472	0.01833	0.02971	0.01813	0.21014	0.58407	0.00964	0.01512	0.00762	0.00363	0.00546
9	0.00802	0.00573	0.00764	0.00917	0.00955	0.00535	0.00611	0.00917	0.01260	0.01681	0.03628	0.76434	0.04354	0.02062	0.00840	0.00267	0.00382	0.01872	0.00611	0.00535
10	0.02503	0.01844	0.01976	0.01515	0.02042	0.02042	0.01251	0.70562	0.03095	0.04149	0.01581	0.01581	0.01120	0.00790	0.00659	0.00198	0.00724	0.00593	0.00659	0.01120
11	0.81514	0.01273	0.00968	0.00866	0.01273	0.01477	0.00713	0.01935	0.01120	0.02954	0.00917	0.01069	0.00713	0.00611	0.00407	0.00204	0.00509	0.00356	0.00407	0.00713
12	0.00802	0.00573	0.00764	0.00917	0.00955	0.00535	0.00611	0.00917	0.01260	0.01681	0.03628	0.76434	0.04354	0.02062	0.00840	0.00267	0.00382	0.01872	0.00611	0.00535
13	0.01724	0.01457	0.01537	0.01357	0.01745	0.01678	0.01063	0.10217	0.64708	0.02894	0.02569	0.02368	0.01920	0.00883	0.00669	0.00221	0.00541	0.00729	0.00669	0.01050
14	0.01227	0.00614	0.00614	0.00614	0.00767	0.00614	0.00460	0.01534	0.01381	0.02454	0.02148	0.02454	0.01687	0.00767	0.00460	0.00153	0.00307	0.00614	0.80518	0.00614
15	0.01896	0.01543	0.01634	0.01392	0.01810	0.01758	0.01105	0.23536	0.51109	0.03171	0.02351	0.02195	0.01744	0.00862	0.00666	0.00216	0.00582	0.00699	0.00666	0.01065
16	0.01365	0.01170	0.01365	0.00975	0.01560	0.00878	0.00780	0.01658	0.01365	0.02145	0.01170	0.01365	0.00975	0.00488	0.00488	0.00098	0.00488	0.00390	0.00390	0.80888
17	0.01708	0.14611	0.05509	0.02325	0.02953	0.06500	0.48979	0.02171	0.01549	0.05386	0.01298	0.01628	0.00989	0.00579	0.00695	0.00204	0.01016	0.00669	0.00346	0.00886
18	0.02459	0.03138	0.01866	0.01696	0.02035	0.74221	0.01272	0.02629	0.01866	0.01611	0.01018	0.01187	0.00848	0.00678	0.00594	0.00170	0.01187	0.00424	0.00339	0.00763
19	0.02866	0.01101	0.01500	0.01156	0.01650	0.00953	0.00953	0.03123	0.01883	0.70162	0.05616	0.02356	0.01828	0.00838	0.00667	0.00204	0.00549	0.00685	0.00811	0.01099
20	0.02503	0.01844	0.01976	0.01515	0.02042	0.02042	0.01251	0.70562	0.03095	0.04149	0.01581	0.01581	0.01120	0.00790	0.00659	0.00198	0.00724	0.00593	0.00659	0.01120
21	0.01320	0.03405	0.73453	0.01876	0.02849	0.01529	0.02432	0.02085	0.01390	0.02085	0.01181	0.01390	0.00834	0.00625	0.00625	0.00208	0.00973	0.00486	0.00278	0.00973
22	0.01629	0.01564	0.02672	0.04041	0.72757	0.01564	0.02020	0.02020	0.01499	0.02151	0.01238	0.01629	0.01043	0.00587	0.00652	0.00196	0.00782	0.00587	0.00326	0.01043
23	0.02954	0.01120	0.01528	0.01171	0.01681	0.00968	0.00968	0.03208	0.01884	0.73213	0.02597	0.02241	0.01630	0.00815	0.00662	0.00204	0.00560	0.00662	0.00815	0.01120
24	0.00954	0.00642	0.00742	0.00752	0.00762	0.00645	0.00441	0.00976	0.00988	0.01320	0.02160	0.06904	0.02477	0.69396	0.05763	0.00630	0.00669	0.02952	0.00411	0.00417
25	0.01144	0.00572	0.00858	0.00858	0.00858	0.00572	0.00572	0.00858	0.00858	0.01144	0.01144	0.02001	0.01144	0.02287	0.02573	0.80846	0.00572	0.00572	0.00286	0.00286
26	0.01541	0.01735	0.03713	0.02652	0.03313	0.01611	0.65631	0.02078	0.01541	0.02111	0.01321	0.01748	0.00997	0.00550	0.00757	0.00214	0.01068	0.00751	0.00337	0.06332
27	0.01154	0.00796	0.00960	0.05646	0.01255	0.00724	0.00655	0.01328	0.01336	0.07546	0.05704	0.11373	0.19418	0.21333	0.01391	0.00312	0.00495	0.01011	0.04346	0.13215
28	0.01532	0.01931	0.10521	0.02689	0.03384	0.01652	0.63886	0.02106	0.01538	0.02106	0.01318	0.01739	0.00983	0.00562	0.00762	0.00221	0.01097	0.00749	0.00328	0.00896
29	0.05627	0.01149	0.01523	0.01172	0.01679	0.01020	0.00968	0.05388	0.01898	0.68529	0.02506	0.02179	0.01581	0.00807	0.00653	0.00203	0.00564	0.00649	0.00796	0.01106
30	0.01760	0.77260	0.03450	0.01126	0.01690	0.02605	0.01126	0.01971	0.01338	0.01549	0.00915	0.01056	0.00845	0.00563	0.00422	0.00141	0.00704	0.00352	0.00282	0.00845
31	0.01629	0.01606	0.02496	0.06813	0.61596	0.06414	0.01894	0.01994	0.01504	0.02072	0.01335	0.05187	0.01181	0.00667	0.00657	0.00198	0.00794	0.00637	0.00339	0.00986
32	0.00943	0.00697	0.01013	0.01013	0.01115	0.00799	0.00767	0.01147	0.01045	0.01495	0.01804	0.02813	0.01744	0.14407	0.64920	0.01003	0.01615	0.00739	0.00359	0.00563
33	0.81514	0.01273	0.00968	0.00866	0.01273	0.01477	0.00713	0.01935	0.01120	0.02954	0.00917	0.01069	0.00713	0.00611	0.00407	0.00204	0.00509	0.00356	0.00407	0.00713
34	0.00957	0.00638	0.00718	0.00718	0.00718	0.00638	0.00399	0.00957	0.00957	0.01276	0.02074	0.04308	0.02393	0.76864	0.03351	0.00638	0.00638	0.00957	0.00399	0.00399
35	0.04976	0.01157	0.01496	0.01168	0.01644	0.01063	0.00958	0.08571	0.04035	0.57773	0.08039	0.02373	0.01938	0.00852	0.00664	0.00204	0.00551	0.00692	0.00779	0.01066
36	0.00980	0.00707	0.00950	0.00996	0.01149	0.00677	0.00812	0.01276	0.01678	0.02283	0.37378	0.08259	0.07362	0.01589	0.00838	0.00252	0.00445	0.31095	0.00665	0.00610
37	0.00918	0.00672	0.00861	0.00814	0.00975	0.00615	0.00610	0.01215	0.01831	0.02562	0.66444	0.05046	0.12226	0.01375	0.00777	0.00208	0.00313	0.01209	0.00714	0.00615
38	0.00956	0.00644	0.00749	0.00749	0.00760	0.00655	0.00438	0.00977	0.00967	0.01299	0.02046	0.04151	0.02325	0.70295	0.09826	0.00677	0.00741	0.00934	0.00395	0.00416
39	0.01365	0.01170	0.01365	0.00975	0.01560	0.00878	0.00780	0.01658	0.01365	0.02145	0.01170	0.01365	0.00975	0.00488	0.00488	0.00098	0.00488	0.00390	0.00390	0.80888
40	0.01760	0.77260	0.03450	0.01126	0.01690	0.02605	0.01126	0.01971	0.01338	0.01549	0.00915	0.01056	0.00845	0.00563	0.00422	0.00141	0.00704	0.00352	0.00282	0.00845
41	0.01637	0.01414	0.01489	0.01340	0.01712	0.01637	0.01042	0.03498	0.71568	0.02754	0.02679	0.02456	0.02010	0.00893	0.00670	0.00223	0.00521	0.00744	0.00670	0.01042
42	0.02503	0.01844	0.01976	0.01515	0.02042	0.02042	0.01251	0.70562	0.03095	0.04149	0.01581	0.01581	0.01120	0.00790	0.00659	0.00198	0.00724	0.00593	0.00659	0.01120
43	0.01365	0.01170	0.01365	0.00975	0.01560	0.00878	0.00780	0.01658	0.01365	0.02145	0.01170	0.01365	0.00975	0.00488	0.00488	0.00098	0.00488	0.00390	0.00390	0.80888
44	0.01243	0.01170	0.01975	0.75282	0.04534	0.01463	0.01828	0.01682	0.01316	0.01682	0.01170	0.01755	0.00878	0.00658	0.00658	0.00219	0.00878	0.00585	0.00293	0.00731
45	0.81514	0.01273	0.00968	0.00866	0.01273	0.01477	0.00713	0.01935	0.01120	0.02954	0.00917	0.01069	0.00713	0.00611	0.00407	0.00204	0.00509	0.00356	0.00407	0.00713
46	0.04195	0.44549	0.20912	0.01293	0.01942	0.02032	0.01400	0.02024	0.01392	0.05723	0.03282	0.01345	0.01054	0.00613	0.00502	0.00163	0.00732	0.00432	0.00334	0.06082
47	0.10674	0.33167	0.15275	0.01480	0.03890	0.05990	0.04810	0.07245	0.01497	0.02083	0.03127	0.01351	0.01020	0.00662	0.00623	0.00182	0.05254	0.00464	0.00344	0.00863
48	0.00902	0.00672	0.00839	0.00798	0.00966	0.00609	0.00598	0.01186	0.01794	0.02476	0.59896	0.05187	0.18828	0.01407	0.00777	0.00210	0.00315	0.01228	0.00703	0.00609
49	0.01876	0.03636	0.01484	0.01042	0.01602	0.00962	0.00850	0.02154	0.01527	0.24402	0.01609	0.01630	0.01176	0.00593	0.00540	0.00132	0.00517	0.00474	0.00520	0.53274
50	0.14546	0.25108	0.02173	0.01437	0.06406	0.11810	0.01125	0.06917	0.20083	0.02308	0.01461	0.01519	0.01163	0.00690	0.00539	0.00184	0.00697	0.00497	0.00440	0.00896
51	0.01796	0.73649	0.03379	0.01145	0.01707	0.02578	0.01132	0.05256	0.01422	0.01673	0.00947	0.01081	0.00858	0.00574	0.00434	0.00144	0.00705	0.00364	0.00300	0.00858

[dist]
# distance from previous block
# <min> <max>
2	4

[block]
# block no. 2 follows, 33 sequences, length 41
# corresponding to MSA columns:
# 136-176
name=unknown_C
#
# <colnr> <probs for GDERKNQSTAVLIFYWHMCP>
#	G	D	E	R	K	N	Q	S	T	A	V	L	I	F	Y	W	H	M	C	P
0	0.01121	0.00586	0.00879	0.00879	0.00892	0.00599	0.00599	0.00892	0.00879	0.01185	0.01211	0.02065	0.01198	0.02575	0.10350	0.72190	0.00701	0.00586	0.00293	0.00319
1	0.01760	0.77260	0.03450	0.01126	0.01690	0.02605	0.01126	0.01971	0.01338	0.01549	0.00915	0.01056	0.00845	0.00563	0.00422	0.00141	0.00704	0.00352	0.00282	0.00845
2	0.00957	0.00638	0.00718	0.00718	0.00718	0.00638	0.00399	0.00957	0.00957	0.01276	0.02074	0.04308	0.02393	0.76864	0.03351	0.00638	0.00638	0.00957	0.00399	0.00399
3	0.78620	0.01268	0.00988	0.00877	0.01288	0.01458	0.00722	0.01982	0.01149	0.05542	0.00979	0.01113	0.00747	0.00619	0.00417	0.00204	0.00511	0.00368	0.00422	0.00728
4	0.01089	0.01080	0.04171	0.01416	0.03936	0.01049	0.11812	0.01353	0.01425	0.01935	0.14174	0.20365	0.18097	0.01372	0.01014	0.00240	0.13115	0.01177	0.00510	0.00672
5	0.70881	0.01319	0.01084	0.00939	0.01361	0.01507	0.00773	0.08319	0.01335	0.06056	0.01049	0.01166	0.00790	0.00636	0.00441	0.00203	0.00531	0.00391	0.00448	0.00768
6	0.02954	0.01120	0.01528	0.01171	0.01681	0.00968	0.00968	0.03208	0.01884	0.73213	0.02597	0.02241	0.01630	0.00815	0.00662	0.00204	0.00560	0.00662	0.00815	0.01120
7	0.78149	0.01297	0.01011	0.00893	0.01306	0.01501	0.00736	0.04858	0.01204	0.03005	0.00945	0.01091	0.00730	0.00619	0.00418	0.00203	0.00518	0.00367	0.00418	0.00730
8	0.00957	0.00638	0.00718	0.00718	0.00718	0.00638	0.00399	0.00957	0.00957	0.01276	0.02074	0.04308	0.02393	0.76864	0.03351	0.00638	0.00638	0.00957	0.00399	0.00399
9	0.00940	0.00705	0.01058	0.01058	0.01176	0.00823	0.00823	0.01176	0.01058	0.01528	0.01763	0.02586	0.01646	0.04937	0.74255	0.01058	0.01763	0.00705	0.00353	0.00588
10	0.00887	0.00649	0.00833	0.00833	0.00968	0.00595	0.00607	0.01138	0.01689	0.02335	0.50201	0.21642	0.12086	0.01543	0.00791	0.00222	0.00329	0.01367	0.00688	0.00595
11	0.02350	0.14746	0.02114	0.01607	0.01981	0.63005	0.01249	0.02526	0.01783	0.01601	0.01002	0.01167	0.00848	0.00660	0.00567	0.00165	0.01112	0.00413	0.00330	0.00776
12	0.02918	0.01178	0.01564	0.01199	0.01709	0.01054	0.00990	0.08602	0.01981	0.67683	0.02516	0.02188	0.01589	0.00813	0.00662	0.00203	0.00573	0.00656	0.00802	0.01120
13	0.01633	0.01432	0.01605	0.01410	0.01796	0.01639	0.04413	0.03431	0.68164	0.02723	0.02614	0.02423	0.01960	0.00877	0.00675	0.00223	0.00550	0.00746	0.00653	0.01035
14	0.01476	0.01872	0.14141	0.07581	0.19045	0.01544	0.35317	0.01998	0.01491	0.02070	0.01417	0.03904	0.01167	0.00667	0.00724	0.00218	0.00961	0.03164	0.00338	0.00906
15	0.04055	0.16806	0.27367	0.01991	0.14038	0.01688	0.06782	0.05734	0.01525	0.04774	0.03413	0.01533	0.01099	0.00631	0.00594	0.00186	0.00805	0.00522	0.00356	0.06101
16	0.01365	0.01170	0.01365	0.00975	0.01560	0.00878	0.00780	0.01658	0.01365	0.02145	0.01170	0.01365	0.00975	0.00488	0.00488	0.00098	0.00488	0.00390	0.00390	0.80888
17	0.00953	0.00680	0.00949	0.00949	0.01027	0.00758	0.00687	0.01098	0.01020	0.01438	0.01832	0.03076	0.01849	0.26248	0.50354	0.04041	0.01382	0.00775	0.00364	0.00520
18	0.02129	0.12601	0.02062	0.01667	0.10689	0.08452	0.03503	0.15473	0.01950	0.20387	0.08006	0.02324	0.01793	0.00836	0.00649	0.00196	0.00700	0.05069	0.00562	0.00951
19	0.01636	0.04238	0.08786	0.05687	0.41429	0.01593	0.07888	0.04020	0.10346	0.03988	0.01451	0.01718	0.01144	0.00636	0.00652	0.00200	0.00782	0.00604	0.00385	0.02817
20	0.01832	0.02100	0.01886	0.01668	0.01818	0.32211	0.01326	0.01994	0.01371	0.01592	0.00992	0.01415	0.00912	0.01219	0.06565	0.00292	0.39241	0.00521	0.00314	0.00729
21	0.00942	0.00699	0.01025	0.01025	0.01131	0.00805	0.00781	0.01154	0.01048	0.01503	0.01794	0.02756	0.01719	0.12008	0.67285	0.01017	0.01653	0.00730	0.00357	0.00569
22	0.01667	0.01866	0.02761	0.10919	0.08973	0.16570	0.30463	0.02055	0.01526	0.01896	0.01331	0.01971	0.01124	0.00740	0.00868	0.00221	0.08860	0.05026	0.00342	0.00821
23	0.01061	0.00758	0.01061	0.01212	0.01364	0.00758	0.01061	0.01364	0.01515	0.01970	0.03486	0.07426	0.03789	0.01819	0.00909	0.00303	0.00606	0.68326	0.00606	0.00606
24	0.01054	0.00794	0.01126	0.01197	0.05814	0.00881	0.00825	0.04036	0.01148	0.01621	0.01791	0.02865	0.01751	0.20489	0.50611	0.00873	0.01406	0.00749	0.00374	0.00598
25	0.01925	0.50165	0.03034	0.01442	0.05310	0.02273	0.05640	0.12301	0.03822	0.06748	0.01222	0.01329	0.00993	0.00624	0.00515	0.00164	0.00722	0.00459	0.00390	0.00922
26	0.00940	0.00705	0.01058	0.01058	0.01176	0.00823	0.00823	0.01176	0.01058	0.01528	0.01763	0.02586	0.01646	0.04937	0.74255	0.01058	0.01763	0.00705	0.00353	0.00588
27	0.00880	0.00671	0.00809	0.00774	0.00952	0.00599	0.00581	0.01143	0.01742	0.02352	0.50465	0.05391	0.28336	0.01453	0.00777	0.00212	0.00318	0.01257	0.00687	0.00599
28	0.01407	0.01392	0.01953	0.01684	0.01692	0.01938	0.01400	0.01557	0.01011	0.01581	0.00923	0.01516	0.00916	0.01401	0.06899	0.00339	0.70802	0.00585	0.00292	0.00711
29	0.01702	0.10735	0.15240	0.05662	0.37027	0.07962	0.01846	0.06521	0.03320	0.02149	0.01227	0.01505	0.00988	0.00622	0.00617	0.00191	0.00836	0.00532	0.00342	0.00976
30	0.01320	0.03405	0.73453	0.01876	0.02849	0.01529	0.02432	0.02085	0.01390	0.02085	0.01181	0.01390	0.00834	0.00625	0.00625	0.00208	0.00973	0.00486	0.00278	0.00973
31	0.00802	0.00573	0.00764	0.00917	0.00955	0.00535	0.00611	0.00917	0.01260	0.01681	0.03628	0.76434	0.04354	0.02062	0.00840	0.00267	0.00382	0.01872	0.00611	0.00535
32	0.01365	0.01170	0.01365	0.00975	0.01560	0.00878	0.00780	0.01658	0.01365	0.02145	0.01170	0.01365	0.00975	0.00488	0.00488	0.00098	0.00488	0.00390	0.00390	0.80888
33	0.06795	0.01704	0.05650	0.09021	0.11431	0.11832	0.10740	0.04536	0.09853	0.07613	0.07911	0.02160	0.01664	0.00791	0.00717	0.00210	0.03300	0.02738	0.00460	0.00874
34	0.01669	0.01383	0.09154	0.01495	0.06027	0.01184	0.06157	0.10560	0.09572	0.15119	0.13060	0.16862	0.02676	0.01092	0.00719	0.00219	0.00600	0.00964	0.00605	0.00884
35	0.00802	0.00573	0.00764	0.00917	0.00955	0.00535	0.00611	0.00917	0.01260	0.01681	0.03628	0.76434	0.04354	0.02062	0.00840	0.00267	0.00382	0.01872	0.00611	0.00535
36	0.02081	0.28977	0.10168	0.01377	0.01918	0.09009	0.01288	0.15511	0.06331	0.12779	0.01443	0.01483	0.01088	0.00702	0.00613	0.00181	0.03135	0.00498	0.00463	0.00953
37	0.01817	0.06656	0.22602	0.02244	0.13476	0.06896	0.16512	0.12429	0.01763	0.07329	0.01354	0.01564	0.01002	0.00642	0.00655	0.00201	0.00906	0.00580	0.00396	0.00975
38	0.01182	0.06144	0.06854	0.01220	0.01357	0.01299	0.01016	0.01351	0.01054	0.01507	0.01489	0.02600	0.01534	0.26390	0.18875	0.00562	0.23908	0.00707	0.00338	0.00613
39	0.00979	0.00680	0.00792	0.00774	0.00785	0.00704	0.00464	0.01007	0.01019	0.01381	0.06638	0.04209	0.02570	0.68220	0.03124	0.00593	0.04264	0.00954	0.00415	0.00429
40	0.11825	0.02180	0.09058	0.06062	0.10697	0.25228	0.06438	0.09071	0.01713	0.05983	0.01256	0.01484	0.00973	0.00869	0.04189	0.00235	0.00959	0.00519	0.00395	0.00865

[dist]
# distance from previous block
# <min> <max>
0	8

[block]
# block no. 3 follows, 33 sequences, length 30
# corresponding to MSA columns:
# 185-214
name=unknown_D
#
# <colnr> <probs for GDERKNQSTAVLIFYWHMCP>
#	G	D	E	R	K	N	Q	S	T	A	V	L	I	F	Y	W	H	M	C	P
0	0.13549	0.01518	0.01663	0.01661	0.13195	0.07243	0.01137	0.19785	0.04809	0.13145	0.03462	0.01872	0.03168	0.00750	0.00601	0.00191	0.00646	0.00587	0.06097	0.04921
1	0.01655	0.01572	0.02392	0.11203	0.43179	0.04638	0.05097	0.07461	0.07073	0.02245	0.01428	0.04011	0.01193	0.00701	0.00713	0.00206	0.03239	0.00641	0.00384	0.00969
2	0.00841	0.00629	0.00782	0.00830	0.00950	0.00569	0.00589	0.01036	0.01523	0.02034	0.28078	0.35845	0.20435	0.01725	0.00804	0.00236	0.00346	0.01527	0.00650	0.00569
3	0.01736	0.73282	0.07220	0.01167	0.01752	0.02547	0.01197	0.01977	0.01340	0.01578	0.00930	0.01074	0.00844	0.00567	0.00433	0.00144	0.00719	0.00359	0.00281	0.00852
4	0.00957	0.00638	0.00718	0.00718	0.00718	0.00638	0.00399	0.00957	0.00957	0.01276	0.02074	0.04308	0.02393	0.76864	0.03351	0.00638	0.00638	0.00957	0.00399	0.00399
5	0.00936	0.00729	0.01008	0.01010	0.01137	0.00700	0.04692	0.01227	0.06166	0.01936	0.16339	0.44836	0.08182	0.06700	0.00976	0.00272	0.00435	0.01515	0.00606	0.00598
6	0.07125	0.38976	0.15433	0.03802	0.12905	0.04129	0.01508	0.01986	0.01353	0.01841	0.01020	0.01248	0.00866	0.00619	0.00598	0.00177	0.04806	0.00433	0.00299	0.00877
7	0.02354	0.05586	0.01867	0.01638	0.01970	0.68141	0.01235	0.02522	0.01818	0.01612	0.01141	0.04853	0.01019	0.00742	0.00600	0.00173	0.01131	0.00492	0.00350	0.00755
8	0.00942	0.00754	0.00915	0.00948	0.04486	0.00696	0.00663	0.01282	0.05454	0.02276	0.38757	0.05195	0.32375	0.01414	0.00765	0.00213	0.00354	0.01217	0.00657	0.00638
9	0.20985	0.01446	0.01577	0.01238	0.01731	0.01516	0.01022	0.29911	0.02193	0.29242	0.01800	0.01705	0.01213	0.00758	0.00602	0.00201	0.00614	0.00563	0.00658	0.01026
10	0.00778	0.00667	0.00667	0.00667	0.00889	0.00556	0.00500	0.00945	0.01501	0.01778	0.06669	0.06336	0.72490	0.01667	0.00778	0.00222	0.00333	0.01389	0.00611	0.00556
11	0.01732	0.01461	0.01542	0.01359	0.01748	0.01682	0.01065	0.10854	0.64057	0.02907	0.02559	0.02360	0.01912	0.00882	0.00669	0.00220	0.00543	0.00728	0.00669	0.01051
12	0.81514	0.01273	0.00968	0.00866	0.01273	0.01477	0.00713	0.01935	0.01120	0.02954	0.00917	0.01069	0.00713	0.00611	0.00407	0.00204	0.00509	0.00356	0.00407	0.00713
13	0.01440	0.01440	0.02016	0.01728	0.01728	0.02016	0.01440	0.01584	0.01008	0.01584	0.00864	0.01440	0.00864	0.01152	0.02160	0.00288	0.75659	0.00576	0.00288	0.00720
14	0.02503	0.01844	0.01976	0.01515	0.02042	0.02042	0.01251	0.70562	0.03095	0.04149	0.01581	0.01581	0.01120	0.00790	0.00659	0.00198	0.00724	0.00593	0.00659	0.01120
15	0.01061	0.00758	0.01061	0.01212	0.01364	0.00758	0.01061	0.01364	0.01515	0.01970	0.03486	0.07426	0.03789	0.01819	0.00909	0.00303	0.00606	0.68326	0.00606	0.00606
16	0.81514	0.01273	0.00968	0.00866	0.01273	0.01477	0.00713	0.01935	0.01120	0.02954	0.00917	0.01069	0.00713	0.00611	0.00407	0.00204	0.00509	0.00356	0.00407	0.00713
17	0.81514	0.01273	0.00968	0.00866	0.01273	0.01477	0.00713	0.01935	0.01120	0.02954	0.00917	0.01069	0.00713	0.00611	0.00407	0.00204	0.00509	0.00356	0.00407	0.00713
18	0.00957	0.00669	0.00859	0.00882	0.00935	0.00702	0.00606	0.01065	0.01061	0.01444	0.02201	0.07101	0.02406	0.44162	0.24034	0.00711	0.00958	0.08347	0.00417	0.00483
19	0.81514	0.01273	0.00968	0.00866	0.01273	0.01477	0.00713	0.01935	0.01120	0.02954	0.00917	0.01069	0.00713	0.00611	0.00407	0.00204	0.00509	0.00356	0.00407	0.00713
20	0.02935	0.01151	0.01547	0.01186	0.01696	0.01013	0.00980	0.06040	0.01935	0.70310	0.02554	0.02213	0.01608	0.00814	0.00662	0.00203	0.00567	0.00659	0.00808	0.01120
21	0.00808	0.00610	0.00748	0.00835	0.00939	0.00550	0.00580	0.00958	0.01392	0.01807	0.11566	0.48805	0.24268	0.01875	0.00816	0.00248	0.00361	0.01662	0.00623	0.00550
22	0.02311	0.01563	0.01629	0.01310	0.01750	0.06530	0.01059	0.34611	0.10613	0.17618	0.01958	0.01914	0.01389	0.00796	0.00628	0.00194	0.00640	0.00616	0.11854	0.01015
23	0.77687	0.01266	0.00995	0.00881	0.01293	0.01452	0.00725	0.01997	0.01158	0.06376	0.00999	0.01126	0.00758	0.00621	0.00420	0.00204	0.00512	0.00371	0.00427	0.00733
24	0.00939	0.00665	0.00841	0.00841	0.00900	0.00701	0.00563	0.01038	0.01032	0.01404	0.02274	0.03807	0.06927	0.44976	0.29521	0.00766	0.01035	0.00893	0.00396	0.00480
25	0.00819	0.00580	0.00759	0.00895	0.00929	0.00546	0.00588	0.00921	0.01227	0.01636	0.03457	0.68483	0.04138	0.10309	0.01117	0.00308	0.00410	0.01771	0.00588	0.00520
26	0.01613	0.01630	0.02643	0.11074	0.50020	0.06525	0.10529	0.02007	0.01505	0.02046	0.01295	0.03729	0.01100	0.00638	0.00669	0.00202	0.00850	0.00635	0.00332	0.00957
27	0.12243	0.01989	0.01661	0.01482	0.01772	0.33635	0.06793	0.02047	0.03421	0.01858	0.01522	0.11906	0.01461	0.01404	0.09727	0.00309	0.04959	0.00697	0.00393	0.00719
28	0.00944	0.00747	0.01123	0.04671	0.01360	0.00825	0.03092	0.01181	0.01157	0.01598	0.02467	0.09255	0.10311	0.03949	0.53207	0.00822	0.01410	0.00883	0.00402	0.00596
29	0.13661	0.12012	0.01952	0.04733	0.05364	0.17659	0.01170	0.16119	0.01854	0.12360	0.01344	0.01440	0.01009	0.00693	0.00607	0.00184	0.02646	0.00489	0.00470	0.04233

[dist]
# distance from previous block
# <min> <max>
0	4

[block]
# block no. 4 follows, 33 sequences, length 16
# corresponding to MSA columns:
# 219-234
name=unknown_E
#
# <colnr> <probs for GDERKNQSTAVLIFYWHMCP>
#	G	D	E	R	K	N	Q	S	T	A	V	L	I	F	Y	W	H	M	C	P
0	0.05363	0.07043	0.02323	0.25326	0.29366	0.01628	0.03872	0.01829	0.01369	0.01949	0.03832	0.01705	0.01134	0.00704	0.00814	0.00212	0.09765	0.00585	0.00327	0.00856
1	0.00943	0.00696	0.01013	0.01013	0.01115	0.00798	0.00766	0.01147	0.01045	0.01495	0.01805	0.02815	0.01745	0.14505	0.64823	0.01002	0.01614	0.00739	0.00359	0.00563
2	0.01641	0.01427	0.02385	0.09067	0.56267	0.01434	0.01812	0.02019	0.01544	0.07466	0.07191	0.01955	0.01499	0.00672	0.00663	0.00199	0.00734	0.00642	0.00393	0.00990
3	0.02503	0.01844	0.01976	0.01515	0.02042	0.02042	0.01251	0.70562	0.03095	0.04149	0.01581	0.01581	0.01120	0.00790	0.00659	0.00198	0.00724	0.00593	0.00659	0.01120
4	0.01201	0.00619	0.00637	0.00632	0.00786	0.00614	0.00474	0.01508	0.01423	0.02471	0.08297	0.02670	0.02083	0.00818	0.00488	0.00158	0.00307	0.00664	0.73535	0.00614
5	0.02503	0.01844	0.01976	0.01515	0.02042	0.02042	0.01251	0.70562	0.03095	0.04149	0.01581	0.01581	0.01120	0.00790	0.00659	0.00198	0.00724	0.00593	0.00659	0.01120
6	0.02954	0.01120	0.01528	0.01171	0.01681	0.00968	0.00968	0.03208	0.01884	0.73213	0.02597	0.02241	0.01630	0.00815	0.00662	0.00204	0.00560	0.00662	0.00815	0.01120
7	0.00957	0.00638	0.00718	0.00718	0.00718	0.00638	0.00399	0.00957	0.00957	0.01276	0.02074	0.04308	0.02393	0.76864	0.03351	0.00638	0.00638	0.00957	0.00399	0.00399
8	0.02914	0.01184	0.01567	0.01201	0.01712	0.01062	0.00992	0.09103	0.01990	0.67169	0.02508	0.02183	0.01585	0.00813	0.00662	0.00203	0.00575	0.00656	0.00801	0.01120
9	0.01365	0.01170	0.01365	0.00975	0.01560	0.00878	0.00780	0.01658	0.01365	0.02145	0.01170	0.01365	0.00975	0.00488	0.00488	0.00098	0.00488	0.00390	0.00390	0.80888
10	0.00801	0.00672	0.00699	0.00704	0.00919	0.00570	0.00536	0.00983	0.01521	0.01835	0.10042	0.06316	0.65341	0.01658	0.00785	0.00226	0.00346	0.04868	0.00617	0.00562
11	0.05141	0.00758	0.00955	0.00881	0.01093	0.00701	0.00669	0.01517	0.01742	0.13105	0.46752	0.12222	0.09258	0.01329	0.00748	0.00214	0.00367	0.01157	0.00703	0.00687
12	0.02430	0.10361	0.02013	0.01580	0.01974	0.53841	0.01232	0.09803	0.01944	0.07225	0.01185	0.01294	0.00935	0.00689	0.00588	0.00172	0.01042	0.00452	0.00403	0.00836
13	0.01365	0.01170	0.01365	0.00975	0.01560	0.00878	0.00780	0.01658	0.01365	0.02145	0.01170	0.01365	0.00975	0.00488	0.00488	0.00098	0.00488	0.00390	0.00390	0.80888
14	0.02181	0.01645	0.01809	0.01513	0.04186	0.01811	0.01196	0.51913	0.11229	0.03640	0.02026	0.04723	0.03545	0.00922	0.00683	0.00210	0.00672	0.04410	0.00643	0.01043
15	0.06089	0.01634	0.01746	0.01714	0.10668	0.15619	0.05074	0.07214	0.13940	0.13357	0.06861	0.09442	0.01940	0.00907	0.00667	0.00207	0.00709	0.00763	0.00549	0.00899

[dist]
# distance from previous block
# <min> <max>
0	2

[block]
# block no. 5 follows, 33 sequences, length 15
# corresponding to MSA columns:
# 237-251
name=unknown_F
#
# <colnr> <probs for GDERKNQSTAVLIFYWHMCP>
#	G	D	E	R	K	N	Q	S	T	A	V	L	I	F	Y	W	H	M	C	P
0	0.01006	0.00724	0.00896	0.00843	0.01017	0.00696	0.00635	0.01430	0.07133	0.02604	0.58859	0.04564	0.07687	0.01272	0.00741	0.00204	0.00327	0.01113	0.07596	0.00650
1	0.01349	0.01170	0.01445	0.01047	0.01613	0.00896	0.03667	0.01645	0.01369	0.02124	0.01280	0.04537	0.01118	0.00557	0.00514	0.00110	0.00509	0.00468	0.00397	0.74184
2	0.01144	0.00572	0.00858	0.00858	0.00858	0.00572	0.00572	0.00858	0.00858	0.01144	0.01144	0.02001	0.01144	0.02287	0.02573	0.80846	0.00572	0.00572	0.00286	0.00286
3	0.81514	0.01273	0.00968	0.00866	0.01273	0.01477	0.00713	0.01935	0.01120	0.02954	0.00917	0.01069	0.00713	0.00611	0.00407	0.00204	0.00509	0.00356	0.00407	0.00713
4	0.01432	0.01883	0.15058	0.04708	0.10535	0.01502	0.41559	0.01963	0.01524	0.02098	0.04874	0.02150	0.06123	0.00686	0.00734	0.00216	0.00955	0.00763	0.00359	0.00879
5	0.01629	0.01564	0.02672	0.04041	0.72757	0.01564	0.02020	0.02020	0.01499	0.02151	0.01238	0.01629	0.01043	0.00587	0.00652	0.00196	0.00782	0.00587	0.00326	0.01043
6	0.06383	0.01084	0.01423	0.01109	0.01583	0.00960	0.00912	0.03006	0.01806	0.63913	0.02482	0.02206	0.01593	0.00801	0.00633	0.00199	0.00536	0.00644	0.07668	0.01058
7	0.00957	0.00638	0.00718	0.00718	0.00718	0.00638	0.00399	0.00957	0.00957	0.01276	0.02074	0.04308	0.02393	0.76864	0.03351	0.00638	0.00638	0.00957	0.00399	0.00399
8	0.24144	0.01647	0.01849	0.03908	0.19463	0.07962	0.03443	0.15064	0.11616	0.02773	0.01398	0.01550	0.01079	0.00684	0.00586	0.00201	0.00706	0.00538	0.00460	0.00928
9	0.60865	0.01548	0.03907	0.07425	0.01717	0.08621	0.00949	0.04568	0.01295	0.02725	0.00983	0.01171	0.00760	0.00629	0.00465	0.00202	0.00633	0.00397	0.00395	0.00745
10	0.00940	0.00705	0.01058	0.01058	0.01176	0.00823	0.00823	0.01176	0.01058	0.01528	0.01763	0.02586	0.01646	0.04937	0.74255	0.01058	0.01763	0.00705	0.00353	0.00588
11	0.00816	0.00579	0.00760	0.00898	0.00933	0.00544	0.00591	0.00920	0.01232	0.01643	0.03485	0.69764	0.04173	0.08980	0.01072	0.00302	0.00406	0.01787	0.00591	0.00522
12	0.58874	0.01589	0.04155	0.01349	0.07674	0.08237	0.03718	0.03896	0.01304	0.02726	0.00999	0.01183	0.00781	0.00618	0.00476	0.00201	0.00643	0.00411	0.00393	0.00774
13	0.01855	0.26412	0.11781	0.01424	0.01956	0.09825	0.03464	0.12018	0.04847	0.05683	0.01332	0.03658	0.01097	0.00718	0.00655	0.00179	0.05111	0.00521	0.00406	0.07059
14	0.01696	0.33039	0.18582	0.01491	0.04726	0.07880	0.04127	0.03750	0.01447	0.05242	0.01222	0.01557	0.01040	0.07180	0.00778	0.00209	0.00802	0.00489	0.00339	0.04404

[dist]
# distance from previous block
# <min> <max>
0	2

[block]
# block no. 6 follows, 33 sequences, length 20
# corresponding to MSA columns:
# 254-273
name=unknown_G
#
# <colnr> <probs for GDERKNQSTAVLIFYWHMCP>
#	G	D	E	R	K	N	Q	S	T	A	V	L	I	F	Y	W	H	M	C	P
0	0.01991	0.03558	0.14432	0.06637	0.09650	0.04214	0.02835	0.16175	0.05401	0.18776	0.01874	0.08324	0.01473	0.00839	0.00664	0.00208	0.00731	0.00701	0.00537	0.00980
1	0.01750	0.04590	0.17288	0.01683	0.05528	0.01319	0.11891	0.03848	0.10078	0.18891	0.02216	0.12393	0.03697	0.00921	0.00691	0.00216	0.00716	0.00824	0.00527	0.00932
2	0.08542	0.00696	0.00921	0.00889	0.00952	0.00724	0.00617	0.04256	0.00988	0.01451	0.01143	0.01896	0.01103	0.02063	0.02285	0.69670	0.00573	0.00553	0.00315	0.00364
3	0.08692	0.11089	0.22651	0.06632	0.13481	0.01546	0.07036	0.03812	0.01469	0.09264	0.01489	0.07328	0.01234	0.00742	0.00621	0.00203	0.00780	0.00632	0.00392	0.00908
4	0.05886	0.02013	0.21837	0.02357	0.14870	0.01483	0.23494	0.02114	0.01479	0.09452	0.01484	0.05422	0.01177	0.00705	0.00730	0.00215	0.03290	0.00680	0.00383	0.00929
5	0.01026	0.00831	0.01222	0.01173	0.01270	0.01027	0.00929	0.01246	0.01049	0.01538	0.01609	0.02390	0.01512	0.04290	0.61917	0.00926	0.14410	0.00683	0.00342	0.00610
6	0.01760	0.77260	0.03450	0.01126	0.01690	0.02605	0.01126	0.01971	0.01338	0.01549	0.00915	0.01056	0.00845	0.00563	0.00422	0.00141	0.00704	0.00352	0.00282	0.00845
7	0.01365	0.01170	0.01365	0.00975	0.01560	0.00878	0.00780	0.01658	0.01365	0.02145	0.01170	0.01365	0.00975	0.00488	0.00488	0.00098	0.00488	0.00390	0.00390	0.80888
8	0.01725	0.01010	0.01088	0.00936	0.01229	0.01058	0.00740	0.17051	0.08215	0.10239	0.02118	0.02240	0.01586	0.00789	0.00544	0.00175	0.00445	0.00626	0.47370	0.00817
9	0.01616	0.06252	0.31874	0.01756	0.07181	0.05601	0.05011	0.09173	0.01629	0.07136	0.03596	0.04983	0.01344	0.01005	0.05162	0.00253	0.00883	0.00621	0.04014	0.00911
10	0.00801	0.00579	0.00758	0.00901	0.00951	0.00536	0.00604	0.00918	0.01275	0.01687	0.03815	0.72124	0.08544	0.02038	0.00836	0.00265	0.00379	0.01842	0.00611	0.00536
11	0.00843	0.00663	0.00753	0.00741	0.00921	0.00582	0.00547	0.01055	0.01603	0.02075	0.30820	0.09121	0.41809	0.04473	0.00880	0.00235	0.00339	0.01322	0.00645	0.00573
12	0.08541	0.01662	0.02615	0.03476	0.54214	0.06103	0.09732	0.02061	0.01496	0.02181	0.01208	0.01570	0.00997	0.00591	0.00642	0.00198	0.00822	0.00579	0.00335	0.00979
13	0.01812	0.01967	0.04788	0.05261	0.23814	0.19148	0.10547	0.08241	0.05597	0.02199	0.04794	0.03583	0.01363	0.00735	0.00714	0.00201	0.03292	0.00639	0.00401	0.00904
14	0.01013	0.00776	0.00941	0.00882	0.01075	0.00756	0.00667	0.01525	0.11576	0.02559	0.55295	0.04732	0.13041	0.01318	0.00762	0.00211	0.00343	0.01150	0.00704	0.00673
15	0.01493	0.06539	0.19456	0.08037	0.16978	0.01502	0.03600	0.05198	0.07836	0.02178	0.01465	0.01690	0.02881	0.00663	0.00654	0.00186	0.02916	0.00552	0.00374	0.15802
16	0.02047	0.02397	0.01768	0.09389	0.02159	0.47180	0.01260	0.05543	0.01704	0.01755	0.01152	0.01457	0.00968	0.01213	0.09621	0.00286	0.04713	0.00489	0.00351	0.04547
17	0.01452	0.01339	0.05141	0.06476	0.12120	0.05103	0.01173	0.03860	0.19741	0.05525	0.16605	0.09512	0.04829	0.01141	0.02831	0.00239	0.00623	0.00886	0.00558	0.00849
18	0.34647	0.04075	0.05156	0.05551	0.03993	0.17248	0.01112	0.07875	0.05852	0.04988	0.01205	0.01343	0.00924	0.00663	0.00529	0.00193	0.00734	0.00452	0.00424	0.03036
19	0.23435	0.16192	0.03703	0.05139	0.04600	0.23028	0.01156	0.02300	0.07609	0.03846	0.01172	0.01324	0.00941	0.00666	0.00562	0.00186	0.02501	0.00446	0.00382	0.00812

[dist]
# distance from previous block
# <min> <max>
0	3

[block]
# block no. 7 follows, 33 sequences, length 15
# corresponding to MSA columns:
# 277-291
name=unknown_H
#
# <colnr> <probs for GDERKNQSTAVLIFYWHMCP>
#	G	D	E	R	K	N	Q	S	T	A	V	L	I	F	Y	W	H	M	C	P
0	0.01811	0.38303	0.02909	0.05113	0.24628	0.04397	0.01461	0.10473	0.01622	0.02070	0.01114	0.01337	0.00944	0.00606	0.00540	0.00169	0.00754	0.00469	0.00345	0.00935
1	0.01466	0.01809	0.15874	0.14686	0.28109	0.04471	0.01786	0.03660	0.05039	0.02070	0.03333	0.02082	0.04535	0.00864	0.02619	0.00232	0.03842	0.02257	0.00366	0.00900
2	0.00786	0.00663	0.00680	0.00685	0.00896	0.00558	0.00510	0.00956	0.01505	0.01810	0.09283	0.09530	0.66550	0.01672	0.00781	0.00224	0.00335	0.01403	0.00616	0.00558
3	0.00802	0.00573	0.00764	0.00917	0.00955	0.00535	0.00611	0.00917	0.01260	0.01681	0.03628	0.76434	0.04354	0.02062	0.00840	0.00267	0.00382	0.01872	0.00611	0.00535
4	0.00787	0.00667	0.00679	0.00676	0.00895	0.00559	0.00507	0.00962	0.01521	0.01827	0.10398	0.06255	0.68730	0.01649	0.00778	0.00221	0.00332	0.01378	0.00618	0.00559
5	0.01506	0.01465	0.02014	0.01715	0.01748	0.02018	0.01429	0.05829	0.01137	0.01742	0.00908	0.01449	0.00880	0.01130	0.02068	0.00282	0.71047	0.00577	0.00311	0.00745
6	0.01091	0.00984	0.01719	0.01382	0.01683	0.00930	0.20129	0.01445	0.01644	0.02270	0.37329	0.03914	0.11171	0.01581	0.09424	0.00313	0.00707	0.01039	0.00560	0.00685
7	0.81514	0.01273	0.00968	0.00866	0.01273	0.01477	0.00713	0.01935	0.01120	0.02954	0.00917	0.01069	0.00713	0.00611	0.00407	0.00204	0.00509	0.00356	0.00407	0.00713
8	0.01845	0.14298	0.01925	0.01342	0.01779	0.01888	0.01102	0.17758	0.44902	0.02853	0.02144	0.02031	0.01621	0.00815	0.00626	0.00204	0.00596	0.00645	0.00602	0.01026
9	0.04839	0.02328	0.01945	0.01980	0.14397	0.38511	0.01338	0.11826	0.01948	0.12713	0.01364	0.01471	0.01031	0.00696	0.00617	0.00184	0.00939	0.00509	0.00453	0.00912
10	0.01760	0.77260	0.03450	0.01126	0.01690	0.02605	0.01126	0.01971	0.01338	0.01549	0.00915	0.01056	0.00845	0.00563	0.00422	0.00141	0.00704	0.00352	0.00282	0.00845
11	0.04863	0.01246	0.01644	0.01182	0.01769	0.00996	0.08967	0.01723	0.01377	0.02176	0.01178	0.01401	0.00967	0.00501	0.00518	0.00117	0.00562	0.00434	0.00384	0.67996
12	0.00979	0.00630	0.00734	0.00734	0.00734	0.00630	0.00419	0.00946	0.00946	0.01261	0.01965	0.04037	0.02246	0.68087	0.03259	0.10078	0.00630	0.00912	0.00386	0.00386
13	0.00944	0.00729	0.01072	0.01331	0.09476	0.00735	0.00847	0.01128	0.01250	0.01711	0.02888	0.46817	0.03282	0.02578	0.18675	0.00453	0.00774	0.04185	0.00514	0.00610
14	0.01488	0.02691	0.44777	0.04473	0.18952	0.03505	0.03997	0.06262	0.01526	0.02188	0.01235	0.01506	0.00929	0.00750	0.02729	0.00229	0.00943	0.00531	0.00318	0.00972

[dist]
# distance from previous block
# <min> <max>
0	1

[block]
# block no. 8 follows, 33 sequences, length 47
# corresponding to MSA columns:
# 293-339
name=unknown_I
#
# <colnr> <probs for GDERKNQSTAVLIFYWHMCP>
#	G	D	E	R	K	N	Q	S	T	A	V	L	I	F	Y	W	H	M	C	P
0	0.01600	0.01866	0.05331	0.02235	0.02681	0.11849	0.38270	0.01996	0.01437	0.01881	0.01218	0.01674	0.00995	0.01050	0.06889	0.00295	0.16925	0.00669	0.00324	0.00814
