[name]
unknown

[dist]
# distance from previous block
# <min> <max>
0	31

[block]
# block no. 0 follows, 32 sequences, length 253
# corresponding to MSA columns:
# 31-283
name=unknown_A
#
# <colnr> <probs for GDERKNQSTAVLIFYWHMCP>
#	G	D	E	R	K	N	Q	S	T	A	V	L	I	F	Y	W	H	M	C	P
0	0.01178	0.04959	0.01217	0.01188	0.01367	0.03796	0.00996	0.03954	0.01583	0.02039	0.06965	0.18586	0.03713	0.01717	0.00858	0.00279	0.00595	0.43766	0.00599	0.00645
1	0.02349	0.01643	0.01813	0.01408	0.01910	0.01757	0.01153	0.49834	0.06462	0.10841	0.07190	0.01976	0.01635	0.00837	0.00670	0.00197	0.00662	0.00653	0.00675	0.06333
2	0.01874	0.04090	0.18296	0.17665	0.07842	0.01603	0.01666	0.17095	0.06609	0.11967	0.01584	0.01737	0.01134	0.00717	0.00652	0.00206	0.00790	0.00584	0.00479	0.03411
3	0.01217	0.00986	0.01123	0.01111	0.01323	0.01063	0.00819	0.02162	0.32827	0.02327	0.11592	0.32247	0.05539	0.01465	0.00768	0.00243	0.00443	0.01291	0.00664	0.00790
4	0.01017	0.00702	0.00913	0.00862	0.01034	0.00650	0.00649	0.01309	0.01805	0.05374	0.57824	0.07653	0.10668	0.01599	0.04710	0.00261	0.00411	0.01207	0.00709	0.00644
5	0.01751	0.01511	0.03936	0.01882	0.14885	0.01604	0.01286	0.03221	0.51141	0.07549	0.02405	0.02298	0.01801	0.00838	0.00677	0.00220	0.00597	0.00715	0.00616	0.01066
6	0.00818	0.00584	0.00779	0.00934	0.00973	0.00545	0.00623	0.00934	0.01285	0.01713	0.03698	0.75981	0.04438	0.02102	0.00856	0.00273	0.00389	0.01908	0.00623	0.00545
7	0.02506	0.03198	0.01901	0.01729	0.02074	0.73725	0.01296	0.02679	0.01901	0.01642	0.01037	0.01210	0.00864	0.00691	0.00605	0.00173	0.01210	0.00432	0.00346	0.00778
8	0.02506	0.03198	0.01901	0.01729	0.02074	0.73725	0.01296	0.02679	0.01901	0.01642	0.01037	0.01210	0.00864	0.00691	0.00605	0.00173	0.01210	0.00432	0.00346	0.00778
9	0.81159	0.01298	0.00986	0.00882	0.01298	0.01505	0.00727	0.01972	0.01142	0.03010	0.00934	0.01090	0.00727	0.00623	0.00415	0.00208	0.00519	0.00363	0.00415	0.00727
10	0.01250	0.01051	0.05656	0.01176	0.01398	0.03679	0.02774	0.03573	0.03383	0.07437	0.03220	0.38103	0.05362	0.01643	0.00809	0.00258	0.00552	0.15205	0.02784	0.00688
11	0.01630	0.06853	0.11136	0.03533	0.54978	0.01666	0.04096	0.02113	0.03651	0.02161	0.01281	0.01623	0.01053	0.00610	0.00650	0.00199	0.00817	0.00581	0.00334	0.01036
12	0.01073	0.00766	0.01072	0.01226	0.01377	0.00765	0.01067	0.01376	0.01536	0.01999	0.03557	0.09735	0.03880	0.01861	0.00925	0.00308	0.00611	0.65633	0.00618	0.00616
13	0.01391	0.01193	0.01391	0.00994	0.01590	0.00894	0.00795	0.01690	0.01391	0.02186	0.01193	0.01391	0.00994	0.00497	0.00497	0.00099	0.00497	0.00398	0.00398	0.80521
14	0.00864	0.00648	0.00918	0.01007	0.01088	0.00605	0.03341	0.01019	0.01348	0.01798	0.07369	0.64134	0.06669	0.01979	0.00851	0.00267	0.00422	0.04487	0.00618	0.00567
15	0.00950	0.00686	0.00897	0.00844	0.01002	0.00633	0.00633	0.01266	0.01899	0.02691	0.71879	0.05012	0.06331	0.01372	0.00791	0.00211	0.00317	0.01213	0.00739	0.00633
16	0.81159	0.01298	0.00986	0.00882	0.01298	0.01505	0.00727	0.01972	0.01142	0.03010	0.00934	0.01090	0.00727	0.00623	0.00415	0.00208	0.00519	0.00363	0.00415	0.00727
17	0.00818	0.00584	0.00779	0.00934	0.00973	0.00545	0.00623	0.00934	0.01285	0.01713	0.03698	0.75981	0.04438	0.02102	0.00856	0.00273	0.00389	0.01908	0.00623	0.00545
18	0.81159	0.01298	0.00986	0.00882	0.01298	0.01505	0.00727	0.01972	0.01142	0.03010	0.00934	0.01090	0.00727	0.00623	0.00415	0.00208	0.00519	0.00363	0.00415	0.00727
19	0.01228	0.00623	0.00633	0.00641	0.00792	0.00621	0.00477	0.01531	0.01401	0.02461	0.02267	0.06311	0.01861	0.00850	0.00489	0.00162	0.00317	0.00692	0.76021	0.00621
20	0.01166	0.00583	0.00874	0.00874	0.00874	0.00583	0.00583	0.00874	0.00874	0.01166	0.01166	0.02040	0.01166	0.02331	0.02622	0.80478	0.00583	0.00583	0.00291	0.00291
21	0.01661	0.01594	0.02724	0.04119	0.72233	0.01594	0.02059	0.02059	0.01528	0.02192	0.01262	0.01661	0.01063	0.00598	0.00664	0.00199	0.00797	0.00598	0.00332	0.01063
22	0.00803	0.00678	0.00698	0.00711	0.00925	0.00572	0.00534	0.00975	0.01517	0.01813	0.06528	0.10228	0.66173	0.01726	0.00801	0.00232	0.00351	0.03546	0.00623	0.00567
23	0.01583	0.12905	0.01788	0.01079	0.01665	0.01298	0.00903	0.09353	0.01584	0.02321	0.01199	0.01367	0.00990	0.00543	0.00506	0.00118	0.00558	0.00415	0.00411	0.59416
24	0.02391	0.02815	0.01935	0.01899	0.08872	0.58293	0.01331	0.02648	0.04000	0.05566	0.01203	0.01357	0.00967	0.00691	0.00614	0.00177	0.01092	0.00470	0.00383	0.03296
25	0.01630	0.29372	0.31792	0.01889	0.11481	0.03954	0.01820	0.04260	0.04310	0.02018	0.01185	0.01371	0.00940	0.00627	0.00569	0.00185	0.00847	0.00472	0.00321	0.00956
26	0.01078	0.00798	0.00964	0.00898	0.01106	0.00770	0.00681	0.01580	0.11055	0.04487	0.50598	0.04829	0.15885	0.01347	0.00774	0.00216	0.00356	0.01170	0.00716	0.00694
27	0.01482	0.00693	0.00748	0.00700	0.00904	0.00673	0.00537	0.01787	0.01474	0.11709	0.02249	0.02473	0.01712	0.00788	0.00496	0.00163	0.00347	0.00632	0.69740	0.00693
28	0.02958	0.01154	0.01556	0.01201	0.01714	0.01013	0.00989	0.03282	0.04638	0.69950	0.02650	0.02292	0.01676	0.00834	0.00675	0.00208	0.00569	0.00678	0.00825	0.01139
29	0.01815	0.15021	0.19515	0.01773	0.02394	0.10806	0.14030	0.09609	0.09411	0.04654	0.01503	0.03864	0.01186	0.00720	0.00643	0.00201	0.00887	0.00609	0.00417	0.00942
30	0.01584	0.01810	0.03959	0.02828	0.03507	0.01697	0.69796	0.02149	0.01584	0.02149	0.01357	0.01810	0.01018	0.00566	0.00792	0.00226	0.01131	0.00792	0.00339	0.00905
31	0.00903	0.00684	0.00833	0.00795	0.00974	0.00613	0.00597	0.01176	0.01790	0.02431	0.52612	0.05440	0.25761	0.01469	0.00792	0.00216	0.00323	0.01273	0.00704	0.00613
32	0.00959	0.00719	0.01078	0.01078	0.01198	0.00839	0.00839	0.01198	0.01078	0.01558	0.01797	0.02636	0.01677	0.05032	0.73760	0.01078	0.01797	0.00719	0.00359	0.00599
33	0.01587	0.21407	0.44145	0.01768	0.02571	0.08979	0.06581	0.02153	0.01463	0.01944	0.01131	0.01339	0.00865	0.00622	0.00594	0.00193	0.00955	0.00476	0.00294	0.00932
34	0.03010	0.01142	0.01557	0.01194	0.01713	0.00986	0.00986	0.03270	0.01920	0.72698	0.02647	0.02284	0.01661	0.00830	0.00675	0.00208	0.00571	0.00675	0.00830	0.01142
35	0.00793	0.00680	0.00680	0.00680	0.00906	0.00566	0.00510	0.00963	0.01529	0.01813	0.06797	0.06457	0.71961	0.01699	0.00793	0.00227	0.00340	0.01416	0.00623	0.00566
36	0.01684	0.01594	0.02675	0.06068	0.67514	0.01610	0.02023	0.04721	0.01586	0.02258	0.01274	0.01662	0.01061	0.00608	0.00665	0.00200	0.00798	0.00598	0.00344	0.01057
37	0.00911	0.00635	0.00801	0.00884	0.00991	0.00575	0.00615	0.01064	0.01420	0.04604	0.11065	0.51948	0.18209	0.01898	0.00830	0.00255	0.00379	0.01691	0.00643	0.00581
38	0.81159	0.01298	0.00986	0.00882	0.01298	0.01505	0.00727	0.01972	0.01142	0.03010	0.00934	0.01090	0.00727	0.00623	0.00415	0.00208	0.00519	0.00363	0.00415	0.00727
39	0.00959	0.00719	0.01078	0.01078	0.01198	0.00839	0.00839	0.01198	0.01078	0.01558	0.01797	0.02636	0.01677	0.05032	0.73760	0.01078	0.01797	0.00719	0.00359	0.00599
40	0.01267	0.01193	0.02013	0.74806	0.04621	0.01491	0.01863	0.01714	0.01342	0.01714	0.01193	0.01789	0.00894	0.00671	0.00671	0.00224	0.00894	0.00596	0.00298	0.00745
41	0.00897	0.00607	0.00810	0.00940	0.00999	0.00563	0.00636	0.01026	0.01330	0.04155	0.06344	0.70695	0.04418	0.02030	0.00848	0.00268	0.00393	0.01838	0.00634	0.00569
42	0.00964	0.00645	0.00735	0.00748	0.00751	0.00642	0.00423	0.00973	0.01000	0.01333	0.02237	0.09935	0.02594	0.70664	0.03217	0.00621	0.00630	0.01048	0.00423	0.00417
43	0.01794	0.76823	0.03516	0.01148	0.01722	0.02655	0.01148	0.02009	0.01363	0.01579	0.00933	0.01076	0.00861	0.00574	0.00431	0.00144	0.00718	0.00359	0.00287	0.00861
44	0.81159	0.01298	0.00986	0.00882	0.01298	0.01505	0.00727	0.01972	0.01142	0.03010	0.00934	0.01090	0.00727	0.00623	0.00415	0.00208	0.00519	0.00363	0.00415	0.00727
45	0.03010	0.01142	0.01557	0.01194	0.01713	0.00986	0.00986	0.03270	0.01920	0.72698	0.02647	0.02284	0.01661	0.00830	0.00675	0.00208	0.00571	0.00675	0.00830	0.01142
46	0.01437	0.01866	0.19591	0.01845	0.02418	0.01397	0.25107	0.02208	0.13236	0.02297	0.01833	0.05945	0.01466	0.00764	0.00679	0.00213	0.00803	0.00743	0.15272	0.00881
47	0.01786	0.70482	0.03311	0.01138	0.01682	0.04715	0.01116	0.02006	0.01382	0.01630	0.01004	0.01157	0.00907	0.00589	0.00438	0.00145	0.00711	0.00375	0.04579	0.00846
48	0.00959	0.00719	0.01078	0.01078	0.01198	0.00839	0.00839	0.01198	0.01078	0.01558	0.01797	0.02636	0.01677	0.05032	0.73760	0.01078	0.01797	0.00719	0.00359	0.00599
49	0.65042	0.01329	0.03035	0.00966	0.01415	0.01414	0.00820	0.02208	0.01288	0.15432	0.01247	0.01312	0.00897	0.00660	0.00468	0.00208	0.00541	0.00423	0.00486	0.00808
50	0.02506	0.03198	0.01901	0.01729	0.02074	0.73725	0.01296	0.02679	0.01901	0.01642	0.01037	0.01210	0.00864	0.00691	0.00605	0.00173	0.01210	0.00432	0.00346	0.00778
51	0.01346	0.03471	0.72942	0.01912	0.02904	0.01558	0.02479	0.02125	0.01417	0.02125	0.01204	0.01417	0.00850	0.00637	0.00637	0.00212	0.00992	0.00496	0.00283	0.00992
52	0.01532	0.01438	0.02416	0.09141	0.57168	0.01454	0.01847	0.01923	0.01565	0.02224	0.11001	0.02133	0.01777	0.00710	0.00682	0.00203	0.00738	0.00683	0.00386	0.00979
53	0.01360	0.03375	0.68959	0.01965	0.02939	0.01566	0.06366	0.02126	0.01426	0.02126	0.01213	0.01439	0.00860	0.00633	0.00646	0.00213	0.01000	0.00513	0.00287	0.00987
54	0.00942	0.00684	0.00879	0.00831	0.00987	0.00630	0.00618	0.01239	0.01844	0.02590	0.65703	0.05066	0.09708	0.04272	0.00892	0.00229	0.00331	0.01215	0.00720	0.00621
55	0.81159	0.01298	0.00986	0.00882	0.01298	0.01505	0.00727	0.01972	0.01142	0.03010	0.00934	0.01090	0.00727	0.00623	0.00415	0.00208	0.00519	0.00363	0.00415	0.00727
56	0.01471	0.04671	0.29234	0.02382	0.05780	0.01614	0.36429	0.02085	0.01530	0.02153	0.05073	0.01808	0.01238	0.00637	0.00719	0.00217	0.01010	0.00684	0.00338	0.00927
57	0.81159	0.01298	0.00986	0.00882	0.01298	0.01505	0.00727	0.01972	0.01142	0.03010	0.00934	0.01090	0.00727	0.00623	0.00415	0.00208	0.00519	0.00363	0.00415	0.00727
58	0.00804	0.00676	0.00697	0.00700	0.00915	0.00570	0.00522	0.00981	0.01543	0.01863	0.10727	0.09084	0.65238	0.01695	0.00795	0.00227	0.00340	0.01423	0.00630	0.00570
59	0.01472	0.01477	0.02139	0.50073	0.16999	0.08474	0.01823	0.01866	0.01412	0.01792	0.01172	0.01690	0.00923	0.00689	0.00754	0.00218	0.05329	0.00580	0.00309	0.00808
60	0.01411	0.01365	0.02392	0.47682	0.24438	0.01539	0.07871	0.01854	0.01418	0.01893	0.01228	0.01753	0.00955	0.00640	0.00680	0.00217	0.00887	0.00614	0.00312	0.00853
61	0.03010	0.01142	0.01557	0.01194	0.01713	0.00986	0.00986	0.03270	0.01920	0.72698	0.02647	0.02284	0.01661	0.00830	0.00675	0.00208	0.00571	0.00675	0.00830	0.01142
62	0.00804	0.00683	0.00695	0.00701	0.00925	0.00574	0.00532	0.00980	0.01530	0.01820	0.06671	0.06501	0.69300	0.01705	0.00798	0.00230	0.00351	0.04007	0.00623	0.00568
63	0.04267	0.42099	0.02967	0.01721	0.11074	0.06101	0.05379	0.13047	0.01703	0.02167	0.01140	0.01333	0.00961	0.00744	0.02540	0.00194	0.00806	0.00470	0.00367	0.00920
64	0.01393	0.11192	0.65634	0.01832	0.02780	0.01674	0.02339	0.02113	0.01411	0.02067	0.01176	0.01381	0.00851	0.00631	0.00616	0.00205	0.00963	0.00481	0.00284	0.00978
65	0.72230	0.01393	0.01150	0.01155	0.06598	0.04286	0.00848	0.02006	0.01200	0.02897	0.00963	0.01137	0.00757	0.00624	0.00441	0.00206	0.00566	0.00383	0.00406	0.00754
66	0.00818	0.00639	0.00743	0.00806	0.00944	0.00563	0.00570	0.00978	0.01457	0.01850	0.11454	0.36540	0.36560	0.01844	0.00820	0.00245	0.00359	0.01611	0.00634	0.00563
67	0.01011	0.00699	0.00917	0.00855	0.01024	0.00644	0.00644	0.01326	0.01900	0.04777	0.69817	0.04931	0.06192	0.01356	0.00788	0.00211	0.00324	0.01197	0.00741	0.00648
68	0.01695	0.01677	0.08091	0.08817	0.46234	0.01575	0.01864	0.03895	0.11409	0.05829	0.01538	0.01800	0.01204	0.00668	0.00666	0.00207	0.00770	0.00616	0.00408	0.01038
69	0.01267	0.01193	0.02013	0.74806	0.04621	0.01491	0.01863	0.01714	0.01342	0.01714	0.01193	0.01789	0.00894	0.00671	0.00671	0.00224	0.00894	0.00596	0.00298	0.00745
70	0.01610	0.02729	0.44036	0.02361	0.16938	0.01611	0.06790	0.09343	0.01652	0.04737	0.01318	0.01543	0.00963	0.00649	0.00658	0.00209	0.00921	0.00554	0.00357	0.01021
71	0.01661	0.55136	0.24042	0.01374	0.02072	0.02331	0.01542	0.02043	0.01379	0.01740	0.01013	0.01177	0.00858	0.00593	0.00492	0.00164	0.00799	0.00399	0.00286	0.00900
72	0.00830	0.00602	0.00784	0.00906	0.00971	0.00556	0.00616	0.00972	0.01368	0.01824	0.11141	0.63318	0.09646	0.01995	0.00845	0.00263	0.00378	0.01798	0.00635	0.00556
73	0.00973	0.00655	0.00752	0.00746	0.00765	0.00648	0.00434	0.01011	0.01089	0.01472	0.10677	0.04467	0.02917	0.67207	0.03093	0.00597	0.00610	0.01005	0.00447	0.00434
74	0.00919	0.00685	0.00855	0.00812	0.00984	0.00620	0.00609	0.01207	0.01827	0.02520	0.59225	0.05293	0.19092	0.01435	0.00792	0.00214	0.00321	0.01253	0.00716	0.00620
75	0.00955	0.00706	0.00894	0.00843	0.01014	0.00655	0.00633	0.01301	0.03762	0.02612	0.63904	0.05078	0.12342	0.01390	0.00789	0.00213	0.00325	0.01220	0.00726	0.00639
76	0.02551	0.01879	0.02014	0.01544	0.02081	0.02081	0.01275	0.69996	0.03155	0.04229	0.01611	0.01611	0.01141	0.00805	0.00671	0.00201	0.00738	0.00604	0.00671	0.01141
77	0.01661	0.01594	0.02724	0.04119	0.72233	0.01594	0.02059	0.02059	0.01528	0.02192	0.01262	0.01661	0.01063	0.00598	0.00664	0.00199	0.00797	0.00598	0.00332	0.01063
78	0.00818	0.00584	0.00779	0.00934	0.00973	0.00545	0.00623	0.00934	0.01285	0.01713	0.03698	0.75981	0.04438	0.02102	0.00856	0.00273	0.00389	0.01908	0.00623	0.00545
79	0.01166	0.00583	0.00874	0.00874	0.00874	0.00583	0.00583	0.00874	0.00874	0.01166	0.01166	0.02040	0.01166	0.02331	0.02622	0.80478	0.00583	0.00583	0.00291	0.00291
80	0.02439	0.03060	0.01833	0.01669	0.02005	0.69798	0.01252	0.02619	0.01875	0.01688	0.01099	0.01279	0.00910	0.00696	0.00598	0.00172	0.01162	0.00443	0.04633	0.00770
81	0.02473	0.02278	0.01942	0.01591	0.02055	0.25430	0.01267	0.43277	0.07601	0.03283	0.01504	0.01544	0.01116	0.00776	0.00650	0.00194	0.00877	0.00559	0.00566	0.01017
82	0.00968	0.00681	0.00886	0.00886	0.00939	0.00734	0.00599	0.01075	0.01021	0.01415	0.01973	0.03612	0.02101	0.44714	0.34658	0.00841	0.01160	0.00862	0.00386	0.00492
83	0.01468	0.01468	0.02055	0.01762	0.01762	0.02055	0.01468	0.01615	0.01028	0.01615	0.00881	0.01468	0.00881	0.01174	0.02202	0.00294	0.75191	0.00587	0.00294	0.00734
84	0.01530	0.18872	0.02390	0.06522	0.01944	0.02156	0.01421	0.01713	0.01126	0.01613	0.00914	0.01399	0.00877	0.01002	0.01690	0.00254	0.52986	0.00535	0.00292	0.00764
85	0.01391	0.01193	0.01391	0.00994	0.01590	0.00894	0.00795	0.01690	0.01391	0.02186	0.01193	0.01391	0.00994	0.00497	0.00497	0.00099	0.00497	0.00398	0.00398	0.80521
86	0.01725	0.40271	0.10149	0.04349	0.25147	0.02113	0.01598	0.02065	0.01438	0.03894	0.01126	0.01359	0.00950	0.00599	0.00542	0.00173	0.00772	0.00467	0.00318	0.00945
87	0.01894	0.05167	0.02075	0.01799	0.04114	0.30126	0.01407	0.02061	0.01399	0.01642	0.00956	0.01357	0.00879	0.00943	0.01457	0.00237	0.40887	0.00518	0.00315	0.00767
88	0.00950	0.00686	0.00897	0.00844	0.01002	0.00633	0.00633	0.01266	0.01899	0.02691	0.71879	0.05012	0.06331	0.01372	0.00791	0.00211	0.00317	0.01213	0.00739	0.00633
89	0.04782	0.01562	0.04145	0.10570	0.56758	0.01535	0.01917	0.02001	0.01483	0.02177	0.01237	0.01627	0.01024	0.00600	0.00644	0.00196	0.00781	0.00573	0.00335	0.06053
90	0.01223	0.00919	0.01288	0.06031	0.11021	0.00892	0.00984	0.03304	0.03577	0.06021	0.05116	0.38083	0.05455	0.01483	0.00769	0.00237	0.00519	0.05284	0.00563	0.07230
91	0.02939	0.01434	0.01606	0.01270	0.01764	0.11331	0.01030	0.03186	0.01918	0.62592	0.02418	0.02131	0.01548	0.00811	0.00665	0.00203	0.00662	0.00640	0.00762	0.01090
92	0.00836	0.00599	0.00796	0.00921	0.00977	0.00558	0.00624	0.00982	0.01373	0.01853	0.13453	0.65827	0.04709	0.01998	0.00847	0.00264	0.00379	0.01808	0.00639	0.00558
93	0.01576	0.01830	0.09765	0.03255	0.33956	0.01603	0.30699	0.02078	0.01542	0.02161	0.01385	0.01928	0.01131	0.00636	0.00726	0.00216	0.00950	0.03249	0.00342	0.00972
94	0.01380	0.01308	0.02217	0.54464	0.24079	0.01521	0.01920	0.01814	0.01395	0.01852	0.01213	0.01752	0.00943	0.00650	0.00669	0.00217	0.00866	0.00597	0.00308	0.00837
95	0.01811	0.01738	0.01582	0.01427	0.01801	0.13854	0.01102	0.03416	0.59333	0.02610	0.02445	0.02285	0.01848	0.00873	0.00670	0.00218	0.00646	0.00703	0.00626	0.01014
96	0.00818	0.00584	0.00779	0.00934	0.00973	0.00545	0.00623	0.00934	0.01285	0.01713	0.03698	0.75981	0.04438	0.02102	0.00856	0.00273	0.00389	0.01908	0.00623	0.00545
97	0.02174	0.15067	0.04624	0.01983	0.12132	0.13411	0.06798	0.30537	0.02239	0.02844	0.01321	0.01472	0.01019	0.00694	0.00627	0.00189	0.00856	0.00545	0.00467	0.01001
98	0.01794	0.76823	0.03516	0.01148	0.01722	0.02655	0.01148	0.02009	0.01363	0.01579	0.00933	0.01076	0.00861	0.00574	0.00431	0.00144	0.00718	0.00359	0.00287	0.00861
99	0.00922	0.00659	0.00899	0.01054	0.01139	0.00635	0.00805	0.01115	0.01388	0.01830	0.03640	0.48815	0.04209	0.02003	0.00884	0.00287	0.00480	0.28040	0.00621	0.00574
100	0.57020	0.01452	0.01606	0.01550	0.10244	0.03811	0.09332	0.02065	0.01289	0.04784	0.01079	0.01286	0.00835	0.00621	0.00505	0.00208	0.00651	0.00455	0.00406	0.00803
101	0.00818	0.00584	0.00779	0.00934	0.00973	0.00545	0.00623	0.00934	0.01285	0.01713	0.03698	0.75981	0.04438	0.02102	0.00856	0.00273	0.00389	0.01908	0.00623	0.00545
102	0.01755	0.70402	0.09593	0.01215	0.01826	0.02559	0.01265	0.02019	0.01368	0.01626	0.00957	0.01106	0.00860	0.00580	0.00449	0.00150	0.00742	0.00371	0.00287	0.00873
103	0.00959	0.00719	0.01078	0.01078	0.01198	0.00839	0.00839	0.01198	0.01078	0.01558	0.01797	0.02636	0.01677	0.05032	0.73760	0.01078	0.01797	0.00719	0.00359	0.00599
104	0.00835	0.00605	0.00790	0.00904	0.00973	0.00559	0.00617	0.00985	0.01392	0.01864	0.14006	0.60923	0.09127	0.01968	0.00843	0.00260	0.00375	0.01773	0.00640	0.00559
105	0.01794	0.76823	0.03516	0.01148	0.01722	0.02655	0.01148	0.02009	0.01363	0.01579	0.00933	0.01076	0.00861	0.00574	0.00431	0.00144	0.00718	0.00359	0.00287	0.00861
106	0.00826	0.00597	0.00784	0.00930	0.00985	0.00555	0.00633	0.00953	0.01309	0.01730	0.03881	0.69201	0.08517	0.02068	0.00855	0.00271	0.00395	0.04339	0.00623	0.00549
107	0.00967	0.00684	0.00899	0.00899	0.00957	0.00742	0.00616	0.01083	0.01025	0.01425	0.01961	0.03542	0.02071	0.41888	0.37442	0.00857	0.01205	0.00852	0.00384	0.00500
108	0.00959	0.00719	0.01078	0.01078	0.01198	0.00839	0.00839	0.01198	0.01078	0.01558	0.01797	0.02636	0.01677	0.05032	0.73760	0.01078	0.01797	0.00719	0.00359	0.00599
109	0.00802	0.00683	0.00692	0.00697	0.00921	0.00573	0.00527	0.00976	0.01530	0.01819	0.06698	0.06492	0.69872	0.01704	0.00797	0.00229	0.00348	0.03450	0.00623	0.00568
110	0.01468	0.01468	0.02055	0.01762	0.01762	0.02055	0.01468	0.01615	0.01028	0.01615	0.00881	0.01468	0.00881	0.01174	0.02202	0.00294	0.75191	0.00587	0.00294	0.00734
111	0.00976	0.00651	0.00732	0.00732	0.00732	0.00651	0.00407	0.00976	0.00976	0.01301	0.02114	0.04391	0.02439	0.76419	0.03415	0.00651	0.00651	0.00976	0.00407	0.00407
112	0.01391	0.01193	0.01391	0.00994	0.01590	0.00894	0.00795	0.01690	0.01391	0.02186	0.01193	0.01391	0.00994	0.00497	0.00497	0.00099	0.00497	0.00398	0.00398	0.80521
113	0.00810	0.00639	0.00731	0.00796	0.00939	0.00560	0.00563	0.00962	0.01438	0.01804	0.08018	0.36436	0.40209	0.01860	0.00820	0.00246	0.00360	0.01620	0.00628	0.00560
114	0.02923	0.01145	0.01548	0.01183	0.01706	0.00981	0.00976	0.03185	0.01892	0.68910	0.02569	0.02236	0.01625	0.00813	0.00665	0.00202	0.00567	0.00660	0.00807	0.05407
115	0.00987	0.00715	0.00926	0.00874	0.00930	0.00699	0.04582	0.01041	0.01071	0.01418	0.02471	0.11140	0.06279	0.60817	0.02875	0.00566	0.00638	0.01077	0.00435	0.00458
116	0.01673	0.01635	0.05287	0.06730	0.64929	0.01571	0.02036	0.02083	0.01528	0.04223	0.01298	0.01675	0.01066	0.00609	0.00664	0.00201	0.00802	0.00596	0.00343	0.01050
117	0.01011	0.00731	0.00929	0.00889	0.00994	0.00746	0.00609	0.01131	0.01056	0.01486	0.01902	0.03429	0.02007	0.41887	0.29666	0.00757	0.01068	0.00821	0.00388	0.08494
118	0.00945	0.00686	0.00891	0.00840	0.01000	0.00631	0.00630	0.01258	0.01889	0.02667	0.70096	0.05052	0.08129	0.01381	0.00791	0.00211	0.00317	0.01219	0.00735	0.00631
119	0.01427	0.01214	0.01411	0.01011	0.01605	0.00931	0.00810	0.03814	0.01446	0.02250	0.01206	0.01398	0.00998	0.00507	0.00502	0.00103	0.00504	0.00404	0.00406	0.78052
120	0.00944	0.00672	0.00790	0.00823	0.00898	0.00639	0.00545	0.01032	0.01185	0.01552	0.03201	0.18149	0.12872	0.41766	0.02214	0.00467	0.00550	0.08232	0.00500	0.02969
121	0.01424	0.14817	0.60291	0.01852	0.04562	0.01730	0.02261	0.02105	0.01411	0.02042	0.01164	0.01370	0.00857	0.00627	0.00606	0.00201	0.00944	0.00477	0.00285	0.00973
122	0.01334	0.03386	0.70743	0.01880	0.02846	0.01530	0.02423	0.02099	0.01431	0.02142	0.03361	0.01526	0.01017	0.00660	0.00642	0.00212	0.00971	0.00518	0.00297	0.00981
123	0.01569	0.01501	0.02558	0.20548	0.56519	0.01570	0.02014	0.01979	0.01485	0.02081	0.01246	0.01690	0.01024	0.00615	0.00666	0.00205	0.00820	0.00597	0.00324	0.00989
124	0.00959	0.00719	0.01078	0.01078	0.01198	0.00839	0.00839	0.01198	0.01078	0.01558	0.01797	0.02636	0.01677	0.05032	0.73760	0.01078	0.01797	0.00719	0.00359	0.00599
125	0.01391	0.01193	0.01391	0.00994	0.01590	0.00894	0.00795	0.01690	0.01391	0.02186	0.01193	0.01391	0.00994	0.00497	0.00497	0.00099	0.00497	0.00398	0.00398	0.80521
126	0.01511	0.01189	0.01404	0.01009	0.01599	0.00901	0.00809	0.01806	0.01430	0.07398	0.01300	0.01457	0.01043	0.00522	0.00510	0.00107	0.00502	0.00418	0.00430	0.74654
127	0.73761	0.01434	0.04968	0.01014	0.01470	0.01516	0.03520	0.01987	0.01174	0.02929	0.00965	0.01136	0.00745	0.00621	0.00442	0.00209	0.00568	0.00387	0.00405	0.00748
128	0.00965	0.00651	0.00782	0.00832	0.00864	0.00643	0.00536	0.01036	0.01122	0.01507	0.02616	0.19271	0.03001	0.49891	0.02502	0.00517	0.00584	0.09424	0.02789	0.00467
129	0.00959	0.00716	0.01065	0.01065	0.01180	0.00831	0.00822	0.01189	0.01074	0.01548	0.01810	0.02705	0.01707	0.07839	0.70994	0.01062	0.01752	0.00729	0.00361	0.00592
130	0.01759	0.01486	0.01568	0.01384	0.01779	0.01711	0.01084	0.10379	0.64060	0.02953	0.02616	0.02412	0.01955	0.00900	0.00682	0.00225	0.00552	0.00743	0.00682	0.01070
131	0.79013	0.01314	0.01014	0.00900	0.01319	0.01521	0.00742	0.03829	0.01197	0.03044	0.00953	0.01104	0.00738	0.00628	0.00422	0.00207	0.00525	0.00370	0.00422	0.00738
132	0.01996	0.01588	0.12692	0.02122	0.22489	0.01246	0.01484	0.04214	0.03651	0.26806	0.12589	0.02374	0.02073	0.00817	0.00684	0.00207	0.00666	0.00708	0.00579	0.01016
133	0.01709	0.12134	0.40141	0.01916	0.04991	0.01631	0.12284	0.02290	0.01517	0.13059	0.01420	0.01576	0.01010	0.00647	0.00641	0.00205	0.00906	0.00555	0.00379	0.00988
134	0.01793	0.64853	0.10423	0.01261	0.01863	0.06952	0.01292	0.02062	0.01402	0.01638	0.00967	0.01119	0.00860	0.00588	0.00462	0.00152	0.00776	0.00377	0.00290	0.00869
135	0.01790	0.06619	0.42237	0.05603	0.02584	0.01446	0.04515	0.02355	0.01532	0.20093	0.01591	0.01745	0.01115	0.02983	0.00728	0.00222	0.00859	0.00565	0.00430	0.00989
136	0.01978	0.01567	0.06733	0.08781	0.38167	0.01423	0.06563	0.02377	0.01619	0.21651	0.01643	0.01839	0.01199	0.00668	0.00675	0.00206	0.00778	0.00626	0.00465	0.01044
137	0.01924	0.06973	0.10750	0.02800	0.32757	0.13601	0.08628	0.02317	0.01618	0.10281	0.01368	0.01607	0.01057	0.00640	0.00650	0.00196	0.00890	0.00571	0.00385	0.00987
138	0.69835	0.03578	0.05566	0.00999	0.01450	0.05420	0.00877	0.02021	0.01206	0.02843	0.00957	0.01116	0.00745	0.00626	0.00440	0.00204	0.00591	0.00375	0.00400	0.00749
139	0.01146	0.01028	0.01349	0.09061	0.04499	0.01173	0.01019	0.01524	0.07381	0.02021	0.16498	0.03951	0.25996	0.01289	0.01105	0.00238	0.18497	0.01001	0.00524	0.00701
140	0.00824	0.00659	0.00741	0.00789	0.00957	0.00576	0.00579	0.00995	0.01483	0.01843	0.09265	0.25470	0.46163	0.01801	0.00818	0.00243	0.00368	0.05231	0.00629	0.00567
141	0.10163	0.01769	0.08369	0.01425	0.01945	0.01744	0.01242	0.30847	0.22279	0.10395	0.01933	0.01866	0.01387	0.00804	0.00646	0.00211	0.00663	0.00621	0.00628	0.01062
142	0.01270	0.02467	0.43430	0.01740	0.02429	0.01342	0.09112	0.01951	0.06418	0.02080	0.01919	0.19119	0.01800	0.00995	0.00709	0.00229	0.00831	0.00879	0.00398	0.00882
143	0.01664	0.02900	0.53737	0.01871	0.02749	0.01470	0.08568	0.02331	0.01522	0.14676	0.01475	0.01608	0.01010	0.00665	0.00659	0.00213	0.00930	0.00556	0.00386	0.01010
144	0.01744	0.01848	0.02241	0.05016	0.16493	0.17427	0.09435	0.03996	0.01544	0.02002	0.03532	0.01616	0.01140	0.00756	0.00970	0.00203	0.16526	0.00573	0.00360	0.12578
145	0.00950	0.00686	0.00897	0.00844	0.01002	0.00633	0.00633	0.01266	0.01899	0.02691	0.71879	0.05012	0.06331	0.01372	0.00791	0.00211	0.00317	0.01213	0.00739	0.00633
146	0.04553	0.01225	0.01405	0.01025	0.01604	0.00983	0.00822	0.04101	0.03468	0.04482	0.01286	0.01447	0.01040	0.00534	0.00511	0.00114	0.00509	0.00422	0.00429	0.70040
147	0.00817	0.00652	0.00745	0.00793	0.00951	0.00581	0.00572	0.00979	0.01430	0.01787	0.07223	0.28124	0.43836	0.02055	0.06008	0.00301	0.00459	0.01516	0.00607	0.00564
148	0.00965	0.00667	0.00791	0.00839	0.00997	0.00586	0.00599	0.01115	0.01440	0.06872	0.05005	0.39666	0.34351	0.01831	0.00815	0.00247	0.00380	0.01600	0.00638	0.00598
149	0.01759	0.71142	0.08892	0.01207	0.01814	0.02570	0.01251	0.02018	0.01367	0.01621	0.00954	0.01103	0.00860	0.00579	0.00447	0.00149	0.00739	0.00369	0.00287	0.00871
150	0.01669	0.01441	0.01517	0.01365	0.01745	0.01669	0.01062	0.03565	0.71021	0.02807	0.02731	0.02503	0.02048	0.00910	0.00683	0.00228	0.00531	0.00759	0.00683	0.01062
151	0.00972	0.00710	0.01065	0.01065	0.01178	0.00823	0.00823	0.01178	0.01065	0.01533	0.01757	0.02598	0.01645	0.04861	0.69251	0.06111	0.01720	0.00710	0.00355	0.00580
152	0.01290	0.01224	0.02017	0.66573	0.04299	0.01554	0.01819	0.01703	0.01306	0.01703	0.01157	0.01753	0.00893	0.00728	0.00843	0.00232	0.09269	0.00595	0.00298	0.00744
153	0.02974	0.01150	0.01556	0.01199	0.01714	0.01005	0.00988	0.03278	0.03817	0.70780	0.02649	0.02290	0.01672	0.00833	0.00675	0.00208	0.00570	0.00677	0.00826	0.01140
154	0.00887	0.00633	0.00858	0.01013	0.01083	0.00605	0.00743	0.01054	0.01353	0.01790	0.03660	0.58038	0.04287	0.02037	0.00875	0.00282	0.00449	0.19168	0.00622	0.00564
155	0.01346	0.03471	0.72942	0.01912	0.02904	0.01558	0.02479	0.02125	0.01417	0.02125	0.01204	0.01417	0.00850	0.00637	0.00637	0.00212	0.00992	0.00496	0.00283	0.00992
156	0.01848	0.02109	0.21542	0.02621	0.24645	0.01581	0.13034	0.10467	0.01755	0.11640	0.01486	0.01695	0.01086	0.00659	0.00680	0.00209	0.00867	0.00613	0.00426	0.01038
157	0.00979	0.00599	0.00722	0.00819	0.00902	0.00575	0.00566	0.01169	0.01330	0.02007	0.03136	0.48617	0.03426	0.01610	0.00712	0.00229	0.00361	0.01430	0.30237	0.00575
158	0.01101	0.00758	0.01057	0.00943	0.01144	0.00696	0.03357	0.01424	0.01888	0.06962	0.64879	0.04720	0.05837	0.01307	0.00784	0.00211	0.00364	0.01164	0.00729	0.00675
159	0.01681	0.55533	0.16393	0.04257	0.03952	0.02342	0.01447	0.02073	0.03735	0.01745	0.01064	0.01232	0.00906	0.00602	0.00494	0.00164	0.00772	0.00414	0.00301	0.00893
160	0.01452	0.05821	0.64234	0.01888	0.02823	0.03521	0.04490	0.02173	0.01449	0.04329	0.01241	0.01439	0.00882	0.00641	0.00636	0.00209	0.00979	0.00505	0.00304	0.00983
161	0.81159	0.01298	0.00986	0.00882	0.01298	0.01505	0.00727	0.01972	0.01142	0.03010	0.00934	0.01090	0.00727	0.00623	0.00415	0.00208	0.00519	0.00363	0.00415	0.00727
162	0.00889	0.00672	0.00951	0.04094	0.05636	0.00649	0.00764	0.01037	0.01302	0.01743	0.03443	0.68300	0.04082	0.01949	0.00837	0.00266	0.00435	0.01772	0.00591	0.00586
163	0.00828	0.00704	0.00717	0.00710	0.00937	0.00604	0.00533	0.01060	0.03695	0.01890	0.10168	0.06258	0.66276	0.01657	0.00790	0.00226	0.00345	0.01385	0.00631	0.00585
164	0.01608	0.01540	0.02628	0.13591	0.63173	0.01580	0.02033	0.02013	0.01503	0.02128	0.01253	0.01678	0.01040	0.00608	0.00665	0.00203	0.00810	0.00598	0.00328	0.01020
165	0.02539	0.01787	0.01945	0.01500	0.02022	0.01954	0.01235	0.62944	0.03008	0.09462	0.01748	0.03693	0.01271	0.00843	0.00677	0.00204	0.00716	0.00645	0.00682	0.01125
166	0.00797	0.00666	0.00694	0.00717	0.00916	0.00563	0.00526	0.00959	0.01493	0.01798	0.06340	0.16710	0.62004	0.01759	0.00802	0.00233	0.00347	0.01489	0.00623	0.00563
167	0.81159	0.01298	0.00986	0.00882	0.01298	0.01505	0.00727	0.01972	0.01142	0.03010	0.00934	0.01090	0.00727	0.00623	0.00415	0.00208	0.00519	0.00363	0.00415	0.00727
168	0.00816	0.00668	0.00720	0.00734	0.00927	0.00572	0.00540	0.00998	0.01544	0.01911	0.14637	0.15394	0.54788	0.01711	0.00801	0.00231	0.00343	0.01455	0.00638	0.00572
169	0.02551	0.01879	0.02014	0.01544	0.02081	0.02081	0.01275	0.69996	0.03155	0.04229	0.01611	0.01611	0.01141	0.00805	0.00671	0.00201	0.00738	0.00604	0.00671	0.01141
170	0.02506	0.03198	0.01901	0.01729	0.02074	0.73725	0.01296	0.02679	0.01901	0.01642	0.01037	0.01210	0.00864	0.00691	0.00605	0.00173	0.01210	0.00432	0.00346	0.00778
171	0.00988	0.00681	0.00804	0.00806	0.00835	0.00703	0.00493	0.01083	0.03140	0.01398	0.02155	0.07010	0.02407	0.61524	0.12656	0.00680	0.00790	0.00973	0.00417	0.00458
172	0.02068	0.01997	0.02539	0.11878	0.02826	0.16381	0.21681	0.22852	0.04222	0.04816	0.01429	0.01661	0.01059	0.00697	0.00694	0.00207	0.00960	0.00631	0.00461	0.00941
173	0.72287	0.01280	0.01051	0.00918	0.01345	0.01446	0.00756	0.02120	0.01230	0.10922	0.01129	0.01226	0.00833	0.00646	0.00445	0.00208	0.00525	0.00399	0.00462	0.00774
174	0.16541	0.01232	0.01314	0.01073	0.01484	0.01265	0.00870	0.20724	0.01980	0.18293	0.04368	0.02521	0.10991	0.00901	0.00613	0.00199	0.00533	0.00698	0.11070	0.03329
175	0.00815	0.00592	0.00770	0.00913	0.00968	0.00547	0.00613	0.00937	0.01305	0.01721	0.03960	0.70110	0.10140	0.02068	0.00851	0.00269	0.00385	0.01866	0.00623	0.00547
176	0.00884	0.00683	0.00808	0.00794	0.00976	0.00607	0.00598	0.01130	0.01705	0.02254	0.39021	0.08607	0.33786	0.01558	0.00800	0.00224	0.00341	0.03942	0.00681	0.00601
177	0.01542	0.01477	0.02882	0.02197	0.02651	0.01484	0.40424	0.01962	0.01495	0.06968	0.01809	0.05576	0.01615	0.01085	0.03800	0.00281	0.11054	0.10450	0.00420	0.00831
178	0.01794	0.76823	0.03516	0.01148	0.01722	0.02655	0.01148	0.02009	0.01363	0.01579	0.00933	0.01076	0.00861	0.00574	0.00431	0.00144	0.00718	0.00359	0.00287	0.00861
179	0.00888	0.00655	0.00837	0.00938	0.01023	0.00628	0.00647	0.01146	0.05705	0.01925	0.13526	0.58545	0.07199	0.01908	0.00834	0.00259	0.00386	0.01718	0.00643	0.00591
180	0.00818	0.00584	0.00779	0.00934	0.00973	0.00545	0.00623	0.00934	0.01285	0.01713	0.03698	0.75981	0.04438	0.02102	0.00856	0.00273	0.00389	0.01908	0.00623	0.00545
181	0.01580	0.01385	0.01967	0.54650	0.03892	0.08558	0.03519	0.01977	0.01475	0.09433	0.01436	0.02021	0.01099	0.00735	0.00678	0.00220	0.00886	0.03324	0.00375	0.00791
182	0.66479	0.01320	0.01159	0.01005	0.01416	0.01512	0.02577	0.07836	0.01324	0.02989	0.01066	0.01265	0.00839	0.00955	0.05731	0.00270	0.00646	0.00421	0.00432	0.00758
183	0.01869	0.00807	0.00953	0.00825	0.01109	0.00752	0.00651	0.02163	0.01588	0.27166	0.02350	0.02425	0.01699	0.00799	0.00541	0.00174	0.00403	0.00643	0.52276	0.00807
184	0.01450	0.01337	0.02185	0.52676	0.20854	0.01556	0.01871	0.06438	0.01510	0.02001	0.01238	0.01746	0.00952	0.00662	0.00669	0.00216	0.00860	0.00597	0.00332	0.00849
185	0.00793	0.00680	0.00680	0.00680	0.00906	0.00566	0.00510	0.00963	0.01529	0.01813	0.06797	0.06457	0.71961	0.01699	0.00793	0.00227	0.00340	0.01416	0.00623	0.00566
186	0.01579	0.01492	0.02451	0.11189	0.54586	0.01480	0.01852	0.01968	0.01488	0.02140	0.01244	0.01635	0.01035	0.00591	0.00640	0.00187	0.00763	0.00568	0.00338	0.12775
187	0.01391	0.01193	0.01391	0.00994	0.01590	0.00894	0.00795	0.01690	0.01391	0.02186	0.01193	0.01391	0.00994	0.00497	0.00497	0.00099	0.00497	0.00398	0.00398	0.80521
188	0.01276	0.00778	0.01015	0.00913	0.01132	0.00720	0.00699	0.01638	0.04243	0.12955	0.59391	0.04527	0.05502	0.01277	0.00771	0.00211	0.00361	0.01119	0.00750	0.00722
189	0.02742	0.01091	0.01442	0.01132	0.01601	0.00970	0.00926	0.03075	0.04669	0.61334	0.02595	0.02319	0.01684	0.00828	0.00650	0.00202	0.00538	0.00672	0.10453	0.01076
190	0.00818	0.00584	0.00779	0.00934	0.00973	0.00545	0.00623	0.00934	0.01285	0.01713	0.03698	0.75981	0.04438	0.02102	0.00856	0.00273	0.00389	0.01908	0.00623	0.00545
191	0.01584	0.01810	0.03959	0.02828	0.03507	0.01697	0.69796	0.02149	0.01584	0.02149	0.01357	0.01810	0.01018	0.00566	0.00792	0.00226	0.01131	0.00792	0.00339	0.00905
192	0.00812	0.00680	0.00705	0.00699	0.00918	0.00574	0.00524	0.00999	0.01573	0.01916	0.14485	0.06287	0.64209	0.01661	0.00793	0.00225	0.00337	0.01392	0.00637	0.00574
193	0.01346	0.03471	0.72942	0.01912	0.02904	0.01558	0.02479	0.02125	0.01417	0.02125	0.01204	0.01417	0.00850	0.00637	0.00637	0.00212	0.00992	0.00496	0.00283	0.00992
194	0.01407	0.01386	0.01936	0.01685	0.01688	0.01915	0.01389	0.01551	0.01052	0.01624	0.01143	0.08401	0.01212	0.01261	0.02077	0.00292	0.68231	0.00710	0.00324	0.00716
195	0.01468	0.01468	0.02055	0.01762	0.01762	0.02055	0.01468	0.01615	0.01028	0.01615	0.00881	0.01468	0.00881	0.01174	0.02202	0.00294	0.75191	0.00587	0.00294	0.00734
196	0.01391	0.01193	0.01391	0.00994	0.01590	0.00894	0.00795	0.01690	0.01391	0.02186	0.01193	0.01391	0.00994	0.00497	0.00497	0.00099	0.00497	0.00398	0.00398	0.80521
197	0.00959	0.00719	0.01078	0.01078	0.01198	0.00839	0.00839	0.01198	0.01078	0.01558	0.01797	0.02636	0.01677	0.05032	0.73760	0.01078	0.01797	0.00719	0.00359	0.00599
198	0.00818	0.00584	0.00779	0.00934	0.00973	0.00545	0.00623	0.00934	0.01285	0.01713	0.03698	0.75981	0.04438	0.02102	0.00856	0.00273	0.00389	0.01908	0.00623	0.00545
199	0.01694	0.01442	0.01525	0.01359	0.01740	0.01660	0.01060	0.07065	0.65276	0.02880	0.04770	0.02532	0.02130	0.00919	0.00685	0.00226	0.00536	0.00764	0.00684	0.01053
200	0.01584	0.01810	0.03959	0.02828	0.03507	0.01697	0.69796	0.02149	0.01584	0.02149	0.01357	0.01810	0.01018	0.00566	0.00792	0.00226	0.01131	0.00792	0.00339	0.00905
201	0.01492	0.05410	0.58280	0.01793	0.02690	0.03738	0.02195	0.07476	0.01565	0.02265	0.01222	0.01414	0.00883	0.00641	0.00623	0.00201	0.00936	0.00492	0.00324	0.06361
202	0.01494	0.01517	0.02283	0.32914	0.14289	0.06605	0.07108	0.01842	0.01342	0.01792	0.01121	0.01643	0.00925	0.00790	0.01095	0.00236	0.21290	0.00598	0.00309	0.00807
203	0.00823	0.00589	0.00790	0.00940	0.00982	0.00557	0.00631	0.00945	0.01277	0.01707	0.03623	0.73097	0.04329	0.02217	0.03723	0.00304	0.00445	0.01861	0.00613	0.00547
204	0.00920	0.00694	0.00853	0.00840	0.01002	0.00640	0.00620	0.01228	0.04051	0.02358	0.45282	0.16062	0.19887	0.01537	0.00798	0.00224	0.00340	0.01347	0.00694	0.00620
205	0.01531	0.09973	0.37645	0.02226	0.13832	0.01725	0.09134	0.04189	0.07340	0.02189	0.01334	0.01562	0.01013	0.00659	0.00684	0.00208	0.02872	0.00557	0.00343	0.00985
206	0.00976	0.00696	0.00996	0.00996	0.01084	0.00784	0.00736	0.01132	0.01044	0.01480	0.01817	0.02941	0.01793	0.18912	0.55041	0.06419	0.01488	0.00760	0.00364	0.00540
207	0.01617	0.00765	0.00912	0.00812	0.01057	0.00715	0.00631	0.01918	0.01639	0.19742	0.17304	0.02989	0.02698	0.00921	0.00589	0.00181	0.00377	0.00764	0.43616	0.00754
208	0.01646	0.01779	0.06884	0.05341	0.52110	0.03822	0.14335	0.02090	0.01539	0.02152	0.01268	0.01663	0.01033	0.00599	0.00684	0.00205	0.00884	0.00622	0.00330	0.01014
209	0.03912	0.03341	0.01933	0.04720	0.09008	0.05706	0.12447	0.15225	0.01794	0.02376	0.02544	0.22673	0.09110	0.01170	0.00736	0.00225	0.00700	0.01053	0.00511	0.00814
210	0.01736	0.01994	0.12678	0.02088	0.10636	0.13051	0.13129	0.02110	0.01557	0.08259	0.09320	0.01976	0.01608	0.00838	0.00998	0.00223	0.15851	0.00664	0.00411	0.00872
211	0.45436	0.23075	0.03958	0.01185	0.01663	0.03562	0.06069	0.02003	0.01259	0.02427	0.00973	0.01166	0.00799	0.00628	0.00527	0.00193	0.03519	0.00408	0.00363	0.00787
212	0.00808	0.00664	0.00711	0.00734	0.00924	0.00568	0.00537	0.00979	0.01515	0.01858	0.10850	0.17898	0.56145	0.01743	0.00803	0.00233	0.00346	0.01483	0.00631	0.00568
213	0.01653	0.01694	0.03582	0.04759	0.03295	0.01590	0.59626	0.02175	0.01600	0.07586	0.01674	0.02035	0.03949	0.00635	0.00779	0.00225	0.01049	0.00802	0.00388	0.00905
214	0.00941	0.00683	0.00887	0.00842	0.00999	0.00628	0.00629	0.01247	0.01870	0.02635	0.67893	0.07232	0.08184	0.01404	0.00793	0.00213	0.00319	0.01241	0.00732	0.00628
215	0.00950	0.00686	0.00897	0.00844	0.01002	0.00633	0.00633	0.01266	0.01899	0.02691	0.71879	0.05012	0.06331	0.01372	0.00791	0.00211	0.00317	0.01213	0.00739	0.00633
216	0.12116	0.01160	0.01491	0.01158	0.01664	0.01047	0.00956	0.03119	0.01830	0.64578	0.02448	0.02145	0.01552	0.00806	0.00645	0.00208	0.00565	0.00638	0.00782	0.01094
217	0.00959	0.00719	0.01078	0.01078	0.01198	0.00839	0.00839	0.01198	0.01078	0.01558	0.01797	0.02636	0.01677	0.05032	0.73760	0.01078	0.01797	0.00719	0.00359	0.00599
218	0.02551	0.01879	0.02014	0.01544	0.02081	0.02081	0.01275	0.69996	0.03155	0.04229	0.01611	0.01611	0.01141	0.00805	0.00671	0.00201	0.00738	0.00604	0.00671	0.01141
219	0.02503	0.01856	0.01987	0.01534	0.02063	0.02059	0.01264	0.66427	0.06801	0.04152	0.01671	0.01659	0.01190	0.00811	0.00672	0.00203	0.00727	0.00612	0.00672	0.01137
220	0.00964	0.00645	0.00735	0.00748	0.00751	0.00642	0.00423	0.00973	0.01000	0.01333	0.02237	0.09935	0.02594	0.70664	0.03217	0.00621	0.00630	0.01048	0.00423	0.00417
221	0.81159	0.01298	0.00986	0.00882	0.01298	0.01505	0.00727	0.01972	0.01142	0.03010	0.00934	0.01090	0.00727	0.00623	0.00415	0.00208	0.00519	0.00363	0.00415	0.00727
222	0.01399	0.01218	0.01496	0.01068	0.01668	0.00927	0.03601	0.01708	0.01399	0.02185	0.01199	0.01408	0.00995	0.00500	0.00509	0.00105	0.00523	0.00414	0.00395	0.77283
223	0.01475	0.01632	0.03494	0.02546	0.03134	0.01530	0.59596	0.01981	0.01559	0.02116	0.03865	0.10496	0.01582	0.00769	0.00799	0.00231	0.01020	0.00934	0.00385	0.00855
224	0.02551	0.01879	0.02014	0.01544	0.02081	0.02081	0.01275	0.69996	0.03155	0.04229	0.01611	0.01611	0.01141	0.00805	0.00671	0.00201	0.00738	0.00604	0.00671	0.01141
225	0.00973	0.00660	0.00780	0.00780	0.00797	0.00677	0.00467	0.01007	0.00990	0.01337	0.02070	0.04148	0.02334	0.66518	0.13171	0.00710	0.00810	0.00940	0.00400	0.00433
226	0.00933	0.00671	0.00808	0.00824	0.00986	0.00596	0.00598	0.01135	0.01582	0.04813	0.25018	0.26467	0.29741	0.01688	0.00807	0.00235	0.00357	0.01473	0.00665	0.00602
227	0.01422	0.16006	0.61078	0.01782	0.02702	0.01746	0.02252	0.02105	0.01408	0.02032	0.01158	0.01358	0.00852	0.00627	0.00602	0.00201	0.00945	0.00472	0.00284	0.00969
228	0.00927	0.00651	0.00855	0.00989	0.01084	0.00622	0.00746	0.01120	0.01388	0.01865	0.03738	0.45573	0.08216	0.01909	0.00847	0.00273	0.00451	0.21972	0.06202	0.00574
229	0.33328	0.30173	0.04456	0.01336	0.06240	0.11235	0.01102	0.02088	0.01357	0.02212	0.00977	0.01148	0.00821	0.00612	0.00469	0.00179	0.00716	0.00390	0.00348	0.00814
230	0.01957	0.01811	0.01852	0.01558	0.01924	0.17748	0.07476	0.27205	0.02172	0.02719	0.04274	0.13393	0.01939	0.01184	0.02999	0.00245	0.02772	0.05365	0.00539	0.00867
231	0.03737	0.09963	0.35425	0.02137	0.09665	0.01711	0.14876	0.05800	0.04327	0.02248	0.01287	0.01526	0.00968	0.00629	0.00643	0.00204	0.00914	0.00559	0.00343	0.03039
232	0.01179	0.00814	0.01141	0.01374	0.10176	0.00777	0.00867	0.01434	0.04045	0.08555	0.08282	0.46865	0.06431	0.01670	0.00803	0.00250	0.00464	0.03560	0.00616	0.00696
233	0.02956	0.01160	0.01605	0.01313	0.04581	0.01011	0.01030	0.03221	0.01905	0.69830	0.02591	0.02258	0.01637	0.00821	0.00674	0.00207	0.00580	0.00672	0.00810	0.01139
234	0.01452	0.01468	0.05246	0.06997	0.46310	0.01387	0.07021	0.01827	0.01479	0.02069	0.01869	0.13836	0.04310	0.00886	0.00709	0.00216	0.00753	0.00851	0.00387	0.00928
235	0.05023	0.16706	0.04474	0.01433	0.01874	0.16188	0.01210	0.12203	0.20201	0.07110	0.01646	0.01673	0.01265	0.00777	0.00697	0.00198	0.05321	0.00554	0.00499	0.00948
236	0.01760	0.01347	0.01472	0.01304	0.01681	0.01509	0.01019	0.03347	0.57746	0.10576	0.08308	0.02682	0.02351	0.00939	0.00691	0.00224	0.00518	0.00786	0.00704	0.01036
237	0.01472	0.01219	0.01530	0.01276	0.06156	0.01017	0.02787	0.01930	0.07808	0.05102	0.06493	0.01818	0.01506	0.00619	0.00561	0.00133	0.00527	0.00524	0.00460	0.57062
238	0.01616	0.01452	0.01521	0.01312	0.03726	0.06144	0.00994	0.04441	0.33161	0.02504	0.04289	0.02021	0.01651	0.00739	0.00608	0.00172	0.00569	0.00603	0.00541	0.31935
239	0.00818	0.00584	0.00779	0.00934	0.00973	0.00545	0.00623	0.00934	0.01285	0.01713	0.03698	0.75981	0.04438	0.02102	0.00856	0.00273	0.00389	0.01908	0.00623	0.00545
240	0.00951	0.00640	0.00739	0.00764	0.00770	0.00634	0.00441	0.00969	0.01025	0.01366	0.02365	0.15705	0.02755	0.64674	0.03011	0.00591	0.00609	0.01123	0.00441	0.00428
241	0.01431	0.13686	0.55920	0.01871	0.02754	0.01737	0.07477	0.02097	0.01412	0.02036	0.01169	0.01400	0.00865	0.00637	0.00661	0.00206	0.02891	0.00502	0.00288	0.00960
