[name]
unknown

[dist]
# distance from previous block
# <min> <max>
0	38

[block]
# block no. 0 follows, 34 sequences, length 7
# corresponding to MSA columns:
# 38-44
name=unknown_A
#
# <colnr> <probs for GDERKNQSTAVLIFYWHMCP>
#	G	D	E	R	K	N	Q	S	T	A	V	L	I	F	Y	W	H	M	C	P
0	0.04351	0.01584	0.01597	0.01350	0.01749	0.07397	0.01084	0.29725	0.25664	0.05220	0.06632	0.02419	0.01876	0.00901	0.00662	0.00208	0.00635	0.05354	0.00623	0.00968
1	0.06618	0.09298	0.19111	0.01481	0.02024	0.10164	0.06120	0.14078	0.07516	0.04121	0.09940	0.01974	0.03263	0.00769	0.00619	0.00194	0.00757	0.00614	0.00459	0.00881
2	0.23699	0.11521	0.06490	0.01969	0.22226	0.03810	0.01327	0.08615	0.04981	0.07810	0.01279	0.01429	0.00988	0.00635	0.00544	0.00189	0.00674	0.00487	0.00417	0.00910
3	0.00898	0.00717	0.01033	0.18733	0.01772	0.00750	0.00876	0.01104	0.01313	0.01726	0.08242	0.47585	0.09584	0.01611	0.00772	0.00243	0.00482	0.01446	0.00533	0.00579
4	0.01738	0.01538	0.02239	0.02920	0.44829	0.01590	0.01622	0.14544	0.12989	0.02555	0.01497	0.01704	0.01184	0.00654	0.00634	0.00191	0.00699	0.00590	0.00436	0.05848
5	0.01187	0.01107	0.01646	0.54266	0.03474	0.04784	0.01466	0.01520	0.01282	0.01616	0.01596	0.13884	0.01522	0.06930	0.00880	0.00253	0.00780	0.00797	0.00347	0.00663
6	0.01638	0.04173	0.01466	0.01058	0.01571	0.01076	0.00853	0.06655	0.08691	0.11729	0.01612	0.05022	0.01301	0.00655	0.00544	0.00138	0.00510	0.00532	0.00489	0.50285

[dist]
# distance from previous block
# <min> <max>
6	19

[block]
# block no. 1 follows, 34 sequences, length 9
# corresponding to MSA columns:
# 64-72
name=unknown_B
#
# <colnr> <probs for GDERKNQSTAVLIFYWHMCP>
#	G	D	E	R	K	N	Q	S	T	A	V	L	I	F	Y	W	H	M	C	P
0	0.04986	0.01385	0.01686	0.01406	0.01738	0.11204	0.13298	0.02093	0.14285	0.07509	0.17937	0.08450	0.07151	0.01012	0.00737	0.00211	0.02695	0.00888	0.00547	0.00782
1	0.01303	0.07690	0.01439	0.01165	0.01402	0.01243	0.02770	0.07557	0.18703	0.02143	0.06181	0.21034	0.05350	0.05985	0.03628	0.00283	0.05180	0.05653	0.00546	0.00745
2	0.12057	0.07775	0.47747	0.01531	0.02276	0.04272	0.01819	0.01992	0.03880	0.02104	0.01622	0.01752	0.07125	0.00708	0.00585	0.00200	0.00814	0.00535	0.00334	0.00871
3	0.01599	0.01535	0.02623	0.03966	0.73262	0.01535	0.01983	0.01983	0.01471	0.02111	0.01215	0.01599	0.01023	0.00576	0.00640	0.00192	0.00768	0.00576	0.00320	0.01023
4	0.01545	0.01480	0.02525	0.14161	0.63488	0.01521	0.01956	0.01936	0.01446	0.02046	0.01206	0.01617	0.01000	0.00586	0.00641	0.00195	0.00781	0.00575	0.00315	0.00980
5	0.00951	0.00779	0.01096	0.01061	0.01244	0.00740	0.06783	0.01278	0.06323	0.01923	0.11638	0.31734	0.19570	0.01618	0.00796	0.00244	0.00458	0.10561	0.00592	0.00613
6	0.01437	0.01385	0.02401	0.33891	0.40718	0.01499	0.05641	0.01849	0.01399	0.01916	0.01192	0.01659	0.00953	0.00603	0.00649	0.00203	0.00824	0.00585	0.00307	0.00887
7	0.01163	0.00970	0.01201	0.11110	0.01707	0.00998	0.00896	0.01818	0.20106	0.02075	0.07468	0.25797	0.06262	0.01207	0.00691	0.00210	0.00487	0.01059	0.00544	0.14231
8	0.01427	0.01586	0.03405	0.02481	0.03052	0.01486	0.61554	0.01914	0.01487	0.02014	0.01607	0.11744	0.01419	0.00742	0.00771	0.00224	0.00994	0.00906	0.00363	0.00825

[dist]
# distance from previous block
# <min> <max>
0	10

[block]
# block no. 2 follows, 34 sequences, length 27
# corresponding to MSA columns:
# 83-109
name=unknown_C
#
# <colnr> <probs for GDERKNQSTAVLIFYWHMCP>
#	G	D	E	R	K	N	Q	S	T	A	V	L	I	F	Y	W	H	M	C	P
0	0.01040	0.00862	0.00944	0.00884	0.01051	0.06793	0.00663	0.01333	0.01829	0.02507	0.66918	0.04521	0.05657	0.01266	0.00747	0.00200	0.00377	0.01106	0.00680	0.00621
1	0.02395	0.08142	0.02060	0.01455	0.01975	0.02050	0.01218	0.65334	0.02894	0.03859	0.01497	0.01508	0.01076	0.00757	0.00627	0.00189	0.00709	0.00562	0.00615	0.01076
2	0.06572	0.01573	0.01597	0.01536	0.07190	0.07731	0.01116	0.09767	0.49824	0.02709	0.02176	0.02079	0.01643	0.00810	0.00633	0.00209	0.00604	0.00655	0.00588	0.00988
3	0.00787	0.00646	0.00698	0.00733	0.00917	0.00556	0.00548	0.00952	0.01435	0.01743	0.05828	0.17997	0.56655	0.01711	0.00783	0.00231	0.00354	0.06280	0.00600	0.00546
4	0.01365	0.13332	0.61156	0.01783	0.02669	0.01650	0.05377	0.02032	0.01365	0.01976	0.01131	0.01337	0.00827	0.00602	0.00594	0.00196	0.00925	0.00473	0.00276	0.00934
5	0.00764	0.00655	0.00655	0.00655	0.00873	0.00545	0.00491	0.00927	0.01473	0.01745	0.06546	0.06218	0.73000	0.01636	0.00764	0.00218	0.00327	0.01364	0.00600	0.00545
6	0.00774	0.00655	0.00670	0.00666	0.00879	0.00550	0.00499	0.00948	0.01498	0.01806	0.11319	0.06118	0.68188	0.01614	0.00764	0.00217	0.00326	0.01350	0.00608	0.00550
7	0.01340	0.01148	0.01340	0.00957	0.01531	0.00861	0.00766	0.01627	0.01340	0.02105	0.01148	0.01340	0.00957	0.00479	0.00479	0.00096	0.00479	0.00383	0.00383	0.81242
8	0.01806	0.01464	0.01549	0.01319	0.01720	0.01651	0.01047	0.24058	0.45654	0.03053	0.02587	0.02427	0.06939	0.00902	0.00662	0.00211	0.00559	0.00731	0.00650	0.01011
9	0.03618	0.57867	0.12287	0.01374	0.01986	0.02292	0.09115	0.01963	0.01338	0.01682	0.00977	0.01158	0.00842	0.00561	0.00479	0.00157	0.00764	0.00409	0.00285	0.00847
10	0.03883	0.11337	0.02228	0.15345	0.19900	0.11441	0.01472	0.19493	0.01849	0.02400	0.01209	0.01457	0.00953	0.00645	0.00594	0.00183	0.00796	0.00514	0.00397	0.03903
11	0.00933	0.00652	0.00832	0.00832	0.00876	0.00696	0.00550	0.01021	0.00977	0.01347	0.01919	0.03583	0.02069	0.49624	0.30574	0.00784	0.01048	0.00845	0.00374	0.00462
12	0.01632	0.01318	0.01867	0.31826	0.15422	0.03615	0.01493	0.04342	0.15609	0.10894	0.04306	0.01990	0.01403	0.00728	0.00650	0.00208	0.00721	0.00633	0.00458	0.00888
13	0.01599	0.01535	0.02623	0.03966	0.73262	0.01535	0.01983	0.01983	0.01471	0.02111	0.01215	0.01599	0.01023	0.00576	0.00640	0.00192	0.00768	0.00576	0.00320	0.01023
14	0.01163	0.01080	0.01971	0.04565	0.01952	0.01112	0.24580	0.01451	0.01205	0.01666	0.03084	0.02641	0.01607	0.20245	0.25216	0.00581	0.04109	0.00775	0.00353	0.00644
15	0.01746	0.01863	0.02358	0.12565	0.32686	0.19478	0.09292	0.05243	0.01614	0.01991	0.01394	0.01709	0.03857	0.00656	0.00645	0.00193	0.00893	0.00589	0.00346	0.00883
16	0.01687	0.05898	0.18528	0.01604	0.02150	0.01596	0.10975	0.20962	0.07895	0.04650	0.12108	0.02080	0.01825	0.00802	0.00729	0.00205	0.04217	0.00671	0.00495	0.00923
17	0.01511	0.01560	0.03146	0.05142	0.13698	0.01493	0.46608	0.01973	0.01485	0.04217	0.01468	0.05439	0.01221	0.00671	0.00760	0.00214	0.02548	0.02376	0.00360	0.04111
18	0.77614	0.01244	0.01002	0.04789	0.01418	0.01449	0.00757	0.01886	0.01110	0.02833	0.00913	0.01085	0.00708	0.00602	0.00413	0.00201	0.00519	0.00362	0.00394	0.00701
19	0.00932	0.00657	0.00862	0.00862	0.00916	0.00712	0.00587	0.01040	0.00986	0.01369	0.01892	0.03433	0.02004	0.43196	0.36912	0.00820	0.01146	0.00823	0.00370	0.00479
20	0.01497	0.01426	0.02397	0.08724	0.57936	0.01441	0.03583	0.01908	0.03214	0.02086	0.04018	0.02019	0.05526	0.00676	0.00655	0.00197	0.00734	0.00652	0.00356	0.00955
21	0.02237	0.01275	0.01522	0.01166	0.01658	0.01201	0.00952	0.22306	0.02061	0.31222	0.04983	0.02140	0.05250	0.00787	0.00622	0.00176	0.00559	0.00630	0.00650	0.18603
22	0.01678	0.04456	0.02230	0.02700	0.39339	0.01521	0.04101	0.11725	0.08701	0.04472	0.01874	0.02047	0.07140	0.00722	0.00641	0.00192	0.00687	0.00649	0.00438	0.04686
23	0.18867	0.22201	0.05259	0.01662	0.07448	0.09723	0.12006	0.07090	0.01478	0.02162	0.01074	0.01309	0.00880	0.00723	0.02412	0.00205	0.03848	0.00476	0.00349	0.00828
24	0.04655	0.11005	0.03415	0.01389	0.05255	0.03238	0.04209	0.14792	0.10446	0.17043	0.15543	0.02336	0.02204	0.00838	0.00636	0.00194	0.00602	0.00691	0.00590	0.00922
25	0.01594	0.25494	0.16608	0.01474	0.07760	0.05052	0.01322	0.04033	0.01521	0.07146	0.10896	0.04381	0.01742	0.00744	0.00571	0.00173	0.00682	0.00588	0.00410	0.07810
26	0.01420	0.10418	0.03817	0.01519	0.11237	0.12672	0.01049	0.07338	0.01559	0.01932	0.04211	0.29614	0.08174	0.01243	0.00685	0.00210	0.00630	0.01064	0.00478	0.00729

[dist]
# distance from previous block
# <min> <max>
0	7

[block]
# block no. 3 follows, 34 sequences, length 25
# corresponding to MSA columns:
# 117-141
name=unknown_D
#
# <colnr> <probs for GDERKNQSTAVLIFYWHMCP>
#	G	D	E	R	K	N	Q	S	T	A	V	L	I	F	Y	W	H	M	C	P
0	0.01670	0.05708	0.03730	0.08765	0.08803	0.06633	0.01359	0.14458	0.03716	0.04456	0.03542	0.02325	0.02982	0.00958	0.01046	0.00227	0.20478	0.07878	0.00435	0.00829
1	0.59872	0.01340	0.01316	0.01107	0.01517	0.04858	0.08050	0.01980	0.01237	0.07519	0.01206	0.05373	0.00993	0.00689	0.00487	0.00204	0.00589	0.00498	0.00427	0.00738
2	0.01817	0.01574	0.01753	0.01807	0.14979	0.08182	0.01211	0.10628	0.32624	0.06482	0.01919	0.01912	0.01454	0.00740	0.00625	0.00191	0.00640	0.00611	0.00540	0.10312
3	0.13304	0.01633	0.09918	0.02008	0.02563	0.01406	0.40767	0.01887	0.01501	0.02285	0.14299	0.02165	0.01856	0.00701	0.00694	0.00211	0.00845	0.00747	0.00402	0.00807
4	0.01537	0.08445	0.01711	0.01387	0.01670	0.17863	0.07647	0.08769	0.01644	0.01970	0.02286	0.23200	0.02422	0.01262	0.00722	0.00225	0.00732	0.15310	0.00487	0.00710
5	0.01610	0.01753	0.19919	0.01648	0.08629	0.01184	0.07598	0.02114	0.05243	0.14518	0.03532	0.01978	0.05388	0.00692	0.00615	0.00177	0.00681	0.00599	0.00452	0.21669
6	0.02160	0.01663	0.01772	0.01427	0.01891	0.01865	0.01156	0.47512	0.27115	0.03595	0.01927	0.01851	0.01403	0.00811	0.00650	0.00203	0.00641	0.00634	0.00650	0.01072
7	0.01993	0.01186	0.05744	0.01249	0.04927	0.01017	0.00995	0.05518	0.09087	0.34898	0.11203	0.07360	0.09940	0.01011	0.00684	0.00208	0.00524	0.00851	0.00679	0.00927
8	0.00940	0.00626	0.00705	0.00705	0.00705	0.00626	0.00392	0.00940	0.00940	0.01253	0.02036	0.04228	0.02349	0.77292	0.03289	0.00626	0.00626	0.00940	0.00392	0.00392
9	0.01296	0.03342	0.73944	0.01842	0.02797	0.01501	0.02387	0.02046	0.01364	0.02046	0.01160	0.01364	0.00818	0.00614	0.00614	0.00205	0.00955	0.00477	0.00273	0.00955
10	0.01364	0.06144	0.22813	0.17726	0.04858	0.01613	0.18029	0.01843	0.01325	0.01851	0.01222	0.04346	0.01005	0.00731	0.00881	0.00220	0.12275	0.00624	0.00304	0.00826
11	0.01318	0.03190	0.67266	0.01926	0.02852	0.01513	0.08913	0.02048	0.01379	0.02048	0.01174	0.01400	0.00834	0.00607	0.00628	0.00206	0.00968	0.00505	0.00278	0.00947
12	0.00787	0.00562	0.00750	0.00900	0.00937	0.00525	0.00600	0.00900	0.01237	0.01649	0.03561	0.76871	0.04274	0.02024	0.00825	0.00262	0.00375	0.01837	0.00600	0.00525
13	0.02142	0.01684	0.04041	0.01493	0.01967	0.01768	0.05380	0.55475	0.02655	0.03566	0.01794	0.11652	0.01509	0.00924	0.00676	0.00205	0.00696	0.00758	0.00610	0.01004
14	0.01425	0.01696	0.13029	0.02078	0.02587	0.01423	0.37216	0.01867	0.01410	0.05332	0.01663	0.09746	0.01500	0.03530	0.00979	0.00245	0.08743	0.04342	0.00381	0.00811
15	0.01006	0.00719	0.01001	0.01150	0.01283	0.00714	0.00980	0.01278	0.01453	0.01895	0.03440	0.16864	0.03795	0.01818	0.00883	0.00293	0.00565	0.59682	0.00596	0.00585
16	0.01460	0.31553	0.47168	0.01562	0.02365	0.01901	0.01901	0.02004	0.01345	0.01847	0.01060	0.01240	0.00823	0.00591	0.00538	0.00179	0.00855	0.00427	0.00274	0.00907
17	0.01414	0.01414	0.01979	0.01696	0.01696	0.01979	0.01414	0.01555	0.00990	0.01555	0.00848	0.01414	0.00848	0.01131	0.02120	0.00283	0.76110	0.00565	0.00283	0.00707
18	0.01480	0.31931	0.42584	0.01680	0.06435	0.01910	0.01869	0.02000	0.01351	0.01847	0.01062	0.01251	0.00834	0.00588	0.00538	0.00178	0.00842	0.00432	0.00277	0.00910
19	0.01831	0.01267	0.05642	0.01343	0.04993	0.01160	0.02956	0.14074	0.08809	0.21271	0.02662	0.10311	0.07905	0.07010	0.00900	0.00249	0.00596	0.05531	0.00610	0.00880
20	0.02165	0.00956	0.01275	0.01048	0.01417	0.00855	0.00837	0.02485	0.04664	0.46657	0.21656	0.08020	0.03014	0.01027	0.00692	0.00206	0.00470	0.00874	0.00756	0.00925
21	0.01743	0.19148	0.17922	0.01236	0.01765	0.01431	0.01238	0.04564	0.05241	0.19487	0.09446	0.06361	0.06000	0.00875	0.00616	0.00192	0.00628	0.00704	0.00518	0.00886
22	0.01863	0.01241	0.03986	0.01532	0.07605	0.01127	0.09979	0.10142	0.03608	0.25140	0.10574	0.07210	0.11127	0.00979	0.00699	0.00208	0.00601	0.00866	0.00615	0.00898
23	0.06173	0.09078	0.10400	0.01941	0.05296	0.03547	0.29790	0.04035	0.05653	0.04576	0.01915	0.05581	0.07556	0.00763	0.00671	0.00206	0.00826	0.00743	0.00403	0.00847
24	0.04650	0.03122	0.64996	0.01842	0.04683	0.01527	0.02243	0.05834	0.01448	0.02194	0.01172	0.01368	0.00835	0.00621	0.00608	0.00203	0.00918	0.00481	0.00300	0.00954

[dist]
# distance from previous block
# <min> <max>
2	11

[block]
# block no. 4 follows, 34 sequences, length 32
# corresponding to MSA columns:
# 153-184
name=unknown_E
#
# <colnr> <probs for GDERKNQSTAVLIFYWHMCP>
#	G	D	E	R	K	N	Q	S	T	A	V	L	I	F	Y	W	H	M	C	P
0	0.01898	0.06025	0.08365	0.01891	0.14226	0.06711	0.06133	0.21428	0.05708	0.08531	0.05516	0.04364	0.01511	0.00769	0.00638	0.00194	0.00725	0.00648	0.03771	0.00947
1	0.04409	0.01375	0.01494	0.01433	0.06350	0.08051	0.01057	0.15634	0.11200	0.07775	0.06469	0.12450	0.06116	0.01107	0.00813	0.00221	0.07041	0.05611	0.00561	0.00834
2	0.00994	0.00641	0.00941	0.00941	0.01006	0.00706	0.00685	0.01026	0.00961	0.01347	0.01545	0.02485	0.01507	0.10244	0.43302	0.28991	0.01226	0.00668	0.00327	0.00457
3	0.13908	0.01593	0.09511	0.01422	0.05928	0.03751	0.02679	0.18890	0.01838	0.14985	0.01654	0.03866	0.01274	0.00755	0.00593	0.00190	0.00646	0.02843	0.05342	0.08332
4	0.01220	0.01148	0.01938	0.75739	0.04450	0.01436	0.01794	0.01651	0.01292	0.01651	0.01148	0.01723	0.00861	0.00646	0.00646	0.00215	0.00861	0.00574	0.00287	0.00718
5	0.01624	0.14755	0.15676	0.05532	0.26736	0.04305	0.01652	0.07126	0.06946	0.03467	0.03193	0.01727	0.03158	0.00675	0.00603	0.00189	0.00757	0.00563	0.00379	0.00938
6	0.05016	0.01193	0.01652	0.01579	0.13623	0.01026	0.05339	0.01818	0.01421	0.09476	0.03481	0.07120	0.01411	0.00674	0.00571	0.00150	0.00561	0.00593	0.00437	0.42859
7	0.00789	0.00590	0.00733	0.00835	0.00923	0.00535	0.00574	0.00924	0.01328	0.01726	0.08198	0.55633	0.21083	0.01890	0.00806	0.00248	0.00359	0.01684	0.00606	0.00535
8	0.01509	0.07091	0.01513	0.00986	0.01552	0.01001	0.00808	0.01786	0.01383	0.08436	0.01254	0.01393	0.01004	0.00513	0.00489	0.00108	0.00501	0.00404	0.00412	0.67857
9	0.04254	0.03551	0.15686	0.01628	0.09090	0.01455	0.01376	0.20415	0.05997	0.19218	0.04035	0.03552	0.01415	0.00758	0.00628	0.00195	0.00676	0.00612	0.00550	0.04908
10	0.01747	0.65743	0.08971	0.01210	0.01777	0.08199	0.01221	0.01995	0.01358	0.01568	0.00927	0.01073	0.00829	0.00567	0.00444	0.00146	0.00750	0.00362	0.00281	0.00833
11	0.00940	0.00626	0.00705	0.00705	0.00705	0.00626	0.00392	0.00940	0.00940	0.01253	0.02036	0.04228	0.02349	0.77292	0.03289	0.00626	0.00626	0.00940	0.00392	0.00392
12	0.02161	0.23303	0.05442	0.01398	0.01900	0.09653	0.01233	0.33214	0.03834	0.06904	0.01348	0.01410	0.01023	0.00712	0.00631	0.00180	0.03704	0.00500	0.00488	0.00963
13	0.01843	0.01280	0.01562	0.01149	0.01701	0.01112	0.03225	0.14599	0.01752	0.15935	0.01491	0.01554	0.01105	0.00595	0.00551	0.00137	0.00555	0.00482	0.00507	0.48866
14	0.01816	0.13251	0.24885	0.01843	0.10487	0.11381	0.03535	0.09325	0.03891	0.08747	0.01409	0.01674	0.01094	0.00691	0.00606	0.00191	0.00837	0.03006	0.00399	0.00932
15	0.01504	0.01257	0.01440	0.01458	0.07907	0.01397	0.01027	0.02867	0.51532	0.04580	0.04457	0.09677	0.06049	0.01008	0.00680	0.00220	0.00507	0.00864	0.00624	0.00942
16	0.01424	0.03825	0.01708	0.01420	0.01529	0.01644	0.01168	0.09362	0.01268	0.01886	0.01221	0.01782	0.01122	0.04108	0.14730	0.00403	0.43543	0.00597	0.06544	0.00714
17	0.01854	0.67757	0.03166	0.01131	0.01678	0.02408	0.01101	0.06005	0.01451	0.06905	0.01056	0.01150	0.00901	0.00584	0.00445	0.00146	0.00682	0.00381	0.00336	0.00864
18	0.00775	0.00654	0.00674	0.00686	0.00894	0.00552	0.00517	0.00942	0.01463	0.01749	0.06294	0.09342	0.67318	0.01659	0.00771	0.00223	0.00340	0.04000	0.00600	0.00546
19	0.02344	0.01739	0.01868	0.01449	0.01943	0.01924	0.01191	0.64349	0.06984	0.03933	0.04517	0.01734	0.01353	0.00804	0.00652	0.00196	0.00683	0.00614	0.00650	0.01075
20	0.00934	0.00624	0.00706	0.00712	0.00714	0.00622	0.00400	0.00938	0.00951	0.01268	0.02096	0.07075	0.02424	0.74343	0.03192	0.00612	0.00617	0.00975	0.00400	0.00397
21	0.01525	0.01743	0.03813	0.02723	0.03377	0.01634	0.70915	0.02070	0.01525	0.02070	0.01307	0.01743	0.00980	0.00545	0.00763	0.00218	0.01089	0.00763	0.00327	0.00871
22	0.01525	0.01743	0.03813	0.02723	0.03377	0.01634	0.70915	0.02070	0.01525	0.02070	0.01307	0.01743	0.00980	0.00545	0.00763	0.00218	0.01089	0.00763	0.00327	0.00871
23	0.00778	0.00597	0.00714	0.00809	0.00913	0.00532	0.00559	0.00910	0.01325	0.01685	0.04669	0.50656	0.29773	0.01880	0.00802	0.00246	0.00357	0.01661	0.00600	0.00532
24	0.01655	0.65111	0.15317	0.01230	0.01851	0.02378	0.01322	0.01954	0.01322	0.01609	0.00942	0.01092	0.00827	0.00563	0.00448	0.00149	0.00736	0.00368	0.00276	0.00850
25	0.02579	0.01045	0.01381	0.01083	0.01525	0.00930	0.00886	0.05338	0.01840	0.59157	0.06939	0.02365	0.01873	0.00827	0.00636	0.00195	0.00514	0.00675	0.09197	0.01016
26	0.01320	0.07535	0.69965	0.01800	0.02732	0.01560	0.02315	0.02040	0.01361	0.02017	0.01145	0.01346	0.00819	0.00610	0.00603	0.00201	0.00940	0.00470	0.00273	0.00948
27	0.01535	0.05434	0.03792	0.02645	0.03293	0.01679	0.67522	0.02063	0.01515	0.02043	0.01287	0.01709	0.00973	0.00545	0.00746	0.00214	0.01070	0.00742	0.00324	0.00869
28	0.02403	0.01549	0.01701	0.01340	0.01812	0.03284	0.01095	0.40890	0.10777	0.21295	0.01946	0.01851	0.01350	0.00790	0.00637	0.00196	0.00636	0.00614	0.04777	0.01057
29	0.01229	0.01038	0.01179	0.01095	0.01347	0.03340	0.02846	0.04267	0.24456	0.02350	0.20516	0.11328	0.14386	0.01273	0.00736	0.00223	0.00469	0.06539	0.00631	0.00752
30	0.00794	0.00576	0.00752	0.00890	0.00946	0.00534	0.00607	0.00918	0.01265	0.01668	0.03801	0.68579	0.09888	0.01984	0.00822	0.00260	0.00379	0.04208	0.00600	0.00529
31	0.01794	0.01721	0.01587	0.01251	0.01732	0.17815	0.00990	0.14367	0.03819	0.02336	0.01219	0.01373	0.00980	0.00611	0.00601	0.00140	0.03605	0.00443	0.00423	0.43193

[dist]
# distance from previous block
# <min> <max>
0	1

[block]
# block no. 5 follows, 34 sequences, length 42
# corresponding to MSA columns:
# 186-227
name=unknown_F
#
# <colnr> <probs for GDERKNQSTAVLIFYWHMCP>
#	G	D	E	R	K	N	Q	S	T	A	V	L	I	F	Y	W	H	M	C	P
0	0.60487	0.05342	0.01196	0.03317	0.01405	0.01475	0.00804	0.04294	0.01194	0.04594	0.01052	0.01307	0.00854	0.03194	0.04413	0.00256	0.03280	0.00417	0.00402	0.00717
1	0.01205	0.05048	0.01353	0.01091	0.01321	0.00994	0.07496	0.08112	0.03567	0.02062	0.12214	0.05901	0.10563	0.19949	0.03583	0.00341	0.00607	0.08948	0.05003	0.00640
2	0.01566	0.01395	0.01989	0.10642	0.32599	0.03423	0.01504	0.11255	0.09417	0.02314	0.03967	0.02191	0.03591	0.01152	0.07830	0.00283	0.00813	0.02733	0.00430	0.00908
3	0.01684	0.65042	0.05271	0.01134	0.01655	0.06255	0.01112	0.01914	0.01385	0.01628	0.06824	0.01365	0.01261	0.00624	0.00458	0.00147	0.00693	0.00421	0.00315	0.00811
4	0.15393	0.06066	0.35394	0.01551	0.02218	0.15688	0.01669	0.08837	0.01583	0.04335	0.01150	0.01300	0.00851	0.00640	0.00567	0.00192	0.00871	0.00453	0.00358	0.00884
5	0.15832	0.06480	0.01770	0.05487	0.01985	0.52369	0.01177	0.04443	0.01687	0.01881	0.01001	0.01181	0.00819	0.00651	0.00548	0.00174	0.00997	0.00415	0.00348	0.00754
6	0.01614	0.05503	0.01565	0.01304	0.01679	0.01658	0.01027	0.03353	0.68277	0.02639	0.02536	0.02337	0.01911	0.00859	0.00644	0.00215	0.00521	0.00710	0.00637	0.01012
7	0.02447	0.01851	0.01871	0.01457	0.01957	0.08914	0.01191	0.56442	0.02763	0.09392	0.01564	0.01559	0.01108	0.00756	0.00634	0.00188	0.00733	0.00564	0.00619	0.03988
8	0.03836	0.01241	0.01441	0.01242	0.01559	0.01391	0.00986	0.08945	0.30681	0.14739	0.06925	0.02500	0.04164	0.03930	0.04921	0.00278	0.08975	0.00729	0.00608	0.00910
9	0.01090	0.00706	0.00879	0.00809	0.01015	0.00630	0.00616	0.01353	0.01740	0.10044	0.48321	0.04900	0.22758	0.01346	0.00750	0.00207	0.00337	0.01163	0.00692	0.00646
10	0.00930	0.00686	0.00872	0.00821	0.00985	0.00641	0.00617	0.01280	0.04291	0.02543	0.66357	0.04827	0.10062	0.01325	0.00758	0.00205	0.00314	0.01165	0.00703	0.00620
11	0.01220	0.01148	0.01938	0.75739	0.04450	0.01436	0.01794	0.01651	0.01292	0.01651	0.01148	0.01723	0.00861	0.00646	0.00646	0.00215	0.00861	0.00574	0.00287	0.00718
12	0.00935	0.00624	0.00706	0.00711	0.00712	0.00623	0.00398	0.00938	0.00949	0.01265	0.02084	0.06526	0.02410	0.74912	0.03211	0.00615	0.00618	0.00968	0.00398	0.00396
13	0.00940	0.00626	0.00705	0.00705	0.00705	0.00626	0.00392	0.00940	0.00940	0.01253	0.02036	0.04228	0.02349	0.77292	0.03289	0.00626	0.00626	0.00940	0.00392	0.00392
14	0.81856	0.01250	0.00950	0.00850	0.01250	0.01449	0.00700	0.01899	0.01100	0.02899	0.00900	0.01050	0.00700	0.00600	0.00400	0.00200	0.00500	0.00350	0.00400	0.00700
15	0.00914	0.00660	0.00864	0.00813	0.00965	0.00610	0.00610	0.01219	0.01829	0.02591	0.72921	0.04827	0.06097	0.01321	0.00762	0.00203	0.00305	0.01169	0.00711	0.00610
16	0.01607	0.01388	0.01461	0.01315	0.01680	0.01607	0.01023	0.03433	0.72094	0.02703	0.02630	0.02411	0.01972	0.00877	0.00657	0.00219	0.00511	0.00731	0.00657	0.01023
17	0.01918	0.17992	0.16325	0.01792	0.08008	0.14910	0.06250	0.19144	0.03633	0.02376	0.01225	0.01378	0.00949	0.00649	0.00588	0.00182	0.00861	0.00499	0.00393	0.00929
18	0.01608	0.10545	0.37663	0.04019	0.06870	0.10359	0.07058	0.02167	0.03478	0.05825	0.01234	0.01437	0.00924	0.00643	0.00659	0.00197	0.03571	0.00506	0.00328	0.00909
19	0.81856	0.01250	0.00950	0.00850	0.01250	0.01449	0.00700	0.01899	0.01100	0.02899	0.00900	0.01050	0.00700	0.00600	0.00400	0.00200	0.00500	0.00350	0.00400	0.00700
20	0.01588	0.01707	0.01764	0.03921	0.01756	0.20506	0.01268	0.01763	0.01234	0.01582	0.01061	0.01551	0.00979	0.01521	0.12117	0.00356	0.41437	0.00547	0.02647	0.00696
21	0.02456	0.01810	0.01939	0.01487	0.02004	0.02004	0.01228	0.71107	0.03038	0.04072	0.01551	0.01551	0.01099	0.00776	0.00646	0.00194	0.00711	0.00582	0.00646	0.01099
22	0.00855	0.00658	0.00781	0.00750	0.00929	0.00584	0.00563	0.01104	0.01688	0.02257	0.46707	0.05376	0.32519	0.01446	0.00763	0.00209	0.00314	0.01246	0.00667	0.00584
23	0.00787	0.00562	0.00750	0.00900	0.00937	0.00525	0.00600	0.00900	0.01237	0.01649	0.03561	0.76871	0.04274	0.02024	0.00825	0.00262	0.00375	0.01837	0.00600	0.00525
24	0.01204	0.00602	0.00602	0.00602	0.00753	0.00602	0.00452	0.01506	0.01355	0.02409	0.02108	0.02409	0.01656	0.00753	0.00452	0.00151	0.00301	0.00602	0.80879	0.00602
25	0.02420	0.02898	0.01846	0.01639	0.01998	0.64304	0.01246	0.12379	0.02004	0.01938	0.01078	0.01220	0.00870	0.00682	0.00592	0.00170	0.01100	0.00440	0.00378	0.00799
26	0.00914	0.00660	0.00864	0.00813	0.00965	0.00610	0.00610	0.01219	0.01829	0.02591	0.72921	0.04827	0.06097	0.01321	0.00762	0.00203	0.00305	0.01169	0.00711	0.00610
27	0.01607	0.01388	0.01461	0.01315	0.01680	0.01607	0.01023	0.03433	0.72094	0.02703	0.02630	0.02411	0.01972	0.00877	0.00657	0.00219	0.00511	0.00731	0.00657	0.01023
28	0.81856	0.01250	0.00950	0.00850	0.01250	0.01449	0.00700	0.01899	0.01100	0.02899	0.00900	0.01050	0.00700	0.00600	0.00400	0.00200	0.00500	0.00350	0.00400	0.00700
29	0.00940	0.00626	0.00705	0.00705	0.00705	0.00626	0.00392	0.00940	0.00940	0.01253	0.02036	0.04228	0.02349	0.77292	0.03289	0.00626	0.00626	0.00940	0.00392	0.00392
30	0.01546	0.01494	0.02587	0.13301	0.61116	0.01527	0.05058	0.01943	0.01450	0.02049	0.01211	0.01622	0.01000	0.00584	0.00646	0.00196	0.00794	0.00584	0.00316	0.00977
31	0.01553	0.01645	0.01959	0.01692	0.01738	0.12085	0.01391	0.01697	0.01106	0.01559	0.00869	0.01379	0.00846	0.01066	0.01907	0.00267	0.65695	0.00545	0.00290	0.00713
32	0.00923	0.00692	0.01038	0.01038	0.01154	0.00808	0.00808	0.01154	0.01038	0.01500	0.01731	0.02538	0.01615	0.04846	0.74732	0.01038	0.01731	0.00692	0.00346	0.00577
33	0.00828	0.00590	0.00789	0.00934	0.00986	0.00559	0.00655	0.00962	0.01262	0.01676	0.03492	0.64773	0.04133	0.04431	0.00914	0.00279	0.00414	0.11199	0.00592	0.00530
34	0.00924	0.00690	0.01027	0.01027	0.01138	0.00801	0.00793	0.01146	0.01035	0.01491	0.01741	0.02598	0.01641	0.07406	0.72207	0.01024	0.01692	0.00701	0.00348	0.00570
35	0.00904	0.00656	0.00853	0.00812	0.00961	0.00604	0.00606	0.01197	0.01792	0.02525	0.67902	0.08106	0.07930	0.01362	0.00765	0.00206	0.00309	0.01204	0.00703	0.00604
36	0.01340	0.01148	0.01340	0.00957	0.01531	0.00861	0.00766	0.01627	0.01340	0.02105	0.01148	0.01340	0.00957	0.00479	0.00479	0.00096	0.00479	0.00383	0.00383	0.81242
37	0.02484	0.01158	0.01729	0.01317	0.01800	0.01034	0.09722	0.05267	0.01837	0.54228	0.07815	0.02459	0.04376	0.00836	0.00676	0.00203	0.00597	0.00726	0.00721	0.01014
38	0.01340	0.01148	0.01340	0.00957	0.01531	0.00861	0.00766	0.01627	0.01340	0.02105	0.01148	0.01340	0.00957	0.00479	0.00479	0.00096	0.00479	0.00383	0.00383	0.81242
39	0.02096	0.01754	0.01487	0.01294	0.01647	0.25067	0.01007	0.13776	0.04202	0.18086	0.02507	0.09649	0.10589	0.01008	0.00666	0.00200	0.00732	0.02824	0.00567	0.00842
40	0.27164	0.08137	0.01539	0.01202	0.04049	0.05809	0.00938	0.17286	0.01735	0.12349	0.03588	0.05145	0.03402	0.04207	0.00677	0.00213	0.00609	0.00598	0.00514	0.00839
41	0.03328	0.10772	0.01601	0.01102	0.01422	0.03843	0.05236	0.11251	0.03317	0.06405	0.01788	0.02654	0.03636	0.29530	0.01596	0.00340	0.00658	0.00694	0.00444	0.10383

[dist]
# distance from previous block
# <min> <max>
2	7

[block]
# block no. 6 follows, 34 sequences, length 15
# corresponding to MSA columns:
# 235-249
name=unknown_G
#
# <colnr> <probs for GDERKNQSTAVLIFYWHMCP>
#	G	D	E	R	K	N	Q	S	T	A	V	L	I	F	Y	W	H	M	C	P
0	0.05820	0.10068	0.17703	0.10489	0.04353	0.09574	0.15120	0.05885	0.05145	0.04054	0.01250	0.01503	0.00954	0.00656	0.00694	0.00201	0.04761	0.00548	0.00355	0.00866
1	0.01602	0.30975	0.22846	0.01811	0.05825	0.06674	0.15238	0.02087	0.03821	0.01847	0.01132	0.01349	0.00905	0.00588	0.00568	0.00180	0.00871	0.00493	0.00304	0.00883
2	0.00906	0.00730	0.00936	0.10402	0.01420	0.00729	0.00751	0.01212	0.06090	0.01865	0.12738	0.33509	0.23150	0.01575	0.00766	0.00234	0.00424	0.01386	0.00578	0.00599
3	0.03850	0.17549	0.04966	0.01763	0.15831	0.06915	0.03881	0.02055	0.08879	0.07461	0.01984	0.10101	0.06226	0.00851	0.00608	0.00188	0.00662	0.00715	0.00437	0.05077
4	0.11105	0.03886	0.08501	0.05770	0.11634	0.13583	0.01253	0.02226	0.09925	0.09415	0.11775	0.02044	0.01820	0.00763	0.00609	0.00192	0.00694	0.00611	0.00471	0.03724
5	0.00904	0.00611	0.00715	0.00751	0.00760	0.00602	0.00441	0.00930	0.01010	0.01346	0.02396	0.21361	0.02803	0.59541	0.02708	0.00541	0.00567	0.01151	0.00441	0.00423
6	0.01143	0.01095	0.04175	0.01725	0.15606	0.00991	0.09570	0.01552	0.05449	0.02168	0.23626	0.09836	0.15667	0.01160	0.00737	0.00215	0.00547	0.03463	0.00535	0.00739
7	0.01913	0.13589	0.02447	0.06926	0.17059	0.21662	0.07798	0.11587	0.01718	0.02072	0.01131	0.01396	0.00925	0.00667	0.00712	0.00188	0.06467	0.00514	0.00357	0.00873
8	0.00998	0.00796	0.01157	0.01115	0.01205	0.00971	0.00871	0.01200	0.01025	0.01492	0.01619	0.02482	0.01549	0.09099	0.59097	0.00898	0.12813	0.00690	0.00340	0.00584
9	0.00804	0.00584	0.00759	0.00868	0.00936	0.00539	0.00593	0.00948	0.01341	0.01792	0.13760	0.61003	0.09902	0.01893	0.00811	0.00250	0.00361	0.01704	0.00616	0.00539
10	0.02210	0.02745	0.01855	0.07789	0.02168	0.60993	0.01311	0.02395	0.01698	0.01584	0.00995	0.01237	0.00836	0.00713	0.00750	0.00183	0.09025	0.00445	0.00324	0.00742
11	0.01520	0.20965	0.39445	0.01765	0.02514	0.03798	0.11811	0.05175	0.01453	0.01988	0.01122	0.01344	0.00858	0.00613	0.00632	0.00191	0.03107	0.00492	0.00300	0.00906
12	0.01769	0.01745	0.02091	0.01905	0.08592	0.17054	0.14010	0.08786	0.10313	0.04718	0.01779	0.05085	0.01573	0.00914	0.00828	0.00220	0.07723	0.09595	0.00456	0.00844
13	0.00904	0.00645	0.00808	0.00820	0.00882	0.00667	0.00549	0.01003	0.01050	0.01413	0.02533	0.09578	0.09702	0.40663	0.25308	0.00685	0.00923	0.00976	0.00415	0.00476
14	0.04556	0.39628	0.19573	0.01327	0.01943	0.11436	0.01377	0.02011	0.01387	0.01764	0.00999	0.01163	0.00836	0.00576	0.00490	0.00155	0.00786	0.00390	0.00299	0.09304

[dist]
# distance from previous block
# <min> <max>
0	4

[block]
# block no. 7 follows, 34 sequences, length 51
# corresponding to MSA columns:
# 254-304
name=unknown_H
#
# <colnr> <probs for GDERKNQSTAVLIFYWHMCP>
#	G	D	E	R	K	N	Q	S	T	A	V	L	I	F	Y	W	H	M	C	P
0	0.14484	0.04965	0.01743	0.01508	0.01813	0.50448	0.01168	0.02295	0.01580	0.01777	0.00981	0.01208	0.00834	0.00815	0.02644	0.00207	0.10030	0.00429	0.00336	0.00735
1	0.07334	0.01162	0.01215	0.01110	0.03460	0.07368	0.00834	0.07632	0.06820	0.17458	0.16787	0.06363	0.07412	0.00987	0.00640	0.00196	0.00510	0.00812	0.11096	0.00803
2	0.00894	0.00660	0.00835	0.00791	0.00953	0.00601	0.00593	0.01179	0.01780	0.02475	0.63785	0.05018	0.15305	0.01364	0.00762	0.00205	0.00308	0.01195	0.00696	0.00601
3	0.01772	0.62076	0.03005	0.01130	0.01639	0.02349	0.01073	0.11251	0.01521	0.01848	0.01065	0.01326	0.00971	0.05873	0.00644	0.00179	0.00689	0.00419	0.00335	0.00836
4	0.02073	0.05469	0.09695	0.06887	0.04124	0.01889	0.01407	0.46920	0.02419	0.03269	0.01431	0.03125	0.01086	0.00786	0.00745	0.00202	0.06361	0.00584	0.00526	0.01000
5	0.00785	0.00658	0.00684	0.00686	0.00897	0.00558	0.00520	0.00964	0.01500	0.01815	0.11330	0.06155	0.65502	0.01619	0.00768	0.00220	0.00336	0.03844	0.00608	0.00552
6	0.01384	0.13858	0.57629	0.01920	0.08744	0.01655	0.02168	0.02025	0.01366	0.01976	0.01127	0.01338	0.00838	0.00602	0.00588	0.00194	0.00901	0.00467	0.00277	0.00943
7	0.00869	0.00685	0.00867	0.00816	0.01001	0.00611	0.02648	0.01118	0.01654	0.02209	0.42265	0.09368	0.30607	0.01455	0.00766	0.00213	0.00340	0.01267	0.00652	0.00589
8	0.01150	0.00789	0.00978	0.00914	0.01116	0.00777	0.00706	0.01663	0.11582	0.06538	0.49854	0.04357	0.04822	0.01225	0.00730	0.00208	0.00367	0.05712	0.05818	0.00693
9	0.01697	0.03934	0.07582	0.04052	0.09579	0.09046	0.07220	0.09923	0.01646	0.07301	0.01531	0.04124	0.01304	0.00790	0.00685	0.02858	0.00731	0.05631	0.00430	0.19934
10	0.01475	0.01409	0.02399	0.27444	0.50752	0.01503	0.01921	0.01874	0.01413	0.01960	0.01193	0.01640	0.00970	0.00599	0.00642	0.00200	0.00798	0.00575	0.00309	0.00923
11	0.01525	0.01743	0.03813	0.02723	0.03377	0.01634	0.70915	0.02070	0.01525	0.02070	0.01307	0.01743	0.00980	0.00545	0.00763	0.00218	0.01089	0.00763	0.00327	0.00871
12	0.02456	0.01810	0.01939	0.01487	0.02004	0.02004	0.01228	0.71107	0.03038	0.04072	0.01551	0.01551	0.01099	0.00776	0.00646	0.00194	0.00711	0.00582	0.00646	0.01099
13	0.00764	0.00655	0.00655	0.00655	0.00873	0.00545	0.00491	0.00927	0.01473	0.01745	0.06546	0.06218	0.73000	0.01636	0.00764	0.00218	0.00327	0.01364	0.00600	0.00545
14	0.01122	0.00561	0.00842	0.00842	0.00842	0.00561	0.00561	0.00842	0.00842	0.01122	0.01122	0.01964	0.01122	0.02245	0.02525	0.81201	0.00561	0.00561	0.00281	0.00281
15	0.81856	0.01250	0.00950	0.00850	0.01250	0.01449	0.00700	0.01899	0.01100	0.02899	0.00900	0.01050	0.00700	0.00600	0.00400	0.00200	0.00500	0.00350	0.00400	0.00700
16	0.00924	0.00687	0.01009	0.01009	0.01115	0.00792	0.00772	0.01135	0.01030	0.01479	0.01757	0.02685	0.01679	0.11129	0.68536	0.01003	0.01635	0.00714	0.00350	0.00561
17	0.02466	0.01919	0.01913	0.01494	0.01991	0.09528	0.01221	0.61747	0.02873	0.06103	0.01527	0.01532	0.01088	0.00765	0.00640	0.00191	0.00753	0.00567	0.00619	0.01062
18	0.81856	0.01250	0.00950	0.00850	0.01250	0.01449	0.00700	0.01899	0.01100	0.02899	0.00900	0.01050	0.00700	0.00600	0.00400	0.00200	0.00500	0.00350	0.00400	0.00700
19	0.01760	0.61484	0.03009	0.01162	0.01685	0.02382	0.01102	0.06919	0.11606	0.01866	0.01192	0.01270	0.01012	0.00615	0.00465	0.00154	0.00667	0.00417	0.00357	0.00876
20	0.06050	0.03330	0.04186	0.01422	0.01903	0.10377	0.05563	0.17523	0.14196	0.25861	0.01922	0.01835	0.01339	0.00754	0.00631	0.00198	0.00701	0.00602	0.00608	0.01000
21	0.01572	0.01485	0.02357	0.05033	0.55072	0.03280	0.01798	0.04447	0.01502	0.02104	0.01420	0.02155	0.01280	0.00748	0.00766	0.00209	0.05954	0.07513	0.00357	0.00947
22	0.00855	0.00642	0.00777	0.00860	0.00967	0.00596	0.00598	0.04022	0.01380	0.01783	0.04275	0.54530	0.22614	0.01865	0.00800	0.00247	0.00377	0.01654	0.00602	0.00556
23	0.01355	0.01208	0.01621	0.01260	0.04877	0.00958	0.07613	0.01667	0.01361	0.02091	0.01228	0.03298	0.01046	0.00528	0.00522	0.00116	0.00548	0.00465	0.00380	0.67857
24	0.00938	0.00631	0.00728	0.00728	0.00736	0.00639	0.00420	0.00954	0.00946	0.01270	0.02015	0.04112	0.02298	0.72298	0.08214	0.00655	0.00703	0.00923	0.00388	0.00404
25	0.00970	0.00575	0.00825	0.00884	0.00910	0.00571	0.00601	0.00896	0.01018	0.01369	0.02149	0.31707	0.02420	0.02415	0.09004	0.41184	0.00603	0.01080	0.00414	0.00407
26	0.01566	0.01538	0.02734	0.08222	0.60039	0.01542	0.10838	0.01974	0.01467	0.02077	0.01223	0.01625	0.01008	0.00576	0.00656	0.00197	0.00815	0.00600	0.00319	0.00985
27	0.00822	0.00657	0.00735	0.00716	0.00908	0.00570	0.00537	0.01040	0.01610	0.02072	0.32178	0.05681	0.47163	0.01515	0.00763	0.00212	0.00319	0.01288	0.00643	0.00570
28	0.01066	0.00777	0.01030	0.01002	0.01126	0.00860	0.00744	0.08193	0.01246	0.01731	0.01991	0.11641	0.02024	0.18275	0.44395	0.00779	0.01249	0.00866	0.00416	0.00587
29	0.01294	0.00790	0.01012	0.00923	0.01141	0.00749	0.00703	0.01709	0.08182	0.14278	0.48090	0.11209	0.04798	0.01263	0.00740	0.00210	0.00371	0.01108	0.00710	0.00720
30	0.01715	0.01462	0.01676	0.01766	0.14043	0.04771	0.01185	0.03067	0.49964	0.07063	0.02259	0.02166	0.01701	0.00797	0.00645	0.00207	0.00586	0.00673	0.00585	0.03668
31	0.01661	0.14451	0.05262	0.01495	0.01838	0.20829	0.07023	0.04235	0.05711	0.01759	0.01290	0.01645	0.01110	0.01703	0.18489	0.00393	0.09449	0.00543	0.00348	0.00764
32	0.01340	0.01148	0.01340	0.00957	0.01531	0.00861	0.00766	0.01627	0.01340	0.02105	0.01148	0.01340	0.00957	0.00479	0.00479	0.00096	0.00479	0.00383	0.00383	0.81242
33	0.05144	0.01907	0.01738	0.01470	0.01806	0.26241	0.02753	0.13076	0.01791	0.16784	0.01455	0.01615	0.01108	0.01177	0.08010	0.00281	0.11773	0.00544	0.00474	0.00854
34	0.28199	0.00967	0.01085	0.01022	0.01297	0.01014	0.03870	0.01658	0.04315	0.06527	0.06909	0.11296	0.08373	0.03235	0.00726	0.00242	0.00510	0.15757	0.02324	0.00674
35	0.00830	0.00655	0.00750	0.00771	0.00934	0.00587	0.00561	0.01063	0.03583	0.01949	0.21282	0.22892	0.38559	0.01634	0.00775	0.00225	0.00339	0.01414	0.00628	0.00570
36	0.02414	0.03079	0.01831	0.01665	0.01998	0.74698	0.01248	0.02580	0.01831	0.01581	0.00999	0.01165	0.00832	0.00666	0.00583	0.00166	0.01165	0.00416	0.00333	0.00749
37	0.01599	0.01535	0.02623	0.03966	0.73262	0.01535	0.01983	0.01983	0.01471	0.02111	0.01215	0.01599	0.01023	0.00576	0.00640	0.00192	0.00768	0.00576	0.00320	0.01023
38	0.00811	0.00615	0.00750	0.00820	0.00938	0.00554	0.00585	0.00979	0.01418	0.01845	0.15775	0.39919	0.26261	0.01777	0.00798	0.00240	0.00358	0.04389	0.00618	0.00548
39	0.01220	0.01148	0.01938	0.75739	0.04450	0.01436	0.01794	0.01651	0.01292	0.01651	0.01148	0.01723	0.00861	0.00646	0.00646	0.00215	0.00861	0.00574	0.00287	0.00718
40	0.01672	0.01393	0.01478	0.01316	0.01690	0.01601	0.01027	0.05650	0.67789	0.04804	0.02592	0.02376	0.01933	0.00871	0.00657	0.00218	0.00519	0.00723	0.00661	0.01027
41	0.32103	0.01176	0.01309	0.01049	0.01512	0.01166	0.00865	0.04703	0.01607	0.45440	0.01909	0.01755	0.01252	0.00725	0.00557	0.00200	0.00536	0.00537	0.00647	0.00952
42	0.00940	0.00626	0.00705	0.00705	0.00705	0.00626	0.00392	0.00940	0.00940	0.01253	0.02036	0.04228	0.02349	0.77292	0.03289	0.00626	0.00626	0.00940	0.00392	0.00392
43	0.01296	0.03342	0.73944	0.01842	0.02797	0.01501	0.02387	0.02046	0.01364	0.02046	0.01160	0.01364	0.00818	0.00614	0.00614	0.00205	0.00955	0.00477	0.00273	0.00955
44	0.01397	0.01349	0.02350	0.41113	0.32748	0.01490	0.06637	0.01817	0.01382	0.01869	0.01187	0.01673	0.00936	0.00610	0.00651	0.00206	0.00838	0.00588	0.00303	0.00854
45	0.81856	0.01250	0.00950	0.00850	0.01250	0.01449	0.00700	0.01899	0.01100	0.02899	0.00900	0.01050	0.00700	0.00600	0.00400	0.00200	0.00500	0.00350	0.00400	0.00700
46	0.01269	0.01201	0.01702	0.01503	0.01537	0.01634	0.01235	0.01437	0.01004	0.01539	0.01108	0.01745	0.01074	0.02225	0.23511	0.00505	0.54198	0.00603	0.00301	0.00669
47	0.00827	0.00622	0.00748	0.00803	0.00913	0.00573	0.00563	0.00973	0.01335	0.01728	0.11317	0.31687	0.26289	0.11525	0.04573	0.00326	0.00455	0.03643	0.00573	0.00528
48	0.01977	0.01815	0.01835	0.01523	0.01941	0.15685	0.07162	0.20508	0.29975	0.04554	0.04867	0.01988	0.01606	0.00798	0.00654	0.00201	0.00731	0.00651	0.00569	0.00961
49	0.01141	0.00785	0.01029	0.00934	0.01127	0.00775	0.00689	0.01316	0.01121	0.06517	0.01769	0.02786	0.01706	0.24805	0.35242	0.00688	0.01099	0.00704	0.00397	0.15371
50	0.02102	0.02635	0.06516	0.02362	0.23317	0.48346	0.01538	0.02369	0.01695	0.01768	0.01073	0.01307	0.00889	0.00636	0.00602	0.00176	0.01034	0.00468	0.00325	0.00844

[dist]
# distance from previous block
# <min> <max>
0	1

[block]
# block no. 8 follows, 34 sequences, length 754
# corresponding to MSA columns:
# 306-1059
name=unknown_I
#
# <colnr> <probs for GDERKNQSTAVLIFYWHMCP>
#	G	D	E	R	K	N	Q	S	T	A	V	L	I	F	Y	W	H	M	C	P
0	0.05403	0.01692	0.01840	0.01640	0.08224	0.04276	0.01222	0.43227	0.17370	0.05839	0.01739	0.01726	0.01269	0.00769	0.00636	0.00199	0.00675	0.00600	0.00604	0.01048
1	0.01122	0.00561	0.00842	0.00842	0.00842	0.00561	0.00561	0.00842	0.00842	0.01122	0.01122	0.01964	0.01122	0.02245	0.02525	0.81201	0.00561	0.00561	0.00281	0.00281
2	0.00939	0.00629	0.00716	0.00716	0.00720	0.00633	0.00406	0.00947	0.00943	0.01261	0.02026	0.04171	0.02324	0.74835	0.05712	0.00640	0.00664	0.00931	0.00390	0.00398
3	0.04263	0.01772	0.08256	0.01540	0.02064	0.01727	0.08054	0.44079	0.06557	0.05711	0.07912	0.01902	0.01563	0.00789	0.00659	0.00200	0.00711	0.00647	0.00587	0.01005
4	0.35907	0.02032	0.01436	0.01268	0.01652	0.30675	0.00992	0.08407	0.05843	0.04691	0.01152	0.01258	0.00892	0.00665	0.00518	0.00187	0.00786	0.00429	0.00423	0.00787
5	0.81856	0.01250	0.00950	0.00850	0.01250	0.01449	0.00700	0.01899	0.01100	0.02899	0.00900	0.01050	0.00700	0.00600	0.00400	0.00200	0.00500	0.00350	0.00400	0.00700
6	0.01577	0.01242	0.01326	0.01192	0.01532	0.01396	0.00927	0.03047	0.56103	0.06551	0.04657	0.02676	0.06015	0.00916	0.00647	0.00212	0.00479	0.00762	0.07791	0.00952
7	0.01655	0.01412	0.01488	0.01325	0.01698	0.01629	0.01034	0.07239	0.68211	0.02780	0.02569	0.02362	0.01923	0.00871	0.00657	0.00218	0.00523	0.00722	0.00657	0.01027
8	0.01659	0.01414	0.01490	0.01325	0.01700	0.01632	0.01035	0.07593	0.67850	0.02787	0.02564	0.02358	0.01919	0.00870	0.00657	0.00218	0.00524	0.00721	0.00657	0.01027
9	0.00923	0.00692	0.01038	0.01038	0.01154	0.00808	0.00808	0.01154	0.01038	0.01500	0.01731	0.02538	0.01615	0.04846	0.74732	0.01038	0.01731	0.00692	0.00346	0.00577
10	0.01727	0.77681	0.03386	0.01106	0.01658	0.02557	0.01106	0.01935	0.01313	0.01520	0.00898	0.01036	0.00829	0.00553	0.00415	0.00138	0.00691	0.00345	0.00276	0.00829
11	0.02414	0.03079	0.01831	0.01665	0.01998	0.74698	0.01248	0.02580	0.01831	0.01581	0.00999	0.01165	0.00832	0.00666	0.00583	0.00166	0.01165	0.00416	0.00333	0.00749
12	0.00764	0.00652	0.00657	0.00662	0.00875	0.00545	0.00494	0.00926	0.01466	0.01743	0.06457	0.08322	0.70953	0.01648	0.00765	0.00220	0.00329	0.01378	0.00600	0.00545
13	0.02756	0.01084	0.01464	0.01136	0.01614	0.00950	0.00934	0.03054	0.03825	0.67902	0.06320	0.02346	0.01851	0.00830	0.00656	0.00201	0.00536	0.00680	0.00791	0.01071
14	0.00927	0.00677	0.00959	0.00959	0.01047	0.00764	0.00708	0.01103	0.01015	0.01441	0.01804	0.02942	0.01791	0.22150	0.57667	0.00940	0.01467	0.00751	0.00357	0.00533
15	0.01530	0.01354	0.01421	0.01203	0.01631	0.04261	0.00944	0.02715	0.42830	0.02429	0.02082	0.02147	0.01634	0.00760	0.00601	0.00177	0.00529	0.02741	0.00548	0.28463
16	0.00787	0.00562	0.00750	0.00900	0.00937	0.00525	0.00600	0.00900	0.01237	0.01649	0.03561	0.76871	0.04274	0.02024	0.00825	0.00262	0.00375	0.01837	0.00600	0.00525
17	0.01220	0.01148	0.01938	0.75739	0.04450	0.01436	0.01794	0.01651	0.01292	0.01651	0.01148	0.01723	0.00861	0.00646	0.00646	0.00215	0.00861	0.00574	0.00287	0.00718
18	0.00846	0.00590	0.00775	0.00889	0.00956	0.00555	0.00621	0.01008	0.01342	0.01843	0.13080	0.58015	0.04336	0.01836	0.00798	0.00250	0.00375	0.05967	0.05373	0.00546
19	0.01041	0.00744	0.01041	0.01190	0.01339	0.00744	0.01041	0.01339	0.01487	0.01934	0.03421	0.07288	0.03719	0.01785	0.00892	0.00297	0.00595	0.68913	0.00595	0.00595
20	0.00813	0.00656	0.00723	0.00706	0.00903	0.00566	0.00530	0.01023	0.01589	0.02022	0.28258	0.05763	0.51115	0.01533	0.00763	0.00213	0.00320	0.01300	0.00636	0.00566
21	0.01727	0.77681	0.03386	0.01106	0.01658	0.02557	0.01106	0.01935	0.01313	0.01520	0.00898	0.01036	0.00829	0.00553	0.00415	0.00138	0.00691	0.00345	0.00276	0.00829
22	0.01204	0.00602	0.00602	0.00602	0.00753	0.00602	0.00452	0.01506	0.01355	0.02409	0.02108	0.02409	0.01656	0.00753	0.00452	0.00151	0.00301	0.00602	0.80879	0.00602
