[name]
unknown

[dist]
# distance from previous block
# <min> <max>
0	0

[block]
# block no. 0 follows, 33 sequences, length 120
# corresponding to MSA columns:
# 0-119
name=unknown_A
#
# <colnr> <probs for GDERKNQSTAVLIFYWHMCP>
#	G	D	E	R	K	N	Q	S	T	A	V	L	I	F	Y	W	H	M	C	P
0	0.01061	0.00758	0.01061	0.01212	0.01364	0.00758	0.01061	0.01364	0.01515	0.01970	0.03486	0.07426	0.03789	0.01819	0.00909	0.00303	0.00606	0.68326	0.00606	0.00606
1	0.01095	0.00709	0.00932	0.00856	0.01040	0.00649	0.00649	0.01401	0.01865	0.08340	0.66772	0.04701	0.05842	0.01303	0.00767	0.00207	0.00331	0.01148	0.00732	0.00661
2	0.00932	0.00673	0.00880	0.00828	0.00984	0.00621	0.00621	0.01242	0.01863	0.02640	0.72410	0.04918	0.06212	0.01346	0.00776	0.00207	0.00311	0.01191	0.00725	0.00621
3	0.01493	0.01528	0.02009	0.01727	0.01744	0.05739	0.01432	0.01638	0.01052	0.01586	0.00872	0.01427	0.00863	0.01128	0.02080	0.00282	0.71819	0.00568	0.00291	0.00722
4	0.00798	0.00668	0.00694	0.00687	0.00901	0.00564	0.00516	0.00983	0.01547	0.01888	0.15018	0.06156	0.64072	0.01626	0.00778	0.00220	0.00331	0.01364	0.00626	0.00564
5	0.00802	0.00573	0.00764	0.00917	0.00955	0.00535	0.00611	0.00917	0.01260	0.01681	0.03628	0.76434	0.04354	0.02062	0.00840	0.00267	0.00382	0.01872	0.00611	0.00535
6	0.81514	0.01273	0.00968	0.00866	0.01273	0.01477	0.00713	0.01935	0.01120	0.02954	0.00917	0.01069	0.00713	0.00611	0.00407	0.00204	0.00509	0.00356	0.00407	0.00713
7	0.01629	0.01564	0.02672	0.04041	0.72757	0.01564	0.02020	0.02020	0.01499	0.02151	0.01238	0.01629	0.01043	0.00587	0.00652	0.00196	0.00782	0.00587	0.00326	0.01043
8	0.40768	0.01194	0.01258	0.01024	0.01484	0.01213	0.00845	0.02596	0.01517	0.39395	0.01788	0.01677	0.01188	0.00717	0.00539	0.00204	0.00536	0.00515	0.00619	0.00924
9	0.00957	0.00638	0.00718	0.00718	0.00718	0.00638	0.00399	0.00957	0.00957	0.01276	0.02074	0.04308	0.02393	0.76864	0.03351	0.00638	0.00638	0.00957	0.00399	0.00399
10	0.01629	0.01564	0.02672	0.04041	0.72757	0.01564	0.02020	0.02020	0.01499	0.02151	0.01238	0.01629	0.01043	0.00587	0.00652	0.00196	0.00782	0.00587	0.00326	0.01043
11	0.81514	0.01273	0.00968	0.00866	0.01273	0.01477	0.00713	0.01935	0.01120	0.02954	0.00917	0.01069	0.00713	0.00611	0.00407	0.00204	0.00509	0.00356	0.00407	0.00713
12	0.01629	0.01564	0.02672	0.04041	0.72757	0.01564	0.02020	0.02020	0.01499	0.02151	0.01238	0.01629	0.01043	0.00587	0.00652	0.00196	0.00782	0.00587	0.00326	0.01043
13	0.01334	0.03314	0.69537	0.01927	0.02883	0.01537	0.06257	0.02086	0.01399	0.02086	0.01190	0.01412	0.00843	0.00621	0.00634	0.00209	0.00981	0.00503	0.00281	0.00968
14	0.00911	0.00667	0.00854	0.00818	0.00973	0.00611	0.00609	0.01198	0.01798	0.02510	0.62709	0.08750	0.12308	0.01413	0.00780	0.00212	0.00316	0.01244	0.00708	0.00611
15	0.00827	0.00666	0.00737	0.00725	0.00921	0.00576	0.00542	0.01037	0.01607	0.02046	0.27211	0.08026	0.49610	0.01578	0.00779	0.00219	0.00328	0.01342	0.00647	0.00576
16	0.01573	0.01546	0.02283	0.35380	0.30940	0.07898	0.03422	0.05471	0.01534	0.01997	0.01209	0.01648	0.00955	0.00636	0.00653	0.00205	0.00865	0.00576	0.00330	0.00880
17	0.00778	0.00667	0.00667	0.00667	0.00889	0.00556	0.00500	0.00945	0.01501	0.01778	0.06669	0.06336	0.72490	0.01667	0.00778	0.00222	0.00333	0.01389	0.00611	0.00556
18	0.23211	0.01160	0.01383	0.01092	0.01575	0.01099	0.00902	0.02880	0.01687	0.55096	0.02164	0.01939	0.01393	0.00762	0.00596	0.00204	0.00547	0.00583	0.00710	0.01015
19	0.00802	0.00573	0.00764	0.00917	0.00955	0.00535	0.00611	0.00917	0.01260	0.01681	0.03628	0.76434	0.04354	0.02062	0.00840	0.00267	0.00382	0.01872	0.00611	0.00535
20	0.02928	0.01162	0.01553	0.01191	0.01701	0.01029	0.00984	0.07066	0.01954	0.69257	0.02539	0.02203	0.01600	0.00813	0.00662	0.00203	0.00570	0.00658	0.00806	0.01120
21	0.02503	0.01844	0.01976	0.01515	0.02042	0.02042	0.01251	0.70562	0.03095	0.04149	0.01581	0.01581	0.01120	0.00790	0.00659	0.00198	0.00724	0.00593	0.00659	0.01120
22	0.01629	0.01564	0.02672	0.04041	0.72757	0.01564	0.02020	0.02020	0.01499	0.02151	0.01238	0.01629	0.01043	0.00587	0.00652	0.00196	0.00782	0.00587	0.00326	0.01043
23	0.00961	0.00646	0.00745	0.00750	0.00766	0.00643	0.00446	0.00994	0.01037	0.01389	0.06107	0.04504	0.02681	0.68725	0.03079	0.00597	0.00618	0.04461	0.00428	0.00422
24	0.00940	0.00705	0.01058	0.01058	0.01176	0.00823	0.00823	0.01176	0.01058	0.01528	0.01763	0.02586	0.01646	0.04937	0.74255	0.01058	0.01763	0.00705	0.00353	0.00588
25	0.81514	0.01273	0.00968	0.00866	0.01273	0.01477	0.00713	0.01935	0.01120	0.02954	0.00917	0.01069	0.00713	0.00611	0.00407	0.00204	0.00509	0.00356	0.00407	0.00713
26	0.00805	0.00668	0.00704	0.00695	0.00906	0.00567	0.00521	0.00997	0.01564	0.01930	0.18212	0.06087	0.60853	0.01611	0.00778	0.00220	0.00329	0.01354	0.00631	0.00567
27	0.81514	0.01273	0.00968	0.00866	0.01273	0.01477	0.00713	0.01935	0.01120	0.02954	0.00917	0.01069	0.00713	0.00611	0.00407	0.00204	0.00509	0.00356	0.00407	0.00713
28	0.01236	0.01505	0.14521	0.06526	0.09383	0.04843	0.03675	0.04004	0.03925	0.01958	0.02353	0.35301	0.02509	0.01281	0.00728	0.00229	0.00653	0.01144	0.00471	0.03757
29	0.01647	0.01564	0.04436	0.07491	0.44474	0.01546	0.01713	0.07844	0.11371	0.02369	0.01456	0.01718	0.01162	0.00643	0.00640	0.00193	0.00727	0.00589	0.00403	0.08016
30	0.01637	0.01414	0.01489	0.01340	0.01712	0.01637	0.01042	0.03498	0.71568	0.02754	0.02679	0.02456	0.02010	0.00893	0.00670	0.00223	0.00521	0.00744	0.00670	0.01042
31	0.02779	0.01400	0.01701	0.01304	0.01820	0.01383	0.01077	0.29278	0.02353	0.46481	0.02204	0.01985	0.01432	0.00805	0.00661	0.00201	0.00624	0.00635	0.00754	0.01120
32	0.01392	0.02930	0.54693	0.01947	0.02804	0.01562	0.12353	0.02254	0.09639	0.02167	0.01379	0.01572	0.00996	0.00646	0.00653	0.00212	0.00940	0.00560	0.00332	0.00968
33	0.01450	0.01449	0.04569	0.19204	0.29731	0.01463	0.11382	0.02028	0.08999	0.02072	0.01649	0.04850	0.01428	0.00780	0.00699	0.00219	0.00800	0.05946	0.00387	0.00897
34	0.00836	0.00628	0.00775	0.00826	0.00947	0.00567	0.00586	0.01025	0.01508	0.02003	0.25716	0.36422	0.22281	0.01740	0.00805	0.00237	0.00347	0.01538	0.00646	0.00567
35	0.01227	0.00614	0.00614	0.00614	0.00767	0.00614	0.00460	0.01534	0.01381	0.02454	0.02148	0.02454	0.01687	0.00767	0.00460	0.00153	0.00307	0.00614	0.80518	0.00614
36	0.02548	0.01770	0.01930	0.01480	0.02005	0.01932	0.01222	0.63720	0.02972	0.11165	0.01684	0.01648	0.01171	0.00793	0.00659	0.00198	0.00708	0.00600	0.00674	0.01120
37	0.01618	0.01553	0.02652	0.06086	0.70798	0.01561	0.02015	0.02011	0.01494	0.02137	0.01236	0.01633	0.01038	0.00589	0.00652	0.00196	0.00785	0.00587	0.00325	0.01034
38	0.00802	0.00573	0.00764	0.00917	0.00955	0.00535	0.00611	0.00917	0.01260	0.01681	0.03628	0.76434	0.04354	0.02062	0.00840	0.00267	0.00382	0.01872	0.00611	0.00535
39	0.81514	0.01273	0.00968	0.00866	0.01273	0.01477	0.00713	0.01935	0.01120	0.02954	0.00917	0.01069	0.00713	0.00611	0.00407	0.00204	0.00509	0.00356	0.00407	0.00713
40	0.00946	0.00634	0.00721	0.00732	0.00735	0.00631	0.00414	0.00954	0.00979	0.01305	0.02184	0.09390	0.02532	0.71593	0.03174	0.00612	0.00620	0.01022	0.00414	0.00408
41	0.00941	0.00702	0.01040	0.01040	0.01152	0.00813	0.00801	0.01164	0.01053	0.01515	0.01779	0.02675	0.01684	0.08646	0.70599	0.01036	0.01705	0.00718	0.00355	0.00578
42	0.01365	0.01170	0.01365	0.00975	0.01560	0.00878	0.00780	0.01658	0.01365	0.02145	0.01170	0.01365	0.00975	0.00488	0.00488	0.00098	0.00488	0.00390	0.00390	0.80888
43	0.01253	0.00626	0.00912	0.00889	0.00927	0.00625	0.00607	0.01061	0.03112	0.04922	0.01267	0.02028	0.01196	0.02167	0.02415	0.74165	0.00570	0.00582	0.00325	0.00353
44	0.01061	0.00758	0.01061	0.01212	0.01364	0.00758	0.01061	0.01364	0.01515	0.01970	0.03486	0.07426	0.03789	0.01819	0.00909	0.00303	0.00606	0.68326	0.00606	0.00606
45	0.01243	0.01170	0.01975	0.75282	0.04534	0.01463	0.01828	0.01682	0.01316	0.01682	0.01170	0.01755	0.00878	0.00658	0.00658	0.00219	0.00878	0.00585	0.00293	0.00731
46	0.01061	0.00758	0.01061	0.01212	0.01364	0.00758	0.01061	0.01364	0.01515	0.01970	0.03486	0.07426	0.03789	0.01819	0.00909	0.00303	0.00606	0.68326	0.00606	0.00606
47	0.01501	0.01551	0.02140	0.01800	0.01865	0.05714	0.06288	0.01675	0.01091	0.01623	0.00905	0.01451	0.00873	0.01086	0.01982	0.00277	0.66566	0.00582	0.00294	0.00734
48	0.01621	0.01781	0.03750	0.02686	0.03342	0.01691	0.65496	0.06932	0.01662	0.02253	0.01349	0.01762	0.01007	0.00572	0.00769	0.00220	0.01083	0.00764	0.00356	0.00904
49	0.00802	0.00573	0.00764	0.00917	0.00955	0.00535	0.00611	0.00917	0.01260	0.01681	0.03628	0.76434	0.04354	0.02062	0.00840	0.00267	0.00382	0.01872	0.00611	0.00535
50	0.02206	0.01742	0.01806	0.01461	0.01929	0.04411	0.01181	0.45323	0.26413	0.03585	0.01936	0.01866	0.01414	0.00821	0.00660	0.00205	0.00671	0.00639	0.00651	0.01081
51	0.01320	0.03405	0.73453	0.01876	0.02849	0.01529	0.02432	0.02085	0.01390	0.02085	0.01181	0.01390	0.00834	0.00625	0.00625	0.00208	0.00973	0.00486	0.00278	0.00973
52	0.04834	0.01256	0.01461	0.01092	0.01638	0.01094	0.00884	0.10176	0.05294	0.16559	0.01570	0.01610	0.01166	0.00614	0.00549	0.00141	0.00532	0.00485	0.00521	0.48524
53	0.01634	0.01897	0.03705	0.02679	0.03315	0.08126	0.64213	0.02155	0.01582	0.02064	0.01304	0.01723	0.00985	0.00566	0.00761	0.00217	0.01117	0.00745	0.00334	0.00877
54	0.00810	0.00668	0.00712	0.00701	0.00909	0.00569	0.00526	0.01007	0.01577	0.01959	0.20451	0.06038	0.58595	0.01600	0.00778	0.00219	0.00329	0.01348	0.00635	0.00569
55	0.00984	0.00703	0.00973	0.01125	0.01243	0.00692	0.00928	0.01232	0.01440	0.01885	0.03528	0.27826	0.03956	0.01891	0.00889	0.00293	0.00540	0.48681	0.00608	0.00585
56	0.04907	0.02070	0.01820	0.01486	0.01944	0.22787	0.01187	0.35053	0.06037	0.13811	0.01609	0.01597	0.01152	0.00761	0.00633	0.00192	0.00817	0.00555	0.00583	0.01000
57	0.00806	0.00658	0.00716	0.00750	0.00936	0.00569	0.00561	0.00979	0.01474	0.01801	0.07879	0.17575	0.54823	0.01732	0.00797	0.00235	0.00360	0.06177	0.00614	0.00558
58	0.02077	0.01421	0.01524	0.01298	0.01707	0.05512	0.01027	0.07977	0.39673	0.22540	0.06093	0.02390	0.01992	0.00875	0.00668	0.00212	0.00573	0.00716	0.00694	0.01032
59	0.02408	0.01917	0.01914	0.01513	0.02006	0.08609	0.01231	0.57286	0.10186	0.03770	0.01645	0.01637	0.01188	0.00791	0.00654	0.00198	0.00745	0.00593	0.00631	0.01079
60	0.01300	0.03264	0.69698	0.01822	0.02753	0.01482	0.02339	0.02041	0.01414	0.02114	0.04866	0.01572	0.01112	0.00663	0.00633	0.00208	0.00939	0.00523	0.00301	0.00955
61	0.00802	0.00573	0.00764	0.00917	0.00955	0.00535	0.00611	0.00917	0.01260	0.01681	0.03628	0.76434	0.04354	0.02062	0.00840	0.00267	0.00382	0.01872	0.00611	0.00535
62	0.02498	0.01788	0.01933	0.01489	0.02010	0.01967	0.01228	0.64428	0.05405	0.08001	0.01676	0.01648	0.01179	0.00795	0.00659	0.00199	0.00708	0.00602	0.00668	0.01117
63	0.02108	0.02400	0.01896	0.01940	0.12076	0.41709	0.01327	0.04610	0.18957	0.02039	0.01469	0.01581	0.01170	0.00736	0.00671	0.00191	0.03278	0.00535	0.00426	0.00880
64	0.01027	0.00745	0.01016	0.01153	0.01308	0.00733	0.00996	0.01313	0.01508	0.01945	0.03795	0.08989	0.10410	0.01810	0.00895	0.00294	0.00575	0.60282	0.00607	0.00600
65	0.01674	0.01406	0.01490	0.01335	0.01711	0.01619	0.01040	0.03490	0.69632	0.04712	0.02677	0.02450	0.01999	0.00891	0.00670	0.00223	0.00522	0.00742	0.00674	0.01044
66	0.00778	0.00667	0.00667	0.00667	0.00889	0.00556	0.00500	0.00945	0.01501	0.01778	0.06669	0.06336	0.72490	0.01667	0.00778	0.00222	0.00333	0.01389	0.00611	0.00556
67	0.01320	0.03405	0.73453	0.01876	0.02849	0.01529	0.02432	0.02085	0.01390	0.02085	0.01181	0.01390	0.00834	0.00625	0.00625	0.00208	0.00973	0.00486	0.00278	0.00973
68	0.58253	0.23435	0.01692	0.00942	0.01395	0.01806	0.00834	0.01946	0.01184	0.02544	0.00916	0.01066	0.00751	0.00597	0.00412	0.00185	0.00566	0.00355	0.00371	0.00751
69	0.01880	0.52915	0.10989	0.01305	0.01882	0.11569	0.01293	0.05648	0.01521	0.04241	0.01051	0.01179	0.00885	0.00605	0.00488	0.00157	0.00792	0.00400	0.00327	0.00873
70	0.02954	0.01120	0.01528	0.01171	0.01681	0.00968	0.00968	0.03208	0.01884	0.73213	0.02597	0.02241	0.01630	0.00815	0.00662	0.00204	0.00560	0.00662	0.00815	0.01120
71	0.01263	0.01190	0.02011	0.71608	0.08052	0.01468	0.01838	0.01699	0.01326	0.01706	0.01174	0.01749	0.00886	0.00654	0.00658	0.00218	0.00873	0.00585	0.00294	0.00747
72	0.02928	0.01161	0.01553	0.01191	0.01701	0.01028	0.00984	0.07000	0.01952	0.69325	0.02540	0.02204	0.01601	0.00813	0.00662	0.00203	0.00569	0.00658	0.00806	0.01120
73	0.00891	0.00720	0.00869	0.00925	0.04975	0.00640	0.00637	0.01130	0.01653	0.02161	0.33993	0.05475	0.40612	0.01471	0.00770	0.00214	0.00349	0.01261	0.00643	0.00611
74	0.00932	0.00673	0.00880	0.00828	0.00984	0.00621	0.00621	0.01242	0.01863	0.02640	0.72410	0.04918	0.06212	0.01346	0.00776	0.00207	0.00311	0.01191	0.00725	0.00621
75	0.01512	0.01444	0.02460	0.25737	0.51980	0.01533	0.01962	0.01917	0.01443	0.02008	0.01218	0.01668	0.00992	0.00608	0.00654	0.00203	0.00811	0.00586	0.00316	0.00948
76	0.01569	0.14309	0.47466	0.06197	0.02668	0.03847	0.04429	0.02159	0.01441	0.08190	0.01264	0.01443	0.00914	0.00634	0.00604	0.00198	0.00901	0.00496	0.00330	0.00942
77	0.02460	0.03103	0.01869	0.01691	0.02035	0.72306	0.01271	0.04431	0.01898	0.01679	0.01033	0.01198	0.00855	0.00681	0.00595	0.00170	0.01175	0.00428	0.00348	0.00773
78	0.00778	0.00667	0.00667	0.00667	0.00889	0.00556	0.00500	0.00945	0.01501	0.01778	0.06669	0.06336	0.72490	0.01667	0.00778	0.00222	0.00333	0.01389	0.00611	0.00556
79	0.02802	0.01191	0.01783	0.01345	0.01871	0.01043	0.08487	0.03089	0.01848	0.65509	0.02460	0.02190	0.01561	0.00787	0.00674	0.00206	0.00620	0.00674	0.00763	0.01095
80	0.00835	0.00607	0.00826	0.03575	0.01104	0.00582	0.00678	0.00977	0.01294	0.01726	0.05682	0.67974	0.04259	0.01978	0.00835	0.00266	0.00409	0.05242	0.00603	0.00548
81	0.01600	0.01529	0.02604	0.03930	0.70203	0.01528	0.01970	0.01981	0.01491	0.02134	0.01323	0.04291	0.01161	0.00639	0.00658	0.00198	0.00768	0.00632	0.00336	0.01025
82	0.01429	0.01376	0.02386	0.40120	0.34236	0.01518	0.05770	0.01854	0.01409	0.01911	0.01209	0.01701	0.00956	0.00621	0.00662	0.00209	0.00849	0.00597	0.00309	0.00876
83	0.01557	0.01445	0.02187	0.41748	0.25326	0.04290	0.01799	0.09908	0.01602	0.02114	0.01234	0.01674	0.00956	0.00652	0.00654	0.00208	0.00842	0.00580	0.00348	0.00875
84	0.00778	0.00667	0.00667	0.00667	0.00889	0.00556	0.00500	0.00945	0.01501	0.01778	0.06669	0.06336	0.72490	0.01667	0.00778	0.00222	0.00333	0.01389	0.00611	0.00556
85	0.81514	0.01273	0.00968	0.00866	0.01273	0.01477	0.00713	0.01935	0.01120	0.02954	0.00917	0.01069	0.00713	0.00611	0.00407	0.00204	0.00509	0.00356	0.00407	0.00713
86	0.02236	0.01637	0.01745	0.01372	0.01838	0.01801	0.01122	0.56141	0.07016	0.03776	0.01966	0.01965	0.04921	0.00840	0.00646	0.00196	0.00651	0.00645	0.08449	0.01036
87	0.00940	0.00705	0.01058	0.01058	0.01176	0.00823	0.00823	0.01176	0.01058	0.01528	0.01763	0.02586	0.01646	0.04937	0.74255	0.01058	0.01763	0.00705	0.00353	0.00588
88	0.01654	0.02553	0.40786	0.04504	0.02761	0.01527	0.14160	0.09749	0.01653	0.09360	0.01392	0.01576	0.00981	0.00646	0.00656	0.00205	0.00907	0.00567	0.00388	0.03976
89	0.81514	0.01273	0.00968	0.00866	0.01273	0.01477	0.00713	0.01935	0.01120	0.02954	0.00917	0.01069	0.00713	0.00611	0.00407	0.00204	0.00509	0.00356	0.00407	0.00713
90	0.00972	0.00696	0.00944	0.01081	0.01195	0.00681	0.00877	0.01200	0.01412	0.01843	0.03565	0.26513	0.06444	0.06106	0.01023	0.00309	0.00535	0.43435	0.00596	0.00573
91	0.01243	0.01170	0.01975	0.75282	0.04534	0.01463	0.01828	0.01682	0.01316	0.01682	0.01170	0.01755	0.00878	0.00658	0.00658	0.00219	0.00878	0.00585	0.00293	0.00731
92	0.01440	0.01440	0.02016	0.01728	0.01728	0.02016	0.01440	0.01584	0.01008	0.01584	0.00864	0.01440	0.00864	0.01152	0.02160	0.00288	0.75659	0.00576	0.00288	0.00720
93	0.02554	0.01286	0.05549	0.01224	0.01721	0.01103	0.01049	0.05587	0.10758	0.53365	0.06742	0.02358	0.01893	0.00846	0.00668	0.00206	0.00569	0.00692	0.00755	0.01072
94	0.00965	0.00753	0.01115	0.01262	0.05232	0.00729	0.04393	0.01207	0.03361	0.01820	0.03319	0.51901	0.03810	0.01817	0.00836	0.00267	0.00493	0.15528	0.00581	0.00611
95	0.28426	0.01828	0.01627	0.01432	0.01657	0.20703	0.01154	0.01974	0.01270	0.02048	0.00922	0.01250	0.00809	0.00848	0.01166	0.00229	0.31124	0.00463	0.00341	0.00729
96	0.00802	0.00573	0.00764	0.00917	0.00955	0.00535	0.00611	0.00917	0.01260	0.01681	0.03628	0.76434	0.04354	0.02062	0.00840	0.00267	0.00382	0.01872	0.00611	0.00535
97	0.01365	0.01170	0.01365	0.00975	0.01560	0.00878	0.00780	0.01658	0.01365	0.02145	0.01170	0.01365	0.00975	0.00488	0.00488	0.00098	0.00488	0.00390	0.00390	0.80888
98	0.01004	0.00689	0.00903	0.00840	0.01008	0.00633	0.00633	0.01312	0.01864	0.05151	0.69926	0.04822	0.06049	0.01327	0.00772	0.00207	0.00319	0.01172	0.00728	0.00639
99	0.01339	0.01323	0.01969	0.66304	0.04213	0.06618	0.01769	0.01744	0.01339	0.01672	0.01144	0.01699	0.00875	0.00685	0.00731	0.00219	0.04755	0.00573	0.00296	0.00733
100	0.81514	0.01273	0.00968	0.00866	0.01273	0.01477	0.00713	0.01935	0.01120	0.02954	0.00917	0.01069	0.00713	0.00611	0.00407	0.00204	0.00509	0.00356	0.00407	0.00713
101	0.01554	0.01776	0.03885	0.02775	0.03441	0.01665	0.70366	0.02109	0.01554	0.02109	0.01332	0.01776	0.00999	0.00555	0.00777	0.00222	0.01110	0.00777	0.00333	0.00888
102	0.01570	0.01652	0.02077	0.38078	0.15077	0.15416	0.01695	0.01904	0.01404	0.01732	0.01106	0.01578	0.00898	0.00726	0.00874	0.00216	0.12349	0.00553	0.00306	0.00788
103	0.01662	0.01426	0.01502	0.01345	0.01721	0.01649	0.01048	0.05371	0.69656	0.02793	0.02649	0.02432	0.01985	0.00890	0.00670	0.00223	0.00527	0.00740	0.00670	0.01044
104	0.01291	0.01218	0.02060	0.66533	0.12912	0.01475	0.01852	0.01724	0.01339	0.01740	0.01178	0.01740	0.00898	0.00649	0.00657	0.00216	0.00866	0.00585	0.00297	0.00770
105	0.02378	0.02896	0.01833	0.01650	0.02003	0.63126	0.01248	0.06220	0.09010	0.01858	0.01215	0.01336	0.00980	0.00706	0.00605	0.00176	0.01096	0.00465	0.00389	0.00810
106	0.02459	0.03138	0.01866	0.01696	0.02035	0.74221	0.01272	0.02629	0.01866	0.01611	0.01018	0.01187	0.00848	0.00678	0.00594	0.00170	0.01187	0.00424	0.00339	0.00763
107	0.02938	0.01146	0.01543	0.01183	0.01693	0.01005	0.00977	0.05548	0.01926	0.70814	0.02562	0.02218	0.01612	0.00814	0.00662	0.00203	0.00566	0.00660	0.00809	0.01120
108	0.01641	0.01635	0.02634	0.08110	0.58675	0.05556	0.05798	0.02025	0.01496	0.02073	0.01216	0.01615	0.01014	0.00611	0.00702	0.00200	0.03097	0.00588	0.00324	0.00990
109	0.01571	0.01353	0.01427	0.01289	0.01647	0.01551	0.01001	0.03298	0.65855	0.02698	0.04799	0.02734	0.05958	0.00948	0.00679	0.00223	0.00505	0.00792	0.00668	0.01004
110	0.02954	0.01120	0.01528	0.01171	0.01681	0.00968	0.00968	0.03208	0.01884	0.73213	0.02597	0.02241	0.01630	0.00815	0.00662	0.00204	0.00560	0.00662	0.00815	0.01120
111	0.01273	0.01200	0.02028	0.69814	0.09770	0.01470	0.01843	0.01708	0.01330	0.01718	0.01175	0.01746	0.00890	0.00653	0.00658	0.00218	0.00870	0.00585	0.00295	0.00755
112	0.01548	0.01482	0.02526	0.18983	0.58448	0.01543	0.01980	0.01949	0.01461	0.02052	0.01224	0.01656	0.01008	0.00602	0.00653	0.00201	0.00802	0.00586	0.00319	0.00977
113	0.00903	0.00652	0.00840	0.00956	0.01031	0.00625	0.00665	0.04545	0.01377	0.01827	0.03609	0.66644	0.06265	0.01971	0.00833	0.00264	0.00410	0.05400	0.00613	0.00570
114	0.02459	0.03138	0.01866	0.01696	0.02035	0.74221	0.01272	0.02629	0.01866	0.01611	0.01018	0.01187	0.00848	0.00678	0.00594	0.00170	0.01187	0.00424	0.00339	0.00763
115	0.01439	0.01373	0.02312	0.37260	0.37156	0.01540	0.01900	0.01839	0.01388	0.01902	0.01187	0.01678	0.00956	0.00649	0.00733	0.00211	0.04700	0.00585	0.00308	0.00880
116	0.00913	0.00758	0.00822	0.00863	0.00999	0.04375	0.00616	0.01095	0.01513	0.01946	0.21638	0.34331	0.24330	0.01697	0.00794	0.00234	0.00392	0.01486	0.00626	0.00574
117	0.04281	0.65708	0.05355	0.01195	0.01744	0.09254	0.01167	0.02035	0.01382	0.01615	0.00933	0.01079	0.00841	0.00577	0.00444	0.00148	0.00751	0.00363	0.00291	0.00837
118	0.01234	0.01155	0.01941	0.72977	0.04424	0.01437	0.01791	0.01668	0.01333	0.01712	0.03375	0.01853	0.01043	0.00679	0.00662	0.00219	0.00860	0.00604	0.00306	0.00728
119	0.01425	0.01263	0.01966	0.46980	0.17554	0.03933	0.01676	0.01805	0.01410	0.06120	0.01610	0.06115	0.03836	0.00771	0.00670	0.00215	0.00802	0.00687	0.00362	0.00801

[dist]
# distance from previous block
# <min> <max>
0	28

# created by:
# /home/berkeley/.conda/envs/busco_data_prod/bin/msa2prfl.pl pipeline/OGs_align_augustus/4893/15064.fs
