[name]
unknown

[dist]
# distance from previous block
# <min> <max>
0	7

[block]
# block no. 0 follows, 33 sequences, length 106
# corresponding to MSA columns:
# 7-112
name=unknown_A
#
# <colnr> <probs for GDERKNQSTAVLIFYWHMCP>
#	G	D	E	R	K	N	Q	S	T	A	V	L	I	F	Y	W	H	M	C	P
0	0.06698	0.11330	0.07367	0.04131	0.25022	0.01448	0.01419	0.01881	0.01418	0.04239	0.02815	0.01974	0.01291	0.00700	0.00630	0.00180	0.02651	0.05731	0.00379	0.18695
1	0.07771	0.01544	0.02601	0.03154	0.44649	0.01511	0.14406	0.03718	0.01505	0.02255	0.01232	0.01582	0.01004	0.00577	0.00638	0.00190	0.00787	0.00582	0.00349	0.09946
2	0.00833	0.00695	0.00757	0.02900	0.01035	0.00618	0.00576	0.01065	0.03623	0.01865	0.11430	0.12927	0.56118	0.01628	0.00777	0.00225	0.00358	0.01378	0.00613	0.00579
3	0.02536	0.01885	0.01931	0.01501	0.02012	0.07524	0.01230	0.59863	0.02902	0.09549	0.01619	0.01604	0.01140	0.00784	0.00654	0.00196	0.00747	0.00585	0.00647	0.01092
4	0.00928	0.00670	0.00877	0.00831	0.00983	0.00619	0.00621	0.01233	0.01847	0.02614	0.70527	0.06876	0.06161	0.01365	0.00778	0.00209	0.00313	0.01209	0.00722	0.00619
5	0.02788	0.01078	0.01469	0.01152	0.01625	0.00934	0.00940	0.03031	0.01836	0.67694	0.02677	0.07965	0.01840	0.00911	0.00676	0.00209	0.00546	0.00755	0.00799	0.01075
6	0.00961	0.00643	0.00730	0.00736	0.00742	0.00643	0.00423	0.00972	0.00978	0.01302	0.02126	0.04421	0.02444	0.74135	0.03262	0.00626	0.00637	0.03407	0.00406	0.00406
7	0.00895	0.00671	0.00829	0.00790	0.00961	0.00605	0.00592	0.01171	0.01776	0.02433	0.56648	0.05258	0.22102	0.01423	0.00777	0.00211	0.00316	0.01238	0.00698	0.00605
8	0.01227	0.00614	0.00614	0.00614	0.00767	0.00614	0.00460	0.01534	0.01381	0.02454	0.02148	0.02454	0.01687	0.00767	0.00460	0.00153	0.00307	0.00614	0.80518	0.00614
9	0.00802	0.00573	0.00764	0.00917	0.00955	0.00535	0.00611	0.00917	0.01260	0.01681	0.03628	0.76434	0.04354	0.02062	0.00840	0.00267	0.00382	0.01872	0.00611	0.00535
10	0.81514	0.01273	0.00968	0.00866	0.01273	0.01477	0.00713	0.01935	0.01120	0.02954	0.00917	0.01069	0.00713	0.00611	0.00407	0.00204	0.00509	0.00356	0.00407	0.00713
11	0.02459	0.03138	0.01866	0.01696	0.02035	0.74221	0.01272	0.02629	0.01866	0.01611	0.01018	0.01187	0.00848	0.00678	0.00594	0.00170	0.01187	0.00424	0.00339	0.00763
12	0.00824	0.00668	0.00723	0.00723	0.00901	0.00601	0.00526	0.00976	0.01368	0.01676	0.05401	0.05577	0.53645	0.12764	0.10357	0.00386	0.00556	0.01242	0.00549	0.00537
13	0.01227	0.00614	0.00614	0.00614	0.00767	0.00614	0.00460	0.01534	0.01381	0.02454	0.02148	0.02454	0.01687	0.00767	0.00460	0.00153	0.00307	0.00614	0.80518	0.00614
14	0.01243	0.01170	0.01975	0.75282	0.04534	0.01463	0.01828	0.01682	0.01316	0.01682	0.01170	0.01755	0.00878	0.00658	0.00658	0.00219	0.00878	0.00585	0.00293	0.00731
15	0.02503	0.01844	0.01976	0.01515	0.02042	0.02042	0.01251	0.70562	0.03095	0.04149	0.01581	0.01581	0.01120	0.00790	0.00659	0.00198	0.00724	0.00593	0.00659	0.01120
16	0.01365	0.01170	0.01365	0.00975	0.01560	0.00878	0.00780	0.01658	0.01365	0.02145	0.01170	0.01365	0.00975	0.00488	0.00488	0.00098	0.00488	0.00390	0.00390	0.80888
17	0.01061	0.00758	0.01061	0.01212	0.01364	0.00758	0.01061	0.01364	0.01515	0.01970	0.03486	0.07426	0.03789	0.01819	0.00909	0.00303	0.00606	0.68326	0.00606	0.00606
18	0.02954	0.01120	0.01528	0.01171	0.01681	0.00968	0.00968	0.03208	0.01884	0.73213	0.02597	0.02241	0.01630	0.00815	0.00662	0.00204	0.00560	0.00662	0.00815	0.01120
19	0.01320	0.03405	0.73453	0.01876	0.02849	0.01529	0.02432	0.02085	0.01390	0.02085	0.01181	0.01390	0.00834	0.00625	0.00625	0.00208	0.00973	0.00486	0.00278	0.00973
20	0.02954	0.01120	0.01528	0.01171	0.01681	0.00968	0.00968	0.03208	0.01884	0.73213	0.02597	0.02241	0.01630	0.00815	0.00662	0.00204	0.00560	0.00662	0.00815	0.01120
21	0.00906	0.00672	0.00844	0.00801	0.00967	0.00610	0.00601	0.01192	0.01802	0.02493	0.61215	0.05159	0.17498	0.01401	0.00777	0.00210	0.00314	0.01224	0.00705	0.00610
22	0.00957	0.00638	0.00718	0.00718	0.00718	0.00638	0.00399	0.00957	0.00957	0.01276	0.02074	0.04308	0.02393	0.76864	0.03351	0.00638	0.00638	0.00957	0.00399	0.00399
23	0.01725	0.01446	0.02363	0.17699	0.38963	0.01504	0.05935	0.04484	0.06980	0.10140	0.01506	0.01795	0.01150	0.00655	0.00663	0.00205	0.00774	0.00619	0.00412	0.00982
24	0.01594	0.07512	0.02288	0.01836	0.04043	0.10085	0.07247	0.01788	0.01190	0.01646	0.00936	0.01416	0.00878	0.00986	0.01689	0.00255	0.52993	0.00559	0.00298	0.00758
25	0.01458	0.01483	0.11699	0.01636	0.11698	0.01272	0.01247	0.02400	0.27244	0.06758	0.18726	0.04551	0.05063	0.00965	0.00693	0.00213	0.00566	0.00832	0.00584	0.00911
26	0.00932	0.00673	0.00880	0.00828	0.00984	0.00621	0.00621	0.01242	0.01863	0.02640	0.72410	0.04918	0.06212	0.01346	0.00776	0.00207	0.00311	0.01191	0.00725	0.00621
27	0.01668	0.01954	0.15138	0.05099	0.46348	0.04177	0.01947	0.07969	0.05162	0.02308	0.01321	0.01612	0.01050	0.00632	0.00647	0.00199	0.00815	0.00571	0.00363	0.01019
28	0.01512	0.06731	0.25833	0.02730	0.21843	0.01650	0.26036	0.02069	0.01474	0.02079	0.01234	0.01570	0.00949	0.00587	0.00674	0.00206	0.00953	0.00607	0.00310	0.00954
29	0.04311	0.01559	0.02132	0.04456	0.17667	0.09964	0.10292	0.04015	0.01588	0.20898	0.01600	0.01859	0.01213	0.03197	0.04947	0.00269	0.08025	0.00622	0.00468	0.00918
30	0.44494	0.04168	0.01523	0.01332	0.03832	0.22789	0.02742	0.04300	0.01423	0.02433	0.00985	0.01176	0.00795	0.00663	0.00586	0.00197	0.05007	0.00414	0.00380	0.00760
31	0.00819	0.00584	0.00773	0.00902	0.00949	0.00546	0.00604	0.00947	0.01304	0.01752	0.09728	0.67476	0.04451	0.04652	0.00924	0.00275	0.00385	0.01778	0.00614	0.00538
32	0.06251	0.02610	0.41750	0.01970	0.02754	0.01579	0.19147	0.09198	0.01589	0.02344	0.01330	0.04082	0.01020	0.00674	0.00661	0.00212	0.00933	0.00610	0.00351	0.00936
33	0.01845	0.49124	0.08750	0.01458	0.05767	0.07870	0.01317	0.07687	0.01532	0.03652	0.01057	0.01219	0.00899	0.00635	0.00584	0.00166	0.04802	0.00421	0.00333	0.00883
34	0.01271	0.01176	0.01948	0.55253	0.15150	0.01385	0.01716	0.01677	0.01351	0.01782	0.01531	0.02033	0.04907	0.00829	0.02784	0.00238	0.00840	0.00634	0.02732	0.00764
35	0.00953	0.00638	0.00724	0.00726	0.00732	0.00635	0.00411	0.00965	0.00991	0.01326	0.04146	0.06145	0.02553	0.72795	0.03213	0.00616	0.00622	0.00987	0.00414	0.00409
36	0.07128	0.32045	0.14637	0.01517	0.05474	0.07872	0.01405	0.15061	0.01719	0.03880	0.01147	0.01289	0.00915	0.00652	0.00577	0.00177	0.02758	0.00451	0.00380	0.00916
37	0.01461	0.01464	0.04126	0.10779	0.37813	0.06836	0.01578	0.01869	0.04032	0.02123	0.13289	0.07951	0.02153	0.00854	0.00683	0.00205	0.00710	0.00776	0.00422	0.00876
38	0.00782	0.00667	0.00673	0.00672	0.00892	0.00558	0.00504	0.00953	0.01511	0.01803	0.08569	0.06295	0.70575	0.01658	0.00778	0.00222	0.00333	0.01384	0.00615	0.00558
39	0.01752	0.64803	0.10676	0.01213	0.01812	0.02409	0.01256	0.02068	0.03283	0.04116	0.01050	0.01170	0.00903	0.00587	0.00459	0.00152	0.00722	0.00388	0.00310	0.00873
40	0.02503	0.01844	0.01976	0.01515	0.02042	0.02042	0.01251	0.70562	0.03095	0.04149	0.01581	0.01581	0.01120	0.00790	0.00659	0.00198	0.00724	0.00593	0.00659	0.01120
41	0.00978	0.00636	0.00710	0.00710	0.00722	0.00636	0.00404	0.01002	0.00990	0.01367	0.02080	0.04165	0.02339	0.70993	0.03128	0.00601	0.00613	0.00931	0.06581	0.00415
42	0.78790	0.01268	0.00987	0.00876	0.01287	0.01459	0.00722	0.01979	0.01147	0.05389	0.00975	0.01110	0.00745	0.00618	0.00416	0.00204	0.00511	0.00367	0.00422	0.00727
43	0.01637	0.01414	0.01489	0.01340	0.01712	0.01637	0.01042	0.03498	0.71568	0.02754	0.02679	0.02456	0.02010	0.00893	0.00670	0.00223	0.00521	0.00744	0.00670	0.01042
44	0.25521	0.01346	0.01444	0.01151	0.01616	0.01407	0.00948	0.22240	0.01985	0.28932	0.01791	0.01722	0.01219	0.00746	0.00576	0.00199	0.00579	0.00551	0.05054	0.00974
45	0.35480	0.07097	0.01596	0.08013	0.01910	0.30187	0.01070	0.02224	0.01468	0.04194	0.01027	0.01211	0.00816	0.00644	0.00512	0.00187	0.00824	0.00412	0.00373	0.00755
46	0.00996	0.00660	0.00951	0.00951	0.01018	0.00727	0.00689	0.01057	0.00989	0.01387	0.01652	0.02712	0.01636	0.15881	0.44058	0.21835	0.01270	0.00711	0.00343	0.00478
47	0.01440	0.01440	0.02016	0.01728	0.01728	0.02016	0.01440	0.01584	0.01008	0.01584	0.00864	0.01440	0.00864	0.01152	0.02160	0.00288	0.75659	0.00576	0.00288	0.00720
48	0.01133	0.00885	0.01180	0.01352	0.12561	0.00848	0.00858	0.01544	0.07217	0.04493	0.36484	0.04374	0.19946	0.01230	0.00737	0.00208	0.00416	0.01073	0.02739	0.00722
49	0.81514	0.01273	0.00968	0.00866	0.01273	0.01477	0.00713	0.01935	0.01120	0.02954	0.00917	0.01069	0.00713	0.00611	0.00407	0.00204	0.00509	0.00356	0.00407	0.00713
50	0.03853	0.04977	0.57120	0.01771	0.02633	0.04146	0.02144	0.11671	0.01636	0.02369	0.01217	0.01392	0.00871	0.00648	0.00618	0.00204	0.00925	0.00492	0.00337	0.00975
51	0.01852	0.13124	0.10705	0.01485	0.01994	0.11744	0.05082	0.11441	0.23915	0.04407	0.01722	0.01751	0.01308	0.00730	0.00609	0.00192	0.00747	0.00575	0.02898	0.03718
52	0.01365	0.01170	0.01365	0.00975	0.01560	0.00878	0.00780	0.01658	0.01365	0.02145	0.01170	0.01365	0.00975	0.00488	0.00488	0.00098	0.00488	0.00390	0.00390	0.80888
53	0.01760	0.77260	0.03450	0.01126	0.01690	0.02605	0.01126	0.01971	0.01338	0.01549	0.00915	0.01056	0.00845	0.00563	0.00422	0.00141	0.00704	0.00352	0.00282	0.00845
54	0.01891	0.01624	0.04241	0.03529	0.01930	0.03494	0.01190	0.31743	0.04561	0.02911	0.01374	0.01554	0.01069	0.00881	0.03109	0.00212	0.11360	0.00537	0.00493	0.22298
55	0.01243	0.01170	0.01975	0.75282	0.04534	0.01463	0.01828	0.01682	0.01316	0.01682	0.01170	0.01755	0.00878	0.00658	0.00658	0.00219	0.00878	0.00585	0.00293	0.00731
56	0.02319	0.01701	0.01834	0.01454	0.01942	0.01885	0.01185	0.50717	0.19492	0.07629	0.01901	0.01828	0.01362	0.00816	0.00661	0.00204	0.00666	0.00633	0.00670	0.01101
57	0.01817	0.01022	0.01348	0.01116	0.01450	0.00975	0.03360	0.11006	0.03643	0.25386	0.32730	0.07401	0.03685	0.01103	0.00725	0.00209	0.00483	0.00955	0.00723	0.00861
58	0.02616	0.07389	0.01920	0.01355	0.01878	0.01679	0.01134	0.39825	0.02502	0.30039	0.01913	0.01789	0.01291	0.00782	0.00642	0.00196	0.00661	0.00600	0.00689	0.01099
59	0.01357	0.01148	0.01196	0.01099	0.01415	0.01258	0.00849	0.02626	0.46815	0.02444	0.03860	0.03630	0.23327	0.01121	0.00692	0.00219	0.00453	0.00933	0.04684	0.00873
60	0.01212	0.00612	0.00619	0.00625	0.00774	0.00611	0.00466	0.01512	0.01376	0.02426	0.02201	0.05144	0.01784	0.00814	0.00474	0.00158	0.00310	0.00659	0.77613	0.00611
61	0.01390	0.01320	0.02240	0.48135	0.30530	0.01501	0.01901	0.01811	0.01386	0.01861	0.01196	0.01707	0.00941	0.00631	0.00656	0.00210	0.00841	0.00586	0.00305	0.00850
62	0.01690	0.01633	0.02626	0.08682	0.37508	0.06188	0.15900	0.07139	0.01626	0.03872	0.01394	0.04093	0.01169	0.02672	0.00752	0.00215	0.00857	0.00668	0.00373	0.00943
63	0.01530	0.01599	0.01910	0.01664	0.01719	0.11482	0.01362	0.01686	0.01126	0.01583	0.00965	0.01510	0.00932	0.01430	0.08435	0.00342	0.59142	0.00568	0.00301	0.00714
64	0.48581	0.01680	0.01483	0.03496	0.13597	0.15362	0.01090	0.02065	0.01328	0.02490	0.00995	0.01215	0.00803	0.00637	0.00541	0.00199	0.02865	0.00420	0.00374	0.00779
65	0.00921	0.00673	0.00865	0.00817	0.00977	0.00617	0.00613	0.01221	0.01838	0.02580	0.67798	0.05017	0.10861	0.01368	0.00777	0.00208	0.00312	0.01205	0.00717	0.00617
66	0.01391	0.01215	0.01534	0.03594	0.09598	0.01022	0.00967	0.01736	0.03582	0.02111	0.01242	0.01524	0.01048	0.02627	0.00642	0.00136	0.02655	0.00450	0.00386	0.62539
67	0.00863	0.00669	0.00777	0.00751	0.00931	0.00592	0.00558	0.01096	0.01665	0.02198	0.39877	0.05542	0.36293	0.04238	0.00871	0.00230	0.00333	0.01273	0.00661	0.00583
68	0.02260	0.22142	0.02309	0.01595	0.03909	0.46380	0.01253	0.09308	0.01843	0.01867	0.01054	0.01205	0.00880	0.00657	0.00557	0.00166	0.01004	0.00427	0.00356	0.00828
69	0.01440	0.01440	0.02016	0.01728	0.01728	0.02016	0.01440	0.01584	0.01008	0.01584	0.00864	0.01440	0.00864	0.01152	0.02160	0.00288	0.75659	0.00576	0.00288	0.00720
70	0.01455	0.01329	0.02121	0.33890	0.27925	0.01505	0.01717	0.06672	0.01467	0.01995	0.01321	0.03861	0.01131	0.04923	0.00908	0.00238	0.05711	0.00641	0.00345	0.00845
71	0.30493	0.01196	0.01345	0.01075	0.01549	0.01180	0.00887	0.04853	0.01654	0.46427	0.01976	0.01809	0.01292	0.00743	0.00573	0.00204	0.00547	0.00553	0.00667	0.00977
72	0.01541	0.01699	0.03565	0.08549	0.13376	0.01635	0.55365	0.02063	0.01528	0.02082	0.01306	0.01753	0.00996	0.00567	0.00750	0.00218	0.01045	0.00735	0.00329	0.00898
73	0.01563	0.01743	0.03679	0.02772	0.07518	0.01657	0.62423	0.02180	0.05418	0.02147	0.01401	0.01805	0.01057	0.00576	0.00763	0.00220	0.01058	0.00764	0.00351	0.00906
74	0.00780	0.00660	0.00674	0.00686	0.00894	0.00554	0.00509	0.00943	0.01482	0.01771	0.06434	0.11744	0.67233	0.01698	0.00783	0.00226	0.00337	0.01427	0.00611	0.00554
75	0.01524	0.01454	0.02437	0.22896	0.46517	0.01546	0.04318	0.02047	0.06858	0.02070	0.01335	0.01732	0.01072	0.00628	0.00659	0.00205	0.00799	0.00605	0.00344	0.00954
76	0.20399	0.01622	0.11050	0.01518	0.08884	0.01419	0.01225	0.08462	0.13518	0.14364	0.01649	0.01676	0.01200	0.00694	0.00579	0.00194	0.00625	0.00538	0.00514	0.09871
77	0.04615	0.01625	0.02088	0.06192	0.21119	0.06278	0.01490	0.18512	0.01804	0.09614	0.01339	0.01594	0.01045	0.00804	0.01004	0.00219	0.18688	0.00575	0.00448	0.00946
78	0.01533	0.07323	0.02042	0.01614	0.01713	0.03997	0.01348	0.03853	0.06081	0.01768	0.01060	0.01510	0.00975	0.01053	0.01782	0.00262	0.58014	0.00568	0.02742	0.00762
79	0.00957	0.00638	0.00718	0.00718	0.00718	0.00638	0.00399	0.00957	0.00957	0.01276	0.02074	0.04308	0.02393	0.76864	0.03351	0.00638	0.00638	0.00957	0.00399	0.00399
80	0.01894	0.48836	0.07114	0.01520	0.07970	0.13575	0.01293	0.02188	0.03116	0.05530	0.01107	0.01243	0.00931	0.00608	0.00500	0.00159	0.00790	0.00417	0.00332	0.00876
81	0.01443	0.12000	0.42674	0.03975	0.18284	0.01651	0.04594	0.02027	0.01416	0.02021	0.01234	0.01601	0.00976	0.00642	0.00621	0.00201	0.00889	0.02498	0.00301	0.00953
82	0.00955	0.00646	0.00756	0.00756	0.00769	0.00659	0.00446	0.00982	0.00969	0.01305	0.02039	0.04115	0.02310	0.68807	0.11293	0.00685	0.00764	0.00929	0.00394	0.00420
83	0.01783	0.74795	0.03397	0.01145	0.01701	0.04986	0.01131	0.01993	0.01355	0.01551	0.00919	0.01060	0.00845	0.00567	0.00428	0.00142	0.00720	0.00354	0.00284	0.00842
84	0.00942	0.00698	0.01021	0.01021	0.01126	0.00803	0.00777	0.01152	0.01047	0.01501	0.01797	0.02773	0.01727	0.12733	0.66571	0.01013	0.01641	0.00733	0.00358	0.00567
85	0.00805	0.00668	0.00704	0.00695	0.00906	0.00567	0.00521	0.00997	0.01564	0.01928	0.18107	0.06089	0.60959	0.01611	0.00778	0.00220	0.00329	0.01355	0.00631	0.00567
86	0.00784	0.00664	0.00677	0.00680	0.00895	0.00557	0.00508	0.00954	0.01505	0.01805	0.08846	0.08508	0.68040	0.01669	0.00780	0.00223	0.00334	0.01398	0.00615	0.00557
87	0.31818	0.00865	0.00748	0.00710	0.00960	0.00943	0.00557	0.01687	0.01281	0.02645	0.01679	0.01927	0.01316	0.00708	0.00440	0.00173	0.00384	0.00516	0.49995	0.00651
88	0.01061	0.00758	0.01061	0.01212	0.01364	0.00758	0.01061	0.01364	0.01515	0.01970	0.03486	0.07426	0.03789	0.01819	0.00909	0.00303	0.00606	0.68326	0.00606	0.00606
89	0.01760	0.77260	0.03450	0.01126	0.01690	0.02605	0.01126	0.01971	0.01338	0.01549	0.00915	0.01056	0.00845	0.00563	0.00422	0.00141	0.00704	0.00352	0.00282	0.00845
90	0.01576	0.15035	0.50688	0.01728	0.02533	0.13580	0.02036	0.02156	0.01459	0.01923	0.01113	0.01304	0.00838	0.00624	0.00588	0.00191	0.00965	0.00455	0.00289	0.00918
91	0.02225	0.01720	0.01767	0.01459	0.01893	0.08358	0.01205	0.48127	0.02624	0.05867	0.01946	0.02740	0.01648	0.00987	0.00703	0.00216	0.00737	0.14169	0.00624	0.00984
92	0.02459	0.03138	0.01866	0.01696	0.02035	0.74221	0.01272	0.02629	0.01866	0.01611	0.01018	0.01187	0.00848	0.00678	0.00594	0.00170	0.01187	0.00424	0.00339	0.00763
93	0.00939	0.00727	0.00995	0.03252	0.07258	0.00700	0.00784	0.01129	0.01380	0.01835	0.11403	0.35016	0.13577	0.08114	0.02801	0.00301	0.00493	0.08136	0.00566	0.00594
94	0.04259	0.01455	0.02267	0.43962	0.16010	0.05464	0.09327	0.05818	0.01500	0.01994	0.01207	0.01671	0.00927	0.00641	0.00658	0.00211	0.00882	0.00590	0.00330	0.00827
95	0.02328	0.17125	0.02168	0.01584	0.01970	0.58927	0.01244	0.04151	0.01796	0.01661	0.01012	0.01172	0.00854	0.00659	0.00563	0.00165	0.01085	0.00414	0.00336	0.00787
96	0.00800	0.00580	0.00756	0.00897	0.00950	0.00536	0.00603	0.00919	0.01279	0.01688	0.03863	0.71026	0.09611	0.02032	0.00835	0.00264	0.00378	0.01834	0.00611	0.00536
97	0.01515	0.03687	0.10634	0.15841	0.37039	0.03646	0.11346	0.01959	0.01460	0.02008	0.01301	0.04203	0.01088	0.00652	0.00666	0.00205	0.00861	0.00635	0.00325	0.00928
98	0.01354	0.01289	0.02151	0.51895	0.21279	0.01531	0.01846	0.01759	0.01338	0.01791	0.01163	0.01700	0.00918	0.00678	0.00772	0.00219	0.06624	0.00585	0.00300	0.00808
99	0.00829	0.00636	0.00763	0.00833	0.00966	0.00571	0.00606	0.01001	0.01444	0.01850	0.12507	0.35078	0.31388	0.01806	0.00814	0.00246	0.00373	0.07106	0.00623	0.00559
100	0.07722	0.01605	0.04789	0.05336	0.33532	0.01538	0.27139	0.02011	0.01475	0.02197	0.01295	0.01683	0.01026	0.00590	0.00668	0.00205	0.00864	0.00638	0.04762	0.00925
101	0.01391	0.01219	0.01542	0.01266	0.07110	0.00954	0.02970	0.01699	0.01381	0.02145	0.01180	0.01398	0.00981	0.00497	0.00509	0.00109	0.00529	0.00417	0.00383	0.72320
102	0.01679	0.04309	0.12801	0.08507	0.36110	0.05632	0.05532	0.08848	0.03816	0.02270	0.01284	0.01582	0.01016	0.00627	0.00641	0.00196	0.00832	0.00565	0.00362	0.03390
103	0.36910	0.20387	0.03695	0.01257	0.05461	0.12877	0.01011	0.02006	0.01374	0.02309	0.06473	0.01420	0.01212	0.00665	0.00487	0.00183	0.00673	0.00446	0.00382	0.00771
104	0.02403	0.06079	0.02018	0.01488	0.01999	0.07599	0.01227	0.57718	0.04920	0.03715	0.01523	0.01542	0.01106	0.00764	0.00636	0.00190	0.00747	0.00566	0.00606	0.03152
105	0.01626	0.01596	0.02511	0.11317	0.59294	0.05544	0.01918	0.02006	0.01496	0.02071	0.01217	0.01609	0.01012	0.00596	0.00644	0.00193	0.00805	0.00571	0.00325	0.03650

[dist]
# distance from previous block
# <min> <max>
0	5

[block]
# block no. 1 follows, 33 sequences, length 11
# corresponding to MSA columns:
# 118-128
name=unknown_B
#
# <colnr> <probs for GDERKNQSTAVLIFYWHMCP>
#	G	D	E	R	K	N	Q	S	T	A	V	L	I	F	Y	W	H	M	C	P
0	0.11396	0.01184	0.01511	0.01181	0.01654	0.01122	0.00976	0.05829	0.01807	0.58986	0.02283	0.02044	0.01469	0.00809	0.00711	0.00208	0.04416	0.00621	0.00737	0.01056
1	0.01598	0.01721	0.06268	0.07809	0.33712	0.05570	0.20000	0.03993	0.03617	0.02162	0.03932	0.01950	0.01296	0.00668	0.00694	0.00208	0.00876	0.02624	0.00366	0.00936
2	0.00850	0.00654	0.00778	0.00780	0.00942	0.00581	0.00572	0.01072	0.01621	0.02144	0.35292	0.17404	0.31753	0.01591	0.00788	0.00223	0.00331	0.01382	0.00662	0.00581
3	0.01380	0.01261	0.06081	0.07568	0.01682	0.04545	0.01075	0.09774	0.01432	0.02047	0.01631	0.02395	0.01464	0.10926	0.16403	0.00439	0.12429	0.02516	0.14254	0.00700
4	0.00962	0.00751	0.01092	0.01222	0.04463	0.00730	0.04264	0.01230	0.04893	0.01825	0.03333	0.54319	0.03824	0.01821	0.00831	0.00265	0.00480	0.12494	0.00586	0.00613
5	0.00957	0.00638	0.00718	0.00718	0.00718	0.00638	0.00399	0.00957	0.00957	0.01276	0.02074	0.04308	0.02393	0.76864	0.03351	0.00638	0.00638	0.00957	0.00399	0.00399
6	0.81514	0.01273	0.00968	0.00866	0.01273	0.01477	0.00713	0.01935	0.01120	0.02954	0.00917	0.01069	0.00713	0.00611	0.00407	0.00204	0.00509	0.00356	0.00407	0.00713
7	0.01600	0.18768	0.23264	0.01807	0.07605	0.06018	0.01688	0.05349	0.01382	0.01896	0.01042	0.01349	0.00877	0.00780	0.01050	0.00214	0.23640	0.00494	0.00308	0.00869
8	0.01144	0.00572	0.00858	0.00858	0.00858	0.00572	0.00572	0.00858	0.00858	0.01144	0.01144	0.02001	0.01144	0.02287	0.02573	0.80846	0.00572	0.00572	0.00286	0.00286
9	0.02459	0.03138	0.01866	0.01696	0.02035	0.74221	0.01272	0.02629	0.01866	0.01611	0.01018	0.01187	0.00848	0.00678	0.00594	0.00170	0.01187	0.00424	0.00339	0.00763
10	0.04729	0.01303	0.01457	0.01402	0.05158	0.01474	0.01033	0.02962	0.50518	0.06133	0.02687	0.08915	0.04496	0.01002	0.00733	0.00226	0.03353	0.00832	0.00628	0.00960

[dist]
# distance from previous block
# <min> <max>
0	1

[block]
# block no. 2 follows, 33 sequences, length 38
# corresponding to MSA columns:
# 130-167
name=unknown_C
#
# <colnr> <probs for GDERKNQSTAVLIFYWHMCP>
#	G	D	E	R	K	N	Q	S	T	A	V	L	I	F	Y	W	H	M	C	P
0	0.06319	0.44199	0.05926	0.01309	0.01813	0.19666	0.01195	0.03987	0.06813	0.01823	0.01102	0.01223	0.00933	0.00627	0.00497	0.00162	0.00809	0.00411	0.00341	0.00846
1	0.54181	0.01620	0.01354	0.01305	0.06887	0.11183	0.00960	0.11442	0.01518	0.02879	0.01045	0.01197	0.00812	0.00643	0.00485	0.00198	0.00649	0.00415	0.00427	0.00800
2	0.06857	0.01466	0.02262	0.05009	0.50272	0.01510	0.01694	0.02266	0.11749	0.06134	0.03365	0.01836	0.01326	0.00667	0.00643	0.00201	0.00704	0.00615	0.00418	0.01007
3	0.00949	0.00658	0.00813	0.00801	0.00856	0.00666	0.00521	0.01058	0.01176	0.01622	0.17629	0.04146	0.03112	0.47696	0.15013	0.00615	0.00760	0.00966	0.00463	0.00481
4	0.06892	0.14694	0.02699	0.17146	0.11863	0.15293	0.18394	0.02073	0.01492	0.01894	0.01130	0.01475	0.00907	0.00608	0.00618	0.00193	0.00927	0.00548	0.00321	0.00834
5	0.01664	0.17361	0.06143	0.09746	0.25376	0.01761	0.01531	0.02421	0.19845	0.05379	0.01601	0.01755	0.01254	0.00682	0.00608	0.00195	0.00707	0.00577	0.00423	0.00969
6	0.00786	0.00667	0.00678	0.00676	0.00894	0.00559	0.00507	0.00961	0.01520	0.01825	0.10223	0.06259	0.68907	0.01650	0.00778	0.00221	0.00332	0.01379	0.00617	0.00559
7	0.00882	0.00671	0.00811	0.00776	0.00953	0.00600	0.00582	0.01146	0.01746	0.02361	0.51105	0.05377	0.27690	0.01450	0.00777	0.00212	0.00318	0.01255	0.00688	0.00600
8	0.01601	0.50495	0.28819	0.01398	0.02110	0.02215	0.01600	0.02012	0.01357	0.01743	0.01012	0.01177	0.00841	0.00586	0.00496	0.00165	0.00801	0.00401	0.00280	0.00891
9	0.01760	0.77260	0.03450	0.01126	0.01690	0.02605	0.01126	0.01971	0.01338	0.01549	0.00915	0.01056	0.00845	0.00563	0.00422	0.00141	0.00704	0.00352	0.00282	0.00845
10	0.01365	0.01170	0.01365	0.00975	0.01560	0.00878	0.00780	0.01658	0.01365	0.02145	0.01170	0.01365	0.00975	0.00488	0.00488	0.00098	0.00488	0.00390	0.00390	0.80888
11	0.00986	0.00676	0.01014	0.01014	0.01105	0.00767	0.00767	0.01105	0.01014	0.01443	0.01626	0.02456	0.01534	0.04349	0.58348	0.18764	0.01499	0.00676	0.00338	0.00521
12	0.00962	0.00698	0.01024	0.01024	0.01145	0.00807	0.00795	0.01203	0.01082	0.01598	0.01792	0.02576	0.01649	0.04622	0.68673	0.00990	0.01653	0.00698	0.06417	0.00590
13	0.81514	0.01273	0.00968	0.00866	0.01273	0.01477	0.00713	0.01935	0.01120	0.02954	0.00917	0.01069	0.00713	0.00611	0.00407	0.00204	0.00509	0.00356	0.00407	0.00713
14	0.63816	0.18136	0.01518	0.00924	0.01366	0.01727	0.00805	0.01943	0.01169	0.02642	0.00916	0.01066	0.00742	0.00600	0.00411	0.00190	0.00552	0.00355	0.00379	0.00742
15	0.01347	0.13795	0.03233	0.01287	0.07857	0.12887	0.00944	0.01625	0.03592	0.01910	0.13743	0.03778	0.29275	0.01135	0.00672	0.00195	0.00589	0.00922	0.00498	0.00714
16	0.01693	0.49158	0.17713	0.01490	0.02141	0.04160	0.08997	0.04535	0.01450	0.01817	0.01042	0.01226	0.00870	0.00586	0.00516	0.00166	0.00817	0.00437	0.00302	0.00884
17	0.61363	0.20472	0.01595	0.00932	0.01378	0.01762	0.00817	0.01944	0.01175	0.02599	0.00916	0.01066	0.00746	0.00599	0.00411	0.00188	0.00558	0.00355	0.00376	0.00746
18	0.00957	0.00638	0.00718	0.00718	0.00718	0.00638	0.00399	0.00957	0.00957	0.01276	0.02074	0.04308	0.02393	0.76864	0.03351	0.00638	0.00638	0.00957	0.00399	0.00399
19	0.01451	0.07446	0.64816	0.01788	0.02708	0.01554	0.02263	0.02151	0.01419	0.06669	0.01258	0.01426	0.00886	0.00634	0.00616	0.00204	0.00931	0.00490	0.00313	0.00975
20	0.01027	0.00812	0.01165	0.01131	0.01256	0.00974	0.00888	0.01360	0.05629	0.01612	0.01749	0.02484	0.01605	0.04364	0.63550	0.00941	0.07761	0.00697	0.00368	0.00628
21	0.02459	0.03138	0.01866	0.01696	0.02035	0.74221	0.01272	0.02629	0.01866	0.01611	0.01018	0.01187	0.00848	0.00678	0.00594	0.00170	0.01187	0.00424	0.00339	0.00763
22	0.00945	0.00649	0.00761	0.00761	0.00790	0.00659	0.00462	0.00986	0.01002	0.01339	0.02293	0.04191	0.06268	0.62883	0.12782	0.00671	0.00773	0.00948	0.00405	0.00433
23	0.01603	0.01820	0.08097	0.06455	0.42159	0.09355	0.10643	0.02006	0.01529	0.02032	0.01630	0.01943	0.06397	0.00681	0.00669	0.00200	0.00853	0.00646	0.00345	0.00936
24	0.01554	0.01776	0.03885	0.02775	0.03441	0.01665	0.70366	0.02109	0.01554	0.02109	0.01332	0.01776	0.00999	0.00555	0.00777	0.00222	0.01110	0.00777	0.00333	0.00888
25	0.00856	0.00665	0.00780	0.00774	0.00950	0.00589	0.00579	0.01087	0.01643	0.02157	0.35330	0.11047	0.35997	0.01560	0.00786	0.00221	0.00335	0.03396	0.00661	0.00585
26	0.01791	0.01576	0.07250	0.01509	0.01970	0.01538	0.10625	0.17734	0.27794	0.06101	0.02020	0.02062	0.01500	0.00835	0.00721	0.03036	0.00660	0.00671	0.09646	0.00961
27	0.01045	0.00870	0.01145	0.01123	0.01247	0.04845	0.00875	0.01273	0.01099	0.01535	0.01682	0.02458	0.01567	0.04534	0.66979	0.00975	0.05109	0.00684	0.00349	0.00603
28	0.00957	0.00638	0.00718	0.00718	0.00718	0.00638	0.00399	0.00957	0.00957	0.01276	0.02074	0.04308	0.02393	0.76864	0.03351	0.00638	0.00638	0.00957	0.00399	0.00399
29	0.02446	0.01816	0.01944	0.01503	0.02020	0.02015	0.01238	0.66211	0.07538	0.04058	0.01652	0.01637	0.01177	0.00797	0.00659	0.00199	0.00711	0.00603	0.00659	0.01115
30	0.01499	0.06413	0.51309	0.02206	0.14989	0.08229	0.02195	0.02118	0.01450	0.02029	0.01164	0.01398	0.00872	0.00621	0.00618	0.00200	0.00947	0.00492	0.00292	0.00960
31	0.01547	0.02240	0.20431	0.02501	0.03223	0.05555	0.50367	0.02131	0.01531	0.02076	0.01279	0.01652	0.00951	0.00578	0.00731	0.00216	0.01081	0.00688	0.00320	0.00902
32	0.00957	0.00638	0.00718	0.00718	0.00718	0.00638	0.00399	0.00957	0.00957	0.01276	0.02074	0.04308	0.02393	0.76864	0.03351	0.00638	0.00638	0.00957	0.00399	0.00399
33	0.00801	0.00577	0.00759	0.00905	0.00952	0.00536	0.00606	0.00918	0.01271	0.01685	0.03767	0.73249	0.07450	0.02045	0.00837	0.00265	0.00380	0.01850	0.00611	0.00536
34	0.01548	0.02205	0.28192	0.04507	0.32554	0.03332	0.03557	0.05145	0.01533	0.04036	0.01419	0.06405	0.01191	0.00715	0.00657	0.00206	0.00837	0.00636	0.00355	0.00972
35	0.01649	0.01602	0.02665	0.15813	0.31243	0.06314	0.19025	0.03490	0.01548	0.05417	0.01391	0.04312	0.01135	0.00664	0.00688	0.00208	0.00882	0.00672	0.00363	0.00918
36	0.01328	0.03352	0.71174	0.01906	0.02869	0.01533	0.04657	0.02086	0.01395	0.02086	0.01186	0.01403	0.00839	0.00623	0.00630	0.00209	0.00977	0.00496	0.00280	0.00970
37	0.00860	0.00625	0.00799	0.00919	0.00988	0.00589	0.00625	0.03363	0.01343	0.01775	0.03787	0.68505	0.09395	0.01988	0.00829	0.00262	0.00390	0.01790	0.00613	0.00557

[dist]
# distance from previous block
# <min> <max>
0	4

# created by:
# /home/berkeley/.conda/envs/busco_data_prod/bin/msa2prfl.pl pipeline/OGs_align_augustus/4893/15141.fs
