[name]
unknown

[dist]
# distance from previous block
# <min> <max>
0	0

[block]
# block no. 0 follows, 34 sequences, length 79
# corresponding to MSA columns:
# 0-78
name=unknown_A
#
# <colnr> <probs for GDERKNQSTAVLIFYWHMCP>
#	G	D	E	R	K	N	Q	S	T	A	V	L	I	F	Y	W	H	M	C	P
0	0.01041	0.00744	0.01041	0.01190	0.01339	0.00744	0.01041	0.01339	0.01487	0.01934	0.03421	0.07288	0.03719	0.01785	0.00892	0.00297	0.00595	0.68913	0.00595	0.00595
1	0.02478	0.01775	0.01918	0.01470	0.01986	0.01952	0.01214	0.67770	0.02980	0.07492	0.01600	0.01583	0.01123	0.00777	0.00647	0.00194	0.00703	0.00585	0.00654	0.01099
2	0.00787	0.00562	0.00750	0.00900	0.00937	0.00525	0.00600	0.00900	0.01237	0.01649	0.03561	0.76871	0.04274	0.02024	0.00825	0.00262	0.00375	0.01837	0.00600	0.00525
3	0.01122	0.00561	0.00842	0.00842	0.00842	0.00561	0.00561	0.00842	0.00842	0.01122	0.01122	0.01964	0.01122	0.02245	0.02525	0.81201	0.00561	0.00561	0.00281	0.00281
4	0.00914	0.00660	0.00864	0.00813	0.00965	0.00610	0.00610	0.01219	0.01829	0.02591	0.72921	0.04827	0.06097	0.01321	0.00762	0.00203	0.00305	0.01169	0.00711	0.00610
5	0.01727	0.77681	0.03386	0.01106	0.01658	0.02557	0.01106	0.01935	0.01313	0.01520	0.00898	0.01036	0.00829	0.00553	0.00415	0.00138	0.00691	0.00345	0.00276	0.00829
6	0.01599	0.01535	0.02623	0.03966	0.73262	0.01535	0.01983	0.01983	0.01471	0.02111	0.01215	0.01599	0.01023	0.00576	0.00640	0.00192	0.00768	0.00576	0.00320	0.01023
7	0.00987	0.00786	0.01160	0.01124	0.01224	0.00959	0.00886	0.01206	0.01032	0.01507	0.01616	0.02393	0.01516	0.04365	0.65322	0.00940	0.11369	0.00676	0.00338	0.00594
8	0.01220	0.01148	0.01938	0.75739	0.04450	0.01436	0.01794	0.01651	0.01292	0.01651	0.01148	0.01723	0.00861	0.00646	0.00646	0.00215	0.00861	0.00574	0.00287	0.00718
9	0.01340	0.01148	0.01340	0.00957	0.01531	0.00861	0.00766	0.01627	0.01340	0.02105	0.01148	0.01340	0.00957	0.00479	0.00479	0.00096	0.00479	0.00383	0.00383	0.81242
10	0.01543	0.01478	0.02521	0.14610	0.63057	0.01520	0.01955	0.01934	0.01445	0.02043	0.01205	0.01617	0.00999	0.00586	0.00641	0.00195	0.00782	0.00575	0.00315	0.00978
11	0.02126	0.01720	0.01782	0.01506	0.03924	0.05815	0.01177	0.41182	0.27633	0.03390	0.01897	0.01839	0.01395	0.00800	0.00647	0.00201	0.00666	0.00626	0.00624	0.01050
12	0.00786	0.00565	0.00747	0.00892	0.00935	0.00525	0.00596	0.00901	0.01245	0.01653	0.03658	0.74580	0.06501	0.02012	0.00823	0.00261	0.00373	0.01822	0.00600	0.00525
13	0.01849	0.12417	0.09977	0.02272	0.18121	0.17212	0.13698	0.10533	0.03970	0.02161	0.01223	0.01452	0.00968	0.00624	0.00617	0.00186	0.00902	0.00539	0.00363	0.00915
14	0.06645	0.03762	0.04544	0.01477	0.04182	0.01680	0.03580	0.25957	0.27341	0.11059	0.01960	0.01890	0.01420	0.00777	0.00632	0.00204	0.00633	0.00625	0.00607	0.01025
15	0.00787	0.00562	0.00750	0.00900	0.00937	0.00525	0.00600	0.00900	0.01237	0.01649	0.03561	0.76871	0.04274	0.02024	0.00825	0.00262	0.00375	0.01837	0.00600	0.00525
16	0.02426	0.01958	0.01911	0.01504	0.01993	0.11173	0.01225	0.60450	0.04929	0.03717	0.01513	0.01528	0.01091	0.00765	0.00639	0.00191	0.00762	0.00565	0.00607	0.01052
17	0.01355	0.01325	0.01855	0.01607	0.01617	0.01832	0.01328	0.01500	0.00992	0.01541	0.00964	0.01602	0.00964	0.03862	0.08607	0.00361	0.67123	0.00589	0.00292	0.00685
18	0.02263	0.02337	0.01790	0.01538	0.01935	0.37001	0.01196	0.24263	0.16513	0.02591	0.01504	0.01540	0.01148	0.00743	0.00618	0.00186	0.00890	0.00532	0.00497	0.00915
19	0.04230	0.27847	0.21969	0.01427	0.04459	0.01756	0.01434	0.07399	0.01559	0.15600	0.01357	0.01422	0.01003	0.00631	0.00542	0.00173	0.00723	0.00467	0.00414	0.05588
20	0.07274	0.21462	0.14806	0.11165	0.02208	0.01771	0.01379	0.13024	0.01598	0.05716	0.01495	0.01659	0.05082	0.00724	0.00658	0.00189	0.05488	0.00526	0.00394	0.03381
21	0.00787	0.00562	0.00750	0.00900	0.00937	0.00525	0.00600	0.00900	0.01237	0.01649	0.03561	0.76871	0.04274	0.02024	0.00825	0.00262	0.00375	0.01837	0.00600	0.00525
22	0.01607	0.01388	0.01461	0.01315	0.01680	0.01607	0.01023	0.03433	0.72094	0.02703	0.02630	0.02411	0.01972	0.00877	0.00657	0.00219	0.00511	0.00731	0.00657	0.01023
23	0.01842	0.08177	0.13533	0.04668	0.10700	0.16587	0.01537	0.12058	0.04356	0.04375	0.01210	0.01442	0.00963	0.00752	0.00885	0.00204	0.14932	0.00517	0.00378	0.00884
24	0.01022	0.00884	0.01519	0.01302	0.01494	0.00837	0.18285	0.01228	0.01274	0.01718	0.07523	0.33732	0.03067	0.21353	0.01451	0.00342	0.00616	0.01283	0.00484	0.00583
25	0.00787	0.00562	0.00750	0.00900	0.00937	0.00525	0.00600	0.00900	0.01237	0.01649	0.03561	0.76871	0.04274	0.02024	0.00825	0.00262	0.00375	0.01837	0.00600	0.00525
26	0.01531	0.06146	0.10634	0.02468	0.21821	0.03847	0.21228	0.04670	0.08035	0.02106	0.01465	0.03917	0.01206	0.01003	0.06789	0.00271	0.00930	0.00660	0.00368	0.00904
27	0.02510	0.01724	0.01886	0.01446	0.01961	0.01877	0.01195	0.62917	0.02895	0.12464	0.01672	0.01629	0.01159	0.00779	0.00647	0.00195	0.00692	0.00590	0.00665	0.01099
28	0.00786	0.00566	0.00746	0.00891	0.00935	0.00526	0.00596	0.00901	0.01245	0.01653	0.03665	0.74418	0.06659	0.02011	0.00823	0.00261	0.00373	0.01820	0.00600	0.00526
29	0.02457	0.01461	0.01754	0.01370	0.01860	0.01514	0.03507	0.31069	0.13859	0.30961	0.02109	0.01952	0.01434	0.00794	0.00654	0.00201	0.00628	0.00639	0.00697	0.01079
30	0.06511	0.12108	0.06429	0.05463	0.08127	0.01614	0.07491	0.08366	0.01521	0.02175	0.10815	0.02372	0.01831	0.00908	0.00930	0.00218	0.15361	0.06549	0.00415	0.00796
31	0.01675	0.01918	0.12482	0.04038	0.02896	0.04353	0.41242	0.10400	0.01676	0.05763	0.01367	0.01692	0.01016	0.00781	0.03577	0.00243	0.02931	0.00672	0.00380	0.00897
32	0.01658	0.01149	0.01397	0.01024	0.01561	0.00922	0.00828	0.01932	0.01429	0.16551	0.01420	0.01516	0.01083	0.00568	0.00576	0.00124	0.03386	0.00444	0.00463	0.61970
33	0.01406	0.01446	0.05840	0.41558	0.25418	0.01504	0.07577	0.04040	0.01426	0.01925	0.01196	0.01663	0.00927	0.00619	0.00652	0.00207	0.00851	0.00586	0.00311	0.00849
34	0.01727	0.77681	0.03386	0.01106	0.01658	0.02557	0.01106	0.01935	0.01313	0.01520	0.00898	0.01036	0.00829	0.00553	0.00415	0.00138	0.00691	0.00345	0.00276	0.00829
35	0.00787	0.00562	0.00750	0.00900	0.00937	0.00525	0.00600	0.00900	0.01237	0.01649	0.03561	0.76871	0.04274	0.02024	0.00825	0.00262	0.00375	0.01837	0.00600	0.00525
36	0.01340	0.01148	0.01340	0.00957	0.01531	0.00861	0.00766	0.01627	0.01340	0.02105	0.01148	0.01340	0.00957	0.00479	0.00479	0.00096	0.00479	0.00383	0.00383	0.81242
37	0.01414	0.01414	0.01979	0.01696	0.01696	0.01979	0.01414	0.01555	0.00990	0.01555	0.00848	0.01414	0.00848	0.01131	0.02120	0.00283	0.76110	0.00565	0.00283	0.00707
38	0.00792	0.00578	0.00746	0.00867	0.00932	0.00532	0.00588	0.00921	0.01298	0.01715	0.07905	0.64806	0.12063	0.01940	0.00814	0.00254	0.00365	0.01745	0.00606	0.00532
39	0.00787	0.00562	0.00750	0.00900	0.00937	0.00525	0.00600	0.00900	0.01237	0.01649	0.03561	0.76871	0.04274	0.02024	0.00825	0.00262	0.00375	0.01837	0.00600	0.00525
40	0.00844	0.00593	0.00742	0.00839	0.00875	0.00566	0.00545	0.00929	0.01160	0.01537	0.03183	0.48546	0.06231	0.25968	0.01609	0.00378	0.00461	0.03974	0.00533	0.00486
41	0.00923	0.00692	0.01038	0.01038	0.01154	0.00808	0.00808	0.01154	0.01038	0.01500	0.01731	0.02538	0.01615	0.04846	0.74732	0.01038	0.01731	0.00692	0.00346	0.00577
42	0.81856	0.01250	0.00950	0.00850	0.01250	0.01449	0.00700	0.01899	0.01100	0.02899	0.00900	0.01050	0.00700	0.00600	0.00400	0.00200	0.00500	0.00350	0.00400	0.00700
43	0.01353	0.01160	0.01346	0.00975	0.01539	0.00898	0.00778	0.01716	0.04815	0.02135	0.01221	0.01392	0.01007	0.00498	0.00487	0.00102	0.00480	0.00400	0.00396	0.77303
44	0.02374	0.07393	0.01921	0.01632	0.01978	0.70527	0.01240	0.02543	0.01801	0.01578	0.00993	0.01158	0.00832	0.00659	0.00573	0.00165	0.01138	0.00412	0.00330	0.00754
45	0.81856	0.01250	0.00950	0.00850	0.01250	0.01449	0.00700	0.01899	0.01100	0.02899	0.00900	0.01050	0.00700	0.00600	0.00400	0.00200	0.00500	0.00350	0.00400	0.00700
46	0.06352	0.01488	0.01675	0.01313	0.01792	0.01572	0.01077	0.38569	0.08806	0.24662	0.04645	0.01924	0.01499	0.00804	0.00641	0.00199	0.00619	0.00627	0.00684	0.01054
47	0.81856	0.01250	0.00950	0.00850	0.01250	0.01449	0.00700	0.01899	0.01100	0.02899	0.00900	0.01050	0.00700	0.00600	0.00400	0.00200	0.00500	0.00350	0.00400	0.00700
48	0.01585	0.01521	0.02598	0.06577	0.70758	0.01532	0.01976	0.01971	0.01465	0.02094	0.01213	0.01604	0.01018	0.00578	0.00640	0.00193	0.00771	0.00576	0.00319	0.01012
49	0.01599	0.01535	0.02623	0.03966	0.73262	0.01535	0.01983	0.01983	0.01471	0.02111	0.01215	0.01599	0.01023	0.00576	0.00640	0.00192	0.00768	0.00576	0.00320	0.01023
50	0.01607	0.01388	0.01461	0.01315	0.01680	0.01607	0.01023	0.03433	0.72094	0.02703	0.02630	0.02411	0.01972	0.00877	0.00657	0.00219	0.00511	0.00731	0.00657	0.01023
51	0.01220	0.01148	0.01938	0.75739	0.04450	0.01436	0.01794	0.01651	0.01292	0.01651	0.01148	0.01723	0.00861	0.00646	0.00646	0.00215	0.00861	0.00574	0.00287	0.00718
52	0.01204	0.00602	0.00602	0.00602	0.00753	0.00602	0.00452	0.01506	0.01355	0.02409	0.02108	0.02409	0.01656	0.00753	0.00452	0.00151	0.00301	0.00602	0.80879	0.00602
53	0.01041	0.00744	0.01041	0.01190	0.01339	0.00744	0.01041	0.01339	0.01487	0.01934	0.03421	0.07288	0.03719	0.01785	0.00892	0.00297	0.00595	0.68913	0.00595	0.00595
54	0.07570	0.01389	0.01611	0.01254	0.01738	0.01417	0.01032	0.30613	0.04470	0.36294	0.02028	0.01878	0.01353	0.00778	0.00626	0.00196	0.00602	0.00604	0.03491	0.01055
55	0.00787	0.00562	0.00750	0.00900	0.00937	0.00525	0.00600	0.00900	0.01237	0.01649	0.03561	0.76871	0.04274	0.02024	0.00825	0.00262	0.00375	0.01837	0.00600	0.00525
56	0.00787	0.00562	0.00750	0.00900	0.00937	0.00525	0.00600	0.00900	0.01237	0.01649	0.03561	0.76871	0.04274	0.02024	0.00825	0.00262	0.00375	0.01837	0.00600	0.00525
57	0.01764	0.02436	0.38157	0.01874	0.02631	0.03404	0.17508	0.04218	0.01566	0.17905	0.01506	0.01634	0.01036	0.00645	0.00655	0.00205	0.00895	0.00581	0.00413	0.00966
58	0.10846	0.01875	0.09748	0.01437	0.01989	0.01824	0.01282	0.51902	0.02573	0.08014	0.01500	0.01517	0.01056	0.00740	0.00617	0.00196	0.00705	0.00550	0.00588	0.01040
59	0.00766	0.00646	0.00663	0.00676	0.00878	0.00544	0.00501	0.00925	0.01452	0.01737	0.06282	0.12461	0.66927	0.01671	0.00769	0.00222	0.00331	0.01405	0.00600	0.00544
60	0.00940	0.00626	0.00705	0.00705	0.00705	0.00626	0.00392	0.00940	0.00940	0.01253	0.02036	0.04228	0.02349	0.77292	0.03289	0.00626	0.00626	0.00940	0.00392	0.00392
61	0.81856	0.01250	0.00950	0.00850	0.01250	0.01449	0.00700	0.01899	0.01100	0.02899	0.00900	0.01050	0.00700	0.00600	0.00400	0.00200	0.00500	0.00350	0.00400	0.00700
62	0.04937	0.01659	0.04126	0.01632	0.04388	0.01659	0.10986	0.38456	0.04064	0.11094	0.01568	0.01628	0.01120	0.00701	0.00636	0.00189	0.00719	0.00587	0.00562	0.09290
63	0.73640	0.01388	0.01115	0.00974	0.01379	0.06240	0.03382	0.01950	0.01163	0.02782	0.00922	0.01083	0.00719	0.00602	0.00425	0.00198	0.00565	0.00370	0.00393	0.00709
64	0.00905	0.00660	0.00851	0.00803	0.00959	0.00606	0.00602	0.01201	0.01807	0.02538	0.68740	0.04914	0.10311	0.01341	0.00762	0.00204	0.00306	0.01181	0.00704	0.00606
65	0.00925	0.00683	0.00992	0.00992	0.01091	0.00782	0.00750	0.01124	0.01025	0.01466	0.01773	0.02773	0.01717	0.14921	0.64796	0.00981	0.01577	0.00727	0.00352	0.00551
66	0.01408	0.01340	0.02277	0.40174	0.38548	0.01485	0.01888	0.01815	0.01381	0.01879	0.01182	0.01661	0.00942	0.00611	0.00643	0.00204	0.00815	0.00575	0.00303	0.00869
67	0.00842	0.00601	0.00812	0.00962	0.01023	0.00572	0.00695	0.00994	0.01291	0.01711	0.03531	0.61911	0.04154	0.01973	0.00839	0.00270	0.00422	0.16257	0.00599	0.00540
68	0.01599	0.01535	0.02623	0.03966	0.73262	0.01535	0.01983	0.01983	0.01471	0.02111	0.01215	0.01599	0.01023	0.00576	0.00640	0.00192	0.00768	0.00576	0.00320	0.01023
69	0.00764	0.00655	0.00655	0.00655	0.00873	0.00545	0.00491	0.00927	0.01473	0.01745	0.06546	0.06218	0.73000	0.01636	0.00764	0.00218	0.00327	0.01364	0.00600	0.00545
70	0.01727	0.77681	0.03386	0.01106	0.01658	0.02557	0.01106	0.01935	0.01313	0.01520	0.00898	0.01036	0.00829	0.00553	0.00415	0.00138	0.00691	0.00345	0.00276	0.00829
71	0.01009	0.00685	0.00873	0.00812	0.00993	0.00621	0.00614	0.01293	0.01783	0.06592	0.60127	0.04858	0.14631	0.01332	0.00756	0.00205	0.00322	0.01164	0.00702	0.00630
72	0.01220	0.01148	0.01938	0.75739	0.04450	0.01436	0.01794	0.01651	0.01292	0.01651	0.01148	0.01723	0.00861	0.00646	0.00646	0.00215	0.00861	0.00574	0.00287	0.00718
73	0.01536	0.01810	0.05801	0.05372	0.03288	0.04429	0.61081	0.02055	0.01504	0.02017	0.01269	0.01697	0.00961	0.00576	0.00794	0.00218	0.03686	0.00726	0.00322	0.00858
74	0.00940	0.00626	0.00705	0.00705	0.00705	0.00626	0.00392	0.00940	0.00940	0.01253	0.02036	0.04228	0.02349	0.77292	0.03289	0.00626	0.00626	0.00940	0.00392	0.00392
75	0.01060	0.00798	0.00981	0.00904	0.01098	0.00793	0.00687	0.03772	0.11596	0.02654	0.60895	0.04387	0.05365	0.01242	0.00744	0.00205	0.00346	0.01089	0.00702	0.00683
76	0.01574	0.01351	0.01437	0.01308	0.01660	0.01557	0.01024	0.03312	0.68012	0.02658	0.02676	0.02693	0.02073	0.00929	0.00671	0.00224	0.00516	0.04673	0.00654	0.00998
77	0.01645	0.01210	0.01539	0.01116	0.01681	0.00980	0.04874	0.05564	0.01517	0.13010	0.01390	0.01504	0.01063	0.00547	0.00530	0.00124	0.00537	0.00456	0.00456	0.60257
78	0.02456	0.01810	0.01939	0.01487	0.02004	0.02004	0.01228	0.71107	0.03038	0.04072	0.01551	0.01551	0.01099	0.00776	0.00646	0.00194	0.00711	0.00582	0.00646	0.01099

[dist]
# distance from previous block
# <min> <max>
0	1

[block]
# block no. 1 follows, 34 sequences, length 48
# corresponding to MSA columns:
# 80-127
name=unknown_B
#
# <colnr> <probs for GDERKNQSTAVLIFYWHMCP>
#	G	D	E	R	K	N	Q	S	T	A	V	L	I	F	Y	W	H	M	C	P
0	0.02371	0.03010	0.01835	0.04332	0.02086	0.72060	0.01268	0.02547	0.01812	0.01584	0.01004	0.01185	0.00833	0.00665	0.00585	0.00168	0.01154	0.00422	0.00331	0.00748
1	0.01293	0.01222	0.02069	0.62022	0.17602	0.01455	0.01830	0.01714	0.01326	0.01739	0.01161	0.01699	0.00892	0.00633	0.00645	0.00211	0.00843	0.00575	0.00293	0.00776
2	0.01599	0.01535	0.02623	0.03966	0.73262	0.01535	0.01983	0.01983	0.01471	0.02111	0.01215	0.01599	0.01023	0.00576	0.00640	0.00192	0.00768	0.00576	0.00320	0.01023
3	0.00787	0.00562	0.00750	0.00900	0.00937	0.00525	0.00600	0.00900	0.01237	0.01649	0.03561	0.76871	0.04274	0.02024	0.00825	0.00262	0.00375	0.01837	0.00600	0.00525
4	0.01381	0.17931	0.60098	0.01697	0.02573	0.01708	0.02136	0.02024	0.01354	0.01943	0.01108	0.01300	0.00821	0.00602	0.00575	0.00192	0.00903	0.00452	0.00274	0.00930
5	0.00787	0.00562	0.00750	0.00900	0.00937	0.00525	0.00600	0.00900	0.01237	0.01649	0.03561	0.76871	0.04274	0.02024	0.00825	0.00262	0.00375	0.01837	0.00600	0.00525
6	0.02414	0.03079	0.01831	0.01665	0.01998	0.74698	0.01248	0.02580	0.01831	0.01581	0.00999	0.01165	0.00832	0.00666	0.00583	0.00166	0.01165	0.00416	0.00333	0.00749
7	0.00914	0.00660	0.00864	0.00813	0.00965	0.00610	0.00610	0.01219	0.01829	0.02591	0.72921	0.04827	0.06097	0.01321	0.00762	0.00203	0.00305	0.01169	0.00711	0.00610
8	0.00902	0.00660	0.00847	0.00800	0.00958	0.00604	0.00600	0.01195	0.01800	0.02522	0.67499	0.04940	0.11561	0.01347	0.00762	0.00204	0.00307	0.01184	0.00702	0.00604
9	0.02454	0.01869	0.01934	0.01495	0.02003	0.05416	0.01229	0.67890	0.02981	0.03955	0.01525	0.01533	0.01086	0.00770	0.00643	0.00193	0.00732	0.00574	0.00632	0.01082
10	0.02456	0.01810	0.01939	0.01487	0.02004	0.02004	0.01228	0.71107	0.03038	0.04072	0.01551	0.01551	0.01099	0.00776	0.00646	0.00194	0.00711	0.00582	0.00646	0.01099
11	0.03854	0.01171	0.01471	0.01068	0.01629	0.00928	0.04087	0.01902	0.01424	0.13739	0.01376	0.01490	0.01055	0.00537	0.00517	0.00121	0.00519	0.00443	0.00448	0.62218
12	0.00975	0.00725	0.01048	0.01033	0.01155	0.00836	0.00797	0.03456	0.01099	0.01570	0.01743	0.02607	0.01642	0.09048	0.68003	0.00986	0.01631	0.00703	0.00359	0.00583
13	0.01414	0.01414	0.01979	0.01696	0.01696	0.01979	0.01414	0.01555	0.00990	0.01555	0.00848	0.01414	0.00848	0.01131	0.02120	0.00283	0.76110	0.00565	0.00283	0.00707
14	0.00784	0.00575	0.00736	0.00865	0.00928	0.00528	0.00585	0.00904	0.01270	0.01663	0.03979	0.66992	0.13883	0.01970	0.00816	0.00256	0.00368	0.01771	0.00600	0.00528
15	0.01296	0.03342	0.73944	0.01842	0.02797	0.01501	0.02387	0.02046	0.01364	0.02046	0.01160	0.01364	0.00818	0.00614	0.00614	0.00205	0.00955	0.00477	0.00273	0.00955
16	0.00774	0.00646	0.00674	0.00686	0.00884	0.00547	0.00507	0.00940	0.01470	0.01781	0.09769	0.12712	0.63082	0.01656	0.00769	0.00222	0.00331	0.01397	0.00606	0.00547
17	0.01607	0.01388	0.01461	0.01315	0.01680	0.01607	0.01023	0.03433	0.72094	0.02703	0.02630	0.02411	0.01972	0.00877	0.00657	0.00219	0.00511	0.00731	0.00657	0.01023
18	0.01340	0.01148	0.01340	0.00957	0.01531	0.00861	0.00766	0.01627	0.01340	0.02105	0.01148	0.01340	0.00957	0.00479	0.00479	0.00096	0.00479	0.00383	0.00383	0.81242
19	0.02456	0.01810	0.01939	0.01487	0.02004	0.02004	0.01228	0.71107	0.03038	0.04072	0.01551	0.01551	0.01099	0.00776	0.00646	0.00194	0.00711	0.00582	0.00646	0.01099
20	0.01727	0.77681	0.03386	0.01106	0.01658	0.02557	0.01106	0.01935	0.01313	0.01520	0.00898	0.01036	0.00829	0.00553	0.00415	0.00138	0.00691	0.00345	0.00276	0.00829
21	0.01024	0.00738	0.01017	0.01156	0.01309	0.00731	0.01006	0.01313	0.01487	0.01922	0.03619	0.07221	0.08112	0.01775	0.00884	0.00292	0.00578	0.64629	0.00595	0.00592
22	0.81856	0.01250	0.00950	0.00850	0.01250	0.01449	0.00700	0.01899	0.01100	0.02899	0.00900	0.01050	0.00700	0.00600	0.00400	0.00200	0.00500	0.00350	0.00400	0.00700
23	0.02118	0.02612	0.01682	0.01530	0.01829	0.58169	0.01157	0.02350	0.04585	0.01645	0.01730	0.01846	0.09657	0.00822	0.00704	0.00182	0.05721	0.00553	0.00375	0.00733
24	0.02414	0.03079	0.01831	0.01665	0.01998	0.74698	0.01248	0.02580	0.01831	0.01581	0.00999	0.01165	0.00832	0.00666	0.00583	0.00166	0.01165	0.00416	0.00333	0.00749
25	0.01727	0.77681	0.03386	0.01106	0.01658	0.02557	0.01106	0.01935	0.01313	0.01520	0.00898	0.01036	0.00829	0.00553	0.00415	0.00138	0.00691	0.00345	0.00276	0.00829
26	0.01220	0.01148	0.01938	0.75739	0.04450	0.01436	0.01794	0.01651	0.01292	0.01651	0.01148	0.01723	0.00861	0.00646	0.00646	0.00215	0.00861	0.00574	0.00287	0.00718
27	0.00795	0.00656	0.00698	0.00688	0.00892	0.00559	0.00516	0.00988	0.01547	0.01922	0.20422	0.05927	0.59013	0.01570	0.00763	0.00215	0.00323	0.01323	0.00623	0.00559
28	0.00914	0.00660	0.00864	0.00813	0.00965	0.00610	0.00610	0.01219	0.01829	0.02591	0.72921	0.04827	0.06097	0.01321	0.00762	0.00203	0.00305	0.01169	0.00711	0.00610
29	0.00776	0.00655	0.00672	0.00668	0.00881	0.00551	0.00501	0.00952	0.01503	0.01817	0.12137	0.06101	0.67364	0.01610	0.00764	0.00217	0.00325	0.01347	0.00609	0.00551
30	0.01525	0.01743	0.03813	0.02723	0.03377	0.01634	0.70915	0.02070	0.01525	0.02070	0.01307	0.01743	0.00980	0.00545	0.00763	0.00218	0.01089	0.00763	0.00327	0.00871
31	0.01308	0.03210	0.68655	0.01866	0.02772	0.01524	0.04664	0.02027	0.01354	0.02027	0.01152	0.01379	0.00825	0.00633	0.00680	0.00208	0.04008	0.00491	0.00275	0.00942
32	0.00787	0.00562	0.00750	0.00900	0.00937	0.00525	0.00600	0.00900	0.01237	0.01649	0.03561	0.76871	0.04274	0.02024	0.00825	0.00262	0.00375	0.01837	0.00600	0.00525
33	0.00785	0.00571	0.00741	0.00878	0.00931	0.00527	0.00590	0.00902	0.01258	0.01658	0.03831	0.70495	0.10475	0.01989	0.00819	0.00258	0.00371	0.01794	0.00600	0.00527
34	0.01599	0.01535	0.02623	0.03966	0.73262	0.01535	0.01983	0.01983	0.01471	0.02111	0.01215	0.01599	0.01023	0.00576	0.00640	0.00192	0.00768	0.00576	0.00320	0.01023
35	0.01296	0.03342	0.73944	0.01842	0.02797	0.01501	0.02387	0.02046	0.01364	0.02046	0.01160	0.01364	0.00818	0.00614	0.00614	0.00205	0.00955	0.00477	0.00273	0.00955
36	0.00885	0.00659	0.00823	0.00782	0.00947	0.00597	0.00587	0.01163	0.01760	0.02428	0.60139	0.05095	0.18980	0.01382	0.00762	0.00206	0.00309	0.01206	0.00690	0.00597
37	0.02899	0.01100	0.01499	0.01150	0.01649	0.00950	0.00950	0.03149	0.01849	0.73709	0.02549	0.02199	0.01599	0.00800	0.00650	0.00200	0.00550	0.00650	0.00800	0.01100
38	0.01525	0.01743	0.03813	0.02723	0.03377	0.01634	0.70915	0.02070	0.01525	0.02070	0.01307	0.01743	0.00980	0.00545	0.00763	0.00218	0.01089	0.00763	0.00327	0.00871
39	0.01089	0.00780	0.01072	0.01200	0.01361	0.00787	0.01048	0.03714	0.01540	0.02006	0.03357	0.07093	0.03629	0.01751	0.00884	0.00294	0.00599	0.66586	0.00597	0.00612
40	0.01296	0.03342	0.73944	0.01842	0.02797	0.01501	0.02387	0.02046	0.01364	0.02046	0.01160	0.01364	0.00818	0.00614	0.00614	0.00205	0.00955	0.00477	0.00273	0.00955
41	0.01519	0.01726	0.03716	0.02669	0.03288	0.01652	0.67249	0.02043	0.01497	0.02043	0.01283	0.01726	0.00973	0.00576	0.00834	0.00221	0.05046	0.00752	0.00324	0.00863
42	0.00914	0.00660	0.00864	0.00813	0.00965	0.00610	0.00610	0.01219	0.01829	0.02591	0.72921	0.04827	0.06097	0.01321	0.00762	0.00203	0.00305	0.01169	0.00711	0.00610
43	0.01727	0.77681	0.03386	0.01106	0.01658	0.02557	0.01106	0.01935	0.01313	0.01520	0.00898	0.01036	0.00829	0.00553	0.00415	0.00138	0.00691	0.00345	0.00276	0.00829
44	0.00940	0.00626	0.00705	0.00705	0.00705	0.00626	0.00392	0.00940	0.00940	0.01253	0.02036	0.04228	0.02349	0.77292	0.03289	0.00626	0.00626	0.00940	0.00392	0.00392
45	0.01515	0.01805	0.07620	0.02651	0.06078	0.01631	0.60084	0.02093	0.03721	0.02076	0.01324	0.01727	0.01000	0.00577	0.00784	0.00218	0.03149	0.00732	0.00333	0.00883
46	0.01902	0.41403	0.08496	0.01312	0.01859	0.06340	0.01241	0.19414	0.08299	0.02313	0.01248	0.01326	0.01001	0.00650	0.00521	0.00167	0.00728	0.00455	0.00407	0.00920
47	0.18620	0.01748	0.01715	0.01360	0.01838	0.05711	0.01114	0.51025	0.04978	0.03654	0.01427	0.01458	0.01034	0.00737	0.00593	0.00195	0.00685	0.00531	0.00580	0.00996

[dist]
# distance from previous block
# <min> <max>
0	7

[block]
# block no. 2 follows, 34 sequences, length 88
# corresponding to MSA columns:
# 135-222
name=unknown_C
#
# <colnr> <probs for GDERKNQSTAVLIFYWHMCP>
#	G	D	E	R	K	N	Q	S	T	A	V	L	I	F	Y	W	H	M	C	P
0	0.07605	0.01591	0.02201	0.06529	0.35962	0.03878	0.03762	0.18397	0.07393	0.04333	0.01408	0.01624	0.01091	0.00659	0.00628	0.00197	0.00737	0.00576	0.00439	0.00990
1	0.12694	0.42338	0.19564	0.01272	0.01887	0.02082	0.01354	0.05106	0.04961	0.02008	0.01077	0.01208	0.00879	0.00600	0.00482	0.00169	0.00719	0.00407	0.00328	0.00863
2	0.81856	0.01250	0.00950	0.00850	0.01250	0.01449	0.00700	0.01899	0.01100	0.02899	0.00900	0.01050	0.00700	0.00600	0.00400	0.00200	0.00500	0.00350	0.00400	0.00700
3	0.00786	0.00569	0.00743	0.00882	0.00933	0.00526	0.00592	0.00902	0.01254	0.01656	0.03778	0.71748	0.09256	0.01996	0.00820	0.00259	0.00371	0.01803	0.00600	0.00526
4	0.02843	0.01189	0.01555	0.01192	0.01694	0.01082	0.00985	0.11696	0.01999	0.64951	0.02424	0.02118	0.01536	0.00797	0.00649	0.00199	0.00570	0.00641	0.00780	0.01100
5	0.01428	0.01447	0.01966	0.13039	0.02132	0.05127	0.01465	0.01615	0.01073	0.01571	0.00901	0.01450	0.00849	0.01036	0.01826	0.00267	0.61251	0.00560	0.00286	0.00710
6	0.01220	0.01148	0.01938	0.75739	0.04450	0.01436	0.01794	0.01651	0.01292	0.01651	0.01148	0.01723	0.00861	0.00646	0.00646	0.00215	0.00861	0.00574	0.00287	0.00718
7	0.00925	0.00686	0.01007	0.01007	0.01111	0.00790	0.00768	0.01133	0.01029	0.01476	0.01760	0.02699	0.01685	0.11739	0.67934	0.00999	0.01626	0.00716	0.00350	0.00559
8	0.01599	0.01535	0.02623	0.03966	0.73262	0.01535	0.01983	0.01983	0.01471	0.02111	0.01215	0.01599	0.01023	0.00576	0.00640	0.00192	0.00768	0.00576	0.00320	0.01023
9	0.01269	0.00679	0.00696	0.00666	0.00839	0.00689	0.00507	0.05795	0.01480	0.02520	0.05196	0.02463	0.01818	0.00779	0.00477	0.00156	0.00327	0.00626	0.72385	0.00633
10	0.00907	0.00660	0.00854	0.00805	0.00961	0.00607	0.00604	0.01206	0.01812	0.02551	0.69782	0.04892	0.09261	0.01336	0.00762	0.00204	0.00306	0.01178	0.00706	0.00607
11	0.00815	0.00657	0.00726	0.00709	0.00905	0.00568	0.00532	0.01028	0.01595	0.02036	0.29334	0.05740	0.50030	0.01528	0.00763	0.00213	0.00320	0.01297	0.00638	0.00568
12	0.00764	0.00655	0.00655	0.00655	0.00873	0.00545	0.00491	0.00927	0.01473	0.01745	0.06546	0.06218	0.73000	0.01636	0.00764	0.00218	0.00327	0.01364	0.00600	0.00545
13	0.02414	0.03079	0.01831	0.01665	0.01998	0.74698	0.01248	0.02580	0.01831	0.01581	0.00999	0.01165	0.00832	0.00666	0.00583	0.00166	0.01165	0.00416	0.00333	0.00749
14	0.01309	0.05627	0.71775	0.01819	0.02762	0.01533	0.02348	0.02043	0.01363	0.02030	0.01152	0.01354	0.00819	0.00612	0.00608	0.00203	0.00947	0.00473	0.00273	0.00951
15	0.02899	0.01100	0.01499	0.01150	0.01649	0.00950	0.00950	0.03149	0.01849	0.73709	0.02549	0.02199	0.01599	0.00800	0.00650	0.00200	0.00550	0.00650	0.00800	0.01100
16	0.01843	0.45760	0.12367	0.01369	0.01902	0.21587	0.01324	0.02111	0.01448	0.01608	0.00959	0.01125	0.00829	0.00607	0.00534	0.00159	0.02969	0.00388	0.00291	0.00821
17	0.02437	0.01677	0.01827	0.01408	0.01905	0.01827	0.01161	0.60743	0.02833	0.10991	0.01680	0.01660	0.01177	0.00777	0.00637	0.00192	0.00674	0.00590	0.04730	0.01074
18	0.00787	0.00562	0.00750	0.00900	0.00937	0.00525	0.00600	0.00900	0.01237	0.01649	0.03561	0.76871	0.04274	0.02024	0.00825	0.00262	0.00375	0.01837	0.00600	0.00525
19	0.01696	0.01432	0.01511	0.01333	0.01714	0.01649	0.01044	0.10497	0.64886	0.02846	0.02517	0.02321	0.01881	0.00866	0.00656	0.00217	0.00532	0.00715	0.00656	0.01031
20	0.01266	0.01195	0.02020	0.67143	0.12692	0.01447	0.01817	0.01691	0.01313	0.01706	0.01156	0.01708	0.00881	0.00638	0.00645	0.00213	0.00850	0.00574	0.00291	0.00754
21	0.01727	0.77681	0.03386	0.01106	0.01658	0.02557	0.01106	0.01935	0.01313	0.01520	0.00898	0.01036	0.00829	0.00553	0.00415	0.00138	0.00691	0.00345	0.00276	0.00829
22	0.02899	0.01100	0.01499	0.01150	0.01649	0.00950	0.00950	0.03149	0.01849	0.73709	0.02549	0.02199	0.01599	0.00800	0.00650	0.00200	0.00550	0.00650	0.00800	0.01100
23	0.01525	0.01743	0.03813	0.02723	0.03377	0.01634	0.70915	0.02070	0.01525	0.02070	0.01307	0.01743	0.00980	0.00545	0.00763	0.00218	0.01089	0.00763	0.00327	0.00871
24	0.02851	0.01176	0.01547	0.01186	0.01688	0.01063	0.00980	0.10475	0.01977	0.66202	0.02442	0.02129	0.01545	0.00797	0.00649	0.00199	0.00567	0.00642	0.00783	0.01100
25	0.02899	0.01100	0.01499	0.01150	0.01649	0.00950	0.00950	0.03149	0.01849	0.73709	0.02549	0.02199	0.01599	0.00800	0.00650	0.00200	0.00550	0.00650	0.00800	0.01100
26	0.00787	0.00562	0.00750	0.00900	0.00937	0.00525	0.00600	0.00900	0.01237	0.01649	0.03561	0.76871	0.04274	0.02024	0.00825	0.00262	0.00375	0.01837	0.00600	0.00525
27	0.01220	0.01148	0.01938	0.75739	0.04450	0.01436	0.01794	0.01651	0.01292	0.01651	0.01148	0.01723	0.00861	0.00646	0.00646	0.00215	0.00861	0.00574	0.00287	0.00718
28	0.01220	0.01148	0.01938	0.75739	0.04450	0.01436	0.01794	0.01651	0.01292	0.01651	0.01148	0.01723	0.00861	0.00646	0.00646	0.00215	0.00861	0.00574	0.00287	0.00718
29	0.01607	0.01388	0.01461	0.01315	0.01680	0.01607	0.01023	0.03433	0.72094	0.02703	0.02630	0.02411	0.01972	0.00877	0.00657	0.00219	0.00511	0.00731	0.00657	0.01023
30	0.01041	0.00744	0.01041	0.01190	0.01339	0.00744	0.01041	0.01339	0.01487	0.01934	0.03421	0.07288	0.03719	0.01785	0.00892	0.00297	0.00595	0.68913	0.00595	0.00595
31	0.01296	0.03342	0.73944	0.01842	0.02797	0.01501	0.02387	0.02046	0.01364	0.02046	0.01160	0.01364	0.00818	0.00614	0.00614	0.00205	0.00955	0.00477	0.00273	0.00955
32	0.01599	0.01535	0.02623	0.03966	0.73262	0.01535	0.01983	0.01983	0.01471	0.02111	0.01215	0.01599	0.01023	0.00576	0.00640	0.00192	0.00768	0.00576	0.00320	0.01023
33	0.00923	0.00692	0.01038	0.01038	0.01154	0.00808	0.00808	0.01154	0.01038	0.01500	0.01731	0.02538	0.01615	0.04846	0.74732	0.01038	0.01731	0.00692	0.00346	0.00577
34	0.02456	0.01810	0.01939	0.01487	0.02004	0.02004	0.01228	0.71107	0.03038	0.04072	0.01551	0.01551	0.01099	0.00776	0.00646	0.00194	0.00711	0.00582	0.00646	0.01099
35	0.08225	0.01290	0.02112	0.45622	0.24964	0.01472	0.03664	0.01784	0.01336	0.01908	0.01152	0.01628	0.00900	0.00618	0.00626	0.00207	0.00808	0.00561	0.00308	0.00813
36	0.02414	0.03079	0.01831	0.01665	0.01998	0.74698	0.01248	0.02580	0.01831	0.01581	0.00999	0.01165	0.00832	0.00666	0.00583	0.00166	0.01165	0.00416	0.00333	0.00749
37	0.00768	0.00655	0.00661	0.00660	0.00876	0.00547	0.00495	0.00937	0.01484	0.01772	0.08646	0.06174	0.70882	0.01626	0.00764	0.00218	0.00327	0.01357	0.00604	0.00547
38	0.01220	0.01148	0.01938	0.75739	0.04450	0.01436	0.01794	0.01651	0.01292	0.01651	0.01148	0.01723	0.00861	0.00646	0.00646	0.00215	0.00861	0.00574	0.00287	0.00718
39	0.00810	0.00584	0.00743	0.00850	0.00907	0.00543	0.00568	0.00926	0.01262	0.01673	0.07953	0.57969	0.10456	0.10226	0.01086	0.00295	0.00394	0.01654	0.00584	0.00517
40	0.00772	0.00653	0.00657	0.00657	0.00865	0.00549	0.00486	0.00928	0.01448	0.01722	0.06332	0.06124	0.69658	0.05214	0.00883	0.00237	0.00341	0.01344	0.00590	0.00538
41	0.01020	0.00728	0.01017	0.01165	0.01305	0.00725	0.01004	0.01301	0.01466	0.01910	0.03433	0.13185	0.03766	0.01805	0.00887	0.00295	0.00576	0.63228	0.00595	0.00589
42	0.00811	0.00611	0.00750	0.00812	0.00926	0.00550	0.00572	0.00982	0.01441	0.01896	0.20630	0.40528	0.23637	0.01753	0.00793	0.00236	0.00345	0.01550	0.00626	0.00550
43	0.01268	0.00663	0.00670	0.00647	0.00816	0.00673	0.00491	0.05035	0.01440	0.02493	0.02080	0.02365	0.01628	0.00754	0.00462	0.00153	0.00322	0.00601	0.76811	0.00627
44	0.01696	0.62441	0.14181	0.01247	0.01851	0.06052	0.01310	0.01985	0.01347	0.01604	0.00944	0.01094	0.00828	0.00568	0.00454	0.00150	0.00756	0.00369	0.00279	0.00845
45	0.02419	0.01791	0.01918	0.01479	0.01989	0.01986	0.01219	0.68123	0.06083	0.04012	0.01599	0.01589	0.01137	0.00780	0.00647	0.00195	0.00702	0.00588	0.00647	0.01095
46	0.00996	0.00716	0.00986	0.01118	0.01257	0.00705	0.00948	0.01269	0.01479	0.01935	0.07675	0.14937	0.06111	0.01780	0.00873	0.00285	0.00544	0.55197	0.00603	0.00586
47	0.02456	0.01810	0.01939	0.01487	0.02004	0.02004	0.01228	0.71107	0.03038	0.04072	0.01551	0.01551	0.01099	0.00776	0.00646	0.00194	0.00711	0.00582	0.00646	0.01099
48	0.02176	0.01796	0.01779	0.01377	0.01887	0.10240	0.01117	0.45972	0.02478	0.03296	0.01387	0.01454	0.01033	0.00690	0.00598	0.00167	0.00707	0.00513	0.00545	0.20790
49	0.00772	0.00657	0.00667	0.00671	0.00887	0.00552	0.00508	0.00940	0.01473	0.01751	0.06448	0.06252	0.70839	0.01641	0.00768	0.00221	0.00336	0.03470	0.00600	0.00547
50	0.00764	0.00655	0.00655	0.00655	0.00873	0.00545	0.00491	0.00927	0.01473	0.01745	0.06546	0.06218	0.73000	0.01636	0.00764	0.00218	0.00327	0.01364	0.00600	0.00545
51	0.02698	0.01330	0.01635	0.01251	0.01759	0.01285	0.01032	0.24923	0.02212	0.48647	0.02176	0.01959	0.01414	0.00780	0.00642	0.00194	0.00599	0.00618	0.00735	0.04112
52	0.01340	0.01148	0.01340	0.00957	0.01531	0.00861	0.00766	0.01627	0.01340	0.02105	0.01148	0.01340	0.00957	0.00479	0.00479	0.00096	0.00479	0.00383	0.00383	0.81242
53	0.00764	0.00655	0.00655	0.00655	0.00873	0.00545	0.00491	0.00927	0.01473	0.01745	0.06546	0.06218	0.73000	0.01636	0.00764	0.00218	0.00327	0.01364	0.00600	0.00545
54	0.01528	0.01463	0.02494	0.17410	0.60372	0.01517	0.01948	0.01921	0.01438	0.02025	0.01203	0.01622	0.00993	0.00589	0.00641	0.00196	0.00785	0.00575	0.00314	0.00966
55	0.02456	0.01810	0.01939	0.01487	0.02004	0.02004	0.01228	0.71107	0.03038	0.04072	0.01551	0.01551	0.01099	0.00776	0.00646	0.00194	0.00711	0.00582	0.00646	0.01099
56	0.01220	0.01148	0.01938	0.75739	0.04450	0.01436	0.01794	0.01651	0.01292	0.01651	0.01148	0.01723	0.00861	0.00646	0.00646	0.00215	0.00861	0.00574	0.00287	0.00718
57	0.01204	0.00602	0.00602	0.00602	0.00753	0.00602	0.00452	0.01506	0.01355	0.02409	0.02108	0.02409	0.01656	0.00753	0.00452	0.00151	0.00301	0.00602	0.80879	0.00602
58	0.00834	0.00592	0.00785	0.00922	0.00971	0.00563	0.00641	0.00962	0.01245	0.01654	0.03413	0.61387	0.04036	0.08376	0.01043	0.00298	0.00426	0.10747	0.00581	0.00523
59	0.00878	0.00627	0.00852	0.00992	0.01072	0.00602	0.00747	0.01061	0.01349	0.01789	0.06795	0.50266	0.04175	0.01911	0.00844	0.00271	0.00445	0.24167	0.00603	0.00552
60	0.00858	0.00658	0.00786	0.00754	0.00931	0.00586	0.00565	0.01110	0.01696	0.02276	0.48185	0.05345	0.31029	0.01438	0.00763	0.00209	0.00313	0.01241	0.00670	0.00586
61	0.01220	0.01148	0.01938	0.75739	0.04450	0.01436	0.01794	0.01651	0.01292	0.01651	0.01148	0.01723	0.00861	0.00646	0.00646	0.00215	0.00861	0.00574	0.00287	0.00718
62	0.01246	0.00795	0.00878	0.00813	0.01014	0.00817	0.00622	0.06667	0.09413	0.02621	0.25012	0.03128	0.03086	0.00952	0.00589	0.00178	0.00355	0.00798	0.40331	0.00687
63	0.01413	0.01192	0.01379	0.00992	0.01562	0.00936	0.00796	0.06184	0.01451	0.02234	0.01175	0.01354	0.00966	0.00498	0.00490	0.00102	0.00494	0.00396	0.00400	0.75986
64	0.02832	0.01161	0.01532	0.01180	0.01677	0.01047	0.00973	0.08325	0.03768	0.66565	0.02475	0.02155	0.01571	0.00800	0.00650	0.00200	0.00561	0.00647	0.00784	0.01098
65	0.01475	0.01144	0.01354	0.00974	0.01541	0.00869	0.00782	0.01759	0.01384	0.08306	0.01270	0.01414	0.01013	0.00506	0.00493	0.00105	0.00485	0.00406	0.00419	0.74302
66	0.01855	0.03926	0.01853	0.01473	0.01870	0.07877	0.09211	0.16118	0.24698	0.08805	0.03897	0.07598	0.01754	0.00885	0.00709	0.00208	0.03056	0.00744	0.02533	0.00929
67	0.01776	0.25582	0.04111	0.01350	0.03913	0.21130	0.01105	0.02124	0.07056	0.05459	0.03538	0.09106	0.01584	0.00839	0.00578	0.00177	0.00747	0.03639	0.00414	0.05770
68	0.04310	0.11201	0.13572	0.03617	0.05414	0.08903	0.14433	0.09862	0.01676	0.12339	0.01563	0.07451	0.01272	0.00752	0.00635	0.00197	0.00814	0.00654	0.00438	0.00895
69	0.01343	0.10077	0.65307	0.01802	0.02711	0.01601	0.04418	0.02037	0.01365	0.01999	0.01140	0.01346	0.00825	0.00606	0.00600	0.00199	0.00935	0.00474	0.00275	0.00941
70	0.01164	0.00973	0.01101	0.01056	0.01295	0.01043	0.00835	0.01966	0.27219	0.02194	0.10591	0.06395	0.24144	0.01337	0.00816	0.00234	0.04279	0.12004	0.00615	0.00741
71	0.01194	0.00843	0.01012	0.00918	0.01139	0.00822	0.00702	0.09715	0.05003	0.05950	0.43600	0.10105	0.13845	0.01309	0.00743	0.00209	0.00383	0.01133	0.00682	0.00695
72	0.01878	0.01970	0.13895	0.07289	0.25254	0.09885	0.04279	0.11677	0.05092	0.10360	0.01444	0.01624	0.01076	0.00662	0.00637	0.00196	0.00818	0.00565	0.00426	0.00974
73	0.00864	0.00774	0.00739	0.00734	0.00954	0.03379	0.00549	0.01099	0.04613	0.01777	0.06012	0.09442	0.63645	0.01586	0.00755	0.00219	0.00369	0.01324	0.00593	0.00573
74	0.00826	0.00590	0.00794	0.00944	0.00999	0.00558	0.00667	0.00967	0.01275	0.01693	0.03540	0.66210	0.04188	0.01988	0.00835	0.00268	0.00409	0.12113	0.00599	0.00536
75	0.03991	0.02017	0.15058	0.04133	0.14821	0.07925	0.07504	0.22529	0.01942	0.06448	0.01427	0.01747	0.01102	0.00724	0.00693	0.00203	0.03203	0.03129	0.00446	0.00958
76	0.01565	0.22399	0.16554	0.08474	0.17836	0.06940	0.03566	0.02014	0.04730	0.01847	0.01280	0.01530	0.02754	0.00663	0.00666	0.00188	0.05284	0.00515	0.00318	0.00877
77	0.00917	0.00655	0.00810	0.00772	0.00933	0.00600	0.00579	0.01201	0.01736	0.02451	0.57066	0.04826	0.15607	0.01319	0.00736	0.00201	0.00308	0.01149	0.07536	0.00600
78	0.01852	0.00906	0.01119	0.00942	0.01253	0.00857	0.00747	0.06661	0.04009	0.29052	0.21033	0.02916	0.02786	0.00926	0.00627	0.00188	0.00428	0.00773	0.22090	0.00835
79	0.01849	0.05498	0.05888	0.01942	0.16228	0.03679	0.03533	0.17984	0.23646	0.06614	0.01883	0.02092	0.01465	0.00785	0.00649	0.00204	0.00683	0.03845	0.00533	0.00998
80	0.01794	0.06161	0.18565	0.02235	0.20777	0.12180	0.05940	0.09469	0.01705	0.07540	0.04515	0.01792	0.01281	0.00697	0.00635	0.00194	0.00837	0.02347	0.00404	0.00932
81	0.01296	0.03342	0.73944	0.01842	0.02797	0.01501	0.02387	0.02046	0.01364	0.02046	0.01160	0.01364	0.00818	0.00614	0.00614	0.00205	0.00955	0.00477	0.00273	0.00955
82	0.15063	0.03873	0.01882	0.17303	0.13899	0.29897	0.01396	0.02108	0.01483	0.01896	0.01038	0.01342	0.00848	0.00658	0.00652	0.00192	0.04893	0.00470	0.00328	0.00779
83	0.00880	0.00656	0.00818	0.00784	0.00946	0.00594	0.00586	0.01149	0.01736	0.02387	0.57045	0.07813	0.19402	0.01410	0.00765	0.00208	0.00312	0.01233	0.00685	0.00594
84	0.01934	0.02065	0.08753	0.02112	0.14000	0.18171	0.11303	0.11902	0.11045	0.06578	0.01469	0.01627	0.01117	0.00701	0.00714	0.00200	0.04355	0.00582	0.00436	0.00934
85	0.01327	0.00731	0.00953	0.00905	0.01108	0.00654	0.00674	0.01537	0.01590	0.19136	0.24751	0.29179	0.11941	0.01475	0.00757	0.00225	0.00390	0.01297	0.00681	0.00690
86	0.01519	0.07386	0.53442	0.01679	0.02490	0.04788	0.02010	0.09579	0.01583	0.04208	0.01458	0.01595	0.04080	0.00681	0.00612	0.00198	0.00883	0.00523	0.00346	0.00940
87	0.06386	0.09917	0.12976	0.01445	0.01983	0.09868	0.01326	0.33302	0.07372	0.04673	0.03667	0.01581	0.01210	0.00731	0.00602	0.00189	0.00754	0.00541	0.00510	0.00968

[dist]
# distance from previous block
# <min> <max>
0	1

[block]
# block no. 3 follows, 34 sequences, length 95
# corresponding to MSA columns:
# 224-318
name=unknown_D
#
# <colnr> <probs for GDERKNQSTAVLIFYWHMCP>
#	G	D	E	R	K	N	Q	S	T	A	V	L	I	F	Y	W	H	M	C	P
0	0.01893	0.16472	0.07490	0.01652	0.05260	0.12426	0.08772	0.13963	0.04039	0.07703	0.05000	0.01818	0.01354	0.00762	0.00727	0.00194	0.06444	0.02705	0.00440	0.00885
1	0.01050	0.00809	0.01026	0.01217	0.12396	0.00734	0.00759	0.01284	0.01525	0.05039	0.14041	0.04759	0.42633	0.01305	0.00709	0.00205	0.00401	0.01108	0.08339	0.00659
2	0.00798	0.00567	0.00747	0.00886	0.00921	0.00532	0.00585	0.00903	0.01216	0.01621	0.03454	0.71745	0.04138	0.07335	0.00999	0.00288	0.00393	0.01774	0.00585	0.00515
3	0.01542	0.05785	0.17311	0.04031	0.12891	0.10847	0.16283	0.04147	0.03260	0.01955	0.01326	0.03171	0.01095	0.01180	0.09904	0.00305	0.03170	0.00607	0.00337	0.00852
4	0.01626	0.04377	0.13503	0.13971	0.21945	0.13262	0.03240	0.05489	0.01554	0.04011	0.01605	0.03650	0.05728	0.00740	0.00671	0.00198	0.02586	0.00616	0.00363	0.00865
5	0.00769	0.00655	0.00662	0.00660	0.00876	0.00548	0.00495	0.00937	0.01485	0.01774	0.08793	0.06171	0.70734	0.01626	0.00764	0.00218	0.00327	0.01357	0.00604	0.00548
6	0.02570	0.01164	0.01491	0.01167	0.01626	0.01087	0.00955	0.12889	0.04299	0.53245	0.10291	0.02406	0.02042	0.00857	0.00662	0.00200	0.00545	0.00701	0.00763	0.01042
7	0.01567	0.08512	0.16587	0.08920	0.13680	0.14975	0.04491	0.03430	0.05641	0.01935	0.03218	0.04242	0.07017	0.00782	0.00659	0.00196	0.02297	0.00639	0.00371	0.00840
8	0.01514	0.05314	0.31421	0.01490	0.02062	0.03397	0.05847	0.07139	0.03352	0.09005	0.01724	0.07086	0.01517	0.12945	0.01068	0.00274	0.00787	0.02805	0.00418	0.00836
9	0.02381	0.01442	0.01622	0.01265	0.01722	0.01517	0.01038	0.42883	0.02473	0.21891	0.01895	0.01850	0.01314	0.00778	0.00618	0.00189	0.00607	0.00603	0.12891	0.01023
10	0.08842	0.18105	0.03759	0.04115	0.06392	0.37647	0.01241	0.07207	0.01685	0.01927	0.01060	0.01239	0.00873	0.00639	0.00540	0.00169	0.00916	0.00429	0.02411	0.00804
11	0.74320	0.01346	0.01028	0.00911	0.01313	0.04892	0.00744	0.03676	0.01199	0.04513	0.00959	0.01094	0.00737	0.00612	0.00420	0.00198	0.00537	0.00366	0.00412	0.00721
12	0.02414	0.03079	0.01831	0.01665	0.01998	0.74698	0.01248	0.02580	0.01831	0.01581	0.00999	0.01165	0.00832	0.00666	0.00583	0.00166	0.01165	0.00416	0.00333	0.00749
13	0.00792	0.00571	0.00752	0.00895	0.00944	0.00531	0.00605	0.00912	0.01254	0.01661	0.03698	0.71868	0.07488	0.02000	0.00823	0.00261	0.00378	0.03437	0.00600	0.00527
14	0.01220	0.01148	0.01938	0.75739	0.04450	0.01436	0.01794	0.01651	0.01292	0.01651	0.01148	0.01723	0.00861	0.00646	0.00646	0.00215	0.00861	0.00574	0.00287	0.00718
15	0.01138	0.00931	0.01294	0.01560	0.15557	0.00934	0.00980	0.01640	0.11595	0.02276	0.29130	0.15359	0.05926	0.01273	0.00745	0.00222	0.00466	0.07646	0.00593	0.00735
16	0.06995	0.01289	0.01582	0.01220	0.01718	0.01245	0.01007	0.20418	0.02113	0.52171	0.02207	0.01973	0.01424	0.00783	0.00636	0.00198	0.00588	0.00616	0.00739	0.01078
17	0.00845	0.00630	0.00794	0.00902	0.00982	0.00602	0.00619	0.01085	0.05973	0.01772	0.07017	0.62430	0.10170	0.01882	0.00805	0.00253	0.00376	0.01691	0.00609	0.00564
18	0.00787	0.00562	0.00750	0.00900	0.00937	0.00525	0.00600	0.00900	0.01237	0.01649	0.03561	0.76871	0.04274	0.02024	0.00825	0.00262	0.00375	0.01837	0.00600	0.00525
19	0.01429	0.01034	0.01260	0.01246	0.01508	0.01103	0.01044	0.07402	0.22032	0.06809	0.02995	0.05121	0.02881	0.01384	0.00791	0.00261	0.00577	0.39705	0.00630	0.00789
20	0.00803	0.00571	0.00757	0.00899	0.00939	0.00537	0.00604	0.00916	0.01230	0.01639	0.03481	0.71047	0.04161	0.05735	0.00949	0.00282	0.00394	0.03946	0.00589	0.00520
21	0.01296	0.03342	0.73944	0.01842	0.02797	0.01501	0.02387	0.02046	0.01364	0.02046	0.01160	0.01364	0.00818	0.00614	0.00614	0.00205	0.00955	0.00477	0.00273	0.00955
22	0.02466	0.01747	0.01894	0.01457	0.01969	0.01916	0.01202	0.64345	0.04772	0.09137	0.01653	0.01621	0.01159	0.00780	0.00647	0.00195	0.00694	0.00591	0.00658	0.01097
23	0.01082	0.00802	0.01063	0.01176	0.01349	0.00817	0.01012	0.01521	0.08312	0.01999	0.03499	0.06764	0.06973	0.01690	0.00863	0.00286	0.00574	0.58985	0.00601	0.00634
