[name]
unknown

[dist]
# distance from previous block
# <min> <max>
0	0

[block]
# block no. 0 follows, 34 sequences, length 332
# corresponding to MSA columns:
# 0-331
name=unknown_A
#
# <colnr> <probs for GDERKNQSTAVLIFYWHMCP>
#	G	D	E	R	K	N	Q	S	T	A	V	L	I	F	Y	W	H	M	C	P
0	0.01041	0.00744	0.01041	0.01190	0.01339	0.00744	0.01041	0.01339	0.01487	0.01934	0.03421	0.07288	0.03719	0.01785	0.00892	0.00297	0.00595	0.68913	0.00595	0.00595
1	0.01340	0.01148	0.01340	0.00957	0.01531	0.00861	0.00766	0.01627	0.01340	0.02105	0.01148	0.01340	0.00957	0.00479	0.00479	0.00096	0.00479	0.00383	0.00383	0.81242
2	0.01607	0.01388	0.01461	0.01315	0.01680	0.01607	0.01023	0.03433	0.72094	0.02703	0.02630	0.02411	0.01972	0.00877	0.00657	0.00219	0.00511	0.00731	0.00657	0.01023
3	0.00849	0.00658	0.00773	0.00744	0.00925	0.00582	0.00558	0.01093	0.01675	0.02226	0.44244	0.05428	0.35002	0.01457	0.00763	0.00210	0.00315	0.01253	0.00663	0.00582
4	0.02397	0.01780	0.01906	0.01475	0.01981	0.01976	0.01214	0.66352	0.07890	0.03976	0.01627	0.01612	0.01160	0.00783	0.00647	0.00196	0.00697	0.00592	0.00647	0.01093
5	0.00914	0.00660	0.00864	0.00813	0.00965	0.00610	0.00610	0.01219	0.01829	0.02591	0.72921	0.04827	0.06097	0.01321	0.00762	0.00203	0.00305	0.01169	0.00711	0.00610
6	0.02067	0.02493	0.01692	0.01579	0.04351	0.54083	0.01155	0.02259	0.01668	0.01658	0.01177	0.03909	0.01042	0.01061	0.07219	0.00240	0.01092	0.00491	0.00349	0.10415
7	0.01599	0.01535	0.02623	0.03966	0.73262	0.01535	0.01983	0.01983	0.01471	0.02111	0.01215	0.01599	0.01023	0.00576	0.00640	0.00192	0.00768	0.00576	0.00320	0.01023
8	0.01527	0.01660	0.03422	0.06958	0.20454	0.01599	0.50405	0.02026	0.01499	0.02057	0.01276	0.01707	0.00984	0.00558	0.00726	0.00211	0.00999	0.00707	0.00323	0.00900
9	0.04062	0.01763	0.06296	0.02609	0.05401	0.01640	0.59760	0.02030	0.01472	0.02066	0.01259	0.01682	0.00959	0.00585	0.00821	0.00220	0.05465	0.00721	0.00324	0.00864
10	0.00806	0.00570	0.00744	0.00876	0.00909	0.00537	0.00575	0.00904	0.01201	0.01602	0.03378	0.68135	0.04042	0.11075	0.01121	0.00306	0.00405	0.01729	0.00575	0.00509
11	0.00929	0.00629	0.00739	0.00748	0.00761	0.00637	0.00443	0.00957	0.00967	0.01300	0.02101	0.08535	0.02399	0.65876	0.09833	0.00643	0.00714	0.00972	0.00400	0.00417
12	0.01588	0.50030	0.24087	0.01489	0.04556	0.02172	0.04438	0.01975	0.01342	0.01718	0.01003	0.01182	0.00839	0.00571	0.00495	0.00163	0.00788	0.00410	0.00279	0.00875
13	0.00925	0.00629	0.00888	0.00972	0.01054	0.00583	0.02871	0.01058	0.01279	0.05544	0.03435	0.70443	0.04024	0.01911	0.00813	0.00258	0.00407	0.01739	0.00602	0.00567
14	0.00786	0.00565	0.00747	0.00892	0.00935	0.00525	0.00596	0.00901	0.01245	0.01653	0.03657	0.74607	0.06475	0.02012	0.00823	0.00261	0.00373	0.01822	0.00600	0.00525
15	0.81856	0.01250	0.00950	0.00850	0.01250	0.01449	0.00700	0.01899	0.01100	0.02899	0.00900	0.01050	0.00700	0.00600	0.00400	0.00200	0.00500	0.00350	0.00400	0.00700
16	0.01573	0.01508	0.02575	0.09012	0.68424	0.01528	0.01970	0.01960	0.01459	0.02079	0.01211	0.01608	0.01012	0.00581	0.00640	0.00194	0.00774	0.00576	0.00318	0.01002
17	0.02082	0.02879	0.13261	0.01883	0.02369	0.50295	0.13976	0.02406	0.01704	0.01741	0.01079	0.01300	0.00857	0.00636	0.00620	0.00182	0.01119	0.00488	0.00323	0.00803
18	0.00923	0.00692	0.01038	0.01038	0.01154	0.00808	0.00808	0.01154	0.01038	0.01500	0.01731	0.02538	0.01615	0.04846	0.74732	0.01038	0.01731	0.00692	0.00346	0.00577
19	0.04412	0.05407	0.04450	0.01339	0.01772	0.01706	0.01108	0.16696	0.47662	0.04985	0.02212	0.02079	0.01644	0.00819	0.00633	0.00208	0.00578	0.00657	0.00617	0.01017
20	0.02329	0.02754	0.01891	0.01657	0.02027	0.57872	0.03803	0.11060	0.06944	0.01986	0.01194	0.01322	0.00951	0.00690	0.00602	0.00175	0.01060	0.00472	0.00394	0.00816
21	0.01516	0.25012	0.35602	0.01916	0.08814	0.04273	0.10371	0.02028	0.01394	0.01883	0.01100	0.01328	0.00860	0.00586	0.00574	0.00184	0.00883	0.00480	0.00287	0.00907
22	0.01309	0.05577	0.71824	0.01819	0.02762	0.01532	0.02349	0.02043	0.01363	0.02030	0.01152	0.01354	0.00819	0.00612	0.00608	0.00203	0.00947	0.00473	0.00273	0.00951
23	0.00940	0.00626	0.00705	0.00705	0.00705	0.00626	0.00392	0.00940	0.00940	0.01253	0.02036	0.04228	0.02349	0.77292	0.03289	0.00626	0.00626	0.00940	0.00392	0.00392
24	0.01727	0.77681	0.03386	0.01106	0.01658	0.02557	0.01106	0.01935	0.01313	0.01520	0.00898	0.01036	0.00829	0.00553	0.00415	0.00138	0.00691	0.00345	0.00276	0.00829
25	0.01296	0.03342	0.73944	0.01842	0.02797	0.01501	0.02387	0.02046	0.01364	0.02046	0.01160	0.01364	0.00818	0.00614	0.00614	0.00205	0.00955	0.00477	0.00273	0.00955
26	0.00787	0.00562	0.00750	0.00900	0.00937	0.00525	0.00600	0.00900	0.01237	0.01649	0.03561	0.76871	0.04274	0.02024	0.00825	0.00262	0.00375	0.01837	0.00600	0.00525
27	0.01264	0.00674	0.00681	0.00660	0.00831	0.00689	0.00500	0.04040	0.04027	0.02479	0.02107	0.02379	0.01648	0.00758	0.00466	0.00155	0.00323	0.00606	0.75077	0.00635
28	0.00940	0.00626	0.00705	0.00705	0.00705	0.00626	0.00392	0.00940	0.00940	0.01253	0.02036	0.04228	0.02349	0.77292	0.03289	0.00626	0.00626	0.00940	0.00392	0.00392
29	0.01361	0.02886	0.53939	0.02093	0.02962	0.01539	0.21936	0.02053	0.01410	0.02053	0.01202	0.01472	0.00865	0.00594	0.00656	0.00208	0.00993	0.00559	0.00288	0.00931
30	0.00940	0.00626	0.00705	0.00705	0.00705	0.00626	0.00392	0.00940	0.00940	0.01253	0.02036	0.04228	0.02349	0.77292	0.03289	0.00626	0.00626	0.00940	0.00392	0.00392
31	0.81856	0.01250	0.00950	0.00850	0.01250	0.01449	0.00700	0.01899	0.01100	0.02899	0.00900	0.01050	0.00700	0.00600	0.00400	0.00200	0.00500	0.00350	0.00400	0.00700
32	0.00838	0.00665	0.00758	0.00757	0.00947	0.00585	0.00582	0.01060	0.01587	0.02031	0.27225	0.05883	0.45097	0.01551	0.00776	0.00221	0.00346	0.07885	0.00635	0.00571
33	0.01296	0.03342	0.73944	0.01842	0.02797	0.01501	0.02387	0.02046	0.01364	0.02046	0.01160	0.01364	0.00818	0.00614	0.00614	0.00205	0.00955	0.00477	0.00273	0.00955
34	0.00818	0.00588	0.00782	0.00926	0.00984	0.00553	0.00650	0.00955	0.01277	0.01688	0.03654	0.65693	0.06744	0.01980	0.00831	0.00265	0.00400	0.10079	0.00599	0.00534
35	0.01727	0.77681	0.03386	0.01106	0.01658	0.02557	0.01106	0.01935	0.01313	0.01520	0.00898	0.01036	0.00829	0.00553	0.00415	0.00138	0.00691	0.00345	0.00276	0.00829
36	0.01296	0.03342	0.73944	0.01842	0.02797	0.01501	0.02387	0.02046	0.01364	0.02046	0.01160	0.01364	0.00818	0.00614	0.00614	0.00205	0.00955	0.00477	0.00273	0.00955
37	0.01727	0.77681	0.03386	0.01106	0.01658	0.02557	0.01106	0.01935	0.01313	0.01520	0.00898	0.01036	0.00829	0.00553	0.00415	0.00138	0.00691	0.00345	0.00276	0.00829
38	0.01607	0.01388	0.01461	0.01315	0.01680	0.01607	0.01023	0.03433	0.72094	0.02703	0.02630	0.02411	0.01972	0.00877	0.00657	0.00219	0.00511	0.00731	0.00657	0.01023
39	0.01607	0.01388	0.01461	0.01315	0.01680	0.01607	0.01023	0.03433	0.72094	0.02703	0.02630	0.02411	0.01972	0.00877	0.00657	0.00219	0.00511	0.00731	0.00657	0.01023
40	0.01296	0.03342	0.73944	0.01842	0.02797	0.01501	0.02387	0.02046	0.01364	0.02046	0.01160	0.01364	0.00818	0.00614	0.00614	0.00205	0.00955	0.00477	0.00273	0.00955
41	0.01328	0.08839	0.68727	0.01787	0.02712	0.01579	0.02293	0.02038	0.01360	0.02007	0.01140	0.01340	0.00819	0.00609	0.00599	0.00200	0.00935	0.00468	0.00273	0.00946
42	0.02899	0.01100	0.01499	0.01150	0.01649	0.00950	0.00950	0.03149	0.01849	0.73709	0.02549	0.02199	0.01599	0.00800	0.00650	0.00200	0.00550	0.00650	0.00800	0.01100
43	0.00787	0.00562	0.00750	0.00900	0.00937	0.00525	0.00600	0.00900	0.01237	0.01649	0.03561	0.76871	0.04274	0.02024	0.00825	0.00262	0.00375	0.01837	0.00600	0.00525
44	0.01599	0.01535	0.02623	0.03966	0.73262	0.01535	0.01983	0.01983	0.01471	0.02111	0.01215	0.01599	0.01023	0.00576	0.00640	0.00192	0.00768	0.00576	0.00320	0.01023
45	0.01856	0.01942	0.01554	0.01418	0.01717	0.33113	0.03458	0.02457	0.19812	0.06167	0.02069	0.17730	0.01911	0.01014	0.00664	0.00204	0.00789	0.00826	0.00501	0.00797
46	0.44033	0.02121	0.01369	0.01238	0.01606	0.36324	0.00961	0.02223	0.01448	0.02272	0.00947	0.01105	0.00763	0.00631	0.00487	0.00184	0.00817	0.00381	0.00368	0.00723
47	0.01289	0.03068	0.64594	0.01841	0.02727	0.01456	0.07097	0.01998	0.01404	0.02081	0.05510	0.01600	0.01149	0.00652	0.00633	0.00205	0.00925	0.00539	0.00303	0.00928
48	0.01296	0.03342	0.73944	0.01842	0.02797	0.01501	0.02387	0.02046	0.01364	0.02046	0.01160	0.01364	0.00818	0.00614	0.00614	0.00205	0.00955	0.00477	0.00273	0.00955
49	0.01340	0.01148	0.01340	0.00957	0.01531	0.00861	0.00766	0.01627	0.01340	0.02105	0.01148	0.01340	0.00957	0.00479	0.00479	0.00096	0.00479	0.00383	0.00383	0.81242
50	0.01313	0.03226	0.68830	0.01906	0.02839	0.01510	0.07384	0.02048	0.01376	0.02048	0.01170	0.01392	0.00830	0.00609	0.00625	0.00206	0.00965	0.00498	0.00277	0.00949
51	0.00812	0.00578	0.00766	0.00890	0.00929	0.00555	0.00594	0.00922	0.01193	0.01599	0.03279	0.64338	0.03893	0.09750	0.06311	0.00354	0.00496	0.01666	0.00561	0.00515
52	0.01599	0.01535	0.02623	0.03966	0.73262	0.01535	0.01983	0.01983	0.01471	0.02111	0.01215	0.01599	0.01023	0.00576	0.00640	0.00192	0.00768	0.00576	0.00320	0.01023
53	0.00767	0.00641	0.00669	0.00691	0.00882	0.00542	0.00507	0.00923	0.01437	0.01731	0.06096	0.16859	0.62649	0.01695	0.00773	0.00225	0.00334	0.01435	0.00600	0.00542
54	0.01403	0.21700	0.56520	0.01660	0.02515	0.01761	0.02071	0.02019	0.01351	0.01916	0.01095	0.01283	0.00821	0.00599	0.00565	0.00188	0.00890	0.00445	0.00274	0.00924
55	0.00789	0.00656	0.00689	0.00681	0.00888	0.00556	0.00511	0.00976	0.01532	0.01885	0.17511	0.05988	0.61946	0.01584	0.00763	0.00216	0.00324	0.01331	0.00618	0.00556
56	0.72079	0.01319	0.01072	0.00928	0.01342	0.01518	0.00765	0.10421	0.01338	0.03043	0.00980	0.01111	0.00749	0.00621	0.00430	0.00199	0.00526	0.00378	0.00430	0.00749
57	0.02899	0.01100	0.01499	0.01150	0.01649	0.00950	0.00950	0.03149	0.01849	0.73709	0.02549	0.02199	0.01599	0.00800	0.00650	0.00200	0.00550	0.00650	0.00800	0.01100
58	0.02414	0.03079	0.01831	0.01665	0.01998	0.74698	0.01248	0.02580	0.01831	0.01581	0.00999	0.01165	0.00832	0.00666	0.00583	0.00166	0.01165	0.00416	0.00333	0.00749
59	0.01220	0.01148	0.01938	0.75739	0.04450	0.01436	0.01794	0.01651	0.01292	0.01651	0.01148	0.01723	0.00861	0.00646	0.00646	0.00215	0.00861	0.00574	0.00287	0.00718
60	0.00961	0.00748	0.01111	0.01089	0.01195	0.00898	0.00854	0.01185	0.01035	0.01504	0.01663	0.02452	0.01556	0.04561	0.69162	0.00980	0.07436	0.00683	0.00341	0.00587
61	0.01727	0.77681	0.03386	0.01106	0.01658	0.02557	0.01106	0.01935	0.01313	0.01520	0.00898	0.01036	0.00829	0.00553	0.00415	0.00138	0.00691	0.00345	0.00276	0.00829
62	0.00787	0.00562	0.00750	0.00900	0.00937	0.00525	0.00600	0.00900	0.01237	0.01649	0.03561	0.76871	0.04274	0.02024	0.00825	0.00262	0.00375	0.01837	0.00600	0.00525
63	0.00787	0.00562	0.00750	0.00900	0.00937	0.00525	0.00600	0.00900	0.01237	0.01649	0.03561	0.76871	0.04274	0.02024	0.00825	0.00262	0.00375	0.01837	0.00600	0.00525
64	0.01204	0.00602	0.00602	0.00602	0.00753	0.00602	0.00452	0.01506	0.01355	0.02409	0.02108	0.02409	0.01656	0.00753	0.00452	0.00151	0.00301	0.00602	0.80879	0.00602
65	0.00865	0.00743	0.00752	0.00734	0.00970	0.00673	0.00555	0.01229	0.09965	0.01861	0.06075	0.05760	0.64458	0.01545	0.00751	0.00218	0.00349	0.01288	0.00607	0.00603
66	0.01296	0.03342	0.73944	0.01842	0.02797	0.01501	0.02387	0.02046	0.01364	0.02046	0.01160	0.01364	0.00818	0.00614	0.00614	0.00205	0.00955	0.00477	0.00273	0.00955
67	0.81856	0.01250	0.00950	0.00850	0.01250	0.01449	0.00700	0.01899	0.01100	0.02899	0.00900	0.01050	0.00700	0.00600	0.00400	0.00200	0.00500	0.00350	0.00400	0.00700
68	0.00764	0.00655	0.00655	0.00655	0.00873	0.00545	0.00491	0.00927	0.01473	0.01745	0.06546	0.06218	0.73000	0.01636	0.00764	0.00218	0.00327	0.01364	0.00600	0.00545
69	0.02832	0.01207	0.01566	0.01201	0.01703	0.01109	0.00992	0.13451	0.02030	0.63153	0.02398	0.02101	0.01524	0.00796	0.00649	0.00199	0.00574	0.00639	0.00776	0.01099
70	0.01525	0.01743	0.03813	0.02723	0.03377	0.01634	0.70915	0.02070	0.01525	0.02070	0.01307	0.01743	0.00980	0.00545	0.00763	0.00218	0.01089	0.00763	0.00327	0.00871
71	0.02486	0.01700	0.01863	0.01435	0.01945	0.01848	0.01184	0.59627	0.05281	0.13376	0.01723	0.01668	0.01196	0.00782	0.00647	0.00196	0.00682	0.00596	0.00667	0.01096
72	0.00787	0.00562	0.00750	0.00900	0.00937	0.00525	0.00600	0.00900	0.01237	0.01649	0.03561	0.76871	0.04274	0.02024	0.00825	0.00262	0.00375	0.01837	0.00600	0.00525
73	0.02415	0.03026	0.01836	0.01657	0.01998	0.71652	0.01248	0.05452	0.01882	0.01686	0.01022	0.01181	0.00843	0.00670	0.00585	0.00168	0.01146	0.00423	0.00346	0.00764
74	0.01267	0.03136	0.68339	0.01763	0.02656	0.01432	0.02251	0.01983	0.01400	0.02088	0.06664	0.01630	0.01223	0.00668	0.00625	0.00205	0.00905	0.00530	0.00306	0.00928
75	0.00927	0.00677	0.00959	0.00959	0.01047	0.00764	0.00708	0.01103	0.01015	0.01441	0.01804	0.02942	0.01790	0.22138	0.57679	0.00940	0.01467	0.00751	0.00357	0.00533
76	0.00793	0.00571	0.00752	0.00885	0.00936	0.00530	0.00596	0.00918	0.01279	0.01704	0.07433	0.70018	0.07252	0.01970	0.00819	0.00257	0.00369	0.01781	0.00606	0.00530
77	0.66934	0.01637	0.14471	0.01033	0.01536	0.01459	0.01012	0.01927	0.01149	0.02741	0.00948	0.01108	0.00722	0.00602	0.00440	0.00201	0.00584	0.00374	0.00376	0.00747
78	0.01322	0.01301	0.02047	0.64097	0.09141	0.05395	0.04224	0.01739	0.01342	0.01694	0.01151	0.01685	0.00875	0.00639	0.00646	0.00211	0.00879	0.00572	0.00293	0.00746
79	0.02121	0.01519	0.07827	0.01773	0.15622	0.04124	0.01273	0.14086	0.04331	0.27169	0.03910	0.02120	0.04433	0.00779	0.00637	0.00195	0.00644	0.00643	0.05807	0.00988
80	0.01327	0.03097	0.65030	0.01897	0.05227	0.01485	0.04066	0.03929	0.01414	0.02092	0.01260	0.04015	0.00958	0.00664	0.00627	0.00206	0.00925	0.00539	0.00298	0.00944
81	0.01867	0.01281	0.01520	0.10425	0.01999	0.01410	0.01091	0.05377	0.42163	0.19384	0.02516	0.02368	0.03972	0.00851	0.00657	0.00213	0.00565	0.00707	0.00643	0.00991
82	0.01340	0.01148	0.01340	0.00957	0.01531	0.00861	0.00766	0.01627	0.01340	0.02105	0.01148	0.01340	0.00957	0.00479	0.00479	0.00096	0.00479	0.00383	0.00383	0.81242
83	0.01632	0.11234	0.10209	0.07152	0.39292	0.10497	0.01738	0.02048	0.03455	0.01975	0.03961	0.01607	0.01168	0.00629	0.00608	0.00186	0.00807	0.00545	0.00334	0.00925
84	0.00923	0.00692	0.01038	0.01038	0.01154	0.00808	0.00808	0.01154	0.01038	0.01500	0.01731	0.02538	0.01615	0.04846	0.74732	0.01038	0.01731	0.00692	0.00346	0.00577
85	0.01577	0.01502	0.02500	0.08070	0.64119	0.01534	0.01904	0.02065	0.06423	0.02125	0.01311	0.01664	0.01080	0.00601	0.00641	0.00195	0.00755	0.00586	0.00342	0.01005
86	0.00818	0.00593	0.00776	0.00915	0.00965	0.00565	0.00615	0.00993	0.03854	0.01688	0.03527	0.74120	0.04189	0.01982	0.00819	0.00261	0.00380	0.01796	0.00602	0.00543
87	0.01956	0.01469	0.01569	0.01314	0.01698	0.03865	0.01041	0.35931	0.18094	0.06994	0.04797	0.14294	0.02021	0.01022	0.00681	0.00211	0.00602	0.00842	0.00642	0.00958
88	0.01800	0.01561	0.07003	0.03219	0.53379	0.01405	0.01782	0.02180	0.01526	0.14766	0.01445	0.01680	0.01110	0.00614	0.00634	0.00191	0.00731	0.00575	0.00404	0.03995
89	0.01540	0.01142	0.01360	0.00982	0.01546	0.00873	0.00789	0.01822	0.01405	0.11304	0.01328	0.01450	0.01040	0.00520	0.00501	0.00109	0.00488	0.00417	0.00436	0.70947
90	0.01653	0.01411	0.01487	0.01324	0.01698	0.01629	0.01034	0.07097	0.68356	0.02777	0.02571	0.02364	0.01925	0.00871	0.00657	0.00218	0.00522	0.00722	0.00657	0.01027
91	0.01607	0.01388	0.01461	0.01315	0.01680	0.01607	0.01023	0.03433	0.72094	0.02703	0.02630	0.02411	0.01972	0.00877	0.00657	0.00219	0.00511	0.00731	0.00657	0.01023
92	0.01572	0.01602	0.05082	0.05899	0.62860	0.01540	0.07938	0.01983	0.01467	0.02092	0.01219	0.01607	0.01008	0.00576	0.00650	0.00195	0.00804	0.00589	0.00318	0.00999
93	0.00787	0.00562	0.00750	0.00900	0.00937	0.00525	0.00600	0.00900	0.01237	0.01649	0.03561	0.76871	0.04274	0.02024	0.00825	0.00262	0.00375	0.01837	0.00600	0.00525
94	0.00861	0.00688	0.00838	0.00831	0.01003	0.00681	0.00631	0.01096	0.03146	0.01702	0.07789	0.04548	0.37627	0.05277	0.29711	0.00551	0.00888	0.01062	0.00501	0.00569
95	0.00811	0.00656	0.00720	0.00704	0.00902	0.00566	0.00528	0.01019	0.01584	0.02011	0.27356	0.05782	0.52024	0.01537	0.00763	0.00213	0.00320	0.01302	0.00635	0.00566
96	0.01545	0.46255	0.33214	0.01417	0.02140	0.02110	0.01647	0.01982	0.01335	0.01743	0.01009	0.01175	0.00825	0.00579	0.00499	0.00166	0.00803	0.00401	0.00275	0.00882
97	0.01515	0.01543	0.07883	0.02278	0.25948	0.01267	0.10147	0.03622	0.01465	0.04015	0.01238	0.01507	0.00992	0.00546	0.00588	0.00157	0.00698	0.00515	0.00363	0.33713
98	0.02286	0.01864	0.07735	0.01471	0.02021	0.01857	0.01282	0.57448	0.05133	0.05803	0.01564	0.01573	0.01113	0.00751	0.00635	0.00191	0.00707	0.00570	0.00607	0.05389
99	0.01584	0.01349	0.01433	0.01284	0.01639	0.01547	0.00999	0.05468	0.64730	0.02739	0.07720	0.02559	0.02245	0.00906	0.00665	0.00217	0.00503	0.00758	0.00661	0.00995
100	0.01404	0.03073	0.63626	0.01807	0.02694	0.01504	0.04271	0.03941	0.05238	0.04581	0.01301	0.01465	0.00919	0.00636	0.00623	0.00205	0.00915	0.00508	0.00323	0.00965
101	0.01494	0.01752	0.06245	0.02678	0.06198	0.01586	0.63007	0.02024	0.01507	0.02056	0.01378	0.04381	0.01093	0.00601	0.00754	0.00218	0.01046	0.00782	0.00334	0.00869
102	0.00809	0.00656	0.00718	0.00702	0.00901	0.00565	0.00527	0.01016	0.01581	0.02001	0.26627	0.05797	0.52758	0.01541	0.00763	0.00214	0.00320	0.01305	0.00634	0.00565
103	0.01220	0.01148	0.01938	0.75739	0.04450	0.01436	0.01794	0.01651	0.01292	0.01651	0.01148	0.01723	0.00861	0.00646	0.00646	0.00215	0.00861	0.00574	0.00287	0.00718
104	0.01472	0.01227	0.01411	0.01020	0.01587	0.00997	0.00820	0.09856	0.01541	0.02338	0.01196	0.01365	0.00974	0.00514	0.00498	0.00107	0.00506	0.00406	0.00414	0.71751
105	0.00939	0.00699	0.01004	0.00997	0.01089	0.00806	0.00750	0.01126	0.01020	0.01458	0.01762	0.02807	0.01725	0.17483	0.60316	0.00947	0.03442	0.00733	0.00352	0.00548
106	0.02781	0.01065	0.01437	0.01112	0.01587	0.00926	0.00915	0.03035	0.01815	0.68752	0.02518	0.02214	0.01603	0.00796	0.00636	0.00196	0.00533	0.00646	0.06367	0.01065
107	0.04930	0.01153	0.01410	0.01144	0.01579	0.01126	0.00926	0.04938	0.18915	0.46267	0.02452	0.02214	0.01653	0.00808	0.00627	0.00200	0.00523	0.00654	0.07457	0.01027
108	0.07293	0.01178	0.01512	0.01166	0.01662	0.01081	0.00963	0.09737	0.01924	0.62907	0.02359	0.02071	0.01500	0.00786	0.00635	0.00199	0.00563	0.00626	0.00762	0.01077
109	0.02899	0.01100	0.01499	0.01150	0.01649	0.00950	0.00950	0.03149	0.01849	0.73709	0.02549	0.02199	0.01599	0.00800	0.00650	0.00200	0.00550	0.00650	0.00800	0.01100
110	0.00819	0.00654	0.00714	0.00700	0.00881	0.00570	0.00513	0.01004	0.01517	0.01921	0.23418	0.05674	0.49111	0.08479	0.00994	0.00252	0.00349	0.01274	0.00610	0.00548
111	0.00787	0.00562	0.00750	0.00900	0.00937	0.00525	0.00600	0.00900	0.01237	0.01649	0.03561	0.76871	0.04274	0.02024	0.00825	0.00262	0.00375	0.01837	0.00600	0.00525
112	0.01231	0.01159	0.01957	0.73697	0.06408	0.01438	0.01800	0.01660	0.01297	0.01664	0.01150	0.01719	0.00866	0.00644	0.00646	0.00215	0.00859	0.00574	0.00288	0.00726
113	0.17341	0.10943	0.01836	0.01449	0.01819	0.52927	0.01129	0.02381	0.01636	0.01823	0.00969	0.01129	0.00807	0.00641	0.00530	0.00170	0.00987	0.00396	0.00339	0.00749
114	0.00777	0.00652	0.00670	0.00671	0.00875	0.00551	0.00497	0.00943	0.01471	0.01775	0.09917	0.07910	0.65656	0.03737	0.00835	0.00230	0.00336	0.01354	0.00600	0.00544
115	0.01648	0.01517	0.02288	0.02950	0.43681	0.01604	0.04541	0.06858	0.20937	0.02380	0.01617	0.01819	0.01281	0.00688	0.00699	0.00204	0.03218	0.00626	0.00433	0.01011
116	0.00921	0.00619	0.00710	0.00729	0.00733	0.00614	0.00417	0.00935	0.00976	0.01302	0.02224	0.13173	0.02586	0.68024	0.02985	0.00582	0.00595	0.01050	0.00417	0.00408
117	0.01805	0.16873	0.01922	0.01349	0.01744	0.17549	0.01088	0.02952	0.42923	0.02227	0.01935	0.01870	0.01500	0.00767	0.00593	0.00192	0.00688	0.00586	0.00512	0.00925
118	0.01420	0.05222	0.53827	0.02135	0.15110	0.01497	0.02163	0.02053	0.01397	0.04490	0.01208	0.01423	0.00887	0.00606	0.00608	0.00196	0.00881	0.00493	0.00303	0.04082
119	0.01569	0.01515	0.09596	0.13100	0.38187	0.01366	0.01722	0.01950	0.01430	0.09943	0.01534	0.07457	0.01306	0.00880	0.03074	0.00233	0.03162	0.00674	0.00385	0.00919
120	0.02448	0.02042	0.01919	0.01519	0.02003	0.15323	0.01232	0.58551	0.02817	0.03616	0.01450	0.01481	0.01050	0.00756	0.00635	0.00189	0.00794	0.00551	0.00589	0.01035
121	0.00923	0.00692	0.01038	0.01038	0.01154	0.00808	0.00808	0.01154	0.01038	0.01500	0.01731	0.02538	0.01615	0.04846	0.74732	0.01038	0.01731	0.00692	0.00346	0.00577
122	0.02588	0.03992	0.04228	0.01420	0.01961	0.01133	0.12128	0.02899	0.01763	0.57483	0.02249	0.02059	0.01449	0.00745	0.00658	0.00201	0.00653	0.00651	0.00689	0.01049
123	0.02456	0.01810	0.01939	0.01487	0.02004	0.02004	0.01228	0.71107	0.03038	0.04072	0.01551	0.01551	0.01099	0.00776	0.00646	0.00194	0.00711	0.00582	0.00646	0.01099
124	0.00940	0.00626	0.00705	0.00705	0.00705	0.00626	0.00392	0.00940	0.00940	0.01253	0.02036	0.04228	0.02349	0.77292	0.03289	0.00626	0.00626	0.00940	0.00392	0.00392
125	0.00764	0.00655	0.00655	0.00655	0.00873	0.00545	0.00491	0.00927	0.01473	0.01745	0.06546	0.06218	0.73000	0.01636	0.00764	0.00218	0.00327	0.01364	0.00600	0.00545
126	0.02662	0.08712	0.01795	0.01249	0.01747	0.05739	0.01042	0.17620	0.02053	0.47495	0.02084	0.01887	0.01372	0.00763	0.00622	0.00191	0.00635	0.00592	0.00689	0.01053
127	0.00787	0.00562	0.00750	0.00900	0.00937	0.00525	0.00600	0.00900	0.01237	0.01649	0.03561	0.76871	0.04274	0.02024	0.00825	0.00262	0.00375	0.01837	0.00600	0.00525
128	0.01525	0.01743	0.03813	0.02723	0.03377	0.01634	0.70915	0.02070	0.01525	0.02070	0.01307	0.01743	0.00980	0.00545	0.00763	0.00218	0.01089	0.00763	0.00327	0.00871
129	0.01712	0.75041	0.05891	0.01132	0.01699	0.02519	0.01151	0.01939	0.01315	0.01539	0.00908	0.01048	0.00829	0.00555	0.00422	0.00141	0.00700	0.00350	0.00276	0.00834
130	0.01599	0.01535	0.02623	0.03966	0.73262	0.01535	0.01983	0.01983	0.01471	0.02111	0.01215	0.01599	0.01023	0.00576	0.00640	0.00192	0.00768	0.00576	0.00320	0.01023
131	0.00787	0.00562	0.00750	0.00900	0.00937	0.00525	0.00600	0.00900	0.01237	0.01649	0.03561	0.76871	0.04274	0.02024	0.00825	0.00262	0.00375	0.01837	0.00600	0.00525
132	0.01414	0.01414	0.01979	0.01696	0.01696	0.01979	0.01414	0.01555	0.00990	0.01555	0.00848	0.01414	0.00848	0.01131	0.02120	0.00283	0.76110	0.00565	0.00283	0.00707
133	0.02526	0.01697	0.01869	0.01433	0.01948	0.01837	0.01184	0.60326	0.02849	0.15120	0.01710	0.01654	0.01178	0.00779	0.00647	0.00195	0.00685	0.00593	0.00671	0.01099
134	0.02414	0.03079	0.01831	0.01665	0.01998	0.74698	0.01248	0.02580	0.01831	0.01581	0.00999	0.01165	0.00832	0.00666	0.00583	0.00166	0.01165	0.00416	0.00333	0.00749
135	0.00786	0.00584	0.00733	0.00847	0.00925	0.00531	0.00578	0.00914	0.01302	0.01695	0.06077	0.60434	0.18386	0.01926	0.00810	0.00252	0.00363	0.01722	0.00603	0.00531
136	0.04585	0.00629	0.00617	0.00613	0.00774	0.00638	0.00462	0.01522	0.01344	0.02429	0.02057	0.02352	0.01616	0.00746	0.00449	0.00153	0.00309	0.00592	0.77506	0.00606
137	0.01220	0.01148	0.01938	0.75739	0.04450	0.01436	0.01794	0.01651	0.01292	0.01651	0.01148	0.01723	0.00861	0.00646	0.00646	0.00215	0.00861	0.00574	0.00287	0.00718
138	0.02414	0.03079	0.01831	0.01665	0.01998	0.74698	0.01248	0.02580	0.01831	0.01581	0.00999	0.01165	0.00832	0.00666	0.00583	0.00166	0.01165	0.00416	0.00333	0.00749
139	0.01220	0.01148	0.01938	0.75739	0.04450	0.01436	0.01794	0.01651	0.01292	0.01651	0.01148	0.01723	0.00861	0.00646	0.00646	0.00215	0.00861	0.00574	0.00287	0.00718
140	0.02032	0.01599	0.01700	0.01401	0.01842	0.01806	0.01126	0.37308	0.37528	0.03388	0.02090	0.01981	0.01535	0.00826	0.00652	0.00207	0.00611	0.00656	0.00652	0.01061
141	0.00787	0.00562	0.00750	0.00900	0.00937	0.00525	0.00600	0.00900	0.01237	0.01649	0.03561	0.76871	0.04274	0.02024	0.00825	0.00262	0.00375	0.01837	0.00600	0.00525
142	0.00908	0.00660	0.00855	0.00806	0.00961	0.00607	0.00605	0.01207	0.01814	0.02556	0.70139	0.04885	0.08901	0.01334	0.00762	0.00204	0.00306	0.01177	0.00707	0.00607
143	0.02899	0.01100	0.01499	0.01150	0.01649	0.00950	0.00950	0.03149	0.01849	0.73709	0.02549	0.02199	0.01599	0.00800	0.00650	0.00200	0.00550	0.00650	0.00800	0.01100
144	0.00969	0.00716	0.00940	0.01037	0.01201	0.00688	0.00880	0.01238	0.01518	0.01958	0.10996	0.06813	0.18897	0.01707	0.00852	0.00271	0.00508	0.47617	0.00608	0.00586
145	0.81856	0.01250	0.00950	0.00850	0.01250	0.01449	0.00700	0.01899	0.01100	0.02899	0.00900	0.01050	0.00700	0.00600	0.00400	0.00200	0.00500	0.00350	0.00400	0.00700
146	0.01607	0.01388	0.01461	0.01315	0.01680	0.01607	0.01023	0.03433	0.72094	0.02703	0.02630	0.02411	0.01972	0.00877	0.00657	0.00219	0.00511	0.00731	0.00657	0.01023
147	0.01414	0.01414	0.01979	0.01696	0.01696	0.01979	0.01414	0.01555	0.00990	0.01555	0.00848	0.01414	0.00848	0.01131	0.02120	0.00283	0.76110	0.00565	0.00283	0.00707
148	0.01767	0.73408	0.03297	0.01138	0.01678	0.06688	0.01114	0.01972	0.01343	0.01524	0.00904	0.01044	0.00829	0.00559	0.00424	0.00140	0.00718	0.00350	0.00280	0.00825
149	0.01077	0.00658	0.00883	0.00938	0.01050	0.00629	0.00669	0.01224	0.01284	0.10285	0.03206	0.48418	0.05996	0.06689	0.10997	0.00382	0.00601	0.03841	0.00577	0.00596
150	0.01771	0.73146	0.03299	0.01128	0.01679	0.02524	0.01113	0.06070	0.01416	0.01673	0.00937	0.01067	0.00845	0.00566	0.00428	0.00142	0.00692	0.00360	0.00299	0.00845
151	0.01978	0.01545	0.01650	0.01377	0.01806	0.01743	0.01101	0.29962	0.42949	0.05328	0.02205	0.02067	0.01619	0.00835	0.00653	0.00209	0.00591	0.00670	0.00657	0.01055
152	0.00838	0.00685	0.00747	0.00749	0.00955	0.00605	0.00577	0.01086	0.03607	0.01924	0.16562	0.05988	0.53885	0.01578	0.00772	0.00223	0.00354	0.07668	0.00619	0.00574
153	0.01485	0.02135	0.24006	0.02835	0.26377	0.01561	0.25769	0.02074	0.03536	0.02095	0.01272	0.01603	0.00976	0.00585	0.00675	0.00205	0.00926	0.00616	0.00318	0.00951
154	0.79089	0.01226	0.00943	0.00851	0.01239	0.01418	0.00696	0.01865	0.01104	0.02856	0.00991	0.03638	0.00822	0.00648	0.00414	0.00202	0.00496	0.00401	0.00407	0.00694
155	0.01340	0.01148	0.01340	0.00957	0.01531	0.00861	0.00766	0.01627	0.01340	0.02105	0.01148	0.01340	0.00957	0.00479	0.00479	0.00096	0.00479	0.00383	0.00383	0.81242
156	0.00933	0.00629	0.00714	0.00711	0.00727	0.00623	0.00409	0.00958	0.01013	0.01355	0.06880	0.04323	0.04540	0.70155	0.03051	0.00587	0.00597	0.00967	0.00419	0.00410
157	0.01303	0.01253	0.01803	0.09610	0.01896	0.01706	0.01344	0.01492	0.01031	0.01555	0.01042	0.01652	0.00990	0.01756	0.15215	0.00413	0.54367	0.00590	0.00295	0.00684
158	0.00923	0.00692	0.01038	0.01038	0.01154	0.00808	0.00808	0.01154	0.01038	0.01500	0.01731	0.02538	0.01615	0.04846	0.74732	0.01038	0.01731	0.00692	0.00346	0.00577
159	0.01379	0.01347	0.02215	0.40035	0.24760	0.04139	0.07067	0.01779	0.01364	0.01808	0.01220	0.01729	0.00976	0.00940	0.06333	0.00270	0.00929	0.00592	0.00306	0.00812
160	0.25076	0.01142	0.01345	0.01065	0.01537	0.01090	0.00879	0.02798	0.01639	0.53821	0.02086	0.01876	0.01347	0.00744	0.00580	0.00200	0.00536	0.00566	0.00687	0.00987
161	0.00844	0.00758	0.04774	0.00971	0.01098	0.00615	0.02503	0.01024	0.01324	0.01777	0.10100	0.58910	0.09230	0.01816	0.00801	0.00249	0.00414	0.01638	0.00586	0.00566
162	0.01558	0.01181	0.01465	0.01232	0.07264	0.00951	0.00893	0.01900	0.03770	0.10790	0.01373	0.01500	0.01074	0.00538	0.00518	0.00120	0.00511	0.00442	0.00437	0.62482
163	0.01340	0.01148	0.01340	0.00957	0.01531	0.00861	0.00766	0.01627	0.01340	0.02105	0.01148	0.01340	0.00957	0.00479	0.00479	0.00096	0.00479	0.00383	0.00383	0.81242
164	0.01559	0.01464	0.02323	0.11309	0.51883	0.01538	0.01777	0.02227	0.15113	0.02175	0.01482	0.01770	0.01189	0.00642	0.00644	0.00200	0.00728	0.00605	0.00382	0.00990
165	0.03854	0.63988	0.14329	0.01213	0.01825	0.02362	0.01294	0.01951	0.01315	0.01640	0.00939	0.01088	0.00824	0.00564	0.00445	0.00150	0.00727	0.00366	0.00279	0.00845
166	0.00801	0.00649	0.00665	0.00665	0.00837	0.00562	0.00470	0.00930	0.01361	0.01642	0.05600	0.05801	0.58179	0.17507	0.01293	0.00304	0.00390	0.01275	0.00556	0.00513
167	0.01665	0.01588	0.02507	0.03567	0.61192	0.03638	0.01870	0.06587	0.01550	0.02186	0.01204	0.01570	0.01010	0.00633	0.00749	0.00198	0.06378	0.00571	0.00339	0.00997
168	0.00940	0.00626	0.00705	0.00705	0.00705	0.00626	0.00392	0.00940	0.00940	0.01253	0.02036	0.04228	0.02349	0.77292	0.03289	0.00626	0.00626	0.00940	0.00392	0.00392
169	0.00975	0.00701	0.00846	0.00795	0.00989	0.00638	0.00601	0.01285	0.04063	0.05317	0.47306	0.05062	0.26255	0.01381	0.00754	0.00208	0.00329	0.01192	0.00679	0.00624
170	0.01389	0.01147	0.01345	0.00963	0.01535	0.00864	0.00771	0.01675	0.01356	0.04373	0.01193	0.01367	0.00977	0.00489	0.00484	0.00099	0.00481	0.00391	0.00396	0.78704
171	0.00787	0.00562	0.00750	0.00900	0.00937	0.00525	0.00600	0.00900	0.01237	0.01649	0.03561	0.76871	0.04274	0.02024	0.00825	0.00262	0.00375	0.01837	0.00600	0.00525
172	0.05664	0.02870	0.01733	0.01579	0.01896	0.67627	0.01179	0.02463	0.01752	0.01619	0.01051	0.01326	0.00909	0.04802	0.00721	0.00193	0.01108	0.00442	0.00339	0.00728
173	0.01525	0.01743	0.03813	0.02723	0.03377	0.01634	0.70915	0.02070	0.01525	0.02070	0.01307	0.01743	0.00980	0.00545	0.00763	0.00218	0.01089	0.00763	0.00327	0.00871
174	0.01870	0.01495	0.01591	0.01357	0.01767	0.01698	0.01076	0.21756	0.51606	0.04878	0.02336	0.02173	0.01726	0.00847	0.00654	0.00212	0.00566	0.00688	0.00658	0.01045
175	0.01546	0.01613	0.05435	0.08930	0.52180	0.01546	0.15217	0.01978	0.01464	0.02067	0.01226	0.01627	0.00996	0.00576	0.00663	0.00199	0.00843	0.00608	0.00317	0.00969
176	0.01316	0.03070	0.63948	0.01989	0.07184	0.01481	0.05186	0.02018	0.01382	0.02047	0.01250	0.01605	0.00941	0.00650	0.00632	0.00208	0.00936	0.02926	0.00289	0.00943
177	0.00919	0.00626	0.00746	0.00765	0.00782	0.00634	0.00462	0.00958	0.00986	0.01328	0.02188	0.12849	0.02503	0.60319	0.10733	0.00627	0.00716	0.01022	0.00412	0.00428
178	0.01824	0.17050	0.01977	0.06890	0.01958	0.24440	0.01158	0.02642	0.27965	0.01991	0.01631	0.01705	0.01294	0.00896	0.03690	0.00221	0.00827	0.00543	0.00440	0.00858
179	0.62713	0.01236	0.01097	0.00933	0.01358	0.01362	0.00769	0.04379	0.01319	0.17824	0.01267	0.01307	0.00902	0.00647	0.00460	0.00200	0.00517	0.00420	0.00492	0.00797
180	0.02188	0.25216	0.14032	0.01413	0.05721	0.01606	0.01299	0.04894	0.01625	0.33333	0.01704	0.01648	0.01185	0.00680	0.00570	0.00181	0.00677	0.00521	0.00520	0.00988
181	0.01353	0.02998	0.60182	0.02220	0.14602	0.01510	0.04106	0.02036	0.01386	0.02058	0.01173	0.01413	0.00857	0.00606	0.00622	0.00203	0.00927	0.00501	0.00282	0.00964
182	0.00799	0.00571	0.00760	0.00892	0.00940	0.00532	0.00601	0.00928	0.01290	0.01734	0.09771	0.70421	0.04437	0.01961	0.00819	0.00257	0.00369	0.01777	0.00610	0.00532
183	0.00794	0.00657	0.00699	0.00709	0.00911	0.00562	0.00538	0.00976	0.01495	0.01824	0.11740	0.08669	0.60774	0.01633	0.00774	0.00223	0.00344	0.05515	0.00609	0.00553
184	0.01388	0.11704	0.62251	0.01767	0.02657	0.01612	0.04158	0.02060	0.01374	0.03637	0.01166	0.01357	0.00842	0.00609	0.00596	0.00197	0.00919	0.00475	0.00287	0.00942
185	0.00915	0.00636	0.00762	0.00790	0.00804	0.00643	0.00485	0.00958	0.01046	0.01407	0.04636	0.22876	0.02916	0.53074	0.02537	0.00508	0.02948	0.01166	0.00452	0.00443
186	0.00923	0.00692	0.01038	0.01038	0.01154	0.00808	0.00808	0.01154	0.01038	0.01500	0.01731	0.02538	0.01615	0.04846	0.74732	0.01038	0.01731	0.00692	0.00346	0.00577
187	0.01650	0.01632	0.02573	0.03822	0.68801	0.06114	0.01937	0.02020	0.01494	0.02078	0.01202	0.01572	0.01012	0.00581	0.00636	0.00190	0.00792	0.00566	0.00321	0.01006
188	0.01716	0.01648	0.02770	0.02078	0.02621	0.01692	0.37422	0.14842	0.23014	0.02619	0.01749	0.01909	0.01300	0.00686	0.00710	0.00214	0.00848	0.00721	0.00483	0.00958
189	0.01340	0.01148	0.01340	0.00957	0.01531	0.00861	0.00766	0.01627	0.01340	0.02105	0.01148	0.01340	0.00957	0.00479	0.00479	0.00096	0.00479	0.00383	0.00383	0.81242
190	0.03499	0.17511	0.55928	0.01650	0.02497	0.01683	0.02046	0.02060	0.01365	0.04512	0.01152	0.01323	0.00845	0.00608	0.00571	0.00192	0.00878	0.00455	0.00295	0.00929
191	0.01525	0.01743	0.03813	0.02723	0.03377	0.01634	0.70915	0.02070	0.01525	0.02070	0.01307	0.01743	0.00980	0.00545	0.00763	0.00218	0.01089	0.00763	0.00327	0.00871
192	0.01599	0.01535	0.02623	0.03966	0.73262	0.01535	0.01983	0.01983	0.01471	0.02111	0.01215	0.01599	0.01023	0.00576	0.00640	0.00192	0.00768	0.00576	0.00320	0.01023
193	0.04415	0.02921	0.01818	0.01628	0.01979	0.66444	0.01233	0.08607	0.01919	0.01834	0.01045	0.01196	0.00852	0.00674	0.00584	0.00170	0.01108	0.00429	0.00362	0.00779
194	0.02414	0.03079	0.01831	0.01665	0.01998	0.74698	0.01248	0.02580	0.01831	0.01581	0.00999	0.01165	0.00832	0.00666	0.00583	0.00166	0.01165	0.00416	0.00333	0.00749
195	0.00777	0.00603	0.00708	0.00792	0.00909	0.00534	0.00552	0.00912	0.01341	0.01692	0.04878	0.45693	0.34601	0.01853	0.00798	0.00243	0.00354	0.01628	0.00600	0.00534
196	0.81856	0.01250	0.00950	0.00850	0.01250	0.01449	0.00700	0.01899	0.01100	0.02899	0.00900	0.01050	0.00700	0.00600	0.00400	0.00200	0.00500	0.00350	0.00400	0.00700
197	0.01249	0.01178	0.01991	0.70201	0.09760	0.01443	0.01809	0.01677	0.01306	0.01686	0.01154	0.01713	0.00874	0.00641	0.00646	0.00214	0.00854	0.00574	0.00290	0.00741
198	0.00937	0.00637	0.00758	0.00758	0.00776	0.00655	0.00458	0.00974	0.00955	0.01292	0.01987	0.03960	0.02233	0.65799	0.14623	0.00692	0.00802	0.00900	0.00384	0.00421
199	0.00990	0.00739	0.00929	0.00867	0.01043	0.00718	0.00655	0.01460	0.09457	0.02603	0.65290	0.04564	0.05649	0.01273	0.00751	0.00205	0.00327	0.01121	0.00705	0.00655
200	0.01411	0.01405	0.01958	0.01672	0.01691	0.01943	0.01393	0.01557	0.01001	0.01573	0.00858	0.01411	0.00852	0.01110	0.02067	0.00277	0.73655	0.00560	0.00286	0.03320
201	0.00764	0.00652	0.00658	0.00663	0.00875	0.00545	0.00494	0.00926	0.01465	0.01742	0.06449	0.08511	0.70769	0.01649	0.00766	0.00220	0.00329	0.01379	0.00600	0.00545
202	0.00764	0.00651	0.00658	0.00663	0.00875	0.00545	0.00495	0.00926	0.01464	0.01742	0.06440	0.08718	0.70568	0.01650	0.00766	0.00220	0.00329	0.01380	0.00600	0.00545
203	0.01296	0.03342	0.73944	0.01842	0.02797	0.01501	0.02387	0.02046	0.01364	0.02046	0.01160	0.01364	0.00818	0.00614	0.00614	0.00205	0.00955	0.00477	0.00273	0.00955
204	0.04829	0.46200	0.02704	0.01306	0.01775	0.27977	0.01146	0.04377	0.01544	0.01672	0.00955	0.01099	0.00834	0.00602	0.00481	0.00152	0.00852	0.00378	0.00313	0.00805
205	0.02370	0.01756	0.01918	0.01546	0.04477	0.01936	0.01224	0.66069	0.02905	0.03899	0.01557	0.01652	0.01142	0.03595	0.00744	0.00210	0.00710	0.00595	0.00625	0.01070
206	0.01340	0.01148	0.01340	0.00957	0.01531	0.00861	0.00766	0.01627	0.01340	0.02105	0.01148	0.01340	0.00957	0.00479	0.00479	0.00096	0.00479	0.00383	0.00383	0.81242
207	0.00972	0.00674	0.00876	0.00818	0.00984	0.00618	0.00616	0.01270	0.01816	0.04838	0.68215	0.04794	0.08424	0.01316	0.00759	0.00204	0.00314	0.01159	0.00710	0.00623
208	0.00932	0.00657	0.00858	0.00858	0.00911	0.00710	0.00583	0.01038	0.00985	0.01367	0.01895	0.03451	0.02011	0.43951	0.36168	0.00816	0.01135	0.00826	0.00371	0.00477
209	0.01340	0.01148	0.01340	0.00957	0.01531	0.00861	0.00766	0.01627	0.01340	0.02105	0.01148	0.01340	0.00957	0.00479	0.00479	0.00096	0.00479	0.00383	0.00383	0.81242
210	0.00905	0.00657	0.00853	0.00811	0.00961	0.00605	0.00605	0.01199	0.01796	0.02530	0.68312	0.07421	0.08203	0.01356	0.00764	0.00206	0.00308	0.01199	0.00704	0.00605
211	0.00791	0.00658	0.00692	0.00691	0.00899	0.00560	0.00523	0.00976	0.01516	0.01853	0.14426	0.06086	0.62706	0.01603	0.00768	0.00219	0.00333	0.03532	0.00613	0.00555
212	0.01216	0.00946	0.01287	0.01482	0.10967	0.00992	0.01019	0.06772	0.07544	0.02038	0.04613	0.11032	0.02668	0.10557	0.11770	0.00407	0.00759	0.22721	0.00512	0.00696
213	0.01727	0.77681	0.03386	0.01106	0.01658	0.02557	0.01106	0.01935	0.01313	0.01520	0.00898	0.01036	0.00829	0.00553	0.00415	0.00138	0.00691	0.00345	0.00276	0.00829
214	0.02224	0.18595	0.02185	0.04075	0.06260	0.07581	0.01204	0.29161	0.02123	0.15506	0.01513	0.01564	0.01112	0.00841	0.03059	0.00209	0.00756	0.00531	0.00524	0.00976
215	0.02082	0.04767	0.08864	0.02078	0.13665	0.45291	0.05225	0.04434	0.04228	0.01848	0.01137	0.01337	0.00918	0.00647	0.00604	0.00179	0.01027	0.00481	0.00344	0.00842
216	0.21050	0.38070	0.02359	0.01205	0.01658	0.22955	0.01050	0.02111	0.01410	0.01867	0.00927	0.01076	0.00799	0.00596	0.00459	0.00161	0.00781	0.00367	0.00322	0.00775
217	0.01272	0.01121	0.01317	0.10302	0.01745	0.05547	0.02796	0.02061	0.23779	0.02402	0.33293	0.05940	0.03637	0.01063	0.00706	0.00210	0.00514	0.00925	0.00605	0.00765
218	0.00901	0.00660	0.00845	0.00799	0.00957	0.00604	0.00599	0.01193	0.01797	0.02515	0.66953	0.04952	0.12112	0.01349	0.00762	0.00205	0.00307	0.01186	0.00701	0.00604
219	0.03420	0.00620	0.00612	0.00609	0.00766	0.00626	0.00458	0.01516	0.01348	0.02422	0.02075	0.02372	0.01630	0.00749	0.00450	0.00152	0.00307	0.00595	0.78668	0.00605
220	0.02456	0.01810	0.01939	0.01487	0.02004	0.02004	0.01228	0.71107	0.03038	0.04072	0.01551	0.01551	0.01099	0.00776	0.00646	0.00194	0.00711	0.00582	0.00646	0.01099
221	0.00796	0.00569	0.00760	0.00910	0.00951	0.00533	0.00615	0.00915	0.01246	0.01659	0.03556	0.74408	0.04254	0.02016	0.00827	0.00264	0.00383	0.04210	0.00600	0.00527
222	0.01340	0.01148	0.01340	0.00957	0.01531	0.00861	0.00766	0.01627	0.01340	0.02105	0.01148	0.01340	0.00957	0.00479	0.00479	0.00096	0.00479	0.00383	0.00383	0.81242
223	0.01340	0.01148	0.01340	0.00957	0.01531	0.00861	0.00766	0.01627	0.01340	0.02105	0.01148	0.01340	0.00957	0.00479	0.00479	0.00096	0.00479	0.00383	0.00383	0.81242
224	0.00785	0.00571	0.00741	0.00876	0.00931	0.00527	0.00589	0.00902	0.01260	0.01659	0.03851	0.70020	0.10937	0.01987	0.00819	0.00258	0.00370	0.01791	0.00600	0.00527
225	0.00764	0.00655	0.00655	0.00655	0.00873	0.00545	0.00491	0.00927	0.01473	0.01745	0.06546	0.06218	0.73000	0.01636	0.00764	0.00218	0.00327	0.01364	0.00600	0.00545
226	0.02414	0.03079	0.01831	0.01665	0.01998	0.74698	0.01248	0.02580	0.01831	0.01581	0.00999	0.01165	0.00832	0.00666	0.00583	0.00166	0.01165	0.00416	0.00333	0.00749
227	0.02456	0.01810	0.01939	0.01487	0.02004	0.02004	0.01228	0.71107	0.03038	0.04072	0.01551	0.01551	0.01099	0.00776	0.00646	0.00194	0.00711	0.00582	0.00646	0.01099
228	0.01337	0.10442	0.67206	0.01771	0.02688	0.01601	0.02265	0.02036	0.01359	0.01996	0.01135	0.01333	0.00820	0.00608	0.00595	0.00198	0.00930	0.00465	0.00273	0.00943
229	0.01397	0.01390	0.01975	0.08164	0.01937	0.01932	0.01447	0.01563	0.01016	0.01563	0.00874	0.01441	0.00849	0.01089	0.01992	0.00277	0.69537	0.00566	0.00283	0.00708
230	0.02297	0.01731	0.01850	0.01454	0.01943	0.01929	0.01190	0.58431	0.15973	0.03816	0.01753	0.01712	0.01262	0.00795	0.00648	0.00199	0.00674	0.00610	0.00648	0.01085
231	0.01599	0.01535	0.02623	0.03966	0.73262	0.01535	0.01983	0.01983	0.01471	0.02111	0.01215	0.01599	0.01023	0.00576	0.00640	0.00192	0.00768	0.00576	0.00320	0.01023
232	0.00764	0.00655	0.00655	0.00655	0.00873	0.00545	0.00491	0.00927	0.01473	0.01745	0.06546	0.06218	0.73000	0.01636	0.00764	0.00218	0.00327	0.01364	0.00600	0.00545
233	0.02321	0.01783	0.01894	0.01540	0.03989	0.03964	0.01224	0.58492	0.11878	0.03770	0.01666	0.01653	0.01202	0.00780	0.00646	0.00196	0.00699	0.00596	0.00630	0.01077
234	0.00855	0.00633	0.00845	0.00979	0.03261	0.00591	0.00667	0.01033	0.01404	0.01889	0.18276	0.49119	0.09903	0.01784	0.00805	0.00247	0.00384	0.06145	0.00614	0.00565
235	0.01855	0.40438	0.16582	0.01413	0.01983	0.22094	0.01397	0.04329	0.01520	0.01720	0.00997	0.01152	0.00837	0.00603	0.00507	0.00161	0.00873	0.00398	0.00303	0.00840
236	0.01607	0.01388	0.01461	0.01315	0.01680	0.01607	0.01023	0.03433	0.72094	0.02703	0.02630	0.02411	0.01972	0.00877	0.00657	0.00219	0.00511	0.00731	0.00657	0.01023
237	0.01427	0.01324	0.02178	0.46116	0.28449	0.01504	0.01827	0.05919	0.01459	0.01957	0.01196	0.01669	0.00932	0.00629	0.00644	0.00206	0.00819	0.00575	0.00320	0.00848
238	0.02373	0.07539	0.01924	0.01631	0.01977	0.70386	0.01240	0.02542	0.01800	0.01578	0.00993	0.01158	0.00832	0.00659	0.00573	0.00165	0.01137	0.00412	0.00330	0.00754
239	0.00874	0.00659	0.00807	0.00770	0.00940	0.00592	0.00577	0.01140	0.01732	0.02362	0.54932	0.05204	0.24229	0.01406	0.00763	0.00207	0.00311	0.01221	0.00681	0.00592
240	0.00901	0.00610	0.00716	0.00754	0.00763	0.00601	0.00444	0.00930	0.01014	0.01352	0.02418	0.22407	0.02831	0.58457	0.02672	0.00535	0.00563	0.01164	0.00444	0.00425
241	0.00764	0.00655	0.00655	0.00655	0.00873	0.00545	0.00491	0.00927	0.01473	0.01745	0.06546	0.06218	0.73000	0.01636	0.00764	0.00218	0.00327	0.01364	0.00600	0.00545
