[name]
unknown

[dist]
# distance from previous block
# <min> <max>
0	6

[block]
# block no. 0 follows, 33 sequences, length 78
# corresponding to MSA columns:
# 6-83
name=unknown_A
#
# <colnr> <probs for GDERKNQSTAVLIFYWHMCP>
#	G	D	E	R	K	N	Q	S	T	A	V	L	I	F	Y	W	H	M	C	P
0	0.02192	0.01510	0.01663	0.01352	0.01800	0.01642	0.01097	0.35577	0.21846	0.13749	0.02262	0.02263	0.03666	0.00878	0.00667	0.00208	0.00615	0.02645	0.03320	0.01050
1	0.00835	0.00675	0.00745	0.00755	0.00941	0.00596	0.00555	0.01070	0.03573	0.01950	0.18155	0.16809	0.47720	0.01647	0.00784	0.00227	0.00342	0.01409	0.00634	0.00579
2	0.01817	0.03499	0.01609	0.10035	0.01986	0.01341	0.03197	0.06849	0.26898	0.18592	0.11948	0.05136	0.02329	0.00924	0.00683	0.00214	0.00575	0.00788	0.00641	0.00941
3	0.01558	0.01998	0.18291	0.02853	0.24596	0.01543	0.29772	0.02082	0.01505	0.04870	0.01391	0.03966	0.01105	0.00636	0.00703	0.00212	0.00935	0.00685	0.00346	0.00952
4	0.01637	0.01414	0.01489	0.01340	0.01712	0.01637	0.01042	0.03498	0.71568	0.02754	0.02679	0.02456	0.02010	0.00893	0.00670	0.00223	0.00521	0.00744	0.00670	0.01042
5	0.01920	0.16426	0.24645	0.01719	0.02317	0.34032	0.06022	0.02308	0.01602	0.01780	0.01070	0.01265	0.00853	0.00633	0.00585	0.00180	0.01029	0.00453	0.00309	0.00851
6	0.00802	0.00573	0.00764	0.00917	0.00955	0.00535	0.00611	0.00917	0.01260	0.01681	0.03628	0.76434	0.04354	0.02062	0.00840	0.00267	0.00382	0.01872	0.00611	0.00535
7	0.07364	0.68209	0.03296	0.01189	0.01746	0.02479	0.04493	0.01975	0.01333	0.01675	0.00936	0.01092	0.00843	0.00566	0.00439	0.00149	0.00710	0.00373	0.00293	0.00838
8	0.76310	0.03373	0.01069	0.00905	0.01314	0.04337	0.00746	0.01963	0.01155	0.02864	0.00921	0.01074	0.00722	0.00612	0.00415	0.00201	0.00541	0.00359	0.00401	0.00718
9	0.00895	0.00686	0.00725	0.00709	0.00936	0.00579	0.00534	0.01073	0.01533	0.05330	0.10299	0.08321	0.62847	0.01619	0.00774	0.00222	0.00345	0.01357	0.00628	0.00587
10	0.00801	0.00577	0.00760	0.00907	0.00952	0.00536	0.00607	0.00918	0.01270	0.01684	0.03745	0.73739	0.06974	0.02047	0.00838	0.00266	0.00380	0.01853	0.00611	0.00536
11	0.01365	0.01170	0.01365	0.00975	0.01560	0.00878	0.00780	0.01658	0.01365	0.02145	0.01170	0.01365	0.00975	0.00488	0.00488	0.00098	0.00488	0.00390	0.00390	0.80888
12	0.00802	0.00573	0.00764	0.00917	0.00955	0.00535	0.00611	0.00917	0.01260	0.01681	0.03628	0.76434	0.04354	0.02062	0.00840	0.00267	0.00382	0.01872	0.00611	0.00535
13	0.00873	0.00665	0.00803	0.00780	0.00951	0.00594	0.00581	0.01124	0.01707	0.02298	0.46554	0.09733	0.27949	0.01495	0.00781	0.00216	0.00322	0.01298	0.00680	0.00594
14	0.05201	0.01270	0.01536	0.01200	0.01694	0.06252	0.00982	0.03130	0.01861	0.66021	0.02435	0.02131	0.01547	0.00799	0.00650	0.00201	0.00604	0.00636	0.00769	0.01083
15	0.01243	0.01170	0.01975	0.75282	0.04534	0.01463	0.01828	0.01682	0.01316	0.01682	0.01170	0.01755	0.00878	0.00658	0.00658	0.00219	0.00878	0.00585	0.00293	0.00731
16	0.81514	0.01273	0.00968	0.00866	0.01273	0.01477	0.00713	0.01935	0.01120	0.02954	0.00917	0.01069	0.00713	0.00611	0.00407	0.00204	0.00509	0.00356	0.00407	0.00713
17	0.01629	0.01564	0.02672	0.04041	0.72757	0.01564	0.02020	0.02020	0.01499	0.02151	0.01238	0.01629	0.01043	0.00587	0.00652	0.00196	0.00782	0.00587	0.00326	0.01043
18	0.00932	0.00673	0.00880	0.00828	0.00984	0.00621	0.00621	0.01242	0.01863	0.02640	0.72410	0.04918	0.06212	0.01346	0.00776	0.00207	0.00311	0.01191	0.00725	0.00621
19	0.01243	0.01170	0.01975	0.75282	0.04534	0.01463	0.01828	0.01682	0.01316	0.01682	0.01170	0.01755	0.00878	0.00658	0.00658	0.00219	0.00878	0.00585	0.00293	0.00731
20	0.01760	0.77260	0.03450	0.01126	0.01690	0.02605	0.01126	0.01971	0.01338	0.01549	0.00915	0.01056	0.00845	0.00563	0.00422	0.00141	0.00704	0.00352	0.00282	0.00845
21	0.00778	0.00667	0.00667	0.00667	0.00889	0.00556	0.00500	0.00945	0.01501	0.01778	0.06669	0.06336	0.72490	0.01667	0.00778	0.00222	0.00333	0.01389	0.00611	0.00556
22	0.00940	0.00705	0.01058	0.01058	0.01176	0.00823	0.00823	0.01176	0.01058	0.01528	0.01763	0.02586	0.01646	0.04937	0.74255	0.01058	0.01763	0.00705	0.00353	0.00588
23	0.01394	0.02909	0.52746	0.02222	0.07383	0.01563	0.18281	0.02086	0.01435	0.02095	0.01220	0.01495	0.00886	0.00607	0.00663	0.00211	0.00993	0.00561	0.00294	0.00957
24	0.00924	0.00673	0.00870	0.00820	0.00979	0.00618	0.00615	0.01228	0.01846	0.02598	0.69185	0.04987	0.09462	0.01362	0.00777	0.00208	0.00312	0.01200	0.00719	0.00618
25	0.01915	0.60980	0.03107	0.01244	0.01766	0.15511	0.01158	0.04727	0.01501	0.01660	0.00959	0.01100	0.00856	0.00593	0.00462	0.00148	0.00792	0.00374	0.00306	0.00841
26	0.04447	0.15135	0.10979	0.01391	0.01972	0.07630	0.03422	0.19458	0.01915	0.12932	0.01424	0.01486	0.01049	0.00664	0.00577	0.00173	0.00734	0.00500	0.00482	0.13629
27	0.11004	0.02233	0.24038	0.02395	0.19064	0.06529	0.14862	0.03742	0.03566	0.02228	0.01225	0.01506	0.00944	0.00634	0.00684	0.00208	0.03314	0.00559	0.00340	0.00926
28	0.01610	0.01385	0.01465	0.01320	0.01684	0.01598	0.01026	0.03411	0.68872	0.02749	0.05377	0.02551	0.02172	0.00911	0.00674	0.00223	0.00513	0.00762	0.00672	0.01026
29	0.00802	0.00573	0.00764	0.00917	0.00955	0.00535	0.00611	0.00917	0.01260	0.01681	0.03628	0.76434	0.04354	0.02062	0.00840	0.00267	0.00382	0.01872	0.00611	0.00535
30	0.00802	0.00573	0.00764	0.00917	0.00955	0.00535	0.00611	0.00917	0.01260	0.01681	0.03628	0.76434	0.04354	0.02062	0.00840	0.00267	0.00382	0.01872	0.00611	0.00535
31	0.00957	0.00638	0.00718	0.00718	0.00718	0.00638	0.00399	0.00957	0.00957	0.01276	0.02074	0.04308	0.02393	0.76864	0.03351	0.00638	0.00638	0.00957	0.00399	0.00399
32	0.00912	0.00672	0.00852	0.00807	0.00971	0.00613	0.00605	0.01203	0.01816	0.02527	0.63802	0.05103	0.14890	0.01388	0.00777	0.00209	0.00314	0.01217	0.00710	0.00613
33	0.02954	0.01120	0.01528	0.01171	0.01681	0.00968	0.00968	0.03208	0.01884	0.73213	0.02597	0.02241	0.01630	0.00815	0.00662	0.00204	0.00560	0.00662	0.00815	0.01120
34	0.01672	0.01431	0.01508	0.01347	0.01725	0.01654	0.01050	0.06185	0.68825	0.02810	0.02635	0.02421	0.01974	0.00889	0.00669	0.00222	0.00529	0.00738	0.00669	0.01045
35	0.01760	0.77260	0.03450	0.01126	0.01690	0.02605	0.01126	0.01971	0.01338	0.01549	0.00915	0.01056	0.00845	0.00563	0.00422	0.00141	0.00704	0.00352	0.00282	0.00845
36	0.01243	0.01170	0.01975	0.75282	0.04534	0.01463	0.01828	0.01682	0.01316	0.01682	0.01170	0.01755	0.00878	0.00658	0.00658	0.00219	0.00878	0.00585	0.00293	0.00731
37	0.00786	0.00670	0.00678	0.00683	0.00903	0.00562	0.00517	0.00957	0.01501	0.01784	0.06576	0.06368	0.70475	0.01672	0.00782	0.00225	0.00341	0.03353	0.00611	0.00557
38	0.02503	0.01844	0.01976	0.01515	0.02042	0.02042	0.01251	0.70562	0.03095	0.04149	0.01581	0.01581	0.01120	0.00790	0.00659	0.00198	0.00724	0.00593	0.00659	0.01120
39	0.02954	0.01120	0.01528	0.01171	0.01681	0.00968	0.00968	0.03208	0.01884	0.73213	0.02597	0.02241	0.01630	0.00815	0.00662	0.00204	0.00560	0.00662	0.00815	0.01120
40	0.00940	0.00705	0.01058	0.01058	0.01176	0.00823	0.00823	0.01176	0.01058	0.01528	0.01763	0.02586	0.01646	0.04937	0.74255	0.01058	0.01763	0.00705	0.00353	0.00588
41	0.01760	0.77260	0.03450	0.01126	0.01690	0.02605	0.01126	0.01971	0.01338	0.01549	0.00915	0.01056	0.00845	0.00563	0.00422	0.00141	0.00704	0.00352	0.00282	0.00845
42	0.00945	0.00670	0.00868	0.00819	0.00974	0.00621	0.00614	0.01255	0.01842	0.02632	0.69307	0.04809	0.06012	0.01320	0.00762	0.00205	0.00310	0.01165	0.04248	0.00621
43	0.00854	0.00719	0.00725	0.00704	0.00940	0.00621	0.00533	0.04019	0.01571	0.01883	0.06444	0.06126	0.69338	0.01629	0.00773	0.00221	0.00351	0.01354	0.00613	0.00581
44	0.01061	0.00758	0.01061	0.01212	0.01364	0.00758	0.01061	0.01364	0.01515	0.01970	0.03486	0.07426	0.03789	0.01819	0.00909	0.00303	0.00606	0.68326	0.00606	0.00606
45	0.06475	0.08549	0.31556	0.01894	0.09583	0.14378	0.03674	0.05303	0.04289	0.06457	0.01288	0.01446	0.00963	0.00652	0.00603	0.00195	0.00893	0.00501	0.00368	0.00934
46	0.02459	0.03138	0.01866	0.01696	0.02035	0.74221	0.01272	0.02629	0.01866	0.01611	0.01018	0.01187	0.00848	0.00678	0.00594	0.00170	0.01187	0.00424	0.00339	0.00763
47	0.02039	0.01352	0.01537	0.01262	0.01720	0.01397	0.01008	0.11045	0.34838	0.21049	0.02300	0.02132	0.01650	0.00799	0.00639	0.00196	0.00550	0.00651	0.00664	0.13174
48	0.00798	0.00668	0.00695	0.00688	0.00902	0.00564	0.00516	0.00984	0.01548	0.01892	0.15320	0.06149	0.63769	0.01625	0.00778	0.00220	0.00330	0.01363	0.00626	0.00564
49	0.01365	0.01170	0.01365	0.00975	0.01560	0.00878	0.00780	0.01658	0.01365	0.02145	0.01170	0.01365	0.00975	0.00488	0.00488	0.00098	0.00488	0.00390	0.00390	0.80888
50	0.01628	0.45919	0.27512	0.01473	0.02173	0.04983	0.04356	0.02041	0.01385	0.01758	0.01028	0.01205	0.00847	0.00589	0.00513	0.00168	0.00832	0.00418	0.00285	0.00887
51	0.01629	0.01564	0.02672	0.04041	0.72757	0.01564	0.02020	0.02020	0.01499	0.02151	0.01238	0.01629	0.01043	0.00587	0.00652	0.00196	0.00782	0.00587	0.00326	0.01043
52	0.81514	0.01273	0.00968	0.00866	0.01273	0.01477	0.00713	0.01935	0.01120	0.02954	0.00917	0.01069	0.00713	0.00611	0.00407	0.00204	0.00509	0.00356	0.00407	0.00713
53	0.00953	0.00719	0.00852	0.00866	0.03472	0.00632	0.00618	0.01185	0.01652	0.04977	0.30986	0.05475	0.42278	0.01475	0.00768	0.00215	0.00350	0.01258	0.00652	0.00620
54	0.00813	0.00584	0.00774	0.00923	0.00971	0.00545	0.00628	0.00937	0.01278	0.01696	0.03706	0.71463	0.06199	0.02041	0.00842	0.00268	0.00391	0.04793	0.00611	0.00538
55	0.00802	0.00573	0.00764	0.00917	0.00955	0.00535	0.00611	0.00917	0.01260	0.01681	0.03628	0.76434	0.04354	0.02062	0.00840	0.00267	0.00382	0.01872	0.00611	0.00535
56	0.01637	0.01414	0.01489	0.01340	0.01712	0.01637	0.01042	0.03498	0.71568	0.02754	0.02679	0.02456	0.02010	0.00893	0.00670	0.00223	0.00521	0.00744	0.00670	0.01042
57	0.01564	0.01507	0.02601	0.15587	0.59231	0.01551	0.04382	0.01968	0.01471	0.02073	0.01230	0.01655	0.01014	0.00597	0.00657	0.00200	0.00809	0.00593	0.00321	0.00987
58	0.00802	0.00573	0.00764	0.00917	0.00955	0.00535	0.00611	0.00917	0.01260	0.01681	0.03628	0.76434	0.04354	0.02062	0.00840	0.00267	0.00382	0.01872	0.00611	0.00535
59	0.02503	0.01844	0.01976	0.01515	0.02042	0.02042	0.01251	0.70562	0.03095	0.04149	0.01581	0.01581	0.01120	0.00790	0.00659	0.00198	0.00724	0.00593	0.00659	0.01120
60	0.01319	0.05318	0.65155	0.01891	0.05411	0.01512	0.02290	0.02022	0.01386	0.02052	0.01296	0.05070	0.01015	0.00693	0.00631	0.00209	0.00929	0.00554	0.00296	0.00950
61	0.00957	0.00638	0.00718	0.00718	0.00718	0.00638	0.00399	0.00957	0.00957	0.01276	0.02074	0.04308	0.02393	0.76864	0.03351	0.00638	0.00638	0.00957	0.00399	0.00399
62	0.01144	0.00572	0.00858	0.00858	0.00858	0.00572	0.00572	0.00858	0.00858	0.01144	0.01144	0.02001	0.01144	0.02287	0.02573	0.80846	0.00572	0.00572	0.00286	0.00286
63	0.00957	0.00638	0.00718	0.00718	0.00718	0.00638	0.00399	0.00957	0.00957	0.01276	0.02074	0.04308	0.02393	0.76864	0.03351	0.00638	0.00638	0.00957	0.00399	0.00399
64	0.01699	0.09876	0.17704	0.02300	0.18798	0.06680	0.09578	0.10711	0.01619	0.02193	0.01189	0.01492	0.00954	0.00739	0.00860	0.02913	0.08876	0.00551	0.00350	0.00921
65	0.00957	0.00669	0.00823	0.00826	0.00851	0.00705	0.00525	0.01014	0.01000	0.01363	0.02096	0.09268	0.02354	0.55509	0.16540	0.00680	0.02996	0.00967	0.00403	0.00454
66	0.00802	0.00573	0.00764	0.00917	0.00955	0.00535	0.00611	0.00917	0.01260	0.01681	0.03628	0.76434	0.04354	0.02062	0.00840	0.00267	0.00382	0.01872	0.00611	0.00535
67	0.01976	0.06281	0.08864	0.04577	0.26739	0.01831	0.04308	0.31933	0.02173	0.02967	0.01365	0.01562	0.01039	0.00678	0.00644	0.00196	0.00785	0.00574	0.00463	0.01043
68	0.09418	0.17509	0.04059	0.01902	0.16309	0.15210	0.01341	0.15759	0.01846	0.08864	0.01291	0.01418	0.00999	0.00663	0.00573	0.00182	0.00789	0.00493	0.00436	0.00941
69	0.01664	0.64692	0.05407	0.01142	0.01671	0.02355	0.01127	0.01965	0.04167	0.01667	0.04539	0.01380	0.01190	0.00810	0.03717	0.00190	0.00733	0.00429	0.00322	0.00835
70	0.00896	0.00672	0.00831	0.00791	0.00962	0.00606	0.00593	0.01174	0.01780	0.02441	0.57221	0.05245	0.21524	0.01420	0.00777	0.00211	0.00316	0.01237	0.00699	0.00606
71	0.01277	0.01198	0.01995	0.66528	0.09280	0.01441	0.01791	0.01705	0.01332	0.01738	0.01175	0.01727	0.00894	0.00645	0.00649	0.00212	0.00852	0.00576	0.00300	0.04685
72	0.02403	0.03055	0.01825	0.01661	0.01997	0.71747	0.01246	0.02572	0.01853	0.01617	0.01207	0.01360	0.03254	0.00712	0.00600	0.00171	0.01159	0.00456	0.00348	0.00756
73	0.01440	0.01440	0.02016	0.01728	0.01728	0.02016	0.01440	0.01584	0.01008	0.01584	0.00864	0.01440	0.00864	0.01152	0.02160	0.00288	0.75659	0.00576	0.00288	0.00720
74	0.00802	0.00573	0.00764	0.00917	0.00955	0.00535	0.00611	0.00917	0.01260	0.01681	0.03628	0.76434	0.04354	0.02062	0.00840	0.00267	0.00382	0.01872	0.00611	0.00535
75	0.01053	0.00863	0.01244	0.05927	0.14428	0.00834	0.00936	0.01359	0.01690	0.02337	0.43328	0.07078	0.13896	0.01236	0.00749	0.00210	0.00438	0.01096	0.00605	0.00693
76	0.01774	0.17333	0.14201	0.01602	0.09326	0.03720	0.01364	0.08886	0.03376	0.09083	0.01331	0.01464	0.01029	0.00633	0.00603	0.00166	0.02785	0.00481	0.00413	0.20431
77	0.00823	0.00684	0.00724	0.00722	0.00933	0.00575	0.00529	0.00985	0.01440	0.01770	0.05756	0.15599	0.56324	0.04282	0.00859	0.00235	0.00360	0.01380	0.00590	0.05429

[dist]
# distance from previous block
# <min> <max>
3	7

[block]
# block no. 1 follows, 33 sequences, length 6
# corresponding to MSA columns:
# 91-96
name=unknown_B
#
# <colnr> <probs for GDERKNQSTAVLIFYWHMCP>
#	G	D	E	R	K	N	Q	S	T	A	V	L	I	F	Y	W	H	M	C	P
0	0.07961	0.55319	0.06892	0.01386	0.06196	0.09436	0.01236	0.02042	0.01386	0.01731	0.00960	0.01124	0.00847	0.00583	0.00464	0.00156	0.00756	0.00381	0.00300	0.00846
1	0.12329	0.00915	0.01124	0.01143	0.04721	0.01056	0.00784	0.01303	0.01071	0.01719	0.01751	0.08981	0.01861	0.30120	0.12441	0.00507	0.13611	0.00818	0.03169	0.00577
2	0.01222	0.00680	0.00913	0.00966	0.01096	0.00619	0.00681	0.01363	0.01382	0.15628	0.03427	0.61968	0.03823	0.01819	0.00806	0.00255	0.00417	0.01636	0.00651	0.00649
3	0.01442	0.16007	0.01772	0.01005	0.01585	0.01214	0.00848	0.01719	0.01360	0.02029	0.01120	0.01305	0.00950	0.00502	0.00475	0.00106	0.00530	0.00383	0.00369	0.65281
4	0.17378	0.07458	0.11858	0.01730	0.15144	0.01449	0.01297	0.07228	0.03559	0.13870	0.01511	0.01816	0.01193	0.08153	0.00845	0.00237	0.00678	0.00557	0.00455	0.03585
5	0.01705	0.01907	0.19707	0.02261	0.13071	0.01386	0.24222	0.02207	0.01597	0.15229	0.08503	0.02056	0.01594	0.00702	0.00701	0.00210	0.00848	0.00698	0.00446	0.00948

[dist]
# distance from previous block
# <min> <max>
1	4

[block]
# block no. 2 follows, 33 sequences, length 51
# corresponding to MSA columns:
# 101-151
name=unknown_C
#
# <colnr> <probs for GDERKNQSTAVLIFYWHMCP>
#	G	D	E	R	K	N	Q	S	T	A	V	L	I	F	Y	W	H	M	C	P
0	0.01573	0.05769	0.14878	0.01229	0.01830	0.01238	0.01168	0.11718	0.01655	0.05704	0.03959	0.05319	0.01350	0.00686	0.00570	0.00152	0.00615	0.00551	0.00445	0.39590
1	0.01588	0.01674	0.07864	0.03662	0.62485	0.01513	0.01963	0.01999	0.01481	0.02145	0.01229	0.01593	0.01022	0.00582	0.00638	0.00190	0.00775	0.00565	0.00327	0.06703
2	0.00940	0.00705	0.01058	0.01058	0.01176	0.00823	0.00823	0.01176	0.01058	0.01528	0.01763	0.02586	0.01646	0.04937	0.74255	0.01058	0.01763	0.00705	0.00353	0.00588
3	0.01469	0.01401	0.02383	0.33582	0.44467	0.01522	0.01941	0.01880	0.01423	0.01956	0.01210	0.01682	0.00974	0.00616	0.00654	0.00205	0.00822	0.00586	0.00312	0.00914
4	0.01991	0.01972	0.17412	0.01604	0.05503	0.05201	0.01427	0.22978	0.13909	0.12609	0.03442	0.05731	0.01542	0.00838	0.00662	0.00208	0.00721	0.00676	0.00565	0.01011
5	0.01554	0.01776	0.03885	0.02775	0.03441	0.01665	0.70366	0.02109	0.01554	0.02109	0.01332	0.01776	0.00999	0.00555	0.00777	0.00222	0.01110	0.00777	0.00333	0.00888
6	0.00799	0.00585	0.00752	0.00885	0.00947	0.00537	0.00597	0.00920	0.01291	0.01693	0.04015	0.67514	0.13024	0.02012	0.00832	0.00262	0.00376	0.01810	0.00611	0.00537
7	0.01539	0.11720	0.45081	0.02023	0.07872	0.01662	0.11327	0.03746	0.01480	0.05725	0.01256	0.01468	0.00921	0.00619	0.00626	0.00201	0.00918	0.00529	0.00326	0.00962
8	0.56190	0.14601	0.01526	0.01033	0.01457	0.12366	0.00866	0.02043	0.01267	0.02515	0.00931	0.01084	0.00755	0.00613	0.00437	0.00188	0.00642	0.00366	0.00376	0.00743
9	0.01243	0.01170	0.01975	0.75282	0.04534	0.01463	0.01828	0.01682	0.01316	0.01682	0.01170	0.01755	0.00878	0.00658	0.00658	0.00219	0.00878	0.00585	0.00293	0.00731
10	0.02414	0.01683	0.01821	0.01409	0.01900	0.01840	0.01160	0.59790	0.02858	0.08493	0.01699	0.01704	0.01205	0.00790	0.00640	0.00194	0.00675	0.00599	0.08053	0.01073
11	0.00847	0.00605	0.00815	0.00968	0.01026	0.00573	0.00689	0.00994	0.01305	0.01731	0.03604	0.64494	0.04256	0.02020	0.00852	0.00274	0.00421	0.13370	0.00610	0.00547
12	0.00802	0.00573	0.00764	0.00917	0.00955	0.00535	0.00611	0.00917	0.01260	0.01681	0.03628	0.76434	0.04354	0.02062	0.00840	0.00267	0.00382	0.01872	0.00611	0.00535
13	0.00891	0.00671	0.00823	0.00785	0.00958	0.00604	0.00589	0.01163	0.01767	0.02411	0.54956	0.05294	0.23808	0.01431	0.00777	0.00211	0.00317	0.01243	0.00695	0.00604
14	0.01540	0.01667	0.02913	0.14781	0.09114	0.06302	0.33174	0.01945	0.01407	0.01892	0.01172	0.01647	0.00943	0.00716	0.01044	0.00231	0.17705	0.00661	0.00316	0.00829
15	0.01580	0.01514	0.02584	0.13068	0.64112	0.01551	0.01996	0.01978	0.01476	0.02091	0.01230	0.01645	0.01022	0.00596	0.00653	0.00199	0.00794	0.00586	0.00322	0.01003
16	0.01189	0.00973	0.01270	0.01150	0.01177	0.01221	0.00870	0.01304	0.01037	0.01566	0.01558	0.02765	0.01617	0.30857	0.07801	0.00466	0.31814	0.00739	0.10055	0.00572
17	0.01601	0.01535	0.02620	0.09360	0.67663	0.01557	0.02006	0.01995	0.01485	0.02116	0.01233	0.01639	0.01030	0.00592	0.00652	0.00197	0.00789	0.00586	0.00323	0.01020
18	0.00846	0.00617	0.00802	0.00939	0.00994	0.00592	0.00634	0.01051	0.04920	0.01736	0.03579	0.72583	0.04232	0.02002	0.00831	0.00265	0.00389	0.01813	0.00614	0.00561
19	0.00784	0.00667	0.00675	0.00673	0.00893	0.00558	0.00505	0.00957	0.01515	0.01813	0.09309	0.06279	0.69828	0.01654	0.00778	0.00222	0.00333	0.01381	0.00616	0.00558
20	0.01365	0.01170	0.01365	0.00975	0.01560	0.00878	0.00780	0.01658	0.01365	0.02145	0.01170	0.01365	0.00975	0.00488	0.00488	0.00098	0.00488	0.00390	0.00390	0.80888
21	0.00802	0.00573	0.00764	0.00917	0.00955	0.00535	0.00611	0.00917	0.01260	0.01681	0.03628	0.76434	0.04354	0.02062	0.00840	0.00267	0.00382	0.01872	0.00611	0.00535
22	0.01320	0.03405	0.73453	0.01876	0.02849	0.01529	0.02432	0.02085	0.01390	0.02085	0.01181	0.01390	0.00834	0.00625	0.00625	0.00208	0.00973	0.00486	0.00278	0.00973
23	0.01023	0.00684	0.00883	0.00825	0.00992	0.00633	0.00622	0.01331	0.01830	0.05067	0.65010	0.04650	0.05732	0.01286	0.00750	0.00203	0.00319	0.01131	0.06390	0.00638
24	0.00778	0.00667	0.00667	0.00667	0.00889	0.00556	0.00500	0.00945	0.01501	0.01778	0.06669	0.06336	0.72490	0.01667	0.00778	0.00222	0.00333	0.01389	0.00611	0.00556
25	0.00932	0.00673	0.00880	0.00828	0.00984	0.00621	0.00621	0.01242	0.01863	0.02640	0.72410	0.04918	0.06212	0.01346	0.00776	0.00207	0.00311	0.01191	0.00725	0.00621
26	0.01243	0.01170	0.01975	0.75282	0.04534	0.01463	0.01828	0.01682	0.01316	0.01682	0.01170	0.01755	0.00878	0.00658	0.00658	0.00219	0.00878	0.00585	0.00293	0.00731
27	0.81514	0.01273	0.00968	0.00866	0.01273	0.01477	0.00713	0.01935	0.01120	0.02954	0.00917	0.01069	0.00713	0.00611	0.00407	0.00204	0.00509	0.00356	0.00407	0.00713
28	0.00963	0.00715	0.01008	0.00997	0.01081	0.00820	0.00739	0.01136	0.01031	0.01467	0.01809	0.02975	0.01804	0.22775	0.53929	0.00925	0.04155	0.00764	0.00362	0.00545
29	0.00781	0.00656	0.00679	0.00697	0.00897	0.00553	0.00514	0.00941	0.01471	0.01767	0.06301	0.14827	0.64236	0.01715	0.00786	0.00228	0.00339	0.01448	0.00611	0.00553
30	0.01637	0.01414	0.01489	0.01340	0.01712	0.01637	0.01042	0.03498	0.71568	0.02754	0.02679	0.02456	0.02010	0.00893	0.00670	0.00223	0.00521	0.00744	0.00670	0.01042
31	0.81514	0.01273	0.00968	0.00866	0.01273	0.01477	0.00713	0.01935	0.01120	0.02954	0.00917	0.01069	0.00713	0.00611	0.00407	0.00204	0.00509	0.00356	0.00407	0.00713
32	0.02503	0.01844	0.01976	0.01515	0.02042	0.02042	0.01251	0.70562	0.03095	0.04149	0.01581	0.01581	0.01120	0.00790	0.00659	0.00198	0.00724	0.00593	0.00659	0.01120
33	0.02954	0.01120	0.01528	0.01171	0.01681	0.00968	0.00968	0.03208	0.01884	0.73213	0.02597	0.02241	0.01630	0.00815	0.00662	0.00204	0.00560	0.00662	0.00815	0.01120
34	0.01129	0.00581	0.00872	0.00872	0.00880	0.00590	0.00590	0.00880	0.00872	0.01171	0.01187	0.02043	0.01179	0.02475	0.07659	0.75185	0.00656	0.00581	0.00291	0.00307
35	0.01731	0.01679	0.02665	0.03643	0.58963	0.05253	0.06775	0.07220	0.01642	0.02271	0.01260	0.01614	0.01036	0.00604	0.00658	0.00196	0.00821	0.00592	0.00352	0.01024
36	0.01320	0.03405	0.73453	0.01876	0.02849	0.01529	0.02432	0.02085	0.01390	0.02085	0.01181	0.01390	0.00834	0.00625	0.00625	0.00208	0.00973	0.00486	0.00278	0.00973
37	0.00940	0.00705	0.01058	0.01058	0.01176	0.00823	0.00823	0.01176	0.01058	0.01528	0.01763	0.02586	0.01646	0.04937	0.74255	0.01058	0.01763	0.00705	0.00353	0.00588
38	0.01437	0.01324	0.02269	0.02310	0.21287	0.01312	0.20414	0.04685	0.08298	0.02312	0.10333	0.10228	0.02160	0.00881	0.00707	0.00211	0.00705	0.00868	0.07400	0.00860
39	0.01654	0.01711	0.07843	0.06014	0.55913	0.03394	0.03498	0.02145	0.05169	0.04331	0.01345	0.01670	0.01084	0.00617	0.00653	0.00199	0.00797	0.00590	0.00355	0.01019
40	0.01732	0.01474	0.01728	0.04336	0.07427	0.05092	0.04416	0.18541	0.24397	0.02620	0.01914	0.02285	0.01568	0.11451	0.03178	0.00294	0.03523	0.00695	0.02425	0.00904
41	0.66596	0.01313	0.01319	0.06733	0.04534	0.01493	0.05792	0.01932	0.01181	0.02766	0.00978	0.01194	0.00759	0.00610	0.00462	0.00206	0.00591	0.00413	0.00390	0.00740
42	0.01730	0.01506	0.01538	0.01365	0.01748	0.04167	0.01066	0.08481	0.64051	0.02819	0.02540	0.02347	0.01903	0.00878	0.00666	0.00220	0.00559	0.00722	0.00658	0.01038
43	0.00926	0.00673	0.00871	0.00822	0.00980	0.00619	0.00616	0.01230	0.01849	0.02605	0.69778	0.04974	0.08865	0.01359	0.00777	0.00208	0.00311	0.01199	0.00720	0.00619
44	0.01493	0.01529	0.02009	0.01727	0.01744	0.05775	0.01432	0.01639	0.01053	0.01586	0.00872	0.01427	0.00863	0.01128	0.02079	0.00282	0.71783	0.00568	0.00291	0.00722
45	0.56014	0.01429	0.01260	0.01063	0.01499	0.01632	0.00873	0.19654	0.06229	0.03247	0.01202	0.01291	0.00902	0.00676	0.00489	0.00203	0.00565	0.00442	0.00489	0.00839
46	0.01029	0.00796	0.01191	0.01143	0.01318	0.00754	0.08364	0.01316	0.04923	0.04459	0.07912	0.45411	0.10642	0.01691	0.00813	0.00252	0.00482	0.06275	0.00598	0.00633
47	0.01674	0.01337	0.03529	0.01872	0.19311	0.01155	0.03616	0.02129	0.07006	0.12583	0.04096	0.01787	0.01355	0.00628	0.00592	0.00158	0.00601	0.00551	0.00465	0.35554
48	0.01557	0.01451	0.02932	0.02173	0.02703	0.01348	0.46965	0.01998	0.01572	0.10030	0.04150	0.08099	0.06681	0.00861	0.00775	0.00227	0.00891	0.04290	0.00452	0.00842
49	0.01410	0.05273	0.06564	0.01051	0.01631	0.00999	0.00913	0.01721	0.01379	0.04631	0.01337	0.05290	0.01158	0.00595	0.00519	0.00120	0.00530	0.00482	0.00403	0.63994
50	0.01779	0.14599	0.18033	0.02043	0.10869	0.01645	0.17592	0.04704	0.04105	0.13293	0.01554	0.04216	0.01198	0.00689	0.00646	0.00200	0.00826	0.00632	0.00421	0.00956

[dist]
# distance from previous block
# <min> <max>
0	1

[block]
# block no. 3 follows, 33 sequences, length 39
# corresponding to MSA columns:
# 153-191
name=unknown_D
#
# <colnr> <probs for GDERKNQSTAVLIFYWHMCP>
#	G	D	E	R	K	N	Q	S	T	A	V	L	I	F	Y	W	H	M	C	P
0	0.72374	0.01498	0.03761	0.00968	0.01391	0.07116	0.00821	0.01995	0.01188	0.02817	0.00934	0.01091	0.00728	0.00617	0.00430	0.00201	0.00579	0.00367	0.00397	0.00727
1	0.00833	0.00587	0.00789	0.00937	0.00983	0.00553	0.00644	0.00949	0.01267	0.01685	0.03538	0.68837	0.04209	0.02051	0.00901	0.02848	0.00405	0.06853	0.00600	0.00532
2	0.01464	0.01617	0.06779	0.10673	0.26992	0.01497	0.29542	0.01921	0.01474	0.02037	0.01488	0.08636	0.01304	0.00721	0.00719	0.00216	0.00898	0.00777	0.00349	0.00896
3	0.01346	0.03227	0.65855	0.01974	0.02914	0.01544	0.09852	0.02087	0.01408	0.02087	0.01198	0.01432	0.00852	0.00618	0.00642	0.00210	0.00988	0.00518	0.00284	0.00964
4	0.02366	0.01712	0.01830	0.01418	0.01905	0.01889	0.01167	0.63180	0.02912	0.03968	0.01641	0.01674	0.01180	0.00788	0.00637	0.00193	0.00680	0.00595	0.09200	0.01065
5	0.01590	0.01994	0.14548	0.02552	0.03258	0.01608	0.56235	0.02162	0.01546	0.05792	0.01374	0.01740	0.01006	0.00579	0.00747	0.00219	0.01060	0.00726	0.00349	0.00913
6	0.01367	0.02937	0.55857	0.02183	0.10995	0.01516	0.09089	0.02052	0.01435	0.02113	0.03576	0.01574	0.01054	0.00638	0.00649	0.00208	0.00942	0.00551	0.00304	0.00961
7	0.00936	0.00629	0.00724	0.00746	0.00751	0.00624	0.00428	0.00952	0.01000	0.01333	0.02291	0.14358	0.02667	0.66441	0.03001	0.00587	0.00603	0.01085	0.00428	0.00418
8	0.01488	0.06744	0.01605	0.01153	0.04311	0.04858	0.00889	0.03411	0.01436	0.02124	0.01156	0.01349	0.00965	0.00514	0.00499	0.00110	0.00556	0.00401	0.00384	0.66047
9	0.01481	0.02099	0.25435	0.02250	0.20250	0.03378	0.05672	0.04013	0.13268	0.02271	0.06819	0.02096	0.04215	0.00770	0.00711	0.00210	0.03038	0.00661	0.00416	0.00947
10	0.01752	0.01158	0.01405	0.01023	0.01589	0.00899	0.00826	0.02035	0.01492	0.19447	0.01518	0.01578	0.01134	0.00567	0.00530	0.00123	0.00505	0.00456	0.00493	0.61468
11	0.00797	0.00673	0.00693	0.00703	0.00921	0.00569	0.00537	0.00973	0.01502	0.01791	0.06457	0.06408	0.67919	0.01677	0.00787	0.00228	0.00352	0.05843	0.00611	0.00559
12	0.00957	0.00641	0.00730	0.00730	0.00734	0.00645	0.00413	0.00965	0.00961	0.01285	0.02064	0.04249	0.02368	0.74413	0.05767	0.00653	0.00677	0.00949	0.00397	0.00405
13	0.01637	0.01414	0.01489	0.01340	0.01712	0.01637	0.01042	0.03498	0.71568	0.02754	0.02679	0.02456	0.02010	0.00893	0.00670	0.00223	0.00521	0.00744	0.00670	0.01042
14	0.01365	0.01170	0.01365	0.00975	0.01560	0.00878	0.00780	0.01658	0.01365	0.02145	0.01170	0.01365	0.00975	0.00488	0.00488	0.00098	0.00488	0.00390	0.00390	0.80888
15	0.02503	0.01844	0.01976	0.01515	0.02042	0.02042	0.01251	0.70562	0.03095	0.04149	0.01581	0.01581	0.01120	0.00790	0.00659	0.00198	0.00724	0.00593	0.00659	0.01120
16	0.01637	0.01414	0.01489	0.01340	0.01712	0.01637	0.01042	0.03498	0.71568	0.02754	0.02679	0.02456	0.02010	0.00893	0.00670	0.00223	0.00521	0.00744	0.00670	0.01042
17	0.01629	0.01564	0.02672	0.04041	0.72757	0.01564	0.02020	0.02020	0.01499	0.02151	0.01238	0.01629	0.01043	0.00587	0.00652	0.00196	0.00782	0.00587	0.00326	0.01043
18	0.02954	0.01120	0.01528	0.01171	0.01681	0.00968	0.00968	0.03208	0.01884	0.73213	0.02597	0.02241	0.01630	0.00815	0.00662	0.00204	0.00560	0.00662	0.00815	0.01120
19	0.01348	0.07984	0.69113	0.01830	0.02777	0.01596	0.02351	0.02078	0.01387	0.02052	0.01165	0.01369	0.00835	0.00622	0.00613	0.00204	0.00956	0.00478	0.00278	0.00965
20	0.01554	0.01776	0.03885	0.02775	0.03441	0.01665	0.70366	0.02109	0.01554	0.02109	0.01332	0.01776	0.00999	0.00555	0.00777	0.00222	0.01110	0.00777	0.00333	0.00888
21	0.81514	0.01273	0.00968	0.00866	0.01273	0.01477	0.00713	0.01935	0.01120	0.02954	0.00917	0.01069	0.00713	0.00611	0.00407	0.00204	0.00509	0.00356	0.00407	0.00713
22	0.01604	0.11397	0.47352	0.01916	0.07610	0.01596	0.06288	0.02204	0.01461	0.10603	0.01335	0.01495	0.00956	0.00634	0.00618	0.00200	0.00887	0.00517	0.00350	0.00976
23	0.01440	0.01440	0.02016	0.01728	0.01728	0.02016	0.01440	0.01584	0.01008	0.01584	0.00864	0.01440	0.00864	0.01152	0.02160	0.00288	0.75659	0.00576	0.00288	0.00720
24	0.01760	0.77260	0.03450	0.01126	0.01690	0.02605	0.01126	0.01971	0.01338	0.01549	0.00915	0.01056	0.00845	0.00563	0.00422	0.00141	0.00704	0.00352	0.00282	0.00845
25	0.01320	0.03405	0.73453	0.01876	0.02849	0.01529	0.02432	0.02085	0.01390	0.02085	0.01181	0.01390	0.00834	0.00625	0.00625	0.00208	0.00973	0.00486	0.00278	0.00973
26	0.02459	0.03138	0.01866	0.01696	0.02035	0.74221	0.01272	0.02629	0.01866	0.01611	0.01018	0.01187	0.00848	0.00678	0.00594	0.00170	0.01187	0.00424	0.00339	0.00763
27	0.00778	0.00667	0.00667	0.00667	0.00889	0.00556	0.00500	0.00945	0.01501	0.01778	0.06669	0.06336	0.72490	0.01667	0.00778	0.00222	0.00333	0.01389	0.00611	0.00556
28	0.02441	0.01813	0.01941	0.01502	0.02018	0.02013	0.01236	0.65767	0.07991	0.04049	0.01659	0.01643	0.01183	0.00798	0.00659	0.00199	0.00710	0.00604	0.00659	0.01114
29	0.01245	0.01210	0.05518	0.01431	0.12361	0.00931	0.00998	0.01550	0.01436	0.02085	0.06680	0.06383	0.13893	0.00850	0.00607	0.00156	0.00517	0.00726	0.00444	0.40979
30	0.01835	0.04455	0.45452	0.01749	0.04607	0.01396	0.04635	0.02415	0.01545	0.23202	0.01603	0.01657	0.01083	0.00676	0.00638	0.00206	0.00843	0.00550	0.00441	0.01012
31	0.01514	0.01837	0.08668	0.08695	0.05434	0.01636	0.57967	0.02070	0.01521	0.02073	0.01305	0.01742	0.00978	0.00569	0.00753	0.00220	0.01072	0.00735	0.00326	0.00885
32	0.02828	0.01093	0.01488	0.01150	0.01637	0.00946	0.00946	0.03086	0.01883	0.68838	0.06925	0.02407	0.01914	0.00848	0.00669	0.00204	0.00545	0.00695	0.00809	0.01089
33	0.07290	0.01383	0.07793	0.01276	0.01794	0.01146	0.04906	0.09610	0.01853	0.42841	0.02698	0.02506	0.10157	0.00874	0.00663	0.00207	0.00612	0.00717	0.00675	0.01000
34	0.01601	0.06666	0.36442	0.04206	0.13683	0.01560	0.14653	0.02177	0.01483	0.09348	0.01348	0.01576	0.00980	0.00623	0.00651	0.00205	0.00909	0.00569	0.00351	0.00970
35	0.00798	0.00590	0.00746	0.00871	0.00943	0.00539	0.00591	0.00922	0.01304	0.01699	0.04187	0.63565	0.16863	0.01990	0.00829	0.00259	0.00373	0.01783	0.00611	0.00539
36	0.00876	0.00661	0.00809	0.00793	0.00955	0.00594	0.00587	0.01127	0.01701	0.02304	0.47229	0.12720	0.24218	0.01508	0.00784	0.00217	0.00324	0.01316	0.00682	0.00594
37	0.75862	0.01406	0.01032	0.00925	0.01328	0.06678	0.00753	0.01985	0.01174	0.02858	0.00924	0.01078	0.00723	0.00616	0.00421	0.00201	0.00558	0.00361	0.00403	0.00717
38	0.09861	0.01961	0.14280	0.09417	0.20360	0.08144	0.16392	0.02036	0.01459	0.02120	0.01184	0.01514	0.00926	0.00596	0.00631	0.00196	0.00879	0.00556	0.00331	0.07157

[dist]
# distance from previous block
# <min> <max>
0	2

[block]
# block no. 4 follows, 33 sequences, length 42
# corresponding to MSA columns:
# 194-235
name=unknown_E
#
# <colnr> <probs for GDERKNQSTAVLIFYWHMCP>
#	G	D	E	R	K	N	Q	S	T	A	V	L	I	F	Y	W	H	M	C	P
0	0.01605	0.31983	0.34526	0.01755	0.08717	0.01989	0.01800	0.06937	0.01502	0.02029	0.01111	0.01295	0.00878	0.00609	0.00551	0.00180	0.00833	0.00451	0.00311	0.00940
1	0.00819	0.00590	0.00778	0.00913	0.00970	0.00549	0.00625	0.00954	0.01315	0.01752	0.07807	0.66785	0.07129	0.01995	0.00837	0.00263	0.00384	0.04374	0.00618	0.00543
2	0.01609	0.00968	0.01082	0.01009	0.03715	0.02551	0.00748	0.10445	0.04458	0.12141	0.12221	0.02827	0.06273	0.00906	0.00593	0.00182	0.00440	0.00743	0.36314	0.00778
3	0.04577	0.32264	0.11186	0.07632	0.08182	0.07954	0.06259	0.09406	0.01588	0.02048	0.01102	0.01326	0.00899	0.00628	0.00587	0.00179	0.02485	0.00473	0.00339	0.00886
4	0.01300	0.05560	0.02109	0.65931	0.09255	0.01535	0.01802	0.01723	0.01331	0.01708	0.01160	0.01706	0.00888	0.00648	0.00644	0.00213	0.00861	0.00572	0.00294	0.00760
5	0.00868	0.00665	0.00796	0.00775	0.00948	0.00592	0.00577	0.01116	0.01697	0.02272	0.44574	0.09532	0.30194	0.01504	0.00781	0.00216	0.00323	0.01302	0.00677	0.00592
6	0.07751	0.05553	0.27022	0.01440	0.02104	0.03931	0.01505	0.07467	0.01717	0.32444	0.01775	0.01720	0.01185	0.00716	0.00618	0.00201	0.00743	0.00551	0.00544	0.01015
7	0.01669	0.06407	0.31550	0.02437	0.24351	0.01505	0.06058	0.02192	0.01512	0.11887	0.03314	0.01682	0.01164	0.00651	0.00641	0.00201	0.00832	0.00571	0.00382	0.00993
8	0.00862	0.00659	0.00892	0.00963	0.01061	0.00620	0.02982	0.01070	0.03847	0.01796	0.07607	0.59852	0.11533	0.01888	0.00822	0.00256	0.00403	0.01705	0.00610	0.00572
9	0.02904	0.01200	0.01577	0.01209	0.01720	0.01086	0.00999	0.10626	0.02018	0.65607	0.02485	0.02168	0.01573	0.00812	0.00662	0.00203	0.00578	0.00654	0.00798	0.01120
10	0.00804	0.00663	0.00707	0.00707	0.00908	0.00565	0.00526	0.00992	0.01547	0.01914	0.17224	0.09942	0.57950	0.01636	0.00781	0.00222	0.00332	0.01383	0.00630	0.00565
11	0.01555	0.01885	0.13811	0.17788	0.38135	0.06387	0.04048	0.02064	0.04234	0.02032	0.01260	0.01624	0.01000	0.00625	0.00649	0.00203	0.00859	0.00571	0.00326	0.00945
12	0.00801	0.00576	0.00761	0.00908	0.00953	0.00535	0.00607	0.00918	0.01269	0.01684	0.03734	0.74003	0.06718	0.02049	0.00838	0.00266	0.00380	0.01855	0.00611	0.00535
13	0.00940	0.00705	0.01058	0.01058	0.01176	0.00823	0.00823	0.01176	0.01058	0.01528	0.01763	0.02586	0.01646	0.04937	0.74255	0.01058	0.01763	0.00705	0.00353	0.00588
14	0.03807	0.04628	0.06833	0.01361	0.01836	0.01687	0.01169	0.30448	0.23367	0.06905	0.05500	0.02251	0.05522	0.00872	0.00657	0.00206	0.00625	0.00691	0.00623	0.01011
15	0.01574	0.01507	0.02558	0.09033	0.65575	0.01525	0.01958	0.01962	0.01486	0.02105	0.01407	0.01789	0.03316	0.00626	0.00656	0.00198	0.00775	0.00612	0.00333	0.01005
16	0.01560	0.00772	0.00839	0.00756	0.00986	0.00765	0.00588	0.06697	0.01573	0.12472	0.02170	0.02362	0.01639	0.00775	0.00503	0.00164	0.00372	0.00619	0.63668	0.00721
17	0.01562	0.01397	0.02357	0.29692	0.44151	0.01495	0.01893	0.01963	0.01454	0.05872	0.01288	0.01708	0.01015	0.00625	0.00655	0.00205	0.00805	0.00590	0.00341	0.00934
18	0.01550	0.37339	0.35066	0.01716	0.08312	0.02029	0.01794	0.02027	0.01375	0.01843	0.01063	0.01256	0.00857	0.00593	0.00534	0.00176	0.00832	0.00433	0.00284	0.00920
19	0.00942	0.00700	0.01033	0.01033	0.01142	0.00809	0.00792	0.01159	0.01051	0.01510	0.01786	0.02714	0.01701	0.10262	0.69006	0.01027	0.01680	0.00724	0.00356	0.00574
20	0.02928	0.01162	0.01553	0.01191	0.01701	0.01029	0.00984	0.07069	0.01954	0.69254	0.02539	0.02203	0.01600	0.00813	0.00662	0.00203	0.00570	0.00658	0.00806	0.01120
21	0.01581	0.01510	0.06199	0.12156	0.46879	0.01451	0.01806	0.04580	0.01510	0.05364	0.01424	0.04358	0.01201	0.00979	0.05927	0.00264	0.00848	0.00638	0.00366	0.00957
22	0.01808	0.01895	0.14697	0.01607	0.05263	0.01721	0.01394	0.20891	0.37563	0.02974	0.02052	0.01994	0.01517	0.00803	0.00658	0.00213	0.00669	0.00650	0.00580	0.01050
23	0.01535	0.01476	0.02470	0.17462	0.52219	0.01592	0.01923	0.01910	0.01412	0.02001	0.01186	0.01634	0.00992	0.00660	0.00811	0.00210	0.08657	0.00585	0.00316	0.00949
24	0.81514	0.01273	0.00968	0.00866	0.01273	0.01477	0.00713	0.01935	0.01120	0.02954	0.00917	0.01069	0.00713	0.00611	0.00407	0.00204	0.00509	0.00356	0.00407	0.00713
25	0.00778	0.00667	0.00667	0.00667	0.00889	0.00556	0.00500	0.00945	0.01501	0.01778	0.06669	0.06336	0.72490	0.01667	0.00778	0.00222	0.00333	0.01389	0.00611	0.00556
26	0.00779	0.00663	0.00671	0.00678	0.00892	0.00555	0.00505	0.00943	0.01490	0.01774	0.06530	0.09551	0.69365	0.01685	0.00781	0.00224	0.00336	0.01412	0.00611	0.00555
27	0.00778	0.00667	0.00667	0.00667	0.00889	0.00556	0.00500	0.00945	0.01501	0.01778	0.06669	0.06336	0.72490	0.01667	0.00778	0.00222	0.00333	0.01389	0.00611	0.00556
28	0.02954	0.01120	0.01528	0.01171	0.01681	0.00968	0.00968	0.03208	0.01884	0.73213	0.02597	0.02241	0.01630	0.00815	0.00662	0.00204	0.00560	0.00662	0.00815	0.01120
29	0.01760	0.77260	0.03450	0.01126	0.01690	0.02605	0.01126	0.01971	0.01338	0.01549	0.00915	0.01056	0.00845	0.00563	0.00422	0.00141	0.00704	0.00352	0.00282	0.00845
30	0.01637	0.01414	0.01489	0.01340	0.01712	0.01637	0.01042	0.03498	0.71568	0.02754	0.02679	0.02456	0.02010	0.00893	0.00670	0.00223	0.00521	0.00744	0.00670	0.01042
31	0.01629	0.01564	0.02672	0.04041	0.72757	0.01564	0.02020	0.02020	0.01499	0.02151	0.01238	0.01629	0.01043	0.00587	0.00652	0.00196	0.00782	0.00587	0.00326	0.01043
32	0.00957	0.00638	0.00718	0.00718	0.00718	0.00638	0.00399	0.00957	0.00957	0.01276	0.02074	0.04308	0.02393	0.76864	0.03351	0.00638	0.00638	0.00957	0.00399	0.00399
33	0.01320	0.03405	0.73453	0.01876	0.02849	0.01529	0.02432	0.02085	0.01390	0.02085	0.01181	0.01390	0.00834	0.00625	0.00625	0.00208	0.00973	0.00486	0.00278	0.00973
34	0.00957	0.00638	0.00718	0.00718	0.00718	0.00638	0.00399	0.00957	0.00957	0.01276	0.02074	0.04308	0.02393	0.76864	0.03351	0.00638	0.00638	0.00957	0.00399	0.00399
35	0.81514	0.01273	0.00968	0.00866	0.01273	0.01477	0.00713	0.01935	0.01120	0.02954	0.00917	0.01069	0.00713	0.00611	0.00407	0.00204	0.00509	0.00356	0.00407	0.00713
36	0.00787	0.00656	0.00693	0.00712	0.00908	0.00563	0.00526	0.00949	0.01454	0.01757	0.06110	0.15058	0.61360	0.01834	0.03402	0.00258	0.00390	0.01426	0.00602	0.00554
37	0.01760	0.77260	0.03450	0.01126	0.01690	0.02605	0.01126	0.01971	0.01338	0.01549	0.00915	0.01056	0.00845	0.00563	0.00422	0.00141	0.00704	0.00352	0.00282	0.00845
38	0.01370	0.10072	0.64917	0.01874	0.04880	0.01628	0.02301	0.02073	0.01388	0.02038	0.01159	0.01367	0.00841	0.00619	0.00608	0.00202	0.00943	0.00477	0.00280	0.00963
39	0.04995	0.01776	0.06838	0.02235	0.21810	0.06802	0.06755	0.19316	0.09935	0.04304	0.01923	0.02038	0.06770	0.00771	0.00660	0.00203	0.00753	0.00658	0.00484	0.00976
40	0.01757	0.01474	0.01556	0.01364	0.01758	0.01693	0.01071	0.12783	0.62088	0.02947	0.02527	0.02335	0.01886	0.00879	0.00668	0.00220	0.00549	0.00723	0.00668	0.01053
41	0.15044	0.17341	0.02079	0.01584	0.05898	0.44204	0.01196	0.02352	0.01620	0.01847	0.00994	0.01168	0.00837	0.00640	0.00533	0.00171	0.00959	0.00408	0.00338	0.00787

[dist]
# distance from previous block
# <min> <max>
0	1

[block]
# block no. 5 follows, 33 sequences, length 73
# corresponding to MSA columns:
# 237-309
name=unknown_F
#
# <colnr> <probs for GDERKNQSTAVLIFYWHMCP>
#	G	D	E	R	K	N	Q	S	T	A	V	L	I	F	Y	W	H	M	C	P
0	0.00788	0.00647	0.00694	0.00725	0.00906	0.00553	0.00528	0.00948	0.01460	0.01783	0.07982	0.21363	0.55860	0.01743	0.00791	0.00232	0.00343	0.01487	0.00615	0.00553
1	0.00806	0.00668	0.00705	0.00696	0.00906	0.00568	0.00522	0.00998	0.01566	0.01934	0.18528	0.06080	0.60534	0.01609	0.00778	0.00220	0.00329	0.01354	0.00632	0.00568
2	0.00802	0.00573	0.00764	0.00917	0.00955	0.00535	0.00611	0.00917	0.01260	0.01681	0.03628	0.76434	0.04354	0.02062	0.00840	0.00267	0.00382	0.01872	0.00611	0.00535
3	0.00917	0.00672	0.00859	0.00812	0.00974	0.00615	0.00609	0.01213	0.01828	0.02556	0.65980	0.05056	0.12694	0.01377	0.00777	0.00209	0.00313	0.01210	0.00714	0.00615
4	0.01760	0.77260	0.03450	0.01126	0.01690	0.02605	0.01126	0.01971	0.01338	0.01549	0.00915	0.01056	0.00845	0.00563	0.00422	0.00141	0.00704	0.00352	0.00282	0.00845
5	0.01320	0.03405	0.73453	0.01876	0.02849	0.01529	0.02432	0.02085	0.01390	0.02085	0.01181	0.01390	0.00834	0.00625	0.00625	0.00208	0.00973	0.00486	0.00278	0.00973
6	0.00932	0.00673	0.00880	0.00828	0.00984	0.00621	0.00621	0.01242	0.01863	0.02640	0.72410	0.04918	0.06212	0.01346	0.00776	0.00207	0.00311	0.01191	0.00725	0.00621
7	0.00802	0.00573	0.00764	0.00917	0.00955	0.00535	0.00611	0.00917	0.01260	0.01681	0.03628	0.76434	0.04354	0.02062	0.00840	0.00267	0.00382	0.01872	0.00611	0.00535
8	0.01637	0.01414	0.01489	0.01340	0.01712	0.01637	0.01042	0.03498	0.71568	0.02754	0.02679	0.02456	0.02010	0.00893	0.00670	0.00223	0.00521	0.00744	0.00670	0.01042
9	0.01365	0.01170	0.01365	0.00975	0.01560	0.00878	0.00780	0.01658	0.01365	0.02145	0.01170	0.01365	0.00975	0.00488	0.00488	0.00098	0.00488	0.00390	0.00390	0.80888
10	0.01760	0.77260	0.03450	0.01126	0.01690	0.02605	0.01126	0.01971	0.01338	0.01549	0.00915	0.01056	0.00845	0.00563	0.00422	0.00141	0.00704	0.00352	0.00282	0.00845
11	0.02503	0.01844	0.01976	0.01515	0.02042	0.02042	0.01251	0.70562	0.03095	0.04149	0.01581	0.01581	0.01120	0.00790	0.00659	0.00198	0.00724	0.00593	0.00659	0.01120
12	0.02503	0.01844	0.01976	0.01515	0.02042	0.02042	0.01251	0.70562	0.03095	0.04149	0.01581	0.01581	0.01120	0.00790	0.00659	0.00198	0.00724	0.00593	0.00659	0.01120
13	0.01243	0.01170	0.01975	0.75282	0.04534	0.01463	0.01828	0.01682	0.01316	0.01682	0.01170	0.01755	0.00878	0.00658	0.00658	0.00219	0.00878	0.00585	0.00293	0.00731
14	0.00957	0.00638	0.00718	0.00718	0.00718	0.00638	0.00399	0.00957	0.00957	0.01276	0.02074	0.04308	0.02393	0.76864	0.03351	0.00638	0.00638	0.00957	0.00399	0.00399
15	0.01144	0.00572	0.00858	0.00858	0.00858	0.00572	0.00572	0.00858	0.00858	0.01144	0.01144	0.02001	0.01144	0.02287	0.02573	0.80846	0.00572	0.00572	0.00286	0.00286
16	0.02501	0.02446	0.01902	0.01588	0.02022	0.37385	0.01249	0.34279	0.02439	0.05954	0.01349	0.01417	0.01009	0.00737	0.00627	0.00184	0.00944	0.00513	0.00509	0.00945
17	0.47329	0.01278	0.01302	0.05151	0.07247	0.01417	0.00951	0.10043	0.01470	0.08570	0.01434	0.08615	0.01224	0.00790	0.00533	0.00209	0.00568	0.00587	0.00477	0.00804
18	0.02355	0.05674	0.09776	0.01825	0.13567	0.06357	0.03249	0.07470	0.03766	0.36358	0.01919	0.01860	0.01309	0.00727	0.00642	0.00198	0.00718	0.00598	0.00587	0.01044
19	0.02121	0.06893	0.01918	0.06354	0.02084	0.33290	0.01254	0.16532	0.12295	0.02304	0.01441	0.03434	0.01169	0.00788	0.00711	0.00194	0.05334	0.00558	0.00451	0.00872
