[name]
unknown

[dist]
# distance from previous block
# <min> <max>
0	19

[block]
# block no. 0 follows, 33 sequences, length 10
# corresponding to MSA columns:
# 20-29
name=unknown_A
#
# <colnr> <probs for GDERKNQSTAVLIFYWHMCP>
#	G	D	E	R	K	N	Q	S	T	A	V	L	I	F	Y	W	H	M	C	P
0	0.01210	0.00956	0.01158	0.01267	0.03608	0.03967	0.01010	0.05619	0.05137	0.02065	0.03304	0.12100	0.07544	0.04793	0.00949	0.00290	0.00604	0.43174	0.00584	0.00662
1	0.00914	0.00690	0.00969	0.07918	0.04260	0.00679	0.00773	0.01074	0.01346	0.01797	0.12224	0.46867	0.09352	0.01762	0.00913	0.05395	0.00444	0.01490	0.00564	0.00571
2	0.01370	0.01240	0.01723	0.33619	0.10673	0.04501	0.01406	0.06479	0.03918	0.02084	0.08809	0.06622	0.04780	0.00876	0.00675	0.00207	0.00711	0.02513	0.00428	0.07368
3	0.01182	0.00758	0.00935	0.00918	0.01046	0.00756	0.00649	0.06364	0.01400	0.07052	0.08203	0.23759	0.04735	0.24208	0.08861	0.00437	0.00632	0.03417	0.04089	0.00599
4	0.01674	0.01419	0.02258	0.27968	0.28496	0.01553	0.04623	0.08646	0.03907	0.07800	0.01391	0.01742	0.01062	0.00681	0.00724	0.00211	0.03916	0.00605	0.00395	0.00929
5	0.01411	0.01318	0.01916	0.53906	0.08077	0.05141	0.01660	0.06718	0.04836	0.01935	0.01416	0.06222	0.01166	0.00760	0.00666	0.00217	0.00830	0.00662	0.00360	0.00783
6	0.01246	0.03111	0.01291	0.05999	0.01485	0.08243	0.04143	0.01414	0.01273	0.04451	0.02291	0.18647	0.05689	0.12940	0.15166	0.04268	0.03324	0.00971	0.03440	0.00608
7	0.01093	0.00897	0.01167	0.09263	0.01574	0.03758	0.00916	0.05495	0.01313	0.01755	0.02370	0.14843	0.07793	0.03300	0.40569	0.00679	0.01234	0.00923	0.00428	0.00632
8	0.14123	0.01514	0.01664	0.06861	0.04726	0.07041	0.03379	0.22453	0.03856	0.06060	0.07569	0.02059	0.04888	0.00834	0.00720	0.00203	0.05454	0.00637	0.02541	0.03417
9	0.01578	0.01294	0.01467	0.08309	0.05038	0.05012	0.01049	0.14150	0.21075	0.04260	0.13877	0.09439	0.02580	0.06820	0.00900	0.00247	0.00598	0.00871	0.00586	0.00848

[dist]
# distance from previous block
# <min> <max>
1	12

[block]
# block no. 1 follows, 33 sequences, length 37
# corresponding to MSA columns:
# 42-78
name=unknown_B
#
# <colnr> <probs for GDERKNQSTAVLIFYWHMCP>
#	G	D	E	R	K	N	Q	S	T	A	V	L	I	F	Y	W	H	M	C	P
0	0.08238	0.01699	0.06596	0.14180	0.10809	0.04641	0.06993	0.24412	0.01930	0.02709	0.01331	0.01647	0.01033	0.02764	0.02738	0.00236	0.02766	0.00576	0.00438	0.04266
1	0.06344	0.05380	0.10330	0.04806	0.18726	0.04600	0.03206	0.12733	0.04284	0.02437	0.08832	0.02004	0.01621	0.03557	0.02724	0.00237	0.03929	0.00629	0.00433	0.03187
2	0.04523	0.00821	0.00970	0.00920	0.01032	0.00877	0.00645	0.03180	0.06658	0.03672	0.12280	0.06003	0.02759	0.38445	0.08309	0.00499	0.04319	0.03026	0.00489	0.00574
3	0.01731	0.01463	0.02041	0.12180	0.20130	0.04548	0.04951	0.10508	0.05826	0.08292	0.05084	0.01980	0.03295	0.00770	0.00791	0.00203	0.07461	0.00640	0.00454	0.07651
4	0.03748	0.00817	0.01046	0.01071	0.03760	0.00785	0.02474	0.01373	0.06425	0.04018	0.06206	0.34655	0.04609	0.17223	0.01287	0.00314	0.00494	0.01257	0.00538	0.07901
5	0.01274	0.07478	0.01501	0.13702	0.01885	0.04147	0.04382	0.04007	0.01459	0.06373	0.05440	0.31271	0.08507	0.01497	0.03807	0.00262	0.00639	0.01169	0.00512	0.00688
6	0.01626	0.04662	0.04701	0.03645	0.01861	0.03773	0.03160	0.10692	0.01630	0.04961	0.01265	0.01433	0.00999	0.00562	0.00538	0.00131	0.00608	0.00448	0.00424	0.52881
7	0.11335	0.11663	0.32781	0.05053	0.10411	0.04394	0.07847	0.02104	0.01416	0.05469	0.01196	0.01419	0.00899	0.00618	0.00592	0.00198	0.00858	0.00501	0.00333	0.00915
8	0.00946	0.00685	0.00954	0.00954	0.01035	0.00766	0.00693	0.01109	0.01027	0.01451	0.01859	0.03115	0.01875	0.27021	0.52485	0.00929	0.01418	0.00783	0.00367	0.00530
9	0.01827	0.01668	0.07776	0.08306	0.46417	0.04258	0.03625	0.02223	0.01557	0.13803	0.01447	0.01708	0.01103	0.00635	0.00653	0.00199	0.00791	0.00590	0.00401	0.01014
10	0.00802	0.00573	0.00764	0.00917	0.00955	0.00535	0.00611	0.00917	0.01260	0.01681	0.03628	0.76434	0.04354	0.02062	0.00840	0.00267	0.00382	0.01872	0.00611	0.00535
11	0.01543	0.01461	0.02387	0.08117	0.57524	0.01490	0.01819	0.02037	0.07031	0.02141	0.01746	0.02048	0.06345	0.00695	0.00663	0.00201	0.00735	0.00658	0.00372	0.00987
12	0.01227	0.00614	0.00614	0.00614	0.00767	0.00614	0.00460	0.01534	0.01381	0.02454	0.02148	0.02454	0.01687	0.00767	0.00460	0.00153	0.00307	0.00614	0.80518	0.00614
13	0.81514	0.01273	0.00968	0.00866	0.01273	0.01477	0.00713	0.01935	0.01120	0.02954	0.00917	0.01069	0.00713	0.00611	0.00407	0.00204	0.00509	0.00356	0.00407	0.00713
14	0.00808	0.00577	0.00769	0.00913	0.00956	0.00538	0.00612	0.00930	0.01286	0.01721	0.06508	0.73441	0.04432	0.02032	0.00838	0.00265	0.00379	0.01843	0.00616	0.00538
15	0.01320	0.03405	0.73453	0.01876	0.02849	0.01529	0.02432	0.02085	0.01390	0.02085	0.01181	0.01390	0.00834	0.00625	0.00625	0.00208	0.00973	0.00486	0.00278	0.00973
16	0.00790	0.00667	0.00683	0.00679	0.00896	0.00561	0.00509	0.00968	0.01528	0.01844	0.11691	0.06227	0.67427	0.01643	0.00778	0.00221	0.00332	0.01374	0.00620	0.00561
17	0.01440	0.01440	0.02016	0.01728	0.01728	0.02016	0.01440	0.01584	0.01008	0.01584	0.00864	0.01440	0.00864	0.01152	0.02160	0.00288	0.75659	0.00576	0.00288	0.00720
18	0.01666	0.01428	0.01505	0.01346	0.01723	0.01651	0.01049	0.05719	0.69300	0.02800	0.02643	0.02427	0.01980	0.00890	0.00669	0.00222	0.00528	0.00739	0.00669	0.01045
19	0.01554	0.01776	0.03885	0.02775	0.03441	0.01665	0.70366	0.02109	0.01554	0.02109	0.01332	0.01776	0.00999	0.00555	0.00777	0.00222	0.01110	0.00777	0.00333	0.00888
20	0.00802	0.00573	0.00764	0.00917	0.00955	0.00535	0.00611	0.00917	0.01260	0.01681	0.03628	0.76434	0.04354	0.02062	0.00840	0.00267	0.00382	0.01872	0.00611	0.00535
21	0.02264	0.08739	0.02047	0.01668	0.03713	0.49397	0.04637	0.10872	0.01919	0.02012	0.01172	0.01346	0.00947	0.00680	0.00590	0.00173	0.01021	0.00473	0.05513	0.00817
22	0.01637	0.01414	0.01489	0.01340	0.01712	0.01637	0.01042	0.03498	0.71568	0.02754	0.02679	0.02456	0.02010	0.00893	0.00670	0.00223	0.00521	0.00744	0.00670	0.01042
23	0.01497	0.05751	0.04027	0.27756	0.31653	0.03065	0.03544	0.01955	0.04416	0.03487	0.04023	0.01898	0.02739	0.00681	0.00651	0.00203	0.00789	0.00620	0.00357	0.00889
24	0.02067	0.02461	0.01845	0.01859	0.09744	0.48660	0.01294	0.02313	0.03829	0.01687	0.01184	0.01522	0.01029	0.03311	0.07940	0.00283	0.07349	0.00507	0.00347	0.00772
25	0.01629	0.01564	0.02672	0.04041	0.72757	0.01564	0.02020	0.02020	0.01499	0.02151	0.01238	0.01629	0.01043	0.00587	0.00652	0.00196	0.00782	0.00587	0.00326	0.01043
26	0.00802	0.00573	0.00764	0.00917	0.00955	0.00535	0.00611	0.00917	0.01260	0.01681	0.03628	0.76434	0.04354	0.02062	0.00840	0.00267	0.00382	0.01872	0.00611	0.00535
27	0.00957	0.00638	0.00718	0.00718	0.00718	0.00638	0.00399	0.00957	0.00957	0.01276	0.02074	0.04308	0.02393	0.76864	0.03351	0.00638	0.00638	0.00957	0.00399	0.00399
28	0.02503	0.01844	0.01976	0.01515	0.02042	0.02042	0.01251	0.70562	0.03095	0.04149	0.01581	0.01581	0.01120	0.00790	0.00659	0.00198	0.00724	0.00593	0.00659	0.01120
29	0.01392	0.01094	0.01777	0.08421	0.02028	0.01122	0.15139	0.07825	0.01525	0.07650	0.02296	0.19867	0.02295	0.06647	0.07740	0.00345	0.02768	0.08840	0.00498	0.00734
30	0.02419	0.01802	0.01929	0.01498	0.02010	0.02002	0.01231	0.64072	0.09721	0.04014	0.01687	0.01665	0.01206	0.00800	0.00660	0.00200	0.00705	0.00607	0.00660	0.01112
31	0.01589	0.01385	0.01417	0.01280	0.01620	0.04564	0.00989	0.06252	0.54275	0.02671	0.07501	0.06343	0.05228	0.01000	0.00686	0.00221	0.00530	0.00836	0.00654	0.00960
32	0.02459	0.03138	0.01866	0.01696	0.02035	0.74221	0.01272	0.02629	0.01866	0.01611	0.01018	0.01187	0.00848	0.00678	0.00594	0.00170	0.01187	0.00424	0.00339	0.00763
33	0.02003	0.39971	0.06108	0.01458	0.04872	0.09499	0.01277	0.17812	0.01809	0.04742	0.01162	0.01288	0.00945	0.00664	0.00593	0.00171	0.03862	0.00451	0.00395	0.00919
34	0.01816	0.01274	0.01510	0.01127	0.01660	0.01125	0.00914	0.11689	0.03576	0.14956	0.01508	0.01582	0.01134	0.00626	0.00616	0.00142	0.03637	0.00484	0.00506	0.50118
35	0.01141	0.00943	0.04349	0.00911	0.01055	0.00879	0.00644	0.04328	0.10585	0.01691	0.02132	0.07247	0.02252	0.52977	0.02505	0.00503	0.00623	0.00913	0.00451	0.03872
36	0.05023	0.03747	0.11161	0.03524	0.04585	0.05027	0.05765	0.15295	0.01747	0.15011	0.01465	0.01647	0.01092	0.00951	0.03975	0.00246	0.13751	0.00571	0.00471	0.04946

[dist]
# distance from previous block
# <min> <max>
0	3

[block]
# block no. 2 follows, 33 sequences, length 86
# corresponding to MSA columns:
# 82-167
name=unknown_C
#
# <colnr> <probs for GDERKNQSTAVLIFYWHMCP>
#	G	D	E	R	K	N	Q	S	T	A	V	L	I	F	Y	W	H	M	C	P
0	0.01985	0.28258	0.11012	0.01512	0.04662	0.19783	0.01336	0.10436	0.04876	0.05730	0.01427	0.01517	0.03420	0.00693	0.00562	0.00175	0.00832	0.00493	0.00398	0.00894
1	0.01808	0.01456	0.01857	0.04461	0.22845	0.05584	0.01332	0.13141	0.12407	0.09990	0.07262	0.06881	0.04082	0.00897	0.00722	0.00209	0.02816	0.00761	0.00538	0.00949
2	0.01365	0.01170	0.01365	0.00975	0.01560	0.00878	0.00780	0.01658	0.01365	0.02145	0.01170	0.01365	0.00975	0.00488	0.00488	0.00098	0.00488	0.00390	0.00390	0.80888
3	0.02459	0.03138	0.01866	0.01696	0.02035	0.74221	0.01272	0.02629	0.01866	0.01611	0.01018	0.01187	0.00848	0.00678	0.00594	0.00170	0.01187	0.00424	0.00339	0.00763
4	0.01400	0.01149	0.01631	0.03163	0.04193	0.01319	0.05942	0.10725	0.03873	0.04011	0.05740	0.08887	0.01945	0.06757	0.17935	0.00453	0.16715	0.02967	0.00454	0.00743
5	0.01633	0.01726	0.01999	0.01717	0.01816	0.14503	0.03540	0.04109	0.01255	0.01697	0.01036	0.04295	0.01008	0.01074	0.01743	0.00262	0.54919	0.00606	0.00323	0.00739
6	0.01565	0.01235	0.01351	0.01211	0.01549	0.01372	0.00941	0.02981	0.51990	0.07305	0.14738	0.03035	0.05853	0.01000	0.00692	0.00219	0.00479	0.00844	0.00686	0.00954
7	0.02475	0.01873	0.01957	0.01515	0.02031	0.04389	0.01246	0.66327	0.05112	0.04024	0.01595	0.01594	0.01137	0.00790	0.00657	0.00197	0.00733	0.00592	0.00648	0.01106
8	0.01003	0.00752	0.00994	0.00962	0.01009	0.00861	0.00680	0.01112	0.01003	0.01410	0.01820	0.03314	0.01931	0.40127	0.31344	0.00767	0.09220	0.00816	0.00369	0.00509
9	0.00954	0.00652	0.00786	0.00786	0.00809	0.00675	0.00484	0.01001	0.00977	0.01327	0.02012	0.03964	0.02244	0.62484	0.17526	0.00722	0.00863	0.00907	0.00390	0.00437
10	0.01760	0.77260	0.03450	0.01126	0.01690	0.02605	0.01126	0.01971	0.01338	0.01549	0.00915	0.01056	0.00845	0.00563	0.00422	0.00141	0.00704	0.00352	0.00282	0.00845
11	0.01162	0.00728	0.00870	0.00820	0.01046	0.00635	0.00619	0.01374	0.01627	0.13154	0.23132	0.14080	0.35284	0.01498	0.00767	0.00221	0.00369	0.01283	0.00673	0.00659
12	0.05211	0.01387	0.01673	0.01286	0.01799	0.01373	0.01063	0.27591	0.02300	0.46006	0.02177	0.01965	0.01416	0.00800	0.00653	0.00201	0.00618	0.00627	0.00746	0.01108
13	0.00805	0.00584	0.00760	0.00894	0.00951	0.00539	0.00603	0.00930	0.01300	0.01721	0.06233	0.68498	0.09740	0.02007	0.00833	0.00262	0.00376	0.01810	0.00615	0.00539
14	0.01365	0.01170	0.01365	0.00975	0.01560	0.00878	0.00780	0.01658	0.01365	0.02145	0.01170	0.01365	0.00975	0.00488	0.00488	0.00098	0.00488	0.00390	0.00390	0.80888
15	0.81514	0.01273	0.00968	0.00866	0.01273	0.01477	0.00713	0.01935	0.01120	0.02954	0.00917	0.01069	0.00713	0.00611	0.00407	0.00204	0.00509	0.00356	0.00407	0.00713
16	0.01702	0.01446	0.01525	0.01353	0.01737	0.01668	0.01058	0.08518	0.66442	0.02858	0.02597	0.02391	0.01943	0.00885	0.00669	0.00221	0.00536	0.00733	0.00669	0.01048
17	0.01522	0.01710	0.03679	0.05364	0.05789	0.01620	0.63421	0.02054	0.01534	0.02082	0.01393	0.04053	0.01099	0.00606	0.00770	0.00222	0.01068	0.00797	0.00340	0.00877
18	0.01365	0.01170	0.01365	0.00975	0.01560	0.00878	0.00780	0.01658	0.01365	0.02145	0.01170	0.01365	0.00975	0.00488	0.00488	0.00098	0.00488	0.00390	0.00390	0.80888
19	0.01136	0.01033	0.01437	0.08133	0.22266	0.03042	0.01108	0.01404	0.01511	0.01967	0.12052	0.12239	0.27623	0.01243	0.00732	0.00216	0.00539	0.01089	0.00506	0.00725
20	0.00802	0.00573	0.00764	0.00917	0.00955	0.00535	0.00611	0.00917	0.01260	0.01681	0.03628	0.76434	0.04354	0.02062	0.00840	0.00267	0.00382	0.01872	0.00611	0.00535
21	0.02459	0.03138	0.01866	0.01696	0.02035	0.74221	0.01272	0.02629	0.01866	0.01611	0.01018	0.01187	0.00848	0.00678	0.00594	0.00170	0.01187	0.00424	0.00339	0.00763
22	0.00941	0.00715	0.01033	0.01050	0.01161	0.00798	0.00801	0.01150	0.01121	0.01592	0.02172	0.18877	0.02252	0.03976	0.51788	0.00812	0.03810	0.02692	0.00415	0.02841
23	0.01328	0.03351	0.71142	0.01906	0.02869	0.01533	0.04689	0.02086	0.01395	0.02086	0.01186	0.01403	0.00839	0.00623	0.00630	0.00209	0.00977	0.00496	0.00280	0.00970
24	0.02501	0.01069	0.01403	0.01095	0.01552	0.00938	0.00893	0.04985	0.01847	0.53756	0.09150	0.02425	0.02009	0.00837	0.00645	0.00192	0.00518	0.00687	0.06372	0.07125
25	0.00875	0.00671	0.00802	0.00769	0.00949	0.00597	0.00577	0.01133	0.01730	0.02324	0.48293	0.05438	0.30525	0.01464	0.00777	0.00213	0.00319	0.01264	0.00683	0.00597
26	0.00800	0.00580	0.00757	0.00898	0.00950	0.00536	0.00603	0.00919	0.01279	0.01688	0.03858	0.71136	0.09504	0.02033	0.00836	0.00264	0.00378	0.01835	0.00611	0.00536
27	0.01025	0.05814	0.01165	0.00967	0.01078	0.00877	0.03736	0.01153	0.01057	0.01438	0.01912	0.06134	0.02035	0.39700	0.28372	0.00723	0.01057	0.00854	0.00380	0.00523
28	0.05974	0.01126	0.01506	0.01160	0.01665	0.00987	0.00958	0.03159	0.01855	0.70512	0.02533	0.02196	0.01594	0.00807	0.00652	0.00204	0.00558	0.00650	0.00799	0.01105
29	0.01196	0.00912	0.01065	0.01067	0.01273	0.00949	0.00808	0.03852	0.22008	0.04315	0.07370	0.29718	0.11673	0.01530	0.00777	0.00246	0.00455	0.09410	0.00641	0.00734
30	0.01538	0.01471	0.02507	0.20891	0.56621	0.01540	0.01975	0.01940	0.01456	0.02040	0.01222	0.01659	0.01004	0.00604	0.00653	0.00201	0.00805	0.00586	0.00318	0.00969
31	0.00802	0.00573	0.00764	0.00917	0.00955	0.00535	0.00611	0.00917	0.01260	0.01681	0.03628	0.76434	0.04354	0.02062	0.00840	0.00267	0.00382	0.01872	0.00611	0.00535
32	0.05463	0.01459	0.01697	0.01310	0.01813	0.01492	0.01080	0.35552	0.02426	0.35400	0.02035	0.01888	0.01353	0.00794	0.00645	0.00199	0.00630	0.00616	0.03054	0.01091
33	0.00953	0.00689	0.00872	0.00946	0.01043	0.00666	0.00660	0.06470	0.01489	0.02001	0.12340	0.59415	0.06239	0.01859	0.00816	0.00253	0.00399	0.01670	0.00629	0.00593
34	0.02769	0.01251	0.01592	0.01227	0.01725	0.01176	0.01011	0.17137	0.02135	0.55685	0.05508	0.02223	0.01728	0.00833	0.00666	0.00203	0.00583	0.00671	0.00778	0.01098
35	0.00808	0.00584	0.00766	0.00909	0.00962	0.00542	0.00617	0.00931	0.01283	0.01695	0.03817	0.70012	0.08650	0.02030	0.00838	0.00266	0.00385	0.03753	0.00611	0.00538
36	0.07665	0.15558	0.06267	0.04273	0.08690	0.39335	0.05325	0.02318	0.01625	0.01802	0.01045	0.01261	0.00865	0.00635	0.00571	0.00176	0.00992	0.00451	0.00327	0.00818
37	0.02014	0.01299	0.01395	0.01128	0.01502	0.01394	0.00913	0.38305	0.02323	0.07833	0.01875	0.01977	0.01382	0.00782	0.00578	0.00180	0.00545	0.00606	0.33055	0.00914
38	0.01698	0.11753	0.13180	0.09926	0.20026	0.11171	0.10465	0.05247	0.06450	0.02071	0.01280	0.01550	0.01009	0.00635	0.00629	0.00195	0.00884	0.00556	0.00351	0.00922
39	0.00864	0.00670	0.00786	0.00757	0.00942	0.00592	0.00568	0.01111	0.01703	0.02259	0.43323	0.05545	0.35536	0.01488	0.00777	0.00214	0.00321	0.01279	0.00675	0.00592
40	0.02463	0.03016	0.01876	0.01679	0.02036	0.67441	0.01270	0.09010	0.01981	0.01850	0.01070	0.01224	0.00874	0.00689	0.00600	0.00172	0.01144	0.00440	0.00369	0.00797
41	0.01224	0.00902	0.01063	0.01069	0.01238	0.02726	0.00784	0.11454	0.03740	0.04295	0.03033	0.49793	0.03379	0.01833	0.04072	0.00283	0.00539	0.04881	0.00601	0.03088
42	0.01971	0.04316	0.01841	0.05499	0.03819	0.38924	0.05535	0.08880	0.01876	0.02073	0.10433	0.02115	0.05867	0.00820	0.00642	0.00186	0.00909	0.00633	0.02882	0.00779
43	0.02445	0.01789	0.01915	0.01474	0.01984	0.01977	0.01216	0.67464	0.03018	0.04073	0.01606	0.01620	0.01145	0.00789	0.00650	0.00196	0.00706	0.00594	0.04243	0.01097
44	0.01668	0.01732	0.03319	0.02431	0.02971	0.01774	0.49668	0.11581	0.01682	0.02310	0.01292	0.01695	0.00994	0.00684	0.00982	0.00229	0.13007	0.00719	0.00371	0.00893
45	0.00957	0.00638	0.00718	0.00718	0.00718	0.00638	0.00399	0.00957	0.00957	0.01276	0.02074	0.04308	0.02393	0.76864	0.03351	0.00638	0.00638	0.00957	0.00399	0.00399
46	0.01760	0.77260	0.03450	0.01126	0.01690	0.02605	0.01126	0.01971	0.01338	0.01549	0.00915	0.01056	0.00845	0.00563	0.00422	0.00141	0.00704	0.00352	0.00282	0.00845
47	0.01243	0.01170	0.01975	0.75282	0.04534	0.01463	0.01828	0.01682	0.01316	0.01682	0.01170	0.01755	0.00878	0.00658	0.00658	0.00219	0.00878	0.00585	0.00293	0.00731
48	0.01629	0.01564	0.02672	0.04041	0.72757	0.01564	0.02020	0.02020	0.01499	0.02151	0.01238	0.01629	0.01043	0.00587	0.00652	0.00196	0.00782	0.00587	0.00326	0.01043
49	0.01440	0.01440	0.02016	0.01728	0.01728	0.02016	0.01440	0.01584	0.01008	0.01584	0.00864	0.01440	0.00864	0.01152	0.02160	0.00288	0.75659	0.00576	0.00288	0.00720
50	0.00940	0.00705	0.01058	0.01058	0.01176	0.00823	0.00823	0.01176	0.01058	0.01528	0.01763	0.02586	0.01646	0.04937	0.74255	0.01058	0.01763	0.00705	0.00353	0.00588
51	0.00957	0.00638	0.00718	0.00718	0.00718	0.00638	0.00399	0.00957	0.00957	0.01276	0.02074	0.04308	0.02393	0.76864	0.03351	0.00638	0.00638	0.00957	0.00399	0.00399
52	0.00940	0.00705	0.01058	0.01058	0.01176	0.00823	0.00823	0.01176	0.01058	0.01528	0.01763	0.02586	0.01646	0.04937	0.74255	0.01058	0.01763	0.00705	0.00353	0.00588
53	0.72879	0.01259	0.01021	0.00890	0.01312	0.01417	0.00732	0.02004	0.01180	0.07423	0.01036	0.01158	0.00784	0.00619	0.00427	0.00199	0.00512	0.00378	0.00433	0.04338
54	0.01760	0.77260	0.03450	0.01126	0.01690	0.02605	0.01126	0.01971	0.01338	0.01549	0.00915	0.01056	0.00845	0.00563	0.00422	0.00141	0.00704	0.00352	0.00282	0.00845
55	0.01554	0.01776	0.03885	0.02775	0.03441	0.01665	0.70366	0.02109	0.01554	0.02109	0.01332	0.01776	0.00999	0.00555	0.00777	0.00222	0.01110	0.00777	0.00333	0.00888
56	0.01365	0.01170	0.01365	0.00975	0.01560	0.00878	0.00780	0.01658	0.01365	0.02145	0.01170	0.01365	0.00975	0.00488	0.00488	0.00098	0.00488	0.00390	0.00390	0.80888
57	0.01180	0.01027	0.01895	0.01592	0.01877	0.00962	0.24596	0.01469	0.01412	0.05064	0.02781	0.41260	0.03030	0.01467	0.00817	0.00252	0.00660	0.07445	0.00524	0.00689
58	0.81514	0.01273	0.00968	0.00866	0.01273	0.01477	0.00713	0.01935	0.01120	0.02954	0.00917	0.01069	0.00713	0.00611	0.00407	0.00204	0.00509	0.00356	0.00407	0.00713
59	0.00942	0.00701	0.01037	0.01037	0.01147	0.00811	0.00796	0.01162	0.01052	0.01512	0.01783	0.02695	0.01693	0.09460	0.69797	0.01032	0.01693	0.00721	0.00356	0.00576
60	0.01554	0.01776	0.03885	0.02775	0.03441	0.01665	0.70366	0.02109	0.01554	0.02109	0.01332	0.01776	0.00999	0.00555	0.00777	0.00222	0.01110	0.00777	0.00333	0.00888
61	0.00796	0.00662	0.00696	0.00699	0.00903	0.00561	0.00520	0.00975	0.01524	0.01864	0.13473	0.10497	0.61250	0.01657	0.00782	0.00223	0.00334	0.01398	0.00623	0.00561
62	0.01637	0.01414	0.01489	0.01340	0.01712	0.01637	0.01042	0.03498	0.71568	0.02754	0.02679	0.02456	0.02010	0.00893	0.00670	0.00223	0.00521	0.00744	0.00670	0.01042
63	0.01554	0.01776	0.03885	0.02775	0.03441	0.01665	0.70366	0.02109	0.01554	0.02109	0.01332	0.01776	0.00999	0.00555	0.00777	0.00222	0.01110	0.00777	0.00333	0.00888
64	0.01440	0.01440	0.02016	0.01728	0.01728	0.02016	0.01440	0.01584	0.01008	0.01584	0.00864	0.01440	0.00864	0.01152	0.02160	0.00288	0.75659	0.00576	0.00288	0.00720
65	0.00944	0.00691	0.00988	0.00988	0.01081	0.00785	0.00735	0.01130	0.01037	0.01476	0.01828	0.02942	0.01800	0.19811	0.59593	0.00971	0.01531	0.00757	0.00362	0.00549
66	0.02150	0.01822	0.02077	0.13094	0.09095	0.10381	0.03581	0.37692	0.02331	0.05164	0.01404	0.01584	0.01041	0.00750	0.00734	0.00203	0.04828	0.00578	0.00508	0.00982
67	0.01365	0.01170	0.01365	0.00975	0.01560	0.00878	0.00780	0.01658	0.01365	0.02145	0.01170	0.01365	0.00975	0.00488	0.00488	0.00098	0.00488	0.00390	0.00390	0.80888
68	0.00918	0.00642	0.00709	0.00714	0.00759	0.00619	0.00425	0.00954	0.01073	0.01387	0.03026	0.06773	0.16289	0.59876	0.02771	0.00546	0.00571	0.01069	0.00447	0.00434
69	0.02849	0.01288	0.01632	0.01251	0.01764	0.01216	0.01033	0.18808	0.02165	0.57218	0.02362	0.02088	0.01511	0.00809	0.00661	0.00202	0.00598	0.00646	0.00779	0.01120
70	0.01813	0.01611	0.02278	0.14167	0.28775	0.03731	0.05557	0.19773	0.10860	0.02649	0.01499	0.01738	0.01152	0.00690	0.00662	0.00204	0.00779	0.00614	0.00451	0.00996
71	0.43766	0.08553	0.04180	0.01302	0.03984	0.14016	0.02959	0.02123	0.03296	0.04151	0.01053	0.01230	0.00840	0.00664	0.00593	0.00199	0.05506	0.00424	0.00385	0.00778
72	0.81514	0.01273	0.00968	0.00866	0.01273	0.01477	0.00713	0.01935	0.01120	0.02954	0.00917	0.01069	0.00713	0.00611	0.00407	0.00204	0.00509	0.00356	0.00407	0.00713
73	0.01548	0.01462	0.04142	0.02449	0.25218	0.01513	0.12559	0.10307	0.01549	0.02207	0.01393	0.01882	0.01179	0.03692	0.12279	0.00357	0.10778	0.00645	0.03968	0.00874
74	0.00835	0.00622	0.00784	0.00885	0.00986	0.00570	0.00635	0.00998	0.01392	0.01815	0.10195	0.47542	0.19467	0.01888	0.00828	0.00256	0.00389	0.08736	0.00620	0.00554
75	0.01657	0.01913	0.13074	0.13061	0.06787	0.15055	0.01426	0.06336	0.10218	0.04128	0.03907	0.02167	0.03486	0.00790	0.00639	0.00197	0.00782	0.03632	0.04576	0.06168
76	0.00819	0.00585	0.00783	0.00935	0.00981	0.00549	0.00640	0.00945	0.01277	0.01699	0.03619	0.72043	0.04318	0.02047	0.00845	0.00270	0.00396	0.06100	0.00611	0.00539
77	0.01579	0.01266	0.01377	0.01216	0.01466	0.05895	0.00935	0.20949	0.10269	0.02371	0.01831	0.04622	0.01645	0.13459	0.22496	0.03619	0.03028	0.00725	0.00487	0.00766
78	0.14731	0.01499	0.04387	0.13155	0.33979	0.01530	0.06329	0.02036	0.06144	0.02234	0.01263	0.01596	0.01012	0.00635	0.00663	0.00203	0.03196	0.00560	0.00359	0.04491
79	0.03739	0.41023	0.15188	0.01406	0.05056	0.04219	0.01353	0.04054	0.01511	0.12206	0.03769	0.01467	0.01160	0.00650	0.00527	0.00171	0.00731	0.00470	0.00391	0.00910
80	0.03004	0.00643	0.00756	0.00819	0.00936	0.00603	0.00572	0.00980	0.01295	0.01697	0.04324	0.36040	0.28064	0.09480	0.07352	0.00354	0.00512	0.01469	0.00563	0.00538
81	0.01770	0.72121	0.05781	0.01172	0.01741	0.05100	0.01176	0.01998	0.01358	0.01569	0.00928	0.01072	0.00845	0.00569	0.00435	0.00144	0.00730	0.00359	0.00284	0.00846
82	0.37176	0.11527	0.03438	0.03751	0.01741	0.17717	0.01037	0.08362	0.04052	0.04240	0.01118	0.01250	0.00874	0.00653	0.00503	0.00189	0.00729	0.00425	0.00411	0.00807
83	0.00789	0.00664	0.00683	0.00685	0.00897	0.00559	0.00511	0.00963	0.01516	0.01830	0.10736	0.08406	0.66196	0.01659	0.00780	0.00223	0.00334	0.01392	0.00618	0.00559
84	0.05288	0.42671	0.11581	0.01604	0.10389	0.06513	0.01369	0.02017	0.01390	0.03776	0.01116	0.03196	0.00979	0.00645	0.00557	0.00169	0.03041	0.00458	0.00322	0.02919
85	0.05048	0.14151	0.39202	0.01869	0.02643	0.01729	0.16613	0.02171	0.06622	0.02096	0.01272	0.01486	0.00953	0.00620	0.00620	0.00202	0.00907	0.00541	0.00325	0.00929

[dist]
# distance from previous block
# <min> <max>
0	3

[block]
# block no. 3 follows, 33 sequences, length 23
# corresponding to MSA columns:
# 171-193
name=unknown_D
#
# <colnr> <probs for GDERKNQSTAVLIFYWHMCP>
#	G	D	E	R	K	N	Q	S	T	A	V	L	I	F	Y	W	H	M	C	P
0	0.01522	0.01445	0.02429	0.06071	0.62386	0.01446	0.01849	0.01886	0.01479	0.02087	0.01669	0.06255	0.05093	0.00734	0.00670	0.00202	0.00738	0.00705	0.00357	0.00976
1	0.01700	0.18891	0.07137	0.10384	0.21414	0.09633	0.05396	0.04066	0.09118	0.02001	0.01290	0.01542	0.01045	0.00656	0.00647	0.00191	0.03082	0.00537	0.00356	0.00913
2	0.00778	0.00667	0.00667	0.00667	0.00889	0.00556	0.00500	0.00945	0.01501	0.01778	0.06669	0.06336	0.72490	0.01667	0.00778	0.00222	0.00333	0.01389	0.00611	0.00556
3	0.17002	0.12202	0.07217	0.14280	0.02320	0.21039	0.01324	0.08715	0.01612	0.04397	0.01122	0.01341	0.00877	0.00674	0.00611	0.00192	0.03419	0.00463	0.00376	0.00819
4	0.00796	0.00664	0.00694	0.00693	0.00902	0.00562	0.00517	0.00977	0.01533	0.01872	0.13922	0.08542	0.62775	0.01645	0.00780	0.00222	0.00333	0.01383	0.00624	0.00562
5	0.01099	0.00946	0.03316	0.01004	0.01273	0.00864	0.02951	0.01644	0.14936	0.04520	0.10422	0.12097	0.33569	0.01447	0.00766	0.00232	0.00449	0.07146	0.00619	0.00700
6	0.01554	0.01776	0.03885	0.02775	0.03441	0.01665	0.70366	0.02109	0.01554	0.02109	0.01332	0.01776	0.00999	0.00555	0.00777	0.00222	0.01110	0.00777	0.00333	0.00888
7	0.00800	0.00580	0.00756	0.00897	0.00950	0.00536	0.00602	0.00919	0.01280	0.01688	0.03872	0.70809	0.09822	0.02031	0.00835	0.00264	0.00378	0.01833	0.00611	0.00536
8	0.01554	0.01776	0.03885	0.02775	0.03441	0.01665	0.70366	0.02109	0.01554	0.02109	0.01332	0.01776	0.00999	0.00555	0.00777	0.00222	0.01110	0.00777	0.00333	0.00888
9	0.00783	0.00647	0.00687	0.00719	0.00903	0.00551	0.00523	0.00939	0.01450	0.01758	0.06030	0.21065	0.58173	0.01750	0.00791	0.00232	0.00344	0.01491	0.00611	0.00551
10	0.01320	0.03405	0.73453	0.01876	0.02849	0.01529	0.02432	0.02085	0.01390	0.02085	0.01181	0.01390	0.00834	0.00625	0.00625	0.00208	0.00973	0.00486	0.00278	0.00973
11	0.01554	0.01776	0.03885	0.02775	0.03441	0.01665	0.70366	0.02109	0.01554	0.02109	0.01332	0.01776	0.00999	0.00555	0.00777	0.00222	0.01110	0.00777	0.00333	0.00888
12	0.01760	0.77260	0.03450	0.01126	0.01690	0.02605	0.01126	0.01971	0.01338	0.01549	0.00915	0.01056	0.00845	0.00563	0.00422	0.00141	0.00704	0.00352	0.00282	0.00845
13	0.01637	0.01414	0.01489	0.01340	0.01712	0.01637	0.01042	0.03498	0.71568	0.02754	0.02679	0.02456	0.02010	0.00893	0.00670	0.00223	0.00521	0.00744	0.00670	0.01042
14	0.70958	0.01253	0.01043	0.00907	0.01328	0.01408	0.00747	0.02106	0.01223	0.12394	0.01142	0.01227	0.00836	0.00638	0.00442	0.00204	0.00516	0.00398	0.00462	0.00768
15	0.01475	0.01396	0.02351	0.22082	0.49613	0.01467	0.01874	0.01866	0.01453	0.02009	0.01519	0.02076	0.03828	0.00696	0.00669	0.00207	0.00782	0.03370	0.00340	0.00927
16	0.02503	0.01844	0.01976	0.01515	0.02042	0.02042	0.01251	0.70562	0.03095	0.04149	0.01581	0.01581	0.01120	0.00790	0.00659	0.00198	0.00724	0.00593	0.00659	0.01120
17	0.00998	0.00837	0.01052	0.01031	0.01151	0.00914	0.00785	0.01275	0.05691	0.01911	0.14496	0.26421	0.21065	0.01596	0.01061	0.00249	0.14871	0.03402	0.00570	0.00623
18	0.00970	0.00749	0.01115	0.01098	0.01208	0.00894	0.00860	0.01200	0.01055	0.01532	0.01710	0.02518	0.01599	0.04713	0.69974	0.01012	0.06151	0.00698	0.00349	0.00596
19	0.01572	0.10917	0.01994	0.14483	0.17974	0.06267	0.01342	0.02045	0.09469	0.07080	0.06150	0.07295	0.06152	0.00888	0.00706	0.00205	0.03419	0.00743	0.00450	0.00849
20	0.04934	0.25775	0.16033	0.04674	0.06490	0.04701	0.08732	0.07791	0.04389	0.04327	0.01219	0.01423	0.00963	0.00661	0.00667	0.00191	0.05259	0.00507	0.00361	0.00904
21	0.07840	0.04041	0.01882	0.01480	0.01929	0.14597	0.07818	0.17903	0.16469	0.09905	0.03399	0.01818	0.01388	0.00752	0.00627	0.00195	0.00740	0.00602	0.02589	0.04026
22	0.01728	0.24932	0.31341	0.01595	0.04424	0.04765	0.01687	0.08676	0.01580	0.06579	0.01216	0.01362	0.00928	0.00645	0.00607	0.00183	0.02906	0.00467	0.00358	0.04021

[dist]
# distance from previous block
# <min> <max>
1	8

[block]
# block no. 4 follows, 33 sequences, length 101
# corresponding to MSA columns:
# 202-302
name=unknown_E
#
# <colnr> <probs for GDERKNQSTAVLIFYWHMCP>
#	G	D	E	R	K	N	Q	S	T	A	V	L	I	F	Y	W	H	M	C	P
0	0.07095	0.04205	0.03485	0.01089	0.01353	0.04797	0.04548	0.01583	0.08853	0.02077	0.12793	0.17962	0.17972	0.03249	0.00796	0.00238	0.00522	0.06149	0.00559	0.00677
1	0.01742	0.01451	0.01564	0.04471	0.01857	0.01659	0.01091	0.15479	0.53297	0.02921	0.02580	0.02427	0.04699	0.00896	0.00672	0.00218	0.00565	0.00737	0.00649	0.01023
2	0.00904	0.00683	0.00971	0.03052	0.06537	0.00660	0.00797	0.01068	0.01307	0.01747	0.03370	0.61443	0.03955	0.01889	0.00829	0.00265	0.00449	0.08906	0.00581	0.00586
3	0.00805	0.00659	0.00711	0.00718	0.00911	0.00564	0.00531	0.00990	0.01536	0.01908	0.17014	0.13012	0.55046	0.01654	0.00784	0.00224	0.00335	0.01405	0.00630	0.00564
4	0.01760	0.77260	0.03450	0.01126	0.01690	0.02605	0.01126	0.01971	0.01338	0.01549	0.00915	0.01056	0.00845	0.00563	0.00422	0.00141	0.00704	0.00352	0.00282	0.00845
5	0.00824	0.00582	0.00757	0.00889	0.00922	0.00549	0.00581	0.00922	0.01218	0.01624	0.03411	0.66362	0.04080	0.12508	0.01191	0.00319	0.00418	0.01744	0.00581	0.00516
6	0.02459	0.03138	0.01866	0.01696	0.02035	0.74221	0.01272	0.02629	0.01866	0.01611	0.01018	0.01187	0.00848	0.00678	0.00594	0.00170	0.01187	0.00424	0.00339	0.00763
7	0.01243	0.01170	0.01975	0.75282	0.04534	0.01463	0.01828	0.01682	0.01316	0.01682	0.01170	0.01755	0.00878	0.00658	0.00658	0.00219	0.00878	0.00585	0.00293	0.00731
8	0.02503	0.01844	0.01976	0.01515	0.02042	0.02042	0.01251	0.70562	0.03095	0.04149	0.01581	0.01581	0.01120	0.00790	0.00659	0.00198	0.00724	0.00593	0.00659	0.01120
9	0.04887	0.03080	0.01838	0.01670	0.02012	0.71987	0.01255	0.02607	0.01843	0.01652	0.01014	0.01184	0.00844	0.00676	0.00588	0.00171	0.01166	0.00422	0.00341	0.00762
10	0.00928	0.00673	0.00874	0.00824	0.00981	0.00619	0.00618	0.01234	0.01854	0.02617	0.70621	0.04956	0.08015	0.01355	0.00777	0.00207	0.00311	0.01196	0.00722	0.00619
11	0.01365	0.01170	0.01365	0.00975	0.01560	0.00878	0.00780	0.01658	0.01365	0.02145	0.01170	0.01365	0.00975	0.00488	0.00488	0.00098	0.00488	0.00390	0.00390	0.80888
12	0.00802	0.00573	0.00764	0.00917	0.00955	0.00535	0.00611	0.00917	0.01260	0.01681	0.03628	0.76434	0.04354	0.02062	0.00840	0.00267	0.00382	0.01872	0.00611	0.00535
13	0.00791	0.00667	0.00685	0.00681	0.00897	0.00561	0.00511	0.00970	0.01532	0.01852	0.12285	0.06214	0.66828	0.01640	0.00778	0.00221	0.00331	0.01372	0.00621	0.00561
14	0.01320	0.03405	0.73453	0.01876	0.02849	0.01529	0.02432	0.02085	0.01390	0.02085	0.01181	0.01390	0.00834	0.00625	0.00625	0.00208	0.00973	0.00486	0.00278	0.00973
15	0.00924	0.00660	0.00904	0.01057	0.01148	0.00640	0.00824	0.01128	0.01381	0.01818	0.03561	0.43789	0.04087	0.01947	0.00873	0.00284	0.00488	0.33308	0.00609	0.00569
16	0.00932	0.00673	0.00880	0.00828	0.00984	0.00621	0.00621	0.01242	0.01863	0.02640	0.72410	0.04918	0.06212	0.01346	0.00776	0.00207	0.00311	0.01191	0.00725	0.00621
17	0.01637	0.01414	0.01489	0.01340	0.01712	0.01637	0.01042	0.03498	0.71568	0.02754	0.02679	0.02456	0.02010	0.00893	0.00670	0.00223	0.00521	0.00744	0.00670	0.01042
18	0.03760	0.02212	0.27902	0.04281	0.21480	0.05131	0.06801	0.03940	0.01448	0.02076	0.01337	0.05540	0.01133	0.00913	0.03869	0.00248	0.06063	0.00623	0.00335	0.00909
19	0.01365	0.01170	0.01365	0.00975	0.01560	0.00878	0.00780	0.01658	0.01365	0.02145	0.01170	0.01365	0.00975	0.00488	0.00488	0.00098	0.00488	0.00390	0.00390	0.80888
20	0.01762	0.59432	0.07253	0.01321	0.01891	0.06231	0.06435	0.03786	0.01432	0.01716	0.01017	0.01187	0.00885	0.00584	0.00477	0.00154	0.00766	0.00409	0.02411	0.00852
21	0.00957	0.00638	0.00718	0.00718	0.00718	0.00638	0.00399	0.00957	0.00957	0.01276	0.02074	0.04308	0.02393	0.76864	0.03351	0.00638	0.00638	0.00957	0.00399	0.00399
22	0.01855	0.01832	0.06820	0.01519	0.01939	0.09790	0.03362	0.17291	0.35246	0.02739	0.01959	0.01963	0.01485	0.00942	0.02671	0.00237	0.06164	0.00646	0.00557	0.00983
23	0.01750	0.63669	0.05454	0.01207	0.01742	0.04960	0.01177	0.02110	0.07092	0.01668	0.01070	0.01198	0.00940	0.00615	0.00511	0.00155	0.03108	0.00398	0.00315	0.00858
24	0.00883	0.00656	0.00780	0.00825	0.00958	0.00606	0.00587	0.01109	0.04315	0.01923	0.15693	0.32917	0.26013	0.01726	0.00863	0.03767	0.00366	0.01449	0.03998	0.00569
25	0.04008	0.08259	0.05499	0.03205	0.51050	0.01553	0.03979	0.01925	0.01448	0.02084	0.01371	0.06965	0.01242	0.00689	0.00634	0.00194	0.00745	0.00646	0.00346	0.04160
26	0.01537	0.01892	0.08844	0.02711	0.03398	0.01655	0.65523	0.02107	0.01542	0.02107	0.01321	0.01748	0.00987	0.00560	0.00766	0.00221	0.01100	0.00756	0.00329	0.00894
27	0.00857	0.00670	0.00776	0.00750	0.00938	0.00589	0.00562	0.01098	0.01687	0.02221	0.40431	0.05607	0.38452	0.01502	0.00777	0.00214	0.00322	0.01287	0.00670	0.00589
28	0.01321	0.01226	0.02023	0.45311	0.22514	0.01408	0.01721	0.01718	0.01389	0.01875	0.04443	0.02051	0.04034	0.00726	0.00704	0.00212	0.02988	0.00644	0.02890	0.00800
29	0.05163	0.01250	0.01589	0.01222	0.01731	0.01168	0.01009	0.14824	0.02072	0.59219	0.02372	0.02092	0.01515	0.00805	0.00654	0.00203	0.00587	0.00641	0.00776	0.01108
30	0.00957	0.00638	0.00718	0.00718	0.00718	0.00638	0.00399	0.00957	0.00957	0.01276	0.02074	0.04308	0.02393	0.76864	0.03351	0.00638	0.00638	0.00957	0.00399	0.00399
31	0.00793	0.00664	0.00690	0.00691	0.00900	0.00561	0.00515	0.00971	0.01526	0.01855	0.12647	0.08640	0.63990	0.01651	0.00780	0.00222	0.00333	0.01388	0.00622	0.00561
32	0.01607	0.01542	0.02633	0.08078	0.68891	0.01558	0.02010	0.02001	0.01489	0.02124	0.01234	0.01636	0.01033	0.00591	0.00652	0.00197	0.00788	0.00586	0.00324	0.01025
33	0.01629	0.01564	0.02672	0.04041	0.72757	0.01564	0.02020	0.02020	0.01499	0.02151	0.01238	0.01629	0.01043	0.00587	0.00652	0.00196	0.00782	0.00587	0.00326	0.01043
34	0.00940	0.00705	0.01058	0.01058	0.01176	0.00823	0.00823	0.01176	0.01058	0.01528	0.01763	0.02586	0.01646	0.04937	0.74255	0.01058	0.01763	0.00705	0.00353	0.00588
35	0.01554	0.01776	0.03885	0.02775	0.03441	0.01665	0.70366	0.02109	0.01554	0.02109	0.01332	0.01776	0.00999	0.00555	0.00777	0.00222	0.01110	0.00777	0.00333	0.00888
36	0.02433	0.08079	0.01958	0.01634	0.01996	0.66152	0.01249	0.02610	0.01831	0.04744	0.01080	0.01224	0.00882	0.00677	0.00585	0.00169	0.01127	0.00430	0.00356	0.00784
37	0.00802	0.00573	0.00764	0.00917	0.00955	0.00535	0.00611	0.00917	0.01260	0.01681	0.03628	0.76434	0.04354	0.02062	0.00840	0.00267	0.00382	0.01872	0.00611	0.00535
38	0.00902	0.00665	0.00843	0.00814	0.00969	0.00606	0.00605	0.01179	0.01770	0.02455	0.58599	0.10516	0.14746	0.01442	0.00781	0.00214	0.00319	0.01268	0.00701	0.00606
39	0.01259	0.01187	0.02004	0.72300	0.07389	0.01467	0.01836	0.01696	0.01324	0.01702	0.01173	0.01750	0.00884	0.00655	0.00658	0.00218	0.00874	0.00585	0.00294	0.00744
40	0.01505	0.01519	0.02146	0.04425	0.01999	0.04784	0.08594	0.04680	0.01223	0.01764	0.01204	0.01688	0.03887	0.01059	0.01776	0.00267	0.55781	0.00626	0.00325	0.00750
41	0.00802	0.00573	0.00764	0.00917	0.00955	0.00535	0.00611	0.00917	0.01260	0.01681	0.03628	0.76434	0.04354	0.02062	0.00840	0.00267	0.00382	0.01872	0.00611	0.00535
42	0.24122	0.08386	0.01989	0.04079	0.18719	0.09781	0.01339	0.01940	0.01290	0.02107	0.00999	0.01328	0.00861	0.00746	0.00935	0.00214	0.19537	0.00480	0.00336	0.00812
43	0.00808	0.00668	0.00708	0.00698	0.00907	0.00568	0.00523	0.01002	0.01570	0.01944	0.19312	0.06063	0.59744	0.01605	0.00778	0.00219	0.00329	0.01351	0.00633	0.00568
44	0.02457	0.01800	0.01927	0.01482	0.01996	0.01990	0.01223	0.68082	0.03034	0.04088	0.01601	0.01612	0.01140	0.00789	0.00651	0.00196	0.00709	0.00593	0.03528	0.01101
45	0.01763	0.01476	0.01559	0.01365	0.01760	0.01696	0.01072	0.13204	0.61658	0.02956	0.02520	0.02329	0.01881	0.00878	0.00668	0.00220	0.00550	0.00722	0.00668	0.01053
46	0.81514	0.01273	0.00968	0.00866	0.01273	0.01477	0.00713	0.01935	0.01120	0.02954	0.00917	0.01069	0.00713	0.00611	0.00407	0.00204	0.00509	0.00356	0.00407	0.00713
47	0.01795	0.68545	0.06259	0.01201	0.01764	0.07994	0.01192	0.02026	0.01380	0.01576	0.00934	0.01080	0.00845	0.00575	0.00444	0.00146	0.00752	0.00363	0.00286	0.00844
48	0.00802	0.00573	0.00764	0.00917	0.00955	0.00535	0.00611	0.00917	0.01260	0.01681	0.03628	0.76434	0.04354	0.02062	0.00840	0.00267	0.00382	0.01872	0.00611	0.00535
49	0.01320	0.03405	0.73453	0.01876	0.02849	0.01529	0.02432	0.02085	0.01390	0.02085	0.01181	0.01390	0.00834	0.00625	0.00625	0.00208	0.00973	0.00486	0.00278	0.00973
50	0.01770	0.05706	0.01620	0.01322	0.01720	0.01658	0.01049	0.05721	0.60160	0.07839	0.02535	0.02331	0.01885	0.00865	0.00655	0.00216	0.00541	0.00711	0.00658	0.01039
51	0.81514	0.01273	0.00968	0.00866	0.01273	0.01477	0.00713	0.01935	0.01120	0.02954	0.00917	0.01069	0.00713	0.00611	0.00407	0.00204	0.00509	0.00356	0.00407	0.00713
52	0.02890	0.01222	0.01591	0.01219	0.01731	0.01118	0.01007	0.12658	0.02054	0.63523	0.02455	0.02148	0.01558	0.00811	0.00662	0.00203	0.00583	0.00652	0.00793	0.01120
53	0.01009	0.00737	0.00992	0.01122	0.01279	0.00719	0.00962	0.01285	0.01503	0.01930	0.03947	0.10188	0.13644	0.01807	0.00888	0.00290	0.00558	0.55937	0.00607	0.00596
54	0.01243	0.01170	0.01975	0.75282	0.04534	0.01463	0.01828	0.01682	0.01316	0.01682	0.01170	0.01755	0.00878	0.00658	0.00658	0.00219	0.00878	0.00585	0.00293	0.00731
55	0.00906	0.00672	0.00845	0.00802	0.00968	0.00610	0.00601	0.01193	0.01804	0.02498	0.61560	0.05152	0.17151	0.01399	0.00777	0.00210	0.00314	0.01223	0.00706	0.00610
56	0.01760	0.77260	0.03450	0.01126	0.01690	0.02605	0.01126	0.01971	0.01338	0.01549	0.00915	0.01056	0.00845	0.00563	0.00422	0.00141	0.00704	0.00352	0.00282	0.00845
57	0.00932	0.00673	0.00880	0.00828	0.00984	0.00621	0.00621	0.01242	0.01863	0.02640	0.72410	0.04918	0.06212	0.01346	0.00776	0.00207	0.00311	0.01191	0.00725	0.00621
58	0.02459	0.03138	0.01866	0.01696	0.02035	0.74221	0.01272	0.02629	0.01866	0.01611	0.01018	0.01187	0.00848	0.00678	0.00594	0.00170	0.01187	0.00424	0.00339	0.00763
59	0.00875	0.00639	0.00830	0.00902	0.01011	0.00594	0.00662	0.01082	0.01511	0.02035	0.25886	0.37535	0.11650	0.01762	0.00823	0.00248	0.00384	0.10349	0.00647	0.00574
60	0.02498	0.01972	0.01965	0.01533	0.02041	0.09185	0.01253	0.63839	0.02974	0.03898	0.01525	0.01542	0.01093	0.00779	0.00652	0.00195	0.00770	0.00576	0.00627	0.01084
61	0.00864	0.00670	0.00785	0.00757	0.00942	0.00592	0.00567	0.01110	0.01702	0.02258	0.43243	0.05547	0.35617	0.01488	0.00777	0.00214	0.00321	0.01279	0.00674	0.00592
62	0.02431	0.06099	0.01929	0.01673	0.02021	0.71360	0.01266	0.02603	0.01845	0.01609	0.01014	0.01182	0.00848	0.00674	0.00587	0.00168	0.01168	0.00421	0.00337	0.00766
63	0.12204	0.40957	0.23155	0.01331	0.01978	0.03993	0.01448	0.02078	0.04144	0.01939	0.01065	0.01213	0.00871	0.00604	0.00493	0.00173	0.00761	0.00409	0.00314	0.00870
64	0.01230	0.01123	0.01347	0.01240	0.01297	0.06733	0.00945	0.01357	0.01082	0.01490	0.01557	0.05653	0.01635	0.23388	0.20395	0.00570	0.27256	0.00758	0.00353	0.00592
65	0.02266	0.01111	0.01399	0.01066	0.01562	0.00946	0.00868	0.05247	0.01720	0.41186	0.02071	0.01968	0.01415	0.00708	0.00587	0.00166	0.00518	0.00571	0.09096	0.25530
66	0.01243	0.01170	0.01975	0.75282	0.04534	0.01463	0.01828	0.01682	0.01316	0.01682	0.01170	0.01755	0.00878	0.00658	0.00658	0.00219	0.00878	0.00585	0.00293	0.00731
67	0.00922	0.00673	0.00866	0.00818	0.00977	0.00617	0.00613	0.01223	0.01840	0.02585	0.68183	0.05009	0.10473	0.01367	0.00777	0.00208	0.00312	0.01203	0.00717	0.00617
68	0.01320	0.03405	0.73453	0.01876	0.02849	0.01529	0.02432	0.02085	0.01390	0.02085	0.01181	0.01390	0.00834	0.00625	0.00625	0.00208	0.00973	0.00486	0.00278	0.00973
69	0.00802	0.00573	0.00764	0.00917	0.00955	0.00535	0.00611	0.00917	0.01260	0.01681	0.03628	0.76434	0.04354	0.02062	0.00840	0.00267	0.00382	0.01872	0.00611	0.00535
70	0.01629	0.01564	0.02672	0.04041	0.72757	0.01564	0.02020	0.02020	0.01499	0.02151	0.01238	0.01629	0.01043	0.00587	0.00652	0.00196	0.00782	0.00587	0.00326	0.01043
71	0.02459	0.03138	0.01866	0.01696	0.02035	0.74221	0.01272	0.02629	0.01866	0.01611	0.01018	0.01187	0.00848	0.00678	0.00594	0.00170	0.01187	0.00424	0.00339	0.00763
72	0.00802	0.00573	0.00764	0.00917	0.00955	0.00535	0.00611	0.00917	0.01260	0.01681	0.03628	0.76434	0.04354	0.02062	0.00840	0.00267	0.00382	0.01872	0.00611	0.00535
73	0.01365	0.01170	0.01365	0.00975	0.01560	0.00878	0.00780	0.01658	0.01365	0.02145	0.01170	0.01365	0.00975	0.00488	0.00488	0.00098	0.00488	0.00390	0.00390	0.80888
74	0.02459	0.03138	0.01866	0.01696	0.02035	0.74221	0.01272	0.02629	0.01866	0.01611	0.01018	0.01187	0.00848	0.00678	0.00594	0.00170	0.01187	0.00424	0.00339	0.00763
75	0.01637	0.01414	0.01489	0.01340	0.01712	0.01637	0.01042	0.03498	0.71568	0.02754	0.02679	0.02456	0.02010	0.00893	0.00670	0.00223	0.00521	0.00744	0.00670	0.01042
76	0.02454	0.01820	0.01948	0.01505	0.02023	0.02019	0.01239	0.66761	0.06976	0.04070	0.01643	0.01630	0.01170	0.00796	0.00659	0.00199	0.00713	0.00601	0.00659	0.01115
77	0.02465	0.01890	0.04986	0.01521	0.02066	0.01990	0.01293	0.65815	0.02990	0.05959	0.01592	0.01591	0.01121	0.00784	0.00657	0.00198	0.00730	0.00590	0.00647	0.01113
78	0.00778	0.00667	0.00667	0.00667	0.00889	0.00556	0.00500	0.00945	0.01501	0.01778	0.06669	0.06336	0.72490	0.01667	0.00778	0.00222	0.00333	0.01389	0.00611	0.00556
79	0.01186	0.00922	0.01054	0.03367	0.01335	0.02624	0.00827	0.07119	0.06863	0.04221	0.12997	0.10559	0.26305	0.01480	0.00783	0.00238	0.00486	0.16331	0.00622	0.00683
80	0.02277	0.04480	0.02017	0.04156	0.12174	0.52560	0.01384	0.04424	0.01792	0.04705	0.01127	0.01327	0.00917	0.00686	0.00655	0.00180	0.03480	0.00470	0.00362	0.00828
