[name]
unknown

[dist]
# distance from previous block
# <min> <max>
0	0

[block]
# block no. 0 follows, 31 sequences, length 25
# corresponding to MSA columns:
# 0-24
name=unknown_A
#
# <colnr> <probs for GDERKNQSTAVLIFYWHMCP>
#	G	D	E	R	K	N	Q	S	T	A	V	L	I	F	Y	W	H	M	C	P
0	0.01102	0.00787	0.01102	0.01260	0.01417	0.00787	0.01102	0.01417	0.01575	0.02047	0.03622	0.07717	0.03937	0.01890	0.00945	0.00315	0.00630	0.67084	0.00630	0.00630
1	0.01829	0.76368	0.03585	0.01171	0.01756	0.02707	0.01171	0.02049	0.01390	0.01610	0.00951	0.01097	0.00878	0.00585	0.00439	0.00146	0.00732	0.00366	0.00293	0.00878
2	0.00846	0.00601	0.00790	0.00936	0.00973	0.00564	0.00617	0.00956	0.01285	0.01713	0.03642	0.69846	0.04362	0.08030	0.01081	0.00309	0.00418	0.01869	0.00617	0.00544
3	0.00945	0.00686	0.00891	0.00866	0.01015	0.00631	0.00640	0.01236	0.01841	0.02581	0.60179	0.14294	0.08614	0.01508	0.00816	0.00224	0.00333	0.01337	0.00733	0.00631
4	0.00834	0.00595	0.00794	0.00953	0.00992	0.00556	0.00635	0.00953	0.01310	0.01746	0.03771	0.75510	0.04525	0.02143	0.00873	0.00278	0.00397	0.01945	0.00635	0.00556
5	0.01372	0.03539	0.72412	0.01950	0.02961	0.01589	0.02528	0.02167	0.01444	0.02167	0.01228	0.01444	0.00867	0.00650	0.00650	0.00217	0.01011	0.00506	0.00289	0.01011
6	0.01054	0.00778	0.00961	0.00908	0.01063	0.00773	0.00660	0.01490	0.09221	0.02447	0.48188	0.04612	0.05048	0.15196	0.04353	0.00337	0.00473	0.01121	0.00668	0.00649
7	0.01429	0.00749	0.00874	0.00833	0.01016	0.00723	0.00608	0.01725	0.03949	0.12728	0.08307	0.14091	0.02669	0.11142	0.01008	0.00260	0.00425	0.00947	0.35827	0.00691
8	0.01829	0.76368	0.03585	0.01171	0.01756	0.02707	0.01171	0.02049	0.01390	0.01610	0.00951	0.01097	0.00878	0.00585	0.00439	0.00146	0.00732	0.00366	0.00293	0.00878
9	0.01974	0.01558	0.01846	0.06943	0.02093	0.01839	0.01288	0.21198	0.26730	0.07957	0.01938	0.02002	0.01459	0.00933	0.01027	0.00237	0.16701	0.00674	0.00589	0.01015
10	0.00974	0.00709	0.00997	0.01002	0.01094	0.00789	0.00736	0.01161	0.01122	0.01587	0.05038	0.06518	0.02223	0.20925	0.50923	0.00924	0.01435	0.00870	0.00407	0.00565
11	0.12706	0.00786	0.00894	0.00871	0.01052	0.00771	0.00636	0.01382	0.01555	0.05722	0.29992	0.18627	0.09013	0.09394	0.01035	0.00275	0.00418	0.01198	0.03036	0.00637
12	0.00910	0.00628	0.00771	0.00855	0.00876	0.00607	0.00531	0.00973	0.01161	0.01547	0.03005	0.41848	0.03559	0.37122	0.02110	0.00460	0.00523	0.01495	0.00531	0.00489
13	0.01829	0.76368	0.03585	0.01171	0.01756	0.02707	0.01171	0.02049	0.01390	0.01610	0.00951	0.01097	0.00878	0.00585	0.00439	0.00146	0.00732	0.00366	0.00293	0.00878
14	0.03748	0.15313	0.04965	0.01944	0.14991	0.07460	0.03789	0.08326	0.01539	0.02070	0.01350	0.01776	0.01173	0.01906	0.20414	0.00443	0.06983	0.00581	0.00370	0.00858
15	0.00937	0.00653	0.00854	0.00883	0.00976	0.00613	0.00615	0.01120	0.01562	0.02162	0.36682	0.29357	0.05073	0.09387	0.01213	0.04873	0.00399	0.01421	0.00651	0.00570
16	0.00977	0.00733	0.01100	0.01100	0.01222	0.00855	0.00855	0.01222	0.01100	0.01588	0.01833	0.02688	0.01710	0.05131	0.73245	0.01100	0.01833	0.00733	0.00367	0.00611
17	0.09651	0.01402	0.01662	0.01297	0.01814	0.01397	0.01068	0.21331	0.06169	0.43564	0.02262	0.02047	0.01488	0.00826	0.00664	0.00211	0.00622	0.00645	0.00757	0.01122
18	0.01679	0.01659	0.02473	0.14403	0.49523	0.07538	0.01907	0.02149	0.05205	0.02125	0.01356	0.01756	0.01116	0.00805	0.03228	0.00238	0.00884	0.00608	0.00355	0.00994
19	0.01000	0.00768	0.00915	0.00923	0.01082	0.00749	0.00666	0.01433	0.10817	0.02223	0.26705	0.25975	0.16484	0.05900	0.00966	0.00265	0.00398	0.01408	0.00670	0.00652
20	0.01034	0.00654	0.00836	0.00914	0.00976	0.00617	0.00599	0.01130	0.01267	0.06535	0.03247	0.50640	0.03760	0.22599	0.01587	0.00381	0.00484	0.01593	0.00588	0.00559
21	0.01419	0.01216	0.01419	0.01013	0.01621	0.00912	0.00811	0.01723	0.01419	0.02229	0.01216	0.01419	0.01013	0.00507	0.00507	0.00101	0.00507	0.00405	0.00405	0.80139
22	0.02025	0.01131	0.01446	0.01305	0.04920	0.01116	0.00978	0.05563	0.15757	0.29265	0.22257	0.03125	0.03087	0.01171	0.03468	0.00250	0.00565	0.00858	0.00740	0.00974
23	0.02325	0.02130	0.09662	0.01590	0.02159	0.07758	0.01395	0.47312	0.09650	0.03634	0.01648	0.01671	0.01196	0.00792	0.00669	0.00203	0.00789	0.00597	0.00604	0.04215
24	0.01054	0.00668	0.00889	0.00995	0.01097	0.00618	0.00708	0.01207	0.01402	0.07951	0.03784	0.59895	0.06801	0.01989	0.00861	0.00274	0.00434	0.08101	0.00653	0.00617

[dist]
# distance from previous block
# <min> <max>
0	1

[block]
# block no. 1 follows, 31 sequences, length 18
# corresponding to MSA columns:
# 26-43
name=unknown_B
#
# <colnr> <probs for GDERKNQSTAVLIFYWHMCP>
#	G	D	E	R	K	N	Q	S	T	A	V	L	I	F	Y	W	H	M	C	P
0	0.04319	0.01372	0.01707	0.01317	0.01828	0.01326	0.03863	0.20611	0.04670	0.32126	0.05559	0.02320	0.04831	0.00853	0.00676	0.00200	0.00617	0.00696	0.00700	0.10409
1	0.02226	0.01675	0.05111	0.04732	0.08439	0.01662	0.01338	0.30946	0.06255	0.14421	0.01721	0.01773	0.01240	0.00775	0.00731	0.00200	0.04070	0.00602	0.00592	0.11493
2	0.10003	0.05378	0.02387	0.01973	0.06866	0.13245	0.16141	0.07303	0.10238	0.02303	0.01393	0.01676	0.01122	0.00950	0.03794	0.00258	0.13053	0.00614	0.00414	0.00889
3	0.00953	0.00696	0.00842	0.00845	0.00994	0.00641	0.00629	0.01138	0.01561	0.02053	0.26924	0.05628	0.26194	0.12186	0.01334	0.05876	0.00438	0.09883	0.00619	0.00564
4	0.19164	0.07278	0.01649	0.01157	0.01690	0.01510	0.00956	0.16408	0.07098	0.05460	0.01405	0.01495	0.01083	0.00653	0.00542	0.00165	0.00587	0.00478	0.00499	0.30722
5	0.12263	0.09856	0.01907	0.01523	0.07970	0.07712	0.04263	0.07735	0.04482	0.10005	0.06503	0.05142	0.01633	0.00779	0.00607	0.00184	0.00668	0.00628	0.00500	0.15637
6	0.08799	0.05231	0.08255	0.02298	0.20348	0.09102	0.09820	0.06941	0.06273	0.02401	0.01537	0.02029	0.01280	0.00742	0.00654	0.00206	0.00817	0.04866	0.03745	0.04654
7	0.01158	0.00635	0.00907	0.00920	0.00973	0.00614	0.00638	0.01061	0.01170	0.04110	0.11468	0.16264	0.02626	0.02130	0.01964	0.49217	0.00521	0.02738	0.00452	0.00434
8	0.03808	0.01438	0.02594	0.02000	0.03918	0.01394	0.32856	0.04722	0.01641	0.05543	0.07634	0.04434	0.09685	0.00923	0.00869	0.00227	0.05972	0.03491	0.00469	0.06382
9	0.01923	0.03951	0.10611	0.02296	0.11178	0.14533	0.21171	0.15690	0.01985	0.02552	0.06223	0.01841	0.01396	0.00719	0.00706	0.00208	0.00961	0.00664	0.00435	0.00957
10	0.07062	0.01037	0.01347	0.03029	0.09928	0.01056	0.00990	0.04906	0.08591	0.11127	0.05216	0.14807	0.06787	0.05112	0.01095	0.09179	0.00573	0.06818	0.00568	0.00772
11	0.01006	0.00649	0.00863	0.00977	0.01054	0.00607	0.00676	0.01140	0.01349	0.06282	0.03588	0.61691	0.04172	0.06778	0.01033	0.00301	0.00442	0.06166	0.00634	0.00591
12	0.10168	0.22036	0.02108	0.04844	0.03210	0.07736	0.03555	0.07599	0.03244	0.07688	0.03406	0.03852	0.06132	0.00990	0.00759	0.05781	0.00706	0.04905	0.00463	0.00819
13	0.01060	0.00902	0.01098	0.05953	0.06046	0.05778	0.00864	0.01232	0.01395	0.01809	0.06231	0.53017	0.03797	0.04851	0.00936	0.00276	0.00529	0.03033	0.00570	0.00621
14	0.07781	0.02919	0.11344	0.01815	0.02307	0.46235	0.07731	0.08115	0.01896	0.02104	0.01152	0.01344	0.00908	0.00691	0.00631	0.00192	0.01108	0.00493	0.00376	0.00861
15	0.08499	0.04780	0.02332	0.04658	0.11136	0.03264	0.14690	0.13404	0.12417	0.07305	0.01741	0.05282	0.01389	0.00801	0.00739	0.00218	0.03524	0.00704	0.00504	0.02613
16	0.49555	0.03933	0.01107	0.00952	0.01313	0.01298	0.00789	0.01763	0.01303	0.02652	0.04839	0.02719	0.07726	0.01126	0.03860	0.00260	0.00583	0.09292	0.00475	0.04455
17	0.05452	0.01232	0.01227	0.01084	0.01369	0.09058	0.00826	0.07906	0.04286	0.14875	0.15731	0.03779	0.12090	0.14067	0.01199	0.00293	0.00602	0.03531	0.00622	0.00772

[dist]
# distance from previous block
# <min> <max>
4	26

[block]
# block no. 2 follows, 31 sequences, length 115
# corresponding to MSA columns:
# 70-184
name=unknown_C
#
# <colnr> <probs for GDERKNQSTAVLIFYWHMCP>
#	G	D	E	R	K	N	Q	S	T	A	V	L	I	F	Y	W	H	M	C	P
0	0.04853	0.05404	0.01507	0.01177	0.03604	0.01160	0.00910	0.11881	0.01861	0.13220	0.15753	0.07700	0.05853	0.00967	0.00658	0.00184	0.00526	0.00803	0.00602	0.21376
1	0.07120	0.04018	0.04724	0.29246	0.23598	0.01610	0.01736	0.06656	0.01566	0.06367	0.01316	0.01692	0.01014	0.00688	0.00709	0.00213	0.03599	0.00579	0.00383	0.03168
2	0.03863	0.01316	0.09827	0.06381	0.06471	0.01048	0.01119	0.06164	0.01756	0.06601	0.23879	0.03595	0.15444	0.01084	0.00715	0.00206	0.00552	0.00918	0.00574	0.08486
3	0.02159	0.01852	0.01540	0.01296	0.01688	0.23291	0.01014	0.17974	0.02053	0.09105	0.01668	0.01792	0.01263	0.00748	0.00591	0.00174	0.00745	0.00552	0.21056	0.09440
4	0.09400	0.01541	0.05344	0.13655	0.18119	0.03697	0.05290	0.07226	0.01634	0.08487	0.01557	0.04525	0.01284	0.00753	0.00652	0.00202	0.00753	0.03124	0.00442	0.12316
5	0.11067	0.32039	0.28101	0.03482	0.08910	0.02030	0.01718	0.02084	0.01398	0.02049	0.01090	0.01299	0.00878	0.00619	0.00542	0.00187	0.00821	0.00446	0.00312	0.00927
6	0.01044	0.00792	0.01008	0.01051	0.05221	0.00747	0.00718	0.03501	0.01764	0.02411	0.42755	0.05066	0.17172	0.10355	0.01121	0.00274	0.00421	0.03271	0.00660	0.00648
7	0.00977	0.00733	0.01100	0.01100	0.01222	0.00855	0.00855	0.01222	0.01100	0.01588	0.01833	0.02688	0.01710	0.05131	0.73245	0.01100	0.01833	0.00733	0.00367	0.00611
8	0.80789	0.01323	0.01006	0.00900	0.01323	0.01535	0.00741	0.02011	0.01164	0.03070	0.00953	0.01111	0.00741	0.00635	0.00423	0.00212	0.00529	0.00370	0.00423	0.00741
9	0.01149	0.01096	0.03962	0.01484	0.01701	0.01165	0.11566	0.01437	0.01211	0.01728	0.01887	0.08641	0.03283	0.03369	0.41397	0.00729	0.12292	0.00837	0.00380	0.00687
10	0.01787	0.01539	0.08351	0.04218	0.01884	0.03669	0.01176	0.04985	0.33149	0.13640	0.15272	0.02788	0.02609	0.00956	0.00708	0.00221	0.00596	0.00799	0.00664	0.00988
11	0.01419	0.01216	0.01419	0.01013	0.01621	0.00912	0.00811	0.01723	0.01419	0.02229	0.01216	0.01419	0.01013	0.00507	0.00507	0.00101	0.00507	0.00405	0.00405	0.80139
12	0.00986	0.00700	0.00933	0.00933	0.00998	0.00765	0.00648	0.01115	0.01050	0.01465	0.01984	0.03529	0.02076	0.38425	0.40451	0.00894	0.01283	0.00856	0.00389	0.00519
13	0.00872	0.00609	0.00821	0.00971	0.01016	0.00574	0.00665	0.00981	0.01305	0.01736	0.03615	0.66646	0.04295	0.02139	0.00980	0.04790	0.00424	0.06399	0.00616	0.00546
14	0.01032	0.00724	0.00900	0.03316	0.01085	0.00736	0.00654	0.01203	0.04318	0.01630	0.04509	0.17134	0.03062	0.40722	0.02305	0.03465	0.00602	0.11586	0.00501	0.00517
15	0.06956	0.38316	0.18058	0.03776	0.06355	0.08217	0.03558	0.02116	0.01439	0.01892	0.01059	0.01276	0.00885	0.00635	0.00585	0.00181	0.03044	0.00445	0.00310	0.00897
16	0.01041	0.00723	0.00949	0.01016	0.01121	0.00712	0.00788	0.01242	0.01449	0.01939	0.16137	0.08128	0.03937	0.22953	0.01695	0.02937	0.00572	0.31521	0.00582	0.00559
17	0.05073	0.01586	0.01664	0.01423	0.01855	0.01810	0.01129	0.21614	0.49271	0.03268	0.02399	0.02246	0.01781	0.00887	0.00682	0.00224	0.00599	0.00714	0.00682	0.01091
18	0.01515	0.12471	0.26354	0.01745	0.06908	0.01598	0.05608	0.03841	0.10313	0.02273	0.05479	0.02070	0.01531	0.00752	0.00641	0.00197	0.00775	0.03587	0.00415	0.11927
19	0.01740	0.10476	0.01809	0.03414	0.05548	0.01482	0.01124	0.07540	0.12814	0.13268	0.01966	0.05045	0.01622	0.02099	0.21345	0.00467	0.06132	0.00706	0.00515	0.00890
20	0.01951	0.01474	0.01601	0.01382	0.01799	0.01651	0.01091	0.12436	0.51845	0.10613	0.04658	0.02481	0.02050	0.00919	0.00697	0.00226	0.00568	0.00757	0.00713	0.01090
21	0.05758	0.00791	0.00891	0.00847	0.00909	0.00832	0.00535	0.03321	0.01109	0.03649	0.02026	0.03957	0.02234	0.61909	0.05164	0.00608	0.03616	0.00914	0.00430	0.00499
22	0.13689	0.01796	0.10666	0.01895	0.07523	0.03780	0.15896	0.08067	0.05025	0.22316	0.01744	0.01813	0.01218	0.00714	0.00667	0.00215	0.00799	0.00630	0.00536	0.01010
23	0.02601	0.01916	0.02053	0.01574	0.02122	0.02122	0.01300	0.69408	0.03217	0.04312	0.01643	0.01643	0.01163	0.00821	0.00684	0.00205	0.00753	0.00616	0.00684	0.01163
24	0.00874	0.00633	0.00821	0.00919	0.01001	0.00588	0.00639	0.01042	0.01455	0.01954	0.17653	0.51217	0.09806	0.04390	0.00944	0.00276	0.00396	0.04168	0.00652	0.00574
25	0.00856	0.00605	0.00787	0.00924	0.00958	0.00571	0.00604	0.00959	0.01266	0.01688	0.03545	0.65574	0.04240	0.12468	0.01238	0.00332	0.00434	0.01812	0.00604	0.00536
26	0.06746	0.01223	0.01391	0.01006	0.01601	0.00954	0.00806	0.01742	0.01402	0.02286	0.01198	0.01398	0.00995	0.00515	0.00501	0.00109	0.00508	0.00403	0.00407	0.74809
27	0.01292	0.01216	0.02052	0.74312	0.04712	0.01520	0.01900	0.01748	0.01368	0.01748	0.01216	0.01824	0.00912	0.00684	0.00684	0.00228	0.00912	0.00608	0.00304	0.00760
28	0.04376	0.01389	0.01524	0.01351	0.01588	0.08492	0.01071	0.16643	0.03875	0.02290	0.01602	0.02170	0.01409	0.05974	0.32513	0.00624	0.11227	0.00660	0.00441	0.00781
29	0.02526	0.02977	0.01963	0.01733	0.02105	0.58997	0.01324	0.13694	0.02118	0.02109	0.01148	0.01310	0.00928	0.00741	0.00685	0.00185	0.03721	0.00475	0.00405	0.00853
30	0.00888	0.00660	0.00829	0.00906	0.01023	0.00606	0.00657	0.01078	0.01511	0.01992	0.18030	0.37550	0.19165	0.03620	0.00915	0.00268	0.00402	0.08663	0.00653	0.00583
31	0.00864	0.00638	0.00772	0.00850	0.00939	0.00585	0.00573	0.00994	0.01371	0.01786	0.09833	0.41963	0.20382	0.13665	0.01265	0.00322	0.00421	0.01616	0.00610	0.00546
32	0.01292	0.01216	0.02052	0.74312	0.04712	0.01520	0.01900	0.01748	0.01368	0.01748	0.01216	0.01824	0.00912	0.00684	0.00684	0.00228	0.00912	0.00608	0.00304	0.00760
33	0.01477	0.02804	0.42746	0.02355	0.03228	0.01650	0.31457	0.02177	0.01518	0.02177	0.01296	0.01618	0.00941	0.00618	0.00718	0.00223	0.01073	0.00637	0.00314	0.00973
34	0.01539	0.00930	0.01094	0.00983	0.01170	0.00933	0.00688	0.09026	0.05927	0.13552	0.07031	0.10722	0.02654	0.38334	0.02103	0.00443	0.00603	0.00999	0.00578	0.00692
35	0.00962	0.00644	0.00828	0.00919	0.01002	0.00595	0.00624	0.01096	0.01377	0.05125	0.08712	0.54852	0.09732	0.08797	0.01095	0.00302	0.00421	0.01706	0.00633	0.00580
36	0.02543	0.01888	0.02021	0.01562	0.02100	0.02095	0.01286	0.65206	0.07512	0.04219	0.01715	0.01701	0.01223	0.00828	0.00685	0.00207	0.00739	0.00626	0.00685	0.01158
37	0.00877	0.00627	0.00843	0.00992	0.01053	0.00592	0.00701	0.01033	0.01375	0.01834	0.06806	0.62828	0.04530	0.02074	0.00880	0.00280	0.00426	0.11038	0.00640	0.00570
38	0.01232	0.00768	0.00964	0.00936	0.01015	0.00795	0.00636	0.05071	0.07316	0.01686	0.03841	0.09418	0.02046	0.19542	0.02290	0.37494	0.00580	0.00849	0.03034	0.00488
39	0.01682	0.00878	0.01131	0.00995	0.01285	0.00796	0.00781	0.03838	0.01860	0.25023	0.29866	0.09467	0.11526	0.01298	0.00766	0.00223	0.00441	0.04077	0.03254	0.00813
40	0.00871	0.00689	0.00787	0.00795	0.00983	0.00605	0.00596	0.01089	0.01644	0.02107	0.25124	0.13336	0.42460	0.01686	0.00821	0.00235	0.00358	0.04546	0.00669	0.00597
41	0.01276	0.00916	0.01127	0.01065	0.01298	0.00930	0.00838	0.01963	0.17583	0.06584	0.41157	0.04775	0.04792	0.01336	0.00796	0.00234	0.00436	0.11395	0.00726	0.00773
42	0.01752	0.01480	0.01571	0.01402	0.01793	0.01701	0.01101	0.08841	0.62471	0.02948	0.02724	0.02672	0.02083	0.00956	0.00704	0.00233	0.00562	0.03240	0.00693	0.01072
43	0.00901	0.00695	0.00814	0.00785	0.00970	0.00617	0.00583	0.01148	0.01741	0.02309	0.41334	0.05713	0.33924	0.04357	0.00909	0.00239	0.00346	0.01316	0.00690	0.00608
44	0.01093	0.00687	0.00786	0.00768	0.00794	0.00679	0.00443	0.01106	0.01041	0.04683	0.02181	0.04375	0.02450	0.72397	0.03350	0.00642	0.00659	0.00980	0.00435	0.00450
45	0.72715	0.01307	0.01066	0.00933	0.01367	0.01480	0.00768	0.02149	0.01247	0.10247	0.01134	0.01238	0.00840	0.00657	0.00451	0.00212	0.00535	0.00403	0.00467	0.00785
46	0.01124	0.00594	0.00874	0.00902	0.00910	0.00587	0.00602	0.00902	0.00967	0.01290	0.01658	0.15420	0.01795	0.02334	0.02347	0.65594	0.00558	0.00840	0.00358	0.00344
47	0.01060	0.00673	0.00867	0.00944	0.01058	0.00615	0.00661	0.01205	0.01409	0.08390	0.05504	0.53054	0.12374	0.05444	0.00972	0.00284	0.00427	0.03801	0.00647	0.00613
48	0.00834	0.00595	0.00794	0.00953	0.00992	0.00556	0.00635	0.00953	0.01310	0.01746	0.03771	0.75510	0.04525	0.02143	0.00873	0.00278	0.00397	0.01945	0.00635	0.00556
49	0.00977	0.00733	0.01100	0.01100	0.01222	0.00855	0.00855	0.01222	0.01100	0.01588	0.01833	0.02688	0.01710	0.05131	0.73245	0.01100	0.01833	0.00733	0.00367	0.00611
50	0.00884	0.00616	0.00779	0.00888	0.00916	0.00589	0.00567	0.00966	0.01212	0.01616	0.03269	0.53427	0.03891	0.25091	0.01684	0.00398	0.00480	0.01650	0.00567	0.00512
51	0.13301	0.01277	0.01360	0.01154	0.01496	0.01361	0.00908	0.27350	0.02066	0.07214	0.05402	0.05615	0.08415	0.14282	0.01181	0.00300	0.00618	0.05262	0.00602	0.00837
52	0.01506	0.00998	0.01210	0.01105	0.01366	0.01017	0.00866	0.06563	0.15105	0.11348	0.28167	0.04365	0.03909	0.08302	0.01035	0.00274	0.00504	0.10856	0.00699	0.00806
53	0.07461	0.01173	0.01555	0.01199	0.01723	0.01035	0.00991	0.03259	0.01913	0.68259	0.02600	0.02260	0.01640	0.00835	0.00673	0.00212	0.00579	0.00670	0.00823	0.01140
54	0.02123	0.01662	0.01782	0.01471	0.01927	0.01875	0.01182	0.36746	0.33356	0.03537	0.02165	0.02099	0.01604	0.01064	0.03973	0.00258	0.00707	0.00692	0.00675	0.01102
55	0.00944	0.00658	0.00819	0.00895	0.00946	0.00638	0.00603	0.01053	0.01255	0.01670	0.07016	0.30814	0.05397	0.33067	0.01973	0.00440	0.00535	0.10216	0.00548	0.00512
56	0.02601	0.01916	0.02053	0.01574	0.02122	0.02122	0.01300	0.69408	0.03217	0.04312	0.01643	0.01643	0.01163	0.00821	0.00684	0.00205	0.00753	0.00616	0.00684	0.01163
57	0.00977	0.00733	0.01100	0.01100	0.01222	0.00855	0.00855	0.01222	0.01100	0.01588	0.01833	0.02688	0.01710	0.05131	0.73245	0.01100	0.01833	0.00733	0.00367	0.00611
58	0.00911	0.00684	0.00861	0.00896	0.01043	0.00634	0.00671	0.01142	0.01608	0.02145	0.28189	0.22563	0.21520	0.01922	0.04931	0.00295	0.00464	0.08259	0.00661	0.00604
59	0.01035	0.00709	0.00791	0.00783	0.00805	0.00722	0.00452	0.01144	0.04919	0.01413	0.02191	0.04368	0.02465	0.71717	0.03325	0.00639	0.00656	0.00982	0.00430	0.00452
60	0.00912	0.00692	0.00841	0.00815	0.00991	0.00620	0.00607	0.01178	0.01787	0.02416	0.47987	0.09535	0.26039	0.01542	0.00811	0.00224	0.00334	0.01340	0.00711	0.00620
61	0.00995	0.00663	0.00746	0.00746	0.00746	0.00663	0.00415	0.00995	0.00995	0.01327	0.02156	0.04477	0.02487	0.75957	0.03482	0.00663	0.00663	0.00995	0.00415	0.00415
62	0.01829	0.76368	0.03585	0.01171	0.01756	0.02707	0.01171	0.02049	0.01390	0.01610	0.00951	0.01097	0.00878	0.00585	0.00439	0.00146	0.00732	0.00366	0.00293	0.00878
63	0.01567	0.01497	0.02550	0.26175	0.50696	0.01592	0.02037	0.01989	0.01498	0.02082	0.01265	0.01734	0.01030	0.00633	0.00679	0.00211	0.00844	0.00609	0.00328	0.00982
64	0.02550	0.01785	0.01836	0.01473	0.01967	0.08858	0.01191	0.34707	0.14859	0.20463	0.02049	0.01934	0.01432	0.00835	0.00681	0.00209	0.00721	0.00644	0.00693	0.01112
65	0.00868	0.00695	0.00775	0.00755	0.00960	0.00603	0.00566	0.01096	0.01699	0.02179	0.30714	0.06040	0.47421	0.01609	0.00808	0.00225	0.00338	0.01368	0.00679	0.00603
66	0.00995	0.00663	0.00746	0.00746	0.00746	0.00663	0.00415	0.00995	0.00995	0.01327	0.02156	0.04477	0.02487	0.75957	0.03482	0.00663	0.00663	0.00995	0.00415	0.00415
67	0.02556	0.03261	0.01939	0.01763	0.02115	0.73210	0.01322	0.02732	0.01939	0.01674	0.01058	0.01234	0.00881	0.00705	0.00617	0.00176	0.01234	0.00441	0.00353	0.00793
68	0.01497	0.01497	0.02095	0.01796	0.01796	0.02095	0.01497	0.01646	0.01048	0.01646	0.00898	0.01497	0.00898	0.01197	0.02245	0.00299	0.74704	0.00599	0.00299	0.00748
69	0.01419	0.01216	0.01419	0.01013	0.01621	0.00912	0.00811	0.01723	0.01419	0.02229	0.01216	0.01419	0.01013	0.00507	0.00507	0.00101	0.00507	0.00405	0.00405	0.80139
70	0.01304	0.01228	0.02074	0.72222	0.06709	0.01523	0.01906	0.01758	0.01374	0.01763	0.01218	0.01820	0.00917	0.00682	0.00684	0.00227	0.00909	0.00608	0.00305	0.00770
71	0.00977	0.00733	0.01100	0.01100	0.01222	0.00855	0.00855	0.01222	0.01100	0.01588	0.01833	0.02688	0.01710	0.05131	0.73245	0.01100	0.01833	0.00733	0.00367	0.00611
72	0.00834	0.00595	0.00794	0.00953	0.00992	0.00556	0.00635	0.00953	0.01310	0.01746	0.03771	0.75510	0.04525	0.02143	0.00873	0.00278	0.00397	0.01945	0.00635	0.00556
73	0.01687	0.01642	0.02872	0.04100	0.66570	0.01633	0.07143	0.02107	0.01562	0.02232	0.01294	0.01705	0.01080	0.00607	0.00687	0.00205	0.00838	0.00624	0.00339	0.01072
74	0.02556	0.03261	0.01939	0.01763	0.02115	0.73210	0.01322	0.02732	0.01939	0.01674	0.01058	0.01234	0.00881	0.00705	0.00617	0.00176	0.01234	0.00441	0.00353	0.00793
75	0.01615	0.01845	0.04037	0.02884	0.03576	0.01730	0.69204	0.02191	0.01615	0.02191	0.01384	0.01845	0.01038	0.00577	0.00807	0.00231	0.01153	0.00807	0.00346	0.00923
76	0.01092	0.00780	0.01091	0.01248	0.01401	0.00779	0.01085	0.01400	0.01565	0.02036	0.03628	0.10278	0.03960	0.01899	0.00942	0.00314	0.00621	0.64624	0.00630	0.00627
77	0.02270	0.01435	0.01772	0.06998	0.05982	0.01511	0.01225	0.27846	0.06934	0.21907	0.02284	0.02460	0.04540	0.01171	0.05247	0.00273	0.00752	0.03695	0.00657	0.01039
78	0.00997	0.00794	0.01258	0.01262	0.01410	0.00756	0.08823	0.01222	0.01416	0.01879	0.03450	0.48759	0.03958	0.01892	0.00885	0.00282	0.00548	0.19192	0.00600	0.00619
79	0.01372	0.03539	0.72412	0.01950	0.02961	0.01589	0.02528	0.02167	0.01444	0.02167	0.01228	0.01444	0.00867	0.00650	0.00650	0.00217	0.01011	0.00506	0.00289	0.01011
80	0.00849	0.00702	0.00752	0.00780	0.00993	0.00605	0.00603	0.01039	0.01552	0.01871	0.06360	0.09460	0.59682	0.01770	0.00829	0.00244	0.00387	0.10304	0.00635	0.00584
81	0.01702	0.01543	0.02624	0.09489	0.56430	0.01576	0.04106	0.02082	0.01527	0.05458	0.01336	0.01744	0.01094	0.00697	0.00793	0.02561	0.03239	0.00619	0.00358	0.01022
82	0.01196	0.01064	0.01981	0.01655	0.01947	0.00994	0.24990	0.01488	0.01448	0.04373	0.02882	0.44976	0.03173	0.01535	0.00845	0.00260	0.00678	0.03266	0.00540	0.00709
83	0.08475	0.01175	0.01547	0.01195	0.01717	0.01042	0.00987	0.03242	0.01903	0.67357	0.02578	0.02244	0.01627	0.00832	0.00670	0.00212	0.00578	0.00666	0.00817	0.01135
84	0.01034	0.00722	0.00919	0.00954	0.01086	0.00691	0.00700	0.01320	0.04674	0.04358	0.24996	0.28103	0.08804	0.08908	0.01096	0.00293	0.00438	0.09619	0.00660	0.00624
85	0.13283	0.01808	0.01929	0.01600	0.05298	0.02005	0.01255	0.55014	0.04835	0.04000	0.01564	0.01599	0.01129	0.00789	0.00649	0.00207	0.00719	0.00587	0.00632	0.01099
86	0.03008	0.01263	0.01649	0.01264	0.01796	0.01152	0.01044	0.12001	0.02123	0.63262	0.02560	0.02239	0.01624	0.00843	0.00688	0.00211	0.00605	0.00679	0.00825	0.01164
87	0.00809	0.00693	0.00693	0.00693	0.00924	0.00578	0.00520	0.00982	0.01559	0.01848	0.06931	0.06584	0.71411	0.01733	0.00809	0.00231	0.00347	0.01444	0.00635	0.00578
88	0.01419	0.01216	0.01419	0.01013	0.01621	0.00912	0.00811	0.01723	0.01419	0.02229	0.01216	0.01419	0.01013	0.00507	0.00507	0.00101	0.00507	0.00405	0.00405	0.80139
89	0.01120	0.00790	0.01007	0.00976	0.01087	0.00829	0.00700	0.01418	0.09944	0.01959	0.21203	0.10331	0.05167	0.12005	0.06696	0.19136	0.03511	0.01007	0.00534	0.00578
90	0.01102	0.00787	0.01102	0.01260	0.01417	0.00787	0.01102	0.01417	0.01575	0.02047	0.03622	0.07717	0.03937	0.01890	0.00945	0.00315	0.00630	0.67084	0.00630	0.00630
91	0.02208	0.01514	0.01699	0.01351	0.01794	0.01617	0.01097	0.42345	0.05951	0.11258	0.18937	0.02613	0.02566	0.00971	0.00715	0.00210	0.00619	0.00784	0.00720	0.01032
92	0.00983	0.00667	0.00890	0.00985	0.01081	0.00629	0.00715	0.01170	0.01474	0.04269	0.15902	0.46053	0.04594	0.05264	0.00985	0.00288	0.00440	0.12361	0.00653	0.00598
93	0.00858	0.00613	0.00822	0.00981	0.01032	0.00577	0.00678	0.00996	0.01334	0.01774	0.03757	0.69250	0.04471	0.02120	0.00880	0.00281	0.00418	0.07960	0.00635	0.00563
94	0.01702	0.01470	0.01547	0.01392	0.01779	0.01702	0.01083	0.03635	0.70453	0.02862	0.02785	0.02553	0.02088	0.00928	0.00696	0.00232	0.00541	0.00773	0.00696	0.01083
95	0.01455	0.00889	0.01084	0.00950	0.01216	0.00841	0.00738	0.08512	0.01984	0.13375	0.40202	0.04357	0.13726	0.01260	0.00754	0.00212	0.00409	0.01077	0.06192	0.00768
96	0.01376	0.01160	0.01350	0.00986	0.01532	0.00887	0.00770	0.01649	0.01376	0.02137	0.01312	0.01730	0.01163	0.08183	0.00809	0.00159	0.00523	0.00465	0.00406	0.72027
97	0.01186	0.00598	0.00875	0.00875	0.00882	0.00598	0.00583	0.00926	0.00919	0.01254	0.01267	0.02179	0.01256	0.04706	0.02601	0.73887	0.00584	0.00609	0.03896	0.00316
98	0.00995	0.00663	0.00746	0.00746	0.00746	0.00663	0.00415	0.00995	0.00995	0.01327	0.02156	0.04477	0.02487	0.75957	0.03482	0.00663	0.00663	0.00995	0.00415	0.00415
99	0.01076	0.00760	0.00958	0.01003	0.01152	0.00732	0.00747	0.04351	0.04013	0.04409	0.16775	0.37746	0.11152	0.01782	0.00843	0.00259	0.00437	0.10487	0.00668	0.00651
100	0.00898	0.00642	0.00847	0.00982	0.01050	0.00609	0.00700	0.01051	0.01360	0.01802	0.05722	0.53592	0.06308	0.07709	0.01082	0.00311	0.00456	0.13696	0.00621	0.00562
101	0.01372	0.03539	0.72412	0.01950	0.02961	0.01589	0.02528	0.02167	0.01444	0.02167	0.01228	0.01444	0.00867	0.00650	0.00650	0.00217	0.01011	0.00506	0.00289	0.01011
102	0.00883	0.00615	0.00802	0.00945	0.01007	0.00579	0.00655	0.01033	0.01346	0.01828	0.03753	0.63239	0.06419	0.02017	0.00849	0.00271	0.00407	0.06596	0.06189	0.00568
103	0.02065	0.02394	0.02322	0.02147	0.09280	0.35419	0.09555	0.04505	0.01658	0.01873	0.01095	0.01440	0.00935	0.00820	0.01097	0.00220	0.21439	0.00551	0.00347	0.00838
104	0.80789	0.01323	0.01006	0.00900	0.01323	0.01535	0.00741	0.02011	0.01164	0.03070	0.00953	0.01111	0.00741	0.00635	0.00423	0.00212	0.00529	0.00370	0.00423	0.00741
105	0.01228	0.01093	0.01556	0.01420	0.01481	0.01432	0.01149	0.01420	0.01086	0.01620	0.01460	0.02355	0.01428	0.05967	0.34641	0.00679	0.36194	0.02779	0.00345	0.00669
106	0.02601	0.01916	0.02053	0.01574	0.02122	0.02122	0.01300	0.69408	0.03217	0.04312	0.01643	0.01643	0.01163	0.00821	0.00684	0.00205	0.00753	0.00616	0.00684	0.01163
107	0.01652	0.01624	0.02563	0.13808	0.51532	0.04753	0.01972	0.02027	0.01492	0.02077	0.01224	0.01671	0.01030	0.00688	0.00847	0.00216	0.08904	0.00601	0.00330	0.00989
108	0.00834	0.00595	0.00794	0.00953	0.00992	0.00556	0.00635	0.00953	0.01310	0.01746	0.03771	0.75510	0.04525	0.02143	0.00873	0.00278	0.00397	0.01945	0.00635	0.00556
109	0.01000	0.00766	0.01143	0.01130	0.01246	0.00909	0.00883	0.01240	0.01097	0.01591	0.01792	0.02636	0.01675	0.04961	0.70179	0.01065	0.04979	0.00727	0.00364	0.00617
110	0.01118	0.00807	0.01057	0.01132	0.01276	0.00835	0.00911	0.01489	0.08403	0.01913	0.03161	0.10175	0.06103	0.09343	0.08548	0.07207	0.00715	0.34627	0.00562	0.00618
111	0.10565	0.19594	0.05720	0.01503	0.05112	0.15893	0.01233	0.12648	0.08275	0.02424	0.04525	0.01681	0.01339	0.01029	0.05460	0.00250	0.00867	0.00541	0.00445	0.00898
112	0.01007	0.03640	0.01107	0.01109	0.06001	0.00826	0.00757	0.01231	0.01591	0.02117	0.26803	0.16095	0.25257	0.04744	0.00979	0.00250	0.03931	0.01295	0.00615	0.00645
113	0.05143	0.56386	0.07924	0.01189	0.01800	0.02300	0.01191	0.02005	0.01389	0.01808	0.01012	0.01172	0.00892	0.00580	0.00463	0.00147	0.00707	0.00382	0.00316	0.13195
114	0.04993	0.01017	0.01163	0.01186	0.03890	0.05978	0.00833	0.01542	0.07560	0.01806	0.03944	0.11779	0.02098	0.10958	0.24288	0.10605	0.01004	0.00859	0.00440	0.04058

[dist]
# distance from previous block
# <min> <max>
0	3

[block]
# block no. 3 follows, 31 sequences, length 151
# corresponding to MSA columns:
# 188-338
name=unknown_D
#
# <colnr> <probs for GDERKNQSTAVLIFYWHMCP>
#	G	D	E	R	K	N	Q	S	T	A	V	L	I	F	Y	W	H	M	C	P
0	0.01627	0.01501	0.02100	0.07320	0.15390	0.04101	0.01555	0.06142	0.01392	0.04138	0.01280	0.01937	0.01160	0.01240	0.05376	0.00307	0.38532	0.03690	0.00370	0.00842
1	0.71072	0.07140	0.01253	0.00952	0.01393	0.01652	0.00800	0.05139	0.01277	0.03014	0.00984	0.01135	0.00771	0.00640	0.00437	0.00206	0.00555	0.00381	0.00425	0.00771
2	0.01004	0.00726	0.00957	0.01024	0.03496	0.00703	0.00704	0.01233	0.04670	0.02034	0.23882	0.22641	0.13386	0.02000	0.06249	0.12312	0.00521	0.01273	0.00593	0.00594
3	0.01404	0.01231	0.01962	0.45595	0.11454	0.01471	0.01664	0.01820	0.03876	0.04246	0.03929	0.02075	0.01287	0.04314	0.01035	0.03037	0.07798	0.00657	0.00362	0.00785
4	0.01758	0.01865	0.02854	0.08000	0.24392	0.12103	0.24403	0.04570	0.04847	0.02171	0.01392	0.01778	0.01109	0.00882	0.04602	0.00260	0.01036	0.00666	0.00371	0.00941
5	0.00945	0.00753	0.00839	0.00897	0.01011	0.03604	0.00626	0.01064	0.01363	0.01724	0.06030	0.34673	0.23860	0.07998	0.06576	0.04888	0.00554	0.01471	0.00570	0.00553
6	0.01254	0.00734	0.00920	0.00903	0.01064	0.00669	0.00638	0.01414	0.01491	0.13543	0.14312	0.28143	0.13970	0.16170	0.01332	0.00325	0.00461	0.01365	0.00646	0.00647
7	0.03636	0.00897	0.01194	0.01356	0.09393	0.00877	0.03200	0.01440	0.07761	0.02019	0.07949	0.29504	0.19620	0.06780	0.00981	0.00273	0.00492	0.01362	0.00581	0.00685
8	0.01372	0.03539	0.72412	0.01950	0.02961	0.01589	0.02528	0.02167	0.01444	0.02167	0.01228	0.01444	0.00867	0.00650	0.00650	0.00217	0.01011	0.00506	0.00289	0.01011
9	0.01094	0.00725	0.00945	0.00945	0.01103	0.00721	0.00710	0.01305	0.01391	0.06846	0.09885	0.15055	0.15974	0.07582	0.24997	0.00551	0.00892	0.03855	0.04797	0.00628
10	0.01402	0.00769	0.00962	0.00888	0.01075	0.00709	0.00640	0.01601	0.01578	0.16345	0.23771	0.11820	0.07864	0.19966	0.01434	0.00330	0.00470	0.01108	0.06591	0.00679
11	0.01847	0.01231	0.01397	0.01202	0.01537	0.01334	0.00943	0.18757	0.18783	0.11260	0.02270	0.04814	0.01820	0.06819	0.10709	0.00362	0.00744	0.00752	0.12500	0.00917
12	0.00995	0.00663	0.00746	0.00746	0.00746	0.00663	0.00415	0.00995	0.00995	0.01327	0.02156	0.04477	0.02487	0.75957	0.03482	0.00663	0.00663	0.00995	0.00415	0.00415
13	0.00813	0.00674	0.00713	0.00744	0.00937	0.00573	0.00542	0.00976	0.01510	0.01828	0.06310	0.20112	0.58283	0.01813	0.00821	0.00240	0.00356	0.01542	0.00635	0.00573
14	0.00975	0.00675	0.00850	0.00937	0.00989	0.00663	0.00654	0.01089	0.01234	0.01633	0.03003	0.26216	0.03454	0.35470	0.02072	0.00462	0.00576	0.18004	0.00534	0.00511
15	0.00995	0.00663	0.00746	0.00746	0.00746	0.00663	0.00415	0.00995	0.00995	0.01327	0.02156	0.04477	0.02487	0.75957	0.03482	0.00663	0.00663	0.00995	0.00415	0.00415
16	0.01702	0.01470	0.01547	0.01392	0.01779	0.01702	0.01083	0.03635	0.70453	0.02862	0.02785	0.02553	0.02088	0.00928	0.00696	0.00232	0.00541	0.00773	0.00696	0.01083
17	0.01829	0.76368	0.03585	0.01171	0.01756	0.02707	0.01171	0.02049	0.01390	0.01610	0.00951	0.01097	0.00878	0.00585	0.00439	0.00146	0.00732	0.00366	0.00293	0.00878
18	0.01240	0.00641	0.00651	0.00651	0.00791	0.00641	0.00470	0.01519	0.01380	0.02398	0.02222	0.02791	0.01845	0.10170	0.00853	0.00222	0.00362	0.00682	0.69860	0.00610
19	0.73183	0.01254	0.00985	0.00905	0.01292	0.01442	0.00731	0.01910	0.01178	0.02944	0.01221	0.08189	0.01101	0.00779	0.00466	0.00218	0.00517	0.00520	0.00444	0.00723
20	0.00897	0.00697	0.00816	0.00786	0.00979	0.00615	0.00590	0.01154	0.01769	0.02346	0.42764	0.05764	0.35267	0.01547	0.00808	0.00222	0.00333	0.01329	0.00701	0.00615
21	0.00977	0.00733	0.01100	0.01100	0.01222	0.00855	0.00855	0.01222	0.01100	0.01588	0.01833	0.02688	0.01710	0.05131	0.73245	0.01100	0.01833	0.00733	0.00367	0.00611
22	0.00873	0.00605	0.00791	0.00920	0.00952	0.00573	0.00601	0.00956	0.01245	0.01660	0.03418	0.61870	0.04077	0.12790	0.01333	0.04034	0.00444	0.01745	0.00588	0.00523
23	0.04992	0.00951	0.01250	0.01081	0.01423	0.00853	0.00842	0.02381	0.01716	0.41552	0.07435	0.23983	0.02806	0.01254	0.00732	0.00229	0.00498	0.01080	0.04028	0.00914
24	0.01497	0.01497	0.02095	0.01796	0.01796	0.02095	0.01497	0.01646	0.01048	0.01646	0.00898	0.01497	0.00898	0.01197	0.02245	0.00299	0.74704	0.00599	0.00299	0.00748
25	0.01292	0.01216	0.02052	0.74312	0.04712	0.01520	0.01900	0.01748	0.01368	0.01748	0.01216	0.01824	0.00912	0.00684	0.00684	0.00228	0.00912	0.00608	0.00304	0.00760
26	0.03824	0.00621	0.00890	0.00886	0.00900	0.00628	0.00593	0.00932	0.00904	0.01256	0.01215	0.02134	0.01220	0.04962	0.02628	0.74590	0.00595	0.00601	0.00306	0.00316
27	0.00834	0.00595	0.00794	0.00953	0.00992	0.00556	0.00635	0.00953	0.01310	0.01746	0.03771	0.75510	0.04525	0.02143	0.00873	0.00278	0.00397	0.01945	0.00635	0.00556
28	0.01497	0.01497	0.02095	0.01796	0.01796	0.02095	0.01497	0.01646	0.01048	0.01646	0.00898	0.01497	0.00898	0.01197	0.02245	0.00299	0.74704	0.00599	0.00299	0.00748
29	0.01174	0.00604	0.00906	0.00906	0.00914	0.00612	0.00612	0.00914	0.00906	0.01216	0.01233	0.02122	0.01224	0.02567	0.07552	0.74635	0.00680	0.00604	0.00302	0.00319
30	0.01419	0.01216	0.01419	0.01013	0.01621	0.00912	0.00811	0.01723	0.01419	0.02229	0.01216	0.01419	0.01013	0.00507	0.00507	0.00101	0.00507	0.00405	0.00405	0.80139
31	0.01601	0.01424	0.01958	0.39422	0.11312	0.06542	0.01600	0.07369	0.03951	0.04649	0.01444	0.04349	0.01163	0.00810	0.00755	0.03473	0.00827	0.00638	0.00394	0.06318
32	0.00962	0.00699	0.00905	0.00854	0.01018	0.00643	0.00640	0.01278	0.01921	0.02706	0.68663	0.05171	0.09143	0.01412	0.00807	0.00216	0.00324	0.01246	0.00748	0.00643
33	0.00977	0.00733	0.01100	0.01100	0.01222	0.00855	0.00855	0.01222	0.01100	0.01588	0.01833	0.02688	0.01710	0.05131	0.73245	0.01100	0.01833	0.00733	0.00367	0.00611
34	0.01581	0.01511	0.02575	0.23757	0.53006	0.01596	0.02044	0.02002	0.01505	0.02099	0.01267	0.01730	0.01036	0.00630	0.00679	0.00210	0.00840	0.00609	0.00329	0.00993
35	0.02358	0.01082	0.01498	0.06244	0.01795	0.01038	0.01030	0.02602	0.01750	0.46339	0.07526	0.06641	0.04645	0.01084	0.00904	0.02994	0.06182	0.02600	0.00717	0.00970
36	0.00833	0.00599	0.00790	0.00942	0.00990	0.00557	0.00631	0.00954	0.01320	0.01750	0.03894	0.72813	0.07142	0.02127	0.00871	0.00276	0.00395	0.01925	0.00635	0.00557
37	0.01497	0.01497	0.02095	0.01796	0.01796	0.02095	0.01497	0.01646	0.01048	0.01646	0.00898	0.01497	0.00898	0.01197	0.02245	0.00299	0.74704	0.00599	0.00299	0.00748
38	0.01693	0.01626	0.02777	0.04199	0.71689	0.01626	0.02100	0.02100	0.01558	0.02235	0.01287	0.01693	0.01084	0.00610	0.00677	0.00203	0.00813	0.00610	0.00339	0.01084
39	0.01453	0.01267	0.01588	0.01411	0.10360	0.01001	0.00971	0.01770	0.01436	0.02230	0.01225	0.01453	0.01022	0.00519	0.00528	0.00114	0.00545	0.00431	0.00397	0.70280
40	0.01497	0.01497	0.02095	0.01796	0.01796	0.02095	0.01497	0.01646	0.01048	0.01646	0.00898	0.01497	0.00898	0.01197	0.02245	0.00299	0.74704	0.00599	0.00299	0.00748
41	0.01497	0.01497	0.02095	0.01796	0.01796	0.02095	0.01497	0.01646	0.01048	0.01646	0.00898	0.01497	0.00898	0.01197	0.02245	0.00299	0.74704	0.00599	0.00299	0.00748
42	0.01693	0.01626	0.02777	0.04199	0.71689	0.01626	0.02100	0.02100	0.01558	0.02235	0.01287	0.01693	0.01084	0.00610	0.00677	0.00203	0.00813	0.00610	0.00339	0.01084
43	0.01188	0.00594	0.00891	0.00891	0.00891	0.00594	0.00594	0.00891	0.00891	0.01188	0.01188	0.02080	0.01188	0.02377	0.02674	0.80095	0.00594	0.00594	0.00297	0.00297
44	0.00833	0.00599	0.00790	0.00942	0.00990	0.00557	0.00630	0.00954	0.01320	0.01751	0.03900	0.72696	0.07256	0.02127	0.00871	0.00276	0.00395	0.01924	0.00635	0.00557
45	0.00963	0.00699	0.00907	0.00855	0.01019	0.00643	0.00641	0.01280	0.01924	0.02712	0.69097	0.05161	0.08706	0.01410	0.00807	0.00216	0.00324	0.01244	0.00749	0.00643
46	0.01374	0.00830	0.00848	0.00812	0.01024	0.00883	0.00618	0.02065	0.17367	0.02622	0.02359	0.02551	0.01831	0.00827	0.00529	0.00176	0.00370	0.00669	0.61505	0.00740
47	0.01702	0.01470	0.01547	0.01392	0.01779	0.01702	0.01083	0.03635	0.70453	0.02862	0.02785	0.02553	0.02088	0.00928	0.00696	0.00232	0.00541	0.00773	0.00696	0.01083
48	0.01419	0.01216	0.01419	0.01013	0.01621	0.00912	0.00811	0.01723	0.01419	0.02229	0.01216	0.01419	0.01013	0.00507	0.00507	0.00101	0.00507	0.00405	0.00405	0.80139
49	0.00990	0.00683	0.00847	0.00847	0.00881	0.00718	0.00540	0.01059	0.01025	0.01401	0.02064	0.03968	0.02266	0.55813	0.23323	0.00787	0.00996	0.00920	0.00401	0.00470
50	0.03070	0.01164	0.01588	0.01217	0.01746	0.01006	0.01006	0.03334	0.01958	0.72163	0.02699	0.02329	0.01694	0.00847	0.00688	0.00212	0.00582	0.00688	0.00847	0.01164
51	0.02601	0.01916	0.02053	0.01574	0.02122	0.02122	0.01300	0.69408	0.03217	0.04312	0.01643	0.01643	0.01163	0.00821	0.00684	0.00205	0.00753	0.00616	0.00684	0.01163
52	0.01497	0.01497	0.02095	0.01796	0.01796	0.02095	0.01497	0.01646	0.01048	0.01646	0.00898	0.01497	0.00898	0.01197	0.02245	0.00299	0.74704	0.00599	0.00299	0.00748
53	0.02973	0.01319	0.01684	0.01291	0.01824	0.01236	0.01066	0.16956	0.02218	0.58174	0.02481	0.02187	0.01584	0.00842	0.00687	0.00210	0.00617	0.00673	0.00813	0.01164
54	0.00995	0.00663	0.00746	0.00746	0.00746	0.00663	0.00415	0.00995	0.00995	0.01327	0.02156	0.04477	0.02487	0.75957	0.03482	0.00663	0.00663	0.00995	0.00415	0.00415
55	0.01625	0.04010	0.02124	0.01773	0.01830	0.10029	0.01467	0.01780	0.01158	0.01648	0.00917	0.01455	0.00896	0.01124	0.02008	0.00281	0.64239	0.00574	0.00305	0.00757
56	0.01419	0.01216	0.01419	0.01013	0.01621	0.00912	0.00811	0.01723	0.01419	0.02229	0.01216	0.01419	0.01013	0.00507	0.00507	0.00101	0.00507	0.00405	0.00405	0.80139
57	0.00957	0.00693	0.00894	0.00854	0.01006	0.00640	0.00631	0.01252	0.01855	0.02606	0.62997	0.08403	0.08598	0.04490	0.00919	0.00237	0.00341	0.01268	0.00729	0.00629
58	0.01829	0.76368	0.03585	0.01171	0.01756	0.02707	0.01171	0.02049	0.01390	0.01610	0.00951	0.01097	0.00878	0.00585	0.00439	0.00146	0.00732	0.00366	0.00293	0.00878
59	0.80789	0.01323	0.01006	0.00900	0.01323	0.01535	0.00741	0.02011	0.01164	0.03070	0.00953	0.01111	0.00741	0.00635	0.00423	0.00212	0.00529	0.00370	0.00423	0.00741
60	0.00980	0.00721	0.01041	0.01041	0.01143	0.00823	0.00782	0.01184	0.01082	0.01545	0.01886	0.02983	0.01839	0.16838	0.61714	0.01027	0.01639	0.00776	0.00374	0.00578
61	0.10706	0.00766	0.00843	0.00866	0.01017	0.00751	0.00619	0.01261	0.01315	0.04782	0.03550	0.20949	0.17348	0.21784	0.01500	0.00362	0.00502	0.07494	0.03006	0.00579
62	0.01615	0.01845	0.04037	0.02884	0.03576	0.01730	0.69204	0.02191	0.01615	0.02191	0.01384	0.01845	0.01038	0.00577	0.00807	0.00231	0.01153	0.00807	0.00346	0.00923
63	0.02601	0.01916	0.02053	0.01574	0.02122	0.02122	0.01300	0.69408	0.03217	0.04312	0.01643	0.01643	0.01163	0.00821	0.00684	0.00205	0.00753	0.00616	0.00684	0.01163
64	0.00835	0.00629	0.00773	0.00875	0.00975	0.00567	0.00604	0.00981	0.01417	0.01835	0.08739	0.51998	0.23326	0.01984	0.00851	0.00261	0.00378	0.01762	0.00642	0.00567
65	0.01829	0.01459	0.01639	0.01208	0.01795	0.01332	0.00981	0.25205	0.02042	0.02952	0.01364	0.01496	0.01065	0.00616	0.00568	0.00137	0.00592	0.00478	0.00502	0.52740
66	0.00977	0.00733	0.01100	0.01100	0.01222	0.00855	0.00855	0.01222	0.01100	0.01588	0.01833	0.02688	0.01710	0.05131	0.73245	0.01100	0.01833	0.00733	0.00367	0.00611
67	0.01497	0.01497	0.02095	0.01796	0.01796	0.02095	0.01497	0.01646	0.01048	0.01646	0.00898	0.01497	0.00898	0.01197	0.02245	0.00299	0.74704	0.00599	0.00299	0.00748
68	0.00869	0.00672	0.00795	0.00836	0.00993	0.00599	0.00613	0.01070	0.01579	0.02041	0.21024	0.25665	0.33712	0.01778	0.00834	0.00245	0.00370	0.05053	0.00663	0.00590
69	0.00979	0.00728	0.01074	0.01074	0.01188	0.00842	0.00824	0.01206	0.01092	0.01570	0.01855	0.02815	0.01766	0.10169	0.68283	0.01068	0.01749	0.00752	0.00370	0.00597
70	0.01419	0.01216	0.01419	0.01013	0.01621	0.00912	0.00811	0.01723	0.01419	0.02229	0.01216	0.01419	0.01013	0.00507	0.00507	0.00101	0.00507	0.00405	0.00405	0.80139
71	0.01017	0.00729	0.00985	0.01104	0.01233	0.00711	0.00898	0.01271	0.01532	0.02020	0.11371	0.20498	0.07052	0.05846	0.01046	0.00312	0.00540	0.40601	0.00634	0.00603
72	0.00844	0.00639	0.00757	0.00839	0.00945	0.00576	0.00573	0.00976	0.01385	0.01769	0.06578	0.42440	0.27973	0.09078	0.01100	0.00297	0.00403	0.01657	0.00617	0.00552
73	0.00999	0.00691	0.00875	0.00959	0.01020	0.00684	0.00689	0.01128	0.01252	0.01651	0.02967	0.19643	0.03377	0.36517	0.02115	0.00470	0.00599	0.23319	0.00530	0.00515
74	0.01419	0.01216	0.01419	0.01013	0.01621	0.00912	0.00811	0.01723	0.01419	0.02229	0.01216	0.01419	0.01013	0.00507	0.00507	0.00101	0.00507	0.00405	0.00405	0.80139
75	0.00834	0.00595	0.00794	0.00953	0.00992	0.00556	0.00635	0.00953	0.01310	0.01746	0.03771	0.75510	0.04525	0.02143	0.00873	0.00278	0.00397	0.01945	0.00635	0.00556
76	0.01931	0.02258	0.02526	0.02058	0.02368	0.29153	0.18545	0.02199	0.01531	0.01795	0.01082	0.01484	0.00927	0.00853	0.01260	0.00235	0.28062	0.00591	0.00331	0.00810
77	0.01693	0.01626	0.02777	0.04199	0.71689	0.01626	0.02100	0.02100	0.01558	0.02235	0.01287	0.01693	0.01084	0.00610	0.00677	0.00203	0.00813	0.00610	0.00339	0.01084
78	0.01028	0.00711	0.00917	0.00890	0.01045	0.00668	0.00661	0.01288	0.01705	0.04883	0.44583	0.10377	0.11245	0.07755	0.06202	0.00325	0.00488	0.03923	0.00677	0.00630
79	0.02071	0.01539	0.01676	0.01368	0.01786	0.01670	0.01096	0.47454	0.05510	0.03584	0.05658	0.14020	0.07251	0.01132	0.00730	0.00220	0.00637	0.00926	0.00676	0.00995
80	0.00977	0.00733	0.01100	0.01100	0.01222	0.00855	0.00855	0.01222	0.01100	0.01588	0.01833	0.02688	0.01710	0.05131	0.73245	0.01100	0.01833	0.00733	0.00367	0.00611
