[name]
unknown

[dist]
# distance from previous block
# <min> <max>
3	68

[block]
# block no. 0 follows, 32 sequences, length 17
# corresponding to MSA columns:
# 79-95
name=unknown_A
#
# <colnr> <probs for GDERKNQSTAVLIFYWHMCP>
#	G	D	E	R	K	N	Q	S	T	A	V	L	I	F	Y	W	H	M	C	P
0	0.01124	0.05570	0.01151	0.01027	0.03241	0.00907	0.00747	0.08854	0.01717	0.02266	0.20787	0.26553	0.20449	0.01540	0.00772	0.00228	0.00431	0.01337	0.00627	0.00674
1	0.02089	0.19628	0.06375	0.01388	0.01935	0.05908	0.01228	0.27905	0.10925	0.05972	0.01540	0.01571	0.01165	0.00718	0.00593	0.00180	0.00716	0.00532	0.00520	0.09111
2	0.01893	0.07813	0.14379	0.01969	0.14616	0.04471	0.04168	0.04633	0.08134	0.16575	0.01656	0.01793	0.01237	0.00955	0.04627	0.00249	0.05182	0.00590	0.00469	0.04590
3	0.07921	0.07193	0.14661	0.02116	0.14698	0.04167	0.12602	0.07191	0.07993	0.08484	0.05315	0.01850	0.01404	0.00709	0.00653	0.00206	0.00799	0.00626	0.00450	0.00964
4	0.10709	0.21943	0.05113	0.01206	0.01646	0.04345	0.01063	0.02403	0.12363	0.16599	0.07443	0.05894	0.01827	0.00862	0.00658	0.00199	0.03645	0.00656	0.00531	0.00897
5	0.01326	0.01046	0.01549	0.18287	0.14862	0.01107	0.01233	0.01784	0.08786	0.06977	0.08134	0.24458	0.05258	0.01216	0.00741	0.00232	0.00598	0.01091	0.00527	0.00789
6	0.03458	0.06443	0.16111	0.06217	0.08039	0.03776	0.14580	0.02331	0.06848	0.14713	0.03999	0.04455	0.01444	0.00772	0.00738	0.00215	0.03779	0.00682	0.00459	0.00941
7	0.01702	0.10311	0.33672	0.02428	0.23292	0.01618	0.04124	0.02237	0.01512	0.10876	0.01377	0.01574	0.01021	0.00641	0.00633	0.00201	0.00857	0.00543	0.00368	0.01015
8	0.00818	0.00685	0.00715	0.00721	0.00940	0.00582	0.00550	0.01004	0.01550	0.01871	0.10077	0.06446	0.64470	0.01691	0.00801	0.00231	0.00355	0.05292	0.00629	0.00573
9	0.04352	0.02394	0.31202	0.01842	0.06772	0.04085	0.05655	0.17526	0.01922	0.13063	0.03727	0.01722	0.01227	0.00722	0.00658	0.00208	0.00840	0.00586	0.00478	0.01020
10	0.01540	0.02334	0.29328	0.05975	0.24317	0.01630	0.15828	0.04843	0.01540	0.02203	0.01259	0.01597	0.00964	0.00635	0.00726	0.00214	0.03157	0.00598	0.00326	0.00984
11	0.01644	0.01797	0.13214	0.01394	0.01760	0.11789	0.01265	0.10145	0.01798	0.06413	0.19316	0.02813	0.04574	0.01029	0.00923	0.00219	0.11931	0.03469	0.03692	0.00816
12	0.00966	0.00712	0.00772	0.00740	0.00975	0.00605	0.00561	0.01164	0.01613	0.06693	0.16588	0.05954	0.57102	0.01590	0.00785	0.00223	0.00352	0.01335	0.00655	0.00615
13	0.01554	0.21828	0.31347	0.02124	0.16296	0.01836	0.04641	0.02148	0.05382	0.02039	0.01238	0.01454	0.00976	0.00620	0.00593	0.00189	0.00842	0.00504	0.00323	0.04068
14	0.00852	0.00650	0.00783	0.00817	0.00960	0.00581	0.00587	0.01052	0.01569	0.02066	0.26982	0.28894	0.28328	0.01725	0.00813	0.00237	0.00349	0.01512	0.00661	0.00581
15	0.01301	0.03771	0.00889	0.03492	0.01070	0.00848	0.00613	0.01780	0.08848	0.02444	0.02323	0.02559	0.04180	0.00816	0.00509	0.00168	0.00375	0.00656	0.62675	0.00684
16	0.01801	0.38768	0.07186	0.01659	0.10046	0.02136	0.03592	0.12486	0.06803	0.02223	0.01350	0.04178	0.01157	0.00695	0.00556	0.00175	0.00727	0.00535	0.00398	0.03529

[dist]
# distance from previous block
# <min> <max>
8	24

[block]
# block no. 1 follows, 32 sequences, length 64
# corresponding to MSA columns:
# 127-190
name=unknown_B
#
# <colnr> <probs for GDERKNQSTAVLIFYWHMCP>
#	G	D	E	R	K	N	Q	S	T	A	V	L	I	F	Y	W	H	M	C	P
0	0.02063	0.10804	0.19547	0.04232	0.02127	0.03679	0.01439	0.04757	0.06333	0.26385	0.01870	0.01861	0.02609	0.00764	0.00706	0.00201	0.04527	0.00582	0.00527	0.04984
1	0.01685	0.23144	0.37369	0.01535	0.02279	0.01760	0.01761	0.02299	0.06077	0.10916	0.04116	0.01641	0.01244	0.00690	0.00594	0.00194	0.00807	0.00525	0.00397	0.00965
2	0.00897	0.04543	0.00917	0.00843	0.01014	0.00691	0.00632	0.01087	0.01514	0.01940	0.17096	0.27070	0.32025	0.01714	0.00801	0.00238	0.00386	0.05374	0.00626	0.00590
3	0.01591	0.09917	0.36566	0.01758	0.05684	0.01488	0.06229	0.04654	0.01549	0.10447	0.03381	0.10580	0.01543	0.00847	0.00664	0.00212	0.00816	0.00718	0.00421	0.00937
4	0.01666	0.03566	0.14990	0.13536	0.36163	0.04084	0.01948	0.05756	0.01567	0.04670	0.01276	0.01617	0.01005	0.00667	0.00733	0.00208	0.04644	0.00571	0.00352	0.00980
5	0.43189	0.29361	0.01979	0.01019	0.01489	0.01902	0.00910	0.04471	0.01332	0.05119	0.01115	0.03625	0.00950	0.00668	0.00455	0.00186	0.00598	0.00433	0.00399	0.00801
6	0.01427	0.09443	0.56590	0.01929	0.05005	0.01667	0.05631	0.02209	0.06009	0.02127	0.01291	0.01487	0.00945	0.00645	0.00631	0.00208	0.00939	0.00520	0.00314	0.00983
7	0.10179	0.01655	0.10030	0.08212	0.13442	0.01476	0.13903	0.04777	0.06016	0.16973	0.03397	0.01872	0.01299	0.00718	0.00713	0.00215	0.03041	0.00639	0.00481	0.00963
8	0.01434	0.00993	0.01221	0.01237	0.07304	0.03618	0.00857	0.01858	0.07646	0.13478	0.38605	0.04118	0.12525	0.01196	0.00746	0.00211	0.00452	0.01033	0.00685	0.00783
9	0.00974	0.00658	0.00771	0.00771	0.00784	0.00672	0.00455	0.01001	0.00987	0.01330	0.02079	0.04194	0.02354	0.68428	0.11290	0.00698	0.00779	0.00947	0.00401	0.00428
10	0.12503	0.09973	0.05636	0.01406	0.03573	0.05263	0.02890	0.18157	0.01999	0.29451	0.01778	0.01717	0.01221	0.00741	0.00611	0.00198	0.00693	0.00563	0.00603	0.01024
11	0.05834	0.01668	0.02492	0.11116	0.55781	0.07452	0.01907	0.02069	0.01519	0.02140	0.01219	0.01608	0.01012	0.00614	0.00647	0.00200	0.00826	0.00572	0.00334	0.00989
12	0.00839	0.00597	0.00792	0.00940	0.00983	0.00562	0.00636	0.00960	0.01283	0.01707	0.03611	0.68885	0.04308	0.05812	0.00988	0.00293	0.00414	0.05237	0.00612	0.00542
13	0.01617	0.01671	0.05522	0.03632	0.53743	0.01586	0.13193	0.02108	0.04017	0.02218	0.03283	0.01799	0.01228	0.00627	0.00689	0.00206	0.00837	0.00649	0.00355	0.01022
14	0.00812	0.00676	0.00710	0.00712	0.00921	0.00573	0.00530	0.00997	0.01560	0.01909	0.14172	0.09773	0.60985	0.01682	0.00796	0.00227	0.00340	0.01417	0.00636	0.00573
15	0.01647	0.52836	0.26219	0.01398	0.02109	0.02296	0.01583	0.02047	0.01381	0.01757	0.01022	0.01188	0.00857	0.00595	0.00498	0.00166	0.00807	0.00404	0.00286	0.00904
16	0.01396	0.01328	0.02109	0.14251	0.11697	0.01612	0.07975	0.01734	0.03898	0.01797	0.01314	0.02002	0.01178	0.01447	0.09574	0.03204	0.29197	0.03173	0.00338	0.00773
17	0.01593	0.15287	0.51166	0.01746	0.02590	0.06574	0.02086	0.07630	0.01581	0.02174	0.01182	0.01363	0.00876	0.00644	0.00604	0.00198	0.00941	0.00478	0.00319	0.00968
18	0.04860	0.01662	0.09916	0.01511	0.03800	0.01564	0.03809	0.09046	0.38618	0.11488	0.02262	0.02237	0.01679	0.03570	0.00768	0.00235	0.00641	0.00694	0.00611	0.01029
19	0.01694	0.01375	0.03509	0.03975	0.01837	0.01191	0.00992	0.11749	0.08804	0.07523	0.01513	0.01616	0.01162	0.00617	0.00564	0.00143	0.00569	0.00494	0.00490	0.50183
20	0.00818	0.00584	0.00779	0.00934	0.00973	0.00545	0.00623	0.00934	0.01285	0.01713	0.03698	0.75981	0.04438	0.02102	0.00856	0.00273	0.00389	0.01908	0.00623	0.00545
21	0.00938	0.00660	0.00858	0.00889	0.00938	0.00693	0.00596	0.01043	0.01072	0.01470	0.02322	0.18032	0.02579	0.37504	0.26693	0.00720	0.00986	0.01074	0.00434	0.00499
22	0.34489	0.02438	0.05173	0.01393	0.01800	0.40601	0.01125	0.02363	0.01567	0.02224	0.01004	0.01172	0.00807	0.00661	0.00529	0.00189	0.00917	0.00407	0.00371	0.00768
23	0.02383	0.01796	0.01919	0.01510	0.02017	0.02002	0.01235	0.57346	0.16078	0.03958	0.01824	0.01781	0.01314	0.00825	0.00673	0.00206	0.00699	0.00634	0.00673	0.01126
24	0.05406	0.01858	0.01976	0.01520	0.02052	0.02060	0.01255	0.67525	0.03082	0.04185	0.01586	0.01592	0.01126	0.00799	0.00662	0.00202	0.00730	0.00595	0.00662	0.01126
25	0.01626	0.01621	0.04798	0.08428	0.63161	0.01589	0.02022	0.02096	0.04124	0.02183	0.01311	0.01693	0.01083	0.00615	0.00665	0.00202	0.00799	0.00601	0.00342	0.01040
26	0.01569	0.01184	0.01324	0.01128	0.01500	0.01212	0.00885	0.08918	0.27440	0.07349	0.16393	0.03069	0.08579	0.00987	0.00677	0.00199	0.00482	0.00825	0.03364	0.12914
27	0.01900	0.01333	0.01552	0.01145	0.01716	0.01165	0.00929	0.16687	0.01857	0.13889	0.01515	0.01581	0.01132	0.00617	0.00563	0.00139	0.00561	0.00486	0.00526	0.50707
28	0.05926	0.01596	0.02448	0.05744	0.51949	0.01644	0.01812	0.13435	0.01789	0.05257	0.01354	0.01651	0.01076	0.00645	0.00653	0.00201	0.00768	0.00590	0.00411	0.01051
29	0.00943	0.00687	0.00789	0.00787	0.00980	0.00598	0.00581	0.01141	0.01588	0.05541	0.20478	0.18251	0.41911	0.01655	0.00798	0.00230	0.00355	0.01421	0.00659	0.00606
30	0.01523	0.01574	0.02206	0.04218	0.02016	0.05597	0.07198	0.01716	0.01128	0.01664	0.00939	0.01494	0.00892	0.01083	0.01954	0.00280	0.62869	0.00597	0.00300	0.00751
31	0.00968	0.00647	0.00734	0.00742	0.00744	0.00645	0.00418	0.00974	0.00992	0.01322	0.02195	0.08044	0.02541	0.72626	0.03285	0.00631	0.00637	0.01023	0.00418	0.00414
32	0.00900	0.00684	0.00828	0.00792	0.00972	0.00612	0.00594	0.01170	0.01782	0.02411	0.51162	0.05472	0.27223	0.01476	0.00792	0.00216	0.00324	0.01278	0.00702	0.00612
33	0.00939	0.00685	0.00882	0.00833	0.00996	0.00629	0.00625	0.01246	0.01874	0.02631	0.67439	0.05111	0.10809	0.01394	0.00792	0.00212	0.00318	0.01227	0.00731	0.00629
34	0.01391	0.01193	0.01391	0.00994	0.01590	0.00894	0.00795	0.01690	0.01391	0.02186	0.01193	0.01391	0.00994	0.00497	0.00497	0.00099	0.00497	0.00398	0.00398	0.80521
35	0.01726	0.01470	0.01549	0.01377	0.01767	0.01696	0.01076	0.07872	0.66621	0.02899	0.02658	0.02446	0.01989	0.00904	0.00682	0.00226	0.00544	0.00749	0.00682	0.01067
36	0.02551	0.01879	0.02014	0.01544	0.02081	0.02081	0.01275	0.69996	0.03155	0.04229	0.01611	0.01611	0.01141	0.00805	0.00671	0.00201	0.00738	0.00604	0.00671	0.01141
37	0.01561	0.01753	0.03760	0.08689	0.05941	0.01677	0.61996	0.02111	0.01562	0.02116	0.01341	0.01803	0.01010	0.00575	0.00778	0.00225	0.01101	0.00769	0.00336	0.00897
38	0.01450	0.01167	0.01321	0.01342	0.06293	0.03769	0.00985	0.05933	0.22375	0.06010	0.09694	0.04339	0.18735	0.01255	0.00754	0.00233	0.00539	0.12340	0.00633	0.00832
39	0.01817	0.74435	0.03464	0.01167	0.01734	0.04960	0.01153	0.02031	0.01381	0.01581	0.00936	0.01081	0.00861	0.00578	0.00436	0.00144	0.00734	0.00361	0.00289	0.00858
40	0.01166	0.00583	0.00874	0.00874	0.00874	0.00583	0.00583	0.00874	0.00874	0.01166	0.01166	0.02040	0.01166	0.02331	0.02622	0.80478	0.00583	0.00583	0.00291	0.00291
41	0.02039	0.01806	0.16260	0.02111	0.11189	0.01343	0.19446	0.02500	0.01683	0.28076	0.05322	0.02049	0.01493	0.00721	0.00703	0.00213	0.00816	0.00688	0.00528	0.01015
42	0.01388	0.01341	0.01882	0.07629	0.01865	0.01829	0.01365	0.01541	0.01047	0.01583	0.01064	0.01869	0.01081	0.10766	0.02232	0.00334	0.59546	0.00638	0.00308	0.00693
43	0.01829	0.69483	0.05692	0.01199	0.01785	0.02581	0.01200	0.06491	0.01483	0.01771	0.00986	0.01123	0.00879	0.00591	0.00453	0.00150	0.00728	0.00379	0.00312	0.00884
44	0.03010	0.01142	0.01557	0.01194	0.01713	0.00986	0.00986	0.03270	0.01920	0.72698	0.02647	0.02284	0.01661	0.00830	0.00675	0.00208	0.00571	0.00675	0.00830	0.01142
45	0.01251	0.00625	0.00625	0.00625	0.00782	0.00625	0.00469	0.01563	0.01407	0.02502	0.02189	0.02502	0.01720	0.00782	0.00469	0.00156	0.00313	0.00625	0.80144	0.00625
46	0.01716	0.06277	0.03754	0.01379	0.04116	0.05689	0.01109	0.15923	0.01863	0.10487	0.02544	0.17863	0.02522	0.01419	0.02806	0.00263	0.00686	0.18171	0.00588	0.00825
47	0.01346	0.03471	0.72942	0.01912	0.02904	0.01558	0.02479	0.02125	0.01417	0.02125	0.01204	0.01417	0.00850	0.00637	0.00637	0.00212	0.00992	0.00496	0.00283	0.00992
48	0.01707	0.16288	0.02579	0.10362	0.36996	0.10558	0.01665	0.02019	0.01478	0.01892	0.01195	0.01639	0.01046	0.04501	0.00803	0.00214	0.03273	0.00550	0.00324	0.00912
49	0.01469	0.04183	0.13621	0.04894	0.21945	0.01353	0.03007	0.02029	0.07763	0.02228	0.05931	0.01821	0.01424	0.00653	0.00614	0.00174	0.00691	0.00571	0.00400	0.25230
50	0.40703	0.10157	0.01793	0.01663	0.14259	0.11401	0.01137	0.07864	0.01509	0.02622	0.01064	0.01251	0.00856	0.00638	0.00509	0.00194	0.00703	0.00435	0.00398	0.00844
51	0.02522	0.01865	0.01997	0.01538	0.02070	0.02067	0.01268	0.67804	0.05395	0.04182	0.01648	0.01640	0.01171	0.00809	0.00672	0.00202	0.00732	0.00609	0.00672	0.01138
52	0.00942	0.00686	0.00886	0.00836	0.00997	0.00630	0.00627	0.01251	0.01880	0.02646	0.68541	0.05086	0.09698	0.01389	0.00791	0.00212	0.00318	0.01224	0.00733	0.00630
53	0.01553	0.02027	0.12972	0.02708	0.03428	0.01679	0.61001	0.02146	0.01562	0.02146	0.01337	0.01759	0.00996	0.00575	0.00772	0.00224	0.01113	0.00753	0.00332	0.00916
54	0.03746	0.10329	0.01766	0.01312	0.01572	0.01261	0.07971	0.01577	0.01217	0.06138	0.01612	0.02212	0.01426	0.03370	0.45655	0.00742	0.06350	0.00659	0.00375	0.00710
55	0.04137	0.01433	0.02283	0.11234	0.38423	0.03624	0.07411	0.01923	0.03238	0.02139	0.04171	0.07929	0.01550	0.00792	0.00719	0.00211	0.02765	0.00737	0.04377	0.00904
56	0.00844	0.00676	0.00757	0.00764	0.00954	0.00589	0.00572	0.01051	0.01599	0.02026	0.22338	0.12326	0.47326	0.01661	0.00803	0.00230	0.00349	0.03902	0.00651	0.00583
57	0.02340	0.01878	0.05664	0.01606	0.02118	0.10508	0.08005	0.33057	0.02346	0.16336	0.01707	0.01786	0.01224	0.01124	0.06898	0.00277	0.00907	0.00619	0.00582	0.01020
58	0.01720	0.06488	0.11444	0.04713	0.25696	0.03222	0.07492	0.06448	0.11675	0.06941	0.01715	0.06479	0.01410	0.00772	0.00672	0.00209	0.00775	0.00695	0.00446	0.00988
59	0.01166	0.00583	0.00874	0.00874	0.00874	0.00583	0.00583	0.00874	0.00874	0.01166	0.01166	0.02040	0.01166	0.02331	0.02622	0.80478	0.00583	0.00583	0.00291	0.00291
60	0.01235	0.00690	0.00749	0.00712	0.00919	0.00640	0.00542	0.01503	0.01539	0.08174	0.11316	0.03878	0.22013	0.01110	0.00613	0.00187	0.00342	0.00918	0.42265	0.00653
61	0.05931	0.18310	0.18889	0.01657	0.04489	0.09447	0.08227	0.06148	0.01614	0.10276	0.01474	0.01883	0.01192	0.03413	0.00714	0.00213	0.00844	0.03960	0.00412	0.00907
62	0.04229	0.07749	0.11285	0.12573	0.23620	0.09112	0.03993	0.10066	0.01721	0.04941	0.03597	0.01671	0.01169	0.00679	0.00640	0.00199	0.00843	0.00572	0.00394	0.00947
63	0.01915	0.02237	0.02285	0.03864	0.02240	0.31959	0.12009	0.02146	0.01488	0.01712	0.01028	0.01422	0.00896	0.00864	0.01274	0.00231	0.30774	0.00554	0.00323	0.00779

[dist]
# distance from previous block
# <min> <max>
2	11

[block]
# block no. 2 follows, 32 sequences, length 60
# corresponding to MSA columns:
# 202-261
name=unknown_C
#
# <colnr> <probs for GDERKNQSTAVLIFYWHMCP>
#	G	D	E	R	K	N	Q	S	T	A	V	L	I	F	Y	W	H	M	C	P
0	0.66412	0.04203	0.04956	0.01030	0.01474	0.08715	0.00890	0.02052	0.01239	0.02779	0.00959	0.01119	0.00751	0.00629	0.00446	0.00202	0.00619	0.00377	0.00397	0.00750
1	0.01518	0.10019	0.18832	0.02066	0.11368	0.03915	0.16192	0.05585	0.04816	0.02213	0.06784	0.04818	0.05365	0.00827	0.00690	0.00211	0.00826	0.02641	0.00415	0.00898
2	0.02085	0.01758	0.01775	0.01563	0.05490	0.10075	0.01181	0.28146	0.24200	0.05169	0.05214	0.02016	0.01644	0.00823	0.00662	0.00200	0.00690	0.00651	0.00610	0.06047
3	0.00899	0.00659	0.00839	0.00952	0.01054	0.00620	0.00708	0.01068	0.01373	0.01775	0.04083	0.38243	0.16424	0.08557	0.01091	0.00308	0.00466	0.19722	0.00602	0.00557
4	0.01822	0.01822	0.02009	0.20763	0.09470	0.17550	0.05049	0.10640	0.16669	0.02307	0.01644	0.04418	0.01314	0.00781	0.00671	0.00210	0.00852	0.00653	0.00453	0.00900
5	0.01264	0.00652	0.00654	0.00649	0.00813	0.00659	0.00488	0.01629	0.03672	0.02511	0.02207	0.02502	0.01731	0.00786	0.00476	0.00159	0.00320	0.00630	0.77558	0.00640
6	0.04490	0.02130	0.01857	0.01513	0.01983	0.24662	0.01208	0.32886	0.02448	0.17799	0.01630	0.01613	0.01153	0.00770	0.00645	0.00194	0.00848	0.00559	0.00595	0.01016
7	0.00950	0.00686	0.00897	0.00844	0.01002	0.00633	0.00633	0.01266	0.01899	0.02691	0.71879	0.05012	0.06331	0.01372	0.00791	0.00211	0.00317	0.01213	0.00739	0.00633
8	0.02267	0.01738	0.01854	0.01486	0.01973	0.01948	0.01207	0.48612	0.25001	0.03771	0.01971	0.01898	0.01433	0.00839	0.00675	0.00210	0.00672	0.00654	0.00675	0.01116
9	0.02551	0.01879	0.02014	0.01544	0.02081	0.02081	0.01275	0.69996	0.03155	0.04229	0.01611	0.01611	0.01141	0.00805	0.00671	0.00201	0.00738	0.00604	0.00671	0.01141
10	0.00921	0.00733	0.01153	0.01166	0.01284	0.00689	0.08324	0.01101	0.01336	0.01782	0.03428	0.62926	0.04018	0.01914	0.00854	0.00270	0.00488	0.06432	0.00591	0.00590
11	0.01435	0.01191	0.01396	0.00999	0.01593	0.00897	0.00800	0.01732	0.01406	0.04078	0.01232	0.01415	0.01012	0.00506	0.00502	0.00102	0.00499	0.00405	0.00409	0.78392
12	0.01072	0.00953	0.01329	0.01774	0.22612	0.00886	0.01018	0.01313	0.01507	0.01928	0.04678	0.11501	0.41011	0.01409	0.00766	0.00226	0.00496	0.04269	0.00534	0.00718
13	0.01941	0.61637	0.03183	0.01268	0.01795	0.17314	0.01179	0.02147	0.01474	0.01592	0.00954	0.01104	0.00862	0.00598	0.00467	0.00150	0.00819	0.00374	0.00299	0.00844
14	0.00945	0.00707	0.00766	0.00766	0.00992	0.00604	0.00585	0.01126	0.01537	0.05975	0.06116	0.11054	0.58472	0.01687	0.00800	0.00234	0.00376	0.06022	0.00635	0.00602
15	0.00999	0.00713	0.00987	0.01141	0.01260	0.00701	0.00938	0.01247	0.01463	0.01916	0.03598	0.28980	0.04042	0.01931	0.00905	0.00298	0.00546	0.47121	0.00619	0.00595
16	0.01828	0.73308	0.03439	0.01176	0.01739	0.06048	0.01155	0.02041	0.01389	0.01582	0.00938	0.01083	0.00861	0.00580	0.00439	0.00145	0.00741	0.00362	0.00290	0.00857
17	0.00824	0.00676	0.00725	0.00723	0.00928	0.00578	0.00538	0.01019	0.01588	0.01973	0.18921	0.09479	0.56388	0.01657	0.00796	0.00226	0.00338	0.01401	0.00645	0.00578
18	0.01609	0.29021	0.36900	0.01720	0.02505	0.01935	0.10020	0.02140	0.01441	0.05188	0.01193	0.01384	0.00911	0.00615	0.00585	0.00190	0.00892	0.00491	0.00317	0.00942
19	0.01170	0.00736	0.00959	0.00874	0.01076	0.00669	0.00666	0.01472	0.01882	0.10405	0.60745	0.04787	0.09302	0.01329	0.00779	0.00211	0.00346	0.01165	0.00743	0.00686
20	0.01067	0.00762	0.01065	0.01220	0.01368	0.00760	0.01057	0.01366	0.01531	0.01992	0.03560	0.11174	0.03892	0.01867	0.00923	0.00307	0.00606	0.64249	0.00618	0.00614
21	0.01349	0.01276	0.02160	0.60189	0.18603	0.01512	0.01904	0.01786	0.01380	0.01813	0.01207	0.01762	0.00929	0.00656	0.00669	0.00219	0.00874	0.00597	0.00305	0.00811
22	0.63025	0.03384	0.01256	0.03339	0.01514	0.06695	0.00888	0.01979	0.01196	0.02696	0.00944	0.01158	0.00761	0.00684	0.00617	0.00213	0.08128	0.00398	0.00391	0.00735
23	0.01633	0.01541	0.08394	0.04240	0.09047	0.01472	0.04935	0.02758	0.35153	0.08443	0.02553	0.04840	0.06018	0.00939	0.00744	0.00227	0.02767	0.02749	0.00573	0.00975
24	0.01642	0.01575	0.02690	0.07493	0.69005	0.01589	0.02050	0.02043	0.01519	0.02169	0.01259	0.01667	0.01055	0.00601	0.00665	0.00200	0.00802	0.00598	0.00331	0.01048
25	0.02508	0.03148	0.01906	0.01722	0.02075	0.71010	0.01296	0.05230	0.01949	0.01740	0.01059	0.01225	0.00875	0.00696	0.00608	0.00174	0.01192	0.00439	0.00358	0.00792
26	0.02212	0.22066	0.02305	0.05444	0.02101	0.47683	0.01276	0.02501	0.05375	0.01691	0.01108	0.01274	0.00927	0.00671	0.00567	0.00171	0.01030	0.00439	0.00346	0.00813
27	0.00927	0.00685	0.00865	0.00820	0.00988	0.00623	0.00615	0.01222	0.01845	0.02562	0.62337	0.05224	0.15954	0.01420	0.00792	0.00213	0.00320	0.01243	0.00722	0.00623
28	0.00818	0.00584	0.00779	0.00934	0.00973	0.00545	0.00623	0.00934	0.01285	0.01713	0.03698	0.75981	0.04438	0.02102	0.00856	0.00273	0.00389	0.01908	0.00623	0.00545
29	0.00889	0.00680	0.00814	0.00788	0.00967	0.00606	0.00588	0.01145	0.01745	0.02340	0.46052	0.07870	0.30052	0.01514	0.00794	0.00219	0.00327	0.01310	0.00693	0.00606
30	0.00834	0.00591	0.00774	0.00913	0.00948	0.00556	0.00600	0.00939	0.01252	0.01669	0.03530	0.68376	0.04226	0.09997	0.01128	0.00313	0.00417	0.01809	0.00600	0.00530
31	0.01391	0.01193	0.01391	0.00994	0.01590	0.00894	0.00795	0.01690	0.01391	0.02186	0.01193	0.01391	0.00994	0.00497	0.00497	0.00099	0.00497	0.00398	0.00398	0.80521
32	0.01341	0.01273	0.01776	0.01556	0.01575	0.01730	0.01268	0.01488	0.01031	0.01576	0.01142	0.01931	0.01155	0.08997	0.13494	0.00450	0.56576	0.00645	0.00315	0.00682
33	0.04189	0.00676	0.00742	0.00738	0.00755	0.00685	0.00419	0.01016	0.00982	0.01370	0.02067	0.04259	0.02371	0.73381	0.03295	0.00633	0.00645	0.00951	0.00407	0.00419
34	0.00821	0.00648	0.00741	0.00787	0.00941	0.00567	0.00564	0.00991	0.01492	0.01889	0.13886	0.29955	0.40751	0.01796	0.00814	0.00240	0.00354	0.01558	0.00637	0.00567
35	0.01306	0.00904	0.01430	0.09212	0.17272	0.00944	0.01063	0.01328	0.03727	0.01514	0.01249	0.01947	0.01148	0.01719	0.01910	0.51217	0.00661	0.00594	0.00316	0.00540
36	0.00810	0.00650	0.00725	0.00783	0.00944	0.00566	0.00565	0.00966	0.01447	0.01785	0.05653	0.29929	0.47118	0.01840	0.00818	0.00245	0.00365	0.03607	0.00623	0.00561
37	0.01847	0.04427	0.02263	0.05049	0.19337	0.29579	0.10648	0.02156	0.01712	0.01975	0.09600	0.02101	0.04844	0.00772	0.00672	0.00194	0.00928	0.00661	0.00396	0.00840
38	0.25281	0.39830	0.02420	0.01104	0.01621	0.02066	0.01013	0.06892	0.01494	0.11226	0.01198	0.01271	0.00943	0.00637	0.00474	0.00174	0.00642	0.00417	0.00420	0.00877
39	0.00837	0.00609	0.00789	0.00897	0.00972	0.00561	0.00614	0.00991	0.01406	0.01880	0.15023	0.58200	0.10849	0.01947	0.00840	0.00258	0.00373	0.01751	0.00642	0.00561
40	0.01635	0.05284	0.09789	0.14328	0.26811	0.01642	0.03956	0.04399	0.18639	0.04365	0.01645	0.01857	0.01264	0.00702	0.00661	0.00210	0.00767	0.00624	0.00430	0.00993
41	0.02587	0.01501	0.01747	0.01353	0.01851	0.01546	0.01112	0.39052	0.02584	0.29851	0.07978	0.02153	0.01778	0.00863	0.00683	0.00205	0.00640	0.00683	0.00737	0.01098
42	0.06036	0.36950	0.12516	0.04940	0.04709	0.02116	0.01382	0.10991	0.07189	0.05479	0.01306	0.01419	0.01030	0.00660	0.00541	0.00180	0.00738	0.00477	0.00402	0.00940
43	0.01782	0.17808	0.02489	0.08545	0.20874	0.15737	0.04715	0.02286	0.10518	0.01957	0.01405	0.04022	0.01198	0.00724	0.00668	0.00195	0.03210	0.00588	0.00376	0.00902
44	0.00942	0.00686	0.00887	0.00836	0.00998	0.00630	0.00627	0.01252	0.01882	0.02649	0.68796	0.05081	0.09441	0.01387	0.00791	0.00212	0.00318	0.01223	0.00733	0.00630
45	0.07503	0.24381	0.17936	0.01754	0.10663	0.10638	0.01519	0.02356	0.06893	0.08485	0.01342	0.01461	0.01039	0.00658	0.00567	0.00186	0.00806	0.00487	0.00388	0.00936
46	0.02022	0.15646	0.23471	0.01687	0.02377	0.03227	0.10818	0.13294	0.01824	0.16995	0.01538	0.01616	0.01090	0.00685	0.00634	0.00198	0.00838	0.00565	0.00469	0.01007
47	0.01353	0.01193	0.01556	0.01340	0.01674	0.01264	0.09709	0.02444	0.35819	0.02478	0.14233	0.09268	0.12500	0.01145	0.00743	0.00228	0.00536	0.01019	0.00634	0.00863
48	0.00832	0.00594	0.00795	0.00950	0.00995	0.00557	0.00647	0.00959	0.01298	0.01729	0.03690	0.72344	0.04407	0.02089	0.00860	0.00274	0.00401	0.05406	0.00623	0.00549
49	0.03535	0.50109	0.07574	0.04155	0.02034	0.14892	0.03721	0.03950	0.01511	0.01751	0.01012	0.01189	0.00872	0.00609	0.00502	0.00162	0.00839	0.00412	0.00312	0.00857
50	0.04691	0.12960	0.41697	0.01754	0.06584	0.01657	0.01890	0.05393	0.05238	0.04586	0.06241	0.01718	0.01346	0.00706	0.00618	0.00202	0.00826	0.00553	0.00382	0.00958
51	0.00838	0.00620	0.00794	0.00902	0.00988	0.00576	0.00630	0.00990	0.01368	0.01801	0.08946	0.53505	0.15819	0.02113	0.04298	0.00300	0.00450	0.03883	0.00618	0.00560
52	0.01044	0.00696	0.00910	0.00868	0.01024	0.00642	0.00640	0.01320	0.01786	0.06202	0.57096	0.13083	0.05686	0.04887	0.00914	0.00238	0.00354	0.01255	0.00715	0.00639
53	0.01391	0.01193	0.01391	0.00994	0.01590	0.00894	0.00795	0.01690	0.01391	0.02186	0.01193	0.01391	0.00994	0.00497	0.00497	0.00099	0.00497	0.00398	0.00398	0.80521
54	0.01284	0.11508	0.05891	0.01341	0.07839	0.01110	0.00995	0.03272	0.03090	0.06198	0.04361	0.31601	0.08433	0.05413	0.00880	0.00254	0.00553	0.04715	0.00535	0.00728
55	0.00815	0.00592	0.00770	0.00912	0.00967	0.00547	0.00613	0.00937	0.01306	0.01722	0.03971	0.69867	0.10376	0.02067	0.00851	0.00268	0.00385	0.01864	0.00623	0.00547
56	0.00866	0.00648	0.00871	0.05573	0.01219	0.00624	0.00713	0.01033	0.01370	0.01811	0.09053	0.56290	0.10449	0.01907	0.00837	0.00262	0.00422	0.04869	0.00611	0.00570
57	0.02010	0.24070	0.10155	0.01954	0.15675	0.11845	0.01488	0.07387	0.03835	0.10827	0.01358	0.01493	0.01057	0.00683	0.00642	0.00186	0.03455	0.00508	0.00412	0.00960
58	0.10559	0.02096	0.03257	0.05995	0.10908	0.29237	0.01335	0.02215	0.04838	0.01968	0.01175	0.01466	0.00983	0.00926	0.04167	0.00237	0.10441	0.00502	0.00362	0.07333
59	0.01977	0.22340	0.11894	0.02020	0.14623	0.11540	0.05722	0.11795	0.03222	0.06878	0.01312	0.01472	0.01022	0.00658	0.00600	0.00186	0.00848	0.00519	0.00404	0.00968

[dist]
# distance from previous block
# <min> <max>
1	5

[block]
# block no. 3 follows, 32 sequences, length 111
# corresponding to MSA columns:
# 267-377
name=unknown_D
#
# <colnr> <probs for GDERKNQSTAVLIFYWHMCP>
#	G	D	E	R	K	N	Q	S	T	A	V	L	I	F	Y	W	H	M	C	P
0	0.07357	0.13522	0.16381	0.04448	0.16057	0.04123	0.12490	0.02250	0.07820	0.04665	0.01363	0.01585	0.01056	0.00637	0.00620	0.00198	0.00830	0.00560	0.00374	0.03662
1	0.04177	0.01132	0.08370	0.03318	0.01577	0.00921	0.04355	0.04183	0.03643	0.11891	0.04859	0.42683	0.03145	0.01502	0.00771	0.00246	0.00546	0.01342	0.00594	0.00744
2	0.00845	0.00621	0.00794	0.00903	0.00983	0.00566	0.00612	0.00976	0.01322	0.01758	0.05957	0.62193	0.10846	0.04175	0.00911	0.00271	0.00394	0.01755	0.00612	0.03506
3	0.01389	0.01632	0.17810	0.06226	0.06143	0.04243	0.04125	0.06220	0.01541	0.06947	0.02401	0.33446	0.02484	0.01288	0.00745	0.00236	0.00685	0.01141	0.00501	0.00797
4	0.01941	0.01932	0.18943	0.04134	0.14260	0.01504	0.05913	0.07732	0.15634	0.18266	0.01884	0.01921	0.01342	0.00738	0.00673	0.00213	0.00759	0.00636	0.00528	0.01050
5	0.01279	0.01134	0.01796	0.19260	0.23967	0.01255	0.01424	0.01564	0.01294	0.01785	0.01705	0.09184	0.01689	0.12955	0.08978	0.00385	0.06198	0.03025	0.00372	0.00753
6	0.01691	0.20037	0.15859	0.01393	0.02036	0.01696	0.04112	0.14541	0.01730	0.02399	0.01304	0.01607	0.01069	0.00653	0.00568	0.00164	0.00720	0.02953	0.00406	0.25063
7	0.04722	0.07179	0.01704	0.01422	0.01708	0.32628	0.03275	0.03606	0.01548	0.01751	0.01477	0.02169	0.01361	0.04802	0.23110	0.00477	0.01259	0.04707	0.00375	0.00717
8	0.00831	0.00644	0.00758	0.00821	0.00960	0.00572	0.00589	0.01000	0.01473	0.01881	0.13053	0.34728	0.34501	0.01830	0.00823	0.00246	0.00366	0.03719	0.00636	0.00567
9	0.01906	0.04743	0.14737	0.04241	0.02172	0.01633	0.05827	0.29859	0.04952	0.06616	0.01910	0.02046	0.05985	0.01077	0.03541	0.05830	0.00799	0.00655	0.00519	0.00952
10	0.03998	0.10578	0.37001	0.06036	0.02341	0.01455	0.01724	0.04015	0.01490	0.05657	0.06061	0.10894	0.01697	0.00870	0.00645	0.00209	0.00778	0.00712	0.00403	0.03437
11	0.02505	0.01074	0.01369	0.01087	0.01527	0.00969	0.00886	0.07427	0.01895	0.50910	0.02951	0.02708	0.09061	0.00914	0.00659	0.00202	0.00523	0.00741	0.11581	0.01011
12	0.05011	0.03852	0.01999	0.24744	0.17303	0.09582	0.01511	0.03889	0.04023	0.02042	0.03584	0.01848	0.03331	0.00737	0.00741	0.00202	0.05955	0.00591	0.00373	0.08681
13	0.01440	0.15448	0.56269	0.01903	0.05323	0.01746	0.04769	0.02104	0.01418	0.02038	0.01167	0.01384	0.00866	0.00623	0.00610	0.00201	0.00944	0.00488	0.00288	0.00969
14	0.01742	0.17448	0.05291	0.19282	0.21217	0.12786	0.06409	0.04623	0.01568	0.01941	0.01161	0.01500	0.00944	0.00631	0.00616	0.00192	0.00894	0.00533	0.00328	0.00893
15	0.02693	0.01535	0.01789	0.01376	0.01894	0.01579	0.01135	0.40014	0.02601	0.32773	0.04209	0.01997	0.01518	0.00833	0.00676	0.00204	0.00655	0.00652	0.00740	0.01126
16	0.00975	0.00653	0.00745	0.00745	0.00750	0.00658	0.00423	0.00984	0.00980	0.01311	0.02102	0.04324	0.02410	0.73676	0.06118	0.00667	0.00695	0.00966	0.00405	0.00414
17	0.00929	0.00688	0.00868	0.00832	0.01001	0.00627	0.00630	0.01221	0.01825	0.02520	0.58593	0.05346	0.17053	0.01444	0.00797	0.00217	0.00332	0.03741	0.00715	0.00622
18	0.00954	0.00641	0.00738	0.00759	0.00765	0.00636	0.00436	0.00970	0.01018	0.01357	0.02330	0.14127	0.02711	0.66313	0.03067	0.00599	0.00615	0.01102	0.00436	0.00425
19	0.00814	0.00634	0.00740	0.00812	0.00944	0.00560	0.00572	0.00968	0.01435	0.01819	0.09339	0.39625	0.35603	0.01872	0.00823	0.00248	0.00362	0.01639	0.00630	0.00560
20	0.01251	0.00625	0.00625	0.00625	0.00782	0.00625	0.00469	0.01563	0.01407	0.02502	0.02189	0.02502	0.01720	0.00782	0.00469	0.00156	0.00313	0.00625	0.80144	0.00625
21	0.02551	0.01879	0.02014	0.01544	0.02081	0.02081	0.01275	0.69996	0.03155	0.04229	0.01611	0.01611	0.01141	0.00805	0.00671	0.00201	0.00738	0.00604	0.00671	0.01141
22	0.01468	0.01468	0.02055	0.01762	0.01762	0.02055	0.01468	0.01615	0.01028	0.01615	0.00881	0.01468	0.00881	0.01174	0.02202	0.00294	0.75191	0.00587	0.00294	0.00734
23	0.01691	0.01393	0.01840	0.12166	0.17749	0.01543	0.01389	0.02871	0.38126	0.07788	0.02216	0.02388	0.01707	0.00837	0.00685	0.00222	0.00647	0.03172	0.00560	0.01008
24	0.01644	0.01437	0.01632	0.06098	0.06828	0.01653	0.01181	0.03346	0.61877	0.02697	0.02534	0.02401	0.01908	0.00874	0.00681	0.00225	0.00572	0.00737	0.00635	0.01043
25	0.01267	0.01193	0.02013	0.74806	0.04621	0.01491	0.01863	0.01714	0.01342	0.01714	0.01193	0.01789	0.00894	0.00671	0.00671	0.00224	0.00894	0.00596	0.00298	0.00745
26	0.01794	0.76823	0.03516	0.01148	0.01722	0.02655	0.01148	0.02009	0.01363	0.01579	0.00933	0.01076	0.00861	0.00574	0.00431	0.00144	0.00718	0.00359	0.00287	0.00861
27	0.01661	0.01594	0.02724	0.04119	0.72233	0.01594	0.02059	0.02059	0.01528	0.02192	0.01262	0.01661	0.01063	0.00598	0.00664	0.00199	0.00797	0.00598	0.00332	0.01063
28	0.01267	0.01193	0.02013	0.74806	0.04621	0.01491	0.01863	0.01714	0.01342	0.01714	0.01193	0.01789	0.00894	0.00671	0.00671	0.00224	0.00894	0.00596	0.00298	0.00745
29	0.01251	0.00625	0.00625	0.00625	0.00782	0.00625	0.00469	0.01563	0.01407	0.02502	0.02189	0.02502	0.01720	0.00782	0.00469	0.00156	0.00313	0.00625	0.80144	0.00625
30	0.81159	0.01298	0.00986	0.00882	0.01298	0.01505	0.00727	0.01972	0.01142	0.03010	0.00934	0.01090	0.00727	0.00623	0.00415	0.00208	0.00519	0.00363	0.00415	0.00727
31	0.00878	0.00713	0.00830	0.00870	0.03618	0.00626	0.00612	0.01103	0.01643	0.02112	0.27809	0.07803	0.45868	0.01562	0.00789	0.00222	0.00351	0.01333	0.00650	0.00606
32	0.01605	0.01353	0.01457	0.01327	0.01677	0.01544	0.01039	0.05732	0.58609	0.02767	0.05764	0.05204	0.02396	0.01027	0.00709	0.00233	0.00531	0.05347	0.00678	0.01000
33	0.03010	0.01142	0.01557	0.01194	0.01713	0.00986	0.00986	0.03270	0.01920	0.72698	0.02647	0.02284	0.01661	0.00830	0.00675	0.00208	0.00571	0.00675	0.00830	0.01142
34	0.01391	0.01193	0.01391	0.00994	0.01590	0.00894	0.00795	0.01690	0.01391	0.02186	0.01193	0.01391	0.00994	0.00497	0.00497	0.00099	0.00497	0.00398	0.00398	0.80521
35	0.00898	0.00700	0.00911	0.00903	0.01067	0.00713	0.00693	0.01124	0.01354	0.01807	0.13354	0.04332	0.27426	0.03332	0.37528	0.00653	0.01070	0.01037	0.00506	0.00592
36	0.00859	0.00617	0.00824	0.00975	0.01038	0.00582	0.00693	0.01009	0.01335	0.01764	0.03775	0.62675	0.06524	0.02049	0.00866	0.00277	0.00425	0.12533	0.00622	0.00557
37	0.01546	0.01733	0.10146	0.14049	0.43020	0.01559	0.11548	0.02012	0.01493	0.02118	0.01288	0.01701	0.01030	0.00614	0.00674	0.00207	0.00864	0.00615	0.02810	0.00973
38	0.01597	0.01541	0.02664	0.15031	0.58949	0.01582	0.04785	0.02009	0.01501	0.02116	0.01255	0.01687	0.01035	0.00608	0.00670	0.00204	0.00826	0.00606	0.00327	0.01007
39	0.01444	0.01105	0.01392	0.03850	0.01527	0.01261	0.00986	0.04841	0.12761	0.08887	0.19340	0.05174	0.11156	0.04022	0.01194	0.00253	0.18522	0.00923	0.00583	0.00782
40	0.00961	0.00658	0.00757	0.00778	0.00807	0.00647	0.00477	0.01003	0.01075	0.01414	0.02642	0.09026	0.07506	0.61242	0.02895	0.00573	0.00611	0.06035	0.00450	0.00442
41	0.01729	0.43056	0.09620	0.01267	0.01740	0.12370	0.01207	0.01969	0.01394	0.01679	0.01140	0.01482	0.01028	0.05402	0.00815	0.02529	0.04459	0.00458	0.05864	0.00795
42	0.05433	0.01542	0.02396	0.08430	0.31636	0.03927	0.11611	0.06442	0.06743	0.07225	0.01645	0.05136	0.01366	0.00756	0.00688	0.00214	0.00793	0.02614	0.00437	0.00965
43	0.01473	0.01967	0.18439	0.05172	0.09904	0.06892	0.07987	0.04036	0.01411	0.01952	0.01530	0.13136	0.01469	0.01006	0.01098	0.00240	0.20306	0.00782	0.00367	0.00833
44	0.00823	0.00586	0.00777	0.00927	0.00964	0.00549	0.00615	0.00936	0.01273	0.01698	0.03641	0.73382	0.04365	0.04801	0.00949	0.00286	0.00399	0.01874	0.00615	0.00540
45	0.01563	0.01732	0.03675	0.05139	0.10132	0.01647	0.58639	0.02100	0.01569	0.02135	0.01422	0.02002	0.01121	0.00618	0.00781	0.00227	0.01073	0.03172	0.00347	0.00905
46	0.01706	0.04377	0.16032	0.07041	0.17383	0.06607	0.03293	0.04863	0.08996	0.06481	0.01441	0.01656	0.01112	0.00703	0.00749	0.00200	0.06345	0.00562	0.00405	0.10050
47	0.01552	0.01550	0.02062	0.01737	0.01836	0.06130	0.05604	0.04643	0.01236	0.01803	0.01194	0.01683	0.03248	0.01095	0.01843	0.00271	0.57743	0.00620	0.03394	0.00755
48	0.67361	0.01384	0.01152	0.03827	0.01501	0.04652	0.00852	0.02000	0.01193	0.04474	0.00986	0.01177	0.00772	0.00670	0.00562	0.00213	0.05679	0.00398	0.00409	0.00740
49	0.00817	0.00587	0.00775	0.00925	0.00971	0.00546	0.00619	0.00935	0.01294	0.01716	0.03811	0.73457	0.06890	0.02088	0.00854	0.00271	0.00387	0.01890	0.00623	0.00546
50	0.00960	0.00711	0.01040	0.01040	0.01147	0.00818	0.00791	0.01174	0.01067	0.01529	0.01832	0.02829	0.01761	0.12894	0.66013	0.01031	0.01671	0.00747	0.00365	0.00578
51	0.01267	0.01193	0.02013	0.74806	0.04621	0.01491	0.01863	0.01714	0.01342	0.01714	0.01193	0.01789	0.00894	0.00671	0.00671	0.00224	0.00894	0.00596	0.00298	0.00745
52	0.01777	0.74068	0.06123	0.01177	0.01767	0.02614	0.01198	0.02014	0.01365	0.01599	0.00943	0.01089	0.00861	0.00576	0.00438	0.00146	0.00728	0.00364	0.00287	0.00866
53	0.02123	0.05215	0.01685	0.01452	0.01776	0.48418	0.01107	0.02324	0.01824	0.06518	0.10937	0.02226	0.07057	0.01018	0.03271	0.00216	0.00986	0.00633	0.00449	0.00764
54	0.02566	0.01855	0.01998	0.01532	0.02069	0.02044	0.01266	0.67771	0.03114	0.06511	0.01646	0.01633	0.01158	0.00806	0.00671	0.00202	0.00733	0.00606	0.00677	0.01141
55	0.01794	0.76823	0.03516	0.01148	0.01722	0.02655	0.01148	0.02009	0.01363	0.01579	0.00933	0.01076	0.00861	0.00574	0.00431	0.00144	0.00718	0.00359	0.00287	0.00861
56	0.01171	0.00724	0.00904	0.04031	0.01073	0.00723	0.00593	0.01256	0.01151	0.08703	0.02445	0.11872	0.04947	0.48473	0.08625	0.00566	0.00711	0.01025	0.00473	0.00534
57	0.01380	0.01255	0.01991	0.66172	0.04308	0.01542	0.01785	0.06883	0.04489	0.01949	0.01290	0.01807	0.00963	0.00691	0.00671	0.00222	0.00867	0.00604	0.00343	0.00789
58	0.04540	0.01220	0.01466	0.03848	0.01723	0.01059	0.00908	0.01920	0.04081	0.08988	0.01361	0.01529	0.01077	0.00603	0.00643	0.00137	0.05696	0.00457	0.00440	0.58301
59	0.17230	0.37617	0.06385	0.01414	0.03842	0.09409	0.04005	0.02041	0.01356	0.01937	0.00979	0.01199	0.00849	0.00663	0.00665	0.00183	0.08653	0.00423	0.00322	0.00828
60	0.81159	0.01298	0.00986	0.00882	0.01298	0.01505	0.00727	0.01972	0.01142	0.03010	0.00934	0.01090	0.00727	0.00623	0.00415	0.00208	0.00519	0.00363	0.00415	0.00727
61	0.01289	0.00775	0.00914	0.00838	0.01048	0.00752	0.00641	0.04238	0.04582	0.07827	0.35351	0.03781	0.06412	0.01104	0.00665	0.00193	0.00360	0.00940	0.27586	0.00703
62	0.01886	0.02101	0.02030	0.19533	0.12376	0.30431	0.03946	0.02452	0.12864	0.01967	0.03103	0.01734	0.01228	0.00721	0.00653	0.00200	0.00943	0.00579	0.00396	0.00857
63	0.00928	0.00685	0.00866	0.00821	0.00989	0.00624	0.00616	0.01224	0.01847	0.02568	0.62756	0.05215	0.15531	0.01418	0.00792	0.00213	0.00320	0.01242	0.00722	0.00624
64	0.06499	0.01316	0.03802	0.01328	0.01840	0.01185	0.06026	0.09670	0.03929	0.48243	0.05305	0.02227	0.01706	0.00817	0.00669	0.00208	0.00619	0.00680	0.02869	0.01061
65	0.00973	0.00663	0.00795	0.00795	0.00817	0.00685	0.00485	0.01016	0.00994	0.01348	0.02057	0.04072	0.02301	0.63441	0.16204	0.00728	0.00859	0.00929	0.00398	0.00442
66	0.00940	0.00739	0.00856	0.00817	0.01019	0.00682	0.00616	0.01314	0.06797	0.02353	0.41149	0.05399	0.31920	0.01467	0.00784	0.00218	0.00341	0.01260	0.00689	0.00638
67	0.02506	0.03198	0.01901	0.01729	0.02074	0.73725	0.01296	0.02679	0.01901	0.01642	0.01037	0.01210	0.00864	0.00691	0.00605	0.00173	0.01210	0.00432	0.00346	0.00778
68	0.01468	0.01468	0.02055	0.01762	0.01762	0.02055	0.01468	0.01615	0.01028	0.01615	0.00881	0.01468	0.00881	0.01174	0.02202	0.00294	0.75191	0.00587	0.00294	0.00734
69	0.00950	0.00686	0.00897	0.00844	0.01002	0.00633	0.00633	0.01266	0.01899	0.02691	0.71879	0.05012	0.06331	0.01372	0.00791	0.00211	0.00317	0.01213	0.00739	0.00633
70	0.81159	0.01298	0.00986	0.00882	0.01298	0.01505	0.00727	0.01972	0.01142	0.03010	0.00934	0.01090	0.00727	0.00623	0.00415	0.00208	0.00519	0.00363	0.00415	0.00727
71	0.81159	0.01298	0.00986	0.00882	0.01298	0.01505	0.00727	0.01972	0.01142	0.03010	0.00934	0.01090	0.00727	0.00623	0.00415	0.00208	0.00519	0.00363	0.00415	0.00727
72	0.01468	0.01468	0.02055	0.01762	0.01762	0.02055	0.01468	0.01615	0.01028	0.01615	0.00881	0.01468	0.00881	0.01174	0.02202	0.00294	0.75191	0.00587	0.00294	0.00734
73	0.01661	0.01594	0.02724	0.04119	0.72233	0.01594	0.02059	0.02059	0.01528	0.02192	0.01262	0.01661	0.01063	0.00598	0.00664	0.00199	0.00797	0.00598	0.00332	0.01063
74	0.00973	0.00662	0.00789	0.00789	0.00808	0.00681	0.00477	0.01012	0.00993	0.01343	0.02062	0.04104	0.02315	0.64734	0.14929	0.00721	0.00838	0.00934	0.00399	0.00438
75	0.02841	0.01194	0.01567	0.01211	0.01710	0.01082	0.00996	0.10269	0.02051	0.61294	0.06592	0.02372	0.01879	0.00860	0.00681	0.00207	0.00574	0.00699	0.00808	0.01112
76	0.20186	0.01176	0.01432	0.01125	0.01622	0.01100	0.00929	0.02985	0.01749	0.57382	0.02271	0.02021	0.01456	0.00785	0.00618	0.00208	0.00560	0.00606	0.00739	0.01051
77	0.02506	0.03198	0.01901	0.01729	0.02074	0.73725	0.01296	0.02679	0.01901	0.01642	0.01037	0.01210	0.00864	0.00691	0.00605	0.00173	0.01210	0.00432	0.00346	0.00778
78	0.01138	0.00727	0.00960	0.00893	0.01080	0.00668	0.00681	0.01442	0.01868	0.09005	0.60828	0.07171	0.05753	0.01364	0.00788	0.00216	0.00353	0.03648	0.00739	0.00676
79	0.01239	0.01278	0.02488	0.01894	0.02331	0.01181	0.38010	0.01630	0.01560	0.02066	0.09721	0.13628	0.17695	0.01111	0.00801	0.00231	0.00773	0.01128	0.00481	0.00753
80	0.00811	0.00672	0.00712	0.00732	0.00932	0.00573	0.00545	0.00985	0.01518	0.01845	0.09159	0.14446	0.59356	0.01736	0.00804	0.00234	0.00353	0.03391	0.00628	0.00568
81	0.00963	0.00703	0.00998	0.00998	0.01090	0.00795	0.00739	0.01147	0.01055	0.01498	0.01871	0.03042	0.01854	0.21538	0.57495	0.00979	0.01532	0.00778	0.00370	0.00555
82	0.00817	0.00587	0.00775	0.00926	0.00971	0.00546	0.00619	0.00935	0.01293	0.01716	0.03798	0.73737	0.06617	0.02089	0.00854	0.00271	0.00388	0.01892	0.00623	0.00546
83	0.01548	0.01486	0.02551	0.24028	0.51617	0.01567	0.03526	0.01964	0.01477	0.02056	0.01245	0.01700	0.01014	0.00618	0.00669	0.00207	0.00832	0.00602	0.00323	0.00970
84	0.01884	0.19290	0.02571	0.09631	0.22342	0.16064	0.03796	0.07982	0.04253	0.02089	0.01220	0.01474	0.01000	0.00643	0.00600	0.00183	0.00857	0.00517	0.00365	0.03239
85	0.01950	0.03686	0.04042	0.01386	0.01913	0.03950	0.03672	0.30781	0.10576	0.03050	0.01587	0.01743	0.01231	0.03782	0.00729	0.00192	0.00677	0.00570	0.00538	0.23944
86	0.01822	0.01938	0.01976	0.11880	0.02294	0.25495	0.05436	0.02063	0.01465	0.04317	0.01228	0.01721	0.01054	0.00892	0.01177	0.00229	0.26434	0.02537	0.05280	0.00765
87	0.01738	0.01472	0.01742	0.01534	0.04404	0.01630	0.05851	0.15237	0.44051	0.02931	0.05619	0.02615	0.06284	0.00925	0.00699	0.00221	0.00599	0.00787	0.00643	0.01016
88	0.00846	0.00604	0.00811	0.00967	0.01018	0.00569	0.00672	0.00983	0.01313	0.01744	0.03683	0.68651	0.04376	0.02076	0.00864	0.00276	0.00414	0.08959	0.00622	0.00553
89	0.00840	0.00675	0.00749	0.00745	0.00939	0.00584	0.00553	0.01048	0.01619	0.02058	0.25272	0.10884	0.48411	0.01633	0.00797	0.00225	0.00337	0.01392	0.00656	0.00584
90	0.01166	0.00583	0.00874	0.00874	0.00874	0.00583	0.00583	0.00874	0.00874	0.01166	0.01166	0.02040	0.01166	0.02331	0.02622	0.80478	0.00583	0.00583	0.00291	0.00291
91	0.00823	0.00586	0.00777	0.00927	0.00964	0.00549	0.00615	0.00936	0.01273	0.01697	0.03639	0.73305	0.04363	0.04880	0.00952	0.00287	0.00399	0.01873	0.00615	0.00540
92	0.66436	0.01268	0.01094	0.00941	0.01376	0.01407	0.00776	0.02217	0.01289	0.16139	0.01257	0.01315	0.00903	0.00662	0.00464	0.00208	0.00529	0.00422	0.00493	0.00805
93	0.01267	0.01193	0.02013	0.74806	0.04621	0.01491	0.01863	0.01714	0.01342	0.01714	0.01193	0.01789	0.00894	0.00671	0.00671	0.00224	0.00894	0.00596	0.00298	0.00745
94	0.00924	0.00685	0.00861	0.00817	0.00987	0.00622	0.00613	0.01216	0.01839	0.02547	0.61206	0.05249	0.17094	0.01425	0.00792	0.00214	0.00320	0.01247	0.00720	0.00622
95	0.01827	0.01502	0.01660	0.01555	0.06148	0.01700	0.01150	0.12492	0.55493	0.04994	0.02486	0.02324	0.01853	0.00874	0.00680	0.00222	0.00577	0.00725	0.00664	0.01075
96	0.01391	0.01193	0.01391	0.00994	0.01590	0.00894	0.00795	0.01690	0.01391	0.02186	0.01193	0.01391	0.00994	0.00497	0.00497	0.00099	0.00497	0.00398	0.00398	0.80521
97	0.03167	0.01384	0.01845	0.09224	0.28692	0.07016	0.01400	0.02007	0.10992	0.02222	0.12827	0.09657	0.04823	0.00961	0.00700	0.00213	0.00666	0.00853	0.00481	0.00868
