[name]
unknown

[dist]
# distance from previous block
# <min> <max>
0	14

[block]
# block no. 0 follows, 34 sequences, length 77
# corresponding to MSA columns:
# 14-90
name=unknown_A
#
# <colnr> <probs for GDERKNQSTAVLIFYWHMCP>
#	G	D	E	R	K	N	Q	S	T	A	V	L	I	F	Y	W	H	M	C	P
0	0.04941	0.03714	0.16498	0.01328	0.01704	0.01126	0.01307	0.01861	0.12571	0.02111	0.02629	0.04799	0.02608	0.01304	0.00760	0.00256	0.00656	0.38557	0.00519	0.00750
1	0.07659	0.15895	0.01989	0.01459	0.07164	0.06293	0.01117	0.24077	0.09238	0.06536	0.03594	0.06010	0.01435	0.00787	0.00589	0.00185	0.00655	0.00611	0.00512	0.04195
2	0.01587	0.01581	0.02374	0.16367	0.47812	0.07847	0.03751	0.02031	0.04774	0.02005	0.01305	0.01758	0.01084	0.00637	0.00646	0.00198	0.00812	0.02163	0.00337	0.00931
3	0.01921	0.01592	0.01850	0.01652	0.08282	0.05034	0.05286	0.25373	0.24629	0.04936	0.01825	0.01839	0.01364	0.00741	0.00632	0.00191	0.00658	0.00614	0.02266	0.09318
4	0.00929	0.00670	0.00924	0.00924	0.00999	0.00745	0.00665	0.01080	0.01004	0.01415	0.01836	0.03120	0.01868	0.29764	0.50159	0.00897	0.01351	0.00777	0.00362	0.00513
5	0.01549	0.01327	0.01411	0.01273	0.01620	0.01523	0.00988	0.03247	0.66174	0.02693	0.08552	0.02614	0.02320	0.00914	0.00666	0.00218	0.00494	0.00767	0.00662	0.00988
6	0.00770	0.00647	0.00669	0.00681	0.00881	0.00546	0.00504	0.00934	0.01463	0.01763	0.08349	0.12368	0.64893	0.01661	0.00769	0.00222	0.00331	0.01399	0.00603	0.00546
7	0.00914	0.00660	0.00864	0.00813	0.00965	0.00610	0.00610	0.01219	0.01829	0.02591	0.72921	0.04827	0.06097	0.01321	0.00762	0.00203	0.00305	0.01169	0.00711	0.00610
8	0.00769	0.00634	0.00676	0.00709	0.00887	0.00541	0.00515	0.00921	0.01420	0.01724	0.05883	0.21894	0.57751	0.01722	0.00777	0.00228	0.00338	0.01469	0.00600	0.00541
9	0.01599	0.01535	0.02623	0.03966	0.73262	0.01535	0.01983	0.01983	0.01471	0.02111	0.01215	0.01599	0.01023	0.00576	0.00640	0.00192	0.00768	0.00576	0.00320	0.01023
10	0.00804	0.00575	0.00768	0.00910	0.00957	0.00538	0.00621	0.00933	0.01273	0.01701	0.06375	0.70689	0.04322	0.01985	0.00825	0.00262	0.00382	0.04945	0.00604	0.00532
11	0.81856	0.01250	0.00950	0.00850	0.01250	0.01449	0.00700	0.01899	0.01100	0.02899	0.00900	0.01050	0.00700	0.00600	0.00400	0.00200	0.00500	0.00350	0.00400	0.00700
12	0.02417	0.01790	0.01917	0.01479	0.01989	0.01985	0.01219	0.67978	0.06231	0.04009	0.01601	0.01591	0.01139	0.00780	0.00647	0.00195	0.00702	0.00589	0.00647	0.01095
13	0.02456	0.01810	0.01939	0.01487	0.02004	0.02004	0.01228	0.71107	0.03038	0.04072	0.01551	0.01551	0.01099	0.00776	0.00646	0.00194	0.00711	0.00582	0.00646	0.01099
14	0.02456	0.01810	0.01939	0.01487	0.02004	0.02004	0.01228	0.71107	0.03038	0.04072	0.01551	0.01551	0.01099	0.00776	0.00646	0.00194	0.00711	0.00582	0.00646	0.01099
15	0.00787	0.00562	0.00750	0.00900	0.00937	0.00525	0.00600	0.00900	0.01237	0.01649	0.03561	0.76871	0.04274	0.02024	0.00825	0.00262	0.00375	0.01837	0.00600	0.00525
16	0.00914	0.00660	0.00864	0.00813	0.00965	0.00610	0.00610	0.01219	0.01829	0.02591	0.72921	0.04827	0.06097	0.01321	0.00762	0.00203	0.00305	0.01169	0.00711	0.00610
17	0.01833	0.70776	0.03216	0.01110	0.01658	0.02412	0.01092	0.02044	0.01361	0.08030	0.01047	0.01141	0.00899	0.00575	0.00436	0.00144	0.00678	0.00373	0.00324	0.00854
18	0.01476	0.07481	0.61057	0.01745	0.02623	0.01590	0.02163	0.08302	0.01527	0.04442	0.01223	0.01388	0.00869	0.00631	0.00606	0.00200	0.00905	0.00485	0.00323	0.00965
19	0.01675	0.08724	0.13306	0.04380	0.34904	0.03567	0.04570	0.11219	0.05472	0.02310	0.01347	0.01680	0.01088	0.00653	0.00627	0.00194	0.00789	0.02142	0.00377	0.00975
20	0.01731	0.01449	0.01531	0.01340	0.01727	0.01665	0.01053	0.13276	0.62051	0.02902	0.02473	0.02286	0.01845	0.00862	0.00656	0.00215	0.00540	0.00709	0.00656	0.01034
21	0.01448	0.01358	0.02288	0.15739	0.52532	0.01404	0.01803	0.01816	0.01426	0.01992	0.01491	0.07034	0.01373	0.00756	0.00668	0.00207	0.00747	0.04657	0.00349	0.00913
22	0.01296	0.03342	0.73944	0.01842	0.02797	0.01501	0.02387	0.02046	0.01364	0.02046	0.01160	0.01364	0.00818	0.00614	0.00614	0.00205	0.00955	0.00477	0.00273	0.00955
23	0.01340	0.01148	0.01340	0.00957	0.01531	0.00861	0.00766	0.01627	0.01340	0.02105	0.01148	0.01340	0.00957	0.00479	0.00479	0.00096	0.00479	0.00383	0.00383	0.81242
24	0.01522	0.01472	0.02555	0.17745	0.56210	0.01521	0.05672	0.01924	0.01440	0.02020	0.01207	0.01631	0.00990	0.00588	0.00648	0.00198	0.00803	0.00586	0.00314	0.00956
25	0.00787	0.00562	0.00750	0.00900	0.00937	0.00525	0.00600	0.00900	0.01237	0.01649	0.03561	0.76871	0.04274	0.02024	0.00825	0.00262	0.00375	0.01837	0.00600	0.00525
26	0.02664	0.01476	0.01733	0.01328	0.01837	0.01509	0.01097	0.39202	0.02480	0.36765	0.02020	0.01855	0.01334	0.00787	0.00648	0.00197	0.00635	0.00614	0.00718	0.01099
27	0.00891	0.00746	0.00789	0.00793	0.01002	0.00698	0.00587	0.01290	0.11778	0.01870	0.05470	0.17546	0.51034	0.01590	0.00758	0.00226	0.00362	0.01351	0.00608	0.00612
28	0.01041	0.00744	0.01041	0.01190	0.01339	0.00744	0.01041	0.01339	0.01487	0.01934	0.03421	0.07288	0.03719	0.01785	0.00892	0.00297	0.00595	0.68913	0.00595	0.00595
29	0.02456	0.01810	0.01939	0.01487	0.02004	0.02004	0.01228	0.71107	0.03038	0.04072	0.01551	0.01551	0.01099	0.00776	0.00646	0.00194	0.00711	0.00582	0.00646	0.01099
30	0.00963	0.00766	0.01109	0.01386	0.10493	0.00779	0.00883	0.01133	0.01278	0.01734	0.03056	0.54499	0.03558	0.01749	0.00895	0.00258	0.05562	0.08749	0.00541	0.00610
31	0.00812	0.00653	0.00727	0.00738	0.00924	0.00568	0.00556	0.01006	0.01523	0.01915	0.19175	0.12182	0.49764	0.01617	0.00776	0.00224	0.00343	0.05317	0.00622	0.00559
32	0.00914	0.00660	0.00864	0.00813	0.00965	0.00610	0.00610	0.01219	0.01829	0.02591	0.72921	0.04827	0.06097	0.01321	0.00762	0.00203	0.00305	0.01169	0.00711	0.00610
33	0.01296	0.03342	0.73944	0.01842	0.02797	0.01501	0.02387	0.02046	0.01364	0.02046	0.01160	0.01364	0.00818	0.00614	0.00614	0.00205	0.00955	0.00477	0.00273	0.00955
34	0.01607	0.01388	0.01461	0.01315	0.01680	0.01607	0.01023	0.03433	0.72094	0.02703	0.02630	0.02411	0.01972	0.00877	0.00657	0.00219	0.00511	0.00731	0.00657	0.01023
35	0.00914	0.00660	0.00864	0.00813	0.00965	0.00610	0.00610	0.01219	0.01829	0.02591	0.72921	0.04827	0.06097	0.01321	0.00762	0.00203	0.00305	0.01169	0.00711	0.00610
36	0.00910	0.00660	0.00858	0.00808	0.00963	0.00608	0.00606	0.01211	0.01819	0.02567	0.71029	0.04866	0.08004	0.01330	0.00762	0.00204	0.00305	0.01174	0.00708	0.00608
37	0.01672	0.01388	0.02193	0.22693	0.39152	0.03245	0.01726	0.03812	0.01519	0.10714	0.01463	0.01951	0.01169	0.00684	0.00653	0.00203	0.00767	0.03679	0.00391	0.00926
38	0.00787	0.00562	0.00750	0.00900	0.00937	0.00525	0.00600	0.00900	0.01237	0.01649	0.03561	0.76871	0.04274	0.02024	0.00825	0.00262	0.00375	0.01837	0.00600	0.00525
39	0.01266	0.01195	0.02021	0.67084	0.12748	0.01448	0.01817	0.01691	0.01314	0.01706	0.01157	0.01708	0.00881	0.00638	0.00645	0.00213	0.00850	0.00574	0.00291	0.00755
40	0.01220	0.01148	0.01938	0.75739	0.04450	0.01436	0.01794	0.01651	0.01292	0.01651	0.01148	0.01723	0.00861	0.00646	0.00646	0.00215	0.00861	0.00574	0.00287	0.00718
41	0.01280	0.01144	0.06629	0.05486	0.04149	0.00990	0.13484	0.01624	0.01464	0.08076	0.02747	0.16476	0.04877	0.01337	0.00793	0.00253	0.00678	0.27276	0.00519	0.00719
42	0.81856	0.01250	0.00950	0.00850	0.01250	0.01449	0.00700	0.01899	0.01100	0.02899	0.00900	0.01050	0.00700	0.00600	0.00400	0.00200	0.00500	0.00350	0.00400	0.00700
43	0.01414	0.01414	0.01979	0.01696	0.01696	0.01979	0.01414	0.01555	0.00990	0.01555	0.00848	0.01414	0.00848	0.01131	0.02120	0.00283	0.76110	0.00565	0.00283	0.00707
44	0.01496	0.01471	0.02366	0.30076	0.42990	0.04884	0.03666	0.01891	0.01424	0.01917	0.01183	0.01628	0.00954	0.00605	0.00643	0.00200	0.00829	0.00573	0.00309	0.00895
45	0.00899	0.00660	0.00842	0.00797	0.00956	0.00603	0.00597	0.01189	0.01792	0.02504	0.66088	0.04970	0.12984	0.01353	0.00762	0.00205	0.00307	0.01189	0.00700	0.00603
46	0.00904	0.00675	0.00764	0.00731	0.00937	0.00585	0.00552	0.01122	0.01615	0.04973	0.30108	0.05557	0.46183	0.01490	0.00758	0.00212	0.00328	0.01265	0.00648	0.00591
47	0.00769	0.00647	0.00668	0.00679	0.00880	0.00545	0.00503	0.00932	0.01462	0.01758	0.07933	0.12160	0.65533	0.01661	0.00769	0.00222	0.00331	0.01399	0.00603	0.00545
48	0.00914	0.00660	0.00864	0.00813	0.00965	0.00610	0.00610	0.01219	0.01829	0.02591	0.72921	0.04827	0.06097	0.01321	0.00762	0.00203	0.00305	0.01169	0.00711	0.00610
49	0.02456	0.01810	0.01939	0.01487	0.02004	0.02004	0.01228	0.71107	0.03038	0.04072	0.01551	0.01551	0.01099	0.00776	0.00646	0.00194	0.00711	0.00582	0.00646	0.01099
50	0.02456	0.01810	0.01939	0.01487	0.02004	0.02004	0.01228	0.71107	0.03038	0.04072	0.01551	0.01551	0.01099	0.00776	0.00646	0.00194	0.00711	0.00582	0.00646	0.01099
51	0.81856	0.01250	0.00950	0.00850	0.01250	0.01449	0.00700	0.01899	0.01100	0.02899	0.00900	0.01050	0.00700	0.00600	0.00400	0.00200	0.00500	0.00350	0.00400	0.00700
52	0.69029	0.01258	0.01018	0.00892	0.01286	0.01444	0.00732	0.08308	0.01297	0.02975	0.01042	0.01188	0.00801	0.00626	0.00426	0.00196	0.00506	0.00388	0.05855	0.00730
53	0.00764	0.00655	0.00655	0.00655	0.00873	0.00545	0.00491	0.00927	0.01473	0.01745	0.06546	0.06218	0.73000	0.01636	0.00764	0.00218	0.00327	0.01364	0.00600	0.00545
54	0.06550	0.01107	0.01474	0.01136	0.01631	0.00973	0.00938	0.03091	0.01815	0.70435	0.02473	0.02146	0.01558	0.00790	0.00638	0.00200	0.00547	0.00636	0.00781	0.01081
55	0.00889	0.00659	0.00828	0.00786	0.00950	0.00599	0.00590	0.01170	0.01769	0.02449	0.61736	0.05061	0.17371	0.01374	0.00762	0.00206	0.00309	0.01201	0.00693	0.00599
56	0.81856	0.01250	0.00950	0.00850	0.01250	0.01449	0.00700	0.01899	0.01100	0.02899	0.00900	0.01050	0.00700	0.00600	0.00400	0.00200	0.00500	0.00350	0.00400	0.00700
57	0.00802	0.00573	0.00767	0.00917	0.00961	0.00538	0.00626	0.00926	0.01252	0.01666	0.03553	0.72744	0.04241	0.02010	0.00829	0.00264	0.00388	0.05815	0.00600	0.00529
58	0.06128	0.01363	0.02257	0.32798	0.35431	0.01514	0.04125	0.01826	0.01356	0.01943	0.01156	0.01613	0.00929	0.00630	0.00701	0.00207	0.04284	0.00568	0.00310	0.00861
59	0.01674	0.01309	0.01409	0.01253	0.01621	0.01469	0.00979	0.03231	0.60320	0.09561	0.02895	0.02656	0.06888	0.00922	0.00664	0.00217	0.00502	0.00767	0.00667	0.00997
60	0.00889	0.00636	0.00865	0.01001	0.01087	0.00611	0.00763	0.01083	0.01369	0.01818	0.08192	0.46358	0.04192	0.01889	0.00845	0.00271	0.00451	0.26517	0.00606	0.00556
61	0.28088	0.02149	0.08105	0.04517	0.05218	0.28791	0.01248	0.02117	0.01407	0.02079	0.00978	0.01219	0.00800	0.00692	0.00721	0.00198	0.10142	0.00432	0.00341	0.00758
62	0.00938	0.00686	0.00907	0.01037	0.01138	0.00680	0.00794	0.01235	0.06114	0.01827	0.03446	0.45729	0.03910	0.01857	0.00839	0.00273	0.00467	0.26937	0.00602	0.00585
63	0.03837	0.28686	0.26785	0.01565	0.06274	0.05561	0.01568	0.02024	0.04568	0.01884	0.01189	0.01491	0.00992	0.00649	0.00583	0.00177	0.02892	0.02741	0.00319	0.06213
64	0.03924	0.01531	0.02454	0.08450	0.58741	0.01578	0.01851	0.09575	0.01621	0.02318	0.01239	0.01587	0.01012	0.00603	0.00634	0.00194	0.00760	0.00570	0.00356	0.01002
65	0.01300	0.01216	0.01976	0.60563	0.12316	0.01463	0.01747	0.01851	0.07697	0.01800	0.01290	0.01770	0.00981	0.00658	0.00646	0.00213	0.00819	0.00588	0.00324	0.00781
66	0.01357	0.01202	0.01563	0.01116	0.01698	0.00931	0.07091	0.01667	0.01357	0.02102	0.01163	0.01376	0.00959	0.00484	0.00504	0.00107	0.00534	0.00417	0.00378	0.73995
67	0.01600	0.01522	0.02518	0.03727	0.66807	0.01542	0.01896	0.02114	0.07839	0.02164	0.01343	0.01672	0.01109	0.00603	0.00641	0.00194	0.00745	0.00590	0.00350	0.01023
68	0.01401	0.01374	0.02080	0.15402	0.21290	0.03495	0.03504	0.01668	0.01231	0.01744	0.01261	0.08325	0.01210	0.00949	0.01269	0.00240	0.31764	0.00686	0.00325	0.00783
69	0.00784	0.00574	0.00737	0.00868	0.00929	0.00528	0.00586	0.00903	0.01268	0.01662	0.03952	0.67627	0.13265	0.01974	0.00817	0.00257	0.00369	0.01775	0.00600	0.00528
70	0.02544	0.01354	0.01688	0.07987	0.02022	0.01359	0.01117	0.26696	0.02198	0.40654	0.02031	0.01903	0.01338	0.00767	0.00643	0.00196	0.00632	0.00611	0.00687	0.03574
71	0.05266	0.09208	0.35458	0.06082	0.10836	0.01585	0.14143	0.02069	0.01412	0.06220	0.01237	0.01482	0.00914	0.00604	0.00619	0.00200	0.00883	0.00537	0.00326	0.00920
72	0.01055	0.00795	0.01007	0.01011	0.04425	0.00763	0.00715	0.07491	0.01822	0.02511	0.48572	0.11607	0.13053	0.01343	0.00752	0.00209	0.00373	0.01176	0.00663	0.00657
73	0.01609	0.01749	0.03644	0.02612	0.03253	0.01667	0.64631	0.08295	0.01661	0.02250	0.01329	0.01726	0.00991	0.00565	0.00752	0.00216	0.01055	0.00746	0.00356	0.00892
74	0.02746	0.01055	0.01419	0.01100	0.01569	0.00918	0.00905	0.03001	0.01805	0.67280	0.02509	0.02218	0.01605	0.00795	0.00632	0.00195	0.00527	0.00645	0.08021	0.01055
75	0.00779	0.00651	0.00679	0.00681	0.00885	0.00551	0.00507	0.00954	0.01496	0.01822	0.12745	0.09388	0.63397	0.01624	0.00766	0.00219	0.00327	0.01367	0.00611	0.00551
76	0.02859	0.01164	0.01539	0.01180	0.01681	0.01045	0.00975	0.09277	0.01957	0.67430	0.02459	0.02141	0.01554	0.00798	0.00649	0.00199	0.00564	0.00644	0.00786	0.01100

[dist]
# distance from previous block
# <min> <max>
0	1

[block]
# block no. 1 follows, 34 sequences, length 129
# corresponding to MSA columns:
# 92-220
name=unknown_B
#
# <colnr> <probs for GDERKNQSTAVLIFYWHMCP>
#	G	D	E	R	K	N	Q	S	T	A	V	L	I	F	Y	W	H	M	C	P
0	0.00965	0.00715	0.00882	0.00820	0.01001	0.00667	0.00621	0.04563	0.01831	0.02527	0.58827	0.04891	0.16570	0.01345	0.00757	0.00205	0.00328	0.01171	0.00690	0.00623
1	0.78005	0.01277	0.00998	0.00881	0.01286	0.01476	0.00725	0.05257	0.01194	0.02956	0.00931	0.01074	0.00719	0.00608	0.00412	0.00200	0.00510	0.00361	0.00412	0.00719
2	0.01525	0.01743	0.03813	0.02723	0.03377	0.01634	0.70915	0.02070	0.01525	0.02070	0.01307	0.01743	0.00980	0.00545	0.00763	0.00218	0.01089	0.00763	0.00327	0.00871
3	0.78326	0.01274	0.00994	0.00878	0.01283	0.01474	0.00723	0.04976	0.01186	0.02951	0.00929	0.01072	0.00717	0.00608	0.00411	0.00200	0.00509	0.00360	0.00411	0.00717
4	0.01237	0.01166	0.01968	0.72548	0.07509	0.01440	0.01803	0.01666	0.01300	0.01671	0.01151	0.01717	0.00869	0.00643	0.00646	0.00214	0.00857	0.00574	0.00289	0.00731
5	0.00787	0.00562	0.00750	0.00900	0.00937	0.00525	0.00600	0.00900	0.01237	0.01649	0.03561	0.76871	0.04274	0.02024	0.00825	0.00262	0.00375	0.01837	0.00600	0.00525
6	0.00764	0.00655	0.00655	0.00655	0.00873	0.00545	0.00491	0.00927	0.01473	0.01745	0.06546	0.06218	0.73000	0.01636	0.00764	0.00218	0.00327	0.01364	0.00600	0.00545
7	0.68537	0.01224	0.01042	0.00900	0.01317	0.01365	0.00742	0.02110	0.01226	0.14844	0.01178	0.01244	0.00852	0.00634	0.00442	0.00200	0.00508	0.00400	0.00467	0.00767
8	0.01220	0.01148	0.01938	0.75739	0.04450	0.01436	0.01794	0.01651	0.01292	0.01651	0.01148	0.01723	0.00861	0.00646	0.00646	0.00215	0.00861	0.00574	0.00287	0.00718
9	0.01122	0.00561	0.00842	0.00842	0.00842	0.00561	0.00561	0.00842	0.00842	0.01122	0.01122	0.01964	0.01122	0.02245	0.02525	0.81201	0.00561	0.00561	0.00281	0.00281
10	0.01727	0.77681	0.03386	0.01106	0.01658	0.02557	0.01106	0.01935	0.01313	0.01520	0.00898	0.01036	0.00829	0.00553	0.00415	0.00138	0.00691	0.00345	0.00276	0.00829
11	0.07441	0.01233	0.01439	0.09599	0.05166	0.03210	0.01055	0.25854	0.01900	0.02621	0.02210	0.29054	0.02258	0.01217	0.00698	0.00224	0.00602	0.02882	0.00546	0.00792
12	0.00787	0.00562	0.00750	0.00900	0.00937	0.00525	0.00600	0.00900	0.01237	0.01649	0.03561	0.76871	0.04274	0.02024	0.00825	0.00262	0.00375	0.01837	0.00600	0.00525
13	0.00940	0.00626	0.00705	0.00705	0.00705	0.00626	0.00392	0.00940	0.00940	0.01253	0.02036	0.04228	0.02349	0.77292	0.03289	0.00626	0.00626	0.00940	0.00392	0.00392
14	0.04543	0.01592	0.01838	0.10840	0.02234	0.01740	0.01239	0.49012	0.02564	0.15400	0.01650	0.01668	0.01142	0.00758	0.00640	0.00198	0.00697	0.00586	0.00620	0.01040
15	0.01349	0.01693	0.13150	0.02020	0.02530	0.01417	0.35785	0.01784	0.01339	0.01890	0.01389	0.04035	0.01202	0.07401	0.07142	0.00317	0.08595	0.00716	0.00333	0.05915
16	0.00927	0.00621	0.00708	0.00721	0.00724	0.00618	0.00409	0.00936	0.00965	0.01286	0.02164	0.10323	0.02511	0.70977	0.03082	0.00596	0.00605	0.01015	0.00409	0.00403
17	0.27392	0.33433	0.02203	0.01164	0.01619	0.17585	0.01014	0.05717	0.01447	0.02107	0.00955	0.01095	0.00803	0.00604	0.00458	0.00167	0.00733	0.00374	0.00347	0.00785
18	0.01510	0.01845	0.08282	0.02667	0.03340	0.01625	0.66548	0.02068	0.01515	0.02068	0.01298	0.01719	0.00970	0.00549	0.00753	0.00217	0.01081	0.00744	0.00323	0.00877
19	0.01299	0.01202	0.01982	0.67865	0.08726	0.01467	0.01781	0.04760	0.01381	0.01788	0.01171	0.01707	0.00882	0.00647	0.00646	0.00213	0.00849	0.00575	0.00305	0.00754
20	0.00764	0.00655	0.00655	0.00655	0.00873	0.00545	0.00491	0.00927	0.01473	0.01745	0.06546	0.06218	0.73000	0.01636	0.00764	0.00218	0.00327	0.01364	0.00600	0.00545
21	0.02899	0.01100	0.01499	0.01150	0.01649	0.00950	0.00950	0.03149	0.01849	0.73709	0.02549	0.02199	0.01599	0.00800	0.00650	0.00200	0.00550	0.00650	0.00800	0.01100
22	0.01525	0.01743	0.03813	0.02723	0.03377	0.01634	0.70915	0.02070	0.01525	0.02070	0.01307	0.01743	0.00980	0.00545	0.00763	0.00218	0.01089	0.00763	0.00327	0.00871
23	0.00790	0.00656	0.00691	0.00682	0.00889	0.00557	0.00511	0.00978	0.01534	0.01892	0.18017	0.05978	0.61437	0.01582	0.00763	0.00216	0.00323	0.01330	0.00619	0.00557
24	0.00787	0.00562	0.00750	0.00900	0.00937	0.00525	0.00600	0.00900	0.01237	0.01649	0.03561	0.76871	0.04274	0.02024	0.00825	0.00262	0.00375	0.01837	0.00600	0.00525
25	0.00782	0.00603	0.00715	0.00798	0.00912	0.00536	0.00556	0.00922	0.01352	0.01721	0.07178	0.45942	0.31981	0.01844	0.00798	0.00243	0.00353	0.01623	0.00604	0.00536
26	0.01607	0.01388	0.01461	0.01315	0.01680	0.01607	0.01023	0.03433	0.72094	0.02703	0.02630	0.02411	0.01972	0.00877	0.00657	0.00219	0.00511	0.00731	0.00657	0.01023
27	0.01220	0.01148	0.01938	0.75739	0.04450	0.01436	0.01794	0.01651	0.01292	0.01651	0.01148	0.01723	0.00861	0.00646	0.00646	0.00215	0.00861	0.00574	0.00287	0.00718
28	0.02341	0.02928	0.01798	0.01633	0.01969	0.68134	0.01228	0.02657	0.08142	0.01682	0.01145	0.01277	0.00935	0.00685	0.00589	0.00171	0.01106	0.00444	0.00362	0.00774
29	0.01727	0.77681	0.03386	0.01106	0.01658	0.02557	0.01106	0.01935	0.01313	0.01520	0.00898	0.01036	0.00829	0.00553	0.00415	0.00138	0.00691	0.00345	0.00276	0.00829
30	0.00764	0.00655	0.00655	0.00655	0.00873	0.00545	0.00491	0.00927	0.01473	0.01745	0.06546	0.06218	0.73000	0.01636	0.00764	0.00218	0.00327	0.01364	0.00600	0.00545
31	0.01378	0.00834	0.01082	0.03630	0.01312	0.00809	0.00781	0.05555	0.05153	0.15365	0.27989	0.24429	0.04006	0.01364	0.00748	0.00223	0.00432	0.03512	0.00671	0.00726
32	0.01749	0.60531	0.06464	0.01257	0.01793	0.10491	0.03618	0.01990	0.01371	0.01570	0.00965	0.01143	0.00861	0.00715	0.03005	0.00178	0.00806	0.00386	0.00287	0.00819
33	0.01122	0.00561	0.00842	0.00842	0.00842	0.00561	0.00561	0.00842	0.00842	0.01122	0.01122	0.01964	0.01122	0.02245	0.02525	0.81201	0.00561	0.00561	0.00281	0.00281
34	0.04726	0.01608	0.01646	0.03913	0.01886	0.05754	0.01110	0.27604	0.34364	0.03072	0.01955	0.01900	0.01454	0.00788	0.00630	0.00199	0.00629	0.00621	0.00598	0.05542
35	0.01525	0.01743	0.03813	0.02723	0.03377	0.01634	0.70915	0.02070	0.01525	0.02070	0.01307	0.01743	0.00980	0.00545	0.00763	0.00218	0.01089	0.00763	0.00327	0.00871
36	0.00925	0.00685	0.01003	0.01003	0.01106	0.00788	0.00763	0.01131	0.01028	0.01474	0.01763	0.02718	0.01693	0.12550	0.67134	0.00995	0.01613	0.00719	0.00351	0.00557
37	0.01570	0.01497	0.02504	0.09472	0.63869	0.01531	0.01915	0.02037	0.05377	0.02108	0.01289	0.01654	0.01063	0.00598	0.00641	0.00195	0.00761	0.00584	0.00336	0.00999
38	0.02414	0.03079	0.01831	0.01665	0.01998	0.74698	0.01248	0.02580	0.01831	0.01581	0.00999	0.01165	0.00832	0.00666	0.00583	0.00166	0.01165	0.00416	0.00333	0.00749
39	0.02899	0.01100	0.01499	0.01150	0.01649	0.00950	0.00950	0.03149	0.01849	0.73709	0.02549	0.02199	0.01599	0.00800	0.00650	0.00200	0.00550	0.00650	0.00800	0.01100
40	0.01513	0.01708	0.03683	0.06201	0.05876	0.01621	0.65249	0.02047	0.01512	0.02051	0.01297	0.01737	0.00976	0.00551	0.00753	0.00217	0.01067	0.00747	0.00325	0.00870
41	0.06267	0.02991	0.01788	0.01625	0.01961	0.71145	0.01222	0.02547	0.01796	0.01645	0.00994	0.01160	0.00826	0.00663	0.00574	0.00168	0.01133	0.00413	0.00336	0.00747
42	0.01607	0.01388	0.01461	0.01315	0.01680	0.01607	0.01023	0.03433	0.72094	0.02703	0.02630	0.02411	0.01972	0.00877	0.00657	0.00219	0.00511	0.00731	0.00657	0.01023
43	0.00822	0.00643	0.00728	0.00759	0.00914	0.00571	0.00555	0.00988	0.01426	0.01797	0.13143	0.18164	0.41782	0.08566	0.01013	0.00267	0.00380	0.06349	0.00594	0.00539
44	0.01951	0.04377	0.07321	0.04227	0.02089	0.31886	0.04619	0.11982	0.03647	0.02015	0.01167	0.01435	0.00956	0.00997	0.05150	0.00249	0.14238	0.00515	0.00370	0.00811
45	0.01337	0.03284	0.72080	0.01824	0.02767	0.01486	0.02350	0.02075	0.01377	0.03890	0.01195	0.01386	0.00839	0.00619	0.00615	0.00205	0.00944	0.00482	0.00286	0.00959
46	0.00787	0.00562	0.00750	0.00900	0.00937	0.00525	0.00600	0.00900	0.01237	0.01649	0.03561	0.76871	0.04274	0.02024	0.00825	0.00262	0.00375	0.01837	0.00600	0.00525
47	0.00787	0.00562	0.00750	0.00900	0.00937	0.00525	0.00600	0.00900	0.01237	0.01649	0.03561	0.76871	0.04274	0.02024	0.00825	0.00262	0.00375	0.01837	0.00600	0.00525
48	0.01915	0.08673	0.04541	0.06029	0.20162	0.19378	0.13410	0.05347	0.01629	0.08275	0.01265	0.01512	0.00987	0.00643	0.00680	0.00191	0.03541	0.00552	0.00373	0.00895
49	0.01033	0.00738	0.01032	0.01180	0.01326	0.00737	0.01027	0.01324	0.01479	0.01924	0.03426	0.09572	0.03737	0.01793	0.00890	0.00296	0.00588	0.66711	0.00595	0.00593
50	0.75234	0.07566	0.01151	0.00871	0.01283	0.01541	0.00733	0.01902	0.01117	0.02785	0.00900	0.01049	0.00710	0.00596	0.00401	0.00195	0.00516	0.00350	0.00390	0.00710
51	0.00939	0.00686	0.00884	0.00830	0.00990	0.00644	0.00624	0.01296	0.04277	0.02595	0.70472	0.04742	0.05953	0.01305	0.00758	0.00204	0.00312	0.01153	0.00709	0.00624
52	0.00940	0.00706	0.00875	0.00825	0.00999	0.00665	0.00621	0.01323	0.06262	0.02491	0.60050	0.04849	0.14292	0.01333	0.00756	0.00206	0.00321	0.01165	0.00694	0.00628
53	0.01340	0.01148	0.01340	0.00957	0.01531	0.00861	0.00766	0.01627	0.01340	0.02105	0.01148	0.01340	0.00957	0.00479	0.00479	0.00096	0.00479	0.00383	0.00383	0.81242
54	0.00776	0.00655	0.00672	0.00668	0.00880	0.00551	0.00501	0.00951	0.01502	0.01815	0.11993	0.06104	0.67509	0.01611	0.00764	0.00217	0.00325	0.01348	0.00609	0.00551
55	0.00895	0.00660	0.00837	0.00793	0.00954	0.00601	0.00595	0.01182	0.01784	0.02483	0.64473	0.05004	0.14612	0.01361	0.00762	0.00205	0.00308	0.01193	0.00697	0.00601
56	0.02414	0.03079	0.01831	0.01665	0.01998	0.74698	0.01248	0.02580	0.01831	0.01581	0.00999	0.01165	0.00832	0.00666	0.00583	0.00166	0.01165	0.00416	0.00333	0.00749
57	0.01296	0.03342	0.73944	0.01842	0.02797	0.01501	0.02387	0.02046	0.01364	0.02046	0.01160	0.01364	0.00818	0.00614	0.00614	0.00205	0.00955	0.00477	0.00273	0.00955
58	0.02414	0.03079	0.01831	0.01665	0.01998	0.74698	0.01248	0.02580	0.01831	0.01581	0.00999	0.01165	0.00832	0.00666	0.00583	0.00166	0.01165	0.00416	0.00333	0.00749
59	0.01727	0.77681	0.03386	0.01106	0.01658	0.02557	0.01106	0.01935	0.01313	0.01520	0.00898	0.01036	0.00829	0.00553	0.00415	0.00138	0.00691	0.00345	0.00276	0.00829
60	0.01607	0.01388	0.01461	0.01315	0.01680	0.01607	0.01023	0.03433	0.72094	0.02703	0.02630	0.02411	0.01972	0.00877	0.00657	0.00219	0.00511	0.00731	0.00657	0.01023
61	0.00787	0.00562	0.00750	0.00900	0.00937	0.00525	0.00600	0.00900	0.01237	0.01649	0.03561	0.76871	0.04274	0.02024	0.00825	0.00262	0.00375	0.01837	0.00600	0.00525
62	0.02493	0.01752	0.01903	0.01459	0.01975	0.01917	0.01205	0.65530	0.02940	0.09787	0.01633	0.01604	0.01140	0.00778	0.00647	0.00194	0.00698	0.00587	0.00659	0.01099
63	0.01010	0.00721	0.00873	0.00815	0.01014	0.00665	0.00618	0.01360	0.05702	0.05822	0.47864	0.04933	0.23461	0.01355	0.00751	0.00208	0.00334	0.01171	0.00683	0.00640
64	0.02060	0.01691	0.02002	0.21292	0.02706	0.05929	0.04472	0.43778	0.04399	0.03160	0.01433	0.01608	0.01040	0.00728	0.00648	0.00200	0.00788	0.00583	0.00519	0.00965
65	0.06451	0.06815	0.65870	0.01743	0.02643	0.01549	0.02218	0.02031	0.01345	0.02075	0.01130	0.01328	0.00811	0.00610	0.00591	0.00201	0.00913	0.00463	0.00281	0.00933
66	0.00773	0.00655	0.00668	0.00665	0.00879	0.00550	0.00498	0.00946	0.01495	0.01799	0.10775	0.06130	0.68736	0.01616	0.00764	0.00217	0.00326	0.01351	0.00607	0.00550
67	0.01557	0.01581	0.04694	0.07167	0.58163	0.01559	0.08265	0.01956	0.01442	0.02057	0.01202	0.01603	0.00998	0.00603	0.00720	0.00200	0.04350	0.00589	0.00316	0.00978
68	0.00940	0.00626	0.00705	0.00705	0.00705	0.00626	0.00392	0.00940	0.00940	0.01253	0.02036	0.04228	0.02349	0.77292	0.03289	0.00626	0.00626	0.00940	0.00392	0.00392
69	0.81856	0.01250	0.00950	0.00850	0.01250	0.01449	0.00700	0.01899	0.01100	0.02899	0.00900	0.01050	0.00700	0.00600	0.00400	0.00200	0.00500	0.00350	0.00400	0.00700
70	0.01865	0.75939	0.03435	0.01203	0.01758	0.02602	0.01161	0.02026	0.01404	0.01662	0.01052	0.01250	0.00973	0.00654	0.00482	0.00167	0.00738	0.00397	0.00329	0.00903
71	0.02414	0.03079	0.01831	0.01665	0.01998	0.74698	0.01248	0.02580	0.01831	0.01581	0.00999	0.01165	0.00832	0.00666	0.00583	0.00166	0.01165	0.00416	0.00333	0.00749
72	0.01727	0.77681	0.03386	0.01106	0.01658	0.02557	0.01106	0.01935	0.01313	0.01520	0.00898	0.01036	0.00829	0.00553	0.00415	0.00138	0.00691	0.00345	0.00276	0.00829
73	0.01677	0.01423	0.01500	0.01329	0.01707	0.01640	0.01040	0.08987	0.66427	0.02815	0.02541	0.02340	0.01901	0.00868	0.00657	0.00217	0.00528	0.00718	0.00657	0.01029
74	0.00787	0.00562	0.00750	0.00900	0.00937	0.00525	0.00600	0.00900	0.01237	0.01649	0.03561	0.76871	0.04274	0.02024	0.00825	0.00262	0.00375	0.01837	0.00600	0.00525
75	0.02456	0.01810	0.01939	0.01487	0.02004	0.02004	0.01228	0.71107	0.03038	0.04072	0.01551	0.01551	0.01099	0.00776	0.00646	0.00194	0.00711	0.00582	0.00646	0.01099
76	0.02899	0.01100	0.01499	0.01150	0.01649	0.00950	0.00950	0.03149	0.01849	0.73709	0.02549	0.02199	0.01599	0.00800	0.00650	0.00200	0.00550	0.00650	0.00800	0.01100
77	0.00771	0.00655	0.00665	0.00662	0.00877	0.00549	0.00497	0.00942	0.01491	0.01788	0.09864	0.06149	0.69655	0.01621	0.00764	0.00217	0.00326	0.01354	0.00606	0.00549
78	0.01670	0.01374	0.01463	0.01307	0.01679	0.01575	0.01019	0.03420	0.68687	0.06147	0.02626	0.02400	0.01954	0.00873	0.00657	0.00218	0.00513	0.00727	0.00664	0.01026
79	0.02813	0.01237	0.01585	0.01215	0.01718	0.01154	0.01004	0.16307	0.02079	0.60226	0.02356	0.02074	0.01503	0.00795	0.00649	0.00199	0.00581	0.00637	0.00770	0.01099
80	0.15792	0.01168	0.01423	0.01116	0.01589	0.01107	0.00920	0.08504	0.01824	0.53807	0.04646	0.02048	0.01567	0.00783	0.00612	0.00200	0.00546	0.00613	0.00718	0.01017
81	0.00914	0.00604	0.00797	0.00910	0.00988	0.00558	0.00629	0.01044	0.01294	0.05733	0.03674	0.66045	0.08135	0.01924	0.00814	0.00258	0.00390	0.04119	0.00611	0.00561
82	0.01037	0.00742	0.00831	0.00786	0.00999	0.00701	0.00597	0.01445	0.09054	0.04722	0.27184	0.04698	0.31276	0.01303	0.00705	0.00203	0.00344	0.01104	0.11626	0.00644
83	0.60445	0.05707	0.01292	0.04414	0.01514	0.06836	0.00879	0.01907	0.01163	0.02544	0.00913	0.01122	0.00738	0.00653	0.00585	0.00202	0.07617	0.00385	0.00372	0.00712
84	0.02899	0.01100	0.01499	0.01150	0.01649	0.00950	0.00950	0.03149	0.01849	0.73709	0.02549	0.02199	0.01599	0.00800	0.00650	0.00200	0.00550	0.00650	0.00800	0.01100
85	0.01791	0.70826	0.03243	0.01157	0.01690	0.09186	0.01119	0.01994	0.01360	0.01526	0.00908	0.01048	0.00829	0.00563	0.00430	0.00141	0.00735	0.00352	0.00282	0.00822
86	0.00923	0.00692	0.01038	0.01038	0.01154	0.00808	0.00808	0.01154	0.01038	0.01500	0.01731	0.02538	0.01615	0.04846	0.74732	0.01038	0.01731	0.00692	0.00346	0.00577
87	0.00787	0.00562	0.00750	0.00900	0.00937	0.00525	0.00600	0.00900	0.01237	0.01649	0.03561	0.76871	0.04274	0.02024	0.00825	0.00262	0.00375	0.01837	0.00600	0.00525
88	0.00939	0.00628	0.00710	0.00708	0.00713	0.00626	0.00399	0.00949	0.00969	0.01297	0.04363	0.04248	0.02472	0.74799	0.03206	0.00613	0.00616	0.00947	0.00402	0.00399
89	0.00787	0.00562	0.00750	0.00900	0.00937	0.00525	0.00600	0.00900	0.01237	0.01649	0.03561	0.76871	0.04274	0.02024	0.00825	0.00262	0.00375	0.01837	0.00600	0.00525
90	0.00816	0.00583	0.00782	0.00932	0.00982	0.00549	0.00649	0.00949	0.01265	0.01681	0.03546	0.69061	0.04211	0.01997	0.00832	0.00266	0.00400	0.09365	0.00599	0.00533
91	0.01607	0.01388	0.01461	0.01315	0.01680	0.01607	0.01023	0.03433	0.72094	0.02703	0.02630	0.02411	0.01972	0.00877	0.00657	0.00219	0.00511	0.00731	0.00657	0.01023
92	0.01727	0.77681	0.03386	0.01106	0.01658	0.02557	0.01106	0.01935	0.01313	0.01520	0.00898	0.01036	0.00829	0.00553	0.00415	0.00138	0.00691	0.00345	0.00276	0.00829
93	0.00914	0.00660	0.00864	0.00813	0.00965	0.00610	0.00610	0.01219	0.01829	0.02591	0.72921	0.04827	0.06097	0.01321	0.00762	0.00203	0.00305	0.01169	0.00711	0.00610
94	0.01701	0.73060	0.07772	0.01151	0.01729	0.02491	0.01185	0.01942	0.01316	0.01553	0.00915	0.01057	0.00829	0.00557	0.00427	0.00142	0.00707	0.00354	0.00276	0.00837
95	0.01204	0.00602	0.00602	0.00602	0.00753	0.00602	0.00452	0.01506	0.01355	0.02409	0.02108	0.02409	0.01656	0.00753	0.00452	0.00151	0.00301	0.00602	0.80879	0.00602
96	0.00787	0.00562	0.00750	0.00900	0.00937	0.00525	0.00600	0.00900	0.01237	0.01649	0.03561	0.76871	0.04274	0.02024	0.00825	0.00262	0.00375	0.01837	0.00600	0.00525
97	0.00924	0.00689	0.01023	0.01023	0.01133	0.00799	0.00788	0.01144	0.01034	0.01488	0.01745	0.02618	0.01650	0.08253	0.71372	0.01019	0.01679	0.00704	0.00348	0.00568
98	0.01607	0.01388	0.01461	0.01315	0.01680	0.01607	0.01023	0.03433	0.72094	0.02703	0.02630	0.02411	0.01972	0.00877	0.00657	0.00219	0.00511	0.00731	0.00657	0.01023
99	0.01846	0.69953	0.03195	0.01110	0.01657	0.02395	0.01090	0.02057	0.01367	0.08805	0.01065	0.01154	0.00907	0.00578	0.00438	0.00144	0.00677	0.00376	0.00329	0.00856
100	0.02333	0.11832	0.02013	0.01599	0.01958	0.66234	0.01232	0.02504	0.01770	0.01574	0.00987	0.01150	0.00832	0.00653	0.00563	0.00163	0.01110	0.00408	0.00326	0.00758
101	0.01340	0.01148	0.01340	0.00957	0.01531	0.00861	0.00766	0.01627	0.01340	0.02105	0.01148	0.01340	0.00957	0.00479	0.00479	0.00096	0.00479	0.00383	0.00383	0.81242
102	0.01242	0.01170	0.01977	0.71688	0.08335	0.01441	0.01805	0.01670	0.01302	0.01677	0.01152	0.01716	0.00870	0.00642	0.00646	0.00214	0.00856	0.00574	0.00289	0.00735
103	0.01813	0.01587	0.05662	0.01380	0.01816	0.01676	0.01145	0.18706	0.50768	0.04657	0.02300	0.02152	0.01700	0.00837	0.00652	0.00212	0.00583	0.00681	0.00637	0.01038
104	0.02383	0.06396	0.01900	0.01640	0.01982	0.71491	0.01242	0.02551	0.01808	0.01579	0.00994	0.01159	0.00832	0.00661	0.00575	0.00165	0.01144	0.00413	0.00330	0.00753
105	0.01340	0.01148	0.01340	0.00957	0.01531	0.00861	0.00766	0.01627	0.01340	0.02105	0.01148	0.01340	0.00957	0.00479	0.00479	0.00096	0.00479	0.00383	0.00383	0.81242
106	0.01698	0.53998	0.18319	0.01329	0.01962	0.04139	0.03166	0.03615	0.01398	0.03757	0.01029	0.01173	0.00859	0.00581	0.00482	0.00158	0.00766	0.00400	0.00302	0.00869
107	0.02899	0.01100	0.01499	0.01150	0.01649	0.00950	0.00950	0.03149	0.01849	0.73709	0.02549	0.02199	0.01599	0.00800	0.00650	0.00200	0.00550	0.00650	0.00800	0.01100
108	0.01554	0.01413	0.02141	0.02941	0.46058	0.01469	0.01616	0.03937	0.18426	0.02295	0.03439	0.02393	0.01620	0.00782	0.00670	0.00208	0.00678	0.06940	0.00443	0.00976
109	0.01429	0.01208	0.01419	0.01079	0.03551	0.00964	0.00833	0.06720	0.01468	0.02249	0.01180	0.01362	0.00969	0.00503	0.00495	0.00106	0.00504	0.00403	0.00400	0.73159
110	0.00765	0.00649	0.00660	0.00668	0.00876	0.00544	0.00497	0.00926	0.01459	0.01740	0.06377	0.10207	0.69120	0.01658	0.00767	0.00221	0.00330	0.01390	0.00600	0.00544
111	0.00791	0.00566	0.00753	0.00897	0.00938	0.00528	0.00600	0.00910	0.01256	0.01680	0.05838	0.74506	0.04333	0.02001	0.00823	0.00260	0.00373	0.01815	0.00603	0.00528
112	0.00872	0.00663	0.00804	0.00782	0.00955	0.00596	0.00594	0.01130	0.01692	0.02275	0.47149	0.05423	0.28053	0.01451	0.00770	0.00213	0.00328	0.04993	0.00668	0.00588
113	0.00906	0.00660	0.00852	0.00804	0.00960	0.00606	0.00603	0.01203	0.01809	0.02543	0.69174	0.04905	0.09873	0.01339	0.00762	0.00204	0.00306	0.01180	0.00705	0.00606
114	0.01340	0.01148	0.01340	0.00957	0.01531	0.00861	0.00766	0.01627	0.01340	0.02105	0.01148	0.01340	0.00957	0.00479	0.00479	0.00096	0.00479	0.00383	0.00383	0.81242
115	0.01780	0.68723	0.05200	0.01171	0.01721	0.06580	0.01153	0.04425	0.01405	0.01629	0.00934	0.01071	0.00839	0.00569	0.00438	0.00144	0.00726	0.00362	0.00293	0.00838
116	0.00810	0.00593	0.00766	0.00896	0.00969	0.00550	0.00630	0.00948	0.01295	0.01691	0.03953	0.60205	0.13573	0.01947	0.00823	0.00260	0.00391	0.08567	0.00599	0.00535
117	0.02441	0.05242	0.01911	0.01406	0.01913	0.01842	0.01167	0.53287	0.06855	0.14699	0.01739	0.01679	0.01216	0.00775	0.00637	0.00194	0.00673	0.00590	0.00653	0.01082
118	0.01545	0.01807	0.09099	0.05062	0.29459	0.04148	0.33264	0.02025	0.01495	0.02051	0.01295	0.01766	0.01039	0.00598	0.00697	0.00207	0.00942	0.02253	0.00325	0.00920
119	0.79480	0.01266	0.00979	0.00869	0.01272	0.01466	0.00716	0.03970	0.01158	0.02934	0.00919	0.01065	0.00712	0.00605	0.00407	0.00200	0.00506	0.00357	0.00407	0.00712
120	0.00800	0.00570	0.00757	0.00901	0.00941	0.00535	0.00606	0.00914	0.01234	0.01644	0.03503	0.72214	0.04189	0.04684	0.00914	0.00276	0.00390	0.03812	0.00592	0.00522
121	0.01340	0.01148	0.01340	0.00957	0.01531	0.00861	0.00766	0.01627	0.01340	0.02105	0.01148	0.01340	0.00957	0.00479	0.00479	0.00096	0.00479	0.00383	0.00383	0.81242
122	0.79043	0.01269	0.00985	0.00872	0.01276	0.01469	0.00718	0.04352	0.01168	0.02941	0.00923	0.01067	0.00714	0.00606	0.00409	0.00200	0.00507	0.00358	0.00409	0.00714
123	0.00914	0.00660	0.00864	0.00813	0.00965	0.00610	0.00610	0.01219	0.01829	0.02591	0.72921	0.04827	0.06097	0.01321	0.00762	0.00203	0.00305	0.01169	0.00711	0.00610
124	0.02153	0.10292	0.05599	0.01939	0.12489	0.47915	0.01391	0.05644	0.03452	0.01820	0.01094	0.01274	0.00899	0.00649	0.00580	0.00172	0.01012	0.00451	0.00345	0.00831
125	0.01546	0.01329	0.01405	0.01269	0.01619	0.01524	0.00985	0.03243	0.66367	0.02665	0.06070	0.02655	0.04603	0.00924	0.00666	0.00218	0.00495	0.00773	0.00658	0.00987
126	0.02248	0.17691	0.02139	0.01357	0.01857	0.04141	0.01150	0.39607	0.10586	0.10459	0.01626	0.01598	0.01188	0.00740	0.00597	0.00185	0.00680	0.00551	0.00576	0.01023
127	0.26857	0.01728	0.01627	0.01304	0.01772	0.07003	0.01067	0.44963	0.02356	0.03534	0.01312	0.01370	0.00957	0.00714	0.00566	0.00194	0.00678	0.00499	0.00548	0.00951
128	0.81856	0.01250	0.00950	0.00850	0.01250	0.01449	0.00700	0.01899	0.01100	0.02899	0.00900	0.01050	0.00700	0.00600	0.00400	0.00200	0.00500	0.00350	0.00400	0.00700

[dist]
# distance from previous block
# <min> <max>
0	1

[block]
# block no. 2 follows, 34 sequences, length 50
# corresponding to MSA columns:
# 222-271
name=unknown_C
#
# <colnr> <probs for GDERKNQSTAVLIFYWHMCP>
#	G	D	E	R	K	N	Q	S	T	A	V	L	I	F	Y	W	H	M	C	P
0	0.81856	0.01250	0.00950	0.00850	0.01250	0.01449	0.00700	0.01899	0.01100	0.02899	0.00900	0.01050	0.00700	0.00600	0.00400	0.00200	0.00500	0.00350	0.00400	0.00700
1	0.02456	0.01810	0.01939	0.01487	0.02004	0.02004	0.01228	0.71107	0.03038	0.04072	0.01551	0.01551	0.01099	0.00776	0.00646	0.00194	0.00711	0.00582	0.00646	0.01099
2	0.08390	0.61526	0.06909	0.01153	0.01713	0.02365	0.01151	0.07217	0.01430	0.01858	0.00962	0.01095	0.00838	0.00577	0.00442	0.00151	0.00691	0.00371	0.00315	0.00846
3	0.00914	0.00660	0.00864	0.00813	0.00965	0.00610	0.00610	0.01219	0.01829	0.02591	0.72921	0.04827	0.06097	0.01321	0.00762	0.00203	0.00305	0.01169	0.00711	0.00610
4	0.81856	0.01250	0.00950	0.00850	0.01250	0.01449	0.00700	0.01899	0.01100	0.02899	0.00900	0.01050	0.00700	0.00600	0.00400	0.00200	0.00500	0.00350	0.00400	0.00700
5	0.01607	0.01388	0.01461	0.01315	0.01680	0.01607	0.01023	0.03433	0.72094	0.02703	0.02630	0.02411	0.01972	0.00877	0.00657	0.00219	0.00511	0.00731	0.00657	0.01023
6	0.81856	0.01250	0.00950	0.00850	0.01250	0.01449	0.00700	0.01899	0.01100	0.02899	0.00900	0.01050	0.00700	0.00600	0.00400	0.00200	0.00500	0.00350	0.00400	0.00700
7	0.81856	0.01250	0.00950	0.00850	0.01250	0.01449	0.00700	0.01899	0.01100	0.02899	0.00900	0.01050	0.00700	0.00600	0.00400	0.00200	0.00500	0.00350	0.00400	0.00700
8	0.01041	0.00744	0.01041	0.01190	0.01339	0.00744	0.01041	0.01339	0.01487	0.01934	0.03421	0.07288	0.03719	0.01785	0.00892	0.00297	0.00595	0.68913	0.00595	0.00595
9	0.01876	0.01820	0.17231	0.06860	0.08579	0.01416	0.19161	0.05319	0.07279	0.21292	0.01706	0.01818	0.01192	0.00673	0.00670	0.00207	0.00813	0.00635	0.00479	0.00974
10	0.01607	0.01388	0.01461	0.01315	0.01680	0.01607	0.01023	0.03433	0.72094	0.02703	0.02630	0.02411	0.01972	0.00877	0.00657	0.00219	0.00511	0.00731	0.00657	0.01023
11	0.01599	0.01535	0.02623	0.03966	0.73262	0.01535	0.01983	0.01983	0.01471	0.02111	0.01215	0.01599	0.01023	0.00576	0.00640	0.00192	0.00768	0.00576	0.00320	0.01023
12	0.00782	0.00582	0.00730	0.00848	0.00923	0.00529	0.00577	0.00906	0.01287	0.01670	0.04195	0.61876	0.18859	0.01942	0.00812	0.00253	0.00365	0.01736	0.00600	0.00529
13	0.00865	0.00686	0.00783	0.00768	0.00954	0.00621	0.00572	0.01162	0.05130	0.02108	0.31423	0.11343	0.38230	0.01510	0.00763	0.00216	0.00332	0.01297	0.00645	0.00592
14	0.02899	0.01100	0.01499	0.01150	0.01649	0.00950	0.00950	0.03149	0.01849	0.73709	0.02549	0.02199	0.01599	0.00800	0.00650	0.00200	0.00550	0.00650	0.00800	0.01100
15	0.02899	0.01100	0.01499	0.01150	0.01649	0.00950	0.00950	0.03149	0.01849	0.73709	0.02549	0.02199	0.01599	0.00800	0.00650	0.00200	0.00550	0.00650	0.00800	0.01100
16	0.01576	0.41989	0.33635	0.01450	0.02165	0.05720	0.01664	0.02015	0.01361	0.01749	0.01016	0.01184	0.00825	0.00585	0.00509	0.00168	0.00828	0.00406	0.00278	0.00879
17	0.00787	0.00562	0.00750	0.00900	0.00937	0.00525	0.00600	0.00900	0.01237	0.01649	0.03561	0.76871	0.04274	0.02024	0.00825	0.00262	0.00375	0.01837	0.00600	0.00525
18	0.02899	0.01100	0.01499	0.01150	0.01649	0.00950	0.00950	0.03149	0.01849	0.73709	0.02549	0.02199	0.01599	0.00800	0.00650	0.00200	0.00550	0.00650	0.00800	0.01100
19	0.01570	0.01356	0.01425	0.01286	0.01644	0.01560	0.00999	0.03322	0.68969	0.02661	0.02803	0.02579	0.05116	0.00910	0.00662	0.00219	0.00503	0.00759	0.00655	0.01002
20	0.02383	0.03014	0.01817	0.01651	0.01985	0.71885	0.01240	0.02613	0.04535	0.01625	0.01062	0.01213	0.00876	0.00674	0.00585	0.00168	0.01140	0.00428	0.00345	0.00760
21	0.02899	0.01100	0.01499	0.01150	0.01649	0.00950	0.00950	0.03149	0.01849	0.73709	0.02549	0.02199	0.01599	0.00800	0.00650	0.00200	0.00550	0.00650	0.00800	0.01100
22	0.78530	0.01273	0.00991	0.00876	0.01281	0.01473	0.00722	0.04798	0.01181	0.02948	0.00927	0.01071	0.00716	0.00607	0.00410	0.00200	0.00509	0.00360	0.00410	0.00716
23	0.00934	0.00686	0.00877	0.00825	0.00987	0.00643	0.00620	0.01288	0.04312	0.02565	0.68049	0.04790	0.08344	0.01316	0.00758	0.00204	0.00313	0.01160	0.00705	0.00622
24	0.01551	0.01642	0.01959	0.01692	0.01738	0.11954	0.01391	0.01696	0.01105	0.01559	0.00869	0.01380	0.00846	0.01067	0.01909	0.00267	0.65829	0.00545	0.00290	0.00713
25	0.01607	0.01388	0.01461	0.01315	0.01680	0.01607	0.01023	0.03433	0.72094	0.02703	0.02630	0.02411	0.01972	0.00877	0.00657	0.00219	0.00511	0.00731	0.00657	0.01023
26	0.00778	0.00645	0.00682	0.00694	0.00887	0.00548	0.00512	0.00948	0.01476	0.01803	0.11585	0.13776	0.60133	0.01653	0.00770	0.00222	0.00331	0.01399	0.00609	0.00548
27	0.00785	0.00655	0.00685	0.00677	0.00886	0.00555	0.00508	0.00969	0.01524	0.01867	0.16122	0.06018	0.63347	0.01591	0.00763	0.00216	0.00324	0.01336	0.00616	0.00555
28	0.01041	0.00744	0.01041	0.01190	0.01339	0.00744	0.01041	0.01339	0.01487	0.01934	0.03421	0.07288	0.03719	0.01785	0.00892	0.00297	0.00595	0.68913	0.00595	0.00595
29	0.01733	0.01711	0.02470	0.05784	0.58658	0.09617	0.01847	0.06518	0.01607	0.02165	0.01211	0.01552	0.01002	0.00601	0.00634	0.00190	0.00811	0.00558	0.00341	0.00989
30	0.02456	0.01810	0.01939	0.01487	0.02004	0.02004	0.01228	0.71107	0.03038	0.04072	0.01551	0.01551	0.01099	0.00776	0.00646	0.00194	0.00711	0.00582	0.00646	0.01099
31	0.04184	0.41321	0.14787	0.01330	0.01906	0.04085	0.01337	0.13404	0.06144	0.02148	0.01162	0.01279	0.00942	0.00641	0.00555	0.00171	0.02900	0.00440	0.00366	0.00898
32	0.01576	0.01476	0.11468	0.11224	0.02151	0.01290	0.05123	0.07263	0.19436	0.11740	0.12710	0.02681	0.07246	0.00895	0.00677	0.00210	0.00627	0.00766	0.00559	0.00885
33	0.01340	0.01148	0.01340	0.00957	0.01531	0.00861	0.00766	0.01627	0.01340	0.02105	0.01148	0.01340	0.00957	0.00479	0.00479	0.00096	0.00479	0.00383	0.00383	0.81242
