[name]
unknown

[dist]
# distance from previous block
# <min> <max>
0	11

[block]
# block no. 0 follows, 34 sequences, length 57
# corresponding to MSA columns:
# 11-67
name=unknown_A
#
# <colnr> <probs for GDERKNQSTAVLIFYWHMCP>
#	G	D	E	R	K	N	Q	S	T	A	V	L	I	F	Y	W	H	M	C	P
0	0.01618	0.02810	0.04848	0.01321	0.01671	0.01188	0.03020	0.17392	0.05067	0.09556	0.02589	0.04522	0.02481	0.01263	0.00762	0.00245	0.00641	0.34989	0.00594	0.03424
1	0.02332	0.05194	0.01917	0.01432	0.01923	0.03616	0.01180	0.55954	0.09126	0.06699	0.01688	0.03080	0.01243	0.00797	0.00639	0.00195	0.00689	0.00608	0.00629	0.01060
2	0.01699	0.09440	0.16206	0.02701	0.32533	0.06445	0.09843	0.03438	0.03074	0.06647	0.01293	0.01543	0.01007	0.00608	0.00624	0.00192	0.00839	0.00554	0.00353	0.00962
3	0.00928	0.00621	0.00708	0.00720	0.00723	0.00619	0.00408	0.00937	0.00963	0.01284	0.02155	0.09886	0.02499	0.71430	0.03097	0.00598	0.00607	0.01010	0.00408	0.00402
4	0.01646	0.15299	0.35270	0.01726	0.06955	0.08640	0.01755	0.12407	0.01687	0.02256	0.05525	0.01544	0.01198	0.00673	0.00593	0.00187	0.00842	0.00514	0.00365	0.00919
5	0.01829	0.17410	0.18397	0.04064	0.08076	0.03841	0.01493	0.15735	0.13168	0.07576	0.01520	0.01589	0.01137	0.00688	0.00592	0.00189	0.00740	0.00534	0.00452	0.00971
6	0.00787	0.00650	0.00691	0.00693	0.00890	0.00554	0.00515	0.00968	0.01511	0.01863	0.16081	0.10309	0.59029	0.01614	0.00767	0.00219	0.00327	0.01364	0.00616	0.00554
7	0.00809	0.00656	0.00718	0.00702	0.00901	0.00565	0.00527	0.01015	0.01580	0.02000	0.26548	0.05799	0.52838	0.01541	0.00763	0.00214	0.00321	0.01305	0.00634	0.00565
8	0.01866	0.01890	0.05540	0.12603	0.13085	0.16058	0.03312	0.15337	0.11831	0.03931	0.01428	0.01629	0.01099	0.00734	0.00753	0.00203	0.06791	0.00568	0.00433	0.00909
9	0.01737	0.19702	0.15486	0.03727	0.08009	0.10482	0.19930	0.09621	0.01640	0.02093	0.01166	0.01412	0.00913	0.00603	0.00610	0.00186	0.00911	0.00536	0.00340	0.00895
10	0.00778	0.00631	0.00691	0.00727	0.00895	0.00544	0.00526	0.00936	0.01431	0.01768	0.09465	0.24612	0.51303	0.01720	0.00780	0.00229	0.00338	0.01476	0.00606	0.00544
11	0.00831	0.00653	0.00753	0.00754	0.00931	0.00575	0.00566	0.01046	0.01581	0.02046	0.29718	0.11532	0.40661	0.01563	0.00774	0.00220	0.00335	0.04254	0.00639	0.00569
12	0.01820	0.01520	0.06078	0.01267	0.03199	0.09617	0.00992	0.23109	0.01840	0.09736	0.01790	0.02697	0.01628	0.27853	0.01580	0.00348	0.00730	0.02911	0.00503	0.00781
13	0.04467	0.58075	0.02975	0.01197	0.01715	0.05698	0.01126	0.12590	0.01586	0.01961	0.01002	0.01132	0.00867	0.00609	0.00504	0.00154	0.02751	0.00391	0.00340	0.00859
14	0.02369	0.01395	0.01596	0.01264	0.01719	0.01457	0.01031	0.31962	0.12108	0.27370	0.02094	0.01973	0.01444	0.00796	0.00631	0.00195	0.00589	0.00628	0.08339	0.01041
15	0.01590	0.01195	0.01404	0.01019	0.01581	0.00960	0.00821	0.07247	0.01526	0.09709	0.01326	0.01446	0.01035	0.00535	0.00510	0.00114	0.00504	0.00426	0.00447	0.66606
16	0.01826	0.01308	0.01499	0.01123	0.01642	0.01199	0.00911	0.22790	0.01930	0.10561	0.04475	0.01674	0.01306	0.00646	0.00559	0.00143	0.00545	0.00511	0.02701	0.42652
17	0.57178	0.01550	0.10114	0.07219	0.01860	0.01490	0.05285	0.04900	0.01257	0.02694	0.01004	0.01207	0.00762	0.00610	0.00479	0.00203	0.00630	0.00419	0.00381	0.00760
18	0.01296	0.03342	0.73944	0.01842	0.02797	0.01501	0.02387	0.02046	0.01364	0.02046	0.01160	0.01364	0.00818	0.00614	0.00614	0.00205	0.00955	0.00477	0.00273	0.00955
19	0.00820	0.00672	0.00728	0.00746	0.00931	0.00597	0.00547	0.01064	0.04836	0.01837	0.10804	0.19715	0.51121	0.01652	0.00770	0.00226	0.00344	0.01411	0.00611	0.00569
20	0.01736	0.01963	0.09405	0.07902	0.16365	0.15696	0.10970	0.11024	0.06217	0.02222	0.01458	0.06409	0.01225	0.00733	0.00651	0.00197	0.00855	0.00645	0.00400	0.03929
21	0.01465	0.08441	0.35472	0.01528	0.02158	0.01526	0.03087	0.13605	0.05925	0.02309	0.01858	0.10864	0.05081	0.00889	0.00684	0.00208	0.02870	0.00719	0.00418	0.00891
22	0.00889	0.00659	0.00828	0.00786	0.00950	0.00599	0.00590	0.01170	0.01769	0.02449	0.61735	0.05061	0.17372	0.01374	0.00762	0.00206	0.00309	0.01201	0.00693	0.00599
23	0.01024	0.00752	0.01068	0.01036	0.01174	0.00851	0.00804	0.05399	0.01228	0.01746	0.08598	0.02676	0.01998	0.04148	0.60040	0.04254	0.01482	0.00726	0.00397	0.00599
24	0.01856	0.23434	0.10115	0.02122	0.18527	0.13969	0.08315	0.07150	0.01612	0.05417	0.01182	0.01384	0.00945	0.00610	0.00577	0.00177	0.00848	0.00497	0.00352	0.00910
25	0.01879	0.50918	0.02789	0.01226	0.01715	0.11102	0.01113	0.13815	0.01667	0.01973	0.01184	0.05750	0.01085	0.00694	0.00500	0.00159	0.00733	0.00485	0.00366	0.00847
26	0.00787	0.00562	0.00750	0.00900	0.00937	0.00525	0.00600	0.00900	0.01237	0.01649	0.03561	0.76871	0.04274	0.02024	0.00825	0.00262	0.00375	0.01837	0.00600	0.00525
27	0.01123	0.00907	0.01370	0.01383	0.08940	0.00840	0.09287	0.01415	0.03468	0.06312	0.12941	0.21291	0.25399	0.01370	0.00755	0.00223	0.00493	0.01232	0.00565	0.00686
28	0.01483	0.04532	0.01626	0.01772	0.18638	0.03648	0.01118	0.02249	0.23609	0.06788	0.14362	0.05025	0.10485	0.00972	0.00674	0.00205	0.00545	0.00838	0.00559	0.00873
29	0.00777	0.00637	0.00686	0.00713	0.00891	0.00545	0.00520	0.00940	0.01448	0.01778	0.09991	0.20065	0.55382	0.01694	0.00776	0.00226	0.00335	0.01445	0.00607	0.00545
30	0.01855	0.01257	0.01417	0.01210	0.01589	0.01348	0.00958	0.11210	0.37303	0.17552	0.11275	0.02731	0.05521	0.00937	0.00672	0.00210	0.00510	0.00778	0.00690	0.00976
31	0.47284	0.15905	0.07517	0.01089	0.01575	0.04500	0.01001	0.10625	0.01432	0.02668	0.01006	0.01140	0.00789	0.00617	0.00458	0.00187	0.00624	0.00391	0.00395	0.00797
32	0.14723	0.11114	0.37525	0.01502	0.02197	0.06015	0.03602	0.05057	0.01445	0.02220	0.04797	0.01459	0.01096	0.00644	0.00562	0.00189	0.00802	0.00482	0.00343	0.04225
33	0.02092	0.10039	0.07601	0.01923	0.11395	0.27141	0.06231	0.15345	0.04635	0.05680	0.01292	0.01434	0.00998	0.00666	0.00606	0.00182	0.00903	0.00513	0.00415	0.00910
34	0.10151	0.08018	0.01886	0.01372	0.01853	0.11713	0.01132	0.40157	0.02383	0.12944	0.01496	0.01497	0.01071	0.00729	0.00595	0.00187	0.00728	0.00527	0.00571	0.00991
35	0.03517	0.02004	0.13175	0.03086	0.45863	0.11915	0.03463	0.02133	0.01517	0.05471	0.01235	0.01522	0.00985	0.00605	0.00626	0.00191	0.00843	0.00541	0.00340	0.00967
36	0.01781	0.33482	0.14654	0.01567	0.02147	0.10717	0.11167	0.05414	0.04660	0.04988	0.01189	0.01351	0.00946	0.00626	0.00594	0.00177	0.02835	0.00482	0.00347	0.00876
37	0.01748	0.01402	0.04400	0.04703	0.01935	0.01436	0.06918	0.08771	0.37352	0.12491	0.08277	0.02460	0.03436	0.00862	0.00673	0.00212	0.00594	0.00742	0.00621	0.00967
38	0.00777	0.00641	0.00683	0.00701	0.00889	0.00547	0.00515	0.00943	0.01463	0.01789	0.10667	0.16470	0.58340	0.01672	0.00772	0.00224	0.00333	0.01420	0.00608	0.00547
39	0.00968	0.00686	0.00896	0.01031	0.04280	0.00643	0.00683	0.03338	0.01389	0.04793	0.06679	0.55197	0.13398	0.01784	0.00792	0.00246	0.00401	0.01597	0.00602	0.00596
40	0.01826	0.43196	0.12239	0.01386	0.01971	0.05544	0.05527	0.10523	0.05239	0.05276	0.01206	0.01315	0.00964	0.00621	0.00521	0.00167	0.00759	0.00454	0.00370	0.00900
41	0.02210	0.01044	0.01312	0.01060	0.01460	0.00967	0.00856	0.08442	0.05500	0.43153	0.11572	0.02975	0.10804	0.00965	0.00668	0.00201	0.00493	0.00796	0.04579	0.00944
42	0.00797	0.00644	0.00709	0.00718	0.00900	0.00556	0.00529	0.00984	0.01516	0.01906	0.19740	0.14751	0.50748	0.01620	0.00771	0.00221	0.00329	0.01383	0.00623	0.00556
43	0.06477	0.02313	0.35647	0.05911	0.11615	0.01447	0.13301	0.02159	0.01449	0.11592	0.01359	0.01566	0.00970	0.00623	0.00635	0.00205	0.00867	0.00557	0.00366	0.00941
44	0.01562	0.05368	0.23525	0.08183	0.08041	0.05914	0.24080	0.06592	0.01585	0.03568	0.04438	0.01690	0.01160	0.00638	0.00665	0.00203	0.00925	0.00616	0.00353	0.00893
45	0.00985	0.00729	0.01038	0.04560	0.01236	0.00846	0.00791	0.01192	0.01059	0.01547	0.01740	0.02691	0.01658	0.14975	0.51215	0.00831	0.04719	0.00711	0.06914	0.00564
46	0.02286	0.02878	0.01748	0.01599	0.01912	0.68653	0.01196	0.02457	0.01808	0.01627	0.04168	0.04264	0.01191	0.00747	0.00600	0.00172	0.01098	0.00503	0.00359	0.00734
47	0.00917	0.00986	0.09682	0.00911	0.01178	0.00703	0.00811	0.01227	0.01628	0.02203	0.38118	0.06979	0.26009	0.01376	0.00753	0.00215	0.00408	0.04655	0.00614	0.00629
48	0.02040	0.01654	0.09188	0.04022	0.26187	0.02795	0.08303	0.10357	0.03631	0.22785	0.01671	0.01773	0.01191	0.00675	0.00652	0.00199	0.00751	0.00607	0.00499	0.01021
49	0.01902	0.02173	0.01885	0.05787	0.14121	0.37265	0.01357	0.02278	0.08103	0.01810	0.03927	0.01608	0.01206	0.00924	0.03915	0.00230	0.09802	0.00538	0.00367	0.00802
50	0.05524	0.01132	0.01361	0.23960	0.02221	0.06039	0.01080	0.03401	0.08791	0.05287	0.05314	0.06353	0.04856	0.06815	0.00968	0.03919	0.03091	0.00733	0.08457	0.00698
51	0.00960	0.00760	0.00857	0.00843	0.01037	0.00725	0.00625	0.04357	0.08589	0.02103	0.19334	0.20468	0.33867	0.01539	0.00761	0.00224	0.00368	0.01326	0.00631	0.00627
52	0.01351	0.01128	0.01347	0.04555	0.01650	0.00907	0.00822	0.01703	0.04493	0.03606	0.01368	0.05317	0.01182	0.00591	0.00516	0.00118	0.00494	0.00488	0.00410	0.67954
53	0.00910	0.00675	0.00770	0.00736	0.00941	0.00587	0.00556	0.01132	0.01625	0.05058	0.31888	0.05517	0.44324	0.01480	0.00758	0.00212	0.00328	0.01259	0.00651	0.00593
54	0.01699	0.36248	0.09087	0.03232	0.09246	0.01994	0.03157	0.07383	0.07504	0.04929	0.01290	0.01536	0.01077	0.04323	0.00744	0.00198	0.04601	0.00501	0.00371	0.00880
55	0.00954	0.00724	0.00927	0.00971	0.03995	0.00685	0.00677	0.04073	0.01643	0.02238	0.37398	0.20368	0.16980	0.01609	0.03563	0.00249	0.00414	0.01281	0.00635	0.00616
56	0.13937	0.26393	0.11904	0.01409	0.04882	0.16430	0.01259	0.06127	0.01502	0.02042	0.01029	0.01191	0.00845	0.00598	0.00502	0.00164	0.00777	0.00405	0.00339	0.08266

[dist]
# distance from previous block
# <min> <max>
3	6

[block]
# block no. 1 follows, 34 sequences, length 10
# corresponding to MSA columns:
# 74-83
name=unknown_B
#
# <colnr> <probs for GDERKNQSTAVLIFYWHMCP>
#	G	D	E	R	K	N	Q	S	T	A	V	L	I	F	Y	W	H	M	C	P
0	0.01139	0.00852	0.01006	0.00920	0.01109	0.00871	0.00684	0.08604	0.09106	0.02372	0.35000	0.04076	0.09791	0.14622	0.06705	0.00341	0.00533	0.01003	0.00607	0.00658
1	0.00810	0.00636	0.00716	0.00734	0.00889	0.00560	0.00526	0.00978	0.01455	0.01850	0.18226	0.18985	0.42047	0.07479	0.00969	0.00255	0.00355	0.01382	0.00605	0.00542
2	0.00971	0.00668	0.00794	0.00791	0.00971	0.00587	0.00582	0.01164	0.01532	0.07476	0.21845	0.22721	0.34349	0.01588	0.00769	0.00224	0.00350	0.01376	0.00643	0.00599
3	0.02332	0.01748	0.01869	0.01461	0.01956	0.01946	0.01198	0.61170	0.13179	0.03871	0.01710	0.01677	0.01227	0.00790	0.00648	0.00198	0.00682	0.00604	0.00648	0.01088
4	0.01476	0.05243	0.43423	0.05191	0.17924	0.04136	0.04187	0.05334	0.01484	0.02109	0.01179	0.01431	0.00887	0.00609	0.00616	0.00196	0.00890	0.00507	0.00308	0.02870
5	0.01109	0.00964	0.01200	0.01140	0.01231	0.05873	0.00874	0.01283	0.01067	0.01475	0.01579	0.02526	0.01549	0.15600	0.45778	0.00784	0.14355	0.00692	0.00342	0.00581
6	0.02414	0.03079	0.01831	0.01665	0.01998	0.74698	0.01248	0.02580	0.01831	0.01581	0.00999	0.01165	0.00832	0.00666	0.00583	0.00166	0.01165	0.00416	0.00333	0.00749
7	0.01604	0.01399	0.02297	0.07852	0.51018	0.01456	0.01732	0.01951	0.01470	0.07526	0.06760	0.01882	0.01428	0.00708	0.00793	0.00204	0.07967	0.00626	0.00381	0.00948
8	0.01524	0.22741	0.26633	0.01610	0.02261	0.01750	0.12584	0.09450	0.01607	0.02172	0.08213	0.01830	0.03490	0.00702	0.00606	0.00188	0.00797	0.00591	0.00375	0.00878
9	0.61862	0.07316	0.08283	0.01202	0.06922	0.01546	0.00991	0.01923	0.01170	0.02651	0.00949	0.01121	0.00746	0.00596	0.00440	0.00195	0.00579	0.00379	0.00372	0.00759

[dist]
# distance from previous block
# <min> <max>
1	8

[block]
# block no. 2 follows, 34 sequences, length 7
# corresponding to MSA columns:
# 92-98
name=unknown_C
#
# <colnr> <probs for GDERKNQSTAVLIFYWHMCP>
#	G	D	E	R	K	N	Q	S	T	A	V	L	I	F	Y	W	H	M	C	P
0	0.01554	0.01489	0.02541	0.12562	0.65020	0.01523	0.01960	0.01943	0.01450	0.02056	0.01207	0.01614	0.01004	0.00584	0.00640	0.00195	0.00779	0.00576	0.00316	0.00987
1	0.00935	0.00646	0.00802	0.00802	0.00835	0.00679	0.00513	0.01002	0.00968	0.01325	0.01947	0.03737	0.02136	0.56209	0.24080	0.00746	0.00948	0.00868	0.00378	0.00445
2	0.01093	0.00917	0.00915	0.00892	0.00986	0.08970	0.00609	0.01186	0.01183	0.01498	0.08592	0.03665	0.08782	0.36522	0.16851	0.04704	0.00849	0.00871	0.00418	0.00497
3	0.01679	0.69332	0.11311	0.01188	0.01786	0.02438	0.01250	0.01947	0.01319	0.01579	0.00928	0.01073	0.00828	0.00560	0.00437	0.00146	0.00721	0.00360	0.00276	0.00843
4	0.01286	0.01089	0.01301	0.00968	0.01482	0.00854	0.00771	0.01565	0.01301	0.02027	0.01224	0.01496	0.01043	0.01047	0.10150	0.00218	0.00642	0.00423	0.00378	0.70736
5	0.01327	0.01153	0.03465	0.01145	0.05989	0.10368	0.00806	0.01529	0.01518	0.08937	0.17447	0.06616	0.20194	0.15296	0.01186	0.00282	0.00561	0.00987	0.00540	0.00656
6	0.01985	0.13526	0.02109	0.01687	0.08167	0.27772	0.04404	0.08507	0.09114	0.05681	0.01682	0.01779	0.05885	0.00760	0.00669	0.00185	0.04245	0.00566	0.00425	0.00853

[dist]
# distance from previous block
# <min> <max>
0	1

[block]
# block no. 3 follows, 34 sequences, length 22
# corresponding to MSA columns:
# 100-121
name=unknown_D
#
# <colnr> <probs for GDERKNQSTAVLIFYWHMCP>
#	G	D	E	R	K	N	Q	S	T	A	V	L	I	F	Y	W	H	M	C	P
0	0.09587	0.01742	0.01970	0.02151	0.22324	0.11385	0.01393	0.25070	0.01984	0.04739	0.01398	0.01780	0.01140	0.00766	0.00730	0.00202	0.06067	0.04170	0.00464	0.00939
1	0.01159	0.01047	0.01525	0.03974	0.09686	0.03534	0.10861	0.01549	0.04974	0.02211	0.28378	0.03837	0.18201	0.01095	0.00717	0.00204	0.00533	0.00987	0.04821	0.00708
2	0.01184	0.00944	0.01217	0.08046	0.01581	0.00959	0.04183	0.14526	0.01674	0.02169	0.03665	0.30339	0.22223	0.01471	0.00756	0.00231	0.00512	0.03078	0.00566	0.00677
3	0.00923	0.00629	0.00700	0.00700	0.00721	0.00619	0.00401	0.00938	0.00991	0.01300	0.02472	0.04421	0.09174	0.69983	0.03045	0.00587	0.00598	0.00981	0.00412	0.00406
4	0.02309	0.01816	0.05609	0.01713	0.08883	0.03703	0.01328	0.50346	0.05982	0.09345	0.01618	0.01631	0.01153	0.00752	0.00643	0.00195	0.00718	0.00584	0.00601	0.01072
5	0.00914	0.00660	0.00864	0.00813	0.00965	0.00610	0.00610	0.01219	0.01829	0.02591	0.72921	0.04827	0.06097	0.01321	0.00762	0.00203	0.00305	0.01169	0.00711	0.00610
6	0.01786	0.71293	0.03253	0.01153	0.01687	0.08734	0.01118	0.01990	0.01357	0.01525	0.00907	0.01048	0.00829	0.00562	0.00429	0.00141	0.00732	0.00352	0.00281	0.00822
7	0.01389	0.01366	0.02025	0.01685	0.01787	0.01782	0.08030	0.01587	0.01075	0.01663	0.01000	0.01536	0.00935	0.01204	0.05281	0.00298	0.58702	0.00583	0.03599	0.04472
8	0.00797	0.00579	0.00752	0.00871	0.00934	0.00535	0.00592	0.00932	0.01312	0.01746	0.10332	0.64183	0.10198	0.01926	0.00814	0.00253	0.00364	0.01734	0.00610	0.00535
9	0.04631	0.05403	0.13067	0.01743	0.07812	0.25602	0.01421	0.05711	0.17916	0.02113	0.01425	0.01549	0.01118	0.00735	0.00725	0.00197	0.07016	0.00526	0.00408	0.00881
10	0.04950	0.01033	0.01644	0.47941	0.03251	0.01237	0.03395	0.01485	0.01245	0.01697	0.01634	0.15716	0.01576	0.04165	0.03523	0.00272	0.03389	0.00821	0.00358	0.00667
11	0.01471	0.01863	0.16414	0.04177	0.27138	0.04899	0.11911	0.02094	0.09909	0.02132	0.05813	0.03800	0.03988	0.00736	0.00668	0.00204	0.00790	0.00687	0.00391	0.00915
12	0.38002	0.01149	0.01198	0.00986	0.01409	0.01173	0.00806	0.04732	0.01535	0.29685	0.08886	0.01897	0.01613	0.00751	0.00543	0.00196	0.00506	0.00556	0.00591	0.03785
13	0.01228	0.00905	0.01111	0.01050	0.01226	0.00923	0.02626	0.16914	0.01659	0.02214	0.06600	0.36068	0.06004	0.13752	0.01177	0.00301	0.00516	0.04499	0.00575	0.00652
14	0.01713	0.66490	0.03167	0.08344	0.01945	0.06120	0.01179	0.01940	0.01337	0.01536	0.00928	0.01109	0.00832	0.00568	0.00446	0.00147	0.00732	0.00371	0.00280	0.00814
15	0.00822	0.00643	0.00745	0.00749	0.00916	0.00566	0.00551	0.01029	0.01567	0.02039	0.30268	0.16429	0.38207	0.01580	0.00772	0.00219	0.00326	0.01364	0.00641	0.00566
16	0.14717	0.02687	0.49749	0.01835	0.06422	0.01483	0.07283	0.02063	0.01358	0.04980	0.01185	0.01387	0.00853	0.00611	0.00593	0.00204	0.00864	0.00490	0.00321	0.00916
17	0.01442	0.05975	0.19154	0.01540	0.07734	0.01301	0.03674	0.06517	0.06549	0.02208	0.01410	0.05471	0.01181	0.00656	0.00573	0.00160	0.00661	0.00548	0.00392	0.32853
18	0.01324	0.08189	0.01413	0.01111	0.01335	0.02785	0.00888	0.09864	0.08258	0.02043	0.04592	0.05956	0.05393	0.05692	0.26188	0.00507	0.06952	0.00744	0.06055	0.00711
19	0.01461	0.16999	0.23321	0.01540	0.02127	0.05145	0.11198	0.05215	0.07452	0.02095	0.08501	0.02233	0.08421	0.00789	0.00628	0.00193	0.00762	0.00665	0.00406	0.00849
20	0.03379	0.05779	0.08093	0.01651	0.10735	0.06626	0.04897	0.17233	0.01837	0.09243	0.09179	0.06085	0.03881	0.07475	0.00880	0.00234	0.00694	0.00736	0.00504	0.00860
21	0.04944	0.11710	0.12609	0.01714	0.10334	0.08620	0.05915	0.07395	0.10378	0.06148	0.04039	0.01902	0.03927	0.02749	0.00674	0.00198	0.00736	0.00592	0.00434	0.04983

[dist]
# distance from previous block
# <min> <max>
2	8

[block]
# block no. 4 follows, 34 sequences, length 21
# corresponding to MSA columns:
# 130-150
name=unknown_E
#
# <colnr> <probs for GDERKNQSTAVLIFYWHMCP>
#	G	D	E	R	K	N	Q	S	T	A	V	L	I	F	Y	W	H	M	C	P
0	0.04748	0.10758	0.21849	0.01485	0.02012	0.07158	0.08128	0.05723	0.04665	0.04710	0.11014	0.02161	0.04338	0.02566	0.03166	0.00234	0.03388	0.00647	0.00420	0.00828
1	0.01477	0.01676	0.10281	0.02227	0.05895	0.01442	0.40613	0.04948	0.01525	0.04957	0.01788	0.11420	0.03770	0.00823	0.00797	0.00222	0.04040	0.00860	0.00396	0.00844
2	0.04245	0.04434	0.19847	0.08692	0.17399	0.01387	0.11954	0.03703	0.01444	0.02043	0.01793	0.08247	0.04332	0.00858	0.00678	0.00215	0.00791	0.06716	0.00375	0.00844
3	0.07138	0.12418	0.08147	0.05574	0.23549	0.07355	0.01466	0.08775	0.06952	0.05511	0.01380	0.03332	0.01117	0.00671	0.00586	0.00186	0.00734	0.00546	0.00403	0.04162
4	0.00870	0.00626	0.00760	0.00821	0.00950	0.00563	0.00582	0.01020	0.01369	0.04432	0.08128	0.42074	0.29005	0.01905	0.03507	0.00270	0.00410	0.01545	0.00604	0.00560
5	0.01087	0.06696	0.01256	0.01057	0.01185	0.01016	0.00822	0.01263	0.01148	0.04033	0.04249	0.16064	0.04814	0.09540	0.32387	0.00610	0.10832	0.00916	0.00418	0.00605
6	0.04432	0.22379	0.16066	0.01985	0.14010	0.10318	0.10123	0.02152	0.06949	0.01960	0.03063	0.01500	0.01100	0.00627	0.00579	0.00183	0.00827	0.00520	0.00341	0.00886
7	0.08237	0.27360	0.11039	0.01673	0.07504	0.08157	0.09192	0.10994	0.01639	0.06816	0.01199	0.01352	0.00935	0.00619	0.00553	0.00178	0.00792	0.00482	0.00381	0.00899
8	0.00784	0.00575	0.00737	0.00866	0.00928	0.00528	0.00585	0.00904	0.01270	0.01663	0.03976	0.67053	0.13824	0.01970	0.00816	0.00256	0.00368	0.01771	0.00600	0.00528
9	0.09816	0.05231	0.10758	0.05055	0.09852	0.06398	0.16739	0.08592	0.01574	0.03856	0.04646	0.07552	0.01424	0.00786	0.00726	0.00208	0.04855	0.00689	0.00402	0.00843
10	0.01712	0.07749	0.17475	0.02288	0.22759	0.12458	0.05243	0.10574	0.04101	0.02207	0.01498	0.04219	0.03447	0.00713	0.00627	0.00193	0.00834	0.00599	0.00380	0.00922
11	0.00923	0.00692	0.01038	0.01038	0.01154	0.00808	0.00808	0.01154	0.01038	0.01500	0.01731	0.02538	0.01615	0.04846	0.74732	0.01038	0.01731	0.00692	0.00346	0.00577
12	0.01454	0.00888	0.01094	0.00992	0.01245	0.00867	0.00758	0.04452	0.12732	0.17034	0.28200	0.17301	0.07773	0.01273	0.00730	0.00217	0.00417	0.01108	0.00692	0.00773
13	0.01848	0.01711	0.11096	0.02043	0.18638	0.01536	0.04000	0.27223	0.04598	0.07325	0.06121	0.07584	0.01659	0.00835	0.00666	0.00203	0.00701	0.00716	0.00521	0.00977
14	0.07262	0.05140	0.02157	0.02332	0.26652	0.11573	0.06568	0.09562	0.10907	0.04700	0.04076	0.03430	0.01372	0.00714	0.00626	0.00195	0.00752	0.00615	0.00441	0.00928
15	0.05100	0.11928	0.01856	0.01352	0.01742	0.25563	0.01083	0.11487	0.08559	0.15285	0.01555	0.01702	0.01207	0.05471	0.00799	0.00211	0.03207	0.00536	0.00488	0.00871
16	0.00937	0.00637	0.00756	0.00756	0.00774	0.00654	0.00455	0.00973	0.00955	0.01291	0.01989	0.03969	0.02236	0.66172	0.14255	0.00690	0.00796	0.00902	0.00385	0.00420
17	0.01512	0.01199	0.01378	0.01028	0.01560	0.01013	0.00822	0.06727	0.08671	0.05590	0.01422	0.01537	0.01122	0.00563	0.00515	0.00122	0.00496	0.00451	0.03022	0.61250
18	0.60630	0.06267	0.03768	0.01012	0.01438	0.10136	0.00861	0.02052	0.01247	0.06297	0.01006	0.01133	0.00774	0.00616	0.00443	0.00192	0.00609	0.00377	0.00401	0.00743
19	0.01706	0.33206	0.16748	0.04259	0.02139	0.12702	0.05458	0.04396	0.08304	0.01866	0.01205	0.01371	0.00975	0.00721	0.02236	0.00193	0.00849	0.00467	0.00338	0.00862
20	0.04075	0.03735	0.01277	0.01105	0.03754	0.01010	0.00835	0.07626	0.05020	0.14716	0.35516	0.07045	0.06334	0.01127	0.00758	0.00206	0.03484	0.00949	0.00652	0.00776

[dist]
# distance from previous block
# <min> <max>
0	1

[block]
# block no. 5 follows, 34 sequences, length 9
# corresponding to MSA columns:
# 152-160
name=unknown_F
#
# <colnr> <probs for GDERKNQSTAVLIFYWHMCP>
#	G	D	E	R	K	N	Q	S	T	A	V	L	I	F	Y	W	H	M	C	P
0	0.02136	0.01421	0.01593	0.01305	0.01738	0.01533	0.01050	0.25748	0.29301	0.18952	0.06447	0.02222	0.01845	0.00852	0.00658	0.00206	0.00574	0.00689	0.00689	0.01040
1	0.00973	0.00680	0.00838	0.00837	0.00952	0.00701	0.00601	0.01235	0.04682	0.01820	0.12135	0.09977	0.09324	0.18851	0.21396	0.00523	0.00781	0.00962	0.12174	0.00559
2	0.17932	0.01420	0.01463	0.01191	0.01643	0.08432	0.00964	0.09244	0.09331	0.38848	0.01994	0.01838	0.01344	0.00754	0.00595	0.00198	0.00611	0.00571	0.00647	0.00980
3	0.00924	0.00686	0.00865	0.00827	0.00987	0.00643	0.00617	0.01272	0.04827	0.02467	0.60023	0.09201	0.11485	0.01371	0.00761	0.00209	0.00320	0.01206	0.00693	0.00617
4	0.00903	0.00653	0.00906	0.00932	0.01006	0.00714	0.00669	0.01057	0.01049	0.01466	0.02128	0.16034	0.02263	0.22081	0.44239	0.00801	0.01222	0.00954	0.00402	0.00522
5	0.01507	0.01289	0.01632	0.01546	0.14250	0.01104	0.01031	0.09240	0.01548	0.02320	0.01204	0.01409	0.00984	0.00528	0.00525	0.00123	0.00555	0.00438	0.00400	0.58367
6	0.04302	0.06049	0.03088	0.02853	0.05779	0.01072	0.03143	0.01769	0.14604	0.05305	0.10864	0.08259	0.28026	0.01191	0.00692	0.00211	0.00482	0.01010	0.00561	0.00743
7	0.17095	0.05102	0.08418	0.01392	0.07458	0.11155	0.01104	0.04121	0.03173	0.04963	0.03738	0.03010	0.01179	0.00643	0.00534	0.00163	0.00656	0.00486	0.00406	0.25204
8	0.11253	0.17229	0.32567	0.01648	0.05602	0.10427	0.03514	0.04750	0.01467	0.04395	0.01125	0.01295	0.00858	0.00615	0.00553	0.00186	0.00847	0.00451	0.00331	0.00887

[dist]
# distance from previous block
# <min> <max>
1	9

[block]
# block no. 6 follows, 34 sequences, length 31
# corresponding to MSA columns:
# 170-200
name=unknown_G
#
# <colnr> <probs for GDERKNQSTAVLIFYWHMCP>
#	G	D	E	R	K	N	Q	S	T	A	V	L	I	F	Y	W	H	M	C	P
0	0.01503	0.02025	0.21643	0.03030	0.43134	0.03653	0.05274	0.02022	0.03444	0.02118	0.04994	0.01722	0.01253	0.00635	0.00644	0.00197	0.00814	0.00589	0.00338	0.00968
1	0.00938	0.00741	0.00863	0.00861	0.01029	0.00733	0.00631	0.01336	0.10943	0.01930	0.15311	0.17016	0.27171	0.07443	0.09751	0.00351	0.00546	0.01217	0.00580	0.00609
2	0.01952	0.01255	0.07134	0.05075	0.01729	0.01101	0.01058	0.09999	0.04401	0.30478	0.20574	0.02812	0.04679	0.00950	0.00737	0.00206	0.03513	0.00780	0.00660	0.00906
3	0.00782	0.00646	0.00686	0.00695	0.00889	0.00550	0.00514	0.00956	0.01489	0.01827	0.13413	0.12857	0.59185	0.01640	0.00769	0.00221	0.00329	0.01388	0.00612	0.00550
4	0.00998	0.00729	0.00814	0.00780	0.00997	0.00669	0.00592	0.03286	0.03596	0.05479	0.13720	0.08317	0.44689	0.01719	0.06259	0.00274	0.00458	0.01194	0.04813	0.00615
5	0.00773	0.00646	0.00674	0.00686	0.00883	0.00547	0.00507	0.00939	0.01467	0.01777	0.09441	0.12904	0.63225	0.01658	0.00769	0.00222	0.00331	0.01400	0.00605	0.00547
6	0.01082	0.00832	0.00958	0.00875	0.01068	0.02799	0.00661	0.07689	0.01860	0.02541	0.53289	0.04561	0.13322	0.04585	0.00856	0.00221	0.00383	0.01107	0.00668	0.00642
7	0.08807	0.01673	0.01776	0.01378	0.01868	0.01841	0.01136	0.58835	0.02744	0.07551	0.01576	0.01584	0.01118	0.00762	0.00618	0.00193	0.00667	0.00568	0.04263	0.01044
8	0.01752	0.07459	0.08314	0.01420	0.01838	0.17114	0.01209	0.05068	0.39146	0.02317	0.02036	0.02213	0.01618	0.00835	0.00634	0.00205	0.00715	0.04664	0.00522	0.00921
9	0.01528	0.01455	0.02473	0.12267	0.62345	0.01487	0.01907	0.01914	0.01464	0.02076	0.04024	0.01740	0.01204	0.00613	0.00645	0.00195	0.00760	0.00599	0.00331	0.00971
10	0.01071	0.00892	0.01213	0.01379	0.10013	0.04309	0.00909	0.01282	0.01127	0.01555	0.01768	0.06469	0.01739	0.13258	0.49112	0.00800	0.01373	0.00757	0.00361	0.00614
11	0.02430	0.02595	0.01872	0.01597	0.02000	0.46956	0.01241	0.28732	0.02292	0.02532	0.01210	0.01313	0.00934	0.00708	0.00607	0.00177	0.00992	0.00479	0.00453	0.00883
12	0.01314	0.01188	0.04469	0.01084	0.01584	0.00907	0.03869	0.01674	0.04547	0.03944	0.01630	0.13015	0.01524	0.00751	0.00562	0.00140	0.00513	0.00649	0.00432	0.56206
13	0.29556	0.01676	0.01531	0.01299	0.03407	0.11946	0.01023	0.24969	0.01973	0.14712	0.01407	0.01433	0.01005	0.00699	0.00554	0.00193	0.00678	0.00490	0.00535	0.00912
14	0.02331	0.12220	0.02027	0.01588	0.01956	0.62652	0.01230	0.05473	0.01820	0.01682	0.01010	0.01166	0.00843	0.00657	0.00565	0.00164	0.01087	0.00415	0.00340	0.00774
15	0.00937	0.00638	0.00764	0.00764	0.00784	0.00658	0.00465	0.00977	0.00957	0.01296	0.01982	0.03930	0.02220	0.64519	0.15885	0.00699	0.00821	0.00896	0.00384	0.00424
16	0.01113	0.00567	0.00851	0.00851	0.00856	0.00573	0.00573	0.00856	0.00851	0.01140	0.01151	0.01991	0.01145	0.02366	0.05897	0.77458	0.00616	0.00567	0.00284	0.00294
17	0.02223	0.02525	0.01754	0.01560	0.01921	0.48701	0.01191	0.10619	0.18973	0.02137	0.01457	0.01511	0.01139	0.00729	0.00608	0.00182	0.00955	0.00511	0.00447	0.00855
18	0.81856	0.01250	0.00950	0.00850	0.01250	0.01449	0.00700	0.01899	0.01100	0.02899	0.00900	0.01050	0.00700	0.00600	0.00400	0.00200	0.00500	0.00350	0.00400	0.00700
19	0.01534	0.11000	0.06883	0.04782	0.01852	0.07869	0.03806	0.09723	0.01444	0.03456	0.01434	0.01832	0.03262	0.01852	0.19781	0.00422	0.17349	0.00587	0.00366	0.00765
20	0.01122	0.00561	0.00842	0.00842	0.00842	0.00561	0.00561	0.00842	0.00842	0.01122	0.01122	0.01964	0.01122	0.02245	0.02525	0.81201	0.00561	0.00561	0.00281	0.00281
21	0.01369	0.01349	0.04445	0.27309	0.39289	0.01380	0.01763	0.01754	0.01403	0.01936	0.04202	0.08084	0.01435	0.00751	0.00661	0.00206	0.00753	0.00701	0.00346	0.00862
22	0.02456	0.01810	0.01939	0.01487	0.02004	0.02004	0.01228	0.71107	0.03038	0.04072	0.01551	0.01551	0.01099	0.00776	0.00646	0.00194	0.00711	0.00582	0.00646	0.01099
23	0.01437	0.02201	0.33635	0.02120	0.16621	0.01381	0.08586	0.06185	0.01534	0.04462	0.05130	0.02070	0.05451	0.03552	0.00748	0.00218	0.00806	0.00643	0.02317	0.00904
24	0.00923	0.00692	0.01038	0.01038	0.01154	0.00808	0.00808	0.01154	0.01038	0.01500	0.01731	0.02538	0.01615	0.04846	0.74732	0.01038	0.01731	0.00692	0.00346	0.00577
25	0.00916	0.00788	0.00964	0.05783	0.01239	0.00807	0.00727	0.01129	0.01485	0.01923	0.21787	0.04952	0.42356	0.01427	0.00933	0.00223	0.10244	0.01159	0.00565	0.00594
26	0.00945	0.00698	0.01022	0.01015	0.01112	0.00809	0.00773	0.01130	0.01020	0.01462	0.01712	0.02644	0.01644	0.11397	0.63227	0.04407	0.03381	0.00707	0.00346	0.00550
27	0.01950	0.53675	0.02893	0.01274	0.01768	0.21396	0.01150	0.06198	0.01551	0.01687	0.00963	0.01101	0.00846	0.00596	0.00472	0.00149	0.00816	0.00378	0.00313	0.00824
28	0.01494	0.01195	0.01323	0.01234	0.04981	0.04436	0.00907	0.14140	0.12599	0.05293	0.12364	0.11591	0.12082	0.01106	0.00684	0.00200	0.00520	0.02884	0.00588	0.10379
29	0.01722	0.11889	0.22458	0.05677	0.08688	0.13657	0.08421	0.08895	0.04021	0.03648	0.04052	0.01573	0.01148	0.00663	0.00613	0.00190	0.00875	0.00542	0.00371	0.00897
30	0.05627	0.01967	0.16663	0.01427	0.01926	0.07574	0.01319	0.23204	0.19234	0.02796	0.04053	0.05751	0.01575	0.03115	0.00717	0.00217	0.00707	0.00666	0.00526	0.00936

[dist]
# distance from previous block
# <min> <max>
0	1

[block]
# block no. 7 follows, 34 sequences, length 30
# corresponding to MSA columns:
# 202-231
name=unknown_H
#
# <colnr> <probs for GDERKNQSTAVLIFYWHMCP>
#	G	D	E	R	K	N	Q	S	T	A	V	L	I	F	Y	W	H	M	C	P
0	0.10146	0.07379	0.06467	0.11618	0.27630	0.09128	0.03712	0.03735	0.03500	0.02060	0.01412	0.01692	0.04328	0.00683	0.00662	0.00196	0.03879	0.00559	0.00350	0.00865
1	0.01648	0.05138	0.19781	0.02034	0.10463	0.01661	0.15113	0.15765	0.10898	0.02529	0.04815	0.01788	0.01328	0.00710	0.00708	0.00205	0.03401	0.00628	0.00433	0.00954
2	0.00809	0.00703	0.04181	0.00917	0.01018	0.00573	0.00672	0.00957	0.01269	0.01679	0.03774	0.65607	0.11613	0.01916	0.00808	0.00255	0.00397	0.01721	0.00584	0.00547
3	0.01710	0.01844	0.15007	0.05007	0.14921	0.01629	0.03210	0.18924	0.23020	0.02742	0.04179	0.01908	0.01456	0.00749	0.00649	0.00205	0.00707	0.00631	0.00503	0.00998
4	0.81856	0.01250	0.00950	0.00850	0.01250	0.01449	0.00700	0.01899	0.01100	0.02899	0.00900	0.01050	0.00700	0.00600	0.00400	0.00200	0.00500	0.00350	0.00400	0.00700
5	0.04151	0.12025	0.13932	0.05790	0.11773	0.04838	0.03127	0.11973	0.13004	0.02345	0.04372	0.01768	0.01330	0.02475	0.00737	0.00207	0.04243	0.00577	0.00425	0.00909
6	0.00782	0.00655	0.00680	0.00674	0.00884	0.00553	0.00505	0.00963	0.01516	0.01849	0.14645	0.06048	0.64836	0.01598	0.00763	0.00216	0.00325	0.01340	0.00614	0.00553
7	0.01922	0.37132	0.05540	0.03657	0.01903	0.08869	0.01240	0.17216	0.03953	0.04421	0.01171	0.01309	0.00951	0.00687	0.00663	0.00176	0.07456	0.00458	0.00392	0.00886
8	0.00972	0.00736	0.00906	0.00858	0.01035	0.00710	0.00644	0.01424	0.09515	0.02487	0.56266	0.07899	0.11417	0.01331	0.00753	0.00209	0.00333	0.01167	0.00691	0.00646
9	0.01679	0.20371	0.04634	0.07221	0.02506	0.10592	0.25394	0.07687	0.01603	0.02010	0.05035	0.01651	0.01211	0.00757	0.02550	0.00212	0.03102	0.00598	0.00357	0.00830
10	0.01296	0.00776	0.00979	0.00875	0.01113	0.00711	0.00675	0.01641	0.05099	0.15800	0.46141	0.04435	0.15402	0.01251	0.00736	0.00206	0.00364	0.01081	0.00708	0.00711
11	0.01414	0.01414	0.01979	0.01696	0.01696	0.01979	0.01414	0.01555	0.00990	0.01555	0.00848	0.01414	0.00848	0.01131	0.02120	0.00283	0.76110	0.00565	0.00283	0.00707
12	0.00924	0.00690	0.01027	0.01027	0.01138	0.00801	0.00793	0.01146	0.01035	0.01491	0.01741	0.02598	0.01641	0.07391	0.72222	0.01024	0.01692	0.00701	0.00348	0.00570
13	0.00930	0.00663	0.00892	0.00892	0.00957	0.00728	0.00625	0.01060	0.00995	0.01392	0.01864	0.03279	0.01937	0.36584	0.43434	0.00858	0.01247	0.00801	0.00366	0.00496
14	0.01296	0.03342	0.73944	0.01842	0.02797	0.01501	0.02387	0.02046	0.01364	0.02046	0.01160	0.01364	0.00818	0.00614	0.00614	0.00205	0.00955	0.00477	0.00273	0.00955
15	0.05312	0.68531	0.06165	0.01145	0.01700	0.05014	0.01146	0.01961	0.01324	0.01606	0.00913	0.01055	0.00823	0.00561	0.00428	0.00145	0.00710	0.00354	0.00284	0.00826
16	0.81856	0.01250	0.00950	0.00850	0.01250	0.01449	0.00700	0.01899	0.01100	0.02899	0.00900	0.01050	0.00700	0.00600	0.00400	0.00200	0.00500	0.00350	0.00400	0.00700
17	0.02414	0.03079	0.01831	0.01665	0.01998	0.74698	0.01248	0.02580	0.01831	0.01581	0.00999	0.01165	0.00832	0.00666	0.00583	0.00166	0.01165	0.00416	0.00333	0.00749
18	0.00914	0.00660	0.00864	0.00813	0.00965	0.00610	0.00610	0.01219	0.01829	0.02591	0.72921	0.04827	0.06097	0.01321	0.00762	0.00203	0.00305	0.01169	0.00711	0.00610
19	0.02002	0.01782	0.02089	0.16699	0.12604	0.11235	0.04735	0.32322	0.05324	0.02833	0.01388	0.01589	0.01040	0.00701	0.00643	0.00197	0.00817	0.00573	0.00473	0.00953
20	0.00940	0.00626	0.00705	0.00705	0.00705	0.00626	0.00392	0.00940	0.00940	0.01253	0.02036	0.04228	0.02349	0.77292	0.03289	0.00626	0.00626	0.00940	0.00392	0.00392
21	0.01680	0.01744	0.04831	0.04951	0.32184	0.08292	0.17160	0.08656	0.03881	0.02253	0.04885	0.01766	0.01272	0.00662	0.00710	0.00201	0.02927	0.00635	0.00381	0.00931
22	0.02185	0.01582	0.01647	0.01317	0.01745	0.04704	0.01063	0.45903	0.09616	0.07880	0.01787	0.01865	0.01322	0.03485	0.00714	0.00206	0.00645	0.00609	0.10736	0.00989
23	0.12754	0.04948	0.07403	0.03350	0.07181	0.09169	0.08267	0.18014	0.08039	0.05706	0.01451	0.01592	0.01092	0.00694	0.00624	0.00195	0.02311	0.00550	0.05759	0.00902
24	0.01676	0.01878	0.17889	0.03200	0.50240	0.01464	0.01957	0.02124	0.01489	0.09913	0.01349	0.01614	0.01042	0.00608	0.00635	0.00196	0.00784	0.00563	0.00362	0.01017
25	0.03523	0.19381	0.21719	0.01685	0.11421	0.01650	0.01480	0.10116	0.03227	0.04650	0.04735	0.03789	0.01365	0.04829	0.00725	0.00207	0.00723	0.00573	0.00394	0.03807
26	0.00865	0.00645	0.00783	0.00777	0.00911	0.00595	0.00557	0.01067	0.01511	0.02031	0.34886	0.12861	0.22514	0.12258	0.04601	0.00312	0.00430	0.01238	0.00608	0.00552
27	0.03675	0.14486	0.22818	0.03774	0.16238	0.11904	0.04520	0.07614	0.01556	0.02049	0.01178	0.01496	0.00962	0.04220	0.00712	0.00206	0.00862	0.00508	0.00333	0.00889
28	0.01468	0.06459	0.21788	0.01647	0.05872	0.08926	0.08785	0.04492	0.01523	0.04989	0.06340	0.12953	0.05482	0.00933	0.00700	0.00204	0.02639	0.00797	0.00420	0.03583
29	0.04530	0.12432	0.21586	0.01504	0.02096	0.07185	0.06278	0.14986	0.06130	0.06778	0.03792	0.01781	0.03296	0.02333	0.00661	0.00199	0.00775	0.00571	0.00440	0.02645

[dist]
# distance from previous block
# <min> <max>
1	6

[block]
# block no. 8 follows, 34 sequences, length 62
# corresponding to MSA columns:
# 238-299
name=unknown_I
#
# <colnr> <probs for GDERKNQSTAVLIFYWHMCP>
#	G	D	E	R	K	N	Q	S	T	A	V	L	I	F	Y	W	H	M	C	P
0	0.06949	0.17667	0.05358	0.03868	0.08608	0.16785	0.01264	0.12840	0.09466	0.02277	0.03290	0.01510	0.01160	0.00692	0.00609	0.00180	0.02932	0.00504	0.00415	0.03626
1	0.01820	0.50916	0.09150	0.01255	0.01814	0.04753	0.01230	0.14493	0.03399	0.02088	0.03046	0.01300	0.01049	0.00631	0.00495	0.00159	0.00719	0.00434	0.00366	0.00885
2	0.01200	0.00811	0.01012	0.00872	0.01155	0.00691	0.00669	0.01470	0.01650	0.09970	0.38455	0.08411	0.10816	0.01150	0.00690	0.00184	0.00377	0.00997	0.00629	0.18791
3	0.00986	0.02769	0.00907	0.00807	0.00993	0.00658	0.00612	0.01240	0.01693	0.05621	0.47702	0.10190	0.20623	0.01398	0.00752	0.00209	0.00337	0.01215	0.00670	0.00618
4	0.01713	0.08710	0.03785	0.01838	0.17984	0.03077	0.02916	0.16018	0.05104	0.08119	0.13835	0.06925	0.02194	0.00873	0.00647	0.00194	0.00619	0.00748	0.03806	0.00895
5	0.02184	0.04064	0.01650	0.01337	0.03744	0.01473	0.01051	0.22469	0.21183	0.23933	0.04115	0.03917	0.01703	0.00841	0.00643	0.00201	0.00578	0.00681	0.03208	0.01024
6	0.00766	0.00647	0.00662	0.00674	0.00878	0.00544	0.00500	0.00925	0.01454	0.01738	0.06307	0.11862	0.67510	0.01667	0.00769	0.00222	0.00331	0.01401	0.00600	0.00544
7	0.01658	0.01515	0.02515	0.12897	0.46106	0.01579	0.07990	0.09005	0.01604	0.04162	0.01271	0.01633	0.01015	0.00629	0.00707	0.00201	0.03590	0.00594	0.00361	0.00968
8	0.03602	0.12141	0.16239	0.07315	0.09423	0.03857	0.12690	0.08478	0.05243	0.10583	0.03356	0.01679	0.01186	0.00663	0.00623	0.00195	0.00802	0.00579	0.00420	0.00926
9	0.00979	0.00720	0.02519	0.00930	0.02928	0.00628	0.00647	0.01125	0.01346	0.05484	0.13286	0.32966	0.16454	0.12314	0.01201	0.03554	0.00432	0.01352	0.00568	0.00565
10	0.01318	0.07074	0.70403	0.01805	0.02739	0.01554	0.02323	0.02041	0.01362	0.02020	0.01146	0.01348	0.00819	0.00611	0.00604	0.00201	0.00942	0.00471	0.00273	0.00949
11	0.04216	0.05271	0.05066	0.01820	0.13813	0.08158	0.01303	0.18573	0.22598	0.06277	0.03363	0.01835	0.01416	0.00762	0.00663	0.00199	0.02555	0.00604	0.00526	0.00982
12	0.05610	0.14058	0.17867	0.01914	0.11427	0.12390	0.08488	0.08493	0.04882	0.07033	0.01303	0.01459	0.00991	0.00639	0.00594	0.00187	0.00842	0.00516	0.00387	0.00920
13	0.00919	0.00620	0.00739	0.00759	0.00782	0.00615	0.00462	0.00949	0.01028	0.01375	0.04618	0.14546	0.04882	0.54289	0.06545	0.04328	0.00626	0.01058	0.00431	0.00427
14	0.01328	0.06685	0.67775	0.01787	0.02699	0.01553	0.02273	0.02097	0.04213	0.02049	0.01207	0.01391	0.00866	0.00622	0.00606	0.00202	0.00925	0.00482	0.00289	0.00952
15	0.01888	0.05649	0.12011	0.07509	0.16842	0.19253	0.06521	0.07910	0.07163	0.07072	0.01372	0.01556	0.01045	0.00660	0.00624	0.00191	0.00876	0.00544	0.00399	0.00917
16	0.06811	0.16061	0.25217	0.04479	0.05600	0.16886	0.07115	0.05186	0.01522	0.01982	0.01150	0.03066	0.00933	0.00647	0.00579	0.00186	0.00896	0.00500	0.00325	0.00858
17	0.00836	0.00608	0.00796	0.00932	0.00997	0.00580	0.00652	0.01020	0.03431	0.01712	0.03621	0.65446	0.06498	0.01953	0.00824	0.00263	0.00399	0.08283	0.00601	0.00548
18	0.05653	0.46047	0.05961	0.03320	0.01753	0.05386	0.02839	0.06300	0.01452	0.01829	0.01578	0.01808	0.07435	0.00881	0.03500	0.00201	0.00738	0.02170	0.00350	0.00799
19	0.04104	0.04541	0.10148	0.03220	0.09947	0.05298	0.01180	0.06975	0.06783	0.12565	0.17201	0.07646	0.02501	0.04114	0.00770	0.00219	0.00616	0.00791	0.00539	0.00841
20	0.05911	0.05257	0.02061	0.01694	0.08382	0.01901	0.04056	0.53526	0.02611	0.03567	0.01513	0.03845	0.01154	0.00768	0.00634	0.00194	0.00710	0.00606	0.00574	0.01034
21	0.00940	0.00626	0.00705	0.00705	0.00705	0.00626	0.00392	0.00940	0.00940	0.01253	0.02036	0.04228	0.02349	0.77292	0.03289	0.00626	0.00626	0.00940	0.00392	0.00392
22	0.01833	0.04021	0.04762	0.07643	0.02107	0.09606	0.07427	0.18135	0.19941	0.06089	0.01780	0.02066	0.01407	0.09198	0.00936	0.00248	0.00748	0.00649	0.00509	0.00896
23	0.01673	0.24779	0.18243	0.01816	0.09926	0.16961	0.06877	0.02039	0.01441	0.01753	0.01118	0.01386	0.00931	0.00977	0.07226	0.00252	0.00980	0.00478	0.00302	0.00842
24	0.00823	0.00588	0.00791	0.00940	0.00993	0.00555	0.00662	0.00961	0.01272	0.01689	0.03542	0.67122	0.04196	0.01991	0.00834	0.00267	0.00406	0.11234	0.00599	0.00535
25	0.02414	0.03079	0.01831	0.01665	0.01998	0.74698	0.01248	0.02580	0.01831	0.01581	0.00999	0.01165	0.00832	0.00666	0.00583	0.00166	0.01165	0.00416	0.00333	0.00749
26	0.01389	0.06892	0.63367	0.01836	0.02736	0.01543	0.06641	0.02081	0.01389	0.04558	0.01205	0.01401	0.00857	0.00613	0.00615	0.00202	0.00936	0.00495	0.00295	0.00948
27	0.04526	0.01458	0.02161	0.13708	0.42218	0.03599	0.01670	0.02210	0.15184	0.02167	0.01534	0.01925	0.01254	0.00687	0.00642	0.00204	0.00727	0.02790	0.00393	0.00945
28	0.01508	0.05768	0.13728	0.02608	0.08381	0.01654	0.52512	0.02053	0.01487	0.02042	0.01259	0.01643	0.00953	0.00557	0.00715	0.00210	0.01026	0.00687	0.00316	0.00893
29	0.00940	0.00626	0.00705	0.00705	0.00705	0.00626	0.00392	0.00940	0.00940	0.01253	0.02036	0.04228	0.02349	0.77292	0.03289	0.00626	0.00626	0.00940	0.00392	0.00392
30	0.01770	0.01504	0.02478	0.03568	0.62761	0.01498	0.01844	0.05282	0.01581	0.09420	0.01365	0.01657	0.01085	0.00607	0.00641	0.00193	0.00743	0.00583	0.00383	0.01035
31	0.12200	0.01311	0.01679	0.01671	0.12158	0.03108	0.06311	0.12834	0.10030	0.12062	0.03888	0.16100	0.01925	0.00970	0.00659	0.00213	0.00612	0.00841	0.00549	0.00879
32	0.00787	0.00562	0.00750	0.00900	0.00937	0.00525	0.00600	0.00900	0.01237	0.01649	0.03561	0.76871	0.04274	0.02024	0.00825	0.00262	0.00375	0.01837	0.00600	0.00525
33	0.01220	0.01148	0.01938	0.75739	0.04450	0.01436	0.01794	0.01651	0.01292	0.01651	0.01148	0.01723	0.00861	0.00646	0.00646	0.00215	0.00861	0.00574	0.00287	0.00718
34	0.01220	0.01148	0.01938	0.75739	0.04450	0.01436	0.01794	0.01651	0.01292	0.01651	0.01148	0.01723	0.00861	0.00646	0.00646	0.00215	0.00861	0.00574	0.00287	0.00718
35	0.01304	0.01234	0.02090	0.59835	0.19698	0.01458	0.01836	0.01724	0.01332	0.01753	0.01163	0.01695	0.00897	0.00630	0.00645	0.00210	0.00841	0.00575	0.00294	0.00786
36	0.00787	0.00562	0.00750	0.00900	0.00937	0.00525	0.00600	0.00900	0.01237	0.01649	0.03561	0.76871	0.04274	0.02024	0.00825	0.00262	0.00375	0.01837	0.00600	0.00525
37	0.01340	0.01148	0.01340	0.00957	0.01531	0.00861	0.00766	0.01627	0.01340	0.02105	0.01148	0.01340	0.00957	0.00479	0.00479	0.00096	0.00479	0.00383	0.00383	0.81242
38	0.00867	0.00659	0.00797	0.00763	0.00936	0.00589	0.00572	0.01127	0.01716	0.02323	0.51841	0.05269	0.27344	0.01421	0.00763	0.00208	0.00312	0.01230	0.00676	0.00589
39	0.01650	0.01409	0.01485	0.01324	0.01697	0.01627	0.01033	0.06866	0.68592	0.02772	0.02575	0.02367	0.01928	0.00871	0.00657	0.00218	0.00521	0.00723	0.00657	0.01027
40	0.01220	0.01148	0.01938	0.75739	0.04450	0.01436	0.01794	0.01651	0.01292	0.01651	0.01148	0.01723	0.00861	0.00646	0.00646	0.00215	0.00861	0.00574	0.00287	0.00718
41	0.02529	0.01692	0.01866	0.01431	0.01945	0.01829	0.01182	0.59868	0.02841	0.15589	0.01716	0.01658	0.01182	0.00780	0.00647	0.00195	0.00684	0.00593	0.00672	0.01099
42	0.01530	0.01464	0.02497	0.17155	0.60617	0.01517	0.01948	0.01922	0.01438	0.02026	0.01203	0.01622	0.00994	0.00589	0.00641	0.00196	0.00785	0.00575	0.00314	0.00967
43	0.00845	0.00658	0.00768	0.00740	0.00923	0.00580	0.00555	0.01085	0.01665	0.02202	0.42393	0.05467	0.36867	0.01466	0.00763	0.00210	0.00315	0.01258	0.00660	0.00580
