[name]
unknown

[dist]
# distance from previous block
# <min> <max>
10	12

[block]
# block no. 0 follows, 34 sequences, length 72
# corresponding to MSA columns:
# 14-85
name=unknown_A
#
# <colnr> <probs for GDERKNQSTAVLIFYWHMCP>
#	G	D	E	R	K	N	Q	S	T	A	V	L	I	F	Y	W	H	M	C	P
0	0.04974	0.02150	0.22597	0.02254	0.02911	0.03956	0.40312	0.02017	0.01438	0.02047	0.01277	0.01745	0.00998	0.00646	0.00789	0.00218	0.05686	0.02800	0.00321	0.00864
1	0.01452	0.02250	0.26047	0.02444	0.03193	0.01592	0.49189	0.02062	0.01474	0.02062	0.01260	0.01623	0.00929	0.00567	0.00715	0.00214	0.01047	0.00672	0.00310	0.00898
2	0.01495	0.01163	0.01433	0.01031	0.01601	0.00894	0.03004	0.01787	0.01395	0.08970	0.01288	0.01435	0.01019	0.00511	0.00504	0.00110	0.00505	0.00420	0.00421	0.71014
3	0.02456	0.01810	0.01939	0.01487	0.02004	0.02004	0.01228	0.71107	0.03038	0.04072	0.01551	0.01551	0.01099	0.00776	0.00646	0.00194	0.00711	0.00582	0.00646	0.01099
4	0.02414	0.03079	0.01831	0.01665	0.01998	0.74698	0.01248	0.02580	0.01831	0.01581	0.00999	0.01165	0.00832	0.00666	0.00583	0.00166	0.01165	0.00416	0.00333	0.00749
5	0.01116	0.00563	0.00837	0.00837	0.00837	0.00563	0.00556	0.00845	0.00845	0.01127	0.01152	0.02038	0.01162	0.04682	0.02550	0.78584	0.00563	0.00573	0.00284	0.00284
6	0.01865	0.43064	0.17270	0.01346	0.01974	0.01998	0.04387	0.04634	0.01489	0.14557	0.01285	0.01358	0.00980	0.00617	0.00520	0.00168	0.00737	0.00453	0.00384	0.00914
7	0.01599	0.01535	0.02623	0.03966	0.73262	0.01535	0.01983	0.01983	0.01471	0.02111	0.01215	0.01599	0.01023	0.00576	0.00640	0.00192	0.00768	0.00576	0.00320	0.01023
8	0.00940	0.00626	0.00705	0.00705	0.00705	0.00626	0.00392	0.00940	0.00940	0.01253	0.02036	0.04228	0.02349	0.77292	0.03289	0.00626	0.00626	0.00940	0.00392	0.00392
9	0.01583	0.01518	0.02593	0.07097	0.70260	0.01531	0.01975	0.01968	0.01463	0.02091	0.01212	0.01605	0.01016	0.00579	0.00640	0.00193	0.00772	0.00576	0.00318	0.01010
10	0.01041	0.00744	0.01041	0.01190	0.01339	0.00744	0.01041	0.01339	0.01487	0.01934	0.03421	0.07288	0.03719	0.01785	0.00892	0.00297	0.00595	0.68913	0.00595	0.00595
11	0.81856	0.01250	0.00950	0.00850	0.01250	0.01449	0.00700	0.01899	0.01100	0.02899	0.00900	0.01050	0.00700	0.00600	0.00400	0.00200	0.00500	0.00350	0.00400	0.00700
12	0.00792	0.00564	0.00748	0.00893	0.00929	0.00528	0.00593	0.00901	0.01227	0.01636	0.03510	0.74429	0.04209	0.04555	0.00908	0.00275	0.00383	0.01807	0.00593	0.00520
13	0.01019	0.00728	0.01016	0.01165	0.01304	0.00725	0.01003	0.01301	0.01466	0.01909	0.03433	0.13291	0.03766	0.01806	0.00887	0.00294	0.00576	0.63126	0.00595	0.00589
14	0.01041	0.00744	0.01041	0.01190	0.01339	0.00744	0.01041	0.01339	0.01487	0.01934	0.03421	0.07288	0.03719	0.01785	0.00892	0.00297	0.00595	0.68913	0.00595	0.00595
15	0.81856	0.01250	0.00950	0.00850	0.01250	0.01449	0.00700	0.01899	0.01100	0.02899	0.00900	0.01050	0.00700	0.00600	0.00400	0.00200	0.00500	0.00350	0.00400	0.00700
16	0.01736	0.01452	0.01533	0.01341	0.01729	0.01667	0.01054	0.13691	0.61627	0.02910	0.02466	0.02280	0.01840	0.00861	0.00656	0.00215	0.00542	0.00708	0.00656	0.01034
17	0.02190	0.01375	0.01565	0.01294	0.01732	0.01469	0.01038	0.16249	0.36048	0.26087	0.02398	0.02178	0.01684	0.00832	0.00653	0.00208	0.00562	0.00676	0.00702	0.01062
18	0.00914	0.00660	0.00864	0.00813	0.00965	0.00610	0.00610	0.01219	0.01829	0.02591	0.72921	0.04827	0.06097	0.01321	0.00762	0.00203	0.00305	0.01169	0.00711	0.00610
19	0.81856	0.01250	0.00950	0.00850	0.01250	0.01449	0.00700	0.01899	0.01100	0.02899	0.00900	0.01050	0.00700	0.00600	0.00400	0.00200	0.00500	0.00350	0.00400	0.00700
20	0.00890	0.00660	0.00830	0.00787	0.00950	0.00599	0.00591	0.01172	0.01772	0.02455	0.62265	0.05050	0.16838	0.01372	0.00762	0.00206	0.00308	0.01200	0.00693	0.00599
21	0.01204	0.00602	0.00602	0.00602	0.00753	0.00602	0.00452	0.01506	0.01355	0.02409	0.02108	0.02409	0.01656	0.00753	0.00452	0.00151	0.00301	0.00602	0.80879	0.00602
22	0.01607	0.01388	0.01461	0.01315	0.01680	0.01607	0.01023	0.03433	0.72094	0.02703	0.02630	0.02411	0.01972	0.00877	0.00657	0.00219	0.00511	0.00731	0.00657	0.01023
23	0.81856	0.01250	0.00950	0.00850	0.01250	0.01449	0.00700	0.01899	0.01100	0.02899	0.00900	0.01050	0.00700	0.00600	0.00400	0.00200	0.00500	0.00350	0.00400	0.00700
24	0.00808	0.00644	0.00725	0.00730	0.00907	0.00561	0.00538	0.01004	0.01541	0.01967	0.24503	0.14936	0.45657	0.01599	0.00771	0.00220	0.00327	0.01371	0.00631	0.00561
25	0.00821	0.00586	0.00788	0.00938	0.00990	0.00554	0.00658	0.00957	0.01270	0.01687	0.03543	0.67712	0.04200	0.01993	0.00834	0.00267	0.00404	0.10666	0.00599	0.00534
26	0.00940	0.00626	0.00705	0.00705	0.00705	0.00626	0.00392	0.00940	0.00940	0.01253	0.02036	0.04228	0.02349	0.77292	0.03289	0.00626	0.00626	0.00940	0.00392	0.00392
27	0.81856	0.01250	0.00950	0.00850	0.01250	0.01449	0.00700	0.01899	0.01100	0.02899	0.00900	0.01050	0.00700	0.00600	0.00400	0.00200	0.00500	0.00350	0.00400	0.00700
28	0.81856	0.01250	0.00950	0.00850	0.01250	0.01449	0.00700	0.01899	0.01100	0.02899	0.00900	0.01050	0.00700	0.00600	0.00400	0.00200	0.00500	0.00350	0.00400	0.00700
29	0.00938	0.00629	0.00717	0.00713	0.00725	0.00625	0.00408	0.00961	0.01008	0.01356	0.07505	0.04274	0.02638	0.71430	0.03094	0.00594	0.00602	0.00957	0.00416	0.00408
30	0.02512	0.01246	0.01532	0.01227	0.01692	0.01228	0.00996	0.09857	0.20685	0.47991	0.02473	0.02192	0.01650	0.00818	0.00651	0.00204	0.00555	0.00665	0.00747	0.01079
31	0.00783	0.00655	0.00681	0.00675	0.00885	0.00554	0.00506	0.00965	0.01518	0.01854	0.15028	0.06040	0.64450	0.01596	0.00763	0.00216	0.00324	0.01339	0.00614	0.00554
32	0.01229	0.00717	0.00895	0.00885	0.01087	0.00635	0.00663	0.01407	0.01482	0.16340	0.07901	0.31208	0.25777	0.01601	0.00771	0.00235	0.00405	0.05461	0.00646	0.00656
33	0.01607	0.01388	0.01461	0.01315	0.01680	0.01607	0.01023	0.03433	0.72094	0.02703	0.02630	0.02411	0.01972	0.00877	0.00657	0.00219	0.00511	0.00731	0.00657	0.01023
34	0.01540	0.01702	0.03512	0.02549	0.03113	0.01691	0.59574	0.04174	0.01502	0.02065	0.01254	0.01694	0.00967	0.00629	0.00938	0.00226	0.10952	0.00731	0.00331	0.00857
35	0.81856	0.01250	0.00950	0.00850	0.01250	0.01449	0.00700	0.01899	0.01100	0.02899	0.00900	0.01050	0.00700	0.00600	0.00400	0.00200	0.00500	0.00350	0.00400	0.00700
36	0.01868	0.01132	0.01394	0.01022	0.01571	0.00891	0.00828	0.02142	0.01512	0.26351	0.01623	0.01631	0.01175	0.00587	0.00537	0.00131	0.00503	0.00473	0.00524	0.54105
37	0.81856	0.01250	0.00950	0.00850	0.01250	0.01449	0.00700	0.01899	0.01100	0.02899	0.00900	0.01050	0.00700	0.00600	0.00400	0.00200	0.00500	0.00350	0.00400	0.00700
38	0.01340	0.01148	0.01340	0.00957	0.01531	0.00861	0.00766	0.01627	0.01340	0.02105	0.01148	0.01340	0.00957	0.00479	0.00479	0.00096	0.00479	0.00383	0.00383	0.81242
39	0.01958	0.52725	0.02870	0.01287	0.01772	0.24411	0.01153	0.04262	0.01523	0.01617	0.00949	0.01091	0.00838	0.00594	0.00473	0.00148	0.00835	0.00374	0.00305	0.00813
40	0.81856	0.01250	0.00950	0.00850	0.01250	0.01449	0.00700	0.01899	0.01100	0.02899	0.00900	0.01050	0.00700	0.00600	0.00400	0.00200	0.00500	0.00350	0.00400	0.00700
41	0.00966	0.00696	0.00887	0.00840	0.00975	0.00682	0.00613	0.03437	0.01596	0.02233	0.46621	0.04357	0.06744	0.15319	0.10850	0.00388	0.00562	0.01052	0.00601	0.00581
42	0.00884	0.00662	0.00821	0.00788	0.00956	0.00599	0.00596	0.01156	0.01737	0.02377	0.55566	0.05221	0.21355	0.01408	0.00766	0.00210	0.00319	0.03303	0.00682	0.00594
43	0.01220	0.01148	0.01938	0.75739	0.04450	0.01436	0.01794	0.01651	0.01292	0.01651	0.01148	0.01723	0.00861	0.00646	0.00646	0.00215	0.00861	0.00574	0.00287	0.00718
44	0.01663	0.01416	0.01493	0.01326	0.01702	0.01633	0.01036	0.07908	0.67528	0.02793	0.02559	0.02354	0.01915	0.00870	0.00657	0.00217	0.00525	0.00721	0.00657	0.01028
45	0.00787	0.00562	0.00750	0.00900	0.00937	0.00525	0.00600	0.00900	0.01237	0.01649	0.03561	0.76871	0.04274	0.02024	0.00825	0.00262	0.00375	0.01837	0.00600	0.00525
46	0.76591	0.01287	0.01015	0.00892	0.01300	0.01486	0.00735	0.06489	0.01228	0.02977	0.00943	0.01083	0.00726	0.00611	0.00416	0.00200	0.00514	0.00365	0.00416	0.00726
47	0.01659	0.01625	0.02918	0.03351	0.45224	0.01610	0.22809	0.08655	0.01638	0.02287	0.01276	0.01638	0.01018	0.00586	0.00678	0.00200	0.00860	0.00633	0.00353	0.00985
48	0.00989	0.00759	0.01079	0.01065	0.01204	0.00885	0.00828	0.01373	0.07869	0.01616	0.01817	0.02526	0.01650	0.04464	0.67611	0.00960	0.01613	0.00696	0.00376	0.00620
49	0.00766	0.00646	0.00664	0.00678	0.00879	0.00543	0.00501	0.00925	0.01450	0.01736	0.06259	0.13010	0.66393	0.01674	0.00770	0.00222	0.00332	0.01409	0.00600	0.00543
50	0.02749	0.01104	0.01484	0.01131	0.01638	0.00941	0.00932	0.03003	0.01800	0.66826	0.02414	0.02117	0.01538	0.00769	0.00633	0.00190	0.00543	0.00624	0.00760	0.08804
51	0.76504	0.01211	0.00944	0.00847	0.01231	0.01394	0.00694	0.01854	0.01148	0.02879	0.05662	0.01299	0.01057	0.00647	0.00424	0.00200	0.00487	0.00404	0.00420	0.00694
52	0.02296	0.01690	0.01825	0.01430	0.01901	0.01862	0.01168	0.64358	0.02865	0.03839	0.01745	0.08792	0.01404	0.00896	0.00664	0.00200	0.00679	0.00702	0.00642	0.01044
53	0.02718	0.01239	0.01770	0.01338	0.01854	0.01131	0.07706	0.10504	0.01949	0.59179	0.02320	0.02084	0.01485	0.00773	0.00660	0.00201	0.00619	0.00653	0.00737	0.01078
54	0.27428	0.01151	0.01370	0.08226	0.01794	0.01153	0.00953	0.02614	0.01561	0.44639	0.01899	0.01794	0.01247	0.00722	0.00571	0.00201	0.00564	0.00549	0.00625	0.00938
55	0.01570	0.01365	0.01507	0.08470	0.01946	0.01591	0.01097	0.03262	0.65288	0.02602	0.02487	0.02345	0.01866	0.00854	0.00656	0.00219	0.00545	0.00715	0.00622	0.00993
56	0.00925	0.00620	0.00709	0.00723	0.00727	0.00617	0.00412	0.00936	0.00968	0.01291	0.02183	0.11212	0.02534	0.70056	0.03052	0.00591	0.00602	0.01026	0.00412	0.00404
57	0.81856	0.01250	0.00950	0.00850	0.01250	0.01449	0.00700	0.01899	0.01100	0.02899	0.00900	0.01050	0.00700	0.00600	0.00400	0.00200	0.00500	0.00350	0.00400	0.00700
58	0.00823	0.00589	0.00788	0.00918	0.00977	0.00553	0.00642	0.00971	0.01317	0.01766	0.10216	0.63489	0.04397	0.01934	0.00825	0.00260	0.00389	0.07996	0.00610	0.00539
59	0.00940	0.00626	0.00705	0.00705	0.00705	0.00626	0.00392	0.00940	0.00940	0.01253	0.02036	0.04228	0.02349	0.77292	0.03289	0.00626	0.00626	0.00940	0.00392	0.00392
60	0.01041	0.00744	0.01041	0.01190	0.01339	0.00744	0.01041	0.01339	0.01487	0.01934	0.03421	0.07288	0.03719	0.01785	0.00892	0.00297	0.00595	0.68913	0.00595	0.00595
61	0.02456	0.01810	0.01939	0.01487	0.02004	0.02004	0.01228	0.71107	0.03038	0.04072	0.01551	0.01551	0.01099	0.00776	0.00646	0.00194	0.00711	0.00582	0.00646	0.01099
62	0.00770	0.00655	0.00664	0.00661	0.00877	0.00548	0.00496	0.00940	0.01488	0.01782	0.09441	0.06158	0.70081	0.01623	0.00764	0.00218	0.00326	0.01355	0.00605	0.00548
63	0.81856	0.01250	0.00950	0.00850	0.01250	0.01449	0.00700	0.01899	0.01100	0.02899	0.00900	0.01050	0.00700	0.00600	0.00400	0.00200	0.00500	0.00350	0.00400	0.00700
64	0.02456	0.01810	0.01939	0.01487	0.02004	0.02004	0.01228	0.71107	0.03038	0.04072	0.01551	0.01551	0.01099	0.00776	0.00646	0.00194	0.00711	0.00582	0.00646	0.01099
65	0.00853	0.00658	0.00778	0.00748	0.00927	0.00583	0.00561	0.01099	0.01683	0.02244	0.45648	0.05398	0.33586	0.01451	0.00763	0.00209	0.00314	0.01249	0.00666	0.00583
66	0.00764	0.00655	0.00655	0.00655	0.00873	0.00545	0.00491	0.00927	0.01473	0.01745	0.06546	0.06218	0.73000	0.01636	0.00764	0.00218	0.00327	0.01364	0.00600	0.00545
67	0.01220	0.01148	0.01938	0.75739	0.04450	0.01436	0.01794	0.01651	0.01292	0.01651	0.01148	0.01723	0.00861	0.00646	0.00646	0.00215	0.00861	0.00574	0.00287	0.00718
68	0.02456	0.01810	0.01939	0.01487	0.02004	0.02004	0.01228	0.71107	0.03038	0.04072	0.01551	0.01551	0.01099	0.00776	0.00646	0.00194	0.00711	0.00582	0.00646	0.01099
69	0.01591	0.54227	0.25647	0.01338	0.02017	0.02223	0.01510	0.01970	0.01329	0.01686	0.00981	0.01140	0.00826	0.00572	0.00477	0.00159	0.00774	0.00387	0.00275	0.00869
70	0.14358	0.17084	0.05662	0.01278	0.01771	0.04030	0.04449	0.19318	0.07841	0.04263	0.01371	0.01569	0.01094	0.04773	0.00690	0.00200	0.00671	0.00510	0.00454	0.08612
71	0.16603	0.05988	0.19827	0.01515	0.02065	0.06085	0.11308	0.05419	0.06697	0.06241	0.01393	0.01564	0.01044	0.00669	0.00624	0.00197	0.03242	0.00532	0.08133	0.00853

[dist]
# distance from previous block
# <min> <max>
4	16

[block]
# block no. 1 follows, 34 sequences, length 23
# corresponding to MSA columns:
# 102-124
name=unknown_B
#
# <colnr> <probs for GDERKNQSTAVLIFYWHMCP>
#	G	D	E	R	K	N	Q	S	T	A	V	L	I	F	Y	W	H	M	C	P
0	0.01722	0.01369	0.01589	0.01338	0.01685	0.08877	0.07259	0.13945	0.09029	0.10851	0.07720	0.06658	0.07301	0.01218	0.04506	0.00253	0.02520	0.06570	0.02536	0.03056
1	0.01304	0.00981	0.01381	0.17261	0.02028	0.01065	0.03462	0.08541	0.05621	0.05893	0.02439	0.13564	0.06660	0.05358	0.09862	0.03346	0.00763	0.09287	0.00489	0.00698
2	0.01937	0.16052	0.15614	0.04680	0.06634	0.21314	0.07002	0.13442	0.01782	0.04002	0.01184	0.01362	0.00917	0.00641	0.00590	0.00181	0.00909	0.00491	0.00372	0.00893
3	0.00934	0.00699	0.00886	0.00989	0.01088	0.00700	0.00713	0.01305	0.10770	0.01859	0.05815	0.55600	0.03958	0.01816	0.00809	0.00259	0.00419	0.10167	0.00611	0.00603
4	0.01431	0.01562	0.03215	0.02354	0.02868	0.01535	0.53819	0.01899	0.01506	0.02083	0.10838	0.02119	0.01650	0.00713	0.00913	0.00223	0.09284	0.00795	0.00373	0.00818
5	0.01627	0.01786	0.06200	0.05027	0.03166	0.01680	0.54807	0.11279	0.01700	0.02310	0.01317	0.01694	0.00983	0.00596	0.00770	0.00216	0.02866	0.00716	0.00365	0.00896
6	0.01538	0.04073	0.08241	0.42017	0.10005	0.01447	0.09690	0.01973	0.01417	0.11411	0.01353	0.01724	0.00984	0.00643	0.00649	0.00208	0.00839	0.00590	0.00362	0.00838
7	0.02689	0.01198	0.01532	0.01200	0.01684	0.01127	0.00983	0.08955	0.11349	0.58298	0.02475	0.02173	0.01607	0.00808	0.00651	0.00202	0.00558	0.00655	0.00768	0.01089
8	0.12146	0.01271	0.01939	0.48034	0.17240	0.01486	0.01656	0.05273	0.01390	0.02030	0.01149	0.01600	0.00883	0.00633	0.00612	0.00208	0.00787	0.00545	0.00327	0.00794
9	0.00944	0.00644	0.00778	0.00821	0.00892	0.00620	0.00556	0.01040	0.01170	0.03371	0.03157	0.21196	0.12365	0.37175	0.03884	0.00449	0.00552	0.09395	0.00500	0.00490
10	0.01476	0.03042	0.53242	0.01910	0.02705	0.11331	0.09855	0.02098	0.01428	0.01965	0.01141	0.01382	0.00840	0.00636	0.00694	0.00204	0.04350	0.00505	0.00287	0.00907
11	0.01821	0.00947	0.01198	0.01049	0.01382	0.00888	0.00850	0.02274	0.10656	0.31860	0.14172	0.04014	0.13629	0.01167	0.00722	0.00220	0.00480	0.11114	0.00707	0.00853
12	0.01135	0.00640	0.00988	0.10863	0.01325	0.00678	0.00726	0.00950	0.00902	0.01193	0.01126	0.01932	0.01087	0.02031	0.02274	0.70365	0.00601	0.00563	0.00281	0.00339
13	0.01449	0.01352	0.02274	0.17925	0.49899	0.01409	0.01819	0.01830	0.01438	0.01995	0.01497	0.02385	0.01352	0.00752	0.00675	0.00211	0.00763	0.09719	0.00350	0.00905
14	0.01270	0.00713	0.00935	0.00906	0.01091	0.00642	0.00668	0.01474	0.01565	0.17171	0.24513	0.33444	0.10017	0.01521	0.00764	0.00228	0.00387	0.01345	0.00676	0.00674
15	0.01276	0.01205	0.02038	0.65263	0.14494	0.01450	0.01822	0.01699	0.01318	0.01718	0.01158	0.01705	0.00885	0.00636	0.00645	0.00212	0.00848	0.00574	0.00292	0.00762
16	0.02174	0.01899	0.17986	0.01640	0.05101	0.05565	0.07310	0.11098	0.08027	0.29718	0.01874	0.01829	0.01276	0.00723	0.00647	0.00201	0.00747	0.00603	0.00564	0.01018
17	0.08584	0.01724	0.02167	0.12221	0.16296	0.15250	0.12812	0.05694	0.07800	0.06341	0.01455	0.04223	0.01165	0.00699	0.00639	0.00201	0.00834	0.00619	0.00410	0.00869
18	0.00961	0.00744	0.01088	0.04605	0.01286	0.00874	0.00837	0.01165	0.01050	0.01495	0.01791	0.07143	0.01769	0.11621	0.54913	0.00863	0.06092	0.00774	0.00360	0.00570
19	0.63946	0.01457	0.04140	0.01129	0.05744	0.06764	0.00877	0.01941	0.01199	0.02696	0.00995	0.01170	0.00780	0.00611	0.00439	0.00195	0.00574	0.00386	0.04229	0.00729
20	0.00994	0.00831	0.00874	0.00895	0.01000	0.05202	0.00621	0.01166	0.04625	0.01608	0.03555	0.28816	0.20407	0.18445	0.01454	0.03320	0.03859	0.01276	0.00514	0.00537
21	0.04805	0.01025	0.01425	0.01282	0.01423	0.01244	0.03568	0.06652	0.01219	0.01803	0.01577	0.04195	0.01520	0.07444	0.34343	0.00629	0.20877	0.03940	0.00375	0.00655
22	0.01540	0.01567	0.02076	0.23202	0.28835	0.12970	0.02822	0.01865	0.01423	0.01814	0.01295	0.01967	0.01139	0.05370	0.00865	0.00227	0.03976	0.03618	0.00330	0.03098

[dist]
# distance from previous block
# <min> <max>
0	6

# created by:
# /home/berkeley/.conda/envs/busco_data_prod/bin/msa2prfl.pl pipeline/OGs_align_augustus/4893/15632.fs
