[name]
unknown

[dist]
# distance from previous block
# <min> <max>
0	9

[block]
# block no. 0 follows, 33 sequences, length 34
# corresponding to MSA columns:
# 9-42
name=unknown_A
#
# <colnr> <probs for GDERKNQSTAVLIFYWHMCP>
#	G	D	E	R	K	N	Q	S	T	A	V	L	I	F	Y	W	H	M	C	P
0	0.12829	0.07800	0.01898	0.01869	0.17080	0.11036	0.01256	0.11830	0.06464	0.09970	0.03916	0.02186	0.01506	0.00808	0.00622	0.00202	0.00711	0.06614	0.00494	0.00911
1	0.01804	0.07692	0.09457	0.04798	0.31726	0.06614	0.08746	0.14422	0.04134	0.02424	0.01311	0.01570	0.01031	0.00640	0.00643	0.00196	0.00839	0.00574	0.00390	0.00991
2	0.00943	0.00730	0.01020	0.03428	0.08389	0.00699	0.00777	0.01149	0.01458	0.01988	0.23064	0.38290	0.08434	0.05387	0.00919	0.00257	0.00427	0.01432	0.00594	0.00612
3	0.06449	0.08042	0.01971	0.01496	0.04113	0.07329	0.01194	0.41583	0.10101	0.08776	0.01637	0.01629	0.01190	0.00761	0.00622	0.00194	0.00713	0.00570	0.00593	0.01038
4	0.01090	0.00947	0.01332	0.01227	0.01399	0.05558	0.06717	0.01336	0.01146	0.01570	0.01695	0.02515	0.01578	0.07897	0.59795	0.00910	0.01615	0.00706	0.00352	0.00615
5	0.01750	0.27196	0.23045	0.01815	0.08899	0.05637	0.06159	0.12221	0.03529	0.02215	0.01199	0.01374	0.00942	0.00631	0.00575	0.00183	0.00837	0.00490	0.00357	0.00945
6	0.01624	0.11681	0.04780	0.11803	0.10950	0.01748	0.19451	0.08390	0.15818	0.02276	0.01549	0.01795	0.01200	0.00809	0.03065	0.00233	0.00850	0.00638	0.00416	0.00924
7	0.00901	0.00666	0.00841	0.00810	0.00968	0.00606	0.00603	0.01177	0.01771	0.02451	0.58280	0.09682	0.15924	0.01439	0.00781	0.00213	0.00319	0.01263	0.00701	0.00606
8	0.01641	0.12052	0.26854	0.01733	0.04576	0.01706	0.09584	0.17295	0.05467	0.02479	0.01737	0.05631	0.04779	0.00786	0.00646	0.00203	0.00806	0.00660	0.00426	0.00941
9	0.01572	0.01515	0.07568	0.26041	0.23409	0.03261	0.03626	0.07737	0.01578	0.06687	0.01578	0.09584	0.01362	0.00802	0.00675	0.00213	0.00786	0.00721	0.00402	0.00883
10	0.00985	0.00628	0.00739	0.00739	0.00739	0.00628	0.00425	0.00943	0.00943	0.01257	0.01936	0.03966	0.02208	0.65803	0.03235	0.12534	0.00628	0.00900	0.00382	0.00382
11	0.01253	0.05240	0.14568	0.04654	0.03570	0.04887	0.01208	0.03423	0.03735	0.03972	0.04977	0.23577	0.08187	0.01346	0.00743	0.00237	0.00633	0.12550	0.00509	0.00730
12	0.02029	0.02774	0.14442	0.06431	0.11968	0.44019	0.01617	0.02347	0.01661	0.01770	0.01078	0.01328	0.00875	0.00677	0.00683	0.00188	0.04485	0.00474	0.00322	0.00834
13	0.07199	0.01079	0.01335	0.01044	0.01501	0.00950	0.00847	0.04563	0.01724	0.39210	0.08730	0.02335	0.03730	0.00802	0.00611	0.00179	0.00503	0.00650	0.05429	0.17579
14	0.01653	0.01613	0.04862	0.07080	0.48129	0.01610	0.04929	0.07792	0.06184	0.02302	0.01341	0.01669	0.01085	0.00651	0.00724	0.00202	0.04206	0.00597	0.00373	0.02998
15	0.00902	0.00714	0.00832	0.00814	0.01030	0.00625	0.00636	0.01139	0.01600	0.02081	0.25011	0.05767	0.38426	0.01521	0.00779	0.00222	0.00377	0.11196	0.00630	0.05697
16	0.01365	0.01170	0.01365	0.00975	0.01560	0.00878	0.00780	0.01658	0.01365	0.02145	0.01170	0.01365	0.00975	0.00488	0.00488	0.00098	0.00488	0.00390	0.00390	0.80888
17	0.05664	0.09168	0.10370	0.01903	0.05162	0.01587	0.25121	0.08447	0.05310	0.09381	0.01714	0.01908	0.04170	0.00879	0.04030	0.00242	0.00872	0.00658	0.00435	0.02978
18	0.01418	0.18020	0.56385	0.01768	0.02645	0.01749	0.05245	0.02063	0.01387	0.01979	0.01135	0.01341	0.00844	0.00610	0.00592	0.00196	0.00926	0.00473	0.00281	0.00944
19	0.00812	0.00653	0.00724	0.00739	0.00918	0.00565	0.00542	0.00999	0.01533	0.01932	0.19098	0.17395	0.48442	0.01668	0.00788	0.00227	0.00337	0.01428	0.00634	0.00565
20	0.01320	0.03405	0.73453	0.01876	0.02849	0.01529	0.02432	0.02085	0.01390	0.02085	0.01181	0.01390	0.00834	0.00625	0.00625	0.00208	0.00973	0.00486	0.00278	0.00973
21	0.01760	0.77260	0.03450	0.01126	0.01690	0.02605	0.01126	0.01971	0.01338	0.01549	0.00915	0.01056	0.00845	0.00563	0.00422	0.00141	0.00704	0.00352	0.00282	0.00845
22	0.01411	0.13155	0.62243	0.01767	0.02674	0.01685	0.02227	0.03918	0.01429	0.02069	0.01157	0.01351	0.00843	0.00622	0.00599	0.00199	0.00931	0.00472	0.00289	0.00960
23	0.00848	0.00672	0.00771	0.00805	0.00985	0.00595	0.00619	0.01052	0.01530	0.01926	0.15578	0.14107	0.44225	0.01688	0.00805	0.00238	0.00379	0.11979	0.00627	0.00571
24	0.00802	0.00573	0.00764	0.00917	0.00955	0.00535	0.00611	0.00917	0.01260	0.01681	0.03628	0.76434	0.04354	0.02062	0.00840	0.00267	0.00382	0.01872	0.00611	0.00535
25	0.14289	0.05266	0.12907	0.01324	0.01791	0.11595	0.01205	0.12957	0.04015	0.11651	0.05408	0.09541	0.01724	0.00904	0.00627	0.00206	0.00707	0.02500	0.00515	0.00869
26	0.01765	0.01106	0.03736	0.03764	0.09055	0.01007	0.01022	0.02246	0.10557	0.26015	0.13785	0.10162	0.10769	0.01090	0.00709	0.00215	0.00520	0.00939	0.00653	0.00886
27	0.00934	0.00680	0.00958	0.00970	0.01054	0.00759	0.00710	0.01107	0.01050	0.01482	0.01971	0.08366	0.02015	0.21246	0.52619	0.00904	0.01404	0.00848	0.00382	0.00541
28	0.02622	0.01128	0.01479	0.01164	0.01620	0.01026	0.00949	0.09854	0.01974	0.56338	0.08494	0.06294	0.02110	0.00923	0.00681	0.00207	0.00546	0.00763	0.00780	0.01047
29	0.04889	0.02119	0.17662	0.09040	0.15300	0.11739	0.01636	0.07836	0.17151	0.03897	0.01552	0.01698	0.01174	0.00705	0.00634	0.00204	0.00812	0.00570	0.00430	0.00953
30	0.01084	0.00748	0.00957	0.02681	0.01104	0.00813	0.00685	0.05570	0.01223	0.01766	0.02002	0.07691	0.01992	0.24880	0.31890	0.00682	0.01052	0.00830	0.11783	0.00570
31	0.02185	0.01817	0.01745	0.01434	0.01872	0.11081	0.01148	0.39613	0.21063	0.03345	0.01837	0.01819	0.01358	0.00802	0.00641	0.00198	0.00703	0.00613	0.05706	0.01021
32	0.01102	0.04297	0.17411	0.01108	0.01465	0.00887	0.01062	0.01401	0.01411	0.06364	0.03711	0.29049	0.21541	0.01478	0.00751	0.00235	0.00539	0.04957	0.00535	0.00693
33	0.07855	0.25362	0.41123	0.01558	0.02313	0.07567	0.01814	0.02082	0.01390	0.01955	0.01068	0.01249	0.00829	0.00610	0.00545	0.00185	0.00873	0.00431	0.00294	0.00898

[dist]
# distance from previous block
# <min> <max>
0	1

[block]
# block no. 1 follows, 33 sequences, length 35
# corresponding to MSA columns:
# 44-78
name=unknown_B
#
# <colnr> <probs for GDERKNQSTAVLIFYWHMCP>
#	G	D	E	R	K	N	Q	S	T	A	V	L	I	F	Y	W	H	M	C	P
0	0.16648	0.10506	0.04805	0.06694	0.06771	0.01845	0.03390	0.11866	0.01495	0.05410	0.01132	0.01423	0.00920	0.00804	0.01038	0.00222	0.23276	0.00519	0.00390	0.00846
1	0.01687	0.64980	0.15089	0.01251	0.01882	0.02426	0.01344	0.01990	0.01346	0.01638	0.00959	0.01112	0.00843	0.00574	0.00456	0.00152	0.00749	0.00374	0.00281	0.00866
2	0.01008	0.00717	0.00987	0.01130	0.01252	0.00710	0.00941	0.01259	0.01437	0.01877	0.03429	0.19754	0.03810	0.06247	0.01039	0.00316	0.00567	0.52343	0.00595	0.00581
3	0.01618	0.01515	0.01659	0.04018	0.13556	0.08510	0.01199	0.02848	0.43240	0.02460	0.07160	0.02512	0.05059	0.00879	0.00671	0.00212	0.00617	0.00741	0.00570	0.00956
4	0.01380	0.00973	0.01258	0.04076	0.06533	0.01001	0.00903	0.10392	0.08369	0.05491	0.19005	0.08627	0.08028	0.01406	0.01096	0.16096	0.00521	0.03577	0.00562	0.00705
5	0.02059	0.13579	0.10010	0.03940	0.07608	0.11921	0.07189	0.12552	0.01833	0.15639	0.04852	0.01730	0.01319	0.00720	0.00653	0.00192	0.02210	0.00576	0.00476	0.00943
6	0.01700	0.45068	0.14821	0.01445	0.02036	0.10523	0.07460	0.02035	0.01458	0.01761	0.05308	0.01423	0.01180	0.00633	0.00529	0.00167	0.00817	0.00471	0.00319	0.00847
7	0.00848	0.00628	0.00800	0.00916	0.01004	0.00589	0.00650	0.01037	0.03023	0.01781	0.06367	0.55292	0.14231	0.01929	0.00832	0.00261	0.00398	0.08239	0.00616	0.00560
8	0.04979	0.11733	0.09016	0.05264	0.07163	0.05203	0.02917	0.15087	0.01781	0.08011	0.03990	0.01598	0.01203	0.00659	0.00579	0.00170	0.00700	0.00518	0.00449	0.18980
9	0.04224	0.09991	0.01989	0.09749	0.09381	0.11119	0.04217	0.11687	0.03593	0.08591	0.01605	0.08191	0.01391	0.03817	0.00730	0.00207	0.00743	0.00662	0.00455	0.07658
10	0.00951	0.00665	0.00854	0.00854	0.00901	0.00712	0.00569	0.01045	0.00998	0.01377	0.01950	0.03618	0.02094	0.48042	0.31763	0.00806	0.01089	0.00856	0.00380	0.00475
11	0.00953	0.00655	0.00801	0.00801	0.00830	0.00683	0.00502	0.01011	0.00982	0.01338	0.01998	0.03888	0.02211	0.59331	0.20634	0.00741	0.00912	0.00896	0.00388	0.00445
12	0.04372	0.07877	0.29253	0.03922	0.08721	0.08193	0.08299	0.06832	0.11980	0.02266	0.01406	0.01575	0.01061	0.00667	0.00627	0.00202	0.00867	0.00551	0.00381	0.00947
13	0.01627	0.35744	0.23717	0.01531	0.02179	0.04781	0.07774	0.06641	0.01507	0.01945	0.01257	0.06166	0.01103	0.00698	0.00564	0.00181	0.00819	0.00548	0.00335	0.00882
14	0.00802	0.00573	0.00764	0.00917	0.00955	0.00535	0.00611	0.00917	0.01260	0.01681	0.03628	0.76434	0.04354	0.02062	0.00840	0.00267	0.00382	0.01872	0.00611	0.00535
15	0.04660	0.02115	0.19807	0.02504	0.05848	0.01634	0.46856	0.02075	0.01478	0.02120	0.01261	0.01641	0.00946	0.00595	0.00769	0.00219	0.03569	0.00679	0.00321	0.00901
16	0.00832	0.00608	0.00788	0.00913	0.00990	0.00564	0.00644	0.00981	0.01344	0.01767	0.07255	0.57706	0.12464	0.01957	0.00837	0.00263	0.00396	0.08528	0.00616	0.00549
17	0.06337	0.01500	0.08860	0.01136	0.01742	0.01141	0.01011	0.11211	0.01591	0.02464	0.01213	0.01380	0.00965	0.00551	0.00521	0.00129	0.00572	0.00426	0.00417	0.56835
18	0.01561	0.01721	0.13759	0.26040	0.24871	0.01502	0.01823	0.08674	0.01581	0.04364	0.01277	0.01625	0.00976	0.00635	0.00638	0.00198	0.00809	0.00558	0.00360	0.07026
19	0.01546	0.10730	0.41396	0.04426	0.02507	0.01652	0.04582	0.08539	0.08803	0.04442	0.01604	0.01726	0.03768	0.00706	0.00625	0.00203	0.00839	0.00564	0.00386	0.00956
20	0.00931	0.00594	0.00787	0.00849	0.00898	0.00563	0.00569	0.00925	0.01169	0.01545	0.07441	0.34456	0.10303	0.08692	0.01605	0.25988	0.00456	0.01282	0.00496	0.00451
21	0.01132	0.00835	0.01085	0.03970	0.01313	0.00941	0.00816	0.01663	0.14535	0.01945	0.07722	0.02716	0.02055	0.04966	0.36033	0.05280	0.01091	0.00735	0.10504	0.00663
22	0.06359	0.01628	0.05558	0.07928	0.48611	0.01610	0.01803	0.09963	0.05857	0.02430	0.01339	0.01638	0.01070	0.00636	0.00639	0.00200	0.00759	0.00579	0.00385	0.01009
23	0.00955	0.00725	0.01013	0.01221	0.05908	0.00723	0.00844	0.01136	0.01328	0.01772	0.03339	0.46029	0.05397	0.04716	0.00990	0.00286	0.03299	0.19158	0.00570	0.00590
24	0.00951	0.00667	0.00852	0.00853	0.01002	0.00618	0.00627	0.01179	0.01584	0.04892	0.34976	0.22505	0.17298	0.01854	0.06800	0.00294	0.00461	0.01334	0.00649	0.00605
25	0.04007	0.12502	0.13995	0.25880	0.07135	0.07817	0.01598	0.06144	0.03163	0.02015	0.01180	0.01485	0.00920	0.00631	0.00589	0.00187	0.00820	0.00499	0.00339	0.09094
26	0.01595	0.02979	0.01845	0.09642	0.22010	0.08773	0.01297	0.06816	0.01597	0.04003	0.06573	0.04796	0.01590	0.05170	0.00780	0.00202	0.00699	0.00639	0.00418	0.18577
27	0.01747	0.16991	0.16242	0.12044	0.11013	0.07703	0.10257	0.09982	0.01655	0.04569	0.01234	0.01485	0.00949	0.00634	0.00614	0.00192	0.00876	0.00535	0.00360	0.00917
28	0.03345	0.41020	0.16661	0.07245	0.02223	0.10296	0.04037	0.02026	0.01417	0.01738	0.01116	0.01470	0.00965	0.00646	0.00532	0.00174	0.00832	0.03108	0.00306	0.00841
29	0.00864	0.00625	0.00797	0.00845	0.00941	0.00579	0.00588	0.01050	0.01492	0.02032	0.30726	0.36540	0.10697	0.07880	0.01016	0.00270	0.00371	0.01489	0.00638	0.00559
30	0.01183	0.00735	0.00801	0.00759	0.00949	0.00733	0.00577	0.04275	0.06137	0.02528	0.21552	0.03450	0.09568	0.01017	0.00597	0.00181	0.00341	0.00850	0.43110	0.00658
31	0.00801	0.00654	0.00708	0.00724	0.00911	0.00561	0.00532	0.00978	0.01510	0.01872	0.14438	0.16619	0.54033	0.01686	0.00787	0.00227	0.00338	0.01436	0.00625	0.00561
32	0.04516	0.20161	0.46667	0.01585	0.02375	0.01736	0.01897	0.04649	0.01428	0.02060	0.01222	0.04294	0.00987	0.00670	0.00576	0.00191	0.00845	0.00507	0.00315	0.03318
33	0.65458	0.08369	0.01297	0.00977	0.01396	0.07587	0.00812	0.03973	0.01258	0.02750	0.00944	0.01093	0.00748	0.00617	0.00431	0.00195	0.00589	0.00368	0.00398	0.00741
34	0.01459	0.01249	0.01325	0.01221	0.01545	0.01409	0.00938	0.02960	0.56843	0.02540	0.03239	0.09668	0.10580	0.01092	0.00698	0.00227	0.00486	0.00924	0.00658	0.00938

[dist]
# distance from previous block
# <min> <max>
0	1

[block]
# block no. 2 follows, 33 sequences, length 68
# corresponding to MSA columns:
# 80-147
name=unknown_C
#
# <colnr> <probs for GDERKNQSTAVLIFYWHMCP>
#	G	D	E	R	K	N	Q	S	T	A	V	L	I	F	Y	W	H	M	C	P
0	0.01891	0.38820	0.10777	0.05303	0.03593	0.20683	0.03218	0.05455	0.01572	0.01785	0.01035	0.01220	0.00868	0.00616	0.00527	0.00166	0.00880	0.00425	0.00317	0.00851
1	0.00857	0.00670	0.00776	0.00749	0.00937	0.00589	0.00562	0.01097	0.01686	0.02219	0.40258	0.05611	0.38627	0.01503	0.00777	0.00215	0.00322	0.01288	0.00669	0.00589
2	0.00856	0.00670	0.00775	0.00749	0.00937	0.00589	0.00562	0.01096	0.01685	0.02217	0.40147	0.05613	0.38738	0.01504	0.00777	0.00215	0.00322	0.01288	0.00669	0.00589
3	0.01835	0.69621	0.03300	0.01166	0.01725	0.02548	0.01139	0.08919	0.01516	0.01812	0.00983	0.01109	0.00873	0.00586	0.00446	0.00147	0.00706	0.00376	0.00320	0.00873
4	0.00953	0.00636	0.00719	0.00724	0.00725	0.00635	0.00405	0.00956	0.00966	0.01289	0.02121	0.06459	0.02452	0.74633	0.03276	0.00627	0.00631	0.00985	0.00405	0.00403
5	0.01723	0.27672	0.28166	0.01538	0.02219	0.04829	0.04276	0.07821	0.08613	0.05303	0.01338	0.01445	0.01021	0.00653	0.00571	0.00185	0.00813	0.00493	0.00378	0.00944
6	0.01576	0.01472	0.02445	0.06922	0.60428	0.01490	0.01857	0.04779	0.01537	0.02172	0.01457	0.08141	0.01327	0.00727	0.00669	0.00203	0.00749	0.00699	0.00363	0.00988
7	0.00798	0.00590	0.00746	0.00872	0.00943	0.00539	0.00591	0.00922	0.01304	0.01698	0.04176	0.63822	0.16613	0.01991	0.00829	0.00259	0.00373	0.01785	0.00611	0.00539
8	0.00868	0.00642	0.00821	0.00908	0.01022	0.00595	0.00674	0.01063	0.01462	0.01929	0.17007	0.38069	0.16877	0.01814	0.00830	0.00254	0.00400	0.13567	0.00631	0.00567
9	0.01595	0.09026	0.02406	0.31014	0.23123	0.01696	0.05591	0.10347	0.04903	0.02178	0.01294	0.01662	0.01011	0.00650	0.00640	0.00202	0.00811	0.00581	0.00366	0.00902
10	0.01623	0.01267	0.01387	0.02794	0.04930	0.09536	0.03297	0.07817	0.07403	0.10054	0.11645	0.08632	0.08179	0.02879	0.00781	0.00214	0.03079	0.00856	0.12841	0.00785
11	0.01614	0.01389	0.01468	0.01323	0.01687	0.01603	0.01028	0.03422	0.69228	0.02750	0.05021	0.02539	0.02151	0.00908	0.00673	0.00223	0.00514	0.00759	0.00672	0.01028
12	0.00971	0.00685	0.00957	0.00957	0.01058	0.00771	0.00716	0.01174	0.01073	0.01577	0.01854	0.02864	0.01776	0.16681	0.55025	0.00898	0.01430	0.00739	0.08236	0.00558
13	0.01344	0.01384	0.04900	0.18098	0.02468	0.01660	0.08236	0.01598	0.01148	0.01654	0.01135	0.04077	0.01042	0.01215	0.04627	0.04814	0.38939	0.00642	0.00306	0.00713
14	0.00807	0.00601	0.00752	0.00856	0.00943	0.00546	0.00588	0.00947	0.01358	0.01774	0.09470	0.55897	0.19217	0.01923	0.00822	0.00253	0.00366	0.01716	0.00620	0.00546
15	0.00802	0.00573	0.00764	0.00917	0.00955	0.00535	0.00611	0.00917	0.01260	0.01681	0.03628	0.76434	0.04354	0.02062	0.00840	0.00267	0.00382	0.01872	0.00611	0.00535
16	0.00850	0.00698	0.00751	0.00733	0.00945	0.00615	0.00551	0.01119	0.04400	0.02025	0.22316	0.05839	0.53724	0.01559	0.00773	0.00219	0.00335	0.01316	0.00641	0.00591
17	0.00940	0.00639	0.00761	0.00776	0.00793	0.00649	0.00468	0.00978	0.00999	0.01345	0.02192	0.11199	0.02501	0.61364	0.11140	0.00649	0.00741	0.01019	0.00415	0.00434
18	0.01028	0.00743	0.01017	0.01157	0.01309	0.00733	0.00998	0.01312	0.01504	0.01943	0.03748	0.10097	0.09347	0.01816	0.00896	0.00295	0.00575	0.60276	0.00607	0.00599
19	0.01959	0.56191	0.02999	0.01288	0.01788	0.22962	0.01168	0.02158	0.01488	0.01567	0.00944	0.01093	0.00846	0.00596	0.00471	0.00149	0.00841	0.00372	0.00298	0.00822
20	0.02459	0.03138	0.01866	0.01696	0.02035	0.74221	0.01272	0.02629	0.01866	0.01611	0.01018	0.01187	0.00848	0.00678	0.00594	0.00170	0.01187	0.00424	0.00339	0.00763
21	0.07395	0.02389	0.41685	0.01627	0.04568	0.01333	0.01782	0.04867	0.01517	0.14334	0.01724	0.09061	0.01404	0.00835	0.00647	0.00215	0.00785	0.02459	0.00437	0.00935
22	0.01866	0.14205	0.17094	0.06785	0.11409	0.01661	0.04463	0.07593	0.10863	0.15228	0.01637	0.01718	0.01195	0.00692	0.00619	0.00197	0.00750	0.00570	0.00467	0.00988
23	0.01107	0.00932	0.00997	0.00943	0.01170	0.03320	0.00712	0.01744	0.18937	0.02339	0.30545	0.08438	0.23592	0.01341	0.00748	0.00217	0.00402	0.01147	0.00660	0.00707
24	0.00791	0.00667	0.00684	0.00680	0.00897	0.00561	0.00510	0.00969	0.01530	0.01849	0.12087	0.06219	0.67028	0.01641	0.00778	0.00221	0.00332	0.01373	0.00621	0.00561
25	0.01826	0.60232	0.03121	0.01335	0.04485	0.09624	0.01190	0.03683	0.03061	0.01670	0.00993	0.01152	0.00887	0.00613	0.00532	0.00155	0.03890	0.00392	0.00307	0.00850
26	0.03910	0.19278	0.26037	0.01700	0.07323	0.07550	0.01629	0.11184	0.08745	0.04680	0.01357	0.01469	0.01032	0.00667	0.00584	0.00189	0.00811	0.00501	0.00398	0.00957
27	0.01095	0.00974	0.01654	0.01439	0.01643	0.00978	0.17559	0.01332	0.01313	0.01764	0.02706	0.29530	0.05165	0.12212	0.01299	0.00315	0.06817	0.11092	0.00486	0.00627
28	0.01144	0.00572	0.00858	0.00858	0.00858	0.00572	0.00572	0.00858	0.00858	0.01144	0.01144	0.02001	0.01144	0.02287	0.02573	0.80846	0.00572	0.00572	0.00286	0.00286
29	0.10867	0.01977	0.17088	0.05319	0.04719	0.01680	0.10156	0.26993	0.04748	0.05406	0.03757	0.01684	0.01203	0.00716	0.00642	0.00206	0.00783	0.00594	0.00488	0.00973
30	0.00967	0.00703	0.00913	0.01023	0.01123	0.00693	0.00757	0.04042	0.04131	0.01914	0.05152	0.53083	0.04045	0.01891	0.00840	0.00269	0.00451	0.16789	0.00617	0.00597
31	0.00848	0.00608	0.00803	0.00942	0.01003	0.00575	0.00665	0.00988	0.01295	0.01709	0.03654	0.59557	0.06908	0.05622	0.00970	0.00289	0.00427	0.11996	0.00600	0.00540
32	0.00867	0.00652	0.00802	0.00803	0.00953	0.00588	0.00588	0.01103	0.01654	0.02232	0.42127	0.18845	0.23246	0.01566	0.00789	0.00222	0.00330	0.01372	0.00673	0.00588
33	0.10137	0.01469	0.03766	0.15637	0.20691	0.01589	0.06605	0.06907	0.12209	0.02348	0.04354	0.01839	0.01320	0.00744	0.00779	0.00216	0.07453	0.00622	0.00417	0.00896
34	0.06588	0.01487	0.01623	0.01341	0.01721	0.13676	0.06627	0.10413	0.01750	0.22556	0.01806	0.01964	0.01340	0.01533	0.14587	0.00356	0.00933	0.00609	0.08223	0.00867
35	0.02084	0.01404	0.01503	0.01204	0.01605	0.01525	0.00978	0.43713	0.04271	0.06335	0.01834	0.01913	0.01347	0.00786	0.00595	0.00184	0.00577	0.00606	0.26581	0.00953
36	0.74937	0.01314	0.01208	0.01023	0.01451	0.01492	0.06442	0.01949	0.01156	0.02884	0.00951	0.01128	0.00736	0.00606	0.00438	0.00205	0.00559	0.00391	0.00401	0.00727
37	0.01264	0.01191	0.02012	0.71443	0.08210	0.01468	0.01839	0.01700	0.01326	0.01707	0.01174	0.01748	0.00886	0.00654	0.00658	0.00218	0.00872	0.00585	0.00294	0.00748
38	0.05619	0.53608	0.05156	0.01139	0.01645	0.02131	0.01093	0.04322	0.01431	0.07639	0.01389	0.08222	0.01297	0.00760	0.00505	0.00168	0.00661	0.01992	0.00382	0.00841
39	0.01496	0.04608	0.13811	0.09357	0.14913	0.01294	0.08597	0.04189	0.01624	0.09232	0.15368	0.02715	0.06806	0.00868	0.00691	0.00208	0.00707	0.02180	0.00474	0.00864
40	0.01691	0.11241	0.07493	0.13599	0.05497	0.05626	0.33705	0.05243	0.01584	0.06055	0.01308	0.01639	0.00985	0.00610	0.00679	0.00205	0.00959	0.00636	0.00359	0.00886
41	0.05296	0.00680	0.00768	0.00762	0.00796	0.00703	0.00461	0.01033	0.00977	0.01394	0.01979	0.03951	0.02224	0.65127	0.10712	0.00659	0.00751	0.00898	0.00394	0.00436
42	0.04889	0.01249	0.01411	0.01039	0.01600	0.01049	0.00834	0.08212	0.04908	0.02397	0.01271	0.01425	0.01027	0.00541	0.00509	0.00117	0.00512	0.00425	0.00429	0.66155
43	0.01821	0.02134	0.04724	0.09522	0.06215	0.28588	0.15802	0.04395	0.03145	0.01930	0.05081	0.03907	0.01321	0.00773	0.00807	0.00206	0.07814	0.00636	0.00372	0.00807
44	0.00998	0.00758	0.00978	0.04874	0.01228	0.00744	0.00714	0.01431	0.07314	0.02561	0.60321	0.04612	0.08368	0.01287	0.00762	0.00210	0.00359	0.01131	0.00692	0.00658
45	0.01741	0.05694	0.12208	0.03699	0.16274	0.01363	0.08233	0.05023	0.05661	0.15321	0.01960	0.07476	0.04260	0.00803	0.00657	0.00199	0.00709	0.00714	0.00479	0.07527
46	0.00922	0.00609	0.00808	0.00922	0.00993	0.00565	0.00636	0.01030	0.01287	0.04706	0.03603	0.62585	0.07707	0.01991	0.00929	0.04784	0.00406	0.04364	0.00601	0.00550
47	0.01451	0.01360	0.02265	0.37411	0.27816	0.01507	0.05757	0.04761	0.04209	0.02053	0.04127	0.01859	0.01209	0.00669	0.00668	0.00210	0.00815	0.00627	0.00354	0.00872
48	0.02026	0.28357	0.02578	0.01953	0.15721	0.31232	0.01372	0.04039	0.01618	0.01761	0.01036	0.01246	0.00893	0.00638	0.00594	0.00169	0.03150	0.00440	0.00324	0.00854
49	0.01454	0.01481	0.02245	0.01856	0.01938	0.01973	0.09876	0.01649	0.01075	0.01649	0.00921	0.01481	0.00881	0.01079	0.01991	0.00280	0.66535	0.00601	0.00294	0.00741
50	0.01074	0.00709	0.00900	0.00831	0.01026	0.00639	0.00631	0.01357	0.01808	0.08309	0.56338	0.04920	0.16249	0.01353	0.00767	0.00209	0.00335	0.01178	0.00714	0.00652
51	0.00826	0.00591	0.00776	0.00901	0.00954	0.00553	0.00610	0.00958	0.01308	0.01750	0.09286	0.63491	0.06170	0.05600	0.00956	0.00280	0.00393	0.03448	0.00610	0.00538
52	0.10681	0.01749	0.01830	0.01433	0.01934	0.01949	0.01178	0.57881	0.08521	0.03909	0.01602	0.01599	0.01150	0.00780	0.00633	0.00200	0.00685	0.00581	0.00633	0.01071
53	0.00962	0.00710	0.00860	0.00832	0.01022	0.00636	0.00615	0.01231	0.03323	0.04115	0.33914	0.18752	0.23121	0.01497	0.00767	0.00217	0.00352	0.01305	0.00655	0.05114
54	0.01676	0.01652	0.02627	0.03909	0.68789	0.05640	0.01978	0.02055	0.01520	0.02120	0.01226	0.01605	0.01032	0.00592	0.00648	0.00194	0.00805	0.00577	0.00327	0.01027
55	0.01735	0.73116	0.07377	0.01169	0.01755	0.02545	0.01200	0.01978	0.01341	0.01579	0.00930	0.01075	0.00844	0.00567	0.00434	0.00145	0.00719	0.00360	0.00281	0.00852
56	0.00821	0.00594	0.00765	0.00877	0.00940	0.00550	0.00592	0.00953	0.01322	0.01759	0.10416	0.59977	0.09951	0.05992	0.00964	0.00278	0.00385	0.01718	0.00611	0.00537
57	0.01534	0.01715	0.03680	0.02770	0.07229	0.01615	0.63184	0.02068	0.01549	0.02104	0.01431	0.02041	0.01136	0.00618	0.00776	0.00224	0.01067	0.04029	0.00346	0.00883
58	0.01549	0.01482	0.02527	0.18881	0.58546	0.01543	0.01980	0.01950	0.01461	0.02053	0.01224	0.01656	0.01008	0.00601	0.00653	0.00200	0.00802	0.00586	0.00319	0.00978
59	0.01104	0.00706	0.00799	0.00761	0.00983	0.00623	0.00581	0.01329	0.01581	0.09379	0.17435	0.07436	0.38610	0.01403	0.00723	0.00211	0.00357	0.02743	0.12602	0.00635
60	0.04351	0.04071	0.05548	0.04765	0.01917	0.01438	0.01150	0.25173	0.04489	0.29714	0.02013	0.02046	0.01408	0.00802	0.00637	0.00200	0.00638	0.02444	0.06174	0.01023
61	0.02193	0.06595	0.01856	0.01514	0.01881	0.43709	0.03406	0.07896	0.04712	0.07438	0.10852	0.01863	0.01701	0.00785	0.00628	0.00182	0.00929	0.00579	0.00462	0.00819
62	0.03117	0.01164	0.01634	0.01376	0.01640	0.01260	0.10620	0.14260	0.07340	0.02311	0.07675	0.14187	0.02287	0.10602	0.10987	0.00390	0.06962	0.00933	0.00504	0.00750
63	0.01176	0.00726	0.00898	0.00842	0.01057	0.00643	0.00635	0.01408	0.01677	0.13017	0.32573	0.14130	0.25796	0.01456	0.00768	0.00219	0.00365	0.01259	0.00689	0.00666
64	0.44085	0.14427	0.01708	0.01148	0.01596	0.11479	0.02812	0.08490	0.01490	0.06018	0.01084	0.01206	0.00843	0.00637	0.00481	0.00188	0.00672	0.00413	0.00418	0.00804
65	0.01283	0.05055	0.03031	0.01159	0.01389	0.03413	0.00993	0.01629	0.04459	0.07729	0.10929	0.12359	0.05071	0.01530	0.00811	0.00260	0.00573	0.37034	0.00605	0.00687
66	0.01781	0.41130	0.19835	0.01503	0.05436	0.04592	0.01483	0.06671	0.04462	0.05792	0.01206	0.01325	0.00961	0.00626	0.00527	0.00171	0.00775	0.00447	0.00355	0.00923
67	0.03951	0.12188	0.02992	0.03740	0.04991	0.10932	0.33201	0.09542	0.01697	0.02209	0.01231	0.01523	0.00961	0.00597	0.00652	0.00190	0.00938	0.00600	0.00368	0.07498

[dist]
# distance from previous block
# <min> <max>
4	12

[block]
# block no. 3 follows, 33 sequences, length 31
# corresponding to MSA columns:
# 160-190
name=unknown_D
#
# <colnr> <probs for GDERKNQSTAVLIFYWHMCP>
#	G	D	E	R	K	N	Q	S	T	A	V	L	I	F	Y	W	H	M	C	P
0	0.07437	0.11638	0.42456	0.01760	0.02554	0.01683	0.10585	0.07291	0.01514	0.02249	0.01179	0.01389	0.00875	0.00615	0.00601	0.00196	0.00885	0.00502	0.00329	0.04263
1	0.01047	0.00748	0.01045	0.01197	0.01342	0.00746	0.01037	0.01340	0.01502	0.01955	0.03493	0.11090	0.03819	0.01832	0.00906	0.00301	0.00594	0.64797	0.00606	0.00602
2	0.00923	0.00682	0.00882	0.00959	0.01100	0.00641	0.00759	0.01161	0.01536	0.02022	0.19635	0.21550	0.17423	0.01736	0.00840	0.00259	0.00440	0.26234	0.00635	0.00585
3	0.02445	0.01778	0.01922	0.01606	0.05732	0.05334	0.01246	0.51188	0.07623	0.11776	0.01730	0.01702	0.01224	0.00784	0.00656	0.00199	0.00717	0.00603	0.00644	0.01093
4	0.04398	0.00731	0.00821	0.00785	0.00949	0.00747	0.00587	0.04075	0.04453	0.02297	0.13440	0.02880	0.05682	0.01324	0.03926	0.13409	0.00445	0.00735	0.37718	0.00599
5	0.02855	0.01132	0.01520	0.01172	0.01668	0.00998	0.00965	0.05904	0.01933	0.67557	0.05337	0.02320	0.01791	0.00835	0.00666	0.00204	0.00557	0.00680	0.00805	0.01100
6	0.01637	0.01414	0.01489	0.01340	0.01712	0.01637	0.01042	0.03498	0.71568	0.02754	0.02679	0.02456	0.02010	0.00893	0.00670	0.00223	0.00521	0.00744	0.00670	0.01042
7	0.10285	0.13373	0.07709	0.03540	0.04872	0.21761	0.04977	0.14893	0.01782	0.02296	0.01169	0.01386	0.00939	0.00884	0.04183	0.00230	0.03981	0.00492	0.00389	0.00860
8	0.81514	0.01273	0.00968	0.00866	0.01273	0.01477	0.00713	0.01935	0.01120	0.02954	0.00917	0.01069	0.00713	0.00611	0.00407	0.00204	0.00509	0.00356	0.00407	0.00713
9	0.01698	0.01860	0.10534	0.10811	0.27497	0.09121	0.01664	0.10900	0.08102	0.02322	0.01489	0.05224	0.01234	0.00730	0.00648	0.00199	0.00796	0.00627	0.00408	0.04136
10	0.01281	0.01211	0.02028	0.66785	0.09506	0.01494	0.01826	0.01703	0.01317	0.01713	0.01162	0.01732	0.00889	0.00674	0.00723	0.00221	0.04102	0.00585	0.00295	0.00754
11	0.00911	0.00677	0.00900	0.04791	0.01160	0.00643	0.00676	0.01177	0.01682	0.02330	0.49800	0.20344	0.09468	0.01484	0.00784	0.00222	0.00358	0.01318	0.00670	0.00604
12	0.00947	0.00680	0.00928	0.00928	0.01000	0.00752	0.00660	0.01092	0.01019	0.01432	0.01883	0.03247	0.01933	0.32531	0.47054	0.00897	0.01332	0.00802	0.00370	0.00515
13	0.00925	0.00686	0.00883	0.00956	0.01103	0.00644	0.00761	0.01168	0.01546	0.02030	0.19886	0.18833	0.19119	0.01722	0.00839	0.00258	0.00441	0.26978	0.00635	0.00586
14	0.01713	0.01515	0.01527	0.01364	0.01741	0.05144	0.01062	0.06246	0.65369	0.02757	0.02554	0.02359	0.01917	0.00879	0.00666	0.00220	0.00561	0.00723	0.00654	0.01032
15	0.00974	0.00683	0.01025	0.01025	0.01123	0.00781	0.00781	0.01123	0.01025	0.01464	0.01660	0.02489	0.01562	0.04496	0.62327	0.14335	0.01565	0.00683	0.00342	0.00538
16	0.00799	0.00583	0.00753	0.00889	0.00947	0.00537	0.00599	0.00920	0.01287	0.01692	0.03970	0.68569	0.11999	0.02018	0.00833	0.00262	0.00377	0.01817	0.00611	0.00537
17	0.01760	0.77260	0.03450	0.01126	0.01690	0.02605	0.01126	0.01971	0.01338	0.01549	0.00915	0.01056	0.00845	0.00563	0.00422	0.00141	0.00704	0.00352	0.00282	0.00845
18	0.00946	0.00633	0.00721	0.00733	0.00736	0.00630	0.00415	0.00954	0.00980	0.01307	0.02192	0.09750	0.02541	0.71220	0.03161	0.00610	0.00619	0.01026	0.00415	0.00409
19	0.10206	0.01160	0.01492	0.01155	0.01656	0.01052	0.00954	0.05459	0.01856	0.64284	0.02406	0.02109	0.01527	0.00795	0.00638	0.00203	0.00561	0.00631	0.00772	0.01083
20	0.01227	0.04678	0.04387	0.01240	0.06273	0.02922	0.00922	0.03206	0.01272	0.03610	0.02073	0.02749	0.06890	0.11973	0.29120	0.00579	0.04620	0.00724	0.10870	0.00664
21	0.00864	0.00643	0.00769	0.00788	0.00935	0.00578	0.00572	0.01079	0.01572	0.02112	0.30584	0.23098	0.27028	0.01601	0.00778	0.00224	0.00336	0.01397	0.04464	0.00578
22	0.00827	0.00590	0.00792	0.00945	0.00994	0.00556	0.00654	0.00959	0.01285	0.01708	0.03615	0.69888	0.04301	0.02039	0.00847	0.00271	0.00403	0.08175	0.00611	0.00541
23	0.81514	0.01273	0.00968	0.00866	0.01273	0.01477	0.00713	0.01935	0.01120	0.02954	0.00917	0.01069	0.00713	0.00611	0.00407	0.00204	0.00509	0.00356	0.00407	0.00713
24	0.01611	0.01545	0.02639	0.07466	0.69477	0.01559	0.02011	0.02004	0.01490	0.02128	0.01235	0.01635	0.01035	0.00590	0.00652	0.00197	0.00787	0.00586	0.00324	0.01028
25	0.00832	0.00598	0.00795	0.00942	0.01001	0.00562	0.00660	0.00971	0.01300	0.01719	0.03728	0.65595	0.06894	0.02019	0.00846	0.00270	0.00407	0.09708	0.00611	0.00544
26	0.81514	0.01273	0.00968	0.00866	0.01273	0.01477	0.00713	0.01935	0.01120	0.02954	0.00917	0.01069	0.00713	0.00611	0.00407	0.00204	0.00509	0.00356	0.00407	0.00713
27	0.00969	0.00769	0.01097	0.01088	0.01181	0.00896	0.00836	0.01170	0.01148	0.01628	0.05582	0.17098	0.05184	0.03597	0.44392	0.00733	0.10647	0.00967	0.00423	0.00594
28	0.00802	0.00573	0.00764	0.00917	0.00955	0.00535	0.00611	0.00917	0.01260	0.01681	0.03628	0.76434	0.04354	0.02062	0.00840	0.00267	0.00382	0.01872	0.00611	0.00535
29	0.01397	0.01225	0.02011	0.44227	0.12644	0.01411	0.04943	0.04140	0.01477	0.04857	0.07354	0.02240	0.01514	0.00783	0.00752	0.00221	0.04192	0.03439	0.00382	0.00794
30	0.00967	0.00670	0.00846	0.00866	0.00914	0.00699	0.00589	0.01064	0.01055	0.01429	0.02183	0.04296	0.02393	0.49492	0.20340	0.00697	0.00909	0.09706	0.00415	0.00472

[dist]
# distance from previous block
# <min> <max>
0	3

# created by:
# /home/berkeley/.conda/envs/busco_data_prod/bin/msa2prfl.pl pipeline/OGs_align_augustus/4893/1570.fs
