[name]
unknown

[dist]
# distance from previous block
# <min> <max>
0	76

[block]
# block no. 0 follows, 33 sequences, length 37
# corresponding to MSA columns:
# 87-123
name=unknown_A
#
# <colnr> <probs for GDERKNQSTAVLIFYWHMCP>
#	G	D	E	R	K	N	Q	S	T	A	V	L	I	F	Y	W	H	M	C	P
0	0.04462	0.06458	0.01133	0.00983	0.01186	0.00887	0.00744	0.01495	0.07362	0.06646	0.08412	0.39390	0.07438	0.01546	0.00745	0.00235	0.00445	0.05522	0.00595	0.04315
1	0.07531	0.05669	0.01697	0.04685	0.01864	0.04537	0.01097	0.23727	0.27707	0.05588	0.05149	0.04425	0.01733	0.00860	0.00641	0.00207	0.00623	0.00682	0.00602	0.00975
2	0.06860	0.17939	0.19771	0.12300	0.02309	0.06745	0.01459	0.05277	0.05037	0.03596	0.02918	0.01868	0.04380	0.03970	0.02761	0.00235	0.00808	0.00562	0.00375	0.00832
3	0.04037	0.34080	0.09303	0.01411	0.01933	0.07074	0.07516	0.04983	0.01501	0.08678	0.01364	0.06425	0.01184	0.00739	0.00633	0.00181	0.04393	0.00563	0.00387	0.03615
4	0.04544	0.41948	0.09987	0.01261	0.01795	0.04017	0.04071	0.04699	0.04484	0.05404	0.03730	0.04353	0.05728	0.00755	0.00542	0.00175	0.00695	0.00571	0.00393	0.00850
5	0.01379	0.01049	0.01417	0.07149	0.14249	0.01068	0.01051	0.06787	0.09145	0.07664	0.10180	0.17179	0.13491	0.04176	0.00830	0.00237	0.00540	0.01056	0.00565	0.00790
6	0.11272	0.04800	0.04865	0.18452	0.08541	0.07705	0.01340	0.11512	0.03205	0.16452	0.01535	0.01687	0.01107	0.00701	0.00604	0.00199	0.00734	0.00551	0.03832	0.00905
7	0.01370	0.01308	0.02232	0.49166	0.23427	0.01477	0.04960	0.01795	0.01380	0.01851	0.01197	0.01706	0.00933	0.00627	0.00655	0.00208	0.00846	0.00587	0.00308	0.03969
8	0.00999	0.00769	0.01079	0.05378	0.01326	0.00875	0.00837	0.02508	0.01186	0.01669	0.02344	0.21753	0.04803	0.06547	0.34915	0.00640	0.06913	0.01020	0.03845	0.00594
9	0.00804	0.00588	0.00756	0.00883	0.00948	0.00540	0.00598	0.00932	0.01312	0.01727	0.06465	0.65247	0.12806	0.01988	0.00830	0.00260	0.00373	0.01788	0.00615	0.00540
10	0.00822	0.00587	0.00787	0.00940	0.00987	0.00552	0.00646	0.00952	0.01280	0.01703	0.03617	0.71052	0.04310	0.02043	0.00846	0.00270	0.00399	0.07055	0.00611	0.00540
11	0.01534	0.04315	0.03668	0.08217	0.03413	0.01692	0.60693	0.02056	0.01512	0.02041	0.01291	0.01739	0.00980	0.00581	0.00797	0.00221	0.03311	0.00742	0.00327	0.00869
12	0.00961	0.00689	0.00975	0.00973	0.01077	0.00776	0.00732	0.01169	0.01090	0.01587	0.04118	0.02903	0.01904	0.14976	0.56893	0.00912	0.01460	0.00752	0.05491	0.00563
13	0.00787	0.00631	0.00704	0.00763	0.00914	0.00548	0.00543	0.00934	0.01408	0.01741	0.05503	0.33230	0.46349	0.01819	0.00802	0.00240	0.00352	0.01574	0.00611	0.00548
14	0.00828	0.00599	0.00777	0.00903	0.00967	0.00558	0.00622	0.00961	0.01305	0.01724	0.06177	0.60530	0.10072	0.05120	0.00942	0.00279	0.00401	0.06090	0.00606	0.00538
15	0.01657	0.05484	0.08253	0.13490	0.02420	0.07999	0.11103	0.12976	0.04117	0.06277	0.01825	0.14448	0.01666	0.04341	0.00807	0.00233	0.00788	0.00823	0.00461	0.00831
16	0.01960	0.01089	0.01325	0.01102	0.01390	0.01172	0.00895	0.12558	0.01726	0.23158	0.01974	0.02087	0.01444	0.00850	0.00838	0.00198	0.13228	0.00618	0.31531	0.00856
17	0.01400	0.01492	0.04661	0.56315	0.08291	0.07898	0.07111	0.01833	0.01397	0.01751	0.01174	0.01686	0.00893	0.00647	0.00660	0.00213	0.00920	0.00582	0.00301	0.00774
18	0.81514	0.01273	0.00968	0.00866	0.01273	0.01477	0.00713	0.01935	0.01120	0.02954	0.00917	0.01069	0.00713	0.00611	0.00407	0.00204	0.00509	0.00356	0.00407	0.00713
19	0.01135	0.00816	0.00924	0.00838	0.01086	0.00754	0.00646	0.08268	0.01810	0.06559	0.28342	0.05124	0.38398	0.01418	0.00758	0.00213	0.00379	0.01197	0.00667	0.00669
20	0.01185	0.00665	0.00723	0.00701	0.00863	0.00658	0.00527	0.03603	0.01544	0.02528	0.18687	0.05205	0.02812	0.00942	0.00552	0.00171	0.00323	0.00786	0.56895	0.00629
21	0.04509	0.06040	0.10948	0.01650	0.01909	0.05220	0.01486	0.11676	0.01418	0.02065	0.01019	0.01408	0.00890	0.00961	0.01522	0.00249	0.45327	0.00540	0.00346	0.00818
22	0.04758	0.03233	0.67407	0.01827	0.02736	0.01547	0.02318	0.02058	0.01363	0.02101	0.01157	0.01378	0.00830	0.00647	0.00679	0.00212	0.04031	0.00485	0.00284	0.00951
23	0.04591	0.06531	0.02028	0.01649	0.02046	0.47542	0.05635	0.12776	0.04941	0.02108	0.01208	0.01370	0.00968	0.00816	0.02806	0.00206	0.01056	0.00488	0.00400	0.00834
24	0.01596	0.01090	0.01538	0.01291	0.01605	0.02563	0.09779	0.10324	0.01807	0.14227	0.19548	0.06839	0.05574	0.04620	0.00954	0.03680	0.00599	0.10981	0.00613	0.00772
25	0.00814	0.00581	0.00777	0.00930	0.00973	0.00545	0.00631	0.00937	0.01272	0.01694	0.03622	0.73331	0.04329	0.02052	0.00843	0.00269	0.00392	0.04860	0.00611	0.00538
26	0.00954	0.00632	0.00817	0.00901	0.01005	0.00577	0.00631	0.01105	0.01387	0.06351	0.09883	0.55422	0.12641	0.01867	0.00817	0.00253	0.00386	0.03151	0.00634	0.00584
27	0.01497	0.01267	0.03724	0.01641	0.11602	0.04142	0.05482	0.11682	0.06079	0.06933	0.08358	0.24411	0.07924	0.01232	0.00735	0.00223	0.00596	0.01094	0.00565	0.00814
28	0.02350	0.00995	0.01286	0.01033	0.01429	0.00895	0.00832	0.05006	0.01803	0.48603	0.08734	0.02679	0.04261	0.03244	0.00726	0.00210	0.00498	0.00730	0.13732	0.00954
29	0.00828	0.00592	0.00792	0.00929	0.00976	0.00566	0.00634	0.00953	0.01246	0.01666	0.03443	0.65957	0.04083	0.05413	0.05384	0.00332	0.00486	0.04597	0.00586	0.00535
30	0.06281	0.00991	0.04353	0.06083	0.07682	0.00925	0.02870	0.01462	0.01413	0.04168	0.02942	0.19707	0.06657	0.01600	0.03367	0.00288	0.00639	0.27366	0.00527	0.00679
31	0.01853	0.01345	0.01926	0.23957	0.14793	0.04669	0.03495	0.02359	0.09287	0.20553	0.01812	0.05085	0.01377	0.00790	0.00727	0.00214	0.03672	0.00676	0.00493	0.00918
32	0.00819	0.00585	0.00781	0.00926	0.00974	0.00548	0.00631	0.00949	0.01297	0.01733	0.06502	0.70497	0.04408	0.02022	0.00841	0.00266	0.00389	0.04677	0.00616	0.00541
33	0.04184	0.11622	0.28090	0.02005	0.10677	0.06557	0.10991	0.04707	0.01482	0.02088	0.01224	0.01503	0.00959	0.00765	0.02740	0.00222	0.04271	0.00533	0.04483	0.00896
34	0.09386	0.07697	0.09016	0.01570	0.07194	0.06213	0.08497	0.01862	0.06222	0.03466	0.06616	0.14493	0.02118	0.01171	0.03802	0.00248	0.00729	0.05033	0.00455	0.04212
35	0.01644	0.42635	0.11648	0.04461	0.04002	0.03959	0.01322	0.04160	0.09472	0.01925	0.05629	0.01575	0.01326	0.00690	0.00581	0.00175	0.03057	0.00498	0.00368	0.00873
36	0.04426	0.11449	0.09422	0.01387	0.01874	0.03650	0.07237	0.10341	0.09357	0.13344	0.01823	0.06808	0.01469	0.01085	0.05733	0.00254	0.00760	0.00665	0.03854	0.05059

[dist]
# distance from previous block
# <min> <max>
1	17

[block]
# block no. 1 follows, 33 sequences, length 28
# corresponding to MSA columns:
# 141-168
name=unknown_B
#
# <colnr> <probs for GDERKNQSTAVLIFYWHMCP>
#	G	D	E	R	K	N	Q	S	T	A	V	L	I	F	Y	W	H	M	C	P
0	0.01429	0.01674	0.13083	0.23537	0.21608	0.05782	0.03804	0.01846	0.01430	0.03423	0.01660	0.02264	0.04613	0.03603	0.02462	0.00246	0.00847	0.03921	0.01933	0.00835
1	0.00802	0.00573	0.00764	0.00917	0.00955	0.00535	0.00611	0.00917	0.01260	0.01681	0.03628	0.76434	0.04354	0.02062	0.00840	0.00267	0.00382	0.01872	0.00611	0.00535
2	0.12391	0.13151	0.02238	0.01754	0.08300	0.18127	0.08831	0.08625	0.07280	0.04131	0.02923	0.01528	0.01129	0.00711	0.00699	0.00195	0.06174	0.00534	0.00412	0.00866
3	0.03214	0.15778	0.20197	0.01753	0.11611	0.04574	0.01500	0.05346	0.06061	0.05065	0.03611	0.09205	0.01537	0.01034	0.04213	0.00242	0.03097	0.00673	0.00407	0.00882
4	0.01122	0.00954	0.01213	0.08327	0.01510	0.04473	0.00922	0.01282	0.01260	0.01689	0.09326	0.08664	0.13265	0.02157	0.16187	0.10466	0.13626	0.00886	0.02079	0.00590
5	0.00874	0.00692	0.00793	0.00795	0.00983	0.00622	0.00604	0.01142	0.03727	0.02075	0.25890	0.10824	0.40340	0.01586	0.00789	0.00227	0.00356	0.06441	0.00647	0.00593
6	0.02128	0.12288	0.02127	0.04618	0.14418	0.19188	0.01318	0.08831	0.12619	0.13675	0.01612	0.01671	0.01214	0.00711	0.00611	0.00188	0.00791	0.00552	0.00484	0.00956
7	0.03620	0.09293	0.13942	0.13777	0.10587	0.06713	0.01512	0.06341	0.05307	0.12193	0.01631	0.07492	0.01334	0.00800	0.00670	0.00205	0.02591	0.00649	0.00440	0.00901
8	0.00835	0.00664	0.00744	0.00767	0.00951	0.00581	0.00580	0.01014	0.01504	0.01872	0.13700	0.13016	0.49644	0.01699	0.00844	0.02372	0.00367	0.07673	0.00616	0.00559
9	0.02459	0.03138	0.01866	0.01696	0.02035	0.74221	0.01272	0.02629	0.01866	0.01611	0.01018	0.01187	0.00848	0.00678	0.00594	0.00170	0.01187	0.00424	0.00339	0.00763
10	0.00884	0.00648	0.00832	0.00857	0.00986	0.00596	0.00629	0.01120	0.01627	0.02224	0.40966	0.25993	0.13155	0.01618	0.00803	0.00232	0.00351	0.05220	0.00672	0.00588
11	0.01747	0.01633	0.02449	0.09041	0.43635	0.06703	0.06492	0.05010	0.06920	0.05643	0.01403	0.01704	0.01113	0.00656	0.00703	0.00203	0.02971	0.00604	0.00387	0.00985
12	0.00802	0.00573	0.00764	0.00917	0.00955	0.00535	0.00611	0.00917	0.01260	0.01681	0.03628	0.76434	0.04354	0.02062	0.00840	0.00267	0.00382	0.01872	0.00611	0.00535
13	0.02189	0.05567	0.02091	0.12252	0.02453	0.38683	0.05265	0.17662	0.02002	0.02216	0.01176	0.01391	0.00922	0.00700	0.00659	0.00188	0.02831	0.00506	0.00400	0.00848
14	0.10540	0.01115	0.01456	0.07548	0.11877	0.01052	0.01028	0.01822	0.03140	0.10163	0.06344	0.13210	0.01901	0.00872	0.00613	0.00182	0.00546	0.00748	0.00485	0.25357
15	0.00831	0.00603	0.00790	0.00916	0.00987	0.00562	0.00641	0.00980	0.01344	0.01781	0.08715	0.59915	0.09852	0.01960	0.00837	0.00263	0.00392	0.07465	0.00619	0.00549
16	0.23667	0.19322	0.04630	0.01546	0.08725	0.19184	0.01196	0.05041	0.01497	0.02160	0.01133	0.01501	0.00983	0.00697	0.00576	0.00188	0.03088	0.03691	0.00366	0.00810
17	0.00943	0.00696	0.01011	0.01011	0.01112	0.00797	0.00764	0.01145	0.01044	0.01493	0.01807	0.02826	0.01750	0.14932	0.64402	0.01000	0.01607	0.00740	0.00359	0.00562
18	0.01659	0.01586	0.02729	0.08007	0.55195	0.01604	0.10288	0.06851	0.01607	0.02258	0.01270	0.01651	0.01033	0.00601	0.00668	0.00200	0.00824	0.00610	0.00348	0.01011
19	0.00846	0.00670	0.00761	0.00739	0.00931	0.00585	0.00554	0.01077	0.01662	0.02161	0.35848	0.05706	0.43073	0.01525	0.00777	0.00216	0.00323	0.01301	0.00662	0.00585
20	0.01323	0.00959	0.01219	0.01307	0.09900	0.00938	0.00870	0.07782	0.06672	0.07631	0.23840	0.10629	0.18464	0.01244	0.00728	0.00212	0.00450	0.01074	0.03997	0.00761
21	0.01354	0.01288	0.02189	0.40800	0.20257	0.01437	0.08019	0.01843	0.04785	0.01906	0.01619	0.02275	0.03830	0.00751	0.00688	0.00219	0.00822	0.04744	0.00353	0.00821
22	0.01066	0.00784	0.01093	0.00964	0.01197	0.00707	0.06846	0.01336	0.01645	0.06244	0.31595	0.10193	0.25470	0.01358	0.00753	0.00214	0.00409	0.01196	0.06286	0.00646
23	0.07638	0.01936	0.01610	0.08755	0.02023	0.28022	0.01174	0.14518	0.06415	0.02284	0.01830	0.02340	0.05350	0.01165	0.05844	0.00263	0.00921	0.06651	0.00459	0.00801
24	0.08693	0.06867	0.01958	0.01568	0.01677	0.07440	0.01305	0.01699	0.01110	0.01703	0.00935	0.01426	0.00892	0.01241	0.05851	0.00305	0.53763	0.00536	0.00306	0.00724
25	0.40356	0.04884	0.01422	0.18506	0.02134	0.01394	0.01019	0.01869	0.01252	0.04958	0.01086	0.01330	0.00842	0.00603	0.00492	0.00184	0.00603	0.00428	0.00385	0.16252
26	0.01159	0.00819	0.01029	0.01051	0.01230	0.00821	0.00824	0.09328	0.01580	0.04637	0.03569	0.28171	0.13733	0.02058	0.08835	0.00346	0.00631	0.18932	0.00595	0.00652
27	0.81514	0.01273	0.00968	0.00866	0.01273	0.01477	0.00713	0.01935	0.01120	0.02954	0.00917	0.01069	0.00713	0.00611	0.00407	0.00204	0.00509	0.00356	0.00407	0.00713

[dist]
# distance from previous block
# <min> <max>
0	72

[block]
# block no. 2 follows, 33 sequences, length 45
# corresponding to MSA columns:
# 248-292
name=unknown_C
#
# <colnr> <probs for GDERKNQSTAVLIFYWHMCP>
#	G	D	E	R	K	N	Q	S	T	A	V	L	I	F	Y	W	H	M	C	P
0	0.14716	0.05472	0.05214	0.01444	0.01900	0.29869	0.01193	0.19254	0.02009	0.11014	0.01333	0.01396	0.00986	0.00704	0.00583	0.00186	0.00862	0.00483	0.00480	0.00899
1	0.01327	0.01196	0.02055	0.44994	0.18616	0.01361	0.05208	0.01653	0.01299	0.01724	0.01189	0.01766	0.00959	0.00883	0.00951	0.12363	0.00823	0.00593	0.00301	0.00739
2	0.01192	0.00887	0.00942	0.00892	0.00985	0.04330	0.00591	0.08237	0.01262	0.01684	0.01994	0.06203	0.02136	0.50477	0.11548	0.00589	0.00790	0.00881	0.03852	0.00528
3	0.00943	0.00697	0.01016	0.01016	0.01119	0.00800	0.00770	0.01149	0.01046	0.01497	0.01802	0.02800	0.01738	0.13846	0.65473	0.01006	0.01624	0.00737	0.00358	0.00564
4	0.01015	0.00690	0.00905	0.00845	0.01013	0.00634	0.00636	0.01318	0.01850	0.05635	0.67732	0.06562	0.05970	0.01341	0.00773	0.00208	0.00323	0.01185	0.00726	0.00640
5	0.00940	0.00705	0.01058	0.01058	0.01176	0.00823	0.00823	0.01176	0.01058	0.01528	0.01763	0.02586	0.01646	0.04937	0.74255	0.01058	0.01763	0.00705	0.00353	0.00588
6	0.00986	0.00747	0.00898	0.00838	0.01032	0.00702	0.00635	0.03968	0.04640	0.02504	0.51578	0.05017	0.21223	0.01380	0.00768	0.00211	0.00341	0.01195	0.00694	0.00642
7	0.02234	0.27021	0.02376	0.01512	0.01924	0.51145	0.01225	0.02417	0.01695	0.01591	0.00985	0.01145	0.00847	0.00641	0.00538	0.00160	0.01032	0.00401	0.00321	0.00790
8	0.01091	0.00797	0.00979	0.01005	0.01157	0.00806	0.00730	0.03456	0.13744	0.04183	0.17604	0.42404	0.04144	0.01631	0.00789	0.00245	0.00413	0.03492	0.00652	0.00676
9	0.16083	0.01545	0.09075	0.01661	0.11949	0.03440	0.03200	0.07206	0.05358	0.23323	0.09003	0.02055	0.01717	0.00772	0.00625	0.00203	0.00644	0.00629	0.00562	0.00949
10	0.01996	0.04859	0.01834	0.01342	0.01834	0.01527	0.04018	0.29508	0.04042	0.10495	0.01559	0.01676	0.01174	0.01029	0.06310	0.00241	0.03658	0.00557	0.00537	0.21806
11	0.05110	0.14233	0.01880	0.01360	0.04845	0.03090	0.01062	0.16856	0.21239	0.10513	0.07332	0.02180	0.01810	0.04723	0.00758	0.00219	0.00613	0.00654	0.00576	0.00949
12	0.12230	0.18976	0.23883	0.05898	0.11624	0.03797	0.01601	0.04792	0.01440	0.05147	0.01201	0.01477	0.00957	0.03596	0.00665	0.00207	0.00786	0.00486	0.00348	0.00889
13	0.01402	0.14182	0.49890	0.01842	0.02674	0.01669	0.11682	0.02033	0.01426	0.02032	0.04360	0.01552	0.01100	0.00639	0.00623	0.00200	0.00922	0.00539	0.00306	0.00926
14	0.01684	0.01265	0.01412	0.01285	0.01627	0.01402	0.01015	0.06513	0.47271	0.09778	0.02782	0.08555	0.02314	0.01079	0.00710	0.00233	0.00535	0.08903	0.00672	0.00964
15	0.01551	0.01912	0.16141	0.05943	0.48682	0.01565	0.07790	0.02082	0.04020	0.02140	0.01285	0.01631	0.01029	0.00605	0.00658	0.00202	0.00840	0.00589	0.00329	0.01005
16	0.03490	0.00725	0.00929	0.01006	0.01096	0.00735	0.00717	0.04414	0.01361	0.04117	0.03266	0.61513	0.03797	0.01860	0.00883	0.00263	0.04291	0.04340	0.00597	0.00599
17	0.02928	0.01161	0.01553	0.01191	0.01701	0.01029	0.00984	0.07036	0.01953	0.69289	0.02539	0.02203	0.01601	0.00813	0.00662	0.00203	0.00570	0.00658	0.00806	0.01120
18	0.01668	0.01429	0.01506	0.01346	0.01724	0.01652	0.01049	0.05868	0.69148	0.02803	0.02641	0.02425	0.01978	0.00890	0.00669	0.00222	0.00528	0.00739	0.00669	0.01045
19	0.01594	0.01352	0.01782	0.38729	0.03161	0.03602	0.01454	0.10989	0.20007	0.05139	0.01760	0.04631	0.01361	0.00794	0.00666	0.00217	0.00743	0.00673	0.00472	0.00872
20	0.00935	0.00633	0.00743	0.00764	0.00776	0.00634	0.00451	0.00963	0.01005	0.01346	0.02275	0.14307	0.02628	0.62557	0.06786	0.00609	0.00662	0.01072	0.00426	0.00428
21	0.02040	0.01877	0.02043	0.08185	0.10547	0.14190	0.05371	0.26335	0.17450	0.02845	0.01635	0.01737	0.01231	0.00745	0.00656	0.00201	0.00801	0.00606	0.00517	0.00986
22	0.01813	0.05207	0.04208	0.01464	0.01983	0.01167	0.16378	0.02195	0.03606	0.22159	0.05646	0.08081	0.01741	0.00790	0.00652	0.00184	0.00655	0.00729	0.00532	0.20809
23	0.01875	0.16258	0.02468	0.14011	0.28701	0.07676	0.01579	0.08800	0.01662	0.08976	0.01312	0.01556	0.01027	0.00643	0.00605	0.00188	0.00788	0.00536	0.00393	0.00947
24	0.01394	0.15766	0.61737	0.01751	0.02655	0.01709	0.02214	0.02066	0.01381	0.01995	0.01137	0.01334	0.00836	0.00615	0.00591	0.00197	0.00928	0.00464	0.00279	0.00951
25	0.00800	0.00642	0.00716	0.00766	0.00928	0.00558	0.00557	0.00960	0.01439	0.01781	0.07540	0.27444	0.47627	0.01782	0.00801	0.00238	0.00357	0.03894	0.00614	0.00553
26	0.04904	0.06593	0.45359	0.01756	0.05260	0.06108	0.01932	0.05365	0.04905	0.09718	0.01389	0.01507	0.00992	0.00664	0.00613	0.00202	0.00870	0.00510	0.00382	0.00971
27	0.00969	0.00648	0.00766	0.00766	0.00793	0.00666	0.00469	0.01023	0.00996	0.01379	0.02029	0.03937	0.02237	0.61427	0.14408	0.00679	0.00798	0.00899	0.04670	0.00440
28	0.00925	0.00680	0.00815	0.00802	0.00984	0.00606	0.00606	0.01162	0.01655	0.04184	0.35553	0.11207	0.31762	0.01539	0.00786	0.00223	0.00348	0.04893	0.00667	0.00602
29	0.01601	0.01578	0.02824	0.07048	0.59250	0.01575	0.12310	0.02019	0.01499	0.02123	0.01249	0.01657	0.01029	0.00585	0.00671	0.00201	0.00836	0.00615	0.00325	0.01005
30	0.01257	0.00676	0.01011	0.04893	0.01141	0.00713	0.00704	0.01060	0.00943	0.04904	0.01205	0.01972	0.01140	0.02066	0.02351	0.68276	0.04422	0.00577	0.00314	0.00375
31	0.02371	0.01064	0.01339	0.01082	0.01480	0.00995	0.00867	0.09358	0.03880	0.45251	0.02454	0.06285	0.01785	0.04787	0.00777	0.00221	0.00528	0.00729	0.13779	0.00967
32	0.00789	0.00654	0.00692	0.00711	0.00903	0.00556	0.00522	0.00956	0.01485	0.01809	0.09661	0.16257	0.59322	0.01707	0.00787	0.00228	0.00339	0.01448	0.00617	0.00556
33	0.03364	0.02504	0.36339	0.02238	0.10152	0.04422	0.19861	0.02214	0.01506	0.09141	0.01354	0.01585	0.00976	0.00624	0.00665	0.00209	0.00946	0.00585	0.00356	0.00959
34	0.01463	0.01511	0.05800	0.12622	0.18341	0.01447	0.23319	0.04881	0.05069	0.02186	0.05308	0.02671	0.01684	0.00817	0.00733	0.00224	0.00844	0.09799	0.00411	0.00870
35	0.00966	0.00676	0.00802	0.00845	0.00926	0.00663	0.00587	0.01133	0.03249	0.01654	0.05071	0.14946	0.11156	0.36230	0.01974	0.00431	0.00533	0.13300	0.04350	0.00509
36	0.05778	0.00760	0.00899	0.00894	0.01084	0.00738	0.00686	0.03297	0.01492	0.09979	0.08868	0.20619	0.08050	0.04090	0.00791	0.00238	0.00432	0.10763	0.19886	0.00658
37	0.09836	0.07896	0.12670	0.01421	0.04795	0.12191	0.01224	0.04211	0.17691	0.04227	0.05385	0.03986	0.08957	0.00888	0.00627	0.00203	0.00690	0.01759	0.00486	0.00857
38	0.01771	0.08094	0.19763	0.05400	0.04151	0.11754	0.02811	0.14502	0.01754	0.05889	0.01549	0.10054	0.01350	0.00858	0.00726	0.00204	0.05065	0.00670	0.00429	0.03208
39	0.42299	0.08104	0.01644	0.05800	0.08126	0.01695	0.01063	0.17418	0.01653	0.05095	0.01161	0.01311	0.00884	0.00654	0.00510	0.00197	0.00623	0.00453	0.00451	0.00859
40	0.11354	0.01807	0.10318	0.03869	0.05349	0.08632	0.03269	0.18907	0.10202	0.02659	0.01654	0.05596	0.01400	0.04692	0.00767	0.00225	0.00730	0.02696	0.00483	0.05392
41	0.01380	0.01216	0.05720	0.05243	0.06731	0.04747	0.01020	0.05069	0.08356	0.07701	0.10357	0.07414	0.16893	0.01556	0.09204	0.00308	0.00697	0.00912	0.04708	0.00768
42	0.01204	0.05023	0.07250	0.00938	0.01287	0.00870	0.00819	0.03466	0.01636	0.08135	0.21716	0.06164	0.29068	0.01241	0.00707	0.00200	0.00448	0.01042	0.00593	0.08193
43	0.01518	0.03922	0.10314	0.12677	0.06296	0.04806	0.21634	0.05373	0.01542	0.04048	0.05839	0.02131	0.06069	0.00799	0.00878	0.00220	0.10006	0.00708	0.00386	0.00835
44	0.01623	0.07169	0.25323	0.04549	0.05286	0.05544	0.07852	0.04130	0.04457	0.09962	0.06689	0.01988	0.03502	0.00850	0.02737	0.00220	0.00820	0.00618	0.00427	0.06254

[dist]
# distance from previous block
# <min> <max>
1	16

[block]
# block no. 3 follows, 33 sequences, length 13
# corresponding to MSA columns:
# 309-321
name=unknown_D
#
# <colnr> <probs for GDERKNQSTAVLIFYWHMCP>
#	G	D	E	R	K	N	Q	S	T	A	V	L	I	F	Y	W	H	M	C	P
0	0.07642	0.17118	0.06097	0.01724	0.10531	0.04097	0.04334	0.14405	0.13172	0.09341	0.01555	0.01630	0.01180	0.00717	0.00653	0.00195	0.03606	0.00554	0.00481	0.00968
1	0.02219	0.06237	0.01854	0.01423	0.01828	0.16417	0.01149	0.35787	0.04709	0.05722	0.01524	0.01673	0.01170	0.03044	0.00789	0.00205	0.05412	0.00564	0.07336	0.00940
2	0.07559	0.03796	0.01415	0.04599	0.06119	0.02913	0.00928	0.03952	0.03862	0.17352	0.07468	0.08875	0.10950	0.00956	0.00636	0.00188	0.00534	0.00795	0.00556	0.16545
3	0.00998	0.00693	0.00837	0.00798	0.00993	0.00614	0.00599	0.01240	0.01694	0.06808	0.39632	0.10102	0.29606	0.01476	0.00774	0.00216	0.00340	0.01274	0.00682	0.00624
4	0.01032	0.01373	0.18848	0.04492	0.01603	0.00893	0.01122	0.01421	0.01571	0.02200	0.34029	0.03975	0.11268	0.06068	0.04821	0.00285	0.00610	0.03161	0.00538	0.00690
5	0.01633	0.11144	0.08658	0.12512	0.25535	0.07312	0.05939	0.05013	0.07879	0.02074	0.01385	0.03934	0.01150	0.00696	0.00665	0.00200	0.02385	0.00602	0.00366	0.00919
6	0.01639	0.02725	0.50999	0.01737	0.02549	0.01415	0.04756	0.05244	0.01562	0.14084	0.01585	0.01930	0.01170	0.00736	0.00657	0.00214	0.00876	0.04739	0.00407	0.00978
7	0.00861	0.00666	0.00785	0.00765	0.00942	0.00590	0.00570	0.01102	0.01682	0.02232	0.41472	0.08913	0.34020	0.01515	0.00780	0.00216	0.00324	0.01307	0.00672	0.00590
8	0.01959	0.38106	0.02690	0.01569	0.06227	0.25353	0.01268	0.04020	0.01527	0.01681	0.00980	0.01192	0.00868	0.00675	0.00697	0.00172	0.09455	0.00422	0.00314	0.00824
9	0.03799	0.05066	0.06469	0.37028	0.09143	0.10413	0.04925	0.01945	0.05183	0.01887	0.04368	0.04274	0.01290	0.00731	0.00647	0.00208	0.00846	0.00629	0.00354	0.00794
10	0.00835	0.00669	0.00749	0.00754	0.00945	0.00583	0.00571	0.01043	0.01578	0.01997	0.22500	0.09797	0.48263	0.01619	0.00789	0.00226	0.00347	0.05523	0.00639	0.00574
11	0.00905	0.00710	0.01010	0.16073	0.01673	0.00735	0.00844	0.01097	0.01312	0.01730	0.07528	0.48948	0.08247	0.04916	0.00903	0.00267	0.00486	0.01495	0.00544	0.00576
12	0.06826	0.01516	0.05053	0.18631	0.05758	0.07430	0.05761	0.12673	0.04702	0.08865	0.04882	0.08244	0.05070	0.00885	0.00670	0.00212	0.00735	0.00752	0.00488	0.00848

[dist]
# distance from previous block
# <min> <max>
1	31

[block]
# block no. 4 follows, 33 sequences, length 20
# corresponding to MSA columns:
# 353-372
name=unknown_E
#
# <colnr> <probs for GDERKNQSTAVLIFYWHMCP>
#	G	D	E	R	K	N	Q	S	T	A	V	L	I	F	Y	W	H	M	C	P
0	0.04274	0.03898	0.09189	0.03755	0.05284	0.05112	0.05787	0.06076	0.08699	0.08887	0.04587	0.03893	0.07651	0.03452	0.00727	0.00208	0.00649	0.02032	0.06254	0.09586
1	0.16449	0.03014	0.01764	0.19780	0.13983	0.07453	0.01339	0.08617	0.03898	0.04097	0.01423	0.01999	0.01196	0.03542	0.00708	0.00220	0.00737	0.04810	0.00413	0.04560
2	0.01042	0.04578	0.00956	0.00895	0.00939	0.00663	0.00616	0.00939	0.01040	0.01375	0.02103	0.31055	0.02383	0.02109	0.01783	0.45124	0.00504	0.01068	0.00413	0.00412
3	0.04430	0.14084	0.02140	0.10544	0.07724	0.14977	0.05651	0.03593	0.11859	0.04297	0.03863	0.01682	0.01275	0.00678	0.00591	0.00179	0.00768	0.00545	0.00414	0.10704
4	0.01522	0.01417	0.02164	0.15298	0.21209	0.03579	0.09264	0.08742	0.06277	0.02153	0.01595	0.08906	0.01419	0.01127	0.05869	0.00278	0.07169	0.00744	0.00404	0.00863
5	0.01114	0.00844	0.01210	0.15926	0.03996	0.00954	0.00951	0.03271	0.01227	0.01728	0.04076	0.04400	0.03881	0.14570	0.24345	0.05167	0.02885	0.00757	0.08094	0.00603
6	0.01445	0.00956	0.01093	0.00976	0.01257	0.00953	0.00756	0.08317	0.13797	0.11754	0.19279	0.08531	0.19187	0.01218	0.00710	0.00211	0.00428	0.01030	0.07316	0.00784
7	0.01937	0.03920	0.01703	0.01369	0.01785	0.01754	0.01099	0.31207	0.34147	0.03175	0.02088	0.02111	0.01590	0.03381	0.05448	0.00276	0.00695	0.00673	0.00624	0.01020
8	0.01004	0.00769	0.01059	0.01026	0.01092	0.00902	0.00758	0.01153	0.01020	0.01453	0.01759	0.03010	0.01797	0.27760	0.42942	0.00833	0.09989	0.00772	0.00360	0.00542
9	0.01876	0.01416	0.01763	0.10544	0.02203	0.01569	0.05525	0.11098	0.40340	0.12888	0.02266	0.02192	0.01646	0.00819	0.00673	0.00217	0.00632	0.00697	0.00622	0.01014
10	0.01222	0.01052	0.08480	0.01053	0.03868	0.00813	0.00863	0.03807	0.01683	0.08024	0.31591	0.05649	0.14548	0.03775	0.00795	0.00218	0.00446	0.01001	0.10404	0.00709
11	0.58925	0.05882	0.04451	0.07885	0.01712	0.04009	0.00939	0.01930	0.01202	0.02626	0.00969	0.01166	0.00760	0.00609	0.00452	0.00195	0.00598	0.00387	0.00380	0.04924
12	0.02377	0.01680	0.01827	0.01415	0.01910	0.01826	0.01164	0.59122	0.02870	0.08927	0.04507	0.02028	0.05535	0.00864	0.00670	0.00200	0.00675	0.00666	0.00669	0.01069
13	0.11625	0.01348	0.01536	0.01523	0.08541	0.01481	0.01101	0.14486	0.28334	0.06955	0.02268	0.07595	0.01911	0.00976	0.00668	0.00223	0.00582	0.07305	0.00600	0.00942
14	0.01786	0.04784	0.24980	0.01787	0.06993	0.08409	0.07309	0.02336	0.06565	0.14687	0.01633	0.03880	0.01239	0.00757	0.00738	0.00207	0.05755	0.00609	0.04617	0.00929
15	0.00945	0.00610	0.00810	0.00924	0.00990	0.00567	0.00624	0.01063	0.01286	0.06174	0.03495	0.68578	0.04096	0.05278	0.00940	0.00280	0.00404	0.01755	0.00615	0.00566
16	0.01394	0.00929	0.01091	0.01055	0.01266	0.00965	0.00810	0.10725	0.11116	0.06801	0.02799	0.23956	0.02789	0.06749	0.00912	0.00263	0.00500	0.11962	0.13187	0.00732
17	0.04396	0.08467	0.02943	0.07435	0.05384	0.01753	0.34181	0.10244	0.09240	0.04795	0.01469	0.01736	0.01109	0.00658	0.00733	0.00212	0.03239	0.00668	0.00417	0.00919
18	0.01264	0.00988	0.01216	0.01129	0.01301	0.05557	0.02915	0.01615	0.07725	0.05863	0.01878	0.02708	0.01720	0.16410	0.39350	0.00725	0.03431	0.00729	0.02823	0.00653
19	0.03851	0.03813	0.24820	0.06810	0.10941	0.03347	0.07892	0.06788	0.08110	0.04865	0.03799	0.02090	0.01393	0.00752	0.00658	0.00209	0.00807	0.04858	0.00416	0.03782

[dist]
# distance from previous block
# <min> <max>
0	12

[block]
# block no. 5 follows, 33 sequences, length 45
# corresponding to MSA columns:
# 385-429
name=unknown_F
#
# <colnr> <probs for GDERKNQSTAVLIFYWHMCP>
#	G	D	E	R	K	N	Q	S	T	A	V	L	I	F	Y	W	H	M	C	P
0	0.04949	0.15710	0.29350	0.01477	0.02121	0.03499	0.05384	0.03989	0.01508	0.08401	0.05286	0.02029	0.07554	0.00768	0.00643	0.00194	0.02459	0.00604	0.00404	0.03671
1	0.00869	0.00628	0.00802	0.00912	0.00999	0.00588	0.00659	0.01005	0.01313	0.01703	0.03922	0.43935	0.15602	0.07374	0.01084	0.03076	0.00440	0.13972	0.00584	0.00533
2	0.06667	0.07324	0.01821	0.01411	0.01843	0.15633	0.03453	0.12663	0.29417	0.05910	0.01834	0.01808	0.01386	0.00758	0.00613	0.00194	0.00711	0.00587	0.00541	0.05426
3	0.02447	0.01344	0.04813	0.01265	0.01813	0.01140	0.03456	0.10580	0.03621	0.44427	0.02105	0.01950	0.01399	0.00734	0.00631	0.00184	0.00602	0.00601	0.00672	0.16215
4	0.01591	0.01135	0.01297	0.01170	0.01456	0.01197	0.00902	0.22126	0.13119	0.07278	0.05783	0.28350	0.06798	0.01358	0.00744	0.00232	0.00519	0.03459	0.00652	0.00834
5	0.01355	0.05706	0.50719	0.14752	0.08223	0.01567	0.04642	0.02007	0.01389	0.02000	0.01179	0.01471	0.00863	0.00623	0.00630	0.00207	0.00937	0.00516	0.00286	0.00928
6	0.01268	0.00888	0.01002	0.00913	0.01183	0.00855	0.00703	0.05359	0.12257	0.09958	0.18273	0.08388	0.33661	0.01368	0.00746	0.00218	0.00405	0.01156	0.00667	0.00732
7	0.01366	0.07583	0.63527	0.01908	0.02831	0.01603	0.08055	0.02080	0.01401	0.02056	0.01178	0.01403	0.00848	0.00616	0.00626	0.00206	0.00969	0.00503	0.00283	0.00958
8	0.07107	0.15796	0.16870	0.06859	0.12283	0.06153	0.09186	0.05928	0.01543	0.04023	0.04750	0.01643	0.01210	0.00794	0.02974	0.00220	0.00854	0.00555	0.00366	0.00885
9	0.00830	0.00604	0.00773	0.00877	0.00951	0.00559	0.00603	0.00973	0.01350	0.01791	0.11832	0.54481	0.12251	0.05648	0.00953	0.00275	0.00388	0.03707	0.00614	0.00543
10	0.00798	0.00587	0.00749	0.00879	0.00945	0.00538	0.00594	0.00921	0.01297	0.01695	0.04091	0.65762	0.14728	0.02002	0.00831	0.00260	0.00375	0.01798	0.00611	0.00538
11	0.01544	0.03750	0.03799	0.01169	0.03927	0.04650	0.00898	0.07547	0.07010	0.13348	0.16585	0.11076	0.12845	0.06445	0.00898	0.00243	0.00536	0.02337	0.00612	0.00781
12	0.01428	0.01676	0.12021	0.30301	0.24000	0.01551	0.09457	0.01970	0.04890	0.01971	0.01274	0.01695	0.00989	0.00650	0.00716	0.00214	0.03386	0.00601	0.00323	0.00888
13	0.00816	0.00583	0.00780	0.00932	0.00977	0.00547	0.00635	0.00941	0.01274	0.01696	0.03621	0.72741	0.04324	0.02049	0.00844	0.00269	0.00394	0.05428	0.00611	0.00539
14	0.01331	0.00715	0.00760	0.00723	0.00913	0.00726	0.00553	0.04050	0.03969	0.05581	0.02303	0.02557	0.04142	0.01039	0.04618	0.00213	0.00423	0.00652	0.64069	0.00666
15	0.04307	0.07410	0.39280	0.06730	0.05440	0.01630	0.11705	0.05750	0.01502	0.05690	0.01259	0.01499	0.00921	0.00648	0.00686	0.00208	0.03515	0.00542	0.00341	0.00937
16	0.01030	0.04581	0.01238	0.07063	0.05391	0.00919	0.00902	0.03188	0.01281	0.01734	0.02594	0.41077	0.02896	0.02409	0.18073	0.00438	0.02798	0.01277	0.00486	0.00628
17	0.01544	0.01477	0.02518	0.19738	0.57725	0.01542	0.01978	0.01946	0.01459	0.02047	0.01223	0.01657	0.01006	0.00602	0.00653	0.00201	0.00803	0.00586	0.00319	0.00974
18	0.01144	0.00572	0.00858	0.00858	0.00858	0.00572	0.00572	0.00858	0.00858	0.01144	0.01144	0.02001	0.01144	0.02287	0.02573	0.80846	0.00572	0.00572	0.00286	0.00286
19	0.00930	0.00634	0.00730	0.00745	0.00768	0.00622	0.00440	0.00968	0.01067	0.01422	0.06388	0.12791	0.05936	0.60647	0.02802	0.00553	0.00577	0.01095	0.00451	0.00434
20	0.01101	0.00872	0.01092	0.01066	0.01209	0.04945	0.00823	0.03672	0.01194	0.01683	0.01753	0.02518	0.01609	0.06502	0.59992	0.00899	0.01554	0.00687	0.06217	0.00612
21	0.01306	0.01460	0.09793	0.53747	0.14869	0.01462	0.01898	0.01768	0.01359	0.01808	0.01260	0.01887	0.00997	0.00683	0.00662	0.00217	0.00864	0.02853	0.00307	0.00802
22	0.01809	0.07895	0.01729	0.01370	0.01758	0.10666	0.01089	0.10811	0.45403	0.02605	0.02152	0.02091	0.01648	0.01054	0.04750	0.00254	0.00711	0.00653	0.00578	0.00975
23	0.07119	0.10418	0.08840	0.07923	0.08817	0.05924	0.06061	0.13964	0.01757	0.10389	0.01365	0.01523	0.01020	0.00646	0.00593	0.00181	0.00753	0.00521	0.00441	0.11745
24	0.04742	0.09800	0.17188	0.06754	0.11905	0.15811	0.09565	0.02223	0.07147	0.01979	0.01237	0.01494	0.00980	0.00674	0.00718	0.00201	0.05822	0.00536	0.00341	0.00883
25	0.81514	0.01273	0.00968	0.00866	0.01273	0.01477	0.00713	0.01935	0.01120	0.02954	0.00917	0.01069	0.00713	0.00611	0.00407	0.00204	0.00509	0.00356	0.00407	0.00713
26	0.01508	0.01803	0.16361	0.25465	0.27082	0.01546	0.01905	0.08127	0.03750	0.02203	0.03176	0.01730	0.01124	0.00665	0.00653	0.00207	0.00824	0.00588	0.00357	0.00927
27	0.00886	0.00665	0.00789	0.00785	0.00906	0.00642	0.00550	0.01032	0.01288	0.01683	0.12726	0.06121	0.26973	0.25574	0.16023	0.00514	0.00707	0.01105	0.00509	0.00522
28	0.72120	0.01356	0.01072	0.00938	0.01355	0.03451	0.00770	0.06439	0.01289	0.04918	0.01008	0.01138	0.00768	0.00630	0.00436	0.00202	0.00543	0.00382	0.00433	0.00752
29	0.00899	0.00649	0.00858	0.00985	0.01079	0.00619	0.00746	0.01083	0.01373	0.01800	0.05918	0.41916	0.09773	0.05075	0.00962	0.00290	0.00463	0.24349	0.00604	0.00558
30	0.05149	0.65826	0.03138	0.01121	0.01672	0.02380	0.01092	0.02105	0.01389	0.09446	0.01099	0.01186	0.00925	0.00593	0.00448	0.00150	0.00680	0.00386	0.00345	0.00870
31	0.00865	0.00638	0.00814	0.00890	0.00986	0.00601	0.00621	0.01101	0.04116	0.01975	0.21472	0.49655	0.10203	0.01802	0.00812	0.00247	0.00365	0.01615	0.00642	0.00578
32	0.01333	0.01262	0.02137	0.58725	0.20389	0.01486	0.01873	0.01761	0.01359	0.01791	0.01186	0.01726	0.00916	0.00642	0.00657	0.00214	0.00855	0.00585	0.00300	0.00804
33	0.08546	0.00773	0.00861	0.00795	0.01007	0.00757	0.00590	0.01754	0.01381	0.16500	0.02268	0.10051	0.01970	0.12855	0.00989	0.00256	0.00435	0.00782	0.36748	0.00683
34	0.00932	0.00653	0.00790	0.00843	0.00980	0.00587	0.00605	0.01089	0.01413	0.05331	0.09148	0.36125	0.27635	0.05806	0.00944	0.00266	0.00396	0.05264	0.00617	0.00574
35	0.01935	0.00907	0.01185	0.01004	0.01329	0.00813	0.00785	0.02222	0.03912	0.37432	0.20987	0.09754	0.08707	0.04912	0.00850	0.00234	0.00465	0.00977	0.00733	0.00858
36	0.01320	0.03405	0.73453	0.01876	0.02849	0.01529	0.02432	0.02085	0.01390	0.02085	0.01181	0.01390	0.00834	0.00625	0.00625	0.00208	0.00973	0.00486	0.00278	0.00973
37	0.00851	0.00614	0.00816	0.00960	0.01030	0.00579	0.00692	0.01004	0.01322	0.01741	0.03764	0.59407	0.07892	0.01994	0.00850	0.00272	0.00422	0.14630	0.00610	0.00550
38	0.01516	0.02595	0.36014	0.02410	0.12364	0.06846	0.21922	0.02104	0.01473	0.02048	0.01209	0.01521	0.00912	0.00623	0.00726	0.00211	0.03684	0.00583	0.00305	0.00934
39	0.01515	0.30866	0.39823	0.01584	0.02350	0.01944	0.03951	0.02146	0.06501	0.01934	0.01196	0.01355	0.00929	0.00620	0.00557	0.00185	0.00843	0.00464	0.00310	0.00927
40	0.01102	0.03246	0.01187	0.01106	0.01252	0.07686	0.00856	0.01320	0.01146	0.01536	0.01743	0.05102	0.01662	0.06007	0.60855	0.00909	0.01601	0.00716	0.00360	0.00606
41	0.00799	0.00586	0.00750	0.00881	0.00946	0.00538	0.00595	0.00921	0.01294	0.01694	0.04060	0.66485	0.14025	0.02006	0.00831	0.00261	0.00375	0.01803	0.00611	0.00538
42	0.01168	0.00980	0.01335	0.10387	0.07984	0.01001	0.03289	0.06472	0.07429	0.02227	0.17846	0.14892	0.19824	0.01276	0.00744	0.00222	0.00513	0.01120	0.00569	0.00723
43	0.04764	0.11821	0.25168	0.04370	0.02291	0.11469	0.01597	0.19051	0.04082	0.07346	0.01358	0.01462	0.00996	0.00687	0.00601	0.00193	0.00845	0.00507	0.00434	0.00959
44	0.01796	0.02103	0.09681	0.09682	0.04495	0.23969	0.01372	0.07021	0.20567	0.02191	0.01967	0.02232	0.05163	0.00841	0.00656	0.00206	0.00832	0.03890	0.00465	0.00872

[dist]
# distance from previous block
# <min> <max>
0	1

[block]
# block no. 6 follows, 33 sequences, length 20
# corresponding to MSA columns:
# 431-450
name=unknown_G
#
# <colnr> <probs for GDERKNQSTAVLIFYWHMCP>
#	G	D	E	R	K	N	Q	S	T	A	V	L	I	F	Y	W	H	M	C	P
0	0.10265	0.14523	0.22746	0.01563	0.02182	0.09559	0.06056	0.13840	0.04116	0.04697	0.01346	0.01607	0.01050	0.00699	0.00594	0.00195	0.00829	0.02807	0.00409	0.00916
1	0.00921	0.00683	0.00853	0.00920	0.01029	0.00661	0.00661	0.01208	0.06282	0.01937	0.16299	0.38476	0.10822	0.07926	0.01024	0.00283	0.00418	0.08395	0.00618	0.00584
2	0.01560	0.01345	0.01510	0.01275	0.03921	0.07018	0.03092	0.10495	0.04032	0.03819	0.06356	0.08174	0.01845	0.00842	0.00618	0.00164	0.00594	0.05256	0.00489	0.37596
3	0.01563	0.04041	0.05562	0.06311	0.03704	0.03980	0.07487	0.09109	0.17453	0.05892	0.04642	0.12868	0.05067	0.00977	0.00678	0.00208	0.00639	0.00852	0.02647	0.06319
4	0.01227	0.00614	0.00614	0.00614	0.00767	0.00614	0.00460	0.01534	0.01381	0.02454	0.02148	0.02454	0.01687	0.00767	0.00460	0.00153	0.00307	0.00614	0.80518	0.00614
5	0.01561	0.01635	0.11327	0.01694	0.02232	0.01364	0.22153	0.11194	0.07682	0.04692	0.10530	0.02294	0.03745	0.00769	0.00679	0.00198	0.00737	0.00728	0.06048	0.08740
6	0.01760	0.01644	0.01547	0.04098	0.01742	0.20175	0.02940	0.08821	0.10366	0.07262	0.20209	0.02735	0.05646	0.01066	0.02510	0.00225	0.05128	0.00769	0.00551	0.00806
7	0.01227	0.00614	0.00614	0.00614	0.00767	0.00614	0.00460	0.01534	0.01381	0.02454	0.02148	0.02454	0.01687	0.00767	0.00460	0.00153	0.00307	0.00614	0.80518	0.00614
8	0.01738	0.14784	0.07294	0.02009	0.12945	0.14805	0.07866	0.06173	0.01557	0.01983	0.06040	0.01637	0.01283	0.00780	0.00930	0.00205	0.16193	0.00569	0.00358	0.00849
9	0.01525	0.07383	0.14881	0.20381	0.13724	0.01703	0.07320	0.06814	0.08256	0.02115	0.01321	0.01646	0.01028	0.00707	0.00796	0.00214	0.08347	0.00581	0.00359	0.00899
10	0.00876	0.00677	0.00806	0.00856	0.00993	0.00633	0.00610	0.01162	0.06325	0.01953	0.16593	0.37917	0.24700	0.01738	0.00799	0.00240	0.00365	0.01530	0.00635	0.00591
11	0.01817	0.00983	0.01238	0.01055	0.01384	0.00948	0.00831	0.02410	0.15496	0.28747	0.32976	0.03447	0.03697	0.01061	0.00713	0.00209	0.00444	0.00908	0.00747	0.00888
12	0.01258	0.00954	0.01153	0.01094	0.01306	0.03322	0.03811	0.06495	0.09482	0.06937	0.07415	0.38270	0.12769	0.01547	0.00773	0.00238	0.00483	0.01369	0.00620	0.00705
13	0.01516	0.01776	0.09965	0.02295	0.02852	0.01603	0.43889	0.06708	0.01552	0.02146	0.01420	0.02008	0.01154	0.01042	0.06797	0.00296	0.08074	0.03687	0.00360	0.00860
14	0.81514	0.01273	0.00968	0.00866	0.01273	0.01477	0.00713	0.01935	0.01120	0.02954	0.00917	0.01069	0.00713	0.00611	0.00407	0.00204	0.00509	0.00356	0.00407	0.00713
15	0.01124	0.00719	0.00922	0.00845	0.01045	0.00649	0.00643	0.01412	0.01822	0.09896	0.57228	0.04809	0.13700	0.01329	0.00765	0.00209	0.00339	0.01159	0.00720	0.00665
16	0.01090	0.00941	0.01479	0.09936	0.04252	0.00944	0.09997	0.01452	0.04530	0.01905	0.03415	0.19031	0.15114	0.01459	0.00807	0.00254	0.00613	0.21583	0.00530	0.00668
17	0.01198	0.00617	0.00617	0.00617	0.00775	0.00610	0.00463	0.01495	0.01388	0.02410	0.02446	0.02711	0.06361	0.00826	0.00481	0.00158	0.00309	0.00665	0.75244	0.00610
18	0.23965	0.03933	0.01698	0.03815	0.04282	0.08553	0.07659	0.10994	0.10974	0.02568	0.01687	0.09581	0.01496	0.00863	0.00610	0.00209	0.00679	0.02995	0.00479	0.02959
19	0.19630	0.06455	0.05377	0.01195	0.01553	0.14550	0.01009	0.09044	0.04196	0.04863	0.01470	0.03961	0.01196	0.00774	0.00650	0.00192	0.06107	0.00540	0.16451	0.00787

[dist]
# distance from previous block
# <min> <max>
1	22

[block]
# block no. 7 follows, 33 sequences, length 18
# corresponding to MSA columns:
# 473-490
name=unknown_H
#
# <colnr> <probs for GDERKNQSTAVLIFYWHMCP>
#	G	D	E	R	K	N	Q	S	T	A	V	L	I	F	Y	W	H	M	C	P
0	0.01674	0.01794	0.10935	0.13917	0.04738	0.14450	0.03241	0.08241	0.01604	0.05218	0.01440	0.05150	0.01188	0.00837	0.00750	0.05778	0.00782	0.00589	0.06488	0.11187
1	0.01902	0.01573	0.03630	0.08664	0.04389	0.05517	0.06910	0.20807	0.11458	0.09790	0.04177	0.02118	0.01502	0.01050	0.04472	0.00259	0.07465	0.02855	0.00530	0.00932
2	0.09162	0.00991	0.01191	0.01041	0.01375	0.00963	0.00845	0.07014	0.04026	0.24947	0.14193	0.03821	0.13464	0.01322	0.03957	0.00258	0.00550	0.09387	0.00668	0.00825
3	0.01118	0.00575	0.00847	0.00854	0.00856	0.00573	0.00566	0.00865	0.00882	0.01176	0.01310	0.05810	0.01361	0.05725	0.02523	0.73129	0.00565	0.00654	0.00307	0.00303
4	0.01440	0.01440	0.02016	0.01728	0.01728	0.02016	0.01440	0.01584	0.01008	0.01584	0.00864	0.01440	0.00864	0.01152	0.02160	0.00288	0.75659	0.00576	0.00288	0.00720
5	0.01016	0.00712	0.00898	0.00831	0.01027	0.00637	0.00627	0.01297	0.01771	0.05583	0.54629	0.07280	0.14785	0.01351	0.00760	0.00206	0.00335	0.01180	0.00694	0.04382
6	0.12977	0.53428	0.02783	0.01116	0.01644	0.02223	0.01054	0.04578	0.03836	0.09421	0.01177	0.01249	0.00959	0.00616	0.00462	0.00161	0.00656	0.00407	0.00382	0.00872
7	0.01227	0.00614	0.00614	0.00614	0.00767	0.00614	0.00460	0.01534	0.01381	0.02454	0.02148	0.02454	0.01687	0.00767	0.00460	0.00153	0.00307	0.00614	0.80518	0.00614
8	0.00917	0.00638	0.00806	0.00841	0.00877	0.00656	0.00544	0.00997	0.01051	0.01428	0.02365	0.20696	0.02680	0.43140	0.18857	0.00647	0.00834	0.01113	0.00438	0.00473
9	0.01528	0.07154	0.16670	0.15221	0.08879	0.01651	0.27779	0.02029	0.01443	0.05006	0.01265	0.01636	0.00958	0.00636	0.00768	0.00214	0.05325	0.00625	0.00329	0.00887
10	0.01329	0.01276	0.01802	0.01579	0.01605	0.01750	0.01302	0.01493	0.01019	0.01572	0.01065	0.01696	0.01039	0.01998	0.18269	0.00460	0.59148	0.00605	0.00302	0.00691
11	0.01186	0.04266	0.01771	0.01428	0.01644	0.01221	0.13428	0.01509	0.04363	0.01665	0.01613	0.02441	0.01506	0.12576	0.35864	0.00675	0.11099	0.00721	0.00358	0.00667
12	0.00856	0.00663	0.00792	0.00809	0.00974	0.00599	0.00608	0.01072	0.01557	0.02030	0.25961	0.16239	0.33945	0.01791	0.04229	0.00269	0.00419	0.05975	0.00634	0.00578
13	0.01809	0.01417	0.01682	0.01658	0.10455	0.06154	0.04072	0.07721	0.28102	0.12966	0.05688	0.08113	0.05314	0.00954	0.00688	0.00214	0.00614	0.00819	0.00607	0.00954
14	0.01440	0.01440	0.02016	0.01728	0.01728	0.02016	0.01440	0.01584	0.01008	0.01584	0.00864	0.01440	0.00864	0.01152	0.02160	0.00288	0.75659	0.00576	0.00288	0.00720
15	0.01022	0.00879	0.04081	0.01089	0.05713	0.00756	0.00795	0.03544	0.01793	0.02497	0.52193	0.07870	0.12608	0.01316	0.00761	0.00210	0.00388	0.01155	0.00660	0.00668
16	0.17909	0.06742	0.01798	0.03776	0.01909	0.14737	0.01133	0.30551	0.07547	0.05730	0.01417	0.01474	0.01053	0.00725	0.00583	0.00193	0.00746	0.00515	0.00523	0.00940
17	0.01575	0.11583	0.09826	0.07710	0.15317	0.01710	0.16377	0.04615	0.11821	0.02156	0.01409	0.01665	0.01107	0.00657	0.00705	0.00199	0.04115	0.00596	0.00380	0.06478

[dist]
# distance from previous block
# <min> <max>
2	4

[block]
# block no. 8 follows, 33 sequences, length 6
# corresponding to MSA columns:
# 495-500
name=unknown_I
#
# <colnr> <probs for GDERKNQSTAVLIFYWHMCP>
#	G	D	E	R	K	N	Q	S	T	A	V	L	I	F	Y	W	H	M	C	P
0	0.01379	0.00787	0.00819	0.00764	0.00962	0.00812	0.00584	0.11354	0.01617	0.02641	0.02172	0.07592	0.01796	0.00862	0.00516	0.00168	0.00372	0.00700	0.63422	0.00680
1	0.34893	0.17574	0.10300	0.04268	0.06229	0.10468	0.01197	0.02029	0.01327	0.02268	0.00999	0.01191	0.00807	0.00607	0.00487	0.00183	0.00717	0.00404	0.00348	0.03705
2	0.08097	0.01942	0.11823	0.06553	0.13736	0.07863	0.06348	0.18902	0.08542	0.07578	0.01503	0.01642	0.01110	0.00698	0.00638	0.00203	0.00797	0.00576	0.00472	0.00978
3	0.02095	0.11602	0.02058	0.01570	0.06667	0.05472	0.01209	0.38038	0.12327	0.03153	0.01685	0.05293	0.01346	0.00807	0.00628	0.00192	0.00694	0.00630	0.00560	0.03973
4	0.00850	0.00615	0.00776	0.00874	0.00946	0.00575	0.00602	0.00983	0.01308	0.01722	0.08435	0.47172	0.12697	0.12635	0.01192	0.00313	0.00425	0.06762	0.00588	0.00529
