[name]
unknown

[dist]
# distance from previous block
# <min> <max>
8	54

[block]
# block no. 0 follows, 34 sequences, length 21
# corresponding to MSA columns:
# 73-93
name=unknown_A
#
# <colnr> <probs for GDERKNQSTAVLIFYWHMCP>
#	G	D	E	R	K	N	Q	S	T	A	V	L	I	F	Y	W	H	M	C	P
0	0.20054	0.24680	0.04715	0.01124	0.01610	0.06317	0.01002	0.09545	0.04408	0.03943	0.05319	0.01460	0.01217	0.00651	0.00499	0.00165	0.00627	0.00457	0.00415	0.11790
1	0.05224	0.16284	0.08569	0.01199	0.01650	0.03831	0.01080	0.15519	0.09216	0.06364	0.12850	0.05117	0.05470	0.00879	0.00610	0.00188	0.00602	0.00698	0.00524	0.04127
2	0.01982	0.12425	0.13630	0.01520	0.01999	0.35267	0.03252	0.04878	0.01676	0.06157	0.03265	0.05035	0.01208	0.00727	0.00589	0.00176	0.00920	0.00535	0.00381	0.04378
3	0.06812	0.09625	0.40439	0.01929	0.10418	0.01578	0.06675	0.02177	0.05515	0.07004	0.01315	0.01483	0.00967	0.00626	0.00599	0.00198	0.00835	0.00514	0.00349	0.00942
4	0.01596	0.01092	0.01272	0.01050	0.01408	0.01056	0.00823	0.15380	0.08176	0.10780	0.09976	0.05501	0.10297	0.02719	0.02607	0.06973	0.00535	0.00772	0.00568	0.17421
5	0.01438	0.01458	0.02427	0.05300	0.16040	0.01738	0.15798	0.01720	0.01216	0.01777	0.01141	0.04736	0.01056	0.00921	0.01439	0.00248	0.39777	0.00662	0.00313	0.00795
6	0.01535	0.03624	0.06583	0.06253	0.14536	0.01413	0.05114	0.12652	0.15015	0.03831	0.02288	0.05517	0.09577	0.01120	0.05316	0.00256	0.00724	0.00749	0.00485	0.03411
7	0.01134	0.00813	0.01131	0.01067	0.01243	0.00785	0.05254	0.08101	0.01610	0.05627	0.20400	0.43039	0.04070	0.01571	0.00779	0.00235	0.00446	0.01420	0.00624	0.00653
8	0.01610	0.01426	0.04053	0.01315	0.01662	0.09717	0.07655	0.15699	0.05696	0.06861	0.24563	0.09432	0.05424	0.01054	0.00706	0.00205	0.00617	0.00911	0.00591	0.00803
9	0.00781	0.00609	0.00710	0.00783	0.00908	0.00537	0.00550	0.00924	0.01367	0.01727	0.07412	0.41567	0.36186	0.01820	0.00794	0.00240	0.00350	0.01594	0.00604	0.00537
10	0.01619	0.01325	0.04065	0.01459	0.10587	0.01130	0.01048	0.10655	0.04615	0.08346	0.01544	0.06369	0.01289	0.00676	0.00569	0.00149	0.00561	0.00566	0.00465	0.42964
11	0.04615	0.01357	0.06260	0.04242	0.16046	0.01182	0.11711	0.03749	0.01543	0.11438	0.05102	0.02747	0.07470	0.00844	0.00669	0.00199	0.00677	0.07862	0.00468	0.11818
12	0.69666	0.01420	0.03097	0.01084	0.04824	0.04714	0.00849	0.04205	0.01221	0.02818	0.00948	0.01106	0.00738	0.00608	0.00433	0.00198	0.00562	0.00375	0.00398	0.00738
13	0.01803	0.03693	0.02073	0.05360	0.08365	0.01703	0.09011	0.27571	0.11607	0.02766	0.01668	0.02127	0.01364	0.02635	0.03432	0.00253	0.08224	0.04918	0.00501	0.00927
14	0.01312	0.09101	0.52742	0.01788	0.02598	0.01517	0.10505	0.01936	0.01382	0.01974	0.01549	0.04222	0.05135	0.00707	0.00631	0.00203	0.00893	0.00599	0.00310	0.00896
15	0.01122	0.00561	0.00842	0.00842	0.00842	0.00561	0.00561	0.00842	0.00842	0.01122	0.01122	0.01964	0.01122	0.02245	0.02525	0.81201	0.00561	0.00561	0.00281	0.00281
16	0.01548	0.01511	0.02211	0.30030	0.24124	0.07702	0.07436	0.06303	0.05626	0.02014	0.01316	0.01771	0.01057	0.03730	0.00756	0.00220	0.00839	0.00601	0.00352	0.00853
17	0.00934	0.00668	0.00817	0.00783	0.00961	0.00598	0.00586	0.01182	0.01686	0.04862	0.46219	0.09673	0.25765	0.01440	0.00762	0.00211	0.00325	0.01250	0.00674	0.00603
18	0.03763	0.14287	0.24443	0.08894	0.13132	0.01739	0.13153	0.01932	0.01345	0.01913	0.01109	0.01437	0.00881	0.00643	0.00763	0.00203	0.08660	0.00532	0.00295	0.00877
19	0.00965	0.00734	0.00929	0.04718	0.01194	0.00696	0.00684	0.04237	0.01652	0.02255	0.37936	0.20067	0.15416	0.01428	0.00753	0.00214	0.00377	0.01254	0.00632	0.03860
20	0.08949	0.01423	0.03039	0.01289	0.06136	0.03750	0.00983	0.15487	0.01695	0.04779	0.01248	0.01393	0.00979	0.00574	0.00526	0.00139	0.00580	0.00443	0.00441	0.46146

[dist]
# distance from previous block
# <min> <max>
0	6

[block]
# block no. 1 follows, 34 sequences, length 54
# corresponding to MSA columns:
# 100-153
name=unknown_B
#
# <colnr> <probs for GDERKNQSTAVLIFYWHMCP>
#	G	D	E	R	K	N	Q	S	T	A	V	L	I	F	Y	W	H	M	C	P
0	0.04220	0.01611	0.02011	0.05072	0.05259	0.06834	0.10821	0.22729	0.12115	0.14727	0.01721	0.01764	0.01238	0.00715	0.00642	0.00194	0.00729	0.00607	0.00551	0.06440
1	0.12879	0.31128	0.29797	0.01397	0.02069	0.05478	0.01550	0.05519	0.01415	0.02047	0.01036	0.01196	0.00821	0.00599	0.00508	0.00176	0.00789	0.00412	0.00314	0.00869
2	0.08770	0.01556	0.04345	0.01300	0.01763	0.03735	0.01086	0.31298	0.11386	0.19091	0.05314	0.01985	0.01553	0.03009	0.00707	0.00212	0.00632	0.00627	0.00634	0.00996
3	0.01522	0.01475	0.02560	0.15553	0.53788	0.01503	0.07441	0.01923	0.01441	0.02032	0.01209	0.01622	0.00991	0.00581	0.00645	0.00194	0.00799	0.00584	0.00317	0.03822
4	0.00815	0.00582	0.00780	0.00921	0.00973	0.00547	0.00638	0.00952	0.01286	0.01717	0.06750	0.67593	0.04310	0.01971	0.00828	0.00263	0.00390	0.07545	0.00605	0.00535
5	0.01626	0.02960	0.01432	0.01218	0.01566	0.03319	0.00968	0.15521	0.34105	0.04752	0.07817	0.03003	0.10046	0.01193	0.04279	0.00253	0.00599	0.03818	0.00622	0.00904
6	0.00803	0.00639	0.00721	0.00737	0.00906	0.00557	0.00539	0.00990	0.01512	0.01924	0.21420	0.19043	0.44657	0.01635	0.00775	0.00223	0.00331	0.01406	0.00626	0.00557
7	0.01496	0.01510	0.06402	0.05981	0.43791	0.01453	0.01656	0.02203	0.16704	0.02236	0.06375	0.02119	0.03754	0.00727	0.00654	0.00201	0.00684	0.00666	0.00423	0.00965
8	0.00883	0.00704	0.00906	0.00838	0.01036	0.00629	0.03413	0.01143	0.01669	0.02224	0.42421	0.05306	0.31921	0.01424	0.00766	0.00212	0.00352	0.02908	0.00649	0.00595
9	0.01344	0.01314	0.01813	0.05922	0.25308	0.08568	0.06833	0.01692	0.04179	0.01976	0.09727	0.17412	0.09064	0.01066	0.00706	0.00211	0.00660	0.00969	0.00456	0.00779
10	0.01950	0.01615	0.07456	0.01384	0.01816	0.01624	0.01192	0.40546	0.07449	0.05807	0.01668	0.01905	0.01295	0.04620	0.14027	0.00368	0.03161	0.00621	0.00548	0.00948
11	0.81856	0.01250	0.00950	0.00850	0.01250	0.01449	0.00700	0.01899	0.01100	0.02899	0.00900	0.01050	0.00700	0.00600	0.00400	0.00200	0.00500	0.00350	0.00400	0.00700
12	0.00771	0.00655	0.00664	0.00662	0.00877	0.00548	0.00496	0.00941	0.01489	0.01785	0.09609	0.06154	0.69912	0.01622	0.00764	0.00217	0.00326	0.01355	0.00605	0.00548
13	0.05641	0.01042	0.01378	0.01081	0.01529	0.00921	0.00885	0.02848	0.01795	0.61170	0.08778	0.02401	0.01971	0.00837	0.00641	0.00198	0.00514	0.00683	0.04670	0.01016
14	0.01296	0.03342	0.73944	0.01842	0.02797	0.01501	0.02387	0.02046	0.01364	0.02046	0.01160	0.01364	0.00818	0.00614	0.00614	0.00205	0.00955	0.00477	0.00273	0.00955
15	0.00792	0.00650	0.00700	0.00715	0.00907	0.00558	0.00535	0.00971	0.01488	0.01830	0.12891	0.12667	0.57011	0.01646	0.00774	0.00224	0.00340	0.04135	0.00611	0.00552
16	0.00913	0.00615	0.00713	0.00739	0.00746	0.00608	0.00428	0.00933	0.00992	0.01323	0.02307	0.17121	0.02691	0.63933	0.02851	0.00562	0.00582	0.01099	0.00428	0.00415
17	0.81856	0.01250	0.00950	0.00850	0.01250	0.01449	0.00700	0.01899	0.01100	0.02899	0.00900	0.01050	0.00700	0.00600	0.00400	0.00200	0.00500	0.00350	0.00400	0.00700
18	0.01530	0.01321	0.01387	0.01254	0.01606	0.01510	0.00974	0.03204	0.65618	0.02615	0.02989	0.02760	0.08486	0.00946	0.00667	0.00219	0.00494	0.00789	0.00652	0.00979
19	0.01296	0.03342	0.73944	0.01842	0.02797	0.01501	0.02387	0.02046	0.01364	0.02046	0.01160	0.01364	0.00818	0.00614	0.00614	0.00205	0.00955	0.00477	0.00273	0.00955
20	0.00787	0.00562	0.00750	0.00900	0.00937	0.00525	0.00600	0.00900	0.01237	0.01649	0.03561	0.76871	0.04274	0.02024	0.00825	0.00262	0.00375	0.01837	0.00600	0.00525
21	0.02802	0.01146	0.01515	0.01173	0.01666	0.01032	0.00965	0.05911	0.06172	0.66577	0.02514	0.02186	0.01602	0.00803	0.00650	0.00201	0.00554	0.00652	0.00785	0.01095
22	0.01834	0.02146	0.01457	0.01364	0.01623	0.45269	0.01013	0.02113	0.06057	0.01807	0.11597	0.13923	0.05113	0.01023	0.00658	0.00192	0.00848	0.00802	0.00458	0.00703
23	0.13889	0.44446	0.09217	0.01204	0.01741	0.10612	0.01168	0.02113	0.01389	0.07576	0.01067	0.01177	0.00871	0.00599	0.00469	0.00162	0.00731	0.00391	0.00343	0.00834
24	0.01085	0.05351	0.04575	0.01306	0.08940	0.00952	0.04252	0.01471	0.05482	0.02194	0.30986	0.04286	0.21454	0.01204	0.00723	0.00208	0.00472	0.03789	0.00571	0.00700
25	0.01535	0.05064	0.48986	0.01631	0.02430	0.06553	0.01907	0.06339	0.01516	0.05259	0.01224	0.01385	0.00891	0.00615	0.00590	0.00184	0.00862	0.00470	0.00339	0.12220
26	0.00923	0.00692	0.01038	0.01038	0.01154	0.00808	0.00808	0.01154	0.01038	0.01500	0.01731	0.02538	0.01615	0.04846	0.74732	0.01038	0.01731	0.00692	0.00346	0.00577
27	0.01532	0.03033	0.03261	0.07229	0.01804	0.07975	0.01062	0.05676	0.36116	0.02434	0.11458	0.05446	0.02277	0.00927	0.00696	0.00209	0.02765	0.00760	0.04474	0.00867
28	0.00929	0.00628	0.00702	0.00702	0.00715	0.00622	0.00397	0.00939	0.00971	0.01282	0.02299	0.04345	0.06478	0.72871	0.03141	0.00603	0.00609	0.00964	0.00404	0.00401
29	0.04751	0.01571	0.03110	0.08950	0.11376	0.01548	0.46095	0.03995	0.03012	0.02094	0.01305	0.01732	0.01009	0.00740	0.02538	0.03312	0.00979	0.00692	0.00341	0.00850
30	0.19401	0.12145	0.01724	0.01267	0.01657	0.31564	0.01015	0.09581	0.01669	0.02225	0.01132	0.01287	0.00913	0.00649	0.00511	0.00169	0.00801	0.00426	0.07839	0.04024
31	0.01372	0.00843	0.01050	0.00986	0.01143	0.02559	0.00728	0.01629	0.11525	0.10232	0.07034	0.02851	0.03973	0.07707	0.09187	0.31475	0.00668	0.03986	0.00469	0.00583
32	0.01944	0.02089	0.02149	0.02567	0.31696	0.29063	0.03317	0.09668	0.01793	0.02132	0.04253	0.01708	0.03378	0.00693	0.00631	0.00184	0.00887	0.00569	0.00385	0.00893
33	0.00890	0.00632	0.00713	0.00718	0.00782	0.00601	0.00448	0.00962	0.01162	0.01518	0.10186	0.09479	0.17951	0.48589	0.02335	0.00473	0.00514	0.01112	0.00482	0.00455
34	0.12506	0.01529	0.01554	0.01239	0.01713	0.08698	0.01003	0.20333	0.07465	0.25135	0.01760	0.01693	0.01229	0.00721	0.00590	0.00184	0.00635	0.00544	0.00600	0.10872
35	0.00809	0.00636	0.00731	0.00751	0.00912	0.00558	0.00547	0.00998	0.01515	0.01948	0.23453	0.21556	0.40011	0.01639	0.00777	0.00224	0.00332	0.01417	0.00629	0.00558
36	0.00991	0.00748	0.01021	0.01007	0.01087	0.00853	0.00742	0.03143	0.01100	0.01545	0.01998	0.13900	0.02103	0.20557	0.39387	0.00743	0.07215	0.00906	0.00398	0.00552
37	0.02790	0.01160	0.01516	0.01167	0.01656	0.01053	0.00963	0.10558	0.01962	0.63513	0.02424	0.02136	0.01546	0.00795	0.00642	0.00198	0.00559	0.00641	0.03639	0.01082
38	0.00880	0.00659	0.00816	0.00777	0.00944	0.00595	0.00582	0.01152	0.01747	0.02397	0.57724	0.05145	0.21414	0.01393	0.00762	0.00207	0.00310	0.01213	0.00686	0.00595
39	0.01336	0.10230	0.67407	0.01773	0.02691	0.01598	0.02269	0.02036	0.01359	0.01997	0.01135	0.01334	0.00819	0.00608	0.00595	0.00198	0.00930	0.00465	0.00273	0.00943
40	0.01533	0.39035	0.18121	0.08816	0.02182	0.04169	0.01488	0.01875	0.01307	0.01672	0.01098	0.01525	0.00971	0.00707	0.00712	0.00186	0.09770	0.03720	0.00294	0.00817
41	0.01371	0.00963	0.01149	0.01012	0.01269	0.00983	0.00784	0.12025	0.12356	0.07477	0.44690	0.06551	0.04381	0.01167	0.00724	0.00206	0.00414	0.01008	0.00695	0.00772
42	0.01260	0.01928	0.28993	0.05415	0.12175	0.01250	0.03315	0.03458	0.06473	0.02099	0.07207	0.08006	0.06993	0.01045	0.02508	0.00237	0.00749	0.05627	0.00421	0.00839
43	0.00786	0.00590	0.00722	0.00825	0.00911	0.00534	0.00562	0.00909	0.01293	0.01663	0.04341	0.54685	0.23370	0.04492	0.00892	0.00263	0.00370	0.01674	0.00593	0.00526
44	0.01374	0.02666	0.49580	0.01861	0.05977	0.01457	0.07406	0.06473	0.04782	0.02232	0.05861	0.03319	0.02684	0.00721	0.00647	0.00206	0.00856	0.00610	0.00361	0.00926
45	0.01113	0.00567	0.00851	0.00851	0.00857	0.00573	0.00573	0.00857	0.00851	0.01140	0.01152	0.01992	0.01146	0.02370	0.05995	0.77348	0.00617	0.00567	0.00284	0.00295
46	0.01538	0.01464	0.02215	0.23251	0.40393	0.04688	0.01743	0.05287	0.05879	0.02077	0.01506	0.01849	0.03939	0.00670	0.00645	0.00200	0.00774	0.00610	0.00359	0.00911
47	0.11808	0.00880	0.00871	0.00784	0.01025	0.00934	0.00614	0.12558	0.01611	0.02744	0.05306	0.02215	0.01660	0.00764	0.00491	0.00166	0.00392	0.00594	0.53887	0.00694
48	0.01518	0.01137	0.01315	0.01101	0.01497	0.01080	0.00860	0.10028	0.16011	0.07744	0.02170	0.17421	0.01997	0.00977	0.00631	0.00181	0.00500	0.02863	0.00552	0.30416
49	0.01595	0.28228	0.28018	0.01543	0.02197	0.05361	0.08017	0.05185	0.01494	0.04505	0.04364	0.04232	0.01236	0.00686	0.00575	0.00183	0.00812	0.00547	0.00349	0.00875
50	0.01088	0.01054	0.10318	0.01028	0.01289	0.00766	0.00881	0.03319	0.01450	0.05984	0.13592	0.33512	0.08669	0.05118	0.00870	0.00247	0.00483	0.04377	0.00564	0.05390
51	0.01362	0.03153	0.01507	0.01269	0.01555	0.03794	0.06508	0.06498	0.14392	0.03681	0.04709	0.21079	0.07404	0.01204	0.00829	0.00220	0.07123	0.04298	0.00532	0.08885
52	0.09006	0.04879	0.21993	0.01638	0.05549	0.03614	0.09019	0.09639	0.08786	0.04167	0.03409	0.01837	0.04657	0.00706	0.00610	0.00192	0.00741	0.00587	0.00425	0.08547
53	0.01635	0.05301	0.06989	0.04559	0.05862	0.13018	0.16218	0.02202	0.11146	0.03803	0.01520	0.01700	0.02833	0.00637	0.00613	0.00174	0.00793	0.00570	0.00397	0.20031

[dist]
# distance from previous block
# <min> <max>
2	9

[block]
# block no. 2 follows, 34 sequences, length 163
# corresponding to MSA columns:
# 164-326
name=unknown_C
#
# <colnr> <probs for GDERKNQSTAVLIFYWHMCP>
#	G	D	E	R	K	N	Q	S	T	A	V	L	I	F	Y	W	H	M	C	P
0	0.04028	0.01808	0.18445	0.03353	0.08282	0.01436	0.05685	0.18156	0.09134	0.05222	0.07023	0.05264	0.07579	0.00870	0.00664	0.00207	0.00692	0.00735	0.00502	0.00913
1	0.03988	0.08339	0.08938	0.04508	0.07310	0.06395	0.03441	0.13546	0.01713	0.10459	0.01340	0.01478	0.01013	0.00631	0.00603	0.00166	0.02406	0.00492	0.00439	0.22796
2	0.02123	0.17299	0.07242	0.01797	0.09025	0.48483	0.01373	0.02360	0.01663	0.01654	0.01012	0.01197	0.00850	0.00632	0.00558	0.00166	0.01020	0.00423	0.00317	0.00806
3	0.01846	0.03621	0.03792	0.01465	0.03912	0.07007	0.01162	0.13097	0.34879	0.08349	0.02132	0.02086	0.03641	0.00865	0.00806	0.00214	0.08937	0.00657	0.00569	0.00964
4	0.01810	0.01717	0.01555	0.01380	0.01733	0.16477	0.01073	0.11498	0.42119	0.02527	0.02074	0.02062	0.01595	0.01213	0.07956	0.00286	0.00790	0.00644	0.00559	0.00932
5	0.02092	0.01133	0.01554	0.01318	0.01672	0.01140	0.03862	0.10329	0.01782	0.34223	0.02475	0.03543	0.02073	0.01113	0.00871	0.00237	0.08065	0.20964	0.00651	0.00901
6	0.01606	0.01434	0.02246	0.06409	0.38108	0.01446	0.06362	0.06860	0.06279	0.04494	0.01445	0.04475	0.01207	0.00681	0.00691	0.00190	0.03522	0.00623	0.00397	0.11526
7	0.01103	0.00946	0.01227	0.01157	0.01291	0.05636	0.03176	0.02852	0.01149	0.01573	0.01729	0.06637	0.01688	0.10141	0.50152	0.00801	0.07026	0.00751	0.00365	0.00600
8	0.00826	0.00653	0.00743	0.00730	0.00913	0.00570	0.00544	0.01044	0.01606	0.02082	0.33209	0.08928	0.42802	0.01527	0.00766	0.00214	0.00320	0.01307	0.00645	0.00570
9	0.00923	0.00692	0.01038	0.01038	0.01154	0.00808	0.00808	0.01154	0.01038	0.01500	0.01731	0.02538	0.01615	0.04846	0.74732	0.01038	0.01731	0.00692	0.00346	0.00577
10	0.02365	0.03001	0.01805	0.01644	0.01970	0.72272	0.01234	0.02533	0.01805	0.01579	0.01023	0.01210	0.00858	0.00803	0.03017	0.00195	0.01184	0.00425	0.00333	0.00743
11	0.00801	0.00572	0.00763	0.00902	0.00949	0.00535	0.00612	0.00928	0.01275	0.01707	0.07259	0.71249	0.04357	0.01981	0.00823	0.00260	0.00377	0.03514	0.00606	0.00531
12	0.01514	0.01533	0.01968	0.01687	0.01726	0.06558	0.01397	0.04110	0.01116	0.01647	0.00883	0.01403	0.00856	0.01089	0.01971	0.00272	0.68693	0.00557	0.00299	0.00724
13	0.00940	0.00626	0.00705	0.00705	0.00705	0.00626	0.00392	0.00940	0.00940	0.01253	0.02036	0.04228	0.02349	0.77292	0.03289	0.00626	0.00626	0.00940	0.00392	0.00392
14	0.04619	0.01106	0.01462	0.01167	0.01626	0.01002	0.00970	0.06973	0.01862	0.59902	0.02545	0.02693	0.01781	0.00902	0.00670	0.00210	0.00563	0.08155	0.00758	0.01034
15	0.00797	0.00571	0.00742	0.00874	0.00918	0.00533	0.00580	0.00904	0.01228	0.01627	0.03603	0.68298	0.07554	0.07251	0.00993	0.00286	0.00390	0.01751	0.00585	0.00517
16	0.01310	0.05687	0.71719	0.01818	0.02761	0.01534	0.02347	0.02043	0.01363	0.02030	0.01151	0.01354	0.00819	0.00612	0.00608	0.00203	0.00947	0.00473	0.00273	0.00951
17	0.01562	0.01497	0.02555	0.11054	0.66467	0.01525	0.01964	0.01950	0.01454	0.02065	0.01209	0.01611	0.01007	0.00583	0.00640	0.00194	0.00777	0.00576	0.00317	0.00993
18	0.00966	0.00751	0.01111	0.01145	0.01306	0.00718	0.06044	0.01211	0.01424	0.01859	0.05963	0.27694	0.11390	0.01733	0.00844	0.00269	0.00526	0.33876	0.00581	0.00589
19	0.01234	0.01162	0.01962	0.73170	0.06914	0.01439	0.01801	0.01663	0.01298	0.01667	0.01151	0.01718	0.00867	0.00643	0.00646	0.00214	0.00858	0.00574	0.00288	0.00729
20	0.04889	0.01239	0.01248	0.01137	0.01416	0.09925	0.00892	0.13311	0.03990	0.11954	0.06317	0.16162	0.06288	0.01372	0.04370	0.00257	0.00640	0.08395	0.05429	0.00768
21	0.02376	0.01595	0.01830	0.01422	0.01904	0.01706	0.03163	0.52475	0.02660	0.15402	0.01863	0.07382	0.01420	0.00868	0.00664	0.00201	0.00670	0.00694	0.00659	0.01049
22	0.08319	0.01852	0.01825	0.01444	0.01926	0.08296	0.01177	0.55631	0.07197	0.03679	0.01523	0.01535	0.01102	0.00759	0.00623	0.00194	0.00722	0.00559	0.00601	0.01034
23	0.01053	0.00715	0.00797	0.00763	0.00802	0.00729	0.00454	0.06172	0.01096	0.01463	0.02000	0.04029	0.02256	0.71586	0.03092	0.00594	0.00633	0.00913	0.00411	0.00444
24	0.01622	0.32525	0.21236	0.01504	0.02087	0.13196	0.06645	0.01995	0.01414	0.01727	0.01189	0.01599	0.01031	0.00915	0.05179	0.00230	0.00923	0.03850	0.00308	0.00825
25	0.81856	0.01250	0.00950	0.00850	0.01250	0.01449	0.00700	0.01899	0.01100	0.02899	0.00900	0.01050	0.00700	0.00600	0.00400	0.00200	0.00500	0.00350	0.00400	0.00700
26	0.01324	0.01127	0.01314	0.00947	0.01498	0.00852	0.00751	0.01599	0.01324	0.02071	0.01184	0.01456	0.01013	0.03560	0.00591	0.00117	0.00484	0.00405	0.00383	0.77999
27	0.01321	0.01251	0.02119	0.56737	0.22668	0.01462	0.01844	0.01739	0.01339	0.01773	0.01166	0.01690	0.00904	0.00627	0.00644	0.00209	0.00837	0.00575	0.00296	0.00799
28	0.01017	0.00692	0.00865	0.00830	0.01018	0.00625	0.00638	0.01275	0.01691	0.07109	0.43191	0.07782	0.22407	0.01429	0.00768	0.00217	0.00354	0.06796	0.00676	0.00622
29	0.00880	0.00639	0.00849	0.00980	0.01078	0.00608	0.00750	0.01069	0.01363	0.01782	0.05265	0.43484	0.10511	0.01886	0.00842	0.00270	0.00449	0.26142	0.00600	0.00554
30	0.00814	0.00650	0.00729	0.00724	0.00907	0.00565	0.00537	0.01020	0.01570	0.02011	0.27763	0.11038	0.46264	0.01563	0.00768	0.00217	0.00324	0.01336	0.00636	0.00565
31	0.00865	0.00642	0.00806	0.00801	0.00944	0.00583	0.00587	0.01110	0.01659	0.02272	0.48738	0.18109	0.17488	0.01504	0.00774	0.00217	0.00321	0.01324	0.00672	0.00583
32	0.81856	0.01250	0.00950	0.00850	0.01250	0.01449	0.00700	0.01899	0.01100	0.02899	0.00900	0.01050	0.00700	0.00600	0.00400	0.00200	0.00500	0.00350	0.00400	0.00700
33	0.05870	0.22072	0.21432	0.01896	0.12791	0.14918	0.04087	0.06270	0.01544	0.02003	0.01087	0.01287	0.00871	0.00608	0.00557	0.00178	0.00863	0.00457	0.00323	0.00888
34	0.02022	0.04019	0.04248	0.12410	0.10770	0.01625	0.03304	0.24956	0.07472	0.14631	0.01619	0.01727	0.01171	0.00737	0.00711	0.00201	0.04455	0.00592	0.00526	0.02804
35	0.04773	0.04154	0.02041	0.03572	0.02103	0.26653	0.11360	0.20631	0.02017	0.07806	0.01397	0.01540	0.01047	0.00689	0.00611	0.00184	0.00873	0.00544	0.07131	0.00874
36	0.02006	0.01521	0.01637	0.01344	0.01769	0.01695	0.01081	0.36749	0.29581	0.05253	0.06690	0.02138	0.01792	0.00850	0.00653	0.00203	0.00592	0.00680	0.02741	0.01024
37	0.81856	0.01250	0.00950	0.00850	0.01250	0.01449	0.00700	0.01899	0.01100	0.02899	0.00900	0.01050	0.00700	0.00600	0.00400	0.00200	0.00500	0.00350	0.00400	0.00700
38	0.01572	0.01507	0.02573	0.09136	0.68305	0.01528	0.01969	0.01959	0.01458	0.02078	0.01211	0.01608	0.01012	0.00581	0.00640	0.00194	0.00774	0.00576	0.00317	0.01001
39	0.01691	0.01430	0.01508	0.01332	0.01712	0.01646	0.01043	0.10116	0.65275	0.02838	0.02523	0.02326	0.01886	0.00867	0.00656	0.00217	0.00531	0.00716	0.00656	0.01030
40	0.02422	0.01538	0.01731	0.01363	0.01848	0.01642	0.01114	0.40120	0.15328	0.22906	0.02022	0.01886	0.01396	0.00801	0.00649	0.00200	0.00630	0.00628	0.00690	0.01085
41	0.00787	0.00562	0.00750	0.00900	0.00937	0.00525	0.00600	0.00900	0.01237	0.01649	0.03561	0.76871	0.04274	0.02024	0.00825	0.00262	0.00375	0.01837	0.00600	0.00525
42	0.02080	0.01011	0.01191	0.00978	0.01330	0.00988	0.00786	0.13083	0.03934	0.30799	0.02211	0.02192	0.01556	0.00779	0.00566	0.00179	0.00470	0.00622	0.34358	0.00889
43	0.01342	0.01286	0.02180	0.49640	0.22275	0.01504	0.04009	0.01745	0.01326	0.01778	0.01151	0.01670	0.00907	0.00657	0.00747	0.00214	0.05889	0.00580	0.00297	0.00802
44	0.01423	0.01223	0.01288	0.01181	0.01510	0.01370	0.00918	0.02872	0.55911	0.02489	0.03428	0.03317	0.16053	0.01055	0.00686	0.00221	0.00478	0.03017	0.00644	0.00915
45	0.00787	0.00562	0.00750	0.00900	0.00937	0.00525	0.00600	0.00900	0.01237	0.01649	0.03561	0.76871	0.04274	0.02024	0.00825	0.00262	0.00375	0.01837	0.00600	0.00525
46	0.01511	0.00852	0.00893	0.00793	0.01027	0.00883	0.00619	0.14822	0.01695	0.05586	0.02020	0.02237	0.01548	0.00759	0.00497	0.00161	0.00389	0.00600	0.62393	0.00717
47	0.02506	0.01730	0.01890	0.01449	0.01964	0.01886	0.01197	0.63513	0.02905	0.11854	0.01663	0.01624	0.01155	0.00778	0.00647	0.00195	0.00693	0.00589	0.00664	0.01099
48	0.00923	0.00692	0.01038	0.01038	0.01154	0.00808	0.00808	0.01154	0.01038	0.01500	0.01731	0.02538	0.01615	0.04846	0.74732	0.01038	0.01731	0.00692	0.00346	0.00577
49	0.06401	0.01167	0.01493	0.01167	0.01651	0.01084	0.00958	0.06493	0.08123	0.60670	0.02431	0.02133	0.01566	0.00796	0.00639	0.00201	0.00552	0.00640	0.00761	0.01074
50	0.00774	0.00615	0.00696	0.00761	0.00901	0.00537	0.00538	0.00915	0.01370	0.01704	0.05250	0.36889	0.43165	0.01805	0.00790	0.00237	0.00348	0.01569	0.00600	0.00537
51	0.01599	0.01535	0.02623	0.03966	0.73262	0.01535	0.01983	0.01983	0.01471	0.02111	0.01215	0.01599	0.01023	0.00576	0.00640	0.00192	0.00768	0.00576	0.00320	0.01023
52	0.03995	0.01204	0.01102	0.01014	0.01214	0.11589	0.00736	0.09275	0.06724	0.01898	0.02620	0.03398	0.14654	0.26696	0.10723	0.00444	0.00784	0.00835	0.00464	0.00631
53	0.01564	0.01569	0.02269	0.15949	0.47576	0.09500	0.01765	0.01918	0.01480	0.01949	0.01514	0.01982	0.04635	0.00689	0.00649	0.00198	0.00800	0.02753	0.00338	0.00903
54	0.02121	0.09872	0.01961	0.01328	0.01840	0.01507	0.05714	0.20638	0.06104	0.21454	0.01685	0.01681	0.01208	0.00699	0.00643	0.00175	0.03023	0.00554	0.00560	0.17231
55	0.01013	0.00801	0.01261	0.01166	0.01330	0.00898	0.06034	0.03251	0.01130	0.01609	0.01704	0.02505	0.01577	0.06772	0.64727	0.00939	0.01617	0.00702	0.00355	0.00608
56	0.07524	0.01669	0.03353	0.02436	0.03041	0.01617	0.58362	0.02200	0.08881	0.02198	0.01415	0.01761	0.01063	0.00584	0.00724	0.00217	0.00985	0.00728	0.00367	0.00874
57	0.01340	0.01148	0.01340	0.00957	0.01531	0.00861	0.00766	0.01627	0.01340	0.02105	0.01148	0.01340	0.00957	0.00479	0.00479	0.00096	0.00479	0.00383	0.00383	0.81242
58	0.00888	0.00640	0.00858	0.00972	0.01071	0.00610	0.00742	0.01091	0.01414	0.01880	0.13407	0.40465	0.07529	0.01828	0.00835	0.00264	0.00436	0.23895	0.00614	0.00561
59	0.00913	0.00648	0.00859	0.00897	0.00965	0.00673	0.00635	0.01055	0.01143	0.01566	0.07642	0.17877	0.02890	0.27943	0.24647	0.00624	0.00895	0.07158	0.00459	0.00509
60	0.00846	0.00658	0.00769	0.00741	0.00923	0.00580	0.00556	0.01086	0.01667	0.02206	0.42717	0.05460	0.36541	0.01464	0.00763	0.00210	0.00315	0.01257	0.00661	0.00580
61	0.02414	0.03079	0.01831	0.01665	0.01998	0.74698	0.01248	0.02580	0.01831	0.01581	0.00999	0.01165	0.00832	0.00666	0.00583	0.00166	0.01165	0.00416	0.00333	0.00749
62	0.00847	0.00622	0.00801	0.00930	0.00991	0.00604	0.00631	0.01084	0.06393	0.01726	0.03493	0.71453	0.04106	0.01941	0.00813	0.00259	0.00385	0.01756	0.00604	0.00561
63	0.02118	0.35183	0.02500	0.01424	0.01852	0.43653	0.01187	0.02302	0.01608	0.01555	0.00956	0.01110	0.00831	0.00617	0.00510	0.00154	0.00961	0.00386	0.00309	0.00784
64	0.01340	0.01148	0.01340	0.00957	0.01531	0.00861	0.00766	0.01627	0.01340	0.02105	0.01148	0.01340	0.00957	0.00479	0.00479	0.00096	0.00479	0.00383	0.00383	0.81242
65	0.05576	0.01759	0.05309	0.04371	0.02964	0.06301	0.50562	0.02108	0.03481	0.04239	0.03990	0.01798	0.01182	0.00620	0.00752	0.00214	0.02847	0.00712	0.00365	0.00850
66	0.01404	0.08146	0.45440	0.02083	0.02909	0.01621	0.25196	0.02046	0.01414	0.02016	0.01190	0.01467	0.00873	0.00586	0.00649	0.00204	0.00981	0.00563	0.00291	0.00918
67	0.37788	0.01178	0.01139	0.00930	0.01359	0.01203	0.00755	0.08067	0.01436	0.09823	0.01335	0.01451	0.01008	0.00627	0.00472	0.00169	0.00493	0.00440	0.10754	0.19574
68	0.00937	0.00711	0.00781	0.00746	0.00968	0.00629	0.00565	0.01216	0.04868	0.05322	0.21793	0.05527	0.50640	0.01488	0.00753	0.00214	0.00341	0.01255	0.00638	0.00608
69	0.00924	0.00634	0.00769	0.00778	0.00806	0.00646	0.00484	0.00984	0.01022	0.01389	0.05626	0.09555	0.02567	0.56341	0.14229	0.00642	0.00765	0.00981	0.00416	0.00442
70	0.02278	0.01657	0.01791	0.01421	0.01900	0.01833	0.01158	0.49735	0.19958	0.08561	0.01886	0.01808	0.01349	0.00802	0.00649	0.00201	0.00651	0.00623	0.00660	0.01080
71	0.01240	0.00990	0.01184	0.00934	0.01368	0.00780	0.00734	0.01506	0.01417	0.04215	0.10637	0.09721	0.05410	0.00851	0.00583	0.00142	0.00447	0.03426	0.00476	0.53941
72	0.01387	0.01147	0.01345	0.00963	0.01535	0.00864	0.00771	0.01673	0.01355	0.04259	0.01191	0.01366	0.00976	0.00488	0.00484	0.00099	0.00481	0.00391	0.00395	0.78832
73	0.79249	0.01268	0.00982	0.00871	0.01274	0.01468	0.00717	0.04172	0.01163	0.02938	0.00921	0.01066	0.00713	0.00606	0.00408	0.00200	0.00507	0.00357	0.00408	0.00713
74	0.01367	0.00738	0.00766	0.00711	0.00901	0.00752	0.00540	0.08402	0.01517	0.04657	0.02063	0.02402	0.01631	0.04301	0.00608	0.00178	0.00364	0.00617	0.66828	0.00656
75	0.00806	0.00605	0.00747	0.00820	0.00926	0.00546	0.00574	0.00968	0.01411	0.01855	0.17675	0.44952	0.22183	0.01790	0.00797	0.00240	0.00349	0.01587	0.00621	0.00546
76	0.01962	0.01490	0.01614	0.01360	0.01778	0.01667	0.01093	0.27616	0.39542	0.07447	0.02277	0.02332	0.01723	0.00881	0.00665	0.00213	0.00590	0.04059	0.00659	0.01033
77	0.02899	0.01100	0.01499	0.01150	0.01649	0.00950	0.00950	0.03149	0.01849	0.73709	0.02549	0.02199	0.01599	0.00800	0.00650	0.00200	0.00550	0.00650	0.00800	0.01100
78	0.01496	0.01279	0.01361	0.01232	0.01569	0.01455	0.00955	0.03089	0.61617	0.02643	0.09698	0.02841	0.06008	0.00959	0.00673	0.00218	0.00482	0.00806	0.00660	0.00958
79	0.01340	0.01148	0.01340	0.00957	0.01531	0.00861	0.00766	0.01627	0.01340	0.02105	0.01148	0.01340	0.00957	0.00479	0.00479	0.00096	0.00479	0.00383	0.00383	0.81242
80	0.00774	0.00655	0.00668	0.00665	0.00879	0.00550	0.00499	0.00947	0.01496	0.01802	0.10957	0.06126	0.68553	0.01615	0.00764	0.00217	0.00326	0.01351	0.00607	0.00550
81	0.02456	0.01810	0.01939	0.01487	0.02004	0.02004	0.01228	0.71107	0.03038	0.04072	0.01551	0.01551	0.01099	0.00776	0.00646	0.00194	0.00711	0.00582	0.00646	0.01099
82	0.01718	0.62856	0.10170	0.01191	0.01767	0.02330	0.01223	0.04533	0.01388	0.03672	0.01022	0.01170	0.00885	0.00715	0.02890	0.00178	0.00748	0.00387	0.00307	0.00851
83	0.00803	0.00650	0.00717	0.00763	0.00925	0.00578	0.00548	0.01011	0.04025	0.01748	0.05375	0.30342	0.46747	0.01741	0.00781	0.00233	0.00350	0.01503	0.00602	0.00556
84	0.00783	0.00579	0.00733	0.00855	0.00926	0.00529	0.00580	0.00905	0.01280	0.01667	0.04100	0.64105	0.16691	0.01954	0.00814	0.00254	0.00366	0.01751	0.00600	0.00529
85	0.01689	0.70997	0.09730	0.01172	0.01761	0.02462	0.01221	0.01945	0.01317	0.01567	0.00922	0.01066	0.00828	0.00558	0.00433	0.00144	0.00715	0.00357	0.00276	0.00840
86	0.01250	0.00755	0.00981	0.00880	0.01108	0.00672	0.00671	0.01524	0.01739	0.14081	0.48824	0.10427	0.06970	0.01253	0.00731	0.00201	0.00363	0.01098	0.00692	0.05782
87	0.01502	0.02092	0.19718	0.02409	0.03112	0.01612	0.49403	0.03973	0.05510	0.02153	0.01354	0.01689	0.01002	0.00585	0.00719	0.00214	0.01016	0.00691	0.00342	0.00905
88	0.01855	0.01397	0.01436	0.01224	0.01555	0.06830	0.00962	0.34641	0.04258	0.05193	0.02065	0.17030	0.01867	0.01239	0.04606	0.00246	0.00666	0.00839	0.11230	0.00860
89	0.01872	0.01629	0.01718	0.01339	0.01841	0.10748	0.04934	0.19879	0.11403	0.05493	0.01497	0.01573	0.01141	0.00649	0.00582	0.00158	0.00668	0.00517	0.00495	0.31866
90	0.07386	0.01175	0.01356	0.06194	0.01695	0.01297	0.03489	0.06858	0.32751	0.02401	0.02944	0.05569	0.12823	0.04842	0.00811	0.00243	0.00548	0.06221	0.00572	0.00824
91	0.01122	0.00561	0.00842	0.00842	0.00842	0.00561	0.00561	0.00842	0.00842	0.01122	0.01122	0.01964	0.01122	0.02245	0.02525	0.81201	0.00561	0.00561	0.00281	0.00281
92	0.77910	0.01340	0.00993	0.00890	0.01287	0.05088	0.00727	0.01933	0.01136	0.02834	0.00905	0.01055	0.00706	0.00603	0.00409	0.00198	0.00533	0.00353	0.00397	0.00702
93	0.01493	0.01848	0.09719	0.02539	0.03151	0.01658	0.57683	0.02014	0.01455	0.02014	0.01246	0.01676	0.00952	0.00612	0.00892	0.00224	0.08928	0.00717	0.00317	0.00861
94	0.02394	0.01779	0.01904	0.01474	0.01980	0.01974	0.01213	0.66116	0.08131	0.03971	0.01631	0.01615	0.01163	0.00783	0.00647	0.00196	0.00696	0.00593	0.00647	0.01093
95	0.01006	0.00747	0.00977	0.01089	0.01239	0.00746	0.00899	0.01368	0.06702	0.01917	0.03698	0.20476	0.10539	0.01749	0.00849	0.00277	0.00519	0.43992	0.00601	0.00608
96	0.01607	0.01388	0.01461	0.01315	0.01680	0.01607	0.01023	0.03433	0.72094	0.02703	0.02630	0.02411	0.01972	0.00877	0.00657	0.00219	0.00511	0.00731	0.00657	0.01023
97	0.02305	0.01735	0.01854	0.01456	0.01946	0.01933	0.01192	0.59068	0.15323	0.03829	0.01743	0.01704	0.01254	0.00794	0.00648	0.00198	0.00675	0.00608	0.00648	0.01085
98	0.81856	0.01250	0.00950	0.00850	0.01250	0.01449	0.00700	0.01899	0.01100	0.02899	0.00900	0.01050	0.00700	0.00600	0.00400	0.00200	0.00500	0.00350	0.00400	0.00700
99	0.02899	0.01100	0.01499	0.01150	0.01649	0.00950	0.00950	0.03149	0.01849	0.73709	0.02549	0.02199	0.01599	0.00800	0.00650	0.00200	0.00550	0.00650	0.00800	0.01100
100	0.01607	0.01388	0.01461	0.01315	0.01680	0.01607	0.01023	0.03433	0.72094	0.02703	0.02630	0.02411	0.01972	0.00877	0.00657	0.00219	0.00511	0.00731	0.00657	0.01023
101	0.01726	0.01299	0.05797	0.08625	0.19916	0.01141	0.05792	0.02064	0.01523	0.20636	0.04138	0.10296	0.01736	0.00849	0.00664	0.00199	0.00656	0.02793	0.00498	0.09651
102	0.00787	0.00562	0.00750	0.00900	0.00937	0.00525	0.00600	0.00900	0.01237	0.01649	0.03561	0.76871	0.04274	0.02024	0.00825	0.00262	0.00375	0.01837	0.00600	0.00525
103	0.01414	0.01414	0.01979	0.01696	0.01696	0.01979	0.01414	0.01555	0.00990	0.01555	0.00848	0.01414	0.00848	0.01131	0.02120	0.00283	0.76110	0.00565	0.00283	0.00707
104	0.08246	0.04729	0.01802	0.01418	0.01861	0.21628	0.01141	0.35786	0.04377	0.08321	0.01452	0.01490	0.01066	0.00729	0.00597	0.00185	0.00788	0.00521	0.02915	0.00948
105	0.01580	0.01516	0.02589	0.07532	0.69843	0.01530	0.01974	0.01966	0.01462	0.02088	0.01212	0.01605	0.01015	0.00579	0.00640	0.00193	0.00772	0.00576	0.00318	0.01008
106	0.01525	0.01743	0.03813	0.02723	0.03377	0.01634	0.70915	0.02070	0.01525	0.02070	0.01307	0.01743	0.00980	0.00545	0.00763	0.00218	0.01089	0.00763	0.00327	0.00871
107	0.01340	0.01148	0.01340	0.00957	0.01531	0.00861	0.00766	0.01627	0.01340	0.02105	0.01148	0.01340	0.00957	0.00479	0.00479	0.00096	0.00479	0.00383	0.00383	0.81242
108	0.00851	0.00626	0.00801	0.00901	0.00997	0.00590	0.00660	0.01014	0.01329	0.01735	0.07100	0.41064	0.16067	0.06510	0.03433	0.00306	0.00466	0.14430	0.00583	0.00539
109	0.00895	0.00650	0.00844	0.00816	0.00959	0.00598	0.00604	0.01175	0.01753	0.02460	0.63139	0.12469	0.08399	0.01407	0.00769	0.00210	0.00313	0.01246	0.00695	0.00598
110	0.01567	0.01623	0.06681	0.06723	0.66465	0.01529	0.01999	0.01973	0.01458	0.02089	0.01209	0.01591	0.01005	0.00581	0.00638	0.00194	0.00782	0.00570	0.00316	0.01007
111	0.02203	0.02580	0.01681	0.01517	0.01841	0.55639	0.01146	0.09273	0.03999	0.01913	0.01434	0.05640	0.02858	0.00786	0.00603	0.00177	0.00993	0.00553	0.04397	0.00768
112	0.00938	0.00633	0.00740	0.00740	0.00752	0.00646	0.00435	0.00962	0.00950	0.01279	0.02004	0.04050	0.02272	0.69651	0.10824	0.00670	0.00743	0.00914	0.00387	0.00411
113	0.81856	0.01250	0.00950	0.00850	0.01250	0.01449	0.00700	0.01899	0.01100	0.02899	0.00900	0.01050	0.00700	0.00600	0.00400	0.00200	0.00500	0.00350	0.00400	0.00700
114	0.00801	0.00571	0.00758	0.00902	0.00942	0.00536	0.00607	0.00916	0.01234	0.01644	0.03500	0.71847	0.04183	0.04822	0.00919	0.00277	0.00392	0.04036	0.00592	0.00522
115	0.01296	0.03342	0.73944	0.01842	0.02797	0.01501	0.02387	0.02046	0.01364	0.02046	0.01160	0.01364	0.00818	0.00614	0.00614	0.00205	0.00955	0.00477	0.00273	0.00955
116	0.01584	0.01769	0.04074	0.23414	0.06683	0.23136	0.03700	0.01948	0.04119	0.01765	0.03322	0.04960	0.01477	0.00989	0.02969	0.00238	0.05170	0.07570	0.00372	0.00741
117	0.00776	0.00648	0.00677	0.00684	0.00884	0.00549	0.00507	0.00946	0.01481	0.01799	0.11082	0.11328	0.63139	0.01642	0.00768	0.00220	0.00329	0.01385	0.00608	0.00549
118	0.05074	0.01818	0.07950	0.08413	0.04314	0.09647	0.01319	0.27470	0.06270	0.14790	0.01587	0.01642	0.01132	0.00737	0.00664	0.00196	0.02768	0.00560	0.00537	0.03110
119	0.01426	0.17051	0.48799	0.07292	0.04917	0.01716	0.03829	0.04293	0.01412	0.01988	0.01128	0.01353	0.00844	0.00607	0.00584	0.00192	0.00888	0.00474	0.00290	0.00918
120	0.02414	0.03079	0.01831	0.01665	0.01998	0.74698	0.01248	0.02580	0.01831	0.01581	0.00999	0.01165	0.00832	0.00666	0.00583	0.00166	0.01165	0.00416	0.00333	0.00749
121	0.01317	0.01249	0.02116	0.43150	0.27058	0.01397	0.03828	0.01711	0.01366	0.01822	0.01532	0.04646	0.04627	0.00719	0.00660	0.00209	0.00793	0.00666	0.00326	0.00809
122	0.03601	0.13152	0.27536	0.03307	0.05111	0.01571	0.07678	0.06212	0.03414	0.02118	0.01359	0.01555	0.03271	0.00640	0.00623	0.00179	0.03000	0.00515	0.00347	0.14811
123	0.00847	0.00583	0.00799	0.03378	0.01036	0.00562	0.00629	0.00919	0.01182	0.01573	0.03136	0.63054	0.03715	0.04087	0.01098	0.10328	0.00421	0.01612	0.00544	0.00497
124	0.00924	0.00690	0.01028	0.01028	0.01139	0.00802	0.00794	0.01147	0.01035	0.01492	0.01741	0.02594	0.01639	0.07211	0.72399	0.01025	0.01695	0.00700	0.00348	0.00571
125	0.01077	0.00880	0.01335	0.07130	0.14213	0.00889	0.02966	0.01352	0.03635	0.01804	0.02783	0.32168	0.04745	0.05328	0.00950	0.02268	0.00565	0.14755	0.00502	0.00655
126	0.01608	0.09462	0.25490	0.05921	0.02156	0.08665	0.01499	0.09053	0.07833	0.06273	0.08974	0.04703	0.01701	0.00915	0.02783	0.00221	0.00791	0.00636	0.00441	0.00874
127	0.01487	0.01166	0.01368	0.01194	0.01489	0.05356	0.06059	0.07541	0.19004	0.06490	0.16702	0.07351	0.04584	0.01040	0.00678	0.00207	0.00531	0.04968	0.11988	0.00796
128	0.00992	0.00721	0.00852	0.00853	0.01045	0.00667	0.00651	0.01305	0.06121	0.05574	0.19833	0.16250	0.32201	0.01551	0.00774	0.00229	0.00382	0.08741	0.00637	0.00620
129	0.05539	0.10637	0.09878	0.06550	0.09000	0.11659	0.10503	0.15328	0.10346	0.02411	0.01373	0.01542	0.01053	0.00665	0.00612	0.00193	0.00826	0.00551	0.00417	0.00917
130	0.01584	0.04057	0.07756	0.02526	0.05729	0.01656	0.54544	0.07736	0.01631	0.02215	0.01359	0.01825	0.01050	0.00602	0.00733	0.00214	0.01013	0.02522	0.00355	0.00892
131	0.00787	0.00562	0.00750	0.00900	0.00937	0.00525	0.00600	0.00900	0.01237	0.01649	0.03561	0.76871	0.04274	0.02024	0.00825	0.00262	0.00375	0.01837	0.00600	0.00525
132	0.11900	0.01177	0.01433	0.01135	0.01584	0.01130	0.00923	0.12779	0.01872	0.48921	0.02241	0.05755	0.01581	0.03685	0.00727	0.00218	0.00562	0.00674	0.00705	0.00998
133	0.01765	0.06070	0.12879	0.03868	0.09001	0.10058	0.14634	0.15511	0.10294	0.02407	0.01482	0.04056	0.01179	0.00726	0.00697	0.00202	0.03200	0.00627	0.00424	0.00923
134	0.14703	0.11004	0.01586	0.01118	0.01500	0.03500	0.00919	0.17435	0.09641	0.09256	0.18546	0.04031	0.02393	0.00887	0.00608	0.00194	0.00546	0.00700	0.00580	0.00853
135	0.00971	0.00682	0.00875	0.00836	0.00996	0.00633	0.00623	0.01285	0.03572	0.04582	0.58158	0.12265	0.09298	0.01384	0.00763	0.00211	0.00326	0.01222	0.00695	0.00623
136	0.05225	0.17168	0.04529	0.13184	0.04401	0.13502	0.05966	0.10281	0.03600	0.02111	0.04881	0.03997	0.01376	0.00764	0.00639	0.00192	0.02783	0.02623	0.01968	0.00809
137	0.13743	0.08626	0.21392	0.01780	0.04679	0.06664	0.17856	0.03904	0.01467	0.07480	0.01374	0.05736	0.01110	0.00691	0.00614	0.00201	0.00834	0.00606	0.00379	0.00864
138	0.01220	0.01148	0.01938	0.75739	0.04450	0.01436	0.01794	0.01651	0.01292	0.01651	0.01148	0.01723	0.00861	0.00646	0.00646	0.00215	0.00861	0.00574	0.00287	0.00718
139	0.00822	0.00608	0.00774	0.00895	0.00969	0.00573	0.00616	0.01008	0.03856	0.01707	0.03865	0.63980	0.12041	0.01931	0.00814	0.00257	0.00381	0.03753	0.00602	0.00547
140	0.01668	0.01455	0.05241	0.06658	0.14502	0.01412	0.20531	0.03924	0.03866	0.13597	0.01893	0.04184	0.04885	0.00832	0.00861	0.00221	0.09081	0.03860	0.00445	0.00883
141	0.04288	0.02497	0.04719	0.03653	0.04107	0.47767	0.03828	0.06400	0.01767	0.01873	0.02891	0.01870	0.01228	0.00791	0.00682	0.00191	0.03837	0.06463	0.00379	0.00770
142	0.01727	0.77681	0.03386	0.01106	0.01658	0.02557	0.01106	0.01935	0.01313	0.01520	0.00898	0.01036	0.00829	0.00553	0.00415	0.00138	0.00691	0.00345	0.00276	0.00829
143	0.02047	0.01312	0.01534	0.01165	0.01666	0.01236	0.00949	0.24792	0.02063	0.20117	0.07815	0.01918	0.01603	0.00727	0.00600	0.00162	0.00557	0.00581	0.00599	0.28557
144	0.01112	0.00795	0.01196	0.01099	0.01292	0.00742	0.08384	0.01320	0.01438	0.09141	0.12813	0.39113	0.13906	0.01564	0.00816	0.00237	0.02389	0.01407	0.00597	0.00640
145	0.00924	0.00679	0.00858	0.00818	0.00977	0.00628	0.00611	0.02748	0.01775	0.02467	0.59241	0.10269	0.12793	0.01394	0.00764	0.00209	0.00322	0.01225	0.00690	0.00608
146	0.01309	0.01290	0.02322	0.48625	0.03786	0.01501	0.17696	0.01733	0.01319	0.01769	0.01194	0.01725	0.00919	0.00674	0.00809	0.00220	0.08216	0.00618	0.03529	0.00748
147	0.01220	0.01148	0.01938	0.75739	0.04450	0.01436	0.01794	0.01651	0.01292	0.01651	0.01148	0.01723	0.00861	0.00646	0.00646	0.00215	0.00861	0.00574	0.00287	0.00718
148	0.02415	0.01740	0.01882	0.01449	0.01952	0.01912	0.01195	0.65967	0.02949	0.06591	0.04272	0.01698	0.01305	0.00797	0.00651	0.00194	0.00690	0.00606	0.00654	0.01080
149	0.81856	0.01250	0.00950	0.00850	0.01250	0.01449	0.00700	0.01899	0.01100	0.02899	0.00900	0.01050	0.00700	0.00600	0.00400	0.00200	0.00500	0.00350	0.00400	0.00700
150	0.01146	0.00687	0.00770	0.00756	0.00916	0.00674	0.00557	0.03336	0.04282	0.04087	0.12306	0.13223	0.10268	0.03422	0.00756	0.03156	0.00360	0.00942	0.37746	0.00612
151	0.00786	0.00652	0.00681	0.00680	0.00879	0.00554	0.00503	0.00958	0.01488	0.01819	0.13475	0.07840	0.61804	0.03977	0.00844	0.00230	0.00335	0.01342	0.00605	0.00547
152	0.00813	0.00654	0.00724	0.00711	0.00904	0.00566	0.00532	0.01020	0.01581	0.02014	0.27766	0.07517	0.49838	0.01545	0.00765	0.00214	0.00321	0.01313	0.00636	0.00566
153	0.01825	0.67094	0.03165	0.01185	0.01707	0.12794	0.01126	0.02026	0.01386	0.01529	0.00913	0.01055	0.00830	0.00569	0.00438	0.00142	0.00758	0.00356	0.00284	0.00818
154	0.01755	0.01390	0.01484	0.01287	0.01674	0.01562	0.01015	0.14493	0.51839	0.06584	0.02728	0.02531	0.06924	0.00911	0.00663	0.00214	0.00533	0.00747	0.00659	0.01005
155	0.01407	0.01188	0.01376	0.00989	0.01560	0.00930	0.00794	0.05825	0.01442	0.02224	0.01173	0.01353	0.00966	0.00496	0.00489	0.00102	0.00493	0.00395	0.00399	0.76399
156	0.01951	0.04030	0.01648	0.01300	0.06171	0.01208	0.00988	0.15575	0.01797	0.19162	0.01549	0.01587	0.01134	0.00620	0.00559	0.00147	0.00566	0.00495	0.00524	0.38990
157	0.00913	0.00675	0.00811	0.00882	0.01000	0.00646	0.00625	0.03636	0.04684	0.01879	0.06020	0.48753	0.17772	0.01757	0.00780	0.00243	0.00384	0.03364	0.04596	0.00581
158	0.02081	0.04344	0.10574	0.07001	0.02174	0.03726	0.02924	0.39204	0.03892	0.09260	0.01615	0.03534	0.01230	0.04566	0.00772	0.00219	0.00742	0.00617	0.00546	0.00979
159	0.01439	0.09425	0.13442	0.04501	0.02399	0.04341	0.23211	0.03726	0.01416	0.01935	0.06281	0.04525	0.01421	0.00996	0.04608	0.00258	0.14240	0.00682	0.00351	0.00801
160	0.00925	0.00817	0.04444	0.00966	0.01070	0.03317	0.00721	0.01083	0.01248	0.01666	0.03060	0.52637	0.03546	0.10023	0.03521	0.00319	0.00517	0.06034	0.03535	0.00549
161	0.07693	0.56723	0.06422	0.01156	0.01678	0.04908	0.01127	0.05675	0.01402	0.01794	0.01056	0.03377	0.00961	0.00755	0.02799	0.00182	0.00732	0.00423	0.00319	0.00821
162	0.03627	0.33915	0.29125	0.01384	0.02042	0.01893	0.01535	0.02073	0.08303	0.01889	0.01217	0.01380	0.00978	0.00819	0.04207	0.00216	0.00810	0.00451	0.00323	0.03812

[dist]
# distance from previous block
# <min> <max>
1	10

[block]
# block no. 3 follows, 34 sequences, length 23
# corresponding to MSA columns:
# 337-359
name=unknown_D
#
# <colnr> <probs for GDERKNQSTAVLIFYWHMCP>
#	G	D	E	R	K	N	Q	S	T	A	V	L	I	F	Y	W	H	M	C	P
