[name]
unknown

[dist]
# distance from previous block
# <min> <max>
0	24

[block]
# block no. 0 follows, 33 sequences, length 17
# corresponding to MSA columns:
# 27-43
name=unknown_A
#
# <colnr> <probs for GDERKNQSTAVLIFYWHMCP>
#	G	D	E	R	K	N	Q	S	T	A	V	L	I	F	Y	W	H	M	C	P
0	0.01208	0.00968	0.01469	0.01508	0.05758	0.00935	0.07492	0.03414	0.01548	0.02070	0.02886	0.05836	0.03033	0.01477	0.00836	0.00267	0.00655	0.49889	0.00546	0.08207
1	0.01288	0.01208	0.02006	0.64075	0.10936	0.01438	0.01786	0.01713	0.01337	0.01754	0.01177	0.01720	0.00899	0.00641	0.00648	0.00210	0.00846	0.00574	0.00301	0.05443
2	0.01463	0.02367	0.31687	0.02365	0.09599	0.01564	0.29084	0.02156	0.05765	0.02144	0.01338	0.01629	0.00997	0.00604	0.00685	0.00209	0.00960	0.00622	0.00333	0.04427
3	0.00957	0.00638	0.00718	0.00718	0.00718	0.00638	0.00399	0.00957	0.00957	0.01276	0.02074	0.04308	0.02393	0.76864	0.03351	0.00638	0.00638	0.00957	0.00399	0.00399
4	0.01564	0.01665	0.03337	0.07238	0.28792	0.01617	0.41647	0.02053	0.01521	0.02101	0.01289	0.01721	0.01008	0.00572	0.00725	0.00212	0.00977	0.00697	0.00328	0.00936
5	0.02545	0.01776	0.01934	0.01482	0.02008	0.01941	0.01225	0.64240	0.02982	0.10632	0.01676	0.01643	0.01167	0.00793	0.00659	0.00198	0.00709	0.00599	0.00673	0.01120
6	0.00957	0.00638	0.00718	0.00718	0.00718	0.00638	0.00399	0.00957	0.00957	0.01276	0.02074	0.04308	0.02393	0.76864	0.03351	0.00638	0.00638	0.00957	0.00399	0.00399
7	0.25559	0.01627	0.01637	0.01303	0.01785	0.01816	0.01072	0.44306	0.06460	0.06075	0.01485	0.01505	0.01070	0.00745	0.00586	0.00201	0.00644	0.00535	0.00591	0.00996
8	0.01969	0.01529	0.01636	0.01375	0.01794	0.01722	0.01092	0.26961	0.42603	0.05857	0.02271	0.02200	0.01695	0.03310	0.00752	0.00227	0.00598	0.00695	0.00663	0.01051
9	0.01748	0.01377	0.01489	0.01309	0.01681	0.01550	0.01024	0.12018	0.52006	0.06758	0.05241	0.06745	0.02169	0.00961	0.00682	0.00221	0.00534	0.00803	0.00675	0.01011
10	0.01459	0.02359	0.43953	0.01490	0.02188	0.01207	0.01738	0.02020	0.01561	0.13001	0.15034	0.02518	0.06915	0.00860	0.00670	0.00208	0.00743	0.00707	0.00466	0.00901
11	0.01553	0.02258	0.25086	0.08600	0.10243	0.04622	0.26207	0.06250	0.01560	0.02151	0.01243	0.01587	0.00937	0.00634	0.00752	0.00214	0.04237	0.00616	0.00330	0.00919
12	0.02224	0.06173	0.04660	0.05722	0.02111	0.03768	0.01265	0.41329	0.14605	0.08784	0.01757	0.01745	0.01266	0.00780	0.00644	0.00200	0.00706	0.00601	0.00606	0.01053
13	0.01792	0.01472	0.05799	0.01419	0.01828	0.01456	0.05359	0.24357	0.18605	0.07695	0.02378	0.15505	0.02115	0.01095	0.00718	0.00227	0.00634	0.05992	0.00618	0.00936
14	0.00928	0.00663	0.00841	0.00941	0.01009	0.00643	0.00637	0.05563	0.01359	0.01814	0.03371	0.65818	0.03986	0.07813	0.01024	0.00292	0.00425	0.01715	0.00598	0.00563
15	0.02053	0.03999	0.01704	0.01283	0.01759	0.01533	0.01042	0.39281	0.02336	0.08832	0.01815	0.11171	0.01535	0.00883	0.00638	0.00184	0.00616	0.00711	0.00595	0.18030
16	0.01803	0.01805	0.04911	0.08152	0.15455	0.10235	0.20388	0.08944	0.04191	0.06334	0.01368	0.01652	0.01049	0.00667	0.00758	0.00203	0.05244	0.00614	0.00400	0.05827

[dist]
# distance from previous block
# <min> <max>
1	31

[block]
# block no. 1 follows, 33 sequences, length 29
# corresponding to MSA columns:
# 75-103
name=unknown_B
#
# <colnr> <probs for GDERKNQSTAVLIFYWHMCP>
#	G	D	E	R	K	N	Q	S	T	A	V	L	I	F	Y	W	H	M	C	P
0	0.07411	0.01428	0.02067	0.18122	0.29320	0.01608	0.01599	0.04907	0.16286	0.02269	0.01488	0.01773	0.01176	0.00723	0.00764	0.00215	0.06908	0.00602	0.00407	0.00929
1	0.15209	0.01736	0.10485	0.04212	0.07991	0.03833	0.11005	0.12454	0.03240	0.02551	0.01354	0.01558	0.02325	0.00633	0.00590	0.00181	0.00731	0.00533	0.00413	0.18968
2	0.01707	0.01338	0.02143	0.01591	0.02126	0.01191	0.21980	0.07650	0.01636	0.13446	0.01740	0.09651	0.01458	0.00753	0.00655	0.00178	0.00696	0.00725	0.00485	0.28852
3	0.02023	0.08867	0.02039	0.05233	0.06736	0.11040	0.01284	0.24354	0.12534	0.05092	0.01503	0.01623	0.01158	0.00782	0.00800	0.00200	0.09579	0.00563	0.00495	0.04094
4	0.06395	0.01219	0.02942	0.01134	0.01490	0.01230	0.00907	0.14857	0.15764	0.06451	0.05531	0.06142	0.06597	0.07170	0.09548	0.00332	0.00694	0.00770	0.00556	0.10272
5	0.02054	0.01603	0.01692	0.10064	0.02123	0.09679	0.01166	0.21492	0.17129	0.12743	0.04784	0.01959	0.01524	0.00783	0.00643	0.00194	0.00688	0.00621	0.00582	0.08478
6	0.01720	0.11173	0.28399	0.01438	0.02102	0.01515	0.01523	0.06925	0.11619	0.12423	0.04384	0.01772	0.01363	0.00706	0.00605	0.00188	0.00717	0.00556	0.00467	0.10404
7	0.08471	0.01168	0.01335	0.01144	0.01479	0.05886	0.07298	0.09677	0.01707	0.08090	0.03980	0.07227	0.32349	0.01258	0.00722	0.00221	0.00566	0.06120	0.00571	0.00731
8	0.00940	0.00705	0.01058	0.01058	0.01176	0.00823	0.00823	0.01176	0.01058	0.01528	0.01763	0.02586	0.01646	0.04937	0.74255	0.01058	0.01763	0.00705	0.00353	0.00588
9	0.12452	0.09993	0.09369	0.01293	0.01826	0.09993	0.01167	0.08287	0.01774	0.34853	0.01782	0.01695	0.01210	0.00723	0.00592	0.00193	0.00701	0.00537	0.00579	0.00981
10	0.01340	0.03271	0.67708	0.01951	0.02898	0.01540	0.08042	0.02087	0.01403	0.02087	0.01194	0.01422	0.00848	0.00620	0.00638	0.00210	0.00984	0.00510	0.00283	0.00966
11	0.01552	0.01164	0.01384	0.00998	0.01574	0.00888	0.00802	0.01840	0.01426	0.10522	0.01338	0.01468	0.01052	0.00526	0.00508	0.00110	0.00496	0.00422	0.00440	0.71486
12	0.01341	0.06818	0.70218	0.01842	0.02796	0.01579	0.02372	0.02080	0.01387	0.02060	0.01169	0.01374	0.00834	0.00623	0.00616	0.00205	0.00961	0.00480	0.00278	0.00967
13	0.02464	0.08899	0.01967	0.01570	0.01965	0.52903	0.01222	0.09015	0.01940	0.10284	0.01248	0.01337	0.00965	0.00695	0.00594	0.00174	0.01030	0.00462	0.00420	0.00845
14	0.00943	0.00632	0.00722	0.00737	0.00740	0.00629	0.00419	0.00954	0.00986	0.01314	0.02220	0.11073	0.02577	0.69848	0.03115	0.00603	0.00614	0.01043	0.00419	0.00412
15	0.00824	0.00601	0.00780	0.00915	0.00985	0.00558	0.00640	0.00962	0.01313	0.01719	0.03973	0.61699	0.12332	0.01993	0.00839	0.00265	0.00397	0.08048	0.00611	0.00544
16	0.01320	0.03405	0.73453	0.01876	0.02849	0.01529	0.02432	0.02085	0.01390	0.02085	0.01181	0.01390	0.00834	0.00625	0.00625	0.00208	0.00973	0.00486	0.00278	0.00973
17	0.00906	0.00682	0.00784	0.00751	0.00952	0.00596	0.00566	0.01138	0.01669	0.04160	0.35112	0.05605	0.41709	0.01504	0.00774	0.00215	0.00330	0.01283	0.00666	0.00600
18	0.01432	0.20394	0.55018	0.01686	0.02546	0.01781	0.02087	0.02103	0.03594	0.01982	0.01167	0.01346	0.00874	0.00620	0.00580	0.00193	0.00897	0.00464	0.00291	0.00946
19	0.00903	0.00672	0.00841	0.00798	0.00966	0.00609	0.00599	0.01187	0.01796	0.02481	0.60269	0.05179	0.18452	0.01405	0.00777	0.00210	0.00315	0.01227	0.00704	0.00609
20	0.08826	0.00992	0.01347	0.10735	0.01747	0.01070	0.05532	0.01669	0.03413	0.07993	0.14463	0.05937	0.12286	0.01049	0.00817	0.00215	0.08379	0.00858	0.11963	0.00711
21	0.02334	0.15411	0.02122	0.01536	0.01927	0.45192	0.01226	0.08123	0.01832	0.08525	0.01186	0.01310	0.00944	0.00707	0.00662	0.00177	0.05095	0.00456	0.00398	0.00838
22	0.01365	0.01170	0.01365	0.00975	0.01560	0.00878	0.00780	0.01658	0.01365	0.02145	0.01170	0.01365	0.00975	0.00488	0.00488	0.00098	0.00488	0.00390	0.00390	0.80888
23	0.01404	0.01355	0.02296	0.07575	0.34836	0.01410	0.10711	0.01760	0.01483	0.02076	0.10866	0.02490	0.08218	0.00851	0.00874	0.00215	0.09556	0.00762	0.00398	0.00865
24	0.01536	0.01326	0.01392	0.01260	0.01615	0.01510	0.00978	0.03197	0.63309	0.02639	0.03150	0.02913	0.10317	0.00984	0.00683	0.00223	0.00499	0.00820	0.00663	0.00985
25	0.01453	0.01449	0.02060	0.01883	0.06474	0.01986	0.01479	0.01613	0.01041	0.01622	0.00889	0.01453	0.00876	0.01114	0.02060	0.00282	0.70657	0.00577	0.00291	0.00742
26	0.01189	0.01292	0.09683	0.03863	0.08094	0.05618	0.01016	0.03341	0.02598	0.01783	0.05138	0.15818	0.10683	0.23166	0.01523	0.00344	0.02733	0.01012	0.00453	0.00652
27	0.01651	0.01204	0.01392	0.01058	0.01567	0.01041	0.00847	0.12092	0.03649	0.10567	0.02037	0.04552	0.07924	0.00746	0.00577	0.00146	0.00514	0.00606	0.00515	0.47314
28	0.09529	0.08462	0.03550	0.01595	0.01947	0.30352	0.04448	0.11379	0.03967	0.02136	0.01116	0.01340	0.00919	0.00771	0.00892	0.00203	0.15695	0.00492	0.00383	0.00824

[dist]
# distance from previous block
# <min> <max>
0	19

[block]
# block no. 2 follows, 33 sequences, length 21
# corresponding to MSA columns:
# 123-143
name=unknown_C
#
# <colnr> <probs for GDERKNQSTAVLIFYWHMCP>
#	G	D	E	R	K	N	Q	S	T	A	V	L	I	F	Y	W	H	M	C	P
0	0.09432	0.01512	0.02015	0.35109	0.14491	0.07718	0.04290	0.07995	0.07151	0.02193	0.01306	0.01661	0.01002	0.00670	0.00633	0.00208	0.00820	0.00570	0.00377	0.00847
1	0.47230	0.01865	0.15369	0.01274	0.03700	0.07397	0.01177	0.05295	0.01397	0.08322	0.01151	0.01275	0.00849	0.00643	0.00504	0.00201	0.00677	0.00429	0.00418	0.00828
2	0.01165	0.00892	0.01200	0.07151	0.01671	0.00950	0.01119	0.01720	0.12355	0.02069	0.03176	0.06203	0.03280	0.01582	0.00852	0.00284	0.00615	0.52440	0.00591	0.00684
3	0.00950	0.00667	0.00862	0.00862	0.00912	0.00717	0.00579	0.01050	0.01000	0.01383	0.01942	0.03578	0.02076	0.46357	0.33425	0.00816	0.01115	0.00850	0.00379	0.00479
4	0.01581	0.01361	0.01437	0.01297	0.01656	0.01562	0.01008	0.03325	0.66532	0.02716	0.05457	0.02682	0.04579	0.00937	0.00678	0.00223	0.00507	0.00783	0.00670	0.01009
5	0.01760	0.77260	0.03450	0.01126	0.01690	0.02605	0.01126	0.01971	0.01338	0.01549	0.00915	0.01056	0.00845	0.00563	0.00422	0.00141	0.00704	0.00352	0.00282	0.00845
6	0.00940	0.00705	0.01058	0.01058	0.01176	0.00823	0.00823	0.01176	0.01058	0.01528	0.01763	0.02586	0.01646	0.04937	0.74255	0.01058	0.01763	0.00705	0.00353	0.00588
7	0.01261	0.03059	0.64491	0.01755	0.02617	0.01409	0.02208	0.01952	0.01395	0.02068	0.03851	0.08185	0.01332	0.00778	0.00650	0.00214	0.00898	0.00634	0.00323	0.00922
8	0.00826	0.00661	0.00739	0.00735	0.00923	0.00574	0.00545	0.01032	0.01591	0.02030	0.26215	0.11510	0.47095	0.01602	0.00783	0.00221	0.00330	0.01368	0.00645	0.00574
9	0.00922	0.00741	0.00821	0.00789	0.00994	0.00687	0.00590	0.01296	0.08470	0.02143	0.28215	0.05393	0.40324	0.04643	0.00875	0.00235	0.00357	0.01241	0.00646	0.00619
10	0.01448	0.00764	0.00814	0.00760	0.00976	0.00777	0.00583	0.01946	0.10281	0.09430	0.02259	0.02434	0.01722	0.00788	0.00506	0.00167	0.00359	0.00635	0.62634	0.00717
11	0.01299	0.01233	0.02050	0.61948	0.11340	0.01518	0.01817	0.01709	0.01310	0.01722	0.01152	0.01717	0.00894	0.00691	0.00780	0.00223	0.06956	0.00584	0.00296	0.00763
12	0.01637	0.01414	0.01489	0.01340	0.01712	0.01637	0.01042	0.03498	0.71568	0.02754	0.02679	0.02456	0.02010	0.00893	0.00670	0.00223	0.00521	0.00744	0.00670	0.01042
13	0.02459	0.03138	0.01866	0.01696	0.02035	0.74221	0.01272	0.02629	0.01866	0.01611	0.01018	0.01187	0.00848	0.00678	0.00594	0.00170	0.01187	0.00424	0.00339	0.00763
14	0.00801	0.00577	0.00759	0.00905	0.00952	0.00536	0.00606	0.00918	0.01272	0.01685	0.03770	0.73180	0.07517	0.02044	0.00837	0.00265	0.00380	0.01849	0.00611	0.00536
15	0.01365	0.01170	0.01365	0.00975	0.01560	0.00878	0.00780	0.01658	0.01365	0.02145	0.01170	0.01365	0.00975	0.00488	0.00488	0.00098	0.00488	0.00390	0.00390	0.80888
16	0.14801	0.01915	0.01930	0.01525	0.02014	0.13206	0.06679	0.40209	0.02408	0.06967	0.01421	0.01489	0.01030	0.00727	0.00619	0.00196	0.00786	0.00548	0.00551	0.00982
17	0.00956	0.00645	0.00751	0.00751	0.00763	0.00656	0.00440	0.00979	0.00967	0.01301	0.02044	0.04139	0.02320	0.69812	0.10303	0.00679	0.00749	0.00933	0.00394	0.00417
18	0.09287	0.01602	0.01782	0.01699	0.11553	0.09553	0.01202	0.12998	0.03333	0.09376	0.01332	0.01512	0.01040	0.00727	0.00822	0.00188	0.12295	0.00514	0.00452	0.18733
19	0.03401	0.01491	0.02347	0.19282	0.35551	0.03635	0.07574	0.07140	0.04430	0.02193	0.01438	0.05932	0.01223	0.00715	0.00669	0.00208	0.00799	0.00673	0.00377	0.00921
20	0.12878	0.01217	0.01849	0.57459	0.07831	0.01478	0.01646	0.01812	0.04164	0.01936	0.01199	0.01678	0.00909	0.00657	0.00622	0.00216	0.00804	0.00559	0.00326	0.00759

[dist]
# distance from previous block
# <min> <max>
0	1

[block]
# block no. 3 follows, 33 sequences, length 25
# corresponding to MSA columns:
# 145-169
name=unknown_D
#
# <colnr> <probs for GDERKNQSTAVLIFYWHMCP>
#	G	D	E	R	K	N	Q	S	T	A	V	L	I	F	Y	W	H	M	C	P
0	0.01403	0.01104	0.01234	0.01088	0.01352	0.05097	0.02752	0.10581	0.11022	0.05896	0.25231	0.07679	0.12254	0.06625	0.03477	0.00271	0.00556	0.01004	0.00624	0.00751
1	0.02310	0.01734	0.01852	0.01453	0.01946	0.01921	0.01190	0.58534	0.12106	0.03857	0.01955	0.01911	0.04449	0.00843	0.00665	0.00202	0.00680	0.00649	0.00658	0.01084
2	0.01597	0.01489	0.02184	0.25927	0.16788	0.05616	0.08439	0.12705	0.01728	0.02299	0.08775	0.01989	0.01522	0.00758	0.00767	0.00211	0.05277	0.00660	0.00409	0.00859
3	0.00995	0.00746	0.00931	0.00872	0.01051	0.00719	0.00658	0.01452	0.08721	0.02615	0.62784	0.04734	0.08571	0.01315	0.00766	0.00209	0.00332	0.01155	0.00715	0.00660
4	0.01243	0.01170	0.01975	0.75282	0.04534	0.01463	0.01828	0.01682	0.01316	0.01682	0.01170	0.01755	0.00878	0.00658	0.00658	0.00219	0.00878	0.00585	0.00293	0.00731
5	0.01243	0.01170	0.01975	0.75282	0.04534	0.01463	0.01828	0.01682	0.01316	0.01682	0.01170	0.01755	0.00878	0.00658	0.00658	0.00219	0.00878	0.00585	0.00293	0.00731
6	0.01243	0.01170	0.01975	0.75282	0.04534	0.01463	0.01828	0.01682	0.01316	0.01682	0.01170	0.01755	0.00878	0.00658	0.00658	0.00219	0.00878	0.00585	0.00293	0.00731
7	0.00940	0.00705	0.01058	0.01058	0.01176	0.00823	0.00823	0.01176	0.01058	0.01528	0.01763	0.02586	0.01646	0.04937	0.74255	0.01058	0.01763	0.00705	0.00353	0.00588
8	0.02503	0.01844	0.01976	0.01515	0.02042	0.02042	0.01251	0.70562	0.03095	0.04149	0.01581	0.01581	0.01120	0.00790	0.00659	0.00198	0.00724	0.00593	0.00659	0.01120
9	0.01712	0.69268	0.11025	0.01208	0.01815	0.02488	0.01268	0.01984	0.01343	0.01607	0.00944	0.01092	0.00844	0.00570	0.00444	0.00148	0.00733	0.00367	0.00281	0.00859
10	0.00957	0.00638	0.00718	0.00718	0.00718	0.00638	0.00399	0.00957	0.00957	0.01276	0.02074	0.04308	0.02393	0.76864	0.03351	0.00638	0.00638	0.00957	0.00399	0.00399
11	0.01320	0.03405	0.73453	0.01876	0.02849	0.01529	0.02432	0.02085	0.01390	0.02085	0.01181	0.01390	0.00834	0.00625	0.00625	0.00208	0.00973	0.00486	0.00278	0.00973
12	0.00955	0.00703	0.00881	0.00903	0.00919	0.00754	0.00594	0.01016	0.01069	0.01454	0.02469	0.28612	0.02880	0.41192	0.04428	0.00487	0.08520	0.01222	0.00458	0.00485
13	0.00932	0.00627	0.00726	0.00751	0.00757	0.00621	0.00434	0.00951	0.01007	0.01343	0.02331	0.16242	0.02718	0.64488	0.02935	0.00577	0.00596	0.01109	0.00434	0.00421
14	0.01333	0.01262	0.02137	0.58723	0.20391	0.01486	0.01873	0.01761	0.01359	0.01791	0.01186	0.01726	0.00916	0.00642	0.00657	0.00214	0.00855	0.00585	0.00300	0.00804
15	0.01578	0.01542	0.02722	0.11928	0.57743	0.01563	0.09229	0.01992	0.01484	0.02094	0.01241	0.01659	0.01020	0.00591	0.00666	0.00201	0.00828	0.00607	0.00323	0.00991
16	0.01162	0.00610	0.00637	0.00656	0.00787	0.00605	0.00475	0.01429	0.01343	0.02298	0.02322	0.11459	0.02046	0.05002	0.00661	0.00193	0.00334	0.00783	0.66605	0.00593
17	0.00802	0.00573	0.00764	0.00917	0.00955	0.00535	0.00611	0.00917	0.01260	0.01681	0.03628	0.76434	0.04354	0.02062	0.00840	0.00267	0.00382	0.01872	0.00611	0.00535
18	0.00997	0.00843	0.01161	0.01263	0.08695	0.00794	0.04885	0.01284	0.05091	0.01895	0.10432	0.21460	0.27923	0.09021	0.01030	0.00270	0.00477	0.01286	0.00557	0.00638
19	0.01683	0.01696	0.02525	0.10124	0.59212	0.09242	0.01924	0.02055	0.01522	0.02052	0.01209	0.01594	0.01007	0.00603	0.00646	0.00195	0.00833	0.00569	0.00324	0.00986
20	0.01320	0.03405	0.73453	0.01876	0.02849	0.01529	0.02432	0.02085	0.01390	0.02085	0.01181	0.01390	0.00834	0.00625	0.00625	0.00208	0.00973	0.00486	0.00278	0.00973
21	0.00848	0.00632	0.00797	0.00891	0.01001	0.00581	0.00650	0.01023	0.01419	0.01852	0.12093	0.42621	0.20044	0.01857	0.00829	0.00255	0.00394	0.11031	0.00623	0.00559
22	0.02192	0.01702	0.04902	0.01507	0.02002	0.04193	0.06611	0.38897	0.08365	0.11802	0.09233	0.02080	0.01764	0.00831	0.00678	0.00203	0.00701	0.00681	0.00633	0.01024
23	0.00920	0.00655	0.00884	0.01006	0.01097	0.00632	0.00767	0.01119	0.01402	0.01868	0.10769	0.39460	0.04236	0.05906	0.00994	0.00294	0.00471	0.26347	0.00610	0.00563
24	0.01802	0.01227	0.01419	0.01227	0.01550	0.01315	0.00964	0.28097	0.09443	0.10222	0.02345	0.18357	0.02147	0.03695	0.09014	0.00326	0.00712	0.02674	0.02582	0.00879

[dist]
# distance from previous block
# <min> <max>
0	5

[block]
# block no. 4 follows, 33 sequences, length 62
# corresponding to MSA columns:
# 175-236
name=unknown_E
#
# <colnr> <probs for GDERKNQSTAVLIFYWHMCP>
#	G	D	E	R	K	N	Q	S	T	A	V	L	I	F	Y	W	H	M	C	P
0	0.06583	0.02401	0.01809	0.07366	0.02152	0.41582	0.01243	0.17143	0.02028	0.06686	0.01249	0.01383	0.00955	0.00698	0.00603	0.00181	0.00960	0.00483	0.00439	0.04056
1	0.01428	0.01388	0.01837	0.05088	0.01785	0.03939	0.01324	0.04478	0.01187	0.01730	0.01372	0.07573	0.04014	0.01173	0.01773	0.00268	0.55668	0.00702	0.00347	0.02925
2	0.01597	0.01233	0.01434	0.01052	0.01617	0.01017	0.00846	0.07549	0.04887	0.07955	0.01388	0.01504	0.01088	0.00558	0.00524	0.00120	0.00514	0.00445	0.00459	0.64211
3	0.01470	0.01398	0.02360	0.31977	0.43883	0.01505	0.01909	0.01877	0.01423	0.01966	0.01210	0.01671	0.00976	0.00612	0.00650	0.00202	0.00811	0.00580	0.00315	0.03206
4	0.00915	0.00672	0.00857	0.00811	0.00973	0.00614	0.00608	0.01210	0.01824	0.02547	0.65326	0.05070	0.13354	0.01380	0.00777	0.00209	0.00313	0.01212	0.00712	0.00614
5	0.01339	0.01043	0.01270	0.07055	0.04942	0.04085	0.00964	0.07514	0.06613	0.05788	0.31986	0.04229	0.08516	0.01213	0.00750	0.00221	0.00520	0.10584	0.00625	0.00744
6	0.00858	0.00670	0.00778	0.00751	0.00938	0.00590	0.00563	0.01099	0.01689	0.02226	0.40828	0.05599	0.38052	0.01500	0.00777	0.00214	0.00322	0.01286	0.00670	0.00590
7	0.01375	0.01203	0.01503	0.01074	0.01663	0.00921	0.04595	0.01682	0.01375	0.02143	0.01179	0.01388	0.00976	0.00491	0.00503	0.00104	0.00522	0.00411	0.00387	0.76503
8	0.01857	0.01673	0.01961	0.03550	0.01895	0.09388	0.01364	0.16287	0.01597	0.06559	0.01146	0.01501	0.00964	0.00994	0.01552	0.00250	0.45654	0.00569	0.00404	0.00834
9	0.00802	0.00573	0.00764	0.00917	0.00955	0.00535	0.00611	0.00917	0.01260	0.01681	0.03628	0.76434	0.04354	0.02062	0.00840	0.00267	0.00382	0.01872	0.00611	0.00535
10	0.01365	0.01170	0.01365	0.00975	0.01560	0.00878	0.00780	0.01658	0.01365	0.02145	0.01170	0.01365	0.00975	0.00488	0.00488	0.00098	0.00488	0.00390	0.00390	0.80888
11	0.81514	0.01273	0.00968	0.00866	0.01273	0.01477	0.00713	0.01935	0.01120	0.02954	0.00917	0.01069	0.00713	0.00611	0.00407	0.00204	0.00509	0.00356	0.00407	0.00713
12	0.01629	0.01564	0.02672	0.04041	0.72757	0.01564	0.02020	0.02020	0.01499	0.02151	0.01238	0.01629	0.01043	0.00587	0.00652	0.00196	0.00782	0.00587	0.00326	0.01043
13	0.00785	0.00660	0.00682	0.00692	0.00898	0.00556	0.00513	0.00953	0.01494	0.01801	0.08742	0.11825	0.64774	0.01687	0.00783	0.00225	0.00336	0.01420	0.00615	0.00556
14	0.00830	0.00606	0.00753	0.00845	0.00914	0.00566	0.00566	0.00945	0.01266	0.01659	0.05927	0.48990	0.15569	0.13677	0.03409	0.00339	0.00453	0.01592	0.00574	0.00521
15	0.00856	0.00575	0.00775	0.00901	0.00933	0.00544	0.00598	0.00910	0.01193	0.01591	0.03224	0.63410	0.03833	0.04726	0.01173	0.11632	0.00418	0.01656	0.00558	0.00495
16	0.20716	0.01741	0.01845	0.01451	0.01943	0.06854	0.06567	0.38576	0.04167	0.07769	0.01460	0.01514	0.01052	0.00727	0.00606	0.00200	0.00722	0.00549	0.00562	0.00980
17	0.02311	0.02834	0.01861	0.08338	0.02246	0.61735	0.01311	0.04881	0.05175	0.01758	0.01130	0.01312	0.00915	0.00691	0.00605	0.00178	0.01112	0.00460	0.00362	0.00786
18	0.01243	0.01170	0.01975	0.75282	0.04534	0.01463	0.01828	0.01682	0.01316	0.01682	0.01170	0.01755	0.00878	0.00658	0.00658	0.00219	0.00878	0.00585	0.00293	0.00731
19	0.00957	0.00638	0.00718	0.00718	0.00718	0.00638	0.00399	0.00957	0.00957	0.01276	0.02074	0.04308	0.02393	0.76864	0.03351	0.00638	0.00638	0.00957	0.00399	0.00399
20	0.02325	0.11897	0.02119	0.01553	0.01975	0.31837	0.01256	0.29636	0.02237	0.02616	0.01220	0.01343	0.00957	0.00738	0.00695	0.00184	0.05548	0.00492	0.00456	0.00913
21	0.01833	0.44218	0.09555	0.01328	0.01896	0.14182	0.03336	0.02111	0.01462	0.04554	0.01065	0.01213	0.00895	0.00590	0.00498	0.00152	0.00793	0.00406	0.00326	0.09586
22	0.01549	0.21944	0.40466	0.05190	0.02580	0.01784	0.07314	0.02142	0.03418	0.05968	0.01247	0.01431	0.00930	0.00624	0.00590	0.00193	0.00874	0.00497	0.00325	0.00932
23	0.01200	0.00730	0.00948	0.00860	0.01065	0.00664	0.00657	0.01497	0.01837	0.11858	0.58428	0.04549	0.08182	0.01272	0.00752	0.00206	0.00344	0.01112	0.03158	0.00684
24	0.00793	0.00667	0.00687	0.00682	0.00898	0.00562	0.00512	0.00973	0.01535	0.01861	0.12994	0.06199	0.66114	0.01636	0.00778	0.00221	0.00331	0.01370	0.00622	0.00562
25	0.01320	0.03405	0.73453	0.01876	0.02849	0.01529	0.02432	0.02085	0.01390	0.02085	0.01181	0.01390	0.00834	0.00625	0.00625	0.00208	0.00973	0.00486	0.00278	0.00973
26	0.01347	0.03221	0.65604	0.01978	0.02916	0.01544	0.10097	0.02088	0.01408	0.02088	0.01198	0.01433	0.00853	0.00617	0.00643	0.00210	0.00988	0.00519	0.00284	0.00963
27	0.01243	0.01170	0.01975	0.75282	0.04534	0.01463	0.01828	0.01682	0.01316	0.01682	0.01170	0.01755	0.00878	0.00658	0.00658	0.00219	0.00878	0.00585	0.00293	0.00731
28	0.01295	0.01230	0.02115	0.61745	0.11918	0.01462	0.05085	0.01730	0.01354	0.01763	0.01255	0.01913	0.00989	0.00680	0.00671	0.00219	0.00870	0.02629	0.00308	0.00769
29	0.01479	0.04308	0.09242	0.14830	0.12856	0.01608	0.39687	0.01988	0.01484	0.02014	0.01406	0.01816	0.02857	0.00612	0.00715	0.00214	0.00981	0.00696	0.00326	0.00880
30	0.66395	0.13553	0.03440	0.00937	0.01385	0.01660	0.00829	0.01945	0.01163	0.02703	0.00924	0.01076	0.00738	0.00604	0.00416	0.00194	0.00554	0.00359	0.00383	0.00742
31	0.00802	0.00573	0.00764	0.00917	0.00955	0.00535	0.00611	0.00917	0.01260	0.01681	0.03628	0.76434	0.04354	0.02062	0.00840	0.00267	0.00382	0.01872	0.00611	0.00535
32	0.02272	0.11434	0.07660	0.01548	0.01983	0.41844	0.01300	0.09437	0.01854	0.08408	0.01246	0.01366	0.00969	0.00701	0.00633	0.00178	0.03238	0.00469	0.02609	0.00853
33	0.01597	0.01556	0.02686	0.07770	0.52031	0.01580	0.11542	0.02158	0.08366	0.02177	0.01389	0.01738	0.01122	0.00616	0.00672	0.00203	0.00808	0.00629	0.00359	0.01003
34	0.01144	0.00572	0.00858	0.00858	0.00858	0.00572	0.00572	0.00858	0.00858	0.01144	0.01144	0.02001	0.01144	0.02287	0.02573	0.80846	0.00572	0.00572	0.00286	0.00286
35	0.00906	0.00660	0.00873	0.00994	0.01104	0.00627	0.00769	0.01111	0.01426	0.01869	0.08825	0.37698	0.11730	0.01876	0.00855	0.00272	0.00456	0.26762	0.00617	0.00570
36	0.06467	0.01830	0.04321	0.08194	0.16741	0.12592	0.23084	0.08300	0.01683	0.04102	0.03333	0.01755	0.01168	0.02648	0.00743	0.00215	0.00914	0.00635	0.00387	0.00886
37	0.02251	0.01556	0.01663	0.01340	0.01777	0.04501	0.01073	0.35916	0.15070	0.15958	0.02132	0.02201	0.03593	0.06847	0.00875	0.00238	0.00658	0.00679	0.00654	0.01018
38	0.00924	0.00673	0.00870	0.00821	0.00979	0.00618	0.00615	0.01228	0.01846	0.02599	0.69280	0.04985	0.09367	0.01361	0.00777	0.00208	0.00312	0.01200	0.00719	0.00618
39	0.02809	0.01088	0.01481	0.01147	0.01631	0.00943	0.00943	0.03068	0.01883	0.68168	0.07588	0.02432	0.01957	0.00853	0.00670	0.00204	0.00542	0.00700	0.00808	0.01085
40	0.75565	0.03710	0.01069	0.00894	0.01305	0.01520	0.00740	0.02003	0.04123	0.02900	0.00992	0.01128	0.00772	0.00622	0.00419	0.00203	0.00516	0.00373	0.00415	0.00731
41	0.01440	0.01440	0.02016	0.01728	0.01728	0.02016	0.01440	0.01584	0.01008	0.01584	0.00864	0.01440	0.00864	0.01152	0.02160	0.00288	0.75659	0.00576	0.00288	0.00720
42	0.01365	0.01170	0.01365	0.00975	0.01560	0.00878	0.00780	0.01658	0.01365	0.02145	0.01170	0.01365	0.00975	0.00488	0.00488	0.00098	0.00488	0.00390	0.00390	0.80888
43	0.00801	0.00577	0.00759	0.00905	0.00952	0.00536	0.00606	0.00918	0.01272	0.01685	0.03773	0.73097	0.07598	0.02044	0.00837	0.00265	0.00380	0.01849	0.00611	0.00536
44	0.00800	0.00580	0.00756	0.00897	0.00950	0.00536	0.00602	0.00919	0.01279	0.01688	0.03869	0.70895	0.09738	0.02031	0.00835	0.00264	0.00378	0.01833	0.00611	0.00536
45	0.01554	0.01776	0.03885	0.02775	0.03441	0.01665	0.70366	0.02109	0.01554	0.02109	0.01332	0.01776	0.00999	0.00555	0.00777	0.00222	0.01110	0.00777	0.00333	0.00888
46	0.02023	0.01538	0.01667	0.01371	0.01787	0.01704	0.01097	0.42950	0.19549	0.03455	0.05450	0.10485	0.01948	0.00987	0.00688	0.00212	0.00616	0.00804	0.00659	0.01010
47	0.71906	0.01445	0.01081	0.00959	0.01366	0.07249	0.00780	0.04909	0.01263	0.02898	0.00953	0.01100	0.00741	0.00624	0.00433	0.00201	0.00572	0.00372	0.00413	0.00734
48	0.02503	0.01844	0.01976	0.01515	0.02042	0.02042	0.01251	0.70562	0.03095	0.04149	0.01581	0.01581	0.01120	0.00790	0.00659	0.00198	0.00724	0.00593	0.00659	0.01120
49	0.01754	0.01480	0.02475	0.08359	0.51585	0.01517	0.04237	0.02120	0.01502	0.11071	0.01382	0.01707	0.01091	0.00660	0.00765	0.00206	0.06100	0.00602	0.00383	0.01003
50	0.01346	0.00882	0.01084	0.00964	0.01213	0.00863	0.00745	0.05073	0.11092	0.11517	0.48324	0.04160	0.07661	0.01207	0.00743	0.00209	0.00390	0.01046	0.00721	0.00760
51	0.00802	0.00573	0.00764	0.00917	0.00955	0.00535	0.00611	0.00917	0.01260	0.01681	0.03628	0.76434	0.04354	0.02062	0.00840	0.00267	0.00382	0.01872	0.00611	0.00535
52	0.00906	0.00672	0.00844	0.00801	0.00968	0.00610	0.00601	0.01192	0.01803	0.02496	0.61387	0.05155	0.17325	0.01400	0.00777	0.00210	0.00314	0.01224	0.00706	0.00610
53	0.01243	0.01170	0.01975	0.75282	0.04534	0.01463	0.01828	0.01682	0.01316	0.01682	0.01170	0.01755	0.00878	0.00658	0.00658	0.00219	0.00878	0.00585	0.00293	0.00731
54	0.00957	0.00638	0.00718	0.00718	0.00718	0.00638	0.00399	0.00957	0.00957	0.01276	0.02074	0.04308	0.02393	0.76864	0.03351	0.00638	0.00638	0.00957	0.00399	0.00399
55	0.00810	0.00653	0.00725	0.00765	0.00939	0.00568	0.00567	0.00981	0.01469	0.01815	0.09317	0.21551	0.49753	0.01746	0.00800	0.00236	0.00360	0.05771	0.00617	0.00558
56	0.01424	0.02682	0.42580	0.02275	0.03112	0.01589	0.32580	0.02095	0.01463	0.02095	0.01248	0.01561	0.00907	0.00594	0.00693	0.00214	0.01034	0.00615	0.00302	0.00935
57	0.02032	0.32179	0.08646	0.01604	0.04866	0.20439	0.06770	0.05544	0.01637	0.08828	0.01206	0.01338	0.00955	0.00633	0.00555	0.00171	0.00872	0.00466	0.00372	0.00886
58	0.01420	0.15554	0.38770	0.07597	0.07687	0.01608	0.01860	0.01959	0.01379	0.01974	0.01137	0.01374	0.00877	0.00592	0.00572	0.00179	0.00826	0.00463	0.00301	0.13868
59	0.01510	0.01491	0.05975	0.06534	0.34894	0.01480	0.01587	0.04132	0.15428	0.02333	0.11444	0.02233	0.01927	0.00799	0.00762	0.00210	0.05167	0.00696	0.00453	0.00946
60	0.00957	0.00638	0.00718	0.00718	0.00718	0.00638	0.00399	0.00957	0.00957	0.01276	0.02074	0.04308	0.02393	0.76864	0.03351	0.00638	0.00638	0.00957	0.00399	0.00399
61	0.01564	0.01412	0.03341	0.01255	0.01587	0.10327	0.04746	0.14622	0.07850	0.04694	0.21539	0.05492	0.12722	0.01132	0.00725	0.00212	0.00607	0.04776	0.00603	0.00794

[dist]
# distance from previous block
# <min> <max>
0	1

# created by:
# /home/berkeley/.conda/envs/busco_data_prod/bin/msa2prfl.pl pipeline/OGs_align_augustus/4893/15760.fs
