[name]
unknown

[dist]
# distance from previous block
# <min> <max>
0	2

[block]
# block no. 0 follows, 33 sequences, length 19
# corresponding to MSA columns:
# 2-20
name=unknown_A
#
# <colnr> <probs for GDERKNQSTAVLIFYWHMCP>
#	G	D	E	R	K	N	Q	S	T	A	V	L	I	F	Y	W	H	M	C	P
0	0.01086	0.00790	0.01074	0.01196	0.01360	0.00800	0.01032	0.01480	0.05594	0.02057	0.07732	0.06982	0.03837	0.01736	0.00887	0.00292	0.00583	0.60231	0.00617	0.00632
1	0.01647	0.47672	0.24708	0.01371	0.02045	0.02181	0.01519	0.06254	0.01479	0.01907	0.03174	0.01306	0.01019	0.00620	0.00510	0.00167	0.00776	0.00433	0.00317	0.00894
2	0.26826	0.24627	0.06610	0.01267	0.01747	0.21050	0.01127	0.06410	0.01522	0.02199	0.01001	0.01149	0.00821	0.00627	0.00491	0.00176	0.00789	0.00396	0.00359	0.00807
3	0.01434	0.01604	0.05470	0.12013	0.07648	0.01523	0.46298	0.01931	0.01452	0.01983	0.01354	0.01852	0.01061	0.01119	0.09906	0.00324	0.01136	0.00722	0.00328	0.00843
4	0.01092	0.00572	0.00843	0.00867	0.00872	0.00566	0.00578	0.00867	0.00918	0.01225	0.01518	0.13228	0.01628	0.02253	0.02312	0.68692	0.00543	0.00768	0.00335	0.00323
5	0.12319	0.41126	0.04105	0.05800	0.01876	0.10266	0.01138	0.02212	0.01452	0.12567	0.01202	0.01302	0.00948	0.00628	0.00495	0.00168	0.00729	0.00425	0.00385	0.00856
6	0.01233	0.00882	0.01044	0.00984	0.01196	0.00870	0.00744	0.14402	0.01838	0.04677	0.21703	0.26770	0.15690	0.01517	0.00775	0.00230	0.00434	0.03661	0.00656	0.00694
7	0.01081	0.00698	0.00885	0.00850	0.01031	0.00628	0.00632	0.01325	0.01691	0.09290	0.41360	0.18014	0.17049	0.01481	0.00777	0.00220	0.00352	0.01298	0.00693	0.00643
8	0.00883	0.00660	0.00787	0.00770	0.00914	0.00599	0.00552	0.01093	0.01584	0.02126	0.38513	0.09687	0.24682	0.12874	0.01169	0.00280	0.00371	0.01255	0.00636	0.00563
9	0.02216	0.01702	0.01815	0.01457	0.01933	0.01908	0.01182	0.48383	0.25741	0.03688	0.01944	0.01870	0.01414	0.00824	0.00662	0.00206	0.00657	0.00643	0.00662	0.01094
10	0.02329	0.01893	0.02190	0.01680	0.02204	0.06518	0.10203	0.53728	0.06573	0.03648	0.01573	0.01629	0.01136	0.00758	0.00670	0.00200	0.00792	0.00614	0.00597	0.01063
11	0.00808	0.00591	0.00746	0.00866	0.00930	0.00544	0.00581	0.00923	0.01278	0.01670	0.03989	0.61317	0.14508	0.06716	0.00989	0.00284	0.00391	0.01741	0.00598	0.00529
12	0.01511	0.01674	0.03536	0.13775	0.07087	0.01629	0.56596	0.02040	0.01515	0.02047	0.01303	0.01765	0.00983	0.00572	0.00753	0.00220	0.01058	0.00738	0.00327	0.00872
13	0.01770	0.46756	0.17020	0.01542	0.06388	0.13129	0.01462	0.02096	0.01438	0.01702	0.01003	0.01178	0.00855	0.00594	0.00503	0.00162	0.00835	0.00404	0.00292	0.00870
14	0.00801	0.00614	0.00735	0.00819	0.00932	0.00548	0.00571	0.00948	0.01388	0.01778	0.09111	0.45951	0.29698	0.01871	0.00813	0.00247	0.00359	0.01650	0.00618	0.00548
15	0.01069	0.00825	0.01254	0.01461	0.11925	0.00912	0.00961	0.01326	0.01148	0.01692	0.01725	0.02482	0.01581	0.06081	0.54883	0.00840	0.01460	0.00687	0.07034	0.00653
16	0.02165	0.02119	0.02066	0.02290	0.23094	0.27251	0.01448	0.16162	0.06325	0.06802	0.01415	0.01575	0.01100	0.00793	0.02329	0.00209	0.00906	0.00548	0.00450	0.00954
17	0.01878	0.01022	0.01382	0.01371	0.08933	0.00992	0.00957	0.07307	0.03233	0.27642	0.02564	0.07864	0.07928	0.01665	0.11890	0.05354	0.00729	0.00799	0.05634	0.00855
18	0.09862	0.02252	0.01833	0.01566	0.01898	0.38029	0.04646	0.02181	0.01531	0.01844	0.01016	0.01282	0.00865	0.00731	0.00879	0.00188	0.15753	0.00460	0.00343	0.12841

[dist]
# distance from previous block
# <min> <max>
0	18

[block]
# block no. 1 follows, 33 sequences, length 7
# corresponding to MSA columns:
# 39-45
name=unknown_B
#
# <colnr> <probs for GDERKNQSTAVLIFYWHMCP>
#	G	D	E	R	K	N	Q	S	T	A	V	L	I	F	Y	W	H	M	C	P
0	0.01552	0.17379	0.41261	0.01543	0.02264	0.06422	0.01780	0.02078	0.01503	0.07060	0.09670	0.01790	0.01531	0.00716	0.00604	0.00192	0.00827	0.00552	0.00374	0.00903
1	0.01586	0.00939	0.01208	0.01103	0.04195	0.00889	0.00819	0.09192	0.01964	0.18974	0.41648	0.03895	0.08555	0.01153	0.00732	0.00206	0.00433	0.00992	0.00715	0.00803
2	0.01591	0.01231	0.01477	0.06154	0.01789	0.07721	0.05804	0.05453	0.11515	0.12392	0.04605	0.15526	0.08426	0.01240	0.00747	0.00234	0.00632	0.12081	0.00588	0.00794
3	0.15438	0.05035	0.01919	0.01542	0.06567	0.04081	0.06818	0.20430	0.01844	0.07569	0.01318	0.01468	0.01004	0.00672	0.00662	0.00182	0.04922	0.00512	0.00472	0.17544
4	0.00924	0.00633	0.00770	0.00801	0.00823	0.00640	0.00495	0.00976	0.01032	0.01390	0.02353	0.18819	0.02701	0.52683	0.11622	0.00615	0.00725	0.01113	0.00436	0.00450
5	0.07606	0.46315	0.18521	0.01342	0.01957	0.11045	0.01402	0.02074	0.01398	0.01778	0.00987	0.01147	0.00833	0.00595	0.00487	0.00164	0.00808	0.00391	0.00297	0.00853
6	0.08275	0.36538	0.20086	0.01559	0.07209	0.02092	0.01495	0.11909	0.01598	0.02215	0.01100	0.01257	0.00886	0.00617	0.00522	0.00175	0.00762	0.00437	0.00349	0.00920

[dist]
# distance from previous block
# <min> <max>
1	7

[block]
# block no. 2 follows, 33 sequences, length 48
# corresponding to MSA columns:
# 53-100
name=unknown_C
#
# <colnr> <probs for GDERKNQSTAVLIFYWHMCP>
#	G	D	E	R	K	N	Q	S	T	A	V	L	I	F	Y	W	H	M	C	P
0	0.01641	0.01661	0.02508	0.06436	0.55228	0.08646	0.05352	0.02007	0.01531	0.02054	0.01540	0.01877	0.05248	0.00661	0.00660	0.00197	0.00816	0.00628	0.00343	0.00966
1	0.06642	0.01679	0.06690	0.34246	0.12298	0.11047	0.05638	0.06183	0.01527	0.02019	0.01305	0.05414	0.01082	0.00721	0.00647	0.00209	0.00867	0.00621	0.00351	0.00814
2	0.05448	0.00987	0.01052	0.01032	0.01244	0.07621	0.00802	0.01590	0.01605	0.11210	0.19950	0.19392	0.09891	0.01444	0.00764	0.00235	0.00508	0.13920	0.00628	0.00677
3	0.04937	0.08776	0.04858	0.01762	0.04967	0.47321	0.06707	0.05615	0.01772	0.01878	0.01080	0.01272	0.00882	0.00647	0.00589	0.00173	0.01036	0.00459	0.00351	0.04920
4	0.00942	0.00644	0.00752	0.00782	0.00811	0.00635	0.00487	0.00991	0.01068	0.01408	0.02598	0.11934	0.06313	0.58469	0.02738	0.00548	0.00594	0.07395	0.00451	0.00440
5	0.04327	0.17202	0.06114	0.06252	0.02309	0.12711	0.16966	0.02188	0.06753	0.06405	0.01499	0.03945	0.02369	0.02221	0.00750	0.00206	0.04525	0.00617	0.00390	0.02251
6	0.05241	0.10708	0.04820	0.01501	0.01904	0.41957	0.01214	0.09769	0.04268	0.05661	0.01374	0.06107	0.01175	0.00776	0.00598	0.00182	0.00944	0.00550	0.00421	0.00830
7	0.00902	0.00658	0.00869	0.00991	0.01099	0.00624	0.00763	0.01104	0.01419	0.01858	0.08225	0.38684	0.12093	0.01883	0.00854	0.00271	0.00454	0.26066	0.00616	0.00569
8	0.02018	0.06460	0.03742	0.01294	0.01816	0.07491	0.01079	0.22259	0.10805	0.10457	0.01607	0.01627	0.01196	0.00687	0.00588	0.00166	0.00654	0.00526	0.00536	0.24995
9	0.01588	0.10855	0.07474	0.01316	0.04953	0.04882	0.01066	0.04198	0.06951	0.12961	0.05911	0.20768	0.06463	0.01145	0.00734	0.00212	0.03441	0.00956	0.00538	0.03588
10	0.01758	0.26531	0.31626	0.01697	0.06732	0.11386	0.01723	0.02205	0.01482	0.07467	0.01191	0.01340	0.00915	0.00625	0.00561	0.00181	0.00871	0.00456	0.00333	0.00921
11	0.01556	0.05805	0.12588	0.05248	0.05410	0.01693	0.46885	0.04022	0.06010	0.02158	0.01374	0.01721	0.01034	0.00597	0.00720	0.00215	0.01004	0.00697	0.00352	0.00912
12	0.00805	0.00582	0.00762	0.00899	0.00952	0.00539	0.00605	0.00930	0.01297	0.01722	0.06362	0.69625	0.08460	0.02012	0.00834	0.00262	0.00376	0.01818	0.00615	0.00539
13	0.01810	0.04042	0.10374	0.07736	0.02948	0.07605	0.35073	0.09961	0.03635	0.08121	0.01435	0.01700	0.01049	0.00638	0.00701	0.00210	0.00968	0.00660	0.00409	0.00923
14	0.01744	0.09675	0.14991	0.01385	0.01867	0.07676	0.01279	0.20392	0.07335	0.04656	0.01931	0.17578	0.01788	0.00997	0.00656	0.00205	0.00704	0.00814	0.00508	0.03818
15	0.01392	0.01521	0.05048	0.01756	0.02061	0.07424	0.19792	0.01777	0.04918	0.01820	0.01870	0.05835	0.07156	0.01628	0.13204	0.00374	0.20522	0.00775	0.00377	0.00751
16	0.01014	0.00810	0.01178	0.01147	0.01283	0.00802	0.07094	0.05499	0.01404	0.01874	0.03283	0.54732	0.07038	0.03848	0.00943	0.00268	0.03459	0.03142	0.00570	0.00611
17	0.04872	0.11921	0.15745	0.05995	0.06525	0.05406	0.06088	0.02113	0.14107	0.02065	0.01904	0.12113	0.01756	0.00941	0.00658	0.00215	0.00733	0.05565	0.00434	0.00845
18	0.01710	0.01580	0.02098	0.06702	0.18101	0.08847	0.07309	0.05551	0.11072	0.06692	0.05365	0.02046	0.03773	0.00848	0.00960	0.00220	0.15122	0.00669	0.00443	0.00891
19	0.00918	0.00633	0.00774	0.00800	0.00839	0.00624	0.00505	0.01005	0.01166	0.01585	0.12916	0.20236	0.03351	0.44564	0.06820	0.00518	0.00603	0.01179	0.00492	0.00474
20	0.01728	0.02088	0.17250	0.04735	0.07147	0.04382	0.35923	0.09625	0.01711	0.06822	0.01387	0.01675	0.01012	0.00621	0.00708	0.00212	0.00982	0.00660	0.00387	0.00944
21	0.03977	0.04793	0.32579	0.04376	0.04797	0.09737	0.01722	0.05423	0.13872	0.10024	0.01584	0.01658	0.01147	0.00704	0.00625	0.00203	0.00831	0.00548	0.00435	0.00966
22	0.01414	0.01405	0.02011	0.11399	0.02097	0.01944	0.01491	0.01597	0.01049	0.01597	0.00904	0.01482	0.00866	0.01087	0.01963	0.00279	0.65827	0.00577	0.00289	0.00722
23	0.01324	0.01236	0.07130	0.12140	0.04050	0.01154	0.06900	0.09011	0.01565	0.04685	0.02504	0.24512	0.04601	0.01306	0.00834	0.00245	0.04344	0.11208	0.00504	0.00746
24	0.04574	0.14030	0.34402	0.04118	0.02597	0.01806	0.11478	0.15113	0.01718	0.02419	0.01228	0.01429	0.00910	0.00638	0.00615	0.00198	0.00884	0.00525	0.00364	0.00952
25	0.02143	0.02454	0.01631	0.01480	0.01786	0.52951	0.01117	0.02346	0.01819	0.06231	0.13155	0.01962	0.01845	0.01051	0.04993	0.00231	0.01035	0.00584	0.00434	0.00751
26	0.01076	0.00981	0.00940	0.00915	0.01094	0.10269	0.00675	0.01304	0.01688	0.02154	0.36904	0.14927	0.21737	0.01440	0.00762	0.00214	0.00442	0.01236	0.00630	0.00611
27	0.06698	0.07535	0.16885	0.10127	0.12009	0.21206	0.03677	0.02252	0.07580	0.01986	0.01309	0.03509	0.01067	0.00693	0.00611	0.00196	0.00896	0.00545	0.00356	0.00865
28	0.11959	0.01492	0.01943	0.29872	0.20751	0.07796	0.01554	0.07147	0.04073	0.02170	0.01264	0.01701	0.01017	0.03746	0.00728	0.00222	0.00798	0.00563	0.00366	0.00838
29	0.10799	0.01122	0.01389	0.01153	0.01573	0.01079	0.00952	0.07003	0.05959	0.43047	0.07195	0.02950	0.02116	0.00964	0.00675	0.00218	0.00552	0.09562	0.00720	0.00971
30	0.01421	0.01392	0.02452	0.24793	0.09456	0.01546	0.20987	0.05764	0.01451	0.01974	0.01467	0.09820	0.01317	0.00858	0.00938	0.00232	0.12185	0.00779	0.00362	0.00803
31	0.07558	0.01831	0.08599	0.37219	0.14511	0.15684	0.01723	0.01977	0.01445	0.01875	0.01133	0.01539	0.00882	0.00644	0.00623	0.00204	0.00904	0.00528	0.00314	0.00808
32	0.00927	0.00711	0.00958	0.05369	0.01256	0.00739	0.00755	0.03180	0.01324	0.01773	0.05585	0.48671	0.09373	0.02224	0.10522	0.00361	0.03651	0.01487	0.00550	0.00583
33	0.00887	0.00649	0.00774	0.00836	0.00959	0.00606	0.00591	0.01133	0.04419	0.01948	0.13464	0.40182	0.20677	0.01706	0.00776	0.00236	0.00360	0.01504	0.07716	0.00580
34	0.03894	0.13890	0.18711	0.19362	0.07197	0.01696	0.01637	0.10300	0.05774	0.09345	0.01411	0.01602	0.01040	0.00675	0.00607	0.00199	0.00785	0.00537	0.00411	0.00928
35	0.02144	0.07884	0.05261	0.02999	0.01828	0.10560	0.01124	0.17460	0.09430	0.20692	0.07502	0.02300	0.06198	0.00862	0.00648	0.00197	0.00677	0.00676	0.00604	0.00955
36	0.00939	0.00673	0.00836	0.00847	0.01008	0.00610	0.00637	0.01170	0.01618	0.04334	0.33051	0.19395	0.23265	0.01598	0.00798	0.00231	0.00365	0.07359	0.00664	0.00601
37	0.04627	0.01694	0.08418	0.17544	0.10900	0.06042	0.16450	0.11476	0.01742	0.02377	0.10618	0.02044	0.01646	0.00733	0.00682	0.00208	0.00835	0.00680	0.00419	0.00863
38	0.01886	0.06912	0.20760	0.01559	0.04224	0.07899	0.01466	0.19114	0.08482	0.09466	0.05384	0.04201	0.01522	0.00935	0.03067	0.00228	0.00797	0.00631	0.00504	0.00960
39	0.02427	0.07199	0.01970	0.01723	0.05603	0.56350	0.01270	0.04856	0.01858	0.09076	0.01204	0.01323	0.00947	0.00685	0.00596	0.00174	0.01058	0.00458	0.00394	0.00831
40	0.00816	0.00599	0.00767	0.00872	0.00950	0.00549	0.00598	0.00964	0.01373	0.01823	0.13303	0.57574	0.13563	0.01914	0.00823	0.00253	0.00366	0.01716	0.00626	0.00549
41	0.10791	0.19813	0.09556	0.01711	0.08915	0.03809	0.07651	0.15897	0.03725	0.10128	0.01377	0.01487	0.01034	0.00661	0.00580	0.00188	0.00751	0.00522	0.00449	0.00954
42	0.11637	0.01536	0.13203	0.01391	0.03708	0.03574	0.05553	0.05047	0.09089	0.07891	0.04748	0.08589	0.06869	0.01579	0.12325	0.00348	0.00836	0.00779	0.00484	0.00814
43	0.00938	0.00691	0.00823	0.00844	0.01016	0.00628	0.00632	0.01190	0.03651	0.04304	0.20093	0.22352	0.31455	0.01650	0.00796	0.00236	0.00376	0.07075	0.00644	0.00603
44	0.00805	0.00609	0.00744	0.00835	0.00938	0.00548	0.00579	0.00951	0.01381	0.01787	0.10100	0.49786	0.24780	0.01887	0.00817	0.00249	0.00362	0.01673	0.00620	0.00548
45	0.07959	0.23525	0.24720	0.01902	0.12415	0.13025	0.03856	0.02117	0.01448	0.01941	0.01074	0.01287	0.00865	0.00607	0.00555	0.00182	0.00871	0.00453	0.00307	0.00892
46	0.01632	0.08476	0.05293	0.04406	0.02046	0.13888	0.10477	0.09702	0.01557	0.01975	0.01502	0.03850	0.03508	0.01612	0.14786	0.00372	0.13118	0.00642	0.00376	0.00783
47	0.06549	0.01208	0.03163	0.01401	0.06108	0.01203	0.05038	0.09706	0.11182	0.09642	0.06828	0.02439	0.04622	0.03743	0.14846	0.03929	0.00827	0.00704	0.00514	0.06350

[dist]
# distance from previous block
# <min> <max>
0	307

[block]
# block no. 3 follows, 33 sequences, length 38
# corresponding to MSA columns:
# 408-445
name=unknown_D
#
# <colnr> <probs for GDERKNQSTAVLIFYWHMCP>
#	G	D	E	R	K	N	Q	S	T	A	V	L	I	F	Y	W	H	M	C	P
0	0.07749	0.01662	0.04600	0.05137	0.03369	0.09978	0.02749	0.21778	0.02055	0.20418	0.03479	0.02104	0.01440	0.00808	0.00644	0.00199	0.00719	0.04814	0.00577	0.05720
1	0.11961	0.05392	0.02108	0.03575	0.09182	0.10235	0.14318	0.05375	0.05819	0.09104	0.01601	0.07917	0.01347	0.00761	0.00629	0.00195	0.00755	0.00669	0.00450	0.08605
2	0.09835	0.06559	0.07820	0.01404	0.04906	0.08430	0.01157	0.12630	0.10363	0.08714	0.05437	0.04283	0.03300	0.00807	0.00648	0.00191	0.02723	0.00623	0.00507	0.09660
3	0.07696	0.08067	0.01862	0.04501	0.08940	0.11329	0.04988	0.04286	0.01647	0.18814	0.06918	0.04993	0.03575	0.00795	0.00620	0.00187	0.00687	0.00654	0.00509	0.08932
4	0.05837	0.01383	0.03682	0.01705	0.13262	0.06228	0.03373	0.05518	0.08156	0.03923	0.04701	0.07075	0.01838	0.02919	0.06124	0.00272	0.02786	0.06748	0.00464	0.14004
5	0.07559	0.03335	0.13800	0.01365	0.01917	0.04227	0.04007	0.06617	0.11940	0.26760	0.03505	0.02040	0.03467	0.00772	0.00631	0.00199	0.00665	0.00622	0.00581	0.05992
6	0.07008	0.05467	0.08693	0.01344	0.01838	0.04027	0.05206	0.15339	0.07499	0.12886	0.06321	0.08041	0.01756	0.00848	0.00634	0.00193	0.00648	0.00700	0.00545	0.11007
7	0.25424	0.04341	0.01752	0.03893	0.08180	0.03684	0.03900	0.16831	0.05014	0.07966	0.03511	0.01588	0.01174	0.00722	0.00661	0.00200	0.05037	0.00535	0.00485	0.05103
8	0.01526	0.03061	0.01570	0.05396	0.07632	0.03212	0.02748	0.06278	0.04681	0.07937	0.06318	0.02447	0.08878	0.04708	0.02457	0.00212	0.02421	0.00670	0.00479	0.27370
9	0.05717	0.01197	0.07169	0.01101	0.01422	0.04182	0.02641	0.01738	0.09052	0.06714	0.17375	0.14703	0.12871	0.01321	0.02499	0.00236	0.00545	0.03466	0.00576	0.05473
10	0.76918	0.01264	0.01000	0.00884	0.01297	0.01447	0.00728	0.02010	0.01165	0.07064	0.01015	0.01138	0.00767	0.00623	0.00422	0.00204	0.00512	0.00374	0.00431	0.00737
11	0.01378	0.01298	0.02194	0.46183	0.29437	0.01472	0.01868	0.01793	0.01391	0.01866	0.01288	0.01936	0.01055	0.00678	0.00666	0.00214	0.00832	0.03295	0.00317	0.00841
12	0.01909	0.01480	0.02069	0.01585	0.02043	0.01531	0.17345	0.33673	0.02254	0.05669	0.04780	0.05188	0.04703	0.00846	0.00677	0.00202	0.00703	0.00753	0.11665	0.00926
13	0.05768	0.00774	0.01064	0.01040	0.01152	0.00909	0.00795	0.01215	0.01045	0.01582	0.01701	0.02664	0.01646	0.14373	0.55709	0.00903	0.06013	0.00712	0.00358	0.00577
14	0.01144	0.00572	0.00858	0.00858	0.00858	0.00572	0.00572	0.00858	0.00858	0.01144	0.01144	0.02001	0.01144	0.02287	0.02573	0.80846	0.00572	0.00572	0.00286	0.00286
15	0.01321	0.00991	0.01120	0.01027	0.01289	0.01040	0.00787	0.04712	0.26790	0.05510	0.26141	0.08284	0.11229	0.01186	0.00714	0.00215	0.00419	0.01016	0.05410	0.00799
16	0.02503	0.01844	0.01976	0.01515	0.02042	0.02042	0.01251	0.70562	0.03095	0.04149	0.01581	0.01581	0.01120	0.00790	0.00659	0.00198	0.00724	0.00593	0.00659	0.01120
17	0.01590	0.08416	0.10721	0.02200	0.07094	0.05564	0.34433	0.04901	0.01561	0.02110	0.01321	0.04039	0.01075	0.00623	0.00670	0.00193	0.00920	0.00654	0.00353	0.11561
18	0.00944	0.00671	0.00894	0.00899	0.00960	0.00730	0.00623	0.01068	0.01018	0.01418	0.01962	0.05622	0.02069	0.37615	0.39717	0.00843	0.01209	0.00856	0.00382	0.00500
19	0.02411	0.02953	0.01821	0.01640	0.01984	0.66684	0.01237	0.06835	0.01923	0.01805	0.01099	0.01264	0.00899	0.00689	0.00592	0.00171	0.01122	0.00442	0.03649	0.00779
20	0.01534	0.01207	0.01390	0.01036	0.01567	0.01008	0.00829	0.11088	0.01630	0.05544	0.01723	0.04465	0.05622	0.00674	0.00550	0.00130	0.00510	0.00546	0.00468	0.58477
21	0.02025	0.07843	0.06292	0.01402	0.01853	0.21264	0.01180	0.24920	0.06266	0.02678	0.05788	0.01904	0.04551	0.00792	0.00616	0.00182	0.00780	0.00591	0.03727	0.05344
22	0.17587	0.08315	0.32528	0.01383	0.02008	0.01471	0.01530	0.02100	0.04511	0.08226	0.05557	0.01694	0.01302	0.00716	0.00624	0.00202	0.03429	0.00528	0.05415	0.00873
23	0.09465	0.04115	0.04381	0.01085	0.01649	0.01195	0.00918	0.09202	0.05633	0.02452	0.01268	0.01412	0.01015	0.00564	0.00512	0.00132	0.00544	0.00432	0.00428	0.53597
24	0.00786	0.00660	0.00682	0.00692	0.00898	0.00557	0.00513	0.00954	0.01496	0.01803	0.08916	0.11659	0.64763	0.01685	0.00783	0.00225	0.00336	0.01419	0.00616	0.00557
25	0.03416	0.05761	0.08061	0.08249	0.09232	0.01215	0.08278	0.03742	0.01438	0.01996	0.09209	0.13328	0.08319	0.01599	0.10877	0.00334	0.02853	0.00911	0.00439	0.00744
26	0.00959	0.00762	0.00881	0.00886	0.01028	0.03560	0.00644	0.01235	0.03529	0.02240	0.41361	0.25397	0.11955	0.01545	0.00785	0.00225	0.00374	0.01363	0.00664	0.00607
27	0.72380	0.01436	0.06297	0.00975	0.01407	0.01503	0.00868	0.01932	0.01135	0.02834	0.00934	0.01108	0.00728	0.00634	0.00495	0.00208	0.03626	0.00375	0.00393	0.00732
28	0.02449	0.01724	0.01864	0.01438	0.01940	0.01889	0.01185	0.62255	0.02916	0.08131	0.01676	0.01674	0.01185	0.00790	0.00646	0.00195	0.00689	0.00598	0.05666	0.01088
29	0.01444	0.07843	0.63150	0.01816	0.02710	0.07762	0.02255	0.02124	0.01427	0.02012	0.01151	0.01353	0.00836	0.00626	0.00610	0.00201	0.00975	0.00473	0.00283	0.00947
30	0.00932	0.00673	0.00880	0.00828	0.00984	0.00621	0.00621	0.01242	0.01863	0.02640	0.72410	0.04918	0.06212	0.01346	0.00776	0.00207	0.00311	0.01191	0.00725	0.00621
31	0.02954	0.01120	0.01528	0.01171	0.01681	0.00968	0.00968	0.03208	0.01884	0.73213	0.02597	0.02241	0.01630	0.00815	0.00662	0.00204	0.00560	0.00662	0.00815	0.01120
32	0.00942	0.00699	0.01025	0.01025	0.01131	0.00805	0.00782	0.01154	0.01048	0.01504	0.01794	0.02754	0.01718	0.11931	0.67361	0.01017	0.01654	0.00730	0.00357	0.00569
33	0.01607	0.01541	0.02631	0.08209	0.68766	0.01558	0.02009	0.02001	0.01488	0.02123	0.01234	0.01637	0.01033	0.00591	0.00652	0.00197	0.00788	0.00586	0.00324	0.01025
34	0.01465	0.01229	0.01419	0.01023	0.01602	0.00980	0.00821	0.07715	0.01517	0.02321	0.01206	0.01384	0.00988	0.00514	0.00503	0.00106	0.00508	0.00408	0.00414	0.73876
35	0.06209	0.01395	0.02302	0.31340	0.42202	0.01520	0.01869	0.01885	0.01406	0.02017	0.01193	0.01645	0.00960	0.00616	0.00640	0.00205	0.00803	0.00572	0.00318	0.00903
36	0.01503	0.01435	0.02444	0.27323	0.50461	0.01531	0.01958	0.01910	0.01439	0.01998	0.01216	0.01670	0.00989	0.00610	0.00654	0.00203	0.00813	0.00586	0.00315	0.00941
37	0.43951	0.01424	0.01318	0.01108	0.01547	0.01600	0.00901	0.17900	0.14597	0.03142	0.01409	0.01460	0.01061	0.00697	0.00518	0.00200	0.00559	0.00484	0.00512	0.05613

[dist]
# distance from previous block
# <min> <max>
0	3

[block]
# block no. 4 follows, 33 sequences, length 50
# corresponding to MSA columns:
# 449-498
name=unknown_E
#
# <colnr> <probs for GDERKNQSTAVLIFYWHMCP>
#	G	D	E	R	K	N	Q	S	T	A	V	L	I	F	Y	W	H	M	C	P
0	0.76185	0.01263	0.01006	0.00886	0.01301	0.01442	0.00730	0.02022	0.01172	0.07720	0.01031	0.01149	0.00775	0.00625	0.00425	0.00204	0.00513	0.00377	0.00435	0.00741
1	0.01320	0.03405	0.73453	0.01876	0.02849	0.01529	0.02432	0.02085	0.01390	0.02085	0.01181	0.01390	0.00834	0.00625	0.00625	0.00208	0.00973	0.00486	0.00278	0.00973
2	0.01144	0.00572	0.00858	0.00858	0.00858	0.00572	0.00572	0.00858	0.00858	0.01144	0.01144	0.02001	0.01144	0.02287	0.02573	0.80846	0.00572	0.00572	0.00286	0.00286
3	0.00909	0.00646	0.00704	0.00704	0.00765	0.00616	0.00426	0.00954	0.01105	0.01413	0.03324	0.04860	0.21463	0.56407	0.02651	0.00525	0.00555	0.01075	0.00457	0.00442
4	0.01532	0.01806	0.06506	0.02626	0.03233	0.01697	0.60213	0.02052	0.01489	0.02052	0.01276	0.01724	0.00978	0.00622	0.00919	0.00229	0.09106	0.00744	0.00326	0.00873
5	0.01227	0.00614	0.00614	0.00614	0.00767	0.00614	0.00460	0.01534	0.01381	0.02454	0.02148	0.02454	0.01687	0.00767	0.00460	0.00153	0.00307	0.00614	0.80518	0.00614
6	0.01275	0.02583	0.46758	0.01827	0.02594	0.01375	0.14629	0.01901	0.01476	0.02113	0.08533	0.02268	0.08179	0.00780	0.00682	0.00212	0.00874	0.00693	0.00362	0.00884
7	0.00960	0.00667	0.00855	0.00808	0.00963	0.00620	0.00606	0.01270	0.01818	0.02622	0.65741	0.04684	0.05782	0.01291	0.00746	0.00202	0.00310	0.01136	0.08298	0.00620
8	0.01045	0.00880	0.01089	0.00999	0.01241	0.00862	0.04687	0.01621	0.16437	0.02197	0.20754	0.13287	0.29534	0.01410	0.00762	0.00224	0.00418	0.01228	0.00635	0.00691
9	0.06216	0.01526	0.02536	0.07764	0.64893	0.01554	0.01934	0.01997	0.01467	0.02171	0.01216	0.01604	0.01015	0.00592	0.00638	0.00197	0.00772	0.00573	0.00329	0.01007
10	0.00844	0.00669	0.00758	0.00736	0.00929	0.00584	0.00552	0.01072	0.01655	0.02146	0.34736	0.05730	0.44194	0.01530	0.00777	0.00216	0.00324	0.01305	0.00660	0.00584
11	0.02234	0.01625	0.01785	0.01406	0.01851	0.01788	0.01150	0.55162	0.02740	0.05905	0.06678	0.02190	0.03497	0.03633	0.00827	0.00221	0.03376	0.02271	0.00643	0.01018
12	0.09714	0.04476	0.01598	0.01199	0.01665	0.05235	0.00981	0.15906	0.04079	0.23244	0.04659	0.01916	0.03178	0.00768	0.00653	0.00182	0.03305	0.00581	0.00586	0.16075
13	0.01760	0.77260	0.03450	0.01126	0.01690	0.02605	0.01126	0.01971	0.01338	0.01549	0.00915	0.01056	0.00845	0.00563	0.00422	0.00141	0.00704	0.00352	0.00282	0.00845
14	0.75739	0.01280	0.01065	0.03663	0.03968	0.01479	0.00800	0.01929	0.01141	0.02879	0.00937	0.01114	0.00731	0.00612	0.00425	0.00204	0.00532	0.00373	0.00400	0.00726
15	0.01168	0.00947	0.01080	0.01093	0.01298	0.01012	0.00819	0.02026	0.30343	0.02160	0.03528	0.32609	0.10147	0.01518	0.00770	0.00248	0.00455	0.07390	0.00635	0.00753
16	0.01340	0.01269	0.02150	0.57398	0.21661	0.01488	0.01877	0.01767	0.01362	0.01800	0.01187	0.01724	0.00919	0.00640	0.00657	0.00213	0.00854	0.00585	0.00301	0.00810
17	0.00949	0.00646	0.00771	0.00777	0.00796	0.00662	0.00471	0.00989	0.00984	0.01329	0.02084	0.06680	0.02352	0.63223	0.14014	0.00688	0.00800	0.00953	0.00400	0.00433
18	0.01338	0.06372	0.70641	0.01846	0.02803	0.01572	0.02380	0.02080	0.01388	0.02063	0.01171	0.01376	0.00834	0.00623	0.00617	0.00206	0.00962	0.00481	0.00278	0.00968
19	0.00917	0.00672	0.00859	0.00812	0.00974	0.00615	0.00609	0.01213	0.01828	0.02555	0.65952	0.05057	0.12722	0.01377	0.00777	0.00209	0.00313	0.01210	0.00714	0.00615
20	0.01266	0.01176	0.01968	0.60246	0.12410	0.01405	0.01759	0.01688	0.01376	0.01802	0.05356	0.02091	0.01292	0.00724	0.00672	0.00218	0.00825	0.02637	0.00331	0.00759
21	0.01760	0.77260	0.03450	0.01126	0.01690	0.02605	0.01126	0.01971	0.01338	0.01549	0.00915	0.01056	0.00845	0.00563	0.00422	0.00141	0.00704	0.00352	0.00282	0.00845
22	0.01365	0.01170	0.01365	0.00975	0.01560	0.00878	0.00780	0.01658	0.01365	0.02145	0.01170	0.01365	0.00975	0.00488	0.00488	0.00098	0.00488	0.00390	0.00390	0.80888
23	0.01320	0.03405	0.73453	0.01876	0.02849	0.01529	0.02432	0.02085	0.01390	0.02085	0.01181	0.01390	0.00834	0.00625	0.00625	0.00208	0.00973	0.00486	0.00278	0.00973
24	0.01365	0.01170	0.01365	0.00975	0.01560	0.00878	0.00780	0.01658	0.01365	0.02145	0.01170	0.01365	0.00975	0.00488	0.00488	0.00098	0.00488	0.00390	0.00390	0.80888
25	0.01760	0.77260	0.03450	0.01126	0.01690	0.02605	0.01126	0.01971	0.01338	0.01549	0.00915	0.01056	0.00845	0.00563	0.00422	0.00141	0.00704	0.00352	0.00282	0.00845
26	0.01338	0.06286	0.70722	0.01847	0.02804	0.01571	0.02381	0.02080	0.01388	0.02064	0.01171	0.01377	0.00834	0.00623	0.00618	0.00206	0.00962	0.00481	0.00278	0.00968
27	0.00949	0.00686	0.00912	0.00954	0.01024	0.00674	0.02682	0.02878	0.01232	0.01645	0.02906	0.39524	0.03364	0.26701	0.04643	0.00421	0.00572	0.07185	0.00523	0.00524
28	0.81514	0.01273	0.00968	0.00866	0.01273	0.01477	0.00713	0.01935	0.01120	0.02954	0.00917	0.01069	0.00713	0.00611	0.00407	0.00204	0.00509	0.00356	0.00407	0.00713
29	0.02193	0.05697	0.02268	0.02206	0.15166	0.51120	0.07933	0.02441	0.01747	0.01755	0.01084	0.01319	0.00898	0.00645	0.00615	0.00178	0.01086	0.00484	0.00334	0.00830
30	0.01667	0.01322	0.01543	0.01220	0.01715	0.01267	0.02876	0.10483	0.22752	0.06657	0.01851	0.02018	0.01452	0.00718	0.00597	0.00165	0.00552	0.03197	0.00538	0.37411
31	0.76954	0.01381	0.01019	0.00914	0.01317	0.05672	0.00745	0.01975	0.01163	0.02876	0.00922	0.01076	0.00721	0.00615	0.00418	0.00202	0.00548	0.00360	0.00403	0.00716
32	0.16748	0.01543	0.02546	0.03234	0.47953	0.01564	0.12880	0.02019	0.01436	0.02296	0.01193	0.01547	0.00973	0.00586	0.00626	0.00201	0.00784	0.00574	0.00342	0.00955
33	0.01013	0.00810	0.00925	0.00893	0.01099	0.00797	0.00669	0.01571	0.15800	0.02291	0.30438	0.13128	0.25196	0.01434	0.00763	0.00222	0.00368	0.01239	0.00666	0.00677
34	0.00953	0.00654	0.00797	0.00797	0.00824	0.00681	0.00497	0.01008	0.00981	0.01335	0.02002	0.03909	0.02220	0.60207	0.19770	0.00735	0.00899	0.00899	0.00388	0.00443
35	0.01629	0.01564	0.02672	0.04041	0.72757	0.01564	0.02020	0.02020	0.01499	0.02151	0.01238	0.01629	0.01043	0.00587	0.00652	0.00196	0.00782	0.00587	0.00326	0.01043
36	0.01227	0.00614	0.00614	0.00614	0.00767	0.00614	0.00460	0.01534	0.01381	0.02454	0.02148	0.02454	0.01687	0.00767	0.00460	0.00153	0.00307	0.00614	0.80518	0.00614
37	0.02365	0.02481	0.01852	0.01589	0.01995	0.40721	0.01235	0.25264	0.11465	0.02603	0.01423	0.01485	0.01091	0.00744	0.00625	0.00186	0.00946	0.00522	0.00489	0.00918
38	0.01272	0.00693	0.00964	0.00920	0.00970	0.00711	0.00636	0.07473	0.01070	0.01429	0.01185	0.01961	0.01141	0.02145	0.02391	0.73192	0.00586	0.00574	0.00321	0.00365
39	0.01615	0.01549	0.02646	0.06736	0.70176	0.01560	0.02013	0.02008	0.01492	0.02133	0.01236	0.01634	0.01037	0.00589	0.00652	0.00196	0.00786	0.00587	0.00325	0.01031
40	0.01495	0.32735	0.45653	0.01579	0.02389	0.01956	0.01914	0.02040	0.01369	0.01872	0.01076	0.01257	0.00838	0.00601	0.00545	0.00182	0.00866	0.00433	0.00279	0.00922
41	0.00800	0.00634	0.00719	0.00770	0.00921	0.00554	0.00550	0.00960	0.01445	0.01816	0.11092	0.31225	0.42629	0.01781	0.00800	0.00237	0.00349	0.01545	0.00621	0.00554
42	0.00809	0.00668	0.00794	0.00813	0.00986	0.00581	0.02583	0.00969	0.01421	0.01755	0.05483	0.29940	0.47323	0.01769	0.00799	0.00238	0.00373	0.01535	0.00603	0.00558
43	0.00910	0.00609	0.00799	0.00904	0.00957	0.00579	0.00603	0.01019	0.01229	0.04226	0.03275	0.59667	0.03839	0.13118	0.04667	0.00357	0.00491	0.01638	0.00575	0.00539
44	0.00780	0.00658	0.00676	0.00691	0.00895	0.00554	0.00511	0.00942	0.01478	0.01769	0.06378	0.13043	0.65970	0.01705	0.00784	0.00227	0.00338	0.01436	0.00611	0.00554
45	0.01376	0.01180	0.01370	0.00990	0.01566	0.00908	0.00791	0.01732	0.04185	0.02170	0.01231	0.01409	0.01017	0.00504	0.00495	0.00103	0.00489	0.00404	0.00401	0.77681
46	0.01633	0.01252	0.01409	0.01066	0.01595	0.03645	0.00848	0.04153	0.06560	0.10882	0.01553	0.04391	0.01257	0.00633	0.00545	0.00132	0.00528	0.00512	0.00477	0.56929
47	0.10927	0.04616	0.17752	0.06274	0.03891	0.01210	0.03946	0.03699	0.03314	0.07273	0.17049	0.07994	0.07460	0.00976	0.00663	0.00211	0.00624	0.00823	0.00499	0.00799
48	0.04928	0.08384	0.01808	0.01540	0.06819	0.21436	0.01126	0.14580	0.13134	0.02335	0.03402	0.02081	0.04246	0.08084	0.00922	0.00235	0.02995	0.00622	0.00471	0.00850
49	0.01860	0.01330	0.01579	0.01304	0.01715	0.03901	0.04964	0.13652	0.18638	0.15601	0.04959	0.09682	0.04274	0.00972	0.00680	0.00205	0.00591	0.02978	0.00622	0.10494

[dist]
# distance from previous block
# <min> <max>
0	6

[block]
# block no. 5 follows, 33 sequences, length 28
# corresponding to MSA columns:
# 505-532
name=unknown_F
#
# <colnr> <probs for GDERKNQSTAVLIFYWHMCP>
#	G	D	E	R	K	N	Q	S	T	A	V	L	I	F	Y	W	H	M	C	P
0	0.01240	0.01028	0.01136	0.01103	0.01357	0.01109	0.00846	0.02253	0.36194	0.02288	0.05807	0.17555	0.16398	0.01362	0.00748	0.00238	0.00460	0.07435	0.00643	0.00800
1	0.05875	0.01130	0.01388	0.01293	0.09711	0.00937	0.00883	0.01602	0.01389	0.02154	0.04238	0.06286	0.06927	0.00720	0.00556	0.00138	0.00499	0.00604	0.00426	0.53247
2	0.02358	0.03092	0.05955	0.01707	0.02071	0.67502	0.01344	0.02561	0.01808	0.01637	0.01021	0.01208	0.00848	0.00692	0.00651	0.00176	0.03828	0.00433	0.00334	0.00774
3	0.00940	0.00705	0.01058	0.01058	0.01176	0.00823	0.00823	0.01176	0.01058	0.01528	0.01763	0.02586	0.01646	0.04937	0.74255	0.01058	0.01763	0.00705	0.00353	0.00588
4	0.01365	0.01170	0.01365	0.00975	0.01560	0.00878	0.00780	0.01658	0.01365	0.02145	0.01170	0.01365	0.00975	0.00488	0.00488	0.00098	0.00488	0.00390	0.00390	0.80888
5	0.05987	0.01377	0.01519	0.05389	0.01829	0.04703	0.00984	0.13423	0.08270	0.14485	0.01779	0.01812	0.03541	0.00694	0.00582	0.00163	0.00593	0.00546	0.00532	0.31792
6	0.58042	0.01681	0.01247	0.01092	0.01500	0.14933	0.00877	0.09809	0.01480	0.02841	0.01010	0.01149	0.00784	0.00644	0.00470	0.00197	0.00658	0.00396	0.00423	0.00768
7	0.01653	0.01402	0.01485	0.01331	0.01697	0.01611	0.01035	0.07661	0.63842	0.02792	0.02654	0.05925	0.02064	0.00942	0.00677	0.00224	0.00527	0.00788	0.00666	0.01023
8	0.01602	0.01546	0.02670	0.08522	0.66019	0.01561	0.04379	0.02002	0.01489	0.02120	0.01237	0.01642	0.01031	0.00590	0.00656	0.00198	0.00800	0.00593	0.00324	0.01018
9	0.01031	0.00695	0.00912	0.00845	0.01018	0.00638	0.00638	0.01339	0.01865	0.06092	0.68995	0.04787	0.05988	0.01320	0.00771	0.00207	0.00323	0.01165	0.00729	0.00646
10	0.00802	0.00573	0.00764	0.00917	0.00955	0.00535	0.00611	0.00917	0.01260	0.01681	0.03628	0.76434	0.04354	0.02062	0.00840	0.00267	0.00382	0.01872	0.00611	0.00535
11	0.02954	0.01120	0.01528	0.01171	0.01681	0.00968	0.00968	0.03208	0.01884	0.73213	0.02597	0.02241	0.01630	0.00815	0.00662	0.00204	0.00560	0.00662	0.00815	0.01120
12	0.01243	0.01170	0.01975	0.75282	0.04534	0.01463	0.01828	0.01682	0.01316	0.01682	0.01170	0.01755	0.00878	0.00658	0.00658	0.00219	0.00878	0.00585	0.00293	0.00731
13	0.00940	0.00705	0.01058	0.01058	0.01176	0.00823	0.00823	0.01176	0.01058	0.01528	0.01763	0.02586	0.01646	0.04937	0.74255	0.01058	0.01763	0.00705	0.00353	0.00588
14	0.01365	0.01170	0.01365	0.00975	0.01560	0.00878	0.00780	0.01658	0.01365	0.02145	0.01170	0.01365	0.00975	0.00488	0.00488	0.00098	0.00488	0.00390	0.00390	0.80888
15	0.01320	0.03405	0.73453	0.01876	0.02849	0.01529	0.02432	0.02085	0.01390	0.02085	0.01181	0.01390	0.00834	0.00625	0.00625	0.00208	0.00973	0.00486	0.00278	0.00973
16	0.01637	0.01414	0.01489	0.01340	0.01712	0.01637	0.01042	0.03498	0.71568	0.02754	0.02679	0.02456	0.02010	0.00893	0.00670	0.00223	0.00521	0.00744	0.00670	0.01042
17	0.01637	0.01414	0.01489	0.01340	0.01712	0.01637	0.01042	0.03498	0.71568	0.02754	0.02679	0.02456	0.02010	0.00893	0.00670	0.00223	0.00521	0.00744	0.00670	0.01042
18	0.01637	0.01414	0.01489	0.01340	0.01712	0.01637	0.01042	0.03498	0.71568	0.02754	0.02679	0.02456	0.02010	0.00893	0.00670	0.00223	0.00521	0.00744	0.00670	0.01042
19	0.00957	0.00638	0.00718	0.00718	0.00718	0.00638	0.00399	0.00957	0.00957	0.01276	0.02074	0.04308	0.02393	0.76864	0.03351	0.00638	0.00638	0.00957	0.00399	0.00399
20	0.00940	0.00705	0.01058	0.01058	0.01176	0.00823	0.00823	0.01176	0.01058	0.01528	0.01763	0.02586	0.01646	0.04937	0.74255	0.01058	0.01763	0.00705	0.00353	0.00588
21	0.01365	0.01170	0.01365	0.00975	0.01560	0.00878	0.00780	0.01658	0.01365	0.02145	0.01170	0.01365	0.00975	0.00488	0.00488	0.00098	0.00488	0.00390	0.00390	0.80888
22	0.02954	0.01120	0.01528	0.01171	0.01681	0.00968	0.00968	0.03208	0.01884	0.73213	0.02597	0.02241	0.01630	0.00815	0.00662	0.00204	0.00560	0.00662	0.00815	0.01120
23	0.00920	0.00843	0.05081	0.00890	0.01116	0.00672	0.00750	0.01207	0.01660	0.02214	0.35588	0.05564	0.28340	0.01483	0.00788	0.00226	0.00400	0.10998	0.00642	0.00617
24	0.00922	0.00673	0.00866	0.00818	0.00978	0.00617	0.00613	0.01223	0.01840	0.02585	0.68234	0.05008	0.10421	0.01366	0.00777	0.00208	0.00312	0.01203	0.00717	0.00617
25	0.00913	0.00737	0.00756	0.00738	0.00965	0.00672	0.00557	0.01269	0.08481	0.01986	0.09615	0.05519	0.55307	0.01491	0.00739	0.00215	0.00348	0.01244	0.07835	0.00613
26	0.68865	0.01365	0.01129	0.00970	0.01396	0.01567	0.00799	0.12921	0.01437	0.03145	0.01023	0.01151	0.00778	0.00640	0.00448	0.00203	0.00544	0.00394	0.00448	0.00778
27	0.02027	0.01997	0.01747	0.01516	0.01872	0.22570	0.01190	0.16527	0.30791	0.02590	0.01801	0.01815	0.01384	0.00837	0.00794	0.00209	0.08247	0.00605	0.00535	0.00946

[dist]
# distance from previous block
# <min> <max>
0	2

[block]
# block no. 6 follows, 33 sequences, length 28
# corresponding to MSA columns:
# 535-562
name=unknown_G
#
# <colnr> <probs for GDERKNQSTAVLIFYWHMCP>
#	G	D	E	R	K	N	Q	S	T	A	V	L	I	F	Y	W	H	M	C	P
0	0.01629	0.01564	0.02672	0.04041	0.72757	0.01564	0.02020	0.02020	0.01499	0.02151	0.01238	0.01629	0.01043	0.00587	0.00652	0.00196	0.00782	0.00587	0.00326	0.01043
1	0.01280	0.01221	0.01982	0.61517	0.04009	0.01566	0.01756	0.01664	0.01259	0.01664	0.01113	0.01696	0.00875	0.00751	0.00939	0.00232	0.14872	0.00583	0.00292	0.00729
2	0.01663	0.63020	0.03174	0.15004	0.02222	0.02391	0.01258	0.01917	0.01334	0.01574	0.00963	0.01187	0.00851	0.00581	0.00467	0.00156	0.00737	0.00396	0.00284	0.00824
3	0.66507	0.01672	0.14533	0.01055	0.01568	0.01487	0.01035	0.01963	0.01171	0.02791	0.00966	0.01129	0.00736	0.00614	0.00448	0.00205	0.00596	0.00381	0.00383	0.00762
4	0.01581	0.01346	0.01430	0.01284	0.01639	0.01537	0.00999	0.05162	0.62015	0.02757	0.08349	0.02740	0.04343	0.00949	0.00681	0.00221	0.00505	0.00794	0.00672	0.00997
5	0.01227	0.00614	0.00614	0.00614	0.00767	0.00614	0.00460	0.01534	0.01381	0.02454	0.02148	0.02454	0.01687	0.00767	0.00460	0.00153	0.00307	0.00614	0.80518	0.00614
6	0.01315	0.01243	0.02104	0.62052	0.17203	0.01481	0.01864	0.01745	0.01350	0.01769	0.01183	0.01732	0.00908	0.00645	0.00657	0.00215	0.00860	0.00585	0.00299	0.00789
7	0.00802	0.00573	0.00764	0.00917	0.00955	0.00535	0.00611	0.00917	0.01260	0.01681	0.03628	0.76434	0.04354	0.02062	0.00840	0.00267	0.00382	0.01872	0.00611	0.00535
8	0.01327	0.01256	0.02126	0.59832	0.19329	0.01485	0.01870	0.01755	0.01356	0.01784	0.01185	0.01728	0.00913	0.00643	0.00657	0.00214	0.00857	0.00585	0.00300	0.00799
9	0.00957	0.00638	0.00718	0.00718	0.00718	0.00638	0.00399	0.00957	0.00957	0.01276	0.02074	0.04308	0.02393	0.76864	0.03351	0.00638	0.00638	0.00957	0.00399	0.00399
10	0.01727	0.71718	0.08703	0.01183	0.01777	0.02524	0.01224	0.01980	0.01342	0.01589	0.00935	0.01081	0.00844	0.00568	0.00438	0.00146	0.00724	0.00362	0.00281	0.00854
11	0.81514	0.01273	0.00968	0.00866	0.01273	0.01477	0.00713	0.01935	0.01120	0.02954	0.00917	0.01069	0.00713	0.00611	0.00407	0.00204	0.00509	0.00356	0.00407	0.00713
12	0.01320	0.03405	0.73453	0.01876	0.02849	0.01529	0.02432	0.02085	0.01390	0.02085	0.01181	0.01390	0.00834	0.00625	0.00625	0.00208	0.00973	0.00486	0.00278	0.00973
13	0.01320	0.03405	0.73453	0.01876	0.02849	0.01529	0.02432	0.02085	0.01390	0.02085	0.01181	0.01390	0.00834	0.00625	0.00625	0.00208	0.00973	0.00486	0.00278	0.00973
14	0.01341	0.06831	0.70205	0.01842	0.02796	0.01579	0.02372	0.02080	0.01387	0.02060	0.01169	0.01374	0.00834	0.00623	0.00616	0.00205	0.00960	0.00480	0.00278	0.00967
15	0.01245	0.00744	0.00968	0.00871	0.01088	0.00672	0.00668	0.01536	0.01840	0.13890	0.56420	0.04592	0.10315	0.01284	0.00758	0.00208	0.00352	0.01120	0.00731	0.00696
16	0.18830	0.55547	0.06123	0.01121	0.01664	0.04267	0.01102	0.01987	0.01308	0.01876	0.00931	0.01078	0.00816	0.00580	0.00433	0.00158	0.00688	0.00361	0.00310	0.00820
17	0.01610	0.01544	0.02636	0.07682	0.69270	0.01559	0.02011	0.02003	0.01490	0.02127	0.01235	0.01636	0.01034	0.00590	0.00652	0.00197	0.00787	0.00586	0.00324	0.01027
18	0.01330	0.03338	0.70566	0.01914	0.02874	0.01535	0.05251	0.02086	0.01397	0.02086	0.01188	0.01406	0.00841	0.00623	0.00632	0.00209	0.00979	0.00499	0.00280	0.00969
19	0.01745	0.01684	0.01525	0.01396	0.01745	0.15150	0.01087	0.03164	0.52911	0.02477	0.02433	0.02617	0.01935	0.00927	0.00675	0.00220	0.00653	0.06099	0.00603	0.00955
20	0.01626	0.02978	0.59993	0.01744	0.02631	0.01424	0.02158	0.02295	0.01482	0.15396	0.01446	0.01549	0.00983	0.00661	0.00632	0.00208	0.00896	0.00519	0.00378	0.01001
21	0.01219	0.00887	0.01079	0.00961	0.01180	0.00883	0.00739	0.14198	0.02063	0.02873	0.55639	0.07948	0.05164	0.01279	0.00758	0.00208	0.00392	0.01113	0.00707	0.00710
22	0.01580	0.08398	0.06907	0.15034	0.02197	0.01292	0.01182	0.02152	0.12421	0.12090	0.02023	0.05869	0.04799	0.00813	0.00618	0.00186	0.00622	0.02241	0.00484	0.19093
23	0.01301	0.01283	0.02332	0.61713	0.04330	0.01500	0.14655	0.01762	0.01361	0.01762	0.01200	0.01759	0.00900	0.00639	0.00680	0.00220	0.00921	0.00621	0.00300	0.00761
24	0.01326	0.01254	0.02124	0.60032	0.19138	0.01484	0.01869	0.01754	0.01355	0.01782	0.01185	0.01728	0.00913	0.00643	0.00657	0.00214	0.00857	0.00585	0.00300	0.00798
25	0.00942	0.00708	0.00906	0.00921	0.01066	0.00645	0.00643	0.01091	0.01221	0.01702	0.02766	0.45208	0.03172	0.10924	0.09694	0.00372	0.00594	0.01350	0.00514	0.15562
26	0.00990	0.00766	0.01085	0.14761	0.01648	0.00779	0.00847	0.01325	0.01761	0.02461	0.59078	0.04326	0.05213	0.01217	0.00754	0.00209	0.00417	0.01077	0.00644	0.00642
27	0.01205	0.00675	0.00907	0.00964	0.01091	0.00616	0.00678	0.01346	0.01377	0.15067	0.03435	0.62550	0.03844	0.01829	0.00807	0.00255	0.00415	0.01645	0.00649	0.00644

[dist]
# distance from previous block
# <min> <max>
0	8

[block]
# block no. 7 follows, 33 sequences, length 6
# corresponding to MSA columns:
# 571-576
name=unknown_H
#
# <colnr> <probs for GDERKNQSTAVLIFYWHMCP>
#	G	D	E	R	K	N	Q	S	T	A	V	L	I	F	Y	W	H	M	C	P
0	0.01365	0.01170	0.01365	0.00975	0.01560	0.00878	0.00780	0.01658	0.01365	0.02145	0.01170	0.01365	0.00975	0.00488	0.00488	0.00098	0.00488	0.00390	0.00390	0.80888
1	0.01366	0.01158	0.01098	0.01043	0.01192	0.11657	0.00744	0.09871	0.01455	0.01861	0.02092	0.13094	0.02200	0.29986	0.10621	0.00474	0.00812	0.03669	0.05003	0.00604
2	0.01405	0.01206	0.01383	0.01029	0.01582	0.00989	0.00819	0.01929	0.11701	0.02235	0.01392	0.01526	0.01127	0.00547	0.00514	0.00116	0.00492	0.00442	0.00431	0.69132
3	0.05652	0.01414	0.01527	0.01308	0.01711	0.06489	0.01068	0.16659	0.16562	0.23392	0.02380	0.02958	0.01897	0.00988	0.00691	0.00222	0.00636	0.12813	0.00664	0.00968
4	0.01241	0.00915	0.01334	0.19795	0.08810	0.00933	0.01068	0.01528	0.01531	0.09549	0.16755	0.14344	0.17158	0.01215	0.00732	0.00221	0.00540	0.01066	0.00548	0.00716
5	0.01840	0.01448	0.01910	0.29688	0.07179	0.01651	0.01453	0.33482	0.02106	0.02800	0.01362	0.01690	0.01025	0.00871	0.00842	0.07944	0.00772	0.00587	0.00463	0.00887

[dist]
# distance from previous block
# <min> <max>
0	10

# created by:
# /home/berkeley/.conda/envs/busco_data_prod/bin/msa2prfl.pl pipeline/OGs_align_augustus/4893/15770.fs
