[name]
unknown

[dist]
# distance from previous block
# <min> <max>
0	15

[block]
# block no. 0 follows, 33 sequences, length 28
# corresponding to MSA columns:
# 15-42
name=unknown_A
#
# <colnr> <probs for GDERKNQSTAVLIFYWHMCP>
#	G	D	E	R	K	N	Q	S	T	A	V	L	I	F	Y	W	H	M	C	P
0	0.01204	0.00785	0.01096	0.01209	0.01388	0.00774	0.01054	0.01503	0.01543	0.07361	0.03418	0.07034	0.03625	0.01743	0.00891	0.00296	0.00603	0.63206	0.00622	0.00645
1	0.01014	0.00704	0.00906	0.00857	0.01026	0.00655	0.00642	0.01348	0.03815	0.05240	0.60327	0.10203	0.07994	0.01377	0.00774	0.00212	0.00332	0.01216	0.00714	0.00644
2	0.04631	0.02137	0.02158	0.10005	0.21814	0.29464	0.05282	0.07182	0.07170	0.02108	0.01277	0.01523	0.01018	0.00667	0.00631	0.00192	0.00932	0.00539	0.00381	0.00889
3	0.00908	0.00666	0.00850	0.00817	0.00972	0.00609	0.00608	0.01191	0.01788	0.02490	0.61276	0.09438	0.13085	0.01424	0.00781	0.00212	0.00317	0.01253	0.00706	0.00609
4	0.01491	0.01408	0.02212	0.09263	0.37286	0.01461	0.06991	0.02195	0.16830	0.02194	0.02191	0.02384	0.09605	0.00784	0.00681	0.00209	0.00707	0.00730	0.00432	0.00946
5	0.00924	0.00673	0.00869	0.00820	0.00979	0.00618	0.00615	0.01228	0.01846	0.02597	0.69159	0.04988	0.09489	0.01362	0.00777	0.00208	0.00312	0.01200	0.00719	0.00618
6	0.01320	0.03405	0.73453	0.01876	0.02849	0.01529	0.02432	0.02085	0.01390	0.02085	0.01181	0.01390	0.00834	0.00625	0.00625	0.00208	0.00973	0.00486	0.00278	0.00973
7	0.00957	0.00638	0.00718	0.00718	0.00718	0.00638	0.00399	0.00957	0.00957	0.01276	0.02074	0.04308	0.02393	0.76864	0.03351	0.00638	0.00638	0.00957	0.00399	0.00399
8	0.00814	0.00581	0.00777	0.00930	0.00973	0.00545	0.00631	0.00937	0.01272	0.01694	0.03622	0.73339	0.04329	0.02052	0.00843	0.00269	0.00392	0.04852	0.00611	0.00538
9	0.81514	0.01273	0.00968	0.00866	0.01273	0.01477	0.00713	0.01935	0.01120	0.02954	0.00917	0.01069	0.00713	0.00611	0.00407	0.00204	0.00509	0.00356	0.00407	0.00713
10	0.81514	0.01273	0.00968	0.00866	0.01273	0.01477	0.00713	0.01935	0.01120	0.02954	0.00917	0.01069	0.00713	0.00611	0.00407	0.00204	0.00509	0.00356	0.00407	0.00713
11	0.00802	0.00573	0.00764	0.00917	0.00955	0.00535	0.00611	0.00917	0.01260	0.01681	0.03628	0.76434	0.04354	0.02062	0.00840	0.00267	0.00382	0.01872	0.00611	0.00535
12	0.01760	0.77260	0.03450	0.01126	0.01690	0.02605	0.01126	0.01971	0.01338	0.01549	0.00915	0.01056	0.00845	0.00563	0.00422	0.00141	0.00704	0.00352	0.00282	0.00845
13	0.01328	0.00761	0.01002	0.00891	0.01119	0.00688	0.00686	0.01623	0.01856	0.16604	0.56527	0.04431	0.07363	0.01251	0.00754	0.00207	0.00361	0.01092	0.00739	0.00718
14	0.00874	0.00725	0.00772	0.00750	0.00970	0.00651	0.00565	0.01197	0.06874	0.02024	0.19461	0.05760	0.53957	0.01545	0.00770	0.00219	0.00343	0.01301	0.00638	0.00606
15	0.00950	0.00648	0.00763	0.00749	0.00793	0.00633	0.00461	0.01037	0.01212	0.01659	0.21822	0.04479	0.03465	0.55661	0.02628	0.00517	0.00546	0.01023	0.00490	0.00461
16	0.11581	0.10118	0.14826	0.01896	0.11034	0.28912	0.04131	0.06463	0.01655	0.02094	0.01099	0.01298	0.00876	0.00640	0.00578	0.00185	0.00936	0.00464	0.00348	0.00865
17	0.01686	0.01671	0.02618	0.03882	0.67971	0.06481	0.01970	0.02062	0.01524	0.02114	0.01223	0.01599	0.01030	0.00593	0.00648	0.00194	0.00810	0.00576	0.00327	0.01024
18	0.01511	0.01889	0.10925	0.02693	0.07976	0.01604	0.56012	0.02067	0.01545	0.02129	0.04023	0.01846	0.01184	0.00595	0.00753	0.00218	0.01043	0.00750	0.00342	0.00897
19	0.01243	0.01170	0.01975	0.75282	0.04534	0.01463	0.01828	0.01682	0.01316	0.01682	0.01170	0.01755	0.00878	0.00658	0.00658	0.00219	0.00878	0.00585	0.00293	0.00731
20	0.01187	0.01033	0.01556	0.01550	0.10200	0.01017	0.09803	0.01745	0.12004	0.02376	0.32005	0.06396	0.11064	0.01163	0.00754	0.00218	0.00520	0.04053	0.00597	0.00759
21	0.01272	0.01160	0.01650	0.01467	0.01501	0.01559	0.01195	0.01410	0.01011	0.01535	0.01147	0.01817	0.01113	0.02341	0.23193	0.06608	0.48452	0.00613	0.00307	0.00649
22	0.01710	0.11358	0.02966	0.03157	0.41227	0.08798	0.17249	0.02093	0.01527	0.02012	0.01197	0.01547	0.00989	0.00585	0.00645	0.00192	0.00886	0.00584	0.00323	0.00956
23	0.00864	0.00640	0.00806	0.00828	0.00958	0.00582	0.00597	0.01087	0.01609	0.02186	0.39144	0.27693	0.17324	0.01628	0.00797	0.00229	0.00337	0.01440	0.00669	0.00582
24	0.01854	0.16472	0.05784	0.03577	0.08603	0.14034	0.04788	0.12670	0.14876	0.02299	0.01554	0.04939	0.01290	0.00776	0.00674	0.00195	0.03650	0.00606	0.00443	0.00915
25	0.00887	0.00661	0.00812	0.00812	0.00958	0.00602	0.00598	0.01117	0.01622	0.02187	0.39778	0.14434	0.21443	0.06648	0.00966	0.00252	0.00362	0.04628	0.00655	0.00579
26	0.01635	0.23603	0.07953	0.01582	0.09507	0.01666	0.04649	0.06643	0.05666	0.03903	0.01353	0.01658	0.01129	0.00638	0.00554	0.00160	0.00676	0.03062	0.00393	0.23570
27	0.09679	0.03989	0.07155	0.07664	0.13312	0.01411	0.02910	0.16451	0.01833	0.09454	0.08538	0.05960	0.07096	0.00887	0.00654	0.00206	0.00651	0.00742	0.00517	0.00892

[dist]
# distance from previous block
# <min> <max>
1	6

[block]
# block no. 1 follows, 33 sequences, length 69
# corresponding to MSA columns:
# 49-117
name=unknown_B
#
# <colnr> <probs for GDERKNQSTAVLIFYWHMCP>
#	G	D	E	R	K	N	Q	S	T	A	V	L	I	F	Y	W	H	M	C	P
0	0.06664	0.06665	0.19599	0.01436	0.02035	0.04508	0.06756	0.07911	0.04977	0.07624	0.08873	0.01868	0.01574	0.00708	0.00607	0.00181	0.00710	0.00580	0.00453	0.16272
1	0.01056	0.00896	0.05729	0.00911	0.01153	0.00704	0.00749	0.01365	0.01723	0.05460	0.51464	0.07390	0.08620	0.04382	0.00854	0.00222	0.00393	0.01105	0.00656	0.05167
2	0.01828	0.12969	0.01867	0.01367	0.01776	0.10908	0.01100	0.08574	0.46843	0.02544	0.02120	0.02018	0.01619	0.00809	0.00623	0.00202	0.00648	0.00633	0.00570	0.00984
3	0.01003	0.00697	0.00915	0.00914	0.01076	0.00650	0.00714	0.01286	0.01722	0.04636	0.46106	0.10669	0.10200	0.01502	0.00805	0.00232	0.00387	0.15177	0.00687	0.00623
4	0.48504	0.01445	0.04908	0.07306	0.17488	0.01490	0.04067	0.01986	0.01271	0.04649	0.01085	0.01323	0.00842	0.00613	0.00513	0.00204	0.00645	0.00457	0.00384	0.00818
5	0.04983	0.54976	0.04601	0.08201	0.01955	0.02256	0.01194	0.03819	0.04715	0.01769	0.01138	0.01416	0.01003	0.00781	0.03069	0.00194	0.00746	0.02025	0.00327	0.00834
6	0.00802	0.00573	0.00764	0.00917	0.00955	0.00535	0.00611	0.00917	0.01260	0.01681	0.03628	0.76434	0.04354	0.02062	0.00840	0.00267	0.00382	0.01872	0.00611	0.00535
7	0.00787	0.00658	0.00686	0.00699	0.00900	0.00556	0.00516	0.00955	0.01492	0.01806	0.09183	0.13305	0.62815	0.01693	0.00784	0.00226	0.00337	0.01429	0.00616	0.00556
8	0.04090	0.48130	0.07804	0.01404	0.01968	0.11083	0.06602	0.08587	0.01583	0.01922	0.01041	0.01201	0.00879	0.00604	0.00506	0.00162	0.00809	0.00426	0.00332	0.00869
9	0.01020	0.00786	0.01153	0.01117	0.01207	0.00948	0.00869	0.01196	0.01033	0.01498	0.01611	0.02447	0.01530	0.06348	0.57558	0.07137	0.10940	0.00686	0.00341	0.00576
10	0.00779	0.00663	0.00671	0.00677	0.00892	0.00555	0.00505	0.00944	0.01491	0.01774	0.06544	0.09221	0.69685	0.01684	0.00781	0.00224	0.00335	0.01409	0.00611	0.00555
11	0.01206	0.00730	0.00942	0.00855	0.01062	0.00663	0.00653	0.01500	0.01822	0.12046	0.55828	0.04543	0.09639	0.01270	0.00748	0.00205	0.00345	0.01108	0.04151	0.00684
12	0.01935	0.18353	0.21491	0.01695	0.06163	0.08282	0.04417	0.17118	0.01847	0.08762	0.01392	0.03225	0.01073	0.00699	0.00603	0.00189	0.00824	0.00542	0.00428	0.00962
13	0.02002	0.05642	0.06577	0.01950	0.10680	0.35729	0.05721	0.02669	0.18502	0.02010	0.01470	0.01590	0.01159	0.00703	0.00625	0.00190	0.00939	0.00544	0.00410	0.00889
14	0.01011	0.00722	0.01004	0.01156	0.01285	0.00715	0.00974	0.01278	0.01466	0.01915	0.03513	0.20685	0.03897	0.01865	0.00896	0.00296	0.00563	0.55558	0.00607	0.00592
15	0.00779	0.00664	0.00670	0.00676	0.00892	0.00555	0.00504	0.00944	0.01492	0.01775	0.06562	0.08795	0.70100	0.01681	0.00780	0.00224	0.00335	0.01406	0.00611	0.00555
16	0.01782	0.04951	0.12460	0.02349	0.24042	0.04937	0.05263	0.04592	0.16507	0.09735	0.01652	0.01788	0.01254	0.00721	0.00733	0.00207	0.04976	0.00606	0.00451	0.00996
17	0.02268	0.08692	0.04366	0.01720	0.03800	0.58877	0.01331	0.02464	0.01734	0.01633	0.01009	0.01215	0.00853	0.00702	0.00704	0.00178	0.06908	0.00436	0.00328	0.00780
18	0.01545	0.01631	0.10014	0.02384	0.28248	0.01306	0.07396	0.03836	0.01495	0.03959	0.01257	0.01529	0.01007	0.00562	0.00597	0.00162	0.00712	0.00519	0.00367	0.31475
19	0.07931	0.02315	0.02015	0.13222	0.19902	0.39916	0.01499	0.02285	0.01637	0.01855	0.01088	0.01373	0.00891	0.00648	0.00604	0.00186	0.00990	0.00483	0.00334	0.00824
20	0.01794	0.73773	0.03382	0.01144	0.01706	0.02579	0.01132	0.05142	0.01419	0.01669	0.00946	0.01080	0.00858	0.00574	0.00433	0.00143	0.00705	0.00363	0.00299	0.00858
21	0.01040	0.00834	0.01185	0.03418	0.12969	0.00794	0.00874	0.01352	0.01749	0.02441	0.51668	0.04435	0.12223	0.01235	0.00753	0.00207	0.00407	0.01095	0.00635	0.00687
22	0.10508	0.13620	0.23784	0.01398	0.02003	0.09596	0.01433	0.10542	0.03618	0.05136	0.01313	0.01448	0.00996	0.00658	0.00554	0.00182	0.00767	0.00476	0.06442	0.05525
23	0.00956	0.04212	0.00973	0.00823	0.00998	0.00707	0.00625	0.01238	0.01774	0.02461	0.60374	0.04858	0.12338	0.03794	0.00844	0.00219	0.00342	0.01164	0.00683	0.00618
24	0.00957	0.00638	0.00718	0.00718	0.00718	0.00638	0.00399	0.00957	0.00957	0.01276	0.02074	0.04308	0.02393	0.76864	0.03351	0.00638	0.00638	0.00957	0.00399	0.00399
25	0.00804	0.00633	0.00726	0.00776	0.00924	0.00555	0.00554	0.00967	0.01452	0.01837	0.12755	0.31864	0.40266	0.01777	0.00801	0.00237	0.00349	0.01544	0.00624	0.00555
26	0.01350	0.05723	0.66749	0.01909	0.02849	0.01573	0.06695	0.02083	0.01399	0.02069	0.01182	0.01403	0.00845	0.00619	0.00628	0.00207	0.00973	0.00500	0.00282	0.00963
27	0.04267	0.36948	0.04871	0.01419	0.01871	0.34561	0.01233	0.02255	0.01558	0.01634	0.00968	0.01139	0.00843	0.00639	0.00566	0.00163	0.03553	0.00397	0.00311	0.00804
28	0.33821	0.37240	0.05319	0.01103	0.01602	0.08237	0.01029	0.02018	0.01298	0.02141	0.00936	0.01087	0.00792	0.00595	0.00440	0.00171	0.00679	0.00366	0.00337	0.00790
29	0.05196	0.01714	0.01705	0.01422	0.01860	0.06844	0.01136	0.32429	0.34310	0.03287	0.02019	0.01934	0.01493	0.00823	0.00649	0.00208	0.00655	0.00641	0.00632	0.01043
30	0.00842	0.00669	0.00755	0.00734	0.00928	0.00583	0.00550	0.01068	0.01651	0.02136	0.33985	0.05746	0.44951	0.01534	0.00777	0.00216	0.00324	0.01307	0.00658	0.00583
31	0.01243	0.01170	0.01975	0.75282	0.04534	0.01463	0.01828	0.01682	0.01316	0.01682	0.01170	0.01755	0.00878	0.00658	0.00658	0.00219	0.00878	0.00585	0.00293	0.00731
32	0.01414	0.01169	0.01370	0.00981	0.01564	0.00880	0.00786	0.01706	0.01381	0.04341	0.01214	0.01392	0.00995	0.00498	0.00493	0.00101	0.00490	0.00398	0.00403	0.78424
33	0.81514	0.01273	0.00968	0.00866	0.01273	0.01477	0.00713	0.01935	0.01120	0.02954	0.00917	0.01069	0.00713	0.00611	0.00407	0.00204	0.00509	0.00356	0.00407	0.00713
34	0.00778	0.00667	0.00667	0.00667	0.00889	0.00556	0.00500	0.00945	0.01501	0.01778	0.06669	0.06336	0.72490	0.01667	0.00778	0.00222	0.00333	0.01389	0.00611	0.00556
35	0.00794	0.00606	0.00729	0.00828	0.00932	0.00542	0.00572	0.00927	0.01346	0.01715	0.04709	0.51526	0.28565	0.01922	0.00818	0.00251	0.00365	0.01700	0.00611	0.00542
36	0.01637	0.01414	0.01489	0.01340	0.01712	0.01637	0.01042	0.03498	0.71568	0.02754	0.02679	0.02456	0.02010	0.00893	0.00670	0.00223	0.00521	0.00744	0.00670	0.01042
37	0.00802	0.00573	0.00764	0.00917	0.00955	0.00535	0.00611	0.00917	0.01260	0.01681	0.03628	0.76434	0.04354	0.02062	0.00840	0.00267	0.00382	0.01872	0.00611	0.00535
38	0.00778	0.00667	0.00667	0.00667	0.00889	0.00556	0.00500	0.00945	0.01501	0.01778	0.06669	0.06336	0.72490	0.01667	0.00778	0.00222	0.00333	0.01389	0.00611	0.00556
39	0.02459	0.03138	0.01866	0.01696	0.02035	0.74221	0.01272	0.02629	0.01866	0.01611	0.01018	0.01187	0.00848	0.00678	0.00594	0.00170	0.01187	0.00424	0.00339	0.00763
40	0.01760	0.77260	0.03450	0.01126	0.01690	0.02605	0.01126	0.01971	0.01338	0.01549	0.00915	0.01056	0.00845	0.00563	0.00422	0.00141	0.00704	0.00352	0.00282	0.00845
41	0.01732	0.01393	0.01491	0.01328	0.01710	0.01589	0.01037	0.03477	0.66549	0.07829	0.02674	0.02441	0.01982	0.00888	0.00669	0.00222	0.00524	0.00738	0.00680	0.01048
42	0.01760	0.77260	0.03450	0.01126	0.01690	0.02605	0.01126	0.01971	0.01338	0.01549	0.00915	0.01056	0.00845	0.00563	0.00422	0.00141	0.00704	0.00352	0.00282	0.00845
43	0.01144	0.00572	0.00858	0.00858	0.00858	0.00572	0.00572	0.00858	0.00858	0.01144	0.01144	0.02001	0.01144	0.02287	0.02573	0.80846	0.00572	0.00572	0.00286	0.00286
44	0.01320	0.03405	0.73453	0.01876	0.02849	0.01529	0.02432	0.02085	0.01390	0.02085	0.01181	0.01390	0.00834	0.00625	0.00625	0.00208	0.00973	0.00486	0.00278	0.00973
45	0.00802	0.00573	0.00764	0.00917	0.00955	0.00535	0.00611	0.00917	0.01260	0.01681	0.03628	0.76434	0.04354	0.02062	0.00840	0.00267	0.00382	0.01872	0.00611	0.00535
46	0.01320	0.03405	0.73453	0.01876	0.02849	0.01529	0.02432	0.02085	0.01390	0.02085	0.01181	0.01390	0.00834	0.00625	0.00625	0.00208	0.00973	0.00486	0.00278	0.00973
47	0.78835	0.01336	0.00998	0.00894	0.01299	0.03942	0.00732	0.01959	0.01146	0.02908	0.00920	0.01073	0.00718	0.00613	0.00414	0.00203	0.00532	0.00359	0.00405	0.00715
48	0.15947	0.02896	0.55083	0.01759	0.02606	0.01529	0.07162	0.02059	0.01353	0.02245	0.01144	0.01360	0.00824	0.00618	0.00597	0.00209	0.00899	0.00484	0.00306	0.00919
49	0.05124	0.01771	0.17124	0.02740	0.36510	0.01388	0.04006	0.01925	0.04181	0.02134	0.01700	0.09582	0.01584	0.00859	0.00680	0.00217	0.00755	0.06415	0.00386	0.00920
50	0.06419	0.20175	0.45051	0.01581	0.02369	0.03944	0.01876	0.02154	0.01415	0.07593	0.01210	0.01354	0.00892	0.00627	0.00567	0.00191	0.00857	0.00459	0.00331	0.00933
51	0.00962	0.00723	0.01072	0.01064	0.01179	0.00850	0.00830	0.01197	0.01066	0.01556	0.01749	0.02551	0.01625	0.04714	0.70160	0.01011	0.03779	0.00699	0.02620	0.00592
52	0.01018	0.01422	0.20853	0.01103	0.01487	0.00862	0.01107	0.01432	0.01675	0.02364	0.43565	0.06417	0.11710	0.01205	0.00737	0.00211	0.00498	0.01040	0.00586	0.00708
53	0.00806	0.00584	0.00761	0.00894	0.00951	0.00540	0.00603	0.00932	0.01303	0.01728	0.06714	0.68202	0.09545	0.02003	0.00833	0.00261	0.00375	0.01807	0.00616	0.00540
54	0.01338	0.05661	0.66043	0.01826	0.02743	0.01530	0.04348	0.02059	0.01393	0.02083	0.01217	0.01435	0.00875	0.00627	0.00616	0.00204	0.00941	0.00496	0.03614	0.00951
55	0.01777	0.71357	0.03362	0.01280	0.04986	0.04879	0.01172	0.01995	0.01362	0.01579	0.00933	0.01087	0.00854	0.00568	0.00439	0.00144	0.00723	0.00365	0.00286	0.00851
56	0.73394	0.01364	0.01110	0.01098	0.05799	0.04330	0.00817	0.01968	0.01173	0.02851	0.00941	0.01109	0.00739	0.00612	0.00430	0.00202	0.00553	0.00374	0.00400	0.00736
57	0.01760	0.77260	0.03450	0.01126	0.01690	0.02605	0.01126	0.01971	0.01338	0.01549	0.00915	0.01056	0.00845	0.00563	0.00422	0.00141	0.00704	0.00352	0.00282	0.00845
58	0.00871	0.00671	0.00795	0.00764	0.00946	0.00595	0.00573	0.01124	0.01719	0.02297	0.46240	0.05482	0.32596	0.01474	0.00777	0.00213	0.00320	0.01270	0.00680	0.00595
59	0.00849	0.00667	0.00767	0.00747	0.00934	0.00585	0.00559	0.01080	0.01660	0.02170	0.36684	0.07570	0.40316	0.01531	0.00779	0.00217	0.00324	0.01311	0.00663	0.00585
60	0.02503	0.01844	0.01976	0.01515	0.02042	0.02042	0.01251	0.70562	0.03095	0.04149	0.01581	0.01581	0.01120	0.00790	0.00659	0.00198	0.00724	0.00593	0.00659	0.01120
61	0.00957	0.00638	0.00718	0.00718	0.00718	0.00638	0.00399	0.00957	0.00957	0.01276	0.02074	0.04308	0.02393	0.76864	0.03351	0.00638	0.00638	0.00957	0.00399	0.00399
62	0.01637	0.01414	0.01489	0.01340	0.01712	0.01637	0.01042	0.03498	0.71568	0.02754	0.02679	0.02456	0.02010	0.00893	0.00670	0.00223	0.00521	0.00744	0.00670	0.01042
63	0.02503	0.01844	0.01976	0.01515	0.02042	0.02042	0.01251	0.70562	0.03095	0.04149	0.01581	0.01581	0.01120	0.00790	0.00659	0.00198	0.00724	0.00593	0.00659	0.01120
64	0.01637	0.01414	0.01489	0.01340	0.01712	0.01637	0.01042	0.03498	0.71568	0.02754	0.02679	0.02456	0.02010	0.00893	0.00670	0.00223	0.00521	0.00744	0.00670	0.01042
65	0.00802	0.00573	0.00764	0.00917	0.00955	0.00535	0.00611	0.00917	0.01260	0.01681	0.03628	0.76434	0.04354	0.02062	0.00840	0.00267	0.00382	0.01872	0.00611	0.00535
66	0.01440	0.01440	0.02016	0.01728	0.01728	0.02016	0.01440	0.01584	0.01008	0.01584	0.00864	0.01440	0.00864	0.01152	0.02160	0.00288	0.75659	0.00576	0.00288	0.00720
67	0.81514	0.01273	0.00968	0.00866	0.01273	0.01477	0.00713	0.01935	0.01120	0.02954	0.00917	0.01069	0.00713	0.00611	0.00407	0.00204	0.00509	0.00356	0.00407	0.00713
68	0.81514	0.01273	0.00968	0.00866	0.01273	0.01477	0.00713	0.01935	0.01120	0.02954	0.00917	0.01069	0.00713	0.00611	0.00407	0.00204	0.00509	0.00356	0.00407	0.00713

[dist]
# distance from previous block
# <min> <max>
0	0

# created by:
# /home/berkeley/.conda/envs/busco_data_prod/bin/msa2prfl.pl pipeline/OGs_align_augustus/4893/15846.fs
