[name]
unknown

[dist]
# distance from previous block
# <min> <max>
0	5

[block]
# block no. 0 follows, 34 sequences, length 48
# corresponding to MSA columns:
# 5-52
name=unknown_A
#
# <colnr> <probs for GDERKNQSTAVLIFYWHMCP>
#	G	D	E	R	K	N	Q	S	T	A	V	L	I	F	Y	W	H	M	C	P
0	0.02073	0.01320	0.01538	0.01286	0.01686	0.01388	0.01060	0.29612	0.11215	0.18745	0.07684	0.03086	0.02173	0.01017	0.00702	0.00218	0.00598	0.12962	0.00677	0.00961
1	0.01720	0.09538	0.35373	0.01504	0.02192	0.03363	0.01651	0.09427	0.07429	0.12416	0.05203	0.01730	0.01332	0.00706	0.00609	0.00193	0.00765	0.00552	0.00446	0.03852
2	0.01650	0.64298	0.16089	0.01238	0.01863	0.02367	0.01336	0.01955	0.01322	0.01615	0.00945	0.01095	0.00827	0.00564	0.00450	0.00150	0.00739	0.00369	0.00276	0.00852
3	0.01629	0.01865	0.12151	0.03288	0.52552	0.05661	0.01906	0.04111	0.06556	0.02171	0.01306	0.01599	0.01055	0.00613	0.00634	0.00194	0.00795	0.00565	0.00348	0.01001
4	0.02523	0.01649	0.01833	0.01411	0.01920	0.01772	0.01164	0.54885	0.04891	0.18544	0.01792	0.01712	0.01230	0.00784	0.00647	0.00196	0.00671	0.00600	0.00679	0.01097
5	0.01525	0.01743	0.03813	0.02723	0.03377	0.01634	0.70915	0.02070	0.01525	0.02070	0.01307	0.01743	0.00980	0.00545	0.00763	0.00218	0.01089	0.00763	0.00327	0.00871
6	0.00961	0.00667	0.00867	0.00822	0.00981	0.00612	0.00615	0.01245	0.01776	0.04663	0.63523	0.09552	0.08541	0.01364	0.00763	0.00208	0.00318	0.01205	0.00702	0.00616
7	0.01588	0.01523	0.02602	0.06154	0.71164	0.01532	0.01977	0.01973	0.01466	0.02097	0.01213	0.01603	0.01019	0.00578	0.00640	0.00193	0.00770	0.00576	0.00319	0.01014
8	0.00823	0.00630	0.00756	0.00781	0.00924	0.00562	0.00564	0.01022	0.01530	0.02015	0.29005	0.26164	0.29614	0.01638	0.00781	0.00226	0.00333	0.01432	0.00639	0.00562
9	0.01336	0.01266	0.02147	0.53850	0.25436	0.01466	0.01852	0.01752	0.01347	0.01791	0.01169	0.01685	0.00911	0.00625	0.00644	0.00208	0.00833	0.00575	0.00297	0.00811
10	0.00935	0.00625	0.00706	0.00710	0.00712	0.00623	0.00398	0.00938	0.00948	0.01265	0.02081	0.06371	0.02406	0.75072	0.03216	0.00616	0.00619	0.00966	0.00398	0.00395
11	0.00940	0.00626	0.00705	0.00705	0.00705	0.00626	0.00392	0.00940	0.00940	0.01253	0.02036	0.04228	0.02349	0.77292	0.03289	0.00626	0.00626	0.00940	0.00392	0.00392
12	0.01607	0.01388	0.01461	0.01315	0.01680	0.01607	0.01023	0.03433	0.72094	0.02703	0.02630	0.02411	0.01972	0.00877	0.00657	0.00219	0.00511	0.00731	0.00657	0.01023
13	0.01220	0.01148	0.01938	0.75739	0.04450	0.01436	0.01794	0.01651	0.01292	0.01651	0.01148	0.01723	0.00861	0.00646	0.00646	0.00215	0.00861	0.00574	0.00287	0.00718
14	0.01296	0.03342	0.73944	0.01842	0.02797	0.01501	0.02387	0.02046	0.01364	0.02046	0.01160	0.01364	0.00818	0.00614	0.00614	0.00205	0.00955	0.00477	0.00273	0.00955
15	0.01548	0.01757	0.08813	0.03067	0.31724	0.01565	0.33147	0.04112	0.01545	0.02161	0.03332	0.01737	0.01136	0.00592	0.00697	0.00205	0.00913	0.00670	0.00340	0.00940
16	0.01693	0.71722	0.09042	0.01165	0.01750	0.02472	0.01208	0.01944	0.01317	0.01562	0.00919	0.01063	0.00828	0.00558	0.00431	0.00144	0.00712	0.00356	0.00276	0.00839
17	0.01374	0.06559	0.68173	0.01784	0.02704	0.01527	0.02278	0.02081	0.01380	0.04635	0.01199	0.01380	0.00847	0.00618	0.00606	0.00202	0.00928	0.00478	0.00292	0.00955
18	0.02393	0.01804	0.01847	0.01456	0.01942	0.07133	0.01187	0.53851	0.10398	0.08790	0.01701	0.01664	0.01211	0.00780	0.00643	0.00195	0.00710	0.00591	0.00636	0.01065
19	0.00787	0.00562	0.00750	0.00900	0.00937	0.00525	0.00600	0.00900	0.01237	0.01649	0.03561	0.76871	0.04274	0.02024	0.00825	0.00262	0.00375	0.01837	0.00600	0.00525
20	0.01444	0.01482	0.02405	0.04496	0.07303	0.01858	0.15891	0.01696	0.01145	0.01705	0.00980	0.01505	0.00889	0.00953	0.01683	0.00261	0.52638	0.00607	0.00295	0.00764
21	0.00897	0.00660	0.00839	0.00794	0.00955	0.00602	0.00596	0.01185	0.01787	0.02492	0.65183	0.04989	0.13896	0.01358	0.00762	0.00205	0.00307	0.01191	0.00698	0.00602
22	0.01568	0.04133	0.19951	0.02131	0.02766	0.07352	0.36764	0.02067	0.01501	0.06383	0.01506	0.08073	0.01247	0.00714	0.00702	0.00211	0.00958	0.00741	0.00366	0.00865
23	0.01700	0.72908	0.07916	0.01153	0.01731	0.02489	0.01188	0.01942	0.01316	0.01554	0.00915	0.01058	0.00829	0.00557	0.00427	0.00142	0.00708	0.00354	0.00276	0.00837
24	0.01944	0.01344	0.01506	0.01358	0.04266	0.03582	0.01030	0.05240	0.43720	0.20562	0.06363	0.02398	0.02011	0.00861	0.00658	0.00210	0.00545	0.00715	0.00674	0.01013
25	0.01445	0.01179	0.01363	0.01014	0.01557	0.00966	0.00809	0.01940	0.10961	0.05364	0.01412	0.01523	0.01123	0.00547	0.00510	0.00117	0.00486	0.00442	0.00439	0.66804
26	0.00895	0.00662	0.00856	0.00953	0.01082	0.00623	0.00749	0.01111	0.01449	0.01887	0.12186	0.27836	0.17771	0.01774	0.00831	0.00260	0.00442	0.27455	0.00611	0.00566
27	0.00928	0.00672	0.00935	0.00935	0.01014	0.00751	0.00678	0.01087	0.01008	0.01423	0.01826	0.03064	0.01844	0.27382	0.52507	0.00910	0.01387	0.00769	0.00360	0.00519
28	0.02453	0.01001	0.01357	0.01074	0.01496	0.00873	0.00873	0.02715	0.01845	0.57733	0.18358	0.02789	0.02610	0.00917	0.00675	0.00201	0.00495	0.00766	0.00780	0.00990
29	0.01340	0.01148	0.01340	0.00957	0.01531	0.00861	0.00766	0.01627	0.01340	0.02105	0.01148	0.01340	0.00957	0.00479	0.00479	0.00096	0.00479	0.00383	0.00383	0.81242
30	0.00820	0.00652	0.00736	0.00725	0.00910	0.00568	0.00540	0.01033	0.01591	0.02051	0.30771	0.09365	0.44868	0.01541	0.00766	0.00215	0.00321	0.01316	0.00641	0.00568
31	0.02243	0.01707	0.02018	0.01561	0.02065	0.01864	0.07693	0.50835	0.14426	0.06198	0.01746	0.01737	0.01252	0.00772	0.00659	0.00201	0.00707	0.00626	0.00624	0.01065
32	0.00787	0.00562	0.00750	0.00900	0.00937	0.00525	0.00600	0.00900	0.01237	0.01649	0.03561	0.76871	0.04274	0.02024	0.00825	0.00262	0.00375	0.01837	0.00600	0.00525
33	0.01580	0.01515	0.02587	0.07682	0.69699	0.01530	0.01973	0.01966	0.01462	0.02087	0.01212	0.01606	0.01015	0.00579	0.00640	0.00193	0.00772	0.00576	0.00318	0.01008
34	0.01220	0.01148	0.01938	0.75739	0.04450	0.01436	0.01794	0.01651	0.01292	0.01651	0.01148	0.01723	0.00861	0.00646	0.00646	0.00215	0.00861	0.00574	0.00287	0.00718
35	0.00925	0.00686	0.01009	0.01009	0.01114	0.00792	0.00771	0.01135	0.01030	0.01478	0.01758	0.02688	0.01680	0.11242	0.68424	0.01002	0.01633	0.00714	0.00350	0.00561
36	0.81856	0.01250	0.00950	0.00850	0.01250	0.01449	0.00700	0.01899	0.01100	0.02899	0.00900	0.01050	0.00700	0.00600	0.00400	0.00200	0.00500	0.00350	0.00400	0.00700
37	0.00787	0.00562	0.00750	0.00900	0.00937	0.00525	0.00600	0.00900	0.01237	0.01649	0.03561	0.76871	0.04274	0.02024	0.00825	0.00262	0.00375	0.01837	0.00600	0.00525
38	0.02456	0.01810	0.01939	0.01487	0.02004	0.02004	0.01228	0.71107	0.03038	0.04072	0.01551	0.01551	0.01099	0.00776	0.00646	0.00194	0.00711	0.00582	0.00646	0.01099
39	0.01296	0.03342	0.73944	0.01842	0.02797	0.01501	0.02387	0.02046	0.01364	0.02046	0.01160	0.01364	0.00818	0.00614	0.00614	0.00205	0.00955	0.00477	0.00273	0.00955
40	0.00779	0.00655	0.00677	0.00671	0.00882	0.00552	0.00503	0.00958	0.01510	0.01834	0.13514	0.06072	0.65976	0.01603	0.00763	0.00217	0.00325	0.01343	0.00612	0.00552
41	0.00910	0.00660	0.00857	0.00808	0.00962	0.00608	0.00606	0.01210	0.01817	0.02563	0.70745	0.04872	0.08290	0.01331	0.00762	0.00204	0.00306	0.01175	0.00708	0.00608
42	0.02414	0.03079	0.01831	0.01665	0.01998	0.74698	0.01248	0.02580	0.01831	0.01581	0.00999	0.01165	0.00832	0.00666	0.00583	0.00166	0.01165	0.00416	0.00333	0.00749
43	0.01414	0.01414	0.01979	0.01696	0.01696	0.01979	0.01414	0.01555	0.00990	0.01555	0.00848	0.01414	0.00848	0.01131	0.02120	0.00283	0.76110	0.00565	0.00283	0.00707
44	0.00786	0.00566	0.00746	0.00891	0.00935	0.00526	0.00596	0.00901	0.01246	0.01653	0.03669	0.74326	0.06748	0.02010	0.00823	0.00261	0.00373	0.01820	0.00600	0.00526
45	0.00786	0.00566	0.00746	0.00890	0.00935	0.00526	0.00595	0.00901	0.01247	0.01653	0.03682	0.74018	0.07048	0.02009	0.00822	0.00261	0.00373	0.01818	0.00600	0.00526
46	0.23987	0.02038	0.22418	0.01901	0.14594	0.03580	0.04092	0.09163	0.04337	0.02494	0.01182	0.01390	0.00905	0.00656	0.00646	0.00204	0.04653	0.00493	0.00375	0.00892
47	0.03721	0.01239	0.01347	0.01177	0.01485	0.03437	0.00904	0.27987	0.06318	0.05324	0.02361	0.29832	0.02367	0.03417	0.00771	0.00227	0.00558	0.01050	0.00596	0.05882

[dist]
# distance from previous block
# <min> <max>
0	7

[block]
# block no. 1 follows, 34 sequences, length 64
# corresponding to MSA columns:
# 60-123
name=unknown_B
#
# <colnr> <probs for GDERKNQSTAVLIFYWHMCP>
#	G	D	E	R	K	N	Q	S	T	A	V	L	I	F	Y	W	H	M	C	P
0	0.01485	0.15229	0.39246	0.01592	0.05442	0.01531	0.01729	0.04077	0.01468	0.06036	0.06246	0.01612	0.01268	0.00651	0.00579	0.00180	0.00772	0.00510	0.00359	0.09986
1	0.04302	0.01604	0.06296	0.02798	0.38045	0.01540	0.08101	0.06412	0.14649	0.07383	0.01586	0.01771	0.01218	0.00659	0.00646	0.00201	0.00733	0.00615	0.00436	0.01005
2	0.01772	0.01246	0.01451	0.01098	0.01609	0.01117	0.00885	0.14490	0.06725	0.13523	0.06073	0.01805	0.01477	0.00663	0.00566	0.00145	0.00523	0.00534	0.00534	0.43763
3	0.00947	0.00734	0.00872	0.00831	0.01022	0.00696	0.00631	0.01366	0.08792	0.02355	0.45969	0.05027	0.23775	0.01374	0.00755	0.00211	0.00339	0.02997	0.00673	0.00633
4	0.01340	0.01148	0.01340	0.00957	0.01531	0.00861	0.00766	0.01627	0.01340	0.02105	0.01148	0.01340	0.00957	0.00479	0.00479	0.00096	0.00479	0.00383	0.00383	0.81242
5	0.00940	0.00626	0.00705	0.00705	0.00705	0.00626	0.00392	0.00940	0.00940	0.01253	0.02036	0.04228	0.02349	0.77292	0.03289	0.00626	0.00626	0.00940	0.00392	0.00392
6	0.01711	0.74831	0.06091	0.01134	0.01702	0.02516	0.01155	0.01939	0.01315	0.01540	0.00908	0.01049	0.00829	0.00555	0.00422	0.00141	0.00701	0.00351	0.00276	0.00834
7	0.00940	0.00626	0.00705	0.00705	0.00705	0.00626	0.00392	0.00940	0.00940	0.01253	0.02036	0.04228	0.02349	0.77292	0.03289	0.00626	0.00626	0.00940	0.00392	0.00392
8	0.00787	0.00562	0.00750	0.00900	0.00937	0.00525	0.00600	0.00900	0.01237	0.01649	0.03561	0.76871	0.04274	0.02024	0.00825	0.00262	0.00375	0.01837	0.00600	0.00525
9	0.00777	0.00655	0.00673	0.00669	0.00881	0.00551	0.00501	0.00953	0.01504	0.01820	0.12423	0.06095	0.67076	0.01608	0.00764	0.00217	0.00325	0.01346	0.00610	0.00551
10	0.04570	0.70877	0.07162	0.01137	0.01706	0.02459	0.01161	0.01940	0.01308	0.01598	0.00913	0.01055	0.00824	0.00558	0.00425	0.00144	0.00699	0.00353	0.00281	0.00831
11	0.81856	0.01250	0.00950	0.00850	0.01250	0.01449	0.00700	0.01899	0.01100	0.02899	0.00900	0.01050	0.00700	0.00600	0.00400	0.00200	0.00500	0.00350	0.00400	0.00700
12	0.01354	0.02946	0.56877	0.02100	0.05452	0.01529	0.16542	0.02049	0.01401	0.02053	0.01192	0.01451	0.00859	0.00598	0.00646	0.00207	0.00976	0.00540	0.00286	0.00940
13	0.00799	0.00571	0.00763	0.00913	0.00955	0.00535	0.00620	0.00920	0.01248	0.01662	0.03555	0.73713	0.04248	0.02013	0.00828	0.00264	0.00385	0.04880	0.00600	0.00528
14	0.00787	0.00562	0.00750	0.00900	0.00937	0.00525	0.00600	0.00900	0.01237	0.01649	0.03561	0.76871	0.04274	0.02024	0.00825	0.00262	0.00375	0.01837	0.00600	0.00525
15	0.01220	0.01148	0.01938	0.75739	0.04450	0.01436	0.01794	0.01651	0.01292	0.01651	0.01148	0.01723	0.00861	0.00646	0.00646	0.00215	0.00861	0.00574	0.00287	0.00718
16	0.01665	0.01351	0.01436	0.01255	0.01617	0.01527	0.00986	0.14895	0.49694	0.02892	0.07122	0.02519	0.03941	0.00901	0.00654	0.00210	0.00516	0.00743	0.05101	0.00973
17	0.02456	0.01810	0.01939	0.01487	0.02004	0.02004	0.01228	0.71107	0.03038	0.04072	0.01551	0.01551	0.01099	0.00776	0.00646	0.00194	0.00711	0.00582	0.00646	0.01099
18	0.00787	0.00562	0.00750	0.00900	0.00937	0.00525	0.00600	0.00900	0.01237	0.01649	0.03561	0.76871	0.04274	0.02024	0.00825	0.00262	0.00375	0.01837	0.00600	0.00525
19	0.01537	0.23236	0.14183	0.02042	0.02653	0.01904	0.34549	0.01981	0.01392	0.01865	0.01128	0.01457	0.00901	0.00611	0.00767	0.00199	0.07852	0.00584	0.00300	0.00857
20	0.01637	0.40743	0.29573	0.01388	0.02076	0.01994	0.01566	0.04220	0.01433	0.06172	0.03077	0.01349	0.01023	0.00618	0.00520	0.00170	0.00771	0.00443	0.00330	0.00895
21	0.00923	0.00692	0.01038	0.01038	0.01154	0.00808	0.00808	0.01154	0.01038	0.01500	0.01731	0.02538	0.01615	0.04846	0.74732	0.01038	0.01731	0.00692	0.00346	0.00577
22	0.00787	0.00562	0.00750	0.00900	0.00937	0.00525	0.00600	0.00900	0.01237	0.01649	0.03561	0.76871	0.04274	0.02024	0.00825	0.00262	0.00375	0.01837	0.00600	0.00525
23	0.01367	0.01180	0.01235	0.01128	0.01423	0.03594	0.00868	0.02576	0.44499	0.02532	0.20456	0.03396	0.10904	0.01065	0.00693	0.00213	0.00461	0.00900	0.00654	0.00858
24	0.01597	0.01470	0.02494	0.13145	0.61787	0.01501	0.01921	0.01982	0.01462	0.04628	0.01255	0.01637	0.01023	0.00593	0.00641	0.00195	0.00772	0.00578	0.00333	0.00987
25	0.01683	0.01742	0.02454	0.08244	0.51197	0.12650	0.04004	0.02027	0.01486	0.01964	0.01158	0.01535	0.00971	0.00628	0.00727	0.00196	0.05521	0.00557	0.00318	0.00937
26	0.81856	0.01250	0.00950	0.00850	0.01250	0.01449	0.00700	0.01899	0.01100	0.02899	0.00900	0.01050	0.00700	0.00600	0.00400	0.00200	0.00500	0.00350	0.00400	0.00700
27	0.00787	0.00562	0.00750	0.00900	0.00937	0.00525	0.00600	0.00900	0.01237	0.01649	0.03561	0.76871	0.04274	0.02024	0.00825	0.00262	0.00375	0.01837	0.00600	0.00525
28	0.02456	0.01810	0.01939	0.01487	0.02004	0.02004	0.01228	0.71107	0.03038	0.04072	0.01551	0.01551	0.01099	0.00776	0.00646	0.00194	0.00711	0.00582	0.00646	0.01099
29	0.02413	0.01759	0.01893	0.01464	0.01971	0.01943	0.01205	0.64366	0.07684	0.06184	0.01656	0.01630	0.01174	0.00783	0.00647	0.00196	0.00692	0.00594	0.00652	0.01094
30	0.01296	0.03342	0.73944	0.01842	0.02797	0.01501	0.02387	0.02046	0.01364	0.02046	0.01160	0.01364	0.00818	0.00614	0.00614	0.00205	0.00955	0.00477	0.00273	0.00955
31	0.01918	0.01442	0.01485	0.01277	0.01656	0.07410	0.01005	0.11061	0.37845	0.15098	0.10481	0.02450	0.02188	0.00885	0.00661	0.00207	0.00571	0.00724	0.00661	0.00975
32	0.01655	0.01201	0.01412	0.01191	0.01491	0.01271	0.03130	0.30762	0.04653	0.05245	0.08885	0.15800	0.04490	0.12217	0.03329	0.00298	0.00620	0.00950	0.00592	0.00807
33	0.00787	0.00562	0.00750	0.00900	0.00937	0.00525	0.00600	0.00900	0.01237	0.01649	0.03561	0.76871	0.04274	0.02024	0.00825	0.00262	0.00375	0.01837	0.00600	0.00525
34	0.02262	0.13012	0.02031	0.01577	0.01931	0.60122	0.01226	0.02494	0.04326	0.01614	0.01041	0.01201	0.00874	0.00672	0.00609	0.00168	0.03312	0.00423	0.00336	0.00769
35	0.00880	0.00653	0.00820	0.00791	0.00948	0.00593	0.00588	0.01149	0.01730	0.02386	0.57077	0.09585	0.17569	0.01420	0.00766	0.00210	0.00313	0.01244	0.00685	0.00593
36	0.01296	0.03342	0.73944	0.01842	0.02797	0.01501	0.02387	0.02046	0.01364	0.02046	0.01160	0.01364	0.00818	0.00614	0.00614	0.00205	0.00955	0.00477	0.00273	0.00955
37	0.00923	0.00692	0.01038	0.01038	0.01154	0.00808	0.00808	0.01154	0.01038	0.01500	0.01731	0.02538	0.01615	0.04846	0.74732	0.01038	0.01731	0.00692	0.00346	0.00577
38	0.01683	0.01371	0.01463	0.01305	0.01678	0.01569	0.01018	0.03417	0.67988	0.06854	0.02625	0.02398	0.01951	0.00872	0.00657	0.00218	0.00514	0.00726	0.00666	0.01027
39	0.01220	0.01148	0.01938	0.75739	0.04450	0.01436	0.01794	0.01651	0.01292	0.01651	0.01148	0.01723	0.00861	0.00646	0.00646	0.00215	0.00861	0.00574	0.00287	0.00718
40	0.02899	0.01100	0.01499	0.01150	0.01649	0.00950	0.00950	0.03149	0.01849	0.73709	0.02549	0.02199	0.01599	0.00800	0.00650	0.00200	0.00550	0.00650	0.00800	0.01100
41	0.00894	0.00660	0.00835	0.00791	0.00953	0.00601	0.00593	0.01179	0.01780	0.02474	0.63763	0.05019	0.15327	0.01364	0.00762	0.00205	0.00308	0.01195	0.00696	0.00601
42	0.00787	0.00562	0.00750	0.00900	0.00937	0.00525	0.00600	0.00900	0.01237	0.01649	0.03561	0.76871	0.04274	0.02024	0.00825	0.00262	0.00375	0.01837	0.00600	0.00525
43	0.01340	0.01148	0.01340	0.00957	0.01531	0.00861	0.00766	0.01627	0.01340	0.02105	0.01148	0.01340	0.00957	0.00479	0.00479	0.00096	0.00479	0.00383	0.00383	0.81242
44	0.01340	0.01148	0.01340	0.00957	0.01531	0.00861	0.00766	0.01627	0.01340	0.02105	0.01148	0.01340	0.00957	0.00479	0.00479	0.00096	0.00479	0.00383	0.00383	0.81242
45	0.02456	0.01810	0.01939	0.01487	0.02004	0.02004	0.01228	0.71107	0.03038	0.04072	0.01551	0.01551	0.01099	0.00776	0.00646	0.00194	0.00711	0.00582	0.00646	0.01099
46	0.00927	0.00676	0.00956	0.00956	0.01043	0.00763	0.00705	0.01101	0.01014	0.01439	0.01806	0.02954	0.01796	0.22670	0.57155	0.00937	0.01459	0.00753	0.00357	0.00531
47	0.00787	0.00562	0.00750	0.00900	0.00937	0.00525	0.00600	0.00900	0.01237	0.01649	0.03561	0.76871	0.04274	0.02024	0.00825	0.00262	0.00375	0.01837	0.00600	0.00525
48	0.02363	0.01884	0.01906	0.01875	0.14335	0.19416	0.01289	0.23061	0.05320	0.19631	0.01644	0.01658	0.01179	0.00724	0.00631	0.00189	0.00784	0.00563	0.00550	0.00997
49	0.02455	0.01857	0.01935	0.01493	0.02004	0.04684	0.01229	0.68581	0.02993	0.03980	0.01531	0.01537	0.01089	0.00772	0.00644	0.00193	0.00728	0.00576	0.00635	0.01086
50	0.00934	0.00629	0.00729	0.00734	0.00743	0.00636	0.00427	0.00953	0.00956	0.01282	0.02063	0.06385	0.02359	0.69958	0.08122	0.00643	0.00694	0.00951	0.00395	0.00408
51	0.02253	0.13147	0.04424	0.01593	0.02039	0.39696	0.04420	0.20630	0.02050	0.02270	0.01150	0.01282	0.00909	0.00672	0.00585	0.00173	0.00968	0.00468	0.00406	0.00865
52	0.02377	0.07022	0.01913	0.01635	0.01980	0.70885	0.01241	0.02546	0.01804	0.01578	0.00993	0.01158	0.00832	0.00660	0.00574	0.00165	0.01140	0.00412	0.00330	0.00753
53	0.01425	0.25608	0.52811	0.01621	0.02456	0.01817	0.02003	0.02013	0.01349	0.01889	0.01081	0.01266	0.00822	0.00596	0.00554	0.00185	0.00876	0.00438	0.00274	0.00917
54	0.01727	0.77681	0.03386	0.01106	0.01658	0.02557	0.01106	0.01935	0.01313	0.01520	0.00898	0.01036	0.00829	0.00553	0.00415	0.00138	0.00691	0.00345	0.00276	0.00829
55	0.01122	0.00561	0.00842	0.00842	0.00842	0.00561	0.00561	0.00842	0.00842	0.01122	0.01122	0.01964	0.01122	0.02245	0.02525	0.81201	0.00561	0.00561	0.00281	0.00281
56	0.00860	0.00658	0.00788	0.00756	0.00932	0.00587	0.00567	0.01114	0.01701	0.02286	0.48984	0.05328	0.30224	0.01435	0.00763	0.00209	0.00313	0.01239	0.00671	0.00587
57	0.02456	0.01810	0.01939	0.01487	0.02004	0.02004	0.01228	0.71107	0.03038	0.04072	0.01551	0.01551	0.01099	0.00776	0.00646	0.00194	0.00711	0.00582	0.00646	0.01099
58	0.02603	0.01574	0.01793	0.01375	0.01886	0.01654	0.01136	0.48542	0.02643	0.27195	0.01883	0.01766	0.01265	0.00784	0.00648	0.00196	0.00657	0.00604	0.00697	0.01099
59	0.00789	0.00594	0.00731	0.00826	0.00921	0.00536	0.00570	0.00929	0.01342	0.01739	0.09051	0.52548	0.23340	0.01870	0.00804	0.00246	0.00357	0.01661	0.00607	0.00536
60	0.01727	0.77681	0.03386	0.01106	0.01658	0.02557	0.01106	0.01935	0.01313	0.01520	0.00898	0.01036	0.00829	0.00553	0.00415	0.00138	0.00691	0.00345	0.00276	0.00829
61	0.00914	0.00660	0.00864	0.00813	0.00965	0.00610	0.00610	0.01219	0.01829	0.02591	0.72921	0.04827	0.06097	0.01321	0.00762	0.00203	0.00305	0.01169	0.00711	0.00610
62	0.59825	0.06096	0.01279	0.00990	0.01414	0.01609	0.00824	0.11953	0.06378	0.02968	0.01115	0.01216	0.00855	0.00642	0.00454	0.00197	0.00543	0.00410	0.00446	0.00788
63	0.10557	0.32450	0.02454	0.03676	0.04417	0.05983	0.03258	0.18893	0.01799	0.09099	0.01249	0.01342	0.00966	0.00645	0.00526	0.00172	0.00708	0.00464	0.00435	0.00907

[dist]
# distance from previous block
# <min> <max>
0	6

[block]
# block no. 2 follows, 34 sequences, length 62
# corresponding to MSA columns:
# 130-191
name=unknown_C
#
# <colnr> <probs for GDERKNQSTAVLIFYWHMCP>
#	G	D	E	R	K	N	Q	S	T	A	V	L	I	F	Y	W	H	M	C	P
0	0.01887	0.03792	0.03950	0.14157	0.28519	0.20023	0.03869	0.07990	0.01683	0.06230	0.01250	0.01525	0.00979	0.00639	0.00625	0.00190	0.00878	0.00538	0.00372	0.00905
1	0.01606	0.01346	0.02007	0.13866	0.09045	0.01586	0.06962	0.12651	0.01517	0.07088	0.01324	0.01745	0.01079	0.01403	0.11656	0.00346	0.22947	0.00610	0.00393	0.00822
2	0.00765	0.00649	0.00660	0.00669	0.00877	0.00544	0.00497	0.00926	0.01459	0.01740	0.06368	0.10433	0.68899	0.01660	0.00767	0.00221	0.00330	0.01392	0.00600	0.00544
3	0.00815	0.00654	0.00746	0.00744	0.00926	0.00585	0.00556	0.01014	0.01495	0.01904	0.20768	0.09652	0.46698	0.01916	0.08316	0.00301	0.00468	0.01279	0.00599	0.00562
4	0.02297	0.01770	0.01847	0.01460	0.01943	0.04137	0.01190	0.56421	0.15864	0.03741	0.01735	0.01700	0.01253	0.00791	0.00647	0.00198	0.00688	0.00604	0.00639	0.01074
5	0.78889	0.01244	0.00970	0.00861	0.01265	0.01431	0.00709	0.01946	0.01128	0.05560	0.00962	0.01093	0.00734	0.00607	0.00409	0.00200	0.00502	0.00361	0.00415	0.00715
6	0.02474	0.01782	0.01922	0.01473	0.01990	0.01962	0.01217	0.68407	0.02991	0.06839	0.01591	0.01577	0.01119	0.00777	0.00647	0.00194	0.00705	0.00584	0.00652	0.01099
7	0.00923	0.00692	0.01038	0.01038	0.01154	0.00808	0.00808	0.01154	0.01038	0.01500	0.01731	0.02538	0.01615	0.04846	0.74732	0.01038	0.01731	0.00692	0.00346	0.00577
8	0.01727	0.77681	0.03386	0.01106	0.01658	0.02557	0.01106	0.01935	0.01313	0.01520	0.00898	0.01036	0.00829	0.00553	0.00415	0.00138	0.00691	0.00345	0.00276	0.00829
9	0.81856	0.01250	0.00950	0.00850	0.01250	0.01449	0.00700	0.01899	0.01100	0.02899	0.00900	0.01050	0.00700	0.00600	0.00400	0.00200	0.00500	0.00350	0.00400	0.00700
10	0.00839	0.00658	0.00760	0.00734	0.00919	0.00578	0.00551	0.01074	0.01652	0.02170	0.39900	0.05519	0.39380	0.01478	0.00763	0.00211	0.00316	0.01266	0.00656	0.00578
11	0.00901	0.00654	0.00849	0.00812	0.00960	0.00602	0.00605	0.01189	0.01780	0.02503	0.66288	0.09177	0.08502	0.01375	0.00766	0.00207	0.00310	0.01216	0.00700	0.00602
12	0.01236	0.01164	0.01966	0.72828	0.07242	0.01440	0.01802	0.01664	0.01299	0.01670	0.01151	0.01718	0.00868	0.00643	0.00646	0.00214	0.00858	0.00574	0.00288	0.00730
13	0.01619	0.01375	0.01456	0.01306	0.01665	0.01580	0.01015	0.07352	0.64658	0.02735	0.02609	0.05844	0.02028	0.00924	0.00665	0.00220	0.00517	0.00773	0.00654	0.01004
14	0.01089	0.00583	0.00875	0.00875	0.00895	0.00603	0.00603	0.00895	0.00875	0.01186	0.01225	0.02061	0.01206	0.02685	0.14762	0.67616	0.00759	0.00583	0.00292	0.00331
15	0.02302	0.09920	0.01954	0.01592	0.01947	0.63625	0.01222	0.02571	0.05975	0.01643	0.01087	0.01228	0.00900	0.00668	0.00571	0.00167	0.01082	0.00428	0.00347	0.00773
16	0.00927	0.00714	0.01032	0.01104	0.01195	0.00722	0.03625	0.01110	0.01303	0.01739	0.03261	0.49823	0.03771	0.01842	0.00922	0.00272	0.05215	0.20287	0.00567	0.00570
17	0.02433	0.04253	0.01986	0.01474	0.01993	0.02022	0.01224	0.68880	0.02982	0.03990	0.01530	0.01535	0.01090	0.00768	0.00639	0.00192	0.00710	0.00574	0.00634	0.01090
18	0.81856	0.01250	0.00950	0.00850	0.01250	0.01449	0.00700	0.01899	0.01100	0.02899	0.00900	0.01050	0.00700	0.00600	0.00400	0.00200	0.00500	0.00350	0.00400	0.00700
19	0.01672	0.01698	0.02628	0.03660	0.61635	0.08571	0.06627	0.02046	0.01509	0.02057	0.01201	0.01567	0.01002	0.00582	0.00643	0.00191	0.00828	0.00573	0.00322	0.00987
20	0.00865	0.00659	0.00795	0.00761	0.00935	0.00589	0.00571	0.01123	0.01712	0.02313	0.51112	0.05284	0.28078	0.01425	0.00763	0.00208	0.00312	0.01233	0.00675	0.00589
21	0.01398	0.12927	0.40774	0.01977	0.05961	0.01624	0.17526	0.01984	0.01426	0.02015	0.05441	0.01622	0.01181	0.00630	0.00630	0.00198	0.00901	0.00569	0.00314	0.00901
22	0.01599	0.01535	0.02623	0.03966	0.73262	0.01535	0.01983	0.01983	0.01471	0.02111	0.01215	0.01599	0.01023	0.00576	0.00640	0.00192	0.00768	0.00576	0.00320	0.01023
23	0.01492	0.01675	0.03623	0.02618	0.03238	0.01573	0.66136	0.02020	0.01522	0.02060	0.01452	0.02122	0.01168	0.00629	0.00771	0.00223	0.01056	0.05424	0.00345	0.00853
24	0.00924	0.00689	0.01023	0.01023	0.01133	0.00799	0.00788	0.01144	0.01034	0.01488	0.01745	0.02617	0.01650	0.08236	0.71388	0.01019	0.01679	0.00704	0.00348	0.00568
25	0.09353	0.01614	0.01746	0.01354	0.01849	0.01744	0.01117	0.52114	0.02633	0.15237	0.01796	0.01743	0.03139	0.00788	0.00629	0.00196	0.00656	0.00594	0.00649	0.01049
26	0.81856	0.01250	0.00950	0.00850	0.01250	0.01449	0.00700	0.01899	0.01100	0.02899	0.00900	0.01050	0.00700	0.00600	0.00400	0.00200	0.00500	0.00350	0.00400	0.00700
27	0.01414	0.01414	0.01979	0.01696	0.01696	0.01979	0.01414	0.01555	0.00990	0.01555	0.00848	0.01414	0.00848	0.01131	0.02120	0.00283	0.76110	0.00565	0.00283	0.00707
28	0.02352	0.01835	0.01875	0.01477	0.01964	0.06293	0.01205	0.58881	0.11271	0.03759	0.01648	0.01632	0.01188	0.00781	0.00644	0.00195	0.00714	0.00590	0.00629	0.01069
29	0.76977	0.01240	0.00984	0.00868	0.01274	0.01419	0.00715	0.01977	0.01146	0.07275	0.01002	0.01121	0.00755	0.00612	0.00415	0.00200	0.00503	0.00368	0.00425	0.00724
30	0.02065	0.01154	0.01528	0.01128	0.01671	0.00938	0.04114	0.02347	0.01583	0.35001	0.01799	0.01753	0.01253	0.00629	0.00570	0.00149	0.00540	0.00523	0.00572	0.40682
31	0.00801	0.00656	0.00706	0.00694	0.00896	0.00561	0.00520	0.00999	0.01561	0.01954	0.22904	0.05875	0.56511	0.01559	0.00763	0.00214	0.00322	0.01316	0.00627	0.00561
32	0.01245	0.01173	0.01982	0.71132	0.08867	0.01442	0.01807	0.01672	0.01303	0.01680	0.01153	0.01715	0.00872	0.00641	0.00646	0.00214	0.00855	0.00574	0.00289	0.00737
33	0.02870	0.01147	0.01529	0.01172	0.01673	0.01019	0.00968	0.07641	0.01928	0.69106	0.02483	0.02156	0.01566	0.00798	0.00650	0.00200	0.00560	0.00645	0.00790	0.01100
34	0.00914	0.00660	0.00864	0.00813	0.00965	0.00610	0.00610	0.01219	0.01829	0.02591	0.72921	0.04827	0.06097	0.01321	0.00762	0.00203	0.00305	0.01169	0.00711	0.00610
35	0.01547	0.01483	0.02520	0.12930	0.62755	0.01534	0.01945	0.01930	0.01436	0.02039	0.01197	0.01610	0.00999	0.00599	0.00679	0.00197	0.02733	0.00575	0.00315	0.00977
36	0.00927	0.00673	0.00939	0.00935	0.01023	0.00746	0.00685	0.01103	0.01070	0.01515	0.06979	0.03146	0.02132	0.23506	0.50708	0.00870	0.01339	0.00791	0.00384	0.00531
37	0.00794	0.00656	0.00696	0.00686	0.00891	0.00558	0.00514	0.00985	0.01543	0.01913	0.19701	0.05942	0.59739	0.01574	0.00763	0.00215	0.00323	0.01325	0.00622	0.00558
38	0.02456	0.01810	0.01939	0.01487	0.02004	0.02004	0.01228	0.71107	0.03038	0.04072	0.01551	0.01551	0.01099	0.00776	0.00646	0.00194	0.00711	0.00582	0.00646	0.01099
39	0.08805	0.13169	0.01995	0.01490	0.01890	0.46363	0.01180	0.13984	0.01902	0.02100	0.01070	0.01203	0.00866	0.00663	0.00555	0.00170	0.00968	0.00429	0.00383	0.00815
40	0.01607	0.01388	0.01461	0.01315	0.01680	0.01607	0.01023	0.03433	0.72094	0.02703	0.02630	0.02411	0.01972	0.00877	0.00657	0.00219	0.00511	0.00731	0.00657	0.01023
41	0.01220	0.01148	0.01938	0.75739	0.04450	0.01436	0.01794	0.01651	0.01292	0.01651	0.01148	0.01723	0.00861	0.00646	0.00646	0.00215	0.00861	0.00574	0.00287	0.00718
42	0.00802	0.00591	0.00744	0.00860	0.00934	0.00544	0.00592	0.00928	0.01278	0.01662	0.04024	0.57319	0.16606	0.05465	0.00932	0.00273	0.00389	0.04942	0.00590	0.00526
43	0.00981	0.00675	0.00885	0.00824	0.00988	0.00621	0.00621	0.01284	0.01830	0.04985	0.70552	0.04738	0.05945	0.01303	0.00758	0.00203	0.00313	0.01151	0.00714	0.00626
44	0.02416	0.01790	0.01917	0.01479	0.01989	0.01985	0.01218	0.67939	0.06271	0.04008	0.01602	0.01592	0.01140	0.00780	0.00647	0.00195	0.00702	0.00589	0.00647	0.01095
45	0.21725	0.01166	0.01367	0.01082	0.01547	0.01128	0.00891	0.07303	0.01732	0.49717	0.02073	0.01888	0.01353	0.00749	0.00583	0.00198	0.00540	0.00572	0.03402	0.00987
46	0.66790	0.01221	0.01055	0.00907	0.01326	0.01354	0.00747	0.02138	0.01243	0.16411	0.01214	0.01269	0.00871	0.00638	0.00448	0.00200	0.00509	0.00407	0.00476	0.00776
47	0.02414	0.03079	0.01831	0.01665	0.01998	0.74698	0.01248	0.02580	0.01831	0.01581	0.00999	0.01165	0.00832	0.00666	0.00583	0.00166	0.01165	0.00416	0.00333	0.00749
48	0.01727	0.77681	0.03386	0.01106	0.01658	0.02557	0.01106	0.01935	0.01313	0.01520	0.00898	0.01036	0.00829	0.00553	0.00415	0.00138	0.00691	0.00345	0.00276	0.00829
49	0.01220	0.01148	0.01938	0.75739	0.04450	0.01436	0.01794	0.01651	0.01292	0.01651	0.01148	0.01723	0.00861	0.00646	0.00646	0.00215	0.00861	0.00574	0.00287	0.00718
50	0.01685	0.01427	0.01505	0.01331	0.01710	0.01643	0.01042	0.09636	0.65766	0.02828	0.02531	0.02332	0.01892	0.00867	0.00656	0.00217	0.00530	0.00717	0.00656	0.01030
51	0.00801	0.00573	0.00762	0.00890	0.00940	0.00534	0.00601	0.00934	0.01300	0.01750	0.10946	0.69200	0.04468	0.01949	0.00818	0.00256	0.00367	0.01766	0.00612	0.00534
52	0.01220	0.01148	0.01938	0.75739	0.04450	0.01436	0.01794	0.01651	0.01292	0.01651	0.01148	0.01723	0.00861	0.00646	0.00646	0.00215	0.00861	0.00574	0.00287	0.00718
53	0.00794	0.00575	0.00753	0.00893	0.00946	0.00534	0.00607	0.00916	0.01262	0.01666	0.03761	0.69685	0.08955	0.01990	0.00823	0.00261	0.00379	0.04073	0.00600	0.00529
54	0.01185	0.00620	0.00893	0.00872	0.00896	0.00629	0.00592	0.04130	0.00945	0.01260	0.01142	0.01945	0.01121	0.02176	0.02437	0.77410	0.00568	0.00562	0.00298	0.00319
55	0.01599	0.01535	0.02623	0.03966	0.73262	0.01535	0.01983	0.01983	0.01471	0.02111	0.01215	0.01599	0.01023	0.00576	0.00640	0.00192	0.00768	0.00576	0.00320	0.01023
56	0.01657	0.01413	0.01489	0.01325	0.01699	0.01630	0.01035	0.07381	0.68066	0.02783	0.02567	0.02361	0.01921	0.00871	0.00657	0.00218	0.00523	0.00722	0.00657	0.01027
57	0.01583	0.01532	0.02655	0.06335	0.67663	0.01536	0.05203	0.01976	0.01468	0.02093	0.01217	0.01610	0.01016	0.00577	0.00646	0.00194	0.00786	0.00584	0.00319	0.01006
58	0.02386	0.02945	0.01843	0.01654	0.01989	0.67685	0.01252	0.07079	0.01885	0.01745	0.01031	0.01198	0.00850	0.00687	0.00634	0.00172	0.03410	0.00432	0.00352	0.00771
59	0.01721	0.52632	0.12908	0.01259	0.01850	0.04969	0.01281	0.06763	0.04771	0.01850	0.01074	0.01199	0.00905	0.00593	0.00479	0.00154	0.00730	0.00402	0.00325	0.04133
60	0.04922	0.53438	0.03033	0.01383	0.05130	0.02180	0.08234	0.04145	0.01396	0.01789	0.01150	0.01317	0.02867	0.00587	0.00482	0.00152	0.00704	0.00437	0.00317	0.06338
61	0.03721	0.00775	0.00947	0.00944	0.01108	0.00754	0.00687	0.08429	0.01591	0.07050	0.16804	0.43153	0.08325	0.01605	0.00765	0.00235	0.00409	0.01419	0.00633	0.00647

[dist]
# distance from previous block
# <min> <max>
1	15

[block]
# block no. 3 follows, 34 sequences, length 28
# corresponding to MSA columns:
# 207-234
name=unknown_D
#
# <colnr> <probs for GDERKNQSTAVLIFYWHMCP>
#	G	D	E	R	K	N	Q	S	T	A	V	L	I	F	Y	W	H	M	C	P
0	0.01551	0.47319	0.32204	0.01406	0.02123	0.02125	0.01629	0.01980	0.01334	0.01735	0.01005	0.01170	0.00825	0.00578	0.00496	0.00165	0.00799	0.00399	0.00275	0.00881
1	0.01450	0.18506	0.35309	0.01414	0.02031	0.03727	0.01574	0.01886	0.01365	0.07531	0.01646	0.13910	0.01524	0.04492	0.00735	0.00218	0.00761	0.00707	0.00377	0.00836
2	0.01560	0.18287	0.41522	0.01489	0.02206	0.01547	0.01734	0.02069	0.01434	0.11822	0.04728	0.06036	0.01375	0.00743	0.00596	0.00193	0.00780	0.00586	0.00386	0.00907
3	0.10331	0.30148	0.10244	0.01426	0.04281	0.21193	0.01260	0.05930	0.03802	0.01942	0.01138	0.03527	0.00979	0.00663	0.00520	0.00171	0.00813	0.00458	0.00348	0.00827
4	0.00932	0.00735	0.00849	0.00807	0.01007	0.00691	0.00609	0.01345	0.09122	0.02290	0.40951	0.05086	0.30399	0.01391	0.00752	0.00210	0.00335	0.01194	0.00664	0.00630
5	0.01296	0.03342	0.73944	0.01842	0.02797	0.01501	0.02387	0.02046	0.01364	0.02046	0.01160	0.01364	0.00818	0.00614	0.00614	0.00205	0.00955	0.00477	0.00273	0.00955
6	0.01526	0.33874	0.41528	0.01531	0.02291	0.05412	0.01807	0.02026	0.01365	0.01808	0.01045	0.01220	0.00824	0.00591	0.00531	0.00176	0.00856	0.00420	0.00277	0.00893
7	0.65118	0.01218	0.01066	0.00913	0.01334	0.01344	0.00753	0.02164	0.01259	0.17910	0.01249	0.01293	0.00890	0.00642	0.00453	0.00200	0.00510	0.00413	0.00485	0.00785
8	0.01566	0.01529	0.02594	0.03545	0.58190	0.01609	0.05950	0.01923	0.01401	0.02023	0.01165	0.01579	0.00994	0.00659	0.00874	0.00207	0.12327	0.00585	0.00315	0.00966
9	0.01607	0.01388	0.01461	0.01315	0.01680	0.01607	0.01023	0.03433	0.72094	0.02703	0.02630	0.02411	0.01972	0.00877	0.00657	0.00219	0.00511	0.00731	0.00657	0.01023
10	0.00795	0.00568	0.00757	0.00894	0.00939	0.00530	0.00600	0.00919	0.01273	0.01707	0.07826	0.72441	0.04386	0.01981	0.00821	0.00259	0.00371	0.01796	0.00607	0.00530
11	0.02899	0.01100	0.01499	0.01150	0.01649	0.00950	0.00950	0.03149	0.01849	0.73709	0.02549	0.02199	0.01599	0.00800	0.00650	0.00200	0.00550	0.00650	0.00800	0.01100
12	0.00764	0.00655	0.00655	0.00655	0.00873	0.00545	0.00491	0.00927	0.01473	0.01745	0.06546	0.06218	0.73000	0.01636	0.00764	0.00218	0.00327	0.01364	0.00600	0.00545
13	0.00787	0.00562	0.00750	0.00900	0.00937	0.00525	0.00600	0.00900	0.01237	0.01649	0.03561	0.76871	0.04274	0.02024	0.00825	0.00262	0.00375	0.01837	0.00600	0.00525
14	0.01296	0.03342	0.73944	0.01842	0.02797	0.01501	0.02387	0.02046	0.01364	0.02046	0.01160	0.01364	0.00818	0.00614	0.00614	0.00205	0.00955	0.00477	0.00273	0.00955
15	0.74088	0.01235	0.01004	0.00879	0.01289	0.01400	0.00724	0.02022	0.01173	0.09865	0.01062	0.01163	0.00788	0.00619	0.00424	0.00200	0.00505	0.00379	0.00439	0.00739
16	0.01414	0.01414	0.01979	0.01696	0.01696	0.01979	0.01414	0.01555	0.00990	0.01555	0.00848	0.01414	0.00848	0.01131	0.02120	0.00283	0.76110	0.00565	0.00283	0.00707
17	0.01673	0.01632	0.02678	0.03601	0.58977	0.04331	0.09194	0.06103	0.01583	0.02203	0.01237	0.01595	0.01016	0.00588	0.00651	0.00194	0.00813	0.00590	0.00340	0.01002
18	0.02899	0.01100	0.01499	0.01150	0.01649	0.00950	0.00950	0.03149	0.01849	0.73709	0.02549	0.02199	0.01599	0.00800	0.00650	0.00200	0.00550	0.00650	0.00800	0.01100
19	0.01340	0.01148	0.01340	0.00957	0.01531	0.00861	0.00766	0.01627	0.01340	0.02105	0.01148	0.01340	0.00957	0.00479	0.00479	0.00096	0.00479	0.00383	0.00383	0.81242
20	0.00905	0.00660	0.00850	0.00803	0.00959	0.00606	0.00602	0.01201	0.01806	0.02537	0.68664	0.04916	0.10387	0.01341	0.00762	0.00204	0.00306	0.01181	0.00704	0.00606
21	0.00955	0.00703	0.00899	0.00842	0.01007	0.00668	0.00634	0.01350	0.05962	0.02598	0.68786	0.04684	0.05854	0.01295	0.00756	0.00204	0.00317	0.01143	0.00708	0.00634
22	0.02346	0.01755	0.01877	0.01464	0.01962	0.01952	0.01202	0.62345	0.11979	0.03895	0.01691	0.01663	0.01212	0.00789	0.00648	0.00197	0.00685	0.00601	0.00648	0.01089
23	0.00815	0.00619	0.00750	0.00797	0.00924	0.00555	0.00568	0.00996	0.01475	0.01938	0.23528	0.34457	0.26824	0.01707	0.00788	0.00232	0.00340	0.01502	0.00630	0.00555
24	0.01783	0.74064	0.03297	0.01108	0.01658	0.02481	0.01098	0.01992	0.01338	0.04930	0.00976	0.01091	0.00866	0.00564	0.00426	0.00141	0.00684	0.00360	0.00301	0.00842
25	0.00904	0.00660	0.00849	0.00802	0.00959	0.00605	0.00601	0.01199	0.01804	0.02532	0.68289	0.04924	0.10765	0.01343	0.00762	0.00204	0.00306	0.01182	0.00704	0.00605
26	0.02163	0.01663	0.02042	0.09461	0.02317	0.04419	0.08603	0.43992	0.02427	0.07952	0.01533	0.01655	0.01103	0.00745	0.00693	0.00199	0.03098	0.00599	0.04351	0.00986
27	0.14172	0.18015	0.02192	0.01556	0.06976	0.12808	0.08490	0.10875	0.03933	0.07117	0.03257	0.01722	0.04842	0.00708	0.00571	0.00184	0.00741	0.00553	0.00434	0.00854

[dist]
# distance from previous block
# <min> <max>
0	2

[block]
# block no. 4 follows, 34 sequences, length 33
# corresponding to MSA columns:
# 237-269
name=unknown_E
#
# <colnr> <probs for GDERKNQSTAVLIFYWHMCP>
#	G	D	E	R	K	N	Q	S	T	A	V	L	I	F	Y	W	H	M	C	P
0	0.02105	0.30735	0.06560	0.01425	0.04146	0.02125	0.01259	0.35759	0.02186	0.05941	0.01313	0.01374	0.01000	0.00676	0.00556	0.00174	0.00712	0.00489	0.00481	0.00986
1	0.01261	0.01190	0.02012	0.68028	0.11844	0.01446	0.01815	0.01687	0.01311	0.01700	0.01156	0.01709	0.00879	0.00638	0.00645	0.00213	0.00851	0.00574	0.00291	0.00751
2	0.00764	0.00655	0.00655	0.00655	0.00873	0.00545	0.00491	0.00927	0.01473	0.01745	0.06546	0.06218	0.73000	0.01636	0.00764	0.00218	0.00327	0.01364	0.00600	0.00545
3	0.00784	0.00575	0.00736	0.00866	0.00928	0.00528	0.00585	0.00904	0.01270	0.01663	0.03977	0.67039	0.13837	0.01970	0.00816	0.00256	0.00368	0.01771	0.00600	0.00528
4	0.02456	0.01810	0.01939	0.01487	0.02004	0.02004	0.01228	0.71107	0.03038	0.04072	0.01551	0.01551	0.01099	0.00776	0.00646	0.00194	0.00711	0.00582	0.00646	0.01099
5	0.23031	0.01221	0.01410	0.01112	0.01589	0.01201	0.00918	0.10793	0.01797	0.47448	0.02011	0.01829	0.01311	0.00746	0.00585	0.00199	0.00556	0.00565	0.00680	0.00997
6	0.02475	0.01780	0.01921	0.01472	0.01989	0.01959	0.01216	0.68246	0.02988	0.07004	0.01593	0.01579	0.01120	0.00777	0.00647	0.00194	0.00704	0.00585	0.00653	0.01099
7	0.00935	0.00688	0.01019	0.01019	0.01136	0.00799	0.00792	0.01169	0.01052	0.01540	0.01747	0.02533	0.01617	0.04667	0.71479	0.01000	0.01668	0.00688	0.03872	0.00578
8	0.01727	0.77681	0.03386	0.01106	0.01658	0.02557	0.01106	0.01935	0.01313	0.01520	0.00898	0.01036	0.00829	0.00553	0.00415	0.00138	0.00691	0.00345	0.00276	0.00829
9	0.02138	0.02611	0.01916	0.06787	0.07274	0.54571	0.01361	0.02335	0.01654	0.01621	0.01004	0.01268	0.00850	0.00722	0.00801	0.00187	0.11359	0.00459	0.00322	0.00761
10	0.02222	0.01625	0.01749	0.01394	0.01859	0.01800	0.01134	0.48503	0.19808	0.07114	0.01886	0.01827	0.01359	0.00801	0.00642	0.00199	0.00638	0.00622	0.03759	0.01061
11	0.00799	0.00640	0.00715	0.00730	0.00903	0.00555	0.00535	0.00984	0.01507	0.01906	0.19962	0.18144	0.47072	0.01637	0.00774	0.00223	0.00331	0.01405	0.00623	0.00555
12	0.57524	0.01252	0.01149	0.00965	0.01397	0.01368	0.00796	0.06955	0.01412	0.19907	0.01339	0.01359	0.00942	0.00660	0.00477	0.00200	0.00526	0.00438	0.00512	0.00823
13	0.00863	0.00600	0.00721	0.00787	0.00815	0.00578	0.00488	0.00922	0.01099	0.01453	0.02954	0.35942	0.07177	0.40275	0.02074	0.00445	0.00500	0.01354	0.00494	0.00458
14	0.01122	0.00561	0.00842	0.00842	0.00842	0.00561	0.00561	0.00842	0.00842	0.01122	0.01122	0.01964	0.01122	0.02245	0.02525	0.81201	0.00561	0.00561	0.00281	0.00281
15	0.02456	0.01810	0.01939	0.01487	0.02004	0.02004	0.01228	0.71107	0.03038	0.04072	0.01551	0.01551	0.01099	0.00776	0.00646	0.00194	0.00711	0.00582	0.00646	0.01099
16	0.01607	0.01388	0.01461	0.01315	0.01680	0.01607	0.01023	0.03433	0.72094	0.02703	0.02630	0.02411	0.01972	0.00877	0.00657	0.00219	0.00511	0.00731	0.00657	0.01023
17	0.01779	0.09190	0.01573	0.01265	0.01577	0.42132	0.00975	0.01953	0.01669	0.01659	0.05013	0.02870	0.23876	0.00984	0.00630	0.00181	0.00828	0.00734	0.00424	0.00688
18	0.01014	0.00820	0.01188	0.01137	0.01223	0.01010	0.00891	0.01213	0.01023	0.01494	0.01589	0.02445	0.01524	0.09008	0.56651	0.00872	0.15286	0.00686	0.00338	0.00588
19	0.01599	0.01535	0.02623	0.03966	0.73262	0.01535	0.01983	0.01983	0.01471	0.02111	0.01215	0.01599	0.01023	0.00576	0.00640	0.00192	0.00768	0.00576	0.00320	0.01023
20	0.01467	0.21262	0.53843	0.01635	0.02473	0.01734	0.02017	0.02065	0.01372	0.04891	0.01154	0.01319	0.00853	0.00607	0.00567	0.00188	0.00874	0.00453	0.00296	0.00930
21	0.01041	0.00744	0.01041	0.01190	0.01339	0.00744	0.01041	0.01339	0.01487	0.01934	0.03421	0.07288	0.03719	0.01785	0.00892	0.00297	0.00595	0.68913	0.00595	0.00595
22	0.01550	0.01426	0.01377	0.01272	0.01598	0.08950	0.00994	0.02890	0.50916	0.02416	0.02934	0.03137	0.09214	0.01019	0.00683	0.00221	0.00568	0.07315	0.00612	0.00905
23	0.01969	0.01082	0.01239	0.01041	0.01387	0.06322	0.00823	0.02301	0.05411	0.35572	0.23629	0.03363	0.10987	0.01042	0.00691	0.00201	0.00496	0.00870	0.00709	0.00862
24	0.00864	0.00653	0.00798	0.00774	0.00937	0.00586	0.00576	0.01117	0.01691	0.02293	0.49797	0.09827	0.24816	0.01455	0.00767	0.00211	0.00316	0.01266	0.00673	0.00586
25	0.01727	0.77681	0.03386	0.01106	0.01658	0.02557	0.01106	0.01935	0.01313	0.01520	0.00898	0.01036	0.00829	0.00553	0.00415	0.00138	0.00691	0.00345	0.00276	0.00829
26	0.01304	0.01125	0.01317	0.00963	0.01493	0.00880	0.00770	0.01578	0.01336	0.02062	0.01499	0.01669	0.05769	0.00579	0.00556	0.00111	0.03155	0.00455	0.00394	0.72987
27	0.01086	0.00867	0.01039	0.01155	0.01299	0.05646	0.00962	0.01347	0.01491	0.01903	0.07207	0.17569	0.03746	0.01721	0.00854	0.00278	0.00582	0.50069	0.00585	0.00595
28	0.01468	0.24036	0.47230	0.01575	0.02361	0.01791	0.01893	0.05884	0.01462	0.02034	0.03883	0.01417	0.01041	0.00633	0.00565	0.00185	0.00842	0.00473	0.00312	0.00914
29	0.01783	0.27400	0.29608	0.01404	0.02073	0.01758	0.01544	0.07384	0.01538	0.14136	0.01376	0.01536	0.01042	0.03969	0.00672	0.00199	0.00766	0.00491	0.00397	0.00924
30	0.00926	0.00657	0.00807	0.00877	0.00993	0.00609	0.00615	0.04036	0.01401	0.04123	0.05773	0.53832	0.19289	0.01828	0.00796	0.00246	0.00383	0.01623	0.00611	0.00575
31	0.33431	0.01813	0.01518	0.03490	0.07911	0.24365	0.03515	0.02139	0.03219	0.05336	0.01418	0.03924	0.04015	0.00723	0.00544	0.00193	0.00754	0.00524	0.00405	0.00763
32	0.05680	0.09068	0.06050	0.01726	0.07121	0.45965	0.01318	0.08848	0.04868	0.01979	0.01133	0.01282	0.00914	0.00663	0.00575	0.00174	0.00984	0.00451	0.00370	0.00830

[dist]
# distance from previous block
# <min> <max>
0	4

[block]
# block no. 5 follows, 34 sequences, length 108
# corresponding to MSA columns:
# 274-381
name=unknown_F
#
# <colnr> <probs for GDERKNQSTAVLIFYWHMCP>
#	G	D	E	R	K	N	Q	S	T	A	V	L	I	F	Y	W	H	M	C	P
0	0.06509	0.01789	0.02336	0.03189	0.51143	0.13215	0.01721	0.08437	0.01651	0.02253	0.01193	0.01494	0.00981	0.00610	0.00617	0.00189	0.00810	0.00538	0.00357	0.00968
