[name]
unknown

[dist]
# distance from previous block
# <min> <max>
0	0

[block]
# block no. 0 follows, 30 sequences, length 171
# corresponding to MSA columns:
# 0-96,102-175
name=unknown_A
#
# <colnr> <probs for GDERKNQSTAVLIFYWHMCP>
#	G	D	E	R	K	N	Q	S	T	A	V	L	I	F	Y	W	H	M	C	P
0	0.01124	0.00803	0.01124	0.01285	0.01446	0.00803	0.01124	0.01446	0.01606	0.02088	0.03695	0.07871	0.04016	0.01928	0.00964	0.00321	0.00643	0.66426	0.00643	0.00643
1	0.02653	0.01955	0.02094	0.01606	0.02164	0.02164	0.01326	0.68796	0.03281	0.04398	0.01675	0.01675	0.01187	0.00838	0.00698	0.00209	0.00768	0.00628	0.00698	0.01187
2	0.01732	0.01269	0.01502	0.01449	0.05108	0.01353	0.01085	0.17037	0.19912	0.07759	0.05048	0.17081	0.04737	0.01316	0.00783	0.00248	0.00589	0.10382	0.00679	0.00931
3	0.01015	0.00677	0.00761	0.00761	0.00761	0.00677	0.00423	0.01015	0.01015	0.01353	0.02199	0.04567	0.02537	0.75476	0.03552	0.00677	0.00677	0.01015	0.00423	0.00423
4	0.02280	0.02571	0.04291	0.01678	0.02047	0.41208	0.01326	0.02929	0.18684	0.06598	0.01615	0.01698	0.01259	0.00831	0.00814	0.00210	0.08011	0.00568	0.00472	0.00910
5	0.03131	0.01188	0.01619	0.01242	0.01781	0.01026	0.01026	0.03401	0.01997	0.71606	0.02753	0.02375	0.01727	0.00864	0.00702	0.00216	0.00594	0.00702	0.00864	0.01188
6	0.00847	0.00619	0.00798	0.00941	0.01004	0.00569	0.00634	0.00975	0.01366	0.01793	0.04220	0.67088	0.12306	0.02138	0.00883	0.00278	0.00399	0.01924	0.00648	0.00569
7	0.02607	0.03326	0.01978	0.01798	0.02157	0.72674	0.01348	0.02787	0.01978	0.01708	0.01079	0.01258	0.00899	0.00719	0.00629	0.00180	0.01258	0.00449	0.00360	0.00809
8	0.01362	0.01015	0.01267	0.01149	0.01349	0.01036	0.04149	0.16982	0.01772	0.02371	0.06771	0.29237	0.05875	0.20602	0.01521	0.00359	0.00592	0.01296	0.00594	0.00700
9	0.02237	0.08408	0.01969	0.01490	0.01958	0.10949	0.01204	0.22814	0.30178	0.08307	0.02097	0.02007	0.01553	0.00848	0.00672	0.00212	0.00727	0.00654	0.00637	0.01079
10	0.01545	0.01252	0.01388	0.01124	0.01570	0.03309	0.00880	0.08696	0.06372	0.05358	0.02527	0.11793	0.10515	0.00995	0.00696	0.00176	0.02518	0.00819	0.00538	0.37929
11	0.01719	0.24668	0.10128	0.01859	0.02326	0.06804	0.14939	0.02113	0.03775	0.01879	0.01144	0.01488	0.00976	0.00804	0.01102	0.00224	0.22274	0.00567	0.00329	0.00882
12	0.11736	0.43466	0.24948	0.01411	0.02124	0.02247	0.01577	0.02123	0.01406	0.02012	0.01060	0.01233	0.00874	0.00624	0.00514	0.00181	0.00810	0.00419	0.00314	0.00921
13	0.01954	0.08406	0.42280	0.01711	0.02522	0.06215	0.01957	0.02585	0.04001	0.19342	0.01646	0.01695	0.01138	0.00721	0.00656	0.00212	0.00900	0.00556	0.00454	0.01048
14	0.01419	0.01818	0.18138	0.01918	0.02463	0.01315	0.24764	0.04828	0.01627	0.04601	0.06694	0.22565	0.02412	0.01130	0.00796	0.00243	0.00833	0.01096	0.00483	0.00857
15	0.01107	0.08357	0.01611	0.01268	0.01481	0.01010	0.10268	0.01338	0.01419	0.01907	0.10652	0.36488	0.03502	0.05776	0.10123	0.00382	0.00739	0.01369	0.00539	0.00663
16	0.01419	0.06600	0.69039	0.01956	0.02969	0.01668	0.02521	0.02205	0.01471	0.02186	0.01241	0.01459	0.00884	0.00660	0.00654	0.00218	0.01020	0.00510	0.00295	0.01026
17	0.02810	0.01307	0.04127	0.01263	0.01790	0.01123	0.01071	0.09692	0.02088	0.55810	0.06191	0.02609	0.04975	0.00922	0.00712	0.00217	0.00603	0.00750	0.00812	0.01129
18	0.01456	0.07036	0.61533	0.02179	0.09776	0.01682	0.02465	0.02197	0.01482	0.02188	0.01244	0.01481	0.00907	0.00656	0.00655	0.00216	0.00997	0.00519	0.00300	0.01032
19	0.05429	0.10295	0.46580	0.01912	0.02729	0.01757	0.09371	0.02124	0.01457	0.02180	0.03362	0.01586	0.01077	0.00714	0.00777	0.00222	0.06584	0.00558	0.00324	0.00962
20	0.01496	0.01482	0.02079	0.01791	0.01798	0.02065	0.01489	0.01654	0.01072	0.01676	0.00971	0.01597	0.00964	0.01452	0.06343	0.00352	0.70036	0.00619	0.00309	0.00755
21	0.02583	0.01920	0.02055	0.01592	0.02138	0.02132	0.01310	0.63855	0.08335	0.04286	0.01764	0.01746	0.01258	0.00846	0.00699	0.00211	0.00752	0.00640	0.00699	0.01180
22	0.01318	0.01240	0.02093	0.73798	0.04806	0.01550	0.01938	0.01783	0.01395	0.01783	0.01240	0.01860	0.00930	0.00698	0.00698	0.00233	0.00930	0.00620	0.00310	0.00775
23	0.01400	0.03610	0.71860	0.01989	0.03020	0.01621	0.02578	0.02210	0.01473	0.02210	0.01252	0.01473	0.00884	0.00663	0.00663	0.00221	0.01031	0.00516	0.00295	0.01031
24	0.00954	0.00685	0.00884	0.01008	0.01078	0.00659	0.00687	0.04875	0.01448	0.01932	0.03721	0.70799	0.04418	0.02109	0.00880	0.00279	0.00426	0.01906	0.00651	0.00602
25	0.01632	0.01989	0.08294	0.02882	0.03608	0.01756	0.64519	0.02234	0.01636	0.02234	0.01402	0.01857	0.01048	0.00593	0.00814	0.00234	0.01168	0.00805	0.00349	0.00947
26	0.00904	0.00710	0.00816	0.00790	0.00991	0.00623	0.00592	0.01154	0.01777	0.02327	0.37859	0.05989	0.39775	0.01603	0.00824	0.00228	0.00342	0.01371	0.00706	0.00623
27	0.01418	0.03478	0.66718	0.02061	0.03068	0.01632	0.07589	0.02212	0.01486	0.02212	0.01264	0.01504	0.00897	0.00657	0.00675	0.00222	0.01042	0.00539	0.00299	0.01024
28	0.01431	0.03389	0.63219	0.02110	0.03100	0.01639	0.10998	0.02213	0.01495	0.02213	0.01273	0.01525	0.00906	0.00653	0.00683	0.00223	0.01050	0.00555	0.00302	0.01020
29	0.15377	0.01660	0.01701	0.01349	0.01827	0.01839	0.01106	0.47682	0.02662	0.03919	0.01648	0.01723	0.01205	0.00802	0.00622	0.00204	0.00664	0.00590	0.12384	0.01035
30	0.01176	0.00810	0.00921	0.00868	0.00939	0.00833	0.00547	0.07827	0.01302	0.01753	0.06077	0.04233	0.02599	0.60603	0.06200	0.00623	0.00719	0.00978	0.00468	0.00522
31	0.01691	0.01992	0.11070	0.17031	0.39454	0.08615	0.05902	0.02150	0.01579	0.02117	0.01274	0.01685	0.01022	0.00649	0.00690	0.00213	0.00935	0.00603	0.00334	0.00994
32	0.00948	0.00768	0.00850	0.00828	0.01046	0.00701	0.00620	0.01312	0.07121	0.02244	0.26189	0.08850	0.42778	0.01615	0.00818	0.00233	0.00364	0.01375	0.00690	0.00650
33	0.00988	0.00689	0.00874	0.00895	0.00937	0.00721	0.00585	0.01078	0.01088	0.01487	0.02311	0.13011	0.02566	0.45240	0.23778	0.00759	0.00997	0.01059	0.00437	0.00501
34	0.01628	0.02013	0.09260	0.02869	0.03599	0.01754	0.63577	0.02233	0.01634	0.02233	0.01400	0.01851	0.01046	0.00594	0.00811	0.00234	0.01165	0.00800	0.00349	0.00948
35	0.07654	0.18955	0.07716	0.01589	0.04849	0.07863	0.03891	0.20114	0.07999	0.02715	0.01675	0.08892	0.01459	0.00871	0.00638	0.00205	0.00771	0.00685	0.00496	0.00963
36	0.03131	0.01188	0.01619	0.01242	0.01781	0.01026	0.01026	0.03401	0.01997	0.71606	0.02753	0.02375	0.01727	0.00864	0.00702	0.00216	0.00594	0.00702	0.00864	0.01188
37	0.00850	0.00607	0.00810	0.00972	0.01012	0.00567	0.00648	0.00972	0.01336	0.01781	0.03846	0.75020	0.04615	0.02186	0.00891	0.00283	0.00405	0.01984	0.00648	0.00567
38	0.01051	0.00841	0.01138	0.01180	0.05183	0.00805	0.04112	0.03751	0.01493	0.01959	0.09246	0.22566	0.22271	0.14080	0.06776	0.00384	0.00618	0.01341	0.00569	0.00634
39	0.01602	0.16572	0.09783	0.01768	0.02169	0.01921	0.13554	0.07101	0.01482	0.02035	0.01454	0.08646	0.01388	0.04707	0.01294	0.00262	0.22290	0.00744	0.00381	0.00847
40	0.00883	0.00631	0.00846	0.00998	0.01056	0.00594	0.00695	0.01033	0.01390	0.01855	0.06695	0.65441	0.04641	0.02128	0.00895	0.00284	0.00425	0.08279	0.00652	0.00578
41	0.01809	0.01831	0.02696	0.07478	0.59790	0.09900	0.02039	0.02199	0.01624	0.02188	0.01282	0.01679	0.01073	0.00637	0.00684	0.00205	0.00884	0.00602	0.00345	0.01054
42	0.02439	0.01924	0.13075	0.01426	0.01953	0.13845	0.01289	0.05418	0.01893	0.35670	0.06100	0.05023	0.01843	0.03917	0.00812	0.00232	0.00771	0.00717	0.00643	0.01010
43	0.01754	0.05048	0.02741	0.10620	0.57031	0.06491	0.02026	0.02149	0.01589	0.02165	0.01275	0.01681	0.01065	0.00634	0.00676	0.00205	0.00864	0.00599	0.00341	0.01044
44	0.01555	0.15243	0.02578	0.43019	0.15115	0.04845	0.04350	0.01960	0.01466	0.01853	0.01202	0.01676	0.00956	0.00663	0.00652	0.00211	0.00903	0.00575	0.00318	0.00860
45	0.01011	0.00691	0.00836	0.00836	0.00862	0.00717	0.00516	0.01063	0.01037	0.01409	0.02130	0.04186	0.02372	0.60843	0.17958	0.00769	0.00925	0.00959	0.00413	0.00465
46	0.01689	0.25909	0.31847	0.03607	0.04181	0.01945	0.05441	0.05065	0.03429	0.05312	0.04408	0.01647	0.01243	0.00696	0.00617	0.00199	0.00866	0.00547	0.00376	0.00978
47	0.06245	0.21430	0.24413	0.02267	0.16583	0.03993	0.08536	0.04929	0.01573	0.02210	0.01204	0.01458	0.00955	0.00638	0.00617	0.00199	0.00898	0.00526	0.00338	0.00987
48	0.03014	0.01375	0.01735	0.01330	0.01875	0.01303	0.01099	0.19337	0.02310	0.55228	0.02490	0.02205	0.01596	0.00857	0.00701	0.00214	0.00636	0.00684	0.00823	0.01187
49	0.01830	0.31616	0.20047	0.04930	0.09230	0.10904	0.01703	0.05523	0.01596	0.02000	0.01132	0.01361	0.00931	0.00673	0.00647	0.00190	0.03936	0.00476	0.00331	0.00943
50	0.01917	0.08369	0.24133	0.01479	0.02094	0.03561	0.01512	0.11050	0.04491	0.16916	0.06787	0.08110	0.04649	0.00954	0.00694	0.00217	0.00744	0.00773	0.00559	0.00989
51	0.01717	0.01559	0.02401	0.03362	0.49766	0.01609	0.01789	0.05335	0.14008	0.02483	0.01749	0.04950	0.01467	0.00763	0.00695	0.00214	0.00738	0.00710	0.03618	0.01068
52	0.01015	0.00677	0.00761	0.00761	0.00761	0.00677	0.00423	0.01015	0.01015	0.01353	0.02199	0.04567	0.02537	0.75476	0.03552	0.00677	0.00677	0.01015	0.00423	0.00423
53	0.01688	0.11367	0.27571	0.02497	0.17680	0.09582	0.13060	0.02221	0.01592	0.02125	0.03400	0.01647	0.01141	0.00664	0.00671	0.00207	0.00981	0.00589	0.00338	0.00980
54	0.01506	0.08950	0.42216	0.06817	0.07904	0.01693	0.09293	0.04949	0.01560	0.02211	0.01417	0.05773	0.01151	0.00744	0.00681	0.00219	0.00954	0.00641	0.00344	0.00979
55	0.00850	0.00607	0.00810	0.00972	0.01012	0.00567	0.00648	0.00972	0.01336	0.01781	0.03846	0.75020	0.04615	0.02186	0.00891	0.00283	0.00405	0.01984	0.00648	0.00567
56	0.01005	0.00672	0.00764	0.00774	0.00777	0.00670	0.00437	0.01012	0.01035	0.01379	0.02300	0.08910	0.02665	0.70958	0.03388	0.00652	0.00660	0.01075	0.00437	0.00432
57	0.02127	0.05283	0.12316	0.02250	0.09812	0.12489	0.17391	0.21682	0.02146	0.05631	0.01444	0.01646	0.01074	0.00706	0.00702	0.00210	0.00972	0.00624	0.00464	0.01031
58	0.00970	0.00794	0.00990	0.05520	0.03993	0.00743	0.00843	0.01207	0.01563	0.01939	0.05363	0.11714	0.41367	0.01731	0.00853	0.00260	0.00487	0.18415	0.00614	0.00633
59	0.01883	0.56983	0.14864	0.01355	0.02011	0.05477	0.01423	0.02205	0.01480	0.05245	0.01111	0.01247	0.00935	0.00627	0.00504	0.00166	0.00808	0.00417	0.00329	0.00929
60	0.00973	0.00713	0.00912	0.00862	0.01033	0.00652	0.00647	0.01288	0.01941	0.02716	0.65002	0.05348	0.12389	0.01457	0.00823	0.00221	0.00331	0.01281	0.00757	0.00652
61	0.00863	0.00676	0.00783	0.00842	0.00998	0.00597	0.00609	0.01041	0.01540	0.01950	0.12339	0.30864	0.38025	0.01887	0.00854	0.00254	0.00381	0.04245	0.00660	0.00590
62	0.01648	0.01560	0.02643	0.08504	0.61353	0.01578	0.02031	0.02059	0.01592	0.02259	0.04003	0.02120	0.01419	0.00711	0.00708	0.00214	0.00809	0.03367	0.00371	0.01048
63	0.01531	0.01238	0.01456	0.01044	0.01660	0.00935	0.00837	0.01839	0.01475	0.05748	0.01316	0.01494	0.01068	0.00534	0.00526	0.00109	0.00521	0.00428	0.00436	0.75805
64	0.02096	0.53300	0.03134	0.01382	0.01905	0.24530	0.01242	0.02307	0.01592	0.01662	0.01004	0.01163	0.00897	0.00635	0.00504	0.00159	0.00906	0.00397	0.00318	0.00869
65	0.01606	0.01555	0.02678	0.22222	0.46502	0.01660	0.05860	0.02030	0.01516	0.02118	0.01280	0.01761	0.01048	0.00670	0.00780	0.00220	0.04535	0.00632	0.00335	0.00993
66	0.01212	0.00606	0.00909	0.00909	0.00909	0.00606	0.00606	0.00909	0.00909	0.01212	0.01212	0.02121	0.01212	0.02424	0.02727	0.79697	0.00606	0.00606	0.00303	0.00303
67	0.80405	0.01350	0.01026	0.00918	0.01350	0.01565	0.00756	0.02051	0.01188	0.03131	0.00972	0.01134	0.00756	0.00648	0.00432	0.00216	0.00540	0.00378	0.00432	0.00756
68	0.01175	0.00960	0.01212	0.01159	0.01328	0.04040	0.05397	0.05763	0.01559	0.02036	0.09266	0.29251	0.08674	0.14363	0.03557	0.00358	0.00626	0.08055	0.00581	0.00640
69	0.00997	0.00748	0.01121	0.01121	0.01246	0.00872	0.00872	0.01246	0.01121	0.01620	0.01869	0.02741	0.01745	0.05234	0.72710	0.01121	0.01869	0.00748	0.00374	0.00623
70	0.01542	0.01669	0.09360	0.27821	0.27652	0.01598	0.05288	0.04891	0.04380	0.02174	0.01399	0.01853	0.01105	0.00958	0.05138	0.00277	0.00952	0.00636	0.00360	0.00948
71	0.01395	0.01284	0.01454	0.01347	0.01498	0.10326	0.01056	0.05398	0.01340	0.01788	0.01600	0.02361	0.01493	0.07194	0.43083	0.00778	0.14839	0.00691	0.00381	0.00695
72	0.02347	0.01781	0.02041	0.08890	0.05432	0.01977	0.01377	0.52756	0.05480	0.03894	0.05636	0.01935	0.01504	0.00852	0.00705	0.00213	0.00753	0.00670	0.00648	0.01108
73	0.02544	0.01901	0.02033	0.01584	0.02123	0.02113	0.01300	0.61112	0.11141	0.04223	0.01813	0.01785	0.01298	0.00851	0.00699	0.00213	0.00742	0.00647	0.00699	0.01177
74	0.01542	0.01210	0.01428	0.01054	0.01626	0.00953	0.00841	0.01925	0.04580	0.07099	0.06413	0.01833	0.01529	0.00625	0.00560	0.00125	0.00510	0.00511	0.00483	0.65150
75	0.01574	0.01353	0.01426	0.01295	0.01657	0.01526	0.01003	0.03220	0.57237	0.02765	0.06209	0.03304	0.12243	0.01085	0.00731	0.00236	0.00514	0.00907	0.00703	0.01012
76	0.00850	0.00607	0.00810	0.00972	0.01012	0.00567	0.00648	0.00972	0.01336	0.01781	0.03846	0.75020	0.04615	0.02186	0.00891	0.00283	0.00405	0.01984	0.00648	0.00567
77	0.01965	0.58070	0.08040	0.01356	0.01940	0.15076	0.01316	0.02221	0.01521	0.01692	0.01009	0.01168	0.00895	0.00623	0.00495	0.00160	0.00857	0.00396	0.00309	0.00890
78	0.02282	0.02003	0.02036	0.14546	0.05204	0.15008	0.01436	0.38739	0.02543	0.03224	0.01582	0.05292	0.01256	0.00850	0.00695	0.00212	0.00872	0.00661	0.00550	0.01010
79	0.00850	0.00607	0.00810	0.00972	0.01012	0.00567	0.00648	0.00972	0.01336	0.01781	0.03846	0.75020	0.04615	0.02186	0.00891	0.00283	0.00405	0.01984	0.00648	0.00567
80	0.01318	0.01240	0.02093	0.73798	0.04806	0.01550	0.01938	0.01783	0.01395	0.01783	0.01240	0.01860	0.00930	0.00698	0.00698	0.00233	0.00930	0.00620	0.00310	0.00775
81	0.00997	0.00748	0.01121	0.01121	0.01246	0.00872	0.00872	0.01246	0.01121	0.01620	0.01869	0.02741	0.01745	0.05234	0.72710	0.01121	0.01869	0.00748	0.00374	0.00623
82	0.00850	0.00607	0.00810	0.00972	0.01012	0.00567	0.00648	0.00972	0.01336	0.01781	0.03846	0.75020	0.04615	0.02186	0.00891	0.00283	0.00405	0.01984	0.00648	0.00567
83	0.05823	0.01218	0.01504	0.01200	0.01674	0.01162	0.00978	0.08231	0.09094	0.47647	0.02546	0.02324	0.01696	0.00855	0.00664	0.00211	0.00567	0.00686	0.10829	0.01093
84	0.01051	0.00810	0.01158	0.01129	0.01220	0.00960	0.00859	0.01248	0.01098	0.01581	0.01834	0.02934	0.01799	0.16715	0.54291	0.00968	0.08588	0.00780	0.00376	0.00603
85	0.01318	0.01240	0.02093	0.73798	0.04806	0.01550	0.01938	0.01783	0.01395	0.01783	0.01240	0.01860	0.00930	0.00698	0.00698	0.00233	0.00930	0.00620	0.00310	0.00775
86	0.02607	0.03326	0.01978	0.01798	0.02157	0.72674	0.01348	0.02787	0.01978	0.01708	0.01079	0.01258	0.00899	0.00719	0.00629	0.00180	0.01258	0.00449	0.00360	0.00809
87	0.01323	0.01248	0.02094	0.71898	0.04728	0.01566	0.01927	0.01780	0.01387	0.01780	0.01232	0.01852	0.00930	0.00712	0.00740	0.00234	0.02865	0.00620	0.00310	0.00775
88	0.80405	0.01350	0.01026	0.00918	0.01350	0.01565	0.00756	0.02051	0.01188	0.03131	0.00972	0.01134	0.00756	0.00648	0.00432	0.00216	0.00540	0.00378	0.00432	0.00756
89	0.01012	0.00757	0.00967	0.01038	0.01221	0.00713	0.00861	0.01294	0.01678	0.02178	0.18527	0.06996	0.23356	0.01779	0.00896	0.00276	0.00496	0.34654	0.00670	0.00631
90	0.00989	0.00706	0.00951	0.00968	0.01036	0.00766	0.00677	0.01130	0.01102	0.01533	0.02194	0.10680	0.02337	0.31988	0.38879	0.00866	0.01263	0.00974	0.00420	0.00540
91	0.01055	0.00828	0.01215	0.01182	0.01288	0.01000	0.00923	0.01283	0.01111	0.01615	0.01781	0.02689	0.01689	0.07809	0.62182	0.01015	0.09591	0.00744	0.00369	0.00630
92	0.01079	0.00839	0.01209	0.01170	0.01273	0.01012	0.00912	0.01305	0.01124	0.01657	0.01785	0.02685	0.01686	0.08564	0.56468	0.00948	0.10956	0.00741	0.03954	0.00631
93	0.01734	0.01499	0.02370	0.09768	0.05542	0.01560	0.20351	0.14494	0.12512	0.05457	0.06015	0.11488	0.02035	0.00966	0.00767	0.00234	0.00792	0.00920	0.00549	0.00947
94	0.01040	0.00768	0.01097	0.01090	0.01209	0.00880	0.00827	0.01319	0.04174	0.01635	0.01919	0.02892	0.01819	0.11946	0.59741	0.04228	0.01640	0.00770	0.00391	0.00612
95	0.00949	0.00657	0.00847	0.00934	0.01036	0.00601	0.00649	0.01118	0.01498	0.04350	0.15758	0.52671	0.12410	0.01962	0.00865	0.00265	0.00392	0.01757	0.00676	0.00606
96	0.01426	0.01630	0.11127	0.05823	0.16262	0.01360	0.15423	0.05685	0.03509	0.02285	0.05546	0.08183	0.13986	0.01043	0.00770	0.00232	0.00779	0.03574	0.00473	0.00884
97	0.01854	0.29554	0.27967	0.01681	0.04329	0.07290	0.01753	0.07725	0.01649	0.05227	0.01226	0.01395	0.00960	0.00689	0.00657	0.00194	0.04029	0.00484	0.00361	0.00976
98	0.02184	0.02722	0.05579	0.07241	0.09836	0.45738	0.01549	0.02440	0.01734	0.01795	0.01124	0.01433	0.00946	0.00878	0.02626	0.00227	0.10252	0.00511	0.00345	0.00840
99	0.01298	0.01122	0.04288	0.03677	0.01597	0.03949	0.02973	0.03278	0.01305	0.05238	0.01896	0.05244	0.01783	0.09269	0.41409	0.00772	0.06975	0.02814	0.00417	0.00698
100	0.04543	0.12194	0.23910	0.05005	0.06928	0.01868	0.01718	0.19435	0.06885	0.08642	0.01559	0.01658	0.01137	0.00735	0.00646	0.00209	0.00820	0.00568	0.00485	0.01056
101	0.01980	0.05315	0.11046	0.05486	0.12266	0.10846	0.05978	0.16895	0.17949	0.02749	0.01699	0.01820	0.01288	0.00762	0.00684	0.00213	0.00855	0.00630	0.00499	0.01040
102	0.00972	0.00698	0.00948	0.01104	0.01204	0.00674	0.00858	0.01185	0.01466	0.01923	0.03884	0.42636	0.06530	0.02056	0.00921	0.00299	0.00510	0.30885	0.00645	0.00602
103	0.01936	0.22493	0.31457	0.01665	0.02404	0.11044	0.01801	0.12231	0.01814	0.05191	0.01280	0.01419	0.00969	0.00687	0.00608	0.00195	0.00927	0.00494	0.00388	0.00996
104	0.02143	0.04806	0.02009	0.04414	0.09458	0.01738	0.01283	0.29450	0.12439	0.08151	0.01760	0.01810	0.01307	0.00757	0.00655	0.00192	0.00688	0.00606	0.00589	0.15744
105	0.06915	0.23276	0.08868	0.01821	0.02418	0.01978	0.21626	0.07122	0.01618	0.02271	0.03858	0.01632	0.01186	0.00690	0.00743	0.00200	0.05896	0.00594	0.00381	0.06905
106	0.04224	0.49909	0.21869	0.01435	0.02130	0.06440	0.01563	0.02161	0.01458	0.01845	0.01053	0.01223	0.00888	0.00623	0.00516	0.00172	0.00846	0.00416	0.00305	0.00923
107	0.00863	0.00696	0.00769	0.00778	0.00973	0.00601	0.00573	0.01066	0.01641	0.02069	0.20397	0.15104	0.48530	0.01747	0.00833	0.00238	0.00355	0.01492	0.00674	0.00601
108	0.01100	0.00740	0.00958	0.00888	0.01079	0.00675	0.00671	0.01416	0.01952	0.06699	0.62700	0.05147	0.10482	0.01416	0.00816	0.00220	0.00346	0.01243	0.00766	0.00684
109	0.01993	0.28764	0.17613	0.01588	0.02162	0.28605	0.01532	0.02328	0.01623	0.01788	0.01123	0.01341	0.00943	0.00924	0.04721	0.00232	0.01064	0.00454	0.00325	0.00877
110	0.01346	0.03980	0.01238	0.01103	0.01295	0.10257	0.00853	0.01661	0.04416	0.01915	0.02195	0.02750	0.06271	0.05789	0.31451	0.00606	0.03664	0.00730	0.17800	0.00679
111	0.01004	0.00852	0.00884	0.00851	0.01109	0.00803	0.00645	0.01520	0.14040	0.02149	0.11559	0.05844	0.53036	0.01590	0.00804	0.00234	0.00388	0.01331	0.00669	0.00689
112	0.00848	0.00616	0.00800	0.00948	0.01006	0.00569	0.00637	0.00974	0.01359	0.01791	0.04138	0.68837	0.10610	0.02148	0.00885	0.00279	0.00400	0.01938	0.00648	0.00569
113	0.01694	0.01642	0.02856	0.08977	0.62687	0.01657	0.05952	0.02122	0.01579	0.02243	0.01313	0.01745	0.01091	0.00625	0.00699	0.00211	0.00856	0.00633	0.00343	0.01073
114	0.01574	0.00980	0.01205	0.01059	0.01350	0.00962	0.00823	0.04233	0.13897	0.15942	0.41678	0.04154	0.06802	0.01228	0.00776	0.00222	0.00433	0.01060	0.00770	0.00852
115	0.00955	0.00698	0.00899	0.00896	0.01046	0.00643	0.00665	0.01235	0.01815	0.02511	0.50632	0.17447	0.11953	0.01609	0.00841	0.00236	0.00358	0.04194	0.00731	0.00636
116	0.01426	0.07770	0.67935	0.01943	0.02950	0.01686	0.02499	0.02203	0.01470	0.02177	0.01236	0.01453	0.00885	0.00659	0.00651	0.00217	0.01015	0.00507	0.00295	0.01023
117	0.02212	0.15770	0.02164	0.01580	0.01918	0.44360	0.01257	0.02410	0.01715	0.01782	0.01159	0.01401	0.00989	0.00768	0.00786	0.00188	0.10014	0.00476	0.08249	0.00803
118	0.00850	0.00607	0.00810	0.00972	0.01012	0.00567	0.00648	0.00972	0.01336	0.01781	0.03846	0.75020	0.04615	0.02186	0.00891	0.00283	0.00405	0.01984	0.00648	0.00567
119	0.00938	0.00699	0.00880	0.00943	0.01068	0.00657	0.00680	0.01214	0.04330	0.02156	0.23757	0.38283	0.14371	0.01841	0.00859	0.00258	0.00395	0.05362	0.00685	0.00623
120	0.01492	0.13583	0.55021	0.01979	0.02915	0.01796	0.09453	0.02196	0.01484	0.02133	0.01230	0.01467	0.00904	0.00646	0.00650	0.00212	0.01007	0.00529	0.00301	0.01003
121	0.02820	0.01686	0.01928	0.01478	0.02030	0.01765	0.01221	0.45876	0.02831	0.27954	0.02053	0.01921	0.01376	0.00847	0.00699	0.00212	0.00707	0.00654	0.00756	0.01187
122	0.00874	0.00685	0.00798	0.00876	0.01034	0.00610	0.00650	0.01050	0.01504	0.01876	0.05499	0.30595	0.38915	0.01934	0.00866	0.00264	0.00410	0.10323	0.00647	0.00588
123	0.01647	0.01882	0.04118	0.02941	0.03647	0.01765	0.68588	0.02235	0.01647	0.02235	0.01412	0.01882	0.01059	0.00588	0.00824	0.00235	0.01176	0.00824	0.00353	0.00941
124	0.01527	0.01527	0.02137	0.01832	0.01832	0.02137	0.01527	0.01679	0.01069	0.01679	0.00916	0.01527	0.00916	0.01221	0.02290	0.00305	0.74198	0.00611	0.00305	0.00763
125	0.19601	0.07487	0.01941	0.01416	0.01927	0.06385	0.01175	0.43260	0.02566	0.03703	0.03235	0.01581	0.01193	0.00786	0.00620	0.00205	0.00735	0.00560	0.00590	0.01033
126	0.01644	0.38683	0.32907	0.01552	0.02306	0.04348	0.01780	0.02121	0.01444	0.01888	0.01140	0.01358	0.00933	0.00862	0.04167	0.00230	0.00941	0.00456	0.00303	0.00938
127	0.17072	0.01193	0.01413	0.01117	0.01605	0.01120	0.00915	0.05201	0.01796	0.44060	0.02220	0.02074	0.01482	0.00791	0.00615	0.00202	0.00556	0.00612	0.08941	0.07015
128	0.01866	0.75896	0.03657	0.01194	0.01791	0.02761	0.01194	0.02090	0.01418	0.01642	0.00970	0.01119	0.00896	0.00597	0.00448	0.00149	0.00746	0.00373	0.00299	0.00896
129	0.01998	0.01504	0.01527	0.01265	0.01653	0.06112	0.00993	0.30204	0.07717	0.08596	0.03089	0.03274	0.17031	0.10569	0.01087	0.00276	0.00664	0.00873	0.00644	0.00924
130	0.05713	0.01417	0.01626	0.01346	0.01806	0.01489	0.01087	0.15810	0.25611	0.27031	0.05293	0.02563	0.01994	0.00936	0.00706	0.00225	0.00601	0.02894	0.00749	0.01101
131	0.00983	0.00713	0.00926	0.00873	0.01040	0.00656	0.00655	0.01308	0.01964	0.02772	0.68887	0.05257	0.08469	0.01437	0.00823	0.00220	0.00330	0.01268	0.00765	0.00656
132	0.01720	0.01462	0.01538	0.01371	0.01764	0.01666	0.01070	0.07943	0.59417	0.02932	0.03124	0.02894	0.07978	0.01010	0.00719	0.00235	0.00550	0.00837	0.00704	0.01066
133	0.05746	0.12721	0.14106	0.13849	0.07014	0.11702	0.03451	0.05123	0.05515	0.04991	0.01318	0.01584	0.01031	0.00750	0.00797	0.00215	0.08239	0.00549	0.00384	0.00917
134	0.00855	0.00615	0.00811	0.00960	0.01011	0.00571	0.00645	0.00987	0.01370	0.01826	0.06664	0.70049	0.06767	0.02142	0.00886	0.00279	0.00400	0.01939	0.00653	0.00571
135	0.00850	0.00607	0.00810	0.00972	0.01012	0.00567	0.00648	0.00972	0.01336	0.01781	0.03846	0.75020	0.04615	0.02186	0.00891	0.00283	0.00405	0.01984	0.00648	0.00567
136	0.01168	0.00879	0.01020	0.01032	0.01189	0.03740	0.00747	0.01534	0.08160	0.05476	0.17784	0.32545	0.08223	0.05021	0.07814	0.00351	0.00595	0.01399	0.00643	0.00680
137	0.01706	0.11053	0.07965	0.11610	0.09440	0.06450	0.31216	0.02183	0.01600	0.04234	0.01450	0.02017	0.01173	0.00696	0.00728	0.00221	0.01011	0.03961	0.00367	0.00920
138	0.03500	0.00766	0.00799	0.00785	0.01016	0.00683	0.00589	0.03514	0.01660	0.02106	0.13252	0.11376	0.54136	0.01693	0.00812	0.00236	0.00376	0.01423	0.00656	0.00622
139	0.01015	0.00677	0.00761	0.00761	0.00761	0.00677	0.00423	0.01015	0.01015	0.01353	0.02199	0.04567	0.02537	0.75476	0.03552	0.00677	0.00677	0.01015	0.00423	0.00423
140	0.03819	0.08939	0.02225	0.19789	0.16570	0.01542	0.05620	0.07389	0.01612	0.07161	0.01580	0.02228	0.01316	0.00949	0.00885	0.08173	0.00783	0.05124	0.03429	0.00866
141	0.18724	0.01800	0.01856	0.01450	0.01981	0.01997	0.01197	0.52523	0.02800	0.06698	0.01571	0.01590	0.01118	0.00799	0.00643	0.00211	0.00714	0.00579	0.00649	0.01098
142	0.01012	0.00689	0.00824	0.00824	0.00846	0.00711	0.00502	0.01055	0.01034	0.01400	0.02141	0.04247	0.02398	0.63162	0.15676	0.00755	0.00886	0.00968	0.00414	0.00458
143	0.01848	0.04630	0.02515	0.17989	0.39199	0.17843	0.01885	0.02212	0.01631	0.02024	0.01232	0.01626	0.01015	0.00659	0.00669	0.00204	0.00945	0.00573	0.00340	0.00962
144	0.02562	0.01910	0.02043	0.01587	0.02130	0.02122	0.01304	0.62380	0.09844	0.04252	0.01790	0.01767	0.01280	0.00848	0.00699	0.00212	0.00747	0.00644	0.00699	0.01179
145	0.01745	0.04759	0.02290	0.06296	0.33690	0.01478	0.04256	0.04751	0.06156	0.08741	0.06881	0.04501	0.03764	0.00808	0.00695	0.00206	0.00714	0.00736	0.00482	0.07050
146	0.01630	0.01559	0.02657	0.20800	0.55366	0.01632	0.02093	0.02056	0.01543	0.02162	0.01295	0.01759	0.01064	0.00640	0.00692	0.00213	0.00853	0.00621	0.00337	0.01027
147	0.00850	0.00607	0.00810	0.00972	0.01012	0.00567	0.00648	0.00972	0.01336	0.01781	0.03846	0.75020	0.04615	0.02186	0.00891	0.00283	0.00405	0.01984	0.00648	0.00567
148	0.01630	0.02723	0.36914	0.02397	0.05907	0.01730	0.26978	0.08882	0.01724	0.02441	0.01356	0.01656	0.00988	0.00651	0.00727	0.00225	0.01051	0.00646	0.00359	0.01016
149	0.01318	0.01240	0.02093	0.73798	0.04806	0.01550	0.01938	0.01783	0.01395	0.01783	0.01240	0.01860	0.00930	0.00698	0.00698	0.00233	0.00930	0.00620	0.00310	0.00775
150	0.01187	0.00979	0.05129	0.01139	0.01314	0.00890	0.00894	0.08250	0.03811	0.02033	0.02806	0.37293	0.03082	0.02291	0.09501	0.12160	0.00699	0.05341	0.00551	0.00648
151	0.00872	0.00725	0.00765	0.00760	0.00982	0.00628	0.00568	0.01115	0.03467	0.02031	0.15326	0.09230	0.57672	0.01717	0.00824	0.00235	0.00358	0.01447	0.00666	0.00611
152	0.01079	0.00784	0.00968	0.01039	0.01156	0.00772	0.00728	0.09625	0.01597	0.02120	0.03731	0.62242	0.07496	0.01993	0.00863	0.00272	0.00449	0.01785	0.00654	0.00647
153	0.01400	0.03610	0.71860	0.01989	0.03020	0.01621	0.02578	0.02210	0.01473	0.02210	0.01252	0.01473	0.00884	0.00663	0.00663	0.00221	0.01031	0.00516	0.00295	0.01031
154	0.01025	0.00768	0.01121	0.01114	0.01228	0.00897	0.00860	0.01259	0.01137	0.01656	0.01933	0.05534	0.01851	0.07221	0.61988	0.01005	0.04651	0.00795	0.03337	0.00621
155	0.04463	0.06753	0.66084	0.01912	0.02901	0.01669	0.02446	0.02198	0.01460	0.02220	0.01229	0.01444	0.00880	0.00659	0.00644	0.00218	0.01000	0.00504	0.00300	0.01015
156	0.00958	0.00645	0.00847	0.00971	0.01029	0.00609	0.00658	0.01080	0.01331	0.03915	0.03593	0.59910	0.04226	0.11479	0.01228	0.00334	0.00459	0.05529	0.00625	0.00572
157	0.01722	0.01418	0.01585	0.01507	0.05195	0.01587	0.01107	0.13455	0.43216	0.02948	0.05180	0.13306	0.02461	0.01115	0.00738	0.00237	0.00570	0.00950	0.00683	0.01021
158	0.01632	0.01592	0.02563	0.26322	0.47229	0.04480	0.02045	0.02053	0.01543	0.02099	0.01280	0.01751	0.01041	0.00650	0.00691	0.00214	0.00879	0.00614	0.00335	0.00988
159	0.01911	0.16586	0.16033	0.06342	0.02587	0.09466	0.11061	0.15797	0.01893	0.02461	0.01278	0.01505	0.00989	0.00688	0.00683	0.00197	0.02891	0.00549	0.00403	0.06680
160	0.01649	0.11889	0.29875	0.01550	0.02291	0.04685	0.01660	0.07052	0.08939	0.02365	0.01406	0.01548	0.01079	0.00663	0.00605	0.00181	0.00805	0.00506	0.00401	0.20850
161	0.02160	0.10379	0.19559	0.01745	0.02287	0.44860	0.01610	0.02509	0.01797	0.01876	0.04225	0.01475	0.01149	0.00725	0.00629	0.00189	0.01110	0.00495	0.00356	0.00866
162	0.01445	0.01848	0.14786	0.01821	0.02282	0.05635	0.17764	0.02102	0.12106	0.02137	0.02336	0.18695	0.04967	0.01136	0.00913	0.00247	0.07432	0.01013	0.00474	0.00859
163	0.01353	0.01070	0.01163	0.01133	0.01336	0.03925	0.00844	0.10184	0.12377	0.02259	0.03319	0.24981	0.10345	0.10730	0.01232	0.03595	0.00571	0.08252	0.00610	0.00722
164	0.01134	0.00958	0.01117	0.08330	0.01566	0.04076	0.00859	0.01564	0.10998	0.01970	0.04935	0.40425	0.08950	0.05283	0.00942	0.00273	0.00528	0.01438	0.00592	0.04060
165	0.01233	0.00808	0.01045	0.04295	0.01351	0.00795	0.00799	0.04164	0.04927	0.08922	0.03546	0.49673	0.06534	0.04637	0.00948	0.00284	0.00487	0.04214	0.00651	0.00689
166	0.01144	0.00898	0.01020	0.01074	0.01214	0.03561	0.00770	0.07981	0.04165	0.02132	0.05628	0.52652	0.08817	0.01886	0.00851	0.00266	0.00483	0.04143	0.00647	0.00666
167	0.54038	0.03844	0.04933	0.04397	0.01767	0.01637	0.03426	0.08746	0.03686	0.03011	0.01262	0.04312	0.01030	0.00738	0.00524	0.00218	0.00629	0.00515	0.00457	0.00828
168	0.01451	0.01312	0.02093	0.66572	0.04542	0.01612	0.01877	0.08491	0.01584	0.02045	0.01284	0.01842	0.00956	0.00712	0.00698	0.00230	0.00914	0.00621	0.00349	0.00816
169	0.09897	0.01312	0.01929	0.28831	0.15629	0.01534	0.01568	0.05600	0.01467	0.02156	0.01600	0.12694	0.01511	0.00977	0.00900	0.00242	0.10127	0.00799	0.00402	0.00825
170	0.01821	0.01727	0.04877	0.32128	0.14486	0.09588	0.04725	0.10326	0.01800	0.06941	0.03906	0.01890	0.01248	0.00736	0.00698	0.00218	0.00901	0.00636	0.00424	0.00924

[dist]
# distance from previous block
# <min> <max>
0	2

[block]
# block no. 1 follows, 30 sequences, length 26
# corresponding to MSA columns:
# 178-203
name=unknown_B
#
# <colnr> <probs for GDERKNQSTAVLIFYWHMCP>
#	G	D	E	R	K	N	Q	S	T	A	V	L	I	F	Y	W	H	M	C	P
0	0.13696	0.01261	0.01437	0.01258	0.03837	0.01311	0.00938	0.16615	0.06253	0.19737	0.05176	0.02565	0.01821	0.15056	0.01322	0.04849	0.00633	0.00721	0.00617	0.00896
1	0.00934	0.00713	0.00875	0.00924	0.01088	0.00640	0.00691	0.01146	0.01569	0.02059	0.16485	0.29290	0.24479	0.01813	0.00852	0.00255	0.00415	0.10842	0.00657	0.04273
2	0.00868	0.00615	0.00804	0.00948	0.00984	0.00579	0.00623	0.00976	0.01301	0.01734	0.03665	0.67253	0.04386	0.10266	0.01184	0.00327	0.00435	0.01877	0.00623	0.00551
3	0.01652	0.01501	0.01686	0.01492	0.09387	0.06805	0.01047	0.06452	0.01630	0.02374	0.01265	0.01478	0.01041	0.00566	0.00557	0.00128	0.00627	0.00454	0.00421	0.59434
4	0.05308	0.25790	0.13572	0.02225	0.10481	0.02065	0.22674	0.06051	0.01616	0.02213	0.01231	0.01514	0.00980	0.00623	0.00639	0.00200	0.00925	0.00579	0.00350	0.00965
5	0.01238	0.01052	0.01519	0.01403	0.03542	0.01048	0.10468	0.05490	0.11321	0.02205	0.05649	0.29245	0.13035	0.05917	0.00988	0.00279	0.00583	0.03671	0.00599	0.00748
6	0.01509	0.01600	0.07746	0.19456	0.24722	0.01537	0.08950	0.02193	0.11627	0.02227	0.03641	0.06363	0.01634	0.00839	0.00731	0.00230	0.00821	0.02801	0.00426	0.00947
7	0.12013	0.01665	0.09466	0.16012	0.02463	0.10692	0.06993	0.01864	0.01498	0.03761	0.04431	0.16652	0.02029	0.01221	0.03278	0.00267	0.00840	0.03635	0.00448	0.00773
8	0.01007	0.00754	0.00901	0.00921	0.01085	0.00708	0.00695	0.03634	0.01634	0.02132	0.18980	0.15154	0.25468	0.10755	0.01187	0.00307	0.00461	0.12957	0.00647	0.00612
9	0.00935	0.00704	0.00844	0.00879	0.01029	0.00645	0.00653	0.01140	0.01577	0.02053	0.20725	0.16256	0.27570	0.10781	0.01188	0.00305	0.00437	0.11040	0.00648	0.00590
10	0.05657	0.04407	0.07355	0.11505	0.19797	0.15021	0.05987	0.04340	0.01685	0.06147	0.05468	0.03828	0.01475	0.00925	0.03244	0.00242	0.00925	0.00657	0.00418	0.00916
11	0.01772	0.02267	0.12492	0.10891	0.06366	0.13928	0.32200	0.04473	0.01679	0.02139	0.01296	0.01688	0.00993	0.00670	0.00805	0.00224	0.04178	0.00669	0.00350	0.00919
12	0.00993	0.00738	0.01087	0.01092	0.01206	0.00849	0.00835	0.01221	0.01122	0.01608	0.01961	0.05411	0.01898	0.09748	0.65626	0.01063	0.01739	0.00809	0.00387	0.00608
13	0.01508	0.03804	0.05813	0.11690	0.04505	0.03325	0.06389	0.09196	0.05549	0.04897	0.08273	0.07921	0.10704	0.04561	0.00876	0.00250	0.00693	0.05376	0.03847	0.00821
14	0.04046	0.23668	0.09848	0.11984	0.02550	0.04252	0.07525	0.12296	0.06081	0.02331	0.01508	0.01726	0.03367	0.00758	0.00722	0.00206	0.05209	0.00583	0.00410	0.00929
15	0.00866	0.00616	0.00812	0.00956	0.00999	0.00577	0.00635	0.00989	0.01345	0.01801	0.06660	0.67956	0.04582	0.06345	0.01040	0.00303	0.00417	0.01897	0.00640	0.00563
16	0.00956	0.00710	0.00905	0.01032	0.01116	0.00701	0.00716	0.01283	0.08658	0.01915	0.03733	0.64535	0.04326	0.02043	0.00874	0.00280	0.00430	0.04504	0.00654	0.00627
17	0.04625	0.07746	0.08986	0.07697	0.23316	0.13573	0.01668	0.06612	0.10591	0.06300	0.01528	0.01715	0.01182	0.00716	0.00655	0.00206	0.00858	0.00582	0.00438	0.01006
18	0.09084	0.18091	0.10069	0.02371	0.24001	0.13508	0.01635	0.06550	0.04480	0.02281	0.01249	0.01471	0.01018	0.00666	0.00603	0.00194	0.00862	0.00514	0.00377	0.00977
19	0.00945	0.00703	0.00853	0.00926	0.01042	0.00657	0.00644	0.04151	0.01516	0.01983	0.09313	0.48308	0.19272	0.05051	0.00974	0.00281	0.00416	0.01713	0.00650	0.00601
20	0.01500	0.10701	0.05154	0.18443	0.17575	0.04312	0.01620	0.01813	0.01389	0.01867	0.01536	0.12444	0.01503	0.00996	0.01018	0.00237	0.15907	0.00779	0.00366	0.00841
21	0.05147	0.33909	0.11100	0.01257	0.01815	0.01892	0.01233	0.07054	0.01725	0.12574	0.11710	0.02167	0.04083	0.00823	0.00597	0.00188	0.00679	0.00623	0.00497	0.00927
22	0.07525	0.13246	0.11040	0.03793	0.01972	0.08522	0.01253	0.02351	0.11441	0.07751	0.01776	0.01925	0.04101	0.02870	0.00740	0.00203	0.03315	0.00574	0.00458	0.15143
23	0.05560	0.11993	0.14445	0.01734	0.06754	0.15392	0.01499	0.16039	0.04346	0.02559	0.01336	0.01507	0.01046	0.00725	0.00680	0.00194	0.03901	0.00519	0.03009	0.06760
24	0.01568	0.01402	0.06900	0.03884	0.01824	0.01324	0.03383	0.12242	0.20622	0.05175	0.07618	0.21089	0.02745	0.03662	0.00850	0.00252	0.00606	0.01073	0.00626	0.03155
25	0.01586	0.04368	0.01650	0.04791	0.07511	0.01423	0.01134	0.15081	0.15094	0.02604	0.02718	0.18597	0.06834	0.01236	0.00795	0.00234	0.02983	0.04750	0.00588	0.06023

[dist]
# distance from previous block
# <min> <max>
10	29

[block]
# block no. 2 follows, 30 sequences, length 93
# corresponding to MSA columns:
# 235-327
name=unknown_C
#
# <colnr> <probs for GDERKNQSTAVLIFYWHMCP>
#	G	D	E	R	K	N	Q	S	T	A	V	L	I	F	Y	W	H	M	C	P
0	0.01516	0.05905	0.01725	0.01485	0.06175	0.06795	0.02999	0.07163	0.06104	0.02279	0.12449	0.06783	0.11355	0.03858	0.01058	0.00236	0.11919	0.00880	0.00517	0.08798
1	0.09949	0.09344	0.34097	0.01769	0.02528	0.04224	0.08738	0.11392	0.01743	0.02568	0.03982	0.01614	0.01160	0.00699	0.00641	0.00209	0.00896	0.00559	0.00396	0.03493
2	0.03211	0.01691	0.09130	0.03670	0.01909	0.09418	0.03451	0.06163	0.09740	0.03758	0.10305	0.05237	0.08892	0.01018	0.00770	0.00211	0.03794	0.03675	0.00528	0.13429
3	0.07369	0.06435	0.01750	0.04314	0.07374	0.01398	0.02901	0.14176	0.05838	0.09265	0.02158	0.18366	0.02003	0.01055	0.00681	0.00212	0.00617	0.00897	0.03229	0.09960
4	0.01734	0.07728	0.16369	0.04658	0.16378	0.01579	0.10738	0.07553	0.01733	0.07409	0.06720	0.01930	0.01494	0.00710	0.00675	0.00199	0.00816	0.00639	0.00438	0.10500
5	0.01087	0.00916	0.01058	0.04330	0.04216	0.05677	0.00788	0.01241	0.01385	0.01802	0.05786	0.44766	0.05760	0.12590	0.01223	0.00316	0.00546	0.01497	0.00561	0.04457
6	0.12396	0.07703	0.10179	0.01427	0.01959	0.22382	0.01253	0.06699	0.06435	0.02370	0.03627	0.01551	0.01202	0.00698	0.00586	0.00178	0.00828	0.00497	0.00429	0.17600
7	0.01664	0.01414	0.01848	0.01524	0.06673	0.01264	0.07116	0.14759	0.01832	0.02643	0.01725	0.05024	0.04406	0.00723	0.00622	0.00157	0.00634	0.00624	0.00479	0.44870
8	0.00909	0.00682	0.00800	0.00820	0.00952	0.00619	0.00571	0.01083	0.01538	0.02017	0.22876	0.20489	0.26988	0.14938	0.01326	0.00320	0.00416	0.01442	0.00640	0.00574
9	0.00862	0.00612	0.00806	0.00957	0.00995	0.00574	0.00632	0.00975	0.01314	0.01752	0.03732	0.70152	0.04472	0.07251	0.01075	0.00311	0.00424	0.01917	0.00632	0.00557
10	0.05301	0.15299	0.04562	0.01864	0.11924	0.05008	0.05952	0.17306	0.04257	0.08180	0.01965	0.09380	0.04222	0.00907	0.00670	0.00209	0.00747	0.00756	0.00517	0.00974
11	0.01584	0.09204	0.02922	0.17901	0.25987	0.01709	0.18812	0.02074	0.03563	0.02153	0.06130	0.01999	0.01444	0.00692	0.00711	0.00215	0.00888	0.00696	0.00375	0.00942
12	0.00825	0.00707	0.00707	0.00707	0.00943	0.00589	0.00530	0.01001	0.01591	0.01885	0.07069	0.06716	0.70839	0.01767	0.00825	0.00236	0.00353	0.01473	0.00648	0.00589
13	0.04443	0.01981	0.11335	0.12274	0.29487	0.04939	0.13914	0.08899	0.01735	0.02416	0.01328	0.01694	0.01034	0.00658	0.00701	0.00217	0.00933	0.00629	0.00375	0.01007
14	0.01763	0.06864	0.15694	0.02461	0.20483	0.01703	0.10245	0.06876	0.06643	0.07274	0.01776	0.02129	0.03610	0.00807	0.00821	0.00225	0.06270	0.02907	0.00439	0.01010
15	0.01089	0.00786	0.01079	0.01229	0.01388	0.00776	0.01058	0.01390	0.01591	0.02058	0.03936	0.11325	0.08665	0.01930	0.00950	0.00313	0.00610	0.58547	0.00643	0.00635
16	0.01674	0.01604	0.02736	0.13320	0.62502	0.01644	0.02115	0.02095	0.01564	0.02215	0.01303	0.01744	0.01083	0.00632	0.00692	0.00211	0.00842	0.00622	0.00341	0.01062
17	0.04334	0.03535	0.07836	0.05909	0.04775	0.01516	0.01265	0.02893	0.37163	0.07936	0.05184	0.07536	0.02219	0.01013	0.00715	0.00235	0.00622	0.03700	0.00621	0.00993
18	0.01499	0.02835	0.41420	0.02123	0.02942	0.06474	0.20782	0.02144	0.01568	0.02152	0.01828	0.02063	0.07469	0.00749	0.00721	0.00224	0.01024	0.00687	0.00348	0.00949
19	0.01866	0.75896	0.03657	0.01194	0.01791	0.02761	0.01194	0.02090	0.01418	0.01642	0.00970	0.01119	0.00896	0.00597	0.00448	0.00149	0.00746	0.00373	0.00299	0.00896
20	0.01685	0.29362	0.40666	0.01687	0.02497	0.09012	0.01964	0.02224	0.01503	0.01958	0.01135	0.01326	0.00890	0.00645	0.00583	0.00191	0.00952	0.00458	0.00302	0.00961
21	0.01677	0.04742	0.20562	0.01822	0.05378	0.10979	0.08977	0.02160	0.03894	0.07717	0.04356	0.04716	0.06023	0.01197	0.05291	0.00282	0.05744	0.03149	0.00441	0.00892
22	0.01562	0.01367	0.04532	0.01281	0.01605	0.05666	0.01047	0.09294	0.20040	0.05842	0.03408	0.17282	0.11776	0.01391	0.00788	0.00250	0.00602	0.10763	0.00645	0.00858
23	0.01029	0.00741	0.01011	0.01156	0.01287	0.00722	0.00947	0.01289	0.01545	0.02021	0.06510	0.26502	0.07221	0.01973	0.00932	0.00303	0.00551	0.42992	0.00649	0.00620
24	0.01692	0.01655	0.02666	0.16475	0.56476	0.04642	0.02072	0.02105	0.01571	0.02168	0.01290	0.01731	0.01066	0.00639	0.00689	0.00211	0.00865	0.00614	0.00340	0.01034
25	0.01730	0.10730	0.33508	0.02124	0.09925	0.08962	0.07871	0.08954	0.01723	0.02309	0.01394	0.05081	0.01138	0.00743	0.00668	0.00211	0.00957	0.00615	0.00370	0.00987
26	0.00937	0.00700	0.00898	0.00966	0.01096	0.00621	0.00668	0.01098	0.01402	0.01919	0.08224	0.58660	0.06198	0.01905	0.00836	0.00254	0.00413	0.01715	0.00626	0.10866
27	0.01996	0.57536	0.08044	0.01330	0.01923	0.11680	0.01301	0.02257	0.01525	0.05371	0.01098	0.01228	0.00939	0.00631	0.00500	0.00162	0.00825	0.00410	0.00336	0.00909
28	0.09691	0.03393	0.07422	0.04455	0.01668	0.01124	0.01041	0.02128	0.09664	0.14341	0.25611	0.08337	0.03485	0.01143	0.00729	0.00228	0.00540	0.03497	0.00654	0.00848
29	0.01327	0.01215	0.06033	0.01125	0.01334	0.03861	0.00882	0.07819	0.07382	0.02090	0.10976	0.05821	0.02639	0.31123	0.10239	0.00510	0.03516	0.00920	0.00504	0.00681
30	0.01927	0.05706	0.31116	0.01820	0.02519	0.16206	0.05932	0.11911	0.06603	0.04884	0.03814	0.01707	0.01252	0.00745	0.00673	0.00210	0.00966	0.00582	0.00434	0.00995
31	0.00925	0.00698	0.00855	0.00842	0.01011	0.00628	0.00621	0.01186	0.01788	0.02417	0.44676	0.14330	0.24239	0.01616	0.00832	0.00232	0.00345	0.01411	0.00720	0.00628
32	0.01934	0.04909	0.15784	0.01679	0.04412	0.18124	0.01485	0.07512	0.20377	0.04624	0.01833	0.02080	0.01447	0.00819	0.00669	0.00208	0.00846	0.03791	0.00498	0.06967
33	0.00850	0.00640	0.00788	0.00895	0.00995	0.00577	0.00616	0.00997	0.01437	0.01859	0.07985	0.53007	0.22756	0.02035	0.00869	0.00267	0.00387	0.01809	0.00654	0.00577
34	0.01949	0.07536	0.15181	0.02310	0.15723	0.25771	0.08072	0.04264	0.01716	0.02058	0.01240	0.01525	0.01003	0.00861	0.03818	0.00234	0.01068	0.00542	0.00353	0.04775
35	0.01608	0.03287	0.55072	0.02174	0.09574	0.07163	0.02358	0.06646	0.01643	0.02322	0.01273	0.01495	0.00927	0.00675	0.00665	0.00216	0.01012	0.00528	0.00331	0.01032
36	0.01138	0.01139	0.08190	0.01233	0.03900	0.03627	0.00971	0.03488	0.01502	0.02024	0.05670	0.36408	0.07358	0.06550	0.00997	0.00286	0.00564	0.08867	0.05419	0.00672
37	0.02563	0.04543	0.02111	0.01585	0.02128	0.04390	0.01308	0.60082	0.07573	0.04119	0.01709	0.01704	0.01230	0.00833	0.00688	0.00208	0.00768	0.00624	0.00674	0.01159
38	0.01212	0.00606	0.00909	0.00909	0.00909	0.00606	0.00606	0.00909	0.00909	0.01212	0.01212	0.02121	0.01212	0.02424	0.02727	0.79697	0.00606	0.00606	0.00303	0.00303
39	0.01459	0.14130	0.59514	0.01849	0.02788	0.01761	0.02327	0.02167	0.01470	0.02123	0.01291	0.01632	0.00989	0.00695	0.00641	0.00214	0.00977	0.02668	0.00307	0.00999
40	0.06214	0.06614	0.15455	0.01343	0.01929	0.03805	0.01296	0.06851	0.01834	0.35469	0.02074	0.01999	0.01405	0.00784	0.00637	0.00205	0.00690	0.00609	0.09745	0.01041
41	0.00891	0.00692	0.00811	0.00818	0.00993	0.00612	0.00600	0.01117	0.01693	0.02216	0.30854	0.18025	0.34754	0.01710	0.00836	0.00238	0.00353	0.01481	0.00694	0.00612
42	0.11619	0.01111	0.01406	0.01133	0.01574	0.01017	0.00909	0.02823	0.01802	0.50868	0.07169	0.05888	0.02134	0.06267	0.00891	0.00252	0.00567	0.00783	0.00766	0.01019
