[name]
unknown

[dist]
# distance from previous block
# <min> <max>
0	46

[block]
# block no. 0 follows, 32 sequences, length 53
# corresponding to MSA columns:
# 58-110
name=unknown_A
#
# <colnr> <probs for GDERKNQSTAVLIFYWHMCP>
#	G	D	E	R	K	N	Q	S	T	A	V	L	I	F	Y	W	H	M	C	P
0	0.12825	0.01741	0.13232	0.01365	0.01900	0.01502	0.01263	0.16695	0.16591	0.10894	0.01917	0.02203	0.01480	0.00830	0.00637	0.00210	0.00657	0.05623	0.00565	0.07871
1	0.01852	0.01822	0.14763	0.04583	0.17284	0.01555	0.01564	0.10136	0.22618	0.11937	0.03707	0.02036	0.01536	0.00775	0.00671	0.00213	0.00707	0.00654	0.00541	0.01047
2	0.11031	0.04110	0.04309	0.01418	0.04615	0.03499	0.01122	0.14322	0.29797	0.08539	0.06066	0.02121	0.01766	0.00825	0.00636	0.00208	0.00607	0.00655	0.00604	0.03750
3	0.02029	0.01607	0.01706	0.01418	0.01862	0.01809	0.01135	0.33288	0.37725	0.03405	0.02393	0.02263	0.04481	0.00895	0.00682	0.00216	0.00616	0.00716	0.00675	0.01077
4	0.01816	0.04074	0.01350	0.01054	0.01388	0.01013	0.00845	0.10995	0.02050	0.23918	0.38862	0.03581	0.04017	0.01101	0.00726	0.00206	0.00465	0.00936	0.00739	0.00863
5	0.02449	0.01829	0.01957	0.01523	0.02042	0.02033	0.01251	0.62357	0.10959	0.04065	0.01740	0.01714	0.01245	0.00818	0.00673	0.00204	0.00715	0.00622	0.00673	0.01132
6	0.08836	0.01518	0.01652	0.01351	0.01816	0.01656	0.01092	0.26162	0.27690	0.17732	0.02181	0.02035	0.01548	0.00834	0.00655	0.00213	0.00609	0.00656	0.00687	0.01078
7	0.01749	0.04547	0.12983	0.02230	0.02887	0.01689	0.38532	0.08027	0.10736	0.07329	0.01611	0.01836	0.01178	0.00659	0.00725	0.00218	0.00947	0.00707	0.00436	0.00972
8	0.00976	0.00651	0.00732	0.00732	0.00732	0.00651	0.00407	0.00976	0.00976	0.01301	0.02114	0.04391	0.02439	0.76419	0.03415	0.00651	0.00651	0.00976	0.00407	0.00407
9	0.00818	0.00584	0.00779	0.00934	0.00973	0.00545	0.00623	0.00934	0.01285	0.01713	0.03698	0.75981	0.04438	0.02102	0.00856	0.00273	0.00389	0.01908	0.00623	0.00545
10	0.05127	0.01966	0.10164	0.01527	0.02111	0.01884	0.01366	0.52684	0.02753	0.11255	0.01651	0.01643	0.01149	0.00782	0.00659	0.00204	0.00742	0.00591	0.00635	0.01110
11	0.02171	0.19964	0.07139	0.01577	0.02017	0.42496	0.01332	0.04838	0.06532	0.01830	0.01156	0.01305	0.00954	0.00696	0.00629	0.00178	0.03529	0.00453	0.00361	0.00842
12	0.00793	0.00680	0.00680	0.00680	0.00906	0.00566	0.00510	0.00963	0.01529	0.01813	0.06797	0.06457	0.71961	0.01699	0.00793	0.00227	0.00340	0.01416	0.00623	0.00566
13	0.00793	0.00680	0.00680	0.00680	0.00906	0.00566	0.00510	0.00963	0.01529	0.01813	0.06797	0.06457	0.71961	0.01699	0.00793	0.00227	0.00340	0.01416	0.00623	0.00566
14	0.81159	0.01298	0.00986	0.00882	0.01298	0.01505	0.00727	0.01972	0.01142	0.03010	0.00934	0.01090	0.00727	0.00623	0.00415	0.00208	0.00519	0.00363	0.00415	0.00727
15	0.01621	0.01614	0.02932	0.08140	0.54154	0.01609	0.15828	0.02057	0.01528	0.02154	0.01277	0.01699	0.01044	0.00596	0.00691	0.00206	0.00871	0.00637	0.00332	0.01011
16	0.01671	0.01429	0.01510	0.01150	0.01696	0.06139	0.00916	0.09035	0.09632	0.04666	0.01448	0.01558	0.01142	0.00600	0.00549	0.00133	0.00577	0.00471	0.00469	0.55209
17	0.00950	0.00686	0.00897	0.00844	0.01002	0.00633	0.00633	0.01266	0.01899	0.02691	0.71879	0.05012	0.06331	0.01372	0.00791	0.00211	0.00317	0.01213	0.00739	0.00633
18	0.02007	0.02283	0.01665	0.01500	0.01780	0.42921	0.01148	0.07416	0.01840	0.01998	0.12478	0.02033	0.01855	0.01347	0.09246	0.00295	0.06383	0.00615	0.00432	0.00759
19	0.00950	0.00686	0.00897	0.00844	0.01002	0.00633	0.00633	0.01266	0.01899	0.02691	0.71879	0.05012	0.06331	0.01372	0.00791	0.00211	0.00317	0.01213	0.00739	0.00633
20	0.01661	0.01594	0.02724	0.04119	0.72233	0.01594	0.02059	0.02059	0.01528	0.02192	0.01262	0.01661	0.01063	0.00598	0.00664	0.00199	0.00797	0.00598	0.00332	0.01063
21	0.00826	0.00591	0.00787	0.00928	0.00975	0.00551	0.00624	0.00957	0.01326	0.01779	0.08338	0.71151	0.04567	0.02052	0.00852	0.00268	0.00384	0.01860	0.00631	0.00551
22	0.01496	0.01200	0.01667	0.01453	0.01534	0.01549	0.01175	0.01656	0.01133	0.09742	0.01393	0.02113	0.01296	0.10568	0.15120	0.00467	0.44672	0.00666	0.00380	0.00718
23	0.02545	0.02057	0.01999	0.01569	0.02080	0.11707	0.01278	0.60951	0.02986	0.03881	0.01534	0.01557	0.01104	0.00790	0.00662	0.00198	0.00802	0.00581	0.00627	0.01092
24	0.81159	0.01298	0.00986	0.00882	0.01298	0.01505	0.00727	0.01972	0.01142	0.03010	0.00934	0.01090	0.00727	0.00623	0.00415	0.00208	0.00519	0.00363	0.00415	0.00727
25	0.01017	0.00740	0.01000	0.01137	0.01286	0.00722	0.00962	0.01288	0.01513	0.01951	0.03946	0.15307	0.11833	0.01864	0.00903	0.00295	0.00559	0.52453	0.00619	0.00604
26	0.00828	0.00595	0.00788	0.00939	0.00989	0.00555	0.00639	0.00955	0.01304	0.01729	0.03795	0.70735	0.06662	0.02078	0.00857	0.00273	0.00397	0.04710	0.00623	0.00549
27	0.00959	0.00719	0.01078	0.01078	0.01198	0.00839	0.00839	0.01198	0.01078	0.01558	0.01797	0.02636	0.01677	0.05032	0.73760	0.01078	0.01797	0.00719	0.00359	0.00599
28	0.01850	0.01861	0.02824	0.07164	0.08229	0.10294	0.31256	0.16461	0.04657	0.02532	0.03324	0.01908	0.02975	0.00703	0.00722	0.00212	0.00952	0.00706	0.00437	0.00932
29	0.81159	0.01298	0.00986	0.00882	0.01298	0.01505	0.00727	0.01972	0.01142	0.03010	0.00934	0.01090	0.00727	0.00623	0.00415	0.00208	0.00519	0.00363	0.00415	0.00727
30	0.01379	0.01230	0.01809	0.25895	0.18019	0.01372	0.01453	0.02131	0.18339	0.02251	0.13827	0.05393	0.02284	0.00889	0.00700	0.00219	0.00666	0.00793	0.00487	0.00865
31	0.00818	0.00584	0.00779	0.00934	0.00973	0.00545	0.00623	0.00934	0.01285	0.01713	0.03698	0.75981	0.04438	0.02102	0.00856	0.00273	0.00389	0.01908	0.00623	0.00545
32	0.01355	0.03406	0.70241	0.01948	0.02928	0.01564	0.05115	0.02126	0.01423	0.02126	0.01210	0.01432	0.00857	0.00635	0.00644	0.00213	0.00997	0.00507	0.00286	0.00988
33	0.02551	0.01879	0.02014	0.01544	0.02081	0.02081	0.01275	0.69996	0.03155	0.04229	0.01611	0.01611	0.01141	0.00805	0.00671	0.00201	0.00738	0.00604	0.00671	0.01141
34	0.00793	0.00680	0.00680	0.00680	0.00906	0.00566	0.00510	0.00963	0.01529	0.01813	0.06797	0.06457	0.71961	0.01699	0.00793	0.00227	0.00340	0.01416	0.00623	0.00566
35	0.01794	0.76823	0.03516	0.01148	0.01722	0.02655	0.01148	0.02009	0.01363	0.01579	0.00933	0.01076	0.00861	0.00574	0.00431	0.00144	0.00718	0.00359	0.00287	0.00861
36	0.81159	0.01298	0.00986	0.00882	0.01298	0.01505	0.00727	0.01972	0.01142	0.03010	0.00934	0.01090	0.00727	0.00623	0.00415	0.00208	0.00519	0.00363	0.00415	0.00727
37	0.00976	0.00651	0.00732	0.00732	0.00732	0.00651	0.00407	0.00976	0.00976	0.01301	0.02114	0.04391	0.02439	0.76419	0.03415	0.00651	0.00651	0.00976	0.00407	0.00407
38	0.01081	0.00772	0.01081	0.01236	0.01390	0.00772	0.01081	0.01390	0.01545	0.02008	0.03553	0.07569	0.03862	0.01854	0.00927	0.00309	0.00618	0.67717	0.00618	0.00618
39	0.02506	0.03198	0.01901	0.01729	0.02074	0.73725	0.01296	0.02679	0.01901	0.01642	0.01037	0.01210	0.00864	0.00691	0.00605	0.00173	0.01210	0.00432	0.00346	0.00778
40	0.00917	0.00685	0.00851	0.00809	0.00982	0.00619	0.00607	0.01202	0.01821	0.02505	0.58149	0.05317	0.20177	0.01441	0.00792	0.00214	0.00321	0.01256	0.00714	0.00619
41	0.02866	0.01220	0.01587	0.01233	0.01742	0.01122	0.01013	0.08096	0.07736	0.61979	0.02580	0.02254	0.01656	0.00835	0.00675	0.00209	0.00580	0.00677	0.00807	0.01135
42	0.00839	0.00600	0.00804	0.00959	0.01008	0.00564	0.00661	0.00972	0.01306	0.01737	0.03686	0.70311	0.04390	0.02082	0.00862	0.00276	0.00408	0.07362	0.00622	0.00551
43	0.02424	0.01921	0.01848	0.01475	0.01947	0.13305	0.01192	0.47599	0.02728	0.08975	0.05865	0.01969	0.03953	0.00854	0.00672	0.00199	0.00762	0.00646	0.00634	0.01033
44	0.05175	0.06947	0.05259	0.02090	0.08872	0.13138	0.18289	0.26861	0.02161	0.02825	0.01341	0.01540	0.01015	0.00681	0.00663	0.00200	0.00914	0.00594	0.00458	0.00979
45	0.02420	0.01109	0.01432	0.01159	0.01591	0.01035	0.00935	0.02959	0.13289	0.48643	0.15074	0.02809	0.02562	0.00941	0.00697	0.00212	0.00519	0.00785	0.00790	0.01038
46	0.01796	0.01485	0.01688	0.04325	0.06754	0.01675	0.01193	0.17641	0.43735	0.02997	0.04816	0.02510	0.01962	0.00910	0.00692	0.00222	0.00604	0.03319	0.00641	0.01035
47	0.01346	0.03471	0.72942	0.01912	0.02904	0.01558	0.02479	0.02125	0.01417	0.02125	0.01204	0.01417	0.00850	0.00637	0.00637	0.00212	0.00992	0.00496	0.00283	0.00992
48	0.01401	0.01369	0.01926	0.01671	0.01687	0.01894	0.01385	0.01560	0.01034	0.01607	0.01002	0.01623	0.00986	0.01685	0.11672	0.00397	0.65478	0.00605	0.00302	0.00716
49	0.00959	0.00716	0.01064	0.01064	0.01178	0.00831	0.00820	0.01189	0.01074	0.01547	0.01811	0.02711	0.01710	0.08090	0.70747	0.01060	0.01748	0.00730	0.00361	0.00591
50	0.01346	0.03471	0.72942	0.01912	0.02904	0.01558	0.02479	0.02125	0.01417	0.02125	0.01204	0.01417	0.00850	0.00637	0.00637	0.00212	0.00992	0.00496	0.00283	0.00992
51	0.02357	0.01984	0.01843	0.01512	0.01950	0.17462	0.01210	0.35626	0.11815	0.08991	0.04419	0.01826	0.01438	0.00833	0.00721	0.00203	0.03574	0.00616	0.00604	0.01017
52	0.14849	0.12453	0.21502	0.01806	0.10759	0.14980	0.01574	0.06167	0.01581	0.03958	0.01158	0.01341	0.00902	0.00641	0.00568	0.00188	0.00850	0.00464	0.00363	0.03895

[dist]
# distance from previous block
# <min> <max>
0	1

[block]
# block no. 1 follows, 32 sequences, length 24
# corresponding to MSA columns:
# 112-135
name=unknown_B
#
# <colnr> <probs for GDERKNQSTAVLIFYWHMCP>
#	G	D	E	R	K	N	Q	S	T	A	V	L	I	F	Y	W	H	M	C	P
0	0.02533	0.02975	0.01898	0.01687	0.02059	0.63340	0.01281	0.09467	0.02028	0.05017	0.01165	0.01297	0.00927	0.00709	0.00615	0.00177	0.01135	0.00460	0.00400	0.00830
1	0.52432	0.01470	0.01380	0.01357	0.08051	0.05691	0.00987	0.04926	0.01314	0.02713	0.01012	0.01231	0.00817	0.00680	0.00646	0.00206	0.08117	0.00424	0.00401	0.06144
2	0.01042	0.00740	0.00938	0.01008	0.01132	0.00732	0.00726	0.01431	0.10290	0.04585	0.12477	0.49723	0.04240	0.01790	0.00824	0.00259	0.00421	0.06338	0.00653	0.00649
3	0.00812	0.00605	0.00757	0.00879	0.00959	0.00550	0.00598	0.00941	0.01338	0.01735	0.04373	0.60839	0.19144	0.02014	0.00843	0.00262	0.00379	0.01800	0.00623	0.00550
4	0.01654	0.01739	0.02107	0.09848	0.15842	0.14314	0.01563	0.01937	0.03241	0.01774	0.01096	0.01562	0.00973	0.01045	0.03789	0.00271	0.35537	0.00572	0.00324	0.00812
5	0.01613	0.01539	0.02237	0.25161	0.33748	0.05453	0.01767	0.04228	0.13279	0.02179	0.01487	0.01817	0.01169	0.00684	0.00666	0.00210	0.00802	0.00616	0.00392	0.00952
6	0.00961	0.00710	0.01035	0.01035	0.01140	0.00815	0.00785	0.01171	0.01066	0.01526	0.01836	0.02853	0.01772	0.13864	0.65057	0.01025	0.01655	0.00751	0.00365	0.00575
7	0.02025	0.19075	0.15170	0.01510	0.02085	0.25166	0.03336	0.02355	0.01622	0.09870	0.01256	0.01380	0.00972	0.00643	0.00572	0.00170	0.00895	0.00461	0.00383	0.11054
8	0.13392	0.02150	0.05487	0.01499	0.01986	0.18460	0.01249	0.36139	0.07914	0.03239	0.01452	0.01507	0.01077	0.00753	0.00619	0.00198	0.00813	0.00538	0.00541	0.00985
9	0.01737	0.67453	0.12384	0.01246	0.01873	0.02515	0.01318	0.02024	0.01370	0.01648	0.00967	0.01120	0.00860	0.00582	0.00457	0.00152	0.00753	0.00376	0.00287	0.00878
10	0.00941	0.00686	0.00885	0.00835	0.00997	0.00629	0.00626	0.01249	0.01878	0.02641	0.68174	0.05094	0.10067	0.01390	0.00791	0.00212	0.00318	0.01225	0.00732	0.00629
11	0.00976	0.00651	0.00732	0.00732	0.00732	0.00651	0.00407	0.00976	0.00976	0.01301	0.02114	0.04391	0.02439	0.76419	0.03415	0.00651	0.00651	0.00976	0.00407	0.00407
12	0.00841	0.00602	0.00799	0.00919	0.00978	0.00560	0.00625	0.00992	0.01392	0.01884	0.15630	0.63562	0.04769	0.01974	0.00845	0.00262	0.00377	0.01786	0.00643	0.00560
13	0.01267	0.01193	0.02013	0.74806	0.04621	0.01491	0.01863	0.01714	0.01342	0.01714	0.01193	0.01789	0.00894	0.00671	0.00671	0.00224	0.00894	0.00596	0.00298	0.00745
14	0.81159	0.01298	0.00986	0.00882	0.01298	0.01505	0.00727	0.01972	0.01142	0.03010	0.00934	0.01090	0.00727	0.00623	0.00415	0.00208	0.00519	0.00363	0.00415	0.00727
15	0.01781	0.01497	0.01580	0.01388	0.01788	0.01721	0.01089	0.12028	0.62376	0.02988	0.02588	0.02390	0.01933	0.00897	0.00681	0.00224	0.00557	0.00739	0.00681	0.01072
16	0.01584	0.01810	0.03959	0.02828	0.03507	0.01697	0.69796	0.02149	0.01584	0.02149	0.01357	0.01810	0.01018	0.00566	0.00792	0.00226	0.01131	0.00792	0.00339	0.00905
17	0.00950	0.00686	0.00897	0.00844	0.01002	0.00633	0.00633	0.01266	0.01899	0.02691	0.71879	0.05012	0.06331	0.01372	0.00791	0.00211	0.00317	0.01213	0.00739	0.00633
18	0.00982	0.00702	0.00968	0.01123	0.01234	0.00687	0.00910	0.01219	0.01447	0.01898	0.03607	0.33186	0.04077	0.01947	0.00900	0.00295	0.00532	0.43074	0.00620	0.00591
19	0.00959	0.00719	0.01078	0.01078	0.01198	0.00839	0.00839	0.01198	0.01078	0.01558	0.01797	0.02636	0.01677	0.05032	0.73760	0.01078	0.01797	0.00719	0.00359	0.00599
20	0.00793	0.00680	0.00680	0.00680	0.00906	0.00566	0.00510	0.00963	0.01529	0.01813	0.06797	0.06457	0.71961	0.01699	0.00793	0.00227	0.00340	0.01416	0.00623	0.00566
21	0.02551	0.01879	0.02014	0.01544	0.02081	0.02081	0.01275	0.69996	0.03155	0.04229	0.01611	0.01611	0.01141	0.00805	0.00671	0.00201	0.00738	0.00604	0.00671	0.01141
22	0.01346	0.03471	0.72942	0.01912	0.02904	0.01558	0.02479	0.02125	0.01417	0.02125	0.01204	0.01417	0.00850	0.00637	0.00637	0.00212	0.00992	0.00496	0.00283	0.00992
23	0.01486	0.00905	0.01311	0.05088	0.06805	0.00846	0.03252	0.01757	0.01676	0.18794	0.24468	0.19106	0.09135	0.01304	0.00762	0.00225	0.00488	0.01158	0.00659	0.00776

[dist]
# distance from previous block
# <min> <max>
0	2

# created by:
# /home/berkeley/.conda/envs/busco_data_prod/bin/msa2prfl.pl pipeline/OGs_align_augustus/4893/15932.fs
