[name]
unknown

[dist]
# distance from previous block
# <min> <max>
0	41

[block]
# block no. 0 follows, 32 sequences, length 49
# corresponding to MSA columns:
# 41-56,58-90
name=unknown_A
#
# <colnr> <probs for GDERKNQSTAVLIFYWHMCP>
#	G	D	E	R	K	N	Q	S	T	A	V	L	I	F	Y	W	H	M	C	P
0	0.01081	0.00772	0.01081	0.01236	0.01390	0.00772	0.01081	0.01390	0.01545	0.02008	0.03553	0.07569	0.03862	0.01854	0.00927	0.00309	0.00618	0.67717	0.00618	0.00618
1	0.00818	0.00584	0.00779	0.00934	0.00973	0.00545	0.00623	0.00934	0.01285	0.01713	0.03698	0.75981	0.04438	0.02102	0.00856	0.00273	0.00389	0.01908	0.00623	0.00545
2	0.00959	0.00719	0.01078	0.01078	0.01198	0.00839	0.00839	0.01198	0.01078	0.01558	0.01797	0.02636	0.01677	0.05032	0.73760	0.01078	0.01797	0.00719	0.00359	0.00599
3	0.01346	0.03471	0.72942	0.01912	0.02904	0.01558	0.02479	0.02125	0.01417	0.02125	0.01204	0.01417	0.00850	0.00637	0.00637	0.00212	0.00992	0.00496	0.00283	0.00992
4	0.00818	0.00584	0.00779	0.00934	0.00973	0.00545	0.00623	0.00934	0.01285	0.01713	0.03698	0.75981	0.04438	0.02102	0.00856	0.00273	0.00389	0.01908	0.00623	0.00545
5	0.00893	0.00679	0.00826	0.00828	0.00995	0.00612	0.00623	0.01140	0.01687	0.02249	0.38315	0.13253	0.27547	0.01592	0.00809	0.00230	0.00353	0.06090	0.00680	0.00601
6	0.48979	0.01503	0.01369	0.01139	0.01592	0.01710	0.00935	0.24792	0.07042	0.03402	0.01295	0.01370	0.00964	0.00705	0.00521	0.00207	0.00593	0.00473	0.00521	0.00890
7	0.00821	0.00668	0.00727	0.00739	0.00930	0.00574	0.00544	0.01006	0.01554	0.01935	0.16468	0.15491	0.52802	0.01702	0.00801	0.00230	0.00343	0.01450	0.00641	0.00574
8	0.01186	0.00801	0.01018	0.00916	0.01123	0.00761	0.00701	0.06522	0.01994	0.06773	0.62699	0.04603	0.05678	0.01299	0.00776	0.00210	0.00363	0.01137	0.00739	0.00700
9	0.01267	0.01193	0.02013	0.74806	0.04621	0.01491	0.01863	0.01714	0.01342	0.01714	0.01193	0.01789	0.00894	0.00671	0.00671	0.00224	0.00894	0.00596	0.00298	0.00745
10	0.00953	0.00742	0.00873	0.00830	0.01028	0.00691	0.00625	0.01343	0.07102	0.02408	0.44944	0.05299	0.27790	0.01445	0.00784	0.00217	0.00341	0.01246	0.00696	0.00644
11	0.01328	0.01018	0.01224	0.01227	0.03873	0.01075	0.00896	0.06305	0.23148	0.04371	0.19005	0.22586	0.03697	0.01377	0.00769	0.00238	0.00474	0.05922	0.00666	0.00802
12	0.02368	0.09509	0.02062	0.01670	0.02020	0.58184	0.01295	0.06198	0.01857	0.01775	0.01047	0.01239	0.00880	0.00723	0.00713	0.00181	0.06676	0.00447	0.00354	0.00802
13	0.01568	0.01312	0.01536	0.06796	0.01907	0.01186	0.00972	0.10999	0.09497	0.02492	0.01422	0.01577	0.01125	0.00598	0.00555	0.00137	0.00564	0.00481	0.00459	0.54818
14	0.01504	0.01254	0.01244	0.01185	0.01412	0.10669	0.00887	0.12019	0.08638	0.05240	0.10958	0.33708	0.03318	0.01453	0.00765	0.00235	0.00572	0.03563	0.00621	0.00755
15	0.02287	0.01199	0.01674	0.01400	0.04008	0.01137	0.05908	0.09267	0.06251	0.38709	0.12770	0.02977	0.02427	0.00963	0.00719	0.00217	0.00598	0.05759	0.00725	0.01003
16	0.07640	0.01159	0.01624	0.04806	0.04724	0.01046	0.06258	0.02283	0.01628	0.29492	0.07503	0.07643	0.01911	0.00842	0.00648	0.00190	0.00585	0.00728	0.00598	0.18694
17	0.02084	0.02387	0.01964	0.01947	0.11303	0.39947	0.01356	0.04783	0.04557	0.01914	0.01152	0.01396	0.00966	0.00740	0.00838	0.00189	0.11765	0.00492	0.00368	0.09852
18	0.01794	0.01231	0.01922	0.04601	0.19537	0.01198	0.08284	0.02276	0.08765	0.20658	0.07368	0.12266	0.05104	0.00992	0.00722	0.00220	0.00641	0.00907	0.00578	0.00936
19	0.01362	0.06080	0.70473	0.01885	0.02862	0.01597	0.02432	0.02121	0.01415	0.02106	0.01194	0.01405	0.00850	0.00635	0.00630	0.00210	0.00982	0.00491	0.00283	0.00987
20	0.03010	0.01142	0.01557	0.01194	0.01713	0.00986	0.00986	0.03270	0.01920	0.72698	0.02647	0.02284	0.01661	0.00830	0.00675	0.00208	0.00571	0.00675	0.00830	0.01142
21	0.01661	0.01594	0.02724	0.04119	0.72233	0.01594	0.02059	0.02059	0.01528	0.02192	0.01262	0.01661	0.01063	0.00598	0.00664	0.00199	0.00797	0.00598	0.00332	0.01063
22	0.01465	0.20647	0.52688	0.01784	0.02660	0.01824	0.05980	0.02099	0.01414	0.01998	0.01149	0.01359	0.00862	0.00618	0.00598	0.00197	0.00935	0.00480	0.00287	0.00956
23	0.00821	0.00599	0.00774	0.00904	0.00968	0.00551	0.00612	0.00953	0.01339	0.01769	0.07240	0.65470	0.11478	0.02026	0.00847	0.00265	0.00381	0.01824	0.00628	0.00551
24	0.02232	0.01069	0.01367	0.01134	0.01516	0.00995	0.00900	0.11413	0.01946	0.40052	0.09914	0.16656	0.05489	0.01160	0.00726	0.00220	0.00523	0.00985	0.00752	0.00953
25	0.01786	0.01449	0.01625	0.01557	0.07020	0.01627	0.01134	0.08564	0.54797	0.06641	0.02643	0.02470	0.03852	0.00897	0.00683	0.00222	0.00564	0.00748	0.00662	0.01059
26	0.01749	0.01453	0.01555	0.01381	0.01766	0.01660	0.01094	0.12783	0.56239	0.02948	0.02634	0.02756	0.02056	0.00966	0.00699	0.00230	0.00567	0.05747	0.00676	0.01040
27	0.00822	0.00681	0.00720	0.00710	0.00924	0.00579	0.00532	0.01019	0.01597	0.01974	0.18744	0.06192	0.59914	0.01639	0.00793	0.00224	0.00336	0.01379	0.00644	0.00579
28	0.81159	0.01298	0.00986	0.00882	0.01298	0.01505	0.00727	0.01972	0.01142	0.03010	0.00934	0.01090	0.00727	0.00623	0.00415	0.00208	0.00519	0.00363	0.00415	0.00727
29	0.01638	0.01571	0.02683	0.08128	0.68398	0.01588	0.02048	0.02040	0.01517	0.02165	0.01258	0.01668	0.01053	0.00602	0.00665	0.00201	0.00803	0.00598	0.00330	0.01045
30	0.00878	0.00645	0.00831	0.00965	0.01028	0.00625	0.00654	0.01122	0.06250	0.01791	0.03629	0.70749	0.04268	0.02017	0.00844	0.00269	0.00399	0.01826	0.00627	0.00582
31	0.00842	0.00682	0.00747	0.00731	0.00936	0.00587	0.00548	0.01057	0.01645	0.02086	0.27056	0.06008	0.51532	0.01597	0.00793	0.00222	0.00333	0.01353	0.00659	0.00587
32	0.00805	0.00662	0.00709	0.00736	0.00924	0.00566	0.00537	0.00972	0.01501	0.01836	0.09371	0.19606	0.55933	0.01760	0.00805	0.00235	0.00348	0.01500	0.00629	0.00566
33	0.01862	0.02395	0.12355	0.02330	0.02953	0.20471	0.38220	0.07115	0.01756	0.02162	0.01272	0.01588	0.00965	0.00625	0.00714	0.00209	0.01105	0.00646	0.00357	0.00900
34	0.02506	0.03198	0.01901	0.01729	0.02074	0.73725	0.01296	0.02679	0.01901	0.01642	0.01037	0.01210	0.00864	0.00691	0.00605	0.00173	0.01210	0.00432	0.00346	0.00778
35	0.01267	0.01193	0.02013	0.74806	0.04621	0.01491	0.01863	0.01714	0.01342	0.01714	0.01193	0.01789	0.00894	0.00671	0.00671	0.00224	0.00894	0.00596	0.00298	0.00745
36	0.81159	0.01298	0.00986	0.00882	0.01298	0.01505	0.00727	0.01972	0.01142	0.03010	0.00934	0.01090	0.00727	0.00623	0.00415	0.00208	0.00519	0.00363	0.00415	0.00727
37	0.00940	0.00679	0.00888	0.00851	0.01000	0.00627	0.00632	0.01243	0.01856	0.02621	0.67024	0.10066	0.06196	0.01424	0.00796	0.00215	0.00322	0.01263	0.00730	0.00627
38	0.00904	0.00681	0.00836	0.00805	0.00976	0.00613	0.00601	0.01176	0.01782	0.02429	0.52616	0.07863	0.23292	0.01482	0.00794	0.00217	0.00325	0.01290	0.00705	0.00613
39	0.01267	0.01193	0.02013	0.74806	0.04621	0.01491	0.01863	0.01714	0.01342	0.01714	0.01193	0.01789	0.00894	0.00671	0.00671	0.00224	0.00894	0.00596	0.00298	0.00745
40	0.01822	0.11745	0.02445	0.20435	0.26812	0.10155	0.01676	0.12934	0.01764	0.02256	0.01231	0.01554	0.00984	0.00657	0.00629	0.00195	0.00849	0.00547	0.00374	0.00937
41	0.00814	0.00678	0.00711	0.00708	0.00921	0.00575	0.00529	0.01002	0.01571	0.01924	0.15197	0.08099	0.61631	0.01667	0.00794	0.00226	0.00338	0.01403	0.00638	0.00575
42	0.00964	0.00751	0.00854	0.00847	0.01024	0.00708	0.00616	0.03285	0.06527	0.02108	0.20979	0.18874	0.30996	0.07206	0.00989	0.00263	0.00393	0.01358	0.00640	0.00619
43	0.01391	0.01193	0.01391	0.00994	0.01590	0.00894	0.00795	0.01690	0.01391	0.02186	0.01193	0.01391	0.00994	0.00497	0.00497	0.00099	0.00497	0.00398	0.00398	0.80521
44	0.01029	0.00732	0.00947	0.01038	0.01206	0.00691	0.00854	0.01276	0.01532	0.04212	0.07216	0.16394	0.20988	0.01796	0.00870	0.00276	0.00503	0.37196	0.00632	0.00612
45	0.74127	0.01324	0.01140	0.01169	0.07572	0.01513	0.00845	0.01980	0.01176	0.02938	0.00963	0.01140	0.00756	0.00621	0.00437	0.00207	0.00544	0.00384	0.00408	0.00756
46	0.01820	0.08639	0.01857	0.01450	0.01815	0.29667	0.06340	0.06091	0.09141	0.01977	0.02501	0.02585	0.15609	0.01232	0.06128	0.00261	0.00927	0.00721	0.00452	0.00790
47	0.01555	0.01683	0.10315	0.27600	0.33072	0.01593	0.01937	0.06854	0.04852	0.02196	0.01326	0.01713	0.01034	0.00657	0.00665	0.00211	0.00835	0.00594	0.00356	0.00952
48	0.01160	0.01089	0.01611	0.01411	0.01637	0.06330	0.15787	0.01391	0.01346	0.01763	0.02530	0.36315	0.02789	0.08108	0.10731	0.00388	0.00825	0.01274	0.00481	0.03033

[dist]
# distance from previous block
# <min> <max>
0	1

[block]
# block no. 1 follows, 32 sequences, length 76
# corresponding to MSA columns:
# 92-167
name=unknown_B
#
# <colnr> <probs for GDERKNQSTAVLIFYWHMCP>
#	G	D	E	R	K	N	Q	S	T	A	V	L	I	F	Y	W	H	M	C	P
0	0.00832	0.00590	0.00774	0.00916	0.00951	0.00555	0.00603	0.00938	0.01257	0.01675	0.03554	0.69480	0.04256	0.08851	0.01089	0.00307	0.00413	0.01823	0.00603	0.00532
1	0.01538	0.01279	0.01470	0.01063	0.01652	0.01044	0.00856	0.10305	0.01614	0.02444	0.01245	0.01419	0.01012	0.00536	0.00519	0.00112	0.00527	0.00424	0.00432	0.70508
2	0.04297	0.01694	0.04972	0.11470	0.50873	0.04421	0.01908	0.08214	0.01653	0.02327	0.01265	0.01626	0.01025	0.00631	0.00654	0.00202	0.00816	0.00581	0.00361	0.01010
3	0.00797	0.00680	0.00686	0.00684	0.00909	0.00568	0.00513	0.00971	0.01540	0.01837	0.08577	0.06418	0.70167	0.01690	0.00793	0.00226	0.00339	0.01411	0.00626	0.00568
4	0.01029	0.00823	0.01151	0.01159	0.01363	0.00796	0.05469	0.01364	0.04599	0.01950	0.04186	0.14303	0.21793	0.01836	0.03688	0.00303	0.00594	0.32366	0.00594	0.00634
5	0.01630	0.01557	0.02628	0.09663	0.64579	0.01588	0.02012	0.02080	0.03747	0.02174	0.01304	0.01698	0.01081	0.00614	0.00665	0.00202	0.00796	0.00603	0.00341	0.01038
6	0.01661	0.01589	0.02681	0.04022	0.69758	0.01597	0.02024	0.02112	0.03969	0.02214	0.01314	0.01690	0.01097	0.00609	0.00665	0.00200	0.00788	0.00603	0.00344	0.01063
7	0.01859	0.70137	0.03369	0.01201	0.01754	0.09109	0.01162	0.02070	0.01412	0.01584	0.00942	0.01088	0.00861	0.00585	0.00446	0.00146	0.00762	0.00365	0.00292	0.00854
8	0.01575	0.01868	0.06353	0.02796	0.03486	0.01692	0.67460	0.02148	0.01578	0.02148	0.01352	0.01796	0.01012	0.00568	0.00786	0.00226	0.01126	0.00782	0.00337	0.00908
9	0.01391	0.05863	0.64018	0.01836	0.02757	0.01607	0.02304	0.02252	0.07736	0.02168	0.01333	0.01503	0.00959	0.00660	0.00634	0.00211	0.00940	0.00515	0.00320	0.00993
10	0.01525	0.01608	0.03170	0.19777	0.19666	0.01635	0.36476	0.02013	0.01500	0.02044	0.01284	0.01761	0.00996	0.00614	0.00773	0.00221	0.03015	0.00696	0.00327	0.00900
11	0.01422	0.01400	0.01966	0.01700	0.01710	0.01945	0.01411	0.01577	0.01032	0.01610	0.00964	0.01574	0.00953	0.01525	0.08700	0.00365	0.68526	0.00599	0.00300	0.00722
12	0.00961	0.00659	0.00759	0.00759	0.00787	0.00661	0.00453	0.00995	0.01026	0.01362	0.02428	0.04383	0.07449	0.64477	0.09612	0.00658	0.00732	0.00985	0.00418	0.00436
13	0.01559	0.01717	0.03174	0.24507	0.06404	0.06893	0.41675	0.02053	0.01532	0.01983	0.01281	0.01754	0.00971	0.00608	0.00737	0.00221	0.01053	0.00699	0.00327	0.00854
14	0.70469	0.01276	0.01064	0.00925	0.01354	0.01434	0.00762	0.02150	0.01248	0.12543	0.01169	0.01253	0.00854	0.00651	0.00451	0.00208	0.00526	0.00406	0.00472	0.00783
15	0.00961	0.00711	0.01038	0.01038	0.01144	0.00817	0.00788	0.01172	0.01066	0.01528	0.01834	0.02841	0.01766	0.13371	0.65543	0.01028	0.01663	0.00749	0.00365	0.00577
16	0.01515	0.01561	0.02104	0.12999	0.02283	0.07053	0.03888	0.01724	0.01157	0.01651	0.00956	0.01511	0.00886	0.01042	0.01805	0.00272	0.55965	0.00585	0.00300	0.00745
17	0.01025	0.00707	0.00788	0.00777	0.00804	0.00723	0.00453	0.01160	0.05957	0.01408	0.02158	0.04257	0.02412	0.71049	0.03221	0.00620	0.00642	0.00960	0.00426	0.00453
18	0.00894	0.00662	0.00939	0.01025	0.01115	0.00624	0.02988	0.01076	0.01406	0.01889	0.12202	0.55719	0.04488	0.01927	0.00855	0.00268	0.00434	0.10285	0.00627	0.00578
19	0.01081	0.00772	0.01081	0.01236	0.01390	0.00772	0.01081	0.01390	0.01545	0.02008	0.03553	0.07569	0.03862	0.01854	0.00927	0.00309	0.00618	0.67717	0.00618	0.00618
20	0.00833	0.00595	0.00796	0.00952	0.00998	0.00558	0.00650	0.00961	0.01300	0.01730	0.03690	0.71936	0.04404	0.02087	0.00861	0.00275	0.00403	0.05799	0.00623	0.00549
21	0.00976	0.00651	0.00732	0.00732	0.00732	0.00651	0.00407	0.00976	0.00976	0.01301	0.02114	0.04391	0.02439	0.76419	0.03415	0.00651	0.00651	0.00976	0.00407	0.00407
22	0.01794	0.76823	0.03516	0.01148	0.01722	0.02655	0.01148	0.02009	0.01363	0.01579	0.00933	0.01076	0.00861	0.00574	0.00431	0.00144	0.00718	0.00359	0.00287	0.00861
23	0.02638	0.01740	0.01927	0.01478	0.02011	0.01874	0.01221	0.57366	0.02921	0.17188	0.01807	0.01738	0.01239	0.00810	0.00672	0.00203	0.00707	0.00617	0.00701	0.01141
24	0.02551	0.01879	0.02014	0.01544	0.02081	0.02081	0.01275	0.69996	0.03155	0.04229	0.01611	0.01611	0.01141	0.00805	0.00671	0.00201	0.00738	0.00604	0.00671	0.01141
25	0.02585	0.01090	0.01457	0.01129	0.01611	0.00932	0.00922	0.02855	0.01863	0.56630	0.11187	0.02534	0.02178	0.00864	0.00671	0.00197	0.00531	0.00714	0.00774	0.09275
26	0.16847	0.01253	0.01457	0.01122	0.01643	0.01164	0.00920	0.09045	0.01769	0.36373	0.01884	0.01786	0.01279	0.00710	0.00584	0.00181	0.00560	0.00544	0.00635	0.20246
27	0.00950	0.00686	0.00897	0.00844	0.01002	0.00633	0.00633	0.01266	0.01899	0.02691	0.71879	0.05012	0.06331	0.01372	0.00791	0.00211	0.00317	0.01213	0.00739	0.00633
28	0.01584	0.01810	0.03959	0.02828	0.03507	0.01697	0.69796	0.02149	0.01584	0.02149	0.01357	0.01810	0.01018	0.00566	0.00792	0.00226	0.01131	0.00792	0.00339	0.00905
29	0.02471	0.01840	0.01969	0.01528	0.02050	0.02043	0.01256	0.63963	0.09318	0.04100	0.01713	0.01692	0.01223	0.00815	0.00672	0.00204	0.00720	0.00618	0.00672	0.01134
30	0.01363	0.03353	0.68036	0.01978	0.02947	0.01568	0.07267	0.02127	0.01429	0.02127	0.01215	0.01445	0.00862	0.00632	0.00648	0.00213	0.01002	0.00517	0.00287	0.00985
31	0.00799	0.00680	0.00688	0.00686	0.00910	0.00569	0.00515	0.00975	0.01544	0.01847	0.09322	0.06401	0.69415	0.01687	0.00793	0.00226	0.00339	0.01408	0.00628	0.00569
32	0.01017	0.00884	0.00971	0.01065	0.01129	0.07298	0.00744	0.01141	0.01322	0.01699	0.03256	0.63892	0.03860	0.01908	0.00929	0.00265	0.05783	0.01680	0.00574	0.00580
33	0.01267	0.01193	0.02013	0.74806	0.04621	0.01491	0.01863	0.01714	0.01342	0.01714	0.01193	0.01789	0.00894	0.00671	0.00671	0.00224	0.00894	0.00596	0.00298	0.00745
34	0.01527	0.01318	0.01382	0.01254	0.01609	0.01490	0.00973	0.03144	0.59768	0.02646	0.03389	0.03144	0.13369	0.01038	0.00701	0.00227	0.00500	0.00865	0.00673	0.00982
35	0.00816	0.00591	0.00772	0.00916	0.00968	0.00547	0.00615	0.00936	0.01302	0.01720	0.03919	0.71037	0.09240	0.02074	0.00852	0.00269	0.00386	0.01873	0.00623	0.00547
36	0.01605	0.01548	0.02671	0.13585	0.60761	0.01584	0.04374	0.02016	0.01505	0.02126	0.01256	0.01683	0.01039	0.00607	0.00670	0.00203	0.00822	0.00604	0.00328	0.01015
37	0.01912	0.01942	0.02377	0.08373	0.42231	0.17451	0.01763	0.09406	0.04022	0.02272	0.01292	0.01593	0.01047	0.00656	0.00653	0.00196	0.00880	0.00567	0.00380	0.00986
38	0.01794	0.76823	0.03516	0.01148	0.01722	0.02655	0.01148	0.02009	0.01363	0.01579	0.00933	0.01076	0.00861	0.00574	0.00431	0.00144	0.00718	0.00359	0.00287	0.00861
39	0.01391	0.01193	0.01391	0.00994	0.01590	0.00894	0.00795	0.01690	0.01391	0.02186	0.01193	0.01391	0.00994	0.00497	0.00497	0.00099	0.00497	0.00398	0.00398	0.80521
40	0.01267	0.01193	0.02013	0.74806	0.04621	0.01491	0.01863	0.01714	0.01342	0.01714	0.01193	0.01789	0.00894	0.00671	0.00671	0.00224	0.00894	0.00596	0.00298	0.00745
41	0.00927	0.00676	0.00871	0.00841	0.00993	0.00620	0.00623	0.01215	0.01817	0.02539	0.61059	0.11560	0.10827	0.01461	0.00797	0.00218	0.00325	0.01291	0.00720	0.00620
42	0.00795	0.00673	0.00686	0.00697	0.00911	0.00565	0.00517	0.00961	0.01513	0.01806	0.06590	0.11115	0.67437	0.01726	0.00797	0.00230	0.00343	0.01449	0.00623	0.00565
43	0.01267	0.01193	0.02013	0.74806	0.04621	0.01491	0.01863	0.01714	0.01342	0.01714	0.01193	0.01789	0.00894	0.00671	0.00671	0.00224	0.00894	0.00596	0.00298	0.00745
44	0.02581	0.01830	0.01983	0.01520	0.02056	0.02007	0.01256	0.65525	0.03072	0.08816	0.01680	0.01656	0.01176	0.00807	0.00671	0.00202	0.00727	0.00609	0.00682	0.01141
45	0.02500	0.01963	0.01965	0.01536	0.02040	0.08570	0.01251	0.61796	0.02975	0.03905	0.01574	0.01657	0.01155	0.03055	0.00747	0.00212	0.00779	0.00600	0.00634	0.01086
46	0.00793	0.00680	0.00680	0.00680	0.00906	0.00566	0.00510	0.00963	0.01529	0.01813	0.06797	0.06457	0.71961	0.01699	0.00793	0.00227	0.00340	0.01416	0.00623	0.00566
47	0.01009	0.00715	0.00855	0.00821	0.01028	0.00634	0.00631	0.01260	0.01721	0.06237	0.36001	0.05637	0.33515	0.01511	0.00795	0.00224	0.00361	0.05724	0.00687	0.00633
48	0.01689	0.01579	0.02611	0.10150	0.61300	0.01620	0.01986	0.06860	0.01627	0.02295	0.01281	0.01668	0.01054	0.00619	0.00665	0.00202	0.00802	0.00598	0.00353	0.01040
49	0.00964	0.00716	0.00907	0.00898	0.01058	0.00677	0.00678	0.01317	0.05069	0.02436	0.48374	0.14212	0.11642	0.01512	0.00806	0.00229	0.00363	0.06806	0.00701	0.00635
50	0.04907	0.27241	0.02538	0.01686	0.07104	0.30316	0.03153	0.11830	0.01837	0.02086	0.01105	0.01267	0.00916	0.00656	0.00559	0.00172	0.00924	0.00452	0.00373	0.00879
51	0.01568	0.06735	0.01559	0.01308	0.01642	0.04913	0.01035	0.02915	0.48376	0.02461	0.02669	0.09694	0.02290	0.01165	0.02319	0.00250	0.00599	0.06948	0.00620	0.00935
52	0.03982	0.16801	0.15114	0.02108	0.18435	0.03609	0.01620	0.13735	0.08138	0.03833	0.01373	0.01546	0.01077	0.00705	0.00697	0.00199	0.05083	0.00539	0.00415	0.00990
53	0.01625	0.01558	0.02659	0.10538	0.66093	0.01585	0.02041	0.02028	0.01511	0.02149	0.01256	0.01672	0.01048	0.00604	0.00665	0.00201	0.00806	0.00598	0.00329	0.01034
54	0.01702	0.02162	0.14927	0.10197	0.14042	0.10747	0.24213	0.06956	0.01651	0.02169	0.01258	0.01614	0.00967	0.00651	0.00755	0.00213	0.03884	0.00623	0.00347	0.00922
55	0.00818	0.00584	0.00779	0.00934	0.00973	0.00545	0.00623	0.00934	0.01285	0.01713	0.03698	0.75981	0.04438	0.02102	0.00856	0.00273	0.00389	0.01908	0.00623	0.00545
56	0.01815	0.71379	0.03384	0.01177	0.01736	0.05203	0.01150	0.02091	0.03939	0.01626	0.01003	0.01134	0.00905	0.00591	0.00446	0.00148	0.00729	0.00376	0.00304	0.00865
57	0.01133	0.00809	0.01019	0.05565	0.01339	0.00781	0.00770	0.01533	0.06799	0.07064	0.36793	0.04987	0.20991	0.01373	0.00779	0.00224	0.00415	0.06261	0.00676	0.00688
58	0.02590	0.01146	0.01502	0.01150	0.01658	0.00986	0.00941	0.05220	0.01876	0.54023	0.07010	0.02296	0.01846	0.00811	0.00653	0.00190	0.00548	0.00663	0.00748	0.14144
59	0.02315	0.01715	0.01850	0.01445	0.01955	0.01865	0.01182	0.52568	0.11699	0.05874	0.01931	0.01893	0.03623	0.00829	0.00665	0.00199	0.00677	0.00639	0.00658	0.06418
60	0.02551	0.01879	0.02014	0.01544	0.02081	0.02081	0.01275	0.69996	0.03155	0.04229	0.01611	0.01611	0.01141	0.00805	0.00671	0.00201	0.00738	0.00604	0.00671	0.01141
61	0.00860	0.00653	0.00787	0.00837	0.00963	0.00602	0.00597	0.01026	0.01416	0.01836	0.13334	0.28510	0.27694	0.08843	0.06246	0.00342	0.00495	0.03802	0.00599	0.00558
62	0.01482	0.21803	0.42678	0.01691	0.02400	0.01926	0.01961	0.02005	0.01334	0.01895	0.01078	0.01339	0.00858	0.00717	0.00862	0.00209	0.14086	0.00477	0.00286	0.00913
63	0.01383	0.01311	0.02222	0.54006	0.24516	0.01521	0.01921	0.01816	0.01396	0.01855	0.01213	0.01751	0.00944	0.00649	0.00669	0.00216	0.00866	0.00597	0.00308	0.00839
64	0.02605	0.01219	0.01541	0.01205	0.01676	0.01147	0.00986	0.16114	0.02149	0.48658	0.10748	0.02607	0.04370	0.00917	0.00692	0.00207	0.00566	0.00748	0.00782	0.01063
65	0.01972	0.01335	0.01676	0.03777	0.01862	0.06568	0.07257	0.11429	0.08267	0.22037	0.02402	0.16122	0.02088	0.01370	0.05921	0.00286	0.00753	0.03358	0.00617	0.00903
66	0.78442	0.01318	0.01022	0.00905	0.01325	0.01525	0.00746	0.04323	0.01211	0.03053	0.00958	0.01108	0.00741	0.00629	0.00424	0.00207	0.00527	0.00372	0.00424	0.00741
67	0.01263	0.01175	0.01627	0.01774	0.13886	0.07663	0.06107	0.01538	0.01282	0.01721	0.01789	0.02466	0.03955	0.05709	0.44094	0.00735	0.01431	0.00710	0.00363	0.00712
68	0.10404	0.07517	0.02062	0.02139	0.20779	0.24383	0.01367	0.12010	0.01827	0.02345	0.03677	0.05820	0.01332	0.00771	0.00619	0.00193	0.00844	0.00601	0.00421	0.00890
69	0.02375	0.01792	0.01915	0.01508	0.02014	0.01999	0.01233	0.56776	0.16660	0.03946	0.01834	0.01789	0.01322	0.00826	0.00674	0.00207	0.00697	0.00635	0.00674	0.01125
70	0.01003	0.00810	0.00862	0.00820	0.01063	0.00746	0.00628	0.07370	0.03564	0.02154	0.12859	0.08194	0.52365	0.01581	0.00785	0.00227	0.00389	0.03302	0.00641	0.00640
71	0.00853	0.00635	0.00809	0.00912	0.01008	0.00571	0.00623	0.00988	0.01317	0.01755	0.03849	0.63839	0.11146	0.01953	0.00826	0.00256	0.00391	0.01756	0.00608	0.05905
72	0.01537	0.09176	0.47590	0.01995	0.02845	0.04111	0.15031	0.06065	0.01561	0.02190	0.01229	0.01467	0.00900	0.00630	0.00650	0.00207	0.00988	0.00545	0.00319	0.00966
73	0.01590	0.01431	0.02338	0.12548	0.49806	0.01477	0.01801	0.02079	0.06744	0.04702	0.01617	0.07944	0.01418	0.00764	0.00683	0.00211	0.00747	0.00721	0.00397	0.00982
74	0.01582	0.01154	0.01394	0.01337	0.06580	0.06127	0.02955	0.08787	0.01891	0.12592	0.29577	0.12506	0.06126	0.01185	0.00740	0.00212	0.00534	0.01032	0.00647	0.03043
75	0.09311	0.02167	0.02086	0.03946	0.22071	0.27278	0.01484	0.14023	0.01867	0.02372	0.01184	0.01429	0.00958	0.00713	0.00734	0.00198	0.06345	0.00518	0.00400	0.00914

[dist]
# distance from previous block
# <min> <max>
0	8

# created by:
# /home/berkeley/.conda/envs/busco_data_prod/bin/msa2prfl.pl pipeline/OGs_align_augustus/4893/15957.fs
