[name]
unknown

[dist]
# distance from previous block
# <min> <max>
0	14

[block]
# block no. 0 follows, 32 sequences, length 72
# corresponding to MSA columns:
# 14-85
name=unknown_A
#
# <colnr> <probs for GDERKNQSTAVLIFYWHMCP>
#	G	D	E	R	K	N	Q	S	T	A	V	L	I	F	Y	W	H	M	C	P
0	0.01081	0.00772	0.01081	0.01236	0.01390	0.00772	0.01081	0.01390	0.01545	0.02008	0.03553	0.07569	0.03862	0.01854	0.00927	0.00309	0.00618	0.67717	0.00618	0.00618
1	0.02091	0.01141	0.01433	0.01086	0.01606	0.00945	0.00878	0.02435	0.04346	0.33726	0.07252	0.02107	0.01736	0.00728	0.00606	0.00161	0.00518	0.00597	0.00628	0.35980
2	0.01267	0.01193	0.02013	0.74806	0.04621	0.01491	0.01863	0.01714	0.01342	0.01714	0.01193	0.01789	0.00894	0.00671	0.00671	0.00224	0.00894	0.00596	0.00298	0.00745
3	0.03010	0.01142	0.01557	0.01194	0.01713	0.00986	0.00986	0.03270	0.01920	0.72698	0.02647	0.02284	0.01661	0.00830	0.00675	0.00208	0.00571	0.00675	0.00830	0.01142
4	0.01267	0.01193	0.02013	0.74806	0.04621	0.01491	0.01863	0.01714	0.01342	0.01714	0.01193	0.01789	0.00894	0.00671	0.00671	0.00224	0.00894	0.00596	0.00298	0.00745
5	0.01497	0.01427	0.02428	0.33469	0.44160	0.01551	0.01978	0.01916	0.01451	0.01994	0.01233	0.01714	0.00993	0.00628	0.00667	0.00209	0.00838	0.00597	0.00318	0.00931
6	0.81159	0.01298	0.00986	0.00882	0.01298	0.01505	0.00727	0.01972	0.01142	0.03010	0.00934	0.01090	0.00727	0.00623	0.00415	0.00208	0.00519	0.00363	0.00415	0.00727
7	0.02497	0.01104	0.01451	0.01168	0.01605	0.01009	0.00956	0.06765	0.04628	0.50924	0.13566	0.02985	0.02508	0.00976	0.00708	0.00214	0.00542	0.04579	0.00789	0.01029
8	0.00818	0.00584	0.00779	0.00934	0.00973	0.00545	0.00623	0.00934	0.01285	0.01713	0.03698	0.75981	0.04438	0.02102	0.00856	0.00273	0.00389	0.01908	0.00623	0.00545
9	0.00852	0.00658	0.00778	0.00800	0.00956	0.00584	0.00580	0.01059	0.01594	0.02086	0.28120	0.23439	0.32704	0.01689	0.00808	0.00233	0.00344	0.01471	0.00662	0.00584
10	0.01592	0.01788	0.03833	0.02960	0.10528	0.01686	0.62876	0.02140	0.01578	0.02154	0.01348	0.01795	0.01023	0.00569	0.00779	0.00223	0.01097	0.00772	0.00339	0.00921
11	0.01251	0.00625	0.00625	0.00625	0.00782	0.00625	0.00469	0.01563	0.01407	0.02502	0.02189	0.02502	0.01720	0.00782	0.00469	0.00156	0.00313	0.00625	0.80144	0.00625
12	0.01794	0.76823	0.03516	0.01148	0.01722	0.02655	0.01148	0.02009	0.01363	0.01579	0.00933	0.01076	0.00861	0.00574	0.00431	0.00144	0.00718	0.00359	0.00287	0.00861
13	0.01518	0.01189	0.01404	0.01009	0.01600	0.00902	0.00810	0.01813	0.01433	0.07697	0.01306	0.01461	0.01046	0.00523	0.00511	0.00108	0.00503	0.00419	0.00431	0.74317
14	0.02551	0.01879	0.02014	0.01544	0.02081	0.02081	0.01275	0.69996	0.03155	0.04229	0.01611	0.01611	0.01141	0.00805	0.00671	0.00201	0.00738	0.00604	0.00671	0.01141
15	0.00793	0.00680	0.00680	0.00680	0.00906	0.00566	0.00510	0.00963	0.01529	0.01813	0.06797	0.06457	0.71961	0.01699	0.00793	0.00227	0.00340	0.01416	0.00623	0.00566
16	0.01562	0.01493	0.02545	0.21898	0.55227	0.01568	0.02010	0.01973	0.01481	0.02072	0.01245	0.01693	0.01020	0.00616	0.00666	0.00205	0.00822	0.00597	0.00324	0.00983
17	0.03010	0.01142	0.01557	0.01194	0.01713	0.00986	0.00986	0.03270	0.01920	0.72698	0.02647	0.02284	0.01661	0.00830	0.00675	0.00208	0.00571	0.00675	0.00830	0.01142
18	0.00816	0.00588	0.00774	0.00922	0.00970	0.00546	0.00618	0.00936	0.01296	0.01717	0.03842	0.72760	0.07567	0.02083	0.00853	0.00270	0.00387	0.01885	0.00623	0.00546
19	0.00793	0.00680	0.00680	0.00680	0.00906	0.00566	0.00510	0.00963	0.01529	0.01813	0.06797	0.06457	0.71961	0.01699	0.00793	0.00227	0.00340	0.01416	0.00623	0.00566
20	0.00897	0.00667	0.00842	0.00902	0.01022	0.00624	0.00651	0.01150	0.03747	0.02077	0.24865	0.38085	0.14552	0.01770	0.00826	0.00248	0.00378	0.05443	0.00660	0.00596
21	0.01560	0.01764	0.03813	0.08220	0.03590	0.01681	0.64707	0.02117	0.01566	0.02117	0.01345	0.01808	0.01009	0.00573	0.00783	0.00226	0.01113	0.00777	0.00336	0.00893
22	0.00833	0.00689	0.00737	0.00764	0.00974	0.00593	0.00591	0.01019	0.01523	0.01835	0.06249	0.09139	0.60361	0.01735	0.00813	0.00239	0.00379	0.10333	0.00622	0.00573
23	0.01794	0.76823	0.03516	0.01148	0.01722	0.02655	0.01148	0.02009	0.01363	0.01579	0.00933	0.01076	0.00861	0.00574	0.00431	0.00144	0.00718	0.00359	0.00287	0.00861
24	0.04981	0.01489	0.01734	0.03736	0.01947	0.01560	0.01145	0.32462	0.09284	0.28639	0.02133	0.02148	0.01497	0.00853	0.00675	0.00211	0.00651	0.03061	0.00708	0.01089
25	0.14408	0.17385	0.15808	0.02032	0.12765	0.07054	0.12537	0.06682	0.01558	0.02276	0.01155	0.01393	0.00912	0.00620	0.00589	0.00194	0.00853	0.00512	0.00352	0.00914
26	0.01390	0.01311	0.01918	0.36775	0.09782	0.04771	0.03634	0.01941	0.09275	0.01912	0.01663	0.02539	0.01436	0.01106	0.04919	0.00282	0.05639	0.08523	0.00389	0.00794
27	0.02314	0.02410	0.01956	0.01664	0.02012	0.35503	0.01314	0.24633	0.03930	0.02517	0.01241	0.01421	0.00989	0.00821	0.00915	0.00205	0.14281	0.00525	0.00452	0.00897
28	0.01839	0.72161	0.03414	0.01185	0.01744	0.07155	0.01157	0.02052	0.01397	0.01583	0.00939	0.01085	0.00861	0.00581	0.00442	0.00145	0.00749	0.00363	0.00291	0.00856
29	0.00810	0.00676	0.00706	0.00707	0.00919	0.00572	0.00527	0.00993	0.01557	0.01899	0.13374	0.09232	0.62359	0.01683	0.00796	0.00227	0.00340	0.01416	0.00635	0.00572
30	0.00811	0.00680	0.00705	0.00699	0.00918	0.00574	0.00524	0.00999	0.01573	0.01916	0.14461	0.06287	0.64233	0.01661	0.00793	0.00225	0.00337	0.01392	0.00637	0.00574
31	0.00884	0.00594	0.00816	0.00935	0.00974	0.00573	0.00633	0.00944	0.01204	0.01614	0.03152	0.58702	0.03710	0.02358	0.06599	0.13116	0.00526	0.01607	0.00550	0.00509
32	0.01346	0.03471	0.72942	0.01912	0.02904	0.01558	0.02479	0.02125	0.01417	0.02125	0.01204	0.01417	0.00850	0.00637	0.00637	0.00212	0.00992	0.00496	0.00283	0.00992
33	0.01360	0.05788	0.70749	0.01888	0.02867	0.01593	0.02437	0.02121	0.01415	0.02108	0.01196	0.01406	0.00850	0.00635	0.00631	0.00210	0.00983	0.00491	0.00283	0.00988
34	0.00818	0.00584	0.00779	0.00934	0.00973	0.00545	0.00623	0.00934	0.01285	0.01713	0.03698	0.75981	0.04438	0.02102	0.00856	0.00273	0.00389	0.01908	0.00623	0.00545
35	0.01794	0.76823	0.03516	0.01148	0.01722	0.02655	0.01148	0.02009	0.01363	0.01579	0.00933	0.01076	0.00861	0.00574	0.00431	0.00144	0.00718	0.00359	0.00287	0.00861
36	0.01708	0.62750	0.16836	0.01295	0.01949	0.02445	0.01403	0.02031	0.01374	0.01683	0.00985	0.01142	0.00859	0.00586	0.00470	0.00157	0.00770	0.00385	0.00286	0.00886
37	0.01669	0.01441	0.01517	0.01365	0.01745	0.01669	0.01062	0.03565	0.71021	0.02807	0.02731	0.02503	0.02048	0.00910	0.00683	0.00228	0.00531	0.00759	0.00683	0.01062
38	0.01468	0.01468	0.02055	0.01762	0.01762	0.02055	0.01468	0.01615	0.01028	0.01615	0.00881	0.01468	0.00881	0.01174	0.02202	0.00294	0.75191	0.00587	0.00294	0.00734
39	0.00816	0.00591	0.00771	0.00915	0.00968	0.00547	0.00614	0.00937	0.01304	0.01721	0.03938	0.70608	0.09656	0.02071	0.00852	0.00269	0.00385	0.01870	0.00623	0.00547
40	0.00818	0.00584	0.00779	0.00934	0.00973	0.00545	0.00623	0.00934	0.01285	0.01713	0.03698	0.75981	0.04438	0.02102	0.00856	0.00273	0.00389	0.01908	0.00623	0.00545
41	0.00938	0.00685	0.00881	0.00832	0.00995	0.00628	0.00624	0.01244	0.01873	0.02627	0.67173	0.05117	0.11077	0.01395	0.00792	0.00212	0.00318	0.01228	0.00730	0.00628
42	0.01769	0.72004	0.05628	0.01193	0.01760	0.02601	0.01200	0.02000	0.01354	0.01597	0.00940	0.01100	0.00861	0.00596	0.00497	0.00151	0.03231	0.00371	0.00287	0.00861
43	0.01391	0.01193	0.01391	0.00994	0.01590	0.00894	0.00795	0.01690	0.01391	0.02186	0.01193	0.01391	0.00994	0.00497	0.00497	0.00099	0.00497	0.00398	0.00398	0.80521
44	0.02392	0.01671	0.05047	0.03698	0.02023	0.03707	0.01224	0.30083	0.17200	0.22642	0.02090	0.01974	0.01451	0.00820	0.00671	0.00209	0.00678	0.00647	0.00679	0.01095
45	0.01661	0.01594	0.02724	0.04119	0.72233	0.01594	0.02059	0.02059	0.01528	0.02192	0.01262	0.01661	0.01063	0.00598	0.00664	0.00199	0.00797	0.00598	0.00332	0.01063
46	0.00945	0.00686	0.00890	0.00839	0.00999	0.00631	0.00629	0.01256	0.01887	0.02662	0.69770	0.05059	0.08458	0.01382	0.00791	0.00212	0.00317	0.01220	0.00735	0.00631
47	0.01674	0.14071	0.49195	0.01703	0.02545	0.01738	0.02032	0.09882	0.01643	0.07563	0.01318	0.01453	0.00945	0.00661	0.00613	0.00201	0.00891	0.00501	0.00369	0.01000
48	0.00971	0.00669	0.00824	0.00824	0.00855	0.00700	0.00521	0.01035	0.01003	0.01369	0.02030	0.03926	0.02238	0.57517	0.22042	0.00764	0.00954	0.00908	0.00394	0.00458
49	0.00833	0.00681	0.00735	0.00722	0.00931	0.00583	0.00541	0.01040	0.01624	0.02037	0.23412	0.06088	0.55206	0.01616	0.00793	0.00223	0.00334	0.01364	0.00653	0.00583
50	0.01661	0.01594	0.02724	0.04119	0.72233	0.01594	0.02059	0.02059	0.01528	0.02192	0.01262	0.01661	0.01063	0.00598	0.00664	0.00199	0.00797	0.00598	0.00332	0.01063
51	0.04304	0.01645	0.13272	0.07626	0.02260	0.01482	0.09059	0.04911	0.01462	0.15864	0.01596	0.02119	0.01284	0.05954	0.04038	0.00298	0.18625	0.02896	0.00443	0.00862
52	0.01396	0.03172	0.61751	0.02264	0.13954	0.01564	0.02412	0.02114	0.01434	0.02136	0.01213	0.01456	0.00884	0.00631	0.00642	0.00210	0.00961	0.00512	0.00291	0.01003
53	0.00818	0.00584	0.00779	0.00934	0.00973	0.00545	0.00623	0.00934	0.01285	0.01713	0.03698	0.75981	0.04438	0.02102	0.00856	0.00273	0.00389	0.01908	0.00623	0.00545
54	0.02506	0.03198	0.01901	0.01729	0.02074	0.73725	0.01296	0.02679	0.01901	0.01642	0.01037	0.01210	0.00864	0.00691	0.00605	0.00173	0.01210	0.00432	0.00346	0.00778
55	0.01241	0.01102	0.01841	0.63032	0.04039	0.01358	0.01671	0.01595	0.01277	0.01645	0.01218	0.01857	0.00961	0.01061	0.04278	0.09335	0.00901	0.00600	0.00300	0.00687
56	0.00882	0.00612	0.00797	0.00928	0.00979	0.00584	0.00638	0.01014	0.01282	0.01733	0.03434	0.57563	0.04028	0.10417	0.01135	0.00314	0.00438	0.08400	0.04283	0.00540
57	0.00853	0.00609	0.00819	0.00975	0.01029	0.00576	0.00685	0.00996	0.01320	0.01753	0.03679	0.66776	0.04360	0.02069	0.00866	0.00277	0.00420	0.10763	0.00622	0.00555
58	0.02567	0.01854	0.01998	0.01532	0.02068	0.02042	0.01265	0.67659	0.03112	0.06627	0.01647	0.01635	0.01159	0.00806	0.00671	0.00202	0.00732	0.00607	0.00677	0.01141
59	0.01621	0.01779	0.08235	0.03691	0.53089	0.01612	0.15840	0.02082	0.01531	0.02178	0.01277	0.01673	0.01038	0.00594	0.00688	0.00206	0.00880	0.00630	0.00330	0.01025
60	0.02506	0.03198	0.01901	0.01729	0.02074	0.73725	0.01296	0.02679	0.01901	0.01642	0.01037	0.01210	0.00864	0.00691	0.00605	0.00173	0.01210	0.00432	0.00346	0.00778
61	0.00835	0.03882	0.00799	0.00699	0.00941	0.00654	0.00537	0.01007	0.01522	0.01803	0.06551	0.06231	0.68971	0.01652	0.00778	0.00223	0.00356	0.01372	0.00609	0.00579
62	0.00959	0.00719	0.01078	0.01078	0.01198	0.00839	0.00839	0.01198	0.01078	0.01558	0.01797	0.02636	0.01677	0.05032	0.73760	0.01078	0.01797	0.00719	0.00359	0.00599
63	0.02340	0.20434	0.02279	0.01593	0.01992	0.57087	0.01262	0.02522	0.01775	0.01627	0.01013	0.01179	0.00864	0.00664	0.00564	0.00166	0.01095	0.00415	0.00332	0.00797
64	0.01600	0.01186	0.01413	0.01020	0.01606	0.00906	0.00820	0.01893	0.01460	0.11274	0.01380	0.01506	0.01080	0.00540	0.00520	0.00113	0.00506	0.00433	0.00453	0.70290
65	0.01041	0.00756	0.00978	0.01075	0.01210	0.00743	0.00842	0.05751	0.01547	0.02031	0.05438	0.36715	0.09028	0.01868	0.00866	0.00277	0.00499	0.28091	0.00627	0.00618
66	0.01683	0.58682	0.20686	0.01337	0.02014	0.02384	0.01477	0.02038	0.01377	0.01714	0.01000	0.01161	0.00858	0.00590	0.00482	0.00161	0.00785	0.00393	0.00286	0.00893
67	0.01408	0.13615	0.63341	0.01807	0.02741	0.01710	0.02295	0.02109	0.01409	0.02049	0.01167	0.01370	0.00852	0.00629	0.00609	0.00203	0.00954	0.00477	0.00284	0.00974
68	0.01372	0.07766	0.68877	0.01868	0.02835	0.01623	0.02401	0.02118	0.01414	0.02093	0.01188	0.01397	0.00851	0.00634	0.00625	0.00208	0.00976	0.00488	0.00284	0.00984
69	0.01366	0.06852	0.69743	0.01877	0.02850	0.01609	0.02418	0.02120	0.01414	0.02100	0.01192	0.01401	0.00850	0.00635	0.00628	0.00209	0.00979	0.00490	0.00283	0.00986
70	0.02104	0.03141	0.25098	0.01755	0.02319	0.44489	0.01662	0.02558	0.04929	0.04121	0.01221	0.01371	0.00940	0.00688	0.00621	0.00189	0.01087	0.00476	0.00356	0.00872
71	0.01787	0.01992	0.14230	0.02040	0.02701	0.05744	0.30630	0.06588	0.04197	0.09769	0.01492	0.01713	0.01092	0.00631	0.00689	0.00199	0.00915	0.00640	0.00425	0.12527

[dist]
# distance from previous block
# <min> <max>
0	4

# created by:
# /home/berkeley/.conda/envs/busco_data_prod/bin/msa2prfl.pl pipeline/OGs_align_augustus/4893/1598.fs
