[name]
unknown

[dist]
# distance from previous block
# <min> <max>
0	32

[block]
# block no. 0 follows, 33 sequences, length 44
# corresponding to MSA columns:
# 32-75
name=unknown_A
#
# <colnr> <probs for GDERKNQSTAVLIFYWHMCP>
#	G	D	E	R	K	N	Q	S	T	A	V	L	I	F	Y	W	H	M	C	P
0	0.13135	0.02052	0.16765	0.03591	0.10571	0.08492	0.04625	0.15270	0.08391	0.02598	0.01455	0.01796	0.01154	0.00752	0.00680	0.00210	0.03448	0.03654	0.00436	0.00924
1	0.01769	0.51009	0.15344	0.01409	0.02017	0.12065	0.04553	0.02086	0.01428	0.01676	0.00994	0.01165	0.00850	0.00589	0.00497	0.00160	0.00834	0.00404	0.00291	0.00858
2	0.07479	0.26590	0.24550	0.01811	0.10730	0.01877	0.05222	0.02105	0.03003	0.05968	0.01191	0.01382	0.00936	0.00635	0.00623	0.00189	0.03978	0.00480	0.00337	0.00916
3	0.01521	0.22580	0.04274	0.01742	0.06597	0.01730	0.18511	0.05786	0.03321	0.01989	0.01896	0.03829	0.09274	0.00931	0.03240	0.00222	0.05668	0.00685	0.00384	0.05821
4	0.01099	0.00783	0.01083	0.01060	0.01194	0.00888	0.00827	0.03560	0.01230	0.03877	0.02168	0.10346	0.04046	0.03504	0.44969	0.00729	0.06290	0.03698	0.08022	0.00627
5	0.00945	0.05652	0.01088	0.00965	0.01131	0.00788	0.03401	0.01210	0.05459	0.01837	0.08548	0.43515	0.19607	0.01700	0.00782	0.00241	0.00424	0.01509	0.00590	0.00609
6	0.05528	0.04291	0.26735	0.16276	0.07744	0.01515	0.09109	0.02099	0.06617	0.06077	0.01456	0.04587	0.01141	0.00724	0.00697	0.00215	0.03307	0.00620	0.00370	0.00892
7	0.00805	0.00583	0.00761	0.00897	0.00951	0.00539	0.00604	0.00929	0.01297	0.01719	0.06106	0.69261	0.09095	0.02012	0.00834	0.00262	0.00376	0.01816	0.00615	0.00539
8	0.00822	0.00606	0.00770	0.00862	0.00950	0.00554	0.00596	0.00980	0.01407	0.01871	0.16645	0.52631	0.15146	0.01871	0.00819	0.00249	0.00361	0.01673	0.00632	0.00554
9	0.05480	0.04415	0.34438	0.04367	0.22136	0.04002	0.04916	0.06540	0.03584	0.02260	0.01248	0.01495	0.00948	0.00630	0.00626	0.00202	0.00871	0.00532	0.00339	0.00971
10	0.01182	0.01210	0.06493	0.01620	0.12047	0.05968	0.04442	0.04145	0.01435	0.01895	0.02722	0.48062	0.03073	0.01519	0.00769	0.00241	0.00589	0.01376	0.00514	0.00698
11	0.00801	0.00577	0.00760	0.00907	0.00952	0.00536	0.00607	0.00918	0.01270	0.01684	0.03751	0.73612	0.07097	0.02047	0.00838	0.00266	0.00380	0.01852	0.00611	0.00536
12	0.02713	0.01567	0.01717	0.01345	0.01842	0.07939	0.01098	0.27154	0.04218	0.40266	0.02096	0.01917	0.01388	0.00796	0.00655	0.00199	0.00674	0.00618	0.00713	0.01086
13	0.01557	0.08953	0.12620	0.19282	0.13269	0.11125	0.04650	0.02067	0.07036	0.01915	0.03388	0.03615	0.01230	0.00740	0.00736	0.00206	0.05807	0.00600	0.00353	0.00851
14	0.00940	0.00705	0.01058	0.01058	0.01176	0.00823	0.00823	0.01176	0.01058	0.01528	0.01763	0.02586	0.01646	0.04937	0.74255	0.01058	0.01763	0.00705	0.00353	0.00588
15	0.01838	0.68987	0.03273	0.01190	0.01728	0.10598	0.01143	0.02045	0.01397	0.01556	0.00927	0.01071	0.00845	0.00576	0.00442	0.00144	0.00758	0.00360	0.00288	0.00836
16	0.07138	0.01295	0.05035	0.01326	0.01674	0.01272	0.06475	0.18237	0.07643	0.05587	0.05713	0.12366	0.02232	0.05416	0.08420	0.00334	0.00753	0.07718	0.00551	0.00814
17	0.01035	0.00847	0.04086	0.01032	0.01176	0.00760	0.00769	0.04465	0.07865	0.03747	0.03313	0.60970	0.03765	0.01801	0.00802	0.00256	0.00441	0.01617	0.00609	0.00643
18	0.00802	0.00573	0.00764	0.00917	0.00955	0.00535	0.00611	0.00917	0.01260	0.01681	0.03628	0.76434	0.04354	0.02062	0.00840	0.00267	0.00382	0.01872	0.00611	0.00535
19	0.01433	0.22263	0.55579	0.01685	0.02553	0.01804	0.02099	0.02056	0.01377	0.01948	0.01113	0.01305	0.00837	0.00610	0.00574	0.00191	0.00904	0.00452	0.00279	0.00940
20	0.01574	0.01655	0.03483	0.06306	0.05660	0.01566	0.57957	0.02085	0.01554	0.05559	0.01628	0.02002	0.04310	0.00625	0.00761	0.00220	0.01024	0.00783	0.00367	0.00881
21	0.00812	0.00577	0.00761	0.00904	0.00940	0.00541	0.00598	0.00919	0.01242	0.01656	0.03533	0.72011	0.04234	0.06650	0.00994	0.00290	0.00398	0.01815	0.00598	0.00526
22	0.01646	0.01927	0.09766	0.02546	0.03222	0.01698	0.56159	0.10269	0.01723	0.02350	0.01348	0.01719	0.00999	0.00589	0.00750	0.00218	0.01052	0.00729	0.00367	0.00923
23	0.05800	0.01524	0.02153	0.04158	0.31569	0.05994	0.06917	0.10823	0.03582	0.07357	0.08259	0.05624	0.01735	0.00787	0.00669	0.00203	0.00728	0.00710	0.00468	0.00940
24	0.14133	0.01688	0.01744	0.01419	0.01841	0.08595	0.04581	0.31303	0.11149	0.05676	0.01597	0.01763	0.01225	0.04242	0.03399	0.00253	0.03315	0.00592	0.00546	0.00939
25	0.00990	0.00679	0.00843	0.00909	0.00981	0.00673	0.00664	0.01127	0.01218	0.01620	0.02850	0.09902	0.05320	0.39008	0.02095	0.00459	0.00588	0.26135	0.03440	0.00498
26	0.09737	0.01746	0.05009	0.05692	0.07185	0.05264	0.13113	0.25673	0.05754	0.08887	0.01500	0.01647	0.01097	0.00723	0.00714	0.00208	0.03975	0.00601	0.00504	0.00971
27	0.01532	0.36507	0.31523	0.01432	0.02125	0.01965	0.01627	0.04038	0.03741	0.01908	0.01444	0.01710	0.04126	0.00699	0.00553	0.00182	0.00788	0.02881	0.00330	0.00890
28	0.81514	0.01273	0.00968	0.00866	0.01273	0.01477	0.00713	0.01935	0.01120	0.02954	0.00917	0.01069	0.00713	0.00611	0.00407	0.00204	0.00509	0.00356	0.00407	0.00713
29	0.00987	0.00704	0.00878	0.00868	0.00898	0.00762	0.00575	0.01056	0.01006	0.01376	0.02006	0.03941	0.02219	0.54721	0.17182	0.00685	0.05296	0.03980	0.00393	0.00465
30	0.01415	0.01347	0.01631	0.01390	0.01627	0.09709	0.08423	0.09141	0.01497	0.01929	0.02383	0.02840	0.14494	0.07332	0.18186	0.00448	0.14291	0.00790	0.00423	0.00703
31	0.01995	0.05438	0.02451	0.01940	0.02313	0.39365	0.19326	0.02261	0.01615	0.01736	0.01140	0.03333	0.00981	0.00750	0.00882	0.00203	0.12576	0.00574	0.00334	0.00786
32	0.00801	0.00577	0.00760	0.00906	0.00952	0.00536	0.00606	0.00918	0.01271	0.01685	0.03758	0.73454	0.07251	0.02046	0.00838	0.00265	0.00380	0.01851	0.00611	0.00536
33	0.21943	0.01668	0.01706	0.01338	0.01835	0.01850	0.01105	0.50395	0.02551	0.07241	0.01467	0.01487	0.01045	0.00747	0.00597	0.00199	0.00663	0.00538	0.00605	0.01020
34	0.01243	0.01170	0.01975	0.75282	0.04534	0.01463	0.01828	0.01682	0.01316	0.01682	0.01170	0.01755	0.00878	0.00658	0.00658	0.00219	0.00878	0.00585	0.00293	0.00731
35	0.02900	0.01206	0.01581	0.01212	0.01723	0.01094	0.01001	0.11163	0.02027	0.65057	0.02477	0.02163	0.01569	0.00812	0.00662	0.00203	0.00580	0.00654	0.00796	0.01120
36	0.02459	0.03138	0.01866	0.01696	0.02035	0.74221	0.01272	0.02629	0.01866	0.01611	0.01018	0.01187	0.00848	0.00678	0.00594	0.00170	0.01187	0.00424	0.00339	0.00763
37	0.00944	0.00692	0.00991	0.00991	0.01085	0.00786	0.00739	0.01132	0.01038	0.01478	0.01825	0.02927	0.01794	0.19176	0.60219	0.00975	0.01541	0.00755	0.00362	0.00550
38	0.01345	0.01298	0.01823	0.01590	0.01609	0.01783	0.01310	0.01500	0.01015	0.01566	0.01045	0.01710	0.01036	0.03985	0.13864	0.00423	0.61500	0.00608	0.00302	0.00689
39	0.02459	0.03138	0.01866	0.01696	0.02035	0.74221	0.01272	0.02629	0.01866	0.01611	0.01018	0.01187	0.00848	0.00678	0.00594	0.00170	0.01187	0.00424	0.00339	0.00763
40	0.01629	0.01564	0.02672	0.04041	0.72757	0.01564	0.02020	0.02020	0.01499	0.02151	0.01238	0.01629	0.01043	0.00587	0.00652	0.00196	0.00782	0.00587	0.00326	0.01043
41	0.01806	0.72347	0.03345	0.01164	0.01713	0.07352	0.01136	0.02015	0.01373	0.01553	0.00922	0.01065	0.00845	0.00571	0.00434	0.00143	0.00736	0.00357	0.00285	0.00839
42	0.02526	0.01608	0.01805	0.01406	0.01911	0.01716	0.01154	0.45634	0.10230	0.22074	0.01966	0.01849	0.01350	0.00808	0.00661	0.00202	0.00659	0.00627	0.00701	0.01111
43	0.00816	0.00605	0.00765	0.00877	0.00962	0.00554	0.00610	0.00961	0.01353	0.01768	0.08203	0.55822	0.17497	0.01934	0.00828	0.00257	0.00378	0.04647	0.00618	0.00547

[dist]
# distance from previous block
# <min> <max>
0	1

[block]
# block no. 1 follows, 33 sequences, length 29
# corresponding to MSA columns:
# 77-105
name=unknown_B
#
# <colnr> <probs for GDERKNQSTAVLIFYWHMCP>
#	G	D	E	R	K	N	Q	S	T	A	V	L	I	F	Y	W	H	M	C	P
0	0.06295	0.01278	0.01908	0.65270	0.04149	0.04429	0.01718	0.04007	0.01385	0.01839	0.01162	0.01684	0.00874	0.00660	0.00640	0.00216	0.00862	0.00565	0.00314	0.00744
1	0.77978	0.01367	0.04163	0.00910	0.01343	0.01479	0.00789	0.01942	0.01132	0.02915	0.00928	0.01084	0.00718	0.00612	0.00417	0.00204	0.00530	0.00362	0.00402	0.00724
2	0.01632	0.01578	0.01987	0.39236	0.12582	0.11774	0.01619	0.10509	0.05533	0.02094	0.01317	0.01709	0.01019	0.00854	0.03624	0.00241	0.00905	0.00577	0.00372	0.00837
3	0.00941	0.00702	0.01042	0.01042	0.01154	0.00814	0.00803	0.01165	0.01053	0.01517	0.01778	0.02666	0.01681	0.08288	0.70952	0.01038	0.01711	0.00717	0.00355	0.00579
4	0.81514	0.01273	0.00968	0.00866	0.01273	0.01477	0.00713	0.01935	0.01120	0.02954	0.00917	0.01069	0.00713	0.00611	0.00407	0.00204	0.00509	0.00356	0.00407	0.00713
5	0.01772	0.01623	0.06106	0.11819	0.27464	0.01615	0.04423	0.23600	0.01989	0.02718	0.03568	0.02168	0.01395	0.00779	0.00682	0.00210	0.00772	0.05868	0.00458	0.00971
6	0.01717	0.72531	0.03302	0.01132	0.01670	0.02491	0.01122	0.01934	0.01349	0.01575	0.01074	0.01450	0.01027	0.00641	0.00453	0.00151	0.00698	0.04553	0.00302	0.00830
7	0.00940	0.00705	0.01058	0.01058	0.01176	0.00823	0.00823	0.01176	0.01058	0.01528	0.01763	0.02586	0.01646	0.04937	0.74255	0.01058	0.01763	0.00705	0.00353	0.00588
8	0.01112	0.00593	0.00889	0.00889	0.00907	0.00611	0.00611	0.00907	0.00889	0.01203	0.01240	0.02092	0.01222	0.02699	0.13713	0.68447	0.00757	0.00593	0.00296	0.00333
9	0.01760	0.77260	0.03450	0.01126	0.01690	0.02605	0.01126	0.01971	0.01338	0.01549	0.00915	0.01056	0.00845	0.00563	0.00422	0.00141	0.00704	0.00352	0.00282	0.00845
10	0.01577	0.05225	0.38705	0.04214	0.07146	0.12283	0.06935	0.02117	0.01492	0.04839	0.01382	0.01851	0.01105	0.00851	0.03116	0.00235	0.00977	0.04711	0.00339	0.00899
11	0.04728	0.01696	0.01696	0.03943	0.04343	0.09648	0.01162	0.23833	0.31669	0.05082	0.01982	0.01942	0.01473	0.00804	0.00642	0.00205	0.00672	0.00633	0.02843	0.01004
12	0.00945	0.00688	0.00972	0.00972	0.01060	0.00776	0.00716	0.01121	0.01033	0.01465	0.01842	0.03020	0.01834	0.23071	0.56379	0.00952	0.01480	0.00769	0.00364	0.00540
13	0.01412	0.02011	0.29665	0.07478	0.08929	0.01294	0.01644	0.02104	0.10450	0.06963	0.10945	0.02469	0.05422	0.00837	0.00666	0.00208	0.00717	0.02193	0.00456	0.04135
14	0.81514	0.01273	0.00968	0.00866	0.01273	0.01477	0.00713	0.01935	0.01120	0.02954	0.00917	0.01069	0.00713	0.00611	0.00407	0.00204	0.00509	0.00356	0.00407	0.00713
15	0.01660	0.01827	0.09106	0.01973	0.02470	0.05803	0.27066	0.11589	0.13455	0.02379	0.01660	0.06076	0.01357	0.00903	0.02589	0.00243	0.07755	0.00742	0.00442	0.00903
16	0.01088	0.00990	0.01694	0.11616	0.07240	0.00983	0.14688	0.01374	0.01393	0.01856	0.07419	0.28248	0.10611	0.03969	0.03511	0.00278	0.00672	0.01213	0.00483	0.00675
17	0.01202	0.01158	0.09511	0.03778	0.01499	0.00990	0.01003	0.03686	0.10915	0.03958	0.07280	0.10035	0.02592	0.18194	0.11008	0.00435	0.00768	0.10796	0.00503	0.00690
18	0.01455	0.00792	0.01030	0.00903	0.01159	0.00707	0.00701	0.01735	0.01830	0.21382	0.46782	0.04354	0.12043	0.01238	0.00746	0.00208	0.00380	0.01071	0.00737	0.00747
19	0.01703	0.07274	0.14893	0.09423	0.09105	0.04093	0.03990	0.16149	0.10189	0.03920	0.01611	0.01814	0.02854	0.01007	0.05263	0.00259	0.04482	0.00601	0.00438	0.00931
20	0.00988	0.00801	0.00931	0.05107	0.01225	0.00777	0.00688	0.05930	0.01638	0.02102	0.20107	0.07696	0.41473	0.04059	0.00899	0.00235	0.02904	0.01219	0.00603	0.00619
21	0.10831	0.22730	0.14995	0.04155	0.07304	0.05428	0.04634	0.08624	0.06431	0.04509	0.01346	0.01624	0.01083	0.00685	0.00570	0.00191	0.00765	0.02800	0.00395	0.00901
22	0.13748	0.14541	0.20966	0.03713	0.09932	0.03700	0.08626	0.04326	0.03534	0.03837	0.03711	0.04050	0.01222	0.00694	0.00593	0.00198	0.00781	0.00572	0.00374	0.00882
23	0.01836	0.20427	0.08552	0.04258	0.17509	0.04495	0.01465	0.17337	0.10271	0.02477	0.01391	0.01534	0.01095	0.00668	0.00588	0.00183	0.00741	0.00527	0.00428	0.04218
24	0.27606	0.08613	0.01647	0.03229	0.04786	0.08642	0.01038	0.09079	0.08229	0.05825	0.03919	0.03515	0.01280	0.00765	0.00657	0.00199	0.05893	0.00540	0.00460	0.04076
25	0.04424	0.03846	0.01642	0.07474	0.08266	0.10769	0.01119	0.17953	0.04698	0.04908	0.07765	0.06192	0.04233	0.07791	0.00901	0.00239	0.00695	0.02506	0.00509	0.04071
26	0.01367	0.01344	0.06662	0.01425	0.09064	0.07067	0.01038	0.06321	0.06292	0.03927	0.14747	0.07802	0.12704	0.08659	0.03665	0.00282	0.03140	0.00914	0.00518	0.03062
27	0.01545	0.06489	0.06266	0.01272	0.01647	0.03541	0.05374	0.17788	0.04100	0.04825	0.10461	0.12540	0.09621	0.04476	0.00825	0.00232	0.00618	0.05094	0.00559	0.02726
28	0.04096	0.06021	0.11579	0.03249	0.04775	0.01142	0.03911	0.06137	0.03979	0.02264	0.18128	0.03931	0.15236	0.03381	0.00793	0.00231	0.00588	0.09281	0.00527	0.00747

[dist]
# distance from previous block
# <min> <max>
0	9

[block]
# block no. 2 follows, 33 sequences, length 6
# corresponding to MSA columns:
# 115-120
name=unknown_C
#
# <colnr> <probs for GDERKNQSTAVLIFYWHMCP>
#	G	D	E	R	K	N	Q	S	T	A	V	L	I	F	Y	W	H	M	C	P
0	0.03334	0.09861	0.08118	0.12855	0.01862	0.01160	0.01055	0.01576	0.05430	0.02033	0.19231	0.06128	0.10329	0.06091	0.03876	0.00264	0.00621	0.00857	0.00481	0.04839
1	0.01694	0.01418	0.05373	0.07203	0.26958	0.01357	0.04711	0.09085	0.05170	0.10987	0.01987	0.02536	0.04855	0.04922	0.04149	0.00272	0.00770	0.05158	0.00471	0.00923
2	0.09175	0.01962	0.26316	0.12465	0.18256	0.01382	0.01750	0.01908	0.04148	0.02196	0.09174	0.05298	0.01672	0.00775	0.00643	0.00210	0.00754	0.00660	0.00383	0.00873
3	0.05668	0.01713	0.06357	0.07171	0.21365	0.07480	0.09149	0.08950	0.04194	0.09638	0.01424	0.01631	0.01077	0.00641	0.00630	0.00189	0.00782	0.00567	0.00430	0.10944
4	0.06787	0.04480	0.04569	0.08883	0.08156	0.06509	0.07038	0.03834	0.03333	0.07819	0.06718	0.16313	0.07189	0.01034	0.00679	0.00210	0.00658	0.00903	0.00487	0.04401
5	0.06846	0.10400	0.14587	0.04383	0.01971	0.01410	0.06986	0.04520	0.01452	0.11020	0.02047	0.10772	0.06934	0.01106	0.03711	0.00246	0.07171	0.00763	0.00447	0.03229

[dist]
# distance from previous block
# <min> <max>
19	75

[block]
# block no. 3 follows, 33 sequences, length 17
# corresponding to MSA columns:
# 199-215
name=unknown_D
#
# <colnr> <probs for GDERKNQSTAVLIFYWHMCP>
#	G	D	E	R	K	N	Q	S	T	A	V	L	I	F	Y	W	H	M	C	P
0	0.01636	0.08970	0.15103	0.09955	0.23804	0.06044	0.10945	0.08476	0.01627	0.02171	0.01443	0.01726	0.03850	0.00663	0.00646	0.00198	0.00863	0.00596	0.00355	0.00930
1	0.01628	0.03525	0.15090	0.02190	0.21869	0.06141	0.04377	0.07404	0.11126	0.05206	0.08323	0.02292	0.06325	0.00804	0.00666	0.00203	0.00734	0.00693	0.00464	0.00940
2	0.01480	0.05945	0.05136	0.08215	0.16601	0.04239	0.01266	0.01938	0.08709	0.07333	0.06422	0.13024	0.06551	0.00993	0.00735	0.00208	0.03874	0.00844	0.00477	0.06010
3	0.01775	0.01651	0.05163	0.08299	0.29088	0.08969	0.09750	0.02200	0.04379	0.11455	0.01610	0.06597	0.01326	0.00735	0.00668	0.00201	0.00800	0.00680	0.00423	0.04228
4	0.01619	0.01608	0.07406	0.06822	0.25397	0.06861	0.04527	0.04152	0.07250	0.06593	0.03784	0.09281	0.01597	0.00805	0.00659	0.00197	0.00725	0.00719	0.00438	0.09561
5	0.01507	0.03162	0.06529	0.05605	0.29721	0.03514	0.01461	0.06670	0.09704	0.02254	0.06097	0.08265	0.04061	0.03309	0.00752	0.00215	0.00678	0.00758	0.00446	0.05293
6	0.06222	0.02968	0.01905	0.18433	0.14796	0.01260	0.09174	0.01711	0.01477	0.06042	0.11900	0.06615	0.09770	0.00939	0.00751	0.00216	0.03753	0.00833	0.00451	0.00782
7	0.03444	0.07645	0.06323	0.03797	0.06584	0.04937	0.09295	0.08190	0.03672	0.03751	0.01987	0.07112	0.08660	0.00987	0.02342	0.00222	0.10424	0.00728	0.00426	0.09472
8	0.01364	0.01217	0.01934	0.20965	0.28497	0.01324	0.01534	0.04491	0.03668	0.01967	0.01499	0.04929	0.01309	0.01702	0.17948	0.00405	0.01001	0.00666	0.00362	0.03220
9	0.01809	0.60779	0.07425	0.01248	0.01801	0.10843	0.01219	0.02122	0.04516	0.01642	0.01022	0.01154	0.00896	0.00595	0.00466	0.00152	0.00769	0.00386	0.00305	0.00852
10	0.01379	0.01182	0.01371	0.00993	0.01568	0.00915	0.00793	0.01749	0.04867	0.02176	0.01245	0.01420	0.01027	0.00508	0.00497	0.00104	0.00489	0.00408	0.00404	0.76906
11	0.00784	0.00644	0.00691	0.00729	0.00905	0.00551	0.00528	0.00938	0.01441	0.01754	0.05915	0.23724	0.55589	0.01765	0.00793	0.00233	0.00345	0.01509	0.00611	0.00551
12	0.01320	0.01126	0.01431	0.04404	0.05875	0.03590	0.02900	0.06777	0.14672	0.02021	0.02121	0.15268	0.02050	0.09094	0.18513	0.00467	0.06251	0.00902	0.00475	0.00743
13	0.01061	0.00758	0.01061	0.01212	0.01364	0.00758	0.01061	0.01364	0.01515	0.01970	0.03486	0.07426	0.03789	0.01819	0.00909	0.00303	0.00606	0.68326	0.00606	0.00606
14	0.00957	0.00638	0.00718	0.00718	0.00718	0.00638	0.00399	0.00957	0.00957	0.01276	0.02074	0.04308	0.02393	0.76864	0.03351	0.00638	0.00638	0.00957	0.00399	0.00399
15	0.76741	0.01264	0.01002	0.00884	0.01298	0.01446	0.00728	0.02013	0.01167	0.07223	0.01019	0.01141	0.00769	0.00623	0.00423	0.00204	0.00512	0.00375	0.00432	0.00738
16	0.70972	0.01296	0.01070	0.00927	0.01349	0.01473	0.00764	0.06168	0.01296	0.08192	0.01080	0.01186	0.00805	0.00637	0.00441	0.00203	0.00526	0.00393	0.00453	0.00767

[dist]
# distance from previous block
# <min> <max>
0	1

[block]
# block no. 4 follows, 33 sequences, length 36
# corresponding to MSA columns:
# 217-252
name=unknown_E
#
# <colnr> <probs for GDERKNQSTAVLIFYWHMCP>
#	G	D	E	R	K	N	Q	S	T	A	V	L	I	F	Y	W	H	M	C	P
0	0.00833	0.00592	0.00749	0.00861	0.00902	0.00557	0.00561	0.00927	0.01213	0.01604	0.03495	0.57336	0.08114	0.17404	0.01352	0.00341	0.00432	0.01654	0.00568	0.00508
1	0.02347	0.01804	0.01873	0.01483	0.01965	0.05231	0.01211	0.58606	0.07904	0.03797	0.01749	0.04227	0.01344	0.00860	0.00669	0.00203	0.00717	0.02305	0.00642	0.01066
2	0.01030	0.00802	0.00888	0.00837	0.01073	0.00760	0.00637	0.01511	0.12741	0.04518	0.25092	0.05172	0.39642	0.01423	0.00757	0.00217	0.00364	0.01205	0.00660	0.00670
3	0.01365	0.01170	0.01365	0.00975	0.01560	0.00878	0.00780	0.01658	0.01365	0.02145	0.01170	0.01365	0.00975	0.00488	0.00488	0.00098	0.00488	0.00390	0.00390	0.80888
4	0.02063	0.01664	0.02109	0.04288	0.02233	0.05388	0.12896	0.33231	0.11283	0.07403	0.01894	0.02352	0.01496	0.00860	0.00703	0.00216	0.00770	0.07585	0.00580	0.00986
5	0.02435	0.01810	0.01938	0.01501	0.02016	0.02010	0.01235	0.65319	0.08448	0.04040	0.01666	0.01649	0.01189	0.00798	0.00659	0.00200	0.00709	0.00605	0.00659	0.01114
6	0.00802	0.00573	0.00764	0.00917	0.00955	0.00535	0.00611	0.00917	0.01260	0.01681	0.03628	0.76434	0.04354	0.02062	0.00840	0.00267	0.00382	0.01872	0.00611	0.00535
7	0.01271	0.01171	0.01957	0.66211	0.09382	0.01427	0.01773	0.01699	0.01333	0.01756	0.01225	0.01782	0.00931	0.00658	0.00648	0.00214	0.00841	0.00587	0.04386	0.00748
8	0.01669	0.04861	0.03364	0.02425	0.03000	0.09199	0.51612	0.05231	0.01632	0.02107	0.01403	0.01986	0.01136	0.00665	0.00782	0.00218	0.02982	0.04505	0.00361	0.00864
9	0.01866	0.01181	0.01257	0.01037	0.01371	0.01262	0.00833	0.32220	0.02163	0.06219	0.01915	0.02058	0.01433	0.00779	0.00557	0.00175	0.00503	0.00606	0.41706	0.00860
10	0.01554	0.01776	0.03885	0.02775	0.03441	0.01665	0.70366	0.02109	0.01554	0.02109	0.01332	0.01776	0.00999	0.00555	0.00777	0.00222	0.01110	0.00777	0.00333	0.00888
11	0.01962	0.01591	0.05757	0.05130	0.06323	0.01626	0.01270	0.26446	0.24619	0.09130	0.02111	0.04866	0.01644	0.00886	0.00677	0.00215	0.00652	0.03462	0.00612	0.01021
12	0.02328	0.02481	0.05606	0.01657	0.02079	0.36034	0.03008	0.26104	0.02194	0.04501	0.01261	0.01397	0.00968	0.00752	0.00747	0.00193	0.06816	0.00513	0.00456	0.00907
13	0.00957	0.00638	0.00718	0.00718	0.00718	0.00638	0.00399	0.00957	0.00957	0.01276	0.02074	0.04308	0.02393	0.76864	0.03351	0.00638	0.00638	0.00957	0.00399	0.00399
14	0.01585	0.01653	0.05493	0.06207	0.53234	0.03860	0.10092	0.02001	0.01525	0.02133	0.04867	0.01795	0.01280	0.00629	0.00670	0.00200	0.00821	0.00631	0.00344	0.00979
15	0.36057	0.01657	0.01533	0.07545	0.05501	0.11728	0.01091	0.17585	0.01762	0.08079	0.01242	0.01374	0.00922	0.00679	0.00542	0.00198	0.00701	0.00473	0.00471	0.00860
16	0.04485	0.01368	0.01359	0.01145	0.01495	0.05805	0.00909	0.29062	0.08805	0.05206	0.02120	0.05166	0.04338	0.00868	0.00599	0.00189	0.00564	0.00682	0.24957	0.00877
17	0.00878	0.00699	0.00782	0.00816	0.00987	0.00642	0.00605	0.01138	0.05402	0.01828	0.07545	0.19140	0.41378	0.07202	0.00985	0.00269	0.00402	0.08126	0.00603	0.00575
18	0.07135	0.01325	0.03085	0.01053	0.01591	0.03624	0.00864	0.06840	0.03823	0.04590	0.01608	0.01722	0.05383	0.00624	0.00531	0.00133	0.00537	0.00487	0.00443	0.54602
19	0.00875	0.00652	0.00818	0.00878	0.00989	0.00613	0.00619	0.01132	0.04679	0.02019	0.23810	0.43392	0.13569	0.01751	0.00806	0.00242	0.00361	0.01561	0.00647	0.00586
20	0.00859	0.00667	0.00772	0.00816	0.00975	0.00600	0.00616	0.01040	0.01455	0.01831	0.10987	0.16339	0.39205	0.07921	0.01022	0.00276	0.00411	0.13050	0.00603	0.00554
21	0.01288	0.01290	0.11259	0.01259	0.01624	0.01016	0.08145	0.05590	0.04856	0.07126	0.18113	0.07130	0.12614	0.06689	0.08707	0.00334	0.00718	0.00954	0.00539	0.00748
22	0.01516	0.12566	0.35008	0.04288	0.08016	0.01748	0.17086	0.05531	0.01498	0.02098	0.01191	0.01471	0.00904	0.00628	0.00694	0.00204	0.03755	0.00552	0.00314	0.00933
23	0.00818	0.00584	0.00782	0.00935	0.00980	0.00548	0.00639	0.00944	0.01276	0.01698	0.03620	0.72218	0.04320	0.02048	0.00844	0.00270	0.00396	0.05931	0.00611	0.00539
24	0.00866	0.00684	0.00784	0.00775	0.00958	0.00613	0.00575	0.01137	0.03846	0.02128	0.31272	0.12730	0.38144	0.01560	0.00780	0.00221	0.00336	0.01342	0.00656	0.00594
25	0.02340	0.03127	0.09460	0.01710	0.02122	0.64353	0.01394	0.04604	0.01852	0.01737	0.01052	0.01220	0.00855	0.00676	0.00599	0.00175	0.01151	0.00436	0.00342	0.00796
26	0.01206	0.00723	0.00823	0.03431	0.01064	0.00755	0.00625	0.04638	0.04204	0.02306	0.02322	0.14766	0.02088	0.01350	0.06999	0.00259	0.00495	0.00835	0.50468	0.00643
27	0.01397	0.01335	0.02290	0.46491	0.30137	0.01506	0.03813	0.01821	0.01392	0.01870	0.01200	0.01708	0.00943	0.00628	0.00659	0.00210	0.00848	0.00591	0.00306	0.00853
28	0.01671	0.01812	0.01762	0.19269	0.13215	0.26656	0.01370	0.02016	0.04425	0.01813	0.01825	0.05887	0.06293	0.00982	0.03020	0.00228	0.00892	0.02689	0.03406	0.00768
29	0.01755	0.06651	0.22479	0.07347	0.14770	0.01596	0.09218	0.07408	0.05556	0.11931	0.01487	0.01671	0.01089	0.00682	0.00701	0.00207	0.03474	0.00584	0.00418	0.00977
30	0.00824	0.00661	0.00742	0.00797	0.00957	0.00590	0.00578	0.01030	0.03544	0.01782	0.05357	0.30704	0.43779	0.01788	0.00802	0.00241	0.00367	0.04281	0.00613	0.00565
31	0.01649	0.14185	0.06815	0.01434	0.05617	0.16905	0.01138	0.05121	0.04412	0.05145	0.01989	0.18052	0.03788	0.01237	0.04442	0.00246	0.03226	0.00827	0.02995	0.00781
32	0.04830	0.03875	0.10581	0.10250	0.14780	0.09510	0.06178	0.04073	0.06410	0.18298	0.03710	0.01831	0.01312	0.00708	0.00644	0.00202	0.00787	0.00601	0.00475	0.00947
33	0.01003	0.05928	0.01146	0.00985	0.01165	0.00777	0.04895	0.01182	0.01386	0.04057	0.06714	0.40054	0.19531	0.03305	0.00831	0.00247	0.00448	0.02960	0.02782	0.00605
34	0.00990	0.00737	0.00927	0.01035	0.04323	0.00700	0.00725	0.01293	0.05609	0.03344	0.13776	0.29228	0.20634	0.01620	0.00784	0.00240	0.00411	0.08724	0.04274	0.00628
35	0.01730	0.19802	0.17256	0.01987	0.15146	0.11112	0.04012	0.05569	0.09767	0.02093	0.01308	0.01477	0.01041	0.00641	0.00585	0.00182	0.00820	0.00507	0.00367	0.04598

[dist]
# distance from previous block
# <min> <max>
0	19

# created by:
# /home/berkeley/.conda/envs/busco_data_prod/bin/msa2prfl.pl pipeline/OGs_align_augustus/4893/16139.fs
