[name]
unknown

[dist]
# distance from previous block
# <min> <max>
19	70

[block]
# block no. 0 follows, 34 sequences, length 55
# corresponding to MSA columns:
# 100-154
name=unknown_A
#
# <colnr> <probs for GDERKNQSTAVLIFYWHMCP>
#	G	D	E	R	K	N	Q	S	T	A	V	L	I	F	Y	W	H	M	C	P
0	0.01534	0.01430	0.01879	0.06210	0.06004	0.08933	0.12612	0.03816	0.06504	0.05449	0.07452	0.05842	0.04096	0.00792	0.00705	0.00182	0.04051	0.00694	0.00445	0.21371
1	0.03834	0.01407	0.01980	0.05574	0.22345	0.05344	0.07632	0.06245	0.03188	0.08743	0.07735	0.02118	0.03507	0.00735	0.00671	0.00186	0.02442	0.01963	0.00449	0.13899
2	0.01502	0.01424	0.02359	0.16387	0.38764	0.01490	0.09058	0.04401	0.08987	0.02128	0.01621	0.03926	0.03643	0.00700	0.00665	0.00205	0.00764	0.00673	0.00379	0.00924
3	0.04068	0.01501	0.01849	0.01882	0.14767	0.03563	0.03665	0.11717	0.18392	0.13145	0.07671	0.05054	0.05369	0.01001	0.00748	0.00241	0.00672	0.00803	0.00642	0.03249
4	0.01575	0.01511	0.02579	0.08510	0.68905	0.01529	0.01971	0.01962	0.01460	0.02082	0.01211	0.01607	0.01013	0.00580	0.00640	0.00193	0.00774	0.00576	0.00318	0.01004
5	0.01672	0.01492	0.02440	0.05487	0.60372	0.01483	0.01819	0.05036	0.01545	0.05610	0.01288	0.01613	0.01046	0.00591	0.00631	0.00187	0.00739	0.00567	0.00360	0.06022
6	0.07111	0.01134	0.01506	0.09444	0.04990	0.01073	0.06920	0.05820	0.03904	0.02172	0.04461	0.04580	0.17202	0.00868	0.00619	0.00176	0.00562	0.00744	0.00454	0.26263
7	0.01599	0.01535	0.02623	0.03966	0.73262	0.01535	0.01983	0.01983	0.01471	0.02111	0.01215	0.01599	0.01023	0.00576	0.00640	0.00192	0.00768	0.00576	0.00320	0.01023
8	0.00854	0.00641	0.00805	0.00889	0.00992	0.00594	0.00615	0.01065	0.04306	0.01785	0.08047	0.58102	0.11435	0.01817	0.00791	0.00244	0.00376	0.01628	0.00599	0.04415
9	0.01469	0.01403	0.02388	0.28563	0.49680	0.01501	0.01918	0.01869	0.01410	0.01953	0.01192	0.01641	0.00968	0.00600	0.00642	0.00200	0.00800	0.00575	0.00309	0.00919
10	0.01548	0.01483	0.02531	0.13609	0.64017	0.01522	0.01958	0.01938	0.01447	0.02049	0.01206	0.01616	0.01002	0.00585	0.00641	0.00195	0.00780	0.00576	0.00315	0.00982
11	0.00923	0.00692	0.01038	0.01038	0.01154	0.00808	0.00808	0.01154	0.01038	0.01500	0.01731	0.02538	0.01615	0.04846	0.74732	0.01038	0.01731	0.00692	0.00346	0.00577
12	0.01586	0.01522	0.02599	0.06439	0.70891	0.01532	0.01976	0.01972	0.01465	0.02095	0.01213	0.01603	0.01018	0.00578	0.00640	0.00193	0.00771	0.00576	0.00319	0.01013
13	0.02546	0.01193	0.01587	0.01213	0.01720	0.01073	0.03400	0.07375	0.06287	0.53261	0.02271	0.02047	0.01489	0.00754	0.00633	0.00188	0.00568	0.00621	0.00712	0.11060
14	0.01599	0.01535	0.02623	0.03966	0.73262	0.01535	0.01983	0.01983	0.01471	0.02111	0.01215	0.01599	0.01023	0.00576	0.00640	0.00192	0.00768	0.00576	0.00320	0.01023
15	0.01526	0.01430	0.02320	0.03318	0.57705	0.01400	0.01719	0.01944	0.03967	0.02161	0.05726	0.01798	0.01365	0.00621	0.00629	0.00182	0.00695	0.00595	0.00364	0.10534
16	0.01033	0.00706	0.00918	0.00845	0.01033	0.00637	0.00636	0.01320	0.01757	0.06111	0.59941	0.09593	0.05418	0.01292	0.00743	0.00201	0.00333	0.01141	0.00687	0.05654
17	0.01689	0.71117	0.09616	0.01171	0.01759	0.02463	0.01219	0.01945	0.01317	0.01567	0.00921	0.01065	0.00828	0.00558	0.00432	0.00144	0.00714	0.00357	0.00276	0.00840
18	0.01506	0.04799	0.10480	0.01165	0.01750	0.01108	0.02983	0.05514	0.03337	0.07141	0.05341	0.01635	0.01302	0.00596	0.00542	0.00136	0.00572	0.00486	0.00431	0.49175
19	0.01607	0.01388	0.01461	0.01315	0.01680	0.01607	0.01023	0.03433	0.72094	0.02703	0.02630	0.02411	0.01972	0.00877	0.00657	0.00219	0.00511	0.00731	0.00657	0.01023
20	0.02462	0.01689	0.01851	0.01431	0.01936	0.01838	0.01178	0.57818	0.07183	0.13282	0.01752	0.01691	0.01220	0.00785	0.00648	0.00196	0.00677	0.00600	0.00668	0.01094
21	0.01489	0.01170	0.01373	0.00990	0.01557	0.00910	0.00796	0.04317	0.01438	0.07125	0.01260	0.01407	0.01007	0.00512	0.00497	0.00107	0.00492	0.00409	0.00421	0.72724
22	0.01101	0.00725	0.00954	0.03138	0.01209	0.00708	0.00753	0.05932	0.01436	0.07253	0.03263	0.56145	0.03696	0.01781	0.00802	0.00256	0.00450	0.09171	0.00608	0.00621
23	0.81856	0.01250	0.00950	0.00850	0.01250	0.01449	0.00700	0.01899	0.01100	0.02899	0.00900	0.01050	0.00700	0.00600	0.00400	0.00200	0.00500	0.00350	0.00400	0.00700
24	0.00905	0.00660	0.00851	0.00803	0.00960	0.00606	0.00602	0.01201	0.01807	0.02539	0.68866	0.04912	0.10184	0.01340	0.00762	0.00204	0.00306	0.01180	0.00704	0.00606
25	0.00794	0.00565	0.00748	0.00891	0.00927	0.00529	0.00591	0.00901	0.01224	0.01633	0.03497	0.73793	0.04192	0.05213	0.00929	0.00278	0.00386	0.01799	0.00591	0.00519
26	0.01575	0.01963	0.15438	0.02531	0.06233	0.01565	0.51983	0.02129	0.01516	0.06533	0.01356	0.01701	0.00994	0.00574	0.00725	0.00213	0.01019	0.00699	0.00347	0.00906
27	0.03671	0.00632	0.00724	0.00756	0.00779	0.00630	0.00452	0.00963	0.01016	0.01404	0.02363	0.21529	0.02754	0.56629	0.02599	0.00525	0.00562	0.01134	0.00442	0.00434
28	0.01296	0.03342	0.73944	0.01842	0.02797	0.01501	0.02387	0.02046	0.01364	0.02046	0.01160	0.01364	0.00818	0.00614	0.00614	0.00205	0.00955	0.00477	0.00273	0.00955
29	0.00778	0.00655	0.00674	0.00669	0.00881	0.00551	0.00502	0.00954	0.01506	0.01824	0.12716	0.06089	0.66780	0.01607	0.00764	0.00217	0.00325	0.01346	0.00610	0.00551
30	0.01891	0.50521	0.09204	0.01312	0.01859	0.15413	0.02843	0.02149	0.01454	0.06611	0.01064	0.01186	0.00886	0.00596	0.00487	0.00155	0.00800	0.00401	0.00324	0.00846
31	0.04341	0.20287	0.49031	0.01597	0.02395	0.01760	0.01926	0.06301	0.01440	0.02070	0.01126	0.01313	0.00851	0.00698	0.02106	0.00206	0.00879	0.00453	0.00303	0.00918
32	0.00790	0.00579	0.00741	0.00862	0.00929	0.00531	0.00585	0.00918	0.01296	0.01704	0.07015	0.63887	0.13913	0.01940	0.00813	0.00254	0.00365	0.01742	0.00605	0.00531
33	0.00842	0.00620	0.00794	0.00914	0.00982	0.00596	0.00623	0.01069	0.05681	0.01749	0.05886	0.67339	0.06647	0.01916	0.00810	0.00256	0.00379	0.01729	0.00607	0.00559
34	0.04050	0.01605	0.07258	0.09671	0.34734	0.05304	0.01617	0.06435	0.05507	0.10678	0.03195	0.04319	0.01329	0.00713	0.00640	0.00199	0.00736	0.00628	0.00431	0.00952
35	0.01566	0.04646	0.42852	0.02166	0.16076	0.01588	0.03824	0.10201	0.04777	0.04323	0.01318	0.01502	0.00969	0.00639	0.00624	0.00200	0.00856	0.00528	0.00359	0.00986
36	0.01429	0.01793	0.12609	0.01841	0.04103	0.09649	0.21826	0.01758	0.01313	0.01738	0.01468	0.02208	0.03270	0.16781	0.01495	0.00307	0.14650	0.00696	0.00333	0.00734
37	0.28746	0.07895	0.01691	0.01445	0.05602	0.32559	0.01082	0.07022	0.03105	0.03922	0.01079	0.01218	0.00859	0.00645	0.00520	0.00181	0.00826	0.00421	0.00390	0.00792
38	0.00825	0.00599	0.00813	0.00992	0.03406	0.00561	0.00641	0.00936	0.01242	0.01652	0.03527	0.68844	0.06971	0.01966	0.00872	0.02914	0.00392	0.01732	0.00580	0.00535
39	0.01927	0.06316	0.03810	0.01660	0.09836	0.05691	0.01226	0.18142	0.33834	0.07679	0.01990	0.01933	0.01482	0.00776	0.00632	0.00201	0.00646	0.00627	0.00575	0.01016
40	0.01399	0.01406	0.08288	0.49264	0.13991	0.01405	0.03369	0.01836	0.01367	0.06273	0.01250	0.01687	0.00934	0.00633	0.00638	0.00205	0.00825	0.00567	0.00328	0.04338
41	0.03780	0.22764	0.39579	0.01591	0.04095	0.04346	0.01775	0.06200	0.01495	0.05086	0.02955	0.01401	0.01006	0.00633	0.00562	0.00184	0.00827	0.00470	0.00336	0.00915
42	0.01639	0.10674	0.07170	0.02022	0.02558	0.08967	0.35966	0.03858	0.04022	0.04418	0.01551	0.03823	0.03464	0.00695	0.00736	0.00204	0.04143	0.00689	0.02558	0.00844
43	0.00921	0.00721	0.00841	0.00800	0.00994	0.00673	0.00603	0.01306	0.07758	0.02300	0.43292	0.05113	0.29500	0.01395	0.00754	0.00210	0.00331	0.01200	0.00667	0.00622
44	0.01271	0.01605	0.18433	0.06411	0.07188	0.01199	0.09235	0.05776	0.07795	0.02128	0.04053	0.20504	0.05066	0.01055	0.00693	0.00218	0.00674	0.00949	0.04948	0.00798
45	0.02259	0.02756	0.01760	0.01598	0.01937	0.60725	0.01205	0.02743	0.15264	0.01796	0.01311	0.01403	0.01050	0.00706	0.00597	0.00177	0.01040	0.00476	0.00395	0.00801
46	0.01770	0.73067	0.03290	0.01140	0.01679	0.07019	0.01114	0.01975	0.01345	0.01524	0.00905	0.01044	0.00829	0.00560	0.00425	0.00140	0.00720	0.00350	0.00280	0.00824
47	0.00899	0.00667	0.00844	0.00832	0.00992	0.00612	0.00639	0.01172	0.01708	0.02334	0.50771	0.07391	0.17814	0.01453	0.00780	0.00219	0.00345	0.09262	0.00674	0.00594
48	0.10337	0.01428	0.01555	0.01427	0.06173	0.01589	0.01064	0.21991	0.32607	0.04694	0.06612	0.02228	0.03776	0.00847	0.00635	0.00207	0.00565	0.00682	0.00611	0.00972
49	0.05371	0.01189	0.01453	0.01124	0.01606	0.01103	0.00920	0.12378	0.04337	0.42786	0.02103	0.01954	0.01413	0.00739	0.00600	0.00180	0.00541	0.00587	0.06226	0.13388
50	0.00782	0.00655	0.00679	0.00673	0.00884	0.00553	0.00505	0.00962	0.01515	0.01846	0.14423	0.06053	0.65060	0.01599	0.00763	0.00216	0.00325	0.01341	0.00613	0.00553
51	0.00787	0.00562	0.00750	0.00900	0.00937	0.00525	0.00600	0.00900	0.01237	0.01649	0.03561	0.76871	0.04274	0.02024	0.00825	0.00262	0.00375	0.01837	0.00600	0.00525
52	0.02414	0.03079	0.01831	0.01665	0.01998	0.74698	0.01248	0.02580	0.01831	0.01581	0.00999	0.01165	0.00832	0.00666	0.00583	0.00166	0.01165	0.00416	0.00333	0.00749
53	0.01631	0.60709	0.10693	0.01236	0.01769	0.02344	0.01262	0.01891	0.01281	0.01579	0.00944	0.01147	0.00851	0.00729	0.02621	0.00183	0.07638	0.00389	0.00279	0.00824
54	0.01525	0.01299	0.06612	0.01947	0.22988	0.01185	0.01229	0.05080	0.11058	0.09881	0.14790	0.02769	0.02343	0.13190	0.01092	0.00270	0.00613	0.00765	0.00511	0.00852

[dist]
# distance from previous block
# <min> <max>
1	5

[block]
# block no. 1 follows, 34 sequences, length 157
# corresponding to MSA columns:
# 160-316
name=unknown_B
#
# <colnr> <probs for GDERKNQSTAVLIFYWHMCP>
#	G	D	E	R	K	N	Q	S	T	A	V	L	I	F	Y	W	H	M	C	P
0	0.56154	0.01761	0.07663	0.01097	0.01528	0.14462	0.00955	0.03950	0.01303	0.02578	0.00989	0.01197	0.00789	0.02651	0.00535	0.00206	0.00668	0.00395	0.00383	0.00734
1	0.01547	0.04320	0.05555	0.01160	0.01726	0.01200	0.02895	0.13688	0.04343	0.02455	0.03449	0.01524	0.01164	0.00582	0.00536	0.00132	0.00566	0.00468	0.00437	0.52254
2	0.00864	0.00676	0.00794	0.00814	0.01000	0.00606	0.00644	0.01093	0.01566	0.02001	0.22624	0.06106	0.40571	0.01590	0.00792	0.00232	0.00382	0.16443	0.00627	0.00573
3	0.01833	0.01359	0.01924	0.03734	0.05839	0.01451	0.11195	0.10557	0.20374	0.15976	0.09679	0.02280	0.01918	0.00852	0.00818	0.00215	0.07756	0.00722	0.00577	0.00941
4	0.01689	0.05760	0.04208	0.11547	0.11582	0.06018	0.11933	0.18902	0.04071	0.02449	0.04775	0.07354	0.01542	0.00827	0.00709	0.00207	0.02785	0.02316	0.00448	0.00876
5	0.01739	0.01320	0.02253	0.04476	0.20414	0.01296	0.17677	0.04351	0.03911	0.17341	0.01962	0.12503	0.01697	0.00891	0.00748	0.00217	0.02914	0.02892	0.00491	0.00905
6	0.00924	0.00690	0.01027	0.01027	0.01139	0.00802	0.00794	0.01147	0.01035	0.01492	0.01741	0.02595	0.01640	0.07254	0.72357	0.01025	0.01694	0.00701	0.00348	0.00571
7	0.01558	0.01654	0.01958	0.01692	0.01740	0.12484	0.01390	0.01703	0.01111	0.01559	0.00870	0.01378	0.00846	0.01064	0.01898	0.00266	0.65284	0.00544	0.00290	0.00713
8	0.01220	0.01148	0.01938	0.75739	0.04450	0.01436	0.01794	0.01651	0.01292	0.01651	0.01148	0.01723	0.00861	0.00646	0.00646	0.00215	0.00861	0.00574	0.00287	0.00718
9	0.01189	0.02401	0.46237	0.06735	0.06729	0.01262	0.01859	0.01757	0.01413	0.02015	0.08038	0.05744	0.10181	0.00862	0.00658	0.00209	0.00779	0.00718	0.00369	0.00844
10	0.00905	0.00653	0.00856	0.00819	0.00963	0.00604	0.00609	0.01197	0.01787	0.02524	0.67973	0.09966	0.05967	0.01371	0.00767	0.00207	0.00310	0.01216	0.00703	0.00604
11	0.01895	0.06851	0.02255	0.07513	0.09379	0.17133	0.11303	0.18325	0.05540	0.02377	0.01470	0.01666	0.03407	0.00709	0.00687	0.00190	0.03727	0.00580	0.00423	0.04571
12	0.09354	0.33322	0.02417	0.01421	0.03955	0.31967	0.01161	0.06294	0.01613	0.01840	0.00988	0.01138	0.00841	0.00617	0.00503	0.00160	0.00871	0.00396	0.00334	0.00806
13	0.00909	0.00660	0.00856	0.00807	0.00962	0.00607	0.00605	0.01208	0.01815	0.02559	0.70397	0.04879	0.08640	0.01333	0.00762	0.00204	0.00306	0.01176	0.00707	0.00607
14	0.01499	0.02068	0.24742	0.09286	0.31818	0.01557	0.04039	0.06054	0.01480	0.02127	0.01188	0.01518	0.00934	0.00640	0.00733	0.00202	0.05970	0.00545	0.00321	0.03279
15	0.00873	0.00659	0.00806	0.00769	0.00940	0.00592	0.00577	0.01138	0.01730	0.02356	0.54468	0.05213	0.24696	0.01409	0.00763	0.00207	0.00311	0.01223	0.00680	0.00592
16	0.00812	0.00608	0.00835	0.00938	0.01011	0.00563	0.02587	0.00946	0.01271	0.01676	0.03744	0.67112	0.09927	0.01944	0.00820	0.00258	0.00396	0.03420	0.00592	0.00538
17	0.01584	0.01731	0.10618	0.08098	0.42302	0.01543	0.12291	0.04034	0.05654	0.03863	0.01343	0.01663	0.01055	0.00609	0.00657	0.00201	0.00822	0.00604	0.00354	0.00976
18	0.00966	0.00752	0.00828	0.00866	0.01027	0.03019	0.00635	0.03317	0.01462	0.03935	0.06552	0.34139	0.32329	0.01709	0.00783	0.00238	0.00409	0.05849	0.00601	0.00583
19	0.20406	0.01402	0.01401	0.01219	0.01610	0.01604	0.00968	0.14073	0.42053	0.02969	0.04273	0.02030	0.01664	0.00810	0.00599	0.00210	0.00535	0.00631	0.00597	0.00947
20	0.02606	0.01569	0.01790	0.01372	0.01884	0.01647	0.01134	0.48083	0.02635	0.27665	0.01889	0.01771	0.01268	0.00784	0.00648	0.00196	0.00656	0.00605	0.00698	0.01099
21	0.08110	0.02441	0.01811	0.01535	0.01947	0.40421	0.01201	0.29907	0.02261	0.02671	0.01212	0.01311	0.00929	0.00705	0.00595	0.00180	0.00936	0.00478	0.00463	0.00885
22	0.79953	0.01234	0.00941	0.00844	0.01238	0.01429	0.00694	0.01890	0.01106	0.02887	0.00928	0.01082	0.00722	0.00603	0.00401	0.00199	0.00495	0.00356	0.02299	0.00697
23	0.01765	0.62520	0.09682	0.01236	0.01801	0.10529	0.01239	0.02017	0.01376	0.01575	0.00933	0.01081	0.00829	0.00571	0.00452	0.00147	0.00768	0.00365	0.00282	0.00832
24	0.78240	0.01243	0.00975	0.00863	0.01268	0.01427	0.00711	0.01957	0.01134	0.06142	0.00975	0.01102	0.00741	0.00609	0.00411	0.00200	0.00502	0.00364	0.00418	0.00718
25	0.00820	0.00585	0.00787	0.00937	0.00988	0.00553	0.00656	0.00956	0.01269	0.01686	0.03543	0.67985	0.04203	0.01994	0.00833	0.00267	0.00403	0.10403	0.00599	0.00534
26	0.08988	0.01111	0.01457	0.01126	0.01619	0.00988	0.00930	0.03053	0.01792	0.68249	0.02422	0.02111	0.01530	0.00784	0.00631	0.00200	0.00546	0.00627	0.00769	0.01069
27	0.00796	0.00611	0.00719	0.00784	0.00903	0.00545	0.00547	0.00941	0.01370	0.01752	0.10739	0.38755	0.32079	0.05253	0.00907	0.00256	0.00361	0.01547	0.00600	0.00534
28	0.00778	0.00655	0.00675	0.00670	0.00882	0.00552	0.00503	0.00956	0.01508	0.01828	0.13061	0.06082	0.66433	0.01605	0.00763	0.00217	0.00325	0.01345	0.00611	0.00552
29	0.01672	0.39540	0.11997	0.03610	0.04018	0.04374	0.04468	0.05605	0.01459	0.03644	0.01086	0.01256	0.00895	0.00574	0.00504	0.00153	0.00730	0.00423	0.00331	0.13661
30	0.02320	0.02793	0.01856	0.01650	0.01969	0.60485	0.01263	0.09174	0.01867	0.01822	0.01038	0.01227	0.00860	0.00722	0.00739	0.00181	0.08451	0.00447	0.00359	0.00779
31	0.01340	0.01148	0.01340	0.00957	0.01531	0.00861	0.00766	0.01627	0.01340	0.02105	0.01148	0.01340	0.00957	0.00479	0.00479	0.00096	0.00479	0.00383	0.00383	0.81242
32	0.01031	0.00881	0.05887	0.00910	0.01136	0.00712	0.00755	0.01410	0.03904	0.05053	0.63452	0.04426	0.05455	0.01241	0.00745	0.00204	0.00364	0.01090	0.00683	0.00663
33	0.01453	0.17968	0.54869	0.01737	0.04786	0.01690	0.02065	0.02064	0.01376	0.04684	0.01163	0.01339	0.00857	0.00608	0.00576	0.00191	0.00881	0.00461	0.00295	0.00938
34	0.01655	0.03762	0.07263	0.01513	0.06227	0.06005	0.03031	0.15232	0.22363	0.02526	0.02147	0.06075	0.06497	0.00869	0.00691	0.00197	0.03289	0.00705	0.00516	0.09439
35	0.14187	0.26443	0.24878	0.01390	0.02008	0.10761	0.01463	0.04538	0.05303	0.02062	0.01111	0.01251	0.00878	0.00619	0.00517	0.00179	0.00793	0.00426	0.00335	0.00859
36	0.01584	0.01528	0.02637	0.06429	0.68621	0.01535	0.04186	0.01974	0.01467	0.02094	0.01216	0.01608	0.01016	0.00577	0.00644	0.00194	0.00781	0.00582	0.00319	0.01008
37	0.01618	0.01580	0.02532	0.03768	0.67930	0.04860	0.01904	0.01981	0.01473	0.02062	0.01229	0.01654	0.01053	0.02766	0.00713	0.00203	0.00782	0.00579	0.00322	0.00993
38	0.01525	0.01743	0.03813	0.02723	0.03377	0.01634	0.70915	0.02070	0.01525	0.02070	0.01307	0.01743	0.00980	0.00545	0.00763	0.00218	0.01089	0.00763	0.00327	0.00871
39	0.00839	0.00648	0.00766	0.00756	0.00924	0.00575	0.00559	0.01066	0.01622	0.02146	0.38453	0.12622	0.33651	0.01522	0.00769	0.00215	0.00321	0.01316	0.00654	0.00575
40	0.01641	0.00821	0.01096	0.00936	0.01216	0.00734	0.00734	0.01926	0.01836	0.28627	0.47158	0.03865	0.04450	0.01130	0.00721	0.00202	0.00395	0.00979	0.00744	0.00789
41	0.00863	0.00668	0.00792	0.00822	0.00968	0.00619	0.00592	0.01146	0.05741	0.01994	0.22841	0.30281	0.27018	0.01642	0.00778	0.00230	0.00349	0.01439	0.00633	0.00584
42	0.00818	0.00657	0.00730	0.00712	0.00906	0.00569	0.00534	0.01033	0.01602	0.02053	0.30648	0.05713	0.48705	0.01522	0.00763	0.00213	0.00319	0.01293	0.00640	0.00569
43	0.01340	0.01148	0.01340	0.00957	0.01531	0.00861	0.00766	0.01627	0.01340	0.02105	0.01148	0.01340	0.00957	0.00479	0.00479	0.00096	0.00479	0.00383	0.00383	0.81242
44	0.00940	0.00626	0.00705	0.00705	0.00705	0.00626	0.00392	0.00940	0.00940	0.01253	0.02036	0.04228	0.02349	0.77292	0.03289	0.00626	0.00626	0.00940	0.00392	0.00392
45	0.55381	0.01210	0.01132	0.00956	0.01385	0.01307	0.00786	0.02328	0.04021	0.23899	0.01455	0.01442	0.01015	0.00670	0.00484	0.00201	0.00515	0.00453	0.00528	0.00831
46	0.00799	0.00569	0.00752	0.00888	0.00928	0.00532	0.00591	0.00913	0.01244	0.01664	0.05925	0.71016	0.04249	0.05447	0.00935	0.00277	0.00384	0.01772	0.00594	0.00522
47	0.01312	0.01117	0.01309	0.00948	0.01495	0.00845	0.00756	0.01601	0.01371	0.02137	0.05777	0.01565	0.01288	0.00533	0.00497	0.00103	0.00467	0.00433	0.00404	0.76042
48	0.75211	0.07588	0.01152	0.00871	0.01283	0.01541	0.00733	0.01902	0.01117	0.02785	0.00900	0.01049	0.00710	0.00596	0.00401	0.00195	0.00516	0.00350	0.00390	0.00710
49	0.01727	0.77681	0.03386	0.01106	0.01658	0.02557	0.01106	0.01935	0.01313	0.01520	0.00898	0.01036	0.00829	0.00553	0.00415	0.00138	0.00691	0.00345	0.00276	0.00829
50	0.00849	0.00641	0.00786	0.00794	0.00942	0.00577	0.00584	0.01075	0.01601	0.02147	0.38542	0.19865	0.24576	0.01563	0.00778	0.00222	0.00332	0.02899	0.00655	0.00574
51	0.00955	0.00703	0.00899	0.00842	0.01007	0.00668	0.00634	0.01349	0.05953	0.02598	0.68795	0.04685	0.05855	0.01295	0.00756	0.00204	0.00317	0.01143	0.00708	0.00634
52	0.01900	0.14367	0.04140	0.13543	0.06946	0.27596	0.01367	0.07580	0.10670	0.01963	0.01271	0.01463	0.01015	0.00685	0.00627	0.00184	0.02965	0.00499	0.00378	0.00841
53	0.00768	0.00655	0.00660	0.00659	0.00875	0.00547	0.00494	0.00936	0.01483	0.01769	0.08420	0.06179	0.71110	0.01627	0.00764	0.00218	0.00327	0.01358	0.00603	0.00547
54	0.01558	0.01559	0.02493	0.20455	0.47869	0.06237	0.06592	0.01950	0.01456	0.01967	0.01192	0.01610	0.00970	0.00596	0.00646	0.00197	0.00837	0.00578	0.00314	0.00924
55	0.00980	0.00729	0.00920	0.00860	0.01033	0.00704	0.00649	0.01428	0.08456	0.02602	0.66292	0.04599	0.05708	0.01279	0.00752	0.00205	0.00324	0.01127	0.00706	0.00649
56	0.01031	0.06561	0.01018	0.00824	0.00874	0.00878	0.00543	0.01071	0.00978	0.01310	0.01848	0.03684	0.02083	0.61575	0.07597	0.00592	0.05849	0.00853	0.00372	0.00458
57	0.01599	0.01535	0.02623	0.03966	0.73262	0.01535	0.01983	0.01983	0.01471	0.02111	0.01215	0.01599	0.01023	0.00576	0.00640	0.00192	0.00768	0.00576	0.00320	0.01023
58	0.01607	0.01388	0.01461	0.01315	0.01680	0.01607	0.01023	0.03433	0.72094	0.02703	0.02630	0.02411	0.01972	0.00877	0.00657	0.00219	0.00511	0.00731	0.00657	0.01023
59	0.01414	0.01414	0.01979	0.01696	0.01696	0.01979	0.01414	0.01555	0.00990	0.01555	0.00848	0.01414	0.00848	0.01131	0.02120	0.00283	0.76110	0.00565	0.00283	0.00707
60	0.01356	0.01163	0.01347	0.00978	0.01540	0.00906	0.00781	0.01735	0.05554	0.02141	0.01237	0.01404	0.01018	0.00502	0.00489	0.00103	0.00480	0.00404	0.00399	0.76464
61	0.01308	0.01137	0.01508	0.04194	0.01566	0.03401	0.01107	0.04658	0.03447	0.03868	0.01602	0.11132	0.01570	0.02285	0.23388	0.00492	0.31498	0.00765	0.00386	0.00687
62	0.00971	0.00757	0.01107	0.01080	0.01178	0.00908	0.00840	0.01179	0.01028	0.01490	0.01666	0.02535	0.01587	0.08917	0.63482	0.00942	0.08718	0.00695	0.00343	0.00578
63	0.01050	0.00690	0.00907	0.00836	0.01012	0.00633	0.00633	0.01351	0.01830	0.07440	0.68122	0.04647	0.05790	0.01285	0.00754	0.00203	0.00322	0.01133	0.00717	0.00643
64	0.01296	0.03342	0.73944	0.01842	0.02797	0.01501	0.02387	0.02046	0.01364	0.02046	0.01160	0.01364	0.00818	0.00614	0.00614	0.00205	0.00955	0.00477	0.00273	0.00955
65	0.02253	0.01465	0.01616	0.01283	0.01727	0.01575	0.01045	0.41166	0.11102	0.15817	0.01936	0.01890	0.01372	0.00789	0.00621	0.00192	0.00601	0.00615	0.11916	0.01020
66	0.01833	0.66721	0.03177	0.01161	0.01708	0.02477	0.01123	0.11927	0.01562	0.01889	0.00993	0.01111	0.00868	0.00585	0.00448	0.00146	0.00694	0.00380	0.00330	0.00868
67	0.00787	0.00562	0.00750	0.00900	0.00937	0.00525	0.00600	0.00900	0.01237	0.01649	0.03561	0.76871	0.04274	0.02024	0.00825	0.00262	0.00375	0.01837	0.00600	0.00525
68	0.00787	0.00562	0.00750	0.00900	0.00937	0.00525	0.00600	0.00900	0.01237	0.01649	0.03561	0.76871	0.04274	0.02024	0.00825	0.00262	0.00375	0.01837	0.00600	0.00525
69	0.01676	0.29191	0.24376	0.01828	0.09006	0.08774	0.08204	0.06334	0.01519	0.01951	0.01096	0.01299	0.00876	0.00597	0.00559	0.00177	0.00861	0.00468	0.00312	0.00899
70	0.00902	0.00660	0.00846	0.00800	0.00958	0.00604	0.00600	0.01195	0.01799	0.02520	0.67343	0.04943	0.11719	0.01347	0.00762	0.00204	0.00307	0.01185	0.00702	0.00604
71	0.01230	0.01102	0.01341	0.01314	0.06382	0.05000	0.05616	0.04404	0.15491	0.02195	0.16081	0.12218	0.19781	0.01353	0.03322	0.00244	0.00557	0.01058	0.00572	0.00738
72	0.01503	0.02098	0.26766	0.02532	0.28793	0.01525	0.03954	0.02205	0.11600	0.04134	0.03127	0.01723	0.01215	0.00688	0.00728	0.00207	0.05275	0.00586	0.00373	0.00969
73	0.04026	0.01687	0.04409	0.02636	0.38077	0.09946	0.01529	0.06736	0.01593	0.04940	0.01239	0.01491	0.00999	0.00590	0.00593	0.00170	0.00740	0.00511	0.00376	0.17713
74	0.08309	0.01720	0.01837	0.01417	0.01924	0.01891	0.01170	0.61398	0.02815	0.08734	0.01572	0.01559	0.01104	0.00764	0.00629	0.00195	0.00685	0.00569	0.00639	0.01070
75	0.03963	0.11161	0.12487	0.01311	0.05047	0.01337	0.01159	0.08042	0.03641	0.07066	0.01366	0.03817	0.01108	0.00625	0.00538	0.00149	0.00613	0.00492	0.00417	0.35660
76	0.01063	0.00816	0.01048	0.01181	0.05451	0.00795	0.00883	0.06614	0.01557	0.02008	0.04005	0.19093	0.21962	0.01639	0.00811	0.00256	0.00502	0.29097	0.00585	0.00633
77	0.01220	0.01148	0.01938	0.75739	0.04450	0.01436	0.01794	0.01651	0.01292	0.01651	0.01148	0.01723	0.00861	0.00646	0.00646	0.00215	0.00861	0.00574	0.00287	0.00718
78	0.01689	0.06270	0.02243	0.23180	0.22429	0.20426	0.03633	0.02001	0.01459	0.01756	0.01090	0.01476	0.00899	0.00670	0.00760	0.00198	0.08166	0.00525	0.00308	0.00820
79	0.01799	0.69940	0.03225	0.01164	0.01694	0.10042	0.01120	0.02002	0.01367	0.01527	0.00909	0.01050	0.00830	0.00565	0.00432	0.00141	0.00740	0.00353	0.00282	0.00821
80	0.01572	0.45075	0.32240	0.01418	0.02134	0.02108	0.01634	0.03952	0.01383	0.01808	0.01024	0.01185	0.00832	0.00584	0.00503	0.00167	0.00800	0.00406	0.00285	0.00888
81	0.00835	0.00637	0.00782	0.00922	0.00969	0.02720	0.00619	0.00949	0.01255	0.01647	0.03485	0.74630	0.04172	0.01984	0.00818	0.00260	0.00398	0.01795	0.00592	0.00531
82	0.00764	0.00655	0.00655	0.00655	0.00873	0.00545	0.00491	0.00927	0.01473	0.01745	0.06546	0.06218	0.73000	0.01636	0.00764	0.00218	0.00327	0.01364	0.00600	0.00545
83	0.01767	0.01803	0.04414	0.13756	0.31366	0.12581	0.06160	0.11465	0.06265	0.02261	0.01314	0.01601	0.01033	0.00645	0.00641	0.00196	0.00844	0.00572	0.00382	0.00935
84	0.01383	0.26862	0.01551	0.00774	0.01061	0.01268	0.00674	0.01652	0.01341	0.02106	0.01696	0.01941	0.01374	0.00685	0.00439	0.00146	0.00434	0.00515	0.53419	0.00680
85	0.01562	0.01532	0.02548	0.14880	0.57312	0.03746	0.05089	0.01954	0.01457	0.02022	0.01203	0.01612	0.00991	0.00588	0.00645	0.00196	0.00809	0.00579	0.00316	0.00961
86	0.00923	0.00692	0.01038	0.01038	0.01154	0.00808	0.00808	0.01154	0.01038	0.01500	0.01731	0.02538	0.01615	0.04846	0.74732	0.01038	0.01731	0.00692	0.00346	0.00577
87	0.00940	0.00626	0.00705	0.00705	0.00705	0.00626	0.00392	0.00940	0.00940	0.01253	0.02036	0.04228	0.02349	0.77292	0.03289	0.00626	0.00626	0.00940	0.00392	0.00392
88	0.81856	0.01250	0.00950	0.00850	0.01250	0.01449	0.00700	0.01899	0.01100	0.02899	0.00900	0.01050	0.00700	0.00600	0.00400	0.00200	0.00500	0.00350	0.00400	0.00700
89	0.01585	0.01521	0.02597	0.06695	0.70645	0.01531	0.01976	0.01970	0.01464	0.02093	0.01213	0.01604	0.01017	0.00578	0.00640	0.00193	0.00771	0.00576	0.00319	0.01012
90	0.01523	0.00874	0.00948	0.00838	0.01078	0.00908	0.00657	0.15176	0.01711	0.06854	0.04275	0.02314	0.01684	0.01002	0.04580	0.00212	0.00474	0.00624	0.53540	0.00727
91	0.02509	0.01726	0.01887	0.01447	0.01962	0.01879	0.01195	0.63052	0.02897	0.12326	0.01670	0.01628	0.01158	0.00778	0.00647	0.00195	0.00692	0.00590	0.00665	0.01099
92	0.76709	0.01262	0.00999	0.00880	0.01287	0.01450	0.00725	0.04139	0.01186	0.05290	0.00975	0.01104	0.00742	0.00612	0.00416	0.00200	0.00508	0.00367	0.00421	0.00726
93	0.01646	0.03059	0.01133	0.00918	0.01204	0.01133	0.00734	0.25311	0.01929	0.02954	0.01885	0.02079	0.01444	0.00755	0.00517	0.00165	0.00452	0.00588	0.51314	0.00778
94	0.01525	0.01743	0.03813	0.02723	0.03377	0.01634	0.70915	0.02070	0.01525	0.02070	0.01307	0.01743	0.00980	0.00545	0.00763	0.00218	0.01089	0.00763	0.00327	0.00871
95	0.00904	0.00628	0.00791	0.00822	0.00857	0.00648	0.00531	0.00981	0.01024	0.01392	0.02280	0.18812	0.02576	0.44970	0.19354	0.00647	0.00831	0.01067	0.00424	0.00462
96	0.01485	0.08892	0.21437	0.02358	0.03078	0.01682	0.47455	0.02052	0.01466	0.02015	0.01234	0.01585	0.00926	0.00563	0.00694	0.00207	0.01020	0.00654	0.00309	0.00889
97	0.01061	0.00786	0.00874	0.00836	0.00900	0.02786	0.00539	0.03167	0.01074	0.01436	0.01950	0.03855	0.02166	0.59530	0.07510	0.00580	0.02934	0.03461	0.00399	0.04154
98	0.00794	0.00565	0.00748	0.00891	0.00927	0.00529	0.00590	0.00902	0.01223	0.01631	0.03491	0.73544	0.04185	0.05471	0.00938	0.00279	0.00386	0.01796	0.00590	0.00519
99	0.01738	0.06252	0.07305	0.01416	0.01874	0.05671	0.03373	0.12375	0.44166	0.02666	0.02078	0.02000	0.01563	0.00786	0.00630	0.00202	0.00636	0.00638	0.00565	0.04065
100	0.00923	0.00692	0.01038	0.01038	0.01154	0.00808	0.00808	0.01154	0.01038	0.01500	0.01731	0.02538	0.01615	0.04846	0.74732	0.01038	0.01731	0.00692	0.00346	0.00577
101	0.01602	0.33144	0.33003	0.01630	0.04634	0.04278	0.05560	0.03880	0.01428	0.03776	0.01106	0.01281	0.00867	0.00595	0.00543	0.00176	0.00839	0.00449	0.00305	0.00903
102	0.01572	0.24421	0.24828	0.01940	0.10961	0.03523	0.11009	0.03724	0.08343	0.02003	0.01259	0.01450	0.00988	0.00613	0.00583	0.00186	0.00829	0.00515	0.00334	0.00920
103	0.01525	0.01743	0.03813	0.02723	0.03377	0.01634	0.70915	0.02070	0.01525	0.02070	0.01307	0.01743	0.00980	0.00545	0.00763	0.00218	0.01089	0.00763	0.00327	0.00871
104	0.00787	0.00562	0.00750	0.00900	0.00937	0.00525	0.00600	0.00900	0.01237	0.01649	0.03561	0.76871	0.04274	0.02024	0.00825	0.00262	0.00375	0.01837	0.00600	0.00525
105	0.04650	0.02119	0.26059	0.04685	0.23766	0.03535	0.12395	0.02101	0.01471	0.08827	0.01466	0.01700	0.03001	0.00640	0.00644	0.00202	0.00849	0.00588	0.00361	0.00942
106	0.00862	0.00641	0.00765	0.00835	0.00935	0.00598	0.00575	0.03205	0.01327	0.01710	0.04100	0.43670	0.22549	0.11849	0.01131	0.00297	0.00412	0.03431	0.00574	0.00533
107	0.01599	0.01535	0.02623	0.03966	0.73262	0.01535	0.01983	0.01983	0.01471	0.02111	0.01215	0.01599	0.01023	0.00576	0.00640	0.00192	0.00768	0.00576	0.00320	0.01023
108	0.01413	0.01389	0.02493	0.36893	0.30592	0.01505	0.12662	0.01843	0.01397	0.01892	0.01199	0.01679	0.00942	0.00603	0.00662	0.00207	0.00861	0.00604	0.00306	0.00859
109	0.01839	0.13818	0.06657	0.16716	0.11901	0.23000	0.01481	0.04049	0.05694	0.05119	0.01229	0.01464	0.00972	0.00663	0.00629	0.00186	0.02882	0.00499	0.00357	0.00845
110	0.01607	0.01388	0.01461	0.01315	0.01680	0.01607	0.01023	0.03433	0.72094	0.02703	0.02630	0.02411	0.01972	0.00877	0.00657	0.00219	0.00511	0.00731	0.00657	0.01023
111	0.00843	0.00658	0.00765	0.00738	0.00922	0.00579	0.00554	0.01081	0.01661	0.02192	0.41586	0.05484	0.37680	0.01470	0.00763	0.00210	0.00315	0.01261	0.00659	0.00579
112	0.01593	0.01209	0.04629	0.01161	0.01482	0.03429	0.03040	0.14335	0.05918	0.12321	0.11434	0.05092	0.09981	0.10888	0.03392	0.00294	0.00625	0.07810	0.00587	0.00780
113	0.02296	0.02842	0.01904	0.07402	0.02229	0.64066	0.03405	0.05099	0.01826	0.01696	0.01041	0.01240	0.00849	0.00665	0.00595	0.00173	0.01122	0.00445	0.00341	0.00764
114	0.02899	0.01100	0.01499	0.01150	0.01649	0.00950	0.00950	0.03149	0.01849	0.73709	0.02549	0.02199	0.01599	0.00800	0.00650	0.00200	0.00550	0.00650	0.00800	0.01100
115	0.00926	0.00680	0.00977	0.00977	0.01071	0.00774	0.00731	0.01114	0.01020	0.01455	0.01787	0.02849	0.01750	0.18143	0.61619	0.00963	0.01528	0.00738	0.00354	0.00543
116	0.01585	0.01529	0.02638	0.06258	0.68817	0.01535	0.04156	0.01975	0.01467	0.02095	0.01216	0.01608	0.01017	0.00577	0.00644	0.00193	0.00781	0.00582	0.00319	0.01009
117	0.00997	0.00763	0.01026	0.00987	0.01038	0.00891	0.00714	0.01118	0.00990	0.01403	0.01739	0.03100	0.01821	0.35005	0.34549	0.00761	0.11446	0.00780	0.00357	0.00516
118	0.00940	0.00626	0.00705	0.00705	0.00705	0.00626	0.00392	0.00940	0.00940	0.01253	0.02036	0.04228	0.02349	0.77292	0.03289	0.00626	0.00626	0.00940	0.00392	0.00392
119	0.02885	0.01122	0.01513	0.01160	0.01661	0.00983	0.00959	0.05308	0.01887	0.71497	0.02517	0.02179	0.01584	0.00799	0.00650	0.00200	0.00555	0.00648	0.00795	0.01100
120	0.01340	0.01148	0.01340	0.00957	0.01531	0.00861	0.00766	0.01627	0.01340	0.02105	0.01148	0.01340	0.00957	0.00479	0.00479	0.00096	0.00479	0.00383	0.00383	0.81242
121	0.01407	0.01418	0.02217	0.46539	0.17842	0.07133	0.08475	0.01810	0.01391	0.01778	0.01230	0.03651	0.00994	0.00660	0.00656	0.00208	0.00875	0.00614	0.00309	0.00791
122	0.00787	0.00562	0.00750	0.00900	0.00937	0.00525	0.00600	0.00900	0.01237	0.01649	0.03561	0.76871	0.04274	0.02024	0.00825	0.00262	0.00375	0.01837	0.00600	0.00525
123	0.00912	0.00664	0.00830	0.00885	0.01022	0.00626	0.00675	0.01174	0.03235	0.02034	0.21494	0.25252	0.16927	0.01623	0.00785	0.00239	0.00393	0.15230	0.05420	0.00581
124	0.04413	0.01697	0.14140	0.01636	0.06784	0.01353	0.06965	0.14395	0.04234	0.34824	0.01912	0.01846	0.01281	0.00726	0.00645	0.00201	0.00702	0.00608	0.00598	0.01038
125	0.03858	0.07067	0.54999	0.01959	0.09310	0.07860	0.02132	0.02076	0.01404	0.02010	0.01129	0.01342	0.00836	0.00611	0.00597	0.00196	0.00927	0.00471	0.00286	0.00929
126	0.29572	0.01820	0.05934	0.02214	0.27577	0.13979	0.01388	0.06522	0.01499	0.02417	0.01088	0.01319	0.00872	0.00614	0.00546	0.00191	0.00750	0.00465	0.00368	0.00866
127	0.00812	0.00587	0.00769	0.00881	0.00949	0.00545	0.00608	0.00960	0.01343	0.01799	0.13699	0.60396	0.08510	0.01894	0.00814	0.00252	0.00368	0.03658	0.00616	0.00540
128	0.00814	0.00602	0.00762	0.00837	0.00933	0.00549	0.00584	0.00983	0.01421	0.01896	0.21047	0.47419	0.16205	0.01787	0.00799	0.00241	0.00350	0.01594	0.00627	0.00549
129	0.01352	0.01187	0.01499	0.01071	0.01650	0.00911	0.05289	0.01656	0.01352	0.02103	0.01159	0.01366	0.00959	0.00483	0.00497	0.00104	0.00518	0.00407	0.00379	0.76059
130	0.01499	0.13122	0.25712	0.01700	0.06446	0.01574	0.08723	0.04735	0.10012	0.04653	0.06901	0.01937	0.03591	0.00731	0.00657	0.00194	0.02608	0.00611	0.00408	0.04188
131	0.00904	0.00697	0.00806	0.00774	0.00945	0.00647	0.00567	0.01214	0.05726	0.02145	0.37123	0.05116	0.29368	0.09905	0.01039	0.00257	0.00361	0.01187	0.00633	0.00587
132	0.66793	0.08251	0.01223	0.00912	0.01319	0.01548	0.00764	0.05900	0.01237	0.02793	0.01039	0.03977	0.00872	0.00660	0.00432	0.00196	0.00525	0.00420	0.00411	0.00728
133	0.01670	0.27489	0.17564	0.01459	0.04193	0.05250	0.01386	0.08698	0.19268	0.02189	0.01548	0.03949	0.01255	0.00721	0.00567	0.00185	0.00718	0.00550	0.00420	0.00922
134	0.01607	0.01388	0.01461	0.01315	0.01680	0.01607	0.01023	0.03433	0.72094	0.02703	0.02630	0.02411	0.01972	0.00877	0.00657	0.00219	0.00511	0.00731	0.00657	0.01023
135	0.00878	0.00664	0.00801	0.00790	0.00955	0.00602	0.00598	0.01116	0.01621	0.02161	0.39577	0.05494	0.27955	0.06210	0.00933	0.00244	0.00361	0.07822	0.00643	0.00573
136	0.24100	0.01183	0.01430	0.05516	0.01749	0.01147	0.03360	0.02454	0.03773	0.34204	0.01757	0.01714	0.01200	0.00680	0.00559	0.00186	0.00561	0.00528	0.00574	0.13323
137	0.02456	0.01810	0.01939	0.01487	0.02004	0.02004	0.01228	0.71107	0.03038	0.04072	0.01551	0.01551	0.01099	0.00776	0.00646	0.00194	0.00711	0.00582	0.00646	0.01099
138	0.01340	0.01148	0.01340	0.00957	0.01531	0.00861	0.00766	0.01627	0.01340	0.02105	0.01148	0.01340	0.00957	0.00479	0.00479	0.00096	0.00479	0.00383	0.00383	0.81242
139	0.00883	0.00681	0.00969	0.01255	0.09508	0.00645	0.00760	0.01029	0.01272	0.01707	0.03378	0.65715	0.06061	0.01840	0.00801	0.00253	0.00420	0.01672	0.00567	0.00585
140	0.01442	0.04288	0.16307	0.02373	0.09130	0.01523	0.38323	0.02029	0.04711	0.02065	0.01570	0.02325	0.01319	0.00723	0.00723	0.00220	0.00938	0.08756	0.00361	0.00873
141	0.00907	0.00656	0.00891	0.00906	0.00983	0.00708	0.00646	0.01058	0.01073	0.01490	0.04669	0.11665	0.04411	0.25433	0.40707	0.00776	0.01163	0.00931	0.00409	0.00517
142	0.42098	0.10609	0.03501	0.01095	0.01528	0.12010	0.00930	0.04463	0.01408	0.12746	0.01207	0.01304	0.00910	0.00775	0.02861	0.00215	0.00684	0.00424	0.00436	0.00796
143	0.00923	0.00692	0.01038	0.01038	0.01154	0.00808	0.00808	0.01154	0.01038	0.01500	0.01731	0.02538	0.01615	0.04846	0.74732	0.01038	0.01731	0.00692	0.00346	0.00577
144	0.01220	0.01148	0.01938	0.75739	0.04450	0.01436	0.01794	0.01651	0.01292	0.01651	0.01148	0.01723	0.00861	0.00646	0.00646	0.00215	0.00861	0.00574	0.00287	0.00718
145	0.01607	0.01388	0.01461	0.01315	0.01680	0.01607	0.01023	0.03433	0.72094	0.02703	0.02630	0.02411	0.01972	0.00877	0.00657	0.00219	0.00511	0.00731	0.00657	0.01023
146	0.01599	0.01535	0.02623	0.03966	0.73262	0.01535	0.01983	0.01983	0.01471	0.02111	0.01215	0.01599	0.01023	0.00576	0.00640	0.00192	0.00768	0.00576	0.00320	0.01023
147	0.00779	0.00594	0.00717	0.00816	0.00915	0.00532	0.00563	0.00909	0.01317	0.01682	0.04578	0.52801	0.27687	0.01892	0.00804	0.00247	0.00359	0.01676	0.00600	0.00532
148	0.01607	0.01388	0.01461	0.01315	0.01680	0.01607	0.01023	0.03433	0.72094	0.02703	0.02630	0.02411	0.01972	0.00877	0.00657	0.00219	0.00511	0.00731	0.00657	0.01023
149	0.01340	0.01148	0.01340	0.00957	0.01531	0.00861	0.00766	0.01627	0.01340	0.02105	0.01148	0.01340	0.00957	0.00479	0.00479	0.00096	0.00479	0.00383	0.00383	0.81242
150	0.01414	0.01414	0.01979	0.01696	0.01696	0.01979	0.01414	0.01555	0.00990	0.01555	0.00848	0.01414	0.00848	0.01131	0.02120	0.00283	0.76110	0.00565	0.00283	0.00707
151	0.00940	0.00626	0.00705	0.00705	0.00705	0.00626	0.00392	0.00940	0.00940	0.01253	0.02036	0.04228	0.02349	0.77292	0.03289	0.00626	0.00626	0.00940	0.00392	0.00392
152	0.01727	0.77681	0.03386	0.01106	0.01658	0.02557	0.01106	0.01935	0.01313	0.01520	0.00898	0.01036	0.00829	0.00553	0.00415	0.00138	0.00691	0.00345	0.00276	0.00829
153	0.00960	0.00696	0.00933	0.01013	0.01157	0.00669	0.00832	0.01232	0.01563	0.02086	0.24065	0.13049	0.09560	0.01660	0.00838	0.00261	0.00469	0.37737	0.00630	0.00589
154	0.01340	0.01148	0.01340	0.00957	0.01531	0.00861	0.00766	0.01627	0.01340	0.02105	0.01148	0.01340	0.00957	0.00479	0.00479	0.00096	0.00479	0.00383	0.00383	0.81242
155	0.01313	0.01244	0.02097	0.57265	0.20205	0.01473	0.01828	0.01725	0.01325	0.01754	0.01156	0.01686	0.00898	0.00643	0.00684	0.00212	0.02837	0.00574	0.00295	0.00788
156	0.01426	0.01341	0.02267	0.29812	0.44119	0.01442	0.01831	0.01798	0.01384	0.01901	0.01309	0.01762	0.02604	0.00684	0.00711	0.03044	0.00784	0.00593	0.00313	0.00876

[dist]
# distance from previous block
# <min> <max>
0	4

[block]
# block no. 2 follows, 34 sequences, length 22
# corresponding to MSA columns:
# 321-342
name=unknown_C
#
# <colnr> <probs for GDERKNQSTAVLIFYWHMCP>
#	G	D	E	R	K	N	Q	S	T	A	V	L	I	F	Y	W	H	M	C	P
0	0.03700	0.04240	0.02469	0.06716	0.57385	0.01596	0.01815	0.03888	0.05620	0.02160	0.01273	0.01611	0.01053	0.00619	0.00673	0.00196	0.03083	0.00570	0.00346	0.00986
1	0.07570	0.01863	0.18140	0.02042	0.13856	0.01480	0.14127	0.07370	0.12518	0.02427	0.07207	0.01901	0.01504	0.00698	0.00644	0.00201	0.00753	0.00634	0.00428	0.04638
2	0.00984	0.00852	0.00879	0.00988	0.01061	0.08806	0.00680	0.01105	0.01300	0.01636	0.03208	0.62884	0.03791	0.04939	0.00901	0.00268	0.00481	0.04128	0.00561	0.00547
3	0.10426	0.02542	0.42594	0.01780	0.06853	0.04104	0.05112	0.04950	0.06175	0.03839	0.01530	0.01675	0.04270	0.00684	0.00610	0.00204	0.00829	0.00547	0.00363	0.00914
4	0.01480	0.04376	0.28447	0.01484	0.04523	0.03437	0.01484	0.09847	0.08657	0.06016	0.07750	0.02448	0.09881	0.01144	0.05948	0.00262	0.00784	0.00694	0.00462	0.00876
5	0.01269	0.01197	0.02003	0.58013	0.17509	0.01408	0.01763	0.01677	0.01336	0.01744	0.01442	0.01933	0.04650	0.00684	0.00651	0.00211	0.00815	0.00616	0.00310	0.00768
6	0.01340	0.01148	0.01340	0.00957	0.01531	0.00861	0.00766	0.01627	0.01340	0.02105	0.01148	0.01340	0.00957	0.00479	0.00479	0.00096	0.00479	0.00383	0.00383	0.81242
7	0.01595	0.01140	0.01366	0.00989	0.01551	0.00876	0.00796	0.01876	0.01423	0.13817	0.01378	0.01480	0.01062	0.00531	0.00507	0.00113	0.00490	0.00426	0.00451	0.68134
8	0.00787	0.00562	0.00750	0.00900	0.00937	0.00525	0.00600	0.00900	0.01237	0.01649	0.03561	0.76871	0.04274	0.02024	0.00825	0.00262	0.00375	0.01837	0.00600	0.00525
9	0.81856	0.01250	0.00950	0.00850	0.01250	0.01449	0.00700	0.01899	0.01100	0.02899	0.00900	0.01050	0.00700	0.00600	0.00400	0.00200	0.00500	0.00350	0.00400	0.00700
10	0.00940	0.00626	0.00705	0.00705	0.00705	0.00626	0.00392	0.00940	0.00940	0.01253	0.02036	0.04228	0.02349	0.77292	0.03289	0.00626	0.00626	0.00940	0.00392	0.00392
11	0.78461	0.01274	0.00992	0.00877	0.01282	0.01473	0.00722	0.04859	0.01182	0.02949	0.00928	0.01071	0.00717	0.00607	0.00410	0.00200	0.00509	0.00360	0.00410	0.00717
12	0.01513	0.01706	0.03608	0.02609	0.03190	0.01672	0.63167	0.02012	0.01465	0.02012	0.01256	0.01706	0.00966	0.00610	0.00914	0.00225	0.09452	0.00741	0.00322	0.00853
13	0.01599	0.01535	0.02623	0.03966	0.73262	0.01535	0.01983	0.01983	0.01471	0.02111	0.01215	0.01599	0.01023	0.00576	0.00640	0.00192	0.00768	0.00576	0.00320	0.01023
14	0.81856	0.01250	0.00950	0.00850	0.01250	0.01449	0.00700	0.01899	0.01100	0.02899	0.00900	0.01050	0.00700	0.00600	0.00400	0.00200	0.00500	0.00350	0.00400	0.00700
15	0.01255	0.01184	0.02000	0.69194	0.10726	0.01445	0.01812	0.01681	0.01308	0.01693	0.01155	0.01711	0.00876	0.00640	0.00645	0.00213	0.00853	0.00574	0.00290	0.00746
16	0.01367	0.01212	0.01570	0.01132	0.01705	0.00962	0.07173	0.01739	0.04176	0.02126	0.01222	0.01419	0.01000	0.00500	0.00512	0.00112	0.00536	0.00431	0.00389	0.70716
17	0.01756	0.01568	0.02531	0.04541	0.21207	0.01630	0.20818	0.12553	0.14961	0.06195	0.01609	0.01812	0.01219	0.00689	0.00739	0.00209	0.03871	0.00661	0.00456	0.00975
18	0.01122	0.00561	0.00842	0.00842	0.00842	0.00561	0.00561	0.00842	0.00842	0.01122	0.01122	0.01964	0.01122	0.02245	0.02525	0.81201	0.00561	0.00561	0.00281	0.00281
19	0.01238	0.01167	0.01970	0.72348	0.07701	0.01440	0.01803	0.01667	0.01300	0.01673	0.01152	0.01717	0.00869	0.00643	0.00646	0.00214	0.00857	0.00574	0.00289	0.00732
20	0.16213	0.03793	0.02184	0.02604	0.35468	0.08419	0.05579	0.04162	0.04366	0.05970	0.01255	0.01507	0.01002	0.00641	0.00660	0.00197	0.04147	0.00534	0.00381	0.00917
21	0.01635	0.20770	0.28063	0.01514	0.02138	0.11494	0.03602	0.06789	0.08666	0.02072	0.04268	0.01665	0.03249	0.00699	0.00583	0.00185	0.00818	0.00531	0.00374	0.00886

[dist]
# distance from previous block
# <min> <max>
0	2

[block]
# block no. 3 follows, 34 sequences, length 60
# corresponding to MSA columns:
# 345-404
name=unknown_D
#
# <colnr> <probs for GDERKNQSTAVLIFYWHMCP>
#	G	D	E	R	K	N	Q	S	T	A	V	L	I	F	Y	W	H	M	C	P
0	0.01775	0.20008	0.28615	0.03815	0.02219	0.06889	0.01628	0.08341	0.01555	0.10387	0.01256	0.01404	0.00942	0.00688	0.00713	0.00193	0.07805	0.00483	0.00374	0.00911
1	0.01630	0.06065	0.10011	0.01158	0.01585	0.01036	0.05543	0.04075	0.01677	0.20842	0.20154	0.03079	0.10612	0.00957	0.00660	0.00194	0.00541	0.00815	0.06137	0.03229
2	0.81856	0.01250	0.00950	0.00850	0.01250	0.01449	0.00700	0.01899	0.01100	0.02899	0.00900	0.01050	0.00700	0.00600	0.00400	0.00200	0.00500	0.00350	0.00400	0.00700
3	0.81856	0.01250	0.00950	0.00850	0.01250	0.01449	0.00700	0.01899	0.01100	0.02899	0.00900	0.01050	0.00700	0.00600	0.00400	0.00200	0.00500	0.00350	0.00400	0.00700
