[name]
unknown

[dist]
# distance from previous block
# <min> <max>
9	36

[block]
# block no. 0 follows, 34 sequences, length 36
# corresponding to MSA columns:
# 41-76
name=unknown_A
#
# <colnr> <probs for GDERKNQSTAVLIFYWHMCP>
#	G	D	E	R	K	N	Q	S	T	A	V	L	I	F	Y	W	H	M	C	P
0	0.04305	0.01344	0.02304	0.05961	0.02368	0.01340	0.29282	0.09822	0.06532	0.06527	0.02217	0.13891	0.05563	0.00969	0.00733	0.00225	0.00763	0.04548	0.00486	0.00821
1	0.02220	0.01441	0.01800	0.02893	0.01902	0.03215	0.05548	0.26697	0.02086	0.24497	0.01836	0.05962	0.01377	0.00832	0.00763	0.00198	0.06589	0.00660	0.00601	0.08884
2	0.06732	0.05101	0.01793	0.01516	0.01875	0.44624	0.01177	0.09744	0.11116	0.04878	0.01316	0.01410	0.01033	0.00724	0.00656	0.00184	0.04378	0.00485	0.00426	0.00833
3	0.09723	0.02077	0.01778	0.01532	0.01948	0.22586	0.01192	0.24608	0.11916	0.02920	0.01778	0.02160	0.01466	0.00927	0.00702	0.00230	0.00839	0.04960	0.00579	0.06078
4	0.00897	0.00663	0.00885	0.00890	0.00992	0.00703	0.00648	0.01066	0.01137	0.01556	0.07106	0.07754	0.11847	0.20108	0.39987	0.00739	0.01128	0.00933	0.00428	0.00531
5	0.12828	0.01367	0.01479	0.01187	0.01650	0.08693	0.00964	0.05636	0.05752	0.50494	0.02144	0.01932	0.01407	0.00764	0.00611	0.00197	0.00611	0.00589	0.00687	0.01008
6	0.01171	0.00942	0.01407	0.01253	0.01476	0.00927	0.11074	0.11168	0.01656	0.02241	0.15294	0.38307	0.03629	0.01489	0.00783	0.00238	0.00528	0.05155	0.00586	0.00677
7	0.01745	0.01334	0.01459	0.01261	0.01631	0.01484	0.00993	0.14102	0.45902	0.08178	0.12211	0.02591	0.02376	0.00916	0.00670	0.00211	0.00518	0.00761	0.00674	0.00983
8	0.02799	0.01122	0.01496	0.01162	0.01652	0.01001	0.00955	0.03171	0.07313	0.68186	0.02555	0.02216	0.01628	0.00806	0.00650	0.00201	0.00547	0.00656	0.00789	0.01094
9	0.04765	0.01818	0.03358	0.02544	0.06035	0.08340	0.54690	0.02075	0.01502	0.02029	0.01232	0.01637	0.00950	0.00594	0.00808	0.00215	0.05535	0.00695	0.00327	0.00850
10	0.01525	0.01743	0.03813	0.02723	0.03377	0.01634	0.70915	0.02070	0.01525	0.02070	0.01307	0.01743	0.00980	0.00545	0.00763	0.00218	0.01089	0.00763	0.00327	0.00871
11	0.00798	0.00584	0.00753	0.00876	0.00944	0.00538	0.00602	0.00931	0.01297	0.01708	0.06629	0.63109	0.12664	0.01942	0.00817	0.00256	0.00374	0.04042	0.00604	0.00533
12	0.00950	0.00673	0.00847	0.00924	0.01058	0.00632	0.00692	0.01186	0.03894	0.04601	0.07994	0.38767	0.18557	0.01768	0.00809	0.00253	0.00416	0.14777	0.00615	0.00587
13	0.01569	0.09753	0.13313	0.09018	0.10334	0.07874	0.34782	0.02049	0.01480	0.01936	0.01195	0.01551	0.00923	0.00578	0.00667	0.00201	0.00982	0.00614	0.00310	0.00871
14	0.02517	0.01408	0.01653	0.01301	0.01784	0.01447	0.01064	0.28008	0.14287	0.36153	0.02199	0.01999	0.01480	0.00804	0.00650	0.00201	0.00602	0.00639	0.00719	0.01086
15	0.08192	0.01577	0.01825	0.01724	0.11240	0.10004	0.06063	0.22050	0.01980	0.14946	0.01926	0.10152	0.03688	0.00877	0.00651	0.00202	0.00705	0.00733	0.00545	0.00920
16	0.01565	0.01500	0.02561	0.10446	0.67049	0.01526	0.01966	0.01953	0.01455	0.02069	0.01209	0.01610	0.01009	0.00582	0.00640	0.00194	0.00776	0.00576	0.00317	0.00996
17	0.01021	0.00845	0.01096	0.01253	0.11307	0.00805	0.00801	0.01419	0.07586	0.02253	0.34876	0.04621	0.27088	0.01281	0.00736	0.00208	0.00396	0.01111	0.00614	0.00682
18	0.01776	0.72359	0.03275	0.01145	0.01683	0.07703	0.01116	0.01981	0.01350	0.01525	0.00905	0.01046	0.00829	0.00561	0.00427	0.00140	0.00725	0.00351	0.00280	0.00823
19	0.01562	0.26222	0.42865	0.01601	0.02380	0.01830	0.04585	0.04997	0.01448	0.05244	0.01164	0.01323	0.00876	0.00608	0.00561	0.00184	0.00849	0.00460	0.00316	0.00925
20	0.00776	0.00649	0.00677	0.00696	0.00895	0.00551	0.00520	0.00939	0.01452	0.01743	0.06161	0.12746	0.64248	0.01677	0.00774	0.00225	0.00341	0.03784	0.00600	0.00545
21	0.01727	0.77681	0.03386	0.01106	0.01658	0.02557	0.01106	0.01935	0.01313	0.01520	0.00898	0.01036	0.00829	0.00553	0.00415	0.00138	0.00691	0.00345	0.00276	0.00829
22	0.02128	0.07185	0.10563	0.01401	0.01925	0.04057	0.01255	0.25335	0.20196	0.16381	0.01905	0.01823	0.01356	0.00767	0.00627	0.00198	0.00672	0.00598	0.00596	0.01031
23	0.01039	0.00769	0.01065	0.01233	0.04121	0.00762	0.00997	0.01355	0.02888	0.01982	0.08634	0.09889	0.07435	0.01688	0.00858	0.00279	0.00555	0.53242	0.00594	0.00616
24	0.01041	0.00744	0.01041	0.01190	0.01339	0.00744	0.01041	0.01339	0.01487	0.01934	0.03421	0.07288	0.03719	0.01785	0.00892	0.00297	0.00595	0.68913	0.00595	0.00595
25	0.81856	0.01250	0.00950	0.00850	0.01250	0.01449	0.00700	0.01899	0.01100	0.02899	0.00900	0.01050	0.00700	0.00600	0.00400	0.00200	0.00500	0.00350	0.00400	0.00700
26	0.00938	0.00631	0.00729	0.00729	0.00738	0.00640	0.00422	0.00955	0.00947	0.01271	0.02013	0.04103	0.02295	0.71935	0.08572	0.00657	0.00708	0.00921	0.00388	0.00405
27	0.01403	0.15744	0.51775	0.01610	0.02437	0.03466	0.01954	0.01993	0.01364	0.01952	0.01110	0.01301	0.00837	0.00589	0.00564	0.00180	0.00861	0.00443	0.00288	0.10132
28	0.01328	0.01214	0.01967	0.67199	0.07193	0.01482	0.01761	0.06801	0.01429	0.01849	0.01181	0.01705	0.00886	0.00653	0.00646	0.00213	0.00846	0.00575	0.00315	0.00759
29	0.00954	0.00728	0.01056	0.01039	0.01135	0.00857	0.00796	0.01153	0.01024	0.01475	0.01713	0.02665	0.01654	0.12929	0.62210	0.00946	0.06042	0.00713	0.00348	0.00563
30	0.01012	0.00826	0.00936	0.03455	0.01194	0.00824	0.00690	0.01561	0.16143	0.02139	0.22471	0.04835	0.32110	0.05640	0.00884	0.00240	0.00404	0.03359	0.00618	0.00660
31	0.01864	0.01183	0.01426	0.01058	0.01599	0.00984	0.00856	0.06280	0.04373	0.22797	0.01633	0.01641	0.01190	0.00604	0.00545	0.00136	0.00514	0.00485	0.00529	0.50301
32	0.01468	0.01224	0.01409	0.01018	0.01585	0.00992	0.00819	0.09591	0.01534	0.02331	0.01195	0.01364	0.00973	0.00513	0.00498	0.00107	0.00505	0.00406	0.00413	0.72055
33	0.01449	0.01657	0.05755	0.02333	0.02938	0.01493	0.53756	0.01934	0.01474	0.02034	0.01561	0.01922	0.05020	0.00624	0.00778	0.00206	0.03925	0.00735	0.00345	0.10062
34	0.01308	0.05610	0.03977	0.01161	0.01341	0.01183	0.03625	0.03463	0.04400	0.06567	0.01697	0.02741	0.01652	0.29347	0.15914	0.00526	0.13718	0.00731	0.00398	0.00643
35	0.11756	0.01959	0.05695	0.01397	0.01823	0.18228	0.01155	0.32945	0.04585	0.02927	0.01592	0.10056	0.01368	0.00867	0.00621	0.00198	0.00757	0.00659	0.00519	0.00895

[dist]
# distance from previous block
# <min> <max>
0	25

[block]
# block no. 1 follows, 34 sequences, length 21
# corresponding to MSA columns:
# 102-122
name=unknown_B
#
# <colnr> <probs for GDERKNQSTAVLIFYWHMCP>
#	G	D	E	R	K	N	Q	S	T	A	V	L	I	F	Y	W	H	M	C	P
0	0.01254	0.04570	0.01230	0.01094	0.04527	0.03754	0.00803	0.10926	0.06343	0.02457	0.31237	0.06857	0.19980	0.01224	0.00714	0.00204	0.00453	0.01038	0.00616	0.00719
1	0.05302	0.11071	0.01658	0.01037	0.01592	0.01241	0.00865	0.09770	0.01535	0.04139	0.01187	0.01334	0.00962	0.00536	0.00491	0.00120	0.00536	0.00406	0.00411	0.55805
2	0.60495	0.04971	0.06273	0.01011	0.01437	0.01534	0.00901	0.06461	0.01279	0.02780	0.03663	0.01263	0.00950	0.00662	0.00525	0.00201	0.04026	0.00415	0.00408	0.00747
3	0.01260	0.01189	0.02009	0.68283	0.11599	0.01446	0.01814	0.01685	0.01311	0.01699	0.01155	0.01710	0.00878	0.00639	0.00645	0.00213	0.00852	0.00574	0.00291	0.00750
4	0.00898	0.00675	0.00833	0.00802	0.00967	0.00622	0.00598	0.01209	0.03844	0.02369	0.53383	0.09340	0.19236	0.01413	0.00763	0.00210	0.00320	0.01234	0.00681	0.00604
5	0.81856	0.01250	0.00950	0.00850	0.01250	0.01449	0.00700	0.01899	0.01100	0.02899	0.00900	0.01050	0.00700	0.00600	0.00400	0.00200	0.00500	0.00350	0.00400	0.00700
6	0.01122	0.00561	0.00842	0.00842	0.00842	0.00561	0.00561	0.00842	0.00842	0.01122	0.01122	0.01964	0.01122	0.02245	0.02525	0.81201	0.00561	0.00561	0.00281	0.00281
7	0.00798	0.00570	0.00762	0.00912	0.00954	0.00534	0.00618	0.00918	0.01248	0.01661	0.03555	0.73970	0.04250	0.02014	0.00828	0.00264	0.00384	0.04633	0.00600	0.00528
8	0.01381	0.01061	0.01117	0.00997	0.01268	0.03065	0.00773	0.13631	0.16491	0.02644	0.19741	0.05307	0.14760	0.01096	0.00667	0.00199	0.00446	0.00914	0.13674	0.00769
9	0.02414	0.03079	0.01831	0.01665	0.01998	0.74698	0.01248	0.02580	0.01831	0.01581	0.00999	0.01165	0.00832	0.00666	0.00583	0.00166	0.01165	0.00416	0.00333	0.00749
10	0.01027	0.00739	0.01022	0.01163	0.01315	0.00734	0.01014	0.01318	0.01487	0.01924	0.03578	0.07235	0.07188	0.01777	0.00886	0.00294	0.00582	0.65530	0.00595	0.00592
11	0.01414	0.01414	0.01979	0.01696	0.01696	0.01979	0.01414	0.01555	0.00990	0.01555	0.00848	0.01414	0.00848	0.01131	0.02120	0.00283	0.76110	0.00565	0.00283	0.00707
12	0.01643	0.01139	0.01371	0.00994	0.01554	0.00878	0.00801	0.01923	0.01439	0.16015	0.01421	0.01507	0.01082	0.00541	0.00512	0.00116	0.00492	0.00435	0.00464	0.65674
13	0.01502	0.01283	0.01367	0.01237	0.01574	0.01461	0.00959	0.03104	0.61978	0.02654	0.10186	0.02812	0.05137	0.00953	0.00673	0.00217	0.00483	0.00801	0.00661	0.00961
14	0.00962	0.00740	0.00903	0.00939	0.01108	0.00720	0.00732	0.01361	0.09091	0.02073	0.20119	0.18524	0.20291	0.01589	0.00795	0.00243	0.00417	0.18143	0.00631	0.00620
15	0.00841	0.00648	0.00768	0.00758	0.00925	0.00575	0.00561	0.01070	0.01626	0.02157	0.39297	0.12699	0.32704	0.01519	0.00769	0.00215	0.00321	0.01315	0.00655	0.00575
16	0.02334	0.01681	0.01790	0.01397	0.01893	0.04440	0.01141	0.48467	0.09872	0.11760	0.01728	0.01685	0.01227	0.00762	0.00633	0.00189	0.00671	0.00584	0.00634	0.07113
17	0.01561	0.14338	0.15499	0.02095	0.05743	0.05341	0.32089	0.04050	0.01499	0.02005	0.01249	0.03411	0.01008	0.00605	0.00643	0.00190	0.00916	0.00614	0.00330	0.06814
18	0.01448	0.32465	0.37584	0.01513	0.02237	0.01858	0.04745	0.01942	0.01385	0.01880	0.06363	0.01507	0.01220	0.00639	0.00553	0.00179	0.00808	0.00489	0.00309	0.00876
19	0.01658	0.01261	0.01388	0.01211	0.01498	0.04008	0.00958	0.23047	0.10523	0.06335	0.07992	0.08727	0.07575	0.07962	0.01035	0.00259	0.05585	0.07575	0.00590	0.00815
20	0.01549	0.01290	0.04601	0.01175	0.01475	0.09521	0.02537	0.08950	0.05255	0.11829	0.11471	0.18873	0.10733	0.01267	0.00726	0.00221	0.00579	0.06595	0.00595	0.00759

[dist]
# distance from previous block
# <min> <max>
2	34

[block]
# block no. 2 follows, 34 sequences, length 118
# corresponding to MSA columns:
# 157-274
name=unknown_C
#
# <colnr> <probs for GDERKNQSTAVLIFYWHMCP>
#	G	D	E	R	K	N	Q	S	T	A	V	L	I	F	Y	W	H	M	C	P
0	0.16773	0.03654	0.07891	0.01227	0.01633	0.03627	0.01047	0.16345	0.20840	0.04411	0.01895	0.08692	0.01614	0.06597	0.00806	0.00239	0.00611	0.00700	0.00531	0.00867
1	0.19681	0.05303	0.01498	0.01180	0.01571	0.17513	0.00938	0.12466	0.01749	0.14020	0.07607	0.01863	0.01518	0.05172	0.00721	0.00208	0.00685	0.00554	0.00506	0.05246
2	0.14958	0.01454	0.01665	0.01419	0.03982	0.07668	0.08238	0.17909	0.05858	0.10427	0.10211	0.06357	0.03672	0.00894	0.00646	0.00205	0.00650	0.02376	0.00556	0.00858
3	0.75053	0.01278	0.01022	0.00895	0.01304	0.01468	0.00737	0.05945	0.01233	0.04941	0.00983	0.01111	0.00748	0.00616	0.00421	0.00200	0.00513	0.00372	0.00425	0.00734
4	0.00824	0.00657	0.00739	0.00718	0.00910	0.00571	0.00539	0.01045	0.01616	0.02085	0.33228	0.05659	0.46105	0.01510	0.00763	0.00212	0.00318	0.01285	0.00645	0.00571
5	0.02672	0.01464	0.01725	0.01322	0.01831	0.01490	0.01092	0.38008	0.02459	0.37989	0.02037	0.01867	0.01343	0.00787	0.00648	0.00197	0.00632	0.00615	0.00721	0.01099
6	0.75936	0.01238	0.00991	0.00872	0.01280	0.01412	0.00718	0.01993	0.01156	0.08209	0.01023	0.01136	0.00767	0.00615	0.00419	0.00200	0.00504	0.00372	0.00430	0.00730
7	0.00910	0.00660	0.00857	0.00808	0.00962	0.00608	0.00606	0.01210	0.01818	0.02564	0.70834	0.04870	0.08200	0.01331	0.00762	0.00204	0.00306	0.01175	0.00708	0.00608
8	0.01727	0.77681	0.03386	0.01106	0.01658	0.02557	0.01106	0.01935	0.01313	0.01520	0.00898	0.01036	0.00829	0.00553	0.00415	0.00138	0.00691	0.00345	0.00276	0.00829
9	0.00945	0.00636	0.00756	0.00756	0.00780	0.00655	0.00462	0.00993	0.00969	0.01330	0.01988	0.03893	0.02207	0.62968	0.14952	0.00679	0.00798	0.00888	0.02915	0.00429
10	0.00923	0.00692	0.01038	0.01038	0.01154	0.00808	0.00808	0.01154	0.01038	0.01500	0.01731	0.02538	0.01615	0.04846	0.74732	0.01038	0.01731	0.00692	0.00346	0.00577
11	0.00940	0.00626	0.00705	0.00705	0.00705	0.00626	0.00392	0.00940	0.00940	0.01253	0.02036	0.04228	0.02349	0.77292	0.03289	0.00626	0.00626	0.00940	0.00392	0.00392
12	0.00785	0.00570	0.00741	0.00878	0.00932	0.00527	0.00590	0.00902	0.01257	0.01658	0.03820	0.70748	0.10230	0.01991	0.00819	0.00259	0.00371	0.01796	0.00600	0.00527
13	0.01727	0.77681	0.03386	0.01106	0.01658	0.02557	0.01106	0.01935	0.01313	0.01520	0.00898	0.01036	0.00829	0.00553	0.00415	0.00138	0.00691	0.00345	0.00276	0.00829
14	0.01316	0.06845	0.70620	0.01807	0.02743	0.01550	0.02327	0.02041	0.01362	0.02021	0.01147	0.01349	0.00819	0.00611	0.00604	0.00201	0.00942	0.00471	0.00273	0.00949
15	0.01296	0.03342	0.73944	0.01842	0.02797	0.01501	0.02387	0.02046	0.01364	0.02046	0.01160	0.01364	0.00818	0.00614	0.00614	0.00205	0.00955	0.00477	0.00273	0.00955
16	0.81856	0.01250	0.00950	0.00850	0.01250	0.01449	0.00700	0.01899	0.01100	0.02899	0.00900	0.01050	0.00700	0.00600	0.00400	0.00200	0.00500	0.00350	0.00400	0.00700
17	0.81856	0.01250	0.00950	0.00850	0.01250	0.01449	0.00700	0.01899	0.01100	0.02899	0.00900	0.01050	0.00700	0.00600	0.00400	0.00200	0.00500	0.00350	0.00400	0.00700
18	0.12056	0.01705	0.01789	0.01394	0.01884	0.01897	0.01150	0.60385	0.02736	0.03845	0.01478	0.01523	0.01067	0.00889	0.03064	0.00223	0.00719	0.00557	0.00606	0.01033
19	0.00940	0.00626	0.00705	0.00705	0.00705	0.00626	0.00392	0.00940	0.00940	0.01253	0.02036	0.04228	0.02349	0.77292	0.03289	0.00626	0.00626	0.00940	0.00392	0.00392
20	0.01599	0.01535	0.02623	0.03966	0.73262	0.01535	0.01983	0.01983	0.01471	0.02111	0.01215	0.01599	0.01023	0.00576	0.00640	0.00192	0.00768	0.00576	0.00320	0.01023
21	0.02345	0.01727	0.01856	0.01452	0.01946	0.01915	0.01190	0.59207	0.13118	0.05909	0.01738	0.01696	0.01241	0.00791	0.00648	0.00198	0.00677	0.00606	0.00652	0.01088
22	0.01741	0.01437	0.01527	0.01325	0.01710	0.01638	0.01044	0.16626	0.55215	0.02967	0.05730	0.02356	0.01995	0.00878	0.00660	0.00213	0.00541	0.00722	0.00658	0.01018
23	0.00828	0.00643	0.00753	0.00755	0.00920	0.00568	0.00555	0.01041	0.01581	0.02072	0.32831	0.16311	0.35688	0.01568	0.00772	0.00219	0.00325	0.01356	0.00645	0.00568
24	0.01514	0.01354	0.01366	0.03474	0.01620	0.08059	0.00972	0.05549	0.41544	0.02535	0.16507	0.06495	0.02773	0.01011	0.00684	0.00214	0.00544	0.02287	0.00623	0.00875
25	0.00927	0.00676	0.00957	0.00957	0.01045	0.00764	0.00706	0.01102	0.01014	0.01440	0.01805	0.02949	0.01794	0.22457	0.57364	0.00938	0.01462	0.00752	0.00357	0.00532
26	0.01767	0.73428	0.03297	0.01137	0.01678	0.06669	0.01114	0.01972	0.01342	0.01524	0.00904	0.01044	0.00829	0.00559	0.00424	0.00140	0.00718	0.00350	0.00280	0.00825
27	0.01377	0.01170	0.01360	0.00975	0.01547	0.00899	0.00781	0.03923	0.01396	0.02170	0.01162	0.01347	0.00962	0.00488	0.00484	0.00099	0.00486	0.00389	0.00392	0.78594
28	0.00923	0.00692	0.01038	0.01038	0.01154	0.00808	0.00808	0.01154	0.01038	0.01500	0.01731	0.02538	0.01615	0.04846	0.74732	0.01038	0.01731	0.00692	0.00346	0.00577
29	0.00940	0.00626	0.00705	0.00705	0.00705	0.00626	0.00392	0.00940	0.00940	0.01253	0.02036	0.04228	0.02349	0.77292	0.03289	0.00626	0.00626	0.00940	0.00392	0.00392
30	0.00894	0.00607	0.00718	0.00763	0.00775	0.00596	0.00454	0.00928	0.01029	0.01372	0.02496	0.26122	0.02929	0.54607	0.02546	0.00517	0.00551	0.01210	0.00454	0.00432
31	0.00858	0.00654	0.00788	0.00764	0.00933	0.00584	0.00569	0.01106	0.01680	0.02261	0.47236	0.08843	0.28451	0.01461	0.00766	0.00211	0.00316	0.01267	0.00668	0.00584
32	0.04707	0.01472	0.05244	0.01795	0.15511	0.01411	0.01263	0.16179	0.13855	0.26415	0.02108	0.02033	0.03477	0.00774	0.00642	0.00201	0.00628	0.00639	0.00609	0.01036
33	0.01194	0.00665	0.00706	0.00678	0.00846	0.00661	0.00513	0.04380	0.01513	0.02493	0.14682	0.02906	0.04433	0.00879	0.00523	0.00164	0.00320	0.00723	0.61097	0.00623
34	0.01845	0.01688	0.01780	0.16622	0.02400	0.16072	0.04681	0.13109	0.19588	0.06844	0.01920	0.02191	0.03506	0.00817	0.00658	0.00206	0.00773	0.03914	0.00504	0.00880
35	0.01675	0.71764	0.05357	0.01113	0.01659	0.02432	0.01120	0.01904	0.01339	0.01587	0.04377	0.01229	0.01083	0.00592	0.00437	0.00143	0.00680	0.00389	0.00297	0.00822
36	0.01464	0.28072	0.36206	0.01442	0.02134	0.03927	0.01653	0.03653	0.01452	0.01966	0.08862	0.01627	0.01406	0.00672	0.00559	0.00178	0.00782	0.00506	0.00336	0.03104
37	0.02161	0.01762	0.01784	0.05988	0.02044	0.09951	0.01199	0.41179	0.15973	0.05342	0.01710	0.01745	0.01259	0.00948	0.03772	0.00233	0.00771	0.00598	0.00583	0.01000
38	0.01216	0.01112	0.01846	0.60649	0.07982	0.01340	0.01695	0.01624	0.01331	0.01719	0.01486	0.02532	0.01290	0.00809	0.00682	0.00226	0.00817	0.10594	0.00334	0.00717
39	0.00955	0.00704	0.00844	0.00813	0.00996	0.00650	0.00607	0.01286	0.05713	0.04309	0.40747	0.11723	0.25368	0.01439	0.00759	0.00214	0.00337	0.01248	0.00667	0.00621
40	0.02019	0.02356	0.02024	0.01742	0.01991	0.42328	0.06641	0.02208	0.01522	0.03614	0.01014	0.01323	0.00870	0.00818	0.01121	0.00211	0.26613	0.00500	0.00328	0.00754
41	0.01630	0.60893	0.19320	0.01272	0.01915	0.02318	0.01395	0.01960	0.01324	0.01639	0.00957	0.01110	0.00827	0.00567	0.00460	0.00153	0.00751	0.00375	0.00276	0.00858
42	0.01095	0.00701	0.00914	0.00850	0.01035	0.00640	0.00648	0.01380	0.01782	0.09273	0.58229	0.07011	0.09322	0.01325	0.00757	0.00208	0.00340	0.03134	0.00706	0.00650
43	0.01296	0.03342	0.73944	0.01842	0.02797	0.01501	0.02387	0.02046	0.01364	0.02046	0.01160	0.01364	0.00818	0.00614	0.00614	0.00205	0.00955	0.00477	0.00273	0.00955
44	0.01296	0.03342	0.73944	0.01842	0.02797	0.01501	0.02387	0.02046	0.01364	0.02046	0.01160	0.01364	0.00818	0.00614	0.00614	0.00205	0.00955	0.00477	0.00273	0.00955
45	0.00916	0.00627	0.00759	0.00780	0.00801	0.00638	0.00480	0.00965	0.00995	0.01343	0.02203	0.14039	0.02510	0.56499	0.13181	0.00635	0.00750	0.01028	0.00414	0.00437
46	0.00798	0.00583	0.00751	0.00863	0.00933	0.00536	0.00589	0.00936	0.01325	0.01758	0.11105	0.61435	0.12195	0.01908	0.00811	0.00251	0.00362	0.01714	0.00611	0.00536
47	0.01581	0.01517	0.02590	0.07425	0.69946	0.01530	0.01974	0.01967	0.01463	0.02089	0.01212	0.01605	0.01016	0.00579	0.00640	0.00193	0.00772	0.00576	0.00318	0.01009
48	0.01581	0.01517	0.02590	0.07348	0.70019	0.01531	0.01974	0.01967	0.01463	0.02089	0.01212	0.01605	0.01016	0.00579	0.00640	0.00193	0.00772	0.00576	0.00318	0.01009
49	0.01043	0.00851	0.01193	0.01145	0.01239	0.01037	0.00890	0.01323	0.05057	0.01576	0.01795	0.08928	0.01769	0.08096	0.46116	0.00757	0.15412	0.00786	0.00377	0.00611
50	0.00787	0.00562	0.00750	0.00900	0.00937	0.00525	0.00600	0.00900	0.01237	0.01649	0.03561	0.76871	0.04274	0.02024	0.00825	0.00262	0.00375	0.01837	0.00600	0.00525
51	0.01340	0.10934	0.66739	0.01766	0.02680	0.01608	0.02256	0.02035	0.01359	0.01993	0.01133	0.01331	0.00820	0.00608	0.00594	0.00198	0.00928	0.00464	0.00273	0.00942
52	0.08214	0.01590	0.01842	0.01492	0.01869	0.03942	0.05456	0.29304	0.15409	0.02918	0.01537	0.01673	0.01183	0.00941	0.03130	0.00238	0.14450	0.00592	0.00516	0.03704
53	0.01235	0.00652	0.00660	0.00646	0.00806	0.00663	0.00483	0.03055	0.03464	0.02417	0.02109	0.02448	0.01675	0.03184	0.00552	0.00169	0.00327	0.00616	0.74220	0.00619
54	0.00800	0.00585	0.00752	0.00860	0.00933	0.00538	0.00588	0.00942	0.01337	0.01775	0.12316	0.59712	0.12700	0.01893	0.00810	0.00250	0.00361	0.01699	0.00613	0.00538
55	0.05381	0.01522	0.02544	0.03819	0.69868	0.01531	0.01923	0.01979	0.01454	0.02148	0.01201	0.01573	0.01008	0.00577	0.00628	0.00192	0.00755	0.00565	0.00324	0.01008
56	0.06542	0.04178	0.07474	0.02163	0.21507	0.10058	0.01485	0.26970	0.06033	0.02793	0.01348	0.01507	0.01037	0.00698	0.00665	0.00194	0.03371	0.00541	0.00456	0.00979
57	0.00866	0.00644	0.00785	0.00777	0.00931	0.00581	0.00573	0.01107	0.01640	0.02234	0.43842	0.15089	0.23227	0.01484	0.00762	0.00214	0.00320	0.01295	0.03049	0.00581
58	0.01650	0.09024	0.36575	0.01740	0.02449	0.04089	0.08993	0.13136	0.07840	0.04230	0.01365	0.01513	0.01003	0.00671	0.00663	0.00201	0.02976	0.00539	0.00388	0.00954
59	0.00946	0.00713	0.00834	0.00790	0.01000	0.00631	0.00592	0.01220	0.03694	0.04240	0.31782	0.11279	0.32380	0.01432	0.00745	0.00209	0.00343	0.01231	0.00639	0.05301
60	0.00846	0.00642	0.00780	0.00778	0.00932	0.00576	0.00571	0.01075	0.01620	0.02172	0.40770	0.17137	0.26679	0.01535	0.00773	0.00218	0.00323	0.01340	0.00658	0.00576
61	0.01284	0.01442	0.10527	0.12172	0.06123	0.01228	0.20639	0.01790	0.05669	0.04023	0.09700	0.06988	0.09763	0.01022	0.02517	0.00237	0.00770	0.02881	0.00442	0.00784
62	0.01565	0.01500	0.02561	0.10457	0.67038	0.01526	0.01966	0.01953	0.01455	0.02069	0.01209	0.01610	0.01009	0.00582	0.00640	0.00194	0.00776	0.00576	0.00317	0.00996
63	0.01655	0.34360	0.28955	0.01667	0.07492	0.12134	0.01661	0.02069	0.01416	0.01766	0.01032	0.01217	0.00840	0.00593	0.00528	0.00170	0.00859	0.00421	0.00286	0.00879
64	0.01727	0.77681	0.03386	0.01106	0.01658	0.02557	0.01106	0.01935	0.01313	0.01520	0.00898	0.01036	0.00829	0.00553	0.00415	0.00138	0.00691	0.00345	0.00276	0.00829
65	0.00787	0.00562	0.00750	0.00900	0.00937	0.00525	0.00600	0.00900	0.01237	0.01649	0.03561	0.76871	0.04274	0.02024	0.00825	0.00262	0.00375	0.01837	0.00600	0.00525
66	0.02398	0.03387	0.01911	0.01704	0.11452	0.01629	0.01235	0.36614	0.06649	0.23546	0.01841	0.01783	0.01278	0.00756	0.00641	0.00196	0.00660	0.00604	0.00638	0.01078
67	0.00961	0.00697	0.00975	0.01158	0.03198	0.00683	0.00901	0.01191	0.01393	0.01831	0.03412	0.33387	0.03853	0.01841	0.00860	0.00281	0.00517	0.41691	0.00589	0.00580
68	0.12989	0.55301	0.02809	0.01149	0.01655	0.10195	0.01070	0.05333	0.01422	0.01842	0.00941	0.01077	0.00825	0.00582	0.00442	0.00153	0.00717	0.00365	0.00318	0.00815
69	0.02420	0.02903	0.01846	0.01640	0.01998	0.64581	0.01246	0.12118	0.01999	0.01928	0.01076	0.01219	0.00869	0.00681	0.00591	0.00170	0.01102	0.00439	0.00377	0.00798
70	0.01403	0.01377	0.01890	0.01593	0.01673	0.01824	0.01323	0.01565	0.01038	0.01632	0.00890	0.01403	0.00863	0.01040	0.01892	0.00257	0.65583	0.00540	0.00297	0.11916
71	0.00787	0.00562	0.00750	0.00900	0.00937	0.00525	0.00600	0.00900	0.01237	0.01649	0.03561	0.76871	0.04274	0.02024	0.00825	0.00262	0.00375	0.01837	0.00600	0.00525
72	0.01104	0.00703	0.00896	0.00902	0.01060	0.00651	0.00660	0.03610	0.01554	0.09593	0.22013	0.36993	0.12595	0.01614	0.00778	0.00234	0.00387	0.03369	0.00652	0.00632
73	0.79588	0.01230	0.00947	0.00849	0.01238	0.01425	0.00696	0.01870	0.01092	0.02849	0.00906	0.01075	0.00712	0.00646	0.00460	0.02475	0.00502	0.00356	0.00397	0.00688
74	0.00786	0.00566	0.00746	0.00889	0.00934	0.00526	0.00595	0.00901	0.01247	0.01653	0.03687	0.73885	0.07178	0.02008	0.00822	0.00261	0.00373	0.01817	0.00600	0.00526
75	0.01626	0.04427	0.08130	0.07842	0.38255	0.09293	0.17023	0.02047	0.01496	0.01991	0.01193	0.01556	0.00961	0.00585	0.00651	0.00196	0.00898	0.00585	0.00316	0.00930
76	0.01534	0.01436	0.02383	0.25032	0.49015	0.01532	0.01886	0.05687	0.01504	0.02083	0.01214	0.01633	0.00980	0.00607	0.00642	0.00199	0.00792	0.00576	0.00328	0.00937
77	0.01644	0.01432	0.01502	0.01321	0.01665	0.04653	0.01037	0.09553	0.50139	0.02662	0.06380	0.02330	0.01975	0.01000	0.02856	0.00237	0.04971	0.00708	0.00607	0.03328
78	0.00808	0.00577	0.00773	0.00923	0.00970	0.00543	0.00636	0.00935	0.01257	0.01672	0.03550	0.71240	0.04229	0.02005	0.00830	0.00265	0.00393	0.07264	0.00599	0.00530
79	0.00782	0.00617	0.00706	0.00764	0.00904	0.00541	0.00542	0.00933	0.01397	0.01755	0.09172	0.35035	0.41013	0.01777	0.00789	0.00235	0.00345	0.01546	0.00606	0.00541
80	0.01599	0.01535	0.02623	0.03966	0.73262	0.01535	0.01983	0.01983	0.01471	0.02111	0.01215	0.01599	0.01023	0.00576	0.00640	0.00192	0.00768	0.00576	0.00320	0.01023
81	0.00787	0.00562	0.00750	0.00900	0.00937	0.00525	0.00600	0.00900	0.01237	0.01649	0.03561	0.76871	0.04274	0.02024	0.00825	0.00262	0.00375	0.01837	0.00600	0.00525
82	0.02060	0.01848	0.05909	0.01457	0.01925	0.08172	0.01218	0.35201	0.29293	0.03213	0.01894	0.01836	0.01394	0.00795	0.00643	0.00202	0.00688	0.00618	0.00602	0.01031
83	0.00940	0.00626	0.00705	0.00705	0.00705	0.00626	0.00392	0.00940	0.00940	0.01253	0.02036	0.04228	0.02349	0.77292	0.03289	0.00626	0.00626	0.00940	0.00392	0.00392
84	0.01321	0.00968	0.01101	0.00958	0.01232	0.00967	0.00749	0.17096	0.05394	0.05055	0.33393	0.04255	0.22458	0.01243	0.00728	0.00206	0.00421	0.01050	0.00667	0.00739
85	0.02414	0.03079	0.01831	0.01665	0.01998	0.74698	0.01248	0.02580	0.01831	0.01581	0.00999	0.01165	0.00832	0.00666	0.00583	0.00166	0.01165	0.00416	0.00333	0.00749
86	0.02157	0.01780	0.01741	0.01414	0.01848	0.10565	0.01136	0.44475	0.14727	0.03394	0.08474	0.01966	0.01694	0.00832	0.00652	0.00196	0.00693	0.00643	0.00617	0.00997
87	0.02418	0.02938	0.01843	0.01645	0.01998	0.66602	0.01246	0.10212	0.01965	0.01859	0.01060	0.01208	0.00862	0.00678	0.00590	0.00170	0.01115	0.00435	0.00368	0.00788
88	0.01822	0.02157	0.03001	0.02444	0.08654	0.25796	0.39987	0.02215	0.01605	0.01895	0.01183	0.01530	0.00931	0.00606	0.00736	0.00201	0.03447	0.00626	0.00327	0.00838
89	0.00787	0.00562	0.00750	0.00900	0.00937	0.00525	0.00600	0.00900	0.01237	0.01649	0.03561	0.76871	0.04274	0.02024	0.00825	0.00262	0.00375	0.01837	0.00600	0.00525
90	0.00962	0.00664	0.00766	0.00753	0.00753	0.00692	0.00441	0.00969	0.00942	0.01267	0.01979	0.04093	0.02277	0.73622	0.03232	0.00610	0.04264	0.00922	0.00386	0.00407
91	0.01296	0.03342	0.73944	0.01842	0.02797	0.01501	0.02387	0.02046	0.01364	0.02046	0.01160	0.01364	0.00818	0.00614	0.00614	0.00205	0.00955	0.00477	0.00273	0.00955
92	0.02899	0.01100	0.01499	0.01150	0.01649	0.00950	0.00950	0.03149	0.01849	0.73709	0.02549	0.02199	0.01599	0.00800	0.00650	0.00200	0.00550	0.00650	0.00800	0.01100
93	0.01220	0.01148	0.01938	0.75739	0.04450	0.01436	0.01794	0.01651	0.01292	0.01651	0.01148	0.01723	0.00861	0.00646	0.00646	0.00215	0.00861	0.00574	0.00287	0.00718
94	0.01517	0.01471	0.02411	0.23786	0.52206	0.03553	0.01910	0.01908	0.01432	0.01969	0.01191	0.01621	0.00973	0.00598	0.00640	0.00198	0.00805	0.00571	0.00311	0.00931
95	0.00847	0.00612	0.00773	0.00878	0.00962	0.00577	0.00613	0.01043	0.03361	0.01797	0.08159	0.56221	0.11469	0.01836	0.00795	0.00249	0.00375	0.04489	0.04391	0.00553
96	0.00787	0.00562	0.00750	0.00900	0.00937	0.00525	0.00600	0.00900	0.01237	0.01649	0.03561	0.76871	0.04274	0.02024	0.00825	0.00262	0.00375	0.01837	0.00600	0.00525
97	0.01245	0.01173	0.01982	0.71132	0.08867	0.01442	0.01807	0.01672	0.01303	0.01680	0.01153	0.01715	0.00872	0.00641	0.00646	0.00214	0.00855	0.00574	0.00289	0.00737
98	0.01340	0.01148	0.01340	0.00957	0.01531	0.00861	0.00766	0.01627	0.01340	0.02105	0.01148	0.01340	0.00957	0.00479	0.00479	0.00096	0.00479	0.00383	0.00383	0.81242
99	0.00764	0.00655	0.00655	0.00655	0.00873	0.00545	0.00491	0.00927	0.01473	0.01745	0.06546	0.06218	0.73000	0.01636	0.00764	0.00218	0.00327	0.01364	0.00600	0.00545
100	0.00791	0.00581	0.00731	0.00848	0.00915	0.00533	0.00571	0.00906	0.01263	0.01647	0.04002	0.61202	0.16017	0.05584	0.00933	0.00272	0.00379	0.01712	0.00590	0.00522
101	0.01674	0.01204	0.01860	0.06246	0.09537	0.01210	0.12614	0.04609	0.14158	0.17071	0.02343	0.18117	0.02082	0.01031	0.00714	0.00223	0.00644	0.03228	0.00559	0.00877
102	0.01438	0.40565	0.17719	0.01280	0.01813	0.01873	0.04219	0.01759	0.01315	0.01688	0.03534	0.04264	0.05400	0.05083	0.03282	0.00228	0.02849	0.00573	0.00328	0.00789
103	0.02414	0.03079	0.01831	0.01665	0.01998	0.74698	0.01248	0.02580	0.01831	0.01581	0.00999	0.01165	0.00832	0.00666	0.00583	0.00166	0.01165	0.00416	0.00333	0.00749
104	0.01603	0.02571	0.45012	0.01933	0.09000	0.01468	0.06065	0.07708	0.03911	0.10150	0.01559	0.01687	0.03036	0.00677	0.00637	0.00204	0.00849	0.00564	0.00390	0.00974
105	0.04823	0.07049	0.07495	0.01611	0.03966	0.41967	0.01298	0.08878	0.08002	0.05476	0.01274	0.01382	0.00994	0.00695	0.00619	0.00181	0.02557	0.00476	0.00406	0.00848
106	0.02149	0.04944	0.05928	0.01653	0.03520	0.50420	0.01299	0.04764	0.11938	0.01857	0.01256	0.01386	0.01010	0.00714	0.00667	0.00182	0.04633	0.00479	0.00382	0.00818
107	0.01732	0.01881	0.02309	0.04881	0.36569	0.21376	0.07367	0.02037	0.01523	0.01884	0.01317	0.07132	0.01197	0.00741	0.00735	0.00198	0.05265	0.00642	0.00342	0.00872
108	0.08425	0.03255	0.05675	0.03357	0.01556	0.01031	0.06664	0.04033	0.07742	0.06105	0.12864	0.27150	0.05111	0.01275	0.00713	0.00226	0.00531	0.03011	0.00555	0.00720
109	0.01514	0.01761	0.06067	0.05116	0.09447	0.01615	0.60387	0.02048	0.01507	0.02059	0.01289	0.01717	0.00975	0.00553	0.00743	0.00215	0.01050	0.00731	0.00323	0.00883
110	0.01323	0.01263	0.02170	0.55679	0.21233	0.01467	0.04223	0.01746	0.01344	0.01778	0.01170	0.01693	0.00905	0.00625	0.00648	0.00210	0.00846	0.00581	0.00296	0.00798
111	0.02135	0.24109	0.02410	0.04082	0.02062	0.33832	0.05054	0.15175	0.01873	0.02060	0.01096	0.01252	0.00890	0.00647	0.00558	0.00168	0.00929	0.00451	0.00374	0.00843
112	0.00933	0.00698	0.00794	0.00801	0.01001	0.00625	0.00614	0.01181	0.03819	0.04930	0.13569	0.13439	0.44647	0.01596	0.00776	0.00229	0.00374	0.08756	0.00623	0.00595
113	0.00924	0.00690	0.01029	0.01029	0.01140	0.00802	0.00795	0.01147	0.01035	0.01493	0.01740	0.02589	0.01637	0.06998	0.72609	0.01026	0.01698	0.00700	0.00347	0.00571
114	0.01973	0.04381	0.05532	0.07347	0.15189	0.24680	0.01480	0.16444	0.04142	0.02253	0.01204	0.01439	0.00963	0.00725	0.00785	0.00196	0.09472	0.00519	0.00392	0.00886
115	0.04089	0.01388	0.01646	0.03991	0.09932	0.07563	0.03045	0.11363	0.07862	0.16415	0.09830	0.05906	0.03917	0.00875	0.00694	0.00196	0.02867	0.00724	0.00558	0.07139
116	0.11618	0.01921	0.04198	0.01501	0.01929	0.20808	0.06914	0.12526	0.08202	0.14175	0.01496	0.01569	0.01102	0.00732	0.00711	0.00197	0.06203	0.00540	0.00489	0.03169
117	0.08777	0.07873	0.01698	0.03508	0.01742	0.15761	0.03224	0.13233	0.06183	0.07390	0.07201	0.06027	0.03799	0.01002	0.02867	0.00221	0.03200	0.02559	0.00495	0.03240

[dist]
# distance from previous block
# <min> <max>
1	21

[block]
# block no. 3 follows, 34 sequences, length 45
# corresponding to MSA columns:
# 296-340
name=unknown_D
#
# <colnr> <probs for GDERKNQSTAVLIFYWHMCP>
#	G	D	E	R	K	N	Q	S	T	A	V	L	I	F	Y	W	H	M	C	P
0	0.01800	0.06131	0.14405	0.03291	0.06011	0.05929	0.01337	0.20375	0.11949	0.06860	0.05798	0.02055	0.05299	0.00790	0.00629	0.00192	0.00693	0.00629	0.00512	0.05317
1	0.01442	0.01225	0.01516	0.06068	0.17992	0.07506	0.01107	0.03478	0.07906	0.06810	0.15401	0.10717	0.06697	0.05964	0.00854	0.00231	0.00598	0.00889	0.00514	0.03085
2	0.05047	0.03434	0.13721	0.19690	0.08454	0.01216	0.01385	0.01830	0.05252	0.06577	0.17993	0.04518	0.02280	0.00839	0.00647	0.00200	0.00647	0.00718	0.00456	0.05096
3	0.01698	0.72554	0.08253	0.01156	0.01737	0.02484	0.01194	0.01942	0.01316	0.01556	0.00916	0.01059	0.00828	0.00557	0.00428	0.00143	0.00709	0.00355	0.00276	0.00838
4	0.02136	0.01031	0.01311	0.01079	0.01466	0.00968	0.00865	0.02664	0.13896	0.42358	0.17923	0.03016	0.06444	0.00970	0.00681	0.00205	0.00479	0.00813	0.00746	0.00951
5	0.01586	0.01533	0.02652	0.05776	0.68708	0.01537	0.04711	0.01978	0.01469	0.02097	0.01217	0.01608	0.01018	0.00576	0.00645	0.00194	0.00783	0.00583	0.00319	0.01010
6	0.01452	0.01383	0.05775	0.09164	0.05028	0.01391	0.12947	0.12409	0.07949	0.02284	0.04532	0.06471	0.01933	0.03766	0.02428	0.00264	0.07106	0.12445	0.00470	0.00805
7	0.00924	0.00654	0.00834	0.00908	0.00981	0.00648	0.00622	0.04705	0.01304	0.01772	0.05807	0.52120	0.03624	0.11718	0.07814	0.00370	0.00543	0.01494	0.02611	0.00549
8	0.00766	0.00646	0.00663	0.00677	0.00879	0.00544	0.00501	0.00925	0.01452	0.01737	0.06277	0.12587	0.66805	0.01671	0.00769	0.00222	0.00332	0.01406	0.00600	0.00544
9	0.01510	0.14816	0.50151	0.01662	0.02458	0.01741	0.01979	0.09867	0.04134	0.02203	0.01209	0.01373	0.00895	0.00645	0.00626	0.00195	0.02780	0.00480	0.00330	0.00947
10	0.01734	0.66398	0.09439	0.01206	0.01779	0.07106	0.01227	0.01986	0.01351	0.01570	0.00928	0.01073	0.00828	0.00565	0.00443	0.00146	0.00745	0.00362	0.00280	0.00835
11	0.00770	0.00655	0.00663	0.00661	0.00877	0.00548	0.00496	0.00939	0.01487	0.01780	0.09272	0.06161	0.70252	0.01623	0.00764	0.00218	0.00326	0.01356	0.00605	0.00548
12	0.01240	0.01169	0.01975	0.71906	0.08125	0.01441	0.01804	0.01669	0.01302	0.01675	0.01152	0.01716	0.00870	0.00642	0.00646	0.00214	0.00856	0.00574	0.00289	0.00734
13	0.01296	0.03342	0.73944	0.01842	0.02797	0.01501	0.02387	0.02046	0.01364	0.02046	0.01160	0.01364	0.00818	0.00614	0.00614	0.00205	0.00955	0.00477	0.00273	0.00955
14	0.00938	0.00715	0.01068	0.01059	0.01171	0.00844	0.00827	0.01166	0.01037	0.01502	0.01703	0.02503	0.01591	0.04730	0.72460	0.01015	0.04058	0.00688	0.00344	0.00581
15	0.01727	0.77681	0.03386	0.01106	0.01658	0.02557	0.01106	0.01935	0.01313	0.01520	0.00898	0.01036	0.00829	0.00553	0.00415	0.00138	0.00691	0.00345	0.00276	0.00829
16	0.00914	0.00660	0.00864	0.00813	0.00965	0.00610	0.00610	0.01219	0.01829	0.02591	0.72921	0.04827	0.06097	0.01321	0.00762	0.00203	0.00305	0.01169	0.00711	0.00610
17	0.01340	0.01148	0.01340	0.00957	0.01531	0.00861	0.00766	0.01627	0.01340	0.02105	0.01148	0.01340	0.00957	0.00479	0.00479	0.00096	0.00479	0.00383	0.00383	0.81242
18	0.00926	0.00679	0.00973	0.00973	0.01066	0.00772	0.00726	0.01112	0.01019	0.01452	0.01790	0.02869	0.01759	0.19027	0.60747	0.00958	0.01515	0.00741	0.00355	0.00541
19	0.01414	0.01414	0.01979	0.01696	0.01696	0.01979	0.01414	0.01555	0.00990	0.01555	0.00848	0.01414	0.00848	0.01131	0.02120	0.00283	0.76110	0.00565	0.00283	0.00707
20	0.00914	0.00660	0.00864	0.00813	0.00965	0.00610	0.00610	0.01219	0.01829	0.02591	0.72921	0.04827	0.06097	0.01321	0.00762	0.00203	0.00305	0.01169	0.00711	0.00610
21	0.01220	0.01148	0.01938	0.75739	0.04450	0.01436	0.01794	0.01651	0.01292	0.01651	0.01148	0.01723	0.00861	0.00646	0.00646	0.00215	0.00861	0.00574	0.00287	0.00718
22	0.00910	0.00660	0.00857	0.00808	0.00962	0.00608	0.00606	0.01210	0.01818	0.02564	0.70798	0.04871	0.08236	0.01331	0.00762	0.00204	0.00306	0.01175	0.00708	0.00608
23	0.02433	0.01659	0.01811	0.01397	0.01890	0.01802	0.01151	0.59343	0.02805	0.11839	0.01697	0.01675	0.01188	0.00777	0.00635	0.00192	0.00669	0.00591	0.05377	0.01070
24	0.00764	0.00655	0.00655	0.00655	0.00873	0.00545	0.00491	0.00927	0.01473	0.01745	0.06546	0.06218	0.73000	0.01636	0.00764	0.00218	0.00327	0.01364	0.00600	0.00545
25	0.01727	0.77681	0.03386	0.01106	0.01658	0.02557	0.01106	0.01935	0.01313	0.01520	0.00898	0.01036	0.00829	0.00553	0.00415	0.00138	0.00691	0.00345	0.00276	0.00829
26	0.01650	0.01646	0.02525	0.07085	0.64128	0.07648	0.01913	0.02018	0.01493	0.02045	0.01194	0.01569	0.01000	0.00586	0.00635	0.00191	0.00805	0.00562	0.00319	0.00986
27	0.04002	0.49133	0.05135	0.01304	0.01795	0.25835	0.01183	0.02146	0.01477	0.01593	0.00939	0.01089	0.00827	0.00593	0.00475	0.00151	0.00848	0.00373	0.00298	0.00804
28	0.00791	0.00656	0.00693	0.00684	0.00890	0.00557	0.00513	0.00981	0.01538	0.01901	0.18745	0.05962	0.60703	0.01578	0.00763	0.00215	0.00323	0.01328	0.00620	0.00557
29	0.01220	0.01148	0.01938	0.75739	0.04450	0.01436	0.01794	0.01651	0.01292	0.01651	0.01148	0.01723	0.00861	0.00646	0.00646	0.00215	0.00861	0.00574	0.00287	0.00718
30	0.00907	0.00660	0.00853	0.00805	0.00960	0.00606	0.00603	0.01204	0.01810	0.02547	0.69448	0.04899	0.09597	0.01337	0.00762	0.00204	0.00306	0.01179	0.00705	0.00606
31	0.81856	0.01250	0.00950	0.00850	0.01250	0.01449	0.00700	0.01899	0.01100	0.02899	0.00900	0.01050	0.00700	0.00600	0.00400	0.00200	0.00500	0.00350	0.00400	0.00700
32	0.01586	0.01522	0.02599	0.06484	0.70847	0.01532	0.01976	0.01971	0.01465	0.02095	0.01213	0.01604	0.01018	0.00578	0.00640	0.00193	0.00771	0.00576	0.00319	0.01013
33	0.01122	0.00561	0.00842	0.00842	0.00842	0.00561	0.00561	0.00842	0.00842	0.01122	0.01122	0.01964	0.01122	0.02245	0.02525	0.81201	0.00561	0.00561	0.00281	0.00281
34	0.00923	0.00692	0.01038	0.01038	0.01154	0.00808	0.00808	0.01154	0.01038	0.01500	0.01731	0.02538	0.01615	0.04846	0.74732	0.01038	0.01731	0.00692	0.00346	0.00577
35	0.01650	0.01572	0.02515	0.08000	0.63989	0.04889	0.01910	0.02023	0.01488	0.04001	0.01238	0.01603	0.01021	0.00590	0.00638	0.00192	0.00786	0.00570	0.00332	0.00995
36	0.00889	0.00659	0.00828	0.00786	0.00950	0.00599	0.00590	0.01170	0.01769	0.02448	0.61727	0.05061	0.17379	0.01374	0.00762	0.00206	0.00309	0.01201	0.00693	0.00599
37	0.01785	0.01407	0.01499	0.01300	0.01685	0.01595	0.01025	0.15023	0.53464	0.05840	0.02412	0.02253	0.01789	0.00849	0.00644	0.00210	0.00536	0.00695	0.04972	0.01016
38	0.02283	0.05089	0.02049	0.01496	0.01990	0.01707	0.08409	0.41160	0.02410	0.17092	0.01931	0.01918	0.05002	0.00805	0.00709	0.00200	0.03479	0.00644	0.00610	0.01019
39	0.19689	0.08857	0.08777	0.08731	0.02365	0.01507	0.20969	0.01990	0.01362	0.09706	0.01392	0.05060	0.01130	0.02881	0.00723	0.00218	0.02818	0.00623	0.00393	0.00812
40	0.79024	0.01323	0.03516	0.00885	0.01304	0.01451	0.00759	0.01905	0.01109	0.02869	0.00909	0.01061	0.00704	0.00600	0.00407	0.00200	0.00516	0.00354	0.00395	0.00709
41	0.00890	0.00605	0.00719	0.00768	0.00781	0.00593	0.00460	0.00927	0.01037	0.01382	0.02534	0.27949	0.02977	0.52714	0.02484	0.00508	0.00544	0.01233	0.00460	0.00435
42	0.00978	0.00719	0.00843	0.00822	0.00941	0.00710	0.00577	0.01147	0.03217	0.04219	0.11578	0.14089	0.25567	0.25048	0.01635	0.00352	0.05299	0.01178	0.00536	0.00545
43	0.01282	0.03243	0.71249	0.01804	0.02729	0.01468	0.02322	0.02016	0.01381	0.02066	0.03807	0.01492	0.01013	0.00640	0.00619	0.00205	0.00931	0.00503	0.00289	0.00942
44	0.01072	0.08780	0.01155	0.00921	0.01092	0.02901	0.00722	0.01258	0.01276	0.01739	0.06555	0.11834	0.14759	0.04848	0.18813	0.03410	0.03762	0.03418	0.11095	0.00590

[dist]
# distance from previous block
# <min> <max>
0	1

[block]
# block no. 4 follows, 34 sequences, length 928
# corresponding to MSA columns:
# 342-1269
name=unknown_E
#
# <colnr> <probs for GDERKNQSTAVLIFYWHMCP>
#	G	D	E	R	K	N	Q	S	T	A	V	L	I	F	Y	W	H	M	C	P
0	0.01404	0.21635	0.47203	0.09141	0.04544	0.01759	0.01997	0.01977	0.01347	0.01877	0.01095	0.01325	0.00831	0.00601	0.00568	0.00189	0.00875	0.00457	0.00276	0.00902
1	0.01599	0.01535	0.02623	0.03966	0.73262	0.01535	0.01983	0.01983	0.01471	0.02111	0.01215	0.01599	0.01023	0.00576	0.00640	0.00192	0.00768	0.00576	0.00320	0.01023
2	0.00895	0.00660	0.00837	0.00793	0.00954	0.00602	0.00595	0.01182	0.01784	0.02484	0.64493	0.05003	0.14591	0.01361	0.00762	0.00205	0.00308	0.01193	0.00697	0.00602
3	0.02730	0.01110	0.01477	0.01153	0.01631	0.00994	0.00945	0.03114	0.07718	0.65606	0.04704	0.02297	0.01768	0.00822	0.00654	0.00202	0.00539	0.00672	0.00785	0.01078
4	0.00940	0.00626	0.00705	0.00705	0.00705	0.00626	0.00392	0.00940	0.00940	0.01253	0.02036	0.04228	0.02349	0.77292	0.03289	0.00626	0.00626	0.00940	0.00392	0.00392
5	0.02899	0.01100	0.01499	0.01150	0.01649	0.00950	0.00950	0.03149	0.01849	0.73709	0.02549	0.02199	0.01599	0.00800	0.00650	0.00200	0.00550	0.00650	0.00800	0.01100
6	0.01715	0.75498	0.05458	0.01127	0.01692	0.02526	0.01143	0.01938	0.01314	0.01536	0.00906	0.01046	0.00829	0.00555	0.00420	0.00140	0.00699	0.00349	0.00276	0.00833
7	0.01340	0.01148	0.01340	0.00957	0.01531	0.00861	0.00766	0.01627	0.01340	0.02105	0.01148	0.01340	0.00957	0.00479	0.00479	0.00096	0.00479	0.00383	0.00383	0.81242
8	0.00914	0.00660	0.00864	0.00813	0.00965	0.00610	0.00610	0.01219	0.01829	0.02591	0.72921	0.04827	0.06097	0.01321	0.00762	0.00203	0.00305	0.01169	0.00711	0.00610
9	0.00910	0.00660	0.00858	0.00808	0.00963	0.00608	0.00606	0.01211	0.01819	0.02566	0.70992	0.04867	0.08041	0.01330	0.00762	0.00204	0.00305	0.01174	0.00708	0.00608
10	0.00819	0.00585	0.00787	0.00937	0.00988	0.00553	0.00656	0.00955	0.01269	0.01686	0.03543	0.68036	0.04203	0.01994	0.00833	0.00267	0.00403	0.10353	0.00599	0.00534
11	0.02899	0.01100	0.01499	0.01150	0.01649	0.00950	0.00950	0.03149	0.01849	0.73709	0.02549	0.02199	0.01599	0.00800	0.00650	0.00200	0.00550	0.00650	0.00800	0.01100
12	0.00940	0.00626	0.00705	0.00705	0.00705	0.00626	0.00392	0.00940	0.00940	0.01253	0.02036	0.04228	0.02349	0.77292	0.03289	0.00626	0.00626	0.00940	0.00392	0.00392
13	0.01727	0.77681	0.03386	0.01106	0.01658	0.02557	0.01106	0.01935	0.01313	0.01520	0.00898	0.01036	0.00829	0.00553	0.00415	0.00138	0.00691	0.00345	0.00276	0.00829
14	0.00764	0.00655	0.00655	0.00655	0.00873	0.00545	0.00491	0.00927	0.01473	0.01745	0.06546	0.06218	0.73000	0.01636	0.00764	0.00218	0.00327	0.01364	0.00600	0.00545
15	0.01296	0.03342	0.73944	0.01842	0.02797	0.01501	0.02387	0.02046	0.01364	0.02046	0.01160	0.01364	0.00818	0.00614	0.00614	0.00205	0.00955	0.00477	0.00273	0.00955
16	0.01607	0.01388	0.01461	0.01315	0.01680	0.01607	0.01023	0.03433	0.72094	0.02703	0.02630	0.02411	0.01972	0.00877	0.00657	0.00219	0.00511	0.00731	0.00657	0.01023
