[name]
unknown

[dist]
# distance from previous block
# <min> <max>
0	13

[block]
# block no. 0 follows, 34 sequences, length 45
# corresponding to MSA columns:
# 13-57
name=unknown_A
#
# <colnr> <probs for GDERKNQSTAVLIFYWHMCP>
#	G	D	E	R	K	N	Q	S	T	A	V	L	I	F	Y	W	H	M	C	P
0	0.06630	0.12288	0.23868	0.09343	0.08833	0.03555	0.04883	0.05057	0.06615	0.04390	0.01628	0.01914	0.04737	0.00724	0.00607	0.00199	0.00776	0.02694	0.00379	0.00878
1	0.01267	0.04839	0.03481	0.01401	0.09038	0.05611	0.05374	0.01487	0.01398	0.05533	0.12498	0.22651	0.02858	0.14233	0.01146	0.00280	0.00592	0.01044	0.00490	0.04778
2	0.04139	0.03479	0.05452	0.04692	0.03897	0.19762	0.01004	0.03833	0.01562	0.03523	0.11623	0.18099	0.07210	0.03932	0.00764	0.00216	0.00673	0.00919	0.00477	0.04745
3	0.01489	0.01160	0.01438	0.05236	0.06126	0.05241	0.03299	0.05184	0.13324	0.10231	0.20096	0.13268	0.05062	0.01117	0.00781	0.00216	0.04395	0.00955	0.00588	0.00795
4	0.06659	0.04555	0.10618	0.08059	0.25681	0.01505	0.11000	0.04297	0.08219	0.06923	0.03353	0.01858	0.03042	0.00677	0.00639	0.00201	0.00757	0.00621	0.00407	0.00928
5	0.01562	0.01490	0.02536	0.03825	0.69927	0.01489	0.01919	0.01933	0.01460	0.02090	0.01324	0.05069	0.01173	0.00642	0.00648	0.00195	0.00750	0.00634	0.00333	0.01000
6	0.01400	0.01384	0.01919	0.01656	0.01671	0.01917	0.01372	0.01602	0.03597	0.01600	0.01003	0.03955	0.01003	0.01151	0.02024	0.00280	0.70832	0.00614	0.00307	0.00712
7	0.01047	0.00946	0.04121	0.03938	0.02864	0.00836	0.08411	0.03946	0.01632	0.02225	0.33967	0.13807	0.14459	0.01319	0.00810	0.02817	0.00482	0.01140	0.00581	0.00651
8	0.01541	0.01476	0.02517	0.14999	0.62684	0.01520	0.01954	0.01932	0.01444	0.02040	0.01205	0.01618	0.00999	0.00587	0.00641	0.00196	0.00782	0.00575	0.00315	0.00976
9	0.00937	0.00635	0.00750	0.00750	0.00765	0.00651	0.00448	0.00969	0.00953	0.01286	0.01995	0.04001	0.02250	0.67526	0.12920	0.00682	0.00775	0.00906	0.00385	0.00417
10	0.00891	0.00617	0.00762	0.00848	0.00935	0.00585	0.00604	0.01046	0.01292	0.01756	0.06060	0.37151	0.12308	0.12814	0.01147	0.00302	0.00427	0.11093	0.08834	0.00529
11	0.07653	0.05110	0.31680	0.02380	0.20559	0.01587	0.12437	0.04594	0.04024	0.02210	0.01234	0.01490	0.00939	0.00606	0.00622	0.00201	0.00858	0.00544	0.00330	0.00943
12	0.01206	0.01123	0.01878	0.72066	0.04267	0.01396	0.01726	0.01616	0.01275	0.01631	0.01192	0.01845	0.00934	0.04398	0.00775	0.00235	0.00850	0.00592	0.00292	0.00702
13	0.01414	0.01414	0.01979	0.01696	0.01696	0.01979	0.01414	0.01555	0.00990	0.01555	0.00848	0.01414	0.00848	0.01131	0.02120	0.00283	0.76110	0.00565	0.00283	0.00707
14	0.00786	0.00568	0.00744	0.00885	0.00933	0.00526	0.00593	0.00901	0.01251	0.01655	0.03740	0.72639	0.08390	0.02001	0.00821	0.00260	0.00372	0.01809	0.00600	0.00526
15	0.14008	0.01516	0.03628	0.04256	0.01978	0.08277	0.12732	0.13198	0.03810	0.06538	0.01746	0.11982	0.01583	0.01058	0.03043	0.00244	0.05234	0.03888	0.00473	0.00807
16	0.00807	0.00591	0.00762	0.00884	0.00958	0.00546	0.00617	0.00947	0.01309	0.01719	0.06601	0.59666	0.13521	0.01928	0.00819	0.00257	0.00382	0.06546	0.00604	0.00536
17	0.00787	0.00562	0.00750	0.00900	0.00937	0.00525	0.00600	0.00900	0.01237	0.01649	0.03561	0.76871	0.04274	0.02024	0.00825	0.00262	0.00375	0.01837	0.00600	0.00525
18	0.01340	0.01148	0.01340	0.00957	0.01531	0.00861	0.00766	0.01627	0.01340	0.02105	0.01148	0.01340	0.00957	0.00479	0.00479	0.00096	0.00479	0.00383	0.00383	0.81242
19	0.08527	0.01568	0.01707	0.01315	0.01815	0.01660	0.01082	0.47441	0.02515	0.12280	0.03948	0.01677	0.01280	0.00751	0.00613	0.00185	0.00636	0.00570	0.00619	0.09811
20	0.01884	0.01616	0.04696	0.08410	0.14379	0.01725	0.03960	0.29296	0.10179	0.04629	0.01528	0.01758	0.01177	0.03102	0.00882	0.00222	0.08486	0.00611	0.00494	0.00968
21	0.01329	0.01251	0.02126	0.04682	0.02050	0.01469	0.18833	0.01609	0.01177	0.03920	0.01312	0.01929	0.01164	0.04088	0.22249	0.00484	0.28617	0.00665	0.00331	0.00716
22	0.01450	0.02016	0.17720	0.02474	0.03163	0.01563	0.54399	0.02018	0.01481	0.02048	0.01368	0.04667	0.01079	0.00618	0.00735	0.00217	0.01034	0.00748	0.00327	0.00874
23	0.14208	0.20250	0.10435	0.03849	0.08513	0.04480	0.03891	0.15948	0.01682	0.04369	0.01203	0.01375	0.00939	0.00650	0.00582	0.00184	0.02736	0.00479	0.03339	0.00887
24	0.01677	0.01867	0.02061	0.01849	0.06419	0.23186	0.10097	0.01941	0.03355	0.01692	0.01326	0.01744	0.03861	0.03114	0.04892	0.00276	0.28961	0.00600	0.00335	0.00748
25	0.01659	0.65946	0.14525	0.01222	0.01838	0.02390	0.01308	0.01952	0.01321	0.01603	0.00940	0.01088	0.00827	0.00562	0.00446	0.00149	0.00733	0.00366	0.00276	0.00849
26	0.01328	0.00904	0.01121	0.00906	0.01267	0.00748	0.00709	0.01614	0.01631	0.11571	0.33920	0.03203	0.05994	0.00943	0.00639	0.00162	0.00404	0.00808	0.00593	0.31535
27	0.02414	0.03079	0.01831	0.01665	0.01998	0.74698	0.01248	0.02580	0.01831	0.01581	0.00999	0.01165	0.00832	0.00666	0.00583	0.00166	0.01165	0.00416	0.00333	0.00749
28	0.01411	0.01336	0.02261	0.30927	0.43287	0.01442	0.01836	0.01798	0.01391	0.01912	0.01319	0.05773	0.01140	0.00682	0.00652	0.00205	0.00781	0.00644	0.00323	0.00881
29	0.00911	0.00654	0.00877	0.01010	0.01108	0.00632	0.00787	0.01106	0.01351	0.01767	0.03589	0.37220	0.07770	0.05576	0.00973	0.00294	0.00486	0.32748	0.00587	0.00552
30	0.05262	0.01137	0.01489	0.01151	0.01636	0.01025	0.00948	0.07710	0.01907	0.64072	0.05039	0.02216	0.01704	0.00811	0.00646	0.00200	0.00550	0.00655	0.00773	0.01069
31	0.00781	0.00652	0.00681	0.00680	0.00885	0.00552	0.00508	0.00959	0.01505	0.01836	0.13822	0.08334	0.63360	0.01614	0.00765	0.00218	0.00326	0.01357	0.00612	0.00552
32	0.00993	0.00686	0.00824	0.00778	0.00977	0.00606	0.00587	0.01233	0.01673	0.07279	0.39954	0.07419	0.31746	0.01429	0.00757	0.00211	0.00333	0.01228	0.00671	0.00617
33	0.04187	0.00746	0.00890	0.00852	0.00945	0.00785	0.00572	0.03136	0.03294	0.05143	0.01952	0.03476	0.02029	0.48940	0.19748	0.00661	0.00877	0.00828	0.00417	0.00522
34	0.00923	0.00692	0.01038	0.01038	0.01154	0.00808	0.00808	0.01154	0.01038	0.01500	0.01731	0.02538	0.01615	0.04846	0.74732	0.01038	0.01731	0.00692	0.00346	0.00577
35	0.02601	0.01578	0.01796	0.01377	0.01888	0.01660	0.01137	0.48958	0.02651	0.26768	0.01876	0.01762	0.01262	0.00783	0.00647	0.00196	0.00658	0.00604	0.00696	0.01099
36	0.00811	0.00617	0.00727	0.00802	0.00913	0.00558	0.00563	0.00943	0.01312	0.01661	0.04539	0.37022	0.30625	0.10152	0.01077	0.00288	0.00398	0.05893	0.00577	0.00523
37	0.01260	0.01269	0.12142	0.01147	0.01497	0.00993	0.03162	0.03208	0.14242	0.06750	0.24317	0.10649	0.09039	0.01147	0.00707	0.00213	0.00503	0.02683	0.04301	0.00770
38	0.51116	0.01405	0.01287	0.01068	0.01507	0.01581	0.00879	0.21808	0.04280	0.07839	0.01256	0.01317	0.00919	0.00673	0.00496	0.00199	0.00564	0.00449	0.00506	0.00852
39	0.00895	0.00666	0.00810	0.00888	0.00996	0.00629	0.00620	0.05655	0.01408	0.01833	0.04049	0.57016	0.18416	0.01859	0.00800	0.00249	0.00388	0.01653	0.00603	0.00568
40	0.04282	0.01743	0.06850	0.01401	0.01890	0.07869	0.03399	0.35383	0.02302	0.16841	0.01741	0.01846	0.01255	0.00772	0.00626	0.00193	0.00705	0.02345	0.07572	0.00985
41	0.01761	0.00878	0.01086	0.00944	0.01244	0.00805	0.00736	0.06558	0.01694	0.29293	0.08927	0.15429	0.14792	0.01181	0.00680	0.00207	0.00440	0.01001	0.11540	0.00802
42	0.00835	0.00612	0.00772	0.00886	0.00949	0.00584	0.00595	0.01022	0.04497	0.01674	0.03612	0.62748	0.08907	0.07812	0.01005	0.00286	0.00397	0.01682	0.00586	0.00539
43	0.33826	0.29266	0.06297	0.03457	0.03443	0.01866	0.01056	0.06733	0.01341	0.02301	0.01017	0.01206	0.00840	0.00805	0.04087	0.00219	0.00689	0.00401	0.00356	0.00793
44	0.01332	0.04346	0.13632	0.01636	0.10151	0.01111	0.10549	0.01719	0.01555	0.08207	0.19517	0.03105	0.13061	0.01069	0.03067	0.00227	0.00662	0.00841	0.00492	0.03718

[dist]
# distance from previous block
# <min> <max>
1	4

[block]
# block no. 1 follows, 34 sequences, length 6
# corresponding to MSA columns:
# 63-68
name=unknown_B
#
# <colnr> <probs for GDERKNQSTAVLIFYWHMCP>
#	G	D	E	R	K	N	Q	S	T	A	V	L	I	F	Y	W	H	M	C	P
0	0.01515	0.00933	0.01152	0.01080	0.04549	0.00900	0.00793	0.06481	0.08647	0.17052	0.27725	0.03767	0.15308	0.01117	0.00696	0.00202	0.00427	0.00950	0.05917	0.00790
1	0.03603	0.01252	0.05530	0.04764	0.05318	0.01151	0.03808	0.14414	0.06224	0.07562	0.04326	0.13095	0.13479	0.01047	0.00666	0.00202	0.00561	0.00892	0.04384	0.07722
2	0.04893	0.12618	0.10605	0.06683	0.16631	0.01602	0.01404	0.09527	0.12343	0.07121	0.01839	0.01933	0.05923	0.00732	0.00602	0.00191	0.00675	0.00597	0.00448	0.03632
3	0.10071	0.06985	0.11688	0.02134	0.23029	0.01431	0.06740	0.02167	0.06151	0.12080	0.01705	0.01837	0.04746	0.00678	0.00603	0.00191	0.00696	0.00585	0.00427	0.06055
4	0.00979	0.00762	0.01093	0.01062	0.01148	0.00910	0.00814	0.01167	0.01019	0.01470	0.01678	0.02660	0.01637	0.14932	0.56404	0.00896	0.09745	0.00714	0.00346	0.00564
5	0.12412	0.01621	0.06856	0.11556	0.19273	0.03607	0.11717	0.09941	0.07328	0.02400	0.01344	0.01619	0.01038	0.00658	0.00662	0.00204	0.02978	0.00576	0.03317	0.00891

[dist]
# distance from previous block
# <min> <max>
0	2

[block]
# block no. 2 follows, 34 sequences, length 12
# corresponding to MSA columns:
# 71-82
name=unknown_C
#
# <colnr> <probs for GDERKNQSTAVLIFYWHMCP>
#	G	D	E	R	K	N	Q	S	T	A	V	L	I	F	Y	W	H	M	C	P
0	0.16283	0.05453	0.05259	0.01770	0.14961	0.10338	0.01251	0.17449	0.01759	0.04179	0.04069	0.01604	0.01194	0.01027	0.06626	0.00257	0.02418	0.00530	0.00434	0.03138
1	0.02193	0.01800	0.01872	0.01517	0.01912	0.14536	0.04425	0.32627	0.04307	0.11140	0.01531	0.01660	0.01147	0.01125	0.06904	0.00271	0.08983	0.00581	0.00531	0.00939
2	0.01355	0.00970	0.01309	0.07463	0.11264	0.00973	0.00981	0.06278	0.06824	0.10505	0.05417	0.26429	0.14978	0.01311	0.00727	0.00224	0.00511	0.01152	0.00571	0.00758
3	0.14002	0.09909	0.11600	0.01503	0.05971	0.03909	0.04631	0.08239	0.07901	0.12963	0.01452	0.01541	0.01080	0.00682	0.00647	0.00189	0.04660	0.00515	0.00455	0.08151
4	0.01251	0.00721	0.00977	0.00924	0.00994	0.00753	0.00648	0.09069	0.01120	0.01505	0.01278	0.02103	0.01236	0.06976	0.08090	0.60342	0.00676	0.00598	0.00335	0.00407
5	0.00813	0.00632	0.00745	0.00807	0.00950	0.00564	0.00594	0.00985	0.01425	0.01809	0.11332	0.30840	0.36020	0.01757	0.00797	0.00240	0.00368	0.08163	0.00610	0.00549
6	0.01191	0.01022	0.01495	0.25540	0.07113	0.01195	0.01220	0.03740	0.04306	0.01882	0.05588	0.13456	0.06634	0.01361	0.06740	0.00289	0.10035	0.00862	0.05634	0.00698
7	0.01875	0.01724	0.05650	0.12372	0.22555	0.06218	0.09675	0.19583	0.04851	0.07008	0.01428	0.01654	0.01070	0.00666	0.00653	0.00199	0.00813	0.00595	0.00442	0.00968
8	0.01320	0.01268	0.01621	0.04365	0.01601	0.05734	0.01185	0.01479	0.01126	0.01638	0.01515	0.17065	0.01610	0.01244	0.01593	0.00260	0.48038	0.00822	0.05852	0.00665
9	0.01070	0.00931	0.01331	0.04835	0.01510	0.04495	0.04987	0.01316	0.01121	0.01553	0.01651	0.04882	0.01548	0.03861	0.56174	0.00835	0.06232	0.00709	0.00346	0.00615
10	0.01178	0.01065	0.01670	0.17498	0.12271	0.01097	0.08616	0.03026	0.05297	0.02033	0.12693	0.08013	0.17476	0.01086	0.00722	0.00218	0.00616	0.04211	0.00484	0.00732
11	0.01723	0.01787	0.13040	0.02309	0.22532	0.01565	0.09663	0.12585	0.16892	0.06005	0.01668	0.01805	0.01253	0.00689	0.00649	0.00202	0.00743	0.00621	0.03273	0.00995

[dist]
# distance from previous block
# <min> <max>
2	10

[block]
# block no. 3 follows, 34 sequences, length 14
# corresponding to MSA columns:
# 93-106
name=unknown_D
#
# <colnr> <probs for GDERKNQSTAVLIFYWHMCP>
#	G	D	E	R	K	N	Q	S	T	A	V	L	I	F	Y	W	H	M	C	P
0	0.01364	0.09881	0.05957	0.14745	0.07768	0.03317	0.01200	0.05323	0.10030	0.03304	0.13249	0.05141	0.08606	0.01119	0.04425	0.00241	0.00677	0.00769	0.00471	0.02411
1	0.00904	0.00692	0.00809	0.00804	0.00962	0.00654	0.00592	0.01064	0.01383	0.04054	0.10366	0.17177	0.40394	0.07508	0.05659	0.00309	0.04244	0.01290	0.00568	0.00564
2	0.13567	0.01623	0.01734	0.01346	0.01844	0.01765	0.01112	0.51031	0.02586	0.14618	0.01614	0.01581	0.01120	0.00755	0.00613	0.00196	0.00657	0.00560	0.00636	0.01043
3	0.77369	0.01241	0.00981	0.00867	0.01272	0.01421	0.00714	0.01970	0.01142	0.06923	0.00993	0.01115	0.00751	0.00611	0.00414	0.00200	0.00503	0.00367	0.00423	0.00722
4	0.00938	0.00633	0.00738	0.00738	0.00749	0.00644	0.00433	0.00961	0.00949	0.01277	0.02006	0.04061	0.02276	0.70111	0.10371	0.00667	0.00736	0.00915	0.00387	0.00410
5	0.01293	0.00780	0.00961	0.00895	0.01120	0.00727	0.00677	0.01654	0.07446	0.15237	0.27339	0.17272	0.16542	0.01353	0.00734	0.00215	0.00383	0.01173	0.03491	0.00706
6	0.46996	0.01111	0.01024	0.00871	0.01270	0.01150	0.00705	0.01825	0.01303	0.09646	0.06752	0.02053	0.09350	0.00768	0.00503	0.00186	0.00469	0.00556	0.00481	0.12979
7	0.05618	0.01769	0.01736	0.01376	0.01841	0.09001	0.01116	0.49393	0.05467	0.03480	0.01527	0.01574	0.01122	0.00741	0.00606	0.00183	0.00696	0.00551	0.06176	0.06028
8	0.11169	0.01103	0.01437	0.05563	0.03602	0.01145	0.07404	0.14121	0.03977	0.02345	0.02469	0.28673	0.06605	0.03225	0.00761	0.00232	0.00569	0.01070	0.00520	0.04011
9	0.01576	0.01294	0.01353	0.01209	0.01500	0.06053	0.00943	0.20001	0.19244	0.02572	0.06295	0.09728	0.05772	0.06246	0.08200	0.00324	0.00707	0.05586	0.00576	0.00819
10	0.01094	0.00847	0.01173	0.09635	0.06553	0.00871	0.00981	0.01488	0.07782	0.03798	0.09408	0.24522	0.09192	0.01477	0.00779	0.00247	0.00519	0.18401	0.00564	0.00668
11	0.01756	0.18617	0.11336	0.10194	0.02204	0.13050	0.03752	0.04718	0.01503	0.09411	0.03168	0.03619	0.03012	0.00781	0.00779	0.00196	0.10124	0.00569	0.00386	0.00824
12	0.01485	0.00872	0.01039	0.00904	0.01188	0.00804	0.00702	0.08483	0.01770	0.19359	0.20279	0.07132	0.27597	0.04419	0.00831	0.00227	0.00428	0.01071	0.00670	0.00741
13	0.03666	0.08576	0.08118	0.06747	0.08889	0.07049	0.04131	0.09140	0.01632	0.12032	0.01356	0.01502	0.01021	0.00612	0.00570	0.00164	0.00705	0.00494	0.00429	0.23165

[dist]
# distance from previous block
# <min> <max>
0	2

[block]
# block no. 4 follows, 34 sequences, length 21
# corresponding to MSA columns:
# 109-129
name=unknown_E
#
# <colnr> <probs for GDERKNQSTAVLIFYWHMCP>
#	G	D	E	R	K	N	Q	S	T	A	V	L	I	F	Y	W	H	M	C	P
0	0.26376	0.09745	0.11009	0.01361	0.03387	0.10911	0.03067	0.06479	0.04393	0.02282	0.01338	0.08730	0.01204	0.00806	0.00664	0.00203	0.06277	0.00585	0.00396	0.00788
1	0.01333	0.00961	0.01204	0.03605	0.01388	0.04282	0.03990	0.01698	0.06213	0.11670	0.30175	0.11409	0.10730	0.01209	0.00776	0.00212	0.03458	0.01040	0.03935	0.00712
2	0.01481	0.01415	0.01322	0.01112	0.01511	0.12848	0.00860	0.04081	0.16749	0.02162	0.05598	0.05382	0.11593	0.00865	0.00605	0.00165	0.00570	0.00700	0.00496	0.30486
3	0.01758	0.01392	0.01470	0.01263	0.01641	0.01570	0.00999	0.21153	0.43809	0.02999	0.02454	0.02340	0.04653	0.00869	0.00639	0.00206	0.00536	0.00705	0.08563	0.00982
4	0.00843	0.00640	0.00764	0.00821	0.00953	0.00583	0.00605	0.01013	0.01402	0.01797	0.12295	0.25548	0.30297	0.08451	0.01023	0.00276	0.00403	0.11151	0.00593	0.00540
5	0.02328	0.02080	0.01889	0.01537	0.01964	0.20332	0.01235	0.45363	0.06311	0.03196	0.01421	0.01491	0.01061	0.00778	0.00733	0.00194	0.06019	0.00547	0.00543	0.00979
6	0.00910	0.00658	0.00834	0.00935	0.01014	0.00635	0.00642	0.06087	0.01378	0.01832	0.03515	0.68897	0.06383	0.01919	0.00809	0.00256	0.00398	0.01728	0.00603	0.00568
7	0.01727	0.01187	0.01405	0.01087	0.01583	0.01039	0.00885	0.11220	0.04498	0.14839	0.01876	0.02237	0.03655	0.00742	0.00583	0.00154	0.00529	0.06516	0.00527	0.43711
8	0.02422	0.02830	0.01852	0.01630	0.01999	0.60398	0.01244	0.16061	0.02068	0.02071	0.01107	0.01241	0.00885	0.00687	0.00595	0.00172	0.01076	0.00449	0.00395	0.00818
9	0.01666	0.01417	0.01494	0.01327	0.01703	0.01635	0.01037	0.08104	0.67328	0.02797	0.02555	0.02351	0.01912	0.00870	0.00657	0.00217	0.00525	0.00720	0.00657	0.01028
10	0.00787	0.00562	0.00750	0.00900	0.00937	0.00525	0.00600	0.00900	0.01237	0.01649	0.03561	0.76871	0.04274	0.02024	0.00825	0.00262	0.00375	0.01837	0.00600	0.00525
11	0.00940	0.00626	0.00705	0.00705	0.00705	0.00626	0.00392	0.00940	0.00940	0.01253	0.02036	0.04228	0.02349	0.77292	0.03289	0.00626	0.00626	0.00940	0.00392	0.00392
12	0.30069	0.01151	0.01310	0.01046	0.01512	0.01122	0.00864	0.02719	0.01591	0.49343	0.01982	0.01804	0.01290	0.00731	0.00564	0.00200	0.00533	0.00547	0.00662	0.00962
13	0.00943	0.00666	0.00832	0.00918	0.01029	0.00635	0.00649	0.01203	0.06541	0.04740	0.03870	0.55267	0.13769	0.01823	0.00799	0.00252	0.00395	0.04465	0.00612	0.00591
14	0.00851	0.00579	0.00760	0.00854	0.00913	0.00539	0.00580	0.00910	0.01227	0.01617	0.07214	0.50629	0.12472	0.01977	0.01120	0.14812	0.00399	0.01512	0.00548	0.00488
15	0.04936	0.01213	0.01302	0.01107	0.01440	0.01314	0.00878	0.24844	0.17210	0.03032	0.17339	0.02863	0.07701	0.00966	0.00647	0.00198	0.00493	0.00789	0.10870	0.00858
16	0.00828	0.00584	0.00754	0.00879	0.00932	0.00550	0.00599	0.00951	0.01242	0.01663	0.03515	0.60858	0.07190	0.08254	0.01020	0.00289	0.00404	0.05683	0.03283	0.00521
17	0.01210	0.00938	0.01173	0.06886	0.09003	0.04198	0.00908	0.01475	0.03762	0.08324	0.05490	0.26086	0.21331	0.01422	0.00745	0.00229	0.00508	0.05073	0.00557	0.00682
18	0.01193	0.00850	0.00953	0.00940	0.01141	0.00880	0.00721	0.06440	0.14748	0.02291	0.06171	0.18901	0.11837	0.01294	0.00683	0.00217	0.00420	0.08642	0.20988	0.00691
19	0.00819	0.00593	0.00781	0.00920	0.00985	0.00555	0.00650	0.00960	0.01288	0.01694	0.03763	0.62470	0.09266	0.01964	0.00829	0.00264	0.00400	0.10664	0.00599	0.00536
20	0.14671	0.10176	0.10852	0.09488	0.24518	0.08100	0.01525	0.01934	0.01390	0.02083	0.03972	0.01538	0.01106	0.00650	0.00616	0.00191	0.03220	0.00511	0.02615	0.00847

[dist]
# distance from previous block
# <min> <max>
8	12

[block]
# block no. 5 follows, 34 sequences, length 15
# corresponding to MSA columns:
# 143-157
name=unknown_F
#
# <colnr> <probs for GDERKNQSTAVLIFYWHMCP>
#	G	D	E	R	K	N	Q	S	T	A	V	L	I	F	Y	W	H	M	C	P
0	0.01688	0.42910	0.05817	0.04052	0.01770	0.15772	0.01149	0.01915	0.01402	0.01618	0.01378	0.05416	0.04224	0.00742	0.00583	0.00167	0.04277	0.00519	0.03829	0.00771
1	0.03260	0.01186	0.01808	0.28255	0.20546	0.01321	0.01473	0.03343	0.06227	0.01991	0.03326	0.06944	0.02774	0.00945	0.02661	0.00233	0.03555	0.03810	0.02702	0.03642
2	0.05240	0.06865	0.28482	0.10522	0.12190	0.04722	0.08476	0.02103	0.03019	0.08054	0.03461	0.01628	0.01113	0.00646	0.00620	0.00199	0.00840	0.00554	0.00361	0.00904
3	0.08357	0.04001	0.04992	0.06398	0.04697	0.06132	0.01254	0.30222	0.08412	0.07252	0.01475	0.01573	0.01095	0.00746	0.00714	0.00197	0.06215	0.00547	0.00514	0.05205
4	0.00792	0.00622	0.00717	0.00765	0.00909	0.00547	0.00546	0.00956	0.01435	0.01824	0.14363	0.31643	0.39116	0.01735	0.00786	0.00232	0.00342	0.01509	0.00615	0.00547
5	0.22976	0.00982	0.01035	0.07651	0.01446	0.01064	0.00789	0.08393	0.01483	0.06828	0.02046	0.05540	0.05277	0.00870	0.00545	0.00194	0.00482	0.04755	0.26934	0.00710
6	0.01694	0.01708	0.07880	0.26013	0.09555	0.12746	0.04107	0.07688	0.05873	0.08205	0.01563	0.07313	0.01280	0.00777	0.00652	0.00205	0.00819	0.00660	0.00417	0.00845
7	0.00920	0.00618	0.00710	0.00730	0.00735	0.00613	0.00418	0.00935	0.00978	0.01304	0.02232	0.13547	0.02596	0.67637	0.02973	0.00580	0.00594	0.01055	0.00418	0.00409
8	0.00885	0.00652	0.00827	0.00798	0.00951	0.00595	0.00593	0.01156	0.01737	0.02407	0.58791	0.10429	0.14947	0.01416	0.00767	0.00210	0.00313	0.01245	0.00688	0.00595
9	0.12053	0.01621	0.01843	0.04311	0.09066	0.01766	0.01232	0.46615	0.02466	0.10460	0.01521	0.01564	0.01083	0.00732	0.00616	0.00196	0.00681	0.00559	0.00586	0.01029
10	0.01609	0.01417	0.02090	0.22176	0.22688	0.04888	0.05966	0.08955	0.03391	0.05415	0.01473	0.03677	0.01209	0.00748	0.00737	0.00208	0.05160	0.02682	0.04647	0.00864
11	0.01173	0.00599	0.00613	0.00625	0.00767	0.00596	0.00463	0.01460	0.01346	0.02352	0.02217	0.08006	0.01853	0.00848	0.00480	0.00159	0.00307	0.00695	0.74845	0.00596
12	0.01525	0.01743	0.03813	0.02723	0.03377	0.01634	0.70915	0.02070	0.01525	0.02070	0.01307	0.01743	0.00980	0.00545	0.00763	0.00218	0.01089	0.00763	0.00327	0.00871
13	0.01147	0.05715	0.01099	0.02793	0.01196	0.00907	0.00726	0.09193	0.04200	0.02164	0.10613	0.37951	0.06398	0.01449	0.00709	0.00221	0.00431	0.01269	0.11167	0.00654
14	0.01567	0.01467	0.08119	0.04869	0.13989	0.01195	0.01219	0.09460	0.03314	0.06192	0.01520	0.01682	0.03732	0.00618	0.00568	0.00151	0.00611	0.00514	0.00425	0.38788

[dist]
# distance from previous block
# <min> <max>
0	1

[block]
# block no. 6 follows, 34 sequences, length 11
# corresponding to MSA columns:
# 159-169
name=unknown_G
#
# <colnr> <probs for GDERKNQSTAVLIFYWHMCP>
#	G	D	E	R	K	N	Q	S	T	A	V	L	I	F	Y	W	H	M	C	P
0	0.01973	0.31009	0.02411	0.06632	0.01994	0.32301	0.01220	0.05783	0.01617	0.01724	0.03234	0.01303	0.01012	0.00672	0.00611	0.00168	0.04771	0.00440	0.00334	0.00789
1	0.81856	0.01250	0.00950	0.00850	0.01250	0.01449	0.00700	0.01899	0.01100	0.02899	0.00900	0.01050	0.00700	0.00600	0.00400	0.00200	0.00500	0.00350	0.00400	0.00700
2	0.06466	0.01673	0.01888	0.01459	0.01955	0.01818	0.04232	0.56491	0.02707	0.09019	0.01665	0.04728	0.01243	0.00810	0.00647	0.00199	0.00691	0.00635	0.00629	0.01044
3	0.00940	0.00626	0.00705	0.00705	0.00705	0.00626	0.00392	0.00940	0.00940	0.01253	0.02036	0.04228	0.02349	0.77292	0.03289	0.00626	0.00626	0.00940	0.00392	0.00392
4	0.01273	0.00899	0.01162	0.01163	0.06012	0.00892	0.00830	0.04631	0.10940	0.08056	0.47007	0.04088	0.04545	0.01175	0.00734	0.00209	0.00413	0.04547	0.00676	0.00748
5	0.07290	0.01776	0.01879	0.01448	0.01958	0.01970	0.01196	0.66894	0.02920	0.04001	0.01512	0.01521	0.01075	0.00765	0.00631	0.00194	0.00698	0.00568	0.00631	0.01075
6	0.01671	0.01141	0.01289	0.01100	0.01405	0.01210	0.00861	0.21336	0.14334	0.08933	0.18147	0.03059	0.02700	0.09074	0.00946	0.00246	0.00519	0.03136	0.08053	0.00837
7	0.00805	0.00575	0.00739	0.00863	0.00905	0.00538	0.00568	0.00906	0.01213	0.01606	0.03532	0.64221	0.07679	0.11232	0.01124	0.00305	0.00403	0.01702	0.00574	0.00510
8	0.01804	0.62710	0.03071	0.06177	0.01876	0.08770	0.01158	0.02024	0.01380	0.04597	0.00994	0.01143	0.00864	0.00579	0.00455	0.00148	0.00738	0.00380	0.00304	0.00826
9	0.01167	0.01059	0.03652	0.01155	0.03309	0.06053	0.00892	0.04511	0.04971	0.01952	0.12831	0.09513	0.06404	0.06325	0.23573	0.00490	0.00924	0.07375	0.00487	0.03358
10	0.04352	0.09515	0.01913	0.01891	0.18549	0.11191	0.03688	0.04239	0.06593	0.03993	0.04039	0.10179	0.01681	0.04370	0.03229	0.00244	0.04611	0.00723	0.04193	0.00807

[dist]
# distance from previous block
# <min> <max>
0	4

[block]
# block no. 7 follows, 34 sequences, length 51
# corresponding to MSA columns:
# 174-224
name=unknown_H
#
# <colnr> <probs for GDERKNQSTAVLIFYWHMCP>
#	G	D	E	R	K	N	Q	S	T	A	V	L	I	F	Y	W	H	M	C	P
0	0.28399	0.01318	0.01126	0.01010	0.01320	0.09960	0.00775	0.10081	0.03562	0.02414	0.02020	0.11187	0.07714	0.07670	0.00804	0.00235	0.00577	0.00730	0.03821	0.05278
1	0.01493	0.01598	0.14480	0.01657	0.11054	0.01364	0.01320	0.16806	0.06663	0.02444	0.04070	0.11731	0.04639	0.02532	0.03681	0.00252	0.06606	0.00795	0.05964	0.00849
2	0.03192	0.01147	0.01383	0.04874	0.01687	0.01019	0.00883	0.02130	0.12008	0.14189	0.03725	0.01805	0.01382	0.00789	0.03287	0.00178	0.00557	0.00523	0.00498	0.44746
3	0.02474	0.01782	0.01922	0.01473	0.01990	0.01962	0.01217	0.68425	0.02991	0.06820	0.01591	0.01577	0.01119	0.00777	0.00647	0.00194	0.00705	0.00584	0.00652	0.01099
4	0.01642	0.01267	0.01532	0.06717	0.04826	0.01176	0.00992	0.17892	0.01794	0.06566	0.05136	0.03153	0.03500	0.00687	0.00575	0.00149	0.00562	0.00561	0.00485	0.40787
5	0.00993	0.00777	0.00910	0.00864	0.01058	0.00760	0.00648	0.01508	0.13518	0.02357	0.42208	0.07733	0.19794	0.03010	0.00803	0.00221	0.00354	0.01160	0.00666	0.00657
6	0.01697	0.72458	0.08343	0.01157	0.01738	0.02482	0.01196	0.01943	0.01316	0.01557	0.00917	0.01060	0.00828	0.00557	0.00429	0.00143	0.00710	0.00355	0.00276	0.00838
7	0.04547	0.01583	0.01743	0.01340	0.01842	0.01670	0.01100	0.45831	0.05315	0.09213	0.01562	0.01581	0.01130	0.00730	0.00649	0.00180	0.02704	0.00549	0.00593	0.16139
8	0.04984	0.10317	0.04136	0.01774	0.10507	0.13434	0.01322	0.05201	0.18032	0.02068	0.01382	0.01578	0.01133	0.00813	0.00984	0.00213	0.20310	0.00546	0.00402	0.00864
9	0.01727	0.77681	0.03386	0.01106	0.01658	0.02557	0.01106	0.01935	0.01313	0.01520	0.00898	0.01036	0.00829	0.00553	0.00415	0.00138	0.00691	0.00345	0.00276	0.00829
10	0.00904	0.00650	0.00833	0.00941	0.01012	0.00629	0.00644	0.05832	0.01364	0.01820	0.03420	0.71579	0.04050	0.01937	0.00812	0.00258	0.00398	0.01749	0.00603	0.00565
11	0.01220	0.01148	0.01938	0.75739	0.04450	0.01436	0.01794	0.01651	0.01292	0.01651	0.01148	0.01723	0.00861	0.00646	0.00646	0.00215	0.00861	0.00574	0.00287	0.00718
12	0.00960	0.00679	0.00851	0.00851	0.00887	0.00725	0.00569	0.01039	0.01002	0.01367	0.02021	0.03959	0.02225	0.52854	0.19177	0.00683	0.03656	0.05646	0.00392	0.00459
13	0.01511	0.00873	0.00923	0.00830	0.01072	0.00913	0.00646	0.09932	0.10414	0.07299	0.02137	0.02296	0.01627	0.00774	0.00513	0.00167	0.00391	0.00619	0.56318	0.00745
14	0.00924	0.00690	0.01024	0.01024	0.01135	0.00800	0.00790	0.01145	0.01034	0.01490	0.01744	0.02609	0.01646	0.07885	0.71734	0.01021	0.01684	0.00703	0.00348	0.00569
15	0.01025	0.00710	0.00791	0.00761	0.00999	0.00609	0.00592	0.01219	0.01541	0.09525	0.10940	0.05766	0.54845	0.01534	0.00761	0.00221	0.00370	0.06545	0.00629	0.00614
16	0.02899	0.01100	0.01499	0.01150	0.01649	0.00950	0.00950	0.03149	0.01849	0.73709	0.02549	0.02199	0.01599	0.00800	0.00650	0.00200	0.00550	0.00650	0.00800	0.01100
17	0.00924	0.00697	0.00858	0.00818	0.00989	0.00652	0.00613	0.01284	0.05742	0.02419	0.55093	0.07642	0.17097	0.01375	0.00759	0.00209	0.00323	0.01202	0.00685	0.00619
18	0.02459	0.01342	0.04581	0.01243	0.01727	0.01240	0.01052	0.17128	0.09748	0.43471	0.07236	0.02237	0.01819	0.00832	0.00656	0.00201	0.00579	0.00674	0.00724	0.01051
19	0.00767	0.00640	0.00669	0.00693	0.00883	0.00542	0.00508	0.00923	0.01436	0.01731	0.06083	0.17169	0.62347	0.01697	0.00773	0.00225	0.00335	0.01437	0.00600	0.00542
20	0.00787	0.00562	0.00750	0.00900	0.00937	0.00525	0.00600	0.00900	0.01237	0.01649	0.03561	0.76871	0.04274	0.02024	0.00825	0.00262	0.00375	0.01837	0.00600	0.00525
21	0.01121	0.00920	0.01370	0.04221	0.03452	0.01086	0.03807	0.03438	0.03826	0.01712	0.01613	0.02271	0.01449	0.03491	0.49769	0.00764	0.10635	0.00666	0.03734	0.00656
22	0.00811	0.00613	0.00745	0.00843	0.00935	0.00566	0.00578	0.00984	0.03411	0.01692	0.04237	0.54252	0.21545	0.04474	0.00889	0.00262	0.00376	0.01653	0.00594	0.00540
23	0.01046	0.00719	0.00885	0.00926	0.01075	0.00712	0.00711	0.01344	0.05378	0.04711	0.06380	0.26127	0.15746	0.01642	0.02851	0.00260	0.02597	0.14340	0.11935	0.00613
24	0.81856	0.01250	0.00950	0.00850	0.01250	0.01449	0.00700	0.01899	0.01100	0.02899	0.00900	0.01050	0.00700	0.00600	0.00400	0.00200	0.00500	0.00350	0.00400	0.00700
25	0.01264	0.02793	0.00784	0.00701	0.00873	0.00746	0.00530	0.06171	0.01443	0.02397	0.02136	0.07618	0.01808	0.03948	0.00605	0.00180	0.00358	0.00694	0.64322	0.00628
26	0.01347	0.01295	0.02048	0.56409	0.17640	0.03787	0.01782	0.01817	0.04220	0.01781	0.01217	0.01709	0.00937	0.00642	0.00643	0.00209	0.00839	0.00576	0.00310	0.00791
27	0.01941	0.01818	0.03891	0.04702	0.06574	0.12675	0.01249	0.22136	0.32532	0.02818	0.01885	0.01870	0.01414	0.00780	0.00640	0.00202	0.00710	0.00618	0.00557	0.00988
28	0.01437	0.03225	0.12917	0.09499	0.14687	0.01345	0.04045	0.09622	0.04975	0.02232	0.03445	0.07532	0.04944	0.00824	0.00674	0.00194	0.02393	0.02199	0.00420	0.13392
29	0.08101	0.12255	0.22392	0.01789	0.07793	0.07018	0.09805	0.07053	0.04186	0.11602	0.01379	0.01506	0.01012	0.00643	0.00597	0.00192	0.00814	0.00526	0.00407	0.00930
30	0.01634	0.53829	0.21422	0.01361	0.02012	0.04733	0.03505	0.01989	0.01350	0.01673	0.00981	0.01146	0.00831	0.00572	0.00482	0.00159	0.00787	0.00394	0.00279	0.00860
31	0.00938	0.00643	0.00783	0.00800	0.00830	0.00659	0.00512	0.01000	0.01006	0.01356	0.02147	0.07125	0.02407	0.57394	0.14396	0.00654	0.00790	0.05712	0.00407	0.00441
32	0.09766	0.15795	0.09621	0.01612	0.07008	0.10970	0.05246	0.17550	0.01846	0.12673	0.01364	0.01448	0.01008	0.00664	0.00576	0.00184	0.00772	0.00504	0.00458	0.00934
33	0.01373	0.01872	0.21494	0.27038	0.24325	0.01467	0.06620	0.01879	0.01383	0.01948	0.01215	0.01615	0.00934	0.00613	0.00637	0.00203	0.00854	0.00562	0.03086	0.00879
34	0.00979	0.00752	0.01051	0.01021	0.01095	0.00885	0.00764	0.01141	0.01008	0.01442	0.01717	0.02858	0.01725	0.23262	0.48501	0.00851	0.09313	0.00743	0.00351	0.00543
35	0.00772	0.00655	0.00666	0.00663	0.00878	0.00549	0.00498	0.00944	0.01493	0.01793	0.10278	0.06140	0.69237	0.01619	0.00764	0.00217	0.00326	0.01353	0.00606	0.00549
36	0.01928	0.47572	0.02740	0.01264	0.01737	0.15603	0.01135	0.11975	0.01647	0.01933	0.01055	0.01199	0.00900	0.00633	0.00539	0.00157	0.03353	0.00410	0.03380	0.00841
37	0.00966	0.00729	0.00902	0.00868	0.01035	0.00706	0.00646	0.01407	0.09574	0.02429	0.51906	0.13489	0.10113	0.01380	0.00758	0.00213	0.00338	0.01215	0.00684	0.00641
38	0.10644	0.23061	0.27047	0.09718	0.04000	0.03534	0.04515	0.06901	0.01452	0.02091	0.01089	0.01308	0.00844	0.00608	0.00547	0.00186	0.00810	0.00457	0.00321	0.00869
39	0.13439	0.04156	0.02173	0.08902	0.37017	0.04543	0.03514	0.10789	0.01602	0.02375	0.01298	0.04977	0.01107	0.00680	0.00608	0.00196	0.00733	0.00593	0.00383	0.00914
40	0.00905	0.00607	0.00801	0.00900	0.00982	0.00561	0.00626	0.01052	0.01345	0.05100	0.10966	0.60794	0.07188	0.01870	0.00809	0.00252	0.00380	0.03677	0.00621	0.00563
41	0.00837	0.00617	0.00787	0.00852	0.00959	0.00567	0.00611	0.01027	0.01470	0.01969	0.25270	0.39671	0.15583	0.01734	0.00800	0.00239	0.00359	0.05456	0.00634	0.00558
42	0.06092	0.14632	0.21119	0.03986	0.08466	0.04858	0.09901	0.05920	0.04000	0.10580	0.03559	0.01612	0.01162	0.00656	0.00601	0.00192	0.00797	0.00548	0.00403	0.00917
43	0.01060	0.00879	0.00988	0.00974	0.01067	0.07243	0.00697	0.01202	0.01073	0.01418	0.01776	0.03024	0.01810	0.30491	0.42556	0.00814	0.01284	0.00757	0.00361	0.00525
44	0.00802	0.00654	0.00713	0.00725	0.00917	0.00564	0.00547	0.00990	0.01507	0.01868	0.15496	0.11047	0.54819	0.01628	0.00775	0.00224	0.00343	0.05211	0.00615	0.00556
45	0.01303	0.01166	0.04228	0.01914	0.21159	0.03304	0.01224	0.07499	0.01546	0.02098	0.02480	0.24572	0.02629	0.01314	0.00745	0.00236	0.00609	0.17546	0.03673	0.00755
46	0.04922	0.04887	0.05565	0.01471	0.03566	0.07171	0.03745	0.27105	0.15735	0.13975	0.01803	0.01775	0.01297	0.00753	0.00622	0.00196	0.00689	0.00592	0.03132	0.00999
47	0.01502	0.01624	0.03297	0.10587	0.17149	0.01610	0.46887	0.01985	0.01465	0.02010	0.01251	0.01697	0.00970	0.00589	0.00789	0.00215	0.04478	0.00697	0.00319	0.00878
48	0.01575	0.01590	0.10712	0.14574	0.08409	0.01375	0.27195	0.03571	0.01514	0.09900	0.01552	0.01990	0.01179	0.00669	0.00674	0.00207	0.00845	0.03010	0.08597	0.00860
49	0.01261	0.00675	0.00682	0.00662	0.00833	0.00691	0.00501	0.03682	0.04683	0.02472	0.02115	0.02383	0.01654	0.00759	0.00467	0.00155	0.00323	0.00608	0.74757	0.00637
50	0.06934	0.17957	0.03351	0.02457	0.01535	0.02994	0.00944	0.08811	0.07366	0.12486	0.04230	0.05918	0.08670	0.03222	0.02133	0.00219	0.00597	0.03032	0.03360	0.03783

[dist]
# distance from previous block
# <min> <max>
0	1

[block]
# block no. 8 follows, 34 sequences, length 28
# corresponding to MSA columns:
# 226-253
name=unknown_I
#
# <colnr> <probs for GDERKNQSTAVLIFYWHMCP>
#	G	D	E	R	K	N	Q	S	T	A	V	L	I	F	Y	W	H	M	C	P
0	0.75378	0.01295	0.01030	0.00902	0.01311	0.01495	0.00743	0.07546	0.01258	0.02995	0.00953	0.01091	0.00732	0.00614	0.00420	0.00199	0.00517	0.00369	0.00420	0.00732
1	0.56413	0.01201	0.01127	0.00946	0.01378	0.01288	0.00780	0.02302	0.01341	0.25717	0.01431	0.01420	0.00990	0.00664	0.00480	0.00200	0.00516	0.00447	0.00529	0.00829
2	0.00937	0.00635	0.00751	0.00751	0.00767	0.00651	0.00449	0.00969	0.00953	0.01287	0.01994	0.03995	0.02248	0.67311	0.13132	0.00683	0.00779	0.00906	0.00385	0.00417
3	0.81856	0.01250	0.00950	0.00850	0.01250	0.01449	0.00700	0.01899	0.01100	0.02899	0.00900	0.01050	0.00700	0.00600	0.00400	0.00200	0.00500	0.00350	0.00400	0.00700
4	0.01762	0.14389	0.18252	0.01843	0.05802	0.01646	0.18367	0.06672	0.08098	0.12655	0.01576	0.03433	0.01190	0.00680	0.00635	0.00198	0.00806	0.00617	0.00433	0.00944
5	0.01033	0.03573	0.01157	0.01041	0.01135	0.00960	0.00799	0.01191	0.01027	0.01479	0.01623	0.02576	0.01584	0.15117	0.45968	0.05299	0.10101	0.00692	0.03088	0.00557
6	0.39786	0.07988	0.01415	0.01116	0.01463	0.20485	0.00889	0.04508	0.01381	0.02308	0.01133	0.03713	0.00993	0.04435	0.00665	0.00209	0.02936	0.00467	0.03397	0.00714
7	0.01296	0.03342	0.73944	0.01842	0.02797	0.01501	0.02387	0.02046	0.01364	0.02046	0.01160	0.01364	0.00818	0.00614	0.00614	0.00205	0.00955	0.00477	0.00273	0.00955
8	0.01785	0.01134	0.01385	0.01012	0.01565	0.00887	0.00818	0.02062	0.01485	0.22557	0.01548	0.01585	0.01141	0.00570	0.00527	0.00125	0.00499	0.00459	0.00502	0.58352
9	0.01414	0.01414	0.01979	0.01696	0.01696	0.01979	0.01414	0.01555	0.00990	0.01555	0.00848	0.01414	0.00848	0.01131	0.02120	0.00283	0.76110	0.00565	0.00283	0.00707
10	0.09957	0.01186	0.01495	0.01157	0.01650	0.01102	0.00956	0.09984	0.01903	0.60220	0.02299	0.02030	0.01467	0.00779	0.00627	0.00199	0.00562	0.00616	0.00748	0.01064
11	0.81856	0.01250	0.00950	0.00850	0.01250	0.01449	0.00700	0.01899	0.01100	0.02899	0.00900	0.01050	0.00700	0.00600	0.00400	0.00200	0.00500	0.00350	0.00400	0.00700
12	0.00913	0.00676	0.00986	0.00998	0.01097	0.00769	0.00755	0.01115	0.01046	0.01491	0.01906	0.08749	0.01896	0.10870	0.62534	0.00940	0.01525	0.00807	0.00371	0.00557
13	0.01607	0.01388	0.01461	0.01315	0.01680	0.01607	0.01023	0.03433	0.72094	0.02703	0.02630	0.02411	0.01972	0.00877	0.00657	0.00219	0.00511	0.00731	0.00657	0.01023
14	0.02454	0.01863	0.01935	0.01494	0.02003	0.05066	0.01229	0.68221	0.02987	0.03967	0.01528	0.01535	0.01088	0.00771	0.00644	0.00193	0.00730	0.00575	0.00633	0.01084
15	0.01204	0.00602	0.00602	0.00602	0.00753	0.00602	0.00452	0.01506	0.01355	0.02409	0.02108	0.02409	0.01656	0.00753	0.00452	0.00151	0.00301	0.00602	0.80879	0.00602
16	0.02899	0.01100	0.01499	0.01150	0.01649	0.00950	0.00950	0.03149	0.01849	0.73709	0.02549	0.02199	0.01599	0.00800	0.00650	0.00200	0.00550	0.00650	0.00800	0.01100
17	0.00790	0.00569	0.00750	0.00888	0.00936	0.00528	0.00596	0.00910	0.01263	0.01681	0.05702	0.72120	0.06898	0.01989	0.00821	0.00259	0.00371	0.01800	0.00603	0.00528
18	0.02432	0.01732	0.01870	0.01438	0.01941	0.01902	0.01187	0.65299	0.02920	0.07389	0.01620	0.01614	0.01143	0.00776	0.00640	0.00193	0.00688	0.00586	0.03551	0.01081
19	0.01872	0.01067	0.01267	0.01090	0.01446	0.01058	0.00858	0.05424	0.21681	0.28763	0.06021	0.10321	0.14109	0.01101	0.00692	0.00214	0.00482	0.00926	0.00696	0.00910
20	0.00804	0.00569	0.00745	0.00878	0.00911	0.00536	0.00576	0.00904	0.01204	0.01605	0.03390	0.68721	0.04058	0.10468	0.01101	0.00303	0.00403	0.01736	0.00576	0.00510
21	0.02044	0.07647	0.02077	0.02027	0.20737	0.01600	0.01344	0.20106	0.01867	0.17998	0.01570	0.01726	0.01181	0.01062	0.06548	0.00265	0.08137	0.00583	0.00504	0.00978
22	0.00804	0.00591	0.00758	0.00885	0.00959	0.00546	0.00618	0.00939	0.01294	0.01687	0.04016	0.60264	0.14965	0.01945	0.00821	0.00258	0.00385	0.07132	0.00599	0.00534
23	0.00786	0.00567	0.00745	0.00888	0.00934	0.00526	0.00594	0.00901	0.01249	0.01654	0.03707	0.73416	0.07633	0.02005	0.00822	0.00260	0.00373	0.01814	0.00600	0.00526
24	0.29138	0.11526	0.03651	0.01566	0.09285	0.18133	0.02995	0.12661	0.01644	0.02482	0.01072	0.01235	0.00852	0.00632	0.00521	0.00183	0.00761	0.00438	0.00393	0.00833
25	0.01746	0.14296	0.04752	0.06396	0.24134	0.01672	0.04735	0.15535	0.04469	0.04598	0.01427	0.01646	0.01116	0.00654	0.00587	0.00183	0.00699	0.00555	0.09869	0.00931
26	0.01081	0.01098	0.06452	0.07156	0.01730	0.02867	0.09241	0.03466	0.04825	0.01889	0.05461	0.42264	0.06916	0.01464	0.00763	0.00238	0.00572	0.01334	0.00521	0.00663
27	0.06891	0.31466	0.14577	0.01248	0.01731	0.01653	0.05056	0.01796	0.01261	0.07251	0.01220	0.03689	0.01051	0.00979	0.00934	0.16913	0.00698	0.00505	0.00338	0.00743

[dist]
# distance from previous block
# <min> <max>
0	2

[block]
# block no. 9 follows, 34 sequences, length 27
# corresponding to MSA columns:
# 256-282
name=unknown_J
#
# <colnr> <probs for GDERKNQSTAVLIFYWHMCP>
#	G	D	E	R	K	N	Q	S	T	A	V	L	I	F	Y	W	H	M	C	P
0	0.04425	0.01532	0.11040	0.07721	0.07289	0.04397	0.11018	0.04987	0.08764	0.06392	0.04528	0.06009	0.12053	0.02890	0.00744	0.00221	0.00696	0.02003	0.02480	0.00813
1	0.00783	0.00577	0.00735	0.00861	0.00927	0.00528	0.00582	0.00904	0.01275	0.01665	0.04036	0.65633	0.15205	0.01963	0.00815	0.00255	0.00367	0.01762	0.00600	0.00528
2	0.01889	0.14559	0.05020	0.01356	0.01894	0.01764	0.04248	0.29285	0.12000	0.02859	0.01481	0.01542	0.01130	0.00673	0.00577	0.00169	0.00657	0.00525	0.00500	0.17872
3	0.01734	0.21157	0.18997	0.01553	0.06715	0.07007	0.01424	0.13522	0.04123	0.05329	0.04338	0.05988	0.01380	0.00752	0.00586	0.00183	0.00742	0.00585	0.00420	0.03467
4	0.03202	0.10816	0.15084	0.01630	0.07761	0.04894	0.04432	0.14448	0.09878	0.08971	0.01717	0.08055	0.01411	0.00799	0.00620	0.00195	0.00712	0.00657	0.01954	0.02764
5	0.01012	0.03695	0.04483	0.00880	0.00982	0.00794	0.03691	0.01091	0.01005	0.01349	0.01904	0.03781	0.02123	0.63931	0.06256	0.00589	0.00717	0.00876	0.00376	0.00465
6	0.01319	0.01216	0.02014	0.25220	0.36010	0.01304	0.01622	0.01672	0.01377	0.01893	0.04799	0.06499	0.03562	0.02788	0.05738	0.00272	0.00801	0.00716	0.00356	0.00823
7	0.01408	0.06070	0.55511	0.01774	0.02571	0.01566	0.05069	0.04084	0.03105	0.03750	0.01212	0.01435	0.00890	0.00700	0.00767	0.02168	0.06183	0.00506	0.00309	0.00922
8	0.01496	0.15239	0.08322	0.23308	0.19807	0.06886	0.03155	0.01911	0.03657	0.01840	0.03783	0.03506	0.01199	0.00687	0.00643	0.00194	0.02621	0.00576	0.00331	0.00837
9	0.01664	0.01416	0.01493	0.01327	0.01702	0.01634	0.01037	0.08000	0.67434	0.02795	0.02557	0.02353	0.01913	0.00870	0.00657	0.00217	0.00525	0.00720	0.00657	0.01028
10	0.00832	0.00659	0.00744	0.00773	0.00930	0.00595	0.00556	0.01062	0.04325	0.01855	0.14421	0.25565	0.39238	0.04379	0.00867	0.00243	0.00356	0.01428	0.00610	0.00562
11	0.01617	0.15748	0.07757	0.05823	0.02004	0.01711	0.07057	0.09704	0.16922	0.04844	0.01671	0.05057	0.01393	0.04363	0.00904	0.00225	0.09161	0.00649	0.02525	0.00865
12	0.01122	0.00561	0.00842	0.00842	0.00842	0.00561	0.00561	0.00842	0.00842	0.01122	0.01122	0.01964	0.01122	0.02245	0.02525	0.81201	0.00561	0.00561	0.00281	0.00281
13	0.00787	0.00562	0.00750	0.00900	0.00937	0.00525	0.00600	0.00900	0.01237	0.01649	0.03561	0.76871	0.04274	0.02024	0.00825	0.00262	0.00375	0.01837	0.00600	0.00525
14	0.00953	0.00697	0.00905	0.00986	0.03664	0.00664	0.00673	0.04267	0.01559	0.02151	0.28771	0.38381	0.07889	0.01594	0.00771	0.00229	0.00374	0.01423	0.03445	0.00604
15	0.01580	0.11718	0.07865	0.01708	0.02057	0.07650	0.13871	0.07758	0.01431	0.01911	0.01257	0.01888	0.01133	0.03288	0.04217	0.00271	0.24655	0.04607	0.00349	0.00787
16	0.01220	0.01148	0.01938	0.75739	0.04450	0.01436	0.01794	0.01651	0.01292	0.01651	0.01148	0.01723	0.00861	0.00646	0.00646	0.00215	0.00861	0.00574	0.00287	0.00718
17	0.01525	0.01743	0.03813	0.02723	0.03377	0.01634	0.70915	0.02070	0.01525	0.02070	0.01307	0.01743	0.00980	0.00545	0.00763	0.00218	0.01089	0.00763	0.00327	0.00871
18	0.00922	0.00687	0.00861	0.00824	0.00986	0.00643	0.00615	0.01269	0.05014	0.02442	0.57821	0.09470	0.13256	0.01380	0.00761	0.00209	0.00321	0.01213	0.00689	0.00616
19	0.02284	0.01705	0.01869	0.05835	0.02083	0.01898	0.01220	0.61055	0.06177	0.03755	0.01598	0.01706	0.01175	0.03710	0.00748	0.00213	0.00707	0.00602	0.00616	0.01046
20	0.05863	0.03980	0.06071	0.07758	0.06066	0.25566	0.01296	0.18865	0.01964	0.10354	0.01532	0.01634	0.03362	0.00725	0.00607	0.00187	0.00842	0.00537	0.01904	0.00887
21	0.01371	0.09018	0.20402	0.02900	0.02128	0.01454	0.13242	0.07741	0.04921	0.02068	0.02173	0.09333	0.09755	0.03439	0.00851	0.00228	0.05506	0.02245	0.00414	0.00811
22	0.70932	0.07211	0.01172	0.00887	0.01305	0.01506	0.00746	0.01976	0.01161	0.06975	0.00997	0.01117	0.00763	0.00608	0.00416	0.00195	0.00518	0.00367	0.00414	0.00733
23	0.01497	0.00920	0.01037	0.00973	0.03488	0.00935	0.00720	0.09809	0.08675	0.08336	0.05346	0.02705	0.05085	0.04272	0.00683	0.00196	0.00434	0.02337	0.38920	0.03631
24	0.01252	0.01059	0.04631	0.01240	0.01480	0.01022	0.03413	0.08246	0.08031	0.02230	0.12589	0.04873	0.03127	0.04691	0.01039	0.04166	0.03386	0.32272	0.00563	0.00691
25	0.05052	0.01320	0.05095	0.06386	0.12952	0.01266	0.04156	0.11587	0.09586	0.02394	0.05119	0.05634	0.06247	0.04432	0.00772	0.00219	0.00620	0.04750	0.03458	0.08954
26	0.01121	0.01037	0.06949	0.01292	0.07942	0.00902	0.00917	0.06404	0.05566	0.01968	0.05710	0.34634	0.02933	0.12645	0.03948	0.00320	0.00574	0.01206	0.03267	0.00666

[dist]
