[name]
unknown

[dist]
# distance from previous block
# <min> <max>
0	0

[block]
# block no. 0 follows, 33 sequences, length 103
# corresponding to MSA columns:
# 0-102
name=unknown_A
#
# <colnr> <probs for GDERKNQSTAVLIFYWHMCP>
#	G	D	E	R	K	N	Q	S	T	A	V	L	I	F	Y	W	H	M	C	P
0	0.01061	0.00758	0.01061	0.01212	0.01364	0.00758	0.01061	0.01364	0.01515	0.01970	0.03486	0.07426	0.03789	0.01819	0.00909	0.00303	0.00606	0.68326	0.00606	0.00606
1	0.00957	0.00638	0.00718	0.00718	0.00718	0.00638	0.00399	0.00957	0.00957	0.01276	0.02074	0.04308	0.02393	0.76864	0.03351	0.00638	0.00638	0.00957	0.00399	0.00399
2	0.00816	0.00692	0.00709	0.00706	0.00929	0.00595	0.00535	0.01042	0.03591	0.01843	0.08815	0.06198	0.66294	0.01637	0.00778	0.00224	0.00345	0.03061	0.00617	0.00574
3	0.00802	0.00573	0.00764	0.00917	0.00955	0.00535	0.00611	0.00917	0.01260	0.01681	0.03628	0.76434	0.04354	0.02062	0.00840	0.00267	0.00382	0.01872	0.00611	0.00535
4	0.02221	0.01704	0.01817	0.01458	0.01934	0.01910	0.01183	0.48739	0.25376	0.03695	0.01938	0.01865	0.01409	0.00824	0.00662	0.00206	0.00658	0.00642	0.00662	0.01094
5	0.01578	0.01524	0.02486	0.05931	0.61181	0.03223	0.01885	0.01937	0.01463	0.02067	0.01353	0.06023	0.01219	0.00706	0.00737	0.00205	0.04502	0.00658	0.00340	0.00980
6	0.00813	0.00666	0.00721	0.00736	0.00932	0.00573	0.00555	0.00999	0.01522	0.01875	0.13311	0.11698	0.56018	0.01672	0.00790	0.00229	0.00351	0.05352	0.00623	0.00564
7	0.02340	0.01806	0.02045	0.04316	0.16828	0.09789	0.01392	0.37016	0.02398	0.13159	0.01578	0.01646	0.01138	0.00735	0.00650	0.00196	0.00769	0.00582	0.00564	0.01052
8	0.01707	0.68315	0.11928	0.01217	0.01830	0.02475	0.01285	0.01985	0.01344	0.01614	0.00947	0.01096	0.00844	0.00571	0.00447	0.00149	0.00737	0.00368	0.00281	0.00860
9	0.00802	0.00573	0.00764	0.00917	0.00955	0.00535	0.00611	0.00917	0.01260	0.01681	0.03628	0.76434	0.04354	0.02062	0.00840	0.00267	0.00382	0.01872	0.00611	0.00535
10	0.00922	0.00673	0.00866	0.00818	0.00978	0.00617	0.00613	0.01223	0.01840	0.02585	0.68234	0.05008	0.10422	0.01366	0.00777	0.00208	0.00312	0.01203	0.00717	0.00617
11	0.01243	0.01170	0.01975	0.75282	0.04534	0.01463	0.01828	0.01682	0.01316	0.01682	0.01170	0.01755	0.00878	0.00658	0.00658	0.00219	0.00878	0.00585	0.00293	0.00731
12	0.00817	0.00668	0.00721	0.00708	0.00913	0.00572	0.00531	0.01020	0.01592	0.01995	0.23233	0.05978	0.55790	0.01586	0.00778	0.00218	0.00328	0.01339	0.00640	0.00572
13	0.01526	0.01147	0.01362	0.01006	0.01549	0.00896	0.00802	0.03514	0.01457	0.09572	0.01474	0.05887	0.01246	0.00622	0.00531	0.00121	0.00495	0.00511	0.00454	0.65829
14	0.01365	0.01170	0.01365	0.00975	0.01560	0.00878	0.00780	0.01658	0.01365	0.02145	0.01170	0.01365	0.00975	0.00488	0.00488	0.00098	0.00488	0.00390	0.00390	0.80888
15	0.01734	0.72906	0.07577	0.01171	0.01758	0.02541	0.01203	0.01978	0.01341	0.01580	0.00931	0.01076	0.00844	0.00567	0.00434	0.00145	0.00720	0.00360	0.00281	0.00852
16	0.01531	0.01938	0.10819	0.02685	0.03382	0.01651	0.63594	0.02106	0.01537	0.02106	0.01317	0.01737	0.00982	0.00562	0.00762	0.00221	0.01096	0.00748	0.00327	0.00896
17	0.00957	0.00638	0.00718	0.00718	0.00718	0.00638	0.00399	0.00957	0.00957	0.01276	0.02074	0.04308	0.02393	0.76864	0.03351	0.00638	0.00638	0.00957	0.00399	0.00399
18	0.01522	0.01565	0.02186	0.04347	0.10127	0.06184	0.05355	0.01729	0.01155	0.01684	0.00952	0.01476	0.00892	0.01010	0.01770	0.00265	0.56134	0.00580	0.00298	0.00770
19	0.01227	0.01148	0.01905	0.67232	0.04183	0.01436	0.01737	0.01632	0.01298	0.01677	0.01300	0.06142	0.01082	0.00766	0.00744	0.00226	0.04575	0.00660	0.00311	0.00719
20	0.01747	0.62647	0.03208	0.01364	0.05671	0.02467	0.01213	0.04415	0.01377	0.01680	0.00952	0.01146	0.00868	0.00632	0.00619	0.00161	0.08284	0.00396	0.00298	0.00853
21	0.01818	0.01495	0.01532	0.01321	0.01734	0.05811	0.01036	0.07451	0.50475	0.08362	0.02353	0.02199	0.01750	0.00827	0.00646	0.00204	0.00573	0.00673	0.00633	0.09106
22	0.01328	0.00884	0.01193	0.01352	0.12596	0.00802	0.00861	0.01573	0.01627	0.14419	0.19258	0.10154	0.28747	0.01307	0.00742	0.00215	0.00444	0.01129	0.00626	0.00745
23	0.02366	0.01748	0.01799	0.01427	0.01888	0.07396	0.01153	0.48803	0.06741	0.10620	0.01737	0.01847	0.01288	0.05145	0.02764	0.00245	0.00755	0.00619	0.00628	0.01033
24	0.02748	0.01257	0.01583	0.01228	0.01723	0.01195	0.01010	0.15912	0.05714	0.54372	0.02396	0.02133	0.01555	0.00813	0.00656	0.00202	0.00582	0.00652	0.03168	0.01101
25	0.00836	0.00691	0.00735	0.00720	0.00934	0.00603	0.00541	0.01084	0.03760	0.01982	0.19731	0.05930	0.56996	0.01579	0.00774	0.00219	0.00335	0.01329	0.00636	0.00584
26	0.01540	0.01366	0.01403	0.01335	0.03773	0.06289	0.00987	0.02858	0.48800	0.02470	0.08631	0.02935	0.02377	0.08622	0.00953	0.00262	0.00570	0.03310	0.00612	0.00905
27	0.01440	0.01440	0.02016	0.01728	0.01728	0.02016	0.01440	0.01584	0.01008	0.01584	0.00864	0.01440	0.00864	0.01152	0.02160	0.00288	0.75659	0.00576	0.00288	0.00720
28	0.01504	0.02122	0.18683	0.02584	0.03315	0.01636	0.55915	0.02104	0.01519	0.02104	0.01300	0.01694	0.00964	0.00570	0.00745	0.00219	0.01081	0.00715	0.00321	0.00906
29	0.00810	0.00578	0.00773	0.00925	0.00967	0.00541	0.00624	0.00930	0.01268	0.01689	0.03624	0.74383	0.04337	0.02055	0.00842	0.00268	0.00389	0.03847	0.00611	0.00537
30	0.02459	0.03138	0.01866	0.01696	0.02035	0.74221	0.01272	0.02629	0.01866	0.01611	0.01018	0.01187	0.00848	0.00678	0.00594	0.00170	0.01187	0.00424	0.00339	0.00763
31	0.06640	0.04558	0.01824	0.04341	0.11042	0.36594	0.01262	0.02334	0.09173	0.01939	0.04926	0.03819	0.03433	0.00805	0.00694	0.00194	0.04619	0.00592	0.00405	0.00806
32	0.04071	0.01612	0.02481	0.08608	0.58905	0.06149	0.01883	0.02076	0.01512	0.04643	0.01259	0.01615	0.01030	0.00606	0.00642	0.00196	0.00798	0.00572	0.00344	0.00997
33	0.00947	0.00679	0.00927	0.00927	0.00999	0.00752	0.00659	0.01091	0.01019	0.01431	0.01883	0.03251	0.01934	0.32701	0.46886	0.00896	0.01329	0.00803	0.00371	0.00515
34	0.02819	0.01240	0.01590	0.01229	0.01734	0.01157	0.01012	0.12850	0.05794	0.59564	0.02456	0.02158	0.01577	0.00816	0.00662	0.00204	0.00582	0.00657	0.00785	0.01116
35	0.02422	0.07130	0.01951	0.01665	0.02017	0.70363	0.01264	0.02593	0.01837	0.01608	0.01012	0.01180	0.00848	0.00672	0.00584	0.00168	0.01161	0.00420	0.00336	0.00768
36	0.01615	0.01550	0.02647	0.06617	0.70290	0.01561	0.02013	0.02008	0.01492	0.02134	0.01236	0.01634	0.01037	0.00589	0.00652	0.00196	0.00786	0.00587	0.00325	0.01032
37	0.00849	0.00670	0.00765	0.00741	0.00933	0.00586	0.00556	0.01081	0.01667	0.02174	0.36856	0.05684	0.42056	0.01520	0.00777	0.00215	0.00323	0.01298	0.00663	0.00586
38	0.00805	0.00668	0.00704	0.00695	0.00906	0.00567	0.00521	0.00997	0.01564	0.01930	0.18202	0.06087	0.60862	0.01611	0.00778	0.00220	0.00329	0.01355	0.00631	0.00567
39	0.01459	0.01167	0.01375	0.00987	0.01567	0.00883	0.00791	0.01749	0.01396	0.06335	0.01254	0.01417	0.01014	0.00507	0.00498	0.00104	0.00492	0.00406	0.00415	0.76186
40	0.01603	0.01723	0.02081	0.07068	0.02067	0.14120	0.04875	0.01793	0.01202	0.01622	0.00935	0.01437	0.00869	0.01007	0.01720	0.00260	0.54020	0.00561	0.00299	0.00737
41	0.00866	0.00654	0.00800	0.00797	0.00952	0.00588	0.00585	0.01103	0.01658	0.02232	0.42063	0.17445	0.24735	0.01559	0.00788	0.00222	0.00329	0.01363	0.00673	0.00588
42	0.81514	0.01273	0.00968	0.00866	0.01273	0.01477	0.00713	0.01935	0.01120	0.02954	0.00917	0.01069	0.00713	0.00611	0.00407	0.00204	0.00509	0.00356	0.00407	0.00713
43	0.00802	0.00573	0.00764	0.00917	0.00955	0.00535	0.00611	0.00917	0.01260	0.01681	0.03628	0.76434	0.04354	0.02062	0.00840	0.00267	0.00382	0.01872	0.00611	0.00535
44	0.01289	0.00673	0.00680	0.00657	0.00829	0.00683	0.00499	0.04894	0.01464	0.02537	0.02120	0.02412	0.01660	0.00768	0.00470	0.00156	0.00327	0.00613	0.76631	0.00638
45	0.00827	0.00665	0.00737	0.00727	0.00921	0.00576	0.00542	0.01037	0.01606	0.02046	0.27237	0.08390	0.49214	0.01580	0.00780	0.00219	0.00328	0.01344	0.00647	0.00576
46	0.01849	0.01463	0.01566	0.01357	0.01761	0.01660	0.01070	0.13829	0.56894	0.07123	0.02505	0.02308	0.01850	0.00873	0.00668	0.00218	0.00555	0.00716	0.00677	0.01059
47	0.00852	0.00670	0.00769	0.00744	0.00934	0.00587	0.00558	0.01088	0.01675	0.02192	0.38239	0.05655	0.40662	0.01513	0.00777	0.00215	0.00322	0.01294	0.00666	0.00587
48	0.00941	0.00703	0.01046	0.01046	0.01159	0.00816	0.00808	0.01168	0.01054	0.01519	0.01775	0.02649	0.01673	0.07538	0.71691	0.01043	0.01723	0.00714	0.00354	0.00581
49	0.01760	0.77260	0.03450	0.01126	0.01690	0.02605	0.01126	0.01971	0.01338	0.01549	0.00915	0.01056	0.00845	0.00563	0.00422	0.00141	0.00704	0.00352	0.00282	0.00845
50	0.00826	0.00616	0.00769	0.00843	0.00947	0.00559	0.00590	0.00996	0.01447	0.01917	0.19727	0.45295	0.19430	0.01817	0.00813	0.00244	0.00355	0.01615	0.00637	0.00559
51	0.00802	0.00573	0.00764	0.00917	0.00955	0.00535	0.00611	0.00917	0.01260	0.01681	0.03628	0.76434	0.04354	0.02062	0.00840	0.00267	0.00382	0.01872	0.00611	0.00535
52	0.04554	0.06682	0.41891	0.01567	0.02309	0.01471	0.01789	0.02455	0.10660	0.15958	0.03330	0.01748	0.01267	0.00710	0.00623	0.00206	0.00787	0.00559	0.00449	0.00986
53	0.01039	0.00698	0.00906	0.00840	0.01018	0.00638	0.00635	0.01339	0.01847	0.06597	0.65176	0.04836	0.09255	0.01332	0.00770	0.00208	0.00326	0.01171	0.00724	0.00646
54	0.01676	0.63213	0.16765	0.01269	0.01910	0.02400	0.01375	0.01993	0.01348	0.01651	0.00966	0.01120	0.00843	0.00575	0.00461	0.00154	0.00755	0.00378	0.00281	0.00869
55	0.01344	0.05893	0.68431	0.01884	0.02831	0.01571	0.04932	0.02082	0.01394	0.02067	0.01178	0.01393	0.00840	0.00621	0.00624	0.00207	0.00969	0.00493	0.00280	0.00965
56	0.81514	0.01273	0.00968	0.00866	0.01273	0.01477	0.00713	0.01935	0.01120	0.02954	0.00917	0.01069	0.00713	0.00611	0.00407	0.00204	0.00509	0.00356	0.00407	0.00713
57	0.01554	0.01776	0.03885	0.02775	0.03441	0.01665	0.70366	0.02109	0.01554	0.02109	0.01332	0.01776	0.00999	0.00555	0.00777	0.00222	0.01110	0.00777	0.00333	0.00888
58	0.00801	0.00578	0.00759	0.00904	0.00952	0.00536	0.00606	0.00918	0.01272	0.01685	0.03780	0.72941	0.07750	0.02043	0.00837	0.00265	0.00380	0.01847	0.00611	0.00536
59	0.01588	0.01522	0.02597	0.11709	0.65414	0.01553	0.02000	0.01984	0.01479	0.02100	0.01231	0.01643	0.01025	0.00594	0.00652	0.00198	0.00792	0.00586	0.00322	0.01009
60	0.01365	0.01170	0.01365	0.00975	0.01560	0.00878	0.00780	0.01658	0.01365	0.02145	0.01170	0.01365	0.00975	0.00488	0.00488	0.00098	0.00488	0.00390	0.00390	0.80888
61	0.81514	0.01273	0.00968	0.00866	0.01273	0.01477	0.00713	0.01935	0.01120	0.02954	0.00917	0.01069	0.00713	0.00611	0.00407	0.00204	0.00509	0.00356	0.00407	0.00713
62	0.01760	0.77260	0.03450	0.01126	0.01690	0.02605	0.01126	0.01971	0.01338	0.01549	0.00915	0.01056	0.00845	0.00563	0.00422	0.00141	0.00704	0.00352	0.00282	0.00845
63	0.81514	0.01273	0.00968	0.00866	0.01273	0.01477	0.00713	0.01935	0.01120	0.02954	0.00917	0.01069	0.00713	0.00611	0.00407	0.00204	0.00509	0.00356	0.00407	0.00713
64	0.05765	0.01337	0.01638	0.01260	0.01771	0.01300	0.01041	0.22826	0.02209	0.50417	0.02237	0.02004	0.01446	0.00800	0.00651	0.00202	0.00606	0.00630	0.00754	0.01105
65	0.02566	0.01641	0.01838	0.01420	0.01934	0.01753	0.01169	0.50138	0.06615	0.21177	0.01894	0.01793	0.01296	0.00802	0.00660	0.00201	0.00672	0.00618	0.00698	0.01115
66	0.00944	0.00691	0.00985	0.00985	0.01077	0.00783	0.00732	0.01129	0.01036	0.01474	0.01830	0.02956	0.01807	0.20400	0.59012	0.00968	0.01521	0.00760	0.00363	0.00547
67	0.00831	0.00709	0.00719	0.00710	0.00938	0.00618	0.00534	0.01097	0.05421	0.01860	0.08517	0.06075	0.66470	0.01614	0.00772	0.00222	0.00343	0.01347	0.00618	0.00585
68	0.02302	0.02814	0.01787	0.01619	0.01945	0.62707	0.01224	0.06064	0.01846	0.01737	0.01126	0.01355	0.00946	0.01131	0.08327	0.00264	0.01223	0.00462	0.00357	0.00764
69	0.01029	0.00775	0.00964	0.00898	0.01083	0.00761	0.00679	0.01552	0.11429	0.02656	0.62841	0.04580	0.05635	0.01284	0.00762	0.00209	0.00339	0.01129	0.00717	0.00679
70	0.01520	0.01431	0.05028	0.05664	0.01860	0.01523	0.01108	0.03087	0.57525	0.02568	0.02880	0.02716	0.08326	0.00937	0.00677	0.00222	0.00547	0.00781	0.00623	0.00976
71	0.00957	0.00638	0.00718	0.00718	0.00718	0.00638	0.00399	0.00957	0.00957	0.01276	0.02074	0.04308	0.02393	0.76864	0.03351	0.00638	0.00638	0.00957	0.00399	0.00399
72	0.01243	0.01170	0.01975	0.75282	0.04534	0.01463	0.01828	0.01682	0.01316	0.01682	0.01170	0.01755	0.00878	0.00658	0.00658	0.00219	0.00878	0.00585	0.00293	0.00731
73	0.05226	0.01100	0.01466	0.01135	0.01624	0.00966	0.00935	0.03089	0.01837	0.67661	0.02525	0.02216	0.01605	0.00806	0.00645	0.00201	0.00546	0.00651	0.04683	0.01083
74	0.00839	0.00609	0.00795	0.00900	0.00980	0.00565	0.00632	0.01003	0.01399	0.01870	0.15568	0.54155	0.10204	0.01893	0.00829	0.00256	0.00380	0.05938	0.00630	0.00556
75	0.00895	0.00671	0.00829	0.00789	0.00961	0.00605	0.00592	0.01170	0.01776	0.02432	0.56534	0.05260	0.22218	0.01423	0.00777	0.00211	0.00316	0.01239	0.00697	0.00605
76	0.00957	0.00638	0.00718	0.00718	0.00718	0.00638	0.00399	0.00957	0.00957	0.01276	0.02074	0.04308	0.02393	0.76864	0.03351	0.00638	0.00638	0.00957	0.00399	0.00399
77	0.01629	0.01564	0.02672	0.04041	0.72757	0.01564	0.02020	0.02020	0.01499	0.02151	0.01238	0.01629	0.01043	0.00587	0.00652	0.00196	0.00782	0.00587	0.00326	0.01043
78	0.01365	0.01170	0.01365	0.00975	0.01560	0.00878	0.00780	0.01658	0.01365	0.02145	0.01170	0.01365	0.00975	0.00488	0.00488	0.00098	0.00488	0.00390	0.00390	0.80888
79	0.00953	0.00638	0.00724	0.00726	0.00732	0.00635	0.00411	0.00965	0.00993	0.01329	0.04309	0.06143	0.02562	0.72623	0.03207	0.00615	0.00622	0.00988	0.00414	0.00409
80	0.01167	0.00719	0.00937	0.00873	0.01064	0.00652	0.00657	0.01440	0.01777	0.11533	0.51833	0.12713	0.09322	0.01377	0.00769	0.00214	0.00352	0.01211	0.00717	0.00672
81	0.78669	0.03984	0.01056	0.00875	0.01288	0.01517	0.00728	0.01936	0.01128	0.02904	0.00917	0.01069	0.00718	0.00609	0.00408	0.00201	0.00516	0.00356	0.00403	0.00718
82	0.01320	0.03405	0.73453	0.01876	0.02849	0.01529	0.02432	0.02085	0.01390	0.02085	0.01181	0.01390	0.00834	0.00625	0.00625	0.00208	0.00973	0.00486	0.00278	0.00973
83	0.00812	0.00668	0.00715	0.00703	0.00910	0.00570	0.00527	0.01011	0.01582	0.01971	0.21382	0.06018	0.57657	0.01595	0.00778	0.00219	0.00328	0.01345	0.00637	0.00570
84	0.00829	0.00644	0.00754	0.00780	0.00934	0.00569	0.00565	0.01023	0.01541	0.02001	0.24798	0.24612	0.35235	0.01680	0.00794	0.00230	0.00340	0.01461	0.00644	0.00569
85	0.01637	0.01414	0.01489	0.01340	0.01712	0.01637	0.01042	0.03498	0.71568	0.02754	0.02679	0.02456	0.02010	0.00893	0.00670	0.00223	0.00521	0.00744	0.00670	0.01042
86	0.81514	0.01273	0.00968	0.00866	0.01273	0.01477	0.00713	0.01935	0.01120	0.02954	0.00917	0.01069	0.00713	0.00611	0.00407	0.00204	0.00509	0.00356	0.00407	0.00713
87	0.01144	0.00572	0.00858	0.00858	0.00858	0.00572	0.00572	0.00858	0.00858	0.01144	0.01144	0.02001	0.01144	0.02287	0.02573	0.80846	0.00572	0.00572	0.00286	0.00286
88	0.00786	0.00667	0.00678	0.00676	0.00894	0.00559	0.00507	0.00961	0.01520	0.01825	0.10242	0.06259	0.68888	0.01650	0.00778	0.00221	0.00332	0.01379	0.00617	0.00559
89	0.02221	0.01676	0.01849	0.01573	0.05373	0.01859	0.01216	0.44887	0.23204	0.06227	0.01927	0.01866	0.01398	0.00812	0.00662	0.00205	0.00661	0.00640	0.00652	0.01093
90	0.01626	0.01756	0.05555	0.06973	0.45106	0.05637	0.19502	0.02063	0.01521	0.02085	0.01245	0.01639	0.01005	0.00589	0.00680	0.00203	0.00901	0.00622	0.00325	0.00970
91	0.01227	0.00614	0.00614	0.00614	0.00767	0.00614	0.00460	0.01534	0.01381	0.02454	0.02148	0.02454	0.01687	0.00767	0.00460	0.00153	0.00307	0.00614	0.80518	0.00614
92	0.01730	0.05288	0.01624	0.01367	0.01745	0.09351	0.01070	0.03332	0.60787	0.02575	0.02418	0.02254	0.01830	0.00854	0.00650	0.00214	0.00600	0.00691	0.00616	0.01003
93	0.06271	0.01321	0.01422	0.01169	0.01579	0.10435	0.00934	0.02722	0.05456	0.43808	0.15245	0.02554	0.02352	0.00890	0.00662	0.00201	0.00591	0.00719	0.00709	0.00958
94	0.01460	0.16116	0.57397	0.01737	0.02604	0.05770	0.02143	0.02096	0.01407	0.01966	0.01126	0.01321	0.00837	0.00618	0.00589	0.00195	0.00939	0.00460	0.00282	0.00939
95	0.81514	0.01273	0.00968	0.00866	0.01273	0.01477	0.00713	0.01935	0.01120	0.02954	0.00917	0.01069	0.00713	0.00611	0.00407	0.00204	0.00509	0.00356	0.00407	0.00713
96	0.00794	0.00672	0.00689	0.00697	0.00916	0.00567	0.00531	0.00968	0.01501	0.01789	0.06491	0.06396	0.68657	0.01676	0.00785	0.00227	0.00349	0.05124	0.00611	0.00559
97	0.01613	0.01610	0.02933	0.03769	0.57863	0.01586	0.16706	0.02039	0.01511	0.02142	0.01258	0.01661	0.01033	0.00580	0.00679	0.00201	0.00853	0.00627	0.00327	0.01010
98	0.00923	0.00673	0.00867	0.00819	0.00978	0.00617	0.00614	0.01225	0.01842	0.02589	0.68550	0.05001	0.10103	0.01365	0.00777	0.00208	0.00312	0.01202	0.00718	0.00617
99	0.02454	0.01820	0.01949	0.01505	0.02023	0.02019	0.01240	0.66821	0.06915	0.04071	0.01642	0.01629	0.01169	0.00796	0.00659	0.00199	0.00713	0.00601	0.00659	0.01115
100	0.00850	0.00607	0.00819	0.00972	0.01031	0.00576	0.00695	0.01000	0.01308	0.01735	0.03602	0.63541	0.04249	0.02017	0.00853	0.00274	0.00424	0.14288	0.00610	0.00548
101	0.05097	0.00832	0.01050	0.01183	0.05139	0.00839	0.00806	0.09543	0.01509	0.02092	0.03100	0.54290	0.03552	0.01735	0.00791	0.00254	0.00469	0.06481	0.00590	0.00648
102	0.81514	0.01273	0.00968	0.00866	0.01273	0.01477	0.00713	0.01935	0.01120	0.02954	0.00917	0.01069	0.00713	0.00611	0.00407	0.00204	0.00509	0.00356	0.00407	0.00713

[dist]
# distance from previous block
# <min> <max>
0	1

[block]
# block no. 1 follows, 33 sequences, length 71
# corresponding to MSA columns:
# 104-174
name=unknown_B
#
# <colnr> <probs for GDERKNQSTAVLIFYWHMCP>
#	G	D	E	R	K	N	Q	S	T	A	V	L	I	F	Y	W	H	M	C	P
0	0.00937	0.00656	0.00852	0.00946	0.01063	0.00611	0.00709	0.01126	0.01434	0.04068	0.11009	0.40860	0.14389	0.01837	0.00835	0.00261	0.00424	0.16775	0.00628	0.00581
1	0.00961	0.00642	0.00729	0.00734	0.00739	0.00642	0.00420	0.00971	0.00976	0.01299	0.02120	0.04410	0.02439	0.74423	0.03271	0.00627	0.00637	0.03149	0.00406	0.00406
2	0.01809	0.42773	0.15960	0.01500	0.02106	0.14796	0.06661	0.04236	0.01510	0.01781	0.01034	0.01211	0.00864	0.00601	0.00524	0.00166	0.00869	0.00429	0.00307	0.00866
3	0.01734	0.74881	0.03370	0.01117	0.01668	0.02543	0.01111	0.01949	0.01354	0.01583	0.03136	0.01176	0.01012	0.00588	0.00433	0.00143	0.00692	0.00378	0.00295	0.00838
4	0.00786	0.00667	0.00678	0.00675	0.00894	0.00559	0.00506	0.00960	0.01519	0.01823	0.10086	0.06262	0.69045	0.01651	0.00778	0.00222	0.00332	0.01379	0.00617	0.00559
5	0.00957	0.00638	0.00718	0.00718	0.00718	0.00638	0.00399	0.00957	0.00957	0.01276	0.02074	0.04308	0.02393	0.76864	0.03351	0.00638	0.00638	0.00957	0.00399	0.00399
6	0.00784	0.00665	0.00676	0.00679	0.00894	0.00557	0.00507	0.00954	0.01506	0.01803	0.08686	0.08153	0.68565	0.01668	0.00780	0.00223	0.00334	0.01396	0.00615	0.00557
7	0.01365	0.01170	0.01365	0.00975	0.01560	0.00878	0.00780	0.01658	0.01365	0.02145	0.01170	0.01365	0.00975	0.00488	0.00488	0.00098	0.00488	0.00390	0.00390	0.80888
8	0.01698	0.01572	0.04784	0.10551	0.23908	0.01564	0.23578	0.02110	0.01483	0.10922	0.01384	0.01736	0.01057	0.00682	0.00875	0.00219	0.09914	0.00652	0.00380	0.00929
9	0.02042	0.02333	0.02174	0.02654	0.31781	0.37630	0.01568	0.02445	0.07477	0.01933	0.01248	0.01478	0.01026	0.00658	0.00624	0.00185	0.00962	0.00519	0.00361	0.00904
10	0.01061	0.00758	0.01061	0.01212	0.01364	0.00758	0.01061	0.01364	0.01515	0.01970	0.03486	0.07426	0.03789	0.01819	0.00909	0.00303	0.00606	0.68326	0.00606	0.00606
11	0.00839	0.00599	0.00806	0.00958	0.01013	0.00566	0.00675	0.00980	0.01296	0.01721	0.03608	0.66688	0.04274	0.02028	0.00850	0.00272	0.00414	0.11257	0.00610	0.00545
12	0.00957	0.00638	0.00718	0.00718	0.00718	0.00638	0.00399	0.00957	0.00957	0.01276	0.02074	0.04308	0.02393	0.76864	0.03351	0.00638	0.00638	0.00957	0.00399	0.00399
13	0.01367	0.11182	0.66082	0.01797	0.02727	0.01642	0.02295	0.02073	0.01384	0.02028	0.01153	0.01355	0.00835	0.00619	0.00604	0.00201	0.00945	0.00472	0.00278	0.00959
14	0.66629	0.01624	0.01137	0.01022	0.01417	0.15174	0.00818	0.02066	0.01261	0.02701	0.00936	0.01092	0.00738	0.00624	0.00442	0.00197	0.00637	0.00369	0.00395	0.00722
15	0.01463	0.00841	0.00865	0.00780	0.01002	0.00877	0.00606	0.14275	0.01697	0.02767	0.02043	0.02293	0.01583	0.00771	0.00497	0.00162	0.00384	0.00610	0.65778	0.00707
16	0.00972	0.00743	0.01086	0.05233	0.01314	0.00864	0.00835	0.01180	0.01062	0.01508	0.01793	0.04704	0.01753	0.14513	0.55927	0.00906	0.03913	0.00760	0.00360	0.00572
17	0.00947	0.00678	0.00919	0.00919	0.00988	0.00747	0.00649	0.01086	0.01017	0.01425	0.01891	0.03290	0.01952	0.34354	0.45257	0.00886	0.01303	0.00808	0.00372	0.00511
18	0.02085	0.01638	0.04283	0.01627	0.07729	0.01708	0.01240	0.44018	0.09952	0.05569	0.01959	0.11626	0.01644	0.00948	0.00682	0.00210	0.00666	0.00777	0.00618	0.01022
19	0.01291	0.01085	0.01282	0.00950	0.01461	0.00833	0.00753	0.01586	0.01451	0.02230	0.13421	0.01976	0.01876	0.00635	0.00537	0.00116	0.00457	0.00528	0.00448	0.67085
20	0.01778	0.33212	0.24037	0.01631	0.06463	0.12373	0.01591	0.04409	0.03182	0.04095	0.01145	0.01297	0.00915	0.00623	0.00543	0.00174	0.00851	0.00444	0.00330	0.00906
21	0.01570	0.45390	0.33658	0.01450	0.02190	0.02141	0.01690	0.02020	0.01360	0.01780	0.01030	0.01200	0.00840	0.00590	0.00510	0.00170	0.00820	0.00410	0.00280	0.00900
22	0.09453	0.02148	0.01795	0.01489	0.01924	0.24885	0.01182	0.38460	0.04466	0.03109	0.01445	0.04029	0.01135	0.00786	0.00622	0.00192	0.00835	0.00567	0.00533	0.00947
23	0.02954	0.01120	0.01528	0.01171	0.01681	0.00968	0.00968	0.03208	0.01884	0.73213	0.02597	0.02241	0.01630	0.00815	0.00662	0.00204	0.00560	0.00662	0.00815	0.01120
24	0.01144	0.00572	0.00858	0.00858	0.00858	0.00572	0.00572	0.00858	0.00858	0.01144	0.01144	0.02001	0.01144	0.02287	0.02573	0.80846	0.00572	0.00572	0.00286	0.00286
25	0.00880	0.00663	0.00814	0.00793	0.00956	0.00597	0.00588	0.01137	0.01718	0.02332	0.49315	0.11209	0.23606	0.01490	0.00782	0.00216	0.00323	0.01300	0.00685	0.00597
26	0.01144	0.00572	0.00858	0.00858	0.00858	0.00572	0.00572	0.00858	0.00858	0.01144	0.01144	0.02001	0.01144	0.02287	0.02573	0.80846	0.00572	0.00572	0.00286	0.00286
27	0.01511	0.01246	0.01710	0.01228	0.01817	0.00988	0.09978	0.01835	0.01430	0.07546	0.01300	0.01486	0.01028	0.00521	0.00539	0.00122	0.00575	0.00462	0.00415	0.64263
28	0.01077	0.00776	0.01073	0.01216	0.01373	0.00782	0.01060	0.01422	0.03433	0.01992	0.03464	0.07290	0.03740	0.01793	0.00903	0.00301	0.00604	0.66476	0.00608	0.00618
29	0.01745	0.74805	0.05776	0.01151	0.01728	0.02569	0.01170	0.01975	0.01339	0.01567	0.00924	0.01067	0.00844	0.00565	0.00429	0.00143	0.00713	0.00356	0.00281	0.00849
30	0.01402	0.11335	0.63852	0.01785	0.02701	0.01660	0.02258	0.04030	0.01433	0.02086	0.01164	0.01359	0.00843	0.00623	0.00604	0.00201	0.00937	0.00475	0.00289	0.00963
31	0.01503	0.26249	0.48928	0.01630	0.02458	0.01883	0.01981	0.04746	0.01441	0.02000	0.01115	0.01294	0.00849	0.00613	0.00564	0.00187	0.00880	0.00449	0.00294	0.00939
32	0.01732	0.01613	0.01532	0.01381	0.01749	0.10017	0.01069	0.03398	0.63521	0.02622	0.02488	0.02310	0.01876	0.00868	0.00661	0.00217	0.00598	0.00707	0.00632	0.01010
33	0.01591	0.01784	0.10867	0.03742	0.61981	0.01564	0.04759	0.02031	0.01489	0.02142	0.01235	0.01608	0.01017	0.00590	0.00654	0.00198	0.00817	0.00583	0.00321	0.01029
34	0.00802	0.00573	0.00764	0.00917	0.00955	0.00535	0.00611	0.00917	0.01260	0.01681	0.03628	0.76434	0.04354	0.02062	0.00840	0.00267	0.00382	0.01872	0.00611	0.00535
35	0.00940	0.00705	0.01058	0.01058	0.01176	0.00823	0.00823	0.01176	0.01058	0.01528	0.01763	0.02586	0.01646	0.04937	0.74255	0.01058	0.01763	0.00705	0.00353	0.00588
36	0.00951	0.00635	0.00720	0.00727	0.00728	0.00634	0.00408	0.00956	0.00970	0.01294	0.02141	0.07399	0.02477	0.73659	0.03243	0.00622	0.00627	0.00997	0.00408	0.00405
37	0.01760	0.77260	0.03450	0.01126	0.01690	0.02605	0.01126	0.01971	0.01338	0.01549	0.00915	0.01056	0.00845	0.00563	0.00422	0.00141	0.00704	0.00352	0.00282	0.00845
38	0.00870	0.00667	0.00797	0.00771	0.00947	0.00594	0.00576	0.01121	0.01708	0.02287	0.45604	0.07823	0.30870	0.01490	0.00779	0.00215	0.00321	0.01287	0.00679	0.00594
39	0.02459	0.03138	0.01866	0.01696	0.02035	0.74221	0.01272	0.02629	0.01866	0.01611	0.01018	0.01187	0.00848	0.00678	0.00594	0.00170	0.01187	0.00424	0.00339	0.00763
40	0.01320	0.03405	0.73453	0.01876	0.02849	0.01529	0.02432	0.02085	0.01390	0.02085	0.01181	0.01390	0.00834	0.00625	0.00625	0.00208	0.00973	0.00486	0.00278	0.00973
41	0.01461	0.01341	0.02231	0.03286	0.54283	0.01337	0.01735	0.01814	0.01482	0.02080	0.01831	0.08835	0.01799	0.00925	0.00713	0.00220	0.00718	0.12586	0.00399	0.00924
42	0.00789	0.00667	0.00683	0.00679	0.00896	0.00561	0.00509	0.00967	0.01527	0.01842	0.11535	0.06231	0.67584	0.01643	0.00778	0.00221	0.00332	0.01375	0.00620	0.00561
43	0.01243	0.01170	0.01975	0.75282	0.04534	0.01463	0.01828	0.01682	0.01316	0.01682	0.01170	0.01755	0.00878	0.00658	0.00658	0.00219	0.00878	0.00585	0.00293	0.00731
44	0.00957	0.00638	0.00718	0.00718	0.00718	0.00638	0.00399	0.00957	0.00957	0.01276	0.02074	0.04308	0.02393	0.76864	0.03351	0.00638	0.00638	0.00957	0.00399	0.00399
45	0.01243	0.01170	0.01975	0.75282	0.04534	0.01463	0.01828	0.01682	0.01316	0.01682	0.01170	0.01755	0.00878	0.00658	0.00658	0.00219	0.00878	0.00585	0.00293	0.00731
46	0.00893	0.00671	0.00827	0.00788	0.00960	0.00605	0.00591	0.01168	0.01773	0.02425	0.56008	0.05271	0.22748	0.01426	0.00777	0.00211	0.00316	0.01240	0.00696	0.00605
47	0.01320	0.03405	0.73453	0.01876	0.02849	0.01529	0.02432	0.02085	0.01390	0.02085	0.01181	0.01390	0.00834	0.00625	0.00625	0.00208	0.00973	0.00486	0.00278	0.00973
48	0.01522	0.01749	0.06481	0.10685	0.13809	0.01622	0.49986	0.02049	0.01513	0.02068	0.01294	0.01735	0.00985	0.00574	0.00739	0.00217	0.01031	0.00716	0.00325	0.00898
49	0.01320	0.03405	0.73453	0.01876	0.02849	0.01529	0.02432	0.02085	0.01390	0.02085	0.01181	0.01390	0.00834	0.00625	0.00625	0.00208	0.00973	0.00486	0.00278	0.00973
50	0.00879	0.00671	0.00807	0.00773	0.00951	0.00599	0.00580	0.01140	0.01739	0.02344	0.49831	0.05405	0.28975	0.01456	0.00777	0.00212	0.00318	0.01259	0.00686	0.00599
51	0.00957	0.00638	0.00718	0.00718	0.00718	0.00638	0.00399	0.00957	0.00957	0.01276	0.02074	0.04308	0.02393	0.76864	0.03351	0.00638	0.00638	0.00957	0.00399	0.00399
52	0.00895	0.00666	0.00832	0.00803	0.00964	0.00603	0.00597	0.01166	0.01758	0.02418	0.55707	0.09488	0.18770	0.01450	0.00781	0.00214	0.00319	0.01270	0.00696	0.00603
53	0.01735	0.73076	0.07415	0.01169	0.01755	0.02544	0.01200	0.01978	0.01341	0.01579	0.00930	0.01075	0.00844	0.00567	0.00434	0.00145	0.00719	0.00360	0.00281	0.00852
54	0.00919	0.00672	0.00862	0.00815	0.00976	0.00616	0.00611	0.01218	0.01833	0.02569	0.66972	0.05035	0.11694	0.01372	0.00777	0.00208	0.00312	0.01207	0.00715	0.00616
55	0.01629	0.01564	0.02672	0.04041	0.72757	0.01564	0.02020	0.02020	0.01499	0.02151	0.01238	0.01629	0.01043	0.00587	0.00652	0.00196	0.00782	0.00587	0.00326	0.01043
56	0.01365	0.01170	0.01365	0.00975	0.01560	0.00878	0.00780	0.01658	0.01365	0.02145	0.01170	0.01365	0.00975	0.00488	0.00488	0.00098	0.00488	0.00390	0.00390	0.80888
57	0.01684	0.01569	0.02563	0.03717	0.64327	0.01571	0.01909	0.07219	0.01615	0.02303	0.01261	0.01614	0.01046	0.00598	0.00645	0.00191	0.00765	0.00579	0.00354	0.04470
58	0.02489	0.08053	0.02044	0.01452	0.01972	0.04812	0.01210	0.54756	0.02767	0.11480	0.01616	0.01595	0.01143	0.00770	0.00637	0.00192	0.00723	0.00574	0.00632	0.01083
59	0.01356	0.01170	0.01411	0.06627	0.01786	0.00922	0.00860	0.01660	0.01361	0.02110	0.01170	0.01395	0.00968	0.00501	0.00501	0.00107	0.00517	0.00405	0.00383	0.74791
60	0.01679	0.07312	0.02615	0.09587	0.55778	0.01674	0.01873	0.07658	0.01603	0.02231	0.01236	0.01592	0.01020	0.00608	0.00635	0.00194	0.00779	0.00569	0.00347	0.01008
61	0.01346	0.03253	0.67598	0.02055	0.08632	0.01532	0.02398	0.02080	0.01399	0.02090	0.01186	0.01410	0.00851	0.00622	0.00628	0.00207	0.00957	0.00495	0.00282	0.00979
62	0.01400	0.01209	0.02045	0.43592	0.13932	0.01342	0.07379	0.01791	0.01420	0.07237	0.01863	0.05354	0.07043	0.00794	0.00685	0.00217	0.00792	0.00729	0.00381	0.00797
63	0.01495	0.11732	0.59924	0.01736	0.02627	0.01610	0.02171	0.02157	0.01421	0.07434	0.01258	0.01416	0.00896	0.00633	0.00605	0.00200	0.00911	0.00484	0.00319	0.00969
64	0.01467	0.00946	0.01495	0.01445	0.06917	0.00870	0.09913	0.01703	0.01489	0.18320	0.03153	0.35803	0.08610	0.01425	0.00774	0.00239	0.00552	0.03521	0.00600	0.00759
65	0.01461	0.07958	0.57564	0.01770	0.02619	0.07136	0.02145	0.02236	0.07228	0.02070	0.01276	0.01441	0.00933	0.00648	0.00614	0.00202	0.00935	0.00494	0.00315	0.00954
66	0.01364	0.05456	0.60258	0.04979	0.02807	0.01573	0.04149	0.02182	0.07195	0.02107	0.01301	0.01494	0.00938	0.00645	0.00628	0.00208	0.00927	0.00516	0.00313	0.00962
67	0.01469	0.02126	0.21580	0.08710	0.07149	0.01616	0.41610	0.02049	0.01475	0.02056	0.01263	0.01658	0.00945	0.00598	0.00754	0.00218	0.02837	0.00670	0.00314	0.00901
68	0.08542	0.07380	0.14829	0.04529	0.01993	0.04206	0.05324	0.02287	0.01549	0.27127	0.02036	0.12261	0.01678	0.00914	0.00651	0.00211	0.00690	0.02352	0.00539	0.00900
69	0.04020	0.02194	0.24460	0.13525	0.10810	0.07040	0.19731	0.02063	0.01474	0.04330	0.01319	0.03674	0.01028	0.00658	0.00671	0.00211	0.00945	0.00624	0.00335	0.00890
70	0.08158	0.07541	0.16311	0.01675	0.02196	0.05600	0.18803	0.01955	0.01463	0.08697	0.01874	0.15426	0.01747	0.00950	0.00687	0.00220	0.00795	0.04646	0.00436	0.00822

[dist]
# distance from previous block
# <min> <max>
0	20

[block]
# block no. 2 follows, 33 sequences, length 30
# corresponding to MSA columns:
# 195-224
name=unknown_C
#
# <colnr> <probs for GDERKNQSTAVLIFYWHMCP>
#	G	D	E	R	K	N	Q	S	T	A	V	L	I	F	Y	W	H	M	C	P
0	0.10473	0.04161	0.23493	0.01459	0.02009	0.07177	0.05922	0.02216	0.10820	0.09284	0.03971	0.08678	0.05796	0.00886	0.00645	0.00211	0.00729	0.00731	0.00469	0.00868
1	0.05118	0.04684	0.33540	0.01858	0.07764	0.01387	0.11319	0.01917	0.01441	0.02158	0.06166	0.01961	0.01397	0.00695	0.00635	0.00195	0.00812	0.03787	0.00358	0.12808
2	0.01563	0.03967	0.18430	0.05140	0.16031	0.03752	0.10710	0.04771	0.07734	0.06275	0.04209	0.05218	0.05032	0.00785	0.00670	0.00205	0.00780	0.00705	0.00427	0.03596
3	0.01562	0.01394	0.04778	0.14599	0.13133	0.03725	0.01303	0.04918	0.11309	0.07198	0.03367	0.01995	0.03275	0.00994	0.05658	0.00242	0.00744	0.00605	0.00448	0.18754
4	0.01569	0.01469	0.05459	0.02451	0.30451	0.03839	0.07560	0.02074	0.08703	0.08036	0.04037	0.07121	0.09998	0.00877	0.00687	0.00206	0.00690	0.00801	0.00464	0.03508
5	0.01237	0.04795	0.06210	0.01289	0.07422	0.05677	0.00951	0.01614	0.06154	0.04162	0.25407	0.15610	0.09335	0.04339	0.00826	0.00228	0.00524	0.01058	0.00563	0.02597
6	0.01542	0.05694	0.45163	0.01720	0.02486	0.07359	0.04697	0.02364	0.12519	0.04404	0.01445	0.01571	0.01060	0.00666	0.00623	0.00200	0.00878	0.00530	0.00369	0.04710
7	0.01705	0.01515	0.02467	0.03551	0.60393	0.01524	0.01840	0.05364	0.04329	0.05621	0.04257	0.01821	0.01321	0.00650	0.00658	0.00198	0.00740	0.00621	0.00394	0.01033
8	0.01504	0.01212	0.01430	0.01078	0.01587	0.01044	0.00863	0.06085	0.04813	0.05578	0.01421	0.04689	0.01202	0.00648	0.00630	0.00133	0.04978	0.00507	0.00443	0.60156
9	0.01365	0.01170	0.01365	0.00975	0.01560	0.00878	0.00780	0.01658	0.01365	0.02145	0.01170	0.01365	0.00975	0.00488	0.00488	0.00098	0.00488	0.00390	0.00390	0.80888
10	0.02712	0.01169	0.01528	0.01172	0.01684	0.01031	0.00963	0.05937	0.04703	0.59841	0.02405	0.02128	0.01554	0.00782	0.00644	0.00193	0.00558	0.00633	0.00757	0.09606
11	0.00940	0.00705	0.01058	0.01058	0.01176	0.00823	0.00823	0.01176	0.01058	0.01528	0.01763	0.02586	0.01646	0.04937	0.74255	0.01058	0.01763	0.00705	0.00353	0.00588
12	0.02954	0.01120	0.01528	0.01171	0.01681	0.00968	0.00968	0.03208	0.01884	0.73213	0.02597	0.02241	0.01630	0.00815	0.00662	0.00204	0.00560	0.00662	0.00815	0.01120
13	0.00796	0.00595	0.00741	0.00857	0.00939	0.00540	0.00585	0.00923	0.01318	0.01704	0.04354	0.59710	0.20610	0.01968	0.00825	0.00257	0.00370	0.01756	0.00611	0.00540
14	0.00807	0.00577	0.00769	0.00913	0.00956	0.00538	0.00612	0.00930	0.01285	0.01720	0.06458	0.73492	0.04431	0.02033	0.00838	0.00265	0.00379	0.01843	0.00616	0.00538
15	0.81514	0.01273	0.00968	0.00866	0.01273	0.01477	0.00713	0.01935	0.01120	0.02954	0.00917	0.01069	0.00713	0.00611	0.00407	0.00204	0.00509	0.00356	0.00407	0.00713
16	0.02503	0.01844	0.01976	0.01515	0.02042	0.02042	0.01251	0.70562	0.03095	0.04149	0.01581	0.01581	0.01120	0.00790	0.00659	0.00198	0.00724	0.00593	0.00659	0.01120
17	0.01227	0.00614	0.00614	0.00614	0.00767	0.00614	0.00460	0.01534	0.01381	0.02454	0.02148	0.02454	0.01687	0.00767	0.00460	0.00153	0.00307	0.00614	0.80518	0.00614
18	0.01554	0.01776	0.03885	0.02775	0.03441	0.01665	0.70366	0.02109	0.01554	0.02109	0.01332	0.01776	0.00999	0.00555	0.00777	0.00222	0.01110	0.00777	0.00333	0.00888
19	0.01637	0.01414	0.01489	0.01340	0.01712	0.01637	0.01042	0.03498	0.71568	0.02754	0.02679	0.02456	0.02010	0.00893	0.00670	0.00223	0.00521	0.00744	0.00670	0.01042
20	0.01760	0.77260	0.03450	0.01126	0.01690	0.02605	0.01126	0.01971	0.01338	0.01549	0.00915	0.01056	0.00845	0.00563	0.00422	0.00141	0.00704	0.00352	0.00282	0.00845
21	0.81514	0.01273	0.00968	0.00866	0.01273	0.01477	0.00713	0.01935	0.01120	0.02954	0.00917	0.01069	0.00713	0.00611	0.00407	0.00204	0.00509	0.00356	0.00407	0.00713
22	0.01110	0.00814	0.01097	0.01223	0.01394	0.00833	0.01059	0.01546	0.07485	0.02037	0.03417	0.07002	0.03637	0.01740	0.00889	0.00296	0.00599	0.62567	0.00612	0.00643
23	0.81514	0.01273	0.00968	0.00866	0.01273	0.01477	0.00713	0.01935	0.01120	0.02954	0.00917	0.01069	0.00713	0.00611	0.00407	0.00204	0.00509	0.00356	0.00407	0.00713
24	0.00824	0.00590	0.00784	0.00901	0.00960	0.00550	0.00613	0.00973	0.01364	0.01845	0.15454	0.64139	0.04673	0.01939	0.00829	0.00257	0.00370	0.01754	0.00631	0.00550
25	0.00926	0.00673	0.00872	0.00822	0.00980	0.00619	0.00617	0.01232	0.01850	0.02609	0.70025	0.04969	0.08616	0.01358	0.00777	0.00208	0.00311	0.01198	0.00721	0.00619
26	0.19337	0.01722	0.01761	0.01376	0.01878	0.01921	0.01137	0.55940	0.02674	0.03894	0.01439	0.01472	0.01033	0.00752	0.00605	0.00199	0.00679	0.00542	0.00605	0.01033
27	0.01144	0.00572	0.00858	0.00858	0.00858	0.00572	0.00572	0.00858	0.00858	0.01144	0.01144	0.02001	0.01144	0.02287	0.02573	0.80846	0.00572	0.00572	0.00286	0.00286
28	0.01144	0.00572	0.00858	0.00858	0.00858	0.00572	0.00572	0.00858	0.00858	0.01144	0.01144	0.02001	0.01144	0.02287	0.02573	0.80846	0.00572	0.00572	0.00286	0.00286
29	0.01339	0.06454	0.70563	0.01845	0.02801	0.01573	0.02378	0.02080	0.01388	0.02063	0.01170	0.01376	0.00834	0.00623	0.00617	0.00206	0.00962	0.00481	0.00278	0.00968

[dist]
# distance from previous block
# <min> <max>
0	1

# created by:
# /home/berkeley/.conda/envs/busco_data_prod/bin/msa2prfl.pl pipeline/OGs_align_augustus/4893/16311.fs
