[name]
unknown

[dist]
# distance from previous block
# <min> <max>
0	53

[block]
# block no. 0 follows, 31 sequences, length 17
# corresponding to MSA columns:
# 53-69
name=unknown_A
#
# <colnr> <probs for GDERKNQSTAVLIFYWHMCP>
#	G	D	E	R	K	N	Q	S	T	A	V	L	I	F	Y	W	H	M	C	P
0	0.01175	0.00955	0.01281	0.01279	0.01502	0.02898	0.05322	0.01613	0.06880	0.02178	0.12404	0.06321	0.10557	0.01621	0.00877	0.00278	0.00606	0.40943	0.00626	0.00684
1	0.29722	0.01467	0.01506	0.10181	0.02019	0.04445	0.01084	0.14526	0.10666	0.12428	0.04472	0.01815	0.01381	0.00775	0.00597	0.00214	0.00645	0.00577	0.00559	0.00919
2	0.11722	0.01210	0.01602	0.18444	0.14370	0.04114	0.01266	0.01899	0.04010	0.08213	0.07232	0.15776	0.02159	0.01020	0.00684	0.00224	0.00651	0.00882	0.03711	0.00810
3	0.22189	0.01547	0.01607	0.01306	0.01787	0.01697	0.01065	0.27743	0.16109	0.15375	0.01882	0.01811	0.01336	0.00800	0.00622	0.00213	0.00624	0.00598	0.00649	0.01041
4	0.01725	0.01805	0.03065	0.07812	0.03032	0.09557	0.42554	0.07195	0.01729	0.02306	0.01464	0.01851	0.01113	0.00646	0.00725	0.00213	0.01006	0.00715	0.10609	0.00877
5	0.02136	0.01309	0.01526	0.01163	0.01677	0.01213	0.00945	0.19597	0.02025	0.21035	0.01844	0.01860	0.01325	0.00714	0.00596	0.00164	0.00566	0.00563	0.10825	0.28918
6	0.00982	0.00714	0.00965	0.00976	0.01040	0.00787	0.00689	0.01119	0.01087	0.01517	0.02169	0.12683	0.02326	0.30027	0.36643	0.00812	0.03532	0.00979	0.00416	0.00538
7	0.01163	0.00811	0.01003	0.10284	0.01526	0.00755	0.00776	0.01392	0.01594	0.10537	0.10465	0.10583	0.43583	0.01494	0.00782	0.00231	0.00450	0.01265	0.00628	0.00677
8	0.01646	0.01402	0.01722	0.04492	0.01769	0.08643	0.01244	0.01842	0.01297	0.10743	0.01557	0.07458	0.01432	0.01909	0.15343	0.00425	0.35171	0.00723	0.00414	0.00766
9	0.11213	0.00724	0.00803	0.00853	0.01004	0.00708	0.00613	0.01220	0.01433	0.02171	0.13158	0.36239	0.14519	0.01615	0.00747	0.00239	0.00386	0.01403	0.10346	0.00606
10	0.01652	0.01856	0.11350	0.22366	0.30448	0.06152	0.01908	0.08697	0.01681	0.02249	0.01510	0.01861	0.03860	0.00708	0.00678	0.00211	0.00867	0.00619	0.00370	0.00955
11	0.01583	0.01211	0.01435	0.01034	0.01634	0.00921	0.00830	0.01883	0.01472	0.09179	0.01363	0.01509	0.01081	0.00540	0.00525	0.00112	0.00514	0.00433	0.00449	0.72290
12	0.02255	0.01267	0.01628	0.01503	0.08578	0.01251	0.01076	0.17799	0.04088	0.29793	0.13914	0.02719	0.02371	0.05725	0.00929	0.02025	0.00604	0.00777	0.00699	0.00999
13	0.05021	0.03520	0.02030	0.09038	0.06733	0.25644	0.09635	0.04686	0.06804	0.02081	0.02049	0.02745	0.06777	0.00928	0.00705	0.00218	0.00912	0.09210	0.00442	0.00821
14	0.11624	0.01275	0.03434	0.01200	0.03307	0.07920	0.00900	0.06053	0.08439	0.03632	0.10822	0.21739	0.06584	0.06998	0.00935	0.00266	0.00581	0.02982	0.00572	0.00737
15	0.05681	0.01043	0.01429	0.01314	0.04321	0.01047	0.07168	0.03563	0.12921	0.04657	0.30149	0.11871	0.05003	0.01250	0.00826	0.03145	0.00508	0.01061	0.00633	0.02411
16	0.19211	0.01551	0.04563	0.01487	0.04681	0.09338	0.09198	0.03875	0.01624	0.15836	0.05221	0.08814	0.06117	0.00916	0.00655	0.00212	0.00697	0.00766	0.00532	0.04708

[dist]
# distance from previous block
# <min> <max>
0	57

[block]
# block no. 1 follows, 31 sequences, length 38
# corresponding to MSA columns:
# 127-164
name=unknown_B
#
# <colnr> <probs for GDERKNQSTAVLIFYWHMCP>
#	G	D	E	R	K	N	Q	S	T	A	V	L	I	F	Y	W	H	M	C	P
0	0.01207	0.00992	0.01248	0.01489	0.08517	0.04985	0.01062	0.03808	0.01569	0.02026	0.03304	0.27605	0.05406	0.01728	0.00864	0.00278	0.00607	0.32038	0.00588	0.00680
1	0.00980	0.00770	0.01131	0.01504	0.13001	0.00737	0.00884	0.01147	0.01352	0.01829	0.03349	0.62971	0.03940	0.01883	0.00840	0.00265	0.00468	0.01718	0.00585	0.00645
2	0.01330	0.01229	0.02048	0.41604	0.23421	0.01387	0.01743	0.01714	0.01413	0.01888	0.01670	0.14303	0.01575	0.00910	0.00714	0.00229	0.00796	0.00836	0.00370	0.00819
3	0.01058	0.13545	0.01294	0.00868	0.01115	0.00970	0.00696	0.01305	0.01691	0.02218	0.35675	0.09241	0.25066	0.01408	0.00749	0.00212	0.00404	0.01196	0.00632	0.00659
4	0.01682	0.04307	0.01824	0.01501	0.01787	0.18658	0.04554	0.05527	0.01539	0.01949	0.01634	0.16225	0.01660	0.01072	0.01051	0.00216	0.18707	0.00799	0.00421	0.14886
5	0.00834	0.00595	0.00794	0.00953	0.00992	0.00556	0.00635	0.00953	0.01310	0.01746	0.03771	0.75510	0.04525	0.02143	0.00873	0.00278	0.00397	0.01945	0.00635	0.00556
6	0.01646	0.06208	0.08236	0.22630	0.12437	0.14251	0.01592	0.07019	0.01627	0.02023	0.01592	0.12704	0.01487	0.00912	0.00721	0.00217	0.02707	0.00757	0.00394	0.00840
7	0.15065	0.01499	0.02289	0.14790	0.44931	0.01597	0.01778	0.02116	0.05401	0.02334	0.01304	0.01665	0.01055	0.00644	0.00636	0.00210	0.00765	0.00578	0.00368	0.00973
8	0.00958	0.00650	0.00767	0.00803	0.00816	0.00644	0.00477	0.00992	0.01069	0.01429	0.02513	0.20555	0.02928	0.57158	0.04896	0.00588	0.00636	0.01203	0.00463	0.00452
9	0.01509	0.01213	0.01428	0.01024	0.01628	0.00917	0.00821	0.01811	0.01448	0.06052	0.01297	0.01468	0.01051	0.00525	0.00517	0.00107	0.00511	0.00421	0.00429	0.75822
10	0.39069	0.03782	0.01599	0.01260	0.01738	0.06273	0.01037	0.31954	0.02129	0.03494	0.01265	0.01354	0.00941	0.00721	0.00552	0.00205	0.00678	0.00484	0.00531	0.00935
11	0.01098	0.00741	0.00959	0.00950	0.01079	0.00742	0.00682	0.03632	0.01447	0.05477	0.17116	0.21217	0.07117	0.16299	0.17760	0.00515	0.00776	0.01209	0.00570	0.00614
12	0.00846	0.00685	0.00752	0.00755	0.00952	0.00590	0.00559	0.01047	0.01618	0.02035	0.20804	0.12906	0.50661	0.01699	0.00814	0.00232	0.00346	0.01447	0.00661	0.00590
13	0.80789	0.01323	0.01006	0.00900	0.01323	0.01535	0.00741	0.02011	0.01164	0.03070	0.00953	0.01111	0.00741	0.00635	0.00423	0.00212	0.00529	0.00370	0.00423	0.00741
14	0.01497	0.01497	0.02095	0.01796	0.01796	0.02095	0.01497	0.01646	0.01048	0.01646	0.00898	0.01497	0.00898	0.01197	0.02245	0.00299	0.74704	0.00599	0.00299	0.00748
15	0.02463	0.01414	0.01664	0.05461	0.01926	0.01470	0.01101	0.32324	0.02397	0.26471	0.02067	0.02031	0.01423	0.00818	0.00651	0.00201	0.00633	0.00643	0.13784	0.01054
16	0.04384	0.01619	0.01705	0.01440	0.01883	0.01841	0.01148	0.26239	0.45218	0.03367	0.02336	0.02196	0.01729	0.00883	0.00684	0.00222	0.00614	0.00707	0.00684	0.01100
17	0.02597	0.02024	0.02044	0.01589	0.02121	0.07805	0.01302	0.64077	0.03114	0.04101	0.01596	0.01610	0.01141	0.00812	0.00679	0.00203	0.00791	0.00602	0.00658	0.01134
18	0.01292	0.01216	0.02052	0.74312	0.04712	0.01520	0.01900	0.01748	0.01368	0.01748	0.01216	0.01824	0.00912	0.00684	0.00684	0.00228	0.00912	0.00608	0.00304	0.00760
19	0.00847	0.00695	0.00746	0.00733	0.00948	0.00594	0.00550	0.01056	0.01650	0.02063	0.22377	0.06231	0.55831	0.01653	0.00808	0.00227	0.00341	0.01394	0.00664	0.00594
20	0.02564	0.02996	0.01961	0.01725	0.02116	0.59216	0.01318	0.15857	0.02190	0.02194	0.01173	0.01314	0.00937	0.00728	0.00630	0.00182	0.01139	0.00475	0.00418	0.00866
21	0.01292	0.01216	0.02052	0.74312	0.04712	0.01520	0.01900	0.01748	0.01368	0.01748	0.01216	0.01824	0.00912	0.00684	0.00684	0.00228	0.00912	0.00608	0.00304	0.00760
22	0.01189	0.00938	0.01379	0.28222	0.02485	0.01031	0.01169	0.05261	0.01468	0.03856	0.02600	0.38295	0.02807	0.01441	0.00779	0.00250	0.00622	0.02905	0.00515	0.02790
23	0.01195	0.03957	0.10917	0.01296	0.01613	0.01127	0.04524	0.01592	0.04587	0.03779	0.04093	0.03159	0.11420	0.04864	0.31670	0.00612	0.05346	0.03087	0.00434	0.00727
24	0.02556	0.03261	0.01939	0.01763	0.02115	0.73210	0.01322	0.02732	0.01939	0.01674	0.01058	0.01234	0.00881	0.00705	0.00617	0.00176	0.01234	0.00441	0.00353	0.00793
25	0.01499	0.12323	0.44395	0.02114	0.02981	0.01771	0.21140	0.02159	0.01485	0.02103	0.01237	0.01513	0.00916	0.00621	0.00667	0.00212	0.01016	0.00573	0.00305	0.00969
26	0.01829	0.76368	0.03585	0.01171	0.01756	0.02707	0.01171	0.02049	0.01390	0.01610	0.00951	0.01097	0.00878	0.00585	0.00439	0.00146	0.00732	0.00366	0.00293	0.00878
27	0.04510	0.01589	0.01619	0.01361	0.01789	0.08787	0.01074	0.13591	0.28108	0.22228	0.02320	0.02276	0.01694	0.04912	0.00827	0.00239	0.00663	0.00692	0.00678	0.01043
28	0.00978	0.00729	0.01081	0.01081	0.01197	0.00845	0.00832	0.01210	0.01094	0.01575	0.01849	0.02781	0.01751	0.08806	0.69625	0.01077	0.01772	0.00747	0.00369	0.00601
29	0.02639	0.01855	0.02015	0.01545	0.02091	0.02031	0.01276	0.64043	0.03114	0.09821	0.01728	0.01698	0.01207	0.00823	0.00685	0.00206	0.00739	0.00622	0.00698	0.01164
30	0.00936	0.00718	0.00827	0.00871	0.01071	0.00649	0.00700	0.01170	0.01580	0.02008	0.09721	0.06581	0.42708	0.01701	0.00829	0.00251	0.00428	0.21102	0.05548	0.00601
31	0.02206	0.02544	0.02283	0.06090	0.14177	0.41312	0.07242	0.07932	0.01870	0.02032	0.01171	0.01443	0.00955	0.00715	0.00746	0.00198	0.05302	0.00533	0.00371	0.00880
32	0.00992	0.00731	0.00960	0.01072	0.01224	0.00699	0.00881	0.01248	0.01555	0.02012	0.09389	0.18780	0.16756	0.01866	0.00897	0.00286	0.00515	0.38887	0.00641	0.00609
33	0.00878	0.00634	0.00840	0.00989	0.01060	0.00596	0.00707	0.01033	0.01370	0.01804	0.03942	0.59719	0.08573	0.02075	0.00881	0.00281	0.00433	0.12979	0.00634	0.00570
34	0.01604	0.01495	0.02470	0.29421	0.43125	0.01618	0.01978	0.06147	0.01592	0.02188	0.01283	0.01737	0.01026	0.00650	0.00680	0.00212	0.00845	0.00609	0.00348	0.00971
35	0.09522	0.01206	0.01164	0.01134	0.01335	0.09068	0.00831	0.12909	0.01668	0.02279	0.02657	0.37806	0.02942	0.08712	0.01021	0.00286	0.00598	0.03600	0.00569	0.00693
36	0.05420	0.01150	0.01383	0.01183	0.05482	0.00979	0.00856	0.05279	0.01430	0.02189	0.01522	0.01811	0.04695	0.00917	0.00906	0.13714	0.00545	0.00513	0.00411	0.49615
37	0.06013	0.01495	0.01836	0.01551	0.05887	0.01529	0.05007	0.26025	0.08907	0.10550	0.05545	0.01999	0.01570	0.01001	0.04421	0.00240	0.00720	0.00642	0.00590	0.14475

[dist]
# distance from previous block
# <min> <max>
0	24

[block]
# block no. 2 follows, 31 sequences, length 18
# corresponding to MSA columns:
# 190-207
name=unknown_C
#
# <colnr> <probs for GDERKNQSTAVLIFYWHMCP>
#	G	D	E	R	K	N	Q	S	T	A	V	L	I	F	Y	W	H	M	C	P
0	0.01830	0.01853	0.08960	0.01470	0.04125	0.16771	0.03705	0.05960	0.01657	0.10043	0.01742	0.09366	0.01568	0.08617	0.00939	0.00233	0.00779	0.00707	0.00468	0.19208
1	0.01607	0.04055	0.01659	0.09609	0.05590	0.05530	0.04611	0.09915	0.03850	0.08085	0.04267	0.20785	0.02226	0.03367	0.01002	0.08277	0.00671	0.00975	0.00519	0.03400
2	0.01695	0.06206	0.05876	0.08292	0.24271	0.05407	0.03825	0.11767	0.05003	0.02320	0.01454	0.01837	0.01197	0.01478	0.13423	0.00364	0.03630	0.00617	0.00402	0.00937
3	0.20091	0.01709	0.08959	0.22316	0.22599	0.05341	0.01675	0.02102	0.05012	0.02292	0.01249	0.01589	0.00976	0.00662	0.00615	0.00213	0.00802	0.00543	0.00363	0.00892
4	0.02389	0.01834	0.01906	0.05302	0.02149	0.08420	0.01234	0.43707	0.02620	0.09474	0.01592	0.01639	0.01147	0.00758	0.00652	0.00189	0.00754	0.00574	0.00605	0.13054
5	0.01231	0.00758	0.00954	0.00884	0.01104	0.00676	0.00670	0.01494	0.01801	0.12695	0.40932	0.11117	0.20144	0.01456	0.00795	0.00224	0.00373	0.01264	0.00730	0.00699
6	0.00834	0.00595	0.00794	0.00953	0.00992	0.00556	0.00635	0.00953	0.01310	0.01746	0.03771	0.75510	0.04525	0.02143	0.00873	0.00278	0.00397	0.01945	0.00635	0.00556
7	0.02419	0.03042	0.01866	0.01705	0.02038	0.66963	0.01282	0.02602	0.01866	0.01667	0.01124	0.01359	0.00953	0.01087	0.06887	0.00256	0.01285	0.00466	0.00354	0.00777
8	0.00952	0.00665	0.00812	0.00891	0.01022	0.00620	0.00665	0.01165	0.01491	0.02040	0.11189	0.31258	0.18807	0.01736	0.00806	0.00250	0.00405	0.12316	0.12316	0.00594
9	0.02601	0.01916	0.02053	0.01574	0.02122	0.02122	0.01300	0.69408	0.03217	0.04312	0.01643	0.01643	0.01163	0.00821	0.00684	0.00205	0.00753	0.00616	0.00684	0.01163
10	0.00891	0.00683	0.00816	0.00811	0.00982	0.00608	0.00597	0.01130	0.01712	0.02276	0.38257	0.15122	0.30394	0.01623	0.00816	0.00230	0.00342	0.01409	0.00693	0.00608
11	0.00995	0.00663	0.00746	0.00746	0.00746	0.00663	0.00415	0.00995	0.00995	0.01327	0.02156	0.04477	0.02487	0.75957	0.03482	0.00663	0.00663	0.00995	0.00415	0.00415
12	0.01829	0.76368	0.03585	0.01171	0.01756	0.02707	0.01171	0.02049	0.01390	0.01610	0.00951	0.01097	0.00878	0.00585	0.00439	0.00146	0.00732	0.00366	0.00293	0.00878
13	0.80789	0.01323	0.01006	0.00900	0.01323	0.01535	0.00741	0.02011	0.01164	0.03070	0.00953	0.01111	0.00741	0.00635	0.00423	0.00212	0.00529	0.00370	0.00423	0.00741
14	0.01497	0.01497	0.02095	0.01796	0.01796	0.02095	0.01497	0.01646	0.01048	0.01646	0.00898	0.01497	0.00898	0.01197	0.02245	0.00299	0.74704	0.00599	0.00299	0.00748
15	0.80789	0.01323	0.01006	0.00900	0.01323	0.01535	0.00741	0.02011	0.01164	0.03070	0.00953	0.01111	0.00741	0.00635	0.00423	0.00212	0.00529	0.00370	0.00423	0.00741
16	0.43071	0.01615	0.07445	0.01290	0.05846	0.05189	0.01039	0.08124	0.01475	0.02763	0.01452	0.01699	0.04536	0.04322	0.00666	0.00222	0.00641	0.00511	0.00436	0.07657
17	0.04019	0.26727	0.11968	0.08320	0.17457	0.04610	0.03578	0.04348	0.01543	0.05618	0.01226	0.01461	0.00983	0.00630	0.00581	0.00183	0.00809	0.00501	0.00358	0.05079

[dist]
# distance from previous block
# <min> <max>
0	2

[block]
# block no. 3 follows, 31 sequences, length 17
# corresponding to MSA columns:
# 210-226
name=unknown_D
#
# <colnr> <probs for GDERKNQSTAVLIFYWHMCP>
#	G	D	E	R	K	N	Q	S	T	A	V	L	I	F	Y	W	H	M	C	P
0	0.01533	0.01628	0.07555	0.47235	0.06825	0.06216	0.11754	0.02002	0.01484	0.05363	0.01308	0.01780	0.00971	0.00672	0.00695	0.00222	0.00955	0.00623	0.00341	0.00838
1	0.00968	0.00687	0.00889	0.00887	0.01032	0.00640	0.00665	0.01255	0.01780	0.02505	0.50717	0.15564	0.08008	0.01526	0.00811	0.00230	0.00357	0.06197	0.04653	0.00628
2	0.02659	0.01822	0.01995	0.01530	0.02075	0.01982	0.01264	0.61154	0.03059	0.12787	0.01775	0.01728	0.01230	0.00824	0.00685	0.00206	0.00732	0.00625	0.00705	0.01164
3	0.01797	0.01839	0.02973	0.05583	0.40395	0.08159	0.20120	0.06566	0.01710	0.02293	0.01313	0.01694	0.01053	0.00625	0.00708	0.00209	0.00942	0.00648	0.00363	0.01009
4	0.01046	0.00779	0.01046	0.01240	0.05732	0.00763	0.00824	0.06143	0.01492	0.01997	0.03437	0.58807	0.03996	0.01921	0.00853	0.00271	0.00472	0.07918	0.00619	0.00642
5	0.00834	0.00595	0.00794	0.00953	0.00992	0.00556	0.00635	0.00953	0.01310	0.01746	0.03771	0.75510	0.04525	0.02143	0.00873	0.00278	0.00397	0.01945	0.00635	0.00556
6	0.03021	0.01242	0.01636	0.01254	0.01785	0.01121	0.01036	0.10191	0.02089	0.65121	0.02589	0.02257	0.01639	0.00844	0.00688	0.00211	0.00600	0.00681	0.00830	0.01164
7	0.01889	0.17548	0.17350	0.05674	0.06612	0.04161	0.05045	0.14550	0.03373	0.07576	0.01464	0.01786	0.01154	0.00768	0.00742	0.00208	0.05658	0.03031	0.00435	0.00973
8	0.10010	0.04840	0.15184	0.03854	0.21011	0.14873	0.04194	0.05936	0.01615	0.02260	0.01245	0.01538	0.00998	0.00798	0.02578	0.00227	0.03869	0.00537	0.03510	0.00922
9	0.00848	0.00601	0.00790	0.00935	0.00971	0.00565	0.00616	0.00956	0.01283	0.01710	0.03631	0.69348	0.04348	0.08547	0.01100	0.00311	0.00420	0.01862	0.00616	0.00543
10	0.01496	0.04022	0.01932	0.01600	0.01665	0.01890	0.01331	0.04071	0.01184	0.01838	0.01125	0.01669	0.01045	0.01329	0.05735	0.00318	0.57278	0.00603	0.09122	0.00748
11	0.01829	0.08268	0.10894	0.06089	0.07782	0.18910	0.06499	0.10169	0.04561	0.02263	0.06658	0.07140	0.01668	0.00865	0.00730	0.00208	0.03446	0.00701	0.00437	0.00884
12	0.01708	0.06004	0.23315	0.04758	0.02241	0.01546	0.04919	0.15896	0.01708	0.06290	0.01403	0.01741	0.01095	0.01294	0.05693	0.13597	0.04924	0.00585	0.00413	0.00870
13	0.00835	0.00647	0.00761	0.00832	0.00965	0.00573	0.00586	0.00995	0.01473	0.01878	0.11063	0.39524	0.33623	0.01900	0.00839	0.00252	0.00369	0.01666	0.00646	0.00573
14	0.06686	0.12030	0.01490	0.01018	0.01343	0.01205	0.00832	0.06755	0.05499	0.10305	0.36155	0.03656	0.08134	0.01122	0.00700	0.00206	0.00469	0.00935	0.00659	0.00800
15	0.08636	0.07151	0.14402	0.04306	0.05505	0.07519	0.08073	0.05150	0.09508	0.11910	0.01657	0.01889	0.01265	0.04601	0.00827	0.00233	0.02842	0.00609	0.02984	0.00932
16	0.08056	0.07269	0.08120	0.08428	0.02244	0.06852	0.06308	0.04319	0.20099	0.08786	0.03475	0.02251	0.01590	0.00820	0.00658	0.00213	0.00735	0.04247	0.00516	0.05013

[dist]
# distance from previous block
# <min> <max>
0	4

[block]
# block no. 4 follows, 31 sequences, length 17
# corresponding to MSA columns:
# 231-247
name=unknown_E
#
# <colnr> <probs for GDERKNQSTAVLIFYWHMCP>
#	G	D	E	R	K	N	Q	S	T	A	V	L	I	F	Y	W	H	M	C	P
0	0.05357	0.04283	0.01323	0.01122	0.01356	0.05531	0.00858	0.10702	0.03819	0.06598	0.09924	0.13605	0.02551	0.11977	0.12370	0.00417	0.03143	0.00930	0.03398	0.00737
1	0.01359	0.01058	0.01261	0.00998	0.01414	0.00874	0.00761	0.05226	0.01407	0.02079	0.01666	0.08316	0.03490	0.04180	0.01045	0.13553	0.00527	0.00639	0.00430	0.49714
2	0.07971	0.08057	0.01799	0.01341	0.01784	0.01812	0.01094	0.29964	0.23229	0.03277	0.05545	0.04699	0.04622	0.00929	0.00664	0.00213	0.00620	0.00732	0.00634	0.01012
3	0.01571	0.01578	0.04810	0.19407	0.40435	0.01573	0.09243	0.04607	0.01583	0.02179	0.01607	0.02001	0.04946	0.00695	0.00700	0.00214	0.00850	0.00674	0.00360	0.00966
4	0.01721	0.05855	0.26498	0.08873	0.06700	0.01652	0.22965	0.05984	0.01645	0.09389	0.01439	0.01702	0.01037	0.00655	0.00699	0.00217	0.00964	0.00633	0.00390	0.00982
5	0.01926	0.26470	0.16562	0.06004	0.06927	0.04131	0.07303	0.04375	0.04300	0.13618	0.01465	0.01592	0.01096	0.00672	0.00606	0.00193	0.00823	0.00540	0.00421	0.00976
6	0.00930	0.00636	0.00765	0.00830	0.00846	0.00620	0.00504	0.00978	0.01123	0.01497	0.02810	0.33262	0.03313	0.46045	0.02425	0.00507	0.00555	0.01380	0.00504	0.00472
7	0.01210	0.10087	0.05917	0.01391	0.10178	0.01126	0.00951	0.01389	0.01182	0.01600	0.01848	0.03367	0.01946	0.38279	0.13621	0.00570	0.00898	0.03422	0.00383	0.00633
8	0.06680	0.13900	0.08763	0.07466	0.09183	0.04832	0.11554	0.13043	0.01753	0.07165	0.01323	0.01570	0.01019	0.00723	0.00794	0.00211	0.08082	0.00574	0.00418	0.00949
9	0.00864	0.00619	0.00821	0.00932	0.00999	0.00576	0.00637	0.01029	0.01452	0.01973	0.19107	0.59529	0.04963	0.01974	0.00858	0.00264	0.00380	0.01784	0.00662	0.00576
10	0.00856	0.00613	0.00814	0.00937	0.00997	0.00571	0.00637	0.01009	0.01415	0.01914	0.15090	0.63714	0.04848	0.02019	0.00862	0.00267	0.00384	0.01826	0.00655	0.00571
11	0.03642	0.06739	0.12657	0.10597	0.25333	0.01567	0.15540	0.01942	0.01480	0.02084	0.01566	0.10783	0.01427	0.00806	0.00702	0.00219	0.00857	0.00777	0.00365	0.00917
12	0.01658	0.10008	0.17866	0.20919	0.09711	0.01734	0.15159	0.07222	0.01624	0.05718	0.01337	0.01668	0.00998	0.00657	0.00674	0.00212	0.00924	0.00604	0.00367	0.00941
13	0.00977	0.00733	0.01100	0.01100	0.01222	0.00855	0.00855	0.01222	0.01100	0.01588	0.01833	0.02688	0.01710	0.05131	0.73245	0.01100	0.01833	0.00733	0.00367	0.00611
14	0.01772	0.01364	0.04552	0.12144	0.29568	0.01303	0.04316	0.02132	0.01583	0.15943	0.06745	0.02181	0.01625	0.01023	0.04287	0.03544	0.00787	0.00682	0.03505	0.00943
15	0.01707	0.22546	0.08987	0.16225	0.11113	0.09959	0.06799	0.02219	0.07601	0.01927	0.01275	0.01561	0.01029	0.00680	0.00675	0.00199	0.03707	0.00543	0.00347	0.00899
16	0.01108	0.01123	0.06169	0.18954	0.07751	0.02956	0.01195	0.01405	0.01458	0.01921	0.09611	0.30501	0.10354	0.01410	0.00776	0.00242	0.00607	0.01253	0.00511	0.00696

[dist]
# distance from previous block
# <min> <max>
0	1

[block]
# block no. 5 follows, 31 sequences, length 29
# corresponding to MSA columns:
# 249-277
name=unknown_F
#
# <colnr> <probs for GDERKNQSTAVLIFYWHMCP>
#	G	D	E	R	K	N	Q	S	T	A	V	L	I	F	Y	W	H	M	C	P
0	0.00974	0.00773	0.00886	0.00805	0.01050	0.00660	0.00598	0.01203	0.01616	0.02166	0.27639	0.05091	0.32110	0.08096	0.01001	0.00244	0.00392	0.01172	0.00620	0.12902
1	0.62768	0.01669	0.12139	0.01179	0.03793	0.01524	0.01071	0.02093	0.01253	0.05799	0.01079	0.01232	0.00811	0.00645	0.00477	0.00212	0.00615	0.00412	0.00418	0.00811
2	0.80789	0.01323	0.01006	0.00900	0.01323	0.01535	0.00741	0.02011	0.01164	0.03070	0.00953	0.01111	0.00741	0.00635	0.00423	0.00212	0.00529	0.00370	0.00423	0.00741
3	0.01876	0.02226	0.16440	0.10624	0.13221	0.14453	0.07238	0.07108	0.05024	0.07393	0.01429	0.01652	0.01073	0.00681	0.00662	0.00201	0.00911	0.00573	0.00412	0.06803
4	0.00977	0.00733	0.01100	0.01100	0.01222	0.00855	0.00855	0.01222	0.01100	0.01588	0.01833	0.02688	0.01710	0.05131	0.73245	0.01100	0.01833	0.00733	0.00367	0.00611
5	0.01188	0.00594	0.00891	0.00891	0.00891	0.00594	0.00594	0.00891	0.00891	0.01188	0.01188	0.02080	0.01188	0.02377	0.02674	0.80095	0.00594	0.00594	0.00297	0.00297
6	0.01836	0.04904	0.24441	0.05620	0.15122	0.08677	0.08371	0.15650	0.04358	0.02549	0.01366	0.01593	0.01029	0.00685	0.00670	0.00208	0.00928	0.00579	0.00404	0.01012
7	0.01809	0.03867	0.03945	0.13562	0.18060	0.16970	0.03975	0.06718	0.07456	0.02166	0.04823	0.01815	0.01337	0.00791	0.00859	0.00216	0.09710	0.00616	0.00403	0.00902
8	0.00984	0.00808	0.01093	0.01369	0.11933	0.00748	0.00842	0.01198	0.01516	0.01985	0.12371	0.29886	0.26819	0.01670	0.00816	0.00245	0.00445	0.04012	0.00603	0.00658
9	0.01074	0.00898	0.01101	0.01113	0.01235	0.06219	0.00839	0.01284	0.01191	0.01609	0.02087	0.13921	0.02114	0.07084	0.53899	0.00886	0.01520	0.00909	0.00409	0.00608
10	0.01923	0.03879	0.18691	0.08066	0.12952	0.01492	0.09308	0.06484	0.05619	0.18785	0.01813	0.04936	0.01358	0.00772	0.00692	0.00217	0.00813	0.00685	0.00497	0.01018
11	0.07022	0.05217	0.02017	0.05466	0.15582	0.26084	0.01407	0.04322	0.15773	0.02197	0.01551	0.01859	0.01276	0.00789	0.00716	0.00208	0.04260	0.02908	0.00436	0.00909
12	0.01265	0.01150	0.01885	0.59565	0.07307	0.01392	0.01680	0.01648	0.01319	0.01706	0.01365	0.02228	0.01164	0.12332	0.01117	0.00294	0.00869	0.00668	0.00323	0.00722
13	0.01620	0.21043	0.29943	0.01797	0.07496	0.06754	0.05182	0.02080	0.01450	0.04494	0.01315	0.01711	0.01093	0.06715	0.04305	0.00273	0.00946	0.00545	0.00335	0.00904
14	0.01692	0.01873	0.13610	0.07190	0.21117	0.03531	0.14352	0.04901	0.09204	0.07161	0.01751	0.07428	0.01442	0.00794	0.00714	0.00221	0.00846	0.00751	0.00441	0.00982
15	0.00990	0.00681	0.00835	0.00835	0.00866	0.00712	0.00526	0.01052	0.01021	0.01393	0.02074	0.04025	0.02291	0.58071	0.21099	0.00773	0.00959	0.00929	0.00402	0.00464
16	0.00989	0.00717	0.01043	0.01043	0.01144	0.00818	0.00785	0.01177	0.01076	0.01535	0.01846	0.02895	0.01789	0.14323	0.60835	0.04660	0.01622	0.00761	0.00370	0.00571
17	0.01744	0.42225	0.16666	0.01596	0.04406	0.07125	0.04462	0.02170	0.04693	0.01831	0.01125	0.01326	0.00949	0.00669	0.00666	0.00183	0.06476	0.00462	0.00319	0.00907
18	0.01527	0.01448	0.02420	0.33235	0.40690	0.01585	0.01971	0.02022	0.04574	0.02061	0.01325	0.01786	0.01057	0.00655	0.00681	0.00215	0.00842	0.00616	0.00340	0.00949
19	0.00993	0.00672	0.00790	0.00790	0.00806	0.00687	0.00470	0.01023	0.01008	0.01359	0.02115	0.04253	0.02390	0.67096	0.12210	0.00718	0.00810	0.00962	0.00409	0.00439
20	0.00817	0.00693	0.00704	0.00702	0.00929	0.00581	0.00526	0.00998	0.01579	0.01894	0.10225	0.06509	0.68088	0.01716	0.00808	0.00230	0.00345	0.01433	0.00641	0.00581
21	0.01769	0.01674	0.08975	0.22045	0.32352	0.01565	0.04391	0.06885	0.01660	0.09943	0.01447	0.01777	0.01089	0.00673	0.00683	0.00213	0.00841	0.00616	0.00405	0.00999
22	0.02253	0.02580	0.02002	0.05608	0.04911	0.44263	0.01400	0.09934	0.04421	0.02033	0.01177	0.01421	0.00970	0.00803	0.00904	0.00206	0.13362	0.00514	0.00390	0.00847
23	0.01275	0.00638	0.00638	0.00638	0.00797	0.00638	0.00478	0.01594	0.01435	0.02551	0.02232	0.02551	0.01754	0.00797	0.00478	0.00159	0.00319	0.00638	0.79755	0.00638
24	0.02454	0.03091	0.01954	0.01766	0.02084	0.66377	0.01339	0.02628	0.01853	0.01672	0.01042	0.01259	0.00883	0.00752	0.00773	0.00188	0.08293	0.00456	0.00347	0.00789
25	0.01841	0.01539	0.01625	0.01420	0.01832	0.01767	0.01117	0.13817	0.60045	0.03086	0.02608	0.02412	0.01945	0.00912	0.00694	0.00228	0.00574	0.00749	0.00694	0.01095
26	0.01693	0.01626	0.02777	0.04199	0.71689	0.01626	0.02100	0.02100	0.01558	0.02235	0.01287	0.01693	0.01084	0.00610	0.00677	0.00203	0.00813	0.00610	0.00339	0.01084
27	0.01459	0.01847	0.11561	0.02407	0.03051	0.01519	0.49445	0.02002	0.01613	0.02196	0.07164	0.02507	0.08313	0.00760	0.00789	0.00228	0.00995	0.00866	0.00398	0.00879
28	0.01395	0.07178	0.68973	0.01911	0.02901	0.01645	0.02460	0.02161	0.01442	0.02139	0.01214	0.01427	0.00867	0.00647	0.00639	0.00213	0.00997	0.00499	0.00289	0.01004

[dist]
# distance from previous block
# <min> <max>
11	32

[block]
# block no. 6 follows, 31 sequences, length 32
# corresponding to MSA columns:
# 310-341
name=unknown_G
#
# <colnr> <probs for GDERKNQSTAVLIFYWHMCP>
#	G	D	E	R	K	N	Q	S	T	A	V	L	I	F	Y	W	H	M	C	P
0	0.02556	0.03261	0.01939	0.01763	0.02115	0.73210	0.01322	0.02732	0.01939	0.01674	0.01058	0.01234	0.00881	0.00705	0.00617	0.00176	0.01234	0.00441	0.00353	0.00793
1	0.00851	0.00708	0.00802	0.05022	0.01161	0.00633	0.00626	0.01041	0.01533	0.01883	0.10205	0.17106	0.52604	0.01715	0.00811	0.00237	0.00386	0.01461	0.00624	0.00589
2	0.00913	0.00764	0.00772	0.00744	0.00994	0.00667	0.00565	0.04957	0.01656	0.01991	0.06623	0.06297	0.67330	0.01680	0.00801	0.00230	0.00370	0.01396	0.00638	0.00612
3	0.01829	0.76368	0.03585	0.01171	0.01756	0.02707	0.01171	0.02049	0.01390	0.01610	0.00951	0.01097	0.00878	0.00585	0.00439	0.00146	0.00732	0.00366	0.00293	0.00878
4	0.01694	0.01619	0.02727	0.04086	0.68859	0.01629	0.02058	0.02162	0.04347	0.02260	0.01348	0.01728	0.01124	0.00622	0.00678	0.00204	0.00802	0.00616	0.00353	0.01084
5	0.01689	0.01699	0.01553	0.06511	0.04556	0.16957	0.01124	0.02749	0.35196	0.02312	0.03027	0.02945	0.14791	0.01003	0.00699	0.00218	0.00691	0.00810	0.00569	0.00902
6	0.02638	0.01775	0.01977	0.01523	0.02047	0.01934	0.01258	0.55845	0.02926	0.15544	0.01791	0.01752	0.01242	0.00840	0.00743	0.00210	0.03484	0.00627	0.00697	0.01148
7	0.00834	0.00595	0.00794	0.00953	0.00992	0.00556	0.00635	0.00953	0.01310	0.01746	0.03771	0.75510	0.04525	0.02143	0.00873	0.00278	0.00397	0.01945	0.00635	0.00556
8	0.00834	0.00595	0.00794	0.00953	0.00992	0.00556	0.00635	0.00953	0.01310	0.01746	0.03771	0.75510	0.04525	0.02143	0.00873	0.00278	0.00397	0.01945	0.00635	0.00556
9	0.02075	0.04709	0.01857	0.01563	0.01931	0.24796	0.01227	0.11374	0.31327	0.02509	0.01852	0.01869	0.01435	0.00855	0.00800	0.00214	0.07493	0.00617	0.00534	0.00963
10	0.01355	0.05239	0.65194	0.01843	0.02772	0.01548	0.02341	0.02086	0.01444	0.02141	0.03872	0.01688	0.01137	0.03554	0.00759	0.00232	0.00965	0.00548	0.00311	0.00971
11	0.01553	0.01536	0.01915	0.05857	0.02046	0.14085	0.11693	0.03646	0.01465	0.04225	0.01838	0.16537	0.01817	0.01833	0.13589	0.00392	0.13904	0.00899	0.00424	0.00747
12	0.01505	0.15646	0.46180	0.01947	0.02805	0.01809	0.13315	0.02214	0.04457	0.02105	0.01274	0.01500	0.00950	0.00639	0.00642	0.00208	0.00966	0.00543	0.00317	0.00977
13	0.01292	0.01216	0.02052	0.74312	0.04712	0.01520	0.01900	0.01748	0.01368	0.01748	0.01216	0.01824	0.00912	0.00684	0.00684	0.00228	0.00912	0.00608	0.00304	0.00760
14	0.00834	0.00595	0.00794	0.00953	0.00992	0.00556	0.00635	0.00953	0.01310	0.01746	0.03771	0.75510	0.04525	0.02143	0.00873	0.00278	0.00397	0.01945	0.00635	0.00556
15	0.01462	0.01370	0.02095	0.61324	0.10465	0.05677	0.01854	0.01891	0.01438	0.04184	0.01264	0.01795	0.00952	0.00684	0.00680	0.00222	0.00911	0.00601	0.00328	0.00805
16	0.00844	0.00638	0.00753	0.00836	0.00939	0.00576	0.00568	0.00968	0.01360	0.01732	0.04689	0.42705	0.27825	0.10875	0.01164	0.00308	0.00411	0.01654	0.00609	0.00546
17	0.00977	0.00700	0.00922	0.00922	0.00995	0.00756	0.00642	0.01109	0.01074	0.01483	0.02213	0.03671	0.05284	0.36741	0.38603	0.00864	0.01239	0.00883	0.00400	0.00521
18	0.01212	0.01091	0.04275	0.01195	0.01409	0.04334	0.00965	0.05871	0.07207	0.01948	0.02348	0.12967	0.04422	0.03445	0.40645	0.00714	0.01295	0.03487	0.00467	0.00704
19	0.13134	0.01537	0.01654	0.01349	0.01826	0.01673	0.01094	0.25751	0.23455	0.18162	0.02126	0.01997	0.01505	0.00834	0.00653	0.00216	0.00620	0.00646	0.00687	0.01081
20	0.00989	0.00688	0.00871	0.00871	0.00914	0.00731	0.00570	0.01075	0.01032	0.01419	0.02041	0.03844	0.02213	0.50915	0.28148	0.00818	0.01077	0.00902	0.00398	0.00484
21	0.01150	0.00681	0.00914	0.01001	0.01112	0.00626	0.00704	0.01297	0.01409	0.11404	0.03618	0.62894	0.04115	0.01956	0.00851	0.00270	0.00431	0.04262	0.00664	0.00642
22	0.01783	0.01869	0.02747	0.09282	0.47297	0.12543	0.10259	0.02179	0.01608	0.02105	0.01258	0.01652	0.01033	0.00626	0.00685	0.00204	0.00927	0.00608	0.00339	0.00994
23	0.01041	0.00757	0.00926	0.00900	0.00913	0.00831	0.00581	0.01085	0.01023	0.01402	0.02053	0.06760	0.02323	0.58360	0.09848	0.00650	0.08702	0.00965	0.00406	0.00474
24	0.01829	0.76368	0.03585	0.01171	0.01756	0.02707	0.01171	0.02049	0.01390	0.01610	0.00951	0.01097	0.00878	0.00585	0.00439	0.00146	0.00732	0.00366	0.00293	0.00878
25	0.00856	0.00605	0.00787	0.00924	0.00958	0.00571	0.00604	0.00958	0.01266	0.01688	0.03547	0.65662	0.04242	0.12377	0.01235	0.00331	0.00434	0.01813	0.00604	0.00536
26	0.01621	0.25432	0.33710	0.01916	0.10633	0.06378	0.01873	0.02179	0.04161	0.01988	0.01277	0.03621	0.01054	0.00684	0.00595	0.00193	0.00879	0.00525	0.00326	0.00955
27	0.01452	0.04240	0.11611	0.11646	0.11606	0.01509	0.21092	0.03519	0.01469	0.02076	0.01436	0.01914	0.01157	0.01385	0.12505	0.00360	0.03643	0.00666	0.05855	0.00861
28	0.01198	0.00649	0.00672	0.00666	0.00833	0.00633	0.00500	0.01503	0.01500	0.02503	0.09946	0.03210	0.08987	0.00951	0.00545	0.00172	0.00322	0.00779	0.63799	0.00633
29	0.01368	0.00728	0.00737	0.00703	0.00890	0.00742	0.00536	0.06360	0.01560	0.02674	0.02190	0.02487	0.01712	0.00799	0.00493	0.00163	0.00349	0.00636	0.74197	0.00675
30	0.61323	0.11620	0.01530	0.01071	0.01520	0.07308	0.03169	0.02079	0.01271	0.02734	0.00975	0.01144	0.00780	0.00632	0.00454	0.00201	0.00633	0.00390	0.00398	0.00770
31	0.01060	0.00735	0.00926	0.00911	0.01007	0.00740	0.00622	0.01176	0.01187	0.04040	0.04956	0.16758	0.05890	0.34665	0.15819	0.00588	0.02860	0.01095	0.00479	0.04490

[dist]
# distance from previous block
# <min> <max>
0	20

[block]
# block no. 7 follows, 31 sequences, length 15
# corresponding to MSA columns:
# 362-376
name=unknown_H
#
# <colnr> <probs for GDERKNQSTAVLIFYWHMCP>
#	G	D	E	R	K	N	Q	S	T	A	V	L	I	F	Y	W	H	M	C	P
0	0.02004	0.01368	0.01731	0.01419	0.04519	0.01313	0.04758	0.17659	0.07814	0.17094	0.05833	0.02294	0.05311	0.00939	0.02776	0.00212	0.00649	0.00681	0.00608	0.21018
1	0.65707	0.01325	0.01139	0.00977	0.01422	0.01481	0.00805	0.05159	0.01373	0.13490	0.01245	0.01317	0.00902	0.00675	0.00475	0.00211	0.00547	0.00429	0.00498	0.00823
2	0.80789	0.01323	0.01006	0.00900	0.01323	0.01535	0.00741	0.02011	0.01164	0.03070	0.00953	0.01111	0.00741	0.00635	0.00423	0.00212	0.00529	0.00370	0.00423	0.00741
3	0.02601	0.01916	0.02053	0.01574	0.02122	0.02122	0.01300	0.69408	0.03217	0.04312	0.01643	0.01643	0.01163	0.00821	0.00684	0.00205	0.00753	0.00616	0.00684	0.01163
4	0.01702	0.01470	0.01547	0.01392	0.01779	0.01702	0.01083	0.03635	0.70453	0.02862	0.02785	0.02553	0.02088	0.00928	0.00696	0.00232	0.00541	0.00773	0.00696	0.01083
5	0.07776	0.01209	0.01574	0.01215	0.01738	0.01090	0.01003	0.06370	0.01969	0.64758	0.02543	0.02222	0.01611	0.00833	0.00672	0.00211	0.00587	0.00665	0.00813	0.01138
6	0.02501	0.01867	0.01997	0.01554	0.02084	0.02075	0.01276	0.62143	0.10643	0.04152	0.01769	0.01743	0.01266	0.00833	0.00686	0.00208	0.00729	0.00633	0.00686	0.01155
7	0.02601	0.01916	0.02053	0.01574	0.02122	0.02122	0.01300	0.69408	0.03217	0.04312	0.01643	0.01643	0.01163	0.00821	0.00684	0.00205	0.00753	0.00616	0.00684	0.01163
8	0.00858	0.00696	0.00765	0.00770	0.00976	0.00603	0.00584	0.01067	0.01624	0.02030	0.19105	0.09117	0.52026	0.01694	0.00819	0.00235	0.00361	0.05418	0.00658	0.00593
9	0.00984	0.00666	0.00784	0.00793	0.00808	0.00676	0.00471	0.01015	0.01023	0.01377	0.02217	0.08393	0.02528	0.64667	0.10261	0.00684	0.00764	0.01024	0.00422	0.00442
10	0.00842	0.00643	0.00774	0.00851	0.00972	0.00575	0.00596	0.01006	0.01477	0.01910	0.13523	0.42559	0.27996	0.01905	0.00842	0.00254	0.00370	0.01680	0.00650	0.00575
11	0.02022	0.01572	0.01722	0.01435	0.01859	0.01775	0.01153	0.34674	0.27949	0.03363	0.02097	0.02138	0.01590	0.01508	0.11575	0.00349	0.00836	0.00692	0.00641	0.01051
12	0.02036	0.01465	0.01695	0.05492	0.01995	0.01448	0.01090	0.23577	0.11367	0.11951	0.01753	0.01783	0.01288	0.00717	0.00622	0.00173	0.00622	0.00570	0.00584	0.29773
13	0.00980	0.00711	0.01029	0.01038	0.01135	0.00804	0.00776	0.01164	0.01089	0.01547	0.01953	0.06878	0.01941	0.13855	0.57478	0.04288	0.01554	0.00827	0.00384	0.00570
14	0.04893	0.46516	0.08308	0.01444	0.04320	0.12237	0.01318	0.02086	0.01445	0.01751	0.01188	0.01374	0.03160	0.00697	0.00646	0.00176	0.06814	0.00449	0.00319	0.00858

[dist]
# distance from previous block
# <min> <max>
1	8

[block]
# block no. 8 follows, 31 sequences, length 57
# corresponding to MSA columns:
# 385-441
name=unknown_I
#
# <colnr> <probs for GDERKNQSTAVLIFYWHMCP>
#	G	D	E	R	K	N	Q	S	T	A	V	L	I	F	Y	W	H	M	C	P
0	0.12533	0.18399	0.07731	0.03272	0.03674	0.05873	0.03952	0.05192	0.01522	0.03822	0.05013	0.17391	0.02072	0.01169	0.02653	0.00239	0.00716	0.03524	0.00459	0.00795
1	0.01888	0.01517	0.05201	0.01781	0.13506	0.01448	0.01271	0.26678	0.02145	0.06613	0.02121	0.06833	0.04776	0.00937	0.00681	0.00204	0.00657	0.05255	0.06780	0.09708
2	0.01441	0.09556	0.01586	0.01226	0.01430	0.12433	0.02886	0.03470	0.03391	0.01708	0.02125	0.07091	0.06580	0.21752	0.10956	0.00453	0.08223	0.02610	0.00421	0.00662
3	0.01798	0.71388	0.08292	0.01224	0.01838	0.02631	0.01263	0.02057	0.01394	0.01648	0.00970	0.01121	0.00877	0.00590	0.00453	0.00151	0.00751	0.00375	0.00292	0.00887
4	0.01525	0.25604	0.47601	0.01766	0.02629	0.01937	0.05886	0.02132	0.01438	0.01999	0.01152	0.01362	0.00880	0.00626	0.00595	0.00196	0.00934	0.00480	0.00293	0.00966
5	0.02564	0.01809	0.01966	0.01526	0.02057	0.01983	0.01254	0.57600	0.09040	0.10344	0.01839	0.01785	0.01293	0.00833	0.00686	0.00208	0.00719	0.00636	0.00700	0.01156
6	0.01021	0.00658	0.00786	0.00786	0.00793	0.00665	0.00464	0.00993	0.00986	0.01322	0.02003	0.04043	0.02263	0.61740	0.07316	0.11710	0.00720	0.00924	0.00396	0.00409
7	0.00954	0.00672	0.00754	0.00762	0.00821	0.00645	0.00473	0.01015	0.01176	0.01526	0.06092	0.07282	0.16813	0.53232	0.02669	0.00534	0.00575	0.03049	0.00487	0.00468
8	0.00986	0.00714	0.00868	0.00827	0.01023	0.00638	0.00628	0.01257	0.01803	0.04633	0.46069	0.05579	0.27675	0.01505	0.00807	0.00223	0.00347	0.03063	0.00714	0.00639
9	0.02120	0.20143	0.07421	0.04749	0.02077	0.12886	0.01309	0.18632	0.05466	0.09751	0.01519	0.01648	0.01167	0.01105	0.06844	0.00267	0.00912	0.00545	0.00482	0.00956
10	0.01561	0.01301	0.01561	0.01167	0.01684	0.01162	0.00945	0.06391	0.01507	0.04456	0.01247	0.01473	0.01029	0.00635	0.00766	0.00139	0.10822	0.00455	0.00423	0.61277
11	0.01968	0.02242	0.16487	0.07686	0.06126	0.12521	0.08952	0.15032	0.08941	0.07222	0.01555	0.01707	0.01145	0.00718	0.00673	0.00206	0.00893	0.00597	0.00467	0.04861
12	0.57338	0.01560	0.06073	0.01090	0.01569	0.01609	0.00959	0.14653	0.01586	0.03191	0.01349	0.01461	0.03760	0.00717	0.00504	0.00212	0.00597	0.00470	0.00472	0.00832
13	0.00832	0.00602	0.00787	0.00935	0.00988	0.00557	0.00627	0.00955	0.01327	0.01753	0.03987	0.70797	0.09099	0.02115	0.00869	0.00275	0.00393	0.01911	0.00635	0.00557
14	0.00856	0.00605	0.00787	0.00924	0.00958	0.00571	0.00604	0.00958	0.01266	0.01688	0.03546	0.65624	0.04241	0.12416	0.01236	0.00331	0.00434	0.01813	0.00604	0.00536
15	0.01693	0.01626	0.02777	0.04199	0.71689	0.01626	0.02100	0.02100	0.01558	0.02235	0.01287	0.01693	0.01084	0.00610	0.00677	0.00203	0.00813	0.00610	0.00339	0.01084
16	0.00834	0.00595	0.00794	0.00953	0.00992	0.00556	0.00635	0.00953	0.01310	0.01746	0.03771	0.75510	0.04525	0.02143	0.00873	0.00278	0.00397	0.01945	0.00635	0.00556
17	0.01045	0.00724	0.00896	0.00838	0.01037	0.00648	0.00634	0.01326	0.01842	0.06381	0.51102	0.05331	0.22737	0.01453	0.00801	0.00219	0.00343	0.01259	0.00728	0.00657
18	0.00955	0.00699	0.00896	0.00847	0.01014	0.00640	0.00635	0.01266	0.01906	0.02670	0.66043	0.05231	0.11786	0.01426	0.00807	0.00216	0.00325	0.01254	0.00743	0.00640
19	0.01702	0.01470	0.01547	0.01392	0.01779	0.01702	0.01083	0.03635	0.70453	0.02862	0.02785	0.02553	0.02088	0.00928	0.00696	0.00232	0.00541	0.00773	0.00696	0.01083
20	0.01615	0.01845	0.04037	0.02884	0.03576	0.01730	0.69204	0.02191	0.01615	0.02191	0.01384	0.01845	0.01038	0.00577	0.00807	0.00231	0.01153	0.00807	0.00346	0.00923
21	0.00952	0.00699	0.00892	0.00844	0.01012	0.00639	0.00633	0.01260	0.01898	0.02653	0.64817	0.05259	0.13022	0.01432	0.00807	0.00217	0.00325	0.01258	0.00741	0.00639
22	0.80789	0.01323	0.01006	0.00900	0.01323	0.01535	0.00741	0.02011	0.01164	0.03070	0.00953	0.01111	0.00741	0.00635	0.00423	0.00212	0.00529	0.00370	0.00423	0.00741
23	0.01829	0.76368	0.03585	0.01171	0.01756	0.02707	0.01171	0.02049	0.01390	0.01610	0.00951	0.01097	0.00878	0.00585	0.00439	0.00146	0.00732	0.00366	0.00293	0.00878
24	0.02183	0.01683	0.01799	0.01478	0.01948	0.01892	0.01189	0.36225	0.35350	0.05381	0.02216	0.02096	0.01620	0.00873	0.00690	0.00218	0.00647	0.00693	0.00694	0.01125
25	0.01600	0.01530	0.02608	0.20554	0.56065	0.01601	0.02053	0.02018	0.01514	0.02121	0.01270	0.01724	0.01044	0.00627	0.00679	0.00209	0.00836	0.00609	0.00331	0.01008
26	0.00932	0.00715	0.00763	0.00739	0.00974	0.00606	0.00558	0.01129	0.01627	0.05159	0.15208	0.06197	0.59702	0.01648	0.00803	0.00228	0.00354	0.01382	0.00660	0.00613
27	0.00846	0.00674	0.00758	0.00780	0.00958	0.00587	0.00569	0.01038	0.01584	0.02007	0.19209	0.20397	0.44682	0.01750	0.00821	0.00237	0.00352	0.01505	0.00659	0.00587
28	0.00828	0.00618	0.00771	0.00893	0.00977	0.00561	0.00609	0.00959	0.01367	0.01770	0.04498	0.59636	0.19929	0.02049	0.00858	0.00267	0.00385	0.01830	0.00635	0.00561
29	0.01275	0.00638	0.00638	0.00638	0.00797	0.00638	0.00478	0.01594	0.01435	0.02551	0.02232	0.02551	0.01754	0.00797	0.00478	0.00159	0.00319	0.00638	0.79755	0.00638
30	0.01829	0.76368	0.03585	0.01171	0.01756	0.02707	0.01171	0.02049	0.01390	0.01610	0.00951	0.01097	0.00878	0.00585	0.00439	0.00146	0.00732	0.00366	0.00293	0.00878
31	0.01954	0.01768	0.02873	0.05799	0.26316	0.01815	0.21241	0.24316	0.02114	0.02888	0.01429	0.01726	0.01090	0.00673	0.00718	0.00213	0.00896	0.00669	0.00453	0.01050
32	0.02361	0.18268	0.02388	0.01685	0.02112	0.51548	0.04603	0.05911	0.01873	0.01819	0.01081	0.01256	0.00902	0.00680	0.00593	0.00174	0.01102	0.00452	0.00356	0.00836
33	0.80789	0.01323	0.01006	0.00900	0.01323	0.01535	0.00741	0.02011	0.01164	0.03070	0.00953	0.01111	0.00741	0.00635	0.00423	0.00212	0.00529	0.00370	0.00423	0.00741
34	0.00858	0.00745	0.00874	0.00822	0.01062	0.00637	0.03885	0.01057	0.01571	0.01910	0.10144	0.09729	0.60945	0.01678	0.00812	0.00232	0.00387	0.01426	0.00628	0.00597
35	0.03070	0.01164	0.01588	0.01217	0.01746	0.01006	0.01006	0.03334	0.01958	0.72163	0.02699	0.02329	0.01694	0.00847	0.00688	0.00212	0.00582	0.00688	0.00847	0.01164
36	0.01497	0.01497	0.02095	0.01796	0.01796	0.02095	0.01497	0.01646	0.01048	0.01646	0.00898	0.01497	0.00898	0.01197	0.02245	0.00299	0.74704	0.00599	0.00299	0.00748
37	0.02447	0.02025	0.01911	0.03524	0.02098	0.16645	0.01235	0.39626	0.02569	0.09153	0.01545	0.01592	0.01124	0.00756	0.00648	0.00187	0.00812	0.00559	0.00584	0.10959
38	0.00834	0.00595	0.00794	0.00953	0.00992	0.00556	0.00635	0.00953	0.01310	0.01746	0.03771	0.75510	0.04525	0.02143	0.00873	0.00278	0.00397	0.01945	0.00635	0.00556
39	0.01893	0.01435	0.01571	0.01342	0.01742	0.01591	0.01062	0.18286	0.40061	0.08009	0.12780	0.02712	0.02503	0.00969	0.00709	0.00222	0.00560	0.00801	0.00712	0.01041
40	0.01604	0.01518	0.02449	0.18811	0.40628	0.01622	0.05140	0.02318	0.14538	0.02246	0.01559	0.01891	0.01234	0.00684	0.00689	0.00215	0.00800	0.00650	0.00399	0.01005
41	0.01293	0.00966	0.01129	0.01006	0.01324	0.00898	0.00778	0.01849	0.14031	0.06999	0.17922	0.11010	0.16637	0.01259	0.00732	0.00209	0.00443	0.04162	0.00639	0.16714
42	0.01497	0.01497	0.02095	0.01796	0.01796	0.02095	0.01497	0.01646	0.01048	0.01646	0.00898	0.01497	0.00898	0.01197	0.02245	0.00299	0.74704	0.00599	0.00299	0.00748
43	0.01699	0.01747	0.02073	0.01778	0.01856	0.11164	0.01463	0.05885	0.01293	0.01811	0.00963	0.01472	0.00912	0.01112	0.01943	0.00278	0.60863	0.00580	0.00329	0.00779
44	0.01800	0.01181	0.01422	0.01075	0.01612	0.00973	0.00862	0.02219	0.06986	0.19283	0.05397	0.02076	0.03745	0.00706	0.00590	0.00148	0.00513	0.00577	0.00560	0.48276
45	0.02354	0.10357	0.02111	0.01542	0.02022	0.18394	0.01254	0.35651	0.14031	0.03166	0.01624	0.01642	0.01223	0.00787	0.00644	0.00197	0.00825	0.00575	0.00567	0.01034
46	0.02459	0.02089	0.06971	0.01683	0.02261	0.05533	0.05226	0.57752	0.02942	0.03916	0.01571	0.01621	0.01122	0.00790	0.00686	0.00206	0.00817	0.00611	0.00622	0.01121
47	0.02085	0.01795	0.06844	0.05885	0.07569	0.05712	0.01340	0.33755	0.05159	0.06595	0.01751	0.05734	0.01429	0.05974	0.00870	0.00237	0.00757	0.00691	0.00561	0.05255
