[name]
unknown

[dist]
# distance from previous block
# <min> <max>
0	10

[block]
# block no. 0 follows, 33 sequences, length 8
# corresponding to MSA columns:
# 10-17
name=unknown_A
#
# <colnr> <probs for GDERKNQSTAVLIFYWHMCP>
#	G	D	E	R	K	N	Q	S	T	A	V	L	I	F	Y	W	H	M	C	P
0	0.03596	0.08597	0.04190	0.12158	0.12083	0.06202	0.12797	0.08522	0.01604	0.03778	0.01743	0.05407	0.04106	0.00870	0.00771	0.00217	0.05391	0.06720	0.00409	0.00838
1	0.10502	0.07919	0.02116	0.16643	0.18240	0.09601	0.04162	0.06502	0.01537	0.02146	0.03923	0.01808	0.01219	0.00728	0.00707	0.00202	0.05370	0.02940	0.00373	0.03363
2	0.01070	0.00788	0.00957	0.00942	0.01104	0.00776	0.00697	0.08146	0.04042	0.02307	0.28015	0.25990	0.10709	0.06170	0.00946	0.00258	0.00420	0.05377	0.00645	0.00639
3	0.01493	0.01817	0.13899	0.27878	0.08005	0.06807	0.13464	0.01939	0.01414	0.04186	0.01293	0.01842	0.01031	0.00733	0.00837	0.00223	0.08875	0.03105	0.00331	0.00827
4	0.01255	0.00804	0.00974	0.00891	0.01123	0.00773	0.00685	0.01697	0.09277	0.11060	0.34234	0.04222	0.16361	0.01447	0.05007	0.00256	0.00452	0.01034	0.07731	0.00714
5	0.04945	0.14527	0.16619	0.06308	0.09059	0.06174	0.16488	0.04515	0.01484	0.02041	0.03743	0.01577	0.01099	0.00683	0.00770	0.00204	0.07985	0.00571	0.00336	0.00871
6	0.00932	0.00673	0.00880	0.00828	0.00984	0.00621	0.00621	0.01242	0.01863	0.02640	0.72410	0.04918	0.06212	0.01346	0.00776	0.00207	0.00311	0.01191	0.00725	0.00621
7	0.01578	0.12607	0.09292	0.01238	0.01597	0.09932	0.01086	0.06407	0.07452	0.06527	0.13616	0.07976	0.04908	0.07469	0.00969	0.00240	0.05029	0.00795	0.00498	0.00785

[dist]
# distance from previous block
# <min> <max>
4	8

[block]
# block no. 1 follows, 33 sequences, length 10
# corresponding to MSA columns:
# 26-35
name=unknown_B
#
# <colnr> <probs for GDERKNQSTAVLIFYWHMCP>
#	G	D	E	R	K	N	Q	S	T	A	V	L	I	F	Y	W	H	M	C	P
0	0.01912	0.05739	0.08625	0.10492	0.20375	0.26237	0.09088	0.02268	0.01613	0.05778	0.01221	0.01495	0.00958	0.00637	0.00634	0.00191	0.00967	0.00536	0.00348	0.00886
1	0.13821	0.08716	0.08668	0.12373	0.14574	0.17212	0.03083	0.04408	0.01515	0.02096	0.01107	0.01375	0.00887	0.00620	0.00571	0.00184	0.00835	0.00476	0.00345	0.07135
2	0.10882	0.01594	0.01951	0.04716	0.13437	0.01729	0.04082	0.35396	0.07962	0.06155	0.04488	0.01783	0.01352	0.00755	0.00640	0.00202	0.00691	0.00613	0.00560	0.01011
3	0.00942	0.00693	0.00994	0.00988	0.01095	0.00777	0.00745	0.01155	0.01134	0.01618	0.09605	0.03068	0.02247	0.13895	0.56920	0.00909	0.01457	0.00792	0.00400	0.00567
4	0.02119	0.01002	0.01315	0.01109	0.01479	0.00929	0.00901	0.02557	0.08969	0.41007	0.19792	0.03480	0.03024	0.01062	0.00718	0.00217	0.00500	0.08132	0.00755	0.00934
5	0.01213	0.01236	0.06101	0.01712	0.09564	0.02852	0.14080	0.03898	0.04404	0.02065	0.09666	0.32965	0.04811	0.01319	0.00767	0.00233	0.00628	0.01231	0.00516	0.00740
6	0.00940	0.00705	0.01058	0.01058	0.01176	0.00823	0.00823	0.01176	0.01058	0.01528	0.01763	0.02586	0.01646	0.04937	0.74255	0.01058	0.01763	0.00705	0.00353	0.00588
7	0.27503	0.01382	0.01476	0.14762	0.02091	0.04586	0.01117	0.06369	0.16849	0.02478	0.01441	0.01652	0.01126	0.00944	0.04193	0.00253	0.07261	0.00538	0.00443	0.03536
8	0.00929	0.00726	0.00812	0.00804	0.00967	0.00688	0.00573	0.01258	0.08345	0.01956	0.18987	0.13036	0.31604	0.14928	0.01231	0.00298	0.00407	0.01261	0.00603	0.00587
9	0.01542	0.10444	0.05719	0.05236	0.05038	0.03082	0.01183	0.12602	0.01646	0.04239	0.09583	0.09992	0.04727	0.01038	0.00956	0.00217	0.15828	0.00785	0.05348	0.00797

[dist]
# distance from previous block
# <min> <max>
0	24

[block]
# block no. 2 follows, 33 sequences, length 25
# corresponding to MSA columns:
# 60-84
name=unknown_C
#
# <colnr> <probs for GDERKNQSTAVLIFYWHMCP>
#	G	D	E	R	K	N	Q	S	T	A	V	L	I	F	Y	W	H	M	C	P
0	0.01457	0.01225	0.03770	0.01369	0.05642	0.03648	0.03711	0.06611	0.19272	0.07317	0.07128	0.14106	0.08958	0.05031	0.07409	0.00316	0.00678	0.00967	0.00570	0.00815
1	0.01505	0.01304	0.06817	0.07677	0.01802	0.03936	0.03450	0.12380	0.01546	0.05151	0.05173	0.02161	0.01503	0.06739	0.09859	0.14544	0.02836	0.00635	0.03061	0.07922
2	0.01570	0.18325	0.32818	0.04093	0.02433	0.10895	0.07565	0.02165	0.06514	0.01935	0.01491	0.01655	0.04405	0.00684	0.00604	0.00193	0.00889	0.00541	0.00336	0.00889
3	0.05305	0.01206	0.01827	0.03931	0.18499	0.01307	0.06771	0.04294	0.09943	0.05158	0.01656	0.02091	0.01382	0.02275	0.27974	0.00525	0.03955	0.00657	0.00413	0.00831
4	0.01388	0.01344	0.02089	0.10182	0.16443	0.01566	0.07724	0.01740	0.04616	0.01859	0.01656	0.07341	0.05388	0.00981	0.01236	0.00238	0.28433	0.00738	0.00366	0.04673
5	0.01297	0.00827	0.00968	0.00889	0.01114	0.00792	0.00673	0.09421	0.01749	0.09241	0.21639	0.15243	0.18265	0.03553	0.00796	0.00224	0.00408	0.01135	0.11073	0.00693
6	0.01168	0.01221	0.09564	0.05418	0.10635	0.01095	0.02699	0.01480	0.03645	0.01745	0.05775	0.06175	0.01887	0.15916	0.18848	0.04338	0.06551	0.00777	0.00383	0.00679
7	0.01421	0.01355	0.02284	0.40951	0.34513	0.01529	0.01898	0.01827	0.01385	0.01885	0.01188	0.01687	0.00950	0.00646	0.00715	0.00212	0.03794	0.00585	0.00307	0.00868
8	0.01243	0.01170	0.01975	0.75282	0.04534	0.01463	0.01828	0.01682	0.01316	0.01682	0.01170	0.01755	0.00878	0.00658	0.00658	0.00219	0.00878	0.00585	0.00293	0.00731
9	0.00951	0.00662	0.00837	0.00837	0.00878	0.00703	0.00548	0.01034	0.00993	0.01365	0.01965	0.03704	0.02131	0.51640	0.28217	0.00785	0.01033	0.00869	0.00383	0.00465
10	0.02423	0.01808	0.02000	0.04433	0.04630	0.02003	0.01301	0.65504	0.02971	0.03984	0.01553	0.01589	0.01108	0.00778	0.00658	0.00198	0.00732	0.00592	0.00633	0.01102
11	0.01486	0.28801	0.45252	0.01670	0.02483	0.01908	0.05927	0.02047	0.01381	0.01901	0.01098	0.01297	0.00847	0.00600	0.00564	0.00186	0.00888	0.00457	0.00282	0.00924
12	0.00957	0.00638	0.00718	0.00718	0.00718	0.00638	0.00399	0.00957	0.00957	0.01276	0.02074	0.04308	0.02393	0.76864	0.03351	0.00638	0.00638	0.00957	0.00399	0.00399
13	0.00909	0.00618	0.00792	0.00830	0.00923	0.00577	0.00580	0.00966	0.01285	0.01684	0.12915	0.25461	0.20687	0.03774	0.04858	0.20386	0.00480	0.01258	0.00528	0.00489
14	0.01675	0.07766	0.07290	0.07131	0.23599	0.04582	0.18532	0.02340	0.12788	0.05519	0.01515	0.01756	0.01168	0.00648	0.00664	0.00204	0.00839	0.00631	0.00398	0.00957
15	0.00814	0.00578	0.00760	0.00901	0.00936	0.00543	0.00595	0.00920	0.01237	0.01649	0.03507	0.70807	0.04201	0.07898	0.01036	0.00296	0.00402	0.01800	0.00595	0.00524
16	0.01524	0.01563	0.05769	0.14216	0.52397	0.01512	0.05919	0.01945	0.01486	0.02098	0.04329	0.01789	0.01231	0.00630	0.00664	0.00202	0.00803	0.00619	0.00337	0.00966
17	0.01686	0.01713	0.02499	0.07454	0.28183	0.10185	0.16324	0.05060	0.11735	0.02199	0.01572	0.04006	0.01302	0.00719	0.00686	0.00208	0.00851	0.02278	0.00405	0.00934
18	0.04968	0.22413	0.06397	0.05849	0.10861	0.13589	0.22912	0.02115	0.01502	0.01893	0.01125	0.01421	0.00913	0.00592	0.00609	0.00187	0.00931	0.00542	0.00318	0.00863
19	0.00843	0.00602	0.00809	0.00952	0.01011	0.00568	0.00671	0.00991	0.01323	0.01764	0.06830	0.63922	0.04366	0.01997	0.00846	0.00269	0.00408	0.10664	0.00616	0.00548
20	0.01224	0.02812	0.57391	0.05015	0.02587	0.01352	0.02076	0.01863	0.01382	0.02003	0.01840	0.09401	0.06547	0.00851	0.00660	0.00216	0.00861	0.00699	0.00337	0.00886
21	0.01673	0.01711	0.02163	0.16091	0.27298	0.15491	0.04674	0.05292	0.04238	0.01991	0.01308	0.01707	0.01077	0.01146	0.09026	0.00297	0.03012	0.00583	0.00354	0.00868
22	0.01468	0.06893	0.55212	0.01928	0.02798	0.04145	0.10838	0.05362	0.01506	0.02142	0.01200	0.01424	0.00869	0.00623	0.00635	0.00205	0.00972	0.00519	0.00305	0.00955
23	0.00991	0.00669	0.00786	0.00812	0.00906	0.00657	0.00559	0.01218	0.04357	0.01880	0.12778	0.18697	0.07652	0.26242	0.01588	0.00360	0.00461	0.05427	0.13416	0.00543
24	0.44154	0.03882	0.01633	0.03026	0.01805	0.15376	0.07897	0.07670	0.01512	0.06040	0.01118	0.01276	0.00852	0.00642	0.00519	0.00197	0.00732	0.00450	0.00421	0.00797

[dist]
# distance from previous block
# <min> <max>
0	2

[block]
# block no. 3 follows, 33 sequences, length 11
# corresponding to MSA columns:
# 87-97
name=unknown_D
#
# <colnr> <probs for GDERKNQSTAVLIFYWHMCP>
#	G	D	E	R	K	N	Q	S	T	A	V	L	I	F	Y	W	H	M	C	P
0	0.07695	0.04752	0.05743	0.01598	0.09181	0.01601	0.01231	0.27407	0.10330	0.11068	0.04785	0.02158	0.01586	0.00826	0.00640	0.00204	0.00647	0.03978	0.03582	0.00989
1	0.01481	0.08202	0.46951	0.01950	0.09842	0.01648	0.02031	0.05000	0.12402	0.02239	0.01417	0.01564	0.01051	0.00665	0.00622	0.00204	0.00853	0.00532	0.00359	0.00987
2	0.00865	0.00620	0.00734	0.00809	0.00919	0.00568	0.00568	0.01023	0.01358	0.01816	0.07140	0.38372	0.23603	0.06459	0.00940	0.00265	0.00382	0.04085	0.08931	0.00547
3	0.01365	0.01170	0.01365	0.00975	0.01560	0.00878	0.00780	0.01658	0.01365	0.02145	0.01170	0.01365	0.00975	0.00488	0.00488	0.00098	0.00488	0.00390	0.00390	0.80888
4	0.00942	0.00698	0.01023	0.01023	0.01128	0.00804	0.00779	0.01153	0.01048	0.01502	0.01796	0.02766	0.01724	0.12434	0.66865	0.01014	0.01646	0.00732	0.00357	0.00568
5	0.01540	0.29140	0.45023	0.01594	0.02399	0.01933	0.01910	0.05834	0.01466	0.02012	0.01110	0.01284	0.00854	0.00613	0.00556	0.00184	0.00865	0.00445	0.00300	0.00936
6	0.00853	0.00594	0.00749	0.00852	0.00878	0.00568	0.00542	0.00930	0.01162	0.01549	0.03121	0.52905	0.03714	0.26464	0.01659	0.00388	0.00466	0.01573	0.00542	0.00490
7	0.01467	0.01230	0.01420	0.01023	0.01603	0.00982	0.00822	0.07826	0.01520	0.02325	0.01207	0.01384	0.00988	0.00515	0.00503	0.00106	0.00509	0.00408	0.00414	0.73747
8	0.11965	0.05140	0.15810	0.01518	0.04001	0.05718	0.04128	0.16763	0.11859	0.05913	0.01498	0.01575	0.01113	0.00687	0.00594	0.00190	0.00725	0.00532	0.00475	0.09795
9	0.01411	0.01367	0.02399	0.42950	0.29182	0.01518	0.08034	0.01843	0.01404	0.01890	0.01209	0.01711	0.00948	0.00623	0.00666	0.00211	0.00864	0.00603	0.00308	0.00858
10	0.03829	0.01503	0.04079	0.14522	0.20413	0.04370	0.09774	0.02097	0.11421	0.02119	0.01505	0.04844	0.01249	0.00704	0.00678	0.00196	0.02503	0.00639	0.00393	0.13163

[dist]
# distance from previous block
# <min> <max>
4	22

[block]
# block no. 4 follows, 33 sequences, length 46
# corresponding to MSA columns:
# 120-165
name=unknown_E
#
# <colnr> <probs for GDERKNQSTAVLIFYWHMCP>
#	G	D	E	R	K	N	Q	S	T	A	V	L	I	F	Y	W	H	M	C	P
0	0.06072	0.01424	0.01945	0.23673	0.06282	0.04128	0.09026	0.12578	0.11445	0.04237	0.03380	0.02154	0.06313	0.00778	0.00661	0.00208	0.00743	0.00676	0.00464	0.03810
1	0.08186	0.01830	0.01816	0.15123	0.02398	0.14199	0.01290	0.31949	0.09055	0.05536	0.01502	0.01616	0.01103	0.00744	0.00630	0.00200	0.00790	0.00562	0.00524	0.00948
2	0.09566	0.06910	0.01756	0.01370	0.03695	0.05492	0.01090	0.33484	0.02174	0.08134	0.04822	0.01854	0.01410	0.01497	0.13460	0.00344	0.00879	0.00597	0.00543	0.00925
3	0.01103	0.11224	0.01109	0.00799	0.01018	0.00915	0.00624	0.01400	0.05059	0.02015	0.08589	0.13886	0.22568	0.04023	0.00739	0.00213	0.00403	0.01035	0.22646	0.00633
4	0.01798	0.61902	0.08215	0.01226	0.01808	0.02439	0.01229	0.08826	0.03956	0.01886	0.01061	0.01180	0.00912	0.00602	0.00469	0.00154	0.00719	0.00399	0.00332	0.00888
5	0.01612	0.06869	0.05026	0.01298	0.05408	0.03794	0.01035	0.12867	0.01666	0.02394	0.01280	0.03317	0.01069	0.00601	0.00538	0.00134	0.00601	0.00474	0.00421	0.49599
6	0.01784	0.37847	0.18200	0.01443	0.05596	0.01908	0.01404	0.02197	0.04004	0.12823	0.04074	0.01578	0.01241	0.00768	0.02374	0.00196	0.00749	0.00497	0.00398	0.00918
7	0.00920	0.00683	0.00863	0.00850	0.01018	0.00627	0.00658	0.01201	0.01745	0.02380	0.50118	0.05539	0.18784	0.01474	0.00795	0.00223	0.00356	0.10473	0.00686	0.00606
8	0.00862	0.00723	0.00755	0.00737	0.00962	0.00645	0.00556	0.01173	0.06774	0.01960	0.14674	0.05867	0.58862	0.01569	0.00770	0.00220	0.00345	0.01316	0.00630	0.00600
9	0.01542	0.19830	0.36940	0.02175	0.16650	0.04870	0.05153	0.02070	0.01428	0.01957	0.01132	0.01371	0.00887	0.00602	0.00590	0.00189	0.00888	0.00487	0.00294	0.00945
10	0.01502	0.11514	0.49955	0.01789	0.04221	0.01663	0.04523	0.05955	0.03019	0.04181	0.01269	0.01504	0.00951	0.02562	0.00717	0.00213	0.02668	0.00515	0.00330	0.00950
11	0.01243	0.01170	0.01975	0.75282	0.04534	0.01463	0.01828	0.01682	0.01316	0.01682	0.01170	0.01755	0.00878	0.00658	0.00658	0.00219	0.00878	0.00585	0.00293	0.00731
12	0.01494	0.01447	0.02524	0.27893	0.44898	0.01537	0.06817	0.01913	0.01442	0.01990	0.01222	0.01682	0.00984	0.00608	0.00663	0.00205	0.00837	0.00600	0.00315	0.00927
13	0.01089	0.01187	0.08780	0.04889	0.06746	0.02954	0.03539	0.01474	0.04816	0.02086	0.21950	0.07677	0.22677	0.03970	0.03050	0.00255	0.00571	0.01052	0.00540	0.00696
14	0.12555	0.01769	0.11734	0.06730	0.31795	0.01566	0.14234	0.02134	0.07080	0.02268	0.01316	0.01621	0.01031	0.00618	0.00639	0.00207	0.00813	0.00589	0.00358	0.00943
15	0.00802	0.00573	0.00764	0.00917	0.00955	0.00535	0.00611	0.00917	0.01260	0.01681	0.03628	0.76434	0.04354	0.02062	0.00840	0.00267	0.00382	0.01872	0.00611	0.00535
16	0.09180	0.01641	0.13975	0.12450	0.02307	0.01380	0.01361	0.07932	0.13467	0.26724	0.01924	0.01902	0.01322	0.00752	0.00633	0.00210	0.00681	0.00601	0.00571	0.00987
17	0.01622	0.05662	0.06946	0.18886	0.26996	0.08723	0.07030	0.07113	0.01617	0.02112	0.03988	0.01833	0.03221	0.00685	0.00652	0.00200	0.00842	0.00612	0.00363	0.00895
18	0.00957	0.00638	0.00718	0.00718	0.00718	0.00638	0.00399	0.00957	0.00957	0.01276	0.02074	0.04308	0.02393	0.76864	0.03351	0.00638	0.00638	0.00957	0.00399	0.00399
19	0.00820	0.00586	0.00784	0.00929	0.00977	0.00550	0.00635	0.00952	0.01297	0.01732	0.06256	0.70108	0.04396	0.02022	0.00841	0.00267	0.00391	0.05299	0.00615	0.00542
20	0.06828	0.01449	0.01591	0.05431	0.05075	0.11399	0.02633	0.11674	0.07042	0.02153	0.01514	0.01982	0.01297	0.04462	0.25349	0.00506	0.07812	0.00616	0.00414	0.00774
21	0.01658	0.60121	0.19695	0.01300	0.01959	0.02355	0.01429	0.01998	0.01350	0.01673	0.00977	0.01134	0.00842	0.00578	0.00470	0.00157	0.00766	0.00383	0.00281	0.00875
22	0.00869	0.00629	0.00836	0.00977	0.01059	0.00595	0.00723	0.01037	0.01345	0.01764	0.03807	0.53114	0.09051	0.01970	0.00854	0.00274	0.00438	0.19492	0.00610	0.00555
23	0.00821	0.00591	0.00804	0.00936	0.00985	0.00574	0.00640	0.00952	0.01233	0.01660	0.03372	0.66266	0.03981	0.02458	0.10949	0.00376	0.00572	0.01711	0.00576	0.00542
24	0.02459	0.03138	0.01866	0.01696	0.02035	0.74221	0.01272	0.02629	0.01866	0.01611	0.01018	0.01187	0.00848	0.00678	0.00594	0.00170	0.01187	0.00424	0.00339	0.00763
25	0.01810	0.71987	0.03337	0.01167	0.01714	0.07699	0.01137	0.02018	0.01375	0.01553	0.00923	0.01065	0.00845	0.00571	0.00435	0.00143	0.00738	0.00357	0.00286	0.00839
26	0.02329	0.01751	0.01976	0.11672	0.02385	0.01962	0.01331	0.61078	0.02850	0.03809	0.01524	0.01605	0.01086	0.00772	0.00659	0.00201	0.00746	0.00592	0.00608	0.01066
27	0.00957	0.00638	0.00718	0.00718	0.00718	0.00638	0.00399	0.00957	0.00957	0.01276	0.02074	0.04308	0.02393	0.76864	0.03351	0.00638	0.00638	0.00957	0.00399	0.00399
28	0.01726	0.71533	0.08878	0.01185	0.01780	0.02521	0.01228	0.01980	0.01342	0.01590	0.00936	0.01082	0.00844	0.00568	0.00438	0.00146	0.00725	0.00362	0.00281	0.00855
29	0.01721	0.01370	0.01489	0.01276	0.01643	0.01527	0.01008	0.21404	0.37576	0.03112	0.17590	0.02753	0.02682	0.00964	0.00690	0.00213	0.00531	0.00800	0.00679	0.00971
30	0.01474	0.01405	0.02391	0.32782	0.45234	0.01523	0.01943	0.01884	0.01425	0.01962	0.01211	0.01680	0.00976	0.00615	0.00654	0.00205	0.00821	0.00586	0.00312	0.00917
31	0.01144	0.00572	0.00858	0.00858	0.00858	0.00572	0.00572	0.00858	0.00858	0.01144	0.01144	0.02001	0.01144	0.02287	0.02573	0.80846	0.00572	0.00572	0.00286	0.00286
32	0.01470	0.01402	0.02385	0.33415	0.44627	0.01522	0.01941	0.01881	0.01424	0.01957	0.01210	0.01681	0.00975	0.00616	0.00654	0.00205	0.00821	0.00586	0.00312	0.00914
33	0.01955	0.18447	0.02378	0.12739	0.10747	0.29462	0.03939	0.05454	0.05445	0.01870	0.01172	0.01404	0.00956	0.00652	0.00587	0.00180	0.00929	0.00490	0.00351	0.00845
34	0.02218	0.01681	0.01819	0.01450	0.01901	0.01894	0.01183	0.50555	0.16406	0.03662	0.01786	0.01786	0.01308	0.00828	0.00730	0.00205	0.04559	0.00623	0.04346	0.01060
35	0.01659	0.05796	0.12684	0.02230	0.21444	0.01514	0.08819	0.09561	0.06175	0.04415	0.01378	0.01587	0.01070	0.00615	0.00615	0.00178	0.00746	0.00550	0.00404	0.18560
36	0.01447	0.01067	0.01291	0.01164	0.01406	0.01176	0.00911	0.12704	0.12153	0.07545	0.04731	0.14421	0.11605	0.02017	0.15809	0.00400	0.07844	0.00966	0.00563	0.00781
37	0.01198	0.00724	0.00964	0.00929	0.01111	0.00666	0.00709	0.01463	0.01718	0.12110	0.43053	0.18423	0.04993	0.01455	0.00786	0.00227	0.00387	0.07708	0.00704	0.00672
38	0.01826	0.01343	0.04774	0.04281	0.04457	0.01293	0.10567	0.17593	0.05812	0.12496	0.05147	0.02146	0.01594	0.00767	0.00624	0.00193	0.00626	0.00665	0.22900	0.00895
39	0.01786	0.15577	0.04615	0.04633	0.14256	0.10199	0.13110	0.06468	0.01597	0.05892	0.03949	0.01621	0.01180	0.00695	0.00765	0.00193	0.07912	0.00572	0.00381	0.04601
40	0.00957	0.00638	0.00718	0.00718	0.00718	0.00638	0.00399	0.00957	0.00957	0.01276	0.02074	0.04308	0.02393	0.76864	0.03351	0.00638	0.00638	0.00957	0.00399	0.00399
41	0.00806	0.00584	0.00762	0.00895	0.00951	0.00540	0.00604	0.00932	0.01303	0.01728	0.06761	0.68416	0.09280	0.02004	0.00833	0.00262	0.00375	0.01808	0.00616	0.00540
42	0.09734	0.06913	0.04772	0.02212	0.12592	0.15200	0.21511	0.11875	0.01738	0.02336	0.01203	0.01476	0.00946	0.00649	0.00703	0.00200	0.04093	0.00571	0.00380	0.00896
43	0.00850	0.00627	0.00807	0.00932	0.01026	0.00584	0.00682	0.01012	0.01355	0.01757	0.04142	0.49983	0.16402	0.01943	0.00843	0.00267	0.00419	0.15209	0.00610	0.00553
44	0.01666	0.05406	0.04044	0.03503	0.04953	0.01355	0.05988	0.17493	0.01778	0.02555	0.01265	0.01451	0.00999	0.00579	0.00560	0.00142	0.00635	0.00479	0.00433	0.44717
45	0.01735	0.09101	0.09830	0.01803	0.13832	0.05662	0.03011	0.10063	0.09201	0.09301	0.03769	0.05008	0.05207	0.04211	0.03502	0.00252	0.02425	0.00699	0.00480	0.00905

[dist]
# distance from previous block
# <min> <max>
11	40

[block]
# block no. 5 follows, 33 sequences, length 23
# corresponding to MSA columns:
# 208-230
name=unknown_F
#
# <colnr> <probs for GDERKNQSTAVLIFYWHMCP>
#	G	D	E	R	K	N	Q	S	T	A	V	L	I	F	Y	W	H	M	C	P
0	0.03638	0.03426	0.01213	0.01220	0.05998	0.00920	0.00841	0.01520	0.03570	0.11539	0.05224	0.37468	0.06874	0.04672	0.03027	0.00281	0.06030	0.01275	0.00569	0.00694
1	0.08461	0.06196	0.04118	0.05250	0.09457	0.12820	0.09063	0.06756	0.03143	0.12416	0.04455	0.04662	0.01474	0.00771	0.00634	0.00195	0.00766	0.02624	0.00469	0.06270
2	0.01839	0.50004	0.02753	0.01177	0.01684	0.10281	0.01077	0.06366	0.01558	0.04773	0.03804	0.01528	0.04056	0.00669	0.00498	0.00153	0.00710	0.00463	0.00371	0.06236
3	0.04377	0.01722	0.16938	0.01480	0.04358	0.01262	0.05932	0.07920	0.04501	0.08990	0.06614	0.03962	0.01528	0.00732	0.00663	0.00179	0.03108	0.00606	0.00462	0.24665
4	0.01791	0.11727	0.05449	0.01606	0.06834	0.08595	0.06542	0.16085	0.07802	0.05982	0.10462	0.02639	0.04071	0.00901	0.00669	0.00203	0.00715	0.06516	0.00522	0.00890
5	0.11608	0.01942	0.09243	0.04588	0.23977	0.12449	0.10409	0.06863	0.01592	0.02265	0.03493	0.01585	0.01105	0.00679	0.00724	0.00204	0.05442	0.00568	0.00367	0.00896
6	0.01144	0.00572	0.00858	0.00858	0.00858	0.00572	0.00572	0.00858	0.00858	0.01144	0.01144	0.02001	0.01144	0.02287	0.02573	0.80846	0.00572	0.00572	0.00286	0.00286
7	0.03489	0.13190	0.04538	0.01052	0.01252	0.00989	0.00871	0.01262	0.01326	0.01775	0.02967	0.44587	0.03402	0.01661	0.00764	0.00249	0.00510	0.14956	0.00536	0.00625
8	0.01511	0.07350	0.31668	0.03877	0.02170	0.06773	0.01587	0.08716	0.06921	0.04216	0.04793	0.05357	0.10519	0.00888	0.00652	0.00206	0.00766	0.00710	0.00438	0.00880
9	0.01382	0.01496	0.12937	0.01702	0.09781	0.01225	0.06376	0.10246	0.07559	0.02366	0.09974	0.11056	0.02594	0.04547	0.00863	0.00251	0.00674	0.13633	0.00519	0.00819
10	0.00884	0.00635	0.00751	0.00785	0.00851	0.00612	0.00509	0.00973	0.01173	0.01535	0.05771	0.21227	0.16540	0.36682	0.07765	0.00490	0.00597	0.01241	0.00497	0.00483
11	0.01303	0.01236	0.02061	0.61787	0.12524	0.01512	0.01825	0.01716	0.01318	0.01732	0.01158	0.01719	0.00896	0.00683	0.00759	0.00221	0.05903	0.00585	0.00296	0.00768
12	0.01799	0.50629	0.16230	0.01365	0.01966	0.14827	0.01395	0.02107	0.01439	0.01660	0.00983	0.01141	0.00843	0.00595	0.00490	0.00158	0.00838	0.00390	0.00291	0.00855
13	0.01569	0.00962	0.01061	0.00922	0.01190	0.00999	0.00727	0.18631	0.01865	0.06838	0.08926	0.02687	0.05957	0.01162	0.05539	0.00237	0.00525	0.00716	0.38725	0.00764
14	0.01629	0.01564	0.02672	0.04041	0.72757	0.01564	0.02020	0.02020	0.01499	0.02151	0.01238	0.01629	0.01043	0.00587	0.00652	0.00196	0.00782	0.00587	0.00326	0.01043
15	0.01734	0.05014	0.01610	0.04862	0.01782	0.15366	0.01093	0.17366	0.11757	0.02386	0.02307	0.15157	0.05907	0.01124	0.00774	0.00220	0.04794	0.05397	0.00530	0.00821
16	0.01379	0.17951	0.20300	0.01410	0.01934	0.01448	0.09129	0.04559	0.01495	0.04447	0.06237	0.12279	0.10459	0.03231	0.00738	0.00217	0.00702	0.00849	0.00433	0.00801
17	0.00861	0.00601	0.00764	0.00871	0.00903	0.00576	0.00569	0.00950	0.01182	0.01573	0.03157	0.51568	0.03741	0.24431	0.01595	0.00380	0.00469	0.04763	0.00547	0.00497
18	0.01512	0.13729	0.36368	0.01611	0.02287	0.01551	0.06834	0.03477	0.01435	0.08364	0.01601	0.04807	0.03440	0.01077	0.06400	0.00270	0.03359	0.00612	0.00370	0.00894
19	0.01607	0.10590	0.29107	0.01999	0.04829	0.09681	0.18952	0.05823	0.01584	0.02087	0.01367	0.01895	0.01120	0.00703	0.00662	0.00206	0.00955	0.05591	0.00346	0.00898
20	0.06714	0.04497	0.10371	0.01110	0.01515	0.04621	0.01002	0.09844	0.03961	0.15042	0.02118	0.07564	0.03616	0.00864	0.00585	0.00190	0.00567	0.00688	0.24296	0.00836
21	0.07618	0.01584	0.04041	0.10940	0.31594	0.04484	0.03794	0.13783	0.03251	0.05159	0.06215	0.01840	0.01394	0.00702	0.00646	0.00201	0.00749	0.00615	0.00437	0.00952
22	0.01583	0.15436	0.02534	0.24207	0.21770	0.04739	0.05883	0.04340	0.03813	0.01921	0.01187	0.01564	0.00968	0.00667	0.00736	0.00201	0.06699	0.00553	0.00329	0.00870

[dist]
# distance from previous block
# <min> <max>
0	7

[block]
# block no. 6 follows, 33 sequences, length 22
# corresponding to MSA columns:
# 238-259
name=unknown_G
#
# <colnr> <probs for GDERKNQSTAVLIFYWHMCP>
#	G	D	E	R	K	N	Q	S	T	A	V	L	I	F	Y	W	H	M	C	P
0	0.04623	0.11066	0.01944	0.16830	0.05495	0.15795	0.01273	0.15301	0.01807	0.06130	0.02983	0.04451	0.03461	0.00858	0.00696	0.03172	0.00790	0.02054	0.00442	0.00828
1	0.01874	0.01762	0.01537	0.01335	0.01701	0.19655	0.01037	0.13937	0.24753	0.04561	0.11505	0.02462	0.05649	0.00901	0.00660	0.00197	0.00684	0.00713	0.00581	0.04495
2	0.01558	0.01330	0.01948	0.29844	0.22446	0.05045	0.01577	0.01962	0.03911	0.09218	0.01959	0.02385	0.07666	0.00813	0.00718	0.00214	0.02954	0.03191	0.00412	0.00849
3	0.10152	0.07256	0.01668	0.03541	0.11801	0.05610	0.01093	0.06035	0.09417	0.09606	0.10642	0.07273	0.07469	0.00964	0.00722	0.00208	0.04399	0.00778	0.00526	0.00842
4	0.07478	0.00888	0.01154	0.01070	0.01306	0.00861	0.03877	0.06638	0.01609	0.12949	0.13073	0.32291	0.07320	0.01461	0.00755	0.00237	0.00477	0.05209	0.00633	0.00714
5	0.01057	0.00729	0.00989	0.01089	0.01243	0.00705	0.00908	0.01324	0.01533	0.04448	0.11505	0.16082	0.09001	0.01752	0.00867	0.00278	0.00522	0.44729	0.00628	0.00612
6	0.04232	0.01608	0.07344	0.20815	0.20002	0.01567	0.23841	0.01912	0.01408	0.01991	0.01233	0.01694	0.00973	0.00777	0.03258	0.00246	0.05281	0.00636	0.00318	0.00866
7	0.01135	0.00739	0.01058	0.01037	0.01206	0.00670	0.05258	0.01305	0.01398	0.11256	0.03784	0.51356	0.13732	0.01739	0.00803	0.00249	0.00447	0.01567	0.00620	0.00639
8	0.01243	0.01170	0.01975	0.75282	0.04534	0.01463	0.01828	0.01682	0.01316	0.01682	0.01170	0.01755	0.00878	0.00658	0.00658	0.00219	0.00878	0.00585	0.00293	0.00731
9	0.00913	0.00685	0.00860	0.00973	0.01056	0.00682	0.00669	0.01261	0.10630	0.01824	0.03502	0.66575	0.04042	0.01907	0.00818	0.00261	0.00400	0.01721	0.00619	0.00602
10	0.01556	0.10744	0.04635	0.15835	0.29191	0.01550	0.04674	0.06117	0.01598	0.04525	0.09513	0.02110	0.03681	0.00735	0.00648	0.00197	0.00733	0.00658	0.00404	0.00898
11	0.00841	0.00634	0.00783	0.00871	0.00972	0.00589	0.00605	0.01052	0.03968	0.01841	0.11430	0.51645	0.18622	0.01862	0.00814	0.00250	0.00370	0.01658	0.00625	0.00567
12	0.01759	0.04942	0.02202	0.04209	0.06212	0.15159	0.13136	0.08329	0.04200	0.05212	0.01508	0.01834	0.03296	0.01311	0.09981	0.00319	0.14541	0.00626	0.00397	0.00827
13	0.01933	0.10303	0.10658	0.04475	0.21203	0.20310	0.07681	0.02285	0.01587	0.09211	0.01274	0.01500	0.00993	0.00653	0.00669	0.00191	0.03256	0.00532	0.00368	0.00917
14	0.00828	0.00591	0.00793	0.00946	0.00995	0.00557	0.00655	0.00961	0.01286	0.01709	0.03614	0.69642	0.04298	0.02038	0.00847	0.00271	0.00404	0.08413	0.00611	0.00542
15	0.01361	0.09661	0.54107	0.11637	0.03000	0.01624	0.05681	0.02022	0.01384	0.01984	0.01164	0.01428	0.00849	0.00621	0.00619	0.00205	0.00943	0.00502	0.00283	0.00925
16	0.01735	0.04031	0.19902	0.02269	0.19512	0.15889	0.06933	0.04267	0.07339	0.04543	0.03901	0.01827	0.03503	0.00710	0.00648	0.00198	0.00872	0.00600	0.00393	0.00929
17	0.17762	0.01335	0.05665	0.11090	0.02032	0.01296	0.04592	0.10251	0.05577	0.14503	0.01901	0.07312	0.03808	0.03700	0.00796	0.03235	0.00642	0.00693	0.00511	0.03298
18	0.00807	0.00581	0.00756	0.00894	0.00941	0.00540	0.00596	0.00920	0.01262	0.01670	0.03741	0.69455	0.08218	0.05070	0.00938	0.00280	0.00390	0.01807	0.00603	0.00530
19	0.01776	0.06014	0.11609	0.08590	0.22216	0.07988	0.01578	0.09624	0.06591	0.07715	0.06352	0.01856	0.01448	0.00715	0.00638	0.00195	0.00765	0.00599	0.00442	0.03289
20	0.01620	0.01552	0.06632	0.09792	0.06863	0.06444	0.12504	0.07292	0.08599	0.08065	0.08939	0.02505	0.06021	0.05268	0.00926	0.00238	0.04662	0.00751	0.00480	0.00846
21	0.01383	0.21373	0.04314	0.01223	0.03745	0.05073	0.05445	0.03540	0.03209	0.04201	0.03240	0.05961	0.24930	0.04036	0.03020	0.00241	0.00651	0.03214	0.00465	0.00737

[dist]
# distance from previous block
# <min> <max>
1	7

[block]
# block no. 7 follows, 33 sequences, length 27
# corresponding to MSA columns:
# 267-293
name=unknown_H
#
# <colnr> <probs for GDERKNQSTAVLIFYWHMCP>
#	G	D	E	R	K	N	Q	S	T	A	V	L	I	F	Y	W	H	M	C	P
0	0.31035	0.12158	0.07082	0.01160	0.01681	0.03765	0.01041	0.15096	0.03898	0.02741	0.01166	0.01287	0.00908	0.00630	0.00501	0.00176	0.00629	0.00431	0.00432	0.14182
1	0.03895	0.03628	0.20867	0.08434	0.05801	0.01522	0.06927	0.13519	0.10411	0.04223	0.05422	0.01919	0.01426	0.03137	0.00729	0.00215	0.00761	0.00618	0.00450	0.06099
2	0.15925	0.05566	0.06406	0.01419	0.06830	0.01449	0.01136	0.13777	0.12335	0.08846	0.08091	0.02689	0.03519	0.00920	0.00641	0.00214	0.00603	0.08186	0.00558	0.00892
3	0.01430	0.07151	0.64576	0.01811	0.02730	0.01623	0.02278	0.07079	0.01512	0.02208	0.01197	0.01386	0.00855	0.00634	0.00617	0.00204	0.00941	0.00487	0.00306	0.00977
4	0.01074	0.00762	0.00953	0.06023	0.01283	0.00751	0.00721	0.01437	0.06659	0.05602	0.24250	0.16507	0.18408	0.01545	0.04113	0.00257	0.00461	0.01177	0.07366	0.00653
5	0.01686	0.11366	0.20850	0.04009	0.02266	0.10585	0.07784	0.07373	0.12422	0.04323	0.01796	0.02006	0.05068	0.00782	0.00684	0.00204	0.03092	0.02378	0.00424	0.00902
6	0.01305	0.01233	0.02086	0.63908	0.15426	0.01479	0.01859	0.01736	0.01346	0.01757	0.01181	0.01735	0.00904	0.00647	0.00657	0.00216	0.00862	0.00585	0.00298	0.00781
7	0.01324	0.01268	0.01945	0.61312	0.09150	0.05223	0.01735	0.01734	0.01352	0.01732	0.01219	0.01767	0.00940	0.00805	0.03178	0.00242	0.00899	0.00582	0.02847	0.00747
8	0.01714	0.01415	0.04600	0.13326	0.18123	0.01475	0.06737	0.07258	0.05269	0.11362	0.01451	0.01785	0.01127	0.00924	0.01089	0.08970	0.11475	0.00613	0.00418	0.00869
9	0.02232	0.02327	0.01927	0.01701	0.04518	0.41407	0.07024	0.06529	0.03956	0.11234	0.01780	0.01863	0.06628	0.00788	0.00690	0.00191	0.03325	0.00591	0.00449	0.00842
10	0.00799	0.00583	0.00753	0.00890	0.00948	0.00537	0.00599	0.00920	0.01286	0.01691	0.03958	0.68827	0.11749	0.02020	0.00834	0.00262	0.00377	0.01819	0.00611	0.00537
11	0.00800	0.00580	0.00757	0.00898	0.00950	0.00536	0.00603	0.00919	0.01278	0.01688	0.03850	0.71316	0.09329	0.02034	0.00836	0.00264	0.00378	0.01836	0.00611	0.00536
12	0.06329	0.01806	0.07163	0.11571	0.13905	0.12995	0.05081	0.13503	0.04274	0.05649	0.01716	0.05937	0.03543	0.00819	0.00658	0.00207	0.00804	0.02703	0.00448	0.00886
13	0.10196	0.01187	0.01325	0.01177	0.01516	0.01270	0.00927	0.11378	0.23919	0.14553	0.06521	0.14941	0.02422	0.01109	0.00687	0.00225	0.00522	0.04571	0.00655	0.00898
14	0.00834	0.00594	0.00761	0.00881	0.00927	0.00559	0.00586	0.00939	0.01234	0.01632	0.03545	0.59019	0.07745	0.13804	0.01234	0.00324	0.00427	0.03859	0.00578	0.00517
15	0.01508	0.01421	0.02399	0.06039	0.61062	0.01426	0.01830	0.01865	0.01462	0.02073	0.01549	0.11417	0.01470	0.00782	0.00677	0.00206	0.00733	0.00755	0.00362	0.00966
16	0.02033	0.05899	0.06234	0.06764	0.15416	0.14217	0.10134	0.15965	0.05387	0.09386	0.01461	0.01628	0.01092	0.00682	0.00648	0.00196	0.00859	0.00581	0.00453	0.00964
17	0.01666	0.61469	0.18417	0.01287	0.01938	0.02375	0.01406	0.01996	0.01349	0.01663	0.00972	0.01127	0.00843	0.00577	0.00466	0.00155	0.00762	0.00381	0.00281	0.00872
18	0.00891	0.00625	0.00764	0.00829	0.00945	0.00577	0.00596	0.01088	0.01449	0.01997	0.16946	0.36216	0.17311	0.01670	0.00770	0.00234	0.00362	0.05078	0.11083	0.00569
19	0.02323	0.12737	0.02052	0.01602	0.01972	0.60894	0.01240	0.02590	0.05600	0.01665	0.01095	0.01239	0.00911	0.00675	0.00575	0.00169	0.01088	0.00432	0.00350	0.00789
20	0.01642	0.22228	0.35135	0.01903	0.10037	0.05919	0.04029	0.08036	0.01568	0.02106	0.01149	0.01346	0.00890	0.00620	0.00581	0.00187	0.00877	0.00477	0.00322	0.00946
21	0.01100	0.00920	0.01319	0.05019	0.05043	0.00927	0.06475	0.03826	0.05552	0.02004	0.09670	0.22459	0.15566	0.05534	0.00964	0.00264	0.02619	0.09520	0.00553	0.00667
22	0.12275	0.01215	0.01325	0.01105	0.01469	0.01267	0.00880	0.24045	0.04545	0.13274	0.13766	0.06564	0.10685	0.03716	0.00764	0.00224	0.00532	0.00845	0.00642	0.00862
23	0.05260	0.05351	0.01334	0.01182	0.03579	0.01029	0.04476	0.04046	0.10245	0.03940	0.12875	0.24653	0.09354	0.03972	0.00829	0.00245	0.00502	0.05837	0.00581	0.00709
24	0.04684	0.01799	0.10886	0.01857	0.10962	0.07727	0.08116	0.07095	0.15676	0.13233	0.03832	0.02014	0.03287	0.00770	0.00699	0.00206	0.02917	0.00646	0.00510	0.03084
25	0.02034	0.01701	0.01868	0.05922	0.03954	0.13299	0.06873	0.16897	0.15074	0.12102	0.01847	0.05562	0.01436	0.00800	0.00655	0.00197	0.00744	0.00665	0.00547	0.07823
26	0.04209	0.03303	0.04306	0.06898	0.02037	0.05360	0.05557	0.17737	0.13501	0.12260	0.04399	0.02277	0.06919	0.00963	0.02976	0.00228	0.00709	0.00686	0.00561	0.05113

[dist]
# distance from previous block
# <min> <max>
4	43

[block]
# block no. 8 follows, 33 sequences, length 7
# corresponding to MSA columns:
# 341-347
name=unknown_I
#
# <colnr> <probs for GDERKNQSTAVLIFYWHMCP>
#	G	D	E	R	K	N	Q	S	T	A	V	L	I	F	Y	W	H	M	C	P
0	0.20416	0.01635	0.08291	0.01459	0.06974	0.06507	0.02804	0.06932	0.12217	0.02502	0.04305	0.01803	0.03214	0.00833	0.02490	0.00212	0.02925	0.00558	0.00451	0.13473
1	0.01492	0.01498	0.07090	0.14210	0.18405	0.01437	0.07670	0.10064	0.01639	0.02281	0.07338	0.02261	0.04393	0.00806	0.00789	0.00207	0.06583	0.03015	0.00415	0.08409
2	0.01386	0.01319	0.02271	0.19499	0.32533	0.01345	0.09930	0.01758	0.01417	0.01966	0.01594	0.13068	0.01500	0.00817	0.00685	0.00208	0.00761	0.00791	0.00367	0.06785
3	0.01157	0.00969	0.01130	0.00912	0.01329	0.00757	0.00700	0.01393	0.01367	0.01993	0.02575	0.16843	0.13664	0.00993	0.00605	0.00152	0.00441	0.00847	0.00470	0.51703
4	0.19913	0.01082	0.01223	0.01068	0.01374	0.01118	0.03572	0.10861	0.04525	0.10422	0.02417	0.18879	0.06688	0.10273	0.00975	0.00269	0.00543	0.00935	0.00552	0.03312
5	0.01496	0.01137	0.01375	0.01361	0.08102	0.06347	0.03343	0.03971	0.05844	0.12122	0.23779	0.06936	0.13734	0.01143	0.00722	0.00208	0.00532	0.03328	0.00613	0.03910
6	0.59875	0.01285	0.01259	0.01296	0.09975	0.01410	0.00910	0.02140	0.01283	0.13575	0.01212	0.01316	0.00893	0.00639	0.00476	0.00203	0.00550	0.00431	0.00460	0.00815

[dist]
# distance from previous block
# <min> <max>
0	1

[block]
# block no. 9 follows, 33 sequences, length 7
# corresponding to MSA columns:
# 349-355
name=unknown_J
#
# <colnr> <probs for GDERKNQSTAVLIFYWHMCP>
#	G	D	E	R	K	N	Q	S	T	A	V	L	I	F	Y	W	H	M	C	P
0	0.01984	0.01402	0.01899	0.36313	0.03158	0.01585	0.01476	0.26523	0.02048	0.14766	0.01560	0.01776	0.01092	0.00732	0.00659	0.00209	0.00769	0.00601	0.00512	0.00936
1	0.06703	0.07487	0.11156	0.14241	0.22317	0.01680	0.01642	0.13298	0.08596	0.02452	0.01435	0.01775	0.01137	0.00701	0.00627	0.00203	0.00759	0.02431	0.00412	0.00948
2	0.01290	0.01139	0.01149	0.01088	0.01336	0.06581	0.00800	0.02037	0.26104	0.02073	0.03016	0.23668	0.09569	0.08117	0.00947	0.00257	0.00521	0.01087	0.00570	0.08651
3	0.39632	0.01464	0.01499	0.13268	0.02086	0.01680	0.01091	0.26872	0.01871	0.03181	0.01200	0.01368	0.00888	0.00684	0.00540	0.00204	0.00648	0.00480	0.00480	0.00864
4	0.09720	0.02504	0.28506	0.01552	0.02210	0.13458	0.01588	0.19007	0.01859	0.02610	0.01226	0.01369	0.00911	0.00657	0.00591	0.00186	0.00844	0.00478	0.00408	0.10316
5	0.06826	0.01632	0.01406	0.01281	0.01588	0.16350	0.00963	0.02804	0.41203	0.02291	0.02126	0.02410	0.01751	0.13252	0.01076	0.00279	0.00676	0.00689	0.00541	0.00859
6	0.05544	0.07973	0.10185	0.01344	0.03512	0.03525	0.01167	0.14094	0.24163	0.05885	0.01912	0.01933	0.01435	0.00765	0.00592	0.00195	0.00615	0.00599	0.13620	0.00941

[dist]
# distance from previous block
# <min> <max>
0	5

[block]
# block no. 10 follows, 33 sequences, length 74
# corresponding to MSA columns:
# 361-434
name=unknown_K
#
# <colnr> <probs for GDERKNQSTAVLIFYWHMCP>
#	G	D	E	R	K	N	Q	S	T	A	V	L	I	F	Y	W	H	M	C	P
0	0.04746	0.20949	0.02195	0.01430	0.01875	0.26260	0.01176	0.17908	0.13018	0.02393	0.01379	0.01440	0.01088	0.00707	0.00572	0.00178	0.00835	0.00493	0.00451	0.00906
1	0.02226	0.09882	0.01983	0.01705	0.05894	0.57554	0.01249	0.02423	0.01795	0.01717	0.06642	0.01493	0.01281	0.00715	0.00595	0.00171	0.01050	0.00487	0.00363	0.00775
2	0.03847	0.01747	0.03097	0.09588	0.10004	0.07290	0.42161	0.03986	0.03924	0.05706	0.01386	0.01735	0.01041	0.00610	0.00716	0.00213	0.00988	0.00689	0.00375	0.00896
3	0.05524	0.13994	0.17125	0.02201	0.02884	0.04813	0.39932	0.02096	0.01480	0.02037	0.01203	0.01528	0.00922	0.00578	0.00666	0.00203	0.00993	0.00618	0.00318	0.00884
4	0.00811	0.00583	0.00772	0.00920	0.00968	0.00544	0.00624	0.00934	0.01277	0.01694	0.03720	0.71652	0.06507	0.02041	0.00841	0.00267	0.00389	0.04308	0.00611	0.00538
5	0.00921	0.00748	0.01206	0.01183	0.01314	0.00712	0.09807	0.01110	0.01296	0.01738	0.03193	0.58689	0.03705	0.02051	0.05856	0.00317	0.00581	0.04429	0.00557	0.00588
6	0.01588	0.01747	0.03690	0.02652	0.03293	0.01656	0.64498	0.06029	0.01635	0.02215	0.01408	0.03773	0.01096	0.00609	0.00772	0.00222	0.01068	0.00796	0.00359	0.00892
7	0.11547	0.06066	0.03732	0.01064	0.03869	0.00889	0.00785	0.01256	0.01300	0.01940	0.04749	0.45861	0.06155	0.01566	0.00722	0.00239	0.00458	0.03459	0.03720	0.00623
8	0.01596	0.01747	0.02594	0.02058	0.02311	0.10405	0.23403	0.01875	0.01283	0.01755	0.01031	0.01518	0.00905	0.00906	0.01535	0.00253	0.43115	0.00622	0.00308	0.00779
9	0.01535	0.01434	0.02370	0.05298	0.58128	0.01449	0.01807	0.01989	0.04982	0.02198	0.07048	0.02237	0.01638	0.00728	0.00676	0.00204	0.00725	0.04188	0.00388	0.00979
10	0.01706	0.48863	0.03074	0.01422	0.01942	0.04354	0.11982	0.05074	0.06787	0.01854	0.01332	0.06458	0.01210	0.00703	0.00541	0.00172	0.00747	0.00565	0.00360	0.00855
11	0.01519	0.01312	0.04498	0.04073	0.17855	0.01299	0.01282	0.09062	0.17342	0.05056	0.12763	0.03398	0.05109	0.01034	0.00720	0.00223	0.00606	0.11391	0.00565	0.00892
12	0.01146	0.00922	0.01075	0.01108	0.01310	0.02787	0.00894	0.01751	0.16747	0.02168	0.12700	0.12270	0.12036	0.01531	0.00809	0.00257	0.00510	0.28656	0.00630	0.00694
13	0.01625	0.01576	0.04290	0.12346	0.30809	0.06181	0.12601	0.03860	0.01562	0.06297	0.03742	0.04814	0.04152	0.00752	0.00718	0.00208	0.02463	0.00707	0.00394	0.00905
14	0.04811	0.28877	0.23946	0.01601	0.05576	0.09741	0.03407	0.05196	0.01538	0.05502	0.03382	0.01421	0.01070	0.00644	0.00556	0.00179	0.00826	0.00476	0.00352	0.00899
15	0.01554	0.01776	0.03885	0.02775	0.03441	0.01665	0.70366	0.02109	0.01554	0.02109	0.01332	0.01776	0.00999	0.00555	0.00777	0.00222	0.01110	0.00777	0.00333	0.00888
16	0.01737	0.63832	0.12565	0.01254	0.01859	0.06065	0.01305	0.02019	0.01371	0.01622	0.00955	0.01106	0.00844	0.00577	0.00458	0.00151	0.00764	0.00373	0.00284	0.00858
17	0.01406	0.01742	0.14065	0.04857	0.05869	0.01385	0.37754	0.01891	0.01490	0.04164	0.05167	0.11937	0.01727	0.02490	0.00805	0.00232	0.00902	0.00883	0.00395	0.00838
18	0.01395	0.12011	0.58340	0.01875	0.02770	0.01670	0.08922	0.02074	0.01400	0.02024	0.01165	0.01388	0.00851	0.00611	0.00616	0.00202	0.00954	0.00499	0.00284	0.00949
19	0.00817	0.00589	0.00778	0.00923	0.00978	0.00550	0.00634	0.00946	0.01288	0.01704	0.03769	0.68607	0.07680	0.02028	0.00842	0.00267	0.00394	0.06055	0.00611	0.00540
20	0.03196	0.05798	0.30649	0.04717	0.06947	0.01334	0.01633	0.01783	0.01409	0.04642	0.09133	0.06063	0.03708	0.01192	0.05623	0.00275	0.06073	0.04598	0.00402	0.00827
21	0.01751	0.06095	0.08120	0.02469	0.12061	0.01578	0.38505	0.04244	0.01610	0.11475	0.01549	0.01979	0.01187	0.00659	0.00716	0.00213	0.00929	0.03513	0.00410	0.00937
22	0.00835	0.00600	0.00800	0.00949	0.01007	0.00564	0.00667	0.00976	0.01300	0.01721	0.03690	0.65547	0.06086	0.02020	0.00848	0.00271	0.00410	0.10554	0.00610	0.00545
23	0.01378	0.01357	0.02100	0.29453	0.05568	0.01777	0.04350	0.01659	0.01164	0.01664	0.01012	0.01579	0.00881	0.00921	0.01484	0.00256	0.41772	0.00588	0.00293	0.00743
24	0.03229	0.05523	0.12973	0.14758	0.24179	0.03520	0.09646	0.04896	0.04130	0.06989	0.01414	0.01787	0.01101	0.00667	0.00653	0.00205	0.00834	0.02179	0.00380	0.00937
25	0.01005	0.00748	0.00831	0.00800	0.01033	0.00666	0.00623	0.04051	0.01640	0.05545	0.15515	0.05827	0.50202	0.01555	0.00779	0.00225	0.00382	0.07313	0.00639	0.00621
26	0.00843	0.00665	0.00760	0.00746	0.00932	0.00582	0.00556	0.01067	0.01639	0.02131	0.33760	0.09273	0.41597	0.01554	0.00781	0.00218	0.00326	0.01331	0.00658	0.00582
27	0.05446	0.01491	0.02886	0.08695	0.09053	0.01499	0.39853	0.01864	0.01454	0.02053	0.03526	0.07002	0.03525	0.00795	0.00844	0.00228	0.06326	0.02267	0.00373	0.00820
28	0.01678	0.01403	0.02076	0.46582	0.07923	0.06251	0.06117	0.06697	0.01575	0.11298	0.01390	0.01763	0.01009	0.00678	0.00662	0.00211	0.00855	0.00598	0.00394	0.00840
29	0.01554	0.01776	0.03885	0.02775	0.03441	0.01665	0.70366	0.02109	0.01554	0.02109	0.01332	0.01776	0.00999	0.00555	0.00777	0.00222	0.01110	0.00777	0.00333	0.00888
30	0.01564	0.01497	0.02554	0.16125	0.61184	0.01547	0.01988	0.01963	0.01468	0.02071	0.01227	0.01651	0.01015	0.00599	0.00653	0.00200	0.00798	0.00586	0.00320	0.00990
31	0.12493	0.08378	0.07881	0.01498	0.01963	0.24479	0.08428	0.02377	0.05121	0.12658	0.01695	0.04663	0.04065	0.00769	0.00608	0.00194	0.00838	0.00600	0.00447	0.00844
32	0.00826	0.00611	0.00779	0.00902	0.00988	0.00564	0.00640	0.00972	0.01334	0.01731	0.04187	0.55479	0.17174	0.01961	0.00836	0.00263	0.00398	0.09197	0.00611	0.00547
33	0.02442	0.01668	0.01837	0.01433	0.01926	0.01809	0.01173	0.55545	0.05567	0.13041	0.01861	0.05467	0.01385	0.00862	0.00669	0.00203	0.00678	0.00672	0.00677	0.01087
34	0.00856	0.00644	0.00800	0.00893	0.00998	0.00603	0.00633	0.01078	0.04169	0.01837	0.09708	0.49514	0.18145	0.01864	0.00820	0.00254	0.00385	0.05606	0.00622	0.00570
35	0.01753	0.04539	0.37751	0.01689	0.02400	0.08568	0.05752	0.05608	0.08945	0.11812	0.03806	0.01732	0.01260	0.00709	0.00642	0.00204	0.00859	0.00572	0.00433	0.00967
36	0.01016	0.00726	0.01009	0.01161	0.01293	0.00719	0.00983	0.01287	0.01471	0.01920	0.03510	0.19364	0.03887	0.01861	0.00897	0.00297	0.00567	0.56830	0.00607	0.00594
37	0.02396	0.03036	0.01832	0.01669	0.01999	0.71149	0.01253	0.02568	0.01832	0.01608	0.01049	0.01246	0.00881	0.00857	0.03676	0.00207	0.01211	0.00436	0.00340	0.00756
38	0.01610	0.04372	0.23987	0.02195	0.02877	0.07998	0.33073	0.04947	0.06362	0.02155	0.01338	0.01621	0.01003	0.00635	0.00731	0.00212	0.02983	0.00634	0.00351	0.00916
39	0.01320	0.03405	0.73453	0.01876	0.02849	0.01529	0.02432	0.02085	0.01390	0.02085	0.01181	0.01390	0.00834	0.00625	0.00625	0.00208	0.00973	0.00486	0.00278	0.00973
40	0.00802	0.00573	0.00764	0.00917	0.00955	0.00535	0.00611	0.00917	0.01260	0.01681	0.03628	0.76434	0.04354	0.02062	0.00840	0.00267	0.00382	0.01872	0.00611	0.00535
41	0.02180	0.01853	0.12515	0.01605	0.02160	0.06442	0.10376	0.20732	0.05177	0.22357	0.01912	0.06512	0.01429	0.00819	0.00678	0.00208	0.00767	0.00697	0.00579	0.01003
