[name]
unknown

[dist]
# distance from previous block
# <min> <max>
0	129

[block]
# block no. 0 follows, 27 sequences, length 8
# corresponding to MSA columns:
# 147-154
name=unknown_A
#
# <colnr> <probs for GDERKNQSTAVLIFYWHMCP>
#	G	D	E	R	K	N	Q	S	T	A	V	L	I	F	Y	W	H	M	C	P
0	0.01577	0.06435	0.10845	0.03393	0.03866	0.06049	0.01306	0.01963	0.01633	0.02323	0.08866	0.02448	0.01920	0.00852	0.00761	0.00184	0.04808	0.05026	0.00458	0.35287
1	0.07505	0.01671	0.01690	0.01459	0.01841	0.09214	0.01155	0.12611	0.19830	0.11721	0.02427	0.02543	0.05159	0.03684	0.08625	0.00359	0.06111	0.00757	0.00630	0.01007
2	0.01104	0.01179	0.08530	0.01031	0.01345	0.00903	0.00901	0.03963	0.01773	0.02309	0.18988	0.05596	0.38297	0.06630	0.01118	0.00280	0.03395	0.01300	0.00646	0.00715
3	0.01851	0.19708	0.39701	0.01806	0.02648	0.08943	0.02071	0.05054	0.01731	0.05210	0.03824	0.01655	0.01221	0.00742	0.00659	0.00212	0.00993	0.00549	0.00384	0.01040
4	0.11670	0.01015	0.01289	0.14443	0.01989	0.01066	0.01006	0.01805	0.04187	0.07934	0.28384	0.09803	0.09989	0.01296	0.00787	0.00243	0.00541	0.01108	0.00661	0.00785
5	0.01708	0.01422	0.01734	0.11080	0.09550	0.03489	0.01297	0.05215	0.27869	0.06169	0.08211	0.08029	0.08792	0.01133	0.00782	0.00246	0.00656	0.00972	0.00648	0.00998
6	0.01018	0.01138	0.10012	0.01014	0.01288	0.00792	0.00871	0.01270	0.01566	0.02041	0.11968	0.17832	0.29995	0.14254	0.01370	0.00337	0.00538	0.01421	0.00612	0.00662
7	0.01569	0.01738	0.11235	0.55106	0.04552	0.01731	0.02081	0.09076	0.01715	0.02262	0.01372	0.01903	0.01013	0.00754	0.00737	0.00243	0.00985	0.00646	0.00373	0.00909

[dist]
# distance from previous block
# <min> <max>
1	4

[block]
# block no. 1 follows, 27 sequences, length 7
# corresponding to MSA columns:
# 159-165
name=unknown_B
#
# <colnr> <probs for GDERKNQSTAVLIFYWHMCP>
#	G	D	E	R	K	N	Q	S	T	A	V	L	I	F	Y	W	H	M	C	P
0	0.01946	0.09832	0.03761	0.02617	0.03272	0.12947	0.44372	0.02574	0.06837	0.02278	0.01512	0.01870	0.01168	0.00678	0.00792	0.00231	0.01167	0.00760	0.00400	0.00987
1	0.01877	0.05713	0.01690	0.01340	0.01651	0.01447	0.01087	0.09515	0.09144	0.14213	0.12935	0.06287	0.08675	0.01350	0.01160	0.04466	0.11622	0.04251	0.00663	0.00914
2	0.01314	0.08655	0.01425	0.04796	0.05595	0.01074	0.00897	0.01622	0.04049	0.07274	0.09602	0.08506	0.39443	0.01509	0.00808	0.00239	0.00510	0.01265	0.00641	0.00777
3	0.01261	0.01175	0.01224	0.01367	0.07621	0.08221	0.00903	0.01610	0.06239	0.02199	0.12987	0.20171	0.28932	0.01642	0.00849	0.00251	0.00548	0.01410	0.00648	0.00744
4	0.08539	0.18494	0.09207	0.05409	0.08922	0.05457	0.03971	0.02176	0.01602	0.06351	0.01803	0.04682	0.05166	0.00802	0.00635	0.00195	0.00780	0.00640	0.00436	0.14732
5	0.12024	0.12810	0.24669	0.01723	0.02460	0.05579	0.05217	0.13136	0.06396	0.02809	0.01439	0.01594	0.01088	0.00734	0.00649	0.00214	0.00894	0.00555	0.00449	0.05559
6	0.01981	0.09507	0.12070	0.04701	0.02687	0.01692	0.19858	0.02504	0.04378	0.16975	0.02142	0.02327	0.05342	0.01085	0.04327	0.00286	0.05850	0.00764	0.00510	0.01015

[dist]
# distance from previous block
# <min> <max>
0	2

[block]
# block no. 2 follows, 27 sequences, length 103
# corresponding to MSA columns:
# 168-270
name=unknown_C
#
# <colnr> <probs for GDERKNQSTAVLIFYWHMCP>
#	G	D	E	R	K	N	Q	S	T	A	V	L	I	F	Y	W	H	M	C	P
0	0.01716	0.07554	0.12943	0.07117	0.02269	0.04678	0.04646	0.05502	0.06953	0.07162	0.02203	0.09193	0.04357	0.01252	0.04742	0.00279	0.03306	0.00816	0.06577	0.06737
1	0.09620	0.04981	0.25811	0.01450	0.02053	0.01437	0.01528	0.06648	0.06440	0.02719	0.15997	0.05683	0.10476	0.01098	0.00740	0.00236	0.00713	0.00895	0.00551	0.00924
2	0.15072	0.23168	0.05113	0.01350	0.01825	0.16421	0.01174	0.02347	0.01620	0.09369	0.01681	0.01944	0.03917	0.04320	0.07494	0.00315	0.00962	0.00573	0.00448	0.00886
3	0.23215	0.08227	0.32263	0.01618	0.02371	0.04840	0.01785	0.06785	0.01655	0.05791	0.01434	0.04375	0.01127	0.00786	0.00632	0.00227	0.00872	0.00573	0.00430	0.00994
4	0.01017	0.00735	0.00952	0.01058	0.01146	0.00705	0.00725	0.03680	0.01498	0.02020	0.05492	0.60262	0.04467	0.05413	0.04625	0.00355	0.00539	0.01876	0.00663	0.02771
5	0.01539	0.01319	0.01539	0.01100	0.01759	0.00990	0.00880	0.01869	0.01539	0.02419	0.01319	0.01539	0.01100	0.00550	0.00550	0.00110	0.00550	0.00440	0.00440	0.78449
6	0.01089	0.00853	0.01048	0.03681	0.01379	0.00857	0.00833	0.01566	0.11630	0.02162	0.06696	0.41638	0.14943	0.01944	0.00903	0.00284	0.00483	0.06610	0.00690	0.00712
7	0.01396	0.01285	0.02162	0.68490	0.04901	0.01598	0.01989	0.01849	0.01458	0.01866	0.01318	0.01993	0.01005	0.00836	0.00853	0.04240	0.00972	0.00659	0.00329	0.00799
8	0.01545	0.01677	0.07683	0.36118	0.18990	0.01722	0.07706	0.02030	0.01553	0.02125	0.03975	0.02025	0.01275	0.00793	0.00912	0.00247	0.07633	0.00696	0.00360	0.00934
9	0.01289	0.00645	0.00967	0.00967	0.00967	0.00645	0.00645	0.00967	0.00967	0.01289	0.01289	0.02257	0.01289	0.02579	0.02901	0.78401	0.00645	0.00645	0.00322	0.00322
10	0.01901	0.01840	0.05691	0.15949	0.10664	0.01817	0.25881	0.12767	0.05722	0.05199	0.01718	0.02213	0.01321	0.00780	0.00801	0.00244	0.01005	0.02971	0.00475	0.01041
11	0.01058	0.00769	0.00997	0.01003	0.01169	0.00720	0.00774	0.01366	0.01911	0.02625	0.44780	0.09674	0.11523	0.04778	0.01032	0.00280	0.00437	0.13670	0.00758	0.00675
12	0.04547	0.11148	0.43960	0.02101	0.03016	0.04629	0.11886	0.06003	0.01707	0.02435	0.01332	0.01581	0.00983	0.00698	0.00697	0.00226	0.01061	0.00579	0.00355	0.01056
13	0.00916	0.00691	0.00847	0.00941	0.01060	0.00622	0.00655	0.01091	0.01587	0.02068	0.13538	0.45721	0.23385	0.02094	0.00918	0.00278	0.00405	0.01856	0.00706	0.00622
14	0.01361	0.00854	0.00999	0.00961	0.01115	0.00885	0.00692	0.06470	0.05269	0.02295	0.04856	0.08688	0.05640	0.11865	0.07133	0.14762	0.00642	0.00928	0.23937	0.00649
15	0.01065	0.00777	0.01031	0.01150	0.01300	0.00743	0.00926	0.01336	0.01687	0.02214	0.13061	0.24102	0.12770	0.02027	0.00968	0.00306	0.00538	0.32637	0.00703	0.00659
16	0.00910	0.00650	0.00866	0.01030	0.01078	0.00607	0.00690	0.01048	0.01448	0.01937	0.06601	0.70797	0.04991	0.02294	0.00945	0.00299	0.00428	0.02081	0.00694	0.00607
17	0.10658	0.47202	0.03085	0.01395	0.01944	0.18358	0.01253	0.02457	0.04241	0.01991	0.01137	0.01289	0.00989	0.00686	0.00530	0.00178	0.00887	0.00434	0.00365	0.00924
18	0.05190	0.06110	0.14116	0.04912	0.19068	0.03970	0.05094	0.02599	0.04125	0.16738	0.01721	0.01873	0.01263	0.00728	0.00692	0.00212	0.00840	0.00621	0.00498	0.09629
19	0.02100	0.17294	0.06787	0.02596	0.21111	0.16479	0.06476	0.07549	0.03665	0.02305	0.01320	0.01603	0.01090	0.00749	0.00793	0.00213	0.05864	0.00582	0.00395	0.01029
20	0.53238	0.04340	0.06384	0.05435	0.07048	0.04802	0.01194	0.04117	0.01460	0.04562	0.01169	0.01376	0.00902	0.00704	0.00539	0.00226	0.00708	0.00466	0.00445	0.00886
21	0.04907	0.08087	0.19548	0.02163	0.09845	0.28904	0.04335	0.02590	0.05167	0.02161	0.01454	0.04845	0.01226	0.00805	0.00690	0.00215	0.01077	0.00617	0.00394	0.00970
22	0.01523	0.03619	0.62842	0.02133	0.03175	0.01739	0.05916	0.02442	0.05329	0.02395	0.01436	0.01658	0.01025	0.00718	0.00717	0.00237	0.01076	0.00582	0.00342	0.01097
23	0.01005	0.00811	0.01060	0.00982	0.01207	0.00724	0.04061	0.01286	0.01862	0.02464	0.35245	0.11537	0.31646	0.01684	0.00882	0.00247	0.00414	0.01472	0.00732	0.00678
24	0.01645	0.04180	0.20122	0.01579	0.04599	0.04145	0.01495	0.02260	0.07224	0.04835	0.03966	0.01901	0.01429	0.00977	0.04619	0.00234	0.00828	0.00575	0.00453	0.32935
25	0.02513	0.01167	0.01504	0.01208	0.01695	0.01015	0.00966	0.02868	0.04828	0.42471	0.02957	0.10788	0.04554	0.01060	0.00732	0.00218	0.00570	0.00888	0.04741	0.13255
26	0.02309	0.26308	0.02699	0.04482	0.06006	0.24414	0.01408	0.09140	0.10314	0.04115	0.01478	0.01600	0.01189	0.00763	0.00632	0.00196	0.00953	0.00541	0.00456	0.00998
27	0.00886	0.00743	0.00770	0.00783	0.01013	0.00627	0.00580	0.01074	0.01682	0.02029	0.09353	0.12986	0.61119	0.01907	0.00884	0.00255	0.00380	0.01607	0.00694	0.00627
28	0.01086	0.00730	0.00862	0.00895	0.00993	0.00681	0.00586	0.01190	0.01397	0.04891	0.06361	0.26612	0.17186	0.30796	0.02055	0.00453	0.00541	0.01495	0.00609	0.00580
29	0.02183	0.10353	0.21969	0.02052	0.08204	0.02100	0.04603	0.31440	0.02448	0.03356	0.01544	0.01696	0.01140	0.00779	0.00702	0.00219	0.00906	0.00613	0.02544	0.01148
30	0.02458	0.04576	0.04778	0.02480	0.20656	0.06946	0.01673	0.30857	0.02514	0.09533	0.01653	0.01798	0.01233	0.00827	0.00813	0.00224	0.04584	0.00646	0.00579	0.01170
31	0.01311	0.00704	0.00736	0.00728	0.00905	0.00689	0.00546	0.01648	0.01637	0.02753	0.11620	0.03388	0.06379	0.01010	0.00587	0.00185	0.00348	0.00829	0.63308	0.00689
32	0.01561	0.01393	0.04866	0.01280	0.01672	0.01377	0.01046	0.02848	0.37934	0.05614	0.11020	0.04105	0.19668	0.01264	0.00796	0.00248	0.00537	0.01059	0.00729	0.00985
33	0.01071	0.00780	0.01100	0.01107	0.01210	0.00874	0.00823	0.01275	0.01187	0.01676	0.02155	0.03617	0.02162	0.21986	0.51732	0.01042	0.01626	0.03542	0.00422	0.00612
34	0.01298	0.01163	0.01605	0.11070	0.01980	0.01442	0.01223	0.01606	0.04360	0.01863	0.02612	0.06150	0.12488	0.07680	0.15832	0.00504	0.25015	0.00931	0.00444	0.00734
35	0.00903	0.00651	0.00857	0.01021	0.01073	0.00604	0.00684	0.01035	0.01433	0.01900	0.04244	0.70483	0.07754	0.02306	0.00944	0.00299	0.00428	0.02086	0.00689	0.00604
36	0.01624	0.01624	0.02274	0.01949	0.01949	0.02274	0.01624	0.01787	0.01137	0.01787	0.00975	0.01624	0.00975	0.01299	0.02436	0.00325	0.72552	0.00650	0.00325	0.00812
37	0.01658	0.04723	0.04248	0.01308	0.04213	0.01222	0.01051	0.06470	0.01681	0.02545	0.01342	0.01552	0.01101	0.00587	0.00572	0.00128	0.00611	0.00466	0.00448	0.64073
38	0.02345	0.01842	0.01959	0.01612	0.02120	0.02079	0.01296	0.36071	0.35000	0.03909	0.02388	0.02265	0.01753	0.00948	0.00749	0.00237	0.00705	0.00752	0.00749	0.01220
39	0.01080	0.00720	0.00810	0.00810	0.00810	0.00720	0.00450	0.01080	0.01080	0.01439	0.02339	0.04858	0.02699	0.73910	0.03779	0.00720	0.00720	0.01080	0.00450	0.00450
40	0.01756	0.02522	0.30256	0.04207	0.17069	0.01653	0.02053	0.07912	0.07238	0.04893	0.04026	0.01927	0.01396	0.00757	0.00711	0.00219	0.00881	0.00634	0.00451	0.09440
41	0.01998	0.05540	0.10025	0.04649	0.16003	0.21687	0.15505	0.02500	0.04816	0.02178	0.01627	0.01925	0.03829	0.00779	0.00805	0.00225	0.03856	0.00675	0.00394	0.00984
42	0.01653	0.01467	0.01635	0.01209	0.01817	0.04223	0.00969	0.04652	0.01624	0.02452	0.01312	0.01546	0.01093	0.00616	0.00670	0.00130	0.04667	0.00463	0.00444	0.67360
43	0.01457	0.01331	0.01557	0.09393	0.10781	0.06564	0.01170	0.04690	0.10540	0.02515	0.18870	0.04258	0.21381	0.01268	0.00806	0.00237	0.00625	0.01078	0.00624	0.00855
44	0.01415	0.01351	0.02324	0.56752	0.06113	0.01624	0.07163	0.01878	0.01491	0.01943	0.01519	0.07062	0.01284	0.00869	0.00843	0.00254	0.04145	0.00780	0.00360	0.00831
45	0.01662	0.01467	0.02108	0.16569	0.25227	0.01563	0.01623	0.10098	0.09278	0.02614	0.05212	0.03102	0.14316	0.01006	0.00772	0.00236	0.00748	0.00878	0.00527	0.00995
46	0.01090	0.00937	0.03563	0.01274	0.06949	0.00816	0.00867	0.01306	0.01549	0.02043	0.12137	0.16606	0.19829	0.19094	0.01583	0.00376	0.00567	0.08149	0.00606	0.00659
47	0.01957	0.09213	0.05020	0.10371	0.14354	0.09842	0.01578	0.09038	0.22214	0.02675	0.04954	0.02172	0.01708	0.00850	0.00715	0.00225	0.00826	0.00696	0.00534	0.01059
48	0.01967	0.02122	0.10689	0.04728	0.10441	0.08651	0.08915	0.15222	0.12789	0.02826	0.04404	0.04722	0.01665	0.00957	0.00900	0.02491	0.04185	0.00763	0.00525	0.01039
49	0.01513	0.01190	0.01418	0.01101	0.01624	0.00958	0.00865	0.03530	0.01616	0.05481	0.04547	0.09332	0.05251	0.01142	0.04614	0.00211	0.00614	0.00739	0.00519	0.53734
50	0.01539	0.01319	0.01539	0.01100	0.01759	0.00990	0.00880	0.01869	0.01539	0.02419	0.01319	0.01539	0.01100	0.00550	0.00550	0.00110	0.00550	0.00440	0.00440	0.78449
51	0.01078	0.00728	0.00851	0.00851	0.00865	0.00742	0.00501	0.01106	0.01092	0.01470	0.02301	0.04649	0.02608	0.66555	0.11010	0.00771	0.00856	0.01049	0.00444	0.00473
52	0.01781	0.01278	0.01611	0.09869	0.05081	0.01386	0.01215	0.05041	0.25989	0.11835	0.02947	0.16577	0.02645	0.03284	0.00892	0.00275	0.00644	0.05985	0.00683	0.00981
53	0.00916	0.00681	0.00854	0.00964	0.01065	0.00619	0.00664	0.01082	0.01556	0.02042	0.12252	0.51815	0.18500	0.02140	0.00925	0.00283	0.00410	0.01909	0.00704	0.00619
54	0.01794	0.16395	0.29595	0.05256	0.16158	0.02026	0.07749	0.08189	0.01769	0.02448	0.01343	0.01623	0.01037	0.00695	0.00687	0.00218	0.00980	0.00586	0.00370	0.01081
55	0.01508	0.03709	0.65375	0.02188	0.03261	0.01735	0.07300	0.02353	0.01581	0.02353	0.01344	0.01598	0.00954	0.00700	0.00717	0.00236	0.01108	0.00572	0.00318	0.01090
56	0.01698	0.04688	0.11679	0.04558	0.05534	0.04153	0.26408	0.02579	0.15886	0.02471	0.05773	0.02423	0.04120	0.00850	0.00858	0.00244	0.03769	0.00822	0.00480	0.01007
57	0.79154	0.01436	0.01091	0.00976	0.01436	0.01665	0.00804	0.02182	0.01263	0.03331	0.01034	0.01206	0.00804	0.00689	0.00459	0.00230	0.00574	0.00402	0.00459	0.00804
58	0.01289	0.00645	0.00967	0.00967	0.00967	0.00645	0.00645	0.00967	0.00967	0.01289	0.01289	0.02257	0.01289	0.02579	0.02901	0.78401	0.00645	0.00645	0.00322	0.00322
59	0.79154	0.01436	0.01091	0.00976	0.01436	0.01665	0.00804	0.02182	0.01263	0.03331	0.01034	0.01206	0.00804	0.00689	0.00459	0.00230	0.00574	0.00402	0.00459	0.00804
60	0.01519	0.03630	0.62540	0.02232	0.03289	0.01742	0.10055	0.02354	0.01589	0.02354	0.01352	0.01617	0.00962	0.00696	0.00725	0.00237	0.01115	0.00586	0.00321	0.01086
61	0.01080	0.00720	0.00810	0.00810	0.00810	0.00720	0.00450	0.01080	0.01080	0.01439	0.02339	0.04858	0.02699	0.73910	0.03779	0.00720	0.00720	0.01080	0.00450	0.00450
62	0.06091	0.23875	0.16570	0.01688	0.02324	0.12711	0.04206	0.14141	0.01958	0.02534	0.01407	0.04760	0.01189	0.00814	0.00690	0.00209	0.02807	0.00595	0.00431	0.01000
63	0.01037	0.00757	0.00959	0.01040	0.01178	0.00739	0.00794	0.01250	0.01492	0.01966	0.04258	0.20202	0.18592	0.10601	0.11549	0.00473	0.00742	0.17834	0.03912	0.00625
64	0.01803	0.04331	0.05384	0.07167	0.38031	0.01685	0.05316	0.02368	0.06848	0.04717	0.01541	0.01868	0.01238	0.00699	0.00747	0.00211	0.02489	0.00643	0.00421	0.12494
65	0.00910	0.00758	0.00800	0.00823	0.01058	0.00648	0.00631	0.01111	0.01684	0.02023	0.07042	0.09671	0.60266	0.01913	0.00895	0.00262	0.00408	0.07777	0.00689	0.00631
66	0.01565	0.01724	0.10848	0.02173	0.12902	0.04405	0.13265	0.02097	0.04848	0.05344	0.17275	0.06047	0.07093	0.01126	0.00826	0.00245	0.00791	0.05940	0.00560	0.00925
67	0.09600	0.00841	0.00864	0.00801	0.01055	0.00843	0.00621	0.02017	0.01599	0.11385	0.02344	0.02577	0.01782	0.00854	0.00542	0.00186	0.00406	0.00669	0.60237	0.00776
68	0.01770	0.04356	0.02285	0.04870	0.16083	0.09126	0.09353	0.04699	0.13716	0.02271	0.01870	0.02584	0.01652	0.15521	0.03819	0.00362	0.03489	0.00778	0.00467	0.00927
69	0.01028	0.00701	0.00838	0.00889	0.00906	0.00693	0.00537	0.01075	0.01184	0.01583	0.02840	0.24863	0.03317	0.50574	0.05290	0.00614	0.00679	0.01371	0.00518	0.00502
70	0.01119	0.00858	0.01117	0.03841	0.07653	0.00792	0.00865	0.01336	0.01628	0.05054	0.07523	0.28457	0.31858	0.01822	0.00880	0.00265	0.00482	0.03080	0.00661	0.00710
71	0.06458	0.19556	0.14398	0.01752	0.04639	0.04099	0.08901	0.01997	0.01429	0.02008	0.01423	0.02108	0.01304	0.11816	0.07364	0.00379	0.08488	0.00651	0.00363	0.00867
72	0.17598	0.11208	0.02170	0.01712	0.04370	0.32806	0.03455	0.05463	0.01809	0.02327	0.01215	0.01448	0.01003	0.00773	0.00730	0.00208	0.05889	0.00504	0.04429	0.00883
73	0.28061	0.01254	0.01398	0.01269	0.04662	0.01262	0.00961	0.04776	0.01781	0.27622	0.07108	0.06133	0.05760	0.00995	0.00668	0.00232	0.00575	0.00781	0.03730	0.00974
74	0.71559	0.01413	0.01117	0.01002	0.01446	0.01630	0.00818	0.02238	0.04760	0.03303	0.04252	0.01486	0.01164	0.00744	0.00494	0.00231	0.00565	0.00468	0.00491	0.00818
75	0.01714	0.01890	0.09788	0.08942	0.35215	0.04405	0.04689	0.04943	0.05502	0.02452	0.04390	0.05925	0.05108	0.00884	0.00761	0.00232	0.00860	0.00807	0.00447	0.01047
76	0.01152	0.00756	0.00908	0.00878	0.00960	0.00737	0.00566	0.01270	0.01402	0.04504	0.19114	0.04918	0.06004	0.46984	0.06321	0.00588	0.00678	0.01134	0.00565	0.00561
77	0.01822	0.04723	0.09286	0.01991	0.12964	0.04121	0.01482	0.11897	0.23761	0.02881	0.05250	0.03011	0.09735	0.01030	0.00757	0.00237	0.00727	0.02656	0.00605	0.01064
78	0.00917	0.00733	0.00792	0.00814	0.01000	0.00639	0.00580	0.01087	0.01612	0.01995	0.10873	0.16778	0.47330	0.10045	0.01215	0.00310	0.00421	0.01578	0.00672	0.00609
79	0.03621	0.05953	0.08769	0.06735	0.07000	0.12975	0.03716	0.02005	0.04679	0.02122	0.05373	0.13132	0.10062	0.03600	0.00944	0.00253	0.04527	0.00970	0.00487	0.03075
80	0.01624	0.01624	0.02274	0.01949	0.01949	0.02274	0.01624	0.01787	0.01137	0.01787	0.00975	0.01624	0.00975	0.01299	0.02436	0.00325	0.72552	0.00650	0.00325	0.00812
81	0.01816	0.42962	0.14321	0.01553	0.04952	0.02298	0.01502	0.04558	0.03519	0.02105	0.01417	0.04209	0.01278	0.00769	0.00586	0.00186	0.00804	0.02715	0.00384	0.08063
82	0.00901	0.00660	0.00847	0.00997	0.01067	0.00606	0.00673	0.01038	0.01457	0.01910	0.04544	0.64684	0.13360	0.02267	0.00938	0.00295	0.00423	0.02039	0.00689	0.00606
83	0.02057	0.01837	0.06768	0.01616	0.02102	0.05222	0.05721	0.27621	0.11507	0.05143	0.08010	0.11592	0.05194	0.01147	0.00790	0.00240	0.00750	0.00968	0.00672	0.01043
84	0.01080	0.00720	0.00810	0.00810	0.00810	0.00720	0.00450	0.01080	0.01080	0.01439	0.02339	0.04858	0.02699	0.73910	0.03779	0.00720	0.00720	0.01080	0.00450	0.00450
85	0.01945	0.21223	0.28266	0.01862	0.02621	0.02217	0.06258	0.16822	0.01966	0.02680	0.01341	0.01553	0.01031	0.00769	0.00797	0.00221	0.06374	0.00566	0.00416	0.01069
86	0.01876	0.23360	0.31400	0.01804	0.02564	0.09505	0.04331	0.04577	0.01670	0.04597	0.01322	0.01554	0.01036	0.00931	0.03700	0.00253	0.03609	0.00536	0.00365	0.01010
87	0.02260	0.24302	0.07294	0.01642	0.04426	0.16739	0.01401	0.09770	0.09065	0.07775	0.01562	0.01641	0.01218	0.00752	0.00629	0.00192	0.00881	0.00543	0.00485	0.07424
88	0.02851	0.01691	0.12005	0.04008	0.02203	0.01275	0.01376	0.07775	0.02098	0.49880	0.02730	0.02492	0.04282	0.00916	0.00745	0.00231	0.00718	0.00740	0.00785	0.01197
89	0.01077	0.00834	0.01279	0.01234	0.01393	0.00941	0.03161	0.01355	0.01265	0.01804	0.04760	0.03138	0.04430	0.05109	0.63341	0.01090	0.01842	0.00847	0.00424	0.00675
90	0.07752	0.01099	0.01396	0.01184	0.01545	0.01072	0.00944	0.02409	0.01756	0.33136	0.06766	0.07022	0.13105	0.04485	0.07237	0.00349	0.06111	0.00966	0.00722	0.00944
91	0.01406	0.01181	0.04246	0.01110	0.01438	0.01084	0.00916	0.13542	0.05593	0.02953	0.27321	0.04973	0.23127	0.01435	0.00828	0.00239	0.00500	0.03292	0.03992	0.00824
92	0.01965	0.71523	0.06549	0.01304	0.01958	0.02889	0.01329	0.02228	0.01511	0.01771	0.01044	0.01206	0.00952	0.00638	0.00486	0.00162	0.00806	0.00403	0.00317	0.00958
93	0.01043	0.00778	0.01081	0.01079	0.01206	0.00856	0.00809	0.01264	0.01266	0.01761	0.05277	0.03761	0.09404	0.15075	0.50767	0.00984	0.01563	0.00942	0.00453	0.00629
94	0.02135	0.04681	0.09489	0.12135	0.05163	0.04895	0.01599	0.22356	0.21382	0.05577	0.01996	0.02062	0.01471	0.00860	0.00729	0.00233	0.00824	0.00688	0.00601	0.01123
95	0.05105	0.00811	0.00905	0.00859	0.01104	0.00729	0.00652	0.01360	0.01851	0.05187	0.31570	0.06011	0.37931	0.01635	0.00850	0.00242	0.00386	0.01384	0.00738	0.00691
96	0.01804	0.03889	0.02899	0.05609	0.25937	0.11125	0.17999	0.02221	0.01709	0.02231	0.04598	0.02292	0.01550	0.01150	0.06007	0.00304	0.04110	0.03187	0.00402	0.00976
97	0.01007	0.00751	0.00922	0.00889	0.01068	0.00681	0.00655	0.01293	0.01929	0.02633	0.48878	0.08251	0.21147	0.05385	0.01029	0.00265	0.00378	0.01408	0.00764	0.00667
98	0.01582	0.01345	0.01562	0.01120	0.01777	0.01033	0.00897	0.04033	0.01604	0.02494	0.01335	0.01547	0.01105	0.00561	0.00556	0.00114	0.00559	0.00447	0.00450	0.75876
99	0.01319	0.01083	0.01157	0.01122	0.01308	0.06987	0.00851	0.01709	0.06643	0.02109	0.05624	0.05865	0.09879	0.06656	0.27702	0.00618	0.03090	0.00921	0.14643	0.00714
100	0.05621	0.05013	0.10195	0.01778	0.02033	0.13759	0.01562	0.02011	0.01401	0.01941	0.01353	0.07489	0.01320	0.01353	0.04669	0.00316	0.36264	0.00712	0.00373	0.00836
101	0.01489	0.01273	0.01365	0.04864	0.01668	0.04066	0.00972	0.10261	0.14750	0.02520	0.06748	0.04386	0.26896	0.07183	0.04343	0.00327	0.04332	0.01090	0.00633	0.00835
102	0.01875	0.04437	0.06891	0.01528	0.05794	0.01360	0.02967	0.08744	0.05277	0.09314	0.04612	0.01921	0.01499	0.00710	0.00642	0.00167	0.00665	0.00584	0.00531	0.40483

[dist]
# distance from previous block
# <min> <max>
0	1

[block]
# block no. 3 follows, 27 sequences, length 18
# corresponding to MSA columns:
# 272-289
name=unknown_D
#
# <colnr> <probs for GDERKNQSTAVLIFYWHMCP>
#	G	D	E	R	K	N	Q	S	T	A	V	L	I	F	Y	W	H	M	C	P
0	0.08201	0.01952	0.18442	0.01983	0.12530	0.03871	0.01617	0.01971	0.01548	0.04431	0.02207	0.14577	0.04366	0.01158	0.00894	0.00247	0.06896	0.05369	0.00471	0.07269
1	0.00942	0.00690	0.00868	0.00987	0.01076	0.00639	0.00685	0.01096	0.01490	0.01949	0.07516	0.48835	0.15560	0.08133	0.01173	0.00327	0.00460	0.06296	0.00675	0.00604
2	0.01573	0.01576	0.02288	0.44411	0.11644	0.08937	0.05279	0.02008	0.01551	0.01953	0.01403	0.02013	0.01123	0.01332	0.09520	0.00357	0.01153	0.00669	0.00351	0.00858
3	0.04424	0.13000	0.16952	0.05218	0.11347	0.13626	0.01801	0.15684	0.04361	0.02682	0.01398	0.01606	0.01088	0.00767	0.00724	0.00216	0.03041	0.00568	0.00442	0.01055
4	0.01545	0.05295	0.19937	0.04824	0.08710	0.01269	0.01524	0.01959	0.01604	0.09961	0.09032	0.16021	0.02632	0.07580	0.04527	0.00331	0.00813	0.01013	0.00528	0.00895
5	0.00904	0.00646	0.00861	0.01034	0.01077	0.00603	0.00689	0.01034	0.01421	0.01895	0.04092	0.73426	0.04910	0.02326	0.00948	0.00301	0.00431	0.02110	0.00689	0.00603
6	0.01920	0.01718	0.11333	0.01774	0.09935	0.01427	0.01402	0.19189	0.02180	0.11428	0.03341	0.10378	0.16092	0.01235	0.00796	0.00243	0.00704	0.03256	0.00641	0.01008
7	0.05440	0.06901	0.07145	0.08279	0.21845	0.04116	0.04148	0.07563	0.04264	0.02509	0.01767	0.07681	0.01596	0.00896	0.00718	0.00222	0.00817	0.04073	0.00458	0.09561
8	0.01909	0.01734	0.01848	0.01599	0.01835	0.11602	0.01270	0.18258	0.01879	0.02476	0.01569	0.02232	0.01414	0.09065	0.17716	0.00518	0.21041	0.00705	0.00468	0.00864
9	0.21085	0.01204	0.01127	0.01048	0.01230	0.06077	0.00740	0.04511	0.01319	0.02130	0.01815	0.03253	0.01891	0.38247	0.08168	0.00560	0.03700	0.00806	0.00451	0.00638
10	0.01744	0.17981	0.11100	0.01498	0.04286	0.07372	0.01326	0.02308	0.10238	0.05400	0.02595	0.05396	0.11803	0.00990	0.00740	0.00209	0.03313	0.00769	0.00497	0.10436
11	0.00961	0.00721	0.00894	0.00945	0.01091	0.00654	0.00686	0.01190	0.01733	0.02304	0.26818	0.30676	0.21728	0.01927	0.00909	0.00268	0.00402	0.04714	0.00732	0.00646
12	0.01543	0.01745	0.12860	0.03741	0.02164	0.01205	0.04118	0.05318	0.01658	0.02465	0.01797	0.04665	0.04910	0.00744	0.00639	0.00162	0.00685	0.00622	0.00452	0.48507
13	0.01690	0.17786	0.14590	0.03533	0.02204	0.03721	0.06282	0.08322	0.01734	0.02325	0.08114	0.02253	0.04082	0.01240	0.04309	0.06932	0.04660	0.00685	0.00438	0.05102
14	0.03746	0.04645	0.04165	0.03679	0.07384	0.04546	0.04659	0.02031	0.07186	0.07587	0.09623	0.07156	0.09553	0.07064	0.09785	0.00386	0.00854	0.00948	0.00555	0.04448
15	0.07422	0.01836	0.04733	0.01458	0.04175	0.15171	0.01136	0.10614	0.07443	0.07854	0.08537	0.03283	0.15481	0.03705	0.00847	0.00240	0.00744	0.00870	0.00606	0.03842
16	0.04766	0.14992	0.08743	0.01553	0.04314	0.01679	0.05863	0.10927	0.05081	0.08728	0.12109	0.02871	0.06628	0.04774	0.03574	0.00282	0.00778	0.00811	0.00570	0.00958
17	0.02003	0.12941	0.14786	0.02102	0.09044	0.08691	0.07966	0.11227	0.07582	0.04738	0.05189	0.01941	0.01502	0.00835	0.00835	0.00226	0.06213	0.00660	0.00476	0.01043

[dist]
# distance from previous block
# <min> <max>
2	19

[block]
# block no. 4 follows, 27 sequences, length 40
# corresponding to MSA columns:
# 309-348
name=unknown_E
#
# <colnr> <probs for GDERKNQSTAVLIFYWHMCP>
#	G	D	E	R	K	N	Q	S	T	A	V	L	I	F	Y	W	H	M	C	P
0	0.01446	0.04458	0.01713	0.17635	0.02423	0.04468	0.03082	0.05043	0.07971	0.02249	0.05668	0.07355	0.11668	0.01741	0.09729	0.00360	0.00887	0.05165	0.00526	0.06412
1	0.01786	0.01369	0.02000	0.02085	0.15555	0.01338	0.07166	0.06611	0.09588	0.10444	0.09224	0.07521	0.06762	0.01139	0.00803	0.00240	0.00689	0.07673	0.00625	0.07383
2	0.05159	0.09025	0.02516	0.02286	0.17111	0.10187	0.07802	0.07853	0.04990	0.15634	0.03071	0.01928	0.01404	0.00762	0.00697	0.00209	0.00849	0.00645	0.00539	0.07336
3	0.01394	0.08625	0.04554	0.01170	0.01470	0.04073	0.00954	0.05872	0.01730	0.04600	0.08539	0.27308	0.17458	0.01596	0.00877	0.00248	0.03400	0.01349	0.00617	0.04166
4	0.03785	0.08627	0.04532	0.03771	0.07598	0.01457	0.05545	0.09677	0.04085	0.02487	0.02122	0.18879	0.02113	0.04278	0.00855	0.00236	0.00696	0.00960	0.00517	0.17780
5	0.02070	0.02096	0.05030	0.08936	0.17692	0.15717	0.07240	0.09695	0.01963	0.05562	0.04333	0.01894	0.01375	0.00769	0.00769	0.00211	0.03097	0.00645	0.00460	0.10446
6	0.05778	0.00896	0.01043	0.01016	0.01145	0.04216	0.00732	0.01423	0.01286	0.06283	0.02218	0.05944	0.06896	0.02015	0.01947	0.44165	0.00617	0.03775	0.08076	0.00528
7	0.01258	0.04047	0.01124	0.00981	0.01231	0.03937	0.00739	0.01599	0.07263	0.05350	0.14082	0.12012	0.33775	0.04229	0.01044	0.04125	0.00493	0.01329	0.00668	0.00713
8	0.05369	0.02075	0.02496	0.05866	0.38187	0.17406	0.01852	0.02424	0.04867	0.02320	0.04207	0.01888	0.01386	0.00784	0.00829	0.00224	0.05735	0.00645	0.00408	0.01031
9	0.01892	0.05381	0.08120	0.02214	0.17521	0.05429	0.03798	0.09040	0.11333	0.08259	0.02627	0.11379	0.07636	0.01076	0.00764	0.00236	0.00765	0.00928	0.00570	0.01031
10	0.00913	0.00705	0.00834	0.00905	0.01051	0.00626	0.00639	0.01095	0.01623	0.02084	0.14096	0.37143	0.31558	0.02035	0.00909	0.00272	0.00398	0.01785	0.00706	0.00626
11	0.02019	0.01353	0.01885	0.05063	0.05811	0.01252	0.06422	0.06746	0.06277	0.19086	0.11162	0.05278	0.02318	0.00915	0.00730	0.00205	0.00656	0.00802	0.00644	0.21377
12	0.05273	0.01340	0.04386	0.04968	0.05749	0.03863	0.01147	0.07596	0.04655	0.17684	0.06628	0.23393	0.02839	0.03114	0.03631	0.00299	0.00702	0.01147	0.00665	0.00921
13	0.09325	0.01068	0.01324	0.01204	0.01502	0.01061	0.03438	0.08564	0.01785	0.13570	0.03340	0.22444	0.09549	0.04828	0.03702	0.00317	0.00635	0.06550	0.04968	0.00825
14	0.02140	0.55716	0.03399	0.01416	0.01987	0.16896	0.01299	0.02471	0.05319	0.01837	0.01166	0.01309	0.01026	0.00683	0.00532	0.00171	0.00895	0.00438	0.00355	0.00946
15	0.01484	0.05689	0.61136	0.02047	0.03056	0.01697	0.04814	0.02285	0.01608	0.02376	0.05849	0.01838	0.01353	0.00755	0.00716	0.00233	0.01043	0.00609	0.00349	0.01063
16	0.01892	0.47887	0.22410	0.01601	0.02368	0.02466	0.04858	0.02326	0.01563	0.04867	0.01221	0.01393	0.00996	0.00667	0.00572	0.00188	0.00894	0.00478	0.00345	0.01009
17	0.01523	0.01401	0.07430	0.01447	0.04206	0.01267	0.01183	0.04247	0.23114	0.05994	0.10304	0.11345	0.11773	0.01406	0.00835	0.00263	0.00598	0.10044	0.00691	0.00928
18	0.01081	0.00772	0.00951	0.00940	0.01139	0.00696	0.00714	0.01357	0.01878	0.05022	0.36135	0.13213	0.24763	0.01731	0.00891	0.00254	0.00404	0.06612	0.00759	0.00688
19	0.05695	0.04781	0.02143	0.01724	0.02203	0.10285	0.08558	0.09283	0.40843	0.02970	0.02338	0.02283	0.01766	0.00895	0.00732	0.00237	0.00782	0.00746	0.00635	0.01099
20	0.01690	0.16633	0.44988	0.02302	0.12479	0.05095	0.02343	0.02345	0.01599	0.02225	0.01277	0.01526	0.00977	0.00689	0.00665	0.00217	0.01021	0.00534	0.00325	0.01071
21	0.00980	0.00742	0.00870	0.00860	0.01028	0.00668	0.00617	0.01207	0.01763	0.02334	0.32604	0.11542	0.28738	0.11260	0.01265	0.00309	0.00415	0.01451	0.00712	0.00633
22	0.01150	0.00863	0.01082	0.01040	0.01236	0.00849	0.00788	0.01707	0.10490	0.02867	0.51755	0.10646	0.06080	0.01545	0.00874	0.00247	0.00406	0.04832	0.00792	0.00753
23	0.01994	0.09395	0.03466	0.10295	0.06518	0.19085	0.33881	0.02451	0.01783	0.02126	0.01343	0.01748	0.01054	0.00676	0.00764	0.00225	0.01182	0.00696	0.00366	0.00950
24	0.01411	0.01064	0.01429	0.06912	0.07173	0.01099	0.01172	0.06118	0.07719	0.04988	0.03602	0.23173	0.08798	0.01682	0.00894	0.00286	0.00629	0.20385	0.00653	0.00814
25	0.00908	0.00758	0.00795	0.00798	0.01038	0.00644	0.00607	0.01117	0.01728	0.02099	0.12590	0.07068	0.60481	0.01858	0.00885	0.00254	0.00389	0.04647	0.00700	0.00636
26	0.00933	0.00684	0.00876	0.00977	0.01074	0.00627	0.00676	0.01117	0.01603	0.02143	0.18546	0.50406	0.13414	0.02095	0.00923	0.00280	0.00406	0.01876	0.00717	0.00627
27	0.02401	0.08712	0.05442	0.03793	0.02350	0.19436	0.04248	0.19613	0.06635	0.07953	0.01573	0.01726	0.01202	0.00878	0.00936	0.00228	0.10699	0.00615	0.00525	0.01036
28	0.01690	0.21632	0.02427	0.01557	0.01786	0.07928	0.01316	0.01882	0.01326	0.01744	0.01265	0.01912	0.01229	0.06639	0.13231	0.00439	0.30223	0.00619	0.00348	0.00806
29	0.01743	0.01534	0.04614	0.01525	0.07823	0.01241	0.01146	0.06637	0.06154	0.05254	0.01536	0.01705	0.01218	0.00635	0.00607	0.00147	0.00626	0.00518	0.00489	0.54847
30	0.15166	0.01417	0.01686	0.01310	0.01874	0.01357	0.01079	0.12768	0.02154	0.44955	0.02348	0.02139	0.01538	0.00854	0.00687	0.00221	0.00645	0.00660	0.00787	0.06354
31	0.01037	0.00763	0.00974	0.00934	0.01117	0.00699	0.00709	0.01368	0.02034	0.02826	0.58529	0.05871	0.14137	0.01586	0.00883	0.00241	0.00369	0.04435	0.00796	0.00691
32	0.01956	0.01847	0.03205	0.05034	0.22885	0.01854	0.26710	0.16467	0.02106	0.02869	0.01801	0.02307	0.03296	0.00791	0.00807	0.00239	0.00990	0.03280	0.00474	0.01082
33	0.05970	0.08681	0.09480	0.12832	0.11323	0.13930	0.01676	0.05359	0.06257	0.11591	0.01600	0.01799	0.01204	0.00795	0.00771	0.00224	0.04413	0.00604	0.00475	0.01018
34	0.01921	0.02787	0.40814	0.05876	0.02991	0.01551	0.09038	0.02571	0.01692	0.17861	0.01758	0.01987	0.01239	0.03611	0.00855	0.00255	0.00985	0.00656	0.00466	0.01085
35	0.00948	0.00728	0.00868	0.00890	0.01061	0.00648	0.00646	0.01181	0.01775	0.02337	0.29350	0.23264	0.29906	0.01858	0.00894	0.00257	0.00380	0.01621	0.00737	0.00648
36	0.02042	0.08797	0.22060	0.01763	0.02343	0.27762	0.01687	0.08214	0.01916	0.02240	0.01713	0.12762	0.01600	0.00994	0.00715	0.00222	0.01033	0.00766	0.00438	0.00934
37	0.01973	0.01916	0.02798	0.12633	0.39332	0.10058	0.08019	0.05495	0.01823	0.04884	0.01503	0.01991	0.01224	0.00735	0.00749	0.00227	0.00968	0.02190	0.00411	0.01071
38	0.01427	0.01296	0.01742	0.15231	0.06747	0.04386	0.01350	0.04808	0.01510	0.02030	0.04392	0.05000	0.09318	0.05007	0.17502	0.00497	0.15667	0.00866	0.00441	0.00783
39	0.04249	0.13435	0.04040	0.10439	0.02332	0.07866	0.01232	0.06397	0.01701	0.02367	0.01280	0.01528	0.01046	0.00640	0.00588	0.00158	0.00752	0.00482	0.00418	0.39051

[dist]
# distance from previous block
# <min> <max>
0	1

[block]
# block no. 5 follows, 27 sequences, length 25
# corresponding to MSA columns:
# 350-374
name=unknown_F
#
# <colnr> <probs for GDERKNQSTAVLIFYWHMCP>
#	G	D	E	R	K	N	Q	S	T	A	V	L	I	F	Y	W	H	M	C	P
0	0.01522	0.01333	0.02054	0.42178	0.11333	0.01535	0.01757	0.08761	0.01762	0.02316	0.04339	0.07548	0.04810	0.01012	0.00783	0.00251	0.00853	0.04522	0.00457	0.00875
1	0.02070	0.09558	0.04976	0.11630	0.08059	0.05079	0.05349	0.07503	0.11625	0.11971	0.01757	0.01961	0.01334	0.00886	0.01001	0.00242	0.12781	0.00670	0.00513	0.01035
2	0.01623	0.18651	0.49984	0.02101	0.06343	0.01990	0.04916	0.02321	0.01568	0.02227	0.01278	0.01518	0.00962	0.00685	0.00665	0.00219	0.01028	0.00535	0.00320	0.01067
3	0.01865	0.18675	0.16957	0.08609	0.02835	0.04669	0.12365	0.05663	0.07386	0.05153	0.01516	0.01735	0.01160	0.00712	0.00678	0.00209	0.00928	0.00605	0.00424	0.07855
4	0.01075	0.00726	0.00837	0.00829	0.00855	0.00717	0.00488	0.01128	0.01235	0.01673	0.12455	0.04963	0.03353	0.62906	0.03337	0.00646	0.00664	0.01120	0.00506	0.00488
5	0.01099	0.00832	0.01175	0.05295	0.04473	0.00853	0.00881	0.01386	0.01663	0.02334	0.33171	0.10542	0.04520	0.09756	0.18160	0.00521	0.00853	0.01181	0.00618	0.00686
6	0.01097	0.00815	0.01021	0.01119	0.01272	0.00796	0.00879	0.01414	0.04958	0.02060	0.04396	0.19753	0.16538	0.11464	0.01330	0.00362	0.00576	0.28838	0.00659	0.00652
7	0.12188	0.14492	0.01931	0.01317	0.01651	0.04506	0.03611	0.07084	0.04213	0.04341	0.01869	0.08982	0.01765	0.08899	0.10034	0.00399	0.06313	0.00788	0.04790	0.00827
8	0.00988	0.00735	0.00902	0.00990	0.01093	0.00700	0.00678	0.01250	0.05360	0.02048	0.11043	0.46332	0.13611	0.09196	0.01200	0.00326	0.00453	0.01780	0.00683	0.00634
9	0.29466	0.01522	0.01658	0.06800	0.02015	0.01789	0.01192	0.13980	0.08402	0.06935	0.01573	0.01808	0.01222	0.01277	0.06852	0.00328	0.11103	0.00603	0.00532	0.00942
10	0.01738	0.02105	0.08031	0.03073	0.03843	0.01869	0.63035	0.02376	0.01742	0.02376	0.01492	0.01978	0.01116	0.00630	0.00867	0.00249	0.01243	0.00858	0.00372	0.01007
11	0.00948	0.00665	0.00848	0.00977	0.01010	0.00632	0.00629	0.01045	0.01335	0.01781	0.03651	0.56201	0.04355	0.20308	0.01659	0.00407	0.00503	0.01851	0.00629	0.00565
12	0.01614	0.01364	0.01579	0.01135	0.01791	0.01066	0.00910	0.05632	0.01652	0.02550	0.01346	0.01553	0.01109	0.00570	0.00561	0.00116	0.00565	0.00453	0.00457	0.73975
13	0.02035	0.36592	0.05672	0.04225	0.05545	0.17955	0.01387	0.04886	0.03717	0.02006	0.01689	0.04727	0.05084	0.00836	0.00614	0.00192	0.00898	0.00607	0.00402	0.00930
14	0.05656	0.24521	0.32082	0.01740	0.02528	0.04958	0.04308	0.06639	0.04092	0.02348	0.01352	0.01615	0.01075	0.03238	0.00740	0.00227	0.00945	0.00542	0.00377	0.01017
15	0.00920	0.00663	0.00872	0.01011	0.01078	0.00615	0.00685	0.01077	0.01511	0.02024	0.11707	0.62953	0.07702	0.02215	0.00936	0.00292	0.00419	0.02000	0.00704	0.00615
16	0.00970	0.00732	0.01021	0.01116	0.01223	0.00683	0.03168	0.01153	0.01515	0.01999	0.06756	0.55084	0.10849	0.02161	0.00944	0.00296	0.00479	0.08536	0.00682	0.00632
17	0.01762	0.04828	0.27591	0.02244	0.10242	0.10995	0.08477	0.04964	0.06510	0.02388	0.02028	0.02563	0.05306	0.00903	0.00755	0.00237	0.00989	0.05769	0.00435	0.01012
18	0.01940	0.02314	0.21297	0.07897	0.17229	0.04259	0.05711	0.08823	0.08336	0.09170	0.01958	0.02127	0.03954	0.00811	0.00743	0.00233	0.00909	0.00698	0.00491	0.01100
19	0.00930	0.00726	0.00847	0.00901	0.01072	0.00644	0.00659	0.01133	0.01671	0.02130	0.15468	0.27350	0.36273	0.01973	0.00907	0.00269	0.00407	0.05298	0.00708	0.00634
20	0.04978	0.04365	0.05654	0.06808	0.04960	0.01490	0.14175	0.06767	0.08456	0.05062	0.06258	0.03059	0.08003	0.04299	0.07512	0.00347	0.00909	0.02564	0.03421	0.00911
21	0.02124	0.15763	0.18108	0.02011	0.06405	0.09709	0.10096	0.05832	0.01837	0.12845	0.04195	0.01864	0.01379	0.00786	0.00769	0.00219	0.03910	0.00634	0.00470	0.01043
22	0.01058	0.00797	0.01047	0.01050	0.01158	0.00856	0.00770	0.01236	0.01298	0.01760	0.04732	0.08449	0.12715	0.22235	0.30575	0.00772	0.04158	0.04232	0.00494	0.00606
23	0.01118	0.00775	0.00949	0.00990	0.01151	0.00727	0.00728	0.01403	0.04068	0.04863	0.16398	0.27860	0.17964	0.06041	0.01056	0.00296	0.00456	0.07921	0.04561	0.00676
24	0.01711	0.13392	0.14124	0.04939	0.16158	0.04670	0.06635	0.05214	0.08025	0.02388	0.05180	0.10575	0.01928	0.00956	0.00732	0.00229	0.00844	0.00835	0.00465	0.00999

[dist]
# distance from previous block
# <min> <max>
0	70

# created by:
# /home/berkeley/.conda/envs/busco_data_prod/bin/msa2prfl.pl pipeline/OGs_align_augustus/4893/16482.fs
