[name]
unknown

[dist]
# distance from previous block
# <min> <max>
28	104

[block]
# block no. 0 follows, 34 sequences, length 26
# corresponding to MSA columns:
# 153-178
name=unknown_A
#
# <colnr> <probs for GDERKNQSTAVLIFYWHMCP>
#	G	D	E	R	K	N	Q	S	T	A	V	L	I	F	Y	W	H	M	C	P
0	0.01884	0.16091	0.01896	0.01280	0.01665	0.17486	0.03365	0.05269	0.05697	0.13736	0.05077	0.10618	0.03202	0.00890	0.00657	0.00185	0.03097	0.00702	0.00488	0.06715
1	0.10088	0.06679	0.03303	0.03944	0.04945	0.04197	0.02180	0.03720	0.05718	0.09013	0.03875	0.04483	0.03020	0.03322	0.02665	0.00201	0.00615	0.00580	0.00451	0.26999
2	0.07313	0.10061	0.13126	0.10338	0.13096	0.01551	0.07888	0.04385	0.06226	0.02173	0.08168	0.01878	0.01497	0.00726	0.00697	0.00200	0.05165	0.00604	0.04065	0.00844
3	0.01440	0.05864	0.04073	0.03806	0.04336	0.10065	0.07021	0.04607	0.06512	0.05385	0.08352	0.13249	0.11363	0.06496	0.00939	0.00241	0.04102	0.00924	0.00489	0.00734
4	0.05262	0.03151	0.05675	0.01554	0.10242	0.05208	0.01156	0.22330	0.04481	0.11561	0.06316	0.04878	0.09464	0.00992	0.02476	0.00217	0.00660	0.00725	0.00554	0.03099
5	0.03283	0.04344	0.14445	0.01827	0.11155	0.10183	0.08098	0.13174	0.06884	0.02312	0.01929	0.04549	0.07875	0.03385	0.00732	0.00210	0.00774	0.00679	0.00432	0.03732
6	0.07170	0.00955	0.01042	0.03518	0.01310	0.05977	0.00757	0.01515	0.03093	0.09933	0.05218	0.41319	0.04903	0.01424	0.00709	0.00222	0.00486	0.01244	0.00562	0.08645
7	0.08969	0.01241	0.01366	0.01068	0.01532	0.03656	0.00851	0.08898	0.01542	0.10029	0.01534	0.08688	0.01328	0.00733	0.00601	0.00152	0.03175	0.00576	0.00472	0.43588
8	0.08708	0.03969	0.01730	0.01460	0.01563	0.01715	0.01216	0.01647	0.05258	0.01774	0.01398	0.02082	0.03660	0.01356	0.06483	0.00315	0.49193	0.05415	0.00353	0.00707
9	0.01337	0.14174	0.35179	0.03529	0.07080	0.01527	0.08468	0.01888	0.03625	0.01964	0.05106	0.10229	0.01551	0.00802	0.00633	0.00202	0.00798	0.00692	0.00354	0.00861
10	0.01515	0.06995	0.05039	0.07252	0.07021	0.01546	0.39789	0.04397	0.01506	0.02082	0.01237	0.01591	0.00959	0.00552	0.00662	0.00187	0.00896	0.00624	0.00340	0.15809
11	0.02667	0.06728	0.01769	0.01334	0.04395	0.04198	0.01062	0.15526	0.02016	0.50258	0.02138	0.01934	0.01401	0.00764	0.00630	0.00193	0.00622	0.00604	0.00698	0.01064
12	0.01422	0.01437	0.02109	0.01769	0.01815	0.01955	0.06326	0.01591	0.01027	0.01591	0.00881	0.01437	0.00858	0.01089	0.02024	0.00278	0.70807	0.00579	0.00286	0.00718
13	0.01880	0.11209	0.10895	0.01910	0.13088	0.06103	0.08081	0.11492	0.03210	0.12681	0.01476	0.03688	0.01151	0.00715	0.00705	0.00192	0.05270	0.00583	0.00441	0.05230
14	0.04370	0.01544	0.12921	0.01775	0.06921	0.01258	0.16555	0.04227	0.03721	0.12446	0.02147	0.08941	0.04565	0.02855	0.00841	0.00237	0.04186	0.09174	0.00476	0.00838
15	0.00784	0.00655	0.00682	0.00675	0.00885	0.00554	0.00507	0.00966	0.01520	0.01857	0.15302	0.06035	0.64174	0.01595	0.00763	0.00216	0.00324	0.01338	0.00615	0.00554
16	0.01248	0.01073	0.05246	0.00937	0.01081	0.06062	0.00681	0.06726	0.01229	0.03931	0.01870	0.03458	0.01982	0.54196	0.07201	0.00547	0.00759	0.00822	0.00411	0.00541
17	0.03349	0.06891	0.13467	0.06445	0.07914	0.11374	0.21932	0.07697	0.01620	0.05448	0.01430	0.06852	0.01188	0.00717	0.00659	0.00202	0.00897	0.00668	0.00382	0.00869
18	0.08309	0.01207	0.01648	0.01265	0.01765	0.01118	0.05913	0.06834	0.04455	0.57046	0.02291	0.02057	0.01478	0.00769	0.00640	0.00202	0.00592	0.00636	0.00724	0.01052
19	0.00806	0.00576	0.00771	0.00921	0.00967	0.00541	0.00632	0.00932	0.01255	0.01670	0.03551	0.71774	0.04233	0.02007	0.00830	0.00265	0.00391	0.06750	0.00599	0.00530
20	0.01490	0.01601	0.07527	0.06745	0.45604	0.01476	0.11739	0.01994	0.05626	0.02087	0.01683	0.01985	0.06156	0.00670	0.00666	0.00201	0.00785	0.00661	0.00356	0.00948
21	0.04671	0.06629	0.12599	0.04438	0.16028	0.08493	0.09299	0.13491	0.06871	0.07441	0.02957	0.01653	0.01173	0.00674	0.00628	0.00195	0.00804	0.00575	0.00434	0.00946
22	0.01299	0.01245	0.02008	0.52008	0.09838	0.01572	0.01721	0.01657	0.01236	0.01669	0.01084	0.01639	0.00872	0.00754	0.00993	0.00229	0.18572	0.00572	0.00289	0.00742
23	0.00827	0.00652	0.00746	0.00734	0.00915	0.00571	0.00546	0.01046	0.01606	0.02088	0.33731	0.09810	0.41369	0.01529	0.00767	0.00215	0.00321	0.01311	0.00646	0.00571
24	0.08515	0.10100	0.31152	0.03248	0.06530	0.08809	0.06582	0.06188	0.06174	0.02171	0.01417	0.01582	0.03456	0.00668	0.00595	0.00195	0.00840	0.00529	0.00356	0.00892
25	0.05036	0.03706	0.01807	0.10843	0.07044	0.08367	0.01229	0.23901	0.05451	0.20833	0.01758	0.04264	0.01294	0.00776	0.00632	0.00198	0.00706	0.00617	0.00568	0.00968

[dist]
# distance from previous block
# <min> <max>
0	7

[block]
# block no. 1 follows, 34 sequences, length 189
# corresponding to MSA columns:
# 186-374
name=unknown_B
#
# <colnr> <probs for GDERKNQSTAVLIFYWHMCP>
#	G	D	E	R	K	N	Q	S	T	A	V	L	I	F	Y	W	H	M	C	P
0	0.01871	0.01146	0.01400	0.01041	0.01579	0.00932	0.00841	0.02232	0.05452	0.25870	0.01695	0.01684	0.01227	0.00607	0.00545	0.00137	0.00504	0.00491	0.00536	0.50210
1	0.77366	0.01366	0.05018	0.00905	0.01336	0.01452	0.00794	0.01908	0.01114	0.02851	0.00914	0.01067	0.00706	0.00601	0.00412	0.00200	0.00525	0.00357	0.00393	0.00714
2	0.04963	0.29051	0.42236	0.01523	0.02290	0.01894	0.01804	0.05850	0.01428	0.02013	0.01079	0.01247	0.00833	0.00601	0.00537	0.00181	0.00830	0.00432	0.00300	0.00908
3	0.01296	0.03342	0.73944	0.01842	0.02797	0.01501	0.02387	0.02046	0.01364	0.02046	0.01160	0.01364	0.00818	0.00614	0.00614	0.00205	0.00955	0.00477	0.00273	0.00955
4	0.02377	0.07199	0.01921	0.01628	0.01979	0.68457	0.01240	0.04637	0.01839	0.01654	0.01010	0.01170	0.00840	0.00663	0.00575	0.00166	0.01125	0.00417	0.00339	0.00764
5	0.02456	0.01810	0.01939	0.01487	0.02004	0.02004	0.01228	0.71107	0.03038	0.04072	0.01551	0.01551	0.01099	0.00776	0.00646	0.00194	0.00711	0.00582	0.00646	0.01099
6	0.00940	0.00626	0.00705	0.00705	0.00705	0.00626	0.00392	0.00940	0.00940	0.01253	0.02036	0.04228	0.02349	0.77292	0.03289	0.00626	0.00626	0.00940	0.00392	0.00392
7	0.00940	0.00626	0.00705	0.00705	0.00705	0.00626	0.00392	0.00940	0.00940	0.01253	0.02036	0.04228	0.02349	0.77292	0.03289	0.00626	0.00626	0.00940	0.00392	0.00392
8	0.00877	0.00656	0.00813	0.00780	0.00943	0.00593	0.00582	0.01144	0.01731	0.02371	0.55816	0.07296	0.21192	0.01413	0.00764	0.00208	0.00312	0.01233	0.00683	0.00593
9	0.05943	0.00640	0.00623	0.00617	0.00782	0.00652	0.00466	0.01529	0.01340	0.02438	0.02037	0.02329	0.01600	0.00744	0.00449	0.00153	0.00313	0.00587	0.76151	0.00608
10	0.01727	0.77681	0.03386	0.01106	0.01658	0.02557	0.01106	0.01935	0.01313	0.01520	0.00898	0.01036	0.00829	0.00553	0.00415	0.00138	0.00691	0.00345	0.00276	0.00829
11	0.00792	0.00590	0.00740	0.00856	0.00938	0.00538	0.00592	0.00923	0.01299	0.01682	0.04220	0.58514	0.19534	0.01929	0.00814	0.00254	0.00373	0.04283	0.00600	0.00532
12	0.62728	0.01559	0.01189	0.01090	0.03190	0.11946	0.00848	0.07062	0.01355	0.02777	0.00969	0.01116	0.00756	0.00621	0.00450	0.00195	0.00617	0.00382	0.00406	0.00744
13	0.01296	0.03342	0.73944	0.01842	0.02797	0.01501	0.02387	0.02046	0.01364	0.02046	0.01160	0.01364	0.00818	0.00614	0.00614	0.00205	0.00955	0.00477	0.00273	0.00955
14	0.00818	0.00632	0.00747	0.00771	0.00920	0.00560	0.00558	0.01013	0.01523	0.01991	0.27011	0.24783	0.33070	0.01640	0.00780	0.00225	0.00333	0.01428	0.00636	0.00560
15	0.01470	0.06328	0.27419	0.11623	0.15541	0.01564	0.09043	0.03961	0.03380	0.04172	0.04091	0.01672	0.01152	0.00675	0.00722	0.00206	0.05156	0.00577	0.00344	0.00904
16	0.01481	0.01542	0.01941	0.54620	0.08055	0.15112	0.01673	0.01915	0.04212	0.01708	0.01183	0.01639	0.00910	0.00655	0.00634	0.00205	0.00898	0.00551	0.00312	0.00754
17	0.00793	0.00567	0.00755	0.00896	0.00938	0.00528	0.00600	0.00913	0.01262	0.01690	0.06533	0.73784	0.04352	0.01994	0.00822	0.00260	0.00372	0.01808	0.00605	0.00528
18	0.01022	0.00816	0.01199	0.05334	0.03475	0.00971	0.00913	0.01212	0.01055	0.01506	0.01688	0.06712	0.01669	0.11049	0.45674	0.03184	0.10835	0.00752	0.00351	0.00584
19	0.01821	0.03521	0.03845	0.14360	0.21018	0.13247	0.05345	0.02222	0.05074	0.13663	0.01632	0.01849	0.03427	0.00833	0.02946	0.00224	0.03066	0.00601	0.00419	0.00888
20	0.01927	0.02222	0.01738	0.01552	0.01810	0.42539	0.03253	0.05929	0.01608	0.01718	0.01226	0.03565	0.01095	0.01556	0.14772	0.00352	0.11509	0.00547	0.00353	0.00728
21	0.01122	0.00561	0.00842	0.00842	0.00842	0.00561	0.00561	0.00842	0.00842	0.01122	0.01122	0.01964	0.01122	0.02245	0.02525	0.81201	0.00561	0.00561	0.00281	0.00281
22	0.01379	0.01275	0.05576	0.17290	0.16371	0.01300	0.05187	0.03613	0.03414	0.04103	0.07104	0.02319	0.01624	0.02835	0.02792	0.04478	0.08897	0.03815	0.05857	0.00772
23	0.01562	0.01495	0.05975	0.12741	0.26963	0.03198	0.10381	0.06466	0.04565	0.06383	0.01828	0.06344	0.05298	0.03043	0.00751	0.00219	0.00762	0.00729	0.00412	0.00886
24	0.01330	0.02406	0.40227	0.06170	0.14142	0.01462	0.09915	0.01893	0.01371	0.01980	0.01458	0.05905	0.03131	0.00740	0.00737	0.00213	0.05073	0.00639	0.00316	0.00894
25	0.00787	0.00565	0.00747	0.00892	0.00935	0.00525	0.00596	0.00901	0.01244	0.01652	0.03652	0.74722	0.06364	0.02012	0.00823	0.00261	0.00373	0.01822	0.00600	0.00525
26	0.01340	0.01148	0.01340	0.00957	0.01531	0.00861	0.00766	0.01627	0.01340	0.02105	0.01148	0.01340	0.00957	0.00479	0.00479	0.00096	0.00479	0.00383	0.00383	0.81242
27	0.05446	0.01196	0.01855	0.67334	0.04114	0.03496	0.01698	0.01680	0.01304	0.01723	0.01204	0.01851	0.00944	0.00681	0.00639	0.00216	0.00843	0.02759	0.00304	0.00714
28	0.00860	0.00658	0.00787	0.00755	0.00932	0.00586	0.00566	0.01113	0.01699	0.02283	0.48725	0.05334	0.30485	0.01436	0.00763	0.00209	0.00313	0.01240	0.00671	0.00586
29	0.01545	0.01617	0.03056	0.02777	0.20919	0.01635	0.38547	0.02174	0.10297	0.02115	0.01410	0.01761	0.01104	0.00644	0.00834	0.00217	0.07375	0.00694	0.00363	0.00915
30	0.01340	0.01148	0.01340	0.00957	0.01531	0.00861	0.00766	0.01627	0.01340	0.02105	0.01148	0.01340	0.00957	0.00479	0.00479	0.00096	0.00479	0.00383	0.00383	0.81242
31	0.00976	0.00700	0.00855	0.00832	0.00847	0.00762	0.00532	0.01019	0.00957	0.01311	0.01897	0.03767	0.02126	0.61198	0.12880	0.00654	0.06991	0.00875	0.00376	0.00443
32	0.00923	0.00692	0.01038	0.01038	0.01154	0.00808	0.00808	0.01154	0.01038	0.01500	0.01731	0.02538	0.01615	0.04846	0.74732	0.01038	0.01731	0.00692	0.00346	0.00577
33	0.02899	0.01100	0.01499	0.01150	0.01649	0.00950	0.00950	0.03149	0.01849	0.73709	0.02549	0.02199	0.01599	0.00800	0.00650	0.00200	0.00550	0.00650	0.00800	0.01100
34	0.00914	0.00660	0.00864	0.00813	0.00965	0.00610	0.00610	0.01219	0.01829	0.02591	0.72921	0.04827	0.06097	0.01321	0.00762	0.00203	0.00305	0.01169	0.00711	0.00610
35	0.01599	0.01535	0.02623	0.03966	0.73262	0.01535	0.01983	0.01983	0.01471	0.02111	0.01215	0.01599	0.01023	0.00576	0.00640	0.00192	0.00768	0.00576	0.00320	0.01023
36	0.01384	0.00775	0.00794	0.00729	0.00932	0.00803	0.00563	0.11467	0.01596	0.02647	0.02028	0.02286	0.01576	0.00756	0.00480	0.00157	0.00360	0.00599	0.69396	0.00673
37	0.02414	0.03079	0.01831	0.01665	0.01998	0.74698	0.01248	0.02580	0.01831	0.01581	0.00999	0.01165	0.00832	0.00666	0.00583	0.00166	0.01165	0.00416	0.00333	0.00749
38	0.01381	0.01222	0.01359	0.00984	0.01549	0.03670	0.00784	0.01663	0.01359	0.02086	0.01143	0.01333	0.00952	0.00486	0.00482	0.00098	0.00505	0.00384	0.00381	0.78180
39	0.02119	0.27021	0.02451	0.01628	0.05000	0.45175	0.04206	0.02325	0.01635	0.01605	0.00989	0.01167	0.00846	0.00620	0.00539	0.00161	0.00992	0.00415	0.00314	0.00792
40	0.01347	0.02997	0.03544	0.03268	0.03490	0.03270	0.04821	0.01786	0.08591	0.05448	0.12066	0.06560	0.09848	0.00926	0.00733	0.00182	0.05567	0.00771	0.00490	0.24295
41	0.01377	0.01883	0.20637	0.14489	0.27987	0.04165	0.05426	0.01830	0.01414	0.01942	0.01674	0.07422	0.05406	0.00769	0.00659	0.00206	0.00808	0.00694	0.00341	0.00873
42	0.00830	0.00645	0.00755	0.00754	0.00920	0.00569	0.00555	0.01045	0.01590	0.02085	0.33826	0.15133	0.35861	0.01557	0.00771	0.00218	0.00324	0.01346	0.00646	0.00569
43	0.00784	0.00574	0.00738	0.00869	0.00929	0.00527	0.00586	0.00903	0.01266	0.01661	0.03933	0.68080	0.12824	0.01976	0.00817	0.00257	0.00369	0.01778	0.00600	0.00527
44	0.01538	0.01777	0.16243	0.18197	0.21104	0.01500	0.07330	0.10598	0.03709	0.03934	0.01410	0.04086	0.01125	0.00851	0.03593	0.00239	0.00856	0.00624	0.00377	0.00910
45	0.01313	0.01161	0.01705	0.19606	0.17333	0.01272	0.03037	0.03950	0.16276	0.02056	0.02229	0.15580	0.04924	0.01163	0.03632	0.00254	0.00688	0.02548	0.00462	0.00811
46	0.00811	0.00580	0.00777	0.00927	0.00975	0.00546	0.00642	0.00941	0.01261	0.01676	0.03548	0.70267	0.04221	0.02002	0.00831	0.00266	0.00396	0.08203	0.00599	0.00531
47	0.02685	0.03417	0.01652	0.05437	0.04147	0.04259	0.01062	0.06678	0.01855	0.58443	0.02260	0.02041	0.01458	0.00770	0.00639	0.00197	0.00613	0.00621	0.00712	0.01053
48	0.01939	0.13369	0.14094	0.01741	0.06251	0.01846	0.10084	0.32193	0.02108	0.04637	0.01386	0.01601	0.01060	0.03955	0.00734	0.00209	0.00790	0.00568	0.00464	0.00972
49	0.00874	0.00618	0.00819	0.00947	0.01008	0.00595	0.00685	0.01019	0.01260	0.01667	0.03312	0.48786	0.03862	0.12459	0.01186	0.00322	0.00467	0.19019	0.00570	0.00524
50	0.68441	0.03445	0.01170	0.01014	0.03168	0.03535	0.00805	0.08043	0.01306	0.02909	0.00968	0.01111	0.00750	0.00615	0.00433	0.00197	0.00549	0.00378	0.00414	0.00748
51	0.01282	0.00787	0.00996	0.00908	0.01131	0.00740	0.00692	0.01681	0.07761	0.14301	0.44363	0.10618	0.09603	0.01281	0.00740	0.00210	0.00371	0.01117	0.00704	0.00715
52	0.06841	0.02977	0.01782	0.01619	0.01956	0.70616	0.01218	0.02542	0.01790	0.01655	0.00993	0.01159	0.00825	0.00662	0.00572	0.00168	0.01128	0.00412	0.00337	0.00746
53	0.00940	0.00626	0.00705	0.00705	0.00705	0.00626	0.00392	0.00940	0.00940	0.01253	0.02036	0.04228	0.02349	0.77292	0.03289	0.00626	0.00626	0.00940	0.00392	0.00392
54	0.01727	0.77681	0.03386	0.01106	0.01658	0.02557	0.01106	0.01935	0.01313	0.01520	0.00898	0.01036	0.00829	0.00553	0.00415	0.00138	0.00691	0.00345	0.00276	0.00829
55	0.01204	0.00602	0.00602	0.00602	0.00753	0.00602	0.00452	0.01506	0.01355	0.02409	0.02108	0.02409	0.01656	0.00753	0.00452	0.00151	0.00301	0.00602	0.80879	0.00602
56	0.02899	0.01100	0.01499	0.01150	0.01649	0.00950	0.00950	0.03149	0.01849	0.73709	0.02549	0.02199	0.01599	0.00800	0.00650	0.00200	0.00550	0.00650	0.00800	0.01100
57	0.02456	0.01810	0.01939	0.01487	0.02004	0.02004	0.01228	0.71107	0.03038	0.04072	0.01551	0.01551	0.01099	0.00776	0.00646	0.00194	0.00711	0.00582	0.00646	0.01099
58	0.01578	0.01514	0.02584	0.07966	0.69426	0.01530	0.01972	0.01964	0.01461	0.02085	0.01212	0.01606	0.01014	0.00580	0.00640	0.00193	0.00773	0.00576	0.00318	0.01006
59	0.01833	0.01293	0.01415	0.01199	0.01536	0.04419	0.00951	0.29278	0.05904	0.10502	0.16744	0.12320	0.02746	0.01092	0.00696	0.00208	0.00560	0.03584	0.02847	0.00871
60	0.01296	0.03342	0.73944	0.01842	0.02797	0.01501	0.02387	0.02046	0.01364	0.02046	0.01160	0.01364	0.00818	0.00614	0.00614	0.00205	0.00955	0.00477	0.00273	0.00955
61	0.00764	0.00655	0.00655	0.00655	0.00873	0.00545	0.00491	0.00927	0.01473	0.01745	0.06546	0.06218	0.73000	0.01636	0.00764	0.00218	0.00327	0.01364	0.00600	0.00545
62	0.01479	0.23752	0.51614	0.01611	0.02437	0.01770	0.01977	0.02059	0.01369	0.04744	0.01143	0.01307	0.00852	0.00604	0.00560	0.00186	0.00866	0.00448	0.00295	0.00926
63	0.01457	0.01323	0.01946	0.17524	0.23264	0.01454	0.04239	0.02348	0.25958	0.02200	0.01946	0.02556	0.01623	0.00830	0.00681	0.00219	0.00691	0.08373	0.00462	0.00905
64	0.00924	0.00672	0.00813	0.00770	0.00955	0.00598	0.00580	0.01180	0.01710	0.04479	0.48433	0.05215	0.28476	0.01411	0.00759	0.00208	0.00320	0.01218	0.00677	0.00603
65	0.00787	0.00562	0.00750	0.00900	0.00937	0.00525	0.00600	0.00900	0.01237	0.01649	0.03561	0.76871	0.04274	0.02024	0.00825	0.00262	0.00375	0.01837	0.00600	0.00525
66	0.04234	0.01847	0.03880	0.04182	0.12734	0.11407	0.08837	0.30474	0.02195	0.11627	0.01486	0.01595	0.01077	0.00697	0.00643	0.00194	0.00806	0.00578	0.00515	0.00992
67	0.00943	0.00678	0.00958	0.01062	0.01173	0.00657	0.02885	0.01159	0.01361	0.01829	0.03349	0.40284	0.03783	0.01803	0.00830	0.00270	0.00487	0.30662	0.05258	0.00570
68	0.61211	0.07609	0.01304	0.01012	0.01417	0.12814	0.00830	0.03815	0.01280	0.02618	0.00932	0.01079	0.00741	0.00611	0.00436	0.00190	0.00623	0.00366	0.00386	0.00728
69	0.00875	0.00659	0.00809	0.00771	0.00941	0.00593	0.00578	0.01142	0.01735	0.02368	0.55441	0.05193	0.23716	0.01404	0.00762	0.00207	0.00311	0.01220	0.00682	0.00593
70	0.02214	0.26413	0.02362	0.01357	0.01848	0.08148	0.01173	0.34347	0.02194	0.08969	0.01352	0.01403	0.01023	0.00710	0.00625	0.00178	0.03720	0.00497	0.00499	0.00967
71	0.01387	0.01147	0.01345	0.00963	0.01535	0.00864	0.00771	0.01673	0.01355	0.04283	0.01191	0.01366	0.00977	0.00488	0.00484	0.00099	0.00481	0.00391	0.00395	0.78805
72	0.01736	0.21172	0.34879	0.01585	0.02308	0.03610	0.03826	0.17156	0.01748	0.04450	0.01222	0.01356	0.00911	0.00639	0.00577	0.00185	0.00834	0.00480	0.00374	0.00952
73	0.01220	0.01148	0.01938	0.75739	0.04450	0.01436	0.01794	0.01651	0.01292	0.01651	0.01148	0.01723	0.00861	0.00646	0.00646	0.00215	0.00861	0.00574	0.00287	0.00718
74	0.00764	0.00655	0.00655	0.00655	0.00873	0.00545	0.00491	0.00927	0.01473	0.01745	0.06546	0.06218	0.73000	0.01636	0.00764	0.00218	0.00327	0.01364	0.00600	0.00545
75	0.00794	0.00651	0.00700	0.00699	0.00894	0.00557	0.00520	0.00982	0.01528	0.01903	0.19142	0.09889	0.56305	0.01597	0.00767	0.00218	0.00326	0.01353	0.00621	0.00557
76	0.00924	0.00689	0.01024	0.01024	0.01135	0.00800	0.00790	0.01145	0.01034	0.01489	0.01744	0.02610	0.01647	0.07937	0.71684	0.01021	0.01684	0.00703	0.00348	0.00569
77	0.02899	0.01100	0.01499	0.01150	0.01649	0.00950	0.00950	0.03149	0.01849	0.73709	0.02549	0.02199	0.01599	0.00800	0.00650	0.00200	0.00550	0.00650	0.00800	0.01100
78	0.02414	0.03079	0.01831	0.01665	0.01998	0.74698	0.01248	0.02580	0.01831	0.01581	0.00999	0.01165	0.00832	0.00666	0.00583	0.00166	0.01165	0.00416	0.00333	0.00749
79	0.01340	0.01148	0.01340	0.00957	0.01531	0.00861	0.00766	0.01627	0.01340	0.02105	0.01148	0.01340	0.00957	0.00479	0.00479	0.00096	0.00479	0.00383	0.00383	0.81242
80	0.01204	0.00602	0.00602	0.00602	0.00753	0.00602	0.00452	0.01506	0.01355	0.02409	0.02108	0.02409	0.01656	0.00753	0.00452	0.00151	0.00301	0.00602	0.80879	0.00602
81	0.01599	0.01535	0.02623	0.03966	0.73262	0.01535	0.01983	0.01983	0.01471	0.02111	0.01215	0.01599	0.01023	0.00576	0.00640	0.00192	0.00768	0.00576	0.00320	0.01023
82	0.02101	0.00928	0.01257	0.01049	0.01407	0.00824	0.00853	0.02372	0.01807	0.44593	0.24455	0.03515	0.03202	0.01058	0.00708	0.00211	0.00478	0.07529	0.00752	0.00898
83	0.05929	0.01650	0.01813	0.01395	0.01904	0.01778	0.01152	0.55122	0.02727	0.17377	0.01715	0.01654	0.01178	0.00773	0.00637	0.00195	0.00671	0.00585	0.00665	0.01082
84	0.02456	0.01810	0.01939	0.01487	0.02004	0.02004	0.01228	0.71107	0.03038	0.04072	0.01551	0.01551	0.01099	0.00776	0.00646	0.00194	0.00711	0.00582	0.00646	0.01099
85	0.00959	0.00665	0.00785	0.00773	0.00782	0.00698	0.00467	0.00983	0.00949	0.01285	0.01961	0.03977	0.02228	0.68413	0.08791	0.00644	0.03933	0.00904	0.00383	0.00419
86	0.00772	0.00655	0.00667	0.00664	0.00878	0.00549	0.00498	0.00944	0.01493	0.01794	0.10361	0.06138	0.69154	0.01618	0.00764	0.00217	0.00326	0.01352	0.00606	0.00549
87	0.01241	0.01170	0.01976	0.71739	0.08285	0.01441	0.01805	0.01669	0.01302	0.01677	0.01152	0.01716	0.00870	0.00642	0.00646	0.00214	0.00856	0.00574	0.00289	0.00735
88	0.00960	0.00696	0.00904	0.00889	0.00933	0.00772	0.00609	0.01056	0.00980	0.01365	0.01852	0.03420	0.01983	0.45122	0.30763	0.00766	0.05259	0.00823	0.00368	0.00481
89	0.02885	0.01121	0.01513	0.01160	0.01660	0.00982	0.00958	0.05225	0.01886	0.71582	0.02519	0.02179	0.01584	0.00799	0.00650	0.00200	0.00555	0.00648	0.00795	0.01100
90	0.02334	0.01538	0.07984	0.01913	0.13956	0.03427	0.10261	0.06495	0.01770	0.40619	0.01951	0.01905	0.01309	0.00709	0.00657	0.00200	0.00716	0.00627	0.00593	0.01035
91	0.03849	0.06640	0.10114	0.05820	0.18391	0.09958	0.06336	0.18534	0.05543	0.06576	0.01390	0.01557	0.01049	0.00666	0.00623	0.00193	0.00810	0.00554	0.00436	0.00961
92	0.01736	0.01734	0.02237	0.15624	0.25095	0.16116	0.09458	0.07588	0.01669	0.03833	0.05253	0.01765	0.01273	0.00671	0.00645	0.00194	0.00851	0.00601	0.02786	0.00869
93	0.35682	0.04278	0.05289	0.03313	0.09535	0.24381	0.01143	0.03697	0.01445	0.02298	0.01033	0.01227	0.00826	0.00626	0.00508	0.00186	0.00775	0.00419	0.02565	0.00775
94	0.00914	0.00660	0.00864	0.00813	0.00965	0.00610	0.00610	0.01219	0.01829	0.02591	0.72921	0.04827	0.06097	0.01321	0.00762	0.00203	0.00305	0.01169	0.00711	0.00610
95	0.01183	0.01144	0.04620	0.13682	0.15422	0.03827	0.03306	0.01521	0.03311	0.01844	0.02415	0.27667	0.02575	0.01300	0.00749	0.00239	0.00646	0.13373	0.00465	0.00713
96	0.01528	0.01463	0.02531	0.06736	0.60401	0.01474	0.05817	0.01913	0.01450	0.02057	0.01332	0.01893	0.01153	0.00798	0.03597	0.00232	0.00821	0.03506	0.00332	0.00966
97	0.02261	0.01681	0.01815	0.01436	0.01906	0.01860	0.01177	0.59873	0.08587	0.03774	0.01797	0.05068	0.01406	0.00876	0.00664	0.00203	0.00676	0.03247	0.00643	0.01049
98	0.01583	0.01360	0.01443	0.01310	0.01666	0.01570	0.01024	0.03344	0.69082	0.02670	0.02664	0.02619	0.02047	0.00915	0.00667	0.00222	0.00515	0.03639	0.00655	0.01004
99	0.00940	0.00626	0.00705	0.00705	0.00705	0.00626	0.00392	0.00940	0.00940	0.01253	0.02036	0.04228	0.02349	0.77292	0.03289	0.00626	0.00626	0.00940	0.00392	0.00392
100	0.01727	0.77681	0.03386	0.01106	0.01658	0.02557	0.01106	0.01935	0.01313	0.01520	0.00898	0.01036	0.00829	0.00553	0.00415	0.00138	0.00691	0.00345	0.00276	0.00829
101	0.02414	0.03079	0.01831	0.01665	0.01998	0.74698	0.01248	0.02580	0.01831	0.01581	0.00999	0.01165	0.00832	0.00666	0.00583	0.00166	0.01165	0.00416	0.00333	0.00749
102	0.01005	0.00746	0.00919	0.00848	0.01035	0.00711	0.00644	0.05150	0.03987	0.02584	0.59549	0.04723	0.13014	0.01312	0.00753	0.00205	0.00336	0.01144	0.00694	0.00642
103	0.01371	0.16234	0.61708	0.01714	0.02599	0.01684	0.02165	0.02027	0.01355	0.01955	0.01114	0.01307	0.00820	0.00603	0.00579	0.00193	0.00909	0.00455	0.00273	0.00933
104	0.01296	0.03342	0.73944	0.01842	0.02797	0.01501	0.02387	0.02046	0.01364	0.02046	0.01160	0.01364	0.00818	0.00614	0.00614	0.00205	0.00955	0.00477	0.00273	0.00955
105	0.00787	0.00562	0.00750	0.00900	0.00937	0.00525	0.00600	0.00900	0.01237	0.01649	0.03561	0.76871	0.04274	0.02024	0.00825	0.00262	0.00375	0.01837	0.00600	0.00525
106	0.01403	0.01022	0.01446	0.01288	0.01416	0.01266	0.01045	0.01605	0.01148	0.11890	0.01526	0.02057	0.01323	0.02698	0.33680	0.00597	0.29803	0.00635	0.03450	0.00702
107	0.01599	0.01535	0.02623	0.03966	0.73262	0.01535	0.01983	0.01983	0.01471	0.02111	0.01215	0.01599	0.01023	0.00576	0.00640	0.00192	0.00768	0.00576	0.00320	0.01023
108	0.00764	0.00655	0.00655	0.00655	0.00873	0.00545	0.00491	0.00927	0.01473	0.01745	0.06546	0.06218	0.73000	0.01636	0.00764	0.00218	0.00327	0.01364	0.00600	0.00545
109	0.01766	0.01485	0.02512	0.03563	0.61872	0.01462	0.03890	0.02137	0.01522	0.11429	0.01392	0.01682	0.01097	0.00604	0.00645	0.00194	0.00749	0.00591	0.00383	0.01029
110	0.01517	0.01460	0.02514	0.19084	0.56597	0.01517	0.04049	0.01916	0.01435	0.02013	0.01204	0.01630	0.00988	0.00590	0.00645	0.00198	0.00797	0.00581	0.00313	0.00954
111	0.00949	0.00667	0.00832	0.00824	0.00855	0.00715	0.00534	0.01015	0.00968	0.01328	0.01919	0.03691	0.02107	0.55542	0.22502	0.00727	0.03136	0.00862	0.00376	0.00451
112	0.01414	0.01414	0.01979	0.01696	0.01696	0.01979	0.01414	0.01555	0.00990	0.01555	0.00848	0.01414	0.00848	0.01131	0.02120	0.00283	0.76110	0.00565	0.00283	0.00707
113	0.01340	0.01148	0.01340	0.00957	0.01531	0.00861	0.00766	0.01627	0.01340	0.02105	0.01148	0.01340	0.00957	0.00479	0.00479	0.00096	0.00479	0.00383	0.00383	0.81242
114	0.01699	0.17115	0.31369	0.01884	0.09408	0.17134	0.03755	0.04858	0.01524	0.01922	0.01093	0.01303	0.00860	0.00628	0.00619	0.00185	0.02981	0.00464	0.00307	0.00891
115	0.02528	0.01694	0.01867	0.01432	0.01946	0.01832	0.01183	0.60015	0.02844	0.15438	0.01714	0.01657	0.01181	0.00780	0.00647	0.00195	0.00685	0.00593	0.00671	0.01099
116	0.01392	0.04485	0.43098	0.05137	0.06032	0.01570	0.24988	0.02033	0.01418	0.02028	0.01204	0.01506	0.00883	0.00589	0.00661	0.00207	0.00981	0.00577	0.00293	0.00918
117	0.00792	0.00566	0.00754	0.00896	0.00938	0.00528	0.00600	0.00912	0.01260	0.01685	0.06200	0.74130	0.04343	0.01998	0.00822	0.00260	0.00372	0.01811	0.00604	0.00528
118	0.00834	0.00586	0.00732	0.00830	0.00862	0.00557	0.00531	0.00913	0.01153	0.01529	0.03199	0.51533	0.06288	0.25478	0.01591	0.00374	0.00451	0.01539	0.00535	0.00484
119	0.00784	0.00573	0.00739	0.00871	0.00930	0.00527	0.00587	0.00903	0.01264	0.01661	0.03909	0.68649	0.12271	0.01979	0.00818	0.00257	0.00369	0.01782	0.00600	0.00527
120	0.01220	0.01148	0.01938	0.75739	0.04450	0.01436	0.01794	0.01651	0.01292	0.01651	0.01148	0.01723	0.00861	0.00646	0.00646	0.00215	0.00861	0.00574	0.00287	0.00718
121	0.00764	0.00655	0.00655	0.00655	0.00873	0.00545	0.00491	0.00927	0.01473	0.01745	0.06546	0.06218	0.73000	0.01636	0.00764	0.00218	0.00327	0.01364	0.00600	0.00545
122	0.02490	0.01220	0.01516	0.01200	0.01656	0.01185	0.00978	0.14680	0.10927	0.46711	0.08403	0.02339	0.01945	0.00850	0.00660	0.00202	0.00552	0.00693	0.00748	0.01048
123	0.01607	0.01388	0.01461	0.01315	0.01680	0.01607	0.01023	0.03433	0.72094	0.02703	0.02630	0.02411	0.01972	0.00877	0.00657	0.00219	0.00511	0.00731	0.00657	0.01023
124	0.01727	0.77681	0.03386	0.01106	0.01658	0.02557	0.01106	0.01935	0.01313	0.01520	0.00898	0.01036	0.00829	0.00553	0.00415	0.00138	0.00691	0.00345	0.00276	0.00829
125	0.01727	0.77681	0.03386	0.01106	0.01658	0.02557	0.01106	0.01935	0.01313	0.01520	0.00898	0.01036	0.00829	0.00553	0.00415	0.00138	0.00691	0.00345	0.00276	0.00829
126	0.02392	0.01895	0.05952	0.01506	0.02048	0.01976	0.01293	0.67258	0.02945	0.03959	0.01529	0.01541	0.01083	0.00767	0.00645	0.00195	0.00725	0.00576	0.00626	0.01091
127	0.01729	0.01449	0.01530	0.01340	0.01727	0.01664	0.01052	0.13165	0.62164	0.02900	0.02475	0.02287	0.01847	0.00862	0.00656	0.00216	0.00540	0.00709	0.00656	0.01034
128	0.02899	0.01100	0.01499	0.01150	0.01649	0.00950	0.00950	0.03149	0.01849	0.73709	0.02549	0.02199	0.01599	0.00800	0.00650	0.00200	0.00550	0.00650	0.00800	0.01100
129	0.01533	0.01719	0.03678	0.02864	0.11289	0.01623	0.63111	0.02060	0.01519	0.02074	0.01297	0.01727	0.00985	0.00548	0.00749	0.00215	0.01053	0.00741	0.00326	0.00889
130	0.01204	0.00602	0.00602	0.00602	0.00753	0.00602	0.00452	0.01506	0.01355	0.02409	0.02108	0.02409	0.01656	0.00753	0.00452	0.00151	0.00301	0.00602	0.80879	0.00602
131	0.01250	0.01206	0.02119	0.68681	0.04346	0.01455	0.08476	0.01691	0.01315	0.01691	0.01164	0.01725	0.00873	0.00636	0.00657	0.00216	0.00883	0.00592	0.00291	0.00733
132	0.00787	0.00562	0.00750	0.00900	0.00937	0.00525	0.00600	0.00900	0.01237	0.01649	0.03561	0.76871	0.04274	0.02024	0.00825	0.00262	0.00375	0.01837	0.00600	0.00525
133	0.02456	0.01810	0.01939	0.01487	0.02004	0.02004	0.01228	0.71107	0.03038	0.04072	0.01551	0.01551	0.01099	0.00776	0.00646	0.00194	0.00711	0.00582	0.00646	0.01099
134	0.01708	0.01422	0.01475	0.01316	0.01688	0.03784	0.01025	0.03391	0.65829	0.06849	0.02576	0.02360	0.01916	0.00866	0.00655	0.00216	0.00533	0.00716	0.00656	0.01019
135	0.01599	0.01535	0.02623	0.03966	0.73262	0.01535	0.01983	0.01983	0.01471	0.02111	0.01215	0.01599	0.01023	0.00576	0.00640	0.00192	0.00768	0.00576	0.00320	0.01023
136	0.00924	0.00687	0.01010	0.01010	0.01115	0.00792	0.00772	0.01135	0.01030	0.01479	0.01757	0.02683	0.01678	0.11041	0.68623	0.01003	0.01636	0.00713	0.00350	0.00561
137	0.81856	0.01250	0.00950	0.00850	0.01250	0.01449	0.00700	0.01899	0.01100	0.02899	0.00900	0.01050	0.00700	0.00600	0.00400	0.00200	0.00500	0.00350	0.00400	0.00700
138	0.01508	0.00691	0.00763	0.00700	0.00913	0.00664	0.00541	0.01800	0.01444	0.15181	0.02187	0.02371	0.01646	0.00761	0.00487	0.00159	0.00346	0.00611	0.66535	0.00691
139	0.01680	0.15900	0.34435	0.01643	0.04351	0.01690	0.03313	0.07015	0.01503	0.10852	0.01285	0.01441	0.00953	0.00682	0.00734	0.00196	0.08220	0.00498	0.00372	0.03238
140	0.00911	0.00662	0.00889	0.01008	0.01117	0.00623	0.00769	0.01100	0.01334	0.01779	0.03373	0.47327	0.03883	0.01849	0.00830	0.00266	0.00461	0.26083	0.00586	0.05151
141	0.01690	0.22923	0.31810	0.01583	0.02301	0.01809	0.07113	0.11807	0.01626	0.06374	0.01236	0.01379	0.00925	0.00620	0.00572	0.00181	0.00816	0.00485	0.00366	0.04383
142	0.01968	0.18823	0.06530	0.05939	0.14558	0.25194	0.05308	0.07576	0.01677	0.04988	0.01158	0.01360	0.00927	0.00629	0.00579	0.00176	0.00898	0.00483	0.00356	0.00873
143	0.00911	0.00660	0.00859	0.00809	0.00963	0.00608	0.00607	0.01212	0.01820	0.02570	0.71291	0.04861	0.07740	0.01329	0.00762	0.00204	0.00305	0.01173	0.00709	0.00608
144	0.05731	0.43846	0.08693	0.08348	0.01977	0.01944	0.01189	0.01850	0.01310	0.01773	0.00998	0.01195	0.00852	0.00554	0.00467	0.00146	0.00675	0.00387	0.00306	0.17762
145	0.01756	0.04050	0.15079	0.03816	0.03910	0.03620	0.07004	0.25462	0.06746	0.04747	0.09721	0.02176	0.05136	0.00810	0.00656	0.00197	0.00716	0.00675	0.00516	0.03206
146	0.00787	0.00562	0.00750	0.00900	0.00937	0.00525	0.00600	0.00900	0.01237	0.01649	0.03561	0.76871	0.04274	0.02024	0.00825	0.00262	0.00375	0.01837	0.00600	0.00525
147	0.00795	0.00576	0.00752	0.00877	0.00935	0.00532	0.00593	0.00925	0.01296	0.01724	0.08790	0.66904	0.09020	0.01947	0.00816	0.00255	0.00367	0.01757	0.00608	0.00532
148	0.02068	0.03817	0.15167	0.01956	0.12856	0.01382	0.11734	0.09785	0.01751	0.27843	0.01794	0.04053	0.01287	0.00723	0.00657	0.00202	0.00751	0.00645	0.00526	0.01003
149	0.03566	0.01278	0.01778	0.06553	0.26534	0.01340	0.01311	0.02502	0.22000	0.13348	0.01933	0.02024	0.01450	0.00725	0.00618	0.00197	0.00600	0.00630	0.10655	0.00956
150	0.01067	0.00681	0.00844	0.00787	0.00970	0.00623	0.00596	0.01350	0.01721	0.07179	0.50263	0.04497	0.13584	0.01248	0.00712	0.00198	0.00323	0.01081	0.11643	0.00633
151	0.01669	0.01524	0.02634	0.03726	0.64735	0.01508	0.06309	0.02055	0.01496	0.06189	0.01297	0.01643	0.01054	0.00586	0.00648	0.00194	0.00776	0.00592	0.00348	0.01018
152	0.01395	0.14999	0.55576	0.01873	0.07944	0.01674	0.02120	0.02056	0.03033	0.01983	0.01157	0.01355	0.00863	0.00607	0.00585	0.00193	0.00888	0.00470	0.00286	0.00942
153	0.00802	0.00573	0.00767	0.00917	0.00961	0.00538	0.00626	0.00926	0.01252	0.01666	0.03553	0.72715	0.04240	0.02010	0.00829	0.00265	0.00388	0.05843	0.00600	0.00529
154	0.38269	0.09829	0.10014	0.01542	0.05825	0.10353	0.11781	0.02031	0.01324	0.02331	0.01020	0.01233	0.00803	0.00595	0.00516	0.00192	0.00755	0.00447	0.00349	0.00792
155	0.00787	0.00562	0.00750	0.00900	0.00937	0.00525	0.00600	0.00900	0.01237	0.01649	0.03561	0.76871	0.04274	0.02024	0.00825	0.00262	0.00375	0.01837	0.00600	0.00525
156	0.02415	0.03049	0.01834	0.01660	0.01998	0.72965	0.01248	0.04214	0.01860	0.01641	0.01012	0.01174	0.00839	0.00668	0.00584	0.00167	0.01154	0.00420	0.00340	0.00757
157	0.00808	0.00577	0.00774	0.00924	0.00970	0.00543	0.00636	0.00936	0.01258	0.01673	0.03550	0.71110	0.04228	0.02004	0.00830	0.00265	0.00393	0.07390	0.00599	0.00531
158	0.01123	0.00725	0.00928	0.00847	0.01039	0.00676	0.00649	0.01400	0.01748	0.09786	0.53172	0.04558	0.13707	0.01284	0.00781	0.00206	0.02539	0.01105	0.03071	0.00655
159	0.81856	0.01250	0.00950	0.00850	0.01250	0.01449	0.00700	0.01899	0.01100	0.02899	0.00900	0.01050	0.00700	0.00600	0.00400	0.00200	0.00500	0.00350	0.00400	0.00700
160	0.00914	0.00660	0.00864	0.00813	0.00965	0.00610	0.00610	0.01219	0.01829	0.02591	0.72921	0.04827	0.06097	0.01321	0.00762	0.00203	0.00305	0.01169	0.00711	0.00610
161	0.02416	0.01639	0.01790	0.01383	0.01871	0.01779	0.01139	0.58107	0.02777	0.12054	0.01708	0.01689	0.01198	0.00777	0.00633	0.00191	0.00662	0.00591	0.06534	0.01063
162	0.00940	0.00626	0.00705	0.00705	0.00705	0.00626	0.00392	0.00940	0.00940	0.01253	0.02036	0.04228	0.02349	0.77292	0.03289	0.00626	0.00626	0.00940	0.00392	0.00392
163	0.01414	0.01414	0.01979	0.01696	0.01696	0.01979	0.01414	0.01555	0.00990	0.01555	0.00848	0.01414	0.00848	0.01131	0.02120	0.00283	0.76110	0.00565	0.00283	0.00707
164	0.00889	0.00659	0.00828	0.00786	0.00950	0.00599	0.00589	0.01170	0.01768	0.02447	0.61623	0.05063	0.17484	0.01375	0.00762	0.00206	0.00309	0.01202	0.00692	0.00599
165	0.81856	0.01250	0.00950	0.00850	0.01250	0.01449	0.00700	0.01899	0.01100	0.02899	0.00900	0.01050	0.00700	0.00600	0.00400	0.00200	0.00500	0.00350	0.00400	0.00700
166	0.02456	0.01810	0.01939	0.01487	0.02004	0.02004	0.01228	0.71107	0.03038	0.04072	0.01551	0.01551	0.01099	0.00776	0.00646	0.00194	0.00711	0.00582	0.00646	0.01099
167	0.81856	0.01250	0.00950	0.00850	0.01250	0.01449	0.00700	0.01899	0.01100	0.02899	0.00900	0.01050	0.00700	0.00600	0.00400	0.00200	0.00500	0.00350	0.00400	0.00700
168	0.02899	0.01100	0.01499	0.01150	0.01649	0.00950	0.00950	0.03149	0.01849	0.73709	0.02549	0.02199	0.01599	0.00800	0.00650	0.00200	0.00550	0.00650	0.00800	0.01100
169	0.02413	0.01846	0.01890	0.01469	0.01963	0.06230	0.01204	0.64839	0.02913	0.03872	0.01537	0.01556	0.01101	0.00768	0.00636	0.00191	0.00724	0.00573	0.03212	0.01062
170	0.01727	0.77681	0.03386	0.01106	0.01658	0.02557	0.01106	0.01935	0.01313	0.01520	0.00898	0.01036	0.00829	0.00553	0.00415	0.00138	0.00691	0.00345	0.00276	0.00829
171	0.00926	0.00625	0.00727	0.00740	0.00749	0.00628	0.00432	0.00948	0.00970	0.01300	0.02147	0.10247	0.02470	0.66920	0.07063	0.00619	0.00667	0.01001	0.00407	0.00413
172	0.05593	0.01712	0.01735	0.01409	0.01864	0.05886	0.01138	0.42127	0.23892	0.05103	0.01845	0.01785	0.01345	0.00793	0.00636	0.00200	0.00663	0.00610	0.00625	0.01039
173	0.02102	0.01582	0.01698	0.01375	0.01820	0.01764	0.01112	0.42581	0.26219	0.05293	0.03855	0.01971	0.01556	0.00824	0.00647	0.00202	0.00616	0.00650	0.03088	0.01045
174	0.00814	0.00585	0.00741	0.00845	0.00900	0.00546	0.00561	0.00926	0.01250	0.01656	0.07644	0.55937	0.10279	0.12721	0.01168	0.00307	0.00403	0.01627	0.00576	0.00513
175	0.01056	0.00849	0.01151	0.01107	0.01249	0.01004	0.00863	0.01496	0.11173	0.01679	0.02000	0.02634	0.04682	0.06026	0.52725	0.00810	0.07731	0.00723	0.00397	0.00644
176	0.01586	0.04849	0.02769	0.03232	0.45594	0.03764	0.17191	0.02067	0.05443	0.02070	0.01316	0.01677	0.01077	0.00757	0.03596	0.00230	0.00872	0.00616	0.00340	0.00955
177	0.02880	0.01130	0.01518	0.01164	0.01665	0.00995	0.00962	0.06061	0.01900	0.70725	0.02506	0.02171	0.01578	0.00799	0.00650	0.00200	0.00557	0.00647	0.00793	0.01100
178	0.00933	0.00702	0.00868	0.00819	0.00994	0.00659	0.00616	0.01306	0.05905	0.02473	0.59003	0.04890	0.15720	0.01341	0.00756	0.00206	0.00320	0.01172	0.00692	0.00624
179	0.01304	0.01228	0.02061	0.51551	0.23340	0.01414	0.01776	0.01710	0.01362	0.01808	0.03355	0.01905	0.03123	0.00674	0.00651	0.00209	0.00804	0.00614	0.00317	0.00795
180	0.01727	0.77681	0.03386	0.01106	0.01658	0.02557	0.01106	0.01935	0.01313	0.01520	0.00898	0.01036	0.00829	0.00553	0.00415	0.00138	0.00691	0.00345	0.00276	0.00829
181	0.05019	0.01318	0.01616	0.01243	0.01745	0.01282	0.01027	0.23611	0.02186	0.50684	0.02201	0.01971	0.01423	0.00787	0.00642	0.00198	0.00597	0.00621	0.00742	0.01088
182	0.01277	0.01201	0.02024	0.61771	0.15990	0.01433	0.01792	0.01690	0.01314	0.01719	0.01181	0.01763	0.00925	0.02510	0.00710	0.00221	0.00840	0.00583	0.00295	0.00761
183	0.01193	0.03568	0.13292	0.03479	0.07288	0.01106	0.01130	0.01617	0.10009	0.01746	0.03575	0.02547	0.05047	0.12576	0.15195	0.11850	0.03025	0.00696	0.00384	0.00677
184	0.00914	0.00660	0.00864	0.00813	0.00965	0.00610	0.00610	0.01219	0.01829	0.02591	0.72921	0.04827	0.06097	0.01321	0.00762	0.00203	0.00305	0.01169	0.00711	0.00610
185	0.00940	0.00626	0.00705	0.00705	0.00705	0.00626	0.00392	0.00940	0.00940	0.01253	0.02036	0.04228	0.02349	0.77292	0.03289	0.00626	0.00626	0.00940	0.00392	0.00392
186	0.01788	0.61576	0.08712	0.01240	0.01794	0.12404	0.01226	0.02032	0.01388	0.01570	0.00933	0.01080	0.00829	0.00573	0.00453	0.00147	0.00777	0.00366	0.00284	0.00828
187	0.01247	0.01150	0.01870	0.25135	0.26021	0.01238	0.03337	0.01589	0.01391	0.01869	0.04852	0.05709	0.10896	0.01086	0.03901	0.00251	0.02714	0.04578	0.00388	0.00775
188	0.02552	0.01019	0.01378	0.01083	0.01521	0.00889	0.00884	0.02812	0.01832	0.60974	0.13133	0.02601	0.02278	0.00877	0.00661	0.00199	0.00506	0.00727	0.03063	0.01012

[dist]
# distance from previous block
# <min> <max>
0	1

[block]
# block no. 2 follows, 34 sequences, length 40
# corresponding to MSA columns:
# 376-415
name=unknown_C
#
# <colnr> <probs for GDERKNQSTAVLIFYWHMCP>
#	G	D	E	R	K	N	Q	S	T	A	V	L	I	F	Y	W	H	M	C	P
0	0.01972	0.08572	0.16515	0.01919	0.13615	0.21962	0.01527	0.10919	0.04282	0.08394	0.01477	0.01591	0.03048	0.00692	0.00606	0.00186	0.00862	0.00528	0.00413	0.00920
1	0.01597	0.05767	0.25186	0.09045	0.10105	0.03408	0.06832	0.15265	0.01689	0.02354	0.01340	0.03704	0.01059	0.00713	0.00702	0.00202	0.04730	0.00581	0.04816	0.00905
2	0.01006	0.00740	0.00972	0.03796	0.01152	0.00809	0.00730	0.01220	0.04108	0.01525	0.02150	0.04040	0.02269	0.35759	0.22324	0.00640	0.03141	0.12675	0.00419	0.00527
3	0.49660	0.10703	0.03779	0.01176	0.03171	0.12179	0.02503	0.04093	0.03764	0.02510	0.01017	0.01164	0.00807	0.00617	0.00464	0.00189	0.00658	0.00397	0.00384	0.00764
4	0.00824	0.00585	0.00772	0.00907	0.00951	0.00554	0.00620	0.00943	0.01232	0.01638	0.03406	0.63839	0.04043	0.09060	0.01062	0.00300	0.00418	0.07749	0.00580	0.00519
5	0.01462	0.01246	0.03924	0.01017	0.01598	0.00928	0.00849	0.04100	0.01427	0.06122	0.01240	0.01395	0.00992	0.00511	0.00498	0.00109	0.00507	0.00408	0.00411	0.71256
6	0.02122	0.01790	0.12132	0.03633	0.03545	0.12438	0.01225	0.05897	0.01691	0.28049	0.01656	0.01656	0.01156	0.00666	0.00593	0.00171	0.00709	0.00519	0.00519	0.19835
7	0.00808	0.00577	0.00763	0.00883	0.00934	0.00539	0.00595	0.00942	0.01304	0.01758	0.12423	0.65408	0.04449	0.04223	0.00892	0.00266	0.00374	0.01724	0.00608	0.00532
8	0.01552	0.01537	0.02445	0.15059	0.45230	0.04851	0.05979	0.01969	0.03852	0.01976	0.01213	0.01618	0.01002	0.00654	0.00792	0.00206	0.08236	0.00584	0.00324	0.00921
9	0.00911	0.00725	0.00837	0.00835	0.01024	0.00686	0.00634	0.01277	0.08268	0.02045	0.22272	0.12184	0.34873	0.01661	0.03741	0.00257	0.00419	0.06117	0.00623	0.00610
10	0.00787	0.00562	0.00750	0.00900	0.00937	0.00525	0.00600	0.00900	0.01237	0.01649	0.03561	0.76871	0.04274	0.02024	0.00825	0.00262	0.00375	0.01837	0.00600	0.00525
11	0.01727	0.77681	0.03386	0.01106	0.01658	0.02557	0.01106	0.01935	0.01313	0.01520	0.00898	0.01036	0.00829	0.00553	0.00415	0.00138	0.00691	0.00345	0.00276	0.00829
12	0.00882	0.00659	0.00819	0.00779	0.00946	0.00596	0.00584	0.01157	0.01753	0.02412	0.58839	0.05122	0.20290	0.01388	0.00762	0.00206	0.00310	0.01210	0.00688	0.00596
13	0.81856	0.01250	0.00950	0.00850	0.01250	0.01449	0.00700	0.01899	0.01100	0.02899	0.00900	0.01050	0.00700	0.00600	0.00400	0.00200	0.00500	0.00350	0.00400	0.00700
14	0.81856	0.01250	0.00950	0.00850	0.01250	0.01449	0.00700	0.01899	0.01100	0.02899	0.00900	0.01050	0.00700	0.00600	0.00400	0.00200	0.00500	0.00350	0.00400	0.00700
15	0.81856	0.01250	0.00950	0.00850	0.01250	0.01449	0.00700	0.01899	0.01100	0.02899	0.00900	0.01050	0.00700	0.00600	0.00400	0.00200	0.00500	0.00350	0.00400	0.00700
16	0.00938	0.00635	0.00747	0.00747	0.00762	0.00649	0.00444	0.00967	0.00952	0.01284	0.01997	0.04014	0.02256	0.68098	0.12356	0.00679	0.00767	0.00908	0.00386	0.00415
17	0.01511	0.01701	0.03577	0.02591	0.03161	0.01678	0.61988	0.02004	0.01456	0.02004	0.01248	0.01701	0.00963	0.00620	0.00937	0.00226	0.10725	0.00737	0.00321	0.00850
18	0.00877	0.00604	0.00740	0.00800	0.00821	0.00595	0.00496	0.00934	0.01064	0.01425	0.02635	0.33402	0.03087	0.43324	0.05897	0.00501	0.00581	0.01289	0.00473	0.00455
19	0.01476	0.23898	0.45855	0.01602	0.02349	0.01819	0.01902	0.02008	0.01333	0.04080	0.01103	0.01303	0.00848	0.00646	0.00687	0.00193	0.07250	0.00453	0.00291	0.00903
20	0.02066	0.01595	0.01697	0.01385	0.01828	0.01793	0.01117	0.41114	0.31053	0.03456	0.02010	0.01931	0.01474	0.00816	0.00644	0.00203	0.00615	0.00643	0.03510	0.01050
21	0.00917	0.00630	0.00698	0.00698	0.00726	0.00616	0.00404	0.00938	0.01007	0.01315	0.02608	0.04481	0.11316	0.67690	0.02968	0.00575	0.00588	0.00993	0.00418	0.00411
22	0.01731	0.11172	0.02070	0.05835	0.19544	0.03723	0.01329	0.08455	0.06669	0.10342	0.08990	0.01990	0.01657	0.00927	0.03131	0.00228	0.10230	0.00626	0.00460	0.00892
23	0.03433	0.04836	0.56319	0.02008	0.06658	0.03832	0.09913	0.02056	0.01395	0.02047	0.01161	0.01397	0.00846	0.00604	0.00621	0.00202	0.00948	0.00506	0.00287	0.00933
24	0.02304	0.01595	0.01760	0.01368	0.01838	0.01724	0.01123	0.55632	0.02769	0.10653	0.10706	0.02030	0.01782	0.00847	0.00661	0.00196	0.00644	0.00663	0.00670	0.01037
