[name]
unknown

[dist]
# distance from previous block
# <min> <max>
0	27

[block]
# block no. 0 follows, 33 sequences, length 28
# corresponding to MSA columns:
# 27-54
name=unknown_A
#
# <colnr> <probs for GDERKNQSTAVLIFYWHMCP>
#	G	D	E	R	K	N	Q	S	T	A	V	L	I	F	Y	W	H	M	C	P
0	0.01803	0.04214	0.04742	0.01490	0.06500	0.08406	0.01183	0.18546	0.01982	0.09671	0.08439	0.03546	0.04150	0.01087	0.00717	0.00220	0.00681	0.18577	0.00572	0.03475
1	0.01225	0.07070	0.01405	0.01117	0.01358	0.00958	0.07435	0.01565	0.07247	0.07989	0.09762	0.30177	0.12048	0.06430	0.00923	0.00257	0.00509	0.01259	0.00576	0.00688
2	0.01270	0.01089	0.01252	0.00925	0.01451	0.00825	0.00735	0.01542	0.01387	0.02086	0.02062	0.02171	0.12571	0.00679	0.00535	0.00118	0.00463	0.00552	0.00426	0.67863
3	0.01344	0.01147	0.01342	0.00973	0.01537	0.00864	0.00774	0.01629	0.01361	0.02127	0.01264	0.04237	0.01104	0.00548	0.00501	0.00104	0.00484	0.00447	0.00398	0.77814
4	0.01637	0.01414	0.01489	0.01340	0.01712	0.01637	0.01042	0.03498	0.71568	0.02754	0.02679	0.02456	0.02010	0.00893	0.00670	0.00223	0.00521	0.00744	0.00670	0.01042
5	0.00974	0.00679	0.00872	0.00833	0.00996	0.00619	0.00621	0.01253	0.01780	0.04827	0.58299	0.11067	0.11861	0.01418	0.00778	0.00213	0.00327	0.01249	0.00708	0.00624
6	0.01438	0.01776	0.21672	0.01470	0.02042	0.01177	0.09413	0.04181	0.06191	0.07821	0.05305	0.12326	0.04158	0.00895	0.00664	0.00196	0.00684	0.00791	0.00467	0.17333
7	0.11721	0.04205	0.17569	0.01651	0.07646	0.01439	0.06687	0.11423	0.03791	0.17542	0.04063	0.01919	0.01368	0.05184	0.00785	0.00229	0.00726	0.00608	0.00501	0.00943
8	0.02404	0.07548	0.01920	0.01394	0.01878	0.08002	0.01150	0.43429	0.05044	0.13600	0.01700	0.01683	0.01213	0.00769	0.00625	0.00190	0.00708	0.00577	0.05128	0.01037
9	0.01008	0.00819	0.03395	0.01282	0.09188	0.00714	0.00838	0.01215	0.01425	0.04412	0.14572	0.47188	0.08070	0.01665	0.00792	0.00243	0.00438	0.01499	0.00593	0.00642
10	0.19676	0.22717	0.05375	0.06607	0.01926	0.13544	0.01229	0.04380	0.01374	0.02005	0.00976	0.01235	0.00831	0.00721	0.00807	0.00198	0.14839	0.00438	0.00334	0.00786
11	0.02328	0.01761	0.02048	0.01626	0.04112	0.01924	0.05914	0.58744	0.04905	0.03833	0.01613	0.01662	0.01162	0.00770	0.00658	0.00198	0.00727	0.00610	0.04329	0.01076
12	0.00894	0.00742	0.03090	0.00939	0.01075	0.00626	0.00683	0.02606	0.01338	0.01792	0.03639	0.60064	0.10785	0.01838	0.00798	0.00247	0.00411	0.01647	0.00586	0.06198
13	0.01406	0.04978	0.10429	0.01735	0.04250	0.01867	0.01502	0.01637	0.01086	0.01650	0.00998	0.01561	0.00949	0.03149	0.05980	0.00321	0.54882	0.00573	0.00294	0.00751
14	0.01936	0.01562	0.01657	0.01400	0.01826	0.01777	0.01114	0.26626	0.47954	0.03235	0.02300	0.02154	0.01703	0.00858	0.00666	0.00214	0.00591	0.00692	0.00666	0.01069
15	0.01660	0.01531	0.02623	0.12644	0.37898	0.01570	0.14883	0.04999	0.08101	0.05373	0.01456	0.01776	0.01132	0.00637	0.00679	0.00207	0.00821	0.00641	0.00390	0.00979
16	0.02046	0.01674	0.01715	0.01431	0.01868	0.04975	0.01142	0.32353	0.39031	0.03305	0.02134	0.02024	0.01576	0.00839	0.00662	0.00210	0.00638	0.00665	0.00651	0.01063
17	0.01064	0.00789	0.01075	0.01035	0.01150	0.00901	0.00778	0.05738	0.01169	0.01649	0.01791	0.02860	0.01750	0.20293	0.51563	0.00885	0.03794	0.00749	0.00381	0.00586
18	0.01042	0.00776	0.01001	0.00960	0.01025	0.00869	0.00679	0.03366	0.01134	0.01583	0.06665	0.05891	0.02300	0.37438	0.24531	0.00676	0.08243	0.00878	0.00412	0.00531
19	0.02444	0.01815	0.01943	0.01503	0.02019	0.02014	0.01237	0.66017	0.07735	0.04054	0.01655	0.01640	0.01180	0.00797	0.00659	0.00199	0.00711	0.00603	0.00659	0.01114
20	0.01523	0.06998	0.20533	0.01410	0.03889	0.01254	0.04517	0.03546	0.01456	0.06606	0.01264	0.01437	0.00977	0.00562	0.00552	0.00147	0.00676	0.00458	0.00382	0.41814
21	0.00935	0.00706	0.00876	0.00810	0.01006	0.00627	0.00611	0.01219	0.01767	0.02458	0.56283	0.04921	0.17248	0.01343	0.00757	0.00202	0.00327	0.01170	0.00683	0.06049
22	0.01365	0.01170	0.01365	0.00975	0.01560	0.00878	0.00780	0.01658	0.01365	0.02145	0.01170	0.01365	0.00975	0.00488	0.00488	0.00098	0.00488	0.00390	0.00390	0.80888
23	0.01562	0.07757	0.23173	0.01902	0.10324	0.01440	0.10888	0.03876	0.07309	0.08929	0.01808	0.12356	0.01570	0.00853	0.00668	0.00209	0.00766	0.00763	0.00436	0.03411
24	0.02170	0.06689	0.07966	0.03380	0.01942	0.08469	0.03343	0.16640	0.06691	0.23957	0.04096	0.08257	0.01683	0.00879	0.00658	0.00203	0.00700	0.00715	0.00596	0.00967
25	0.00823	0.00645	0.00745	0.00769	0.00929	0.00567	0.00558	0.01013	0.01534	0.01973	0.22612	0.23201	0.38921	0.01683	0.00793	0.00230	0.00340	0.01457	0.00640	0.00567
26	0.01392	0.04314	0.01459	0.09265	0.11342	0.01085	0.01042	0.06704	0.05490	0.08031	0.08993	0.25256	0.05128	0.01218	0.00706	0.00219	0.00537	0.01072	0.05973	0.00772
27	0.01850	0.09815	0.23816	0.02047	0.13378	0.19056	0.04763	0.07862	0.01680	0.04556	0.01213	0.01408	0.00936	0.00637	0.00607	0.00185	0.00919	0.00498	0.00358	0.04418

[dist]
# distance from previous block
# <min> <max>
0	8

[block]
# block no. 1 follows, 33 sequences, length 35
# corresponding to MSA columns:
# 63-97
name=unknown_B
#
# <colnr> <probs for GDERKNQSTAVLIFYWHMCP>
#	G	D	E	R	K	N	Q	S	T	A	V	L	I	F	Y	W	H	M	C	P
0	0.15510	0.17118	0.03984	0.01665	0.11425	0.10723	0.03394	0.10056	0.08841	0.02420	0.05900	0.01647	0.01357	0.00699	0.00566	0.00185	0.00714	0.00534	0.00433	0.02831
1	0.02078	0.22064	0.08976	0.01401	0.01943	0.06887	0.01279	0.35415	0.04129	0.02934	0.01534	0.01595	0.03299	0.00737	0.00587	0.00182	0.00744	0.00537	0.02705	0.00975
2	0.01626	0.01606	0.12361	0.01372	0.04145	0.01176	0.04127	0.08144	0.01576	0.08811	0.01340	0.01497	0.01027	0.00590	0.00604	0.00147	0.02746	0.00476	0.00429	0.46201
3	0.00872	0.00671	0.00798	0.00766	0.00947	0.00596	0.00574	0.01127	0.01723	0.02307	0.46980	0.05466	0.31849	0.01470	0.00777	0.00213	0.00319	0.01267	0.00681	0.00596
4	0.00778	0.00667	0.00667	0.00667	0.00889	0.00556	0.00500	0.00945	0.01501	0.01778	0.06669	0.06336	0.72490	0.01667	0.00778	0.00222	0.00333	0.01389	0.00611	0.00556
5	0.00873	0.00624	0.00846	0.00998	0.01068	0.00596	0.00735	0.01040	0.01331	0.01760	0.03589	0.57406	0.04198	0.01995	0.00859	0.00277	0.00444	0.20195	0.00610	0.00554
6	0.81514	0.01273	0.00968	0.00866	0.01273	0.01477	0.00713	0.01935	0.01120	0.02954	0.00917	0.01069	0.00713	0.00611	0.00407	0.00204	0.00509	0.00356	0.00407	0.00713
7	0.00898	0.00672	0.00833	0.00793	0.00963	0.00607	0.00594	0.01177	0.01783	0.02450	0.57911	0.05230	0.20830	0.01417	0.00777	0.00210	0.00316	0.01234	0.00700	0.00607
8	0.01760	0.77260	0.03450	0.01126	0.01690	0.02605	0.01126	0.01971	0.01338	0.01549	0.00915	0.01056	0.00845	0.00563	0.00422	0.00141	0.00704	0.00352	0.00282	0.00845
9	0.01320	0.03405	0.73453	0.01876	0.02849	0.01529	0.02432	0.02085	0.01390	0.02085	0.01181	0.01390	0.00834	0.00625	0.00625	0.00208	0.00973	0.00486	0.00278	0.00973
10	0.02954	0.01120	0.01528	0.01171	0.01681	0.00968	0.00968	0.03208	0.01884	0.73213	0.02597	0.02241	0.01630	0.00815	0.00662	0.00204	0.00560	0.00662	0.00815	0.01120
11	0.81514	0.01273	0.00968	0.00866	0.01273	0.01477	0.00713	0.01935	0.01120	0.02954	0.00917	0.01069	0.00713	0.00611	0.00407	0.00204	0.00509	0.00356	0.00407	0.00713
12	0.01243	0.01170	0.01975	0.75282	0.04534	0.01463	0.01828	0.01682	0.01316	0.01682	0.01170	0.01755	0.00878	0.00658	0.00658	0.00219	0.00878	0.00585	0.00293	0.00731
13	0.81514	0.01273	0.00968	0.00866	0.01273	0.01477	0.00713	0.01935	0.01120	0.02954	0.00917	0.01069	0.00713	0.00611	0.00407	0.00204	0.00509	0.00356	0.00407	0.00713
14	0.01365	0.01170	0.01365	0.00975	0.01560	0.00878	0.00780	0.01658	0.01365	0.02145	0.01170	0.01365	0.00975	0.00488	0.00488	0.00098	0.00488	0.00390	0.00390	0.80888
15	0.00932	0.00673	0.00880	0.00828	0.00984	0.00621	0.00621	0.01242	0.01863	0.02640	0.72410	0.04918	0.06212	0.01346	0.00776	0.00207	0.00311	0.01191	0.00725	0.00621
16	0.00892	0.00656	0.00852	0.00964	0.01079	0.00617	0.00739	0.01091	0.01428	0.01861	0.09103	0.36777	0.15957	0.01863	0.00847	0.00267	0.00441	0.23377	0.00618	0.00568
17	0.81514	0.01273	0.00968	0.00866	0.01273	0.01477	0.00713	0.01935	0.01120	0.02954	0.00917	0.01069	0.00713	0.00611	0.00407	0.00204	0.00509	0.00356	0.00407	0.00713
18	0.01365	0.01170	0.01365	0.00975	0.01560	0.00878	0.00780	0.01658	0.01365	0.02145	0.01170	0.01365	0.00975	0.00488	0.00488	0.00098	0.00488	0.00390	0.00390	0.80888
19	0.01061	0.00758	0.01061	0.01212	0.01364	0.00758	0.01061	0.01364	0.01515	0.01970	0.03486	0.07426	0.03789	0.01819	0.00909	0.00303	0.00606	0.68326	0.00606	0.00606
20	0.00932	0.00673	0.00880	0.00828	0.00984	0.00621	0.00621	0.01242	0.01863	0.02640	0.72410	0.04918	0.06212	0.01346	0.00776	0.00207	0.00311	0.01191	0.00725	0.00621
21	0.00940	0.00705	0.01058	0.01058	0.01176	0.00823	0.00823	0.01176	0.01058	0.01528	0.01763	0.02586	0.01646	0.04937	0.74255	0.01058	0.01763	0.00705	0.00353	0.00588
22	0.56745	0.01225	0.01144	0.00962	0.01402	0.01316	0.00793	0.02337	0.01361	0.25106	0.01447	0.01439	0.01002	0.00675	0.00488	0.00204	0.00525	0.00453	0.00536	0.00841
23	0.00845	0.00670	0.00760	0.00737	0.00930	0.00584	0.00553	0.01075	0.01659	0.02155	0.35416	0.05716	0.43508	0.01527	0.00777	0.00216	0.00323	0.01302	0.00661	0.00584
24	0.02653	0.01422	0.01681	0.01297	0.01795	0.01438	0.01069	0.33812	0.02408	0.37833	0.02109	0.01952	0.01400	0.00801	0.00649	0.00198	0.00621	0.00628	0.05142	0.01092
25	0.00941	0.00703	0.01045	0.01045	0.01158	0.00816	0.00807	0.01167	0.01054	0.01519	0.01775	0.02651	0.01674	0.07623	0.71607	0.01042	0.01721	0.00715	0.00354	0.00581
26	0.01424	0.00803	0.00823	0.00752	0.00963	0.00834	0.00582	0.12167	0.01645	0.02715	0.02060	0.02320	0.01600	0.00771	0.00491	0.00160	0.00371	0.00610	0.68217	0.00692
27	0.01674	0.01442	0.01587	0.01523	0.06352	0.01650	0.01115	0.06276	0.64071	0.02774	0.02539	0.02365	0.01908	0.00869	0.00668	0.00220	0.00547	0.00728	0.00647	0.01045
28	0.01426	0.01367	0.02367	0.34961	0.21894	0.01492	0.12545	0.03737	0.04802	0.02049	0.05781	0.01953	0.01336	0.00681	0.00683	0.00212	0.00832	0.00662	0.00362	0.00856
29	0.01745	0.07434	0.25777	0.06762	0.13648	0.05129	0.10414	0.14525	0.01767	0.04713	0.01301	0.01528	0.00969	0.00647	0.00642	0.00200	0.00888	0.00557	0.00383	0.00971
30	0.00942	0.00698	0.01020	0.01020	0.01124	0.00802	0.00775	0.01151	0.01047	0.01500	0.01798	0.02781	0.01730	0.13067	0.66241	0.01011	0.01636	0.00734	0.00358	0.00566
31	0.01488	0.02024	0.16418	0.02537	0.03235	0.01597	0.54723	0.02069	0.01522	0.02098	0.01406	0.01972	0.01101	0.00627	0.00756	0.00223	0.01061	0.03915	0.00336	0.00890
32	0.01814	0.55483	0.10032	0.01471	0.07698	0.05693	0.01325	0.02095	0.01415	0.06166	0.01079	0.01217	0.00910	0.00593	0.00484	0.00157	0.00751	0.00407	0.00321	0.00887
33	0.01599	0.09261	0.35574	0.01791	0.06041	0.04013	0.04296	0.08504	0.17914	0.02365	0.01545	0.01645	0.01152	0.00694	0.00626	0.00203	0.00823	0.00558	0.00410	0.00984
34	0.01050	0.00924	0.03006	0.00906	0.01120	0.03287	0.00702	0.01503	0.10350	0.02294	0.38485	0.04653	0.20045	0.07634	0.00968	0.00247	0.00418	0.01114	0.00639	0.00655

[dist]
# distance from previous block
# <min> <max>
0	1

[block]
# block no. 2 follows, 33 sequences, length 26
# corresponding to MSA columns:
# 99-124
name=unknown_C
#
# <colnr> <probs for GDERKNQSTAVLIFYWHMCP>
#	G	D	E	R	K	N	Q	S	T	A	V	L	I	F	Y	W	H	M	C	P
0	0.00998	0.00863	0.01151	0.01436	0.16508	0.00790	0.00858	0.01247	0.01584	0.02058	0.20671	0.04987	0.41679	0.01359	0.00750	0.00213	0.00426	0.01169	0.00576	0.00677
1	0.01368	0.01155	0.01556	0.12865	0.12665	0.01036	0.01087	0.01700	0.01380	0.02116	0.01311	0.01610	0.01065	0.00566	0.00535	0.00139	0.00568	0.00480	0.11042	0.45756
2	0.04483	0.06631	0.02339	0.13680	0.19165	0.27718	0.08088	0.04457	0.01624	0.01920	0.01128	0.01444	0.00918	0.00651	0.00667	0.00192	0.03184	0.00524	0.00336	0.00850
3	0.01007	0.00803	0.01185	0.01147	0.01249	0.00981	0.00905	0.01230	0.01051	0.01536	0.01644	0.02435	0.01542	0.04437	0.64716	0.00956	0.11541	0.00688	0.00344	0.00605
4	0.32893	0.10326	0.20691	0.01232	0.01812	0.01505	0.01268	0.02209	0.03372	0.14515	0.01411	0.03790	0.01070	0.00699	0.00532	0.00201	0.00660	0.00502	0.00442	0.00870
5	0.00957	0.00638	0.00718	0.00718	0.00718	0.00638	0.00399	0.00957	0.00957	0.01276	0.02074	0.04308	0.02393	0.76864	0.03351	0.00638	0.00638	0.00957	0.00399	0.00399
6	0.01760	0.77260	0.03450	0.01126	0.01690	0.02605	0.01126	0.01971	0.01338	0.01549	0.00915	0.01056	0.00845	0.00563	0.00422	0.00141	0.00704	0.00352	0.00282	0.00845
7	0.01760	0.77260	0.03450	0.01126	0.01690	0.02605	0.01126	0.01971	0.01338	0.01549	0.00915	0.01056	0.00845	0.00563	0.00422	0.00141	0.00704	0.00352	0.00282	0.00845
8	0.02503	0.01844	0.01976	0.01515	0.02042	0.02042	0.01251	0.70562	0.03095	0.04149	0.01581	0.01581	0.01120	0.00790	0.00659	0.00198	0.00724	0.00593	0.00659	0.01120
9	0.01629	0.01564	0.02672	0.04041	0.72757	0.01564	0.02020	0.02020	0.01499	0.02151	0.01238	0.01629	0.01043	0.00587	0.00652	0.00196	0.00782	0.00587	0.00326	0.01043
10	0.01628	0.01590	0.02586	0.09770	0.64592	0.04223	0.01977	0.02015	0.01498	0.02093	0.01225	0.01623	0.01022	0.00596	0.00650	0.00197	0.00805	0.00580	0.00324	0.01007
11	0.00802	0.00573	0.00764	0.00917	0.00955	0.00535	0.00611	0.00917	0.01260	0.01681	0.03628	0.76434	0.04354	0.02062	0.00840	0.00267	0.00382	0.01872	0.00611	0.00535
12	0.01637	0.01414	0.01489	0.01340	0.01712	0.01637	0.01042	0.03498	0.71568	0.02754	0.02679	0.02456	0.02010	0.00893	0.00670	0.00223	0.00521	0.00744	0.00670	0.01042
13	0.01760	0.77260	0.03450	0.01126	0.01690	0.02605	0.01126	0.01971	0.01338	0.01549	0.00915	0.01056	0.00845	0.00563	0.00422	0.00141	0.00704	0.00352	0.00282	0.00845
14	0.01556	0.01437	0.07207	0.01196	0.01742	0.03313	0.03263	0.04124	0.09632	0.07698	0.03302	0.04669	0.01398	0.00672	0.00572	0.00148	0.00576	0.00558	0.00468	0.46468
15	0.00911	0.00781	0.03736	0.00832	0.01036	0.00642	0.00665	0.01205	0.01758	0.02413	0.53904	0.05114	0.21777	0.01394	0.00771	0.00211	0.00343	0.01210	0.00680	0.00620
16	0.01243	0.01170	0.01975	0.75282	0.04534	0.01463	0.01828	0.01682	0.01316	0.01682	0.01170	0.01755	0.00878	0.00658	0.00658	0.00219	0.00878	0.00585	0.00293	0.00731
17	0.01287	0.01243	0.02183	0.65747	0.06886	0.01486	0.08423	0.01735	0.01346	0.01740	0.01188	0.01753	0.00895	0.00646	0.00669	0.00219	0.00896	0.00604	0.00298	0.00758
18	0.01687	0.18115	0.06165	0.07699	0.24847	0.03950	0.05661	0.06620	0.04872	0.04716	0.01516	0.02113	0.01305	0.00745	0.00633	0.00199	0.00773	0.07071	0.00395	0.00921
19	0.00802	0.00573	0.00764	0.00917	0.00955	0.00535	0.00611	0.00917	0.01260	0.01681	0.03628	0.76434	0.04354	0.02062	0.00840	0.00267	0.00382	0.01872	0.00611	0.00535
20	0.00957	0.00638	0.00718	0.00718	0.00718	0.00638	0.00399	0.00957	0.00957	0.01276	0.02074	0.04308	0.02393	0.76864	0.03351	0.00638	0.00638	0.00957	0.00399	0.00399
21	0.09720	0.01576	0.06389	0.08864	0.06156	0.01533	0.10232	0.18415	0.01897	0.21864	0.01637	0.01736	0.01144	0.00736	0.00735	0.00211	0.05035	0.00604	0.00537	0.00977
22	0.01413	0.01306	0.02185	0.15438	0.45908	0.01360	0.01730	0.01774	0.01422	0.01981	0.01610	0.08276	0.01513	0.01081	0.05364	0.00268	0.00816	0.05301	0.00365	0.00890
23	0.00942	0.00720	0.00896	0.00984	0.01165	0.00673	0.00826	0.01188	0.01509	0.01890	0.04819	0.06969	0.32570	0.01755	0.00854	0.00269	0.00492	0.40284	0.00608	0.00585
24	0.00976	0.00691	0.01008	0.01008	0.01124	0.00793	0.00779	0.01197	0.01081	0.01601	0.01776	0.02551	0.01630	0.04437	0.64435	0.04084	0.01578	0.00691	0.07980	0.00578
25	0.12256	0.08531	0.18482	0.01516	0.02086	0.10726	0.06538	0.10667	0.09928	0.07819	0.01485	0.01578	0.01100	0.00691	0.00593	0.00196	0.00786	0.00534	0.03570	0.00919

[dist]
# distance from previous block
# <min> <max>
0	16

[block]
# block no. 3 follows, 33 sequences, length 80
# corresponding to MSA columns:
# 141-220
name=unknown_D
#
# <colnr> <probs for GDERKNQSTAVLIFYWHMCP>
#	G	D	E	R	K	N	Q	S	T	A	V	L	I	F	Y	W	H	M	C	P
0	0.31743	0.01633	0.10800	0.07939	0.04461	0.05942	0.04072	0.02174	0.03361	0.13515	0.03320	0.01716	0.03281	0.00706	0.00564	0.00203	0.00677	0.00536	0.00455	0.02903
1	0.01376	0.10774	0.59926	0.04213	0.02820	0.01645	0.06268	0.02062	0.01392	0.02019	0.01163	0.01390	0.00846	0.00616	0.00615	0.00203	0.00950	0.00493	0.00282	0.00947
2	0.00785	0.00641	0.00694	0.00737	0.00908	0.00550	0.00531	0.00937	0.01433	0.01751	0.05816	0.25994	0.53382	0.01778	0.00796	0.00235	0.00347	0.01525	0.00611	0.00550
3	0.02069	0.32888	0.04608	0.01335	0.01824	0.17076	0.01173	0.07337	0.12922	0.10615	0.01478	0.01499	0.01146	0.00688	0.00550	0.00174	0.00767	0.00489	0.00447	0.00916
4	0.33224	0.06273	0.05460	0.01682	0.02225	0.04576	0.25523	0.04987	0.01461	0.07051	0.01215	0.01434	0.00909	0.00612	0.00583	0.00205	0.00794	0.00543	0.00402	0.00840
5	0.00921	0.00679	0.00805	0.00775	0.00963	0.00600	0.00581	0.01162	0.01687	0.04308	0.40011	0.08580	0.33541	0.01495	0.00777	0.00216	0.00331	0.01288	0.00675	0.00605
6	0.81514	0.01273	0.00968	0.00866	0.01273	0.01477	0.00713	0.01935	0.01120	0.02954	0.00917	0.01069	0.00713	0.00611	0.00407	0.00204	0.00509	0.00356	0.00407	0.00713
7	0.00943	0.00696	0.01011	0.01011	0.01112	0.00797	0.00764	0.01145	0.01044	0.01493	0.01806	0.02825	0.01749	0.14897	0.64437	0.01000	0.01608	0.00740	0.00359	0.00562
8	0.02954	0.01120	0.01528	0.01171	0.01681	0.00968	0.00968	0.03208	0.01884	0.73213	0.02597	0.02241	0.01630	0.00815	0.00662	0.00204	0.00560	0.00662	0.00815	0.01120
9	0.01588	0.01362	0.01446	0.01304	0.01661	0.01566	0.01012	0.03339	0.66659	0.02746	0.07591	0.02630	0.02306	0.00925	0.00677	0.00222	0.00506	0.00776	0.00674	0.01012
10	0.01637	0.01414	0.01489	0.01340	0.01712	0.01637	0.01042	0.03498	0.71568	0.02754	0.02679	0.02456	0.02010	0.00893	0.00670	0.00223	0.00521	0.00744	0.00670	0.01042
11	0.08137	0.00926	0.01038	0.00895	0.01191	0.00925	0.00708	0.08098	0.03950	0.19078	0.11425	0.02543	0.02155	0.00848	0.00569	0.00182	0.00426	0.00683	0.35423	0.00799
12	0.00780	0.00659	0.00675	0.00687	0.00894	0.00554	0.00509	0.00943	0.01481	0.01771	0.06426	0.11943	0.67040	0.01699	0.00783	0.00226	0.00337	0.01428	0.00611	0.00554
13	0.01795	0.01492	0.01577	0.01372	0.01772	0.01711	0.01080	0.15678	0.59132	0.03007	0.02480	0.02297	0.01848	0.00874	0.00668	0.00219	0.00558	0.00717	0.00668	0.01056
14	0.01708	0.01159	0.01400	0.01017	0.01586	0.00897	0.00821	0.01993	0.01477	0.17505	0.01479	0.01554	0.01117	0.00558	0.00525	0.00120	0.00503	0.00449	0.00482	0.63648
15	0.01611	0.00898	0.01035	0.00940	0.01184	0.02710	0.00716	0.04154	0.06815	0.18649	0.10507	0.14383	0.02622	0.03950	0.02551	0.00236	0.00478	0.00909	0.24890	0.00762
16	0.01856	0.71169	0.03296	0.01130	0.01689	0.02474	0.01114	0.02070	0.01381	0.07281	0.01050	0.01151	0.00908	0.00583	0.00442	0.00146	0.00693	0.00377	0.00324	0.00867
17	0.00778	0.00667	0.00667	0.00667	0.00889	0.00556	0.00500	0.00945	0.01501	0.01778	0.06669	0.06336	0.72490	0.01667	0.00778	0.00222	0.00333	0.01389	0.00611	0.00556
18	0.02503	0.01844	0.01976	0.01515	0.02042	0.02042	0.01251	0.70562	0.03095	0.04149	0.01581	0.01581	0.01120	0.00790	0.00659	0.00198	0.00724	0.00593	0.00659	0.01120
19	0.08945	0.01709	0.01844	0.11019	0.02270	0.04083	0.01263	0.47780	0.08756	0.03526	0.01552	0.01626	0.01125	0.00764	0.00636	0.00202	0.00722	0.00580	0.00581	0.01017
20	0.81514	0.01273	0.00968	0.00866	0.01273	0.01477	0.00713	0.01935	0.01120	0.02954	0.00917	0.01069	0.00713	0.00611	0.00407	0.00204	0.00509	0.00356	0.00407	0.00713
21	0.01061	0.00758	0.01061	0.01212	0.01364	0.00758	0.01061	0.01364	0.01515	0.01970	0.03486	0.07426	0.03789	0.01819	0.00909	0.00303	0.00606	0.68326	0.00606	0.00606
22	0.01336	0.00966	0.01126	0.01075	0.01257	0.01004	0.00780	0.22044	0.01782	0.02382	0.02826	0.45314	0.03144	0.10407	0.01078	0.00289	0.00516	0.01377	0.00601	0.00696
23	0.01293	0.01221	0.02065	0.66040	0.13384	0.01476	0.01853	0.01726	0.01340	0.01743	0.01179	0.01739	0.00899	0.00649	0.00657	0.00216	0.00865	0.00585	0.00297	0.00772
24	0.00952	0.00658	0.00820	0.00820	0.00855	0.00693	0.00526	0.01023	0.00987	0.01352	0.01981	0.03794	0.02170	0.55380	0.24530	0.00764	0.00974	0.00882	0.00385	0.00455
25	0.01365	0.01170	0.01365	0.00975	0.01560	0.00878	0.00780	0.01658	0.01365	0.02145	0.01170	0.01365	0.00975	0.00488	0.00488	0.00098	0.00488	0.00390	0.00390	0.80888
26	0.01430	0.01168	0.01372	0.00983	0.01565	0.00881	0.00788	0.01721	0.01386	0.05048	0.01228	0.01401	0.01002	0.00501	0.00495	0.00102	0.00491	0.00401	0.00407	0.77630
27	0.01883	0.02168	0.22827	0.01566	0.02175	0.01764	0.01533	0.29341	0.24135	0.03104	0.01809	0.01800	0.01316	0.00774	0.00652	0.00209	0.00733	0.00609	0.00550	0.01052
28	0.01604	0.01478	0.02582	0.14502	0.43322	0.01510	0.11686	0.04016	0.01529	0.05011	0.01381	0.01874	0.01127	0.00767	0.02804	0.00231	0.00857	0.02406	0.00360	0.00953
29	0.02324	0.02935	0.02166	0.01857	0.02245	0.63414	0.11563	0.02551	0.01819	0.01685	0.01064	0.01275	0.00870	0.00660	0.00621	0.00177	0.01176	0.00477	0.00338	0.00782
30	0.00940	0.00705	0.01058	0.01058	0.01176	0.00823	0.00823	0.01176	0.01058	0.01528	0.01763	0.02586	0.01646	0.04937	0.74255	0.01058	0.01763	0.00705	0.00353	0.00588
31	0.02459	0.03138	0.01866	0.01696	0.02035	0.74221	0.01272	0.02629	0.01866	0.01611	0.01018	0.01187	0.00848	0.00678	0.00594	0.00170	0.01187	0.00424	0.00339	0.00763
32	0.00802	0.00573	0.00764	0.00917	0.00955	0.00535	0.00611	0.00917	0.01260	0.01681	0.03628	0.76434	0.04354	0.02062	0.00840	0.00267	0.00382	0.01872	0.00611	0.00535
33	0.02459	0.03138	0.01866	0.01696	0.02035	0.74221	0.01272	0.02629	0.01866	0.01611	0.01018	0.01187	0.00848	0.00678	0.00594	0.00170	0.01187	0.00424	0.00339	0.00763
34	0.01449	0.03155	0.63201	0.01888	0.02804	0.01551	0.06265	0.06159	0.01514	0.04181	0.01253	0.01447	0.00882	0.00636	0.00637	0.00208	0.00955	0.00514	0.00319	0.00981
35	0.01554	0.01776	0.03885	0.02775	0.03441	0.01665	0.70366	0.02109	0.01554	0.02109	0.01332	0.01776	0.00999	0.00555	0.00777	0.00222	0.01110	0.00777	0.00333	0.00888
36	0.02954	0.01120	0.01528	0.01171	0.01681	0.00968	0.00968	0.03208	0.01884	0.73213	0.02597	0.02241	0.01630	0.00815	0.00662	0.00204	0.00560	0.00662	0.00815	0.01120
37	0.01440	0.01440	0.02016	0.01728	0.01728	0.02016	0.01440	0.01584	0.01008	0.01584	0.00864	0.01440	0.00864	0.01152	0.02160	0.00288	0.75659	0.00576	0.00288	0.00720
38	0.01791	0.73994	0.03380	0.01152	0.01705	0.05761	0.01133	0.02000	0.01361	0.01552	0.00920	0.01062	0.00845	0.00568	0.00430	0.00142	0.00725	0.00355	0.00284	0.00841
39	0.01162	0.00815	0.01014	0.00929	0.01139	0.00801	0.00708	0.01712	0.12784	0.06823	0.57366	0.04374	0.05283	0.01244	0.00753	0.00209	0.00358	0.01089	0.00721	0.00717
40	0.01637	0.01414	0.01489	0.01340	0.01712	0.01637	0.01042	0.03498	0.71568	0.02754	0.02679	0.02456	0.02010	0.00893	0.00670	0.00223	0.00521	0.00744	0.00670	0.01042
41	0.00961	0.00726	0.00922	0.01020	0.01197	0.00687	0.00863	0.01216	0.01510	0.01903	0.04608	0.07042	0.28011	0.01765	0.00863	0.00275	0.00510	0.44726	0.00608	0.00588
42	0.07793	0.09406	0.01807	0.01320	0.03924	0.07917	0.01058	0.10112	0.01893	0.45072	0.02018	0.01856	0.01344	0.00753	0.00613	0.00193	0.00653	0.00578	0.00658	0.01030
43	0.00802	0.00573	0.00764	0.00917	0.00955	0.00535	0.00611	0.00917	0.01260	0.01681	0.03628	0.76434	0.04354	0.02062	0.00840	0.00267	0.00382	0.01872	0.00611	0.00535
44	0.00778	0.00667	0.00667	0.00667	0.00889	0.00556	0.00500	0.00945	0.01501	0.01778	0.06669	0.06336	0.72490	0.01667	0.00778	0.00222	0.00333	0.01389	0.00611	0.00556
45	0.01531	0.16202	0.14804	0.09006	0.07264	0.01796	0.35988	0.02035	0.01462	0.01963	0.01209	0.01567	0.00935	0.00579	0.00667	0.00203	0.00970	0.00621	0.00310	0.00889
46	0.68676	0.07599	0.01278	0.01031	0.03962	0.01597	0.00818	0.04812	0.01235	0.02858	0.00956	0.01110	0.00753	0.00614	0.00428	0.00198	0.00544	0.00374	0.00405	0.00753
47	0.00941	0.00667	0.00865	0.00821	0.00973	0.00618	0.00614	0.01245	0.01824	0.02603	0.67225	0.06980	0.05956	0.01342	0.00764	0.00207	0.00313	0.01186	0.04237	0.00618
48	0.00854	0.00648	0.00794	0.00880	0.00985	0.00607	0.00613	0.01093	0.05245	0.01842	0.10065	0.51626	0.18608	0.01854	0.00812	0.00250	0.00373	0.01651	0.00624	0.00574
49	0.01682	0.39767	0.09353	0.03848	0.15260	0.06316	0.08047	0.02016	0.01425	0.01808	0.01103	0.01346	0.00932	0.00590	0.00535	0.00169	0.00798	0.00470	0.03655	0.00880
50	0.01764	0.01557	0.02588	0.22947	0.07379	0.05240	0.25467	0.09747	0.01701	0.10476	0.01508	0.03970	0.01146	0.00694	0.00702	0.00213	0.00900	0.00692	0.00422	0.00889
51	0.63966	0.01656	0.03404	0.01050	0.01468	0.13190	0.00872	0.04080	0.01307	0.02746	0.00961	0.01113	0.00750	0.00628	0.00452	0.00198	0.00639	0.00378	0.00400	0.00741
52	0.00919	0.00672	0.00862	0.00815	0.00976	0.00616	0.00611	0.01218	0.01833	0.02569	0.66974	0.05035	0.11692	0.01372	0.00777	0.00208	0.00312	0.01207	0.00715	0.00616
53	0.03745	0.01570	0.02272	0.14004	0.33330	0.06231	0.05519	0.07739	0.05897	0.06525	0.03205	0.01775	0.01220	0.00690	0.00708	0.00205	0.03396	0.00610	0.00410	0.00949
54	0.00811	0.00621	0.00744	0.00814	0.00935	0.00554	0.00572	0.00971	0.01430	0.01846	0.14043	0.41193	0.29455	0.01821	0.00809	0.00243	0.00355	0.01604	0.00627	0.00554
55	0.10454	0.27863	0.17911	0.01377	0.01933	0.01964	0.01396	0.12411	0.01573	0.05215	0.01175	0.01359	0.00937	0.00862	0.03692	0.00225	0.07919	0.00467	0.00378	0.00889
56	0.01440	0.01440	0.02016	0.01728	0.01728	0.02016	0.01440	0.01584	0.01008	0.01584	0.00864	0.01440	0.00864	0.01152	0.02160	0.00288	0.75659	0.00576	0.00288	0.00720
57	0.00914	0.00672	0.00856	0.00810	0.00973	0.00614	0.00607	0.01209	0.01822	0.02542	0.64959	0.05078	0.13723	0.01382	0.00777	0.00209	0.00313	0.01213	0.00712	0.00614
58	0.00940	0.00705	0.01058	0.01058	0.01176	0.00823	0.00823	0.01176	0.01058	0.01528	0.01763	0.02586	0.01646	0.04937	0.74255	0.01058	0.01763	0.00705	0.00353	0.00588
59	0.00919	0.00672	0.00862	0.00814	0.00975	0.00616	0.00611	0.01217	0.01832	0.02566	0.66759	0.05039	0.11909	0.01373	0.00777	0.00208	0.00313	0.01208	0.00715	0.00616
60	0.01760	0.77260	0.03450	0.01126	0.01690	0.02605	0.01126	0.01971	0.01338	0.01549	0.00915	0.01056	0.00845	0.00563	0.00422	0.00141	0.00704	0.00352	0.00282	0.00845
61	0.01637	0.01414	0.01489	0.01340	0.01712	0.01637	0.01042	0.03498	0.71568	0.02754	0.02679	0.02456	0.02010	0.00893	0.00670	0.00223	0.00521	0.00744	0.00670	0.01042
62	0.00932	0.00673	0.00880	0.00828	0.00984	0.00621	0.00621	0.01242	0.01863	0.02640	0.72410	0.04918	0.06212	0.01346	0.00776	0.00207	0.00311	0.01191	0.00725	0.00621
63	0.81514	0.01273	0.00968	0.00866	0.01273	0.01477	0.00713	0.01935	0.01120	0.02954	0.00917	0.01069	0.00713	0.00611	0.00407	0.00204	0.00509	0.00356	0.00407	0.00713
64	0.01371	0.01189	0.01443	0.01031	0.01618	0.00902	0.02932	0.01672	0.01371	0.02144	0.01175	0.01378	0.00976	0.00490	0.00496	0.00101	0.00507	0.00402	0.00388	0.78414
65	0.01365	0.01170	0.01365	0.00975	0.01560	0.00878	0.00780	0.01658	0.01365	0.02145	0.01170	0.01365	0.00975	0.00488	0.00488	0.00098	0.00488	0.00390	0.00390	0.80888
66	0.02011	0.01168	0.01422	0.01201	0.01538	0.05122	0.02706	0.04229	0.07297	0.32716	0.08034	0.12856	0.08759	0.01121	0.00820	0.00221	0.06303	0.00922	0.00666	0.00888
67	0.02302	0.01705	0.01833	0.01456	0.01943	0.01894	0.01186	0.50719	0.20406	0.06706	0.01902	0.01830	0.01367	0.00817	0.00662	0.00204	0.00666	0.00634	0.00668	0.01100
68	0.00940	0.00705	0.01058	0.01058	0.01176	0.00823	0.00823	0.01176	0.01058	0.01528	0.01763	0.02586	0.01646	0.04937	0.74255	0.01058	0.01763	0.00705	0.00353	0.00588
69	0.01554	0.01776	0.03885	0.02775	0.03441	0.01665	0.70366	0.02109	0.01554	0.02109	0.01332	0.01776	0.00999	0.00555	0.00777	0.00222	0.01110	0.00777	0.00333	0.00888
70	0.01715	0.04388	0.02514	0.09520	0.46994	0.06695	0.05830	0.04643	0.01575	0.05102	0.01364	0.04225	0.01148	0.00665	0.00654	0.00198	0.00810	0.00626	0.00366	0.00968
71	0.01629	0.01564	0.02672	0.04041	0.72757	0.01564	0.02020	0.02020	0.01499	0.02151	0.01238	0.01629	0.01043	0.00587	0.00652	0.00196	0.00782	0.00587	0.00326	0.01043
72	0.00802	0.00573	0.00764	0.00917	0.00955	0.00535	0.00611	0.00917	0.01260	0.01681	0.03628	0.76434	0.04354	0.02062	0.00840	0.00267	0.00382	0.01872	0.00611	0.00535
73	0.01346	0.03229	0.65924	0.01974	0.02913	0.01544	0.09784	0.02087	0.01408	0.02087	0.01198	0.01432	0.00852	0.00618	0.00642	0.00210	0.00988	0.00518	0.00284	0.00964
74	0.08794	0.09317	0.08470	0.04101	0.05123	0.04263	0.26332	0.09760	0.10656	0.04623	0.01462	0.01665	0.01101	0.00652	0.00652	0.00205	0.00855	0.00621	0.00423	0.00924
75	0.01308	0.01264	0.01871	0.54498	0.09536	0.05666	0.01644	0.01734	0.03148	0.01780	0.03874	0.04205	0.05217	0.00778	0.00670	0.00216	0.00816	0.00681	0.00348	0.00748
76	0.00957	0.00638	0.00718	0.00718	0.00718	0.00638	0.00399	0.00957	0.00957	0.01276	0.02074	0.04308	0.02393	0.76864	0.03351	0.00638	0.00638	0.00957	0.00399	0.00399
77	0.01365	0.01170	0.01365	0.00975	0.01560	0.00878	0.00780	0.01658	0.01365	0.02145	0.01170	0.01365	0.00975	0.00488	0.00488	0.00098	0.00488	0.00390	0.00390	0.80888
78	0.16799	0.08152	0.04231	0.01547	0.01982	0.22064	0.09918	0.09752	0.01708	0.07974	0.03832	0.01517	0.01132	0.00719	0.00696	0.00197	0.05980	0.00528	0.00428	0.00842
79	0.00950	0.00705	0.00845	0.00784	0.00995	0.00633	0.03597	0.01198	0.01557	0.02142	0.20251	0.04928	0.38201	0.01340	0.00705	0.00203	0.00356	0.01140	0.18871	0.00598

[dist]
# distance from previous block
# <min> <max>
0	1

[block]
# block no. 4 follows, 33 sequences, length 37
# corresponding to MSA columns:
# 222-258
name=unknown_E
#
# <colnr> <probs for GDERKNQSTAVLIFYWHMCP>
#	G	D	E	R	K	N	Q	S	T	A	V	L	I	F	Y	W	H	M	C	P
0	0.01640	0.01521	0.02586	0.09296	0.65538	0.01539	0.01975	0.02030	0.01497	0.04221	0.01273	0.01657	0.01048	0.00599	0.00653	0.00198	0.00783	0.00589	0.00338	0.01022
1	0.00937	0.00642	0.00712	0.00712	0.00738	0.00629	0.00411	0.00956	0.01020	0.01334	0.02604	0.04542	0.10473	0.68196	0.03054	0.00590	0.00603	0.01007	0.00423	0.00417
2	0.01637	0.01414	0.01489	0.01340	0.01712	0.01637	0.01042	0.03498	0.71568	0.02754	0.02679	0.02456	0.02010	0.00893	0.00670	0.00223	0.00521	0.00744	0.00670	0.01042
3	0.00932	0.00673	0.00880	0.00828	0.00984	0.00621	0.00621	0.01242	0.01863	0.02640	0.72410	0.04918	0.06212	0.01346	0.00776	0.00207	0.00311	0.01191	0.00725	0.00621
4	0.02764	0.01277	0.05190	0.01229	0.01752	0.01074	0.01055	0.05034	0.06873	0.62655	0.02503	0.02195	0.01602	0.00810	0.00661	0.00205	0.00583	0.00657	0.00773	0.01107
5	0.01629	0.01564	0.02672	0.04041	0.72757	0.01564	0.02020	0.02020	0.01499	0.02151	0.01238	0.01629	0.01043	0.00587	0.00652	0.00196	0.00782	0.00587	0.00326	0.01043
6	0.01629	0.01564	0.02672	0.04041	0.72757	0.01564	0.02020	0.02020	0.01499	0.02151	0.01238	0.01629	0.01043	0.00587	0.00652	0.00196	0.00782	0.00587	0.00326	0.01043
7	0.02954	0.01120	0.01528	0.01171	0.01681	0.00968	0.00968	0.03208	0.01884	0.73213	0.02597	0.02241	0.01630	0.00815	0.00662	0.00204	0.00560	0.00662	0.00815	0.01120
8	0.01760	0.77260	0.03450	0.01126	0.01690	0.02605	0.01126	0.01971	0.01338	0.01549	0.00915	0.01056	0.00845	0.00563	0.00422	0.00141	0.00704	0.00352	0.00282	0.00845
9	0.02525	0.01807	0.01953	0.01497	0.02023	0.01987	0.01237	0.67141	0.03034	0.07657	0.01632	0.01614	0.01145	0.00792	0.00659	0.00198	0.00716	0.00596	0.00667	0.01120
10	0.00864	0.00647	0.00809	0.00923	0.01006	0.00621	0.00633	0.01117	0.06669	0.01773	0.03872	0.63470	0.11270	0.01932	0.00821	0.00259	0.00388	0.01735	0.00616	0.00576
11	0.00943	0.00696	0.01012	0.01012	0.01114	0.00798	0.00766	0.01146	0.01045	0.01494	0.01805	0.02817	0.01746	0.14593	0.64737	0.01002	0.01612	0.00739	0.00359	0.00562
12	0.01263	0.00757	0.00807	0.00707	0.00972	0.00682	0.00543	0.01566	0.01377	0.02375	0.01895	0.02173	0.01504	0.00695	0.00467	0.00139	0.00353	0.00556	0.59847	0.21322
13	0.00931	0.00680	0.00857	0.00839	0.01004	0.00626	0.00646	0.01217	0.01750	0.02419	0.51712	0.05352	0.16517	0.01433	0.00782	0.00219	0.00348	0.08811	0.03249	0.00609
14	0.00932	0.00673	0.00880	0.00828	0.00984	0.00621	0.00621	0.01242	0.01863	0.02640	0.72410	0.04918	0.06212	0.01346	0.00776	0.00207	0.00311	0.01191	0.00725	0.00621
15	0.02503	0.01844	0.01976	0.01515	0.02042	0.02042	0.01251	0.70562	0.03095	0.04149	0.01581	0.01581	0.01120	0.00790	0.00659	0.00198	0.00724	0.00593	0.00659	0.01120
16	0.00925	0.00673	0.00870	0.00821	0.00979	0.00618	0.00616	0.01229	0.01847	0.02602	0.69476	0.04981	0.09169	0.01360	0.00777	0.00208	0.00312	0.01199	0.00720	0.00618
17	0.02954	0.01120	0.01528	0.01171	0.01681	0.00968	0.00968	0.03208	0.01884	0.73213	0.02597	0.02241	0.01630	0.00815	0.00662	0.00204	0.00560	0.00662	0.00815	0.01120
18	0.02503	0.01844	0.01976	0.01515	0.02042	0.02042	0.01251	0.70562	0.03095	0.04149	0.01581	0.01581	0.01120	0.00790	0.00659	0.00198	0.00724	0.00593	0.00659	0.01120
19	0.00924	0.00673	0.00869	0.00820	0.00979	0.00618	0.00615	0.01227	0.01845	0.02597	0.69102	0.04989	0.09546	0.01362	0.00777	0.00208	0.00312	0.01201	0.00719	0.00618
20	0.00920	0.00672	0.00864	0.00816	0.00976	0.00616	0.00612	0.01219	0.01835	0.02573	0.67330	0.05027	0.11333	0.01371	0.00777	0.00208	0.00312	0.01206	0.00716	0.00616
21	0.02954	0.01120	0.01528	0.01171	0.01681	0.00968	0.00968	0.03208	0.01884	0.73213	0.02597	0.02241	0.01630	0.00815	0.00662	0.00204	0.00560	0.00662	0.00815	0.01120
22	0.01629	0.01564	0.02672	0.04041	0.72757	0.01564	0.02020	0.02020	0.01499	0.02151	0.01238	0.01629	0.01043	0.00587	0.00652	0.00196	0.00782	0.00587	0.00326	0.01043
23	0.00932	0.00673	0.00880	0.00828	0.00984	0.00621	0.00621	0.01242	0.01863	0.02640	0.72410	0.04918	0.06212	0.01346	0.00776	0.00207	0.00311	0.01191	0.00725	0.00621
24	0.01671	0.01431	0.01508	0.01347	0.01725	0.01653	0.01050	0.06120	0.68891	0.02808	0.02637	0.02422	0.01975	0.00889	0.00669	0.00222	0.00529	0.00738	0.00669	0.01045
25	0.01243	0.01170	0.01975	0.75282	0.04534	0.01463	0.01828	0.01682	0.01316	0.01682	0.01170	0.01755	0.00878	0.00658	0.00658	0.00219	0.00878	0.00585	0.00293	0.00731
26	0.01760	0.77260	0.03450	0.01126	0.01690	0.02605	0.01126	0.01971	0.01338	0.01549	0.00915	0.01056	0.00845	0.00563	0.00422	0.00141	0.00704	0.00352	0.00282	0.00845
27	0.00830	0.00647	0.00745	0.00765	0.00922	0.00571	0.00552	0.01017	0.01524	0.01964	0.22995	0.21010	0.38065	0.04298	0.00881	0.00243	0.00349	0.01426	0.00633	0.00563
28	0.00855	0.00595	0.00763	0.00854	0.00928	0.00548	0.00583	0.00926	0.01270	0.01654	0.06498	0.48232	0.17542	0.01991	0.01092	0.12652	0.00399	0.01549	0.00565	0.00504
29	0.00857	0.00635	0.00800	0.00833	0.00957	0.00578	0.00597	0.01070	0.01577	0.02135	0.35531	0.31759	0.16911	0.01668	0.00800	0.00232	0.00341	0.01478	0.00663	0.00578
30	0.01465	0.14225	0.46316	0.01725	0.02488	0.01733	0.05423	0.06467	0.01477	0.02089	0.01363	0.01566	0.03638	0.00704	0.00728	0.00205	0.06616	0.00529	0.00320	0.00923
31	0.08036	0.01469	0.02168	0.01762	0.04870	0.01529	0.18602	0.23241	0.01953	0.09970	0.01848	0.13775	0.01616	0.00938	0.00783	0.00221	0.04943	0.00834	0.00531	0.00910
32	0.01048	0.00725	0.00909	0.00977	0.01081	0.00720	0.00696	0.08582	0.01464	0.01991	0.03174	0.55529	0.03631	0.01835	0.00887	0.04309	0.00437	0.05581	0.05829	0.00595
33	0.08605	0.01558	0.08041	0.19913	0.38620	0.01477	0.01802	0.02045	0.01449	0.08414	0.01310	0.01644	0.01011	0.00629	0.00631	0.00204	0.00776	0.00565	0.00365	0.00943
34	0.01510	0.01471	0.05909	0.24656	0.10205	0.01482	0.09511	0.10141	0.10929	0.02247	0.01514	0.01928	0.01199	0.04697	0.03481	0.00257	0.00824	0.00633	0.00409	0.06998
35	0.01904	0.10876	0.02040	0.05091	0.07544	0.13292	0.04680	0.10052	0.11067	0.10120	0.01811	0.04305	0.03657	0.02902	0.02557	0.00233	0.05852	0.00651	0.00478	0.00887
36	0.01511	0.10036	0.08176	0.01167	0.01700	0.04964	0.01040	0.07702	0.01565	0.02230	0.07502	0.01694	0.01434	0.00765	0.02673	0.00167	0.02726	0.00499	0.00414	0.42033

[dist]
# distance from previous block
# <min> <max>
0	14

[block]
# block no. 5 follows, 33 sequences, length 43
# corresponding to MSA columns:
# 273-315
name=unknown_F
#
# <colnr> <probs for GDERKNQSTAVLIFYWHMCP>
#	G	D	E	R	K	N	Q	S	T	A	V	L	I	F	Y	W	H	M	C	P
0	0.00844	0.00657	0.00775	0.00848	0.00986	0.00600	0.00615	0.01059	0.03755	0.01807	0.06854	0.37720	0.32299	0.01821	0.00812	0.00248	0.00382	0.06733	0.00616	0.00568
1	0.81514	0.01273	0.00968	0.00866	0.01273	0.01477	0.00713	0.01935	0.01120	0.02954	0.00917	0.01069	0.00713	0.00611	0.00407	0.00204	0.00509	0.00356	0.00407	0.00713
2	0.02503	0.01844	0.01976	0.01515	0.02042	0.02042	0.01251	0.70562	0.03095	0.04149	0.01581	0.01581	0.01120	0.00790	0.00659	0.00198	0.00724	0.00593	0.00659	0.01120
3	0.81514	0.01273	0.00968	0.00866	0.01273	0.01477	0.00713	0.01935	0.01120	0.02954	0.00917	0.01069	0.00713	0.00611	0.00407	0.00204	0.00509	0.00356	0.00407	0.00713
4	0.00940	0.00705	0.01058	0.01058	0.01176	0.00823	0.00823	0.01176	0.01058	0.01528	0.01763	0.02586	0.01646	0.04937	0.74255	0.01058	0.01763	0.00705	0.00353	0.00588
5	0.01365	0.01170	0.01365	0.00975	0.01560	0.00878	0.00780	0.01658	0.01365	0.02145	0.01170	0.01365	0.00975	0.00488	0.00488	0.00098	0.00488	0.00390	0.00390	0.80888
6	0.25188	0.01599	0.01636	0.01290	0.01781	0.01759	0.01065	0.43321	0.02393	0.11580	0.01505	0.01508	0.01060	0.00742	0.00587	0.00200	0.00644	0.00533	0.00604	0.01003
7	0.01760	0.77260	0.03450	0.01126	0.01690	0.02605	0.01126	0.01971	0.01338	0.01549	0.00915	0.01056	0.00845	0.00563	0.00422	0.00141	0.00704	0.00352	0.00282	0.00845
8	0.08313	0.01272	0.01640	0.01206	0.01767	0.01093	0.07482	0.06465	0.01562	0.14169	0.01429	0.01540	0.01074	0.00578	0.00549	0.00142	0.00576	0.00483	0.00474	0.48185
9	0.01635	0.01651	0.02427	0.19665	0.49688	0.09614	0.01894	0.02013	0.01499	0.01986	0.01199	0.01608	0.00984	0.00613	0.00647	0.00198	0.00848	0.00568	0.00320	0.00942
10	0.01637	0.01414	0.01489	0.01340	0.01712	0.01637	0.01042	0.03498	0.71568	0.02754	0.02679	0.02456	0.02010	0.00893	0.00670	0.00223	0.00521	0.00744	0.00670	0.01042
11	0.01371	0.01145	0.01474	0.01648	0.15272	0.01201	0.01057	0.05959	0.23723	0.02632	0.30216	0.03371	0.06092	0.01037	0.00712	0.00210	0.00493	0.00907	0.00622	0.00861
12	0.02232	0.04220	0.04196	0.04393	0.07745	0.01268	0.13017	0.02707	0.07564	0.38210	0.05923	0.02188	0.01675	0.00767	0.00678	0.00206	0.00684	0.00692	0.00621	0.01012
13	0.01144	0.00572	0.00858	0.00858	0.00858	0.00572	0.00572	0.00858	0.00858	0.01144	0.01144	0.02001	0.01144	0.02287	0.02573	0.80846	0.00572	0.00572	0.00286	0.00286
14	0.00802	0.00573	0.00764	0.00917	0.00955	0.00535	0.00611	0.00917	0.01260	0.01681	0.03628	0.76434	0.04354	0.02062	0.00840	0.00267	0.00382	0.01872	0.00611	0.00535
15	0.01503	0.01409	0.02197	0.44605	0.21926	0.05519	0.04140	0.01902	0.01418	0.04971	0.01238	0.01703	0.00956	0.00659	0.00704	0.00212	0.03187	0.00586	0.00328	0.00836
16	0.06061	0.12203	0.10551	0.13910	0.07739	0.06480	0.07249	0.11098	0.01718	0.14705	0.01435	0.01598	0.01043	0.00671	0.00615	0.00196	0.00803	0.00550	0.00443	0.00931
17	0.02155	0.02613	0.10448	0.01718	0.02178	0.37996	0.05778	0.14915	0.09020	0.02274	0.01321	0.01457	0.01023	0.00723	0.00685	0.00192	0.03673	0.00522	0.00421	0.00887
18	0.01350	0.01360	0.02679	0.08085	0.07229	0.01315	0.38188	0.01783	0.01491	0.02028	0.02112	0.08515	0.05610	0.00919	0.00763	0.00230	0.00859	0.09651	0.05045	0.00787
19	0.01587	0.01379	0.01807	0.12663	0.13657	0.01541	0.03211	0.08793	0.34787	0.02518	0.02174	0.05314	0.01779	0.00893	0.00688	0.00222	0.00650	0.04844	0.00542	0.00953
20	0.01573	0.04221	0.07616	0.01341	0.04419	0.01252	0.04126	0.13066	0.03225	0.02448	0.01333	0.03278	0.01092	0.00605	0.00556	0.00141	0.00610	0.00498	0.00428	0.48172
21	0.00807	0.00577	0.00769	0.00913	0.00956	0.00538	0.00612	0.00930	0.01285	0.01720	0.06454	0.73497	0.04430	0.02033	0.00838	0.00265	0.00379	0.01844	0.00616	0.00538
22	0.00962	0.00661	0.00821	0.00887	0.00935	0.00655	0.00617	0.01064	0.01161	0.01533	0.02712	0.16506	0.03090	0.44201	0.02276	0.00487	0.00589	0.19875	0.00490	0.00478
23	0.75709	0.01262	0.01009	0.00888	0.01303	0.01439	0.00732	0.02029	0.01177	0.08146	0.01041	0.01156	0.00781	0.00626	0.00426	0.00204	0.00513	0.00379	0.00438	0.00743
24	0.01144	0.00572	0.00858	0.00858	0.00858	0.00572	0.00572	0.00858	0.00858	0.01144	0.01144	0.02001	0.01144	0.02287	0.02573	0.80846	0.00572	0.00572	0.00286	0.00286
25	0.01680	0.09950	0.01739	0.01138	0.01691	0.05359	0.00937	0.14119	0.03451	0.02422	0.01244	0.01386	0.01005	0.00571	0.00521	0.00127	0.00594	0.00433	0.00430	0.51202
26	0.01702	0.01506	0.04477	0.01557	0.07733	0.06295	0.06982	0.09368	0.07082	0.08193	0.01827	0.04078	0.04736	0.00740	0.00647	0.00172	0.02370	0.00622	0.03396	0.26518
27	0.01754	0.09028	0.25064	0.04529	0.04097	0.14270	0.01625	0.07422	0.01568	0.07365	0.01291	0.01543	0.01007	0.01117	0.07726	0.00283	0.08542	0.00521	0.00369	0.00878
28	0.01028	0.00721	0.00941	0.01027	0.01191	0.00682	0.00844	0.01275	0.01518	0.04639	0.09436	0.16311	0.18332	0.01746	0.00853	0.00270	0.00494	0.37460	0.00625	0.00606
29	0.01119	0.00714	0.00940	0.00860	0.01048	0.00653	0.00653	0.01425	0.01865	0.09180	0.65941	0.04670	0.05787	0.01297	0.00766	0.00207	0.00334	0.01142	0.00733	0.00667
