[name]
unknown

[dist]
# distance from previous block
# <min> <max>
7	13

[block]
# block no. 0 follows, 33 sequences, length 92
# corresponding to MSA columns:
# 13-104
name=unknown_A
#
# <colnr> <probs for GDERKNQSTAVLIFYWHMCP>
#	G	D	E	R	K	N	Q	S	T	A	V	L	I	F	Y	W	H	M	C	P
0	0.03478	0.03322	0.01905	0.04680	0.01953	0.06530	0.10466	0.15265	0.01684	0.04840	0.01831	0.10918	0.04404	0.03901	0.04046	0.00268	0.12965	0.00785	0.00459	0.06302
1	0.01550	0.07476	0.06407	0.05368	0.05160	0.06991	0.03635	0.13660	0.04635	0.04235	0.07335	0.16417	0.07352	0.01187	0.02774	0.00232	0.00685	0.00909	0.00511	0.03482
2	0.01271	0.01031	0.01386	0.01420	0.09645	0.02836	0.05810	0.06560	0.01524	0.05058	0.05460	0.19515	0.16979	0.10079	0.03313	0.00291	0.00601	0.01104	0.00521	0.05597
3	0.01568	0.03625	0.01799	0.01500	0.04355	0.04793	0.09769	0.12793	0.11526	0.04205	0.04588	0.09326	0.01818	0.01678	0.14995	0.00366	0.00892	0.00772	0.00495	0.09138
4	0.03815	0.01213	0.01588	0.01342	0.03808	0.01202	0.06620	0.10616	0.12801	0.13054	0.06455	0.05017	0.04883	0.03796	0.08005	0.00293	0.00703	0.00743	0.00559	0.13487
5	0.03808	0.32897	0.08478	0.08953	0.11099	0.09209	0.01429	0.04625	0.07243	0.01920	0.01181	0.01387	0.00976	0.00651	0.00604	0.00180	0.03665	0.00473	0.00343	0.00879
6	0.04656	0.02690	0.01046	0.00907	0.01127	0.00805	0.00698	0.01616	0.06468	0.09300	0.53756	0.06838	0.05058	0.01240	0.00736	0.00208	0.00369	0.01079	0.00701	0.00703
7	0.01113	0.00727	0.00882	0.00864	0.01058	0.00660	0.00639	0.01383	0.04583	0.10329	0.21249	0.25021	0.25861	0.01567	0.00777	0.00229	0.00376	0.01364	0.00665	0.00653
8	0.00876	0.00654	0.00806	0.00856	0.00965	0.00618	0.00599	0.01101	0.03956	0.01908	0.19108	0.36064	0.16720	0.08346	0.04030	0.00309	0.00441	0.01467	0.00609	0.00567
9	0.07539	0.00664	0.00800	0.00903	0.00991	0.00656	0.00621	0.01119	0.03395	0.01880	0.06231	0.59803	0.03897	0.03948	0.00852	0.00264	0.00398	0.01605	0.03865	0.00568
10	0.02356	0.01750	0.01884	0.01463	0.01966	0.01921	0.01199	0.62445	0.05776	0.03918	0.01695	0.04672	0.01283	0.00836	0.00660	0.00198	0.00693	0.00644	0.00647	0.03993
11	0.03974	0.00710	0.00831	0.00844	0.00999	0.00673	0.00602	0.01312	0.04100	0.07054	0.11440	0.29999	0.17846	0.09195	0.01010	0.00271	0.00407	0.01320	0.06803	0.00609
12	0.00872	0.00614	0.00745	0.00812	0.00912	0.00567	0.00563	0.01040	0.01391	0.01903	0.14547	0.40139	0.16790	0.06434	0.00936	0.00261	0.00370	0.01487	0.09064	0.00552
13	0.00831	0.00598	0.00751	0.00853	0.00909	0.00558	0.00564	0.00940	0.01260	0.01664	0.06645	0.53834	0.11241	0.14621	0.01255	0.00323	0.00417	0.01637	0.00580	0.00518
14	0.01883	0.01449	0.01565	0.01342	0.01746	0.01627	0.01062	0.16963	0.49615	0.08326	0.05305	0.02363	0.01973	0.00885	0.00671	0.00216	0.00557	0.00726	0.00681	0.01046
15	0.68888	0.01338	0.01113	0.00957	0.01383	0.01528	0.00789	0.10474	0.01392	0.05649	0.01060	0.01175	0.00797	0.00641	0.00448	0.00203	0.00538	0.00397	0.00453	0.00778
16	0.18756	0.01567	0.01597	0.01296	0.01745	0.01747	0.01054	0.41639	0.11543	0.03515	0.01881	0.04902	0.04224	0.00855	0.00620	0.00206	0.00622	0.00649	0.00604	0.00977
17	0.01153	0.00809	0.00920	0.00879	0.01054	0.00795	0.00624	0.03194	0.11014	0.06659	0.11310	0.14022	0.20505	0.22397	0.01476	0.00340	0.00472	0.01155	0.00587	0.00635
18	0.04150	0.00636	0.00766	0.00837	0.00915	0.00607	0.00561	0.01007	0.01285	0.01767	0.11314	0.42944	0.11052	0.17480	0.01332	0.00331	0.00427	0.01492	0.00571	0.00526
19	0.38299	0.01305	0.01229	0.01093	0.01481	0.01488	0.00871	0.02679	0.32755	0.06722	0.04549	0.01903	0.01556	0.00777	0.00553	0.00213	0.00510	0.00579	0.00560	0.00879
20	0.07669	0.01254	0.01463	0.01214	0.01624	0.01284	0.00969	0.18079	0.13097	0.30116	0.02429	0.13885	0.01947	0.01007	0.00674	0.00216	0.00559	0.00832	0.00696	0.00986
21	0.01106	0.00915	0.01238	0.05066	0.09023	0.02896	0.00945	0.03197	0.03269	0.01738	0.02537	0.08490	0.12257	0.05650	0.35278	0.03316	0.01139	0.00870	0.00421	0.00651
22	0.01865	0.01176	0.01468	0.01312	0.04583	0.01234	0.00994	0.18721	0.06186	0.18848	0.10336	0.05634	0.04285	0.04369	0.12452	0.00361	0.03885	0.00794	0.00612	0.00886
23	0.17575	0.01008	0.01094	0.00974	0.01273	0.01032	0.00745	0.04694	0.09634	0.19231	0.02599	0.12542	0.07581	0.10710	0.00975	0.00268	0.00503	0.00862	0.05917	0.00781
24	0.00951	0.00665	0.00852	0.00852	0.00899	0.00711	0.00566	0.01044	0.00997	0.01376	0.01951	0.03628	0.02098	0.48460	0.31351	0.00804	0.01083	0.00858	0.00381	0.00473
25	0.04620	0.02599	0.01845	0.01856	0.10162	0.52376	0.01282	0.05283	0.04838	0.01934	0.04139	0.01496	0.01174	0.00710	0.00605	0.00178	0.01011	0.00499	0.02582	0.00811
26	0.01348	0.01253	0.02106	0.52663	0.22954	0.01454	0.01822	0.01768	0.01369	0.01843	0.01231	0.01751	0.00957	0.00643	0.00648	0.00210	0.00827	0.00587	0.03755	0.00811
27	0.01095	0.00926	0.01327	0.01238	0.01311	0.01176	0.00981	0.01285	0.01035	0.01527	0.01510	0.02363	0.01462	0.09170	0.46783	0.00790	0.24385	0.00685	0.00336	0.00614
28	0.00810	0.00576	0.00761	0.00906	0.00942	0.00540	0.00600	0.00919	0.01244	0.01659	0.03545	0.72542	0.04248	0.06099	0.00976	0.00287	0.00396	0.01822	0.00600	0.00527
29	0.01527	0.01353	0.02178	0.34833	0.31399	0.01498	0.01775	0.02096	0.09256	0.05530	0.01436	0.01807	0.01107	0.00663	0.00657	0.00209	0.00784	0.00607	0.00374	0.00910
30	0.01544	0.01757	0.03825	0.05022	0.03475	0.01659	0.68242	0.02096	0.01546	0.02096	0.01327	0.01775	0.00995	0.00558	0.00773	0.00222	0.01103	0.00771	0.00332	0.00883
31	0.00906	0.00674	0.00918	0.00935	0.01040	0.00721	0.00688	0.01086	0.01149	0.01577	0.04916	0.12115	0.11186	0.14624	0.43520	0.00770	0.01207	0.00982	0.00435	0.00551
32	0.01734	0.01611	0.02222	0.05770	0.35043	0.05098	0.04399	0.08934	0.23380	0.02478	0.01708	0.01871	0.01332	0.00707	0.00661	0.00205	0.00732	0.00636	0.00463	0.01017
33	0.04731	0.01777	0.08033	0.14859	0.24250	0.04811	0.01651	0.21851	0.06924	0.02690	0.01402	0.01637	0.01068	0.00687	0.00643	0.00202	0.00786	0.00576	0.00440	0.00982
34	0.02362	0.01086	0.01403	0.01132	0.01552	0.01011	0.00914	0.04504	0.10998	0.48044	0.16711	0.02794	0.02594	0.00932	0.00686	0.00207	0.00509	0.00778	0.00774	0.01009
35	0.01650	0.01513	0.01785	0.12359	0.13838	0.08216	0.01334	0.05497	0.29879	0.03926	0.01995	0.07533	0.01647	0.00885	0.00752	0.00219	0.04814	0.00733	0.00506	0.00922
36	0.01639	0.46257	0.22669	0.01528	0.02214	0.02188	0.09186	0.04144	0.01431	0.01839	0.01055	0.01244	0.00867	0.00586	0.00525	0.00170	0.00824	0.00444	0.00298	0.00893
37	0.00778	0.00667	0.00667	0.00667	0.00889	0.00556	0.00500	0.00945	0.01501	0.01778	0.06669	0.06336	0.72490	0.01667	0.00778	0.00222	0.00333	0.01389	0.00611	0.00556
38	0.01365	0.01170	0.01365	0.00975	0.01560	0.00878	0.00780	0.01658	0.01365	0.02145	0.01170	0.01365	0.00975	0.00488	0.00488	0.00098	0.00488	0.00390	0.00390	0.80888
39	0.01942	0.01644	0.06103	0.07072	0.14384	0.03857	0.10244	0.19129	0.06936	0.12423	0.01871	0.03960	0.03861	0.00773	0.00675	0.00205	0.00756	0.00683	0.00516	0.02966
40	0.04950	0.01570	0.01946	0.13342	0.08524	0.06100	0.03845	0.25970	0.02028	0.12510	0.01519	0.01720	0.01124	0.01017	0.05340	0.00261	0.06188	0.00594	0.00507	0.00945
41	0.01206	0.00758	0.00934	0.00871	0.01093	0.00685	0.00666	0.03250	0.01724	0.12270	0.32945	0.12213	0.23838	0.01435	0.00768	0.00220	0.00380	0.03378	0.00688	0.00677
42	0.00951	0.00638	0.00729	0.00735	0.00740	0.00639	0.00419	0.00962	0.00972	0.01299	0.02126	0.07035	0.02448	0.72014	0.05199	0.00635	0.00659	0.00986	0.00406	0.00409
43	0.01344	0.01277	0.02137	0.54509	0.20057	0.01519	0.01849	0.01754	0.01340	0.01784	0.01168	0.01707	0.00915	0.00671	0.00746	0.00218	0.05317	0.00585	0.00300	0.00802
44	0.01626	0.01565	0.02477	0.17428	0.53887	0.04556	0.01921	0.04836	0.01546	0.02122	0.01230	0.01633	0.01006	0.00612	0.00651	0.00199	0.00815	0.00580	0.00334	0.00975
45	0.04393	0.01505	0.04242	0.37381	0.21898	0.04344	0.08842	0.04289	0.01460	0.01988	0.01197	0.01654	0.00933	0.00643	0.00690	0.00211	0.02568	0.00588	0.00324	0.00850
46	0.01135	0.00614	0.00917	0.00907	0.00917	0.00645	0.00625	0.00912	0.00881	0.01194	0.01190	0.02035	0.01180	0.02490	0.09113	0.70720	0.03319	0.00584	0.00292	0.00329
47	0.00809	0.00585	0.00767	0.00910	0.00964	0.00543	0.00619	0.00933	0.01284	0.01696	0.03816	0.69784	0.08649	0.02030	0.00839	0.00266	0.00386	0.03972	0.00611	0.00538
48	0.00950	0.00708	0.01027	0.04051	0.01229	0.00807	0.00785	0.01150	0.01060	0.01499	0.01868	0.05912	0.01850	0.16525	0.56454	0.00921	0.01483	0.00791	0.00369	0.00560
49	0.81514	0.01273	0.00968	0.00866	0.01273	0.01477	0.00713	0.01935	0.01120	0.02954	0.00917	0.01069	0.00713	0.00611	0.00407	0.00204	0.00509	0.00356	0.00407	0.00713
50	0.01613	0.01548	0.02643	0.06973	0.69949	0.01560	0.02012	0.02006	0.01491	0.02131	0.01236	0.01635	0.01036	0.00590	0.00652	0.00197	0.00786	0.00587	0.00324	0.01030
51	0.00932	0.00673	0.00880	0.00828	0.00984	0.00621	0.00621	0.01242	0.01863	0.02640	0.72410	0.04918	0.06212	0.01346	0.00776	0.00207	0.00311	0.01191	0.00725	0.00621
52	0.01637	0.01414	0.01489	0.01340	0.01712	0.01637	0.01042	0.03498	0.71568	0.02754	0.02679	0.02456	0.02010	0.00893	0.00670	0.00223	0.00521	0.00744	0.00670	0.01042
53	0.02567	0.01447	0.01695	0.01319	0.01800	0.01482	0.01077	0.37124	0.02439	0.32787	0.02107	0.05033	0.01510	0.03526	0.00762	0.00218	0.00639	0.00687	0.00713	0.01071
54	0.00932	0.00673	0.00880	0.00828	0.00984	0.00621	0.00621	0.01242	0.01863	0.02640	0.72410	0.04918	0.06212	0.01346	0.00776	0.00207	0.00311	0.01191	0.00725	0.00621
55	0.81514	0.01273	0.00968	0.00866	0.01273	0.01477	0.00713	0.01935	0.01120	0.02954	0.00917	0.01069	0.00713	0.00611	0.00407	0.00204	0.00509	0.00356	0.00407	0.00713
56	0.01760	0.77260	0.03450	0.01126	0.01690	0.02605	0.01126	0.01971	0.01338	0.01549	0.00915	0.01056	0.00845	0.00563	0.00422	0.00141	0.00704	0.00352	0.00282	0.00845
57	0.81514	0.01273	0.00968	0.00866	0.01273	0.01477	0.00713	0.01935	0.01120	0.02954	0.00917	0.01069	0.00713	0.00611	0.00407	0.00204	0.00509	0.00356	0.00407	0.00713
58	0.01760	0.77260	0.03450	0.01126	0.01690	0.02605	0.01126	0.01971	0.01338	0.01549	0.00915	0.01056	0.00845	0.00563	0.00422	0.00141	0.00704	0.00352	0.00282	0.00845
59	0.02459	0.03138	0.01866	0.01696	0.02035	0.74221	0.01272	0.02629	0.01866	0.01611	0.01018	0.01187	0.00848	0.00678	0.00594	0.00170	0.01187	0.00424	0.00339	0.00763
60	0.00957	0.00638	0.00718	0.00718	0.00718	0.00638	0.00399	0.00957	0.00957	0.01276	0.02074	0.04308	0.02393	0.76864	0.03351	0.00638	0.00638	0.00957	0.00399	0.00399
61	0.01359	0.01330	0.01898	0.10414	0.01993	0.01817	0.01412	0.01536	0.01068	0.01605	0.01150	0.08243	0.01181	0.01176	0.01862	0.00278	0.59963	0.00694	0.00318	0.00705
62	0.00948	0.00634	0.00721	0.00730	0.00732	0.00632	0.00411	0.00955	0.00975	0.01300	0.02166	0.08583	0.02510	0.72431	0.03202	0.00616	0.00623	0.01012	0.00411	0.00407
63	0.00956	0.00645	0.00753	0.00753	0.00765	0.00657	0.00442	0.00980	0.00968	0.01302	0.02043	0.04132	0.02317	0.69524	0.10586	0.00681	0.00753	0.00932	0.00394	0.00418
64	0.01440	0.01440	0.02016	0.01728	0.01728	0.02016	0.01440	0.01584	0.01008	0.01584	0.00864	0.01440	0.00864	0.01152	0.02160	0.00288	0.75659	0.00576	0.00288	0.00720
65	0.01452	0.01100	0.01282	0.01248	0.01525	0.01201	0.01005	0.02532	0.37373	0.06814	0.03030	0.10744	0.02793	0.01304	0.00765	0.00253	0.00540	0.23531	0.00652	0.00855
66	0.01365	0.01170	0.01365	0.00975	0.01560	0.00878	0.00780	0.01658	0.01365	0.02145	0.01170	0.01365	0.00975	0.00488	0.00488	0.00098	0.00488	0.00390	0.00390	0.80888
67	0.77138	0.01305	0.01023	0.00902	0.01316	0.01508	0.00743	0.05736	0.01230	0.03020	0.00953	0.01098	0.00735	0.00621	0.00421	0.00203	0.00521	0.00370	0.00421	0.00735
68	0.78210	0.01269	0.01009	0.03929	0.01407	0.01476	0.00759	0.01925	0.01128	0.02901	0.00927	0.01098	0.00720	0.00613	0.00418	0.00204	0.00524	0.00366	0.00403	0.00714
69	0.00913	0.00730	0.00866	0.03877	0.01158	0.00689	0.00675	0.01235	0.05971	0.02042	0.21192	0.15253	0.34807	0.01566	0.00784	0.00231	0.00389	0.06383	0.00629	0.00610
70	0.01009	0.00737	0.01014	0.13037	0.01571	0.00755	0.00822	0.02840	0.01322	0.03807	0.03174	0.43747	0.08752	0.08574	0.01075	0.02479	0.00509	0.03655	0.00538	0.00583
71	0.76586	0.01264	0.01003	0.00885	0.01299	0.01445	0.00729	0.02015	0.01168	0.07361	0.01022	0.01143	0.00770	0.00624	0.00423	0.00204	0.00512	0.00376	0.00433	0.00739
72	0.81514	0.01273	0.00968	0.00866	0.01273	0.01477	0.00713	0.01935	0.01120	0.02954	0.00917	0.01069	0.00713	0.00611	0.00407	0.00204	0.00509	0.00356	0.00407	0.00713
73	0.01144	0.00572	0.00858	0.00858	0.00858	0.00572	0.00572	0.00858	0.00858	0.01144	0.01144	0.02001	0.01144	0.02287	0.02573	0.80846	0.00572	0.00572	0.00286	0.00286
74	0.62375	0.01230	0.01099	0.00985	0.01311	0.01464	0.00808	0.01799	0.01112	0.02629	0.01149	0.01396	0.02916	0.01067	0.06720	0.00285	0.10119	0.00443	0.00394	0.00699
75	0.01198	0.00676	0.00934	0.00919	0.00967	0.00697	0.00632	0.02961	0.06801	0.01394	0.01448	0.06975	0.01428	0.02116	0.02248	0.66637	0.00559	0.00673	0.00349	0.00388
76	0.00809	0.00592	0.00745	0.00863	0.00928	0.00545	0.00578	0.00924	0.01276	0.01667	0.03994	0.60260	0.14897	0.07375	0.01011	0.00287	0.00393	0.01730	0.00596	0.00528
77	0.01243	0.01170	0.01975	0.75282	0.04534	0.01463	0.01828	0.01682	0.01316	0.01682	0.01170	0.01755	0.00878	0.00658	0.00658	0.00219	0.00878	0.00585	0.00293	0.00731
78	0.01971	0.04366	0.09371	0.08127	0.18780	0.01599	0.01511	0.22329	0.04858	0.11593	0.01540	0.01669	0.01131	0.00688	0.00632	0.00191	0.00726	0.00569	0.00495	0.07854
79	0.00898	0.00732	0.02757	0.00838	0.01012	0.00623	0.00646	0.01170	0.01710	0.02350	0.50071	0.13944	0.17857	0.01474	0.00781	0.00217	0.00341	0.01292	0.00678	0.00608
80	0.01365	0.01170	0.01365	0.00975	0.01560	0.00878	0.00780	0.01658	0.01365	0.02145	0.01170	0.01365	0.00975	0.00488	0.00488	0.00098	0.00488	0.00390	0.00390	0.80888
81	0.01621	0.01737	0.10072	0.12153	0.24842	0.04502	0.11614	0.07012	0.07395	0.04798	0.01793	0.02033	0.05997	0.00722	0.00676	0.00207	0.00815	0.00668	0.00407	0.00935
82	0.00894	0.00641	0.00843	0.00973	0.01042	0.00615	0.00687	0.03499	0.01357	0.01804	0.03537	0.65673	0.04171	0.01988	0.00842	0.00269	0.00421	0.09570	0.00612	0.00564
83	0.01458	0.09135	0.22411	0.01556	0.02156	0.03864	0.10889	0.06490	0.06643	0.02202	0.05247	0.04878	0.06357	0.00813	0.00646	0.00194	0.00754	0.02438	0.00421	0.11449
84	0.01492	0.01461	0.04836	0.18501	0.43566	0.01461	0.01787	0.04538	0.03533	0.02163	0.06323	0.02064	0.03978	0.00711	0.00666	0.00204	0.00751	0.00658	0.00377	0.00931
85	0.01858	0.01795	0.01478	0.03355	0.03686	0.28768	0.01041	0.06589	0.05048	0.09220	0.12118	0.10072	0.07681	0.01055	0.00688	0.00203	0.00753	0.03278	0.00533	0.00778
86	0.06104	0.35998	0.15954	0.01386	0.04780	0.04906	0.01334	0.04465	0.03373	0.05910	0.03357	0.01608	0.04064	0.00679	0.00532	0.00172	0.00721	0.00494	0.00375	0.03789
87	0.03504	0.05175	0.03563	0.01423	0.07228	0.06498	0.02830	0.14173	0.09131	0.07251	0.08563	0.05344	0.10676	0.06212	0.00848	0.00228	0.00624	0.00795	0.00543	0.05390
88	0.03728	0.11349	0.07499	0.01794	0.12420	0.10944	0.05000	0.02191	0.13349	0.02112	0.06247	0.04126	0.01651	0.00797	0.00678	0.00193	0.03449	0.03076	0.00429	0.08968
89	0.04282	0.01662	0.09285	0.03459	0.05002	0.10666	0.03823	0.08084	0.04665	0.10907	0.03801	0.09242	0.06259	0.03201	0.00772	0.00210	0.02689	0.00749	0.00494	0.10748
90	0.03742	0.01745	0.08388	0.03891	0.12540	0.10033	0.03827	0.14549	0.09496	0.05630	0.12168	0.04537	0.02005	0.00840	0.00663	0.00200	0.00713	0.00705	0.00514	0.03814
91	0.04226	0.06344	0.03835	0.06094	0.19768	0.03458	0.04196	0.13621	0.12157	0.05488	0.05121	0.02001	0.03714	0.00745	0.00636	0.00194	0.00687	0.00634	0.00483	0.06598

[dist]
# distance from previous block
# <min> <max>
4	36

[block]
# block no. 1 follows, 33 sequences, length 61
# corresponding to MSA columns:
# 141-201
name=unknown_B
#
# <colnr> <probs for GDERKNQSTAVLIFYWHMCP>
#	G	D	E	R	K	N	Q	S	T	A	V	L	I	F	Y	W	H	M	C	P
0	0.04662	0.05872	0.01821	0.09421	0.16029	0.05520	0.01254	0.05540	0.07747	0.12884	0.01613	0.01881	0.01265	0.01426	0.12110	0.04411	0.00868	0.00589	0.00450	0.04638
1	0.08460	0.01405	0.08420	0.04151	0.05017	0.03402	0.01100	0.12575	0.08114	0.03909	0.02182	0.04407	0.09728	0.01589	0.10865	0.08287	0.00790	0.00705	0.00467	0.04426
2	0.01980	0.01756	0.05710	0.05142	0.26909	0.01763	0.04721	0.32623	0.05746	0.03049	0.01461	0.01643	0.01106	0.00694	0.00656	0.00198	0.00764	0.00596	0.00490	0.02994
3	0.05805	0.13523	0.07982	0.06162	0.10655	0.25180	0.03651	0.11796	0.01761	0.02143	0.01171	0.01405	0.00946	0.00854	0.04056	0.00224	0.00958	0.00492	0.00370	0.00868
4	0.05250	0.01293	0.02033	0.07079	0.15860	0.01489	0.09340	0.04743	0.01315	0.01938	0.01366	0.02065	0.01234	0.03807	0.16642	0.00422	0.19890	0.03102	0.00352	0.00780
5	0.04884	0.00740	0.00890	0.00876	0.00967	0.00786	0.00600	0.04233	0.01140	0.01616	0.02228	0.09105	0.05332	0.39212	0.23908	0.00675	0.00938	0.00926	0.00423	0.00521
6	0.01085	0.00796	0.01172	0.10144	0.07293	0.00804	0.01000	0.01314	0.01379	0.05047	0.03059	0.40673	0.03405	0.01658	0.00813	0.00262	0.00538	0.18356	0.00558	0.00644
7	0.04859	0.13528	0.02355	0.03607	0.08581	0.18312	0.07890	0.22925	0.02056	0.07794	0.01339	0.01470	0.01016	0.00682	0.00610	0.00186	0.00853	0.00532	0.00461	0.00945
8	0.00911	0.00747	0.01214	0.01185	0.01314	0.00698	0.10679	0.01089	0.01303	0.01742	0.03297	0.65659	0.03870	0.01845	0.00831	0.00261	0.00487	0.01714	0.00571	0.00586
9	0.01679	0.04276	0.06608	0.02079	0.13333	0.13675	0.11480	0.03531	0.01431	0.03914	0.01235	0.01753	0.01084	0.07884	0.01251	0.00252	0.18498	0.00598	0.00348	0.05092
10	0.01293	0.00799	0.01026	0.00904	0.01142	0.00731	0.00697	0.04063	0.01882	0.12837	0.55122	0.04314	0.07078	0.01225	0.00745	0.00202	0.00369	0.01068	0.00719	0.03784
11	0.01548	0.01166	0.01368	0.01048	0.01546	0.00986	0.00830	0.07824	0.05121	0.08392	0.03791	0.08654	0.01571	0.00736	0.00568	0.00141	0.00501	0.00612	0.00495	0.53103
12	0.00947	0.00708	0.01041	0.03007	0.01227	0.00806	0.00816	0.01171	0.01108	0.01570	0.03742	0.06827	0.02014	0.08925	0.59312	0.00917	0.01515	0.03382	0.00387	0.00579
13	0.01569	0.01503	0.02563	0.15141	0.62128	0.01548	0.01990	0.01968	0.01471	0.02078	0.01228	0.01649	0.01017	0.00598	0.00653	0.00199	0.00797	0.00586	0.00321	0.00994
14	0.43975	0.02068	0.01402	0.01247	0.01635	0.30986	0.00977	0.07005	0.01560	0.02493	0.01004	0.01153	0.00796	0.00651	0.00500	0.00189	0.00799	0.00400	0.00397	0.00762
15	0.01377	0.01295	0.02185	0.38827	0.33779	0.01436	0.01819	0.01770	0.01391	0.01885	0.01386	0.07357	0.01212	0.00734	0.00669	0.00213	0.00799	0.00683	0.00331	0.00851
16	0.01270	0.01196	0.02005	0.64179	0.12290	0.01440	0.01800	0.01693	0.01345	0.01740	0.01389	0.01916	0.03640	0.00689	0.00662	0.00217	0.00846	0.00616	0.00309	0.00761
17	0.05002	0.02761	0.01951	0.01963	0.11345	0.56273	0.01350	0.08097	0.01893	0.01936	0.01090	0.01274	0.00891	0.00673	0.00600	0.00176	0.01073	0.00457	0.00366	0.00828
18	0.00802	0.00573	0.00764	0.00917	0.00955	0.00535	0.00611	0.00917	0.01260	0.01681	0.03628	0.76434	0.04354	0.02062	0.00840	0.00267	0.00382	0.01872	0.00611	0.00535
19	0.01498	0.01241	0.01428	0.01045	0.01605	0.01021	0.00837	0.10752	0.01591	0.02396	0.01299	0.03678	0.01097	0.00576	0.00521	0.00116	0.00516	0.00462	0.00432	0.67889
20	0.01637	0.01414	0.01489	0.01340	0.01712	0.01637	0.01042	0.03498	0.71568	0.02754	0.02679	0.02456	0.02010	0.00893	0.00670	0.00223	0.00521	0.00744	0.00670	0.01042
21	0.00800	0.00649	0.00710	0.00735	0.00913	0.00559	0.00536	0.00972	0.01492	0.01854	0.13310	0.20370	0.51380	0.01712	0.00790	0.00230	0.00341	0.01465	0.00624	0.00559
22	0.02184	0.01572	0.01747	0.01317	0.01860	0.01587	0.01080	0.43321	0.02451	0.09293	0.01537	0.01568	0.01117	0.00697	0.00605	0.00167	0.00636	0.00535	0.00587	0.26138
23	0.00864	0.00670	0.00785	0.00757	0.00942	0.00592	0.00568	0.01110	0.01703	0.02258	0.43252	0.05547	0.35608	0.01488	0.00777	0.00214	0.00321	0.01279	0.00674	0.00592
24	0.01243	0.01170	0.01975	0.75282	0.04534	0.01463	0.01828	0.01682	0.01316	0.01682	0.01170	0.01755	0.00878	0.00658	0.00658	0.00219	0.00878	0.00585	0.00293	0.00731
25	0.00916	0.00621	0.00783	0.00875	0.00967	0.00566	0.00598	0.01040	0.01316	0.05297	0.04015	0.56393	0.15919	0.06212	0.00964	0.00278	0.00397	0.01674	0.00609	0.00560
26	0.01256	0.00658	0.00678	0.00663	0.00827	0.00669	0.00502	0.03752	0.01422	0.02468	0.02112	0.02432	0.01667	0.00955	0.03784	0.00195	0.00386	0.00617	0.74330	0.00629
27	0.75564	0.01262	0.01010	0.00889	0.01304	0.01438	0.00732	0.02032	0.01178	0.08275	0.01044	0.01158	0.00782	0.00627	0.00427	0.00204	0.00513	0.00380	0.00438	0.00744
28	0.00874	0.00671	0.00800	0.00768	0.00948	0.00597	0.00576	0.01131	0.01727	0.02316	0.47707	0.05450	0.31116	0.01467	0.00777	0.00213	0.00319	0.01265	0.00682	0.00597
29	0.01760	0.77260	0.03450	0.01126	0.01690	0.02605	0.01126	0.01971	0.01338	0.01549	0.00915	0.01056	0.00845	0.00563	0.00422	0.00141	0.00704	0.00352	0.00282	0.00845
30	0.02954	0.01120	0.01528	0.01171	0.01681	0.00968	0.00968	0.03208	0.01884	0.73213	0.02597	0.02241	0.01630	0.00815	0.00662	0.00204	0.00560	0.00662	0.00815	0.01120
31	0.01365	0.01170	0.01365	0.00975	0.01560	0.00878	0.00780	0.01658	0.01365	0.02145	0.01170	0.01365	0.00975	0.00488	0.00488	0.00098	0.00488	0.00390	0.00390	0.80888
32	0.01320	0.03405	0.73453	0.01876	0.02849	0.01529	0.02432	0.02085	0.01390	0.02085	0.01181	0.01390	0.00834	0.00625	0.00625	0.00208	0.00973	0.00486	0.00278	0.00973
33	0.03712	0.01143	0.01855	0.65795	0.04112	0.01397	0.01685	0.01754	0.01341	0.05128	0.01279	0.01793	0.00949	0.00670	0.00641	0.00215	0.00823	0.00583	0.04384	0.00743
34	0.06631	0.01164	0.01524	0.01174	0.01680	0.01046	0.00970	0.06555	0.01910	0.66411	0.02467	0.02152	0.01561	0.00804	0.00650	0.00203	0.00566	0.00644	0.00788	0.01101
35	0.01440	0.01440	0.02016	0.01728	0.01728	0.02016	0.01440	0.01584	0.01008	0.01584	0.00864	0.01440	0.00864	0.01152	0.02160	0.00288	0.75659	0.00576	0.00288	0.00720
36	0.00957	0.00638	0.00718	0.00718	0.00718	0.00638	0.00399	0.00957	0.00957	0.01276	0.02074	0.04308	0.02393	0.76864	0.03351	0.00638	0.00638	0.00957	0.00399	0.00399
37	0.81514	0.01273	0.00968	0.00866	0.01273	0.01477	0.00713	0.01935	0.01120	0.02954	0.00917	0.01069	0.00713	0.00611	0.00407	0.00204	0.00509	0.00356	0.00407	0.00713
38	0.10620	0.02691	0.01900	0.01984	0.13257	0.54979	0.01333	0.02459	0.01729	0.01838	0.01042	0.01246	0.00865	0.00657	0.00583	0.00177	0.01051	0.00443	0.00344	0.00803
39	0.01688	0.03994	0.09392	0.01468	0.08012	0.01297	0.01177	0.10593	0.10290	0.08587	0.04731	0.01777	0.01398	0.00668	0.00586	0.00161	0.00604	0.00544	0.00488	0.32545
40	0.02698	0.01279	0.01595	0.01251	0.01744	0.01235	0.01024	0.14212	0.11727	0.52219	0.02443	0.02163	0.01599	0.00822	0.00663	0.00205	0.00581	0.00662	0.00769	0.01109
41	0.01554	0.01776	0.03885	0.02775	0.03441	0.01665	0.70366	0.02109	0.01554	0.02109	0.01332	0.01776	0.00999	0.00555	0.00777	0.00222	0.01110	0.00777	0.00333	0.00888
42	0.01365	0.01170	0.01365	0.00975	0.01560	0.00878	0.00780	0.01658	0.01365	0.02145	0.01170	0.01365	0.00975	0.00488	0.00488	0.00098	0.00488	0.00390	0.00390	0.80888
43	0.00936	0.00638	0.00764	0.00783	0.00801	0.00647	0.00475	0.00978	0.01007	0.01356	0.02229	0.13009	0.02547	0.59148	0.11402	0.00642	0.00739	0.01040	0.00420	0.00438
44	0.29521	0.01649	0.01631	0.01293	0.01779	0.01848	0.01067	0.47095	0.02420	0.03740	0.01354	0.01406	0.00981	0.00729	0.00573	0.00200	0.00651	0.00512	0.00573	0.00981
45	0.01627	0.32756	0.37319	0.01557	0.02294	0.10369	0.01779	0.02103	0.01424	0.01817	0.01057	0.01234	0.00840	0.00607	0.00541	0.00177	0.00891	0.00426	0.00287	0.00898
46	0.01343	0.07146	0.69908	0.01838	0.02791	0.01583	0.02366	0.02079	0.01387	0.02058	0.01168	0.01373	0.00834	0.00622	0.00615	0.00205	0.00959	0.00480	0.00278	0.00966
47	0.02954	0.01120	0.01528	0.01171	0.01681	0.00968	0.00968	0.03208	0.01884	0.73213	0.02597	0.02241	0.01630	0.00815	0.00662	0.00204	0.00560	0.00662	0.00815	0.01120
48	0.00822	0.00596	0.00796	0.00928	0.00986	0.00570	0.00640	0.00957	0.01261	0.01680	0.03592	0.63982	0.07291	0.02305	0.07717	0.00340	0.00516	0.03890	0.00587	0.00543
49	0.01433	0.01581	0.01218	0.01228	0.04783	0.26438	0.00879	0.01629	0.01657	0.01812	0.09250	0.04248	0.35689	0.01251	0.00713	0.00205	0.00665	0.04150	0.00511	0.00659
50	0.01156	0.00600	0.00866	0.00861	0.00877	0.00607	0.00578	0.00961	0.03028	0.01236	0.01246	0.02090	0.01220	0.04181	0.02471	0.73783	0.00564	0.00589	0.02763	0.00322
51	0.00802	0.00573	0.00764	0.00917	0.00955	0.00535	0.00611	0.00917	0.01260	0.01681	0.03628	0.76434	0.04354	0.02062	0.00840	0.00267	0.00382	0.01872	0.00611	0.00535
52	0.01526	0.01512	0.02247	0.47945	0.09976	0.08357	0.09679	0.07255	0.01551	0.01960	0.01213	0.01680	0.00922	0.00652	0.00665	0.00211	0.00913	0.00593	0.00333	0.00810
53	0.01385	0.01368	0.01606	0.01619	0.08151	0.12008	0.01167	0.01582	0.01196	0.01600	0.01343	0.02043	0.01276	0.07329	0.29450	0.00579	0.24653	0.00629	0.00331	0.00685
54	0.01468	0.01308	0.01763	0.16334	0.13287	0.01470	0.03314	0.02585	0.36386	0.02341	0.04455	0.06621	0.01931	0.00899	0.00688	0.00223	0.00637	0.02842	0.00529	0.00921
55	0.00795	0.00637	0.00711	0.00758	0.00916	0.00553	0.00543	0.00953	0.01443	0.01796	0.09439	0.29140	0.46452	0.01778	0.00798	0.00236	0.00348	0.01535	0.00618	0.00553
56	0.00800	0.00581	0.00756	0.00896	0.00950	0.00536	0.00602	0.00919	0.01280	0.01689	0.03876	0.70728	0.09901	0.02030	0.00835	0.00264	0.00378	0.01832	0.00611	0.00536
57	0.71333	0.01362	0.01077	0.00942	0.01358	0.03927	0.00772	0.05935	0.01288	0.05669	0.01022	0.01148	0.00776	0.00631	0.00438	0.00202	0.00546	0.00384	0.00435	0.00754
58	0.01461	0.01409	0.02445	0.34302	0.39735	0.01527	0.05856	0.01881	0.01424	0.01949	0.01215	0.01691	0.00970	0.00615	0.00662	0.00207	0.00842	0.00597	0.00312	0.00901
59	0.06013	0.01333	0.01626	0.17673	0.13911	0.09840	0.01263	0.04235	0.02994	0.01908	0.01453	0.02082	0.01274	0.08716	0.16448	0.00422	0.02813	0.00619	0.04637	0.00739
60	0.00894	0.00662	0.00834	0.00811	0.00965	0.00602	0.00601	0.01163	0.01746	0.02408	0.55100	0.12056	0.16785	0.01467	0.00783	0.00215	0.00321	0.01289	0.00695	0.00602

[dist]
# distance from previous block
# <min> <max>
0	1

[block]
# block no. 2 follows, 33 sequences, length 22
# corresponding to MSA columns:
# 203-224
name=unknown_C
#
# <colnr> <probs for GDERKNQSTAVLIFYWHMCP>
#	G	D	E	R	K	N	Q	S	T	A	V	L	I	F	Y	W	H	M	C	P
0	0.05409	0.00706	0.00775	0.00755	0.00961	0.00638	0.00574	0.01124	0.01614	0.02170	0.30563	0.05547	0.41770	0.01493	0.00761	0.00218	0.00343	0.03347	0.00642	0.00590
1	0.01629	0.01564	0.02672	0.04041	0.72757	0.01564	0.02020	0.02020	0.01499	0.02151	0.01238	0.01629	0.01043	0.00587	0.00652	0.00196	0.00782	0.00587	0.00326	0.01043
2	0.01365	0.01170	0.01365	0.00975	0.01560	0.00878	0.00780	0.01658	0.01365	0.02145	0.01170	0.01365	0.00975	0.00488	0.00488	0.00098	0.00488	0.00390	0.00390	0.80888
3	0.00802	0.00573	0.00764	0.00917	0.00955	0.00535	0.00611	0.00917	0.01260	0.01681	0.03628	0.76434	0.04354	0.02062	0.00840	0.00267	0.00382	0.01872	0.00611	0.00535
4	0.02593	0.01573	0.01873	0.01586	0.07228	0.01635	0.01211	0.42178	0.02558	0.27825	0.01906	0.01812	0.01290	0.00783	0.00659	0.00200	0.00672	0.00616	0.00687	0.01114
5	0.00954	0.00758	0.00869	0.00843	0.01045	0.00719	0.00638	0.01385	0.10186	0.02237	0.31772	0.09106	0.31989	0.01472	0.00772	0.00221	0.00359	0.03371	0.00663	0.00641
6	0.01760	0.77260	0.03450	0.01126	0.01690	0.02605	0.01126	0.01971	0.01338	0.01549	0.00915	0.01056	0.00845	0.00563	0.00422	0.00141	0.00704	0.00352	0.00282	0.00845
7	0.01547	0.01757	0.03779	0.02716	0.03344	0.01685	0.66469	0.02079	0.01523	0.02079	0.01305	0.01757	0.00991	0.00589	0.00855	0.00226	0.05325	0.00766	0.00330	0.00878
8	0.00940	0.00705	0.01058	0.01058	0.01176	0.00823	0.00823	0.01176	0.01058	0.01528	0.01763	0.02586	0.01646	0.04937	0.74255	0.01058	0.01763	0.00705	0.00353	0.00588
9	0.37932	0.02252	0.01467	0.01317	0.01694	0.38826	0.01020	0.04911	0.01578	0.02310	0.00994	0.01149	0.00798	0.00652	0.00513	0.00186	0.00865	0.00400	0.00382	0.00754
10	0.01243	0.01170	0.01975	0.75282	0.04534	0.01463	0.01828	0.01682	0.01316	0.01682	0.01170	0.01755	0.00878	0.00658	0.00658	0.00219	0.00878	0.00585	0.00293	0.00731
11	0.01227	0.00614	0.00614	0.00614	0.00767	0.00614	0.00460	0.01534	0.01381	0.02454	0.02148	0.02454	0.01687	0.00767	0.00460	0.00153	0.00307	0.00614	0.80518	0.00614
12	0.00917	0.00672	0.00860	0.00813	0.00975	0.00615	0.00610	0.01214	0.01829	0.02559	0.66218	0.05051	0.12454	0.01376	0.00777	0.00208	0.00313	0.01209	0.00714	0.00615
13	0.02911	0.01189	0.01570	0.01204	0.01715	0.01069	0.00994	0.09577	0.01999	0.66683	0.02501	0.02178	0.01581	0.00812	0.00662	0.00203	0.00576	0.00655	0.00800	0.01120
14	0.01537	0.01416	0.02271	0.32872	0.35697	0.01562	0.01831	0.07109	0.05310	0.02141	0.01314	0.01722	0.01033	0.00648	0.00656	0.00207	0.00803	0.00595	0.00356	0.00921
15	0.01113	0.00715	0.00926	0.00849	0.01043	0.00649	0.00645	0.01407	0.01838	0.09291	0.60829	0.04769	0.10754	0.01319	0.00766	0.00208	0.00336	0.01155	0.00725	0.00664
16	0.01553	0.02034	0.26122	0.07103	0.02331	0.05310	0.07158	0.09734	0.01762	0.07544	0.16879	0.02560	0.02242	0.00868	0.00691	0.00211	0.00770	0.03777	0.00481	0.00871
17	0.00948	0.00708	0.01019	0.03991	0.01245	0.00798	0.00798	0.01176	0.01125	0.01600	0.02234	0.06764	0.07102	0.06223	0.56243	0.00863	0.01444	0.00816	0.04319	0.00584
18	0.01073	0.00574	0.00835	0.00864	0.00871	0.00567	0.00573	0.00872	0.00937	0.01249	0.01643	0.16031	0.01790	0.04922	0.02276	0.62868	0.00539	0.00829	0.00351	0.00337
19	0.02045	0.10293	0.01929	0.01404	0.01860	0.05474	0.01148	0.30652	0.32222	0.03130	0.01949	0.01877	0.01457	0.00803	0.00633	0.00201	0.00658	0.00622	0.00605	0.01038
20	0.01144	0.00572	0.00858	0.00858	0.00858	0.00572	0.00572	0.00858	0.00858	0.01144	0.01144	0.02001	0.01144	0.02287	0.02573	0.80846	0.00572	0.00572	0.00286	0.00286
21	0.01155	0.00895	0.01078	0.01115	0.03214	0.00958	0.00771	0.04790	0.18625	0.01976	0.02718	0.30209	0.02843	0.16369	0.09800	0.00414	0.00653	0.01187	0.00549	0.00681

[dist]
# distance from previous block
# <min> <max>
0	1

[block]
# block no. 3 follows, 33 sequences, length 53
# corresponding to MSA columns:
# 226-278
name=unknown_D
#
# <colnr> <probs for GDERKNQSTAVLIFYWHMCP>
#	G	D	E	R	K	N	Q	S	T	A	V	L	I	F	Y	W	H	M	C	P
0	0.71744	0.01273	0.01111	0.07775	0.03738	0.01478	0.00855	0.01915	0.01150	0.02813	0.00950	0.01149	0.00738	0.00615	0.00438	0.00205	0.00551	0.00384	0.00394	0.00725
1	0.01119	0.00616	0.00909	0.00894	0.00935	0.00624	0.00620	0.00939	0.00909	0.01243	0.01244	0.02070	0.01217	0.02643	0.13970	0.64981	0.00759	0.00586	0.00301	0.03419
2	0.01612	0.01561	0.02729	0.10707	0.55325	0.01583	0.10294	0.04308	0.01542	0.02168	0.01255	0.01658	0.01024	0.00597	0.00668	0.00201	0.00829	0.00610	0.00335	0.00996
3	0.02138	0.37185	0.02593	0.01434	0.01876	0.41325	0.01205	0.02327	0.01623	0.01583	0.00971	0.01127	0.00847	0.00625	0.00515	0.00156	0.00965	0.00391	0.00313	0.00801
4	0.00862	0.00642	0.00802	0.00822	0.00956	0.00582	0.00593	0.01084	0.01609	0.02177	0.38426	0.26554	0.19222	0.01626	0.00796	0.00228	0.00337	0.01435	0.00668	0.00582
5	0.02460	0.01803	0.01930	0.01484	0.01999	0.01993	0.01225	0.68236	0.03037	0.04092	0.01600	0.01610	0.01139	0.00789	0.00652	0.00196	0.00710	0.00593	0.03350	0.01103
6	0.00809	0.00592	0.00763	0.00891	0.00958	0.00546	0.00610	0.00941	0.01313	0.01726	0.05878	0.63985	0.12825	0.01988	0.00833	0.00261	0.00380	0.03545	0.00614	0.00542
7	0.01360	0.06520	0.64487	0.01919	0.02848	0.01588	0.08120	0.02082	0.01401	0.02063	0.01182	0.01408	0.00848	0.00617	0.00629	0.00207	0.00973	0.00505	0.00283	0.00960
8	0.01043	0.00745	0.01041	0.01192	0.01336	0.00743	0.01030	0.01334	0.01498	0.01951	0.03495	0.12101	0.03827	0.01835	0.00905	0.00301	0.00591	0.63824	0.00607	0.00601
9	0.00838	0.00627	0.00778	0.00829	0.00948	0.00567	0.00588	0.01027	0.01510	0.02010	0.26334	0.36844	0.21215	0.01739	0.00805	0.00237	0.00348	0.01539	0.00647	0.00567
10	0.01611	0.01624	0.04503	0.09894	0.63212	0.03542	0.01995	0.02010	0.01491	0.02095	0.01225	0.01621	0.01018	0.00596	0.00650	0.00197	0.00806	0.00579	0.00322	0.01007
11	0.01531	0.10269	0.28499	0.10277	0.02964	0.08398	0.22566	0.02070	0.01470	0.01957	0.01209	0.01523	0.00914	0.00610	0.00646	0.00202	0.00977	0.00569	0.02471	0.00878
12	0.81514	0.01273	0.00968	0.00866	0.01273	0.01477	0.00713	0.01935	0.01120	0.02954	0.00917	0.01069	0.00713	0.00611	0.00407	0.00204	0.00509	0.00356	0.00407	0.00713
13	0.00842	0.00602	0.00809	0.00955	0.01013	0.00568	0.00674	0.00989	0.01315	0.01751	0.05808	0.64565	0.04335	0.02006	0.00848	0.00270	0.00411	0.11078	0.00614	0.00547
14	0.22562	0.01158	0.01388	0.01095	0.01579	0.01095	0.00904	0.02891	0.01694	0.55677	0.02178	0.01948	0.01401	0.00764	0.00598	0.00204	0.00547	0.00586	0.00713	0.01019
15	0.01006	0.00775	0.00932	0.00874	0.01070	0.00752	0.00661	0.01509	0.11458	0.02524	0.52738	0.04793	0.15730	0.01332	0.00762	0.00212	0.00343	0.01159	0.00700	0.00669
16	0.00932	0.00673	0.00880	0.00828	0.00984	0.00621	0.00621	0.01242	0.01863	0.02640	0.72410	0.04918	0.06212	0.01346	0.00776	0.00207	0.00311	0.01191	0.00725	0.00621
17	0.00941	0.00702	0.01039	0.01039	0.01150	0.00813	0.00799	0.01163	0.01052	0.01514	0.01781	0.02682	0.01688	0.08953	0.70297	0.01035	0.01701	0.00719	0.00355	0.00577
18	0.01345	0.07528	0.69545	0.01835	0.02785	0.01589	0.02359	0.02079	0.01387	0.02055	0.01167	0.01371	0.00835	0.00622	0.00614	0.00205	0.00958	0.00479	0.00278	0.00966
19	0.54706	0.01385	0.01259	0.01047	0.01493	0.01547	0.00864	0.17612	0.01654	0.11207	0.01258	0.01318	0.00909	0.00675	0.00493	0.00202	0.00564	0.00445	0.00511	0.00851
20	0.01617	0.01552	0.02651	0.06246	0.70645	0.01561	0.02014	0.02010	0.01493	0.02136	0.01236	0.01633	0.01038	0.00589	0.00652	0.00196	0.00785	0.00587	0.00325	0.01033
21	0.01720	0.01447	0.01451	0.01274	0.01617	0.07741	0.00992	0.15474	0.33420	0.04671	0.14110	0.06939	0.04244	0.01014	0.00691	0.00213	0.00571	0.00840	0.00647	0.00923
22	0.34605	0.01784	0.01374	0.01204	0.01580	0.19626	0.00944	0.12596	0.09052	0.02682	0.01330	0.01526	0.01061	0.04241	0.00659	0.00215	0.00710	0.00488	0.03521	0.00803
23	0.02749	0.01188	0.01566	0.04041	0.01813	0.01105	0.01023	0.06935	0.07971	0.60512	0.02493	0.02204	0.01605	0.00814	0.00662	0.00206	0.00578	0.00662	0.00774	0.01099
24	0.01341	0.03265	0.67451	0.01954	0.02900	0.01541	0.08293	0.02087	0.01404	0.02087	0.01194	0.01423	0.00848	0.00619	0.00639	0.00210	0.00985	0.00512	0.00283	0.00966
25	0.00957	0.00638	0.00718	0.00718	0.00718	0.00638	0.00399	0.00957	0.00957	0.01276	0.02074	0.04308	0.02393	0.76864	0.03351	0.00638	0.00638	0.00957	0.00399	0.00399
26	0.01760	0.77260	0.03450	0.01126	0.01690	0.02605	0.01126	0.01971	0.01338	0.01549	0.00915	0.01056	0.00845	0.00563	0.00422	0.00141	0.00704	0.00352	0.00282	0.00845
27	0.60265	0.03186	0.01243	0.03412	0.01536	0.06114	0.00865	0.09324	0.04490	0.02915	0.01079	0.01214	0.00830	0.00647	0.00466	0.00201	0.00591	0.00410	0.00435	0.00777
28	0.01413	0.04216	0.30208	0.25859	0.09487	0.01544	0.12024	0.01981	0.01412	0.03919	0.01237	0.01599	0.00913	0.00626	0.00656	0.00211	0.00927	0.00571	0.00310	0.00889
29	0.01350	0.08409	0.68710	0.01826	0.02771	0.01602	0.02344	0.02077	0.01386	0.02049	0.01163	0.01367	0.00835	0.00621	0.00612	0.00204	0.00955	0.00477	0.00278	0.00964
30	0.04372	0.26342	0.04353	0.05619	0.20544	0.04080	0.03301	0.06455	0.07833	0.02087	0.01351	0.01722	0.01155	0.03116	0.00661	0.00196	0.00733	0.02374	0.00376	0.03329
31	0.01451	0.01205	0.01517	0.03671	0.20900	0.07350	0.01124	0.01781	0.05240	0.09257	0.07039	0.19158	0.15203	0.01201	0.00720	0.00217	0.00586	0.01052	0.00532	0.00794
32	0.00927	0.00698	0.01006	0.01006	0.01126	0.00790	0.00772	0.01144	0.01091	0.01536	0.02206	0.03005	0.07839	0.08563	0.64020	0.00963	0.01578	0.00778	0.00378	0.00575
33	0.01245	0.07709	0.01953	0.54818	0.06356	0.01431	0.01591	0.01626	0.01358	0.01753	0.06180	0.08187	0.01535	0.00812	0.00661	0.00215	0.00779	0.00714	0.00349	0.00729
34	0.01020	0.00744	0.01048	0.07521	0.01346	0.00826	0.00788	0.01206	0.01153	0.03261	0.07515	0.09123	0.02333	0.22525	0.33991	0.00704	0.03024	0.00889	0.00419	0.00566
35	0.01308	0.01434	0.08259	0.03660	0.01907	0.03087	0.08395	0.01596	0.01191	0.01731	0.01416	0.02277	0.01327	0.01913	0.17765	0.00439	0.32546	0.06499	0.02530	0.00719
36	0.01451	0.03074	0.58907	0.01953	0.02850	0.01590	0.10473	0.08035	0.01558	0.02267	0.01234	0.01453	0.00879	0.00631	0.00646	0.00209	0.00968	0.00531	0.00318	0.00975
37	0.01525	0.01074	0.01244	0.10965	0.01691	0.04822	0.00897	0.06461	0.08353	0.12584	0.02570	0.07998	0.08152	0.23676	0.01494	0.00346	0.00637	0.04264	0.00530	0.00715
38	0.01127	0.00896	0.01148	0.05566	0.06197	0.03126	0.02922	0.01357	0.01489	0.06784	0.09457	0.13471	0.32603	0.01722	0.07141	0.00296	0.00598	0.02881	0.00556	0.00661
39	0.02674	0.01222	0.01554	0.01220	0.01692	0.01151	0.00995	0.16861	0.02079	0.52798	0.02478	0.08548	0.01761	0.00918	0.00677	0.00208	0.00578	0.00753	0.00765	0.01069
40	0.08479	0.01462	0.02425	0.19264	0.48601	0.01539	0.04875	0.01943	0.01429	0.02116	0.01200	0.01615	0.00976	0.00603	0.00637	0.00203	0.00794	0.00575	0.00326	0.00939
41	0.02145	0.01447	0.01967	0.01966	0.17370	0.03613	0.05925	0.20354	0.02052	0.22322	0.07974	0.04189	0.01793	0.02923	0.00754	0.00215	0.00684	0.00715	0.00594	0.00997
42	0.01852	0.01673	0.02482	0.12963	0.25877	0.09291	0.13830	0.06809	0.01645	0.10406	0.01380	0.01682	0.01054	0.00676	0.00763	0.00208	0.05461	0.00611	0.00401	0.00936
43	0.08607	0.01527	0.02400	0.10127	0.54147	0.01588	0.01823	0.07895	0.01587	0.02350	0.01234	0.01588	0.01006	0.00613	0.00632	0.00199	0.00762	0.00567	0.00359	0.00992
44	0.01379	0.01301	0.02196	0.44442	0.30771	0.01465	0.01849	0.01794	0.01411	0.01906	0.04334	0.01846	0.01176	0.00661	0.00661	0.00210	0.00816	0.00612	0.00324	0.00847
45	0.81514	0.01273	0.00968	0.00866	0.01273	0.01477	0.00713	0.01935	0.01120	0.02954	0.00917	0.01069	0.00713	0.00611	0.00407	0.00204	0.00509	0.00356	0.00407	0.00713
46	0.00850	0.00624	0.00817	0.00901	0.00995	0.00591	0.00644	0.01028	0.01397	0.01874	0.16684	0.45046	0.11939	0.02121	0.07201	0.00322	0.00496	0.05300	0.00610	0.00562
47	0.08123	0.00633	0.00867	0.00858	0.00894	0.00650	0.00584	0.00951	0.00880	0.01301	0.01124	0.01920	0.01106	0.02141	0.02385	0.73843	0.00566	0.00553	0.00296	0.00323
48	0.09821	0.01340	0.01490	0.03579	0.01697	0.01420	0.00993	0.31725	0.04161	0.13356	0.14736	0.02663	0.08287	0.00950	0.00666	0.00204	0.00571	0.00759	0.00653	0.00927
49	0.01281	0.01323	0.02674	0.08453	0.02708	0.01272	0.40866	0.01683	0.01442	0.01936	0.02089	0.24887	0.02104	0.01066	0.00790	0.00238	0.00851	0.03158	0.00423	0.00757
50	0.01514	0.01490	0.02322	0.34622	0.39008	0.05965	0.01892	0.01912	0.01443	0.01916	0.01195	0.01657	0.00960	0.00623	0.00651	0.00204	0.00848	0.00576	0.00312	0.00891
51	0.04132	0.01746	0.04256	0.09749	0.43670	0.11564	0.01771	0.02006	0.01484	0.02019	0.03449	0.01644	0.01135	0.00685	0.00782	0.00204	0.07875	0.00573	0.00335	0.00920
52	0.01044	0.00751	0.00870	0.00865	0.00979	0.00739	0.00602	0.07052	0.01400	0.01839	0.08369	0.16539	0.14502	0.33146	0.01868	0.00408	0.00527	0.07417	0.00534	0.00545

[dist]
# distance from previous block
# <min> <max>
0	15

# created by:
# /home/berkeley/.conda/envs/busco_data_prod/bin/msa2prfl.pl pipeline/OGs_align_augustus/4893/16780.fs
