[name]
unknown

[dist]
# distance from previous block
# <min> <max>
6	62

[block]
# block no. 0 follows, 32 sequences, length 20
# corresponding to MSA columns:
# 77-96
name=unknown_A
#
# <colnr> <probs for GDERKNQSTAVLIFYWHMCP>
#	G	D	E	R	K	N	Q	S	T	A	V	L	I	F	Y	W	H	M	C	P
0	0.07303	0.01561	0.10924	0.04212	0.11396	0.01348	0.02919	0.11700	0.06345	0.02605	0.12154	0.05981	0.02059	0.00862	0.00693	0.00199	0.02758	0.00720	0.03420	0.10840
1	0.08943	0.08157	0.01977	0.13125	0.16968	0.03871	0.01338	0.11008	0.06402	0.05656	0.09762	0.02021	0.01706	0.00757	0.00627	0.00196	0.00682	0.00626	0.00474	0.05703
2	0.11493	0.01296	0.04374	0.01395	0.03945	0.01275	0.06689	0.09446	0.14795	0.02615	0.11047	0.06362	0.07218	0.01105	0.00714	0.00229	0.00596	0.11336	0.00573	0.03496
3	0.01814	0.01740	0.01993	0.27238	0.12124	0.13672	0.01545	0.13564	0.15022	0.02389	0.01538	0.01782	0.01172	0.00733	0.00661	0.00209	0.00839	0.00601	0.00445	0.00918
4	0.00923	0.00666	0.00844	0.00837	0.00956	0.00627	0.00595	0.01144	0.01593	0.02202	0.42355	0.15438	0.10176	0.13867	0.04505	0.00332	0.00450	0.01271	0.00642	0.00577
5	0.06263	0.01834	0.02411	0.01807	0.02371	0.01963	0.17055	0.50939	0.02692	0.03688	0.01519	0.01631	0.01092	0.00741	0.00686	0.00207	0.00818	0.00635	0.00582	0.01066
6	0.01772	0.25815	0.25331	0.01620	0.02292	0.04381	0.07446	0.15328	0.01743	0.02302	0.01204	0.01407	0.00942	0.00734	0.00694	0.04336	0.00854	0.00502	0.00368	0.00929
7	0.01497	0.01425	0.02392	0.33128	0.38385	0.01559	0.03692	0.02007	0.05511	0.02030	0.01322	0.01767	0.01050	0.00645	0.00671	0.00212	0.00831	0.00612	0.00339	0.00928
8	0.00812	0.00680	0.00706	0.00700	0.00918	0.00575	0.00525	0.01000	0.01574	0.01920	0.14727	0.06281	0.63964	0.01659	0.00793	0.00225	0.00337	0.01391	0.00637	0.00575
9	0.00870	0.00623	0.00840	0.00965	0.01022	0.00609	0.00676	0.01011	0.01261	0.01692	0.03340	0.55622	0.03905	0.07730	0.09961	0.00401	0.00601	0.07748	0.00575	0.00548
10	0.01889	0.05043	0.22805	0.05909	0.14475	0.22450	0.06017	0.09558	0.01767	0.02187	0.01210	0.01452	0.00935	0.00660	0.00641	0.00197	0.00989	0.00525	0.00356	0.00936
11	0.01095	0.00768	0.01113	0.10393	0.04307	0.00804	0.00867	0.04229	0.01257	0.01680	0.02349	0.34662	0.02601	0.02041	0.05607	0.23414	0.00624	0.01179	0.00462	0.00548
12	0.02102	0.01575	0.01701	0.01416	0.01864	0.01760	0.01133	0.27632	0.40554	0.09244	0.02318	0.02161	0.01686	0.00866	0.00678	0.00216	0.00610	0.00695	0.00691	0.01097
13	0.01347	0.01460	0.07665	0.54859	0.11466	0.01526	0.06759	0.01858	0.03056	0.01853	0.01249	0.01765	0.00945	0.00659	0.00677	0.00220	0.00900	0.00607	0.00313	0.00817
14	0.01978	0.05870	0.23556	0.01995	0.11780	0.06395	0.04531	0.17184	0.06969	0.10905	0.01564	0.01660	0.01133	0.00709	0.00651	0.00203	0.00834	0.00575	0.00475	0.01033
15	0.20607	0.03937	0.01573	0.01190	0.01673	0.01416	0.00986	0.19436	0.02030	0.33669	0.05517	0.01943	0.01532	0.00796	0.00612	0.00204	0.00593	0.00603	0.00673	0.01011
16	0.00825	0.00676	0.00717	0.00715	0.00915	0.00579	0.00527	0.01007	0.01550	0.01915	0.16038	0.08438	0.56928	0.05077	0.00915	0.00245	0.00352	0.01382	0.00630	0.00568
17	0.09360	0.04097	0.31100	0.04755	0.06551	0.03572	0.07783	0.05070	0.04465	0.14676	0.01517	0.01641	0.01072	0.00681	0.00637	0.00209	0.00841	0.00561	0.00434	0.00979
18	0.01569	0.07192	0.20689	0.07042	0.11662	0.04507	0.17949	0.05512	0.05649	0.02183	0.01458	0.05373	0.01194	0.00707	0.00674	0.00207	0.00891	0.00662	0.00372	0.04508
19	0.63750	0.01439	0.03505	0.00997	0.01427	0.04362	0.00843	0.05544	0.01358	0.06103	0.04611	0.01383	0.01080	0.00682	0.00474	0.00206	0.00566	0.00440	0.00456	0.00773

[dist]
# distance from previous block
# <min> <max>
0	12

[block]
# block no. 1 follows, 32 sequences, length 72
# corresponding to MSA columns:
# 109-180
name=unknown_B
#
# <colnr> <probs for GDERKNQSTAVLIFYWHMCP>
#	G	D	E	R	K	N	Q	S	T	A	V	L	I	F	Y	W	H	M	C	P
0	0.01523	0.07121	0.06007	0.09427	0.37000	0.03708	0.01646	0.04212	0.03686	0.02128	0.05069	0.12101	0.01774	0.00871	0.00678	0.00209	0.00733	0.00786	0.00406	0.00916
1	0.01812	0.01734	0.17373	0.01278	0.01942	0.01141	0.01243	0.06696	0.01630	0.17694	0.01540	0.01606	0.01117	0.00622	0.00579	0.00155	0.00639	0.00494	0.00485	0.40219
2	0.01468	0.01468	0.02055	0.01762	0.01762	0.02055	0.01468	0.01615	0.01028	0.01615	0.00881	0.01468	0.00881	0.01174	0.02202	0.00294	0.75191	0.00587	0.00294	0.00734
3	0.00976	0.00651	0.00732	0.00732	0.00732	0.00651	0.00407	0.00976	0.00976	0.01301	0.02114	0.04391	0.02439	0.76419	0.03415	0.00651	0.00651	0.00976	0.00407	0.00407
4	0.01449	0.01389	0.02392	0.41593	0.33773	0.01543	0.04488	0.01880	0.01431	0.01937	0.01229	0.01734	0.00972	0.00635	0.00673	0.00213	0.00861	0.00604	0.00314	0.00888
5	0.00956	0.00707	0.00941	0.04457	0.01175	0.00670	0.00689	0.01268	0.01841	0.02585	0.64262	0.07088	0.08084	0.01370	0.00788	0.00214	0.00348	0.01211	0.00710	0.00634
6	0.81159	0.01298	0.00986	0.00882	0.01298	0.01505	0.00727	0.01972	0.01142	0.03010	0.00934	0.01090	0.00727	0.00623	0.00415	0.00208	0.00519	0.00363	0.00415	0.00727
7	0.47591	0.01789	0.14605	0.01346	0.04992	0.01595	0.01216	0.10641	0.01485	0.05059	0.01136	0.01293	0.00852	0.00673	0.00570	0.00210	0.03215	0.00446	0.00428	0.00857
8	0.01774	0.01719	0.01943	0.09550	0.21845	0.14054	0.01440	0.02682	0.27220	0.04264	0.05248	0.02087	0.01649	0.00781	0.00668	0.00208	0.00751	0.00660	0.00494	0.00962
9	0.01527	0.02081	0.20200	0.09375	0.29362	0.01606	0.21863	0.02071	0.01501	0.02122	0.01270	0.01656	0.00983	0.00605	0.00695	0.00212	0.00950	0.00629	0.00319	0.00972
10	0.00969	0.00705	0.00941	0.00999	0.01074	0.00718	0.00713	0.01127	0.01388	0.04078	0.14721	0.52907	0.06237	0.01842	0.00967	0.00261	0.07523	0.01615	0.00617	0.00597
11	0.00962	0.00704	0.01002	0.01002	0.01095	0.00797	0.00743	0.01149	0.01056	0.01501	0.01867	0.03025	0.01846	0.20843	0.58180	0.00984	0.01543	0.00776	0.00370	0.00556
12	0.00966	0.00647	0.00735	0.00744	0.00746	0.00644	0.00420	0.00973	0.00994	0.01326	0.02209	0.08686	0.02559	0.71960	0.03262	0.00628	0.00635	0.01032	0.00420	0.00415
13	0.01391	0.01193	0.01391	0.00994	0.01590	0.00894	0.00795	0.01690	0.01391	0.02186	0.01193	0.01391	0.00994	0.00497	0.00497	0.00099	0.00497	0.00398	0.00398	0.80521
14	0.01700	0.01668	0.02686	0.04008	0.69001	0.04918	0.02024	0.02088	0.01545	0.02167	0.01252	0.01640	0.01054	0.00602	0.00662	0.00198	0.00816	0.00590	0.00333	0.01050
15	0.03010	0.01142	0.01557	0.01194	0.01713	0.00986	0.00986	0.03270	0.01920	0.72698	0.02647	0.02284	0.01661	0.00830	0.00675	0.00208	0.00571	0.00675	0.00830	0.01142
16	0.01267	0.01193	0.02013	0.74806	0.04621	0.01491	0.01863	0.01714	0.01342	0.01714	0.01193	0.01789	0.00894	0.00671	0.00671	0.00224	0.00894	0.00596	0.00298	0.00745
17	0.00887	0.00674	0.00816	0.00800	0.00969	0.00603	0.00593	0.01138	0.01723	0.02318	0.44621	0.12092	0.27234	0.01545	0.00798	0.00222	0.00331	0.01343	0.00691	0.00603
18	0.00805	0.00680	0.00696	0.00692	0.00914	0.00571	0.00519	0.00986	0.01557	0.01879	0.11716	0.06348	0.67001	0.01675	0.00793	0.00225	0.00338	0.01401	0.00632	0.00571
19	0.00818	0.00584	0.00779	0.00934	0.00973	0.00545	0.00623	0.00934	0.01285	0.01713	0.03698	0.75981	0.04438	0.02102	0.00856	0.00273	0.00389	0.01908	0.00623	0.00545
20	0.00822	0.00587	0.00782	0.00931	0.00974	0.00548	0.00623	0.00945	0.01305	0.01745	0.05960	0.73626	0.04501	0.02078	0.00854	0.00270	0.00387	0.01884	0.00627	0.00548
21	0.01267	0.01193	0.02013	0.74806	0.04621	0.01491	0.01863	0.01714	0.01342	0.01714	0.01193	0.01789	0.00894	0.00671	0.00671	0.00224	0.00894	0.00596	0.00298	0.00745
22	0.01432	0.01217	0.01413	0.01013	0.01607	0.00936	0.00812	0.04083	0.01453	0.02258	0.01207	0.01399	0.00999	0.00508	0.00503	0.00103	0.00505	0.00405	0.00407	0.77740
23	0.05147	0.03134	0.01871	0.01700	0.02048	0.71301	0.01277	0.02656	0.01876	0.01688	0.01034	0.01206	0.00860	0.00689	0.00599	0.00174	0.01187	0.00430	0.00348	0.00776
24	0.02995	0.01166	0.01572	0.01205	0.01725	0.01022	0.00996	0.05475	0.01961	0.70436	0.02613	0.02262	0.01644	0.00830	0.00675	0.00207	0.00576	0.00672	0.00825	0.01142
25	0.01661	0.01594	0.02724	0.04119	0.72233	0.01594	0.02059	0.02059	0.01528	0.02192	0.01262	0.01661	0.01063	0.00598	0.00664	0.00199	0.00797	0.00598	0.00332	0.01063
26	0.01468	0.01468	0.02055	0.01762	0.01762	0.02055	0.01468	0.01615	0.01028	0.01615	0.00881	0.01468	0.00881	0.01174	0.02202	0.00294	0.75191	0.00587	0.00294	0.00734
27	0.01712	0.01463	0.01541	0.01374	0.01761	0.01689	0.01072	0.06813	0.67703	0.02876	0.02676	0.02460	0.02004	0.00905	0.00682	0.00226	0.00541	0.00751	0.00682	0.01066
28	0.01391	0.01193	0.01391	0.00994	0.01590	0.00894	0.00795	0.01690	0.01391	0.02186	0.01193	0.01391	0.00994	0.00497	0.00497	0.00099	0.00497	0.00398	0.00398	0.80521
29	0.00960	0.00715	0.01058	0.01058	0.01170	0.00827	0.00813	0.01185	0.01072	0.01542	0.01816	0.02741	0.01723	0.09291	0.69564	0.01053	0.01729	0.00734	0.00362	0.00588
30	0.01584	0.01810	0.03959	0.02828	0.03507	0.01697	0.69796	0.02149	0.01584	0.02149	0.01357	0.01810	0.01018	0.00566	0.00792	0.00226	0.01131	0.00792	0.00339	0.00905
31	0.03010	0.01142	0.01557	0.01194	0.01713	0.00986	0.00986	0.03270	0.01920	0.72698	0.02647	0.02284	0.01661	0.00830	0.00675	0.00208	0.00571	0.00675	0.00830	0.01142
32	0.01661	0.01594	0.02724	0.04119	0.72233	0.01594	0.02059	0.02059	0.01528	0.02192	0.01262	0.01661	0.01063	0.00598	0.00664	0.00199	0.00797	0.00598	0.00332	0.01063
33	0.00976	0.00651	0.00732	0.00732	0.00732	0.00651	0.00407	0.00976	0.00976	0.01301	0.02114	0.04391	0.02439	0.76419	0.03415	0.00651	0.00651	0.00976	0.00407	0.00407
34	0.00793	0.00680	0.00680	0.00680	0.00906	0.00566	0.00510	0.00963	0.01529	0.01813	0.06797	0.06457	0.71961	0.01699	0.00793	0.00227	0.00340	0.01416	0.00623	0.00566
35	0.00950	0.00686	0.00897	0.00844	0.01002	0.00633	0.00633	0.01266	0.01899	0.02691	0.71879	0.05012	0.06331	0.01372	0.00791	0.00211	0.00317	0.01213	0.00739	0.00633
36	0.01391	0.01193	0.01391	0.00994	0.01590	0.00894	0.00795	0.01690	0.01391	0.02186	0.01193	0.01391	0.00994	0.00497	0.00497	0.00099	0.00497	0.00398	0.00398	0.80521
37	0.01661	0.01594	0.02724	0.04119	0.72233	0.01594	0.02059	0.02059	0.01528	0.02192	0.01262	0.01661	0.01063	0.00598	0.00664	0.00199	0.00797	0.00598	0.00332	0.01063
38	0.02551	0.01879	0.02014	0.01544	0.02081	0.02081	0.01275	0.69996	0.03155	0.04229	0.01611	0.01611	0.01141	0.00805	0.00671	0.00201	0.00738	0.00604	0.00671	0.01141
39	0.00976	0.00651	0.00732	0.00732	0.00732	0.00651	0.00407	0.00976	0.00976	0.01301	0.02114	0.04391	0.02439	0.76419	0.03415	0.00651	0.00651	0.00976	0.00407	0.00407
40	0.02506	0.03198	0.01901	0.01729	0.02074	0.73725	0.01296	0.02679	0.01901	0.01642	0.01037	0.01210	0.00864	0.00691	0.00605	0.00173	0.01210	0.00432	0.00346	0.00778
41	0.01661	0.01594	0.02724	0.04119	0.72233	0.01594	0.02059	0.02059	0.01528	0.02192	0.01262	0.01661	0.01063	0.00598	0.00664	0.00199	0.00797	0.00598	0.00332	0.01063
42	0.00818	0.00584	0.00779	0.00934	0.00973	0.00545	0.00623	0.00934	0.01285	0.01713	0.03698	0.75981	0.04438	0.02102	0.00856	0.00273	0.00389	0.01908	0.00623	0.00545
43	0.01794	0.76823	0.03516	0.01148	0.01722	0.02655	0.01148	0.02009	0.01363	0.01579	0.00933	0.01076	0.00861	0.00574	0.00431	0.00144	0.00718	0.00359	0.00287	0.00861
44	0.00818	0.00584	0.00779	0.00934	0.00973	0.00545	0.00623	0.00934	0.01285	0.01713	0.03698	0.75981	0.04438	0.02102	0.00856	0.00273	0.00389	0.01908	0.00623	0.00545
45	0.01286	0.01212	0.02047	0.71351	0.07927	0.01496	0.01873	0.01731	0.01351	0.01738	0.01196	0.01783	0.00903	0.00667	0.00671	0.00222	0.00890	0.00596	0.00300	0.00761
46	0.01794	0.76823	0.03516	0.01148	0.01722	0.02655	0.01148	0.02009	0.01363	0.01579	0.00933	0.01076	0.00861	0.00574	0.00431	0.00144	0.00718	0.00359	0.00287	0.00861
47	0.00959	0.00719	0.01078	0.01078	0.01198	0.00839	0.00839	0.01198	0.01078	0.01558	0.01797	0.02636	0.01677	0.05032	0.73760	0.01078	0.01797	0.00719	0.00359	0.00599
48	0.00818	0.00584	0.00779	0.00934	0.00973	0.00545	0.00623	0.00934	0.01285	0.01713	0.03698	0.75981	0.04438	0.02102	0.00856	0.00273	0.00389	0.01908	0.00623	0.00545
49	0.00969	0.00679	0.00878	0.00878	0.00928	0.00730	0.00588	0.01069	0.01019	0.01409	0.01981	0.03653	0.02119	0.46394	0.33002	0.00830	0.01133	0.00868	0.00387	0.00488
50	0.01574	0.01644	0.02040	0.01758	0.01793	0.09347	0.01451	0.01723	0.01117	0.01618	0.00897	0.01442	0.00879	0.01125	0.02040	0.00281	0.67664	0.00571	0.00299	0.00738
51	0.00856	0.00648	0.00789	0.00826	0.00963	0.00582	0.00592	0.01057	0.01570	0.02080	0.28103	0.30450	0.25590	0.01728	0.00815	0.00237	0.00349	0.01519	0.00663	0.00582
52	0.00959	0.00719	0.01078	0.01078	0.01198	0.00839	0.00839	0.01198	0.01078	0.01558	0.01797	0.02636	0.01677	0.05032	0.73760	0.01078	0.01797	0.00719	0.00359	0.00599
53	0.81159	0.01298	0.00986	0.00882	0.01298	0.01505	0.00727	0.01972	0.01142	0.03010	0.00934	0.01090	0.00727	0.00623	0.00415	0.00208	0.00519	0.00363	0.00415	0.00727
54	0.00818	0.00584	0.00779	0.00934	0.00973	0.00545	0.00623	0.00934	0.01285	0.01713	0.03698	0.75981	0.04438	0.02102	0.00856	0.00273	0.00389	0.01908	0.00623	0.00545
55	0.01267	0.01193	0.02013	0.74806	0.04621	0.01491	0.01863	0.01714	0.01342	0.01714	0.01193	0.01789	0.00894	0.00671	0.00671	0.00224	0.00894	0.00596	0.00298	0.00745
56	0.02884	0.01136	0.01531	0.01187	0.01688	0.00999	0.00976	0.03207	0.04504	0.67495	0.05211	0.02393	0.01848	0.00853	0.00679	0.00208	0.00560	0.00698	0.00822	0.01120
57	0.00954	0.00681	0.00935	0.01090	0.01189	0.00663	0.00860	0.01170	0.01419	0.01865	0.03623	0.40610	0.04140	0.01974	0.00893	0.00291	0.00507	0.35933	0.00620	0.00583
58	0.02506	0.03198	0.01901	0.01729	0.02074	0.73725	0.01296	0.02679	0.01901	0.01642	0.01037	0.01210	0.00864	0.00691	0.00605	0.00173	0.01210	0.00432	0.00346	0.00778
59	0.00861	0.00682	0.00774	0.00751	0.00948	0.00595	0.00563	0.01094	0.01690	0.02193	0.35016	0.05831	0.43504	0.01557	0.00792	0.00220	0.00330	0.01328	0.00673	0.00595
60	0.01669	0.01441	0.01517	0.01365	0.01745	0.01669	0.01062	0.03565	0.71021	0.02807	0.02731	0.02503	0.02048	0.00910	0.00683	0.00228	0.00531	0.00759	0.00683	0.01062
61	0.01701	0.01457	0.01535	0.01372	0.01757	0.01684	0.01070	0.05978	0.68556	0.02858	0.02690	0.02471	0.02015	0.00907	0.00682	0.00227	0.00539	0.00753	0.00682	0.01065
62	0.01584	0.01810	0.03959	0.02828	0.03507	0.01697	0.69796	0.02149	0.01584	0.02149	0.01357	0.01810	0.01018	0.00566	0.00792	0.00226	0.01131	0.00792	0.00339	0.00905
63	0.00818	0.00584	0.00779	0.00934	0.00973	0.00545	0.00623	0.00934	0.01285	0.01713	0.03698	0.75981	0.04438	0.02102	0.00856	0.00273	0.00389	0.01908	0.00623	0.00545
64	0.00827	0.00591	0.00790	0.00945	0.00989	0.00553	0.00640	0.00951	0.01294	0.01724	0.03693	0.73450	0.04417	0.02093	0.00859	0.00274	0.00398	0.04342	0.00623	0.00548
65	0.01498	0.01508	0.02005	0.01708	0.01761	0.04417	0.01416	0.01656	0.01082	0.01655	0.00907	0.01454	0.00888	0.01112	0.02031	0.00276	0.67579	0.00569	0.00302	0.06174
66	0.68069	0.01272	0.01082	0.00935	0.01367	0.01418	0.00770	0.02190	0.01272	0.14683	0.01221	0.01290	0.00883	0.00658	0.00459	0.00208	0.00528	0.00415	0.00485	0.00796
67	0.01601	0.01438	0.02367	0.25773	0.43159	0.01539	0.01881	0.02110	0.06225	0.05334	0.01404	0.01787	0.01105	0.00653	0.00668	0.00209	0.00799	0.00612	0.00368	0.00968
68	0.00956	0.00699	0.00966	0.00966	0.01058	0.00775	0.00706	0.01127	0.01071	0.01500	0.02114	0.03288	0.05122	0.24226	0.51333	0.00923	0.01419	0.00821	0.00384	0.00545
69	0.01730	0.01594	0.01553	0.06256	0.01873	0.13962	0.01114	0.07150	0.29624	0.04673	0.14274	0.02742	0.02452	0.00976	0.00770	0.00219	0.04304	0.03253	0.00591	0.00892
70	0.01303	0.01212	0.02004	0.59134	0.11899	0.01455	0.01779	0.01782	0.03727	0.01833	0.03704	0.01940	0.01168	0.00853	0.03329	0.00252	0.00884	0.00628	0.00332	0.00783
71	0.01473	0.01134	0.07209	0.01182	0.01535	0.00904	0.03328	0.04242	0.01723	0.14559	0.21821	0.09612	0.05376	0.01250	0.00759	0.00225	0.00543	0.14422	0.00633	0.08070

[dist]
# distance from previous block
# <min> <max>
0	2

[block]
# block no. 2 follows, 32 sequences, length 28
# corresponding to MSA columns:
# 184-211
name=unknown_C
#
# <colnr> <probs for GDERKNQSTAVLIFYWHMCP>
#	G	D	E	R	K	N	Q	S	T	A	V	L	I	F	Y	W	H	M	C	P
0	0.05395	0.01107	0.01473	0.01266	0.01538	0.04829	0.10189	0.06658	0.01673	0.07034	0.19574	0.16175	0.05675	0.07689	0.03197	0.00289	0.00635	0.04308	0.00579	0.00716
1	0.08813	0.01390	0.01675	0.07418	0.09591	0.01526	0.01241	0.22054	0.14893	0.05018	0.02146	0.07178	0.01881	0.01017	0.00701	0.00229	0.00654	0.11065	0.00578	0.00933
2	0.13661	0.01309	0.01415	0.01090	0.01620	0.01214	0.00876	0.08867	0.11053	0.05052	0.01456	0.01551	0.01135	0.00615	0.00534	0.00147	0.00532	0.00472	0.00482	0.46920
3	0.01267	0.01193	0.02013	0.74806	0.04621	0.01491	0.01863	0.01714	0.01342	0.01714	0.01193	0.01789	0.00894	0.00671	0.00671	0.00224	0.00894	0.00596	0.00298	0.00745
4	0.00974	0.00714	0.00955	0.00946	0.01020	0.00791	0.00675	0.01114	0.01057	0.01470	0.02114	0.03455	0.05052	0.32702	0.40802	0.00849	0.03551	0.00846	0.00387	0.00526
5	0.01267	0.01193	0.02013	0.74806	0.04621	0.01491	0.01863	0.01714	0.01342	0.01714	0.01193	0.01789	0.00894	0.00671	0.00671	0.00224	0.00894	0.00596	0.00298	0.00745
6	0.33262	0.07037	0.16768	0.01311	0.01896	0.01593	0.03131	0.10139	0.03481	0.13527	0.01393	0.01460	0.00997	0.00682	0.00551	0.00205	0.00684	0.00489	0.00477	0.00918
7	0.01511	0.01189	0.01404	0.01009	0.01599	0.00901	0.00809	0.01806	0.01430	0.07400	0.01300	0.01457	0.01043	0.00522	0.00510	0.00107	0.00502	0.00418	0.00430	0.74652
8	0.01584	0.01810	0.03959	0.02828	0.03507	0.01697	0.69796	0.02149	0.01584	0.02149	0.01357	0.01810	0.01018	0.00566	0.00792	0.00226	0.01131	0.00792	0.00339	0.00905
9	0.00800	0.00680	0.00689	0.00687	0.00910	0.00569	0.00515	0.00976	0.01545	0.01849	0.09529	0.06397	0.69207	0.01686	0.00793	0.00226	0.00339	0.01408	0.00628	0.00569
10	0.01661	0.01594	0.02724	0.04119	0.72233	0.01594	0.02059	0.02059	0.01528	0.02192	0.01262	0.01661	0.01063	0.00598	0.00664	0.00199	0.00797	0.00598	0.00332	0.01063
11	0.01661	0.01594	0.02724	0.04119	0.72233	0.01594	0.02059	0.02059	0.01528	0.02192	0.01262	0.01661	0.01063	0.00598	0.00664	0.00199	0.00797	0.00598	0.00332	0.01063
12	0.01081	0.00772	0.01081	0.01236	0.01390	0.00772	0.01081	0.01390	0.01545	0.02008	0.03553	0.07569	0.03862	0.01854	0.00927	0.00309	0.00618	0.67717	0.00618	0.00618
13	0.01669	0.01441	0.01517	0.01365	0.01745	0.01669	0.01062	0.03565	0.71021	0.02807	0.02731	0.02503	0.02048	0.00910	0.00683	0.00228	0.00531	0.00759	0.00683	0.01062
14	0.00805	0.00680	0.00696	0.00692	0.00913	0.00571	0.00519	0.00985	0.01557	0.01878	0.11632	0.06350	0.67086	0.01675	0.00793	0.00225	0.00338	0.01401	0.00632	0.00571
15	0.01603	0.45495	0.33167	0.01475	0.02227	0.02187	0.01717	0.02059	0.01386	0.01812	0.01049	0.01222	0.00856	0.00601	0.00519	0.00173	0.00835	0.00417	0.00285	0.00917
16	0.01081	0.00772	0.01081	0.01236	0.01390	0.00772	0.01081	0.01390	0.01545	0.02008	0.03553	0.07569	0.03862	0.01854	0.00927	0.00309	0.00618	0.67717	0.00618	0.00618
17	0.02153	0.02132	0.30099	0.01609	0.02314	0.01302	0.06348	0.05607	0.01736	0.33938	0.01975	0.02087	0.01359	0.00775	0.00678	0.00215	0.00786	0.03278	0.00564	0.01045
18	0.01376	0.03212	0.62700	0.02005	0.02924	0.01593	0.09692	0.02107	0.01419	0.02107	0.01208	0.01461	0.00869	0.00651	0.00716	0.00217	0.03949	0.00531	0.00290	0.00972
19	0.01391	0.01193	0.01391	0.00994	0.01590	0.00894	0.00795	0.01690	0.01391	0.02186	0.01193	0.01391	0.00994	0.00497	0.00497	0.00099	0.00497	0.00398	0.00398	0.80521
20	0.00976	0.00651	0.00732	0.00732	0.00732	0.00651	0.00407	0.00976	0.00976	0.01301	0.02114	0.04391	0.02439	0.76419	0.03415	0.00651	0.00651	0.00976	0.00407	0.00407
21	0.00822	0.00681	0.00719	0.00710	0.00924	0.00579	0.00532	0.01018	0.01597	0.01973	0.18692	0.06193	0.59967	0.01639	0.00793	0.00224	0.00336	0.01379	0.00644	0.00579
22	0.01166	0.00583	0.00874	0.00874	0.00874	0.00583	0.00583	0.00874	0.00874	0.01166	0.01166	0.02040	0.01166	0.02331	0.02622	0.80478	0.00583	0.00583	0.00291	0.00291
23	0.01391	0.01193	0.01391	0.00994	0.01590	0.00894	0.00795	0.01690	0.01391	0.02186	0.01193	0.01391	0.00994	0.00497	0.00497	0.00099	0.00497	0.00398	0.00398	0.80521
24	0.01535	0.05581	0.58829	0.01989	0.08019	0.01546	0.02268	0.02220	0.01469	0.08491	0.01330	0.01502	0.00940	0.00650	0.00636	0.00209	0.00930	0.00515	0.00337	0.01006
25	0.01346	0.03471	0.72942	0.01912	0.02904	0.01558	0.02479	0.02125	0.01417	0.02125	0.01204	0.01417	0.00850	0.00637	0.00637	0.00212	0.00992	0.00496	0.00283	0.00992
26	0.01465	0.01307	0.01425	0.01055	0.01624	0.04480	0.00838	0.01867	0.06224	0.02203	0.01291	0.01459	0.01060	0.00535	0.00515	0.00112	0.00534	0.00424	0.00415	0.71167
27	0.01711	0.04533	0.20060	0.10279	0.24177	0.01502	0.01794	0.06288	0.04694	0.10902	0.04287	0.03911	0.01404	0.00742	0.00663	0.00208	0.00781	0.00641	0.00435	0.00987

[dist]
# distance from previous block
# <min> <max>
3	8

[block]
# block no. 3 follows, 32 sequences, length 15
# corresponding to MSA columns:
# 220-234
name=unknown_D
#
# <colnr> <probs for GDERKNQSTAVLIFYWHMCP>
#	G	D	E	R	K	N	Q	S	T	A	V	L	I	F	Y	W	H	M	C	P
0	0.10222	0.19251	0.05994	0.01539	0.01996	0.26448	0.07179	0.04128	0.06338	0.02022	0.01401	0.01914	0.01226	0.00769	0.00600	0.00194	0.00894	0.06665	0.00392	0.00828
1	0.05991	0.14115	0.11326	0.01572	0.09566	0.01583	0.01285	0.12000	0.07569	0.07911	0.08327	0.02219	0.06305	0.00812	0.00620	0.00191	0.00650	0.00649	0.00501	0.06809
2	0.01599	0.07353	0.25034	0.01659	0.06594	0.01580	0.01565	0.07190	0.17333	0.04814	0.01656	0.01858	0.01291	0.04046	0.02782	0.00244	0.03877	0.00587	0.00443	0.08495
3	0.01029	0.00772	0.00932	0.00966	0.01072	0.00807	0.00673	0.01429	0.12600	0.01769	0.02962	0.28618	0.05909	0.23418	0.11190	0.00479	0.00679	0.03560	0.00536	0.00601
4	0.01402	0.01490	0.04462	0.07733	0.01939	0.12704	0.08198	0.01837	0.07613	0.02021	0.13292	0.03070	0.11686	0.06307	0.04741	0.00281	0.03559	0.00827	0.00474	0.06364
5	0.01678	0.10795	0.27696	0.04778	0.27067	0.04152	0.04819	0.02181	0.01508	0.07266	0.01301	0.01548	0.00995	0.00631	0.00633	0.00199	0.00872	0.00543	0.00346	0.00995
6	0.01717	0.14310	0.39667	0.01881	0.05499	0.19250	0.04493	0.02240	0.01537	0.01929	0.01131	0.01340	0.00870	0.00637	0.00605	0.00192	0.01000	0.00475	0.00303	0.00920
7	0.00942	0.00713	0.00917	0.03449	0.01205	0.00706	0.00745	0.01261	0.07428	0.01906	0.07825	0.50183	0.09144	0.01850	0.00834	0.00264	0.00436	0.08958	0.00624	0.00612
8	0.09216	0.02705	0.27087	0.02038	0.11746	0.22077	0.03605	0.08144	0.01710	0.03898	0.01212	0.01408	0.00920	0.00663	0.00619	0.00198	0.00956	0.00501	0.00367	0.00930
9	0.01432	0.01342	0.02249	0.03206	0.50674	0.01322	0.04300	0.01767	0.01484	0.02071	0.02140	0.16237	0.06934	0.00966	0.00715	0.00216	0.00698	0.00916	0.00409	0.00921
10	0.01098	0.00839	0.01165	0.01119	0.01243	0.00979	0.00862	0.05862	0.01216	0.01726	0.01848	0.06512	0.01801	0.11215	0.52874	0.00877	0.06955	0.00789	0.00394	0.00624
11	0.01494	0.01493	0.07642	0.42651	0.08516	0.04373	0.01739	0.04764	0.01487	0.05596	0.01470	0.02225	0.01209	0.00815	0.00791	0.00229	0.05902	0.06416	0.00372	0.00815
12	0.01666	0.08152	0.38992	0.05673	0.02701	0.10535	0.07850	0.04946	0.06703	0.04579	0.01355	0.01538	0.00997	0.00668	0.00640	0.00205	0.00947	0.00539	0.00360	0.00952
13	0.01573	0.25962	0.35163	0.01642	0.02365	0.08109	0.06394	0.02075	0.01489	0.01956	0.06330	0.01585	0.01270	0.00672	0.00592	0.00188	0.00885	0.00521	0.00327	0.00900
14	0.05564	0.01765	0.02245	0.14165	0.08166	0.11800	0.13096	0.18310	0.03835	0.09625	0.03840	0.01804	0.01265	0.00725	0.00675	0.00207	0.00857	0.00631	0.00486	0.00939

[dist]
# distance from previous block
# <min> <max>
0	2

[block]
# block no. 4 follows, 32 sequences, length 18
# corresponding to MSA columns:
# 237-254
name=unknown_E
#
# <colnr> <probs for GDERKNQSTAVLIFYWHMCP>
#	G	D	E	R	K	N	Q	S	T	A	V	L	I	F	Y	W	H	M	C	P
0	0.09416	0.01377	0.03945	0.09604	0.01940	0.08652	0.04434	0.04425	0.07788	0.02085	0.02245	0.10152	0.04450	0.06830	0.03023	0.00296	0.05047	0.13088	0.00476	0.00729
1	0.01741	0.01529	0.02028	0.35874	0.03258	0.09626	0.08341	0.12810	0.01757	0.06275	0.01443	0.01799	0.01071	0.00704	0.00655	0.00207	0.00851	0.00606	0.08587	0.00838
2	0.00950	0.00809	0.03408	0.04825	0.01291	0.00717	0.00780	0.01235	0.04012	0.02013	0.18666	0.35333	0.12581	0.03436	0.00865	0.00253	0.00441	0.04953	0.00610	0.02821
3	0.77381	0.01290	0.01014	0.00897	0.01318	0.01480	0.00739	0.02035	0.01180	0.06379	0.01017	0.01148	0.00772	0.00633	0.00428	0.00208	0.00522	0.00378	0.00435	0.00747
4	0.02551	0.01879	0.02014	0.01544	0.02081	0.02081	0.01275	0.69996	0.03155	0.04229	0.01611	0.01611	0.01141	0.00805	0.00671	0.00201	0.00738	0.00604	0.00671	0.01141
5	0.01946	0.61128	0.03172	0.01272	0.01797	0.17805	0.01180	0.02152	0.01478	0.01592	0.00955	0.01105	0.00862	0.00599	0.00468	0.00150	0.00823	0.00374	0.00300	0.00843
6	0.01870	0.01417	0.03695	0.05115	0.29307	0.01354	0.06349	0.08080	0.03449	0.17249	0.07349	0.02474	0.07607	0.00825	0.00697	0.00208	0.00695	0.00745	0.00528	0.00988
7	0.01404	0.04730	0.12265	0.01240	0.01521	0.17539	0.01059	0.01629	0.01303	0.01587	0.01667	0.05165	0.01676	0.26275	0.17589	0.00535	0.01076	0.00729	0.00366	0.00646
8	0.01640	0.01573	0.02686	0.07858	0.68657	0.01589	0.02049	0.02041	0.01518	0.02167	0.01258	0.01667	0.01054	0.00602	0.00665	0.00201	0.00802	0.00598	0.00330	0.01046
9	0.01413	0.01241	0.01528	0.01235	0.05317	0.01048	0.00929	0.01701	0.01362	0.02129	0.01165	0.01413	0.00986	0.00570	0.00677	0.00124	0.08020	0.00427	0.00384	0.68329
10	0.39077	0.10155	0.08779	0.01209	0.01719	0.01762	0.01110	0.18634	0.04501	0.03015	0.01288	0.01528	0.01016	0.00717	0.00530	0.00204	0.00646	0.02764	0.00468	0.00879
11	0.01656	0.01749	0.09265	0.02483	0.24905	0.01652	0.09277	0.05146	0.31380	0.02517	0.01909	0.02013	0.01462	0.00740	0.00684	0.00216	0.00738	0.00679	0.00491	0.01040
12	0.02501	0.01126	0.01461	0.01172	0.01604	0.01039	0.00946	0.11130	0.02008	0.49139	0.10423	0.09915	0.02401	0.01016	0.00706	0.00214	0.00545	0.00851	0.00779	0.01024
13	0.00976	0.00651	0.00732	0.00732	0.00732	0.00651	0.00407	0.00976	0.00976	0.01301	0.02114	0.04391	0.02439	0.76419	0.03415	0.00651	0.00651	0.00976	0.00407	0.00407
14	0.29075	0.25102	0.18584	0.01217	0.01836	0.01804	0.01273	0.01987	0.01302	0.02269	0.01026	0.01196	0.00827	0.00597	0.00481	0.00177	0.00688	0.00397	0.00343	0.09820
15	0.81159	0.01298	0.00986	0.00882	0.01298	0.01505	0.00727	0.01972	0.01142	0.03010	0.00934	0.01090	0.00727	0.00623	0.00415	0.00208	0.00519	0.00363	0.00415	0.00727
16	0.01901	0.00908	0.01201	0.01027	0.01347	0.00817	0.00805	0.02216	0.04058	0.34748	0.28290	0.11713	0.05694	0.01200	0.00742	0.00217	0.00449	0.01035	0.00763	0.00869
17	0.01109	0.00693	0.00928	0.00966	0.01104	0.00643	0.00714	0.01325	0.01572	0.09189	0.25073	0.38490	0.04691	0.01716	0.00826	0.00251	0.00410	0.08979	0.00680	0.00641

[dist]
# distance from previous block
# <min> <max>
0	2

[block]
# block no. 5 follows, 32 sequences, length 44
# corresponding to MSA columns:
# 257-261,264-302
name=unknown_F
#
# <colnr> <probs for GDERKNQSTAVLIFYWHMCP>
#	G	D	E	R	K	N	Q	S	T	A	V	L	I	F	Y	W	H	M	C	P
0	0.75074	0.01463	0.06472	0.00961	0.01420	0.01509	0.00860	0.01984	0.01163	0.02943	0.00955	0.01115	0.00736	0.00624	0.00432	0.00208	0.00555	0.00373	0.00405	0.00747
1	0.01428	0.01267	0.01672	0.01390	0.08072	0.01008	0.05223	0.01752	0.01416	0.02185	0.01209	0.01442	0.01002	0.00510	0.00530	0.00116	0.00564	0.00440	0.00388	0.68388
2	0.00964	0.00697	0.00969	0.00969	0.01051	0.00779	0.00702	0.01128	0.01046	0.01476	0.01898	0.03191	0.01919	0.27628	0.51494	0.00943	0.01434	0.00800	0.00374	0.00538
3	0.15764	0.01798	0.13347	0.09680	0.23254	0.01530	0.14803	0.02093	0.01452	0.06100	0.01280	0.01589	0.00976	0.00619	0.00637	0.00208	0.00831	0.00576	0.00366	0.03095
4	0.01345	0.01741	0.20615	0.08646	0.07547	0.01150	0.03136	0.01760	0.01385	0.03955	0.01592	0.10284	0.01458	0.05501	0.00800	0.00210	0.00705	0.00686	0.00389	0.27096
5	0.24292	0.01052	0.01134	0.00971	0.01326	0.01054	0.00770	0.02026	0.07402	0.13938	0.27092	0.02853	0.03046	0.00938	0.00624	0.00199	0.00453	0.00758	0.00619	0.09453
6	0.02883	0.01169	0.01560	0.01191	0.01716	0.01014	0.00982	0.05256	0.01922	0.65630	0.02513	0.02200	0.01598	0.00806	0.00662	0.00200	0.00571	0.00653	0.00795	0.06678
7	0.01642	0.01765	0.03623	0.07299	0.07124	0.01708	0.56721	0.07290	0.01685	0.02283	0.01361	0.01786	0.01022	0.00592	0.00768	0.00223	0.01069	0.00755	0.00362	0.00921
8	0.01466	0.01151	0.01365	0.00996	0.01554	0.00881	0.00795	0.01763	0.01465	0.06938	0.06679	0.01727	0.01445	0.00586	0.00531	0.00115	0.00488	0.00478	0.00452	0.69124
9	0.00976	0.00651	0.00732	0.00732	0.00732	0.00651	0.00407	0.00976	0.00976	0.01301	0.02114	0.04391	0.02439	0.76419	0.03415	0.00651	0.00651	0.00976	0.00407	0.00407
10	0.00849	0.00682	0.00758	0.00739	0.00941	0.00590	0.00554	0.01072	0.01662	0.02128	0.30200	0.05938	0.48362	0.01582	0.00792	0.00221	0.00331	0.01343	0.00665	0.00590
11	0.07490	0.01216	0.01368	0.01009	0.01578	0.00989	0.00807	0.01828	0.05725	0.02288	0.01269	0.01438	0.01039	0.00532	0.00502	0.00116	0.00501	0.00418	0.00417	0.69470
12	0.01447	0.01376	0.02337	0.42500	0.35522	0.01538	0.01953	0.01872	0.01427	0.01933	0.01224	0.01730	0.00971	0.00637	0.00668	0.00212	0.00850	0.00597	0.00314	0.00890
13	0.01169	0.00966	0.01531	0.08886	0.01760	0.00981	0.13362	0.03397	0.01261	0.01675	0.02073	0.06766	0.02203	0.41912	0.02214	0.00465	0.00753	0.07624	0.00421	0.00582
14	0.00907	0.00618	0.00836	0.00967	0.01018	0.00591	0.00683	0.01004	0.01266	0.01679	0.03312	0.53033	0.03878	0.05675	0.01191	0.09357	0.00461	0.12428	0.00574	0.00522
15	0.14036	0.01697	0.08801	0.12301	0.38835	0.01604	0.03670	0.07189	0.01559	0.02406	0.01226	0.01566	0.00974	0.00630	0.00628	0.00206	0.00789	0.00558	0.00362	0.00965
16	0.01659	0.01389	0.02026	0.50821	0.08900	0.04128	0.01706	0.11749	0.01681	0.07521	0.01363	0.01771	0.01000	0.00698	0.00668	0.00216	0.00851	0.00598	0.00397	0.00857
17	0.01444	0.02054	0.22668	0.23396	0.19865	0.01575	0.15366	0.01997	0.01454	0.02028	0.01245	0.01657	0.00946	0.00624	0.00683	0.00215	0.00945	0.00606	0.00310	0.00921
18	0.00969	0.00679	0.00855	0.00937	0.01062	0.00633	0.00700	0.01143	0.01412	0.04171	0.06214	0.32320	0.19147	0.09105	0.01100	0.00304	0.00463	0.17598	0.00611	0.00577
19	0.01438	0.13618	0.18198	0.03926	0.08281	0.10583	0.01387	0.01855	0.03644	0.02006	0.12092	0.07049	0.11319	0.00973	0.00662	0.00202	0.00724	0.00795	0.00439	0.00811
20	0.02506	0.03198	0.01901	0.01729	0.02074	0.73725	0.01296	0.02679	0.01901	0.01642	0.01037	0.01210	0.00864	0.00691	0.00605	0.00173	0.01210	0.00432	0.00346	0.00778
21	0.01829	0.05277	0.02744	0.05490	0.41077	0.04527	0.13265	0.04520	0.03935	0.08659	0.01438	0.01727	0.01122	0.00636	0.00674	0.00203	0.00838	0.00625	0.00399	0.01015
22	0.01502	0.01424	0.02376	0.32512	0.41392	0.01556	0.01930	0.01996	0.04953	0.02030	0.01308	0.01755	0.01045	0.00643	0.00668	0.00211	0.00823	0.00605	0.00336	0.00935
23	0.01878	0.08688	0.11081	0.15111	0.09035	0.10065	0.07958	0.07504	0.06902	0.10604	0.01486	0.01690	0.01106	0.00708	0.00700	0.00206	0.03329	0.00584	0.00429	0.00935
24	0.01594	0.01441	0.02373	0.29079	0.41455	0.01555	0.01899	0.04219	0.03543	0.04446	0.01337	0.01750	0.01054	0.00647	0.00668	0.00209	0.00815	0.00605	0.00358	0.00955
25	0.01794	0.01420	0.07212	0.01340	0.01716	0.05720	0.03334	0.09388	0.07860	0.17112	0.06711	0.02661	0.01940	0.01961	0.19058	0.00433	0.02489	0.04783	0.02195	0.00871
26	0.01640	0.05202	0.06363	0.06699	0.15540	0.01394	0.18005	0.03333	0.01526	0.11790	0.02025	0.07226	0.05866	0.06854	0.00974	0.00252	0.03185	0.00807	0.00445	0.00875
27	0.01846	0.06659	0.12221	0.04616	0.16208	0.05912	0.04766	0.08827	0.01725	0.14665	0.03739	0.12319	0.01732	0.00905	0.00681	0.00210	0.00749	0.00783	0.00496	0.00939
28	0.01591	0.01718	0.09127	0.20021	0.31554	0.05173	0.03770	0.06422	0.04085	0.02183	0.01481	0.02126	0.01245	0.00743	0.00685	0.00215	0.00842	0.05708	0.00377	0.00933
29	0.01301	0.01265	0.12354	0.01235	0.01612	0.00897	0.07492	0.01616	0.01527	0.12320	0.08479	0.21074	0.20843	0.01482	0.03128	0.00259	0.00607	0.01187	0.00574	0.00749
30	0.02018	0.07198	0.12981	0.06846	0.14105	0.06008	0.09953	0.08440	0.05457	0.17939	0.01640	0.01761	0.01180	0.00695	0.00660	0.00204	0.00824	0.00605	0.00480	0.01005
31	0.01204	0.01061	0.01701	0.30208	0.05531	0.01249	0.05146	0.01576	0.03430	0.01744	0.01606	0.05780	0.01449	0.06683	0.20572	0.00484	0.06138	0.00733	0.03005	0.00702
32	0.01352	0.00862	0.01279	0.01222	0.01437	0.00826	0.06105	0.03494	0.01532	0.13133	0.04976	0.32376	0.03375	0.01845	0.05368	0.00315	0.00629	0.18544	0.00621	0.00708
33	0.01845	0.17154	0.22597	0.03907	0.13572	0.13388	0.05751	0.06829	0.01652	0.05491	0.01239	0.01443	0.00958	0.00645	0.00610	0.00191	0.00910	0.00511	0.00358	0.00949
34	0.03958	0.08988	0.12486	0.06179	0.21232	0.01679	0.26030	0.02078	0.03663	0.02111	0.01388	0.04634	0.01148	0.00664	0.00685	0.00211	0.00906	0.00681	0.00347	0.00931
35	0.00901	0.00682	0.00882	0.02951	0.03170	0.00659	0.00682	0.01101	0.04100	0.01743	0.03725	0.53912	0.11744	0.09126	0.01079	0.00299	0.00440	0.01641	0.00587	0.00575
36	0.08959	0.01420	0.05880	0.04009	0.05398	0.06951	0.03348	0.14642	0.01763	0.02420	0.04838	0.23879	0.11289	0.01254	0.00717	0.00226	0.00627	0.01069	0.00536	0.00775
37	0.01888	0.01565	0.02312	0.03066	0.44876	0.07458	0.03931	0.02228	0.01613	0.14302	0.01721	0.06888	0.01461	0.00785	0.00686	0.00208	0.00771	0.02793	0.00448	0.00999
38	0.00850	0.00650	0.00780	0.00814	0.00958	0.00580	0.00585	0.01048	0.01565	0.02054	0.26120	0.28747	0.29367	0.01729	0.00813	0.00237	0.00349	0.01514	0.00659	0.00580
39	0.03977	0.41001	0.16899	0.01486	0.02106	0.13570	0.04744	0.05761	0.01559	0.01904	0.01060	0.01229	0.00878	0.00618	0.00529	0.00171	0.00866	0.00432	0.00322	0.00887
40	0.01679	0.01778	0.10808	0.19145	0.33853	0.03981	0.05184	0.05713	0.03468	0.05938	0.01369	0.01706	0.01054	0.00652	0.00668	0.00208	0.00850	0.00598	0.00373	0.00975
41	0.01109	0.00775	0.01098	0.06631	0.01393	0.00856	0.00837	0.01325	0.01223	0.05793	0.05899	0.10757	0.04265	0.12332	0.36805	0.00697	0.03557	0.00904	0.03124	0.00619
42	0.03939	0.00783	0.01000	0.00928	0.01153	0.00714	0.00701	0.01629	0.01714	0.17743	0.34020	0.19938	0.10258	0.01417	0.00768	0.00225	0.00397	0.01237	0.00713	0.00723
43	0.01993	0.05523	0.07099	0.01871	0.08730	0.15687	0.11102	0.08020	0.01766	0.12930	0.05900	0.01891	0.01451	0.00773	0.00777	0.00203	0.06772	0.00626	0.05982	0.00905

[dist]
# distance from previous block
# <min> <max>
0	10

# created by:
# /home/berkeley/.conda/envs/busco_data_prod/bin/msa2prfl.pl pipeline/OGs_align_augustus/4893/16859.fs
