[name]
unknown

[dist]
# distance from previous block
# <min> <max>
7	65

[block]
# block no. 0 follows, 33 sequences, length 146
# corresponding to MSA columns:
# 66-211
name=unknown_A
#
# <colnr> <probs for GDERKNQSTAVLIFYWHMCP>
#	G	D	E	R	K	N	Q	S	T	A	V	L	I	F	Y	W	H	M	C	P
0	0.01185	0.00974	0.01129	0.02942	0.01308	0.05379	0.00835	0.01553	0.08338	0.03938	0.09110	0.15062	0.09723	0.04796	0.20044	0.00458	0.07092	0.00986	0.04489	0.00660
1	0.03849	0.00748	0.00901	0.00880	0.01043	0.00716	0.00632	0.03906	0.01414	0.09185	0.09582	0.23281	0.17490	0.13370	0.05720	0.04361	0.00534	0.01211	0.00573	0.00605
2	0.01193	0.00722	0.00869	0.00838	0.01043	0.00636	0.00616	0.01368	0.01514	0.14269	0.12610	0.22495	0.30871	0.06728	0.00949	0.00257	0.00403	0.01328	0.00645	0.00646
3	0.00965	0.00774	0.03019	0.05487	0.03654	0.00730	0.00704	0.01101	0.01180	0.01602	0.08878	0.22574	0.03023	0.36388	0.06658	0.00476	0.00643	0.01150	0.00469	0.00526
4	0.08357	0.01399	0.02069	0.07230	0.39889	0.01460	0.01557	0.06344	0.08711	0.05541	0.04599	0.02044	0.01463	0.00723	0.00640	0.00203	0.00681	0.02631	0.03503	0.00957
5	0.00847	0.00661	0.00761	0.00766	0.00935	0.00585	0.00565	0.01052	0.01568	0.02029	0.27132	0.13341	0.38529	0.04923	0.00902	0.00243	0.00354	0.03601	0.00638	0.00569
6	0.01091	0.00706	0.00884	0.00828	0.01021	0.00642	0.00626	0.01358	0.01720	0.08652	0.44843	0.07607	0.18288	0.01478	0.03150	0.00237	0.00387	0.01165	0.04669	0.00648
7	0.00999	0.00680	0.00808	0.00810	0.00920	0.00660	0.00566	0.03368	0.01401	0.01953	0.17873	0.15310	0.11621	0.21703	0.03894	0.02757	0.00490	0.03320	0.10323	0.00545
8	0.01315	0.01108	0.01301	0.00959	0.01477	0.00856	0.00752	0.01582	0.01320	0.02050	0.01267	0.01649	0.01115	0.06650	0.03959	0.00182	0.00555	0.00448	0.00389	0.71064
9	0.01365	0.01170	0.01365	0.00975	0.01560	0.00878	0.00780	0.01658	0.01365	0.02145	0.01170	0.01365	0.00975	0.00488	0.00488	0.00098	0.00488	0.00390	0.00390	0.80888
10	0.00928	0.00593	0.00792	0.00856	0.00906	0.00562	0.00577	0.00930	0.01187	0.01576	0.08789	0.36426	0.09384	0.06700	0.01529	0.25547	0.00447	0.01307	0.00505	0.00457
11	0.14528	0.09425	0.01879	0.01503	0.01888	0.50880	0.01171	0.07856	0.01801	0.02013	0.01038	0.01189	0.00849	0.00667	0.00555	0.00174	0.01003	0.00421	0.00370	0.00791
12	0.00934	0.00633	0.00745	0.00767	0.00779	0.00634	0.00454	0.00964	0.01007	0.01350	0.02280	0.14621	0.02633	0.61852	0.07140	0.00609	0.00667	0.01075	0.00427	0.00430
13	0.01365	0.01170	0.01365	0.00975	0.01560	0.00878	0.00780	0.01658	0.01365	0.02145	0.01170	0.01365	0.00975	0.00488	0.00488	0.00098	0.00488	0.00390	0.00390	0.80888
14	0.01383	0.01296	0.02036	0.45226	0.18554	0.05006	0.03605	0.01713	0.01333	0.01725	0.01178	0.01731	0.00947	0.00840	0.00891	0.10061	0.00842	0.00581	0.00302	0.00750
15	0.02417	0.02810	0.01855	0.01690	0.03581	0.59431	0.01260	0.07999	0.06085	0.05042	0.01235	0.01349	0.00977	0.00704	0.00608	0.00177	0.01075	0.00470	0.00404	0.00830
16	0.00781	0.00655	0.00679	0.00697	0.00897	0.00553	0.00514	0.00941	0.01471	0.01766	0.06298	0.14898	0.64167	0.01716	0.00786	0.00228	0.00339	0.01448	0.00611	0.00553
17	0.01365	0.01170	0.01365	0.00975	0.01560	0.00878	0.00780	0.01658	0.01365	0.02145	0.01170	0.01365	0.00975	0.00488	0.00488	0.00098	0.00488	0.00390	0.00390	0.80888
18	0.01637	0.01414	0.01489	0.01340	0.01712	0.01637	0.01042	0.03498	0.71568	0.02754	0.02679	0.02456	0.02010	0.00893	0.00670	0.00223	0.00521	0.00744	0.00670	0.01042
19	0.00788	0.00667	0.00680	0.00677	0.00895	0.00560	0.00508	0.00963	0.01523	0.01832	0.10736	0.06248	0.68390	0.01647	0.00778	0.00221	0.00332	0.01377	0.00618	0.00560
20	0.01365	0.01170	0.01365	0.00975	0.01560	0.00878	0.00780	0.01658	0.01365	0.02145	0.01170	0.01365	0.00975	0.00488	0.00488	0.00098	0.00488	0.00390	0.00390	0.80888
21	0.00943	0.00641	0.00709	0.00709	0.00740	0.00627	0.00413	0.00973	0.01036	0.01373	0.02638	0.04501	0.10935	0.65413	0.02950	0.00573	0.00591	0.01000	0.02810	0.00424
22	0.00940	0.00705	0.01058	0.01058	0.01176	0.00823	0.00823	0.01176	0.01058	0.01528	0.01763	0.02586	0.01646	0.04937	0.74255	0.01058	0.01763	0.00705	0.00353	0.00588
23	0.01076	0.00747	0.00950	0.00869	0.01058	0.00702	0.00661	0.04755	0.01913	0.05162	0.64226	0.04705	0.08022	0.01310	0.00767	0.00207	0.00341	0.01149	0.00721	0.00661
24	0.01363	0.01149	0.01253	0.01094	0.01408	0.03341	0.03074	0.12498	0.19409	0.02540	0.15507	0.04084	0.28184	0.01217	0.00727	0.00215	0.00488	0.01022	0.00635	0.00793
25	0.00943	0.00632	0.00722	0.00737	0.00740	0.00629	0.00419	0.00954	0.00986	0.01314	0.02220	0.11061	0.02577	0.69860	0.03116	0.00604	0.00614	0.01043	0.00419	0.00412
26	0.00801	0.00578	0.00759	0.00904	0.00952	0.00536	0.00606	0.00918	0.01272	0.01685	0.03780	0.72942	0.07749	0.02043	0.00837	0.00265	0.00380	0.01847	0.00611	0.00536
27	0.01453	0.01200	0.01386	0.01029	0.01584	0.00978	0.00820	0.01946	0.10414	0.04605	0.01412	0.01535	0.01130	0.00551	0.00517	0.00117	0.00494	0.00445	0.00440	0.67943
28	0.01618	0.01315	0.01567	0.01290	0.01673	0.01392	0.06449	0.23739	0.19521	0.02899	0.11358	0.03334	0.18861	0.01070	0.00713	0.00213	0.00563	0.00904	0.00632	0.00890
29	0.00832	0.00634	0.00738	0.00785	0.00902	0.00579	0.00543	0.00966	0.01331	0.01699	0.08304	0.28595	0.31615	0.14253	0.04880	0.00346	0.00469	0.01431	0.00570	0.00528
30	0.01085	0.00784	0.00911	0.00897	0.00989	0.00829	0.00604	0.01444	0.13718	0.01617	0.02351	0.06314	0.04345	0.43932	0.08382	0.05871	0.00686	0.04240	0.00460	0.00542
31	0.06662	0.32663	0.05343	0.03956	0.08145	0.18783	0.01266	0.05862	0.01562	0.01921	0.01045	0.01230	0.00882	0.00606	0.00516	0.00161	0.00810	0.00419	0.00337	0.07832
32	0.00878	0.00688	0.00795	0.00839	0.01018	0.00620	0.00660	0.01079	0.01486	0.01851	0.09523	0.08547	0.42901	0.06381	0.00976	0.00271	0.00428	0.19891	0.00604	0.00563
33	0.01760	0.77260	0.03450	0.01126	0.01690	0.02605	0.01126	0.01971	0.01338	0.01549	0.00915	0.01056	0.00845	0.00563	0.00422	0.00141	0.00704	0.00352	0.00282	0.00845
34	0.01554	0.01776	0.03885	0.02775	0.03441	0.01665	0.70366	0.02109	0.01554	0.02109	0.01332	0.01776	0.00999	0.00555	0.00777	0.00222	0.01110	0.00777	0.00333	0.00888
35	0.01248	0.01406	0.12506	0.05120	0.08530	0.01170	0.01207	0.02052	0.21670	0.02298	0.16721	0.13057	0.08049	0.01119	0.00713	0.00221	0.00558	0.00973	0.00556	0.00826
36	0.01510	0.25731	0.37314	0.01927	0.07718	0.01880	0.11211	0.02048	0.01404	0.01928	0.01124	0.01357	0.00875	0.00594	0.00586	0.00189	0.00895	0.00492	0.00290	0.00927
37	0.00829	0.00620	0.00753	0.00832	0.00932	0.00564	0.00577	0.00972	0.01365	0.01771	0.10667	0.42066	0.23281	0.08229	0.01032	0.00282	0.00391	0.03694	0.00603	0.00539
38	0.00948	0.00674	0.00902	0.00902	0.00965	0.00738	0.00628	0.01075	0.01012	0.01412	0.01906	0.03379	0.01990	0.38047	0.41615	0.00865	0.01245	0.00821	0.00374	0.00501
39	0.01808	0.19728	0.29743	0.03857	0.02325	0.23318	0.01699	0.02226	0.01519	0.03951	0.01105	0.01293	0.00867	0.00652	0.00624	0.00185	0.03468	0.00449	0.00314	0.00871
40	0.01070	0.00899	0.01195	0.09623	0.06550	0.03130	0.00982	0.01378	0.05647	0.01817	0.03014	0.41701	0.05183	0.01610	0.00843	0.00256	0.03170	0.10748	0.00538	0.00648
41	0.00940	0.00705	0.01058	0.01058	0.01176	0.00823	0.00823	0.01176	0.01058	0.01528	0.01763	0.02586	0.01646	0.04937	0.74255	0.01058	0.01763	0.00705	0.00353	0.00588
42	0.00798	0.00620	0.00726	0.00800	0.00927	0.00548	0.00562	0.00945	0.01398	0.01772	0.08417	0.41486	0.34953	0.01850	0.00809	0.00244	0.00357	0.01622	0.00617	0.00548
43	0.01372	0.01247	0.02100	0.58877	0.18002	0.01468	0.01840	0.01796	0.01370	0.03947	0.01227	0.01745	0.00933	0.00649	0.00657	0.00214	0.00849	0.00588	0.00315	0.00805
44	0.04100	0.05948	0.44557	0.02338	0.20909	0.01575	0.02118	0.02014	0.01407	0.02105	0.03284	0.01534	0.01046	0.00654	0.00679	0.00205	0.03735	0.00527	0.00309	0.00957
45	0.01559	0.01329	0.01684	0.01324	0.05300	0.01135	0.05424	0.11888	0.01640	0.02439	0.01245	0.01437	0.01001	0.00542	0.00540	0.00125	0.00578	0.00455	0.00423	0.59935
46	0.00926	0.00661	0.00906	0.01058	0.01151	0.00641	0.00826	0.01131	0.01382	0.01819	0.03560	0.43416	0.04084	0.01946	0.00873	0.00284	0.00489	0.33667	0.00609	0.00569
47	0.01329	0.03354	0.71491	0.01936	0.04787	0.01530	0.02421	0.02083	0.01393	0.02087	0.01183	0.01397	0.00840	0.00624	0.00626	0.00208	0.00968	0.00489	0.00279	0.00975
48	0.01575	0.01637	0.06840	0.10589	0.62181	0.01553	0.02027	0.01993	0.01475	0.02103	0.01229	0.01627	0.01015	0.00596	0.00651	0.00199	0.00802	0.00580	0.00320	0.01009
49	0.01018	0.00820	0.01207	0.01162	0.01261	0.01008	0.00919	0.01239	0.01050	0.01537	0.01624	0.02408	0.01524	0.04349	0.63054	0.00938	0.13244	0.00685	0.00343	0.00608
50	0.81514	0.01273	0.00968	0.00866	0.01273	0.01477	0.00713	0.01935	0.01120	0.02954	0.00917	0.01069	0.00713	0.00611	0.00407	0.00204	0.00509	0.00356	0.00407	0.00713
51	0.02954	0.01120	0.01528	0.01171	0.01681	0.00968	0.00968	0.03208	0.01884	0.73213	0.02597	0.02241	0.01630	0.00815	0.00662	0.00204	0.00560	0.00662	0.00815	0.01120
52	0.01263	0.00746	0.00986	0.00884	0.01098	0.00678	0.00678	0.01564	0.01867	0.14203	0.60972	0.04479	0.05461	0.01259	0.00758	0.00207	0.00351	0.01104	0.00739	0.00703
53	0.01655	0.01613	0.02647	0.03969	0.70581	0.03800	0.01997	0.02039	0.01510	0.02134	0.01232	0.01616	0.01037	0.00589	0.00650	0.00195	0.00795	0.00582	0.00326	0.01034
54	0.00890	0.00659	0.00748	0.00777	0.00927	0.00591	0.00553	0.01029	0.01362	0.03837	0.04898	0.22023	0.39683	0.13045	0.03572	0.00324	0.00452	0.03504	0.00577	0.00547
55	0.00953	0.00654	0.00800	0.00800	0.00829	0.00683	0.00502	0.01010	0.00982	0.01337	0.01999	0.03891	0.02212	0.59437	0.20530	0.00740	0.00911	0.00896	0.00388	0.00445
56	0.00957	0.00638	0.00718	0.00718	0.00718	0.00638	0.00399	0.00957	0.00957	0.01276	0.02074	0.04308	0.02393	0.76864	0.03351	0.00638	0.00638	0.00957	0.00399	0.00399
57	0.71918	0.01254	0.01036	0.00903	0.01323	0.01415	0.00744	0.02091	0.01214	0.11536	0.01122	0.01213	0.00825	0.00636	0.00439	0.00204	0.00515	0.00394	0.00457	0.00763
58	0.02542	0.01950	0.01915	0.01505	0.02004	0.11961	0.01225	0.54265	0.02801	0.10828	0.01606	0.01593	0.01134	0.00777	0.00650	0.00194	0.00772	0.00576	0.00630	0.01070
59	0.01243	0.01170	0.01975	0.75282	0.04534	0.01463	0.01828	0.01682	0.01316	0.01682	0.01170	0.01755	0.00878	0.00658	0.00658	0.00219	0.00878	0.00585	0.00293	0.00731
60	0.01144	0.00572	0.00858	0.00858	0.00858	0.00572	0.00572	0.00858	0.00858	0.01144	0.01144	0.02001	0.01144	0.02287	0.02573	0.80846	0.00572	0.00572	0.00286	0.00286
61	0.02459	0.03138	0.01866	0.01696	0.02035	0.74221	0.01272	0.02629	0.01866	0.01611	0.01018	0.01187	0.00848	0.00678	0.00594	0.00170	0.01187	0.00424	0.00339	0.00763
62	0.00796	0.00668	0.00692	0.00686	0.00900	0.00563	0.00514	0.00979	0.01543	0.01879	0.14336	0.06170	0.64761	0.01630	0.00778	0.00221	0.00331	0.01366	0.00625	0.00563
63	0.00830	0.00609	0.00781	0.00882	0.00968	0.00561	0.00617	0.00990	0.01396	0.01853	0.14526	0.52946	0.13888	0.01889	0.00825	0.00254	0.00374	0.04628	0.00628	0.00554
64	0.00999	0.00763	0.00928	0.00871	0.01061	0.00737	0.00658	0.01481	0.10334	0.02548	0.55795	0.04792	0.13862	0.01330	0.00764	0.00211	0.00339	0.01161	0.00704	0.00665
65	0.06950	0.01752	0.01851	0.01453	0.01952	0.01954	0.01192	0.57468	0.12302	0.03890	0.01692	0.01670	0.01217	0.00794	0.00646	0.00201	0.00684	0.00600	0.00646	0.01086
66	0.01434	0.01365	0.02319	0.40074	0.38250	0.01513	0.01923	0.01849	0.01407	0.01914	0.01204	0.01693	0.00959	0.00623	0.00655	0.00208	0.00830	0.00586	0.00309	0.00885
67	0.01486	0.01244	0.01452	0.03457	0.01710	0.01024	0.00866	0.09207	0.01553	0.02350	0.01215	0.01401	0.00988	0.00526	0.00512	0.00112	0.00526	0.00419	0.00416	0.69536
68	0.01348	0.03257	0.66664	0.01865	0.02777	0.03940	0.04302	0.02066	0.01406	0.02056	0.01260	0.03841	0.00954	0.00672	0.00636	0.00209	0.00965	0.00538	0.00292	0.00949
69	0.00911	0.00657	0.00886	0.00926	0.00998	0.00696	0.00657	0.01055	0.01107	0.01518	0.02496	0.20551	0.04917	0.23202	0.33660	0.00712	0.01060	0.03027	0.00441	0.00525
70	0.00833	0.00595	0.00798	0.00944	0.00998	0.00561	0.00658	0.00973	0.01306	0.01742	0.05856	0.66989	0.04356	0.02014	0.00845	0.00269	0.00403	0.08700	0.00614	0.00545
71	0.02719	0.01545	0.01731	0.01491	0.06430	0.10582	0.01129	0.15820	0.02086	0.46331	0.02114	0.01941	0.01395	0.00778	0.00652	0.00198	0.00686	0.00614	0.00692	0.01069
72	0.01495	0.01778	0.07291	0.02348	0.02907	0.05168	0.49402	0.01977	0.01544	0.02076	0.07439	0.02138	0.04146	0.00718	0.00861	0.00222	0.06495	0.00786	0.00370	0.00839
73	0.00896	0.00693	0.00833	0.00875	0.01056	0.00630	0.00700	0.01132	0.01569	0.02003	0.18469	0.08523	0.36218	0.01663	0.00820	0.00246	0.00415	0.22042	0.00632	0.00584
74	0.00957	0.00638	0.00718	0.00718	0.00718	0.00638	0.00399	0.00957	0.00957	0.01276	0.02074	0.04308	0.02393	0.76864	0.03351	0.00638	0.00638	0.00957	0.00399	0.00399
75	0.01553	0.01486	0.02534	0.18146	0.59250	0.01544	0.01982	0.01953	0.01463	0.02058	0.01225	0.01654	0.01010	0.00601	0.00653	0.00200	0.00801	0.00586	0.00319	0.00981
76	0.01787	0.56726	0.10458	0.01438	0.05956	0.10672	0.01330	0.02061	0.01413	0.01646	0.00973	0.01139	0.00856	0.00584	0.00476	0.00154	0.00792	0.00388	0.00290	0.00860
77	0.01320	0.03405	0.73453	0.01876	0.02849	0.01529	0.02432	0.02085	0.01390	0.02085	0.01181	0.01390	0.00834	0.00625	0.00625	0.00208	0.00973	0.00486	0.00278	0.00973
78	0.01827	0.63977	0.05139	0.01222	0.01764	0.11089	0.01177	0.02101	0.03618	0.01609	0.00990	0.01125	0.00882	0.00589	0.00456	0.00149	0.00763	0.00377	0.00301	0.00845
79	0.01498	0.01281	0.01362	0.01235	0.01574	0.01450	0.00957	0.03070	0.59061	0.02662	0.09701	0.03015	0.08267	0.01001	0.00689	0.00222	0.00485	0.00841	0.00670	0.00961
80	0.00957	0.00638	0.00718	0.00718	0.00718	0.00638	0.00399	0.00957	0.00957	0.01276	0.02074	0.04308	0.02393	0.76864	0.03351	0.00638	0.00638	0.00957	0.00399	0.00399
81	0.02954	0.01120	0.01528	0.01171	0.01681	0.00968	0.00968	0.03208	0.01884	0.73213	0.02597	0.02241	0.01630	0.00815	0.00662	0.00204	0.00560	0.00662	0.00815	0.01120
82	0.01629	0.01564	0.02672	0.04041	0.72757	0.01564	0.02020	0.02020	0.01499	0.02151	0.01238	0.01629	0.01043	0.00587	0.00652	0.00196	0.00782	0.00587	0.00326	0.01043
83	0.02503	0.01844	0.01976	0.01515	0.02042	0.02042	0.01251	0.70562	0.03095	0.04149	0.01581	0.01581	0.01120	0.00790	0.00659	0.00198	0.00724	0.00593	0.00659	0.01120
84	0.81514	0.01273	0.00968	0.00866	0.01273	0.01477	0.00713	0.01935	0.01120	0.02954	0.00917	0.01069	0.00713	0.00611	0.00407	0.00204	0.00509	0.00356	0.00407	0.00713
85	0.02459	0.03138	0.01866	0.01696	0.02035	0.74221	0.01272	0.02629	0.01866	0.01611	0.01018	0.01187	0.00848	0.00678	0.00594	0.00170	0.01187	0.00424	0.00339	0.00763
86	0.01533	0.01714	0.03538	0.02580	0.03123	0.01730	0.57572	0.02011	0.01453	0.02011	0.01245	0.01714	0.00974	0.00666	0.01034	0.00234	0.14948	0.00740	0.00325	0.00857
87	0.01442	0.01474	0.05457	0.05587	0.50662	0.01377	0.05158	0.01816	0.01484	0.02058	0.02156	0.04576	0.12275	0.00801	0.00682	0.00204	0.00728	0.00755	0.00376	0.00931
88	0.01629	0.01564	0.02672	0.04041	0.72757	0.01564	0.02020	0.02020	0.01499	0.02151	0.01238	0.01629	0.01043	0.00587	0.00652	0.00196	0.00782	0.00587	0.00326	0.01043
89	0.00778	0.00667	0.00667	0.00667	0.00889	0.00556	0.00500	0.00945	0.01501	0.01778	0.06669	0.06336	0.72490	0.01667	0.00778	0.00222	0.00333	0.01389	0.00611	0.00556
90	0.01365	0.01170	0.01365	0.00975	0.01560	0.00878	0.00780	0.01658	0.01365	0.02145	0.01170	0.01365	0.00975	0.00488	0.00488	0.00098	0.00488	0.00390	0.00390	0.80888
91	0.00972	0.00751	0.01118	0.01100	0.01210	0.00898	0.00862	0.01201	0.01055	0.01532	0.01707	0.02515	0.01597	0.04701	0.69746	0.01010	0.06385	0.00697	0.00349	0.00596
92	0.12396	0.01719	0.01817	0.01408	0.01919	0.01892	0.01163	0.57041	0.02760	0.09082	0.01573	0.01565	0.01106	0.00770	0.00627	0.00199	0.00685	0.00568	0.00639	0.01069
93	0.01297	0.00750	0.00969	0.00885	0.01106	0.00672	0.00673	0.01558	0.01759	0.16341	0.43204	0.11971	0.13512	0.01356	0.00761	0.00215	0.00370	0.01182	0.00716	0.00702
94	0.00789	0.00625	0.00710	0.00779	0.00919	0.00546	0.00550	0.00932	0.01393	0.01734	0.05304	0.37805	0.41901	0.01845	0.00806	0.00243	0.00355	0.01606	0.00611	0.00546
95	0.02912	0.01186	0.01569	0.01203	0.01714	0.01066	0.00993	0.09357	0.01995	0.66908	0.02504	0.02180	0.01583	0.00813	0.00662	0.00203	0.00575	0.00656	0.00801	0.01120
96	0.02456	0.01192	0.01738	0.01523	0.07608	0.01096	0.06232	0.04835	0.05484	0.49577	0.02461	0.09079	0.01793	0.00897	0.00687	0.00211	0.00606	0.00780	0.00707	0.01038
97	0.00940	0.00705	0.01058	0.01058	0.01176	0.00823	0.00823	0.01176	0.01058	0.01528	0.01763	0.02586	0.01646	0.04937	0.74255	0.01058	0.01763	0.00705	0.00353	0.00588
98	0.01637	0.01414	0.01489	0.01340	0.01712	0.01637	0.01042	0.03498	0.71568	0.02754	0.02679	0.02456	0.02010	0.00893	0.00670	0.00223	0.00521	0.00744	0.00670	0.01042
99	0.81514	0.01273	0.00968	0.00866	0.01273	0.01477	0.00713	0.01935	0.01120	0.02954	0.00917	0.01069	0.00713	0.00611	0.00407	0.00204	0.00509	0.00356	0.00407	0.00713
100	0.01681	0.55494	0.20917	0.01339	0.01995	0.05489	0.01460	0.02029	0.01374	0.01686	0.00986	0.01145	0.00842	0.00584	0.00481	0.00159	0.00793	0.00389	0.00283	0.00873
101	0.02459	0.03138	0.01866	0.01696	0.02035	0.74221	0.01272	0.02629	0.01866	0.01611	0.01018	0.01187	0.00848	0.00678	0.00594	0.00170	0.01187	0.00424	0.00339	0.00763
102	0.00888	0.00671	0.00819	0.00782	0.00957	0.00603	0.00587	0.01158	0.01760	0.02395	0.53690	0.05321	0.25084	0.01437	0.00777	0.00211	0.00317	0.01247	0.00692	0.00603
103	0.00778	0.00667	0.00667	0.00667	0.00889	0.00556	0.00500	0.00945	0.01501	0.01778	0.06669	0.06336	0.72490	0.01667	0.00778	0.00222	0.00333	0.01389	0.00611	0.00556
104	0.02503	0.01844	0.01976	0.01515	0.02042	0.02042	0.01251	0.70562	0.03095	0.04149	0.01581	0.01581	0.01120	0.00790	0.00659	0.00198	0.00724	0.00593	0.00659	0.01120
105	0.02940	0.01143	0.01542	0.01182	0.01692	0.01001	0.00976	0.05314	0.01922	0.71054	0.02565	0.02220	0.01614	0.00814	0.00662	0.00204	0.00565	0.00660	0.00810	0.01120
106	0.01440	0.01440	0.02016	0.01728	0.01728	0.02016	0.01440	0.01584	0.01008	0.01584	0.00864	0.01440	0.00864	0.01152	0.02160	0.00288	0.75659	0.00576	0.00288	0.00720
107	0.81514	0.01273	0.00968	0.00866	0.01273	0.01477	0.00713	0.01935	0.01120	0.02954	0.00917	0.01069	0.00713	0.00611	0.00407	0.00204	0.00509	0.00356	0.00407	0.00713
108	0.01846	0.12984	0.08627	0.02083	0.19525	0.01474	0.08788	0.04475	0.01625	0.18541	0.05369	0.04491	0.03698	0.00795	0.00654	0.00200	0.00714	0.02677	0.00485	0.00946
109	0.01214	0.00941	0.00967	0.00892	0.01126	0.06733	0.00679	0.01511	0.04183	0.08721	0.34605	0.04776	0.28471	0.01339	0.00748	0.00210	0.00421	0.01133	0.00659	0.00670
110	0.01144	0.00572	0.00858	0.00858	0.00858	0.00572	0.00572	0.00858	0.00858	0.01144	0.01144	0.02001	0.01144	0.02287	0.02573	0.80846	0.00572	0.00572	0.00286	0.00286
111	0.01396	0.01326	0.02279	0.36024	0.32798	0.01451	0.05246	0.01802	0.01410	0.01911	0.01393	0.04896	0.01203	0.00723	0.00678	0.00215	0.00819	0.03240	0.00333	0.00857
112	0.01503	0.07914	0.01888	0.04194	0.23415	0.03095	0.01276	0.04514	0.21712	0.02259	0.04328	0.12592	0.04278	0.00955	0.00665	0.00209	0.00611	0.00834	0.02858	0.00900
113	0.00945	0.00688	0.00973	0.00973	0.01061	0.00777	0.00716	0.01121	0.01033	0.01465	0.01841	0.03018	0.01833	0.22992	0.56457	0.00953	0.01481	0.00769	0.00364	0.00540
114	0.01243	0.01170	0.01975	0.75282	0.04534	0.01463	0.01828	0.01682	0.01316	0.01682	0.01170	0.01755	0.00878	0.00658	0.00658	0.00219	0.00878	0.00585	0.00293	0.00731
115	0.09204	0.02038	0.01940	0.08790	0.12218	0.22691	0.01372	0.24471	0.04174	0.02672	0.01283	0.01467	0.00990	0.00715	0.00664	0.00195	0.03220	0.00526	0.00451	0.00918
116	0.01674	0.00943	0.01129	0.00955	0.01289	0.00872	0.00755	0.06286	0.06192	0.23157	0.18135	0.03744	0.19751	0.01117	0.00690	0.00201	0.00437	0.00933	0.06933	0.04808
117	0.00909	0.00682	0.00857	0.00900	0.01058	0.00630	0.00707	0.01155	0.01595	0.02104	0.27151	0.14672	0.23488	0.01651	0.00821	0.00245	0.00407	0.19732	0.00647	0.00589
118	0.01781	0.01576	0.01882	0.01669	0.05492	0.06351	0.09577	0.05298	0.48934	0.06538	0.02295	0.02209	0.01713	0.00815	0.00676	0.00216	0.00658	0.00710	0.00598	0.01012
119	0.01933	0.08312	0.02044	0.01690	0.06002	0.32413	0.05410	0.02398	0.11511	0.01910	0.01288	0.01465	0.01054	0.00695	0.00713	0.00178	0.06842	0.00501	0.00384	0.13258
120	0.69360	0.01352	0.01354	0.01119	0.01561	0.01517	0.09238	0.04029	0.01233	0.02887	0.00987	0.01171	0.00760	0.00610	0.00460	0.00206	0.00589	0.00415	0.00406	0.00747
121	0.00802	0.00573	0.00764	0.00917	0.00955	0.00535	0.00611	0.00917	0.01260	0.01681	0.03628	0.76434	0.04354	0.02062	0.00840	0.00267	0.00382	0.01872	0.00611	0.00535
122	0.01632	0.01873	0.03623	0.02629	0.03256	0.07636	0.61917	0.02207	0.04369	0.02094	0.01360	0.01754	0.01027	0.00579	0.00758	0.00218	0.01093	0.00747	0.00347	0.00884
123	0.01299	0.01232	0.01743	0.03693	0.01682	0.03712	0.08900	0.01550	0.03691	0.01758	0.10184	0.02714	0.04245	0.17285	0.01897	0.00335	0.32234	0.00784	0.00396	0.00666
124	0.00957	0.00640	0.00729	0.00729	0.00733	0.00644	0.00413	0.00964	0.00961	0.01285	0.02064	0.04252	0.02369	0.74518	0.05663	0.00652	0.00675	0.00949	0.00397	0.00405
125	0.01845	0.65548	0.03224	0.01286	0.03849	0.11712	0.01172	0.02057	0.01410	0.01575	0.00938	0.01090	0.00851	0.00579	0.00451	0.00146	0.00768	0.00368	0.00290	0.00840
126	0.06760	0.23138	0.16630	0.01398	0.01941	0.01848	0.03389	0.12213	0.04037	0.02246	0.01468	0.01642	0.04526	0.00873	0.03112	0.00218	0.07901	0.00529	0.00387	0.05746
127	0.05909	0.01640	0.08662	0.08764	0.16787	0.01536	0.06066	0.13093	0.13253	0.15004	0.01744	0.01836	0.01262	0.00718	0.00652	0.00207	0.00726	0.00618	0.00517	0.01007
128	0.01368	0.01164	0.01347	0.00975	0.01540	0.00894	0.00779	0.03552	0.01420	0.02183	0.01456	0.01619	0.04542	0.00555	0.00507	0.00107	0.00486	0.00445	0.00409	0.74652
129	0.00883	0.00641	0.00780	0.00859	0.00943	0.00605	0.00603	0.01007	0.01266	0.01635	0.03787	0.30775	0.17508	0.22822	0.01540	0.00368	0.00481	0.12434	0.00551	0.00513
130	0.01280	0.01047	0.05381	0.01024	0.01276	0.00956	0.00831	0.13604	0.01654	0.04332	0.13607	0.07211	0.14871	0.11665	0.13082	0.05289	0.00732	0.00949	0.00535	0.00676
131	0.01691	0.11132	0.13631	0.02736	0.36887	0.05257	0.01762	0.04385	0.05558	0.04355	0.01332	0.01584	0.01067	0.00647	0.00654	0.00193	0.02860	0.00546	0.02745	0.00977
132	0.02426	0.03082	0.01871	0.01697	0.02025	0.71857	0.01278	0.02595	0.01838	0.01610	0.01013	0.01195	0.00849	0.00694	0.00645	0.00173	0.03626	0.00429	0.00338	0.00762
133	0.02819	0.01159	0.01527	0.01182	0.01679	0.01040	0.00973	0.07227	0.04062	0.64693	0.02663	0.02333	0.03791	0.00842	0.00666	0.00204	0.00562	0.00683	0.00795	0.01101
134	0.01663	0.09157	0.08687	0.04395	0.32916	0.04046	0.12212	0.06033	0.01598	0.04532	0.01562	0.02023	0.03480	0.00704	0.00662	0.00202	0.00822	0.03983	0.00377	0.00947
135	0.01062	0.00894	0.01310	0.06149	0.17981	0.00890	0.01024	0.01356	0.04938	0.01856	0.03201	0.43084	0.10603	0.01530	0.00770	0.00241	0.00507	0.01384	0.00528	0.00694
136	0.00941	0.00631	0.00723	0.00740	0.00744	0.00627	0.00422	0.00953	0.00990	0.01320	0.02243	0.12135	0.02606	0.68746	0.03078	0.00598	0.00610	0.01057	0.00422	0.00414
137	0.03847	0.00690	0.00737	0.02948	0.00970	0.00694	0.00555	0.01509	0.03487	0.02419	0.13076	0.03129	0.09109	0.00935	0.00548	0.00174	0.00340	0.00769	0.53435	0.00629
138	0.11425	0.14255	0.08068	0.02101	0.19000	0.11238	0.05585	0.13363	0.04827	0.02424	0.01239	0.01430	0.00982	0.00646	0.00585	0.00188	0.00803	0.00511	0.00396	0.00932
139	0.06765	0.00668	0.00800	0.00924	0.02548	0.00637	0.00616	0.01024	0.01282	0.01778	0.03848	0.51771	0.16594	0.06399	0.00945	0.00275	0.00407	0.01586	0.00577	0.00555
140	0.00788	0.00644	0.00697	0.00733	0.00908	0.00552	0.00531	0.00946	0.01452	0.01779	0.07762	0.23476	0.53938	0.01755	0.00793	0.00233	0.00345	0.01502	0.00614	0.00552
141	0.01579	0.02175	0.24258	0.06897	0.29798	0.05994	0.05991	0.06339	0.01560	0.02174	0.01286	0.01656	0.01024	0.03180	0.00733	0.00215	0.00868	0.00571	0.02756	0.00947
142	0.01654	0.03988	0.12214	0.11052	0.36326	0.05457	0.03829	0.07249	0.07683	0.02244	0.01355	0.01643	0.01068	0.00645	0.00645	0.00200	0.00821	0.00577	0.00370	0.00979
143	0.01696	0.10090	0.06966	0.10811	0.12858	0.06277	0.14252	0.13586	0.01733	0.02297	0.01447	0.03683	0.01217	0.00750	0.00700	0.00205	0.03005	0.03955	0.03587	0.00886
144	0.01141	0.00891	0.01036	0.05002	0.01355	0.03076	0.00809	0.06782	0.04665	0.03536	0.09321	0.25611	0.18733	0.04096	0.00873	0.00256	0.00495	0.11073	0.00597	0.00651
145	0.06224	0.08817	0.17874	0.09503	0.08635	0.07893	0.11232	0.06395	0.03932	0.04499	0.03616	0.01931	0.03208	0.00725	0.00641	0.00203	0.00841	0.02560	0.00391	0.00881

[dist]
# distance from previous block
# <min> <max>
3	28

[block]
# block no. 1 follows, 33 sequences, length 30
# corresponding to MSA columns:
# 241-270
name=unknown_B
#
# <colnr> <probs for GDERKNQSTAVLIFYWHMCP>
#	G	D	E	R	K	N	Q	S	T	A	V	L	I	F	Y	W	H	M	C	P
0	0.04557	0.10042	0.13166	0.03771	0.04216	0.11989	0.01335	0.15943	0.09428	0.09129	0.01889	0.05120	0.04957	0.00822	0.00626	0.00198	0.00754	0.00638	0.00494	0.00925
1	0.00987	0.00772	0.00849	0.00830	0.00999	0.03235	0.00604	0.01234	0.03411	0.03682	0.30841	0.13867	0.26522	0.08022	0.00996	0.00256	0.00397	0.01267	0.00633	0.00598
2	0.01456	0.01146	0.01591	0.01623	0.12238	0.01141	0.04974	0.10211	0.06855	0.06080	0.10229	0.18264	0.04082	0.02740	0.03398	0.00247	0.02345	0.00965	0.00540	0.09875
3	0.00965	0.00709	0.00934	0.01032	0.01182	0.00678	0.00851	0.01224	0.01534	0.02002	0.14037	0.14951	0.15606	0.01753	0.00860	0.00272	0.00492	0.39701	0.00625	0.00592
4	0.26947	0.01235	0.01296	0.01032	0.01492	0.01211	0.02961	0.09877	0.04021	0.02632	0.04055	0.02052	0.09654	0.00747	0.00541	0.00170	0.00519	0.00572	0.00472	0.28515
5	0.07280	0.01608	0.13342	0.01165	0.01764	0.04194	0.01083	0.01912	0.01419	0.08902	0.01370	0.04085	0.01109	0.00614	0.00538	0.00143	0.00603	0.00483	0.00419	0.47966
6	0.00855	0.03958	0.00903	0.00927	0.01003	0.00652	0.00647	0.00987	0.01257	0.01666	0.03479	0.63707	0.06909	0.02228	0.07169	0.00328	0.00513	0.01683	0.00574	0.00554
7	0.00998	0.00793	0.00854	0.00810	0.01040	0.00733	0.00613	0.08973	0.01706	0.02151	0.14223	0.12563	0.49026	0.01565	0.00770	0.00222	0.00380	0.01320	0.00631	0.00627
8	0.01554	0.01776	0.03885	0.02775	0.03441	0.01665	0.70366	0.02109	0.01554	0.02109	0.01332	0.01776	0.00999	0.00555	0.00777	0.00222	0.01110	0.00777	0.00333	0.00888
9	0.01276	0.01204	0.02034	0.69194	0.10364	0.01471	0.01845	0.01711	0.01332	0.01722	0.01176	0.01744	0.00892	0.00652	0.00658	0.00217	0.00869	0.00585	0.00295	0.00758
10	0.00811	0.00579	0.00774	0.00927	0.00969	0.00542	0.00627	0.00932	0.01269	0.01691	0.03624	0.74047	0.04335	0.02054	0.00843	0.00269	0.00390	0.04170	0.00611	0.00537
11	0.02138	0.01152	0.01362	0.01129	0.01519	0.01163	0.00904	0.10277	0.18953	0.31048	0.07300	0.02445	0.01996	0.00860	0.00636	0.00199	0.00507	0.00703	0.14731	0.00977
12	0.00817	0.00583	0.00781	0.00933	0.00978	0.00547	0.00636	0.00942	0.01275	0.01697	0.03620	0.72568	0.04322	0.02049	0.00844	0.00269	0.00395	0.05595	0.00611	0.00539
13	0.02226	0.47565	0.02700	0.01144	0.01686	0.01966	0.01064	0.02454	0.01551	0.29498	0.01571	0.01518	0.01151	0.00661	0.00516	0.00165	0.00648	0.00473	0.00490	0.00952
14	0.02459	0.03138	0.01866	0.01696	0.02035	0.74221	0.01272	0.02629	0.01866	0.01611	0.01018	0.01187	0.00848	0.00678	0.00594	0.00170	0.01187	0.00424	0.00339	0.00763
15	0.00778	0.00667	0.00667	0.00667	0.00889	0.00556	0.00500	0.00945	0.01501	0.01778	0.06669	0.06336	0.72490	0.01667	0.00778	0.00222	0.00333	0.01389	0.00611	0.00556
16	0.02471	0.01611	0.01779	0.01377	0.01868	0.01730	0.01133	0.52802	0.02735	0.16091	0.01808	0.01772	0.01258	0.00793	0.00642	0.00195	0.00660	0.00607	0.07593	0.01076
17	0.01522	0.02025	0.15365	0.08965	0.09113	0.03858	0.45131	0.02077	0.01511	0.02056	0.01275	0.01678	0.00959	0.00582	0.00725	0.00216	0.01042	0.00684	0.00320	0.00898
18	0.00949	0.00716	0.00882	0.00833	0.01012	0.00671	0.00627	0.01329	0.05960	0.02507	0.57608	0.05000	0.16694	0.01371	0.00770	0.00210	0.00327	0.01196	0.00703	0.00636
19	0.08841	0.01007	0.01234	0.01056	0.01401	0.00975	0.00833	0.02415	0.11470	0.32369	0.20318	0.10104	0.03035	0.01065	0.00688	0.00214	0.00469	0.00900	0.00717	0.00890
20	0.00802	0.00573	0.00764	0.00917	0.00955	0.00535	0.00611	0.00917	0.01260	0.01681	0.03628	0.76434	0.04354	0.02062	0.00840	0.00267	0.00382	0.01872	0.00611	0.00535
21	0.78499	0.01295	0.01006	0.00891	0.01302	0.01498	0.00734	0.04554	0.01196	0.02999	0.00942	0.01089	0.00728	0.00618	0.00417	0.00203	0.00517	0.00365	0.00417	0.00728
22	0.00943	0.00638	0.00717	0.00722	0.00735	0.00631	0.00411	0.00955	0.00995	0.01316	0.02362	0.06744	0.06085	0.70555	0.03136	0.00605	0.00614	0.01009	0.00417	0.00411
23	0.01785	0.64250	0.09363	0.01242	0.01821	0.08910	0.01252	0.02040	0.01389	0.01601	0.00947	0.01097	0.00844	0.00579	0.00455	0.00149	0.00770	0.00370	0.00286	0.00849
24	0.00909	0.00649	0.00718	0.00714	0.00784	0.00615	0.00443	0.00978	0.01173	0.01519	0.09053	0.04885	0.20918	0.51117	0.02471	0.00495	0.00532	0.01089	0.00481	0.00458
25	0.72432	0.01255	0.01032	0.00901	0.01320	0.01418	0.00742	0.02082	0.01209	0.11076	0.01111	0.01205	0.00819	0.00635	0.00437	0.00204	0.00515	0.00392	0.00455	0.00760
26	0.05441	0.01365	0.01491	0.01292	0.01698	0.01512	0.01020	0.05798	0.52109	0.16854	0.02546	0.02321	0.01845	0.00861	0.00656	0.00218	0.00536	0.00705	0.00687	0.01046
27	0.00800	0.00581	0.00755	0.00895	0.00949	0.00537	0.00602	0.00919	0.01281	0.01689	0.03891	0.70371	0.10247	0.02028	0.00835	0.00263	0.00378	0.01830	0.00611	0.00537
28	0.01803	0.12088	0.04712	0.07538	0.17801	0.05320	0.01427	0.14500	0.23202	0.02540	0.01677	0.01775	0.01296	0.00724	0.00624	0.00198	0.00715	0.00592	0.00480	0.00989
29	0.03368	0.08812	0.14291	0.07929	0.06226	0.08679	0.10047	0.08893	0.01558	0.02067	0.01547	0.03870	0.04220	0.06966	0.00972	0.00240	0.06493	0.00644	0.00374	0.02805

[dist]
# distance from previous block
# <min> <max>
2	8

[block]
# block no. 2 follows, 33 sequences, length 114
# corresponding to MSA columns:
# 279-392
name=unknown_C
#
# <colnr> <probs for GDERKNQSTAVLIFYWHMCP>
#	G	D	E	R	K	N	Q	S	T	A	V	L	I	F	Y	W	H	M	C	P
0	0.02273	0.02166	0.01740	0.01460	0.01857	0.30093	0.01148	0.33382	0.02380	0.02907	0.05547	0.01704	0.01364	0.00777	0.00621	0.00183	0.00842	0.00563	0.08090	0.00903
1	0.01741	0.03825	0.09205	0.04746	0.06683	0.01353	0.14340	0.07557	0.06251	0.12754	0.04685	0.01843	0.01369	0.00666	0.00635	0.00181	0.00718	0.00607	0.00473	0.20369
2	0.00809	0.00589	0.00749	0.00874	0.00932	0.00544	0.00584	0.00923	0.01271	0.01667	0.03901	0.63328	0.12543	0.06737	0.00991	0.00285	0.00392	0.01755	0.00598	0.00529
3	0.01437	0.01464	0.02264	0.01864	0.01968	0.01914	0.12052	0.01644	0.01101	0.01668	0.01026	0.03922	0.00998	0.01090	0.01904	0.00277	0.61714	0.00649	0.00305	0.00740
4	0.01474	0.09685	0.29084	0.09984	0.07158	0.03169	0.15859	0.02000	0.01470	0.04842	0.05330	0.04271	0.01341	0.00704	0.00658	0.00206	0.00883	0.00642	0.00353	0.00887
5	0.01582	0.01547	0.02398	0.02321	0.16387	0.04915	0.13771	0.01854	0.01292	0.04960	0.01230	0.04901	0.01113	0.00936	0.01415	0.00248	0.37292	0.00669	0.00344	0.00827
6	0.00802	0.00573	0.00764	0.00917	0.00955	0.00535	0.00611	0.00917	0.01260	0.01681	0.03628	0.76434	0.04354	0.02062	0.00840	0.00267	0.00382	0.01872	0.00611	0.00535
7	0.01241	0.01321	0.05871	0.01660	0.15880	0.09141	0.01106	0.01566	0.04174	0.01938	0.07195	0.14734	0.23706	0.01295	0.00737	0.00222	0.00595	0.06381	0.00509	0.00727
8	0.01574	0.03753	0.09574	0.20318	0.07695	0.16092	0.12445	0.01947	0.01457	0.01814	0.01418	0.04158	0.03462	0.00772	0.00825	0.00213	0.09102	0.00636	0.01950	0.00795
9	0.00910	0.00777	0.00800	0.00773	0.00975	0.03809	0.00580	0.01131	0.01654	0.02098	0.31330	0.05573	0.44237	0.01502	0.00769	0.00214	0.00362	0.01272	0.00642	0.00590
10	0.01629	0.01564	0.02672	0.04041	0.72757	0.01564	0.02020	0.02020	0.01499	0.02151	0.01238	0.01629	0.01043	0.00587	0.00652	0.00196	0.00782	0.00587	0.00326	0.01043
11	0.01678	0.01573	0.02639	0.12337	0.48136	0.01620	0.09569	0.10206	0.01674	0.02328	0.01281	0.01655	0.01027	0.00616	0.00667	0.00202	0.00824	0.00608	0.00362	0.00996
12	0.01657	0.01887	0.03350	0.02643	0.08859	0.10391	0.49320	0.02110	0.01531	0.01999	0.01238	0.01659	0.00971	0.00634	0.00887	0.00220	0.08750	0.00698	0.00329	0.00869
13	0.00778	0.00667	0.00667	0.00667	0.00889	0.00556	0.00500	0.00945	0.01501	0.01778	0.06669	0.06336	0.72490	0.01667	0.00778	0.00222	0.00333	0.01389	0.00611	0.00556
14	0.00957	0.00638	0.00718	0.00718	0.00718	0.00638	0.00399	0.00957	0.00957	0.01276	0.02074	0.04308	0.02393	0.76864	0.03351	0.00638	0.00638	0.00957	0.00399	0.00399
15	0.01612	0.07341	0.02359	0.05503	0.18441	0.05034	0.05564	0.01861	0.01265	0.04607	0.01072	0.01509	0.00942	0.00885	0.01402	0.00240	0.38637	0.00570	0.00322	0.00833
16	0.01451	0.01192	0.01391	0.00999	0.01580	0.00920	0.00802	0.04048	0.01439	0.04319	0.01226	0.01398	0.00999	0.00508	0.00499	0.00104	0.00498	0.00405	0.00412	0.75812
17	0.00886	0.00616	0.00751	0.00818	0.00853	0.00593	0.00519	0.00961	0.01158	0.01541	0.05836	0.35441	0.06002	0.37060	0.02013	0.00438	0.00503	0.03018	0.00516	0.00477
18	0.00952	0.00660	0.00829	0.00829	0.00868	0.00699	0.00538	0.01029	0.00990	0.01359	0.01973	0.03745	0.02149	0.53339	0.26541	0.00776	0.01006	0.00875	0.00384	0.00461
19	0.00818	0.00585	0.00783	0.00935	0.00981	0.00549	0.00639	0.00945	0.01276	0.01699	0.03619	0.72099	0.04319	0.02047	0.00845	0.00270	0.00396	0.06046	0.00611	0.00539
20	0.01991	0.02001	0.01661	0.01471	0.01850	0.24369	0.01137	0.10747	0.42104	0.02553	0.02037	0.01961	0.01547	0.00814	0.00645	0.00204	0.00752	0.00627	0.00565	0.00964
21	0.00957	0.00638	0.00718	0.00718	0.00718	0.00638	0.00399	0.00957	0.00957	0.01276	0.02074	0.04308	0.02393	0.76864	0.03351	0.00638	0.00638	0.00957	0.00399	0.00399
22	0.01403	0.01193	0.01386	0.00993	0.01576	0.00917	0.00796	0.03978	0.01423	0.02213	0.01184	0.01372	0.00980	0.00498	0.00493	0.00101	0.00496	0.00397	0.00399	0.78203
23	0.00973	0.00663	0.00785	0.00816	0.00852	0.00660	0.00534	0.01038	0.01083	0.01428	0.02473	0.04983	0.04457	0.59944	0.02797	0.00561	0.00624	0.14439	0.00446	0.00444
24	0.00846	0.00592	0.00751	0.00860	0.00887	0.00564	0.00551	0.00928	0.01174	0.01565	0.03185	0.55838	0.03794	0.23423	0.01557	0.00373	0.00455	0.01610	0.00551	0.00496
25	0.01760	0.77260	0.03450	0.01126	0.01690	0.02605	0.01126	0.01971	0.01338	0.01549	0.00915	0.01056	0.00845	0.00563	0.00422	0.00141	0.00704	0.00352	0.00282	0.00845
26	0.01098	0.00895	0.01295	0.14134	0.04109	0.00959	0.03120	0.06222	0.01443	0.01923	0.04369	0.41960	0.05483	0.01546	0.00851	0.00250	0.04129	0.05033	0.00528	0.00654
27	0.00817	0.00579	0.00759	0.00898	0.00932	0.00545	0.00591	0.00921	0.01231	0.01642	0.03479	0.69488	0.04165	0.09267	0.01082	0.00303	0.00407	0.01783	0.00591	0.00522
28	0.04009	0.01279	0.01431	0.01111	0.03508	0.04168	0.00855	0.01717	0.01371	0.02129	0.01147	0.01357	0.00959	0.00525	0.00550	0.00113	0.03023	0.00402	0.00383	0.69962
29	0.00789	0.00646	0.00689	0.00721	0.00898	0.00554	0.00520	0.00939	0.01432	0.01742	0.05879	0.21060	0.55852	0.04177	0.00874	0.00245	0.00354	0.01477	0.00604	0.00546
30	0.01372	0.01186	0.01441	0.03832	0.04596	0.00927	0.00870	0.01673	0.01369	0.02128	0.01173	0.01390	0.00974	0.00498	0.00501	0.00106	0.00514	0.00405	0.00384	0.74660
31	0.02334	0.01690	0.02221	0.01744	0.04375	0.01776	0.12647	0.45675	0.02574	0.13124	0.01730	0.01896	0.01254	0.00782	0.00687	0.00206	0.00764	0.02846	0.00614	0.01062
32	0.01243	0.01170	0.01975	0.75282	0.04534	0.01463	0.01828	0.01682	0.01316	0.01682	0.01170	0.01755	0.00878	0.00658	0.00658	0.00219	0.00878	0.00585	0.00293	0.00731
33	0.01391	0.01352	0.02374	0.17759	0.28517	0.01387	0.15434	0.01857	0.04580	0.02059	0.06658	0.05692	0.06403	0.00802	0.00705	0.00213	0.00775	0.00786	0.00395	0.00862
34	0.01431	0.01411	0.04554	0.27990	0.38356	0.01458	0.01829	0.01899	0.04494	0.01987	0.01460	0.05319	0.01265	0.00734	0.00671	0.00212	0.00785	0.02898	0.00350	0.00896
35	0.20493	0.01162	0.01402	0.01107	0.01590	0.01098	0.00912	0.02931	0.03401	0.55793	0.02223	0.01984	0.01434	0.00771	0.00605	0.00204	0.00548	0.00596	0.00720	0.01027
36	0.01082	0.00856	0.01223	0.26042	0.04968	0.00955	0.00948	0.01246	0.01101	0.01449	0.01734	0.03336	0.01826	0.47987	0.02330	0.00479	0.00725	0.00816	0.00360	0.00538
37	0.01502	0.03911	0.10993	0.13769	0.30397	0.01490	0.11968	0.03782	0.01526	0.03677	0.03793	0.02146	0.04195	0.00721	0.00680	0.00209	0.00819	0.03139	0.00369	0.00913
38	0.01615	0.45930	0.11047	0.01345	0.01870	0.07746	0.05582	0.01907	0.01362	0.01654	0.01190	0.04341	0.01090	0.01163	0.09350	0.00271	0.00913	0.00503	0.00311	0.00813
39	0.00909	0.00672	0.00848	0.00804	0.00969	0.00611	0.00603	0.01198	0.01810	0.02512	0.62632	0.05128	0.16070	0.01394	0.00777	0.00209	0.00314	0.01220	0.00708	0.00611
40	0.01729	0.02591	0.43851	0.01783	0.06899	0.04581	0.01898	0.06007	0.01619	0.15474	0.03244	0.01846	0.04075	0.00728	0.00644	0.00205	0.00839	0.00581	0.00428	0.00979
41	0.01877	0.13762	0.11844	0.06247	0.13659	0.05136	0.06126	0.19249	0.01854	0.06149	0.01329	0.01547	0.01024	0.00823	0.03072	0.00224	0.04152	0.00551	0.00420	0.00956
42	0.00957	0.00638	0.00718	0.00718	0.00718	0.00638	0.00399	0.00957	0.00957	0.01276	0.02074	0.04308	0.02393	0.76864	0.03351	0.00638	0.00638	0.00957	0.00399	0.00399
43	0.01243	0.01170	0.01975	0.75282	0.04534	0.01463	0.01828	0.01682	0.01316	0.01682	0.01170	0.01755	0.00878	0.00658	0.00658	0.00219	0.00878	0.00585	0.00293	0.00731
44	0.05946	0.08201	0.19296	0.16003	0.13371	0.08447	0.03944	0.07575	0.04674	0.04609	0.01288	0.01536	0.00977	0.00654	0.00615	0.00199	0.00850	0.00532	0.00369	0.00911
45	0.01273	0.06204	0.13529	0.01290	0.01670	0.04016	0.07151	0.06717	0.01570	0.02121	0.06821	0.19170	0.10986	0.01218	0.00709	0.00220	0.00624	0.06256	0.07722	0.00732
46	0.00807	0.00577	0.00769	0.00913	0.00956	0.00538	0.00612	0.00930	0.01284	0.01719	0.06373	0.73581	0.04428	0.02034	0.00838	0.00265	0.00379	0.01844	0.00616	0.00538
47	0.00913	0.00659	0.00859	0.00860	0.00991	0.00613	0.00636	0.01173	0.01691	0.02352	0.51236	0.18014	0.07562	0.04104	0.00885	0.00239	0.00354	0.05584	0.00682	0.00595
48	0.01847	0.23963	0.07358	0.04936	0.17413	0.01889	0.07540	0.10812	0.07797	0.08200	0.01428	0.01580	0.01104	0.00654	0.00597	0.00187	0.00756	0.00549	0.00422	0.00970
49	0.01603	0.01652	0.12485	0.23564	0.16175	0.01538	0.01693	0.04287	0.13479	0.08535	0.01560	0.01811	0.01170	0.00738	0.00775	0.00217	0.06770	0.00605	0.00419	0.00925
50	0.00923	0.00673	0.00868	0.00819	0.00978	0.00617	0.00614	0.01225	0.01843	0.02591	0.68677	0.04998	0.09975	0.01364	0.00777	0.00208	0.00312	0.01202	0.00718	0.00617
51	0.01415	0.05248	0.09059	0.25701	0.07230	0.01618	0.27702	0.01883	0.01391	0.01885	0.01226	0.01702	0.00958	0.00819	0.03821	0.00254	0.06309	0.00642	0.00310	0.00828
52	0.01713	0.23396	0.09243	0.06775	0.18191	0.05872	0.09048	0.04476	0.05978	0.04096	0.01262	0.01504	0.01015	0.00648	0.00663	0.00190	0.04122	0.00534	0.00354	0.00919
53	0.01917	0.09660	0.16459	0.04222	0.02583	0.26819	0.18353	0.08454	0.01741	0.02051	0.01172	0.01411	0.00907	0.00637	0.00636	0.00191	0.01030	0.00536	0.00348	0.00873
54	0.00843	0.00607	0.00808	0.00954	0.01018	0.00572	0.00679	0.00990	0.01312	0.01732	0.03740	0.62158	0.07271	0.02006	0.00849	0.00271	0.00416	0.12618	0.00610	0.00547
55	0.00834	0.00669	0.00744	0.00726	0.00924	0.00580	0.00544	0.01053	0.01633	0.02092	0.30574	0.05820	0.48390	0.01550	0.00777	0.00217	0.00325	0.01317	0.00653	0.00580
56	0.01750	0.13792	0.11504	0.01977	0.15953	0.21144	0.01476	0.02234	0.09095	0.01916	0.01686	0.01981	0.05619	0.00782	0.00679	0.00194	0.03919	0.03051	0.00380	0.00868
57	0.02404	0.03022	0.01840	0.01672	0.02014	0.69363	0.01257	0.02687	0.06531	0.01688	0.01129	0.01272	0.00926	0.00693	0.00599	0.00173	0.01143	0.00445	0.00361	0.00782
58	0.00942	0.00701	0.01034	0.01034	0.01143	0.00810	0.00792	0.01160	0.01051	0.01510	0.01786	0.02710	0.01699	0.10095	0.69171	0.01028	0.01683	0.00723	0.00356	0.00574
59	0.01690	0.01761	0.04660	0.06494	0.49009	0.09354	0.04059	0.02257	0.10121	0.02143	0.01390	0.01686	0.01125	0.00637	0.00651	0.00198	0.00814	0.00592	0.00367	0.00992
60	0.00954	0.00650	0.00777	0.00777	0.00798	0.00670	0.00473	0.00995	0.00975	0.01320	0.02020	0.04009	0.02263	0.64366	0.15671	0.00711	0.00834	0.00914	0.00391	0.00432
61	0.01320	0.03405	0.73453	0.01876	0.02849	0.01529	0.02432	0.02085	0.01390	0.02085	0.01181	0.01390	0.00834	0.00625	0.00625	0.00208	0.00973	0.00486	0.00278	0.00973
62	0.01554	0.01776	0.03885	0.02775	0.03441	0.01665	0.70366	0.02109	0.01554	0.02109	0.01332	0.01776	0.00999	0.00555	0.00777	0.00222	0.01110	0.00777	0.00333	0.00888
63	0.01671	0.01378	0.01465	0.01311	0.01685	0.01574	0.01022	0.03406	0.66223	0.05951	0.02798	0.02566	0.04158	0.00913	0.00673	0.00222	0.00517	0.00760	0.00675	0.01031
