[name]
unknown

[dist]
# distance from previous block
# <min> <max>
0	58

[block]
# block no. 0 follows, 34 sequences, length 30
# corresponding to MSA columns:
# 63-92
name=unknown_A
#
# <colnr> <probs for GDERKNQSTAVLIFYWHMCP>
#	G	D	E	R	K	N	Q	S	T	A	V	L	I	F	Y	W	H	M	C	P
0	0.01523	0.06665	0.09237	0.01333	0.06448	0.01102	0.01070	0.09647	0.01656	0.13828	0.09809	0.25232	0.04470	0.01233	0.00706	0.00219	0.00555	0.03897	0.00571	0.00799
1	0.02124	0.08368	0.14999	0.01549	0.06541	0.12106	0.01344	0.08615	0.05619	0.25058	0.05953	0.01869	0.01486	0.00744	0.00620	0.00191	0.00737	0.00583	0.00533	0.00961
2	0.07718	0.16781	0.02059	0.06810	0.08218	0.12106	0.03359	0.11240	0.06560	0.04450	0.05607	0.05238	0.01464	0.00752	0.00583	0.00182	0.00713	0.00595	0.00438	0.05126
3	0.11668	0.08988	0.01449	0.01046	0.01420	0.03515	0.00853	0.15748	0.01775	0.04290	0.14420	0.07778	0.08276	0.00972	0.00615	0.00185	0.00527	0.03059	0.00534	0.12880
4	0.01866	0.02357	0.16699	0.01600	0.04132	0.27181	0.01401	0.14132	0.08349	0.02273	0.04865	0.04649	0.01420	0.01022	0.04990	0.00242	0.00932	0.00600	0.00433	0.00860
5	0.01657	0.20129	0.12596	0.03848	0.08341	0.08651	0.01332	0.11999	0.07004	0.02151	0.01503	0.06928	0.01316	0.02449	0.04701	0.00240	0.00797	0.00607	0.02895	0.00857
6	0.01192	0.00846	0.00986	0.00907	0.01141	0.00814	0.00698	0.10065	0.04172	0.06583	0.27354	0.12409	0.25334	0.01394	0.00749	0.00216	0.00401	0.03396	0.00657	0.00685
7	0.01381	0.06596	0.03695	0.01013	0.01494	0.01028	0.00840	0.05421	0.03821	0.04658	0.01958	0.10637	0.07040	0.00801	0.00562	0.00145	0.00501	0.00663	0.00453	0.47291
8	0.01690	0.03172	0.12974	0.02014	0.15089	0.01428	0.11954	0.12716	0.06190	0.09060	0.05181	0.03856	0.03245	0.02201	0.00711	0.00207	0.00734	0.01739	0.00471	0.05368
9	0.01825	0.06844	0.05675	0.01597	0.11073	0.03639	0.01192	0.18149	0.04215	0.13896	0.03203	0.03540	0.06281	0.01466	0.11875	0.00326	0.00825	0.02960	0.00522	0.00899
10	0.00814	0.00603	0.00743	0.00842	0.00927	0.00555	0.00584	0.00941	0.01281	0.01653	0.04110	0.48132	0.20369	0.09319	0.01057	0.00290	0.00404	0.06276	0.00579	0.00521
11	0.01339	0.01742	0.20456	0.22415	0.17187	0.01350	0.01718	0.06661	0.01542	0.02148	0.11170	0.06112	0.01804	0.00800	0.00662	0.00207	0.00753	0.00700	0.00391	0.00843
12	0.45480	0.14765	0.05873	0.01167	0.03262	0.09758	0.01000	0.05816	0.03876	0.02504	0.01030	0.01167	0.00818	0.00619	0.00463	0.00186	0.00651	0.00395	0.00384	0.00783
13	0.01519	0.03428	0.04394	0.04438	0.18511	0.09791	0.07373	0.01872	0.04710	0.01832	0.01553	0.01901	0.06124	0.00993	0.03535	0.00250	0.24432	0.00630	0.01907	0.00808
14	0.01588	0.01523	0.02602	0.06150	0.71167	0.01532	0.01977	0.01973	0.01466	0.02097	0.01213	0.01603	0.01019	0.00578	0.00640	0.00193	0.00770	0.00576	0.00319	0.01014
15	0.00923	0.00692	0.01038	0.01038	0.01154	0.00808	0.00808	0.01154	0.01038	0.01500	0.01731	0.02538	0.01615	0.04846	0.74732	0.01038	0.01731	0.00692	0.00346	0.00577
16	0.01323	0.01130	0.01321	0.00955	0.01513	0.00851	0.00760	0.01604	0.01337	0.02091	0.01224	0.03691	0.01060	0.00527	0.00489	0.00101	0.00475	0.00428	0.00390	0.78730
17	0.02881	0.01128	0.01517	0.01163	0.01664	0.00992	0.00961	0.05867	0.01897	0.70924	0.02509	0.02173	0.01579	0.00799	0.00650	0.00200	0.00556	0.00647	0.00794	0.01100
18	0.01572	0.01508	0.02574	0.09071	0.68367	0.01528	0.01970	0.01959	0.01458	0.02078	0.01211	0.01608	0.01012	0.00581	0.00640	0.00194	0.00774	0.00576	0.00318	0.01002
19	0.01797	0.03670	0.24043	0.06643	0.02285	0.01293	0.07115	0.08502	0.01649	0.21278	0.01938	0.07779	0.03088	0.00831	0.00658	0.00206	0.00738	0.02348	0.00498	0.03641
20	0.01414	0.01414	0.01979	0.01696	0.01696	0.01979	0.01414	0.01555	0.00990	0.01555	0.00848	0.01414	0.00848	0.01131	0.02120	0.00283	0.76110	0.00565	0.00283	0.00707
21	0.02160	0.02260	0.01507	0.01363	0.01671	0.48484	0.01030	0.02359	0.01719	0.10196	0.01596	0.04107	0.02896	0.00765	0.00579	0.00172	0.00891	0.00546	0.14947	0.00751
22	0.01201	0.01005	0.05486	0.10918	0.05910	0.00923	0.01020	0.07396	0.01477	0.05422	0.03966	0.40380	0.02903	0.01419	0.00735	0.00234	0.00535	0.03469	0.04912	0.00690
23	0.01645	0.01704	0.02153	0.17026	0.34301	0.15900	0.02857	0.02115	0.07494	0.01995	0.05500	0.01799	0.01332	0.00676	0.00641	0.00195	0.00821	0.00595	0.00368	0.00883
24	0.00934	0.00682	0.00865	0.00817	0.00967	0.00641	0.00604	0.01263	0.04052	0.02473	0.63524	0.04748	0.07768	0.06720	0.00938	0.00234	0.00335	0.01144	0.00683	0.00606
25	0.01630	0.01556	0.02652	0.03809	0.67107	0.01558	0.05246	0.04719	0.01536	0.02186	0.01233	0.01604	0.01024	0.00582	0.00646	0.00193	0.00781	0.00585	0.00333	0.01019
26	0.05233	0.16406	0.14340	0.02213	0.22457	0.05235	0.06199	0.11961	0.01642	0.02253	0.01304	0.05511	0.01114	0.00689	0.00598	0.00189	0.00783	0.00580	0.00371	0.00921
27	0.01189	0.01077	0.01396	0.03869	0.08433	0.05099	0.03174	0.01367	0.01242	0.01695	0.02443	0.19875	0.10279	0.10904	0.01375	0.00285	0.18669	0.01001	0.05989	0.00638
28	0.00855	0.00595	0.00751	0.00849	0.00880	0.00573	0.00554	0.00939	0.01149	0.01529	0.03025	0.47624	0.03575	0.28072	0.01682	0.00391	0.00475	0.05473	0.00527	0.00483
29	0.01204	0.00920	0.01168	0.01222	0.05146	0.04315	0.03587	0.06250	0.01498	0.06163	0.08035	0.44564	0.05047	0.04602	0.00872	0.00254	0.00507	0.03414	0.00576	0.00655

[dist]
# distance from previous block
# <min> <max>
0	9

[block]
# block no. 1 follows, 34 sequences, length 37
# corresponding to MSA columns:
# 102-138
name=unknown_B
#
# <colnr> <probs for GDERKNQSTAVLIFYWHMCP>
#	G	D	E	R	K	N	Q	S	T	A	V	L	I	F	Y	W	H	M	C	P
0	0.01647	0.10967	0.18389	0.03561	0.05811	0.01312	0.01299	0.06003	0.03284	0.14828	0.05007	0.04834	0.07118	0.00806	0.00606	0.00184	0.00639	0.00655	0.03496	0.09552
1	0.07431	0.07283	0.17561	0.01757	0.10202	0.01664	0.04849	0.22921	0.08270	0.02774	0.05857	0.01853	0.03269	0.00743	0.00621	0.00197	0.00720	0.00604	0.00473	0.00950
2	0.02008	0.06834	0.07878	0.01785	0.11868	0.12660	0.01346	0.26224	0.09232	0.04681	0.01468	0.01598	0.01127	0.02284	0.00663	0.00192	0.00764	0.00543	0.00482	0.06362
3	0.01586	0.01244	0.01349	0.01188	0.01525	0.01381	0.00929	0.10864	0.44119	0.05140	0.13819	0.02837	0.05291	0.00957	0.00666	0.00210	0.00486	0.00799	0.04681	0.00929
4	0.19849	0.01131	0.01354	0.01081	0.01539	0.01081	0.00887	0.02821	0.05542	0.51809	0.04840	0.02061	0.01594	0.00780	0.00600	0.00201	0.00528	0.00609	0.00702	0.00990
5	0.00860	0.00631	0.00725	0.00740	0.00836	0.00584	0.00492	0.00979	0.01298	0.01695	0.16088	0.16275	0.23924	0.30053	0.01721	0.00376	0.00443	0.01244	0.00541	0.00496
6	0.00905	0.00616	0.00733	0.00763	0.00781	0.00610	0.00460	0.00950	0.01043	0.01401	0.05231	0.19782	0.02888	0.55428	0.05246	0.00546	0.00599	0.01133	0.00448	0.00436
7	0.00784	0.00644	0.00690	0.00701	0.00891	0.00550	0.00517	0.00957	0.01486	0.01830	0.13751	0.14362	0.57308	0.01646	0.00771	0.00222	0.00330	0.01397	0.00613	0.00550
8	0.02422	0.01102	0.01415	0.01119	0.01564	0.01012	0.00910	0.06211	0.08348	0.50594	0.09702	0.02424	0.02045	0.00843	0.00647	0.00195	0.00517	0.00693	0.03396	0.04839
9	0.81856	0.01250	0.00950	0.00850	0.01250	0.01449	0.00700	0.01899	0.01100	0.02899	0.00900	0.01050	0.00700	0.00600	0.00400	0.00200	0.00500	0.00350	0.00400	0.00700
10	0.12784	0.02938	0.48414	0.01651	0.02401	0.14977	0.01901	0.02155	0.01427	0.04107	0.01133	0.01307	0.00827	0.00627	0.00579	0.00197	0.00919	0.00453	0.00317	0.00885
11	0.01472	0.02397	0.38287	0.01832	0.07745	0.04488	0.07066	0.05300	0.03395	0.04755	0.04420	0.01834	0.03884	0.00714	0.00680	0.00199	0.03310	0.00587	0.03535	0.04100
12	0.00971	0.00764	0.00881	0.00906	0.01043	0.03416	0.00662	0.04055	0.01579	0.02095	0.27318	0.33828	0.13483	0.01620	0.00782	0.00232	0.00400	0.04743	0.00629	0.00592
13	0.01311	0.03253	0.70435	0.01946	0.06264	0.01502	0.02367	0.02043	0.01369	0.02049	0.01162	0.01376	0.00829	0.00612	0.00615	0.00204	0.00946	0.00482	0.00275	0.00958
14	0.35561	0.01256	0.01216	0.00959	0.01446	0.03111	0.00777	0.03735	0.01335	0.07931	0.01157	0.01284	0.00898	0.00567	0.00466	0.00152	0.00517	0.00395	0.00427	0.36810
15	0.01301	0.01358	0.01138	0.07107	0.01495	0.20953	0.00836	0.01507	0.01623	0.01878	0.20471	0.03997	0.28904	0.01232	0.00759	0.02731	0.00602	0.00967	0.00518	0.00623
16	0.01599	0.01535	0.02623	0.03966	0.73262	0.01535	0.01983	0.01983	0.01471	0.02111	0.01215	0.01599	0.01023	0.00576	0.00640	0.00192	0.00768	0.00576	0.00320	0.01023
17	0.00923	0.00692	0.01038	0.01038	0.01154	0.00808	0.00808	0.01154	0.01038	0.01500	0.01731	0.02538	0.01615	0.04846	0.74732	0.01038	0.01731	0.00692	0.00346	0.00577
18	0.01303	0.00697	0.00707	0.00672	0.00851	0.00712	0.00513	0.06961	0.01487	0.02539	0.02064	0.02342	0.01612	0.00755	0.00467	0.00154	0.00333	0.00601	0.74591	0.00641
19	0.01727	0.77681	0.03386	0.01106	0.01658	0.02557	0.01106	0.01935	0.01313	0.01520	0.00898	0.01036	0.00829	0.00553	0.00415	0.00138	0.00691	0.00345	0.00276	0.00829
20	0.07251	0.01394	0.02133	0.01674	0.02129	0.01439	0.24935	0.02527	0.30471	0.05873	0.02540	0.02552	0.10447	0.00835	0.00688	0.00216	0.00688	0.00790	0.00525	0.00892
21	0.01720	0.05450	0.03279	0.01351	0.01726	0.07327	0.03867	0.14027	0.38024	0.02554	0.02073	0.02284	0.01663	0.10612	0.00978	0.00259	0.00653	0.00684	0.00555	0.00915
22	0.01523	0.01460	0.02476	0.17183	0.58254	0.01531	0.01930	0.01908	0.01423	0.02008	0.01191	0.01616	0.00988	0.00606	0.00688	0.00199	0.03171	0.00575	0.00313	0.00957
23	0.01610	0.07849	0.16964	0.01384	0.04097	0.03201	0.04011	0.02095	0.06286	0.11315	0.01484	0.03602	0.01161	0.00635	0.00565	0.00158	0.00656	0.00520	0.00424	0.31983
24	0.00939	0.00630	0.00724	0.00724	0.00731	0.00637	0.00416	0.00952	0.00945	0.01267	0.02018	0.04131	0.02307	0.73099	0.07424	0.00650	0.00690	0.00925	0.00389	0.00402
25	0.01220	0.01148	0.01938	0.75739	0.04450	0.01436	0.01794	0.01651	0.01292	0.01651	0.01148	0.01723	0.00861	0.00646	0.00646	0.00215	0.00861	0.00574	0.00287	0.00718
26	0.01525	0.01743	0.03813	0.02723	0.03377	0.01634	0.70915	0.02070	0.01525	0.02070	0.01307	0.01743	0.00980	0.00545	0.00763	0.00218	0.01089	0.00763	0.00327	0.00871
27	0.02160	0.08438	0.15246	0.01650	0.02121	0.52949	0.01447	0.05323	0.01759	0.01768	0.01044	0.01209	0.00841	0.00653	0.00579	0.00173	0.01073	0.00429	0.00331	0.00808
28	0.01245	0.01196	0.02088	0.69912	0.04365	0.01451	0.07311	0.01684	0.01311	0.01684	0.01161	0.01724	0.00871	0.00638	0.00655	0.00216	0.00880	0.00589	0.00290	0.00730
29	0.00923	0.00692	0.01038	0.01038	0.01154	0.00808	0.00808	0.01154	0.01038	0.01500	0.01731	0.02538	0.01615	0.04846	0.74732	0.01038	0.01731	0.00692	0.00346	0.00577
30	0.00939	0.00630	0.00721	0.00721	0.00726	0.00635	0.00411	0.00950	0.00944	0.01265	0.02021	0.04148	0.02314	0.73845	0.06689	0.00646	0.00679	0.00928	0.00389	0.00400
31	0.00927	0.00675	0.00951	0.00951	0.01036	0.00760	0.00699	0.01098	0.01013	0.01435	0.01811	0.02981	0.01808	0.23832	0.56009	0.00930	0.01441	0.00757	0.00358	0.00528
32	0.00975	0.00768	0.01138	0.01108	0.01211	0.00931	0.00872	0.01196	0.01033	0.01506	0.01638	0.02420	0.01534	0.04454	0.67077	0.00959	0.09572	0.00679	0.00339	0.00591
33	0.00792	0.00564	0.00748	0.00893	0.00929	0.00528	0.00593	0.00901	0.01227	0.01636	0.03509	0.74395	0.04208	0.04589	0.00909	0.00275	0.00383	0.01806	0.00593	0.00520
34	0.02241	0.01703	0.01818	0.01443	0.01922	0.01903	0.01176	0.53974	0.20522	0.03725	0.01824	0.01769	0.01320	0.00801	0.00649	0.00200	0.00660	0.00619	0.00649	0.01080
35	0.81856	0.01250	0.00950	0.00850	0.01250	0.01449	0.00700	0.01899	0.01100	0.02899	0.00900	0.01050	0.00700	0.00600	0.00400	0.00200	0.00500	0.00350	0.00400	0.00700
36	0.01035	0.00678	0.00799	0.00770	0.00931	0.00656	0.00576	0.01409	0.05496	0.02468	0.40852	0.06803	0.07026	0.01153	0.00659	0.00190	0.00319	0.00996	0.26560	0.00624

[dist]
# distance from previous block
# <min> <max>
0	1

[block]
# block no. 2 follows, 34 sequences, length 60
# corresponding to MSA columns:
# 140-199
name=unknown_C
#
# <colnr> <probs for GDERKNQSTAVLIFYWHMCP>
#	G	D	E	R	K	N	Q	S	T	A	V	L	I	F	Y	W	H	M	C	P
0	0.01961	0.47978	0.05351	0.01335	0.01822	0.28666	0.01203	0.02173	0.01503	0.01561	0.00944	0.01095	0.00830	0.00596	0.00483	0.00151	0.00872	0.00376	0.00297	0.00805
1	0.00771	0.00646	0.00670	0.00682	0.00882	0.00546	0.00505	0.00935	0.01464	0.01766	0.08543	0.12506	0.64555	0.01660	0.00769	0.00222	0.00331	0.01399	0.00604	0.00546
2	0.01449	0.01145	0.01351	0.00971	0.01540	0.00868	0.00779	0.01734	0.01376	0.07123	0.01247	0.01400	0.01002	0.00501	0.00491	0.00103	0.00484	0.00402	0.00412	0.75626
3	0.51415	0.01313	0.01165	0.00998	0.01400	0.04274	0.00810	0.09863	0.01478	0.14080	0.01397	0.05094	0.01092	0.00728	0.00497	0.00200	0.00547	0.00506	0.02344	0.00799
4	0.02143	0.01396	0.01530	0.01212	0.01625	0.01494	0.00988	0.43982	0.02458	0.11511	0.05341	0.01984	0.01532	0.00800	0.00608	0.00185	0.00579	0.00623	0.19049	0.00961
5	0.02168	0.01372	0.01583	0.01269	0.01682	0.01448	0.01029	0.37110	0.05133	0.18991	0.08780	0.02360	0.01876	0.04387	0.05968	0.00277	0.00693	0.02249	0.00654	0.00971
6	0.00919	0.00702	0.00830	0.00860	0.01007	0.00664	0.00619	0.04551	0.04494	0.01997	0.15699	0.37380	0.24510	0.01684	0.00781	0.00234	0.00372	0.01479	0.00623	0.00594
7	0.00827	0.00589	0.00750	0.00856	0.00906	0.00555	0.00571	0.00936	0.01230	0.01633	0.06390	0.54594	0.07876	0.15453	0.01262	0.00324	0.00421	0.03752	0.00567	0.00508
8	0.00931	0.00640	0.00783	0.00788	0.00816	0.00665	0.00494	0.00988	0.00972	0.01323	0.02015	0.06185	0.02242	0.58114	0.19723	0.00710	0.00874	0.00911	0.00388	0.00439
9	0.01922	0.41813	0.02554	0.01310	0.01733	0.30956	0.01121	0.02105	0.01512	0.01555	0.01157	0.07309	0.01113	0.00718	0.00515	0.00160	0.00853	0.00496	0.00325	0.00772
10	0.04791	0.00674	0.00745	0.00765	0.00839	0.00686	0.00500	0.01200	0.03920	0.01702	0.02324	0.16001	0.02493	0.40548	0.02001	0.00425	0.00509	0.03309	0.16063	0.00501
11	0.07482	0.01697	0.05145	0.02544	0.33975	0.07820	0.01543	0.13299	0.01729	0.07738	0.02899	0.01603	0.01131	0.00683	0.00705	0.00194	0.05281	0.00555	0.00422	0.03556
12	0.01806	0.06165	0.01971	0.01663	0.07185	0.05113	0.07378	0.18448	0.34435	0.02750	0.02017	0.04909	0.01583	0.00818	0.00652	0.00206	0.00663	0.00694	0.00560	0.00983
13	0.05514	0.33075	0.29471	0.01550	0.04952	0.08655	0.01619	0.04966	0.01449	0.01921	0.01046	0.01216	0.00838	0.00599	0.00523	0.00173	0.00828	0.00421	0.00304	0.00882
14	0.04710	0.01623	0.05976	0.09579	0.50052	0.03538	0.04222	0.04330	0.03754	0.04174	0.01285	0.01611	0.01029	0.00608	0.00634	0.00196	0.00781	0.00571	0.00353	0.00973
15	0.00848	0.00608	0.00793	0.00921	0.00976	0.00578	0.00623	0.03447	0.01302	0.01737	0.03488	0.74138	0.04158	0.01979	0.00818	0.00260	0.00387	0.01791	0.00601	0.00546
16	0.01394	0.01180	0.01258	0.01156	0.01465	0.01312	0.00889	0.04364	0.50090	0.02492	0.06600	0.09192	0.13643	0.01110	0.00693	0.00221	0.00466	0.00939	0.00646	0.00889
17	0.04826	0.00601	0.00765	0.00893	0.00954	0.00575	0.00605	0.00965	0.01260	0.01758	0.06870	0.69526	0.04186	0.01919	0.00800	0.00256	0.00378	0.01730	0.00595	0.00538
18	0.00933	0.00628	0.00723	0.00726	0.00735	0.00629	0.00419	0.00954	0.00977	0.01311	0.04023	0.06532	0.02488	0.70175	0.05700	0.00618	0.00649	0.00966	0.00405	0.00408
19	0.00786	0.00567	0.00745	0.00888	0.00934	0.00526	0.00595	0.00901	0.01248	0.01654	0.03701	0.73557	0.07497	0.02006	0.00822	0.00260	0.00373	0.01815	0.00600	0.00526
20	0.01340	0.01148	0.01340	0.00957	0.01531	0.00861	0.00766	0.01627	0.01340	0.02105	0.01148	0.01340	0.00957	0.00479	0.00479	0.00096	0.00479	0.00383	0.00383	0.81242
21	0.01903	0.36971	0.09653	0.01380	0.01872	0.29832	0.01260	0.02147	0.01514	0.01617	0.01061	0.03715	0.00951	0.00650	0.00514	0.00159	0.00881	0.00438	0.00312	0.03171
22	0.00864	0.00658	0.00793	0.00759	0.00934	0.00588	0.00570	0.01121	0.01709	0.02306	0.50514	0.05296	0.28682	0.01427	0.00763	0.00208	0.00312	0.01234	0.00674	0.00588
23	0.01777	0.62777	0.09777	0.01216	0.01788	0.07558	0.01230	0.02033	0.01373	0.04075	0.00987	0.01116	0.00855	0.00575	0.00453	0.00149	0.00745	0.00373	0.00298	0.00845
24	0.01386	0.06882	0.26309	0.01539	0.05455	0.01291	0.04670	0.06484	0.03666	0.03597	0.01333	0.01743	0.01096	0.01603	0.11596	0.18786	0.00914	0.00556	0.00341	0.00754
25	0.01514	0.40837	0.38356	0.01470	0.02222	0.02033	0.01741	0.01990	0.01338	0.01781	0.01028	0.01199	0.00824	0.00583	0.00513	0.00171	0.00822	0.00411	0.00275	0.00891
26	0.01841	0.65660	0.03146	0.01180	0.01713	0.08065	0.01127	0.07708	0.01496	0.01736	0.00960	0.01089	0.00852	0.00580	0.00447	0.00145	0.00729	0.00370	0.00311	0.00845
27	0.00874	0.00659	0.00807	0.00770	0.00940	0.00592	0.00577	0.01140	0.01732	0.02362	0.54934	0.05204	0.24227	0.01406	0.00763	0.00207	0.00311	0.01221	0.00681	0.00592
28	0.00945	0.00700	0.00911	0.00997	0.01155	0.00666	0.00827	0.01202	0.01518	0.01970	0.14290	0.11135	0.19528	0.01699	0.00840	0.00264	0.00479	0.39680	0.00613	0.00582
29	0.01122	0.00561	0.00842	0.00842	0.00842	0.00561	0.00561	0.00842	0.00842	0.01122	0.01122	0.01964	0.01122	0.02245	0.02525	0.81201	0.00561	0.00561	0.00281	0.00281
30	0.06395	0.01782	0.01890	0.01455	0.01966	0.01976	0.01202	0.67674	0.02942	0.04014	0.01519	0.01526	0.01079	0.00767	0.00634	0.00194	0.00701	0.00570	0.00634	0.01079
31	0.81856	0.01250	0.00950	0.00850	0.01250	0.01449	0.00700	0.01899	0.01100	0.02899	0.00900	0.01050	0.00700	0.00600	0.00400	0.00200	0.00500	0.00350	0.00400	0.00700
32	0.00969	0.00797	0.03396	0.01212	0.05115	0.00712	0.00911	0.01194	0.01350	0.01805	0.03196	0.38480	0.03623	0.03561	0.00884	0.00275	0.00513	0.28656	0.00561	0.02790
33	0.01340	0.01148	0.01340	0.00957	0.01531	0.00861	0.00766	0.01627	0.01340	0.02105	0.01148	0.01340	0.00957	0.00479	0.00479	0.00096	0.00479	0.00383	0.00383	0.81242
34	0.01112	0.00807	0.01175	0.01148	0.01348	0.00767	0.06817	0.01405	0.04137	0.06961	0.03670	0.28700	0.14036	0.01628	0.00813	0.00257	0.00519	0.23469	0.00591	0.00641
35	0.08081	0.01908	0.08964	0.01458	0.01984	0.04374	0.01282	0.51309	0.05861	0.03549	0.01502	0.01555	0.01090	0.00882	0.03065	0.00223	0.00760	0.00559	0.00571	0.01022
36	0.00950	0.00768	0.00925	0.03785	0.01203	0.00678	0.00663	0.01200	0.03491	0.01920	0.12570	0.26983	0.23340	0.01422	0.00717	0.00205	0.00397	0.01239	0.00559	0.16986
37	0.01498	0.20045	0.39505	0.02088	0.15361	0.04253	0.04675	0.02028	0.01394	0.01922	0.01110	0.01340	0.00865	0.00592	0.00578	0.00186	0.00873	0.00474	0.00286	0.00928
38	0.03280	0.02813	0.54095	0.01843	0.02684	0.01468	0.10628	0.02202	0.04133	0.08805	0.01358	0.01522	0.00953	0.00632	0.00633	0.00206	0.00906	0.00536	0.00346	0.00955
39	0.02565	0.01018	0.01357	0.01066	0.01508	0.00886	0.00872	0.02817	0.01792	0.61156	0.06205	0.02545	0.05378	0.00864	0.00646	0.00197	0.00508	0.00707	0.06902	0.01010
40	0.01337	0.00905	0.01308	0.03173	0.08996	0.00907	0.02864	0.04336	0.03891	0.11541	0.04959	0.26980	0.02765	0.04003	0.11264	0.00361	0.00709	0.08433	0.00547	0.00723
41	0.01576	0.02187	0.27108	0.10582	0.29839	0.04034	0.04026	0.07341	0.01558	0.03877	0.01242	0.01531	0.00947	0.00619	0.00634	0.00199	0.00856	0.00544	0.00337	0.00961
42	0.01549	0.01834	0.16218	0.10442	0.28851	0.03627	0.07421	0.04017	0.08190	0.04766	0.05598	0.01852	0.01367	0.00677	0.00653	0.00202	0.00791	0.00619	0.00389	0.00937
43	0.00932	0.00655	0.00851	0.00851	0.00901	0.00706	0.00573	0.01033	0.00983	0.01361	0.01902	0.03489	0.02028	0.45618	0.34524	0.00807	0.01109	0.00831	0.00372	0.00473
44	0.01711	0.74758	0.06161	0.01135	0.01703	0.02515	0.01156	0.01939	0.01315	0.01541	0.00909	0.01049	0.00829	0.00555	0.00422	0.00141	0.00701	0.00351	0.00276	0.00834
45	0.01023	0.00681	0.00882	0.00827	0.00992	0.00624	0.00617	0.01298	0.01753	0.06759	0.59842	0.08288	0.08424	0.04094	0.00850	0.00222	0.00336	0.01170	0.00695	0.00624
46	0.01711	0.74834	0.06088	0.01134	0.01702	0.02516	0.01155	0.01939	0.01315	0.01540	0.00908	0.01049	0.00829	0.00555	0.00422	0.00141	0.00701	0.00351	0.00276	0.00834
47	0.01552	0.11514	0.50159	0.01807	0.04995	0.06763	0.04257	0.05541	0.01499	0.04419	0.01191	0.01370	0.00873	0.00621	0.00598	0.00194	0.00912	0.00482	0.00317	0.00938
48	0.01055	0.00694	0.00893	0.00824	0.01010	0.00630	0.00625	0.01341	0.01795	0.08073	0.60844	0.04759	0.12367	0.01311	0.00753	0.00204	0.00326	0.01147	0.00707	0.00642
49	0.01016	0.00716	0.00986	0.01071	0.03446	0.00739	0.00755	0.01190	0.01270	0.05292	0.06797	0.38128	0.05771	0.04892	0.14572	0.00407	0.05157	0.04477	0.02721	0.00596
50	0.00967	0.00755	0.01113	0.01088	0.01190	0.00907	0.00850	0.01184	0.01031	0.01498	0.01661	0.02485	0.01567	0.06505	0.66318	0.00960	0.08309	0.00688	0.00342	0.00583
51	0.01737	0.01079	0.03859	0.01132	0.01460	0.01005	0.00954	0.11555	0.03178	0.22424	0.10975	0.06578	0.07920	0.01418	0.05751	0.00278	0.02028	0.12951	0.02892	0.00824
52	0.02041	0.21881	0.02456	0.01890	0.15937	0.04095	0.01354	0.33773	0.02136	0.02814	0.01262	0.01407	0.00993	0.00692	0.00655	0.00182	0.04480	0.00512	0.00457	0.00983
53	0.01635	0.33886	0.23303	0.01897	0.13703	0.03866	0.05088	0.06139	0.01480	0.01948	0.01086	0.01290	0.00881	0.00590	0.00543	0.00174	0.00812	0.00457	0.00309	0.00913
54	0.00854	0.00620	0.00743	0.00801	0.00917	0.00558	0.00556	0.00996	0.01360	0.03460	0.10848	0.39191	0.26817	0.07977	0.00997	0.00271	0.00378	0.01517	0.00598	0.00542
55	0.04580	0.04773	0.26024	0.03872	0.06021	0.14150	0.03255	0.06677	0.03806	0.06375	0.01327	0.03492	0.01043	0.00696	0.00663	0.00190	0.04027	0.00530	0.00380	0.08117
56	0.03778	0.12382	0.14791	0.01939	0.15632	0.11791	0.01506	0.12219	0.11737	0.05982	0.01442	0.01548	0.01102	0.00675	0.00595	0.00188	0.00783	0.00526	0.00428	0.00954
57	0.01364	0.04174	0.11338	0.03622	0.11800	0.04784	0.03138	0.06556	0.01640	0.04981	0.15032	0.05187	0.13652	0.01155	0.02495	0.00230	0.00656	0.06917	0.00499	0.00780
58	0.00920	0.00621	0.00751	0.00807	0.00884	0.00578	0.00531	0.01012	0.01212	0.04595	0.03568	0.38705	0.15636	0.25310	0.01573	0.00365	0.00452	0.01424	0.00544	0.00511
59	0.07169	0.06621	0.15157	0.07435	0.17316	0.02885	0.04691	0.04550	0.04513	0.09564	0.05274	0.02040	0.05430	0.00736	0.00617	0.00196	0.00706	0.00622	0.03591	0.00887

[dist]
# distance from previous block
# <min> <max>
1	6

[block]
# block no. 3 follows, 34 sequences, length 17
# corresponding to MSA columns:
# 206-222
name=unknown_D
#
# <colnr> <probs for GDERKNQSTAVLIFYWHMCP>
#	G	D	E	R	K	N	Q	S	T	A	V	L	I	F	Y	W	H	M	C	P
0	0.01284	0.00918	0.01257	0.07308	0.10406	0.03595	0.00971	0.01512	0.01377	0.10402	0.05731	0.31246	0.02748	0.01847	0.11096	0.00342	0.00704	0.03160	0.03400	0.00696
1	0.01926	0.12150	0.09287	0.03205	0.16434	0.08661	0.05450	0.15350	0.03545	0.10033	0.01420	0.01629	0.01099	0.03400	0.00700	0.00199	0.00778	0.00550	0.00438	0.03746
2	0.26121	0.16593	0.03112	0.01058	0.02934	0.05348	0.00879	0.03549	0.01385	0.07208	0.02439	0.05061	0.17534	0.00919	0.00605	0.00195	0.03190	0.00680	0.00451	0.00738
3	0.01262	0.01262	0.03843	0.01162	0.01306	0.12460	0.02727	0.01468	0.03809	0.01517	0.01743	0.07217	0.01806	0.29787	0.17127	0.00539	0.09213	0.00790	0.00377	0.00585
4	0.01633	0.04309	0.10670	0.04562	0.13690	0.01523	0.06370	0.03757	0.22073	0.09379	0.03039	0.03542	0.01494	0.02852	0.00864	0.00225	0.07945	0.00667	0.00476	0.00930
5	0.00798	0.00625	0.00702	0.00742	0.00882	0.00552	0.00522	0.00941	0.01377	0.01729	0.09906	0.26619	0.41371	0.09007	0.01024	0.00269	0.00368	0.01448	0.00588	0.00529
6	0.00914	0.00649	0.00863	0.00880	0.00937	0.00698	0.00606	0.01033	0.01020	0.01412	0.02075	0.11949	0.02238	0.35329	0.35703	0.00772	0.01102	0.00931	0.00395	0.00492
7	0.01689	0.01429	0.01507	0.01331	0.01711	0.01645	0.01042	0.09944	0.65451	0.02835	0.02526	0.02328	0.01888	0.00867	0.00656	0.00217	0.00531	0.00716	0.00656	0.01030
8	0.01522	0.01314	0.01379	0.01248	0.01598	0.01499	0.00969	0.03179	0.64931	0.02606	0.03027	0.02797	0.09177	0.00954	0.00668	0.00219	0.00493	0.00795	0.00652	0.00974
9	0.01727	0.77681	0.03386	0.01106	0.01658	0.02557	0.01106	0.01935	0.01313	0.01520	0.00898	0.01036	0.00829	0.00553	0.00415	0.00138	0.00691	0.00345	0.00276	0.00829
10	0.01060	0.00876	0.01227	0.01612	0.16924	0.02418	0.00950	0.01291	0.03442	0.01772	0.02823	0.44679	0.03208	0.07872	0.00984	0.00277	0.00522	0.06898	0.00516	0.00649
11	0.06522	0.73108	0.03240	0.01090	0.01634	0.02490	0.01081	0.01933	0.01300	0.01603	0.00898	0.01037	0.00821	0.00556	0.00414	0.00142	0.00680	0.00346	0.00284	0.00821
12	0.04282	0.07842	0.01793	0.04074	0.01881	0.50171	0.01168	0.02218	0.01641	0.01668	0.05378	0.01535	0.01222	0.01117	0.07780	0.00258	0.04401	0.00493	0.00351	0.00726
13	0.00929	0.00641	0.00783	0.00763	0.00881	0.00603	0.00539	0.01147	0.01533	0.02171	0.42080	0.08894	0.09582	0.17493	0.01274	0.00293	0.00379	0.01120	0.08341	0.00553
14	0.06235	0.01702	0.15613	0.03400	0.08563	0.01513	0.01443	0.03222	0.01252	0.01987	0.01077	0.01430	0.00908	0.00776	0.01112	0.00206	0.27830	0.00499	0.03209	0.18023
15	0.04660	0.20438	0.03181	0.01266	0.03277	0.05965	0.01056	0.19083	0.08593	0.02505	0.04273	0.01822	0.04184	0.00758	0.00623	0.00176	0.03947	0.00558	0.07026	0.06610
16	0.01440	0.06443	0.09243	0.03889	0.11150	0.08301	0.04390	0.06890	0.04076	0.02071	0.06390	0.07942	0.08676	0.04311	0.00798	0.00218	0.01815	0.04841	0.00443	0.06673

[dist]
# distance from previous block
# <min> <max>
3	11

[block]
# block no. 4 follows, 34 sequences, length 176
# corresponding to MSA columns:
# 235-410
name=unknown_E
#
# <colnr> <probs for GDERKNQSTAVLIFYWHMCP>
#	G	D	E	R	K	N	Q	S	T	A	V	L	I	F	Y	W	H	M	C	P
0	0.01268	0.01145	0.01688	0.09571	0.20438	0.03100	0.03651	0.03237	0.03985	0.01931	0.04461	0.21790	0.03997	0.01275	0.03066	0.00252	0.06458	0.05428	0.00447	0.02811
1	0.00801	0.00583	0.00743	0.00854	0.00919	0.00538	0.00576	0.00925	0.01287	0.01700	0.08249	0.59897	0.12609	0.05913	0.00944	0.00273	0.00378	0.01690	0.00596	0.00526
2	0.01162	0.00933	0.01111	0.01170	0.07698	0.00928	0.00804	0.01712	0.16157	0.05712	0.13484	0.04478	0.37229	0.01284	0.00766	0.00215	0.02751	0.01075	0.00601	0.00729
3	0.01798	0.01257	0.04510	0.01090	0.01594	0.01034	0.00912	0.11660	0.01700	0.19118	0.04067	0.04141	0.03636	0.03520	0.00679	0.00170	0.00541	0.00595	0.00536	0.37443
4	0.28643	0.01518	0.01714	0.03604	0.11489	0.03662	0.03317	0.23816	0.01873	0.10363	0.01339	0.01454	0.00983	0.00689	0.00608	0.00199	0.02802	0.00511	0.00497	0.00918
5	0.06565	0.57153	0.08612	0.01200	0.01751	0.04235	0.01196	0.05474	0.01412	0.03886	0.01002	0.01137	0.00857	0.00597	0.00498	0.00156	0.02718	0.00385	0.00319	0.00848
6	0.01593	0.06746	0.23057	0.04034	0.14672	0.07539	0.03503	0.09259	0.01606	0.02217	0.03137	0.01499	0.01063	0.00616	0.00589	0.00173	0.00785	0.00503	0.00362	0.17047
7	0.04681	0.57130	0.08701	0.03885	0.04285	0.04020	0.01249	0.04081	0.01396	0.04055	0.01014	0.01163	0.00865	0.00581	0.00464	0.00155	0.00721	0.00391	0.00312	0.00852
8	0.00889	0.00605	0.00720	0.00769	0.00782	0.00593	0.00461	0.00926	0.01038	0.01385	0.02542	0.28349	0.02988	0.52300	0.02471	0.00506	0.00543	0.01238	0.00461	0.00436
9	0.00940	0.00626	0.00705	0.00705	0.00705	0.00626	0.00392	0.00940	0.00940	0.01253	0.02036	0.04228	0.02349	0.77292	0.03289	0.00626	0.00626	0.00940	0.00392	0.00392
10	0.01205	0.04956	0.03210	0.01226	0.03821	0.08219	0.00938	0.03583	0.01206	0.01604	0.01585	0.02361	0.01490	0.10376	0.48540	0.00773	0.03266	0.00654	0.00351	0.00635
11	0.02856	0.01169	0.01542	0.01182	0.01684	0.01052	0.00977	0.09758	0.01965	0.66937	0.02452	0.02136	0.01551	0.00797	0.00649	0.00199	0.00565	0.00643	0.00785	0.01100
12	0.00863	0.00616	0.00836	0.00986	0.01056	0.00590	0.00731	0.01030	0.01311	0.01734	0.03520	0.56193	0.04109	0.01953	0.00845	0.00273	0.00440	0.21769	0.00598	0.00546
13	0.01769	0.73207	0.03293	0.01139	0.01679	0.06883	0.01114	0.01973	0.01344	0.01524	0.00904	0.01044	0.00829	0.00560	0.00425	0.00140	0.00719	0.00350	0.00280	0.00824
14	0.01374	0.03278	0.69033	0.01823	0.02742	0.03829	0.02309	0.04591	0.01440	0.02106	0.01169	0.01365	0.00829	0.00621	0.00614	0.00203	0.00953	0.00479	0.00288	0.00954
15	0.02490	0.01299	0.01556	0.01230	0.01694	0.01303	0.01004	0.20966	0.12531	0.40621	0.02272	0.02073	0.01526	0.00802	0.00638	0.00198	0.00572	0.00641	0.05526	0.01058
16	0.01220	0.01148	0.01938	0.75739	0.04450	0.01436	0.01794	0.01651	0.01292	0.01651	0.01148	0.01723	0.00861	0.00646	0.00646	0.00215	0.00861	0.00574	0.00287	0.00718
17	0.01083	0.00726	0.00964	0.01039	0.03025	0.00689	0.00760	0.03456	0.01534	0.07030	0.18661	0.34139	0.08281	0.01639	0.00798	0.00245	0.00432	0.14237	0.00631	0.00629
18	0.00960	0.00826	0.00843	0.00809	0.01061	0.00793	0.00615	0.01512	0.17950	0.01969	0.05632	0.05330	0.56427	0.01459	0.00739	0.00218	0.00370	0.01216	0.00613	0.00657
19	0.01599	0.01535	0.02623	0.03966	0.73262	0.01535	0.01983	0.01983	0.01471	0.02111	0.01215	0.01599	0.01023	0.00576	0.00640	0.00192	0.00768	0.00576	0.00320	0.01023
20	0.01727	0.77681	0.03386	0.01106	0.01658	0.02557	0.01106	0.01935	0.01313	0.01520	0.00898	0.01036	0.00829	0.00553	0.00415	0.00138	0.00691	0.00345	0.00276	0.00829
21	0.01399	0.04602	0.14493	0.01228	0.01535	0.01042	0.05465	0.08262	0.01253	0.04159	0.01223	0.01769	0.01060	0.01573	0.01725	0.47061	0.00686	0.00555	0.00336	0.00573
22	0.00937	0.00710	0.01054	0.01046	0.01155	0.00834	0.00812	0.01158	0.01034	0.01494	0.01716	0.02558	0.01616	0.06866	0.70712	0.01006	0.03676	0.00696	0.00346	0.00575
23	0.01296	0.03342	0.73944	0.01842	0.02797	0.01501	0.02387	0.02046	0.01364	0.02046	0.01160	0.01364	0.00818	0.00614	0.00614	0.00205	0.00955	0.00477	0.00273	0.00955
24	0.00784	0.00650	0.00686	0.00687	0.00888	0.00552	0.00511	0.00962	0.01505	0.01845	0.14628	0.09780	0.61061	0.01618	0.00767	0.00219	0.00327	0.01364	0.00614	0.00552
25	0.01650	0.02675	0.49901	0.01820	0.02643	0.01407	0.11297	0.02272	0.01484	0.16520	0.01460	0.01584	0.00998	0.00642	0.00641	0.00205	0.00891	0.00551	0.00386	0.00973
26	0.01048	0.00818	0.00946	0.00954	0.01137	0.00830	0.00711	0.03236	0.17079	0.02127	0.13441	0.28522	0.17450	0.01519	0.00757	0.00233	0.00405	0.05353	0.02763	0.00671
27	0.00789	0.00595	0.00732	0.00839	0.00932	0.00538	0.00583	0.00923	0.01314	0.01687	0.04420	0.54036	0.24137	0.01904	0.00809	0.00251	0.00369	0.04009	0.00600	0.00533
28	0.01308	0.01238	0.02097	0.59053	0.20448	0.01459	0.01838	0.01728	0.01334	0.01758	0.01164	0.01694	0.00899	0.00630	0.00645	0.00210	0.00840	0.00575	0.00295	0.00789
29	0.01467	0.01411	0.02331	0.12529	0.43261	0.01568	0.03586	0.01801	0.01323	0.01897	0.01168	0.01642	0.01004	0.00975	0.05773	0.00269	0.16212	0.00586	0.00310	0.00886
30	0.02592	0.01033	0.01393	0.01091	0.01542	0.00895	0.00892	0.02844	0.01828	0.62955	0.09799	0.02665	0.05653	0.00894	0.00667	0.00201	0.00514	0.00738	0.00781	0.01023
31	0.01988	0.00973	0.01133	0.00942	0.01273	0.00954	0.00754	0.12081	0.03908	0.27603	0.02199	0.02213	0.01566	0.00776	0.00555	0.00176	0.00453	0.00620	0.38973	0.00860
32	0.01564	0.02234	0.28208	0.02553	0.22157	0.03679	0.16293	0.02080	0.01443	0.06305	0.01262	0.01555	0.00958	0.00638	0.00760	0.00208	0.06251	0.00578	0.00331	0.00942
33	0.00795	0.00660	0.00699	0.00700	0.00907	0.00563	0.00533	0.00982	0.01515	0.01854	0.14162	0.06109	0.61668	0.01607	0.00770	0.00220	0.00338	0.04749	0.00613	0.00555
34	0.01953	0.01604	0.01653	0.01391	0.01812	0.04242	0.01107	0.28794	0.43797	0.03178	0.02170	0.02046	0.01606	0.00832	0.00651	0.00208	0.00609	0.00664	0.00642	0.01042
35	0.01727	0.77681	0.03386	0.01106	0.01658	0.02557	0.01106	0.01935	0.01313	0.01520	0.00898	0.01036	0.00829	0.00553	0.00415	0.00138	0.00691	0.00345	0.00276	0.00829
36	0.01841	0.02047	0.01940	0.04684	0.25195	0.31820	0.01412	0.02274	0.09269	0.01911	0.03667	0.01825	0.03860	0.00925	0.04365	0.00229	0.00926	0.00579	0.00384	0.00847
37	0.01698	0.01096	0.01102	0.00941	0.01226	0.03776	0.00745	0.24016	0.01928	0.04856	0.01900	0.02081	0.01445	0.00758	0.00525	0.00166	0.00472	0.00590	0.49899	0.00781
38	0.01414	0.01414	0.01979	0.01696	0.01696	0.01979	0.01414	0.01555	0.00990	0.01555	0.00848	0.01414	0.00848	0.01131	0.02120	0.00283	0.76110	0.00565	0.00283	0.00707
39	0.00842	0.00613	0.00839	0.00995	0.02887	0.00597	0.00662	0.00975	0.01212	0.01631	0.03201	0.59757	0.03759	0.06948	0.08988	0.00369	0.00556	0.04079	0.00552	0.00538
40	0.02850	0.01178	0.01548	0.01187	0.01688	0.01066	0.00980	0.10641	0.01980	0.66032	0.02439	0.02128	0.01544	0.00797	0.00649	0.00199	0.00568	0.00642	0.00783	0.01100
41	0.00914	0.00660	0.00864	0.00813	0.00965	0.00610	0.00610	0.01219	0.01829	0.02591	0.72921	0.04827	0.06097	0.01321	0.00762	0.00203	0.00305	0.01169	0.00711	0.00610
42	0.01032	0.00741	0.01028	0.01171	0.01322	0.00737	0.01022	0.01324	0.01487	0.01927	0.03530	0.07251	0.06138	0.01780	0.00888	0.00295	0.00586	0.66554	0.00595	0.00593
43	0.02366	0.01774	0.01994	0.05284	0.02168	0.01964	0.03294	0.65570	0.02905	0.03891	0.01524	0.01566	0.01083	0.00762	0.00650	0.00196	0.00730	0.00587	0.00619	0.01073
44	0.02867	0.01150	0.01531	0.01174	0.01675	0.01025	0.00970	0.08005	0.01934	0.68733	0.02478	0.02153	0.01564	0.00798	0.00650	0.00199	0.00561	0.00645	0.00789	0.01100
45	0.00811	0.00593	0.00766	0.00898	0.00956	0.00559	0.00606	0.00979	0.03436	0.01688	0.03711	0.70350	0.08311	0.01966	0.00816	0.00258	0.00376	0.01774	0.00602	0.00541
46	0.01340	0.01148	0.01340	0.00957	0.01531	0.00861	0.00766	0.01627	0.01340	0.02105	0.01148	0.01340	0.00957	0.00479	0.00479	0.00096	0.00479	0.00383	0.00383	0.81242
47	0.00764	0.00655	0.00655	0.00655	0.00873	0.00545	0.00491	0.00927	0.01473	0.01745	0.06546	0.06218	0.73000	0.01636	0.00764	0.00218	0.00327	0.01364	0.00600	0.00545
48	0.01296	0.03342	0.73944	0.01842	0.02797	0.01501	0.02387	0.02046	0.01364	0.02046	0.01160	0.01364	0.00818	0.00614	0.00614	0.00205	0.00955	0.00477	0.00273	0.00955
49	0.01184	0.01078	0.01635	0.04551	0.17236	0.03035	0.08462	0.03216	0.03209	0.01888	0.02772	0.34857	0.09195	0.01338	0.00790	0.00232	0.02901	0.01218	0.00484	0.00719
50	0.02272	0.02718	0.01806	0.01675	0.04149	0.57977	0.01237	0.06159	0.12246	0.01889	0.01274	0.01382	0.01020	0.00700	0.00599	0.00176	0.01033	0.00476	0.00396	0.00816
51	0.01296	0.03342	0.73944	0.01842	0.02797	0.01501	0.02387	0.02046	0.01364	0.02046	0.01160	0.01364	0.00818	0.00614	0.00614	0.00205	0.00955	0.00477	0.00273	0.00955
52	0.21113	0.00859	0.00885	0.00914	0.01095	0.03099	0.00690	0.01301	0.01309	0.02076	0.10292	0.27367	0.09313	0.03737	0.05867	0.00301	0.00542	0.08116	0.00530	0.00593
53	0.01463	0.01561	0.02798	0.02155	0.02447	0.01825	0.32455	0.01785	0.01229	0.01785	0.01053	0.01561	0.00907	0.00869	0.01514	0.00254	0.42603	0.00653	0.00302	0.00780
54	0.00847	0.00659	0.00773	0.00822	0.00985	0.00594	0.00632	0.01040	0.01457	0.01838	0.11836	0.16819	0.38974	0.04299	0.00887	0.00254	0.00399	0.15728	0.00603	0.00554
55	0.01434	0.02052	0.21070	0.02199	0.02738	0.01701	0.33198	0.01913	0.01328	0.01913	0.01135	0.01550	0.00901	0.00734	0.01122	0.00233	0.23000	0.00633	0.00300	0.00844
56	0.02899	0.01100	0.01499	0.01150	0.01649	0.00950	0.00950	0.03149	0.01849	0.73709	0.02549	0.02199	0.01599	0.00800	0.00650	0.00200	0.00550	0.00650	0.00800	0.01100
57	0.01296	0.03342	0.73944	0.01842	0.02797	0.01501	0.02387	0.02046	0.01364	0.02046	0.01160	0.01364	0.00818	0.00614	0.00614	0.00205	0.00955	0.00477	0.00273	0.00955
58	0.00940	0.00626	0.00705	0.00705	0.00705	0.00626	0.00392	0.00940	0.00940	0.01253	0.02036	0.04228	0.02349	0.77292	0.03289	0.00626	0.00626	0.00940	0.00392	0.00392
59	0.04214	0.01840	0.18020	0.05237	0.03958	0.01553	0.01395	0.13344	0.30844	0.07142	0.01940	0.01928	0.01420	0.00764	0.00629	0.00207	0.00662	0.00617	0.03303	0.00984
60	0.00923	0.00692	0.01038	0.01038	0.01154	0.00808	0.00808	0.01154	0.01038	0.01500	0.01731	0.02538	0.01615	0.04846	0.74732	0.01038	0.01731	0.00692	0.00346	0.00577
61	0.01457	0.01485	0.01973	0.01695	0.01709	0.05109	0.01407	0.01599	0.01026	0.01556	0.00855	0.01403	0.00847	0.01111	0.02054	0.00278	0.72884	0.00559	0.00285	0.00709
62	0.02805	0.01204	0.01558	0.01200	0.01698	0.01110	0.00989	0.12404	0.03841	0.62384	0.02415	0.02117	0.01541	0.00798	0.00650	0.00200	0.00571	0.00643	0.00775	0.01098
63	0.03994	0.01004	0.01207	0.03285	0.05941	0.01089	0.00922	0.01910	0.23847	0.02098	0.03360	0.20086	0.15638	0.01340	0.00801	0.00237	0.04295	0.07632	0.00568	0.00746
64	0.01220	0.01148	0.01938	0.75739	0.04450	0.01436	0.01794	0.01651	0.01292	0.01651	0.01148	0.01723	0.00861	0.00646	0.00646	0.00215	0.00861	0.00574	0.00287	0.00718
65	0.01525	0.01743	0.03813	0.02723	0.03377	0.01634	0.70915	0.02070	0.01525	0.02070	0.01307	0.01743	0.00980	0.00545	0.00763	0.00218	0.01089	0.00763	0.00327	0.00871
66	0.79082	0.01313	0.00980	0.00878	0.01276	0.04007	0.00719	0.01923	0.01125	0.02853	0.00903	0.01054	0.00704	0.00602	0.00406	0.00199	0.00523	0.00352	0.00398	0.00701
67	0.17131	0.01405	0.01571	0.01227	0.01715	0.01454	0.01013	0.29547	0.02178	0.33506	0.01857	0.01736	0.01239	0.00754	0.00603	0.00198	0.00604	0.00568	0.00667	0.01026
68	0.01396	0.01330	0.02244	0.41225	0.34965	0.01499	0.01865	0.01795	0.01361	0.01852	0.01168	0.01657	0.00933	0.00632	0.00695	0.00207	0.03447	0.00575	0.00302	0.00853
69	0.05960	0.01468	0.01494	0.01257	0.01604	0.07111	0.00983	0.24927	0.17530	0.08865	0.04059	0.02264	0.01642	0.12125	0.03611	0.00293	0.02678	0.00670	0.00570	0.00888
70	0.01157	0.01063	0.01930	0.01606	0.01898	0.01015	0.25827	0.04898	0.01452	0.01946	0.02642	0.40326	0.02888	0.01412	0.00799	0.00246	0.00666	0.07042	0.00504	0.00684
71	0.81856	0.01250	0.00950	0.00850	0.01250	0.01449	0.00700	0.01899	0.01100	0.02899	0.00900	0.01050	0.00700	0.00600	0.00400	0.00200	0.00500	0.00350	0.00400	0.00700
72	0.00923	0.00692	0.01038	0.01038	0.01154	0.00808	0.00808	0.01154	0.01038	0.01500	0.01731	0.02538	0.01615	0.04846	0.74732	0.01038	0.01731	0.00692	0.00346	0.00577
73	0.01751	0.75113	0.03332	0.01125	0.01670	0.05040	0.01111	0.01957	0.01331	0.01522	0.00902	0.01041	0.00829	0.00557	0.00420	0.00139	0.00707	0.00348	0.00278	0.00826
74	0.01340	0.01148	0.01340	0.00957	0.01531	0.00861	0.00766	0.01627	0.01340	0.02105	0.01148	0.01340	0.00957	0.00479	0.00479	0.00096	0.00479	0.00383	0.00383	0.81242
75	0.00764	0.00655	0.00655	0.00655	0.00873	0.00545	0.00491	0.00927	0.01473	0.01745	0.06546	0.06218	0.73000	0.01636	0.00764	0.00218	0.00327	0.01364	0.00600	0.00545
76	0.01204	0.00602	0.00602	0.00602	0.00753	0.00602	0.00452	0.01506	0.01355	0.02409	0.02108	0.02409	0.01656	0.00753	0.00452	0.00151	0.00301	0.00602	0.80879	0.00602
77	0.05274	0.00635	0.00620	0.00615	0.00778	0.00645	0.00464	0.01525	0.01342	0.02434	0.02047	0.02340	0.01608	0.00745	0.00449	0.00153	0.00311	0.00589	0.76818	0.00607
78	0.02456	0.01810	0.01939	0.01487	0.02004	0.02004	0.01228	0.71107	0.03038	0.04072	0.01551	0.01551	0.01099	0.00776	0.00646	0.00194	0.00711	0.00582	0.00646	0.01099
79	0.81856	0.01250	0.00950	0.00850	0.01250	0.01449	0.00700	0.01899	0.01100	0.02899	0.00900	0.01050	0.00700	0.00600	0.00400	0.00200	0.00500	0.00350	0.00400	0.00700
80	0.01421	0.01204	0.01381	0.01017	0.01569	0.00988	0.00813	0.05300	0.07987	0.02260	0.01306	0.01450	0.01058	0.00530	0.00504	0.00112	0.00493	0.00425	0.00422	0.69759
81	0.05183	0.01511	0.01611	0.01275	0.01752	0.11287	0.01036	0.15924	0.02049	0.48416	0.02096	0.01899	0.01371	0.00771	0.00632	0.00194	0.00663	0.00596	0.00694	0.01039
82	0.01204	0.00602	0.00602	0.00602	0.00753	0.00602	0.00452	0.01506	0.01355	0.02409	0.02108	0.02409	0.01656	0.00753	0.00452	0.00151	0.00301	0.00602	0.80879	0.00602
83	0.58194	0.01417	0.01245	0.01040	0.01474	0.01615	0.00857	0.22524	0.01677	0.03249	0.01094	0.01199	0.00819	0.00652	0.00473	0.00198	0.00563	0.00419	0.00473	0.00819
84	0.01607	0.01388	0.01461	0.01315	0.01680	0.01607	0.01023	0.03433	0.72094	0.02703	0.02630	0.02411	0.01972	0.00877	0.00657	0.00219	0.00511	0.00731	0.00657	0.01023
85	0.00787	0.00562	0.00750	0.00900	0.00937	0.00525	0.00600	0.00900	0.01237	0.01649	0.03561	0.76871	0.04274	0.02024	0.00825	0.00262	0.00375	0.01837	0.00600	0.00525
86	0.01414	0.01414	0.01979	0.01696	0.01696	0.01979	0.01414	0.01555	0.00990	0.01555	0.00848	0.01414	0.00848	0.01131	0.02120	0.00283	0.76110	0.00565	0.00283	0.00707
87	0.00923	0.00692	0.01038	0.01038	0.01154	0.00808	0.00808	0.01154	0.01038	0.01500	0.01731	0.02538	0.01615	0.04846	0.74732	0.01038	0.01731	0.00692	0.00346	0.00577
88	0.00967	0.00774	0.00883	0.00833	0.01014	0.03190	0.00627	0.01305	0.04785	0.02399	0.54676	0.04864	0.18583	0.01340	0.00752	0.00206	0.00348	0.01161	0.00675	0.00620
89	0.01616	0.10705	0.02547	0.03238	0.54279	0.01669	0.01738	0.02187	0.11654	0.02125	0.01381	0.01648	0.01137	0.00616	0.00615	0.00189	0.00721	0.00570	0.00363	0.01000
90	0.02414	0.03079	0.01831	0.01665	0.01998	0.74698	0.01248	0.02580	0.01831	0.01581	0.00999	0.01165	0.00832	0.00666	0.00583	0.00166	0.01165	0.00416	0.00333	0.00749
91	0.02040	0.36416	0.04403	0.01321	0.01846	0.05886	0.01190	0.30180	0.06459	0.02648	0.01284	0.01346	0.01010	0.00671	0.00538	0.00169	0.00719	0.00472	0.00453	0.00950
92	0.01537	0.13561	0.45031	0.01833	0.02637	0.01629	0.14302	0.02130	0.01427	0.08158	0.01268	0.01457	0.00916	0.00609	0.00615	0.00197	0.00906	0.00524	0.00328	0.00934
