[name]
unknown

[dist]
# distance from previous block
# <min> <max>
0	19

[block]
# block no. 0 follows, 33 sequences, length 26
# corresponding to MSA columns:
# 19-44
name=unknown_A
#
# <colnr> <probs for GDERKNQSTAVLIFYWHMCP>
#	G	D	E	R	K	N	Q	S	T	A	V	L	I	F	Y	W	H	M	C	P
0	0.01704	0.01501	0.01813	0.02025	0.19281	0.03427	0.01309	0.08854	0.43235	0.02661	0.02224	0.02379	0.01748	0.00847	0.00674	0.00217	0.00624	0.03885	0.00573	0.01021
1	0.00802	0.00573	0.00764	0.00917	0.00955	0.00535	0.00611	0.00917	0.01260	0.01681	0.03628	0.76434	0.04354	0.02062	0.00840	0.00267	0.00382	0.01872	0.00611	0.00535
2	0.00980	0.00776	0.00895	0.00846	0.01055	0.00743	0.00640	0.01461	0.11587	0.02367	0.40542	0.05045	0.27818	0.01390	0.00762	0.00214	0.00348	0.01194	0.00679	0.00659
3	0.00784	0.00662	0.00679	0.00685	0.00896	0.00557	0.00510	0.00953	0.01501	0.01803	0.08735	0.09737	0.66904	0.01676	0.00781	0.00224	0.00335	0.01406	0.00615	0.00557
4	0.19713	0.02395	0.01639	0.01440	0.01829	0.44178	0.01113	0.07874	0.01802	0.10470	0.01224	0.01316	0.00931	0.00688	0.00566	0.00183	0.00930	0.00450	0.00435	0.00822
5	0.53092	0.01341	0.01246	0.01034	0.01481	0.01475	0.00853	0.13813	0.01601	0.16596	0.01351	0.01380	0.00957	0.00680	0.00499	0.00203	0.00555	0.00455	0.00528	0.00860
6	0.01680	0.01580	0.02632	0.03894	0.68643	0.01592	0.01976	0.06008	0.01592	0.02267	0.01258	0.01627	0.01047	0.00598	0.00652	0.00196	0.00779	0.00587	0.00345	0.01047
7	0.02919	0.01176	0.01562	0.01198	0.01708	0.01050	0.00989	0.08384	0.01977	0.67907	0.02519	0.02190	0.01590	0.00813	0.00662	0.00203	0.00573	0.00657	0.00803	0.01120
8	0.01433	0.01263	0.01661	0.01191	0.01782	0.01011	0.08272	0.04605	0.01458	0.02226	0.01205	0.01418	0.00984	0.00508	0.00526	0.00115	0.00564	0.00440	0.00395	0.68942
9	0.01412	0.00910	0.01109	0.00965	0.01229	0.00881	0.00752	0.10995	0.03907	0.11894	0.45408	0.04186	0.11251	0.01220	0.00743	0.00207	0.00407	0.01048	0.00715	0.00759
10	0.00910	0.00672	0.00850	0.00806	0.00970	0.00612	0.00604	0.01201	0.01813	0.02520	0.63274	0.05115	0.15422	0.01391	0.00777	0.00209	0.00314	0.01218	0.00709	0.00612
11	0.02934	0.01152	0.01547	0.01186	0.01696	0.01014	0.00980	0.06140	0.01937	0.70207	0.02553	0.02212	0.01607	0.00814	0.00662	0.00203	0.00567	0.00659	0.00808	0.01120
12	0.00940	0.00705	0.01058	0.01058	0.01176	0.00823	0.00823	0.01176	0.01058	0.01528	0.01763	0.02586	0.01646	0.04937	0.74255	0.01058	0.01763	0.00705	0.00353	0.00588
13	0.18829	0.03746	0.01536	0.01147	0.01647	0.01296	0.00951	0.14005	0.01866	0.38755	0.01904	0.01775	0.01274	0.00732	0.00586	0.00191	0.00575	0.00554	0.00651	0.07978
14	0.01447	0.09098	0.59902	0.01757	0.02650	0.01631	0.02180	0.07262	0.01514	0.02201	0.01190	0.01377	0.00861	0.00628	0.00607	0.00198	0.00916	0.00480	0.00311	0.03789
15	0.00801	0.00577	0.00759	0.00905	0.00952	0.00536	0.00606	0.00918	0.01272	0.01685	0.03772	0.73114	0.07581	0.02044	0.00837	0.00265	0.00380	0.01849	0.00611	0.00536
16	0.00778	0.00667	0.00667	0.00667	0.00889	0.00556	0.00500	0.00945	0.01501	0.01778	0.06669	0.06336	0.72490	0.01667	0.00778	0.00222	0.00333	0.01389	0.00611	0.00556
17	0.02954	0.01120	0.01528	0.01171	0.01681	0.00968	0.00968	0.03208	0.01884	0.73213	0.02597	0.02241	0.01630	0.00815	0.00662	0.00204	0.00560	0.00662	0.00815	0.01120
18	0.02954	0.01120	0.01528	0.01171	0.01681	0.00968	0.00968	0.03208	0.01884	0.73213	0.02597	0.02241	0.01630	0.00815	0.00662	0.00204	0.00560	0.00662	0.00815	0.01120
19	0.01285	0.01180	0.01934	0.69467	0.04302	0.01457	0.01761	0.04733	0.01394	0.01792	0.01272	0.04278	0.01006	0.00712	0.00664	0.00220	0.00854	0.00629	0.00320	0.00742
20	0.00969	0.00721	0.00871	0.03425	0.03678	0.00646	0.00662	0.01154	0.01481	0.06066	0.09205	0.22355	0.43136	0.01618	0.00777	0.00230	0.00392	0.01393	0.00609	0.00612
21	0.01046	0.00701	0.00901	0.00835	0.01019	0.00637	0.00632	0.01340	0.01830	0.07064	0.61730	0.04881	0.12193	0.01342	0.00769	0.00208	0.00329	0.01176	0.00720	0.00647
22	0.02459	0.03138	0.01866	0.01696	0.02035	0.74221	0.01272	0.02629	0.01866	0.01611	0.01018	0.01187	0.00848	0.00678	0.00594	0.00170	0.01187	0.00424	0.00339	0.00763
23	0.11815	0.07103	0.13306	0.01338	0.01895	0.07104	0.01248	0.10971	0.05947	0.30139	0.01808	0.01731	0.01236	0.00733	0.00604	0.00198	0.00697	0.00553	0.00577	0.00996
24	0.01992	0.01230	0.01526	0.01466	0.08858	0.03067	0.01038	0.14213	0.08753	0.24441	0.14647	0.11159	0.02620	0.01030	0.00700	0.00211	0.00559	0.00878	0.00671	0.00939
25	0.01833	0.01652	0.04408	0.05186	0.36564	0.06813	0.05659	0.05567	0.03976	0.10433	0.01436	0.01703	0.01119	0.00700	0.00795	0.00206	0.07898	0.00597	0.02483	0.00972

[dist]
# distance from previous block
# <min> <max>
1	2

[block]
# block no. 1 follows, 33 sequences, length 40
# corresponding to MSA columns:
# 47-86
name=unknown_B
#
# <colnr> <probs for GDERKNQSTAVLIFYWHMCP>
#	G	D	E	R	K	N	Q	S	T	A	V	L	I	F	Y	W	H	M	C	P
0	0.10107	0.24175	0.07687	0.01402	0.01900	0.23835	0.01241	0.13701	0.04127	0.04448	0.01188	0.01293	0.00941	0.00664	0.00543	0.00175	0.00844	0.00447	0.00404	0.00878
1	0.02537	0.01607	0.01854	0.01521	0.05037	0.01701	0.01195	0.45038	0.06728	0.23002	0.01910	0.01816	0.01309	0.00794	0.00660	0.00201	0.00670	0.00620	0.00688	0.01112
2	0.00827	0.00669	0.00735	0.00718	0.00919	0.00577	0.00539	0.01039	0.01616	0.02052	0.27542	0.05885	0.51447	0.01565	0.00778	0.00217	0.00326	0.01326	0.00647	0.00577
3	0.02088	0.16829	0.10616	0.01802	0.13975	0.06734	0.01390	0.04608	0.10222	0.22733	0.01733	0.01733	0.01256	0.00703	0.00604	0.00190	0.00720	0.00558	0.00506	0.01000
4	0.00813	0.00667	0.00708	0.00699	0.00901	0.00571	0.00519	0.01000	0.01549	0.01921	0.18681	0.06004	0.57823	0.04181	0.00866	0.00234	0.00340	0.01338	0.00625	0.00562
5	0.01497	0.02861	0.51112	0.01986	0.04929	0.01585	0.11171	0.10583	0.01641	0.02363	0.03311	0.01574	0.01053	0.00656	0.00655	0.00208	0.00935	0.00561	0.00347	0.00972
6	0.00949	0.00635	0.00721	0.00729	0.00731	0.00632	0.00411	0.00955	0.00975	0.01299	0.02163	0.08413	0.02505	0.72607	0.03208	0.00617	0.00624	0.01009	0.00411	0.00407
7	0.01043	0.00789	0.00976	0.00909	0.01098	0.00781	0.00687	0.01597	0.12819	0.02658	0.61450	0.04531	0.05551	0.01275	0.00760	0.00210	0.00344	0.01120	0.00716	0.00687
8	0.01556	0.42975	0.35947	0.01475	0.02228	0.02105	0.01733	0.02024	0.01362	0.01798	0.01039	0.01211	0.00840	0.00592	0.00517	0.00172	0.00829	0.00414	0.00280	0.00904
9	0.04899	0.68853	0.05773	0.01204	0.01779	0.02488	0.03776	0.01979	0.01339	0.01644	0.00940	0.01095	0.00845	0.00567	0.00442	0.00149	0.00721	0.00373	0.00288	0.00846
10	0.01629	0.01564	0.02672	0.04041	0.72757	0.01564	0.02020	0.02020	0.01499	0.02151	0.01238	0.01629	0.01043	0.00587	0.00652	0.00196	0.00782	0.00587	0.00326	0.01043
11	0.04680	0.01789	0.07970	0.03614	0.60435	0.05946	0.01957	0.02059	0.01498	0.02144	0.01208	0.01563	0.01003	0.00596	0.00637	0.00195	0.00811	0.00560	0.00326	0.01008
12	0.02912	0.01187	0.01569	0.01203	0.01714	0.01067	0.00994	0.09453	0.01997	0.66810	0.02503	0.02180	0.01582	0.00813	0.00662	0.00203	0.00575	0.00656	0.00800	0.01120
13	0.02325	0.01147	0.01462	0.01111	0.01618	0.00983	0.00906	0.06738	0.01807	0.43518	0.07083	0.02138	0.01735	0.00757	0.00620	0.00173	0.00532	0.00617	0.00677	0.24052
14	0.02163	0.01145	0.01447	0.01074	0.01621	0.00923	0.00874	0.02436	0.01626	0.37834	0.01887	0.01805	0.01304	0.00652	0.00575	0.00151	0.00524	0.00527	0.00603	0.40830
15	0.02851	0.01146	0.01530	0.01179	0.01676	0.01018	0.00971	0.07102	0.01955	0.66495	0.05159	0.02302	0.01772	0.00833	0.00666	0.00203	0.00560	0.00678	0.00802	0.01102
16	0.01529	0.01218	0.01457	0.01434	0.08601	0.01299	0.01009	0.16816	0.21314	0.02921	0.28932	0.03233	0.05356	0.01035	0.00709	0.00209	0.00505	0.00884	0.00652	0.00885
17	0.00891	0.00610	0.00738	0.00803	0.00820	0.00594	0.00490	0.00940	0.01088	0.01450	0.02742	0.35310	0.03236	0.44712	0.02272	0.00479	0.00528	0.01350	0.00490	0.00457
18	0.02056	0.28975	0.10710	0.01552	0.02053	0.38607	0.03529	0.02321	0.01617	0.01660	0.01011	0.01183	0.00850	0.00628	0.00543	0.00166	0.00992	0.00417	0.00312	0.00820
19	0.68593	0.13584	0.01370	0.00908	0.01341	0.01660	0.00780	0.01941	0.01156	0.02726	0.00916	0.01067	0.00734	0.00603	0.00410	0.00194	0.00541	0.00356	0.00387	0.00734
20	0.02156	0.15836	0.12962	0.01692	0.09719	0.03815	0.01417	0.19820	0.05044	0.18777	0.01625	0.01638	0.01165	0.00708	0.00609	0.00190	0.00731	0.00549	0.00522	0.01025
21	0.02087	0.04450	0.01762	0.01366	0.01824	0.03879	0.01109	0.35744	0.22832	0.06581	0.04634	0.02077	0.03479	0.00840	0.00651	0.00199	0.00634	0.00661	0.00635	0.04556
22	0.01535	0.20197	0.39827	0.01766	0.04532	0.04661	0.07122	0.04363	0.04117	0.02054	0.03204	0.01487	0.01061	0.00642	0.00596	0.00192	0.00880	0.00511	0.00327	0.00928
23	0.10925	0.33981	0.04778	0.01324	0.01811	0.23584	0.01167	0.07545	0.01641	0.06240	0.01107	0.01219	0.00899	0.00637	0.00511	0.00167	0.00828	0.00416	0.00374	0.00848
24	0.01349	0.00912	0.01113	0.00989	0.01238	0.00910	0.00764	0.06366	0.12953	0.09827	0.49735	0.04041	0.04753	0.01185	0.00740	0.00209	0.00396	0.01028	0.00721	0.00770
25	0.00882	0.00606	0.00740	0.00815	0.00834	0.00588	0.00503	0.00937	0.01105	0.01474	0.02833	0.39540	0.03351	0.40325	0.02124	0.00457	0.00513	0.01404	0.00503	0.00465
26	0.01863	0.02220	0.19291	0.01740	0.04789	0.15931	0.08128	0.10614	0.08813	0.09112	0.01824	0.06566	0.02881	0.00833	0.00670	0.00208	0.00847	0.02282	0.00470	0.00919
27	0.01708	0.01647	0.07924	0.16376	0.44302	0.03574	0.01876	0.03930	0.01547	0.08815	0.01353	0.01677	0.01048	0.00632	0.00650	0.00201	0.00803	0.00581	0.00372	0.00982
28	0.00803	0.00660	0.00712	0.00746	0.00935	0.00568	0.00560	0.00973	0.01465	0.01778	0.05967	0.16992	0.56961	0.01738	0.00797	0.00235	0.00362	0.06580	0.00611	0.00556
29	0.01194	0.00862	0.01008	0.00915	0.01157	0.00840	0.00703	0.05660	0.10847	0.06591	0.39020	0.04598	0.21435	0.01303	0.00750	0.00212	0.00382	0.01116	0.00691	0.00717
30	0.12783	0.08436	0.13446	0.01556	0.08465	0.01483	0.01321	0.11233	0.03738	0.28589	0.01741	0.01707	0.01200	0.00713	0.00600	0.00198	0.00674	0.00552	0.00557	0.01008
31	0.06244	0.05688	0.08155	0.02045	0.18152	0.04602	0.07570	0.04988	0.04072	0.26550	0.01807	0.04324	0.01335	0.00737	0.00644	0.00202	0.00726	0.00639	0.00526	0.00995
32	0.01255	0.04620	0.01161	0.01005	0.01120	0.10387	0.00709	0.03661	0.01190	0.01499	0.01752	0.03164	0.01852	0.41760	0.18817	0.00622	0.03723	0.00777	0.00380	0.00546
33	0.01777	0.01248	0.01517	0.01208	0.04950	0.01044	0.00919	0.08962	0.01640	0.15066	0.01470	0.01556	0.01110	0.00582	0.00544	0.00131	0.00538	0.00468	0.00490	0.54777
34	0.01824	0.25516	0.19954	0.01725	0.06985	0.04439	0.09251	0.04531	0.01548	0.13177	0.01442	0.04297	0.01138	0.00687	0.00595	0.00188	0.00804	0.00565	0.00401	0.00932
35	0.01057	0.00731	0.00889	0.00834	0.01034	0.00666	0.00629	0.03614	0.01761	0.06706	0.42319	0.10234	0.24177	0.01436	0.00771	0.00215	0.00352	0.01243	0.00688	0.00644
36	0.00983	0.00675	0.00790	0.00814	0.00850	0.00673	0.00502	0.04191	0.01147	0.01530	0.02512	0.25551	0.02915	0.51154	0.02481	0.00508	0.00566	0.01211	0.00474	0.00473
37	0.27121	0.11294	0.04376	0.03443	0.06142	0.03691	0.01095	0.11025	0.08866	0.11216	0.01439	0.01502	0.01073	0.00678	0.00539	0.00191	0.00632	0.00492	0.00484	0.04701
38	0.04388	0.09050	0.20272	0.03689	0.05026	0.17559	0.08164	0.11769	0.01761	0.07749	0.01285	0.01456	0.00962	0.00679	0.00670	0.00196	0.03484	0.00523	0.00398	0.00919
39	0.26388	0.05893	0.05825	0.01192	0.01623	0.09016	0.01021	0.18155	0.01836	0.07234	0.09188	0.04712	0.03676	0.00836	0.00583	0.00199	0.00641	0.00623	0.00518	0.00842

[dist]
# distance from previous block
# <min> <max>
1	4

[block]
# block no. 2 follows, 33 sequences, length 105
# corresponding to MSA columns:
# 91-195
name=unknown_C
#
# <colnr> <probs for GDERKNQSTAVLIFYWHMCP>
#	G	D	E	R	K	N	Q	S	T	A	V	L	I	F	Y	W	H	M	C	P
0	0.12202	0.13154	0.24882	0.01527	0.02146	0.07741	0.08059	0.06218	0.01572	0.06554	0.06286	0.01792	0.03711	0.00719	0.00599	0.00195	0.00797	0.00568	0.00404	0.00874
1	0.01626	0.04998	0.01318	0.01034	0.01344	0.01072	0.00819	0.14624	0.04101	0.15180	0.27239	0.08240	0.10703	0.03734	0.00804	0.00222	0.00477	0.00984	0.00673	0.00808
2	0.04405	0.01426	0.06526	0.01504	0.07676	0.01253	0.01187	0.10780	0.08419	0.46371	0.02240	0.02049	0.01482	0.00783	0.00653	0.00204	0.00621	0.00636	0.00697	0.01087
3	0.01583	0.04703	0.26790	0.03878	0.12729	0.03788	0.05646	0.04089	0.07188	0.05898	0.01361	0.01602	0.01046	0.00753	0.00845	0.03029	0.08069	0.00553	0.00371	0.06079
4	0.01144	0.00572	0.00858	0.00858	0.00858	0.00572	0.00572	0.00858	0.00858	0.01144	0.01144	0.02001	0.01144	0.02287	0.02573	0.80846	0.00572	0.00572	0.00286	0.00286
5	0.01115	0.00852	0.00951	0.00874	0.01121	0.00821	0.00670	0.06159	0.10137	0.04514	0.27325	0.04956	0.35246	0.01383	0.00753	0.00215	0.00382	0.01170	0.00665	0.00691
6	0.01747	0.05677	0.13056	0.05830	0.44355	0.09075	0.01885	0.02155	0.01531	0.06668	0.01277	0.01564	0.01014	0.00618	0.00631	0.00194	0.00838	0.00548	0.00349	0.00987
7	0.00975	0.00746	0.00863	0.00881	0.01012	0.00743	0.00618	0.01347	0.11241	0.01841	0.09589	0.23191	0.18182	0.19710	0.03970	0.00364	0.00501	0.03067	0.00569	0.00590
8	0.10512	0.01157	0.01488	0.01152	0.01652	0.01050	0.00952	0.05167	0.01848	0.64307	0.02404	0.02107	0.01526	0.00794	0.00637	0.00204	0.00560	0.00630	0.00771	0.01081
9	0.04035	0.01765	0.06293	0.17833	0.02685	0.11862	0.10254	0.14382	0.03999	0.15392	0.03949	0.01824	0.01277	0.00727	0.00661	0.00205	0.00833	0.00616	0.00493	0.00915
10	0.04046	0.04905	0.40848	0.02079	0.13599	0.06172	0.01981	0.09847	0.06190	0.02351	0.01306	0.01486	0.00973	0.00656	0.00622	0.00202	0.00877	0.00519	0.00361	0.00980
11	0.01443	0.09819	0.50806	0.02031	0.05314	0.03724	0.13663	0.02092	0.01430	0.02029	0.01180	0.01427	0.00870	0.00608	0.00632	0.00203	0.00971	0.00525	0.00291	0.00943
12	0.00836	0.00588	0.00779	0.00906	0.00952	0.00566	0.00610	0.00960	0.01231	0.01672	0.03343	0.64014	0.03940	0.06566	0.06671	0.00346	0.00501	0.01685	0.03300	0.00534
13	0.01035	0.00786	0.00967	0.00902	0.01092	0.00774	0.00682	0.01578	0.12481	0.02633	0.59915	0.04582	0.07450	0.01286	0.00760	0.00210	0.00343	0.01128	0.00713	0.00683
14	0.00882	0.00671	0.00811	0.00776	0.00953	0.00600	0.00582	0.01147	0.01747	0.02363	0.51262	0.05374	0.27532	0.01449	0.00777	0.00212	0.00318	0.01255	0.00688	0.00600
15	0.01629	0.01564	0.02672	0.04041	0.72757	0.01564	0.02020	0.02020	0.01499	0.02151	0.01238	0.01629	0.01043	0.00587	0.00652	0.00196	0.00782	0.00587	0.00326	0.01043
16	0.02377	0.11850	0.02052	0.01629	0.01995	0.65803	0.01255	0.02552	0.01804	0.01604	0.01006	0.01172	0.00848	0.00665	0.00573	0.00166	0.01130	0.00416	0.00332	0.00773
17	0.00957	0.00638	0.00718	0.00718	0.00718	0.00638	0.00399	0.00957	0.00957	0.01276	0.02074	0.04308	0.02393	0.76864	0.03351	0.00638	0.00638	0.00957	0.00399	0.00399
18	0.03721	0.01584	0.03116	0.02499	0.11121	0.01483	0.44272	0.02355	0.01616	0.19008	0.01612	0.01853	0.01147	0.00622	0.00726	0.00214	0.00927	0.00718	0.00448	0.00957
19	0.01612	0.01614	0.02958	0.03742	0.56422	0.01588	0.18127	0.02041	0.01512	0.02141	0.01260	0.01664	0.01032	0.00579	0.00681	0.00202	0.00859	0.00631	0.00328	0.01006
20	0.00802	0.00573	0.00764	0.00917	0.00955	0.00535	0.00611	0.00917	0.01260	0.01681	0.03628	0.76434	0.04354	0.02062	0.00840	0.00267	0.00382	0.01872	0.00611	0.00535
21	0.02630	0.01679	0.01845	0.01423	0.01938	0.04059	0.01171	0.49185	0.02711	0.23745	0.01852	0.01756	0.01256	0.00794	0.00657	0.00198	0.00693	0.00607	0.00693	0.01108
22	0.18031	0.01788	0.13024	0.01926	0.04680	0.01550	0.26845	0.07914	0.03921	0.02470	0.04837	0.04715	0.01346	0.00729	0.00709	0.00217	0.03348	0.00681	0.00408	0.00862
23	0.02442	0.01814	0.01942	0.01503	0.02019	0.02013	0.01237	0.65885	0.07870	0.04052	0.01657	0.01642	0.01182	0.00797	0.00659	0.00199	0.00710	0.00603	0.00659	0.01114
24	0.00802	0.00573	0.00764	0.00917	0.00955	0.00535	0.00611	0.00917	0.01260	0.01681	0.03628	0.76434	0.04354	0.02062	0.00840	0.00267	0.00382	0.01872	0.00611	0.00535
25	0.09278	0.05482	0.57434	0.01688	0.02550	0.01509	0.02087	0.02170	0.01407	0.08690	0.01277	0.01426	0.00896	0.00639	0.00601	0.00205	0.00881	0.00485	0.00340	0.00957
26	0.01621	0.01501	0.02426	0.03471	0.57915	0.01546	0.01817	0.02126	0.08112	0.03853	0.01580	0.01880	0.03688	0.00690	0.00740	0.00204	0.04811	0.00631	0.00378	0.01010
27	0.00802	0.00573	0.00764	0.00917	0.00955	0.00535	0.00611	0.00917	0.01260	0.01681	0.03628	0.76434	0.04354	0.02062	0.00840	0.00267	0.00382	0.01872	0.00611	0.00535
28	0.01745	0.68526	0.09427	0.01209	0.01801	0.04806	0.01244	0.02002	0.01359	0.01597	0.00941	0.01089	0.00844	0.00572	0.00445	0.00148	0.00743	0.00366	0.00283	0.00853
29	0.02759	0.01322	0.01712	0.01312	0.01826	0.01264	0.03400	0.19003	0.04311	0.52389	0.02318	0.02076	0.01500	0.00803	0.00665	0.00203	0.00616	0.00652	0.00757	0.01110
30	0.01364	0.01310	0.02269	0.08838	0.02328	0.01472	0.22154	0.01695	0.01386	0.04130	0.12105	0.02437	0.05523	0.01185	0.05375	0.00287	0.24201	0.00782	0.00404	0.00754
31	0.00802	0.00573	0.00764	0.00917	0.00955	0.00535	0.00611	0.00917	0.01260	0.01681	0.03628	0.76434	0.04354	0.02062	0.00840	0.00267	0.00382	0.01872	0.00611	0.00535
32	0.02459	0.03138	0.01866	0.01696	0.02035	0.74221	0.01272	0.02629	0.01866	0.01611	0.01018	0.01187	0.00848	0.00678	0.00594	0.00170	0.01187	0.00424	0.00339	0.00763
33	0.00826	0.00588	0.00757	0.00878	0.00920	0.00552	0.00578	0.00932	0.01242	0.01652	0.05260	0.62212	0.06426	0.12447	0.01186	0.00316	0.00414	0.01711	0.00584	0.00519
34	0.01266	0.01194	0.02016	0.71049	0.08587	0.01469	0.01840	0.01702	0.01327	0.01710	0.01174	0.01748	0.00887	0.00654	0.00658	0.00218	0.00872	0.00585	0.00295	0.00750
35	0.01668	0.01430	0.01506	0.01346	0.01724	0.01652	0.01049	0.05891	0.69125	0.02804	0.02640	0.02425	0.01978	0.00889	0.00669	0.00222	0.00528	0.00739	0.00669	0.01045
36	0.00953	0.00656	0.00809	0.00809	0.00840	0.00688	0.00512	0.01016	0.00984	0.01344	0.01991	0.03848	0.02194	0.57643	0.22299	0.00750	0.00939	0.00890	0.00387	0.00449
37	0.00813	0.00660	0.00721	0.00723	0.00915	0.00568	0.00536	0.01006	0.01558	0.01955	0.20550	0.12067	0.52365	0.01632	0.00783	0.00223	0.00333	0.01388	0.00636	0.00568
38	0.01238	0.01027	0.01067	0.01089	0.01236	0.07877	0.00779	0.12406	0.01617	0.02075	0.03044	0.57015	0.03490	0.01722	0.00787	0.00247	0.00515	0.01524	0.00593	0.00652
39	0.73895	0.01413	0.01057	0.00940	0.01347	0.06292	0.00766	0.04069	0.01230	0.02902	0.00944	0.01093	0.00734	0.00621	0.00427	0.00201	0.00561	0.00368	0.00411	0.00729
40	0.65115	0.05331	0.03188	0.00967	0.01394	0.01557	0.00824	0.02137	0.09942	0.02831	0.01144	0.01251	0.00885	0.00644	0.00447	0.00203	0.00534	0.00408	0.00430	0.00768
41	0.00939	0.00741	0.01077	0.01151	0.03169	0.00728	0.04600	0.01181	0.04162	0.01851	0.09248	0.56475	0.04021	0.01794	0.00859	0.00258	0.02591	0.03961	0.00590	0.00604
42	0.01756	0.06046	0.11388	0.06788	0.34417	0.06621	0.06270	0.12116	0.04091	0.02357	0.01300	0.01575	0.01025	0.00638	0.00642	0.00197	0.00838	0.00569	0.00377	0.00988
43	0.00993	0.00759	0.00992	0.00945	0.01088	0.00781	0.00690	0.01158	0.01117	0.01574	0.02223	0.09454	0.06651	0.22180	0.33040	0.00678	0.03615	0.00871	0.00407	0.10785
44	0.02366	0.04077	0.01957	0.01480	0.01988	0.02006	0.01220	0.59676	0.12031	0.03887	0.01705	0.01680	0.01228	0.00797	0.00653	0.00199	0.00697	0.00605	0.00649	0.01101
45	0.02134	0.01029	0.01328	0.01072	0.01479	0.00909	0.00856	0.06381	0.01818	0.40103	0.13836	0.09819	0.04915	0.01009	0.00681	0.00198	0.00496	0.00852	0.00715	0.10371
46	0.02954	0.01120	0.01528	0.01171	0.01681	0.00968	0.00968	0.03208	0.01884	0.73213	0.02597	0.02241	0.01630	0.00815	0.00662	0.00204	0.00560	0.00662	0.00815	0.01120
47	0.01760	0.77260	0.03450	0.01126	0.01690	0.02605	0.01126	0.01971	0.01338	0.01549	0.00915	0.01056	0.00845	0.00563	0.00422	0.00141	0.00704	0.00352	0.00282	0.00845
48	0.00831	0.00669	0.00741	0.00723	0.00922	0.00578	0.00542	0.01048	0.01626	0.02077	0.29448	0.05844	0.49525	0.01556	0.00778	0.00217	0.00326	0.01321	0.00651	0.00578
49	0.02758	0.01102	0.01476	0.01150	0.01631	0.00969	0.00943	0.03077	0.04671	0.65550	0.05354	0.02475	0.03974	0.00864	0.00670	0.00205	0.00542	0.00707	0.00799	0.01081
50	0.01346	0.00715	0.00800	0.00742	0.00939	0.00698	0.00568	0.04202	0.01598	0.08274	0.18413	0.02974	0.02708	0.00906	0.00557	0.00172	0.00344	0.00750	0.52621	0.00675
51	0.01144	0.00572	0.00858	0.00858	0.00858	0.00572	0.00572	0.00858	0.00858	0.01144	0.01144	0.02001	0.01144	0.02287	0.02573	0.80846	0.00572	0.00572	0.00286	0.00286
52	0.81514	0.01273	0.00968	0.00866	0.01273	0.01477	0.00713	0.01935	0.01120	0.02954	0.00917	0.01069	0.00713	0.00611	0.00407	0.00204	0.00509	0.00356	0.00407	0.00713
53	0.02709	0.01162	0.01533	0.01199	0.01672	0.01074	0.00985	0.10576	0.01941	0.58548	0.02403	0.02200	0.01574	0.01209	0.07755	0.00285	0.00695	0.00658	0.00753	0.01069
54	0.00802	0.00573	0.00764	0.00917	0.00955	0.00535	0.00611	0.00917	0.01260	0.01681	0.03628	0.76434	0.04354	0.02062	0.00840	0.00267	0.00382	0.01872	0.00611	0.00535
55	0.01243	0.01170	0.01975	0.75282	0.04534	0.01463	0.01828	0.01682	0.01316	0.01682	0.01170	0.01755	0.00878	0.00658	0.00658	0.00219	0.00878	0.00585	0.00293	0.00731
56	0.02503	0.01844	0.01976	0.01515	0.02042	0.02042	0.01251	0.70562	0.03095	0.04149	0.01581	0.01581	0.01120	0.00790	0.00659	0.00198	0.00724	0.00593	0.00659	0.01120
57	0.02459	0.03138	0.01866	0.01696	0.02035	0.74221	0.01272	0.02629	0.01866	0.01611	0.01018	0.01187	0.00848	0.00678	0.00594	0.00170	0.01187	0.00424	0.00339	0.00763
58	0.81514	0.01273	0.00968	0.00866	0.01273	0.01477	0.00713	0.01935	0.01120	0.02954	0.00917	0.01069	0.00713	0.00611	0.00407	0.00204	0.00509	0.00356	0.00407	0.00713
59	0.01074	0.00780	0.01071	0.01177	0.01357	0.00758	0.01020	0.01377	0.01524	0.02017	0.06945	0.06900	0.03732	0.01707	0.00875	0.00285	0.00583	0.60383	0.00598	0.05838
60	0.00984	0.00663	0.00833	0.00791	0.00946	0.00620	0.00593	0.01293	0.01779	0.02607	0.60086	0.04486	0.05418	0.01244	0.00721	0.00198	0.00310	0.01089	0.14720	0.00620
61	0.78289	0.01269	0.01008	0.03855	0.01404	0.01476	0.00758	0.01925	0.01128	0.02903	0.00927	0.01097	0.00720	0.00613	0.00417	0.00204	0.00524	0.00366	0.00403	0.00714
62	0.02503	0.01844	0.01976	0.01515	0.02042	0.02042	0.01251	0.70562	0.03095	0.04149	0.01581	0.01581	0.01120	0.00790	0.00659	0.00198	0.00724	0.00593	0.00659	0.01120
63	0.00778	0.00667	0.00667	0.00667	0.00889	0.00556	0.00500	0.00945	0.01501	0.01778	0.06669	0.06336	0.72490	0.01667	0.00778	0.00222	0.00333	0.01389	0.00611	0.00556
64	0.00779	0.00664	0.00670	0.00674	0.00891	0.00555	0.00504	0.00944	0.01493	0.01775	0.06577	0.08458	0.70427	0.01679	0.00780	0.00224	0.00335	0.01404	0.00611	0.00555
65	0.01642	0.01607	0.02603	0.07679	0.66342	0.04478	0.01980	0.02027	0.01504	0.02105	0.01226	0.01618	0.01026	0.00594	0.00650	0.00196	0.00803	0.00580	0.00325	0.01015
66	0.02459	0.03138	0.01866	0.01696	0.02035	0.74221	0.01272	0.02629	0.01866	0.01611	0.01018	0.01187	0.00848	0.00678	0.00594	0.00170	0.01187	0.00424	0.00339	0.00763
67	0.01615	0.01549	0.02646	0.06725	0.70187	0.01560	0.02013	0.02008	0.01492	0.02133	0.01236	0.01634	0.01037	0.00589	0.00652	0.00196	0.00786	0.00587	0.00325	0.01031
68	0.00932	0.00673	0.00880	0.00828	0.00984	0.00621	0.00621	0.01242	0.01863	0.02640	0.72410	0.04918	0.06212	0.01346	0.00776	0.00207	0.00311	0.01191	0.00725	0.00621
69	0.01309	0.25035	0.03799	0.01144	0.01439	0.06244	0.00991	0.01546	0.01208	0.01555	0.01432	0.01980	0.01319	0.03164	0.44189	0.00688	0.01371	0.00570	0.00327	0.00691
70	0.00896	0.00665	0.00835	0.00807	0.00965	0.00604	0.00600	0.01169	0.01760	0.02426	0.56398	0.10077	0.17461	0.01450	0.00781	0.00214	0.00319	0.01272	0.00697	0.00604
71	0.02434	0.03089	0.01890	0.01768	0.04205	0.71992	0.01295	0.02610	0.01854	0.01628	0.01024	0.01201	0.00854	0.00676	0.00595	0.00170	0.01175	0.00429	0.00339	0.00772
72	0.00932	0.00673	0.00880	0.00828	0.00984	0.00621	0.00621	0.01242	0.01863	0.02640	0.72410	0.04918	0.06212	0.01346	0.00776	0.00207	0.00311	0.01191	0.00725	0.00621
73	0.02503	0.01844	0.01976	0.01515	0.02042	0.02042	0.01251	0.70562	0.03095	0.04149	0.01581	0.01581	0.01120	0.00790	0.00659	0.00198	0.00724	0.00593	0.00659	0.01120
74	0.01243	0.01170	0.01975	0.75282	0.04534	0.01463	0.01828	0.01682	0.01316	0.01682	0.01170	0.01755	0.00878	0.00658	0.00658	0.00219	0.00878	0.00585	0.00293	0.00731
75	0.01144	0.00572	0.00858	0.00858	0.00858	0.00572	0.00572	0.00858	0.00858	0.01144	0.01144	0.02001	0.01144	0.02287	0.02573	0.80846	0.00572	0.00572	0.00286	0.00286
76	0.00940	0.00705	0.01058	0.01058	0.01176	0.00823	0.00823	0.01176	0.01058	0.01528	0.01763	0.02586	0.01646	0.04937	0.74255	0.01058	0.01763	0.00705	0.00353	0.00588
77	0.01777	0.01471	0.01559	0.01360	0.01752	0.01681	0.01069	0.16208	0.56376	0.02987	0.02499	0.04535	0.01911	0.00909	0.00673	0.00220	0.00556	0.00750	0.00666	0.01041
78	0.01032	0.00778	0.00943	0.01009	0.01126	0.00795	0.00707	0.04984	0.12704	0.01969	0.03312	0.57988	0.03736	0.04476	0.00893	0.00270	0.00431	0.01590	0.00616	0.00642
79	0.00825	0.00583	0.00757	0.00887	0.00919	0.00550	0.00579	0.00923	0.01215	0.01620	0.03396	0.65637	0.04061	0.13260	0.01216	0.00323	0.00420	0.01735	0.00579	0.00514
80	0.01320	0.03405	0.73453	0.01876	0.02849	0.01529	0.02432	0.02085	0.01390	0.02085	0.01181	0.01390	0.00834	0.00625	0.00625	0.00208	0.00973	0.00486	0.00278	0.00973
81	0.01194	0.01037	0.03769	0.01359	0.01604	0.00972	0.10819	0.08149	0.03348	0.02091	0.02894	0.31549	0.03145	0.04582	0.00923	0.00276	0.00616	0.20433	0.00557	0.00685
82	0.01498	0.31848	0.04710	0.05088	0.04066	0.11379	0.01070	0.01738	0.01489	0.01755	0.08893	0.02795	0.15069	0.03156	0.00674	0.00194	0.00678	0.02748	0.00409	0.00743
83	0.01398	0.01185	0.01374	0.01004	0.01566	0.00933	0.00800	0.04022	0.03681	0.02220	0.01296	0.03330	0.01100	0.00551	0.00508	0.00109	0.00494	0.00446	0.00414	0.73570
84	0.01755	0.01565	0.17944	0.01273	0.01776	0.01073	0.03231	0.06763	0.03799	0.24446	0.03152	0.11394	0.16807	0.01089	0.00702	0.00217	0.00613	0.00917	0.00595	0.00890
85	0.00957	0.00638	0.00718	0.00718	0.00718	0.00638	0.00399	0.00957	0.00957	0.01276	0.02074	0.04308	0.02393	0.76864	0.03351	0.00638	0.00638	0.00957	0.00399	0.00399
86	0.71851	0.01321	0.01092	0.00956	0.01350	0.01544	0.00789	0.06524	0.01247	0.02959	0.00958	0.01124	0.00748	0.00653	0.00520	0.00208	0.04614	0.00384	0.00418	0.00741
87	0.29316	0.02153	0.25269	0.01559	0.02190	0.03724	0.10196	0.08154	0.07210	0.02610	0.01261	0.01425	0.00934	0.00649	0.00575	0.00208	0.00777	0.00507	0.00397	0.00884
88	0.02609	0.01127	0.01477	0.01155	0.01614	0.01024	0.00945	0.09660	0.02002	0.55858	0.12825	0.02571	0.02257	0.00891	0.00679	0.00204	0.00540	0.00733	0.00786	0.01046
89	0.01475	0.01498	0.02011	0.01727	0.01739	0.04455	0.01435	0.01620	0.01037	0.01585	0.00869	0.01432	0.00864	0.01136	0.02108	0.00284	0.73144	0.00571	0.00290	0.00722
90	0.01380	0.13430	0.63951	0.01775	0.02692	0.01675	0.02255	0.02069	0.01383	0.02012	0.01145	0.01345	0.00835	0.00617	0.00598	0.00199	0.00936	0.00468	0.00278	0.00956
91	0.01085	0.00787	0.00856	0.00826	0.00876	0.02990	0.00515	0.04791	0.01111	0.01467	0.01984	0.03890	0.02201	0.63114	0.10320	0.00643	0.00774	0.00896	0.00406	0.00468
92	0.00802	0.00573	0.00764	0.00917	0.00955	0.00535	0.00611	0.00917	0.01260	0.01681	0.03628	0.76434	0.04354	0.02062	0.00840	0.00267	0.00382	0.01872	0.00611	0.00535
93	0.01849	0.01555	0.01579	0.01377	0.01774	0.05473	0.01081	0.12916	0.55804	0.05359	0.02434	0.02258	0.01810	0.00865	0.00664	0.00216	0.00586	0.00703	0.00656	0.01041
94	0.01608	0.01616	0.05063	0.05998	0.68432	0.01560	0.02029	0.02013	0.01490	0.02135	0.01234	0.01625	0.01031	0.00590	0.00651	0.00197	0.00791	0.00583	0.00323	0.01032
95	0.02503	0.01844	0.01976	0.01515	0.02042	0.02042	0.01251	0.70562	0.03095	0.04149	0.01581	0.01581	0.01120	0.00790	0.00659	0.00198	0.00724	0.00593	0.00659	0.01120
96	0.00868	0.00621	0.00835	0.00956	0.01032	0.00588	0.00693	0.01046	0.01398	0.01879	0.14090	0.53214	0.04536	0.01910	0.00843	0.00265	0.00411	0.13628	0.00628	0.00561
97	0.01530	0.01688	0.03556	0.02880	0.13833	0.01597	0.56767	0.02040	0.01532	0.02095	0.01424	0.05219	0.01161	0.00630	0.00761	0.00220	0.01026	0.00799	0.00345	0.00895
98	0.07153	0.11253	0.56931	0.01713	0.02568	0.05450	0.02107	0.02090	0.01390	0.02064	0.01125	0.01320	0.00827	0.00620	0.00586	0.00199	0.00922	0.00459	0.00291	0.00929
99	0.00822	0.00592	0.00781	0.00909	0.00969	0.00551	0.00623	0.00963	0.01334	0.01784	0.10165	0.64770	0.07075	0.01972	0.00834	0.00261	0.00381	0.04044	0.00622	0.00546
100	0.01629	0.01564	0.02672	0.04041	0.72757	0.01564	0.02020	0.02020	0.01499	0.02151	0.01238	0.01629	0.01043	0.00587	0.00652	0.00196	0.00782	0.00587	0.00326	0.01043
101	0.01716	0.01527	0.02536	0.03712	0.64404	0.01529	0.01901	0.02175	0.05195	0.06813	0.01402	0.01713	0.01132	0.00617	0.00653	0.00198	0.00754	0.00600	0.00376	0.01048
102	0.02737	0.01399	0.01615	0.01268	0.01753	0.06643	0.01034	0.15531	0.03968	0.51114	0.04407	0.02127	0.01626	0.00818	0.00660	0.00201	0.00629	0.00650	0.00744	0.01076
103	0.11064	0.01400	0.01632	0.01264	0.01769	0.01413	0.01044	0.27647	0.02246	0.40616	0.02049	0.01877	0.01347	0.00784	0.00634	0.00201	0.00615	0.00605	0.00715	0.01077
104	0.02323	0.02497	0.01826	0.01586	0.01979	0.42670	0.01226	0.20259	0.14650	0.02468	0.01460	0.01515	0.01126	0.00746	0.00624	0.00186	0.00949	0.00525	0.00481	0.00905

[dist]
# distance from previous block
# <min> <max>
0	1

[block]
# block no. 3 follows, 33 sequences, length 196
# corresponding to MSA columns:
# 197-392
name=unknown_D
#
# <colnr> <probs for GDERKNQSTAVLIFYWHMCP>
#	G	D	E	R	K	N	Q	S	T	A	V	L	I	F	Y	W	H	M	C	P
0	0.62196	0.01729	0.01187	0.01069	0.01459	0.19253	0.00850	0.02105	0.01302	0.02626	0.00941	0.01098	0.00746	0.00628	0.00453	0.00195	0.00675	0.00373	0.00391	0.00725
1	0.01654	0.01612	0.02648	0.03970	0.70628	0.03751	0.01998	0.02039	0.01510	0.02135	0.01232	0.01616	0.01037	0.00589	0.00650	0.00195	0.00794	0.00582	0.00326	0.01034
2	0.01629	0.01564	0.02672	0.04041	0.72757	0.01564	0.02020	0.02020	0.01499	0.02151	0.01238	0.01629	0.01043	0.00587	0.00652	0.00196	0.00782	0.00587	0.00326	0.01043
3	0.01629	0.01564	0.02672	0.04041	0.72757	0.01564	0.02020	0.02020	0.01499	0.02151	0.01238	0.01629	0.01043	0.00587	0.00652	0.00196	0.00782	0.00587	0.00326	0.01043
4	0.01320	0.03405	0.73453	0.01876	0.02849	0.01529	0.02432	0.02085	0.01390	0.02085	0.01181	0.01390	0.00834	0.00625	0.00625	0.00208	0.00973	0.00486	0.00278	0.00973
5	0.18869	0.01396	0.01403	0.01232	0.01618	0.01597	0.00974	0.11074	0.44511	0.02958	0.05887	0.02185	0.01848	0.00844	0.00618	0.00215	0.00532	0.00667	0.00615	0.00958
6	0.01440	0.01440	0.02016	0.01728	0.01728	0.02016	0.01440	0.01584	0.01008	0.01584	0.00864	0.01440	0.00864	0.01152	0.02160	0.00288	0.75659	0.00576	0.00288	0.00720
7	0.01629	0.01564	0.02672	0.04041	0.72757	0.01564	0.02020	0.02020	0.01499	0.02151	0.01238	0.01629	0.01043	0.00587	0.00652	0.00196	0.00782	0.00587	0.00326	0.01043
8	0.02954	0.01120	0.01528	0.01171	0.01681	0.00968	0.00968	0.03208	0.01884	0.73213	0.02597	0.02241	0.01630	0.00815	0.00662	0.00204	0.00560	0.00662	0.00815	0.01120
9	0.02459	0.03138	0.01866	0.01696	0.02035	0.74221	0.01272	0.02629	0.01866	0.01611	0.01018	0.01187	0.00848	0.00678	0.00594	0.00170	0.01187	0.00424	0.00339	0.00763
10	0.00957	0.00638	0.00718	0.00718	0.00718	0.00638	0.00399	0.00957	0.00957	0.01276	0.02074	0.04308	0.02393	0.76864	0.03351	0.00638	0.00638	0.00957	0.00399	0.00399
11	0.01320	0.03405	0.73453	0.01876	0.02849	0.01529	0.02432	0.02085	0.01390	0.02085	0.01181	0.01390	0.00834	0.00625	0.00625	0.00208	0.00973	0.00486	0.00278	0.00973
12	0.00778	0.00667	0.00667	0.00667	0.00889	0.00556	0.00500	0.00945	0.01501	0.01778	0.06669	0.06336	0.72490	0.01667	0.00778	0.00222	0.00333	0.01389	0.00611	0.00556
13	0.09294	0.70082	0.03215	0.01102	0.01650	0.02498	0.01087	0.01968	0.01317	0.01682	0.00915	0.01057	0.00832	0.00568	0.00421	0.00147	0.00686	0.00352	0.00293	0.00832
14	0.00802	0.00573	0.00764	0.00917	0.00955	0.00535	0.00611	0.00917	0.01260	0.01681	0.03628	0.76434	0.04354	0.02062	0.00840	0.00267	0.00382	0.01872	0.00611	0.00535
15	0.01378	0.01212	0.01539	0.01100	0.01690	0.00932	0.05592	0.01689	0.01378	0.02143	0.01181	0.01394	0.00977	0.00492	0.00508	0.00106	0.00531	0.00417	0.00386	0.75357
16	0.08740	0.68586	0.05140	0.01124	0.01685	0.02477	0.01126	0.01971	0.01320	0.01687	0.00923	0.01066	0.00833	0.00569	0.00427	0.00148	0.00694	0.00356	0.00293	0.00837
17	0.02954	0.01120	0.01528	0.01171	0.01681	0.00968	0.00968	0.03208	0.01884	0.73213	0.02597	0.02241	0.01630	0.00815	0.00662	0.00204	0.00560	0.00662	0.00815	0.01120
18	0.01606	0.01541	0.02630	0.08321	0.68659	0.01558	0.02009	0.02000	0.01488	0.02123	0.01234	0.01637	0.01033	0.00591	0.00652	0.00197	0.00788	0.00586	0.00324	0.01024
19	0.00901	0.00701	0.00838	0.00888	0.01076	0.00638	0.00722	0.01135	0.01549	0.01952	0.13306	0.06570	0.39191	0.01685	0.00826	0.00250	0.00432	0.26133	0.00623	0.00582
20	0.81514	0.01273	0.00968	0.00866	0.01273	0.01477	0.00713	0.01935	0.01120	0.02954	0.00917	0.01069	0.00713	0.00611	0.00407	0.00204	0.00509	0.00356	0.00407	0.00713
21	0.01342	0.03256	0.67092	0.01959	0.02903	0.01541	0.08644	0.02087	0.01405	0.02087	0.01195	0.01425	0.00849	0.00619	0.00639	0.00210	0.00985	0.00513	0.00283	0.00965
22	0.00932	0.00673	0.00880	0.00828	0.00984	0.00621	0.00621	0.01242	0.01863	0.02640	0.72410	0.04918	0.06212	0.01346	0.00776	0.00207	0.00311	0.01191	0.00725	0.00621
23	0.00932	0.00673	0.00880	0.00828	0.00984	0.00621	0.00621	0.01242	0.01863	0.02640	0.72410	0.04918	0.06212	0.01346	0.00776	0.00207	0.00311	0.01191	0.00725	0.00621
24	0.01637	0.01414	0.01489	0.01340	0.01712	0.01637	0.01042	0.03498	0.71568	0.02754	0.02679	0.02456	0.02010	0.00893	0.00670	0.00223	0.00521	0.00744	0.00670	0.01042
25	0.01243	0.01170	0.01975	0.75282	0.04534	0.01463	0.01828	0.01682	0.01316	0.01682	0.01170	0.01755	0.00878	0.00658	0.00658	0.00219	0.00878	0.00585	0.00293	0.00731
26	0.00957	0.00638	0.00718	0.00718	0.00718	0.00638	0.00399	0.00957	0.00957	0.01276	0.02074	0.04308	0.02393	0.76864	0.03351	0.00638	0.00638	0.00957	0.00399	0.00399
27	0.01365	0.01170	0.01365	0.00975	0.01560	0.00878	0.00780	0.01658	0.01365	0.02145	0.01170	0.01365	0.00975	0.00488	0.00488	0.00098	0.00488	0.00390	0.00390	0.80888
28	0.01365	0.01170	0.01365	0.00975	0.01560	0.00878	0.00780	0.01658	0.01365	0.02145	0.01170	0.01365	0.00975	0.00488	0.00488	0.00098	0.00488	0.00390	0.00390	0.80888
29	0.01320	0.03405	0.73453	0.01876	0.02849	0.01529	0.02432	0.02085	0.01390	0.02085	0.01181	0.01390	0.00834	0.00625	0.00625	0.00208	0.00973	0.00486	0.00278	0.00973
30	0.01365	0.01170	0.01365	0.00975	0.01560	0.00878	0.00780	0.01658	0.01365	0.02145	0.01170	0.01365	0.00975	0.00488	0.00488	0.00098	0.00488	0.00390	0.00390	0.80888
31	0.02503	0.01844	0.01976	0.01515	0.02042	0.02042	0.01251	0.70562	0.03095	0.04149	0.01581	0.01581	0.01120	0.00790	0.00659	0.00198	0.00724	0.00593	0.00659	0.01120
32	0.81514	0.01273	0.00968	0.00866	0.01273	0.01477	0.00713	0.01935	0.01120	0.02954	0.00917	0.01069	0.00713	0.00611	0.00407	0.00204	0.00509	0.00356	0.00407	0.00713
33	0.00940	0.00705	0.01058	0.01058	0.01176	0.00823	0.00823	0.01176	0.01058	0.01528	0.01763	0.02586	0.01646	0.04937	0.74255	0.01058	0.01763	0.00705	0.00353	0.00588
34	0.00802	0.00573	0.00764	0.00917	0.00955	0.00535	0.00611	0.00917	0.01260	0.01681	0.03628	0.76434	0.04354	0.02062	0.00840	0.00267	0.00382	0.01872	0.00611	0.00535
35	0.01440	0.01440	0.02016	0.01728	0.01728	0.02016	0.01440	0.01584	0.01008	0.01584	0.00864	0.01440	0.00864	0.01152	0.02160	0.00288	0.75659	0.00576	0.00288	0.00720
36	0.00778	0.00667	0.00667	0.00667	0.00889	0.00556	0.00500	0.00945	0.01501	0.01778	0.06669	0.06336	0.72490	0.01667	0.00778	0.00222	0.00333	0.01389	0.00611	0.00556
37	0.81514	0.01273	0.00968	0.00866	0.01273	0.01477	0.00713	0.01935	0.01120	0.02954	0.00917	0.01069	0.00713	0.00611	0.00407	0.00204	0.00509	0.00356	0.00407	0.00713
38	0.01440	0.01440	0.02016	0.01728	0.01728	0.02016	0.01440	0.01584	0.01008	0.01584	0.00864	0.01440	0.00864	0.01152	0.02160	0.00288	0.75659	0.00576	0.00288	0.00720
39	0.02954	0.01120	0.01528	0.01171	0.01681	0.00968	0.00968	0.03208	0.01884	0.73213	0.02597	0.02241	0.01630	0.00815	0.00662	0.00204	0.00560	0.00662	0.00815	0.01120
40	0.01629	0.01564	0.02672	0.04041	0.72757	0.01564	0.02020	0.02020	0.01499	0.02151	0.01238	0.01629	0.01043	0.00587	0.00652	0.00196	0.00782	0.00587	0.00326	0.01043
41	0.02954	0.01120	0.01528	0.01171	0.01681	0.00968	0.00968	0.03208	0.01884	0.73213	0.02597	0.02241	0.01630	0.00815	0.00662	0.00204	0.00560	0.00662	0.00815	0.01120
42	0.02954	0.01120	0.01528	0.01171	0.01681	0.00968	0.00968	0.03208	0.01884	0.73213	0.02597	0.02241	0.01630	0.00815	0.00662	0.00204	0.00560	0.00662	0.00815	0.01120
43	0.00793	0.00610	0.00726	0.00818	0.00929	0.00543	0.00567	0.00928	0.01355	0.01719	0.04831	0.48716	0.31296	0.01906	0.00816	0.00250	0.00363	0.01681	0.00611	0.00543
44	0.00802	0.00573	0.00764	0.00917	0.00955	0.00535	0.00611	0.00917	0.01260	0.01681	0.03628	0.76434	0.04354	0.02062	0.00840	0.00267	0.00382	0.01872	0.00611	0.00535
45	0.02459	0.03138	0.01866	0.01696	0.02035	0.74221	0.01272	0.02629	0.01866	0.01611	0.01018	0.01187	0.00848	0.00678	0.00594	0.00170	0.01187	0.00424	0.00339	0.00763
46	0.01533	0.01921	0.10088	0.02695	0.03388	0.01653	0.64308	0.02107	0.01539	0.02107	0.01318	0.01741	0.00984	0.00561	0.00763	0.00221	0.01098	0.00751	0.00328	0.00895
47	0.00940	0.00705	0.01058	0.01058	0.01176	0.00823	0.00823	0.01176	0.01058	0.01528	0.01763	0.02586	0.01646	0.04937	0.74255	0.01058	0.01763	0.00705	0.00353	0.00588
48	0.00957	0.00638	0.00718	0.00718	0.00718	0.00638	0.00399	0.00957	0.00957	0.01276	0.02074	0.04308	0.02393	0.76864	0.03351	0.00638	0.00638	0.00957	0.00399	0.00399
49	0.02954	0.01120	0.01528	0.01171	0.01681	0.00968	0.00968	0.03208	0.01884	0.73213	0.02597	0.02241	0.01630	0.00815	0.00662	0.00204	0.00560	0.00662	0.00815	0.01120
50	0.01556	0.04471	0.03622	0.02705	0.07785	0.01724	0.57211	0.02051	0.01494	0.02044	0.01269	0.01710	0.00984	0.00611	0.00879	0.00223	0.07721	0.00731	0.00327	0.00882
51	0.02523	0.01722	0.20477	0.01357	0.01988	0.01115	0.01353	0.02912	0.01754	0.54474	0.02224	0.02017	0.01420	0.00765	0.00652	0.00205	0.00669	0.00616	0.00673	0.01082
52	0.00941	0.00701	0.01038	0.01038	0.01149	0.00812	0.00798	0.01163	0.01052	0.01513	0.01782	0.02688	0.01690	0.09169	0.70083	0.01033	0.01697	0.00720	0.00355	0.00577
53	0.01658	0.01618	0.02645	0.03961	0.70351	0.04036	0.01995	0.02041	0.01511	0.02132	0.01231	0.01614	0.01036	0.00590	0.00650	0.00195	0.00796	0.00581	0.00326	0.01033
54	0.81514	0.01273	0.00968	0.00866	0.01273	0.01477	0.00713	0.01935	0.01120	0.02954	0.00917	0.01069	0.00713	0.00611	0.00407	0.00204	0.00509	0.00356	0.00407	0.00713
55	0.01629	0.01564	0.02672	0.04041	0.72757	0.01564	0.02020	0.02020	0.01499	0.02151	0.01238	0.01629	0.01043	0.00587	0.00652	0.00196	0.00782	0.00587	0.00326	0.01043
56	0.00810	0.00578	0.00773	0.00925	0.00967	0.00541	0.00624	0.00930	0.01268	0.01689	0.03624	0.74412	0.04338	0.02055	0.00842	0.00268	0.00389	0.03819	0.00611	0.00537
57	0.00778	0.00667	0.00667	0.00667	0.00889	0.00556	0.00500	0.00945	0.01501	0.01778	0.06669	0.06336	0.72490	0.01667	0.00778	0.00222	0.00333	0.01389	0.00611	0.00556
58	0.00783	0.00667	0.00674	0.00672	0.00892	0.00558	0.00504	0.00954	0.01512	0.01805	0.08715	0.06291	0.70428	0.01657	0.00778	0.00222	0.00333	0.01383	0.00615	0.00558
59	0.01243	0.01170	0.01975	0.75282	0.04534	0.01463	0.01828	0.01682	0.01316	0.01682	0.01170	0.01755	0.00878	0.00658	0.00658	0.00219	0.00878	0.00585	0.00293	0.00731
60	0.00957	0.00638	0.00718	0.00718	0.00718	0.00638	0.00399	0.00957	0.00957	0.01276	0.02074	0.04308	0.02393	0.76864	0.03351	0.00638	0.00638	0.00957	0.00399	0.00399
61	0.01760	0.77260	0.03450	0.01126	0.01690	0.02605	0.01126	0.01971	0.01338	0.01549	0.00915	0.01056	0.00845	0.00563	0.00422	0.00141	0.00704	0.00352	0.00282	0.00845
62	0.01760	0.77260	0.03450	0.01126	0.01690	0.02605	0.01126	0.01971	0.01338	0.01549	0.00915	0.01056	0.00845	0.00563	0.00422	0.00141	0.00704	0.00352	0.00282	0.00845
63	0.01637	0.01414	0.01489	0.01340	0.01712	0.01637	0.01042	0.03498	0.71568	0.02754	0.02679	0.02456	0.02010	0.00893	0.00670	0.00223	0.00521	0.00744	0.00670	0.01042
64	0.02459	0.03138	0.01866	0.01696	0.02035	0.74221	0.01272	0.02629	0.01866	0.01611	0.01018	0.01187	0.00848	0.00678	0.00594	0.00170	0.01187	0.00424	0.00339	0.00763
65	0.01365	0.01170	0.01365	0.00975	0.01560	0.00878	0.00780	0.01658	0.01365	0.02145	0.01170	0.01365	0.00975	0.00488	0.00488	0.00098	0.00488	0.00390	0.00390	0.80888
66	0.02477	0.01831	0.01961	0.01510	0.02032	0.02030	0.01245	0.68594	0.05105	0.04108	0.01613	0.01606	0.01146	0.00793	0.00659	0.00198	0.00718	0.00597	0.00659	0.01117
67	0.01615	0.01549	0.02646	0.06747	0.70166	0.01560	0.02013	0.02008	0.01492	0.02133	0.01236	0.01634	0.01037	0.00589	0.00652	0.00196	0.00786	0.00587	0.00325	0.01031
