[name]
unknown

[dist]
# distance from previous block
# <min> <max>
0	44

[block]
# block no. 0 follows, 34 sequences, length 6
# corresponding to MSA columns:
# 44-49
name=unknown_A
#
# <colnr> <probs for GDERKNQSTAVLIFYWHMCP>
#	G	D	E	R	K	N	Q	S	T	A	V	L	I	F	Y	W	H	M	C	P
0	0.01041	0.00744	0.01041	0.01190	0.01339	0.00744	0.01041	0.01339	0.01487	0.01934	0.03421	0.07288	0.03719	0.01785	0.00892	0.00297	0.00595	0.68913	0.00595	0.00595
1	0.00980	0.00786	0.00827	0.00859	0.00924	0.05725	0.00564	0.01063	0.01144	0.01459	0.02759	0.25319	0.08671	0.35899	0.09716	0.00497	0.00681	0.01176	0.00461	0.00488
2	0.02408	0.01278	0.01781	0.01374	0.01850	0.01226	0.08923	0.16187	0.04958	0.42129	0.05631	0.05665	0.01787	0.00852	0.00676	0.00205	0.00621	0.00733	0.00696	0.01020
3	0.08399	0.01248	0.01873	0.26551	0.22656	0.01352	0.01487	0.02132	0.07507	0.14054	0.01631	0.05581	0.01286	0.00738	0.00634	0.00208	0.00698	0.00646	0.00439	0.00883
4	0.04791	0.01617	0.01845	0.12638	0.09392	0.09544	0.04123	0.19852	0.19021	0.02688	0.06555	0.01963	0.01565	0.00771	0.00645	0.00202	0.00719	0.00637	0.00512	0.00921
5	0.11205	0.01001	0.01162	0.04545	0.01439	0.01007	0.00806	0.06080	0.08092	0.22258	0.12844	0.03021	0.11180	0.04415	0.00753	0.00220	0.00482	0.00788	0.07893	0.00809

[dist]
# distance from previous block
# <min> <max>
4	17

[block]
# block no. 1 follows, 34 sequences, length 66
# corresponding to MSA columns:
# 67-132
name=unknown_B
#
# <colnr> <probs for GDERKNQSTAVLIFYWHMCP>
#	G	D	E	R	K	N	Q	S	T	A	V	L	I	F	Y	W	H	M	C	P
0	0.09917	0.01141	0.01457	0.03371	0.03543	0.01210	0.06683	0.16135	0.09155	0.02532	0.07440	0.25282	0.02632	0.01227	0.00710	0.00228	0.00565	0.05436	0.00564	0.00774
1	0.07737	0.01310	0.01569	0.06798	0.05940	0.05454	0.04442	0.17273	0.06151	0.07439	0.04348	0.17370	0.02123	0.01077	0.00686	0.00218	0.00635	0.06398	0.00544	0.02489
2	0.08197	0.01076	0.01293	0.03703	0.01526	0.01041	0.00857	0.10818	0.03882	0.25925	0.06348	0.11546	0.04108	0.06942	0.00849	0.00231	0.00532	0.00808	0.00613	0.09705
3	0.01756	0.01442	0.01708	0.03646	0.01849	0.06324	0.06798	0.21431	0.11452	0.06511	0.07627	0.11710	0.01998	0.00960	0.00752	0.00205	0.04751	0.00801	0.00555	0.07724
4	0.01625	0.01116	0.01320	0.03503	0.03231	0.01187	0.00911	0.13546	0.20088	0.11793	0.06258	0.13844	0.02398	0.12913	0.01100	0.00283	0.00555	0.02894	0.00606	0.00829
5	0.01242	0.00988	0.01103	0.01059	0.01295	0.02922	0.00828	0.05580	0.20030	0.03786	0.16467	0.11957	0.14654	0.01442	0.02792	0.00252	0.00504	0.11734	0.00628	0.00735
6	0.02151	0.01036	0.01290	0.01059	0.01396	0.00989	0.00812	0.08655	0.06749	0.39691	0.02346	0.04792	0.01868	0.22564	0.01404	0.00324	0.00579	0.00764	0.00654	0.00877
7	0.01502	0.01297	0.02133	0.19209	0.38340	0.01342	0.03774	0.01914	0.03548	0.07209	0.07710	0.02229	0.05493	0.00738	0.00663	0.00202	0.00712	0.00685	0.00406	0.00894
8	0.01248	0.01166	0.01904	0.70371	0.04250	0.01448	0.01739	0.01779	0.06399	0.01727	0.01255	0.01772	0.00941	0.00663	0.00647	0.00216	0.00836	0.00585	0.00314	0.00740
9	0.01710	0.01592	0.01487	0.01317	0.01690	0.11789	0.01021	0.04948	0.52740	0.02529	0.02246	0.02135	0.01704	0.00811	0.00626	0.00200	0.00599	0.00653	0.03446	0.06757
10	0.01661	0.01555	0.02573	0.03787	0.68122	0.01569	0.01929	0.06969	0.01584	0.02252	0.01240	0.01596	0.01029	0.00590	0.00640	0.00192	0.00764	0.00576	0.00343	0.01029
11	0.00900	0.00660	0.00843	0.00797	0.00956	0.00603	0.00598	0.01190	0.01794	0.02507	0.66335	0.04965	0.12735	0.01352	0.00762	0.00205	0.00307	0.01188	0.00700	0.00603
12	0.01740	0.01454	0.01536	0.01342	0.01731	0.01669	0.01055	0.14019	0.61292	0.02917	0.02461	0.02276	0.01836	0.00861	0.00656	0.00215	0.00543	0.00707	0.00656	0.01035
13	0.00787	0.00562	0.00750	0.00900	0.00937	0.00525	0.00600	0.00900	0.01237	0.01649	0.03561	0.76871	0.04274	0.02024	0.00825	0.00262	0.00375	0.01837	0.00600	0.00525
14	0.01340	0.01148	0.01340	0.00957	0.01531	0.00861	0.00766	0.01627	0.01340	0.02105	0.01148	0.01340	0.00957	0.00479	0.00479	0.00096	0.00479	0.00383	0.00383	0.81242
15	0.01611	0.52345	0.20401	0.01559	0.08829	0.02203	0.01500	0.01966	0.01341	0.01704	0.00992	0.01170	0.00845	0.00570	0.00485	0.00159	0.00762	0.00400	0.00280	0.00878
16	0.00787	0.00562	0.00750	0.00900	0.00937	0.00525	0.00600	0.00900	0.01237	0.01649	0.03561	0.76871	0.04274	0.02024	0.00825	0.00262	0.00375	0.01837	0.00600	0.00525
17	0.01760	0.52844	0.07556	0.01704	0.15479	0.02178	0.01344	0.02039	0.01385	0.06874	0.01095	0.01249	0.00921	0.00579	0.00487	0.00157	0.00712	0.00420	0.00322	0.00894
18	0.01122	0.00561	0.00842	0.00842	0.00842	0.00561	0.00561	0.00842	0.00842	0.01122	0.01122	0.01964	0.01122	0.02245	0.02525	0.81201	0.00561	0.00561	0.00281	0.00281
19	0.01727	0.77681	0.03386	0.01106	0.01658	0.02557	0.01106	0.01935	0.01313	0.01520	0.00898	0.01036	0.00829	0.00553	0.00415	0.00138	0.00691	0.00345	0.00276	0.00829
20	0.00938	0.00632	0.00734	0.00734	0.00744	0.00642	0.00428	0.00958	0.00948	0.01274	0.02009	0.04081	0.02285	0.70997	0.09497	0.00662	0.00722	0.00918	0.00388	0.00408
21	0.55942	0.06828	0.01340	0.01030	0.01431	0.06255	0.00855	0.07003	0.01346	0.07472	0.01061	0.01188	0.00814	0.00654	0.00535	0.00197	0.04454	0.00402	0.00425	0.00768
22	0.02655	0.14248	0.03782	0.01161	0.01682	0.01239	0.01015	0.02912	0.01745	0.59434	0.02229	0.01978	0.01447	0.00752	0.00609	0.00190	0.00585	0.00593	0.00696	0.01049
23	0.00787	0.00562	0.00750	0.00900	0.00937	0.00525	0.00600	0.00900	0.01237	0.01649	0.03561	0.76871	0.04274	0.02024	0.00825	0.00262	0.00375	0.01837	0.00600	0.00525
24	0.01296	0.03342	0.73944	0.01842	0.02797	0.01501	0.02387	0.02046	0.01364	0.02046	0.01160	0.01364	0.00818	0.00614	0.00614	0.00205	0.00955	0.00477	0.00273	0.00955
25	0.01340	0.01148	0.01340	0.00957	0.01531	0.00861	0.00766	0.01627	0.01340	0.02105	0.01148	0.01340	0.00957	0.00479	0.00479	0.00096	0.00479	0.00383	0.00383	0.81242
26	0.01256	0.01184	0.01603	0.01432	0.01481	0.03658	0.01162	0.01424	0.01029	0.01526	0.01202	0.01897	0.01168	0.05114	0.27353	0.00554	0.45378	0.00618	0.00310	0.00652
27	0.00775	0.00655	0.00670	0.00666	0.00879	0.00550	0.00500	0.00949	0.01499	0.01807	0.11391	0.06117	0.68116	0.01613	0.00764	0.00217	0.00326	0.01349	0.00608	0.00550
28	0.02492	0.01752	0.01903	0.01459	0.01975	0.01918	0.01205	0.65566	0.02941	0.09750	0.01633	0.01604	0.01140	0.00778	0.00647	0.00194	0.00698	0.00587	0.00659	0.01099
29	0.73279	0.01233	0.01009	0.00882	0.01293	0.01395	0.00727	0.02035	0.01181	0.10592	0.01079	0.01175	0.00797	0.00622	0.00427	0.00200	0.00505	0.00382	0.00443	0.00743
30	0.01553	0.01665	0.03365	0.03191	0.29676	0.01597	0.44974	0.02037	0.01505	0.02085	0.01273	0.01689	0.00997	0.00556	0.00716	0.00208	0.00968	0.00692	0.00324	0.00929
31	0.00764	0.00655	0.00655	0.00655	0.00873	0.00545	0.00491	0.00927	0.01473	0.01745	0.06546	0.06218	0.73000	0.01636	0.00764	0.00218	0.00327	0.01364	0.00600	0.00545
32	0.02414	0.03079	0.01831	0.01665	0.01998	0.74698	0.01248	0.02580	0.01831	0.01581	0.00999	0.01165	0.00832	0.00666	0.00583	0.00166	0.01165	0.00416	0.00333	0.00749
33	0.01296	0.03342	0.73944	0.01842	0.02797	0.01501	0.02387	0.02046	0.01364	0.02046	0.01160	0.01364	0.00818	0.00614	0.00614	0.00205	0.00955	0.00477	0.00273	0.00955
34	0.00791	0.00583	0.00741	0.00856	0.00928	0.00533	0.00583	0.00922	0.01308	0.01718	0.07969	0.61522	0.15334	0.01923	0.00811	0.00252	0.00363	0.01724	0.00606	0.00533
35	0.01414	0.01414	0.01979	0.01696	0.01696	0.01979	0.01414	0.01555	0.00990	0.01555	0.00848	0.01414	0.00848	0.01131	0.02120	0.00283	0.76110	0.00565	0.00283	0.00707
36	0.00948	0.00729	0.01087	0.01072	0.01182	0.00868	0.00839	0.01174	0.01036	0.01503	0.01685	0.02481	0.01576	0.04655	0.71006	0.01000	0.05547	0.00686	0.00343	0.00584
37	0.01736	0.01481	0.01724	0.01567	0.05944	0.01667	0.04697	0.13899	0.53567	0.02851	0.02311	0.02195	0.01730	0.00826	0.00660	0.00214	0.00587	0.00700	0.00619	0.01027
38	0.01599	0.01535	0.02623	0.03966	0.73262	0.01535	0.01983	0.01983	0.01471	0.02111	0.01215	0.01599	0.01023	0.00576	0.00640	0.00192	0.00768	0.00576	0.00320	0.01023
39	0.01414	0.01414	0.01979	0.01696	0.01696	0.01979	0.01414	0.01555	0.00990	0.01555	0.00848	0.01414	0.00848	0.01131	0.02120	0.00283	0.76110	0.00565	0.00283	0.00707
40	0.01414	0.01414	0.01979	0.01696	0.01696	0.01979	0.01414	0.01555	0.00990	0.01555	0.00848	0.01414	0.00848	0.01131	0.02120	0.00283	0.76110	0.00565	0.00283	0.00707
41	0.01525	0.01743	0.03813	0.02723	0.03377	0.01634	0.70915	0.02070	0.01525	0.02070	0.01307	0.01743	0.00980	0.00545	0.00763	0.00218	0.01089	0.00763	0.00327	0.00871
42	0.01682	0.01371	0.01463	0.01305	0.01678	0.01569	0.01019	0.03417	0.68046	0.06795	0.02625	0.02399	0.01951	0.00872	0.00657	0.00218	0.00514	0.00726	0.00666	0.01027
43	0.00923	0.00692	0.01038	0.01038	0.01154	0.00808	0.00808	0.01154	0.01038	0.01500	0.01731	0.02538	0.01615	0.04846	0.74732	0.01038	0.01731	0.00692	0.00346	0.00577
44	0.01087	0.00699	0.00919	0.00842	0.01025	0.00639	0.00639	0.01387	0.01831	0.08771	0.66806	0.04598	0.05706	0.01276	0.00752	0.00203	0.00326	0.01123	0.00719	0.00652
45	0.02307	0.07140	0.01896	0.01589	0.01951	0.58946	0.01219	0.07560	0.07994	0.01855	0.01175	0.01294	0.00950	0.00686	0.00584	0.00171	0.01048	0.00451	0.00380	0.00803
46	0.81856	0.01250	0.00950	0.00850	0.01250	0.01449	0.00700	0.01899	0.01100	0.02899	0.00900	0.01050	0.00700	0.00600	0.00400	0.00200	0.00500	0.00350	0.00400	0.00700
47	0.00905	0.00615	0.00732	0.00766	0.00780	0.00613	0.00460	0.00942	0.01012	0.01355	0.02362	0.20441	0.02742	0.56595	0.06490	0.00566	0.00628	0.01128	0.00436	0.00431
48	0.02414	0.03079	0.01831	0.01665	0.01998	0.74698	0.01248	0.02580	0.01831	0.01581	0.00999	0.01165	0.00832	0.00666	0.00583	0.00166	0.01165	0.00416	0.00333	0.00749
49	0.02071	0.03784	0.01602	0.01291	0.01719	0.01525	0.01037	0.13306	0.41440	0.21287	0.02395	0.02186	0.01711	0.00832	0.00646	0.00208	0.00556	0.00675	0.00681	0.01048
50	0.02839	0.01265	0.01550	0.01204	0.01695	0.05277	0.00987	0.08047	0.01935	0.64499	0.02387	0.02093	0.01519	0.00790	0.00646	0.00198	0.00597	0.00631	0.00762	0.01079
51	0.01268	0.01058	0.01110	0.01010	0.01245	0.06237	0.00770	0.09181	0.11942	0.02562	0.39743	0.08165	0.10694	0.01221	0.00725	0.00207	0.00447	0.01045	0.00652	0.00721
52	0.03583	0.23637	0.45086	0.01541	0.02324	0.01735	0.01841	0.02126	0.01394	0.09353	0.01225	0.01352	0.00899	0.00616	0.00557	0.00186	0.00829	0.00456	0.00332	0.00929
53	0.01534	0.01718	0.03670	0.02873	0.11776	0.01622	0.62631	0.02059	0.01519	0.02075	0.01296	0.01726	0.00986	0.00548	0.00748	0.00215	0.01051	0.00740	0.00326	0.00890
54	0.00932	0.00662	0.00846	0.06217	0.01107	0.00671	0.00618	0.01037	0.01140	0.01519	0.06552	0.21487	0.03045	0.42257	0.02137	0.00454	0.00563	0.07804	0.00471	0.00479
55	0.12740	0.05491	0.14439	0.01778	0.05150	0.04241	0.15326	0.13470	0.01623	0.04562	0.01348	0.05798	0.01117	0.00767	0.00792	0.00212	0.09250	0.00623	0.00404	0.00868
56	0.01436	0.27485	0.51030	0.01603	0.02427	0.01844	0.01971	0.02010	0.01348	0.01875	0.01075	0.01258	0.00822	0.00594	0.00549	0.00183	0.00869	0.00435	0.00274	0.00914
57	0.00793	0.00566	0.00754	0.00896	0.00938	0.00528	0.00600	0.00913	0.01262	0.01689	0.06446	0.73875	0.04349	0.01995	0.00822	0.00260	0.00372	0.01809	0.00604	0.00528
58	0.01846	0.01823	0.08038	0.02100	0.18141	0.07985	0.05782	0.23417	0.13393	0.02721	0.01699	0.07097	0.01398	0.00799	0.00659	0.00202	0.00751	0.00683	0.00493	0.00971
59	0.01623	0.09493	0.17489	0.01287	0.01759	0.09208	0.01236	0.08694	0.07063	0.06141	0.07789	0.04586	0.01688	0.00798	0.00631	0.00184	0.02749	0.00620	0.11898	0.05064
60	0.01402	0.01595	0.11623	0.08646	0.31923	0.01362	0.12281	0.03886	0.01458	0.02054	0.01628	0.13578	0.01515	0.00823	0.00679	0.00209	0.00770	0.00793	0.02897	0.00876
61	0.00799	0.00578	0.00756	0.00876	0.00936	0.00535	0.00594	0.00935	0.01314	0.01754	0.11051	0.65061	0.08565	0.01927	0.00814	0.00254	0.00365	0.01738	0.00612	0.00535
62	0.07897	0.19020	0.06830	0.01507	0.07997	0.06970	0.01215	0.10372	0.11420	0.18203	0.01630	0.01624	0.01196	0.00695	0.00571	0.00185	0.00682	0.00527	0.00504	0.00957
63	0.12764	0.01532	0.02181	0.11770	0.34063	0.03318	0.05323	0.13209	0.05374	0.02496	0.01292	0.01571	0.01014	0.00636	0.00615	0.00198	0.00746	0.00560	0.00398	0.00938
64	0.01771	0.53485	0.14625	0.01315	0.01921	0.06028	0.03790	0.02079	0.01395	0.06835	0.01080	0.01205	0.00889	0.00586	0.00485	0.00158	0.00763	0.00407	0.00318	0.00866
65	0.01507	0.01206	0.01393	0.01032	0.01578	0.01003	0.00826	0.05647	0.08623	0.05947	0.01392	0.01504	0.01100	0.00551	0.00515	0.00119	0.00498	0.00442	0.00446	0.64670

[dist]
# distance from previous block
# <min> <max>
0	11

[block]
# block no. 2 follows, 34 sequences, length 34
# corresponding to MSA columns:
# 144-177
name=unknown_C
#
# <colnr> <probs for GDERKNQSTAVLIFYWHMCP>
#	G	D	E	R	K	N	Q	S	T	A	V	L	I	F	Y	W	H	M	C	P
0	0.02178	0.01637	0.07637	0.03778	0.06811	0.04838	0.05137	0.17827	0.06511	0.25316	0.01769	0.01780	0.01239	0.00750	0.00736	0.00200	0.05613	0.00595	0.00565	0.05086
1	0.01195	0.00978	0.00955	0.00899	0.01120	0.08957	0.00676	0.01458	0.03690	0.07717	0.27727	0.10157	0.29301	0.01362	0.00735	0.00209	0.00440	0.01153	0.00625	0.00646
2	0.02518	0.01173	0.01489	0.01170	0.01623	0.01108	0.00956	0.13682	0.05605	0.50304	0.11077	0.02432	0.02094	0.00864	0.00663	0.00200	0.00543	0.00707	0.00757	0.01035
3	0.01553	0.01413	0.02267	0.36162	0.21094	0.03931	0.09430	0.04842	0.05082	0.05958	0.01347	0.01730	0.01021	0.00643	0.00656	0.00207	0.00832	0.00603	0.00363	0.00865
4	0.01537	0.04332	0.12134	0.03136	0.35692	0.01601	0.27946	0.02022	0.01473	0.02068	0.01232	0.01605	0.00975	0.00568	0.00675	0.00202	0.00910	0.00626	0.00315	0.00951
5	0.00805	0.00623	0.00741	0.00826	0.00954	0.00558	0.00602	0.00961	0.01368	0.01723	0.04845	0.38284	0.34144	0.01828	0.00806	0.00247	0.00379	0.09165	0.00599	0.00542
6	0.00947	0.00726	0.00863	0.00847	0.01016	0.00696	0.00632	0.01235	0.05432	0.03963	0.24596	0.19304	0.30758	0.01534	0.00829	0.00225	0.03853	0.01310	0.00626	0.00609
7	0.23271	0.01237	0.01650	0.01272	0.01765	0.01192	0.09404	0.04592	0.01648	0.44616	0.01941	0.01826	0.01276	0.00716	0.00598	0.00202	0.00607	0.00584	0.00634	0.00968
8	0.00826	0.00609	0.00774	0.00835	0.00937	0.00556	0.00587	0.01010	0.01469	0.01978	0.27150	0.42529	0.14893	0.01733	0.00795	0.00236	0.00345	0.01545	0.00637	0.00556
9	0.01490	0.01989	0.14617	0.02587	0.03287	0.01613	0.60357	0.02066	0.01500	0.02066	0.01284	0.01685	0.00955	0.00555	0.00740	0.00216	0.01069	0.00719	0.00318	0.00884
10	0.01505	0.01681	0.03560	0.07501	0.06935	0.01629	0.60266	0.02018	0.01487	0.02025	0.01275	0.01722	0.00970	0.00575	0.00800	0.00219	0.03914	0.00733	0.00322	0.00863
11	0.02414	0.03079	0.01831	0.01665	0.01998	0.74698	0.01248	0.02580	0.01831	0.01581	0.00999	0.01165	0.00832	0.00666	0.00583	0.00166	0.01165	0.00416	0.00333	0.00749
12	0.00771	0.00626	0.00684	0.00731	0.00893	0.00539	0.00525	0.00919	0.01399	0.01716	0.05618	0.28179	0.51638	0.01757	0.00783	0.00232	0.00342	0.01511	0.00600	0.00539
13	0.01601	0.01574	0.02512	0.11254	0.62541	0.05243	0.01926	0.01979	0.01471	0.02037	0.01197	0.01590	0.00997	0.00588	0.00637	0.00193	0.00797	0.00567	0.00317	0.00978
14	0.00940	0.00626	0.00705	0.00705	0.00705	0.00626	0.00392	0.00940	0.00940	0.01253	0.02036	0.04228	0.02349	0.77292	0.03289	0.00626	0.00626	0.00940	0.00392	0.00392
15	0.01414	0.01414	0.01979	0.01696	0.01696	0.01979	0.01414	0.01555	0.00990	0.01555	0.00848	0.01414	0.00848	0.01131	0.02120	0.00283	0.76110	0.00565	0.00283	0.00707
16	0.78182	0.01275	0.00995	0.00879	0.01284	0.01475	0.00724	0.05102	0.01189	0.02953	0.00930	0.01073	0.00718	0.00608	0.00411	0.00200	0.00510	0.00361	0.00411	0.00718
17	0.81856	0.01250	0.00950	0.00850	0.01250	0.01449	0.00700	0.01899	0.01100	0.02899	0.00900	0.01050	0.00700	0.00600	0.00400	0.00200	0.00500	0.00350	0.00400	0.00700
18	0.81856	0.01250	0.00950	0.00850	0.01250	0.01449	0.00700	0.01899	0.01100	0.02899	0.00900	0.01050	0.00700	0.00600	0.00400	0.00200	0.00500	0.00350	0.00400	0.00700
19	0.00931	0.00659	0.00870	0.00870	0.00927	0.00716	0.00598	0.01046	0.00989	0.01375	0.01885	0.03391	0.01985	0.41378	0.38706	0.00831	0.01174	0.00817	0.00369	0.00483
20	0.01560	0.01392	0.01730	0.05728	0.07270	0.01567	0.06252	0.03067	0.55831	0.02551	0.04249	0.02329	0.01879	0.00829	0.00666	0.00216	0.00587	0.00725	0.00589	0.00984
21	0.02414	0.03079	0.01831	0.01665	0.01998	0.74698	0.01248	0.02580	0.01831	0.01581	0.00999	0.01165	0.00832	0.00666	0.00583	0.00166	0.01165	0.00416	0.00333	0.00749
22	0.01414	0.01414	0.01979	0.01696	0.01696	0.01979	0.01414	0.01555	0.00990	0.01555	0.00848	0.01414	0.00848	0.01131	0.02120	0.00283	0.76110	0.00565	0.00283	0.00707
23	0.01252	0.00700	0.00651	0.00644	0.00802	0.03540	0.00483	0.01548	0.01374	0.02376	0.02064	0.02360	0.01623	0.00749	0.00457	0.00151	0.00335	0.00595	0.77685	0.00608
24	0.00826	0.00626	0.00821	0.00930	0.00981	0.00621	0.00643	0.00945	0.01242	0.01652	0.03650	0.65673	0.10165	0.01932	0.00904	0.00260	0.05301	0.01712	0.00579	0.00539
25	0.00940	0.00626	0.00705	0.00705	0.00705	0.00626	0.00392	0.00940	0.00940	0.01253	0.02036	0.04228	0.02349	0.77292	0.03289	0.00626	0.00626	0.00940	0.00392	0.00392
26	0.01122	0.00561	0.00842	0.00842	0.00842	0.00561	0.00561	0.00842	0.00842	0.01122	0.01122	0.01964	0.01122	0.02245	0.02525	0.81201	0.00561	0.00561	0.00281	0.00281
27	0.01648	0.01959	0.16003	0.03299	0.52360	0.06268	0.01969	0.02082	0.01490	0.05009	0.01246	0.01551	0.00996	0.00598	0.00631	0.00193	0.00820	0.00550	0.00332	0.00996
28	0.02418	0.02939	0.01843	0.01645	0.01998	0.66636	0.01246	0.10181	0.01965	0.01858	0.01060	0.01208	0.00862	0.00678	0.00590	0.00170	0.01115	0.00435	0.00368	0.00788
29	0.00787	0.00562	0.00750	0.00900	0.00937	0.00525	0.00600	0.00900	0.01237	0.01649	0.03561	0.76871	0.04274	0.02024	0.00825	0.00262	0.00375	0.01837	0.00600	0.00525
30	0.02497	0.01160	0.01469	0.01180	0.01633	0.01099	0.00966	0.08074	0.12344	0.51577	0.02699	0.02589	0.04796	0.00891	0.00667	0.00208	0.00549	0.03815	0.00749	0.01041
31	0.01340	0.01148	0.01340	0.00957	0.01531	0.00861	0.00766	0.01627	0.01340	0.02105	0.01148	0.01340	0.00957	0.00479	0.00479	0.00096	0.00479	0.00383	0.00383	0.81242
32	0.01828	0.02291	0.34338	0.01594	0.02295	0.01475	0.04523	0.13672	0.10364	0.15563	0.01663	0.01690	0.01160	0.00698	0.00632	0.00200	0.00774	0.00565	0.00484	0.04193
33	0.02240	0.01741	0.02111	0.02111	0.19945	0.01886	0.01418	0.53703	0.02643	0.03578	0.01467	0.01563	0.01080	0.00725	0.00645	0.00193	0.00725	0.00580	0.00564	0.01080

[dist]
# distance from previous block
# <min> <max>
0	2

[block]
# block no. 3 follows, 34 sequences, length 9
# corresponding to MSA columns:
# 180-188
name=unknown_D
#
# <colnr> <probs for GDERKNQSTAVLIFYWHMCP>
#	G	D	E	R	K	N	Q	S	T	A	V	L	I	F	Y	W	H	M	C	P
0	0.06545	0.01956	0.09072	0.01995	0.02511	0.16645	0.33260	0.02091	0.01534	0.06401	0.01550	0.10515	0.01348	0.00771	0.00690	0.00209	0.00939	0.00761	0.00389	0.00816
1	0.71950	0.01177	0.00939	0.00845	0.01215	0.01347	0.00689	0.01816	0.01189	0.02861	0.09714	0.01512	0.01360	0.00688	0.00444	0.00200	0.00476	0.00450	0.00438	0.00689
2	0.81856	0.01250	0.00950	0.00850	0.01250	0.01449	0.00700	0.01899	0.01100	0.02899	0.00900	0.01050	0.00700	0.00600	0.00400	0.00200	0.00500	0.00350	0.00400	0.00700
3	0.81856	0.01250	0.00950	0.00850	0.01250	0.01449	0.00700	0.01899	0.01100	0.02899	0.00900	0.01050	0.00700	0.00600	0.00400	0.00200	0.00500	0.00350	0.00400	0.00700
4	0.01506	0.02572	0.41137	0.02071	0.06295	0.01632	0.15918	0.10222	0.01567	0.02251	0.01210	0.01479	0.00897	0.00664	0.00785	0.00212	0.07751	0.00560	0.00331	0.00936
5	0.01308	0.00875	0.01094	0.00958	0.01278	0.00721	0.00716	0.01510	0.01365	0.11962	0.02442	0.35802	0.02555	0.01226	0.00660	0.00186	0.00441	0.01081	0.00540	0.33278
6	0.01542	0.10415	0.01663	0.01059	0.01613	0.04960	0.00873	0.08006	0.01516	0.02187	0.01147	0.01314	0.00948	0.00524	0.00491	0.00113	0.00560	0.00398	0.00391	0.60278
7	0.05666	0.01417	0.04241	0.01952	0.19796	0.01461	0.01279	0.12652	0.25530	0.02578	0.02124	0.11093	0.01864	0.00947	0.00669	0.00216	0.00609	0.04439	0.00533	0.00933
8	0.52591	0.13009	0.05387	0.01066	0.01516	0.10359	0.00940	0.05066	0.01319	0.02543	0.00954	0.01101	0.00759	0.00609	0.00446	0.00187	0.00641	0.00374	0.00378	0.00756

[dist]
# distance from previous block
# <min> <max>
0	2

[block]
# block no. 4 follows, 34 sequences, length 42
# corresponding to MSA columns:
# 191-232
name=unknown_E
#
# <colnr> <probs for GDERKNQSTAVLIFYWHMCP>
#	G	D	E	R	K	N	Q	S	T	A	V	L	I	F	Y	W	H	M	C	P
0	0.05194	0.09259	0.01886	0.01416	0.06036	0.05461	0.04179	0.06736	0.01781	0.45520	0.01988	0.01855	0.01330	0.00722	0.00611	0.00188	0.00642	0.00582	0.00631	0.03984
1	0.00797	0.00566	0.00747	0.00887	0.00923	0.00531	0.00587	0.00902	0.01218	0.01624	0.03465	0.72291	0.04152	0.06769	0.00980	0.00285	0.00391	0.01780	0.00587	0.00516
2	0.21037	0.01158	0.01422	0.01273	0.06502	0.01118	0.00953	0.04944	0.01654	0.45808	0.02097	0.06125	0.01486	0.00807	0.00601	0.00203	0.00549	0.00640	0.00657	0.00969
3	0.01577	0.11778	0.12517	0.13724	0.33425	0.01630	0.03441	0.02096	0.06433	0.05378	0.01321	0.01600	0.01038	0.00620	0.00612	0.00193	0.00777	0.00550	0.00349	0.00942
4	0.01922	0.01571	0.03136	0.02264	0.02872	0.01460	0.50079	0.04286	0.01655	0.21470	0.01649	0.01861	0.01151	0.00620	0.00729	0.00212	0.00933	0.00727	0.00463	0.00939
5	0.00779	0.00655	0.00676	0.00671	0.00882	0.00552	0.00503	0.00958	0.01510	0.01833	0.13431	0.06074	0.66060	0.01604	0.00763	0.00217	0.00325	0.01343	0.00612	0.00552
6	0.01421	0.11132	0.31286	0.02185	0.19615	0.04003	0.06342	0.01925	0.01474	0.02060	0.10924	0.01873	0.01600	0.00691	0.00626	0.00193	0.00806	0.00597	0.00350	0.00897
7	0.01887	0.05496	0.18347	0.03865	0.16427	0.03961	0.06445	0.14304	0.07798	0.12787	0.01558	0.01667	0.01133	0.00678	0.00634	0.00198	0.00781	0.00576	0.00462	0.00996
8	0.01525	0.01743	0.03813	0.02723	0.03377	0.01634	0.70915	0.02070	0.01525	0.02070	0.01307	0.01743	0.00980	0.00545	0.00763	0.00218	0.01089	0.00763	0.00327	0.00871
9	0.00934	0.00649	0.00819	0.00819	0.00859	0.00689	0.00534	0.01013	0.00973	0.01338	0.01931	0.03649	0.02098	0.52462	0.27775	0.00768	0.01005	0.00855	0.00376	0.00455
10	0.77282	0.01266	0.01045	0.01027	0.05354	0.01454	0.00773	0.01904	0.01121	0.02854	0.00918	0.01081	0.00718	0.00598	0.00414	0.00199	0.00515	0.00363	0.00395	0.00718
11	0.05373	0.01789	0.01903	0.01463	0.01976	0.01983	0.01209	0.68565	0.02967	0.04029	0.01527	0.01533	0.01084	0.00769	0.00637	0.00194	0.00703	0.00573	0.00637	0.01084
12	0.00891	0.00718	0.01131	0.01192	0.03633	0.00674	0.07940	0.01058	0.01275	0.01709	0.03248	0.66536	0.03822	0.01822	0.00812	0.00255	0.00462	0.01683	0.00562	0.00578
13	0.01631	0.52479	0.24066	0.01347	0.02008	0.05477	0.01489	0.01996	0.01351	0.01678	0.00980	0.01139	0.00826	0.00576	0.00481	0.00159	0.00790	0.00387	0.00278	0.00863
14	0.02024	0.05171	0.10444	0.02081	0.17195	0.29756	0.04038	0.04565	0.01674	0.09365	0.01261	0.01430	0.00974	0.00636	0.00600	0.00176	0.00906	0.00494	0.00383	0.06826
15	0.00787	0.00562	0.00750	0.00900	0.00937	0.00525	0.00600	0.00900	0.01237	0.01649	0.03561	0.76871	0.04274	0.02024	0.00825	0.00262	0.00375	0.01837	0.00600	0.00525
16	0.01028	0.00993	0.01642	0.01379	0.04263	0.00896	0.20337	0.01326	0.01535	0.01963	0.13719	0.04606	0.41205	0.01249	0.00759	0.00215	0.00555	0.01140	0.00528	0.00663
17	0.06326	0.01645	0.07189	0.02892	0.43717	0.01556	0.01688	0.13483	0.04343	0.08813	0.01419	0.01627	0.01089	0.00643	0.00627	0.00195	0.00728	0.00570	0.00429	0.01020
18	0.01038	0.00826	0.01226	0.08839	0.01581	0.00831	0.06680	0.06281	0.01442	0.01922	0.08409	0.45516	0.06680	0.01600	0.00842	0.03215	0.00509	0.01402	0.00545	0.00615
19	0.01649	0.01316	0.01424	0.01262	0.01620	0.01485	0.00985	0.06384	0.57540	0.06803	0.09865	0.02609	0.02338	0.00914	0.00667	0.00215	0.00502	0.00764	0.00671	0.00988
20	0.02414	0.03079	0.01831	0.01665	0.01998	0.74698	0.01248	0.02580	0.01831	0.01581	0.00999	0.01165	0.00832	0.00666	0.00583	0.00166	0.01165	0.00416	0.00333	0.00749
21	0.08811	0.05377	0.16811	0.01342	0.01903	0.03889	0.01284	0.08182	0.14586	0.28378	0.01924	0.01825	0.01326	0.00740	0.00609	0.00200	0.00664	0.00576	0.00577	0.00997
22	0.01603	0.01414	0.02279	0.03263	0.55427	0.01425	0.01704	0.04366	0.06160	0.05375	0.01623	0.09485	0.01451	0.00763	0.00661	0.00201	0.00698	0.00720	0.00404	0.00978
23	0.00787	0.00562	0.00750	0.00900	0.00937	0.00525	0.00600	0.00900	0.01237	0.01649	0.03561	0.76871	0.04274	0.02024	0.00825	0.00262	0.00375	0.01837	0.00600	0.00525
24	0.02693	0.01054	0.01438	0.01140	0.01598	0.00918	0.00938	0.02939	0.01800	0.66214	0.02647	0.06016	0.01847	0.00914	0.00672	0.00208	0.00544	0.04597	0.00779	0.01044
25	0.73482	0.01178	0.00938	0.00849	0.01207	0.01357	0.00685	0.01790	0.01073	0.02715	0.00923	0.01144	0.00744	0.00770	0.00620	0.08602	0.00506	0.00372	0.00387	0.00656
26	0.00832	0.00657	0.00749	0.00726	0.00915	0.00575	0.00545	0.01059	0.01634	0.02128	0.36585	0.05588	0.42721	0.01494	0.00763	0.00211	0.00317	0.01275	0.00650	0.00575
27	0.01525	0.01743	0.03813	0.02723	0.03377	0.01634	0.70915	0.02070	0.01525	0.02070	0.01307	0.01743	0.00980	0.00545	0.00763	0.00218	0.01089	0.00763	0.00327	0.00871
28	0.81856	0.01250	0.00950	0.00850	0.01250	0.01449	0.00700	0.01899	0.01100	0.02899	0.00900	0.01050	0.00700	0.00600	0.00400	0.00200	0.00500	0.00350	0.00400	0.00700
29	0.02456	0.01810	0.01939	0.01487	0.02004	0.02004	0.01228	0.71107	0.03038	0.04072	0.01551	0.01551	0.01099	0.00776	0.00646	0.00194	0.00711	0.00582	0.00646	0.01099
30	0.81856	0.01250	0.00950	0.00850	0.01250	0.01449	0.00700	0.01899	0.01100	0.02899	0.00900	0.01050	0.00700	0.00600	0.00400	0.00200	0.00500	0.00350	0.00400	0.00700
31	0.01122	0.00561	0.00842	0.00842	0.00842	0.00561	0.00561	0.00842	0.00842	0.01122	0.01122	0.01964	0.01122	0.02245	0.02525	0.81201	0.00561	0.00561	0.00281	0.00281
32	0.02303	0.00995	0.01303	0.01042	0.01449	0.00881	0.00845	0.04877	0.01835	0.50751	0.14159	0.03021	0.09744	0.00968	0.00675	0.00201	0.00487	0.00804	0.02708	0.00951
33	0.00953	0.00622	0.00715	0.00715	0.00715	0.00622	0.00404	0.00932	0.00932	0.01243	0.01968	0.04061	0.02259	0.71755	0.03232	0.06572	0.00622	0.00912	0.00383	0.00383
34	0.00785	0.00632	0.00701	0.00734	0.00899	0.00547	0.00531	0.00951	0.01449	0.01809	0.12668	0.24134	0.48493	0.01703	0.00779	0.00228	0.00337	0.01464	0.00611	0.00547
35	0.00986	0.00736	0.00926	0.00865	0.01039	0.00713	0.00653	0.01449	0.09117	0.02603	0.65630	0.04576	0.05669	0.01275	0.00751	0.00205	0.00326	0.01123	0.00706	0.00653
36	0.01586	0.01521	0.02598	0.06529	0.70804	0.01532	0.01976	0.01971	0.01465	0.02094	0.01213	0.01604	0.01018	0.00578	0.00640	0.00193	0.00771	0.00576	0.00319	0.01013
37	0.02289	0.16681	0.02115	0.01563	0.01936	0.61545	0.01222	0.02462	0.01737	0.01570	0.00980	0.01142	0.00832	0.00645	0.00552	0.00161	0.01079	0.00403	0.00323	0.00764
38	0.01116	0.00741	0.00971	0.01038	0.03197	0.00713	0.00723	0.03697	0.04783	0.08059	0.17780	0.45773	0.04107	0.01631	0.00779	0.00239	0.00409	0.02959	0.00636	0.00650
39	0.01887	0.24209	0.26662	0.01480	0.02144	0.06052	0.01564	0.18495	0.01811	0.08063	0.01279	0.01369	0.00951	0.00652	0.00565	0.00180	0.00801	0.00474	0.00408	0.00953
40	0.02416	0.02803	0.01762	0.01582	0.01929	0.64881	0.01195	0.02591	0.01822	0.09068	0.01322	0.01420	0.03021	0.00708	0.00595	0.00171	0.01077	0.00468	0.00389	0.00779
41	0.81856	0.01250	0.00950	0.00850	0.01250	0.01449	0.00700	0.01899	0.01100	0.02899	0.00900	0.01050	0.00700	0.00600	0.00400	0.00200	0.00500	0.00350	0.00400	0.00700

[dist]
# distance from previous block
# <min> <max>
0	2

[block]
# block no. 5 follows, 34 sequences, length 15
# corresponding to MSA columns:
# 235-249
name=unknown_F
#
# <colnr> <probs for GDERKNQSTAVLIFYWHMCP>
#	G	D	E	R	K	N	Q	S	T	A	V	L	I	F	Y	W	H	M	C	P
0	0.01575	0.01528	0.02794	0.11989	0.36575	0.01538	0.23024	0.02100	0.05930	0.04495	0.01370	0.01730	0.01070	0.00601	0.00680	0.00205	0.00854	0.00645	0.00355	0.00942
1	0.00780	0.00592	0.00719	0.00821	0.00916	0.00531	0.00565	0.00909	0.01313	0.01680	0.04520	0.54166	0.26359	0.01900	0.00805	0.00248	0.00360	0.01685	0.00600	0.00531
2	0.11232	0.37535	0.29682	0.01414	0.02104	0.01990	0.04223	0.01978	0.01315	0.01906	0.01013	0.01189	0.00815	0.00581	0.00501	0.00174	0.00783	0.00412	0.00292	0.00863
3	0.00880	0.00639	0.00829	0.00823	0.00955	0.00589	0.00602	0.01137	0.01687	0.02351	0.55015	0.20072	0.09033	0.01485	0.00775	0.00216	0.00321	0.01319	0.00682	0.00589
4	0.00914	0.00660	0.00864	0.00813	0.00965	0.00610	0.00610	0.01219	0.01829	0.02591	0.72921	0.04827	0.06097	0.01321	0.00762	0.00203	0.00305	0.01169	0.00711	0.00610
5	0.01541	0.01684	0.03439	0.02647	0.08429	0.01623	0.57291	0.02228	0.10042	0.02149	0.01460	0.01813	0.01103	0.00587	0.00741	0.00216	0.00995	0.00745	0.00366	0.00901
6	0.01581	0.01372	0.01493	0.06275	0.01865	0.01596	0.01074	0.03315	0.67376	0.02633	0.02531	0.02365	0.01898	0.00861	0.00657	0.00219	0.00535	0.00720	0.00633	0.01002
7	0.01112	0.00845	0.01399	0.01259	0.01463	0.00910	0.09298	0.01387	0.01175	0.05532	0.01851	0.02781	0.01696	0.03876	0.56213	0.00838	0.01504	0.05830	0.00387	0.00642
8	0.02414	0.03079	0.01831	0.01665	0.01998	0.74698	0.01248	0.02580	0.01831	0.01581	0.00999	0.01165	0.00832	0.00666	0.00583	0.00166	0.01165	0.00416	0.00333	0.00749
9	0.01525	0.01743	0.03813	0.02723	0.03377	0.01634	0.70915	0.02070	0.01525	0.02070	0.01307	0.01743	0.00980	0.00545	0.00763	0.00218	0.01089	0.00763	0.00327	0.00871
10	0.01727	0.77681	0.03386	0.01106	0.01658	0.02557	0.01106	0.01935	0.01313	0.01520	0.00898	0.01036	0.00829	0.00553	0.00415	0.00138	0.00691	0.00345	0.00276	0.00829
11	0.01607	0.01388	0.01461	0.01315	0.01680	0.01607	0.01023	0.03433	0.72094	0.02703	0.02630	0.02411	0.01972	0.00877	0.00657	0.00219	0.00511	0.00731	0.00657	0.01023
12	0.00900	0.00656	0.00846	0.00806	0.00958	0.00602	0.00602	0.01188	0.01783	0.02501	0.66026	0.07731	0.10242	0.01368	0.00765	0.00206	0.00309	0.01207	0.00700	0.00602
13	0.05631	0.01394	0.01500	0.01285	0.01694	0.01549	0.01018	0.12057	0.49166	0.11445	0.02354	0.02177	0.01723	0.00829	0.00638	0.00209	0.00540	0.00673	0.00653	0.03466
14	0.59379	0.09934	0.01313	0.00930	0.01365	0.04940	0.00779	0.01902	0.01187	0.02586	0.00934	0.01089	0.00752	0.00583	0.00420	0.00179	0.00550	0.00356	0.00381	0.10442

[dist]
# distance from previous block
# <min> <max>
0	1

[block]
# block no. 6 follows, 34 sequences, length 45
# corresponding to MSA columns:
# 251-295
name=unknown_G
#
# <colnr> <probs for GDERKNQSTAVLIFYWHMCP>
#	G	D	E	R	K	N	Q	S	T	A	V	L	I	F	Y	W	H	M	C	P
0	0.09335	0.01616	0.01609	0.03356	0.03687	0.14110	0.03046	0.11618	0.04349	0.05203	0.03223	0.01512	0.01132	0.00640	0.00593	0.00157	0.02576	0.00484	0.00440	0.31315
1	0.00944	0.00737	0.00975	0.01164	0.06630	0.00730	0.00754	0.01251	0.07935	0.01781	0.03413	0.50068	0.09636	0.04103	0.04587	0.00300	0.00496	0.03320	0.00565	0.00613
2	0.01098	0.00955	0.01300	0.03481	0.18916	0.00928	0.00971	0.01514	0.08204	0.02130	0.20979	0.04266	0.30344	0.01201	0.00720	0.00208	0.00461	0.01042	0.00556	0.00728
3	0.01286	0.01102	0.01275	0.00929	0.01469	0.00832	0.00740	0.01561	0.01352	0.02072	0.01657	0.01799	0.07740	0.00588	0.00505	0.00107	0.00464	0.00475	0.00403	0.73645
4	0.00792	0.00579	0.00746	0.00866	0.00932	0.00532	0.00588	0.00923	0.01301	0.01719	0.08227	0.64334	0.12212	0.01936	0.00814	0.00254	0.00365	0.01741	0.00607	0.00532
5	0.00872	0.00627	0.00825	0.00842	0.00956	0.00581	0.00606	0.01112	0.01630	0.02274	0.49561	0.29090	0.05483	0.01558	0.00783	0.00223	0.00328	0.01394	0.00674	0.00581
6	0.02899	0.01100	0.01499	0.01150	0.01649	0.00950	0.00950	0.03149	0.01849	0.73709	0.02549	0.02199	0.01599	0.00800	0.00650	0.00200	0.00550	0.00650	0.00800	0.01100
7	0.00771	0.00655	0.00665	0.00662	0.00877	0.00549	0.00497	0.00942	0.01491	0.01788	0.09864	0.06149	0.69655	0.01621	0.00764	0.00217	0.00326	0.01354	0.00606	0.00549
8	0.01727	0.77681	0.03386	0.01106	0.01658	0.02557	0.01106	0.01935	0.01313	0.01520	0.00898	0.01036	0.00829	0.00553	0.00415	0.00138	0.00691	0.00345	0.00276	0.00829
9	0.02881	0.01129	0.01518	0.01163	0.01664	0.00993	0.00961	0.05948	0.01898	0.70841	0.02508	0.02173	0.01579	0.00799	0.00650	0.00200	0.00556	0.00647	0.00793	0.01100
10	0.01122	0.00561	0.00842	0.00842	0.00842	0.00561	0.00561	0.00842	0.00842	0.01122	0.01122	0.01964	0.01122	0.02245	0.02525	0.81201	0.00561	0.00561	0.00281	0.00281
11	0.01296	0.03342	0.73944	0.01842	0.02797	0.01501	0.02387	0.02046	0.01364	0.02046	0.01160	0.01364	0.00818	0.00614	0.00614	0.00205	0.00955	0.00477	0.00273	0.00955
12	0.01414	0.01414	0.01979	0.01696	0.01696	0.01979	0.01414	0.01555	0.00990	0.01555	0.00848	0.01414	0.00848	0.01131	0.02120	0.00283	0.76110	0.00565	0.00283	0.00707
13	0.02899	0.01100	0.01499	0.01150	0.01649	0.00950	0.00950	0.03149	0.01849	0.73709	0.02549	0.02199	0.01599	0.00800	0.00650	0.00200	0.00550	0.00650	0.00800	0.01100
14	0.00923	0.00692	0.01038	0.01038	0.01154	0.00808	0.00808	0.01154	0.01038	0.01500	0.01731	0.02538	0.01615	0.04846	0.74732	0.01038	0.01731	0.00692	0.00346	0.00577
15	0.00923	0.00692	0.01038	0.01038	0.01154	0.00808	0.00808	0.01154	0.01038	0.01500	0.01731	0.02538	0.01615	0.04846	0.74732	0.01038	0.01731	0.00692	0.00346	0.00577
16	0.00787	0.00562	0.00750	0.00900	0.00937	0.00525	0.00600	0.00900	0.01237	0.01649	0.03561	0.76871	0.04274	0.02024	0.00825	0.00262	0.00375	0.01837	0.00600	0.00525
17	0.01525	0.01743	0.03813	0.02723	0.03377	0.01634	0.70915	0.02070	0.01525	0.02070	0.01307	0.01743	0.00980	0.00545	0.00763	0.00218	0.01089	0.00763	0.00327	0.00871
18	0.00923	0.00692	0.01038	0.01038	0.01154	0.00808	0.00808	0.01154	0.01038	0.01500	0.01731	0.02538	0.01615	0.04846	0.74732	0.01038	0.01731	0.00692	0.00346	0.00577
19	0.01491	0.01983	0.14347	0.02591	0.03290	0.01614	0.60622	0.02066	0.01501	0.02066	0.01285	0.01686	0.00956	0.00555	0.00740	0.00216	0.01069	0.00720	0.00319	0.00884
20	0.02414	0.03079	0.01831	0.01665	0.01998	0.74698	0.01248	0.02580	0.01831	0.01581	0.00999	0.01165	0.00832	0.00666	0.00583	0.00166	0.01165	0.00416	0.00333	0.00749
21	0.01374	0.01343	0.02390	0.44602	0.24973	0.01492	0.10924	0.01806	0.01376	0.01844	0.01189	0.01688	0.00926	0.00612	0.00659	0.00209	0.00863	0.00599	0.00302	0.00830
22	0.01584	0.01520	0.02596	0.06805	0.70540	0.01531	0.01976	0.01970	0.01464	0.02093	0.01213	0.01604	0.01017	0.00578	0.00640	0.00193	0.00771	0.00576	0.00319	0.01011
23	0.06275	0.00981	0.01289	0.01038	0.01433	0.00877	0.00839	0.02531	0.01806	0.49708	0.22713	0.02898	0.02848	0.00940	0.00670	0.00201	0.00477	0.00784	0.00754	0.00939
24	0.01594	0.46773	0.29742	0.01404	0.02099	0.05132	0.01591	0.02003	0.01353	0.01720	0.01000	0.01164	0.00825	0.00580	0.00496	0.00164	0.00809	0.00398	0.00277	0.00873
25	0.00923	0.00692	0.01038	0.01038	0.01154	0.00808	0.00808	0.01154	0.01038	0.01500	0.01731	0.02538	0.01615	0.04846	0.74732	0.01038	0.01731	0.00692	0.00346	0.00577
26	0.00940	0.00626	0.00705	0.00705	0.00705	0.00626	0.00392	0.00940	0.00940	0.01253	0.02036	0.04228	0.02349	0.77292	0.03289	0.00626	0.00626	0.00940	0.00392	0.00392
27	0.11852	0.01694	0.02235	0.02987	0.46805	0.08925	0.01640	0.12023	0.01687	0.02440	0.01203	0.01480	0.00975	0.00617	0.00605	0.00191	0.00766	0.00532	0.00378	0.00966
28	0.02899	0.01100	0.01499	0.01150	0.01649	0.00950	0.00950	0.03149	0.01849	0.73709	0.02549	0.02199	0.01599	0.00800	0.00650	0.00200	0.00550	0.00650	0.00800	0.01100
29	0.00764	0.00655	0.00655	0.00655	0.00873	0.00545	0.00491	0.00927	0.01473	0.01745	0.06546	0.06218	0.73000	0.01636	0.00764	0.00218	0.00327	0.01364	0.00600	0.00545
30	0.01122	0.00561	0.00842	0.00842	0.00842	0.00561	0.00561	0.00842	0.00842	0.01122	0.01122	0.01964	0.01122	0.02245	0.02525	0.81201	0.00561	0.00561	0.00281	0.00281
31	0.02319	0.02923	0.01845	0.01668	0.01969	0.67852	0.01264	0.02484	0.01752	0.01579	0.00985	0.01189	0.00834	0.00710	0.00727	0.00177	0.08221	0.00430	0.00328	0.00745
32	0.00914	0.00660	0.00864	0.00813	0.00965	0.00610	0.00610	0.01219	0.01829	0.02591	0.72921	0.04827	0.06097	0.01321	0.00762	0.00203	0.00305	0.01169	0.00711	0.00610
33	0.00792	0.00656	0.00694	0.00685	0.00890	0.00558	0.00513	0.00983	0.01540	0.01906	0.19129	0.05954	0.60316	0.01577	0.00763	0.00215	0.00323	0.01327	0.00621	0.00558
34	0.02414	0.03079	0.01831	0.01665	0.01998	0.74698	0.01248	0.02580	0.01831	0.01581	0.00999	0.01165	0.00832	0.00666	0.00583	0.00166	0.01165	0.00416	0.00333	0.00749
35	0.01122	0.00561	0.00842	0.00842	0.00842	0.00561	0.00561	0.00842	0.00842	0.01122	0.01122	0.01964	0.01122	0.02245	0.02525	0.81201	0.00561	0.00561	0.00281	0.00281
36	0.01672	0.01835	0.13883	0.03307	0.53111	0.01556	0.01944	0.08537	0.01613	0.04504	0.01279	0.01576	0.01016	0.00608	0.00637	0.00194	0.00785	0.00563	0.00358	0.01022
37	0.01307	0.03161	0.67169	0.01828	0.02693	0.01546	0.02296	0.02000	0.01329	0.02000	0.01130	0.01369	0.00821	0.00663	0.00756	0.00212	0.08031	0.00486	0.00274	0.00932
38	0.02899	0.01100	0.01499	0.01150	0.01649	0.00950	0.00950	0.03149	0.01849	0.73709	0.02549	0.02199	0.01599	0.00800	0.00650	0.00200	0.00550	0.00650	0.00800	0.01100
39	0.08733	0.01510	0.07814	0.01404	0.01952	0.01324	0.07697	0.17315	0.01972	0.40616	0.01975	0.01859	0.01299	0.00739	0.00637	0.00201	0.00665	0.00608	0.00647	0.01035
40	0.01412	0.01344	0.02284	0.39495	0.39199	0.01486	0.01890	0.01819	0.01383	0.01883	0.01182	0.01660	0.00943	0.00610	0.00643	0.00203	0.00814	0.00575	0.00304	0.00872
41	0.01249	0.01204	0.02114	0.68865	0.04349	0.01454	0.08302	0.01690	0.01314	0.01690	0.01163	0.01725	0.00873	0.00636	0.00657	0.00216	0.00883	0.00592	0.00291	0.00732
42	0.00954	0.00631	0.00770	0.00770	0.00788	0.00649	0.00473	0.00964	0.00946	0.01279	0.01902	0.03751	0.02119	0.58902	0.14384	0.08277	0.00793	0.00865	0.00374	0.00410
43	0.01589	0.46458	0.30283	0.01408	0.02106	0.04884	0.01601	0.02002	0.01352	0.01723	0.01002	0.01167	0.00825	0.00580	0.00497	0.00165	0.00810	0.00399	0.00277	0.00874
44	0.02368	0.01489	0.04061	0.01759	0.13330	0.05248	0.03210	0.11630	0.10090	0.36848	0.02054	0.01950	0.01403	0.00749	0.00647	0.00199	0.00662	0.00624	0.00631	0.01049

[dist]
# distance from previous block
# <min> <max>
0	6

# created by:
# /home/berkeley/.conda/envs/busco_data_prod/bin/msa2prfl.pl pipeline/OGs_align_augustus/4893/16980.fs
