[name]
unknown

[dist]
# distance from previous block
# <min> <max>
0	13

[block]
# block no. 0 follows, 32 sequences, length 14
# corresponding to MSA columns:
# 13-26
name=unknown_A
#
# <colnr> <probs for GDERKNQSTAVLIFYWHMCP>
#	G	D	E	R	K	N	Q	S	T	A	V	L	I	F	Y	W	H	M	C	P
0	0.01010	0.00737	0.00991	0.01125	0.01275	0.00717	0.00949	0.01277	0.01511	0.01946	0.04001	0.15866	0.12965	0.01864	0.00900	0.00294	0.00553	0.50800	0.00619	0.00602
1	0.05972	0.11435	0.11992	0.02418	0.25416	0.21493	0.01662	0.08071	0.01715	0.02175	0.01166	0.01400	0.00945	0.00645	0.00604	0.00188	0.00908	0.00498	0.00357	0.00940
2	0.01259	0.00841	0.00999	0.00914	0.01151	0.00817	0.00700	0.01793	0.12564	0.09196	0.38421	0.04372	0.15041	0.01249	0.00736	0.00211	0.00377	0.01073	0.07551	0.00737
3	0.01390	0.07317	0.24116	0.09948	0.02574	0.01520	0.12728	0.05319	0.03580	0.02144	0.07620	0.05427	0.06790	0.00879	0.00790	0.00220	0.05630	0.00753	0.00404	0.00853
4	0.00828	0.00679	0.00718	0.00709	0.00913	0.00582	0.00524	0.01013	0.01560	0.01928	0.17068	0.06115	0.57686	0.05589	0.00931	0.00246	0.00352	0.01360	0.00630	0.00569
5	0.01346	0.03471	0.72942	0.01912	0.02904	0.01558	0.02479	0.02125	0.01417	0.02125	0.01204	0.01417	0.00850	0.00637	0.00637	0.00212	0.00992	0.00496	0.00283	0.00992
6	0.01446	0.01993	0.20461	0.01920	0.05633	0.01903	0.01760	0.01770	0.01154	0.01776	0.00984	0.01464	0.00882	0.01006	0.01719	0.00268	0.52187	0.00564	0.00293	0.00817
7	0.00941	0.00686	0.00885	0.00835	0.00997	0.00629	0.00626	0.01249	0.01878	0.02641	0.68187	0.05094	0.10055	0.01390	0.00791	0.00212	0.00318	0.01225	0.00732	0.00629
8	0.01753	0.01831	0.06009	0.09268	0.03281	0.01755	0.46066	0.16732	0.01893	0.02556	0.01391	0.01750	0.01027	0.00630	0.00749	0.00220	0.01019	0.00722	0.00405	0.00944
9	0.00828	0.00589	0.00775	0.00920	0.00957	0.00552	0.00608	0.00937	0.01263	0.01684	0.03589	0.71043	0.04300	0.07228	0.01033	0.00299	0.00407	0.01843	0.00608	0.00535
10	0.07672	0.24370	0.12943	0.02050	0.08509	0.01974	0.22825	0.08124	0.01597	0.02229	0.01192	0.01452	0.00941	0.00607	0.00613	0.00194	0.00879	0.00556	0.00351	0.00925
11	0.01072	0.00727	0.00817	0.00792	0.00828	0.00739	0.00471	0.05441	0.01129	0.01506	0.02143	0.06986	0.02433	0.68644	0.03138	0.00607	0.00646	0.00988	0.00432	0.00459
12	0.00833	0.00658	0.00735	0.00761	0.00922	0.00577	0.00544	0.01001	0.01492	0.01881	0.15053	0.20879	0.43507	0.06892	0.00987	0.00263	0.00368	0.01461	0.00625	0.00560
13	0.01829	0.01735	0.02245	0.06366	0.32562	0.11622	0.04963	0.04074	0.13714	0.05965	0.01564	0.01770	0.01224	0.00677	0.00654	0.00196	0.00794	0.00601	0.00433	0.07012

[dist]
# distance from previous block
# <min> <max>
1	7

[block]
# block no. 1 follows, 32 sequences, length 18
# corresponding to MSA columns:
# 34-51
name=unknown_B
#
# <colnr> <probs for GDERKNQSTAVLIFYWHMCP>
#	G	D	E	R	K	N	Q	S	T	A	V	L	I	F	Y	W	H	M	C	P
0	0.01868	0.08984	0.14251	0.04804	0.10575	0.23864	0.04045	0.03991	0.01623	0.06060	0.01482	0.09220	0.01320	0.00835	0.00715	0.00203	0.04251	0.00656	0.00390	0.00864
1	0.10151	0.05750	0.02073	0.05212	0.06443	0.27396	0.08424	0.06635	0.12620	0.02244	0.01387	0.01548	0.01090	0.00688	0.00613	0.00191	0.00888	0.00537	0.00422	0.05689
2	0.02195	0.02941	0.13088	0.01751	0.02165	0.48952	0.01503	0.06522	0.01790	0.01871	0.01078	0.01299	0.00881	0.00751	0.00817	0.00196	0.10550	0.00472	0.00349	0.00828
3	0.00822	0.00657	0.00735	0.00765	0.00937	0.00571	0.00555	0.01001	0.01525	0.01917	0.15596	0.23037	0.46025	0.01749	0.00808	0.00235	0.00348	0.01505	0.00640	0.00571
4	0.01727	0.01014	0.01179	0.01132	0.05423	0.01028	0.00821	0.07893	0.12601	0.15326	0.02664	0.02690	0.07914	0.00883	0.00597	0.00189	0.00460	0.00722	0.34885	0.00851
5	0.04544	0.01573	0.01787	0.01427	0.01832	0.01775	0.01173	0.39200	0.06450	0.12180	0.01722	0.01786	0.01256	0.00865	0.00888	0.00215	0.12359	0.00614	0.07335	0.01017
6	0.00839	0.00597	0.00790	0.00937	0.00979	0.00562	0.00632	0.00958	0.01279	0.01703	0.03598	0.68555	0.04293	0.06461	0.01010	0.00296	0.00415	0.04947	0.00610	0.00540
7	0.01589	0.01629	0.03034	0.14407	0.15658	0.04713	0.36915	0.02056	0.01542	0.03961	0.01437	0.03907	0.01145	0.00654	0.00726	0.00216	0.00965	0.00731	0.03829	0.00886
8	0.00944	0.00686	0.00888	0.00838	0.00999	0.00630	0.00628	0.01254	0.01885	0.02656	0.69325	0.05069	0.08907	0.01385	0.00791	0.00212	0.00317	0.01221	0.00734	0.00630
9	0.05486	0.04256	0.13815	0.02020	0.09119	0.01579	0.20197	0.15872	0.01851	0.05224	0.04643	0.01868	0.01337	0.00700	0.00663	0.00204	0.00812	0.00651	0.08762	0.00940
10	0.09965	0.02137	0.02112	0.01847	0.07264	0.24774	0.09851	0.22720	0.02138	0.06005	0.03910	0.01616	0.01204	0.00728	0.00644	0.00196	0.00898	0.00574	0.00485	0.00931
11	0.02363	0.18001	0.02226	0.01612	0.02004	0.59436	0.01267	0.02545	0.01793	0.01629	0.01016	0.01183	0.00864	0.00668	0.00570	0.00167	0.01111	0.00417	0.00334	0.00795
12	0.01227	0.01069	0.01591	0.01365	0.03500	0.01028	0.14131	0.03892	0.10785	0.04069	0.16075	0.08926	0.27045	0.01264	0.00772	0.00225	0.00549	0.01138	0.00595	0.00754
13	0.00968	0.00682	0.00902	0.01023	0.01104	0.00668	0.00777	0.01144	0.01332	0.01753	0.03287	0.30132	0.03746	0.18288	0.01448	0.00371	0.00547	0.30708	0.00573	0.00547
14	0.01199	0.00762	0.00804	0.00770	0.00957	0.00767	0.00572	0.03320	0.08925	0.02389	0.10787	0.03543	0.13355	0.07392	0.00833	0.00224	0.00380	0.00859	0.41505	0.00658
15	0.00955	0.00660	0.00761	0.00750	0.00802	0.00640	0.00461	0.01034	0.01210	0.01627	0.16708	0.04692	0.09101	0.54837	0.02660	0.00525	0.00556	0.01061	0.00492	0.00466
16	0.12245	0.01189	0.01412	0.01156	0.01605	0.01169	0.00936	0.02993	0.17030	0.42779	0.05188	0.02478	0.05065	0.00882	0.00654	0.00213	0.00536	0.00709	0.00733	0.01027
17	0.01046	0.00807	0.00964	0.01027	0.01163	0.00826	0.00727	0.03750	0.15554	0.02025	0.03620	0.54374	0.07921	0.01792	0.00811	0.00258	0.00427	0.01601	0.00637	0.00671

[dist]
# distance from previous block
# <min> <max>
0	2

[block]
# block no. 2 follows, 32 sequences, length 25
# corresponding to MSA columns:
# 54-78
name=unknown_C
#
# <colnr> <probs for GDERKNQSTAVLIFYWHMCP>
#	G	D	E	R	K	N	Q	S	T	A	V	L	I	F	Y	W	H	M	C	P
0	0.02075	0.07081	0.02273	0.01798	0.06370	0.07628	0.10412	0.30577	0.16803	0.03089	0.03939	0.01867	0.01434	0.00776	0.00671	0.00204	0.00774	0.00650	0.00558	0.01023
1	0.66312	0.01384	0.01172	0.10811	0.01783	0.05327	0.00909	0.01975	0.01209	0.02765	0.00974	0.01190	0.00756	0.00633	0.00459	0.00208	0.00606	0.00398	0.00396	0.00732
2	0.01393	0.01531	0.07668	0.01663	0.02038	0.06888	0.18000	0.04070	0.10763	0.02047	0.02187	0.17115	0.03793	0.01745	0.13027	0.00375	0.03493	0.00953	0.00459	0.00792
3	0.00856	0.00639	0.00799	0.00871	0.00986	0.00582	0.00623	0.01042	0.01497	0.01979	0.20309	0.40047	0.20262	0.01827	0.00830	0.00250	0.00373	0.05005	0.00650	0.00574
4	0.00991	0.00708	0.00904	0.00892	0.00932	0.00774	0.00596	0.01077	0.01012	0.01400	0.01955	0.03680	0.02118	0.49370	0.26834	0.00778	0.04234	0.00873	0.00386	0.00485
5	0.01127	0.00818	0.01102	0.08752	0.03541	0.00820	0.00849	0.04802	0.01574	0.05765	0.17673	0.27927	0.13582	0.01793	0.06446	0.00301	0.00568	0.01294	0.00597	0.00668
6	0.00801	0.00680	0.00691	0.00688	0.00911	0.00570	0.00516	0.00979	0.01549	0.01859	0.10252	0.06381	0.68477	0.01682	0.00793	0.00226	0.00339	0.01405	0.00629	0.00570
7	0.02060	0.49343	0.02913	0.01365	0.01854	0.29181	0.01203	0.02259	0.01564	0.01602	0.00972	0.01126	0.00862	0.00618	0.00496	0.00154	0.00901	0.00386	0.00309	0.00830
8	0.00818	0.00584	0.00779	0.00934	0.00973	0.00545	0.00623	0.00934	0.01285	0.01713	0.03698	0.75981	0.04438	0.02102	0.00856	0.00273	0.00389	0.01908	0.00623	0.00545
9	0.01928	0.35791	0.14173	0.01591	0.02226	0.06349	0.12390	0.04059	0.01567	0.12108	0.01316	0.01445	0.01008	0.00633	0.00574	0.00180	0.00837	0.00507	0.00387	0.00932
10	0.01697	0.22114	0.06308	0.01832	0.15059	0.05974	0.01333	0.05492	0.20907	0.02304	0.08830	0.02038	0.01803	0.00775	0.00614	0.00193	0.00684	0.00626	0.00472	0.00947
11	0.01391	0.01193	0.01391	0.00994	0.01590	0.00894	0.00795	0.01690	0.01391	0.02186	0.01193	0.01391	0.00994	0.00497	0.00497	0.00099	0.00497	0.00398	0.00398	0.80521
12	0.02618	0.01750	0.06150	0.01459	0.02018	0.01715	0.01260	0.45542	0.02673	0.24997	0.01903	0.01805	0.01282	0.00803	0.00670	0.00204	0.00703	0.00619	0.00696	0.01132
13	0.01617	0.01917	0.14842	0.02085	0.19077	0.09692	0.01525	0.02284	0.14661	0.05600	0.02433	0.02509	0.12540	0.00897	0.00770	0.00214	0.05230	0.00724	0.00460	0.00922
14	0.01040	0.00711	0.00896	0.00835	0.01026	0.00641	0.00631	0.01327	0.01834	0.06560	0.56167	0.05116	0.17891	0.01400	0.00785	0.00214	0.00335	0.01219	0.00723	0.00650
15	0.06624	0.01696	0.01491	0.03290	0.01660	0.20481	0.01025	0.13146	0.03271	0.05151	0.07614	0.02412	0.05765	0.07403	0.04885	0.00287	0.07269	0.00684	0.05069	0.00777
16	0.05985	0.01780	0.06351	0.14025	0.19176	0.06199	0.09682	0.14423	0.03563	0.02442	0.01289	0.01619	0.01009	0.00722	0.00827	0.00217	0.08764	0.00596	0.00397	0.00933
17	0.00968	0.00662	0.00790	0.00796	0.00860	0.00669	0.00520	0.01071	0.01131	0.01564	0.05010	0.07802	0.09144	0.43587	0.15612	0.00614	0.00779	0.00998	0.06933	0.00490
18	0.01618	0.11536	0.06501	0.09339	0.17904	0.03523	0.18165	0.08127	0.01670	0.02231	0.05254	0.02094	0.03764	0.00727	0.00677	0.00203	0.00839	0.02441	0.00394	0.02994
19	0.00918	0.00647	0.00760	0.00786	0.00917	0.00594	0.00557	0.01117	0.01499	0.02066	0.22144	0.23164	0.21855	0.08167	0.00996	0.00262	0.00370	0.01344	0.11267	0.00572
20	0.01492	0.05826	0.01702	0.01140	0.01736	0.01114	0.04813	0.05598	0.01500	0.02263	0.01210	0.01409	0.00996	0.00523	0.00520	0.00115	0.00560	0.00430	0.00403	0.66650
21	0.00855	0.00614	0.00805	0.00945	0.01004	0.00578	0.00658	0.00990	0.01310	0.01730	0.03757	0.60855	0.07726	0.05988	0.00997	0.00294	0.00427	0.09312	0.00611	0.00547
22	0.01237	0.00981	0.01049	0.01026	0.01221	0.04717	0.00762	0.10514	0.05713	0.02313	0.12911	0.31941	0.13031	0.01542	0.00770	0.00235	0.00473	0.03448	0.05428	0.00689
23	0.01908	0.03797	0.09221	0.04188	0.13241	0.09411	0.01415	0.13113	0.16318	0.09313	0.07278	0.02251	0.01782	0.00834	0.00673	0.00208	0.00734	0.02793	0.00541	0.00981
24	0.10352	0.04364	0.14901	0.01399	0.01905	0.13343	0.01287	0.07978	0.09558	0.17056	0.03718	0.07926	0.01609	0.00868	0.00640	0.00208	0.00742	0.00679	0.00538	0.00929

[dist]
# distance from previous block
# <min> <max>
0	5

[block]
# block no. 3 follows, 32 sequences, length 33
# corresponding to MSA columns:
# 87-119
name=unknown_D
#
# <colnr> <probs for GDERKNQSTAVLIFYWHMCP>
#	G	D	E	R	K	N	Q	S	T	A	V	L	I	F	Y	W	H	M	C	P
0	0.06108	0.01550	0.02230	0.01820	0.04816	0.07467	0.22725	0.14706	0.01847	0.06411	0.03565	0.13659	0.04460	0.00953	0.00717	0.00218	0.00784	0.00890	0.04215	0.00859
1	0.01346	0.03471	0.72942	0.01912	0.02904	0.01558	0.02479	0.02125	0.01417	0.02125	0.01204	0.01417	0.00850	0.00637	0.00637	0.00212	0.00992	0.00496	0.00283	0.00992
2	0.01638	0.01408	0.02129	0.14745	0.34961	0.01493	0.01626	0.09610	0.08856	0.04609	0.03840	0.08813	0.01638	0.00836	0.00690	0.00214	0.00720	0.00758	0.00456	0.00960
3	0.00835	0.00637	0.00767	0.00827	0.00955	0.00570	0.00585	0.01009	0.01490	0.01938	0.18032	0.37803	0.28494	0.01819	0.00822	0.00244	0.00358	0.01600	0.00645	0.00570
4	0.00946	0.00705	0.00873	0.00942	0.01077	0.00665	0.00700	0.04178	0.01532	0.02002	0.11685	0.38473	0.19613	0.01834	0.00838	0.00258	0.00422	0.12022	0.00637	0.00598
5	0.01858	0.08200	0.04314	0.04983	0.19210	0.12932	0.07509	0.02427	0.12124	0.09336	0.01824	0.01970	0.04293	0.00753	0.00694	0.00202	0.02937	0.00634	0.02865	0.00936
6	0.01217	0.00876	0.01042	0.01000	0.01224	0.00861	0.00776	0.08007	0.07402	0.05583	0.22387	0.16240	0.18927	0.01507	0.00794	0.00237	0.00442	0.10095	0.00672	0.00709
7	0.01194	0.00694	0.01024	0.00989	0.00993	0.00769	0.00699	0.00975	0.00900	0.01234	0.01155	0.01993	0.01150	0.02292	0.05208	0.67885	0.09607	0.00588	0.00294	0.00356
8	0.00949	0.00680	0.00921	0.01023	0.01135	0.00652	0.00796	0.01188	0.01538	0.02072	0.21030	0.32500	0.04707	0.01824	0.00866	0.00270	0.00456	0.26149	0.00651	0.00595
9	0.02451	0.10544	0.02106	0.01559	0.02008	0.30868	0.01257	0.29643	0.02324	0.07042	0.01351	0.01429	0.01024	0.00745	0.00658	0.00186	0.02839	0.00512	0.00498	0.00954
10	0.01621	0.01263	0.01485	0.01193	0.03834	0.01105	0.00914	0.05660	0.13049	0.08010	0.03643	0.01771	0.01386	0.00636	0.00565	0.00141	0.00525	0.00520	0.00501	0.52178
11	0.07093	0.14616	0.02264	0.05979	0.06482	0.17975	0.09287	0.07183	0.01649	0.04090	0.01566	0.08503	0.01455	0.00881	0.00703	0.00207	0.03620	0.05208	0.00416	0.00824
12	0.52686	0.01242	0.01207	0.03182	0.01535	0.01331	0.00847	0.02398	0.01408	0.26245	0.01514	0.01509	0.01044	0.00694	0.00510	0.00208	0.00548	0.00474	0.00550	0.00866
13	0.02040	0.03970	0.02053	0.01826	0.09825	0.03740	0.05035	0.29690	0.28565	0.03201	0.01948	0.01940	0.01454	0.00799	0.00672	0.00210	0.00699	0.00660	0.00600	0.01072
14	0.01419	0.01219	0.04259	0.13254	0.09997	0.03816	0.03682	0.03396	0.06916	0.08336	0.04806	0.19000	0.08067	0.01356	0.03735	0.00267	0.00695	0.04469	0.00522	0.00792
15	0.01041	0.00668	0.00842	0.00885	0.01023	0.00604	0.00630	0.01219	0.01488	0.08098	0.15113	0.42959	0.16542	0.01753	0.00805	0.00244	0.00382	0.01554	0.03532	0.00618
16	0.00916	0.00634	0.00760	0.00805	0.00840	0.00612	0.00500	0.00988	0.01179	0.01578	0.09139	0.27342	0.06025	0.43119	0.02263	0.00474	0.00525	0.01311	0.00514	0.00477
17	0.00911	0.00691	0.00791	0.00814	0.00975	0.00636	0.00594	0.01169	0.04333	0.02005	0.16963	0.20010	0.32439	0.06241	0.00950	0.00259	0.00383	0.04255	0.04993	0.00590
18	0.01599	0.01531	0.02612	0.15246	0.61590	0.01578	0.02028	0.02005	0.01499	0.02117	0.01251	0.01681	0.01036	0.00609	0.00665	0.00203	0.00812	0.00598	0.00327	0.01013
19	0.01669	0.01441	0.01517	0.01365	0.01745	0.01669	0.01062	0.03565	0.71021	0.02807	0.02731	0.02503	0.02048	0.00910	0.00683	0.00228	0.00531	0.00759	0.00683	0.01062
20	0.02476	0.06480	0.01979	0.01695	0.02059	0.67569	0.01289	0.05407	0.01928	0.01745	0.01056	0.01220	0.00875	0.00691	0.00600	0.00173	0.01168	0.00436	0.00356	0.00797
21	0.00963	0.00645	0.00736	0.00748	0.00752	0.00642	0.00424	0.00972	0.01001	0.01335	0.02244	0.10240	0.02603	0.70347	0.03206	0.00620	0.00629	0.01052	0.00424	0.00418
22	0.18420	0.01357	0.01507	0.01195	0.01686	0.05183	0.00980	0.09411	0.01884	0.48398	0.02120	0.01924	0.01382	0.00779	0.00619	0.00205	0.00612	0.00593	0.00706	0.01040
23	0.01602	0.01589	0.02418	0.19656	0.48815	0.07026	0.01894	0.01985	0.01515	0.02028	0.01455	0.01850	0.03895	0.00666	0.00666	0.00204	0.00832	0.00618	0.00337	0.00950
24	0.00959	0.00719	0.01078	0.01078	0.01198	0.00839	0.00839	0.01198	0.01078	0.01558	0.01797	0.02636	0.01677	0.05032	0.73760	0.01078	0.01797	0.00719	0.00359	0.00599
25	0.01007	0.00762	0.01102	0.01110	0.01218	0.00878	0.00873	0.01232	0.01140	0.01609	0.02051	0.03503	0.02045	0.10624	0.52160	0.00876	0.05535	0.11281	0.00401	0.00592
26	0.01094	0.00723	0.00910	0.00926	0.01059	0.00690	0.00664	0.04764	0.01575	0.05799	0.21835	0.36107	0.06433	0.07840	0.01016	0.00275	0.00421	0.03337	0.03908	0.00625
27	0.05948	0.00654	0.00726	0.00784	0.00909	0.00643	0.00559	0.01285	0.01363	0.02178	0.05766	0.34015	0.05661	0.01394	0.00656	0.00214	0.00359	0.01210	0.35080	0.00595
28	0.01875	0.31487	0.05575	0.01861	0.14553	0.11948	0.01391	0.09150	0.01638	0.02049	0.01106	0.01320	0.00939	0.00652	0.00645	0.00172	0.05373	0.00460	0.00353	0.07455
29	0.01100	0.12734	0.01394	0.08122	0.01479	0.01052	0.00831	0.01424	0.04203	0.02165	0.32595	0.13869	0.13936	0.01307	0.00728	0.00213	0.00457	0.01125	0.00590	0.00674
30	0.18835	0.12367	0.03884	0.01627	0.09465	0.04316	0.08392	0.04142	0.05064	0.07402	0.03285	0.04412	0.01325	0.00908	0.03896	0.00230	0.00738	0.00589	0.00437	0.08686
31	0.04150	0.04621	0.18564	0.03794	0.04222	0.04729	0.05372	0.12992	0.08885	0.06983	0.06062	0.09483	0.05362	0.00941	0.00683	0.00215	0.00730	0.00790	0.00510	0.00913
32	0.01071	0.00738	0.00967	0.00952	0.01112	0.00676	0.03613	0.01227	0.01380	0.07298	0.04071	0.27297	0.22759	0.16271	0.01326	0.00329	0.00493	0.07243	0.00584	0.00593

[dist]
# distance from previous block
# <min> <max>
5	26

[block]
# block no. 4 follows, 32 sequences, length 12
# corresponding to MSA columns:
# 147-158
name=unknown_E
#
# <colnr> <probs for GDERKNQSTAVLIFYWHMCP>
#	G	D	E	R	K	N	Q	S	T	A	V	L	I	F	Y	W	H	M	C	P
0	0.01537	0.01526	0.02341	0.11667	0.45631	0.06184	0.05078	0.01900	0.01534	0.02041	0.02073	0.02372	0.11648	0.00776	0.00687	0.00206	0.00784	0.00719	0.00373	0.00925
1	0.01663	0.01623	0.02494	0.11830	0.54662	0.05529	0.01910	0.02182	0.07455	0.02160	0.01367	0.01723	0.01117	0.00638	0.00663	0.00203	0.00808	0.00602	0.00359	0.01011
2	0.08468	0.05895	0.08178	0.03507	0.02025	0.34108	0.01303	0.13932	0.01899	0.02254	0.01626	0.01758	0.06966	0.00804	0.00692	0.00195	0.04578	0.00555	0.00419	0.00838
3	0.01331	0.00960	0.00946	0.00919	0.01097	0.07014	0.00688	0.04675	0.05448	0.02232	0.02204	0.11017	0.01974	0.04154	0.13030	0.00350	0.00692	0.00793	0.39813	0.00665
4	0.01890	0.66901	0.03298	0.01226	0.01770	0.12232	0.01168	0.02099	0.01436	0.01587	0.00947	0.01094	0.00862	0.00590	0.00454	0.00147	0.00784	0.00369	0.00295	0.00850
5	0.00854	0.00671	0.00777	0.00809	0.00980	0.00593	0.00605	0.01055	0.01559	0.01988	0.19119	0.19441	0.40052	0.01722	0.00816	0.00239	0.00368	0.07124	0.00646	0.00580
6	0.01574	0.01441	0.02027	0.19224	0.25595	0.05373	0.03260	0.11975	0.01753	0.02309	0.05151	0.06601	0.09065	0.00889	0.00697	0.00212	0.00748	0.00785	0.00442	0.00879
7	0.01893	0.01273	0.01461	0.01223	0.01576	0.01362	0.00975	0.30785	0.06431	0.09983	0.10558	0.08691	0.02274	0.01496	0.09400	0.00311	0.00716	0.00821	0.07859	0.00913
8	0.00947	0.00698	0.00882	0.00865	0.01011	0.00657	0.00632	0.01273	0.04542	0.02422	0.50790	0.16833	0.10018	0.04306	0.00896	0.00239	0.00351	0.01315	0.00697	0.00623
9	0.05254	0.16246	0.06249	0.01653	0.04182	0.03251	0.12196	0.02110	0.05924	0.09263	0.01448	0.01800	0.01188	0.04621	0.03342	0.00263	0.15982	0.00602	0.03574	0.00850
10	0.01166	0.00583	0.00874	0.00874	0.00874	0.00583	0.00583	0.00874	0.00874	0.01166	0.01166	0.02040	0.01166	0.02331	0.02622	0.80478	0.00583	0.00583	0.00291	0.00291
11	0.04321	0.00822	0.00916	0.03176	0.01164	0.00812	0.00670	0.08599	0.01629	0.02266	0.11179	0.19394	0.24908	0.04783	0.00845	0.00240	0.00425	0.01209	0.11997	0.00644

[dist]
# distance from previous block
# <min> <max>
3	12

[block]
# block no. 5 follows, 32 sequences, length 9
# corresponding to MSA columns:
# 172-180
name=unknown_F
#
# <colnr> <probs for GDERKNQSTAVLIFYWHMCP>
#	G	D	E	R	K	N	Q	S	T	A	V	L	I	F	Y	W	H	M	C	P
0	0.01805	0.03664	0.09367	0.06616	0.09523	0.08217	0.08705	0.14374	0.17633	0.02553	0.01633	0.01803	0.01250	0.00768	0.00778	0.00214	0.06362	0.00625	0.03147	0.00963
1	0.00896	0.00636	0.00792	0.00874	0.00935	0.00605	0.00591	0.01013	0.01276	0.01689	0.07978	0.37647	0.09424	0.24447	0.01626	0.00382	0.00480	0.07623	0.00565	0.00518
2	0.00824	0.00603	0.00760	0.00881	0.00947	0.00555	0.00591	0.00941	0.01304	0.01702	0.04086	0.60418	0.14975	0.06795	0.01010	0.00289	0.00398	0.01770	0.00609	0.00540
3	0.01191	0.00680	0.00788	0.00815	0.00980	0.00661	0.00644	0.01482	0.01495	0.04490	0.08616	0.08095	0.07119	0.01197	0.00644	0.00207	0.00394	0.15491	0.44381	0.00632
4	0.70194	0.01344	0.01090	0.00960	0.01380	0.01553	0.00786	0.06228	0.06705	0.03069	0.01115	0.01232	0.00855	0.00656	0.00452	0.00209	0.00533	0.00409	0.00452	0.00778
5	0.01564	0.07528	0.01553	0.01235	0.01602	0.01559	0.00979	0.07125	0.47328	0.02596	0.03174	0.06175	0.12645	0.01049	0.00686	0.00221	0.00524	0.00867	0.00638	0.00952
6	0.01749	0.01493	0.03514	0.08799	0.23341	0.04296	0.01441	0.11293	0.10849	0.08149	0.09246	0.02414	0.05756	0.00862	0.00748	0.00212	0.03642	0.00727	0.00517	0.00952
7	0.01796	0.10631	0.16975	0.05308	0.22109	0.16101	0.10251	0.05269	0.01635	0.02070	0.01194	0.01478	0.00949	0.00630	0.00638	0.00195	0.00953	0.00542	0.00335	0.00941
8	0.57502	0.01349	0.01073	0.00980	0.01343	0.06989	0.00789	0.01980	0.04402	0.02809	0.10414	0.01961	0.01667	0.00793	0.00514	0.00211	0.00551	0.03470	0.00473	0.00728

[dist]
# distance from previous block
# <min> <max>
0	1

[block]
# block no. 6 follows, 32 sequences, length 9
# corresponding to MSA columns:
# 182-190
name=unknown_G
#
# <colnr> <probs for GDERKNQSTAVLIFYWHMCP>
#	G	D	E	R	K	N	Q	S	T	A	V	L	I	F	Y	W	H	M	C	P
0	0.03927	0.05999	0.09636	0.02820	0.30281	0.07941	0.12979	0.05412	0.01558	0.02151	0.01197	0.01549	0.00979	0.00684	0.00846	0.00212	0.09955	0.00585	0.00342	0.00949
1	0.04392	0.00718	0.00863	0.00848	0.01032	0.00657	0.00627	0.01280	0.01633	0.07077	0.31822	0.21308	0.22148	0.01554	0.00783	0.00229	0.00365	0.01352	0.00675	0.00635
2	0.01044	0.00780	0.01043	0.01021	0.01123	0.00873	0.00753	0.04432	0.01189	0.01653	0.02205	0.10450	0.04818	0.21310	0.39733	0.00781	0.04879	0.00915	0.00419	0.00579
3	0.01268	0.01100	0.03823	0.06503	0.01713	0.01174	0.05690	0.08455	0.01365	0.01887	0.01901	0.16996	0.01946	0.08259	0.16219	0.08018	0.11671	0.00923	0.00424	0.00663
4	0.00890	0.00681	0.00821	0.00831	0.01001	0.00612	0.00629	0.01130	0.01661	0.02194	0.33836	0.13653	0.30056	0.01619	0.00812	0.00233	0.00362	0.07710	0.00672	0.00597
5	0.05429	0.35852	0.15414	0.01529	0.06458	0.10365	0.01402	0.02070	0.03885	0.01840	0.01243	0.04219	0.01100	0.00971	0.05415	0.00236	0.00873	0.00505	0.00334	0.00859
6	0.01053	0.00770	0.00921	0.00940	0.01078	0.00759	0.00675	0.05644	0.06217	0.01992	0.10169	0.30225	0.15780	0.09541	0.01220	0.06417	0.00460	0.04942	0.00593	0.00601
7	0.04766	0.01847	0.09855	0.07154	0.06116	0.12367	0.05019	0.08683	0.11202	0.04214	0.06020	0.02106	0.04341	0.00999	0.04142	0.00243	0.02918	0.00648	0.00465	0.06896
8	0.12284	0.12374	0.02106	0.05418	0.02051	0.11903	0.06925	0.09941	0.08201	0.02343	0.01278	0.01476	0.01024	0.00705	0.00723	0.00190	0.07693	0.00512	0.00415	0.12440

[dist]
# distance from previous block
# <min> <max>
3	13

[block]
# block no. 7 follows, 32 sequences, length 11
# corresponding to MSA columns:
# 204-214
name=unknown_H
#
# <colnr> <probs for GDERKNQSTAVLIFYWHMCP>
#	G	D	E	R	K	N	Q	S	T	A	V	L	I	F	Y	W	H	M	C	P
0	0.01292	0.00961	0.01128	0.01096	0.04267	0.04220	0.00776	0.01615	0.06346	0.06310	0.27164	0.10566	0.07272	0.01301	0.00914	0.08738	0.00468	0.00973	0.03966	0.10628
1	0.01530	0.01199	0.01369	0.03315	0.01589	0.01348	0.00969	0.13512	0.28428	0.02703	0.09704	0.09347	0.02436	0.01479	0.08505	0.00312	0.02779	0.00861	0.07741	0.00875
2	0.01334	0.03427	0.07206	0.19326	0.11077	0.03000	0.01341	0.03250	0.09780	0.01928	0.02236	0.09854	0.08431	0.01191	0.00967	0.11326	0.00691	0.02459	0.00428	0.00752
3	0.01156	0.01041	0.01081	0.01133	0.04633	0.08515	0.00786	0.01531	0.07866	0.02184	0.27371	0.20154	0.17084	0.01443	0.00770	0.00224	0.00475	0.01251	0.00625	0.00676
4	0.01410	0.01042	0.01369	0.01430	0.08854	0.01122	0.00968	0.13888	0.04505	0.04550	0.02033	0.10567	0.01954	0.14871	0.27690	0.00602	0.01063	0.00856	0.00479	0.00747
5	0.01793	0.01922	0.04611	0.07225	0.28758	0.16034	0.10495	0.07321	0.01693	0.02154	0.01420	0.03758	0.01236	0.00766	0.00757	0.00212	0.04248	0.04300	0.00379	0.00917
6	0.01810	0.03308	0.01653	0.04864	0.04776	0.01372	0.04027	0.27374	0.02090	0.08104	0.02269	0.19456	0.02118	0.01128	0.00704	0.00219	0.00619	0.04192	0.09036	0.00882
7	0.01932	0.07142	0.05298	0.01793	0.09525	0.13659	0.06743	0.21518	0.04388	0.02651	0.04601	0.01974	0.05772	0.00772	0.00645	0.00187	0.00789	0.00627	0.00481	0.09503
8	0.15765	0.12257	0.06973	0.01757	0.12138	0.09562	0.01326	0.11951	0.04955	0.07754	0.03424	0.01580	0.01186	0.00736	0.00692	0.00200	0.05843	0.00531	0.00450	0.00922
9	0.10472	0.01489	0.01718	0.07258	0.08163	0.04375	0.01154	0.19438	0.01922	0.13232	0.01488	0.01596	0.01095	0.00669	0.00592	0.00175	0.00659	0.00522	0.00518	0.23465
10	0.00805	0.00674	0.00701	0.00707	0.00917	0.00570	0.00525	0.00982	0.01539	0.01867	0.11080	0.10776	0.63153	0.01702	0.00797	0.00228	0.00341	0.01433	0.00631	0.00570

[dist]
# distance from previous block
# <min> <max>
9	15

[block]
# block no. 8 follows, 32 sequences, length 16
# corresponding to MSA columns:
# 230-245
name=unknown_I
#
# <colnr> <probs for GDERKNQSTAVLIFYWHMCP>
#	G	D	E	R	K	N	Q	S	T	A	V	L	I	F	Y	W	H	M	C	P
0	0.01697	0.00853	0.01093	0.01022	0.01286	0.00788	0.00791	0.01997	0.05027	0.26762	0.03373	0.26184	0.08749	0.01400	0.00745	0.00235	0.00470	0.07665	0.09067	0.00797
1	0.00868	0.00649	0.00804	0.00883	0.01000	0.00594	0.00641	0.01046	0.01458	0.01903	0.14556	0.36688	0.21977	0.04747	0.00938	0.00270	0.00403	0.09377	0.00631	0.00567
2	0.00939	0.00670	0.00819	0.00853	0.01006	0.00601	0.00623	0.01137	0.01552	0.04757	0.21560	0.30064	0.26592	0.01731	0.00816	0.00241	0.00372	0.04407	0.00659	0.00600
3	0.02100	0.01105	0.01373	0.01130	0.01515	0.01067	0.00904	0.09684	0.10685	0.33295	0.23451	0.03201	0.05451	0.01030	0.00714	0.00211	0.00499	0.00865	0.00761	0.00960
4	0.02003	0.01315	0.01488	0.01225	0.01623	0.01357	0.00991	0.33722	0.02359	0.14529	0.07049	0.08425	0.15229	0.01157	0.00728	0.00218	0.00581	0.04381	0.00686	0.00934
5	0.39229	0.06026	0.06770	0.07101	0.15576	0.04763	0.01281	0.05592	0.01429	0.05086	0.01137	0.01349	0.00882	0.00640	0.00530	0.00202	0.00689	0.00462	0.00399	0.00859
6	0.02195	0.22251	0.02454	0.01569	0.02007	0.26222	0.03854	0.20288	0.01997	0.02330	0.01159	0.01328	0.00944	0.00731	0.00734	0.00186	0.07954	0.00487	0.00412	0.00897
7	0.01832	0.01872	0.05744	0.07622	0.23612	0.10714	0.05659	0.11539	0.16960	0.02469	0.01585	0.01781	0.01232	0.00733	0.00727	0.00210	0.03652	0.00619	0.00450	0.00989
8	0.00815	0.00654	0.00738	0.00781	0.00945	0.00577	0.00564	0.00980	0.01453	0.01811	0.08626	0.26321	0.45944	0.01966	0.04423	0.00281	0.00425	0.01515	0.00615	0.00565
9	0.01150	0.00851	0.01309	0.09435	0.01764	0.00855	0.05937	0.01401	0.01438	0.04737	0.03157	0.20122	0.07312	0.01663	0.00973	0.05838	0.00617	0.30260	0.00550	0.00633
10	0.00950	0.00710	0.01011	0.01032	0.01117	0.00800	0.00765	0.01133	0.01106	0.01560	0.02190	0.17779	0.02304	0.12898	0.47794	0.00834	0.04042	0.00988	0.00417	0.00570
11	0.01166	0.00583	0.00874	0.00874	0.00874	0.00583	0.00583	0.00874	0.00874	0.01166	0.01166	0.02040	0.01166	0.02331	0.02622	0.80478	0.00583	0.00583	0.00291	0.00291
12	0.06504	0.12348	0.08603	0.11486	0.22249	0.08677	0.01626	0.11235	0.01701	0.04974	0.01248	0.01508	0.00983	0.00675	0.00666	0.00198	0.03463	0.00529	0.00387	0.00943
13	0.07049	0.09257	0.05560	0.01802	0.13091	0.10473	0.04195	0.13672	0.05177	0.04162	0.01867	0.01978	0.07833	0.00759	0.00616	0.00185	0.00737	0.00606	0.00455	0.10525
14	0.01564	0.08955	0.01496	0.01202	0.05044	0.03872	0.00902	0.07536	0.05242	0.10911	0.24034	0.06814	0.09601	0.01102	0.00692	0.00201	0.00513	0.02379	0.03648	0.04293
15	0.05341	0.11886	0.05708	0.01623	0.04912	0.09251	0.12459	0.06681	0.11706	0.04604	0.04379	0.02259	0.08844	0.00804	0.00644	0.00195	0.00746	0.00683	0.00469	0.06807

[dist]
# distance from previous block
# <min> <max>
5	21

[block]
# block no. 9 follows, 32 sequences, length 12
# corresponding to MSA columns:
# 267-278
name=unknown_J
#
# <colnr> <probs for GDERKNQSTAVLIFYWHMCP>
#	G	D	E	R	K	N	Q	S	T	A	V	L	I	F	Y	W	H	M	C	P
0	0.11652	0.03837	0.02969	0.08092	0.08272	0.01386	0.03639	0.04482	0.05181	0.02231	0.08173	0.06424	0.08663	0.01007	0.00899	0.00221	0.12257	0.02836	0.00458	0.07323
1	0.01612	0.01741	0.11635	0.02072	0.17464	0.05682	0.04717	0.06776	0.01586	0.05601	0.04676	0.07110	0.03909	0.00875	0.00875	0.00208	0.10884	0.00706	0.00426	0.11445
2	0.01544	0.01209	0.01418	0.01033	0.01602	0.00959	0.00829	0.05810	0.01551	0.06821	0.04288	0.01614	0.01270	0.00573	0.00531	0.00117	0.00508	0.00462	0.00456	0.67405
3	0.01740	0.10211	0.04910	0.01570	0.07862	0.11842	0.01178	0.08488	0.22893	0.02324	0.01888	0.07198	0.01626	0.05303	0.00796	0.00222	0.00704	0.00690	0.00495	0.08060
4	0.01605	0.02998	0.52715	0.02068	0.08538	0.05781	0.05820	0.02258	0.01509	0.08553	0.01339	0.01525	0.00952	0.00651	0.00649	0.00209	0.00957	0.00533	0.00344	0.00994
5	0.01511	0.01439	0.05696	0.01375	0.04668	0.05308	0.04277	0.13456	0.16386	0.02627	0.14513	0.03475	0.18548	0.01090	0.00717	0.00213	0.00587	0.00917	0.02343	0.00853
6	0.01405	0.09433	0.62233	0.02004	0.07685	0.01652	0.02339	0.02111	0.01420	0.02084	0.01186	0.01406	0.00866	0.00629	0.00622	0.00206	0.00955	0.00492	0.00287	0.00986
7	0.01480	0.14967	0.29868	0.03741	0.04683	0.01753	0.23210	0.02024	0.01447	0.01996	0.01403	0.03460	0.02851	0.00687	0.00719	0.00210	0.03640	0.00633	0.00321	0.00907
8	0.00973	0.00661	0.00784	0.00784	0.00802	0.00679	0.00472	0.01009	0.00991	0.01340	0.02066	0.04127	0.02325	0.65675	0.14002	0.00715	0.00823	0.00937	0.00399	0.00436
9	0.08085	0.09946	0.45084	0.01967	0.08996	0.01678	0.05679	0.02198	0.06306	0.02201	0.01277	0.01477	0.00954	0.00642	0.00613	0.00206	0.00883	0.00515	0.00330	0.00964
10	0.03338	0.01371	0.02385	0.11593	0.11525	0.01418	0.20809	0.01960	0.01425	0.09263	0.01468	0.01926	0.01174	0.03419	0.07926	0.00311	0.08884	0.00663	0.02222	0.06919
11	0.01202	0.06218	0.01223	0.01079	0.01268	0.01030	0.00817	0.06633	0.13083	0.02159	0.08644	0.36473	0.03534	0.05570	0.00922	0.00269	0.00493	0.08068	0.00610	0.00705

[dist]
# distance from previous block
# <min> <max>
0	8

[block]
# block no. 10 follows, 32 sequences, length 12
# corresponding to MSA columns:
# 290-301
name=unknown_K
#
# <colnr> <probs for GDERKNQSTAVLIFYWHMCP>
#	G	D	E	R	K	N	Q	S	T	A	V	L	I	F	Y	W	H	M	C	P
0	0.01763	0.18426	0.05013	0.02052	0.14297	0.09633	0.07412	0.05586	0.08688	0.02050	0.01268	0.01527	0.01055	0.00746	0.00896	0.00204	0.14553	0.00548	0.00371	0.03911
1	0.03583	0.01351	0.01998	0.05273	0.32553	0.01445	0.01494	0.04830	0.09690	0.05787	0.05368	0.02470	0.05673	0.01129	0.05359	0.00273	0.07302	0.03035	0.00458	0.00926
2	0.01785	0.19456	0.22838	0.01604	0.02200	0.05357	0.07159	0.02276	0.04961	0.12689	0.01448	0.01622	0.01101	0.00964	0.04974	0.00253	0.07441	0.00547	0.00401	0.00925
3	0.03904	0.01350	0.01525	0.01288	0.01630	0.03822	0.03467	0.20476	0.15766	0.08993	0.05525	0.08410	0.06075	0.09015	0.03565	0.00294	0.02548	0.00854	0.00606	0.00885
4	0.37105	0.01303	0.01404	0.10738	0.08253	0.01469	0.01062	0.07971	0.10014	0.02751	0.05629	0.02038	0.06191	0.00794	0.00573	0.00212	0.00589	0.00604	0.00480	0.00821
5	0.01873	0.01829	0.01949	0.12144	0.19304	0.18501	0.01445	0.07496	0.16733	0.04358	0.01778	0.01939	0.03313	0.00758	0.00653	0.00202	0.00808	0.00621	0.03365	0.00930
6	0.01515	0.01429	0.02335	0.30166	0.39800	0.01563	0.01884	0.02086	0.08605	0.02077	0.01387	0.01795	0.01101	0.00657	0.00669	0.00211	0.00806	0.00614	0.00356	0.00945
7	0.01045	0.00710	0.00806	0.00796	0.00828	0.00717	0.00475	0.04695	0.01124	0.01500	0.02243	0.11289	0.02566	0.65023	0.03015	0.00589	0.00630	0.01047	0.00442	0.00460
8	0.01999	0.10457	0.01823	0.01315	0.01724	0.01651	0.01081	0.14264	0.26702	0.15907	0.06455	0.02240	0.01861	0.01061	0.03943	0.00249	0.04955	0.00685	0.00628	0.01000
9	0.01806	0.01274	0.01450	0.01223	0.01528	0.01382	0.00946	0.26819	0.10452	0.08426	0.10147	0.08927	0.02394	0.15021	0.01286	0.00300	0.04255	0.00876	0.00621	0.00867
10	0.01331	0.01213	0.01472	0.05056	0.05958	0.07797	0.01095	0.04526	0.03362	0.01790	0.01838	0.11961	0.01850	0.08252	0.23001	0.00527	0.15019	0.02850	0.00410	0.00692
11	0.15862	0.11843	0.07286	0.01846	0.09893	0.35292	0.04851	0.02336	0.01609	0.01995	0.01060	0.01269	0.00869	0.00644	0.00569	0.00184	0.00962	0.00453	0.00344	0.00833

[dist]
# distance from previous block
# <min> <max>
0	2

[block]
# block no. 11 follows, 32 sequences, length 18
# corresponding to MSA columns:
# 304-321
name=unknown_L
#
# <colnr> <probs for GDERKNQSTAVLIFYWHMCP>
#	G	D	E	R	K	N	Q	S	T	A	V	L	I	F	Y	W	H	M	C	P
0	0.10760	0.23530	0.02352	0.01432	0.01905	0.18413	0.04883	0.20775	0.01947	0.02494	0.01222	0.01453	0.01008	0.04285	0.00697	0.00202	0.00833	0.00496	0.00428	0.00885
1	0.01589	0.03914	0.01962	0.05871	0.10299	0.01444	0.10105	0.12322	0.16533	0.04170	0.05141	0.08926	0.08002	0.01036	0.00729	0.00225	0.00669	0.05613	0.00551	0.00898
2	0.00976	0.00651	0.00732	0.00732	0.00732	0.00651	0.00407	0.00976	0.00976	0.01301	0.02114	0.04391	0.02439	0.76419	0.03415	0.00651	0.00651	0.00976	0.00407	0.00407
3	0.02897	0.01164	0.01554	0.01198	0.01703	0.01032	0.00987	0.06908	0.01988	0.65880	0.05554	0.02363	0.01832	0.00852	0.00680	0.00207	0.00569	0.00694	0.00818	0.01120
4	0.01173	0.00586	0.00852	0.00852	0.00866	0.00586	0.00573	0.00934	0.00921	0.01282	0.01255	0.02080	0.01214	0.02196	0.02434	0.73464	0.00559	0.00586	0.07264	0.00321
5	0.01027	0.00762	0.00876	0.00826	0.01048	0.00698	0.00626	0.01396	0.07031	0.05469	0.34088	0.05349	0.35400	0.01460	0.00779	0.00219	0.00355	0.01246	0.00686	0.00659
6	0.08587	0.01323	0.01405	0.01281	0.01638	0.01502	0.01011	0.03116	0.52971	0.05354	0.05939	0.02933	0.02281	0.00987	0.00686	0.00231	0.00529	0.06590	0.00662	0.00976
7	0.15188	0.09837	0.05618	0.05443	0.04417	0.04668	0.15551	0.22369	0.01965	0.06745	0.01358	0.01532	0.01007	0.00677	0.00624	0.00202	0.00812	0.00569	0.00468	0.00950
8	0.02072	0.08119	0.01775	0.01315	0.01760	0.06922	0.01064	0.20253	0.18464	0.13532	0.04594	0.06706	0.01777	0.00882	0.00650	0.00197	0.00638	0.00705	0.00616	0.07959
9	0.67483	0.01231	0.01027	0.00906	0.01307	0.01385	0.00741	0.02021	0.01275	0.08932	0.07276	0.01534	0.01296	0.00706	0.00470	0.00208	0.00506	0.00464	0.00479	0.00754
10	0.00841	0.00682	0.00747	0.00731	0.00936	0.00587	0.00548	0.01057	0.01644	0.02084	0.26930	0.06010	0.51659	0.01598	0.00793	0.00222	0.00333	0.01353	0.00659	0.00587
11	0.00910	0.00677	0.00847	0.00820	0.00982	0.00614	0.00609	0.01183	0.01781	0.02448	0.54211	0.10911	0.18547	0.01491	0.00797	0.00219	0.00327	0.01307	0.00708	0.00614
12	0.00954	0.00664	0.00837	0.00852	0.00894	0.00691	0.00555	0.01041	0.01063	0.01455	0.04211	0.11385	0.02550	0.46765	0.22522	0.00717	0.00931	0.01009	0.00426	0.00481
13	0.74307	0.01413	0.03995	0.00955	0.01399	0.01534	0.00824	0.05064	0.01245	0.03029	0.00976	0.01127	0.00751	0.00632	0.00436	0.00208	0.00548	0.00380	0.00421	0.00756
14	0.01930	0.24446	0.08496	0.06003	0.13693	0.15330	0.01502	0.11931	0.04335	0.02172	0.01206	0.01408	0.00981	0.00676	0.00634	0.00185	0.03275	0.00494	0.00376	0.00927
15	0.01006	0.00794	0.00926	0.00944	0.01121	0.00785	0.00695	0.01513	0.14412	0.02148	0.17987	0.28202	0.21179	0.01625	0.00798	0.00242	0.00397	0.03902	0.00657	0.00667
16	0.13403	0.08013	0.05073	0.04466	0.12444	0.10500	0.01263	0.08044	0.10249	0.06093	0.10500	0.02024	0.01788	0.00797	0.00656	0.00202	0.02481	0.00621	0.00488	0.00894
17	0.03849	0.16454	0.07107	0.08867	0.10034	0.11132	0.07691	0.04844	0.04535	0.04157	0.03949	0.01900	0.01329	0.00717	0.00618	0.00189	0.00810	0.03583	0.00398	0.07835

[dist]
# distance from previous block
# <min> <max>
1	14

[block]
# block no. 12 follows, 32 sequences, length 17
# corresponding to MSA columns:
# 337-353
name=unknown_M
#
# <colnr> <probs for GDERKNQSTAVLIFYWHMCP>
#	G	D	E	R	K	N	Q	S	T	A	V	L	I	F	Y	W	H	M	C	P
0	0.01994	0.10844	0.05536	0.05586	0.26298	0.13581	0.03975	0.11835	0.01812	0.07310	0.01329	0.01544	0.01039	0.00656	0.00626	0.00188	0.00844	0.00543	0.00412	0.04048
1	0.01259	0.00857	0.01104	0.01061	0.04075	0.00795	0.02364	0.01608	0.06210	0.10837	0.26702	0.08839	0.21115	0.07025	0.00961	0.00250	0.00441	0.01137	0.00650	0.02708
2	0.00939	0.00682	0.00860	0.00961	0.01048	0.00656	0.00662	0.05851	0.01434	0.01898	0.03753	0.66117	0.08643	0.01983	0.00839	0.00264	0.00411	0.01782	0.00626	0.00589
3	0.14176	0.01944	0.01700	0.01434	0.01839	0.20877	0.02919	0.28408	0.02182	0.05398	0.01662	0.11318	0.01457	0.00914	0.00643	0.00205	0.00789	0.00702	0.00536	0.00896
4	0.02388	0.09230	0.02100	0.03554	0.02098	0.20832	0.01274	0.40723	0.06088	0.03161	0.01443	0.01506	0.01082	0.00756	0.00632	0.00190	0.00853	0.00544	0.00540	0.01005
5	0.02418	0.01157	0.01531	0.01360	0.06599	0.01083	0.01002	0.10782	0.01940	0.44194	0.08398	0.05547	0.02125	0.05878	0.00867	0.00237	0.00577	0.00776	0.02520	0.01008
6	0.05980	0.01948	0.02322	0.05622	0.42263	0.18202	0.01713	0.07080	0.04477	0.02260	0.01275	0.01563	0.01039	0.00650	0.00639	0.00196	0.00866	0.00555	0.00376	0.00974
7	0.00907	0.00675	0.00847	0.00850	0.01004	0.00616	0.00636	0.01164	0.01710	0.02323	0.44054	0.15849	0.19318	0.01578	0.00810	0.00230	0.00352	0.05781	0.00690	0.00606
8	0.00851	0.00614	0.00785	0.00888	0.00947	0.00584	0.00595	0.00969	0.01265	0.01677	0.05383	0.52243	0.10430	0.13126	0.06017	0.00375	0.00514	0.01628	0.00577	0.00533
9	0.00839	0.00593	0.00772	0.00906	0.00940	0.00560	0.00593	0.00940	0.01242	0.01656	0.03478	0.66040	0.04160	0.12422	0.01212	0.00325	0.00426	0.01778	0.00593	0.00526
10	0.05635	0.02193	0.01744	0.01659	0.06450	0.34643	0.01202	0.12170	0.08762	0.06304	0.01625	0.06889	0.01377	0.01092	0.05070	0.00250	0.00958	0.00633	0.00476	0.00868
11	0.01544	0.01303	0.01197	0.01105	0.01346	0.16078	0.00843	0.01857	0.04801	0.10205	0.29953	0.04076	0.09034	0.06909	0.00945	0.00246	0.00595	0.06628	0.00620	0.00717
12	0.01425	0.03367	0.68298	0.01888	0.02850	0.01593	0.02400	0.06569	0.01530	0.02263	0.01231	0.01429	0.00869	0.00648	0.00640	0.00212	0.00975	0.00503	0.00309	0.01001
13	0.00832	0.00603	0.00790	0.00934	0.00994	0.00561	0.00643	0.00965	0.01320	0.01739	0.03924	0.66397	0.09520	0.02056	0.00856	0.00271	0.00400	0.06020	0.00623	0.00551
14	0.06714	0.01328	0.01389	0.01076	0.01588	0.05602	0.00848	0.05252	0.05244	0.02306	0.01460	0.07085	0.01294	0.00677	0.00544	0.00136	0.00549	0.00542	0.00442	0.55925
15	0.01927	0.12650	0.14933	0.01528	0.02123	0.07685	0.08062	0.11828	0.01778	0.12997	0.01605	0.06427	0.01288	0.00756	0.00626	0.00187	0.00779	0.00622	0.00470	0.11729
16	0.02353	0.01798	0.01883	0.04149	0.02066	0.07288	0.01229	0.50772	0.02696	0.07159	0.01601	0.01690	0.01172	0.01101	0.06206	0.00262	0.00841	0.00594	0.00605	0.04535

[dist]
# distance from previous block
# <min> <max>
0	8

[block]
# block no. 13 follows, 32 sequences, length 20
# corresponding to MSA columns:
# 362-381
name=unknown_N
#
# <colnr> <probs for GDERKNQSTAVLIFYWHMCP>
#	G	D	E	R	K	N	Q	S	T	A	V	L	I	F	Y	W	H	M	C	P
0	0.01696	0.12739	0.04679	0.06370	0.14228	0.10649	0.06983	0.05635	0.12955	0.02155	0.03121	0.01818	0.01327	0.01088	0.07301	0.00272	0.00895	0.00596	0.00414	0.05080
1	0.01533	0.08307	0.02004	0.01777	0.09628	0.05432	0.01312	0.06764	0.01352	0.01870	0.01454	0.06112	0.03332	0.03970	0.08222	0.00338	0.34764	0.00687	0.00367	0.00776
2	0.01631	0.01440	0.03377	0.11082	0.07212	0.09740	0.03575	0.04081	0.04133	0.10040	0.02345	0.11203	0.09417	0.01015	0.00820	0.00213	0.07414	0.00828	0.02526	0.07909
3	0.00812	0.00680	0.00707	0.00700	0.00918	0.00575	0.00525	0.01000	0.01575	0.01921	0.14838	0.06279	0.63853	0.01659	0.00793	0.00225	0.00337	0.01391	0.00637	0.00575
4	0.01613	0.01607	0.02445	0.24893	0.46414	0.07487	0.01939	0.02008	0.01503	0.02005	0.01223	0.01662	0.00997	0.00627	0.00661	0.00204	0.00860	0.00584	0.00323	0.00945
5	0.01794	0.76823	0.03516	0.01148	0.01722	0.02655	0.01148	0.02009	0.01363	0.01579	0.00933	0.01076	0.00861	0.00574	0.00431	0.00144	0.00718	0.00359	0.00287	0.00861
6	0.00841	0.00669	0.00755	0.00761	0.00943	0.00583	0.00561	0.01046	0.01602	0.02051	0.25065	0.15465	0.43965	0.01660	0.00801	0.00228	0.00340	0.01425	0.00656	0.00583
7	0.01129	0.00857	0.01078	0.03341	0.05728	0.00828	0.00809	0.03955	0.05307	0.04614	0.23651	0.08750	0.25056	0.05013	0.00907	0.00249	0.00453	0.06961	0.00629	0.00685
8	0.00843	0.00622	0.00796	0.00925	0.01009	0.00574	0.00656	0.00991	0.01356	0.01763	0.04212	0.56321	0.15920	0.02005	0.00854	0.00269	0.00407	0.09299	0.00622	0.00557
9	0.01758	0.01446	0.01544	0.01360	0.01738	0.01644	0.01062	0.15883	0.51829	0.02976	0.02608	0.09040	0.02095	0.00999	0.00696	0.00227	0.00557	0.00834	0.00675	0.01030
10	0.01836	0.39828	0.12398	0.01758	0.10955	0.06015	0.05504	0.02175	0.01483	0.07957	0.01199	0.01362	0.00969	0.00611	0.00542	0.00170	0.00796	0.00466	0.00349	0.03625
11	0.00997	0.00735	0.00986	0.00968	0.01028	0.00831	0.00687	0.01126	0.01030	0.01448	0.01880	0.03336	0.01963	0.36163	0.38465	0.00842	0.05792	0.00824	0.00376	0.00523
12	0.01349	0.01285	0.01793	0.01569	0.01586	0.01751	0.01280	0.01496	0.01030	0.01578	0.01126	0.01904	0.01138	0.08599	0.12669	0.00440	0.57767	0.00642	0.00313	0.00685
13	0.00831	0.00658	0.00752	0.00803	0.00965	0.00579	0.00590	0.01006	0.01488	0.01865	0.10797	0.26594	0.42765	0.01801	0.00820	0.00244	0.00371	0.05870	0.00632	0.00569
14	0.00832	0.00658	0.00740	0.00779	0.00939	0.00578	0.00563	0.00998	0.01473	0.01845	0.11388	0.23540	0.43470	0.05692	0.00951	0.00262	0.00376	0.03737	0.00622	0.00560
15	0.00820	0.00626	0.00754	0.00838	0.00952	0.00560	0.00584	0.00972	0.01422	0.01831	0.10561	0.45750	0.28112	0.01900	0.00829	0.00251	0.00366	0.01678	0.00633	0.00560
16	0.00880	0.00685	0.01040	0.01090	0.01181	0.00640	0.06303	0.01034	0.01309	0.01749	0.03506	0.69890	0.04157	0.01976	0.00851	0.00269	0.00450	0.01816	0.00600	0.00575
17	0.01226	0.01137	0.01900	0.68065	0.04288	0.01404	0.01750	0.01643	0.01336	0.01714	0.01421	0.08559	0.01218	0.00801	0.00688	0.00228	0.00848	0.00716	0.00328	0.00727
