[name]
unknown

[dist]
# distance from previous block
# <min> <max>
0	56

[block]
# block no. 0 follows, 34 sequences, length 115
# corresponding to MSA columns:
# 56-170
name=unknown_A
#
# <colnr> <probs for GDERKNQSTAVLIFYWHMCP>
#	G	D	E	R	K	N	Q	S	T	A	V	L	I	F	Y	W	H	M	C	P
0	0.01112	0.00797	0.00997	0.00938	0.01137	0.00788	0.00727	0.01646	0.12542	0.05385	0.52840	0.04583	0.05063	0.01276	0.00754	0.00214	0.00373	0.07439	0.00696	0.00691
1	0.01601	0.01639	0.04589	0.03726	0.62356	0.03171	0.09363	0.02007	0.01482	0.02093	0.01219	0.01599	0.01009	0.00575	0.00651	0.00194	0.00816	0.00590	0.00320	0.00999
2	0.02711	0.01097	0.01467	0.01137	0.01609	0.00971	0.00934	0.06238	0.01905	0.64385	0.08431	0.02390	0.01954	0.00842	0.00659	0.00200	0.00537	0.00690	0.00785	0.01058
3	0.01101	0.00702	0.00923	0.00844	0.01030	0.00642	0.00642	0.01400	0.01831	0.09266	0.66316	0.04580	0.05675	0.01272	0.00752	0.00203	0.00328	0.01120	0.00720	0.00656
4	0.00791	0.00656	0.00692	0.00683	0.00889	0.00557	0.00512	0.00979	0.01536	0.01896	0.18369	0.05970	0.61082	0.01580	0.00763	0.00216	0.00323	0.01329	0.00620	0.00557
5	0.00940	0.00626	0.00705	0.00705	0.00705	0.00626	0.00392	0.00940	0.00940	0.01253	0.02036	0.04228	0.02349	0.77292	0.03289	0.00626	0.00626	0.00940	0.00392	0.00392
6	0.01871	0.01519	0.01610	0.01368	0.01781	0.01730	0.01087	0.24454	0.50644	0.03128	0.02295	0.02144	0.01701	0.00845	0.00654	0.00211	0.00573	0.00684	0.00654	0.01046
7	0.01727	0.77681	0.03386	0.01106	0.01658	0.02557	0.01106	0.01935	0.01313	0.01520	0.00898	0.01036	0.00829	0.00553	0.00415	0.00138	0.00691	0.00345	0.00276	0.00829
8	0.00940	0.00626	0.00705	0.00705	0.00705	0.00626	0.00392	0.00940	0.00940	0.01253	0.02036	0.04228	0.02349	0.77292	0.03289	0.00626	0.00626	0.00940	0.00392	0.00392
9	0.01727	0.77681	0.03386	0.01106	0.01658	0.02557	0.01106	0.01935	0.01313	0.01520	0.00898	0.01036	0.00829	0.00553	0.00415	0.00138	0.00691	0.00345	0.00276	0.00829
10	0.81856	0.01250	0.00950	0.00850	0.01250	0.01449	0.00700	0.01899	0.01100	0.02899	0.00900	0.01050	0.00700	0.00600	0.00400	0.00200	0.00500	0.00350	0.00400	0.00700
11	0.01607	0.01388	0.01461	0.01315	0.01680	0.01607	0.01023	0.03433	0.72094	0.02703	0.02630	0.02411	0.01972	0.00877	0.00657	0.00219	0.00511	0.00731	0.00657	0.01023
12	0.00848	0.00658	0.00771	0.00743	0.00924	0.00581	0.00557	0.01090	0.01671	0.02217	0.43535	0.05443	0.35716	0.01461	0.00763	0.00210	0.00315	0.01255	0.00662	0.00581
13	0.01607	0.01388	0.01461	0.01315	0.01680	0.01607	0.01023	0.03433	0.72094	0.02703	0.02630	0.02411	0.01972	0.00877	0.00657	0.00219	0.00511	0.00731	0.00657	0.01023
14	0.01029	0.00690	0.00998	0.01092	0.04465	0.00683	0.02431	0.01120	0.05419	0.01562	0.04073	0.35745	0.02705	0.01918	0.01469	0.31991	0.00491	0.01166	0.00461	0.00494
15	0.01499	0.07681	0.17610	0.02504	0.07379	0.01670	0.47966	0.02050	0.01474	0.02027	0.01242	0.01607	0.00940	0.00561	0.00700	0.00208	0.01014	0.00664	0.00312	0.00894
16	0.01727	0.77681	0.03386	0.01106	0.01658	0.02557	0.01106	0.01935	0.01313	0.01520	0.00898	0.01036	0.00829	0.00553	0.00415	0.00138	0.00691	0.00345	0.00276	0.00829
17	0.02456	0.01810	0.01939	0.01487	0.02004	0.02004	0.01228	0.71107	0.03038	0.04072	0.01551	0.01551	0.01099	0.00776	0.00646	0.00194	0.00711	0.00582	0.00646	0.01099
18	0.02288	0.02878	0.01764	0.01612	0.01926	0.68472	0.01211	0.02460	0.01764	0.01574	0.01060	0.01281	0.00898	0.01018	0.06831	0.00240	0.01213	0.00439	0.00334	0.00735
19	0.01785	0.71394	0.03255	0.01153	0.01687	0.08636	0.01118	0.01989	0.01357	0.01525	0.00907	0.01047	0.00829	0.00562	0.00429	0.00141	0.00731	0.00351	0.00281	0.00822
20	0.00966	0.00730	0.01019	0.00997	0.01072	0.00849	0.00739	0.01126	0.01007	0.01436	0.01747	0.02919	0.01759	0.24651	0.49257	0.00865	0.07221	0.00751	0.00354	0.00536
21	0.00787	0.00562	0.00750	0.00900	0.00937	0.00525	0.00600	0.00900	0.01237	0.01649	0.03561	0.76871	0.04274	0.02024	0.00825	0.00262	0.00375	0.01837	0.00600	0.00525
22	0.01867	0.01243	0.01412	0.01223	0.01602	0.01342	0.00963	0.03142	0.47312	0.20716	0.09563	0.02596	0.02286	0.00901	0.00666	0.00213	0.00501	0.00753	0.00699	0.01001
23	0.01727	0.77681	0.03386	0.01106	0.01658	0.02557	0.01106	0.01935	0.01313	0.01520	0.00898	0.01036	0.00829	0.00553	0.00415	0.00138	0.00691	0.00345	0.00276	0.00829
24	0.01795	0.08304	0.03779	0.05329	0.09113	0.19599	0.04074	0.05817	0.23342	0.02147	0.03065	0.01752	0.01334	0.00762	0.00741	0.00200	0.06938	0.00582	0.00442	0.00886
25	0.01019	0.00864	0.03056	0.01397	0.11049	0.00857	0.00911	0.01299	0.04556	0.01675	0.02286	0.25481	0.02431	0.11077	0.28364	0.00576	0.00979	0.01053	0.00439	0.00633
26	0.81856	0.01250	0.00950	0.00850	0.01250	0.01449	0.00700	0.01899	0.01100	0.02899	0.00900	0.01050	0.00700	0.00600	0.00400	0.00200	0.00500	0.00350	0.00400	0.00700
27	0.00942	0.00625	0.00716	0.00740	0.00774	0.00615	0.00457	0.01003	0.01060	0.01452	0.02494	0.12233	0.05950	0.55173	0.02538	0.00510	0.00556	0.04502	0.07217	0.00442
28	0.81856	0.01250	0.00950	0.00850	0.01250	0.01449	0.00700	0.01899	0.01100	0.02899	0.00900	0.01050	0.00700	0.00600	0.00400	0.00200	0.00500	0.00350	0.00400	0.00700
29	0.06468	0.01534	0.02615	0.03679	0.63385	0.01538	0.07333	0.01985	0.01453	0.02156	0.01203	0.01577	0.01000	0.00575	0.00635	0.00194	0.00777	0.00577	0.00325	0.00992
30	0.01540	0.13409	0.52693	0.01651	0.02471	0.05325	0.01992	0.02133	0.01418	0.07594	0.01224	0.01374	0.00886	0.00619	0.00584	0.00190	0.00884	0.00467	0.00321	0.03225
31	0.01670	0.05983	0.28239	0.05871	0.24432	0.01463	0.03307	0.02193	0.03097	0.13135	0.01415	0.01598	0.01040	0.00630	0.00619	0.00194	0.00794	0.00541	0.00383	0.03396
32	0.01220	0.01148	0.01938	0.75739	0.04450	0.01436	0.01794	0.01651	0.01292	0.01651	0.01148	0.01723	0.00861	0.00646	0.00646	0.00215	0.00861	0.00574	0.00287	0.00718
33	0.07179	0.01109	0.08735	0.06470	0.01557	0.00983	0.00988	0.03012	0.07120	0.03628	0.02624	0.43645	0.02864	0.01464	0.00814	0.00243	0.05103	0.01267	0.00519	0.00676
34	0.01464	0.03853	0.12126	0.17676	0.43234	0.01516	0.04611	0.01905	0.01429	0.02007	0.03306	0.01677	0.01106	0.00615	0.00639	0.00198	0.00808	0.00580	0.00318	0.00930
35	0.01111	0.00744	0.00903	0.00870	0.01067	0.00694	0.00648	0.01461	0.07534	0.09486	0.28077	0.20594	0.21406	0.01463	0.00756	0.00221	0.00368	0.01274	0.00664	0.00660
36	0.00940	0.00626	0.00705	0.00705	0.00705	0.00626	0.00392	0.00940	0.00940	0.01253	0.02036	0.04228	0.02349	0.77292	0.03289	0.00626	0.00626	0.00940	0.00392	0.00392
37	0.08350	0.08457	0.51280	0.01607	0.02415	0.01526	0.01935	0.04491	0.01453	0.10806	0.01299	0.01420	0.00913	0.00636	0.00586	0.00198	0.00839	0.00481	0.00360	0.00946
38	0.75068	0.01426	0.07101	0.00933	0.01380	0.01454	0.00842	0.01912	0.01122	0.02827	0.00922	0.01076	0.00710	0.00601	0.00418	0.00200	0.00538	0.00361	0.00389	0.00721
39	0.00903	0.00660	0.00847	0.00801	0.00958	0.00605	0.00600	0.01197	0.01801	0.02525	0.67748	0.04935	0.11311	0.01346	0.00762	0.00204	0.00307	0.01184	0.00703	0.00605
40	0.00795	0.00589	0.00724	0.00827	0.00903	0.00538	0.00557	0.00909	0.01266	0.01638	0.04118	0.54515	0.19903	0.08278	0.01018	0.00283	0.00385	0.01653	0.00582	0.00518
41	0.01812	0.54149	0.10129	0.01271	0.01817	0.14166	0.01247	0.02069	0.01412	0.03639	0.01006	0.01156	0.00868	0.00677	0.02078	0.00171	0.00814	0.00387	0.00302	0.00831
42	0.74168	0.08584	0.01183	0.00874	0.01289	0.01556	0.00739	0.01903	0.01120	0.02767	0.00900	0.01048	0.00712	0.00595	0.00401	0.00194	0.00518	0.00349	0.00388	0.00712
43	0.01889	0.01655	0.01647	0.01469	0.03942	0.08609	0.01123	0.19713	0.46590	0.02911	0.02172	0.02060	0.01624	0.00823	0.00647	0.00207	0.00629	0.00660	0.00614	0.01015
44	0.01673	0.01534	0.02371	0.03315	0.55328	0.01587	0.01759	0.08050	0.13372	0.02375	0.01479	0.01730	0.01188	0.00643	0.00643	0.00197	0.00720	0.00602	0.00404	0.01030
45	0.01915	0.01606	0.01704	0.01392	0.01843	0.05393	0.03140	0.27131	0.33439	0.03041	0.01947	0.01894	0.01453	0.00772	0.00631	0.00193	0.00629	0.00621	0.00594	0.10661
46	0.00940	0.00626	0.00705	0.00705	0.00705	0.00626	0.00392	0.00940	0.00940	0.01253	0.02036	0.04228	0.02349	0.77292	0.03289	0.00626	0.00626	0.00940	0.00392	0.00392
47	0.01220	0.01148	0.01938	0.75739	0.04450	0.01436	0.01794	0.01651	0.01292	0.01651	0.01148	0.01723	0.00861	0.00646	0.00646	0.00215	0.00861	0.00574	0.00287	0.00718
48	0.01558	0.38304	0.28785	0.01582	0.02276	0.02041	0.09628	0.03669	0.01390	0.01836	0.01054	0.01258	0.00850	0.00594	0.00577	0.00176	0.02795	0.00453	0.00290	0.00883
49	0.47999	0.01187	0.01138	0.00966	0.01383	0.01271	0.00789	0.02342	0.07319	0.23407	0.01813	0.01763	0.04762	0.00734	0.00513	0.00202	0.00507	0.00521	0.00548	0.00835
50	0.00940	0.00626	0.00705	0.00705	0.00705	0.00626	0.00392	0.00940	0.00940	0.01253	0.02036	0.04228	0.02349	0.77292	0.03289	0.00626	0.00626	0.00940	0.00392	0.00392
51	0.06375	0.03506	0.03338	0.03674	0.03980	0.01345	0.01034	0.11468	0.18584	0.02225	0.01776	0.05234	0.01566	0.01272	0.01224	0.19532	0.06958	0.05699	0.00467	0.00741
52	0.01734	0.11081	0.24185	0.07246	0.08519	0.01503	0.13994	0.02204	0.01497	0.17205	0.01616	0.01762	0.03207	0.00664	0.00633	0.00198	0.00820	0.00591	0.00410	0.00932
53	0.01007	0.00733	0.00994	0.01124	0.01281	0.00719	0.00973	0.01288	0.01486	0.01910	0.03806	0.07157	0.12247	0.01767	0.00877	0.00288	0.00562	0.60598	0.00596	0.00589
54	0.00795	0.00590	0.00744	0.00863	0.00943	0.00540	0.00599	0.00926	0.01297	0.01683	0.04166	0.59074	0.18320	0.01933	0.00815	0.00255	0.00376	0.04949	0.00600	0.00532
55	0.05690	0.22838	0.39575	0.01547	0.02275	0.08164	0.01765	0.05510	0.03475	0.02028	0.01124	0.01283	0.00863	0.00617	0.00550	0.00183	0.00855	0.00443	0.00315	0.00900
56	0.02456	0.01810	0.01939	0.01487	0.02004	0.02004	0.01228	0.71107	0.03038	0.04072	0.01551	0.01551	0.01099	0.00776	0.00646	0.00194	0.00711	0.00582	0.00646	0.01099
57	0.00830	0.00652	0.00750	0.00736	0.00916	0.00572	0.00548	0.01053	0.01615	0.02108	0.35201	0.09224	0.40452	0.01519	0.00766	0.00214	0.00320	0.01303	0.00648	0.00572
58	0.01622	0.05569	0.11921	0.05278	0.21175	0.08930	0.05998	0.06116	0.01445	0.01972	0.01096	0.01453	0.00915	0.00747	0.01017	0.00213	0.20833	0.00540	0.00323	0.02835
59	0.01469	0.01319	0.06256	0.01712	0.14443	0.01273	0.01175	0.03975	0.30311	0.06622	0.02493	0.21668	0.02286	0.01099	0.00694	0.00223	0.00558	0.00967	0.00565	0.00894
60	0.01381	0.01177	0.01361	0.00989	0.01551	0.00928	0.00790	0.03458	0.04997	0.02185	0.01234	0.01400	0.01012	0.00506	0.00492	0.00104	0.00486	0.00406	0.00403	0.75139
61	0.00912	0.00665	0.00907	0.00915	0.00973	0.00650	0.04116	0.01004	0.01108	0.01483	0.02627	0.32781	0.03044	0.37970	0.05534	0.00472	0.00603	0.03280	0.00474	0.00484
62	0.01539	0.27618	0.10962	0.01134	0.01744	0.01549	0.01097	0.03418	0.01387	0.04057	0.01115	0.01269	0.00919	0.00537	0.00482	0.00129	0.00617	0.00394	0.00351	0.39682
63	0.01402	0.06554	0.56009	0.02061	0.09288	0.01582	0.07646	0.04369	0.01441	0.02097	0.01177	0.01406	0.00860	0.00607	0.00620	0.00201	0.00927	0.00506	0.00294	0.00954
64	0.05451	0.00791	0.00753	0.00710	0.00905	0.02687	0.00544	0.06820	0.01482	0.02538	0.01975	0.02242	0.01544	0.00744	0.00467	0.00157	0.00365	0.00583	0.68593	0.00649
65	0.00860	0.00685	0.00809	0.00856	0.02666	0.00618	0.00615	0.01104	0.03259	0.01984	0.22267	0.16897	0.38289	0.01583	0.00774	0.00225	0.00358	0.04943	0.00622	0.00584
66	0.01638	0.10125	0.24105	0.02709	0.35146	0.01616	0.03715	0.04834	0.01511	0.06761	0.01268	0.01510	0.00981	0.00607	0.00612	0.00191	0.00808	0.00532	0.00346	0.00986
67	0.00994	0.00836	0.01073	0.05572	0.06937	0.00790	0.03112	0.01294	0.05714	0.03460	0.04805	0.11141	0.45032	0.05290	0.00872	0.00240	0.00455	0.01198	0.00547	0.00637
68	0.00805	0.00578	0.00764	0.00882	0.00940	0.00537	0.00599	0.00946	0.01327	0.01787	0.13591	0.64974	0.06040	0.01915	0.00814	0.00253	0.00364	0.01730	0.00616	0.00537
69	0.03586	0.02251	0.37820	0.07923	0.17644	0.01358	0.01896	0.01874	0.03154	0.02065	0.05784	0.08757	0.01536	0.00790	0.00646	0.00208	0.00790	0.00678	0.00355	0.00884
70	0.01634	0.10518	0.30038	0.02397	0.24947	0.03287	0.05209	0.02164	0.03133	0.08742	0.01317	0.01520	0.00994	0.00617	0.00611	0.00193	0.00829	0.00529	0.00351	0.00969
71	0.01844	0.05643	0.02136	0.02229	0.20729	0.25336	0.01467	0.04224	0.05784	0.01854	0.01126	0.01429	0.00964	0.00780	0.01018	0.00208	0.21527	0.00520	0.00342	0.00841
72	0.00788	0.00656	0.00689	0.00680	0.00888	0.00556	0.00510	0.00975	0.01531	0.01883	0.17366	0.05991	0.62093	0.01585	0.00763	0.00216	0.00324	0.01332	0.00618	0.00556
73	0.01581	0.05733	0.18448	0.09134	0.08910	0.01606	0.33547	0.05372	0.01544	0.05898	0.01310	0.01628	0.00969	0.00596	0.00681	0.00207	0.00946	0.00633	0.00349	0.00909
74	0.00787	0.00562	0.00750	0.00900	0.00937	0.00525	0.00600	0.00900	0.01237	0.01649	0.03561	0.76871	0.04274	0.02024	0.00825	0.00262	0.00375	0.01837	0.00600	0.00525
75	0.01727	0.77681	0.03386	0.01106	0.01658	0.02557	0.01106	0.01935	0.01313	0.01520	0.00898	0.01036	0.00829	0.00553	0.00415	0.00138	0.00691	0.00345	0.00276	0.00829
76	0.01388	0.01184	0.01364	0.01000	0.01555	0.00951	0.00798	0.03396	0.07342	0.02202	0.01283	0.01435	0.01046	0.00519	0.00498	0.00108	0.00487	0.00417	0.00412	0.72617
77	0.81856	0.01250	0.00950	0.00850	0.01250	0.01449	0.00700	0.01899	0.01100	0.02899	0.00900	0.01050	0.00700	0.00600	0.00400	0.00200	0.00500	0.00350	0.00400	0.00700
78	0.00940	0.00626	0.00705	0.00705	0.00705	0.00626	0.00392	0.00940	0.00940	0.01253	0.02036	0.04228	0.02349	0.77292	0.03289	0.00626	0.00626	0.00940	0.00392	0.00392
79	0.01503	0.01421	0.02400	0.09718	0.60677	0.01440	0.01838	0.01883	0.01490	0.02117	0.07940	0.01913	0.01486	0.00652	0.00652	0.00195	0.00732	0.00631	0.00354	0.00959
80	0.04239	0.34005	0.20591	0.01706	0.09458	0.02017	0.04878	0.10524	0.03285	0.02126	0.01138	0.01308	0.00911	0.00607	0.00538	0.00175	0.00776	0.00461	0.00341	0.00916
81	0.01481	0.01244	0.01367	0.01287	0.01604	0.01414	0.01027	0.02965	0.56296	0.02531	0.02807	0.03502	0.02363	0.01080	0.00710	0.00237	0.00530	0.15986	0.00643	0.00927
82	0.01111	0.00686	0.00875	0.00850	0.00931	0.00702	0.00571	0.01205	0.01069	0.08144	0.02080	0.07446	0.02176	0.45846	0.22875	0.00682	0.00914	0.00891	0.00428	0.00517
83	0.01411	0.09153	0.47902	0.03571	0.04232	0.07291	0.01977	0.01960	0.01353	0.01888	0.01218	0.05198	0.01006	0.00736	0.00757	0.00207	0.08422	0.00545	0.00297	0.00877
84	0.01122	0.00561	0.00842	0.00842	0.00842	0.00561	0.00561	0.00842	0.00842	0.01122	0.01122	0.01964	0.01122	0.02245	0.02525	0.81201	0.00561	0.00561	0.00281	0.00281
85	0.02460	0.01090	0.01372	0.01092	0.01520	0.01023	0.00889	0.08288	0.07387	0.49874	0.02397	0.02202	0.01599	0.00795	0.00615	0.00192	0.00515	0.00642	0.15041	0.01005
86	0.01431	0.01554	0.08046	0.05018	0.02652	0.01400	0.39130	0.01854	0.01440	0.06373	0.01998	0.09818	0.07397	0.00868	0.00872	0.00226	0.07847	0.00870	0.00398	0.00807
87	0.01574	0.02336	0.39345	0.07745	0.08610	0.01370	0.08631	0.02122	0.01435	0.13488	0.01454	0.01757	0.01073	0.05293	0.00801	0.00231	0.00860	0.00577	0.00375	0.00923
88	0.02091	0.03007	0.18015	0.01835	0.06190	0.52287	0.01549	0.02400	0.01684	0.01715	0.01043	0.01241	0.00840	0.00661	0.00633	0.00179	0.03058	0.00443	0.00317	0.00810
89	0.25292	0.18028	0.02070	0.01395	0.01825	0.30232	0.06929	0.03998	0.01516	0.02058	0.00989	0.01163	0.00813	0.00616	0.00511	0.00175	0.00854	0.00416	0.00348	0.00771
90	0.00901	0.00660	0.00845	0.00799	0.00957	0.00604	0.00599	0.01193	0.01797	0.02515	0.66930	0.04952	0.12135	0.01349	0.00762	0.00205	0.00307	0.01186	0.00701	0.00604
91	0.01340	0.01148	0.01340	0.00957	0.01531	0.00861	0.00766	0.01627	0.01340	0.02105	0.01148	0.01340	0.00957	0.00479	0.00479	0.00096	0.00479	0.00383	0.00383	0.81242
92	0.00793	0.00622	0.00718	0.00765	0.00909	0.00547	0.00547	0.00958	0.01438	0.01829	0.14744	0.31478	0.38892	0.01732	0.00785	0.00232	0.00341	0.01507	0.00615	0.00547
93	0.00859	0.00658	0.00787	0.00754	0.00931	0.00586	0.00566	0.01112	0.01698	0.02279	0.48423	0.05340	0.30789	0.01437	0.00763	0.00209	0.00313	0.01241	0.00670	0.00586
94	0.00905	0.00660	0.00851	0.00803	0.00960	0.00606	0.00602	0.01202	0.01807	0.02540	0.68889	0.04911	0.10160	0.01340	0.00762	0.00204	0.00306	0.01180	0.00705	0.00606
95	0.00875	0.00659	0.00809	0.00772	0.00941	0.00593	0.00579	0.01144	0.01737	0.02372	0.55702	0.05188	0.23452	0.01403	0.00762	0.00207	0.00311	0.01219	0.00682	0.00593
96	0.02456	0.01810	0.01939	0.01487	0.02004	0.02004	0.01228	0.71107	0.03038	0.04072	0.01551	0.01551	0.01099	0.00776	0.00646	0.00194	0.00711	0.00582	0.00646	0.01099
97	0.09147	0.01763	0.01856	0.01433	0.01940	0.01957	0.01184	0.65275	0.02875	0.03973	0.01496	0.01509	0.01065	0.00761	0.00626	0.00194	0.00693	0.00562	0.00626	0.01065
98	0.81856	0.01250	0.00950	0.00850	0.01250	0.01449	0.00700	0.01899	0.01100	0.02899	0.00900	0.01050	0.00700	0.00600	0.00400	0.00200	0.00500	0.00350	0.00400	0.00700
99	0.01074	0.00800	0.01050	0.01157	0.01333	0.00812	0.00993	0.01511	0.08471	0.01994	0.03606	0.06716	0.09384	0.01683	0.00858	0.00283	0.00564	0.56475	0.00602	0.00633
100	0.01514	0.01388	0.04222	0.29722	0.31854	0.03305	0.01712	0.01938	0.03170	0.07014	0.04988	0.01875	0.01290	0.00766	0.02371	0.00222	0.00795	0.00610	0.00370	0.00876
101	0.01374	0.01102	0.01301	0.00970	0.01490	0.00854	0.00766	0.01680	0.02984	0.05506	0.01453	0.07770	0.01291	0.00633	0.00520	0.00118	0.00474	0.00526	0.00427	0.68760
102	0.00790	0.00632	0.00707	0.00737	0.00901	0.00549	0.00534	0.00960	0.01462	0.01836	0.14781	0.23752	0.46705	0.01691	0.00779	0.00227	0.00336	0.01456	0.00615	0.00549
103	0.00764	0.00655	0.00655	0.00655	0.00873	0.00545	0.00491	0.00927	0.01473	0.01745	0.06546	0.06218	0.73000	0.01636	0.00764	0.00218	0.00327	0.01364	0.00600	0.00545
104	0.01480	0.04962	0.22496	0.10335	0.42412	0.01558	0.03638	0.01968	0.01419	0.02023	0.01183	0.01527	0.00942	0.00592	0.00627	0.00196	0.00834	0.00544	0.00302	0.00963
105	0.03856	0.09022	0.07888	0.01319	0.01746	0.01385	0.02965	0.05696	0.01635	0.34518	0.08330	0.02049	0.01679	0.00853	0.00888	0.00209	0.13824	0.00631	0.00576	0.00932
106	0.00786	0.00568	0.00744	0.00885	0.00933	0.00526	0.00593	0.00901	0.01251	0.01655	0.03743	0.72579	0.08448	0.02001	0.00821	0.00260	0.00372	0.01808	0.00600	0.00526
107	0.00784	0.00575	0.00736	0.00865	0.00928	0.00528	0.00584	0.00904	0.01270	0.01663	0.03984	0.66859	0.14012	0.01969	0.00816	0.00256	0.00368	0.01770	0.00600	0.00528
108	0.15089	0.01746	0.15223	0.01609	0.09289	0.01531	0.01328	0.04353	0.34484	0.05937	0.01885	0.01869	0.01403	0.00743	0.00604	0.00209	0.00627	0.00595	0.00513	0.00961
109	0.01630	0.01574	0.02476	0.16182	0.30604	0.05207	0.12982	0.10455	0.01623	0.02190	0.01293	0.03750	0.01069	0.00688	0.00754	0.00207	0.05415	0.00634	0.00362	0.00905
110	0.00930	0.00720	0.00977	0.01057	0.01106	0.00779	0.00785	0.01073	0.01231	0.01666	0.03070	0.50313	0.03588	0.05454	0.01142	0.00289	0.11407	0.13313	0.00543	0.00557
111	0.00847	0.00614	0.00799	0.00846	0.00947	0.00566	0.00599	0.01053	0.01531	0.02102	0.36696	0.39002	0.08652	0.01670	0.00792	0.00232	0.00339	0.01495	0.00653	0.00566
112	0.76990	0.05892	0.01098	0.00865	0.01274	0.01517	0.00724	0.01901	0.01113	0.02815	0.00900	0.01049	0.00708	0.00597	0.00401	0.00196	0.00511	0.00350	0.00392	0.00708
113	0.01699	0.01848	0.20356	0.01906	0.13371	0.01334	0.07903	0.05676	0.03928	0.13598	0.01495	0.01652	0.01101	0.00651	0.00671	0.00185	0.03738	0.00553	0.03550	0.14784
114	0.01483	0.31406	0.41485	0.01708	0.06656	0.01906	0.03203	0.02001	0.01354	0.01851	0.01067	0.01261	0.00838	0.00587	0.00543	0.00179	0.00846	0.00439	0.00278	0.00910

[dist]
# distance from previous block
# <min> <max>
3	6

[block]
# block no. 1 follows, 34 sequences, length 12
# corresponding to MSA columns:
# 177-188
name=unknown_B
#
# <colnr> <probs for GDERKNQSTAVLIFYWHMCP>
#	G	D	E	R	K	N	Q	S	T	A	V	L	I	F	Y	W	H	M	C	P
0	0.00770	0.00629	0.00681	0.00722	0.00890	0.00540	0.00521	0.00920	0.01408	0.01719	0.05724	0.25679	0.54070	0.01743	0.00780	0.00230	0.00340	0.01494	0.00600	0.00540
1	0.01661	0.44251	0.22122	0.03736	0.02108	0.02057	0.03663	0.02110	0.04629	0.06534	0.01179	0.01309	0.00936	0.00603	0.00513	0.00169	0.00762	0.00439	0.00330	0.00888
2	0.00791	0.00650	0.00696	0.00697	0.00892	0.00555	0.00518	0.00975	0.01519	0.01883	0.17629	0.10352	0.57392	0.01607	0.00767	0.00218	0.00326	0.01360	0.00619	0.00555
3	0.00924	0.00987	0.09651	0.00917	0.01183	0.00714	0.00816	0.01240	0.01626	0.02218	0.40174	0.04770	0.23632	0.01504	0.04225	0.00250	0.00467	0.03464	0.00606	0.00632
4	0.02689	0.01436	0.01708	0.01309	0.01817	0.01449	0.01082	0.35339	0.02412	0.40723	0.02076	0.01892	0.01362	0.00788	0.00648	0.00197	0.00626	0.00618	0.00727	0.01099
5	0.02414	0.03079	0.01831	0.01665	0.01998	0.74698	0.01248	0.02580	0.01831	0.01581	0.00999	0.01165	0.00832	0.00666	0.00583	0.00166	0.01165	0.00416	0.00333	0.00749
6	0.04915	0.32271	0.38008	0.01462	0.02203	0.01873	0.01711	0.02076	0.01368	0.07042	0.01146	0.01283	0.00874	0.00603	0.00529	0.00178	0.00803	0.00433	0.00317	0.00905
7	0.00897	0.00655	0.00842	0.00805	0.00957	0.00601	0.00600	0.01182	0.01773	0.02481	0.64505	0.08553	0.10971	0.01380	0.00765	0.00207	0.00310	0.01217	0.00697	0.00601
8	0.01423	0.09919	0.48492	0.01822	0.07596	0.01575	0.01983	0.02058	0.04127	0.04781	0.04602	0.01588	0.01159	0.00688	0.00700	0.00202	0.05501	0.00526	0.00333	0.00925
9	0.00847	0.00646	0.00791	0.00791	0.00945	0.00591	0.00584	0.01071	0.01564	0.02091	0.35438	0.15958	0.27420	0.01792	0.06263	0.00279	0.00429	0.01298	0.00631	0.00573
10	0.05532	0.38325	0.07074	0.06141	0.04087	0.09147	0.03507	0.07225	0.03111	0.06454	0.01153	0.01307	0.00931	0.00633	0.00563	0.00171	0.02972	0.00447	0.00360	0.00861
11	0.01801	0.22882	0.26168	0.01640	0.05926	0.01743	0.06003	0.08802	0.01600	0.13028	0.01350	0.01456	0.00993	0.00630	0.00575	0.00181	0.00781	0.00498	0.00399	0.03544

[dist]
# distance from previous block
# <min> <max>
0	1

[block]
# block no. 2 follows, 34 sequences, length 32
# corresponding to MSA columns:
# 190-221
name=unknown_C
#
# <colnr> <probs for GDERKNQSTAVLIFYWHMCP>
#	G	D	E	R	K	N	Q	S	T	A	V	L	I	F	Y	W	H	M	C	P
0	0.01840	0.42781	0.02746	0.01444	0.04294	0.15715	0.03435	0.05233	0.07255	0.01783	0.01108	0.01269	0.00948	0.00659	0.00637	0.00169	0.07064	0.00440	0.00338	0.00840
1	0.34648	0.15799	0.08155	0.01402	0.03391	0.12156	0.08183	0.02016	0.01311	0.02211	0.00981	0.01193	0.00796	0.00624	0.00582	0.00190	0.04813	0.00428	0.00341	0.00777
2	0.01596	0.05395	0.17880	0.02506	0.21059	0.01670	0.19659	0.08762	0.07480	0.02273	0.01347	0.01616	0.01039	0.00644	0.00724	0.00205	0.04217	0.00606	0.00368	0.00954
3	0.01109	0.00591	0.00874	0.00898	0.00922	0.00591	0.00639	0.00922	0.00947	0.01254	0.01496	0.02829	0.01544	0.02170	0.02260	0.68057	0.00567	0.11666	0.00332	0.00332
4	0.01591	0.01478	0.02054	0.12674	0.29195	0.04745	0.01550	0.06573	0.13785	0.02182	0.01450	0.01745	0.01166	0.00748	0.00861	0.00211	0.12321	0.00596	0.04169	0.00906
5	0.00810	0.00653	0.00721	0.00710	0.00903	0.00564	0.00530	0.01014	0.01571	0.01996	0.26331	0.08250	0.50571	0.01555	0.00765	0.00215	0.00322	0.01322	0.00633	0.00564
6	0.00964	0.00787	0.01039	0.04467	0.03055	0.00752	0.03263	0.01336	0.06284	0.02232	0.37846	0.07947	0.24899	0.01337	0.00750	0.00212	0.00395	0.01169	0.00626	0.00639
7	0.00925	0.00684	0.00998	0.00998	0.01100	0.00786	0.00757	0.01128	0.01027	0.01470	0.01768	0.02742	0.01704	0.13583	0.66116	0.00989	0.01598	0.00722	0.00352	0.00555
8	0.01360	0.01284	0.02129	0.42308	0.30673	0.01441	0.01784	0.01809	0.03822	0.01868	0.01458	0.01893	0.04075	0.00670	0.00649	0.00207	0.00790	0.00614	0.00326	0.00839
9	0.01727	0.77681	0.03386	0.01106	0.01658	0.02557	0.01106	0.01935	0.01313	0.01520	0.00898	0.01036	0.00829	0.00553	0.00415	0.00138	0.00691	0.00345	0.00276	0.00829
10	0.01551	0.35536	0.36279	0.01617	0.05966	0.01984	0.01757	0.05071	0.01422	0.01911	0.01066	0.01242	0.00846	0.00592	0.00530	0.00175	0.00819	0.00430	0.00293	0.00910
11	0.05625	0.01658	0.01752	0.01407	0.01873	0.01860	0.01143	0.47650	0.23843	0.03607	0.01849	0.01790	0.01346	0.00799	0.00639	0.00202	0.00642	0.00617	0.00639	0.01059
12	0.10566	0.01448	0.07475	0.01131	0.01683	0.01194	0.00992	0.11631	0.01554	0.04145	0.01199	0.01363	0.00947	0.00582	0.00581	0.00141	0.03853	0.00430	0.00419	0.48667
13	0.01109	0.01019	0.04955	0.01079	0.01129	0.01101	0.00820	0.01193	0.00978	0.01390	0.01613	0.03185	0.01793	0.49116	0.02778	0.00495	0.24578	0.00797	0.00351	0.00521
14	0.81856	0.01250	0.00950	0.00850	0.01250	0.01449	0.00700	0.01899	0.01100	0.02899	0.00900	0.01050	0.00700	0.00600	0.00400	0.00200	0.00500	0.00350	0.00400	0.00700
15	0.01414	0.01414	0.01979	0.01696	0.01696	0.01979	0.01414	0.01555	0.00990	0.01555	0.00848	0.01414	0.00848	0.01131	0.02120	0.00283	0.76110	0.00565	0.00283	0.00707
16	0.01727	0.77681	0.03386	0.01106	0.01658	0.02557	0.01106	0.01935	0.01313	0.01520	0.00898	0.01036	0.00829	0.00553	0.00415	0.00138	0.00691	0.00345	0.00276	0.00829
17	0.01599	0.01535	0.02623	0.03966	0.73262	0.01535	0.01983	0.01983	0.01471	0.02111	0.01215	0.01599	0.01023	0.00576	0.00640	0.00192	0.00768	0.00576	0.00320	0.01023
18	0.02512	0.01721	0.01884	0.01444	0.01959	0.01872	0.01193	0.62591	0.02889	0.12798	0.01676	0.01632	0.01162	0.00779	0.00647	0.00195	0.00691	0.00590	0.00666	0.01099
19	0.01400	0.01356	0.02366	0.35174	0.34524	0.01469	0.08045	0.01811	0.01398	0.01894	0.01366	0.01815	0.03266	0.00638	0.00657	0.00205	0.00823	0.00617	0.00315	0.00861
20	0.02001	0.01584	0.01683	0.01395	0.01830	0.01791	0.01118	0.34865	0.40021	0.03339	0.02129	0.02012	0.01567	0.00830	0.00652	0.00207	0.00604	0.00661	0.00652	0.01058
21	0.00765	0.00650	0.00659	0.00666	0.00876	0.00545	0.00496	0.00926	0.01462	0.01741	0.06412	0.09387	0.69917	0.01654	0.00766	0.00220	0.00329	0.01385	0.00600	0.00545
22	0.01956	0.33833	0.12038	0.01309	0.01861	0.08458	0.01259	0.06046	0.10828	0.14344	0.01488	0.01500	0.01125	0.00668	0.00541	0.00174	0.00722	0.00485	0.00441	0.00925
23	0.01896	0.09418	0.11352	0.04765	0.04411	0.04231	0.09165	0.02282	0.03979	0.24709	0.01936	0.07179	0.03465	0.00845	0.00775	0.00208	0.07289	0.00694	0.00498	0.00901
24	0.01074	0.00799	0.02974	0.01034	0.01209	0.00817	0.03907	0.01339	0.01154	0.03731	0.01810	0.02501	0.01603	0.06382	0.49141	0.00755	0.01308	0.00679	0.17173	0.00613
25	0.01582	0.01518	0.02592	0.07183	0.70177	0.01531	0.01975	0.01968	0.01463	0.02090	0.01212	0.01605	0.01016	0.00579	0.00640	0.00193	0.00772	0.00576	0.00318	0.01010
26	0.01844	0.01627	0.05644	0.08648	0.34022	0.05222	0.11052	0.05270	0.01599	0.14424	0.01443	0.01692	0.01083	0.00646	0.00696	0.00201	0.02905	0.00601	0.00413	0.00969
27	0.01471	0.01618	0.09349	0.20627	0.45793	0.01528	0.03545	0.01896	0.01401	0.01973	0.01182	0.01602	0.00958	0.00617	0.00699	0.00203	0.03734	0.00570	0.00306	0.00929
28	0.00951	0.00636	0.00792	0.00792	0.00818	0.00662	0.00500	0.00980	0.00954	0.01298	0.01890	0.03656	0.02080	0.54591	0.19433	0.07447	0.00871	0.00852	0.00372	0.00424
29	0.01571	0.02955	0.57786	0.01782	0.02635	0.04624	0.05360	0.02219	0.01457	0.11647	0.01346	0.01485	0.00932	0.00638	0.00624	0.00203	0.00916	0.00511	0.00349	0.00961
30	0.02472	0.01474	0.01812	0.01476	0.04188	0.05264	0.04164	0.23090	0.02103	0.36149	0.03459	0.01904	0.01399	0.00806	0.00775	0.00204	0.06964	0.00624	0.00648	0.01025
31	0.04331	0.12047	0.09678	0.04326	0.04324	0.03560	0.18638	0.06462	0.05123	0.12735	0.01641	0.07912	0.01346	0.00781	0.00713	0.00205	0.04158	0.00693	0.00443	0.00884

[dist]
# distance from previous block
# <min> <max>
0	8

[block]
# block no. 3 follows, 34 sequences, length 58
# corresponding to MSA columns:
# 230-287
name=unknown_D
#
# <colnr> <probs for GDERKNQSTAVLIFYWHMCP>
#	G	D	E	R	K	N	Q	S	T	A	V	L	I	F	Y	W	H	M	C	P
0	0.01244	0.01036	0.01372	0.01584	0.15356	0.01078	0.01012	0.01971	0.20979	0.02389	0.27128	0.03549	0.07261	0.01255	0.04428	0.00251	0.00539	0.04143	0.02626	0.00798
1	0.00923	0.00692	0.01038	0.01038	0.01154	0.00808	0.00808	0.01154	0.01038	0.01500	0.01731	0.02538	0.01615	0.04846	0.74732	0.01038	0.01731	0.00692	0.00346	0.00577
2	0.00931	0.00623	0.00707	0.00716	0.00719	0.00620	0.00404	0.00937	0.00957	0.01276	0.02126	0.08544	0.02463	0.72821	0.03142	0.00605	0.00611	0.00993	0.00404	0.00399
3	0.00923	0.00692	0.01038	0.01038	0.01154	0.00808	0.00808	0.01154	0.01038	0.01500	0.01731	0.02538	0.01615	0.04846	0.74732	0.01038	0.01731	0.00692	0.00346	0.00577
4	0.01204	0.00602	0.00602	0.00602	0.00753	0.00602	0.00452	0.01506	0.01355	0.02409	0.02108	0.02409	0.01656	0.00753	0.00452	0.00151	0.00301	0.00602	0.80879	0.00602
5	0.81856	0.01250	0.00950	0.00850	0.01250	0.01449	0.00700	0.01899	0.01100	0.02899	0.00900	0.01050	0.00700	0.00600	0.00400	0.00200	0.00500	0.00350	0.00400	0.00700
6	0.01727	0.77681	0.03386	0.01106	0.01658	0.02557	0.01106	0.01935	0.01313	0.01520	0.00898	0.01036	0.00829	0.00553	0.00415	0.00138	0.00691	0.00345	0.00276	0.00829
7	0.81856	0.01250	0.00950	0.00850	0.01250	0.01449	0.00700	0.01899	0.01100	0.02899	0.00900	0.01050	0.00700	0.00600	0.00400	0.00200	0.00500	0.00350	0.00400	0.00700
8	0.00880	0.00659	0.00816	0.00777	0.00944	0.00595	0.00583	0.01153	0.01748	0.02399	0.57863	0.05142	0.21274	0.01392	0.00762	0.00207	0.00310	0.01213	0.00686	0.00595
9	0.02456	0.01810	0.01939	0.01487	0.02004	0.02004	0.01228	0.71107	0.03038	0.04072	0.01551	0.01551	0.01099	0.00776	0.00646	0.00194	0.00711	0.00582	0.00646	0.01099
10	0.01727	0.77681	0.03386	0.01106	0.01658	0.02557	0.01106	0.01935	0.01313	0.01520	0.00898	0.01036	0.00829	0.00553	0.00415	0.00138	0.00691	0.00345	0.00276	0.00829
11	0.00795	0.00568	0.00757	0.00895	0.00939	0.00530	0.00600	0.00919	0.01272	0.01705	0.07682	0.72590	0.04382	0.01983	0.00821	0.00259	0.00371	0.01797	0.00606	0.00530
12	0.02266	0.01715	0.01832	0.01448	0.01931	0.01915	0.01182	0.55910	0.18545	0.03765	0.01793	0.01744	0.01295	0.00798	0.00649	0.00200	0.00666	0.00615	0.00649	0.01082
13	0.02899	0.01100	0.01499	0.01150	0.01649	0.00950	0.00950	0.03149	0.01849	0.73709	0.02549	0.02199	0.01599	0.00800	0.00650	0.00200	0.00550	0.00650	0.00800	0.01100
14	0.02899	0.01100	0.01499	0.01150	0.01649	0.00950	0.00950	0.03149	0.01849	0.73709	0.02549	0.02199	0.01599	0.00800	0.00650	0.00200	0.00550	0.00650	0.00800	0.01100
15	0.01507	0.01441	0.02456	0.21472	0.56478	0.01511	0.01937	0.01902	0.01428	0.01999	0.01199	0.01629	0.00984	0.00593	0.00641	0.00198	0.00790	0.00575	0.00312	0.00949
16	0.01310	0.05774	0.71636	0.01818	0.02759	0.01535	0.02345	0.02043	0.01362	0.02029	0.01151	0.01353	0.00819	0.00612	0.00607	0.00202	0.00946	0.00473	0.00273	0.00951
17	0.01204	0.00602	0.00602	0.00602	0.00753	0.00602	0.00452	0.01506	0.01355	0.02409	0.02108	0.02409	0.01656	0.00753	0.00452	0.00151	0.00301	0.00602	0.80879	0.00602
18	0.01727	0.77681	0.03386	0.01106	0.01658	0.02557	0.01106	0.01935	0.01313	0.01520	0.00898	0.01036	0.00829	0.00553	0.00415	0.00138	0.00691	0.00345	0.00276	0.00829
19	0.00812	0.00582	0.00772	0.00883	0.00943	0.00541	0.00602	0.00962	0.01353	0.01834	0.17163	0.62743	0.04631	0.01886	0.00812	0.00251	0.00361	0.01706	0.00622	0.00541
20	0.00787	0.00562	0.00750	0.00900	0.00937	0.00525	0.00600	0.00900	0.01237	0.01649	0.03561	0.76871	0.04274	0.02024	0.00825	0.00262	0.00375	0.01837	0.00600	0.00525
21	0.00940	0.00626	0.00705	0.00705	0.00705	0.00626	0.00392	0.00940	0.00940	0.01253	0.02036	0.04228	0.02349	0.77292	0.03289	0.00626	0.00626	0.00940	0.00392	0.00392
22	0.02899	0.01100	0.01499	0.01150	0.01649	0.00950	0.00950	0.03149	0.01849	0.73709	0.02549	0.02199	0.01599	0.00800	0.00650	0.00200	0.00550	0.00650	0.00800	0.01100
23	0.01491	0.01425	0.02427	0.24498	0.53577	0.01507	0.01929	0.01888	0.01420	0.01979	0.01196	0.01635	0.00977	0.00596	0.00641	0.00199	0.00794	0.00575	0.00310	0.00936
24	0.01461	0.01763	0.19541	0.41156	0.10447	0.01470	0.01868	0.06571	0.01479	0.06313	0.01270	0.01640	0.00927	0.00649	0.00638	0.00208	0.00846	0.00556	0.00342	0.00854
25	0.81856	0.01250	0.00950	0.00850	0.01250	0.01449	0.00700	0.01899	0.01100	0.02899	0.00900	0.01050	0.00700	0.00600	0.00400	0.00200	0.00500	0.00350	0.00400	0.00700
26	0.01522	0.01352	0.02226	0.03306	0.59043	0.01352	0.01683	0.01889	0.01448	0.02169	0.01390	0.01758	0.01148	0.00610	0.00603	0.00184	0.00676	0.00581	0.16118	0.00941
27	0.01727	0.77681	0.03386	0.01106	0.01658	0.02557	0.01106	0.01935	0.01313	0.01520	0.00898	0.01036	0.00829	0.00553	0.00415	0.00138	0.00691	0.00345	0.00276	0.00829
28	0.00787	0.00562	0.00750	0.00900	0.00937	0.00525	0.00600	0.00900	0.01237	0.01649	0.03561	0.76871	0.04274	0.02024	0.00825	0.00262	0.00375	0.01837	0.00600	0.00525
29	0.01007	0.00688	0.00853	0.00795	0.00987	0.00616	0.00602	0.01273	0.01741	0.07068	0.51579	0.05003	0.22635	0.01366	0.00755	0.00207	0.00327	0.01183	0.00689	0.00626
30	0.01561	0.01349	0.01617	0.11158	0.07274	0.01460	0.01157	0.07320	0.39142	0.02498	0.01970	0.01993	0.01500	0.00740	0.00619	0.00191	0.00583	0.00621	0.00530	0.16719
31	0.00928	0.00673	0.00943	0.00943	0.01025	0.00756	0.00688	0.01092	0.01010	0.01429	0.01818	0.03022	0.01825	0.25596	0.54269	0.00920	0.01414	0.00763	0.00359	0.00524
32	0.01204	0.00602	0.00602	0.00602	0.00753	0.00602	0.00452	0.01506	0.01355	0.02409	0.02108	0.02409	0.01656	0.00753	0.00452	0.00151	0.00301	0.00602	0.80879	0.00602
33	0.01582	0.26504	0.02766	0.14342	0.38876	0.01855	0.01665	0.01915	0.01391	0.01844	0.01101	0.01434	0.00934	0.00579	0.00567	0.00178	0.00757	0.00500	0.00300	0.00911
34	0.01434	0.01412	0.02314	0.36614	0.30351	0.03866	0.06098	0.01827	0.01372	0.01844	0.01159	0.01639	0.00929	0.00646	0.00746	0.00209	0.05811	0.00581	0.00303	0.00844
35	0.01444	0.02091	0.21556	0.02294	0.02898	0.01667	0.39597	0.01963	0.01379	0.01963	0.01179	0.01581	0.00913	0.00677	0.00990	0.00227	0.15766	0.00650	0.00304	0.00861
36	0.20336	0.09348	0.06236	0.01436	0.01840	0.43746	0.01184	0.03837	0.01597	0.01959	0.00986	0.01154	0.00807	0.00650	0.00564	0.00177	0.02627	0.00406	0.00345	0.00765
37	0.00876	0.00659	0.00810	0.00772	0.00942	0.00593	0.00579	0.01145	0.01738	0.02375	0.55961	0.05182	0.23191	0.01402	0.00762	0.00207	0.00311	0.01218	0.00683	0.00593
38	0.01307	0.01114	0.01305	0.00954	0.01496	0.00841	0.00756	0.01584	0.01334	0.02078	0.01292	0.05827	0.01154	0.00570	0.00499	0.00106	0.00472	0.00469	0.00396	0.76447
39	0.00931	0.00662	0.00887	0.00887	0.00950	0.00725	0.00618	0.01056	0.00993	0.01388	0.01869	0.03307	0.01949	0.37790	0.42244	0.00851	0.01229	0.00805	0.00367	0.00493
40	0.01269	0.01228	0.01728	0.11835	0.01925	0.01626	0.01294	0.01465	0.01151	0.01663	0.06542	0.02304	0.10428	0.01141	0.01649	0.00260	0.50746	0.00710	0.00353	0.00681
41	0.01233	0.02735	0.56226	0.01817	0.07285	0.01336	0.02046	0.01856	0.01377	0.02026	0.04901	0.11194	0.01526	0.00825	0.00650	0.00211	0.00837	0.00691	0.00339	0.00888
42	0.00940	0.00626	0.00705	0.00705	0.00705	0.00626	0.00392	0.00940	0.00940	0.01253	0.02036	0.04228	0.02349	0.77292	0.03289	0.00626	0.00626	0.00940	0.00392	0.00392
43	0.01928	0.44424	0.07914	0.01347	0.01857	0.23506	0.01243	0.05486	0.03816	0.01736	0.01033	0.01166	0.00879	0.00611	0.00497	0.00157	0.00844	0.00399	0.00323	0.00834
44	0.01934	0.01724	0.01634	0.01406	0.01806	0.11522	0.01106	0.20765	0.44859	0.02905	0.02133	0.02022	0.01594	0.00822	0.00645	0.00206	0.00651	0.00650	0.00611	0.01006
45	0.00949	0.00626	0.00728	0.00728	0.00733	0.00632	0.00420	0.00945	0.00939	0.01258	0.01973	0.04029	0.02249	0.69896	0.06617	0.04920	0.00675	0.00908	0.00383	0.00394
46	0.01703	0.14796	0.20991	0.01955	0.14828	0.01704	0.04892	0.07234	0.15409	0.07925	0.01559	0.01653	0.01172	0.00671	0.00606	0.00194	0.00747	0.00557	0.00428	0.00977
47	0.01684	0.58671	0.17130	0.01283	0.01902	0.06636	0.01365	0.01995	0.01354	0.01627	0.00955	0.01108	0.00827	0.00571	0.00464	0.00153	0.00771	0.00376	0.00279	0.00849
48	0.00774	0.00655	0.00669	0.00665	0.00879	0.00550	0.00499	0.00947	0.01497	0.01803	0.11037	0.06124	0.68472	0.01615	0.00764	0.00217	0.00326	0.01350	0.00608	0.00550
49	0.00921	0.00727	0.01070	0.06404	0.10419	0.00716	0.00858	0.01089	0.01271	0.01708	0.03097	0.62118	0.03625	0.01745	0.00789	0.00250	0.00458	0.01589	0.00543	0.00602
50	0.03644	0.06844	0.19129	0.07287	0.05627	0.03154	0.03166	0.08652	0.05130	0.26303	0.01728	0.01759	0.01199	0.00809	0.02532	0.00219	0.00761	0.00569	0.00513	0.00975
51	0.04611	0.01597	0.01736	0.12539	0.07022	0.09851	0.01228	0.30598	0.02163	0.09401	0.04935	0.01809	0.01347	0.00751	0.00620	0.00191	0.00713	0.00590	0.07380	0.00919
52	0.00989	0.00744	0.00950	0.01025	0.01201	0.00723	0.00860	0.01330	0.04903	0.02011	0.12930	0.06498	0.19790	0.01649	0.00835	0.00264	0.00493	0.41588	0.00614	0.00606
53	0.01758	0.01655	0.07422	0.03315	0.52436	0.03175	0.06986	0.02157	0.01525	0.11240	0.01384	0.01660	0.01075	0.00607	0.00647	0.00195	0.00786	0.00589	0.00379	0.01011
54	0.01635	0.09889	0.07192	0.11500	0.07472	0.03262	0.30504	0.02051	0.01476	0.10539	0.01497	0.05328	0.01206	0.02671	0.00744	0.00216	0.00878	0.00698	0.00384	0.00858
55	0.01016	0.05784	0.10831	0.00969	0.01254	0.00850	0.00879	0.01375	0.01735	0.02452	0.58832	0.04127	0.05062	0.01179	0.00721	0.00199	0.00416	0.01025	0.00626	0.00670
56	0.00860	0.00637	0.00813	0.00921	0.01006	0.00611	0.00648	0.01104	0.05521	0.01802	0.08402	0.57797	0.09106	0.01865	0.00811	0.00255	0.00390	0.06275	0.00610	0.00566
57	0.04395	0.07049	0.05402	0.01487	0.03799	0.07679	0.05482	0.21648	0.05113	0.28688	0.01810	0.01747	0.01245	0.00732	0.00626	0.00193	0.00712	0.00583	0.00598	0.01014

[dist]
# distance from previous block
# <min> <max>
0	15

# created by:
# /home/berkeley/.conda/envs/busco_data_prod/bin/msa2prfl.pl pipeline/OGs_align_augustus/4893/17134.fs
