[name]
unknown

[dist]
# distance from previous block
# <min> <max>
0	23

[block]
# block no. 0 follows, 33 sequences, length 60
# corresponding to MSA columns:
# 23-82
name=unknown_A
#
# <colnr> <probs for GDERKNQSTAVLIFYWHMCP>
#	G	D	E	R	K	N	Q	S	T	A	V	L	I	F	Y	W	H	M	C	P
0	0.68444	0.01335	0.01107	0.00964	0.01380	0.01532	0.00796	0.11216	0.01400	0.03087	0.01082	0.01326	0.00858	0.00671	0.00456	0.00206	0.00541	0.02386	0.00447	0.00765
1	0.00940	0.00705	0.01058	0.01058	0.01176	0.00823	0.00823	0.01176	0.01058	0.01528	0.01763	0.02586	0.01646	0.04937	0.74255	0.01058	0.01763	0.00705	0.00353	0.00588
2	0.00942	0.00698	0.01022	0.01022	0.01127	0.00803	0.00778	0.01153	0.01047	0.01502	0.01796	0.02768	0.01725	0.12534	0.66767	0.01014	0.01645	0.00732	0.00358	0.00568
3	0.01745	0.74749	0.05830	0.01152	0.01729	0.02568	0.01171	0.01975	0.01339	0.01567	0.00924	0.01067	0.00844	0.00565	0.00429	0.00143	0.00713	0.00357	0.00281	0.00849
4	0.00807	0.00656	0.00715	0.00725	0.00913	0.00564	0.00534	0.00992	0.01533	0.01913	0.17500	0.14669	0.52861	0.01661	0.00785	0.00225	0.00335	0.01414	0.00631	0.00564
5	0.01710	0.68826	0.11444	0.01212	0.01822	0.02482	0.01276	0.01984	0.01344	0.01610	0.00946	0.01094	0.00844	0.00570	0.00446	0.00149	0.00735	0.00367	0.00281	0.00859
6	0.01741	0.74089	0.06455	0.01159	0.01739	0.02559	0.01183	0.01976	0.01340	0.01572	0.00927	0.01070	0.00844	0.00566	0.00431	0.00144	0.00716	0.00358	0.00281	0.00850
7	0.00856	0.00676	0.00775	0.00766	0.00959	0.00595	0.00586	0.01086	0.01636	0.02112	0.30835	0.05889	0.42902	0.01559	0.00787	0.00223	0.00345	0.06179	0.00653	0.00584
8	0.00802	0.00573	0.00764	0.00917	0.00955	0.00535	0.00611	0.00917	0.01260	0.01681	0.03628	0.76434	0.04354	0.02062	0.00840	0.00267	0.00382	0.01872	0.00611	0.00535
9	0.02703	0.01153	0.01505	0.01188	0.01667	0.01059	0.00970	0.03201	0.12355	0.60791	0.04424	0.02343	0.01806	0.00840	0.00666	0.00207	0.00548	0.00688	0.00791	0.01096
10	0.01732	0.60634	0.16027	0.01264	0.01899	0.02340	0.01356	0.02045	0.01371	0.04723	0.01036	0.01167	0.00877	0.00585	0.00469	0.00156	0.00746	0.00390	0.00304	0.00880
11	0.29543	0.01623	0.01530	0.01240	0.01705	0.08429	0.01011	0.26948	0.02058	0.17656	0.01509	0.01504	0.01060	0.00724	0.00567	0.00198	0.00661	0.00510	0.00575	0.00947
12	0.01831	0.01324	0.01442	0.01232	0.01598	0.03267	0.00973	0.15543	0.31422	0.11902	0.16681	0.02735	0.02613	0.00947	0.00680	0.00209	0.00531	0.00784	0.03328	0.00959
13	0.01449	0.10543	0.39358	0.08873	0.22979	0.01648	0.02122	0.02019	0.01409	0.02011	0.01168	0.01455	0.00899	0.00611	0.00614	0.00199	0.00881	0.00510	0.00293	0.00958
14	0.00912	0.00655	0.00760	0.00743	0.00840	0.00616	0.00492	0.01048	0.01365	0.01825	0.25939	0.04927	0.18160	0.36684	0.01979	0.00412	0.00468	0.01123	0.00549	0.00504
15	0.01648	0.01229	0.01441	0.01048	0.01619	0.00999	0.00846	0.08441	0.01588	0.10096	0.01365	0.01481	0.01060	0.00552	0.00523	0.00119	0.00518	0.00439	0.00462	0.64522
16	0.01227	0.00614	0.00614	0.00614	0.00767	0.00614	0.00460	0.01534	0.01381	0.02454	0.02148	0.02454	0.01687	0.00767	0.00460	0.00153	0.00307	0.00614	0.80518	0.00614
17	0.01566	0.01469	0.02445	0.23610	0.50385	0.01560	0.01929	0.05331	0.01528	0.02120	0.01236	0.01662	0.01001	0.00616	0.00654	0.00202	0.00806	0.00586	0.00333	0.00960
18	0.00957	0.00638	0.00718	0.00718	0.00718	0.00638	0.00399	0.00957	0.00957	0.01276	0.02074	0.04308	0.02393	0.76864	0.03351	0.00638	0.00638	0.00957	0.00399	0.00399
19	0.01885	0.02255	0.02550	0.02102	0.04794	0.34922	0.28131	0.02205	0.01661	0.01831	0.01453	0.10250	0.01324	0.00789	0.00696	0.00202	0.01049	0.00736	0.00368	0.00794
20	0.01042	0.00846	0.01271	0.01193	0.01307	0.01005	0.03700	0.01263	0.01094	0.01597	0.01771	0.07923	0.01727	0.06063	0.49953	0.00802	0.12822	0.00780	0.03232	0.00611
21	0.01741	0.39976	0.21975	0.01489	0.04254	0.07487	0.01510	0.08788	0.01559	0.01966	0.01102	0.01313	0.00917	0.02664	0.00599	0.00182	0.00815	0.00441	0.00327	0.00895
22	0.00847	0.00673	0.00769	0.00796	0.00980	0.00595	0.00612	0.01054	0.01543	0.01942	0.16933	0.12316	0.45413	0.01670	0.00802	0.00236	0.00374	0.11242	0.00630	0.00572
23	0.01483	0.01166	0.01377	0.00990	0.01569	0.00884	0.00794	0.01773	0.01404	0.07433	0.01276	0.01430	0.01024	0.00512	0.00501	0.00105	0.00493	0.00410	0.00422	0.74953
24	0.75564	0.01311	0.01185	0.01008	0.01434	0.01491	0.05896	0.01948	0.01153	0.02891	0.00948	0.01122	0.00734	0.00607	0.00435	0.00205	0.00554	0.00388	0.00402	0.00726
25	0.00812	0.00580	0.00773	0.00910	0.00957	0.00541	0.00612	0.00941	0.01305	0.01752	0.08746	0.71113	0.04492	0.02009	0.00836	0.00263	0.00377	0.01821	0.00620	0.00541
26	0.81514	0.01273	0.00968	0.00866	0.01273	0.01477	0.00713	0.01935	0.01120	0.02954	0.00917	0.01069	0.00713	0.00611	0.00407	0.00204	0.00509	0.00356	0.00407	0.00713
27	0.00942	0.00700	0.01033	0.01033	0.01142	0.00809	0.00791	0.01159	0.01051	0.01510	0.01786	0.02714	0.01701	0.10289	0.68979	0.01027	0.01680	0.00724	0.00356	0.00574
28	0.00802	0.00573	0.00764	0.00917	0.00955	0.00535	0.00611	0.00917	0.01260	0.01681	0.03628	0.76434	0.04354	0.02062	0.00840	0.00267	0.00382	0.01872	0.00611	0.00535
29	0.01589	0.03030	0.61645	0.01761	0.02657	0.01437	0.02192	0.02269	0.01471	0.13762	0.01414	0.01530	0.00965	0.00657	0.00631	0.00208	0.00905	0.00515	0.00366	0.00997
30	0.56424	0.01865	0.01253	0.01129	0.01515	0.24564	0.00890	0.02155	0.01357	0.02528	0.00949	0.01107	0.00756	0.00632	0.00466	0.00193	0.00724	0.00378	0.00386	0.00729
31	0.02408	0.02913	0.02011	0.01752	0.02130	0.63089	0.06403	0.05981	0.01904	0.03874	0.01115	0.01281	0.00896	0.00679	0.00612	0.00176	0.01140	0.00466	0.00369	0.00801
32	0.01576	0.01231	0.01360	0.01022	0.01552	0.04530	0.00814	0.01897	0.03639	0.10750	0.01805	0.01878	0.06566	0.00640	0.00542	0.00127	0.00520	0.00512	0.00465	0.58573
33	0.81514	0.01273	0.00968	0.00866	0.01273	0.01477	0.00713	0.01935	0.01120	0.02954	0.00917	0.01069	0.00713	0.00611	0.00407	0.00204	0.00509	0.00356	0.00407	0.00713
34	0.05042	0.01574	0.07656	0.23803	0.38882	0.01559	0.03653	0.01901	0.01394	0.02013	0.01180	0.01615	0.00954	0.00645	0.00736	0.00210	0.05387	0.00573	0.00314	0.00911
35	0.01671	0.07215	0.03536	0.01280	0.01868	0.01279	0.07998	0.11824	0.01664	0.06517	0.01310	0.01466	0.01023	0.00566	0.00550	0.00137	0.00617	0.00474	0.00437	0.48568
36	0.00810	0.00666	0.00714	0.00716	0.00918	0.00570	0.00537	0.01000	0.01547	0.01913	0.16720	0.09150	0.57618	0.01638	0.00784	0.00224	0.00338	0.02944	0.00629	0.00566
37	0.06604	0.05856	0.10707	0.08069	0.16853	0.06938	0.01545	0.13263	0.06947	0.07683	0.01403	0.01597	0.01071	0.00730	0.00764	0.00206	0.07831	0.00554	0.00433	0.00946
38	0.01671	0.01492	0.02379	0.08825	0.55119	0.03847	0.01803	0.02039	0.01542	0.07273	0.04636	0.01937	0.03148	0.00673	0.00660	0.00198	0.00754	0.00634	0.00385	0.00985
39	0.02312	0.05588	0.01940	0.01679	0.01986	0.63014	0.01287	0.02480	0.01744	0.01606	0.00996	0.01213	0.00850	0.00731	0.00775	0.00183	0.10085	0.00440	0.00331	0.00761
40	0.02524	0.01443	0.01677	0.01320	0.01806	0.01493	0.01079	0.30287	0.13059	0.32722	0.02189	0.02014	0.01484	0.00816	0.00656	0.00203	0.00613	0.00645	0.02874	0.01094
41	0.01595	0.01542	0.02670	0.09681	0.64214	0.01561	0.05050	0.01997	0.01487	0.02111	0.01237	0.01646	0.01028	0.00591	0.00658	0.00199	0.00804	0.00595	0.00324	0.01011
42	0.00916	0.00628	0.00820	0.00895	0.00995	0.00579	0.00631	0.01091	0.01451	0.04485	0.20191	0.49685	0.09611	0.01812	0.00816	0.00248	0.00374	0.03546	0.00645	0.00580
43	0.01487	0.10104	0.35726	0.01731	0.05405	0.10887	0.03784	0.03736	0.01500	0.01976	0.01620	0.09202	0.01498	0.00886	0.00657	0.00211	0.00868	0.07498	0.00365	0.00858
44	0.00802	0.00573	0.00764	0.00917	0.00955	0.00535	0.00611	0.00917	0.01260	0.01681	0.03628	0.76434	0.04354	0.02062	0.00840	0.00267	0.00382	0.01872	0.00611	0.00535
45	0.01365	0.01170	0.01365	0.00975	0.01560	0.00878	0.00780	0.01658	0.01365	0.02145	0.01170	0.01365	0.00975	0.00488	0.00488	0.00098	0.00488	0.00390	0.00390	0.80888
46	0.00819	0.00590	0.00778	0.00905	0.00956	0.00562	0.00610	0.00939	0.01243	0.01654	0.03568	0.63969	0.07479	0.05967	0.06296	0.00341	0.00493	0.01717	0.00582	0.00533
47	0.01144	0.00572	0.00858	0.00858	0.00858	0.00572	0.00572	0.00858	0.00858	0.01144	0.01144	0.02001	0.01144	0.02287	0.02573	0.80846	0.00572	0.00572	0.00286	0.00286
48	0.00825	0.00589	0.00790	0.00943	0.00991	0.00554	0.00651	0.00956	0.01283	0.01706	0.03616	0.70367	0.04304	0.02041	0.00846	0.00271	0.00402	0.07714	0.00611	0.00541
49	0.10669	0.01096	0.01415	0.01110	0.01578	0.00988	0.00912	0.02908	0.01806	0.59949	0.08567	0.02358	0.01940	0.00841	0.00647	0.00204	0.00533	0.00678	0.00766	0.01036
50	0.01464	0.01380	0.01976	0.52259	0.03704	0.05224	0.01679	0.08770	0.01476	0.01916	0.01155	0.01659	0.00899	0.00752	0.00896	0.00226	0.12885	0.00576	0.00332	0.00771
51	0.00832	0.00661	0.00747	0.00743	0.00927	0.00576	0.00551	0.01042	0.01601	0.02060	0.28509	0.12022	0.44211	0.01594	0.00783	0.00221	0.00330	0.01365	0.00649	0.00576
52	0.00802	0.00573	0.00764	0.00917	0.00955	0.00535	0.00611	0.00917	0.01260	0.01681	0.03628	0.76434	0.04354	0.02062	0.00840	0.00267	0.00382	0.01872	0.00611	0.00535
53	0.02954	0.01120	0.01528	0.01171	0.01681	0.00968	0.00968	0.03208	0.01884	0.73213	0.02597	0.02241	0.01630	0.00815	0.00662	0.00204	0.00560	0.00662	0.00815	0.01120
54	0.00936	0.00731	0.00776	0.00747	0.00982	0.00645	0.00566	0.01224	0.05729	0.04841	0.14152	0.05768	0.57467	0.01548	0.00767	0.00220	0.00351	0.01298	0.00637	0.00615
55	0.00908	0.00672	0.00846	0.00803	0.00969	0.00611	0.00602	0.01196	0.01806	0.02505	0.62074	0.05141	0.16632	0.01396	0.00777	0.00209	0.00314	0.01222	0.00707	0.00611
56	0.58222	0.08576	0.04505	0.00989	0.01442	0.01573	0.00866	0.02092	0.08382	0.02721	0.01122	0.01239	0.00877	0.00630	0.00449	0.00195	0.00548	0.00403	0.00416	0.04753
57	0.51925	0.01324	0.03559	0.01013	0.01459	0.01367	0.00862	0.07180	0.01477	0.18745	0.04536	0.01551	0.01197	0.00703	0.00506	0.00204	0.00543	0.00484	0.00527	0.00838
58	0.15080	0.35687	0.11521	0.01291	0.01865	0.01978	0.05139	0.08224	0.01524	0.07191	0.01385	0.01487	0.03821	0.00662	0.00518	0.00177	0.00705	0.00480	0.00390	0.00874
59	0.01819	0.11773	0.17573	0.01570	0.02184	0.01699	0.08479	0.18043	0.05869	0.07430	0.01422	0.01550	0.01063	0.00683	0.00684	0.00187	0.04479	0.00541	0.00449	0.12502

[dist]
# distance from previous block
# <min> <max>
3	23

[block]
# block no. 1 follows, 33 sequences, length 82
# corresponding to MSA columns:
# 106-187
name=unknown_B
#
# <colnr> <probs for GDERKNQSTAVLIFYWHMCP>
#	G	D	E	R	K	N	Q	S	T	A	V	L	I	F	Y	W	H	M	C	P
0	0.05362	0.38259	0.15520	0.01313	0.01898	0.07084	0.01321	0.04671	0.08352	0.03684	0.02939	0.01417	0.01114	0.00647	0.00520	0.00169	0.00739	0.00458	0.00370	0.04160
1	0.01562	0.16492	0.51572	0.01693	0.02527	0.04413	0.02038	0.06891	0.01529	0.03793	0.01189	0.01356	0.00875	0.00632	0.00591	0.00194	0.00905	0.00472	0.00320	0.00956
2	0.09775	0.10028	0.51460	0.04226	0.02499	0.01555	0.01977	0.01962	0.01345	0.02082	0.01298	0.06575	0.01070	0.00719	0.00599	0.00206	0.00854	0.00560	0.00316	0.00894
3	0.05091	0.04845	0.04143	0.01162	0.01657	0.06458	0.00978	0.08357	0.01779	0.26808	0.09504	0.02039	0.01759	0.00748	0.00601	0.00170	0.00593	0.00593	0.00585	0.22129
4	0.00991	0.03638	0.01078	0.00998	0.01167	0.00782	0.02850	0.01327	0.07177	0.02020	0.18142	0.39101	0.08552	0.01610	0.00780	0.00237	0.00425	0.04658	0.00610	0.03854
5	0.01489	0.01206	0.01405	0.01013	0.01592	0.00946	0.00814	0.05578	0.01482	0.04944	0.01247	0.01410	0.01008	0.00517	0.00504	0.00107	0.00504	0.00412	0.00421	0.73402
6	0.00957	0.00638	0.00718	0.00718	0.00718	0.00638	0.00399	0.00957	0.00957	0.01276	0.02074	0.04308	0.02393	0.76864	0.03351	0.00638	0.00638	0.00957	0.00399	0.00399
7	0.00891	0.00664	0.00829	0.00803	0.00963	0.00601	0.00596	0.01157	0.01744	0.02393	0.53919	0.10928	0.19149	0.01467	0.00782	0.00215	0.00321	0.01284	0.00693	0.00601
8	0.01346	0.03235	0.66674	0.01911	0.02844	0.01541	0.06455	0.02138	0.03943	0.02111	0.01245	0.01452	0.00886	0.00631	0.00636	0.00210	0.00965	0.00513	0.00295	0.00970
9	0.00846	0.00600	0.00794	0.00933	0.00981	0.00570	0.00644	0.00972	0.01263	0.01678	0.03475	0.62130	0.04117	0.08605	0.01069	0.00304	0.00430	0.09465	0.00592	0.00531
10	0.01080	0.00809	0.01068	0.01088	0.01238	0.00799	0.03310	0.09808	0.01552	0.02054	0.03436	0.50495	0.07562	0.01790	0.00821	0.00259	0.00481	0.11110	0.00606	0.00633
11	0.01580	0.01296	0.01584	0.07026	0.04806	0.01299	0.02728	0.04475	0.29134	0.06199	0.04434	0.02027	0.01607	0.00723	0.00611	0.00176	0.00562	0.00611	0.00531	0.28590
12	0.01429	0.01168	0.01372	0.00983	0.01565	0.00881	0.00788	0.01720	0.01386	0.05004	0.01228	0.01400	0.01001	0.00501	0.00495	0.00102	0.00490	0.00401	0.00407	0.77680
13	0.01554	0.38848	0.34796	0.01666	0.07171	0.02050	0.01775	0.02026	0.01372	0.01831	0.01057	0.01246	0.00854	0.00593	0.00529	0.00175	0.00830	0.00429	0.00283	0.00916
14	0.01226	0.00837	0.01040	0.01061	0.01240	0.00836	0.00839	0.06845	0.04721	0.06269	0.03395	0.17199	0.10452	0.12722	0.01199	0.00320	0.00548	0.28005	0.00596	0.00650
15	0.00927	0.00633	0.00720	0.00737	0.00757	0.00621	0.00430	0.00952	0.01030	0.01358	0.02574	0.12736	0.07512	0.63021	0.02883	0.00567	0.00588	0.01093	0.00438	0.00425
16	0.02539	0.01659	0.01846	0.01429	0.01941	0.01783	0.01176	0.51427	0.07615	0.18873	0.01875	0.01783	0.01291	0.00803	0.00660	0.00201	0.00675	0.00618	0.00693	0.01114
17	0.01955	0.01644	0.01718	0.01358	0.01846	0.15281	0.06441	0.06831	0.09980	0.14681	0.01808	0.01840	0.03790	0.00697	0.00605	0.00166	0.00698	0.00566	0.00509	0.27587
18	0.01497	0.01429	0.02433	0.28483	0.49350	0.01529	0.01954	0.01904	0.01436	0.01990	0.01215	0.01673	0.00986	0.00611	0.00654	0.00204	0.00815	0.00586	0.00314	0.00936
19	0.00922	0.00671	0.00858	0.00812	0.00966	0.00617	0.00604	0.01210	0.01801	0.02524	0.64945	0.04992	0.10682	0.04457	0.00882	0.00226	0.00326	0.01195	0.00703	0.00608
20	0.00941	0.00707	0.00824	0.00836	0.01027	0.00641	0.00640	0.01208	0.04029	0.04153	0.18247	0.15237	0.37721	0.01623	0.00795	0.00235	0.00382	0.09508	0.00641	0.00606
21	0.02459	0.03138	0.01866	0.01696	0.02035	0.74221	0.01272	0.02629	0.01866	0.01611	0.01018	0.01187	0.00848	0.00678	0.00594	0.00170	0.01187	0.00424	0.00339	0.00763
22	0.02935	0.01150	0.01546	0.01185	0.01695	0.01012	0.00979	0.05963	0.01934	0.70389	0.02556	0.02214	0.01609	0.00814	0.00662	0.00203	0.00567	0.00659	0.00808	0.01120
23	0.00874	0.00686	0.00712	0.00695	0.00926	0.00576	0.00525	0.01051	0.01533	0.04739	0.09491	0.06104	0.66579	0.01618	0.00773	0.00221	0.00342	0.01351	0.00625	0.00582
24	0.01629	0.01564	0.02672	0.04041	0.72757	0.01564	0.02020	0.02020	0.01499	0.02151	0.01238	0.01629	0.01043	0.00587	0.00652	0.00196	0.00782	0.00587	0.00326	0.01043
25	0.02471	0.01378	0.01624	0.01302	0.01776	0.01416	0.01057	0.19446	0.22014	0.36587	0.02377	0.02144	0.01615	0.00831	0.00663	0.00208	0.00588	0.00669	0.00736	0.01098
26	0.20170	0.43731	0.02562	0.01156	0.01670	0.04462	0.01059	0.14573	0.01627	0.02350	0.01041	0.01159	0.00865	0.00619	0.00468	0.00167	0.00678	0.00399	0.00381	0.00863
27	0.01805	0.01156	0.01410	0.01029	0.01594	0.00903	0.00832	0.02087	0.01509	0.21845	0.01566	0.01608	0.01157	0.00578	0.00536	0.00127	0.00508	0.00465	0.00508	0.58777
28	0.01528	0.01400	0.12004	0.03698	0.07474	0.01099	0.01175	0.04104	0.10341	0.13006	0.26578	0.02920	0.03023	0.00930	0.00681	0.00198	0.00555	0.00797	0.00588	0.07902
29	0.04901	0.03809	0.01797	0.01369	0.01863	0.01706	0.01126	0.38648	0.13781	0.21120	0.01973	0.01857	0.01371	0.00801	0.00646	0.00202	0.00643	0.00620	0.00681	0.01086
30	0.00800	0.00580	0.00757	0.00898	0.00950	0.00536	0.00603	0.00919	0.01278	0.01688	0.03853	0.71263	0.09380	0.02033	0.00836	0.00264	0.00378	0.01836	0.00611	0.00536
31	0.01760	0.77260	0.03450	0.01126	0.01690	0.02605	0.01126	0.01971	0.01338	0.01549	0.00915	0.01056	0.00845	0.00563	0.00422	0.00141	0.00704	0.00352	0.00282	0.00845
32	0.00838	0.00608	0.00791	0.00874	0.00959	0.00561	0.00607	0.01013	0.01452	0.01966	0.23849	0.50910	0.09475	0.01827	0.00818	0.00247	0.00358	0.01641	0.00644	0.00561
33	0.01429	0.01425	0.02014	0.05851	0.01886	0.01985	0.01462	0.01590	0.01025	0.01590	0.00881	0.01458	0.00865	0.01125	0.02076	0.00284	0.71467	0.00577	0.00288	0.00721
34	0.02582	0.01663	0.01857	0.01430	0.01948	0.01780	0.01179	0.52916	0.04842	0.20166	0.01849	0.01760	0.01265	0.00799	0.00660	0.00200	0.00680	0.00613	0.00695	0.01117
35	0.00799	0.00664	0.00699	0.00697	0.00904	0.00564	0.00520	0.00984	0.01540	0.01890	0.15347	0.08679	0.61168	0.01639	0.00780	0.00222	0.00332	0.01380	0.00626	0.00564
36	0.02471	0.02775	0.01896	0.01645	0.02037	0.54002	0.01266	0.21658	0.02210	0.02322	0.01175	0.01297	0.00924	0.00710	0.00612	0.00177	0.01058	0.00471	0.00429	0.00863
37	0.11604	0.01501	0.01629	0.01242	0.01770	0.01518	0.01019	0.34964	0.02223	0.10783	0.01489	0.01527	0.01083	0.00683	0.00579	0.00170	0.00612	0.00512	0.00566	0.24527
38	0.01311	0.01261	0.01876	0.01613	0.01689	0.01667	0.05767	0.01507	0.01057	0.01603	0.01141	0.01775	0.01087	0.02148	0.21781	0.00494	0.50594	0.00625	0.00309	0.00695
39	0.00957	0.00638	0.00718	0.00718	0.00718	0.00638	0.00399	0.00957	0.00957	0.01276	0.02074	0.04308	0.02393	0.76864	0.03351	0.00638	0.00638	0.00957	0.00399	0.00399
40	0.00940	0.00727	0.01069	0.01035	0.01166	0.00786	0.03520	0.01144	0.01128	0.01559	0.02439	0.08427	0.09447	0.12751	0.49814	0.00829	0.01353	0.00894	0.00403	0.00570
41	0.02194	0.04665	0.17584	0.01416	0.01998	0.01439	0.01367	0.15746	0.11356	0.28683	0.02079	0.02156	0.01480	0.00817	0.00657	0.00209	0.00685	0.03812	0.00617	0.01042
42	0.00821	0.00587	0.00783	0.00922	0.00972	0.00549	0.00629	0.00956	0.01312	0.01758	0.08424	0.68833	0.04462	0.02003	0.00838	0.00265	0.00385	0.04336	0.00619	0.00543
43	0.09713	0.01120	0.01447	0.01134	0.01599	0.01021	0.00927	0.05192	0.01786	0.59694	0.02314	0.02099	0.01498	0.00899	0.00773	0.05833	0.00562	0.00627	0.00737	0.01026
44	0.01111	0.01085	0.06191	0.00988	0.01255	0.03536	0.00813	0.06226	0.07570	0.02219	0.19637	0.17185	0.26808	0.01427	0.00753	0.00222	0.00457	0.01219	0.00611	0.00685
45	0.01588	0.01522	0.02598	0.11662	0.65459	0.01553	0.02000	0.01984	0.01479	0.02101	0.01231	0.01643	0.01025	0.00594	0.00652	0.00198	0.00792	0.00586	0.00322	0.01009
46	0.01144	0.00572	0.00858	0.00858	0.00858	0.00572	0.00572	0.00858	0.00858	0.01144	0.01144	0.02001	0.01144	0.02287	0.02573	0.80846	0.00572	0.00572	0.00286	0.00286
47	0.01538	0.00812	0.00956	0.00836	0.01145	0.00699	0.00657	0.01751	0.01634	0.25423	0.07959	0.04615	0.40537	0.01301	0.00715	0.00210	0.00405	0.01079	0.06978	0.00749
48	0.07889	0.01509	0.01514	0.01295	0.01711	0.09772	0.01028	0.05137	0.32733	0.25313	0.02318	0.02210	0.01668	0.00838	0.00644	0.00210	0.00617	0.01932	0.00658	0.01006
49	0.00801	0.00577	0.00760	0.00906	0.00952	0.00536	0.00606	0.00918	0.01271	0.01685	0.03760	0.73391	0.07312	0.02045	0.00838	0.00265	0.00380	0.01851	0.00611	0.00536
50	0.00955	0.00646	0.00758	0.00758	0.00771	0.00660	0.00448	0.00983	0.00969	0.01306	0.02038	0.04107	0.02306	0.68479	0.11616	0.00687	0.00769	0.00928	0.00394	0.00421
51	0.20151	0.01926	0.04625	0.01388	0.01877	0.12767	0.01163	0.37407	0.02313	0.08233	0.01401	0.01445	0.01011	0.00728	0.00591	0.00196	0.00745	0.00515	0.00549	0.00969
52	0.01770	0.66924	0.10030	0.01200	0.01800	0.02431	0.01244	0.02036	0.01366	0.04711	0.01014	0.01139	0.00878	0.00580	0.00452	0.00150	0.00723	0.00378	0.00304	0.00869
53	0.01758	0.04532	0.06727	0.17641	0.33862	0.01449	0.01702	0.02202	0.04101	0.15041	0.03571	0.01854	0.01280	0.00678	0.00648	0.00202	0.00747	0.00608	0.00428	0.00969
54	0.06322	0.22104	0.34367	0.04362	0.05237	0.11503	0.03536	0.02103	0.01430	0.01923	0.01081	0.01291	0.00846	0.00613	0.00562	0.00186	0.00897	0.00451	0.00299	0.00889
55	0.00807	0.00575	0.00763	0.00911	0.00948	0.00538	0.00605	0.00918	0.01251	0.01669	0.03582	0.74300	0.04296	0.04276	0.00915	0.00278	0.00390	0.01844	0.00605	0.00531
56	0.12786	0.01193	0.01419	0.01130	0.01571	0.01164	0.00923	0.14646	0.01987	0.39794	0.12440	0.02459	0.03812	0.00882	0.00648	0.00204	0.00541	0.00704	0.00716	0.00981
57	0.11198	0.04478	0.20681	0.01756	0.05297	0.13745	0.10127	0.10484	0.01692	0.06859	0.01446	0.06683	0.01183	0.00753	0.00630	0.00203	0.00858	0.00618	0.00416	0.00892
58	0.00927	0.00710	0.00857	0.00828	0.01012	0.00657	0.00631	0.01266	0.04907	0.02358	0.46246	0.05362	0.24970	0.01446	0.00780	0.00218	0.00344	0.05179	0.00683	0.00621
59	0.00892	0.00631	0.00798	0.00831	0.00948	0.00583	0.00595	0.01116	0.01572	0.02193	0.35813	0.31363	0.11167	0.01598	0.00777	0.00227	0.00339	0.01418	0.06559	0.00583
60	0.02245	0.01808	0.01980	0.01725	0.07098	0.13807	0.06054	0.28733	0.05919	0.13575	0.01652	0.01750	0.01217	0.01068	0.06179	0.00263	0.02789	0.00603	0.00550	0.00984
61	0.06225	0.21207	0.24415	0.04972	0.07043	0.03624	0.01584	0.04318	0.06000	0.02013	0.01258	0.01515	0.01018	0.01093	0.08173	0.00280	0.03549	0.00501	0.00339	0.00875
62	0.00937	0.00669	0.00919	0.01071	0.01168	0.00651	0.00846	0.01150	0.01393	0.01832	0.03554	0.40460	0.04059	0.01935	0.00876	0.00286	0.00499	0.36515	0.00609	0.00572
63	0.00897	0.00670	0.00843	0.00923	0.01031	0.00643	0.00659	0.01185	0.06345	0.01952	0.15967	0.47462	0.11350	0.01800	0.00815	0.00251	0.00388	0.05593	0.00635	0.00592
64	0.00813	0.00588	0.00771	0.00913	0.00970	0.00547	0.00624	0.00940	0.01290	0.01701	0.03839	0.68157	0.09199	0.02023	0.00839	0.00266	0.00389	0.04982	0.00611	0.00540
65	0.01562	0.02398	0.37991	0.02126	0.10096	0.01417	0.15494	0.02135	0.01485	0.10820	0.01572	0.07132	0.01246	0.00737	0.00679	0.00214	0.00885	0.00678	0.00385	0.00949
66	0.01243	0.01170	0.01975	0.75282	0.04534	0.01463	0.01828	0.01682	0.01316	0.01682	0.01170	0.01755	0.00878	0.00658	0.00658	0.00219	0.00878	0.00585	0.00293	0.00731
67	0.08421	0.01380	0.01626	0.01259	0.01759	0.01383	0.01039	0.27336	0.02253	0.41540	0.02099	0.01924	0.01381	0.00790	0.00637	0.00200	0.00609	0.00614	0.02672	0.01078
68	0.01261	0.01322	0.02670	0.02031	0.02474	0.01231	0.43432	0.01652	0.01466	0.01954	0.02542	0.23124	0.09551	0.01095	0.00795	0.00235	0.00824	0.01148	0.00440	0.00754
69	0.01369	0.06314	0.61166	0.01788	0.02669	0.01506	0.04785	0.02054	0.01428	0.04180	0.03939	0.01669	0.02889	0.00678	0.00633	0.00206	0.00914	0.00545	0.00321	0.00945
70	0.00805	0.00653	0.00716	0.00743	0.00924	0.00564	0.00548	0.00980	0.01492	0.01848	0.12275	0.18797	0.51947	0.01712	0.00793	0.00231	0.00348	0.03439	0.00622	0.00560
71	0.02341	0.02857	0.01998	0.05871	0.02258	0.60834	0.05369	0.07287	0.01902	0.01822	0.01084	0.01281	0.00877	0.00678	0.00613	0.00177	0.01133	0.00466	0.00359	0.00794
72	0.08358	0.02325	0.01829	0.08099	0.03948	0.39967	0.01288	0.10075	0.01809	0.07300	0.01194	0.01385	0.00935	0.00737	0.00748	0.00194	0.08088	0.00488	0.00406	0.00826
73	0.01348	0.01299	0.01681	0.01480	0.01508	0.04930	0.01186	0.01479	0.01044	0.01527	0.01178	0.02046	0.01212	0.14477	0.10329	0.00428	0.51230	0.00649	0.00317	0.00653
74	0.02943	0.01138	0.01538	0.01179	0.01689	0.00993	0.00974	0.04808	0.01913	0.71573	0.02573	0.02225	0.01618	0.00814	0.00662	0.00204	0.00564	0.00660	0.00811	0.01120
75	0.10675	0.01532	0.01605	0.01293	0.01719	0.04224	0.01045	0.40753	0.02386	0.10700	0.05226	0.04701	0.03267	0.03733	0.03935	0.00254	0.00701	0.00681	0.00614	0.00956
76	0.02498	0.01993	0.01963	0.01536	0.02041	0.10361	0.01254	0.62732	0.02954	0.03856	0.01516	0.01535	0.01088	0.00777	0.00651	0.00194	0.00778	0.00573	0.00622	0.01078
77	0.01059	0.00739	0.00913	0.00875	0.01067	0.00691	0.00663	0.01419	0.06155	0.06515	0.41696	0.11793	0.18126	0.01436	0.00775	0.00221	0.00363	0.04149	0.00689	0.00656
78	0.05949	0.05887	0.01842	0.01403	0.01866	0.09900	0.04315	0.22743	0.11092	0.15430	0.01867	0.02116	0.01431	0.00816	0.00641	0.00198	0.00706	0.05305	0.00583	0.05908
79	0.01020	0.00746	0.00892	0.00891	0.01062	0.00715	0.00654	0.01409	0.09476	0.04692	0.24879	0.23772	0.19965	0.04082	0.00867	0.00245	0.00386	0.02954	0.00652	0.00641
80	0.01657	0.25005	0.16582	0.01420	0.01962	0.01794	0.05812	0.12478	0.04707	0.04629	0.07493	0.01910	0.01542	0.04544	0.03724	0.00244	0.02602	0.00592	0.00424	0.00879
81	0.01830	0.01531	0.04699	0.01298	0.03179	0.12752	0.01024	0.11824	0.07322	0.14029	0.08775	0.10965	0.05087	0.03388	0.03420	0.00244	0.00691	0.00822	0.00571	0.06550

[dist]
# distance from previous block
# <min> <max>
0	58

[block]
# block no. 2 follows, 33 sequences, length 36
# corresponding to MSA columns:
# 246-281
name=unknown_C
#
# <colnr> <probs for GDERKNQSTAVLIFYWHMCP>
#	G	D	E	R	K	N	Q	S	T	A	V	L	I	F	Y	W	H	M	C	P
0	0.08976	0.01567	0.01902	0.05440	0.02098	0.08482	0.11662	0.12825	0.10831	0.08081	0.03232	0.04671	0.01394	0.00760	0.00671	0.00194	0.02644	0.00640	0.00498	0.13435
1	0.10276	0.01690	0.01521	0.02996	0.01753	0.17663	0.01054	0.13961	0.14877	0.12506	0.04425	0.08076	0.01794	0.00930	0.00650	0.00208	0.00702	0.03457	0.00573	0.00889
2	0.03871	0.15969	0.03773	0.06997	0.01934	0.23061	0.04785	0.01955	0.01537	0.05478	0.03627	0.10951	0.08917	0.00954	0.00683	0.00197	0.03391	0.00751	0.00418	0.00752
3	0.02071	0.12096	0.04780	0.01441	0.05726	0.06244	0.03470	0.11378	0.04548	0.23418	0.02393	0.02335	0.10703	0.00857	0.00688	0.00195	0.03263	0.00676	0.00560	0.03157
4	0.09140	0.01804	0.01791	0.01476	0.01920	0.14382	0.05793	0.21577	0.20650	0.06218	0.01777	0.01888	0.01352	0.00779	0.00634	0.00200	0.00736	0.02381	0.00554	0.04947
5	0.14591	0.01605	0.01667	0.01328	0.01809	0.04711	0.01085	0.35301	0.09367	0.19260	0.01795	0.01723	0.01250	0.00774	0.00619	0.00201	0.00654	0.00580	0.00643	0.01035
6	0.01428	0.01231	0.01590	0.12478	0.02099	0.01260	0.04915	0.05649	0.22798	0.02426	0.11975	0.02436	0.02100	0.00809	0.00645	0.00186	0.00581	0.02189	0.00523	0.22683
7	0.00960	0.00645	0.00748	0.00767	0.00781	0.00644	0.00462	0.00989	0.01016	0.01350	0.02253	0.07463	0.02587	0.67662	0.03048	0.00596	0.00625	0.06557	0.00425	0.00421
8	0.00900	0.00684	0.00953	0.01037	0.01137	0.00656	0.03418	0.01132	0.04187	0.01785	0.03608	0.58019	0.06917	0.01905	0.00838	0.00267	0.00445	0.10931	0.00602	0.00580
9	0.00979	0.00827	0.01384	0.01296	0.01474	0.00778	0.13638	0.01205	0.01361	0.01806	0.03289	0.49952	0.06078	0.01732	0.00836	0.00263	0.00548	0.11383	0.00559	0.00612
10	0.01639	0.01421	0.01645	0.01703	0.11262	0.01605	0.01181	0.05216	0.57314	0.02683	0.02485	0.02517	0.01924	0.00886	0.00677	0.00222	0.00566	0.03407	0.00621	0.01027
11	0.00839	0.00599	0.00806	0.00959	0.01013	0.00566	0.00675	0.00980	0.01297	0.01722	0.03608	0.66614	0.04274	0.02028	0.00850	0.00272	0.00414	0.11329	0.00610	0.00545
12	0.01738	0.73486	0.07027	0.01165	0.01749	0.02550	0.01193	0.01977	0.01340	0.01576	0.00929	0.01073	0.00844	0.00566	0.00433	0.00144	0.00718	0.00359	0.00281	0.00851
13	0.01333	0.03314	0.69565	0.01927	0.02882	0.01536	0.06229	0.02086	0.01399	0.02086	0.01190	0.01411	0.00843	0.00622	0.00634	0.00209	0.00981	0.00503	0.00281	0.00968
14	0.01208	0.00792	0.00951	0.00913	0.01008	0.00814	0.00628	0.08992	0.01291	0.03518	0.02135	0.07561	0.02295	0.42877	0.05488	0.09948	0.00669	0.07932	0.00456	0.00523
15	0.01320	0.03405	0.73453	0.01876	0.02849	0.01529	0.02432	0.02085	0.01390	0.02085	0.01181	0.01390	0.00834	0.00625	0.00625	0.00208	0.00973	0.00486	0.00278	0.00973
16	0.01586	0.01520	0.02594	0.12066	0.65072	0.01553	0.01999	0.01982	0.01478	0.02098	0.01231	0.01644	0.01024	0.00595	0.00652	0.00198	0.00793	0.00586	0.00322	0.01008
17	0.01579	0.10041	0.10111	0.06793	0.21917	0.04486	0.18027	0.04348	0.06134	0.02162	0.06778	0.01872	0.01434	0.00673	0.00663	0.00200	0.00838	0.00646	0.00380	0.00918
18	0.00861	0.00671	0.00787	0.00829	0.00976	0.00617	0.00594	0.01124	0.05194	0.01950	0.17298	0.33044	0.30218	0.01721	0.00796	0.00237	0.00358	0.01506	0.00635	0.00585
19	0.00970	0.00741	0.01086	0.01070	0.01172	0.00876	0.00826	0.01182	0.01048	0.01513	0.01736	0.02651	0.01658	0.10101	0.64927	0.00984	0.05809	0.00717	0.00353	0.00581
20	0.01402	0.01332	0.02261	0.46040	0.32537	0.01504	0.01907	0.01821	0.01391	0.01874	0.01198	0.01704	0.00945	0.00629	0.00656	0.00210	0.00838	0.00586	0.00306	0.00859
21	0.01532	0.16368	0.09723	0.14086	0.21706	0.03560	0.06156	0.03606	0.03187	0.01970	0.04055	0.04318	0.01285	0.00724	0.00709	0.00200	0.04978	0.00612	0.00348	0.00879
22	0.02482	0.01486	0.01706	0.01351	0.01838	0.01560	0.01102	0.31389	0.17372	0.29231	0.02190	0.02011	0.01498	0.00821	0.00662	0.00205	0.00620	0.00651	0.00718	0.01103
23	0.01587	0.01685	0.01995	0.01724	0.01773	0.12421	0.01416	0.01735	0.01132	0.01588	0.00886	0.01404	0.00862	0.01084	0.01935	0.00271	0.64927	0.00554	0.00295	0.00726
24	0.01631	0.23486	0.32865	0.01469	0.02139	0.06923	0.01629	0.02146	0.03879	0.07854	0.08620	0.01753	0.01499	0.00711	0.00587	0.00187	0.00795	0.00540	0.00387	0.00900
25	0.02539	0.01839	0.01870	0.01469	0.01967	0.09300	0.01197	0.49537	0.05516	0.15432	0.01737	0.01686	0.01213	0.00787	0.00653	0.00197	0.00736	0.00593	0.00652	0.01080
26	0.01129	0.00780	0.01042	0.01004	0.01163	0.00880	0.00783	0.06979	0.01293	0.01936	0.01828	0.02476	0.01611	0.03734	0.52936	0.00800	0.01377	0.00677	0.16936	0.00637
27	0.01517	0.01449	0.02469	0.24795	0.52882	0.01535	0.01964	0.01922	0.01446	0.02014	0.01218	0.01666	0.00995	0.00607	0.00654	0.00202	0.00810	0.00586	0.00316	0.00952
28	0.01586	0.47120	0.18629	0.10869	0.02406	0.02170	0.05372	0.01967	0.01358	0.01715	0.01029	0.01259	0.00855	0.00589	0.00517	0.00170	0.00808	0.00435	0.00285	0.00861
29	0.01804	0.01243	0.01450	0.01291	0.01636	0.01356	0.01048	0.08548	0.33099	0.15795	0.02793	0.03383	0.05016	0.01089	0.00792	0.00236	0.04363	0.13450	0.00662	0.00945
30	0.01629	0.01564	0.02672	0.04041	0.72757	0.01564	0.02020	0.02020	0.01499	0.02151	0.01238	0.01629	0.01043	0.00587	0.00652	0.00196	0.00782	0.00587	0.00326	0.01043
31	0.03647	0.01279	0.02096	0.24551	0.29864	0.01361	0.05035	0.04116	0.01468	0.05013	0.01670	0.13795	0.01545	0.00863	0.00684	0.00216	0.00744	0.00801	0.00396	0.00856
32	0.01144	0.00572	0.00858	0.00858	0.00858	0.00572	0.00572	0.00858	0.00858	0.01144	0.01144	0.02001	0.01144	0.02287	0.02573	0.80846	0.00572	0.00572	0.00286	0.00286
33	0.01115	0.00722	0.00975	0.01061	0.01214	0.00688	0.00855	0.01352	0.01498	0.07808	0.08859	0.26703	0.08225	0.01761	0.00851	0.00272	0.00498	0.34284	0.00634	0.00626
34	0.01366	0.00836	0.01031	0.00945	0.01138	0.00823	0.00691	0.06372	0.04290	0.13110	0.17599	0.12598	0.07543	0.20129	0.08202	0.00399	0.00612	0.01042	0.00597	0.00678
35	0.01385	0.01883	0.19272	0.15899	0.15696	0.01479	0.20640	0.01890	0.01428	0.01987	0.01470	0.06612	0.01267	0.00757	0.00741	0.00221	0.02773	0.03391	0.00339	0.00869

[dist]
# distance from previous block
# <min> <max>
0	2

# created by:
# /home/berkeley/.conda/envs/busco_data_prod/bin/msa2prfl.pl pipeline/OGs_align_augustus/4893/1716.fs
