[name]
unknown

[dist]
# distance from previous block
# <min> <max>
0	8

[block]
# block no. 0 follows, 34 sequences, length 47
# corresponding to MSA columns:
# 8-54
name=unknown_A
#
# <colnr> <probs for GDERKNQSTAVLIFYWHMCP>
#	G	D	E	R	K	N	Q	S	T	A	V	L	I	F	Y	W	H	M	C	P
0	0.01247	0.01045	0.01249	0.01019	0.01416	0.00919	0.00804	0.01669	0.08556	0.02142	0.10209	0.09728	0.02161	0.00881	0.00667	0.00158	0.04024	0.04747	0.00479	0.46878
1	0.01522	0.01314	0.01379	0.01248	0.01598	0.01499	0.00969	0.03179	0.64932	0.02606	0.03027	0.02797	0.09175	0.00954	0.00668	0.00219	0.00493	0.00795	0.00652	0.00974
2	0.01370	0.01244	0.01738	0.01241	0.01828	0.00986	0.12058	0.01698	0.01370	0.02100	0.01174	0.01405	0.00961	0.00489	0.00524	0.00115	0.00577	0.00444	0.00374	0.68304
3	0.01220	0.01148	0.01938	0.75739	0.04450	0.01436	0.01794	0.01651	0.01292	0.01651	0.01148	0.01723	0.00861	0.00646	0.00646	0.00215	0.00861	0.00574	0.00287	0.00718
4	0.01180	0.00600	0.00611	0.00619	0.00763	0.00598	0.00460	0.01471	0.01348	0.02365	0.02192	0.06707	0.01807	0.00826	0.00473	0.00157	0.00305	0.00673	0.76245	0.00598
5	0.00796	0.00656	0.00699	0.00688	0.00892	0.00559	0.00516	0.00990	0.01549	0.01926	0.20706	0.05921	0.58726	0.01569	0.00763	0.00215	0.00322	0.01322	0.00624	0.00559
6	0.00916	0.00675	0.00726	0.00706	0.00909	0.00581	0.00519	0.01077	0.01459	0.05907	0.10483	0.07614	0.55093	0.09249	0.01015	0.00259	0.00370	0.01279	0.00598	0.00566
7	0.00867	0.00658	0.00793	0.00760	0.00929	0.00590	0.00566	0.01119	0.01693	0.02287	0.49910	0.05256	0.27377	0.03356	0.00827	0.00219	0.00320	0.01225	0.00668	0.00584
8	0.01220	0.01148	0.01938	0.75739	0.04450	0.01436	0.01794	0.01651	0.01292	0.01651	0.01148	0.01723	0.00861	0.00646	0.00646	0.00215	0.00861	0.00574	0.00287	0.00718
9	0.01414	0.01414	0.01979	0.01696	0.01696	0.01979	0.01414	0.01555	0.00990	0.01555	0.00848	0.01414	0.00848	0.01131	0.02120	0.00283	0.76110	0.00565	0.00283	0.00707
10	0.81856	0.01250	0.00950	0.00850	0.01250	0.01449	0.00700	0.01899	0.01100	0.02899	0.00900	0.01050	0.00700	0.00600	0.00400	0.00200	0.00500	0.00350	0.00400	0.00700
11	0.01502	0.01905	0.10925	0.02634	0.03318	0.01620	0.63965	0.02067	0.01509	0.02067	0.01292	0.01705	0.00964	0.00552	0.00747	0.00217	0.01076	0.00734	0.00321	0.00880
12	0.01607	0.01388	0.01461	0.01315	0.01680	0.01607	0.01023	0.03433	0.72094	0.02703	0.02630	0.02411	0.01972	0.00877	0.00657	0.00219	0.00511	0.00731	0.00657	0.01023
13	0.01381	0.03082	0.64235	0.02033	0.09903	0.01485	0.02297	0.02078	0.01392	0.04502	0.01213	0.01417	0.00866	0.00616	0.00618	0.00203	0.00922	0.00493	0.00296	0.00967
14	0.01122	0.00561	0.00842	0.00842	0.00842	0.00561	0.00561	0.00842	0.00842	0.01122	0.01122	0.01964	0.01122	0.02245	0.02525	0.81201	0.00561	0.00561	0.00281	0.00281
15	0.02456	0.01810	0.01939	0.01487	0.02004	0.02004	0.01228	0.71107	0.03038	0.04072	0.01551	0.01551	0.01099	0.00776	0.00646	0.00194	0.00711	0.00582	0.00646	0.01099
16	0.01612	0.01586	0.02460	0.03614	0.63932	0.06443	0.01848	0.01976	0.01518	0.02105	0.05657	0.01770	0.01326	0.00628	0.00643	0.00191	0.00766	0.00602	0.00345	0.00979
17	0.02370	0.01767	0.01891	0.01469	0.01971	0.01964	0.01207	0.64244	0.10041	0.03933	0.01661	0.01638	0.01187	0.00786	0.00647	0.00196	0.00691	0.00597	0.00647	0.01091
18	0.81856	0.01250	0.00950	0.00850	0.01250	0.01449	0.00700	0.01899	0.01100	0.02899	0.00900	0.01050	0.00700	0.00600	0.00400	0.00200	0.00500	0.00350	0.00400	0.00700
19	0.01510	0.01700	0.03573	0.02589	0.03157	0.01679	0.61816	0.02002	0.01455	0.02002	0.01247	0.01700	0.00963	0.00621	0.00940	0.00226	0.10911	0.00737	0.00321	0.00850
20	0.00925	0.00686	0.01005	0.01005	0.01109	0.00790	0.00766	0.01133	0.01029	0.01475	0.01761	0.02706	0.01688	0.12015	0.67662	0.00998	0.01621	0.00717	0.00351	0.00559
21	0.01607	0.01388	0.01461	0.01315	0.01680	0.01607	0.01023	0.03433	0.72094	0.02703	0.02630	0.02411	0.01972	0.00877	0.00657	0.00219	0.00511	0.00731	0.00657	0.01023
22	0.81856	0.01250	0.00950	0.00850	0.01250	0.01449	0.00700	0.01899	0.01100	0.02899	0.00900	0.01050	0.00700	0.00600	0.00400	0.00200	0.00500	0.00350	0.00400	0.00700
23	0.01254	0.01070	0.01327	0.01614	0.15100	0.05930	0.00986	0.09609	0.01538	0.02023	0.02694	0.48203	0.03033	0.01503	0.00751	0.00234	0.00544	0.01347	0.00533	0.00705
24	0.01607	0.01388	0.01461	0.01315	0.01680	0.01607	0.01023	0.03433	0.72094	0.02703	0.02630	0.02411	0.01972	0.00877	0.00657	0.00219	0.00511	0.00731	0.00657	0.01023
25	0.01727	0.77681	0.03386	0.01106	0.01658	0.02557	0.01106	0.01935	0.01313	0.01520	0.00898	0.01036	0.00829	0.00553	0.00415	0.00138	0.00691	0.00345	0.00276	0.00829
26	0.00784	0.00576	0.00736	0.00864	0.00928	0.00528	0.00584	0.00904	0.01272	0.01664	0.03999	0.66508	0.14354	0.01967	0.00816	0.00256	0.00368	0.01767	0.00600	0.00528
27	0.01453	0.01170	0.01361	0.01004	0.01553	0.00942	0.00802	0.01894	0.08543	0.06100	0.01376	0.01496	0.01095	0.00537	0.00506	0.00114	0.00486	0.00433	0.00434	0.68704
28	0.00787	0.00562	0.00750	0.00900	0.00937	0.00525	0.00600	0.00900	0.01237	0.01649	0.03561	0.76871	0.04274	0.02024	0.00825	0.00262	0.00375	0.01837	0.00600	0.00525
29	0.01607	0.01388	0.01461	0.01315	0.01680	0.01607	0.01023	0.03433	0.72094	0.02703	0.02630	0.02411	0.01972	0.00877	0.00657	0.00219	0.00511	0.00731	0.00657	0.01023
30	0.01368	0.09721	0.39339	0.01529	0.04321	0.01395	0.01684	0.01927	0.02991	0.02032	0.01166	0.01356	0.00898	0.00568	0.00552	0.00162	0.00756	0.00442	0.00320	0.27474
31	0.01130	0.13032	0.01506	0.01207	0.05660	0.01174	0.00884	0.01313	0.01085	0.01494	0.01569	0.02511	0.01552	0.18489	0.38734	0.00707	0.06327	0.00672	0.00338	0.00616
32	0.81856	0.01250	0.00950	0.00850	0.01250	0.01449	0.00700	0.01899	0.01100	0.02899	0.00900	0.01050	0.00700	0.00600	0.00400	0.00200	0.00500	0.00350	0.00400	0.00700
33	0.01028	0.01488	0.23423	0.01126	0.01528	0.00883	0.01155	0.01466	0.01675	0.02398	0.48799	0.03799	0.06445	0.01112	0.00716	0.00204	0.00506	0.00961	0.00573	0.00714
34	0.38188	0.01657	0.12441	0.03704	0.12506	0.03103	0.05696	0.02119	0.01343	0.11919	0.01239	0.01396	0.00910	0.00624	0.00535	0.00200	0.00677	0.00476	0.00413	0.00852
35	0.01393	0.01844	0.14575	0.02346	0.02967	0.01469	0.50868	0.01914	0.01462	0.02011	0.01577	0.11450	0.01383	0.00748	0.00747	0.00222	0.00975	0.00857	0.00354	0.00840
36	0.01015	0.00733	0.01005	0.01131	0.01284	0.00722	0.00978	0.01305	0.01510	0.01967	0.08332	0.07055	0.08186	0.01744	0.00876	0.00286	0.00559	0.60117	0.00603	0.00593
37	0.01282	0.01420	0.11082	0.30150	0.14476	0.01293	0.03842	0.05921	0.01450	0.01967	0.03662	0.17113	0.01744	0.00936	0.00684	0.00218	0.00741	0.00843	0.00390	0.00784
38	0.01311	0.01266	0.01865	0.57348	0.08130	0.05943	0.01646	0.01781	0.05420	0.01735	0.01393	0.06820	0.01165	0.00750	0.00654	0.00214	0.00821	0.00659	0.00335	0.00743
39	0.01722	0.01352	0.01465	0.01277	0.01648	0.01520	0.01003	0.11991	0.51935	0.06968	0.09613	0.02532	0.02256	0.00904	0.00666	0.00213	0.00519	0.00751	0.00670	0.00995
40	0.70949	0.01229	0.01026	0.00891	0.01305	0.01380	0.00734	0.02072	0.01203	0.12681	0.01128	0.01208	0.00824	0.00627	0.00434	0.00200	0.00507	0.00391	0.00455	0.00755
41	0.01632	0.06720	0.23462	0.06703	0.21967	0.01517	0.07096	0.07754	0.01574	0.08703	0.01467	0.05909	0.01185	0.00708	0.00640	0.00201	0.00801	0.00627	0.00389	0.00946
42	0.10491	0.01514	0.01648	0.01295	0.01769	0.01626	0.01063	0.41720	0.06793	0.18930	0.01796	0.01736	0.01249	0.00768	0.00613	0.00195	0.00622	0.00583	0.04558	0.01030
43	0.00792	0.00640	0.00703	0.00720	0.00898	0.00552	0.00528	0.00969	0.01491	0.01864	0.16614	0.17598	0.51073	0.01650	0.00773	0.00223	0.00332	0.01410	0.00618	0.00552
44	0.00927	0.00630	0.00712	0.00712	0.00730	0.00627	0.00411	0.00945	0.00979	0.01294	0.02332	0.04311	0.07121	0.69900	0.05344	0.00612	0.00641	0.00961	0.00404	0.00408
45	0.09570	0.01773	0.16392	0.27666	0.04552	0.01533	0.10859	0.11855	0.01603	0.06267	0.01284	0.01587	0.00931	0.00647	0.00631	0.00208	0.00834	0.00563	0.00381	0.00866
46	0.03922	0.06793	0.01787	0.01603	0.05888	0.44692	0.01177	0.02216	0.01586	0.05025	0.01210	0.01497	0.01025	0.01465	0.14678	0.00338	0.03507	0.00488	0.00353	0.00751

[dist]
# distance from previous block
# <min> <max>
0	1

[block]
# block no. 1 follows, 34 sequences, length 138
# corresponding to MSA columns:
# 56-193
name=unknown_B
#
# <colnr> <probs for GDERKNQSTAVLIFYWHMCP>
#	G	D	E	R	K	N	Q	S	T	A	V	L	I	F	Y	W	H	M	C	P
0	0.04984	0.01971	0.02434	0.09089	0.26612	0.22573	0.14321	0.04716	0.01622	0.03858	0.01199	0.01504	0.00951	0.00616	0.00638	0.00192	0.00931	0.00557	0.00350	0.00882
1	0.00910	0.00622	0.00751	0.00778	0.00797	0.00629	0.00476	0.00957	0.01004	0.01352	0.02275	0.17058	0.02611	0.55582	0.10952	0.00608	0.00707	0.01072	0.00424	0.00436
2	0.00793	0.00638	0.00706	0.00726	0.00900	0.00552	0.00531	0.00970	0.01487	0.01865	0.16816	0.19169	0.49268	0.01657	0.00775	0.00224	0.00332	0.01420	0.00618	0.00552
3	0.02053	0.34784	0.02509	0.01482	0.04608	0.34513	0.01198	0.06576	0.01672	0.01759	0.02826	0.01245	0.00989	0.00638	0.00522	0.00158	0.00896	0.00422	0.00338	0.00813
4	0.01340	0.01148	0.01340	0.00957	0.01531	0.00861	0.00766	0.01627	0.01340	0.02105	0.01148	0.01340	0.00957	0.00479	0.00479	0.00096	0.00479	0.00383	0.00383	0.81242
5	0.01914	0.34141	0.17915	0.01399	0.01988	0.14526	0.01399	0.07748	0.03256	0.08395	0.01213	0.01307	0.00945	0.00633	0.00532	0.00169	0.00814	0.00441	0.00371	0.00893
6	0.01645	0.01797	0.03974	0.10851	0.02219	0.17302	0.05201	0.01909	0.02985	0.03347	0.01034	0.01458	0.00898	0.00912	0.01427	0.00241	0.41183	0.00549	0.00317	0.00750
7	0.00783	0.00655	0.00681	0.00674	0.00884	0.00554	0.00506	0.00964	0.01518	0.01852	0.14895	0.06043	0.64584	0.01597	0.00763	0.00216	0.00324	0.01339	0.00614	0.00554
8	0.01607	0.01388	0.01461	0.01315	0.01680	0.01607	0.01023	0.03433	0.72094	0.02703	0.02630	0.02411	0.01972	0.00877	0.00657	0.00219	0.00511	0.00731	0.00657	0.01023
9	0.00953	0.00736	0.01095	0.01078	0.01186	0.00878	0.00844	0.01178	0.01035	0.01503	0.01678	0.02471	0.01569	0.04623	0.70371	0.00993	0.06197	0.00685	0.00342	0.00585
10	0.00829	0.00657	0.00746	0.00724	0.00913	0.00573	0.00543	0.01055	0.01628	0.02114	0.35479	0.05612	0.43836	0.01499	0.00763	0.00212	0.00317	0.01279	0.00649	0.00573
11	0.00938	0.00629	0.00715	0.00712	0.00721	0.00625	0.00405	0.00957	0.00996	0.01337	0.06514	0.04266	0.02586	0.72493	0.03129	0.00600	0.00606	0.00954	0.00412	0.00405
12	0.01522	0.01298	0.01387	0.01253	0.01592	0.01484	0.00972	0.03161	0.63436	0.02689	0.11292	0.02708	0.02481	0.00931	0.00670	0.00217	0.00486	0.00784	0.00664	0.00972
13	0.02456	0.01810	0.01939	0.01487	0.02004	0.02004	0.01228	0.71107	0.03038	0.04072	0.01551	0.01551	0.01099	0.00776	0.00646	0.00194	0.00711	0.00582	0.00646	0.01099
14	0.01340	0.01148	0.01340	0.00957	0.01531	0.00861	0.00766	0.01627	0.01340	0.02105	0.01148	0.01340	0.00957	0.00479	0.00479	0.00096	0.00479	0.00383	0.00383	0.81242
15	0.01207	0.01131	0.01902	0.73484	0.04344	0.01408	0.01758	0.01628	0.01290	0.01651	0.01221	0.03988	0.00964	0.00688	0.00651	0.00217	0.00847	0.00612	0.00297	0.00712
16	0.01377	0.01261	0.01900	0.01699	0.06658	0.01317	0.17695	0.02340	0.31161	0.02253	0.02504	0.18005	0.04087	0.01036	0.00712	0.00224	0.00626	0.00974	0.03316	0.00854
17	0.01220	0.01148	0.01938	0.75739	0.04450	0.01436	0.01794	0.01651	0.01292	0.01651	0.01148	0.01723	0.00861	0.00646	0.00646	0.00215	0.00861	0.00574	0.00287	0.00718
18	0.02899	0.01100	0.01499	0.01150	0.01649	0.00950	0.00950	0.03149	0.01849	0.73709	0.02549	0.02199	0.01599	0.00800	0.00650	0.00200	0.00550	0.00650	0.00800	0.01100
19	0.01255	0.01220	0.02160	0.52386	0.09313	0.01392	0.12091	0.01673	0.01349	0.01755	0.01563	0.04567	0.05051	0.00728	0.00676	0.00216	0.00842	0.00691	0.00324	0.00748
20	0.01544	0.04617	0.03461	0.09698	0.09128	0.01626	0.54172	0.02044	0.01498	0.03789	0.01299	0.01713	0.00982	0.00564	0.00725	0.00212	0.01012	0.00710	0.00332	0.00873
21	0.01658	0.01413	0.01490	0.01325	0.01700	0.01631	0.01035	0.07497	0.67948	0.02785	0.02565	0.02359	0.01920	0.00871	0.00657	0.00218	0.00523	0.00722	0.00657	0.01027
22	0.00910	0.00674	0.00857	0.00852	0.01015	0.00622	0.00665	0.01188	0.01703	0.02319	0.48368	0.05521	0.17862	0.01462	0.00786	0.00223	0.00361	0.13347	0.00670	0.00595
23	0.07561	0.35412	0.21637	0.04499	0.08318	0.09115	0.01533	0.02018	0.01374	0.01824	0.01015	0.01213	0.00835	0.00589	0.00511	0.00171	0.00807	0.00417	0.00294	0.00858
24	0.00791	0.00564	0.00749	0.00895	0.00931	0.00528	0.00594	0.00901	0.01229	0.01639	0.03521	0.74946	0.04223	0.04018	0.00890	0.00272	0.00382	0.01813	0.00594	0.00521
25	0.00919	0.00679	0.00871	0.00874	0.01036	0.00630	0.00689	0.01200	0.01693	0.02304	0.46251	0.05616	0.16359	0.01478	0.00792	0.00227	0.00375	0.16744	0.00667	0.00596
26	0.00787	0.00562	0.00750	0.00900	0.00937	0.00525	0.00600	0.00900	0.01237	0.01649	0.03561	0.76871	0.04274	0.02024	0.00825	0.00262	0.00375	0.01837	0.00600	0.00525
27	0.01581	0.02609	0.44656	0.04098	0.19395	0.04340	0.02078	0.02160	0.01458	0.09689	0.01315	0.01510	0.00952	0.00628	0.00623	0.00200	0.00873	0.00519	0.00343	0.00973
28	0.04276	0.06168	0.01777	0.01433	0.06484	0.07511	0.01083	0.23370	0.11942	0.02741	0.01452	0.01533	0.01123	0.00656	0.00568	0.00161	0.00643	0.00506	0.00489	0.26083
29	0.00807	0.00571	0.00762	0.00890	0.00937	0.00533	0.00600	0.00927	0.01282	0.01723	0.09812	0.68547	0.04365	0.01966	0.00859	0.02170	0.00373	0.01746	0.00602	0.00527
30	0.04586	0.01472	0.01562	0.01304	0.01738	0.01624	0.01038	0.21950	0.42114	0.03019	0.02096	0.01999	0.01566	0.00792	0.00624	0.00197	0.00562	0.00635	0.00613	0.10509
31	0.01584	0.15571	0.41022	0.01580	0.02351	0.01552	0.05551	0.02117	0.01421	0.10751	0.01292	0.01428	0.00940	0.00607	0.00577	0.00181	0.00814	0.00481	0.00353	0.09827
32	0.01393	0.09752	0.57948	0.01941	0.06746	0.03463	0.05940	0.02048	0.01386	0.01993	0.01143	0.01364	0.00840	0.00604	0.00605	0.00198	0.00933	0.00485	0.00280	0.00938
33	0.01447	0.01720	0.07249	0.07167	0.03259	0.01546	0.58496	0.01970	0.01492	0.02019	0.01533	0.03963	0.03546	0.00634	0.00749	0.00218	0.01022	0.00786	0.00338	0.00845
34	0.01334	0.01264	0.02143	0.54270	0.25033	0.01465	0.01851	0.01750	0.01346	0.01788	0.01168	0.01686	0.00910	0.00625	0.00644	0.00208	0.00833	0.00575	0.00297	0.00809
35	0.04495	0.03579	0.01903	0.01722	0.12609	0.01588	0.01231	0.33559	0.04214	0.25752	0.01812	0.01761	0.01253	0.00745	0.00634	0.00195	0.00657	0.00594	0.00630	0.01068
36	0.01657	0.01756	0.02268	0.20726	0.33540	0.16707	0.03624	0.01991	0.01461	0.01839	0.01124	0.01527	0.00928	0.00659	0.00763	0.00201	0.07510	0.00547	0.00312	0.00860
37	0.00780	0.00654	0.00669	0.00666	0.00872	0.00553	0.00494	0.00945	0.01473	0.01777	0.10353	0.06056	0.66191	0.04606	0.00863	0.00233	0.00338	0.01335	0.00598	0.00543
38	0.01377	0.01318	0.02250	0.44790	0.30468	0.01491	0.03750	0.01786	0.01359	0.01835	0.01171	0.01669	0.00926	0.00628	0.00681	0.00208	0.02575	0.00580	0.00301	0.00838
39	0.00855	0.00658	0.00781	0.00751	0.00929	0.00584	0.00563	0.01104	0.01689	0.02258	0.46802	0.05374	0.32423	0.01445	0.00763	0.00209	0.00314	0.01245	0.00667	0.00584
40	0.00928	0.00703	0.00860	0.00813	0.00991	0.00658	0.00612	0.01298	0.05982	0.02440	0.56297	0.04942	0.18351	0.01353	0.00756	0.00207	0.00321	0.01179	0.00687	0.00622
41	0.00914	0.00660	0.00864	0.00813	0.00965	0.00610	0.00610	0.01219	0.01829	0.02591	0.72921	0.04827	0.06097	0.01321	0.00762	0.00203	0.00305	0.01169	0.00711	0.00610
42	0.01727	0.77681	0.03386	0.01106	0.01658	0.02557	0.01106	0.01935	0.01313	0.01520	0.00898	0.01036	0.00829	0.00553	0.00415	0.00138	0.00691	0.00345	0.00276	0.00829
43	0.01442	0.17089	0.54995	0.01760	0.04668	0.05441	0.02079	0.02051	0.01382	0.01927	0.01104	0.01300	0.00827	0.00604	0.00576	0.00190	0.00911	0.00453	0.00278	0.00923
44	0.01727	0.77681	0.03386	0.01106	0.01658	0.02557	0.01106	0.01935	0.01313	0.01520	0.00898	0.01036	0.00829	0.00553	0.00415	0.00138	0.00691	0.00345	0.00276	0.00829
45	0.00792	0.00581	0.00744	0.00861	0.00930	0.00533	0.00586	0.00924	0.01306	0.01722	0.08344	0.62828	0.13621	0.01928	0.00813	0.00253	0.00364	0.01731	0.00607	0.00533
46	0.01329	0.01226	0.02140	0.61428	0.04107	0.01461	0.09769	0.01755	0.01329	0.04542	0.01210	0.01732	0.00904	0.00659	0.00717	0.00218	0.03812	0.00599	0.00312	0.00750
47	0.01296	0.03342	0.73944	0.01842	0.02797	0.01501	0.02387	0.02046	0.01364	0.02046	0.01160	0.01364	0.00818	0.00614	0.00614	0.00205	0.00955	0.00477	0.00273	0.00955
48	0.01122	0.00561	0.00842	0.00842	0.00842	0.00561	0.00561	0.00842	0.00842	0.01122	0.01122	0.01964	0.01122	0.02245	0.02525	0.81201	0.00561	0.00561	0.00281	0.00281
49	0.01380	0.17809	0.60214	0.01698	0.02575	0.01706	0.02138	0.02025	0.01354	0.01944	0.01109	0.01300	0.00821	0.00602	0.00575	0.00192	0.00904	0.00452	0.00274	0.00930
50	0.00923	0.00692	0.01038	0.01038	0.01154	0.00808	0.00808	0.01154	0.01038	0.01500	0.01731	0.02538	0.01615	0.04846	0.74732	0.01038	0.01731	0.00692	0.00346	0.00577
51	0.81856	0.01250	0.00950	0.00850	0.01250	0.01449	0.00700	0.01899	0.01100	0.02899	0.00900	0.01050	0.00700	0.00600	0.00400	0.00200	0.00500	0.00350	0.00400	0.00700
52	0.01727	0.77681	0.03386	0.01106	0.01658	0.02557	0.01106	0.01935	0.01313	0.01520	0.00898	0.01036	0.00829	0.00553	0.00415	0.00138	0.00691	0.00345	0.00276	0.00829
53	0.00923	0.00692	0.01038	0.01038	0.01154	0.00808	0.00808	0.01154	0.01038	0.01500	0.01731	0.02538	0.01615	0.04846	0.74732	0.01038	0.01731	0.00692	0.00346	0.00577
54	0.01296	0.03342	0.73944	0.01842	0.02797	0.01501	0.02387	0.02046	0.01364	0.02046	0.01160	0.01364	0.00818	0.00614	0.00614	0.00205	0.00955	0.00477	0.00273	0.00955
55	0.81856	0.01250	0.00950	0.00850	0.01250	0.01449	0.00700	0.01899	0.01100	0.02899	0.00900	0.01050	0.00700	0.00600	0.00400	0.00200	0.00500	0.00350	0.00400	0.00700
56	0.00856	0.00629	0.00873	0.05676	0.01225	0.00618	0.00748	0.01019	0.01282	0.01696	0.03386	0.60655	0.03966	0.01898	0.00825	0.00265	0.00442	0.12812	0.00579	0.00549
57	0.00808	0.00577	0.00772	0.00914	0.00962	0.00541	0.00627	0.00939	0.01275	0.01704	0.06293	0.69846	0.04312	0.01982	0.00826	0.00262	0.00385	0.05838	0.00604	0.00532
58	0.01607	0.01388	0.01461	0.01315	0.01680	0.01607	0.01023	0.03433	0.72094	0.02703	0.02630	0.02411	0.01972	0.00877	0.00657	0.00219	0.00511	0.00731	0.00657	0.01023
59	0.06157	0.04619	0.08722	0.08981	0.07606	0.01747	0.02876	0.11830	0.01477	0.06447	0.01160	0.01490	0.00938	0.00841	0.01189	0.00228	0.29929	0.00545	0.00378	0.02841
60	0.01358	0.09575	0.60312	0.01873	0.02761	0.01606	0.09657	0.02039	0.01377	0.02003	0.01153	0.01377	0.00837	0.00601	0.00613	0.00200	0.00947	0.00497	0.00279	0.00935
61	0.00764	0.00655	0.00655	0.00655	0.00873	0.00545	0.00491	0.00927	0.01473	0.01745	0.06546	0.06218	0.73000	0.01636	0.00764	0.00218	0.00327	0.01364	0.00600	0.00545
62	0.00907	0.00939	0.07756	0.05044	0.01297	0.00715	0.00797	0.01205	0.01612	0.02148	0.35523	0.04882	0.32101	0.01343	0.00742	0.00210	0.00407	0.01148	0.00601	0.00623
63	0.01649	0.04614	0.42481	0.01960	0.07825	0.01519	0.09817	0.06639	0.01552	0.11729	0.01376	0.01541	0.00976	0.00651	0.00675	0.00204	0.02901	0.00546	0.00377	0.00969
64	0.00829	0.00594	0.00780	0.00914	0.00964	0.00562	0.00616	0.02657	0.01282	0.01710	0.03511	0.74986	0.04194	0.01993	0.00820	0.00261	0.00383	0.01805	0.00601	0.00539
65	0.01220	0.01148	0.01938	0.75739	0.04450	0.01436	0.01794	0.01651	0.01292	0.01651	0.01148	0.01723	0.00861	0.00646	0.00646	0.00215	0.00861	0.00574	0.00287	0.00718
66	0.01558	0.01496	0.02537	0.10195	0.64377	0.01544	0.01944	0.01937	0.01436	0.02048	0.01195	0.01603	0.01002	0.00604	0.00699	0.00198	0.03752	0.00575	0.00315	0.00984
67	0.02383	0.01783	0.01968	0.01631	0.06275	0.01966	0.01268	0.65236	0.04700	0.03920	0.01559	0.01576	0.01117	0.00766	0.00646	0.00194	0.00709	0.00585	0.00627	0.01092
68	0.01231	0.01163	0.01940	0.71697	0.04300	0.01465	0.01774	0.01646	0.01275	0.01646	0.01132	0.01706	0.00861	0.00672	0.00726	0.00219	0.04969	0.00574	0.00287	0.00717
69	0.77548	0.01315	0.01000	0.00889	0.01290	0.03467	0.00729	0.03780	0.01172	0.02895	0.00920	0.01066	0.00714	0.00606	0.00411	0.00199	0.00524	0.00358	0.00405	0.00712
70	0.00787	0.00562	0.00750	0.00900	0.00937	0.00525	0.00600	0.00900	0.01237	0.01649	0.03561	0.76871	0.04274	0.02024	0.00825	0.00262	0.00375	0.01837	0.00600	0.00525
71	0.01727	0.77681	0.03386	0.01106	0.01658	0.02557	0.01106	0.01935	0.01313	0.01520	0.00898	0.01036	0.00829	0.00553	0.00415	0.00138	0.00691	0.00345	0.00276	0.00829
72	0.01485	0.01500	0.02861	0.08656	0.28101	0.01480	0.31740	0.01977	0.03620	0.02113	0.04675	0.01889	0.01290	0.00621	0.00690	0.00204	0.00861	0.00690	0.04655	0.00892
73	0.01555	0.20305	0.41979	0.01648	0.04275	0.05744	0.01836	0.03653	0.07729	0.03682	0.01263	0.01400	0.00954	0.00633	0.00572	0.00188	0.00846	0.00475	0.00333	0.00929
74	0.01218	0.01121	0.01865	0.65623	0.07330	0.01365	0.01692	0.01635	0.01336	0.01752	0.05672	0.01930	0.01219	0.00688	0.00648	0.00212	0.00807	0.00612	0.02554	0.00722
75	0.01374	0.01174	0.01384	0.01040	0.03205	0.00905	0.00805	0.03359	0.01385	0.02154	0.01160	0.01351	0.00962	0.00488	0.00486	0.00100	0.00491	0.00392	0.00388	0.77396
76	0.01122	0.00561	0.00842	0.00842	0.00842	0.00561	0.00561	0.00842	0.00842	0.01122	0.01122	0.01964	0.01122	0.02245	0.02525	0.81201	0.00561	0.00561	0.00281	0.00281
77	0.02153	0.02580	0.01695	0.01576	0.03419	0.56976	0.01162	0.06446	0.01858	0.01843	0.08035	0.06329	0.01570	0.00819	0.00620	0.00178	0.00997	0.00591	0.00404	0.00749
78	0.00764	0.00655	0.00655	0.00655	0.00873	0.00545	0.00491	0.00927	0.01473	0.01745	0.06546	0.06218	0.73000	0.01636	0.00764	0.00218	0.00327	0.01364	0.00600	0.00545
79	0.01122	0.00561	0.00842	0.00842	0.00842	0.00561	0.00561	0.00842	0.00842	0.01122	0.01122	0.01964	0.01122	0.02245	0.02525	0.81201	0.00561	0.00561	0.00281	0.00281
80	0.01269	0.01175	0.01938	0.72806	0.04354	0.01458	0.01772	0.04394	0.01361	0.01747	0.01164	0.01716	0.00871	0.00651	0.00646	0.00214	0.00855	0.00575	0.00301	0.00733
81	0.01727	0.77681	0.03386	0.01106	0.01658	0.02557	0.01106	0.01935	0.01313	0.01520	0.00898	0.01036	0.00829	0.00553	0.00415	0.00138	0.00691	0.00345	0.00276	0.00829
82	0.81856	0.01250	0.00950	0.00850	0.01250	0.01449	0.00700	0.01899	0.01100	0.02899	0.00900	0.01050	0.00700	0.00600	0.00400	0.00200	0.00500	0.00350	0.00400	0.00700
83	0.01204	0.00602	0.00602	0.00602	0.00753	0.00602	0.00452	0.01506	0.01355	0.02409	0.02108	0.02409	0.01656	0.00753	0.00452	0.00151	0.00301	0.00602	0.80879	0.00602
84	0.01296	0.03342	0.73944	0.01842	0.02797	0.01501	0.02387	0.02046	0.01364	0.02046	0.01160	0.01364	0.00818	0.00614	0.00614	0.00205	0.00955	0.00477	0.00273	0.00955
85	0.06864	0.02977	0.01782	0.01619	0.01956	0.70595	0.01218	0.02542	0.01790	0.01655	0.00993	0.01159	0.00825	0.00662	0.00572	0.00168	0.01128	0.00412	0.00337	0.00746
86	0.81856	0.01250	0.00950	0.00850	0.01250	0.01449	0.00700	0.01899	0.01100	0.02899	0.00900	0.01050	0.00700	0.00600	0.00400	0.00200	0.00500	0.00350	0.00400	0.00700
87	0.01296	0.03342	0.73944	0.01842	0.02797	0.01501	0.02387	0.02046	0.01364	0.02046	0.01160	0.01364	0.00818	0.00614	0.00614	0.00205	0.00955	0.00477	0.00273	0.00955
88	0.01947	0.01605	0.01650	0.01391	0.01810	0.04446	0.01106	0.28153	0.44248	0.03162	0.02175	0.02050	0.01611	0.00832	0.00651	0.00208	0.00608	0.00665	0.00641	0.01040
89	0.01829	0.01498	0.01586	0.01360	0.01765	0.01711	0.01076	0.21085	0.54082	0.03060	0.02349	0.02187	0.01745	0.00850	0.00655	0.00213	0.00563	0.00692	0.00655	0.01043
90	0.01476	0.06414	0.23592	0.02500	0.12036	0.01649	0.35823	0.02024	0.01439	0.02017	0.01212	0.01564	0.00926	0.00592	0.00738	0.00209	0.03951	0.00626	0.00306	0.00906
91	0.01473	0.02079	0.18885	0.02507	0.03209	0.01614	0.54374	0.02052	0.01477	0.02052	0.01264	0.01653	0.00942	0.00574	0.00765	0.00217	0.02968	0.00696	0.00314	0.00885
92	0.00842	0.00649	0.00715	0.00704	0.00853	0.00580	0.00494	0.00998	0.01424	0.01820	0.20842	0.05404	0.40036	0.20230	0.01386	0.00315	0.00396	0.01214	0.00574	0.00522
93	0.81856	0.01250	0.00950	0.00850	0.01250	0.01449	0.00700	0.01899	0.01100	0.02899	0.00900	0.01050	0.00700	0.00600	0.00400	0.00200	0.00500	0.00350	0.00400	0.00700
94	0.00891	0.00638	0.00865	0.01065	0.05274	0.00610	0.00683	0.01037	0.01255	0.01725	0.03207	0.58280	0.03729	0.06584	0.00945	0.00275	0.00421	0.05370	0.06588	0.00556
95	0.01220	0.01148	0.01938	0.75739	0.04450	0.01436	0.01794	0.01651	0.01292	0.01651	0.01148	0.01723	0.00861	0.00646	0.00646	0.00215	0.00861	0.00574	0.00287	0.00718
96	0.00811	0.00569	0.00750	0.00883	0.00932	0.00533	0.00595	0.00941	0.01275	0.01732	0.07390	0.69928	0.04273	0.01935	0.00807	0.00255	0.00368	0.01751	0.03739	0.00533
97	0.02456	0.01810	0.01939	0.01487	0.02004	0.02004	0.01228	0.71107	0.03038	0.04072	0.01551	0.01551	0.01099	0.00776	0.00646	0.00194	0.00711	0.00582	0.00646	0.01099
98	0.01220	0.01148	0.01938	0.75739	0.04450	0.01436	0.01794	0.01651	0.01292	0.01651	0.01148	0.01723	0.00861	0.00646	0.00646	0.00215	0.00861	0.00574	0.00287	0.00718
99	0.02018	0.00903	0.01203	0.00990	0.01328	0.00798	0.00783	0.02270	0.01778	0.42107	0.27752	0.03363	0.05089	0.05601	0.00851	0.00227	0.00461	0.00871	0.00738	0.00868
100	0.00766	0.00647	0.00662	0.00675	0.00878	0.00544	0.00500	0.00925	0.01453	0.01738	0.06300	0.12024	0.67352	0.01668	0.00769	0.00222	0.00331	0.01403	0.00600	0.00544
101	0.08705	0.01238	0.01658	0.01267	0.01771	0.01159	0.05385	0.11236	0.01917	0.55396	0.02225	0.02005	0.01432	0.00766	0.00638	0.00200	0.00600	0.00626	0.00721	0.01055
102	0.01220	0.01148	0.01938	0.75739	0.04450	0.01436	0.01794	0.01651	0.01292	0.01651	0.01148	0.01723	0.00861	0.00646	0.00646	0.00215	0.00861	0.00574	0.00287	0.00718
103	0.00785	0.00655	0.00684	0.00677	0.00886	0.00554	0.00507	0.00968	0.01522	0.01863	0.15794	0.06024	0.63678	0.01592	0.00763	0.00216	0.00324	0.01336	0.00616	0.00554
104	0.01506	0.01705	0.03694	0.07336	0.03445	0.01621	0.66548	0.02043	0.01510	0.02043	0.01297	0.01742	0.00973	0.00551	0.00755	0.00218	0.01075	0.00751	0.00324	0.00862
105	0.02356	0.02531	0.01961	0.01789	0.06305	0.50896	0.05653	0.04449	0.01805	0.12423	0.01273	0.01398	0.00975	0.00687	0.00648	0.00180	0.02937	0.00491	0.00408	0.00834
106	0.00913	0.00598	0.00791	0.00905	0.00977	0.00551	0.00617	0.01036	0.01283	0.05980	0.03617	0.69629	0.06795	0.01936	0.00812	0.00257	0.00384	0.01747	0.00612	0.00560
107	0.01420	0.01432	0.02082	0.01754	0.01790	0.01960	0.05307	0.01584	0.01020	0.01584	0.00874	0.01432	0.00856	0.01098	0.02044	0.00279	0.71907	0.00576	0.00285	0.00716
108	0.03554	0.05541	0.02104	0.53386	0.15276	0.01549	0.01723	0.05898	0.01422	0.01898	0.01163	0.01636	0.00896	0.00636	0.00625	0.00205	0.00818	0.00556	0.00316	0.00796
109	0.05905	0.03371	0.10120	0.02700	0.36584	0.01376	0.10402	0.01811	0.01457	0.02096	0.04739	0.02450	0.10293	0.00781	0.00663	0.00203	0.00733	0.03056	0.00379	0.00883
110	0.01610	0.01444	0.01997	0.01671	0.01771	0.01910	0.03291	0.08623	0.01261	0.06154	0.01033	0.01484	0.00922	0.01059	0.01847	0.00267	0.61952	0.00578	0.00351	0.00774
111	0.01403	0.01504	0.03124	0.02320	0.02818	0.01455	0.52912	0.01834	0.01435	0.01952	0.01611	0.09201	0.01453	0.00863	0.00932	0.03430	0.05711	0.04892	0.00364	0.00788
112	0.02126	0.04695	0.19565	0.05908	0.10896	0.03432	0.01534	0.13421	0.01822	0.27634	0.01705	0.01720	0.01167	0.00702	0.00628	0.00197	0.00741	0.00566	0.00527	0.01014
113	0.01560	0.04761	0.44930	0.02113	0.10536	0.04201	0.11859	0.02159	0.01458	0.08488	0.01299	0.01503	0.00935	0.00617	0.00634	0.00201	0.00917	0.00538	0.00336	0.00953
114	0.67526	0.01522	0.01138	0.01081	0.04011	0.11938	0.00826	0.02000	0.01218	0.02681	0.00926	0.01086	0.00731	0.00608	0.00435	0.00195	0.00605	0.00368	0.00387	0.00719
115	0.01097	0.01085	0.05975	0.20668	0.06576	0.00981	0.05298	0.01412	0.01445	0.04313	0.07557	0.06728	0.32032	0.01151	0.00714	0.00215	0.00587	0.01000	0.00477	0.00687
116	0.02125	0.01226	0.03057	0.01113	0.01631	0.01044	0.00925	0.08359	0.05673	0.33556	0.01913	0.01833	0.01329	0.00680	0.00580	0.00161	0.00535	0.00546	0.03567	0.30149
117	0.02454	0.01736	0.01879	0.01444	0.01951	0.01903	0.01192	0.65130	0.02922	0.08432	0.01628	0.01613	0.01144	0.00777	0.00642	0.00193	0.00691	0.00587	0.02597	0.01087
118	0.01727	0.77681	0.03386	0.01106	0.01658	0.02557	0.01106	0.01935	0.01313	0.01520	0.00898	0.01036	0.00829	0.00553	0.00415	0.00138	0.00691	0.00345	0.00276	0.00829
119	0.00764	0.00655	0.00655	0.00655	0.00873	0.00545	0.00491	0.00927	0.01473	0.01745	0.06546	0.06218	0.73000	0.01636	0.00764	0.00218	0.00327	0.01364	0.00600	0.00545
120	0.00947	0.00677	0.00933	0.01082	0.01190	0.00663	0.00878	0.01176	0.01395	0.01828	0.03473	0.33049	0.03924	0.01874	0.00867	0.00284	0.00513	0.44080	0.00597	0.00569
121	0.00903	0.00652	0.00853	0.00821	0.00963	0.00602	0.00609	0.01191	0.01776	0.02507	0.66702	0.11286	0.05933	0.01384	0.00768	0.00209	0.00311	0.01228	0.00701	0.00602
122	0.00938	0.00628	0.00714	0.00711	0.00719	0.00625	0.00404	0.00955	0.00989	0.01328	0.06007	0.04262	0.02559	0.73036	0.03147	0.00603	0.00608	0.00952	0.00409	0.00404
123	0.02899	0.01100	0.01499	0.01150	0.01649	0.00950	0.00950	0.03149	0.01849	0.73709	0.02549	0.02199	0.01599	0.00800	0.00650	0.00200	0.00550	0.00650	0.00800	0.01100
124	0.01414	0.01414	0.01979	0.01696	0.01696	0.01979	0.01414	0.01555	0.00990	0.01555	0.00848	0.01414	0.00848	0.01131	0.02120	0.00283	0.76110	0.00565	0.00283	0.00707
125	0.81856	0.01250	0.00950	0.00850	0.01250	0.01449	0.00700	0.01899	0.01100	0.02899	0.00900	0.01050	0.00700	0.00600	0.00400	0.00200	0.00500	0.00350	0.00400	0.00700
126	0.01414	0.01414	0.01979	0.01696	0.01696	0.01979	0.01414	0.01555	0.00990	0.01555	0.00848	0.01414	0.00848	0.01131	0.02120	0.00283	0.76110	0.00565	0.00283	0.00707
127	0.02544	0.01163	0.01486	0.01176	0.01622	0.01091	0.00955	0.15389	0.02009	0.51404	0.05055	0.09274	0.01927	0.00931	0.00670	0.00205	0.00554	0.00769	0.00749	0.01027
128	0.00786	0.00568	0.00744	0.00884	0.00933	0.00526	0.00593	0.00901	0.01252	0.01655	0.03750	0.72407	0.08616	0.02000	0.00821	0.00260	0.00372	0.01807	0.00600	0.00526
129	0.01220	0.01148	0.01938	0.75739	0.04450	0.01436	0.01794	0.01651	0.01292	0.01651	0.01148	0.01723	0.00861	0.00646	0.00646	0.00215	0.00861	0.00574	0.00287	0.00718
130	0.00923	0.00692	0.01038	0.01038	0.01154	0.00808	0.00808	0.01154	0.01038	0.01500	0.01731	0.02538	0.01615	0.04846	0.74732	0.01038	0.01731	0.00692	0.00346	0.00577
131	0.00926	0.00622	0.00716	0.00730	0.00736	0.00621	0.00419	0.00941	0.00968	0.01294	0.02166	0.10704	0.02505	0.68939	0.04650	0.00603	0.00628	0.01015	0.00409	0.00408
132	0.02832	0.01207	0.01566	0.01201	0.01703	0.01109	0.00992	0.13426	0.02029	0.63179	0.02398	0.02101	0.01524	0.00796	0.00649	0.00199	0.00574	0.00639	0.00777	0.01099
133	0.21675	0.01155	0.01381	0.01088	0.01564	0.01098	0.00898	0.04733	0.01704	0.54931	0.02129	0.01908	0.01371	0.00751	0.00590	0.00200	0.00542	0.00577	0.00700	0.01004
134	0.00790	0.00583	0.00740	0.00854	0.00928	0.00533	0.00582	0.00922	0.01310	0.01718	0.07945	0.61048	0.15841	0.01920	0.00811	0.00252	0.00363	0.01720	0.00606	0.00533
135	0.01122	0.00561	0.00842	0.00842	0.00842	0.00561	0.00561	0.00842	0.00842	0.01122	0.01122	0.01964	0.01122	0.02245	0.02525	0.81201	0.00561	0.00561	0.00281	0.00281
136	0.01011	0.00720	0.00833	0.00845	0.00923	0.00726	0.00566	0.03705	0.05145	0.01605	0.02748	0.14133	0.07989	0.45996	0.02257	0.00472	0.00564	0.08777	0.00482	0.00505
137	0.24916	0.01336	0.01942	0.10157	0.31020	0.01422	0.05963	0.01894	0.03002	0.02285	0.01393	0.02094	0.01222	0.00726	0.00606	0.00210	0.00696	0.07897	0.00378	0.00841

[dist]
# distance from previous block
# <min> <max>
0	1

[block]
# block no. 2 follows, 34 sequences, length 11
# corresponding to MSA columns:
# 195-205
name=unknown_C
#
# <colnr> <probs for GDERKNQSTAVLIFYWHMCP>
#	G	D	E	R	K	N	Q	S	T	A	V	L	I	F	Y	W	H	M	C	P
0	0.01094	0.00895	0.01096	0.01182	0.04607	0.03704	0.00833	0.04594	0.01395	0.01873	0.02845	0.45511	0.03234	0.01595	0.00820	0.00238	0.03549	0.10507	0.00540	0.09888
1	0.69046	0.01224	0.00999	0.00877	0.01271	0.01393	0.00720	0.04971	0.01240	0.06558	0.01092	0.01220	0.00826	0.00628	0.00427	0.00196	0.00499	0.00392	0.05693	0.00731
2	0.04705	0.01073	0.10143	0.01006	0.01304	0.00795	0.02697	0.01446	0.01646	0.07008	0.41662	0.09880	0.11650	0.01235	0.00725	0.00210	0.00440	0.01074	0.00617	0.00682
3	0.01302	0.02991	0.61447	0.01817	0.02683	0.01468	0.07096	0.02066	0.05154	0.02068	0.01516	0.01688	0.04477	0.00674	0.00634	0.00207	0.00910	0.00555	0.00313	0.00932
4	0.01720	0.01674	0.12298	0.02779	0.35928	0.01375	0.11585	0.02149	0.01556	0.14466	0.06731	0.01928	0.01462	0.00670	0.00664	0.00200	0.00768	0.00645	0.00426	0.00975
5	0.01687	0.09236	0.06446	0.02236	0.26590	0.05060	0.05320	0.03564	0.04156	0.08904	0.05571	0.01746	0.01358	0.00642	0.00600	0.00173	0.00699	0.00563	0.00413	0.15036
6	0.01132	0.00688	0.00775	0.00765	0.00931	0.00707	0.00587	0.01529	0.06628	0.02275	0.10617	0.03144	0.06404	0.01451	0.10089	0.00286	0.00516	0.03790	0.47056	0.00627
7	0.01592	0.20799	0.33791	0.01464	0.02163	0.08612	0.01620	0.04141	0.01465	0.04593	0.01296	0.01438	0.02929	0.00628	0.00552	0.00171	0.00810	0.00462	0.00334	0.11141
8	0.10416	0.13360	0.05071	0.01342	0.05161	0.05357	0.01083	0.06426	0.24610	0.03795	0.01614	0.01646	0.01253	0.00678	0.00551	0.00175	0.00610	0.00519	0.00471	0.15860
9	0.08897	0.05187	0.19826	0.01622	0.08786	0.01371	0.05368	0.10836	0.02894	0.09111	0.05886	0.06562	0.04348	0.00815	0.00623	0.00199	0.00680	0.00680	0.03421	0.02889
10	0.01417	0.09702	0.18058	0.01353	0.03530	0.01247	0.05469	0.01734	0.03907	0.08183	0.01750	0.02288	0.05411	0.12971	0.01372	0.11603	0.04445	0.00644	0.00384	0.04534

[dist]
# distance from previous block
# <min> <max>
8	12

[block]
# block no. 3 follows, 34 sequences, length 51
# corresponding to MSA columns:
# 218-268
name=unknown_D
#
# <colnr> <probs for GDERKNQSTAVLIFYWHMCP>
#	G	D	E	R	K	N	Q	S	T	A	V	L	I	F	Y	W	H	M	C	P
0	0.01649	0.27002	0.26924	0.01558	0.05960	0.06476	0.01564	0.06936	0.01511	0.03630	0.01125	0.01287	0.00888	0.00595	0.00535	0.00166	0.00788	0.00436	0.00332	0.10639
1	0.06769	0.03000	0.01447	0.01236	0.01590	0.01518	0.00972	0.14612	0.42631	0.02832	0.08091	0.08349	0.02236	0.00963	0.00656	0.00214	0.00521	0.00797	0.00630	0.00937
2	0.00892	0.00655	0.00835	0.00801	0.00954	0.00598	0.00597	0.01171	0.01759	0.02450	0.62129	0.08880	0.13084	0.01392	0.00766	0.00208	0.00311	0.01225	0.00693	0.00598
3	0.01394	0.01147	0.01345	0.00964	0.01535	0.00864	0.00772	0.01680	0.01358	0.04606	0.01197	0.01370	0.00979	0.00490	0.00484	0.00099	0.00481	0.00392	0.00397	0.78443
4	0.01416	0.10027	0.01695	0.01271	0.01542	0.08898	0.07300	0.06555	0.01370	0.04647	0.01606	0.03869	0.01468	0.09101	0.35620	0.00621	0.01248	0.00666	0.00384	0.00693
5	0.00909	0.00689	0.00842	0.00798	0.00974	0.00636	0.00600	0.01245	0.04589	0.02410	0.55486	0.05035	0.20641	0.01372	0.00758	0.00207	0.00318	0.01194	0.00685	0.00612
6	0.03547	0.01635	0.07858	0.05651	0.17027	0.06106	0.07135	0.03638	0.11529	0.09277	0.03306	0.01766	0.01275	0.00707	0.00745	0.00195	0.06805	0.00588	0.00435	0.10774
7	0.00832	0.00604	0.00795	0.00931	0.01006	0.00567	0.00672	0.00984	0.01305	0.01711	0.03807	0.57526	0.10435	0.01945	0.00832	0.00265	0.00411	0.14234	0.00599	0.00540
8	0.01585	0.18036	0.27220	0.02033	0.17001	0.07391	0.01730	0.02275	0.12807	0.02021	0.01342	0.01498	0.01050	0.00640	0.00583	0.00188	0.00806	0.00507	0.00350	0.00938
9	0.01731	0.01572	0.02238	0.04395	0.35191	0.03237	0.05910	0.12504	0.21543	0.02539	0.01661	0.01822	0.01290	0.00691	0.00652	0.00201	0.00718	0.00628	0.00462	0.01012
10	0.00928	0.00674	0.00943	0.00943	0.01026	0.00756	0.00689	0.01093	0.01010	0.01430	0.01818	0.03019	0.01824	0.25465	0.54398	0.00921	0.01416	0.00763	0.00359	0.00524
11	0.01473	0.01370	0.01931	0.46033	0.11979	0.06625	0.01620	0.10121	0.01540	0.01981	0.01248	0.01722	0.00977	0.01039	0.07420	0.00282	0.00933	0.00575	0.00343	0.00790
12	0.01140	0.01014	0.01454	0.01331	0.01391	0.01328	0.01074	0.01326	0.01024	0.01531	0.01404	0.05031	0.01375	0.03046	0.38801	0.00664	0.35423	0.00681	0.00328	0.00634
13	0.00831	0.00594	0.00800	0.00950	0.01006	0.00563	0.00676	0.00975	0.01280	0.01698	0.03537	0.64889	0.04178	0.01983	0.00836	0.00268	0.00413	0.13387	0.00599	0.00537
14	0.01265	0.10618	0.01603	0.01164	0.01432	0.10268	0.06842	0.01515	0.01582	0.02002	0.27322	0.03641	0.19008	0.01132	0.00822	0.00203	0.07469	0.00927	0.00513	0.00671
15	0.01668	0.44799	0.09363	0.08318	0.08874	0.04053	0.01369	0.07484	0.01471	0.01843	0.01071	0.01300	0.00909	0.00796	0.04064	0.00205	0.00802	0.00438	0.00316	0.00857
16	0.02414	0.03079	0.01831	0.01665	0.01998	0.74698	0.01248	0.02580	0.01831	0.01581	0.00999	0.01165	0.00832	0.00666	0.00583	0.00166	0.01165	0.00416	0.00333	0.00749
17	0.01340	0.01148	0.01340	0.00957	0.01531	0.00861	0.00766	0.01627	0.01340	0.02105	0.01148	0.01340	0.00957	0.00479	0.00479	0.00096	0.00479	0.00383	0.00383	0.81242
18	0.02058	0.02349	0.01641	0.08252	0.02000	0.48590	0.01155	0.07621	0.01751	0.01832	0.01246	0.01605	0.01055	0.06033	0.02804	0.00227	0.01003	0.00504	0.07544	0.00731
19	0.00917	0.00619	0.00723	0.00745	0.00754	0.00618	0.00436	0.00941	0.00986	0.01319	0.02248	0.14756	0.02604	0.63793	0.05425	0.00588	0.00628	0.01062	0.00420	0.00417
20	0.00810	0.00579	0.00776	0.00926	0.00974	0.00545	0.00640	0.00940	0.01260	0.01675	0.03548	0.70503	0.04223	0.02002	0.00831	0.00266	0.00395	0.07975	0.00599	0.00531
21	0.00787	0.00562	0.00750	0.00900	0.00937	0.00525	0.00600	0.00900	0.01237	0.01649	0.03561	0.76871	0.04274	0.02024	0.00825	0.00262	0.00375	0.01837	0.00600	0.00525
22	0.01652	0.66530	0.02983	0.01033	0.01527	0.02274	0.01011	0.01873	0.01319	0.01649	0.01073	0.01235	0.00949	0.00582	0.00420	0.00140	0.00635	0.00383	0.11937	0.00796
23	0.02773	0.01104	0.01487	0.01134	0.01640	0.00943	0.00935	0.03026	0.01808	0.67932	0.02436	0.02130	0.01548	0.00774	0.00636	0.00192	0.00544	0.00628	0.00766	0.07565
24	0.81856	0.01250	0.00950	0.00850	0.01250	0.01449	0.00700	0.01899	0.01100	0.02899	0.00900	0.01050	0.00700	0.00600	0.00400	0.00200	0.00500	0.00350	0.00400	0.00700
25	0.81856	0.01250	0.00950	0.00850	0.01250	0.01449	0.00700	0.01899	0.01100	0.02899	0.00900	0.01050	0.00700	0.00600	0.00400	0.00200	0.00500	0.00350	0.00400	0.00700
26	0.00833	0.00664	0.00753	0.00768	0.00956	0.00584	0.00593	0.01041	0.01540	0.01944	0.19932	0.08988	0.47035	0.01606	0.00783	0.00227	0.00360	0.10207	0.00623	0.00565
27	0.73223	0.01198	0.00957	0.00855	0.01237	0.01368	0.00699	0.01878	0.01178	0.04761	0.06754	0.01385	0.01159	0.00663	0.00436	0.00200	0.00485	0.00424	0.00436	0.00703
28	0.01041	0.00689	0.00904	0.00834	0.01009	0.00631	0.00631	0.01343	0.01830	0.07142	0.68418	0.04658	0.05809	0.01288	0.00755	0.00203	0.00321	0.01135	0.00717	0.00641
29	0.00787	0.00562	0.00750	0.00900	0.00937	0.00525	0.00600	0.00900	0.01237	0.01649	0.03561	0.76871	0.04274	0.02024	0.00825	0.00262	0.00375	0.01837	0.00600	0.00525
30	0.13943	0.01729	0.01796	0.01395	0.01895	0.01924	0.01152	0.61095	0.02758	0.03902	0.01457	0.01479	0.01041	0.00750	0.00611	0.00195	0.00680	0.00548	0.00611	0.01041
31	0.00923	0.00692	0.01038	0.01038	0.01154	0.00808	0.00808	0.01154	0.01038	0.01500	0.01731	0.02538	0.01615	0.04846	0.74732	0.01038	0.01731	0.00692	0.00346	0.00577
32	0.02548	0.01632	0.08331	0.01368	0.01918	0.01485	0.01209	0.34337	0.02352	0.35089	0.01963	0.01824	0.01297	0.00772	0.00645	0.00198	0.00661	0.00603	0.00681	0.01086
33	0.01414	0.01414	0.01979	0.01696	0.01696	0.01979	0.01414	0.01555	0.00990	0.01555	0.00848	0.01414	0.00848	0.01131	0.02120	0.00283	0.76110	0.00565	0.00283	0.00707
34	0.07977	0.01513	0.01879	0.04852	0.08317	0.08737	0.01369	0.01698	0.01138	0.01717	0.00969	0.01462	0.00900	0.01211	0.06284	0.00302	0.48094	0.00543	0.00305	0.00731
35	0.02300	0.02573	0.01729	0.01521	0.01873	0.52559	0.01164	0.16292	0.02026	0.02167	0.01222	0.01369	0.00969	0.00697	0.00582	0.00170	0.00986	0.00468	0.08525	0.00805
36	0.00843	0.00635	0.00669	0.00685	0.00867	0.00555	0.00505	0.01030	0.01445	0.01883	0.09091	0.14172	0.49892	0.01529	0.00723	0.00212	0.00328	0.01292	0.13089	0.00555
37	0.01813	0.60419	0.07784	0.01199	0.01744	0.04420	0.01193	0.02056	0.01367	0.08164	0.01068	0.01184	0.00900	0.00607	0.00525	0.00155	0.03827	0.00393	0.00326	0.00855
38	0.01296	0.03342	0.73944	0.01842	0.02797	0.01501	0.02387	0.02046	0.01364	0.02046	0.01160	0.01364	0.00818	0.00614	0.00614	0.00205	0.00955	0.00477	0.00273	0.00955
39	0.01340	0.01148	0.01340	0.00957	0.01531	0.00861	0.00766	0.01627	0.01340	0.02105	0.01148	0.01340	0.00957	0.00479	0.00479	0.00096	0.00479	0.00383	0.00383	0.81242
40	0.02868	0.01150	0.01530	0.01173	0.01674	0.01024	0.00969	0.07941	0.01933	0.68799	0.02479	0.02154	0.01564	0.00798	0.00650	0.00200	0.00561	0.00645	0.00789	0.01100
41	0.00824	0.00589	0.00792	0.00942	0.00996	0.00557	0.00664	0.00964	0.01274	0.01691	0.03541	0.66730	0.04193	0.01989	0.00835	0.00268	0.00407	0.11612	0.00599	0.00535
42	0.02228	0.08530	0.17181	0.01268	0.01835	0.01203	0.01244	0.02633	0.03771	0.43122	0.08542	0.02160	0.01784	0.00787	0.00631	0.00196	0.00626	0.00635	0.00626	0.00997
