[name]
unknown

[dist]
# distance from previous block
# <min> <max>
0	5

[block]
# block no. 0 follows, 32 sequences, length 17
# corresponding to MSA columns:
# 5-21
name=unknown_A
#
# <colnr> <probs for GDERKNQSTAVLIFYWHMCP>
#	G	D	E	R	K	N	Q	S	T	A	V	L	I	F	Y	W	H	M	C	P
0	0.01227	0.00900	0.01159	0.01230	0.01432	0.00924	0.01050	0.08073	0.05215	0.02240	0.03505	0.09431	0.07204	0.01706	0.00880	0.00289	0.00601	0.51622	0.00627	0.00685
1	0.02398	0.09621	0.05118	0.01445	0.02001	0.01916	0.01250	0.46653	0.04632	0.12216	0.01665	0.01646	0.01183	0.00766	0.00637	0.00193	0.00709	0.00578	0.00622	0.04750
2	0.01321	0.00955	0.01179	0.01115	0.01257	0.01059	0.00819	0.05328	0.11575	0.06946	0.02511	0.24650	0.02603	0.19239	0.06760	0.00406	0.09934	0.01113	0.00539	0.00691
3	0.06363	0.01237	0.01437	0.08107	0.01783	0.04680	0.01042	0.10870	0.08915	0.10022	0.18858	0.09775	0.02850	0.01115	0.00852	0.00227	0.07563	0.02884	0.00598	0.00821
4	0.05351	0.15314	0.47617	0.01633	0.02449	0.01684	0.01957	0.04518	0.01510	0.07701	0.03481	0.01531	0.01091	0.00670	0.00601	0.00200	0.00861	0.00507	0.00361	0.00963
5	0.01543	0.01654	0.05069	0.24726	0.03638	0.01676	0.38599	0.06820	0.01587	0.02135	0.01296	0.01760	0.00977	0.00649	0.00816	0.00227	0.04916	0.00699	0.00346	0.00866
6	0.00852	0.00676	0.00759	0.00807	0.00977	0.00599	0.00606	0.01022	0.01455	0.01791	0.05498	0.18017	0.46170	0.06699	0.00996	0.00274	0.00409	0.11226	0.00608	0.00560
7	0.01864	0.47475	0.16330	0.01385	0.02020	0.06157	0.01427	0.12535	0.01678	0.02093	0.01094	0.01230	0.00902	0.00628	0.00516	0.00167	0.00799	0.00426	0.00349	0.00924
8	0.11672	0.08453	0.06269	0.01764	0.02251	0.01707	0.21215	0.10611	0.06448	0.07146	0.01587	0.06934	0.01317	0.00823	0.00828	0.00222	0.08695	0.00707	0.00454	0.00896
9	0.00933	0.00644	0.00755	0.00784	0.00814	0.00635	0.00477	0.00979	0.01078	0.01427	0.02723	0.17669	0.07719	0.53515	0.06551	0.00574	0.00642	0.01165	0.00459	0.00454
10	0.01946	0.01128	0.06351	0.01092	0.01487	0.00903	0.00938	0.04526	0.01899	0.33966	0.30445	0.03490	0.06777	0.01074	0.00724	0.00210	0.00494	0.00910	0.00740	0.00900
11	0.02043	0.08920	0.12461	0.01555	0.04381	0.01800	0.01370	0.31395	0.13686	0.07717	0.01866	0.06612	0.01470	0.00856	0.00658	0.00207	0.00708	0.00681	0.00576	0.01038
12	0.01424	0.01386	0.02142	0.46870	0.23385	0.05513	0.01822	0.01825	0.01423	0.01845	0.01335	0.05616	0.01126	0.00727	0.00675	0.00216	0.00858	0.00656	0.00327	0.00826
13	0.00919	0.00645	0.00747	0.00794	0.00868	0.00612	0.00523	0.01017	0.01222	0.01613	0.03566	0.22791	0.17407	0.34195	0.01938	0.00423	0.00501	0.05017	0.04704	0.00498
14	0.10862	0.07574	0.02089	0.10700	0.16753	0.19146	0.01424	0.13278	0.07667	0.02430	0.01319	0.01523	0.01038	0.00690	0.00608	0.00195	0.00839	0.00528	0.00422	0.00916
15	0.05204	0.32216	0.16706	0.03156	0.02163	0.15759	0.04433	0.04664	0.03541	0.04779	0.01175	0.01326	0.00937	0.00641	0.00551	0.00178	0.00869	0.00457	0.00352	0.00892
16	0.04267	0.14288	0.33311	0.01598	0.02332	0.01648	0.04929	0.06225	0.05148	0.17625	0.01575	0.01627	0.01110	0.00689	0.00618	0.00201	0.00811	0.00543	0.00452	0.01004

[dist]
# distance from previous block
# <min> <max>
0	1

[block]
# block no. 1 follows, 32 sequences, length 20
# corresponding to MSA columns:
# 23-42
name=unknown_B
#
# <colnr> <probs for GDERKNQSTAVLIFYWHMCP>
#	G	D	E	R	K	N	Q	S	T	A	V	L	I	F	Y	W	H	M	C	P
0	0.04482	0.15686	0.09377	0.01389	0.03825	0.01496	0.03780	0.05662	0.09191	0.23494	0.05083	0.07050	0.01745	0.00845	0.00632	0.00199	0.00645	0.00693	0.00566	0.04161
1	0.04927	0.21205	0.04389	0.01407	0.01900	0.12880	0.01207	0.21366	0.16611	0.05397	0.01590	0.01603	0.01215	0.00740	0.00592	0.00189	0.00754	0.00539	0.00511	0.00979
2	0.01005	0.00713	0.00872	0.00925	0.01032	0.00693	0.00649	0.06130	0.01480	0.02001	0.09886	0.44551	0.09056	0.10151	0.01102	0.00296	0.00439	0.03978	0.04451	0.00590
3	0.01895	0.01611	0.08775	0.01881	0.02413	0.01411	0.26271	0.07796	0.01779	0.19766	0.10256	0.02395	0.01883	0.00831	0.00840	0.00223	0.05940	0.02559	0.00535	0.00938
4	0.01957	0.14675	0.08863	0.01631	0.04231	0.05259	0.08998	0.17533	0.12801	0.09104	0.06860	0.01959	0.01610	0.00772	0.00648	0.00199	0.00748	0.00640	0.00528	0.00983
5	0.01544	0.01476	0.02294	0.35196	0.31076	0.04140	0.01864	0.05174	0.01500	0.02016	0.01212	0.01685	0.00971	0.00686	0.00779	0.00216	0.06357	0.00591	0.00331	0.00891
6	0.01136	0.00981	0.01427	0.01323	0.01403	0.01206	0.03632	0.01326	0.01151	0.01687	0.01992	0.21943	0.02120	0.02529	0.22965	0.00512	0.26861	0.00992	0.04170	0.00644
7	0.02505	0.01687	0.01820	0.01453	0.01931	0.09915	0.03668	0.27836	0.09384	0.26501	0.02079	0.04850	0.01502	0.00854	0.00678	0.00207	0.00717	0.00682	0.00674	0.01059
8	0.04635	0.01213	0.03992	0.01126	0.01508	0.01169	0.00923	0.04632	0.26082	0.17454	0.09658	0.03510	0.19076	0.01100	0.00705	0.00219	0.00498	0.00910	0.00679	0.00909
9	0.00874	0.00655	0.00806	0.00873	0.00982	0.00609	0.00609	0.01097	0.03794	0.01948	0.17833	0.42832	0.17883	0.04818	0.00928	0.00265	0.00380	0.01596	0.00639	0.00579
10	0.02362	0.01739	0.01879	0.01478	0.01960	0.01914	0.01204	0.62485	0.02951	0.03955	0.01838	0.09699	0.01500	0.00946	0.00691	0.00209	0.00700	0.00746	0.00666	0.01076
11	0.05051	0.03370	0.69602	0.01865	0.02830	0.01556	0.02398	0.02118	0.01404	0.02166	0.01192	0.01401	0.00844	0.00637	0.00627	0.00212	0.00970	0.00490	0.00289	0.00979
12	0.00907	0.00666	0.00834	0.00923	0.01019	0.00627	0.00640	0.04223	0.01455	0.01924	0.09536	0.57688	0.13202	0.01929	0.00834	0.00258	0.00393	0.01726	0.00635	0.00583
13	0.01189	0.00779	0.01092	0.06941	0.01392	0.00827	0.05458	0.01501	0.01314	0.02126	0.01944	0.02487	0.01614	0.04089	0.20192	0.00428	0.00823	0.00670	0.44495	0.00641
14	0.01794	0.76823	0.03516	0.01148	0.01722	0.02655	0.01148	0.02009	0.01363	0.01579	0.00933	0.01076	0.00861	0.00574	0.00431	0.00144	0.00718	0.00359	0.00287	0.00861
15	0.00951	0.00685	0.00810	0.00797	0.00969	0.00610	0.00581	0.01159	0.01609	0.04792	0.29772	0.14911	0.31396	0.06750	0.00977	0.00256	0.00368	0.01349	0.00658	0.00599
16	0.00902	0.00681	0.00851	0.00943	0.01086	0.00630	0.00733	0.01111	0.01488	0.01907	0.09507	0.27425	0.25655	0.01845	0.00854	0.00265	0.00441	0.22466	0.00630	0.00581
17	0.01518	0.30113	0.45048	0.01669	0.02497	0.01963	0.04550	0.02084	0.01404	0.01927	0.01111	0.01308	0.00860	0.00612	0.00568	0.00188	0.00897	0.00457	0.00287	0.00941
18	0.12199	0.00992	0.01097	0.00987	0.01260	0.00982	0.00733	0.08162	0.04856	0.02312	0.08667	0.21511	0.02634	0.11739	0.03325	0.00293	0.00543	0.00988	0.00531	0.16191
19	0.03040	0.00782	0.01022	0.01222	0.08980	0.00726	0.00781	0.01231	0.01475	0.04660	0.10642	0.32329	0.25072	0.01645	0.00793	0.00241	0.00431	0.03675	0.00604	0.00648

[dist]
# distance from previous block
# <min> <max>
0	1

[block]
# block no. 2 follows, 32 sequences, length 127
# corresponding to MSA columns:
# 44-170
name=unknown_C
#
# <colnr> <probs for GDERKNQSTAVLIFYWHMCP>
#	G	D	E	R	K	N	Q	S	T	A	V	L	I	F	Y	W	H	M	C	P
0	0.02162	0.01714	0.01820	0.01470	0.01913	0.06056	0.02990	0.45591	0.11275	0.03527	0.06237	0.08413	0.01844	0.00954	0.00696	0.00210	0.00694	0.00770	0.00644	0.01020
1	0.04568	0.01587	0.01776	0.03755	0.01979	0.04092	0.03620	0.30343	0.04691	0.03053	0.01416	0.01536	0.01078	0.00660	0.00594	0.00162	0.00662	0.00518	0.00516	0.33395
2	0.08776	0.24268	0.25719	0.01381	0.02039	0.01742	0.01488	0.04213	0.03728	0.10700	0.03493	0.03557	0.01253	0.00710	0.00568	0.00188	0.00737	0.00532	0.00415	0.04493
3	0.01705	0.46484	0.26322	0.01449	0.02142	0.08183	0.01600	0.02103	0.01426	0.01764	0.01031	0.01200	0.00858	0.00605	0.00513	0.00169	0.00849	0.00410	0.00291	0.00897
4	0.00960	0.00714	0.01051	0.01051	0.01162	0.00824	0.00805	0.01181	0.01070	0.01538	0.01822	0.02773	0.01737	0.10586	0.68287	0.01045	0.01708	0.00739	0.00363	0.00584
5	0.01591	0.12451	0.35360	0.01965	0.02686	0.05270	0.17104	0.02137	0.01452	0.04720	0.01219	0.01488	0.00924	0.00675	0.00796	0.00212	0.08146	0.00556	0.00322	0.00926
6	0.06869	0.01432	0.07799	0.01395	0.01708	0.04453	0.06964	0.10392	0.04256	0.04272	0.04534	0.16448	0.02172	0.08646	0.05267	0.00325	0.08080	0.03727	0.00493	0.00765
7	0.00966	0.00647	0.00735	0.00744	0.00746	0.00644	0.00419	0.00973	0.00994	0.01326	0.02208	0.08648	0.02558	0.71999	0.03263	0.00628	0.00635	0.01031	0.00419	0.00415
8	0.00862	0.00618	0.00814	0.00955	0.01014	0.00583	0.00670	0.01001	0.01312	0.01734	0.03707	0.59664	0.06859	0.06348	0.01012	0.00298	0.00434	0.10959	0.00610	0.00548
9	0.01761	0.01932	0.08694	0.09013	0.34714	0.09285	0.08405	0.08594	0.04608	0.02285	0.01320	0.01642	0.01048	0.00665	0.00717	0.00207	0.03159	0.00597	0.00373	0.00982
10	0.02120	0.01483	0.01913	0.02187	0.24370	0.06805	0.01349	0.05516	0.13184	0.24230	0.08066	0.02247	0.01856	0.00804	0.00677	0.00206	0.00670	0.00689	0.00595	0.01032
11	0.01045	0.00769	0.00926	0.00916	0.01092	0.00748	0.00698	0.03221	0.06857	0.02345	0.31738	0.12148	0.15318	0.04768	0.00899	0.00249	0.00407	0.09626	0.05582	0.00647
12	0.00923	0.00691	0.00814	0.00829	0.01014	0.00614	0.00631	0.01140	0.01601	0.03816	0.22046	0.15099	0.37534	0.01666	0.00813	0.00237	0.00378	0.08897	0.00656	0.00600
13	0.05718	0.01222	0.01387	0.01013	0.01590	0.00981	0.00811	0.03215	0.03963	0.02297	0.01244	0.01420	0.01021	0.00525	0.00503	0.00112	0.00504	0.00413	0.00415	0.71644
14	0.01020	0.00711	0.00884	0.00888	0.01055	0.00646	0.00644	0.01275	0.03520	0.05983	0.25806	0.31837	0.17010	0.01634	0.00796	0.00233	0.00375	0.01441	0.00665	0.03578
15	0.00843	0.00611	0.00766	0.00869	0.00934	0.00567	0.00580	0.00963	0.01311	0.01728	0.07832	0.53412	0.13037	0.11821	0.01182	0.00313	0.00413	0.01681	0.00601	0.00535
16	0.00879	0.00651	0.00896	0.03222	0.03370	0.00621	0.00707	0.01046	0.01391	0.01883	0.14325	0.60170	0.04524	0.01896	0.00834	0.00259	0.00406	0.01717	0.00622	0.00581
17	0.04063	0.02439	0.21292	0.02366	0.18559	0.18059	0.09828	0.06286	0.01702	0.02222	0.05803	0.01708	0.01292	0.00690	0.00660	0.00201	0.00940	0.00589	0.00372	0.00927
18	0.01589	0.02071	0.14728	0.08614	0.03200	0.06654	0.40854	0.04396	0.04081	0.02149	0.01439	0.04434	0.01135	0.00672	0.00738	0.00221	0.01032	0.00735	0.00361	0.00897
19	0.00818	0.00584	0.00779	0.00934	0.00973	0.00545	0.00623	0.00934	0.01285	0.01713	0.03698	0.75981	0.04438	0.02102	0.00856	0.00273	0.00389	0.01908	0.00623	0.00545
20	0.01733	0.08212	0.16802	0.04855	0.24097	0.11282	0.16033	0.05201	0.01621	0.02125	0.01228	0.01539	0.00967	0.00621	0.00660	0.00200	0.00954	0.00577	0.00336	0.00956
21	0.01661	0.06584	0.22332	0.01841	0.09758	0.06277	0.05248	0.09937	0.11317	0.04542	0.08622	0.02222	0.05097	0.00814	0.00668	0.00206	0.00774	0.00679	0.00472	0.00949
22	0.01121	0.03168	0.01067	0.00945	0.01176	0.04055	0.00728	0.01640	0.12710	0.02380	0.36634	0.04790	0.22149	0.01346	0.00760	0.00217	0.00418	0.03335	0.00665	0.00696
23	0.04119	0.06672	0.01765	0.01307	0.04479	0.06529	0.03010	0.08446	0.03788	0.07165	0.01350	0.01486	0.01063	0.00591	0.00547	0.00140	0.00624	0.00465	0.00447	0.46006
24	0.00967	0.00750	0.00816	0.00774	0.01023	0.00650	0.00593	0.01229	0.03644	0.04001	0.14394	0.05605	0.49733	0.01504	0.00760	0.00216	0.00368	0.03681	0.03586	0.05703
25	0.02503	0.01894	0.01976	0.01534	0.02051	0.04702	0.01259	0.65644	0.03058	0.04065	0.01646	0.03590	0.01219	0.00836	0.00674	0.00202	0.00747	0.00633	0.00658	0.01112
26	0.00941	0.00644	0.00782	0.00838	0.00865	0.00636	0.00534	0.01005	0.01112	0.01481	0.02667	0.24236	0.03096	0.48101	0.03914	0.00526	0.00599	0.07071	0.00483	0.00467
27	0.02011	0.49496	0.05907	0.01366	0.01888	0.23833	0.01252	0.04245	0.01580	0.01700	0.00996	0.01147	0.00870	0.00619	0.00499	0.00157	0.00877	0.00394	0.00316	0.00850
28	0.09737	0.01466	0.07825	0.01637	0.11465	0.01327	0.01219	0.13819	0.07137	0.17928	0.11092	0.08369	0.02194	0.00939	0.00675	0.00213	0.00611	0.00784	0.00605	0.00955
29	0.19787	0.01460	0.03796	0.03967	0.01723	0.04527	0.01055	0.13061	0.15428	0.07035	0.02000	0.08217	0.03862	0.03074	0.02364	0.00253	0.06266	0.00721	0.00537	0.00865
30	0.02517	0.01863	0.01995	0.01537	0.02068	0.02065	0.01267	0.67430	0.05776	0.04174	0.01654	0.01645	0.01176	0.00810	0.00672	0.00202	0.00730	0.00610	0.00672	0.01138
31	0.01771	0.01273	0.01458	0.01226	0.03910	0.03917	0.00932	0.12709	0.04032	0.13359	0.02138	0.04234	0.07075	0.04085	0.07013	0.00263	0.00688	0.00666	0.00535	0.28716
32	0.01376	0.06068	0.61723	0.01944	0.02864	0.01588	0.08469	0.02099	0.01434	0.02102	0.01283	0.01636	0.00962	0.00667	0.00653	0.00214	0.00982	0.02670	0.00299	0.00967
33	0.01634	0.01775	0.02427	0.01977	0.02165	0.11789	0.15547	0.01871	0.01262	0.01729	0.01001	0.01503	0.00907	0.00983	0.01692	0.00263	0.49781	0.00608	0.00310	0.00775
34	0.01661	0.01594	0.02724	0.04119	0.72233	0.01594	0.02059	0.02059	0.01528	0.02192	0.01262	0.01661	0.01063	0.00598	0.00664	0.00199	0.00797	0.00598	0.00332	0.01063
35	0.00831	0.00596	0.00781	0.00912	0.00964	0.00555	0.00611	0.00957	0.01320	0.01762	0.07969	0.66366	0.06974	0.04803	0.00945	0.00281	0.00393	0.01812	0.00622	0.00546
36	0.01267	0.01193	0.02013	0.74806	0.04621	0.01491	0.01863	0.01714	0.01342	0.01714	0.01193	0.01789	0.00894	0.00671	0.00671	0.00224	0.00894	0.00596	0.00298	0.00745
37	0.02283	0.02750	0.01773	0.01607	0.01927	0.58600	0.01210	0.06614	0.01854	0.01779	0.01197	0.01518	0.01033	0.04336	0.08379	0.00289	0.01219	0.00496	0.00370	0.00766
38	0.02173	0.01603	0.01706	0.01379	0.01801	0.04071	0.01108	0.44503	0.08631	0.06863	0.06222	0.02463	0.01809	0.08431	0.00963	0.00253	0.00687	0.03695	0.00645	0.00994
39	0.01026	0.00787	0.00873	0.00868	0.01086	0.00745	0.00679	0.04361	0.05914	0.02150	0.11349	0.08609	0.38843	0.01540	0.00776	0.00233	0.00410	0.11506	0.07604	0.00641
40	0.00827	0.00588	0.00776	0.00923	0.00959	0.00551	0.00610	0.00937	0.01267	0.01689	0.03607	0.71843	0.04322	0.06398	0.01004	0.00294	0.00404	0.01854	0.00610	0.00537
41	0.01630	0.20903	0.36683	0.01770	0.06507	0.12052	0.01843	0.02175	0.03453	0.01972	0.04266	0.01508	0.01142	0.00667	0.00592	0.00190	0.00902	0.00499	0.00327	0.00920
42	0.00951	0.00680	0.00816	0.00817	0.00991	0.00603	0.00599	0.01163	0.01617	0.05263	0.28055	0.21785	0.30923	0.01642	0.00802	0.00231	0.00354	0.01427	0.00672	0.00610
43	0.00857	0.00612	0.00783	0.00899	0.00952	0.00576	0.00605	0.00974	0.01281	0.01696	0.05474	0.55217	0.08379	0.13641	0.01253	0.00329	0.00436	0.04914	0.00592	0.00531
44	0.02458	0.03139	0.05029	0.01727	0.02111	0.66699	0.01347	0.06277	0.01948	0.01803	0.01075	0.01241	0.00879	0.00695	0.00610	0.00176	0.01175	0.00444	0.00360	0.00807
45	0.01388	0.01322	0.02070	0.63692	0.10259	0.04102	0.01841	0.04038	0.01438	0.01836	0.01207	0.01751	0.00916	0.00670	0.00668	0.00219	0.00892	0.00591	0.00315	0.00787
46	0.01238	0.00678	0.00729	0.00721	0.00876	0.00694	0.00538	0.04002	0.01421	0.02396	0.02221	0.06912	0.01880	0.03719	0.07001	0.00262	0.00474	0.00721	0.62886	0.00630
47	0.01327	0.01138	0.01151	0.01043	0.01330	0.09654	0.00774	0.01527	0.01460	0.05077	0.06795	0.25477	0.05745	0.06425	0.00880	0.00226	0.00552	0.03848	0.00521	0.25051
48	0.01107	0.00808	0.01048	0.01126	0.01300	0.00800	0.00936	0.06077	0.01650	0.02158	0.09307	0.15881	0.11309	0.01757	0.00874	0.00280	0.00542	0.41766	0.00633	0.00641
49	0.06351	0.02989	0.01850	0.01663	0.02025	0.65175	0.01258	0.05150	0.01911	0.04140	0.01106	0.01254	0.00894	0.00697	0.00601	0.00177	0.01138	0.00443	0.00377	0.00801
50	0.01562	0.15431	0.22361	0.02085	0.02723	0.01893	0.27062	0.03736	0.01453	0.02012	0.01174	0.01516	0.00926	0.00687	0.00901	0.00218	0.12446	0.00598	0.00316	0.00900
51	0.01765	0.01327	0.01666	0.01813	0.16130	0.03400	0.01174	0.07403	0.22048	0.12566	0.10112	0.10224	0.02384	0.00983	0.00698	0.00213	0.00586	0.00852	0.00610	0.04047
52	0.01301	0.00889	0.01026	0.00971	0.01105	0.00918	0.00676	0.11960	0.04029	0.04283	0.02431	0.14455	0.02610	0.42047	0.02207	0.00466	0.00617	0.06880	0.00522	0.00608
53	0.01454	0.08360	0.58259	0.01931	0.02843	0.01672	0.08832	0.05158	0.01507	0.02183	0.01218	0.01440	0.00880	0.00634	0.00639	0.00209	0.00975	0.00520	0.00306	0.00981
54	0.01594	0.01342	0.03855	0.05680	0.01877	0.01117	0.00988	0.09800	0.04108	0.05836	0.01418	0.03028	0.01140	0.00612	0.00555	0.00136	0.00569	0.00494	0.00455	0.55397
55	0.01178	0.03502	0.01789	0.01477	0.01701	0.01160	0.14224	0.01444	0.01208	0.01690	0.01731	0.02783	0.01642	0.05999	0.37890	0.04277	0.08695	0.06580	0.00368	0.00661
56	0.02118	0.00946	0.01262	0.01050	0.01415	0.00832	0.00842	0.02383	0.01849	0.42636	0.22612	0.06393	0.08092	0.01130	0.00732	0.00216	0.00477	0.03324	0.00774	0.00916
57	0.06735	0.06154	0.05719	0.01163	0.01475	0.03457	0.03949	0.01562	0.03691	0.02088	0.12229	0.14513	0.08789	0.04169	0.00870	0.00240	0.03021	0.10782	0.00519	0.08876
58	0.03880	0.13781	0.18368	0.04649	0.04492	0.01620	0.05511	0.10309	0.06591	0.09770	0.04211	0.04438	0.01443	0.00926	0.03462	0.00232	0.00789	0.00628	0.00462	0.04439
59	0.01064	0.00923	0.00956	0.00929	0.01119	0.06930	0.00703	0.01363	0.03783	0.02240	0.36536	0.09144	0.22321	0.01588	0.03454	0.00253	0.00481	0.04933	0.00646	0.00634
60	0.01114	0.00705	0.00923	0.01000	0.01119	0.00671	0.00712	0.01365	0.05342	0.09203	0.06167	0.57457	0.04054	0.01860	0.00829	0.00263	0.00427	0.05492	0.00652	0.00644
61	0.01621	0.25917	0.32838	0.04039	0.04413	0.08005	0.07883	0.02170	0.03685	0.01927	0.01169	0.01381	0.00915	0.00625	0.00587	0.00189	0.00914	0.00488	0.00309	0.00922
62	0.03904	0.01000	0.01193	0.04440	0.04839	0.01038	0.00871	0.06791	0.13203	0.05410	0.17951	0.03899	0.13214	0.07008	0.00920	0.00250	0.00497	0.05056	0.07753	0.00763
63	0.00842	0.00611	0.00800	0.00936	0.01004	0.00569	0.00653	0.00986	0.01347	0.01777	0.06037	0.62011	0.10202	0.02024	0.00855	0.00270	0.00402	0.07493	0.00626	0.00556
64	0.00884	0.00647	0.00829	0.00953	0.01030	0.00619	0.00669	0.01088	0.04017	0.01774	0.03803	0.57251	0.09305	0.05615	0.00977	0.00289	0.00428	0.08641	0.00614	0.00568
65	0.06670	0.13472	0.10373	0.01950	0.15588	0.01744	0.04081	0.13862	0.10038	0.11278	0.03486	0.01772	0.01330	0.00721	0.00623	0.00199	0.00721	0.00589	0.00496	0.01009
66	0.01307	0.00891	0.01001	0.00903	0.01179	0.00841	0.00694	0.07214	0.07123	0.10810	0.15743	0.07251	0.37321	0.03651	0.00840	0.00234	0.00423	0.01179	0.00669	0.00727
67	0.00818	0.00584	0.00779	0.00934	0.00973	0.00545	0.00623	0.00934	0.01285	0.01713	0.03698	0.75981	0.04438	0.02102	0.00856	0.00273	0.00389	0.01908	0.00623	0.00545
68	0.01426	0.01291	0.01811	0.03666	0.06393	0.01112	0.09934	0.01901	0.07517	0.02199	0.01475	0.05201	0.01258	0.00632	0.00585	0.00146	0.00608	0.00573	0.00419	0.51852
69	0.01722	0.04872	0.17351	0.12447	0.24905	0.11082	0.03945	0.05260	0.02973	0.04831	0.01372	0.03786	0.01106	0.00696	0.00654	0.00204	0.00885	0.00597	0.00368	0.00946
70	0.01421	0.15735	0.61334	0.01785	0.02706	0.01742	0.02257	0.02106	0.01408	0.02034	0.01159	0.01360	0.00852	0.00627	0.00603	0.00201	0.00946	0.00473	0.00284	0.00970
71	0.02508	0.03150	0.01906	0.01722	0.02075	0.71103	0.01296	0.05143	0.01947	0.01737	0.01058	0.01225	0.00874	0.00696	0.00607	0.00174	0.01193	0.00438	0.00358	0.00791
72	0.01456	0.21430	0.55944	0.01725	0.02615	0.01827	0.02153	0.02097	0.01404	0.01991	0.01138	0.01333	0.00853	0.00622	0.00587	0.00196	0.00925	0.00462	0.00284	0.00960
73	0.01482	0.11430	0.59149	0.01889	0.05635	0.01656	0.02248	0.02160	0.01438	0.05168	0.01240	0.01427	0.00896	0.00637	0.00617	0.00204	0.00935	0.00493	0.00310	0.00987
74	0.02506	0.03198	0.01901	0.01729	0.02074	0.73725	0.01296	0.02679	0.01901	0.01642	0.01037	0.01210	0.00864	0.00691	0.00605	0.00173	0.01210	0.00432	0.00346	0.00778
75	0.81159	0.01298	0.00986	0.00882	0.01298	0.01505	0.00727	0.01972	0.01142	0.03010	0.00934	0.01090	0.00727	0.00623	0.00415	0.00208	0.00519	0.00363	0.00415	0.00727
76	0.00916	0.00685	0.00850	0.00809	0.00982	0.00619	0.00607	0.01201	0.01820	0.02502	0.57872	0.05323	0.20456	0.01442	0.00792	0.00214	0.00322	0.01257	0.00714	0.00619
77	0.00857	0.00645	0.00889	0.00969	0.01047	0.00599	0.03268	0.00987	0.01295	0.01707	0.03768	0.61372	0.10277	0.07653	0.01043	0.00295	0.00433	0.01749	0.00595	0.00550
78	0.01505	0.00747	0.00804	0.00738	0.00959	0.00732	0.00570	0.04812	0.01553	0.11144	0.02413	0.02601	0.04640	0.00827	0.00517	0.00168	0.00365	0.00664	0.63532	0.00709
79	0.01088	0.00795	0.01074	0.01206	0.01375	0.00797	0.01045	0.01455	0.04465	0.02029	0.03721	0.07286	0.08049	0.01804	0.00908	0.00300	0.00597	0.60751	0.00621	0.00633
80	0.01615	0.01548	0.02641	0.12286	0.64421	0.01582	0.02037	0.02019	0.01506	0.02137	0.01254	0.01676	0.01043	0.00606	0.00665	0.00202	0.00808	0.00598	0.00328	0.01026
81	0.00914	0.00716	0.00781	0.00754	0.00976	0.00627	0.00569	0.01176	0.03781	0.03836	0.22524	0.05876	0.51943	0.01573	0.00786	0.00222	0.00346	0.01327	0.00658	0.00613
82	0.00815	0.00596	0.00766	0.00903	0.00965	0.00548	0.00609	0.00938	0.01315	0.01725	0.04078	0.67470	0.12704	0.02053	0.00849	0.00267	0.00383	0.01847	0.00623	0.00548
83	0.01655	0.01429	0.01511	0.01347	0.01737	0.01631	0.01049	0.03474	0.67634	0.02777	0.02656	0.02449	0.01997	0.00890	0.00674	0.00221	0.00529	0.00741	0.00669	0.04927
84	0.14911	0.01383	0.01463	0.01203	0.01634	0.01478	0.00973	0.25571	0.12941	0.14252	0.04917	0.02601	0.11937	0.00947	0.00654	0.00212	0.00571	0.00740	0.00652	0.00960
85	0.00836	0.00594	0.00784	0.00921	0.00959	0.00564	0.00610	0.00946	0.01250	0.01671	0.03494	0.67160	0.04169	0.08915	0.03422	0.00332	0.00458	0.01785	0.00595	0.00534
86	0.00975	0.00654	0.00747	0.00747	0.00752	0.00659	0.00426	0.00986	0.00980	0.01312	0.02100	0.04314	0.02406	0.73283	0.06506	0.00669	0.00701	0.00964	0.00405	0.00415
87	0.01643	0.01577	0.02692	0.07224	0.69263	0.01590	0.02051	0.02044	0.01520	0.02171	0.01259	0.01666	0.01055	0.00601	0.00665	0.00200	0.00801	0.00598	0.00331	0.01049
88	0.02395	0.01591	0.01761	0.01391	0.01867	0.01714	0.01134	0.46578	0.08311	0.14927	0.02004	0.05460	0.01492	0.00880	0.00670	0.00205	0.00653	0.00693	0.05197	0.01077
89	0.00967	0.00687	0.00918	0.00918	0.00982	0.00751	0.00638	0.01095	0.01031	0.01439	0.01944	0.03450	0.02031	0.38155	0.41121	0.00880	0.01265	0.00838	0.00381	0.00510
90	0.01661	0.01594	0.02724	0.04119	0.72233	0.01594	0.02059	0.02059	0.01528	0.02192	0.01262	0.01661	0.01063	0.00598	0.00664	0.00199	0.00797	0.00598	0.00332	0.01063
91	0.12997	0.01745	0.02073	0.01631	0.02093	0.12331	0.15222	0.15721	0.05295	0.10344	0.07248	0.01902	0.01528	0.00772	0.00713	0.00206	0.03555	0.00642	0.00519	0.03462
92	0.01498	0.01035	0.01273	0.01093	0.01444	0.00958	0.02678	0.07247	0.08366	0.12163	0.06453	0.18303	0.13257	0.01223	0.00713	0.00208	0.00496	0.03609	0.00613	0.17371
93	0.00818	0.00584	0.00779	0.00934	0.00973	0.00545	0.00623	0.00934	0.01285	0.01713	0.03698	0.75981	0.04438	0.02102	0.00856	0.00273	0.00389	0.01908	0.00623	0.00545
94	0.07695	0.01817	0.09509	0.02435	0.03072	0.01577	0.52749	0.02045	0.01534	0.02216	0.04148	0.05165	0.01340	0.00676	0.00752	0.00225	0.01007	0.00799	0.00369	0.00872
95	0.01898	0.50070	0.13386	0.01364	0.01961	0.13422	0.01366	0.04179	0.01525	0.03948	0.01062	0.01200	0.00893	0.00616	0.00503	0.00162	0.00830	0.00407	0.00324	0.00884
96	0.01497	0.01700	0.10751	0.25782	0.39149	0.01564	0.05963	0.01965	0.01460	0.02033	0.01239	0.01681	0.00983	0.00623	0.00671	0.00210	0.00869	0.00597	0.00316	0.00947
97	0.00937	0.00676	0.00885	0.00853	0.01000	0.00625	0.00632	0.01234	0.01840	0.02596	0.65296	0.11865	0.06148	0.01442	0.00798	0.00217	0.00324	0.01280	0.00727	0.00625
98	0.03959	0.12227	0.38840	0.01635	0.02366	0.11018	0.01816	0.02380	0.10004	0.04711	0.01380	0.01502	0.01032	0.00671	0.00602	0.00196	0.00881	0.00502	0.00369	0.03909
99	0.04975	0.07460	0.16218	0.01912	0.07507	0.01784	0.12458	0.24673	0.06161	0.05110	0.01567	0.04387	0.01216	0.00750	0.00664	0.00208	0.00814	0.00645	0.00484	0.01005
100	0.00954	0.00641	0.00738	0.00759	0.00765	0.00636	0.00436	0.00970	0.01018	0.01357	0.02329	0.14100	0.02710	0.66340	0.03068	0.00599	0.00615	0.01102	0.00436	0.00425
101	0.00805	0.00680	0.00697	0.00692	0.00914	0.00572	0.00519	0.00986	0.01558	0.01881	0.11833	0.06346	0.66883	0.01674	0.00793	0.00225	0.00338	0.01400	0.00632	0.00572
102	0.01699	0.16870	0.08882	0.07730	0.11410	0.01761	0.19913	0.05972	0.03903	0.06792	0.05962	0.01852	0.01395	0.00692	0.00690	0.00203	0.02300	0.00644	0.00407	0.00924
103	0.00831	0.00686	0.00733	0.00736	0.00949	0.00588	0.00561	0.01029	0.01579	0.01939	0.15097	0.06337	0.59179	0.01666	0.00801	0.00230	0.00354	0.05489	0.00638	0.00578
104	0.00800	0.00680	0.00689	0.00687	0.00911	0.00569	0.00515	0.00977	0.01546	0.01852	0.09712	0.06393	0.69022	0.01685	0.00793	0.00226	0.00339	0.01407	0.00628	0.00569
105	0.01035	0.00853	0.00928	0.00947	0.01135	0.04234	0.00735	0.03754	0.01647	0.02091	0.17870	0.16215	0.29127	0.01644	0.00816	0.00244	0.00457	0.15018	0.00633	0.00618
106	0.08603	0.06447	0.12411	0.05952	0.10532	0.07890	0.32041	0.02120	0.01502	0.02112	0.01214	0.01572	0.00942	0.00619	0.00724	0.00212	0.03260	0.00621	0.00332	0.00892
107	0.00833	0.00670	0.00702	0.00708	0.00882	0.00583	0.00501	0.00975	0.01431	0.01748	0.08218	0.09412	0.53676	0.15208	0.01270	0.00305	0.00398	0.01353	0.00588	0.00539
108	0.00959	0.00719	0.01078	0.01078	0.01198	0.00839	0.00839	0.01198	0.01078	0.01558	0.01797	0.02636	0.01677	0.05032	0.73760	0.01078	0.01797	0.00719	0.00359	0.00599
109	0.01548	0.01930	0.16651	0.11994	0.47104	0.01580	0.05414	0.02036	0.01486	0.02120	0.01247	0.01635	0.00998	0.00613	0.00666	0.00206	0.00864	0.00587	0.00319	0.01003
110	0.02248	0.05656	0.05124	0.01687	0.02024	0.56815	0.01341	0.02446	0.01741	0.01663	0.01200	0.01408	0.03066	0.00775	0.00801	0.00190	0.10212	0.00482	0.00343	0.00779
111	0.01634	0.01149	0.01367	0.04284	0.01642	0.01215	0.00995	0.13614	0.18473	0.10184	0.20119	0.03869	0.06227	0.01167	0.00748	0.00229	0.00536	0.10990	0.00682	0.00874
112	0.01525	0.01226	0.01526	0.01116	0.01668	0.01005	0.02909	0.01817	0.01412	0.07474	0.01286	0.01477	0.01037	0.00571	0.00637	0.00125	0.05664	0.00443	0.00421	0.66661
113	0.04649	0.02852	0.42977	0.01754	0.02508	0.11353	0.04452	0.07182	0.04984	0.06505	0.03630	0.01624	0.01156	0.00702	0.00642	0.00207	0.00922	0.00547	0.00393	0.00961
114	0.01209	0.00844	0.01034	0.01056	0.01203	0.00846	0.00756	0.13941	0.01654	0.04357	0.03275	0.59796	0.03735	0.01820	0.00816	0.00257	0.00460	0.01626	0.00638	0.00675
115	0.00934	0.00689	0.00876	0.00839	0.01006	0.00630	0.00636	0.01231	0.01834	0.02542	0.60072	0.05320	0.15103	0.01437	0.00798	0.00217	0.00333	0.04163	0.00718	0.00623
116	0.01760	0.01719	0.07594	0.31390	0.14130	0.11648	0.01667	0.04244	0.03592	0.10676	0.01512	0.04490	0.01180	0.00744	0.00666	0.00211	0.00857	0.00629	0.00409	0.00882
117	0.01596	0.04619	0.11268	0.10525	0.20748	0.01645	0.25339	0.07955	0.01639	0.02250	0.01418	0.05286	0.01168	0.00690	0.00707	0.00214	0.00918	0.00708	0.00367	0.00940
118	0.01577	0.01746	0.17546	0.01383	0.01880	0.01406	0.01305	0.02797	0.37439	0.08474	0.07008	0.02866	0.07733	0.00963	0.00695	0.00224	0.00612	0.02774	0.00602	0.00973
119	0.00976	0.00651	0.00732	0.00732	0.00732	0.00651	0.00407	0.00976	0.00976	0.01301	0.02114	0.04391	0.02439	0.76419	0.03415	0.00651	0.00651	0.00976	0.00407	0.00407
120	0.01663	0.21549	0.14947	0.01542	0.02086	0.10567	0.08486	0.07056	0.04045	0.02019	0.01369	0.03769	0.01166	0.01287	0.10733	0.00306	0.00992	0.00568	0.00368	0.05483
121	0.06569	0.14610	0.33585	0.03806	0.02418	0.01803	0.04022	0.14882	0.04424	0.02497	0.01387	0.01714	0.01085	0.00721	0.00617	0.00205	0.00838	0.03462	0.00398	0.00958
122	0.01897	0.19842	0.20251	0.01476	0.02050	0.15817	0.01461	0.08253	0.03084	0.08574	0.06105	0.01717	0.01389	0.00934	0.04157	0.00230	0.00894	0.00542	0.00423	0.00904
123	0.10268	0.13263	0.14703	0.01402	0.04440	0.06089	0.01274	0.13075	0.03791	0.05019	0.02109	0.07121	0.09445	0.00888	0.00616	0.00198	0.00696	0.00692	0.00467	0.04446
124	0.04276	0.11350	0.18117	0.01749	0.08815	0.10457	0.01520	0.13335	0.04084	0.04991	0.05350	0.01886	0.04469	0.00800	0.00735	0.00202	0.05904	0.00596	0.00438	0.00925
125	0.11493	0.06746	0.14863	0.06497	0.02209	0.06755	0.04429	0.09097	0.14042	0.10431	0.03114	0.01769	0.01302	0.00732	0.00618	0.00203	0.00745	0.00576	0.00492	0.03889
126	0.09551	0.17723	0.15812	0.01485	0.03332	0.05223	0.04632	0.08018	0.03515	0.06539	0.01748	0.07437	0.04949	0.00864	0.00726	0.00206	0.06278	0.00658	0.00428	0.00873

[dist]
# distance from previous block
# <min> <max>
18	89

[block]
# block no. 3 follows, 32 sequences, length 324
# corresponding to MSA columns:
# 265-588
name=unknown_D
#
# <colnr> <probs for GDERKNQSTAVLIFYWHMCP>
#	G	D	E	R	K	N	Q	S	T	A	V	L	I	F	Y	W	H	M	C	P
0	0.02015	0.15352	0.11001	0.01635	0.03927	0.19038	0.05241	0.12790	0.03624	0.07248	0.01458	0.05625	0.01210	0.00782	0.00687	0.00193	0.04030	0.00592	0.00436	0.03116
1	0.06918	0.05105	0.07037	0.09038	0.04427	0.01527	0.01230	0.19062	0.10854	0.12055	0.05415	0.02121	0.01591	0.05978	0.00829	0.00233	0.00672	0.00645	0.00553	0.04710
2	0.08065	0.03288	0.01544	0.01253	0.01664	0.08117	0.00999	0.15870	0.18646	0.12361	0.12300	0.02424	0.03764	0.00888	0.00652	0.00200	0.00606	0.00706	0.00628	0.06025
3	0.04019	0.05756	0.01758	0.01426	0.04497	0.05882	0.01105	0.32519	0.13208	0.03125	0.05841	0.04852	0.09021	0.00947	0.00669	0.00203	0.00647	0.00752	0.00602	0.03170
4	0.08758	0.01772	0.07048	0.01723	0.11996	0.09805	0.01268	0.15955	0.05851	0.06620	0.03404	0.01826	0.03427	0.00842	0.02573	0.00207	0.00742	0.00574	0.00486	0.15121
5	0.08233	0.01797	0.04546	0.06786	0.41121	0.09561	0.04392	0.09182	0.01707	0.02396	0.03200	0.01657	0.01151	0.00657	0.00646	0.00200	0.00825	0.00583	0.00384	0.00976
6	0.10320	0.07253	0.04127	0.04807	0.11812	0.01564	0.01246	0.11152	0.03886	0.02359	0.04250	0.11333	0.04130	0.00993	0.00902	0.00220	0.13142	0.00762	0.00452	0.05291
7	0.01145	0.00756	0.00956	0.01004	0.01126	0.00734	0.00706	0.08044	0.01521	0.06671	0.05138	0.59468	0.03907	0.04276	0.00907	0.00272	0.00443	0.01647	0.00637	0.00642
8	0.01410	0.03803	0.04588	0.42906	0.25267	0.01542	0.04578	0.01846	0.01431	0.01921	0.03563	0.01823	0.01130	0.00663	0.00669	0.00213	0.00852	0.00614	0.00324	0.00858
9	0.02049	0.01644	0.02165	0.06060	0.11206	0.03983	0.08703	0.27073	0.04601	0.08754	0.01530	0.01685	0.01138	0.00718	0.00721	0.00194	0.03927	0.00598	0.00518	0.12733
10	0.02274	0.01600	0.01759	0.01408	0.01877	0.01747	0.01143	0.41252	0.19126	0.11727	0.07243	0.02156	0.01805	0.00876	0.00683	0.00209	0.00638	0.00695	0.00698	0.01084
11	0.01115	0.00829	0.01090	0.01205	0.01371	0.00852	0.01008	0.01598	0.10389	0.02064	0.03470	0.17549	0.03719	0.01772	0.00885	0.00293	0.00571	0.48931	0.00627	0.00663
12	0.01133	0.01109	0.08106	0.06608	0.01516	0.01047	0.00980	0.03277	0.01170	0.01654	0.01826	0.07548	0.01880	0.29455	0.17857	0.00574	0.09972	0.00835	0.02845	0.00607
13	0.02551	0.01879	0.02014	0.01544	0.02081	0.02081	0.01275	0.69996	0.03155	0.04229	0.01611	0.01611	0.01141	0.00805	0.00671	0.00201	0.00738	0.00604	0.00671	0.01141
14	0.00965	0.00646	0.00735	0.00745	0.00748	0.00644	0.00421	0.00973	0.00996	0.01328	0.02219	0.09109	0.02571	0.71521	0.03247	0.00626	0.00633	0.01037	0.00421	0.00416
15	0.01661	0.01594	0.02724	0.04119	0.72233	0.01594	0.02059	0.02059	0.01528	0.02192	0.01262	0.01661	0.01063	0.00598	0.00664	0.00199	0.00797	0.00598	0.00332	0.01063
16	0.01135	0.00908	0.01013	0.00952	0.01202	0.00904	0.00740	0.05924	0.14870	0.02414	0.23755	0.05081	0.30752	0.01413	0.00774	0.00227	0.00415	0.06131	0.00669	0.00719
17	0.00818	0.00584	0.00779	0.00934	0.00973	0.00545	0.00623	0.00934	0.01285	0.01713	0.03698	0.75981	0.04438	0.02102	0.00856	0.00273	0.00389	0.01908	0.00623	0.00545
18	0.02539	0.01617	0.01823	0.01409	0.01914	0.01715	0.01159	0.49153	0.02770	0.20238	0.07099	0.02023	0.01651	0.00854	0.00681	0.00204	0.00667	0.00666	0.00714	0.01103
19	0.01346	0.03471	0.72942	0.01912	0.02904	0.01558	0.02479	0.02125	0.01417	0.02125	0.01204	0.01417	0.00850	0.00637	0.00637	0.00212	0.00992	0.00496	0.00283	0.00992
20	0.01251	0.00625	0.00625	0.00625	0.00782	0.00625	0.00469	0.01563	0.01407	0.02502	0.02189	0.02502	0.01720	0.00782	0.00469	0.00156	0.00313	0.00625	0.80144	0.00625
21	0.01391	0.01193	0.01391	0.00994	0.01590	0.00894	0.00795	0.01690	0.01391	0.02186	0.01193	0.01391	0.00994	0.00497	0.00497	0.00099	0.00497	0.00398	0.00398	0.80521
22	0.00805	0.00680	0.00696	0.00692	0.00913	0.00571	0.00519	0.00986	0.01557	0.01878	0.11654	0.06350	0.67063	0.01675	0.00793	0.00225	0.00338	0.01401	0.00632	0.00571
23	0.07601	0.01431	0.01478	0.01329	0.01711	0.01657	0.01037	0.03447	0.65806	0.02822	0.02597	0.02398	0.01950	0.00889	0.00663	0.00226	0.00530	0.00729	0.00663	0.01037
24	0.01081	0.00772	0.01081	0.01236	0.01390	0.00772	0.01081	0.01390	0.01545	0.02008	0.03553	0.07569	0.03862	0.01854	0.00927	0.00309	0.00618	0.67717	0.00618	0.00618
25	0.00950	0.00686	0.00897	0.00844	0.01002	0.00633	0.00633	0.01266	0.01899	0.02691	0.71879	0.05012	0.06331	0.01372	0.00791	0.00211	0.00317	0.01213	0.00739	0.00633
26	0.01669	0.01441	0.01517	0.01365	0.01745	0.01669	0.01062	0.03565	0.71021	0.02807	0.02731	0.02503	0.02048	0.00910	0.00683	0.00228	0.00531	0.00759	0.00683	0.01062
27	0.00818	0.00584	0.00779	0.00934	0.00973	0.00545	0.00623	0.00934	0.01285	0.01713	0.03698	0.75981	0.04438	0.02102	0.00856	0.00273	0.00389	0.01908	0.00623	0.00545
28	0.00961	0.00710	0.01035	0.01035	0.01139	0.00815	0.00784	0.01170	0.01065	0.01525	0.01837	0.02857	0.01773	0.14020	0.64904	0.01024	0.01653	0.00751	0.00365	0.00575
29	0.02551	0.01879	0.02014	0.01544	0.02081	0.02081	0.01275	0.69996	0.03155	0.04229	0.01611	0.01611	0.01141	0.00805	0.00671	0.00201	0.00738	0.00604	0.00671	0.01141
30	0.02547	0.01978	0.02005	0.01558	0.02080	0.07427	0.01277	0.64973	0.03061	0.04036	0.01568	0.01581	0.01120	0.00797	0.00666	0.00199	0.00774	0.00591	0.00647	0.01114
31	0.00959	0.00716	0.01064	0.01064	0.01178	0.00831	0.00820	0.01189	0.01074	0.01547	0.01811	0.02711	0.01710	0.08073	0.70764	0.01060	0.01748	0.00730	0.00361	0.00591
32	0.01645	0.01578	0.02695	0.06926	0.69548	0.01590	0.02051	0.02046	0.01520	0.02173	0.01259	0.01666	0.01056	0.00601	0.00665	0.00200	0.00801	0.00598	0.00331	0.01050
33	0.01585	0.01777	0.03471	0.04796	0.03164	0.04326	0.52517	0.02055	0.01484	0.02018	0.01252	0.01724	0.00983	0.00687	0.01045	0.00237	0.14952	0.00735	0.00330	0.00864
34	0.00818	0.00584	0.00779	0.00934	0.00973	0.00545	0.00623	0.00934	0.01285	0.01713	0.03698	0.75981	0.04438	0.02102	0.00856	0.00273	0.00389	0.01908	0.00623	0.00545
35	0.01706	0.01528	0.01498	0.01338	0.01711	0.06967	0.01040	0.07746	0.54525	0.02720	0.02923	0.02730	0.08681	0.00963	0.00687	0.00222	0.00577	0.00788	0.00651	0.00998
36	0.15251	0.01447	0.01525	0.07238	0.01913	0.03483	0.01089	0.20327	0.23031	0.04902	0.02079	0.09215	0.01738	0.00951	0.00656	0.00222	0.00621	0.02791	0.00591	0.00932
37	0.01686	0.01358	0.01475	0.01305	0.01669	0.01528	0.01025	0.10428	0.50293	0.04796	0.12085	0.02890	0.02577	0.00987	0.00703	0.00224	0.00528	0.02749	0.00691	0.01001
38	0.02477	0.09150	0.02159	0.01505	0.02046	0.02137	0.01263	0.63400	0.02981	0.03972	0.01545	0.01559	0.01114	0.00783	0.00648	0.00196	0.00736	0.00580	0.00634	0.01114
39	0.00816	0.00588	0.00774	0.00922	0.00970	0.00546	0.00617	0.00936	0.01296	0.01718	0.03845	0.72680	0.07644	0.02083	0.00853	0.00270	0.00387	0.01884	0.00623	0.00546
40	0.01320	0.01311	0.06771	0.01142	0.01697	0.00935	0.04174	0.01643	0.01388	0.02117	0.01536	0.11374	0.01444	0.00725	0.00569	0.00137	0.00550	0.00625	0.00416	0.60126
41	0.01564	0.06213	0.25109	0.06196	0.02861	0.07039	0.24748	0.02250	0.08242	0.02108	0.01399	0.01681	0.01057	0.00665	0.00728	0.00213	0.03371	0.00622	0.03023	0.00912
42	0.00976	0.00651	0.00732	0.00732	0.00732	0.00651	0.00407	0.00976	0.00976	0.01301	0.02114	0.04391	0.02439	0.76419	0.03415	0.00651	0.00651	0.00976	0.00407	0.00407
43	0.01391	0.01038	0.01198	0.01166	0.01427	0.01105	0.00907	0.02326	0.31497	0.07525	0.03499	0.19700	0.10103	0.01408	0.00774	0.00250	0.00499	0.12699	0.00663	0.00827
44	0.01391	0.01193	0.01391	0.00994	0.01590	0.00894	0.00795	0.01690	0.01391	0.02186	0.01193	0.01391	0.00994	0.00497	0.00497	0.00099	0.00497	0.00398	0.00398	0.80521
45	0.00877	0.00647	0.00881	0.01004	0.01057	0.00652	0.00712	0.01020	0.01275	0.01717	0.03403	0.61357	0.04005	0.02298	0.07226	0.00346	0.03714	0.06659	0.00586	0.00563
46	0.00893	0.00684	0.00819	0.00785	0.00968	0.00609	0.00589	0.01157	0.01766	0.02374	0.48432	0.05533	0.29976	0.01490	0.00792	0.00217	0.00325	0.01286	0.00697	0.00609
47	0.00961	0.00726	0.00906	0.00996	0.01166	0.00683	0.00822	0.01197	0.01503	0.01892	0.04692	0.09299	0.29053	0.05345	0.00993	0.00293	0.00509	0.37769	0.00610	0.00586
48	0.01769	0.42515	0.18747	0.01623	0.07294	0.11269	0.01530	0.02184	0.04174	0.01803	0.01102	0.01269	0.00920	0.00618	0.00526	0.00170	0.00840	0.00432	0.00312	0.00903
49	0.00818	0.00584	0.00779	0.00934	0.00973	0.00545	0.00623	0.00934	0.01285	0.01713	0.03698	0.75981	0.04438	0.02102	0.00856	0.00273	0.00389	0.01908	0.00623	0.00545
50	0.00818	0.00584	0.00779	0.00934	0.00973	0.00545	0.00623	0.00934	0.01285	0.01713	0.03698	0.75981	0.04438	0.02102	0.00856	0.00273	0.00389	0.01908	0.00623	0.00545
51	0.01997	0.02160	0.01857	0.04523	0.12210	0.31368	0.01322	0.05395	0.24280	0.02207	0.01761	0.04916	0.01441	0.00813	0.00654	0.00202	0.00865	0.00638	0.00476	0.00915
52	0.00930	0.00706	0.00879	0.00979	0.01123	0.00668	0.00761	0.01191	0.03929	0.01880	0.04503	0.30248	0.23528	0.01860	0.00856	0.00270	0.00458	0.24013	0.00623	0.00594
53	0.01426	0.02909	0.49611	0.02222	0.03108	0.01605	0.25247	0.02133	0.01473	0.02133	0.01256	0.01550	0.00907	0.00613	0.00690	0.00217	0.01039	0.00596	0.00302	0.00962
54	0.01294	0.00767	0.00977	0.00877	0.01114	0.00685	0.00674	0.01574	0.01835	0.15219	0.47390	0.04783	0.17525	0.01334	0.00771	0.00213	0.00367	0.01153	0.00734	0.00713
55	0.09849	0.14357	0.23711	0.04150	0.19499	0.05444	0.01733	0.03781	0.01472	0.02167	0.01147	0.01390	0.00912	0.00613	0.00576	0.00186	0.00813	0.00479	0.00332	0.07387
56	0.01825	0.01840	0.10291	0.02518	0.07326	0.01547	0.46417	0.02346	0.01625	0.15020	0.01572	0.01848	0.01121	0.00623	0.00747	0.00220	0.00995	0.00729	0.00423	0.00966
57	0.01584	0.01810	0.03959	0.02828	0.03507	0.01697	0.69796	0.02149	0.01584	0.02149	0.01357	0.01810	0.01018	0.00566	0.00792	0.00226	0.01131	0.00792	0.00339	0.00905
58	0.01563	0.01576	0.02925	0.17460	0.40262	0.01602	0.20621	0.02017	0.01507	0.02088	0.01275	0.01727	0.01018	0.00603	0.00701	0.00211	0.00908	0.00651	0.00328	0.00958
59	0.01601	0.04420	0.12480	0.22257	0.18668	0.07115	0.04372	0.02069	0.03837	0.07232	0.03358	0.06733	0.01401	0.00777	0.00672	0.00212	0.00829	0.00683	0.00394	0.00890
60	0.02731	0.01250	0.01583	0.01250	0.01745	0.01190	0.01021	0.08107	0.14699	0.54955	0.02588	0.02276	0.01695	0.00843	0.00676	0.00211	0.00576	0.00685	0.00792	0.01127
61	0.01282	0.01213	0.02016	0.69355	0.04408	0.01533	0.01834	0.01707	0.01318	0.01707	0.01169	0.01765	0.00893	0.00708	0.00785	0.00229	0.06439	0.00596	0.00298	0.00745
62	0.01325	0.02906	0.55117	0.04509	0.02835	0.01471	0.09549	0.02012	0.01452	0.02119	0.04391	0.04450	0.01323	0.00751	0.00679	0.00219	0.00942	0.02686	0.00332	0.00931
63	0.01398	0.02627	0.44469	0.05187	0.07250	0.01469	0.13953	0.02026	0.01466	0.04042	0.01705	0.04484	0.05401	0.00746	0.00686	0.00217	0.00927	0.00669	0.00345	0.00933
64	0.02798	0.01088	0.01482	0.01169	0.01641	0.00943	0.00951	0.03043	0.01859	0.65811	0.02749	0.09434	0.01930	0.00954	0.00692	0.00214	0.00553	0.00794	0.00810	0.01084
65	0.01352	0.03428	0.71151	0.01936	0.02920	0.01562	0.04227	0.02126	0.01421	0.02126	0.01208	0.01427	0.00854	0.00636	0.00641	0.00213	0.00995	0.00504	0.00285	0.00989
66	0.02566	0.01417	0.01744	0.03703	0.04653	0.01435	0.01146	0.27992	0.04756	0.35862	0.02221	0.05986	0.01584	0.00879	0.00683	0.00210	0.00641	0.00713	0.00719	0.01091
67	0.01610	0.01619	0.04648	0.30695	0.17288	0.07008	0.13520	0.02024	0.01474	0.05905	0.01282	0.01715	0.00988	0.00687	0.00803	0.00220	0.06681	0.00619	0.00345	0.00868
68	0.81159	0.01298	0.00986	0.00882	0.01298	0.01505	0.00727	0.01972	0.01142	0.03010	0.00934	0.01090	0.00727	0.00623	0.00415	0.00208	0.00519	0.00363	0.00415	0.00727
69	0.05985	0.06804	0.36988	0.07148	0.19892	0.03997	0.02031	0.02044	0.01460	0.02144	0.04537	0.01628	0.01160	0.00662	0.00628	0.00204	0.00870	0.00544	0.00328	0.00946
70	0.01311	0.01242	0.02013	0.48540	0.15006	0.01487	0.01730	0.01692	0.01354	0.01790	0.01674	0.02153	0.07322	0.00807	0.00850	0.00228	0.09019	0.00669	0.00332	0.00780
71	0.00962	0.00635	0.00821	0.00860	0.00889	0.00644	0.00557	0.00986	0.01055	0.01426	0.02320	0.21821	0.02629	0.35026	0.13978	0.12630	0.00759	0.01110	0.00436	0.00455
72	0.01257	0.01072	0.01129	0.01046	0.01346	0.01139	0.00804	0.02327	0.37276	0.02400	0.10338	0.04300	0.30353	0.01265	0.00736	0.00226	0.00436	0.01061	0.00664	0.00827
73	0.19304	0.10203	0.01914	0.01351	0.01844	0.08277	0.01124	0.36542	0.04138	0.07079	0.01425	0.01464	0.01048	0.00735	0.00584	0.00195	0.00716	0.00518	0.00554	0.00987
74	0.00943	0.00694	0.00893	0.00904	0.01062	0.00644	0.00703	0.01223	0.01732	0.02360	0.44256	0.11012	0.14968	0.01567	0.00823	0.00237	0.00384	0.14289	0.00690	0.00614
