[name]
unknown

[dist]
# distance from previous block
# <min> <max>
7	28

[block]
# block no. 0 follows, 34 sequences, length 46
# corresponding to MSA columns:
# 29-74
name=unknown_A
#
# <colnr> <probs for GDERKNQSTAVLIFYWHMCP>
#	G	D	E	R	K	N	Q	S	T	A	V	L	I	F	Y	W	H	M	C	P
0	0.04995	0.00987	0.01391	0.08255	0.01717	0.00972	0.06875	0.01918	0.07995	0.17236	0.18930	0.09235	0.07746	0.05803	0.00858	0.00236	0.00536	0.00926	0.00593	0.02795
1	0.06130	0.01085	0.01545	0.16423	0.06450	0.01123	0.04990	0.06754	0.04299	0.12550	0.05770	0.17488	0.05148	0.01112	0.02215	0.00230	0.00627	0.00905	0.00517	0.04638
2	0.05245	0.01222	0.02079	0.03775	0.04579	0.01204	0.25786	0.04476	0.07979	0.02296	0.18860	0.08965	0.08706	0.00986	0.00728	0.00215	0.00668	0.00955	0.00507	0.00769
3	0.12649	0.01450	0.02448	0.01831	0.02331	0.01433	0.33696	0.07680	0.06949	0.07915	0.04044	0.02010	0.01365	0.06810	0.00877	0.00239	0.00801	0.00692	0.00446	0.04336
4	0.01334	0.01207	0.01859	0.17197	0.31125	0.01278	0.01454	0.01885	0.10839	0.02150	0.14579	0.04817	0.05817	0.00861	0.00677	0.00206	0.00635	0.00781	0.00451	0.00848
5	0.01220	0.01148	0.01938	0.75739	0.04450	0.01436	0.01794	0.01651	0.01292	0.01651	0.01148	0.01723	0.00861	0.00646	0.00646	0.00215	0.00861	0.00574	0.00287	0.00718
6	0.01892	0.01932	0.01709	0.01601	0.05821	0.30614	0.02638	0.05925	0.01575	0.05876	0.01360	0.01828	0.01173	0.04667	0.04511	0.00260	0.15663	0.02462	0.07738	0.00756
7	0.00787	0.00562	0.00750	0.00900	0.00937	0.00525	0.00600	0.00900	0.01237	0.01649	0.03561	0.76871	0.04274	0.02024	0.00825	0.00262	0.00375	0.01837	0.00600	0.00525
8	0.02456	0.01810	0.01939	0.01487	0.02004	0.02004	0.01228	0.71107	0.03038	0.04072	0.01551	0.01551	0.01099	0.00776	0.00646	0.00194	0.00711	0.00582	0.00646	0.01099
9	0.00769	0.00655	0.00662	0.00660	0.00876	0.00548	0.00495	0.00937	0.01485	0.01775	0.08833	0.06170	0.70694	0.01626	0.00764	0.00218	0.00327	0.01357	0.00604	0.00548
10	0.01499	0.01561	0.02039	0.01734	0.01786	0.07850	0.04117	0.01658	0.01079	0.01577	0.00878	0.01406	0.00852	0.01070	0.01943	0.00271	0.67113	0.00561	0.00289	0.00717
11	0.01296	0.03342	0.73944	0.01842	0.02797	0.01501	0.02387	0.02046	0.01364	0.02046	0.01160	0.01364	0.00818	0.00614	0.00614	0.00205	0.00955	0.00477	0.00273	0.00955
12	0.00930	0.00666	0.00904	0.00904	0.00973	0.00735	0.00640	0.01068	0.00999	0.01401	0.01853	0.03217	0.01910	0.33954	0.46027	0.00873	0.01287	0.00792	0.00364	0.00502
13	0.01237	0.01182	0.02043	0.71636	0.04390	0.01447	0.05679	0.01674	0.01305	0.01674	0.01157	0.01724	0.00868	0.00640	0.00653	0.00215	0.00874	0.00585	0.00289	0.00726
14	0.02456	0.01810	0.01939	0.01487	0.02004	0.02004	0.01228	0.71107	0.03038	0.04072	0.01551	0.01551	0.01099	0.00776	0.00646	0.00194	0.00711	0.00582	0.00646	0.01099
15	0.02703	0.01259	0.01579	0.01228	0.01719	0.01206	0.01009	0.16030	0.08183	0.54360	0.02367	0.02095	0.01537	0.00802	0.00650	0.00200	0.00577	0.00644	0.00758	0.01093
16	0.01448	0.02552	0.40064	0.02219	0.03024	0.01544	0.33314	0.02090	0.01452	0.04219	0.01268	0.01561	0.00915	0.00588	0.00682	0.00210	0.01003	0.00611	0.00313	0.00922
17	0.00787	0.00562	0.00750	0.00900	0.00937	0.00525	0.00600	0.00900	0.01237	0.01649	0.03561	0.76871	0.04274	0.02024	0.00825	0.00262	0.00375	0.01837	0.00600	0.00525
18	0.00787	0.00562	0.00750	0.00900	0.00937	0.00525	0.00600	0.00900	0.01237	0.01649	0.03561	0.76871	0.04274	0.02024	0.00825	0.00262	0.00375	0.01837	0.00600	0.00525
19	0.04540	0.01608	0.01971	0.47853	0.06002	0.15472	0.04047	0.07425	0.01542	0.01908	0.01151	0.01574	0.00879	0.00652	0.00629	0.00203	0.00899	0.00543	0.00331	0.00770
20	0.01558	0.10765	0.15797	0.05279	0.24014	0.04863	0.24458	0.02031	0.01461	0.01978	0.01187	0.01525	0.00936	0.00576	0.00647	0.00196	0.00918	0.00586	0.00308	0.00916
21	0.00923	0.00692	0.01038	0.01038	0.01154	0.00808	0.00808	0.01154	0.01038	0.01500	0.01731	0.02538	0.01615	0.04846	0.74732	0.01038	0.01731	0.00692	0.00346	0.00577
22	0.59867	0.09660	0.06171	0.01084	0.03461	0.01614	0.00936	0.04452	0.01218	0.02668	0.00948	0.01116	0.00751	0.00620	0.00492	0.00196	0.03230	0.00380	0.00381	0.00755
23	0.00833	0.00657	0.00750	0.00727	0.00915	0.00575	0.00545	0.01061	0.01635	0.02132	0.36854	0.05583	0.42450	0.01492	0.00763	0.00211	0.00317	0.01275	0.00651	0.00575
24	0.59654	0.01406	0.01214	0.01020	0.01452	0.07298	0.04056	0.01922	0.01215	0.02635	0.00964	0.01135	0.00762	0.00584	0.00443	0.00183	0.00578	0.00380	0.00388	0.12713
25	0.01559	0.01356	0.01475	0.01322	0.01648	0.01590	0.01035	0.03178	0.63074	0.02605	0.05792	0.02444	0.02076	0.00918	0.00780	0.00224	0.06579	0.00738	0.00630	0.00978
26	0.01408	0.01146	0.01347	0.00965	0.01536	0.00865	0.00774	0.01693	0.01362	0.05213	0.01209	0.01377	0.00985	0.00492	0.00486	0.00100	0.00482	0.00394	0.00401	0.77764
27	0.01767	0.04538	0.06258	0.31072	0.16593	0.04302	0.03926	0.05282	0.01552	0.16318	0.01450	0.01717	0.01050	0.00661	0.00636	0.00201	0.00792	0.00575	0.00414	0.00895
28	0.81856	0.01250	0.00950	0.00850	0.01250	0.01449	0.00700	0.01899	0.01100	0.02899	0.00900	0.01050	0.00700	0.00600	0.00400	0.00200	0.00500	0.00350	0.00400	0.00700
29	0.04810	0.07705	0.14545	0.03742	0.08391	0.01431	0.09088	0.13091	0.01665	0.10403	0.01943	0.04132	0.06902	0.08271	0.00898	0.00241	0.00730	0.00692	0.00455	0.00866
30	0.01874	0.00926	0.01187	0.00963	0.01341	0.00790	0.00769	0.02128	0.01720	0.35752	0.20310	0.03388	0.14163	0.01023	0.00675	0.00191	0.00445	0.00860	0.00694	0.10803
31	0.07320	0.01108	0.01469	0.01133	0.01627	0.00978	0.00936	0.03079	0.01807	0.69744	0.02457	0.02135	0.01549	0.00789	0.00636	0.00200	0.00547	0.00633	0.00777	0.01077
32	0.01297	0.03504	0.01285	0.03658	0.05821	0.01144	0.00831	0.07113	0.13656	0.01838	0.01897	0.03128	0.01879	0.37355	0.02093	0.04289	0.05601	0.02528	0.00439	0.00644
33	0.01734	0.06497	0.03537	0.01341	0.01756	0.01726	0.01094	0.13444	0.55275	0.02814	0.02317	0.02165	0.01737	0.00833	0.00639	0.00210	0.00565	0.00676	0.00621	0.01020
34	0.01663	0.01105	0.01344	0.00991	0.01521	0.00865	0.00797	0.01943	0.01487	0.18274	0.06193	0.01763	0.01440	0.00606	0.00536	0.00126	0.00483	0.00495	0.00498	0.57869
35	0.01558	0.17469	0.30759	0.02096	0.12320	0.04946	0.13067	0.04351	0.03829	0.02023	0.01194	0.01425	0.00924	0.00602	0.00603	0.00190	0.00885	0.00520	0.00316	0.00924
36	0.03641	0.03004	0.57637	0.01957	0.02825	0.03919	0.13920	0.02064	0.01399	0.02059	0.01172	0.01413	0.00843	0.00603	0.00632	0.00205	0.00972	0.00520	0.00288	0.00927
37	0.02788	0.01075	0.01464	0.01131	0.01611	0.00931	0.00931	0.03041	0.01848	0.69727	0.06490	0.02346	0.01851	0.00829	0.00656	0.00200	0.00536	0.00679	0.00795	0.01072
38	0.09575	0.01037	0.03740	0.01011	0.01226	0.01051	0.00772	0.08999	0.10844	0.03891	0.02017	0.09555	0.01976	0.27539	0.13539	0.00489	0.00773	0.00830	0.00473	0.00665
39	0.01616	0.11549	0.16038	0.04253	0.19315	0.04102	0.22974	0.02145	0.04550	0.05376	0.01309	0.01581	0.01006	0.00599	0.00644	0.00197	0.00885	0.00591	0.00345	0.00927
40	0.01481	0.00796	0.00984	0.00858	0.01145	0.00692	0.00671	0.01715	0.01699	0.24654	0.25390	0.04532	0.30263	0.01277	0.00727	0.00208	0.00391	0.01080	0.00697	0.00739
41	0.02878	0.01134	0.01521	0.01166	0.01666	0.01000	0.00963	0.06402	0.01906	0.70376	0.02501	0.02168	0.01575	0.00799	0.00650	0.00200	0.00558	0.00647	0.00792	0.01100
42	0.01604	0.01706	0.12462	0.05043	0.29976	0.04268	0.09151	0.01989	0.01446	0.09420	0.01558	0.09371	0.01358	0.00801	0.00786	0.00212	0.06841	0.00712	0.00389	0.00908
43	0.10613	0.16535	0.06456	0.02151	0.19261	0.13766	0.10425	0.09611	0.01631	0.02202	0.01130	0.01360	0.00911	0.00609	0.00576	0.00183	0.00834	0.00500	0.00356	0.00891
44	0.00785	0.00572	0.00740	0.00874	0.00931	0.00527	0.00589	0.00903	0.01261	0.01659	0.03869	0.69592	0.11354	0.01984	0.00818	0.00258	0.00370	0.01788	0.00600	0.00527
45	0.29885	0.04320	0.01517	0.01433	0.08699	0.22584	0.01005	0.05004	0.01451	0.02229	0.01106	0.01446	0.00952	0.06816	0.00730	0.00211	0.00743	0.00453	0.00377	0.09041

[dist]
# distance from previous block
# <min> <max>
1	8

[block]
# block no. 1 follows, 34 sequences, length 19
# corresponding to MSA columns:
# 83-101
name=unknown_B
#
# <colnr> <probs for GDERKNQSTAVLIFYWHMCP>
#	G	D	E	R	K	N	Q	S	T	A	V	L	I	F	Y	W	H	M	C	P
0	0.04278	0.12663	0.16965	0.06137	0.18984	0.09159	0.06550	0.05901	0.06978	0.04500	0.01302	0.01508	0.01009	0.00633	0.00601	0.00190	0.00825	0.00528	0.00366	0.00923
1	0.00821	0.00599	0.00778	0.00895	0.00973	0.00556	0.00633	0.00974	0.01337	0.01767	0.09666	0.56172	0.11842	0.01899	0.00820	0.00256	0.00386	0.08477	0.00609	0.00541
2	0.00914	0.00660	0.00864	0.00813	0.00965	0.00610	0.00610	0.01219	0.01829	0.02591	0.72921	0.04827	0.06097	0.01321	0.00762	0.00203	0.00305	0.01169	0.00711	0.00610
3	0.00847	0.00640	0.00782	0.00784	0.00933	0.00575	0.00574	0.01074	0.01613	0.02167	0.40521	0.19077	0.24963	0.01547	0.00775	0.00219	0.00325	0.01353	0.00658	0.00575
4	0.01599	0.01535	0.02623	0.03966	0.73262	0.01535	0.01983	0.01983	0.01471	0.02111	0.01215	0.01599	0.01023	0.00576	0.00640	0.00192	0.00768	0.00576	0.00320	0.01023
5	0.02899	0.01100	0.01499	0.01150	0.01649	0.00950	0.00950	0.03149	0.01849	0.73709	0.02549	0.02199	0.01599	0.00800	0.00650	0.00200	0.00550	0.00650	0.00800	0.01100
6	0.01525	0.01743	0.03813	0.02723	0.03377	0.01634	0.70915	0.02070	0.01525	0.02070	0.01307	0.01743	0.00980	0.00545	0.00763	0.00218	0.01089	0.00763	0.00327	0.00871
7	0.02899	0.01100	0.01499	0.01150	0.01649	0.00950	0.00950	0.03149	0.01849	0.73709	0.02549	0.02199	0.01599	0.00800	0.00650	0.00200	0.00550	0.00650	0.00800	0.01100
8	0.00787	0.00562	0.00750	0.00900	0.00937	0.00525	0.00600	0.00900	0.01237	0.01649	0.03561	0.76871	0.04274	0.02024	0.00825	0.00262	0.00375	0.01837	0.00600	0.00525
9	0.01607	0.01388	0.01461	0.01315	0.01680	0.01607	0.01023	0.03433	0.72094	0.02703	0.02630	0.02411	0.01972	0.00877	0.00657	0.00219	0.00511	0.00731	0.00657	0.01023
10	0.81856	0.01250	0.00950	0.00850	0.01250	0.01449	0.00700	0.01899	0.01100	0.02899	0.00900	0.01050	0.00700	0.00600	0.00400	0.00200	0.00500	0.00350	0.00400	0.00700
11	0.81856	0.01250	0.00950	0.00850	0.01250	0.01449	0.00700	0.01899	0.01100	0.02899	0.00900	0.01050	0.00700	0.00600	0.00400	0.00200	0.00500	0.00350	0.00400	0.00700
12	0.01220	0.01148	0.01938	0.75739	0.04450	0.01436	0.01794	0.01651	0.01292	0.01651	0.01148	0.01723	0.00861	0.00646	0.00646	0.00215	0.00861	0.00574	0.00287	0.00718
13	0.81856	0.01250	0.00950	0.00850	0.01250	0.01449	0.00700	0.01899	0.01100	0.02899	0.00900	0.01050	0.00700	0.00600	0.00400	0.00200	0.00500	0.00350	0.00400	0.00700
14	0.01599	0.01535	0.02623	0.03966	0.73262	0.01535	0.01983	0.01983	0.01471	0.02111	0.01215	0.01599	0.01023	0.00576	0.00640	0.00192	0.00768	0.00576	0.00320	0.01023
15	0.81856	0.01250	0.00950	0.00850	0.01250	0.01449	0.00700	0.01899	0.01100	0.02899	0.00900	0.01050	0.00700	0.00600	0.00400	0.00200	0.00500	0.00350	0.00400	0.00700
16	0.01388	0.01377	0.01931	0.01663	0.01669	0.01919	0.01383	0.01534	0.00992	0.01552	0.00893	0.01471	0.00887	0.01321	0.05841	0.00321	0.72298	0.00572	0.00286	0.00700
17	0.00940	0.00626	0.00705	0.00705	0.00705	0.00626	0.00392	0.00940	0.00940	0.01253	0.02036	0.04228	0.02349	0.77292	0.03289	0.00626	0.00626	0.00940	0.00392	0.00392
18	0.01688	0.56052	0.05590	0.01300	0.04824	0.08571	0.01163	0.01977	0.04184	0.01628	0.01205	0.06975	0.01148	0.00692	0.00488	0.00158	0.00714	0.00497	0.00323	0.00820

[dist]
# distance from previous block
# <min> <max>
0	2

[block]
# block no. 2 follows, 34 sequences, length 11
# corresponding to MSA columns:
# 104-114
name=unknown_C
#
# <colnr> <probs for GDERKNQSTAVLIFYWHMCP>
#	G	D	E	R	K	N	Q	S	T	A	V	L	I	F	Y	W	H	M	C	P
0	0.02044	0.01951	0.01685	0.01453	0.01850	0.21261	0.01137	0.20870	0.35275	0.02760	0.01912	0.01853	0.01439	0.00794	0.00635	0.00198	0.00738	0.00608	0.00568	0.00969
1	0.75131	0.01297	0.01033	0.00904	0.01313	0.01496	0.00745	0.07761	0.01264	0.02998	0.00955	0.01092	0.00734	0.00615	0.00421	0.00199	0.00518	0.00370	0.00421	0.00734
2	0.00884	0.00620	0.00799	0.00873	0.00918	0.00621	0.00591	0.00988	0.01123	0.01509	0.02736	0.33796	0.03151	0.29967	0.11971	0.00506	0.00674	0.07294	0.00488	0.00489
3	0.01530	0.01530	0.02759	0.03051	0.39110	0.01446	0.22879	0.01946	0.01464	0.02097	0.01232	0.01597	0.00998	0.00549	0.00649	0.00183	0.00815	0.00599	0.00333	0.15233
4	0.16248	0.01636	0.01680	0.01344	0.01814	0.01836	0.01099	0.46928	0.14970	0.03623	0.01629	0.01616	0.01184	0.00763	0.00605	0.00199	0.00638	0.00567	0.00605	0.01015
5	0.81856	0.01250	0.00950	0.00850	0.01250	0.01449	0.00700	0.01899	0.01100	0.02899	0.00900	0.01050	0.00700	0.00600	0.00400	0.00200	0.00500	0.00350	0.00400	0.00700
6	0.00859	0.00658	0.00786	0.00754	0.00931	0.00586	0.00566	0.01111	0.01697	0.02277	0.48296	0.05343	0.30918	0.01438	0.00763	0.00209	0.00313	0.01241	0.00670	0.00586
7	0.01481	0.01487	0.02375	0.02487	0.23200	0.01808	0.09326	0.01740	0.01193	0.01778	0.01009	0.01506	0.00915	0.00900	0.01528	0.00248	0.45311	0.00590	0.00299	0.00819
8	0.01007	0.00730	0.00994	0.01114	0.01269	0.00716	0.00960	0.01294	0.01512	0.01967	0.08969	0.07008	0.09981	0.01737	0.00871	0.00283	0.00549	0.57842	0.00604	0.00592
9	0.00853	0.00647	0.00726	0.00717	0.00897	0.00571	0.00534	0.01073	0.01569	0.02080	0.28305	0.09381	0.40636	0.01477	0.00740	0.00210	0.00320	0.01260	0.07433	0.00571
10	0.06636	0.19762	0.13938	0.01851	0.13306	0.18134	0.01480	0.13686	0.01738	0.02221	0.01123	0.01294	0.00896	0.00632	0.00558	0.00177	0.00844	0.00459	0.00365	0.00900

[dist]
# distance from previous block
# <min> <max>
2	4

[block]
# block no. 3 follows, 34 sequences, length 85
# corresponding to MSA columns:
# 119-203
name=unknown_D
#
# <colnr> <probs for GDERKNQSTAVLIFYWHMCP>
#	G	D	E	R	K	N	Q	S	T	A	V	L	I	F	Y	W	H	M	C	P
0	0.01537	0.05683	0.36492	0.02037	0.05653	0.07677	0.18396	0.02206	0.06729	0.03670	0.01307	0.01533	0.00972	0.00634	0.00680	0.00204	0.02774	0.00564	0.00334	0.00918
1	0.01414	0.09092	0.43038	0.02092	0.02906	0.01638	0.26619	0.02045	0.01417	0.02010	0.01190	0.01471	0.00877	0.00584	0.00650	0.00204	0.00980	0.00567	0.00292	0.00915
2	0.02430	0.01023	0.01345	0.01070	0.01502	0.00901	0.00870	0.02739	0.04697	0.56452	0.08489	0.02904	0.10721	0.00946	0.00673	0.00203	0.00502	0.00781	0.00763	0.00991
3	0.01493	0.01901	0.23270	0.15381	0.14766	0.01416	0.06747	0.04368	0.08096	0.06879	0.04420	0.01934	0.01332	0.04288	0.00774	0.00226	0.00797	0.00621	0.00395	0.00898
4	0.05582	0.25849	0.16521	0.01754	0.09426	0.04692	0.07772	0.13137	0.01673	0.04226	0.02927	0.01435	0.01048	0.00634	0.00566	0.00180	0.00785	0.00502	0.00377	0.00914
5	0.00953	0.00678	0.00832	0.00843	0.00996	0.00626	0.00613	0.01228	0.04722	0.05095	0.28615	0.29038	0.20172	0.01585	0.00774	0.00227	0.00353	0.01395	0.00650	0.00606
6	0.02708	0.01262	0.01582	0.01229	0.01721	0.01209	0.01010	0.16470	0.07731	0.54372	0.02360	0.02089	0.01531	0.00801	0.00650	0.00200	0.00578	0.00643	0.00758	0.01093
7	0.12351	0.01905	0.14190	0.02103	0.18616	0.03741	0.06303	0.20194	0.06690	0.05688	0.01404	0.01553	0.01047	0.00668	0.00614	0.00199	0.00756	0.00553	0.00451	0.00974
8	0.01483	0.04125	0.24248	0.02758	0.22127	0.01592	0.30108	0.02036	0.01457	0.02060	0.01228	0.01573	0.00940	0.00574	0.00676	0.00205	0.00952	0.00617	0.00308	0.00936
9	0.01041	0.00744	0.01041	0.01190	0.01339	0.00744	0.01041	0.01339	0.01487	0.01934	0.03421	0.07288	0.03719	0.01785	0.00892	0.00297	0.00595	0.68913	0.00595	0.00595
10	0.00790	0.00569	0.00749	0.00887	0.00935	0.00528	0.00595	0.00910	0.01263	0.01679	0.05579	0.71820	0.07329	0.01988	0.00820	0.00259	0.00371	0.01798	0.00603	0.00528
11	0.45649	0.01683	0.01758	0.01574	0.07079	0.14353	0.13183	0.02045	0.01327	0.02426	0.01010	0.01242	0.00800	0.00615	0.00562	0.00199	0.02910	0.00456	0.00366	0.00763
12	0.01696	0.01881	0.01917	0.01754	0.04890	0.23587	0.01360	0.01860	0.01264	0.01584	0.00952	0.01402	0.00888	0.01149	0.05130	0.00281	0.46848	0.00528	0.00302	0.00727
13	0.01669	0.01788	0.02100	0.22979	0.23392	0.19741	0.01631	0.02026	0.03886	0.01790	0.01138	0.01527	0.00938	0.00710	0.00845	0.00206	0.11951	0.00540	0.00320	0.00824
14	0.00787	0.00562	0.00750	0.00900	0.00937	0.00525	0.00600	0.00900	0.01237	0.01649	0.03561	0.76871	0.04274	0.02024	0.00825	0.00262	0.00375	0.01837	0.00600	0.00525
15	0.00764	0.00655	0.00655	0.00655	0.00873	0.00545	0.00491	0.00927	0.01473	0.01745	0.06546	0.06218	0.73000	0.01636	0.00764	0.00218	0.00327	0.01364	0.00600	0.00545
16	0.01607	0.01388	0.01461	0.01315	0.01680	0.01607	0.01023	0.03433	0.72094	0.02703	0.02630	0.02411	0.01972	0.00877	0.00657	0.00219	0.00511	0.00731	0.00657	0.01023
17	0.01599	0.01535	0.02623	0.03966	0.73262	0.01535	0.01983	0.01983	0.01471	0.02111	0.01215	0.01599	0.01023	0.00576	0.00640	0.00192	0.00768	0.00576	0.00320	0.01023
18	0.01525	0.01743	0.03813	0.02723	0.03377	0.01634	0.70915	0.02070	0.01525	0.02070	0.01307	0.01743	0.00980	0.00545	0.00763	0.00218	0.01089	0.00763	0.00327	0.00871
19	0.02267	0.01716	0.01833	0.01448	0.01932	0.01915	0.01182	0.56021	0.18433	0.03767	0.01792	0.01743	0.01294	0.00798	0.00649	0.00200	0.00667	0.00615	0.00649	0.01082
20	0.81856	0.01250	0.00950	0.00850	0.01250	0.01449	0.00700	0.01899	0.01100	0.02899	0.00900	0.01050	0.00700	0.00600	0.00400	0.00200	0.00500	0.00350	0.00400	0.00700
21	0.01919	0.01616	0.16780	0.01229	0.01806	0.02744	0.01184	0.05497	0.01653	0.28320	0.05276	0.02152	0.06277	0.00759	0.00612	0.00176	0.00614	0.00612	0.00552	0.20220
22	0.01735	0.04728	0.02433	0.09216	0.52781	0.03524	0.01776	0.04011	0.03168	0.08430	0.01350	0.01644	0.01072	0.00615	0.00631	0.00192	0.00756	0.00572	0.00375	0.00992
23	0.81856	0.01250	0.00950	0.00850	0.01250	0.01449	0.00700	0.01899	0.01100	0.02899	0.00900	0.01050	0.00700	0.00600	0.00400	0.00200	0.00500	0.00350	0.00400	0.00700
24	0.01599	0.01535	0.02623	0.03966	0.73262	0.01535	0.01983	0.01983	0.01471	0.02111	0.01215	0.01599	0.01023	0.00576	0.00640	0.00192	0.00768	0.00576	0.00320	0.01023
25	0.01057	0.00840	0.01041	0.01015	0.04509	0.00717	0.00679	0.01226	0.01237	0.01763	0.02393	0.28054	0.05527	0.16431	0.01180	0.00269	0.00480	0.01045	0.00466	0.30074
26	0.00914	0.00660	0.00864	0.00813	0.00965	0.00610	0.00610	0.01219	0.01829	0.02591	0.72921	0.04827	0.06097	0.01321	0.00762	0.00203	0.00305	0.01169	0.00711	0.00610
27	0.02389	0.04977	0.01974	0.01472	0.01976	0.05290	0.01216	0.62384	0.05750	0.03798	0.01544	0.01548	0.01112	0.00766	0.00634	0.00191	0.00722	0.00571	0.00617	0.01069
28	0.24419	0.01205	0.01389	0.01098	0.01572	0.01182	0.00907	0.08978	0.01753	0.48052	0.02008	0.01826	0.01308	0.00743	0.00581	0.00199	0.00551	0.00562	0.00677	0.00990
29	0.00969	0.00673	0.00881	0.00822	0.00984	0.00619	0.00619	0.01272	0.01830	0.04550	0.70983	0.04754	0.05973	0.01307	0.00759	0.00203	0.00312	0.01154	0.00714	0.00623
30	0.00925	0.00684	0.00994	0.00994	0.01094	0.00784	0.00752	0.01125	0.01025	0.01467	0.01771	0.02763	0.01713	0.14475	0.65236	0.00984	0.01584	0.00725	0.00352	0.00552
31	0.00833	0.00650	0.00755	0.00745	0.00919	0.00572	0.00553	0.01055	0.01612	0.02114	0.35819	0.11416	0.37588	0.01528	0.00768	0.00215	0.00321	0.01316	0.00649	0.00572
32	0.00980	0.00675	0.00885	0.00824	0.00988	0.00621	0.00621	0.01283	0.01830	0.04943	0.70593	0.04740	0.05948	0.01304	0.00758	0.00203	0.00313	0.01151	0.00714	0.00626
33	0.01351	0.03013	0.60951	0.02229	0.15634	0.01507	0.02314	0.02035	0.01384	0.02058	0.01170	0.01407	0.00856	0.00607	0.00619	0.00202	0.00921	0.00495	0.00281	0.00967
34	0.01364	0.01279	0.02159	0.46338	0.30451	0.01449	0.01827	0.01773	0.01362	0.01847	0.01202	0.01696	0.00946	0.00622	0.00638	0.00205	0.00810	0.00576	0.02627	0.00830
35	0.01009	0.00765	0.01040	0.01193	0.10159	0.00720	0.00771	0.01298	0.01660	0.02347	0.43840	0.07409	0.13092	0.01259	0.00726	0.00205	0.00380	0.03559	0.07918	0.00650
36	0.01871	0.42734	0.05182	0.01762	0.13935	0.21270	0.01334	0.02116	0.01477	0.01654	0.00987	0.01177	0.00863	0.00588	0.00503	0.00157	0.00837	0.00407	0.00298	0.00845
37	0.02242	0.01101	0.01389	0.01126	0.01532	0.01053	0.00908	0.08103	0.12092	0.42376	0.17920	0.02755	0.02601	0.00923	0.00675	0.00203	0.00503	0.00770	0.00748	0.00981
38	0.01443	0.01405	0.04991	0.05776	0.39290	0.04273	0.01515	0.01881	0.06916	0.04075	0.02118	0.15177	0.06484	0.00939	0.00679	0.00209	0.00671	0.00853	0.00425	0.00879
39	0.01460	0.01445	0.02212	0.05708	0.22075	0.01819	0.03587	0.01695	0.01155	0.01731	0.00979	0.01489	0.00902	0.00935	0.01597	0.00252	0.49288	0.00574	0.00295	0.00801
40	0.01296	0.03342	0.73944	0.01842	0.02797	0.01501	0.02387	0.02046	0.01364	0.02046	0.01160	0.01364	0.00818	0.00614	0.00614	0.00205	0.00955	0.00477	0.00273	0.00955
41	0.02734	0.01291	0.01609	0.01242	0.01740	0.01244	0.01023	0.20369	0.05036	0.53158	0.02300	0.02044	0.01488	0.00797	0.00649	0.00199	0.00589	0.00636	0.00755	0.01096
42	0.00923	0.00692	0.01038	0.01038	0.01154	0.00808	0.00808	0.01154	0.01038	0.01500	0.01731	0.02538	0.01615	0.04846	0.74732	0.01038	0.01731	0.00692	0.00346	0.00577
43	0.00787	0.00562	0.00750	0.00900	0.00937	0.00525	0.00600	0.00900	0.01237	0.01649	0.03561	0.76871	0.04274	0.02024	0.00825	0.00262	0.00375	0.01837	0.00600	0.00525
44	0.02456	0.01810	0.01939	0.01487	0.02004	0.02004	0.01228	0.71107	0.03038	0.04072	0.01551	0.01551	0.01099	0.00776	0.00646	0.00194	0.00711	0.00582	0.00646	0.01099
45	0.00770	0.00654	0.00656	0.00656	0.00867	0.00548	0.00487	0.00928	0.01454	0.01728	0.06389	0.06149	0.70552	0.04257	0.00851	0.00232	0.00338	0.01349	0.00593	0.00540
46	0.00795	0.00581	0.00750	0.00882	0.00946	0.00536	0.00605	0.00921	0.01276	0.01673	0.03918	0.65425	0.12610	0.01967	0.00820	0.00258	0.00378	0.04529	0.00600	0.00530
47	0.00968	0.00689	0.00947	0.01089	0.01201	0.00679	0.00892	0.01202	0.01394	0.01825	0.03394	0.25847	0.03803	0.05402	0.00987	0.00304	0.00537	0.47685	0.00587	0.00567
48	0.01727	0.77681	0.03386	0.01106	0.01658	0.02557	0.01106	0.01935	0.01313	0.01520	0.00898	0.01036	0.00829	0.00553	0.00415	0.00138	0.00691	0.00345	0.00276	0.00829
49	0.01220	0.01148	0.01938	0.75739	0.04450	0.01436	0.01794	0.01651	0.01292	0.01651	0.01148	0.01723	0.00861	0.00646	0.00646	0.00215	0.00861	0.00574	0.00287	0.00718
50	0.09313	0.01600	0.05509	0.02161	0.13397	0.01513	0.24554	0.14530	0.01804	0.13694	0.04428	0.01804	0.01282	0.00670	0.00665	0.00204	0.00795	0.00650	0.00477	0.00948
51	0.01771	0.01484	0.04902	0.01639	0.10304	0.01537	0.01198	0.10669	0.43425	0.09019	0.05340	0.02257	0.01856	0.00830	0.00656	0.00210	0.00579	0.00696	0.00613	0.01017
52	0.04155	0.01455	0.02528	0.20905	0.47082	0.01519	0.09129	0.01910	0.01422	0.02023	0.01199	0.01626	0.00969	0.00590	0.00646	0.00200	0.00815	0.00587	0.00315	0.00924
53	0.01453	0.01333	0.02156	0.05632	0.50143	0.01357	0.01665	0.01929	0.07150	0.02120	0.04728	0.06021	0.01781	0.00845	0.00685	0.00211	0.00692	0.08769	0.00408	0.00921
54	0.01494	0.01139	0.01342	0.00980	0.01523	0.00893	0.00786	0.04142	0.01464	0.08800	0.03509	0.01668	0.03249	0.00576	0.00517	0.00115	0.00484	0.00465	0.00446	0.66408
55	0.00866	0.00619	0.00838	0.00972	0.01049	0.00591	0.00721	0.01045	0.01353	0.01802	0.09101	0.52172	0.04269	0.01903	0.00838	0.00267	0.00429	0.20007	0.00607	0.00551
56	0.00764	0.00655	0.00655	0.00655	0.00873	0.00545	0.00491	0.00927	0.01473	0.01745	0.06546	0.06218	0.73000	0.01636	0.00764	0.00218	0.00327	0.01364	0.00600	0.00545
57	0.00776	0.00655	0.00671	0.00667	0.00880	0.00551	0.00500	0.00951	0.01501	0.01813	0.11883	0.06106	0.67619	0.01611	0.00764	0.00217	0.00325	0.01348	0.00609	0.00551
58	0.01690	0.00798	0.00941	0.00818	0.01081	0.00758	0.00643	0.04786	0.01623	0.22350	0.11403	0.02629	0.02194	0.00841	0.00555	0.00173	0.00388	0.00688	0.44880	0.00762
59	0.02348	0.01706	0.01824	0.01410	0.01896	0.01883	0.01161	0.65098	0.02893	0.03929	0.01599	0.01625	0.01147	0.00774	0.00630	0.00190	0.00676	0.00584	0.07573	0.01056
60	0.02163	0.01779	0.05282	0.05395	0.14123	0.01836	0.01418	0.50691	0.02558	0.03469	0.01444	0.01552	0.01057	0.00718	0.00638	0.00192	0.00731	0.00569	0.00549	0.03838
61	0.01409	0.12844	0.47537	0.01958	0.02786	0.01673	0.18848	0.02037	0.01396	0.01982	0.01161	0.01412	0.00859	0.00589	0.00623	0.00199	0.00952	0.00529	0.00286	0.00918
62	0.81856	0.01250	0.00950	0.00850	0.01250	0.01449	0.00700	0.01899	0.01100	0.02899	0.00900	0.01050	0.00700	0.00600	0.00400	0.00200	0.00500	0.00350	0.00400	0.00700
63	0.81856	0.01250	0.00950	0.00850	0.01250	0.01449	0.00700	0.01899	0.01100	0.02899	0.00900	0.01050	0.00700	0.00600	0.00400	0.00200	0.00500	0.00350	0.00400	0.00700
64	0.01016	0.00727	0.01006	0.01115	0.01264	0.00717	0.00955	0.01315	0.01556	0.02065	0.17325	0.06796	0.04194	0.01692	0.00866	0.00279	0.00537	0.55360	0.00618	0.00598
65	0.02414	0.03079	0.01831	0.01665	0.01998	0.74698	0.01248	0.02580	0.01831	0.01581	0.00999	0.01165	0.00832	0.00666	0.00583	0.00166	0.01165	0.00416	0.00333	0.00749
66	0.00764	0.00655	0.00655	0.00655	0.00873	0.00545	0.00491	0.00927	0.01473	0.01745	0.06546	0.06218	0.73000	0.01636	0.00764	0.00218	0.00327	0.01364	0.00600	0.00545
67	0.01296	0.03342	0.73944	0.01842	0.02797	0.01501	0.02387	0.02046	0.01364	0.02046	0.01160	0.01364	0.00818	0.00614	0.00614	0.00205	0.00955	0.00477	0.00273	0.00955
68	0.01368	0.15743	0.62174	0.01719	0.02607	0.01677	0.02173	0.02028	0.01356	0.01958	0.01116	0.01309	0.00820	0.00604	0.00581	0.00194	0.00911	0.00455	0.00273	0.00934
69	0.00951	0.00718	0.00885	0.00833	0.01011	0.00682	0.00628	0.01360	0.07434	0.02493	0.58826	0.04809	0.14275	0.01325	0.00754	0.00206	0.00324	0.01158	0.00693	0.00635
70	0.02899	0.01100	0.01499	0.01150	0.01649	0.00950	0.00950	0.03149	0.01849	0.73709	0.02549	0.02199	0.01599	0.00800	0.00650	0.00200	0.00550	0.00650	0.00800	0.01100
71	0.01535	0.02451	0.40421	0.02440	0.24759	0.01498	0.02071	0.02085	0.01413	0.08078	0.01273	0.01512	0.00951	0.00654	0.00730	0.00206	0.06091	0.00529	0.00333	0.00971
72	0.01593	0.01735	0.10803	0.13331	0.37218	0.03552	0.01786	0.07102	0.12182	0.02252	0.01430	0.01696	0.01119	0.00652	0.00639	0.00200	0.00772	0.00583	0.00384	0.00969
73	0.02171	0.02544	0.01910	0.01811	0.07396	0.49640	0.04125	0.05760	0.14566	0.01957	0.01348	0.01465	0.01071	0.00697	0.00611	0.00181	0.00993	0.00507	0.00405	0.00840
74	0.01340	0.01148	0.01340	0.00957	0.01531	0.00861	0.00766	0.01627	0.01340	0.02105	0.01148	0.01340	0.00957	0.00479	0.00479	0.00096	0.00479	0.00383	0.00383	0.81242
75	0.01682	0.65497	0.09077	0.01396	0.07509	0.02388	0.01281	0.01948	0.01330	0.01611	0.00945	0.01108	0.00844	0.00560	0.00449	0.00148	0.00719	0.00375	0.00280	0.00855
76	0.02800	0.01184	0.01590	0.01307	0.04913	0.01072	0.01022	0.09266	0.01940	0.64156	0.02398	0.02113	0.01528	0.00787	0.00649	0.00199	0.00574	0.00640	0.00764	0.01096
77	0.00770	0.00655	0.00663	0.00661	0.00877	0.00548	0.00496	0.00939	0.01487	0.01780	0.09266	0.06161	0.70257	0.01623	0.00764	0.00218	0.00326	0.01356	0.00605	0.00548
78	0.01634	0.01600	0.02589	0.03869	0.70251	0.04626	0.01952	0.02008	0.01486	0.02089	0.01206	0.01581	0.01015	0.00580	0.00637	0.00191	0.00784	0.00569	0.00320	0.01012
79	0.01599	0.01535	0.02623	0.03966	0.73262	0.01535	0.01983	0.01983	0.01471	0.02111	0.01215	0.01599	0.01023	0.00576	0.00640	0.00192	0.00768	0.00576	0.00320	0.01023
80	0.00938	0.00631	0.00725	0.00723	0.00734	0.00633	0.00418	0.00960	0.00980	0.01318	0.04936	0.04183	0.02473	0.71185	0.06129	0.00626	0.00659	0.00939	0.00403	0.00408
81	0.01320	0.01068	0.01402	0.01262	0.01430	0.01296	0.01009	0.11551	0.07882	0.01981	0.01577	0.02122	0.01392	0.03001	0.39017	0.03597	0.17331	0.00648	0.00402	0.00711
82	0.00847	0.00658	0.00770	0.00742	0.00924	0.00581	0.00557	0.01089	0.01670	0.02213	0.43282	0.05448	0.35971	0.01462	0.00763	0.00210	0.00315	0.01256	0.00662	0.00581
83	0.04503	0.23411	0.20035	0.01754	0.11226	0.03725	0.03207	0.02372	0.19523	0.02095	0.01461	0.01564	0.01144	0.00658	0.00567	0.00187	0.00735	0.00519	0.00386	0.00929
84	0.01623	0.10215	0.07538	0.01155	0.01651	0.04453	0.01020	0.02093	0.09341	0.11630	0.06993	0.01912	0.03172	0.00711	0.00625	0.00159	0.03668	0.00551	0.00471	0.31018

[dist]
# distance from previous block
# <min> <max>
1	3

[block]
# block no. 4 follows, 34 sequences, length 18
# corresponding to MSA columns:
# 207-224
name=unknown_E
#
# <colnr> <probs for GDERKNQSTAVLIFYWHMCP>
#	G	D	E	R	K	N	Q	S	T	A	V	L	I	F	Y	W	H	M	C	P
0	0.69164	0.01432	0.08416	0.00941	0.01388	0.01405	0.00861	0.01861	0.01147	0.02748	0.01235	0.01365	0.04665	0.00658	0.00442	0.00201	0.00537	0.00418	0.00398	0.00717
1	0.00794	0.00604	0.00731	0.00809	0.00919	0.00541	0.00565	0.00945	0.01381	0.01787	0.12317	0.45438	0.27203	0.01817	0.00798	0.00241	0.00351	0.01606	0.00612	0.00541
2	0.01791	0.12954	0.01933	0.01422	0.03561	0.05783	0.03012	0.13618	0.40913	0.02628	0.01994	0.01930	0.01519	0.00772	0.00612	0.00196	0.00626	0.00618	0.00555	0.03563
3	0.01579	0.29367	0.07038	0.01286	0.03369	0.01584	0.05934	0.01880	0.01391	0.07118	0.01377	0.03843	0.01210	0.00667	0.00534	0.00153	0.00646	0.04531	0.00381	0.26114
4	0.01356	0.08777	0.47306	0.01857	0.07103	0.01512	0.07644	0.04144	0.01467	0.02090	0.05603	0.01853	0.05073	0.00702	0.00629	0.00200	0.00853	0.00588	0.00336	0.00905
5	0.01245	0.05556	0.01454	0.01193	0.01485	0.01124	0.07513	0.01976	0.23053	0.03831	0.10151	0.14773	0.15356	0.01257	0.00728	0.00226	0.00512	0.07219	0.00587	0.00760
6	0.02717	0.01081	0.01431	0.01111	0.01577	0.00960	0.00913	0.05804	0.01851	0.63934	0.02465	0.02193	0.01584	0.00794	0.00630	0.00195	0.00532	0.00642	0.08533	0.01052
7	0.01654	0.01306	0.01958	0.13980	0.19295	0.03627	0.06280	0.04875	0.04717	0.12899	0.01863	0.09134	0.01642	0.00927	0.00809	0.00222	0.06795	0.06692	0.00464	0.00861
8	0.05358	0.17396	0.17631	0.02152	0.16294	0.01672	0.16072	0.02161	0.01463	0.11881	0.01328	0.01524	0.00997	0.00604	0.00605	0.00190	0.00816	0.00547	0.00372	0.00934
9	0.00829	0.00657	0.00745	0.00723	0.00913	0.00573	0.00542	0.01054	0.01627	0.02111	0.35269	0.05616	0.44048	0.01500	0.00763	0.00212	0.00318	0.01279	0.00648	0.00573
10	0.07718	0.01261	0.01559	0.01203	0.01700	0.01207	0.00994	0.17627	0.02057	0.54387	0.02233	0.01989	0.01436	0.00782	0.00633	0.00199	0.00581	0.00617	0.00742	0.01075
11	0.01693	0.01768	0.14083	0.09311	0.34464	0.01503	0.07719	0.05181	0.01533	0.10595	0.01363	0.01644	0.01035	0.00649	0.00723	0.00204	0.04602	0.00584	0.00379	0.00969
12	0.06026	0.02051	0.05458	0.01479	0.01974	0.16688	0.01239	0.43841	0.02503	0.10240	0.01487	0.01504	0.01061	0.00739	0.00621	0.00190	0.00791	0.00539	0.00567	0.01002
13	0.00787	0.00562	0.00750	0.00900	0.00937	0.00525	0.00600	0.00900	0.01237	0.01649	0.03561	0.76871	0.04274	0.02024	0.00825	0.00262	0.00375	0.01837	0.00600	0.00525
14	0.77145	0.01358	0.01002	0.00898	0.01294	0.05793	0.00732	0.01940	0.01143	0.02821	0.00906	0.01056	0.00708	0.00604	0.00411	0.00198	0.00539	0.00354	0.00396	0.00703
15	0.00940	0.00626	0.00705	0.00705	0.00705	0.00626	0.00392	0.00940	0.00940	0.01253	0.02036	0.04228	0.02349	0.77292	0.03289	0.00626	0.00626	0.00940	0.00392	0.00392
16	0.02283	0.05223	0.02059	0.01533	0.02035	0.05631	0.05228	0.53815	0.09707	0.03580	0.01588	0.01606	0.01154	0.00757	0.00641	0.00194	0.00735	0.00588	0.00597	0.01048
17	0.01785	0.06067	0.07111	0.02501	0.26916	0.01627	0.12905	0.14097	0.01728	0.07252	0.01333	0.01579	0.01030	0.00645	0.00717	0.00193	0.04903	0.00579	0.00408	0.06625

[dist]
# distance from previous block
# <min> <max>
0	1

[block]
# block no. 5 follows, 34 sequences, length 34
# corresponding to MSA columns:
# 226-259
name=unknown_F
#
# <colnr> <probs for GDERKNQSTAVLIFYWHMCP>
#	G	D	E	R	K	N	Q	S	T	A	V	L	I	F	Y	W	H	M	C	P
0	0.13104	0.10211	0.41505	0.01811	0.08642	0.03489	0.04385	0.02099	0.05242	0.02148	0.01183	0.01373	0.00890	0.00616	0.00572	0.00196	0.00832	0.00477	0.00320	0.00907
1	0.02145	0.05191	0.01397	0.01070	0.01445	0.00968	0.00861	0.02484	0.06250	0.43929	0.13878	0.12770	0.02667	0.01042	0.00679	0.00207	0.00492	0.00883	0.00720	0.00923
2	0.01258	0.06364	0.28497	0.01701	0.02285	0.01339	0.17932	0.01835	0.06320	0.01967	0.02129	0.17136	0.06471	0.00967	0.00693	0.00218	0.00781	0.00890	0.00401	0.00818
3	0.01974	0.14918	0.14090	0.05557	0.06148	0.07959	0.01334	0.04886	0.01592	0.21699	0.01498	0.01557	0.01081	0.00645	0.00571	0.00172	0.00722	0.00498	0.00457	0.12641
4	0.01539	0.37770	0.38575	0.01487	0.02240	0.02009	0.01750	0.04526	0.01402	0.01876	0.01053	0.01219	0.00834	0.00591	0.00523	0.00173	0.00824	0.00420	0.00288	0.00902
5	0.11794	0.01165	0.01430	0.01142	0.01608	0.01117	0.00933	0.03052	0.13441	0.53735	0.02372	0.02102	0.01558	0.00789	0.00622	0.00203	0.00538	0.00629	0.00730	0.01041
6	0.02708	0.01170	0.01704	0.01515	0.09596	0.01038	0.03498	0.02983	0.01796	0.63332	0.02359	0.02117	0.01514	0.00766	0.00653	0.00200	0.00593	0.00646	0.00730	0.01083
7	0.04594	0.40614	0.05202	0.05512	0.20680	0.04490	0.06897	0.01968	0.01381	0.01793	0.01037	0.01286	0.00888	0.00570	0.00523	0.00167	0.00767	0.00456	0.00299	0.00875
8	0.02165	0.01341	0.04353	0.01396	0.01867	0.01275	0.08080	0.03047	0.27713	0.35357	0.02431	0.02364	0.01714	0.00827	0.00670	0.00212	0.00606	0.02879	0.00674	0.01027
9	0.00879	0.00659	0.00815	0.00776	0.00944	0.00595	0.00582	0.01151	0.01746	0.02394	0.57472	0.05150	0.21668	0.01394	0.00762	0.00207	0.00310	0.01214	0.00685	0.00595
10	0.01667	0.01392	0.02118	0.05745	0.21504	0.01441	0.11684	0.10889	0.15760	0.07629	0.01960	0.11823	0.01682	0.00868	0.00688	0.00213	0.00694	0.00808	0.00500	0.00935
11	0.01804	0.01904	0.02480	0.06298	0.44696	0.18354	0.07605	0.05354	0.01624	0.02058	0.01186	0.01515	0.00973	0.00606	0.00638	0.00189	0.00887	0.00555	0.00337	0.00938
12	0.00797	0.00569	0.00761	0.00911	0.00952	0.00533	0.00616	0.00916	0.01246	0.01660	0.03556	0.74257	0.04253	0.02015	0.00827	0.00264	0.00383	0.04357	0.00600	0.00527
13	0.00925	0.00686	0.01005	0.01005	0.01109	0.00790	0.00766	0.01133	0.01029	0.01475	0.01761	0.02706	0.01688	0.12023	0.67654	0.00998	0.01621	0.00717	0.00351	0.00559
14	0.01567	0.01640	0.06790	0.05731	0.63599	0.01536	0.05666	0.01982	0.01463	0.02092	0.01215	0.01597	0.01005	0.00578	0.00645	0.00195	0.00798	0.00580	0.00317	0.01003
15	0.00765	0.00649	0.00660	0.00668	0.00876	0.00544	0.00497	0.00926	0.01460	0.01740	0.06381	0.10108	0.69216	0.01658	0.00767	0.00221	0.00330	0.01390	0.00600	0.00544
16	0.00938	0.00635	0.00746	0.00746	0.00760	0.00649	0.00443	0.00966	0.00952	0.01283	0.01998	0.04020	0.02258	0.68345	0.12112	0.00677	0.00763	0.00909	0.00386	0.00414
17	0.01605	0.09155	0.02148	0.07392	0.16478	0.07101	0.08743	0.10389	0.08405	0.02219	0.01990	0.02834	0.04926	0.00900	0.00679	0.00212	0.00749	0.12770	0.00449	0.00855
18	0.01440	0.15636	0.52890	0.01859	0.06661	0.04826	0.04069	0.02048	0.01386	0.01943	0.01116	0.01325	0.00837	0.00602	0.00585	0.00192	0.00913	0.00467	0.00280	0.00927
19	0.01446	0.01352	0.02143	0.32847	0.32815	0.01507	0.01741	0.02097	0.13553	0.02025	0.01431	0.01789	0.01121	0.00656	0.00645	0.00206	0.00762	0.00602	0.00365	0.00898
20	0.01703	0.73401	0.07448	0.01148	0.01724	0.02496	0.01179	0.01941	0.01316	0.01550	0.00913	0.01055	0.00829	0.00556	0.00426	0.00142	0.00706	0.00353	0.00276	0.00836
21	0.02853	0.01174	0.01545	0.01185	0.01687	0.01060	0.00979	0.10263	0.01974	0.66419	0.02445	0.02131	0.01547	0.00797	0.00649	0.00199	0.00567	0.00643	0.00784	0.01100
22	0.01691	0.01430	0.01508	0.01332	0.01712	0.01646	0.01043	0.10138	0.65253	0.02839	0.02523	0.02326	0.01886	0.00867	0.00656	0.00217	0.00531	0.00716	0.00656	0.01030
23	0.01525	0.01743	0.03813	0.02723	0.03377	0.01634	0.70915	0.02070	0.01525	0.02070	0.01307	0.01743	0.00980	0.00545	0.00763	0.00218	0.01089	0.00763	0.00327	0.00871
24	0.00798	0.00656	0.00702	0.00690	0.00894	0.00560	0.00518	0.00993	0.01553	0.01937	0.21568	0.05903	0.57857	0.01565	0.00763	0.00215	0.00322	0.01319	0.00625	0.00560
25	0.01296	0.03342	0.73944	0.01842	0.02797	0.01501	0.02387	0.02046	0.01364	0.02046	0.01160	0.01364	0.00818	0.00614	0.00614	0.00205	0.00955	0.00477	0.00273	0.00955
26	0.00764	0.00655	0.00655	0.00655	0.00873	0.00545	0.00491	0.00927	0.01473	0.01745	0.06546	0.06218	0.73000	0.01636	0.00764	0.00218	0.00327	0.01364	0.00600	0.00545
27	0.02414	0.03079	0.01831	0.01665	0.01998	0.74698	0.01248	0.02580	0.01831	0.01581	0.00999	0.01165	0.00832	0.00666	0.00583	0.00166	0.01165	0.00416	0.00333	0.00749
28	0.01340	0.01148	0.01340	0.00957	0.01531	0.00861	0.00766	0.01627	0.01340	0.02105	0.01148	0.01340	0.00957	0.00479	0.00479	0.00096	0.00479	0.00383	0.00383	0.81242
29	0.00804	0.00590	0.00724	0.00823	0.00891	0.00543	0.00548	0.00911	0.01243	0.01613	0.03951	0.52317	0.17925	0.12556	0.01160	0.00305	0.00401	0.01615	0.00570	0.00510
30	0.02456	0.01810	0.01939	0.01487	0.02004	0.02004	0.01228	0.71107	0.03038	0.04072	0.01551	0.01551	0.01099	0.00776	0.00646	0.00194	0.00711	0.00582	0.00646	0.01099
31	0.01296	0.03342	0.73944	0.01842	0.02797	0.01501	0.02387	0.02046	0.01364	0.02046	0.01160	0.01364	0.00818	0.00614	0.00614	0.00205	0.00955	0.00477	0.00273	0.00955
32	0.00871	0.00659	0.00803	0.00767	0.00939	0.00591	0.00575	0.01135	0.01726	0.02347	0.53785	0.05228	0.25385	0.01412	0.00763	0.00208	0.00311	0.01225	0.00679	0.00591
33	0.01456	0.01752	0.23494	0.01337	0.01851	0.01186	0.03305	0.07767	0.10862	0.09596	0.10531	0.10401	0.09032	0.01002	0.00679	0.00209	0.00627	0.00849	0.00529	0.03534

[dist]
# distance from previous block
# <min> <max>
0	8

[block]
# block no. 6 follows, 34 sequences, length 25
# corresponding to MSA columns:
# 268-292
name=unknown_G
#
# <colnr> <probs for GDERKNQSTAVLIFYWHMCP>
#	G	D	E	R	K	N	Q	S	T	A	V	L	I	F	Y	W	H	M	C	P
0	0.04622	0.29618	0.11940	0.01660	0.09719	0.12616	0.01387	0.02239	0.11621	0.01887	0.01229	0.01385	0.01012	0.00668	0.00641	0.00181	0.05888	0.00469	0.00349	0.00870
1	0.03745	0.01466	0.04409	0.08497	0.06827	0.04265	0.01357	0.02019	0.15540	0.01912	0.01341	0.01694	0.01130	0.01122	0.05328	0.00282	0.33914	0.00585	0.00374	0.04192
2	0.04812	0.05632	0.02487	0.08021	0.52398	0.01559	0.03812	0.02025	0.01448	0.07120	0.01265	0.01595	0.01023	0.00615	0.00675	0.00195	0.03432	0.00565	0.00351	0.00970
3	0.00995	0.00681	0.00875	0.00814	0.00989	0.00620	0.00615	0.01284	0.01797	0.05889	0.63504	0.04829	0.12009	0.01325	0.00757	0.00204	0.00319	0.01162	0.00705	0.00627
4	0.01096	0.00746	0.01021	0.01125	0.01287	0.00732	0.00965	0.01375	0.01501	0.04963	0.07283	0.06781	0.06999	0.04364	0.00953	0.00296	0.00566	0.56737	0.00603	0.00608
5	0.01204	0.00602	0.00602	0.00602	0.00753	0.00602	0.00452	0.01506	0.01355	0.02409	0.02108	0.02409	0.01656	0.00753	0.00452	0.00151	0.00301	0.00602	0.80879	0.00602
6	0.01133	0.00849	0.01110	0.01210	0.01394	0.00884	0.01038	0.01680	0.12990	0.02059	0.03292	0.06494	0.03434	0.01637	0.00854	0.00285	0.00581	0.57805	0.00605	0.00665
7	0.01727	0.77681	0.03386	0.01106	0.01658	0.02557	0.01106	0.01935	0.01313	0.01520	0.00898	0.01036	0.00829	0.00553	0.00415	0.00138	0.00691	0.00345	0.00276	0.00829
8	0.02899	0.01100	0.01499	0.01150	0.01649	0.00950	0.00950	0.03149	0.01849	0.73709	0.02549	0.02199	0.01599	0.00800	0.00650	0.00200	0.00550	0.00650	0.00800	0.01100
9	0.01599	0.01535	0.02623	0.03966	0.73262	0.01535	0.01983	0.01983	0.01471	0.02111	0.01215	0.01599	0.01023	0.00576	0.00640	0.00192	0.00768	0.00576	0.00320	0.01023
10	0.00940	0.00626	0.00705	0.00705	0.00705	0.00626	0.00392	0.00940	0.00940	0.01253	0.02036	0.04228	0.02349	0.77292	0.03289	0.00626	0.00626	0.00940	0.00392	0.00392
11	0.81856	0.01250	0.00950	0.00850	0.01250	0.01449	0.00700	0.01899	0.01100	0.02899	0.00900	0.01050	0.00700	0.00600	0.00400	0.00200	0.00500	0.00350	0.00400	0.00700
12	0.00940	0.00626	0.00705	0.00705	0.00705	0.00626	0.00392	0.00940	0.00940	0.01253	0.02036	0.04228	0.02349	0.77292	0.03289	0.00626	0.00626	0.00940	0.00392	0.00392
13	0.01727	0.77681	0.03386	0.01106	0.01658	0.02557	0.01106	0.01935	0.01313	0.01520	0.00898	0.01036	0.00829	0.00553	0.00415	0.00138	0.00691	0.00345	0.00276	0.00829
14	0.01765	0.73814	0.03312	0.01125	0.01676	0.02528	0.01112	0.05461	0.01401	0.01650	0.00932	0.01063	0.00843	0.00564	0.00426	0.00141	0.00692	0.00358	0.00295	0.00843
15	0.02414	0.03079	0.01831	0.01665	0.01998	0.74698	0.01248	0.02580	0.01831	0.01581	0.00999	0.01165	0.00832	0.00666	0.00583	0.00166	0.01165	0.00416	0.00333	0.00749
16	0.02899	0.01100	0.01499	0.01150	0.01649	0.00950	0.00950	0.03149	0.01849	0.73709	0.02549	0.02199	0.01599	0.00800	0.00650	0.00200	0.00550	0.00650	0.00800	0.01100
17	0.02248	0.01717	0.05709	0.01397	0.01879	0.01757	0.01180	0.55323	0.02638	0.07816	0.01644	0.01883	0.01255	0.09423	0.00944	0.00244	0.00705	0.00621	0.00606	0.01011
18	0.00938	0.00633	0.00739	0.00739	0.00751	0.00645	0.00434	0.00962	0.00950	0.01278	0.02005	0.04055	0.02274	0.69860	0.10618	0.00669	0.00740	0.00914	0.00387	0.00411
19	0.01296	0.01226	0.02075	0.61397	0.18201	0.01455	0.01832	0.01717	0.01328	0.01743	0.01162	0.01698	0.00894	0.00632	0.00645	0.00211	0.00843	0.00575	0.00294	0.00779
20	0.01525	0.01743	0.03813	0.02723	0.03377	0.01634	0.70915	0.02070	0.01525	0.02070	0.01307	0.01743	0.00980	0.00545	0.00763	0.00218	0.01089	0.00763	0.00327	0.00871
