[name]
unknown

[dist]
# distance from previous block
# <min> <max>
16	68

[block]
# block no. 0 follows, 34 sequences, length 114
# corresponding to MSA columns:
# 73-186
name=unknown_A
#
# <colnr> <probs for GDERKNQSTAVLIFYWHMCP>
#	G	D	E	R	K	N	Q	S	T	A	V	L	I	F	Y	W	H	M	C	P
0	0.01495	0.00944	0.01248	0.12603	0.01763	0.00972	0.00941	0.06423	0.07145	0.16136	0.13243	0.14332	0.05615	0.07850	0.00947	0.00259	0.00544	0.06192	0.00596	0.00752
1	0.01919	0.01253	0.01547	0.09769	0.01961	0.03256	0.02624	0.13697	0.13353	0.21972	0.02536	0.06870	0.06674	0.01001	0.00724	0.00219	0.02374	0.06731	0.00615	0.00906
2	0.07244	0.01755	0.10275	0.06459	0.02062	0.07334	0.04414	0.22729	0.10333	0.08588	0.01645	0.01843	0.01245	0.04768	0.02533	0.00240	0.00753	0.00594	0.04276	0.00910
3	0.05372	0.11534	0.01884	0.01372	0.03526	0.04875	0.08386	0.07206	0.16091	0.12244	0.04111	0.07604	0.05391	0.04455	0.00757	0.00218	0.00633	0.00749	0.00529	0.03062
4	0.04078	0.05663	0.24417	0.04646	0.02092	0.01346	0.03618	0.05492	0.11468	0.14891	0.05530	0.05436	0.04942	0.00830	0.00638	0.00203	0.00684	0.00685	0.00498	0.02841
5	0.05927	0.01506	0.08463	0.04562	0.01981	0.03246	0.06429	0.08920	0.07241	0.21934	0.04816	0.01862	0.01419	0.00699	0.00608	0.00180	0.00643	0.00582	0.00539	0.18444
6	0.05674	0.04023	0.20475	0.03575	0.15753	0.04061	0.01520	0.05496	0.07085	0.05453	0.06805	0.02028	0.01531	0.00732	0.00616	0.00191	0.00708	0.03547	0.00423	0.10303
7	0.01149	0.00934	0.01209	0.01280	0.08858	0.02847	0.03916	0.01476	0.06111	0.05664	0.13578	0.18713	0.24153	0.03232	0.00797	0.00226	0.00474	0.01170	0.00567	0.03647
8	0.01205	0.01048	0.07676	0.04892	0.03406	0.00832	0.00913	0.01587	0.03907	0.09089	0.40604	0.03853	0.11011	0.01115	0.00707	0.00198	0.00448	0.00965	0.00613	0.05929
9	0.00970	0.00755	0.00885	0.00970	0.01070	0.02716	0.00675	0.04277	0.06909	0.01842	0.03438	0.62980	0.06386	0.01827	0.00795	0.00252	0.00421	0.01637	0.00599	0.00596
10	0.01543	0.07088	0.05808	0.07325	0.46911	0.05282	0.04309	0.01916	0.01466	0.01985	0.01512	0.02109	0.03458	0.00707	0.00647	0.00198	0.00782	0.05689	0.00343	0.00922
11	0.01784	0.44729	0.04832	0.01498	0.05226	0.16670	0.07024	0.02085	0.03445	0.01709	0.04732	0.01390	0.01154	0.00626	0.00518	0.00160	0.00805	0.00462	0.00327	0.00823
12	0.04347	0.01595	0.05982	0.04989	0.43184	0.03798	0.04932	0.07157	0.01573	0.05393	0.01583	0.03868	0.04481	0.00717	0.00701	0.00201	0.03526	0.00642	0.00385	0.00946
13	0.05495	0.08822	0.11469	0.05180	0.07730	0.21588	0.04626	0.11041	0.03272	0.06815	0.01369	0.03478	0.01118	0.04381	0.00730	0.00209	0.00858	0.00556	0.00407	0.00858
14	0.01366	0.01291	0.02160	0.45363	0.29730	0.01443	0.01811	0.01772	0.01361	0.01844	0.01173	0.01657	0.00926	0.00611	0.00635	0.00201	0.00807	0.00565	0.00304	0.04978
15	0.01351	0.01166	0.01397	0.01091	0.04731	0.00891	0.00820	0.01643	0.01346	0.02106	0.01151	0.01351	0.00960	0.00483	0.00486	0.00100	0.00491	0.00391	0.00380	0.77664
16	0.00886	0.00638	0.00860	0.01002	0.01092	0.00612	0.00768	0.01073	0.01346	0.01765	0.03646	0.46252	0.07281	0.01912	0.00848	0.00274	0.00459	0.28134	0.00598	0.00553
17	0.01273	0.01181	0.01874	0.65678	0.04076	0.01459	0.01690	0.01892	0.10863	0.01793	0.01349	0.01816	0.01012	0.00677	0.00648	0.00216	0.00814	0.00595	0.00337	0.00759
18	0.00797	0.00656	0.00701	0.00690	0.00893	0.00560	0.00517	0.00992	0.01552	0.01934	0.21342	0.05908	0.58085	0.01566	0.00763	0.00215	0.00322	0.01320	0.00625	0.00560
19	0.01642	0.45522	0.27355	0.01408	0.02078	0.08731	0.01556	0.02031	0.01377	0.01705	0.00997	0.01160	0.00826	0.00584	0.00498	0.00163	0.00824	0.00397	0.00280	0.00865
20	0.01317	0.04714	0.01927	0.65629	0.04032	0.01430	0.01665	0.01723	0.01320	0.04824	0.01241	0.01742	0.00927	0.00653	0.00627	0.00208	0.00815	0.00568	0.03904	0.00735
21	0.01352	0.12982	0.64795	0.01746	0.02649	0.01638	0.02221	0.02032	0.01358	0.01978	0.01126	0.01322	0.00820	0.00606	0.00588	0.00196	0.00921	0.00460	0.00273	0.00939
22	0.00787	0.00562	0.00750	0.00900	0.00937	0.00525	0.00600	0.00900	0.01237	0.01649	0.03561	0.76871	0.04274	0.02024	0.00825	0.00262	0.00375	0.01837	0.00600	0.00525
23	0.01340	0.01148	0.01340	0.00957	0.01531	0.00861	0.00766	0.01627	0.01340	0.02105	0.01148	0.01340	0.00957	0.00479	0.00479	0.00096	0.00479	0.00383	0.00383	0.81242
24	0.01846	0.64829	0.03118	0.01202	0.01717	0.14985	0.01130	0.02046	0.01402	0.01531	0.00916	0.01059	0.00830	0.00572	0.00444	0.00143	0.00773	0.00358	0.00286	0.00815
25	0.01318	0.01130	0.01314	0.00946	0.01506	0.00849	0.00755	0.01601	0.01345	0.02092	0.01352	0.01524	0.03672	0.00522	0.00489	0.00100	0.00473	0.00420	0.00391	0.78201
26	0.03003	0.01334	0.01510	0.12605	0.02010	0.08998	0.04539	0.02295	0.28688	0.02052	0.02068	0.06024	0.01802	0.09401	0.07573	0.00335	0.00780	0.03715	0.00484	0.00785
27	0.01831	0.05458	0.11375	0.04173	0.37453	0.01464	0.03285	0.02336	0.06760	0.17137	0.01578	0.01733	0.01175	0.00649	0.00632	0.00196	0.00732	0.00583	0.00437	0.01011
28	0.23353	0.44309	0.09462	0.01150	0.01661	0.02113	0.01142	0.01909	0.01237	0.01947	0.00920	0.01099	0.00794	0.00613	0.00552	0.00172	0.06084	0.00375	0.00310	0.00798
29	0.01345	0.01277	0.02169	0.45217	0.24873	0.01441	0.05019	0.01799	0.03322	0.01881	0.04526	0.01848	0.01188	0.00658	0.00655	0.00208	0.00809	0.00615	0.00329	0.00820
30	0.01400	0.01295	0.01507	0.12990	0.14031	0.11909	0.01145	0.01740	0.06117	0.03794	0.05098	0.07324	0.03675	0.15451	0.06668	0.00348	0.00799	0.03576	0.00421	0.00708
31	0.01537	0.01477	0.02545	0.12135	0.60707	0.01506	0.04533	0.01930	0.01453	0.02051	0.01272	0.01775	0.01077	0.00616	0.00652	0.00198	0.00786	0.02455	0.00324	0.00971
32	0.01458	0.01570	0.02539	0.29655	0.03339	0.10124	0.27440	0.01865	0.01432	0.01804	0.01371	0.05376	0.01167	0.00742	0.00775	0.00219	0.04825	0.03200	0.00333	0.00765
33	0.01168	0.00996	0.01578	0.42966	0.03044	0.01120	0.04413	0.01482	0.01351	0.04328	0.02650	0.03148	0.18804	0.01045	0.00805	0.05043	0.00697	0.04298	0.00400	0.00664
34	0.01531	0.00762	0.01019	0.00952	0.01164	0.00688	0.00711	0.01681	0.01491	0.25043	0.12857	0.27413	0.07040	0.03582	0.00993	0.08205	0.00450	0.03076	0.00643	0.00698
35	0.34414	0.01463	0.03723	0.01559	0.02054	0.01491	0.22540	0.02328	0.13413	0.08838	0.01473	0.01605	0.01086	0.00648	0.00583	0.00209	0.00700	0.00572	0.00453	0.00849
36	0.00904	0.00611	0.00715	0.00751	0.00760	0.00602	0.00441	0.00930	0.01010	0.01347	0.02397	0.21446	0.02805	0.59452	0.02705	0.00540	0.00567	0.01152	0.00441	0.00423
37	0.12551	0.00838	0.01004	0.00898	0.01148	0.00801	0.00685	0.01731	0.01586	0.20209	0.30188	0.11359	0.05548	0.07532	0.00902	0.00244	0.00428	0.00984	0.00649	0.00716
38	0.37766	0.01023	0.01042	0.00921	0.01259	0.01060	0.00731	0.01961	0.01423	0.20394	0.12637	0.11598	0.03875	0.00963	0.00579	0.00209	0.00463	0.00760	0.00577	0.00761
39	0.00940	0.00626	0.00705	0.00705	0.00705	0.00626	0.00392	0.00940	0.00940	0.01253	0.02036	0.04228	0.02349	0.77292	0.03289	0.00626	0.00626	0.00940	0.00392	0.00392
40	0.06249	0.01256	0.01411	0.01153	0.01531	0.01305	0.00926	0.31975	0.02249	0.14357	0.16270	0.07454	0.09004	0.01036	0.00678	0.00204	0.00538	0.00847	0.00663	0.00894
41	0.06151	0.00779	0.00939	0.00886	0.01097	0.00749	0.00680	0.01523	0.06272	0.08823	0.39926	0.11009	0.12672	0.01324	0.00735	0.00216	0.00376	0.04506	0.00667	0.00671
42	0.06691	0.01064	0.01333	0.01098	0.01498	0.01002	0.00879	0.05846	0.08040	0.45326	0.06199	0.11393	0.04734	0.00999	0.00667	0.00210	0.00510	0.00832	0.00722	0.00957
43	0.00947	0.00758	0.00869	0.00885	0.01093	0.00721	0.00706	0.01345	0.09228	0.02009	0.14009	0.05896	0.38689	0.01550	0.00785	0.00237	0.00413	0.18623	0.00620	0.00619
44	0.34060	0.01198	0.01189	0.01023	0.01405	0.01300	0.00823	0.07460	0.15400	0.14498	0.09621	0.02231	0.05634	0.00834	0.00569	0.00205	0.00496	0.00634	0.00579	0.00841
45	0.02186	0.01222	0.01461	0.01175	0.01584	0.01219	0.00949	0.24560	0.04765	0.30332	0.13361	0.06450	0.05847	0.00980	0.00681	0.00203	0.00542	0.00808	0.00711	0.00964
46	0.02641	0.01421	0.01687	0.01304	0.01804	0.01439	0.01074	0.32511	0.05980	0.39980	0.02122	0.01930	0.01402	0.00793	0.00649	0.00198	0.00617	0.00625	0.00726	0.01095
47	0.00801	0.00568	0.00746	0.00883	0.00917	0.00534	0.00582	0.00903	0.01211	0.01615	0.03428	0.70508	0.04105	0.08616	0.01041	0.00294	0.00397	0.01758	0.00582	0.00513
48	0.06131	0.01175	0.01444	0.01175	0.01598	0.01144	0.00950	0.14894	0.06398	0.42603	0.02448	0.11636	0.01882	0.00970	0.00666	0.00210	0.00553	0.02418	0.00714	0.00991
49	0.00975	0.00645	0.00815	0.00879	0.01007	0.00602	0.00658	0.01181	0.01435	0.04654	0.13972	0.33727	0.12913	0.01635	0.00769	0.00238	0.00394	0.12910	0.10009	0.00583
50	0.00774	0.00646	0.00664	0.00675	0.00869	0.00548	0.00494	0.00926	0.01429	0.01714	0.06099	0.11367	0.64369	0.05440	0.00894	0.00242	0.00346	0.01378	0.00590	0.00536
51	0.00937	0.00629	0.00719	0.00714	0.00728	0.00625	0.00411	0.00964	0.01018	0.01370	0.08244	0.04281	0.02677	0.70639	0.03067	0.00589	0.00598	0.00960	0.00420	0.00411
52	0.02414	0.03079	0.01831	0.01665	0.01998	0.74698	0.01248	0.02580	0.01831	0.01581	0.00999	0.01165	0.00832	0.00666	0.00583	0.00166	0.01165	0.00416	0.00333	0.00749
53	0.00923	0.00692	0.01038	0.01038	0.01154	0.00808	0.00808	0.01154	0.01038	0.01500	0.01731	0.02538	0.01615	0.04846	0.74732	0.01038	0.01731	0.00692	0.00346	0.00577
54	0.01296	0.03342	0.73944	0.01842	0.02797	0.01501	0.02387	0.02046	0.01364	0.02046	0.01160	0.01364	0.00818	0.00614	0.00614	0.00205	0.00955	0.00477	0.00273	0.00955
55	0.01580	0.01516	0.02588	0.07547	0.69828	0.01530	0.01974	0.01966	0.01462	0.02088	0.01212	0.01605	0.01015	0.00579	0.00640	0.00193	0.00772	0.00576	0.00318	0.01008
56	0.01529	0.01306	0.01394	0.01259	0.01600	0.01495	0.00976	0.03185	0.64202	0.02690	0.10525	0.02682	0.02436	0.00927	0.00669	0.00217	0.00488	0.00780	0.00664	0.00976
57	0.01386	0.02711	0.46245	0.02190	0.03026	0.01553	0.29453	0.02056	0.01428	0.02056	0.01218	0.01514	0.00882	0.00587	0.00673	0.00210	0.01008	0.00590	0.00294	0.00922
58	0.02365	0.01995	0.01859	0.01492	0.01949	0.16086	0.01201	0.54260	0.02713	0.03466	0.01544	0.05234	0.01205	0.00817	0.00643	0.00192	0.00783	0.00612	0.00583	0.01002
59	0.01408	0.01146	0.01347	0.00965	0.01536	0.00865	0.00774	0.01693	0.01362	0.05231	0.01210	0.01377	0.00985	0.00493	0.00486	0.00100	0.00482	0.00394	0.00401	0.77744
60	0.00799	0.00656	0.00704	0.00692	0.00895	0.00561	0.00519	0.00996	0.01557	0.01946	0.22257	0.05889	0.57163	0.01562	0.00763	0.00215	0.00322	0.01317	0.00626	0.00561
61	0.00839	0.00658	0.00759	0.00734	0.00919	0.00578	0.00550	0.01073	0.01651	0.02169	0.39757	0.05522	0.39524	0.01479	0.00763	0.00211	0.00316	0.01266	0.00656	0.00578
62	0.02112	0.09169	0.03962	0.01384	0.01867	0.01882	0.01172	0.47155	0.12933	0.03451	0.06947	0.01866	0.01565	0.00805	0.00633	0.00193	0.00656	0.00621	0.00606	0.01021
63	0.02215	0.07134	0.01883	0.01573	0.01919	0.52606	0.01214	0.06424	0.11939	0.01876	0.01251	0.01369	0.01012	0.00716	0.00656	0.00179	0.04360	0.00473	0.00391	0.00811
64	0.01782	0.01475	0.01560	0.01350	0.01747	0.01689	0.01065	0.17409	0.57834	0.02986	0.02407	0.02233	0.01792	0.00856	0.00655	0.00214	0.00553	0.00700	0.00655	0.01038
65	0.00834	0.00596	0.00778	0.00906	0.00962	0.00564	0.00630	0.00961	0.01250	0.01650	0.03531	0.57455	0.07236	0.09489	0.01076	0.00301	0.00426	0.10255	0.00578	0.00521
66	0.00948	0.00729	0.01087	0.01072	0.01182	0.00868	0.00839	0.01174	0.01036	0.01503	0.01685	0.02480	0.01576	0.04655	0.70992	0.01000	0.05561	0.00686	0.00343	0.00584
67	0.01364	0.01399	0.02456	0.01939	0.02191	0.01644	0.25867	0.01664	0.01188	0.01727	0.01171	0.01735	0.01035	0.01601	0.14870	0.00397	0.36044	0.00658	0.00310	0.00741
68	0.00868	0.00629	0.00837	0.00975	0.01063	0.00598	0.00735	0.01045	0.01337	0.01750	0.03752	0.48616	0.09530	0.01916	0.00842	0.00270	0.00443	0.23648	0.00598	0.00549
69	0.01220	0.01148	0.01938	0.75739	0.04450	0.01436	0.01794	0.01651	0.01292	0.01651	0.01148	0.01723	0.00861	0.00646	0.00646	0.00215	0.00861	0.00574	0.00287	0.00718
70	0.05395	0.01177	0.01928	0.67609	0.08383	0.01442	0.01749	0.01683	0.01293	0.01743	0.01140	0.01681	0.00863	0.00639	0.00633	0.00213	0.00837	0.00563	0.00295	0.00735
71	0.02347	0.01728	0.01861	0.01448	0.01934	0.01907	0.01187	0.66512	0.02920	0.03914	0.01683	0.06481	0.01307	0.00857	0.00658	0.00198	0.00689	0.00664	0.00643	0.01061
72	0.14128	0.04162	0.01722	0.01396	0.07279	0.04949	0.07441	0.01918	0.01394	0.07803	0.01223	0.01400	0.00964	0.00549	0.00522	0.00144	0.00610	0.00449	0.00402	0.41545
73	0.01847	0.01190	0.03476	0.07859	0.13717	0.01094	0.07678	0.02214	0.03857	0.28288	0.09122	0.05428	0.09522	0.00907	0.00687	0.00207	0.00617	0.00809	0.00580	0.00902
74	0.01404	0.01183	0.01260	0.01139	0.01458	0.01307	0.00883	0.05719	0.47440	0.02568	0.11436	0.03377	0.15956	0.01068	0.00689	0.00216	0.00461	0.00895	0.00652	0.00887
75	0.01400	0.01213	0.01989	0.50495	0.14382	0.01394	0.03764	0.01875	0.05008	0.06651	0.01570	0.01968	0.04145	0.00698	0.00655	0.00211	0.00792	0.00628	0.00361	0.00803
76	0.01625	0.20420	0.41572	0.01657	0.02404	0.11083	0.05145	0.02141	0.01442	0.05225	0.01150	0.01320	0.00867	0.00612	0.00572	0.00185	0.00908	0.00461	0.00309	0.00902
77	0.00904	0.00611	0.00778	0.00853	0.00952	0.00556	0.00592	0.01023	0.01330	0.04852	0.09054	0.50053	0.17527	0.01856	0.00902	0.05067	0.00379	0.01568	0.00598	0.00546
78	0.00807	0.00576	0.00772	0.00922	0.00968	0.00542	0.00634	0.00933	0.01256	0.01671	0.03550	0.71511	0.04231	0.02006	0.00830	0.00265	0.00392	0.07003	0.00599	0.00530
79	0.81856	0.01250	0.00950	0.00850	0.01250	0.01449	0.00700	0.01899	0.01100	0.02899	0.00900	0.01050	0.00700	0.00600	0.00400	0.00200	0.00500	0.00350	0.00400	0.00700
80	0.01497	0.36044	0.39547	0.01558	0.02322	0.01972	0.05035	0.01998	0.01349	0.01815	0.01051	0.01237	0.00831	0.00584	0.00533	0.00176	0.00845	0.00433	0.00277	0.00896
81	0.02287	0.06174	0.02076	0.01684	0.02073	0.49384	0.06366	0.15502	0.01982	0.02087	0.01116	0.01284	0.00894	0.00690	0.00658	0.00179	0.03875	0.00475	0.00388	0.00827
82	0.00771	0.00647	0.00671	0.00682	0.00882	0.00546	0.00505	0.00936	0.01465	0.01769	0.08781	0.12464	0.64351	0.01659	0.00769	0.00222	0.00331	0.01398	0.00604	0.00546
83	0.01510	0.23752	0.44197	0.01693	0.02486	0.01783	0.08708	0.02067	0.01387	0.05099	0.01163	0.01348	0.00872	0.00598	0.00575	0.00187	0.00877	0.00476	0.00303	0.00918
84	0.00940	0.00626	0.00705	0.00705	0.00705	0.00626	0.00392	0.00940	0.00940	0.01253	0.02036	0.04228	0.02349	0.77292	0.03289	0.00626	0.00626	0.00940	0.00392	0.00392
85	0.04659	0.56305	0.04590	0.01134	0.01680	0.02166	0.01096	0.04124	0.01460	0.15679	0.01244	0.01285	0.00982	0.00610	0.00471	0.00155	0.00664	0.00415	0.00393	0.00888
86	0.81856	0.01250	0.00950	0.00850	0.01250	0.01449	0.00700	0.01899	0.01100	0.02899	0.00900	0.01050	0.00700	0.00600	0.00400	0.00200	0.00500	0.00350	0.00400	0.00700
87	0.00812	0.00610	0.00749	0.00824	0.00931	0.00553	0.00581	0.00970	0.01387	0.01808	0.14092	0.42366	0.23752	0.03870	0.00869	0.00253	0.00367	0.04054	0.00610	0.00541
88	0.00871	0.00670	0.00795	0.00794	0.00958	0.00611	0.00591	0.01134	0.03510	0.02106	0.33339	0.13678	0.29846	0.03829	0.00850	0.00233	0.00351	0.04612	0.00641	0.00581
89	0.06609	0.01155	0.01314	0.00950	0.01513	0.00900	0.00761	0.01645	0.01324	0.02157	0.01132	0.01321	0.00940	0.00486	0.00473	0.00103	0.00480	0.00381	0.00384	0.75971
90	0.01122	0.00561	0.00842	0.00842	0.00842	0.00561	0.00561	0.00842	0.00842	0.01122	0.01122	0.01964	0.01122	0.02245	0.02525	0.81201	0.00561	0.00561	0.00281	0.00281
91	0.00910	0.00660	0.00857	0.00808	0.00962	0.00608	0.00606	0.01210	0.01818	0.02565	0.70910	0.04869	0.08124	0.01330	0.00762	0.00204	0.00306	0.01174	0.00708	0.00608
92	0.01224	0.00943	0.01254	0.01149	0.01286	0.01115	0.00894	0.11171	0.01297	0.01829	0.01588	0.02415	0.01498	0.12418	0.41802	0.04258	0.12160	0.00682	0.00383	0.00635
93	0.81856	0.01250	0.00950	0.00850	0.01250	0.01449	0.00700	0.01899	0.01100	0.02899	0.00900	0.01050	0.00700	0.00600	0.00400	0.00200	0.00500	0.00350	0.00400	0.00700
94	0.01467	0.07592	0.39781	0.02529	0.25416	0.03576	0.06598	0.02034	0.01418	0.02021	0.01165	0.01437	0.00896	0.00594	0.00618	0.00196	0.00892	0.00517	0.00293	0.00958
95	0.00787	0.00562	0.00750	0.00900	0.00937	0.00525	0.00600	0.00900	0.01237	0.01649	0.03561	0.76871	0.04274	0.02024	0.00825	0.00262	0.00375	0.01837	0.00600	0.00525
96	0.02367	0.03001	0.01838	0.01666	0.01983	0.71289	0.01256	0.02532	0.01792	0.01580	0.00992	0.01177	0.00833	0.00688	0.00655	0.00172	0.04678	0.00423	0.00331	0.00747
97	0.01561	0.01575	0.02904	0.02084	0.02701	0.01443	0.43542	0.08629	0.01617	0.02274	0.01284	0.01606	0.00985	0.00548	0.00668	0.00180	0.00873	0.00633	0.00374	0.24519
98	0.00914	0.00660	0.00864	0.00813	0.00965	0.00610	0.00610	0.01219	0.01829	0.02591	0.72921	0.04827	0.06097	0.01321	0.00762	0.00203	0.00305	0.01169	0.00711	0.00610
99	0.02625	0.01214	0.01790	0.01661	0.12658	0.01098	0.04398	0.04647	0.01807	0.57662	0.02262	0.02070	0.01470	0.00753	0.00653	0.00199	0.00612	0.00642	0.00700	0.01077
100	0.81856	0.01250	0.00950	0.00850	0.01250	0.01449	0.00700	0.01899	0.01100	0.02899	0.00900	0.01050	0.00700	0.00600	0.00400	0.00200	0.00500	0.00350	0.00400	0.00700
101	0.01629	0.03748	0.05625	0.16489	0.34060	0.16216	0.04245	0.01983	0.01503	0.01877	0.01469	0.01790	0.05225	0.00670	0.00634	0.00193	0.00858	0.00587	0.00330	0.00869
102	0.00856	0.00658	0.00783	0.00752	0.00930	0.00585	0.00564	0.01107	0.01692	0.02266	0.47377	0.05362	0.31843	0.01442	0.00763	0.00209	0.00313	0.01244	0.00668	0.00585
103	0.02277	0.17920	0.02140	0.01553	0.01930	0.60347	0.01220	0.02452	0.01728	0.01569	0.00979	0.01140	0.00832	0.00643	0.00549	0.00161	0.01071	0.00402	0.00322	0.00765
104	0.00777	0.00655	0.00673	0.00669	0.00881	0.00551	0.00502	0.00953	0.01505	0.01821	0.12463	0.06094	0.67035	0.01608	0.00764	0.00217	0.00325	0.01346	0.00610	0.00551
105	0.01640	0.01459	0.02125	0.18023	0.33048	0.01595	0.01625	0.11765	0.17456	0.02418	0.01564	0.01800	0.01212	0.00685	0.00646	0.00203	0.00722	0.00611	0.00434	0.00970
106	0.00940	0.00626	0.00705	0.00705	0.00705	0.00626	0.00392	0.00940	0.00940	0.01253	0.02036	0.04228	0.02349	0.77292	0.03289	0.00626	0.00626	0.00940	0.00392	0.00392
107	0.01285	0.01180	0.01319	0.01234	0.01398	0.10591	0.00968	0.04588	0.05873	0.01708	0.01583	0.02177	0.01425	0.03431	0.48518	0.00746	0.10299	0.00639	0.00370	0.00666
108	0.00833	0.00679	0.00741	0.00746	0.00936	0.00606	0.00551	0.01094	0.05020	0.01912	0.16306	0.15629	0.49452	0.01603	0.00767	0.00222	0.00340	0.01367	0.00620	0.00576
109	0.01554	0.01489	0.02540	0.12602	0.64982	0.01523	0.01960	0.01943	0.01450	0.02056	0.01207	0.01614	0.01004	0.00584	0.00640	0.00195	0.00779	0.00576	0.00316	0.00987
110	0.81856	0.01250	0.00950	0.00850	0.01250	0.01449	0.00700	0.01899	0.01100	0.02899	0.00900	0.01050	0.00700	0.00600	0.00400	0.00200	0.00500	0.00350	0.00400	0.00700
111	0.02131	0.27057	0.02422	0.01465	0.04983	0.04447	0.01210	0.39425	0.05914	0.02988	0.01357	0.01414	0.01042	0.00695	0.00568	0.00176	0.00711	0.00505	0.00500	0.00991
112	0.01703	0.01732	0.02522	0.03672	0.64171	0.10868	0.01889	0.02059	0.01517	0.02043	0.01188	0.01544	0.00999	0.00587	0.00632	0.00189	0.00818	0.00555	0.00322	0.00988
113	0.29811	0.08177	0.01647	0.01370	0.03701	0.38122	0.01045	0.02232	0.01504	0.02073	0.00970	0.01135	0.00797	0.00623	0.00503	0.00173	0.00854	0.00391	0.00354	0.04519

[dist]
# distance from previous block
# <min> <max>
0	2

[block]
# block no. 1 follows, 34 sequences, length 38
# corresponding to MSA columns:
# 189-226
name=unknown_B
#
# <colnr> <probs for GDERKNQSTAVLIFYWHMCP>
#	G	D	E	R	K	N	Q	S	T	A	V	L	I	F	Y	W	H	M	C	P
0	0.05110	0.01326	0.01796	0.08638	0.02095	0.01374	0.10720	0.15465	0.14952	0.07006	0.13112	0.02272	0.02020	0.00795	0.00652	0.00194	0.00629	0.00698	0.00546	0.10599
1	0.77243	0.01241	0.00982	0.00867	0.01273	0.01420	0.00714	0.01972	0.01143	0.07036	0.00996	0.01117	0.00752	0.00611	0.00414	0.00200	0.00503	0.00367	0.00423	0.00723
2	0.01144	0.01386	0.15766	0.01148	0.01526	0.01033	0.01086	0.01884	0.18742	0.02299	0.23358	0.04002	0.15797	0.01167	0.00718	0.00218	0.00516	0.06863	0.00579	0.00767
3	0.00902	0.00660	0.00847	0.00800	0.00958	0.00604	0.00600	0.01196	0.01800	0.02522	0.67527	0.04940	0.11533	0.01347	0.00762	0.00204	0.00307	0.01184	0.00702	0.00604
4	0.01407	0.01332	0.02192	0.38831	0.32479	0.01508	0.01810	0.01892	0.05636	0.01900	0.01254	0.01701	0.00995	0.00650	0.00702	0.00209	0.03734	0.00584	0.00323	0.00862
5	0.00787	0.00562	0.00750	0.00900	0.00937	0.00525	0.00600	0.00900	0.01237	0.01649	0.03561	0.76871	0.04274	0.02024	0.00825	0.00262	0.00375	0.01837	0.00600	0.00525
6	0.00889	0.00659	0.00828	0.00786	0.00950	0.00599	0.00589	0.01170	0.01768	0.02447	0.61601	0.05064	0.17506	0.01375	0.00762	0.00206	0.00309	0.01202	0.00692	0.00599
7	0.02899	0.01100	0.01499	0.01150	0.01649	0.00950	0.00950	0.03149	0.01849	0.73709	0.02549	0.02199	0.01599	0.00800	0.00650	0.00200	0.00550	0.00650	0.00800	0.01100
8	0.05443	0.65269	0.03097	0.01150	0.01681	0.06688	0.01103	0.06155	0.01438	0.01741	0.00944	0.01076	0.00840	0.00575	0.00438	0.00146	0.00711	0.00364	0.00308	0.00835
9	0.01267	0.01196	0.02022	0.66887	0.12937	0.01448	0.01818	0.01692	0.01314	0.01708	0.01157	0.01707	0.00881	0.00637	0.00645	0.00212	0.00850	0.00574	0.00291	0.00755
10	0.01646	0.10552	0.43931	0.01866	0.07457	0.14022	0.03409	0.02184	0.01477	0.05960	0.01191	0.01369	0.00884	0.00623	0.00595	0.00191	0.00931	0.00476	0.00318	0.00918
11	0.02301	0.02626	0.01760	0.01571	0.01928	0.54557	0.01195	0.06895	0.13827	0.05191	0.01379	0.01447	0.01077	0.00714	0.00602	0.00179	0.00999	0.00490	0.00428	0.00833
12	0.04741	0.04724	0.06415	0.32998	0.17067	0.01545	0.07094	0.01783	0.01314	0.01861	0.01122	0.01566	0.00896	0.00657	0.00776	0.00206	0.08681	0.00552	0.00305	0.05696
13	0.01571	0.15298	0.04642	0.07494	0.01989	0.09690	0.08624	0.03821	0.01391	0.06434	0.01606	0.13988	0.01564	0.05419	0.01038	0.00237	0.13284	0.00764	0.00395	0.00750
14	0.04905	0.11837	0.32090	0.04978	0.05796	0.01675	0.25668	0.02016	0.01403	0.02013	0.01168	0.01464	0.00881	0.00581	0.00633	0.00201	0.00937	0.00561	0.00300	0.00893
15	0.01386	0.03113	0.63584	0.01896	0.02798	0.01542	0.08185	0.06225	0.01479	0.02171	0.01196	0.01408	0.00849	0.00618	0.00629	0.00205	0.00952	0.00508	0.00300	0.00956
16	0.00940	0.00626	0.00705	0.00705	0.00705	0.00626	0.00392	0.00940	0.00940	0.01253	0.02036	0.04228	0.02349	0.77292	0.03289	0.00626	0.00626	0.00940	0.00392	0.00392
17	0.00823	0.00593	0.00797	0.02931	0.01044	0.00568	0.00648	0.00949	0.01238	0.01645	0.03405	0.66714	0.04044	0.06030	0.00957	0.00283	0.00415	0.05811	0.00580	0.00527
18	0.00764	0.00652	0.00658	0.00662	0.00875	0.00545	0.00494	0.00926	0.01465	0.01742	0.06449	0.08502	0.70778	0.01649	0.00766	0.00220	0.00329	0.01379	0.00600	0.00545
19	0.01387	0.01385	0.02055	0.13834	0.02222	0.01875	0.04626	0.01594	0.01063	0.01594	0.00918	0.01479	0.00856	0.01025	0.01818	0.00269	0.60421	0.00576	0.00285	0.00716
20	0.01346	0.10494	0.64626	0.01801	0.02707	0.01608	0.04682	0.02036	0.01365	0.01996	0.01139	0.01346	0.00825	0.00606	0.00600	0.00199	0.00934	0.00475	0.00275	0.00940
21	0.01122	0.00561	0.00842	0.00842	0.00842	0.00561	0.00561	0.00842	0.00842	0.01122	0.01122	0.01964	0.01122	0.02245	0.02525	0.81201	0.00561	0.00561	0.00281	0.00281
22	0.02270	0.01682	0.01796	0.01411	0.01886	0.01867	0.01154	0.58078	0.11936	0.03793	0.01726	0.01715	0.01246	0.00787	0.00636	0.00195	0.00660	0.00602	0.05500	0.01059
23	0.00834	0.00603	0.00789	0.00857	0.00945	0.00558	0.00599	0.01021	0.01469	0.02007	0.29719	0.46878	0.07829	0.01744	0.00799	0.00238	0.00347	0.01566	0.00642	0.00558
24	0.01651	0.01428	0.01607	0.01501	0.05598	0.01626	0.02784	0.07017	0.62802	0.02730	0.02463	0.02304	0.01849	0.00847	0.00658	0.00216	0.00550	0.00715	0.00631	0.01023
25	0.01297	0.00791	0.01005	0.00899	0.01132	0.00741	0.00692	0.01702	0.07266	0.14652	0.51380	0.04278	0.09149	0.01217	0.00735	0.00205	0.00364	0.01058	0.00715	0.00721
26	0.32044	0.25765	0.01980	0.01210	0.04788	0.10887	0.00984	0.02128	0.01364	0.09954	0.01112	0.01218	0.00877	0.00611	0.00468	0.00173	0.00661	0.00401	0.00392	0.02984
27	0.26475	0.45974	0.06112	0.01097	0.01610	0.06377	0.01054	0.01967	0.01280	0.01976	0.00918	0.01065	0.00789	0.00577	0.00430	0.00162	0.00673	0.00358	0.00318	0.00791
28	0.01621	0.01708	0.04609	0.04784	0.42624	0.06363	0.17095	0.02180	0.08524	0.02114	0.01359	0.01680	0.01087	0.00607	0.00664	0.00200	0.00846	0.00619	0.00354	0.00963
29	0.01579	0.01557	0.02709	0.03312	0.47713	0.01578	0.16241	0.02168	0.10205	0.02159	0.01399	0.01724	0.01127	0.00623	0.00711	0.00203	0.03015	0.00634	0.00362	0.00982
30	0.00832	0.00655	0.00755	0.00747	0.00916	0.00594	0.00551	0.01025	0.01472	0.01896	0.22390	0.07683	0.41365	0.07143	0.08782	0.00331	0.00493	0.01230	0.00587	0.00554
31	0.01752	0.75059	0.03331	0.01125	0.01670	0.05092	0.01111	0.01957	0.01331	0.01522	0.00902	0.01041	0.00829	0.00557	0.00420	0.00139	0.00708	0.00348	0.00278	0.00826
32	0.00786	0.00568	0.00744	0.00885	0.00933	0.00526	0.00593	0.00901	0.01251	0.01655	0.03743	0.72557	0.08470	0.02001	0.00821	0.00260	0.00372	0.01808	0.00600	0.00526
33	0.00787	0.00562	0.00750	0.00900	0.00937	0.00525	0.00600	0.00900	0.01237	0.01649	0.03561	0.76871	0.04274	0.02024	0.00825	0.00262	0.00375	0.01837	0.00600	0.00525
34	0.02205	0.04026	0.19263	0.01510	0.02121	0.03463	0.04409	0.23886	0.05697	0.24223	0.01770	0.01729	0.01207	0.00730	0.00637	0.00198	0.00739	0.00582	0.00571	0.01034
35	0.01383	0.10403	0.61287	0.04635	0.02717	0.01621	0.02191	0.04906	0.01426	0.02064	0.01150	0.01354	0.00833	0.00616	0.00597	0.00198	0.00915	0.00473	0.00289	0.00939
36	0.22048	0.03734	0.12115	0.03608	0.01934	0.23893	0.01244	0.12303	0.03781	0.05193	0.01373	0.01480	0.03294	0.00698	0.00560	0.00190	0.00812	0.00486	0.00421	0.00834
37	0.31727	0.09253	0.07292	0.01189	0.01685	0.01572	0.03483	0.13769	0.06503	0.07127	0.01362	0.03482	0.01065	0.00685	0.00524	0.00188	0.00610	0.00502	0.00463	0.07518

[dist]
# distance from previous block
# <min> <max>
0	7

# created by:
# /home/berkeley/.conda/envs/busco_data_prod/bin/msa2prfl.pl pipeline/OGs_align_augustus/4893/17488.fs
