[name]
unknown

[dist]
# distance from previous block
# <min> <max>
0	30

[block]
# block no. 0 follows, 33 sequences, length 18
# corresponding to MSA columns:
# 30-47
name=unknown_A
#
# <colnr> <probs for GDERKNQSTAVLIFYWHMCP>
#	G	D	E	R	K	N	Q	S	T	A	V	L	I	F	Y	W	H	M	C	P
0	0.10324	0.01241	0.01421	0.01289	0.03773	0.01308	0.01011	0.17990	0.09772	0.05990	0.04338	0.07886	0.02056	0.01045	0.00723	0.00216	0.03267	0.13142	0.02483	0.10725
1	0.00972	0.00706	0.00845	0.00816	0.00994	0.00644	0.00604	0.03345	0.01683	0.04164	0.36555	0.14366	0.26366	0.03911	0.00860	0.00233	0.00357	0.01300	0.00664	0.00612
2	0.01550	0.01186	0.01486	0.01432	0.06645	0.01268	0.03474	0.08238	0.28738	0.07898	0.12348	0.11875	0.02674	0.03091	0.04788	0.00276	0.00605	0.00921	0.00620	0.00886
3	0.00854	0.00670	0.00773	0.00747	0.00936	0.00588	0.00560	0.01092	0.01680	0.02205	0.39255	0.05633	0.39638	0.01508	0.00777	0.00215	0.00322	0.01291	0.00668	0.00588
4	0.01613	0.01656	0.06526	0.03727	0.63772	0.01567	0.01973	0.02130	0.06519	0.02190	0.01339	0.01675	0.01101	0.00611	0.00652	0.00198	0.00774	0.00592	0.00348	0.01039
5	0.02475	0.01719	0.01886	0.01441	0.01970	0.01846	0.01188	0.58555	0.02846	0.11551	0.01664	0.01638	0.01165	0.00772	0.00647	0.00191	0.00690	0.00587	0.00657	0.06510
6	0.01243	0.01170	0.01975	0.75282	0.04534	0.01463	0.01828	0.01682	0.01316	0.01682	0.01170	0.01755	0.00878	0.00658	0.00658	0.00219	0.00878	0.00585	0.00293	0.00731
7	0.02503	0.01844	0.01976	0.01515	0.02042	0.02042	0.01251	0.70562	0.03095	0.04149	0.01581	0.01581	0.01120	0.00790	0.00659	0.00198	0.00724	0.00593	0.00659	0.01120
8	0.01667	0.01520	0.02578	0.08191	0.65403	0.01531	0.01961	0.02054	0.01506	0.05375	0.01296	0.01665	0.01060	0.00601	0.00653	0.00197	0.00778	0.00590	0.00346	0.01028
9	0.09095	0.01822	0.01794	0.01516	0.04699	0.10840	0.01177	0.43704	0.05037	0.06243	0.06306	0.01773	0.01444	0.00795	0.00637	0.00196	0.00724	0.00600	0.00595	0.01001
10	0.00802	0.00573	0.00764	0.00917	0.00955	0.00535	0.00611	0.00917	0.01260	0.01681	0.03628	0.76434	0.04354	0.02062	0.00840	0.00267	0.00382	0.01872	0.00611	0.00535
11	0.01537	0.01492	0.02580	0.18375	0.50943	0.01571	0.06493	0.01937	0.01443	0.02026	0.01213	0.01656	0.00998	0.00625	0.00731	0.00206	0.04303	0.00598	0.00318	0.00954
12	0.01842	0.60634	0.07939	0.01256	0.01822	0.09688	0.01236	0.05862	0.01492	0.01736	0.00981	0.01121	0.00860	0.00592	0.00466	0.00151	0.00772	0.00382	0.00308	0.00861
13	0.01372	0.01076	0.01200	0.01095	0.01370	0.01173	0.00850	0.05566	0.34938	0.02724	0.26997	0.03444	0.03467	0.01066	0.00695	0.00212	0.00439	0.03156	0.08316	0.00843
14	0.01511	0.05364	0.34984	0.04032	0.12999	0.01619	0.11013	0.06475	0.09332	0.02256	0.01405	0.01633	0.01057	0.00758	0.02520	0.00229	0.00904	0.00578	0.00362	0.00968
15	0.00827	0.00628	0.00750	0.00804	0.00925	0.00564	0.00563	0.00990	0.01440	0.01872	0.17513	0.35021	0.27959	0.05875	0.00944	0.00261	0.00366	0.01528	0.00621	0.00551
16	0.06115	0.21711	0.16346	0.01435	0.02050	0.06573	0.07300	0.02229	0.05896	0.09748	0.01346	0.01461	0.01029	0.00621	0.00556	0.00172	0.00752	0.00485	0.00396	0.13779
17	0.03980	0.03413	0.01230	0.03959	0.01408	0.04624	0.03057	0.08148	0.01643	0.06109	0.14547	0.30710	0.11729	0.01433	0.00745	0.00227	0.00506	0.01251	0.00593	0.00688

[dist]
# distance from previous block
# <min> <max>
1	6

[block]
# block no. 1 follows, 33 sequences, length 37
# corresponding to MSA columns:
# 54-90
name=unknown_B
#
# <colnr> <probs for GDERKNQSTAVLIFYWHMCP>
#	G	D	E	R	K	N	Q	S	T	A	V	L	I	F	Y	W	H	M	C	P
0	0.05249	0.03680	0.01559	0.01411	0.06929	0.09142	0.01017	0.17732	0.05829	0.04453	0.07859	0.16100	0.02148	0.00998	0.00652	0.00193	0.00616	0.00831	0.00537	0.13066
1	0.01933	0.01585	0.01700	0.01600	0.07514	0.05744	0.01169	0.16016	0.44498	0.07492	0.02256	0.02138	0.01673	0.00832	0.00661	0.00212	0.00621	0.00680	0.00631	0.01046
2	0.00830	0.00597	0.00807	0.00922	0.00981	0.00574	0.00635	0.00978	0.01302	0.01765	0.10662	0.61118	0.04263	0.02291	0.08586	0.00345	0.00520	0.01677	0.00596	0.00549
3	0.04293	0.18650	0.23644	0.01827	0.06541	0.04208	0.11641	0.09463	0.05713	0.06018	0.01340	0.01498	0.01010	0.00644	0.00605	0.00193	0.00841	0.00535	0.00387	0.00949
4	0.06641	0.17983	0.03912	0.01542	0.05834	0.01949	0.03897	0.34766	0.04273	0.08222	0.01455	0.01511	0.01081	0.00702	0.00592	0.00185	0.00706	0.00535	0.00526	0.03689
5	0.01214	0.00735	0.00931	0.00859	0.01074	0.00656	0.00652	0.01470	0.01744	0.13682	0.42329	0.10826	0.18513	0.01386	0.00764	0.00215	0.00361	0.01203	0.00707	0.00681
6	0.00802	0.00573	0.00764	0.00917	0.00955	0.00535	0.00611	0.00917	0.01260	0.01681	0.03628	0.76434	0.04354	0.02062	0.00840	0.00267	0.00382	0.01872	0.00611	0.00535
7	0.06431	0.03780	0.09907	0.05537	0.19585	0.08461	0.12292	0.09393	0.06443	0.04450	0.03514	0.01883	0.03961	0.00710	0.00654	0.00202	0.00818	0.00632	0.00420	0.00926
8	0.01588	0.09059	0.16370	0.05223	0.12227	0.01552	0.21439	0.03762	0.01530	0.08206	0.01894	0.02105	0.08346	0.00738	0.00720	0.00208	0.03048	0.00689	0.00392	0.00902
9	0.00810	0.00664	0.00714	0.00710	0.00911	0.00568	0.00529	0.01003	0.01562	0.01945	0.19585	0.09165	0.56308	0.01621	0.00781	0.00221	0.00331	0.01371	0.00634	0.00568
10	0.02503	0.01844	0.01976	0.01515	0.02042	0.02042	0.01251	0.70562	0.03095	0.04149	0.01581	0.01581	0.01120	0.00790	0.00659	0.00198	0.00724	0.00593	0.00659	0.01120
11	0.01741	0.01705	0.14278	0.07516	0.30842	0.01394	0.01688	0.07320	0.03163	0.13291	0.03840	0.05486	0.03238	0.00776	0.00666	0.00206	0.00732	0.00684	0.00457	0.00978
12	0.02002	0.02013	0.05262	0.05672	0.16885	0.23510	0.10022	0.06538	0.01732	0.10942	0.03512	0.01830	0.01268	0.04966	0.00806	0.00219	0.00906	0.00605	0.00425	0.00887
13	0.02459	0.03138	0.01866	0.01696	0.02035	0.74221	0.01272	0.02629	0.01866	0.01611	0.01018	0.01187	0.00848	0.00678	0.00594	0.00170	0.01187	0.00424	0.00339	0.00763
14	0.17686	0.01390	0.02107	0.23436	0.36540	0.01534	0.01681	0.01892	0.01354	0.02161	0.01141	0.01545	0.00923	0.00632	0.00657	0.00207	0.03367	0.00539	0.00332	0.00877
15	0.14868	0.02423	0.01769	0.04942	0.06497	0.43666	0.01247	0.10870	0.01843	0.02189	0.01165	0.01455	0.00961	0.00709	0.00588	0.00186	0.00965	0.02452	0.00395	0.00811
16	0.00780	0.00661	0.00673	0.00683	0.00894	0.00554	0.00507	0.00943	0.01485	0.01772	0.06470	0.10923	0.68031	0.01693	0.00782	0.00225	0.00337	0.01421	0.00611	0.00554
17	0.02454	0.02465	0.01944	0.01681	0.04233	0.37145	0.01285	0.35383	0.02447	0.02852	0.01296	0.01391	0.00985	0.00730	0.00627	0.00184	0.00951	0.00510	0.00493	0.00944
18	0.01568	0.01379	0.01854	0.02257	0.27847	0.01461	0.01342	0.06252	0.29730	0.02544	0.09829	0.02466	0.04353	0.00837	0.00672	0.00206	0.00598	0.00737	0.00537	0.03530
19	0.01994	0.02381	0.01691	0.01630	0.04863	0.49720	0.01190	0.02190	0.01613	0.01612	0.01220	0.01583	0.01068	0.01813	0.20100	0.00409	0.03345	0.00510	0.00341	0.00728
20	0.01243	0.01170	0.01975	0.75282	0.04534	0.01463	0.01828	0.01682	0.01316	0.01682	0.01170	0.01755	0.00878	0.00658	0.00658	0.00219	0.00878	0.00585	0.00293	0.00731
21	0.00795	0.00599	0.00737	0.00847	0.00937	0.00541	0.00580	0.00924	0.01327	0.01708	0.04473	0.56968	0.23276	0.01953	0.00823	0.00255	0.00368	0.01738	0.00611	0.00541
22	0.01265	0.01192	0.02014	0.71278	0.08369	0.01468	0.01839	0.01701	0.01327	0.01708	0.01174	0.01748	0.00887	0.00654	0.00658	0.00218	0.00872	0.00585	0.00294	0.00749
23	0.00810	0.00579	0.00771	0.00911	0.00957	0.00540	0.00612	0.00936	0.01296	0.01737	0.07699	0.72201	0.04464	0.02020	0.00836	0.00264	0.00378	0.01831	0.00618	0.00540
24	0.01810	0.01500	0.01586	0.01375	0.01778	0.01718	0.01084	0.16905	0.57879	0.03033	0.02460	0.02281	0.01832	0.00873	0.00668	0.00218	0.00562	0.00714	0.00668	0.01058
25	0.00923	0.00700	0.01009	0.01006	0.01137	0.00786	0.00780	0.01155	0.01142	0.01607	0.05638	0.03087	0.09221	0.04427	0.63124	0.00931	0.01546	0.00800	0.00397	0.00586
26	0.01241	0.00968	0.01427	0.01741	0.17559	0.00948	0.03072	0.06740	0.01527	0.04807	0.05210	0.41528	0.05363	0.01489	0.00772	0.00239	0.00532	0.03549	0.00553	0.00735
27	0.01612	0.01665	0.06567	0.03922	0.68911	0.01562	0.02043	0.02024	0.01493	0.02147	0.01235	0.01616	0.01031	0.00589	0.00650	0.00196	0.00793	0.00581	0.00323	0.01039
28	0.05766	0.08901	0.64144	0.01764	0.02674	0.01608	0.02238	0.02068	0.01371	0.02092	0.01147	0.01347	0.00828	0.00620	0.00598	0.00203	0.00927	0.00469	0.00285	0.00949
29	0.13549	0.17836	0.04177	0.01367	0.01840	0.16836	0.01162	0.22255	0.10397	0.02682	0.01351	0.01416	0.01047	0.00701	0.00560	0.00184	0.00767	0.00489	0.00468	0.00917
30	0.01629	0.01564	0.02672	0.04041	0.72757	0.01564	0.02020	0.02020	0.01499	0.02151	0.01238	0.01629	0.01043	0.00587	0.00652	0.00196	0.00782	0.00587	0.00326	0.01043
31	0.01470	0.01606	0.03267	0.02415	0.02909	0.01638	0.51196	0.01921	0.01408	0.01958	0.01296	0.01802	0.01043	0.01114	0.08646	0.00320	0.14102	0.00735	0.00327	0.00828
32	0.03292	0.00685	0.00808	0.00780	0.00960	0.00622	0.00584	0.01152	0.01698	0.02328	0.45949	0.08038	0.27807	0.01457	0.00768	0.00214	0.00327	0.01257	0.00673	0.00599
33	0.05989	0.01150	0.01336	0.00980	0.01529	0.00908	0.00786	0.01790	0.01418	0.08384	0.04366	0.01578	0.01244	0.00560	0.00511	0.00117	0.00487	0.00446	0.00442	0.65978
34	0.00802	0.00668	0.00700	0.00692	0.00904	0.00566	0.00519	0.00991	0.01557	0.01913	0.16943	0.06114	0.62132	0.01617	0.00778	0.00220	0.00330	0.01358	0.00629	0.00566
35	0.06635	0.01352	0.01452	0.01247	0.01609	0.03732	0.02996	0.16550	0.28659	0.04388	0.11072	0.05696	0.09766	0.01018	0.00683	0.00214	0.00551	0.00844	0.00632	0.00904
36	0.02162	0.04980	0.12464	0.01493	0.02057	0.08026	0.01354	0.39625	0.05737	0.06359	0.03408	0.01645	0.01235	0.00749	0.00632	0.00190	0.00757	0.00567	0.00553	0.06008

[dist]
# distance from previous block
# <min> <max>
7	14

[block]
# block no. 2 follows, 33 sequences, length 41
# corresponding to MSA columns:
# 105-145
name=unknown_C
#
# <colnr> <probs for GDERKNQSTAVLIFYWHMCP>
#	G	D	E	R	K	N	Q	S	T	A	V	L	I	F	Y	W	H	M	C	P
0	0.10495	0.22072	0.07461	0.01401	0.04963	0.05492	0.03220	0.09748	0.09000	0.02394	0.13216	0.02003	0.01897	0.00790	0.00634	0.00190	0.03102	0.00606	0.00459	0.00856
1	0.01587	0.08792	0.11707	0.01258	0.01687	0.03156	0.01160	0.06804	0.16301	0.10430	0.07333	0.05431	0.10149	0.01081	0.00693	0.00219	0.00611	0.10165	0.00571	0.00863
2	0.01374	0.02593	0.44627	0.02048	0.08923	0.01479	0.11262	0.02137	0.07930	0.02205	0.07701	0.01876	0.01463	0.00701	0.00666	0.00210	0.00874	0.00621	0.00366	0.00943
3	0.00858	0.00591	0.00766	0.00867	0.00914	0.00556	0.00575	0.00931	0.01226	0.01626	0.06232	0.52816	0.08525	0.10801	0.01301	0.08361	0.00425	0.01574	0.00558	0.00499
4	0.00948	0.00674	0.00898	0.00898	0.00960	0.00736	0.00623	0.01073	0.01011	0.01410	0.01910	0.03396	0.01997	0.38771	0.40902	0.00861	0.01234	0.00824	0.00374	0.00499
5	0.01213	0.00740	0.00929	0.00843	0.01062	0.00661	0.00641	0.01473	0.01758	0.13353	0.45015	0.04788	0.19683	0.03881	0.00846	0.00224	0.00365	0.01144	0.00703	0.00677
6	0.01629	0.01564	0.02672	0.04041	0.72757	0.01564	0.02020	0.02020	0.01499	0.02151	0.01238	0.01629	0.01043	0.00587	0.00652	0.00196	0.00782	0.00587	0.00326	0.01043
7	0.01760	0.77260	0.03450	0.01126	0.01690	0.02605	0.01126	0.01971	0.01338	0.01549	0.00915	0.01056	0.00845	0.00563	0.00422	0.00141	0.00704	0.00352	0.00282	0.00845
8	0.00797	0.00593	0.00744	0.00864	0.00941	0.00539	0.00588	0.00923	0.01311	0.01701	0.04265	0.61754	0.18623	0.01980	0.00827	0.00258	0.00372	0.01771	0.00611	0.00539
9	0.81514	0.01273	0.00968	0.00866	0.01273	0.01477	0.00713	0.01935	0.01120	0.02954	0.00917	0.01069	0.00713	0.00611	0.00407	0.00204	0.00509	0.00356	0.00407	0.00713
10	0.01361	0.01170	0.01388	0.03771	0.01672	0.00900	0.00820	0.01659	0.01363	0.02128	0.01170	0.01380	0.00971	0.00494	0.00494	0.00102	0.00502	0.00397	0.00386	0.77872
11	0.01554	0.01776	0.03885	0.02775	0.03441	0.01665	0.70366	0.02109	0.01554	0.02109	0.01332	0.01776	0.00999	0.00555	0.00777	0.00222	0.01110	0.00777	0.00333	0.00888
12	0.00805	0.00668	0.00704	0.00695	0.00905	0.00567	0.00521	0.00996	0.01563	0.01927	0.17992	0.06091	0.61075	0.01612	0.00778	0.00220	0.00330	0.01355	0.00631	0.00567
13	0.11827	0.01753	0.01842	0.01427	0.01939	0.01940	0.01179	0.60282	0.02823	0.06258	0.01535	0.01542	0.01088	0.00770	0.00629	0.00198	0.00694	0.00567	0.00634	0.01072
14	0.01134	0.00578	0.00867	0.00867	0.00872	0.00583	0.00583	0.00872	0.00867	0.01161	0.01172	0.02028	0.01166	0.02408	0.05839	0.77211	0.00626	0.00578	0.00289	0.00300
15	0.01243	0.01170	0.01975	0.75282	0.04534	0.01463	0.01828	0.01682	0.01316	0.01682	0.01170	0.01755	0.00878	0.00658	0.00658	0.00219	0.00878	0.00585	0.00293	0.00731
16	0.00832	0.00592	0.00789	0.00935	0.00982	0.00559	0.00643	0.00959	0.01271	0.01690	0.03553	0.67272	0.04224	0.05065	0.00948	0.00286	0.00413	0.07849	0.00602	0.00536
17	0.00932	0.00673	0.00880	0.00828	0.00984	0.00621	0.00621	0.01242	0.01863	0.02640	0.72410	0.04918	0.06212	0.01346	0.00776	0.00207	0.00311	0.01191	0.00725	0.00621
18	0.00957	0.00638	0.00718	0.00718	0.00718	0.00638	0.00399	0.00957	0.00957	0.01276	0.02074	0.04308	0.02393	0.76864	0.03351	0.00638	0.00638	0.00957	0.00399	0.00399
19	0.01021	0.00661	0.00793	0.00785	0.00899	0.00627	0.00549	0.01209	0.01434	0.04136	0.25895	0.11223	0.09190	0.23500	0.01494	0.00336	0.00432	0.03437	0.11822	0.00556
20	0.01099	0.00696	0.00826	0.00811	0.01000	0.00630	0.00613	0.01324	0.01557	0.08431	0.20003	0.13385	0.25992	0.03842	0.00821	0.00232	0.00379	0.05922	0.11814	0.00625
21	0.01320	0.03405	0.73453	0.01876	0.02849	0.01529	0.02432	0.02085	0.01390	0.02085	0.01181	0.01390	0.00834	0.00625	0.00625	0.00208	0.00973	0.00486	0.00278	0.00973
22	0.00940	0.00705	0.01058	0.01058	0.01176	0.00823	0.00823	0.01176	0.01058	0.01528	0.01763	0.02586	0.01646	0.04937	0.74255	0.01058	0.01763	0.00705	0.00353	0.00588
23	0.00836	0.00595	0.00749	0.00857	0.00920	0.00553	0.00574	0.00961	0.01288	0.01724	0.06718	0.56515	0.11180	0.08948	0.01052	0.00290	0.00395	0.01658	0.03654	0.00531
24	0.81514	0.01273	0.00968	0.00866	0.01273	0.01477	0.00713	0.01935	0.01120	0.02954	0.00917	0.01069	0.00713	0.00611	0.00407	0.00204	0.00509	0.00356	0.00407	0.00713
25	0.01365	0.01170	0.01365	0.00975	0.01560	0.00878	0.00780	0.01658	0.01365	0.02145	0.01170	0.01365	0.00975	0.00488	0.00488	0.00098	0.00488	0.00390	0.00390	0.80888
26	0.00787	0.00662	0.00683	0.00690	0.00898	0.00558	0.00513	0.00958	0.01504	0.01815	0.09741	0.10467	0.65126	0.01675	0.00782	0.00224	0.00335	0.01408	0.00617	0.00558
27	0.00798	0.00588	0.00748	0.00876	0.00944	0.00538	0.00593	0.00921	0.01300	0.01697	0.04125	0.64975	0.15492	0.01998	0.00830	0.00260	0.00374	0.01793	0.00611	0.00538
28	0.00858	0.00663	0.00783	0.00767	0.00942	0.00588	0.00570	0.01095	0.01669	0.02211	0.39999	0.10592	0.33829	0.01531	0.00782	0.00218	0.00325	0.01322	0.00669	0.00588
29	0.01440	0.01440	0.02016	0.01728	0.01728	0.02016	0.01440	0.01584	0.01008	0.01584	0.00864	0.01440	0.00864	0.01152	0.02160	0.00288	0.75659	0.00576	0.00288	0.00720
30	0.02314	0.01660	0.01803	0.01435	0.01919	0.01832	0.01168	0.46222	0.21322	0.10314	0.01971	0.01878	0.01406	0.00820	0.00662	0.00205	0.00654	0.00640	0.00676	0.01099
31	0.01007	0.00643	0.00828	0.00892	0.00997	0.00589	0.00618	0.01150	0.01375	0.07856	0.10517	0.51498	0.10623	0.06939	0.00984	0.00277	0.00403	0.01593	0.00625	0.00586
32	0.01014	0.00668	0.00860	0.00906	0.00998	0.00639	0.00647	0.01175	0.01371	0.05073	0.17144	0.26574	0.03966	0.22647	0.01530	0.00362	0.00485	0.12804	0.00584	0.00553
33	0.00941	0.00703	0.01045	0.01045	0.01159	0.00816	0.00807	0.01167	0.01054	0.01519	0.01775	0.02650	0.01674	0.07605	0.71625	0.01042	0.01722	0.00715	0.00354	0.00581
34	0.04685	0.01009	0.01289	0.05582	0.05686	0.05659	0.00977	0.01433	0.01182	0.04049	0.01726	0.08556	0.01662	0.06492	0.37779	0.03974	0.06484	0.00753	0.00381	0.00641
35	0.00802	0.00573	0.00764	0.00917	0.00955	0.00535	0.00611	0.00917	0.01260	0.01681	0.03628	0.76434	0.04354	0.02062	0.00840	0.00267	0.00382	0.01872	0.00611	0.00535
36	0.02522	0.01813	0.01956	0.01500	0.02026	0.01995	0.01239	0.67646	0.03043	0.07139	0.01625	0.01609	0.01142	0.00791	0.00659	0.00198	0.00717	0.00596	0.00665	0.01120
37	0.01558	0.01348	0.01969	0.06997	0.14084	0.01434	0.10967	0.05007	0.28678	0.05425	0.02243	0.13477	0.01936	0.00950	0.00706	0.00223	0.00661	0.00875	0.00535	0.00928
38	0.01656	0.01738	0.01887	0.18135	0.11650	0.20886	0.06206	0.06377	0.04531	0.01990	0.02129	0.05125	0.11182	0.00863	0.00668	0.00202	0.00830	0.00726	0.02424	0.00794
39	0.01562	0.04590	0.09591	0.07372	0.02085	0.01153	0.05060	0.03727	0.01470	0.09064	0.01320	0.01502	0.01015	0.00564	0.00552	0.00142	0.00631	0.00469	0.00411	0.47719
40	0.01792	0.11124	0.19296	0.01555	0.04231	0.04416	0.03533	0.14040	0.13306	0.08708	0.01669	0.01850	0.01283	0.04143	0.05932	0.00277	0.00835	0.00591	0.00472	0.00948

[dist]
# distance from previous block
# <min> <max>
5	10

[block]
# block no. 3 follows, 33 sequences, length 80
# corresponding to MSA columns:
# 156-235
name=unknown_D
#
# <colnr> <probs for GDERKNQSTAVLIFYWHMCP>
#	G	D	E	R	K	N	Q	S	T	A	V	L	I	F	Y	W	H	M	C	P
0	0.01602	0.03889	0.01841	0.13435	0.11550	0.01368	0.04906	0.14768	0.06659	0.06407	0.21024	0.02612	0.02538	0.00872	0.00683	0.00201	0.00632	0.00763	0.00543	0.03706
1	0.05362	0.03827	0.15246	0.08801	0.02276	0.16518	0.05045	0.04094	0.01509	0.02014	0.01401	0.01629	0.04438	0.00683	0.00668	0.00177	0.04633	0.00518	0.00358	0.20802
2	0.00979	0.00756	0.01129	0.07033	0.01445	0.00861	0.00888	0.01238	0.01149	0.01645	0.06982	0.02653	0.01903	0.04173	0.60331	0.00894	0.01540	0.00721	0.00377	0.03303
3	0.02229	0.22612	0.02267	0.01514	0.01921	0.46962	0.01224	0.07799	0.01811	0.01808	0.01120	0.01399	0.00970	0.00696	0.00564	0.00169	0.01002	0.02766	0.00358	0.00808
4	0.01386	0.05672	0.04056	0.01016	0.01614	0.01001	0.00859	0.01691	0.01364	0.02108	0.01156	0.01348	0.00962	0.00497	0.00489	0.00104	0.00517	0.00391	0.00380	0.73387
5	0.04072	0.00932	0.01200	0.01062	0.01219	0.00981	0.05142	0.04367	0.07300	0.06958	0.02074	0.05828	0.02103	0.42962	0.04679	0.00484	0.04679	0.02879	0.00465	0.00613
6	0.00879	0.00625	0.00810	0.00910	0.00976	0.00600	0.00629	0.01033	0.02870	0.01714	0.07338	0.49941	0.07474	0.09074	0.03441	0.04312	0.00469	0.05798	0.00575	0.00533
7	0.02362	0.02882	0.01821	0.01642	0.01983	0.63796	0.01242	0.07028	0.03784	0.01804	0.01137	0.01318	0.00938	0.00909	0.04354	0.00218	0.01168	0.00458	0.00370	0.00785
8	0.01647	0.01468	0.02462	0.24958	0.35943	0.01555	0.08427	0.07922	0.01607	0.05698	0.01324	0.01707	0.01025	0.00634	0.00667	0.00206	0.00826	0.00609	0.00370	0.00945
9	0.00927	0.00675	0.00824	0.00835	0.00969	0.00630	0.00598	0.03323	0.01583	0.02153	0.30821	0.26810	0.16867	0.06225	0.00940	0.00253	0.00370	0.01382	0.03232	0.00585
10	0.02159	0.00943	0.01241	0.01024	0.01401	0.00820	0.00817	0.02396	0.01770	0.46478	0.12778	0.09323	0.13711	0.01124	0.00711	0.00212	0.00476	0.00948	0.00754	0.00915
11	0.00943	0.00695	0.01004	0.01004	0.01102	0.00793	0.00755	0.01141	0.01042	0.01488	0.01813	0.02861	0.01765	0.16427	0.62929	0.00991	0.01584	0.00746	0.00360	0.00558
12	0.01290	0.00983	0.01190	0.07989	0.01545	0.01056	0.00864	0.14791	0.07205	0.02169	0.02884	0.15914	0.13712	0.10900	0.10092	0.04485	0.00707	0.01014	0.00522	0.00688
13	0.00875	0.00625	0.00847	0.01000	0.01070	0.00597	0.00738	0.01043	0.01332	0.01762	0.03588	0.57018	0.04195	0.01994	0.00860	0.00277	0.00445	0.20569	0.00610	0.00555
14	0.01007	0.00918	0.00871	0.00834	0.01041	0.07983	0.00625	0.01231	0.01680	0.02100	0.31891	0.05262	0.39291	0.01442	0.00759	0.00211	0.00410	0.01214	0.00628	0.00602
15	0.01058	0.00728	0.00951	0.01022	0.01171	0.00704	0.00800	0.01366	0.05067	0.05523	0.13586	0.29554	0.09232	0.01724	0.00833	0.00262	0.00462	0.24690	0.00639	0.00628
16	0.18603	0.00959	0.01100	0.00947	0.01290	0.00915	0.00751	0.02056	0.01611	0.29066	0.15428	0.08819	0.13654	0.01097	0.00661	0.00212	0.00455	0.00900	0.00665	0.00811
17	0.01440	0.01440	0.02016	0.01728	0.01728	0.02016	0.01440	0.01584	0.01008	0.01584	0.00864	0.01440	0.00864	0.01152	0.02160	0.00288	0.75659	0.00576	0.00288	0.00720
18	0.00940	0.00705	0.01058	0.01058	0.01176	0.00823	0.00823	0.01176	0.01058	0.01528	0.01763	0.02586	0.01646	0.04937	0.74255	0.01058	0.01763	0.00705	0.00353	0.00588
19	0.10474	0.00823	0.00939	0.00944	0.01128	0.00836	0.00689	0.01568	0.10817	0.06148	0.14736	0.34818	0.08389	0.03623	0.00813	0.00248	0.00417	0.01304	0.00620	0.00668
20	0.01629	0.01564	0.02672	0.04041	0.72757	0.01564	0.02020	0.02020	0.01499	0.02151	0.01238	0.01629	0.01043	0.00587	0.00652	0.00196	0.00782	0.00587	0.00326	0.01043
21	0.01243	0.01170	0.01975	0.75282	0.04534	0.01463	0.01828	0.01682	0.01316	0.01682	0.01170	0.01755	0.00878	0.00658	0.00658	0.00219	0.00878	0.00585	0.00293	0.00731
22	0.01240	0.02938	0.61273	0.01705	0.02532	0.01367	0.02125	0.01906	0.01405	0.02068	0.05174	0.08549	0.03243	0.00820	0.00657	0.00214	0.00869	0.00672	0.00340	0.00904
23	0.00908	0.00623	0.00734	0.00773	0.00797	0.00607	0.00467	0.00955	0.01089	0.01449	0.04998	0.23684	0.05694	0.51521	0.02497	0.00509	0.00547	0.01226	0.00474	0.00449
24	0.01320	0.03405	0.73453	0.01876	0.02849	0.01529	0.02432	0.02085	0.01390	0.02085	0.01181	0.01390	0.00834	0.00625	0.00625	0.00208	0.00973	0.00486	0.00278	0.00973
25	0.01932	0.01560	0.01654	0.01399	0.01824	0.01775	0.01113	0.26328	0.48259	0.03229	0.02305	0.02158	0.01707	0.00858	0.00666	0.00215	0.00590	0.00693	0.00666	0.01068
26	0.00895	0.00620	0.00789	0.00892	0.00981	0.00569	0.00620	0.01028	0.01322	0.04284	0.04008	0.56168	0.15065	0.04982	0.00929	0.00275	0.00402	0.05004	0.00610	0.00557
27	0.00957	0.00638	0.00718	0.00718	0.00718	0.00638	0.00399	0.00957	0.00957	0.01276	0.02074	0.04308	0.02393	0.76864	0.03351	0.00638	0.00638	0.00957	0.00399	0.00399
28	0.00861	0.00645	0.00799	0.00814	0.00954	0.00583	0.00590	0.01085	0.01617	0.02181	0.38539	0.24368	0.21328	0.01613	0.00794	0.00227	0.00335	0.01419	0.00668	0.00583
29	0.01440	0.01440	0.02016	0.01728	0.01728	0.02016	0.01440	0.01584	0.01008	0.01584	0.00864	0.01440	0.00864	0.01152	0.02160	0.00288	0.75659	0.00576	0.00288	0.00720
30	0.01780	0.01669	0.02807	0.05526	0.27235	0.01702	0.24067	0.17012	0.06834	0.02596	0.01443	0.01730	0.01108	0.00645	0.00696	0.00207	0.00861	0.00661	0.00424	0.00997
31	0.00957	0.00638	0.00718	0.00718	0.00718	0.00638	0.00399	0.00957	0.00957	0.01276	0.02074	0.04308	0.02393	0.76864	0.03351	0.00638	0.00638	0.00957	0.00399	0.00399
32	0.02439	0.01789	0.01884	0.01476	0.01978	0.04529	0.01208	0.55659	0.10507	0.09084	0.01758	0.01712	0.01246	0.00799	0.00658	0.00200	0.00706	0.00609	0.00660	0.01098
33	0.01322	0.01343	0.02422	0.01909	0.02270	0.03859	0.33948	0.03847	0.01462	0.01955	0.02170	0.30194	0.02267	0.01186	0.00893	0.00242	0.06360	0.01161	0.00446	0.00744
34	0.02446	0.04238	0.05916	0.01317	0.01856	0.01457	0.01142	0.29071	0.02264	0.31623	0.04262	0.01911	0.01457	0.00777	0.00640	0.00191	0.00639	0.00609	0.00667	0.07519
35	0.01637	0.01414	0.01489	0.01340	0.01712	0.01637	0.01042	0.03498	0.71568	0.02754	0.02679	0.02456	0.02010	0.00893	0.00670	0.00223	0.00521	0.00744	0.00670	0.01042
36	0.01061	0.00758	0.01061	0.01212	0.01364	0.00758	0.01061	0.01364	0.01515	0.01970	0.03486	0.07426	0.03789	0.01819	0.00909	0.00303	0.00606	0.68326	0.00606	0.00606
37	0.01365	0.01170	0.01365	0.00975	0.01560	0.00878	0.00780	0.01658	0.01365	0.02145	0.01170	0.01365	0.00975	0.00488	0.00488	0.00098	0.00488	0.00390	0.00390	0.80888
38	0.00820	0.00593	0.00746	0.00861	0.00916	0.00551	0.00570	0.00925	0.01248	0.01638	0.03777	0.58704	0.12042	0.11924	0.01166	0.00311	0.00410	0.01694	0.00583	0.00519
39	0.00957	0.00638	0.00718	0.00718	0.00718	0.00638	0.00399	0.00957	0.00957	0.01276	0.02074	0.04308	0.02393	0.76864	0.03351	0.00638	0.00638	0.00957	0.00399	0.00399
40	0.02459	0.03138	0.01866	0.01696	0.02035	0.74221	0.01272	0.02629	0.01866	0.01611	0.01018	0.01187	0.00848	0.00678	0.00594	0.00170	0.01187	0.00424	0.00339	0.00763
41	0.00817	0.00609	0.00760	0.00849	0.00945	0.00552	0.00588	0.00972	0.01405	0.01848	0.14778	0.50238	0.19502	0.01867	0.00817	0.00248	0.00360	0.01663	0.00628	0.00552
42	0.00957	0.00638	0.00718	0.00718	0.00718	0.00638	0.00399	0.00957	0.00957	0.01276	0.02074	0.04308	0.02393	0.76864	0.03351	0.00638	0.00638	0.00957	0.00399	0.00399
43	0.01629	0.01564	0.02672	0.04041	0.72757	0.01564	0.02020	0.02020	0.01499	0.02151	0.01238	0.01629	0.01043	0.00587	0.00652	0.00196	0.00782	0.00587	0.00326	0.01043
44	0.02459	0.03138	0.01866	0.01696	0.02035	0.74221	0.01272	0.02629	0.01866	0.01611	0.01018	0.01187	0.00848	0.00678	0.00594	0.00170	0.01187	0.00424	0.00339	0.00763
45	0.02276	0.01642	0.01752	0.01372	0.01837	0.01811	0.01124	0.57458	0.05657	0.03838	0.01711	0.01748	0.01241	0.00791	0.00629	0.00192	0.00653	0.00602	0.12625	0.01041
46	0.01036	0.00700	0.00782	0.00759	0.00785	0.00710	0.00442	0.04504	0.01066	0.01423	0.02049	0.04169	0.02328	0.72987	0.03214	0.00616	0.00643	0.00939	0.00412	0.00436
47	0.01440	0.01440	0.02016	0.01728	0.01728	0.02016	0.01440	0.01584	0.01008	0.01584	0.00864	0.01440	0.00864	0.01152	0.02160	0.00288	0.75659	0.00576	0.00288	0.00720
48	0.00940	0.00705	0.01058	0.01058	0.01176	0.00823	0.00823	0.01176	0.01058	0.01528	0.01763	0.02586	0.01646	0.04937	0.74255	0.01058	0.01763	0.00705	0.00353	0.00588
49	0.01144	0.00572	0.00858	0.00858	0.00858	0.00572	0.00572	0.00858	0.00858	0.01144	0.01144	0.02001	0.01144	0.02287	0.02573	0.80846	0.00572	0.00572	0.00286	0.00286
50	0.00880	0.00669	0.00799	0.00767	0.00938	0.00600	0.00569	0.01126	0.01694	0.02276	0.46315	0.05375	0.28820	0.05196	0.00904	0.00234	0.00335	0.01247	0.00670	0.00588
51	0.00802	0.00573	0.00764	0.00917	0.00955	0.00535	0.00611	0.00917	0.01260	0.01681	0.03628	0.76434	0.04354	0.02062	0.00840	0.00267	0.00382	0.01872	0.00611	0.00535
52	0.02466	0.02943	0.01882	0.01669	0.02036	0.63373	0.01269	0.12838	0.02050	0.01993	0.01102	0.01246	0.00889	0.00695	0.00603	0.00174	0.01118	0.00449	0.00387	0.00817
53	0.81514	0.01273	0.00968	0.00866	0.01273	0.01477	0.00713	0.01935	0.01120	0.02954	0.00917	0.01069	0.00713	0.00611	0.00407	0.00204	0.00509	0.00356	0.00407	0.00713
54	0.01704	0.00879	0.01135	0.01049	0.01328	0.00807	0.00828	0.05370	0.01656	0.27728	0.03584	0.24289	0.13311	0.01449	0.00768	0.00240	0.00492	0.11907	0.00686	0.00791
55	0.00778	0.00667	0.00667	0.00667	0.00889	0.00556	0.00500	0.00945	0.01501	0.01778	0.06669	0.06336	0.72490	0.01667	0.00778	0.00222	0.00333	0.01389	0.00611	0.00556
56	0.10737	0.01481	0.01671	0.01299	0.01794	0.01543	0.01071	0.36572	0.02408	0.29134	0.04331	0.01884	0.01440	0.00800	0.00638	0.00201	0.00628	0.00614	0.00692	0.01061
57	0.01021	0.00635	0.00818	0.00891	0.00960	0.00596	0.00591	0.01120	0.01241	0.07636	0.03170	0.52910	0.03655	0.19844	0.01426	0.00351	0.00458	0.01551	0.00578	0.00552
58	0.59571	0.01411	0.01235	0.01036	0.01476	0.01603	0.00855	0.19103	0.01635	0.05237	0.01130	0.01230	0.00840	0.00662	0.00477	0.00202	0.00564	0.00424	0.00482	0.00826
59	0.00940	0.00705	0.01058	0.01058	0.01176	0.00823	0.00823	0.01176	0.01058	0.01528	0.01763	0.02586	0.01646	0.04937	0.74255	0.01058	0.01763	0.00705	0.00353	0.00588
60	0.00941	0.00631	0.00723	0.00739	0.00743	0.00627	0.00422	0.00953	0.00990	0.01320	0.02241	0.12037	0.02604	0.68848	0.03082	0.00598	0.00611	0.01055	0.00422	0.00413
61	0.81514	0.01273	0.00968	0.00866	0.01273	0.01477	0.00713	0.01935	0.01120	0.02954	0.00917	0.01069	0.00713	0.00611	0.00407	0.00204	0.00509	0.00356	0.00407	0.00713
62	0.00970	0.00727	0.01093	0.01138	0.03525	0.00833	0.00840	0.01186	0.01063	0.01528	0.01737	0.02596	0.01636	0.07253	0.66982	0.03598	0.01652	0.00706	0.00351	0.00586
63	0.81514	0.01273	0.00968	0.00866	0.01273	0.01477	0.00713	0.01935	0.01120	0.02954	0.00917	0.01069	0.00713	0.00611	0.00407	0.00204	0.00509	0.00356	0.00407	0.00713
64	0.00957	0.00641	0.00732	0.00732	0.00737	0.00646	0.00416	0.00966	0.00962	0.01287	0.02061	0.04237	0.02363	0.73903	0.06270	0.00656	0.00685	0.00947	0.00397	0.00407
65	0.00993	0.00789	0.00936	0.00856	0.01110	0.00660	0.00626	0.01192	0.01410	0.01952	0.13310	0.24416	0.17971	0.06119	0.00871	0.00222	0.00409	0.01173	0.00548	0.24437
66	0.00876	0.00618	0.00742	0.00800	0.00868	0.00582	0.00525	0.00988	0.01264	0.01691	0.10382	0.34244	0.13326	0.25324	0.01598	0.00367	0.00446	0.01404	0.03449	0.00507
67	0.13536	0.10711	0.02002	0.01588	0.08755	0.10193	0.03649	0.19579	0.04237	0.06788	0.01336	0.01448	0.01024	0.00659	0.00567	0.00176	0.00715	0.00497	0.00468	0.12071
68	0.02052	0.36491	0.02528	0.01391	0.01825	0.36280	0.01172	0.02306	0.04093	0.01665	0.03932	0.01324	0.01106	0.00661	0.00526	0.00160	0.00910	0.00434	0.00341	0.00804
69	0.01981	0.17452	0.05835	0.01417	0.05857	0.03702	0.03599	0.14148	0.01847	0.18202	0.05414	0.02309	0.05093	0.00827	0.00617	0.00190	0.00652	0.03412	0.06528	0.00919
70	0.01534	0.03882	0.03575	0.04126	0.20671	0.01433	0.06049	0.02450	0.27392	0.04342	0.03864	0.05948	0.04202	0.00848	0.00662	0.00209	0.00624	0.00758	0.06498	0.00933
71	0.00838	0.00618	0.00790	0.00864	0.00957	0.00579	0.00603	0.01000	0.01379	0.01840	0.16232	0.44083	0.15172	0.05127	0.06415	0.00324	0.00475	0.01549	0.00604	0.00552
72	0.01224	0.04166	0.06590	0.04798	0.01384	0.00976	0.02967	0.05818	0.01287	0.04615	0.05658	0.05980	0.02188	0.40772	0.08410	0.00505	0.00766	0.00861	0.00432	0.00602
73	0.01626	0.04627	0.05688	0.16937	0.27676	0.03680	0.03098	0.11502	0.01621	0.02205	0.01239	0.01616	0.01000	0.00776	0.00802	0.07345	0.00778	0.00556	0.00364	0.06864
74	0.01233	0.00761	0.00972	0.00915	0.01108	0.00722	0.00686	0.04185	0.01584	0.11626	0.23985	0.16133	0.14928	0.04335	0.09510	0.04325	0.00570	0.01146	0.00621	0.00656
75	0.00926	0.00692	0.01028	0.01043	0.01153	0.00793	0.00801	0.01149	0.01079	0.01544	0.01955	0.10188	0.01925	0.04641	0.66697	0.00977	0.01621	0.00825	0.00379	0.00582
76	0.04602	0.06770	0.08161	0.04071	0.02071	0.09734	0.01298	0.37887	0.04644	0.08867	0.04404	0.01696	0.01304	0.00767	0.00631	0.00195	0.00758	0.00577	0.00562	0.01002
77	0.01684	0.01183	0.01710	0.05023	0.22033	0.01227	0.01253	0.04386	0.11474	0.15410	0.01953	0.02469	0.01608	0.07976	0.14986	0.00408	0.00875	0.02956	0.00497	0.00891
78	0.00946	0.00653	0.00829	0.00893	0.00985	0.00624	0.00614	0.01143	0.03752	0.04364	0.11112	0.46151	0.09037	0.11300	0.04113	0.00332	0.00470	0.01517	0.00596	0.00570
79	0.13212	0.01344	0.01993	0.16189	0.27718	0.01560	0.01542	0.01766	0.01259	0.01991	0.01155	0.01695	0.01012	0.04656	0.03627	0.00273	0.17289	0.00573	0.00328	0.00817

[dist]
# distance from previous block
# <min> <max>
0	5

[block]
# block no. 4 follows, 33 sequences, length 34
# corresponding to MSA columns:
# 241-274
name=unknown_E
#
# <colnr> <probs for GDERKNQSTAVLIFYWHMCP>
#	G	D	E	R	K	N	Q	S	T	A	V	L	I	F	Y	W	H	M	C	P
0	0.13878	0.01874	0.01740	0.12378	0.02241	0.18319	0.01231	0.28825	0.02114	0.05265	0.01337	0.01515	0.01006	0.00930	0.04338	0.00239	0.00869	0.00526	0.00484	0.00893
1	0.01477	0.01167	0.01352	0.03567	0.06752	0.04287	0.00968	0.06173	0.23803	0.06992	0.11518	0.20193	0.02890	0.04767	0.00844	0.00244	0.00540	0.01034	0.00608	0.00826
2	0.00811	0.00590	0.00767	0.00904	0.00966	0.00546	0.00619	0.00939	0.01296	0.01703	0.03928	0.66420	0.11181	0.02012	0.00837	0.00264	0.00387	0.04679	0.00611	0.00540
3	0.01002	0.00732	0.00854	0.00839	0.01033	0.00676	0.00622	0.01338	0.07104	0.05602	0.24457	0.18784	0.31414	0.01547	0.00775	0.00226	0.00362	0.01337	0.00658	0.00637
4	0.33267	0.01298	0.01368	0.01111	0.01573	0.01357	0.00912	0.11772	0.06688	0.31707	0.01815	0.01713	0.01233	0.00738	0.00563	0.00204	0.00560	0.00540	0.00626	0.00957
5	0.00830	0.00591	0.00757	0.00872	0.00916	0.00555	0.00573	0.00936	0.01244	0.01655	0.05988	0.59545	0.06876	0.13907	0.01234	0.00322	0.00418	0.01682	0.00581	0.00517
6	0.00957	0.00638	0.00718	0.00718	0.00718	0.00638	0.00399	0.00957	0.00957	0.01276	0.02074	0.04308	0.02393	0.76864	0.03351	0.00638	0.00638	0.00957	0.00399	0.00399
7	0.07624	0.00863	0.01000	0.00928	0.01178	0.00847	0.00716	0.01775	0.10309	0.11952	0.25901	0.10968	0.15712	0.01281	0.00719	0.00218	0.00407	0.03501	0.03371	0.00728
8	0.00964	0.00692	0.00860	0.00904	0.01035	0.00657	0.00644	0.01272	0.06893	0.04320	0.20393	0.42176	0.13280	0.01709	0.00798	0.00242	0.00375	0.01520	0.00649	0.00616
9	0.02442	0.01625	0.01793	0.01389	0.01870	0.01751	0.01134	0.54034	0.02730	0.14557	0.01783	0.01879	0.01294	0.05695	0.00828	0.00226	0.00683	0.00627	0.02602	0.01061
10	0.01320	0.03405	0.73453	0.01876	0.02849	0.01529	0.02432	0.02085	0.01390	0.02085	0.01181	0.01390	0.00834	0.00625	0.00625	0.00208	0.00973	0.00486	0.00278	0.00973
11	0.04057	0.00875	0.01014	0.00965	0.01163	0.00877	0.00709	0.08944	0.05722	0.09552	0.05124	0.25083	0.09370	0.14685	0.01191	0.00302	0.00493	0.03897	0.05293	0.00684
12	0.01096	0.00577	0.00838	0.00852	0.00856	0.00573	0.00562	0.00871	0.00904	0.01206	0.01457	0.09366	0.01552	0.08148	0.02467	0.66744	0.00559	0.00728	0.00326	0.00319
13	0.02317	0.02907	0.01774	0.01615	0.01937	0.67348	0.01211	0.02499	0.01865	0.01707	0.07685	0.01536	0.01349	0.00741	0.00611	0.00173	0.01105	0.00496	0.00375	0.00750
14	0.01131	0.00677	0.00819	0.00817	0.00881	0.00654	0.00517	0.01188	0.01128	0.08659	0.02479	0.18726	0.02750	0.52032	0.02506	0.00510	0.00578	0.02953	0.00489	0.00505
15	0.00942	0.00689	0.01018	0.01025	0.01135	0.00784	0.00786	0.01135	0.01069	0.01518	0.01969	0.06158	0.04039	0.04519	0.63621	0.06316	0.01572	0.00774	0.00369	0.00564
16	0.01203	0.00900	0.00981	0.00899	0.01158	0.00896	0.00692	0.06233	0.15285	0.04563	0.19360	0.04455	0.30545	0.01275	0.00714	0.00210	0.00395	0.01070	0.08442	0.00725
17	0.01440	0.01440	0.02016	0.01728	0.01728	0.02016	0.01440	0.01584	0.01008	0.01584	0.00864	0.01440	0.00864	0.01152	0.02160	0.00288	0.75659	0.00576	0.00288	0.00720
18	0.00830	0.00644	0.00775	0.00810	0.00955	0.00589	0.00588	0.01015	0.01453	0.01885	0.17563	0.26512	0.32758	0.02053	0.08168	0.00317	0.00487	0.01427	0.00607	0.00565
19	0.01613	0.01541	0.02811	0.13361	0.44488	0.01549	0.17780	0.02043	0.01502	0.04973	0.01306	0.01705	0.01034	0.00598	0.00682	0.00205	0.00862	0.00634	0.00343	0.00968
20	0.00802	0.00573	0.00764	0.00917	0.00955	0.00535	0.00611	0.00917	0.01260	0.01681	0.03628	0.76434	0.04354	0.02062	0.00840	0.00267	0.00382	0.01872	0.00611	0.00535
21	0.01243	0.01170	0.01975	0.75282	0.04534	0.01463	0.01828	0.01682	0.01316	0.01682	0.01170	0.01755	0.00878	0.00658	0.00658	0.00219	0.00878	0.00585	0.00293	0.00731
22	0.01089	0.00926	0.01411	0.30199	0.07907	0.01023	0.01198	0.01407	0.03719	0.01793	0.06717	0.24386	0.08974	0.01292	0.00827	0.04319	0.00612	0.01080	0.00457	0.00662
23	0.01120	0.00582	0.00852	0.00852	0.00856	0.00587	0.00565	0.00878	0.00874	0.01169	0.01249	0.02230	0.01274	0.09106	0.05168	0.70803	0.00620	0.00611	0.00298	0.00307
24	0.81514	0.01273	0.00968	0.00866	0.01273	0.01477	0.00713	0.01935	0.01120	0.02954	0.00917	0.01069	0.00713	0.00611	0.00407	0.00204	0.00509	0.00356	0.00407	0.00713
25	0.01747	0.67354	0.09923	0.01220	0.01812	0.05412	0.01254	0.02009	0.01364	0.01601	0.00944	0.01093	0.00844	0.00574	0.00448	0.00148	0.00749	0.00367	0.00284	0.00853
26	0.01871	0.01368	0.08238	0.01617	0.06874	0.01174	0.09638	0.08964	0.01668	0.24515	0.02092	0.11079	0.01722	0.01645	0.14017	0.00368	0.00893	0.00803	0.00549	0.00905
27	0.01530	0.01726	0.03745	0.02698	0.03338	0.01620	0.66953	0.02072	0.01552	0.02102	0.01438	0.02054	0.01136	0.00617	0.00783	0.00226	0.01085	0.04104	0.00346	0.00874
28	0.01614	0.01475	0.02496	0.11201	0.60701	0.01498	0.01916	0.01996	0.01487	0.04815	0.01359	0.04031	0.01153	0.00649	0.00659	0.00201	0.00771	0.00630	0.00350	0.00997
29	0.01953	0.01474	0.04476	0.11066	0.35512	0.01433	0.01630	0.10166	0.01740	0.18740	0.01667	0.04407	0.01278	0.00724	0.00661	0.00203	0.00727	0.00647	0.00482	0.01014
30	0.01472	0.01496	0.02060	0.05574	0.27198	0.10646	0.07925	0.01764	0.01461	0.01893	0.02099	0.13367	0.07633	0.01022	0.00854	0.00223	0.08058	0.04042	0.00403	0.00810
31	0.81514	0.01273	0.00968	0.00866	0.01273	0.01477	0.00713	0.01935	0.01120	0.02954	0.00917	0.01069	0.00713	0.00611	0.00407	0.00204	0.00509	0.00356	0.00407	0.00713
32	0.01738	0.02001	0.01387	0.01278	0.01548	0.39640	0.00960	0.02000	0.04009	0.01957	0.21613	0.03095	0.14089	0.01031	0.00676	0.00190	0.00785	0.00803	0.00500	0.00699
33	0.01969	0.01424	0.01519	0.01343	0.03208	0.05978	0.01033	0.06313	0.40466	0.18599	0.05219	0.02455	0.04032	0.00882	0.00666	0.00210	0.00573	0.00724	0.00668	0.02720

[dist]
# distance from previous block
# <min> <max>
0	1

[block]
# block no. 5 follows, 33 sequences, length 72
# corresponding to MSA columns:
# 276-347
name=unknown_F
#
# <colnr> <probs for GDERKNQSTAVLIFYWHMCP>
#	G	D	E	R	K	N	Q	S	T	A	V	L	I	F	Y	W	H	M	C	P
0	0.01590	0.01494	0.04464	0.02905	0.39418	0.01425	0.11748	0.05732	0.04201	0.05240	0.09887	0.02302	0.05088	0.00754	0.00691	0.00204	0.00738	0.00729	0.00436	0.00953
1	0.01243	0.01170	0.01975	0.75282	0.04534	0.01463	0.01828	0.01682	0.01316	0.01682	0.01170	0.01755	0.00878	0.00658	0.00658	0.00219	0.00878	0.00585	0.00293	0.00731
2	0.00918	0.00669	0.00863	0.00822	0.00977	0.00614	0.00614	0.01213	0.01820	0.02554	0.66001	0.07575	0.10112	0.01391	0.00779	0.00210	0.00315	0.01227	0.00714	0.00614
3	0.01501	0.01166	0.01379	0.00992	0.01570	0.00885	0.00796	0.01790	0.01409	0.08204	0.01292	0.01440	0.01031	0.00515	0.00502	0.00107	0.00494	0.00413	0.00426	0.74088
4	0.00803	0.00623	0.00734	0.00820	0.00944	0.00554	0.00582	0.00949	0.01378	0.01737	0.04964	0.42412	0.34403	0.01877	0.00816	0.00249	0.00371	0.04626	0.00611	0.00547
5	0.02212	0.09110	0.14145	0.01669	0.02146	0.51482	0.01456	0.06814	0.01821	0.01848	0.01073	0.01236	0.00863	0.00667	0.00589	0.00176	0.01082	0.00440	0.00345	0.00828
6	0.04203	0.18536	0.22597	0.01665	0.02308	0.08148	0.09839	0.14136	0.08212	0.02378	0.01328	0.01469	0.01012	0.00661	0.00601	0.00192	0.00851	0.00525	0.00397	0.00941
7	0.77986	0.01299	0.01013	0.00895	0.01307	0.01502	0.00737	0.05000	0.01209	0.03007	0.00946	0.01092	0.00731	0.00619	0.00419	0.00203	0.00519	0.00367	0.00419	0.00731
8	0.00821	0.00641	0.00735	0.00788	0.00932	0.00569	0.00568	0.00979	0.01421	0.01788	0.09672	0.28104	0.39293	0.05829	0.00943	0.00262	0.00378	0.05121	0.00607	0.00548
9	0.00957	0.00638	0.00718	0.00718	0.00718	0.00638	0.00399	0.00957	0.00957	0.01276	0.02074	0.04308	0.02393	0.76864	0.03351	0.00638	0.00638	0.00957	0.00399	0.00399
10	0.01866	0.01803	0.02334	0.06351	0.45106	0.13488	0.01725	0.08021	0.06321	0.04619	0.01368	0.01633	0.01093	0.00650	0.00645	0.00195	0.00823	0.00573	0.00394	0.00992
11	0.00899	0.00656	0.00779	0.00815	0.00965	0.00591	0.00590	0.01066	0.01433	0.04234	0.11911	0.28192	0.33338	0.05228	0.03940	0.00290	0.00435	0.03458	0.00610	0.00571
12	0.00909	0.00618	0.00732	0.00780	0.00792	0.00606	0.00465	0.00945	0.01052	0.01403	0.02562	0.26937	0.03009	0.53396	0.02563	0.00522	0.00558	0.01244	0.00465	0.00442
13	0.00932	0.00673	0.00880	0.00828	0.00984	0.00621	0.00621	0.01242	0.01863	0.02640	0.72410	0.04918	0.06212	0.01346	0.00776	0.00207	0.00311	0.01191	0.00725	0.00621
14	0.02916	0.01181	0.01566	0.01200	0.01711	0.01058	0.00992	0.08889	0.01986	0.67388	0.02511	0.02185	0.01587	0.00813	0.00662	0.00203	0.00574	0.00656	0.00802	0.01120
15	0.01365	0.01170	0.01365	0.00975	0.01560	0.00878	0.00780	0.01658	0.01365	0.02145	0.01170	0.01365	0.00975	0.00488	0.00488	0.00098	0.00488	0.00390	0.00390	0.80888
16	0.02459	0.03138	0.01866	0.01696	0.02035	0.74221	0.01272	0.02629	0.01866	0.01611	0.01018	0.01187	0.00848	0.00678	0.00594	0.00170	0.01187	0.00424	0.00339	0.00763
17	0.00940	0.00705	0.01058	0.01058	0.01176	0.00823	0.00823	0.01176	0.01058	0.01528	0.01763	0.02586	0.01646	0.04937	0.74255	0.01058	0.01763	0.00705	0.00353	0.00588
18	0.01734	0.01430	0.01519	0.01345	0.01731	0.01640	0.01052	0.07541	0.65107	0.05187	0.02610	0.02396	0.01943	0.00884	0.00669	0.00221	0.00535	0.00732	0.00674	0.01049
19	0.00951	0.00635	0.00720	0.00727	0.00728	0.00634	0.00408	0.00956	0.00970	0.01294	0.02141	0.07420	0.02478	0.73636	0.03242	0.00622	0.00627	0.00997	0.00408	0.00405
20	0.01320	0.03405	0.73453	0.01876	0.02849	0.01529	0.02432	0.02085	0.01390	0.02085	0.01181	0.01390	0.00834	0.00625	0.00625	0.00208	0.00973	0.00486	0.00278	0.00973
21	0.01170	0.00861	0.01036	0.00928	0.01140	0.00852	0.00708	0.11192	0.04090	0.02752	0.53419	0.04420	0.08942	0.04529	0.00868	0.00226	0.00392	0.01093	0.00693	0.00692
22	0.01083	0.00585	0.00827	0.00844	0.00858	0.00584	0.00559	0.00914	0.00941	0.01285	0.01582	0.10466	0.01674	0.10595	0.04483	0.57228	0.00582	0.00763	0.03798	0.00349
23	0.02731	0.01477	0.01749	0.01341	0.01859	0.01497	0.01107	0.36418	0.02481	0.39160	0.02096	0.01915	0.01378	0.00803	0.00660	0.00201	0.00641	0.00628	0.00738	0.01120
24	0.01144	0.00572	0.00858	0.00858	0.00858	0.00572	0.00572	0.00858	0.00858	0.01144	0.01144	0.02001	0.01144	0.02287	0.02573	0.80846	0.00572	0.00572	0.00286	0.00286
25	0.00879	0.00732	0.00763	0.00751	0.00967	0.00662	0.00562	0.01192	0.07467	0.01886	0.09765	0.05829	0.56611	0.06131	0.00928	0.00249	0.00374	0.03052	0.00610	0.00593
