[name]
unknown

[dist]
# distance from previous block
# <min> <max>
10	15

[block]
# block no. 0 follows, 34 sequences, length 209
# corresponding to MSA columns:
# 15-223
name=unknown_A
#
# <colnr> <probs for GDERKNQSTAVLIFYWHMCP>
#	G	D	E	R	K	N	Q	S	T	A	V	L	I	F	Y	W	H	M	C	P
0	0.01314	0.00722	0.00925	0.00914	0.01055	0.00677	0.00635	0.01482	0.03347	0.17309	0.04852	0.37827	0.03182	0.21004	0.01412	0.00339	0.00479	0.01298	0.00595	0.00633
1	0.20719	0.01224	0.01354	0.01126	0.01548	0.01272	0.00909	0.07718	0.18116	0.31494	0.04167	0.04286	0.01653	0.00822	0.00602	0.00206	0.00529	0.00645	0.00654	0.00958
2	0.02731	0.01064	0.01437	0.01114	0.01589	0.00919	0.00916	0.02977	0.01828	0.67925	0.04595	0.02487	0.05623	0.00859	0.00659	0.00201	0.00531	0.00702	0.00786	0.01057
3	0.02347	0.01760	0.01854	0.01456	0.01946	0.03797	0.01191	0.57552	0.12849	0.05963	0.01722	0.01684	0.01232	0.00788	0.00646	0.00197	0.00689	0.00601	0.00645	0.01079
4	0.01708	0.01570	0.02658	0.02133	0.07835	0.01599	0.33350	0.17534	0.09131	0.02610	0.01570	0.01825	0.01185	0.00671	0.00715	0.00205	0.02673	0.00682	0.09431	0.00915
5	0.01382	0.00764	0.01013	0.00892	0.01126	0.00690	0.00690	0.01673	0.01834	0.19329	0.56359	0.04208	0.05038	0.01198	0.00736	0.00202	0.00362	0.01046	0.00732	0.00725
6	0.02326	0.01537	0.01682	0.01365	0.01759	0.08227	0.01104	0.26876	0.04194	0.26418	0.01937	0.07547	0.01482	0.00913	0.00825	0.00210	0.09311	0.00688	0.00623	0.00975
7	0.05131	0.01104	0.01484	0.01141	0.01638	0.00964	0.00943	0.03114	0.01828	0.71707	0.02502	0.02167	0.01574	0.00794	0.00643	0.00200	0.00548	0.00641	0.00788	0.01088
8	0.00856	0.00658	0.00793	0.00831	0.00992	0.00595	0.00640	0.01072	0.01527	0.01975	0.21931	0.17008	0.32895	0.01646	0.00797	0.00236	0.00379	0.13974	0.00627	0.00567
9	0.81856	0.01250	0.00950	0.00850	0.01250	0.01449	0.00700	0.01899	0.01100	0.02899	0.00900	0.01050	0.00700	0.00600	0.00400	0.00200	0.00500	0.00350	0.00400	0.00700
10	0.01514	0.30892	0.44065	0.01560	0.02333	0.05666	0.01853	0.02032	0.01369	0.01827	0.01054	0.01232	0.00823	0.00594	0.00538	0.00178	0.00868	0.00425	0.00277	0.00898
11	0.00787	0.00562	0.00750	0.00900	0.00937	0.00525	0.00600	0.00900	0.01237	0.01649	0.03561	0.76871	0.04274	0.02024	0.00825	0.00262	0.00375	0.01837	0.00600	0.00525
12	0.21173	0.01134	0.01372	0.01080	0.01557	0.01065	0.00892	0.02860	0.01676	0.57321	0.02167	0.01933	0.01391	0.00753	0.00592	0.00200	0.00538	0.00580	0.00707	0.01007
13	0.00940	0.00626	0.00705	0.00705	0.00705	0.00626	0.00392	0.00940	0.00940	0.01253	0.02036	0.04228	0.02349	0.77292	0.03289	0.00626	0.00626	0.00940	0.00392	0.00392
14	0.02414	0.03079	0.01831	0.01665	0.01998	0.74698	0.01248	0.02580	0.01831	0.01581	0.00999	0.01165	0.00832	0.00666	0.00583	0.00166	0.01165	0.00416	0.00333	0.00749
15	0.00790	0.00591	0.00736	0.00850	0.00935	0.00537	0.00588	0.00921	0.01302	0.01682	0.04279	0.57512	0.20898	0.01923	0.00812	0.00253	0.00370	0.03891	0.00600	0.00532
16	0.81856	0.01250	0.00950	0.00850	0.01250	0.01449	0.00700	0.01899	0.01100	0.02899	0.00900	0.01050	0.00700	0.00600	0.00400	0.00200	0.00500	0.00350	0.00400	0.00700
17	0.00932	0.00679	0.00879	0.00826	0.00984	0.00635	0.00620	0.01277	0.03649	0.02594	0.71101	0.04764	0.05990	0.01309	0.00759	0.00204	0.00310	0.01157	0.00710	0.00620
18	0.01592	0.01580	0.04372	0.03914	0.71533	0.01534	0.01993	0.01985	0.01469	0.02109	0.01214	0.01593	0.01018	0.00577	0.00639	0.00192	0.00772	0.00573	0.00319	0.01022
19	0.02110	0.02538	0.01886	0.02016	0.15365	0.51991	0.01327	0.02416	0.05891	0.01758	0.01478	0.01633	0.05390	0.00721	0.00609	0.00178	0.01000	0.00523	0.00366	0.00804
20	0.02186	0.02693	0.01894	0.01773	0.05100	0.57559	0.01313	0.02358	0.01654	0.01600	0.00980	0.01232	0.00844	0.00751	0.00879	0.00190	0.15468	0.00452	0.00323	0.00753
21	0.01727	0.77681	0.03386	0.01106	0.01658	0.02557	0.01106	0.01935	0.01313	0.01520	0.00898	0.01036	0.00829	0.00553	0.00415	0.00138	0.00691	0.00345	0.00276	0.00829
22	0.81856	0.01250	0.00950	0.00850	0.01250	0.01449	0.00700	0.01899	0.01100	0.02899	0.00900	0.01050	0.00700	0.00600	0.00400	0.00200	0.00500	0.00350	0.00400	0.00700
23	0.01801	0.01484	0.01570	0.01354	0.01754	0.01698	0.01070	0.18856	0.56357	0.03015	0.02384	0.02215	0.01773	0.00854	0.00655	0.00213	0.00557	0.00697	0.00655	0.01040
24	0.01204	0.00602	0.00602	0.00602	0.00753	0.00602	0.00452	0.01506	0.01355	0.02409	0.02108	0.02409	0.01656	0.00753	0.00452	0.00151	0.00301	0.00602	0.80879	0.00602
25	0.01599	0.01535	0.02623	0.03966	0.73262	0.01535	0.01983	0.01983	0.01471	0.02111	0.01215	0.01599	0.01023	0.00576	0.00640	0.00192	0.00768	0.00576	0.00320	0.01023
26	0.02069	0.03722	0.03985	0.01423	0.01878	0.01729	0.03136	0.46927	0.06489	0.05403	0.01638	0.01780	0.01236	0.01482	0.13709	0.00344	0.00892	0.00607	0.00568	0.00984
27	0.01492	0.01296	0.01539	0.01520	0.07988	0.01444	0.03173	0.02908	0.52818	0.02572	0.10211	0.05884	0.02412	0.00939	0.00678	0.00217	0.00523	0.00815	0.00621	0.00951
28	0.01983	0.08651	0.05131	0.01963	0.02542	0.05864	0.28827	0.31661	0.02166	0.02851	0.01354	0.01554	0.01004	0.00653	0.00667	0.00197	0.00892	0.00620	0.00458	0.00961
29	0.01691	0.66855	0.05606	0.01310	0.01887	0.02420	0.08994	0.01953	0.01338	0.01598	0.00952	0.01126	0.00846	0.00554	0.00460	0.00149	0.00744	0.00396	0.00282	0.00838
30	0.00925	0.00685	0.01002	0.01002	0.01105	0.00788	0.00762	0.01130	0.01028	0.01473	0.01764	0.02723	0.01695	0.12745	0.66942	0.00994	0.01610	0.00719	0.00351	0.00557
31	0.01181	0.02562	0.52347	0.01699	0.05452	0.01256	0.01919	0.01755	0.01337	0.01949	0.01767	0.20392	0.01698	0.00967	0.00668	0.00219	0.00801	0.00824	0.00357	0.00850
32	0.02268	0.07465	0.06326	0.01465	0.01933	0.23762	0.01230	0.22610	0.11610	0.12603	0.01600	0.01594	0.01170	0.00734	0.00611	0.00187	0.00812	0.00538	0.00526	0.00955
33	0.01662	0.66354	0.14137	0.01218	0.01832	0.02396	0.01301	0.01952	0.01321	0.01600	0.00938	0.01086	0.00828	0.00562	0.00445	0.00148	0.00731	0.00366	0.00276	0.00848
34	0.00829	0.00580	0.00737	0.00846	0.00874	0.00553	0.00543	0.00911	0.01156	0.01541	0.03144	0.56996	0.03747	0.22617	0.01499	0.00362	0.00444	0.01591	0.00543	0.00488
35	0.01711	0.13537	0.23565	0.02072	0.08585	0.11837	0.19197	0.06070	0.01581	0.04143	0.01204	0.01439	0.00919	0.00606	0.00623	0.00191	0.00937	0.00541	0.00336	0.00905
36	0.01545	0.00939	0.01152	0.01054	0.03015	0.00911	0.00794	0.02125	0.16288	0.20323	0.26217	0.05687	0.14962	0.01150	0.00711	0.00209	0.00426	0.00983	0.00692	0.00816
37	0.00787	0.00562	0.00750	0.00900	0.00937	0.00525	0.00600	0.00900	0.01237	0.01649	0.03561	0.76871	0.04274	0.02024	0.00825	0.00262	0.00375	0.01837	0.00600	0.00525
38	0.01599	0.01516	0.02554	0.08936	0.66253	0.01542	0.01947	0.04065	0.01506	0.02138	0.01221	0.01606	0.01014	0.00587	0.00640	0.00194	0.00772	0.00576	0.00327	0.01004
39	0.28446	0.07702	0.03797	0.01107	0.01622	0.01429	0.02859	0.13131	0.01569	0.06850	0.01197	0.01315	0.00918	0.00598	0.00496	0.00163	0.00577	0.00430	0.00442	0.25350
40	0.00923	0.00692	0.01038	0.01038	0.01154	0.00808	0.00808	0.01154	0.01038	0.01500	0.01731	0.02538	0.01615	0.04846	0.74732	0.01038	0.01731	0.00692	0.00346	0.00577
41	0.08735	0.01376	0.01416	0.01274	0.01642	0.01593	0.00994	0.03297	0.65788	0.02720	0.02476	0.02290	0.01859	0.00852	0.00635	0.00217	0.00510	0.00697	0.00635	0.00994
42	0.02145	0.25614	0.02344	0.01393	0.01868	0.14390	0.01186	0.32247	0.06408	0.02714	0.01303	0.01374	0.01016	0.00703	0.00600	0.00176	0.02619	0.00489	0.00470	0.00942
43	0.01518	0.01325	0.01576	0.01690	0.13477	0.01474	0.01129	0.02919	0.51945	0.02565	0.08760	0.02608	0.04375	0.00890	0.00667	0.00213	0.00530	0.00763	0.00604	0.00971
44	0.00885	0.00659	0.00823	0.00782	0.00947	0.00597	0.00587	0.01162	0.01760	0.02426	0.59976	0.05098	0.19144	0.01382	0.00762	0.00206	0.00309	0.01207	0.00690	0.00597
45	0.01599	0.01535	0.02623	0.03966	0.73262	0.01535	0.01983	0.01983	0.01471	0.02111	0.01215	0.01599	0.01023	0.00576	0.00640	0.00192	0.00768	0.00576	0.00320	0.01023
46	0.00909	0.00655	0.00829	0.00789	0.00923	0.00608	0.00572	0.01163	0.01684	0.02355	0.59177	0.04821	0.09365	0.12032	0.01118	0.00264	0.00351	0.01147	0.00660	0.00575
47	0.00923	0.00692	0.01038	0.01038	0.01154	0.00808	0.00808	0.01154	0.01038	0.01500	0.01731	0.02538	0.01615	0.04846	0.74732	0.01038	0.01731	0.00692	0.00346	0.00577
48	0.02868	0.01150	0.01530	0.01173	0.01674	0.01024	0.00969	0.07926	0.01933	0.68814	0.02479	0.02154	0.01564	0.00798	0.00650	0.00200	0.00561	0.00645	0.00789	0.01100
49	0.02407	0.01137	0.01444	0.01147	0.01580	0.01075	0.00932	0.11710	0.06939	0.47320	0.14599	0.02584	0.02338	0.00892	0.00669	0.00201	0.00526	0.00736	0.00754	0.01009
50	0.02456	0.01810	0.01939	0.01487	0.02004	0.02004	0.01228	0.71107	0.03038	0.04072	0.01551	0.01551	0.01099	0.00776	0.00646	0.00194	0.00711	0.00582	0.00646	0.01099
51	0.01727	0.77681	0.03386	0.01106	0.01658	0.02557	0.01106	0.01935	0.01313	0.01520	0.00898	0.01036	0.00829	0.00553	0.00415	0.00138	0.00691	0.00345	0.00276	0.00829
52	0.01204	0.00602	0.00602	0.00602	0.00753	0.00602	0.00452	0.01506	0.01355	0.02409	0.02108	0.02409	0.01656	0.00753	0.00452	0.00151	0.00301	0.00602	0.80879	0.00602
53	0.02414	0.03079	0.01831	0.01665	0.01998	0.74698	0.01248	0.02580	0.01831	0.01581	0.00999	0.01165	0.00832	0.00666	0.00583	0.00166	0.01165	0.00416	0.00333	0.00749
54	0.01607	0.01388	0.01461	0.01315	0.01680	0.01607	0.01023	0.03433	0.72094	0.02703	0.02630	0.02411	0.01972	0.00877	0.00657	0.00219	0.00511	0.00731	0.00657	0.01023
55	0.00787	0.00562	0.00750	0.00900	0.00937	0.00525	0.00600	0.00900	0.01237	0.01649	0.03561	0.76871	0.04274	0.02024	0.00825	0.00262	0.00375	0.01837	0.00600	0.00525
56	0.01506	0.01878	0.09718	0.02649	0.03328	0.01623	0.65145	0.02068	0.01512	0.02068	0.01295	0.01711	0.00967	0.00550	0.00750	0.00217	0.01078	0.00739	0.00322	0.00878
57	0.02038	0.02460	0.01650	0.01493	0.01776	0.54915	0.03317	0.02180	0.01641	0.01552	0.01449	0.01808	0.05259	0.06389	0.04197	0.05244	0.01063	0.00541	0.00350	0.00679
58	0.00787	0.00565	0.00747	0.00893	0.00935	0.00525	0.00597	0.00900	0.01244	0.01652	0.03647	0.74842	0.06247	0.02013	0.00823	0.00261	0.00374	0.01823	0.00600	0.00525
59	0.73270	0.01233	0.01009	0.00882	0.01293	0.01395	0.00727	0.02035	0.01181	0.10600	0.01079	0.01175	0.00798	0.00622	0.00427	0.00200	0.00505	0.00382	0.00443	0.00743
60	0.01340	0.01148	0.01340	0.00957	0.01531	0.00861	0.00766	0.01627	0.01340	0.02105	0.01148	0.01340	0.00957	0.00479	0.00479	0.00096	0.00479	0.00383	0.00383	0.81242
61	0.02899	0.01100	0.01499	0.01150	0.01649	0.00950	0.00950	0.03149	0.01849	0.73709	0.02549	0.02199	0.01599	0.00800	0.00650	0.00200	0.00550	0.00650	0.00800	0.01100
62	0.02536	0.01015	0.01379	0.01095	0.01525	0.00884	0.00888	0.02784	0.01809	0.60934	0.10852	0.07116	0.02291	0.00936	0.00674	0.00204	0.00510	0.00784	0.00777	0.01007
63	0.01352	0.11815	0.63719	0.01784	0.02684	0.01626	0.04328	0.02034	0.01363	0.01987	0.01134	0.01338	0.00825	0.00605	0.00596	0.00197	0.00929	0.00471	0.00275	0.00938
64	0.02184	0.04135	0.10543	0.07005	0.08249	0.12855	0.10897	0.02543	0.01658	0.30898	0.01712	0.01757	0.01179	0.00685	0.00642	0.00196	0.00812	0.00587	0.00508	0.00955
65	0.01979	0.02148	0.32962	0.01911	0.12984	0.01292	0.03415	0.02472	0.01575	0.30283	0.01719	0.01738	0.01161	0.00680	0.00635	0.00201	0.00770	0.00567	0.00489	0.01020
66	0.76953	0.01363	0.01004	0.00900	0.01296	0.05971	0.00734	0.01941	0.01145	0.02818	0.00906	0.01057	0.00708	0.00604	0.00411	0.00198	0.00541	0.00354	0.00396	0.00703
67	0.00940	0.00626	0.00705	0.00705	0.00705	0.00626	0.00392	0.00940	0.00940	0.01253	0.02036	0.04228	0.02349	0.77292	0.03289	0.00626	0.00626	0.00940	0.00392	0.00392
68	0.10668	0.01629	0.04268	0.08748	0.20362	0.05600	0.08481	0.10869	0.18196	0.02504	0.01543	0.01717	0.01184	0.00683	0.00627	0.00203	0.00739	0.00595	0.00445	0.00937
69	0.01017	0.00680	0.00819	0.00800	0.00988	0.00600	0.00593	0.01224	0.01576	0.08748	0.26860	0.19186	0.31445	0.01533	0.00764	0.00220	0.00350	0.01327	0.00654	0.00614
70	0.00952	0.00622	0.00714	0.00714	0.00714	0.00622	0.00403	0.00933	0.00933	0.01244	0.01972	0.04069	0.02263	0.72017	0.03235	0.06291	0.00622	0.00913	0.00384	0.00384
71	0.00870	0.00622	0.00809	0.00835	0.00933	0.00580	0.00588	0.01079	0.01538	0.02135	0.41629	0.31082	0.05116	0.07973	0.00998	0.00260	0.00357	0.01393	0.00644	0.00560
72	0.81856	0.01250	0.00950	0.00850	0.01250	0.01449	0.00700	0.01899	0.01100	0.02899	0.00900	0.01050	0.00700	0.00600	0.00400	0.00200	0.00500	0.00350	0.00400	0.00700
73	0.00875	0.00659	0.00809	0.00772	0.00941	0.00593	0.00579	0.01143	0.01736	0.02370	0.55593	0.05190	0.23562	0.01403	0.00762	0.00207	0.00311	0.01219	0.00682	0.00593
74	0.01122	0.00561	0.00842	0.00842	0.00842	0.00561	0.00561	0.00842	0.00842	0.01122	0.01122	0.01964	0.01122	0.02245	0.02525	0.81201	0.00561	0.00561	0.00281	0.00281
75	0.01340	0.01148	0.01340	0.00957	0.01531	0.00861	0.00766	0.01627	0.01340	0.02105	0.01148	0.01340	0.00957	0.00479	0.00479	0.00096	0.00479	0.00383	0.00383	0.81242
76	0.01979	0.10912	0.01883	0.01475	0.01824	0.35287	0.01160	0.02754	0.27342	0.01982	0.01573	0.01620	0.01249	0.00758	0.00686	0.00190	0.05498	0.00532	0.00442	0.00855
77	0.01698	0.71781	0.03228	0.01094	0.01649	0.02426	0.01079	0.01911	0.01315	0.01565	0.00918	0.01060	0.00839	0.00547	0.00420	0.00135	0.00675	0.00348	0.00285	0.07028
78	0.01794	0.68915	0.05139	0.01149	0.01709	0.02448	0.01143	0.06060	0.01432	0.03842	0.00993	0.01110	0.00868	0.00575	0.00441	0.00145	0.00695	0.00372	0.00314	0.00857
79	0.02723	0.01286	0.01603	0.01240	0.01736	0.01239	0.01021	0.19520	0.05929	0.53115	0.02313	0.02055	0.01499	0.00798	0.00649	0.00200	0.00587	0.00638	0.00755	0.01095
80	0.01414	0.01414	0.01979	0.01696	0.01696	0.01979	0.01414	0.01555	0.00990	0.01555	0.00848	0.01414	0.00848	0.01131	0.02120	0.00283	0.76110	0.00565	0.00283	0.00707
81	0.00924	0.00645	0.00823	0.00833	0.00875	0.00683	0.00549	0.01012	0.00992	0.01363	0.02024	0.08125	0.02213	0.47485	0.27950	0.00747	0.00994	0.00909	0.00389	0.00464
82	0.02059	0.01995	0.23594	0.03447	0.02444	0.03116	0.15863	0.06972	0.01702	0.29639	0.01744	0.01778	0.01171	0.00683	0.00660	0.00204	0.00814	0.00610	0.00512	0.00992
83	0.02362	0.01321	0.10955	0.01221	0.01713	0.00969	0.01113	0.02668	0.01703	0.52544	0.02521	0.09354	0.01893	0.00958	0.00678	0.00213	0.00590	0.05536	0.00697	0.00992
84	0.01296	0.03342	0.73944	0.01842	0.02797	0.01501	0.02387	0.02046	0.01364	0.02046	0.01160	0.01364	0.00818	0.00614	0.00614	0.00205	0.00955	0.00477	0.00273	0.00955
85	0.01550	0.01496	0.02578	0.03619	0.61973	0.01489	0.07148	0.01973	0.03192	0.02128	0.03713	0.01854	0.03075	0.00632	0.00657	0.00196	0.00760	0.00633	0.00348	0.00986
86	0.05604	0.14718	0.11695	0.01546	0.02111	0.07648	0.13441	0.04697	0.03712	0.24229	0.03363	0.01725	0.01259	0.00683	0.00611	0.00191	0.00769	0.00575	0.00491	0.00933
87	0.02899	0.01100	0.01499	0.01150	0.01649	0.00950	0.00950	0.03149	0.01849	0.73709	0.02549	0.02199	0.01599	0.00800	0.00650	0.00200	0.00550	0.00650	0.00800	0.01100
88	0.00797	0.00570	0.00759	0.00893	0.00939	0.00531	0.00601	0.00924	0.01283	0.01722	0.08908	0.71317	0.04414	0.01970	0.00820	0.00258	0.00369	0.01785	0.00608	0.00531
89	0.01635	0.01674	0.05222	0.08999	0.15710	0.01640	0.33092	0.11181	0.09727	0.02373	0.01454	0.01754	0.01101	0.00629	0.00698	0.00210	0.00892	0.00676	0.00400	0.00935
90	0.01945	0.08086	0.01893	0.01509	0.04999	0.05630	0.05162	0.10435	0.36732	0.13406	0.02122	0.02024	0.01560	0.00782	0.00635	0.00202	0.00635	0.00647	0.00593	0.01002
91	0.01038	0.00875	0.01091	0.01078	0.01207	0.06499	0.00830	0.01258	0.01097	0.01500	0.01682	0.02478	0.01575	0.06469	0.67097	0.00960	0.01657	0.00678	0.00346	0.00585
92	0.00787	0.00562	0.00750	0.00900	0.00937	0.00525	0.00600	0.00900	0.01237	0.01649	0.03561	0.76871	0.04274	0.02024	0.00825	0.00262	0.00375	0.01837	0.00600	0.00525
93	0.01340	0.01148	0.01340	0.00957	0.01531	0.00861	0.00766	0.01627	0.01340	0.02105	0.01148	0.01340	0.00957	0.00479	0.00479	0.00096	0.00479	0.00383	0.00383	0.81242
94	0.01726	0.01706	0.06961	0.06443	0.15307	0.16208	0.03315	0.06041	0.07896	0.05867	0.01365	0.01698	0.01105	0.01054	0.01087	0.19723	0.00789	0.00556	0.00384	0.00769
95	0.00787	0.00635	0.00704	0.00754	0.00919	0.00552	0.00554	0.00945	0.01410	0.01731	0.05545	0.25408	0.50121	0.01751	0.00788	0.00235	0.00357	0.05661	0.00600	0.00543
96	0.01581	0.01578	0.04670	0.05665	0.69534	0.01532	0.01990	0.01977	0.01464	0.02098	0.01212	0.01595	0.01014	0.00579	0.00639	0.00193	0.00775	0.00573	0.00318	0.01014
97	0.01757	0.01811	0.14966	0.01616	0.05766	0.01577	0.05093	0.21636	0.23396	0.05324	0.06377	0.02166	0.03936	0.00816	0.00661	0.00206	0.00675	0.00681	0.00555	0.00985
98	0.02348	0.13087	0.02154	0.01430	0.01952	0.02086	0.01210	0.60826	0.02782	0.03693	0.01454	0.01475	0.01059	0.00743	0.00612	0.00186	0.00708	0.00547	0.00591	0.01059
99	0.01633	0.01442	0.01473	0.01326	0.01690	0.03952	0.01030	0.03406	0.69840	0.02667	0.02578	0.02371	0.01936	0.00870	0.00655	0.00217	0.00532	0.00720	0.00647	0.01014
100	0.00891	0.00657	0.00816	0.00778	0.00929	0.00600	0.00573	0.01148	0.01700	0.02344	0.56139	0.05018	0.17214	0.07232	0.00957	0.00238	0.00333	0.01184	0.00668	0.00582
101	0.02230	0.01333	0.08141	0.22748	0.02612	0.01160	0.03482	0.02586	0.01636	0.44363	0.01984	0.01974	0.01298	0.00731	0.00649	0.00205	0.00692	0.00616	0.00591	0.00970
102	0.67691	0.01223	0.01048	0.00904	0.01321	0.01360	0.00745	0.02124	0.01234	0.15603	0.01196	0.01256	0.00861	0.00636	0.00445	0.00200	0.00509	0.00404	0.00472	0.00771
103	0.00899	0.00633	0.00693	0.00693	0.00744	0.00608	0.00415	0.00937	0.01063	0.01367	0.03080	0.04689	0.18701	0.59782	0.02704	0.00532	0.00557	0.01038	0.00440	0.00427
104	0.00786	0.00567	0.00744	0.00886	0.00934	0.00526	0.00594	0.00901	0.01250	0.01655	0.03728	0.72929	0.08108	0.02003	0.00821	0.00260	0.00372	0.01810	0.00600	0.00526
105	0.00914	0.00660	0.00864	0.00813	0.00965	0.00610	0.00610	0.01219	0.01829	0.02591	0.72921	0.04827	0.06097	0.01321	0.00762	0.00203	0.00305	0.01169	0.00711	0.00610
106	0.81856	0.01250	0.00950	0.00850	0.01250	0.01449	0.00700	0.01899	0.01100	0.02899	0.00900	0.01050	0.00700	0.00600	0.00400	0.00200	0.00500	0.00350	0.00400	0.00700
107	0.02456	0.01810	0.01939	0.01487	0.02004	0.02004	0.01228	0.71107	0.03038	0.04072	0.01551	0.01551	0.01099	0.00776	0.00646	0.00194	0.00711	0.00582	0.00646	0.01099
108	0.01296	0.03342	0.73944	0.01842	0.02797	0.01501	0.02387	0.02046	0.01364	0.02046	0.01160	0.01364	0.00818	0.00614	0.00614	0.00205	0.00955	0.00477	0.00273	0.00955
109	0.02780	0.01180	0.01536	0.01190	0.01683	0.01084	0.00979	0.09189	0.06290	0.63155	0.02466	0.02155	0.01578	0.00802	0.00650	0.00201	0.00562	0.00649	0.00777	0.01095
110	0.00787	0.00562	0.00750	0.00900	0.00937	0.00525	0.00600	0.00900	0.01237	0.01649	0.03561	0.76871	0.04274	0.02024	0.00825	0.00262	0.00375	0.01837	0.00600	0.00525
111	0.00923	0.00692	0.01038	0.01038	0.01154	0.00808	0.00808	0.01154	0.01038	0.01500	0.01731	0.02538	0.01615	0.04846	0.74732	0.01038	0.01731	0.00692	0.00346	0.00577
112	0.01220	0.01148	0.01938	0.75739	0.04450	0.01436	0.01794	0.01651	0.01292	0.01651	0.01148	0.01723	0.00861	0.00646	0.00646	0.00215	0.00861	0.00574	0.00287	0.00718
113	0.15483	0.35780	0.15105	0.01370	0.03737	0.15414	0.01312	0.02068	0.01385	0.01876	0.00971	0.01135	0.00811	0.00593	0.00484	0.00167	0.00794	0.00389	0.00308	0.00820
114	0.01727	0.77681	0.03386	0.01106	0.01658	0.02557	0.01106	0.01935	0.01313	0.01520	0.00898	0.01036	0.00829	0.00553	0.00415	0.00138	0.00691	0.00345	0.00276	0.00829
115	0.00877	0.00631	0.00850	0.00993	0.01078	0.00604	0.00753	0.01058	0.01337	0.01756	0.03643	0.48786	0.07122	0.01921	0.00846	0.00273	0.00452	0.25870	0.00598	0.00551
116	0.01813	0.01540	0.01575	0.01343	0.01756	0.04880	0.01060	0.18310	0.48660	0.02916	0.02214	0.02089	0.01656	0.00817	0.00639	0.00203	0.00582	0.00659	0.00621	0.06667
117	0.02780	0.01146	0.01517	0.01159	0.01664	0.01010	0.00956	0.07254	0.01893	0.65211	0.02405	0.02109	0.01531	0.00779	0.00640	0.00193	0.00556	0.00630	0.00766	0.05800
118	0.02087	0.06872	0.17171	0.01589	0.02208	0.01882	0.05193	0.46683	0.02451	0.03326	0.01404	0.01484	0.01013	0.00707	0.00627	0.00191	0.00775	0.00549	0.00521	0.03267
119	0.01489	0.15261	0.33466	0.02039	0.02799	0.01744	0.27961	0.04071	0.01465	0.02026	0.01183	0.01457	0.00890	0.00582	0.00637	0.00198	0.00954	0.00566	0.00305	0.00906
120	0.00787	0.00562	0.00750	0.00900	0.00937	0.00525	0.00600	0.00900	0.01237	0.01649	0.03561	0.76871	0.04274	0.02024	0.00825	0.00262	0.00375	0.01837	0.00600	0.00525
121	0.02811	0.01240	0.01586	0.01216	0.01719	0.01158	0.01005	0.16583	0.02084	0.59943	0.02352	0.02071	0.01500	0.00795	0.00649	0.00199	0.00582	0.00636	0.00769	0.01099
122	0.05398	0.47294	0.05161	0.01537	0.09958	0.06517	0.01257	0.12448	0.01615	0.02056	0.01048	0.01198	0.00886	0.00600	0.00491	0.00159	0.00731	0.00416	0.00346	0.00886
123	0.01634	0.01388	0.02285	0.17373	0.48049	0.01434	0.01769	0.04242	0.01511	0.08435	0.01436	0.05008	0.01190	0.00680	0.00650	0.00200	0.00747	0.00638	0.00379	0.00952
124	0.00770	0.00655	0.00664	0.00662	0.00877	0.00548	0.00496	0.00940	0.01489	0.01783	0.09485	0.06157	0.70037	0.01622	0.00764	0.00218	0.00326	0.01355	0.00605	0.00548
125	0.02288	0.07343	0.02015	0.01864	0.09536	0.58291	0.01317	0.06525	0.01833	0.01781	0.01048	0.01226	0.00868	0.00656	0.00582	0.00169	0.01068	0.00439	0.00347	0.00804
126	0.01694	0.39488	0.23730	0.01439	0.02087	0.06487	0.03308	0.07973	0.04768	0.01964	0.01127	0.01266	0.00906	0.00611	0.00523	0.00170	0.00801	0.00437	0.00329	0.00894
127	0.00978	0.00680	0.00823	0.00775	0.00954	0.00610	0.00575	0.01214	0.01655	0.06054	0.43741	0.05057	0.25660	0.07244	0.00951	0.00240	0.00350	0.01182	0.00658	0.00600
128	0.01264	0.01193	0.02017	0.67428	0.12419	0.01447	0.01816	0.01689	0.01313	0.01704	0.01156	0.01708	0.00880	0.00638	0.00645	0.00213	0.00850	0.00574	0.00291	0.00753
129	0.02052	0.34158	0.02530	0.01404	0.04025	0.08839	0.01186	0.28186	0.07357	0.02595	0.01294	0.01363	0.01023	0.00672	0.00543	0.00170	0.00731	0.00477	0.00451	0.00944
130	0.00987	0.00734	0.00901	0.00916	0.01019	0.00764	0.00638	0.01365	0.11538	0.01814	0.13039	0.24769	0.03297	0.22392	0.12436	0.00460	0.00653	0.01165	0.00531	0.00582
131	0.00872	0.00655	0.00808	0.00778	0.00942	0.00590	0.00581	0.01135	0.01717	0.02345	0.53792	0.08357	0.22197	0.01428	0.00765	0.00209	0.00313	0.01245	0.00679	0.00590
132	0.06191	0.01511	0.07204	0.02047	0.21885	0.01380	0.01391	0.11545	0.01752	0.27841	0.01689	0.01738	0.01193	0.00716	0.00714	0.00198	0.05320	0.00575	0.00535	0.04576
133	0.13933	0.35601	0.06862	0.01352	0.04079	0.15611	0.01188	0.08815	0.03709	0.02074	0.01060	0.01193	0.00877	0.00617	0.00493	0.00166	0.00766	0.00410	0.00354	0.00841
134	0.00771	0.00641	0.00674	0.00695	0.00885	0.00544	0.00510	0.00932	0.01449	0.01756	0.08016	0.16516	0.61021	0.01684	0.00773	0.00224	0.00334	0.01427	0.00603	0.00544
135	0.01844	0.04036	0.02495	0.03114	0.46593	0.11194	0.05440	0.13226	0.01769	0.02339	0.01237	0.01526	0.01003	0.00617	0.00633	0.00189	0.00825	0.00559	0.00373	0.00986
136	0.08669	0.71060	0.03175	0.01083	0.01623	0.02461	0.01070	0.01932	0.01294	0.01640	0.00898	0.01038	0.00818	0.00557	0.00413	0.00144	0.00674	0.00346	0.00287	0.00818
137	0.02262	0.01635	0.01776	0.01381	0.01852	0.01784	0.01133	0.59690	0.02828	0.06081	0.08642	0.02054	0.04157	0.00860	0.00662	0.00196	0.00653	0.00668	0.00656	0.01032
138	0.01654	0.32792	0.14934	0.01825	0.02457	0.08914	0.24903	0.02060	0.01442	0.01798	0.01089	0.01341	0.00879	0.00571	0.00581	0.00179	0.00914	0.00515	0.00298	0.00856
139	0.81856	0.01250	0.00950	0.00850	0.01250	0.01449	0.00700	0.01899	0.01100	0.02899	0.00900	0.01050	0.00700	0.00600	0.00400	0.00200	0.00500	0.00350	0.00400	0.00700
140	0.02234	0.02642	0.02139	0.02011	0.09957	0.51691	0.08712	0.09287	0.01879	0.01939	0.01110	0.01312	0.00896	0.00654	0.00614	0.00177	0.01068	0.00487	0.00362	0.00827
141	0.02456	0.01810	0.01939	0.01487	0.02004	0.02004	0.01228	0.71107	0.03038	0.04072	0.01551	0.01551	0.01099	0.00776	0.00646	0.00194	0.00711	0.00582	0.00646	0.01099
142	0.00925	0.00686	0.01005	0.01005	0.01109	0.00790	0.00766	0.01132	0.01029	0.01475	0.01761	0.02708	0.01689	0.12104	0.67574	0.00997	0.01620	0.00717	0.00351	0.00558
143	0.13233	0.01714	0.01793	0.01391	0.01892	0.01899	0.01149	0.59834	0.02742	0.05850	0.01491	0.01501	0.01059	0.00752	0.00613	0.00195	0.00678	0.00552	0.00617	0.01045
144	0.57255	0.03730	0.01296	0.01041	0.01473	0.03883	0.00860	0.19139	0.01611	0.03109	0.01065	0.01178	0.00807	0.00644	0.00467	0.00196	0.00579	0.00409	0.00455	0.00804
145	0.01434	0.01342	0.02089	0.02943	0.48551	0.03213	0.01561	0.01825	0.03729	0.02196	0.17549	0.02482	0.04494	0.00805	0.00713	0.00198	0.02815	0.00735	0.00427	0.00899
146	0.01523	0.01563	0.03096	0.02233	0.02836	0.01432	0.50717	0.03949	0.01530	0.04141	0.01420	0.05006	0.01143	0.00612	0.00706	0.00196	0.00917	0.00731	0.00372	0.15878
147	0.00914	0.00660	0.00864	0.00813	0.00965	0.00610	0.00610	0.01219	0.01829	0.02591	0.72921	0.04827	0.06097	0.01321	0.00762	0.00203	0.00305	0.01169	0.00711	0.00610
148	0.81856	0.01250	0.00950	0.00850	0.01250	0.01449	0.00700	0.01899	0.01100	0.02899	0.00900	0.01050	0.00700	0.00600	0.00400	0.00200	0.00500	0.00350	0.00400	0.00700
149	0.01570	0.01355	0.01425	0.01286	0.01644	0.01560	0.00999	0.03322	0.68967	0.02661	0.02803	0.02579	0.05118	0.00910	0.00662	0.00219	0.00503	0.00759	0.00655	0.01002
150	0.00914	0.00660	0.00864	0.00813	0.00965	0.00610	0.00610	0.01219	0.01829	0.02591	0.72921	0.04827	0.06097	0.01321	0.00762	0.00203	0.00305	0.01169	0.00711	0.00610
151	0.01727	0.77681	0.03386	0.01106	0.01658	0.02557	0.01106	0.01935	0.01313	0.01520	0.00898	0.01036	0.00829	0.00553	0.00415	0.00138	0.00691	0.00345	0.00276	0.00829
152	0.02456	0.01810	0.01939	0.01487	0.02004	0.02004	0.01228	0.71107	0.03038	0.04072	0.01551	0.01551	0.01099	0.00776	0.00646	0.00194	0.00711	0.00582	0.00646	0.01099
153	0.01122	0.00561	0.00842	0.00842	0.00842	0.00561	0.00561	0.00842	0.00842	0.01122	0.01122	0.01964	0.01122	0.02245	0.02525	0.81201	0.00561	0.00561	0.00281	0.00281
154	0.02414	0.03079	0.01831	0.01665	0.01998	0.74698	0.01248	0.02580	0.01831	0.01581	0.00999	0.01165	0.00832	0.00666	0.00583	0.00166	0.01165	0.00416	0.00333	0.00749
155	0.00904	0.00656	0.00851	0.00811	0.00961	0.00604	0.00605	0.01195	0.01790	0.02520	0.67547	0.08065	0.08337	0.01363	0.00765	0.00206	0.00309	0.01205	0.00702	0.00604
156	0.00785	0.00573	0.00739	0.00872	0.00930	0.00527	0.00587	0.00903	0.01264	0.01660	0.03903	0.68771	0.12152	0.01980	0.00818	0.00257	0.00369	0.01783	0.00600	0.00527
157	0.00908	0.00660	0.00854	0.00806	0.00961	0.00607	0.00604	0.01206	0.01813	0.02554	0.69981	0.04888	0.09059	0.01335	0.00762	0.00204	0.00306	0.01177	0.00706	0.00607
158	0.02390	0.34355	0.02319	0.01130	0.01653	0.01648	0.01017	0.02622	0.01616	0.42361	0.01832	0.01694	0.01265	0.00692	0.00548	0.00173	0.00611	0.00518	0.00572	0.00982
159	0.78340	0.01274	0.00993	0.00878	0.01283	0.01474	0.00723	0.04964	0.01185	0.02951	0.00929	0.01072	0.00717	0.00608	0.00411	0.00200	0.00509	0.00360	0.00411	0.00717
160	0.10799	0.00883	0.01220	0.10896	0.01679	0.00989	0.00948	0.01623	0.01207	0.13110	0.01686	0.02202	0.01406	0.03152	0.44482	0.00698	0.01284	0.00630	0.00416	0.00693
161	0.02416	0.02647	0.01814	0.01584	0.01963	0.53415	0.01216	0.15370	0.05171	0.06545	0.01269	0.01356	0.00980	0.00704	0.00602	0.00176	0.01014	0.00475	0.00434	0.00848
162	0.02432	0.01275	0.01689	0.09943	0.06445	0.01271	0.01161	0.17398	0.03847	0.42020	0.02126	0.04281	0.01464	0.00803	0.00654	0.00202	0.00627	0.00661	0.00669	0.01031
163	0.01870	0.03569	0.07515	0.01143	0.01711	0.01102	0.01005	0.06493	0.05768	0.22332	0.01648	0.01651	0.01191	0.00624	0.00557	0.00149	0.00560	0.00497	0.00520	0.40096
164	0.01792	0.00890	0.01168	0.00985	0.01297	0.00814	0.00778	0.02167	0.06175	0.32496	0.38998	0.03573	0.03951	0.01074	0.00708	0.00203	0.00421	0.00923	0.00745	0.00841
165	0.00770	0.00655	0.00664	0.00662	0.00877	0.00548	0.00496	0.00940	0.01489	0.01783	0.09485	0.06157	0.70037	0.01622	0.00764	0.00218	0.00326	0.01355	0.00605	0.00548
166	0.01425	0.02495	0.38808	0.02298	0.10748	0.01553	0.22715	0.02165	0.07472	0.02117	0.01336	0.01593	0.00988	0.00611	0.00665	0.00208	0.00936	0.00595	0.00327	0.00943
167	0.02778	0.01278	0.04761	0.01218	0.01740	0.01092	0.01045	0.10693	0.01961	0.62751	0.02376	0.02090	0.01509	0.00789	0.00648	0.00199	0.00586	0.00635	0.00759	0.01093
168	0.02515	0.01716	0.01881	0.01442	0.01957	0.01864	0.01191	0.62128	0.02881	0.13274	0.01683	0.01637	0.01165	0.00779	0.00647	0.00195	0.00690	0.00591	0.00667	0.01099
169	0.01727	0.77681	0.03386	0.01106	0.01658	0.02557	0.01106	0.01935	0.01313	0.01520	0.00898	0.01036	0.00829	0.00553	0.00415	0.00138	0.00691	0.00345	0.00276	0.00829
170	0.00907	0.00637	0.00729	0.00752	0.00806	0.00616	0.00480	0.00970	0.01101	0.01426	0.03046	0.09949	0.14840	0.52262	0.02468	0.00501	0.00554	0.07051	0.00460	0.00445
171	0.00917	0.00665	0.00867	0.00829	0.00983	0.00615	0.00630	0.01218	0.01800	0.02531	0.67241	0.05001	0.07858	0.01355	0.00769	0.00209	0.00321	0.04881	0.00702	0.00607
172	0.01032	0.00733	0.01010	0.01145	0.01280	0.00733	0.00981	0.01302	0.01437	0.01871	0.03293	0.07005	0.03592	0.08778	0.01114	0.00328	0.00598	0.62618	0.00576	0.00576
173	0.02899	0.01100	0.01499	0.01150	0.01649	0.00950	0.00950	0.03149	0.01849	0.73709	0.02549	0.02199	0.01599	0.00800	0.00650	0.00200	0.00550	0.00650	0.00800	0.01100
174	0.02414	0.03079	0.01831	0.01665	0.01998	0.74698	0.01248	0.02580	0.01831	0.01581	0.00999	0.01165	0.00832	0.00666	0.00583	0.00166	0.01165	0.00416	0.00333	0.00749
175	0.02899	0.01100	0.01499	0.01150	0.01649	0.00950	0.00950	0.03149	0.01849	0.73709	0.02549	0.02199	0.01599	0.00800	0.00650	0.00200	0.00550	0.00650	0.00800	0.01100
176	0.00940	0.00626	0.00705	0.00705	0.00705	0.00626	0.00392	0.00940	0.00940	0.01253	0.02036	0.04228	0.02349	0.77292	0.03289	0.00626	0.00626	0.00940	0.00392	0.00392
177	0.02484	0.01766	0.01912	0.01466	0.01982	0.01939	0.01211	0.66913	0.02965	0.08370	0.01613	0.01591	0.01130	0.00777	0.00647	0.00194	0.00701	0.00586	0.00656	0.01099
178	0.00923	0.00692	0.01038	0.01038	0.01154	0.00808	0.00808	0.01154	0.01038	0.01500	0.01731	0.02538	0.01615	0.04846	0.74732	0.01038	0.01731	0.00692	0.00346	0.00577
179	0.01122	0.00561	0.00842	0.00842	0.00842	0.00561	0.00561	0.00842	0.00842	0.01122	0.01122	0.01964	0.01122	0.02245	0.02525	0.81201	0.00561	0.00561	0.00281	0.00281
180	0.01511	0.01842	0.08141	0.02669	0.03341	0.01626	0.66685	0.02068	0.01515	0.02068	0.01298	0.01720	0.00970	0.00549	0.00753	0.00217	0.01081	0.00745	0.00323	0.00877
181	0.81856	0.01250	0.00950	0.00850	0.01250	0.01449	0.00700	0.01899	0.01100	0.02899	0.00900	0.01050	0.00700	0.00600	0.00400	0.00200	0.00500	0.00350	0.00400	0.00700
182	0.01506	0.01706	0.03697	0.07230	0.03443	0.01622	0.66649	0.02044	0.01511	0.02044	0.01297	0.01742	0.00973	0.00551	0.00755	0.00218	0.01075	0.00751	0.00324	0.00862
183	0.01639	0.01469	0.05918	0.01322	0.01724	0.01531	0.01089	0.03260	0.61471	0.06688	0.04807	0.02412	0.02013	0.00870	0.00658	0.00217	0.00534	0.00724	0.00644	0.01010
184	0.01041	0.00744	0.01041	0.01190	0.01339	0.00744	0.01041	0.01339	0.01487	0.01934	0.03421	0.07288	0.03719	0.01785	0.00892	0.00297	0.00595	0.68913	0.00595	0.00595
185	0.05384	0.08962	0.04977	0.02070	0.03987	0.18564	0.31653	0.06425	0.01620	0.03766	0.01191	0.01479	0.00930	0.00635	0.00740	0.00199	0.05628	0.00588	0.00354	0.00847
186	0.02414	0.03079	0.01831	0.01665	0.01998	0.74698	0.01248	0.02580	0.01831	0.01581	0.00999	0.01165	0.00832	0.00666	0.00583	0.00166	0.01165	0.00416	0.00333	0.00749
187	0.02810	0.01242	0.01588	0.01217	0.01720	0.01161	0.01005	0.16765	0.02087	0.59757	0.02349	0.02069	0.01499	0.00795	0.00649	0.00199	0.00582	0.00636	0.00769	0.01099
188	0.02429	0.01796	0.01924	0.01481	0.01993	0.01991	0.01222	0.68936	0.05254	0.04028	0.01586	0.01579	0.01127	0.00779	0.00647	0.00195	0.00705	0.00587	0.00647	0.01096
189	0.00924	0.00689	0.01024	0.01024	0.01134	0.00800	0.00789	0.01144	0.01034	0.01489	0.01744	0.02613	0.01648	0.08058	0.71564	0.01020	0.01682	0.00703	0.00348	0.00569
190	0.02404	0.01784	0.01910	0.01476	0.01984	0.01979	0.01215	0.66930	0.07300	0.03988	0.01618	0.01604	0.01153	0.00782	0.00647	0.00195	0.00699	0.00591	0.00647	0.01094
191	0.00940	0.00626	0.00705	0.00705	0.00705	0.00626	0.00392	0.00940	0.00940	0.01253	0.02036	0.04228	0.02349	0.77292	0.03289	0.00626	0.00626	0.00940	0.00392	0.00392
192	0.00929	0.00628	0.00702	0.00702	0.00715	0.00621	0.00398	0.00939	0.00973	0.01283	0.02314	0.04351	0.06710	0.72623	0.03133	0.00601	0.00608	0.00966	0.00404	0.00401
193	0.01727	0.77681	0.03386	0.01106	0.01658	0.02557	0.01106	0.01935	0.01313	0.01520	0.00898	0.01036	0.00829	0.00553	0.00415	0.00138	0.00691	0.00345	0.00276	0.00829
194	0.01727	0.77681	0.03386	0.01106	0.01658	0.02557	0.01106	0.01935	0.01313	0.01520	0.00898	0.01036	0.00829	0.00553	0.00415	0.00138	0.00691	0.00345	0.00276	0.00829
195	0.00764	0.00655	0.00655	0.00655	0.00873	0.00545	0.00491	0.00927	0.01473	0.01745	0.06546	0.06218	0.73000	0.01636	0.00764	0.00218	0.00327	0.01364	0.00600	0.00545
196	0.01041	0.00744	0.01041	0.01190	0.01339	0.00744	0.01041	0.01339	0.01487	0.01934	0.03421	0.07288	0.03719	0.01785	0.00892	0.00297	0.00595	0.68913	0.00595	0.00595
197	0.01525	0.01743	0.03813	0.02723	0.03377	0.01634	0.70915	0.02070	0.01525	0.02070	0.01307	0.01743	0.00980	0.00545	0.00763	0.00218	0.01089	0.00763	0.00327	0.00871
198	0.02899	0.01100	0.01499	0.01150	0.01649	0.00950	0.00950	0.03149	0.01849	0.73709	0.02549	0.02199	0.01599	0.00800	0.00650	0.00200	0.00550	0.00650	0.00800	0.01100
199	0.00823	0.00588	0.00791	0.00941	0.00994	0.00556	0.00663	0.00962	0.01273	0.01690	0.03541	0.66947	0.04194	0.01990	0.00834	0.00267	0.00406	0.11403	0.00599	0.00535
200	0.04122	0.01727	0.03720	0.02663	0.03308	0.01628	0.68645	0.02064	0.01511	0.02097	0.01294	0.01721	0.00971	0.00546	0.00751	0.00217	0.01070	0.00749	0.00329	0.00866
201	0.01570	0.01328	0.01418	0.01268	0.01617	0.01517	0.00987	0.06194	0.61432	0.02752	0.10185	0.02634	0.02380	0.00920	0.00668	0.00216	0.00498	0.00771	0.00663	0.00981
202	0.00769	0.00655	0.00662	0.00660	0.00876	0.00548	0.00495	0.00938	0.01485	0.01776	0.08909	0.06169	0.70617	0.01625	0.00764	0.00218	0.00326	0.01357	0.00604	0.00548
203	0.01518	0.01795	0.06114	0.02694	0.03358	0.01630	0.68667	0.02069	0.01520	0.02069	0.01302	0.01730	0.00975	0.00547	0.00758	0.00217	0.01085	0.00753	0.00325	0.00874
204	0.04043	0.01524	0.01606	0.01359	0.01776	0.01734	0.01082	0.25795	0.47328	0.03161	0.02226	0.02090	0.01649	0.00836	0.00647	0.00210	0.00577	0.00671	0.00647	0.01039
205	0.01762	0.01212	0.01344	0.01174	0.01519	0.03629	0.00919	0.02832	0.37958	0.18458	0.18748	0.02879	0.02802	0.00955	0.00677	0.00209	0.00494	0.00803	0.00691	0.00936
206	0.01599	0.01535	0.02623	0.03966	0.73262	0.01535	0.01983	0.01983	0.01471	0.02111	0.01215	0.01599	0.01023	0.00576	0.00640	0.00192	0.00768	0.00576	0.00320	0.01023
207	0.81856	0.01250	0.00950	0.00850	0.01250	0.01449	0.00700	0.01899	0.01100	0.02899	0.00900	0.01050	0.00700	0.00600	0.00400	0.00200	0.00500	0.00350	0.00400	0.00700
208	0.02244	0.01705	0.01820	0.01444	0.01923	0.01905	0.01177	0.54230	0.20260	0.03731	0.01820	0.01766	0.01317	0.00801	0.00649	0.00200	0.00661	0.00619	0.00649	0.01080

[dist]
# distance from previous block
# <min> <max>
0	1

[block]
# block no. 1 follows, 34 sequences, length 86
# corresponding to MSA columns:
# 225-310
name=unknown_B
#
# <colnr> <probs for GDERKNQSTAVLIFYWHMCP>
#	G	D	E	R	K	N	Q	S	T	A	V	L	I	F	Y	W	H	M	C	P
0	0.01727	0.77681	0.03386	0.01106	0.01658	0.02557	0.01106	0.01935	0.01313	0.01520	0.00898	0.01036	0.00829	0.00553	0.00415	0.00138	0.00691	0.00345	0.00276	0.00829
1	0.00769	0.00655	0.00662	0.00660	0.00876	0.00548	0.00495	0.00937	0.01485	0.01775	0.08840	0.06170	0.70687	0.01625	0.00764	0.00218	0.00327	0.01357	0.00604	0.00548
2	0.01815	0.05685	0.01859	0.01428	0.01881	0.04210	0.06314	0.19435	0.36816	0.02825	0.01973	0.01929	0.01485	0.00763	0.00629	0.00195	0.00632	0.00631	0.00571	0.08925
3	0.00940	0.00626	0.00705	0.00705	0.00705	0.00626	0.00392	0.00940	0.00940	0.01253	0.02036	0.04228	0.02349	0.77292	0.03289	0.00626	0.00626	0.00940	0.00392	0.00392
4	0.01088	0.00581	0.00858	0.00858	0.00872	0.00595	0.00582	0.00885	0.00871	0.01176	0.01247	0.02159	0.01250	0.06692	0.11395	0.66967	0.00708	0.00598	0.00295	0.00323
5	0.00914	0.00660	0.00864	0.00813	0.00965	0.00610	0.00610	0.01219	0.01829	0.02591	0.72921	0.04827	0.06097	0.01321	0.00762	0.00203	0.00305	0.01169	0.00711	0.00610
6	0.81856	0.01250	0.00950	0.00850	0.01250	0.01449	0.00700	0.01899	0.01100	0.02899	0.00900	0.01050	0.00700	0.00600	0.00400	0.00200	0.00500	0.00350	0.00400	0.00700
7	0.01296	0.03342	0.73944	0.01842	0.02797	0.01501	0.02387	0.02046	0.01364	0.02046	0.01160	0.01364	0.00818	0.00614	0.00614	0.00205	0.00955	0.00477	0.00273	0.00955
8	0.01607	0.01388	0.01461	0.01315	0.01680	0.01607	0.01023	0.03433	0.72094	0.02703	0.02630	0.02411	0.01972	0.00877	0.00657	0.00219	0.00511	0.00731	0.00657	0.01023
9	0.81856	0.01250	0.00950	0.00850	0.01250	0.01449	0.00700	0.01899	0.01100	0.02899	0.00900	0.01050	0.00700	0.00600	0.00400	0.00200	0.00500	0.00350	0.00400	0.00700
10	0.01122	0.00561	0.00842	0.00842	0.00842	0.00561	0.00561	0.00842	0.00842	0.01122	0.01122	0.01964	0.01122	0.02245	0.02525	0.81201	0.00561	0.00561	0.00281	0.00281
11	0.01505	0.01143	0.01357	0.00977	0.01544	0.00871	0.00785	0.01788	0.01394	0.09671	0.01296	0.01431	0.01025	0.00512	0.00497	0.00107	0.00486	0.00411	0.00427	0.72774
12	0.01784	0.01476	0.01561	0.01351	0.01748	0.01690	0.01066	0.17569	0.57670	0.02989	0.02405	0.02231	0.01790	0.00856	0.00655	0.00214	0.00553	0.00699	0.00655	0.01039
13	0.06623	0.43302	0.24783	0.01332	0.01995	0.02057	0.01471	0.04454	0.01405	0.05767	0.01091	0.01219	0.00869	0.00596	0.00496	0.00168	0.00753	0.00411	0.00324	0.00884
14	0.81856	0.01250	0.00950	0.00850	0.01250	0.01449	0.00700	0.01899	0.01100	0.02899	0.00900	0.01050	0.00700	0.00600	0.00400	0.00200	0.00500	0.00350	0.00400	0.00700
15	0.06239	0.01438	0.01518	0.01310	0.01711	0.01631	0.01037	0.15035	0.52442	0.06797	0.02344	0.02176	0.01731	0.00840	0.00641	0.00213	0.00547	0.00679	0.00649	0.01022
16	0.02379	0.02857	0.01850	0.01644	0.01986	0.62895	0.01253	0.10917	0.01945	0.01885	0.01060	0.01222	0.00866	0.00698	0.00652	0.00174	0.04115	0.00442	0.00369	0.00790
17	0.00938	0.00634	0.00742	0.00742	0.00755	0.00647	0.00438	0.00964	0.00951	0.01280	0.02002	0.04039	0.02267	0.69190	0.11279	0.00672	0.00750	0.00912	0.00386	0.00412
18	0.10735	0.07003	0.56268	0.01753	0.02599	0.01562	0.07338	0.02025	0.01343	0.02119	0.01126	0.01339	0.00818	0.00604	0.00589	0.00201	0.00898	0.00477	0.00292	0.00912
19	0.02286	0.09421	0.06770	0.01475	0.02014	0.04141	0.06753	0.29174	0.07227	0.21554	0.01760	0.01720	0.01228	0.00734	0.00630	0.00193	0.00714	0.00588	0.00589	0.01027
20	0.02598	0.01582	0.01798	0.01379	0.01890	0.01666	0.01139	0.49309	0.02657	0.26409	0.01871	0.01759	0.01259	0.00783	0.00647	0.00196	0.00659	0.00604	0.00696	0.01099
21	0.01001	0.00935	0.05242	0.01226	0.01442	0.00908	0.07683	0.01297	0.01171	0.01678	0.07756	0.02594	0.01894	0.03897	0.57200	0.00842	0.01504	0.00728	0.00372	0.00629
22	0.01340	0.01148	0.01340	0.00957	0.01531	0.00861	0.00766	0.01627	0.01340	0.02105	0.01148	0.01340	0.00957	0.00479	0.00479	0.00096	0.00479	0.00383	0.00383	0.81242
23	0.17001	0.01694	0.01743	0.01365	0.01856	0.01890	0.01125	0.56348	0.04783	0.03815	0.01465	0.01485	0.01052	0.00746	0.00601	0.00196	0.00666	0.00544	0.00601	0.01023
24	0.00927	0.00695	0.00867	0.00863	0.01009	0.00665	0.00631	0.01297	0.07404	0.02295	0.44335	0.22871	0.10719	0.01487	0.00769	0.00221	0.00341	0.01317	0.00670	0.00617
25	0.01703	0.51560	0.13483	0.01361	0.01960	0.04153	0.05602	0.05870	0.05573	0.01842	0.01101	0.01240	0.00919	0.00595	0.00496	0.00161	0.00757	0.00428	0.00323	0.00874
26	0.02414	0.03079	0.01831	0.01665	0.01998	0.74698	0.01248	0.02580	0.01831	0.01581	0.00999	0.01165	0.00832	0.00666	0.00583	0.00166	0.01165	0.00416	0.00333	0.00749
27	0.02899	0.01100	0.01499	0.01150	0.01649	0.00950	0.00950	0.03149	0.01849	0.73709	0.02549	0.02199	0.01599	0.00800	0.00650	0.00200	0.00550	0.00650	0.00800	0.01100
28	0.01619	0.01514	0.02742	0.11137	0.46699	0.01512	0.16790	0.02035	0.01486	0.06232	0.01306	0.01678	0.01031	0.00590	0.00667	0.00200	0.00834	0.00620	0.00346	0.00963
29	0.01487	0.01666	0.03565	0.02576	0.03186	0.01572	0.64693	0.02051	0.03886	0.02068	0.01476	0.05899	0.01195	0.00637	0.00762	0.00220	0.01031	0.00821	0.00353	0.00857
30	0.00939	0.00630	0.00723	0.00723	0.00729	0.00636	0.00414	0.00951	0.00945	0.01266	0.02019	0.04135	0.02309	0.73306	0.07219	0.00649	0.00687	0.00926	0.00389	0.00402
31	0.01122	0.00561	0.00842	0.00842	0.00842	0.00561	0.00561	0.00842	0.00842	0.01122	0.01122	0.01964	0.01122	0.02245	0.02525	0.81201	0.00561	0.00561	0.00281	0.00281
