[name]
unknown

[dist]
# distance from previous block
# <min> <max>
0	35

[block]
# block no. 0 follows, 34 sequences, length 39
# corresponding to MSA columns:
# 35-73
name=unknown_A
#
# <colnr> <probs for GDERKNQSTAVLIFYWHMCP>
#	G	D	E	R	K	N	Q	S	T	A	V	L	I	F	Y	W	H	M	C	P
0	0.01340	0.00925	0.01235	0.01322	0.04448	0.00930	0.01075	0.05999	0.06067	0.07600	0.03019	0.05796	0.03078	0.01495	0.00819	0.00267	0.00597	0.49976	0.00599	0.03412
1	0.02052	0.01403	0.01588	0.01305	0.01736	0.01480	0.01075	0.34050	0.12439	0.13334	0.02272	0.02775	0.04091	0.00955	0.00678	0.00208	0.00613	0.10919	0.00643	0.06383
2	0.01920	0.06058	0.01848	0.01443	0.03745	0.11241	0.04993	0.19293	0.14820	0.07103	0.01803	0.01921	0.03474	0.00747	0.00612	0.00179	0.00690	0.02185	0.00518	0.15408
3	0.11908	0.01618	0.05348	0.01202	0.01617	0.11766	0.01004	0.19037	0.07691	0.08243	0.05163	0.02590	0.15635	0.00921	0.00628	0.00196	0.00634	0.00712	0.00548	0.03541
4	0.01291	0.00949	0.01183	0.01234	0.07915	0.00939	0.00858	0.05622	0.12160	0.07980	0.23141	0.06904	0.20471	0.01246	0.00731	0.00216	0.00447	0.05327	0.00632	0.00756
5	0.01625	0.01637	0.02524	0.11896	0.56139	0.08041	0.04787	0.02002	0.01485	0.02010	0.01192	0.01581	0.00986	0.00590	0.00640	0.00193	0.00827	0.00569	0.00318	0.00958
6	0.01453	0.01703	0.09536	0.01710	0.01828	0.05705	0.01507	0.01660	0.01073	0.01608	0.00889	0.01396	0.00844	0.01052	0.01882	0.00268	0.64318	0.00548	0.00284	0.00735
7	0.00924	0.00690	0.01026	0.01026	0.01137	0.00801	0.00792	0.01146	0.01035	0.01491	0.01742	0.02601	0.01642	0.07529	0.72086	0.01023	0.01690	0.00701	0.00348	0.00570
8	0.01763	0.66730	0.07356	0.01198	0.01755	0.08900	0.01193	0.01999	0.01362	0.01556	0.00922	0.01067	0.00829	0.00566	0.00441	0.00145	0.00748	0.00359	0.00281	0.00829
9	0.00924	0.00689	0.01020	0.01020	0.01129	0.00797	0.00784	0.01142	0.01033	0.01486	0.01748	0.02633	0.01657	0.08916	0.70718	0.01015	0.01669	0.00706	0.00349	0.00566
10	0.00793	0.00577	0.00748	0.00872	0.00933	0.00532	0.00591	0.00922	0.01296	0.01718	0.08214	0.65917	0.10616	0.01945	0.00815	0.00255	0.00366	0.01752	0.00607	0.00532
11	0.00914	0.00660	0.00864	0.00813	0.00965	0.00610	0.00610	0.01219	0.01829	0.02591	0.72921	0.04827	0.06097	0.01321	0.00762	0.00203	0.00305	0.01169	0.00711	0.00610
12	0.00764	0.00655	0.00655	0.00655	0.00873	0.00545	0.00491	0.00927	0.01473	0.01745	0.06546	0.06218	0.73000	0.01636	0.00764	0.00218	0.00327	0.01364	0.00600	0.00545
13	0.81856	0.01250	0.00950	0.00850	0.01250	0.01449	0.00700	0.01899	0.01100	0.02899	0.00900	0.01050	0.00700	0.00600	0.00400	0.00200	0.00500	0.00350	0.00400	0.00700
14	0.81856	0.01250	0.00950	0.00850	0.01250	0.01449	0.00700	0.01899	0.01100	0.02899	0.00900	0.01050	0.00700	0.00600	0.00400	0.00200	0.00500	0.00350	0.00400	0.00700
15	0.81856	0.01250	0.00950	0.00850	0.01250	0.01449	0.00700	0.01899	0.01100	0.02899	0.00900	0.01050	0.00700	0.00600	0.00400	0.00200	0.00500	0.00350	0.00400	0.00700
16	0.02456	0.01810	0.01939	0.01487	0.02004	0.02004	0.01228	0.71107	0.03038	0.04072	0.01551	0.01551	0.01099	0.00776	0.00646	0.00194	0.00711	0.00582	0.00646	0.01099
17	0.81856	0.01250	0.00950	0.00850	0.01250	0.01449	0.00700	0.01899	0.01100	0.02899	0.00900	0.01050	0.00700	0.00600	0.00400	0.00200	0.00500	0.00350	0.00400	0.00700
18	0.81856	0.01250	0.00950	0.00850	0.01250	0.01449	0.00700	0.01899	0.01100	0.02899	0.00900	0.01050	0.00700	0.00600	0.00400	0.00200	0.00500	0.00350	0.00400	0.00700
19	0.00958	0.00706	0.00901	0.00845	0.01010	0.00673	0.00636	0.01359	0.06269	0.02598	0.68480	0.04674	0.05836	0.01293	0.00755	0.00204	0.00318	0.01141	0.00708	0.00636
20	0.02899	0.01100	0.01499	0.01150	0.01649	0.00950	0.00950	0.03149	0.01849	0.73709	0.02549	0.02199	0.01599	0.00800	0.00650	0.00200	0.00550	0.00650	0.00800	0.01100
21	0.02386	0.01742	0.01864	0.01437	0.01933	0.01925	0.01184	0.67197	0.02943	0.03979	0.01583	0.01599	0.01130	0.00774	0.00635	0.00191	0.00688	0.00583	0.05154	0.01071
22	0.02629	0.01533	0.01768	0.01355	0.01866	0.01594	0.01120	0.44663	0.02575	0.31169	0.01940	0.01803	0.01294	0.00785	0.00648	0.00196	0.00648	0.00608	0.00706	0.01099
23	0.01220	0.01148	0.01938	0.75739	0.04450	0.01436	0.01794	0.01651	0.01292	0.01651	0.01148	0.01723	0.00861	0.00646	0.00646	0.00215	0.00861	0.00574	0.00287	0.00718
24	0.01220	0.01148	0.01938	0.75739	0.04450	0.01436	0.01794	0.01651	0.01292	0.01651	0.01148	0.01723	0.00861	0.00646	0.00646	0.00215	0.00861	0.00574	0.00287	0.00718
25	0.02899	0.01100	0.01499	0.01150	0.01649	0.00950	0.00950	0.03149	0.01849	0.73709	0.02549	0.02199	0.01599	0.00800	0.00650	0.00200	0.00550	0.00650	0.00800	0.01100
26	0.02899	0.01100	0.01499	0.01150	0.01649	0.00950	0.00950	0.03149	0.01849	0.73709	0.02549	0.02199	0.01599	0.00800	0.00650	0.00200	0.00550	0.00650	0.00800	0.01100
27	0.02425	0.01800	0.01964	0.01578	0.04625	0.01987	0.01256	0.68564	0.02980	0.04000	0.01539	0.01553	0.01096	0.00768	0.00646	0.00194	0.00713	0.00582	0.00634	0.01096
28	0.00923	0.00692	0.01038	0.01038	0.01154	0.00808	0.00808	0.01154	0.01038	0.01500	0.01731	0.02538	0.01615	0.04846	0.74732	0.01038	0.01731	0.00692	0.00346	0.00577
29	0.81856	0.01250	0.00950	0.00850	0.01250	0.01449	0.00700	0.01899	0.01100	0.02899	0.00900	0.01050	0.00700	0.00600	0.00400	0.00200	0.00500	0.00350	0.00400	0.00700
30	0.02787	0.01099	0.01516	0.01234	0.04073	0.00958	0.00973	0.03043	0.01836	0.68830	0.04911	0.02269	0.01734	0.00810	0.00653	0.00200	0.00549	0.00665	0.00780	0.01080
31	0.01599	0.01535	0.02623	0.03966	0.73262	0.01535	0.01983	0.01983	0.01471	0.02111	0.01215	0.01599	0.01023	0.00576	0.00640	0.00192	0.00768	0.00576	0.00320	0.01023
32	0.01520	0.01283	0.01367	0.01236	0.01572	0.01466	0.00959	0.03131	0.62162	0.02681	0.10000	0.02665	0.02395	0.00919	0.00661	0.00215	0.00482	0.00772	0.03551	0.00964
33	0.00794	0.00568	0.00756	0.00895	0.00939	0.00529	0.00600	0.00917	0.01269	0.01701	0.07355	0.72930	0.04373	0.01986	0.00821	0.00259	0.00371	0.01800	0.00606	0.00529
34	0.00792	0.00579	0.00746	0.00867	0.00932	0.00532	0.00588	0.00922	0.01299	0.01717	0.08075	0.64565	0.12132	0.01938	0.00814	0.00254	0.00365	0.01743	0.00607	0.00532
35	0.00775	0.00655	0.00671	0.00667	0.00880	0.00550	0.00500	0.00950	0.01500	0.01810	0.11625	0.06112	0.67879	0.01612	0.00764	0.00217	0.00326	0.01349	0.00609	0.00550
36	0.01296	0.03342	0.73944	0.01842	0.02797	0.01501	0.02387	0.02046	0.01364	0.02046	0.01160	0.01364	0.00818	0.00614	0.00614	0.00205	0.00955	0.00477	0.00273	0.00955
37	0.62029	0.01246	0.01109	0.00941	0.01367	0.01375	0.00776	0.05515	0.01345	0.17277	0.01265	0.01307	0.00901	0.00649	0.00462	0.00200	0.00520	0.00422	0.00493	0.00800
38	0.01598	0.01586	0.02658	0.08304	0.59993	0.04212	0.08175	0.01992	0.01478	0.02059	0.01212	0.01604	0.01002	0.00581	0.00649	0.00195	0.00817	0.00587	0.00319	0.00980

[dist]
# distance from previous block
# <min> <max>
0	1

[block]
# block no. 1 follows, 34 sequences, length 99
# corresponding to MSA columns:
# 75-173
name=unknown_B
#
# <colnr> <probs for GDERKNQSTAVLIFYWHMCP>
#	G	D	E	R	K	N	Q	S	T	A	V	L	I	F	Y	W	H	M	C	P
0	0.02534	0.01252	0.04253	0.06790	0.09358	0.01092	0.04041	0.02840	0.01741	0.55800	0.02213	0.02056	0.01435	0.00749	0.00652	0.00201	0.00631	0.00635	0.00676	0.01050
1	0.00887	0.00632	0.00856	0.01000	0.01078	0.00610	0.00756	0.01064	0.01319	0.01740	0.03453	0.48321	0.03996	0.04715	0.00941	0.00289	0.00466	0.26739	0.00590	0.00546
2	0.81856	0.01250	0.00950	0.00850	0.01250	0.01449	0.00700	0.01899	0.01100	0.02899	0.00900	0.01050	0.00700	0.00600	0.00400	0.00200	0.00500	0.00350	0.00400	0.00700
3	0.81856	0.01250	0.00950	0.00850	0.01250	0.01449	0.00700	0.01899	0.01100	0.02899	0.00900	0.01050	0.00700	0.00600	0.00400	0.00200	0.00500	0.00350	0.00400	0.00700
4	0.01607	0.01388	0.01461	0.01315	0.01680	0.01607	0.01023	0.03433	0.72094	0.02703	0.02630	0.02411	0.01972	0.00877	0.00657	0.00219	0.00511	0.00731	0.00657	0.01023
5	0.01204	0.00602	0.00602	0.00602	0.00753	0.00602	0.00452	0.01506	0.01355	0.02409	0.02108	0.02409	0.01656	0.00753	0.00452	0.00151	0.00301	0.00602	0.80879	0.00602
6	0.00914	0.00660	0.00864	0.00813	0.00965	0.00610	0.00610	0.01219	0.01829	0.02591	0.72921	0.04827	0.06097	0.01321	0.00762	0.00203	0.00305	0.01169	0.00711	0.00610
7	0.02414	0.03079	0.01831	0.01665	0.01998	0.74698	0.01248	0.02580	0.01831	0.01581	0.00999	0.01165	0.00832	0.00666	0.00583	0.00166	0.01165	0.00416	0.00333	0.00749
8	0.00968	0.00729	0.01001	0.01060	0.06623	0.00682	0.00717	0.01279	0.01801	0.02553	0.67309	0.04574	0.05700	0.01263	0.00752	0.00202	0.00341	0.01122	0.00681	0.00642
9	0.81856	0.01250	0.00950	0.00850	0.01250	0.01449	0.00700	0.01899	0.01100	0.02899	0.00900	0.01050	0.00700	0.00600	0.00400	0.00200	0.00500	0.00350	0.00400	0.00700
10	0.01204	0.00602	0.00602	0.00602	0.00753	0.00602	0.00452	0.01506	0.01355	0.02409	0.02108	0.02409	0.01656	0.00753	0.00452	0.00151	0.00301	0.00602	0.80879	0.00602
11	0.00914	0.00660	0.00864	0.00813	0.00965	0.00610	0.00610	0.01219	0.01829	0.02591	0.72921	0.04827	0.06097	0.01321	0.00762	0.00203	0.00305	0.01169	0.00711	0.00610
12	0.01340	0.01148	0.01340	0.00957	0.01531	0.00861	0.00766	0.01627	0.01340	0.02105	0.01148	0.01340	0.00957	0.00479	0.00479	0.00096	0.00479	0.00383	0.00383	0.81242
13	0.01599	0.01535	0.02623	0.03966	0.73262	0.01535	0.01983	0.01983	0.01471	0.02111	0.01215	0.01599	0.01023	0.00576	0.00640	0.00192	0.00768	0.00576	0.00320	0.01023
14	0.01599	0.01535	0.02623	0.03966	0.73262	0.01535	0.01983	0.01983	0.01471	0.02111	0.01215	0.01599	0.01023	0.00576	0.00640	0.00192	0.00768	0.00576	0.00320	0.01023
15	0.00892	0.00660	0.00832	0.00789	0.00951	0.00600	0.00592	0.01175	0.01775	0.02463	0.62833	0.05038	0.16265	0.01369	0.00762	0.00205	0.00308	0.01198	0.00694	0.00600
16	0.01063	0.00769	0.01057	0.01195	0.01352	0.00777	0.01040	0.01420	0.04222	0.01963	0.03390	0.07099	0.03651	0.01750	0.00883	0.00294	0.00592	0.66272	0.00597	0.00612
17	0.01122	0.00561	0.00842	0.00842	0.00842	0.00561	0.00561	0.00842	0.00842	0.01122	0.01122	0.01964	0.01122	0.02245	0.02525	0.81201	0.00561	0.00561	0.00281	0.00281
18	0.00973	0.00772	0.01065	0.01059	0.01182	0.03290	0.00822	0.01202	0.01065	0.01503	0.01706	0.02492	0.01589	0.04706	0.72240	0.01009	0.01712	0.00683	0.00346	0.00583
19	0.02830	0.01115	0.01497	0.01158	0.01651	0.00985	0.00954	0.03164	0.05612	0.69906	0.02553	0.02211	0.01619	0.00804	0.00650	0.00201	0.00548	0.00654	0.00792	0.01095
20	0.02456	0.01810	0.01939	0.01487	0.02004	0.02004	0.01228	0.71107	0.03038	0.04072	0.01551	0.01551	0.01099	0.00776	0.00646	0.00194	0.00711	0.00582	0.00646	0.01099
21	0.01727	0.77681	0.03386	0.01106	0.01658	0.02557	0.01106	0.01935	0.01313	0.01520	0.00898	0.01036	0.00829	0.00553	0.00415	0.00138	0.00691	0.00345	0.00276	0.00829
22	0.00787	0.00562	0.00750	0.00900	0.00937	0.00525	0.00600	0.00900	0.01237	0.01649	0.03561	0.76871	0.04274	0.02024	0.00825	0.00262	0.00375	0.01837	0.00600	0.00525
23	0.02899	0.01100	0.01499	0.01150	0.01649	0.00950	0.00950	0.03149	0.01849	0.73709	0.02549	0.02199	0.01599	0.00800	0.00650	0.00200	0.00550	0.00650	0.00800	0.01100
24	0.12453	0.01562	0.01472	0.01320	0.01659	0.09851	0.01034	0.02993	0.49421	0.02518	0.02083	0.02014	0.01590	0.00834	0.00722	0.00215	0.06141	0.00632	0.00559	0.00925
25	0.01281	0.01211	0.02048	0.64220	0.15494	0.01452	0.01825	0.01704	0.01321	0.01725	0.01159	0.01703	0.00887	0.00635	0.00645	0.00212	0.00846	0.00574	0.00292	0.00767
26	0.00827	0.00623	0.00765	0.00802	0.00930	0.00561	0.00574	0.01023	0.01515	0.02017	0.29519	0.31638	0.23522	0.01664	0.00785	0.00229	0.00337	0.01467	0.00640	0.00561
27	0.05931	0.01455	0.02003	0.01747	0.07320	0.01545	0.14288	0.20222	0.20465	0.04675	0.02023	0.10032	0.01705	0.00896	0.00684	0.00216	0.00680	0.02631	0.00549	0.00934
28	0.01454	0.03652	0.05028	0.02017	0.02275	0.01867	0.23896	0.01748	0.01184	0.01737	0.01008	0.01508	0.00889	0.00908	0.01585	0.00255	0.47299	0.00620	0.00296	0.00772
29	0.07128	0.01108	0.01470	0.01134	0.01628	0.00976	0.00936	0.03082	0.01809	0.69917	0.02461	0.02138	0.01551	0.00789	0.00636	0.00200	0.00547	0.00634	0.00778	0.01078
30	0.01823	0.02069	0.02017	0.04783	0.12742	0.30113	0.01450	0.02021	0.01400	0.01653	0.00973	0.01357	0.00869	0.00848	0.01245	0.00221	0.32827	0.00509	0.00308	0.00772
31	0.12183	0.12017	0.47447	0.01550	0.02320	0.01634	0.01849	0.07400	0.01453	0.02266	0.01155	0.01331	0.00854	0.00622	0.00558	0.00193	0.00821	0.00456	0.02986	0.00905
32	0.00916	0.00686	0.01024	0.01032	0.01143	0.00794	0.00797	0.01141	0.01048	0.01507	0.01822	0.06238	0.01748	0.04706	0.71053	0.01000	0.01663	0.00749	0.00359	0.00574
33	0.61464	0.01535	0.01251	0.01261	0.07917	0.11131	0.00906	0.04286	0.01294	0.02692	0.00963	0.01131	0.00760	0.00612	0.00454	0.00195	0.00619	0.00387	0.00392	0.00749
34	0.00786	0.00566	0.00746	0.00890	0.00935	0.00526	0.00595	0.00901	0.01247	0.01653	0.03684	0.73967	0.07098	0.02008	0.00822	0.00261	0.00373	0.01817	0.00600	0.00526
35	0.00983	0.00659	0.00857	0.00859	0.00926	0.00698	0.00589	0.01101	0.01041	0.03319	0.02043	0.08775	0.02153	0.38079	0.31247	0.00733	0.01031	0.00887	0.03517	0.00501
36	0.01453	0.02267	0.27331	0.02513	0.08045	0.01582	0.43057	0.02056	0.01467	0.02065	0.01251	0.01605	0.00929	0.00570	0.00704	0.00212	0.01022	0.00654	0.00308	0.00910
37	0.10236	0.30003	0.14825	0.01516	0.03859	0.18871	0.05573	0.02167	0.04178	0.01865	0.01067	0.01235	0.00873	0.00607	0.00523	0.00172	0.00845	0.00431	0.00321	0.00834
38	0.01031	0.00784	0.00889	0.00939	0.01042	0.04015	0.00658	0.01280	0.06159	0.03694	0.10097	0.39190	0.05420	0.15546	0.01246	0.00315	0.00478	0.06074	0.00570	0.00574
39	0.01519	0.17970	0.03681	0.01343	0.07729	0.03795	0.02560	0.03919	0.01418	0.02020	0.01111	0.01306	0.00932	0.00523	0.00496	0.00124	0.00604	0.00409	0.00357	0.48184
40	0.00788	0.00580	0.00739	0.00858	0.00928	0.00531	0.00583	0.00915	0.01295	0.01697	0.06437	0.63215	0.15191	0.01939	0.00813	0.00253	0.00365	0.01739	0.00604	0.00531
41	0.04010	0.28916	0.02250	0.01280	0.01741	0.06317	0.01096	0.15623	0.27603	0.02478	0.01662	0.01646	0.01296	0.00722	0.00557	0.00182	0.00652	0.00536	0.00493	0.00943
42	0.01557	0.03512	0.04296	0.16362	0.52470	0.01564	0.04298	0.04481	0.01493	0.02084	0.01210	0.01604	0.00986	0.00595	0.00639	0.00196	0.00796	0.00574	0.00324	0.00960
43	0.01414	0.14890	0.51066	0.02071	0.14113	0.01674	0.02117	0.02018	0.01373	0.01973	0.01127	0.01350	0.00854	0.00598	0.00586	0.00192	0.00882	0.00472	0.00281	0.00946
44	0.01882	0.02119	0.02082	0.02097	0.14269	0.30774	0.04119	0.03944	0.04108	0.01790	0.01074	0.01400	0.00925	0.00809	0.01108	0.00214	0.25624	0.00522	0.00334	0.00807
45	0.00786	0.00568	0.00744	0.00884	0.00933	0.00526	0.00593	0.00901	0.01252	0.01656	0.03755	0.72287	0.08732	0.01999	0.00821	0.00260	0.00372	0.01806	0.00600	0.00526
46	0.01648	0.01484	0.01661	0.01498	0.03939	0.04284	0.04623	0.05071	0.59309	0.02607	0.02365	0.02247	0.01786	0.00850	0.00714	0.00218	0.03391	0.00706	0.00605	0.00995
47	0.00940	0.00626	0.00705	0.00705	0.00705	0.00626	0.00392	0.00940	0.00940	0.01253	0.02036	0.04228	0.02349	0.77292	0.03289	0.00626	0.00626	0.00940	0.00392	0.00392
48	0.02345	0.10514	0.01986	0.01609	0.01964	0.67509	0.01234	0.02516	0.01779	0.01575	0.00989	0.01152	0.00832	0.00655	0.00566	0.00164	0.01118	0.00409	0.00327	0.00757
49	0.01122	0.00561	0.00842	0.00842	0.00842	0.00561	0.00561	0.00842	0.00842	0.01122	0.01122	0.01964	0.01122	0.02245	0.02525	0.81201	0.00561	0.00561	0.00281	0.00281
50	0.03825	0.01727	0.13925	0.01426	0.07086	0.06122	0.01210	0.06696	0.01537	0.07831	0.01276	0.01425	0.00983	0.00570	0.00543	0.00144	0.00650	0.00449	0.00407	0.42166
51	0.05702	0.02257	0.31687	0.01955	0.02687	0.01463	0.25009	0.04525	0.01545	0.14734	0.01453	0.01628	0.01013	0.00628	0.00660	0.00208	0.00898	0.00600	0.00402	0.00944
52	0.00939	0.00630	0.00721	0.00721	0.00727	0.00635	0.00412	0.00950	0.00945	0.01265	0.02021	0.04144	0.02313	0.73687	0.06845	0.00647	0.00681	0.00927	0.00389	0.00401
53	0.01648	0.01514	0.02539	0.03765	0.67998	0.01516	0.01910	0.02079	0.04049	0.04797	0.01316	0.01651	0.01079	0.00595	0.00641	0.00193	0.00750	0.00584	0.00350	0.01026
54	0.07299	0.01960	0.21308	0.02287	0.19407	0.01490	0.13817	0.04701	0.05767	0.08383	0.01571	0.01769	0.03424	0.00680	0.00693	0.00207	0.03294	0.00608	0.00396	0.00939
55	0.01599	0.01535	0.02623	0.03966	0.73262	0.01535	0.01983	0.01983	0.01471	0.02111	0.01215	0.01599	0.01023	0.00576	0.00640	0.00192	0.00768	0.00576	0.00320	0.01023
56	0.01220	0.01148	0.01938	0.75739	0.04450	0.01436	0.01794	0.01651	0.01292	0.01651	0.01148	0.01723	0.00861	0.00646	0.00646	0.00215	0.00861	0.00574	0.00287	0.00718
57	0.01778	0.72197	0.03272	0.01147	0.01683	0.07860	0.01116	0.01982	0.01351	0.01525	0.00906	0.01046	0.00829	0.00561	0.00427	0.00140	0.00726	0.00351	0.00281	0.00823
58	0.02860	0.03631	0.01562	0.01148	0.01650	0.01003	0.00955	0.03109	0.01832	0.71323	0.02495	0.02161	0.01574	0.00792	0.00642	0.00198	0.00554	0.00640	0.00782	0.01091
59	0.00957	0.00727	0.01059	0.01052	0.01180	0.00847	0.00818	0.01267	0.04575	0.01560	0.01775	0.02532	0.01633	0.04648	0.71045	0.00998	0.01670	0.00694	0.00362	0.00599
60	0.00841	0.00658	0.00761	0.00735	0.00920	0.00578	0.00551	0.01076	0.01654	0.02177	0.40382	0.05509	0.38894	0.01476	0.00763	0.00211	0.00316	0.01264	0.00657	0.00578
61	0.01440	0.01636	0.09480	0.05310	0.18623	0.01796	0.03524	0.01722	0.01166	0.01752	0.00990	0.01473	0.00890	0.00914	0.01526	0.00249	0.45842	0.00565	0.00292	0.00811
62	0.01220	0.01148	0.01938	0.75739	0.04450	0.01436	0.01794	0.01651	0.01292	0.01651	0.01148	0.01723	0.00861	0.00646	0.00646	0.00215	0.00861	0.00574	0.00287	0.00718
63	0.00787	0.00562	0.00750	0.00900	0.00937	0.00525	0.00600	0.00900	0.01237	0.01649	0.03561	0.76871	0.04274	0.02024	0.00825	0.00262	0.00375	0.01837	0.00600	0.00525
64	0.02414	0.03079	0.01831	0.01665	0.01998	0.74698	0.01248	0.02580	0.01831	0.01581	0.00999	0.01165	0.00832	0.00666	0.00583	0.00166	0.01165	0.00416	0.00333	0.00749
65	0.79119	0.01244	0.00969	0.00860	0.01263	0.01432	0.00708	0.01943	0.01126	0.05354	0.00957	0.01089	0.00731	0.00607	0.00409	0.00200	0.00502	0.00360	0.00414	0.00714
66	0.00769	0.00655	0.00661	0.00660	0.00876	0.00548	0.00495	0.00937	0.01485	0.01773	0.08742	0.06172	0.70786	0.01626	0.00764	0.00218	0.00327	0.01357	0.00604	0.00548
67	0.00923	0.00692	0.01038	0.01038	0.01154	0.00808	0.00808	0.01154	0.01038	0.01500	0.01731	0.02538	0.01615	0.04846	0.74732	0.01038	0.01731	0.00692	0.00346	0.00577
68	0.01569	0.02821	0.55113	0.01831	0.02682	0.01430	0.09627	0.02219	0.01457	0.13124	0.01390	0.01534	0.00957	0.00635	0.00636	0.00205	0.00907	0.00535	0.00360	0.00968
69	0.01571	0.01408	0.01959	0.45256	0.12841	0.06899	0.01630	0.07113	0.07232	0.05830	0.01371	0.01733	0.01027	0.00675	0.00642	0.00207	0.00815	0.00580	0.00379	0.00834
70	0.02414	0.03079	0.01831	0.01665	0.01998	0.74698	0.01248	0.02580	0.01831	0.01581	0.00999	0.01165	0.00832	0.00666	0.00583	0.00166	0.01165	0.00416	0.00333	0.00749
71	0.00830	0.00566	0.00734	0.00869	0.00918	0.00533	0.00584	0.00962	0.01249	0.01728	0.03411	0.69176	0.04003	0.01893	0.00786	0.00251	0.00367	0.01709	0.08895	0.00533
72	0.02018	0.08270	0.07124	0.01614	0.05699	0.03057	0.11418	0.04418	0.18176	0.25704	0.02146	0.02083	0.03774	0.00758	0.00646	0.00201	0.00683	0.00659	0.00568	0.00984
73	0.01579	0.01544	0.02494	0.13939	0.60681	0.04528	0.01926	0.01961	0.01461	0.02025	0.01197	0.01599	0.00993	0.00589	0.00638	0.00194	0.00797	0.00569	0.00316	0.00969
74	0.01296	0.03342	0.73944	0.01842	0.02797	0.01501	0.02387	0.02046	0.01364	0.02046	0.01160	0.01364	0.00818	0.00614	0.00614	0.00205	0.00955	0.00477	0.00273	0.00955
75	0.59162	0.01490	0.01343	0.01496	0.14324	0.09034	0.00988	0.01985	0.01242	0.02621	0.00967	0.01161	0.00772	0.00602	0.00462	0.00195	0.00617	0.00397	0.00378	0.00763
76	0.00914	0.00660	0.00864	0.00813	0.00965	0.00610	0.00610	0.01219	0.01829	0.02591	0.72921	0.04827	0.06097	0.01321	0.00762	0.00203	0.00305	0.01169	0.00711	0.00610
77	0.01675	0.60711	0.16519	0.01266	0.01885	0.05324	0.01351	0.01982	0.01344	0.01621	0.00951	0.01103	0.00827	0.00569	0.00459	0.00152	0.00760	0.00373	0.00278	0.00849
78	0.00916	0.00672	0.00911	0.00897	0.01022	0.00692	0.00675	0.01149	0.01380	0.01931	0.29951	0.04014	0.07857	0.10954	0.30909	0.00590	0.00927	0.03465	0.00518	0.00569
79	0.01021	0.00682	0.00849	0.00812	0.00994	0.00610	0.00606	0.01262	0.01666	0.07998	0.41917	0.14242	0.22018	0.01447	0.00761	0.00214	0.00339	0.01261	0.00677	0.00622
80	0.01011	0.00776	0.01065	0.01089	0.03702	0.00885	0.00758	0.01148	0.01025	0.01445	0.01796	0.03215	0.01874	0.32991	0.33371	0.00738	0.09147	0.03065	0.00365	0.00534
81	0.81856	0.01250	0.00950	0.00850	0.01250	0.01449	0.00700	0.01899	0.01100	0.02899	0.00900	0.01050	0.00700	0.00600	0.00400	0.00200	0.00500	0.00350	0.00400	0.00700
82	0.01112	0.00561	0.00839	0.00843	0.00845	0.00560	0.00562	0.00843	0.00854	0.01138	0.01196	0.04216	0.01217	0.02238	0.02474	0.78768	0.00556	0.00600	0.00290	0.00288
83	0.02899	0.01100	0.01499	0.01150	0.01649	0.00950	0.00950	0.03149	0.01849	0.73709	0.02549	0.02199	0.01599	0.00800	0.00650	0.00200	0.00550	0.00650	0.00800	0.01100
84	0.01701	0.01521	0.02370	0.18858	0.36488	0.01636	0.05604	0.17470	0.01775	0.02436	0.01272	0.01618	0.00998	0.00649	0.00689	0.00201	0.02784	0.00587	0.00386	0.00957
85	0.00940	0.00626	0.00705	0.00705	0.00705	0.00626	0.00392	0.00940	0.00940	0.01253	0.02036	0.04228	0.02349	0.77292	0.03289	0.00626	0.00626	0.00940	0.00392	0.00392
86	0.02292	0.04751	0.01823	0.01605	0.01948	0.63446	0.01216	0.02674	0.10878	0.01724	0.01207	0.01323	0.00979	0.00690	0.00588	0.00173	0.01069	0.00455	0.00373	0.00786
87	0.05790	0.01738	0.08626	0.02974	0.44694	0.04209	0.03256	0.10663	0.03850	0.04119	0.03087	0.01652	0.01160	0.00641	0.00631	0.00195	0.00760	0.00576	0.00393	0.00989
88	0.01668	0.49693	0.22845	0.01374	0.02032	0.04564	0.03369	0.02036	0.01370	0.04349	0.01046	0.01194	0.00859	0.00582	0.00494	0.00162	0.00786	0.00407	0.00298	0.00873
89	0.81856	0.01250	0.00950	0.00850	0.01250	0.01449	0.00700	0.01899	0.01100	0.02899	0.00900	0.01050	0.00700	0.00600	0.00400	0.00200	0.00500	0.00350	0.00400	0.00700
90	0.01895	0.05911	0.02463	0.02321	0.17794	0.28852	0.15839	0.05854	0.01655	0.01930	0.01231	0.04520	0.01061	0.00704	0.00725	0.00193	0.05259	0.00595	0.00351	0.00846
91	0.00902	0.00660	0.00847	0.00800	0.00958	0.00605	0.00600	0.01196	0.01801	0.02524	0.67621	0.04938	0.11438	0.01346	0.00762	0.00204	0.00307	0.01184	0.00702	0.00605
92	0.01294	0.03019	0.62371	0.01887	0.02760	0.01463	0.09769	0.01987	0.01375	0.02028	0.01304	0.05450	0.01021	0.00682	0.00641	0.00209	0.00939	0.00581	0.00296	0.00923
93	0.00906	0.00660	0.00852	0.00804	0.00960	0.00606	0.00603	0.01204	0.01810	0.02546	0.69366	0.04901	0.09680	0.01338	0.00762	0.00204	0.00306	0.01179	0.00705	0.00606
94	0.01580	0.01502	0.02345	0.04641	0.31139	0.01578	0.13302	0.02564	0.29494	0.02326	0.01790	0.01949	0.01388	0.00692	0.00668	0.00208	0.00723	0.00669	0.00454	0.00989
95	0.01672	0.01557	0.03874	0.10697	0.40566	0.05922	0.01664	0.02310	0.14442	0.06688	0.01590	0.01900	0.01263	0.00687	0.00646	0.00201	0.00741	0.02195	0.00415	0.00967
96	0.01565	0.01308	0.01856	0.17489	0.05816	0.03864	0.04180	0.01831	0.01300	0.10945	0.01360	0.05626	0.01159	0.00874	0.01137	0.00219	0.26395	0.00624	0.00386	0.12064
97	0.01733	0.73433	0.05526	0.01138	0.01702	0.02510	0.01148	0.03720	0.01359	0.01602	0.00923	0.01060	0.00836	0.00560	0.00427	0.00142	0.00700	0.00356	0.00286	0.00840
98	0.20478	0.02338	0.01804	0.01609	0.04391	0.40850	0.06262	0.09329	0.03500	0.02217	0.01103	0.01266	0.00875	0.00655	0.00564	0.00183	0.00931	0.00457	0.00387	0.00799

[dist]
# distance from previous block
# <min> <max>
0	1

[block]
# block no. 2 follows, 34 sequences, length 112
# corresponding to MSA columns:
# 175-286
name=unknown_C
#
# <colnr> <probs for GDERKNQSTAVLIFYWHMCP>
#	G	D	E	R	K	N	Q	S	T	A	V	L	I	F	Y	W	H	M	C	P
0	0.01755	0.01701	0.09922	0.01665	0.09164	0.01651	0.01308	0.18668	0.38934	0.02875	0.02055	0.02011	0.01534	0.00789	0.00642	0.00207	0.00628	0.00648	0.02822	0.01021
1	0.01432	0.01303	0.04587	0.01669	0.14676	0.01306	0.01133	0.02493	0.36034	0.04507	0.10930	0.03024	0.12204	0.00966	0.00679	0.00211	0.00529	0.00828	0.00581	0.00908
2	0.03979	0.06415	0.49056	0.01871	0.04686	0.01638	0.08212	0.09683	0.01542	0.02257	0.01185	0.01402	0.00868	0.00642	0.00675	0.00204	0.03908	0.00511	0.00325	0.00942
3	0.01133	0.00966	0.03583	0.01093	0.04107	0.00914	0.00821	0.04637	0.14899	0.02528	0.43097	0.08435	0.08768	0.01223	0.00731	0.00210	0.00407	0.01067	0.00654	0.00727
4	0.00927	0.00675	0.00948	0.00946	0.01035	0.00754	0.00696	0.01104	0.01048	0.01485	0.04845	0.03054	0.01988	0.22618	0.53901	0.00901	0.01397	0.00774	0.00373	0.00532
5	0.01955	0.01613	0.01745	0.01597	0.07366	0.04021	0.01182	0.29080	0.38123	0.03144	0.02059	0.01982	0.01531	0.00808	0.00650	0.00206	0.00628	0.00652	0.00617	0.01043
6	0.10350	0.01138	0.01463	0.01133	0.01624	0.01033	0.00936	0.05366	0.01819	0.64620	0.02359	0.02068	0.01497	0.00780	0.00626	0.00200	0.00551	0.00619	0.00757	0.01062
7	0.01754	0.54086	0.07050	0.01510	0.09462	0.05139	0.01281	0.06222	0.04881	0.01827	0.01074	0.01218	0.00921	0.00592	0.00482	0.00156	0.00725	0.00413	0.00324	0.00880
8	0.01448	0.01425	0.02149	0.08202	0.21197	0.01816	0.01597	0.01678	0.01143	0.01712	0.00971	0.01488	0.00896	0.00943	0.01604	0.00253	0.49820	0.00569	0.00293	0.00793
9	0.00850	0.00711	0.00755	0.00738	0.00955	0.00643	0.00558	0.01155	0.06699	0.01901	0.13568	0.05616	0.56994	0.01688	0.04056	0.00253	0.00401	0.01265	0.00606	0.00589
10	0.00787	0.00562	0.00750	0.00900	0.00937	0.00525	0.00600	0.00900	0.01237	0.01649	0.03561	0.76871	0.04274	0.02024	0.00825	0.00262	0.00375	0.01837	0.00600	0.00525
11	0.00803	0.00656	0.00709	0.00696	0.00897	0.00562	0.00522	0.01003	0.01565	0.01964	0.23728	0.05858	0.55681	0.01555	0.00763	0.00214	0.00321	0.01313	0.00629	0.00562
12	0.02899	0.01100	0.01499	0.01150	0.01649	0.00950	0.00950	0.03149	0.01849	0.73709	0.02549	0.02199	0.01599	0.00800	0.00650	0.00200	0.00550	0.00650	0.00800	0.01100
13	0.01607	0.01388	0.01461	0.01315	0.01680	0.01607	0.01023	0.03433	0.72094	0.02703	0.02630	0.02411	0.01972	0.00877	0.00657	0.00219	0.00511	0.00731	0.00657	0.01023
14	0.81856	0.01250	0.00950	0.00850	0.01250	0.01449	0.00700	0.01899	0.01100	0.02899	0.00900	0.01050	0.00700	0.00600	0.00400	0.00200	0.00500	0.00350	0.00400	0.00700
15	0.81856	0.01250	0.00950	0.00850	0.01250	0.01449	0.00700	0.01899	0.01100	0.02899	0.00900	0.01050	0.00700	0.00600	0.00400	0.00200	0.00500	0.00350	0.00400	0.00700
16	0.01499	0.01673	0.10169	0.07283	0.35415	0.01510	0.11738	0.02198	0.14162	0.02161	0.01701	0.01945	0.04228	0.00679	0.00664	0.00204	0.00775	0.00653	0.00386	0.00955
17	0.01744	0.01136	0.01381	0.01007	0.01562	0.00884	0.00813	0.02022	0.01472	0.20680	0.01512	0.01563	0.01124	0.00562	0.00523	0.00123	0.00497	0.00452	0.00491	0.60452
18	0.00901	0.00667	0.00782	0.00754	0.00943	0.00587	0.00565	0.01131	0.01640	0.04368	0.37181	0.08461	0.36718	0.01480	0.00762	0.00213	0.00326	0.01271	0.00658	0.00592
19	0.00987	0.00765	0.01059	0.01201	0.07238	0.00807	0.00792	0.01147	0.01190	0.01629	0.05863	0.20571	0.06148	0.20866	0.15940	0.00497	0.05493	0.06779	0.00460	0.00567
20	0.01340	0.01148	0.01340	0.00957	0.01531	0.00861	0.00766	0.01627	0.01340	0.02105	0.01148	0.01340	0.00957	0.00479	0.00479	0.00096	0.00479	0.00383	0.00383	0.81242
21	0.01576	0.16143	0.31041	0.01752	0.10647	0.03965	0.01663	0.03849	0.04865	0.07898	0.04047	0.01831	0.04663	0.00808	0.02384	0.00210	0.00796	0.00564	0.00385	0.00911
22	0.22841	0.07999	0.01908	0.01728	0.11175	0.27441	0.03968	0.08137	0.03692	0.02255	0.01098	0.01280	0.00885	0.00649	0.00579	0.00185	0.02525	0.00455	0.00379	0.00821
23	0.00825	0.00698	0.00718	0.00706	0.00927	0.00613	0.00531	0.01097	0.05627	0.01868	0.11559	0.05886	0.63566	0.01567	0.00757	0.00217	0.00336	0.01311	0.00612	0.00578
24	0.01340	0.01407	0.09454	0.01099	0.01717	0.00951	0.02688	0.01684	0.01347	0.02098	0.01154	0.01353	0.00942	0.00495	0.00501	0.00111	0.00547	0.00403	0.00369	0.70340
25	0.81856	0.01250	0.00950	0.00850	0.01250	0.01449	0.00700	0.01899	0.01100	0.02899	0.00900	0.01050	0.00700	0.00600	0.00400	0.00200	0.00500	0.00350	0.00400	0.00700
26	0.01097	0.00735	0.01041	0.01005	0.01125	0.00822	0.00759	0.01283	0.01082	0.07136	0.01825	0.02798	0.01729	0.18198	0.52993	0.00870	0.03796	0.00732	0.00388	0.00587
27	0.01369	0.09076	0.61778	0.01798	0.02659	0.03414	0.04123	0.02032	0.01361	0.01974	0.01127	0.01346	0.00825	0.00629	0.00662	0.00202	0.03944	0.00477	0.00276	0.00928
28	0.00981	0.00795	0.01130	0.01117	0.01184	0.00951	0.00854	0.01153	0.01083	0.01546	0.02095	0.23811	0.02255	0.05662	0.36757	0.00652	0.15980	0.01005	0.00408	0.00581
29	0.81856	0.01250	0.00950	0.00850	0.01250	0.01449	0.00700	0.01899	0.01100	0.02899	0.00900	0.01050	0.00700	0.00600	0.00400	0.00200	0.00500	0.00350	0.00400	0.00700
30	0.01211	0.01031	0.01164	0.01173	0.05625	0.01082	0.00835	0.02142	0.32515	0.02336	0.16191	0.04023	0.25706	0.01183	0.00709	0.00214	0.00431	0.01004	0.00628	0.00795
31	0.01854	0.52992	0.02844	0.01200	0.01714	0.04324	0.01112	0.15545	0.06583	0.02137	0.03498	0.01359	0.01133	0.00647	0.00493	0.00158	0.00683	0.00447	0.00391	0.00886
32	0.02456	0.01810	0.01939	0.01487	0.02004	0.02004	0.01228	0.71107	0.03038	0.04072	0.01551	0.01551	0.01099	0.00776	0.00646	0.00194	0.00711	0.00582	0.00646	0.01099
33	0.01727	0.77681	0.03386	0.01106	0.01658	0.02557	0.01106	0.01935	0.01313	0.01520	0.00898	0.01036	0.00829	0.00553	0.00415	0.00138	0.00691	0.00345	0.00276	0.00829
34	0.68562	0.09842	0.05212	0.00932	0.01380	0.01575	0.00837	0.01911	0.01138	0.02699	0.00914	0.01065	0.00721	0.00595	0.00413	0.00193	0.00546	0.00356	0.00379	0.00728
35	0.00940	0.00626	0.00705	0.00705	0.00705	0.00626	0.00392	0.00940	0.00940	0.01253	0.02036	0.04228	0.02349	0.77292	0.03289	0.00626	0.00626	0.00940	0.00392	0.00392
36	0.00940	0.00626	0.00705	0.00705	0.00705	0.00626	0.00392	0.00940	0.00940	0.01253	0.02036	0.04228	0.02349	0.77292	0.03289	0.00626	0.00626	0.00940	0.00392	0.00392
37	0.06289	0.03939	0.21065	0.29635	0.14770	0.01512	0.01833	0.01898	0.01337	0.05291	0.01188	0.01551	0.00900	0.00658	0.00707	0.00209	0.05517	0.00532	0.00319	0.00850
38	0.00825	0.00577	0.00763	0.00905	0.00956	0.00544	0.00623	0.00959	0.01260	0.01706	0.03481	0.68445	0.04108	0.01946	0.00811	0.00259	0.00387	0.06428	0.04482	0.00533
39	0.01400	0.05499	0.60298	0.01745	0.02599	0.06104	0.02137	0.02146	0.05672	0.02042	0.01230	0.01404	0.00894	0.00626	0.00604	0.00197	0.00916	0.00481	0.00304	0.03701
40	0.01536	0.04223	0.21714	0.05673	0.31765	0.05570	0.07865	0.02098	0.05936	0.02038	0.01258	0.01557	0.00995	0.00636	0.00705	0.00202	0.04401	0.00560	0.00326	0.00944
41	0.01525	0.01743	0.03813	0.02723	0.03377	0.01634	0.70915	0.02070	0.01525	0.02070	0.01307	0.01743	0.00980	0.00545	0.00763	0.00218	0.01089	0.00763	0.00327	0.00871
42	0.01340	0.01148	0.01340	0.00957	0.01531	0.00861	0.00766	0.01627	0.01340	0.02105	0.01148	0.01340	0.00957	0.00479	0.00479	0.00096	0.00479	0.00383	0.00383	0.81242
43	0.01624	0.01682	0.09059	0.03660	0.63999	0.01509	0.01978	0.02035	0.01477	0.04964	0.01264	0.01602	0.01028	0.00588	0.00638	0.00193	0.00776	0.00570	0.00335	0.01020
44	0.01650	0.01632	0.02573	0.03822	0.68797	0.06119	0.01937	0.02020	0.01494	0.02078	0.01202	0.01572	0.01011	0.00581	0.00636	0.00190	0.00793	0.00566	0.00321	0.01006
45	0.01007	0.00682	0.00889	0.00825	0.00996	0.00625	0.00623	0.01306	0.01821	0.06010	0.67914	0.04733	0.07495	0.01303	0.00757	0.00203	0.00317	0.01148	0.00713	0.00632
46	0.01133	0.00707	0.00931	0.00853	0.01041	0.00645	0.00648	0.01426	0.01812	0.10549	0.62808	0.06826	0.05533	0.01285	0.00751	0.00205	0.00335	0.01132	0.00718	0.00662
47	0.00867	0.00650	0.00803	0.00784	0.00941	0.00586	0.00581	0.01120	0.01688	0.02301	0.50585	0.12031	0.21764	0.01463	0.00768	0.00212	0.00317	0.01279	0.00674	0.00586
48	0.01251	0.00888	0.01082	0.00948	0.01178	0.00882	0.00735	0.14513	0.02059	0.04469	0.57809	0.04147	0.05048	0.01206	0.00738	0.00201	0.00387	0.01046	0.00701	0.00713
49	0.81856	0.01250	0.00950	0.00850	0.01250	0.01449	0.00700	0.01899	0.01100	0.02899	0.00900	0.01050	0.00700	0.00600	0.00400	0.00200	0.00500	0.00350	0.00400	0.00700
50	0.02816	0.01233	0.01582	0.01213	0.01716	0.01147	0.01002	0.15896	0.02072	0.60647	0.02362	0.02078	0.01506	0.00795	0.00649	0.00199	0.00580	0.00637	0.00771	0.01099
51	0.81856	0.01250	0.00950	0.00850	0.01250	0.01449	0.00700	0.01899	0.01100	0.02899	0.00900	0.01050	0.00700	0.00600	0.00400	0.00200	0.00500	0.00350	0.00400	0.00700
52	0.00923	0.00692	0.01038	0.01038	0.01154	0.00808	0.00808	0.01154	0.01038	0.01500	0.01731	0.02538	0.01615	0.04846	0.74732	0.01038	0.01731	0.00692	0.00346	0.00577
53	0.00764	0.00655	0.00655	0.00655	0.00873	0.00545	0.00491	0.00927	0.01473	0.01745	0.06546	0.06218	0.73000	0.01636	0.00764	0.00218	0.00327	0.01364	0.00600	0.00545
54	0.75644	0.01238	0.00993	0.00873	0.01281	0.01410	0.00719	0.01998	0.01159	0.08470	0.01029	0.01140	0.00771	0.00616	0.00420	0.00200	0.00504	0.00373	0.00431	0.00731
55	0.01002	0.00812	0.00908	0.00857	0.01080	0.00795	0.00650	0.01572	0.16517	0.02284	0.32093	0.04862	0.31428	0.01351	0.00741	0.00212	0.00357	0.01153	0.00656	0.00672
56	0.01296	0.03342	0.73944	0.01842	0.02797	0.01501	0.02387	0.02046	0.01364	0.02046	0.01160	0.01364	0.00818	0.00614	0.00614	0.00205	0.00955	0.00477	0.00273	0.00955
57	0.00813	0.00579	0.00737	0.00852	0.00893	0.00544	0.00557	0.00908	0.01198	0.01585	0.03456	0.60226	0.07694	0.15245	0.01255	0.00324	0.00417	0.01653	0.00563	0.00502
58	0.02755	0.01158	0.01515	0.01180	0.01668	0.01058	0.00969	0.06077	0.08714	0.63849	0.02514	0.02192	0.01614	0.00806	0.00650	0.00202	0.00553	0.00655	0.00779	0.01092
59	0.81856	0.01250	0.00950	0.00850	0.01250	0.01449	0.00700	0.01899	0.01100	0.02899	0.00900	0.01050	0.00700	0.00600	0.00400	0.00200	0.00500	0.00350	0.00400	0.00700
60	0.00994	0.00678	0.00889	0.00826	0.00993	0.00623	0.00623	0.01296	0.01830	0.05431	0.70111	0.04722	0.05917	0.01300	0.00758	0.00203	0.00315	0.01148	0.00715	0.00629
61	0.00926	0.00621	0.00709	0.00722	0.00725	0.00617	0.00410	0.00936	0.00966	0.01288	0.02171	0.10642	0.02519	0.70647	0.03071	0.00594	0.00604	0.01019	0.00410	0.00403
62	0.01657	0.01819	0.01943	0.01689	0.01770	0.19690	0.01373	0.01805	0.01194	0.01561	0.00885	0.01353	0.00844	0.01018	0.01746	0.00254	0.57856	0.00529	0.00295	0.00717
63	0.81856	0.01250	0.00950	0.00850	0.01250	0.01449	0.00700	0.01899	0.01100	0.02899	0.00900	0.01050	0.00700	0.00600	0.00400	0.00200	0.00500	0.00350	0.00400	0.00700
64	0.00787	0.00562	0.00750	0.00900	0.00937	0.00525	0.00600	0.00900	0.01237	0.01649	0.03561	0.76871	0.04274	0.02024	0.00825	0.00262	0.00375	0.01837	0.00600	0.00525
65	0.81856	0.01250	0.00950	0.00850	0.01250	0.01449	0.00700	0.01899	0.01100	0.02899	0.00900	0.01050	0.00700	0.00600	0.00400	0.00200	0.00500	0.00350	0.00400	0.00700
66	0.02230	0.01697	0.01812	0.01441	0.01917	0.01898	0.01173	0.53049	0.21465	0.03707	0.01839	0.01781	0.01332	0.00803	0.00649	0.00201	0.00658	0.00621	0.00649	0.01079
67	0.01474	0.21934	0.51765	0.01646	0.02462	0.06350	0.01995	0.02052	0.01381	0.01885	0.01084	0.01270	0.00822	0.00602	0.00562	0.00186	0.00902	0.00441	0.00277	0.00911
68	0.01828	0.01381	0.01502	0.01298	0.01689	0.01546	0.01024	0.12176	0.52466	0.10540	0.05480	0.02378	0.01994	0.00874	0.00660	0.00213	0.00533	0.00721	0.00674	0.01023
69	0.01414	0.01414	0.01979	0.01696	0.01696	0.01979	0.01414	0.01555	0.00990	0.01555	0.00848	0.01414	0.00848	0.01131	0.02120	0.00283	0.76110	0.00565	0.00283	0.00707
70	0.00841	0.00609	0.00806	0.00944	0.01020	0.00575	0.00688	0.00998	0.01311	0.01719	0.03765	0.56017	0.09559	0.01941	0.00835	0.00267	0.00420	0.16544	0.00599	0.00542
71	0.00910	0.00657	0.00829	0.00786	0.00946	0.00602	0.00589	0.01198	0.01768	0.02487	0.62372	0.04881	0.13493	0.01332	0.00749	0.00203	0.00307	0.01166	0.04120	0.00602
72	0.00772	0.00649	0.00670	0.00677	0.00881	0.00547	0.00503	0.00940	0.01476	0.01781	0.09575	0.10428	0.65604	0.01645	0.00767	0.00220	0.00329	0.01383	0.00605	0.00547
73	0.01220	0.01148	0.01938	0.75739	0.04450	0.01436	0.01794	0.01651	0.01292	0.01651	0.01148	0.01723	0.00861	0.00646	0.00646	0.00215	0.00861	0.00574	0.00287	0.00718
74	0.66839	0.01386	0.01271	0.01275	0.08623	0.05008	0.03555	0.01947	0.01189	0.02724	0.00952	0.01137	0.00750	0.00598	0.00447	0.00198	0.00582	0.00392	0.00386	0.00741
75	0.01447	0.12267	0.53143	0.01930	0.07923	0.06068	0.04485	0.02061	0.01400	0.01959	0.01127	0.01343	0.00842	0.00604	0.00595	0.00194	0.00926	0.00475	0.00282	0.00929
76	0.05500	0.01449	0.01503	0.01344	0.01673	0.04447	0.01055	0.03137	0.58795	0.02554	0.02304	0.02197	0.01754	0.00881	0.00790	0.00223	0.08153	0.00683	0.00595	0.00965
77	0.00889	0.00639	0.00835	0.00827	0.00950	0.00593	0.00600	0.01143	0.01675	0.02349	0.56085	0.19724	0.05588	0.04117	0.00863	0.00230	0.00331	0.01299	0.00677	0.00584
78	0.00787	0.00562	0.00750	0.00900	0.00937	0.00525	0.00600	0.00900	0.01237	0.01649	0.03561	0.76871	0.04274	0.02024	0.00825	0.00262	0.00375	0.01837	0.00600	0.00525
79	0.01293	0.01193	0.01849	0.61779	0.03931	0.01468	0.01650	0.01985	0.14573	0.01848	0.01426	0.01852	0.01070	0.00689	0.00648	0.00216	0.00796	0.00604	0.00357	0.00775
80	0.01648	0.01629	0.02575	0.03827	0.68948	0.05964	0.01939	0.02019	0.01493	0.02079	0.01202	0.01573	0.01012	0.00581	0.00636	0.00190	0.00792	0.00566	0.00321	0.01007
81	0.00940	0.00626	0.00705	0.00705	0.00705	0.00626	0.00392	0.00940	0.00940	0.01253	0.02036	0.04228	0.02349	0.77292	0.03289	0.00626	0.00626	0.00940	0.00392	0.00392
82	0.01727	0.77681	0.03386	0.01106	0.01658	0.02557	0.01106	0.01935	0.01313	0.01520	0.00898	0.01036	0.00829	0.00553	0.00415	0.00138	0.00691	0.00345	0.00276	0.00829
83	0.01650	0.16851	0.30803	0.01527	0.02210	0.04580	0.04834	0.08443	0.06625	0.06495	0.01454	0.01560	0.02602	0.00658	0.00582	0.00183	0.00789	0.00513	0.00388	0.07253
84	0.01834	0.01272	0.01367	0.01138	0.01483	0.01376	0.00915	0.38557	0.04329	0.03212	0.02099	0.07756	0.03546	0.00923	0.00613	0.00191	0.00542	0.03091	0.24885	0.00871
85	0.00764	0.00655	0.00655	0.00655	0.00873	0.00545	0.00491	0.00927	0.01473	0.01745	0.06546	0.06218	0.73000	0.01636	0.00764	0.00218	0.00327	0.01364	0.00600	0.00545
86	0.01507	0.01707	0.03699	0.07143	0.03442	0.01622	0.66731	0.02044	0.01511	0.02044	0.01298	0.01742	0.00973	0.00551	0.00755	0.00218	0.01076	0.00751	0.00324	0.00862
87	0.01730	0.18974	0.24773	0.01668	0.04611	0.18870	0.01616	0.04830	0.03202	0.01854	0.01075	0.01295	0.00874	0.00696	0.00775	0.00192	0.11336	0.00460	0.00315	0.00855
88	0.01573	0.01364	0.01469	0.01381	0.04145	0.01562	0.01035	0.03282	0.66789	0.02644	0.02738	0.02536	0.04797	0.00897	0.00661	0.00218	0.00513	0.00751	0.00643	0.01004
89	0.00815	0.00657	0.00725	0.00708	0.00904	0.00567	0.00531	0.01026	0.01593	0.02032	0.29002	0.05747	0.50365	0.01530	0.00763	0.00213	0.00320	0.01298	0.00638	0.00567
90	0.01607	0.01388	0.01461	0.01315	0.01680	0.01607	0.01023	0.03433	0.72094	0.02703	0.02630	0.02411	0.01972	0.00877	0.00657	0.00219	0.00511	0.00731	0.00657	0.01023
91	0.01714	0.61703	0.13417	0.01251	0.01846	0.07524	0.01300	0.01997	0.01357	0.01600	0.00943	0.01093	0.00828	0.00570	0.00455	0.00150	0.00763	0.00369	0.00280	0.00842
92	0.01363	0.01314	0.01810	0.01577	0.01621	0.01790	0.01300	0.01651	0.06698	0.01640	0.01111	0.01646	0.01042	0.01615	0.11855	0.00380	0.59956	0.00596	0.00321	0.00715
93	0.00923	0.00692	0.01038	0.01038	0.01154	0.00808	0.00808	0.01154	0.01038	0.01500	0.01731	0.02538	0.01615	0.04846	0.74732	0.01038	0.01731	0.00692	0.00346	0.00577
94	0.00975	0.00911	0.06636	0.05393	0.01313	0.00721	0.00796	0.01280	0.01658	0.04223	0.41825	0.04695	0.24542	0.01301	0.00741	0.00208	0.00403	0.01120	0.00621	0.00638
95	0.01888	0.06390	0.08920	0.02774	0.37927	0.19528	0.01699	0.05948	0.01644	0.05511	0.01222	0.01466	0.00979	0.00622	0.00611	0.00184	0.00864	0.00518	0.00357	0.00947
96	0.01399	0.02746	0.52660	0.01671	0.02464	0.01456	0.04047	0.11549	0.01616	0.02292	0.01889	0.02006	0.09851	0.00762	0.00642	0.00205	0.00847	0.00611	0.00367	0.00922
97	0.81856	0.01250	0.00950	0.00850	0.01250	0.01449	0.00700	0.01899	0.01100	0.02899	0.00900	0.01050	0.00700	0.00600	0.00400	0.00200	0.00500	0.00350	0.00400	0.00700
98	0.00794	0.00656	0.00696	0.00686	0.00891	0.00558	0.00515	0.00985	0.01544	0.01914	0.19741	0.05942	0.59700	0.01574	0.00763	0.00215	0.00323	0.01325	0.00622	0.00558
99	0.02201	0.06921	0.02034	0.04311	0.11906	0.56470	0.01363	0.02407	0.01715	0.01653	0.01024	0.01242	0.00860	0.00658	0.00620	0.00173	0.02885	0.00443	0.00325	0.00789
100	0.00850	0.00652	0.00778	0.00758	0.00929	0.00580	0.00564	0.01089	0.01658	0.02214	0.43610	0.09714	0.31298	0.01483	0.00766	0.00212	0.00318	0.01283	0.00662	0.00580
101	0.01414	0.01414	0.01979	0.01696	0.01696	0.01979	0.01414	0.01555	0.00990	0.01555	0.00848	0.01414	0.00848	0.01131	0.02120	0.00283	0.76110	0.00565	0.00283	0.00707
