[name]
unknown

[dist]
# distance from previous block
# <min> <max>
9	51

[block]
# block no. 0 follows, 34 sequences, length 18
# corresponding to MSA columns:
# 53-70
name=unknown_A
#
# <colnr> <probs for GDERKNQSTAVLIFYWHMCP>
#	G	D	E	R	K	N	Q	S	T	A	V	L	I	F	Y	W	H	M	C	P
0	0.01169	0.00828	0.01250	0.01220	0.05090	0.00770	0.07767	0.01401	0.01462	0.09302	0.14833	0.27814	0.12237	0.04321	0.03037	0.00266	0.00520	0.02901	0.03147	0.00663
1	0.01299	0.05027	0.01179	0.00984	0.01208	0.03402	0.00747	0.14922	0.01720	0.02301	0.15280	0.22383	0.10426	0.04781	0.00912	0.04391	0.00486	0.01088	0.04805	0.02659
2	0.04155	0.01614	0.05647	0.01352	0.04066	0.14098	0.01070	0.15950	0.05404	0.09389	0.14156	0.06429	0.05477	0.02964	0.02969	0.00236	0.02881	0.00769	0.00548	0.00827
3	0.04983	0.01012	0.01176	0.04970	0.01456	0.01040	0.00827	0.11054	0.11944	0.06470	0.19387	0.12756	0.10852	0.03555	0.00774	0.00221	0.00473	0.00983	0.00607	0.05461
4	0.04870	0.01137	0.01222	0.01029	0.01365	0.04931	0.00814	0.12057	0.06693	0.22929	0.10336	0.02648	0.05969	0.03153	0.00692	0.00202	0.00510	0.00719	0.17876	0.00847
5	0.01738	0.01357	0.01491	0.03072	0.05046	0.10683	0.04101	0.15706	0.03213	0.11865	0.06057	0.17880	0.07052	0.04208	0.00796	0.00226	0.00634	0.00939	0.03132	0.00802
6	0.06489	0.01369	0.05272	0.02913	0.01699	0.05394	0.01027	0.10172	0.07899	0.35177	0.07624	0.05904	0.01907	0.00872	0.00642	0.00201	0.00590	0.00707	0.03188	0.00953
7	0.13959	0.01011	0.01135	0.00990	0.01303	0.01032	0.00770	0.02230	0.16597	0.19973	0.20009	0.03122	0.06949	0.07087	0.00859	0.00240	0.00466	0.00815	0.00642	0.00811
8	0.01868	0.07584	0.01728	0.01304	0.01726	0.01731	0.01060	0.29435	0.32282	0.03081	0.05459	0.02295	0.05831	0.00875	0.00645	0.00202	0.00584	0.00698	0.00622	0.00991
9	0.00803	0.00653	0.00694	0.00686	0.00876	0.00563	0.00504	0.00979	0.01493	0.01853	0.17643	0.05825	0.56017	0.07414	0.00958	0.00247	0.00346	0.01297	0.00603	0.00545
10	0.01681	0.01796	0.04303	0.14349	0.42204	0.14804	0.01758	0.02154	0.06950	0.01988	0.01273	0.01595	0.01031	0.00627	0.00631	0.00193	0.00840	0.00556	0.00342	0.00925
11	0.74681	0.01192	0.00919	0.00828	0.01205	0.01374	0.00678	0.01864	0.01122	0.02855	0.01007	0.01171	0.00785	0.00613	0.00404	0.00196	0.00482	0.00372	0.07559	0.00691
12	0.01354	0.01304	0.02266	0.49354	0.25141	0.01478	0.06330	0.01778	0.01361	0.01817	0.01179	0.01687	0.00918	0.00618	0.00652	0.00208	0.00848	0.00587	0.00300	0.00820
13	0.00837	0.00592	0.00773	0.00867	0.00913	0.00573	0.00578	0.00953	0.01214	0.01640	0.08759	0.51708	0.03856	0.16266	0.06978	0.00386	0.00521	0.01527	0.00550	0.00511
14	0.01820	0.54120	0.08637	0.03642	0.01907	0.09019	0.01256	0.09604	0.01554	0.01852	0.01008	0.01153	0.00859	0.00596	0.00479	0.00155	0.00763	0.00396	0.00322	0.00858
15	0.00856	0.00630	0.00803	0.00877	0.00965	0.00606	0.00609	0.01073	0.04098	0.01829	0.15517	0.47209	0.09895	0.06375	0.05217	0.00313	0.00457	0.01521	0.00594	0.00556
16	0.12254	0.03981	0.01778	0.05289	0.06073	0.04181	0.01173	0.28110	0.08334	0.09742	0.01502	0.01585	0.01112	0.00745	0.00710	0.00197	0.06475	0.00545	0.00527	0.05685
17	0.05015	0.01104	0.05028	0.01016	0.01433	0.00867	0.00843	0.01715	0.03334	0.11186	0.04708	0.14191	0.04098	0.03350	0.00695	0.00185	0.00499	0.04698	0.00504	0.35533

[dist]
# distance from previous block
# <min> <max>
0	1

[block]
# block no. 1 follows, 34 sequences, length 23
# corresponding to MSA columns:
# 72-94
name=unknown_B
#
# <colnr> <probs for GDERKNQSTAVLIFYWHMCP>
#	G	D	E	R	K	N	Q	S	T	A	V	L	I	F	Y	W	H	M	C	P
0	0.05054	0.01139	0.01461	0.16708	0.09850	0.04380	0.01117	0.04928	0.05788	0.05670	0.05130	0.06310	0.08423	0.11758	0.05809	0.00323	0.04193	0.00790	0.00445	0.00724
1	0.02215	0.11286	0.02139	0.06238	0.02190	0.50364	0.05235	0.09372	0.01843	0.01859	0.01070	0.01257	0.00869	0.00656	0.00584	0.00172	0.01042	0.00454	0.00355	0.00799
2	0.00916	0.00716	0.00812	0.00811	0.01000	0.00656	0.00611	0.05352	0.01589	0.02029	0.16828	0.18497	0.40350	0.01608	0.00775	0.00227	0.00373	0.05637	0.00622	0.00590
3	0.01849	0.04996	0.01684	0.01349	0.01745	0.01730	0.01082	0.26490	0.38731	0.03025	0.02188	0.06644	0.01731	0.00905	0.00692	0.00211	0.02599	0.00726	0.00623	0.01001
4	0.22664	0.01539	0.01744	0.18617	0.05646	0.13617	0.08358	0.01989	0.01416	0.07901	0.01635	0.01856	0.06920	0.00732	0.00632	0.00203	0.02789	0.00580	0.00398	0.00765
5	0.03371	0.03415	0.03556	0.12555	0.08747	0.05853	0.01200	0.05512	0.01411	0.06770	0.08269	0.02273	0.01695	0.08198	0.14120	0.00394	0.10847	0.00664	0.00409	0.00740
6	0.01633	0.24009	0.06271	0.04117	0.05499	0.01707	0.01165	0.08558	0.18494	0.05525	0.06857	0.05532	0.01814	0.00835	0.00599	0.00190	0.00618	0.03054	0.00488	0.03035
7	0.01033	0.00751	0.00868	0.00829	0.01030	0.00703	0.00620	0.04152	0.05967	0.04861	0.23136	0.12514	0.33352	0.01513	0.00857	0.04979	0.00376	0.01215	0.00624	0.00619
8	0.01793	0.01348	0.01521	0.04656	0.01758	0.01444	0.01034	0.35297	0.09765	0.04292	0.08941	0.08820	0.06620	0.01020	0.00682	0.00205	0.00584	0.03940	0.00615	0.05664
9	0.01424	0.01464	0.01962	0.60282	0.08125	0.12554	0.01723	0.01811	0.01384	0.01667	0.01130	0.01631	0.00866	0.00645	0.00636	0.00207	0.00902	0.00550	0.00296	0.00740
10	0.01673	0.01335	0.01432	0.01234	0.01595	0.01489	0.00973	0.19811	0.39848	0.02967	0.11195	0.02704	0.06186	0.00944	0.00666	0.00208	0.00518	0.00778	0.03495	0.00950
11	0.01709	0.05572	0.05114	0.04166	0.01850	0.06201	0.04371	0.18143	0.05607	0.06718	0.01625	0.01983	0.02945	0.05011	0.14347	0.00379	0.12354	0.00627	0.00450	0.00828
12	0.00922	0.00619	0.00710	0.00727	0.00731	0.00615	0.00415	0.00935	0.00973	0.01297	0.02207	0.12394	0.02565	0.68832	0.03012	0.00586	0.00598	0.01040	0.00415	0.00406
13	0.01549	0.03413	0.04203	0.24424	0.28606	0.05755	0.01666	0.04992	0.10775	0.02049	0.01361	0.01698	0.01079	0.00705	0.00724	0.02025	0.03148	0.00578	0.00365	0.00887
14	0.00784	0.00574	0.00738	0.00869	0.00929	0.00527	0.00586	0.00903	0.01267	0.01662	0.03938	0.67950	0.12951	0.01975	0.00817	0.00257	0.00369	0.01777	0.00600	0.00527
15	0.01049	0.00912	0.01368	0.01241	0.01393	0.02412	0.07099	0.01277	0.01132	0.01580	0.02033	0.07339	0.06721	0.05356	0.45538	0.00733	0.11031	0.00804	0.00371	0.00613
16	0.01504	0.01684	0.03599	0.08801	0.06936	0.01613	0.61797	0.02031	0.01503	0.02037	0.01290	0.01734	0.00973	0.00555	0.00747	0.00216	0.01055	0.00738	0.00323	0.00866
17	0.00818	0.00655	0.00720	0.00705	0.00892	0.00569	0.00521	0.01016	0.01552	0.01974	0.26253	0.05696	0.49216	0.05485	0.00895	0.00235	0.00336	0.01283	0.00623	0.00557
18	0.63136	0.01408	0.01214	0.03753	0.01535	0.08165	0.04283	0.01920	0.01192	0.02614	0.00984	0.01202	0.00782	0.00840	0.04562	0.00245	0.00672	0.00404	0.00383	0.00707
19	0.11050	0.14923	0.10236	0.01498	0.01951	0.44302	0.01294	0.04397	0.01648	0.01847	0.01006	0.01166	0.00823	0.00638	0.00541	0.00171	0.00977	0.00409	0.00334	0.00791
20	0.01075	0.04318	0.01115	0.00957	0.01137	0.00891	0.00723	0.05499	0.01243	0.01718	0.04013	0.07671	0.06486	0.17819	0.34839	0.00658	0.01080	0.00820	0.00416	0.07521
21	0.05079	0.08626	0.06502	0.01620	0.05924	0.08101	0.04809	0.29507	0.16062	0.02910	0.01583	0.01650	0.01195	0.00833	0.02556	0.00216	0.00765	0.00572	0.00514	0.00976
22	0.25720	0.12405	0.06975	0.01291	0.01756	0.14487	0.02759	0.09121	0.12837	0.04984	0.01344	0.01414	0.01030	0.00673	0.00532	0.00189	0.00714	0.00474	0.00440	0.00854

[dist]
# distance from previous block
# <min> <max>
1	10

[block]
# block no. 2 follows, 34 sequences, length 26
# corresponding to MSA columns:
# 105-130
name=unknown_C
#
# <colnr> <probs for GDERKNQSTAVLIFYWHMCP>
#	G	D	E	R	K	N	Q	S	T	A	V	L	I	F	Y	W	H	M	C	P
0	0.08218	0.01108	0.01252	0.00969	0.01444	0.00936	0.00765	0.06113	0.01442	0.04728	0.01722	0.10358	0.04549	0.00750	0.00542	0.00139	0.00479	0.00615	0.00451	0.53419
1	0.00932	0.00704	0.01004	0.00995	0.01097	0.00807	0.00756	0.01126	0.01047	0.01483	0.02001	0.02919	0.05507	0.13953	0.59249	0.00918	0.03826	0.00756	0.00364	0.00555
2	0.01751	0.03265	0.01800	0.03557	0.15175	0.01536	0.01231	0.21414	0.12882	0.06409	0.07322	0.02241	0.04032	0.03029	0.05178	0.00266	0.06779	0.00687	0.00527	0.00921
3	0.05122	0.08710	0.01993	0.01484	0.05354	0.01433	0.07617	0.17043	0.03505	0.34614	0.01987	0.05156	0.01429	0.00785	0.00636	0.00197	0.00648	0.00657	0.00623	0.01007
4	0.01737	0.01621	0.05607	0.03914	0.09198	0.06982	0.07487	0.17841	0.17739	0.05115	0.06348	0.02450	0.09344	0.00862	0.00672	0.00204	0.00687	0.00734	0.00537	0.00920
5	0.02183	0.01295	0.01507	0.01251	0.01678	0.01357	0.01002	0.10576	0.34540	0.30770	0.04931	0.02319	0.01875	0.00851	0.00657	0.00208	0.00541	0.00698	0.00714	0.01047
6	0.05322	0.01380	0.03875	0.13456	0.18797	0.01480	0.08912	0.04862	0.10166	0.02096	0.01643	0.02126	0.03470	0.01137	0.07117	0.00290	0.09310	0.03327	0.00392	0.00841
7	0.00807	0.00603	0.00730	0.00805	0.00901	0.00548	0.00551	0.00942	0.01333	0.01730	0.10871	0.43611	0.23531	0.08681	0.01025	0.00277	0.00378	0.01559	0.00592	0.00527
8	0.01530	0.03830	0.07700	0.08960	0.21425	0.06053	0.18520	0.05977	0.01515	0.02032	0.01515	0.04906	0.03786	0.00879	0.03357	0.00238	0.05878	0.00683	0.00355	0.00861
9	0.01995	0.48851	0.02796	0.01306	0.01789	0.24365	0.01159	0.07812	0.01612	0.01748	0.00982	0.01118	0.00852	0.00605	0.00485	0.00151	0.00836	0.00386	0.00324	0.00827
10	0.01334	0.11558	0.05374	0.01124	0.03378	0.05573	0.00902	0.04909	0.08377	0.05125	0.05083	0.18167	0.19192	0.03723	0.00760	0.00219	0.00543	0.01016	0.00521	0.03122
11	0.01737	0.22649	0.20660	0.01499	0.03473	0.11831	0.01459	0.06459	0.01510	0.07204	0.01323	0.05755	0.01129	0.00874	0.02756	0.00214	0.07698	0.00548	0.00368	0.00856
12	0.81856	0.01250	0.00950	0.00850	0.01250	0.01449	0.00700	0.01899	0.01100	0.02899	0.00900	0.01050	0.00700	0.00600	0.00400	0.00200	0.00500	0.00350	0.00400	0.00700
13	0.01764	0.15400	0.11487	0.05586	0.02037	0.26899	0.01352	0.02212	0.09332	0.01757	0.01304	0.04281	0.01123	0.00938	0.03871	0.00228	0.08741	0.00536	0.00354	0.00799
14	0.00940	0.00626	0.00705	0.00705	0.00705	0.00626	0.00392	0.00940	0.00940	0.01253	0.02036	0.04228	0.02349	0.77292	0.03289	0.00626	0.00626	0.00940	0.00392	0.00392
15	0.06621	0.02425	0.39144	0.04181	0.10585	0.01519	0.07268	0.04112	0.11176	0.04734	0.01422	0.01589	0.01042	0.00651	0.00624	0.00206	0.00830	0.00549	0.00372	0.00951
16	0.00940	0.00626	0.00705	0.00705	0.00705	0.00626	0.00392	0.00940	0.00940	0.01253	0.02036	0.04228	0.02349	0.77292	0.03289	0.00626	0.00626	0.00940	0.00392	0.00392
17	0.01781	0.14795	0.13335	0.05108	0.08773	0.10416	0.10155	0.07837	0.09507	0.06800	0.02859	0.01626	0.01175	0.00665	0.00609	0.00188	0.00812	0.00557	0.00411	0.02591
18	0.06677	0.30699	0.02487	0.01574	0.06104	0.29625	0.03473	0.04565	0.01553	0.01768	0.00988	0.01183	0.00850	0.00642	0.00614	0.00169	0.05478	0.00421	0.00322	0.00806
19	0.00846	0.00619	0.00797	0.00847	0.00955	0.00570	0.00607	0.01051	0.01518	0.02063	0.32890	0.36980	0.12287	0.01681	0.00794	0.00234	0.00348	0.03702	0.00646	0.00565
20	0.01337	0.01266	0.05226	0.01004	0.01599	0.00896	0.00852	0.01649	0.01341	0.02102	0.01149	0.01341	0.00950	0.00486	0.00486	0.00102	0.00504	0.00388	0.00377	0.76945
21	0.00868	0.00972	0.10383	0.00937	0.01167	0.00673	0.00804	0.01110	0.01420	0.01882	0.15311	0.34199	0.24653	0.01609	0.00769	0.00232	0.00426	0.01409	0.00575	0.00601
22	0.02113	0.10042	0.04157	0.01461	0.01886	0.43459	0.01176	0.11029	0.01840	0.01982	0.01290	0.01418	0.03559	0.00678	0.00568	0.00161	0.00932	0.00463	0.00382	0.11406
23	0.01575	0.08364	0.05824	0.07164	0.08631	0.01565	0.11542	0.09655	0.08224	0.04434	0.01554	0.07966	0.01341	0.00810	0.00809	0.00202	0.09456	0.00679	0.00422	0.09784
24	0.61088	0.17902	0.04561	0.00947	0.01404	0.01692	0.00859	0.01913	0.01157	0.02564	0.00910	0.01060	0.00733	0.00590	0.00412	0.00187	0.00560	0.00354	0.00368	0.00739
25	0.04121	0.01150	0.08097	0.01011	0.01317	0.03640	0.00859	0.03813	0.05675	0.11170	0.16177	0.15167	0.19789	0.04097	0.00808	0.00231	0.00491	0.01077	0.00594	0.00716

[dist]
# distance from previous block
# <min> <max>
0	1

[block]
# block no. 3 follows, 34 sequences, length 30
# corresponding to MSA columns:
# 132-161
name=unknown_D
#
# <colnr> <probs for GDERKNQSTAVLIFYWHMCP>
#	G	D	E	R	K	N	Q	S	T	A	V	L	I	F	Y	W	H	M	C	P
0	0.05218	0.01943	0.22520	0.07265	0.07490	0.01466	0.03751	0.15897	0.06706	0.14793	0.05354	0.01842	0.01384	0.00730	0.00637	0.00203	0.00737	0.00600	0.00498	0.00968
1	0.01701	0.01400	0.01558	0.03703	0.04798	0.01580	0.01092	0.08370	0.56837	0.05461	0.02394	0.02249	0.01787	0.00834	0.00650	0.00211	0.00548	0.00694	0.00628	0.03504
2	0.01616	0.01415	0.01443	0.01292	0.01643	0.04754	0.01004	0.06046	0.59741	0.02701	0.08864	0.02538	0.02258	0.00903	0.00663	0.00214	0.00530	0.00750	0.00648	0.00977
3	0.01099	0.04948	0.01379	0.03723	0.01410	0.03595	0.03479	0.01311	0.01092	0.01509	0.01572	0.02426	0.01501	0.11581	0.48214	0.00784	0.08757	0.00677	0.00338	0.00605
4	0.00936	0.00641	0.00777	0.00777	0.00801	0.00665	0.00481	0.00986	0.00961	0.01306	0.01970	0.03864	0.02191	0.61687	0.18678	0.00715	0.00864	0.00886	0.00382	0.00431
5	0.01185	0.00886	0.01334	0.01121	0.01379	0.00841	0.09753	0.01631	0.07079	0.07521	0.53438	0.04062	0.04809	0.01151	0.00746	0.00206	0.00439	0.01047	0.00664	0.00709
6	0.00844	0.00621	0.00803	0.00929	0.01022	0.00580	0.00687	0.01009	0.01335	0.01733	0.04017	0.48744	0.15403	0.01904	0.00831	0.00264	0.00419	0.17713	0.00599	0.00545
7	0.01417	0.01228	0.01730	0.01455	0.01712	0.04215	0.10884	0.08417	0.06843	0.04483	0.10834	0.02528	0.01995	0.02065	0.21929	0.00457	0.13523	0.03075	0.00456	0.00753
8	0.02031	0.01449	0.01614	0.01242	0.01736	0.01462	0.01010	0.37189	0.05364	0.09351	0.01661	0.04119	0.01269	0.00738	0.00597	0.00168	0.00594	0.00580	0.03963	0.23864
9	0.04737	0.03477	0.01793	0.01404	0.01817	0.05765	0.03268	0.37377	0.08579	0.08154	0.04305	0.04800	0.04107	0.00887	0.00760	0.00205	0.06344	0.00679	0.00585	0.00957
10	0.02456	0.01810	0.01939	0.01487	0.02004	0.02004	0.01228	0.71107	0.03038	0.04072	0.01551	0.01551	0.01099	0.00776	0.00646	0.00194	0.00711	0.00582	0.00646	0.01099
11	0.01028	0.00882	0.01207	0.04924	0.06518	0.03404	0.04794	0.01299	0.04173	0.01792	0.03321	0.41580	0.10717	0.01605	0.00786	0.00247	0.00523	0.10030	0.00541	0.00628
12	0.01662	0.66454	0.14042	0.01217	0.01830	0.02397	0.01299	0.01952	0.01321	0.01600	0.00938	0.01086	0.00828	0.00562	0.00445	0.00148	0.00731	0.00365	0.00276	0.00848
13	0.00934	0.00647	0.00810	0.00810	0.00846	0.00684	0.00523	0.01007	0.00971	0.01331	0.01940	0.03696	0.02118	0.54463	0.25802	0.00756	0.00974	0.00862	0.00377	0.00450
14	0.02414	0.03079	0.01831	0.01665	0.01998	0.74698	0.01248	0.02580	0.01831	0.01581	0.00999	0.01165	0.00832	0.00666	0.00583	0.00166	0.01165	0.00416	0.00333	0.00749
15	0.00787	0.00562	0.00750	0.00900	0.00937	0.00525	0.00600	0.00900	0.01237	0.01649	0.03561	0.76871	0.04274	0.02024	0.00825	0.00262	0.00375	0.01837	0.00600	0.00525
16	0.01564	0.01439	0.02428	0.06243	0.63500	0.01444	0.01841	0.01923	0.01450	0.03976	0.01384	0.05356	0.01225	0.02591	0.00716	0.00207	0.00742	0.00648	0.00347	0.00974
17	0.01340	0.01148	0.01340	0.00957	0.01531	0.00861	0.00766	0.01627	0.01340	0.02105	0.01148	0.01340	0.00957	0.00479	0.00479	0.00096	0.00479	0.00383	0.00383	0.81242
18	0.02291	0.02887	0.01877	0.01671	0.02010	0.67234	0.04611	0.02484	0.01816	0.01658	0.04802	0.01386	0.01117	0.00694	0.00601	0.00171	0.01116	0.00473	0.00353	0.00748
19	0.01220	0.01148	0.01938	0.75739	0.04450	0.01436	0.01794	0.01651	0.01292	0.01651	0.01148	0.01723	0.00861	0.00646	0.00646	0.00215	0.00861	0.00574	0.00287	0.00718
20	0.00814	0.00657	0.00724	0.00707	0.00903	0.00567	0.00530	0.01024	0.01591	0.02025	0.28515	0.05758	0.50856	0.01532	0.00763	0.00213	0.00320	0.01299	0.00637	0.00567
21	0.00787	0.00562	0.00750	0.00900	0.00937	0.00525	0.00600	0.00900	0.01237	0.01649	0.03561	0.76871	0.04274	0.02024	0.00825	0.00262	0.00375	0.01837	0.00600	0.00525
22	0.00824	0.00646	0.00721	0.00723	0.00899	0.00571	0.00532	0.01014	0.01491	0.01913	0.19880	0.11751	0.45606	0.04153	0.03504	0.00259	0.00386	0.01300	0.03270	0.00555
23	0.01445	0.02655	0.46876	0.06919	0.08131	0.01555	0.06897	0.07303	0.07918	0.02237	0.01336	0.01541	0.00974	0.00644	0.00635	0.00206	0.00885	0.00542	0.00344	0.00955
24	0.00873	0.00638	0.00735	0.00740	0.00833	0.00602	0.00491	0.00985	0.01251	0.01635	0.13854	0.10709	0.23051	0.34714	0.05763	0.00440	0.00532	0.01154	0.00512	0.00488
25	0.01319	0.06428	0.07136	0.06222	0.08252	0.01331	0.07608	0.02128	0.23350	0.02184	0.09557	0.05696	0.14122	0.00978	0.00680	0.00210	0.00599	0.00856	0.00512	0.00832
26	0.15068	0.03682	0.05841	0.08820	0.03982	0.30390	0.06097	0.11767	0.01742	0.02240	0.01113	0.01320	0.00869	0.00646	0.00576	0.00184	0.00902	0.00472	0.00380	0.03909
27	0.04207	0.04726	0.01469	0.06915	0.03390	0.14283	0.02614	0.09940	0.01575	0.01975	0.02370	0.24097	0.07904	0.01281	0.00843	0.04485	0.03451	0.03317	0.00471	0.00687
28	0.26547	0.17208	0.20206	0.01230	0.01791	0.01663	0.01264	0.09880	0.01476	0.04865	0.03636	0.01510	0.01099	0.04385	0.00648	0.00209	0.00680	0.00475	0.00395	0.00832
29	0.03924	0.09382	0.15516	0.01612	0.02139	0.28938	0.06238	0.13043	0.01804	0.04419	0.01205	0.01374	0.00934	0.00795	0.03147	0.00209	0.00968	0.00485	0.00384	0.03483

[dist]
# distance from previous block
# <min> <max>
2	7

[block]
# block no. 4 follows, 34 sequences, length 29
# corresponding to MSA columns:
# 169-197
name=unknown_E
#
# <colnr> <probs for GDERKNQSTAVLIFYWHMCP>
#	G	D	E	R	K	N	Q	S	T	A	V	L	I	F	Y	W	H	M	C	P
0	0.01000	0.00805	0.01064	0.00974	0.01179	0.00755	0.02732	0.01202	0.01325	0.01865	0.13653	0.25185	0.08802	0.06851	0.08699	0.00320	0.04515	0.01111	0.00507	0.17456
1	0.01689	0.05955	0.10853	0.01956	0.09619	0.07369	0.16117	0.08970	0.17355	0.04280	0.06234	0.01935	0.01524	0.00733	0.00692	0.00203	0.02479	0.00654	0.00458	0.00926
2	0.01051	0.00796	0.00948	0.00924	0.01107	0.00785	0.00699	0.06730	0.07546	0.02287	0.28222	0.19020	0.16679	0.03568	0.00837	0.00238	0.00404	0.06869	0.00641	0.00647
3	0.01780	0.01827	0.02247	0.10907	0.40808	0.17253	0.01686	0.05926	0.07387	0.02102	0.01295	0.01583	0.01047	0.00638	0.00630	0.00191	0.00839	0.00554	0.00364	0.00935
4	0.09396	0.01112	0.01454	0.01125	0.01617	0.00991	0.00929	0.03046	0.01788	0.67883	0.02413	0.02105	0.01525	0.00783	0.00629	0.00200	0.00546	0.00625	0.00767	0.01067
5	0.00947	0.00683	0.00902	0.00892	0.00946	0.00755	0.00619	0.01059	0.00987	0.01378	0.01855	0.03349	0.01958	0.41058	0.36538	0.00807	0.03598	0.00812	0.00367	0.00488
6	0.01529	0.01695	0.09572	0.16737	0.35320	0.01558	0.16376	0.05554	0.01521	0.02113	0.01234	0.01627	0.00968	0.00596	0.00664	0.00203	0.00867	0.00605	0.00328	0.00932
7	0.02414	0.03079	0.01831	0.01665	0.01998	0.74698	0.01248	0.02580	0.01831	0.01581	0.00999	0.01165	0.00832	0.00666	0.00583	0.00166	0.01165	0.00416	0.00333	0.00749
8	0.00940	0.00727	0.00984	0.03496	0.05641	0.00729	0.00727	0.01151	0.01357	0.01848	0.21771	0.08837	0.15094	0.14516	0.18829	0.00477	0.00753	0.01037	0.00507	0.00580
9	0.00931	0.00625	0.00715	0.00719	0.00729	0.00621	0.00412	0.00952	0.01000	0.01341	0.05806	0.07592	0.02633	0.69874	0.03044	0.00588	0.00598	0.00993	0.00418	0.00409
10	0.81856	0.01250	0.00950	0.00850	0.01250	0.01449	0.00700	0.01899	0.01100	0.02899	0.00900	0.01050	0.00700	0.00600	0.00400	0.00200	0.00500	0.00350	0.00400	0.00700
11	0.01333	0.01263	0.02141	0.54451	0.24860	0.01465	0.01850	0.01749	0.01345	0.01787	0.01168	0.01686	0.00909	0.00625	0.00644	0.00208	0.00834	0.00575	0.00297	0.00808
12	0.01304	0.03286	0.71460	0.01873	0.02817	0.01505	0.04815	0.02047	0.01370	0.02047	0.01165	0.01378	0.00824	0.00611	0.00619	0.00205	0.00960	0.00488	0.00275	0.00952
13	0.01284	0.01254	0.01239	0.01182	0.01321	0.16827	0.00897	0.01465	0.01194	0.01491	0.01544	0.02367	0.01479	0.12650	0.44384	0.00742	0.07080	0.00654	0.00344	0.00601
14	0.00925	0.00632	0.00721	0.00721	0.00744	0.00631	0.00424	0.00952	0.00986	0.01305	0.02357	0.04277	0.07626	0.67252	0.07380	0.00620	0.00670	0.00957	0.00404	0.00414
15	0.01500	0.01143	0.01356	0.00977	0.01543	0.00870	0.00785	0.01783	0.01392	0.09459	0.01292	0.01428	0.01023	0.00512	0.00496	0.00106	0.00486	0.00410	0.00426	0.73012
16	0.02415	0.05866	0.02006	0.01480	0.01985	0.07508	0.01223	0.62335	0.02857	0.03751	0.01476	0.01495	0.01065	0.00756	0.00629	0.00189	0.00744	0.00557	0.00603	0.01058
17	0.01587	0.01406	0.03830	0.01889	0.21868	0.03377	0.01202	0.04998	0.01499	0.06391	0.01264	0.01469	0.01012	0.00548	0.00549	0.00139	0.00609	0.00466	0.00397	0.45501
18	0.01666	0.51415	0.18479	0.01514	0.07318	0.06575	0.01457	0.02001	0.01367	0.01682	0.00985	0.01157	0.00842	0.00574	0.00485	0.00158	0.00782	0.00396	0.00282	0.00866
19	0.00976	0.00729	0.00769	0.00738	0.00981	0.00639	0.00560	0.01244	0.05727	0.07220	0.05926	0.07673	0.61434	0.01539	0.00750	0.00218	0.00356	0.01285	0.00618	0.00615
20	0.01399	0.00925	0.01082	0.00998	0.01260	0.00928	0.00764	0.01996	0.19256	0.15150	0.08655	0.17473	0.22612	0.01329	0.00767	0.00224	0.02636	0.01126	0.00649	0.00772
21	0.01195	0.01088	0.01330	0.01228	0.01300	0.06709	0.00950	0.01346	0.01063	0.01474	0.01456	0.02416	0.01459	0.17850	0.31767	0.00650	0.25110	0.00681	0.00334	0.00594
22	0.01340	0.01148	0.01340	0.00957	0.01531	0.00861	0.00766	0.01627	0.01340	0.02105	0.01148	0.01340	0.00957	0.00479	0.00479	0.00096	0.00479	0.00383	0.00383	0.81242
23	0.01411	0.23081	0.55209	0.01646	0.02494	0.01781	0.02047	0.02017	0.01351	0.01907	0.01090	0.01277	0.00821	0.00598	0.00561	0.00187	0.00885	0.00442	0.00274	0.00922
24	0.01555	0.01834	0.11562	0.02656	0.27114	0.04905	0.18262	0.02172	0.10180	0.02109	0.01370	0.01658	0.01082	0.00641	0.00742	0.00201	0.05235	0.00608	0.00360	0.05755
25	0.00787	0.00562	0.00750	0.00900	0.00937	0.00525	0.00600	0.00900	0.01237	0.01649	0.03561	0.76871	0.04274	0.02024	0.00825	0.00262	0.00375	0.01837	0.00600	0.00525
26	0.01331	0.08320	0.38889	0.01814	0.06842	0.03831	0.09782	0.01875	0.01466	0.02062	0.12247	0.05384	0.01818	0.00773	0.00648	0.00201	0.00819	0.00672	0.00366	0.00860
27	0.01567	0.02221	0.31425	0.01833	0.07924	0.01430	0.09205	0.12893	0.01661	0.04555	0.01368	0.04183	0.01069	0.00661	0.00621	0.00186	0.00797	0.00570	0.00389	0.15442
28	0.00840	0.00640	0.00736	0.00790	0.00946	0.00573	0.00593	0.01024	0.01429	0.01832	0.08788	0.23537	0.39137	0.01681	0.00777	0.00234	0.00371	0.10102	0.05416	0.00554

[dist]
# distance from previous block
# <min> <max>
0	2

[block]
# block no. 5 follows, 34 sequences, length 29
# corresponding to MSA columns:
# 200-228
name=unknown_F
#
# <colnr> <probs for GDERKNQSTAVLIFYWHMCP>
#	G	D	E	R	K	N	Q	S	T	A	V	L	I	F	Y	W	H	M	C	P
0	0.04171	0.20958	0.19420	0.01624	0.07835	0.05185	0.03565	0.12536	0.01659	0.06537	0.01230	0.01370	0.00945	0.00616	0.00555	0.00171	0.00759	0.00470	0.00387	0.10006
1	0.01579	0.00941	0.01154	0.01024	0.01302	0.00931	0.00806	0.05460	0.13245	0.18910	0.26714	0.03830	0.05439	0.05766	0.00870	0.00238	0.00463	0.07400	0.03131	0.00797
2	0.01710	0.32084	0.22746	0.01542	0.05991	0.05478	0.01509	0.08899	0.01549	0.05519	0.01271	0.05026	0.01072	0.00696	0.00583	0.00179	0.02376	0.00516	0.00359	0.00894
3	0.09272	0.01294	0.01363	0.01014	0.01556	0.04622	0.00811	0.05934	0.01444	0.02276	0.01141	0.01316	0.00935	0.00518	0.00486	0.00115	0.00529	0.00393	0.00398	0.64583
4	0.01117	0.03549	0.05151	0.10226	0.01716	0.01053	0.03137	0.01373	0.01130	0.03656	0.01649	0.02593	0.01550	0.13453	0.38520	0.00691	0.05842	0.02609	0.00355	0.00629
5	0.00778	0.00632	0.00690	0.00725	0.00894	0.00544	0.00525	0.00936	0.01433	0.01768	0.09450	0.24002	0.51938	0.01717	0.00779	0.00229	0.00338	0.01473	0.00606	0.00544
6	0.01492	0.01579	0.10437	0.07804	0.07002	0.04762	0.02958	0.09377	0.16742	0.02460	0.14938	0.02298	0.02124	0.00800	0.00641	0.00189	0.00636	0.00677	0.00501	0.12583
7	0.00807	0.00648	0.00702	0.00701	0.00879	0.00563	0.00510	0.00979	0.01477	0.01849	0.17890	0.09866	0.50967	0.08109	0.00984	0.00253	0.00352	0.01319	0.00602	0.00543
8	0.01881	0.01693	0.08797	0.01538	0.05414	0.01673	0.01259	0.22394	0.38576	0.06523	0.02105	0.02013	0.01546	0.00803	0.00649	0.00208	0.00626	0.00652	0.00607	0.01041
9	0.00978	0.00794	0.02374	0.01000	0.01158	0.00773	0.00758	0.01381	0.10158	0.01900	0.10834	0.34060	0.05092	0.02276	0.16203	0.00405	0.00692	0.04595	0.00551	0.04018
10	0.00955	0.00712	0.00869	0.00845	0.01015	0.00666	0.00640	0.04575	0.01704	0.02302	0.40946	0.12238	0.20099	0.03419	0.00838	0.00230	0.00367	0.06320	0.00656	0.00605
11	0.01895	0.02158	0.02304	0.05521	0.07758	0.30907	0.14226	0.05870	0.01587	0.01844	0.01073	0.01411	0.00894	0.00752	0.00993	0.00209	0.18918	0.00544	0.00334	0.00800
12	0.01681	0.01493	0.06177	0.05342	0.33712	0.04750	0.03665	0.05585	0.01602	0.11274	0.01989	0.04854	0.04959	0.00867	0.00684	0.00211	0.00725	0.09065	0.00451	0.00913
13	0.02522	0.01155	0.01788	0.01362	0.01850	0.01020	0.11411	0.02811	0.01770	0.57026	0.04774	0.05905	0.01789	0.00839	0.00679	0.00206	0.00614	0.00743	0.00716	0.01021
14	0.01404	0.01187	0.01374	0.00988	0.01558	0.00927	0.00792	0.05628	0.01438	0.02219	0.01172	0.01352	0.00965	0.00496	0.00488	0.00101	0.00492	0.00394	0.00398	0.76628
15	0.00978	0.00713	0.00896	0.02840	0.01103	0.00713	0.00683	0.05062	0.01350	0.01779	0.06706	0.25759	0.13550	0.15719	0.08285	0.03106	0.00602	0.09080	0.00527	0.00551
16	0.01220	0.01148	0.01938	0.75739	0.04450	0.01436	0.01794	0.01651	0.01292	0.01651	0.01148	0.01723	0.00861	0.00646	0.00646	0.00215	0.00861	0.00574	0.00287	0.00718
17	0.01708	0.05078	0.01748	0.06836	0.05384	0.06765	0.07047	0.14152	0.03644	0.11935	0.11454	0.16953	0.02416	0.01042	0.00691	0.00209	0.00643	0.00911	0.00555	0.00828
18	0.00924	0.00689	0.01023	0.01023	0.01133	0.00799	0.00788	0.01144	0.01034	0.01488	0.01745	0.02617	0.01650	0.08232	0.71393	0.01019	0.01679	0.00704	0.00348	0.00568
19	0.00870	0.00648	0.00836	0.00871	0.00977	0.00651	0.00633	0.01033	0.01222	0.01629	0.07534	0.19423	0.17349	0.14646	0.24923	0.00558	0.00846	0.04325	0.00492	0.00533
20	0.01399	0.01675	0.08574	0.02390	0.06368	0.01445	0.50721	0.01900	0.01532	0.02089	0.07855	0.02325	0.07099	0.00704	0.00745	0.00214	0.00936	0.00814	0.00377	0.00837
21	0.01394	0.01566	0.14084	0.01493	0.01940	0.03013	0.13842	0.05997	0.06691	0.06244	0.13029	0.04836	0.11154	0.01183	0.05030	0.00259	0.04292	0.00831	0.00489	0.02635
22	0.01232	0.01171	0.02009	0.72964	0.04409	0.01443	0.04421	0.01667	0.01301	0.01667	0.01154	0.01723	0.00866	0.00642	0.00650	0.00215	0.00870	0.00581	0.00289	0.00724
23	0.02280	0.02741	0.01886	0.07882	0.05555	0.59127	0.01326	0.08199	0.01870	0.01820	0.01067	0.01264	0.00866	0.00669	0.00596	0.00174	0.01083	0.00451	0.00355	0.00789
24	0.10603	0.03347	0.03407	0.01417	0.09446	0.01226	0.03038	0.11793	0.05016	0.04466	0.19378	0.02321	0.02309	0.00793	0.00606	0.00175	0.00542	0.00663	0.00515	0.18939
25	0.56411	0.06052	0.01354	0.01030	0.01470	0.01660	0.00861	0.19825	0.01615	0.03119	0.01068	0.01179	0.00811	0.00642	0.00465	0.00195	0.00566	0.00410	0.00456	0.00811
26	0.00826	0.00644	0.00740	0.00799	0.00947	0.00577	0.00594	0.00985	0.01378	0.01714	0.05011	0.22885	0.40648	0.07607	0.00993	0.00272	0.00403	0.11857	0.00583	0.00536
27	0.00863	0.00597	0.00739	0.00822	0.00846	0.00577	0.00521	0.00931	0.01112	0.01482	0.02877	0.42294	0.03398	0.35554	0.01925	0.00426	0.00494	0.03566	0.00507	0.00468
28	0.01770	0.05950	0.11520	0.02187	0.09030	0.05897	0.27220	0.16829	0.08572	0.02499	0.01420	0.01637	0.01068	0.00644	0.00670	0.00202	0.00892	0.00628	0.00417	0.00949

[dist]
# distance from previous block
# <min> <max>
0	1

[block]
# block no. 6 follows, 34 sequences, length 55
# corresponding to MSA columns:
# 230-284
name=unknown_G
#
# <colnr> <probs for GDERKNQSTAVLIFYWHMCP>
#	G	D	E	R	K	N	Q	S	T	A	V	L	I	F	Y	W	H	M	C	P
0	0.08396	0.04149	0.01841	0.01477	0.04321	0.01887	0.01170	0.48117	0.16037	0.03568	0.01675	0.01662	0.01224	0.00767	0.00622	0.00197	0.00658	0.00584	0.00606	0.01042
1	0.81856	0.01250	0.00950	0.00850	0.01250	0.01449	0.00700	0.01899	0.01100	0.02899	0.00900	0.01050	0.00700	0.00600	0.00400	0.00200	0.00500	0.00350	0.00400	0.00700
2	0.01287	0.01022	0.01180	0.00894	0.01367	0.00791	0.00703	0.01535	0.01378	0.05793	0.02378	0.02515	0.15980	0.03875	0.00662	0.00148	0.00457	0.00623	0.00450	0.56962
3	0.00799	0.00613	0.00724	0.00785	0.00906	0.00547	0.00550	0.00951	0.01389	0.01785	0.13003	0.37470	0.31516	0.04785	0.00891	0.00252	0.00358	0.01534	0.00605	0.00538
4	0.21834	0.01136	0.01368	0.01078	0.01554	0.01070	0.00890	0.02849	0.01670	0.56728	0.02154	0.01924	0.01384	0.00752	0.00590	0.00200	0.00538	0.00578	0.00704	0.01004
5	0.10729	0.01965	0.01814	0.08022	0.06238	0.20430	0.01263	0.33766	0.02227	0.02913	0.01350	0.01613	0.01053	0.00741	0.00612	0.00193	0.00817	0.02855	0.00488	0.00912
6	0.00778	0.00641	0.00676	0.00696	0.00878	0.00547	0.00506	0.00932	0.01430	0.01738	0.07871	0.16066	0.58714	0.04534	0.00867	0.00239	0.00345	0.01409	0.00595	0.00539
7	0.00823	0.00588	0.00760	0.00867	0.00923	0.00551	0.00585	0.00950	0.01280	0.01712	0.10526	0.56738	0.07038	0.10284	0.01091	0.00296	0.00400	0.03478	0.00588	0.00521
8	0.04706	0.14996	0.02173	0.07004	0.02135	0.31670	0.04190	0.16369	0.03955	0.02182	0.01158	0.01331	0.00925	0.00686	0.00639	0.00180	0.03989	0.00478	0.00394	0.00842
9	0.02369	0.01735	0.01867	0.01454	0.01953	0.01920	0.01194	0.60656	0.11286	0.06294	0.01715	0.01677	0.01221	0.00789	0.00648	0.00197	0.00682	0.00602	0.00653	0.01090
10	0.01410	0.01322	0.02143	0.33984	0.33240	0.01421	0.01729	0.01860	0.04193	0.01939	0.01236	0.01655	0.00985	0.00607	0.00625	0.00192	0.00765	0.00560	0.00326	0.09807
11	0.01038	0.00603	0.00876	0.00880	0.00912	0.00632	0.00609	0.00937	0.00918	0.01254	0.01465	0.04829	0.01493	0.11289	0.21668	0.48343	0.00872	0.00680	0.00321	0.00379
12	0.01599	0.01535	0.02623	0.03966	0.73262	0.01535	0.01983	0.01983	0.01471	0.02111	0.01215	0.01599	0.01023	0.00576	0.00640	0.00192	0.00768	0.00576	0.00320	0.01023
13	0.01054	0.00888	0.01379	0.01266	0.01467	0.00865	0.12510	0.04170	0.06484	0.01918	0.03185	0.47464	0.07089	0.01605	0.00796	0.00249	0.00530	0.05872	0.00560	0.00648
14	0.02880	0.01130	0.01518	0.01164	0.01664	0.00994	0.00961	0.06024	0.01900	0.70764	0.02507	0.02172	0.01578	0.00799	0.00650	0.00200	0.00557	0.00647	0.00793	0.01100
15	0.35877	0.01100	0.01172	0.00983	0.01391	0.01109	0.00797	0.02347	0.01468	0.35041	0.02098	0.08086	0.04287	0.00851	0.00564	0.00206	0.00505	0.00651	0.00607	0.00861
16	0.01132	0.00699	0.00912	0.00850	0.01032	0.00635	0.00639	0.01382	0.01717	0.10735	0.51083	0.11230	0.09928	0.01379	0.00815	0.02985	0.00350	0.01163	0.00689	0.00643
17	0.00889	0.00670	0.00733	0.00715	0.00918	0.00576	0.00532	0.01072	0.01520	0.04914	0.17720	0.08602	0.52548	0.04653	0.00864	0.00233	0.00347	0.01301	0.00619	0.00573
18	0.01549	0.01320	0.01394	0.01251	0.01603	0.01503	0.00973	0.05911	0.61120	0.02675	0.05199	0.02771	0.07978	0.00950	0.00669	0.00218	0.00497	0.00791	0.00654	0.00973
19	0.13904	0.00804	0.00941	0.00892	0.01113	0.00782	0.00684	0.01528	0.01531	0.12677	0.27004	0.16413	0.08917	0.04333	0.00809	0.00237	0.00417	0.05721	0.00627	0.00666
20	0.00852	0.00648	0.00733	0.00747	0.00923	0.00563	0.00546	0.01031	0.01493	0.03828	0.16974	0.20825	0.45253	0.01643	0.00773	0.00225	0.00340	0.01412	0.00624	0.00567
21	0.04963	0.00886	0.01075	0.00964	0.01231	0.00856	0.00756	0.05705	0.03513	0.23307	0.08217	0.08682	0.04889	0.09585	0.00956	0.00257	0.00489	0.09028	0.13883	0.00760
22	0.01028	0.00683	0.00867	0.00908	0.01045	0.00641	0.00654	0.01289	0.05194	0.07635	0.16397	0.43703	0.11888	0.01687	0.00786	0.00241	0.00385	0.03713	0.00639	0.00617
23	0.01051	0.00679	0.00882	0.00927	0.01062	0.00635	0.00698	0.01244	0.01441	0.07752	0.15646	0.28904	0.10763	0.08885	0.01044	0.00285	0.00445	0.16451	0.00615	0.00592
24	0.01113	0.00705	0.00855	0.00840	0.01034	0.00629	0.00620	0.01332	0.03017	0.11953	0.16148	0.27156	0.29013	0.01570	0.00764	0.00227	0.00373	0.01364	0.00648	0.00638
25	0.01033	0.00647	0.00750	0.00742	0.00771	0.00637	0.00435	0.01054	0.01008	0.05123	0.02168	0.09127	0.02442	0.68048	0.02979	0.00579	0.00605	0.00986	0.00428	0.00438
26	0.01399	0.01184	0.01372	0.00985	0.01556	0.00922	0.00790	0.05319	0.01430	0.02210	0.01170	0.01351	0.00965	0.00494	0.00487	0.00101	0.00491	0.00393	0.00397	0.76983
27	0.01105	0.00838	0.00983	0.00952	0.01149	0.00844	0.00735	0.10426	0.03884	0.02092	0.08942	0.11972	0.24226	0.08848	0.09656	0.00363	0.00619	0.11165	0.00567	0.00634
28	0.00830	0.00626	0.00759	0.00809	0.00922	0.00582	0.00572	0.00982	0.01334	0.01733	0.11712	0.29614	0.26199	0.10752	0.07232	0.00349	0.00500	0.03394	0.00567	0.00532
29	0.00888	0.00635	0.00783	0.00805	0.00931	0.00577	0.00571	0.01075	0.01490	0.03638	0.28795	0.28228	0.19740	0.07654	0.00981	0.00259	0.00364	0.01396	0.00628	0.00562
30	0.05719	0.11695	0.56182	0.01676	0.02520	0.01660	0.02057	0.07525	0.01477	0.02192	0.01147	0.01325	0.00836	0.00619	0.00582	0.00196	0.00881	0.00464	0.00310	0.00938
31	0.01655	0.01652	0.02536	0.05982	0.65219	0.07617	0.01916	0.02022	0.01496	0.02053	0.01195	0.01567	0.01003	0.00585	0.00635	0.00191	0.00804	0.00562	0.00320	0.00991
32	0.00843	0.00594	0.00736	0.00826	0.00864	0.00566	0.00533	0.00926	0.01157	0.01528	0.03229	0.46218	0.07903	0.27421	0.01655	0.00383	0.00462	0.03143	0.00529	0.00483
33	0.01693	0.71762	0.09004	0.01164	0.01749	0.02473	0.01208	0.01944	0.01317	0.01562	0.00919	0.01063	0.00828	0.00558	0.00430	0.00143	0.00712	0.00356	0.00276	0.00839
34	0.01475	0.01182	0.01366	0.00998	0.01545	0.00955	0.00802	0.08165	0.01526	0.05055	0.01527	0.01652	0.04824	0.00580	0.00516	0.00115	0.00495	0.00464	0.00435	0.66322
35	0.01670	0.09331	0.52596	0.01632	0.02457	0.01477	0.01974	0.02268	0.01462	0.17054	0.01429	0.01511	0.00983	0.00648	0.00604	0.00198	0.00847	0.00502	0.00384	0.00974
36	0.06107	0.01302	0.01424	0.01243	0.01630	0.01440	0.00979	0.03231	0.52383	0.16755	0.04567	0.02367	0.01951	0.00860	0.00645	0.00214	0.00512	0.00707	0.00673	0.01009
37	0.02359	0.01078	0.01394	0.01116	0.01534	0.01001	0.00904	0.07078	0.07675	0.48928	0.16896	0.02713	0.02519	0.00911	0.00673	0.00202	0.00507	0.00758	0.00760	0.00993
38	0.01493	0.01684	0.07856	0.11378	0.33277	0.09158	0.10213	0.01870	0.01461	0.01928	0.01614	0.10152	0.03478	0.00787	0.00672	0.00205	0.00818	0.00739	0.00354	0.00864
39	0.02258	0.01213	0.07188	0.01205	0.01655	0.00968	0.03064	0.02615	0.05416	0.48351	0.02689	0.14293	0.04103	0.01004	0.00682	0.00212	0.00561	0.00856	0.00698	0.00968
40	0.01065	0.00714	0.00899	0.00923	0.01106	0.00660	0.00739	0.01294	0.01524	0.07649	0.15735	0.10407	0.24177	0.05606	0.00937	0.00266	0.00453	0.24617	0.00622	0.00608
41	0.01510	0.01432	0.02207	0.22078	0.41480	0.03981	0.01738	0.03859	0.07091	0.02049	0.01437	0.05672	0.01225	0.00703	0.00651	0.00203	0.00763	0.00649	0.00362	0.00910
42	0.01408	0.16338	0.50555	0.01847	0.02683	0.01709	0.12732	0.02030	0.01380	0.01956	0.01136	0.01364	0.00845	0.00592	0.00601	0.00195	0.00929	0.00498	0.00282	0.00920
43	0.01431	0.18080	0.45118	0.01875	0.02686	0.01742	0.16319	0.02029	0.01387	0.01944	0.01137	0.01376	0.00854	0.00587	0.00604	0.00194	0.00929	0.00510	0.00285	0.00912
44	0.01942	0.01368	0.02223	0.06029	0.38235	0.01339	0.06188	0.02373	0.05334	0.23375	0.03894	0.01935	0.01391	0.00682	0.00656	0.00199	0.00701	0.00637	0.00491	0.01009
45	0.01032	0.00922	0.01584	0.03096	0.06816	0.00874	0.16091	0.01277	0.01354	0.01810	0.05405	0.41070	0.08504	0.03978	0.00870	0.00254	0.00579	0.03331	0.00510	0.00643
46	0.01438	0.01361	0.04240	0.27819	0.17050	0.05569	0.03547	0.04883	0.03510	0.04838	0.01716	0.15640	0.01601	0.00918	0.00720	0.00217	0.02922	0.00810	0.00403	0.00799
47	0.01534	0.01541	0.02801	0.10684	0.42074	0.01572	0.20281	0.02010	0.04110	0.02053	0.01271	0.01673	0.01024	0.00608	0.00734	0.00206	0.03923	0.00631	0.00330	0.00939
48	0.01582	0.01670	0.07148	0.02534	0.15376	0.01497	0.38930	0.02183	0.07573	0.06193	0.03541	0.01847	0.01246	0.00616	0.00702	0.00205	0.00889	0.00695	0.00392	0.05184
49	0.01458	0.01509	0.02407	0.41750	0.17126	0.08177	0.14623	0.01877	0.01419	0.01810	0.01177	0.01652	0.00912	0.00616	0.00661	0.00207	0.00914	0.00595	0.00305	0.00807
50	0.04216	0.02500	0.45495	0.01779	0.05321	0.01378	0.07395	0.02122	0.05195	0.08667	0.05277	0.04917	0.01395	0.00735	0.00642	0.00208	0.00823	0.00623	0.00389	0.00923
51	0.01543	0.01565	0.02710	0.04908	0.42022	0.04479	0.19523	0.01944	0.01499	0.02068	0.05102	0.01981	0.01357	0.00673	0.00735	0.00205	0.03427	0.02990	0.00350	0.00918
52	0.01059	0.00872	0.01349	0.01589	0.14559	0.00972	0.01034	0.01312	0.01135	0.01625	0.01801	0.02475	0.04388	0.03794	0.55455	0.00822	0.04051	0.00694	0.00349	0.00663
53	0.09541	0.01426	0.05069	0.01776	0.02289	0.01294	0.30611	0.04973	0.01647	0.19303	0.10975	0.04632	0.01874	0.00772	0.00692	0.00210	0.00758	0.00766	0.00516	0.00876
54	0.01649	0.01240	0.03873	0.01271	0.05280	0.03301	0.03218	0.13088	0.08946	0.15026	0.10513	0.03527	0.24171	0.01086	0.00697	0.00206	0.00539	0.00909	0.00617	0.00843

[dist]
# distance from previous block
# <min> <max>
0	31

# created by:
# /home/berkeley/.conda/envs/busco_data_prod/bin/msa2prfl.pl pipeline/OGs_align_augustus/4893/17908.fs
