[name]
unknown

[dist]
# distance from previous block
# <min> <max>
0	8

[block]
# block no. 0 follows, 34 sequences, length 12
# corresponding to MSA columns:
# 8-19
name=unknown_A
#
# <colnr> <probs for GDERKNQSTAVLIFYWHMCP>
#	G	D	E	R	K	N	Q	S	T	A	V	L	I	F	Y	W	H	M	C	P
0	0.22006	0.04195	0.12921	0.01577	0.08965	0.10442	0.03101	0.08503	0.01553	0.02355	0.01780	0.02488	0.05665	0.00863	0.00610	0.00209	0.00726	0.10817	0.00423	0.00800
1	0.05999	0.01415	0.10272	0.04681	0.21283	0.01183	0.04011	0.01790	0.05251	0.04406	0.04418	0.02641	0.06415	0.11066	0.00994	0.00253	0.00666	0.03931	0.00414	0.08910
2	0.01380	0.01379	0.01762	0.01550	0.01600	0.07118	0.01269	0.01543	0.01063	0.01545	0.01053	0.01642	0.01015	0.01910	0.17909	0.00440	0.54259	0.00582	0.00300	0.00681
3	0.01414	0.01414	0.01979	0.01696	0.01696	0.01979	0.01414	0.01555	0.00990	0.01555	0.00848	0.01414	0.00848	0.01131	0.02120	0.00283	0.76110	0.00565	0.00283	0.00707
4	0.02899	0.01100	0.01499	0.01150	0.01649	0.00950	0.00950	0.03149	0.01849	0.73709	0.02549	0.02199	0.01599	0.00800	0.00650	0.00200	0.00550	0.00650	0.00800	0.01100
5	0.01862	0.49661	0.10850	0.01328	0.01875	0.18480	0.01285	0.04933	0.01505	0.01697	0.00977	0.01123	0.00840	0.00594	0.00484	0.00154	0.00827	0.00386	0.00304	0.00836
6	0.00983	0.00775	0.01115	0.01086	0.01170	0.00931	0.00836	0.01172	0.01034	0.01492	0.01748	0.06843	0.01738	0.11342	0.53647	0.00851	0.11542	0.00766	0.00357	0.00573
7	0.02077	0.01466	0.01621	0.01314	0.01740	0.01595	0.01060	0.36618	0.20583	0.11225	0.11626	0.02289	0.02058	0.00878	0.00665	0.00202	0.00586	0.00707	0.00675	0.01013
8	0.02030	0.15193	0.08348	0.01581	0.04095	0.31445	0.03964	0.12210	0.04055	0.04005	0.03409	0.01617	0.03889	0.00717	0.00591	0.00177	0.00893	0.00525	0.00406	0.00850
9	0.01056	0.00666	0.00808	0.00786	0.00836	0.00676	0.00494	0.01109	0.01011	0.05696	0.02017	0.03828	0.02183	0.60775	0.14834	0.00668	0.00803	0.00881	0.00409	0.00465
10	0.02104	0.08290	0.08411	0.01546	0.02043	0.09866	0.05706	0.29065	0.10607	0.09080	0.01562	0.01614	0.01149	0.00751	0.00713	0.00198	0.05228	0.00569	0.00521	0.00978
11	0.08464	0.08655	0.04690	0.01359	0.01830	0.04459	0.05241	0.23150	0.14804	0.10289	0.01703	0.01832	0.01296	0.05375	0.00765	0.00218	0.00674	0.00590	0.00539	0.04067

[dist]
# distance from previous block
# <min> <max>
2	4

[block]
# block no. 1 follows, 34 sequences, length 54
# corresponding to MSA columns:
# 24-77
name=unknown_B
#
# <colnr> <probs for GDERKNQSTAVLIFYWHMCP>
#	G	D	E	R	K	N	Q	S	T	A	V	L	I	F	Y	W	H	M	C	P
0	0.01359	0.01290	0.02189	0.49398	0.29704	0.01472	0.01864	0.01773	0.01358	0.01820	0.01173	0.01677	0.00921	0.00620	0.00644	0.00207	0.00827	0.00575	0.00299	0.00830
1	0.04390	0.08340	0.42674	0.02055	0.14752	0.01628	0.01975	0.10384	0.01587	0.04572	0.01232	0.01418	0.00909	0.00628	0.00601	0.00196	0.00844	0.00498	0.00348	0.00970
2	0.01423	0.15857	0.57896	0.01757	0.04570	0.01665	0.02118	0.02057	0.01372	0.03974	0.01156	0.01339	0.00848	0.00608	0.00582	0.00193	0.00893	0.00463	0.00290	0.00940
3	0.02064	0.01110	0.01345	0.01119	0.01510	0.01093	0.00894	0.05645	0.21197	0.35134	0.12147	0.02951	0.08957	0.00967	0.00677	0.00207	0.00493	0.00804	0.00724	0.00962
4	0.00803	0.00569	0.00745	0.00879	0.00912	0.00536	0.00578	0.00904	0.01205	0.01607	0.03399	0.69151	0.04069	0.10023	0.01087	0.00301	0.00402	0.01742	0.00578	0.00511
5	0.03330	0.09042	0.37583	0.01878	0.05212	0.01502	0.16804	0.01966	0.01437	0.04576	0.04726	0.01914	0.05775	0.00695	0.00642	0.00202	0.00859	0.00622	0.00349	0.00886
6	0.01223	0.01056	0.01786	0.03990	0.01894	0.01073	0.18618	0.01643	0.06669	0.04180	0.02572	0.17458	0.04301	0.03478	0.05687	0.00313	0.04078	0.18787	0.00494	0.00701
7	0.00846	0.00606	0.00809	0.00903	0.00983	0.00569	0.00644	0.01029	0.01423	0.01935	0.22591	0.50489	0.04721	0.01808	0.00814	0.00249	0.00377	0.08017	0.00630	0.00555
8	0.00875	0.00697	0.00794	0.00850	0.00962	0.03217	0.00597	0.01042	0.01437	0.01875	0.20244	0.40439	0.18885	0.03927	0.00861	0.00247	0.00384	0.01505	0.00610	0.00553
9	0.01327	0.28480	0.09512	0.01270	0.01678	0.01518	0.06537	0.03235	0.01430	0.01844	0.06002	0.14959	0.04303	0.01115	0.00656	0.00210	0.00648	0.14104	0.00436	0.00737
10	0.02287	0.01794	0.01941	0.01527	0.01954	0.04757	0.01259	0.57358	0.02664	0.03574	0.01418	0.01515	0.01049	0.00828	0.00880	0.00207	0.12816	0.00573	0.00576	0.01023
11	0.00923	0.00692	0.01038	0.01038	0.01154	0.00808	0.00808	0.01154	0.01038	0.01500	0.01731	0.02538	0.01615	0.04846	0.74732	0.01038	0.01731	0.00692	0.00346	0.00577
12	0.01416	0.02561	0.41972	0.04788	0.12949	0.05814	0.08560	0.03729	0.01469	0.02060	0.03336	0.05820	0.01218	0.00710	0.00648	0.00205	0.00892	0.00618	0.00329	0.00906
13	0.13457	0.01295	0.01534	0.01192	0.01683	0.01277	0.00985	0.19750	0.02041	0.46959	0.02080	0.01884	0.01354	0.00767	0.00615	0.00198	0.00583	0.00592	0.00708	0.01045
14	0.00787	0.00562	0.00750	0.00900	0.00937	0.00525	0.00600	0.00900	0.01237	0.01649	0.03561	0.76871	0.04274	0.02024	0.00825	0.00262	0.00375	0.01837	0.00600	0.00525
15	0.02366	0.01370	0.01584	0.01253	0.01705	0.01419	0.01022	0.30737	0.10571	0.28945	0.04647	0.02070	0.01605	0.00814	0.00638	0.00196	0.00583	0.00647	0.06794	0.01035
16	0.01642	0.09914	0.30959	0.01623	0.05759	0.04770	0.01630	0.07081	0.09391	0.09132	0.01830	0.01995	0.05523	0.00777	0.00673	0.00202	0.03403	0.02344	0.00427	0.00925
17	0.34628	0.26838	0.13469	0.01175	0.01686	0.04456	0.01168	0.01936	0.01231	0.02176	0.00941	0.01123	0.00776	0.00623	0.00556	0.00184	0.05535	0.00385	0.00329	0.00785
18	0.01517	0.01799	0.06266	0.02692	0.03357	0.01629	0.68518	0.02069	0.01519	0.02069	0.01302	0.01730	0.00975	0.00547	0.00757	0.00217	0.01085	0.00753	0.00325	0.00874
19	0.01671	0.46261	0.02639	0.08757	0.01932	0.07133	0.01143	0.04088	0.11714	0.01855	0.06105	0.01588	0.01365	0.00676	0.00515	0.00166	0.00689	0.00492	0.00377	0.00833
20	0.02342	0.10877	0.01994	0.01606	0.01962	0.67158	0.01234	0.02513	0.01777	0.01575	0.00988	0.01152	0.00832	0.00654	0.00565	0.00164	0.01116	0.00409	0.00327	0.00757
21	0.01097	0.00576	0.00845	0.00860	0.00871	0.00575	0.00586	0.00880	0.00902	0.01199	0.01399	0.05099	0.01457	0.05517	0.02393	0.69522	0.00560	0.05031	0.00317	0.00315
22	0.00895	0.00660	0.00837	0.00793	0.00954	0.00601	0.00595	0.01182	0.01784	0.02483	0.64476	0.05004	0.14609	0.01361	0.00762	0.00205	0.00308	0.01193	0.00697	0.00601
23	0.01276	0.00623	0.00640	0.00625	0.00791	0.00617	0.00473	0.01575	0.01376	0.05430	0.02126	0.02400	0.01654	0.00755	0.00460	0.00153	0.00312	0.00604	0.77486	0.00623
24	0.02414	0.03079	0.01831	0.01665	0.01998	0.74698	0.01248	0.02580	0.01831	0.01581	0.00999	0.01165	0.00832	0.00666	0.00583	0.00166	0.01165	0.00416	0.00333	0.00749
25	0.00787	0.00562	0.00750	0.00900	0.00937	0.00525	0.00600	0.00900	0.01237	0.01649	0.03561	0.76871	0.04274	0.02024	0.00825	0.00262	0.00375	0.01837	0.00600	0.00525
26	0.02730	0.01370	0.01667	0.01278	0.01784	0.01351	0.01056	0.29053	0.02302	0.47165	0.02169	0.01952	0.01409	0.00791	0.00648	0.00198	0.00611	0.00624	0.00741	0.01099
27	0.02414	0.03079	0.01831	0.01665	0.01998	0.74698	0.01248	0.02580	0.01831	0.01581	0.00999	0.01165	0.00832	0.00666	0.00583	0.00166	0.01165	0.00416	0.00333	0.00749
28	0.02848	0.01085	0.01472	0.01133	0.01622	0.00939	0.00935	0.03099	0.01834	0.71552	0.02536	0.02206	0.01601	0.00798	0.00644	0.00198	0.00542	0.00648	0.03222	0.01085
29	0.02587	0.01600	0.01809	0.01387	0.01899	0.01692	0.01146	0.51037	0.02687	0.24638	0.01846	0.01743	0.01247	0.00783	0.00647	0.00196	0.00663	0.00602	0.00692	0.01099
30	0.02483	0.01767	0.01913	0.01467	0.01983	0.01941	0.01211	0.67054	0.02967	0.08225	0.01611	0.01590	0.01129	0.00777	0.00647	0.00194	0.00701	0.00586	0.00656	0.01099
31	0.00787	0.00562	0.00750	0.00900	0.00937	0.00525	0.00600	0.00900	0.01237	0.01649	0.03561	0.76871	0.04274	0.02024	0.00825	0.00262	0.00375	0.01837	0.00600	0.00525
32	0.00779	0.00594	0.00717	0.00814	0.00915	0.00532	0.00562	0.00909	0.01319	0.01683	0.04602	0.52237	0.28235	0.01889	0.00803	0.00247	0.00358	0.01672	0.00600	0.00532
33	0.01122	0.00561	0.00842	0.00842	0.00842	0.00561	0.00561	0.00842	0.00842	0.01122	0.01122	0.01964	0.01122	0.02245	0.02525	0.81201	0.00561	0.00561	0.00281	0.00281
34	0.01323	0.01281	0.01806	0.01575	0.01597	0.01764	0.01302	0.01481	0.00999	0.01545	0.01010	0.01620	0.00989	0.01814	0.15470	0.00422	0.62436	0.00589	0.00294	0.00683
35	0.02457	0.01009	0.01321	0.01052	0.01471	0.00904	0.00856	0.02788	0.04871	0.55193	0.07024	0.02410	0.01914	0.00830	0.00627	0.00194	0.00495	0.00680	0.12917	0.00989
36	0.00923	0.00692	0.01038	0.01038	0.01154	0.00808	0.00808	0.01154	0.01038	0.01500	0.01731	0.02538	0.01615	0.04846	0.74732	0.01038	0.01731	0.00692	0.00346	0.00577
37	0.01450	0.01326	0.02128	0.22936	0.31746	0.01464	0.03629	0.01916	0.06843	0.04166	0.01646	0.04125	0.04700	0.00774	0.00805	0.00214	0.08225	0.00670	0.00370	0.00868
38	0.02393	0.01954	0.05064	0.01497	0.02009	0.09214	0.01260	0.55309	0.05233	0.07239	0.01568	0.01568	0.01116	0.00762	0.00639	0.00193	0.00752	0.00569	0.00607	0.01055
39	0.00796	0.00568	0.00759	0.00909	0.00950	0.00532	0.00614	0.00914	0.01245	0.01659	0.03557	0.74564	0.04255	0.02016	0.00827	0.00264	0.00382	0.04061	0.00600	0.00527
40	0.19733	0.04449	0.01807	0.01621	0.08000	0.31996	0.05373	0.04787	0.01578	0.02117	0.01054	0.01248	0.00857	0.00610	0.00540	0.00169	0.00847	0.00436	0.00364	0.12415
41	0.00858	0.00647	0.00793	0.00780	0.00937	0.00582	0.00576	0.01101	0.01660	0.02246	0.46409	0.13918	0.24145	0.01492	0.00770	0.00214	0.00319	0.01303	0.00667	0.00582
42	0.01974	0.21718	0.07726	0.01668	0.08333	0.32839	0.01319	0.05400	0.03831	0.01838	0.01092	0.01256	0.00905	0.00622	0.00544	0.00162	0.00898	0.00432	0.00341	0.07102
43	0.00888	0.00659	0.00827	0.00785	0.00949	0.00598	0.00589	0.01167	0.01766	0.02441	0.61117	0.05074	0.17994	0.01377	0.00762	0.00206	0.00309	0.01203	0.00691	0.00598
44	0.02341	0.02973	0.01780	0.01620	0.01948	0.71452	0.01215	0.02508	0.01815	0.01589	0.01242	0.01386	0.03992	0.00708	0.00591	0.00169	0.01129	0.00458	0.00345	0.00740
45	0.01122	0.00561	0.00842	0.00842	0.00842	0.00561	0.00561	0.00842	0.00842	0.01122	0.01122	0.01964	0.01122	0.02245	0.02525	0.81201	0.00561	0.00561	0.00281	0.00281
46	0.02561	0.01219	0.01522	0.01213	0.01682	0.01181	0.00987	0.08042	0.18625	0.51892	0.02497	0.02203	0.01653	0.00816	0.00651	0.00204	0.00552	0.00664	0.00755	0.01081
47	0.81856	0.01250	0.00950	0.00850	0.01250	0.01449	0.00700	0.01899	0.01100	0.02899	0.00900	0.01050	0.00700	0.00600	0.00400	0.00200	0.00500	0.00350	0.00400	0.00700
48	0.00940	0.00626	0.00705	0.00705	0.00705	0.00626	0.00392	0.00940	0.00940	0.01253	0.02036	0.04228	0.02349	0.77292	0.03289	0.00626	0.00626	0.00940	0.00392	0.00392
49	0.00923	0.00692	0.01038	0.01038	0.01154	0.00808	0.00808	0.01154	0.01038	0.01500	0.01731	0.02538	0.01615	0.04846	0.74732	0.01038	0.01731	0.00692	0.00346	0.00577
50	0.00897	0.00680	0.00812	0.00791	0.00948	0.00631	0.00578	0.01190	0.04690	0.02187	0.40920	0.10818	0.23148	0.07673	0.00970	0.00247	0.00352	0.01236	0.00644	0.00586
51	0.01761	0.01317	0.01466	0.03183	0.01705	0.01464	0.01012	0.11137	0.46352	0.10629	0.10454	0.02543	0.02268	0.00901	0.00667	0.00212	0.00525	0.00750	0.00668	0.00985
52	0.01660	0.14795	0.07248	0.14569	0.13262	0.10918	0.14947	0.06997	0.01551	0.01963	0.01172	0.01508	0.00940	0.00769	0.03278	0.00221	0.02466	0.00550	0.00331	0.00854
53	0.15004	0.14508	0.04133	0.05989	0.16684	0.01661	0.01261	0.14805	0.03808	0.04179	0.03136	0.03844	0.01203	0.00689	0.00560	0.00183	0.00653	0.00544	0.00428	0.06728

[dist]
# distance from previous block
# <min> <max>
0	6

[block]
# block no. 2 follows, 34 sequences, length 63
# corresponding to MSA columns:
# 84-146
name=unknown_C
#
# <colnr> <probs for GDERKNQSTAVLIFYWHMCP>
#	G	D	E	R	K	N	Q	S	T	A	V	L	I	F	Y	W	H	M	C	P
0	0.04560	0.17391	0.15051	0.01876	0.14720	0.01653	0.06738	0.08726	0.03214	0.04824	0.01239	0.01425	0.00972	0.00594	0.00564	0.00170	0.00731	0.00491	0.00374	0.14684
1	0.01856	0.16115	0.09839	0.04479	0.10296	0.19100	0.10100	0.10780	0.03925	0.02106	0.01208	0.01425	0.00960	0.00647	0.00631	0.00184	0.02719	0.00515	0.02238	0.00878
2	0.01424	0.02416	0.40610	0.01784	0.05265	0.01490	0.05569	0.02343	0.18431	0.03978	0.01694	0.02053	0.01322	0.00771	0.00708	0.00217	0.03584	0.04995	0.00405	0.00941
3	0.00795	0.00568	0.00759	0.00909	0.00949	0.00532	0.00613	0.00913	0.01245	0.01658	0.03557	0.74739	0.04257	0.02017	0.00827	0.00263	0.00382	0.03892	0.00600	0.00527
4	0.00782	0.00609	0.00710	0.00782	0.00908	0.00538	0.00550	0.00926	0.01371	0.01733	0.07842	0.40990	0.36330	0.01814	0.00794	0.00239	0.00350	0.01589	0.00605	0.00538
5	0.00787	0.00562	0.00750	0.00900	0.00937	0.00525	0.00600	0.00900	0.01237	0.01649	0.03561	0.76871	0.04274	0.02024	0.00825	0.00262	0.00375	0.01837	0.00600	0.00525
6	0.81856	0.01250	0.00950	0.00850	0.01250	0.01449	0.00700	0.01899	0.01100	0.02899	0.00900	0.01050	0.00700	0.00600	0.00400	0.00200	0.00500	0.00350	0.00400	0.00700
7	0.01340	0.01148	0.01340	0.00957	0.01531	0.00861	0.00766	0.01627	0.01340	0.02105	0.01148	0.01340	0.00957	0.00479	0.00479	0.00096	0.00479	0.00383	0.00383	0.81242
8	0.00940	0.00626	0.00705	0.00705	0.00705	0.00626	0.00392	0.00940	0.00940	0.01253	0.02036	0.04228	0.02349	0.77292	0.03289	0.00626	0.00626	0.00940	0.00392	0.00392
9	0.01525	0.01743	0.03813	0.02723	0.03377	0.01634	0.70915	0.02070	0.01525	0.02070	0.01307	0.01743	0.00980	0.00545	0.00763	0.00218	0.01089	0.00763	0.00327	0.00871
10	0.81856	0.01250	0.00950	0.00850	0.01250	0.01449	0.00700	0.01899	0.01100	0.02899	0.00900	0.01050	0.00700	0.00600	0.00400	0.00200	0.00500	0.00350	0.00400	0.00700
11	0.01599	0.01535	0.02623	0.03966	0.73262	0.01535	0.01983	0.01983	0.01471	0.02111	0.01215	0.01599	0.01023	0.00576	0.00640	0.00192	0.00768	0.00576	0.00320	0.01023
12	0.00943	0.00693	0.00895	0.00822	0.01003	0.00626	0.00620	0.01246	0.01797	0.02559	0.68182	0.04596	0.05757	0.01265	0.00743	0.00196	0.00316	0.01117	0.00690	0.05934
13	0.02899	0.01100	0.01499	0.01150	0.01649	0.00950	0.00950	0.03149	0.01849	0.73709	0.02549	0.02199	0.01599	0.00800	0.00650	0.00200	0.00550	0.00650	0.00800	0.01100
14	0.01204	0.00602	0.00602	0.00602	0.00753	0.00602	0.00452	0.01506	0.01355	0.02409	0.02108	0.02409	0.01656	0.00753	0.00452	0.00151	0.00301	0.00602	0.80879	0.00602
15	0.01525	0.01743	0.03813	0.02723	0.03377	0.01634	0.70915	0.02070	0.01525	0.02070	0.01307	0.01743	0.00980	0.00545	0.00763	0.00218	0.01089	0.00763	0.00327	0.00871
16	0.01415	0.01373	0.08712	0.06189	0.03554	0.01275	0.03486	0.13538	0.18545	0.02436	0.04890	0.17462	0.04952	0.01164	0.00719	0.00229	0.00606	0.08069	0.00556	0.00830
17	0.00764	0.00655	0.00655	0.00655	0.00873	0.00545	0.00491	0.00927	0.01473	0.01745	0.06546	0.06218	0.73000	0.01636	0.00764	0.00218	0.00327	0.01364	0.00600	0.00545
18	0.01434	0.03342	0.04073	0.04233	0.23618	0.01307	0.20552	0.01814	0.01448	0.03828	0.01803	0.06788	0.06021	0.00748	0.00666	0.00191	0.00748	0.02298	0.00384	0.14705
19	0.01087	0.00744	0.00837	0.00793	0.00847	0.00767	0.00488	0.07772	0.01147	0.01536	0.01978	0.03906	0.02201	0.67204	0.05642	0.00599	0.00675	0.00896	0.00415	0.00467
20	0.81856	0.01250	0.00950	0.00850	0.01250	0.01449	0.00700	0.01899	0.01100	0.02899	0.00900	0.01050	0.00700	0.00600	0.00400	0.00200	0.00500	0.00350	0.00400	0.00700
21	0.01561	0.01454	0.02356	0.16069	0.42059	0.01546	0.05627	0.07185	0.05980	0.02209	0.03907	0.01786	0.01235	0.00668	0.00708	0.00203	0.03518	0.00617	0.00373	0.00940
22	0.81856	0.01250	0.00950	0.00850	0.01250	0.01449	0.00700	0.01899	0.01100	0.02899	0.00900	0.01050	0.00700	0.00600	0.00400	0.00200	0.00500	0.00350	0.00400	0.00700
23	0.00909	0.00660	0.00856	0.00807	0.00962	0.00607	0.00606	0.01209	0.01817	0.02562	0.70607	0.04875	0.08429	0.01332	0.00762	0.00204	0.00306	0.01175	0.00707	0.00607
24	0.01204	0.00602	0.00602	0.00602	0.00753	0.00602	0.00452	0.01506	0.01355	0.02409	0.02108	0.02409	0.01656	0.00753	0.00452	0.00151	0.00301	0.00602	0.80879	0.00602
25	0.81856	0.01250	0.00950	0.00850	0.01250	0.01449	0.00700	0.01899	0.01100	0.02899	0.00900	0.01050	0.00700	0.00600	0.00400	0.00200	0.00500	0.00350	0.00400	0.00700
26	0.01692	0.01334	0.01514	0.01448	0.06647	0.01481	0.01056	0.06953	0.51275	0.08370	0.07110	0.02541	0.03896	0.00892	0.00664	0.00213	0.00526	0.00749	0.00647	0.00994
27	0.02833	0.01153	0.01526	0.01176	0.01673	0.01035	0.00969	0.07415	0.04020	0.67228	0.02489	0.02165	0.01579	0.00801	0.00650	0.00200	0.00559	0.00648	0.00786	0.01097
28	0.02636	0.01038	0.01407	0.01115	0.01554	0.00907	0.00906	0.02867	0.01758	0.64076	0.02584	0.05095	0.01816	0.05670	0.00830	0.00232	0.00550	0.03182	0.00760	0.01017
29	0.02026	0.03524	0.05815	0.01495	0.04440	0.01531	0.05513	0.36144	0.02228	0.12311	0.01923	0.12321	0.01644	0.05049	0.00814	0.00228	0.00677	0.00785	0.00584	0.00948
30	0.01754	0.03793	0.07060	0.01462	0.04272	0.04587	0.01191	0.15360	0.40097	0.04392	0.02219	0.04950	0.01753	0.00883	0.00656	0.00212	0.00621	0.03164	0.00590	0.00983
31	0.01511	0.01621	0.03285	0.11257	0.22143	0.01585	0.44759	0.02000	0.01485	0.02034	0.01265	0.01702	0.00979	0.00564	0.00717	0.00211	0.00978	0.00692	0.00320	0.00895
32	0.01388	0.04390	0.45230	0.04523	0.07355	0.01443	0.11935	0.01994	0.01433	0.05021	0.03853	0.01905	0.03204	0.00697	0.00652	0.00207	0.00885	0.02635	0.00340	0.00908
33	0.01623	0.01346	0.01432	0.01277	0.01640	0.01533	0.00996	0.05760	0.62774	0.04720	0.05281	0.02581	0.04320	0.00911	0.00664	0.00217	0.00506	0.00759	0.00661	0.00998
34	0.01488	0.01768	0.06553	0.02611	0.03261	0.01588	0.65528	0.02027	0.01517	0.02057	0.01494	0.01892	0.03629	0.00588	0.00757	0.00217	0.01056	0.00773	0.00335	0.00863
35	0.00836	0.00611	0.00786	0.00840	0.00942	0.00561	0.00593	0.01030	0.01498	0.02036	0.31604	0.40908	0.11955	0.01704	0.00793	0.00234	0.00342	0.01522	0.00644	0.00561
36	0.00909	0.00660	0.00856	0.00807	0.00962	0.00607	0.00606	0.01209	0.01817	0.02562	0.70631	0.04875	0.08404	0.01332	0.00762	0.00204	0.00306	0.01175	0.00707	0.00607
37	0.01672	0.01375	0.04284	0.01394	0.03658	0.01210	0.09325	0.13475	0.01701	0.08826	0.03118	0.01813	0.01264	0.00664	0.00637	0.00159	0.03138	0.02571	0.03819	0.35898
38	0.01801	0.69647	0.03218	0.01166	0.01695	0.10326	0.01121	0.02004	0.01369	0.01527	0.00909	0.01050	0.00830	0.00565	0.00433	0.00141	0.00742	0.00353	0.00282	0.00821
39	0.00914	0.00660	0.00864	0.00813	0.00965	0.00610	0.00610	0.01219	0.01829	0.02591	0.72921	0.04827	0.06097	0.01321	0.00762	0.00203	0.00305	0.01169	0.00711	0.00610
40	0.04593	0.11712	0.07092	0.01537	0.01972	0.43155	0.01278	0.12719	0.06360	0.02089	0.01181	0.01297	0.00939	0.00676	0.00573	0.00174	0.00964	0.00455	0.00391	0.00841
41	0.01628	0.03463	0.07699	0.03257	0.52665	0.03176	0.04208	0.04310	0.01559	0.04791	0.05904	0.01793	0.01350	0.00642	0.00644	0.00193	0.00760	0.00607	0.00370	0.00981
42	0.01208	0.00856	0.03995	0.00931	0.01052	0.00820	0.00685	0.01323	0.01086	0.09764	0.01925	0.03364	0.01960	0.46134	0.16976	0.00620	0.05516	0.00815	0.00418	0.00553
43	0.01529	0.01182	0.01386	0.01002	0.01567	0.00933	0.00806	0.05646	0.01476	0.08031	0.01285	0.01421	0.01017	0.00521	0.00502	0.00110	0.00497	0.00416	0.00431	0.70240
44	0.58383	0.16726	0.01530	0.00978	0.01383	0.04149	0.00841	0.01909	0.01161	0.02499	0.00900	0.01072	0.00739	0.00623	0.00509	0.00191	0.04949	0.00364	0.00366	0.00728
45	0.01414	0.01414	0.01979	0.01696	0.01696	0.01979	0.01414	0.01555	0.00990	0.01555	0.00848	0.01414	0.00848	0.01131	0.02120	0.00283	0.76110	0.00565	0.00283	0.00707
46	0.00764	0.00655	0.00655	0.00655	0.00873	0.00545	0.00491	0.00927	0.01473	0.01745	0.06546	0.06218	0.73000	0.01636	0.00764	0.00218	0.00327	0.01364	0.00600	0.00545
47	0.02835	0.01102	0.01493	0.01142	0.01645	0.00946	0.00942	0.03087	0.01829	0.70792	0.02492	0.02164	0.01573	0.00787	0.00643	0.00196	0.00547	0.00639	0.00783	0.04364
48	0.01204	0.00602	0.00602	0.00602	0.00753	0.00602	0.00452	0.01506	0.01355	0.02409	0.02108	0.02409	0.01656	0.00753	0.00452	0.00151	0.00301	0.00602	0.80879	0.00602
49	0.01727	0.77681	0.03386	0.01106	0.01658	0.02557	0.01106	0.01935	0.01313	0.01520	0.00898	0.01036	0.00829	0.00553	0.00415	0.00138	0.00691	0.00345	0.00276	0.00829
50	0.81856	0.01250	0.00950	0.00850	0.01250	0.01449	0.00700	0.01899	0.01100	0.02899	0.00900	0.01050	0.00700	0.00600	0.00400	0.00200	0.00500	0.00350	0.00400	0.00700
51	0.01401	0.21504	0.56707	0.01662	0.02518	0.01759	0.02074	0.02019	0.01352	0.01918	0.01096	0.01284	0.00821	0.00599	0.00565	0.00188	0.00890	0.00445	0.00274	0.00924
52	0.01607	0.01388	0.01461	0.01315	0.01680	0.01607	0.01023	0.03433	0.72094	0.02703	0.02630	0.02411	0.01972	0.00877	0.00657	0.00219	0.00511	0.00731	0.00657	0.01023
53	0.01575	0.01506	0.02567	0.03875	0.71105	0.01505	0.01942	0.01951	0.01464	0.02097	0.01285	0.03844	0.01120	0.00619	0.00645	0.00194	0.00756	0.00613	0.00328	0.01009
54	0.02456	0.01810	0.01939	0.01487	0.02004	0.02004	0.01228	0.71107	0.03038	0.04072	0.01551	0.01551	0.01099	0.00776	0.00646	0.00194	0.00711	0.00582	0.00646	0.01099
55	0.01296	0.03342	0.73944	0.01842	0.02797	0.01501	0.02387	0.02046	0.01364	0.02046	0.01160	0.01364	0.00818	0.00614	0.00614	0.00205	0.00955	0.00477	0.00273	0.00955
56	0.00774	0.00658	0.00669	0.00674	0.00890	0.00553	0.00511	0.00942	0.01473	0.01752	0.06431	0.06257	0.70467	0.01642	0.00768	0.00221	0.00337	0.03833	0.00600	0.00547
57	0.00914	0.00660	0.00864	0.00813	0.00965	0.00610	0.00610	0.01219	0.01829	0.02591	0.72921	0.04827	0.06097	0.01321	0.00762	0.00203	0.00305	0.01169	0.00711	0.00610
58	0.00900	0.00660	0.00844	0.00798	0.00956	0.00604	0.00598	0.01192	0.01795	0.02511	0.66610	0.04959	0.12458	0.01351	0.00762	0.00205	0.00307	0.01187	0.00701	0.00604
59	0.01340	0.01148	0.01340	0.00957	0.01531	0.00861	0.00766	0.01627	0.01340	0.02105	0.01148	0.01340	0.00957	0.00479	0.00479	0.00096	0.00479	0.00383	0.00383	0.81242
60	0.00770	0.00655	0.00663	0.00661	0.00877	0.00548	0.00496	0.00939	0.01488	0.01781	0.09313	0.06160	0.70210	0.01623	0.00764	0.00218	0.00326	0.01356	0.00605	0.00548
61	0.00840	0.00642	0.00770	0.00771	0.00928	0.00573	0.00566	0.01062	0.01604	0.02134	0.37797	0.17288	0.29585	0.01550	0.00773	0.00218	0.00324	0.01349	0.00653	0.00573
62	0.07781	0.20189	0.02369	0.01578	0.05695	0.06297	0.08903	0.28356	0.02036	0.02737	0.03980	0.04579	0.01285	0.00737	0.00592	0.00185	0.00735	0.00590	0.00467	0.00912

[dist]
# distance from previous block
# <min> <max>
0	2

[block]
# block no. 3 follows, 34 sequences, length 39
# corresponding to MSA columns:
# 149-187
name=unknown_D
#
# <colnr> <probs for GDERKNQSTAVLIFYWHMCP>
#	G	D	E	R	K	N	Q	S	T	A	V	L	I	F	Y	W	H	M	C	P
0	0.01972	0.24690	0.07469	0.01422	0.01914	0.17824	0.02953	0.13069	0.15682	0.04853	0.01452	0.01498	0.01128	0.00689	0.00566	0.00178	0.00786	0.00504	0.00441	0.00911
1	0.48067	0.01577	0.01451	0.05619	0.13237	0.12469	0.01072	0.04051	0.01357	0.04431	0.01042	0.01238	0.00817	0.00619	0.00494	0.00194	0.00671	0.00424	0.00389	0.00783
2	0.01588	0.01735	0.10151	0.14849	0.43070	0.05302	0.04401	0.02000	0.01448	0.04721	0.01228	0.01592	0.00980	0.00623	0.00694	0.00200	0.03585	0.00566	0.00327	0.00939
3	0.01518	0.01246	0.01316	0.01195	0.01520	0.01423	0.00926	0.03064	0.59102	0.02658	0.06165	0.02534	0.02142	0.00883	0.00636	0.00209	0.00473	0.00736	0.11308	0.00946
4	0.00878	0.00651	0.00857	0.00923	0.01005	0.00639	0.00657	0.01102	0.03386	0.01964	0.24119	0.48568	0.04613	0.01743	0.00850	0.00245	0.03114	0.03490	0.00623	0.00573
5	0.48880	0.01187	0.01179	0.00975	0.01417	0.01241	0.00804	0.02421	0.01413	0.32473	0.01589	0.01530	0.01076	0.00683	0.00504	0.00200	0.00521	0.00475	0.00567	0.00867
6	0.00899	0.00657	0.00845	0.00805	0.00958	0.00602	0.00601	0.01188	0.01784	0.02499	0.65868	0.07342	0.10800	0.01367	0.00764	0.00206	0.00309	0.01205	0.00700	0.00602
7	0.00785	0.00655	0.00688	0.00708	0.00910	0.00558	0.00537	0.00955	0.01459	0.01753	0.06131	0.10843	0.63641	0.01672	0.00777	0.00227	0.00349	0.06204	0.00600	0.00548
8	0.01727	0.77681	0.03386	0.01106	0.01658	0.02557	0.01106	0.01935	0.01313	0.01520	0.00898	0.01036	0.00829	0.00553	0.00415	0.00138	0.00691	0.00345	0.00276	0.00829
9	0.00784	0.00627	0.00703	0.00756	0.00910	0.00546	0.00546	0.00938	0.01405	0.01743	0.07398	0.29720	0.46234	0.01760	0.00788	0.00235	0.00350	0.03412	0.00603	0.00542
10	0.01727	0.77681	0.03386	0.01106	0.01658	0.02557	0.01106	0.01935	0.01313	0.01520	0.00898	0.01036	0.00829	0.00553	0.00415	0.00138	0.00691	0.00345	0.00276	0.00829
11	0.01255	0.00651	0.00656	0.00638	0.00803	0.00658	0.00483	0.04292	0.01422	0.02475	0.02086	0.02375	0.01634	0.00754	0.00459	0.00152	0.00318	0.00601	0.77667	0.00622
12	0.05397	0.00721	0.00903	0.03879	0.01171	0.00725	0.00698	0.06014	0.01416	0.01980	0.09765	0.57530	0.03889	0.01736	0.00776	0.00247	0.00418	0.01552	0.00590	0.00591
13	0.01683	0.57037	0.16438	0.01256	0.01872	0.02251	0.01336	0.02077	0.04972	0.04322	0.01096	0.01211	0.00914	0.00590	0.00473	0.00157	0.00726	0.00401	0.00314	0.00873
14	0.00973	0.00746	0.01033	0.01024	0.01113	0.00861	0.00766	0.01209	0.03885	0.01527	0.01961	0.11089	0.01998	0.16351	0.46217	0.00795	0.06639	0.00855	0.00390	0.00567
15	0.02015	0.20708	0.12623	0.03423	0.06191	0.41102	0.01433	0.02294	0.01607	0.01666	0.01014	0.01201	0.00841	0.00626	0.00552	0.00168	0.00992	0.00421	0.00309	0.00813
16	0.68999	0.01225	0.01039	0.00899	0.01315	0.01368	0.00740	0.02103	0.01222	0.14430	0.01168	0.01237	0.00846	0.00632	0.00441	0.00200	0.00508	0.00399	0.00465	0.00765
17	0.00940	0.00626	0.00705	0.00705	0.00705	0.00626	0.00392	0.00940	0.00940	0.01253	0.02036	0.04228	0.02349	0.77292	0.03289	0.00626	0.00626	0.00940	0.00392	0.00392
18	0.25119	0.24193	0.04840	0.01187	0.01665	0.05779	0.01054	0.14059	0.12147	0.02559	0.01285	0.01354	0.01008	0.00661	0.00503	0.00182	0.00648	0.00454	0.00436	0.00867
19	0.05559	0.18015	0.41343	0.01868	0.11527	0.01696	0.01884	0.01976	0.01345	0.01983	0.01093	0.01311	0.00849	0.00600	0.00591	0.00185	0.02460	0.00454	0.00292	0.04968
20	0.01081	0.00787	0.00944	0.00907	0.01096	0.00767	0.00675	0.05231	0.08729	0.04719	0.32738	0.21463	0.15476	0.01444	0.00756	0.00220	0.00376	0.01263	0.00661	0.00664
21	0.01727	0.77681	0.03386	0.01106	0.01658	0.02557	0.01106	0.01935	0.01313	0.01520	0.00898	0.01036	0.00829	0.00553	0.00415	0.00138	0.00691	0.00345	0.00276	0.00829
22	0.01479	0.01486	0.02762	0.15437	0.37878	0.01500	0.21786	0.01913	0.01475	0.02047	0.04908	0.01827	0.01244	0.00617	0.00682	0.00204	0.00852	0.00660	0.00336	0.00907
23	0.03627	0.01919	0.25812	0.04817	0.27536	0.01335	0.01744	0.01757	0.01352	0.01962	0.01811	0.05106	0.07727	0.05090	0.02723	0.00251	0.03544	0.00682	0.00345	0.00860
24	0.01001	0.00707	0.00998	0.00981	0.01082	0.00802	0.00737	0.01188	0.01050	0.03369	0.01799	0.02817	0.01735	0.18309	0.54711	0.00888	0.03463	0.00732	0.03072	0.00560
25	0.00787	0.00562	0.00750	0.00900	0.00937	0.00525	0.00600	0.00900	0.01237	0.01649	0.03561	0.76871	0.04274	0.02024	0.00825	0.00262	0.00375	0.01837	0.00600	0.00525
26	0.06899	0.03197	0.68868	0.01773	0.02689	0.01497	0.02270	0.02036	0.01346	0.02106	0.01141	0.01342	0.00810	0.00613	0.00599	0.00204	0.00923	0.00469	0.00282	0.00937
27	0.01463	0.01811	0.15363	0.17092	0.38585	0.01523	0.10907	0.01942	0.01425	0.02006	0.01205	0.01599	0.00950	0.00592	0.00652	0.00202	0.00860	0.00582	0.00306	0.00933
28	0.00787	0.00562	0.00750	0.00900	0.00937	0.00525	0.00600	0.00900	0.01237	0.01649	0.03561	0.76871	0.04274	0.02024	0.00825	0.00262	0.00375	0.01837	0.00600	0.00525
29	0.08259	0.01148	0.01486	0.01147	0.01641	0.01040	0.00948	0.06700	0.01862	0.65155	0.02383	0.02086	0.01511	0.00785	0.00633	0.00200	0.00555	0.00626	0.00764	0.01072
30	0.01728	0.03468	0.06029	0.08306	0.28679	0.04263	0.05359	0.12004	0.03282	0.08575	0.01689	0.06109	0.03199	0.00906	0.03344	0.00231	0.00784	0.00677	0.00436	0.00932
31	0.01429	0.01094	0.08231	0.01254	0.05064	0.00881	0.00977	0.07262	0.01534	0.15797	0.02843	0.43030	0.02979	0.01467	0.00748	0.00237	0.00519	0.03305	0.00596	0.00752
32	0.00769	0.00655	0.00662	0.00660	0.00876	0.00548	0.00495	0.00937	0.01485	0.01774	0.08765	0.06172	0.70762	0.01626	0.00764	0.00218	0.00327	0.01357	0.00604	0.00548
33	0.05226	0.01512	0.01489	0.01232	0.01617	0.11001	0.00982	0.25001	0.07617	0.15493	0.13771	0.02363	0.03723	0.00876	0.00641	0.00193	0.00619	0.00691	0.05042	0.00910
34	0.03727	0.01810	0.12680	0.08087	0.37079	0.03994	0.06843	0.04812	0.08229	0.04440	0.01383	0.01650	0.01075	0.00631	0.00639	0.00200	0.00798	0.00581	0.00373	0.00968
35	0.01865	0.01516	0.01606	0.01367	0.01779	0.01728	0.01085	0.24016	0.51091	0.03119	0.02302	0.02149	0.01707	0.00846	0.00654	0.00211	0.00572	0.00685	0.00654	0.01046
36	0.01204	0.00602	0.00602	0.00602	0.00753	0.00602	0.00452	0.01506	0.01355	0.02409	0.02108	0.02409	0.01656	0.00753	0.00452	0.00151	0.00301	0.00602	0.80879	0.00602
37	0.01579	0.05279	0.05579	0.04098	0.26251	0.10876	0.01362	0.04059	0.03184	0.05771	0.12625	0.02526	0.08416	0.02761	0.00756	0.00206	0.02669	0.00717	0.00444	0.00842
38	0.00940	0.00626	0.00705	0.00705	0.00705	0.00626	0.00392	0.00940	0.00940	0.01253	0.02036	0.04228	0.02349	0.77292	0.03289	0.00626	0.00626	0.00940	0.00392	0.00392

[dist]
# distance from previous block
# <min> <max>
0	4

# created by:
# /home/berkeley/.conda/envs/busco_data_prod/bin/msa2prfl.pl pipeline/OGs_align_augustus/4893/17946.fs
