[name]
unknown

[dist]
# distance from previous block
# <min> <max>
0	13

[block]
# block no. 0 follows, 33 sequences, length 17
# corresponding to MSA columns:
# 13-29
name=unknown_A
#
# <colnr> <probs for GDERKNQSTAVLIFYWHMCP>
#	G	D	E	R	K	N	Q	S	T	A	V	L	I	F	Y	W	H	M	C	P
0	0.01061	0.00758	0.01061	0.01212	0.01364	0.00758	0.01061	0.01364	0.01515	0.01970	0.03486	0.07426	0.03789	0.01819	0.00909	0.00303	0.00606	0.68326	0.00606	0.00606
1	0.01960	0.18557	0.24470	0.01634	0.02217	0.36783	0.01603	0.02323	0.01608	0.01746	0.01047	0.01223	0.00843	0.00638	0.00568	0.00176	0.01021	0.00429	0.00308	0.00845
2	0.00949	0.00637	0.00727	0.00732	0.00741	0.00633	0.00418	0.00967	0.01010	0.01353	0.05077	0.07823	0.02647	0.70102	0.03122	0.00602	0.00612	0.01011	0.00423	0.00415
3	0.00940	0.00705	0.01058	0.01058	0.01176	0.00823	0.00823	0.01176	0.01058	0.01528	0.01763	0.02586	0.01646	0.04937	0.74255	0.01058	0.01763	0.00705	0.00353	0.00588
4	0.01243	0.01170	0.01975	0.75282	0.04534	0.01463	0.01828	0.01682	0.01316	0.01682	0.01170	0.01755	0.00878	0.00658	0.00658	0.00219	0.00878	0.00585	0.00293	0.00731
5	0.01760	0.77260	0.03450	0.01126	0.01690	0.02605	0.01126	0.01971	0.01338	0.01549	0.00915	0.01056	0.00845	0.00563	0.00422	0.00141	0.00704	0.00352	0.00282	0.00845
6	0.02869	0.01256	0.01612	0.01236	0.01748	0.01169	0.01021	0.15858	0.02112	0.60242	0.02406	0.02117	0.01534	0.00810	0.00661	0.00203	0.00591	0.00649	0.00785	0.01120
7	0.01800	0.01495	0.01580	0.01373	0.01774	0.01713	0.01081	0.16062	0.58740	0.03015	0.02474	0.02292	0.01843	0.00874	0.00668	0.00218	0.00559	0.00716	0.00668	0.01057
8	0.01127	0.00583	0.00874	0.00874	0.00883	0.00592	0.00592	0.00883	0.00874	0.01175	0.01194	0.02049	0.01184	0.02502	0.08382	0.74380	0.00668	0.00583	0.00291	0.00310
9	0.00922	0.00673	0.00867	0.00818	0.00978	0.00617	0.00614	0.01224	0.01841	0.02587	0.68374	0.05005	0.10281	0.01366	0.00777	0.00208	0.00312	0.01203	0.00718	0.00617
10	0.00802	0.00573	0.00764	0.00917	0.00955	0.00535	0.00611	0.00917	0.01260	0.01681	0.03628	0.76434	0.04354	0.02062	0.00840	0.00267	0.00382	0.01872	0.00611	0.00535
11	0.01320	0.03405	0.73453	0.01876	0.02849	0.01529	0.02432	0.02085	0.01390	0.02085	0.01181	0.01390	0.00834	0.00625	0.00625	0.00208	0.00973	0.00486	0.00278	0.00973
12	0.01127	0.09649	0.01344	0.01043	0.01202	0.01091	0.00815	0.04311	0.01159	0.01598	0.01686	0.02667	0.01650	0.18553	0.45478	0.00800	0.04148	0.00705	0.00365	0.00608
13	0.00859	0.00655	0.00791	0.00804	0.00960	0.00588	0.00594	0.01083	0.01611	0.02134	0.33964	0.18924	0.28804	0.01610	0.00794	0.00227	0.00343	0.04013	0.00659	0.00582
14	0.01320	0.03405	0.73453	0.01876	0.02849	0.01529	0.02432	0.02085	0.01390	0.02085	0.01181	0.01390	0.00834	0.00625	0.00625	0.00208	0.00973	0.00486	0.00278	0.00973
15	0.06446	0.04171	0.11383	0.02675	0.27842	0.04739	0.17913	0.02245	0.01545	0.12611	0.01415	0.01655	0.01059	0.00622	0.00656	0.00202	0.00850	0.00603	0.00398	0.00971
16	0.01403	0.02662	0.44688	0.02016	0.02814	0.01545	0.20063	0.02217	0.09186	0.02184	0.03893	0.01733	0.01196	0.00662	0.00675	0.00214	0.00936	0.00616	0.00351	0.00946

[dist]
# distance from previous block
# <min> <max>
1	2

[block]
# block no. 1 follows, 33 sequences, length 125
# corresponding to MSA columns:
# 32-156
name=unknown_B
#
# <colnr> <probs for GDERKNQSTAVLIFYWHMCP>
#	G	D	E	R	K	N	Q	S	T	A	V	L	I	F	Y	W	H	M	C	P
0	0.02103	0.01504	0.04096	0.08670	0.32774	0.03492	0.01569	0.07873	0.03835	0.24851	0.01727	0.01836	0.01239	0.00694	0.00654	0.00201	0.00724	0.00608	0.00514	0.01038
1	0.01702	0.05743	0.06750	0.06951	0.46033	0.07895	0.05591	0.04956	0.04153	0.02148	0.01268	0.01590	0.01031	0.00617	0.00641	0.00195	0.00835	0.00571	0.00347	0.00983
2	0.46826	0.05620	0.13160	0.01377	0.07409	0.01601	0.01182	0.10161	0.01457	0.02812	0.02495	0.01304	0.00925	0.00645	0.00501	0.00200	0.00639	0.00441	0.00410	0.00836
3	0.01382	0.01327	0.02282	0.48572	0.22245	0.01511	0.06937	0.01867	0.03894	0.01875	0.01254	0.01749	0.00970	0.00640	0.00666	0.00213	0.00857	0.00605	0.00318	0.00836
4	0.00878	0.00680	0.00805	0.00807	0.00977	0.00617	0.00600	0.01149	0.03625	0.02147	0.32565	0.15965	0.31307	0.01578	0.00788	0.00226	0.00346	0.03686	0.00659	0.00595
5	0.02635	0.01621	0.04118	0.01397	0.01931	0.01620	0.01182	0.42926	0.02583	0.30149	0.01951	0.01824	0.01303	0.00794	0.00659	0.00200	0.00670	0.00615	0.00705	0.01115
6	0.81514	0.01273	0.00968	0.00866	0.01273	0.01477	0.00713	0.01935	0.01120	0.02954	0.00917	0.01069	0.00713	0.00611	0.00407	0.00204	0.00509	0.00356	0.00407	0.00713
7	0.02503	0.01844	0.01976	0.01515	0.02042	0.02042	0.01251	0.70562	0.03095	0.04149	0.01581	0.01581	0.01120	0.00790	0.00659	0.00198	0.00724	0.00593	0.00659	0.01120
8	0.00870	0.00622	0.00842	0.00994	0.01063	0.00593	0.00729	0.01034	0.01328	0.01757	0.03591	0.58272	0.04205	0.01998	0.00858	0.00277	0.00441	0.19362	0.00610	0.00554
9	0.01510	0.01693	0.03585	0.02602	0.03183	0.01642	0.61407	0.02010	0.01495	0.02045	0.01398	0.05176	0.01142	0.00674	0.00895	0.00230	0.07302	0.00810	0.00342	0.00858
10	0.03992	0.01539	0.01639	0.01377	0.01809	0.01734	0.01099	0.25704	0.43589	0.06747	0.02266	0.02120	0.01663	0.00848	0.00659	0.00213	0.00590	0.00680	0.00667	0.01063
11	0.00867	0.00683	0.00801	0.00922	0.00999	0.03181	0.00636	0.00997	0.01322	0.01701	0.03927	0.62192	0.13107	0.01953	0.00826	0.00259	0.00412	0.04065	0.00601	0.00548
12	0.00932	0.00673	0.00880	0.00828	0.00984	0.00621	0.00621	0.01242	0.01863	0.02640	0.72410	0.04918	0.06212	0.01346	0.00776	0.00207	0.00311	0.01191	0.00725	0.00621
13	0.00830	0.00590	0.00775	0.00891	0.00940	0.00553	0.00596	0.00960	0.01313	0.01769	0.12086	0.62039	0.04437	0.07656	0.01023	0.00288	0.00393	0.01717	0.00609	0.00535
14	0.01680	0.01736	0.02694	0.12174	0.34828	0.09562	0.17546	0.04111	0.05220	0.02112	0.01312	0.01672	0.01043	0.00620	0.00676	0.00203	0.00899	0.00621	0.00352	0.00940
15	0.02470	0.01775	0.01911	0.01470	0.01983	0.01954	0.01213	0.65845	0.02993	0.06320	0.01634	0.01634	0.01157	0.00790	0.00651	0.00196	0.00704	0.00596	0.03601	0.01101
16	0.01245	0.00683	0.00731	0.00707	0.00847	0.00731	0.00542	0.01538	0.01349	0.02382	0.02040	0.02370	0.01619	0.00799	0.00602	0.00165	0.06600	0.00610	0.73818	0.00622
17	0.01698	0.01618	0.02673	0.03571	0.56285	0.04081	0.09427	0.02174	0.05323	0.04702	0.01368	0.01697	0.01104	0.00611	0.00665	0.00199	0.00810	0.00613	0.00363	0.01019
18	0.01409	0.01358	0.02352	0.32839	0.34079	0.01462	0.07490	0.01822	0.01439	0.01952	0.03339	0.01986	0.04236	0.00681	0.00674	0.00209	0.00816	0.00653	0.00336	0.00870
19	0.00944	0.00690	0.00978	0.00978	0.01068	0.00779	0.00723	0.01124	0.01034	0.01469	0.01836	0.02991	0.01822	0.21851	0.57582	0.00959	0.01499	0.00765	0.00364	0.00543
20	0.01662	0.01639	0.02601	0.06528	0.66236	0.05682	0.01971	0.02042	0.01513	0.02103	0.01223	0.01609	0.01026	0.00594	0.00649	0.00195	0.00809	0.00577	0.00325	0.01015
21	0.00821	0.00600	0.00772	0.00875	0.00952	0.00551	0.00601	0.00973	0.01386	0.01849	0.15274	0.57020	0.12097	0.01901	0.00823	0.00253	0.00365	0.01707	0.00630	0.00551
22	0.01646	0.01627	0.02758	0.03862	0.64573	0.03594	0.08130	0.02045	0.01514	0.02132	0.01241	0.01630	0.01033	0.00586	0.00661	0.00197	0.00823	0.00599	0.00327	0.01021
23	0.02032	0.01630	0.01678	0.01397	0.01826	0.04365	0.01116	0.33162	0.35414	0.03319	0.02107	0.02022	0.01558	0.00834	0.00652	0.00207	0.00625	0.00659	0.04350	0.01047
24	0.02341	0.15679	0.02134	0.01600	0.01977	0.62104	0.01247	0.02518	0.01776	0.01601	0.01000	0.01165	0.00847	0.00659	0.00565	0.00165	0.01105	0.00412	0.00329	0.00777
25	0.01329	0.01129	0.01325	0.00963	0.01512	0.00856	0.00767	0.01623	0.01407	0.02187	0.07120	0.01662	0.01412	0.00559	0.00512	0.00107	0.00473	0.00457	0.00418	0.74185
26	0.01556	0.01490	0.02540	0.17528	0.59841	0.01545	0.01984	0.01956	0.01464	0.02062	0.01225	0.01653	0.01012	0.00600	0.00653	0.00200	0.00800	0.00586	0.00320	0.00984
27	0.01440	0.01440	0.02016	0.01728	0.01728	0.02016	0.01440	0.01584	0.01008	0.01584	0.00864	0.01440	0.00864	0.01152	0.02160	0.00288	0.75659	0.00576	0.00288	0.00720
28	0.00814	0.00660	0.00722	0.00724	0.00916	0.00568	0.00536	0.01008	0.01560	0.01960	0.20903	0.12029	0.52039	0.01630	0.00783	0.00223	0.00333	0.01387	0.00636	0.00568
29	0.00940	0.00705	0.01058	0.01058	0.01176	0.00823	0.00823	0.01176	0.01058	0.01528	0.01763	0.02586	0.01646	0.04937	0.74255	0.01058	0.01763	0.00705	0.00353	0.00588
30	0.02954	0.01120	0.01528	0.01171	0.01681	0.00968	0.00968	0.03208	0.01884	0.73213	0.02597	0.02241	0.01630	0.00815	0.00662	0.00204	0.00560	0.00662	0.00815	0.01120
31	0.01162	0.00730	0.00909	0.00855	0.01069	0.00651	0.00656	0.01410	0.01704	0.11946	0.35827	0.09884	0.24367	0.01438	0.00772	0.00220	0.00371	0.04674	0.00691	0.00664
32	0.00891	0.00649	0.00841	0.00857	0.00986	0.00599	0.00629	0.01139	0.01660	0.02290	0.46135	0.24403	0.10364	0.01583	0.00800	0.00229	0.00344	0.04327	0.00681	0.00593
33	0.02116	0.27400	0.08172	0.01379	0.01895	0.02014	0.01278	0.23464	0.01942	0.14089	0.01412	0.01480	0.01059	0.00742	0.00736	0.00190	0.08661	0.00512	0.00486	0.00972
34	0.02503	0.01844	0.01976	0.01515	0.02042	0.02042	0.01251	0.70562	0.03095	0.04149	0.01581	0.01581	0.01120	0.00790	0.00659	0.00198	0.00724	0.00593	0.00659	0.01120
35	0.01358	0.00727	0.00801	0.00761	0.00950	0.00744	0.00577	0.01767	0.07040	0.07882	0.02187	0.02528	0.01735	0.04364	0.07365	0.00266	0.00491	0.00651	0.57130	0.00676
36	0.01115	0.00572	0.00850	0.00863	0.00866	0.00569	0.00575	0.00863	0.00892	0.01189	0.01354	0.08311	0.01416	0.02268	0.02426	0.74016	0.00556	0.00682	0.00313	0.00307
37	0.05614	0.01435	0.02426	0.11344	0.47924	0.01482	0.07315	0.01880	0.01430	0.02082	0.01414	0.07946	0.01279	0.00733	0.00707	0.00209	0.02805	0.00698	0.00350	0.00927
38	0.00956	0.00722	0.01058	0.01045	0.01157	0.00835	0.00807	0.01183	0.01112	0.01602	0.07056	0.02806	0.02000	0.07857	0.63326	0.00952	0.03811	0.00749	0.00381	0.00586
39	0.01521	0.01454	0.02477	0.23963	0.53679	0.01536	0.01967	0.01926	0.01448	0.02020	0.01219	0.01665	0.00997	0.00607	0.00654	0.00202	0.00809	0.00586	0.00317	0.00956
40	0.01568	0.01712	0.18872	0.01260	0.01897	0.01097	0.01246	0.05457	0.01529	0.10123	0.01519	0.01915	0.01223	0.00669	0.00579	0.00156	0.00634	0.05334	0.00439	0.42771
41	0.00967	0.00719	0.00998	0.00988	0.01063	0.00820	0.00724	0.01125	0.01032	0.01461	0.01861	0.05078	0.01901	0.25766	0.47818	0.00874	0.05093	0.00805	0.00370	0.00538
42	0.00800	0.00582	0.00754	0.00892	0.00948	0.00537	0.00600	0.00919	0.01284	0.01690	0.03924	0.69610	0.10987	0.02024	0.00834	0.00263	0.00377	0.01825	0.00611	0.00537
43	0.01480	0.30198	0.48058	0.01604	0.02429	0.01919	0.01959	0.02044	0.01371	0.01890	0.01085	0.01269	0.00838	0.00603	0.00552	0.00184	0.00875	0.00438	0.00279	0.00926
44	0.01488	0.01378	0.02128	0.16909	0.38733	0.01476	0.01657	0.02177	0.16231	0.02152	0.01824	0.05723	0.03691	0.00774	0.00670	0.00210	0.00711	0.00710	0.00416	0.00942
45	0.00826	0.00664	0.00737	0.00729	0.00921	0.00575	0.00543	0.01034	0.01600	0.02037	0.26628	0.09409	0.48805	0.01589	0.00781	0.00220	0.00329	0.01353	0.00646	0.00575
46	0.00961	0.00714	0.00929	0.01043	0.01199	0.00682	0.00870	0.01209	0.01483	0.01890	0.04299	0.14861	0.21052	0.01808	0.00869	0.00279	0.00513	0.44145	0.00608	0.00586
47	0.01767	0.01690	0.05611	0.07342	0.40187	0.05178	0.12715	0.03820	0.01570	0.09034	0.01363	0.01679	0.01060	0.00639	0.00722	0.00204	0.03446	0.00612	0.00378	0.00981
48	0.01588	0.01548	0.02513	0.17196	0.57528	0.04166	0.01958	0.01979	0.01478	0.02044	0.01218	0.01637	0.01005	0.00603	0.00651	0.00199	0.00814	0.00580	0.00320	0.00975
49	0.02548	0.01771	0.01930	0.01480	0.02005	0.01933	0.01223	0.63733	0.02972	0.11151	0.01684	0.01647	0.01171	0.00793	0.00659	0.00198	0.00708	0.00600	0.00674	0.01120
50	0.55255	0.03807	0.03317	0.11749	0.09481	0.01533	0.01085	0.01907	0.01201	0.02591	0.00993	0.01242	0.00782	0.00625	0.00511	0.00205	0.02160	0.00421	0.00372	0.00762
51	0.00783	0.00649	0.00686	0.00715	0.00902	0.00552	0.00521	0.00939	0.01454	0.01760	0.06085	0.19803	0.59400	0.01743	0.00790	0.00231	0.00343	0.01482	0.00611	0.00552
52	0.00827	0.00594	0.00804	0.00944	0.00995	0.00571	0.00652	0.00962	0.01256	0.01682	0.03461	0.66557	0.04093	0.02296	0.07134	0.00337	0.00512	0.05190	0.00589	0.00543
53	0.01682	0.23711	0.15673	0.04309	0.26056	0.05021	0.04086	0.02158	0.05064	0.04522	0.01250	0.01475	0.01004	0.00616	0.00584	0.00184	0.00805	0.00511	0.00340	0.00950
54	0.05877	0.49236	0.13566	0.01280	0.01867	0.06924	0.01300	0.02183	0.06340	0.04427	0.01148	0.01258	0.00948	0.00615	0.00490	0.00164	0.00748	0.00416	0.00338	0.00876
55	0.00812	0.00668	0.00715	0.00703	0.00910	0.00570	0.00527	0.01011	0.01582	0.01971	0.21389	0.06018	0.57650	0.01595	0.00778	0.00219	0.00328	0.01345	0.00637	0.00570
56	0.01365	0.01170	0.01365	0.00975	0.01560	0.00878	0.00780	0.01658	0.01365	0.02145	0.01170	0.01365	0.00975	0.00488	0.00488	0.00098	0.00488	0.00390	0.00390	0.80888
57	0.01580	0.01688	0.06104	0.09336	0.47254	0.07441	0.06006	0.01972	0.01521	0.02069	0.04865	0.04463	0.01378	0.00691	0.00667	0.00201	0.00815	0.00656	0.00352	0.00941
58	0.01610	0.01544	0.02637	0.07673	0.69278	0.01559	0.02011	0.02003	0.01490	0.02127	0.01235	0.01636	0.01034	0.00590	0.00652	0.00197	0.00787	0.00586	0.00324	0.01027
59	0.01666	0.01633	0.02637	0.03938	0.69661	0.04745	0.01988	0.02047	0.01515	0.02127	0.01229	0.01610	0.01034	0.00591	0.00649	0.00194	0.00800	0.00579	0.00326	0.01031
60	0.81514	0.01273	0.00968	0.00866	0.01273	0.01477	0.00713	0.01935	0.01120	0.02954	0.00917	0.01069	0.00713	0.00611	0.00407	0.00204	0.00509	0.00356	0.00407	0.00713
61	0.01611	0.01879	0.15014	0.07073	0.47461	0.01561	0.07486	0.04268	0.01536	0.03963	0.01278	0.01620	0.01012	0.00607	0.00658	0.00201	0.00839	0.00586	0.00339	0.01007
62	0.01361	0.01172	0.01413	0.01131	0.05203	0.00902	0.00839	0.01653	0.01369	0.02131	0.01251	0.03742	0.01085	0.00542	0.00507	0.00108	0.00499	0.00447	0.00394	0.74252
63	0.01472	0.00825	0.01152	0.04290	0.01421	0.00766	0.02559	0.01714	0.01600	0.21068	0.16260	0.24066	0.08678	0.01435	0.00775	0.00237	0.00481	0.09799	0.00665	0.00736
64	0.00952	0.00661	0.00832	0.00832	0.00871	0.00700	0.00540	0.01030	0.00991	0.01361	0.01970	0.03733	0.02144	0.52848	0.27025	0.00778	0.01014	0.00873	0.00383	0.00462
65	0.02129	0.02083	0.07033	0.01859	0.08063	0.15325	0.07844	0.34130	0.05890	0.03028	0.04996	0.01728	0.01331	0.00752	0.00661	0.00197	0.00838	0.00608	0.00518	0.00986
66	0.01418	0.03397	0.02256	0.47028	0.28011	0.01541	0.01863	0.03281	0.01418	0.01893	0.01196	0.01689	0.00939	0.00634	0.00650	0.00209	0.00837	0.00579	0.00312	0.00851
67	0.05143	0.06992	0.01167	0.01013	0.01194	0.00986	0.00753	0.07121	0.07812	0.02066	0.05222	0.47263	0.05427	0.01700	0.02744	0.00262	0.00489	0.01396	0.00580	0.00668
68	0.01637	0.01414	0.01489	0.01340	0.01712	0.01637	0.01042	0.03498	0.71568	0.02754	0.02679	0.02456	0.02010	0.00893	0.00670	0.00223	0.00521	0.00744	0.00670	0.01042
69	0.00796	0.00615	0.00728	0.00812	0.00929	0.00546	0.00566	0.00939	0.01378	0.01752	0.07098	0.45414	0.32318	0.01877	0.00813	0.00247	0.00360	0.01652	0.00615	0.00546
70	0.07756	0.00864	0.01178	0.07337	0.09398	0.00896	0.00973	0.01392	0.04841	0.01942	0.02865	0.40352	0.03186	0.01563	0.00772	0.00254	0.00522	0.12710	0.00539	0.00660
71	0.00802	0.00573	0.00764	0.00917	0.00955	0.00535	0.00611	0.00917	0.01260	0.01681	0.03628	0.76434	0.04354	0.02062	0.00840	0.00267	0.00382	0.01872	0.00611	0.00535
72	0.00826	0.00591	0.00789	0.00925	0.00979	0.00554	0.00635	0.00967	0.01324	0.01776	0.09365	0.66859	0.04480	0.01990	0.00839	0.00264	0.00388	0.05284	0.00620	0.00546
73	0.01059	0.00643	0.00723	0.00703	0.00865	0.00610	0.00527	0.01350	0.01582	0.02445	0.29828	0.03873	0.11957	0.01099	0.00621	0.00182	0.00311	0.00930	0.40084	0.00610
74	0.01415	0.01404	0.01968	0.01695	0.01701	0.01957	0.01409	0.01564	0.01011	0.01582	0.00909	0.01498	0.00903	0.01342	0.05768	0.00327	0.71961	0.00583	0.00291	0.00714
75	0.01760	0.77260	0.03450	0.01126	0.01690	0.02605	0.01126	0.01971	0.01338	0.01549	0.00915	0.01056	0.00845	0.00563	0.00422	0.00141	0.00704	0.00352	0.00282	0.00845
76	0.00815	0.00582	0.00779	0.00932	0.00976	0.00546	0.00634	0.00940	0.01274	0.01695	0.03621	0.72885	0.04325	0.02050	0.00844	0.00269	0.00393	0.05290	0.00611	0.00538
77	0.00814	0.00581	0.00778	0.00930	0.00974	0.00545	0.00632	0.00937	0.01272	0.01694	0.03622	0.73266	0.04328	0.02051	0.00843	0.00269	0.00392	0.04923	0.00611	0.00538
78	0.00859	0.00611	0.00745	0.00817	0.00871	0.00577	0.00529	0.00953	0.01224	0.01617	0.07675	0.40112	0.11627	0.26768	0.01661	0.00381	0.00457	0.01472	0.00548	0.00497
79	0.02503	0.01844	0.01976	0.01515	0.02042	0.02042	0.01251	0.70562	0.03095	0.04149	0.01581	0.01581	0.01120	0.00790	0.00659	0.00198	0.00724	0.00593	0.00659	0.01120
80	0.01616	0.01550	0.02647	0.06589	0.70317	0.01561	0.02014	0.02008	0.01492	0.02134	0.01236	0.01634	0.01037	0.00589	0.00652	0.00196	0.00786	0.00587	0.00325	0.01032
81	0.04881	0.01802	0.02483	0.05733	0.08404	0.08325	0.20625	0.27775	0.02155	0.09077	0.01477	0.01652	0.01073	0.00687	0.00677	0.00204	0.00865	0.00626	0.00497	0.00982
82	0.01612	0.01546	0.02640	0.07312	0.69625	0.01560	0.02012	0.02005	0.01491	0.02129	0.01235	0.01635	0.01035	0.00590	0.00652	0.00197	0.00786	0.00586	0.00324	0.01028
83	0.01243	0.01170	0.01975	0.75282	0.04534	0.01463	0.01828	0.01682	0.01316	0.01682	0.01170	0.01755	0.00878	0.00658	0.00658	0.00219	0.00878	0.00585	0.00293	0.00731
84	0.00778	0.00667	0.00667	0.00667	0.00889	0.00556	0.00500	0.00945	0.01501	0.01778	0.06669	0.06336	0.72490	0.01667	0.00778	0.00222	0.00333	0.01389	0.00611	0.00556
85	0.01540	0.01736	0.03661	0.02650	0.03236	0.01707	0.62124	0.02046	0.01489	0.02046	0.01276	0.01736	0.00983	0.00626	0.00942	0.00230	0.10025	0.00753	0.00328	0.00868
86	0.01061	0.00758	0.01061	0.01212	0.01364	0.00758	0.01061	0.01364	0.01515	0.01970	0.03486	0.07426	0.03789	0.01819	0.00909	0.00303	0.00606	0.68326	0.00606	0.00606
87	0.81514	0.01273	0.00968	0.00866	0.01273	0.01477	0.00713	0.01935	0.01120	0.02954	0.00917	0.01069	0.00713	0.00611	0.00407	0.00204	0.00509	0.00356	0.00407	0.00713
88	0.01629	0.01564	0.02672	0.04041	0.72757	0.01564	0.02020	0.02020	0.01499	0.02151	0.01238	0.01629	0.01043	0.00587	0.00652	0.00196	0.00782	0.00587	0.00326	0.01043
89	0.01349	0.01317	0.01838	0.01613	0.01618	0.01805	0.01322	0.01489	0.01044	0.01598	0.01258	0.12131	0.01362	0.01282	0.01972	0.00285	0.64928	0.00761	0.00334	0.00694
90	0.01365	0.01170	0.01365	0.00975	0.01560	0.00878	0.00780	0.01658	0.01365	0.02145	0.01170	0.01365	0.00975	0.00488	0.00488	0.00098	0.00488	0.00390	0.00390	0.80888
91	0.00785	0.00655	0.00685	0.00703	0.00900	0.00555	0.00518	0.00949	0.01480	0.01789	0.08067	0.15220	0.62017	0.01709	0.00786	0.00228	0.00339	0.01445	0.00614	0.00555
92	0.01629	0.01564	0.02672	0.04041	0.72757	0.01564	0.02020	0.02020	0.01499	0.02151	0.01238	0.01629	0.01043	0.00587	0.00652	0.00196	0.00782	0.00587	0.00326	0.01043
93	0.01797	0.13038	0.25047	0.01480	0.02092	0.04325	0.01515	0.09694	0.17200	0.10848	0.01798	0.03675	0.01382	0.00783	0.00625	0.00203	0.00743	0.02294	0.00488	0.00975
94	0.00950	0.00667	0.00865	0.00865	0.00916	0.00718	0.00583	0.01052	0.01001	0.01386	0.01940	0.03562	0.02070	0.45716	0.34056	0.00820	0.01125	0.00848	0.00379	0.00481
95	0.00915	0.00672	0.00857	0.00811	0.00974	0.00614	0.00608	0.01211	0.01825	0.02549	0.65454	0.05068	0.13224	0.01380	0.00777	0.00209	0.00313	0.01212	0.00713	0.00614
96	0.00809	0.00578	0.00770	0.00912	0.00956	0.00539	0.00612	0.00933	0.01291	0.01730	0.07166	0.72756	0.04450	0.02026	0.00837	0.00264	0.00378	0.01836	0.00617	0.00539
97	0.05286	0.01547	0.02609	0.05599	0.65977	0.01560	0.03764	0.02011	0.01479	0.02175	0.01224	0.01611	0.01022	0.00589	0.00644	0.00197	0.00781	0.00581	0.00329	0.01016
98	0.01242	0.01138	0.01601	0.04079	0.01557	0.01512	0.01162	0.01402	0.01026	0.01534	0.01262	0.02115	0.01262	0.11793	0.20900	0.00529	0.44263	0.00659	0.00319	0.00645
99	0.01598	0.01605	0.02954	0.05966	0.53256	0.01586	0.19125	0.02032	0.01507	0.02125	0.01260	0.01670	0.01027	0.00581	0.00683	0.00203	0.00867	0.00634	0.00327	0.00994
100	0.01883	0.01459	0.01538	0.01323	0.01715	0.04224	0.01043	0.14784	0.44459	0.09778	0.08425	0.02450	0.02139	0.00899	0.00674	0.00214	0.00566	0.00737	0.00675	0.01016
101	0.01374	0.01198	0.01896	0.61793	0.04019	0.01410	0.01665	0.04751	0.01420	0.04468	0.01241	0.01726	0.00926	0.00652	0.00641	0.00206	0.00820	0.00568	0.00338	0.08890
102	0.00802	0.00573	0.00764	0.00917	0.00955	0.00535	0.00611	0.00917	0.01260	0.01681	0.03628	0.76434	0.04354	0.02062	0.00840	0.00267	0.00382	0.01872	0.00611	0.00535
103	0.01776	0.01936	0.02166	0.11492	0.13440	0.22225	0.05072	0.04475	0.01470	0.01813	0.01055	0.01461	0.00906	0.00823	0.01165	0.00225	0.26823	0.00547	0.00325	0.00807
104	0.18510	0.01539	0.01655	0.01294	0.01792	0.01646	0.01069	0.39089	0.02380	0.22030	0.01714	0.01651	0.01172	0.00761	0.00609	0.00200	0.00638	0.00563	0.00649	0.01038
105	0.01320	0.03405	0.73453	0.01876	0.02849	0.01529	0.02432	0.02085	0.01390	0.02085	0.01181	0.01390	0.00834	0.00625	0.00625	0.00208	0.00973	0.00486	0.00278	0.00973
106	0.00866	0.00619	0.00833	0.00958	0.01021	0.00601	0.00683	0.01017	0.01279	0.01711	0.05199	0.53411	0.03969	0.06985	0.07139	0.00361	0.00545	0.11681	0.00578	0.00544
107	0.05370	0.00867	0.01102	0.01042	0.03757	0.00836	0.00766	0.01802	0.07445	0.13945	0.49459	0.03979	0.04677	0.01160	0.00727	0.00207	0.00394	0.01006	0.00704	0.00755
108	0.01558	0.01491	0.02543	0.17213	0.60143	0.01545	0.01985	0.01958	0.01465	0.02064	0.01226	0.01653	0.01012	0.00600	0.00653	0.00200	0.00800	0.00586	0.00320	0.00985
109	0.00881	0.00685	0.01043	0.01090	0.01187	0.00643	0.06464	0.01044	0.01301	0.01734	0.03428	0.65975	0.04039	0.01922	0.00839	0.00266	0.00456	0.05848	0.00588	0.00569
110	0.01483	0.01413	0.02444	0.03411	0.55136	0.01397	0.07147	0.01840	0.01463	0.02068	0.01651	0.14329	0.01601	0.00834	0.00694	0.00210	0.00740	0.00819	0.00375	0.00944
111	0.00838	0.00610	0.00789	0.00869	0.00957	0.00562	0.00604	0.01014	0.01458	0.01969	0.23981	0.49368	0.10907	0.01818	0.00816	0.00246	0.00357	0.01630	0.00644	0.00562
112	0.01629	0.01564	0.02672	0.04041	0.72757	0.01564	0.02020	0.02020	0.01499	0.02151	0.01238	0.01629	0.01043	0.00587	0.00652	0.00196	0.00782	0.00587	0.00326	0.01043
113	0.00933	0.00669	0.00924	0.04696	0.01206	0.00679	0.00742	0.01063	0.01262	0.03414	0.03243	0.61348	0.03795	0.01912	0.00960	0.03148	0.04300	0.04574	0.00572	0.00563
114	0.17043	0.01508	0.02343	0.03428	0.58964	0.01547	0.01768	0.02004	0.01426	0.02306	0.01176	0.01521	0.00979	0.00591	0.00605	0.00197	0.00729	0.00542	0.00342	0.00979
115	0.00920	0.00668	0.00867	0.00826	0.00979	0.00615	0.00616	0.01217	0.01824	0.02566	0.66981	0.08101	0.08568	0.01389	0.00779	0.00210	0.00315	0.01228	0.00716	0.00615
116	0.01672	0.01368	0.02058	0.22913	0.28255	0.01487	0.01608	0.02424	0.18757	0.10144	0.01727	0.01937	0.01301	0.00708	0.00659	0.00210	0.00719	0.00633	0.00456	0.00964
117	0.02004	0.42239	0.06800	0.01441	0.04355	0.12343	0.01281	0.18360	0.01837	0.02226	0.01114	0.01238	0.00917	0.00637	0.00522	0.00164	0.00794	0.00435	0.00380	0.00913
118	0.00821	0.00576	0.00771	0.00911	0.00951	0.00539	0.00610	0.00924	0.01261	0.01686	0.05576	0.71038	0.04269	0.02051	0.00914	0.03793	0.00388	0.01794	0.00600	0.00526
119	0.05777	0.01767	0.01968	0.03782	0.11665	0.05181	0.01318	0.49541	0.02605	0.05161	0.01509	0.01594	0.01102	0.00746	0.00637	0.00196	0.00731	0.00576	0.03095	0.01049
120	0.01402	0.09289	0.39529	0.01967	0.02733	0.01591	0.21609	0.02043	0.03070	0.02105	0.07183	0.01789	0.01358	0.00666	0.00664	0.00207	0.00922	0.00622	0.00340	0.00909
121	0.00823	0.00594	0.00782	0.00911	0.00973	0.00553	0.00627	0.00964	0.01332	0.01775	0.09220	0.64135	0.07845	0.01975	0.00835	0.00262	0.00384	0.04845	0.00620	0.00546
122	0.01016	0.00770	0.00910	0.00853	0.01042	0.00738	0.00637	0.04754	0.06015	0.02415	0.43355	0.06877	0.20585	0.06005	0.00924	0.00239	0.00371	0.01184	0.00669	0.00641
123	0.01726	0.23620	0.11128	0.01987	0.15424	0.09126	0.07212	0.10082	0.01646	0.02101	0.01407	0.08982	0.01282	0.00765	0.00607	0.00188	0.00803	0.00638	0.00378	0.00894
124	0.07760	0.25010	0.02463	0.04107	0.13198	0.09384	0.03128	0.13839	0.05170	0.05566	0.01272	0.01429	0.01013	0.00672	0.00616	0.00183	0.03359	0.00498	0.00413	0.00921

[dist]
# distance from previous block
# <min> <max>
0	7

[block]
# block no. 2 follows, 33 sequences, length 19
# corresponding to MSA columns:
# 164-182
name=unknown_C
#
# <colnr> <probs for GDERKNQSTAVLIFYWHMCP>
#	G	D	E	R	K	N	Q	S	T	A	V	L	I	F	Y	W	H	M	C	P
0	0.08291	0.05261	0.09836	0.10699	0.02286	0.09725	0.03745	0.14102	0.11720	0.13299	0.03561	0.01794	0.01319	0.00743	0.00626	0.00202	0.00754	0.00586	0.00513	0.00937
1	0.01952	0.16442	0.20513	0.01522	0.02079	0.25634	0.01472	0.06081	0.04340	0.07317	0.05599	0.01590	0.01287	0.00709	0.00593	0.00183	0.00892	0.00513	0.00402	0.00880
2	0.01760	0.77260	0.03450	0.01126	0.01690	0.02605	0.01126	0.01971	0.01338	0.01549	0.00915	0.01056	0.00845	0.00563	0.00422	0.00141	0.00704	0.00352	0.00282	0.00845
3	0.01145	0.00990	0.07000	0.05502	0.01451	0.00800	0.00901	0.01490	0.04041	0.08422	0.21905	0.13262	0.21355	0.01394	0.00764	0.00228	0.00472	0.07576	0.00614	0.00688
4	0.01637	0.01411	0.01591	0.01519	0.07604	0.01540	0.01095	0.06162	0.52514	0.02680	0.02292	0.02190	0.01740	0.00805	0.00642	0.00202	0.00547	0.00673	0.00600	0.12556
5	0.01365	0.01170	0.01365	0.00975	0.01560	0.00878	0.00780	0.01658	0.01365	0.02145	0.01170	0.01365	0.00975	0.00488	0.00488	0.00098	0.00488	0.00390	0.00390	0.80888
6	0.00932	0.00673	0.00880	0.00828	0.00984	0.00621	0.00621	0.01242	0.01863	0.02640	0.72410	0.04918	0.06212	0.01346	0.00776	0.00207	0.00311	0.01191	0.00725	0.00621
7	0.01242	0.01124	0.01862	0.69082	0.04221	0.01392	0.01715	0.01670	0.01322	0.01746	0.01251	0.01813	0.00945	0.00667	0.00642	0.00214	0.00830	0.00587	0.06953	0.00722
8	0.01144	0.00572	0.00858	0.00858	0.00858	0.00572	0.00572	0.00858	0.00858	0.01144	0.01144	0.02001	0.01144	0.02287	0.02573	0.80846	0.00572	0.00572	0.00286	0.00286
9	0.00798	0.00664	0.00673	0.00673	0.00870	0.00565	0.00489	0.00946	0.01441	0.01723	0.06163	0.06112	0.64764	0.09955	0.01062	0.00268	0.00367	0.01342	0.00588	0.00538
10	0.01243	0.01170	0.01975	0.75282	0.04534	0.01463	0.01828	0.01682	0.01316	0.01682	0.01170	0.01755	0.00878	0.00658	0.00658	0.00219	0.00878	0.00585	0.00293	0.00731
11	0.00789	0.00655	0.00689	0.00706	0.00902	0.00556	0.00520	0.00956	0.01488	0.01808	0.09496	0.15050	0.60718	0.01701	0.00786	0.00227	0.00338	0.01440	0.00617	0.00556
12	0.02459	0.03138	0.01866	0.01696	0.02035	0.74221	0.01272	0.02629	0.01866	0.01611	0.01018	0.01187	0.00848	0.00678	0.00594	0.00170	0.01187	0.00424	0.00339	0.00763
13	0.07985	0.01142	0.01296	0.00962	0.01499	0.00906	0.00764	0.01636	0.01338	0.02184	0.01299	0.05910	0.01159	0.00594	0.00502	0.00117	0.00483	0.00477	0.00405	0.69340
14	0.00828	0.00622	0.00744	0.00806	0.00912	0.00564	0.00555	0.00971	0.01379	0.01789	0.13191	0.37586	0.25547	0.10071	0.01089	0.00286	0.00386	0.01534	0.00602	0.00537
15	0.01297	0.01213	0.02037	0.51911	0.20481	0.01407	0.01769	0.01697	0.01355	0.01794	0.01398	0.08149	0.01216	0.00762	0.00672	0.00218	0.00812	0.00696	0.00328	0.00789
16	0.01370	0.00765	0.00827	0.00766	0.00985	0.00757	0.00588	0.04309	0.06056	0.08423	0.08760	0.03060	0.10183	0.00933	0.00562	0.00176	0.00361	0.00764	0.49658	0.00697
17	0.01610	0.04874	0.04610	0.15646	0.14383	0.03126	0.06585	0.03940	0.06596	0.07829	0.01417	0.01719	0.01111	0.00897	0.04324	0.00239	0.07960	0.00578	0.00398	0.12158
18	0.18490	0.18572	0.07485	0.01361	0.06344	0.05471	0.02778	0.01908	0.01392	0.05605	0.06939	0.04251	0.01465	0.00849	0.02740	0.00205	0.02807	0.00550	0.00404	0.10382

[dist]
# distance from previous block
# <min> <max>
0	4

[block]
# block no. 3 follows, 33 sequences, length 99
# corresponding to MSA columns:
# 187-285
name=unknown_D
#
# <colnr> <probs for GDERKNQSTAVLIFYWHMCP>
#	G	D	E	R	K	N	Q	S	T	A	V	L	I	F	Y	W	H	M	C	P
0	0.01670	0.14358	0.33381	0.01984	0.09611	0.07561	0.07795	0.09540	0.04100	0.02218	0.01241	0.01437	0.00944	0.00637	0.00612	0.00194	0.00898	0.00516	0.00348	0.00954
1	0.04663	0.13764	0.15976	0.01415	0.02020	0.10087	0.03185	0.12867	0.01763	0.12263	0.01374	0.01458	0.01018	0.00647	0.00573	0.00172	0.00762	0.00486	0.00446	0.15061
2	0.01012	0.00773	0.00941	0.00882	0.01073	0.00752	0.00666	0.01518	0.11263	0.02571	0.56514	0.04724	0.12152	0.01316	0.00762	0.00211	0.00341	0.01150	0.00706	0.00672
3	0.00855	0.00638	0.00849	0.01013	0.03569	0.00595	0.00678	0.01012	0.01358	0.01801	0.09251	0.56165	0.11889	0.01894	0.00826	0.00257	0.00399	0.05773	0.00609	0.00567
4	0.02002	0.05753	0.13309	0.01718	0.08689	0.05194	0.08355	0.04142	0.03971	0.26720	0.06186	0.07511	0.01776	0.00842	0.00671	0.00206	0.00719	0.00731	0.00551	0.00956
5	0.01331	0.03331	0.70289	0.01917	0.02876	0.01535	0.05522	0.02086	0.01397	0.02086	0.01188	0.01407	0.00841	0.00622	0.00632	0.00209	0.00979	0.00500	0.00280	0.00969
6	0.00801	0.00576	0.00760	0.00908	0.00952	0.00535	0.00607	0.00918	0.01269	0.01684	0.03738	0.73902	0.06816	0.02048	0.00838	0.00266	0.00380	0.01854	0.00611	0.00535
7	0.03493	0.02098	0.17017	0.18554	0.13585	0.14479	0.08904	0.02100	0.05254	0.01956	0.01431	0.01743	0.03175	0.00782	0.02477	0.00226	0.00940	0.00587	0.00341	0.00858
8	0.01567	0.01501	0.02560	0.15496	0.61787	0.01548	0.01990	0.01966	0.01470	0.02075	0.01227	0.01650	0.01016	0.00598	0.00653	0.00199	0.00797	0.00586	0.00321	0.00993
9	0.01584	0.01516	0.02564	0.03859	0.68894	0.01510	0.01939	0.01963	0.01499	0.02131	0.01530	0.01882	0.04884	0.00645	0.00659	0.00197	0.00758	0.00630	0.00341	0.01017
10	0.00957	0.00638	0.00718	0.00718	0.00718	0.00638	0.00399	0.00957	0.00957	0.01276	0.02074	0.04308	0.02393	0.76864	0.03351	0.00638	0.00638	0.00957	0.00399	0.00399
11	0.01455	0.01257	0.01453	0.01202	0.04410	0.01126	0.00905	0.02209	0.21866	0.02323	0.01613	0.01694	0.01280	0.00610	0.00547	0.00138	0.00509	0.00501	0.00469	0.54430
12	0.01618	0.01858	0.08287	0.04325	0.06007	0.13406	0.14553	0.02426	0.22162	0.02120	0.01838	0.09009	0.01569	0.00879	0.00809	0.00221	0.06830	0.00757	0.00450	0.00876
13	0.01369	0.01392	0.05053	0.49324	0.24485	0.01501	0.03920	0.01810	0.01380	0.01848	0.01195	0.01704	0.00928	0.00633	0.00658	0.00212	0.00860	0.00587	0.00303	0.00837
14	0.01003	0.00689	0.00903	0.00840	0.01008	0.00633	0.00633	0.01312	0.01864	0.05126	0.69951	0.04823	0.06050	0.01327	0.00772	0.00207	0.00319	0.01172	0.00728	0.00639
15	0.03937	0.36826	0.15309	0.01397	0.01979	0.16054	0.01376	0.07552	0.01618	0.06787	0.01149	0.01263	0.00915	0.00633	0.00526	0.00169	0.00832	0.00430	0.00361	0.00889
16	0.01842	0.12104	0.02235	0.04192	0.08762	0.09880	0.01396	0.16794	0.03556	0.02227	0.01138	0.01446	0.00964	0.00864	0.01192	0.00223	0.29390	0.00538	0.00387	0.00869
17	0.01144	0.00572	0.00858	0.00858	0.00858	0.00572	0.00572	0.00858	0.00858	0.01144	0.01144	0.02001	0.01144	0.02287	0.02573	0.80846	0.00572	0.00572	0.00286	0.00286
18	0.02047	0.01868	0.04504	0.09928	0.14462	0.12604	0.03684	0.23483	0.11630	0.06861	0.01581	0.01707	0.01177	0.00726	0.00652	0.00200	0.00804	0.00593	0.00501	0.00988
19	0.04336	0.32226	0.26024	0.01827	0.07405	0.03859	0.11827	0.02048	0.01404	0.01898	0.01089	0.01315	0.00874	0.00588	0.00561	0.00182	0.00863	0.00477	0.00297	0.00900
20	0.00794	0.00640	0.00707	0.00748	0.00914	0.00554	0.00539	0.00954	0.01453	0.01801	0.09653	0.26342	0.49075	0.01762	0.00796	0.00234	0.00346	0.01516	0.00618	0.00554
21	0.01228	0.01089	0.03804	0.01330	0.06414	0.01035	0.05290	0.04938	0.14826	0.02599	0.40944	0.03831	0.07710	0.01125	0.00737	0.00211	0.00476	0.00998	0.00638	0.00777
22	0.01542	0.01264	0.01518	0.01111	0.01680	0.01054	0.03198	0.08122	0.05321	0.04663	0.01340	0.01486	0.01066	0.00550	0.00528	0.00121	0.00534	0.00450	0.00441	0.64010
23	0.75101	0.05415	0.03023	0.00907	0.01337	0.01539	0.00781	0.01941	0.01139	0.02855	0.00924	0.01077	0.00723	0.00609	0.00414	0.00200	0.00532	0.00360	0.00397	0.00727
24	0.02246	0.01625	0.01750	0.01396	0.01862	0.01797	0.01136	0.47200	0.18315	0.07434	0.01921	0.01872	0.01385	0.00813	0.00648	0.00201	0.00642	0.00632	0.06058	0.01068
25	0.00781	0.00657	0.00677	0.00693	0.00896	0.00554	0.00512	0.00942	0.01475	0.01768	0.06349	0.13718	0.65314	0.01709	0.00785	0.00227	0.00339	0.01440	0.00611	0.00554
26	0.00940	0.00705	0.01058	0.01058	0.01176	0.00823	0.00823	0.01176	0.01058	0.01528	0.01763	0.02586	0.01646	0.04937	0.74255	0.01058	0.01763	0.00705	0.00353	0.00588
27	0.01165	0.01231	0.08193	0.06532	0.04127	0.01304	0.01261	0.01442	0.01107	0.01628	0.01390	0.02053	0.01270	0.02998	0.38955	0.00669	0.23031	0.00635	0.00322	0.00687
28	0.01760	0.77260	0.03450	0.01126	0.01690	0.02605	0.01126	0.01971	0.01338	0.01549	0.00915	0.01056	0.00845	0.00563	0.00422	0.00141	0.00704	0.00352	0.00282	0.00845
29	0.01330	0.07463	0.66644	0.01793	0.02710	0.01554	0.02287	0.02045	0.01406	0.02077	0.03974	0.01510	0.01047	0.00650	0.00620	0.00205	0.00932	0.00507	0.00296	0.00952
30	0.00947	0.00680	0.00929	0.00929	0.01001	0.00753	0.00662	0.01093	0.01020	0.01432	0.01882	0.03242	0.01930	0.32309	0.47272	0.00898	0.01335	0.00801	0.00370	0.00516
31	0.00832	0.00669	0.00742	0.00724	0.00922	0.00579	0.00543	0.01049	0.01628	0.02081	0.29738	0.05838	0.49233	0.01554	0.00777	0.00217	0.00325	0.01320	0.00651	0.00579
32	0.01428	0.01177	0.01375	0.00994	0.01569	0.00907	0.00795	0.01774	0.03829	0.04541	0.01270	0.01432	0.01033	0.00513	0.00500	0.00105	0.00491	0.00411	0.00414	0.75440
33	0.07599	0.02593	0.01754	0.01591	0.01869	0.53914	0.01215	0.02321	0.01645	0.01699	0.01118	0.04228	0.01007	0.00940	0.03337	0.00223	0.11355	0.00507	0.00348	0.00739
34	0.00810	0.00579	0.00771	0.00912	0.00957	0.00540	0.00612	0.00935	0.01295	0.01736	0.07600	0.72304	0.04461	0.02021	0.00837	0.00264	0.00378	0.01832	0.00618	0.00540
35	0.00954	0.00652	0.00789	0.00789	0.00814	0.00677	0.00488	0.01003	0.00978	0.01329	0.02009	0.03948	0.02237	0.61811	0.18190	0.00726	0.00874	0.00905	0.00389	0.00438
36	0.78884	0.01252	0.00956	0.00857	0.01257	0.01449	0.00705	0.01922	0.01129	0.02937	0.00957	0.01115	0.00745	0.00616	0.00409	0.00202	0.00503	0.00365	0.03031	0.00710
37	0.00847	0.00670	0.00763	0.00739	0.00932	0.00585	0.00555	0.01079	0.01664	0.02166	0.36229	0.05698	0.42689	0.01523	0.00777	0.00215	0.00323	0.01300	0.00662	0.00585
38	0.01480	0.01456	0.02015	0.01720	0.01740	0.02017	0.01433	0.04186	0.01087	0.01681	0.00891	0.01446	0.00874	0.01139	0.02104	0.00285	0.72832	0.00577	0.00302	0.00735
39	0.01351	0.01155	0.01337	0.00984	0.01532	0.00906	0.00783	0.01736	0.05632	0.02189	0.03802	0.01684	0.03140	0.00573	0.00516	0.00112	0.00479	0.00465	0.00424	0.71199
40	0.15850	0.01515	0.02154	0.10711	0.06706	0.01640	0.15800	0.16509	0.10402	0.07550	0.01523	0.01705	0.01125	0.00707	0.00689	0.00213	0.03182	0.00612	0.00481	0.00925
41	0.01723	0.69825	0.06556	0.01193	0.01744	0.02524	0.01203	0.01956	0.01322	0.01575	0.00925	0.01092	0.00845	0.00598	0.00525	0.00152	0.04746	0.00370	0.00282	0.00844
42	0.01629	0.01564	0.02672	0.04041	0.72757	0.01564	0.02020	0.02020	0.01499	0.02151	0.01238	0.01629	0.01043	0.00587	0.00652	0.00196	0.00782	0.00587	0.00326	0.01043
43	0.00783	0.00667	0.00673	0.00672	0.00892	0.00558	0.00504	0.00953	0.01511	0.01804	0.08588	0.06294	0.70556	0.01658	0.00778	0.00222	0.00333	0.01384	0.00615	0.00558
44	0.01637	0.01414	0.01489	0.01340	0.01712	0.01637	0.01042	0.03498	0.71568	0.02754	0.02679	0.02456	0.02010	0.00893	0.00670	0.00223	0.00521	0.00744	0.00670	0.01042
45	0.02556	0.01758	0.01922	0.01474	0.01999	0.01914	0.01217	0.62541	0.02951	0.12374	0.01702	0.01659	0.01180	0.00793	0.00659	0.00198	0.00705	0.00601	0.00677	0.01120
46	0.01497	0.01462	0.02014	0.01717	0.01745	0.02018	0.01430	0.05292	0.01120	0.01722	0.00903	0.01448	0.00878	0.01133	0.02080	0.00283	0.71631	0.00577	0.00308	0.00742
47	0.01443	0.06740	0.63835	0.01826	0.02723	0.08112	0.02269	0.02129	0.01430	0.02018	0.01155	0.01356	0.00836	0.00627	0.00613	0.00202	0.00980	0.00475	0.00284	0.00948
48	0.00858	0.00662	0.00995	0.01054	0.01139	0.00618	0.05782	0.01005	0.01282	0.01712	0.03458	0.70899	0.04105	0.01951	0.00836	0.00264	0.00436	0.01790	0.00590	0.00561
49	0.00940	0.00705	0.01058	0.01058	0.01176	0.00823	0.00823	0.01176	0.01058	0.01528	0.01763	0.02586	0.01646	0.04937	0.74255	0.01058	0.01763	0.00705	0.00353	0.00588
50	0.01572	0.01506	0.02569	0.14572	0.62672	0.01549	0.01992	0.01970	0.01472	0.02081	0.01228	0.01648	0.01018	0.00597	0.00653	0.00199	0.00796	0.00586	0.00321	0.00997
51	0.01553	0.05686	0.02703	0.19518	0.03068	0.06356	0.27926	0.02217	0.13175	0.02005	0.01433	0.01777	0.01109	0.00700	0.00828	0.00220	0.07841	0.00662	0.00373	0.00851
52	0.81514	0.01273	0.00968	0.00866	0.01273	0.01477	0.00713	0.01935	0.01120	0.02954	0.00917	0.01069	0.00713	0.00611	0.00407	0.00204	0.00509	0.00356	0.00407	0.00713
53	0.01606	0.01540	0.02629	0.08423	0.68560	0.01558	0.02009	0.02000	0.01488	0.02122	0.01234	0.01637	0.01033	0.00591	0.00652	0.00197	0.00788	0.00586	0.00324	0.01024
54	0.00800	0.00668	0.00697	0.00690	0.00903	0.00565	0.00517	0.00987	0.01552	0.01901	0.16030	0.06134	0.63052	0.01622	0.00778	0.00220	0.00330	0.01361	0.00627	0.00565
55	0.00778	0.00667	0.00667	0.00667	0.00889	0.00556	0.00500	0.00945	0.01501	0.01778	0.06669	0.06336	0.72490	0.01667	0.00778	0.00222	0.00333	0.01389	0.00611	0.00556
56	0.00778	0.00667	0.00667	0.00667	0.00889	0.00556	0.00500	0.00945	0.01501	0.01778	0.06669	0.06336	0.72490	0.01667	0.00778	0.00222	0.00333	0.01389	0.00611	0.00556
57	0.01554	0.01776	0.03885	0.02775	0.03441	0.01665	0.70366	0.02109	0.01554	0.02109	0.01332	0.01776	0.00999	0.00555	0.00777	0.00222	0.01110	0.00777	0.00333	0.00888
58	0.01760	0.77260	0.03450	0.01126	0.01690	0.02605	0.01126	0.01971	0.01338	0.01549	0.00915	0.01056	0.00845	0.00563	0.00422	0.00141	0.00704	0.00352	0.00282	0.00845
59	0.01243	0.01170	0.01975	0.75282	0.04534	0.01463	0.01828	0.01682	0.01316	0.01682	0.01170	0.01755	0.00878	0.00658	0.00658	0.00219	0.00878	0.00585	0.00293	0.00731
60	0.02940	0.01143	0.01542	0.01182	0.01692	0.01001	0.00976	0.05275	0.01921	0.71094	0.02566	0.02220	0.01614	0.00814	0.00662	0.00204	0.00565	0.00660	0.00810	0.01120
61	0.02503	0.01844	0.01976	0.01515	0.02042	0.02042	0.01251	0.70562	0.03095	0.04149	0.01581	0.01581	0.01120	0.00790	0.00659	0.00198	0.00724	0.00593	0.00659	0.01120
62	0.01227	0.00614	0.00614	0.00614	0.00767	0.00614	0.00460	0.01534	0.01381	0.02454	0.02148	0.02454	0.01687	0.00767	0.00460	0.00153	0.00307	0.00614	0.80518	0.00614
63	0.00957	0.00638	0.00718	0.00718	0.00718	0.00638	0.00399	0.00957	0.00957	0.01276	0.02074	0.04308	0.02393	0.76864	0.03351	0.00638	0.00638	0.00957	0.00399	0.00399
64	0.01365	0.01170	0.01365	0.00975	0.01560	0.00878	0.00780	0.01658	0.01365	0.02145	0.01170	0.01365	0.00975	0.00488	0.00488	0.00098	0.00488	0.00390	0.00390	0.80888
65	0.02874	0.01124	0.01517	0.01168	0.01666	0.00983	0.00963	0.04853	0.01914	0.69089	0.04916	0.02314	0.01771	0.00832	0.00666	0.00204	0.00556	0.00678	0.00808	0.01104
66	0.01440	0.01441	0.02099	0.01768	0.01828	0.01945	0.06115	0.01670	0.03334	0.01656	0.00981	0.01530	0.00933	0.01214	0.04133	0.00304	0.65966	0.00599	0.00305	0.00738
67	0.00783	0.00667	0.00674	0.00672	0.00892	0.00558	0.00504	0.00955	0.01513	0.01808	0.08894	0.06288	0.70247	0.01656	0.00778	0.00222	0.00333	0.01383	0.00615	0.00558
68	0.00802	0.00573	0.00764	0.00917	0.00955	0.00535	0.00611	0.00917	0.01260	0.01681	0.03628	0.76434	0.04354	0.02062	0.00840	0.00267	0.00382	0.01872	0.00611	0.00535
69	0.02330	0.02780	0.01880	0.01677	0.01979	0.58823	0.01285	0.04865	0.01785	0.04088	0.01068	0.01273	0.00886	0.00755	0.00825	0.00189	0.11912	0.00460	0.00359	0.00781
70	0.01471	0.01167	0.01376	0.00988	0.01568	0.00884	0.00793	0.01761	0.01400	0.06900	0.01266	0.01424	0.01019	0.00509	0.00499	0.00105	0.00492	0.00408	0.00418	0.75552
71	0.39047	0.06551	0.01622	0.01317	0.03985	0.07515	0.04710	0.09179	0.15546	0.02760	0.01377	0.01464	0.01059	0.00684	0.00529	0.00201	0.00642	0.00493	0.00465	0.00853
72	0.04805	0.01434	0.04585	0.04837	0.30925	0.01321	0.03102	0.07309	0.01585	0.08159	0.01592	0.04321	0.03126	0.00797	0.02527	0.00204	0.00705	0.00613	0.00425	0.17628
73	0.02010	0.36519	0.05081	0.01465	0.04173	0.16558	0.01259	0.15709	0.05440	0.02176	0.01177	0.01300	0.00967	0.00668	0.00581	0.00170	0.03006	0.00453	0.00389	0.00900
74	0.01760	0.77260	0.03450	0.01126	0.01690	0.02605	0.01126	0.01971	0.01338	0.01549	0.00915	0.01056	0.00845	0.00563	0.00422	0.00141	0.00704	0.00352	0.00282	0.00845
75	0.00907	0.00703	0.00880	0.00896	0.03427	0.00640	0.00638	0.01172	0.01705	0.02306	0.46325	0.05169	0.27008	0.01558	0.03544	0.00244	0.00389	0.01215	0.00661	0.00614
76	0.00886	0.00671	0.00816	0.00780	0.00955	0.00602	0.00585	0.01153	0.01755	0.02382	0.52707	0.05343	0.26075	0.01442	0.00777	0.00212	0.00317	0.01250	0.00691	0.00602
77	0.00806	0.00676	0.00706	0.00721	0.00936	0.00576	0.00556	0.00986	0.01502	0.01797	0.06353	0.06444	0.65673	0.01682	0.00791	0.00230	0.00361	0.08032	0.00611	0.00561
