[name]
unknown

[dist]
# distance from previous block
# <min> <max>
0	3

[block]
# block no. 0 follows, 32 sequences, length 7
# corresponding to MSA columns:
# 3-9
name=unknown_A
#
# <colnr> <probs for GDERKNQSTAVLIFYWHMCP>
#	G	D	E	R	K	N	Q	S	T	A	V	L	I	F	Y	W	H	M	C	P
0	0.01035	0.00736	0.01009	0.01151	0.01276	0.00730	0.00960	0.01291	0.01460	0.01907	0.03453	0.16929	0.03824	0.08132	0.01125	0.00332	0.00588	0.52869	0.00601	0.00590
1	0.00950	0.00640	0.00740	0.00765	0.00772	0.00633	0.00442	0.00969	0.01027	0.01369	0.02375	0.16163	0.02768	0.64198	0.02994	0.00588	0.00608	0.01129	0.00442	0.00429
2	0.08196	0.01520	0.02344	0.13047	0.47348	0.01608	0.01795	0.06102	0.07280	0.02364	0.01367	0.01698	0.01098	0.00648	0.00647	0.00206	0.00762	0.00592	0.00383	0.00997
3	0.01581	0.01505	0.02295	0.37224	0.31693	0.05173	0.01872	0.06856	0.01576	0.02087	0.01243	0.01695	0.00979	0.00652	0.00665	0.00210	0.00859	0.00589	0.00341	0.00904
4	0.01345	0.01280	0.01338	0.01583	0.12747	0.13441	0.00965	0.01636	0.06940	0.01785	0.02456	0.31096	0.02691	0.16114	0.01271	0.00314	0.00660	0.01166	0.00490	0.00683
5	0.03624	0.01472	0.01930	0.07583	0.25466	0.07420	0.03265	0.08604	0.07992	0.04165	0.01958	0.17626	0.01859	0.00985	0.00696	0.00216	0.00709	0.00876	0.00475	0.03079
6	0.19292	0.08844	0.04861	0.13478	0.26740	0.01696	0.01534	0.06238	0.07044	0.02411	0.01283	0.01552	0.01018	0.00651	0.00588	0.00202	0.00725	0.00532	0.00388	0.00922

[dist]
# distance from previous block
# <min> <max>
1	13

[block]
# block no. 1 follows, 32 sequences, length 59
# corresponding to MSA columns:
# 23-81
name=unknown_B
#
# <colnr> <probs for GDERKNQSTAVLIFYWHMCP>
#	G	D	E	R	K	N	Q	S	T	A	V	L	I	F	Y	W	H	M	C	P
0	0.07423	0.08735	0.20064	0.01872	0.13973	0.01497	0.03715	0.05907	0.04970	0.07350	0.08347	0.01893	0.01571	0.00715	0.00619	0.00192	0.00718	0.00592	0.00440	0.09405
1	0.01761	0.09742	0.14030	0.01554	0.06522	0.01599	0.01353	0.15848	0.10407	0.06516	0.08384	0.01965	0.01671	0.00779	0.00688	0.00191	0.03599	0.00611	0.00505	0.12275
2	0.01226	0.01177	0.09828	0.01283	0.07204	0.00923	0.00994	0.03806	0.04628	0.05074	0.32288	0.03823	0.09651	0.08100	0.01122	0.06094	0.00523	0.00965	0.00576	0.00716
3	0.01754	0.33838	0.10181	0.01479	0.07071	0.04319	0.01294	0.10113	0.01620	0.02148	0.01133	0.01300	0.00940	0.00596	0.00521	0.00152	0.00719	0.00432	0.00364	0.20025
4	0.01643	0.07880	0.07725	0.02179	0.22820	0.05409	0.02761	0.05234	0.16844	0.02364	0.06688	0.01963	0.01612	0.00724	0.00634	0.00189	0.00699	0.00619	0.00455	0.11560
5	0.02032	0.08350	0.15129	0.02244	0.21483	0.01772	0.01660	0.23586	0.05027	0.09941	0.01537	0.01651	0.01135	0.00705	0.00644	0.00200	0.00773	0.00576	0.00492	0.01065
6	0.01877	0.01928	0.02453	0.07461	0.37582	0.18214	0.07540	0.02358	0.07301	0.04766	0.01387	0.01670	0.01106	0.00656	0.00664	0.00200	0.00897	0.00592	0.00381	0.00967
7	0.00865	0.00588	0.00786	0.00914	0.00947	0.00556	0.00604	0.00931	0.01221	0.01628	0.03325	0.63403	0.03960	0.07100	0.01214	0.08744	0.00427	0.01706	0.00573	0.00509
8	0.00819	0.00681	0.00716	0.00707	0.00922	0.00578	0.00530	0.01013	0.01591	0.01959	0.17614	0.06217	0.61053	0.01645	0.00793	0.00224	0.00336	0.01382	0.00642	0.00578
9	0.01725	0.05911	0.07523	0.05520	0.33205	0.02904	0.04173	0.07263	0.08855	0.04858	0.01456	0.01686	0.01145	0.00647	0.00636	0.00190	0.00755	0.00577	0.00413	0.10557
10	0.00902	0.00734	0.00805	0.00778	0.00994	0.00663	0.00586	0.01236	0.06399	0.02155	0.26830	0.05736	0.46696	0.01543	0.00785	0.00222	0.00346	0.01308	0.00663	0.00621
11	0.06945	0.34407	0.24375	0.06808	0.02341	0.02051	0.03854	0.04696	0.05161	0.02037	0.01171	0.01354	0.00930	0.00630	0.00545	0.00184	0.00806	0.00463	0.00333	0.00907
12	0.01434	0.01588	0.10782	0.02532	0.31479	0.01369	0.04889	0.02100	0.13127	0.02311	0.11756	0.05521	0.06411	0.00889	0.00704	0.00213	0.00682	0.00810	0.00471	0.00935
13	0.01478	0.01190	0.01400	0.01005	0.01597	0.00899	0.00805	0.01774	0.01420	0.05954	0.01270	0.01439	0.01029	0.00515	0.00506	0.00105	0.00501	0.00412	0.00421	0.76279
14	0.00804	0.00674	0.00700	0.00707	0.00917	0.00569	0.00525	0.00979	0.01535	0.01859	0.10536	0.11023	0.63462	0.01706	0.00797	0.00229	0.00342	0.01437	0.00630	0.00569
15	0.01823	0.04578	0.20278	0.06894	0.16182	0.04935	0.01644	0.05886	0.03510	0.14508	0.01711	0.01837	0.03643	0.00706	0.00637	0.00194	0.00774	0.00582	0.00448	0.09231
16	0.08549	0.09760	0.29088	0.01614	0.02229	0.19970	0.04359	0.04911	0.01557	0.02038	0.01326	0.01543	0.03333	0.00798	0.00736	0.05568	0.00926	0.00509	0.00341	0.00843
17	0.00952	0.00730	0.00915	0.00920	0.01102	0.00630	0.00653	0.01134	0.01396	0.01936	0.11562	0.47515	0.08146	0.01653	0.00769	0.00226	0.00400	0.01478	0.00590	0.17294
18	0.01654	0.01276	0.01573	0.01140	0.01728	0.01043	0.03817	0.07949	0.01606	0.08960	0.01373	0.01512	0.01070	0.00559	0.00542	0.00124	0.00553	0.00459	0.00460	0.62602
19	0.02100	0.13093	0.19897	0.01699	0.07428	0.01791	0.01555	0.25519	0.02088	0.13392	0.01525	0.01581	0.01095	0.00707	0.00621	0.00193	0.00769	0.00544	0.00507	0.03896
20	0.17850	0.04974	0.06361	0.01375	0.01880	0.01848	0.01192	0.37859	0.10623	0.03436	0.01565	0.01629	0.01163	0.00967	0.04164	0.00247	0.00737	0.00563	0.00565	0.01001
21	0.00904	0.00715	0.00768	0.00784	0.00983	0.00651	0.00584	0.01202	0.06150	0.01955	0.08194	0.16389	0.47184	0.01633	0.00776	0.00230	0.00366	0.03506	0.06419	0.00605
22	0.01664	0.01581	0.06827	0.02111	0.16563	0.01591	0.07286	0.08350	0.14037	0.06287	0.06914	0.02223	0.04307	0.00890	0.00979	0.00226	0.14736	0.00712	0.00485	0.02230
23	0.01297	0.01111	0.01515	0.04181	0.01740	0.00946	0.08175	0.01663	0.04218	0.03913	0.08368	0.06603	0.12731	0.00884	0.00638	0.00164	0.00539	0.00778	0.00486	0.40050
24	0.01432	0.01199	0.01515	0.06563	0.05568	0.01011	0.00965	0.01740	0.01423	0.04490	0.04670	0.01643	0.01268	0.00595	0.00606	0.00130	0.03470	0.00479	0.00414	0.60818
25	0.01708	0.06518	0.13880	0.02836	0.37285	0.01604	0.03632	0.02368	0.11732	0.07364	0.01549	0.01750	0.01201	0.00662	0.00648	0.00201	0.00769	0.00595	0.00411	0.03287
26	0.03780	0.02391	0.37693	0.01714	0.05737	0.01386	0.04356	0.05654	0.03845	0.06579	0.04016	0.01779	0.01256	0.03645	0.00737	0.00211	0.00804	0.00564	0.00398	0.13456
27	0.01592	0.05890	0.18452	0.07113	0.29059	0.01486	0.01766	0.04308	0.03587	0.06390	0.05381	0.01999	0.04185	0.00720	0.00650	0.00198	0.00760	0.00626	0.00405	0.05434
28	0.01471	0.04596	0.15902	0.02095	0.22149	0.01320	0.01508	0.05827	0.01588	0.02306	0.08906	0.05064	0.01708	0.00737	0.00627	0.00177	0.00679	0.00637	0.00414	0.22287
29	0.00828	0.00588	0.00775	0.00921	0.00957	0.00552	0.00608	0.00937	0.01264	0.01685	0.03592	0.71189	0.04304	0.07076	0.01028	0.00298	0.00407	0.01845	0.00608	0.00536
30	0.01816	0.09318	0.04870	0.01397	0.01849	0.01834	0.01167	0.14496	0.49511	0.02891	0.02293	0.02161	0.01723	0.00847	0.00653	0.00214	0.00605	0.00680	0.00623	0.01052
31	0.08517	0.19480	0.06850	0.05037	0.06312	0.01774	0.01266	0.15805	0.05559	0.18144	0.01602	0.01630	0.01164	0.00706	0.00586	0.00189	0.00687	0.00536	0.00522	0.03633
32	0.01508	0.13888	0.58019	0.01766	0.02665	0.01718	0.02195	0.04728	0.01491	0.04339	0.01226	0.01402	0.00888	0.00641	0.00610	0.00202	0.00929	0.00486	0.00316	0.00983
33	0.01544	0.02086	0.15436	0.02676	0.03407	0.01674	0.58597	0.02145	0.01556	0.02145	0.01332	0.01745	0.00990	0.00578	0.00766	0.00224	0.01108	0.00743	0.00330	0.00919
34	0.01458	0.04466	0.19001	0.02403	0.16789	0.04229	0.21035	0.01909	0.01463	0.02006	0.01699	0.09944	0.03796	0.00877	0.00822	0.02736	0.03344	0.00786	0.00361	0.00875
35	0.01786	0.04687	0.16013	0.02621	0.27729	0.03227	0.10365	0.02265	0.03120	0.13051	0.04508	0.01852	0.01338	0.00701	0.00733	0.00209	0.03745	0.00632	0.00423	0.00996
36	0.01400	0.01234	0.02008	0.02874	0.41998	0.01232	0.01619	0.01751	0.01522	0.02099	0.02246	0.07572	0.02285	0.01146	0.00773	0.00244	0.00709	0.25962	0.00454	0.00869
37	0.00959	0.00719	0.01078	0.01078	0.01198	0.00839	0.00839	0.01198	0.01078	0.01558	0.01797	0.02636	0.01677	0.05032	0.73760	0.01078	0.01797	0.00719	0.00359	0.00599
38	0.03884	0.12074	0.03211	0.04512	0.16674	0.06727	0.02812	0.01913	0.04110	0.08690	0.07666	0.15242	0.07677	0.01048	0.00677	0.00209	0.00648	0.00901	0.00492	0.00831
39	0.01692	0.10798	0.34028	0.01979	0.13067	0.01571	0.03247	0.04410	0.03866	0.11795	0.01795	0.01898	0.05472	0.00730	0.00639	0.00203	0.00812	0.00596	0.00414	0.00987
40	0.00946	0.00690	0.00892	0.00853	0.01015	0.00636	0.00647	0.01253	0.01859	0.02603	0.64506	0.05226	0.10295	0.01416	0.00798	0.00217	0.00333	0.04461	0.00726	0.00628
41	0.00903	0.00612	0.00812	0.00934	0.00989	0.00578	0.00628	0.01021	0.01275	0.03903	0.03478	0.65703	0.04099	0.07322	0.04026	0.00330	0.00471	0.01756	0.00604	0.00556
42	0.04063	0.01878	0.06499	0.07457	0.36726	0.09860	0.08457	0.06697	0.03808	0.02241	0.01278	0.01614	0.01030	0.00667	0.00745	0.00207	0.04849	0.00590	0.00364	0.00969
43	0.01361	0.01310	0.01850	0.01618	0.01643	0.01799	0.01336	0.01527	0.01038	0.01603	0.01074	0.01714	0.01048	0.01986	0.17252	0.00459	0.59755	0.00615	0.00307	0.00706
44	0.00969	0.00648	0.00734	0.00740	0.00742	0.00646	0.00415	0.00974	0.00988	0.01318	0.02179	0.07336	0.02522	0.73362	0.03310	0.00635	0.00640	0.01014	0.00415	0.00412
45	0.02001	0.01759	0.02707	0.06481	0.07623	0.01843	0.25432	0.31961	0.07897	0.03091	0.01564	0.01767	0.01152	0.00707	0.00714	0.00213	0.00873	0.00682	0.00510	0.01023
46	0.01956	0.32415	0.04683	0.06519	0.04773	0.28593	0.05510	0.02212	0.01579	0.01689	0.01133	0.03928	0.01009	0.00681	0.00563	0.00173	0.00935	0.00496	0.00326	0.00825
47	0.01672	0.01535	0.11556	0.01175	0.01814	0.01050	0.01081	0.04727	0.01544	0.12717	0.01427	0.01536	0.01078	0.00579	0.00550	0.00136	0.00588	0.00461	0.00457	0.54319
48	0.01702	0.25242	0.33172	0.01699	0.06387	0.03626	0.01766	0.08461	0.01601	0.05565	0.01324	0.04221	0.01069	0.00698	0.00589	0.00191	0.00835	0.00531	0.00365	0.00955
49	0.00818	0.00584	0.00779	0.00934	0.00973	0.00545	0.00623	0.00934	0.01285	0.01713	0.03698	0.75981	0.04438	0.02102	0.00856	0.00273	0.00389	0.01908	0.00623	0.00545
50	0.01360	0.01526	0.10980	0.07044	0.29169	0.01296	0.06562	0.01843	0.05215	0.02143	0.08603	0.14918	0.02250	0.00995	0.00725	0.00223	0.00716	0.03111	0.00441	0.00878
51	0.00859	0.00658	0.00776	0.00794	0.00943	0.00588	0.00570	0.01055	0.01563	0.02046	0.26863	0.21930	0.31450	0.05679	0.00947	0.00255	0.00360	0.01441	0.00649	0.00574
52	0.04721	0.01150	0.01395	0.05758	0.01744	0.00958	0.00877	0.01752	0.01380	0.06364	0.01326	0.01574	0.01080	0.00957	0.07353	0.00210	0.00649	0.00456	0.00414	0.59882
53	0.01808	0.04498	0.01578	0.01395	0.03338	0.15269	0.01060	0.04473	0.35273	0.06182	0.04882	0.06553	0.02045	0.00949	0.00666	0.00212	0.00656	0.02958	0.05284	0.00921
54	0.01718	0.01542	0.04273	0.08041	0.15692	0.01602	0.05919	0.16591	0.22714	0.02816	0.10113	0.02311	0.01973	0.00831	0.00694	0.00214	0.00685	0.00729	0.00552	0.00989
55	0.01346	0.03471	0.72942	0.01912	0.02904	0.01558	0.02479	0.02125	0.01417	0.02125	0.01204	0.01417	0.00850	0.00637	0.00637	0.00212	0.00992	0.00496	0.00283	0.00992
56	0.01742	0.01576	0.02519	0.03610	0.59199	0.03853	0.01881	0.02109	0.01556	0.06884	0.03944	0.01803	0.01283	0.00673	0.00743	0.00204	0.04396	0.00620	0.00379	0.01027
57	0.03981	0.01892	0.02112	0.01997	0.12507	0.20363	0.09150	0.02386	0.06249	0.11182	0.01431	0.01623	0.01111	0.00721	0.00809	0.00195	0.09185	0.00562	0.00432	0.12112
58	0.03803	0.05728	0.04334	0.07235	0.13785	0.12834	0.06238	0.04809	0.04163	0.09227	0.01766	0.02050	0.05552	0.04448	0.00881	0.00222	0.05777	0.00633	0.00431	0.06084

[dist]
# distance from previous block
# <min> <max>
0	9

[block]
# block no. 2 follows, 32 sequences, length 139
# corresponding to MSA columns:
# 91-229
name=unknown_C
#
# <colnr> <probs for GDERKNQSTAVLIFYWHMCP>
#	G	D	E	R	K	N	Q	S	T	A	V	L	I	F	Y	W	H	M	C	P
0	0.10240	0.11547	0.07800	0.01621	0.06509	0.13750	0.03348	0.08433	0.11182	0.06681	0.01709	0.01809	0.04654	0.00795	0.00740	0.00204	0.07040	0.00580	0.00454	0.00903
1	0.01832	0.18589	0.22572	0.01913	0.11813	0.06310	0.03837	0.10848	0.03802	0.06517	0.01331	0.01484	0.01017	0.00653	0.00600	0.00187	0.00827	0.00513	0.00396	0.04958
2	0.01447	0.01051	0.03518	0.04222	0.09049	0.00994	0.01066	0.07672	0.03729	0.10909	0.06198	0.27527	0.03054	0.04065	0.00877	0.00262	0.00572	0.12415	0.00598	0.00775
3	0.01879	0.01893	0.18583	0.11797	0.21594	0.01486	0.01776	0.09573	0.04193	0.16103	0.01661	0.01927	0.01227	0.00729	0.00669	0.00211	0.00790	0.02419	0.00470	0.01017
4	0.05805	0.01227	0.03858	0.01042	0.01567	0.00975	0.00864	0.01922	0.05955	0.08340	0.10320	0.01980	0.01772	0.00674	0.00562	0.00141	0.00501	0.00549	0.00493	0.51453
5	0.00815	0.00594	0.00769	0.00908	0.00966	0.00547	0.00611	0.00937	0.01310	0.01723	0.04013	0.68914	0.11301	0.02061	0.00850	0.00268	0.00384	0.01858	0.00623	0.00547
6	0.01899	0.05299	0.06794	0.01585	0.06539	0.04140	0.01261	0.25580	0.26534	0.03013	0.02378	0.02321	0.07909	0.00884	0.00670	0.00210	0.00665	0.00708	0.00592	0.01020
7	0.01421	0.21667	0.27210	0.01474	0.02097	0.01612	0.05379	0.04011	0.01503	0.02050	0.06548	0.07077	0.03651	0.00879	0.00635	0.00199	0.00757	0.05612	0.00395	0.05823
8	0.01240	0.01928	0.27351	0.01345	0.01782	0.07262	0.01371	0.01619	0.01322	0.01815	0.02066	0.10205	0.06071	0.12927	0.12205	0.00413	0.03178	0.00811	0.04363	0.00727
9	0.01346	0.03471	0.72942	0.01912	0.02904	0.01558	0.02479	0.02125	0.01417	0.02125	0.01204	0.01417	0.00850	0.00637	0.00637	0.00212	0.00992	0.00496	0.00283	0.00992
10	0.01622	0.01555	0.02653	0.11094	0.65562	0.01584	0.02040	0.02025	0.01509	0.02145	0.01255	0.01673	0.01046	0.00605	0.00665	0.00202	0.00807	0.00598	0.00329	0.01032
11	0.03010	0.01142	0.01557	0.01194	0.01713	0.00986	0.00986	0.03270	0.01920	0.72698	0.02647	0.02284	0.01661	0.00830	0.00675	0.00208	0.00571	0.00675	0.00830	0.01142
12	0.01166	0.00583	0.00874	0.00874	0.00874	0.00583	0.00583	0.00874	0.00874	0.01166	0.01166	0.02040	0.01166	0.02331	0.02622	0.80478	0.00583	0.00583	0.00291	0.00291
13	0.00815	0.00593	0.00770	0.00911	0.00967	0.00547	0.00613	0.00937	0.01307	0.01722	0.03976	0.69755	0.10485	0.02066	0.00851	0.00268	0.00385	0.01863	0.00623	0.00547
14	0.01812	0.01512	0.01598	0.01394	0.01799	0.01736	0.01097	0.14325	0.60029	0.03037	0.02550	0.02359	0.01901	0.00893	0.00681	0.00223	0.00565	0.00734	0.00681	0.01075
15	0.01287	0.01213	0.02048	0.71277	0.07997	0.01496	0.01873	0.01732	0.01351	0.01738	0.01196	0.01783	0.00903	0.00667	0.00671	0.00222	0.00890	0.00596	0.00300	0.00761
16	0.01390	0.10666	0.66132	0.01837	0.02788	0.01666	0.02349	0.02114	0.01411	0.02071	0.01178	0.01383	0.00851	0.00631	0.00617	0.00206	0.00965	0.00482	0.00284	0.00979
17	0.01251	0.00625	0.00625	0.00625	0.00782	0.00625	0.00469	0.01563	0.01407	0.02502	0.02189	0.02502	0.01720	0.00782	0.00469	0.00156	0.00313	0.00625	0.80144	0.00625
18	0.00901	0.00665	0.00755	0.00792	0.00893	0.00620	0.00541	0.01009	0.01272	0.01610	0.04136	0.14699	0.27615	0.32484	0.01893	0.00415	0.00503	0.08161	0.00534	0.00503
19	0.00859	0.00623	0.00770	0.00880	0.00978	0.00572	0.00622	0.01015	0.01369	0.01808	0.04307	0.50104	0.19792	0.01908	0.00823	0.00257	0.00391	0.06779	0.05583	0.00561
20	0.01267	0.01193	0.02013	0.74806	0.04621	0.01491	0.01863	0.01714	0.01342	0.01714	0.01193	0.01789	0.00894	0.00671	0.00671	0.00224	0.00894	0.00596	0.00298	0.00745
21	0.00959	0.00719	0.01078	0.01078	0.01198	0.00839	0.00839	0.01198	0.01078	0.01558	0.01797	0.02636	0.01677	0.05032	0.73760	0.01078	0.01797	0.00719	0.00359	0.00599
22	0.00818	0.00584	0.00779	0.00934	0.00973	0.00545	0.00623	0.00934	0.01285	0.01713	0.03698	0.75981	0.04438	0.02102	0.00856	0.00273	0.00389	0.01908	0.00623	0.00545
23	0.01359	0.01314	0.02090	0.63910	0.12317	0.04221	0.01865	0.01790	0.01384	0.01767	0.01195	0.01752	0.00913	0.00663	0.00668	0.00219	0.00895	0.00590	0.00304	0.00783
24	0.03010	0.01142	0.01557	0.01194	0.01713	0.00986	0.00986	0.03270	0.01920	0.72698	0.02647	0.02284	0.01661	0.00830	0.00675	0.00208	0.00571	0.00675	0.00830	0.01142
25	0.01662	0.01416	0.01501	0.01343	0.01716	0.01626	0.01046	0.06000	0.64503	0.02855	0.06588	0.02610	0.02255	0.00932	0.00688	0.00226	0.00527	0.00778	0.00685	0.01041
26	0.01693	0.01655	0.02693	0.04029	0.69593	0.04309	0.02031	0.02083	0.01542	0.02171	0.01254	0.01644	0.01055	0.00601	0.00662	0.00198	0.00813	0.00592	0.00333	0.01052
27	0.01166	0.00583	0.00874	0.00874	0.00874	0.00583	0.00583	0.00874	0.00874	0.01166	0.01166	0.02040	0.01166	0.02331	0.02622	0.80478	0.00583	0.00583	0.00291	0.00291
28	0.01391	0.09369	0.03658	0.01207	0.03513	0.15195	0.00941	0.01681	0.01792	0.02305	0.44197	0.03540	0.04201	0.01103	0.00750	0.00199	0.02761	0.00912	0.00575	0.00712
29	0.00985	0.00823	0.03189	0.01010	0.01180	0.00739	0.02763	0.01369	0.06960	0.02293	0.36307	0.31688	0.04955	0.01569	0.00803	0.00236	0.00405	0.01409	0.00664	0.00651
30	0.06276	0.09311	0.07379	0.07923	0.26358	0.07203	0.09796	0.04161	0.06397	0.06810	0.01398	0.01644	0.01086	0.00651	0.00638	0.00201	0.00831	0.00581	0.00395	0.00962
31	0.01736	0.67671	0.09427	0.03986	0.01933	0.02517	0.01289	0.02008	0.01367	0.01631	0.00966	0.01132	0.00861	0.00583	0.00457	0.00152	0.00748	0.00380	0.00287	0.00868
32	0.02066	0.00955	0.01130	0.00940	0.01276	0.00916	0.00753	0.09328	0.01787	0.29805	0.02306	0.02325	0.01637	0.00803	0.00570	0.00181	0.00457	0.00642	0.41245	0.00879
33	0.00851	0.00737	0.00813	0.00899	0.05358	0.00632	0.00610	0.01039	0.01539	0.01859	0.08147	0.06121	0.65829	0.01622	0.00785	0.00224	0.00368	0.01360	0.00608	0.00599
34	0.01939	0.35834	0.15324	0.01586	0.04242	0.11482	0.05327	0.08871	0.01670	0.06258	0.01198	0.01338	0.00950	0.00639	0.00556	0.00175	0.00849	0.00467	0.00369	0.00926
35	0.01267	0.01193	0.02013	0.74806	0.04621	0.01491	0.01863	0.01714	0.01342	0.01714	0.01193	0.01789	0.00894	0.00671	0.00671	0.00224	0.00894	0.00596	0.00298	0.00745
36	0.00796	0.00668	0.00692	0.00711	0.00914	0.00564	0.00524	0.00959	0.01500	0.01800	0.06420	0.14930	0.63732	0.01748	0.00801	0.00232	0.00346	0.01476	0.00623	0.00564
37	0.01762	0.01513	0.05955	0.01507	0.06059	0.01527	0.01170	0.14494	0.36467	0.06740	0.04622	0.07381	0.03920	0.00965	0.00689	0.00220	0.00587	0.00808	0.02611	0.01003
38	0.10880	0.01043	0.03079	0.01374	0.03503	0.01022	0.08885	0.03211	0.03113	0.04245	0.02728	0.34391	0.02959	0.01492	0.00833	0.00258	0.03387	0.12354	0.00545	0.00698
39	0.02418	0.01813	0.01939	0.01517	0.02030	0.02019	0.01243	0.59993	0.13374	0.04015	0.01780	0.01745	0.01278	0.00821	0.00673	0.00205	0.00707	0.00627	0.00673	0.01129
40	0.00807	0.00626	0.00735	0.00822	0.00944	0.00554	0.00573	0.00947	0.01392	0.01757	0.05062	0.45380	0.34159	0.01925	0.00829	0.00252	0.00368	0.01691	0.00623	0.00554
41	0.13174	0.01199	0.01506	0.01171	0.01677	0.01109	0.00967	0.06433	0.01881	0.60195	0.02372	0.02095	0.01513	0.00802	0.00641	0.00207	0.00573	0.00631	0.00768	0.01088
42	0.01166	0.00583	0.00874	0.00874	0.00874	0.00583	0.00583	0.00874	0.00874	0.01166	0.01166	0.02040	0.01166	0.02331	0.02622	0.80478	0.00583	0.00583	0.00291	0.00291
43	0.01267	0.01193	0.02013	0.74806	0.04621	0.01491	0.01863	0.01714	0.01342	0.01714	0.01193	0.01789	0.00894	0.00671	0.00671	0.00224	0.00894	0.00596	0.00298	0.00745
44	0.01267	0.01193	0.02013	0.74806	0.04621	0.01491	0.01863	0.01714	0.01342	0.01714	0.01193	0.01789	0.00894	0.00671	0.00671	0.00224	0.00894	0.00596	0.00298	0.00745
45	0.01391	0.03155	0.59839	0.02086	0.03019	0.01585	0.15266	0.02130	0.01448	0.02130	0.01233	0.01491	0.00882	0.00624	0.00667	0.00215	0.01018	0.00552	0.00294	0.00975
46	0.00976	0.00651	0.00732	0.00732	0.00732	0.00651	0.00407	0.00976	0.00976	0.01301	0.02114	0.04391	0.02439	0.76419	0.03415	0.00651	0.00651	0.00976	0.00407	0.00407
47	0.81159	0.01298	0.00986	0.00882	0.01298	0.01505	0.00727	0.01972	0.01142	0.03010	0.00934	0.01090	0.00727	0.00623	0.00415	0.00208	0.00519	0.00363	0.00415	0.00727
48	0.00793	0.00680	0.00680	0.00680	0.00906	0.00566	0.00510	0.00963	0.01529	0.01813	0.06797	0.06457	0.71961	0.01699	0.00793	0.00227	0.00340	0.01416	0.00623	0.00566
49	0.02456	0.12495	0.02193	0.01499	0.02017	0.11173	0.01250	0.49630	0.02702	0.05952	0.01480	0.01509	0.01085	0.00760	0.00629	0.00190	0.00789	0.00551	0.00582	0.01056
50	0.01741	0.06841	0.04273	0.03656	0.08186	0.16620	0.03845	0.04563	0.01423	0.01872	0.01109	0.01507	0.00969	0.00891	0.01299	0.00230	0.33395	0.00549	0.06228	0.00802
51	0.00958	0.00723	0.02580	0.00905	0.00973	0.00663	0.00639	0.01075	0.01211	0.01620	0.06247	0.24476	0.03377	0.38160	0.02105	0.00458	0.00565	0.12246	0.00514	0.00505
52	0.81159	0.01298	0.00986	0.00882	0.01298	0.01505	0.00727	0.01972	0.01142	0.03010	0.00934	0.01090	0.00727	0.00623	0.00415	0.00208	0.00519	0.00363	0.00415	0.00727
53	0.04160	0.05633	0.68299	0.01853	0.02812	0.01590	0.02377	0.02116	0.01405	0.02139	0.01186	0.01395	0.00846	0.00635	0.00623	0.00210	0.00967	0.00487	0.00288	0.00978
54	0.01346	0.03471	0.72942	0.01912	0.02904	0.01558	0.02479	0.02125	0.01417	0.02125	0.01204	0.01417	0.00850	0.00637	0.00637	0.00212	0.00992	0.00496	0.00283	0.00992
55	0.02327	0.02899	0.01928	0.01734	0.02020	0.61361	0.01326	0.02496	0.01751	0.01637	0.01010	0.01255	0.00867	0.00775	0.00881	0.00194	0.13972	0.00459	0.00337	0.00770
56	0.81159	0.01298	0.00986	0.00882	0.01298	0.01505	0.00727	0.01972	0.01142	0.03010	0.00934	0.01090	0.00727	0.00623	0.00415	0.00208	0.00519	0.00363	0.00415	0.00727
57	0.01794	0.76823	0.03516	0.01148	0.01722	0.02655	0.01148	0.02009	0.01363	0.01579	0.00933	0.01076	0.00861	0.00574	0.00431	0.00144	0.00718	0.00359	0.00287	0.00861
58	0.01914	0.01972	0.17281	0.02372	0.24585	0.01617	0.01713	0.17474	0.09971	0.09980	0.03391	0.01842	0.01341	0.00732	0.00666	0.00207	0.00760	0.00619	0.00499	0.01062
59	0.00824	0.00617	0.00765	0.00863	0.00959	0.00558	0.00596	0.00972	0.01402	0.01828	0.10749	0.52282	0.21275	0.01935	0.00835	0.00256	0.00370	0.01722	0.00634	0.00558
60	0.01681	0.01524	0.01664	0.01720	0.10716	0.05579	0.01185	0.03223	0.55672	0.02622	0.02488	0.05161	0.01950	0.00904	0.00683	0.00223	0.00597	0.00765	0.00617	0.01027
61	0.11423	0.01418	0.01639	0.01282	0.01786	0.01435	0.01060	0.27455	0.02256	0.35105	0.02062	0.02061	0.01422	0.00823	0.00648	0.00205	0.00626	0.02957	0.00705	0.03632
62	0.01860	0.45715	0.20404	0.01375	0.02038	0.04456	0.01470	0.04602	0.01516	0.09263	0.01207	0.01310	0.00952	0.00629	0.00521	0.00170	0.00787	0.00437	0.00359	0.00930
63	0.04710	0.03703	0.06893	0.01366	0.01756	0.01476	0.03213	0.20924	0.19266	0.02792	0.02424	0.19515	0.02269	0.01171	0.00719	0.00232	0.00619	0.05448	0.00599	0.00905
64	0.00935	0.00685	0.00877	0.00829	0.00994	0.00627	0.00622	0.01238	0.01865	0.02610	0.65894	0.05145	0.12367	0.01402	0.00792	0.00212	0.00319	0.01232	0.00728	0.00627
65	0.12904	0.01632	0.12127	0.01319	0.01897	0.01324	0.01222	0.14196	0.01952	0.41580	0.02035	0.01886	0.01331	0.00771	0.00635	0.00207	0.00655	0.00596	0.00668	0.01065
66	0.01095	0.04114	0.10706	0.01041	0.01401	0.00934	0.00952	0.01423	0.01594	0.02210	0.27667	0.04094	0.19848	0.01197	0.00788	0.00203	0.04204	0.03312	0.00555	0.12662
67	0.01346	0.03471	0.72942	0.01912	0.02904	0.01558	0.02479	0.02125	0.01417	0.02125	0.01204	0.01417	0.00850	0.00637	0.00637	0.00212	0.00992	0.00496	0.00283	0.00992
68	0.02369	0.05293	0.11411	0.01695	0.02147	0.56350	0.01426	0.02631	0.01822	0.07173	0.01180	0.01316	0.00924	0.00691	0.00609	0.00180	0.01117	0.00457	0.00373	0.00837
69	0.01318	0.03115	0.62722	0.04379	0.05051	0.01483	0.02302	0.02030	0.01431	0.02119	0.04021	0.04444	0.01207	0.00722	0.00654	0.00215	0.00933	0.00584	0.00316	0.00955
70	0.02009	0.01610	0.01709	0.01434	0.01874	0.01828	0.01144	0.29165	0.44868	0.03355	0.02299	0.02159	0.01699	0.00870	0.00678	0.00217	0.00611	0.00699	0.00678	0.01093
71	0.81159	0.01298	0.00986	0.00882	0.01298	0.01505	0.00727	0.01972	0.01142	0.03010	0.00934	0.01090	0.00727	0.00623	0.00415	0.00208	0.00519	0.00363	0.00415	0.00727
72	0.01661	0.01594	0.02724	0.04119	0.72233	0.01594	0.02059	0.02059	0.01528	0.02192	0.01262	0.01661	0.01063	0.00598	0.00664	0.00199	0.00797	0.00598	0.00332	0.01063
73	0.01592	0.02241	0.18131	0.02570	0.03292	0.06161	0.51568	0.02177	0.01569	0.02113	0.01306	0.01691	0.00974	0.00588	0.00748	0.00220	0.01107	0.00708	0.00328	0.00915
74	0.00945	0.00682	0.00893	0.00847	0.01001	0.00630	0.00633	0.01254	0.01878	0.02656	0.69462	0.07528	0.06264	0.01398	0.00794	0.00213	0.00319	0.01238	0.00735	0.00630
75	0.00890	0.00684	0.00814	0.00782	0.00966	0.00608	0.00586	0.01151	0.01759	0.02357	0.47111	0.05562	0.31308	0.01496	0.00792	0.00217	0.00325	0.01291	0.00695	0.00608
76	0.00826	0.00590	0.00788	0.00944	0.00987	0.00552	0.00638	0.00949	0.01293	0.01722	0.03694	0.73779	0.04419	0.02094	0.00859	0.00274	0.00397	0.04026	0.00623	0.00547
77	0.81159	0.01298	0.00986	0.00882	0.01298	0.01505	0.00727	0.01972	0.01142	0.03010	0.00934	0.01090	0.00727	0.00623	0.00415	0.00208	0.00519	0.00363	0.00415	0.00727
78	0.00964	0.00697	0.00967	0.00967	0.01048	0.00778	0.00700	0.01127	0.01045	0.01475	0.01899	0.03200	0.01922	0.27984	0.51143	0.00941	0.01429	0.00801	0.00375	0.00537
79	0.01456	0.21437	0.55937	0.01725	0.02615	0.01827	0.02153	0.02097	0.01404	0.01991	0.01138	0.01333	0.00853	0.00622	0.00587	0.00196	0.00925	0.00462	0.00284	0.00960
80	0.02367	0.02959	0.01956	0.07267	0.06220	0.64315	0.01381	0.02573	0.01839	0.01679	0.01061	0.01278	0.00878	0.00685	0.00613	0.00178	0.01163	0.00454	0.00341	0.00792
81	0.01839	0.57369	0.11876	0.01324	0.01918	0.12539	0.01334	0.02118	0.01446	0.01655	0.00981	0.01137	0.00860	0.00598	0.00481	0.00156	0.00821	0.00386	0.00295	0.00865
82	0.06712	0.01189	0.01553	0.05335	0.01848	0.01110	0.01025	0.08130	0.01923	0.57302	0.02383	0.02153	0.01534	0.00807	0.00653	0.00206	0.00589	0.00648	0.03819	0.01079
83	0.01267	0.01193	0.02013	0.74806	0.04621	0.01491	0.01863	0.01714	0.01342	0.01714	0.01193	0.01789	0.00894	0.00671	0.00671	0.00224	0.00894	0.00596	0.00298	0.00745
84	0.01391	0.01193	0.01391	0.00994	0.01590	0.00894	0.00795	0.01690	0.01391	0.02186	0.01193	0.01391	0.00994	0.00497	0.00497	0.00099	0.00497	0.00398	0.00398	0.80521
85	0.00794	0.00675	0.00685	0.00692	0.00910	0.00565	0.00515	0.00962	0.01517	0.01808	0.06643	0.09929	0.68589	0.01719	0.00796	0.00229	0.00342	0.01441	0.00623	0.00565
86	0.00818	0.00584	0.00779	0.00934	0.00973	0.00545	0.00623	0.00934	0.01285	0.01713	0.03698	0.75981	0.04438	0.02102	0.00856	0.00273	0.00389	0.01908	0.00623	0.00545
87	0.00959	0.00719	0.01078	0.01078	0.01198	0.00839	0.00839	0.01198	0.01078	0.01558	0.01797	0.02636	0.01677	0.05032	0.73760	0.01078	0.01797	0.00719	0.00359	0.00599
88	0.00818	0.00584	0.00779	0.00934	0.00973	0.00545	0.00623	0.00934	0.01285	0.01713	0.03698	0.75981	0.04438	0.02102	0.00856	0.00273	0.00389	0.01908	0.00623	0.00545
89	0.01661	0.01594	0.02724	0.04119	0.72233	0.01594	0.02059	0.02059	0.01528	0.02192	0.01262	0.01661	0.01063	0.00598	0.00664	0.00199	0.00797	0.00598	0.00332	0.01063
90	0.01599	0.01186	0.01413	0.01019	0.01606	0.00906	0.00820	0.01892	0.01459	0.11209	0.01379	0.01506	0.01079	0.00540	0.00520	0.00113	0.00506	0.00433	0.00453	0.70363
91	0.81159	0.01298	0.00986	0.00882	0.01298	0.01505	0.00727	0.01972	0.01142	0.03010	0.00934	0.01090	0.00727	0.00623	0.00415	0.00208	0.00519	0.00363	0.00415	0.00727
92	0.01267	0.01193	0.02013	0.74806	0.04621	0.01491	0.01863	0.01714	0.01342	0.01714	0.01193	0.01789	0.00894	0.00671	0.00671	0.00224	0.00894	0.00596	0.00298	0.00745
93	0.01584	0.01810	0.03959	0.02828	0.03507	0.01697	0.69796	0.02149	0.01584	0.02149	0.01357	0.01810	0.01018	0.00566	0.00792	0.00226	0.01131	0.00792	0.00339	0.00905
94	0.02506	0.03198	0.01901	0.01729	0.02074	0.73725	0.01296	0.02679	0.01901	0.01642	0.01037	0.01210	0.00864	0.00691	0.00605	0.00173	0.01210	0.00432	0.00346	0.00778
95	0.01669	0.01441	0.01517	0.01365	0.01745	0.01669	0.01062	0.03565	0.71021	0.02807	0.02731	0.02503	0.02048	0.00910	0.00683	0.00228	0.00531	0.00759	0.00683	0.01062
96	0.01715	0.01514	0.02531	0.09527	0.58965	0.01515	0.01918	0.02104	0.01536	0.07213	0.01353	0.01705	0.01089	0.00617	0.00659	0.00198	0.00777	0.00596	0.00368	0.04100
97	0.01711	0.01529	0.01536	0.01384	0.01761	0.05267	0.01074	0.03521	0.67570	0.02749	0.02646	0.02439	0.01989	0.00899	0.00679	0.00225	0.00565	0.00742	0.00666	0.01048
98	0.02551	0.01879	0.02014	0.01544	0.02081	0.02081	0.01275	0.69996	0.03155	0.04229	0.01611	0.01611	0.01141	0.00805	0.00671	0.00201	0.00738	0.00604	0.00671	0.01141
99	0.01432	0.01419	0.02048	0.14808	0.02272	0.01954	0.01539	0.01633	0.01084	0.01633	0.00936	0.01525	0.00883	0.01084	0.01929	0.00281	0.61921	0.00589	0.00294	0.00736
100	0.01251	0.01167	0.01957	0.71113	0.04441	0.01448	0.01802	0.01692	0.01370	0.01763	0.04722	0.01950	0.01166	0.00706	0.00677	0.00223	0.00866	0.00627	0.00320	0.00740
101	0.01584	0.01810	0.03959	0.02828	0.03507	0.01697	0.69796	0.02149	0.01584	0.02149	0.01357	0.01810	0.01018	0.00566	0.00792	0.00226	0.01131	0.00792	0.00339	0.00905
102	0.00941	0.00686	0.00885	0.00835	0.00997	0.00629	0.00626	0.01249	0.01878	0.02641	0.68209	0.05094	0.10033	0.01390	0.00791	0.00212	0.00318	0.01225	0.00732	0.00629
103	0.01579	0.01884	0.08058	0.02941	0.12484	0.01675	0.56754	0.02136	0.01566	0.02153	0.01335	0.01766	0.01014	0.00574	0.00766	0.00222	0.01079	0.00748	0.00335	0.00931
104	0.01468	0.01468	0.02055	0.01762	0.01762	0.02055	0.01468	0.01615	0.01028	0.01615	0.00881	0.01468	0.00881	0.01174	0.02202	0.00294	0.75191	0.00587	0.00294	0.00734
105	0.00823	0.00588	0.00783	0.00931	0.00974	0.00548	0.00623	0.00947	0.01308	0.01750	0.06322	0.73250	0.04511	0.02074	0.00854	0.00270	0.00386	0.01881	0.00627	0.00548
106	0.00950	0.00686	0.00897	0.00844	0.01002	0.00633	0.00633	0.01266	0.01899	0.02691	0.71879	0.05012	0.06331	0.01372	0.00791	0.00211	0.00317	0.01213	0.00739	0.00633
107	0.00975	0.00655	0.00754	0.00754	0.00762	0.00663	0.00435	0.00990	0.00982	0.01318	0.02094	0.04277	0.02390	0.71765	0.08001	0.00678	0.00725	0.00959	0.00403	0.00419
108	0.01081	0.00772	0.01081	0.01236	0.01390	0.00772	0.01081	0.01390	0.01545	0.02008	0.03553	0.07569	0.03862	0.01854	0.00927	0.00309	0.00618	0.67717	0.00618	0.00618
109	0.00818	0.00584	0.00779	0.00934	0.00973	0.00545	0.00623	0.00934	0.01285	0.01713	0.03698	0.75981	0.04438	0.02102	0.00856	0.00273	0.00389	0.01908	0.00623	0.00545
110	0.01346	0.03471	0.72942	0.01912	0.02904	0.01558	0.02479	0.02125	0.01417	0.02125	0.01204	0.01417	0.00850	0.00637	0.00637	0.00212	0.00992	0.00496	0.00283	0.00992
111	0.01267	0.01193	0.02013	0.74806	0.04621	0.01491	0.01863	0.01714	0.01342	0.01714	0.01193	0.01789	0.00894	0.00671	0.00671	0.00224	0.00894	0.00596	0.00298	0.00745
112	0.00950	0.00686	0.00897	0.00844	0.01002	0.00633	0.00633	0.01266	0.01899	0.02691	0.71879	0.05012	0.06331	0.01372	0.00791	0.00211	0.00317	0.01213	0.00739	0.00633
113	0.00799	0.00680	0.00688	0.00686	0.00910	0.00569	0.00515	0.00975	0.01544	0.01846	0.09301	0.06402	0.69436	0.01687	0.00793	0.00226	0.00339	0.01408	0.00628	0.00569
114	0.01829	0.73146	0.03435	0.01177	0.01740	0.06204	0.01156	0.02043	0.01390	0.01582	0.00938	0.01083	0.00861	0.00580	0.00439	0.00145	0.00742	0.00362	0.00290	0.00857
115	0.00975	0.00656	0.00760	0.00781	0.00794	0.00654	0.00469	0.01004	0.01035	0.01377	0.02310	0.08664	0.02657	0.66713	0.03087	0.00604	0.00633	0.05964	0.00434	0.00430
116	0.01081	0.00772	0.01081	0.01236	0.01390	0.00772	0.01081	0.01390	0.01545	0.02008	0.03553	0.07569	0.03862	0.01854	0.00927	0.00309	0.00618	0.67717	0.00618	0.00618
117	0.01399	0.01216	0.01490	0.01064	0.01664	0.00925	0.03450	0.01707	0.01399	0.02185	0.01199	0.01407	0.00995	0.00500	0.00508	0.00104	0.00521	0.00413	0.00395	0.77457
118	0.01788	0.03792	0.01669	0.03671	0.01787	0.01058	0.07274	0.04695	0.01722	0.21260	0.15304	0.02701	0.04352	0.00855	0.00660	0.00181	0.00570	0.02697	0.00590	0.23373
119	0.78134	0.01320	0.01026	0.00908	0.01328	0.01527	0.00748	0.04590	0.01219	0.03057	0.00960	0.01110	0.00743	0.00630	0.00425	0.00207	0.00527	0.00373	0.00425	0.00743
120	0.01584	0.01810	0.03959	0.02828	0.03507	0.01697	0.69796	0.02149	0.01584	0.02149	0.01357	0.01810	0.01018	0.00566	0.00792	0.00226	0.01131	0.00792	0.00339	0.00905
121	0.09426	0.63965	0.03164	0.01168	0.01684	0.02500	0.01131	0.01976	0.01317	0.01719	0.00929	0.01107	0.00850	0.00623	0.00560	0.00161	0.06206	0.00376	0.00300	0.00839
122	0.02404	0.01848	0.02181	0.01663	0.02205	0.02019	0.08159	0.59421	0.06824	0.03939	0.01649	0.01681	0.01180	0.00787	0.00684	0.00205	0.00766	0.00632	0.00638	0.01113
123	0.00818	0.00584	0.00779	0.00934	0.00973	0.00545	0.00623	0.00934	0.01285	0.01713	0.03698	0.75981	0.04438	0.02102	0.00856	0.00273	0.00389	0.01908	0.00623	0.00545
124	0.02935	0.01159	0.01555	0.01203	0.01715	0.01025	0.00990	0.03287	0.05818	0.68756	0.02652	0.02296	0.01683	0.00835	0.00675	0.00209	0.00569	0.00679	0.00822	0.01137
125	0.00818	0.00584	0.00779	0.00934	0.00973	0.00545	0.00623	0.00934	0.01285	0.01713	0.03698	0.75981	0.04438	0.02102	0.00856	0.00273	0.00389	0.01908	0.00623	0.00545
126	0.00818	0.00584	0.00779	0.00934	0.00973	0.00545	0.00623	0.00934	0.01285	0.01713	0.03698	0.75981	0.04438	0.02102	0.00856	0.00273	0.00389	0.01908	0.00623	0.00545
127	0.00793	0.00680	0.00680	0.00680	0.00906	0.00566	0.00510	0.00963	0.01529	0.01813	0.06797	0.06457	0.71961	0.01699	0.00793	0.00227	0.00340	0.01416	0.00623	0.00566
128	0.01794	0.76823	0.03516	0.01148	0.01722	0.02655	0.01148	0.02009	0.01363	0.01579	0.00933	0.01076	0.00861	0.00574	0.00431	0.00144	0.00718	0.00359	0.00287	0.00861
129	0.00976	0.00651	0.00732	0.00732	0.00732	0.00651	0.00407	0.00976	0.00976	0.01301	0.02114	0.04391	0.02439	0.76419	0.03415	0.00651	0.00651	0.00976	0.00407	0.00407
130	0.01694	0.01655	0.04968	0.07842	0.60924	0.01623	0.02004	0.07066	0.01634	0.02314	0.01282	0.01656	0.01052	0.00619	0.00664	0.00201	0.00805	0.00595	0.00354	0.01048
131	0.01523	0.30704	0.44770	0.01701	0.04772	0.01968	0.01970	0.02080	0.01401	0.01924	0.01105	0.01298	0.00861	0.00613	0.00561	0.00186	0.00883	0.00448	0.00286	0.00945
132	0.01077	0.00892	0.01305	0.01237	0.01329	0.01121	0.00984	0.01295	0.01067	0.01571	0.01585	0.02365	0.01493	0.04139	0.57183	0.00897	0.18799	0.00688	0.00344	0.00630
133	0.01747	0.01634	0.06931	0.01285	0.01884	0.05325	0.03395	0.15843	0.01807	0.04818	0.01322	0.01471	0.01028	0.00594	0.00565	0.00141	0.00647	0.00471	0.00454	0.48638
134	0.01794	0.76823	0.03516	0.01148	0.01722	0.02655	0.01148	0.02009	0.01363	0.01579	0.00933	0.01076	0.00861	0.00574	0.00431	0.00144	0.00718	0.00359	0.00287	0.00861
135	0.00941	0.00686	0.00885	0.00835	0.00997	0.00629	0.00626	0.01249	0.01878	0.02641	0.68209	0.05094	0.10033	0.01390	0.00791	0.00212	0.00318	0.01225	0.00732	0.00629
136	0.01391	0.01193	0.01391	0.00994	0.01590	0.00894	0.00795	0.01690	0.01391	0.02186	0.01193	0.01391	0.00994	0.00497	0.00497	0.00099	0.00497	0.00398	0.00398	0.80521
137	0.01661	0.01594	0.02724	0.04119	0.72233	0.01594	0.02059	0.02059	0.01528	0.02192	0.01262	0.01661	0.01063	0.00598	0.00664	0.00199	0.00797	0.00598	0.00332	0.01063
138	0.01018	0.00701	0.00919	0.00856	0.01026	0.00645	0.00645	0.01333	0.01900	0.05021	0.69575	0.04921	0.06176	0.01354	0.00788	0.00211	0.00325	0.01196	0.00742	0.00650

[dist]
# distance from previous block
# <min> <max>
0	1

[block]
# block no. 3 follows, 32 sequences, length 130
# corresponding to MSA columns:
# 231-360
name=unknown_D
#
# <colnr> <probs for GDERKNQSTAVLIFYWHMCP>
#	G	D	E	R	K	N	Q	S	T	A	V	L	I	F	Y	W	H	M	C	P
0	0.72293	0.01395	0.03483	0.00959	0.01403	0.01520	0.00820	0.05351	0.01273	0.05106	0.01027	0.01162	0.00779	0.00638	0.00443	0.00207	0.00547	0.00389	0.00436	0.00768
1	0.07090	0.02953	0.01841	0.01668	0.02004	0.64002	0.01262	0.02623	0.04154	0.01761	0.01082	0.01257	0.00897	0.00715	0.00664	0.00182	0.04259	0.00446	0.00359	0.00783
2	0.02551	0.01879	0.02014	0.01544	0.02081	0.02081	0.01275	0.69996	0.03155	0.04229	0.01611	0.01611	0.01141	0.00805	0.00671	0.00201	0.00738	0.00604	0.00671	0.01141
3	0.01657	0.01616	0.02546	0.03749	0.63163	0.04703	0.01916	0.02091	0.04149	0.02173	0.01568	0.01899	0.04431	0.00666	0.00668	0.00200	0.00784	0.00635	0.00360	0.01027
4	0.00914	0.00785	0.00795	0.00774	0.01022	0.00718	0.00586	0.01321	0.11094	0.01949	0.06238	0.05913	0.62338	0.01591	0.00778	0.00227	0.00366	0.01326	0.00631	0.00635
5	0.01391	0.01193	0.01391	0.00994	0.01590	0.00894	0.00795	0.01690	0.01391	0.02186	0.01193	0.01391	0.00994	0.00497	0.00497	0.00099	0.00497	0.00398	0.00398	0.80521
6	0.01391	0.01193	0.01391	0.00994	0.01590	0.00894	0.00795	0.01690	0.01391	0.02186	0.01193	0.01391	0.00994	0.00497	0.00497	0.00099	0.00497	0.00398	0.00398	0.80521
7	0.00799	0.00655	0.00705	0.00746	0.00924	0.00561	0.00539	0.00955	0.01466	0.01787	0.05991	0.24552	0.54388	0.01804	0.00810	0.00239	0.00353	0.01544	0.00623	0.00561
8	0.74705	0.01345	0.01071	0.00937	0.01362	0.01552	0.00772	0.07557	0.01307	0.03111	0.00990	0.01133	0.00761	0.00638	0.00436	0.00207	0.00537	0.00383	0.00436	0.00761
9	0.00961	0.00712	0.00900	0.00848	0.01020	0.00663	0.00638	0.01320	0.04267	0.02620	0.63974	0.05047	0.11734	0.01383	0.00788	0.00213	0.00326	0.01215	0.00727	0.00642
10	0.81159	0.01298	0.00986	0.00882	0.01298	0.01505	0.00727	0.01972	0.01142	0.03010	0.00934	0.01090	0.00727	0.00623	0.00415	0.00208	0.00519	0.00363	0.00415	0.00727
11	0.01661	0.01594	0.02724	0.04119	0.72233	0.01594	0.02059	0.02059	0.01528	0.02192	0.01262	0.01661	0.01063	0.00598	0.00664	0.00199	0.00797	0.00598	0.00332	0.01063
12	0.01354	0.03412	0.70504	0.01945	0.02925	0.01563	0.04858	0.02126	0.01423	0.02126	0.01210	0.01431	0.00856	0.00635	0.00643	0.00213	0.00997	0.00506	0.00285	0.00989
13	0.00950	0.00686	0.00897	0.00844	0.01002	0.00633	0.00633	0.01266	0.01899	0.02691	0.71879	0.05012	0.06331	0.01372	0.00791	0.00211	0.00317	0.01213	0.00739	0.00633
14	0.00818	0.00584	0.00779	0.00934	0.00973	0.00545	0.00623	0.00934	0.01285	0.01713	0.03698	0.75981	0.04438	0.02102	0.00856	0.00273	0.00389	0.01908	0.00623	0.00545
15	0.01468	0.01468	0.02055	0.01762	0.01762	0.02055	0.01468	0.01615	0.01028	0.01615	0.00881	0.01468	0.00881	0.01174	0.02202	0.00294	0.75191	0.00587	0.00294	0.00734
16	0.00800	0.00680	0.00690	0.00687	0.00911	0.00570	0.00516	0.00977	0.01547	0.01854	0.09863	0.06389	0.68869	0.01684	0.00793	0.00226	0.00339	0.01407	0.00629	0.00570
17	0.00818	0.00584	0.00779	0.00934	0.00973	0.00545	0.00623	0.00934	0.01285	0.01713	0.03698	0.75981	0.04438	0.02102	0.00856	0.00273	0.00389	0.01908	0.00623	0.00545
18	0.01584	0.01810	0.03959	0.02828	0.03507	0.01697	0.69796	0.02149	0.01584	0.02149	0.01357	0.01810	0.01018	0.00566	0.00792	0.00226	0.01131	0.00792	0.00339	0.00905
19	0.01669	0.01441	0.01517	0.01365	0.01745	0.01669	0.01062	0.03565	0.71021	0.02807	0.02731	0.02503	0.02048	0.00910	0.00683	0.00228	0.00531	0.00759	0.00683	0.01062
20	0.01468	0.01468	0.02055	0.01762	0.01762	0.02055	0.01468	0.01615	0.01028	0.01615	0.00881	0.01468	0.00881	0.01174	0.02202	0.00294	0.75191	0.00587	0.00294	0.00734
21	0.00959	0.00719	0.01078	0.01078	0.01198	0.00839	0.00839	0.01198	0.01078	0.01558	0.01797	0.02636	0.01677	0.05032	0.73760	0.01078	0.01797	0.00719	0.00359	0.00599
22	0.01391	0.01193	0.01391	0.00994	0.01590	0.00894	0.00795	0.01690	0.01391	0.02186	0.01193	0.01391	0.00994	0.00497	0.00497	0.00099	0.00497	0.00398	0.00398	0.80521
23	0.01346	0.03471	0.72942	0.01912	0.02904	0.01558	0.02479	0.02125	0.01417	0.02125	0.01204	0.01417	0.00850	0.00637	0.00637	0.00212	0.00992	0.00496	0.00283	0.00992
24	0.01267	0.01193	0.02013	0.74806	0.04621	0.01491	0.01863	0.01714	0.01342	0.01714	0.01193	0.01789	0.00894	0.00671	0.00671	0.00224	0.00894	0.00596	0.00298	0.00745
25	0.00829	0.00592	0.00792	0.00947	0.00991	0.00555	0.00643	0.00954	0.01296	0.01726	0.03692	0.72989	0.04413	0.02091	0.00860	0.00274	0.00399	0.04785	0.00623	0.00548
26	0.81159	0.01298	0.00986	0.00882	0.01298	0.01505	0.00727	0.01972	0.01142	0.03010	0.00934	0.01090	0.00727	0.00623	0.00415	0.00208	0.00519	0.00363	0.00415	0.00727
27	0.01661	0.01594	0.02724	0.04119	0.72233	0.01594	0.02059	0.02059	0.01528	0.02192	0.01262	0.01661	0.01063	0.00598	0.00664	0.00199	0.00797	0.00598	0.00332	0.01063
28	0.03010	0.01142	0.01557	0.01194	0.01713	0.00986	0.00986	0.03270	0.01920	0.72698	0.02647	0.02284	0.01661	0.00830	0.00675	0.00208	0.00571	0.00675	0.00830	0.01142
29	0.00816	0.00588	0.00774	0.00923	0.00970	0.00546	0.00618	0.00936	0.01295	0.01717	0.03834	0.72941	0.07391	0.02085	0.00854	0.00270	0.00387	0.01886	0.00623	0.00546
30	0.00834	0.00597	0.00794	0.00923	0.00977	0.00556	0.00624	0.00977	0.01364	0.01838	0.12447	0.66874	0.04681	0.02008	0.00848	0.00265	0.00380	0.01818	0.00638	0.00556
31	0.01669	0.01441	0.01517	0.01365	0.01745	0.01669	0.01062	0.03565	0.71021	0.02807	0.02731	0.02503	0.02048	0.00910	0.00683	0.00228	0.00531	0.00759	0.00683	0.01062
32	0.02506	0.03198	0.01901	0.01729	0.02074	0.73725	0.01296	0.02679	0.01901	0.01642	0.01037	0.01210	0.00864	0.00691	0.00605	0.00173	0.01210	0.00432	0.00346	0.00778
33	0.00793	0.00680	0.00680	0.00680	0.00906	0.00566	0.00510	0.00963	0.01529	0.01813	0.06797	0.06457	0.71961	0.01699	0.00793	0.00227	0.00340	0.01416	0.00623	0.00566
