[name]
unknown

[dist]
# distance from previous block
# <min> <max>
0	0

[block]
# block no. 0 follows, 33 sequences, length 38
# corresponding to MSA columns:
# 0-37
name=unknown_A
#
# <colnr> <probs for GDERKNQSTAVLIFYWHMCP>
#	G	D	E	R	K	N	Q	S	T	A	V	L	I	F	Y	W	H	M	C	P
0	0.01061	0.00758	0.01061	0.01212	0.01364	0.00758	0.01061	0.01364	0.01515	0.01970	0.03486	0.07426	0.03789	0.01819	0.00909	0.00303	0.00606	0.68326	0.00606	0.00606
1	0.00780	0.00661	0.00673	0.00682	0.00893	0.00554	0.00507	0.00943	0.01486	0.01772	0.06479	0.10709	0.68239	0.01692	0.00782	0.00225	0.00336	0.01419	0.00611	0.00554
2	0.01320	0.03405	0.73453	0.01876	0.02849	0.01529	0.02432	0.02085	0.01390	0.02085	0.01181	0.01390	0.00834	0.00625	0.00625	0.00208	0.00973	0.00486	0.00278	0.00973
3	0.00914	0.00672	0.00856	0.00810	0.00973	0.00614	0.00607	0.01208	0.01822	0.02542	0.64901	0.05080	0.13782	0.01383	0.00777	0.00209	0.00313	0.01213	0.00712	0.00614
4	0.00892	0.00921	0.07946	0.00939	0.01151	0.00686	0.00774	0.01170	0.03610	0.01931	0.14911	0.35500	0.23800	0.01660	0.00786	0.00238	0.00420	0.01456	0.00598	0.00613
5	0.00942	0.00671	0.00871	0.00821	0.00976	0.00621	0.00615	0.01253	0.01846	0.02633	0.69933	0.04831	0.06052	0.01325	0.00765	0.00205	0.00310	0.01170	0.03538	0.00621
6	0.02414	0.08729	0.02017	0.01609	0.02009	0.51758	0.01256	0.18360	0.02109	0.02196	0.01140	0.01268	0.00911	0.00695	0.00595	0.00174	0.01041	0.00457	0.00409	0.00852
7	0.01760	0.77260	0.03450	0.01126	0.01690	0.02605	0.01126	0.01971	0.01338	0.01549	0.00915	0.01056	0.00845	0.00563	0.00422	0.00141	0.00704	0.00352	0.00282	0.00845
8	0.01243	0.01170	0.01975	0.75282	0.04534	0.01463	0.01828	0.01682	0.01316	0.01682	0.01170	0.01755	0.00878	0.00658	0.00658	0.00219	0.00878	0.00585	0.00293	0.00731
9	0.00822	0.00587	0.00786	0.00939	0.00986	0.00552	0.00645	0.00951	0.01280	0.01703	0.03618	0.71199	0.04311	0.02044	0.00846	0.00270	0.00399	0.06913	0.00611	0.00540
10	0.75233	0.01319	0.01048	0.00917	0.01334	0.01522	0.00756	0.07391	0.01277	0.03049	0.00969	0.01110	0.00745	0.00625	0.00427	0.00203	0.00526	0.00375	0.00427	0.00745
11	0.01604	0.01560	0.02728	0.07606	0.63993	0.01567	0.07195	0.02010	0.01494	0.02123	0.01242	0.01647	0.01031	0.00588	0.00662	0.00199	0.00812	0.00601	0.00325	0.01015
12	0.01568	0.01502	0.02562	0.15304	0.61971	0.01548	0.01990	0.01967	0.01470	0.02077	0.01228	0.01649	0.01017	0.00598	0.00653	0.00199	0.00797	0.00586	0.00321	0.00994
13	0.00866	0.00668	0.00793	0.00808	0.00965	0.00607	0.00588	0.01122	0.03661	0.02097	0.29764	0.23293	0.29118	0.01626	0.00790	0.00228	0.00343	0.01419	0.00654	0.00589
14	0.01358	0.01265	0.01977	0.36103	0.25804	0.02934	0.01641	0.01794	0.03887	0.01951	0.04901	0.02245	0.06675	0.00756	0.00662	0.00208	0.00751	0.00677	0.03594	0.00820
15	0.01023	0.00695	0.00899	0.00836	0.01013	0.00634	0.00631	0.01322	0.01842	0.06107	0.64931	0.04870	0.10013	0.01339	0.00771	0.00208	0.00324	0.01176	0.00722	0.00642
16	0.01629	0.01564	0.02672	0.04041	0.72757	0.01564	0.02020	0.02020	0.01499	0.02151	0.01238	0.01629	0.01043	0.00587	0.00652	0.00196	0.00782	0.00587	0.00326	0.01043
17	0.01293	0.00677	0.00684	0.00660	0.00832	0.00687	0.00501	0.05082	0.01469	0.02541	0.02118	0.02409	0.01658	0.00768	0.00470	0.00156	0.00328	0.00613	0.76414	0.00640
18	0.00821	0.00586	0.00786	0.00938	0.00985	0.00551	0.00644	0.00949	0.01279	0.01702	0.03618	0.71408	0.04313	0.02045	0.00845	0.00270	0.00398	0.06712	0.00611	0.00540
19	0.14839	0.02361	0.34884	0.01498	0.02213	0.01531	0.01642	0.15282	0.03999	0.05125	0.01312	0.01436	0.00951	0.00655	0.00583	0.00194	0.00766	0.00489	0.00417	0.09824
20	0.01508	0.29748	0.41628	0.01557	0.02327	0.01925	0.01834	0.02175	0.07886	0.01954	0.01225	0.01369	0.00947	0.00628	0.00557	0.00186	0.00834	0.00462	0.00316	0.00933
21	0.01760	0.77260	0.03450	0.01126	0.01690	0.02605	0.01126	0.01971	0.01338	0.01549	0.00915	0.01056	0.00845	0.00563	0.00422	0.00141	0.00704	0.00352	0.00282	0.00845
22	0.01664	0.01264	0.01391	0.01244	0.01566	0.01398	0.00955	0.14091	0.38510	0.06965	0.02644	0.16841	0.02315	0.05004	0.00839	0.00248	0.00536	0.00945	0.00651	0.00928
23	0.00899	0.00672	0.00834	0.00794	0.00963	0.00607	0.00595	0.01179	0.01786	0.02456	0.58372	0.05220	0.20364	0.01414	0.00777	0.00210	0.00315	0.01233	0.00700	0.00607
24	0.65460	0.01551	0.10068	0.01057	0.01504	0.01524	0.00982	0.01927	0.01145	0.02742	0.00946	0.01137	0.00739	0.00654	0.00568	0.00211	0.06268	0.00389	0.00382	0.00746
25	0.01742	0.74283	0.06271	0.01157	0.01736	0.02562	0.01179	0.01976	0.01340	0.01570	0.00926	0.01069	0.00844	0.00566	0.00431	0.00144	0.00715	0.00357	0.00281	0.00850
26	0.00916	0.00621	0.00730	0.00771	0.00781	0.00611	0.00455	0.00947	0.01038	0.01384	0.02488	0.23529	0.02916	0.56930	0.02682	0.00539	0.00570	0.01201	0.00455	0.00435
27	0.01629	0.01564	0.02672	0.04041	0.72757	0.01564	0.02020	0.02020	0.01499	0.02151	0.01238	0.01629	0.01043	0.00587	0.00652	0.00196	0.00782	0.00587	0.00326	0.01043
28	0.01588	0.01556	0.02754	0.09875	0.58977	0.01567	0.09943	0.02002	0.01490	0.02107	0.01243	0.01657	0.01024	0.00589	0.00667	0.00201	0.00828	0.00609	0.00324	0.00999
29	0.00924	0.00671	0.00875	0.00858	0.01007	0.00622	0.00650	0.01212	0.01770	0.02468	0.58232	0.10872	0.09078	0.01456	0.00792	0.00220	0.00341	0.06639	0.00701	0.00610
30	0.00810	0.00588	0.00765	0.00890	0.00952	0.00543	0.00603	0.00944	0.01326	0.01762	0.09127	0.65396	0.09912	0.01976	0.00830	0.00259	0.00373	0.01781	0.00620	0.00543
31	0.02586	0.01450	0.01684	0.01302	0.01792	0.01488	0.01072	0.37480	0.02463	0.32310	0.02042	0.01920	0.01374	0.00798	0.00644	0.00197	0.00624	0.00623	0.07071	0.01080
32	0.01021	0.00662	0.00871	0.00910	0.01038	0.00609	0.00660	0.01223	0.01531	0.07440	0.26039	0.39838	0.08501	0.01700	0.00806	0.00242	0.00382	0.05250	0.00663	0.00612
33	0.01554	0.01776	0.03885	0.02775	0.03441	0.01665	0.70366	0.02109	0.01554	0.02109	0.01332	0.01776	0.00999	0.00555	0.00777	0.00222	0.01110	0.00777	0.00333	0.00888
34	0.00810	0.00595	0.00763	0.00892	0.00963	0.00548	0.00615	0.00941	0.01308	0.01708	0.04080	0.62770	0.14595	0.01992	0.00834	0.00262	0.00385	0.04786	0.00611	0.00541
35	0.68087	0.01325	0.01176	0.01156	0.06756	0.01501	0.00853	0.06135	0.01294	0.05279	0.01037	0.01181	0.00793	0.00627	0.00450	0.00203	0.00545	0.00398	0.00430	0.00776
36	0.05064	0.01106	0.01225	0.01126	0.01414	0.01201	0.00884	0.08840	0.28539	0.04991	0.14226	0.09154	0.04539	0.01132	0.00697	0.00222	0.00482	0.07299	0.07018	0.00840
37	0.01926	0.07243	0.02385	0.01701	0.02194	0.01592	0.20112	0.19601	0.03734	0.12570	0.01756	0.06740	0.01430	0.00827	0.00764	0.00207	0.04925	0.02837	0.00517	0.06936

[dist]
# distance from previous block
# <min> <max>
0	1

[block]
# block no. 1 follows, 33 sequences, length 35
# corresponding to MSA columns:
# 39-73
name=unknown_B
#
# <colnr> <probs for GDERKNQSTAVLIFYWHMCP>
#	G	D	E	R	K	N	Q	S	T	A	V	L	I	F	Y	W	H	M	C	P
0	0.01511	0.01052	0.01321	0.01068	0.01416	0.00991	0.00848	0.04031	0.01448	0.12348	0.08000	0.02416	0.08667	0.01168	0.03776	0.08201	0.10231	0.00658	0.00487	0.30363
1	0.20504	0.02178	0.01666	0.01504	0.04485	0.32565	0.01134	0.14874	0.05431	0.07839	0.01308	0.01392	0.00991	0.00701	0.00574	0.00189	0.00852	0.00479	0.00465	0.00868
2	0.01611	0.01546	0.02639	0.07414	0.69526	0.01559	0.02011	0.02004	0.01490	0.02129	0.01235	0.01635	0.01035	0.00590	0.00652	0.00197	0.00787	0.00586	0.00324	0.01028
3	0.00791	0.00654	0.00694	0.00711	0.00904	0.00557	0.00523	0.00960	0.01491	0.01819	0.10397	0.15847	0.58980	0.01701	0.00786	0.00228	0.00339	0.01443	0.00618	0.00557
4	0.01353	0.08637	0.05102	0.01099	0.01423	0.01088	0.04155	0.07512	0.03915	0.07313	0.45592	0.03671	0.04296	0.01098	0.00713	0.00201	0.00479	0.00953	0.00638	0.00762
5	0.00813	0.00581	0.00774	0.00909	0.00957	0.00542	0.00612	0.00944	0.01312	0.01762	0.09499	0.70330	0.04513	0.02001	0.00835	0.00262	0.00376	0.01813	0.00621	0.00542
6	0.01627	0.01759	0.03597	0.02597	0.03207	0.01720	0.59874	0.07917	0.01649	0.02248	0.01322	0.01737	0.01000	0.00615	0.00859	0.00224	0.06045	0.00748	0.00358	0.00896
7	0.01570	0.01503	0.02551	0.10018	0.64725	0.01525	0.01957	0.01958	0.01483	0.02099	0.01399	0.01785	0.03224	0.00626	0.00656	0.00198	0.00776	0.00611	0.00332	0.01001
8	0.73646	0.01459	0.01057	0.00948	0.01349	0.08717	0.00769	0.02004	0.01195	0.02820	0.00927	0.01081	0.00726	0.00618	0.00426	0.00200	0.00577	0.00363	0.00401	0.00718
9	0.63847	0.01554	0.01236	0.01251	0.07479	0.11467	0.00901	0.02038	0.01255	0.02701	0.00958	0.01133	0.00760	0.00618	0.00454	0.00198	0.00626	0.00385	0.00391	0.00748
10	0.02014	0.01677	0.01601	0.01333	0.01726	0.12237	0.01058	0.34812	0.09345	0.05103	0.09287	0.05989	0.08946	0.00988	0.00682	0.00203	0.00671	0.00784	0.00617	0.00926
11	0.01171	0.00989	0.01167	0.01243	0.08253	0.05698	0.00833	0.04210	0.03862	0.02489	0.48473	0.07609	0.08935	0.01244	0.00747	0.00207	0.00443	0.01087	0.00643	0.00697
12	0.00802	0.00573	0.00764	0.00917	0.00955	0.00535	0.00611	0.00917	0.01260	0.01681	0.03628	0.76434	0.04354	0.02062	0.00840	0.00267	0.00382	0.01872	0.00611	0.00535
13	0.01596	0.01531	0.02613	0.10122	0.66934	0.01556	0.02004	0.01992	0.01483	0.02111	0.01232	0.01640	0.01029	0.00593	0.00652	0.00198	0.00790	0.00586	0.00323	0.01016
14	0.01830	0.69883	0.03292	0.01183	0.01724	0.09732	0.01141	0.02037	0.01390	0.01555	0.00925	0.01069	0.00845	0.00575	0.00439	0.00144	0.00752	0.00359	0.00287	0.00837
15	0.01415	0.01406	0.01966	0.01696	0.01698	0.01957	0.01407	0.01558	0.01018	0.01588	0.00974	0.04432	0.01003	0.01189	0.02108	0.00287	0.72656	0.00628	0.00301	0.00713
16	0.00778	0.00667	0.00667	0.00667	0.00889	0.00556	0.00500	0.00945	0.01501	0.01778	0.06669	0.06336	0.72490	0.01667	0.00778	0.00222	0.00333	0.01389	0.00611	0.00556
17	0.02061	0.01625	0.01727	0.01425	0.01873	0.01835	0.01144	0.36330	0.38046	0.03437	0.02141	0.02028	0.01574	0.00843	0.00664	0.00211	0.00621	0.00670	0.00664	0.01080
18	0.00802	0.00573	0.00764	0.00917	0.00955	0.00535	0.00611	0.00917	0.01260	0.01681	0.03628	0.76434	0.04354	0.02062	0.00840	0.00267	0.00382	0.01872	0.00611	0.00535
19	0.23315	0.26560	0.26736	0.01315	0.01951	0.01819	0.01453	0.01959	0.01295	0.02130	0.01114	0.01425	0.00923	0.00755	0.02464	0.00211	0.00768	0.02642	0.00327	0.00838
20	0.01760	0.77260	0.03450	0.01126	0.01690	0.02605	0.01126	0.01971	0.01338	0.01549	0.00915	0.01056	0.00845	0.00563	0.00422	0.00141	0.00704	0.00352	0.00282	0.00845
21	0.00940	0.00705	0.01058	0.01058	0.01176	0.00823	0.00823	0.01176	0.01058	0.01528	0.01763	0.02586	0.01646	0.04937	0.74255	0.01058	0.01763	0.00705	0.00353	0.00588
22	0.01320	0.03405	0.73453	0.01876	0.02849	0.01529	0.02432	0.02085	0.01390	0.02085	0.01181	0.01390	0.00834	0.00625	0.00625	0.00208	0.00973	0.00486	0.00278	0.00973
23	0.00849	0.00670	0.00766	0.00742	0.00933	0.00586	0.00556	0.01083	0.01669	0.02179	0.37213	0.05677	0.41696	0.01518	0.00777	0.00215	0.00323	0.01297	0.00664	0.00586
24	0.01440	0.01440	0.02016	0.01728	0.01728	0.02016	0.01440	0.01584	0.01008	0.01584	0.00864	0.01440	0.00864	0.01152	0.02160	0.00288	0.75659	0.00576	0.00288	0.00720
25	0.01966	0.51864	0.05276	0.01303	0.01835	0.15455	0.01212	0.10789	0.01658	0.01907	0.01027	0.01157	0.00880	0.00615	0.00490	0.00155	0.00803	0.00400	0.00340	0.00869
26	0.47439	0.06050	0.04499	0.01213	0.01632	0.13649	0.05169	0.02013	0.01335	0.02462	0.01226	0.01777	0.01072	0.00737	0.00521	0.00206	0.00700	0.07163	0.00399	0.00740
27	0.01637	0.01414	0.01489	0.01340	0.01712	0.01637	0.01042	0.03498	0.71568	0.02754	0.02679	0.02456	0.02010	0.00893	0.00670	0.00223	0.00521	0.00744	0.00670	0.01042
28	0.01973	0.02213	0.01658	0.01495	0.01759	0.41331	0.01145	0.08904	0.01695	0.01827	0.01274	0.01702	0.01124	0.05270	0.16993	0.00399	0.07585	0.00541	0.00372	0.00739
29	0.00802	0.00573	0.00764	0.00917	0.00955	0.00535	0.00611	0.00917	0.01260	0.01681	0.03628	0.76434	0.04354	0.02062	0.00840	0.00267	0.00382	0.01872	0.00611	0.00535
30	0.01364	0.10756	0.66486	0.01802	0.02734	0.01636	0.02302	0.02074	0.01385	0.02032	0.01155	0.01357	0.00835	0.00619	0.00605	0.00202	0.00946	0.00473	0.00278	0.00960
31	0.00802	0.00573	0.00764	0.00917	0.00955	0.00535	0.00611	0.00917	0.01260	0.01681	0.03628	0.76434	0.04354	0.02062	0.00840	0.00267	0.00382	0.01872	0.00611	0.00535
32	0.00940	0.00705	0.01058	0.01058	0.01176	0.00823	0.00823	0.01176	0.01058	0.01528	0.01763	0.02586	0.01646	0.04937	0.74255	0.01058	0.01763	0.00705	0.00353	0.00588
33	0.00940	0.00705	0.01058	0.01058	0.01176	0.00823	0.00823	0.01176	0.01058	0.01528	0.01763	0.02586	0.01646	0.04937	0.74255	0.01058	0.01763	0.00705	0.00353	0.00588
34	0.01054	0.00773	0.00942	0.00972	0.01113	0.00759	0.00703	0.10398	0.01614	0.02150	0.11964	0.48318	0.10903	0.01756	0.00804	0.00247	0.00423	0.03846	0.00631	0.00629

[dist]
# distance from previous block
# <min> <max>
0	0

# created by:
# /home/berkeley/.conda/envs/busco_data_prod/bin/msa2prfl.pl pipeline/OGs_align_augustus/4893/18222.fs
