[name]
unknown

[dist]
# distance from previous block
# <min> <max>
0	47

[block]
# block no. 0 follows, 33 sequences, length 97
# corresponding to MSA columns:
# 55-151
name=unknown_A
#
# <colnr> <probs for GDERKNQSTAVLIFYWHMCP>
#	G	D	E	R	K	N	Q	S	T	A	V	L	I	F	Y	W	H	M	C	P
0	0.00965	0.00647	0.00742	0.00753	0.00764	0.00647	0.00446	0.00986	0.00997	0.01326	0.02174	0.04529	0.02492	0.71537	0.03177	0.00614	0.00636	0.05740	0.00414	0.00414
1	0.01441	0.01280	0.01489	0.04052	0.01758	0.03747	0.02558	0.03796	0.01439	0.02166	0.01181	0.01391	0.00971	0.00512	0.00511	0.00111	0.00552	0.00415	0.00391	0.70238
2	0.00912	0.00615	0.00802	0.00903	0.00988	0.00567	0.00627	0.01038	0.01330	0.04599	0.06678	0.57860	0.11676	0.01939	0.00889	0.03181	0.00395	0.03832	0.00612	0.00557
3	0.01650	0.07457	0.24846	0.05284	0.04033	0.09462	0.08527	0.05043	0.08348	0.06073	0.01508	0.04723	0.01222	0.02956	0.00824	0.00222	0.05913	0.00622	0.00394	0.00892
4	0.01674	0.06842	0.02232	0.21147	0.30169	0.04344	0.01625	0.10669	0.01666	0.05137	0.01596	0.04574	0.04010	0.00740	0.00648	0.00201	0.00767	0.00647	0.00400	0.00914
5	0.00848	0.00622	0.00813	0.00921	0.01004	0.00563	0.00625	0.00977	0.01269	0.01718	0.03428	0.70302	0.04078	0.01934	0.00811	0.00253	0.00391	0.01750	0.00593	0.07099
6	0.01546	0.01277	0.01462	0.01061	0.01637	0.01062	0.00855	0.12601	0.01640	0.02463	0.01235	0.01399	0.00998	0.00536	0.00515	0.00113	0.00525	0.00422	0.00433	0.68219
7	0.01676	0.58855	0.07231	0.03570	0.01812	0.05288	0.01192	0.01988	0.04049	0.01675	0.03474	0.04317	0.01208	0.00673	0.00487	0.00159	0.00713	0.00474	0.00327	0.00833
8	0.07355	0.16700	0.50302	0.01625	0.02438	0.01721	0.01971	0.04632	0.01415	0.02112	0.01146	0.01348	0.00862	0.00750	0.02806	0.00221	0.00904	0.00463	0.00305	0.00924
9	0.00807	0.00581	0.00765	0.00903	0.00954	0.00539	0.00607	0.00931	0.01295	0.01724	0.06596	0.70793	0.07033	0.02018	0.00835	0.00263	0.00377	0.01825	0.00616	0.00539
10	0.00854	0.00629	0.00807	0.00898	0.01000	0.00581	0.00651	0.01036	0.01441	0.01909	0.16851	0.43806	0.15235	0.01838	0.00827	0.00254	0.00389	0.09801	0.00632	0.00563
11	0.01572	0.01467	0.04427	0.01993	0.10320	0.04115	0.21569	0.06386	0.01493	0.06987	0.01628	0.06486	0.01473	0.13023	0.03875	0.00313	0.07565	0.00768	0.00412	0.04128
12	0.01336	0.06084	0.70914	0.01849	0.02807	0.01568	0.02385	0.02081	0.01388	0.02065	0.01172	0.01378	0.00834	0.00623	0.00618	0.00206	0.00963	0.00482	0.00278	0.00968
13	0.00860	0.00663	0.00785	0.00770	0.00943	0.00588	0.00571	0.01097	0.01671	0.02219	0.40607	0.10886	0.32905	0.01530	0.00782	0.00218	0.00325	0.01322	0.00670	0.00588
14	0.00892	0.00628	0.00733	0.00768	0.00818	0.00600	0.00481	0.00965	0.01170	0.01540	0.07952	0.22445	0.12818	0.42791	0.02198	0.00459	0.00510	0.01259	0.00503	0.00469
15	0.02429	0.01771	0.01908	0.01483	0.01993	0.01958	0.01218	0.60958	0.10230	0.06639	0.01735	0.01698	0.01232	0.00802	0.00660	0.00201	0.00697	0.00611	0.00666	0.01111
16	0.01504	0.01497	0.01802	0.01563	0.01615	0.08787	0.01258	0.04092	0.01159	0.01633	0.01090	0.01859	0.01105	0.12652	0.02136	0.00327	0.54288	0.00620	0.00323	0.00690
17	0.00829	0.00582	0.00766	0.00898	0.00949	0.00544	0.00606	0.00965	0.01308	0.01779	0.08386	0.68398	0.04375	0.01959	0.00820	0.00258	0.00374	0.01772	0.03887	0.00544
18	0.01562	0.01246	0.01427	0.02770	0.01669	0.03112	0.00850	0.04031	0.01477	0.08019	0.01296	0.01448	0.01027	0.00534	0.00515	0.00114	0.00531	0.00424	0.00430	0.67518
19	0.01554	0.01776	0.03885	0.02775	0.03441	0.01665	0.70366	0.02109	0.01554	0.02109	0.01332	0.01776	0.00999	0.00555	0.00777	0.00222	0.01110	0.00777	0.00333	0.00888
20	0.08727	0.01535	0.07606	0.14062	0.02594	0.01357	0.17367	0.07766	0.01530	0.02309	0.01250	0.01553	0.00963	0.00588	0.00601	0.00176	0.00753	0.00542	0.02753	0.25965
21	0.01726	0.71460	0.08947	0.01185	0.01781	0.02520	0.01229	0.01980	0.01342	0.01591	0.00936	0.01082	0.00844	0.00568	0.00438	0.00146	0.00725	0.00363	0.00281	0.00855
22	0.01257	0.01184	0.01999	0.72822	0.06890	0.01466	0.01835	0.01694	0.01323	0.01698	0.01172	0.01751	0.00883	0.00656	0.00658	0.00219	0.00874	0.00585	0.00294	0.00742
23	0.00801	0.00576	0.00760	0.00907	0.00952	0.00535	0.00607	0.00918	0.01269	0.01684	0.03741	0.73846	0.06869	0.02048	0.00838	0.00266	0.00380	0.01854	0.00611	0.00535
24	0.01980	0.02118	0.02262	0.04342	0.11247	0.26123	0.13709	0.10004	0.17080	0.02296	0.01530	0.01685	0.01183	0.00703	0.00659	0.00199	0.00917	0.00601	0.00442	0.00919
25	0.01160	0.00703	0.00898	0.00929	0.01073	0.00669	0.00690	0.03386	0.01519	0.08459	0.14826	0.36671	0.03860	0.01569	0.00758	0.00236	0.00409	0.08749	0.12798	0.00639
26	0.01445	0.00849	0.00901	0.00839	0.01067	0.00890	0.00643	0.04366	0.15794	0.06919	0.02321	0.05236	0.01832	0.00846	0.00537	0.00177	0.00383	0.00691	0.53518	0.00747
27	0.00873	0.00650	0.00856	0.00967	0.01027	0.00650	0.00668	0.01084	0.04639	0.01749	0.05384	0.64699	0.04048	0.02107	0.04670	0.00305	0.02763	0.01698	0.00594	0.00570
28	0.00871	0.00645	0.00813	0.00826	0.00960	0.00587	0.00598	0.01104	0.01638	0.02235	0.42695	0.24684	0.16724	0.01595	0.00794	0.00226	0.00334	0.01410	0.00675	0.00587
29	0.02451	0.04880	0.01938	0.01634	0.02027	0.53971	0.01263	0.19788	0.02162	0.02251	0.01157	0.01283	0.00917	0.00703	0.00605	0.00176	0.01057	0.00465	0.00418	0.00856
30	0.01515	0.01459	0.02356	0.26236	0.44667	0.03839	0.01877	0.01887	0.01419	0.01940	0.01195	0.01658	0.00981	0.00677	0.00755	0.02371	0.03369	0.00580	0.00313	0.00904
31	0.01358	0.01299	0.02237	0.53430	0.22623	0.01498	0.04637	0.01789	0.01374	0.01824	0.01195	0.01723	0.00926	0.00635	0.00661	0.00213	0.00862	0.00593	0.00303	0.00820
32	0.01078	0.00666	0.00769	0.00771	0.00873	0.00666	0.00537	0.03113	0.01266	0.01881	0.04833	0.09195	0.07355	0.24066	0.06112	0.06053	0.00545	0.03456	0.26237	0.00529
33	0.01815	0.01936	0.01594	0.01440	0.01681	0.32065	0.01119	0.09127	0.01618	0.01876	0.01335	0.01749	0.01162	0.02111	0.24323	0.00470	0.10187	0.00556	0.03101	0.00734
34	0.01595	0.01652	0.06684	0.18716	0.31500	0.04346	0.05958	0.07525	0.01558	0.02145	0.01215	0.01600	0.00974	0.00655	0.00750	0.00202	0.05958	0.00573	0.00345	0.06048
35	0.00799	0.00641	0.00714	0.00752	0.00916	0.00556	0.00542	0.00964	0.01466	0.01830	0.11818	0.25887	0.47309	0.01749	0.00795	0.00234	0.00345	0.01507	0.00622	0.00556
36	0.05849	0.01108	0.01480	0.01146	0.01637	0.00973	0.00944	0.03080	0.01854	0.67663	0.05389	0.02306	0.01782	0.00829	0.00657	0.00204	0.00548	0.00672	0.00796	0.01085
37	0.01346	0.01115	0.01219	0.01157	0.01440	0.01219	0.00899	0.05210	0.39293	0.02409	0.03552	0.13646	0.14880	0.01284	0.00738	0.00237	0.00487	0.08381	0.00644	0.00844
38	0.01622	0.01603	0.02621	0.03501	0.55175	0.04080	0.07844	0.01999	0.01479	0.02095	0.01213	0.01597	0.01017	0.00613	0.00736	0.00195	0.05103	0.00583	0.00329	0.06595
39	0.00804	0.00586	0.00758	0.00888	0.00949	0.00540	0.00600	0.00931	0.01306	0.01724	0.06334	0.66779	0.11384	0.01997	0.00832	0.00261	0.00375	0.01799	0.00615	0.00540
40	0.00826	0.00616	0.00768	0.00842	0.00947	0.00559	0.00589	0.00995	0.01447	0.01915	0.19550	0.45064	0.19846	0.01816	0.00812	0.00244	0.00355	0.01614	0.00636	0.00559
41	0.00940	0.00705	0.01058	0.01058	0.01176	0.00823	0.00823	0.01176	0.01058	0.01528	0.01763	0.02586	0.01646	0.04937	0.74255	0.01058	0.01763	0.00705	0.00353	0.00588
42	0.01403	0.01308	0.02014	0.62838	0.08473	0.03742	0.01778	0.07141	0.01484	0.01903	0.01202	0.01716	0.00906	0.00665	0.00656	0.00215	0.00869	0.00581	0.00325	0.00782
43	0.01243	0.01170	0.01975	0.75282	0.04534	0.01463	0.01828	0.01682	0.01316	0.01682	0.01170	0.01755	0.00878	0.00658	0.00658	0.00219	0.00878	0.00585	0.00293	0.00731
44	0.00788	0.00670	0.00681	0.00686	0.00906	0.00563	0.00520	0.00960	0.01501	0.01785	0.06556	0.06374	0.70044	0.01673	0.00783	0.00225	0.00343	0.03772	0.00611	0.00558
45	0.00940	0.00705	0.01058	0.01058	0.01176	0.00823	0.00823	0.01176	0.01058	0.01528	0.01763	0.02586	0.01646	0.04937	0.74255	0.01058	0.01763	0.00705	0.00353	0.00588
46	0.00802	0.00573	0.00764	0.00917	0.00955	0.00535	0.00611	0.00917	0.01260	0.01681	0.03628	0.76434	0.04354	0.02062	0.00840	0.00267	0.00382	0.01872	0.00611	0.00535
47	0.02459	0.03138	0.01866	0.01696	0.02035	0.74221	0.01272	0.02629	0.01866	0.01611	0.01018	0.01187	0.00848	0.00678	0.00594	0.00170	0.01187	0.00424	0.00339	0.00763
48	0.01760	0.77260	0.03450	0.01126	0.01690	0.02605	0.01126	0.01971	0.01338	0.01549	0.00915	0.01056	0.00845	0.00563	0.00422	0.00141	0.00704	0.00352	0.00282	0.00845
49	0.02503	0.01844	0.01976	0.01515	0.02042	0.02042	0.01251	0.70562	0.03095	0.04149	0.01581	0.01581	0.01120	0.00790	0.00659	0.00198	0.00724	0.00593	0.00659	0.01120
50	0.02459	0.03138	0.01866	0.01696	0.02035	0.74221	0.01272	0.02629	0.01866	0.01611	0.01018	0.01187	0.00848	0.00678	0.00594	0.00170	0.01187	0.00424	0.00339	0.00763
51	0.00932	0.00673	0.00880	0.00828	0.00984	0.00621	0.00621	0.01242	0.01863	0.02640	0.72410	0.04918	0.06212	0.01346	0.00776	0.00207	0.00311	0.01191	0.00725	0.00621
52	0.00926	0.00673	0.00872	0.00822	0.00980	0.00619	0.00617	0.01232	0.01851	0.02609	0.70069	0.04968	0.08571	0.01357	0.00777	0.00208	0.00311	0.01198	0.00721	0.00619
53	0.01429	0.01576	0.09717	0.34724	0.31230	0.01521	0.01919	0.01972	0.05780	0.01977	0.01293	0.01711	0.01009	0.00641	0.00653	0.00209	0.00827	0.00585	0.00328	0.00900
54	0.02503	0.01844	0.01976	0.01515	0.02042	0.02042	0.01251	0.70562	0.03095	0.04149	0.01581	0.01581	0.01120	0.00790	0.00659	0.00198	0.00724	0.00593	0.00659	0.01120
55	0.01785	0.74692	0.03400	0.01140	0.01702	0.02586	0.01131	0.04307	0.01398	0.01637	0.00938	0.01074	0.00854	0.00571	0.00430	0.00143	0.00705	0.00360	0.00294	0.00854
56	0.00995	0.00681	0.00847	0.00830	0.00925	0.00688	0.00569	0.01118	0.01168	0.04033	0.08399	0.04092	0.12357	0.37395	0.22446	0.00646	0.00879	0.00957	0.00457	0.00517
57	0.01023	0.00737	0.01000	0.01112	0.01263	0.00723	0.00947	0.01307	0.01537	0.02015	0.12045	0.06939	0.08639	0.04364	0.00969	0.00298	0.00553	0.53318	0.00614	0.00597
58	0.02236	0.16261	0.02170	0.01590	0.01943	0.51561	0.01261	0.04984	0.01734	0.01694	0.01006	0.01203	0.00859	0.00708	0.00718	0.00177	0.08340	0.00432	0.00336	0.00787
59	0.00809	0.00593	0.00761	0.00877	0.00949	0.00544	0.00598	0.00946	0.01340	0.01770	0.09538	0.61683	0.13264	0.01954	0.00827	0.00257	0.00370	0.01755	0.00620	0.00544
60	0.02912	0.01130	0.01527	0.01177	0.01682	0.00989	0.00970	0.03218	0.04108	0.70965	0.02600	0.02248	0.01642	0.00817	0.00662	0.00204	0.00559	0.00665	0.00810	0.01118
61	0.00805	0.00668	0.00704	0.00695	0.00906	0.00567	0.00521	0.00996	0.01564	0.01928	0.18087	0.06089	0.60979	0.01611	0.00778	0.00220	0.00329	0.01355	0.00631	0.00567
62	0.02459	0.03138	0.01866	0.01696	0.02035	0.74221	0.01272	0.02629	0.01866	0.01611	0.01018	0.01187	0.00848	0.00678	0.00594	0.00170	0.01187	0.00424	0.00339	0.00763
63	0.01144	0.00572	0.00858	0.00858	0.00858	0.00572	0.00572	0.00858	0.00858	0.01144	0.01144	0.02001	0.01144	0.02287	0.02573	0.80846	0.00572	0.00572	0.00286	0.00286
64	0.01703	0.01447	0.01525	0.01353	0.01737	0.01668	0.01058	0.08557	0.66403	0.02859	0.02597	0.02390	0.01942	0.00885	0.00669	0.00221	0.00536	0.00733	0.00669	0.01048
65	0.00838	0.00606	0.00794	0.00892	0.00957	0.00582	0.00609	0.00976	0.01279	0.01716	0.09121	0.52362	0.08479	0.08441	0.08737	0.00373	0.00539	0.01587	0.00576	0.00538
66	0.00808	0.00579	0.00758	0.00899	0.00943	0.00540	0.00598	0.00919	0.01257	0.01668	0.03681	0.70808	0.06875	0.05107	0.00941	0.00281	0.00391	0.01816	0.00602	0.00530
67	0.01705	0.01652	0.01551	0.01452	0.04140	0.20955	0.01095	0.14657	0.01710	0.02112	0.03778	0.02219	0.01508	0.04752	0.25959	0.00508	0.05996	0.03072	0.00424	0.00755
68	0.00814	0.00659	0.00725	0.00742	0.00928	0.00570	0.00551	0.01001	0.01526	0.01904	0.16212	0.15112	0.51388	0.01674	0.00790	0.00228	0.00345	0.03639	0.00628	0.00565
69	0.01365	0.01170	0.01365	0.00975	0.01560	0.00878	0.00780	0.01658	0.01365	0.02145	0.01170	0.01365	0.00975	0.00488	0.00488	0.00098	0.00488	0.00390	0.00390	0.80888
70	0.02399	0.01946	0.01881	0.01475	0.01979	0.12904	0.01196	0.50721	0.02688	0.06178	0.01492	0.01524	0.01083	0.00744	0.00632	0.00183	0.00765	0.00549	0.00589	0.09072
71	0.01401	0.01234	0.01350	0.09385	0.01675	0.10612	0.03752	0.10483	0.01455	0.01837	0.01807	0.07859	0.01838	0.31210	0.10858	0.00482	0.00890	0.00822	0.00419	0.00631
72	0.00870	0.00881	0.08391	0.01011	0.01155	0.00650	0.00805	0.01055	0.01277	0.01719	0.03399	0.61638	0.05915	0.04728	0.00913	0.00275	0.00459	0.03712	0.00568	0.00578
73	0.01931	0.01783	0.06208	0.01810	0.12460	0.15361	0.05223	0.09787	0.01785	0.12653	0.05932	0.02098	0.01544	0.03373	0.00735	0.00200	0.00768	0.03160	0.00482	0.12707
74	0.01320	0.03405	0.73453	0.01876	0.02849	0.01529	0.02432	0.02085	0.01390	0.02085	0.01181	0.01390	0.00834	0.00625	0.00625	0.00208	0.00973	0.00486	0.00278	0.00973
75	0.01443	0.17664	0.33897	0.01670	0.02390	0.01621	0.13349	0.01973	0.01404	0.02024	0.01253	0.01497	0.00965	0.00604	0.00581	0.00182	0.00832	0.00514	0.08712	0.07423
76	0.01361	0.11812	0.36245	0.04204	0.02266	0.01415	0.06068	0.01818	0.01369	0.04588	0.04210	0.02051	0.06982	0.01048	0.03258	0.08686	0.00836	0.00613	0.00349	0.00817
77	0.02521	0.01745	0.01906	0.01469	0.01988	0.01903	0.01211	0.60290	0.05563	0.12012	0.01739	0.01690	0.01212	0.00797	0.00659	0.00199	0.00698	0.00606	0.00677	0.01117
78	0.01251	0.01185	0.02021	0.73507	0.04507	0.01468	0.03506	0.01692	0.01322	0.01692	0.01174	0.01756	0.00881	0.00656	0.00661	0.00219	0.00883	0.00590	0.00294	0.00735
79	0.10110	0.06796	0.11231	0.05093	0.27821	0.04176	0.01534	0.04146	0.01503	0.11183	0.01529	0.06335	0.01289	0.03617	0.00721	0.00217	0.00731	0.00632	0.00417	0.00920
80	0.00817	0.00652	0.00732	0.00747	0.00922	0.00567	0.00547	0.01007	0.01540	0.01956	0.20972	0.18262	0.45630	0.01664	0.00789	0.00227	0.00337	0.01429	0.00637	0.00567
81	0.02954	0.01120	0.01528	0.01171	0.01681	0.00968	0.00968	0.03208	0.01884	0.73213	0.02597	0.02241	0.01630	0.00815	0.00662	0.00204	0.00560	0.00662	0.00815	0.01120
82	0.02379	0.11633	0.02047	0.01631	0.01996	0.66013	0.01255	0.02553	0.01805	0.01604	0.01006	0.01172	0.00848	0.00665	0.00574	0.00166	0.01132	0.00416	0.00333	0.00773
83	0.04874	0.03820	0.11667	0.12821	0.06835	0.03221	0.03571	0.08087	0.01570	0.11498	0.01980	0.09495	0.04269	0.01235	0.06096	0.00280	0.03388	0.03989	0.00464	0.00837
84	0.01629	0.01564	0.02672	0.04041	0.72757	0.01564	0.02020	0.02020	0.01499	0.02151	0.01238	0.01629	0.01043	0.00587	0.00652	0.00196	0.00782	0.00587	0.00326	0.01043
85	0.00802	0.00573	0.00764	0.00917	0.00955	0.00535	0.00611	0.00917	0.01260	0.01681	0.03628	0.76434	0.04354	0.02062	0.00840	0.00267	0.00382	0.01872	0.00611	0.00535
86	0.01582	0.09352	0.03652	0.23185	0.23658	0.01583	0.04208	0.06974	0.05899	0.05052	0.05081	0.04066	0.01422	0.00730	0.00648	0.00203	0.00752	0.00649	0.00405	0.00898
87	0.04530	0.01379	0.02060	0.02735	0.40019	0.01426	0.01518	0.12283	0.01675	0.04655	0.01787	0.16585	0.01717	0.00943	0.00739	0.00214	0.03514	0.00838	0.00451	0.00931
88	0.00802	0.00573	0.00764	0.00917	0.00955	0.00535	0.00611	0.00917	0.01260	0.01681	0.03628	0.76434	0.04354	0.02062	0.00840	0.00267	0.00382	0.01872	0.00611	0.00535
89	0.00778	0.00667	0.00667	0.00667	0.00889	0.00556	0.00500	0.00945	0.01501	0.01778	0.06669	0.06336	0.72490	0.01667	0.00778	0.00222	0.00333	0.01389	0.00611	0.00556
90	0.03996	0.06620	0.08990	0.25262	0.05349	0.01544	0.06561	0.10478	0.03800	0.04315	0.01359	0.01726	0.01052	0.00925	0.03307	0.04376	0.04416	0.00580	0.04525	0.00821
91	0.01762	0.01416	0.01514	0.01338	0.01726	0.01615	0.01047	0.06703	0.63895	0.07251	0.02621	0.02401	0.01943	0.00883	0.00669	0.00221	0.00533	0.00732	0.00678	0.01051
92	0.00845	0.00591	0.00751	0.00862	0.00890	0.00563	0.00553	0.00928	0.01177	0.01570	0.03201	0.56618	0.03815	0.22613	0.01530	0.00369	0.00452	0.01620	0.00553	0.00497
93	0.01609	0.01874	0.14653	0.04109	0.07961	0.01580	0.25725	0.15907	0.01793	0.02451	0.01822	0.04700	0.05849	0.00809	0.00777	0.00220	0.03934	0.02895	0.00423	0.00908
94	0.01968	0.04108	0.01742	0.09531	0.02081	0.13515	0.01184	0.25748	0.12544	0.05518	0.10897	0.02306	0.01944	0.00874	0.00666	0.00202	0.00722	0.02966	0.00568	0.00916
95	0.02411	0.05152	0.01938	0.01761	0.04467	0.69713	0.01294	0.02589	0.01838	0.01628	0.01022	0.01199	0.00855	0.00672	0.00591	0.00170	0.01160	0.00428	0.00337	0.00775
96	0.04024	0.04167	0.12787	0.03753	0.13672	0.03530	0.07708	0.08419	0.01612	0.02259	0.04134	0.04019	0.10898	0.00800	0.00638	0.00186	0.00701	0.00691	0.00421	0.15581

[dist]
# distance from previous block
# <min> <max>
0	1

[block]
# block no. 1 follows, 33 sequences, length 139
# corresponding to MSA columns:
# 153-291
name=unknown_B
#
# <colnr> <probs for GDERKNQSTAVLIFYWHMCP>
#	G	D	E	R	K	N	Q	S	T	A	V	L	I	F	Y	W	H	M	C	P
0	0.01432	0.07878	0.09323	0.18224	0.04738	0.07353	0.06834	0.01757	0.01356	0.04619	0.03968	0.07084	0.01519	0.07660	0.06069	0.00309	0.08050	0.00709	0.00369	0.00750
1	0.01741	0.01188	0.01324	0.03712	0.04111	0.05101	0.00922	0.02406	0.20155	0.20072	0.03338	0.05577	0.18453	0.01038	0.00677	0.00206	0.00531	0.00861	0.03330	0.05258
2	0.00959	0.00730	0.00898	0.00961	0.01080	0.00729	0.00679	0.01393	0.12751	0.02028	0.15808	0.49335	0.06653	0.01732	0.00799	0.00248	0.00390	0.01551	0.00641	0.00633
3	0.01793	0.02600	0.20265	0.09944	0.05278	0.28165	0.16274	0.02229	0.01583	0.01861	0.01145	0.01446	0.00887	0.00648	0.00696	0.00200	0.03282	0.00542	0.00316	0.00847
4	0.01932	0.01312	0.01422	0.01200	0.01550	0.03874	0.00960	0.31387	0.03936	0.10491	0.06680	0.11073	0.02141	0.01033	0.00668	0.00206	0.00576	0.04834	0.13833	0.00891
5	0.00891	0.00671	0.00823	0.00785	0.00959	0.00604	0.00589	0.01163	0.01767	0.02411	0.54975	0.05294	0.23789	0.01431	0.00777	0.00211	0.00317	0.01243	0.00695	0.00604
6	0.01487	0.02253	0.24950	0.02426	0.03171	0.01622	0.46069	0.02174	0.05144	0.02135	0.01356	0.01694	0.01001	0.00594	0.00725	0.00218	0.01038	0.00687	0.00334	0.00922
7	0.01144	0.00572	0.00858	0.00858	0.00858	0.00572	0.00572	0.00858	0.00858	0.01144	0.01144	0.02001	0.01144	0.02287	0.02573	0.80846	0.00572	0.00572	0.00286	0.00286
8	0.00822	0.00669	0.00728	0.00713	0.00916	0.00574	0.00535	0.01030	0.01604	0.02025	0.25453	0.05930	0.53553	0.01575	0.00778	0.00218	0.00327	0.01333	0.00644	0.00574
9	0.01243	0.01170	0.01975	0.75282	0.04534	0.01463	0.01828	0.01682	0.01316	0.01682	0.01170	0.01755	0.00878	0.00658	0.00658	0.00219	0.00878	0.00585	0.00293	0.00731
10	0.00783	0.00667	0.00674	0.00672	0.00892	0.00558	0.00504	0.00954	0.01512	0.01806	0.08805	0.06290	0.70336	0.01657	0.00778	0.00222	0.00333	0.01383	0.00615	0.00558
11	0.02459	0.03138	0.01866	0.01696	0.02035	0.74221	0.01272	0.02629	0.01866	0.01611	0.01018	0.01187	0.00848	0.00678	0.00594	0.00170	0.01187	0.00424	0.00339	0.00763
12	0.01144	0.00572	0.00858	0.00858	0.00858	0.00572	0.00572	0.00858	0.00858	0.01144	0.01144	0.02001	0.01144	0.02287	0.02573	0.80846	0.00572	0.00572	0.00286	0.00286
13	0.01760	0.77260	0.03450	0.01126	0.01690	0.02605	0.01126	0.01971	0.01338	0.01549	0.00915	0.01056	0.00845	0.00563	0.00422	0.00141	0.00704	0.00352	0.00282	0.00845
14	0.00802	0.00573	0.00764	0.00917	0.00955	0.00535	0.00611	0.00917	0.01260	0.01681	0.03628	0.76434	0.04354	0.02062	0.00840	0.00267	0.00382	0.01872	0.00611	0.00535
15	0.01976	0.52908	0.05431	0.01286	0.01813	0.17382	0.01198	0.04324	0.01533	0.05388	0.01054	0.01173	0.00895	0.00610	0.00485	0.00154	0.00807	0.00395	0.00333	0.00855
16	0.04683	0.01542	0.05670	0.01519	0.09110	0.01372	0.01157	0.23161	0.01948	0.08502	0.01410	0.01520	0.01062	0.00630	0.00576	0.00157	0.00625	0.00499	0.00495	0.34359
17	0.01650	0.06115	0.09127	0.05779	0.11810	0.08107	0.04067	0.05634	0.06961	0.10172	0.14359	0.05038	0.06559	0.00909	0.00674	0.00203	0.00682	0.00774	0.00513	0.00866
18	0.01013	0.00704	0.00994	0.01223	0.08355	0.00667	0.00754	0.01119	0.01271	0.04550	0.03190	0.51993	0.07048	0.04339	0.01073	0.08621	0.00456	0.01500	0.00549	0.00581
19	0.01557	0.01764	0.03805	0.02727	0.03383	0.01664	0.68072	0.02155	0.03871	0.02130	0.01376	0.01798	0.01032	0.00566	0.00773	0.00222	0.01090	0.00776	0.00344	0.00893
20	0.01653	0.01403	0.02350	0.24582	0.45486	0.01473	0.01856	0.02044	0.01485	0.09330	0.01358	0.01729	0.01055	0.00631	0.00655	0.00203	0.00787	0.00594	0.00366	0.00960
21	0.01847	0.01863	0.09441	0.04609	0.13558	0.08127	0.07974	0.19316	0.13451	0.04415	0.01759	0.04964	0.01427	0.00813	0.00678	0.00210	0.00787	0.03295	0.00496	0.00968
22	0.00835	0.00658	0.00732	0.00731	0.00901	0.00578	0.00529	0.01017	0.01518	0.01933	0.22072	0.11346	0.44140	0.08846	0.01030	0.00262	0.00361	0.01337	0.00619	0.00555
23	0.00802	0.00573	0.00764	0.00917	0.00955	0.00535	0.00611	0.00917	0.01260	0.01681	0.03628	0.76434	0.04354	0.02062	0.00840	0.00267	0.00382	0.01872	0.00611	0.00535
24	0.02092	0.01970	0.08128	0.09336	0.08861	0.14571	0.01420	0.27335	0.04029	0.08338	0.01504	0.01712	0.01137	0.03277	0.03164	0.00239	0.00863	0.00577	0.00494	0.00954
25	0.00820	0.00627	0.00754	0.00822	0.00947	0.00561	0.00586	0.00987	0.01442	0.01863	0.14627	0.38750	0.29232	0.01809	0.00811	0.00243	0.00361	0.03573	0.00627	0.00557
26	0.00805	0.00587	0.00759	0.00887	0.00949	0.00540	0.00600	0.00933	0.01310	0.01729	0.06717	0.66283	0.11493	0.01993	0.00831	0.00260	0.00374	0.01794	0.00616	0.00540
27	0.01227	0.00614	0.00614	0.00614	0.00767	0.00614	0.00460	0.01534	0.01381	0.02454	0.02148	0.02454	0.01687	0.00767	0.00460	0.00153	0.00307	0.00614	0.80518	0.00614
28	0.02400	0.07445	0.01954	0.01547	0.01968	0.38886	0.01221	0.22215	0.07061	0.07051	0.01391	0.01449	0.01058	0.00727	0.00611	0.00182	0.00935	0.00506	0.00481	0.00914
29	0.06267	0.01892	0.16221	0.12669	0.18474	0.08191	0.07722	0.01896	0.01376	0.01940	0.01247	0.01717	0.01034	0.03669	0.08393	0.00311	0.05242	0.00579	0.00321	0.00838
30	0.47945	0.01467	0.01366	0.01118	0.01575	0.01644	0.00923	0.26546	0.01878	0.08150	0.01268	0.01332	0.00920	0.00689	0.00514	0.00202	0.00590	0.00462	0.00525	0.00886
31	0.01553	0.01646	0.10813	0.11626	0.28796	0.01491	0.06025	0.05667	0.09595	0.04165	0.01774	0.02021	0.05093	0.00734	0.00704	0.00208	0.02980	0.00652	0.03520	0.00939
32	0.02535	0.01728	0.01896	0.01460	0.01979	0.01877	0.01204	0.58775	0.05324	0.13778	0.01762	0.01704	0.01222	0.00797	0.00659	0.00199	0.00694	0.00608	0.00681	0.01117
33	0.00800	0.00583	0.00754	0.00891	0.00948	0.00537	0.00600	0.00920	0.01285	0.01691	0.03944	0.69162	0.11423	0.02021	0.00834	0.00263	0.00377	0.01821	0.00611	0.00537
34	0.01479	0.01598	0.03265	0.05631	0.12600	0.01545	0.48883	0.01963	0.01539	0.02106	0.06379	0.02116	0.03787	0.00675	0.00800	0.00219	0.03397	0.00786	0.00365	0.00868
35	0.01243	0.01170	0.01975	0.75282	0.04534	0.01463	0.01828	0.01682	0.01316	0.01682	0.01170	0.01755	0.00878	0.00658	0.00658	0.00219	0.00878	0.00585	0.00293	0.00731
36	0.00802	0.00573	0.00764	0.00917	0.00955	0.00535	0.00611	0.00917	0.01260	0.01681	0.03628	0.76434	0.04354	0.02062	0.00840	0.00267	0.00382	0.01872	0.00611	0.00535
37	0.01320	0.03405	0.73453	0.01876	0.02849	0.01529	0.02432	0.02085	0.01390	0.02085	0.01181	0.01390	0.00834	0.00625	0.00625	0.00208	0.00973	0.00486	0.00278	0.00973
38	0.02459	0.03138	0.01866	0.01696	0.02035	0.74221	0.01272	0.02629	0.01866	0.01611	0.01018	0.01187	0.00848	0.00678	0.00594	0.00170	0.01187	0.00424	0.00339	0.00763
39	0.00912	0.00672	0.00853	0.00808	0.00971	0.00613	0.00606	0.01204	0.01817	0.02530	0.63998	0.05099	0.14692	0.01387	0.00777	0.00209	0.00314	0.01216	0.00710	0.00613
40	0.01567	0.01353	0.01421	0.01285	0.01645	0.01549	0.00998	0.03290	0.65843	0.02674	0.03005	0.02773	0.07768	0.00956	0.00679	0.00223	0.00506	0.00797	0.00665	0.01002
41	0.01760	0.77260	0.03450	0.01126	0.01690	0.02605	0.01126	0.01971	0.01338	0.01549	0.00915	0.01056	0.00845	0.00563	0.00422	0.00141	0.00704	0.00352	0.00282	0.00845
42	0.01365	0.01170	0.01365	0.00975	0.01560	0.00878	0.00780	0.01658	0.01365	0.02145	0.01170	0.01365	0.00975	0.00488	0.00488	0.00098	0.00488	0.00390	0.00390	0.80888
43	0.04920	0.14124	0.04027	0.01434	0.01928	0.10826	0.03565	0.27039	0.08750	0.12392	0.01656	0.01769	0.01244	0.00763	0.00615	0.00192	0.00746	0.02476	0.00548	0.00983
44	0.01240	0.00639	0.00641	0.00636	0.00797	0.00646	0.00478	0.01595	0.03578	0.02464	0.02164	0.02454	0.01697	0.00771	0.00467	0.00156	0.00314	0.00618	0.78018	0.00627
45	0.02459	0.03138	0.01866	0.01696	0.02035	0.74221	0.01272	0.02629	0.01866	0.01611	0.01018	0.01187	0.00848	0.00678	0.00594	0.00170	0.01187	0.00424	0.00339	0.00763
46	0.04631	0.70577	0.05301	0.01153	0.01716	0.04334	0.01152	0.01990	0.01345	0.01616	0.00925	0.01069	0.00840	0.00570	0.00432	0.00146	0.00717	0.00358	0.00287	0.00842
47	0.00778	0.00667	0.00667	0.00667	0.00889	0.00556	0.00500	0.00945	0.01501	0.01778	0.06669	0.06336	0.72490	0.01667	0.00778	0.00222	0.00333	0.01389	0.00611	0.00556
48	0.00795	0.00668	0.00690	0.00685	0.00900	0.00563	0.00514	0.00978	0.01541	0.01874	0.13928	0.06179	0.65172	0.01632	0.00778	0.00221	0.00331	0.01367	0.00624	0.00563
49	0.02875	0.01246	0.01605	0.01231	0.01743	0.01154	0.01017	0.14887	0.02094	0.61238	0.02421	0.02126	0.01541	0.00811	0.00661	0.00203	0.00589	0.00650	0.00788	0.01120
50	0.03755	0.05829	0.01706	0.04472	0.04226	0.27831	0.01146	0.06406	0.07593	0.01909	0.01622	0.09043	0.01548	0.06956	0.02842	0.00263	0.08627	0.03049	0.00419	0.00757
51	0.81514	0.01273	0.00968	0.00866	0.01273	0.01477	0.00713	0.01935	0.01120	0.02954	0.00917	0.01069	0.00713	0.00611	0.00407	0.00204	0.00509	0.00356	0.00407	0.00713
52	0.01502	0.01175	0.01844	0.09684	0.21600	0.01217	0.05596	0.01851	0.03530	0.11772	0.02483	0.05642	0.12921	0.01422	0.09526	0.00317	0.05814	0.00809	0.00459	0.00836
53	0.00997	0.00981	0.06087	0.01109	0.01373	0.00804	0.07940	0.01280	0.01488	0.01966	0.17710	0.04965	0.24808	0.09887	0.05372	0.00325	0.00610	0.11131	0.00544	0.00624
54	0.02503	0.01844	0.01976	0.01515	0.02042	0.02042	0.01251	0.70562	0.03095	0.04149	0.01581	0.01581	0.01120	0.00790	0.00659	0.00198	0.00724	0.00593	0.00659	0.01120
55	0.01930	0.01546	0.02091	0.17231	0.15406	0.01707	0.03872	0.31801	0.04245	0.05025	0.01574	0.01997	0.01234	0.00788	0.00717	0.00212	0.02803	0.04344	0.00503	0.00976
56	0.05772	0.04090	0.09030	0.14742	0.12368	0.01532	0.09214	0.09397	0.01545	0.06756	0.01389	0.01804	0.01105	0.04337	0.03486	0.00261	0.07859	0.00605	0.03848	0.00860
57	0.02079	0.02397	0.02158	0.09237	0.19958	0.40892	0.03940	0.05872	0.01751	0.01901	0.01123	0.01399	0.00919	0.00669	0.00669	0.00187	0.03146	0.00505	0.00346	0.00852
58	0.00864	0.00621	0.00820	0.00874	0.00969	0.00576	0.00616	0.01073	0.01550	0.02141	0.36668	0.42081	0.05246	0.01718	0.00810	0.00238	0.00348	0.01544	0.00666	0.00576
59	0.01582	0.01327	0.01401	0.01249	0.01606	0.01491	0.00974	0.10411	0.51714	0.02732	0.03154	0.05498	0.11926	0.01032	0.00690	0.00222	0.00512	0.00858	0.00658	0.00964
60	0.02503	0.01844	0.01976	0.01515	0.02042	0.02042	0.01251	0.70562	0.03095	0.04149	0.01581	0.01581	0.01120	0.00790	0.00659	0.00198	0.00724	0.00593	0.00659	0.01120
61	0.00938	0.00634	0.00744	0.00778	0.00792	0.00628	0.00470	0.00973	0.01038	0.01381	0.02406	0.16275	0.02791	0.60485	0.02805	0.00559	0.00595	0.04829	0.00445	0.00433
62	0.01760	0.77260	0.03450	0.01126	0.01690	0.02605	0.01126	0.01971	0.01338	0.01549	0.00915	0.01056	0.00845	0.00563	0.00422	0.00141	0.00704	0.00352	0.00282	0.00845
63	0.01141	0.00834	0.01111	0.01221	0.01397	0.00855	0.01051	0.03850	0.06390	0.02089	0.03370	0.09217	0.03594	0.01728	0.00882	0.00293	0.00597	0.59118	0.00613	0.00651
64	0.02954	0.01120	0.01528	0.01171	0.01681	0.00968	0.00968	0.03208	0.01884	0.73213	0.02597	0.02241	0.01630	0.00815	0.00662	0.00204	0.00560	0.00662	0.00815	0.01120
65	0.01365	0.01170	0.01365	0.00975	0.01560	0.00878	0.00780	0.01658	0.01365	0.02145	0.01170	0.01365	0.00975	0.00488	0.00488	0.00098	0.00488	0.00390	0.00390	0.80888
66	0.01365	0.01170	0.01365	0.00975	0.01560	0.00878	0.00780	0.01658	0.01365	0.02145	0.01170	0.01365	0.00975	0.00488	0.00488	0.00098	0.00488	0.00390	0.00390	0.80888
67	0.02403	0.03044	0.01874	0.01698	0.02018	0.70232	0.01281	0.02571	0.01818	0.01610	0.01009	0.01201	0.00849	0.00705	0.00680	0.00176	0.05302	0.00432	0.00336	0.00761
68	0.02239	0.01602	0.01775	0.01342	0.01882	0.01640	0.01102	0.46441	0.02531	0.09587	0.01559	0.01580	0.01125	0.00712	0.00613	0.00172	0.00647	0.00545	0.00601	0.22303
69	0.01075	0.03996	0.01125	0.01107	0.01234	0.08325	0.02849	0.01242	0.01375	0.01726	0.03158	0.52677	0.03662	0.01776	0.00807	0.00256	0.00535	0.11924	0.00561	0.00593
70	0.01594	0.01163	0.01389	0.01003	0.01577	0.00891	0.00807	0.01881	0.01440	0.12378	0.01376	0.01491	0.01069	0.00535	0.00513	0.00113	0.00498	0.00429	0.00451	0.69402
71	0.12868	0.03098	0.63016	0.01731	0.02622	0.01521	0.02185	0.02063	0.01351	0.02210	0.01143	0.01344	0.00817	0.00623	0.00594	0.00208	0.00906	0.00468	0.00297	0.00935
72	0.06931	0.01037	0.01289	0.15571	0.01940	0.01127	0.01028	0.15718	0.01703	0.02353	0.02778	0.23135	0.09527	0.01311	0.00727	0.00235	0.00579	0.09245	0.03046	0.00721
73	0.01576	0.06127	0.23064	0.01352	0.01963	0.03742	0.01367	0.08193	0.07967	0.06493	0.09938	0.01943	0.01693	0.00725	0.00605	0.00175	0.00675	0.00580	0.00463	0.21361
74	0.01032	0.00696	0.00907	0.00841	0.01017	0.00637	0.00635	0.01335	0.01853	0.06282	0.66722	0.04823	0.08049	0.01328	0.00771	0.00207	0.00324	0.01169	0.00726	0.00645
75	0.01713	0.12320	0.01784	0.01127	0.01665	0.03907	0.00939	0.17517	0.01776	0.02516	0.01272	0.01419	0.01021	0.00589	0.00520	0.00132	0.00588	0.00443	0.04496	0.44257
76	0.01535	0.08818	0.23121	0.11137	0.02442	0.03898	0.03560	0.07752	0.01550	0.03925	0.01368	0.01576	0.02853	0.00632	0.00584	0.00171	0.00762	0.00504	0.00370	0.23442
77	0.02051	0.25947	0.08693	0.01446	0.01962	0.18891	0.01297	0.19150	0.10265	0.02393	0.01336	0.01412	0.01051	0.00691	0.00568	0.00177	0.00823	0.00486	0.00433	0.00928
78	0.00941	0.00703	0.01047	0.01047	0.01160	0.00817	0.00809	0.01168	0.01055	0.01520	0.01774	0.02644	0.01671	0.07342	0.71885	0.01044	0.01726	0.00714	0.00354	0.00581
79	0.00791	0.00657	0.00693	0.00719	0.00914	0.00559	0.00533	0.00955	0.01468	0.01771	0.06152	0.15908	0.60988	0.01726	0.00791	0.00231	0.00349	0.03630	0.00611	0.00555
80	0.01365	0.01170	0.01365	0.00975	0.01560	0.00878	0.00780	0.01658	0.01365	0.02145	0.01170	0.01365	0.00975	0.00488	0.00488	0.00098	0.00488	0.00390	0.00390	0.80888
81	0.02419	0.07549	0.01983	0.01686	0.04103	0.57049	0.01268	0.08970	0.01938	0.05491	0.01151	0.01282	0.00919	0.00686	0.00594	0.00173	0.01069	0.00452	0.00389	0.00828
82	0.00860	0.00616	0.00805	0.00937	0.00992	0.00586	0.00633	0.03270	0.01322	0.01764	0.03559	0.73905	0.04245	0.02019	0.00834	0.00265	0.00394	0.01828	0.00613	0.00554
83	0.04595	0.01374	0.02078	0.04287	0.14730	0.01389	0.14365	0.10056	0.11874	0.11366	0.04803	0.04710	0.09648	0.00873	0.00696	0.00212	0.00686	0.00798	0.00533	0.00925
84	0.01566	0.04076	0.02274	0.14051	0.36981	0.07927	0.04002	0.02020	0.06134	0.02031	0.04109	0.02124	0.03837	0.00748	0.00708	0.00206	0.03010	0.02920	0.00376	0.00902
85	0.00941	0.00702	0.01040	0.01040	0.01152	0.00813	0.00801	0.01164	0.01053	0.01515	0.01780	0.02676	0.01685	0.08677	0.70568	0.01036	0.01705	0.00718	0.00355	0.00578
86	0.00832	0.00600	0.00794	0.00939	0.01000	0.00562	0.00659	0.00971	0.01303	0.01720	0.03770	0.64569	0.07830	0.02013	0.00845	0.00269	0.00406	0.09762	0.00611	0.00544
87	0.01880	0.08443	0.02277	0.19321	0.11675	0.10120	0.06410	0.20942	0.08023	0.02522	0.01394	0.01627	0.01066	0.00692	0.00639	0.00198	0.00829	0.00576	0.00437	0.00929
88	0.01650	0.01620	0.03262	0.12946	0.05333	0.01586	0.49068	0.03864	0.03923	0.07820	0.01459	0.01824	0.01070	0.00608	0.00741	0.00219	0.00994	0.00729	0.00385	0.00899
89	0.01243	0.01170	0.01975	0.75282	0.04534	0.01463	0.01828	0.01682	0.01316	0.01682	0.01170	0.01755	0.00878	0.00658	0.00658	0.00219	0.00878	0.00585	0.00293	0.00731
90	0.00798	0.00668	0.00697	0.00715	0.00923	0.00568	0.00542	0.00970	0.01489	0.01786	0.06305	0.10051	0.64494	0.01698	0.00790	0.00230	0.00354	0.05753	0.00611	0.00558
91	0.02503	0.01844	0.01976	0.01515	0.02042	0.02042	0.01251	0.70562	0.03095	0.04149	0.01581	0.01581	0.01120	0.00790	0.00659	0.00198	0.00724	0.00593	0.00659	0.01120
92	0.02130	0.01638	0.01692	0.01375	0.01813	0.04263	0.01109	0.42729	0.21110	0.03503	0.01917	0.01897	0.01410	0.00811	0.00637	0.00199	0.00640	0.00630	0.09469	0.01031
93	0.01748	0.01830	0.02086	0.31908	0.16915	0.20535	0.01652	0.07489	0.01619	0.01947	0.01159	0.01550	0.00921	0.00689	0.00728	0.00204	0.05306	0.00543	0.00340	0.00831
94	0.00797	0.00591	0.00745	0.00868	0.00942	0.00539	0.00589	0.00922	0.01307	0.01700	0.04224	0.62696	0.17708	0.01985	0.00828	0.00259	0.00372	0.01777	0.00611	0.00539
95	0.02333	0.01760	0.01880	0.01480	0.01977	0.01962	0.01210	0.57418	0.16515	0.03876	0.01796	0.01752	0.01294	0.00810	0.00661	0.00203	0.00685	0.00622	0.00661	0.01104
96	0.01310	0.01241	0.01736	0.01524	0.01546	0.01687	0.01244	0.01459	0.01013	0.01550	0.01126	0.01879	0.01130	0.07849	0.15585	0.00458	0.56053	0.00630	0.00309	0.00670
97	0.01040	0.00745	0.01035	0.01183	0.01330	0.00740	0.01022	0.01329	0.01501	0.01949	0.03572	0.11211	0.05506	0.01828	0.00902	0.00299	0.00587	0.63012	0.00607	0.00601
98	0.01799	0.01752	0.01562	0.01410	0.01775	0.15863	0.01087	0.03328	0.57907	0.02530	0.02354	0.02207	0.01782	0.00851	0.00655	0.00213	0.00652	0.00682	0.00605	0.00987
99	0.00802	0.00573	0.00764	0.00917	0.00955	0.00535	0.00611	0.00917	0.01260	0.01681	0.03628	0.76434	0.04354	0.02062	0.00840	0.00267	0.00382	0.01872	0.00611	0.00535
100	0.00957	0.00638	0.00718	0.00718	0.00718	0.00638	0.00399	0.00957	0.00957	0.01276	0.02074	0.04308	0.02393	0.76864	0.03351	0.00638	0.00638	0.00957	0.00399	0.00399
101	0.00881	0.00700	0.00811	0.00866	0.01062	0.00629	0.00705	0.01098	0.01506	0.01848	0.05508	0.06733	0.47439	0.01722	0.00826	0.00252	0.00433	0.25797	0.00609	0.00574
102	0.01753	0.69412	0.03204	0.01115	0.01643	0.05261	0.01089	0.01969	0.01361	0.01610	0.00999	0.01152	0.00900	0.00581	0.00432	0.00143	0.00697	0.00372	0.05482	0.00827
103	0.01365	0.01170	0.01365	0.00975	0.01560	0.00878	0.00780	0.01658	0.01365	0.02145	0.01170	0.01365	0.00975	0.00488	0.00488	0.00098	0.00488	0.00390	0.00390	0.80888
104	0.00958	0.00704	0.00902	0.00884	0.01067	0.00624	0.03297	0.01147	0.01493	0.05824	0.14333	0.29497	0.33498	0.01666	0.00792	0.00234	0.00389	0.01461	0.00627	0.00602
105	0.01459	0.01424	0.02556	0.03037	0.39822	0.01398	0.18000	0.01900	0.04211	0.02107	0.04048	0.13557	0.01761	0.00848	0.00716	0.00215	0.00772	0.00860	0.00399	0.00912
106	0.00802	0.00573	0.00764	0.00917	0.00955	0.00535	0.00611	0.00917	0.01260	0.01681	0.03628	0.76434	0.04354	0.02062	0.00840	0.00267	0.00382	0.01872	0.00611	0.00535
107	0.00957	0.00638	0.00718	0.00718	0.00718	0.00638	0.00399	0.00957	0.00957	0.01276	0.02074	0.04308	0.02393	0.76864	0.03351	0.00638	0.00638	0.00957	0.00399	0.00399
108	0.02397	0.02923	0.01891	0.01765	0.04875	0.63793	0.01292	0.07039	0.04641	0.01842	0.01128	0.01280	0.00919	0.00690	0.00603	0.00175	0.01115	0.00454	0.00372	0.00808
109	0.01144	0.00912	0.01151	0.01090	0.01244	0.05705	0.03233	0.01398	0.01197	0.01758	0.01748	0.02392	0.01549	0.03446	0.47928	0.00743	0.04258	0.00664	0.17818	0.00621
110	0.00799	0.00603	0.00740	0.00842	0.00937	0.00544	0.00580	0.00935	0.01349	0.01740	0.06773	0.53914	0.24011	0.01925	0.00820	0.00252	0.00366	0.01710	0.00615	0.00544
111	0.01061	0.00866	0.01242	0.01186	0.01297	0.01066	0.00938	0.01365	0.04716	0.01601	0.01659	0.02386	0.01533	0.04089	0.58282	0.00885	0.14150	0.00686	0.00358	0.00634
112	0.01355	0.01182	0.01424	0.01066	0.01560	0.01006	0.00855	0.01623	0.01317	0.02060	0.01219	0.04010	0.01080	0.00625	0.00706	0.00127	0.09740	0.00465	0.00385	0.68196
113	0.00802	0.00573	0.00764	0.00917	0.00955	0.00535	0.00611	0.00917	0.01260	0.01681	0.03628	0.76434	0.04354	0.02062	0.00840	0.00267	0.00382	0.01872	0.00611	0.00535
114	0.01523	0.12189	0.14942	0.17635	0.20138	0.03874	0.06579	0.02077	0.07129	0.01960	0.01268	0.01590	0.01006	0.00660	0.00704	0.00203	0.04732	0.00558	0.00331	0.00903
115	0.04275	0.12834	0.18919	0.01504	0.01979	0.08931	0.08603	0.03841	0.01408	0.01871	0.01772	0.02288	0.07425	0.08848	0.04764	0.00293	0.07186	0.02123	0.00360	0.00775
116	0.01629	0.01564	0.02672	0.04041	0.72757	0.01564	0.02020	0.02020	0.01499	0.02151	0.01238	0.01629	0.01043	0.00587	0.00652	0.00196	0.00782	0.00587	0.00326	0.01043
117	0.00802	0.00573	0.00764	0.00917	0.00955	0.00535	0.00611	0.00917	0.01260	0.01681	0.03628	0.76434	0.04354	0.02062	0.00840	0.00267	0.00382	0.01872	0.00611	0.00535
118	0.01566	0.01722	0.03529	0.02562	0.03184	0.01661	0.60088	0.02315	0.11934	0.02204	0.01532	0.01877	0.01149	0.00605	0.00761	0.00222	0.01023	0.00772	0.00383	0.00911
119	0.00797	0.00668	0.00694	0.00687	0.00901	0.00564	0.00515	0.00982	0.01546	0.01886	0.14913	0.06158	0.64178	0.01627	0.00778	0.00220	0.00331	0.01364	0.00626	0.00564
120	0.01116	0.00878	0.01082	0.06779	0.03674	0.03417	0.00805	0.01386	0.01660	0.05884	0.36421	0.04466	0.22170	0.01412	0.03223	0.00241	0.03032	0.01084	0.00612	0.00660
121	0.01760	0.77260	0.03450	0.01126	0.01690	0.02605	0.01126	0.01971	0.01338	0.01549	0.00915	0.01056	0.00845	0.00563	0.00422	0.00141	0.00704	0.00352	0.00282	0.00845
122	0.00802	0.00573	0.00764	0.00917	0.00955	0.00535	0.00611	0.00917	0.01260	0.01681	0.03628	0.76434	0.04354	0.02062	0.00840	0.00267	0.00382	0.01872	0.00611	0.00535
123	0.01629	0.01564	0.02672	0.04041	0.72757	0.01564	0.02020	0.02020	0.01499	0.02151	0.01238	0.01629	0.01043	0.00587	0.00652	0.00196	0.00782	0.00587	0.00326	0.01043
124	0.00808	0.00575	0.00762	0.00910	0.00947	0.00538	0.00604	0.00918	0.01250	0.01666	0.03574	0.73902	0.04285	0.04688	0.00928	0.00280	0.00391	0.01839	0.00604	0.00530
125	0.01440	0.01440	0.02016	0.01728	0.01728	0.02016	0.01440	0.01584	0.01008	0.01584	0.00864	0.01440	0.00864	0.01152	0.02160	0.00288	0.75659	0.00576	0.00288	0.00720
126	0.01144	0.00572	0.00858	0.00858	0.00858	0.00572	0.00572	0.00858	0.00858	0.01144	0.01144	0.02001	0.01144	0.02287	0.02573	0.80846	0.00572	0.00572	0.00286	0.00286
127	0.01243	0.01170	0.01975	0.75282	0.04534	0.01463	0.01828	0.01682	0.01316	0.01682	0.01170	0.01755	0.00878	0.00658	0.00658	0.00219	0.00878	0.00585	0.00293	0.00731
128	0.01280	0.01128	0.01779	0.50762	0.08422	0.01330	0.01551	0.04022	0.03790	0.02012	0.11547	0.02255	0.01745	0.00770	0.00665	0.00212	0.00743	0.00679	0.04553	0.00754
129	0.01320	0.03405	0.73453	0.01876	0.02849	0.01529	0.02432	0.02085	0.01390	0.02085	0.01181	0.01390	0.00834	0.00625	0.00625	0.00208	0.00973	0.00486	0.00278	0.00973
130	0.00956	0.00645	0.00753	0.00753	0.00765	0.00657	0.00443	0.00980	0.00968	0.01302	0.02042	0.04131	0.02316	0.69459	0.10650	0.00681	0.00754	0.00931	0.00394	0.00418
131	0.00943	0.00695	0.01005	0.01005	0.01105	0.00794	0.00757	0.01142	0.01042	0.01489	0.01811	0.02852	0.01761	0.16050	0.63300	0.00993	0.01590	0.00744	0.00360	0.00559
132	0.01709	0.19396	0.04549	0.01285	0.01843	0.12010	0.05610	0.03699	0.01505	0.04350	0.01157	0.01330	0.00949	0.00561	0.00522	0.00136	0.00705	0.00429	0.00371	0.37886
133	0.04438	0.01510	0.01819	0.05708	0.09295	0.09285	0.06769	0.10178	0.03413	0.05170	0.05027	0.04415	0.01452	0.03246	0.00755	0.00191	0.03135	0.00617	0.00446	0.23129
134	0.07314	0.16125	0.11592	0.03793	0.18926	0.01629	0.01467	0.03764	0.01436	0.05693	0.01702	0.02151	0.06014	0.00810	0.00746	0.00202	0.07622	0.04951	0.00387	0.03675
135	0.01104	0.01193	0.09451	0.01461	0.03984	0.01090	0.08227	0.01416	0.01160	0.01672	0.01642	0.04892	0.01527	0.05845	0.45496	0.00747	0.07344	0.00724	0.00347	0.00679
136	0.00965	0.00659	0.00750	0.00760	0.00777	0.00663	0.00443	0.01042	0.03462	0.01370	0.02255	0.11669	0.02582	0.66502	0.02998	0.00586	0.00608	0.01044	0.00430	0.00435
137	0.01543	0.05583	0.04452	0.04788	0.21975	0.01427	0.07626	0.06540	0.13474	0.05082	0.08365	0.05121	0.07366	0.00897	0.00688	0.00210	0.00666	0.02795	0.00495	0.00907
138	0.01545	0.01740	0.10297	0.05768	0.16292	0.09111	0.01460	0.05423	0.09665	0.02121	0.03565	0.06373	0.04062	0.00905	0.00863	0.00214	0.10769	0.03014	0.00422	0.06389

[dist]
# distance from previous block
# <min> <max>
1	12

[block]
# block no. 2 follows, 33 sequences, length 121
# corresponding to MSA columns:
# 304-424
name=unknown_C
#
# <colnr> <probs for GDERKNQSTAVLIFYWHMCP>
#	G	D	E	R	K	N	Q	S	T	A	V	L	I	F	Y	W	H	M	C	P
0	0.01617	0.01416	0.02055	0.34000	0.07161	0.03313	0.07790	0.11958	0.08256	0.04757	0.01436	0.01749	0.01076	0.00672	0.00649	0.00200	0.00789	0.00595	0.00417	0.10095
1	0.10814	0.02022	0.19430	0.08836	0.10103	0.09082	0.01539	0.10208	0.07496	0.02349	0.01564	0.04470	0.02786	0.01019	0.05271	0.00260	0.00858	0.00605	0.00409	0.00879
2	0.01555	0.01517	0.01723	0.16465	0.12076	0.12459	0.01254	0.05202	0.03614	0.02037	0.01587	0.01856	0.05449	0.00854	0.03721	0.00204	0.00772	0.00557	0.00387	0.26711
3	0.01475	0.01272	0.03943	0.01643	0.16059	0.01040	0.01090	0.03714	0.01492	0.06080	0.05503	0.06592	0.01544	0.00691	0.00579	0.00147	0.00557	0.00597	0.00438	0.45545
