[name]
unknown

[dist]
# distance from previous block
# <min> <max>
3	562

[block]
# block no. 0 follows, 34 sequences, length 157
# corresponding to MSA columns:
# 564-720
name=unknown_A
#
# <colnr> <probs for GDERKNQSTAVLIFYWHMCP>
#	G	D	E	R	K	N	Q	S	T	A	V	L	I	F	Y	W	H	M	C	P
0	0.07250	0.25546	0.20697	0.01352	0.01942	0.06312	0.01388	0.10313	0.04161	0.07667	0.03340	0.01691	0.02733	0.00709	0.00558	0.00183	0.00740	0.02118	0.00411	0.00890
1	0.04859	0.04130	0.21920	0.04000	0.02000	0.05767	0.01390	0.16988	0.07312	0.04219	0.09536	0.08135	0.01889	0.01048	0.03748	0.00239	0.00753	0.00712	0.00485	0.00871
2	0.07633	0.13598	0.26500	0.03285	0.02155	0.03626	0.03040	0.10016	0.06275	0.12038	0.01536	0.01784	0.01166	0.00720	0.00596	0.00197	0.00759	0.03707	0.00440	0.00928
3	0.01739	0.28275	0.22738	0.01417	0.02026	0.06518	0.01466	0.13529	0.06175	0.03759	0.03242	0.01487	0.01130	0.00797	0.02901	0.00205	0.00807	0.00491	0.00390	0.00909
4	0.01576	0.35461	0.10901	0.01195	0.01646	0.06619	0.01134	0.04994	0.03375	0.04774	0.01740	0.15412	0.03531	0.00968	0.00648	0.03463	0.00671	0.00713	0.00398	0.00782
5	0.06094	0.31261	0.20438	0.01567	0.04817	0.01997	0.05513	0.07625	0.05447	0.02058	0.01146	0.01330	0.00923	0.00652	0.00657	0.00185	0.06597	0.00469	0.00339	0.00886
6	0.13679	0.48975	0.06940	0.03306	0.01760	0.07997	0.01147	0.01980	0.01343	0.03247	0.01065	0.01365	0.00943	0.00630	0.00469	0.00164	0.00715	0.03149	0.00323	0.00804
7	0.01014	0.01013	0.07557	0.01104	0.01315	0.03720	0.00965	0.01286	0.01451	0.01882	0.08364	0.23074	0.12449	0.01640	0.00813	0.00259	0.00543	0.30374	0.00565	0.00612
8	0.01649	0.01138	0.01649	0.04332	0.03381	0.00999	0.08593	0.01963	0.01507	0.17991	0.04285	0.02624	0.01695	0.00807	0.00664	0.00177	0.02129	0.10974	0.00506	0.32938
9	0.00937	0.00716	0.01041	0.01029	0.01137	0.00833	0.00794	0.01148	0.01048	0.01497	0.01908	0.02743	0.04519	0.08884	0.64561	0.00950	0.04596	0.00729	0.00357	0.00570
10	0.00928	0.00694	0.01039	0.01045	0.01161	0.00805	0.00817	0.01161	0.01057	0.01518	0.01799	0.02731	0.01700	0.04722	0.71742	0.01008	0.01685	0.03455	0.00356	0.00578
11	0.01338	0.08429	0.66159	0.01877	0.05571	0.01575	0.02282	0.02036	0.01365	0.02012	0.01144	0.01351	0.00828	0.00608	0.00601	0.00199	0.00929	0.00472	0.00275	0.00949
12	0.01371	0.01356	0.02489	0.37617	0.20155	0.01467	0.18027	0.01810	0.01400	0.01873	0.01328	0.02008	0.01086	0.00669	0.00686	0.00215	0.00878	0.04425	0.00321	0.00819
13	0.02488	0.01186	0.01486	0.01197	0.01648	0.01146	0.00969	0.07038	0.18213	0.50283	0.02551	0.05235	0.01766	0.00866	0.00658	0.00207	0.00543	0.00713	0.00750	0.01058
14	0.00857	0.00655	0.00756	0.00731	0.00914	0.00580	0.00548	0.01096	0.01645	0.02193	0.39383	0.05372	0.36830	0.01444	0.00750	0.00208	0.00315	0.01236	0.03906	0.00580
15	0.01374	0.01593	0.09433	0.21900	0.13026	0.03525	0.22745	0.01879	0.04286	0.01946	0.03322	0.09068	0.01425	0.00763	0.00696	0.00215	0.00860	0.00762	0.00360	0.00822
16	0.01378	0.17442	0.60562	0.01702	0.02581	0.01701	0.02144	0.02025	0.01354	0.01946	0.01110	0.01302	0.00821	0.00602	0.00576	0.00192	0.00905	0.00452	0.00274	0.00931
17	0.00765	0.00648	0.00661	0.00672	0.00877	0.00544	0.00499	0.00925	0.01456	0.01739	0.06335	0.11211	0.68143	0.01664	0.00768	0.00221	0.00331	0.01397	0.00600	0.00544
18	0.05732	0.01292	0.01858	0.12891	0.12405	0.01288	0.04326	0.11034	0.01811	0.37846	0.01899	0.01892	0.01278	0.00722	0.00642	0.00201	0.00669	0.00612	0.00597	0.01004
19	0.01692	0.11313	0.02467	0.18079	0.27158	0.09930	0.07585	0.06527	0.01566	0.03900	0.01259	0.03376	0.01039	0.00650	0.00622	0.00191	0.00831	0.00577	0.00351	0.00885
20	0.81856	0.01250	0.00950	0.00850	0.01250	0.01449	0.00700	0.01899	0.01100	0.02899	0.00900	0.01050	0.00700	0.00600	0.00400	0.00200	0.00500	0.00350	0.00400	0.00700
21	0.01662	0.63612	0.08103	0.01139	0.01676	0.02278	0.01149	0.01902	0.01304	0.03620	0.01048	0.01293	0.00949	0.03967	0.03826	0.00205	0.00749	0.00404	0.00299	0.00816
22	0.01704	0.01422	0.03703	0.09282	0.05746	0.01483	0.05103	0.30191	0.08994	0.02829	0.04651	0.10324	0.06601	0.04031	0.00790	0.00227	0.00658	0.00826	0.00548	0.00886
23	0.00923	0.00692	0.01038	0.01038	0.01154	0.00808	0.00808	0.01154	0.01038	0.01500	0.01731	0.02538	0.01615	0.04846	0.74732	0.01038	0.01731	0.00692	0.00346	0.00577
24	0.01278	0.01131	0.01627	0.01310	0.01678	0.01104	0.13962	0.04592	0.17541	0.02414	0.24112	0.03320	0.11479	0.00990	0.00700	0.00198	0.00538	0.00899	0.00571	0.10555
25	0.01204	0.00602	0.00602	0.00602	0.00753	0.00602	0.00452	0.01506	0.01355	0.02409	0.02108	0.02409	0.01656	0.00753	0.00452	0.00151	0.00301	0.00602	0.80879	0.00602
26	0.00992	0.00708	0.00984	0.01133	0.01260	0.00701	0.00955	0.01253	0.01439	0.01878	0.03448	0.20870	0.03827	0.01832	0.00879	0.00291	0.00552	0.55821	0.00596	0.00581
27	0.00764	0.00655	0.00655	0.00655	0.00873	0.00545	0.00491	0.00927	0.01473	0.01745	0.06546	0.06218	0.73000	0.01636	0.00764	0.00218	0.00327	0.01364	0.00600	0.00545
28	0.01204	0.00602	0.00602	0.00602	0.00753	0.00602	0.00452	0.01506	0.01355	0.02409	0.02108	0.02409	0.01656	0.00753	0.00452	0.00151	0.00301	0.00602	0.80879	0.00602
29	0.01607	0.01388	0.01461	0.01315	0.01680	0.01607	0.01023	0.03433	0.72094	0.02703	0.02630	0.02411	0.01972	0.00877	0.00657	0.00219	0.00511	0.00731	0.00657	0.01023
30	0.00909	0.00664	0.00856	0.00818	0.00976	0.00611	0.00621	0.01203	0.01787	0.02498	0.64785	0.05043	0.10974	0.01366	0.00768	0.00209	0.00320	0.04292	0.00698	0.00604
31	0.01316	0.06753	0.70707	0.01808	0.02744	0.01549	0.02328	0.02041	0.01362	0.02022	0.01148	0.01349	0.00819	0.00611	0.00605	0.00202	0.00943	0.00471	0.00273	0.00949
32	0.00983	0.00712	0.00969	0.01105	0.01244	0.00697	0.00934	0.01244	0.01452	0.01879	0.03708	0.16613	0.09743	0.01805	0.00872	0.00286	0.00542	0.54035	0.00596	0.00581
33	0.01727	0.77681	0.03386	0.01106	0.01658	0.02557	0.01106	0.01935	0.01313	0.01520	0.00898	0.01036	0.00829	0.00553	0.00415	0.00138	0.00691	0.00345	0.00276	0.00829
34	0.01433	0.00921	0.01219	0.01097	0.01305	0.01011	0.00855	0.11261	0.01420	0.11939	0.01829	0.02522	0.01605	0.12388	0.42968	0.00728	0.03641	0.00697	0.00455	0.00705
35	0.01780	0.01426	0.01604	0.05253	0.04864	0.01615	0.01128	0.12874	0.51757	0.06810	0.02337	0.02208	0.01731	0.00834	0.00654	0.00213	0.00571	0.00690	0.00631	0.01022
36	0.01255	0.00651	0.00656	0.00638	0.00803	0.00659	0.00483	0.04302	0.01423	0.02476	0.02085	0.02374	0.01634	0.00754	0.00459	0.00152	0.00318	0.00601	0.77656	0.00622
37	0.01651	0.01460	0.02485	0.18473	0.25574	0.01533	0.15672	0.07524	0.01561	0.07700	0.01323	0.01676	0.01016	0.00653	0.00764	0.00206	0.06043	0.00612	0.00377	0.03697
38	0.01031	0.00737	0.01030	0.01179	0.01323	0.00735	0.01024	0.01322	0.01478	0.01923	0.03427	0.09977	0.03740	0.01794	0.00890	0.00296	0.00586	0.66321	0.00595	0.00592
39	0.00926	0.00679	0.00969	0.00969	0.01061	0.00770	0.00721	0.01109	0.01018	0.01449	0.01794	0.02888	0.01767	0.19848	0.59937	0.00953	0.01502	0.00744	0.00356	0.00539
40	0.07297	0.01108	0.01469	0.01133	0.01627	0.00978	0.00936	0.03079	0.01808	0.69765	0.02457	0.02135	0.01549	0.00789	0.00636	0.00200	0.00547	0.00633	0.00777	0.01077
41	0.01204	0.00602	0.00602	0.00602	0.00753	0.00602	0.00452	0.01506	0.01355	0.02409	0.02108	0.02409	0.01656	0.00753	0.00452	0.00151	0.00301	0.00602	0.80879	0.00602
42	0.04382	0.10190	0.10451	0.05956	0.18086	0.03145	0.03845	0.11322	0.01582	0.02255	0.01164	0.01422	0.00938	0.00630	0.00680	0.00177	0.06055	0.00496	0.00366	0.16857
43	0.07787	0.01872	0.13240	0.07155	0.25316	0.04863	0.07256	0.11398	0.01590	0.02305	0.01177	0.01492	0.00934	0.00685	0.00808	0.00208	0.10087	0.00551	0.00358	0.00916
44	0.01204	0.00602	0.00602	0.00602	0.00753	0.00602	0.00452	0.01506	0.01355	0.02409	0.02108	0.02409	0.01656	0.00753	0.00452	0.00151	0.00301	0.00602	0.80879	0.00602
45	0.00931	0.00687	0.01011	0.01011	0.01123	0.00794	0.00779	0.01153	0.01042	0.01513	0.01755	0.02612	0.01650	0.08061	0.69475	0.00996	0.01642	0.00701	0.02494	0.00569
46	0.01220	0.01148	0.01938	0.75739	0.04450	0.01436	0.01794	0.01651	0.01292	0.01651	0.01148	0.01723	0.00861	0.00646	0.00646	0.00215	0.00861	0.00574	0.00287	0.00718
47	0.00900	0.00660	0.00843	0.00797	0.00956	0.00603	0.00598	0.01191	0.01794	0.02509	0.66465	0.04962	0.12604	0.01352	0.00762	0.00205	0.00307	0.01188	0.00700	0.00603
48	0.00937	0.00639	0.00767	0.00767	0.00789	0.00660	0.00470	0.00980	0.00958	0.01299	0.01979	0.03911	0.02211	0.63698	0.16695	0.00704	0.00834	0.00893	0.00383	0.00426
49	0.01727	0.77681	0.03386	0.01106	0.01658	0.02557	0.01106	0.01935	0.01313	0.01520	0.00898	0.01036	0.00829	0.00553	0.00415	0.00138	0.00691	0.00345	0.00276	0.00829
50	0.00924	0.00689	0.01021	0.01021	0.01130	0.00798	0.00786	0.01143	0.01033	0.01487	0.01747	0.02626	0.01653	0.08606	0.71023	0.01017	0.01673	0.00705	0.00348	0.00567
51	0.06678	0.33859	0.36802	0.01442	0.02175	0.01909	0.01684	0.02041	0.01348	0.05152	0.01098	0.01247	0.00851	0.00596	0.00519	0.00177	0.00798	0.00423	0.00306	0.00893
52	0.01204	0.00602	0.00602	0.00602	0.00753	0.00602	0.00452	0.01506	0.01355	0.02409	0.02108	0.02409	0.01656	0.00753	0.00452	0.00151	0.00301	0.00602	0.80879	0.00602
53	0.00780	0.00655	0.00677	0.00671	0.00883	0.00552	0.00503	0.00958	0.01510	0.01835	0.13573	0.06071	0.65916	0.01603	0.00763	0.00217	0.00325	0.01343	0.00612	0.00552
54	0.01292	0.01206	0.02041	0.63486	0.04119	0.01446	0.07004	0.04856	0.01398	0.01806	0.01279	0.01961	0.01007	0.00694	0.00666	0.00218	0.00860	0.03596	0.00320	0.00742
55	0.01291	0.03187	0.68856	0.07064	0.02913	0.01496	0.02345	0.02018	0.01359	0.02018	0.01159	0.01389	0.00822	0.00616	0.00616	0.00205	0.00948	0.00484	0.00274	0.00938
56	0.01122	0.00561	0.00842	0.00842	0.00842	0.00561	0.00561	0.00842	0.00842	0.01122	0.01122	0.01964	0.01122	0.02245	0.02525	0.81201	0.00561	0.00561	0.00281	0.00281
57	0.02899	0.01100	0.01499	0.01150	0.01649	0.00950	0.00950	0.03149	0.01849	0.73709	0.02549	0.02199	0.01599	0.00800	0.00650	0.00200	0.00550	0.00650	0.00800	0.01100
58	0.00975	0.00857	0.06214	0.01074	0.04280	0.00676	0.00793	0.01182	0.01383	0.05136	0.13024	0.46134	0.10783	0.03308	0.00832	0.00248	0.00434	0.01469	0.00584	0.00615
59	0.01600	0.01529	0.02574	0.03855	0.70264	0.01538	0.01943	0.02044	0.04429	0.02136	0.01275	0.01633	0.01063	0.00588	0.00640	0.00193	0.00757	0.00582	0.00334	0.01023
60	0.02488	0.01760	0.01908	0.01463	0.01979	0.01929	0.01208	0.66305	0.02954	0.08994	0.01622	0.01597	0.01134	0.00777	0.00647	0.00194	0.00700	0.00587	0.00657	0.01099
61	0.01736	0.01370	0.01477	0.01295	0.01672	0.01549	0.01016	0.09008	0.58182	0.07741	0.05759	0.02435	0.02062	0.00883	0.00661	0.00215	0.00521	0.00732	0.00669	0.01016
62	0.06306	0.03810	0.22110	0.04039	0.12328	0.05720	0.13320	0.13812	0.01740	0.08691	0.01351	0.01539	0.00986	0.00642	0.00634	0.00199	0.00853	0.00561	0.00409	0.00952
63	0.01540	0.01464	0.02432	0.15141	0.57309	0.01525	0.01885	0.02033	0.06434	0.02080	0.01305	0.01676	0.01065	0.00608	0.00642	0.00198	0.00764	0.00586	0.00339	0.00975
64	0.01794	0.01582	0.01616	0.07367	0.01987	0.07581	0.01140	0.15427	0.48251	0.02774	0.02184	0.02099	0.01633	0.00823	0.00648	0.00210	0.00628	0.00666	0.00599	0.00990
65	0.01546	0.00834	0.01097	0.01030	0.03129	0.00762	0.00767	0.01848	0.04396	0.24513	0.26051	0.15977	0.10878	0.01283	0.00734	0.00217	0.00424	0.03052	0.00693	0.00768
66	0.01777	0.60043	0.10517	0.01237	0.01822	0.04425	0.01255	0.09092	0.01511	0.01839	0.00996	0.01127	0.00856	0.00585	0.00464	0.00152	0.00734	0.00386	0.00316	0.00868
67	0.14191	0.01534	0.02047	0.24876	0.31142	0.08550	0.01621	0.04968	0.01462	0.02131	0.01140	0.01506	0.00909	0.00618	0.00599	0.00198	0.00790	0.00525	0.00338	0.00857
68	0.01390	0.01114	0.01199	0.01069	0.01373	0.01183	0.00830	0.15742	0.24574	0.02594	0.10623	0.09612	0.23612	0.01220	0.00711	0.00216	0.00465	0.01023	0.00639	0.00814
69	0.01122	0.00561	0.00842	0.00842	0.00842	0.00561	0.00561	0.00842	0.00842	0.01122	0.01122	0.01964	0.01122	0.02245	0.02525	0.81201	0.00561	0.00561	0.00281	0.00281
70	0.01649	0.01518	0.02579	0.03857	0.70495	0.01513	0.01943	0.02028	0.01486	0.04877	0.01267	0.01622	0.01046	0.00584	0.00640	0.00192	0.00759	0.00579	0.00338	0.01026
71	0.01204	0.00602	0.00602	0.00602	0.00753	0.00602	0.00452	0.01506	0.01355	0.02409	0.02108	0.02409	0.01656	0.00753	0.00452	0.00151	0.00301	0.00602	0.80879	0.00602
72	0.01340	0.01148	0.01340	0.00957	0.01531	0.00861	0.00766	0.01627	0.01340	0.02105	0.01148	0.01340	0.00957	0.00479	0.00479	0.00096	0.00479	0.00383	0.00383	0.81242
73	0.02414	0.03079	0.01831	0.01665	0.01998	0.74698	0.01248	0.02580	0.01831	0.01581	0.00999	0.01165	0.00832	0.00666	0.00583	0.00166	0.01165	0.00416	0.00333	0.00749
74	0.01204	0.00602	0.00602	0.00602	0.00753	0.00602	0.00452	0.01506	0.01355	0.02409	0.02108	0.02409	0.01656	0.00753	0.00452	0.00151	0.00301	0.00602	0.80879	0.00602
75	0.01104	0.00869	0.01102	0.01068	0.01213	0.03844	0.00817	0.07162	0.01251	0.01719	0.01853	0.08477	0.01802	0.08985	0.54669	0.00841	0.01438	0.00780	0.00395	0.00612
76	0.01375	0.01214	0.01743	0.05549	0.09394	0.01543	0.01260	0.01545	0.01097	0.04883	0.01279	0.03650	0.01258	0.13188	0.06235	0.00363	0.42721	0.00665	0.00338	0.00699
77	0.01301	0.01310	0.12751	0.01103	0.01467	0.01006	0.01001	0.09284	0.07331	0.05872	0.33243	0.05568	0.06990	0.04575	0.00818	0.00221	0.00506	0.00920	0.00597	0.04136
78	0.07729	0.02178	0.01843	0.04293	0.07637	0.30536	0.01261	0.28322	0.02155	0.02655	0.01256	0.01418	0.00975	0.00879	0.03863	0.00221	0.00930	0.00505	0.00454	0.00891
79	0.01604	0.01575	0.02300	0.20952	0.40783	0.07731	0.01788	0.05504	0.01499	0.02009	0.01167	0.01575	0.00957	0.00657	0.00761	0.00203	0.07143	0.00561	0.00327	0.00903
80	0.01613	0.03831	0.10012	0.08434	0.49545	0.03640	0.06662	0.02033	0.01472	0.04804	0.01248	0.01589	0.00999	0.00593	0.00638	0.00195	0.00817	0.00570	0.00331	0.00974
81	0.00888	0.00659	0.00827	0.00785	0.00949	0.00598	0.00589	0.01168	0.01766	0.02442	0.61244	0.05071	0.17866	0.01376	0.00762	0.00206	0.00309	0.01203	0.00692	0.00598
82	0.01316	0.01123	0.01314	0.00955	0.01505	0.00847	0.00758	0.01595	0.01335	0.02085	0.01255	0.04663	0.01103	0.00547	0.00494	0.00103	0.00474	0.00447	0.00392	0.77691
83	0.01485	0.01001	0.01336	0.08373	0.06413	0.00942	0.00950	0.01882	0.08097	0.15278	0.05243	0.23198	0.02322	0.01071	0.00664	0.00196	0.00514	0.00941	0.00548	0.19544
84	0.01749	0.01518	0.02473	0.09039	0.46717	0.03183	0.08084	0.05674	0.01586	0.09378	0.01363	0.01663	0.01062	0.00611	0.00647	0.00194	0.00781	0.00591	0.00385	0.03302
85	0.14476	0.09364	0.01924	0.01714	0.09007	0.45146	0.01228	0.04801	0.01659	0.01921	0.01012	0.01199	0.00841	0.00651	0.00584	0.00175	0.02739	0.00425	0.00347	0.00788
86	0.01233	0.01162	0.01962	0.73274	0.06814	0.01439	0.01801	0.01662	0.01298	0.01667	0.01151	0.01718	0.00867	0.00644	0.00646	0.00215	0.00858	0.00574	0.00288	0.00728
87	0.01788	0.01466	0.01665	0.01273	0.01753	0.07260	0.03811	0.13651	0.01690	0.09474	0.01319	0.01471	0.01024	0.00647	0.00716	0.00153	0.08527	0.00480	0.00452	0.41380
88	0.01700	0.01373	0.01493	0.03865	0.01782	0.01570	0.01050	0.05214	0.63252	0.07265	0.02544	0.02350	0.01886	0.00861	0.00656	0.00217	0.00531	0.00716	0.00654	0.01019
89	0.01204	0.00602	0.00602	0.00602	0.00753	0.00602	0.00452	0.01506	0.01355	0.02409	0.02108	0.02409	0.01656	0.00753	0.00452	0.00151	0.00301	0.00602	0.80879	0.00602
90	0.01122	0.00561	0.00842	0.00842	0.00842	0.00561	0.00561	0.00842	0.00842	0.01122	0.01122	0.01964	0.01122	0.02245	0.02525	0.81201	0.00561	0.00561	0.00281	0.00281
91	0.01204	0.00602	0.00602	0.00602	0.00753	0.00602	0.00452	0.01506	0.01355	0.02409	0.02108	0.02409	0.01656	0.00753	0.00452	0.00151	0.00301	0.00602	0.80879	0.00602
92	0.81856	0.01250	0.00950	0.00850	0.01250	0.01449	0.00700	0.01899	0.01100	0.02899	0.00900	0.01050	0.00700	0.00600	0.00400	0.00200	0.00500	0.00350	0.00400	0.00700
93	0.01619	0.01573	0.02603	0.03910	0.71513	0.03330	0.01965	0.01998	0.01480	0.02098	0.01210	0.01589	0.01019	0.00578	0.00638	0.00191	0.00777	0.00572	0.00320	0.01017
94	0.01229	0.01107	0.01597	0.01319	0.01620	0.03613	0.14440	0.01891	0.16300	0.02477	0.41886	0.03597	0.04061	0.01055	0.00734	0.00208	0.00531	0.00972	0.00612	0.00751
95	0.00895	0.00660	0.00837	0.00792	0.00953	0.00601	0.00594	0.01181	0.01783	0.02482	0.64321	0.05007	0.14765	0.01362	0.00762	0.00205	0.00308	0.01194	0.00697	0.00601
96	0.02173	0.02737	0.03817	0.04253	0.03845	0.58744	0.01317	0.02370	0.01682	0.01604	0.01025	0.01273	0.00867	0.00853	0.03334	0.00212	0.08368	0.00451	0.00325	0.00750
97	0.01309	0.01132	0.01402	0.01027	0.01567	0.00870	0.03692	0.01594	0.01340	0.02072	0.01326	0.06695	0.01192	0.00591	0.00515	0.00113	0.00497	0.00501	0.00396	0.72172
98	0.01516	0.41289	0.37927	0.01466	0.02216	0.02040	0.01733	0.01989	0.01338	0.01778	0.01026	0.01197	0.00824	0.00583	0.00512	0.00171	0.00820	0.00410	0.00275	0.00891
99	0.01517	0.01134	0.01424	0.01197	0.06569	0.00922	0.00875	0.01805	0.01446	0.11009	0.07343	0.01759	0.01470	0.00610	0.00570	0.00128	0.02088	0.00499	0.00455	0.57180
100	0.02414	0.03079	0.01831	0.01665	0.01998	0.74698	0.01248	0.02580	0.01831	0.01581	0.00999	0.01165	0.00832	0.00666	0.00583	0.00166	0.01165	0.00416	0.00333	0.00749
101	0.01327	0.03582	0.11584	0.01118	0.01663	0.00977	0.02706	0.01664	0.01376	0.05181	0.04212	0.06473	0.04683	0.00846	0.03128	0.00172	0.00594	0.00591	0.00415	0.47709
102	0.00836	0.00614	0.00783	0.00903	0.00970	0.00585	0.00617	0.01030	0.04368	0.01696	0.03665	0.63293	0.08933	0.04962	0.00914	0.00273	0.00395	0.04023	0.00594	0.00545
103	0.01895	0.40336	0.05863	0.01326	0.01793	0.23778	0.01190	0.06867	0.01566	0.01738	0.01056	0.01252	0.00915	0.00966	0.06745	0.00229	0.00933	0.00418	0.00325	0.00809
104	0.01340	0.01148	0.01340	0.00957	0.01531	0.00861	0.00766	0.01627	0.01340	0.02105	0.01148	0.01340	0.00957	0.00479	0.00479	0.00096	0.00479	0.00383	0.00383	0.81242
105	0.02414	0.03079	0.01831	0.01665	0.01998	0.74698	0.01248	0.02580	0.01831	0.01581	0.00999	0.01165	0.00832	0.00666	0.00583	0.00166	0.01165	0.00416	0.00333	0.00749
106	0.02456	0.01810	0.01939	0.01487	0.02004	0.02004	0.01228	0.71107	0.03038	0.04072	0.01551	0.01551	0.01099	0.00776	0.00646	0.00194	0.00711	0.00582	0.00646	0.01099
107	0.01204	0.00602	0.00602	0.00602	0.00753	0.00602	0.00452	0.01506	0.01355	0.02409	0.02108	0.02409	0.01656	0.00753	0.00452	0.00151	0.00301	0.00602	0.80879	0.00602
108	0.81856	0.01250	0.00950	0.00850	0.01250	0.01449	0.00700	0.01899	0.01100	0.02899	0.00900	0.01050	0.00700	0.00600	0.00400	0.00200	0.00500	0.00350	0.00400	0.00700
109	0.01525	0.01743	0.03813	0.02723	0.03377	0.01634	0.70915	0.02070	0.01525	0.02070	0.01307	0.01743	0.00980	0.00545	0.00763	0.00218	0.01089	0.00763	0.00327	0.00871
110	0.01607	0.01388	0.01461	0.01315	0.01680	0.01607	0.01023	0.03433	0.72094	0.02703	0.02630	0.02411	0.01972	0.00877	0.00657	0.00219	0.00511	0.00731	0.00657	0.01023
111	0.01204	0.00602	0.00602	0.00602	0.00753	0.00602	0.00452	0.01506	0.01355	0.02409	0.02108	0.02409	0.01656	0.00753	0.00452	0.00151	0.00301	0.00602	0.80879	0.00602
112	0.11263	0.31245	0.02324	0.01354	0.01783	0.37140	0.01131	0.03850	0.01578	0.01767	0.00962	0.01112	0.00822	0.00618	0.00499	0.00160	0.00898	0.00385	0.00326	0.00782
113	0.02809	0.01125	0.01537	0.01252	0.04110	0.00993	0.00988	0.03119	0.04299	0.68760	0.02506	0.02186	0.01593	0.00795	0.00650	0.00200	0.00556	0.00650	0.00778	0.01094
114	0.01616	0.01469	0.01790	0.07799	0.18813	0.08626	0.01235	0.06302	0.01528	0.04626	0.01234	0.01493	0.01000	0.00698	0.02647	0.00175	0.02233	0.00482	0.00384	0.35851
115	0.01094	0.00874	0.00951	0.00922	0.03076	0.00838	0.00680	0.06160	0.11555	0.04191	0.10860	0.05009	0.48588	0.01392	0.00734	0.00214	0.00396	0.01163	0.00618	0.00685
116	0.01204	0.00602	0.00602	0.00602	0.00753	0.00602	0.00452	0.01506	0.01355	0.02409	0.02108	0.02409	0.01656	0.00753	0.00452	0.00151	0.00301	0.00602	0.80879	0.00602
117	0.01166	0.01038	0.03428	0.05800	0.10244	0.00942	0.03384	0.05929	0.01669	0.02286	0.26606	0.03858	0.17867	0.01105	0.00705	0.00198	0.00501	0.03688	0.00546	0.09040
118	0.01414	0.01414	0.01979	0.01696	0.01696	0.01979	0.01414	0.01555	0.00990	0.01555	0.00848	0.01414	0.00848	0.01131	0.02120	0.00283	0.76110	0.00565	0.00283	0.00707
119	0.76077	0.01255	0.01042	0.03957	0.03657	0.01452	0.00784	0.01892	0.01119	0.02824	0.00920	0.01094	0.00716	0.00601	0.00417	0.00200	0.00523	0.00366	0.00393	0.00711
120	0.01204	0.00602	0.00602	0.00602	0.00753	0.00602	0.00452	0.01506	0.01355	0.02409	0.02108	0.02409	0.01656	0.00753	0.00452	0.00151	0.00301	0.00602	0.80879	0.00602
121	0.02336	0.01750	0.01860	0.01524	0.04363	0.05188	0.01198	0.57194	0.04259	0.06779	0.01657	0.04031	0.01256	0.02684	0.00714	0.00206	0.00710	0.00629	0.00620	0.01043
122	0.01654	0.01628	0.02582	0.06453	0.55377	0.05670	0.06909	0.05033	0.01538	0.02124	0.01207	0.01581	0.00999	0.00612	0.00705	0.00197	0.03842	0.00580	0.00333	0.00975
123	0.01191	0.00926	0.01231	0.01066	0.01348	0.00885	0.08247	0.01675	0.13033	0.07796	0.09913	0.07003	0.32808	0.06957	0.00931	0.00250	0.00487	0.02966	0.00589	0.00698
124	0.01204	0.00602	0.00602	0.00602	0.00753	0.00602	0.00452	0.01506	0.01355	0.02409	0.02108	0.02409	0.01656	0.00753	0.00452	0.00151	0.00301	0.00602	0.80879	0.00602
125	0.01414	0.01414	0.01979	0.01696	0.01696	0.01979	0.01414	0.01555	0.00990	0.01555	0.00848	0.01414	0.00848	0.01131	0.02120	0.00283	0.76110	0.00565	0.00283	0.00707
126	0.00786	0.00569	0.00743	0.00882	0.00933	0.00526	0.00592	0.00902	0.01254	0.01656	0.03772	0.71881	0.09127	0.01997	0.00820	0.00259	0.00372	0.01803	0.00600	0.00526
127	0.81856	0.01250	0.00950	0.00850	0.01250	0.01449	0.00700	0.01899	0.01100	0.02899	0.00900	0.01050	0.00700	0.00600	0.00400	0.00200	0.00500	0.00350	0.00400	0.00700
128	0.01375	0.01169	0.01359	0.00974	0.01546	0.00897	0.00780	0.03825	0.01394	0.02168	0.01161	0.01347	0.00962	0.00488	0.00484	0.00099	0.00486	0.00389	0.00391	0.78707
129	0.01414	0.01414	0.01979	0.01696	0.01696	0.01979	0.01414	0.01555	0.00990	0.01555	0.00848	0.01414	0.00848	0.01131	0.02120	0.00283	0.76110	0.00565	0.00283	0.00707
130	0.04166	0.01324	0.06437	0.01090	0.01684	0.00959	0.03592	0.01737	0.01359	0.04707	0.01197	0.01378	0.00963	0.00506	0.00502	0.00115	0.00538	0.00412	0.00389	0.66944
131	0.01390	0.04420	0.44888	0.01824	0.05611	0.01475	0.08282	0.04510	0.07575	0.02200	0.05306	0.01690	0.01255	0.00663	0.00628	0.00197	0.00838	0.00562	0.00358	0.06329
132	0.01204	0.00602	0.00602	0.00602	0.00753	0.00602	0.00452	0.01506	0.01355	0.02409	0.02108	0.02409	0.01656	0.00753	0.00452	0.00151	0.00301	0.00602	0.80879	0.00602
133	0.01268	0.03080	0.03099	0.01204	0.01442	0.01126	0.00998	0.06177	0.20614	0.02214	0.04682	0.16631	0.04961	0.01413	0.00825	0.00252	0.03574	0.25102	0.00590	0.00749
134	0.01210	0.01030	0.01664	0.49403	0.03322	0.01187	0.03607	0.01590	0.01443	0.05158	0.15372	0.02715	0.07951	0.00862	0.00682	0.00213	0.00703	0.00763	0.00419	0.00705
135	0.01266	0.01013	0.01241	0.06402	0.01629	0.01047	0.00986	0.06872	0.15631	0.02199	0.02948	0.06626	0.10078	0.01402	0.03833	0.00264	0.00602	0.24377	0.00553	0.11033
136	0.01015	0.00787	0.00916	0.00869	0.01074	0.00760	0.00663	0.04962	0.08522	0.02353	0.36389	0.08766	0.25074	0.01399	0.00755	0.00216	0.00367	0.03807	0.00659	0.00651
137	0.07217	0.07225	0.14706	0.04981	0.04384	0.03420	0.05269	0.12414	0.22022	0.02501	0.01593	0.01691	0.01210	0.00730	0.00692	0.00203	0.04961	0.00571	0.00458	0.03751
138	0.00965	0.00779	0.00897	0.00940	0.04308	0.00732	0.00655	0.04020	0.05741	0.02000	0.14983	0.10809	0.40499	0.06842	0.00933	0.00248	0.00403	0.03036	0.00594	0.00617
139	0.01482	0.03512	0.04228	0.18227	0.38040	0.01499	0.01714	0.03825	0.06732	0.02033	0.01429	0.02028	0.01219	0.00766	0.00765	0.02537	0.03780	0.04930	0.00360	0.00893
140	0.01204	0.00602	0.00602	0.00602	0.00753	0.00602	0.00452	0.01506	0.01355	0.02409	0.02108	0.02409	0.01656	0.00753	0.00452	0.00151	0.00301	0.00602	0.80879	0.00602
141	0.01412	0.03368	0.04954	0.26003	0.21242	0.01427	0.04797	0.04401	0.01405	0.04413	0.01548	0.12318	0.01425	0.00869	0.00799	0.00218	0.07456	0.00755	0.00372	0.00817
142	0.01204	0.00602	0.00602	0.00602	0.00753	0.00602	0.00452	0.01506	0.01355	0.02409	0.02108	0.02409	0.01656	0.00753	0.00452	0.00151	0.00301	0.00602	0.80879	0.00602
143	0.81856	0.01250	0.00950	0.00850	0.01250	0.01449	0.00700	0.01899	0.01100	0.02899	0.00900	0.01050	0.00700	0.00600	0.00400	0.00200	0.00500	0.00350	0.00400	0.00700
144	0.01554	0.01490	0.02542	0.12439	0.65138	0.01523	0.01961	0.01944	0.01450	0.02057	0.01207	0.01614	0.01004	0.00584	0.00640	0.00195	0.00779	0.00576	0.00316	0.00987
145	0.01419	0.01643	0.09995	0.03720	0.01916	0.07188	0.06107	0.01674	0.01231	0.03290	0.04199	0.07113	0.04489	0.01069	0.01464	0.00250	0.41437	0.00708	0.00353	0.00734
146	0.01848	0.01623	0.06131	0.03594	0.08346	0.01678	0.01269	0.26661	0.31726	0.03032	0.02003	0.02079	0.01518	0.00812	0.00649	0.00207	0.00637	0.02363	0.02810	0.01015
147	0.01587	0.01699	0.10728	0.09224	0.55142	0.01501	0.03574	0.02015	0.01462	0.05065	0.01262	0.01610	0.01010	0.00594	0.00640	0.00196	0.00795	0.00572	0.00332	0.00991
148	0.01659	0.27337	0.23041	0.01742	0.05276	0.05265	0.12296	0.08929	0.03300	0.02082	0.01185	0.01381	0.00930	0.00609	0.00572	0.00181	0.00842	0.00498	0.01973	0.00903
149	0.00913	0.00691	0.00796	0.00770	0.00971	0.00616	0.00588	0.01181	0.03355	0.04014	0.32119	0.05524	0.40062	0.01479	0.00763	0.00216	0.00341	0.04353	0.00650	0.00599
150	0.01332	0.00990	0.01153	0.03112	0.01297	0.00995	0.00730	0.09211	0.06774	0.04705	0.02037	0.03008	0.05682	0.32845	0.04129	0.00389	0.03781	0.00752	0.00457	0.16620
151	0.01204	0.00602	0.00602	0.00602	0.00753	0.00602	0.00452	0.01506	0.01355	0.02409	0.02108	0.02409	0.01656	0.00753	0.00452	0.00151	0.00301	0.00602	0.80879	0.00602
152	0.01582	0.01216	0.01410	0.01225	0.01462	0.04657	0.00966	0.22437	0.01699	0.04813	0.01626	0.02234	0.01427	0.10708	0.29410	0.00571	0.08662	0.00657	0.02484	0.00754
153	0.01434	0.06249	0.31275	0.04242	0.04966	0.01586	0.31546	0.03884	0.01472	0.02059	0.01318	0.04565	0.01042	0.00642	0.00678	0.00209	0.00961	0.00656	0.00321	0.00895
154	0.01940	0.01295	0.01497	0.06709	0.01798	0.02929	0.01023	0.25566	0.10223	0.16655	0.07258	0.11738	0.03774	0.03625	0.00771	0.00224	0.00594	0.00839	0.00633	0.00910
155	0.01617	0.04515	0.02274	0.17175	0.38029	0.01593	0.01677	0.11750	0.03624	0.02265	0.01393	0.01715	0.02779	0.00667	0.00682	0.00196	0.03334	0.00584	0.00376	0.03756
156	0.05623	0.04084	0.08747	0.05718	0.13792	0.01359	0.03226	0.11213	0.03241	0.18487	0.07284	0.06457	0.03169	0.00852	0.00708	0.00205	0.03682	0.00709	0.00525	0.00918

[dist]
# distance from previous block
# <min> <max>
1	6

[block]
# block no. 1 follows, 34 sequences, length 38
# corresponding to MSA columns:
# 727-764
name=unknown_B
#
# <colnr> <probs for GDERKNQSTAVLIFYWHMCP>
#	G	D	E	R	K	N	Q	S	T	A	V	L	I	F	Y	W	H	M	C	P
0	0.12993	0.06478	0.04515	0.05833	0.18728	0.09633	0.07384	0.07068	0.01486	0.02171	0.01124	0.01429	0.00923	0.00758	0.02547	0.00213	0.08543	0.00511	0.00353	0.07308
1	0.04138	0.01645	0.02067	0.12751	0.18240	0.12433	0.08040	0.15106	0.01758	0.02299	0.03729	0.04119	0.03012	0.02905	0.02789	0.00235	0.02818	0.00652	0.00412	0.00852
2	0.00928	0.00642	0.00800	0.00807	0.00841	0.00672	0.00518	0.00998	0.00981	0.01340	0.02021	0.07128	0.02233	0.53531	0.23160	0.00725	0.00924	0.00912	0.00388	0.00450
3	0.01814	0.06770	0.04483	0.16918	0.04738	0.15790	0.18974	0.15101	0.01779	0.02211	0.01208	0.01517	0.00931	0.00662	0.00715	0.00200	0.04384	0.00575	0.00373	0.00856
4	0.01204	0.00602	0.00602	0.00602	0.00753	0.00602	0.00452	0.01506	0.01355	0.02409	0.02108	0.02409	0.01656	0.00753	0.00452	0.00151	0.00301	0.00602	0.80879	0.00602
5	0.11278	0.16124	0.15213	0.05753	0.09799	0.08114	0.14204	0.06856	0.01528	0.03729	0.01156	0.01392	0.00898	0.00606	0.00583	0.00189	0.00844	0.00511	0.00347	0.00876
6	0.01454	0.08756	0.43267	0.01996	0.08977	0.07174	0.09306	0.02064	0.03551	0.01978	0.01303	0.04921	0.01051	0.00676	0.00625	0.00200	0.00907	0.00572	0.00315	0.00908
7	0.01223	0.01658	0.21384	0.06082	0.09889	0.01091	0.01366	0.01698	0.03431	0.02179	0.19105	0.02530	0.05836	0.00813	0.00633	0.00180	0.00616	0.00694	0.00439	0.19152
8	0.01204	0.00602	0.00602	0.00602	0.00753	0.00602	0.00452	0.01506	0.01355	0.02409	0.02108	0.02409	0.01656	0.00753	0.00452	0.00151	0.00301	0.00602	0.80879	0.00602
9	0.66105	0.09620	0.01354	0.00983	0.01404	0.05783	0.02995	0.01948	0.01178	0.02648	0.00918	0.01077	0.00730	0.00597	0.00423	0.00192	0.00577	0.00366	0.00380	0.00722
10	0.00943	0.00718	0.01011	0.04267	0.06977	0.00707	0.00818	0.03177	0.01334	0.01785	0.03200	0.59389	0.03727	0.01792	0.00803	0.00256	0.00456	0.07478	0.00565	0.00596
11	0.01243	0.01004	0.01163	0.01023	0.01349	0.00933	0.00771	0.06821	0.12893	0.02169	0.02498	0.29341	0.04969	0.01173	0.00657	0.00188	0.00458	0.01022	0.00534	0.29789
12	0.00815	0.00581	0.00775	0.00919	0.00966	0.00548	0.00633	0.00941	0.01250	0.01662	0.03497	0.68132	0.04158	0.04552	0.00914	0.00278	0.00403	0.07859	0.00592	0.00527
13	0.01783	0.01290	0.01516	0.01129	0.01652	0.01163	0.00918	0.16025	0.01738	0.12171	0.01405	0.01503	0.01067	0.00616	0.00619	0.00139	0.04348	0.00469	0.00488	0.49961
14	0.01204	0.00602	0.00602	0.00602	0.00753	0.00602	0.00452	0.01506	0.01355	0.02409	0.02108	0.02409	0.01656	0.00753	0.00452	0.00151	0.00301	0.00602	0.80879	0.00602
15	0.75374	0.01274	0.01018	0.00892	0.01301	0.01463	0.00735	0.05537	0.01223	0.05069	0.00983	0.01110	0.00747	0.00615	0.00420	0.00200	0.00512	0.00371	0.00425	0.00732
16	0.00932	0.00801	0.01030	0.04937	0.11313	0.00742	0.00782	0.01151	0.01481	0.01879	0.13826	0.06948	0.45794	0.04525	0.00846	0.00230	0.00427	0.01182	0.00550	0.00623
17	0.01414	0.01414	0.01979	0.01696	0.01696	0.01979	0.01414	0.01555	0.00990	0.01555	0.00848	0.01414	0.00848	0.01131	0.02120	0.00283	0.76110	0.00565	0.00283	0.00707
18	0.01640	0.01554	0.04435	0.14848	0.31486	0.05647	0.01599	0.02434	0.21528	0.05779	0.01659	0.01848	0.01277	0.00691	0.00642	0.00203	0.00728	0.00611	0.00434	0.00958
19	0.01204	0.00602	0.00602	0.00602	0.00753	0.00602	0.00452	0.01506	0.01355	0.02409	0.02108	0.02409	0.01656	0.00753	0.00452	0.00151	0.00301	0.00602	0.80879	0.00602
20	0.01606	0.01962	0.15487	0.06526	0.25612	0.03805	0.21731	0.08267	0.04521	0.02248	0.01310	0.01621	0.01006	0.00610	0.00670	0.00203	0.00895	0.00614	0.00355	0.00950
21	0.01473	0.01409	0.02429	0.32988	0.35643	0.01523	0.08438	0.04698	0.01468	0.02000	0.01211	0.01661	0.00956	0.00610	0.00654	0.00204	0.00834	0.00593	0.00321	0.00888
22	0.01220	0.01209	0.06052	0.05176	0.28446	0.01094	0.01296	0.01646	0.06155	0.02126	0.17290	0.12473	0.11023	0.01067	0.00703	0.00210	0.00567	0.00958	0.00489	0.00800
23	0.01204	0.00602	0.00602	0.00602	0.00753	0.00602	0.00452	0.01506	0.01355	0.02409	0.02108	0.02409	0.01656	0.00753	0.00452	0.00151	0.00301	0.00602	0.80879	0.00602
24	0.01414	0.01414	0.01979	0.01696	0.01696	0.01979	0.01414	0.01555	0.00990	0.01555	0.00848	0.01414	0.00848	0.01131	0.02120	0.00283	0.76110	0.00565	0.00283	0.00707
25	0.02143	0.01624	0.01756	0.07513	0.02076	0.05216	0.01180	0.37306	0.17881	0.09509	0.01796	0.01782	0.01296	0.00768	0.00637	0.00195	0.00674	0.00601	0.00603	0.05444
26	0.74919	0.01284	0.01070	0.01030	0.04907	0.01474	0.00784	0.04424	0.01189	0.02902	0.00939	0.01096	0.00731	0.00605	0.00421	0.00199	0.00521	0.00370	0.00405	0.00731
27	0.01028	0.00775	0.00967	0.04004	0.01222	0.00736	0.00696	0.06489	0.01368	0.01863	0.02880	0.47835	0.04953	0.09553	0.01012	0.00269	0.00461	0.01376	0.00538	0.11974
28	0.01204	0.00602	0.00602	0.00602	0.00753	0.00602	0.00452	0.01506	0.01355	0.02409	0.02108	0.02409	0.01656	0.00753	0.00452	0.00151	0.00301	0.00602	0.80879	0.00602
29	0.81856	0.01250	0.00950	0.00850	0.01250	0.01449	0.00700	0.01899	0.01100	0.02899	0.00900	0.01050	0.00700	0.00600	0.00400	0.00200	0.00500	0.00350	0.00400	0.00700
30	0.04479	0.01575	0.12472	0.04647	0.01904	0.01195	0.01133	0.13882	0.01662	0.04715	0.03186	0.01631	0.03004	0.00625	0.00553	0.00148	0.00604	0.00494	0.00436	0.41656
31	0.01204	0.00602	0.00602	0.00602	0.00753	0.00602	0.00452	0.01506	0.01355	0.02409	0.02108	0.02409	0.01656	0.00753	0.00452	0.00151	0.00301	0.00602	0.80879	0.00602
32	0.01457	0.01483	0.05612	0.01397	0.07594	0.07125	0.03577	0.01841	0.04313	0.02078	0.01271	0.01569	0.01062	0.00564	0.00537	0.00131	0.00612	0.02300	0.00382	0.55096
33	0.01587	0.02658	0.50262	0.01685	0.02470	0.01415	0.04793	0.04298	0.06619	0.12741	0.01522	0.01690	0.01089	0.03464	0.00727	0.00221	0.00849	0.00553	0.00396	0.00961
34	0.01248	0.01285	0.07048	0.03193	0.07064	0.05706	0.01026	0.01934	0.20076	0.02149	0.14066	0.14671	0.11908	0.03040	0.00774	0.00228	0.00544	0.02722	0.00555	0.00763
35	0.00791	0.00620	0.00719	0.00788	0.00924	0.00548	0.00566	0.00943	0.01383	0.01737	0.06952	0.36216	0.38782	0.01799	0.00796	0.00240	0.00359	0.04695	0.00603	0.00541
36	0.01609	0.04074	0.06796	0.03176	0.06771	0.09392	0.02690	0.10337	0.14963	0.06100	0.04860	0.07168	0.11215	0.01175	0.04553	0.00250	0.02725	0.00791	0.00513	0.00844
37	0.16609	0.06115	0.01670	0.01386	0.05620	0.05786	0.01067	0.21966	0.11030	0.10215	0.06879	0.01973	0.01584	0.00804	0.00639	0.00200	0.02636	0.02351	0.00554	0.00916

[dist]
# distance from previous block
# <min> <max>
0	12

[block]
# block no. 2 follows, 34 sequences, length 23
# corresponding to MSA columns:
# 777-799
name=unknown_C
#
# <colnr> <probs for GDERKNQSTAVLIFYWHMCP>
#	G	D	E	R	K	N	Q	S	T	A	V	L	I	F	Y	W	H	M	C	P
0	0.03681	0.07190	0.13230	0.05500	0.16269	0.04060	0.08527	0.10005	0.05889	0.02250	0.03953	0.01932	0.02972	0.00781	0.00751	0.02820	0.03600	0.02478	0.00397	0.03714
1	0.00804	0.00634	0.00710	0.00734	0.00889	0.00556	0.00525	0.00966	0.01439	0.01818	0.15626	0.20957	0.43197	0.07032	0.00955	0.00254	0.00355	0.01405	0.00602	0.00540
2	0.01527	0.01461	0.02293	0.16164	0.44991	0.04000	0.03554	0.03582	0.01492	0.02075	0.03933	0.01706	0.01175	0.00614	0.00631	0.00187	0.00759	0.00578	0.00344	0.08933
3	0.01204	0.00602	0.00602	0.00602	0.00753	0.00602	0.00452	0.01506	0.01355	0.02409	0.02108	0.02409	0.01656	0.00753	0.00452	0.00151	0.00301	0.00602	0.80879	0.00602
4	0.00924	0.00689	0.01021	0.01021	0.01130	0.00798	0.00786	0.01143	0.01033	0.01487	0.01747	0.02626	0.01654	0.08619	0.71011	0.01017	0.01673	0.00705	0.00349	0.00567
5	0.01204	0.00602	0.00602	0.00602	0.00753	0.00602	0.00452	0.01506	0.01355	0.02409	0.02108	0.02409	0.01656	0.00753	0.00452	0.00151	0.00301	0.00602	0.80879	0.00602
6	0.81856	0.01250	0.00950	0.00850	0.01250	0.01449	0.00700	0.01899	0.01100	0.02899	0.00900	0.01050	0.00700	0.00600	0.00400	0.00200	0.00500	0.00350	0.00400	0.00700
7	0.01652	0.01568	0.04789	0.01380	0.01720	0.11523	0.05855	0.21478	0.09796	0.02495	0.02363	0.25761	0.04477	0.01174	0.00706	0.00218	0.00669	0.01009	0.00549	0.00819
8	0.01608	0.07338	0.23662	0.01685	0.02172	0.06930	0.06171	0.06559	0.11169	0.03849	0.01318	0.01543	0.01035	0.00799	0.01023	0.00221	0.21112	0.00552	0.00373	0.00882
9	0.01810	0.04505	0.06915	0.01541	0.03915	0.01715	0.04915	0.27994	0.19968	0.02912	0.04845	0.04199	0.03396	0.00876	0.00787	0.00211	0.07293	0.00692	0.00551	0.00959
10	0.01441	0.01374	0.04682	0.17724	0.37824	0.01372	0.05101	0.01804	0.01394	0.04445	0.01528	0.07700	0.01390	0.03693	0.00818	0.00227	0.03158	0.03095	0.00361	0.00867
11	0.01913	0.30172	0.04953	0.01763	0.14948	0.12767	0.01296	0.05107	0.05236	0.09318	0.01284	0.01403	0.01023	0.00623	0.00539	0.00165	0.00749	0.00467	0.00389	0.05887
12	0.07850	0.01914	0.08714	0.01856	0.13468	0.07812	0.01386	0.36280	0.06873	0.03102	0.01452	0.01605	0.01102	0.02876	0.00695	0.00207	0.00750	0.00560	0.00508	0.00990
13	0.00842	0.00675	0.00753	0.00790	0.00979	0.00599	0.00622	0.01030	0.01446	0.01764	0.05518	0.06372	0.51853	0.05922	0.00937	0.00261	0.00410	0.18090	0.00587	0.00549
14	0.01452	0.01358	0.05290	0.07477	0.29422	0.02954	0.04312	0.01786	0.01450	0.06330	0.05506	0.06837	0.05038	0.03078	0.00777	0.00210	0.02675	0.03758	0.00416	0.09877
15	0.01204	0.00602	0.00602	0.00602	0.00753	0.00602	0.00452	0.01506	0.01355	0.02409	0.02108	0.02409	0.01656	0.00753	0.00452	0.00151	0.00301	0.00602	0.80879	0.00602
16	0.04730	0.01627	0.02161	0.05413	0.36214	0.05595	0.01555	0.23394	0.01971	0.06436	0.01392	0.01604	0.01069	0.00663	0.00625	0.00191	0.00740	0.00566	0.03054	0.00999
17	0.01759	0.45297	0.17624	0.01481	0.05147	0.13229	0.01434	0.04184	0.01462	0.01743	0.01002	0.01165	0.00844	0.00590	0.00498	0.00160	0.00821	0.00401	0.00298	0.00860
18	0.01033	0.00702	0.00877	0.00834	0.01016	0.00644	0.00624	0.01335	0.03936	0.07272	0.46062	0.12990	0.17409	0.01407	0.00758	0.00213	0.00340	0.01229	0.00683	0.00636
19	0.01663	0.04109	0.02031	0.22962	0.22317	0.07609	0.01537	0.03728	0.01507	0.10215	0.05451	0.02008	0.01389	0.00767	0.00779	0.00208	0.07525	0.02941	0.00402	0.00852
20	0.00943	0.00670	0.00800	0.00771	0.00928	0.00609	0.00563	0.01149	0.01553	0.04394	0.35422	0.05151	0.25476	0.14750	0.01207	0.00286	0.00387	0.03753	0.00620	0.00567
21	0.01550	0.01179	0.03500	0.01209	0.01638	0.01045	0.07067	0.02075	0.11937	0.14457	0.11370	0.05585	0.06521	0.00871	0.00690	0.00181	0.03184	0.00746	0.00549	0.24646
22	0.16137	0.13906	0.08268	0.03949	0.17973	0.05320	0.01341	0.07843	0.05707	0.08694	0.01409	0.04302	0.01138	0.00695	0.00565	0.00190	0.00692	0.00545	0.00423	0.00900

[dist]
# distance from previous block
# <min> <max>
5	13

[block]
# block no. 3 follows, 34 sequences, length 34
# corresponding to MSA columns:
# 813-846
name=unknown_D
#
# <colnr> <probs for GDERKNQSTAVLIFYWHMCP>
#	G	D	E	R	K	N	Q	S	T	A	V	L	I	F	Y	W	H	M	C	P
0	0.01859	0.01980	0.12732	0.04912	0.22043	0.13092	0.03988	0.14273	0.01828	0.08179	0.04203	0.01885	0.04671	0.00729	0.00644	0.00194	0.00807	0.00609	0.00438	0.00935
1	0.57893	0.04877	0.04877	0.04713	0.01655	0.01538	0.05062	0.01864	0.01147	0.02555	0.00963	0.01198	0.00767	0.00731	0.02223	0.00224	0.06204	0.00415	0.00368	0.00727
2	0.01799	0.17964	0.08688	0.02299	0.22928	0.18600	0.08402	0.04621	0.01568	0.01927	0.01113	0.01362	0.00917	0.00594	0.00582	0.00174	0.00875	0.00492	0.00325	0.04770
3	0.01814	0.01943	0.17288	0.05988	0.23206	0.03272	0.01671	0.20876	0.05654	0.06827	0.01634	0.01779	0.03690	0.00712	0.00641	0.00199	0.00763	0.00594	0.00454	0.00995
4	0.01187	0.00621	0.00895	0.00873	0.00898	0.00631	0.00593	0.04230	0.00948	0.01265	0.01143	0.01944	0.01121	0.02174	0.02435	0.77295	0.00568	0.00562	0.00298	0.00320
5	0.00869	0.00664	0.00735	0.00713	0.00902	0.00579	0.00525	0.01059	0.01532	0.03619	0.23845	0.05583	0.47436	0.07928	0.00974	0.00248	0.00352	0.01259	0.00617	0.00563
6	0.75518	0.01238	0.00994	0.00874	0.01282	0.01409	0.00720	0.02000	0.01160	0.08583	0.01032	0.01142	0.00772	0.00616	0.00420	0.00200	0.00504	0.00374	0.00432	0.00732
7	0.01412	0.00899	0.01105	0.00978	0.01236	0.00881	0.00761	0.07350	0.09596	0.13601	0.41942	0.06150	0.07507	0.01194	0.00729	0.00208	0.00408	0.02576	0.00703	0.00764
8	0.00936	0.00640	0.00772	0.00772	0.00795	0.00663	0.00475	0.00983	0.00959	0.01302	0.01975	0.03889	0.02202	0.62746	0.17634	0.00709	0.00848	0.00890	0.00382	0.00429
9	0.04532	0.04771	0.01694	0.03923	0.05212	0.01272	0.01064	0.16049	0.01929	0.38255	0.01976	0.01980	0.01370	0.00751	0.00617	0.00186	0.00601	0.02468	0.00638	0.10713
10	0.01204	0.00602	0.00602	0.00602	0.00753	0.00602	0.00452	0.01506	0.01355	0.02409	0.02108	0.02409	0.01656	0.00753	0.00452	0.00151	0.00301	0.00602	0.80879	0.00602
11	0.04912	0.19237	0.04003	0.02141	0.25167	0.07319	0.01395	0.10559	0.05024	0.07184	0.01309	0.01467	0.01037	0.00627	0.00565	0.00174	0.00721	0.00500	0.00406	0.06252
12	0.03881	0.16020	0.15204	0.09614	0.14180	0.13883	0.01552	0.02285	0.10995	0.04504	0.01334	0.01510	0.01042	0.00650	0.00581	0.00187	0.00814	0.00506	0.00367	0.00892
13	0.00944	0.00788	0.00959	0.03908	0.05411	0.02373	0.00778	0.01169	0.01498	0.01900	0.14098	0.13806	0.34220	0.01543	0.00779	0.00233	0.00445	0.13966	0.00580	0.00601
14	0.01251	0.01168	0.01900	0.69765	0.04228	0.01449	0.01732	0.01794	0.06976	0.01735	0.01267	0.01778	0.00951	0.00665	0.00647	0.00216	0.00833	0.00587	0.00317	0.00742
15	0.01591	0.01733	0.12540	0.01663	0.09945	0.04915	0.01315	0.09285	0.35028	0.02570	0.07887	0.02360	0.04614	0.00848	0.00657	0.00208	0.00634	0.00705	0.00547	0.00955
16	0.00874	0.00644	0.00818	0.00806	0.00948	0.00588	0.00592	0.01129	0.01687	0.02328	0.52964	0.16550	0.14724	0.01476	0.00772	0.00215	0.00319	0.01302	0.00679	0.00588
17	0.01428	0.12176	0.33320	0.03601	0.02408	0.01626	0.10658	0.05049	0.01400	0.01985	0.01221	0.01651	0.01000	0.03623	0.00862	0.00216	0.08473	0.02250	0.00319	0.06735
18	0.00925	0.00686	0.01007	0.01007	0.01111	0.00791	0.00768	0.01134	0.01029	0.01477	0.01760	0.02698	0.01685	0.11694	0.67979	0.00999	0.01626	0.00716	0.00350	0.00559
19	0.02312	0.09102	0.03941	0.07707	0.03814	0.05108	0.01227	0.29089	0.05404	0.23196	0.01742	0.01717	0.01213	0.00740	0.00621	0.00192	0.00696	0.00573	0.00591	0.01014
