[name]
unknown

[dist]
# distance from previous block
# <min> <max>
0	4

[block]
# block no. 0 follows, 33 sequences, length 36
# corresponding to MSA columns:
# 4-39
name=unknown_A
#
# <colnr> <probs for GDERKNQSTAVLIFYWHMCP>
#	G	D	E	R	K	N	Q	S	T	A	V	L	I	F	Y	W	H	M	C	P
0	0.05246	0.00725	0.00916	0.01014	0.01129	0.00725	0.00799	0.01214	0.01326	0.01811	0.03171	0.17418	0.05963	0.18819	0.01421	0.00365	0.00562	0.36274	0.00550	0.00551
1	0.02459	0.03138	0.01866	0.01696	0.02035	0.74221	0.01272	0.02629	0.01866	0.01611	0.01018	0.01187	0.00848	0.00678	0.00594	0.00170	0.01187	0.00424	0.00339	0.00763
2	0.00934	0.00649	0.00776	0.00814	0.00930	0.00596	0.00560	0.01062	0.01320	0.04894	0.07329	0.31443	0.24269	0.17010	0.04055	0.00352	0.00475	0.01413	0.00573	0.00546
3	0.02420	0.01857	0.01912	0.01497	0.01990	0.06055	0.01222	0.63443	0.02939	0.03889	0.01645	0.05078	0.01256	0.00844	0.00663	0.00199	0.00735	0.00643	0.00638	0.01072
4	0.42813	0.01258	0.01280	0.01044	0.01503	0.01315	0.00862	0.08121	0.01596	0.31832	0.01660	0.01591	0.01122	0.00709	0.00532	0.00203	0.00548	0.00501	0.00595	0.00913
5	0.01616	0.01342	0.01422	0.01278	0.01643	0.01523	0.00995	0.03277	0.63189	0.05297	0.03006	0.02768	0.07813	0.00954	0.00679	0.00222	0.00507	0.00794	0.00670	0.01005
6	0.00866	0.00641	0.00853	0.07004	0.01208	0.00632	0.00670	0.00996	0.01244	0.01643	0.05058	0.52311	0.07907	0.14296	0.01236	0.00321	0.00461	0.01568	0.00552	0.00532
7	0.02334	0.02937	0.01799	0.01643	0.01964	0.68163	0.01235	0.02509	0.01799	0.01604	0.01079	0.01303	0.00914	0.01030	0.06674	0.00243	0.01235	0.00447	0.00340	0.00749
8	0.01888	0.01038	0.01270	0.01064	0.01400	0.01015	0.00838	0.09753	0.10226	0.26856	0.24616	0.03255	0.04825	0.04965	0.00834	0.00228	0.00484	0.00862	0.03699	0.00883
9	0.01142	0.00715	0.00864	0.00866	0.00960	0.00698	0.00576	0.04836	0.01312	0.07026	0.06099	0.29918	0.03130	0.33064	0.01846	0.00406	0.00513	0.01241	0.04227	0.00560
10	0.01392	0.01322	0.02243	0.47895	0.30760	0.01502	0.01902	0.01812	0.01387	0.01862	0.01196	0.01707	0.00941	0.00631	0.00656	0.00210	0.00841	0.00586	0.00305	0.00851
11	0.00923	0.00611	0.00808	0.00917	0.00993	0.00563	0.00627	0.01057	0.01336	0.05526	0.07568	0.66119	0.06589	0.01943	0.00825	0.00259	0.00386	0.01753	0.00628	0.00571
12	0.00840	0.00603	0.00739	0.00831	0.00884	0.00565	0.00541	0.00931	0.01213	0.01588	0.03625	0.48212	0.12890	0.21623	0.01490	0.00359	0.00443	0.01568	0.00555	0.00502
13	0.01027	0.00769	0.01143	0.01326	0.09863	0.00807	0.00852	0.01202	0.01217	0.01711	0.11197	0.12943	0.02557	0.09682	0.32033	0.08681	0.01044	0.00923	0.00431	0.00594
14	0.02332	0.12111	0.02109	0.01740	0.05738	0.57585	0.01293	0.06251	0.01849	0.01772	0.01048	0.01216	0.00873	0.00666	0.00579	0.00169	0.01081	0.00433	0.00349	0.00808
15	0.01369	0.01185	0.01402	0.01018	0.01570	0.00942	0.00817	0.01653	0.01345	0.02113	0.01153	0.01369	0.00969	0.00525	0.00582	0.00108	0.04741	0.00401	0.00384	0.76352
16	0.01740	0.01553	0.02209	0.22196	0.29744	0.04351	0.01694	0.18608	0.01821	0.02451	0.01299	0.01659	0.01023	0.00822	0.03123	0.00233	0.03548	0.00585	0.00398	0.00941
17	0.07464	0.00631	0.00781	0.00912	0.00981	0.00612	0.00620	0.01001	0.01249	0.01786	0.03405	0.70214	0.04054	0.01943	0.00805	0.00262	0.00392	0.01746	0.00594	0.00549
18	0.01189	0.00615	0.00621	0.00626	0.00780	0.00608	0.00467	0.01483	0.01383	0.02393	0.02436	0.05088	0.05525	0.00857	0.00490	0.00161	0.00311	0.00696	0.73664	0.00608
19	0.01072	0.00913	0.01308	0.04686	0.19098	0.00880	0.01036	0.01322	0.01465	0.01916	0.08013	0.13717	0.26088	0.04460	0.00873	0.00249	0.00526	0.11168	0.00524	0.00687
20	0.01365	0.01170	0.01365	0.00975	0.01560	0.00878	0.00780	0.01658	0.01365	0.02145	0.01170	0.01365	0.00975	0.00488	0.00488	0.00098	0.00488	0.00390	0.00390	0.80888
21	0.04411	0.07234	0.02749	0.06215	0.04623	0.05920	0.26558	0.13305	0.04522	0.02311	0.01269	0.01596	0.01000	0.00732	0.00946	0.00220	0.14493	0.00628	0.00389	0.00881
22	0.01098	0.00756	0.00938	0.00981	0.01143	0.00732	0.00732	0.01470	0.09455	0.07228	0.09082	0.37684	0.13795	0.01692	0.00803	0.00251	0.00429	0.10437	0.00641	0.00655
23	0.01448	0.01231	0.03545	0.06011	0.18909	0.01235	0.01212	0.03979	0.19914	0.05516	0.18804	0.02916	0.06276	0.01012	0.00793	0.04406	0.00567	0.00813	0.00550	0.00864
24	0.00874	0.00675	0.00820	0.00800	0.00968	0.00632	0.00599	0.01101	0.01537	0.02043	0.30936	0.05033	0.31164	0.05656	0.13838	0.00383	0.00591	0.01172	0.00599	0.00579
25	0.04065	0.04055	0.05135	0.01318	0.03762	0.03965	0.01088	0.19274	0.01948	0.21377	0.01631	0.01634	0.01164	0.00671	0.00587	0.00165	0.00630	0.00521	0.00557	0.26454
26	0.01999	0.08310	0.01818	0.01460	0.01848	0.27168	0.01145	0.07994	0.36329	0.02357	0.01871	0.01832	0.01441	0.00783	0.00622	0.00196	0.00784	0.00589	0.00521	0.00934
27	0.00957	0.00638	0.00718	0.00718	0.00718	0.00638	0.00399	0.00957	0.00957	0.01276	0.02074	0.04308	0.02393	0.76864	0.03351	0.00638	0.00638	0.00957	0.00399	0.00399
28	0.14321	0.06184	0.01839	0.01540	0.01920	0.52920	0.02751	0.04346	0.01756	0.05189	0.01093	0.01236	0.00874	0.00669	0.00567	0.00177	0.01019	0.00434	0.00377	0.00788
29	0.01672	0.17272	0.19818	0.02028	0.02691	0.06471	0.28201	0.07741	0.01601	0.02111	0.01198	0.01477	0.00925	0.00620	0.00695	0.00200	0.03458	0.00580	0.00336	0.00905
30	0.00817	0.00601	0.00769	0.00888	0.00966	0.00553	0.00616	0.00958	0.01339	0.01755	0.07329	0.58781	0.15014	0.01955	0.00831	0.00259	0.00382	0.05023	0.00616	0.00546
31	0.01387	0.01217	0.01542	0.04212	0.05240	0.00983	0.03224	0.01745	0.03413	0.02143	0.01223	0.01439	0.01005	0.00513	0.00518	0.00115	0.00540	0.00431	0.00389	0.68721
32	0.00826	0.00652	0.00744	0.00757	0.00928	0.00570	0.00554	0.01024	0.01560	0.02004	0.24677	0.18519	0.41554	0.01648	0.00789	0.00226	0.00336	0.01420	0.00643	0.00570
33	0.01365	0.01170	0.01365	0.00975	0.01560	0.00878	0.00780	0.01658	0.01365	0.02145	0.01170	0.01365	0.00975	0.00488	0.00488	0.00098	0.00488	0.00390	0.00390	0.80888
34	0.00810	0.00633	0.00724	0.00774	0.00913	0.00558	0.00546	0.00963	0.01423	0.01800	0.11568	0.31093	0.38502	0.05465	0.00926	0.00257	0.00364	0.01521	0.00612	0.00547
35	0.19325	0.05679	0.01710	0.03867	0.05801	0.20621	0.01110	0.05977	0.01524	0.03675	0.01090	0.01303	0.00890	0.00666	0.00680	0.00177	0.07805	0.00442	0.00383	0.17275

[dist]
# distance from previous block
# <min> <max>
0	1

[block]
# block no. 1 follows, 33 sequences, length 40
# corresponding to MSA columns:
# 41-80
name=unknown_B
#
# <colnr> <probs for GDERKNQSTAVLIFYWHMCP>
#	G	D	E	R	K	N	Q	S	T	A	V	L	I	F	Y	W	H	M	C	P
0	0.05319	0.13576	0.04504	0.01393	0.06453	0.06126	0.01106	0.14983	0.03817	0.04230	0.01272	0.01405	0.01009	0.00606	0.00538	0.00149	0.00652	0.00457	0.00432	0.31970
1	0.02067	0.01961	0.05074	0.01876	0.07680	0.13740	0.05529	0.26639	0.02020	0.05548	0.01288	0.01515	0.01006	0.00829	0.01038	0.00218	0.20013	0.00570	0.00456	0.00933
2	0.00783	0.00667	0.00674	0.00672	0.00892	0.00558	0.00504	0.00955	0.01513	0.01807	0.08871	0.06288	0.70270	0.01657	0.00778	0.00222	0.00333	0.01383	0.00615	0.00558
3	0.01618	0.01630	0.05211	0.03963	0.70250	0.01563	0.02035	0.02023	0.01495	0.02148	0.01236	0.01621	0.01035	0.00588	0.00651	0.00196	0.00789	0.00583	0.00324	0.01040
4	0.09048	0.01104	0.01442	0.01125	0.01604	0.00986	0.00925	0.02981	0.01822	0.63124	0.06938	0.02319	0.01851	0.00833	0.00649	0.00204	0.00540	0.00672	0.00777	0.01056
5	0.00878	0.00671	0.00806	0.00772	0.00951	0.00598	0.00579	0.01138	0.01737	0.02339	0.49432	0.05413	0.29377	0.01458	0.00777	0.00212	0.00319	0.01260	0.00685	0.00598
6	0.00932	0.00673	0.00880	0.00828	0.00984	0.00621	0.00621	0.01242	0.01863	0.02640	0.72410	0.04918	0.06212	0.01346	0.00776	0.00207	0.00311	0.01191	0.00725	0.00621
7	0.00839	0.00603	0.00785	0.00876	0.00948	0.00561	0.00599	0.00996	0.01396	0.01889	0.19697	0.53504	0.07494	0.05402	0.00941	0.00269	0.00375	0.01650	0.00628	0.00549
8	0.01760	0.77260	0.03450	0.01126	0.01690	0.02605	0.01126	0.01971	0.01338	0.01549	0.00915	0.01056	0.00845	0.00563	0.00422	0.00141	0.00704	0.00352	0.00282	0.00845
9	0.01629	0.01564	0.02672	0.04041	0.72757	0.01564	0.02020	0.02020	0.01499	0.02151	0.01238	0.01629	0.01043	0.00587	0.00652	0.00196	0.00782	0.00587	0.00326	0.01043
10	0.01760	0.77260	0.03450	0.01126	0.01690	0.02605	0.01126	0.01971	0.01338	0.01549	0.00915	0.01056	0.00845	0.00563	0.00422	0.00141	0.00704	0.00352	0.00282	0.00845
11	0.02459	0.03138	0.01866	0.01696	0.02035	0.74221	0.01272	0.02629	0.01866	0.01611	0.01018	0.01187	0.00848	0.00678	0.00594	0.00170	0.01187	0.00424	0.00339	0.00763
12	0.01227	0.00614	0.00614	0.00614	0.00767	0.00614	0.00460	0.01534	0.01381	0.02454	0.02148	0.02454	0.01687	0.00767	0.00460	0.00153	0.00307	0.00614	0.80518	0.00614
13	0.00917	0.00653	0.00727	0.00736	0.00804	0.00624	0.00468	0.00980	0.01136	0.01453	0.03373	0.05041	0.20923	0.52272	0.02517	0.00507	0.00556	0.05389	0.00468	0.00453
14	0.02893	0.01218	0.01589	0.01218	0.01729	0.01113	0.01006	0.12340	0.02048	0.63849	0.02459	0.02151	0.01560	0.00811	0.00662	0.00203	0.00582	0.00653	0.00794	0.01120
15	0.01156	0.00816	0.01153	0.01238	0.06961	0.00876	0.00834	0.03866	0.01203	0.05394	0.01948	0.07576	0.01919	0.20357	0.40839	0.00765	0.01237	0.00821	0.00413	0.00626
16	0.01377	0.01209	0.01527	0.01090	0.01681	0.00928	0.05240	0.01687	0.01377	0.02143	0.01180	0.01391	0.00977	0.00492	0.00506	0.00105	0.00527	0.00415	0.00386	0.75761
17	0.01484	0.08014	0.03934	0.05742	0.09165	0.04658	0.01477	0.01696	0.01148	0.01655	0.00988	0.01497	0.00925	0.01202	0.05775	0.00300	0.48721	0.00558	0.00297	0.00765
18	0.01566	0.37816	0.31273	0.01572	0.04199	0.02047	0.03682	0.02135	0.06562	0.01885	0.01173	0.01330	0.00937	0.00613	0.00539	0.00178	0.00812	0.00454	0.00312	0.00917
19	0.02005	0.32536	0.02398	0.01373	0.01789	0.31521	0.01145	0.06801	0.04058	0.01802	0.01305	0.07956	0.01219	0.00771	0.00554	0.00171	0.00867	0.00547	0.00373	0.00809
20	0.01773	0.03748	0.08283	0.06562	0.35702	0.11647	0.03420	0.08406	0.07355	0.02242	0.01330	0.01601	0.01064	0.00667	0.00693	0.00199	0.03391	0.00568	0.00378	0.00970
21	0.00886	0.00671	0.00816	0.00780	0.00955	0.00602	0.00585	0.01153	0.01755	0.02381	0.52670	0.05343	0.26113	0.01442	0.00777	0.00212	0.00317	0.01250	0.00691	0.00602
22	0.01144	0.00572	0.00858	0.00858	0.00858	0.00572	0.00572	0.00858	0.00858	0.01144	0.01144	0.02001	0.01144	0.02287	0.02573	0.80846	0.00572	0.00572	0.00286	0.00286
23	0.01507	0.01404	0.03943	0.01154	0.01659	0.04560	0.00959	0.06991	0.01483	0.02219	0.01189	0.01414	0.00984	0.00606	0.00694	0.00135	0.08821	0.00437	0.02713	0.57128
24	0.01768	0.16511	0.39839	0.01617	0.02384	0.01652	0.04631	0.04911	0.03157	0.15326	0.01451	0.01534	0.01029	0.00659	0.00603	0.00196	0.00832	0.00516	0.00404	0.00980
25	0.00940	0.00705	0.01058	0.01058	0.01176	0.00823	0.00823	0.01176	0.01058	0.01528	0.01763	0.02586	0.01646	0.04937	0.74255	0.01058	0.01763	0.00705	0.00353	0.00588
26	0.01553	0.05160	0.23472	0.03497	0.05727	0.04477	0.04991	0.13723	0.10327	0.02435	0.04720	0.08988	0.06254	0.00910	0.00672	0.00211	0.00746	0.00764	0.00469	0.00904
27	0.01846	0.16955	0.18032	0.02032	0.12006	0.09533	0.12332	0.04276	0.04461	0.10365	0.01382	0.01545	0.01042	0.00641	0.00617	0.00191	0.00864	0.00547	0.00390	0.00946
28	0.01569	0.01477	0.02409	0.02749	0.32390	0.01600	0.11554	0.02113	0.10637	0.04055	0.04402	0.03656	0.01436	0.00810	0.00988	0.00224	0.15914	0.00690	0.00401	0.00928
29	0.01134	0.00575	0.00850	0.00850	0.00850	0.00575	0.00563	0.00863	0.00863	0.01150	0.01192	0.02122	0.01209	0.06204	0.02614	0.76633	0.00575	0.00592	0.00292	0.00292
30	0.03534	0.07128	0.42349	0.01927	0.07312	0.07372	0.08668	0.02064	0.01472	0.03794	0.04728	0.04105	0.01261	0.00704	0.00637	0.00203	0.00901	0.00590	0.00341	0.00910
31	0.01616	0.03968	0.13605	0.14728	0.20586	0.01585	0.12942	0.08450	0.06664	0.04956	0.01480	0.03864	0.01165	0.00691	0.00670	0.00209	0.00835	0.00647	0.00395	0.00944
32	0.00809	0.00576	0.00762	0.00907	0.00944	0.00540	0.00601	0.00919	0.01246	0.01662	0.03555	0.73038	0.04262	0.05585	0.00958	0.00285	0.00394	0.01828	0.00601	0.00528
33	0.01551	0.01478	0.02514	0.12034	0.62011	0.01510	0.01940	0.01936	0.01468	0.02078	0.01329	0.04736	0.01161	0.00656	0.00660	0.00201	0.00776	0.00640	0.00334	0.00986
34	0.03399	0.01570	0.05773	0.15223	0.26172	0.03228	0.11574	0.08392	0.04511	0.04198	0.03351	0.03960	0.04215	0.00739	0.00678	0.00209	0.00796	0.00691	0.00409	0.00914
35	0.01729	0.01349	0.04187	0.04110	0.10627	0.01296	0.17054	0.04170	0.06843	0.17065	0.08843	0.04291	0.01987	0.01095	0.04652	0.00265	0.04310	0.04705	0.00525	0.00897
36	0.00940	0.00705	0.01058	0.01058	0.01176	0.00823	0.00823	0.01176	0.01058	0.01528	0.01763	0.02586	0.01646	0.04937	0.74255	0.01058	0.01763	0.00705	0.00353	0.00588
37	0.01492	0.01277	0.01588	0.01145	0.01729	0.01045	0.05287	0.08617	0.01551	0.02344	0.01222	0.01413	0.00991	0.00522	0.00523	0.00116	0.00551	0.00435	0.00413	0.67738
38	0.43093	0.16213	0.04318	0.01092	0.01557	0.12813	0.00949	0.02027	0.01311	0.02365	0.00967	0.01126	0.00790	0.00600	0.00455	0.00176	0.00666	0.00374	0.00366	0.08742
39	0.01955	0.04414	0.05599	0.12806	0.33998	0.05718	0.01663	0.05116	0.01638	0.18417	0.01527	0.01727	0.01129	0.00664	0.00642	0.00198	0.00772	0.00581	0.00444	0.00994

[dist]
# distance from previous block
# <min> <max>
0	1

[block]
# block no. 2 follows, 33 sequences, length 11
# corresponding to MSA columns:
# 82-92
name=unknown_C
#
# <colnr> <probs for GDERKNQSTAVLIFYWHMCP>
#	G	D	E	R	K	N	Q	S	T	A	V	L	I	F	Y	W	H	M	C	P
0	0.00828	0.00604	0.00783	0.00906	0.00981	0.00560	0.00634	0.00975	0.01345	0.01776	0.08428	0.58907	0.11851	0.01954	0.00835	0.00261	0.00389	0.06819	0.00618	0.00548
1	0.00816	0.00583	0.00776	0.00907	0.00958	0.00544	0.00612	0.00950	0.01323	0.01780	0.10762	0.69016	0.04547	0.01988	0.00834	0.00261	0.00375	0.01801	0.00623	0.00544
2	0.00792	0.00667	0.00686	0.00681	0.00898	0.00562	0.00511	0.00972	0.01533	0.01856	0.12615	0.06207	0.66496	0.01638	0.00778	0.00221	0.00331	0.01371	0.00622	0.00562
3	0.00932	0.00673	0.00880	0.00828	0.00984	0.00621	0.00621	0.01242	0.01863	0.02640	0.72410	0.04918	0.06212	0.01346	0.00776	0.00207	0.00311	0.01191	0.00725	0.00621
4	0.02503	0.01844	0.01976	0.01515	0.02042	0.02042	0.01251	0.70562	0.03095	0.04149	0.01581	0.01581	0.01120	0.00790	0.00659	0.00198	0.00724	0.00593	0.00659	0.01120
5	0.02459	0.03138	0.01866	0.01696	0.02035	0.74221	0.01272	0.02629	0.01866	0.01611	0.01018	0.01187	0.00848	0.00678	0.00594	0.00170	0.01187	0.00424	0.00339	0.00763
6	0.02072	0.01630	0.01733	0.01428	0.01878	0.01841	0.01147	0.37209	0.37149	0.03455	0.02127	0.02016	0.01562	0.00841	0.00664	0.00210	0.00623	0.00668	0.00664	0.01081
7	0.02799	0.01086	0.01478	0.01145	0.01627	0.00941	0.00941	0.03058	0.01883	0.67817	0.07935	0.02445	0.01980	0.00855	0.00671	0.00204	0.00541	0.00702	0.00808	0.01082
8	0.81514	0.01273	0.00968	0.00866	0.01273	0.01477	0.00713	0.01935	0.01120	0.02954	0.00917	0.01069	0.00713	0.00611	0.00407	0.00204	0.00509	0.00356	0.00407	0.00713
9	0.02274	0.01730	0.01847	0.01468	0.01954	0.01935	0.01196	0.52828	0.21202	0.03780	0.01871	0.01812	0.01355	0.00817	0.00662	0.00204	0.00671	0.00633	0.00662	0.01099
10	0.12670	0.07776	0.01855	0.01403	0.01857	0.20872	0.01136	0.27779	0.06131	0.10201	0.01463	0.01489	0.01078	0.00729	0.00592	0.00189	0.00788	0.00515	0.00530	0.00948

[dist]
# distance from previous block
# <min> <max>
4	6

[block]
# block no. 3 follows, 33 sequences, length 33
# corresponding to MSA columns:
# 99-131
name=unknown_D
#
# <colnr> <probs for GDERKNQSTAVLIFYWHMCP>
#	G	D	E	R	K	N	Q	S	T	A	V	L	I	F	Y	W	H	M	C	P
0	0.01605	0.01742	0.08768	0.02644	0.36150	0.11735	0.01584	0.03406	0.01571	0.04477	0.05039	0.12845	0.03793	0.00898	0.00679	0.00205	0.00756	0.00796	0.00416	0.00892
1	0.04929	0.02404	0.33738	0.02217	0.02975	0.01546	0.34690	0.02036	0.01450	0.02116	0.01354	0.05004	0.01069	0.00657	0.00698	0.00217	0.00991	0.00683	0.00325	0.00901
2	0.02934	0.01152	0.01547	0.01186	0.01696	0.01015	0.00980	0.06166	0.01937	0.70181	0.02553	0.02212	0.01607	0.00814	0.00662	0.00203	0.00567	0.00659	0.00808	0.01120
3	0.01703	0.01604	0.05691	0.07400	0.34356	0.03351	0.15706	0.04133	0.03177	0.09156	0.01570	0.06350	0.01297	0.00715	0.00688	0.00208	0.00819	0.00707	0.00407	0.00960
4	0.01217	0.01011	0.04498	0.01382	0.09693	0.00923	0.00950	0.03946	0.06740	0.06324	0.03278	0.29967	0.13035	0.07328	0.00998	0.00271	0.02251	0.04920	0.00557	0.00711
5	0.00803	0.00595	0.00751	0.00865	0.00944	0.00543	0.00591	0.00937	0.01333	0.01743	0.07359	0.59929	0.17292	0.01955	0.00826	0.00256	0.00370	0.01749	0.00616	0.00543
6	0.01320	0.03405	0.73453	0.01876	0.02849	0.01529	0.02432	0.02085	0.01390	0.02085	0.01181	0.01390	0.00834	0.00625	0.00625	0.00208	0.00973	0.00486	0.00278	0.00973
7	0.01753	0.16306	0.04509	0.07030	0.31348	0.01677	0.05373	0.05404	0.04636	0.09368	0.01519	0.05543	0.01265	0.00710	0.00626	0.00194	0.00738	0.00631	0.00410	0.00959
8	0.01868	0.02003	0.04596	0.06788	0.19983	0.22308	0.05276	0.11354	0.07117	0.02286	0.05558	0.01958	0.04483	0.00757	0.00656	0.00196	0.00855	0.00629	0.00432	0.00898
9	0.01402	0.01175	0.01284	0.01211	0.01493	0.01321	0.00917	0.02766	0.51134	0.02498	0.07000	0.19789	0.02801	0.01191	0.00716	0.00233	0.00476	0.01032	0.00659	0.00899
10	0.77328	0.01288	0.01057	0.01032	0.05019	0.01481	0.00781	0.01940	0.01140	0.02912	0.00934	0.01099	0.00730	0.00610	0.00420	0.00203	0.00524	0.00369	0.00403	0.00730
11	0.00899	0.00672	0.00835	0.00794	0.00964	0.00607	0.00596	0.01179	0.01787	0.02458	0.58520	0.05217	0.20215	0.01414	0.00777	0.00210	0.00315	0.01233	0.00701	0.00607
12	0.01664	0.01388	0.03427	0.01193	0.01671	0.03342	0.00986	0.11794	0.06236	0.06772	0.01437	0.01600	0.01132	0.00795	0.02958	0.00181	0.07538	0.00498	0.03290	0.42100
13	0.00932	0.00673	0.00880	0.00828	0.00984	0.00621	0.00621	0.01242	0.01863	0.02640	0.72410	0.04918	0.06212	0.01346	0.00776	0.00207	0.00311	0.01191	0.00725	0.00621
14	0.00810	0.00576	0.00761	0.00906	0.00942	0.00540	0.00600	0.00919	0.01245	0.01659	0.03547	0.72655	0.04251	0.05982	0.00972	0.00287	0.00395	0.01824	0.00600	0.00528
15	0.01226	0.01133	0.01877	0.67033	0.04157	0.01410	0.01716	0.01635	0.01305	0.01699	0.01313	0.05636	0.01079	0.00750	0.00712	0.00222	0.03298	0.00652	0.02426	0.00718
16	0.01440	0.01440	0.02016	0.01728	0.01728	0.02016	0.01440	0.01584	0.01008	0.01584	0.00864	0.01440	0.00864	0.01152	0.02160	0.00288	0.75659	0.00576	0.00288	0.00720
17	0.02335	0.08299	0.02095	0.04205	0.12180	0.05086	0.01307	0.33645	0.04363	0.17427	0.01672	0.01689	0.01194	0.00740	0.00635	0.00194	0.00718	0.00581	0.00583	0.01053
18	0.01297	0.01071	0.01207	0.01152	0.03418	0.01145	0.00854	0.04595	0.33410	0.02563	0.23769	0.05533	0.14945	0.01170	0.00722	0.00218	0.00439	0.01000	0.00664	0.00828
19	0.01629	0.01564	0.02672	0.04041	0.72757	0.01564	0.02020	0.02020	0.01499	0.02151	0.01238	0.01629	0.01043	0.00587	0.00652	0.00196	0.00782	0.00587	0.00326	0.01043
20	0.01729	0.01753	0.02575	0.03759	0.64271	0.10282	0.01931	0.02093	0.01543	0.02086	0.01212	0.01576	0.01019	0.00598	0.00645	0.00192	0.00831	0.00567	0.00327	0.01009
21	0.01388	0.01243	0.01667	0.01191	0.01786	0.00972	0.09130	0.01712	0.01388	0.02141	0.01190	0.01414	0.00978	0.00496	0.00522	0.00112	0.00562	0.00436	0.00383	0.71289
22	0.71944	0.10391	0.01265	0.00897	0.01323	0.01612	0.00763	0.01940	0.01146	0.02785	0.00916	0.01068	0.00729	0.00605	0.00409	0.00196	0.00533	0.00356	0.00392	0.00729
23	0.01192	0.00621	0.00646	0.00639	0.00793	0.00615	0.00480	0.01499	0.01439	0.02477	0.10579	0.02750	0.02230	0.00836	0.00498	0.00160	0.00307	0.00683	0.70944	0.00615
24	0.10826	0.01390	0.02123	0.19307	0.25099	0.01643	0.03527	0.01792	0.01266	0.01962	0.01095	0.01566	0.00929	0.00867	0.02799	0.00249	0.21851	0.00564	0.00318	0.00827
25	0.01626	0.27533	0.17848	0.01615	0.04194	0.06745	0.08509	0.06615	0.03873	0.02039	0.03495	0.02183	0.01428	0.00783	0.00613	0.00195	0.00811	0.08646	0.00381	0.00867
26	0.01344	0.07312	0.58493	0.10672	0.03005	0.01587	0.04602	0.02031	0.01384	0.02007	0.01170	0.01428	0.00845	0.00623	0.00623	0.00206	0.00951	0.00501	0.00282	0.00934
27	0.00828	0.00673	0.00756	0.00746	0.00942	0.00601	0.00563	0.01032	0.01520	0.01921	0.19236	0.05602	0.50727	0.01995	0.09594	0.00320	0.00500	0.01268	0.00603	0.00573
28	0.00907	0.00630	0.00834	0.00940	0.01024	0.00598	0.00691	0.01026	0.01308	0.01712	0.05718	0.39741	0.11672	0.03867	0.01119	0.09947	0.00454	0.16722	0.00569	0.00523
29	0.01784	0.16441	0.20882	0.06174	0.06250	0.12470	0.15064	0.04452	0.01575	0.07069	0.01254	0.01474	0.00950	0.00627	0.00619	0.00192	0.00928	0.00536	0.00353	0.00906
30	0.01017	0.00842	0.01196	0.01140	0.01248	0.01021	0.00903	0.01227	0.01102	0.01569	0.02179	0.02815	0.09996	0.03815	0.51541	0.00809	0.15836	0.00763	0.00371	0.00609
31	0.00945	0.00633	0.00722	0.00734	0.00737	0.00630	0.00416	0.00954	0.00982	0.01310	0.02202	0.10227	0.02554	0.70725	0.03145	0.00608	0.00617	0.01032	0.00416	0.00410
32	0.01346	0.01018	0.01461	0.08781	0.09063	0.01072	0.03491	0.06896	0.04574	0.07838	0.04183	0.06329	0.13476	0.02317	0.24591	0.00489	0.00984	0.00851	0.00482	0.00757

[dist]
# distance from previous block
# <min> <max>
0	1

[block]
# block no. 4 follows, 33 sequences, length 56
# corresponding to MSA columns:
# 133-188
name=unknown_E
#
# <colnr> <probs for GDERKNQSTAVLIFYWHMCP>
#	G	D	E	R	K	N	Q	S	T	A	V	L	I	F	Y	W	H	M	C	P
0	0.01950	0.02316	0.04566	0.07491	0.10764	0.36480	0.03477	0.04201	0.01600	0.01785	0.01130	0.03492	0.00988	0.00798	0.00938	0.00207	0.16133	0.00545	0.00339	0.00801
1	0.10841	0.04778	0.02389	0.05097	0.34446	0.16153	0.07881	0.06848	0.01632	0.02229	0.01175	0.01470	0.00955	0.00620	0.00616	0.00192	0.00858	0.00537	0.00359	0.00923
2	0.00932	0.00715	0.00814	0.00795	0.00994	0.00649	0.00593	0.01243	0.05805	0.03783	0.27013	0.12324	0.38871	0.01536	0.00774	0.00221	0.00347	0.01317	0.00656	0.00617
3	0.01176	0.00847	0.00934	0.00869	0.01119	0.00826	0.00665	0.01745	0.16093	0.06859	0.19505	0.04560	0.31555	0.01289	0.00715	0.00211	0.00379	0.01086	0.08854	0.00713
4	0.04830	0.16134	0.20559	0.01765	0.06781	0.08679	0.08181	0.05360	0.12286	0.03844	0.01503	0.01797	0.01199	0.00713	0.00614	0.00198	0.00821	0.03416	0.00402	0.00920
5	0.02066	0.16798	0.02357	0.06638	0.07313	0.18448	0.03992	0.20738	0.01934	0.04152	0.01213	0.01413	0.00964	0.00725	0.00754	0.00192	0.08468	0.00513	0.00417	0.00904
6	0.01481	0.01166	0.01377	0.00989	0.01569	0.00884	0.00794	0.01771	0.01403	0.07328	0.01274	0.01429	0.01023	0.00511	0.00500	0.00105	0.00493	0.00410	0.00421	0.75071
7	0.01985	0.07606	0.10670	0.04544	0.16088	0.10772	0.09670	0.25723	0.02071	0.02701	0.01308	0.01510	0.00996	0.00669	0.00642	0.00194	0.00870	0.00562	0.00433	0.00984
8	0.01366	0.03084	0.59739	0.02053	0.02966	0.01556	0.15824	0.02090	0.01422	0.02090	0.01211	0.01466	0.00866	0.00612	0.00655	0.00211	0.01000	0.00544	0.00289	0.00956
9	0.00840	0.00669	0.00753	0.00732	0.00927	0.00582	0.00549	0.01066	0.01648	0.02128	0.33343	0.05760	0.45598	0.01537	0.00777	0.00216	0.00324	0.01309	0.00657	0.00582
10	0.02954	0.01120	0.01528	0.01171	0.01681	0.00968	0.00968	0.03208	0.01884	0.73213	0.02597	0.02241	0.01630	0.00815	0.00662	0.00204	0.00560	0.00662	0.00815	0.01120
11	0.00909	0.00672	0.00848	0.00804	0.00969	0.00611	0.00603	0.01198	0.01809	0.02511	0.62574	0.05130	0.16128	0.01394	0.00777	0.00209	0.00314	0.01220	0.00708	0.00611
12	0.00886	0.00671	0.00817	0.00780	0.00956	0.00602	0.00585	0.01154	0.01756	0.02384	0.52905	0.05338	0.25876	0.01441	0.00777	0.00212	0.00317	0.01250	0.00691	0.00602
13	0.81514	0.01273	0.00968	0.00866	0.01273	0.01477	0.00713	0.01935	0.01120	0.02954	0.00917	0.01069	0.00713	0.00611	0.00407	0.00204	0.00509	0.00356	0.00407	0.00713
14	0.01760	0.77260	0.03450	0.01126	0.01690	0.02605	0.01126	0.01971	0.01338	0.01549	0.00915	0.01056	0.00845	0.00563	0.00422	0.00141	0.00704	0.00352	0.00282	0.00845
15	0.01243	0.01170	0.01975	0.75282	0.04534	0.01463	0.01828	0.01682	0.01316	0.01682	0.01170	0.01755	0.00878	0.00658	0.00658	0.00219	0.00878	0.00585	0.00293	0.00731
16	0.00802	0.00573	0.00764	0.00917	0.00955	0.00535	0.00611	0.00917	0.01260	0.01681	0.03628	0.76434	0.04354	0.02062	0.00840	0.00267	0.00382	0.01872	0.00611	0.00535
17	0.00929	0.00626	0.00726	0.00754	0.00761	0.00620	0.00437	0.00950	0.01012	0.01349	0.02354	0.17290	0.02746	0.63400	0.02899	0.00571	0.00592	0.01122	0.00437	0.00423
18	0.01637	0.01414	0.01489	0.01340	0.01712	0.01637	0.01042	0.03498	0.71568	0.02754	0.02679	0.02456	0.02010	0.00893	0.00670	0.00223	0.00521	0.00744	0.00670	0.01042
19	0.01760	0.77260	0.03450	0.01126	0.01690	0.02605	0.01126	0.01971	0.01338	0.01549	0.00915	0.01056	0.00845	0.00563	0.00422	0.00141	0.00704	0.00352	0.00282	0.00845
20	0.00831	0.00676	0.00740	0.00745	0.00949	0.00586	0.00573	0.01034	0.01564	0.01943	0.17572	0.06196	0.54805	0.01627	0.00790	0.00227	0.00355	0.07585	0.00630	0.00572
21	0.00992	0.00725	0.00938	0.01002	0.01150	0.00699	0.00795	0.03833	0.01594	0.02118	0.19737	0.22851	0.12317	0.01710	0.00837	0.00259	0.00458	0.26738	0.00637	0.00607
22	0.01051	0.00750	0.01049	0.01201	0.01348	0.00749	0.01043	0.01346	0.01505	0.01959	0.03491	0.10161	0.03811	0.01828	0.00907	0.00302	0.00597	0.65692	0.00606	0.00603
23	0.02926	0.01164	0.01555	0.01192	0.01703	0.01033	0.00985	0.07316	0.01958	0.69001	0.02535	0.02200	0.01599	0.00813	0.00662	0.00203	0.00570	0.00658	0.00805	0.01120
24	0.02335	0.02937	0.01877	0.09204	0.02290	0.66797	0.01329	0.02532	0.01810	0.01618	0.01033	0.01245	0.00851	0.00676	0.00600	0.00175	0.01156	0.00440	0.00334	0.00760
25	0.01174	0.00951	0.01351	0.01286	0.01506	0.00965	0.08207	0.05531	0.11556	0.02110	0.03197	0.30873	0.05695	0.01577	0.00817	0.00261	0.00563	0.21090	0.00591	0.00700
26	0.01039	0.00747	0.01033	0.01179	0.01329	0.00741	0.01021	0.01330	0.01505	0.01951	0.03621	0.10026	0.06622	0.01822	0.00901	0.00298	0.00586	0.63040	0.00607	0.00601
27	0.63597	0.01628	0.01205	0.01153	0.04451	0.14844	0.00871	0.02066	0.01273	0.02673	0.00949	0.01115	0.00752	0.00622	0.00452	0.00197	0.00645	0.00379	0.00391	0.00736
28	0.05685	0.01574	0.01784	0.01372	0.01889	0.01652	0.01134	0.44876	0.02605	0.27745	0.01903	0.01787	0.01279	0.00792	0.00650	0.00200	0.00660	0.00607	0.00702	0.01104
29	0.01049	0.00832	0.01256	0.06527	0.01494	0.00985	0.03047	0.01296	0.01106	0.01618	0.01662	0.02454	0.01530	0.06771	0.51705	0.00817	0.08483	0.00690	0.06061	0.00614
30	0.60714	0.01371	0.01193	0.01004	0.01444	0.01542	0.00827	0.14874	0.01530	0.05934	0.01117	0.01222	0.00835	0.00648	0.00468	0.00199	0.00551	0.00414	0.00470	0.03642
31	0.00897	0.00670	0.00824	0.00786	0.00951	0.00607	0.00584	0.01161	0.01742	0.02384	0.54240	0.05222	0.21473	0.04511	0.00882	0.00228	0.00329	0.01227	0.00685	0.00597
32	0.01144	0.00572	0.00858	0.00858	0.00858	0.00572	0.00572	0.00858	0.00858	0.01144	0.01144	0.02001	0.01144	0.02287	0.02573	0.80846	0.00572	0.00572	0.00286	0.00286
33	0.00847	0.00656	0.00772	0.00771	0.00939	0.00581	0.00568	0.01068	0.01621	0.02132	0.34298	0.15670	0.34539	0.01586	0.00786	0.00222	0.00331	0.01373	0.00660	0.00581
34	0.01479	0.01564	0.07632	0.19972	0.34823	0.01559	0.04871	0.01968	0.05183	0.02020	0.01294	0.01702	0.01044	0.00686	0.00806	0.00213	0.08479	0.00596	0.03201	0.00909
35	0.01645	0.52300	0.13927	0.01266	0.01829	0.06955	0.01298	0.01945	0.01374	0.01668	0.03233	0.01360	0.01074	0.00962	0.06513	0.00230	0.00852	0.00432	0.00304	0.00831
36	0.81514	0.01273	0.00968	0.00866	0.01273	0.01477	0.00713	0.01935	0.01120	0.02954	0.00917	0.01069	0.00713	0.00611	0.00407	0.00204	0.00509	0.00356	0.00407	0.00713
37	0.00932	0.00673	0.00880	0.00828	0.00984	0.00621	0.00621	0.01242	0.01863	0.02640	0.72410	0.04918	0.06212	0.01346	0.00776	0.00207	0.00311	0.01191	0.00725	0.00621
38	0.01392	0.01321	0.03830	0.16307	0.36025	0.01332	0.01593	0.03729	0.04048	0.02156	0.11485	0.02487	0.06638	0.00973	0.03680	0.00240	0.00738	0.00732	0.00416	0.00875
39	0.01302	0.03105	0.04603	0.01765	0.20046	0.01016	0.01113	0.01586	0.01435	0.04724	0.04110	0.15352	0.13218	0.01015	0.00656	0.00185	0.00547	0.00890	0.00463	0.22870
40	0.02372	0.01718	0.01856	0.01432	0.01942	0.01868	0.01177	0.58947	0.05692	0.06388	0.01658	0.01658	0.01186	0.00777	0.00642	0.00191	0.00682	0.00590	0.03475	0.05748
41	0.02246	0.04361	0.04490	0.03576	0.06780	0.26287	0.01332	0.27845	0.10212	0.04306	0.01472	0.01548	0.01112	0.00736	0.00630	0.00190	0.00870	0.00543	0.00500	0.00963
42	0.09357	0.05116	0.01888	0.01531	0.01959	0.36703	0.01210	0.29462	0.02269	0.02732	0.01228	0.01328	0.00944	0.00713	0.00597	0.00183	0.00927	0.00482	0.00470	0.00903
43	0.01411	0.01133	0.01302	0.00980	0.01489	0.00920	0.00780	0.07283	0.01542	0.04641	0.02119	0.04514	0.11374	0.00743	0.00560	0.00133	0.00484	0.00606	0.00465	0.57521
44	0.00838	0.00627	0.00720	0.00770	0.00869	0.00572	0.00515	0.00948	0.01286	0.01639	0.06438	0.29628	0.28709	0.21681	0.01480	0.00347	0.00430	0.01433	0.00559	0.00509
45	0.01665	0.01217	0.01359	0.01146	0.01475	0.01297	0.00916	0.29685	0.08854	0.03195	0.25806	0.03243	0.05271	0.01052	0.00695	0.00204	0.00511	0.03494	0.08056	0.00860
46	0.01437	0.01206	0.01910	0.17118	0.30825	0.01282	0.01495	0.01798	0.03897	0.06262	0.01815	0.11829	0.01728	0.07677	0.00991	0.00258	0.03771	0.03455	0.00414	0.00832
47	0.00921	0.00651	0.00763	0.00809	0.00853	0.00639	0.00506	0.01051	0.04100	0.01513	0.02953	0.29086	0.07944	0.42752	0.02197	0.00464	0.00524	0.01292	0.00498	0.00484
48	0.01320	0.03405	0.73453	0.01876	0.02849	0.01529	0.02432	0.02085	0.01390	0.02085	0.01181	0.01390	0.00834	0.00625	0.00625	0.00208	0.00973	0.00486	0.00278	0.00973
49	0.01521	0.01479	0.02592	0.16145	0.48961	0.01539	0.08930	0.01924	0.01442	0.02024	0.01248	0.01700	0.01029	0.00788	0.03707	0.00240	0.02854	0.00610	0.00321	0.00946
50	0.01576	0.01398	0.02128	0.13993	0.20961	0.03853	0.10619	0.10154	0.04745	0.03854	0.01831	0.05007	0.03963	0.03884	0.00886	0.03659	0.00774	0.05434	0.00430	0.00851
51	0.00814	0.00590	0.00768	0.00888	0.00953	0.00545	0.00604	0.00952	0.01341	0.01786	0.10916	0.63672	0.09822	0.01958	0.00829	0.00258	0.00371	0.01764	0.00623	0.00545
52	0.01093	0.00782	0.01120	0.01084	0.01223	0.00897	0.00842	0.03977	0.01173	0.04471	0.01838	0.05171	0.01722	0.06908	0.61156	0.00924	0.03857	0.00745	0.00392	0.00625
53	0.01868	0.12852	0.16228	0.10067	0.07585	0.21038	0.03705	0.10566	0.06128	0.02138	0.01251	0.01450	0.00973	0.00666	0.00606	0.00189	0.00914	0.00508	0.00372	0.00897
54	0.01065	0.00745	0.01065	0.03652	0.07043	0.00766	0.00761	0.01116	0.01064	0.01464	0.01858	0.09467	0.03260	0.20610	0.18991	0.21697	0.00869	0.00826	0.00372	0.03308
55	0.00891	0.00646	0.00859	0.01019	0.03482	0.00614	0.00683	0.01017	0.01273	0.01678	0.03515	0.48806	0.09350	0.10323	0.01177	0.03026	0.00456	0.10080	0.00566	0.00540

[dist]
# distance from previous block
# <min> <max>
0	6

# created by:
# /home/berkeley/.conda/envs/busco_data_prod/bin/msa2prfl.pl pipeline/OGs_align_augustus/4893/18269.fs
