[name]
unknown

[dist]
# distance from previous block
# <min> <max>
0	34

[block]
# block no. 0 follows, 34 sequences, length 92
# corresponding to MSA columns:
# 34-125
name=unknown_A
#
# <colnr> <probs for GDERKNQSTAVLIFYWHMCP>
#	G	D	E	R	K	N	Q	S	T	A	V	L	I	F	Y	W	H	M	C	P
0	0.01041	0.00744	0.01041	0.01190	0.01339	0.00744	0.01041	0.01339	0.01487	0.01934	0.03421	0.07288	0.03719	0.01785	0.00892	0.00297	0.00595	0.68913	0.00595	0.00595
1	0.00940	0.00626	0.00705	0.00705	0.00705	0.00626	0.00392	0.00940	0.00940	0.01253	0.02036	0.04228	0.02349	0.77292	0.03289	0.00626	0.00626	0.00940	0.00392	0.00392
2	0.02899	0.01100	0.01499	0.01150	0.01649	0.00950	0.00950	0.03149	0.01849	0.73709	0.02549	0.02199	0.01599	0.00800	0.00650	0.00200	0.00550	0.00650	0.00800	0.01100
3	0.02899	0.01100	0.01499	0.01150	0.01649	0.00950	0.00950	0.03149	0.01849	0.73709	0.02549	0.02199	0.01599	0.00800	0.00650	0.00200	0.00550	0.00650	0.00800	0.01100
4	0.00778	0.00655	0.00674	0.00669	0.00881	0.00551	0.00502	0.00954	0.01506	0.01824	0.12669	0.06090	0.66827	0.01607	0.00764	0.00217	0.00325	0.01346	0.00610	0.00551
5	0.02899	0.01100	0.01499	0.01150	0.01649	0.00950	0.00950	0.03149	0.01849	0.73709	0.02549	0.02199	0.01599	0.00800	0.00650	0.00200	0.00550	0.00650	0.00800	0.01100
6	0.02485	0.01764	0.01911	0.01465	0.01981	0.01935	0.01210	0.66696	0.02961	0.08593	0.01616	0.01593	0.01131	0.00777	0.00647	0.00194	0.00701	0.00586	0.00656	0.01099
7	0.81856	0.01250	0.00950	0.00850	0.01250	0.01449	0.00700	0.01899	0.01100	0.02899	0.00900	0.01050	0.00700	0.00600	0.00400	0.00200	0.00500	0.00350	0.00400	0.00700
8	0.02414	0.03079	0.01831	0.01665	0.01998	0.74698	0.01248	0.02580	0.01831	0.01581	0.00999	0.01165	0.00832	0.00666	0.00583	0.00166	0.01165	0.00416	0.00333	0.00749
9	0.01403	0.01146	0.01346	0.00965	0.01536	0.00865	0.00773	0.01688	0.01360	0.05001	0.01205	0.01375	0.00983	0.00492	0.00485	0.00100	0.00481	0.00394	0.00400	0.78001
10	0.00790	0.00568	0.00750	0.00890	0.00936	0.00528	0.00597	0.00910	0.01261	0.01679	0.05642	0.72793	0.06275	0.01993	0.00821	0.00259	0.00372	0.01804	0.00603	0.00528
11	0.01525	0.01743	0.03813	0.02723	0.03377	0.01634	0.70915	0.02070	0.01525	0.02070	0.01307	0.01743	0.00980	0.00545	0.00763	0.00218	0.01089	0.00763	0.00327	0.00871
12	0.00875	0.00633	0.00823	0.00932	0.01010	0.00594	0.00648	0.02697	0.01295	0.01736	0.03353	0.64489	0.03957	0.04297	0.00889	0.00268	0.00412	0.06637	0.00585	0.03870
13	0.02456	0.01810	0.01939	0.01487	0.02004	0.02004	0.01228	0.71107	0.03038	0.04072	0.01551	0.01551	0.01099	0.00776	0.00646	0.00194	0.00711	0.00582	0.00646	0.01099
14	0.01577	0.01744	0.19501	0.01354	0.01851	0.01366	0.01296	0.05553	0.32844	0.09592	0.13925	0.02495	0.02298	0.00873	0.00663	0.00210	0.00600	0.00726	0.00584	0.00948
15	0.01314	0.06369	0.71072	0.01812	0.02750	0.01544	0.02335	0.02042	0.01362	0.02025	0.01149	0.01351	0.00819	0.00611	0.00606	0.00202	0.00944	0.00472	0.00273	0.00950
16	0.00909	0.00656	0.00859	0.00817	0.00964	0.00606	0.00609	0.01205	0.01803	0.02550	0.69881	0.07984	0.06017	0.01352	0.00765	0.00206	0.00308	0.01198	0.00706	0.00606
17	0.01529	0.01143	0.01359	0.00980	0.01546	0.00872	0.00788	0.01812	0.01402	0.10790	0.01318	0.01444	0.01035	0.00517	0.00499	0.00108	0.00487	0.00415	0.00433	0.71522
18	0.02382	0.06585	0.01908	0.01632	0.01982	0.68910	0.01241	0.04773	0.01846	0.01659	0.01012	0.01172	0.00841	0.00664	0.00577	0.00166	0.01128	0.00418	0.00340	0.00764
19	0.02381	0.01772	0.01897	0.01471	0.01975	0.01969	0.01210	0.65098	0.09170	0.03951	0.01647	0.01628	0.01176	0.00785	0.00647	0.00196	0.00693	0.00595	0.00647	0.01092
20	0.02415	0.03046	0.01834	0.01660	0.01998	0.72774	0.01248	0.04394	0.01863	0.01647	0.01013	0.01175	0.00839	0.00669	0.00584	0.00167	0.01153	0.00421	0.00341	0.00758
21	0.75198	0.01371	0.01026	0.00913	0.01312	0.05745	0.00745	0.03695	0.01192	0.02852	0.00922	0.01069	0.00718	0.00608	0.00417	0.00198	0.00544	0.00360	0.00402	0.00713
22	0.00795	0.00568	0.00758	0.00908	0.00949	0.00531	0.00613	0.00913	0.01244	0.01658	0.03557	0.74816	0.04257	0.02017	0.00827	0.00263	0.00381	0.03817	0.00600	0.00527
23	0.01511	0.01715	0.03724	0.06195	0.03428	0.01625	0.67629	0.02050	0.01514	0.02050	0.01300	0.01742	0.00975	0.00549	0.00757	0.00218	0.01078	0.00754	0.00325	0.00864
24	0.01414	0.01414	0.01979	0.01696	0.01696	0.01979	0.01414	0.01555	0.00990	0.01555	0.00848	0.01414	0.00848	0.01131	0.02120	0.00283	0.76110	0.00565	0.00283	0.00707
25	0.01607	0.01388	0.01461	0.01315	0.01680	0.01607	0.01023	0.03433	0.72094	0.02703	0.02630	0.02411	0.01972	0.00877	0.00657	0.00219	0.00511	0.00731	0.00657	0.01023
26	0.00772	0.00647	0.00671	0.00681	0.00882	0.00547	0.00505	0.00938	0.01470	0.01775	0.09216	0.11808	0.64570	0.01654	0.00768	0.00221	0.00330	0.01393	0.00605	0.00547
27	0.00885	0.00655	0.00826	0.00791	0.00949	0.00596	0.00590	0.01160	0.01748	0.02417	0.59484	0.08021	0.16681	0.01400	0.00765	0.00208	0.00311	0.01227	0.00689	0.00596
28	0.00787	0.00562	0.00750	0.00900	0.00937	0.00525	0.00600	0.00900	0.01237	0.01649	0.03561	0.76871	0.04274	0.02024	0.00825	0.00262	0.00375	0.01837	0.00600	0.00525
29	0.02441	0.01763	0.01901	0.01465	0.01976	0.01943	0.01208	0.65495	0.05780	0.06963	0.01637	0.01613	0.01155	0.00781	0.00647	0.00195	0.00696	0.00591	0.00653	0.01096
30	0.02135	0.01973	0.13147	0.09979	0.02405	0.01861	0.01473	0.52465	0.02579	0.03482	0.01445	0.01542	0.01028	0.00736	0.00641	0.00198	0.00766	0.00565	0.00547	0.01033
31	0.01607	0.01388	0.01461	0.01315	0.01680	0.01607	0.01023	0.03433	0.72094	0.02703	0.02630	0.02411	0.01972	0.00877	0.00657	0.00219	0.00511	0.00731	0.00657	0.01023
32	0.01599	0.01535	0.02623	0.03966	0.73262	0.01535	0.01983	0.01983	0.01471	0.02111	0.01215	0.01599	0.01023	0.00576	0.00640	0.00192	0.00768	0.00576	0.00320	0.01023
33	0.01404	0.01146	0.01346	0.00965	0.01536	0.00865	0.00773	0.01690	0.01361	0.05060	0.01206	0.01375	0.00984	0.00492	0.00486	0.00100	0.00481	0.00394	0.00400	0.77936
34	0.01599	0.01535	0.02623	0.03966	0.73262	0.01535	0.01983	0.01983	0.01471	0.02111	0.01215	0.01599	0.01023	0.00576	0.00640	0.00192	0.00768	0.00576	0.00320	0.01023
35	0.02090	0.01673	0.01674	0.01375	0.01775	0.08600	0.01091	0.46717	0.07754	0.03275	0.01885	0.12382	0.01641	0.04065	0.00774	0.00221	0.00688	0.00770	0.00600	0.00950
36	0.00923	0.00692	0.01038	0.01038	0.01154	0.00808	0.00808	0.01154	0.01038	0.01500	0.01731	0.02538	0.01615	0.04846	0.74732	0.01038	0.01731	0.00692	0.00346	0.00577
37	0.02456	0.01810	0.01939	0.01487	0.02004	0.02004	0.01228	0.71107	0.03038	0.04072	0.01551	0.01551	0.01099	0.00776	0.00646	0.00194	0.00711	0.00582	0.00646	0.01099
38	0.01414	0.01414	0.01979	0.01696	0.01696	0.01979	0.01414	0.01555	0.00990	0.01555	0.00848	0.01414	0.00848	0.01131	0.02120	0.00283	0.76110	0.00565	0.00283	0.00707
39	0.00764	0.00655	0.00655	0.00655	0.00873	0.00545	0.00491	0.00927	0.01473	0.01745	0.06546	0.06218	0.73000	0.01636	0.00764	0.00218	0.00327	0.01364	0.00600	0.00545
40	0.01913	0.01540	0.01633	0.01377	0.01797	0.01750	0.01097	0.27810	0.47220	0.03196	0.02241	0.02101	0.01658	0.00840	0.00653	0.00210	0.00583	0.00677	0.00653	0.01050
41	0.00834	0.00617	0.00785	0.00908	0.00976	0.00589	0.00617	0.01050	0.05394	0.01717	0.03701	0.67932	0.08600	0.01932	0.00811	0.00257	0.00380	0.01741	0.00603	0.00555
42	0.00940	0.00626	0.00705	0.00705	0.00705	0.00626	0.00392	0.00940	0.00940	0.01253	0.02036	0.04228	0.02349	0.77292	0.03289	0.00626	0.00626	0.00940	0.00392	0.00392
43	0.00773	0.00653	0.00669	0.00670	0.00880	0.00549	0.00501	0.00944	0.01488	0.01794	0.10458	0.07859	0.67305	0.01627	0.00765	0.00218	0.00327	0.01363	0.00607	0.00549
44	0.00787	0.00562	0.00750	0.00900	0.00937	0.00525	0.00600	0.00900	0.01237	0.01649	0.03561	0.76871	0.04274	0.02024	0.00825	0.00262	0.00375	0.01837	0.00600	0.00525
45	0.01340	0.01148	0.01340	0.00957	0.01531	0.00861	0.00766	0.01627	0.01340	0.02105	0.01148	0.01340	0.00957	0.00479	0.00479	0.00096	0.00479	0.00383	0.00383	0.81242
46	0.05659	0.02937	0.01780	0.01617	0.01954	0.68778	0.01217	0.02586	0.04587	0.01680	0.01059	0.01210	0.00872	0.00671	0.00578	0.00170	0.01112	0.00426	0.00349	0.00758
47	0.00914	0.00660	0.00864	0.00813	0.00965	0.00610	0.00610	0.01219	0.01829	0.02591	0.72921	0.04827	0.06097	0.01321	0.00762	0.00203	0.00305	0.01169	0.00711	0.00610
48	0.01700	0.01367	0.01464	0.01303	0.01678	0.01560	0.01017	0.03413	0.67031	0.07822	0.02624	0.02395	0.01946	0.00871	0.00657	0.00218	0.00514	0.00725	0.00668	0.01028
49	0.00926	0.00625	0.00704	0.00710	0.00721	0.00619	0.00404	0.00938	0.00974	0.01289	0.02287	0.07193	0.05415	0.71106	0.03084	0.00595	0.00604	0.00993	0.00409	0.00403
50	0.01340	0.01148	0.01340	0.00957	0.01531	0.00861	0.00766	0.01627	0.01340	0.02105	0.01148	0.01340	0.00957	0.00479	0.00479	0.00096	0.00479	0.00383	0.00383	0.81242
51	0.01660	0.11139	0.13767	0.01507	0.02123	0.01361	0.15138	0.03883	0.01522	0.12744	0.04782	0.01686	0.01267	0.00619	0.00593	0.00166	0.00712	0.00552	0.00425	0.24354
52	0.01755	0.27265	0.29001	0.01539	0.02174	0.22175	0.01617	0.02198	0.03513	0.01766	0.01073	0.01233	0.00859	0.00616	0.00542	0.00173	0.00915	0.00425	0.00302	0.00859
53	0.00932	0.00655	0.00849	0.00849	0.00898	0.00705	0.00571	0.01032	0.00982	0.01359	0.01904	0.03499	0.02033	0.46046	0.34103	0.00804	0.01103	0.00833	0.00372	0.00471
54	0.01228	0.00792	0.00920	0.00847	0.01093	0.00718	0.00646	0.06359	0.01671	0.12596	0.16671	0.14367	0.36733	0.01448	0.00746	0.00217	0.00390	0.01231	0.00652	0.00675
55	0.12699	0.01137	0.01443	0.01121	0.01609	0.01040	0.00926	0.04808	0.01788	0.63051	0.02318	0.02039	0.01474	0.00774	0.00619	0.00200	0.00548	0.00611	0.00746	0.01050
56	0.01530	0.01358	0.01375	0.01256	0.01595	0.04663	0.00978	0.03045	0.58646	0.02521	0.03001	0.02961	0.09421	0.00985	0.00675	0.00220	0.00524	0.03668	0.00635	0.00943
57	0.00908	0.00660	0.00855	0.00806	0.00962	0.00607	0.00605	0.01207	0.01814	0.02557	0.70218	0.04883	0.08821	0.01334	0.00762	0.00204	0.00306	0.01176	0.00707	0.00607
58	0.00924	0.00690	0.01025	0.01025	0.01136	0.00800	0.00791	0.01145	0.01034	0.01490	0.01743	0.02607	0.01645	0.07796	0.71823	0.01022	0.01686	0.00702	0.00348	0.00569
59	0.00940	0.00626	0.00705	0.00705	0.00705	0.00626	0.00392	0.00940	0.00940	0.01253	0.02036	0.04228	0.02349	0.77292	0.03289	0.00626	0.00626	0.00940	0.00392	0.00392
60	0.01599	0.01535	0.02623	0.03966	0.73262	0.01535	0.01983	0.01983	0.01471	0.02111	0.01215	0.01599	0.01023	0.00576	0.00640	0.00192	0.00768	0.00576	0.00320	0.01023
61	0.00786	0.00566	0.00746	0.00889	0.00934	0.00526	0.00595	0.00901	0.01247	0.01654	0.03692	0.73774	0.07285	0.02007	0.00822	0.00260	0.00373	0.01816	0.00600	0.00526
62	0.12756	0.01767	0.01683	0.01359	0.01805	0.10721	0.01099	0.42783	0.06077	0.06280	0.06127	0.01721	0.01404	0.00781	0.00614	0.00193	0.00696	0.00579	0.00586	0.00968
63	0.01414	0.01166	0.01427	0.01023	0.01596	0.00890	0.03049	0.01708	0.01368	0.05242	0.01215	0.01391	0.00986	0.00495	0.00495	0.00104	0.00501	0.00407	0.00399	0.75123
64	0.01772	0.10484	0.05550	0.01553	0.02012	0.09741	0.14055	0.02594	0.24772	0.11033	0.02086	0.06219	0.03601	0.00818	0.00650	0.00203	0.00726	0.00715	0.00510	0.00906
65	0.01324	0.08168	0.69364	0.01794	0.02723	0.01569	0.02304	0.02039	0.01361	0.02012	0.01143	0.01343	0.00819	0.00610	0.00601	0.00200	0.00938	0.00469	0.00273	0.00947
66	0.01556	0.48180	0.31386	0.01398	0.02110	0.02138	0.01614	0.01979	0.01333	0.01729	0.01002	0.01167	0.00825	0.00577	0.00494	0.00165	0.00796	0.00398	0.00275	0.00879
67	0.00940	0.00626	0.00705	0.00705	0.00705	0.00626	0.00392	0.00940	0.00940	0.01253	0.02036	0.04228	0.02349	0.77292	0.03289	0.00626	0.00626	0.00940	0.00392	0.00392
68	0.01573	0.01550	0.02771	0.06684	0.60116	0.01546	0.12197	0.01982	0.01472	0.02086	0.01226	0.01625	0.01011	0.00574	0.00658	0.00197	0.00819	0.00603	0.00320	0.00989
69	0.00804	0.00574	0.00754	0.00892	0.00935	0.00538	0.00599	0.00917	0.01233	0.01637	0.03536	0.68801	0.05718	0.06407	0.00969	0.00284	0.00395	0.03899	0.00587	0.00520
70	0.00940	0.00626	0.00705	0.00705	0.00705	0.00626	0.00392	0.00940	0.00940	0.01253	0.02036	0.04228	0.02349	0.77292	0.03289	0.00626	0.00626	0.00940	0.00392	0.00392
71	0.81856	0.01250	0.00950	0.00850	0.01250	0.01449	0.00700	0.01899	0.01100	0.02899	0.00900	0.01050	0.00700	0.00600	0.00400	0.00200	0.00500	0.00350	0.00400	0.00700
72	0.01000	0.00971	0.06526	0.01237	0.01458	0.00927	0.06780	0.01295	0.01103	0.01587	0.01654	0.02387	0.01505	0.04181	0.63207	0.00910	0.01621	0.00683	0.00339	0.00629
73	0.00792	0.00566	0.00754	0.00896	0.00938	0.00528	0.00600	0.00913	0.01261	0.01688	0.06366	0.73957	0.04347	0.01996	0.00822	0.00260	0.00372	0.01810	0.00604	0.00528
74	0.23680	0.06864	0.01756	0.01362	0.04570	0.04134	0.01083	0.36474	0.02187	0.09934	0.01394	0.01431	0.01008	0.00704	0.00562	0.00191	0.00655	0.00504	0.00546	0.00959
75	0.07576	0.01497	0.01401	0.01213	0.01566	0.15704	0.00945	0.10438	0.08802	0.22366	0.06623	0.12218	0.04886	0.00994	0.00655	0.00204	0.00636	0.00803	0.00607	0.00865
76	0.01440	0.05491	0.63548	0.01786	0.02671	0.04666	0.02216	0.07044	0.01503	0.02157	0.01173	0.01359	0.00840	0.00626	0.00609	0.00200	0.00938	0.00478	0.00302	0.00953
77	0.01599	0.01535	0.02623	0.03966	0.73262	0.01535	0.01983	0.01983	0.01471	0.02111	0.01215	0.01599	0.01023	0.00576	0.00640	0.00192	0.00768	0.00576	0.00320	0.01023
78	0.01348	0.01174	0.01444	0.01032	0.01609	0.00894	0.03734	0.01646	0.01348	0.02104	0.01155	0.01357	0.00958	0.00481	0.00491	0.00101	0.00504	0.00399	0.00380	0.77842
79	0.02456	0.01810	0.01939	0.01487	0.02004	0.02004	0.01228	0.71107	0.03038	0.04072	0.01551	0.01551	0.01099	0.00776	0.00646	0.00194	0.00711	0.00582	0.00646	0.01099
80	0.02899	0.01100	0.01499	0.01150	0.01649	0.00950	0.00950	0.03149	0.01849	0.73709	0.02549	0.02199	0.01599	0.00800	0.00650	0.00200	0.00550	0.00650	0.00800	0.01100
81	0.00777	0.00659	0.00673	0.00680	0.00895	0.00555	0.00517	0.00947	0.01473	0.01754	0.06397	0.06269	0.69706	0.01643	0.00770	0.00222	0.00340	0.04575	0.00600	0.00548
82	0.00940	0.00626	0.00705	0.00705	0.00705	0.00626	0.00392	0.00940	0.00940	0.01253	0.02036	0.04228	0.02349	0.77292	0.03289	0.00626	0.00626	0.00940	0.00392	0.00392
83	0.01599	0.01535	0.02623	0.03966	0.73262	0.01535	0.01983	0.01983	0.01471	0.02111	0.01215	0.01599	0.01023	0.00576	0.00640	0.00192	0.00768	0.00576	0.00320	0.01023
84	0.00914	0.00660	0.00864	0.00813	0.00965	0.00610	0.00610	0.01219	0.01829	0.02591	0.72921	0.04827	0.06097	0.01321	0.00762	0.00203	0.00305	0.01169	0.00711	0.00610
85	0.01505	0.01472	0.02603	0.20019	0.49795	0.01524	0.09773	0.01918	0.01437	0.02002	0.01211	0.01643	0.00982	0.00588	0.00655	0.00200	0.00825	0.00597	0.00313	0.00937
86	0.00799	0.00586	0.00754	0.00883	0.00952	0.00540	0.00610	0.00929	0.01284	0.01679	0.03968	0.62982	0.13794	0.01956	0.00820	0.00258	0.00381	0.05692	0.00600	0.00532
87	0.01441	0.01197	0.01451	0.01043	0.01615	0.00943	0.03015	0.04986	0.01440	0.04156	0.01211	0.01386	0.00982	0.00504	0.00500	0.00107	0.00511	0.00412	0.00405	0.72694
88	0.12277	0.02203	0.01891	0.05105	0.02114	0.34219	0.07819	0.14013	0.06231	0.06235	0.01301	0.01431	0.00988	0.00684	0.00599	0.00188	0.00909	0.00508	0.00437	0.00848
89	0.10917	0.01212	0.01376	0.01147	0.01539	0.01234	0.00927	0.19982	0.06958	0.17603	0.09132	0.08411	0.02156	0.00970	0.00649	0.00203	0.00542	0.05931	0.00625	0.08486
90	0.14339	0.06108	0.01841	0.03366	0.08326	0.28338	0.03241	0.09127	0.03603	0.10440	0.01393	0.01668	0.01105	0.00718	0.00587	0.00189	0.00835	0.03484	0.00442	0.00849
91	0.10757	0.04689	0.01540	0.03115	0.08036	0.07814	0.01017	0.09529	0.07221	0.11391	0.12449	0.05426	0.05919	0.00899	0.00667	0.00195	0.02729	0.00720	0.00537	0.05351

[dist]
# distance from previous block
# <min> <max>
1	15

[block]
# block no. 1 follows, 34 sequences, length 18
# corresponding to MSA columns:
# 141-158
name=unknown_B
#
# <colnr> <probs for GDERKNQSTAVLIFYWHMCP>
#	G	D	E	R	K	N	Q	S	T	A	V	L	I	F	Y	W	H	M	C	P
0	0.10267	0.01695	0.04028	0.03192	0.01844	0.10628	0.01100	0.25467	0.09747	0.13704	0.01821	0.01804	0.03923	0.00759	0.00605	0.00189	0.00679	0.00574	0.00562	0.07411
1	0.08034	0.22561	0.10592	0.01334	0.01853	0.11030	0.03861	0.08070	0.07305	0.04568	0.03944	0.01675	0.01260	0.00690	0.00553	0.00174	0.00727	0.02591	0.00411	0.08768
2	0.04155	0.03020	0.04685	0.01169	0.01537	0.03398	0.03197	0.07545	0.12082	0.05715	0.13295	0.02423	0.02130	0.03414	0.15281	0.00359	0.00796	0.00682	0.00502	0.14617
3	0.32827	0.07569	0.01557	0.03154	0.01671	0.12817	0.00978	0.15743	0.06522	0.05139	0.03481	0.01441	0.01106	0.00687	0.00524	0.00188	0.00664	0.00474	0.00466	0.02992
4	0.01707	0.61086	0.14261	0.01258	0.01858	0.07254	0.01315	0.01996	0.01356	0.01606	0.00946	0.01096	0.00828	0.00570	0.00457	0.00150	0.00764	0.00371	0.00280	0.00843
5	0.81856	0.01250	0.00950	0.00850	0.01250	0.01449	0.00700	0.01899	0.01100	0.02899	0.00900	0.01050	0.00700	0.00600	0.00400	0.00200	0.00500	0.00350	0.00400	0.00700
6	0.00786	0.00567	0.00745	0.00888	0.00934	0.00526	0.00594	0.00901	0.01249	0.01654	0.03709	0.73364	0.07684	0.02005	0.00822	0.00260	0.00373	0.01813	0.00600	0.00526
7	0.81856	0.01250	0.00950	0.00850	0.01250	0.01449	0.00700	0.01899	0.01100	0.02899	0.00900	0.01050	0.00700	0.00600	0.00400	0.00200	0.00500	0.00350	0.00400	0.00700
8	0.01296	0.03342	0.73944	0.01842	0.02797	0.01501	0.02387	0.02046	0.01364	0.02046	0.01160	0.01364	0.00818	0.00614	0.00614	0.00205	0.00955	0.00477	0.00273	0.00955
9	0.00764	0.00655	0.00655	0.00655	0.00873	0.00545	0.00491	0.00927	0.01473	0.01745	0.06546	0.06218	0.73000	0.01636	0.00764	0.00218	0.00327	0.01364	0.00600	0.00545
10	0.01727	0.77681	0.03386	0.01106	0.01658	0.02557	0.01106	0.01935	0.01313	0.01520	0.00898	0.01036	0.00829	0.00553	0.00415	0.00138	0.00691	0.00345	0.00276	0.00829
11	0.01041	0.00744	0.01041	0.01190	0.01339	0.00744	0.01041	0.01339	0.01487	0.01934	0.03421	0.07288	0.03719	0.01785	0.00892	0.00297	0.00595	0.68913	0.00595	0.00595
12	0.05242	0.50198	0.26052	0.01332	0.02007	0.02165	0.01501	0.01969	0.01320	0.01753	0.00983	0.01143	0.00820	0.00575	0.00478	0.00162	0.00767	0.00388	0.00281	0.00864
13	0.05221	0.47047	0.13711	0.01207	0.01751	0.04626	0.01230	0.01980	0.05499	0.01855	0.09108	0.01596	0.01478	0.00673	0.00504	0.00164	0.00686	0.00483	0.00354	0.00827
14	0.07112	0.53960	0.14884	0.01251	0.01849	0.05859	0.01303	0.04226	0.01389	0.01787	0.00968	0.01115	0.00828	0.00579	0.00463	0.00157	0.00746	0.00379	0.00299	0.00846
15	0.05098	0.26927	0.12998	0.01164	0.01628	0.04263	0.01133	0.04222	0.05119	0.04020	0.08604	0.02345	0.10119	0.01246	0.08246	0.00269	0.00755	0.00640	0.00418	0.00786
16	0.24891	0.12108	0.05560	0.01082	0.01524	0.01454	0.00961	0.11753	0.03903	0.09303	0.05983	0.02310	0.07329	0.00837	0.00564	0.00194	0.00567	0.04594	0.00502	0.04582
17	0.19924	0.07461	0.01584	0.01171	0.01586	0.07335	0.03584	0.15827	0.03715	0.08437	0.09010	0.04599	0.04917	0.00819	0.00582	0.00187	0.00604	0.00637	0.00518	0.07503

[dist]
# distance from previous block
# <min> <max>
3	21

[block]
# block no. 2 follows, 34 sequences, length 33
# corresponding to MSA columns:
# 180-212
name=unknown_C
#
# <colnr> <probs for GDERKNQSTAVLIFYWHMCP>
#	G	D	E	R	K	N	Q	S	T	A	V	L	I	F	Y	W	H	M	C	P
0	0.11093	0.01623	0.01476	0.01255	0.01637	0.14455	0.00990	0.21798	0.09398	0.07017	0.01946	0.06290	0.04533	0.03992	0.00728	0.00212	0.00676	0.03467	0.00536	0.06880
1	0.12641	0.01934	0.01746	0.01507	0.01744	0.24122	0.01209	0.12208	0.01577	0.02143	0.01045	0.01341	0.00886	0.00853	0.01148	0.00219	0.29481	0.00494	0.02926	0.00773
2	0.02359	0.02965	0.01806	0.01641	0.01976	0.69763	0.01233	0.02638	0.06575	0.01657	0.01109	0.01249	0.00909	0.00680	0.00588	0.00170	0.01121	0.00437	0.00355	0.00768
3	0.00768	0.00637	0.00672	0.00700	0.00885	0.00542	0.00511	0.00922	0.01429	0.01727	0.05987	0.19448	0.60130	0.01709	0.00775	0.00226	0.00336	0.01452	0.00600	0.00542
4	0.02486	0.01762	0.01909	0.01464	0.01980	0.01933	0.01209	0.66519	0.02958	0.08774	0.01619	0.01595	0.01133	0.00777	0.00647	0.00194	0.00700	0.00586	0.00657	0.01099
5	0.01368	0.02838	0.51823	0.02120	0.02980	0.01543	0.24003	0.02054	0.01415	0.02054	0.01206	0.01484	0.00870	0.00592	0.00661	0.00209	0.00997	0.00567	0.00290	0.00929
6	0.00797	0.00588	0.00746	0.00850	0.00929	0.00537	0.00583	0.00938	0.01339	0.01766	0.11453	0.57481	0.15855	0.01885	0.00808	0.00249	0.00360	0.01687	0.00612	0.00537
7	0.00816	0.00696	0.00708	0.00705	0.00925	0.00610	0.00528	0.01080	0.05798	0.01800	0.06187	0.08789	0.65912	0.01605	0.00760	0.00220	0.00340	0.01344	0.00604	0.00574
8	0.00764	0.00655	0.00655	0.00655	0.00873	0.00545	0.00491	0.00927	0.01473	0.01745	0.06546	0.06218	0.73000	0.01636	0.00764	0.00218	0.00327	0.01364	0.00600	0.00545
9	0.81856	0.01250	0.00950	0.00850	0.01250	0.01449	0.00700	0.01899	0.01100	0.02899	0.00900	0.01050	0.00700	0.00600	0.00400	0.00200	0.00500	0.00350	0.00400	0.00700
10	0.00764	0.00655	0.00655	0.00655	0.00873	0.00545	0.00491	0.00927	0.01473	0.01745	0.06546	0.06218	0.73000	0.01636	0.00764	0.00218	0.00327	0.01364	0.00600	0.00545
11	0.02456	0.01810	0.01939	0.01487	0.02004	0.02004	0.01228	0.71107	0.03038	0.04072	0.01551	0.01551	0.01099	0.00776	0.00646	0.00194	0.00711	0.00582	0.00646	0.01099
12	0.00764	0.00655	0.00655	0.00655	0.00873	0.00545	0.00491	0.00927	0.01473	0.01745	0.06546	0.06218	0.73000	0.01636	0.00764	0.00218	0.00327	0.01364	0.00600	0.00545
13	0.01296	0.03342	0.73944	0.01842	0.02797	0.01501	0.02387	0.02046	0.01364	0.02046	0.01160	0.01364	0.00818	0.00614	0.00614	0.00205	0.00955	0.00477	0.00273	0.00955
14	0.01425	0.01306	0.03366	0.01029	0.01603	0.03584	0.00847	0.04648	0.01431	0.02169	0.01161	0.01343	0.00955	0.00502	0.00493	0.00105	0.00526	0.00395	0.00389	0.72723
15	0.01271	0.01222	0.02136	0.52876	0.12896	0.01409	0.08969	0.01689	0.01335	0.01751	0.01400	0.01912	0.03619	0.00843	0.03834	0.00248	0.00890	0.00629	0.00310	0.00761
16	0.03813	0.23932	0.30007	0.01476	0.02112	0.14020	0.01587	0.02126	0.01472	0.06809	0.03156	0.01621	0.01134	0.00684	0.00564	0.00183	0.00844	0.03246	0.00349	0.00864
17	0.01398	0.06032	0.23982	0.02184	0.02873	0.01536	0.39995	0.01950	0.01462	0.02006	0.01692	0.02090	0.06324	0.00683	0.00705	0.00212	0.00959	0.02720	0.00337	0.00861
18	0.46779	0.01183	0.01194	0.00983	0.01427	0.01227	0.00811	0.02454	0.01433	0.34357	0.01632	0.01560	0.01099	0.00689	0.00511	0.00200	0.00522	0.00483	0.00577	0.00877
19	0.01160	0.00753	0.01019	0.04419	0.01346	0.00737	0.00871	0.01433	0.03228	0.09224	0.08085	0.24314	0.07664	0.03617	0.00879	0.00270	0.00508	0.29229	0.00608	0.00637
20	0.01891	0.01177	0.04548	0.01162	0.01500	0.05897	0.00964	0.02220	0.05554	0.30847	0.02632	0.14672	0.02363	0.05699	0.00868	0.00249	0.00592	0.13407	0.00631	0.03129
21	0.01563	0.01489	0.02491	0.10832	0.62541	0.01529	0.01911	0.02031	0.05396	0.02099	0.01288	0.01657	0.01061	0.00599	0.00641	0.00196	0.00762	0.00584	0.00335	0.00994
22	0.00930	0.00627	0.00785	0.00864	0.00981	0.00565	0.00610	0.01070	0.01345	0.06469	0.04239	0.51895	0.21350	0.01838	0.00800	0.00248	0.00382	0.03818	0.00613	0.00570
23	0.01677	0.02316	0.30347	0.02065	0.04623	0.06292	0.25381	0.02221	0.01527	0.12300	0.01481	0.01819	0.01096	0.00662	0.00678	0.00209	0.00939	0.03060	0.00384	0.00923
24	0.01415	0.02876	0.54565	0.02020	0.02886	0.01509	0.18380	0.02097	0.01422	0.04972	0.01251	0.01487	0.00888	0.00605	0.00650	0.00208	0.00970	0.00551	0.00307	0.00941
25	0.01152	0.00607	0.00859	0.00851	0.00911	0.00582	0.00587	0.01017	0.01057	0.05642	0.06709	0.10657	0.06965	0.02029	0.01983	0.56287	0.00506	0.00804	0.00398	0.00397
26	0.01517	0.01451	0.02474	0.19562	0.58309	0.01514	0.01942	0.01911	0.01432	0.02011	0.01201	0.01626	0.00988	0.00591	0.00641	0.00197	0.00788	0.00575	0.00313	0.00957
27	0.02034	0.01505	0.06896	0.01576	0.02041	0.05639	0.15935	0.07867	0.03114	0.28597	0.03551	0.11543	0.01742	0.00906	0.00752	0.00213	0.03793	0.00804	0.00572	0.00919
28	0.01661	0.02199	0.27590	0.02068	0.04370	0.01530	0.27131	0.11395	0.01688	0.08533	0.01487	0.04720	0.01131	0.00684	0.00685	0.00210	0.00908	0.00669	0.00403	0.00940
29	0.01401	0.01451	0.02662	0.10550	0.07500	0.04306	0.34876	0.01819	0.01459	0.01935	0.01754	0.04962	0.01628	0.00902	0.00844	0.00236	0.05384	0.15166	0.00384	0.00781
30	0.02120	0.03165	0.04073	0.01855	0.09163	0.12914	0.13466	0.08862	0.09571	0.21947	0.01844	0.02047	0.01369	0.00753	0.00664	0.00202	0.00789	0.03708	0.00533	0.00956
31	0.02349	0.01231	0.01562	0.01229	0.01691	0.01173	0.03040	0.18034	0.03994	0.39709	0.02498	0.05111	0.05658	0.00900	0.00664	0.00200	0.00579	0.03488	0.00693	0.06197
32	0.12979	0.01708	0.13707	0.01352	0.01833	0.07430	0.04907	0.07286	0.08932	0.13337	0.01881	0.11034	0.01600	0.00883	0.00628	0.00204	0.00675	0.02914	0.00505	0.06205

[dist]
# distance from previous block
# <min> <max>
0	11

[block]
# block no. 3 follows, 34 sequences, length 7
# corresponding to MSA columns:
# 224-230
name=unknown_D
#
# <colnr> <probs for GDERKNQSTAVLIFYWHMCP>
#	G	D	E	R	K	N	Q	S	T	A	V	L	I	F	Y	W	H	M	C	P
0	0.04552	0.01696	0.05453	0.01278	0.01668	0.17361	0.01073	0.16084	0.03931	0.07754	0.02560	0.03129	0.13133	0.01015	0.00668	0.00203	0.00704	0.11048	0.00527	0.06163
1	0.14041	0.01763	0.01662	0.01367	0.01751	0.14521	0.01102	0.23389	0.05372	0.02681	0.01234	0.01396	0.00973	0.00747	0.00812	0.00191	0.12951	0.00492	0.00455	0.13099
2	0.02108	0.01447	0.01637	0.01249	0.01768	0.01434	0.01019	0.32155	0.08141	0.15008	0.01683	0.01666	0.01212	0.00695	0.00595	0.00166	0.00594	0.00543	0.00590	0.26290
3	0.01009	0.00718	0.00922	0.01002	0.01102	0.00732	0.00732	0.01349	0.11992	0.01772	0.03000	0.41696	0.03319	0.01845	0.01087	0.13398	0.00463	0.12733	0.00556	0.00573
4	0.01373	0.00868	0.01023	0.00896	0.01145	0.00846	0.00698	0.12051	0.01897	0.09646	0.36048	0.03839	0.11878	0.01131	0.00683	0.00195	0.00393	0.00959	0.13709	0.00723
5	0.01142	0.00789	0.00933	0.00907	0.01074	0.00786	0.00669	0.11763	0.01698	0.02396	0.21587	0.31130	0.06814	0.01424	0.00718	0.00216	0.00393	0.01247	0.13666	0.00648
6	0.02134	0.01507	0.01818	0.18356	0.02472	0.01677	0.01293	0.37414	0.10866	0.13214	0.01732	0.01787	0.01222	0.00762	0.00648	0.00203	0.00698	0.00608	0.00587	0.01003

[dist]
# distance from previous block
# <min> <max>
3	9

[block]
# block no. 4 follows, 34 sequences, length 71
# corresponding to MSA columns:
# 240-310
name=unknown_E
#
# <colnr> <probs for GDERKNQSTAVLIFYWHMCP>
#	G	D	E	R	K	N	Q	S	T	A	V	L	I	F	Y	W	H	M	C	P
0	0.19491	0.01124	0.01330	0.22355	0.02204	0.04515	0.01084	0.01850	0.05913	0.08954	0.08347	0.11815	0.02067	0.00978	0.00639	0.00219	0.00612	0.05289	0.00486	0.00728
1	0.17404	0.02073	0.01845	0.01534	0.01957	0.30209	0.09717	0.08384	0.08622	0.10186	0.01396	0.01484	0.01044	0.00683	0.00590	0.00190	0.00858	0.00517	0.00455	0.00850
2	0.00798	0.00656	0.00703	0.00691	0.00894	0.00560	0.00518	0.00994	0.01555	0.01940	0.21795	0.05899	0.57629	0.01564	0.00763	0.00215	0.00322	0.01319	0.00626	0.00560
3	0.03758	0.01441	0.01501	0.05647	0.04596	0.09249	0.01068	0.09312	0.30987	0.09695	0.02303	0.13700	0.01954	0.00984	0.00666	0.00214	0.00614	0.00822	0.00586	0.00905
4	0.01744	0.01560	0.01531	0.01358	0.01733	0.07504	0.01058	0.09131	0.60574	0.02730	0.02407	0.02238	0.01806	0.00851	0.00651	0.00213	0.00581	0.00693	0.00630	0.01007
5	0.01899	0.01020	0.01302	0.01006	0.01456	0.00843	0.00808	0.02175	0.01661	0.32214	0.17555	0.02468	0.02359	0.00799	0.00613	0.00163	0.00470	0.00668	0.00630	0.29890
6	0.81856	0.01250	0.00950	0.00850	0.01250	0.01449	0.00700	0.01899	0.01100	0.02899	0.00900	0.01050	0.00700	0.00600	0.00400	0.00200	0.00500	0.00350	0.00400	0.00700
7	0.01607	0.01974	0.16444	0.02456	0.05063	0.01546	0.50211	0.02159	0.01523	0.08424	0.01388	0.01710	0.01007	0.00581	0.00722	0.00213	0.01008	0.00695	0.00359	0.00911
8	0.00787	0.00562	0.00750	0.00900	0.00937	0.00525	0.00600	0.00900	0.01237	0.01649	0.03561	0.76871	0.04274	0.02024	0.00825	0.00262	0.00375	0.01837	0.00600	0.00525
9	0.02879	0.01131	0.01519	0.01165	0.01665	0.00997	0.00962	0.06178	0.01902	0.70605	0.02505	0.02170	0.01577	0.00799	0.00650	0.00200	0.00557	0.00647	0.00793	0.01100
10	0.01584	0.01514	0.02436	0.23910	0.29577	0.03608	0.11956	0.08599	0.06354	0.02185	0.01331	0.01694	0.01036	0.00633	0.00660	0.00204	0.00830	0.00609	0.00366	0.00913
11	0.01414	0.00923	0.01318	0.03221	0.01508	0.00878	0.07025	0.01827	0.07560	0.16254	0.21236	0.08565	0.13752	0.01246	0.00750	0.00224	0.00503	0.10409	0.00639	0.00750
12	0.00923	0.00692	0.01038	0.01038	0.01154	0.00808	0.00808	0.01154	0.01038	0.01500	0.01731	0.02538	0.01615	0.04846	0.74732	0.01038	0.01731	0.00692	0.00346	0.00577
13	0.01340	0.01148	0.01340	0.00957	0.01531	0.00861	0.00766	0.01627	0.01340	0.02105	0.01148	0.01340	0.00957	0.00479	0.00479	0.00096	0.00479	0.00383	0.00383	0.81242
14	0.01509	0.01043	0.01382	0.01403	0.09636	0.01026	0.02879	0.14792	0.01828	0.11545	0.15444	0.20695	0.11617	0.01249	0.00727	0.00216	0.00508	0.01093	0.00614	0.00792
15	0.00819	0.00587	0.00778	0.00878	0.00944	0.00546	0.00602	0.00980	0.01386	0.01887	0.21035	0.58721	0.04733	0.01847	0.00809	0.00247	0.00357	0.01668	0.00628	0.00546
16	0.01607	0.01388	0.01461	0.01315	0.01680	0.01607	0.01023	0.03433	0.72094	0.02703	0.02630	0.02411	0.01972	0.00877	0.00657	0.00219	0.00511	0.00731	0.00657	0.01023
17	0.01480	0.01705	0.05413	0.04603	0.05352	0.01590	0.59917	0.01991	0.01483	0.02024	0.01369	0.04677	0.01099	0.00629	0.00802	0.00221	0.03677	0.00780	0.00333	0.00855
18	0.01433	0.11154	0.39011	0.02097	0.02890	0.01672	0.28561	0.02043	0.01420	0.01996	0.01187	0.01472	0.00882	0.00580	0.00648	0.00202	0.00977	0.00572	0.00294	0.00909
19	0.00787	0.00562	0.00750	0.00900	0.00937	0.00525	0.00600	0.00900	0.01237	0.01649	0.03561	0.76871	0.04274	0.02024	0.00825	0.00262	0.00375	0.01837	0.00600	0.00525
20	0.02899	0.01100	0.01499	0.01150	0.01649	0.00950	0.00950	0.03149	0.01849	0.73709	0.02549	0.02199	0.01599	0.00800	0.00650	0.00200	0.00550	0.00650	0.00800	0.01100
21	0.17126	0.01219	0.01457	0.01139	0.01623	0.01177	0.00941	0.11754	0.01868	0.51850	0.02121	0.01907	0.01372	0.00760	0.00604	0.00199	0.00562	0.00587	0.00707	0.01027
22	0.01569	0.01504	0.02568	0.09724	0.67742	0.01527	0.01968	0.01956	0.01457	0.02074	0.01210	0.01609	0.01010	0.00581	0.00640	0.00194	0.00775	0.00576	0.00317	0.00999
23	0.00768	0.00655	0.00660	0.00659	0.00875	0.00547	0.00494	0.00935	0.01482	0.01768	0.08324	0.06181	0.71207	0.01628	0.00764	0.00218	0.00327	0.01358	0.00603	0.00547
24	0.00914	0.00660	0.00864	0.00813	0.00965	0.00610	0.00610	0.01219	0.01829	0.02591	0.72921	0.04827	0.06097	0.01321	0.00762	0.00203	0.00305	0.01169	0.00711	0.00610
25	0.01537	0.01709	0.03616	0.02929	0.14937	0.01618	0.59512	0.02055	0.01516	0.02077	0.01292	0.01719	0.00988	0.00550	0.00742	0.00214	0.01036	0.00732	0.00326	0.00897
26	0.01414	0.01414	0.01979	0.01696	0.01696	0.01979	0.01414	0.01555	0.00990	0.01555	0.00848	0.01414	0.00848	0.01131	0.02120	0.00283	0.76110	0.00565	0.00283	0.00707
27	0.02899	0.01100	0.01499	0.01150	0.01649	0.00950	0.00950	0.03149	0.01849	0.73709	0.02549	0.02199	0.01599	0.00800	0.00650	0.00200	0.00550	0.00650	0.00800	0.01100
28	0.01004	0.00812	0.01194	0.01147	0.01244	0.01001	0.00908	0.01220	0.01030	0.01509	0.01585	0.02352	0.01488	0.04231	0.62720	0.00913	0.14035	0.00671	0.00336	0.00598
29	0.02414	0.03079	0.01831	0.01665	0.01998	0.74698	0.01248	0.02580	0.01831	0.01581	0.00999	0.01165	0.00832	0.00666	0.00583	0.00166	0.01165	0.00416	0.00333	0.00749
30	0.00924	0.00687	0.01011	0.01011	0.01117	0.00793	0.00774	0.01136	0.01030	0.01480	0.01756	0.02677	0.01675	0.10773	0.68886	0.01005	0.01640	0.00713	0.00350	0.00562
31	0.00787	0.00562	0.00750	0.00900	0.00937	0.00525	0.00600	0.00900	0.01237	0.01649	0.03561	0.76871	0.04274	0.02024	0.00825	0.00262	0.00375	0.01837	0.00600	0.00525
32	0.02135	0.01616	0.01733	0.01406	0.01862	0.01808	0.01136	0.41739	0.30433	0.06068	0.02016	0.01916	0.01464	0.00817	0.00651	0.00204	0.00626	0.00643	0.00656	0.01069
33	0.81856	0.01250	0.00950	0.00850	0.01250	0.01449	0.00700	0.01899	0.01100	0.02899	0.00900	0.01050	0.00700	0.00600	0.00400	0.00200	0.00500	0.00350	0.00400	0.00700
34	0.00940	0.00626	0.00705	0.00705	0.00705	0.00626	0.00392	0.00940	0.00940	0.01253	0.02036	0.04228	0.02349	0.77292	0.03289	0.00626	0.00626	0.00940	0.00392	0.00392
35	0.00804	0.00576	0.00765	0.00888	0.00941	0.00536	0.00601	0.00943	0.01317	0.01776	0.12904	0.67166	0.04519	0.01930	0.00816	0.00254	0.00365	0.01747	0.00615	0.00536
36	0.01727	0.77681	0.03386	0.01106	0.01658	0.02557	0.01106	0.01935	0.01313	0.01520	0.00898	0.01036	0.00829	0.00553	0.00415	0.00138	0.00691	0.00345	0.00276	0.00829
37	0.01922	0.03914	0.10360	0.01299	0.01811	0.05377	0.01161	0.19636	0.05123	0.15088	0.01822	0.07114	0.01483	0.00825	0.00623	0.00184	0.00652	0.03761	0.00541	0.17304
38	0.03769	0.01820	0.04582	0.08116	0.05478	0.13804	0.29071	0.08601	0.01711	0.10568	0.01502	0.03779	0.01170	0.00697	0.00686	0.00206	0.00924	0.02218	0.00423	0.00875
39	0.68576	0.01505	0.01101	0.00979	0.01375	0.10831	0.00791	0.04714	0.01269	0.02777	0.00938	0.01084	0.00732	0.00615	0.00433	0.00195	0.00593	0.00367	0.00401	0.00722
40	0.02395	0.05537	0.01899	0.01622	0.01986	0.62876	0.01241	0.11314	0.01967	0.01897	0.01066	0.01210	0.00866	0.00676	0.00585	0.00169	0.01091	0.00435	0.00371	0.00797
41	0.00914	0.00660	0.00864	0.00813	0.00965	0.00610	0.00610	0.01219	0.01829	0.02591	0.72921	0.04827	0.06097	0.01321	0.00762	0.00203	0.00305	0.01169	0.00711	0.00610
42	0.01922	0.01539	0.01649	0.01240	0.01778	0.04012	0.01008	0.35535	0.02185	0.03046	0.01340	0.01437	0.01022	0.00630	0.00564	0.00146	0.00616	0.00481	0.00510	0.39342
43	0.00765	0.00650	0.00659	0.00666	0.00876	0.00545	0.00496	0.00926	0.01462	0.01741	0.06409	0.09448	0.69858	0.01654	0.00766	0.00220	0.00329	0.01385	0.00600	0.00545
44	0.01599	0.01535	0.02623	0.03966	0.73262	0.01535	0.01983	0.01983	0.01471	0.02111	0.01215	0.01599	0.01023	0.00576	0.00640	0.00192	0.00768	0.00576	0.00320	0.01023
45	0.01337	0.01125	0.01828	0.48599	0.15251	0.01298	0.01580	0.01732	0.01371	0.04703	0.03953	0.01920	0.01209	0.00678	0.00625	0.00202	0.00743	0.00603	0.10478	0.00765
46	0.00940	0.00626	0.00705	0.00705	0.00705	0.00626	0.00392	0.00940	0.00940	0.01253	0.02036	0.04228	0.02349	0.77292	0.03289	0.00626	0.00626	0.00940	0.00392	0.00392
47	0.01655	0.65252	0.15182	0.01229	0.01849	0.02380	0.01320	0.01953	0.01321	0.01608	0.00942	0.01091	0.00827	0.00563	0.00448	0.00149	0.00735	0.00368	0.00276	0.00850
48	0.04410	0.01662	0.01553	0.01348	0.01742	0.14094	0.01056	0.08485	0.41419	0.13826	0.02201	0.02055	0.01611	0.00812	0.00635	0.00205	0.00645	0.00641	0.00616	0.00984
49	0.01122	0.00561	0.00842	0.00842	0.00842	0.00561	0.00561	0.00842	0.00842	0.01122	0.01122	0.01964	0.01122	0.02245	0.02525	0.81201	0.00561	0.00561	0.00281	0.00281
50	0.01122	0.00561	0.00842	0.00842	0.00842	0.00561	0.00561	0.00842	0.00842	0.01122	0.01122	0.01964	0.01122	0.02245	0.02525	0.81201	0.00561	0.00561	0.00281	0.00281
51	0.01661	0.46088	0.21233	0.01357	0.01980	0.07959	0.01439	0.02143	0.07430	0.01762	0.01122	0.01249	0.00925	0.00605	0.00500	0.00164	0.00781	0.00418	0.00313	0.00872
52	0.01599	0.01535	0.02623	0.03966	0.73262	0.01535	0.01983	0.01983	0.01471	0.02111	0.01215	0.01599	0.01023	0.00576	0.00640	0.00192	0.00768	0.00576	0.00320	0.01023
53	0.00940	0.00626	0.00705	0.00705	0.00705	0.00626	0.00392	0.00940	0.00940	0.01253	0.02036	0.04228	0.02349	0.77292	0.03289	0.00626	0.00626	0.00940	0.00392	0.00392
54	0.01502	0.01504	0.02504	0.27427	0.38775	0.04877	0.10243	0.01911	0.01435	0.01930	0.01194	0.01637	0.00956	0.00599	0.00654	0.00202	0.00856	0.00591	0.00310	0.00891
55	0.01929	0.01806	0.01878	0.02085	0.20969	0.19208	0.01332	0.13923	0.12144	0.06128	0.07639	0.02132	0.01693	0.00797	0.00650	0.00196	0.00760	0.03313	0.00496	0.00922
56	0.01220	0.01148	0.01938	0.75739	0.04450	0.01436	0.01794	0.01651	0.01292	0.01651	0.01148	0.01723	0.00861	0.00646	0.00646	0.00215	0.00861	0.00574	0.00287	0.00718
57	0.00787	0.00562	0.00750	0.00900	0.00937	0.00525	0.00600	0.00900	0.01237	0.01649	0.03561	0.76871	0.04274	0.02024	0.00825	0.00262	0.00375	0.01837	0.00600	0.00525
58	0.02130	0.01854	0.20594	0.01774	0.04642	0.01298	0.16652	0.05072	0.01685	0.34868	0.01843	0.01843	0.01227	0.00688	0.00665	0.00205	0.00784	0.00625	0.00540	0.01010
59	0.02204	0.02680	0.01758	0.01673	0.04712	0.60146	0.01231	0.04604	0.01828	0.01757	0.04507	0.01853	0.01321	0.00786	0.00620	0.00181	0.01050	0.05957	0.00381	0.00752
60	0.01727	0.77681	0.03386	0.01106	0.01658	0.02557	0.01106	0.01935	0.01313	0.01520	0.00898	0.01036	0.00829	0.00553	0.00415	0.00138	0.00691	0.00345	0.00276	0.00829
61	0.53692	0.01196	0.01146	0.00957	0.01392	0.01271	0.00789	0.02345	0.01367	0.28157	0.01488	0.01460	0.01021	0.00671	0.00489	0.00200	0.00518	0.00457	0.00542	0.00842
62	0.04694	0.01511	0.01975	0.01593	0.02044	0.01650	0.14559	0.13991	0.42620	0.04959	0.02135	0.02087	0.01582	0.00784	0.00666	0.00214	0.00656	0.00696	0.00587	0.00996
63	0.00940	0.00626	0.00705	0.00705	0.00705	0.00626	0.00392	0.00940	0.00940	0.01253	0.02036	0.04228	0.02349	0.77292	0.03289	0.00626	0.00626	0.00940	0.00392	0.00392
64	0.00785	0.00570	0.00742	0.00880	0.00932	0.00527	0.00591	0.00902	0.01256	0.01657	0.03805	0.71090	0.09897	0.01993	0.00820	0.00259	0.00371	0.01798	0.00600	0.00527
65	0.01841	0.65340	0.03129	0.01198	0.01714	0.14491	0.01129	0.02042	0.01399	0.01530	0.00915	0.01058	0.00830	0.00571	0.00442	0.00143	0.00769	0.00357	0.00286	0.00816
66	0.01296	0.03342	0.73944	0.01842	0.02797	0.01501	0.02387	0.02046	0.01364	0.02046	0.01160	0.01364	0.00818	0.00614	0.00614	0.00205	0.00955	0.00477	0.00273	0.00955
67	0.00903	0.00660	0.00848	0.00801	0.00958	0.00605	0.00601	0.01197	0.01802	0.02527	0.67866	0.04932	0.11192	0.01345	0.00762	0.00204	0.00307	0.01183	0.00703	0.00605
68	0.01646	0.01407	0.01483	0.01323	0.01695	0.01625	0.01032	0.06544	0.68920	0.02766	0.02580	0.02371	0.01932	0.00872	0.00657	0.00218	0.00521	0.00724	0.00657	0.01026
69	0.03806	0.02088	0.13954	0.06789	0.20180	0.12276	0.01620	0.21977	0.04427	0.04732	0.01349	0.01525	0.01016	0.00675	0.00625	0.00194	0.00824	0.00540	0.00434	0.00969
70	0.01899	0.32328	0.18668	0.01422	0.02015	0.14661	0.01422	0.10384	0.03761	0.06126	0.01198	0.01301	0.00938	0.00636	0.00537	0.00171	0.00822	0.00444	0.00371	0.00897

[dist]
# distance from previous block
# <min> <max>
0	0

# created by:
# /home/berkeley/.conda/envs/busco_data_prod/bin/msa2prfl.pl pipeline/OGs_align_augustus/4893/18393.fs
