[name]
unknown

[dist]
# distance from previous block
# <min> <max>
0	62

[block]
# block no. 0 follows, 33 sequences, length 11
# corresponding to MSA columns:
# 72-82
name=unknown_A
#
# <colnr> <probs for GDERKNQSTAVLIFYWHMCP>
#	G	D	E	R	K	N	Q	S	T	A	V	L	I	F	Y	W	H	M	C	P
0	0.01172	0.00779	0.01088	0.01210	0.01383	0.00770	0.01055	0.01473	0.01537	0.06169	0.03433	0.07120	0.03662	0.01759	0.00895	0.00297	0.00603	0.64339	0.00618	0.00636
1	0.44913	0.01073	0.01078	0.01136	0.05087	0.01179	0.00879	0.01698	0.01334	0.02582	0.08804	0.03404	0.02207	0.01048	0.00609	0.00234	0.00533	0.21018	0.00495	0.00689
2	0.05382	0.01008	0.01277	0.01149	0.01271	0.01206	0.00921	0.01322	0.01358	0.01957	0.18971	0.06059	0.22486	0.01343	0.01316	0.00246	0.30611	0.00978	0.00496	0.00644
3	0.00957	0.00638	0.00718	0.00718	0.00718	0.00638	0.00399	0.00957	0.00957	0.01276	0.02074	0.04308	0.02393	0.76864	0.03351	0.00638	0.00638	0.00957	0.00399	0.00399
4	0.08450	0.01470	0.01931	0.45116	0.08578	0.08347	0.01616	0.07894	0.01499	0.02031	0.01154	0.01596	0.00893	0.00697	0.00735	0.00215	0.06097	0.00550	0.00341	0.00789
5	0.01499	0.01432	0.02437	0.28022	0.49792	0.01530	0.01956	0.01906	0.01438	0.01993	0.01215	0.01672	0.00987	0.00611	0.00654	0.00204	0.00814	0.00586	0.00315	0.00938
6	0.01758	0.01800	0.06805	0.11446	0.34536	0.08078	0.01750	0.12600	0.05082	0.02338	0.01302	0.01608	0.01038	0.00693	0.00758	0.00205	0.06280	0.00573	0.00385	0.00965
7	0.07914	0.01867	0.01881	0.01497	0.01948	0.08360	0.01224	0.51274	0.05232	0.03567	0.01464	0.01531	0.01078	0.00803	0.00765	0.00204	0.07222	0.00565	0.00581	0.01022
8	0.12984	0.08432	0.01939	0.06820	0.02012	0.10642	0.01234	0.25895	0.03656	0.04379	0.01251	0.01440	0.00976	0.00792	0.00873	0.00209	0.14592	0.00520	0.00461	0.00892
9	0.11428	0.04865	0.07703	0.01242	0.01650	0.01436	0.01079	0.21462	0.08083	0.08265	0.06183	0.13309	0.05082	0.01046	0.00699	0.00216	0.02521	0.02279	0.00575	0.00877
10	0.07889	0.05352	0.06894	0.06228	0.05839	0.01748	0.01297	0.40234	0.02332	0.06415	0.01654	0.08160	0.01346	0.00849	0.00642	0.00204	0.00700	0.00672	0.00557	0.00986

[dist]
# distance from previous block
# <min> <max>
1	13

[block]
# block no. 1 follows, 33 sequences, length 9
# corresponding to MSA columns:
# 96-104
name=unknown_B
#
# <colnr> <probs for GDERKNQSTAVLIFYWHMCP>
#	G	D	E	R	K	N	Q	S	T	A	V	L	I	F	Y	W	H	M	C	P
0	0.07399	0.01457	0.01692	0.01333	0.01783	0.04778	0.04959	0.23909	0.04331	0.17353	0.09036	0.03840	0.01786	0.00832	0.00690	0.00194	0.02962	0.00667	0.00603	0.10395
1	0.01691	0.23971	0.14061	0.04478	0.17820	0.06003	0.01558	0.05309	0.14848	0.02120	0.01409	0.01558	0.01122	0.00661	0.00581	0.00186	0.00764	0.00523	0.00385	0.00951
2	0.01208	0.00904	0.01442	0.01196	0.01474	0.00831	0.12593	0.01544	0.01767	0.08606	0.45738	0.04375	0.10152	0.01212	0.00773	0.00215	0.00484	0.04132	0.00651	0.00704
3	0.01538	0.01819	0.13583	0.10996	0.51012	0.01554	0.05926	0.02000	0.01466	0.02090	0.01228	0.01614	0.00991	0.00598	0.00655	0.00201	0.00840	0.00582	0.00315	0.00991
4	0.00823	0.00628	0.00757	0.00811	0.00939	0.00561	0.00575	0.00999	0.01478	0.01929	0.20060	0.36351	0.28180	0.01766	0.00805	0.00238	0.00349	0.01554	0.00637	0.00561
5	0.02356	0.01609	0.01773	0.01411	0.01895	0.01753	0.01149	0.41723	0.20568	0.15604	0.02038	0.01920	0.01437	0.00821	0.00662	0.00205	0.00644	0.00644	0.00688	0.01100
6	0.01574	0.05918	0.09098	0.10045	0.56334	0.01610	0.01991	0.01993	0.01464	0.02069	0.01209	0.01587	0.00998	0.00595	0.00637	0.00196	0.00804	0.00564	0.00316	0.00998
7	0.01621	0.18816	0.43555	0.01712	0.02490	0.09307	0.04750	0.06758	0.01550	0.02063	0.01141	0.01327	0.00864	0.00626	0.00588	0.00190	0.00927	0.00471	0.00313	0.00931
8	0.01760	0.77260	0.03450	0.01126	0.01690	0.02605	0.01126	0.01971	0.01338	0.01549	0.00915	0.01056	0.00845	0.00563	0.00422	0.00141	0.00704	0.00352	0.00282	0.00845

[dist]
# distance from previous block
# <min> <max>
5	7

[block]
# block no. 2 follows, 33 sequences, length 25
# corresponding to MSA columns:
# 112-136
name=unknown_C
#
# <colnr> <probs for GDERKNQSTAVLIFYWHMCP>
#	G	D	E	R	K	N	Q	S	T	A	V	L	I	F	Y	W	H	M	C	P
0	0.01766	0.01402	0.01516	0.01304	0.01720	0.01545	0.01026	0.08491	0.54251	0.07587	0.02432	0.02261	0.01808	0.00838	0.00650	0.00207	0.00536	0.00690	0.00650	0.09322
1	0.05452	0.01217	0.01598	0.08877	0.02000	0.01176	0.01080	0.09883	0.04961	0.53208	0.02290	0.02091	0.01484	0.00792	0.00653	0.00206	0.00606	0.00640	0.00724	0.01062
2	0.02411	0.01849	0.01921	0.01504	0.02007	0.04759	0.01230	0.61021	0.10139	0.03907	0.01673	0.01656	0.01201	0.00797	0.00657	0.00199	0.00721	0.00602	0.00648	0.01098
3	0.00904	0.00672	0.00841	0.00799	0.00966	0.00609	0.00599	0.01188	0.01797	0.02483	0.60409	0.05176	0.18311	0.01405	0.00777	0.00210	0.00315	0.01227	0.00704	0.00609
4	0.02190	0.01484	0.01802	0.01491	0.01749	0.08414	0.01225	0.04729	0.01518	0.30866	0.01610	0.01747	0.01183	0.00957	0.01350	0.00239	0.35426	0.00597	0.00520	0.00901
5	0.01760	0.77260	0.03450	0.01126	0.01690	0.02605	0.01126	0.01971	0.01338	0.01549	0.00915	0.01056	0.00845	0.00563	0.00422	0.00141	0.00704	0.00352	0.00282	0.00845
6	0.01365	0.01170	0.01365	0.00975	0.01560	0.00878	0.00780	0.01658	0.01365	0.02145	0.01170	0.01365	0.00975	0.00488	0.00488	0.00098	0.00488	0.00390	0.00390	0.80888
7	0.00800	0.00668	0.00698	0.00690	0.00903	0.00565	0.00518	0.00988	0.01553	0.01904	0.16237	0.06129	0.62844	0.01620	0.00778	0.00220	0.00330	0.01360	0.00628	0.00565
8	0.00802	0.00573	0.00764	0.00917	0.00955	0.00535	0.00611	0.00917	0.01260	0.01681	0.03628	0.76434	0.04354	0.02062	0.00840	0.00267	0.00382	0.01872	0.00611	0.00535
9	0.01512	0.24695	0.50363	0.01632	0.02468	0.01818	0.01997	0.02096	0.01394	0.04725	0.01160	0.01327	0.00868	0.00615	0.00568	0.00189	0.00879	0.00454	0.00300	0.00942
10	0.02954	0.01120	0.01528	0.01171	0.01681	0.00968	0.00968	0.03208	0.01884	0.73213	0.02597	0.02241	0.01630	0.00815	0.00662	0.00204	0.00560	0.00662	0.00815	0.01120
11	0.00932	0.00673	0.00880	0.00828	0.00984	0.00621	0.00621	0.01242	0.01863	0.02640	0.72410	0.04918	0.06212	0.01346	0.00776	0.00207	0.00311	0.01191	0.00725	0.00621
12	0.01757	0.02062	0.03196	0.02402	0.02916	0.18965	0.46256	0.02174	0.01567	0.01932	0.01205	0.01598	0.00948	0.00651	0.00887	0.00217	0.09428	0.00671	0.00329	0.00840
13	0.01320	0.03405	0.73453	0.01876	0.02849	0.01529	0.02432	0.02085	0.01390	0.02085	0.01181	0.01390	0.00834	0.00625	0.00625	0.00208	0.00973	0.00486	0.00278	0.00973
14	0.02878	0.01106	0.01509	0.01173	0.01668	0.00959	0.00971	0.03135	0.01870	0.70369	0.02633	0.02448	0.01716	0.00855	0.00672	0.00208	0.00562	0.03363	0.00806	0.01100
15	0.01554	0.01776	0.03885	0.02775	0.03441	0.01665	0.70366	0.02109	0.01554	0.02109	0.01332	0.01776	0.00999	0.00555	0.00777	0.00222	0.01110	0.00777	0.00333	0.00888
16	0.01365	0.01170	0.01365	0.00975	0.01560	0.00878	0.00780	0.01658	0.01365	0.02145	0.01170	0.01365	0.00975	0.00488	0.00488	0.00098	0.00488	0.00390	0.00390	0.80888
17	0.00957	0.00638	0.00718	0.00718	0.00718	0.00638	0.00399	0.00957	0.00957	0.01276	0.02074	0.04308	0.02393	0.76864	0.03351	0.00638	0.00638	0.00957	0.00399	0.00399
18	0.01320	0.03405	0.73453	0.01876	0.02849	0.01529	0.02432	0.02085	0.01390	0.02085	0.01181	0.01390	0.00834	0.00625	0.00625	0.00208	0.00973	0.00486	0.00278	0.00973
19	0.01554	0.01776	0.03885	0.02775	0.03441	0.01665	0.70366	0.02109	0.01554	0.02109	0.01332	0.01776	0.00999	0.00555	0.00777	0.00222	0.01110	0.00777	0.00333	0.00888
20	0.02873	0.01105	0.01508	0.01173	0.01667	0.00959	0.00972	0.03129	0.01868	0.70167	0.02635	0.02462	0.01722	0.00858	0.00673	0.00208	0.00562	0.03555	0.00806	0.01098
21	0.07123	0.01103	0.01459	0.01135	0.01618	0.00975	0.00934	0.03024	0.01841	0.65270	0.06571	0.02333	0.01846	0.00835	0.00655	0.00204	0.00543	0.00676	0.00787	0.01069
22	0.12172	0.53473	0.08679	0.01159	0.01730	0.02201	0.01164	0.02104	0.01370	0.09196	0.01111	0.01208	0.00908	0.00601	0.00462	0.00161	0.00686	0.00396	0.00353	0.00867
23	0.01681	0.03976	0.01629	0.01353	0.01725	0.01564	0.03677	0.05233	0.50260	0.07584	0.02569	0.02462	0.04585	0.01120	0.04736	0.00266	0.03239	0.00739	0.00621	0.00982
24	0.01319	0.03511	0.01040	0.00873	0.00997	0.00929	0.00579	0.11246	0.01332	0.05629	0.01991	0.03685	0.02112	0.58983	0.02710	0.00533	0.00649	0.00867	0.00455	0.00559

[dist]
# distance from previous block
# <min> <max>
0	4

[block]
# block no. 3 follows, 33 sequences, length 11
# corresponding to MSA columns:
# 141-151
name=unknown_D
#
# <colnr> <probs for GDERKNQSTAVLIFYWHMCP>
#	G	D	E	R	K	N	Q	S	T	A	V	L	I	F	Y	W	H	M	C	P
0	0.12709	0.01455	0.13181	0.01203	0.01609	0.04160	0.01124	0.04606	0.01507	0.06074	0.05256	0.12135	0.05462	0.01159	0.00688	0.00223	0.00617	0.16798	0.00508	0.09526
1	0.02161	0.02648	0.02201	0.02095	0.10620	0.52136	0.11121	0.02410	0.01752	0.01749	0.01200	0.04534	0.01042	0.00709	0.00637	0.00184	0.01094	0.00555	0.00348	0.00804
2	0.01322	0.01262	0.02065	0.54531	0.12201	0.01567	0.01787	0.01706	0.01287	0.01722	0.01127	0.01688	0.00895	0.00732	0.00908	0.00228	0.13327	0.00584	0.00296	0.00767
3	0.01704	0.01798	0.02654	0.11050	0.10373	0.11939	0.26659	0.05412	0.13270	0.02163	0.01468	0.01761	0.01134	0.00688	0.00775	0.00214	0.04986	0.00659	0.00397	0.00895
4	0.02015	0.01478	0.01644	0.01372	0.01764	0.01609	0.01118	0.49155	0.02566	0.03429	0.02192	0.14882	0.02037	0.01148	0.00724	0.00224	0.00651	0.10401	0.00643	0.00949
5	0.01014	0.00717	0.00989	0.00975	0.01079	0.00823	0.00741	0.01229	0.01097	0.01655	0.01822	0.02715	0.01705	0.12639	0.50092	0.00821	0.04884	0.00714	0.13713	0.00576
6	0.12604	0.00936	0.01038	0.00959	0.01142	0.01008	0.00698	0.12751	0.01468	0.02201	0.08259	0.11172	0.02381	0.26593	0.13527	0.00492	0.00760	0.00893	0.00489	0.00629
7	0.13474	0.14213	0.01939	0.01267	0.01770	0.04781	0.01068	0.28758	0.05887	0.11421	0.01496	0.01511	0.01101	0.00704	0.00567	0.00181	0.00658	0.00510	0.00542	0.08153
8	0.08723	0.01719	0.02064	0.04771	0.02206	0.14206	0.16505	0.07084	0.16499	0.12415	0.03964	0.01970	0.01452	0.02610	0.00725	0.00217	0.00798	0.00653	0.00514	0.00905
9	0.13191	0.14053	0.26395	0.13722	0.02470	0.01653	0.01595	0.02127	0.11265	0.02137	0.01417	0.04772	0.01145	0.00719	0.00582	0.00204	0.00756	0.00559	0.00370	0.00865
10	0.14116	0.13782	0.17014	0.01314	0.01818	0.05558	0.01285	0.11581	0.01659	0.02465	0.12993	0.01893	0.01762	0.00788	0.00683	0.00193	0.05632	0.00575	0.00436	0.04450

[dist]
# distance from previous block
# <min> <max>
0	6

[block]
# block no. 4 follows, 33 sequences, length 64
# corresponding to MSA columns:
# 158-221
name=unknown_E
#
# <colnr> <probs for GDERKNQSTAVLIFYWHMCP>
#	G	D	E	R	K	N	Q	S	T	A	V	L	I	F	Y	W	H	M	C	P
0	0.00985	0.00766	0.00941	0.00967	0.01145	0.00706	0.00698	0.01302	0.07632	0.01879	0.03319	0.48518	0.07926	0.01654	0.00766	0.00234	0.00423	0.05559	0.00579	0.14001
1	0.01342	0.01206	0.01984	0.43621	0.20031	0.01374	0.03442	0.01792	0.03497	0.01928	0.01413	0.03678	0.01136	0.00693	0.00641	0.00207	0.00770	0.00630	0.09816	0.00800
2	0.01760	0.77260	0.03450	0.01126	0.01690	0.02605	0.01126	0.01971	0.01338	0.01549	0.00915	0.01056	0.00845	0.00563	0.00422	0.00141	0.00704	0.00352	0.00282	0.00845
3	0.00914	0.00672	0.00856	0.00810	0.00973	0.00614	0.00607	0.01208	0.01822	0.02542	0.64905	0.05079	0.13778	0.01383	0.00777	0.00209	0.00313	0.01213	0.00712	0.00614
4	0.00957	0.00638	0.00718	0.00718	0.00718	0.00638	0.00399	0.00957	0.00957	0.01276	0.02074	0.04308	0.02393	0.76864	0.03351	0.00638	0.00638	0.00957	0.00399	0.00399
5	0.81514	0.01273	0.00968	0.00866	0.01273	0.01477	0.00713	0.01935	0.01120	0.02954	0.00917	0.01069	0.00713	0.00611	0.00407	0.00204	0.00509	0.00356	0.00407	0.00713
6	0.01622	0.01680	0.03516	0.07458	0.09643	0.01602	0.55793	0.02137	0.01553	0.06204	0.01386	0.01788	0.01032	0.00579	0.00751	0.00218	0.01034	0.00741	0.00358	0.00905
7	0.01472	0.01181	0.01381	0.01006	0.01575	0.00925	0.00805	0.01848	0.05252	0.06291	0.01336	0.01476	0.01070	0.00529	0.00508	0.00111	0.00494	0.00425	0.00430	0.71886
8	0.00792	0.00667	0.00686	0.00681	0.00898	0.00562	0.00511	0.00972	0.01533	0.01856	0.12582	0.06208	0.66529	0.01638	0.00778	0.00221	0.00331	0.01372	0.00622	0.00562
9	0.01703	0.08134	0.04220	0.05928	0.02210	0.10891	0.14361	0.02398	0.18146	0.06682	0.07980	0.02061	0.01688	0.00819	0.00844	0.00214	0.09712	0.00674	0.00466	0.00869
10	0.01543	0.01790	0.07105	0.02358	0.07304	0.06912	0.42220	0.02154	0.07697	0.02195	0.10222	0.02149	0.01715	0.00698	0.00737	0.00214	0.00936	0.00770	0.00408	0.00874
11	0.01598	0.01158	0.01398	0.01025	0.01569	0.00921	0.00825	0.01880	0.01445	0.12934	0.03199	0.01591	0.01205	0.00580	0.00574	0.00122	0.02871	0.00458	0.00460	0.64186
12	0.01760	0.77260	0.03450	0.01126	0.01690	0.02605	0.01126	0.01971	0.01338	0.01549	0.00915	0.01056	0.00845	0.00563	0.00422	0.00141	0.00704	0.00352	0.00282	0.00845
13	0.00833	0.00669	0.00743	0.00724	0.00923	0.00579	0.00543	0.01051	0.01629	0.02085	0.30026	0.05832	0.48942	0.01553	0.00777	0.00217	0.00325	0.01319	0.00652	0.00579
14	0.02503	0.01844	0.01976	0.01515	0.02042	0.02042	0.01251	0.70562	0.03095	0.04149	0.01581	0.01581	0.01120	0.00790	0.00659	0.00198	0.00724	0.00593	0.00659	0.01120
15	0.02459	0.03138	0.01866	0.01696	0.02035	0.74221	0.01272	0.02629	0.01866	0.01611	0.01018	0.01187	0.00848	0.00678	0.00594	0.00170	0.01187	0.00424	0.00339	0.00763
16	0.01365	0.01170	0.01365	0.00975	0.01560	0.00878	0.00780	0.01658	0.01365	0.02145	0.01170	0.01365	0.00975	0.00488	0.00488	0.00098	0.00488	0.00390	0.00390	0.80888
17	0.01589	0.01365	0.01447	0.01315	0.01668	0.01574	0.01017	0.03349	0.67495	0.02692	0.02734	0.06741	0.02145	0.00961	0.00680	0.00226	0.00513	0.00810	0.00666	0.01013
18	0.01243	0.01170	0.01975	0.75282	0.04534	0.01463	0.01828	0.01682	0.01316	0.01682	0.01170	0.01755	0.00878	0.00658	0.00658	0.00219	0.00878	0.00585	0.00293	0.00731
19	0.02825	0.01327	0.01656	0.01269	0.01784	0.01274	0.01049	0.22453	0.02230	0.53480	0.02307	0.02052	0.01484	0.00808	0.00661	0.00202	0.00607	0.00642	0.00770	0.01120
20	0.01243	0.01170	0.01975	0.75282	0.04534	0.01463	0.01828	0.01682	0.01316	0.01682	0.01170	0.01755	0.00878	0.00658	0.00658	0.00219	0.00878	0.00585	0.00293	0.00731
21	0.01760	0.77260	0.03450	0.01126	0.01690	0.02605	0.01126	0.01971	0.01338	0.01549	0.00915	0.01056	0.00845	0.00563	0.00422	0.00141	0.00704	0.00352	0.00282	0.00845
22	0.01320	0.03405	0.73453	0.01876	0.02849	0.01529	0.02432	0.02085	0.01390	0.02085	0.01181	0.01390	0.00834	0.00625	0.00625	0.00208	0.00973	0.00486	0.00278	0.00973
23	0.01243	0.01170	0.01975	0.75282	0.04534	0.01463	0.01828	0.01682	0.01316	0.01682	0.01170	0.01755	0.00878	0.00658	0.00658	0.00219	0.00878	0.00585	0.00293	0.00731
24	0.01365	0.01170	0.01365	0.00975	0.01560	0.00878	0.00780	0.01658	0.01365	0.02145	0.01170	0.01365	0.00975	0.00488	0.00488	0.00098	0.00488	0.00390	0.00390	0.80888
25	0.00817	0.00584	0.00781	0.00934	0.00979	0.00548	0.00637	0.00943	0.01275	0.01697	0.03620	0.72437	0.04321	0.02048	0.00844	0.00269	0.00395	0.05721	0.00611	0.00539
26	0.01760	0.77260	0.03450	0.01126	0.01690	0.02605	0.01126	0.01971	0.01338	0.01549	0.00915	0.01056	0.00845	0.00563	0.00422	0.00141	0.00704	0.00352	0.00282	0.00845
27	0.01637	0.01414	0.01489	0.01340	0.01712	0.01637	0.01042	0.03498	0.71568	0.02754	0.02679	0.02456	0.02010	0.00893	0.00670	0.00223	0.00521	0.00744	0.00670	0.01042
28	0.00778	0.00667	0.00667	0.00667	0.00889	0.00556	0.00500	0.00945	0.01501	0.01778	0.06669	0.06336	0.72490	0.01667	0.00778	0.00222	0.00333	0.01389	0.00611	0.00556
29	0.01243	0.01170	0.01975	0.75282	0.04534	0.01463	0.01828	0.01682	0.01316	0.01682	0.01170	0.01755	0.00878	0.00658	0.00658	0.00219	0.00878	0.00585	0.00293	0.00731
30	0.44762	0.01519	0.01425	0.01158	0.01621	0.01711	0.00956	0.32053	0.02007	0.05370	0.01253	0.01325	0.00916	0.00695	0.00524	0.00201	0.00605	0.00468	0.00528	0.00902
31	0.00957	0.00638	0.00718	0.00718	0.00718	0.00638	0.00399	0.00957	0.00957	0.01276	0.02074	0.04308	0.02393	0.76864	0.03351	0.00638	0.00638	0.00957	0.00399	0.00399
32	0.01320	0.03405	0.73453	0.01876	0.02849	0.01529	0.02432	0.02085	0.01390	0.02085	0.01181	0.01390	0.00834	0.00625	0.00625	0.00208	0.00973	0.00486	0.00278	0.00973
33	0.00940	0.00705	0.01058	0.01058	0.01176	0.00823	0.00823	0.01176	0.01058	0.01528	0.01763	0.02586	0.01646	0.04937	0.74255	0.01058	0.01763	0.00705	0.00353	0.00588
34	0.02853	0.01282	0.01628	0.01248	0.01761	0.01207	0.01031	0.18227	0.02154	0.57813	0.02371	0.02094	0.01516	0.00809	0.00661	0.00202	0.00597	0.00647	0.00780	0.01120
35	0.00857	0.00670	0.00776	0.00749	0.00937	0.00589	0.00562	0.01097	0.01686	0.02219	0.40266	0.05611	0.38619	0.01503	0.00777	0.00215	0.00322	0.01288	0.00669	0.00589
36	0.02369	0.01778	0.01901	0.01488	0.01991	0.01979	0.01219	0.60219	0.13656	0.03934	0.01750	0.01716	0.01257	0.00806	0.00660	0.00202	0.00693	0.00616	0.00660	0.01108
37	0.81514	0.01273	0.00968	0.00866	0.01273	0.01477	0.00713	0.01935	0.01120	0.02954	0.00917	0.01069	0.00713	0.00611	0.00407	0.00204	0.00509	0.00356	0.00407	0.00713
38	0.01760	0.77260	0.03450	0.01126	0.01690	0.02605	0.01126	0.01971	0.01338	0.01549	0.00915	0.01056	0.00845	0.00563	0.00422	0.00141	0.00704	0.00352	0.00282	0.00845
39	0.01382	0.01225	0.01592	0.01137	0.01729	0.00948	0.07038	0.01698	0.01382	0.02142	0.01185	0.01402	0.00977	0.00494	0.00514	0.00109	0.00544	0.00425	0.00385	0.73693
40	0.01675	0.01339	0.01719	0.06133	0.01940	0.01451	0.07279	0.26946	0.11902	0.02937	0.15264	0.02651	0.04840	0.01391	0.09203	0.00307	0.00768	0.00785	0.00583	0.00887
41	0.01144	0.00572	0.00858	0.00858	0.00858	0.00572	0.00572	0.00858	0.00858	0.01144	0.01144	0.02001	0.01144	0.02287	0.02573	0.80846	0.00572	0.00572	0.00286	0.00286
42	0.18395	0.01149	0.01345	0.01128	0.01533	0.01141	0.00929	0.10174	0.01755	0.35890	0.02248	0.02851	0.01765	0.05446	0.00808	0.00244	0.00580	0.11046	0.00658	0.00916
43	0.01663	0.01879	0.06149	0.02623	0.04948	0.03986	0.57643	0.08446	0.01699	0.02282	0.01337	0.01722	0.01000	0.00584	0.00752	0.00217	0.01064	0.00733	0.00361	0.00912
44	0.01513	0.01696	0.03632	0.12365	0.03585	0.01638	0.61301	0.02052	0.01522	0.02052	0.01310	0.01773	0.00983	0.00569	0.00761	0.00222	0.01079	0.00752	0.00328	0.00867
45	0.00801	0.00578	0.00758	0.00902	0.00951	0.00536	0.00605	0.00918	0.01275	0.01686	0.03809	0.72267	0.08404	0.02039	0.00837	0.00265	0.00379	0.01843	0.00611	0.00536
46	0.01349	0.08154	0.68952	0.01828	0.02775	0.01598	0.02348	0.02078	0.01387	0.02050	0.01164	0.01368	0.00835	0.00621	0.00612	0.00204	0.00956	0.00478	0.00278	0.00965
47	0.01693	0.01442	0.01520	0.01351	0.01733	0.01663	0.01055	0.07810	0.67165	0.02844	0.02609	0.02400	0.01952	0.00887	0.00669	0.00222	0.00534	0.00735	0.00669	0.01047
48	0.01699	0.01439	0.01918	0.01427	0.01958	0.05863	0.12867	0.04482	0.01528	0.10365	0.01347	0.01539	0.01044	0.00608	0.00690	0.00153	0.06003	0.00511	0.00429	0.44133
49	0.01521	0.01617	0.03154	0.13696	0.03294	0.01629	0.47169	0.02296	0.14269	0.02160	0.01552	0.01897	0.01164	0.00632	0.00739	0.00222	0.00967	0.00741	0.00388	0.00892
50	0.00932	0.00697	0.01041	0.01050	0.01162	0.00806	0.00810	0.01160	0.01070	0.01537	0.01874	0.06976	0.01807	0.04767	0.69891	0.01011	0.01681	0.00775	0.00368	0.00585
51	0.81514	0.01273	0.00968	0.00866	0.01273	0.01477	0.00713	0.01935	0.01120	0.02954	0.00917	0.01069	0.00713	0.00611	0.00407	0.00204	0.00509	0.00356	0.00407	0.00713
52	0.00957	0.00638	0.00718	0.00718	0.00718	0.00638	0.00399	0.00957	0.00957	0.01276	0.02074	0.04308	0.02393	0.76864	0.03351	0.00638	0.00638	0.00957	0.00399	0.00399
53	0.01440	0.01405	0.02065	0.47323	0.03597	0.05691	0.05634	0.05030	0.04435	0.01847	0.01201	0.01691	0.00941	0.00757	0.00927	0.00228	0.14092	0.00593	0.00330	0.00772
54	0.00959	0.00705	0.00911	0.00838	0.01020	0.00638	0.00631	0.01269	0.01832	0.02608	0.67866	0.04691	0.05878	0.01291	0.00758	0.00200	0.00322	0.01140	0.00703	0.05741
55	0.01266	0.01193	0.02015	0.71155	0.08486	0.01469	0.01839	0.01702	0.01327	0.01709	0.01174	0.01748	0.00887	0.00654	0.00658	0.00218	0.00872	0.00585	0.00294	0.00749
56	0.01376	0.01206	0.01515	0.01082	0.01672	0.00924	0.04916	0.01684	0.01376	0.02143	0.01180	0.01390	0.00977	0.00492	0.00505	0.00105	0.00525	0.00413	0.00387	0.76133
57	0.15539	0.59356	0.07521	0.01130	0.01692	0.02340	0.01139	0.01972	0.01303	0.01827	0.00933	0.01080	0.00821	0.00576	0.00433	0.00156	0.00688	0.00361	0.00303	0.00830
58	0.00957	0.00638	0.00718	0.00718	0.00718	0.00638	0.00399	0.00957	0.00957	0.01276	0.02074	0.04308	0.02393	0.76864	0.03351	0.00638	0.00638	0.00957	0.00399	0.00399
59	0.01434	0.01163	0.01492	0.01101	0.01647	0.00921	0.04790	0.01736	0.01392	0.06218	0.01362	0.01682	0.01133	0.00812	0.04911	0.00174	0.00607	0.02355	0.00415	0.64653
60	0.13401	0.01227	0.01481	0.01288	0.01600	0.05106	0.08329	0.10075	0.06244	0.08887	0.03945	0.19988	0.02345	0.05673	0.00861	0.00255	0.00624	0.07347	0.00554	0.00770
61	0.05843	0.00712	0.00853	0.00854	0.00937	0.00728	0.00575	0.01193	0.01102	0.05539	0.02257	0.12398	0.02457	0.44499	0.12749	0.00585	0.00755	0.04998	0.00453	0.00513
62	0.32355	0.01617	0.01503	0.01262	0.01684	0.11832	0.04827	0.09417	0.13837	0.07490	0.01489	0.01605	0.01139	0.02836	0.00630	0.00210	0.00670	0.00521	0.00492	0.04583
63	0.13093	0.05759	0.05900	0.01307	0.01772	0.14948	0.01103	0.11850	0.13018	0.12257	0.04907	0.01767	0.01419	0.00744	0.00591	0.00188	0.00700	0.00555	0.00526	0.07598

[dist]
# distance from previous block
# <min> <max>
9	26

[block]
# block no. 5 follows, 33 sequences, length 13
# corresponding to MSA columns:
# 250-262
name=unknown_F
#
# <colnr> <probs for GDERKNQSTAVLIFYWHMCP>
#	G	D	E	R	K	N	Q	S	T	A	V	L	I	F	Y	W	H	M	C	P
0	0.05182	0.00971	0.01515	0.01327	0.01592	0.01012	0.10840	0.04228	0.01324	0.03926	0.01952	0.05818	0.01847	0.03036	0.38205	0.00652	0.01252	0.09951	0.00425	0.04945
1	0.29723	0.01418	0.01854	0.09460	0.02183	0.03293	0.13124	0.09068	0.01539	0.12858	0.01362	0.01574	0.01005	0.00860	0.03625	0.00246	0.04958	0.00551	0.00456	0.00843
2	0.01403	0.10133	0.54603	0.01963	0.02843	0.01655	0.14224	0.02078	0.01414	0.02038	0.01183	0.01426	0.00864	0.00607	0.00633	0.00204	0.00971	0.00525	0.00288	0.00946
3	0.01554	0.01776	0.03885	0.02775	0.03441	0.01665	0.70366	0.02109	0.01554	0.02109	0.01332	0.01776	0.00999	0.00555	0.00777	0.00222	0.01110	0.00777	0.00333	0.00888
4	0.18499	0.01174	0.01378	0.01075	0.01574	0.01080	0.00880	0.02637	0.04490	0.41172	0.01961	0.01829	0.01322	0.00708	0.00574	0.00182	0.00533	0.00546	0.00637	0.17748
5	0.00922	0.00673	0.00867	0.00818	0.00978	0.00617	0.00614	0.01224	0.01841	0.02588	0.68407	0.05004	0.10247	0.01365	0.00777	0.00208	0.00312	0.01203	0.00718	0.00617
6	0.00943	0.00695	0.01004	0.01004	0.01103	0.00794	0.00756	0.01141	0.01042	0.01488	0.01813	0.02859	0.01764	0.16312	0.63042	0.00992	0.01585	0.00745	0.00360	0.00558
7	0.01592	0.01911	0.11023	0.02425	0.03080	0.01668	0.50359	0.06115	0.10475	0.02302	0.01500	0.01809	0.01116	0.00619	0.00740	0.00219	0.00999	0.00731	0.00388	0.00930
8	0.02380	0.01296	0.01500	0.01147	0.01668	0.06709	0.00928	0.02641	0.01708	0.43650	0.01992	0.01863	0.01348	0.00694	0.00598	0.00165	0.00585	0.00552	0.00634	0.27942
9	0.01480	0.01397	0.01689	0.01328	0.04886	0.06757	0.07148	0.01791	0.01427	0.02100	0.01176	0.01400	0.00970	0.00513	0.00529	0.00119	0.00612	0.00436	0.00378	0.63864
10	0.01711	0.01204	0.01998	0.05299	0.05989	0.01123	0.18125	0.02140	0.04747	0.20212	0.18934	0.02783	0.04741	0.00863	0.00707	0.00202	0.00650	0.00815	0.00575	0.07182
11	0.04476	0.04304	0.01515	0.04470	0.01637	0.01245	0.00959	0.09052	0.03881	0.05715	0.18146	0.02310	0.02260	0.00858	0.00819	0.00180	0.10803	0.00657	0.00505	0.26208
12	0.07497	0.07670	0.06254	0.07300	0.05515	0.10015	0.02796	0.10750	0.11947	0.07292	0.09243	0.03647	0.01771	0.00815	0.00663	0.00199	0.02408	0.00648	0.00500	0.03068

[dist]
# distance from previous block
# <min> <max>
1	8

[block]
# block no. 6 follows, 33 sequences, length 14
# corresponding to MSA columns:
# 271-284
name=unknown_G
#
# <colnr> <probs for GDERKNQSTAVLIFYWHMCP>
#	G	D	E	R	K	N	Q	S	T	A	V	L	I	F	Y	W	H	M	C	P
0	0.15354	0.04282	0.09182	0.13203	0.16319	0.01544	0.17955	0.02129	0.03809	0.08107	0.01340	0.01623	0.01006	0.00626	0.00632	0.00208	0.00816	0.00586	0.00383	0.00896
1	0.04661	0.01728	0.08502	0.03214	0.45582	0.01595	0.10723	0.04577	0.08649	0.02301	0.01392	0.01689	0.01108	0.00625	0.00659	0.00203	0.00801	0.00610	0.00372	0.01007
2	0.01620	0.01586	0.02783	0.03774	0.61107	0.01580	0.10781	0.02088	0.04196	0.02168	0.01306	0.01680	0.01074	0.00594	0.00669	0.00200	0.00814	0.00617	0.00340	0.01023
3	0.01672	0.01529	0.02457	0.16548	0.51365	0.01607	0.01887	0.10783	0.01672	0.02324	0.01270	0.01646	0.01023	0.00626	0.00654	0.00200	0.00792	0.00587	0.00363	0.00997
4	0.01629	0.01564	0.02672	0.04041	0.72757	0.01564	0.02020	0.02020	0.01499	0.02151	0.01238	0.01629	0.01043	0.00587	0.00652	0.00196	0.00782	0.00587	0.00326	0.01043
5	0.01524	0.01845	0.15332	0.12822	0.51383	0.01545	0.02070	0.01988	0.01456	0.02079	0.01219	0.01602	0.00984	0.00603	0.00648	0.00201	0.00829	0.00568	0.00313	0.00990
6	0.01273	0.01186	0.01984	0.62201	0.12571	0.01426	0.01766	0.01680	0.01317	0.01715	0.01232	0.01892	0.00988	0.05198	0.00818	0.00242	0.00852	0.00607	0.00303	0.00749
7	0.55211	0.01385	0.01061	0.00956	0.01287	0.09255	0.00739	0.04614	0.01252	0.02554	0.01163	0.01686	0.01047	0.14361	0.00968	0.00278	0.00615	0.00482	0.00409	0.00678
8	0.00874	0.00595	0.00753	0.00846	0.00869	0.00572	0.00537	0.00927	0.01135	0.01514	0.02964	0.47823	0.03511	0.27527	0.01789	0.04798	0.00480	0.01489	0.00521	0.00475
9	0.00991	0.00626	0.00743	0.00743	0.00743	0.00626	0.00430	0.00939	0.00939	0.01253	0.01907	0.03893	0.02168	0.63431	0.03211	0.15086	0.00626	0.00888	0.00379	0.00379
10	0.58328	0.01377	0.01388	0.01516	0.14225	0.01554	0.01014	0.07510	0.01346	0.02865	0.01027	0.01223	0.00810	0.00637	0.00524	0.00204	0.02813	0.00424	0.00410	0.00806
11	0.01306	0.01597	0.14806	0.40075	0.13122	0.01426	0.01799	0.01884	0.07023	0.01906	0.01508	0.07934	0.01273	0.00778	0.00667	0.00218	0.00812	0.00687	0.00351	0.00827
12	0.08126	0.01762	0.15068	0.08867	0.41820	0.01464	0.01878	0.01934	0.01435	0.02150	0.01413	0.02110	0.01230	0.00720	0.00652	0.00211	0.00785	0.07091	0.00348	0.00935
13	0.01542	0.01863	0.15364	0.09571	0.54496	0.01549	0.02079	0.02004	0.01464	0.02100	0.01222	0.01597	0.00991	0.00600	0.00648	0.00200	0.00824	0.00568	0.00314	0.01004

[dist]
# distance from previous block
# <min> <max>
0	10

# created by:
# /home/berkeley/.conda/envs/busco_data_prod/bin/msa2prfl.pl pipeline/OGs_align_augustus/4893/18413.fs
