[name]
unknown

[dist]
# distance from previous block
# <min> <max>
0	53

[block]
# block no. 0 follows, 29 sequences, length 13
# corresponding to MSA columns:
# 65-77
name=unknown_A
#
# <colnr> <probs for GDERKNQSTAVLIFYWHMCP>
#	G	D	E	R	K	N	Q	S	T	A	V	L	I	F	Y	W	H	M	C	P
0	0.01542	0.01267	0.01544	0.09762	0.08254	0.04497	0.01150	0.10439	0.04865	0.04886	0.10224	0.11651	0.12281	0.01227	0.00766	0.00228	0.00631	0.05849	0.00586	0.08351
1	0.06947	0.06335	0.09751	0.04915	0.11009	0.04644	0.01361	0.08719	0.06211	0.02347	0.01854	0.09181	0.03534	0.04603	0.01028	0.05296	0.04150	0.00758	0.00455	0.06902
2	0.01021	0.00730	0.00890	0.00964	0.01043	0.00709	0.00644	0.05242	0.01430	0.01892	0.03620	0.49202	0.08447	0.18906	0.01519	0.00374	0.00497	0.01673	0.00611	0.00586
3	0.01477	0.01266	0.01477	0.01055	0.01687	0.00949	0.00844	0.01793	0.01477	0.02320	0.01266	0.01477	0.01055	0.00527	0.00527	0.00105	0.00527	0.00422	0.00422	0.79328
4	0.01445	0.01224	0.01619	0.01672	0.11591	0.01228	0.04007	0.06324	0.16967	0.02666	0.19973	0.08846	0.09732	0.01154	0.00762	0.00221	0.00555	0.01017	0.00629	0.08368
5	0.00890	0.00711	0.00803	0.00849	0.01036	0.00624	0.00637	0.01085	0.01600	0.01990	0.10696	0.20631	0.45620	0.01882	0.00870	0.00258	0.00400	0.08142	0.00669	0.00607
6	0.07115	0.02046	0.07670	0.12638	0.06010	0.15468	0.10246	0.05727	0.07396	0.13598	0.01641	0.01823	0.01201	0.00767	0.00756	0.00223	0.03587	0.00630	0.00486	0.00972
7	0.01619	0.01264	0.01403	0.01295	0.01627	0.01393	0.01001	0.02995	0.44985	0.07053	0.10107	0.11030	0.05874	0.01226	0.00772	0.00247	0.00522	0.03875	0.00728	0.00984
8	0.01092	0.01027	0.05690	0.01305	0.04628	0.00859	0.04905	0.03918	0.01528	0.02048	0.08352	0.39440	0.11516	0.08913	0.01125	0.00304	0.00552	0.01526	0.00594	0.00678
9	0.01764	0.04373	0.14389	0.16857	0.13790	0.01656	0.04969	0.09104	0.01710	0.07030	0.01406	0.01719	0.01070	0.00727	0.00799	0.00213	0.06232	0.00594	0.00415	0.11183
10	0.01664	0.06656	0.08023	0.07955	0.13553	0.01626	0.10683	0.07380	0.07581	0.04572	0.07886	0.02218	0.01748	0.01188	0.06815	0.00297	0.04348	0.00715	0.00464	0.04628
11	0.01350	0.01073	0.01145	0.01031	0.01311	0.05673	0.00784	0.04563	0.04949	0.05621	0.23885	0.08873	0.18978	0.01557	0.03709	0.03738	0.00551	0.01104	0.00641	0.09464
12	0.04744	0.05165	0.11332	0.01556	0.05555	0.05869	0.04093	0.04161	0.12970	0.07468	0.10070	0.10093	0.08041	0.01302	0.04173	0.00273	0.00746	0.00921	0.00566	0.00901

[dist]
# distance from previous block
# <min> <max>
1	5

[block]
# block no. 1 follows, 29 sequences, length 28
# corresponding to MSA columns:
# 83-110
name=unknown_B
#
# <colnr> <probs for GDERKNQSTAVLIFYWHMCP>
#	G	D	E	R	K	N	Q	S	T	A	V	L	I	F	Y	W	H	M	C	P
0	0.07457	0.36561	0.10742	0.04352	0.02123	0.09440	0.01410	0.06319	0.01587	0.02082	0.01103	0.01319	0.00933	0.00699	0.00681	0.00186	0.06660	0.00454	0.00354	0.05537
1	0.01539	0.01648	0.07994	0.08226	0.02319	0.05455	0.09151	0.04276	0.04197	0.02220	0.01626	0.08450	0.01468	0.03821	0.00857	0.00208	0.04003	0.00706	0.00430	0.31404
2	0.08152	0.18457	0.04620	0.04747	0.08376	0.18263	0.01375	0.04208	0.03609	0.04798	0.05322	0.01737	0.01378	0.00964	0.03325	0.00240	0.08564	0.00564	0.00413	0.00890
3	0.01583	0.12146	0.16063	0.08169	0.09281	0.05836	0.12891	0.02051	0.04129	0.01990	0.01661	0.02176	0.04235	0.07760	0.01108	0.03526	0.03471	0.00684	0.00367	0.00874
4	0.01400	0.01550	0.08632	0.58288	0.09740	0.01607	0.04993	0.01908	0.01458	0.01919	0.01280	0.01853	0.00964	0.00698	0.00714	0.00234	0.00962	0.00632	0.00320	0.00849
5	0.00940	0.00658	0.00882	0.00972	0.01050	0.00638	0.00678	0.01048	0.01339	0.01787	0.07088	0.43715	0.11154	0.02649	0.12025	0.10009	0.00657	0.01565	0.00582	0.00562
6	0.00906	0.00693	0.00832	0.00863	0.01018	0.00618	0.00622	0.01122	0.01678	0.02209	0.27634	0.26917	0.28684	0.01815	0.00861	0.00250	0.00368	0.01588	0.00703	0.00618
7	0.01036	0.00690	0.00777	0.00777	0.00777	0.00690	0.00431	0.01036	0.01036	0.01381	0.02244	0.04660	0.02589	0.74975	0.03624	0.00690	0.00690	0.01036	0.00431	0.00431
8	0.00993	0.00767	0.00911	0.00868	0.01071	0.00706	0.00653	0.01365	0.05376	0.02558	0.46126	0.05681	0.27214	0.01544	0.00834	0.00230	0.00356	0.01333	0.00741	0.00672
9	0.80005	0.01377	0.01047	0.00936	0.01377	0.01597	0.00771	0.02093	0.01212	0.03195	0.00991	0.01157	0.00771	0.00661	0.00441	0.00220	0.00551	0.00386	0.00441	0.00771
10	0.01904	0.75404	0.03731	0.01218	0.01828	0.02818	0.01218	0.02132	0.01447	0.01675	0.00990	0.01142	0.00914	0.00609	0.00457	0.00152	0.00761	0.00381	0.00305	0.00914
11	0.00989	0.00727	0.00926	0.00876	0.01052	0.00664	0.00657	0.01308	0.01972	0.02751	0.63085	0.05491	0.13857	0.01495	0.00840	0.00226	0.00339	0.01312	0.00770	0.00664
12	0.01558	0.01558	0.02181	0.01869	0.01869	0.02181	0.01558	0.01714	0.01091	0.01714	0.00935	0.01558	0.00935	0.01246	0.02337	0.00312	0.73672	0.00623	0.00312	0.00779
13	0.80005	0.01377	0.01047	0.00936	0.01377	0.01597	0.00771	0.02093	0.01212	0.03195	0.00991	0.01157	0.00771	0.00661	0.00441	0.00220	0.00551	0.00386	0.00441	0.00771
14	0.01577	0.01743	0.06384	0.08213	0.06142	0.11863	0.18801	0.02002	0.01679	0.02103	0.02277	0.04196	0.02224	0.01174	0.00839	0.00264	0.00950	0.26279	0.00470	0.00820
15	0.01020	0.00751	0.01083	0.01083	0.01189	0.00857	0.00813	0.01232	0.01126	0.01607	0.01964	0.03110	0.01916	0.17022	0.60658	0.01068	0.01703	0.00809	0.00390	0.00601
16	0.01900	0.45804	0.03133	0.03684	0.06480	0.04737	0.03290	0.02318	0.07785	0.04731	0.01284	0.01472	0.01089	0.00732	0.00741	0.00191	0.08814	0.00501	0.00375	0.00940
17	0.01615	0.07888	0.43750	0.02209	0.10507	0.01701	0.07377	0.02363	0.05543	0.05154	0.01437	0.01646	0.01060	0.00681	0.00676	0.00216	0.00951	0.00573	0.00366	0.04287
18	0.00987	0.00685	0.00860	0.00935	0.00976	0.00680	0.00620	0.01083	0.01220	0.01631	0.02962	0.29243	0.03423	0.36774	0.07617	0.00548	0.00683	0.08022	0.00531	0.00521
19	0.01360	0.03823	0.09267	0.07811	0.09935	0.01344	0.12167	0.01862	0.05563	0.02166	0.05726	0.09884	0.09815	0.01214	0.00866	0.00254	0.03520	0.12091	0.00496	0.00839
20	0.01706	0.08487	0.27149	0.06795	0.07573	0.06889	0.14882	0.07985	0.01737	0.02329	0.01506	0.04305	0.01244	0.00781	0.00716	0.00224	0.00992	0.03338	0.00385	0.00977
21	0.00890	0.00639	0.00841	0.00993	0.01049	0.00599	0.00679	0.01025	0.01380	0.01827	0.03992	0.65050	0.07302	0.04752	0.01006	0.00304	0.00436	0.06006	0.00653	0.00579
22	0.00941	0.00717	0.00852	0.00914	0.01067	0.00654	0.00685	0.01133	0.01545	0.01966	0.10744	0.20836	0.31197	0.09429	0.01170	0.00313	0.00461	0.14133	0.00647	0.00596
23	0.01901	0.25940	0.21996	0.06838	0.07206	0.06384	0.03996	0.06147	0.01663	0.07565	0.01320	0.01520	0.01019	0.00699	0.00668	0.00201	0.03038	0.00525	0.00383	0.00992
24	0.04940	0.23654	0.14140	0.06380	0.12909	0.05612	0.08593	0.02245	0.06411	0.02111	0.01470	0.05827	0.01271	0.00758	0.00641	0.00207	0.00863	0.00638	0.00378	0.00952
25	0.01582	0.01691	0.13517	0.02463	0.25056	0.01357	0.04434	0.02084	0.04635	0.07780	0.12520	0.08813	0.02518	0.01035	0.00819	0.00236	0.03295	0.04695	0.00511	0.00958
26	0.11202	0.10339	0.01574	0.01328	0.06143	0.11305	0.00961	0.01811	0.01612	0.06158	0.10138	0.14541	0.14519	0.01411	0.03700	0.00260	0.00683	0.01004	0.00542	0.00769
27	0.31969	0.03616	0.01431	0.01335	0.06724	0.05005	0.00964	0.02147	0.04007	0.10875	0.04308	0.05144	0.01586	0.04541	0.07448	0.00319	0.00743	0.00639	0.00506	0.06695

[dist]
# distance from previous block
# <min> <max>
0	10

[block]
# block no. 2 follows, 29 sequences, length 28
# corresponding to MSA columns:
# 121-148
name=unknown_C
#
# <colnr> <probs for GDERKNQSTAVLIFYWHMCP>
#	G	D	E	R	K	N	Q	S	T	A	V	L	I	F	Y	W	H	M	C	P
0	0.04740	0.20201	0.19833	0.01475	0.02146	0.01843	0.01505	0.09003	0.04587	0.09428	0.01448	0.01564	0.01101	0.00713	0.00679	0.00190	0.04306	0.00515	0.00447	0.14274
1	0.06332	0.14026	0.12135	0.06443	0.02411	0.23605	0.04773	0.04896	0.08936	0.02146	0.01331	0.01542	0.01063	0.00764	0.00767	0.00210	0.06770	0.00539	0.00395	0.00915
2	0.01714	0.05787	0.01686	0.01421	0.01811	0.01733	0.01135	0.03445	0.58199	0.02814	0.02878	0.03130	0.02301	0.01050	0.00736	0.00245	0.00585	0.07573	0.00693	0.01065
3	0.01715	0.01726	0.05668	0.01722	0.05947	0.07371	0.03713	0.03057	0.41907	0.02588	0.02540	0.07322	0.02117	0.01053	0.00824	0.00246	0.04235	0.04630	0.00609	0.01012
4	0.00973	0.00716	0.00916	0.00922	0.01078	0.00659	0.00691	0.01253	0.01824	0.02500	0.45433	0.17478	0.14439	0.01673	0.00863	0.00245	0.00378	0.06576	0.00737	0.00646
5	0.01006	0.00765	0.00930	0.00882	0.01078	0.00709	0.00664	0.01388	0.05189	0.02645	0.52299	0.05545	0.21225	0.01513	0.00835	0.00229	0.00353	0.01314	0.00753	0.00678
6	0.00890	0.00629	0.00820	0.00962	0.00998	0.00594	0.00630	0.00997	0.01319	0.01759	0.03697	0.65056	0.04423	0.12077	0.01276	0.00343	0.00451	0.01890	0.00630	0.00558
7	0.00882	0.00631	0.00839	0.00982	0.01036	0.00588	0.00662	0.01027	0.01430	0.01924	0.10687	0.67446	0.04915	0.02152	0.00902	0.00283	0.00405	0.01949	0.00674	0.00588
8	0.80005	0.01377	0.01047	0.00936	0.01377	0.01597	0.00771	0.02093	0.01212	0.03195	0.00991	0.01157	0.00771	0.00661	0.00441	0.00220	0.00551	0.00386	0.00441	0.00771
9	0.01904	0.75404	0.03731	0.01218	0.01828	0.02818	0.01218	0.02132	0.01447	0.01675	0.00990	0.01142	0.00914	0.00609	0.00457	0.00152	0.00761	0.00381	0.00305	0.00914
10	0.01044	0.00704	0.00819	0.00831	0.00854	0.00701	0.00508	0.01090	0.01138	0.01520	0.05697	0.04996	0.02926	0.64814	0.03251	0.00635	0.00670	0.06872	0.00469	0.00463
11	0.00920	0.00717	0.00842	0.00890	0.01050	0.00651	0.00645	0.01174	0.03860	0.02091	0.16831	0.30268	0.31723	0.01870	0.00865	0.00257	0.00391	0.03644	0.00685	0.00625
12	0.01993	0.01477	0.01648	0.01405	0.01781	0.03460	0.01131	0.19958	0.20365	0.10694	0.08420	0.03119	0.07274	0.01231	0.02904	0.00265	0.06480	0.04711	0.00683	0.01003
13	0.01718	0.01647	0.02810	0.11661	0.63588	0.01680	0.02163	0.02147	0.01600	0.02273	0.01332	0.01777	0.01109	0.00643	0.00706	0.00214	0.00857	0.00634	0.00349	0.01092
14	0.80005	0.01377	0.01047	0.00936	0.01377	0.01597	0.00771	0.02093	0.01212	0.03195	0.00991	0.01157	0.00771	0.00661	0.00441	0.00220	0.00551	0.00386	0.00441	0.00771
15	0.01560	0.01280	0.01492	0.01088	0.01703	0.01005	0.00869	0.01982	0.05778	0.04958	0.01427	0.01587	0.01152	0.00568	0.00547	0.00118	0.00533	0.00457	0.00458	0.71437
16	0.01954	0.48733	0.05335	0.04762	0.04468	0.13285	0.08546	0.02250	0.01566	0.01795	0.01087	0.01311	0.00940	0.00635	0.00552	0.00174	0.00909	0.00466	0.00322	0.00911
17	0.02627	0.02009	0.02090	0.01610	0.02175	0.05167	0.01322	0.61128	0.03172	0.04231	0.01655	0.01676	0.01188	0.00829	0.00698	0.00206	0.00789	0.00619	0.00679	0.06128
18	0.07163	0.11966	0.06933	0.04006	0.11000	0.07783	0.01332	0.03911	0.08311	0.06420	0.08628	0.11366	0.02179	0.01020	0.00777	0.00223	0.04751	0.00823	0.00506	0.00903
19	0.06644	0.01830	0.11373	0.10257	0.43420	0.01602	0.04045	0.02164	0.01571	0.05232	0.01469	0.04588	0.01225	0.00721	0.00698	0.00221	0.00848	0.00669	0.00383	0.01040
20	0.01043	0.00771	0.00990	0.00994	0.01171	0.00733	0.00779	0.01412	0.04306	0.02558	0.43693	0.09330	0.12208	0.01622	0.00871	0.00252	0.00420	0.15440	0.00735	0.00673
21	0.01406	0.00806	0.01045	0.00968	0.01199	0.00723	0.00731	0.01674	0.01859	0.16346	0.37587	0.17214	0.12602	0.01517	0.00827	0.00237	0.00407	0.01328	0.00768	0.00756
22	0.02046	0.26177	0.06278	0.03775	0.02352	0.10588	0.10089	0.16019	0.01897	0.02389	0.01227	0.01475	0.01002	0.00768	0.00859	0.00208	0.10937	0.00552	0.00406	0.00956
23	0.01085	0.00897	0.03887	0.01115	0.01251	0.00872	0.04023	0.01249	0.01130	0.01579	0.01952	0.03387	0.01993	0.31630	0.35563	0.05270	0.01298	0.00854	0.00392	0.00571
24	0.00885	0.00693	0.00805	0.00865	0.01025	0.00613	0.00629	0.01070	0.01575	0.01994	0.12342	0.29912	0.37606	0.01923	0.00872	0.00260	0.00393	0.05260	0.00673	0.00604
25	0.00923	0.00834	0.04764	0.03298	0.01262	0.00682	0.00796	0.01124	0.01470	0.01951	0.10180	0.52150	0.13987	0.01965	0.00874	0.00271	0.00451	0.01755	0.00641	0.00623
26	0.01779	0.12712	0.17609	0.05874	0.08285	0.08469	0.09080	0.08918	0.08911	0.02371	0.01690	0.08071	0.01446	0.00847	0.00694	0.00218	0.00892	0.00722	0.00437	0.00975
27	0.02226	0.02589	0.02035	0.01801	0.02049	0.41905	0.01410	0.06231	0.01753	0.01890	0.01122	0.01472	0.00982	0.01132	0.04686	0.00274	0.24713	0.00537	0.00370	0.00824

[dist]
# distance from previous block
# <min> <max>
2	7

[block]
# block no. 3 follows, 29 sequences, length 23
# corresponding to MSA columns:
# 159-181
name=unknown_D
#
# <colnr> <probs for GDERKNQSTAVLIFYWHMCP>
#	G	D	E	R	K	N	Q	S	T	A	V	L	I	F	Y	W	H	M	C	P
0	0.01269	0.00882	0.01045	0.00960	0.01215	0.00841	0.00734	0.01791	0.11310	0.08825	0.37603	0.05098	0.22813	0.01429	0.00813	0.00231	0.00399	0.01226	0.00751	0.00766
1	0.05449	0.06327	0.05468	0.13109	0.32907	0.01777	0.05508	0.02147	0.01511	0.06500	0.01328	0.01724	0.01072	0.00748	0.00919	0.00229	0.11293	0.00617	0.00374	0.00992
2	0.01246	0.00677	0.00727	0.00727	0.00858	0.00688	0.00519	0.01509	0.01377	0.02329	0.02272	0.03042	0.01964	0.15100	0.07320	0.00349	0.00536	0.00742	0.57399	0.00618
3	0.00969	0.00714	0.00906	0.00883	0.01046	0.00651	0.00653	0.01259	0.01886	0.02607	0.53835	0.13635	0.15124	0.01594	0.00848	0.00234	0.00348	0.01403	0.00753	0.00651
4	0.00913	0.00643	0.00831	0.00964	0.01003	0.00611	0.00639	0.01022	0.01312	0.01747	0.03589	0.57806	0.04267	0.16430	0.01443	0.00369	0.00478	0.04762	0.00616	0.00553
5	0.80005	0.01377	0.01047	0.00936	0.01377	0.01597	0.00771	0.02093	0.01212	0.03195	0.00991	0.01157	0.00771	0.00661	0.00441	0.00220	0.00551	0.00386	0.00441	0.00771
6	0.02660	0.03394	0.02018	0.01834	0.02201	0.72116	0.01376	0.02843	0.02018	0.01743	0.01101	0.01284	0.00917	0.00734	0.00642	0.00183	0.01284	0.00459	0.00367	0.00825
7	0.01993	0.02259	0.02083	0.01830	0.01995	0.28916	0.01461	0.02277	0.05751	0.01805	0.01122	0.01523	0.01006	0.01032	0.01586	0.00258	0.41355	0.00572	0.00359	0.00819
8	0.01541	0.20706	0.55252	0.01837	0.02784	0.01930	0.02296	0.02226	0.01490	0.02117	0.01210	0.01418	0.00905	0.00661	0.00624	0.00208	0.00983	0.00492	0.00302	0.01019
9	0.00880	0.00690	0.00780	0.00823	0.00981	0.00608	0.00582	0.01047	0.01545	0.01950	0.12312	0.26650	0.39643	0.06926	0.01053	0.00284	0.00396	0.01604	0.00658	0.00590
10	0.02007	0.06047	0.01764	0.07051	0.05890	0.06808	0.01182	0.12529	0.06191	0.16937	0.02516	0.20241	0.02327	0.01213	0.00754	0.00236	0.00688	0.04053	0.00630	0.00937
11	0.01155	0.00813	0.01016	0.00970	0.01165	0.00779	0.00724	0.01611	0.08469	0.05889	0.46664	0.15090	0.09872	0.01516	0.00833	0.00236	0.00384	0.01335	0.00757	0.00724
12	0.00940	0.00682	0.00886	0.01010	0.01097	0.00652	0.00730	0.01104	0.01404	0.01841	0.04008	0.44611	0.11475	0.08939	0.04543	0.00368	0.00550	0.13948	0.00626	0.00585
13	0.00996	0.00695	0.00889	0.00966	0.01024	0.00689	0.00668	0.01126	0.01301	0.01746	0.06908	0.27752	0.03689	0.30308	0.07462	0.00512	0.00669	0.11499	0.00558	0.00544
14	0.08422	0.01310	0.01664	0.01285	0.01831	0.01213	0.01062	0.10516	0.02126	0.59018	0.02563	0.02258	0.01634	0.00863	0.00697	0.00220	0.00622	0.00685	0.00832	0.01181
15	0.01436	0.00848	0.01166	0.01117	0.01299	0.00875	0.00851	0.01639	0.01392	0.15234	0.02794	0.16610	0.05716	0.10914	0.28139	0.00643	0.03920	0.04128	0.00560	0.00720
16	0.01061	0.00699	0.00919	0.00984	0.01107	0.00644	0.00704	0.01261	0.01597	0.06478	0.20635	0.45659	0.08767	0.01914	0.00879	0.00267	0.00414	0.04658	0.00705	0.00647
17	0.02470	0.08118	0.02383	0.02036	0.06005	0.57113	0.07501	0.02707	0.01926	0.01819	0.01137	0.01358	0.00943	0.00708	0.00651	0.00188	0.01217	0.00498	0.00361	0.00860
18	0.05796	0.01547	0.08160	0.01573	0.07093	0.01170	0.06742	0.01965	0.01526	0.05033	0.01505	0.02008	0.01270	0.00675	0.00614	0.00162	0.00669	0.04983	0.00436	0.47074
19	0.11746	0.14655	0.07442	0.07167	0.08735	0.08811	0.01339	0.01897	0.01415	0.02006	0.01677	0.08362	0.03891	0.05804	0.04116	0.00292	0.08728	0.00715	0.00390	0.00811
20	0.05121	0.04730	0.01383	0.08604	0.03659	0.01126	0.01003	0.03863	0.04221	0.02028	0.04469	0.28687	0.02916	0.07053	0.10371	0.00407	0.04209	0.04922	0.00527	0.00702
21	0.05356	0.04691	0.05532	0.05921	0.05038	0.08446	0.01113	0.07818	0.01679	0.06117	0.02545	0.22928	0.06570	0.05222	0.00884	0.00250	0.00682	0.01048	0.00532	0.07629
22	0.04844	0.01623	0.08832	0.10312	0.14795	0.06905	0.02747	0.05104	0.04025	0.04903	0.01992	0.10586	0.01872	0.09652	0.01058	0.00284	0.00781	0.03939	0.04891	0.00854

[dist]
# distance from previous block
# <min> <max>
10	30

[block]
# block no. 4 follows, 29 sequences, length 36
# corresponding to MSA columns:
# 222-257
name=unknown_E
#
# <colnr> <probs for GDERKNQSTAVLIFYWHMCP>
#	G	D	E	R	K	N	Q	S	T	A	V	L	I	F	Y	W	H	M	C	P
0	0.08933	0.12354	0.02028	0.01620	0.08959	0.01840	0.01182	0.19981	0.16995	0.02930	0.02027	0.02264	0.04348	0.07455	0.00911	0.00251	0.00681	0.00679	0.00555	0.04009
1	0.01824	0.05366	0.05796	0.02925	0.33242	0.01719	0.08623	0.05086	0.15487	0.05302	0.01717	0.01926	0.01340	0.00711	0.00699	0.00212	0.00798	0.00663	0.00464	0.06099
2	0.01031	0.00804	0.00946	0.00857	0.01102	0.00694	0.00637	0.01287	0.01727	0.02360	0.34570	0.05139	0.24692	0.08007	0.01042	0.00253	0.00404	0.01199	0.00660	0.12588
3	0.02103	0.02070	0.02486	0.06113	0.38231	0.16141	0.01812	0.14592	0.04934	0.02615	0.01424	0.01699	0.01138	0.00713	0.00695	0.00209	0.00916	0.00607	0.00437	0.01067
4	0.07166	0.02030	0.09850	0.05913	0.28635	0.08438	0.06561	0.08507	0.05842	0.04980	0.01468	0.01726	0.01138	0.00696	0.00683	0.00212	0.00876	0.00609	0.00431	0.04238
5	0.01980	0.04713	0.05785	0.11145	0.13876	0.07295	0.05168	0.12445	0.01946	0.12017	0.02222	0.02859	0.05932	0.00952	0.00741	0.00230	0.00825	0.08364	0.00530	0.00974
6	0.01575	0.05191	0.02257	0.01837	0.01867	0.02212	0.01541	0.01734	0.01108	0.01712	0.00937	0.01537	0.00934	0.01215	0.02244	0.00304	0.70085	0.00611	0.00311	0.00786
7	0.06448	0.01295	0.03099	0.10592	0.16836	0.01297	0.04082	0.05165	0.04740	0.11409	0.13153	0.08885	0.02554	0.01213	0.03744	0.00271	0.00730	0.03008	0.00563	0.00915
8	0.01676	0.09586	0.10987	0.15052	0.12905	0.04700	0.12109	0.03797	0.04984	0.05397	0.06673	0.05671	0.01706	0.00824	0.00717	0.00222	0.00870	0.00749	0.00435	0.00941
9	0.00902	0.00655	0.00854	0.00969	0.01053	0.00607	0.00676	0.01075	0.01506	0.02014	0.15256	0.54475	0.10243	0.02055	0.00895	0.00276	0.00407	0.04802	0.00681	0.00599
10	0.02867	0.01179	0.01576	0.01231	0.01729	0.01045	0.01008	0.06029	0.02093	0.58544	0.12190	0.02797	0.02432	0.00961	0.00733	0.00221	0.00576	0.00793	0.00860	0.01136
11	0.01932	0.01832	0.05696	0.14708	0.20673	0.07611	0.12993	0.05349	0.01700	0.10468	0.01472	0.01816	0.01121	0.00757	0.00897	0.00231	0.08672	0.00658	0.00422	0.00991
12	0.01695	0.02766	0.36365	0.04594	0.10408	0.04811	0.19605	0.03635	0.01646	0.05662	0.01403	0.01692	0.01024	0.00669	0.00725	0.00226	0.01049	0.00632	0.00362	0.01029
13	0.00876	0.00631	0.00830	0.00974	0.01032	0.00585	0.00657	0.01016	0.01417	0.01890	0.08406	0.67055	0.07672	0.02162	0.00901	0.00283	0.00406	0.01954	0.00669	0.00585
14	0.73075	0.01558	0.01134	0.01017	0.01451	0.07916	0.00825	0.02160	0.01284	0.03065	0.01001	0.01168	0.00784	0.00668	0.00459	0.00217	0.00617	0.00392	0.00434	0.00776
15	0.03312	0.01151	0.01303	0.04031	0.01505	0.05299	0.02492	0.06391	0.01465	0.02016	0.04011	0.05129	0.04748	0.22748	0.07528	0.06794	0.00778	0.00799	0.00453	0.18048
16	0.01926	0.12507	0.12701	0.07662	0.07098	0.01729	0.01469	0.19444	0.02045	0.08162	0.08347	0.02197	0.01758	0.05307	0.00850	0.00234	0.00764	0.00668	0.00522	0.04610
17	0.01876	0.01716	0.02268	0.14063	0.29133	0.10320	0.01712	0.05052	0.04483	0.07408	0.06925	0.02073	0.01594	0.00820	0.00857	0.00224	0.07369	0.00677	0.00449	0.00979
18	0.01008	0.00664	0.00873	0.00981	0.01069	0.00633	0.00680	0.01167	0.01392	0.04708	0.03730	0.57041	0.07015	0.02336	0.07252	0.00352	0.00547	0.01738	0.06196	0.00617
19	0.02121	0.03798	0.01799	0.04791	0.07927	0.01486	0.01207	0.13502	0.14991	0.20730	0.04677	0.05200	0.07022	0.01184	0.03703	0.00266	0.03073	0.00821	0.00666	0.01037
20	0.01865	0.05024	0.08981	0.18094	0.08727	0.01681	0.14780	0.13005	0.01854	0.09605	0.01586	0.01925	0.01186	0.01131	0.07124	0.00306	0.01015	0.00675	0.00456	0.00981
21	0.00887	0.00631	0.00829	0.00968	0.01025	0.00585	0.00652	0.01006	0.01389	0.01844	0.06823	0.64389	0.08742	0.02181	0.00979	0.03526	0.00415	0.01903	0.00652	0.00573
22	0.03001	0.01165	0.01574	0.01223	0.01724	0.01015	0.00991	0.03252	0.01948	0.64786	0.02759	0.02624	0.01837	0.07520	0.00977	0.00262	0.00613	0.00745	0.00841	0.01142
23	0.01851	0.04263	0.12104	0.05291	0.13487	0.03656	0.12908	0.11168	0.01835	0.09951	0.01918	0.11539	0.01684	0.04055	0.00867	0.00249	0.00852	0.00852	0.00495	0.00976
24	0.01548	0.01563	0.01997	0.06984	0.07529	0.08103	0.01480	0.01752	0.01301	0.01802	0.01611	0.09968	0.03707	0.01258	0.01698	0.00282	0.43844	0.02412	0.00379	0.00781
25	0.10315	0.00901	0.00915	0.00828	0.01092	0.00928	0.00647	0.07320	0.01663	0.08991	0.02169	0.02391	0.01653	0.00818	0.00529	0.00181	0.00418	0.00636	0.56838	0.00770
26	0.05587	0.01828	0.01976	0.01536	0.02087	0.01987	0.01261	0.51263	0.08804	0.10172	0.01864	0.01824	0.01320	0.00845	0.00695	0.00212	0.00728	0.00643	0.00705	0.04663
27	0.01824	0.00908	0.01199	0.01054	0.01363	0.00809	0.00829	0.02104	0.01911	0.28677	0.29311	0.10580	0.10101	0.01364	0.00807	0.00236	0.00466	0.04802	0.00792	0.00863
28	0.02156	0.01316	0.08656	0.01274	0.01719	0.01027	0.01124	0.02596	0.06164	0.35663	0.13130	0.11464	0.02980	0.01195	0.00775	0.00239	0.00591	0.06191	0.00753	0.00990
29	0.01243	0.00845	0.01080	0.01168	0.04098	0.00824	0.00802	0.01593	0.09198	0.07441	0.06465	0.34266	0.12250	0.04809	0.01118	0.06665	0.00492	0.04307	0.00640	0.00697
30	0.01484	0.02347	0.28938	0.20237	0.12233	0.01663	0.12927	0.02085	0.01498	0.02116	0.01315	0.01748	0.01002	0.00845	0.03131	0.00263	0.04259	0.00630	0.00324	0.00956
31	0.00959	0.00687	0.00809	0.00844	0.00914	0.00662	0.00544	0.01051	0.01265	0.01654	0.05972	0.20389	0.16284	0.37161	0.07246	0.00530	0.00639	0.01334	0.00536	0.00520
32	0.01859	0.30780	0.11601	0.05328	0.05407	0.12825	0.06833	0.02271	0.04306	0.01901	0.01179	0.01448	0.00992	0.00734	0.00805	0.00203	0.09755	0.00518	0.00339	0.00917
33	0.00995	0.06710	0.01138	0.03982	0.01292	0.00823	0.00798	0.01162	0.01410	0.01840	0.03727	0.56329	0.07419	0.01993	0.00868	0.00277	0.00482	0.07518	0.00618	0.00622
34	0.08556	0.09043	0.18136	0.01556	0.04971	0.04594	0.01445	0.07082	0.10890	0.02543	0.01470	0.01605	0.01142	0.00679	0.00601	0.00182	0.00743	0.00518	0.00441	0.23802
35	0.01655	0.04878	0.07631	0.01575	0.07849	0.08614	0.01192	0.09803	0.03446	0.06260	0.04034	0.25251	0.06117	0.01277	0.00748	0.00227	0.00677	0.01092	0.00560	0.07114

[dist]
# distance from previous block
# <min> <max>
0	8

[block]
# block no. 5 follows, 29 sequences, length 14
# corresponding to MSA columns:
# 268-281
name=unknown_F
#
# <colnr> <probs for GDERKNQSTAVLIFYWHMCP>
#	G	D	E	R	K	N	Q	S	T	A	V	L	I	F	Y	W	H	M	C	P
0	0.01619	0.17147	0.23225	0.01999	0.02655	0.01916	0.19918	0.04883	0.01552	0.02129	0.01410	0.05026	0.01215	0.03898	0.00978	0.00245	0.08208	0.00687	0.00358	0.00931
1	0.01805	0.01451	0.01686	0.06085	0.10048	0.04362	0.01224	0.06560	0.30865	0.09443	0.03196	0.03212	0.13048	0.01053	0.00743	0.00234	0.00636	0.02699	0.00643	0.01008
2	0.00911	0.00651	0.00868	0.00993	0.01053	0.00623	0.00683	0.01062	0.01396	0.01881	0.09302	0.57006	0.04536	0.06817	0.05676	0.00365	0.00530	0.04426	0.00639	0.00584
3	0.01000	0.00707	0.00871	0.00872	0.00961	0.00701	0.00591	0.01107	0.01288	0.01720	0.11412	0.07718	0.14845	0.31761	0.15790	0.05702	0.00806	0.01113	0.00508	0.00529
4	0.33420	0.01332	0.01434	0.01164	0.01664	0.01360	0.00957	0.05981	0.05609	0.37235	0.02045	0.01903	0.01369	0.00798	0.00608	0.00221	0.00590	0.00587	0.00690	0.01033
5	0.01431	0.00816	0.01070	0.00955	0.01195	0.00742	0.00734	0.01756	0.01997	0.15609	0.54584	0.04661	0.05577	0.01321	0.00802	0.00221	0.00386	0.01153	0.04218	0.00773
6	0.01558	0.01558	0.02181	0.01869	0.01869	0.02181	0.01558	0.01714	0.01091	0.01714	0.00935	0.01558	0.00935	0.01246	0.02337	0.00312	0.73672	0.00623	0.00312	0.00779
7	0.03195	0.01212	0.01652	0.01267	0.01818	0.01047	0.01047	0.03470	0.02038	0.71026	0.02809	0.02424	0.01763	0.00881	0.00716	0.00220	0.00606	0.00716	0.00881	0.01212
8	0.80005	0.01377	0.01047	0.00936	0.01377	0.01597	0.00771	0.02093	0.01212	0.03195	0.00991	0.01157	0.00771	0.00661	0.00441	0.00220	0.00551	0.00386	0.00441	0.00771
9	0.01006	0.00737	0.00970	0.01086	0.01226	0.00701	0.00864	0.01254	0.01599	0.02092	0.11846	0.27002	0.14037	0.01963	0.00925	0.00292	0.00506	0.30594	0.00673	0.00627
10	0.01406	0.00773	0.01030	0.01054	0.01231	0.00702	0.00770	0.01590	0.01577	0.17244	0.07592	0.47899	0.06928	0.01854	0.00864	0.00270	0.00463	0.05306	0.00717	0.00730
11	0.01477	0.01266	0.01477	0.01055	0.01687	0.00949	0.00844	0.01793	0.01477	0.02320	0.01266	0.01477	0.01055	0.00527	0.00527	0.00105	0.00527	0.00422	0.00422	0.79328
12	0.45666	0.15443	0.07529	0.01306	0.01836	0.09872	0.05193	0.02210	0.01399	0.02618	0.01054	0.01243	0.00844	0.00657	0.00510	0.00205	0.00754	0.00432	0.00391	0.00838
13	0.04649	0.40266	0.02600	0.01224	0.01625	0.04500	0.01086	0.01946	0.01419	0.05897	0.03684	0.06540	0.01592	0.06947	0.06650	0.00306	0.07205	0.00641	0.00401	0.00822

[dist]
# distance from previous block
# <min> <max>
2	14

[block]
# block no. 6 follows, 29 sequences, length 26
# corresponding to MSA columns:
# 296-321
name=unknown_G
#
# <colnr> <probs for GDERKNQSTAVLIFYWHMCP>
#	G	D	E	R	K	N	Q	S	T	A	V	L	I	F	Y	W	H	M	C	P
0	0.01495	0.01297	0.01511	0.03501	0.08180	0.06795	0.02897	0.04119	0.08366	0.06804	0.04006	0.08988	0.28017	0.01449	0.02955	0.00266	0.06882	0.01083	0.00575	0.00813
1	0.01613	0.01259	0.01459	0.01106	0.01631	0.01061	0.00865	0.09986	0.01683	0.05054	0.01646	0.06739	0.01485	0.07401	0.00862	0.00188	0.00569	0.00623	0.00492	0.54277
2	0.06611	0.08179	0.02111	0.06566	0.07404	0.07245	0.01342	0.26258	0.07864	0.03049	0.01590	0.01880	0.01265	0.00815	0.00728	0.00206	0.03882	0.02835	0.00531	0.09637
3	0.01118	0.00761	0.00911	0.00860	0.01084	0.00670	0.00650	0.01376	0.01829	0.08151	0.36000	0.08801	0.31985	0.01583	0.00833	0.00233	0.00372	0.01360	0.00737	0.00684
4	0.12617	0.06085	0.06408	0.05675	0.10905	0.04479	0.01307	0.07269	0.01670	0.11499	0.06264	0.02355	0.04546	0.05131	0.05780	0.00309	0.05609	0.00690	0.00500	0.00901
5	0.02416	0.16690	0.12310	0.01514	0.02147	0.01957	0.01427	0.26693	0.06449	0.18732	0.01828	0.01788	0.01292	0.00793	0.00658	0.00206	0.00764	0.00600	0.00611	0.01124
6	0.00873	0.00654	0.00811	0.00916	0.01018	0.00592	0.00632	0.01029	0.01483	0.01931	0.10302	0.51826	0.21227	0.02059	0.00886	0.00272	0.00394	0.01832	0.00671	0.00592
7	0.01756	0.01347	0.01486	0.01316	0.01682	0.01483	0.01025	0.09497	0.41273	0.07629	0.13922	0.06962	0.05260	0.01125	0.00755	0.00237	0.00536	0.00950	0.00738	0.01020
8	0.01801	0.18308	0.24338	0.01620	0.02229	0.15867	0.01643	0.02450	0.11805	0.02063	0.01542	0.01914	0.01275	0.00901	0.00788	0.05576	0.00914	0.03650	0.00396	0.00919
9	0.01200	0.00879	0.01186	0.01323	0.01507	0.00899	0.01146	0.01669	0.07312	0.02202	0.03697	0.07581	0.03937	0.01883	0.00962	0.00321	0.00648	0.60292	0.00661	0.00695
10	0.01762	0.01692	0.02890	0.04371	0.70533	0.01692	0.02185	0.02185	0.01621	0.02326	0.01339	0.01762	0.01128	0.00634	0.00705	0.00211	0.00846	0.00634	0.00352	0.01128
11	0.01022	0.00743	0.01045	0.01045	0.01138	0.00836	0.00766	0.01208	0.01115	0.01580	0.01998	0.03300	0.01998	0.24135	0.53658	0.01022	0.01579	0.00836	0.00395	0.00581
12	0.01010	0.00738	0.00956	0.00930	0.01104	0.00683	0.00717	0.01332	0.01938	0.02692	0.57047	0.05768	0.11740	0.01545	0.00857	0.00238	0.00376	0.08906	0.00758	0.00664
13	0.02046	0.34213	0.06872	0.01481	0.01956	0.29397	0.01301	0.02281	0.01662	0.01754	0.01397	0.09871	0.01362	0.00853	0.00596	0.00185	0.00941	0.00614	0.00371	0.00848
14	0.05262	0.04990	0.17426	0.04220	0.11155	0.01366	0.05579	0.02040	0.01555	0.05599	0.04634	0.01936	0.03696	0.00698	0.00636	0.00182	0.00742	0.00592	0.00421	0.27273
15	0.01834	0.16785	0.09075	0.05786	0.30284	0.07535	0.03855	0.02307	0.05221	0.03808	0.01338	0.01637	0.01098	0.00709	0.00764	0.00209	0.05798	0.00576	0.00368	0.01013
16	0.02165	0.41893	0.02951	0.01507	0.01974	0.29248	0.01306	0.02370	0.01636	0.01704	0.01028	0.01230	0.00917	0.00709	0.00680	0.00177	0.06878	0.00430	0.00329	0.00869
17	0.01414	0.00959	0.01374	0.01345	0.04488	0.01114	0.00948	0.04759	0.01127	0.01572	0.01197	0.01981	0.01161	0.02018	0.02472	0.53119	0.17494	0.00621	0.00333	0.00504
18	0.02210	0.04307	0.02019	0.01769	0.07559	0.05291	0.01330	0.34851	0.19450	0.03459	0.02043	0.02296	0.01600	0.01102	0.03767	0.00263	0.00798	0.04146	0.00639	0.01100
19	0.01629	0.08211	0.14356	0.16000	0.17370	0.06132	0.09263	0.02076	0.01490	0.02014	0.01249	0.01692	0.01018	0.00916	0.03598	0.00264	0.10851	0.00610	0.00330	0.00930
20	0.01806	0.01456	0.01581	0.01407	0.01791	0.01661	0.01097	0.07662	0.54265	0.05789	0.02713	0.02660	0.02074	0.03646	0.06808	0.00329	0.00696	0.00794	0.00692	0.01073
21	0.05933	0.01755	0.01934	0.01514	0.02041	0.01908	0.01244	0.48692	0.05881	0.14119	0.01908	0.01902	0.01353	0.01131	0.05089	0.00273	0.00806	0.00656	0.00706	0.01153
22	0.01572	0.01498	0.02546	0.35772	0.40620	0.01642	0.02091	0.02019	0.01531	0.02095	0.01306	0.01824	0.01046	0.00670	0.00708	0.00223	0.00893	0.00634	0.00336	0.00974
23	0.01639	0.11203	0.28396	0.02036	0.08070	0.05137	0.08882	0.05341	0.06378	0.02228	0.01467	0.01825	0.01178	0.03623	0.06831	0.00312	0.03494	0.00614	0.00376	0.00969
24	0.04543	0.01736	0.09337	0.06694	0.43759	0.01530	0.05024	0.02044	0.01580	0.02317	0.04413	0.06330	0.01536	0.00769	0.00707	0.00215	0.00810	0.00725	0.00391	0.05541
25	0.06277	0.18353	0.13579	0.01367	0.03859	0.01549	0.04707	0.04813	0.01400	0.01948	0.01796	0.02818	0.03969	0.28763	0.01743	0.00384	0.00784	0.00736	0.00396	0.00758

[dist]
# distance from previous block
# <min> <max>
1	16

[block]
# block no. 7 follows, 29 sequences, length 13
# corresponding to MSA columns:
# 338-350
name=unknown_H
#
# <colnr> <probs for GDERKNQSTAVLIFYWHMCP>
#	G	D	E	R	K	N	Q	S	T	A	V	L	I	F	Y	W	H	M	C	P
0	0.15964	0.04264	0.02191	0.01965	0.07869	0.22664	0.06577	0.05010	0.01582	0.02198	0.01102	0.01446	0.00939	0.00853	0.01120	0.00235	0.22244	0.00544	0.00375	0.00857
1	0.07524	0.01301	0.01617	0.01449	0.06075	0.01308	0.01074	0.17195	0.01985	0.25410	0.02112	0.05290	0.01651	0.05767	0.10066	0.02969	0.00817	0.00733	0.00638	0.05019
2	0.01326	0.01235	0.05219	0.07668	0.11713	0.01140	0.01166	0.07335	0.06576	0.02580	0.24848	0.04185	0.19703	0.01230	0.00782	0.00228	0.00561	0.01060	0.00616	0.00829
3	0.01477	0.01325	0.02145	0.52194	0.12878	0.01581	0.01852	0.05611	0.01511	0.01991	0.01287	0.01878	0.01009	0.00862	0.00925	0.06177	0.03501	0.00632	0.00343	0.00822
4	0.01237	0.00618	0.00928	0.00928	0.00928	0.00618	0.00618	0.00928	0.00928	0.01237	0.01237	0.02165	0.01237	0.02474	0.02783	0.79283	0.00618	0.00618	0.00309	0.00309
5	0.01136	0.00885	0.01203	0.01163	0.01285	0.01038	0.00882	0.01510	0.07840	0.01740	0.01992	0.03023	0.01900	0.17032	0.47625	0.00912	0.06952	0.00805	0.00419	0.00659
6	0.01756	0.10957	0.06132	0.03325	0.45586	0.01863	0.01904	0.02396	0.11476	0.02310	0.01503	0.01794	0.01235	0.00709	0.00747	0.00214	0.03991	0.00622	0.00397	0.01082
7	0.00888	0.00638	0.00831	0.00977	0.01031	0.00597	0.00660	0.01016	0.01367	0.01808	0.03980	0.63848	0.07920	0.06854	0.01082	0.00314	0.00438	0.04534	0.00646	0.00573
8	0.01237	0.00618	0.00928	0.00928	0.00928	0.00618	0.00618	0.00928	0.00928	0.01237	0.01237	0.02165	0.01237	0.02474	0.02783	0.79283	0.00618	0.00618	0.00309	0.00309
9	0.01900	0.34960	0.16357	0.01875	0.10481	0.13167	0.01628	0.02414	0.07327	0.01989	0.01268	0.01439	0.01045	0.00675	0.00581	0.00186	0.00893	0.00488	0.00355	0.00971
10	0.08645	0.09956	0.07945	0.11040	0.19758	0.01662	0.01562	0.07051	0.01668	0.06289	0.04770	0.01859	0.01370	0.00743	0.00698	0.00205	0.03440	0.00598	0.04325	0.06417
11	0.01443	0.06235	0.11190	0.01300	0.01705	0.03446	0.01169	0.08497	0.06566	0.02366	0.09521	0.10129	0.02336	0.02124	0.18621	0.00443	0.00975	0.00843	0.02516	0.08573
12	0.18996	0.10148	0.02044	0.04002	0.13073	0.06538	0.01296	0.12999	0.01796	0.06094	0.04951	0.04154	0.01462	0.00980	0.02936	0.00245	0.06249	0.00627	0.00482	0.00930

[dist]
# distance from previous block
# <min> <max>
1	27

[block]
# block no. 8 follows, 29 sequences, length 42
# corresponding to MSA columns:
# 378-419
name=unknown_I
#
# <colnr> <probs for GDERKNQSTAVLIFYWHMCP>
#	G	D	E	R	K	N	Q	S	T	A	V	L	I	F	Y	W	H	M	C	P
0	0.06931	0.09506	0.02226	0.03666	0.04979	0.36341	0.03573	0.02485	0.05320	0.01945	0.01181	0.01446	0.00997	0.00805	0.00919	0.00210	0.13678	0.00517	0.00374	0.02901
1	0.01597	0.00999	0.01225	0.01163	0.04368	0.00948	0.00852	0.02133	0.12196	0.17832	0.22674	0.04571	0.23915	0.01321	0.00789	0.00230	0.00461	0.01122	0.00741	0.00861
2	0.01869	0.01638	0.01911	0.02040	0.15314	0.04171	0.01356	0.10840	0.42323	0.02914	0.02339	0.02331	0.01792	0.01116	0.04566	0.00279	0.00742	0.00738	0.00620	0.01100
3	0.00997	0.00727	0.00937	0.00885	0.01057	0.00667	0.00664	0.01323	0.01991	0.02796	0.66149	0.05417	0.10764	0.01478	0.00840	0.00225	0.00338	0.01301	0.00776	0.00667
4	0.00929	0.00662	0.00841	0.00919	0.00990	0.00621	0.00616	0.01081	0.01463	0.01979	0.18890	0.43087	0.07498	0.15371	0.01388	0.00346	0.00444	0.01653	0.00647	0.00574
5	0.01017	0.00763	0.01144	0.01144	0.01272	0.00890	0.00890	0.01272	0.01144	0.01653	0.01907	0.02797	0.01780	0.05340	0.72153	0.01144	0.01907	0.00763	0.00381	0.00636
6	0.80005	0.01377	0.01047	0.00936	0.01377	0.01597	0.00771	0.02093	0.01212	0.03195	0.00991	0.01157	0.00771	0.00661	0.00441	0.00220	0.00551	0.00386	0.00441	0.00771
7	0.01558	0.01558	0.02181	0.01869	0.01869	0.02181	0.01558	0.01714	0.01091	0.01714	0.00935	0.01558	0.00935	0.01246	0.02337	0.00312	0.73672	0.00623	0.00312	0.00779
8	0.01971	0.71563	0.03624	0.01221	0.01827	0.02726	0.01210	0.02201	0.01477	0.05265	0.01084	0.01209	0.00958	0.00623	0.00470	0.00156	0.00753	0.00398	0.00334	0.00929
9	0.03118	0.01334	0.01728	0.01325	0.01879	0.01229	0.01095	0.13602	0.02243	0.60605	0.02637	0.02312	0.01676	0.00877	0.00715	0.00219	0.00634	0.00704	0.00855	0.01212
10	0.07016	0.01973	0.02246	0.08435	0.19422	0.10564	0.01590	0.31253	0.02366	0.03191	0.01429	0.01647	0.01094	0.00777	0.00752	0.00216	0.03854	0.00600	0.00513	0.01062
11	0.01759	0.01523	0.02246	0.19387	0.30585	0.04436	0.01785	0.07571	0.03726	0.05907	0.01839	0.02797	0.01606	0.00903	0.00749	0.00236	0.00833	0.10677	0.00459	0.00975
12	0.80005	0.01377	0.01047	0.00936	0.01377	0.01597	0.00771	0.02093	0.01212	0.03195	0.00991	0.01157	0.00771	0.00661	0.00441	0.00220	0.00551	0.00386	0.00441	0.00771
13	0.00866	0.00627	0.00819	0.00973	0.01028	0.00580	0.00653	0.00994	0.01381	0.01825	0.04154	0.69796	0.09276	0.02201	0.00904	0.00286	0.00409	0.01988	0.00661	0.00580
14	0.02473	0.03002	0.01932	0.01754	0.02128	0.57350	0.01324	0.03041	0.16130	0.02002	0.01478	0.01572	0.01181	0.00783	0.00659	0.00196	0.01133	0.00531	0.00442	0.00889
15	0.00869	0.00650	0.00808	0.00922	0.01018	0.00589	0.00633	0.01018	0.01460	0.01899	0.08277	0.54675	0.20419	0.02087	0.00889	0.00274	0.00396	0.01860	0.00668	0.00589
16	0.01474	0.01475	0.06966	0.55793	0.07060	0.01619	0.01951	0.01934	0.01437	0.05141	0.01314	0.01860	0.00991	0.00761	0.00852	0.00241	0.07318	0.00629	0.00343	0.00842
17	0.06084	0.05436	0.07564	0.11003	0.27584	0.09671	0.01777	0.04134	0.01616	0.05853	0.01308	0.01643	0.01050	0.00736	0.00830	0.00216	0.08300	0.00575	0.00386	0.04234
18	0.01593	0.01616	0.02339	0.14014	0.02645	0.07765	0.13231	0.04000	0.01423	0.01919	0.01338	0.02066	0.01197	0.03679	0.08594	0.00368	0.28505	0.02546	0.00359	0.00802
19	0.01771	0.01530	0.01610	0.01449	0.01852	0.01771	0.01127	0.03784	0.69247	0.02979	0.02898	0.02657	0.02174	0.00966	0.00725	0.00242	0.00564	0.00805	0.00725	0.01127
20	0.01734	0.01596	0.02613	0.06875	0.55879	0.01623	0.01990	0.06672	0.01722	0.02420	0.01616	0.05550	0.01456	0.00801	0.00730	0.00223	0.00815	0.04210	0.00407	0.01067
21	0.80005	0.01377	0.01047	0.00936	0.01377	0.01597	0.00771	0.02093	0.01212	0.03195	0.00991	0.01157	0.00771	0.00661	0.00441	0.00220	0.00551	0.00386	0.00441	0.00771
22	0.00881	0.00637	0.00836	0.00990	0.01051	0.00593	0.00678	0.01019	0.01396	0.01842	0.04146	0.66272	0.09244	0.02187	0.00908	0.00288	0.00422	0.05365	0.00661	0.00584
23	0.01904	0.75404	0.03731	0.01218	0.01828	0.02818	0.01218	0.02132	0.01447	0.01675	0.00990	0.01142	0.00914	0.00609	0.00457	0.00152	0.00761	0.00381	0.00305	0.00914
24	0.11443	0.01745	0.01821	0.01472	0.01966	0.01952	0.01195	0.41452	0.18910	0.03888	0.05455	0.02060	0.01677	0.00890	0.00690	0.00222	0.00680	0.00684	0.00687	0.01111
25	0.34503	0.01305	0.01421	0.01144	0.01651	0.01309	0.00944	0.05036	0.01744	0.41176	0.02032	0.01884	0.01340	0.00791	0.00604	0.00220	0.00589	0.00579	0.00696	0.01032
26	0.01327	0.00664	0.00664	0.00664	0.00830	0.00664	0.00498	0.01659	0.01493	0.02655	0.02323	0.02655	0.01825	0.00830	0.00498	0.00166	0.00332	0.00664	0.78928	0.00664
27	0.01478	0.00858	0.01108	0.00987	0.01248	0.00791	0.00763	0.01841	0.04283	0.17021	0.44915	0.04660	0.11320	0.01512	0.03768	0.00264	0.00468	0.01150	0.00774	0.00793
28	0.06042	0.01815	0.02490	0.09981	0.39764	0.10604	0.03996	0.04507	0.01737	0.10136	0.01467	0.01762	0.01139	0.00690	0.00690	0.00213	0.00879	0.00615	0.00427	0.01046
29	0.68007	0.08453	0.01357	0.01017	0.01469	0.05962	0.00850	0.02142	0.01282	0.02965	0.00998	0.01163	0.00793	0.00661	0.00454	0.00212	0.00615	0.00390	0.00423	0.00788
30	0.59878	0.01729	0.01359	0.01331	0.05906	0.13022	0.00985	0.02207	0.01364	0.02855	0.01029	0.01229	0.00823	0.00691	0.00555	0.00217	0.03178	0.00421	0.00419	0.00803
31	0.01716	0.01763	0.10277	0.02730	0.25307	0.01525	0.14821	0.09044	0.01765	0.06074	0.01892	0.13055	0.01715	0.01108	0.03696	0.00270	0.00897	0.00888	0.00463	0.00995
32	0.00868	0.00620	0.00826	0.00991	0.01033	0.00578	0.00661	0.00991	0.01363	0.01818	0.03925	0.74510	0.04710	0.02231	0.00909	0.00289	0.00413	0.02024	0.00661	0.00578
33	0.02517	0.01727	0.01902	0.01521	0.02039	0.01885	0.01236	0.38537	0.22269	0.15284	0.02241	0.02105	0.01584	0.00892	0.00717	0.00223	0.00690	0.00701	0.00744	0.01187
34	0.13980	0.01388	0.01661	0.01293	0.01832	0.01351	0.01067	0.15908	0.02177	0.48424	0.02337	0.02105	0.01514	0.00845	0.00676	0.00219	0.00633	0.00655	0.00786	0.01149
35	0.00961	0.00684	0.00920	0.01076	0.01152	0.00657	0.00795	0.01139	0.01429	0.01889	0.03789	0.50805	0.04413	0.06007	0.01075	0.00322	0.00501	0.21143	0.00647	0.00594
36	0.01501	0.11550	0.47179	0.04279	0.08911	0.01761	0.04163	0.02156	0.01524	0.02195	0.04894	0.01713	0.01240	0.00724	0.00723	0.00219	0.03359	0.00575	0.00334	0.01003
37	0.01011	0.00745	0.01068	0.01067	0.01185	0.00825	0.00806	0.01249	0.01279	0.01822	0.12550	0.06495	0.02742	0.10778	0.51958	0.00925	0.01492	0.00923	0.00460	0.00621
38	0.01560	0.01473	0.04855	0.07208	0.19880	0.01485	0.04979	0.05865	0.15389	0.02561	0.15090	0.02964	0.02556	0.04310	0.00960	0.00254	0.04160	0.02967	0.00538	0.00945
39	0.01080	0.00783	0.01120	0.04929	0.01361	0.00849	0.00834	0.01265	0.01238	0.01752	0.09803	0.03149	0.02323	0.12820	0.40575	0.09520	0.01317	0.00821	0.00425	0.04036
40	0.02149	0.27515	0.08039	0.01710	0.04368	0.17988	0.04436	0.11843	0.05520	0.04249	0.01323	0.01478	0.01064	0.00739	0.00699	0.00195	0.04776	0.00521	0.00420	0.00969
41	0.06800	0.09076	0.03922	0.06005	0.04054	0.03179	0.01223	0.07502	0.03456	0.13841	0.05325	0.02365	0.07944	0.00953	0.00945	0.00220	0.13157	0.00694	0.00527	0.08811

[dist]
# distance from previous block
# <min> <max>
0	2

[block]
# block no. 9 follows, 29 sequences, length 10
# corresponding to MSA columns:
# 422-431
name=unknown_J
#
# <colnr> <probs for GDERKNQSTAVLIFYWHMCP>
#	G	D	E	R	K	N	Q	S	T	A	V	L	I	F	Y	W	H	M	C	P
0	0.40572	0.01935	0.03928	0.01775	0.12738	0.16763	0.01238	0.02334	0.01500	0.06386	0.01178	0.01380	0.00926	0.00711	0.00633	0.00215	0.04014	0.00474	0.00425	0.00874
1	0.07224	0.01922	0.14575	0.08749	0.21424	0.01661	0.08635	0.05625	0.06846	0.02451	0.04494	0.02111	0.04222	0.00811	0.00826	0.00231	0.06095	0.00694	0.00422	0.00981
2	0.00999	0.00750	0.01090	0.01094	0.01226	0.00841	0.00842	0.01249	0.01249	0.01769	0.07539	0.06942	0.06096	0.04685	0.59040	0.00979	0.01624	0.00910	0.00442	0.00634
3	0.01727	0.10175	0.08677	0.01877	0.11442	0.12857	0.01420	0.02436	0.17067	0.02247	0.07431	0.02526	0.08148	0.00958	0.00849	0.00222	0.07786	0.00737	0.00488	0.00931
4	0.01755	0.04548	0.17917	0.06768	0.02326	0.08052	0.01596	0.02547	0.17301	0.07933	0.01770	0.01988	0.01372	0.01335	0.08318	0.00331	0.12081	0.00643	0.00465	0.00954
5	0.01545	0.01440	0.03492	0.19684	0.09008	0.04418	0.04371	0.02247	0.15861	0.04873	0.02432	0.02727	0.09579	0.03019	0.06306	0.00318	0.06522	0.00794	0.00481	0.00882
6	0.00887	0.00643	0.00843	0.00995	0.01062	0.00599	0.00689	0.01031	0.01405	0.01850	0.04166	0.64141	0.09719	0.02177	0.00909	0.00288	0.00428	0.06919	0.00661	0.00586
