[name]
unknown

[dist]
# distance from previous block
# <min> <max>
3	53

[block]
# block no. 0 follows, 34 sequences, length 34
# corresponding to MSA columns:
# 53-86
name=unknown_A
#
# <colnr> <probs for GDERKNQSTAVLIFYWHMCP>
#	G	D	E	R	K	N	Q	S	T	A	V	L	I	F	Y	W	H	M	C	P
0	0.01122	0.00790	0.01019	0.00952	0.01126	0.00769	0.02168	0.03901	0.05050	0.04751	0.12113	0.19443	0.06960	0.13394	0.09735	0.07408	0.00623	0.01047	0.00516	0.07115
1	0.11959	0.00790	0.00908	0.00873	0.01070	0.00778	0.00646	0.01502	0.04189	0.11448	0.09886	0.19200	0.12089	0.07136	0.01069	0.08604	0.00446	0.02476	0.04305	0.00625
2	0.01045	0.00657	0.00786	0.00829	0.00953	0.00632	0.00587	0.01313	0.05076	0.05323	0.08188	0.38124	0.08362	0.04546	0.00807	0.00237	0.00374	0.01303	0.20260	0.00599
3	0.03309	0.00777	0.00925	0.00880	0.01063	0.00753	0.00644	0.05392	0.04009	0.09557	0.17128	0.21286	0.11892	0.09491	0.01050	0.02958	0.00428	0.01141	0.06673	0.00643
4	0.00978	0.00662	0.00832	0.00856	0.00987	0.00612	0.00609	0.01203	0.03347	0.06280	0.24353	0.35433	0.14018	0.05634	0.00913	0.00253	0.00375	0.01425	0.00635	0.00594
5	0.04497	0.00807	0.00967	0.00935	0.01124	0.00787	0.00684	0.06039	0.05003	0.11042	0.11262	0.32341	0.11646	0.06599	0.00960	0.02328	0.00439	0.01265	0.00613	0.00664
6	0.28872	0.00901	0.00903	0.00871	0.01097	0.00950	0.00647	0.04251	0.01305	0.07155	0.04385	0.25276	0.05186	0.09615	0.00906	0.00264	0.00463	0.00983	0.05329	0.00640
7	0.00905	0.00641	0.00791	0.00869	0.00946	0.00615	0.00589	0.04215	0.01327	0.01785	0.06184	0.53179	0.08553	0.11669	0.01116	0.00297	0.00414	0.01553	0.03810	0.00542
8	0.05583	0.00898	0.01067	0.00961	0.01223	0.00876	0.00739	0.06567	0.06138	0.18736	0.14595	0.14408	0.09714	0.06267	0.00864	0.00241	0.00457	0.03599	0.06316	0.00752
9	0.02207	0.01424	0.01615	0.01290	0.01763	0.01483	0.01044	0.25303	0.23338	0.22289	0.02105	0.01964	0.01483	0.00782	0.00634	0.00193	0.00584	0.00625	0.00664	0.09210
10	0.00961	0.00642	0.00818	0.00860	0.00986	0.00584	0.00615	0.01139	0.01456	0.06523	0.20617	0.39983	0.15293	0.03441	0.00847	0.00247	0.00374	0.03396	0.00635	0.00584
11	0.06598	0.00915	0.01155	0.00969	0.01290	0.00848	0.00769	0.04827	0.01829	0.30633	0.35561	0.03486	0.06291	0.01062	0.00692	0.00202	0.00430	0.00899	0.00721	0.00825
12	0.01193	0.00935	0.01199	0.01255	0.06002	0.05314	0.00886	0.03989	0.01214	0.04303	0.01749	0.05413	0.01650	0.09125	0.48874	0.03795	0.01371	0.00721	0.00383	0.00629
13	0.12631	0.00938	0.01065	0.00892	0.01232	0.00911	0.00717	0.05002	0.01589	0.31428	0.02104	0.02110	0.01484	0.00752	0.00533	0.00179	0.00445	0.00587	0.34565	0.00836
14	0.00940	0.00626	0.00705	0.00705	0.00705	0.00626	0.00392	0.00940	0.00940	0.01253	0.02036	0.04228	0.02349	0.77292	0.03289	0.00626	0.00626	0.00940	0.00392	0.00392
15	0.01708	0.01438	0.01518	0.01335	0.01719	0.01654	0.01047	0.11477	0.63886	0.02866	0.02502	0.02309	0.01869	0.00865	0.00656	0.00216	0.00535	0.00713	0.00656	0.01032
16	0.01830	0.01235	0.01484	0.04367	0.03568	0.01202	0.00981	0.04903	0.24912	0.19517	0.03801	0.02017	0.01579	0.00728	0.00603	0.00175	0.00533	0.00601	0.00585	0.25379
17	0.03763	0.25475	0.23261	0.01468	0.02100	0.01797	0.07550	0.12419	0.01637	0.04573	0.01741	0.01840	0.08279	0.00724	0.00581	0.00185	0.00759	0.00571	0.00390	0.00887
18	0.01296	0.03342	0.73944	0.01842	0.02797	0.01501	0.02387	0.02046	0.01364	0.02046	0.01160	0.01364	0.00818	0.00614	0.00614	0.00205	0.00955	0.00477	0.00273	0.00955
19	0.01072	0.00770	0.00904	0.00848	0.01057	0.00732	0.00638	0.01501	0.10367	0.06546	0.35265	0.07447	0.24701	0.04239	0.00841	0.00228	0.00367	0.01157	0.00661	0.00660
20	0.01313	0.03223	0.68712	0.01907	0.02840	0.01511	0.07500	0.02048	0.01376	0.02048	0.01171	0.01392	0.00831	0.00609	0.00625	0.00206	0.00965	0.00499	0.00277	0.00949
21	0.00796	0.00662	0.00700	0.00707	0.00915	0.00565	0.00541	0.00981	0.01501	0.01824	0.11398	0.06192	0.62650	0.01623	0.00773	0.00223	0.00346	0.06439	0.00608	0.00554
22	0.00940	0.00626	0.00705	0.00705	0.00705	0.00626	0.00392	0.00940	0.00940	0.01253	0.02036	0.04228	0.02349	0.77292	0.03289	0.00626	0.00626	0.00940	0.00392	0.00392
23	0.01512	0.01856	0.09365	0.08096	0.05955	0.04197	0.51415	0.02025	0.01476	0.01995	0.01246	0.01667	0.00948	0.00593	0.00797	0.00217	0.04767	0.00695	0.00317	0.00860
24	0.00793	0.00567	0.00755	0.00896	0.00938	0.00529	0.00600	0.00915	0.01265	0.01693	0.06793	0.73514	0.04358	0.01992	0.00822	0.00260	0.00372	0.01806	0.00605	0.00529
25	0.01512	0.01706	0.03605	0.02607	0.03186	0.01673	0.63033	0.02011	0.01464	0.02011	0.01255	0.01706	0.00965	0.00611	0.00917	0.00225	0.09597	0.00740	0.00322	0.00853
26	0.05495	0.01953	0.02650	0.06101	0.23390	0.20103	0.23111	0.02120	0.01529	0.01952	0.01153	0.01505	0.00930	0.00621	0.00726	0.00199	0.04692	0.00582	0.00326	0.00862
27	0.01398	0.06801	0.63071	0.01733	0.02610	0.01516	0.02174	0.04067	0.01445	0.04771	0.03740	0.01507	0.01042	0.00647	0.00612	0.00201	0.00897	0.00505	0.00319	0.00946
28	0.00783	0.00600	0.00719	0.00807	0.00914	0.00535	0.00560	0.00921	0.01345	0.01718	0.07102	0.48363	0.29599	0.01857	0.00800	0.00244	0.00355	0.01639	0.00604	0.00535
29	0.01655	0.01463	0.12736	0.01339	0.03894	0.02729	0.03106	0.07622	0.07517	0.17718	0.17021	0.06329	0.08842	0.01012	0.00750	0.00210	0.03767	0.00843	0.00588	0.00860
30	0.01665	0.11652	0.04382	0.07465	0.41542	0.03438	0.01663	0.04779	0.11454	0.03699	0.01403	0.01641	0.01126	0.00635	0.00611	0.00190	0.00735	0.00562	0.00381	0.00974
31	0.01559	0.01415	0.02315	0.09059	0.54869	0.01445	0.01761	0.02044	0.06765	0.04375	0.06761	0.01931	0.01482	0.00667	0.00651	0.00197	0.00714	0.00634	0.00387	0.00971
32	0.00923	0.00692	0.01038	0.01038	0.01154	0.00808	0.00808	0.01154	0.01038	0.01500	0.01731	0.02538	0.01615	0.04846	0.74732	0.01038	0.01731	0.00692	0.00346	0.00577
33	0.72854	0.01384	0.01053	0.03712	0.01426	0.06969	0.00782	0.01941	0.01162	0.02753	0.00916	0.01084	0.00716	0.00606	0.00423	0.00198	0.00563	0.00363	0.00391	0.00704

[dist]
# distance from previous block
# <min> <max>
0	4

[block]
# block no. 1 follows, 34 sequences, length 10
# corresponding to MSA columns:
# 91-100
name=unknown_B
#
# <colnr> <probs for GDERKNQSTAVLIFYWHMCP>
#	G	D	E	R	K	N	Q	S	T	A	V	L	I	F	Y	W	H	M	C	P
0	0.01992	0.44750	0.02690	0.01325	0.01792	0.26848	0.01156	0.05872	0.05044	0.01733	0.01051	0.01174	0.00900	0.00619	0.00495	0.00155	0.00843	0.00401	0.00334	0.00826
1	0.00913	0.00615	0.00713	0.00739	0.00745	0.00609	0.00428	0.00933	0.00992	0.01322	0.02302	0.16917	0.02685	0.64145	0.02858	0.00563	0.00582	0.01096	0.00428	0.00415
2	0.00923	0.00692	0.01038	0.01038	0.01154	0.00808	0.00808	0.01154	0.01038	0.01500	0.01731	0.02538	0.01615	0.04846	0.74732	0.01038	0.01731	0.00692	0.00346	0.00577
3	0.01536	0.01499	0.02642	0.14466	0.55979	0.01530	0.08954	0.01943	0.01450	0.02039	0.01215	0.01632	0.00995	0.00583	0.00653	0.00198	0.00814	0.00594	0.00316	0.00963
4	0.00914	0.00619	0.00731	0.00769	0.00784	0.00612	0.00466	0.00951	0.01028	0.01368	0.02416	0.19212	0.02810	0.58168	0.02666	0.00536	0.00573	0.04504	0.00444	0.00429
5	0.00787	0.00562	0.00750	0.00900	0.00937	0.00525	0.00600	0.00900	0.01237	0.01649	0.03561	0.76871	0.04274	0.02024	0.00825	0.00262	0.00375	0.01837	0.00600	0.00525
6	0.01599	0.01535	0.02623	0.03966	0.73262	0.01535	0.01983	0.01983	0.01471	0.02111	0.01215	0.01599	0.01023	0.00576	0.00640	0.00192	0.00768	0.00576	0.00320	0.01023
7	0.00785	0.00570	0.00742	0.00880	0.00932	0.00526	0.00591	0.00902	0.01256	0.01657	0.03804	0.71129	0.09859	0.01993	0.00820	0.00259	0.00371	0.01798	0.00600	0.00526
8	0.01449	0.07076	0.07350	0.01291	0.06350	0.01201	0.01042	0.04238	0.09131	0.02189	0.01310	0.01460	0.01057	0.00555	0.00520	0.00131	0.00562	0.00445	0.00401	0.52241
9	0.01812	0.08784	0.02542	0.03080	0.46037	0.19987	0.04582	0.02132	0.01549	0.01923	0.01136	0.01446	0.00956	0.00595	0.00610	0.00182	0.00874	0.00523	0.00319	0.00931

[dist]
# distance from previous block
# <min> <max>
0	2

[block]
# block no. 2 follows, 34 sequences, length 132
# corresponding to MSA columns:
# 103-234
name=unknown_C
#
# <colnr> <probs for GDERKNQSTAVLIFYWHMCP>
#	G	D	E	R	K	N	Q	S	T	A	V	L	I	F	Y	W	H	M	C	P
0	0.04348	0.23513	0.05027	0.05032	0.27901	0.03585	0.09689	0.04140	0.01430	0.01951	0.01097	0.01407	0.00924	0.00622	0.00696	0.00188	0.06722	0.00516	0.00316	0.00897
1	0.02487	0.01760	0.01909	0.01463	0.01979	0.01931	0.01209	0.66386	0.02955	0.08910	0.01621	0.01596	0.01134	0.00777	0.00647	0.00194	0.00700	0.00586	0.00657	0.01099
2	0.01878	0.07823	0.01758	0.01366	0.01779	0.07682	0.01095	0.18860	0.44728	0.02832	0.02108	0.02000	0.01586	0.00810	0.00629	0.00202	0.00625	0.00639	0.00598	0.01002
3	0.08846	0.04459	0.04106	0.01377	0.01887	0.01799	0.01167	0.47362	0.07280	0.12776	0.01665	0.01628	0.01172	0.00758	0.00618	0.00195	0.00666	0.00570	0.00622	0.01047
4	0.01572	0.01427	0.02286	0.14470	0.42720	0.03918	0.05865	0.01986	0.03944	0.06361	0.01624	0.06154	0.03336	0.00726	0.00662	0.00203	0.00758	0.00687	0.00381	0.00919
5	0.01384	0.14408	0.56330	0.01818	0.02682	0.01673	0.08995	0.02032	0.01372	0.01969	0.01135	0.01352	0.00836	0.00598	0.00599	0.00196	0.00928	0.00486	0.00279	0.00928
6	0.00764	0.00655	0.00655	0.00655	0.00873	0.00545	0.00491	0.00927	0.01473	0.01745	0.06546	0.06218	0.73000	0.01636	0.00764	0.00218	0.00327	0.01364	0.00600	0.00545
7	0.01559	0.01297	0.01502	0.10341	0.06254	0.03694	0.01098	0.10521	0.30632	0.05039	0.10854	0.02822	0.09723	0.00943	0.00675	0.00210	0.00571	0.00791	0.00586	0.00889
8	0.01549	0.01484	0.02532	0.13474	0.64146	0.01522	0.01958	0.01939	0.01448	0.02050	0.01207	0.01616	0.01002	0.00585	0.00641	0.00195	0.00780	0.00576	0.00316	0.00983
9	0.02267	0.02858	0.02159	0.01840	0.02226	0.62603	0.12781	0.02496	0.01780	0.01662	0.01050	0.01261	0.00857	0.00646	0.00612	0.00175	0.01153	0.00473	0.00332	0.00769
10	0.00844	0.00592	0.00763	0.00876	0.00914	0.00567	0.00586	0.00945	0.01186	0.01577	0.03184	0.53780	0.03767	0.20070	0.01422	0.00353	0.00453	0.07073	0.00549	0.00499
11	0.01291	0.01221	0.02067	0.62248	0.17385	0.01454	0.01830	0.01713	0.01326	0.01737	0.01161	0.01699	0.00892	0.00633	0.00645	0.00211	0.00844	0.00574	0.00293	0.00775
12	0.01767	0.01526	0.02353	0.12530	0.49222	0.03511	0.01777	0.09796	0.01662	0.07639	0.01339	0.01643	0.01049	0.00626	0.00640	0.00195	0.00768	0.00577	0.00389	0.00991
13	0.00787	0.00562	0.00750	0.00900	0.00937	0.00525	0.00600	0.00900	0.01237	0.01649	0.03561	0.76871	0.04274	0.02024	0.00825	0.00262	0.00375	0.01837	0.00600	0.00525
14	0.02589	0.01597	0.01807	0.01386	0.01898	0.01688	0.01145	0.50761	0.02682	0.24921	0.01850	0.01745	0.01249	0.00783	0.00647	0.00196	0.00663	0.00602	0.00692	0.01099
15	0.01548	0.01483	0.02531	0.13596	0.64029	0.01522	0.01958	0.01938	0.01447	0.02049	0.01206	0.01616	0.01002	0.00585	0.00641	0.00195	0.00780	0.00576	0.00315	0.00982
16	0.01600	0.01517	0.02483	0.03646	0.64636	0.01544	0.01867	0.02158	0.09982	0.02182	0.01386	0.01697	0.01138	0.00612	0.00642	0.00195	0.00737	0.00594	0.00361	0.01023
17	0.00939	0.00716	0.01069	0.01060	0.01171	0.00845	0.00827	0.01167	0.01037	0.01502	0.01702	0.02502	0.01591	0.04726	0.72393	0.01014	0.04127	0.00688	0.00344	0.00581
18	0.01414	0.01414	0.01979	0.01696	0.01696	0.01979	0.01414	0.01555	0.00990	0.01555	0.00848	0.01414	0.00848	0.01131	0.02120	0.00283	0.76110	0.00565	0.00283	0.00707
19	0.01340	0.01148	0.01340	0.00957	0.01531	0.00861	0.00766	0.01627	0.01340	0.02105	0.01148	0.01340	0.00957	0.00479	0.00479	0.00096	0.00479	0.00383	0.00383	0.81242
20	0.01727	0.77681	0.03386	0.01106	0.01658	0.02557	0.01106	0.01935	0.01313	0.01520	0.00898	0.01036	0.00829	0.00553	0.00415	0.00138	0.00691	0.00345	0.00276	0.00829
21	0.01586	0.01522	0.02599	0.06481	0.70851	0.01532	0.01976	0.01971	0.01465	0.02095	0.01213	0.01604	0.01018	0.00578	0.00640	0.00193	0.00771	0.00576	0.00319	0.01013
22	0.02414	0.03079	0.01831	0.01665	0.01998	0.74698	0.01248	0.02580	0.01831	0.01581	0.00999	0.01165	0.00832	0.00666	0.00583	0.00166	0.01165	0.00416	0.00333	0.00749
23	0.01487	0.01338	0.01950	0.09472	0.26325	0.01239	0.03568	0.05785	0.01484	0.02175	0.01200	0.01491	0.00979	0.00548	0.00569	0.00150	0.00648	0.00491	0.00365	0.38737
24	0.01638	0.01609	0.02585	0.03856	0.69855	0.05032	0.01948	0.02012	0.01488	0.02086	0.01205	0.01578	0.01014	0.00580	0.00637	0.00191	0.00787	0.00568	0.00320	0.01010
25	0.01029	0.00848	0.01107	0.01080	0.01187	0.04401	0.00829	0.01228	0.01064	0.01484	0.01666	0.02559	0.01597	0.11336	0.59496	0.00907	0.06565	0.00694	0.00346	0.00576
26	0.01496	0.01401	0.02245	0.36695	0.36890	0.04139	0.01838	0.01889	0.01414	0.04110	0.01218	0.01659	0.00960	0.00618	0.00641	0.00202	0.00818	0.00572	0.00320	0.00876
27	0.01628	0.01578	0.02509	0.03689	0.65463	0.04105	0.01886	0.02111	0.06714	0.02136	0.01313	0.01644	0.01087	0.00601	0.00639	0.00193	0.00763	0.00582	0.00345	0.01014
28	0.00792	0.00565	0.00748	0.00893	0.00929	0.00528	0.00593	0.00901	0.01227	0.01636	0.03509	0.74376	0.04207	0.04610	0.00909	0.00275	0.00384	0.01806	0.00593	0.00520
29	0.00923	0.00692	0.01038	0.01038	0.01154	0.00808	0.00808	0.01154	0.01038	0.01500	0.01731	0.02538	0.01615	0.04846	0.74732	0.01038	0.01731	0.00692	0.00346	0.00577
30	0.04253	0.02862	0.54710	0.01790	0.02632	0.01523	0.06927	0.09039	0.01565	0.06859	0.01289	0.01452	0.00904	0.00637	0.00623	0.00204	0.00899	0.00515	0.00352	0.00964
31	0.01233	0.01162	0.01962	0.73224	0.06861	0.01439	0.01801	0.01663	0.01298	0.01667	0.01151	0.01718	0.00867	0.00644	0.00646	0.00215	0.00858	0.00574	0.00288	0.00728
32	0.00785	0.00571	0.00741	0.00876	0.00931	0.00527	0.00589	0.00902	0.01260	0.01659	0.03847	0.70097	0.10862	0.01987	0.00819	0.00258	0.00370	0.01791	0.00600	0.00527
33	0.02308	0.02687	0.01868	0.01722	0.05006	0.54890	0.01272	0.12346	0.05314	0.02012	0.01159	0.01308	0.00934	0.00706	0.00657	0.00178	0.03952	0.00467	0.00391	0.00822
34	0.00863	0.00743	0.03394	0.01133	0.06459	0.00637	0.00752	0.01024	0.01288	0.01710	0.03672	0.59825	0.12434	0.01818	0.00796	0.00250	0.00419	0.01636	0.00567	0.00580
35	0.02336	0.00978	0.01303	0.01040	0.01451	0.00849	0.00844	0.02586	0.01807	0.53985	0.15221	0.03066	0.09656	0.00976	0.00681	0.00202	0.00484	0.00813	0.00764	0.00958
36	0.01826	0.01377	0.01495	0.01304	0.01696	0.01547	0.01026	0.07569	0.58770	0.11953	0.02553	0.02330	0.01870	0.00860	0.00656	0.00215	0.00529	0.00711	0.00675	0.01037
37	0.01583	0.01793	0.06653	0.07783	0.27861	0.06563	0.31693	0.02088	0.03701	0.02042	0.01277	0.01653	0.01000	0.00584	0.00689	0.00204	0.00941	0.00645	0.00330	0.00916
38	0.00781	0.00642	0.00676	0.00694	0.00875	0.00549	0.00503	0.00934	0.01427	0.01736	0.08170	0.15047	0.58255	0.05688	0.00905	0.00245	0.00348	0.01395	0.00593	0.00537
39	0.00787	0.00562	0.00750	0.00900	0.00937	0.00525	0.00600	0.00900	0.01237	0.01649	0.03561	0.76871	0.04274	0.02024	0.00825	0.00262	0.00375	0.01837	0.00600	0.00525
40	0.06000	0.01668	0.08115	0.01359	0.01864	0.01608	0.01188	0.36405	0.11972	0.15165	0.04406	0.01994	0.03664	0.00816	0.00641	0.00201	0.00643	0.00638	0.00629	0.01023
41	0.02154	0.31277	0.02419	0.01453	0.01869	0.47430	0.01194	0.02336	0.01635	0.01558	0.00961	0.01117	0.00831	0.00623	0.00519	0.00156	0.00986	0.00389	0.00312	0.00779
42	0.15530	0.39046	0.14434	0.01263	0.01816	0.02093	0.01282	0.09233	0.01445	0.02117	0.01008	0.01173	0.00835	0.00633	0.00584	0.00175	0.05739	0.00408	0.00337	0.00848
43	0.09625	0.09956	0.17911	0.01445	0.02023	0.04290	0.01395	0.32251	0.08015	0.02983	0.01410	0.01491	0.01047	0.00804	0.02396	0.00213	0.00766	0.00521	0.00484	0.00970
44	0.01569	0.03168	0.02087	0.20926	0.16649	0.08213	0.05684	0.08165	0.06869	0.02051	0.01457	0.06025	0.01267	0.00824	0.00846	0.00216	0.10371	0.02393	0.00385	0.00835
45	0.01220	0.01148	0.01938	0.75739	0.04450	0.01436	0.01794	0.01651	0.01292	0.01651	0.01148	0.01723	0.00861	0.00646	0.00646	0.00215	0.00861	0.00574	0.00287	0.00718
46	0.01581	0.01526	0.02634	0.06981	0.67970	0.01534	0.04304	0.01972	0.01465	0.02090	0.01216	0.01609	0.01015	0.00578	0.00644	0.00194	0.00782	0.00582	0.00319	0.01005
47	0.01541	0.01363	0.01357	0.01219	0.01556	0.05850	0.00945	0.06928	0.48939	0.02574	0.07769	0.02986	0.12197	0.00995	0.00674	0.00213	0.00523	0.00822	0.00633	0.00915
48	0.00923	0.00692	0.01038	0.01038	0.01154	0.00808	0.00808	0.01154	0.01038	0.01500	0.01731	0.02538	0.01615	0.04846	0.74732	0.01038	0.01731	0.00692	0.00346	0.00577
49	0.01727	0.77681	0.03386	0.01106	0.01658	0.02557	0.01106	0.01935	0.01313	0.01520	0.00898	0.01036	0.00829	0.00553	0.00415	0.00138	0.00691	0.00345	0.00276	0.00829
50	0.00923	0.00692	0.01038	0.01038	0.01154	0.00808	0.00808	0.01154	0.01038	0.01500	0.01731	0.02538	0.01615	0.04846	0.74732	0.01038	0.01731	0.00692	0.00346	0.00577
51	0.00923	0.00692	0.01038	0.01038	0.01154	0.00808	0.00808	0.01154	0.01038	0.01500	0.01731	0.02538	0.01615	0.04846	0.74732	0.01038	0.01731	0.00692	0.00346	0.00577
52	0.00798	0.00562	0.00753	0.00898	0.00934	0.00526	0.00599	0.00898	0.01224	0.01632	0.03483	0.74460	0.04172	0.02031	0.00879	0.02867	0.00381	0.01796	0.00590	0.00517
53	0.01571	0.07706	0.02724	0.06066	0.57105	0.01600	0.08033	0.01950	0.01451	0.02032	0.01250	0.03320	0.01074	0.00607	0.00637	0.00192	0.00784	0.00603	0.00322	0.00972
54	0.02091	0.02563	0.01788	0.01608	0.01899	0.56323	0.03730	0.02280	0.01648	0.01585	0.01115	0.01414	0.00961	0.01339	0.12222	0.00311	0.05587	0.00480	0.00332	0.00724
55	0.81856	0.01250	0.00950	0.00850	0.01250	0.01449	0.00700	0.01899	0.01100	0.02899	0.00900	0.01050	0.00700	0.00600	0.00400	0.00200	0.00500	0.00350	0.00400	0.00700
56	0.00940	0.00626	0.00705	0.00705	0.00705	0.00626	0.00392	0.00940	0.00940	0.01253	0.02036	0.04228	0.02349	0.77292	0.03289	0.00626	0.00626	0.00940	0.00392	0.00392
57	0.01340	0.01148	0.01340	0.00957	0.01531	0.00861	0.00766	0.01627	0.01340	0.02105	0.01148	0.01340	0.00957	0.00479	0.00479	0.00096	0.00479	0.00383	0.00383	0.81242
58	0.01762	0.38518	0.11993	0.04099	0.11053	0.16405	0.01444	0.02059	0.01429	0.01681	0.00998	0.01211	0.00855	0.00610	0.00572	0.00167	0.03583	0.00421	0.00293	0.00846
59	0.00923	0.00692	0.01038	0.01038	0.01154	0.00808	0.00808	0.01154	0.01038	0.01500	0.01731	0.02538	0.01615	0.04846	0.74732	0.01038	0.01731	0.00692	0.00346	0.00577
60	0.01850	0.49260	0.05435	0.07344	0.02015	0.21274	0.01246	0.02084	0.01448	0.01566	0.00954	0.01138	0.00832	0.00592	0.00485	0.00154	0.00838	0.00387	0.00292	0.00804
61	0.00948	0.00662	0.00808	0.00796	0.00827	0.00693	0.00506	0.01015	0.01029	0.01410	0.07714	0.03922	0.02492	0.57161	0.14705	0.00650	0.02901	0.00907	0.00407	0.00448
62	0.02047	0.07862	0.02250	0.03853	0.18029	0.04362	0.03652	0.32635	0.02126	0.06261	0.01355	0.01533	0.01037	0.00739	0.00794	0.00200	0.09236	0.00563	0.00480	0.00987
63	0.01571	0.01506	0.02571	0.09390	0.68061	0.01528	0.01969	0.01958	0.01458	0.02076	0.01210	0.01609	0.01011	0.00581	0.00640	0.00194	0.00775	0.00576	0.00317	0.01000
64	0.75303	0.01241	0.01030	0.06936	0.01510	0.01448	0.00789	0.01879	0.01115	0.02798	0.00920	0.01104	0.00713	0.00604	0.00420	0.00201	0.00529	0.00368	0.00391	0.00701
65	0.81856	0.01250	0.00950	0.00850	0.01250	0.01449	0.00700	0.01899	0.01100	0.02899	0.00900	0.01050	0.00700	0.00600	0.00400	0.00200	0.00500	0.00350	0.00400	0.00700
66	0.00939	0.00629	0.00716	0.00716	0.00720	0.00632	0.00405	0.00947	0.00943	0.01261	0.02026	0.04172	0.02325	0.74888	0.05659	0.00640	0.00663	0.00931	0.00390	0.00398
67	0.00934	0.00676	0.00850	0.00834	0.00901	0.00709	0.00569	0.01051	0.01122	0.01537	0.11408	0.03923	0.07932	0.40344	0.21443	0.00638	0.03283	0.00924	0.00433	0.00490
68	0.00940	0.00626	0.00705	0.00705	0.00705	0.00626	0.00392	0.00940	0.00940	0.01253	0.02036	0.04228	0.02349	0.77292	0.03289	0.00626	0.00626	0.00940	0.00392	0.00392
69	0.01713	0.03482	0.02271	0.06761	0.26707	0.07661	0.09334	0.08225	0.22427	0.02360	0.01641	0.01808	0.01275	0.00689	0.00650	0.00201	0.00760	0.00624	0.00445	0.00967
70	0.01243	0.01172	0.01979	0.71411	0.08600	0.01442	0.01806	0.01671	0.01303	0.01679	0.01152	0.01715	0.00871	0.00642	0.00646	0.00214	0.00856	0.00574	0.00289	0.00736
71	0.01106	0.00772	0.00967	0.00881	0.01072	0.00740	0.00672	0.07154	0.01884	0.04887	0.58710	0.04549	0.07440	0.03723	0.00833	0.00219	0.00365	0.02677	0.00692	0.00657
72	0.01547	0.01673	0.03392	0.02905	0.18753	0.01610	0.50967	0.02142	0.06228	0.02121	0.01375	0.01756	0.01056	0.00574	0.00728	0.00212	0.00979	0.00719	0.00347	0.00915
73	0.01313	0.01120	0.01312	0.00954	0.01503	0.00845	0.00758	0.01592	0.01335	0.02084	0.01264	0.04950	0.01116	0.00552	0.00495	0.00104	0.00474	0.00452	0.00393	0.77384
74	0.01667	0.01567	0.02584	0.03457	0.55929	0.01611	0.06962	0.08635	0.03482	0.02285	0.01274	0.01618	0.01044	0.00627	0.00721	0.00199	0.04381	0.00594	0.00359	0.01004
75	0.01581	0.01282	0.01387	0.01243	0.01588	0.01449	0.00967	0.03139	0.59811	0.06083	0.11554	0.02707	0.02478	0.00929	0.00670	0.00216	0.00487	0.00782	0.00671	0.00974
76	0.03938	0.00594	0.00858	0.00855	0.00876	0.00608	0.00582	0.00899	0.00863	0.01209	0.01154	0.01969	0.01139	0.02355	0.07101	0.73200	0.00634	0.00562	0.00289	0.00314
77	0.00974	0.00650	0.00755	0.00734	0.00802	0.00624	0.00462	0.01059	0.01201	0.03685	0.16886	0.04495	0.10340	0.51894	0.02440	0.00486	0.00528	0.01021	0.00490	0.00472
78	0.01003	0.00746	0.00856	0.00856	0.01046	0.00706	0.00629	0.01392	0.10669	0.05400	0.14176	0.25433	0.31537	0.01564	0.00762	0.00228	0.00372	0.01355	0.00632	0.00637
79	0.03502	0.00717	0.00903	0.00918	0.01067	0.00677	0.00661	0.03457	0.01449	0.11066	0.12762	0.42428	0.07850	0.06404	0.00929	0.00264	0.00421	0.03275	0.00623	0.00627
80	0.14135	0.01070	0.01206	0.01057	0.01362	0.01098	0.00824	0.16536	0.01737	0.17679	0.04381	0.17986	0.04305	0.08806	0.00932	0.00261	0.00537	0.04694	0.00603	0.00790
81	0.00935	0.00624	0.00706	0.00711	0.00712	0.00623	0.00398	0.00938	0.00949	0.01265	0.02083	0.06486	0.02409	0.74953	0.03212	0.00615	0.00619	0.00968	0.00398	0.00396
82	0.00837	0.00637	0.00746	0.00758	0.00915	0.00566	0.00554	0.01045	0.01549	0.02049	0.29414	0.19695	0.33120	0.01572	0.00765	0.00219	0.00328	0.01363	0.03303	0.00566
83	0.00932	0.00654	0.00940	0.00957	0.01035	0.00724	0.00702	0.01062	0.01026	0.01442	0.01909	0.11095	0.01957	0.13765	0.48850	0.09924	0.01301	0.00839	0.00373	0.00513
84	0.00952	0.00683	0.00818	0.00822	0.00984	0.00626	0.00603	0.01206	0.04089	0.05052	0.24578	0.21579	0.26497	0.05191	0.00893	0.00245	0.00371	0.03582	0.00633	0.00595
85	0.01966	0.00940	0.01203	0.01006	0.01348	0.00850	0.00794	0.06497	0.01785	0.37816	0.15495	0.10404	0.12821	0.03079	0.00770	0.00220	0.00470	0.00960	0.00716	0.00861
86	0.01978	0.00969	0.01175	0.00985	0.01333	0.00918	0.00792	0.07380	0.06277	0.33030	0.06751	0.02975	0.09846	0.00946	0.00631	0.00195	0.00464	0.03012	0.19470	0.00873
87	0.29725	0.01747	0.01572	0.01282	0.01733	0.09987	0.01042	0.37447	0.04426	0.03345	0.01299	0.01363	0.00959	0.00706	0.00555	0.00194	0.00683	0.00488	0.00527	0.00920
88	0.03229	0.00741	0.00911	0.00861	0.01066	0.00672	0.00640	0.01466	0.01522	0.16192	0.19682	0.18273	0.19618	0.09053	0.01001	0.00262	0.00417	0.03097	0.00639	0.00656
89	0.08119	0.00720	0.00720	0.00707	0.00937	0.00647	0.00539	0.01087	0.01440	0.03497	0.07315	0.05602	0.58626	0.03922	0.00813	0.00231	0.00366	0.03558	0.00582	0.00570
90	0.01426	0.01451	0.02186	0.01812	0.01886	0.01940	0.09240	0.01613	0.01050	0.01613	0.00900	0.01451	0.00863	0.01065	0.01968	0.00275	0.67662	0.00588	0.00288	0.00725
91	0.00946	0.00650	0.00938	0.00952	0.01026	0.00718	0.00696	0.01052	0.01012	0.01420	0.01836	0.09497	0.01870	0.13162	0.47093	0.14186	0.01275	0.00807	0.00364	0.00500
92	0.06335	0.00798	0.00930	0.00854	0.01085	0.00763	0.00656	0.03609	0.04407	0.08635	0.35941	0.06282	0.22137	0.01407	0.03103	0.00235	0.00413	0.01087	0.00652	0.00670
93	0.00791	0.00625	0.00715	0.00771	0.00917	0.00549	0.00556	0.00949	0.01410	0.01769	0.09441	0.31679	0.41776	0.01762	0.00790	0.00236	0.00352	0.03764	0.00607	0.00544
94	0.00983	0.00708	0.00893	0.00975	0.01070	0.00698	0.00684	0.08819	0.01448	0.01931	0.03331	0.66216	0.03899	0.01876	0.00807	0.00256	0.00420	0.03790	0.00605	0.00592
95	0.01322	0.01220	0.01977	0.26177	0.34127	0.01302	0.01592	0.01708	0.03357	0.01929	0.05688	0.02422	0.10290	0.00831	0.00723	0.02727	0.00704	0.00709	0.00373	0.00821
96	0.00814	0.00631	0.00745	0.00817	0.00940	0.00574	0.00574	0.01015	0.03756	0.01779	0.08946	0.43447	0.30030	0.01797	0.00792	0.00241	0.00357	0.01581	0.00609	0.00555
97	0.01514	0.01711	0.03637	0.02625	0.03216	0.01667	0.64252	0.02020	0.01474	0.02020	0.01263	0.01711	0.00968	0.00601	0.00893	0.00224	0.08282	0.00744	0.00323	0.00856
98	0.01838	0.01795	0.01556	0.01399	0.01637	0.29595	0.01092	0.03916	0.01486	0.09885	0.01411	0.01782	0.01188	0.02127	0.25231	0.00475	0.11900	0.00560	0.00392	0.00736
99	0.01852	0.13049	0.02251	0.16217	0.11173	0.19489	0.05418	0.08820	0.09910	0.03788	0.01338	0.01548	0.01046	0.00666	0.00604	0.00187	0.00849	0.00534	0.00393	0.00869
100	0.21284	0.01561	0.01633	0.01281	0.01767	0.01699	0.01057	0.43566	0.02384	0.15266	0.01562	0.01540	0.01087	0.00738	0.00589	0.00196	0.00635	0.00538	0.00613	0.01005
101	0.02114	0.04216	0.02298	0.07892	0.02483	0.49402	0.16082	0.04516	0.01749	0.01767	0.01091	0.01342	0.00874	0.00639	0.00624	0.00182	0.01100	0.00506	0.00336	0.00785
102	0.01378	0.01288	0.02155	0.26151	0.36329	0.01375	0.04062	0.01815	0.03673	0.02052	0.11626	0.02136	0.01735	0.00714	0.00664	0.00203	0.00733	0.00672	0.00377	0.00861
103	0.01673	0.01455	0.02122	0.34962	0.19640	0.03707	0.03665	0.16404	0.03623	0.04542	0.01332	0.01676	0.01004	0.00665	0.00647	0.00204	0.00805	0.00584	0.00398	0.00894
104	0.01220	0.01148	0.01938	0.75739	0.04450	0.01436	0.01794	0.01651	0.01292	0.01651	0.01148	0.01723	0.00861	0.00646	0.00646	0.00215	0.00861	0.00574	0.00287	0.00718
105	0.00799	0.00675	0.00694	0.00686	0.00902	0.00580	0.00515	0.01020	0.03446	0.01841	0.11832	0.06000	0.65607	0.01590	0.00761	0.00217	0.00331	0.01330	0.00611	0.00564
106	0.03769	0.06933	0.36246	0.01875	0.02594	0.11788	0.15953	0.04573	0.04104	0.04346	0.01257	0.01458	0.00927	0.00624	0.00627	0.00198	0.00947	0.00534	0.00339	0.00907
107	0.15005	0.08201	0.04011	0.14598	0.02194	0.15422	0.01194	0.17927	0.01765	0.05438	0.01282	0.01618	0.01030	0.06765	0.00784	0.00224	0.00782	0.00519	0.00426	0.00816
108	0.00940	0.00626	0.00705	0.00705	0.00705	0.00626	0.00392	0.00940	0.00940	0.01253	0.02036	0.04228	0.02349	0.77292	0.03289	0.00626	0.00626	0.00940	0.00392	0.00392
109	0.00789	0.00636	0.00702	0.00727	0.00899	0.00550	0.00529	0.00961	0.01472	0.01840	0.14883	0.20655	0.49747	0.01674	0.00776	0.00225	0.00334	0.01435	0.00615	0.00550
110	0.01669	0.08433	0.04553	0.19661	0.16973	0.05871	0.08337	0.08181	0.04036	0.06410	0.01377	0.04029	0.01114	0.00719	0.00735	0.00204	0.05825	0.00611	0.00385	0.00875
111	0.01576	0.06677	0.18902	0.04504	0.09179	0.04178	0.34460	0.06442	0.03768	0.02152	0.01283	0.01592	0.00969	0.00595	0.00678	0.00205	0.00961	0.00628	0.00341	0.00911
112	0.01106	0.00657	0.00750	0.00717	0.00877	0.00639	0.00540	0.03054	0.01605	0.02530	0.33417	0.03458	0.03607	0.01005	0.00594	0.00175	0.00313	0.00852	0.43488	0.00617
113	0.01539	0.01473	0.02513	0.15426	0.62275	0.01519	0.01953	0.01930	0.01443	0.02037	0.01205	0.01619	0.00998	0.00587	0.00641	0.00196	0.00783	0.00575	0.00315	0.00975
114	0.01708	0.11217	0.38644	0.01720	0.02473	0.01604	0.10328	0.07872	0.03783	0.12463	0.01425	0.01541	0.01011	0.00646	0.00618	0.00197	0.00849	0.00538	0.00398	0.00965
115	0.01525	0.01711	0.03318	0.02510	0.05584	0.06604	0.55642	0.02004	0.01504	0.01987	0.01386	0.01945	0.01113	0.00939	0.06666	0.00282	0.01118	0.02987	0.00337	0.00836
116	0.01727	0.77681	0.03386	0.01106	0.01658	0.02557	0.01106	0.01935	0.01313	0.01520	0.00898	0.01036	0.00829	0.00553	0.00415	0.00138	0.00691	0.00345	0.00276	0.00829
117	0.01787	0.56543	0.02890	0.01204	0.01701	0.10729	0.01108	0.02255	0.12994	0.01721	0.01194	0.01277	0.01017	0.00619	0.00474	0.00155	0.00716	0.00417	0.00345	0.00852
118	0.01739	0.01453	0.01535	0.01342	0.01730	0.01669	0.01055	0.13922	0.61391	0.02915	0.02463	0.02277	0.01837	0.00861	0.00656	0.00215	0.00542	0.00707	0.00656	0.01035
119	0.01960	0.07241	0.04460	0.05115	0.01981	0.41555	0.02986	0.07992	0.01727	0.01832	0.01461	0.13224	0.01404	0.00893	0.00676	0.00191	0.03479	0.00674	0.00392	0.00756
120	0.77149	0.01283	0.01008	0.00887	0.01294	0.01482	0.00731	0.06002	0.01215	0.02969	0.00938	0.01079	0.00723	0.00610	0.00414	0.00200	0.00512	0.00364	0.00414	0.00723
121	0.00791	0.00565	0.00753	0.00897	0.00938	0.00527	0.00600	0.00908	0.01253	0.01675	0.05438	0.74921	0.04323	0.02005	0.00823	0.00261	0.00373	0.01819	0.00603	0.00527
122	0.81856	0.01250	0.00950	0.00850	0.01250	0.01449	0.00700	0.01899	0.01100	0.02899	0.00900	0.01050	0.00700	0.00600	0.00400	0.00200	0.00500	0.00350	0.00400	0.00700
123	0.01263	0.02977	0.63383	0.01709	0.02554	0.01404	0.02143	0.01998	0.03692	0.02129	0.09288	0.01788	0.01450	0.00702	0.00632	0.00205	0.00867	0.00563	0.00335	0.00918
124	0.01599	0.01459	0.02351	0.10268	0.54980	0.01508	0.01789	0.06604	0.04510	0.02240	0.01340	0.01687	0.01088	0.00618	0.00631	0.00193	0.00736	0.00584	0.04837	0.00976
125	0.01406	0.01414	0.03679	0.44647	0.16114	0.05868	0.06450	0.03980	0.01428	0.01847	0.01273	0.01876	0.01027	0.00802	0.02970	0.00236	0.00894	0.02974	0.00322	0.00793
126	0.00791	0.00565	0.00753	0.00897	0.00938	0.00527	0.00600	0.00910	0.01256	0.01679	0.05721	0.74627	0.04330	0.02002	0.00823	0.00261	0.00373	0.01816	0.00603	0.00527
127	0.01397	0.01097	0.01405	0.01235	0.01521	0.01146	0.06552	0.12271	0.18221	0.04187	0.13037	0.12712	0.07202	0.05723	0.00891	0.00251	0.00548	0.09213	0.00606	0.00784
128	0.00922	0.00621	0.00720	0.00737	0.00745	0.00621	0.00428	0.00942	0.00976	0.01305	0.02198	0.12337	0.02542	0.66574	0.05242	0.00598	0.00633	0.01033	0.00413	0.00412
129	0.01575	0.01561	0.02817	0.05832	0.58649	0.01550	0.14414	0.01989	0.01476	0.02090	0.01230	0.01629	0.01011	0.00572	0.00662	0.00197	0.00828	0.00609	0.00320	0.00987
130	0.01401	0.01762	0.11888	0.04692	0.02983	0.01481	0.49049	0.01957	0.03655	0.02012	0.01529	0.07861	0.01286	0.00893	0.04278	0.00259	0.01020	0.00805	0.00352	0.00839
131	0.15656	0.01538	0.01682	0.01432	0.01657	0.07840	0.01172	0.17187	0.01541	0.02347	0.01118	0.01476	0.00956	0.01304	0.08856	0.00317	0.32211	0.00532	0.00395	0.00783

[dist]
# distance from previous block
# <min> <max>
0	1

[block]
# block no. 3 follows, 34 sequences, length 22
# corresponding to MSA columns:
# 236-257
name=unknown_D
#
# <colnr> <probs for GDERKNQSTAVLIFYWHMCP>
#	G	D	E	R	K	N	Q	S	T	A	V	L	I	F	Y	W	H	M	C	P
0	0.05814	0.25357	0.35854	0.01567	0.05615	0.01735	0.01691	0.02069	0.01402	0.08437	0.04000	0.01471	0.01102	0.00637	0.00553	0.00183	0.00780	0.00478	0.00348	0.00906
1	0.01864	0.54305	0.09761	0.01241	0.01824	0.02287	0.01240	0.13544	0.01631	0.05438	0.01111	0.01209	0.00910	0.00608	0.00483	0.00157	0.00713	0.00412	0.00363	0.00899
2	0.01377	0.14144	0.51554	0.01690	0.04882	0.01578	0.01972	0.01973	0.01357	0.01977	0.01121	0.01320	0.00845	0.00586	0.00567	0.00180	0.00847	0.00449	0.00289	0.11291
3	0.45250	0.03169	0.03407	0.00953	0.01418	0.01269	0.00807	0.01965	0.03782	0.08055	0.03234	0.01380	0.01043	0.00614	0.00466	0.00172	0.00512	0.00422	0.00437	0.21646
4	0.01580	0.01536	0.02682	0.06502	0.65814	0.01539	0.06841	0.01977	0.01468	0.02091	0.01219	0.01614	0.01015	0.00576	0.00649	0.00195	0.00794	0.00589	0.00319	0.01002
5	0.01554	0.05306	0.39001	0.02053	0.05486	0.10549	0.18025	0.03934	0.04203	0.02056	0.01234	0.01470	0.00917	0.00615	0.00641	0.00201	0.00972	0.00548	0.00319	0.00915
6	0.00803	0.00609	0.00725	0.00792	0.00901	0.00548	0.00548	0.00945	0.01359	0.01752	0.11614	0.39772	0.28320	0.07039	0.00968	0.00266	0.00369	0.01541	0.00597	0.00531
7	0.00936	0.00743	0.00995	0.00978	0.01112	0.00743	0.02927	0.01216	0.04685	0.02031	0.26146	0.31365	0.13390	0.01580	0.00874	0.00236	0.05385	0.03445	0.00609	0.00603
8	0.00865	0.00653	0.00799	0.00774	0.00938	0.00587	0.00576	0.01119	0.01695	0.02301	0.50390	0.09434	0.24605	0.01450	0.00766	0.00211	0.00315	0.01262	0.00674	0.00587
9	0.01436	0.01340	0.02221	0.42569	0.32741	0.01504	0.01845	0.05100	0.01449	0.01956	0.01195	0.01664	0.00940	0.00623	0.00643	0.00205	0.00815	0.00575	0.00318	0.00862
10	0.00911	0.00627	0.00772	0.00807	0.00836	0.00636	0.00514	0.00977	0.01033	0.01391	0.02348	0.18359	0.02680	0.49737	0.12423	0.00598	0.00726	0.03739	0.00434	0.00451
11	0.72618	0.01315	0.01065	0.00924	0.01337	0.01514	0.00761	0.09952	0.01325	0.03035	0.00976	0.01108	0.00746	0.00620	0.00429	0.00199	0.00524	0.00377	0.00429	0.00746
12	0.01669	0.52929	0.19538	0.01356	0.02003	0.02245	0.03834	0.06535	0.01446	0.01829	0.01016	0.01170	0.00850	0.00581	0.00488	0.00160	0.00767	0.00406	0.00302	0.00877
13	0.00908	0.00660	0.00854	0.00806	0.00961	0.00607	0.00604	0.01206	0.01813	0.02554	0.69982	0.04888	0.09059	0.01335	0.00762	0.00204	0.00306	0.01177	0.00706	0.00607
14	0.00989	0.00709	0.00938	0.00921	0.01005	0.00780	0.00656	0.03750	0.01075	0.01499	0.01847	0.03183	0.01892	0.33938	0.43048	0.00840	0.01246	0.00788	0.00376	0.00522
15	0.01210	0.00712	0.00924	0.00876	0.01067	0.00641	0.00654	0.01444	0.01653	0.14505	0.37244	0.22024	0.11654	0.01434	0.00758	0.00219	0.00366	0.01262	0.00688	0.00667
16	0.00891	0.00694	0.00868	0.00927	0.04234	0.00631	0.00648	0.01126	0.01594	0.02122	0.35009	0.11297	0.28354	0.03838	0.00848	0.00231	0.00366	0.05099	0.00630	0.00592
17	0.01381	0.02749	0.47945	0.02168	0.03012	0.01550	0.27792	0.02055	0.01424	0.02055	0.01214	0.01505	0.00879	0.00588	0.00669	0.00210	0.01005	0.00583	0.00293	0.00924
18	0.01660	0.04773	0.23539	0.01357	0.02021	0.04571	0.01375	0.12798	0.01666	0.06780	0.01286	0.01415	0.00967	0.00597	0.00559	0.00155	0.00702	0.00459	0.00411	0.32911
19	0.01745	0.63370	0.08432	0.01212	0.01770	0.08125	0.01209	0.02051	0.04058	0.01609	0.00992	0.01123	0.00872	0.00579	0.00452	0.00148	0.00741	0.00376	0.00295	0.00840
20	0.61316	0.06709	0.09176	0.01015	0.01489	0.04650	0.00938	0.01937	0.01183	0.02627	0.00941	0.01099	0.00736	0.00597	0.00435	0.00191	0.00590	0.00368	0.00374	0.03629
21	0.01842	0.01865	0.08386	0.01828	0.11416	0.10952	0.03962	0.19953	0.21531	0.02714	0.05004	0.02086	0.01586	0.00800	0.00656	0.00203	0.00735	0.02999	0.00521	0.00962

[dist]
# distance from previous block
# <min> <max>
0	6

[block]
# block no. 4 follows, 34 sequences, length 42
# corresponding to MSA columns:
# 264-305
name=unknown_E
#
# <colnr> <probs for GDERKNQSTAVLIFYWHMCP>
#	G	D	E	R	K	N	Q	S	T	A	V	L	I	F	Y	W	H	M	C	P
0	0.01268	0.02611	0.50535	0.04469	0.07203	0.01392	0.03554	0.01904	0.03007	0.01992	0.01584	0.05317	0.03354	0.00895	0.02681	0.00237	0.02997	0.03787	0.00329	0.00885
1	0.02123	0.01417	0.04877	0.01280	0.01730	0.01407	0.01069	0.13933	0.32016	0.25649	0.02340	0.02158	0.01646	0.00818	0.00642	0.00205	0.00566	0.00663	0.04423	0.01037
2	0.01003	0.00919	0.03929	0.08324	0.10084	0.00836	0.04625	0.01230	0.01294	0.01759	0.02756	0.51234	0.03139	0.01533	0.00761	0.00238	0.00529	0.01406	0.00503	0.03896
3	0.00792	0.00652	0.00696	0.00694	0.00892	0.00556	0.00517	0.00979	0.01527	0.01894	0.18387	0.09026	0.57958	0.01596	0.00766	0.00217	0.00325	0.01349	0.00620	0.00556
4	0.05523	0.01643	0.01737	0.01382	0.01845	0.01832	0.01126	0.51484	0.16338	0.03672	0.01763	0.01742	0.01281	0.00787	0.00628	0.00197	0.00642	0.00602	0.04735	0.01042
5	0.01516	0.01247	0.04945	0.01096	0.01549	0.01085	0.00912	0.05416	0.18799	0.09386	0.12278	0.02453	0.05776	0.00810	0.00609	0.00168	0.00495	0.00672	0.00556	0.30232
6	0.01642	0.49511	0.16856	0.01672	0.11094	0.04220	0.03314	0.01984	0.01363	0.01713	0.01003	0.01194	0.00856	0.00570	0.00496	0.00161	0.00775	0.00413	0.00284	0.00877
7	0.07956	0.23875	0.08813	0.01327	0.01828	0.01904	0.03276	0.09756	0.30038	0.02436	0.01701	0.01697	0.01312	0.00716	0.00564	0.00190	0.00642	0.00551	0.00479	0.00938
8	0.00913	0.00661	0.00777	0.00792	0.00966	0.00583	0.00589	0.01104	0.01509	0.05256	0.18655	0.21543	0.37516	0.01629	0.00778	0.00228	0.00358	0.04931	0.00631	0.00582
9	0.01614	0.11115	0.07253	0.08593	0.15079	0.02823	0.01306	0.05406	0.08560	0.07481	0.03487	0.01773	0.02906	0.00663	0.00581	0.00170	0.00653	0.00547	0.00425	0.19565
10	0.01783	0.21096	0.12729	0.01659	0.09202	0.07415	0.05877	0.05001	0.03410	0.12800	0.03119	0.05432	0.03254	0.00792	0.00610	0.00191	0.00740	0.03567	0.00438	0.00885
11	0.01322	0.01128	0.01320	0.00951	0.01508	0.00851	0.00759	0.01610	0.01360	0.02126	0.04158	0.01486	0.01173	0.00514	0.00490	0.00100	0.00471	0.00416	0.00397	0.77862
12	0.28336	0.01484	0.01588	0.03049	0.05342	0.01668	0.03516	0.23077	0.20331	0.03103	0.01585	0.01624	0.01183	0.00723	0.00572	0.00204	0.00609	0.00550	0.00532	0.00927
13	0.00828	0.00638	0.00745	0.00755	0.00907	0.00567	0.00546	0.01021	0.01521	0.01985	0.28000	0.18639	0.34250	0.05560	0.00906	0.00243	0.00344	0.01363	0.00626	0.00555
14	0.01321	0.01074	0.01407	0.09207	0.11485	0.02824	0.01063	0.05747	0.13394	0.03875	0.02189	0.15986	0.02135	0.11801	0.10281	0.00380	0.00757	0.03849	0.00481	0.00743
15	0.01781	0.65094	0.06056	0.01252	0.03262	0.08632	0.01191	0.03460	0.01399	0.01613	0.00938	0.01084	0.00839	0.00570	0.00447	0.00146	0.00744	0.00367	0.00290	0.00837
16	0.01655	0.01125	0.01194	0.01044	0.01355	0.01231	0.00821	0.14441	0.27510	0.06377	0.02223	0.02249	0.01672	0.00804	0.00571	0.00186	0.00462	0.00648	0.33565	0.00867
17	0.00933	0.00633	0.00828	0.00934	0.01027	0.00599	0.00690	0.01082	0.01309	0.03587	0.03577	0.43172	0.10300	0.05371	0.01005	0.03577	0.00445	0.17749	0.02640	0.00544
18	0.00884	0.00607	0.00740	0.00807	0.00830	0.00592	0.00508	0.00944	0.01086	0.01446	0.02716	0.33387	0.03187	0.43386	0.02183	0.00464	0.00524	0.04768	0.00485	0.00455
19	0.00941	0.00625	0.00744	0.00740	0.00778	0.00610	0.00457	0.00975	0.01116	0.01503	0.14221	0.06189	0.06607	0.50755	0.02584	0.08746	0.00543	0.00986	0.00451	0.00429
20	0.01667	0.01370	0.02059	0.25489	0.27790	0.01497	0.01611	0.07459	0.13370	0.08842	0.01580	0.01825	0.01190	0.00684	0.00646	0.00205	0.00730	0.00608	0.00435	0.00941
21	0.00803	0.00588	0.00726	0.00827	0.00894	0.00542	0.00552	0.00910	0.01243	0.01615	0.03930	0.53786	0.17153	0.11880	0.01138	0.00302	0.00399	0.01628	0.00572	0.00511
22	0.01312	0.01119	0.01310	0.00954	0.01501	0.00844	0.00757	0.01591	0.01335	0.02083	0.01269	0.05122	0.01123	0.00556	0.00496	0.00104	0.00473	0.00456	0.00394	0.77200
23	0.03464	0.01093	0.01511	0.01813	0.19626	0.04660	0.03194	0.01656	0.02976	0.07793	0.11722	0.15544	0.06298	0.01351	0.03414	0.03521	0.00625	0.08481	0.00511	0.00747
24	0.06763	0.00825	0.01027	0.00938	0.01076	0.00857	0.00677	0.11162	0.01262	0.05344	0.01537	0.02197	0.04114	0.07085	0.03686	0.49350	0.00600	0.00616	0.00389	0.00493
25	0.01114	0.00708	0.00867	0.00862	0.01017	0.00659	0.00626	0.01322	0.03389	0.09916	0.13722	0.20754	0.18068	0.16677	0.01276	0.00312	0.00448	0.07064	0.00598	0.00600
26	0.01066	0.00644	0.00912	0.00987	0.04509	0.00631	0.00649	0.01004	0.01098	0.01488	0.08576	0.06122	0.08579	0.05252	0.03799	0.46457	0.00544	0.03943	0.03318	0.00422
27	0.06031	0.02239	0.01915	0.17282	0.14623	0.40712	0.01443	0.02201	0.01593	0.01751	0.01088	0.01397	0.00892	0.00791	0.03219	0.00213	0.01021	0.00482	0.00325	0.00781
28	0.02908	0.01222	0.01824	0.17098	0.24363	0.01286	0.03238	0.06938	0.06479	0.02143	0.05376	0.07186	0.07217	0.04333	0.00787	0.00225	0.00665	0.02210	0.00433	0.04070
29	0.01646	0.01245	0.01364	0.01197	0.01535	0.01360	0.00946	0.19157	0.30357	0.05757	0.06393	0.08840	0.08495	0.01073	0.00686	0.00216	0.00520	0.04419	0.03890	0.00902
30	0.00946	0.00743	0.00953	0.04795	0.03778	0.00750	0.00722	0.01197	0.04417	0.01858	0.13361	0.29606	0.17999	0.07856	0.01030	0.00265	0.03937	0.01301	0.03893	0.00591
31	0.58097	0.01271	0.01220	0.07769	0.04531	0.01438	0.00908	0.05651	0.02910	0.09367	0.01161	0.01296	0.00860	0.00637	0.00474	0.00201	0.00559	0.00428	0.00442	0.00780
32	0.01387	0.01248	0.01887	0.33205	0.20055	0.01330	0.01506	0.04691	0.04715	0.02021	0.01473	0.01829	0.03626	0.00653	0.00613	0.00185	0.00710	0.00576	0.02560	0.15731
33	0.01089	0.00840	0.00947	0.01011	0.04305	0.03938	0.00637	0.05500	0.01285	0.01684	0.06264	0.21350	0.04970	0.39232	0.02018	0.00428	0.00574	0.02914	0.00480	0.00535
34	0.04572	0.04381	0.01128	0.07894	0.04320	0.00913	0.00753	0.04848	0.01367	0.01881	0.14352	0.13762	0.09155	0.26146	0.01545	0.00348	0.00540	0.01019	0.00488	0.00588
35	0.08209	0.06380	0.02044	0.04828	0.23465	0.13826	0.03129	0.11544	0.03606	0.05625	0.02941	0.01716	0.02823	0.02235	0.00654	0.00193	0.00757	0.00558	0.00420	0.05047
36	0.01740	0.09481	0.02105	0.11999	0.11084	0.06440	0.07709	0.11208	0.13793	0.07403	0.01778	0.03977	0.03008	0.04540	0.00768	0.00220	0.00734	0.00661	0.00465	0.00888
37	0.03708	0.11180	0.06555	0.01591	0.09764	0.08688	0.01217	0.07419	0.21134	0.09687	0.01688	0.01709	0.01279	0.00693	0.00585	0.00180	0.00668	0.00546	0.00489	0.11221
38	0.04822	0.11660	0.14953	0.04648	0.09768	0.01535	0.04253	0.03803	0.17967	0.05330	0.04542	0.03760	0.01475	0.00726	0.00601	0.00190	0.00671	0.00606	0.00444	0.08248
