[name]
unknown

[dist]
# distance from previous block
# <min> <max>
16	46

[block]
# block no. 0 follows, 34 sequences, length 69
# corresponding to MSA columns:
# 50-118
name=unknown_A
#
# <colnr> <probs for GDERKNQSTAVLIFYWHMCP>
#	G	D	E	R	K	N	Q	S	T	A	V	L	I	F	Y	W	H	M	C	P
0	0.04778	0.01275	0.01765	0.09492	0.06344	0.04821	0.09753	0.09548	0.04300	0.13006	0.06255	0.06443	0.01796	0.03385	0.07219	0.00294	0.02557	0.02796	0.03353	0.00820
1	0.06240	0.01342	0.01576	0.03345	0.06854	0.09492	0.05819	0.09404	0.06181	0.08301	0.07959	0.11360	0.03777	0.03564	0.07321	0.00298	0.02993	0.02883	0.00508	0.00784
2	0.06835	0.04164	0.04438	0.04030	0.03982	0.08689	0.04536	0.17288	0.06583	0.10585	0.05974	0.08210	0.01760	0.03072	0.04315	0.00252	0.00729	0.00719	0.02981	0.00856
3	0.04894	0.07832	0.04470	0.03802	0.08211	0.01454	0.07201	0.20707	0.01877	0.10043	0.06927	0.03999	0.03482	0.04567	0.00805	0.02127	0.00660	0.00678	0.02892	0.03372
4	0.06891	0.01744	0.06448	0.09420	0.21599	0.10355	0.06530	0.10138	0.07108	0.04395	0.05480	0.01774	0.01334	0.00709	0.00684	0.00201	0.03272	0.00598	0.00420	0.00901
5	0.03824	0.01546	0.02179	0.18117	0.34591	0.04365	0.01652	0.18998	0.01821	0.02508	0.01294	0.01606	0.01011	0.00649	0.00629	0.00195	0.00768	0.00566	0.02734	0.00947
6	0.26007	0.03899	0.01713	0.03583	0.04591	0.04483	0.03190	0.31143	0.02055	0.09410	0.01361	0.01435	0.00988	0.00688	0.00563	0.00192	0.00663	0.00505	0.00523	0.03008
7	0.14316	0.01166	0.01301	0.00975	0.01506	0.00988	0.00786	0.01913	0.03463	0.11165	0.01327	0.01433	0.01026	0.00550	0.00493	0.00129	0.00492	0.00421	0.00446	0.56108
8	0.01607	0.01388	0.01461	0.01315	0.01680	0.01607	0.01023	0.03433	0.72094	0.02703	0.02630	0.02411	0.01972	0.00877	0.00657	0.00219	0.00511	0.00731	0.00657	0.01023
9	0.68477	0.01224	0.01043	0.00901	0.01317	0.01365	0.00742	0.02111	0.01227	0.14898	0.01179	0.01244	0.00852	0.00634	0.00442	0.00200	0.00508	0.00401	0.00468	0.00768
10	0.00824	0.00657	0.00738	0.00718	0.00910	0.00571	0.00538	0.01044	0.01615	0.02083	0.33042	0.05663	0.46293	0.01510	0.00763	0.00212	0.00318	0.01286	0.00644	0.00571
11	0.00930	0.00671	0.00886	0.00860	0.01012	0.00627	0.00664	0.01234	0.01786	0.02508	0.64180	0.05136	0.05798	0.01379	0.00778	0.00215	0.00341	0.09688	0.00697	0.00608
12	0.00918	0.00617	0.00711	0.00733	0.00738	0.00612	0.00421	0.00934	0.00982	0.01309	0.02254	0.14598	0.02624	0.66548	0.02937	0.00574	0.00591	0.01068	0.00421	0.00411
13	0.01041	0.00744	0.01041	0.01190	0.01339	0.00744	0.01041	0.01339	0.01487	0.01934	0.03421	0.07288	0.03719	0.01785	0.00892	0.00297	0.00595	0.68913	0.00595	0.00595
14	0.02414	0.03079	0.01831	0.01665	0.01998	0.74698	0.01248	0.02580	0.01831	0.01581	0.00999	0.01165	0.00832	0.00666	0.00583	0.00166	0.01165	0.00416	0.00333	0.00749
15	0.01041	0.00744	0.01041	0.01190	0.01339	0.00744	0.01041	0.01339	0.01487	0.01934	0.03421	0.07288	0.03719	0.01785	0.00892	0.00297	0.00595	0.68913	0.00595	0.00595
16	0.81856	0.01250	0.00950	0.00850	0.01250	0.01449	0.00700	0.01899	0.01100	0.02899	0.00900	0.01050	0.00700	0.00600	0.00400	0.00200	0.00500	0.00350	0.00400	0.00700
17	0.81856	0.01250	0.00950	0.00850	0.01250	0.01449	0.00700	0.01899	0.01100	0.02899	0.00900	0.01050	0.00700	0.00600	0.00400	0.00200	0.00500	0.00350	0.00400	0.00700
18	0.01340	0.01148	0.01340	0.00957	0.01531	0.00861	0.00766	0.01627	0.01340	0.02105	0.01148	0.01340	0.00957	0.00479	0.00479	0.00096	0.00479	0.00383	0.00383	0.81242
19	0.02445	0.01809	0.06042	0.01465	0.02005	0.01842	0.01260	0.58593	0.02792	0.12693	0.01654	0.01622	0.01145	0.00769	0.00645	0.00195	0.00705	0.00584	0.00644	0.01091
20	0.01630	0.01437	0.01768	0.01989	0.19761	0.01600	0.01271	0.05031	0.52261	0.02593	0.02241	0.02181	0.01707	0.00798	0.00653	0.00212	0.00582	0.00687	0.00572	0.01025
21	0.00919	0.00692	0.00855	0.00826	0.00990	0.00649	0.00614	0.01271	0.05774	0.02376	0.51914	0.11996	0.15875	0.01413	0.00762	0.00212	0.00327	0.01239	0.00680	0.00615
22	0.06732	0.04890	0.31917	0.01647	0.06123	0.03681	0.03426	0.07672	0.01532	0.08771	0.01281	0.01439	0.00945	0.00637	0.00640	0.00185	0.03685	0.00488	0.00383	0.13928
23	0.01296	0.03342	0.73944	0.01842	0.02797	0.01501	0.02387	0.02046	0.01364	0.02046	0.01160	0.01364	0.00818	0.00614	0.00614	0.00205	0.00955	0.00477	0.00273	0.00955
24	0.01580	0.01360	0.01438	0.01296	0.01653	0.01569	0.01007	0.03348	0.69381	0.02699	0.05345	0.02504	0.02132	0.00894	0.00662	0.00219	0.00503	0.00747	0.00660	0.01007
25	0.01208	0.01119	0.01679	0.10985	0.01900	0.01457	0.03475	0.01433	0.01064	0.01563	0.01234	0.01888	0.01143	0.02449	0.29236	0.00557	0.36018	0.00621	0.00309	0.00665
26	0.01793	0.70680	0.03245	0.01151	0.01690	0.06703	0.01118	0.04427	0.01404	0.01614	0.00927	0.01062	0.00839	0.00567	0.00433	0.00142	0.00719	0.00358	0.00293	0.00834
27	0.00940	0.00626	0.00705	0.00705	0.00705	0.00626	0.00392	0.00940	0.00940	0.01253	0.02036	0.04228	0.02349	0.77292	0.03289	0.00626	0.00626	0.00940	0.00392	0.00392
28	0.00787	0.00562	0.00750	0.00900	0.00937	0.00525	0.00600	0.00900	0.01237	0.01649	0.03561	0.76871	0.04274	0.02024	0.00825	0.00262	0.00375	0.01837	0.00600	0.00525
29	0.00925	0.00683	0.00992	0.00992	0.01092	0.00783	0.00750	0.01124	0.01025	0.01466	0.01773	0.02771	0.01716	0.14828	0.64888	0.00982	0.01579	0.00726	0.00352	0.00551
30	0.01414	0.02189	0.26265	0.11214	0.03318	0.01567	0.40448	0.02012	0.01445	0.02012	0.01240	0.01618	0.00914	0.00579	0.00700	0.00213	0.01018	0.00648	0.00305	0.00880
31	0.00787	0.00562	0.00750	0.00900	0.00937	0.00525	0.00600	0.00900	0.01237	0.01649	0.03561	0.76871	0.04274	0.02024	0.00825	0.00262	0.00375	0.01837	0.00600	0.00525
32	0.00940	0.00626	0.00705	0.00705	0.00705	0.00626	0.00392	0.00940	0.00940	0.01253	0.02036	0.04228	0.02349	0.77292	0.03289	0.00626	0.00626	0.00940	0.00392	0.00392
33	0.02669	0.01468	0.01728	0.01324	0.01833	0.01496	0.01094	0.38403	0.02466	0.37584	0.02031	0.01863	0.01340	0.00787	0.00648	0.00197	0.00633	0.00614	0.00720	0.01099
34	0.01727	0.77681	0.03386	0.01106	0.01658	0.02557	0.01106	0.01935	0.01313	0.01520	0.00898	0.01036	0.00829	0.00553	0.00415	0.00138	0.00691	0.00345	0.00276	0.00829
35	0.02040	0.02481	0.01632	0.01508	0.01786	0.56182	0.01138	0.02223	0.01632	0.01561	0.01182	0.01509	0.01029	0.01713	0.19163	0.00385	0.01307	0.00485	0.00336	0.00706
36	0.01727	0.77681	0.03386	0.01106	0.01658	0.02557	0.01106	0.01935	0.01313	0.01520	0.00898	0.01036	0.00829	0.00553	0.00415	0.00138	0.00691	0.00345	0.00276	0.00829
37	0.00787	0.00562	0.00750	0.00900	0.00937	0.00525	0.00600	0.00900	0.01237	0.01649	0.03561	0.76871	0.04274	0.02024	0.00825	0.00262	0.00375	0.01837	0.00600	0.00525
38	0.00764	0.00655	0.00655	0.00655	0.00873	0.00545	0.00491	0.00927	0.01473	0.01745	0.06546	0.06218	0.73000	0.01636	0.00764	0.00218	0.00327	0.01364	0.00600	0.00545
39	0.01340	0.01148	0.01340	0.00957	0.01531	0.00861	0.00766	0.01627	0.01340	0.02105	0.01148	0.01340	0.00957	0.00479	0.00479	0.00096	0.00479	0.00383	0.00383	0.81242
40	0.00764	0.00655	0.00655	0.00655	0.00873	0.00545	0.00491	0.00927	0.01473	0.01745	0.06546	0.06218	0.73000	0.01636	0.00764	0.00218	0.00327	0.01364	0.00600	0.00545
41	0.02454	0.01887	0.01933	0.01497	0.02003	0.06430	0.01229	0.66935	0.02964	0.03920	0.01518	0.01528	0.01083	0.00769	0.00642	0.00192	0.00739	0.00572	0.00627	0.01078
42	0.01860	0.01417	0.02352	0.05269	0.46346	0.01368	0.06161	0.02220	0.01547	0.18214	0.01516	0.01732	0.01142	0.00621	0.00641	0.00191	0.00726	0.00593	0.00431	0.05653
43	0.01732	0.01826	0.02369	0.11978	0.49549	0.17487	0.01800	0.02074	0.01528	0.01941	0.01160	0.01519	0.00963	0.00604	0.00628	0.00189	0.00865	0.00541	0.00319	0.00927
44	0.00938	0.00679	0.01004	0.01004	0.01104	0.00779	0.00765	0.01119	0.01019	0.01458	0.01706	0.02601	0.01625	0.09073	0.65277	0.06681	0.01581	0.00698	0.00344	0.00545
45	0.01525	0.01743	0.03813	0.02723	0.03377	0.01634	0.70915	0.02070	0.01525	0.02070	0.01307	0.01743	0.00980	0.00545	0.00763	0.00218	0.01089	0.00763	0.00327	0.00871
46	0.01400	0.04121	0.01741	0.16659	0.10271	0.01221	0.01179	0.03975	0.01380	0.02024	0.01143	0.01447	0.00939	0.00574	0.00629	0.00147	0.04972	0.00459	0.00355	0.45362
47	0.01429	0.01122	0.01304	0.03982	0.01560	0.03070	0.02964	0.05917	0.28169	0.07046	0.03060	0.16205	0.11848	0.01358	0.03352	0.03127	0.00569	0.02524	0.00590	0.00803
48	0.00775	0.00650	0.00660	0.00665	0.00864	0.00550	0.00488	0.00927	0.01433	0.01712	0.06179	0.08100	0.66632	0.06377	0.00923	0.00245	0.00347	0.01351	0.00587	0.00535
49	0.02899	0.01100	0.01499	0.01150	0.01649	0.00950	0.00950	0.03149	0.01849	0.73709	0.02549	0.02199	0.01599	0.00800	0.00650	0.00200	0.00550	0.00650	0.00800	0.01100
50	0.01577	0.01513	0.02583	0.08110	0.69288	0.01529	0.01972	0.01964	0.01461	0.02084	0.01212	0.01606	0.01014	0.00580	0.00640	0.00193	0.00773	0.00576	0.00318	0.01006
51	0.00976	0.00700	0.01058	0.01019	0.01123	0.00770	0.03154	0.01115	0.01044	0.01474	0.04350	0.02713	0.01776	0.12876	0.49829	0.13081	0.01344	0.00723	0.00355	0.00521
52	0.00783	0.00655	0.00682	0.00675	0.00885	0.00554	0.00506	0.00965	0.01519	0.01855	0.15131	0.06038	0.64345	0.01596	0.00763	0.00216	0.00324	0.01338	0.00614	0.00554
53	0.02839	0.01196	0.01559	0.01195	0.01698	0.01093	0.00988	0.12390	0.02011	0.64240	0.02413	0.02111	0.01531	0.00796	0.00649	0.00199	0.00572	0.00641	0.00779	0.01100
54	0.01526	0.01463	0.02478	0.16459	0.58498	0.01535	0.01928	0.01909	0.01422	0.02009	0.01190	0.01614	0.00988	0.00609	0.00697	0.00199	0.03630	0.00575	0.00313	0.00958
55	0.00950	0.00646	0.00778	0.03630	0.00898	0.00658	0.00494	0.00980	0.00987	0.01314	0.02094	0.08267	0.02385	0.63312	0.04793	0.03253	0.00646	0.03093	0.00401	0.00419
56	0.01220	0.01148	0.01938	0.75739	0.04450	0.01436	0.01794	0.01651	0.01292	0.01651	0.01148	0.01723	0.00861	0.00646	0.00646	0.00215	0.00861	0.00574	0.00287	0.00718
57	0.01658	0.01413	0.01489	0.01325	0.01699	0.01631	0.01035	0.07453	0.67993	0.02784	0.02566	0.02360	0.01921	0.00871	0.00657	0.00218	0.00523	0.00722	0.00657	0.01027
58	0.01405	0.01187	0.01375	0.00988	0.01559	0.00928	0.00793	0.05680	0.01439	0.02220	0.01172	0.01352	0.00965	0.00496	0.00488	0.00101	0.00492	0.00394	0.00398	0.76568
59	0.01599	0.01535	0.02623	0.03966	0.73262	0.01535	0.01983	0.01983	0.01471	0.02111	0.01215	0.01599	0.01023	0.00576	0.00640	0.00192	0.00768	0.00576	0.00320	0.01023
60	0.00769	0.00655	0.00663	0.00661	0.00876	0.00548	0.00495	0.00939	0.01486	0.01778	0.09098	0.06165	0.70427	0.01624	0.00764	0.00218	0.00326	0.01356	0.00604	0.00548
61	0.01464	0.02825	0.57551	0.01710	0.02545	0.01373	0.04469	0.02111	0.01450	0.10672	0.04281	0.01772	0.03507	0.00695	0.00634	0.00205	0.00865	0.00564	0.00366	0.00943
62	0.01616	0.01581	0.02926	0.03533	0.51440	0.01546	0.21420	0.02041	0.01497	0.04184	0.01280	0.01657	0.01028	0.00573	0.00675	0.00199	0.00852	0.00631	0.00336	0.00983
63	0.01525	0.01743	0.03813	0.02723	0.03377	0.01634	0.70915	0.02070	0.01525	0.02070	0.01307	0.01743	0.00980	0.00545	0.00763	0.00218	0.01089	0.00763	0.00327	0.00871
64	0.00923	0.00692	0.01038	0.01038	0.01154	0.00808	0.00808	0.01154	0.01038	0.01500	0.01731	0.02538	0.01615	0.04846	0.74732	0.01038	0.01731	0.00692	0.00346	0.00577
65	0.01539	0.06492	0.24882	0.19305	0.21443	0.04026	0.01915	0.09033	0.01560	0.02134	0.01191	0.01502	0.00912	0.00626	0.00619	0.00198	0.00851	0.00526	0.00329	0.00919
66	0.01349	0.03205	0.67774	0.01874	0.02798	0.01525	0.05878	0.04499	0.01432	0.02119	0.01181	0.01390	0.00837	0.00616	0.00623	0.00205	0.00953	0.00496	0.00289	0.00956
67	0.00764	0.00655	0.00655	0.00655	0.00873	0.00545	0.00491	0.00927	0.01473	0.01745	0.06546	0.06218	0.73000	0.01636	0.00764	0.00218	0.00327	0.01364	0.00600	0.00545
68	0.81856	0.01250	0.00950	0.00850	0.01250	0.01449	0.00700	0.01899	0.01100	0.02899	0.00900	0.01050	0.00700	0.00600	0.00400	0.00200	0.00500	0.00350	0.00400	0.00700

[dist]
# distance from previous block
# <min> <max>
0	1

[block]
# block no. 1 follows, 34 sequences, length 197
# corresponding to MSA columns:
# 120-316
name=unknown_B
#
# <colnr> <probs for GDERKNQSTAVLIFYWHMCP>
#	G	D	E	R	K	N	Q	S	T	A	V	L	I	F	Y	W	H	M	C	P
0	0.81856	0.01250	0.00950	0.00850	0.01250	0.01449	0.00700	0.01899	0.01100	0.02899	0.00900	0.01050	0.00700	0.00600	0.00400	0.00200	0.00500	0.00350	0.00400	0.00700
1	0.02456	0.01810	0.01939	0.01487	0.02004	0.02004	0.01228	0.71107	0.03038	0.04072	0.01551	0.01551	0.01099	0.00776	0.00646	0.00194	0.00711	0.00582	0.00646	0.01099
2	0.01340	0.01148	0.01340	0.00957	0.01531	0.00861	0.00766	0.01627	0.01340	0.02105	0.01148	0.01340	0.00957	0.00479	0.00479	0.00096	0.00479	0.00383	0.00383	0.81242
3	0.00764	0.00655	0.00655	0.00655	0.00873	0.00545	0.00491	0.00927	0.01473	0.01745	0.06546	0.06218	0.73000	0.01636	0.00764	0.00218	0.00327	0.01364	0.00600	0.00545
4	0.01246	0.01160	0.01941	0.59638	0.13972	0.01382	0.01720	0.01641	0.01302	0.01701	0.01287	0.04743	0.01076	0.03698	0.00756	0.00230	0.00820	0.00638	0.00308	0.00741
5	0.01538	0.01473	0.02512	0.15528	0.62177	0.01519	0.01953	0.01929	0.01442	0.02037	0.01205	0.01619	0.00997	0.00587	0.00641	0.00196	0.00783	0.00575	0.00315	0.00974
6	0.01115	0.00566	0.00849	0.00849	0.00853	0.00570	0.00570	0.00853	0.00849	0.01135	0.01144	0.01984	0.01140	0.02335	0.05042	0.78406	0.00602	0.00566	0.00283	0.00291
7	0.02427	0.01795	0.01922	0.01481	0.01992	0.01990	0.01221	0.68748	0.05445	0.04024	0.01589	0.01581	0.01129	0.00779	0.00647	0.00195	0.00704	0.00587	0.00647	0.01096
8	0.01352	0.03261	0.68324	0.01918	0.05531	0.04365	0.02327	0.02065	0.01387	0.02031	0.01155	0.01366	0.00827	0.00614	0.00614	0.00203	0.00956	0.00479	0.00277	0.00950
9	0.00936	0.00706	0.01030	0.01026	0.01125	0.00821	0.00784	0.01140	0.01034	0.01484	0.01783	0.04825	0.01734	0.11134	0.63840	0.00955	0.03982	0.00744	0.00356	0.00563
10	0.01525	0.01743	0.03813	0.02723	0.03377	0.01634	0.70915	0.02070	0.01525	0.02070	0.01307	0.01743	0.00980	0.00545	0.00763	0.00218	0.01089	0.00763	0.00327	0.00871
11	0.02515	0.01129	0.01435	0.01125	0.01568	0.01054	0.00920	0.13367	0.01987	0.50685	0.08110	0.02333	0.01895	0.00834	0.00641	0.00195	0.00532	0.00677	0.07984	0.01015
12	0.02043	0.04542	0.04366	0.02188	0.24879	0.01589	0.01414	0.22954	0.09361	0.14775	0.01754	0.04316	0.01339	0.00754	0.00642	0.00197	0.00677	0.00637	0.00540	0.01032
13	0.01348	0.02003	0.26776	0.31190	0.22337	0.01485	0.02048	0.01875	0.01365	0.01910	0.01170	0.01567	0.00890	0.00616	0.00633	0.00205	0.00868	0.00541	0.00291	0.00881
14	0.00914	0.00660	0.00864	0.00813	0.00965	0.00610	0.00610	0.01219	0.01829	0.02591	0.72921	0.04827	0.06097	0.01321	0.00762	0.00203	0.00305	0.01169	0.00711	0.00610
15	0.01204	0.00602	0.00602	0.00602	0.00753	0.00602	0.00452	0.01506	0.01355	0.02409	0.02108	0.02409	0.01656	0.00753	0.00452	0.00151	0.00301	0.00602	0.80879	0.00602
16	0.01425	0.02486	0.40633	0.05163	0.33452	0.01514	0.02192	0.02006	0.01408	0.02061	0.01183	0.01478	0.00909	0.00598	0.00626	0.00199	0.00871	0.00523	0.00294	0.00977
17	0.00777	0.00644	0.00682	0.00709	0.00898	0.00549	0.00526	0.00937	0.01439	0.01738	0.05999	0.16672	0.60495	0.01699	0.00777	0.00227	0.00343	0.03746	0.00600	0.00544
18	0.00798	0.00570	0.00762	0.00912	0.00954	0.00534	0.00619	0.00918	0.01248	0.01662	0.03555	0.73911	0.04250	0.02014	0.00828	0.00264	0.00384	0.04690	0.00600	0.00528
19	0.01713	0.75107	0.05829	0.01131	0.01698	0.02520	0.01150	0.01939	0.01315	0.01538	0.00907	0.01048	0.00829	0.00555	0.00421	0.00140	0.00700	0.00350	0.00276	0.00834
20	0.01518	0.04298	0.33845	0.02431	0.23355	0.04414	0.06990	0.06368	0.03516	0.02165	0.01334	0.04440	0.01077	0.00671	0.00638	0.00201	0.00861	0.00588	0.00340	0.00952
21	0.01436	0.01247	0.01517	0.11669	0.04073	0.01383	0.03793	0.08146	0.36265	0.02419	0.03097	0.03026	0.17207	0.00981	0.00682	0.00215	0.00566	0.00832	0.00570	0.00876
22	0.01758	0.01346	0.01316	0.01122	0.01392	0.09219	0.00893	0.23825	0.01902	0.02754	0.01669	0.01890	0.01299	0.00793	0.00715	0.00181	0.09005	0.00571	0.37562	0.00788
23	0.01340	0.01148	0.01340	0.00957	0.01531	0.00861	0.00766	0.01627	0.01340	0.02105	0.01148	0.01340	0.00957	0.00479	0.00479	0.00096	0.00479	0.00383	0.00383	0.81242
24	0.01410	0.05645	0.55791	0.01955	0.02812	0.05500	0.13828	0.02075	0.01415	0.02007	0.01167	0.01406	0.00847	0.00603	0.00630	0.00202	0.00980	0.00518	0.00285	0.00925
25	0.04524	0.01452	0.01521	0.01327	0.01718	0.01666	0.01045	0.14370	0.58422	0.02932	0.02395	0.02224	0.01786	0.00851	0.00647	0.00214	0.00543	0.00693	0.00647	0.01024
26	0.02813	0.01128	0.01573	0.01335	0.06367	0.00988	0.01018	0.03072	0.01824	0.68993	0.02461	0.02160	0.01561	0.00785	0.00649	0.00199	0.00564	0.00645	0.00768	0.01095
27	0.01340	0.01148	0.01340	0.00957	0.01531	0.00861	0.00766	0.01627	0.01340	0.02105	0.01148	0.01340	0.00957	0.00479	0.00479	0.00096	0.00479	0.00383	0.00383	0.81242
28	0.01397	0.01389	0.01947	0.01674	0.01678	0.01939	0.01393	0.01541	0.00991	0.01553	0.00879	0.01453	0.00875	0.01260	0.04635	0.00309	0.73534	0.00570	0.00285	0.00702
29	0.01502	0.01426	0.02423	0.13756	0.58941	0.01473	0.01879	0.01882	0.01418	0.02007	0.01240	0.01678	0.01040	0.00867	0.05521	0.00251	0.00844	0.00583	0.00317	0.00952
30	0.01340	0.01148	0.01340	0.00957	0.01531	0.00861	0.00766	0.01627	0.01340	0.02105	0.01148	0.01340	0.00957	0.00479	0.00479	0.00096	0.00479	0.00383	0.00383	0.81242
31	0.00923	0.00692	0.01038	0.01038	0.01154	0.00808	0.00808	0.01154	0.01038	0.01500	0.01731	0.02538	0.01615	0.04846	0.74732	0.01038	0.01731	0.00692	0.00346	0.00577
32	0.00914	0.00660	0.00864	0.00813	0.00965	0.00610	0.00610	0.01219	0.01829	0.02591	0.72921	0.04827	0.06097	0.01321	0.00762	0.00203	0.00305	0.01169	0.00711	0.00610
33	0.02899	0.01100	0.01499	0.01150	0.01649	0.00950	0.00950	0.03149	0.01849	0.73709	0.02549	0.02199	0.01599	0.00800	0.00650	0.00200	0.00550	0.00650	0.00800	0.01100
34	0.00940	0.00626	0.00705	0.00705	0.00705	0.00626	0.00392	0.00940	0.00940	0.01253	0.02036	0.04228	0.02349	0.77292	0.03289	0.00626	0.00626	0.00940	0.00392	0.00392
35	0.01220	0.01148	0.01938	0.75739	0.04450	0.01436	0.01794	0.01651	0.01292	0.01651	0.01148	0.01723	0.00861	0.00646	0.00646	0.00215	0.00861	0.00574	0.00287	0.00718
36	0.00923	0.00692	0.01038	0.01038	0.01154	0.00808	0.00808	0.01154	0.01038	0.01500	0.01731	0.02538	0.01615	0.04846	0.74732	0.01038	0.01731	0.00692	0.00346	0.00577
37	0.02899	0.01100	0.01499	0.01150	0.01649	0.00950	0.00950	0.03149	0.01849	0.73709	0.02549	0.02199	0.01599	0.00800	0.00650	0.00200	0.00550	0.00650	0.00800	0.01100
38	0.01588	0.03888	0.02304	0.27825	0.37978	0.11682	0.01791	0.01952	0.01456	0.01864	0.01153	0.01564	0.00936	0.00611	0.00627	0.00195	0.00852	0.00546	0.00309	0.00876
39	0.01340	0.01148	0.01340	0.00957	0.01531	0.00861	0.00766	0.01627	0.01340	0.02105	0.01148	0.01340	0.00957	0.00479	0.00479	0.00096	0.00479	0.00383	0.00383	0.81242
40	0.00823	0.00613	0.00878	0.00979	0.01043	0.00574	0.03369	0.00957	0.01255	0.01673	0.03469	0.72091	0.04130	0.01960	0.00824	0.00262	0.00409	0.03562	0.00589	0.00540
41	0.01607	0.01388	0.01461	0.01315	0.01680	0.01607	0.01023	0.03433	0.72094	0.02703	0.02630	0.02411	0.01972	0.00877	0.00657	0.00219	0.00511	0.00731	0.00657	0.01023
42	0.13907	0.43982	0.02577	0.01212	0.01622	0.06253	0.01103	0.01949	0.01273	0.05009	0.00969	0.01170	0.00848	0.00687	0.00756	0.00179	0.14981	0.00406	0.00323	0.00794
43	0.01345	0.03046	0.64546	0.01734	0.02610	0.01439	0.02183	0.04369	0.01452	0.03980	0.03569	0.01686	0.03830	0.00685	0.00626	0.00205	0.00892	0.00541	0.00325	0.00937
44	0.01814	0.01342	0.01467	0.01288	0.01675	0.01502	0.01011	0.03388	0.60866	0.14053	0.02617	0.02377	0.01913	0.00864	0.00656	0.00216	0.00518	0.00718	0.00680	0.01035
45	0.00923	0.00692	0.01038	0.01038	0.01154	0.00808	0.00808	0.01154	0.01038	0.01500	0.01731	0.02538	0.01615	0.04846	0.74732	0.01038	0.01731	0.00692	0.00346	0.00577
46	0.04122	0.01962	0.17944	0.03092	0.37799	0.01551	0.20018	0.02016	0.01451	0.02112	0.01217	0.01569	0.00958	0.00576	0.00659	0.00202	0.00882	0.00596	0.00314	0.00959
47	0.01559	0.01789	0.05853	0.05051	0.18358	0.04468	0.48971	0.02058	0.01513	0.02046	0.01266	0.01676	0.00975	0.00561	0.00721	0.00210	0.01012	0.00693	0.00323	0.00898
48	0.00977	0.00698	0.00967	0.01116	0.01236	0.00688	0.00929	0.01227	0.01424	0.01861	0.03457	0.25006	0.03860	0.01846	0.00875	0.00289	0.00539	0.51834	0.00596	0.00577
49	0.00805	0.00575	0.00771	0.00920	0.00966	0.00540	0.00631	0.00931	0.01255	0.01670	0.03551	0.71903	0.04234	0.02007	0.00830	0.00265	0.00391	0.06625	0.00599	0.00530
50	0.01700	0.17734	0.06120	0.04566	0.37364	0.08407	0.06338	0.04729	0.01513	0.01984	0.01135	0.01437	0.00947	0.00603	0.00634	0.00184	0.02830	0.00521	0.00321	0.00931
51	0.01727	0.77681	0.03386	0.01106	0.01658	0.02557	0.01106	0.01935	0.01313	0.01520	0.00898	0.01036	0.00829	0.00553	0.00415	0.00138	0.00691	0.00345	0.00276	0.00829
52	0.79460	0.01305	0.00976	0.00874	0.01272	0.03659	0.00716	0.01920	0.01122	0.02859	0.00903	0.01053	0.00704	0.00602	0.00405	0.00199	0.00520	0.00352	0.00398	0.00701
53	0.00895	0.00660	0.00837	0.00793	0.00954	0.00602	0.00595	0.01182	0.01784	0.02484	0.64522	0.05003	0.14562	0.01361	0.00762	0.00205	0.00308	0.01193	0.00697	0.00602
54	0.01538	0.01593	0.07661	0.17735	0.30148	0.01559	0.07391	0.05736	0.15712	0.02227	0.01507	0.01779	0.01166	0.00661	0.00653	0.00205	0.00773	0.00615	0.00395	0.00947
55	0.01316	0.01246	0.02111	0.57652	0.21791	0.01461	0.01842	0.01735	0.01337	0.01767	0.01165	0.01692	0.00902	0.00628	0.00644	0.00209	0.00838	0.00575	0.00295	0.00795
56	0.05996	0.01105	0.01478	0.01138	0.01634	0.00969	0.00940	0.03100	0.01820	0.70932	0.02484	0.02154	0.01564	0.00792	0.00640	0.00200	0.00548	0.00638	0.00784	0.01084
57	0.00896	0.00660	0.00838	0.00793	0.00954	0.00602	0.00595	0.01183	0.01785	0.02487	0.64738	0.04998	0.14345	0.01360	0.00762	0.00205	0.00308	0.01193	0.00698	0.00602
58	0.02899	0.01100	0.01499	0.01150	0.01649	0.00950	0.00950	0.03149	0.01849	0.73709	0.02549	0.02199	0.01599	0.00800	0.00650	0.00200	0.00550	0.00650	0.00800	0.01100
59	0.00930	0.00622	0.00708	0.00718	0.00720	0.00620	0.00405	0.00937	0.00959	0.01279	0.02136	0.09014	0.02476	0.72334	0.03126	0.00602	0.00610	0.00999	0.00405	0.00400
60	0.02104	0.01618	0.01731	0.01406	0.01852	0.01812	0.01134	0.45462	0.26324	0.03514	0.01995	0.04798	0.01519	0.00859	0.00657	0.00205	0.00630	0.00681	0.00648	0.01051
61	0.01525	0.01743	0.03813	0.02723	0.03377	0.01634	0.70915	0.02070	0.01525	0.02070	0.01307	0.01743	0.00980	0.00545	0.00763	0.00218	0.01089	0.00763	0.00327	0.00871
62	0.00923	0.00692	0.01038	0.01038	0.01154	0.00808	0.00808	0.01154	0.01038	0.01500	0.01731	0.02538	0.01615	0.04846	0.74732	0.01038	0.01731	0.00692	0.00346	0.00577
63	0.01352	0.01188	0.01503	0.01073	0.01653	0.00912	0.05387	0.01656	0.01352	0.02103	0.01159	0.01366	0.00959	0.00483	0.00497	0.00104	0.00519	0.00408	0.00379	0.75948
64	0.01501	0.01673	0.03421	0.02504	0.03018	0.01708	0.56062	0.01960	0.01411	0.01960	0.01209	0.01673	0.00952	0.00670	0.01053	0.00232	0.17121	0.00720	0.00317	0.00836
65	0.00940	0.00626	0.00705	0.00705	0.00705	0.00626	0.00392	0.00940	0.00940	0.01253	0.02036	0.04228	0.02349	0.77292	0.03289	0.00626	0.00626	0.00940	0.00392	0.00392
66	0.02456	0.01810	0.01939	0.01487	0.02004	0.02004	0.01228	0.71107	0.03038	0.04072	0.01551	0.01551	0.01099	0.00776	0.00646	0.00194	0.00711	0.00582	0.00646	0.01099
67	0.00923	0.00692	0.01038	0.01038	0.01154	0.00808	0.00808	0.01154	0.01038	0.01500	0.01731	0.02538	0.01615	0.04846	0.74732	0.01038	0.01731	0.00692	0.00346	0.00577
68	0.02518	0.01711	0.01878	0.01440	0.01954	0.01857	0.01189	0.61655	0.02873	0.13758	0.01690	0.01641	0.01168	0.00779	0.00647	0.00195	0.00689	0.00591	0.00668	0.01099
69	0.01607	0.01388	0.01461	0.01315	0.01680	0.01607	0.01023	0.03433	0.72094	0.02703	0.02630	0.02411	0.01972	0.00877	0.00657	0.00219	0.00511	0.00731	0.00657	0.01023
70	0.01685	0.01427	0.01505	0.01331	0.01710	0.01644	0.01042	0.09646	0.65755	0.02829	0.02531	0.02332	0.01892	0.00867	0.00656	0.00217	0.00530	0.00717	0.00656	0.01030
71	0.78759	0.01244	0.00971	0.00861	0.01265	0.01430	0.00710	0.01948	0.01129	0.05676	0.00964	0.01095	0.00735	0.00608	0.00410	0.00200	0.00502	0.00362	0.00416	0.00715
72	0.02456	0.01810	0.01939	0.01487	0.02004	0.02004	0.01228	0.71107	0.03038	0.04072	0.01551	0.01551	0.01099	0.00776	0.00646	0.00194	0.00711	0.00582	0.00646	0.01099
73	0.02456	0.01810	0.01939	0.01487	0.02004	0.02004	0.01228	0.71107	0.03038	0.04072	0.01551	0.01551	0.01099	0.00776	0.00646	0.00194	0.00711	0.00582	0.00646	0.01099
74	0.00773	0.00616	0.00694	0.00756	0.00899	0.00537	0.00536	0.00916	0.01375	0.01706	0.05310	0.35458	0.44557	0.01797	0.00789	0.00236	0.00347	0.01559	0.00600	0.00537
75	0.02414	0.03079	0.01831	0.01665	0.01998	0.74698	0.01248	0.02580	0.01831	0.01581	0.00999	0.01165	0.00832	0.00666	0.00583	0.00166	0.01165	0.00416	0.00333	0.00749
76	0.01296	0.03342	0.73944	0.01842	0.02797	0.01501	0.02387	0.02046	0.01364	0.02046	0.01160	0.01364	0.00818	0.00614	0.00614	0.00205	0.00955	0.00477	0.00273	0.00955
77	0.00787	0.00562	0.00750	0.00900	0.00937	0.00525	0.00600	0.00900	0.01237	0.01649	0.03561	0.76871	0.04274	0.02024	0.00825	0.00262	0.00375	0.01837	0.00600	0.00525
78	0.01122	0.00561	0.00842	0.00842	0.00842	0.00561	0.00561	0.00842	0.00842	0.01122	0.01122	0.01964	0.01122	0.02245	0.02525	0.81201	0.00561	0.00561	0.00281	0.00281
79	0.01220	0.01148	0.01938	0.75739	0.04450	0.01436	0.01794	0.01651	0.01292	0.01651	0.01148	0.01723	0.00861	0.00646	0.00646	0.00215	0.00861	0.00574	0.00287	0.00718
80	0.01552	0.01762	0.06465	0.05098	0.10707	0.01625	0.53614	0.04787	0.03678	0.02157	0.01335	0.01723	0.01009	0.00573	0.00732	0.00214	0.01010	0.00716	0.00345	0.00900
81	0.00834	0.00702	0.00841	0.00782	0.01002	0.00608	0.03516	0.01049	0.01564	0.01971	0.22946	0.05679	0.53181	0.01511	0.00763	0.00214	0.00354	0.01289	0.00616	0.00575
82	0.01585	0.01533	0.02654	0.05934	0.68352	0.01537	0.04910	0.01977	0.01468	0.02096	0.01217	0.01609	0.01017	0.00576	0.00645	0.00194	0.00784	0.00584	0.00319	0.01008
83	0.01685	0.01802	0.13630	0.09793	0.36257	0.03359	0.08542	0.04205	0.03175	0.09248	0.01380	0.01654	0.01049	0.00623	0.00648	0.00199	0.00818	0.00585	0.00376	0.00972
84	0.00817	0.00600	0.00834	0.00937	0.00995	0.00561	0.02445	0.00945	0.01259	0.01687	0.06399	0.69295	0.04197	0.04579	0.00906	0.00271	0.00399	0.01749	0.00590	0.00533
85	0.01727	0.77681	0.03386	0.01106	0.01658	0.02557	0.01106	0.01935	0.01313	0.01520	0.00898	0.01036	0.00829	0.00553	0.00415	0.00138	0.00691	0.00345	0.00276	0.00829
86	0.01466	0.01223	0.01408	0.01017	0.01585	0.00991	0.00818	0.09487	0.01532	0.02328	0.01194	0.01364	0.00973	0.00512	0.00498	0.00107	0.00505	0.00405	0.00413	0.72176
87	0.01611	0.07160	0.40769	0.02014	0.07617	0.14353	0.10551	0.04840	0.01536	0.02022	0.01154	0.01382	0.00867	0.00614	0.00619	0.00195	0.00970	0.00506	0.00308	0.00912
88	0.01228	0.01160	0.01940	0.72590	0.04333	0.01459	0.01778	0.01647	0.01279	0.01647	0.01136	0.01710	0.00861	0.00667	0.00709	0.00218	0.04062	0.00574	0.00287	0.00717
89	0.01878	0.01655	0.03983	0.02249	0.21667	0.01722	0.07993	0.25890	0.20741	0.02930	0.01712	0.01806	0.01292	0.00722	0.00658	0.00203	0.00715	0.00634	0.00520	0.01033
90	0.00773	0.00655	0.00667	0.00664	0.00878	0.00549	0.00498	0.00945	0.01494	0.01796	0.10527	0.06135	0.68986	0.01617	0.00764	0.00217	0.00326	0.01352	0.00607	0.00549
91	0.02002	0.01949	0.08161	0.01689	0.07446	0.12732	0.03718	0.32779	0.09444	0.03003	0.09002	0.01918	0.01638	0.00789	0.00651	0.00195	0.00756	0.00630	0.00538	0.00961
92	0.01122	0.00561	0.00842	0.00842	0.00842	0.00561	0.00561	0.00842	0.00842	0.01122	0.01122	0.01964	0.01122	0.02245	0.02525	0.81201	0.00561	0.00561	0.00281	0.00281
93	0.02456	0.01810	0.01939	0.01487	0.02004	0.02004	0.01228	0.71107	0.03038	0.04072	0.01551	0.01551	0.01099	0.00776	0.00646	0.00194	0.00711	0.00582	0.00646	0.01099
94	0.01272	0.00973	0.01115	0.01025	0.01279	0.01030	0.00791	0.02190	0.30531	0.05004	0.34121	0.03800	0.07350	0.01130	0.00708	0.00211	0.00407	0.02800	0.03473	0.00792
95	0.00764	0.00655	0.00655	0.00655	0.00873	0.00545	0.00491	0.00927	0.01473	0.01745	0.06546	0.06218	0.73000	0.01636	0.00764	0.00218	0.00327	0.01364	0.00600	0.00545
96	0.01727	0.77681	0.03386	0.01106	0.01658	0.02557	0.01106	0.01935	0.01313	0.01520	0.00898	0.01036	0.00829	0.00553	0.00415	0.00138	0.00691	0.00345	0.00276	0.00829
97	0.01220	0.01148	0.01938	0.75739	0.04450	0.01436	0.01794	0.01651	0.01292	0.01651	0.01148	0.01723	0.00861	0.00646	0.00646	0.00215	0.00861	0.00574	0.00287	0.00718
98	0.01122	0.00561	0.00842	0.00842	0.00842	0.00561	0.00561	0.00842	0.00842	0.01122	0.01122	0.01964	0.01122	0.02245	0.02525	0.81201	0.00561	0.00561	0.00281	0.00281
99	0.01340	0.01148	0.01340	0.00957	0.01531	0.00861	0.00766	0.01627	0.01340	0.02105	0.01148	0.01340	0.00957	0.00479	0.00479	0.00096	0.00479	0.00383	0.00383	0.81242
100	0.04842	0.06157	0.01576	0.01275	0.01661	0.01635	0.01014	0.07334	0.56327	0.05176	0.04292	0.02277	0.01897	0.00849	0.00634	0.00211	0.00530	0.00691	0.00629	0.00994
101	0.02154	0.02561	0.02259	0.01873	0.02255	0.48886	0.16092	0.04117	0.01725	0.03906	0.01112	0.01350	0.00895	0.00687	0.00756	0.00189	0.07530	0.00514	0.00349	0.00791
102	0.01476	0.10504	0.26610	0.07742	0.14572	0.01527	0.08400	0.02015	0.03817	0.04138	0.01244	0.01489	0.00956	0.00591	0.00596	0.00182	0.00804	0.00515	0.00332	0.12492
103	0.79052	0.01255	0.00986	0.00879	0.01265	0.01468	0.00725	0.01887	0.01096	0.02852	0.00898	0.01062	0.00705	0.00618	0.00460	0.00203	0.03136	0.00357	0.00396	0.00700
104	0.00787	0.00562	0.00750	0.00900	0.00937	0.00525	0.00600	0.00900	0.01237	0.01649	0.03561	0.76871	0.04274	0.02024	0.00825	0.00262	0.00375	0.01837	0.00600	0.00525
105	0.01088	0.00843	0.00951	0.00886	0.01123	0.00832	0.00676	0.01699	0.18206	0.04606	0.30838	0.04664	0.28483	0.01311	0.00734	0.00212	0.00369	0.01118	0.00662	0.00700
106	0.01894	0.14833	0.02527	0.02529	0.30794	0.18294	0.05503	0.09668	0.04156	0.02122	0.01204	0.01437	0.00986	0.00623	0.00597	0.00180	0.00848	0.00517	0.00363	0.00928
107	0.14532	0.01122	0.01418	0.01105	0.01591	0.01023	0.00913	0.02965	0.01739	0.63277	0.02306	0.02030	0.01467	0.00770	0.00613	0.00200	0.00542	0.00606	0.00741	0.01041
108	0.00940	0.00626	0.00705	0.00705	0.00705	0.00626	0.00392	0.00940	0.00940	0.01253	0.02036	0.04228	0.02349	0.77292	0.03289	0.00626	0.00626	0.00940	0.00392	0.00392
109	0.02689	0.01188	0.01529	0.01183	0.01662	0.01102	0.00973	0.14363	0.02046	0.57215	0.07199	0.02271	0.01824	0.00831	0.00657	0.00199	0.00560	0.00674	0.00768	0.01066
110	0.11529	0.07001	0.47626	0.01650	0.02419	0.01575	0.05399	0.02205	0.10621	0.02211	0.01312	0.01462	0.00964	0.00640	0.00589	0.00203	0.00831	0.00501	0.00342	0.00920
111	0.02414	0.03079	0.01831	0.01665	0.01998	0.74698	0.01248	0.02580	0.01831	0.01581	0.00999	0.01165	0.00832	0.00666	0.00583	0.00166	0.01165	0.00416	0.00333	0.00749
112	0.00764	0.00655	0.00655	0.00655	0.00873	0.00545	0.00491	0.00927	0.01473	0.01745	0.06546	0.06218	0.73000	0.01636	0.00764	0.00218	0.00327	0.01364	0.00600	0.00545
113	0.01739	0.04786	0.04715	0.07491	0.18487	0.13354	0.10256	0.04068	0.22319	0.03818	0.01627	0.01778	0.01255	0.00690	0.00642	0.00199	0.00801	0.00609	0.00435	0.00931
114	0.01696	0.03588	0.02438	0.14923	0.48903	0.01506	0.03882	0.04068	0.01524	0.09269	0.01342	0.01666	0.01051	0.00614	0.00639	0.00196	0.00767	0.00582	0.00371	0.00975
115	0.01619	0.01526	0.02514	0.05614	0.64872	0.01553	0.01897	0.04462	0.05568	0.02201	0.01306	0.01647	0.01076	0.00602	0.00641	0.00194	0.00753	0.00585	0.00350	0.01018
116	0.00787	0.00562	0.00750	0.00900	0.00937	0.00525	0.00600	0.00900	0.01237	0.01649	0.03561	0.76871	0.04274	0.02024	0.00825	0.00262	0.00375	0.01837	0.00600	0.00525
117	0.01449	0.02223	0.27253	0.02154	0.06842	0.06266	0.27573	0.04308	0.01503	0.02048	0.01521	0.10944	0.01333	0.00771	0.00696	0.00213	0.00927	0.00759	0.00353	0.00865
118	0.01318	0.05228	0.69569	0.01804	0.02728	0.01532	0.02306	0.02092	0.03823	0.02055	0.01204	0.01392	0.00859	0.00621	0.00610	0.00203	0.00933	0.00483	0.00286	0.00954
119	0.00939	0.00629	0.00716	0.00716	0.00720	0.00633	0.00406	0.00947	0.00943	0.01261	0.02025	0.04170	0.02324	0.74772	0.05774	0.00641	0.00665	0.00931	0.00390	0.00398
120	0.01340	0.01148	0.01340	0.00957	0.01531	0.00861	0.00766	0.01627	0.01340	0.02105	0.01148	0.01340	0.00957	0.00479	0.00479	0.00096	0.00479	0.00383	0.00383	0.81242
121	0.01611	0.02348	0.37748	0.01932	0.07111	0.01403	0.13608	0.05662	0.01589	0.12348	0.07027	0.01843	0.01398	0.00690	0.00659	0.00205	0.00845	0.00616	0.00413	0.00946
122	0.01540	0.16346	0.41125	0.01598	0.02358	0.06152	0.03884	0.07112	0.01509	0.02080	0.01135	0.01315	0.00863	0.00601	0.00568	0.00178	0.00852	0.00455	0.00319	0.10010
123	0.00893	0.02860	0.00905	0.00870	0.03769	0.00670	0.00621	0.01131	0.01632	0.02143	0.36723	0.05251	0.37364	0.01419	0.00748	0.00208	0.00344	0.01214	0.00631	0.00602
124	0.01220	0.01148	0.01938	0.75739	0.04450	0.01436	0.01794	0.01651	0.01292	0.01651	0.01148	0.01723	0.00861	0.00646	0.00646	0.00215	0.00861	0.00574	0.00287	0.00718
125	0.01771	0.46198	0.02939	0.01879	0.18678	0.09001	0.01347	0.04399	0.01443	0.01757	0.01003	0.01219	0.00886	0.00606	0.00577	0.00163	0.04534	0.00426	0.00305	0.00871
126	0.01706	0.17307	0.07336	0.02908	0.42417	0.11002	0.04442	0.02056	0.01480	0.01918	0.01124	0.01421	0.00945	0.00584	0.00590	0.00180	0.00827	0.00510	0.00310	0.00939
127	0.01093	0.00700	0.00921	0.00843	0.01027	0.00640	0.00640	0.01393	0.01831	0.08992	0.66587	0.04590	0.05692	0.01274	0.00752	0.00203	0.00327	0.01122	0.00719	0.00654
128	0.00959	0.00740	0.00885	0.00834	0.01025	0.00707	0.00630	0.01403	0.09592	0.02420	0.50651	0.04859	0.20178	0.01340	0.00751	0.00208	0.00333	0.01162	0.00681	0.00642
129	0.00784	0.00601	0.00719	0.00805	0.00914	0.00536	0.00560	0.00924	0.01350	0.01725	0.07620	0.47569	0.29873	0.01850	0.00799	0.00243	0.00354	0.01633	0.00605	0.00536
130	0.00786	0.00565	0.00746	0.00891	0.00935	0.00526	0.00596	0.00901	0.01245	0.01653	0.03663	0.74454	0.06625	0.02011	0.00823	0.00261	0.00373	0.01821	0.00600	0.00526
131	0.00940	0.00626	0.00705	0.00705	0.00705	0.00626	0.00392	0.00940	0.00940	0.01253	0.02036	0.04228	0.02349	0.77292	0.03289	0.00626	0.00626	0.00940	0.00392	0.00392
132	0.02456	0.01810	0.01939	0.01487	0.02004	0.02004	0.01228	0.71107	0.03038	0.04072	0.01551	0.01551	0.01099	0.00776	0.00646	0.00194	0.00711	0.00582	0.00646	0.01099
133	0.02870	0.01146	0.01528	0.01172	0.01673	0.01019	0.00968	0.07626	0.01928	0.69122	0.02483	0.02157	0.01566	0.00798	0.00650	0.00200	0.00560	0.00645	0.00790	0.01100
134	0.01414	0.01414	0.01979	0.01696	0.01696	0.01979	0.01414	0.01555	0.00990	0.01555	0.00848	0.01414	0.00848	0.01131	0.02120	0.00283	0.76110	0.00565	0.00283	0.00707
135	0.02456	0.01810	0.01939	0.01487	0.02004	0.02004	0.01228	0.71107	0.03038	0.04072	0.01551	0.01551	0.01099	0.00776	0.00646	0.00194	0.00711	0.00582	0.00646	0.01099
136	0.00787	0.00562	0.00750	0.00900	0.00937	0.00525	0.00600	0.00900	0.01237	0.01649	0.03561	0.76871	0.04274	0.02024	0.00825	0.00262	0.00375	0.01837	0.00600	0.00525
137	0.01340	0.01148	0.01340	0.00957	0.01531	0.00861	0.00766	0.01627	0.01340	0.02105	0.01148	0.01340	0.00957	0.00479	0.00479	0.00096	0.00479	0.00383	0.00383	0.81242
138	0.01031	0.00737	0.01030	0.01179	0.01323	0.00735	0.01024	0.01321	0.01478	0.01923	0.03427	0.10020	0.03740	0.01794	0.00890	0.00296	0.00586	0.66280	0.00595	0.00592
139	0.01727	0.77681	0.03386	0.01106	0.01658	0.02557	0.01106	0.01935	0.01313	0.01520	0.00898	0.01036	0.00829	0.00553	0.00415	0.00138	0.00691	0.00345	0.00276	0.00829
140	0.00894	0.00660	0.00835	0.00791	0.00952	0.00601	0.00593	0.01179	0.01779	0.02473	0.63689	0.05020	0.15402	0.01365	0.00762	0.00205	0.00308	0.01196	0.00696	0.00601
141	0.00883	0.00659	0.00820	0.00780	0.00946	0.00596	0.00585	0.01158	0.01754	0.02413	0.58964	0.05119	0.20164	0.01387	0.00762	0.00206	0.00310	0.01210	0.00688	0.00596
142	0.02414	0.03079	0.01831	0.01665	0.01998	0.74698	0.01248	0.02580	0.01831	0.01581	0.00999	0.01165	0.00832	0.00666	0.00583	0.00166	0.01165	0.00416	0.00333	0.00749
143	0.01655	0.01391	0.01555	0.01364	0.01745	0.01582	0.03754	0.03369	0.66577	0.05465	0.02575	0.02376	0.01919	0.00861	0.00661	0.00218	0.00535	0.00729	0.00650	0.01020
144	0.81856	0.01250	0.00950	0.00850	0.01250	0.01449	0.00700	0.01899	0.01100	0.02899	0.00900	0.01050	0.00700	0.00600	0.00400	0.00200	0.00500	0.00350	0.00400	0.00700
145	0.01727	0.77681	0.03386	0.01106	0.01658	0.02557	0.01106	0.01935	0.01313	0.01520	0.00898	0.01036	0.00829	0.00553	0.00415	0.00138	0.00691	0.00345	0.00276	0.00829
146	0.02858	0.01166	0.01540	0.01181	0.01682	0.01048	0.00976	0.09473	0.01960	0.67229	0.02456	0.02139	0.01553	0.00797	0.00649	0.00199	0.00565	0.00643	0.00785	0.01100
147	0.00923	0.00692	0.01038	0.01038	0.01154	0.00808	0.00808	0.01154	0.01038	0.01500	0.01731	0.02538	0.01615	0.04846	0.74732	0.01038	0.01731	0.00692	0.00346	0.00577
148	0.01340	0.01148	0.01340	0.00957	0.01531	0.00861	0.00766	0.01627	0.01340	0.02105	0.01148	0.01340	0.00957	0.00479	0.00479	0.00096	0.00479	0.00383	0.00383	0.81242
149	0.02797	0.01147	0.01670	0.01266	0.01777	0.01000	0.06121	0.03069	0.01825	0.68415	0.02457	0.02166	0.01554	0.00781	0.00658	0.00201	0.00590	0.00658	0.00765	0.01083
150	0.01296	0.03342	0.73944	0.01842	0.02797	0.01501	0.02387	0.02046	0.01364	0.02046	0.01160	0.01364	0.00818	0.00614	0.00614	0.00205	0.00955	0.00477	0.00273	0.00955
151	0.00914	0.00660	0.00864	0.00813	0.00965	0.00610	0.00610	0.01219	0.01829	0.02591	0.72921	0.04827	0.06097	0.01321	0.00762	0.00203	0.00305	0.01169	0.00711	0.00610
152	0.25852	0.01171	0.01357	0.01076	0.01547	0.01136	0.00888	0.05444	0.01678	0.50385	0.02030	0.01839	0.01318	0.00741	0.00577	0.00200	0.00542	0.00560	0.00677	0.00983
153	0.02819	0.01228	0.01579	0.01210	0.01713	0.01140	0.01000	0.15403	0.02064	0.61152	0.02369	0.02082	0.01509	0.00795	0.00649	0.00199	0.00579	0.00638	0.00772	0.01099
154	0.01607	0.01388	0.01461	0.01315	0.01680	0.01607	0.01023	0.03433	0.72094	0.02703	0.02630	0.02411	0.01972	0.00877	0.00657	0.00219	0.00511	0.00731	0.00657	0.01023
155	0.01028	0.00686	0.00900	0.00832	0.01005	0.00629	0.00629	0.01330	0.01830	0.06666	0.68888	0.04676	0.05839	0.01291	0.00756	0.00203	0.00319	0.01139	0.00716	0.00638
156	0.01213	0.01146	0.01433	0.05944	0.01649	0.11110	0.06124	0.01453	0.01192	0.01553	0.01516	0.02187	0.01374	0.03494	0.49975	0.03124	0.03907	0.00644	0.00335	0.00627
157	0.01763	0.01745	0.06418	0.09624	0.28477	0.07526	0.06233	0.12318	0.01662	0.05277	0.01249	0.01564	0.00989	0.00708	0.00854	0.00208	0.11506	0.00572	0.00379	0.00928
158	0.00897	0.00687	0.00825	0.00786	0.00966	0.00630	0.00591	0.01219	0.04479	0.02344	0.50436	0.05145	0.25819	0.01397	0.00758	0.00208	0.00320	0.01209	0.00676	0.00607
159	0.01036	0.00740	0.01034	0.01175	0.01324	0.00738	0.01024	0.01334	0.01501	0.01959	0.06147	0.07192	0.03812	0.01767	0.00887	0.00294	0.00584	0.66256	0.00600	0.00596
160	0.01505	0.02273	0.30666	0.06451	0.11459	0.01609	0.16679	0.07973	0.06186	0.02222	0.01308	0.01582	0.00982	0.00660	0.00751	0.00211	0.05613	0.00587	0.00349	0.00933
161	0.01593	0.02010	0.18313	0.04786	0.38466	0.06841	0.01849	0.04860	0.08335	0.02195	0.03639	0.01698	0.01217	0.00653	0.00636	0.00197	0.00799	0.00576	0.00367	0.00970
162	0.00796	0.00569	0.00760	0.00910	0.00951	0.00532	0.00615	0.00915	0.01246	0.01659	0.03556	0.74490	0.04255	0.02016	0.00827	0.00264	0.00382	0.04131	0.00600	0.00527
163	0.03958	0.04370	0.05358	0.02905	0.41343	0.27188	0.01684	0.02191	0.01578	0.01926	0.01120	0.01406	0.00934	0.00609	0.00606	0.00182	0.00906	0.00503	0.00323	0.00910
164	0.00935	0.00624	0.00706	0.00711	0.00712	0.00623	0.00398	0.00938	0.00949	0.01266	0.02085	0.06587	0.02412	0.74849	0.03209	0.00615	0.00618	0.00969	0.00398	0.00396
165	0.01877	0.01504	0.02042	0.06264	0.31033	0.01598	0.01463	0.30111	0.02086	0.02926	0.01467	0.01693	0.01129	0.00684	0.00618	0.00189	0.00688	0.00582	0.11064	0.00983
166	0.02414	0.03079	0.01831	0.01665	0.01998	0.74698	0.01248	0.02580	0.01831	0.01581	0.00999	0.01165	0.00832	0.00666	0.00583	0.00166	0.01165	0.00416	0.00333	0.00749
167	0.01364	0.01200	0.01515	0.01094	0.01665	0.00946	0.05605	0.01734	0.04362	0.02128	0.01222	0.01413	0.01002	0.00500	0.00506	0.00109	0.00522	0.00424	0.00391	0.72298
168	0.00923	0.00692	0.01038	0.01038	0.01154	0.00808	0.00808	0.01154	0.01038	0.01500	0.01731	0.02538	0.01615	0.04846	0.74732	0.01038	0.01731	0.00692	0.00346	0.00577
169	0.01220	0.01148	0.01938	0.75739	0.04450	0.01436	0.01794	0.01651	0.01292	0.01651	0.01148	0.01723	0.00861	0.00646	0.00646	0.00215	0.00861	0.00574	0.00287	0.00718
170	0.00787	0.00562	0.00750	0.00900	0.00937	0.00525	0.00600	0.00900	0.01237	0.01649	0.03561	0.76871	0.04274	0.02024	0.00825	0.00262	0.00375	0.01837	0.00600	0.00525
171	0.01102	0.00850	0.01006	0.00933	0.01143	0.00870	0.00709	0.01803	0.20296	0.02589	0.49995	0.04150	0.06878	0.01194	0.00724	0.00206	0.00360	0.01040	0.03436	0.00716
