[name]
unknown

[dist]
# distance from previous block
# <min> <max>
0	9

[block]
# block no. 0 follows, 31 sequences, length 80
# corresponding to MSA columns:
# 9-30,32-89
name=unknown_A
#
# <colnr> <probs for GDERKNQSTAVLIFYWHMCP>
#	G	D	E	R	K	N	Q	S	T	A	V	L	I	F	Y	W	H	M	C	P
0	0.01888	0.01515	0.01633	0.03464	0.05575	0.10501	0.01210	0.18505	0.07801	0.08462	0.02235	0.03365	0.01994	0.01647	0.10535	0.00353	0.00905	0.16950	0.00572	0.00889
1	0.01456	0.01306	0.02069	0.08917	0.40462	0.01325	0.01582	0.05576	0.01622	0.02240	0.07064	0.14513	0.06925	0.01016	0.00729	0.00221	0.00682	0.00934	0.00455	0.00907
2	0.01624	0.01760	0.03554	0.03110	0.20162	0.01737	0.46668	0.02120	0.01550	0.02154	0.01317	0.01777	0.01037	0.00640	0.00904	0.00230	0.07629	0.00740	0.00340	0.00947
3	0.01012	0.00800	0.01268	0.01194	0.01340	0.00867	0.06533	0.01242	0.01163	0.01636	0.02107	0.13331	0.02138	0.11310	0.49786	0.00864	0.01452	0.00940	0.00408	0.00610
4	0.00995	0.00663	0.00746	0.00746	0.00746	0.00663	0.00415	0.00995	0.00995	0.01327	0.02156	0.04477	0.02487	0.75957	0.03482	0.00663	0.00663	0.00995	0.00415	0.00415
5	0.01633	0.31417	0.33848	0.01715	0.02465	0.05642	0.07688	0.02133	0.01449	0.01910	0.01114	0.01337	0.00888	0.00641	0.00638	0.00192	0.03582	0.00478	0.00299	0.00932
6	0.04001	0.01012	0.01417	0.01441	0.06663	0.01003	0.05580	0.10019	0.01649	0.08116	0.02910	0.39805	0.03136	0.03950	0.00889	0.00267	0.00570	0.06214	0.00603	0.00755
7	0.00838	0.00599	0.00798	0.00949	0.00993	0.00559	0.00635	0.00964	0.01332	0.01781	0.06114	0.73068	0.04592	0.02118	0.00871	0.00276	0.00394	0.01920	0.00639	0.00559
8	0.01419	0.01216	0.01419	0.01013	0.01621	0.00912	0.00811	0.01723	0.01419	0.02229	0.01216	0.01419	0.01013	0.00507	0.00507	0.00101	0.00507	0.00405	0.00405	0.80139
9	0.04491	0.07933	0.01798	0.07583	0.10380	0.03921	0.01166	0.09521	0.09239	0.10111	0.06453	0.10219	0.05442	0.00964	0.00671	0.00205	0.00631	0.00808	0.00547	0.07915
10	0.01613	0.01628	0.03058	0.11211	0.33765	0.01623	0.26932	0.04209	0.01601	0.02211	0.01432	0.04889	0.01196	0.00677	0.00735	0.00219	0.00931	0.00740	0.00361	0.00968
11	0.00834	0.00595	0.00794	0.00953	0.00992	0.00556	0.00635	0.00953	0.01310	0.01746	0.03771	0.75510	0.04525	0.02143	0.00873	0.00278	0.00397	0.01945	0.00635	0.00556
12	0.01635	0.01566	0.02672	0.14343	0.61999	0.01610	0.02071	0.02049	0.01530	0.02165	0.01277	0.01712	0.01059	0.00620	0.00678	0.00207	0.00827	0.00609	0.00334	0.01037
13	0.02165	0.05346	0.04227	0.05945	0.04776	0.27241	0.07077	0.17218	0.14508	0.02542	0.01542	0.01663	0.01183	0.00749	0.00662	0.00201	0.00937	0.00584	0.00479	0.00955
14	0.00995	0.00663	0.00746	0.00746	0.00746	0.00663	0.00415	0.00995	0.00995	0.01327	0.02156	0.04477	0.02487	0.75957	0.03482	0.00663	0.00663	0.00995	0.00415	0.00415
15	0.00990	0.00661	0.00748	0.00753	0.00754	0.00660	0.00422	0.00994	0.01005	0.01340	0.02208	0.06799	0.02554	0.73544	0.03397	0.00651	0.00655	0.01026	0.00422	0.00419
16	0.01653	0.01719	0.06009	0.05435	0.31042	0.07876	0.12699	0.02041	0.01523	0.04884	0.01582	0.01982	0.03601	0.01260	0.09845	0.00325	0.04561	0.00669	0.00370	0.00927
17	0.01585	0.01515	0.02582	0.23082	0.53651	0.01597	0.02046	0.02005	0.01507	0.02104	0.01268	0.01728	0.01037	0.00630	0.00679	0.00210	0.00839	0.00609	0.00329	0.00997
18	0.00977	0.00733	0.01100	0.01100	0.01222	0.00855	0.00855	0.01222	0.01100	0.01588	0.01833	0.02688	0.01710	0.05131	0.73245	0.01100	0.01833	0.00733	0.00367	0.00611
19	0.01419	0.01216	0.01419	0.01013	0.01621	0.00912	0.00811	0.01723	0.01419	0.02229	0.01216	0.01419	0.01013	0.00507	0.00507	0.00101	0.00507	0.00405	0.00405	0.80139
20	0.01419	0.01216	0.01419	0.01013	0.01621	0.00912	0.00811	0.01723	0.01419	0.02229	0.01216	0.01419	0.01013	0.00507	0.00507	0.00101	0.00507	0.00405	0.00405	0.80139
21	0.10140	0.01994	0.01939	0.01570	0.01991	0.12702	0.01279	0.42255	0.02486	0.03381	0.01371	0.01506	0.01038	0.00844	0.00891	0.00216	0.12283	0.00563	0.00549	0.01002
22	0.00875	0.00686	0.00791	0.00786	0.00970	0.00602	0.00581	0.01102	0.01684	0.02194	0.32196	0.12895	0.38915	0.01641	0.00814	0.00229	0.00342	0.01412	0.00682	0.00602
23	0.01692	0.01660	0.02741	0.03671	0.54501	0.03785	0.09310	0.02223	0.06807	0.02255	0.01481	0.01960	0.01243	0.00675	0.00700	0.00211	0.00836	0.02830	0.00377	0.01042
24	0.00979	0.00725	0.01058	0.01058	0.01166	0.00833	0.00803	0.01195	0.01087	0.01557	0.01870	0.02898	0.01802	0.13448	0.65053	0.01048	0.01695	0.00764	0.00372	0.00588
25	0.02779	0.01630	0.01876	0.01438	0.01979	0.01697	0.01188	0.44290	0.02738	0.30105	0.02044	0.01903	0.01365	0.00831	0.00686	0.00208	0.00688	0.00643	0.00746	0.01164
26	0.02085	0.18349	0.08900	0.01582	0.05485	0.10746	0.01343	0.20689	0.08427	0.06731	0.04355	0.01712	0.01359	0.00748	0.00616	0.00188	0.00776	0.00563	0.00503	0.04842
27	0.01685	0.01699	0.07182	0.08207	0.46456	0.04512	0.01856	0.05427	0.01688	0.04243	0.08865	0.02049	0.01647	0.00723	0.00688	0.00206	0.00789	0.00665	0.00409	0.01003
28	0.01837	0.01422	0.01614	0.01188	0.01775	0.01275	0.00964	0.21883	0.01974	0.05697	0.01403	0.01522	0.01086	0.00614	0.00567	0.00137	0.00583	0.00479	0.00506	0.53474
29	0.01482	0.01366	0.05480	0.01261	0.01622	0.01380	0.01035	0.05119	0.42800	0.02809	0.22020	0.03294	0.05274	0.01064	0.00727	0.00225	0.00509	0.00903	0.00686	0.00944
30	0.02202	0.01615	0.01761	0.01410	0.01844	0.01764	0.01132	0.53307	0.02788	0.03745	0.06207	0.10713	0.01959	0.05242	0.00872	0.00240	0.00679	0.00832	0.00668	0.01018
31	0.01532	0.01322	0.01385	0.01260	0.01617	0.01489	0.00976	0.03132	0.57394	0.02670	0.03570	0.03317	0.15229	0.01081	0.00717	0.00232	0.00504	0.00901	0.00685	0.00987
32	0.01660	0.01638	0.02102	0.02087	0.12893	0.08715	0.04961	0.05753	0.09608	0.02059	0.01427	0.03993	0.01264	0.01315	0.07136	0.00319	0.31144	0.00669	0.00397	0.00860
33	0.02759	0.07386	0.03803	0.01299	0.01835	0.01372	0.01110	0.16593	0.02135	0.48591	0.02335	0.04284	0.01583	0.00854	0.00672	0.00207	0.00635	0.00681	0.00747	0.01118
34	0.01107	0.00800	0.00939	0.00874	0.01143	0.00680	0.00670	0.01332	0.01596	0.06999	0.15320	0.13823	0.33039	0.01496	0.00772	0.00219	0.00408	0.05646	0.00634	0.12504
35	0.01838	0.34986	0.16527	0.01451	0.02044	0.12470	0.01439	0.05740	0.11005	0.02072	0.03567	0.01540	0.01235	0.00700	0.00566	0.00181	0.00822	0.00500	0.00390	0.00927
36	0.03070	0.01164	0.01588	0.01217	0.01746	0.01006	0.01006	0.03334	0.01958	0.72163	0.02699	0.02329	0.01694	0.00847	0.00688	0.00212	0.00582	0.00688	0.00847	0.01164
37	0.02556	0.03261	0.01939	0.01763	0.02115	0.73210	0.01322	0.02732	0.01939	0.01674	0.01058	0.01234	0.00881	0.00705	0.00617	0.00176	0.01234	0.00441	0.00353	0.00793
38	0.01419	0.01216	0.01419	0.01013	0.01621	0.00912	0.00811	0.01723	0.01419	0.02229	0.01216	0.01419	0.01013	0.00507	0.00507	0.00101	0.00507	0.00405	0.00405	0.80139
39	0.00995	0.00663	0.00746	0.00746	0.00746	0.00663	0.00415	0.00995	0.00995	0.01327	0.02156	0.04477	0.02487	0.75957	0.03482	0.00663	0.00663	0.00995	0.00415	0.00415
40	0.00845	0.00619	0.00803	0.00936	0.01007	0.00578	0.00645	0.00982	0.01342	0.01763	0.04086	0.61850	0.12753	0.02199	0.03665	0.00305	0.00454	0.03982	0.00625	0.00563
41	0.01893	0.01201	0.01500	0.04747	0.01813	0.00970	0.00922	0.02193	0.01573	0.22566	0.01648	0.01704	0.01206	0.00615	0.00568	0.00140	0.00549	0.00498	0.00529	0.53166
42	0.02556	0.03261	0.01939	0.01763	0.02115	0.73210	0.01322	0.02732	0.01939	0.01674	0.01058	0.01234	0.00881	0.00705	0.00617	0.00176	0.01234	0.00441	0.00353	0.00793
43	0.01656	0.01588	0.02710	0.10646	0.65530	0.01616	0.02081	0.02067	0.01540	0.02190	0.01280	0.01705	0.01068	0.00616	0.00678	0.00205	0.00822	0.00609	0.00335	0.01054
44	0.01789	0.01983	0.02052	0.01787	0.01884	0.21701	0.01449	0.01946	0.01293	0.01654	0.00942	0.01424	0.00893	0.01062	0.01796	0.00265	0.54450	0.00555	0.00314	0.00761
45	0.01426	0.01238	0.01512	0.01080	0.01691	0.00941	0.03255	0.01739	0.01426	0.02228	0.01222	0.01434	0.01014	0.00509	0.00517	0.00106	0.00530	0.00420	0.00403	0.77307
46	0.01166	0.00863	0.03539	0.00924	0.01164	0.00732	0.00741	0.01526	0.03791	0.08676	0.52447	0.04857	0.14224	0.01354	0.00788	0.00217	0.00379	0.01177	0.00728	0.00707
47	0.01788	0.01581	0.01591	0.01420	0.01812	0.05307	0.01105	0.06741	0.63797	0.02872	0.02643	0.02443	0.01984	0.00912	0.00692	0.00228	0.00586	0.00749	0.00678	0.01072
48	0.55745	0.01564	0.03457	0.01392	0.04061	0.06150	0.11162	0.02047	0.01309	0.02740	0.01162	0.04409	0.00970	0.00694	0.00527	0.00215	0.00685	0.00519	0.00410	0.00782
49	0.01475	0.01374	0.02242	0.40118	0.29333	0.01550	0.01868	0.02031	0.07145	0.02044	0.01400	0.01855	0.01096	0.00680	0.00677	0.00217	0.00828	0.00623	0.02541	0.00904
50	0.01018	0.00781	0.01118	0.01098	0.01189	0.00919	0.00834	0.01213	0.01086	0.01558	0.01868	0.05243	0.01854	0.15504	0.54382	0.00940	0.07626	0.00801	0.00377	0.00590
51	0.01478	0.01479	0.02158	0.01824	0.01871	0.02012	0.05399	0.01657	0.01083	0.01675	0.00973	0.01577	0.00947	0.01359	0.05721	0.00335	0.66777	0.00618	0.00305	0.00752
52	0.05066	0.28529	0.28358	0.01592	0.02269	0.19625	0.01689	0.02259	0.01536	0.01890	0.01079	0.01259	0.00869	0.00641	0.00560	0.00182	0.00950	0.00436	0.00311	0.00900
53	0.01546	0.01212	0.01432	0.01029	0.01631	0.00919	0.00826	0.01847	0.01460	0.07607	0.01330	0.01489	0.01066	0.00533	0.00521	0.00110	0.00512	0.00427	0.00439	0.74066
54	0.01597	0.01506	0.02539	0.03786	0.62860	0.01499	0.01918	0.01985	0.01580	0.02258	0.07284	0.04989	0.01676	0.00738	0.00696	0.00207	0.00755	0.00717	0.00386	0.01025
55	0.00978	0.00730	0.01086	0.01086	0.01203	0.00848	0.00838	0.01213	0.01095	0.01578	0.01845	0.02757	0.01740	0.07869	0.70549	0.01083	0.01787	0.00743	0.00368	0.00603
56	0.02601	0.01916	0.02053	0.01574	0.02122	0.02122	0.01300	0.69408	0.03217	0.04312	0.01643	0.01643	0.01163	0.00821	0.00684	0.00205	0.00753	0.00616	0.00684	0.01163
57	0.01044	0.00764	0.01108	0.04331	0.09397	0.00738	0.00872	0.01216	0.01368	0.04680	0.03334	0.60932	0.03862	0.01853	0.00835	0.00264	0.00474	0.01684	0.00596	0.00650
58	0.01292	0.01216	0.02052	0.74312	0.04712	0.01520	0.01900	0.01748	0.01368	0.01748	0.01216	0.01824	0.00912	0.00684	0.00684	0.00228	0.00912	0.00608	0.00304	0.00760
59	0.01292	0.01216	0.02052	0.74312	0.04712	0.01520	0.01900	0.01748	0.01368	0.01748	0.01216	0.01824	0.00912	0.00684	0.00684	0.00228	0.00912	0.00608	0.00304	0.00760
60	0.01270	0.00914	0.01202	0.01283	0.01482	0.00937	0.01104	0.09589	0.01760	0.02306	0.03391	0.10233	0.03631	0.01773	0.00910	0.00300	0.00634	0.55954	0.00637	0.00691
61	0.02601	0.01916	0.02053	0.01574	0.02122	0.02122	0.01300	0.69408	0.03217	0.04312	0.01643	0.01643	0.01163	0.00821	0.00684	0.00205	0.00753	0.00616	0.00684	0.01163
62	0.01723	0.56727	0.08408	0.01188	0.01743	0.02253	0.01193	0.02003	0.01497	0.04803	0.11144	0.01752	0.01712	0.00718	0.00519	0.00164	0.00688	0.00515	0.00382	0.00867
63	0.00847	0.00629	0.00790	0.00887	0.00982	0.00572	0.00613	0.01004	0.01445	0.01902	0.13534	0.51955	0.18422	0.01959	0.00851	0.00260	0.00377	0.01747	0.00651	0.00572
64	0.00979	0.00725	0.01057	0.01057	0.01165	0.00832	0.00802	0.01194	0.01087	0.01557	0.01871	0.02902	0.01804	0.13624	0.64880	0.01047	0.01692	0.00764	0.00372	0.00587
65	0.01693	0.01626	0.02777	0.04199	0.71689	0.01626	0.02100	0.02100	0.01558	0.02235	0.01287	0.01693	0.01084	0.00610	0.00677	0.00203	0.00813	0.00610	0.00339	0.01084
66	0.01002	0.00850	0.04349	0.01076	0.01218	0.00743	0.00833	0.03603	0.04135	0.02009	0.08085	0.52276	0.04186	0.01893	0.00855	0.00272	0.00472	0.10878	0.00630	0.00636
67	0.03070	0.01164	0.01588	0.01217	0.01746	0.01006	0.01006	0.03334	0.01958	0.72163	0.02699	0.02329	0.01694	0.00847	0.00688	0.00212	0.00582	0.00688	0.00847	0.01164
68	0.01305	0.01026	0.01412	0.01298	0.01432	0.01243	0.01031	0.07126	0.01341	0.04424	0.03657	0.10255	0.01889	0.03195	0.36769	0.00677	0.19949	0.00832	0.00433	0.00707
69	0.01494	0.01594	0.06926	0.31909	0.06514	0.07466	0.07536	0.05886	0.07577	0.02079	0.01768	0.12886	0.01587	0.00919	0.00716	0.00228	0.00843	0.00821	0.00418	0.00831
70	0.00978	0.00730	0.01083	0.01083	0.01199	0.00846	0.00834	0.01211	0.01094	0.01576	0.01848	0.02773	0.01748	0.08524	0.69903	0.01079	0.01776	0.00746	0.00369	0.00601
71	0.80789	0.01323	0.01006	0.00900	0.01323	0.01535	0.00741	0.02011	0.01164	0.03070	0.00953	0.01111	0.00741	0.00635	0.00423	0.00212	0.00529	0.00370	0.00423	0.00741
72	0.00901	0.00680	0.00833	0.00831	0.00990	0.00611	0.00609	0.01148	0.01725	0.02326	0.42034	0.17708	0.23865	0.01619	0.00819	0.00230	0.00342	0.01416	0.00700	0.00611
73	0.01628	0.01953	0.08650	0.02484	0.03065	0.04794	0.46003	0.02268	0.07715	0.02154	0.01418	0.01805	0.01094	0.00703	0.00972	0.00237	0.11036	0.00738	0.00367	0.00915
74	0.03870	0.43535	0.25300	0.01498	0.02204	0.04187	0.04043	0.02170	0.04094	0.01898	0.01129	0.01295	0.00923	0.00623	0.00534	0.00178	0.00837	0.00444	0.00314	0.00924
75	0.00929	0.00649	0.00831	0.00940	0.00987	0.00628	0.00645	0.01044	0.01257	0.01667	0.03244	0.42017	0.03793	0.25046	0.01696	0.00404	0.00519	0.12615	0.00566	0.00524
76	0.00834	0.00595	0.00794	0.00953	0.00992	0.00556	0.00635	0.00953	0.01310	0.01746	0.03771	0.75510	0.04525	0.02143	0.00873	0.00278	0.00397	0.01945	0.00635	0.00556
77	0.01419	0.01216	0.01419	0.01013	0.01621	0.00912	0.00811	0.01723	0.01419	0.02229	0.01216	0.01419	0.01013	0.00507	0.00507	0.00101	0.00507	0.00405	0.00405	0.80139
78	0.01427	0.01242	0.01526	0.01090	0.01701	0.00945	0.03605	0.01742	0.01427	0.02228	0.01223	0.01436	0.01014	0.00510	0.00519	0.00107	0.00533	0.00422	0.00403	0.76903
79	0.01359	0.01098	0.01353	0.15555	0.02049	0.01171	0.01088	0.14373	0.06428	0.02401	0.03900	0.04651	0.26843	0.01329	0.00779	0.00241	0.00602	0.13432	0.00582	0.00768

[dist]
# distance from previous block
# <min> <max>
0	3

[block]
# block no. 1 follows, 31 sequences, length 11
# corresponding to MSA columns:
# 93-103
name=unknown_B
#
# <colnr> <probs for GDERKNQSTAVLIFYWHMCP>
#	G	D	E	R	K	N	Q	S	T	A	V	L	I	F	Y	W	H	M	C	P
0	0.02089	0.07038	0.02460	0.02911	0.36233	0.30033	0.01693	0.05725	0.01781	0.02078	0.01193	0.01471	0.00995	0.00656	0.00639	0.00189	0.00971	0.00528	0.00359	0.00960
1	0.01693	0.01626	0.02777	0.04199	0.71689	0.01626	0.02100	0.02100	0.01558	0.02235	0.01287	0.01693	0.01084	0.00610	0.00677	0.00203	0.00813	0.00610	0.00339	0.01084
2	0.01289	0.00973	0.01445	0.01730	0.15111	0.00950	0.03400	0.05720	0.01566	0.05988	0.05335	0.42559	0.03384	0.01589	0.00813	0.00254	0.00551	0.06007	0.00585	0.00753
3	0.00995	0.00663	0.00746	0.00746	0.00746	0.00663	0.00415	0.00995	0.00995	0.01327	0.02156	0.04477	0.02487	0.75957	0.03482	0.00663	0.00663	0.00995	0.00415	0.00415
4	0.00993	0.00673	0.00794	0.00794	0.00810	0.00689	0.00474	0.01025	0.01009	0.01362	0.02112	0.04236	0.02382	0.66401	0.12894	0.00722	0.00821	0.00960	0.00408	0.00441
5	0.01372	0.03119	0.58426	0.02016	0.02922	0.01543	0.11637	0.02093	0.01459	0.02144	0.01410	0.06177	0.01121	0.00734	0.00686	0.00222	0.00992	0.00638	0.00319	0.00970
6	0.01453	0.13803	0.58163	0.01900	0.02829	0.01757	0.06668	0.02151	0.01448	0.02089	0.01199	0.01421	0.00879	0.00636	0.00630	0.00208	0.00981	0.00505	0.00293	0.00986
7	0.01693	0.01626	0.02777	0.04199	0.71689	0.01626	0.02100	0.02100	0.01558	0.02235	0.01287	0.01693	0.01084	0.00610	0.00677	0.00203	0.00813	0.00610	0.00339	0.01084
8	0.00977	0.00733	0.01100	0.01100	0.01222	0.00855	0.00855	0.01222	0.01100	0.01588	0.01833	0.02688	0.01710	0.05131	0.73245	0.01100	0.01833	0.00733	0.00367	0.00611
9	0.01846	0.19716	0.31068	0.01731	0.02411	0.19027	0.04662	0.02303	0.01562	0.04806	0.01178	0.01371	0.00916	0.00677	0.00670	0.00195	0.04126	0.00483	0.00331	0.00920
10	0.02080	0.02380	0.02732	0.02684	0.20411	0.31374	0.20011	0.06127	0.01824	0.02106	0.01238	0.01541	0.00992	0.00652	0.00688	0.00200	0.01077	0.00594	0.00366	0.00924

[dist]
# distance from previous block
# <min> <max>
0	4

[block]
# block no. 2 follows, 31 sequences, length 53
# corresponding to MSA columns:
# 108-160
name=unknown_C
#
# <colnr> <probs for GDERKNQSTAVLIFYWHMCP>
#	G	D	E	R	K	N	Q	S	T	A	V	L	I	F	Y	W	H	M	C	P
0	0.01733	0.01701	0.02738	0.04087	0.68488	0.04919	0.02064	0.02129	0.01575	0.02209	0.01276	0.01672	0.01074	0.00614	0.00675	0.00202	0.00832	0.00602	0.00339	0.01070
1	0.01677	0.01563	0.02410	0.03356	0.51301	0.01595	0.01785	0.02419	0.17001	0.02375	0.01618	0.01868	0.01304	0.00674	0.00670	0.00203	0.00731	0.00633	0.00423	0.06395
2	0.00976	0.00679	0.00839	0.00911	0.00968	0.00665	0.00631	0.01085	0.01228	0.01614	0.03083	0.20858	0.06545	0.38736	0.02183	0.00476	0.00582	0.16911	0.00524	0.00504
3	0.01143	0.00837	0.01128	0.01251	0.01427	0.00852	0.01079	0.01585	0.06990	0.02144	0.06768	0.07189	0.03912	0.01791	0.00919	0.00304	0.00608	0.58764	0.00641	0.00666
4	0.01596	0.01526	0.02601	0.21257	0.55394	0.01600	0.02051	0.02014	0.01512	0.02117	0.01270	0.01725	0.01042	0.00628	0.00679	0.00209	0.00837	0.00609	0.00330	0.01005
5	0.74698	0.01311	0.01051	0.00925	0.01356	0.01493	0.00762	0.02115	0.01227	0.08484	0.01089	0.01207	0.00816	0.00652	0.00444	0.00212	0.00533	0.00395	0.00457	0.00774
6	0.00949	0.00699	0.00887	0.00840	0.01010	0.00637	0.00630	0.01253	0.01890	0.02633	0.63383	0.05292	0.14469	0.01440	0.00807	0.00217	0.00326	0.01263	0.00739	0.00637
7	0.00843	0.00608	0.00799	0.00933	0.00991	0.00564	0.00630	0.00981	0.01371	0.01829	0.09215	0.66724	0.07849	0.02066	0.00865	0.00271	0.00389	0.01866	0.00644	0.00564
8	0.01084	0.00881	0.01167	0.06038	0.01478	0.02665	0.04282	0.01419	0.07727	0.01831	0.03024	0.38766	0.03374	0.14472	0.01290	0.00335	0.00575	0.08406	0.00558	0.00627
9	0.01419	0.01216	0.01419	0.01013	0.01621	0.00912	0.00811	0.01723	0.01419	0.02229	0.01216	0.01419	0.01013	0.00507	0.00507	0.00101	0.00507	0.00405	0.00405	0.80139
10	0.01693	0.01626	0.02777	0.04199	0.71689	0.01626	0.02100	0.02100	0.01558	0.02235	0.01287	0.01693	0.01084	0.00610	0.00677	0.00203	0.00813	0.00610	0.00339	0.01084
11	0.80789	0.01323	0.01006	0.00900	0.01323	0.01535	0.00741	0.02011	0.01164	0.03070	0.00953	0.01111	0.00741	0.00635	0.00423	0.00212	0.00529	0.00370	0.00423	0.00741
12	0.01493	0.01656	0.07590	0.01796	0.01887	0.02044	0.01565	0.01746	0.03116	0.01723	0.00979	0.01524	0.00931	0.01147	0.02075	0.00291	0.66752	0.00597	0.00310	0.00779
13	0.01693	0.01626	0.02777	0.04199	0.71689	0.01626	0.02100	0.02100	0.01558	0.02235	0.01287	0.01693	0.01084	0.00610	0.00677	0.00203	0.00813	0.00610	0.00339	0.01084
14	0.01448	0.01425	0.02002	0.01731	0.01742	0.01980	0.01437	0.01607	0.01053	0.01641	0.00985	0.01608	0.00974	0.01565	0.08880	0.00374	0.67895	0.00611	0.00306	0.00736
15	0.01372	0.03539	0.72412	0.01950	0.02961	0.01589	0.02528	0.02167	0.01444	0.02167	0.01228	0.01444	0.00867	0.00650	0.00650	0.00217	0.01011	0.00506	0.00289	0.01011
16	0.00907	0.00690	0.00979	0.11859	0.01537	0.00703	0.00816	0.01072	0.01308	0.01732	0.03336	0.62123	0.03918	0.04446	0.00934	0.00284	0.00483	0.01714	0.00578	0.00581
17	0.02073	0.01734	0.01912	0.04022	0.12058	0.17276	0.05598	0.07557	0.07103	0.16262	0.04130	0.07535	0.03642	0.00958	0.00714	0.00217	0.00793	0.04931	0.00555	0.00930
18	0.01377	0.01295	0.02151	0.18440	0.12952	0.01456	0.11452	0.03924	0.01435	0.01970	0.01862	0.16936	0.01867	0.01121	0.01043	0.00252	0.14459	0.04797	0.00413	0.00795
19	0.05952	0.10106	0.21037	0.01657	0.04598	0.07673	0.03859	0.13452	0.01900	0.20843	0.01632	0.01661	0.01142	0.00723	0.00636	0.00202	0.00821	0.00559	0.00516	0.01030
20	0.09191	0.09300	0.26869	0.01682	0.02379	0.01690	0.08712	0.14624	0.01829	0.11484	0.01569	0.01869	0.01179	0.00750	0.00651	0.00213	0.00835	0.03713	0.00467	0.00994
21	0.01547	0.01470	0.02470	0.29735	0.44815	0.01590	0.01992	0.02024	0.03843	0.02078	0.01312	0.01770	0.01055	0.00648	0.00680	0.00213	0.00840	0.00615	0.00338	0.00965
22	0.01159	0.05867	0.01312	0.01208	0.03055	0.00878	0.03976	0.01401	0.01529	0.05564	0.11804	0.31269	0.07226	0.01683	0.00835	0.00262	0.00525	0.19162	0.00616	0.00670
23	0.02254	0.01456	0.04730	0.09514	0.29620	0.01341	0.03542	0.02621	0.01715	0.33340	0.01910	0.01984	0.01330	0.00723	0.00685	0.00211	0.00737	0.00646	0.00560	0.01081
24	0.01762	0.01696	0.08034	0.09373	0.52631	0.01559	0.01990	0.02229	0.03365	0.08614	0.01445	0.01765	0.01135	0.00649	0.00677	0.00208	0.00808	0.00613	0.00388	0.01059
25	0.01199	0.00970	0.01475	0.15524	0.10858	0.01023	0.01353	0.01546	0.01533	0.02005	0.03021	0.05785	0.06080	0.01492	0.00855	0.00281	0.00694	0.43064	0.00531	0.00709
26	0.01961	0.02410	0.31853	0.03724	0.06366	0.04076	0.13032	0.05544	0.01707	0.20168	0.01646	0.01761	0.01133	0.00697	0.00688	0.00215	0.00908	0.00613	0.00465	0.01033
27	0.01498	0.10137	0.50657	0.02164	0.13346	0.01655	0.02225	0.02146	0.01487	0.04028	0.03642	0.01598	0.01114	0.00668	0.00640	0.00208	0.00918	0.00538	0.00328	0.01001
28	0.16417	0.01192	0.01488	0.01163	0.01674	0.01096	0.00960	0.03107	0.01822	0.60296	0.02399	0.02120	0.01530	0.00810	0.00643	0.00212	0.00573	0.00633	0.00774	0.01092
29	0.00814	0.00671	0.00716	0.00752	0.00940	0.00573	0.00546	0.00975	0.01503	0.01825	0.06216	0.22182	0.56275	0.01826	0.00823	0.00242	0.00358	0.01557	0.00635	0.00573
30	0.01792	0.01590	0.06381	0.10130	0.44038	0.01502	0.01830	0.03843	0.05119	0.11035	0.01652	0.05181	0.01341	0.00740	0.00688	0.00212	0.00771	0.00683	0.00436	0.01036
31	0.02366	0.03144	0.08815	0.01995	0.08310	0.60006	0.01507	0.02622	0.01858	0.01771	0.01094	0.01294	0.00898	0.00691	0.00625	0.00183	0.01175	0.00462	0.00345	0.00840
32	0.02609	0.01065	0.01423	0.01125	0.01583	0.00922	0.00917	0.02870	0.01916	0.57374	0.10756	0.03066	0.09233	0.00997	0.00713	0.00214	0.00530	0.00825	0.00815	0.01048
33	0.01802	0.72105	0.07614	0.01216	0.01826	0.02642	0.01250	0.02055	0.01393	0.01642	0.00967	0.01118	0.00877	0.00589	0.00451	0.00150	0.00748	0.00374	0.00292	0.00886
34	0.01919	0.14652	0.06158	0.06434	0.27383	0.14748	0.09950	0.02285	0.01617	0.06692	0.01289	0.01565	0.01028	0.00641	0.00642	0.00195	0.00916	0.00562	0.00364	0.00961
35	0.01034	0.00774	0.01001	0.01025	0.01149	0.00826	0.00762	0.01383	0.07916	0.01793	0.05279	0.14427	0.06805	0.17082	0.27451	0.00642	0.01000	0.08533	0.00506	0.00613
36	0.00812	0.00681	0.00706	0.00726	0.00933	0.00575	0.00534	0.00978	0.01528	0.01835	0.06533	0.15250	0.63002	0.01784	0.00817	0.00237	0.00353	0.01507	0.00635	0.00575
37	0.01650	0.00836	0.01073	0.00988	0.01261	0.00735	0.00754	0.01854	0.01655	0.27216	0.09142	0.26154	0.19236	0.01519	0.00788	0.00239	0.00452	0.02939	0.00720	0.00789
38	0.01766	0.12370	0.39373	0.02013	0.10350	0.05439	0.02011	0.11934	0.01750	0.04917	0.01303	0.01478	0.00966	0.00672	0.00631	0.00202	0.00911	0.00519	0.00376	0.01019
39	0.01710	0.00976	0.01400	0.01467	0.11469	0.00910	0.00979	0.02022	0.01832	0.23604	0.35762	0.03612	0.03919	0.01368	0.05619	0.00272	0.00574	0.00946	0.00696	0.00864
40	0.01587	0.01517	0.02584	0.22817	0.53904	0.01597	0.02047	0.02006	0.01507	0.02106	0.01268	0.01728	0.01038	0.00629	0.00679	0.00210	0.00839	0.00609	0.00329	0.00998
41	0.80789	0.01323	0.01006	0.00900	0.01323	0.01535	0.00741	0.02011	0.01164	0.03070	0.00953	0.01111	0.00741	0.00635	0.00423	0.00212	0.00529	0.00370	0.00423	0.00741
42	0.02257	0.01627	0.02236	0.11666	0.18037	0.01721	0.04964	0.30755	0.02307	0.15043	0.01675	0.01806	0.01197	0.00748	0.00690	0.00210	0.00778	0.00636	0.00568	0.01081
43	0.01754	0.01645	0.02728	0.04023	0.67015	0.01659	0.02046	0.06622	0.01669	0.02375	0.01311	0.01690	0.01089	0.00624	0.00678	0.00203	0.00809	0.00610	0.00362	0.01089
44	0.01017	0.00761	0.01074	0.01066	0.01185	0.00872	0.00807	0.01314	0.04616	0.01617	0.01925	0.02924	0.01835	0.14544	0.60069	0.00996	0.01608	0.00771	0.00390	0.00608
45	0.01994	0.01306	0.06427	0.05692	0.15378	0.01131	0.01302	0.02401	0.04849	0.29352	0.09062	0.10393	0.02368	0.01025	0.00727	0.00225	0.00629	0.04134	0.00633	0.00972
46	0.01551	0.01535	0.02348	0.39707	0.32587	0.06731	0.01942	0.01966	0.01489	0.01947	0.01234	0.01727	0.00982	0.00654	0.00676	0.00214	0.00894	0.00597	0.00322	0.00898
47	0.01492	0.01420	0.02414	0.39336	0.38124	0.01573	0.02000	0.01923	0.01463	0.01991	0.01251	0.01759	0.00998	0.00647	0.00681	0.00216	0.00862	0.00609	0.00321	0.00921
48	0.00860	0.00619	0.00820	0.00955	0.01018	0.00578	0.00660	0.01010	0.01388	0.01855	0.09789	0.63389	0.06568	0.02051	0.00870	0.00273	0.00403	0.05682	0.00645	0.00569
49	0.01474	0.05847	0.66510	0.01887	0.02859	0.01596	0.02405	0.02222	0.01469	0.05712	0.01293	0.01478	0.00909	0.00658	0.00645	0.00214	0.00980	0.00510	0.00317	0.01014
50	0.01639	0.01629	0.06548	0.19701	0.48051	0.01577	0.03783	0.02078	0.01527	0.05003	0.01328	0.01739	0.01057	0.00638	0.00681	0.00211	0.00846	0.00612	0.00349	0.01006
51	0.01474	0.01357	0.02261	0.19516	0.42170	0.01423	0.01825	0.01874	0.01539	0.02127	0.05708	0.02794	0.01772	0.00858	0.00725	0.00226	0.00780	0.10255	0.00397	0.00919
52	0.01731	0.01728	0.03003	0.05465	0.48497	0.03733	0.18089	0.05228	0.01654	0.02292	0.01318	0.01717	0.01066	0.00616	0.00707	0.00210	0.00906	0.00652	0.00356	0.01032

[dist]
# distance from previous block
# <min> <max>
7	12

# created by:
# /home/berkeley/.conda/envs/busco_data_prod/bin/msa2prfl.pl pipeline/OGs_align_augustus/4893/18531.fs
