[name]
unknown

[dist]
# distance from previous block
# <min> <max>
0	6

[block]
# block no. 0 follows, 33 sequences, length 41
# corresponding to MSA columns:
# 6-46
name=unknown_A
#
# <colnr> <probs for GDERKNQSTAVLIFYWHMCP>
#	G	D	E	R	K	N	Q	S	T	A	V	L	I	F	Y	W	H	M	C	P
0	0.07140	0.06225	0.27080	0.01715	0.06430	0.03540	0.03939	0.14584	0.05272	0.02501	0.01693	0.02486	0.01459	0.00864	0.00662	0.00218	0.00795	0.12047	0.00439	0.00912
1	0.01793	0.09592	0.12299	0.05966	0.24985	0.07652	0.05858	0.13830	0.07385	0.02400	0.01356	0.01576	0.01058	0.00658	0.00631	0.00195	0.00827	0.00561	0.00399	0.00979
2	0.00802	0.00573	0.00764	0.00917	0.00955	0.00535	0.00611	0.00917	0.01260	0.01681	0.03628	0.76434	0.04354	0.02062	0.00840	0.00267	0.00382	0.01872	0.00611	0.00535
3	0.04229	0.01760	0.07842	0.06670	0.02091	0.04677	0.01275	0.41272	0.06443	0.03226	0.01832	0.12278	0.01569	0.00945	0.00673	0.00211	0.00709	0.00761	0.00574	0.00965
4	0.00957	0.00638	0.00718	0.00718	0.00718	0.00638	0.00399	0.00957	0.00957	0.01276	0.02074	0.04308	0.02393	0.76864	0.03351	0.00638	0.00638	0.00957	0.00399	0.00399
5	0.01725	0.07167	0.04708	0.03500	0.57508	0.10022	0.01883	0.02089	0.01527	0.02044	0.01188	0.01531	0.01000	0.00597	0.00628	0.00189	0.00829	0.00548	0.00323	0.00994
6	0.13761	0.57281	0.02894	0.01154	0.01668	0.10767	0.01082	0.02042	0.01367	0.01766	0.00927	0.01073	0.00825	0.00584	0.00440	0.00154	0.00731	0.00361	0.00307	0.00816
7	0.01340	0.01278	0.02194	0.56927	0.19752	0.01492	0.04164	0.01772	0.01365	0.01801	0.01191	0.01728	0.00919	0.00639	0.00661	0.00214	0.00864	0.00592	0.00301	0.00806
8	0.00932	0.00673	0.00880	0.00828	0.00984	0.00621	0.00621	0.01242	0.01863	0.02640	0.72410	0.04918	0.06212	0.01346	0.00776	0.00207	0.00311	0.01191	0.00725	0.00621
9	0.00932	0.00673	0.00880	0.00828	0.00984	0.00621	0.00621	0.01242	0.01863	0.02640	0.72410	0.04918	0.06212	0.01346	0.00776	0.00207	0.00311	0.01191	0.00725	0.00621
10	0.00885	0.00671	0.00815	0.00779	0.00955	0.00601	0.00584	0.01152	0.01753	0.02378	0.52418	0.05349	0.26367	0.01444	0.00777	0.00212	0.00318	0.01251	0.00690	0.00601
11	0.00814	0.00668	0.00717	0.00705	0.00912	0.00571	0.00529	0.01015	0.01587	0.01983	0.22256	0.05999	0.56776	0.01591	0.00778	0.00219	0.00328	0.01342	0.00638	0.00571
12	0.01637	0.01414	0.01489	0.01340	0.01712	0.01637	0.01042	0.03498	0.71568	0.02754	0.02679	0.02456	0.02010	0.00893	0.00670	0.00223	0.00521	0.00744	0.00670	0.01042
13	0.81514	0.01273	0.00968	0.00866	0.01273	0.01477	0.00713	0.01935	0.01120	0.02954	0.00917	0.01069	0.00713	0.00611	0.00407	0.00204	0.00509	0.00356	0.00407	0.00713
14	0.05658	0.01218	0.01565	0.01204	0.01712	0.01122	0.00995	0.11740	0.02012	0.61948	0.02409	0.02115	0.01532	0.00805	0.00653	0.00203	0.00579	0.00642	0.00781	0.01106
15	0.81514	0.01273	0.00968	0.00866	0.01273	0.01477	0.00713	0.01935	0.01120	0.02954	0.00917	0.01069	0.00713	0.00611	0.00407	0.00204	0.00509	0.00356	0.00407	0.00713
16	0.81514	0.01273	0.00968	0.00866	0.01273	0.01477	0.00713	0.01935	0.01120	0.02954	0.00917	0.01069	0.00713	0.00611	0.00407	0.00204	0.00509	0.00356	0.00407	0.00713
17	0.81514	0.01273	0.00968	0.00866	0.01273	0.01477	0.00713	0.01935	0.01120	0.02954	0.00917	0.01069	0.00713	0.00611	0.00407	0.00204	0.00509	0.00356	0.00407	0.00713
18	0.00801	0.00577	0.00760	0.00906	0.00952	0.00536	0.00606	0.00918	0.01271	0.01685	0.03757	0.73462	0.07243	0.02046	0.00838	0.00265	0.00380	0.01851	0.00611	0.00536
19	0.81514	0.01273	0.00968	0.00866	0.01273	0.01477	0.00713	0.01935	0.01120	0.02954	0.00917	0.01069	0.00713	0.00611	0.00407	0.00204	0.00509	0.00356	0.00407	0.00713
20	0.01448	0.01379	0.02345	0.37439	0.40774	0.01517	0.01930	0.01862	0.01413	0.01931	0.01206	0.01688	0.00965	0.00620	0.00655	0.00207	0.00827	0.00586	0.00310	0.00897
21	0.01218	0.00952	0.05255	0.00985	0.01228	0.00822	0.00817	0.04416	0.01855	0.08778	0.56228	0.04194	0.05063	0.01226	0.00810	0.00210	0.03493	0.01053	0.00686	0.00710
22	0.00940	0.00705	0.01058	0.01058	0.01176	0.00823	0.00823	0.01176	0.01058	0.01528	0.01763	0.02586	0.01646	0.04937	0.74255	0.01058	0.01763	0.00705	0.00353	0.00588
23	0.02954	0.01120	0.01528	0.01171	0.01681	0.00968	0.00968	0.03208	0.01884	0.73213	0.02597	0.02241	0.01630	0.00815	0.00662	0.00204	0.00560	0.00662	0.00815	0.01120
24	0.00812	0.00587	0.00770	0.00913	0.00968	0.00546	0.00624	0.00938	0.01288	0.01700	0.03826	0.68704	0.08887	0.02025	0.00839	0.00266	0.00389	0.04768	0.00611	0.00539
25	0.01601	0.08389	0.57441	0.01715	0.02588	0.01521	0.02115	0.02248	0.01461	0.12882	0.01378	0.01495	0.00956	0.00650	0.00616	0.00203	0.00891	0.00504	0.00360	0.00986
26	0.00944	0.00690	0.00979	0.00979	0.01070	0.00780	0.00725	0.01125	0.01035	0.01470	0.01835	0.02984	0.01819	0.21556	0.57872	0.00961	0.01503	0.00764	0.00363	0.00544
27	0.02954	0.01120	0.01528	0.01171	0.01681	0.00968	0.00968	0.03208	0.01884	0.73213	0.02597	0.02241	0.01630	0.00815	0.00662	0.00204	0.00560	0.00662	0.00815	0.01120
28	0.01772	0.01595	0.02604	0.03594	0.59118	0.01611	0.04712	0.10592	0.01711	0.04375	0.01323	0.01646	0.01067	0.00617	0.00658	0.00197	0.00782	0.00597	0.00381	0.01048
29	0.01299	0.01200	0.01975	0.72031	0.04424	0.01488	0.01803	0.04717	0.01395	0.01791	0.01188	0.01747	0.00888	0.00664	0.00658	0.00218	0.00871	0.00585	0.00309	0.00748
30	0.81514	0.01273	0.00968	0.00866	0.01273	0.01477	0.00713	0.01935	0.01120	0.02954	0.00917	0.01069	0.00713	0.00611	0.00407	0.00204	0.00509	0.00356	0.00407	0.00713
31	0.06161	0.01127	0.01505	0.01159	0.01664	0.00988	0.00957	0.03156	0.01853	0.70345	0.02529	0.02193	0.01592	0.00806	0.00652	0.00204	0.00558	0.00650	0.00798	0.01104
32	0.01800	0.01819	0.02480	0.05804	0.55150	0.13160	0.01850	0.06135	0.01645	0.02167	0.01221	0.01560	0.01011	0.00615	0.00643	0.00192	0.00846	0.00561	0.00346	0.00993
33	0.00921	0.00665	0.00870	0.00835	0.00981	0.00614	0.00620	0.01216	0.01814	0.02561	0.66777	0.10775	0.06060	0.01405	0.00782	0.00212	0.00316	0.01246	0.00715	0.00614
34	0.00920	0.00668	0.00867	0.00827	0.00979	0.00615	0.00616	0.01216	0.01821	0.02562	0.66672	0.08578	0.08400	0.01393	0.00780	0.00211	0.00315	0.01232	0.00715	0.00615
35	0.00911	0.00672	0.00852	0.00807	0.00971	0.00612	0.00605	0.01203	0.01815	0.02525	0.63672	0.05106	0.15021	0.01389	0.00777	0.00209	0.00314	0.01217	0.00710	0.00612
36	0.02459	0.03138	0.01866	0.01696	0.02035	0.74221	0.01272	0.02629	0.01866	0.01611	0.01018	0.01187	0.00848	0.00678	0.00594	0.00170	0.01187	0.00424	0.00339	0.00763
37	0.01760	0.77260	0.03450	0.01126	0.01690	0.02605	0.01126	0.01971	0.01338	0.01549	0.00915	0.01056	0.00845	0.00563	0.00422	0.00141	0.00704	0.00352	0.00282	0.00845
38	0.00802	0.00573	0.00764	0.00917	0.00955	0.00535	0.00611	0.00917	0.01260	0.01681	0.03628	0.76434	0.04354	0.02062	0.00840	0.00267	0.00382	0.01872	0.00611	0.00535
39	0.78048	0.01286	0.01042	0.01004	0.04375	0.01481	0.00770	0.01939	0.01137	0.02919	0.00931	0.01094	0.00727	0.00610	0.00418	0.00203	0.00521	0.00366	0.00404	0.00727
40	0.70772	0.01365	0.01134	0.04100	0.05050	0.04637	0.00849	0.01959	0.01180	0.02803	0.00948	0.01131	0.00742	0.00615	0.00438	0.00202	0.00567	0.00380	0.00396	0.00733

[dist]
# distance from previous block
# <min> <max>
0	11

[block]
# block no. 1 follows, 33 sequences, length 11
# corresponding to MSA columns:
# 58-68
name=unknown_B
#
# <colnr> <probs for GDERKNQSTAVLIFYWHMCP>
#	G	D	E	R	K	N	Q	S	T	A	V	L	I	F	Y	W	H	M	C	P
0	0.01619	0.01483	0.02181	0.38498	0.24612	0.04642	0.01768	0.13207	0.01689	0.02228	0.01252	0.01664	0.00966	0.00659	0.00654	0.00206	0.00836	0.00580	0.00365	0.00891
1	0.02826	0.01164	0.01542	0.01178	0.01693	0.01022	0.00971	0.06890	0.01919	0.64777	0.02449	0.02147	0.01559	0.00792	0.00651	0.00197	0.00565	0.00641	0.00779	0.06238
2	0.02954	0.01120	0.01528	0.01171	0.01681	0.00968	0.00968	0.03208	0.01884	0.73213	0.02597	0.02241	0.01630	0.00815	0.00662	0.00204	0.00560	0.00662	0.00815	0.01120
3	0.01760	0.77260	0.03450	0.01126	0.01690	0.02605	0.01126	0.01971	0.01338	0.01549	0.00915	0.01056	0.00845	0.00563	0.00422	0.00141	0.00704	0.00352	0.00282	0.00845
4	0.01021	0.00775	0.00986	0.01043	0.03918	0.00756	0.00722	0.04407	0.06402	0.02293	0.32532	0.30507	0.09019	0.01540	0.00782	0.00230	0.00390	0.01369	0.00654	0.00653
5	0.00932	0.00673	0.00880	0.00828	0.00984	0.00621	0.00621	0.01242	0.01863	0.02640	0.72410	0.04918	0.06212	0.01346	0.00776	0.00207	0.00311	0.01191	0.00725	0.00621
6	0.00932	0.00673	0.00880	0.00828	0.00984	0.00621	0.00621	0.01242	0.01863	0.02640	0.72410	0.04918	0.06212	0.01346	0.00776	0.00207	0.00311	0.01191	0.00725	0.00621
7	0.04583	0.16870	0.17718	0.02387	0.24217	0.09233	0.07199	0.04447	0.01539	0.04198	0.01189	0.01430	0.00945	0.00612	0.00597	0.00188	0.00857	0.00512	0.00338	0.00942
8	0.01358	0.07687	0.65782	0.01878	0.02811	0.01599	0.05805	0.02079	0.01395	0.02054	0.01173	0.01390	0.00843	0.00618	0.00621	0.00205	0.00964	0.00493	0.00281	0.00961
9	0.00778	0.00667	0.00667	0.00667	0.00889	0.00556	0.00500	0.00945	0.01501	0.01778	0.06669	0.06336	0.72490	0.01667	0.00778	0.00222	0.00333	0.01389	0.00611	0.00556
10	0.01593	0.01613	0.02493	0.11108	0.43811	0.08418	0.09751	0.01979	0.01555	0.02089	0.07876	0.01925	0.01485	0.00670	0.00673	0.00200	0.00825	0.00650	0.00362	0.00925

[dist]
# distance from previous block
# <min> <max>
3	7

[block]
# block no. 2 follows, 33 sequences, length 12
# corresponding to MSA columns:
# 76-87
name=unknown_C
#
# <colnr> <probs for GDERKNQSTAVLIFYWHMCP>
#	G	D	E	R	K	N	Q	S	T	A	V	L	I	F	Y	W	H	M	C	P
0	0.59604	0.01176	0.01032	0.00900	0.01295	0.01291	0.00735	0.02030	0.01311	0.13585	0.06916	0.01788	0.04620	0.00748	0.00492	0.00205	0.00494	0.00515	0.00503	0.00761
1	0.01284	0.04779	0.12411	0.07331	0.12623	0.01295	0.03208	0.01933	0.14398	0.02136	0.10271	0.04909	0.16331	0.01008	0.00736	0.00214	0.02964	0.00855	0.00485	0.00828
2	0.02954	0.01120	0.01528	0.01171	0.01681	0.00968	0.00968	0.03208	0.01884	0.73213	0.02597	0.02241	0.01630	0.00815	0.00662	0.00204	0.00560	0.00662	0.00815	0.01120
3	0.01171	0.00728	0.00946	0.00860	0.01063	0.00660	0.00656	0.01465	0.01843	0.11279	0.59550	0.04680	0.09941	0.01301	0.00762	0.00208	0.00343	0.01138	0.00728	0.00678
4	0.02807	0.01125	0.01513	0.01153	0.01669	0.00959	0.00950	0.03065	0.01836	0.66637	0.02465	0.02160	0.01569	0.00785	0.00646	0.00194	0.00553	0.00637	0.00776	0.08502
5	0.02459	0.03138	0.01866	0.01696	0.02035	0.74221	0.01272	0.02629	0.01866	0.01611	0.01018	0.01187	0.00848	0.00678	0.00594	0.00170	0.01187	0.00424	0.00339	0.00763
6	0.00973	0.00753	0.01121	0.01102	0.01212	0.00901	0.00863	0.01202	0.01055	0.01532	0.01704	0.02511	0.01595	0.04690	0.69533	0.01008	0.06603	0.00697	0.00348	0.00596
7	0.01804	0.72580	0.03350	0.01162	0.01711	0.07127	0.01136	0.02013	0.01371	0.01553	0.00922	0.01064	0.00845	0.00570	0.00433	0.00143	0.00735	0.00357	0.00285	0.00840
8	0.02493	0.01779	0.01925	0.01485	0.02004	0.01955	0.01224	0.63288	0.06061	0.08490	0.01694	0.01662	0.01192	0.00796	0.00659	0.00199	0.00705	0.00604	0.00669	0.01116
9	0.00932	0.00673	0.00880	0.00828	0.00984	0.00621	0.00621	0.01242	0.01863	0.02640	0.72410	0.04918	0.06212	0.01346	0.00776	0.00207	0.00311	0.01191	0.00725	0.00621
10	0.07084	0.06914	0.01750	0.01427	0.01818	0.25110	0.01120	0.09360	0.33600	0.02452	0.01814	0.01786	0.01393	0.00775	0.00611	0.00197	0.00766	0.00577	0.00520	0.00926
11	0.10396	0.37168	0.15472	0.01276	0.01858	0.02025	0.01296	0.06019	0.10436	0.04281	0.03310	0.01472	0.01169	0.00664	0.00520	0.00177	0.00694	0.00474	0.00394	0.00896

[dist]
# distance from previous block
# <min> <max>
0	2

[block]
# block no. 3 follows, 33 sequences, length 183
# corresponding to MSA columns:
# 90-272
name=unknown_D
#
# <colnr> <probs for GDERKNQSTAVLIFYWHMCP>
#	G	D	E	R	K	N	Q	S	T	A	V	L	I	F	Y	W	H	M	C	P
0	0.56388	0.01233	0.01145	0.00968	0.01404	0.01334	0.00797	0.02350	0.03455	0.23276	0.01456	0.01450	0.01017	0.00679	0.00489	0.00204	0.00524	0.00457	0.00533	0.00841
1	0.01884	0.11242	0.38781	0.01666	0.04731	0.03860	0.01804	0.07112	0.01638	0.18891	0.01508	0.01566	0.01050	0.00675	0.00613	0.00197	0.00828	0.00521	0.00435	0.00999
2	0.16155	0.01935	0.04451	0.12266	0.25566	0.21017	0.03127	0.02164	0.01514	0.04284	0.01155	0.01441	0.00919	0.00633	0.00596	0.00195	0.00862	0.00505	0.00353	0.00863
3	0.00778	0.00667	0.00667	0.00667	0.00889	0.00556	0.00500	0.00945	0.01501	0.01778	0.06669	0.06336	0.72490	0.01667	0.00778	0.00222	0.00333	0.01389	0.00611	0.00556
4	0.00862	0.00670	0.00783	0.00755	0.00941	0.00591	0.00566	0.01107	0.01698	0.02248	0.42513	0.05562	0.36353	0.01492	0.00777	0.00214	0.00321	0.01281	0.00673	0.00591
5	0.01543	0.04309	0.19020	0.03117	0.35836	0.01615	0.20815	0.02058	0.01485	0.02106	0.01241	0.01598	0.00978	0.00586	0.00673	0.00204	0.00913	0.00609	0.00316	0.00979
6	0.01706	0.01437	0.01616	0.01406	0.01801	0.01633	0.04197	0.05848	0.63755	0.04958	0.02576	0.02387	0.01920	0.00872	0.00674	0.00222	0.00556	0.00738	0.00659	0.01040
7	0.02862	0.01100	0.01498	0.01156	0.01649	0.00952	0.00952	0.03119	0.01883	0.70006	0.05769	0.02362	0.01838	0.00839	0.00667	0.00204	0.00549	0.00686	0.00811	0.01098
8	0.00785	0.00656	0.00683	0.00700	0.00899	0.00555	0.00516	0.00949	0.01483	0.01789	0.08017	0.14292	0.63012	0.01704	0.00785	0.00227	0.00338	0.01439	0.00614	0.00555
9	0.01790	0.51166	0.04771	0.04319	0.14262	0.05574	0.01354	0.06603	0.01508	0.01849	0.01036	0.01230	0.00899	0.00593	0.00499	0.00160	0.00754	0.00424	0.00318	0.00893
10	0.02317	0.02236	0.13034	0.03670	0.02118	0.23480	0.01395	0.14174	0.01930	0.21590	0.01562	0.01606	0.01107	0.00759	0.00739	0.00199	0.06082	0.00542	0.00508	0.00950
11	0.00965	0.00637	0.00736	0.00736	0.00740	0.00641	0.00421	0.00960	0.00956	0.01279	0.02021	0.04145	0.02311	0.71034	0.05722	0.04297	0.00673	0.00931	0.00392	0.00400
12	0.78989	0.03679	0.01046	0.00874	0.01286	0.01513	0.00726	0.01936	0.01127	0.02909	0.00917	0.01069	0.00717	0.00610	0.00408	0.00202	0.00515	0.00356	0.00403	0.00717
13	0.01320	0.01238	0.02065	0.64602	0.08101	0.01495	0.04215	0.03510	0.03604	0.01819	0.01238	0.01767	0.00933	0.00661	0.00662	0.00218	0.00865	0.00597	0.00317	0.00774
14	0.00882	0.00668	0.00813	0.00784	0.00955	0.00599	0.00585	0.01144	0.01736	0.02354	0.50753	0.07812	0.25579	0.01465	0.00779	0.00214	0.00320	0.01272	0.00688	0.00599
15	0.01760	0.77260	0.03450	0.01126	0.01690	0.02605	0.01126	0.01971	0.01338	0.01549	0.00915	0.01056	0.00845	0.00563	0.00422	0.00141	0.00704	0.00352	0.00282	0.00845
16	0.00864	0.00670	0.00786	0.00757	0.00942	0.00592	0.00568	0.01111	0.01703	0.02259	0.43339	0.05545	0.35521	0.01488	0.00777	0.00214	0.00321	0.01278	0.00675	0.00592
17	0.00820	0.00613	0.00763	0.00842	0.00945	0.00556	0.00587	0.00983	0.01428	0.01881	0.17045	0.46776	0.20687	0.01837	0.00814	0.00246	0.00357	0.01633	0.00632	0.00556
18	0.00830	0.00669	0.00739	0.00721	0.00921	0.00578	0.00541	0.01045	0.01623	0.02068	0.28783	0.05859	0.50195	0.01559	0.00778	0.00217	0.00326	0.01323	0.00649	0.00578
19	0.02459	0.03138	0.01866	0.01696	0.02035	0.74221	0.01272	0.02629	0.01866	0.01611	0.01018	0.01187	0.00848	0.00678	0.00594	0.00170	0.01187	0.00424	0.00339	0.00763
20	0.02459	0.03138	0.01866	0.01696	0.02035	0.74221	0.01272	0.02629	0.01866	0.01611	0.01018	0.01187	0.00848	0.00678	0.00594	0.00170	0.01187	0.00424	0.00339	0.00763
21	0.02954	0.01120	0.01528	0.01171	0.01681	0.00968	0.00968	0.03208	0.01884	0.73213	0.02597	0.02241	0.01630	0.00815	0.00662	0.00204	0.00560	0.00662	0.00815	0.01120
22	0.81514	0.01273	0.00968	0.00866	0.01273	0.01477	0.00713	0.01935	0.01120	0.02954	0.00917	0.01069	0.00713	0.00611	0.00407	0.00204	0.00509	0.00356	0.00407	0.00713
23	0.00778	0.00667	0.00667	0.00667	0.00889	0.00556	0.00500	0.00945	0.01501	0.01778	0.06669	0.06336	0.72490	0.01667	0.00778	0.00222	0.00333	0.01389	0.00611	0.00556
24	0.00802	0.00573	0.00764	0.00917	0.00955	0.00535	0.00611	0.00917	0.01260	0.01681	0.03628	0.76434	0.04354	0.02062	0.00840	0.00267	0.00382	0.01872	0.00611	0.00535
25	0.01243	0.01170	0.01975	0.75282	0.04534	0.01463	0.01828	0.01682	0.01316	0.01682	0.01170	0.01755	0.00878	0.00658	0.00658	0.00219	0.00878	0.00585	0.00293	0.00731
26	0.01760	0.77260	0.03450	0.01126	0.01690	0.02605	0.01126	0.01971	0.01338	0.01549	0.00915	0.01056	0.00845	0.00563	0.00422	0.00141	0.00704	0.00352	0.00282	0.00845
27	0.04926	0.01143	0.01379	0.01227	0.04676	0.01158	0.00924	0.19738	0.04224	0.15605	0.31918	0.03229	0.04977	0.01037	0.00702	0.00204	0.00499	0.00872	0.00689	0.00874
28	0.02523	0.01811	0.01955	0.01499	0.02025	0.01993	0.01238	0.67502	0.03040	0.07287	0.01627	0.01611	0.01143	0.00791	0.00659	0.00198	0.00717	0.00596	0.00666	0.01120
29	0.00952	0.00639	0.00716	0.00716	0.00723	0.00636	0.00402	0.00957	0.00974	0.01292	0.02214	0.04370	0.04530	0.74572	0.03272	0.00626	0.00629	0.00971	0.00405	0.00404
30	0.09063	0.01364	0.01483	0.01197	0.01651	0.10479	0.00965	0.02901	0.01798	0.53992	0.04101	0.04651	0.01668	0.00838	0.00642	0.00202	0.00625	0.00662	0.00711	0.01008
31	0.01645	0.01613	0.02596	0.07999	0.65651	0.04860	0.01975	0.02029	0.01505	0.02099	0.01224	0.01616	0.01025	0.00595	0.00649	0.00196	0.00806	0.00579	0.00325	0.01012
32	0.01049	0.00749	0.01047	0.01199	0.01346	0.00748	0.01041	0.01344	0.01504	0.01957	0.03492	0.10528	0.03814	0.01830	0.00906	0.00301	0.00596	0.65339	0.00606	0.00603
33	0.01926	0.05826	0.02016	0.01600	0.04153	0.01827	0.07486	0.25666	0.36209	0.03076	0.02046	0.01998	0.01525	0.00800	0.00662	0.00209	0.00661	0.00670	0.00603	0.01043
34	0.04131	0.17549	0.33307	0.01429	0.02152	0.01575	0.01600	0.04674	0.01489	0.08279	0.03392	0.01495	0.01098	0.00633	0.00562	0.00174	0.00754	0.00479	0.00377	0.14850
35	0.01830	0.01774	0.09503	0.07605	0.31960	0.05479	0.11047	0.05753	0.01636	0.12128	0.01434	0.01683	0.01078	0.00635	0.00659	0.00198	0.00830	0.00598	0.00409	0.03761
36	0.01810	0.09198	0.29181	0.01883	0.02574	0.10267	0.17823	0.02309	0.01548	0.13161	0.01388	0.01561	0.01001	0.00653	0.00684	0.00202	0.02875	0.00565	0.00383	0.00933
37	0.00966	0.00635	0.00724	0.00724	0.00724	0.00635	0.00407	0.00953	0.00953	0.01271	0.02033	0.04206	0.02338	0.73573	0.03316	0.04178	0.00635	0.00940	0.00394	0.00394
38	0.10431	0.09572	0.06062	0.01749	0.04735	0.11048	0.16816	0.06711	0.04851	0.17468	0.01529	0.01636	0.01112	0.00684	0.00664	0.00200	0.02758	0.00578	0.00471	0.00926
39	0.02380	0.01579	0.01945	0.01515	0.02007	0.04842	0.08473	0.34055	0.02372	0.23412	0.02088	0.02322	0.03236	0.00865	0.00691	0.00209	0.00721	0.05614	0.00649	0.01027
40	0.00932	0.00673	0.00880	0.00828	0.00984	0.00621	0.00621	0.01242	0.01863	0.02640	0.72410	0.04918	0.06212	0.01346	0.00776	0.00207	0.00311	0.01191	0.00725	0.00621
41	0.00865	0.00660	0.00794	0.00781	0.00948	0.00589	0.00578	0.01105	0.01674	0.02240	0.42339	0.12842	0.29132	0.01532	0.00784	0.00219	0.00326	0.01331	0.00673	0.00589
42	0.01727	0.69941	0.07249	0.01240	0.01830	0.02505	0.04253	0.01983	0.01350	0.01603	0.00948	0.01106	0.00851	0.00566	0.00449	0.00148	0.00736	0.00378	0.00284	0.00854
43	0.00932	0.00673	0.00880	0.00828	0.00984	0.00621	0.00621	0.01242	0.01863	0.02640	0.72410	0.04918	0.06212	0.01346	0.00776	0.00207	0.00311	0.01191	0.00725	0.00621
44	0.01440	0.01440	0.02016	0.01728	0.01728	0.02016	0.01440	0.01584	0.01008	0.01584	0.00864	0.01440	0.00864	0.01152	0.02160	0.00288	0.75659	0.00576	0.00288	0.00720
45	0.00802	0.00573	0.00764	0.00917	0.00955	0.00535	0.00611	0.00917	0.01260	0.01681	0.03628	0.76434	0.04354	0.02062	0.00840	0.00267	0.00382	0.01872	0.00611	0.00535
46	0.02174	0.02580	0.01786	0.04860	0.02058	0.51164	0.01248	0.02756	0.18365	0.01885	0.01413	0.01523	0.01126	0.00746	0.00671	0.00189	0.03705	0.00513	0.00414	0.00826
47	0.77983	0.01266	0.00993	0.00879	0.01291	0.01454	0.00724	0.01992	0.01155	0.06112	0.00992	0.01122	0.00754	0.00620	0.00419	0.00204	0.00512	0.00370	0.00426	0.00731
48	0.16999	0.01254	0.01493	0.01167	0.01661	0.01217	0.00964	0.12909	0.01926	0.50411	0.02145	0.01933	0.01390	0.00775	0.00616	0.00203	0.00575	0.00597	0.00719	0.01047
49	0.00943	0.00697	0.01015	0.01015	0.01118	0.00799	0.00769	0.01148	0.01045	0.01496	0.01803	0.02805	0.01741	0.14058	0.65264	0.01005	0.01621	0.00737	0.00359	0.00564
50	0.01601	0.01647	0.05535	0.05489	0.61850	0.01570	0.08534	0.02023	0.01496	0.02133	0.01243	0.01637	0.01027	0.00587	0.00663	0.00199	0.00823	0.00601	0.00324	0.01018
51	0.00801	0.00579	0.00758	0.00901	0.00951	0.00536	0.00604	0.00918	0.01275	0.01687	0.03817	0.72078	0.08588	0.02038	0.00836	0.00265	0.00379	0.01842	0.00611	0.00536
52	0.01709	0.01297	0.01364	0.01189	0.01537	0.01457	0.00935	0.16749	0.39490	0.02963	0.02317	0.02276	0.01744	0.00840	0.00614	0.00200	0.00508	0.00680	0.21183	0.00948
53	0.01523	0.01461	0.02461	0.21194	0.51634	0.01569	0.01937	0.01910	0.01423	0.02001	0.01198	0.01648	0.00991	0.00640	0.00750	0.00207	0.05607	0.00586	0.00315	0.00946
54	0.02894	0.01141	0.01580	0.01302	0.04910	0.00995	0.01015	0.03154	0.01867	0.69984	0.02535	0.02213	0.01603	0.00804	0.00662	0.00203	0.00570	0.00659	0.00793	0.01117
55	0.02863	0.01100	0.01499	0.01156	0.01649	0.00952	0.00952	0.03120	0.01883	0.70041	0.05735	0.02361	0.01836	0.00839	0.00667	0.00204	0.00549	0.00686	0.00811	0.01098
56	0.01144	0.00572	0.00858	0.00858	0.00858	0.00572	0.00572	0.00858	0.00858	0.01144	0.01144	0.02001	0.01144	0.02287	0.02573	0.80846	0.00572	0.00572	0.00286	0.00286
57	0.01417	0.01201	0.01393	0.01000	0.01582	0.00930	0.00801	0.04789	0.01444	0.02236	0.01189	0.01375	0.00982	0.00501	0.00495	0.00102	0.00498	0.00399	0.00402	0.77264
58	0.01048	0.00875	0.01260	0.01192	0.01288	0.01087	0.00949	0.01258	0.01072	0.01556	0.01840	0.02537	0.05615	0.03858	0.53042	0.00828	0.19007	0.00715	0.00353	0.00617
59	0.01048	0.00743	0.01019	0.01152	0.01285	0.00743	0.00980	0.01314	0.01447	0.01885	0.03313	0.07045	0.03618	0.10977	0.01207	0.00344	0.00610	0.60104	0.00581	0.00581
60	0.01258	0.01165	0.01945	0.50949	0.17495	0.01354	0.01698	0.01643	0.01345	0.01774	0.01523	0.12055	0.01391	0.00838	0.00682	0.00221	0.00790	0.00763	0.00343	0.00766
61	0.01779	0.08735	0.12448	0.09131	0.20516	0.01754	0.13941	0.17376	0.01829	0.04266	0.01322	0.01586	0.01005	0.00642	0.00652	0.00200	0.00850	0.00589	0.00400	0.00978
62	0.01543	0.01754	0.03817	0.05330	0.03479	0.01658	0.67951	0.02094	0.01545	0.02094	0.01326	0.01775	0.00995	0.00559	0.00773	0.00222	0.01102	0.00770	0.00332	0.00882
63	0.01775	0.01852	0.02494	0.06010	0.56900	0.15473	0.01871	0.02125	0.01563	0.02032	0.01194	0.01549	0.01000	0.00607	0.00641	0.00191	0.00863	0.00555	0.00327	0.00979
64	0.00956	0.00646	0.00755	0.00755	0.00768	0.00658	0.00445	0.00981	0.00968	0.01304	0.02041	0.04121	0.02312	0.69062	0.11042	0.00684	0.00760	0.00930	0.00394	0.00419
65	0.81514	0.01273	0.00968	0.00866	0.01273	0.01477	0.00713	0.01935	0.01120	0.02954	0.00917	0.01069	0.00713	0.00611	0.00407	0.00204	0.00509	0.00356	0.00407	0.00713
66	0.01255	0.01182	0.01996	0.73075	0.06647	0.01466	0.01834	0.01693	0.01322	0.01697	0.01172	0.01751	0.00883	0.00656	0.00658	0.00219	0.00875	0.00585	0.00294	0.00741
67	0.00796	0.00668	0.00692	0.00686	0.00900	0.00563	0.00514	0.00980	0.01543	0.01880	0.14386	0.06169	0.64710	0.01630	0.00778	0.00221	0.00331	0.01366	0.00625	0.00563
68	0.00828	0.00672	0.00736	0.00730	0.00933	0.00581	0.00555	0.01036	0.01589	0.01996	0.22446	0.06041	0.53351	0.01596	0.00784	0.00222	0.00340	0.04350	0.00639	0.00574
69	0.02459	0.03138	0.01866	0.01696	0.02035	0.74221	0.01272	0.02629	0.01866	0.01611	0.01018	0.01187	0.00848	0.00678	0.00594	0.00170	0.01187	0.00424	0.00339	0.00763
70	0.01685	0.01404	0.01490	0.01334	0.01711	0.01613	0.01039	0.03488	0.69051	0.05298	0.02676	0.02448	0.01996	0.00890	0.00670	0.00223	0.00522	0.00741	0.00675	0.01045
71	0.02345	0.01013	0.01263	0.01016	0.01409	0.00940	0.00824	0.08291	0.01819	0.44038	0.02363	0.02256	0.01606	0.00797	0.00595	0.00187	0.00490	0.00640	0.27155	0.00953
72	0.02503	0.01844	0.01976	0.01515	0.02042	0.02042	0.01251	0.70562	0.03095	0.04149	0.01581	0.01581	0.01120	0.00790	0.00659	0.00198	0.00724	0.00593	0.00659	0.01120
73	0.01365	0.01170	0.01365	0.00975	0.01560	0.00878	0.00780	0.01658	0.01365	0.02145	0.01170	0.01365	0.00975	0.00488	0.00488	0.00098	0.00488	0.00390	0.00390	0.80888
74	0.02954	0.01120	0.01528	0.01171	0.01681	0.00968	0.00968	0.03208	0.01884	0.73213	0.02597	0.02241	0.01630	0.00815	0.00662	0.00204	0.00560	0.00662	0.00815	0.01120
75	0.81514	0.01273	0.00968	0.00866	0.01273	0.01477	0.00713	0.01935	0.01120	0.02954	0.00917	0.01069	0.00713	0.00611	0.00407	0.00204	0.00509	0.00356	0.00407	0.00713
76	0.00802	0.00573	0.00764	0.00917	0.00955	0.00535	0.00611	0.00917	0.01260	0.01681	0.03628	0.76434	0.04354	0.02062	0.00840	0.00267	0.00382	0.01872	0.00611	0.00535
77	0.00947	0.00679	0.00924	0.00924	0.00995	0.00750	0.00656	0.01089	0.01018	0.01429	0.01886	0.03266	0.01941	0.33326	0.46269	0.00892	0.01319	0.00805	0.00371	0.00513
78	0.81514	0.01273	0.00968	0.00866	0.01273	0.01477	0.00713	0.01935	0.01120	0.02954	0.00917	0.01069	0.00713	0.00611	0.00407	0.00204	0.00509	0.00356	0.00407	0.00713
79	0.02459	0.03138	0.01866	0.01696	0.02035	0.74221	0.01272	0.02629	0.01866	0.01611	0.01018	0.01187	0.00848	0.00678	0.00594	0.00170	0.01187	0.00424	0.00339	0.00763
80	0.00956	0.00643	0.00740	0.00740	0.00748	0.00650	0.00426	0.00972	0.00964	0.01293	0.02054	0.04196	0.02345	0.72195	0.07954	0.00665	0.00711	0.00941	0.00396	0.00411
81	0.81514	0.01273	0.00968	0.00866	0.01273	0.01477	0.00713	0.01935	0.01120	0.02954	0.00917	0.01069	0.00713	0.00611	0.00407	0.00204	0.00509	0.00356	0.00407	0.00713
82	0.01554	0.01776	0.03885	0.02775	0.03441	0.01665	0.70366	0.02109	0.01554	0.02109	0.01332	0.01776	0.00999	0.00555	0.00777	0.00222	0.01110	0.00777	0.00333	0.00888
83	0.02719	0.01209	0.01548	0.01218	0.01707	0.01137	0.00996	0.07235	0.12947	0.58018	0.02550	0.02236	0.01659	0.00826	0.00663	0.00206	0.00564	0.00671	0.00783	0.01108
84	0.02459	0.03138	0.01866	0.01696	0.02035	0.74221	0.01272	0.02629	0.01866	0.01611	0.01018	0.01187	0.00848	0.00678	0.00594	0.00170	0.01187	0.00424	0.00339	0.00763
85	0.00940	0.00705	0.01058	0.01058	0.01176	0.00823	0.00823	0.01176	0.01058	0.01528	0.01763	0.02586	0.01646	0.04937	0.74255	0.01058	0.01763	0.00705	0.00353	0.00588
86	0.05307	0.01777	0.01911	0.01470	0.01991	0.01952	0.01214	0.63786	0.02947	0.08584	0.01623	0.01605	0.01138	0.00786	0.00650	0.00198	0.00706	0.00589	0.00660	0.01105
87	0.02954	0.01120	0.01528	0.01171	0.01681	0.00968	0.00968	0.03208	0.01884	0.73213	0.02597	0.02241	0.01630	0.00815	0.00662	0.00204	0.00560	0.00662	0.00815	0.01120
88	0.02954	0.01120	0.01528	0.01171	0.01681	0.00968	0.00968	0.03208	0.01884	0.73213	0.02597	0.02241	0.01630	0.00815	0.00662	0.00204	0.00560	0.00662	0.00815	0.01120
89	0.01629	0.01564	0.02672	0.04041	0.72757	0.01564	0.02020	0.02020	0.01499	0.02151	0.01238	0.01629	0.01043	0.00587	0.00652	0.00196	0.00782	0.00587	0.00326	0.01043
90	0.00870	0.00621	0.00842	0.00994	0.01062	0.00593	0.00729	0.01034	0.01327	0.01757	0.03591	0.58313	0.04206	0.01998	0.00858	0.00277	0.00441	0.19322	0.00610	0.00553
91	0.78745	0.01268	0.00987	0.00877	0.01287	0.01459	0.00722	0.01980	0.01147	0.05430	0.00976	0.01111	0.00745	0.00618	0.00416	0.00204	0.00511	0.00367	0.00422	0.00727
92	0.00831	0.00619	0.00883	0.00988	0.01050	0.00578	0.03279	0.00962	0.01272	0.01697	0.03541	0.73579	0.04226	0.02005	0.00838	0.00266	0.00410	0.01830	0.00600	0.00548
93	0.00922	0.00665	0.00871	0.00835	0.00981	0.00615	0.00620	0.01218	0.01818	0.02568	0.67245	0.10288	0.06072	0.01400	0.00781	0.00212	0.00316	0.01242	0.00716	0.00615
94	0.81514	0.01273	0.00968	0.00866	0.01273	0.01477	0.00713	0.01935	0.01120	0.02954	0.00917	0.01069	0.00713	0.00611	0.00407	0.00204	0.00509	0.00356	0.00407	0.00713
95	0.00902	0.00621	0.00763	0.00836	0.00864	0.00605	0.00536	0.00972	0.01123	0.01494	0.02814	0.33889	0.03297	0.40721	0.02144	0.00462	0.00532	0.06456	0.00501	0.00470
96	0.12788	0.01358	0.01592	0.01236	0.01738	0.01357	0.01021	0.23386	0.02153	0.43440	0.02077	0.01893	0.01359	0.00782	0.00629	0.00202	0.00603	0.00602	0.00716	0.01068
97	0.01331	0.03332	0.70326	0.01917	0.02876	0.01535	0.05486	0.02086	0.01397	0.02086	0.01188	0.01407	0.00841	0.00622	0.00632	0.00209	0.00979	0.00500	0.00280	0.00969
98	0.01725	0.01458	0.01538	0.01358	0.01745	0.01679	0.01063	0.10321	0.64602	0.02896	0.02568	0.02367	0.01919	0.00883	0.00669	0.00221	0.00542	0.00729	0.00669	0.01050
99	0.00801	0.00576	0.00761	0.00908	0.00953	0.00535	0.00607	0.00918	0.01269	0.01684	0.03734	0.74005	0.06715	0.02049	0.00838	0.00266	0.00380	0.01855	0.00611	0.00535
100	0.02936	0.01149	0.01545	0.01185	0.01695	0.01010	0.00979	0.05838	0.01932	0.70516	0.02558	0.02215	0.01610	0.00814	0.00662	0.00203	0.00567	0.00659	0.00809	0.01120
101	0.01629	0.01564	0.02672	0.04041	0.72757	0.01564	0.02020	0.02020	0.01499	0.02151	0.01238	0.01629	0.01043	0.00587	0.00652	0.00196	0.00782	0.00587	0.00326	0.01043
102	0.01320	0.03405	0.73453	0.01876	0.02849	0.01529	0.02432	0.02085	0.01390	0.02085	0.01181	0.01390	0.00834	0.00625	0.00625	0.00208	0.00973	0.00486	0.00278	0.00973
103	0.81514	0.01273	0.00968	0.00866	0.01273	0.01477	0.00713	0.01935	0.01120	0.02954	0.00917	0.01069	0.00713	0.00611	0.00407	0.00204	0.00509	0.00356	0.00407	0.00713
104	0.01241	0.00848	0.01177	0.01096	0.01215	0.00971	0.00839	0.01418	0.01167	0.09531	0.05022	0.05680	0.01973	0.17125	0.35253	0.00694	0.12893	0.00795	0.00430	0.00632
105	0.01671	0.01653	0.02599	0.06097	0.66108	0.06221	0.01966	0.02049	0.01517	0.02102	0.01222	0.01605	0.01025	0.00595	0.00648	0.00195	0.00811	0.00576	0.00326	0.01015
106	0.01234	0.01132	0.01268	0.01210	0.01361	0.11183	0.00944	0.03353	0.01224	0.01617	0.01587	0.02277	0.01461	0.03943	0.56505	0.00852	0.07204	0.00653	0.00355	0.00637
107	0.02432	0.06032	0.01927	0.01674	0.02022	0.71425	0.01266	0.02603	0.01845	0.01609	0.01014	0.01182	0.00848	0.00674	0.00587	0.00168	0.01168	0.00421	0.00337	0.00766
108	0.00778	0.00667	0.00667	0.00667	0.00889	0.00556	0.00500	0.00945	0.01501	0.01778	0.06669	0.06336	0.72490	0.01667	0.00778	0.00222	0.00333	0.01389	0.00611	0.00556
109	0.01689	0.01829	0.01682	0.09623	0.09973	0.29174	0.03356	0.01982	0.03918	0.01773	0.01732	0.08526	0.01677	0.07574	0.03153	0.00269	0.00900	0.07217	0.03223	0.00729
110	0.01006	0.00690	0.00899	0.00837	0.01008	0.00633	0.00631	0.01310	0.01853	0.05368	0.67603	0.04858	0.08131	0.01335	0.00772	0.00207	0.00321	0.01176	0.00725	0.00639
111	0.02459	0.03138	0.01866	0.01696	0.02035	0.74221	0.01272	0.02629	0.01866	0.01611	0.01018	0.01187	0.00848	0.00678	0.00594	0.00170	0.01187	0.00424	0.00339	0.00763
112	0.01987	0.01285	0.01435	0.01160	0.01536	0.01354	0.00936	0.35461	0.02372	0.11260	0.15746	0.02487	0.02293	0.00898	0.00642	0.00191	0.00540	0.00722	0.16775	0.00920
113	0.00778	0.00667	0.00667	0.00667	0.00889	0.00556	0.00500	0.00945	0.01501	0.01778	0.06669	0.06336	0.72490	0.01667	0.00778	0.00222	0.00333	0.01389	0.00611	0.00556
114	0.02636	0.01050	0.01426	0.01117	0.01571	0.00913	0.00913	0.02899	0.01881	0.62113	0.13578	0.02662	0.02350	0.00898	0.00680	0.00204	0.00521	0.00745	0.00801	0.01042
115	0.01365	0.01170	0.01365	0.00975	0.01560	0.00878	0.00780	0.01658	0.01365	0.02145	0.01170	0.01365	0.00975	0.00488	0.00488	0.00098	0.00488	0.00390	0.00390	0.80888
116	0.00801	0.00577	0.00760	0.00907	0.00952	0.00536	0.00607	0.00918	0.01270	0.01684	0.03748	0.73671	0.07040	0.02047	0.00838	0.00266	0.00380	0.01853	0.00611	0.00536
117	0.02954	0.01120	0.01528	0.01171	0.01681	0.00968	0.00968	0.03208	0.01884	0.73213	0.02597	0.02241	0.01630	0.00815	0.00662	0.00204	0.00560	0.00662	0.00815	0.01120
118	0.01303	0.01207	0.01994	0.70446	0.06309	0.01488	0.01811	0.04381	0.01391	0.01791	0.01188	0.01745	0.00892	0.00661	0.00658	0.00218	0.00869	0.00585	0.00308	0.00755
119	0.02503	0.01844	0.01976	0.01515	0.02042	0.02042	0.01251	0.70562	0.03095	0.04149	0.01581	0.01581	0.01120	0.00790	0.00659	0.00198	0.00724	0.00593	0.00659	0.01120
120	0.01376	0.01185	0.01976	0.67073	0.07443	0.01434	0.01779	0.01800	0.01363	0.06502	0.01269	0.01782	0.00936	0.00665	0.00658	0.00217	0.00852	0.00590	0.00329	0.00772
121	0.01061	0.00758	0.01061	0.01212	0.01364	0.00758	0.01061	0.01364	0.01515	0.01970	0.03486	0.07426	0.03789	0.01819	0.00909	0.00303	0.00606	0.68326	0.00606	0.00606
122	0.01637	0.01414	0.01489	0.01340	0.01712	0.01637	0.01042	0.03498	0.71568	0.02754	0.02679	0.02456	0.02010	0.00893	0.00670	0.00223	0.00521	0.00744	0.00670	0.01042
123	0.01320	0.03405	0.73453	0.01876	0.02849	0.01529	0.02432	0.02085	0.01390	0.02085	0.01181	0.01390	0.00834	0.00625	0.00625	0.00208	0.00973	0.00486	0.00278	0.00973
124	0.17370	0.07637	0.01870	0.05970	0.06956	0.43973	0.01240	0.04308	0.01664	0.01978	0.01032	0.01231	0.00845	0.00653	0.00556	0.00180	0.00965	0.00432	0.00354	0.00787
125	0.00877	0.00652	0.00816	0.00816	0.00960	0.00591	0.00596	0.01120	0.01673	0.02283	0.46093	0.19622	0.18372	0.01551	0.00790	0.00222	0.00329	0.01366	0.00680	0.00591
126	0.00799	0.00613	0.00733	0.00819	0.00931	0.00546	0.00570	0.00942	0.01377	0.01760	0.07808	0.46911	0.30065	0.01882	0.00814	0.00248	0.00361	0.01660	0.00616	0.00546
127	0.01365	0.01170	0.01365	0.00975	0.01560	0.00878	0.00780	0.01658	0.01365	0.02145	0.01170	0.01365	0.00975	0.00488	0.00488	0.00098	0.00488	0.00390	0.00390	0.80888
128	0.01733	0.06948	0.04795	0.01206	0.04887	0.01085	0.00974	0.02037	0.01477	0.16774	0.01449	0.01536	0.01097	0.00571	0.00532	0.00132	0.00553	0.00457	0.00462	0.51295
129	0.01509	0.01554	0.02006	0.01726	0.01749	0.06860	0.01429	0.01654	0.01066	0.01586	0.00874	0.01423	0.00863	0.01120	0.02055	0.00280	0.70663	0.00566	0.00291	0.00723
130	0.00796	0.00668	0.00692	0.00686	0.00900	0.00564	0.00515	0.00980	0.01544	0.01881	0.14470	0.06167	0.64625	0.01629	0.00778	0.00220	0.00331	0.01366	0.00625	0.00564
131	0.00800	0.00580	0.00757	0.00898	0.00950	0.00536	0.00603	0.00919	0.01278	0.01688	0.03855	0.71210	0.09432	0.02033	0.00836	0.00264	0.00378	0.01836	0.00611	0.00536
132	0.01595	0.01538	0.02655	0.09950	0.64705	0.01559	0.04324	0.01995	0.01486	0.02110	0.01236	0.01645	0.01027	0.00591	0.00657	0.00198	0.00801	0.00593	0.00323	0.01012
133	0.01631	0.05480	0.13329	0.02127	0.02709	0.15705	0.35533	0.02097	0.01618	0.02047	0.09723	0.01948	0.01561	0.00684	0.00703	0.00204	0.00991	0.00696	0.00371	0.00842
134	0.00833	0.00595	0.00799	0.00952	0.01004	0.00561	0.00665	0.00970	0.01291	0.01715	0.03611	0.68189	0.04287	0.02033	0.00849	0.00272	0.00409	0.09812	0.00611	0.00543
135	0.66153	0.01243	0.01077	0.00925	0.01353	0.01377	0.00763	0.02184	0.01270	0.16692	0.01245	0.01298	0.00892	0.00651	0.00457	0.00204	0.00519	0.00416	0.00487	0.00793
136	0.01365	0.01170	0.01365	0.00975	0.01560	0.00878	0.00780	0.01658	0.01365	0.02145	0.01170	0.01365	0.00975	0.00488	0.00488	0.00098	0.00488	0.00390	0.00390	0.80888
137	0.01320	0.03405	0.73453	0.01876	0.02849	0.01529	0.02432	0.02085	0.01390	0.02085	0.01181	0.01390	0.00834	0.00625	0.00625	0.00208	0.00973	0.00486	0.00278	0.00973
138	0.01655	0.01612	0.02647	0.03969	0.70593	0.03788	0.01997	0.02039	0.01510	0.02134	0.01232	0.01616	0.01037	0.00589	0.00650	0.00195	0.00794	0.00582	0.00326	0.01034
139	0.00809	0.00668	0.00710	0.00699	0.00908	0.00569	0.00525	0.01005	0.01574	0.01952	0.19939	0.06049	0.59111	0.01602	0.00778	0.00219	0.00329	0.01349	0.00634	0.00569
140	0.02070	0.00949	0.01262	0.01034	0.01391	0.00851	0.00827	0.04383	0.01912	0.40762	0.32619	0.03373	0.03587	0.01043	0.00711	0.00205	0.00458	0.00887	0.00771	0.00905
141	0.01365	0.01170	0.01365	0.00975	0.01560	0.00878	0.00780	0.01658	0.01365	0.02145	0.01170	0.01365	0.00975	0.00488	0.00488	0.00098	0.00488	0.00390	0.00390	0.80888
142	0.00884	0.00636	0.00856	0.01002	0.01084	0.00607	0.00752	0.01062	0.01352	0.01777	0.03699	0.51548	0.06778	0.01969	0.00860	0.00277	0.00452	0.23236	0.00610	0.00559
143	0.00920	0.00672	0.00864	0.00816	0.00976	0.00616	0.00612	0.01219	0.01835	0.02573	0.67329	0.05027	0.11335	0.01371	0.00777	0.00208	0.00312	0.01206	0.00716	0.00616
144	0.00811	0.00584	0.00769	0.00901	0.00955	0.00542	0.00608	0.00942	0.01314	0.01755	0.08860	0.68675	0.06854	0.01995	0.00833	0.00261	0.00375	0.01804	0.00620	0.00542
145	0.00943	0.00693	0.00997	0.00997	0.01094	0.00790	0.00747	0.01137	0.01040	0.01483	0.01819	0.02894	0.01779	0.17778	0.61597	0.00983	0.01563	0.00750	0.00361	0.00554
146	0.00802	0.00573	0.00764	0.00917	0.00955	0.00535	0.00611	0.00917	0.01260	0.01681	0.03628	0.76434	0.04354	0.02062	0.00840	0.00267	0.00382	0.01872	0.00611	0.00535
147	0.01732	0.01444	0.01523	0.01340	0.01725	0.01658	0.01051	0.11709	0.61108	0.02917	0.02529	0.02348	0.01891	0.00877	0.00662	0.00218	0.00540	0.00722	0.02966	0.01039
148	0.01440	0.01440	0.02016	0.01728	0.01728	0.02016	0.01440	0.01584	0.01008	0.01584	0.00864	0.01440	0.00864	0.01152	0.02160	0.00288	0.75659	0.00576	0.00288	0.00720
149	0.01366	0.09037	0.61760	0.01813	0.02707	0.01609	0.04323	0.02051	0.01380	0.02033	0.01157	0.01376	0.00845	0.00627	0.00648	0.00202	0.02813	0.00484	0.00284	0.03484
150	0.02219	0.09576	0.03999	0.01560	0.02044	0.12249	0.04367	0.39724	0.09113	0.03136	0.01486	0.01554	0.01115	0.00763	0.00697	0.00196	0.04099	0.00564	0.00536	0.01002
151	0.01635	0.01376	0.01454	0.01301	0.01664	0.01579	0.01014	0.06302	0.63349	0.02800	0.05068	0.02504	0.02106	0.00900	0.00665	0.00219	0.00514	0.00748	0.03789	0.01014
152	0.01644	0.04686	0.07887	0.06527	0.47049	0.06420	0.06549	0.02165	0.06732	0.02108	0.01318	0.01638	0.01068	0.00619	0.00647	0.00198	0.00827	0.00584	0.00346	0.00987
153	0.01017	0.00693	0.00902	0.00838	0.01012	0.00635	0.00633	0.01321	0.01852	0.05783	0.67040	0.04845	0.08255	0.01333	0.00771	0.00207	0.00323	0.01174	0.00725	0.00641
154	0.01734	0.01462	0.01543	0.01359	0.01749	0.01682	0.01065	0.10969	0.63940	0.02909	0.02557	0.02359	0.01910	0.00882	0.00669	0.00220	0.00544	0.00727	0.00669	0.01051
155	0.02428	0.03086	0.01870	0.01697	0.02026	0.72020	0.01277	0.02597	0.01839	0.01610	0.01013	0.01195	0.00848	0.00693	0.00641	0.00173	0.03457	0.00429	0.00338	0.00762
156	0.06070	0.01831	0.01910	0.01478	0.01993	0.04210	0.01217	0.62798	0.02922	0.06658	0.01572	0.01571	0.01112	0.00780	0.00645	0.00197	0.00723	0.00580	0.00643	0.01090
157	0.00808	0.00688	0.00699	0.00692	0.00916	0.00588	0.00520	0.01028	0.03440	0.01843	0.09461	0.06167	0.67631	0.01632	0.00775	0.00222	0.00338	0.01363	0.00618	0.00572
158	0.00957	0.00638	0.00718	0.00718	0.00718	0.00638	0.00399	0.00957	0.00957	0.01276	0.02074	0.04308	0.02393	0.76864	0.03351	0.00638	0.00638	0.00957	0.00399	0.00399
159	0.01320	0.03405	0.73453	0.01876	0.02849	0.01529	0.02432	0.02085	0.01390	0.02085	0.01181	0.01390	0.00834	0.00625	0.00625	0.00208	0.00973	0.00486	0.00278	0.00973
160	0.00891	0.00667	0.00859	0.00926	0.01050	0.00589	0.00638	0.01034	0.01277	0.01754	0.03241	0.64594	0.03821	0.01814	0.00785	0.00241	0.00399	0.01638	0.00576	0.13208
161	0.05952	0.01106	0.01467	0.01137	0.01629	0.00969	0.00937	0.03056	0.01837	0.67233	0.02714	0.02379	0.04779	0.00845	0.00657	0.00205	0.00548	0.00683	0.00790	0.01079
162	0.13448	0.01141	0.01453	0.01130	0.01626	0.01036	0.00934	0.03038	0.01782	0.63828	0.02373	0.02084	0.01507	0.00788	0.00628	0.00204	0.00553	0.00621	0.00760	0.01066
163	0.81514	0.01273	0.00968	0.00866	0.01273	0.01477	0.00713	0.01935	0.01120	0.02954	0.00917	0.01069	0.00713	0.00611	0.00407	0.00204	0.00509	0.00356	0.00407	0.00713
164	0.00959	0.00656	0.00828	0.00828	0.00864	0.00692	0.00535	0.01020	0.00984	0.01348	0.01943	0.03691	0.02116	0.51938	0.25021	0.03899	0.00980	0.00865	0.00380	0.00452
165	0.01001	0.00790	0.01047	0.01040	0.01152	0.03607	0.00787	0.01204	0.01076	0.01500	0.01773	0.02747	0.01708	0.13704	0.62635	0.00972	0.01602	0.00726	0.00358	0.00571
166	0.55344	0.01403	0.01256	0.01054	0.01493	0.01585	0.00866	0.18079	0.04402	0.07332	0.01239	0.01312	0.00912	0.00676	0.00491	0.00203	0.00563	0.00445	0.00500	0.00845
167	0.01546	0.01761	0.03836	0.04603	0.03468	0.01660	0.68638	0.02098	0.01548	0.02098	0.01328	0.01775	0.00996	0.00558	0.00774	0.00222	0.01104	0.00772	0.00332	0.00884
168	0.00839	0.00674	0.00751	0.00757	0.00941	0.00595	0.00558	0.01074	0.03354	0.01986	0.21092	0.16029	0.45755	0.01631	0.00784	0.00225	0.00340	0.01397	0.00639	0.00580
169	0.01243	0.01170	0.01975	0.75282	0.04534	0.01463	0.01828	0.01682	0.01316	0.01682	0.01170	0.01755	0.00878	0.00658	0.00658	0.00219	0.00878	0.00585	0.00293	0.00731
170	0.01144	0.00572	0.00858	0.00858	0.00858	0.00572	0.00572	0.00858	0.00858	0.01144	0.01144	0.02001	0.01144	0.02287	0.02573	0.80846	0.00572	0.00572	0.00286	0.00286
171	0.01329	0.03343	0.70792	0.01911	0.02872	0.01534	0.05030	0.02086	0.01396	0.02086	0.01187	0.01405	0.00840	0.00623	0.00631	0.00209	0.00978	0.00498	0.00280	0.00970
172	0.01243	0.01170	0.01975	0.75282	0.04534	0.01463	0.01828	0.01682	0.01316	0.01682	0.01170	0.01755	0.00878	0.00658	0.00658	0.00219	0.00878	0.00585	0.00293	0.00731
173	0.02472	0.01829	0.01959	0.01509	0.02030	0.02027	0.01244	0.68207	0.05500	0.04100	0.01619	0.01611	0.01151	0.00794	0.00659	0.00198	0.00717	0.00598	0.00659	0.01117
