[name]
unknown

[dist]
# distance from previous block
# <min> <max>
19	31

[block]
# block no. 0 follows, 34 sequences, length 15
# corresponding to MSA columns:
# 31-45
name=unknown_A
#
# <colnr> <probs for GDERKNQSTAVLIFYWHMCP>
#	G	D	E	R	K	N	Q	S	T	A	V	L	I	F	Y	W	H	M	C	P
0	0.11297	0.16890	0.41981	0.01603	0.02342	0.08797	0.04665	0.02060	0.01374	0.02008	0.01070	0.01261	0.00814	0.00603	0.00554	0.00188	0.00876	0.00443	0.00297	0.00877
1	0.02899	0.01100	0.01499	0.01150	0.01649	0.00950	0.00950	0.03149	0.01849	0.73709	0.02549	0.02199	0.01599	0.00800	0.00650	0.00200	0.00550	0.00650	0.00800	0.01100
2	0.01487	0.01063	0.01213	0.01077	0.01380	0.01119	0.00838	0.04702	0.32021	0.11102	0.26080	0.03489	0.09542	0.01078	0.00700	0.00211	0.00438	0.00916	0.00687	0.00856
3	0.02899	0.01100	0.01499	0.01150	0.01649	0.00950	0.00950	0.03149	0.01849	0.73709	0.02549	0.02199	0.01599	0.00800	0.00650	0.00200	0.00550	0.00650	0.00800	0.01100
4	0.01340	0.01148	0.01340	0.00957	0.01531	0.00861	0.00766	0.01627	0.01340	0.02105	0.01148	0.01340	0.00957	0.00479	0.00479	0.00096	0.00479	0.00383	0.00383	0.81242
5	0.01669	0.16865	0.41608	0.01777	0.08421	0.01654	0.01867	0.05415	0.01506	0.11462	0.01316	0.01441	0.00954	0.00631	0.00585	0.00190	0.00824	0.00488	0.00364	0.00963
6	0.10229	0.61757	0.02965	0.01138	0.01651	0.10064	0.01078	0.01999	0.01345	0.01672	0.00909	0.01051	0.00816	0.00570	0.00431	0.00148	0.00721	0.00353	0.00295	0.00807
7	0.02456	0.01810	0.01939	0.01487	0.02004	0.02004	0.01228	0.71107	0.03038	0.04072	0.01551	0.01551	0.01099	0.00776	0.00646	0.00194	0.00711	0.00582	0.00646	0.01099
8	0.02457	0.13936	0.02039	0.01494	0.08267	0.01376	0.03761	0.05102	0.01719	0.47042	0.02001	0.01879	0.01347	0.00741	0.00675	0.00193	0.03735	0.00591	0.00624	0.01023
9	0.00914	0.00660	0.00864	0.00813	0.00965	0.00610	0.00610	0.01219	0.01829	0.02591	0.72921	0.04827	0.06097	0.01321	0.00762	0.00203	0.00305	0.01169	0.00711	0.00610
10	0.00896	0.00660	0.00838	0.00793	0.00954	0.00602	0.00595	0.01183	0.01785	0.02486	0.64673	0.04999	0.14410	0.01360	0.00762	0.00205	0.00308	0.01193	0.00697	0.00602
11	0.01566	0.01517	0.02637	0.09362	0.64125	0.01533	0.05813	0.01963	0.01461	0.02074	0.01215	0.01617	0.01009	0.00579	0.00647	0.00195	0.00793	0.00586	0.00318	0.00992
12	0.00787	0.00562	0.00750	0.00900	0.00937	0.00525	0.00600	0.00900	0.01237	0.01649	0.03561	0.76871	0.04274	0.02024	0.00825	0.00262	0.00375	0.01837	0.00600	0.00525
13	0.10856	0.06228	0.04368	0.01307	0.01735	0.08256	0.01080	0.10363	0.37593	0.08465	0.02004	0.01912	0.01488	0.00780	0.00604	0.00202	0.00622	0.00604	0.00572	0.00962
14	0.15294	0.05983	0.01797	0.01512	0.07156	0.03755	0.03754	0.22643	0.17567	0.08981	0.01744	0.04143	0.01339	0.00772	0.00603	0.00200	0.00637	0.00611	0.00552	0.00957

[dist]
# distance from previous block
# <min> <max>
0	1

[block]
# block no. 1 follows, 34 sequences, length 41
# corresponding to MSA columns:
# 47-87
name=unknown_B
#
# <colnr> <probs for GDERKNQSTAVLIFYWHMCP>
#	G	D	E	R	K	N	Q	S	T	A	V	L	I	F	Y	W	H	M	C	P
0	0.01597	0.37741	0.31642	0.01604	0.06538	0.02030	0.01684	0.06849	0.01465	0.01948	0.01069	0.01239	0.00856	0.00594	0.00525	0.00172	0.00803	0.00429	0.00304	0.00911
1	0.04754	0.07512	0.04049	0.01525	0.04881	0.20521	0.01185	0.11573	0.32312	0.02464	0.01779	0.01765	0.01363	0.00755	0.00608	0.00194	0.00743	0.00575	0.00509	0.00934
2	0.00940	0.00626	0.00705	0.00705	0.00705	0.00626	0.00392	0.00940	0.00940	0.01253	0.02036	0.04228	0.02349	0.77292	0.03289	0.00626	0.00626	0.00940	0.00392	0.00392
3	0.06505	0.09738	0.21923	0.04536	0.10430	0.16745	0.06349	0.02104	0.01493	0.05259	0.04987	0.01563	0.01171	0.00677	0.00660	0.00193	0.03932	0.00527	0.00351	0.00856
4	0.01668	0.28208	0.22909	0.01914	0.11578	0.01951	0.09146	0.11527	0.01609	0.02156	0.01147	0.01349	0.00905	0.00603	0.00569	0.00180	0.00821	0.00490	0.00338	0.00932
5	0.00936	0.00638	0.00765	0.00762	0.00788	0.00653	0.00467	0.00988	0.01003	0.01363	0.05803	0.04000	0.02438	0.62048	0.14154	0.00667	0.00779	0.00914	0.00402	0.00432
6	0.00819	0.00650	0.00738	0.00752	0.00928	0.00569	0.00562	0.01018	0.01534	0.01954	0.22547	0.14478	0.44417	0.01613	0.00777	0.00224	0.00341	0.04890	0.00627	0.00562
7	0.04532	0.05112	0.13314	0.03081	0.42667	0.01590	0.12253	0.02078	0.05243	0.02131	0.01272	0.01585	0.01017	0.00593	0.00637	0.00197	0.00817	0.00579	0.00333	0.00970
8	0.04349	0.10688	0.42691	0.01728	0.05021	0.05643	0.01880	0.12711	0.03347	0.02312	0.01204	0.01373	0.00896	0.00654	0.00632	0.00196	0.02900	0.00484	0.00350	0.00942
9	0.02017	0.02301	0.01900	0.01662	0.01877	0.39178	0.01313	0.08194	0.01600	0.01790	0.00987	0.01299	0.00862	0.00862	0.01204	0.00215	0.31147	0.00491	0.00340	0.00763
10	0.01588	0.14419	0.05703	0.01152	0.01704	0.06585	0.01007	0.08390	0.01523	0.02138	0.01126	0.01300	0.00929	0.00559	0.00545	0.00128	0.02760	0.00408	0.00378	0.47658
11	0.00790	0.00570	0.00748	0.00884	0.00934	0.00528	0.00594	0.00910	0.01266	0.01681	0.05681	0.71034	0.08023	0.01984	0.00820	0.00258	0.00370	0.01793	0.00603	0.00528
12	0.01117	0.00701	0.00912	0.00836	0.01009	0.00646	0.00623	0.01386	0.01744	0.09622	0.58912	0.04504	0.05278	0.08687	0.00997	0.00244	0.00361	0.01094	0.00689	0.00638
13	0.00833	0.00595	0.00803	0.00952	0.01010	0.00565	0.00680	0.00979	0.01283	0.01701	0.03536	0.64229	0.04173	0.01981	0.00837	0.00269	0.00415	0.14023	0.00599	0.00538
14	0.02659	0.01064	0.01434	0.01121	0.01581	0.00936	0.00918	0.02963	0.04009	0.64362	0.09638	0.02470	0.02064	0.00855	0.00661	0.00201	0.00524	0.00704	0.00786	0.01048
15	0.01296	0.03342	0.73944	0.01842	0.02797	0.01501	0.02387	0.02046	0.01364	0.02046	0.01160	0.01364	0.00818	0.00614	0.00614	0.00205	0.00955	0.00477	0.00273	0.00955
16	0.00940	0.00626	0.00705	0.00705	0.00705	0.00626	0.00392	0.00940	0.00940	0.01253	0.02036	0.04228	0.02349	0.77292	0.03289	0.00626	0.00626	0.00940	0.00392	0.00392
17	0.00935	0.00645	0.00798	0.00798	0.00830	0.00677	0.00507	0.00999	0.00967	0.01322	0.01951	0.03758	0.02145	0.57125	0.23177	0.00741	0.00934	0.00871	0.00379	0.00443
18	0.02899	0.01100	0.01499	0.01150	0.01649	0.00950	0.00950	0.03149	0.01849	0.73709	0.02549	0.02199	0.01599	0.00800	0.00650	0.00200	0.00550	0.00650	0.00800	0.01100
19	0.01340	0.01148	0.01340	0.00957	0.01531	0.00861	0.00766	0.01627	0.01340	0.02105	0.01148	0.01340	0.00957	0.00479	0.00479	0.00096	0.00479	0.00383	0.00383	0.81242
20	0.01122	0.00561	0.00842	0.00842	0.00842	0.00561	0.00561	0.00842	0.00842	0.01122	0.01122	0.01964	0.01122	0.02245	0.02525	0.81201	0.00561	0.00561	0.00281	0.00281
21	0.01204	0.00602	0.00602	0.00602	0.00753	0.00602	0.00452	0.01506	0.01355	0.02409	0.02108	0.02409	0.01656	0.00753	0.00452	0.00151	0.00301	0.00602	0.80879	0.00602
22	0.81856	0.01250	0.00950	0.00850	0.01250	0.01449	0.00700	0.01899	0.01100	0.02899	0.00900	0.01050	0.00700	0.00600	0.00400	0.00200	0.00500	0.00350	0.00400	0.00700
23	0.01392	0.01382	0.01938	0.01668	0.01673	0.01928	0.01387	0.01538	0.00992	0.01553	0.00886	0.01462	0.00881	0.01292	0.05263	0.00315	0.72891	0.00571	0.00285	0.00701
24	0.01204	0.00602	0.00602	0.00602	0.00753	0.00602	0.00452	0.01506	0.01355	0.02409	0.02108	0.02409	0.01656	0.00753	0.00452	0.00151	0.00301	0.00602	0.80879	0.00602
25	0.01599	0.01535	0.02623	0.03966	0.73262	0.01535	0.01983	0.01983	0.01471	0.02111	0.01215	0.01599	0.01023	0.00576	0.00640	0.00192	0.00768	0.00576	0.00320	0.01023
26	0.01853	0.01955	0.01899	0.04642	0.15086	0.24394	0.01360	0.05507	0.21928	0.02109	0.01517	0.01675	0.01211	0.00778	0.00831	0.00205	0.11165	0.00569	0.00429	0.00887
27	0.00819	0.00585	0.00787	0.00936	0.00988	0.00552	0.00656	0.00955	0.01269	0.01685	0.03544	0.68076	0.04203	0.01994	0.00833	0.00267	0.00403	0.10314	0.00599	0.00534
28	0.17058	0.01127	0.01401	0.01096	0.01578	0.01039	0.00905	0.02925	0.01715	0.61011	0.02253	0.01993	0.01438	0.00764	0.00605	0.00200	0.00541	0.00596	0.00728	0.01028
29	0.01340	0.01148	0.01340	0.00957	0.01531	0.00861	0.00766	0.01627	0.01340	0.02105	0.01148	0.01340	0.00957	0.00479	0.00479	0.00096	0.00479	0.00383	0.00383	0.81242
30	0.01350	0.02736	0.49948	0.01928	0.02647	0.01616	0.11209	0.01949	0.01308	0.01949	0.01115	0.01424	0.00846	0.00711	0.00943	0.00222	0.16390	0.00533	0.00282	0.00893
31	0.00925	0.00683	0.00993	0.00993	0.01092	0.00783	0.00751	0.01125	0.01025	0.01466	0.01772	0.02769	0.01716	0.14741	0.64974	0.00982	0.01580	0.00726	0.00352	0.00552
32	0.00910	0.00660	0.00857	0.00808	0.00962	0.00608	0.00606	0.01210	0.01817	0.02563	0.70736	0.04872	0.08299	0.01331	0.00762	0.00204	0.00306	0.01175	0.00708	0.00608
33	0.01509	0.04416	0.22247	0.03104	0.40897	0.01573	0.12885	0.02012	0.01446	0.02069	0.01205	0.01540	0.00955	0.00581	0.00645	0.00198	0.00867	0.00571	0.00307	0.00975
34	0.02899	0.01100	0.01499	0.01150	0.01649	0.00950	0.00950	0.03149	0.01849	0.73709	0.02549	0.02199	0.01599	0.00800	0.00650	0.00200	0.00550	0.00650	0.00800	0.01100
35	0.02899	0.01100	0.01499	0.01150	0.01649	0.00950	0.00950	0.03149	0.01849	0.73709	0.02549	0.02199	0.01599	0.00800	0.00650	0.00200	0.00550	0.00650	0.00800	0.01100
36	0.06819	0.21641	0.18030	0.01551	0.08208	0.01667	0.01408	0.08617	0.01633	0.22259	0.01507	0.01532	0.01077	0.00661	0.00564	0.00184	0.00707	0.00502	0.00467	0.00967
37	0.01676	0.04046	0.19691	0.01404	0.04493	0.01219	0.03438	0.04104	0.12324	0.19359	0.06810	0.02780	0.14018	0.00915	0.00664	0.00206	0.00626	0.00762	0.00553	0.00909
38	0.00787	0.00562	0.00750	0.00900	0.00937	0.00525	0.00600	0.00900	0.01237	0.01649	0.03561	0.76871	0.04274	0.02024	0.00825	0.00262	0.00375	0.01837	0.00600	0.00525
39	0.01476	0.01915	0.23463	0.02262	0.20183	0.01344	0.12507	0.04882	0.01588	0.06524	0.13016	0.04456	0.01918	0.00770	0.00678	0.00204	0.00770	0.00716	0.00422	0.00905
40	0.01744	0.25260	0.29967	0.01485	0.02183	0.01929	0.01616	0.20780	0.01803	0.02441	0.01187	0.01315	0.00904	0.00634	0.00557	0.00177	0.00789	0.00462	0.00380	0.04388

[dist]
# distance from previous block
# <min> <max>
0	1

[block]
# block no. 2 follows, 34 sequences, length 36
# corresponding to MSA columns:
# 89-124
name=unknown_C
#
# <colnr> <probs for GDERKNQSTAVLIFYWHMCP>
#	G	D	E	R	K	N	Q	S	T	A	V	L	I	F	Y	W	H	M	C	P
0	0.01606	0.01672	0.07943	0.05714	0.49739	0.01621	0.03688	0.07292	0.01523	0.02176	0.01194	0.01563	0.00986	0.00661	0.00817	0.00205	0.09717	0.00572	0.00336	0.00972
1	0.20536	0.21439	0.07799	0.01350	0.01803	0.33736	0.01177	0.02217	0.01494	0.01908	0.00963	0.01122	0.00800	0.00618	0.00501	0.00170	0.00875	0.00388	0.00329	0.00774
2	0.00776	0.00655	0.00672	0.00668	0.00881	0.00551	0.00501	0.00952	0.01503	0.01817	0.12170	0.06100	0.67331	0.01610	0.00764	0.00217	0.00325	0.01347	0.00609	0.00551
3	0.01683	0.01270	0.01549	0.01391	0.08211	0.01206	0.01005	0.11135	0.13814	0.09786	0.01653	0.01760	0.01275	0.00975	0.06464	0.00224	0.00648	0.00539	0.00499	0.34912
4	0.00787	0.00562	0.00750	0.00900	0.00937	0.00525	0.00600	0.00900	0.01237	0.01649	0.03561	0.76871	0.04274	0.02024	0.00825	0.00262	0.00375	0.01837	0.00600	0.00525
5	0.02454	0.00998	0.01354	0.01079	0.01497	0.00871	0.00874	0.02708	0.01819	0.57934	0.15054	0.05962	0.02514	0.00946	0.00677	0.00203	0.00499	0.00794	0.00775	0.00987
6	0.01525	0.01743	0.03813	0.02723	0.03377	0.01634	0.70915	0.02070	0.01525	0.02070	0.01307	0.01743	0.00980	0.00545	0.00763	0.00218	0.01089	0.00763	0.00327	0.00871
7	0.00819	0.00652	0.00735	0.00724	0.00910	0.00568	0.00539	0.01031	0.01589	0.02046	0.30393	0.09339	0.45283	0.01542	0.00766	0.00215	0.00322	0.01317	0.00640	0.00568
8	0.01764	0.73760	0.03304	0.01135	0.01676	0.06349	0.01113	0.01969	0.01340	0.01523	0.00904	0.01043	0.00829	0.00559	0.00423	0.00140	0.00716	0.00349	0.00279	0.00825
9	0.01204	0.00602	0.00602	0.00602	0.00753	0.00602	0.00452	0.01506	0.01355	0.02409	0.02108	0.02409	0.01656	0.00753	0.00452	0.00151	0.00301	0.00602	0.80879	0.00602
10	0.01554	0.09088	0.16087	0.01444	0.01953	0.01678	0.03523	0.02972	0.49057	0.02439	0.02131	0.02051	0.01603	0.00783	0.00629	0.00208	0.00635	0.00645	0.00534	0.00986
11	0.01390	0.16253	0.44137	0.01900	0.09539	0.01636	0.06350	0.01959	0.01411	0.02000	0.06519	0.01613	0.01248	0.00648	0.00601	0.00192	0.00848	0.00534	0.00315	0.00908
12	0.01852	0.15765	0.26856	0.01706	0.02311	0.32198	0.06608	0.02251	0.01562	0.01765	0.01059	0.01253	0.00838	0.00620	0.00578	0.00178	0.01007	0.00450	0.00302	0.00842
13	0.01474	0.04164	0.04917	0.09983	0.06931	0.01599	0.44311	0.02090	0.08418	0.02041	0.01475	0.04731	0.01186	0.00667	0.00759	0.00217	0.03068	0.00746	0.00361	0.00861
14	0.01462	0.27883	0.43541	0.01685	0.02476	0.01865	0.08762	0.02012	0.01363	0.01874	0.01087	0.01293	0.00838	0.00587	0.00562	0.00184	0.00881	0.00462	0.00279	0.00905
15	0.00805	0.00575	0.00739	0.00862	0.00904	0.00539	0.00568	0.00906	0.01212	0.01604	0.03524	0.63907	0.07648	0.11581	0.01135	0.00306	0.00404	0.01698	0.00573	0.00509
16	0.01204	0.00602	0.00602	0.00602	0.00753	0.00602	0.00452	0.01506	0.01355	0.02409	0.02108	0.02409	0.01656	0.00753	0.00452	0.00151	0.00301	0.00602	0.80879	0.00602
17	0.01286	0.00942	0.01540	0.04705	0.01805	0.00923	0.11805	0.01617	0.01510	0.08548	0.02920	0.08051	0.02994	0.01461	0.00837	0.00271	0.00671	0.46868	0.00559	0.00687
18	0.22764	0.02381	0.37188	0.01689	0.05707	0.03393	0.07038	0.03854	0.01400	0.07193	0.01205	0.01378	0.00870	0.00621	0.00573	0.00202	0.00808	0.00483	0.00360	0.00893
19	0.01350	0.01420	0.02804	0.02141	0.02550	0.01444	0.42762	0.01741	0.01381	0.01901	0.01721	0.13134	0.01647	0.01055	0.02962	0.00262	0.13031	0.05549	0.00379	0.00767
20	0.38558	0.07042	0.06969	0.01392	0.01866	0.17743	0.09953	0.05874	0.01455	0.02413	0.01028	0.01213	0.00804	0.00615	0.00516	0.00191	0.00779	0.00439	0.00372	0.00781
21	0.00792	0.00656	0.00695	0.00685	0.00890	0.00558	0.00514	0.00983	0.01541	0.01907	0.19223	0.05952	0.60221	0.01576	0.00763	0.00215	0.00323	0.01326	0.00621	0.00558
22	0.07359	0.01203	0.01748	0.33201	0.06153	0.01221	0.04740	0.01696	0.01317	0.01969	0.01141	0.01514	0.00901	0.00567	0.00566	0.00165	0.00688	0.00490	0.00337	0.33024
23	0.77508	0.01280	0.01004	0.00885	0.01291	0.01480	0.00729	0.05690	0.01206	0.02963	0.00935	0.01077	0.00722	0.00609	0.00413	0.00200	0.00511	0.00363	0.00413	0.00722
24	0.00926	0.00682	0.00987	0.00987	0.01085	0.00780	0.00744	0.01121	0.01023	0.01462	0.01778	0.02799	0.01728	0.16013	0.63719	0.00975	0.01560	0.00730	0.00353	0.00548
25	0.01340	0.01148	0.01340	0.00957	0.01531	0.00861	0.00766	0.01627	0.01340	0.02105	0.01148	0.01340	0.00957	0.00479	0.00479	0.00096	0.00479	0.00383	0.00383	0.81242
26	0.01985	0.01576	0.01674	0.01391	0.01824	0.01784	0.01114	0.33550	0.41362	0.03312	0.02150	0.02028	0.01584	0.00832	0.00653	0.00208	0.00600	0.00664	0.00653	0.01057
27	0.00784	0.00575	0.00736	0.00865	0.00928	0.00528	0.00584	0.00904	0.01271	0.01663	0.03988	0.66772	0.14097	0.01969	0.00816	0.00256	0.00368	0.01769	0.00600	0.00528
28	0.01582	0.01518	0.02592	0.07215	0.70147	0.01531	0.01974	0.01968	0.01463	0.02090	0.01212	0.01605	0.01016	0.00579	0.00640	0.00193	0.00772	0.00576	0.00318	0.01010
29	0.00897	0.00700	0.00821	0.00803	0.00981	0.00649	0.00597	0.01241	0.06678	0.02200	0.37052	0.12947	0.29103	0.01476	0.00762	0.00216	0.00335	0.01278	0.00656	0.00608
30	0.00930	0.00631	0.00719	0.00719	0.00736	0.00632	0.00418	0.00950	0.00972	0.01291	0.02253	0.04244	0.05953	0.69677	0.06823	0.00627	0.00668	0.00949	0.00400	0.00409
31	0.01531	0.01472	0.02471	0.13392	0.57429	0.01563	0.01905	0.01899	0.01403	0.01998	0.01173	0.01599	0.00986	0.00636	0.00777	0.00203	0.07724	0.00575	0.00312	0.00953
32	0.06400	0.23889	0.02233	0.01448	0.01863	0.43926	0.01178	0.08579	0.01756	0.01859	0.01015	0.01158	0.00849	0.00640	0.00531	0.00163	0.00955	0.00408	0.00349	0.00801
33	0.50540	0.01527	0.01334	0.01157	0.01487	0.09195	0.00943	0.08972	0.01353	0.02632	0.00967	0.01181	0.00782	0.00723	0.00764	0.00211	0.14667	0.00421	0.00396	0.00747
34	0.01872	0.30935	0.12105	0.01754	0.08483	0.11705	0.09917	0.05716	0.01567	0.08501	0.01210	0.01367	0.00949	0.00611	0.00559	0.00174	0.00833	0.00484	0.00361	0.00896
35	0.01439	0.00969	0.01141	0.00989	0.01289	0.00929	0.00764	0.12487	0.04950	0.11234	0.16007	0.13854	0.15025	0.03476	0.03229	0.00241	0.00498	0.01010	0.00616	0.09855

[dist]
# distance from previous block
# <min> <max>
0	5

[block]
# block no. 3 follows, 34 sequences, length 32
# corresponding to MSA columns:
# 130-161
name=unknown_D
#
# <colnr> <probs for GDERKNQSTAVLIFYWHMCP>
#	G	D	E	R	K	N	Q	S	T	A	V	L	I	F	Y	W	H	M	C	P
0	0.06750	0.01290	0.01835	0.05830	0.22661	0.01349	0.05551	0.09317	0.12664	0.04957	0.06107	0.09592	0.04823	0.00928	0.00676	0.00213	0.00632	0.03446	0.00500	0.00880
1	0.01551	0.41279	0.24509	0.01405	0.02074	0.02010	0.04670	0.02044	0.05691	0.01821	0.01121	0.01275	0.00913	0.00585	0.00511	0.00164	0.00762	0.00431	0.00309	0.06875
2	0.00923	0.00692	0.01038	0.01038	0.01154	0.00808	0.00808	0.01154	0.01038	0.01500	0.01731	0.02538	0.01615	0.04846	0.74732	0.01038	0.01731	0.00692	0.00346	0.00577
3	0.01743	0.04286	0.18901	0.02079	0.05835	0.08300	0.27170	0.04166	0.04333	0.11006	0.01539	0.01909	0.01172	0.00681	0.00681	0.00207	0.00917	0.03755	0.00406	0.00913
4	0.81856	0.01250	0.00950	0.00850	0.01250	0.01449	0.00700	0.01899	0.01100	0.02899	0.00900	0.01050	0.00700	0.00600	0.00400	0.00200	0.00500	0.00350	0.00400	0.00700
5	0.29975	0.04717	0.01526	0.01122	0.01609	0.01231	0.05403	0.02402	0.01481	0.32346	0.01648	0.01611	0.01132	0.00663	0.00539	0.00185	0.00565	0.00506	0.00555	0.10784
6	0.01220	0.01148	0.01938	0.75739	0.04450	0.01436	0.01794	0.01651	0.01292	0.01651	0.01148	0.01723	0.00861	0.00646	0.00646	0.00215	0.00861	0.00574	0.00287	0.00718
7	0.01791	0.04623	0.03611	0.01700	0.10874	0.03950	0.01229	0.16143	0.43094	0.02793	0.02087	0.02023	0.01574	0.00793	0.00640	0.00206	0.00621	0.00651	0.00578	0.01020
8	0.02723	0.01275	0.01591	0.01332	0.04948	0.04747	0.01032	0.07105	0.05495	0.59101	0.02356	0.02093	0.01524	0.00785	0.00646	0.00199	0.00598	0.00635	0.00738	0.01075
9	0.04453	0.25891	0.27840	0.01829	0.06984	0.04737	0.12405	0.05199	0.01466	0.01996	0.01107	0.01326	0.00869	0.00591	0.00569	0.00183	0.00862	0.00485	0.00309	0.00897
10	0.02574	0.04995	0.07136	0.01315	0.01857	0.01426	0.01160	0.26343	0.02197	0.41175	0.02028	0.01862	0.01334	0.00766	0.00635	0.00195	0.00642	0.00600	0.00684	0.01076
11	0.00775	0.00658	0.00671	0.00677	0.00892	0.00554	0.00514	0.00945	0.01473	0.01753	0.06414	0.06263	0.70074	0.01643	0.00769	0.00222	0.00339	0.04216	0.00600	0.00548
12	0.00863	0.00658	0.00793	0.00759	0.00934	0.00588	0.00569	0.01120	0.01708	0.02303	0.50331	0.05300	0.28866	0.01428	0.00763	0.00208	0.00312	0.01235	0.00673	0.00588
13	0.02107	0.10432	0.08164	0.01837	0.09447	0.13853	0.08167	0.22889	0.04780	0.09971	0.01442	0.01539	0.01069	0.00683	0.00619	0.00188	0.00822	0.00550	0.00474	0.00966
14	0.00981	0.00738	0.01007	0.00989	0.01081	0.00845	0.00731	0.01226	0.04551	0.01496	0.01823	0.02940	0.01799	0.23897	0.49069	0.00858	0.04289	0.00755	0.00371	0.00555
15	0.01041	0.00744	0.01041	0.01190	0.01339	0.00744	0.01041	0.01339	0.01487	0.01934	0.03421	0.07288	0.03719	0.01785	0.00892	0.00297	0.00595	0.68913	0.00595	0.00595
16	0.00904	0.00739	0.00887	0.03190	0.03907	0.00698	0.00675	0.01221	0.06995	0.01928	0.14521	0.23232	0.35611	0.01559	0.00762	0.00226	0.00384	0.01351	0.00600	0.00611
17	0.01708	0.01460	0.02453	0.09019	0.60571	0.01466	0.01860	0.02081	0.01498	0.09637	0.01351	0.01672	0.01072	0.00605	0.00641	0.00194	0.00752	0.00583	0.00368	0.01009
18	0.01604	0.01762	0.05988	0.02486	0.03105	0.04148	0.58926	0.02108	0.01539	0.06439	0.01456	0.04680	0.01136	0.00625	0.00746	0.00216	0.01026	0.00775	0.00365	0.00871
19	0.02306	0.01800	0.01781	0.01426	0.01890	0.10038	0.01154	0.46606	0.11872	0.08709	0.01901	0.01852	0.04035	0.00812	0.00645	0.00196	0.00709	0.00618	0.00622	0.01028
20	0.01040	0.01397	0.18131	0.01416	0.01768	0.00936	0.11407	0.01383	0.01335	0.01833	0.02660	0.41033	0.02933	0.01456	0.00774	0.00246	0.00637	0.08447	0.00484	0.00683
21	0.01380	0.01172	0.01361	0.00976	0.01548	0.00902	0.00782	0.04112	0.01401	0.02176	0.01163	0.01347	0.00962	0.00489	0.00485	0.00099	0.00487	0.00390	0.00392	0.78376
22	0.02111	0.03100	0.01472	0.01134	0.01573	0.03147	0.00918	0.09894	0.09722	0.32291	0.13425	0.02386	0.02170	0.00831	0.00635	0.00184	0.00533	0.00680	0.00664	0.13129
23	0.00914	0.00660	0.00864	0.00813	0.00965	0.00610	0.00610	0.01219	0.01829	0.02591	0.72921	0.04827	0.06097	0.01321	0.00762	0.00203	0.00305	0.01169	0.00711	0.00610
24	0.01541	0.01420	0.02190	0.07063	0.04857	0.05001	0.23728	0.05458	0.15378	0.06449	0.02485	0.06083	0.10707	0.00910	0.00717	0.00218	0.00751	0.03707	0.00491	0.00845
25	0.01085	0.04255	0.06125	0.01020	0.01289	0.02583	0.03312	0.01550	0.08008	0.02435	0.51195	0.04090	0.08176	0.01174	0.00724	0.00202	0.00433	0.01025	0.00630	0.00689
26	0.00865	0.00633	0.00787	0.00796	0.00914	0.00582	0.00563	0.01068	0.01532	0.02086	0.38394	0.21581	0.15327	0.10651	0.01080	0.00270	0.00363	0.01325	0.00630	0.00554
27	0.04817	0.10640	0.27290	0.01599	0.02254	0.10582	0.06859	0.10473	0.01708	0.15657	0.01420	0.01500	0.01009	0.00662	0.00602	0.00191	0.00841	0.00517	0.00432	0.00945
28	0.22843	0.27127	0.07560	0.01194	0.01710	0.01940	0.01109	0.16300	0.08439	0.04450	0.01262	0.01333	0.00980	0.00653	0.00503	0.00180	0.00644	0.00450	0.00435	0.00886
29	0.01445	0.04888	0.30611	0.02086	0.16352	0.04751	0.06925	0.02005	0.04977	0.04856	0.05939	0.09098	0.01623	0.00803	0.00655	0.00205	0.00793	0.00705	0.00388	0.00894
30	0.01622	0.22547	0.17579	0.02048	0.19061	0.01775	0.05032	0.05892	0.06841	0.03645	0.01272	0.01456	0.01009	0.00607	0.00569	0.00176	0.00752	0.00500	0.00357	0.07259
31	0.06713	0.10096	0.17648	0.01458	0.04058	0.01330	0.06499	0.02456	0.01581	0.33007	0.03897	0.01809	0.01334	0.00695	0.00605	0.00190	0.00687	0.00570	0.00532	0.04834

[dist]
# distance from previous block
# <min> <max>
3	7

[block]
# block no. 4 follows, 34 sequences, length 12
# corresponding to MSA columns:
# 169-180
name=unknown_E
#
# <colnr> <probs for GDERKNQSTAVLIFYWHMCP>
#	G	D	E	R	K	N	Q	S	T	A	V	L	I	F	Y	W	H	M	C	P
0	0.01173	0.00931	0.00944	0.00954	0.01114	0.09117	0.00689	0.01348	0.01507	0.07910	0.16925	0.36978	0.14796	0.01569	0.00761	0.00228	0.00460	0.01371	0.00607	0.00619
1	0.01661	0.02018	0.23155	0.05224	0.22323	0.05823	0.04755	0.02230	0.06945	0.11558	0.04617	0.03939	0.01403	0.00720	0.00647	0.00202	0.00785	0.00628	0.00420	0.00946
2	0.01830	0.12757	0.25389	0.01715	0.05484	0.29646	0.01607	0.02392	0.09681	0.01878	0.01235	0.01376	0.00968	0.00654	0.00582	0.00182	0.00941	0.00470	0.00343	0.00871
3	0.01949	0.01078	0.01311	0.01095	0.01423	0.01065	0.00853	0.17731	0.04175	0.26857	0.13865	0.11896	0.02646	0.09836	0.00993	0.00256	0.00533	0.00901	0.00674	0.00865
4	0.04183	0.10850	0.06425	0.01318	0.04061	0.05907	0.01083	0.07035	0.23237	0.09698	0.11025	0.05965	0.02129	0.00875	0.00626	0.00196	0.00594	0.00712	0.00555	0.03526
5	0.01731	0.04726	0.04437	0.01701	0.02161	0.07909	0.21855	0.14990	0.09316	0.06593	0.05875	0.09359	0.04604	0.00881	0.00695	0.00208	0.00769	0.00813	0.00504	0.00872
6	0.01470	0.01093	0.01331	0.01046	0.01481	0.00975	0.00836	0.01864	0.07335	0.10598	0.04472	0.01993	0.04317	0.01116	0.08229	0.00235	0.05203	0.00557	0.00467	0.45383
7	0.09168	0.00711	0.00856	0.00828	0.00995	0.00692	0.00620	0.01232	0.01627	0.02411	0.50184	0.12648	0.09078	0.01520	0.04380	0.00252	0.00404	0.01149	0.00642	0.00604
8	0.01003	0.00770	0.00882	0.00823	0.01032	0.00721	0.00624	0.08228	0.01773	0.02343	0.34560	0.09435	0.32534	0.01436	0.00755	0.00212	0.00360	0.01228	0.00653	0.00629
9	0.00884	0.00657	0.00806	0.00770	0.00925	0.00597	0.00567	0.01134	0.01682	0.02303	0.52955	0.05083	0.20388	0.07284	0.00958	0.00239	0.00335	0.01193	0.00662	0.00579
10	0.01780	0.35573	0.02593	0.01355	0.01802	0.09857	0.09064	0.13802	0.01632	0.01988	0.01249	0.01726	0.01134	0.12751	0.00968	0.00237	0.00781	0.00536	0.00370	0.00803
11	0.22765	0.01621	0.01396	0.01208	0.01556	0.15802	0.00953	0.20013	0.04656	0.02706	0.08647	0.01899	0.01581	0.03380	0.08854	0.00298	0.00806	0.00577	0.00487	0.00795

[dist]
# distance from previous block
# <min> <max>
0	3

[block]
# block no. 5 follows, 34 sequences, length 26
# corresponding to MSA columns:
# 184-209
name=unknown_F
#
# <colnr> <probs for GDERKNQSTAVLIFYWHMCP>
#	G	D	E	R	K	N	Q	S	T	A	V	L	I	F	Y	W	H	M	C	P
0	0.03492	0.09842	0.01331	0.00993	0.01261	0.07761	0.00795	0.01695	0.01688	0.12290	0.35512	0.07348	0.07205	0.01157	0.00691	0.00201	0.00490	0.04926	0.00613	0.00711
1	0.02115	0.01623	0.09096	0.01763	0.14157	0.03976	0.01311	0.18224	0.01946	0.23599	0.04929	0.01841	0.01406	0.00717	0.00626	0.00184	0.00668	0.00587	0.00557	0.10676
2	0.32875	0.21483	0.03686	0.01526	0.12766	0.06828	0.01119	0.04310	0.01386	0.07241	0.01097	0.01243	0.00872	0.00608	0.00484	0.00180	0.00659	0.00420	0.00383	0.00834
3	0.00907	0.00612	0.00788	0.00858	0.00910	0.00595	0.00568	0.01010	0.01175	0.03515	0.06014	0.43752	0.03481	0.24123	0.08238	0.00434	0.00573	0.01410	0.00527	0.00510
4	0.02352	0.09830	0.01972	0.01614	0.01967	0.68170	0.01236	0.02522	0.01784	0.01576	0.00990	0.01154	0.00832	0.00656	0.00567	0.00164	0.01122	0.00410	0.00328	0.00756
5	0.01815	0.06159	0.38916	0.01913	0.12268	0.01446	0.01853	0.05711	0.01580	0.19927	0.01519	0.01597	0.01055	0.00660	0.00618	0.00198	0.00803	0.00533	0.00429	0.01001
6	0.01741	0.01571	0.01529	0.01359	0.01732	0.08250	0.01058	0.08222	0.60771	0.02700	0.02405	0.02236	0.01806	0.00850	0.00650	0.00213	0.00585	0.00691	0.00627	0.01003
7	0.00940	0.00626	0.00705	0.00705	0.00705	0.00626	0.00392	0.00940	0.00940	0.01253	0.02036	0.04228	0.02349	0.77292	0.03289	0.00626	0.00626	0.00940	0.00392	0.00392
8	0.01037	0.00828	0.01189	0.03175	0.01317	0.00997	0.00904	0.03470	0.01119	0.01603	0.01759	0.09095	0.01730	0.05582	0.51784	0.00803	0.11855	0.00777	0.00370	0.00607
9	0.01782	0.04410	0.19997	0.02213	0.13466	0.04935	0.17266	0.18100	0.05057	0.04439	0.01381	0.01580	0.01026	0.00647	0.00654	0.00200	0.00870	0.00590	0.00413	0.00974
10	0.00986	0.00733	0.00861	0.00854	0.01034	0.00694	0.00635	0.01354	0.08841	0.04394	0.23613	0.18348	0.26347	0.04242	0.00856	0.00240	0.00379	0.04330	0.00636	0.00624
11	0.02899	0.01100	0.01499	0.01150	0.01649	0.00950	0.00950	0.03149	0.01849	0.73709	0.02549	0.02199	0.01599	0.00800	0.00650	0.00200	0.00550	0.00650	0.00800	0.01100
12	0.09801	0.31469	0.08084	0.01577	0.08298	0.22404	0.01292	0.02148	0.01460	0.03925	0.01023	0.01199	0.00858	0.00624	0.00565	0.00169	0.03541	0.00414	0.00324	0.00825
13	0.04234	0.01429	0.02024	0.07984	0.30126	0.04426	0.04601	0.15101	0.01735	0.04945	0.01738	0.15399	0.01622	0.00896	0.00671	0.00208	0.00706	0.00805	0.00452	0.00898
14	0.01069	0.00789	0.01121	0.01086	0.01173	0.00839	0.04173	0.01200	0.01189	0.05805	0.02651	0.41639	0.03005	0.15620	0.04766	0.00361	0.11110	0.01321	0.00504	0.00579
15	0.01751	0.01423	0.01630	0.23972	0.02440	0.08050	0.01201	0.24790	0.01868	0.05572	0.01533	0.02204	0.01308	0.18055	0.01239	0.00296	0.00772	0.00649	0.00457	0.00791
16	0.06552	0.31175	0.12129	0.01377	0.01888	0.17336	0.01301	0.09261	0.05081	0.02021	0.01187	0.01441	0.00998	0.00683	0.00577	0.00176	0.02982	0.02625	0.00362	0.00848
17	0.01530	0.41316	0.20938	0.01460	0.06083	0.01952	0.01446	0.03859	0.01382	0.01787	0.01287	0.01891	0.01182	0.04472	0.00670	0.00198	0.00751	0.06633	0.00323	0.00838
18	0.01009	0.00781	0.01018	0.00996	0.01087	0.02845	0.00743	0.01187	0.01070	0.01520	0.03596	0.02860	0.01829	0.20156	0.47511	0.00818	0.05735	0.00740	0.03950	0.00550
19	0.01517	0.07681	0.01476	0.01152	0.01493	0.03372	0.00916	0.12672	0.31704	0.02558	0.10058	0.06409	0.14202	0.01054	0.00669	0.00207	0.00516	0.00869	0.00608	0.00866
20	0.00940	0.00626	0.00705	0.00705	0.00705	0.00626	0.00392	0.00940	0.00940	0.01253	0.02036	0.04228	0.02349	0.77292	0.03289	0.00626	0.00626	0.00940	0.00392	0.00392
21	0.01006	0.00685	0.00845	0.00797	0.00987	0.00612	0.00600	0.01259	0.01703	0.07316	0.46269	0.08578	0.24114	0.01406	0.00758	0.00210	0.00332	0.01219	0.00681	0.00622
22	0.02094	0.01821	0.02434	0.01887	0.03972	0.06117	0.20921	0.39890	0.08755	0.03192	0.01540	0.01662	0.01127	0.00709	0.00676	0.00201	0.00828	0.00636	0.00531	0.01005
23	0.01151	0.00871	0.01075	0.01038	0.01171	0.04472	0.00784	0.01391	0.03088	0.05955	0.12634	0.14194	0.02663	0.08574	0.30003	0.00575	0.06340	0.00931	0.02471	0.00620
24	0.08804	0.05012	0.08288	0.01241	0.01788	0.07711	0.04472	0.06901	0.05011	0.04222	0.03394	0.01502	0.01137	0.00600	0.00538	0.00148	0.00639	0.00471	0.00416	0.37703
25	0.11686	0.05906	0.09277	0.01562	0.03932	0.11364	0.08152	0.20118	0.06856	0.06140	0.01581	0.07727	0.01307	0.00794	0.00619	0.00199	0.00759	0.00644	0.00481	0.00897

[dist]
# distance from previous block
# <min> <max>
1	7

[block]
# block no. 6 follows, 34 sequences, length 10
# corresponding to MSA columns:
# 217-226
name=unknown_G
#
# <colnr> <probs for GDERKNQSTAVLIFYWHMCP>
#	G	D	E	R	K	N	Q	S	T	A	V	L	I	F	Y	W	H	M	C	P
0	0.14689	0.01707	0.12604	0.01371	0.03476	0.05489	0.05680	0.12113	0.01619	0.07279	0.03023	0.01669	0.01162	0.05368	0.00731	0.00200	0.00684	0.00523	0.00436	0.20176
1	0.01773	0.08733	0.13102	0.02407	0.27536	0.07816	0.05554	0.03608	0.04365	0.10975	0.02938	0.01681	0.01188	0.00777	0.02704	0.00216	0.02714	0.00568	0.00399	0.00945
2	0.00993	0.00729	0.00886	0.00943	0.01062	0.00712	0.00665	0.09661	0.01491	0.01963	0.03675	0.58840	0.12277	0.01821	0.00795	0.00248	0.00411	0.01622	0.00606	0.00599
3	0.04360	0.01516	0.06503	0.03204	0.03845	0.01461	0.01161	0.28555	0.10092	0.19850	0.10746	0.02188	0.01900	0.00836	0.00654	0.00201	0.00616	0.00674	0.00642	0.00997
4	0.00827	0.00612	0.00753	0.00808	0.00909	0.00559	0.00560	0.00987	0.01403	0.01861	0.20857	0.37624	0.19214	0.08723	0.01024	0.00272	0.00371	0.01491	0.00608	0.00537
5	0.01002	0.00835	0.01294	0.01193	0.01328	0.00945	0.06522	0.01217	0.01113	0.01569	0.02076	0.11896	0.05264	0.07721	0.43944	0.00730	0.09500	0.00873	0.00384	0.00597
6	0.01004	0.00730	0.00899	0.00929	0.01048	0.00701	0.00643	0.07452	0.01400	0.01898	0.06196	0.52455	0.03600	0.11162	0.01089	0.00288	0.00441	0.01480	0.00569	0.06017
7	0.01736	0.01267	0.01769	0.01477	0.08389	0.01074	0.08074	0.05317	0.01550	0.15965	0.01459	0.01580	0.01096	0.00570	0.00563	0.00142	0.00592	0.00500	0.00464	0.46415
8	0.19787	0.06810	0.01802	0.01534	0.08530	0.12004	0.02955	0.20524	0.01915	0.11649	0.05445	0.01628	0.01292	0.00715	0.00577	0.00189	0.00700	0.00537	0.00506	0.00902
9	0.06843	0.16982	0.30216	0.01373	0.01994	0.01525	0.01495	0.06591	0.01526	0.11397	0.05666	0.08573	0.01557	0.00807	0.00596	0.00195	0.00714	0.00638	0.00430	0.00882

[dist]
# distance from previous block
# <min> <max>
0	13

[block]
# block no. 7 follows, 34 sequences, length 13
# corresponding to MSA columns:
# 240-252
name=unknown_H
#
# <colnr> <probs for GDERKNQSTAVLIFYWHMCP>
#	G	D	E	R	K	N	Q	S	T	A	V	L	I	F	Y	W	H	M	C	P
0	0.01894	0.22867	0.11796	0.01416	0.04357	0.05826	0.03699	0.06276	0.09094	0.16475	0.03678	0.01809	0.01360	0.04304	0.00704	0.00202	0.00705	0.00558	0.00470	0.02510
1	0.01386	0.10598	0.49271	0.01996	0.12602	0.01584	0.02045	0.02068	0.05357	0.02061	0.04250	0.01568	0.01136	0.00647	0.00606	0.00197	0.00848	0.00521	0.00320	0.00941
2	0.01418	0.01257	0.04478	0.01145	0.04972	0.00924	0.00900	0.01728	0.01369	0.05234	0.01213	0.01391	0.00982	0.00503	0.00499	0.00109	0.00515	0.00408	0.00393	0.70560
3	0.00954	0.00755	0.00801	0.00755	0.00967	0.00693	0.00561	0.07240	0.01598	0.02005	0.13974	0.05401	0.50176	0.10030	0.01037	0.00260	0.00392	0.01221	0.00595	0.00586
4	0.01098	0.01082	0.07707	0.02894	0.04809	0.02592	0.00933	0.04000	0.03835	0.02382	0.44712	0.03804	0.06698	0.01550	0.08770	0.00294	0.00597	0.00966	0.00586	0.00692
5	0.00931	0.00660	0.00876	0.00876	0.00935	0.00719	0.00605	0.01049	0.00990	0.01379	0.01880	0.03363	0.01973	0.40183	0.39884	0.00837	0.01192	0.00813	0.00368	0.00486
6	0.01836	0.20842	0.19393	0.01670	0.06594	0.23950	0.01504	0.04767	0.09945	0.01931	0.01239	0.01370	0.00985	0.00649	0.00564	0.00178	0.00882	0.00467	0.00354	0.00880
7	0.68278	0.01429	0.07507	0.00947	0.01410	0.01407	0.00856	0.01891	0.01142	0.02760	0.00943	0.01101	0.00731	0.00591	0.00425	0.00192	0.00539	0.00364	0.00387	0.07101
8	0.01668	0.33810	0.09221	0.01943	0.21312	0.01838	0.01404	0.02054	0.04436	0.07593	0.07652	0.01710	0.01462	0.00667	0.00555	0.00173	0.00683	0.00535	0.00384	0.00904
9	0.01642	0.08197	0.01981	0.04293	0.05102	0.11120	0.11382	0.13427	0.01729	0.04706	0.05695	0.11253	0.07816	0.04569	0.00859	0.00225	0.03919	0.00831	0.00469	0.00787
10	0.01889	0.11470	0.02100	0.02159	0.26217	0.09978	0.01327	0.04716	0.07224	0.14650	0.01642	0.04010	0.01348	0.05513	0.02787	0.00237	0.00749	0.00615	0.00452	0.00917
11	0.01595	0.26289	0.07014	0.01834	0.15405	0.01798	0.05731	0.08092	0.11729	0.02145	0.04201	0.08372	0.01566	0.00787	0.00597	0.00188	0.00681	0.00664	0.00420	0.00893
12	0.01141	0.00771	0.00928	0.00915	0.01099	0.00733	0.00672	0.06793	0.04096	0.08172	0.13852	0.35930	0.19216	0.01594	0.00767	0.00232	0.00401	0.01396	0.00639	0.00654

[dist]
# distance from previous block
# <min> <max>
0	4

[block]
# block no. 8 follows, 34 sequences, length 113
# corresponding to MSA columns:
# 257-369
name=unknown_I
#
# <colnr> <probs for GDERKNQSTAVLIFYWHMCP>
#	G	D	E	R	K	N	Q	S	T	A	V	L	I	F	Y	W	H	M	C	P
0	0.01538	0.19995	0.25801	0.01583	0.04998	0.01710	0.04935	0.04666	0.15730	0.03857	0.01582	0.05652	0.01291	0.00730	0.00593	0.00191	0.00737	0.00594	0.00403	0.03412
1	0.01357	0.10652	0.03074	0.01296	0.04334	0.01351	0.02641	0.04760	0.05125	0.05839	0.17073	0.05572	0.11795	0.01306	0.04996	0.00261	0.16491	0.00839	0.00494	0.00743
2	0.00883	0.00640	0.00792	0.00877	0.00943	0.00624	0.00591	0.01087	0.05412	0.01665	0.05208	0.47760	0.07277	0.18767	0.01365	0.00339	0.00444	0.04236	0.00559	0.00531
3	0.01344	0.02015	0.31224	0.01406	0.01976	0.01278	0.03101	0.11407	0.08361	0.02450	0.15937	0.04562	0.10297	0.00947	0.00677	0.00208	0.00671	0.00790	0.00492	0.00855
4	0.04105	0.11132	0.15667	0.06105	0.19172	0.11387	0.01604	0.12011	0.03617	0.07321	0.01306	0.01479	0.00996	0.00649	0.00596	0.00188	0.00814	0.00513	0.00398	0.00941
5	0.01122	0.00561	0.00842	0.00842	0.00842	0.00561	0.00561	0.00842	0.00842	0.01122	0.01122	0.01964	0.01122	0.02245	0.02525	0.81201	0.00561	0.00561	0.00281	0.00281
6	0.00917	0.00639	0.00781	0.00819	0.00960	0.00570	0.00586	0.01088	0.01453	0.05760	0.17023	0.37233	0.26379	0.01707	0.00784	0.00234	0.00356	0.01500	0.00631	0.00578
7	0.01902	0.01572	0.02609	0.02903	0.36691	0.01564	0.16263	0.14428	0.01809	0.11615	0.01465	0.01698	0.01101	0.00633	0.00668	0.00199	0.00798	0.00626	0.00441	0.01015
8	0.01056	0.00753	0.00995	0.00894	0.01105	0.00696	0.03123	0.01404	0.04595	0.06652	0.52051	0.04701	0.16886	0.01298	0.00751	0.00207	0.00359	0.01139	0.00682	0.00654
9	0.01329	0.03109	0.63701	0.01970	0.02881	0.01520	0.12397	0.02050	0.01388	0.02050	0.01181	0.01419	0.00842	0.00604	0.00636	0.00207	0.00975	0.00519	0.00281	0.00943
10	0.04601	0.01447	0.01675	0.01308	0.01799	0.01496	0.01074	0.33152	0.09662	0.33754	0.02074	0.01906	0.01394	0.00792	0.00643	0.00199	0.00616	0.00620	0.00707	0.01081
11	0.00921	0.00705	0.01001	0.01262	0.10127	0.00674	0.00761	0.01087	0.01329	0.01812	0.13126	0.51190	0.03970	0.07677	0.00987	0.00274	0.00435	0.01509	0.00564	0.00590
12	0.01340	0.01148	0.01340	0.00957	0.01531	0.00861	0.00766	0.01627	0.01340	0.02105	0.01148	0.01340	0.00957	0.00479	0.00479	0.00096	0.00479	0.00383	0.00383	0.81242
13	0.01047	0.00723	0.01033	0.01006	0.01120	0.00817	0.00762	0.01237	0.01064	0.05378	0.01802	0.02773	0.01717	0.16699	0.56713	0.00903	0.03522	0.00728	0.00377	0.00578
14	0.00940	0.00626	0.00705	0.00705	0.00705	0.00626	0.00392	0.00940	0.00940	0.01253	0.02036	0.04228	0.02349	0.77292	0.03289	0.00626	0.00626	0.00940	0.00392	0.00392
15	0.73908	0.01252	0.01002	0.00889	0.01291	0.01439	0.00729	0.02041	0.05341	0.05746	0.01069	0.01177	0.00812	0.00624	0.00425	0.00201	0.00503	0.00385	0.00431	0.00735
16	0.01484	0.27673	0.47885	0.01586	0.02391	0.01867	0.01920	0.04798	0.01415	0.01955	0.01090	0.01264	0.00833	0.00600	0.00550	0.00182	0.00858	0.00438	0.00289	0.00919
17	0.00834	0.00655	0.00755	0.00751	0.00931	0.00577	0.00565	0.01053	0.01595	0.02069	0.31488	0.09923	0.40680	0.01545	0.00772	0.00218	0.00332	0.04045	0.00642	0.00571
18	0.02148	0.29731	0.02381	0.01451	0.01868	0.45209	0.01191	0.04042	0.03475	0.01649	0.01018	0.01160	0.00867	0.00633	0.00526	0.00158	0.00968	0.00403	0.00329	0.00793
19	0.65508	0.01219	0.01064	0.00912	0.01332	0.01346	0.00751	0.02158	0.01255	0.17560	0.01241	0.01288	0.00886	0.00641	0.00452	0.00200	0.00510	0.00412	0.00483	0.00783
20	0.01763	0.18491	0.30663	0.01566	0.02247	0.06455	0.03588	0.20806	0.01846	0.02448	0.01372	0.01494	0.03140	0.00678	0.00587	0.00186	0.00830	0.00510	0.00391	0.00939
21	0.01468	0.01294	0.01308	0.01184	0.01498	0.05667	0.00914	0.04467	0.46393	0.02560	0.15959	0.03125	0.09374	0.01016	0.00682	0.00212	0.00499	0.00850	0.00643	0.00886
22	0.00934	0.00648	0.00813	0.00813	0.00850	0.00685	0.00527	0.01009	0.00972	0.01333	0.01937	0.03680	0.02111	0.53779	0.26476	0.00760	0.00985	0.00859	0.00377	0.00452
23	0.07385	0.01864	0.08683	0.02165	0.09602	0.07871	0.28029	0.12330	0.01767	0.11822	0.01431	0.01632	0.01038	0.00635	0.00666	0.00203	0.00886	0.00620	0.00436	0.00935
24	0.06369	0.01540	0.02095	0.05454	0.09216	0.03874	0.12939	0.26146	0.03686	0.12528	0.01659	0.02015	0.01279	0.04893	0.00803	0.00227	0.00755	0.03052	0.00525	0.00944
25	0.00924	0.00688	0.01019	0.01019	0.01127	0.00797	0.00783	0.01141	0.01033	0.01485	0.01749	0.02639	0.01659	0.09144	0.70494	0.01014	0.01665	0.00707	0.00349	0.00566
26	0.00961	0.00702	0.00956	0.04340	0.01244	0.00699	0.00812	0.01213	0.01480	0.01998	0.24102	0.13074	0.06037	0.08660	0.05056	0.00330	0.00554	0.26623	0.00585	0.00577
27	0.03793	0.11943	0.35165	0.01520	0.02224	0.03608	0.01672	0.10663	0.05799	0.15320	0.01502	0.01546	0.01061	0.00676	0.00596	0.00194	0.00787	0.00515	0.00442	0.00975
28	0.02508	0.01579	0.01780	0.01374	0.01873	0.01676	0.01132	0.49323	0.04613	0.22452	0.03773	0.01835	0.01391	0.00800	0.00651	0.00196	0.00652	0.00620	0.00689	0.01084
29	0.40188	0.12975	0.09692	0.01634	0.13270	0.05436	0.04627	0.01978	0.01279	0.02366	0.01004	0.01211	0.00805	0.00591	0.00491	0.00189	0.00684	0.00423	0.00348	0.00810
30	0.00851	0.00647	0.00835	0.00971	0.03520	0.00605	0.00645	0.01053	0.03329	0.01828	0.12585	0.52092	0.15050	0.01792	0.00796	0.00244	0.00376	0.01604	0.00605	0.00570
31	0.01340	0.01148	0.01340	0.00957	0.01531	0.00861	0.00766	0.01627	0.01340	0.02105	0.01148	0.01340	0.00957	0.00479	0.00479	0.00096	0.00479	0.00383	0.00383	0.81242
32	0.00832	0.00598	0.00798	0.00935	0.01000	0.00564	0.00667	0.00984	0.01310	0.01739	0.06749	0.60713	0.06154	0.01944	0.00831	0.00264	0.00405	0.12369	0.00604	0.00540
33	0.13713	0.01120	0.01424	0.01109	0.01595	0.01018	0.00915	0.02978	0.01747	0.64011	0.02323	0.02042	0.01476	0.00772	0.00616	0.00200	0.00543	0.00609	0.00745	0.01045
34	0.00923	0.00692	0.01038	0.01038	0.01154	0.00808	0.00808	0.01154	0.01038	0.01500	0.01731	0.02538	0.01615	0.04846	0.74732	0.01038	0.01731	0.00692	0.00346	0.00577
35	0.00908	0.00619	0.00740	0.00769	0.00786	0.00620	0.00465	0.00948	0.01007	0.01351	0.02316	0.18571	0.02676	0.56679	0.08337	0.00586	0.00662	0.01099	0.00429	0.00432
36	0.00940	0.00626	0.00705	0.00705	0.00705	0.00626	0.00392	0.00940	0.00940	0.01253	0.02036	0.04228	0.02349	0.77292	0.03289	0.00626	0.00626	0.00940	0.00392	0.00392
37	0.00925	0.00686	0.01009	0.01009	0.01114	0.00791	0.00771	0.01135	0.01030	0.01478	0.01758	0.02689	0.01681	0.11310	0.68357	0.01002	0.01632	0.00714	0.00350	0.00560
38	0.01978	0.02059	0.01625	0.01444	0.01801	0.30340	0.01111	0.10242	0.33235	0.02403	0.05689	0.01960	0.01654	0.00807	0.00633	0.00195	0.00779	0.00615	0.00532	0.00901
39	0.02085	0.24471	0.04813	0.01384	0.01887	0.10444	0.01208	0.31581	0.11223	0.02782	0.01419	0.01458	0.01091	0.00704	0.00571	0.00178	0.00740	0.00508	0.00489	0.00964
40	0.01572	0.22290	0.25742	0.01520	0.05584	0.01629	0.03702	0.04778	0.01448	0.05667	0.01182	0.01345	0.00920	0.00578	0.00538	0.00160	0.00737	0.00447	0.00346	0.19815
41	0.01415	0.16772	0.58628	0.01696	0.02562	0.01710	0.02114	0.04441	0.01413	0.02022	0.01126	0.01311	0.00830	0.00608	0.00579	0.00192	0.00899	0.00457	0.00287	0.00937
42	0.01332	0.07289	0.66308	0.01850	0.02766	0.01565	0.06038	0.02041	0.01370	0.02019	0.01153	0.01367	0.00828	0.00607	0.00611	0.00202	0.00948	0.00486	0.00276	0.00944
43	0.01058	0.00906	0.01423	0.37151	0.06176	0.01028	0.01232	0.01347	0.01308	0.01731	0.08370	0.25677	0.02503	0.06192	0.00886	0.00255	0.00639	0.01047	0.00431	0.00641
44	0.01775	0.03960	0.37579	0.02016	0.12497	0.01483	0.05986	0.09122	0.01645	0.15570	0.01468	0.01587	0.01030	0.00654	0.00632	0.00200	0.00831	0.00548	0.00418	0.00998
45	0.01580	0.06567	0.34299	0.02080	0.09394	0.03437	0.14671	0.10372	0.07174	0.02309	0.01336	0.01539	0.00993	0.00635	0.00640	0.00201	0.00889	0.00563	0.00364	0.00957
