[name]
unknown

[dist]
# distance from previous block
# <min> <max>
0	135

[block]
# block no. 0 follows, 29 sequences, length 8
# corresponding to MSA columns:
# 135-142
name=unknown_A
#
# <colnr> <probs for GDERKNQSTAVLIFYWHMCP>
#	G	D	E	R	K	N	Q	S	T	A	V	L	I	F	Y	W	H	M	C	P
0	0.01229	0.00850	0.01193	0.10856	0.01797	0.00856	0.01064	0.01506	0.01573	0.07302	0.03796	0.22643	0.11333	0.01759	0.00892	0.00288	0.00599	0.29142	0.00629	0.00692
1	0.01032	0.00706	0.00857	0.00857	0.00884	0.00734	0.00531	0.01087	0.01059	0.01440	0.02170	0.04254	0.02413	0.59814	0.18544	0.00789	0.00955	0.00976	0.00421	0.00476
2	0.35764	0.04406	0.01721	0.01328	0.01830	0.07508	0.04494	0.14282	0.01877	0.18218	0.01555	0.01586	0.01103	0.00745	0.00588	0.00215	0.00707	0.00534	0.00571	0.00967
3	0.09373	0.00911	0.01096	0.01050	0.01336	0.00859	0.00852	0.01804	0.01702	0.16927	0.11797	0.09967	0.19836	0.01523	0.00816	0.00258	0.00509	0.17914	0.00699	0.00769
4	0.01747	0.01318	0.01547	0.01123	0.01742	0.01060	0.00905	0.07261	0.01682	0.09376	0.01456	0.01590	0.01138	0.00589	0.00561	0.00126	0.00556	0.00469	0.00491	0.65265
5	0.59900	0.01458	0.01226	0.01055	0.01514	0.05485	0.00862	0.02417	0.01427	0.16992	0.01370	0.01423	0.00982	0.00710	0.00508	0.00218	0.00604	0.00457	0.00527	0.00864
6	0.02650	0.06279	0.01878	0.01381	0.01874	0.04837	0.04541	0.07761	0.02019	0.44475	0.05447	0.06654	0.02071	0.00989	0.00729	0.00223	0.00674	0.03691	0.00751	0.01075
7	0.34977	0.01612	0.01473	0.01231	0.01709	0.08458	0.00994	0.09558	0.08532	0.18603	0.01697	0.01683	0.01213	0.00763	0.00585	0.00212	0.00660	0.00539	0.00590	0.04912

[dist]
# distance from previous block
# <min> <max>
0	11

[block]
# block no. 1 follows, 29 sequences, length 45
# corresponding to MSA columns:
# 154-198
name=unknown_B
#
# <colnr> <probs for GDERKNQSTAVLIFYWHMCP>
#	G	D	E	R	K	N	Q	S	T	A	V	L	I	F	Y	W	H	M	C	P
0	0.07116	0.01304	0.01526	0.01152	0.01720	0.01132	0.00932	0.07327	0.04395	0.19516	0.04516	0.01908	0.01495	0.00703	0.00603	0.00160	0.00561	0.00559	0.00585	0.42790
1	0.01790	0.01650	0.04836	0.05016	0.11189	0.03806	0.16421	0.02305	0.06033	0.09304	0.01560	0.01803	0.01196	0.00673	0.00746	0.00191	0.03881	0.00621	0.00451	0.26530
2	0.09281	0.01897	0.06659	0.02791	0.26155	0.04696	0.15370	0.11639	0.03853	0.06346	0.01488	0.01749	0.01137	0.00687	0.00701	0.00216	0.00883	0.00644	0.00452	0.03356
3	0.01879	0.01621	0.02171	0.02387	0.25748	0.04300	0.03380	0.11582	0.01847	0.05510	0.01419	0.01654	0.01128	0.00637	0.00637	0.00170	0.00728	0.00553	0.00455	0.32192
4	0.01711	0.01910	0.12869	0.03229	0.37665	0.01563	0.12888	0.02204	0.01654	0.06007	0.05917	0.02003	0.01482	0.00696	0.00723	0.00214	0.00871	0.00688	0.00406	0.05298
5	0.02671	0.01977	0.02117	0.01631	0.02194	0.02191	0.01345	0.65683	0.05883	0.04430	0.01755	0.01746	0.01248	0.00859	0.00713	0.00215	0.00775	0.00647	0.00713	0.01208
6	0.01503	0.01328	0.02210	0.44284	0.22125	0.01505	0.01893	0.01941	0.01537	0.04677	0.03948	0.02434	0.01454	0.00812	0.00734	0.00236	0.00866	0.05241	0.00388	0.00884
7	0.01013	0.00688	0.00776	0.00785	0.00804	0.00678	0.00452	0.01032	0.01093	0.01441	0.02666	0.08846	0.07131	0.65984	0.03285	0.00638	0.00653	0.01123	0.00460	0.00451
8	0.01602	0.06457	0.28121	0.02560	0.03393	0.01802	0.41086	0.02264	0.01605	0.02239	0.01359	0.01730	0.01008	0.00628	0.00761	0.00230	0.01124	0.00704	0.00336	0.00991
9	0.01685	0.02067	0.14988	0.05834	0.14265	0.01671	0.36194	0.02294	0.03378	0.05578	0.01576	0.04317	0.01236	0.00701	0.00778	0.00234	0.01036	0.00778	0.00392	0.01000
10	0.01036	0.00690	0.00777	0.00777	0.00777	0.00690	0.00431	0.01036	0.01036	0.01381	0.02244	0.04660	0.02589	0.74975	0.03624	0.00690	0.00690	0.01036	0.00431	0.00431
11	0.01571	0.01484	0.02512	0.28495	0.43302	0.01595	0.02037	0.02000	0.01545	0.02127	0.01461	0.04132	0.01257	0.00748	0.00722	0.00226	0.00864	0.02587	0.00358	0.00979
12	0.01546	0.08162	0.45373	0.02367	0.07559	0.01775	0.18753	0.02248	0.01551	0.02225	0.01302	0.01599	0.00962	0.00650	0.00704	0.00223	0.01055	0.00601	0.00319	0.01025
13	0.02327	0.01806	0.01923	0.01562	0.02064	0.02031	0.01262	0.42054	0.30071	0.03876	0.02192	0.02094	0.01601	0.00900	0.00717	0.00225	0.00694	0.00708	0.00717	0.01177
14	0.01477	0.01266	0.01477	0.01055	0.01687	0.00949	0.00844	0.01793	0.01477	0.02320	0.01266	0.01477	0.01055	0.00527	0.00527	0.00105	0.00527	0.00422	0.00422	0.79328
15	0.02272	0.00989	0.01344	0.01177	0.01533	0.00877	0.00928	0.02507	0.01803	0.42862	0.05083	0.24673	0.02972	0.01389	0.00799	0.00250	0.00544	0.06242	0.00794	0.00962
16	0.01024	0.00736	0.01008	0.01008	0.01089	0.00816	0.00720	0.01184	0.01104	0.01552	0.02032	0.03486	0.02079	0.31090	0.46813	0.00976	0.01457	0.00864	0.00400	0.00560
17	0.01648	0.01419	0.01554	0.01284	0.01783	0.01426	0.01008	0.02949	0.40821	0.02703	0.02213	0.02162	0.01704	0.00782	0.00642	0.00184	0.00548	0.00644	0.00598	0.33929
18	0.00960	0.00730	0.00885	0.00857	0.01048	0.00655	0.00649	0.01245	0.01872	0.02522	0.46901	0.05932	0.27250	0.01590	0.00846	0.00234	0.00357	0.04079	0.00739	0.00648
19	0.01170	0.00736	0.00966	0.01016	0.01149	0.00689	0.00720	0.01421	0.03961	0.09249	0.17670	0.49991	0.04736	0.01884	0.00868	0.00267	0.00422	0.01691	0.00712	0.00683
20	0.00933	0.00677	0.00880	0.00931	0.01044	0.00624	0.00660	0.01160	0.01687	0.02315	0.35501	0.37982	0.09276	0.01840	0.00872	0.00256	0.00374	0.01646	0.00719	0.00624
21	0.02498	0.03124	0.02042	0.01840	0.02153	0.61859	0.01403	0.02678	0.01882	0.01738	0.01076	0.01324	0.00920	0.00809	0.00891	0.00202	0.11901	0.00483	0.00359	0.00819
22	0.44033	0.01224	0.01119	0.01047	0.01386	0.01374	0.00816	0.04560	0.11357	0.02907	0.06614	0.16690	0.02205	0.01088	0.00616	0.00238	0.00519	0.00854	0.00561	0.00794
23	0.13217	0.01408	0.01595	0.01307	0.01789	0.01463	0.01057	0.11791	0.20812	0.31424	0.04984	0.02330	0.01855	0.00893	0.00685	0.00225	0.00600	0.00707	0.00751	0.01107
24	0.00911	0.00638	0.00813	0.00936	0.00966	0.00607	0.00601	0.01003	0.01278	0.01704	0.03488	0.56366	0.04159	0.21127	0.01614	0.00393	0.00485	0.01767	0.00601	0.00540
25	0.01036	0.00690	0.00777	0.00777	0.00777	0.00690	0.00431	0.01036	0.01036	0.01381	0.02244	0.04660	0.02589	0.74975	0.03624	0.00690	0.00690	0.01036	0.00431	0.00431
26	0.12445	0.00889	0.01001	0.00906	0.01189	0.00837	0.00703	0.01669	0.01792	0.12633	0.32323	0.04749	0.23501	0.01360	0.00766	0.00228	0.00413	0.01139	0.00714	0.00745
27	0.05157	0.01141	0.01527	0.01211	0.01696	0.01003	0.00985	0.03104	0.01964	0.59304	0.07574	0.07705	0.02291	0.01011	0.00730	0.00225	0.00572	0.00839	0.00846	0.01116
28	0.80005	0.01377	0.01047	0.00936	0.01377	0.01597	0.00771	0.02093	0.01212	0.03195	0.00991	0.01157	0.00771	0.00661	0.00441	0.00220	0.00551	0.00386	0.00441	0.00771
29	0.00989	0.00727	0.00925	0.00876	0.01052	0.00664	0.00657	0.01307	0.01971	0.02749	0.62965	0.05494	0.13978	0.01495	0.00840	0.00226	0.00339	0.01312	0.00770	0.00664
30	0.02937	0.01176	0.01575	0.01232	0.01740	0.01040	0.01009	0.03289	0.04743	0.61727	0.07198	0.02629	0.02105	0.00921	0.00718	0.00220	0.00578	0.00755	0.03253	0.01156
31	0.01025	0.00686	0.00780	0.00791	0.00793	0.00683	0.00446	0.01033	0.01057	0.01409	0.02353	0.09223	0.02727	0.70223	0.03447	0.00664	0.00672	0.01100	0.00446	0.00441
32	0.00865	0.00726	0.00754	0.00757	0.00989	0.00615	0.00574	0.01062	0.01651	0.01997	0.11509	0.06791	0.63204	0.01785	0.00847	0.00243	0.00370	0.03984	0.00670	0.00608
33	0.01676	0.01906	0.04119	0.02955	0.03646	0.01816	0.65232	0.02258	0.01657	0.02258	0.01420	0.01906	0.01074	0.00627	0.00902	0.00243	0.04164	0.00831	0.00358	0.00953
34	0.02707	0.01995	0.02137	0.01638	0.02208	0.02208	0.01353	0.68159	0.03348	0.04488	0.01710	0.01710	0.01211	0.00855	0.00712	0.00214	0.00784	0.00641	0.00712	0.01211
35	0.01828	0.01474	0.01665	0.01221	0.01836	0.01309	0.00989	0.20747	0.02011	0.02939	0.01392	0.01543	0.01099	0.00621	0.00580	0.00136	0.00601	0.00484	0.00505	0.57018
36	0.00892	0.00645	0.00836	0.00953	0.01024	0.00597	0.00647	0.01047	0.01465	0.01962	0.13797	0.57585	0.09214	0.04545	0.00986	0.00290	0.00408	0.01849	0.00671	0.00589
37	0.01093	0.00802	0.01071	0.01206	0.01383	0.00781	0.01039	0.01394	0.01636	0.02094	0.04386	0.07821	0.15923	0.01938	0.00958	0.00312	0.00603	0.54257	0.00657	0.00646
38	0.01664	0.39237	0.37797	0.01627	0.02460	0.02231	0.01931	0.02194	0.01475	0.01968	0.01135	0.01324	0.00908	0.00643	0.00568	0.00189	0.00908	0.00454	0.00303	0.00984
39	0.01117	0.00798	0.01113	0.01277	0.01427	0.00793	0.01095	0.01423	0.01609	0.02097	0.03787	0.15232	0.04164	0.01996	0.00975	0.00324	0.00629	0.58839	0.00656	0.00647
40	0.00972	0.00694	0.00946	0.01111	0.01198	0.00668	0.00843	0.01172	0.01466	0.01935	0.03867	0.49706	0.04481	0.02132	0.00937	0.00304	0.00504	0.25798	0.00659	0.00607
41	0.03123	0.01327	0.01724	0.01321	0.01875	0.01217	0.01092	0.12958	0.02230	0.61267	0.02648	0.02319	0.01682	0.00877	0.00716	0.00219	0.00632	0.00705	0.00857	0.01212
42	0.01477	0.01266	0.01477	0.01055	0.01687	0.00949	0.00844	0.01793	0.01477	0.02320	0.01266	0.01477	0.01055	0.00527	0.00527	0.00105	0.00527	0.00422	0.00422	0.79328
43	0.01722	0.02031	0.09376	0.02854	0.03594	0.01759	0.60098	0.02327	0.01681	0.05064	0.01483	0.01908	0.01094	0.00618	0.00822	0.00238	0.01165	0.00811	0.00377	0.00978
44	0.00868	0.00620	0.00826	0.00991	0.01033	0.00578	0.00661	0.00991	0.01363	0.01818	0.03925	0.74510	0.04710	0.02231	0.00909	0.00289	0.00413	0.02024	0.00661	0.00578

[dist]
# distance from previous block
# <min> <max>
0	0

# created by:
# /home/berkeley/.conda/envs/busco_data_prod/bin/msa2prfl.pl pipeline/OGs_align_augustus/4893/18936.fs
