[name]
unknown

[dist]
# distance from previous block
# <min> <max>
2	33

[block]
# block no. 0 follows, 31 sequences, length 25
# corresponding to MSA columns:
# 33-57
name=unknown_A
#
# <colnr> <probs for GDERKNQSTAVLIFYWHMCP>
#	G	D	E	R	K	N	Q	S	T	A	V	L	I	F	Y	W	H	M	C	P
0	0.07044	0.01677	0.04721	0.08767	0.02180	0.09573	0.05134	0.13427	0.04130	0.04470	0.08354	0.02291	0.01737	0.00920	0.00923	0.00222	0.12347	0.04541	0.00483	0.07058
1	0.06268	0.03502	0.08468	0.16666	0.10317	0.04721	0.01363	0.02103	0.10007	0.07307	0.12571	0.02578	0.02136	0.08021	0.00943	0.00257	0.00712	0.00732	0.00484	0.00843
2	0.04260	0.01468	0.05030	0.01740	0.13399	0.01364	0.01233	0.12768	0.08449	0.12586	0.08499	0.02225	0.03658	0.00813	0.00705	0.00192	0.03034	0.00665	0.00560	0.17352
3	0.06004	0.04319	0.01770	0.01377	0.01866	0.24770	0.03269	0.07253	0.01793	0.10022	0.03835	0.01596	0.01233	0.00675	0.00590	0.00161	0.00794	0.00504	0.00466	0.27704
4	0.05238	0.01456	0.02341	0.20047	0.39974	0.01487	0.03427	0.01956	0.01474	0.02157	0.01246	0.01658	0.01015	0.00611	0.00643	0.00194	0.00783	0.00571	0.00345	0.13374
5	0.00975	0.00681	0.00817	0.00813	0.00865	0.00689	0.00518	0.01057	0.01132	0.01525	0.07973	0.04379	0.07981	0.51989	0.15190	0.00670	0.00815	0.01003	0.00450	0.00480
6	0.01414	0.01141	0.01186	0.01162	0.01366	0.07648	0.00851	0.08226	0.12538	0.05518	0.08318	0.41214	0.03498	0.01574	0.00790	0.00246	0.00534	0.01380	0.00642	0.00754
7	0.01985	0.20206	0.02453	0.01628	0.04412	0.06579	0.05415	0.17346	0.01811	0.07806	0.01364	0.01621	0.01107	0.01219	0.07864	0.00294	0.14959	0.00568	0.00442	0.00920
8	0.01030	0.00778	0.00990	0.00938	0.01119	0.00775	0.00712	0.01485	0.08335	0.02516	0.49742	0.04581	0.09471	0.01960	0.12146	0.00356	0.00582	0.01127	0.00680	0.00678
9	0.02335	0.06372	0.13056	0.01603	0.02172	0.16270	0.01447	0.30806	0.07420	0.09481	0.01604	0.01630	0.01162	0.00768	0.00653	0.00201	0.00858	0.00568	0.00550	0.01044
10	0.00994	0.00666	0.00760	0.00760	0.00764	0.00671	0.00431	0.01003	0.00999	0.01336	0.02143	0.04409	0.02458	0.73281	0.06117	0.00680	0.00707	0.00985	0.00413	0.00422
11	0.02556	0.03261	0.01939	0.01763	0.02115	0.73210	0.01322	0.02732	0.01939	0.01674	0.01058	0.01234	0.00881	0.00705	0.00617	0.00176	0.01234	0.00441	0.00353	0.00793
12	0.01597	0.01775	0.03761	0.08594	0.10180	0.01704	0.57524	0.02148	0.01590	0.02161	0.01362	0.01829	0.01033	0.00588	0.00785	0.00228	0.01102	0.00773	0.00342	0.00925
13	0.01829	0.76368	0.03585	0.01171	0.01756	0.02707	0.01171	0.02049	0.01390	0.01610	0.00951	0.01097	0.00878	0.00585	0.00439	0.00146	0.00732	0.00366	0.00293	0.00878
14	0.01552	0.30008	0.10917	0.01645	0.02179	0.01906	0.15989	0.04176	0.01431	0.01887	0.01301	0.01694	0.01113	0.01660	0.17328	0.00398	0.03060	0.00576	0.00334	0.00848
15	0.02398	0.02008	0.08057	0.01587	0.02157	0.02031	0.01383	0.56564	0.10276	0.03971	0.01729	0.01723	0.01237	0.00818	0.00683	0.00209	0.00752	0.00623	0.00652	0.01142
16	0.01398	0.00889	0.00762	0.00745	0.00923	0.07579	0.00559	0.01703	0.01483	0.02467	0.02119	0.02425	0.01670	0.00788	0.00492	0.00161	0.00406	0.00619	0.72160	0.00653
17	0.00970	0.00653	0.00754	0.00779	0.00785	0.00646	0.00449	0.00988	0.01044	0.01392	0.02409	0.15607	0.02807	0.64391	0.03073	0.00603	0.00622	0.01144	0.00449	0.00437
18	0.02045	0.01508	0.01599	0.01279	0.01716	0.01616	0.01039	0.46840	0.02659	0.03552	0.03023	0.02960	0.18935	0.01049	0.00700	0.00208	0.00616	0.00827	0.06854	0.00975
19	0.06265	0.00799	0.00896	0.00838	0.01061	0.00792	0.00639	0.01826	0.05499	0.10824	0.17053	0.08788	0.02924	0.01036	0.00613	0.00194	0.00383	0.00867	0.37979	0.00727
20	0.05312	0.01367	0.01604	0.01261	0.01729	0.01381	0.01031	0.27825	0.02361	0.32088	0.08767	0.02311	0.01920	0.00879	0.00672	0.00206	0.00599	0.00698	0.06931	0.01058
21	0.01608	0.01435	0.01481	0.01371	0.01655	0.07239	0.01061	0.06900	0.37938	0.02499	0.02666	0.16947	0.02420	0.01216	0.00858	0.00245	0.06385	0.04546	0.00621	0.00910
22	0.01564	0.17729	0.29947	0.01767	0.02491	0.01751	0.13180	0.07273	0.01588	0.02195	0.01431	0.07349	0.01224	0.00745	0.00643	0.00200	0.00870	0.00643	0.00367	0.07044
23	0.01970	0.14739	0.07041	0.02183	0.17165	0.24696	0.04661	0.04021	0.10966	0.02059	0.01383	0.01579	0.01122	0.00806	0.02575	0.00215	0.00952	0.00543	0.00389	0.00933
24	0.68539	0.01416	0.01170	0.01005	0.01448	0.01627	0.00829	0.12571	0.01486	0.03264	0.01061	0.01195	0.00807	0.00664	0.00464	0.00211	0.00564	0.00409	0.00464	0.00807

[dist]
# distance from previous block
# <min> <max>
0	19

[block]
# block no. 1 follows, 31 sequences, length 17
# corresponding to MSA columns:
# 77-93
name=unknown_B
#
# <colnr> <probs for GDERKNQSTAVLIFYWHMCP>
#	G	D	E	R	K	N	Q	S	T	A	V	L	I	F	Y	W	H	M	C	P
0	0.00974	0.00667	0.00740	0.00740	0.00766	0.00654	0.00426	0.00993	0.01058	0.01385	0.02690	0.04713	0.10204	0.67646	0.03183	0.00615	0.00628	0.01045	0.00439	0.00433
1	0.01370	0.07024	0.16396	0.11281	0.17894	0.01416	0.08256	0.01815	0.01504	0.02074	0.06972	0.11437	0.02065	0.00978	0.00725	0.00227	0.00790	0.06499	0.00414	0.00862
2	0.00867	0.00695	0.00774	0.00754	0.00960	0.00602	0.00566	0.01095	0.01697	0.02175	0.30428	0.06046	0.47710	0.01611	0.00808	0.00225	0.00338	0.01368	0.00678	0.00602
3	0.00983	0.00711	0.00989	0.00989	0.01073	0.00795	0.00718	0.01151	0.01067	0.01507	0.01933	0.03246	0.01953	0.27237	0.51471	0.00963	0.01468	0.00815	0.00381	0.00550
4	0.02474	0.11446	0.02123	0.01696	0.02075	0.65316	0.01305	0.02655	0.01877	0.01667	0.01046	0.01218	0.00881	0.00692	0.00597	0.00173	0.01178	0.00432	0.00346	0.00803
5	0.01788	0.01448	0.01516	0.01316	0.01684	0.04780	0.01032	0.15302	0.36799	0.05458	0.18116	0.02898	0.02843	0.01003	0.00715	0.00220	0.00564	0.00832	0.00696	0.00988
6	0.01842	0.45324	0.02808	0.01329	0.01735	0.15630	0.01174	0.02023	0.01409	0.01601	0.01075	0.01490	0.01030	0.07654	0.01003	0.00221	0.11063	0.00470	0.00316	0.00801
7	0.01419	0.01216	0.01419	0.01013	0.01621	0.00912	0.00811	0.01723	0.01419	0.02229	0.01216	0.01419	0.01013	0.00507	0.00507	0.00101	0.00507	0.00405	0.00405	0.80139
8	0.00844	0.00627	0.00787	0.00890	0.00982	0.00570	0.00613	0.00997	0.01431	0.01880	0.12046	0.53714	0.18167	0.01977	0.00853	0.00261	0.00378	0.01764	0.00648	0.00570
9	0.01955	0.04427	0.09135	0.02240	0.07622	0.01674	0.29264	0.10311	0.10383	0.13291	0.01755	0.01912	0.01267	0.00700	0.00725	0.00219	0.00891	0.00706	0.00498	0.01026
10	0.01463	0.01067	0.01116	0.06164	0.01397	0.05810	0.00804	0.09532	0.01611	0.02400	0.03970	0.04902	0.04183	0.09318	0.01014	0.00244	0.05532	0.00741	0.38035	0.00697
11	0.01693	0.01535	0.02391	0.03361	0.52540	0.01547	0.01773	0.10990	0.01781	0.02461	0.02116	0.02364	0.10833	0.00794	0.00696	0.00207	0.00740	0.00726	0.00426	0.01024
12	0.00887	0.00642	0.00847	0.00968	0.01051	0.00601	0.00694	0.01064	0.01445	0.01928	0.13014	0.52644	0.08602	0.01984	0.00870	0.00272	0.00416	0.10841	0.00650	0.00579
13	0.01974	0.01699	0.05961	0.01793	0.11278	0.01710	0.01327	0.34059	0.14593	0.03300	0.05261	0.04330	0.07756	0.00941	0.00705	0.00215	0.00675	0.00771	0.00614	0.01040
14	0.01513	0.01535	0.02519	0.17388	0.29164	0.05643	0.15200	0.01916	0.01531	0.02021	0.01937	0.02319	0.08933	0.00968	0.04233	0.00259	0.00923	0.00738	0.00369	0.00890
15	0.01419	0.01999	0.22055	0.12626	0.14161	0.01519	0.11797	0.02049	0.06839	0.02157	0.05842	0.02258	0.06253	0.00810	0.00800	0.00225	0.05172	0.00716	0.00391	0.00913
16	0.01267	0.00881	0.01005	0.00950	0.01060	0.00914	0.00652	0.12029	0.01432	0.01905	0.02276	0.04471	0.02476	0.53646	0.02682	0.00542	0.00673	0.10086	0.00488	0.00565

[dist]
# distance from previous block
# <min> <max>
1	16

[block]
# block no. 2 follows, 31 sequences, length 19
# corresponding to MSA columns:
# 110-128
name=unknown_C
#
# <colnr> <probs for GDERKNQSTAVLIFYWHMCP>
#	G	D	E	R	K	N	Q	S	T	A	V	L	I	F	Y	W	H	M	C	P
0	0.47182	0.08611	0.01577	0.01203	0.01604	0.14635	0.00988	0.07310	0.01473	0.02668	0.01020	0.01203	0.00824	0.00702	0.00624	0.00206	0.06547	0.00420	0.00409	0.00796
1	0.01114	0.00719	0.00790	0.00765	0.00990	0.00631	0.00576	0.01329	0.01583	0.08482	0.10411	0.10795	0.42194	0.01490	0.00743	0.00219	0.00365	0.01253	0.14907	0.00646
2	0.48655	0.01261	0.01205	0.01046	0.01441	0.01411	0.00853	0.09210	0.01468	0.11324	0.01397	0.01600	0.01076	0.01490	0.13593	0.00371	0.00794	0.00500	0.00492	0.00814
3	0.01339	0.01147	0.01730	0.07725	0.23328	0.01234	0.01339	0.04059	0.07739	0.02044	0.02044	0.06611	0.03704	0.03862	0.25009	0.00527	0.01086	0.04220	0.00431	0.00824
4	0.01780	0.01197	0.01319	0.01147	0.01499	0.01276	0.00902	0.10432	0.28975	0.12508	0.08331	0.02987	0.08566	0.00992	0.00673	0.00212	0.00496	0.00817	0.14947	0.00943
5	0.01432	0.01347	0.02296	0.46733	0.26390	0.01529	0.03869	0.01870	0.01439	0.01948	0.01280	0.01808	0.01002	0.00661	0.00678	0.00218	0.00865	0.00615	0.03154	0.00866
6	0.01029	0.00756	0.01005	0.01134	0.01296	0.00732	0.00962	0.01303	0.01552	0.01988	0.04229	0.12738	0.16129	0.01881	0.00915	0.00297	0.00561	0.50247	0.00631	0.00615
7	0.00834	0.00595	0.00794	0.00953	0.00992	0.00556	0.00635	0.00953	0.01310	0.01746	0.03771	0.75510	0.04525	0.02143	0.00873	0.00278	0.00397	0.01945	0.00635	0.00556
8	0.01569	0.01667	0.01562	0.01446	0.01614	0.23334	0.01131	0.01773	0.01347	0.01627	0.01402	0.01996	0.01289	0.02962	0.36329	0.00651	0.16641	0.00616	0.00348	0.00695
9	0.01292	0.01216	0.02052	0.74312	0.04712	0.01520	0.01900	0.01748	0.01368	0.01748	0.01216	0.01824	0.00912	0.00684	0.00684	0.00228	0.00912	0.00608	0.00304	0.00760
10	0.01978	0.01607	0.01702	0.01448	0.01884	0.01831	0.01150	0.23838	0.49801	0.03307	0.02434	0.02273	0.01804	0.00895	0.00693	0.00224	0.00606	0.00725	0.00693	0.01108
11	0.02556	0.03261	0.01939	0.01763	0.02115	0.73210	0.01322	0.02732	0.01939	0.01674	0.01058	0.01234	0.00881	0.00705	0.00617	0.00176	0.01234	0.00441	0.00353	0.00793
12	0.00980	0.00720	0.01036	0.01036	0.01136	0.00821	0.00776	0.01181	0.01081	0.01541	0.01891	0.03010	0.01850	0.17881	0.60687	0.01021	0.01622	0.00780	0.00375	0.00575
13	0.00937	0.00775	0.00832	0.00817	0.01041	0.00714	0.00611	0.01329	0.09393	0.02098	0.16468	0.10700	0.48592	0.01617	0.00800	0.00232	0.00368	0.01370	0.00661	0.00644
14	0.07287	0.01089	0.01392	0.01104	0.01573	0.00960	0.00902	0.02832	0.01839	0.55394	0.03357	0.03022	0.14187	0.00994	0.00694	0.00215	0.00537	0.00805	0.00784	0.01033
15	0.00887	0.00632	0.00841	0.00944	0.00992	0.00628	0.00637	0.01008	0.01218	0.01646	0.03146	0.50281	0.03671	0.15275	0.14347	0.00492	0.00701	0.01565	0.00549	0.00542
16	0.00916	0.00692	0.00846	0.00820	0.00993	0.00622	0.00610	0.01186	0.01796	0.02438	0.49587	0.09592	0.24330	0.01534	0.00811	0.00223	0.00334	0.01335	0.00714	0.00622
17	0.53164	0.14899	0.01609	0.01049	0.01510	0.01813	0.00897	0.08325	0.06863	0.02904	0.01160	0.01271	0.00911	0.00666	0.00472	0.00201	0.00587	0.00424	0.00445	0.00831
18	0.59455	0.01685	0.01223	0.01100	0.01507	0.14453	0.00877	0.02290	0.07656	0.02799	0.01139	0.01266	0.00890	0.00675	0.00483	0.00207	0.00657	0.00420	0.00436	0.00782

[dist]
# distance from previous block
# <min> <max>
0	7

[block]
# block no. 3 follows, 31 sequences, length 57
# corresponding to MSA columns:
# 138-194
name=unknown_D
#
# <colnr> <probs for GDERKNQSTAVLIFYWHMCP>
#	G	D	E	R	K	N	Q	S	T	A	V	L	I	F	Y	W	H	M	C	P
0	0.01904	0.01537	0.01679	0.01435	0.06760	0.07592	0.01059	0.16540	0.01943	0.08631	0.06184	0.01798	0.01466	0.00689	0.00603	0.00155	0.00640	0.00549	0.00517	0.38318
1	0.01243	0.01062	0.01540	0.01834	0.17371	0.01031	0.03526	0.01690	0.09590	0.02077	0.02687	0.35464	0.02877	0.01385	0.00764	0.00234	0.00559	0.04141	0.00536	0.10391
2	0.02391	0.03299	0.11768	0.01789	0.02233	0.63220	0.01490	0.02653	0.01870	0.01743	0.01081	0.01263	0.00879	0.00697	0.00621	0.00182	0.01203	0.00450	0.00344	0.00824
3	0.01515	0.01427	0.02359	0.12218	0.47363	0.01511	0.01818	0.01879	0.01497	0.02122	0.06176	0.07210	0.01657	0.00834	0.00839	0.00221	0.07281	0.00747	0.00380	0.00946
4	0.00859	0.00629	0.00807	0.00903	0.00990	0.00577	0.00624	0.01027	0.01470	0.01966	0.18222	0.52679	0.12848	0.01940	0.00852	0.00259	0.00376	0.01738	0.00660	0.00577
5	0.01224	0.00866	0.01082	0.00984	0.01192	0.00880	0.00773	0.01446	0.01583	0.10332	0.20173	0.04683	0.32006	0.01775	0.07385	0.00311	0.10871	0.01126	0.00617	0.00690
6	0.00835	0.00694	0.00730	0.00721	0.00940	0.00589	0.00541	0.01033	0.01622	0.01996	0.17579	0.06340	0.60671	0.01677	0.00808	0.00228	0.00343	0.01410	0.00655	0.00589
7	0.01188	0.00594	0.00891	0.00891	0.00891	0.00594	0.00594	0.00891	0.00891	0.01188	0.01188	0.02080	0.01188	0.02377	0.02674	0.80095	0.00594	0.00594	0.00297	0.00297
8	0.01809	0.73230	0.06551	0.01204	0.01808	0.02659	0.01229	0.02054	0.01392	0.01634	0.00963	0.01112	0.00877	0.00588	0.00448	0.00149	0.00744	0.00372	0.00292	0.00884
9	0.01829	0.76368	0.03585	0.01171	0.01756	0.02707	0.01171	0.02049	0.01390	0.01610	0.00951	0.01097	0.00878	0.00585	0.00439	0.00146	0.00732	0.00366	0.00293	0.00878
10	0.00847	0.00630	0.00790	0.00886	0.00982	0.00573	0.00613	0.01006	0.01449	0.01907	0.13846	0.51448	0.18615	0.01955	0.00851	0.00259	0.00376	0.01743	0.00652	0.00573
11	0.01404	0.01411	0.02688	0.04328	0.21148	0.01354	0.29121	0.01812	0.01559	0.02136	0.07049	0.15628	0.05229	0.00983	0.00781	0.00231	0.00823	0.01015	0.00438	0.00860
12	0.07294	0.01726	0.03418	0.06212	0.20438	0.01681	0.44614	0.02136	0.01557	0.02246	0.01322	0.01754	0.01023	0.00594	0.00742	0.00222	0.01013	0.00718	0.00348	0.00943
13	0.01642	0.01672	0.02595	0.24034	0.32403	0.07929	0.11272	0.02157	0.05643	0.02075	0.01349	0.01763	0.01069	0.00654	0.00693	0.00214	0.00910	0.00632	0.00352	0.00941
14	0.01594	0.22297	0.48445	0.01732	0.02576	0.08196	0.02071	0.02186	0.01474	0.01980	0.01141	0.01336	0.00871	0.00638	0.00593	0.00195	0.00959	0.00464	0.00295	0.00958
15	0.02027	0.01536	0.01644	0.01334	0.01769	0.01672	0.01077	0.41653	0.13660	0.03536	0.07415	0.02836	0.12913	0.01023	0.00710	0.00213	0.00614	0.00816	0.02541	0.01009
16	0.01088	0.00855	0.00945	0.00903	0.01130	0.00822	0.00683	0.07498	0.06655	0.02265	0.16030	0.11802	0.36721	0.05461	0.00941	0.00257	0.00427	0.04197	0.00652	0.00670
17	0.01611	0.01325	0.01781	0.12032	0.16865	0.01424	0.01322	0.13606	0.14532	0.03990	0.18290	0.02879	0.05498	0.00951	0.00719	0.00216	0.00628	0.00824	0.00577	0.00929
18	0.00863	0.00635	0.00814	0.00933	0.01021	0.00586	0.00659	0.01022	0.01417	0.01860	0.09088	0.53728	0.15053	0.02004	0.00865	0.00269	0.00404	0.07563	0.00643	0.00572
19	0.04651	0.01903	0.08637	0.09548	0.43010	0.06805	0.01910	0.11011	0.01763	0.02450	0.01294	0.01622	0.01033	0.00655	0.00663	0.00205	0.00851	0.00580	0.00381	0.01026
20	0.00982	0.00661	0.00761	0.00769	0.00783	0.00654	0.00446	0.01012	0.01081	0.01453	0.06966	0.09606	0.02902	0.65611	0.03114	0.00605	0.00621	0.01079	0.00453	0.00440
21	0.01448	0.11741	0.01651	0.01426	0.03699	0.11858	0.01186	0.01727	0.01588	0.01925	0.02722	0.05475	0.02886	0.01474	0.00854	0.00267	0.02825	0.44017	0.00524	0.00706
22	0.02558	0.01955	0.08195	0.01557	0.02143	0.01919	0.01368	0.54260	0.02885	0.13586	0.01753	0.01721	0.01211	0.00810	0.00682	0.00207	0.00752	0.00616	0.00672	0.01150
23	0.01950	0.01422	0.01587	0.01237	0.01736	0.07007	0.03388	0.12677	0.01868	0.16621	0.02260	0.06010	0.08126	0.00847	0.00639	0.00173	0.00622	0.00694	0.00566	0.30570
24	0.00923	0.00693	0.00854	0.00822	0.00996	0.00625	0.00614	0.01200	0.01816	0.02478	0.52409	0.08381	0.22650	0.01513	0.00810	0.00222	0.00332	0.01318	0.00719	0.00625
25	0.01616	0.01634	0.02730	0.19518	0.35705	0.04865	0.13800	0.02070	0.02979	0.02070	0.01286	0.01736	0.01038	0.00667	0.00794	0.00219	0.05348	0.00639	0.00338	0.00949
26	0.08044	0.39839	0.15751	0.01678	0.05822	0.02203	0.09310	0.04853	0.01484	0.02039	0.01096	0.01311	0.00906	0.00625	0.00584	0.00183	0.02558	0.00471	0.00327	0.00916
27	0.00945	0.00712	0.00878	0.00872	0.01032	0.00663	0.00640	0.01272	0.04820	0.02386	0.43018	0.19313	0.17726	0.01587	0.00815	0.00231	0.00352	0.01395	0.00706	0.00635
28	0.00984	0.00670	0.00798	0.00802	0.00827	0.00680	0.00487	0.01035	0.01070	0.01450	0.05807	0.07493	0.02696	0.60552	0.11294	0.00673	0.00769	0.01020	0.00437	0.00456
29	0.00829	0.00611	0.00777	0.00910	0.00981	0.00559	0.00616	0.00957	0.01351	0.01763	0.04290	0.64185	0.15515	0.02076	0.00863	0.00270	0.00389	0.01863	0.00635	0.00559
30	0.02554	0.01893	0.02027	0.01565	0.02104	0.02100	0.01289	0.65969	0.06732	0.04236	0.01702	0.01690	0.01212	0.00827	0.00685	0.00207	0.00742	0.00624	0.00685	0.01159
31	0.01327	0.01252	0.02116	0.68127	0.10621	0.01529	0.01918	0.01779	0.01385	0.01791	0.01222	0.01812	0.00927	0.00677	0.00683	0.00226	0.00903	0.00608	0.00307	0.00789
32	0.01290	0.01412	0.11447	0.01568	0.07895	0.01105	0.09181	0.07579	0.01741	0.02393	0.15191	0.07519	0.19356	0.01164	0.00746	0.00221	0.00615	0.02565	0.06221	0.00792
33	0.01342	0.01280	0.01441	0.01330	0.01405	0.10192	0.01017	0.01482	0.01180	0.01575	0.01647	0.08443	0.01731	0.18463	0.18922	0.00550	0.26185	0.00807	0.00374	0.00633
34	0.00810	0.00688	0.00698	0.00707	0.00928	0.00576	0.00526	0.00980	0.01546	0.01843	0.06765	0.10187	0.67915	0.01754	0.00812	0.00233	0.00349	0.01470	0.00635	0.00576
35	0.00907	0.00697	0.00829	0.00796	0.00984	0.00619	0.00597	0.01172	0.01791	0.02399	0.46528	0.05678	0.31470	0.01527	0.00808	0.00221	0.00332	0.01317	0.00708	0.00619
36	0.01182	0.00765	0.00979	0.00893	0.01102	0.00701	0.00680	0.02744	0.01930	0.09185	0.57911	0.04915	0.11640	0.01366	0.00794	0.00216	0.00357	0.01192	0.00750	0.00698
37	0.01434	0.01047	0.01484	0.01298	0.04072	0.01016	0.07414	0.11048	0.02059	0.07967	0.45001	0.04033	0.06912	0.01181	0.00776	0.00215	0.00501	0.01053	0.00692	0.00796
38	0.00928	0.00709	0.01047	0.01069	0.01162	0.00679	0.05531	0.01083	0.01309	0.01764	0.06787	0.52220	0.03916	0.11955	0.06122	0.00378	0.00580	0.01619	0.00573	0.00572
39	0.12762	0.20781	0.26306	0.01421	0.02092	0.01746	0.02871	0.06052	0.01561	0.09342	0.01800	0.01874	0.07180	0.00756	0.00589	0.00199	0.00760	0.00566	0.00420	0.00925
40	0.06285	0.22506	0.02652	0.03104	0.05260	0.21166	0.09329	0.17525	0.01973	0.02415	0.01207	0.01387	0.00965	0.00675	0.00600	0.00185	0.00917	0.00510	0.00413	0.00925
41	0.01976	0.01585	0.05416	0.01581	0.06778	0.03711	0.01220	0.24820	0.08001	0.10384	0.11487	0.02495	0.02101	0.07548	0.01084	0.00258	0.07256	0.00744	0.00599	0.00957
42	0.00842	0.00675	0.00732	0.00754	0.00927	0.00587	0.00539	0.01003	0.01499	0.01857	0.11171	0.17521	0.49148	0.08372	0.01057	0.00276	0.00381	0.01469	0.00625	0.00565
43	0.01634	0.07270	0.45922	0.01692	0.02482	0.01670	0.01969	0.16266	0.01791	0.02562	0.01400	0.01682	0.01061	0.04626	0.00784	0.00230	0.00885	0.00553	0.04534	0.00985
44	0.00860	0.00684	0.00771	0.00772	0.00961	0.00596	0.00571	0.01072	0.01646	0.02108	0.26102	0.13716	0.44369	0.01677	0.00815	0.00231	0.00345	0.01436	0.00671	0.00596
45	0.00985	0.00702	0.00943	0.00943	0.01011	0.00770	0.00660	0.01121	0.01053	0.01472	0.01976	0.03480	0.02054	0.36481	0.42365	0.00906	0.01315	0.00849	0.00388	0.00524
46	0.01769	0.01801	0.05382	0.06150	0.12376	0.04865	0.24218	0.10836	0.18484	0.02562	0.01724	0.01947	0.01310	0.00818	0.02435	0.00241	0.00909	0.00708	0.00468	0.00996
47	0.00995	0.00663	0.00746	0.00746	0.00746	0.00663	0.00415	0.00995	0.00995	0.01327	0.02156	0.04477	0.02487	0.75957	0.03482	0.00663	0.00663	0.00995	0.00415	0.00415
48	0.27720	0.01785	0.02307	0.02089	0.12035	0.09363	0.18507	0.10108	0.01654	0.02652	0.01200	0.01476	0.00938	0.00676	0.00704	0.00215	0.04707	0.00564	0.00409	0.00892
49	0.14374	0.01814	0.02022	0.01938	0.13142	0.11626	0.07292	0.16114	0.10423	0.02786	0.01461	0.01613	0.01130	0.00694	0.00623	0.00194	0.00773	0.00562	0.00478	0.10940
50	0.01919	0.01853	0.01716	0.01619	0.07204	0.18926	0.01169	0.09377	0.24411	0.04039	0.02017	0.02067	0.03997	0.01027	0.04445	0.00240	0.00808	0.00633	0.00527	0.12006
51	0.01398	0.01140	0.01350	0.01012	0.01526	0.00900	0.00792	0.01686	0.04191	0.02110	0.01277	0.01558	0.01082	0.00785	0.00817	0.11264	0.00520	0.00447	0.00402	0.65744
52	0.01649	0.01608	0.02414	0.11747	0.30423	0.06662	0.10937	0.06158	0.07318	0.02289	0.04625	0.05401	0.04093	0.00803	0.00713	0.00215	0.00820	0.00755	0.00428	0.00945
53	0.01364	0.01281	0.02159	0.53753	0.20494	0.01495	0.01881	0.01790	0.01410	0.01864	0.01366	0.05645	0.01142	0.00743	0.00692	0.00225	0.00861	0.00678	0.00330	0.00827
54	0.00855	0.00677	0.00772	0.00814	0.00976	0.00601	0.00585	0.01064	0.02888	0.01950	0.14098	0.28965	0.39701	0.01809	0.00827	0.00244	0.00364	0.01569	0.00652	0.00589
55	0.05519	0.01041	0.00956	0.00923	0.01136	0.07244	0.00699	0.01875	0.11091	0.02350	0.05088	0.03315	0.07624	0.07656	0.00857	0.00237	0.00497	0.05505	0.35695	0.00694
56	0.01629	0.12037	0.09556	0.01214	0.01779	0.04555	0.01102	0.07826	0.01663	0.05208	0.07570	0.05012	0.01648	0.00735	0.00584	0.00155	0.00630	0.00584	0.00458	0.36057

[dist]
# distance from previous block
# <min> <max>
0	4

[block]
# block no. 4 follows, 31 sequences, length 10
# corresponding to MSA columns:
# 199-208
name=unknown_E
#
# <colnr> <probs for GDERKNQSTAVLIFYWHMCP>
#	G	D	E	R	K	N	Q	S	T	A	V	L	I	F	Y	W	H	M	C	P
0	0.01858	0.42971	0.13190	0.01576	0.06849	0.09710	0.01437	0.06859	0.01597	0.01970	0.01091	0.01262	0.00919	0.00621	0.00527	0.00165	0.00818	0.00431	0.00336	0.05812
1	0.01233	0.01134	0.01135	0.01069	0.01328	0.05631	0.00833	0.01894	0.20368	0.02111	0.04773	0.04833	0.38618	0.01417	0.00881	0.00238	0.06010	0.05139	0.00609	0.00745
2	0.01548	0.01198	0.04015	0.04234	0.07022	0.01084	0.01003	0.11366	0.01726	0.07312	0.05332	0.07026	0.08368	0.02858	0.04986	0.00249	0.00631	0.00777	0.11778	0.17487
3	0.01742	0.01321	0.01628	0.07945	0.01932	0.04372	0.02601	0.08789	0.01647	0.12169	0.05896	0.05166	0.01687	0.06563	0.01067	0.00229	0.10397	0.00682	0.00501	0.23668
4	0.36850	0.01904	0.01494	0.05752	0.01831	0.24699	0.03026	0.02124	0.01422	0.02283	0.01122	0.01514	0.00962	0.06053	0.02947	0.00263	0.04149	0.00485	0.00383	0.00738
5	0.49204	0.01469	0.01354	0.01120	0.01589	0.01635	0.00920	0.19769	0.04303	0.08104	0.01330	0.01398	0.00976	0.00704	0.00523	0.00207	0.00591	0.00472	0.00530	0.03802
6	0.01806	0.01409	0.01592	0.01277	0.01718	0.06354	0.05090	0.13742	0.09667	0.10956	0.07863	0.02859	0.12316	0.03181	0.00764	0.00206	0.00620	0.00782	0.00593	0.17206
7	0.01577	0.00819	0.01037	0.00910	0.01170	0.00740	0.00698	0.01845	0.01782	0.21973	0.32853	0.04149	0.10998	0.06394	0.00923	0.00241	0.00421	0.01020	0.09683	0.00767
8	0.06696	0.59562	0.10603	0.01273	0.01879	0.06833	0.01297	0.02101	0.01416	0.01763	0.00987	0.01143	0.00869	0.00603	0.00471	0.00160	0.00779	0.00385	0.00304	0.00878
9	0.00992	0.00676	0.00810	0.00810	0.00832	0.00698	0.00494	0.01036	0.01014	0.01374	0.02097	0.04154	0.02347	0.63183	0.16064	0.00742	0.00874	0.00948	0.00406	0.00450

[dist]
# distance from previous block
# <min> <max>
0	37

[block]
# block no. 5 follows, 31 sequences, length 25
# corresponding to MSA columns:
# 246-270
name=unknown_F
#
# <colnr> <probs for GDERKNQSTAVLIFYWHMCP>
#	G	D	E	R	K	N	Q	S	T	A	V	L	I	F	Y	W	H	M	C	P
0	0.01610	0.01410	0.01281	0.01149	0.01452	0.13901	0.00887	0.11269	0.07356	0.06462	0.16855	0.07348	0.22332	0.01265	0.00747	0.00218	0.00595	0.02447	0.00631	0.00785
1	0.11020	0.01980	0.02134	0.09098	0.05390	0.24419	0.14505	0.02353	0.05924	0.06429	0.07085	0.03577	0.01565	0.00777	0.00672	0.00208	0.00912	0.00663	0.00444	0.00845
2	0.48696	0.01827	0.08656	0.01195	0.01679	0.09500	0.01064	0.12278	0.01601	0.02988	0.01152	0.01301	0.00877	0.00679	0.00510	0.00205	0.00682	0.00441	0.03837	0.00834
3	0.01092	0.00819	0.01060	0.01236	0.09176	0.00748	0.00807	0.01305	0.01535	0.06477	0.07940	0.18978	0.36248	0.01764	0.03906	0.00277	0.00503	0.04844	0.00608	0.00677
4	0.00825	0.00629	0.00760	0.00864	0.00969	0.00563	0.00596	0.00963	0.01395	0.01781	0.04844	0.52102	0.27240	0.02004	0.00851	0.00262	0.00380	0.01775	0.00635	0.00563
5	0.02340	0.00977	0.01280	0.01039	0.01430	0.00869	0.00837	0.02626	0.01851	0.46022	0.14856	0.02869	0.02555	0.00935	0.00668	0.00202	0.00484	0.00776	0.16417	0.00968
6	0.00986	0.00700	0.00930	0.00930	0.00993	0.00763	0.00644	0.01113	0.01049	0.01463	0.01988	0.03547	0.02083	0.39131	0.39755	0.00890	0.01271	0.00859	0.00390	0.00517
7	0.01434	0.01512	0.11718	0.01167	0.01713	0.01097	0.01070	0.10891	0.01764	0.02540	0.12672	0.02613	0.09945	0.00848	0.00633	0.00165	0.00567	0.00696	0.00506	0.36450
8	0.02519	0.02025	0.01999	0.01559	0.02088	0.10207	0.01271	0.57357	0.02953	0.03874	0.01548	0.01581	0.01121	0.00787	0.00665	0.00195	0.00792	0.00582	0.00628	0.06247
9	0.07224	0.02032	0.09753	0.01408	0.01926	0.19945	0.01226	0.08391	0.01894	0.23377	0.06372	0.01896	0.01530	0.00772	0.00637	0.00191	0.00787	0.00583	0.00560	0.09495
10	0.01331	0.01214	0.01913	0.39266	0.18631	0.01375	0.01602	0.01793	0.05780	0.01887	0.01934	0.02558	0.07307	0.09418	0.01015	0.00273	0.00789	0.00736	0.00378	0.00797
11	0.01873	0.01872	0.01639	0.09188	0.02039	0.25073	0.01195	0.11838	0.06283	0.02245	0.01804	0.04812	0.03226	0.01269	0.06747	0.00283	0.05636	0.03493	0.08678	0.00807
12	0.01262	0.01108	0.01314	0.11816	0.01867	0.04212	0.00936	0.01642	0.05513	0.02145	0.12886	0.14158	0.07557	0.01050	0.00675	0.00186	0.00544	0.00904	0.00511	0.29713
13	0.71690	0.01340	0.01068	0.00956	0.01376	0.01554	0.00780	0.02198	0.09136	0.03046	0.01163	0.01277	0.00896	0.00669	0.00455	0.00214	0.00531	0.00417	0.00455	0.00780
14	0.01615	0.01845	0.04037	0.02884	0.03576	0.01730	0.69204	0.02191	0.01615	0.02191	0.01384	0.01845	0.01038	0.00577	0.00807	0.00231	0.01153	0.00807	0.00346	0.00923
15	0.00875	0.00686	0.00792	0.00786	0.00970	0.00603	0.00581	0.01102	0.01685	0.02195	0.32322	0.12872	0.38809	0.01640	0.00814	0.00229	0.00342	0.01411	0.00682	0.00603
16	0.01474	0.01518	0.02591	0.02058	0.02289	0.01838	0.22690	0.01769	0.01232	0.01811	0.01158	0.01743	0.01035	0.01455	0.09962	0.00370	0.43218	0.00680	0.00322	0.00787
17	0.00931	0.00689	0.00781	0.00758	0.00951	0.00614	0.00569	0.01184	0.01706	0.02312	0.33912	0.05490	0.35636	0.01482	0.00770	0.00216	0.00333	0.01263	0.09789	0.00614
18	0.02464	0.01109	0.01451	0.01214	0.01637	0.01031	0.00981	0.02943	0.11184	0.48837	0.02910	0.11223	0.02258	0.01093	0.00732	0.00231	0.00559	0.06320	0.00784	0.01039
19	0.01939	0.38789	0.02786	0.10472	0.06220	0.21075	0.01348	0.02296	0.05937	0.01759	0.01148	0.01349	0.00972	0.00652	0.00546	0.00173	0.00879	0.00455	0.00338	0.00866
20	0.00833	0.00620	0.00770	0.00888	0.00969	0.00564	0.00602	0.00961	0.01356	0.01756	0.04433	0.57755	0.19538	0.04356	0.00940	0.00279	0.00394	0.01802	0.00628	0.00556
21	0.02165	0.04834	0.06765	0.10074	0.02589	0.05007	0.09210	0.38517	0.03744	0.04593	0.01507	0.01655	0.01099	0.00740	0.00676	0.00204	0.00835	0.00607	0.00538	0.04640
22	0.01807	0.01723	0.02332	0.11005	0.10803	0.07882	0.12809	0.13507	0.10138	0.02484	0.01469	0.01740	0.01146	0.00743	0.00835	0.00210	0.08234	0.00624	0.00442	0.10067
23	0.01222	0.14011	0.04754	0.01232	0.05806	0.01161	0.00935	0.05254	0.01522	0.01994	0.04903	0.31250	0.15405	0.01434	0.00728	0.00222	0.00526	0.01237	0.00532	0.05872
24	0.15446	0.06386	0.02521	0.11009	0.22937	0.04799	0.14155	0.06524	0.01615	0.06409	0.01312	0.01612	0.01014	0.00647	0.00642	0.00209	0.00835	0.00587	0.00400	0.00941

[dist]
# distance from previous block
# <min> <max>
0	13

[block]
# block no. 6 follows, 31 sequences, length 14
# corresponding to MSA columns:
# 284-297
name=unknown_G
#
# <colnr> <probs for GDERKNQSTAVLIFYWHMCP>
#	G	D	E	R	K	N	Q	S	T	A	V	L	I	F	Y	W	H	M	C	P
0	0.02184	0.10471	0.06288	0.01610	0.02136	0.08869	0.10213	0.15640	0.11926	0.16953	0.01935	0.05528	0.01480	0.00827	0.00675	0.00208	0.00783	0.00693	0.00571	0.01011
1	0.01625	0.01456	0.08713	0.05252	0.02044	0.01300	0.09477	0.06134	0.15108	0.11853	0.17264	0.03118	0.08969	0.01012	0.00792	0.00225	0.03274	0.00877	0.00605	0.00903
2	0.01109	0.04569	0.01450	0.01210	0.01402	0.01000	0.08481	0.01418	0.04927	0.02039	0.18871	0.26771	0.08312	0.08298	0.01159	0.00283	0.06175	0.01293	0.00571	0.00663
3	0.18862	0.01065	0.08016	0.01011	0.01240	0.00889	0.00825	0.01317	0.01277	0.02056	0.02908	0.42051	0.06491	0.07725	0.00962	0.00286	0.00508	0.01343	0.00535	0.00632
4	0.01522	0.08846	0.01941	0.01745	0.17376	0.01252	0.01136	0.01840	0.01447	0.02168	0.01205	0.01448	0.01016	0.00538	0.00538	0.00129	0.00598	0.00447	0.00379	0.54428
5	0.19379	0.01359	0.01340	0.01211	0.01591	0.01551	0.00950	0.03004	0.47976	0.02807	0.02789	0.02633	0.08739	0.00943	0.00646	0.00227	0.00519	0.00750	0.00629	0.00955
6	0.01866	0.01455	0.01825	0.01477	0.01887	0.01547	0.07899	0.33461	0.08706	0.03337	0.17612	0.06523	0.02774	0.01072	0.00752	0.00223	0.00652	0.05320	0.00661	0.00950
7	0.00814	0.00671	0.00716	0.00751	0.00939	0.00573	0.00546	0.00975	0.01503	0.01825	0.06221	0.22069	0.56385	0.01825	0.00823	0.00242	0.00358	0.01556	0.00635	0.00573
8	0.00830	0.00694	0.00722	0.00715	0.00937	0.00587	0.00536	0.01023	0.01609	0.01967	0.15447	0.06389	0.62821	0.01688	0.00808	0.00229	0.00343	0.01417	0.00651	0.00587
9	0.01693	0.01626	0.02777	0.04199	0.71689	0.01626	0.02100	0.02100	0.01558	0.02235	0.01287	0.01693	0.01084	0.00610	0.00677	0.00203	0.00813	0.00610	0.00339	0.01084
10	0.03070	0.01164	0.01588	0.01217	0.01746	0.01006	0.01006	0.03334	0.01958	0.72163	0.02699	0.02329	0.01694	0.00847	0.00688	0.00212	0.00582	0.00688	0.00847	0.01164
11	0.01497	0.01497	0.02095	0.01796	0.01796	0.02095	0.01497	0.01646	0.01048	0.01646	0.00898	0.01497	0.00898	0.01197	0.02245	0.00299	0.74704	0.00599	0.00299	0.00748
12	0.01924	0.01641	0.02459	0.03410	0.52101	0.05541	0.01818	0.02440	0.07998	0.11509	0.01599	0.01831	0.01246	0.00676	0.00677	0.00205	0.00781	0.00626	0.00440	0.01078
13	0.02332	0.02254	0.01825	0.01570	0.01991	0.29400	0.01224	0.19468	0.23483	0.06738	0.01831	0.01806	0.01371	0.00811	0.00662	0.00203	0.00863	0.00601	0.00569	0.00995

[dist]
# distance from previous block
# <min> <max>
0	1

[block]
# block no. 7 follows, 31 sequences, length 76
# corresponding to MSA columns:
# 299-374
name=unknown_H
#
# <colnr> <probs for GDERKNQSTAVLIFYWHMCP>
#	G	D	E	R	K	N	Q	S	T	A	V	L	I	F	Y	W	H	M	C	P
0	0.01709	0.09221	0.04419	0.01526	0.02139	0.01404	0.15696	0.05122	0.05768	0.08114	0.01463	0.01633	0.01129	0.00602	0.00603	0.00159	0.00704	0.00546	0.00444	0.37598
1	0.00848	0.00695	0.00747	0.00734	0.00948	0.00594	0.00551	0.01057	0.01652	0.02067	0.22677	0.06224	0.55528	0.01651	0.00808	0.00227	0.00341	0.01393	0.00664	0.00594
2	0.01446	0.01437	0.02571	0.41429	0.16887	0.01628	0.14733	0.01890	0.01424	0.01916	0.01235	0.01776	0.00967	0.00692	0.00836	0.00230	0.07088	0.00646	0.00318	0.00851
3	0.00992	0.00767	0.00941	0.03440	0.01223	0.03424	0.00781	0.01154	0.01359	0.01763	0.03370	0.47386	0.03910	0.10247	0.01165	0.00324	0.00527	0.16068	0.00588	0.00572
4	0.00883	0.00680	0.00807	0.00809	0.00978	0.00604	0.00594	0.01114	0.01687	0.02229	0.34969	0.16942	0.31936	0.01650	0.00818	0.00231	0.00344	0.01432	0.00687	0.00604
5	0.01476	0.01404	0.02384	0.42165	0.35422	0.01568	0.01992	0.01909	0.01455	0.01971	0.01248	0.01764	0.00991	0.00650	0.00681	0.00217	0.00866	0.00609	0.00320	0.00908
6	0.00846	0.00614	0.00777	0.00902	0.00961	0.00569	0.00600	0.00960	0.01310	0.01719	0.04002	0.60405	0.12462	0.09084	0.01112	0.00309	0.00416	0.01794	0.00614	0.00545
7	0.02565	0.02994	0.01961	0.01725	0.02116	0.59098	0.01318	0.15968	0.02192	0.02198	0.01174	0.01315	0.00937	0.00728	0.00630	0.00182	0.01138	0.00475	0.00418	0.00867
8	0.01563	0.01451	0.01910	0.19713	0.04364	0.04353	0.01414	0.08146	0.01466	0.02070	0.01164	0.01606	0.00982	0.00964	0.03377	0.00245	0.25637	0.00558	0.00366	0.18653
9	0.09260	0.01972	0.03271	0.02713	0.12512	0.12105	0.43613	0.02240	0.01611	0.02205	0.01282	0.01666	0.00993	0.00605	0.00725	0.00217	0.01059	0.00685	0.00353	0.00909
10	0.72277	0.01388	0.01120	0.00973	0.01410	0.01599	0.00802	0.09348	0.01388	0.03205	0.01028	0.01169	0.00787	0.00655	0.00452	0.00211	0.00554	0.00397	0.00452	0.00787
11	0.01786	0.08564	0.02015	0.01536	0.01978	0.04174	0.07563	0.07142	0.51345	0.02727	0.02358	0.02254	0.01783	0.00849	0.00679	0.00221	0.00652	0.00719	0.00613	0.01044
12	0.01062	0.00762	0.01070	0.01212	0.01354	0.00770	0.01030	0.01350	0.01502	0.01972	0.03468	0.14356	0.03788	0.02223	0.07784	0.00385	0.00719	0.53964	0.00606	0.00620
13	0.00930	0.00679	0.00873	0.00864	0.01008	0.00623	0.00633	0.01201	0.01787	0.02481	0.53220	0.18611	0.11403	0.01568	0.00820	0.00228	0.00339	0.01389	0.00721	0.00623
14	0.03070	0.01164	0.01588	0.01217	0.01746	0.01006	0.01006	0.03334	0.01958	0.72163	0.02699	0.02329	0.01694	0.00847	0.00688	0.00212	0.00582	0.00688	0.00847	0.01164
15	0.01763	0.01500	0.01582	0.01405	0.01802	0.01730	0.01098	0.08123	0.65866	0.02961	0.02707	0.02490	0.02025	0.00921	0.00695	0.00230	0.00556	0.00763	0.00695	0.01088
16	0.01424	0.00735	0.00760	0.00717	0.00914	0.00742	0.00548	0.05771	0.01563	0.05314	0.02214	0.02487	0.01715	0.00800	0.00499	0.00164	0.00355	0.00638	0.71950	0.00690
17	0.02601	0.01916	0.02053	0.01574	0.02122	0.02122	0.01300	0.69408	0.03217	0.04312	0.01643	0.01643	0.01163	0.00821	0.00684	0.00205	0.00753	0.00616	0.00684	0.01163
18	0.01208	0.01182	0.05787	0.06442	0.12979	0.01052	0.07497	0.01637	0.03794	0.02368	0.30828	0.06071	0.08447	0.01177	0.00779	0.00227	0.00593	0.06588	0.00569	0.00775
19	0.01629	0.08929	0.12311	0.03035	0.25612	0.01769	0.32403	0.02145	0.01553	0.02148	0.01292	0.01675	0.01016	0.00598	0.00710	0.00212	0.00985	0.00663	0.00331	0.00982
20	0.80789	0.01323	0.01006	0.00900	0.01323	0.01535	0.00741	0.02011	0.01164	0.03070	0.00953	0.01111	0.00741	0.00635	0.00423	0.00212	0.00529	0.00370	0.00423	0.00741
21	0.01702	0.01470	0.01547	0.01392	0.01779	0.01702	0.01083	0.03635	0.70453	0.02862	0.02785	0.02553	0.02088	0.00928	0.00696	0.00232	0.00541	0.00773	0.00696	0.01083
22	0.00851	0.00626	0.00798	0.00900	0.00987	0.00573	0.00619	0.01010	0.01444	0.01916	0.14736	0.54281	0.14814	0.01966	0.00853	0.00261	0.00378	0.01760	0.00653	0.00573
23	0.00821	0.00694	0.00710	0.00706	0.00932	0.00583	0.00530	0.01006	0.01589	0.01917	0.11903	0.06470	0.66396	0.01707	0.00808	0.00230	0.00345	0.01428	0.00644	0.00583
24	0.01292	0.01216	0.02052	0.74312	0.04712	0.01520	0.01900	0.01748	0.01368	0.01748	0.01216	0.01824	0.00912	0.00684	0.00684	0.00228	0.00912	0.00608	0.00304	0.00760
25	0.00857	0.00688	0.00765	0.00759	0.00957	0.00596	0.00564	0.01070	0.01653	0.02103	0.25568	0.10764	0.47925	0.01662	0.00812	0.00230	0.00343	0.01417	0.00670	0.00596
26	0.01002	0.00671	0.00769	0.00780	0.00790	0.00671	0.00460	0.01023	0.01033	0.01374	0.02252	0.04689	0.02582	0.71109	0.03316	0.00640	0.00661	0.05320	0.00429	0.00429
27	0.02503	0.02196	0.02152	0.01801	0.05542	0.17774	0.04390	0.48424	0.02783	0.03534	0.01485	0.01564	0.01092	0.00774	0.00675	0.00200	0.00880	0.00586	0.00579	0.01067
28	0.01565	0.01300	0.01393	0.01242	0.01591	0.01443	0.00967	0.09181	0.45221	0.02852	0.13279	0.03357	0.11492	0.01090	0.00726	0.00227	0.00504	0.00912	0.00696	0.00962
29	0.01736	0.12019	0.05878	0.01764	0.02118	0.01846	0.13642	0.02127	0.05561	0.10849	0.01590	0.03760	0.03060	0.00951	0.01288	0.00244	0.29594	0.00680	0.00418	0.00875
30	0.02445	0.06447	0.01996	0.01675	0.02067	0.53961	0.01289	0.11296	0.08564	0.02120	0.01291	0.01404	0.01031	0.00735	0.00624	0.00184	0.01083	0.00491	0.00425	0.00872
31	0.73299	0.01337	0.01057	0.00946	0.01366	0.01551	0.00773	0.02165	0.07726	0.03050	0.01126	0.01248	0.00869	0.00663	0.00449	0.00214	0.00530	0.00409	0.00449	0.00773
32	0.01992	0.01592	0.01911	0.01528	0.01986	0.01731	0.07562	0.33858	0.21680	0.03423	0.10478	0.02520	0.04725	0.00932	0.00719	0.00217	0.00665	0.00784	0.00662	0.01034
33	0.00834	0.00595	0.00794	0.00953	0.00992	0.00556	0.00635	0.00953	0.01310	0.01746	0.03771	0.75510	0.04525	0.02143	0.00873	0.00278	0.00397	0.01945	0.00635	0.00556
34	0.00857	0.00685	0.00768	0.00780	0.00969	0.00596	0.00580	0.01061	0.01615	0.02046	0.21157	0.14826	0.46328	0.01712	0.00820	0.00236	0.00356	0.03355	0.00662	0.00592
35	0.03920	0.01767	0.04453	0.20986	0.36382	0.10659	0.01876	0.02054	0.01502	0.02016	0.01197	0.01628	0.00984	0.00691	0.00794	0.00215	0.07045	0.00577	0.00329	0.00927
36	0.01372	0.03539	0.72412	0.01950	0.02961	0.01589	0.02528	0.02167	0.01444	0.02167	0.01228	0.01444	0.00867	0.00650	0.00650	0.00217	0.01011	0.00506	0.00289	0.01011
37	0.00984	0.00666	0.00782	0.00791	0.00805	0.00676	0.00468	0.01014	0.01022	0.01374	0.02213	0.08165	0.02524	0.65241	0.09947	0.00684	0.00760	0.01022	0.00422	0.00441
38	0.01292	0.01216	0.02052	0.74312	0.04712	0.01520	0.01900	0.01748	0.01368	0.01748	0.01216	0.01824	0.00912	0.00684	0.00684	0.00228	0.00912	0.00608	0.00304	0.00760
39	0.01292	0.01216	0.02052	0.74312	0.04712	0.01520	0.01900	0.01748	0.01368	0.01748	0.01216	0.01824	0.00912	0.00684	0.00684	0.00228	0.00912	0.00608	0.00304	0.00760
40	0.80789	0.01323	0.01006	0.00900	0.01323	0.01535	0.00741	0.02011	0.01164	0.03070	0.00953	0.01111	0.00741	0.00635	0.00423	0.00212	0.00529	0.00370	0.00423	0.00741
41	0.01247	0.00916	0.01090	0.01082	0.01268	0.00925	0.00806	0.16084	0.01803	0.02389	0.06571	0.43865	0.10727	0.01758	0.00828	0.00257	0.00485	0.06548	0.00651	0.00701
42	0.01839	0.67607	0.08000	0.01254	0.01854	0.06486	0.01268	0.02094	0.01424	0.01650	0.00975	0.01128	0.00877	0.00596	0.00463	0.00153	0.00777	0.00379	0.00296	0.00882
43	0.01540	0.01515	0.02336	0.41960	0.17206	0.06221	0.08186	0.04476	0.01538	0.02006	0.01251	0.01731	0.00971	0.00655	0.00679	0.00212	0.00906	0.00604	0.00338	0.05668
44	0.02929	0.01160	0.01560	0.01212	0.01721	0.01023	0.00995	0.03270	0.05031	0.66432	0.05294	0.02444	0.01891	0.00871	0.00693	0.00213	0.00571	0.00713	0.00836	0.01141
45	0.01618	0.39334	0.18964	0.01355	0.01955	0.02052	0.01412	0.05110	0.08022	0.01999	0.01676	0.08744	0.03502	0.00830	0.00577	0.00189	0.00735	0.00634	0.00391	0.00901
46	0.00823	0.00683	0.00720	0.00734	0.00939	0.00580	0.00542	0.01001	0.01559	0.01902	0.11236	0.14247	0.59169	0.01755	0.00816	0.00235	0.00350	0.01485	0.00644	0.00580
47	0.00972	0.00718	0.01012	0.01010	0.01118	0.00800	0.00755	0.01176	0.01143	0.01611	0.05469	0.03283	0.05198	0.16800	0.54679	0.00944	0.01495	0.00834	0.00405	0.00578
48	0.01731	0.44231	0.29527	0.01469	0.02212	0.02180	0.01675	0.02171	0.01445	0.06097	0.01162	0.01303	0.00923	0.00626	0.00534	0.00177	0.00828	0.00438	0.00325	0.00946
49	0.01095	0.00782	0.01094	0.01251	0.01405	0.00781	0.01089	0.01404	0.01567	0.02039	0.03627	0.09666	0.03954	0.01897	0.00943	0.00314	0.00623	0.65211	0.00630	0.00628
50	0.03956	0.01791	0.11507	0.05016	0.05682	0.01565	0.10056	0.23918	0.02165	0.17258	0.05789	0.02017	0.01521	0.00784	0.00689	0.00211	0.00767	0.00671	0.03604	0.01031
51	0.01066	0.00638	0.00799	0.00799	0.00799	0.00638	0.00480	0.00957	0.00957	0.01276	0.01801	0.03599	0.02011	0.48998	0.03186	0.29766	0.00638	0.00848	0.00372	0.00372
52	0.02534	0.07761	0.02144	0.01583	0.02093	0.16968	0.01295	0.50489	0.02814	0.03561	0.01469	0.01517	0.01083	0.00779	0.00652	0.00195	0.00851	0.00561	0.00586	0.01065
53	0.08036	0.01307	0.04511	0.01107	0.01615	0.01084	0.00917	0.05457	0.04804	0.02364	0.01611	0.10916	0.01489	0.00788	0.00618	0.00155	0.02490	0.00638	0.00457	0.49637
54	0.03846	0.08682	0.02271	0.19857	0.23401	0.12197	0.01614	0.06282	0.08157	0.02166	0.01454	0.04482	0.01216	0.00742	0.00651	0.00206	0.00838	0.00622	0.00396	0.00919
55	0.68839	0.01541	0.01155	0.01021	0.01444	0.08357	0.00828	0.05994	0.01357	0.03010	0.01003	0.01154	0.00779	0.00653	0.00457	0.00208	0.00609	0.00391	0.00432	0.00770
56	0.03958	0.12800	0.08764	0.01505	0.02036	0.10186	0.01327	0.26380	0.19161	0.04580	0.01727	0.01726	0.01293	0.00780	0.00635	0.00201	0.00768	0.00584	0.00553	0.01036
57	0.01560	0.01508	0.02394	0.21838	0.44698	0.04699	0.01896	0.01954	0.01482	0.02024	0.01310	0.01801	0.01090	0.01061	0.07549	0.00293	0.00954	0.00613	0.00333	0.00943
58	0.00834	0.00595	0.00794	0.00953	0.00992	0.00556	0.00635	0.00953	0.01310	0.01746	0.03771	0.75510	0.04525	0.02143	0.00873	0.00278	0.00397	0.01945	0.00635	0.00556
59	0.02961	0.01132	0.01530	0.01182	0.01689	0.00983	0.00974	0.03229	0.01926	0.67943	0.02671	0.02342	0.01697	0.00844	0.00675	0.00209	0.00566	0.00685	0.05630	0.01132
60	0.01166	0.00745	0.00966	0.00885	0.01087	0.00677	0.00673	0.01473	0.01913	0.09585	0.60159	0.04933	0.10365	0.01366	0.00795	0.00216	0.00350	0.01197	0.00754	0.00693
61	0.00918	0.00685	0.00852	0.00836	0.00997	0.00620	0.00617	0.01184	0.01780	0.02431	0.49374	0.13887	0.20179	0.01560	0.00815	0.00226	0.00337	0.01367	0.00714	0.00620
62	0.02601	0.01916	0.02053	0.01574	0.02122	0.02122	0.01300	0.69408	0.03217	0.04312	0.01643	0.01643	0.01163	0.00821	0.00684	0.00205	0.00753	0.00616	0.00684	0.01163
63	0.02009	0.58333	0.03182	0.01312	0.01845	0.18315	0.01207	0.03860	0.01557	0.01691	0.00992	0.01141	0.00886	0.00618	0.00484	0.00154	0.00843	0.00389	0.00316	0.00866
64	0.01693	0.01626	0.02777	0.04199	0.71689	0.01626	0.02100	0.02100	0.01558	0.02235	0.01287	0.01693	0.01084	0.00610	0.00677	0.00203	0.00813	0.00610	0.00339	0.01084
65	0.01508	0.08623	0.03249	0.04003	0.02841	0.01584	0.45985	0.01903	0.01446	0.01933	0.01405	0.02053	0.01184	0.07230	0.04378	0.07734	0.01045	0.00753	0.00342	0.00800
