[name]
unknown

[dist]
# distance from previous block
# <min> <max>
0	7

[block]
# block no. 0 follows, 32 sequences, length 6
# corresponding to MSA columns:
# 7-12
name=unknown_A
#
# <colnr> <probs for GDERKNQSTAVLIFYWHMCP>
#	G	D	E	R	K	N	Q	S	T	A	V	L	I	F	Y	W	H	M	C	P
0	0.01081	0.00772	0.01081	0.01236	0.01390	0.00772	0.01081	0.01390	0.01545	0.02008	0.03553	0.07569	0.03862	0.01854	0.00927	0.00309	0.00618	0.67717	0.00618	0.00618
1	0.01558	0.33271	0.36075	0.01712	0.02495	0.02024	0.10199	0.02081	0.01415	0.01904	0.01112	0.01326	0.00875	0.00603	0.00572	0.00186	0.00897	0.00476	0.00292	0.00928
2	0.01023	0.10032	0.01176	0.00850	0.01072	0.00868	0.00673	0.01299	0.01762	0.02384	0.50591	0.04808	0.18344	0.01337	0.00747	0.00206	0.00370	0.01148	0.00661	0.00648
3	0.01780	0.68802	0.03432	0.01465	0.09239	0.02542	0.01245	0.02015	0.01381	0.01644	0.00968	0.01139	0.00883	0.00577	0.00455	0.00149	0.00726	0.00384	0.00292	0.00883
4	0.02282	0.01795	0.05470	0.01500	0.01999	0.01880	0.01274	0.48674	0.11323	0.07278	0.04923	0.01894	0.01489	0.00853	0.00745	0.00210	0.04031	0.00648	0.00647	0.01083
5	0.01587	0.01253	0.01320	0.01115	0.01450	0.07016	0.00876	0.12371	0.06262	0.08112	0.25174	0.03396	0.12181	0.01079	0.00753	0.00198	0.03150	0.00883	0.00624	0.11200

[dist]
# distance from previous block
# <min> <max>
2	14

[block]
# block no. 1 follows, 32 sequences, length 45
# corresponding to MSA columns:
# 27-71
name=unknown_B
#
# <colnr> <probs for GDERKNQSTAVLIFYWHMCP>
#	G	D	E	R	K	N	Q	S	T	A	V	L	I	F	Y	W	H	M	C	P
0	0.01640	0.30758	0.15210	0.01515	0.02100	0.03884	0.11605	0.02104	0.05039	0.06286	0.09401	0.02033	0.04201	0.00750	0.00608	0.00188	0.00765	0.00624	0.00412	0.00879
1	0.04213	0.01290	0.06347	0.03076	0.07283	0.04251	0.09004	0.01795	0.05470	0.05303	0.35501	0.05504	0.03735	0.01044	0.00729	0.00210	0.00583	0.00939	0.00578	0.03145
2	0.01530	0.01564	0.04982	0.05834	0.45896	0.04613	0.06770	0.01919	0.01543	0.02144	0.08234	0.05242	0.01722	0.00941	0.03944	0.00245	0.00831	0.00723	0.00384	0.00940
3	0.01292	0.05330	0.01420	0.01220	0.03470	0.01124	0.02913	0.07519	0.03686	0.04021	0.07168	0.02860	0.02030	0.16909	0.32810	0.00667	0.03663	0.00768	0.00442	0.00688
4	0.05359	0.01482	0.07811	0.01367	0.04122	0.04358	0.01149	0.05636	0.06482	0.45417	0.06292	0.02222	0.01762	0.00820	0.00662	0.00205	0.00629	0.00662	0.00698	0.02867
5	0.09734	0.07388	0.37617	0.01864	0.05061	0.06819	0.08340	0.11304	0.01674	0.02435	0.01220	0.01420	0.00902	0.00650	0.00620	0.00204	0.00914	0.00516	0.00361	0.00956
6	0.01559	0.08677	0.39871	0.02139	0.05942	0.01667	0.19639	0.02169	0.01477	0.06188	0.01298	0.01554	0.00952	0.00641	0.00716	0.00212	0.03425	0.00579	0.00333	0.00962
7	0.01781	0.19507	0.08172	0.05938	0.08745	0.07696	0.03837	0.02502	0.18374	0.07647	0.03712	0.01815	0.01407	0.00717	0.00606	0.00189	0.00733	0.00578	0.00457	0.05587
8	0.02004	0.03751	0.01832	0.01468	0.01874	0.16347	0.07949	0.12255	0.13424	0.12977	0.11358	0.04213	0.05723	0.00924	0.00692	0.00206	0.00731	0.00769	0.00591	0.00911
9	0.00958	0.00698	0.00909	0.00890	0.01052	0.00649	0.00690	0.01264	0.01824	0.02536	0.57847	0.05473	0.10219	0.01462	0.00811	0.00226	0.00361	0.10789	0.00714	0.00627
10	0.06667	0.33443	0.16457	0.01591	0.02224	0.09182	0.10806	0.06094	0.01568	0.04612	0.01156	0.01332	0.00918	0.00622	0.00559	0.00181	0.00859	0.00478	0.00349	0.00902
11	0.01631	0.03906	0.27163	0.08589	0.18188	0.01521	0.07873	0.04112	0.05749	0.09052	0.01710	0.01904	0.04162	0.00710	0.00669	0.00211	0.00842	0.00626	0.00403	0.00980
12	0.00886	0.00686	0.00776	0.00806	0.00950	0.00630	0.00571	0.01098	0.03931	0.01831	0.11048	0.21066	0.34446	0.14099	0.01242	0.00309	0.00418	0.04046	0.00600	0.00561
13	0.00942	0.00705	0.00843	0.00874	0.01017	0.00659	0.00637	0.03796	0.01540	0.02013	0.17155	0.26574	0.24280	0.08760	0.01065	0.00283	0.00419	0.07227	0.00626	0.00585
14	0.08919	0.25116	0.14249	0.01643	0.04668	0.08229	0.09211	0.06390	0.01600	0.10544	0.01292	0.01435	0.00986	0.00657	0.00610	0.00189	0.02435	0.00504	0.00399	0.00924
15	0.01006	0.00758	0.00928	0.00921	0.01082	0.00736	0.00675	0.03301	0.07988	0.02368	0.36951	0.25638	0.11968	0.01561	0.00797	0.00232	0.00372	0.01379	0.00686	0.00654
16	0.00827	0.00588	0.00776	0.00922	0.00959	0.00551	0.00610	0.00937	0.01266	0.01688	0.03602	0.71625	0.04316	0.06625	0.01012	0.00296	0.00405	0.01851	0.00610	0.00537
17	0.01675	0.01818	0.07515	0.20544	0.22026	0.08901	0.08604	0.07369	0.06326	0.02173	0.01331	0.01686	0.01043	0.00697	0.00766	0.00214	0.05415	0.00604	0.00370	0.00921
18	0.01493	0.14745	0.36603	0.01928	0.02682	0.04831	0.18396	0.02061	0.01482	0.02027	0.03868	0.04303	0.01225	0.00692	0.00654	0.00205	0.00944	0.00620	0.00329	0.00911
19	0.00866	0.00671	0.00789	0.00784	0.00957	0.00594	0.00579	0.01096	0.01666	0.02195	0.35615	0.14094	0.34483	0.01600	0.00800	0.00225	0.00335	0.01384	0.00675	0.00594
20	0.02483	0.01533	0.01752	0.01367	0.01854	0.01609	0.01120	0.41870	0.04988	0.23209	0.09265	0.02184	0.01859	0.00875	0.00685	0.00205	0.00640	0.00693	0.00723	0.01086
21	0.01602	0.01534	0.02617	0.14674	0.62137	0.01579	0.02030	0.02008	0.01500	0.02121	0.01252	0.01680	0.01038	0.00609	0.00665	0.00203	0.00812	0.00598	0.00327	0.01015
22	0.01986	0.01455	0.01589	0.01364	0.01785	0.01622	0.01079	0.12337	0.51718	0.13410	0.02570	0.02352	0.01870	0.00885	0.00680	0.00221	0.00564	0.00726	0.00703	0.01084
23	0.01965	0.01633	0.01787	0.01500	0.01934	0.05910	0.05295	0.16295	0.45388	0.07237	0.02326	0.02199	0.01717	0.00851	0.00682	0.00218	0.00650	0.00707	0.00649	0.01056
24	0.06190	0.01213	0.01307	0.01177	0.01501	0.01326	0.00911	0.10725	0.33334	0.05293	0.09493	0.12844	0.09554	0.01161	0.00710	0.00227	0.00499	0.00977	0.00662	0.00896
25	0.01947	0.01579	0.01674	0.01422	0.01851	0.01799	0.01129	0.24490	0.49645	0.03255	0.02378	0.02222	0.01763	0.00877	0.00679	0.00219	0.00596	0.00710	0.00679	0.01087
26	0.00917	0.00697	0.00971	0.01057	0.01150	0.00673	0.03435	0.01170	0.05382	0.01816	0.03538	0.63656	0.04120	0.01953	0.00849	0.00271	0.00444	0.06692	0.00615	0.00595
27	0.01794	0.76823	0.03516	0.01148	0.01722	0.02655	0.01148	0.02009	0.01363	0.01579	0.00933	0.01076	0.00861	0.00574	0.00431	0.00144	0.00718	0.00359	0.00287	0.00861
28	0.01978	0.01550	0.01712	0.01345	0.01833	0.01621	0.01088	0.35252	0.13051	0.03237	0.01733	0.04911	0.01375	0.00806	0.00689	0.00184	0.03350	0.00627	0.00581	0.23078
29	0.01209	0.01100	0.01823	0.60760	0.03954	0.01360	0.01654	0.01609	0.01288	0.01676	0.01318	0.02010	0.01069	0.03931	0.12190	0.00372	0.01027	0.00628	0.00311	0.00711
30	0.01022	0.00777	0.01057	0.01024	0.01085	0.00904	0.00746	0.01161	0.01034	0.01467	0.01814	0.03170	0.01877	0.31680	0.39029	0.00828	0.09613	0.00802	0.00370	0.00541
31	0.00908	0.00684	0.00839	0.00800	0.00977	0.00615	0.00600	0.01185	0.01800	0.02456	0.54490	0.05398	0.23867	0.01459	0.00792	0.00215	0.00323	0.01268	0.00708	0.00615
32	0.01166	0.00583	0.00874	0.00874	0.00874	0.00583	0.00583	0.00874	0.00874	0.01166	0.01166	0.02040	0.01166	0.02331	0.02622	0.80478	0.00583	0.00583	0.00291	0.00291
33	0.01505	0.01408	0.02341	0.38941	0.35775	0.01564	0.01928	0.04837	0.01506	0.02044	0.01243	0.01722	0.00983	0.00643	0.00668	0.00211	0.00843	0.00597	0.00330	0.00909
34	0.24804	0.01452	0.01562	0.01233	0.01729	0.01528	0.01018	0.27039	0.02148	0.28351	0.01791	0.01705	0.01210	0.00763	0.00601	0.00205	0.00617	0.00562	0.00656	0.01025
35	0.00891	0.00663	0.00839	0.00962	0.01038	0.00644	0.00657	0.01166	0.07397	0.01813	0.03740	0.66726	0.06973	0.01981	0.00839	0.00267	0.00400	0.01787	0.00628	0.00591
36	0.01569	0.01544	0.02420	0.29361	0.43865	0.05763	0.01944	0.01972	0.01483	0.01989	0.01224	0.01680	0.00991	0.00630	0.00663	0.00206	0.00856	0.00588	0.00321	0.00932
37	0.09393	0.24689	0.41371	0.01714	0.06409	0.01877	0.01891	0.02072	0.01380	0.02056	0.01101	0.01298	0.00853	0.00615	0.00556	0.00191	0.00853	0.00448	0.00300	0.00931
38	0.00829	0.00590	0.00781	0.00922	0.00964	0.00553	0.00614	0.00947	0.01292	0.01728	0.05932	0.70418	0.04414	0.05363	0.00967	0.00287	0.00398	0.01843	0.00617	0.00542
39	0.08745	0.01787	0.01792	0.01423	0.01917	0.08529	0.01164	0.43877	0.02564	0.10854	0.01672	0.01854	0.01248	0.00810	0.00645	0.00198	0.00727	0.03549	0.00617	0.06025
40	0.09468	0.01439	0.01719	0.04438	0.06845	0.03235	0.03600	0.22286	0.08592	0.14269	0.08016	0.06578	0.01894	0.00888	0.00667	0.00208	0.00640	0.00734	0.00608	0.03875
41	0.00855	0.00622	0.00779	0.00885	0.00966	0.00575	0.00613	0.00974	0.01315	0.01703	0.04120	0.48513	0.18141	0.07981	0.01112	0.02947	0.00423	0.06346	0.00594	0.00535
42	0.01267	0.01193	0.02013	0.74806	0.04621	0.01491	0.01863	0.01714	0.01342	0.01714	0.01193	0.01789	0.00894	0.00671	0.00671	0.00224	0.00894	0.00596	0.00298	0.00745
43	0.06631	0.01640	0.02161	0.02737	0.37287	0.08770	0.01564	0.04854	0.04417	0.06184	0.03889	0.01731	0.01270	0.00705	0.00749	0.00198	0.06287	0.00582	0.00412	0.07934
44	0.01795	0.13062	0.12353	0.04338	0.09834	0.11667	0.14879	0.10781	0.03692	0.02223	0.01357	0.04542	0.01129	0.00735	0.00732	0.00204	0.04754	0.00622	0.00384	0.00916

[dist]
# distance from previous block
# <min> <max>
0	3

[block]
# block no. 2 follows, 32 sequences, length 17
# corresponding to MSA columns:
# 75-91
name=unknown_C
#
# <colnr> <probs for GDERKNQSTAVLIFYWHMCP>
#	G	D	E	R	K	N	Q	S	T	A	V	L	I	F	Y	W	H	M	C	P
0	0.00827	0.00592	0.00787	0.00928	0.00975	0.00552	0.00624	0.00959	0.01331	0.01786	0.08816	0.70653	0.04580	0.02047	0.00852	0.00268	0.00384	0.01855	0.00632	0.00552
1	0.02026	0.18169	0.02393	0.03590	0.09400	0.27821	0.05956	0.09317	0.07011	0.02085	0.01550	0.01695	0.04719	0.00728	0.00611	0.00184	0.00904	0.00556	0.00403	0.00881
2	0.01705	0.01625	0.07948	0.08347	0.14682	0.01456	0.25195	0.07171	0.01740	0.10510	0.10930	0.02222	0.01798	0.00742	0.00726	0.00214	0.00841	0.00749	0.00466	0.00934
3	0.01558	0.02939	0.50497	0.01918	0.02737	0.04754	0.09016	0.04349	0.05012	0.05507	0.01355	0.01551	0.00976	0.00685	0.00728	0.00216	0.04322	0.00552	0.00350	0.00977
4	0.01901	0.01736	0.01604	0.01396	0.01783	0.13310	0.01091	0.16891	0.38417	0.02850	0.05928	0.02458	0.05816	0.00921	0.00679	0.00212	0.00662	0.00734	0.00625	0.00983
5	0.00893	0.00655	0.00836	0.00955	0.01022	0.00637	0.00647	0.01145	0.06527	0.01811	0.05927	0.64859	0.04237	0.05246	0.00953	0.00284	0.00409	0.01756	0.00622	0.00581
6	0.02230	0.01538	0.01689	0.01351	0.01802	0.01653	0.01095	0.45412	0.07313	0.11180	0.02400	0.07768	0.07346	0.00986	0.00691	0.00210	0.00635	0.00788	0.02885	0.01029
7	0.01663	0.00913	0.01079	0.00938	0.01251	0.00836	0.00722	0.02030	0.08898	0.25884	0.07011	0.04334	0.30185	0.09955	0.01045	0.00269	0.00473	0.01037	0.00679	0.00797
8	0.00986	0.00715	0.00885	0.00962	0.01079	0.00696	0.00674	0.01331	0.09435	0.03964	0.08350	0.54122	0.10560	0.01841	0.00821	0.00257	0.00401	0.01647	0.00643	0.00630
9	0.00919	0.00681	0.00819	0.00784	0.00963	0.00613	0.00588	0.01193	0.01765	0.02423	0.49128	0.05306	0.25371	0.01437	0.00775	0.00213	0.00323	0.01242	0.04844	0.00613
10	0.08985	0.10330	0.01968	0.01542	0.01915	0.41745	0.01215	0.07908	0.09653	0.02087	0.01245	0.01380	0.01009	0.00738	0.00686	0.00189	0.05681	0.00479	0.00406	0.00840
11	0.00921	0.00699	0.00856	0.00902	0.01034	0.00666	0.00643	0.01250	0.07233	0.02097	0.23517	0.38184	0.16028	0.01729	0.00813	0.00244	0.00372	0.01534	0.00661	0.00616
12	0.00844	0.00609	0.00799	0.00904	0.00976	0.00564	0.00620	0.01004	0.01423	0.01920	0.17988	0.58107	0.07886	0.01932	0.00840	0.00258	0.00372	0.01741	0.00647	0.00564
13	0.00959	0.00719	0.01078	0.01078	0.01198	0.00839	0.00839	0.01198	0.01078	0.01558	0.01797	0.02636	0.01677	0.05032	0.73760	0.01078	0.01797	0.00719	0.00359	0.00599
14	0.01391	0.01193	0.01391	0.00994	0.01590	0.00894	0.00795	0.01690	0.01391	0.02186	0.01193	0.01391	0.00994	0.00497	0.00497	0.00099	0.00497	0.00398	0.00398	0.80521
15	0.08292	0.66159	0.07524	0.01173	0.01759	0.02494	0.01194	0.02013	0.01348	0.01730	0.00949	0.01098	0.00849	0.00582	0.00442	0.00153	0.00718	0.00367	0.00297	0.00858
16	0.04605	0.27955	0.12884	0.01441	0.02015	0.07293	0.01378	0.22130	0.05797	0.04403	0.01322	0.01415	0.01025	0.00704	0.00615	0.00186	0.02929	0.00493	0.00444	0.00967

[dist]
# distance from previous block
# <min> <max>
0	2

[block]
# block no. 3 follows, 32 sequences, length 37
# corresponding to MSA columns:
# 94-130
name=unknown_D
#
# <colnr> <probs for GDERKNQSTAVLIFYWHMCP>
#	G	D	E	R	K	N	Q	S	T	A	V	L	I	F	Y	W	H	M	C	P
0	0.02551	0.01879	0.02014	0.01544	0.02081	0.02081	0.01275	0.69996	0.03155	0.04229	0.01611	0.01611	0.01141	0.00805	0.00671	0.00201	0.00738	0.00604	0.00671	0.01141
1	0.04533	0.05043	0.04303	0.01603	0.04406	0.03079	0.09476	0.23461	0.05171	0.16707	0.03936	0.02102	0.01491	0.00791	0.00665	0.00200	0.00716	0.03603	0.00582	0.08131
2	0.01030	0.05963	0.00986	0.00822	0.00883	0.00823	0.00534	0.01087	0.01021	0.01365	0.01976	0.03852	0.02196	0.58613	0.15552	0.00690	0.00856	0.00888	0.00390	0.00472
3	0.01661	0.01594	0.02724	0.04119	0.72233	0.01594	0.02059	0.02059	0.01528	0.02192	0.01262	0.01661	0.01063	0.00598	0.00664	0.00199	0.00797	0.00598	0.00332	0.01063
4	0.01391	0.03072	0.01738	0.02193	0.29274	0.04347	0.01255	0.03394	0.01690	0.04160	0.20819	0.03618	0.16165	0.01065	0.00722	0.00209	0.00587	0.02950	0.00524	0.00828
5	0.01626	0.03884	0.01600	0.01213	0.01678	0.10967	0.00972	0.08376	0.01571	0.02185	0.01246	0.01515	0.01051	0.01082	0.08394	0.00238	0.05959	0.00468	0.00402	0.45573
6	0.00818	0.00584	0.00779	0.00934	0.00973	0.00545	0.00623	0.00934	0.01285	0.01713	0.03698	0.75981	0.04438	0.02102	0.00856	0.00273	0.00389	0.01908	0.00623	0.00545
7	0.00818	0.00584	0.00779	0.00934	0.00973	0.00545	0.00623	0.00934	0.01285	0.01713	0.03698	0.75981	0.04438	0.02102	0.00856	0.00273	0.00389	0.01908	0.00623	0.00545
8	0.01617	0.01564	0.02698	0.10935	0.58336	0.01594	0.06719	0.02083	0.03898	0.02163	0.01312	0.01713	0.01077	0.00614	0.00674	0.00205	0.00821	0.00617	0.00341	0.01020
9	0.01487	0.00900	0.01177	0.01077	0.01304	0.00938	0.00829	0.03994	0.08807	0.15867	0.10249	0.05147	0.02459	0.11790	0.28440	0.00595	0.01009	0.02620	0.00559	0.00751
10	0.00835	0.00681	0.00737	0.00723	0.00932	0.00584	0.00542	0.01043	0.01627	0.02045	0.24035	0.06075	0.54578	0.01613	0.00793	0.00222	0.00334	0.01362	0.00654	0.00584
11	0.02370	0.02959	0.01905	0.01720	0.02031	0.63834	0.01307	0.02595	0.04026	0.01677	0.01075	0.01279	0.00904	0.00750	0.00776	0.00187	0.09013	0.00459	0.00351	0.00782
12	0.08731	0.15759	0.10351	0.05553	0.05410	0.07519	0.11577	0.11199	0.01659	0.02313	0.01179	0.01424	0.00935	0.00654	0.00673	0.00189	0.04657	0.00517	0.00377	0.09323
13	0.02199	0.02885	0.10210	0.01949	0.09091	0.50555	0.01485	0.02647	0.09119	0.01876	0.01258	0.01416	0.01008	0.00699	0.00623	0.00186	0.01072	0.00491	0.00373	0.00861
14	0.01504	0.01411	0.02229	0.06294	0.11406	0.01614	0.13322	0.08907	0.01537	0.02153	0.05285	0.07485	0.04060	0.01048	0.01230	0.00248	0.25285	0.03743	0.00419	0.00821
15	0.01579	0.01509	0.02543	0.07731	0.63586	0.01517	0.01941	0.01964	0.01518	0.02140	0.01644	0.02001	0.05987	0.00678	0.00674	0.00203	0.00771	0.00655	0.00351	0.01011
16	0.01978	0.01498	0.01603	0.01296	0.01741	0.01616	0.01043	0.35112	0.19682	0.03348	0.02145	0.02130	0.04565	0.00836	0.00638	0.00193	0.00594	0.00659	0.09892	0.09432
17	0.06113	0.10312	0.04411	0.05645	0.12342	0.05187	0.03192	0.26537	0.09680	0.05265	0.01603	0.03975	0.01258	0.00768	0.00636	0.00201	0.00742	0.00616	0.00514	0.01001
18	0.00950	0.00686	0.00897	0.00844	0.01002	0.00633	0.00633	0.01266	0.01899	0.02691	0.71879	0.05012	0.06331	0.01372	0.00791	0.00211	0.00317	0.01213	0.00739	0.00633
19	0.01554	0.02201	0.26664	0.01650	0.07040	0.05461	0.01561	0.05825	0.10069	0.02320	0.01404	0.01557	0.01078	0.00632	0.00596	0.00171	0.00749	0.00503	0.00400	0.28566
20	0.06302	0.30751	0.04519	0.01622	0.05165	0.29294	0.03905	0.02241	0.01546	0.01748	0.01007	0.01222	0.00872	0.00670	0.00664	0.00177	0.06712	0.00436	0.00321	0.00827
21	0.02886	0.01342	0.01681	0.01289	0.01812	0.01282	0.01064	0.21329	0.02255	0.54167	0.02367	0.02102	0.01520	0.00824	0.00674	0.00206	0.00616	0.00656	0.00787	0.01142
22	0.01713	0.23456	0.24064	0.01658	0.04889	0.03759	0.07167	0.08853	0.01687	0.06426	0.08739	0.01807	0.01532	0.00719	0.00613	0.00191	0.00802	0.00581	0.00412	0.00930
23	0.05849	0.04666	0.31605	0.02396	0.23315	0.04341	0.01951	0.07277	0.01628	0.08784	0.01356	0.01549	0.01004	0.00655	0.00633	0.00203	0.00852	0.00537	0.00386	0.01012
24	0.00949	0.00956	0.07416	0.00908	0.01121	0.00741	0.00731	0.01236	0.05617	0.01797	0.06506	0.20606	0.28666	0.18122	0.01365	0.00329	0.00490	0.01296	0.00552	0.00598
25	0.01324	0.01223	0.02013	0.71573	0.04509	0.01517	0.01837	0.04728	0.01422	0.01825	0.01211	0.01781	0.00905	0.00677	0.00671	0.00223	0.00888	0.00597	0.00315	0.00763
26	0.02228	0.08996	0.17151	0.01665	0.02276	0.14608	0.07761	0.17445	0.02003	0.17118	0.01554	0.01608	0.01102	0.00712	0.00643	0.00197	0.00876	0.00560	0.00499	0.00998
27	0.12167	0.01860	0.07870	0.06050	0.20373	0.05603	0.09259	0.21362	0.01960	0.05183	0.01356	0.01574	0.01021	0.00676	0.00644	0.00205	0.00818	0.00577	0.00452	0.00989
28	0.00951	0.00712	0.01063	0.01071	0.01187	0.00824	0.00828	0.01185	0.01089	0.01566	0.01895	0.06412	0.01820	0.04882	0.70007	0.01037	0.01725	0.00780	0.00373	0.00596
29	0.01391	0.01193	0.01391	0.00994	0.01590	0.00894	0.00795	0.01690	0.01391	0.02186	0.01193	0.01391	0.00994	0.00497	0.00497	0.00099	0.00497	0.00398	0.00398	0.80521
30	0.02836	0.01143	0.01516	0.01174	0.01673	0.01006	0.00966	0.06073	0.01948	0.64724	0.02890	0.02544	0.06530	0.00890	0.00683	0.00209	0.00562	0.00723	0.00809	0.01102
31	0.07904	0.10166	0.01901	0.01313	0.01811	0.01719	0.01099	0.30944	0.08514	0.21597	0.04979	0.01921	0.01528	0.00807	0.00633	0.00200	0.00639	0.00619	0.00655	0.01051
32	0.00959	0.00643	0.00737	0.00753	0.00757	0.00639	0.00429	0.00971	0.01008	0.01345	0.02282	0.11963	0.02651	0.68559	0.03145	0.00611	0.00623	0.01074	0.00429	0.00421
33	0.00959	0.00719	0.01078	0.01078	0.01198	0.00839	0.00839	0.01198	0.01078	0.01558	0.01797	0.02636	0.01677	0.05032	0.73760	0.01078	0.01797	0.00719	0.00359	0.00599
34	0.01634	0.02191	0.20049	0.02493	0.06446	0.01698	0.41275	0.09208	0.03884	0.02382	0.01386	0.01710	0.01025	0.00620	0.00733	0.00219	0.01022	0.00692	0.00371	0.00963
35	0.00881	0.00653	0.00821	0.00843	0.00976	0.00594	0.00608	0.01109	0.01641	0.02229	0.39011	0.27456	0.17388	0.01658	0.00812	0.00233	0.00343	0.01466	0.00682	0.00594
36	0.01527	0.01578	0.06591	0.01480	0.03903	0.10978	0.08323	0.02280	0.19788	0.05057	0.20959	0.03190	0.09455	0.01011	0.00719	0.00213	0.00653	0.00875	0.00577	0.00844

[dist]
# distance from previous block
# <min> <max>
1	7

[block]
# block no. 4 follows, 32 sequences, length 48
# corresponding to MSA columns:
# 138-185
name=unknown_E
#
# <colnr> <probs for GDERKNQSTAVLIFYWHMCP>
#	G	D	E	R	K	N	Q	S	T	A	V	L	I	F	Y	W	H	M	C	P
0	0.14756	0.12877	0.07883	0.01812	0.09939	0.11213	0.09912	0.07368	0.04474	0.07049	0.05498	0.01693	0.01328	0.00700	0.00605	0.00196	0.00794	0.00568	0.00435	0.00901
1	0.11695	0.01673	0.02197	0.02907	0.42264	0.07878	0.01609	0.05767	0.08634	0.02414	0.01364	0.01617	0.01103	0.00646	0.00620	0.00195	0.00751	0.00559	0.00401	0.05705
2	0.01784	0.01481	0.01773	0.09428	0.10044	0.01666	0.01271	0.18667	0.34924	0.02896	0.04369	0.02276	0.01756	0.03694	0.00783	0.00233	0.00646	0.00710	0.00591	0.01009
3	0.00836	0.00666	0.00749	0.00762	0.00941	0.00579	0.00559	0.01033	0.01580	0.02012	0.22288	0.17445	0.44814	0.01685	0.00803	0.00230	0.00342	0.01446	0.00651	0.00579
4	0.01596	0.32473	0.38741	0.01637	0.02428	0.01983	0.05883	0.02120	0.01423	0.04377	0.01156	0.01335	0.00893	0.00615	0.00566	0.00186	0.00876	0.00465	0.00307	0.00940
5	0.01019	0.00696	0.00914	0.00863	0.01027	0.00641	0.00646	0.01320	0.01859	0.05271	0.64710	0.09648	0.06028	0.01400	0.00791	0.00215	0.00331	0.01239	0.00734	0.00646
6	0.02531	0.01590	0.01796	0.01412	0.01916	0.01693	0.01155	0.39190	0.14549	0.23790	0.02105	0.01960	0.01449	0.00831	0.00674	0.00208	0.00654	0.00651	0.00719	0.01128
7	0.02525	0.01253	0.01574	0.01188	0.01729	0.01107	0.00974	0.11684	0.01945	0.45145	0.02129	0.01961	0.01417	0.00740	0.00628	0.00178	0.00574	0.00593	0.00696	0.21961
8	0.01304	0.05924	0.62290	0.01775	0.02645	0.01487	0.02222	0.01988	0.01400	0.02058	0.01471	0.09697	0.01249	0.00798	0.00654	0.00217	0.00914	0.00648	0.00321	0.00937
9	0.00852	0.00652	0.00781	0.00813	0.00959	0.00582	0.00585	0.01053	0.01575	0.02069	0.27139	0.27550	0.29534	0.01717	0.00812	0.00236	0.00348	0.01502	0.00661	0.00582
10	0.02506	0.03198	0.01901	0.01729	0.02074	0.73725	0.01296	0.02679	0.01901	0.01642	0.01037	0.01210	0.00864	0.00691	0.00605	0.00173	0.01210	0.00432	0.00346	0.00778
11	0.04911	0.01637	0.01752	0.01382	0.01856	0.01798	0.01130	0.50248	0.08941	0.07705	0.01814	0.01814	0.01305	0.00808	0.00641	0.00199	0.00655	0.00617	0.09728	0.01062
12	0.00976	0.00651	0.00732	0.00732	0.00732	0.00651	0.00407	0.00976	0.00976	0.01301	0.02114	0.04391	0.02439	0.76419	0.03415	0.00651	0.00651	0.00976	0.00407	0.00407
13	0.00904	0.00689	0.00823	0.00809	0.00983	0.00620	0.00611	0.01150	0.01689	0.02246	0.39241	0.05706	0.29911	0.05380	0.00937	0.00247	0.00366	0.06422	0.00670	0.00596
14	0.01442	0.01425	0.01986	0.01708	0.01708	0.01982	0.01413	0.01582	0.01025	0.01598	0.00945	0.01620	0.00962	0.05088	0.02265	0.00312	0.71314	0.00607	0.00299	0.00717
15	0.00832	0.00598	0.00809	0.00949	0.00996	0.00575	0.00645	0.00961	0.01264	0.01697	0.03505	0.68545	0.04158	0.02399	0.08248	0.00354	0.00532	0.01787	0.00596	0.00550
16	0.00830	0.00603	0.00778	0.00913	0.00974	0.00559	0.00621	0.00956	0.01309	0.01720	0.03953	0.63916	0.11194	0.04573	0.00939	0.00282	0.00402	0.04316	0.00615	0.00545
17	0.01047	0.00741	0.00948	0.00891	0.01067	0.00703	0.00669	0.01449	0.06139	0.04665	0.62228	0.08305	0.05838	0.01364	0.00785	0.00215	0.00341	0.01204	0.00732	0.00670
18	0.01520	0.01659	0.03455	0.02503	0.03107	0.01566	0.57703	0.03588	0.03380	0.02247	0.07792	0.02289	0.04353	0.00696	0.00786	0.00224	0.01004	0.00849	0.00402	0.00877
19	0.00949	0.00711	0.00942	0.06826	0.01319	0.00706	0.00749	0.04587	0.01435	0.01904	0.07436	0.58094	0.08091	0.01856	0.00825	0.00259	0.00440	0.01667	0.00606	0.00598
20	0.00967	0.00725	0.01035	0.01039	0.01127	0.00830	0.00777	0.01155	0.01082	0.01537	0.02001	0.10291	0.02041	0.15414	0.52795	0.00900	0.04452	0.00873	0.00391	0.00570
21	0.00818	0.00584	0.00779	0.00934	0.00973	0.00545	0.00623	0.00934	0.01285	0.01713	0.03698	0.75981	0.04438	0.02102	0.00856	0.00273	0.00389	0.01908	0.00623	0.00545
22	0.00866	0.00594	0.00798	0.00934	0.00973	0.00561	0.00631	0.00948	0.01247	0.01660	0.03404	0.63975	0.04043	0.04498	0.01107	0.07813	0.00425	0.04418	0.00585	0.00520
23	0.01767	0.72479	0.07627	0.01193	0.01792	0.02590	0.01227	0.02016	0.01367	0.01611	0.00949	0.01096	0.00860	0.00578	0.00443	0.00148	0.00734	0.00367	0.00287	0.00869
24	0.02486	0.02077	0.01937	0.01554	0.02041	0.15939	0.01253	0.49419	0.08338	0.05808	0.01623	0.01626	0.01177	0.00793	0.00659	0.00198	0.00808	0.00585	0.00614	0.01064
25	0.09537	0.10214	0.08034	0.02659	0.26615	0.05498	0.16899	0.05787	0.01564	0.02249	0.01202	0.01521	0.00968	0.00633	0.00699	0.00203	0.03848	0.00575	0.00351	0.00943
26	0.01594	0.01714	0.04878	0.15400	0.32945	0.04500	0.24929	0.02058	0.01527	0.02074	0.01272	0.01708	0.01006	0.00604	0.00705	0.00212	0.00948	0.00654	0.00328	0.00943
27	0.00873	0.00640	0.00792	0.00843	0.00939	0.00600	0.00580	0.01026	0.01387	0.01844	0.17179	0.33157	0.16903	0.14483	0.05306	0.00360	0.00488	0.01459	0.00595	0.00546
28	0.07809	0.16054	0.28823	0.01708	0.05098	0.03558	0.08437	0.04657	0.05076	0.02212	0.03833	0.01732	0.03619	0.00694	0.00606	0.00196	0.00817	0.00562	0.00371	0.04138
29	0.01808	0.05288	0.37760	0.01819	0.05299	0.01480	0.07714	0.04953	0.03757	0.17233	0.01579	0.01672	0.01102	0.00676	0.00647	0.00204	0.00846	0.00565	0.00440	0.05158
30	0.00818	0.00584	0.00779	0.00934	0.00973	0.00545	0.00623	0.00934	0.01285	0.01713	0.03698	0.75981	0.04438	0.02102	0.00856	0.00273	0.00389	0.01908	0.00623	0.00545
31	0.01694	0.17332	0.17228	0.01651	0.04408	0.13136	0.08355	0.07747	0.04350	0.02211	0.11215	0.02094	0.04194	0.00788	0.00638	0.00193	0.00824	0.00642	0.00424	0.00875
32	0.02004	0.01851	0.08946	0.03271	0.04244	0.08469	0.04862	0.21703	0.11571	0.10287	0.03734	0.02175	0.06340	0.00878	0.00798	0.00215	0.06437	0.00686	0.00554	0.00974
33	0.00976	0.00651	0.00732	0.00732	0.00732	0.00651	0.00407	0.00976	0.00976	0.01301	0.02114	0.04391	0.02439	0.76419	0.03415	0.00651	0.00651	0.00976	0.00407	0.00407
34	0.02506	0.03198	0.01901	0.01729	0.02074	0.73725	0.01296	0.02679	0.01901	0.01642	0.01037	0.01210	0.00864	0.00691	0.00605	0.00173	0.01210	0.00432	0.00346	0.00778
35	0.05639	0.01504	0.06892	0.12581	0.25925	0.03908	0.01528	0.03883	0.10030	0.04855	0.01896	0.14891	0.01743	0.00934	0.00685	0.00220	0.00710	0.00827	0.00451	0.00899
36	0.01686	0.01792	0.06242	0.03375	0.46310	0.05766	0.13057	0.03980	0.05184	0.02225	0.01403	0.03381	0.01163	0.00656	0.00686	0.00206	0.00861	0.00653	0.00365	0.01007
37	0.01014	0.03144	0.01030	0.00905	0.01106	0.00846	0.00700	0.01402	0.07514	0.02276	0.36064	0.04836	0.26093	0.01584	0.04470	0.00263	0.04299	0.01156	0.00641	0.00659
38	0.00923	0.00685	0.00860	0.00816	0.00986	0.00622	0.00612	0.01215	0.01837	0.02543	0.60930	0.05255	0.17372	0.01427	0.00792	0.00214	0.00320	0.01248	0.00719	0.00622
39	0.00840	0.00678	0.00776	0.00800	0.00964	0.00615	0.00586	0.01016	0.01491	0.01886	0.13838	0.22979	0.43730	0.01829	0.02731	0.00260	0.02312	0.01471	0.00622	0.00575
40	0.01391	0.01193	0.01391	0.00994	0.01590	0.00894	0.00795	0.01690	0.01391	0.02186	0.01193	0.01391	0.00994	0.00497	0.00497	0.00099	0.00497	0.00398	0.00398	0.80521
41	0.05856	0.01954	0.02448	0.05548	0.40920	0.18694	0.06872	0.02274	0.05161	0.02115	0.01272	0.01584	0.01040	0.00637	0.00648	0.00198	0.00896	0.00570	0.00357	0.00956
42	0.00862	0.00663	0.00788	0.00798	0.00959	0.00589	0.00583	0.01081	0.01631	0.02150	0.32682	0.19915	0.31585	0.01647	0.00805	0.00230	0.00340	0.01433	0.00670	0.00589
43	0.00818	0.00584	0.00779	0.00934	0.00973	0.00545	0.00623	0.00934	0.01285	0.01713	0.03698	0.75981	0.04438	0.02102	0.00856	0.00273	0.00389	0.01908	0.00623	0.00545
44	0.01862	0.05451	0.06207	0.02081	0.15118	0.06387	0.14005	0.04414	0.01602	0.15051	0.01635	0.01884	0.01241	0.01023	0.06075	0.00266	0.04625	0.00630	0.09526	0.00916
45	0.01085	0.00864	0.01243	0.05465	0.01399	0.00976	0.04365	0.01262	0.01142	0.01606	0.03844	0.05123	0.03741	0.28217	0.22120	0.00618	0.10127	0.02640	0.03589	0.00574
46	0.01039	0.00848	0.01121	0.01112	0.01244	0.04630	0.00863	0.01275	0.01121	0.01562	0.01758	0.02562	0.01635	0.04807	0.69955	0.01031	0.01767	0.00704	0.00359	0.00608
47	0.02420	0.06890	0.01962	0.01677	0.02037	0.65794	0.01275	0.02697	0.05967	0.01708	0.01132	0.01280	0.00934	0.00698	0.00601	0.00175	0.01144	0.00448	0.00363	0.00799

[dist]
# distance from previous block
# <min> <max>
0	14

[block]
# block no. 5 follows, 32 sequences, length 24
# corresponding to MSA columns:
# 200-223
name=unknown_F
#
# <colnr> <probs for GDERKNQSTAVLIFYWHMCP>
#	G	D	E	R	K	N	Q	S	T	A	V	L	I	F	Y	W	H	M	C	P
0	0.01635	0.02031	0.09501	0.07081	0.07944	0.17683	0.25169	0.02033	0.01546	0.01917	0.01533	0.10591	0.01392	0.00966	0.03214	0.00247	0.03546	0.00780	0.00365	0.00827
1	0.01353	0.01239	0.02013	0.69904	0.04451	0.01530	0.01824	0.06283	0.01463	0.01883	0.01221	0.01777	0.00911	0.00680	0.00671	0.00222	0.00884	0.00597	0.00323	0.00772
2	0.02073	0.01696	0.01691	0.01409	0.01815	0.07753	0.01110	0.35638	0.22920	0.03226	0.02029	0.05254	0.01642	0.07541	0.00919	0.00249	0.00694	0.00724	0.00622	0.00997
3	0.00860	0.00627	0.00816	0.00956	0.01012	0.00602	0.00645	0.01067	0.04800	0.01768	0.03649	0.72277	0.04317	0.02042	0.00848	0.00270	0.00396	0.01850	0.00626	0.00571
4	0.01897	0.66161	0.03282	0.01232	0.01773	0.12947	0.01170	0.02106	0.01441	0.01588	0.00948	0.01096	0.00862	0.00591	0.00456	0.00148	0.00789	0.00369	0.00296	0.00849
5	0.00824	0.00586	0.00777	0.00927	0.00964	0.00549	0.00615	0.00936	0.01273	0.01697	0.03638	0.73267	0.04362	0.04919	0.00953	0.00287	0.00399	0.01872	0.00615	0.00540
6	0.00812	0.00680	0.00706	0.00699	0.00918	0.00574	0.00525	0.00999	0.01574	0.01918	0.14590	0.06284	0.64103	0.01660	0.00793	0.00225	0.00337	0.01392	0.00637	0.00574
7	0.02463	0.03015	0.02017	0.01769	0.02148	0.63980	0.04810	0.08335	0.01991	0.01887	0.01102	0.01275	0.00896	0.00695	0.00620	0.00178	0.01166	0.00465	0.00373	0.00815
8	0.02913	0.01298	0.01654	0.01268	0.01791	0.01219	0.01048	0.17432	0.02182	0.58166	0.02427	0.02141	0.01551	0.00825	0.00674	0.00206	0.00606	0.00660	0.00797	0.01142
9	0.01661	0.01594	0.02724	0.04119	0.72233	0.01594	0.02059	0.02059	0.01528	0.02192	0.01262	0.01661	0.01063	0.00598	0.00664	0.00199	0.00797	0.00598	0.00332	0.01063
10	0.00815	0.00592	0.00770	0.00913	0.00968	0.00547	0.00613	0.00937	0.01305	0.01721	0.03957	0.70173	0.10079	0.02068	0.00851	0.00269	0.00385	0.01866	0.00623	0.00547
11	0.01166	0.00583	0.00874	0.00874	0.00874	0.00583	0.00583	0.00874	0.00874	0.01166	0.01166	0.02040	0.01166	0.02331	0.02622	0.80478	0.00583	0.00583	0.00291	0.00291
12	0.00976	0.00651	0.00732	0.00732	0.00732	0.00651	0.00407	0.00976	0.00976	0.01301	0.02114	0.04391	0.02439	0.76419	0.03415	0.00651	0.00651	0.00976	0.00407	0.00407
13	0.00989	0.00764	0.01137	0.01119	0.01232	0.00912	0.00876	0.01223	0.01075	0.01561	0.01742	0.02566	0.01630	0.04801	0.69466	0.01031	0.06201	0.00711	0.00356	0.00607
14	0.00907	0.00726	0.00786	0.00770	0.00981	0.00657	0.00577	0.01229	0.06246	0.02099	0.20655	0.08612	0.46890	0.01552	0.00774	0.00222	0.00348	0.01314	0.04039	0.00616
15	0.01561	0.01082	0.01176	0.01052	0.01318	0.06968	0.00817	0.05381	0.06385	0.13891	0.23446	0.03436	0.09180	0.01741	0.12575	0.00346	0.00711	0.00886	0.07277	0.00771
16	0.00990	0.00845	0.01213	0.27376	0.02291	0.00907	0.01066	0.01255	0.01398	0.01765	0.03735	0.23293	0.23725	0.01448	0.00776	0.00244	0.00572	0.05968	0.00506	0.00629
17	0.22924	0.01142	0.01214	0.01008	0.01402	0.01176	0.00818	0.10537	0.03473	0.25767	0.01954	0.01953	0.01379	0.00762	0.00552	0.00194	0.00508	0.00574	0.21770	0.00894
18	0.01591	0.21410	0.06001	0.10717	0.02207	0.11081	0.04289	0.01859	0.01317	0.01663	0.01114	0.01542	0.00987	0.01357	0.10817	0.00329	0.20105	0.00530	0.00309	0.00777
19	0.01360	0.03385	0.69740	0.02013	0.06066	0.01560	0.02460	0.02122	0.01422	0.02128	0.01207	0.01428	0.00860	0.00636	0.00639	0.00212	0.00983	0.00500	0.00286	0.00995
20	0.01551	0.01240	0.04818	0.11060	0.08071	0.01191	0.03758	0.08264	0.10037	0.11282	0.02877	0.18437	0.10401	0.01180	0.00736	0.00231	0.00619	0.02833	0.00568	0.00848
21	0.03248	0.05916	0.01310	0.09199	0.01613	0.00977	0.03456	0.01454	0.07240	0.02005	0.12926	0.35578	0.06703	0.01510	0.00769	0.00242	0.00507	0.04110	0.00570	0.00667
22	0.40350	0.07915	0.08656	0.04866	0.01796	0.05287	0.01091	0.09253	0.01517	0.06001	0.03020	0.03294	0.01098	0.00709	0.00524	0.00200	0.00654	0.00494	0.00442	0.02834
23	0.01721	0.07115	0.11245	0.13809	0.05779	0.17493	0.04329	0.05517	0.15585	0.02123	0.01799	0.05031	0.03964	0.00811	0.00655	0.00207	0.00847	0.00659	0.00430	0.00881

[dist]
# distance from previous block
# <min> <max>
1	9

[block]
# block no. 6 follows, 32 sequences, length 56
# corresponding to MSA columns:
# 233-288
name=unknown_G
#
# <colnr> <probs for GDERKNQSTAVLIFYWHMCP>
#	G	D	E	R	K	N	Q	S	T	A	V	L	I	F	Y	W	H	M	C	P
0	0.08256	0.01469	0.04759	0.06736	0.02015	0.06547	0.09180	0.09416	0.04250	0.18204	0.05792	0.02406	0.01703	0.13393	0.01121	0.00281	0.00735	0.00704	0.00534	0.02499
1	0.01995	0.36053	0.02611	0.01419	0.01865	0.29205	0.03573	0.04522	0.01653	0.01776	0.05093	0.01466	0.01226	0.00874	0.03873	0.00206	0.00945	0.00475	0.00353	0.00816
2	0.01574	0.01180	0.01283	0.01131	0.01432	0.06211	0.00875	0.06606	0.09773	0.12033	0.10034	0.14634	0.12372	0.01359	0.03716	0.00248	0.04592	0.00986	0.00602	0.09359
3	0.04436	0.07568	0.10721	0.01248	0.01729	0.01443	0.01137	0.16510	0.12941	0.11535	0.06948	0.02941	0.16042	0.00995	0.00673	0.00209	0.00602	0.00797	0.00598	0.00926
4	0.00959	0.00758	0.00878	0.00908	0.01074	0.00735	0.00656	0.01392	0.11981	0.02061	0.15126	0.32630	0.24959	0.01686	0.00801	0.00242	0.00384	0.01476	0.00650	0.00643
5	0.01282	0.01172	0.01918	0.66294	0.04243	0.01441	0.01745	0.04289	0.01407	0.01811	0.01402	0.07492	0.01177	0.00786	0.00685	0.00227	0.00850	0.00698	0.00338	0.00745
6	0.04407	0.01605	0.01671	0.01356	0.01787	0.07707	0.01091	0.34312	0.04699	0.18279	0.04256	0.02396	0.01671	0.07009	0.00900	0.00244	0.00702	0.04265	0.00649	0.00992
7	0.01575	0.06587	0.38391	0.01881	0.06609	0.01672	0.05776	0.09581	0.14068	0.02466	0.03886	0.01771	0.01302	0.00719	0.00654	0.00210	0.00841	0.00594	0.00418	0.01000
8	0.01081	0.00772	0.01081	0.01236	0.01390	0.00772	0.01081	0.01390	0.01545	0.02008	0.03553	0.07569	0.03862	0.01854	0.00927	0.00309	0.00618	0.67717	0.00618	0.00618
9	0.00962	0.00749	0.00900	0.00956	0.01152	0.00702	0.00784	0.01269	0.04248	0.02005	0.10527	0.06660	0.35044	0.01708	0.00845	0.00260	0.00463	0.29521	0.00633	0.00613
10	0.01602	0.01552	0.02709	0.08463	0.60255	0.01561	0.07212	0.02007	0.01512	0.02142	0.01345	0.04119	0.01159	0.00649	0.00681	0.00205	0.00816	0.00656	0.00340	0.01013
11	0.01213	0.00798	0.00941	0.00881	0.00973	0.00828	0.00579	0.07582	0.01238	0.04861	0.02044	0.03772	0.02168	0.55195	0.13577	0.00652	0.00827	0.00889	0.00444	0.00538
12	0.00843	0.00599	0.00793	0.00932	0.00978	0.00564	0.00630	0.00968	0.01299	0.01735	0.05990	0.66355	0.04362	0.06453	0.01008	0.00294	0.00412	0.04627	0.00614	0.00543
13	0.01567	0.01499	0.02554	0.20926	0.56157	0.01570	0.02013	0.01977	0.01484	0.02079	0.01246	0.01691	0.01023	0.00615	0.00666	0.00205	0.00820	0.00597	0.00324	0.00987
14	0.01436	0.01198	0.01284	0.01169	0.01487	0.01316	0.00902	0.06830	0.42579	0.02634	0.10613	0.07640	0.15757	0.01168	0.00724	0.00227	0.00478	0.00985	0.00673	0.00900
15	0.03010	0.01142	0.01557	0.01194	0.01713	0.00986	0.00986	0.03270	0.01920	0.72698	0.02647	0.02284	0.01661	0.00830	0.00675	0.00208	0.00571	0.00675	0.00830	0.01142
16	0.02203	0.01676	0.01795	0.01459	0.01931	0.01877	0.01178	0.40551	0.31035	0.05815	0.02105	0.01999	0.01531	0.00849	0.00676	0.00212	0.00648	0.00670	0.00681	0.01109
17	0.00818	0.00584	0.00779	0.00934	0.00973	0.00545	0.00623	0.00934	0.01285	0.01713	0.03698	0.75981	0.04438	0.02102	0.00856	0.00273	0.00389	0.01908	0.00623	0.00545
18	0.01634	0.01567	0.02675	0.08912	0.67648	0.01587	0.02046	0.02036	0.01515	0.02160	0.01257	0.01669	0.01051	0.00603	0.00665	0.00201	0.00804	0.00598	0.00330	0.01041
19	0.01403	0.01373	0.01931	0.01675	0.01690	0.01901	0.01388	0.01562	0.01034	0.01608	0.00997	0.01616	0.00982	0.01663	0.11264	0.00393	0.65896	0.00604	0.00302	0.00717
20	0.01866	0.69349	0.03352	0.01207	0.01758	0.09869	0.01163	0.02077	0.01418	0.01585	0.00943	0.01090	0.00861	0.00586	0.00448	0.00146	0.00768	0.00366	0.00293	0.00853
21	0.02473	0.03001	0.01919	0.01711	0.02064	0.63823	0.01301	0.09473	0.01997	0.01904	0.01090	0.01260	0.00893	0.00721	0.00670	0.00180	0.03876	0.00455	0.00377	0.00813
22	0.01346	0.03471	0.72942	0.01912	0.02904	0.01558	0.02479	0.02125	0.01417	0.02125	0.01204	0.01417	0.00850	0.00637	0.00637	0.00212	0.00992	0.00496	0.00283	0.00992
23	0.01704	0.01459	0.01537	0.01373	0.01758	0.01685	0.01071	0.06224	0.68305	0.02864	0.02686	0.02468	0.02012	0.00906	0.00682	0.00227	0.00539	0.00752	0.00682	0.01065
24	0.01526	0.01457	0.02481	0.28245	0.49157	0.01559	0.01992	0.01942	0.01464	0.02029	0.01238	0.01704	0.01005	0.00623	0.00667	0.00208	0.00830	0.00597	0.00321	0.00954
25	0.10972	0.01158	0.01499	0.01162	0.01671	0.01039	0.00960	0.03138	0.01841	0.65599	0.02473	0.02162	0.01566	0.00809	0.00648	0.00208	0.00566	0.00643	0.00788	0.01100
26	0.01163	0.00879	0.01131	0.01226	0.01422	0.00911	0.01045	0.01730	0.13185	0.02131	0.03600	0.06657	0.07439	0.01687	0.00878	0.00291	0.00587	0.52719	0.00629	0.00689
27	0.00818	0.00584	0.00779	0.00934	0.00973	0.00545	0.00623	0.00934	0.01285	0.01713	0.03698	0.75981	0.04438	0.02102	0.00856	0.00273	0.00389	0.01908	0.00623	0.00545
28	0.00798	0.00680	0.00687	0.00685	0.00909	0.00569	0.00514	0.00973	0.01541	0.01841	0.08894	0.06411	0.69847	0.01689	0.00793	0.00226	0.00339	0.01410	0.00627	0.00569
29	0.01953	0.01985	0.01637	0.01463	0.01830	0.24480	0.01126	0.07673	0.40554	0.02528	0.06059	0.02176	0.01855	0.00860	0.00664	0.00208	0.00748	0.00671	0.00578	0.00953
30	0.01068	0.00765	0.00939	0.00993	0.01094	0.00763	0.00686	0.10190	0.01500	0.02003	0.03239	0.57923	0.03770	0.10333	0.01121	0.00306	0.00466	0.01628	0.00605	0.00609
31	0.00800	0.00670	0.00696	0.00710	0.00916	0.00566	0.00525	0.00969	0.01515	0.01827	0.08313	0.13474	0.63261	0.01731	0.00799	0.00231	0.00344	0.01460	0.00626	0.00566
32	0.00831	0.00602	0.00790	0.00935	0.00993	0.00560	0.00642	0.00963	0.01317	0.01737	0.03900	0.67219	0.08992	0.02060	0.00856	0.00272	0.00399	0.05759	0.00623	0.00551
33	0.01267	0.01193	0.02013	0.74806	0.04621	0.01491	0.01863	0.01714	0.01342	0.01714	0.01193	0.01789	0.00894	0.00671	0.00671	0.00224	0.00894	0.00596	0.00298	0.00745
34	0.02198	0.16914	0.04608	0.01556	0.02010	0.25553	0.03624	0.24077	0.02094	0.02480	0.01260	0.01496	0.01030	0.04164	0.00796	0.00206	0.04073	0.00519	0.00437	0.00904
35	0.00975	0.00664	0.00814	0.00821	0.00857	0.00691	0.00523	0.01050	0.01029	0.01424	0.02103	0.06758	0.02307	0.53241	0.20379	0.00722	0.00908	0.00937	0.03329	0.00467
36	0.00816	0.00589	0.00773	0.00920	0.00969	0.00546	0.00616	0.00936	0.01299	0.01719	0.03875	0.72019	0.08286	0.02079	0.00853	0.00270	0.00386	0.01879	0.00623	0.00546
37	0.02286	0.01806	0.02133	0.07397	0.05046	0.17701	0.12668	0.11610	0.01930	0.23467	0.01824	0.06010	0.01380	0.00803	0.00688	0.00207	0.00854	0.00691	0.00546	0.00953
38	0.08306	0.08678	0.01722	0.03875	0.01799	0.10102	0.01068	0.14544	0.16747	0.12852	0.02082	0.11730	0.01753	0.00951	0.00648	0.00210	0.00665	0.00759	0.00582	0.00928
39	0.81159	0.01298	0.00986	0.00882	0.01298	0.01505	0.00727	0.01972	0.01142	0.03010	0.00934	0.01090	0.00727	0.00623	0.00415	0.00208	0.00519	0.00363	0.00415	0.00727
40	0.01531	0.14363	0.57426	0.01746	0.02642	0.01683	0.02173	0.02189	0.01444	0.07036	0.01265	0.01427	0.00909	0.00642	0.00609	0.00202	0.00921	0.00488	0.00323	0.00983
41	0.00889	0.00683	0.00813	0.00780	0.00965	0.00607	0.00585	0.01149	0.01756	0.02351	0.46663	0.05572	0.31759	0.01499	0.00792	0.00217	0.00326	0.01292	0.00694	0.00607
42	0.01584	0.21068	0.45306	0.01672	0.02473	0.06196	0.01963	0.04560	0.05460	0.02075	0.01229	0.01390	0.00932	0.00647	0.00589	0.00194	0.00903	0.00477	0.00324	0.00956
43	0.02029	0.01332	0.01531	0.01290	0.01669	0.01421	0.01024	0.23724	0.17310	0.17598	0.02678	0.14719	0.05805	0.01113	0.00766	0.00225	0.03189	0.00915	0.00683	0.00978
44	0.03010	0.01142	0.01557	0.01194	0.01713	0.00986	0.00986	0.03270	0.01920	0.72698	0.02647	0.02284	0.01661	0.00830	0.00675	0.00208	0.00571	0.00675	0.00830	0.01142
45	0.02730	0.06033	0.01881	0.01349	0.01879	0.01579	0.01126	0.33226	0.02442	0.37596	0.02077	0.01908	0.01379	0.00804	0.00658	0.00201	0.00655	0.00624	0.00726	0.01125
46	0.01819	0.74276	0.03460	0.01168	0.01734	0.05113	0.01153	0.02032	0.01382	0.01581	0.00936	0.01081	0.00861	0.00578	0.00437	0.00145	0.00735	0.00361	0.00289	0.00858
47	0.00976	0.00651	0.00732	0.00732	0.00732	0.00651	0.00407	0.00976	0.00976	0.01301	0.02114	0.04391	0.02439	0.76419	0.03415	0.00651	0.00651	0.00976	0.00407	0.00407
48	0.00904	0.00692	0.00833	0.00822	0.01005	0.00622	0.00632	0.01164	0.01723	0.02289	0.40280	0.05819	0.30952	0.01545	0.00806	0.00227	0.00356	0.08041	0.00683	0.00606
49	0.04986	0.01882	0.01881	0.05906	0.02143	0.11809	0.01247	0.42329	0.05524	0.13081	0.01675	0.01680	0.01185	0.00784	0.00655	0.00201	0.00774	0.00588	0.00618	0.01050
50	0.01661	0.01594	0.02724	0.04119	0.72233	0.01594	0.02059	0.02059	0.01528	0.02192	0.01262	0.01661	0.01063	0.00598	0.00664	0.00199	0.00797	0.00598	0.00332	0.01063
51	0.00910	0.00673	0.00850	0.00830	0.00984	0.00613	0.00613	0.01181	0.01771	0.02443	0.53991	0.13637	0.16001	0.01508	0.00799	0.00221	0.00329	0.01326	0.00707	0.00613
52	0.01412	0.14377	0.62619	0.01799	0.02728	0.01721	0.02281	0.02108	0.01409	0.02044	0.01164	0.01366	0.00852	0.00628	0.00607	0.00202	0.00951	0.00475	0.00284	0.00972
53	0.00993	0.00681	0.00790	0.00772	0.00809	0.00677	0.00460	0.01027	0.01003	0.01362	0.02046	0.04110	0.02311	0.67088	0.09075	0.00661	0.00738	0.00928	0.00402	0.04066
54	0.01382	0.01180	0.01371	0.01013	0.01571	0.00924	0.00803	0.01766	0.05497	0.02202	0.01397	0.04849	0.01213	0.00594	0.00524	0.00115	0.00494	0.00488	0.00425	0.72193
55	0.10960	0.01657	0.01642	0.01373	0.01759	0.08991	0.01102	0.21957	0.17265	0.05299	0.01854	0.01904	0.03859	0.00855	0.00808	0.00210	0.09489	0.00612	0.02762	0.05642

[dist]
# distance from previous block
# <min> <max>
0	1

[block]
# block no. 7 follows, 32 sequences, length 228
# corresponding to MSA columns:
# 290-517
name=unknown_H
#
# <colnr> <probs for GDERKNQSTAVLIFYWHMCP>
#	G	D	E	R	K	N	Q	S	T	A	V	L	I	F	Y	W	H	M	C	P
