[name]
unknown

[dist]
# distance from previous block
# <min> <max>
2	48

[block]
# block no. 0 follows, 34 sequences, length 82
# corresponding to MSA columns:
# 51-132
name=unknown_A
#
# <colnr> <probs for GDERKNQSTAVLIFYWHMCP>
#	G	D	E	R	K	N	Q	S	T	A	V	L	I	F	Y	W	H	M	C	P
0	0.17442	0.01580	0.05332	0.06796	0.05417	0.04807	0.01167	0.21984	0.09732	0.10426	0.04109	0.01713	0.01297	0.00728	0.00591	0.00195	0.00651	0.00558	0.00530	0.04944
1	0.01344	0.01275	0.02161	0.52344	0.26880	0.01468	0.01856	0.01759	0.01350	0.01801	0.01170	0.01682	0.00914	0.00623	0.00644	0.00208	0.00831	0.00575	0.00298	0.00817
2	0.13625	0.01497	0.01463	0.01284	0.01672	0.04896	0.01011	0.11762	0.49686	0.02856	0.02164	0.02045	0.01622	0.00813	0.00615	0.00211	0.00564	0.00641	0.00603	0.00972
3	0.00923	0.00692	0.01038	0.01038	0.01154	0.00808	0.00808	0.01154	0.01038	0.01500	0.01731	0.02538	0.01615	0.04846	0.74732	0.01038	0.01731	0.00692	0.00346	0.00577
4	0.01655	0.01885	0.02857	0.08876	0.05038	0.16863	0.37021	0.02080	0.03149	0.01879	0.01272	0.03729	0.01043	0.00692	0.00855	0.00214	0.09068	0.00676	0.00335	0.00813
5	0.01666	0.66522	0.12135	0.01212	0.01801	0.02411	0.01273	0.01939	0.01311	0.01587	0.00930	0.01087	0.00828	0.00575	0.00482	0.00150	0.02607	0.00367	0.00276	0.00842
6	0.02899	0.01100	0.01499	0.01150	0.01649	0.00950	0.00950	0.03149	0.01849	0.73709	0.02549	0.02199	0.01599	0.00800	0.00650	0.00200	0.00550	0.00650	0.00800	0.01100
7	0.00839	0.00650	0.00764	0.00750	0.00923	0.00575	0.00557	0.01068	0.01629	0.02151	0.38708	0.10873	0.35166	0.01512	0.00767	0.00214	0.00320	0.01304	0.00654	0.00575
8	0.07865	0.01808	0.08095	0.05946	0.04681	0.12407	0.06001	0.10900	0.16038	0.17101	0.01758	0.01773	0.01260	0.00727	0.00627	0.00200	0.00748	0.00587	0.00528	0.00949
9	0.02412	0.01148	0.01543	0.01370	0.07150	0.01118	0.01026	0.07743	0.01768	0.47285	0.02165	0.02063	0.01459	0.00803	0.00751	0.00200	0.07134	0.00625	0.11242	0.00994
10	0.00787	0.00562	0.00750	0.00900	0.00937	0.00525	0.00600	0.00900	0.01237	0.01649	0.03561	0.76871	0.04274	0.02024	0.00825	0.00262	0.00375	0.01837	0.00600	0.00525
11	0.02414	0.03079	0.01831	0.01665	0.01998	0.74698	0.01248	0.02580	0.01831	0.01581	0.00999	0.01165	0.00832	0.00666	0.00583	0.00166	0.01165	0.00416	0.00333	0.00749
12	0.12790	0.01665	0.01737	0.01371	0.01847	0.01854	0.01123	0.55130	0.07274	0.03744	0.01606	0.04127	0.01213	0.00802	0.00621	0.00199	0.00659	0.00604	0.00613	0.01022
13	0.00787	0.00562	0.00750	0.00900	0.00937	0.00525	0.00600	0.00900	0.01237	0.01649	0.03561	0.76871	0.04274	0.02024	0.00825	0.00262	0.00375	0.01837	0.00600	0.00525
14	0.01525	0.01743	0.03813	0.02723	0.03377	0.01634	0.70915	0.02070	0.01525	0.02070	0.01307	0.01743	0.00980	0.00545	0.00763	0.00218	0.01089	0.00763	0.00327	0.00871
15	0.02394	0.01779	0.01904	0.01474	0.01980	0.01975	0.01213	0.66139	0.08107	0.03972	0.01630	0.01614	0.01163	0.00783	0.00647	0.00196	0.00696	0.00593	0.00647	0.01093
16	0.02270	0.02868	0.01728	0.01577	0.01899	0.68233	0.01182	0.02436	0.01800	0.01596	0.01482	0.01606	0.07125	0.00750	0.00598	0.00171	0.01092	0.00499	0.00356	0.00731
17	0.01066	0.00770	0.01095	0.01067	0.01221	0.00883	0.00832	0.01436	0.07268	0.04641	0.01844	0.02513	0.01646	0.04330	0.65158	0.00932	0.01575	0.00694	0.00392	0.00638
18	0.02899	0.01100	0.01499	0.01150	0.01649	0.00950	0.00950	0.03149	0.01849	0.73709	0.02549	0.02199	0.01599	0.00800	0.00650	0.00200	0.00550	0.00650	0.00800	0.01100
19	0.02377	0.02774	0.01792	0.01601	0.01956	0.61025	0.01215	0.06716	0.07386	0.05418	0.01236	0.01337	0.00975	0.00695	0.00596	0.00174	0.01057	0.00462	0.00400	0.00809
20	0.00788	0.00656	0.00688	0.00680	0.00888	0.00556	0.00510	0.00974	0.01530	0.01881	0.17152	0.05996	0.62309	0.01586	0.00763	0.00216	0.00324	0.01332	0.00618	0.00556
21	0.01084	0.00811	0.01134	0.01296	0.04930	0.00784	0.01046	0.01378	0.01463	0.01946	0.03119	0.09411	0.03367	0.01621	0.00841	0.00273	0.00584	0.56704	0.00563	0.07645
22	0.02726	0.01061	0.01444	0.01120	0.01590	0.00920	0.00920	0.02981	0.01848	0.67508	0.08685	0.02428	0.01992	0.00845	0.00660	0.00200	0.00528	0.00695	0.00792	0.01057
23	0.00963	0.00713	0.00791	0.00751	0.00976	0.00630	0.00570	0.01237	0.04553	0.06241	0.22726	0.05474	0.49090	0.01476	0.00752	0.00213	0.00343	0.01246	0.00642	0.00614
24	0.01273	0.01189	0.01931	0.65665	0.07645	0.01455	0.01737	0.01823	0.07475	0.01766	0.01281	0.01776	0.00966	0.00663	0.00647	0.00214	0.00826	0.00588	0.00321	0.00760
25	0.01869	0.05883	0.22099	0.01840	0.04424	0.07820	0.18017	0.02411	0.05728	0.19213	0.01645	0.03441	0.01200	0.00691	0.00653	0.00202	0.00850	0.00624	0.00449	0.00942
26	0.02302	0.01704	0.01831	0.01442	0.01929	0.01893	0.01179	0.55612	0.16678	0.05945	0.01796	0.01741	0.01287	0.00796	0.00649	0.00199	0.00667	0.00613	0.00653	0.01084
27	0.74836	0.01241	0.00984	0.00859	0.01274	0.01398	0.00705	0.01876	0.01121	0.02830	0.00921	0.01075	0.00722	0.00589	0.00407	0.00191	0.00498	0.00353	0.00398	0.07723
28	0.08605	0.36753	0.11496	0.01354	0.05923	0.11216	0.01217	0.01890	0.01399	0.01781	0.01755	0.01855	0.10945	0.00732	0.00522	0.00170	0.00722	0.00528	0.00342	0.00795
29	0.01274	0.01162	0.01874	0.59840	0.07395	0.01413	0.01665	0.04199	0.04318	0.01792	0.01279	0.01810	0.00990	0.01023	0.07106	0.00285	0.00912	0.00591	0.00322	0.00747
30	0.01544	0.01499	0.02364	0.10453	0.56806	0.05099	0.01808	0.01914	0.01503	0.02082	0.07450	0.01871	0.01441	0.00652	0.00648	0.00194	0.00756	0.00619	0.00351	0.00944
31	0.02414	0.03079	0.01831	0.01665	0.01998	0.74698	0.01248	0.02580	0.01831	0.01581	0.00999	0.01165	0.00832	0.00666	0.00583	0.00166	0.01165	0.00416	0.00333	0.00749
32	0.01342	0.03482	0.10627	0.05810	0.14155	0.01340	0.23317	0.01849	0.04729	0.02056	0.06221	0.03053	0.06425	0.00895	0.00727	0.00222	0.00798	0.11713	0.00415	0.00823
33	0.01176	0.01101	0.05409	0.01270	0.01482	0.07237	0.01139	0.01489	0.01510	0.01910	0.03077	0.06405	0.03296	0.01618	0.00849	0.00281	0.00666	0.58905	0.00553	0.00630
34	0.02441	0.02376	0.01754	0.01512	0.01906	0.43828	0.01170	0.13013	0.08050	0.15464	0.01510	0.01522	0.01113	0.00725	0.00611	0.00181	0.00927	0.00511	0.00495	0.00890
35	0.00783	0.00618	0.00709	0.00779	0.00917	0.00543	0.00557	0.00929	0.01371	0.01710	0.05144	0.36897	0.40816	0.01810	0.00795	0.00240	0.00357	0.03887	0.00600	0.00538
36	0.01027	0.00651	0.00933	0.07410	0.01230	0.00664	0.00704	0.02804	0.01147	0.01532	0.06292	0.30435	0.02584	0.01929	0.01565	0.36617	0.00506	0.01081	0.00437	0.00452
37	0.01318	0.07055	0.70421	0.01805	0.02740	0.01553	0.02323	0.02041	0.01362	0.02020	0.01146	0.01348	0.00819	0.00611	0.00604	0.00201	0.00942	0.00471	0.00273	0.00949
38	0.01041	0.00744	0.01041	0.01190	0.01339	0.00744	0.01041	0.01339	0.01487	0.01934	0.03421	0.07288	0.03719	0.01785	0.00892	0.00297	0.00595	0.68913	0.00595	0.00595
39	0.01429	0.01640	0.08071	0.10708	0.15114	0.01552	0.33439	0.01884	0.01422	0.01983	0.04778	0.01825	0.01218	0.00780	0.02758	0.00240	0.09293	0.00685	0.00332	0.00848
40	0.01311	0.03073	0.63583	0.06276	0.02945	0.01508	0.08328	0.02025	0.01374	0.02025	0.01172	0.01418	0.00835	0.00610	0.00629	0.00206	0.00961	0.00508	0.00278	0.00934
41	0.01122	0.00561	0.00842	0.00842	0.00842	0.00561	0.00561	0.00842	0.00842	0.01122	0.01122	0.01964	0.01122	0.02245	0.02525	0.81201	0.00561	0.00561	0.00281	0.00281
42	0.02190	0.01601	0.01732	0.01361	0.01830	0.01744	0.01110	0.51318	0.11072	0.05815	0.04717	0.01841	0.01447	0.00796	0.00635	0.00191	0.00635	0.00617	0.04298	0.05049
43	0.01265	0.01194	0.02019	0.67258	0.12582	0.01447	0.01817	0.01690	0.01313	0.01705	0.01156	0.01708	0.00880	0.00638	0.00645	0.00213	0.00850	0.00574	0.00291	0.00754
44	0.01245	0.01375	0.08327	0.64990	0.04243	0.01453	0.05922	0.01710	0.01312	0.01710	0.01159	0.01693	0.00865	0.00637	0.00650	0.00215	0.00883	0.00577	0.00288	0.00748
45	0.00777	0.00640	0.00683	0.00703	0.00889	0.00546	0.00516	0.00942	0.01459	0.01785	0.10388	0.17229	0.57855	0.01677	0.00773	0.00224	0.00333	0.01425	0.00607	0.00546
46	0.81856	0.01250	0.00950	0.00850	0.01250	0.01449	0.00700	0.01899	0.01100	0.02899	0.00900	0.01050	0.00700	0.00600	0.00400	0.00200	0.00500	0.00350	0.00400	0.00700
47	0.00923	0.00692	0.01038	0.01038	0.01154	0.00808	0.00808	0.01154	0.01038	0.01500	0.01731	0.02538	0.01615	0.04846	0.74732	0.01038	0.01731	0.00692	0.00346	0.00577
48	0.08017	0.08219	0.05272	0.03266	0.05519	0.16717	0.01276	0.35060	0.04107	0.04523	0.01345	0.01429	0.01006	0.00705	0.00595	0.00186	0.00795	0.00512	0.00497	0.00956
49	0.01322	0.00955	0.01126	0.00966	0.01282	0.00905	0.00750	0.03421	0.15451	0.08772	0.31399	0.03556	0.10765	0.01055	0.00678	0.00188	0.00410	0.00901	0.00636	0.15462
50	0.09902	0.01748	0.06046	0.03255	0.04175	0.01798	0.01245	0.49773	0.04527	0.07078	0.01538	0.01574	0.01098	0.00744	0.00617	0.00196	0.00688	0.00561	0.02409	0.01027
51	0.01884	0.50595	0.11279	0.01264	0.01850	0.03894	0.01266	0.12161	0.01622	0.07197	0.01147	0.01238	0.00923	0.00613	0.00493	0.00159	0.00726	0.00419	0.00369	0.00901
52	0.00910	0.00627	0.00748	0.00768	0.00796	0.00631	0.00473	0.00959	0.01014	0.01356	0.02394	0.13848	0.05491	0.55487	0.11271	0.00609	0.00710	0.01049	0.00423	0.00438
53	0.02197	0.26716	0.02328	0.01482	0.01890	0.49576	0.01202	0.04475	0.01704	0.01638	0.00984	0.01136	0.00839	0.00633	0.00531	0.00158	0.01001	0.00399	0.00325	0.00785
54	0.01546	0.06022	0.02632	0.19031	0.43404	0.04219	0.09997	0.01940	0.01443	0.01953	0.01185	0.01594	0.00965	0.00589	0.00640	0.00196	0.00836	0.00578	0.00312	0.00918
55	0.00787	0.00562	0.00750	0.00900	0.00937	0.00525	0.00600	0.00900	0.01237	0.01649	0.03561	0.76871	0.04274	0.02024	0.00825	0.00262	0.00375	0.01837	0.00600	0.00525
56	0.02414	0.03079	0.01831	0.01665	0.01998	0.74698	0.01248	0.02580	0.01831	0.01581	0.00999	0.01165	0.00832	0.00666	0.00583	0.00166	0.01165	0.00416	0.00333	0.00749
57	0.00931	0.00682	0.00794	0.00769	0.00970	0.00600	0.00590	0.01160	0.01625	0.05228	0.31251	0.05582	0.40346	0.01490	0.00766	0.00217	0.00345	0.05407	0.00650	0.00597
58	0.00833	0.00657	0.00751	0.00727	0.00915	0.00575	0.00546	0.01062	0.01637	0.02135	0.37115	0.05577	0.42188	0.01491	0.00763	0.00211	0.00317	0.01274	0.00651	0.00575
59	0.01414	0.01414	0.01979	0.01696	0.01696	0.01979	0.01414	0.01555	0.00990	0.01555	0.00848	0.01414	0.00848	0.01131	0.02120	0.00283	0.76110	0.00565	0.00283	0.00707
60	0.00777	0.00655	0.00673	0.00668	0.00881	0.00551	0.00501	0.00953	0.01504	0.01819	0.12333	0.06097	0.67166	0.01609	0.00764	0.00217	0.00325	0.01347	0.00610	0.00551
61	0.01607	0.01388	0.01461	0.01315	0.01680	0.01607	0.01023	0.03433	0.72094	0.02703	0.02630	0.02411	0.01972	0.00877	0.00657	0.00219	0.00511	0.00731	0.00657	0.01023
62	0.81856	0.01250	0.00950	0.00850	0.01250	0.01449	0.00700	0.01899	0.01100	0.02899	0.00900	0.01050	0.00700	0.00600	0.00400	0.00200	0.00500	0.00350	0.00400	0.00700
63	0.01607	0.01388	0.01461	0.01315	0.01680	0.01607	0.01023	0.03433	0.72094	0.02703	0.02630	0.02411	0.01972	0.00877	0.00657	0.00219	0.00511	0.00731	0.00657	0.01023
64	0.01599	0.01535	0.02623	0.03966	0.73262	0.01535	0.01983	0.01983	0.01471	0.02111	0.01215	0.01599	0.01023	0.00576	0.00640	0.00192	0.00768	0.00576	0.00320	0.01023
65	0.81856	0.01250	0.00950	0.00850	0.01250	0.01449	0.00700	0.01899	0.01100	0.02899	0.00900	0.01050	0.00700	0.00600	0.00400	0.00200	0.00500	0.00350	0.00400	0.00700
66	0.01599	0.01535	0.02623	0.03966	0.73262	0.01535	0.01983	0.01983	0.01471	0.02111	0.01215	0.01599	0.01023	0.00576	0.00640	0.00192	0.00768	0.00576	0.00320	0.01023
67	0.81856	0.01250	0.00950	0.00850	0.01250	0.01449	0.00700	0.01899	0.01100	0.02899	0.00900	0.01050	0.00700	0.00600	0.00400	0.00200	0.00500	0.00350	0.00400	0.00700
68	0.02456	0.01810	0.01939	0.01487	0.02004	0.02004	0.01228	0.71107	0.03038	0.04072	0.01551	0.01551	0.01099	0.00776	0.00646	0.00194	0.00711	0.00582	0.00646	0.01099
69	0.01607	0.01388	0.01461	0.01315	0.01680	0.01607	0.01023	0.03433	0.72094	0.02703	0.02630	0.02411	0.01972	0.00877	0.00657	0.00219	0.00511	0.00731	0.00657	0.01023
70	0.02899	0.01100	0.01499	0.01150	0.01649	0.00950	0.00950	0.03149	0.01849	0.73709	0.02549	0.02199	0.01599	0.00800	0.00650	0.00200	0.00550	0.00650	0.00800	0.01100
71	0.02899	0.01100	0.01499	0.01150	0.01649	0.00950	0.00950	0.03149	0.01849	0.73709	0.02549	0.02199	0.01599	0.00800	0.00650	0.00200	0.00550	0.00650	0.00800	0.01100
72	0.00940	0.00626	0.00705	0.00705	0.00705	0.00626	0.00392	0.00940	0.00940	0.01253	0.02036	0.04228	0.02349	0.77292	0.03289	0.00626	0.00626	0.00940	0.00392	0.00392
73	0.01593	0.01281	0.01389	0.01243	0.01589	0.01446	0.00967	0.03142	0.59408	0.06670	0.11376	0.02700	0.02465	0.00928	0.00670	0.00216	0.00488	0.00781	0.00672	0.00976
74	0.02055	0.04522	0.02714	0.01963	0.02523	0.05406	0.29728	0.31105	0.03845	0.07371	0.01488	0.01653	0.01079	0.00672	0.00683	0.00201	0.00873	0.00647	0.00497	0.00977
75	0.13627	0.01731	0.01800	0.01397	0.01898	0.01926	0.01154	0.61370	0.02765	0.03907	0.01460	0.01481	0.01043	0.00751	0.00612	0.00195	0.00681	0.00549	0.00612	0.01043
76	0.00769	0.00648	0.00666	0.00675	0.00879	0.00546	0.00501	0.00932	0.01465	0.01759	0.07908	0.11007	0.66731	0.01655	0.00768	0.00221	0.00330	0.01391	0.00603	0.00546
77	0.00802	0.00572	0.00756	0.00887	0.00931	0.00534	0.00593	0.00924	0.01270	0.01704	0.08545	0.69147	0.04340	0.04556	0.00905	0.00271	0.00378	0.01758	0.00601	0.00526
78	0.22856	0.01618	0.01878	0.07801	0.02157	0.13647	0.15143	0.09487	0.01598	0.04386	0.01514	0.06368	0.01335	0.00816	0.00626	0.00211	0.00786	0.06563	0.00431	0.00779
79	0.01447	0.01904	0.14966	0.07878	0.07088	0.01552	0.47708	0.01997	0.01477	0.02031	0.01363	0.01926	0.01073	0.00622	0.00729	0.00218	0.01011	0.03814	0.00327	0.00870
80	0.00923	0.00692	0.01038	0.01038	0.01154	0.00808	0.00808	0.01154	0.01038	0.01500	0.01731	0.02538	0.01615	0.04846	0.74732	0.01038	0.01731	0.00692	0.00346	0.00577
81	0.05842	0.01627	0.06526	0.22949	0.33316	0.04936	0.05674	0.07631	0.01545	0.02158	0.01200	0.01574	0.00945	0.00617	0.00632	0.00200	0.00822	0.00561	0.00340	0.00903

[dist]
# distance from previous block
# <min> <max>
2	5

[block]
# block no. 1 follows, 34 sequences, length 46
# corresponding to MSA columns:
# 138-183
name=unknown_B
#
# <colnr> <probs for GDERKNQSTAVLIFYWHMCP>
#	G	D	E	R	K	N	Q	S	T	A	V	L	I	F	Y	W	H	M	C	P
0	0.01543	0.01505	0.02436	0.20266	0.54853	0.04283	0.01912	0.01930	0.01444	0.01986	0.01192	0.01611	0.00979	0.00595	0.00639	0.00196	0.00804	0.00569	0.00313	0.00943
1	0.00814	0.00657	0.00724	0.00707	0.00904	0.00567	0.00531	0.01025	0.01592	0.02028	0.28735	0.05753	0.50634	0.01531	0.00763	0.00213	0.00320	0.01298	0.00637	0.00567
2	0.81856	0.01250	0.00950	0.00850	0.01250	0.01449	0.00700	0.01899	0.01100	0.02899	0.00900	0.01050	0.00700	0.00600	0.00400	0.00200	0.00500	0.00350	0.00400	0.00700
3	0.00805	0.00575	0.00770	0.00920	0.00965	0.00540	0.00630	0.00930	0.01254	0.01669	0.03552	0.72093	0.04235	0.02008	0.00829	0.00265	0.00390	0.06442	0.00599	0.00530
4	0.00926	0.00680	0.00976	0.00976	0.01070	0.00774	0.00730	0.01114	0.01020	0.01454	0.01787	0.02852	0.01752	0.18306	0.61458	0.00962	0.01526	0.00738	0.00355	0.00542
5	0.01607	0.01388	0.01461	0.01315	0.01680	0.01607	0.01023	0.03433	0.72094	0.02703	0.02630	0.02411	0.01972	0.00877	0.00657	0.00219	0.00511	0.00731	0.00657	0.01023
6	0.02456	0.01810	0.01939	0.01487	0.02004	0.02004	0.01228	0.71107	0.03038	0.04072	0.01551	0.01551	0.01099	0.00776	0.00646	0.00194	0.00711	0.00582	0.00646	0.01099
7	0.01340	0.01148	0.01340	0.00957	0.01531	0.00861	0.00766	0.01627	0.01340	0.02105	0.01148	0.01340	0.00957	0.00479	0.00479	0.00096	0.00479	0.00383	0.00383	0.81242
8	0.01414	0.01414	0.01979	0.01696	0.01696	0.01979	0.01414	0.01555	0.00990	0.01555	0.00848	0.01414	0.00848	0.01131	0.02120	0.00283	0.76110	0.00565	0.00283	0.00707
9	0.00787	0.00562	0.00750	0.00900	0.00937	0.00525	0.00600	0.00900	0.01237	0.01649	0.03561	0.76871	0.04274	0.02024	0.00825	0.00262	0.00375	0.01837	0.00600	0.00525
10	0.01406	0.01338	0.02274	0.40557	0.38181	0.01484	0.01887	0.01814	0.01380	0.01876	0.01181	0.01662	0.00941	0.00612	0.00643	0.00204	0.00815	0.00575	0.00303	0.00868
11	0.02224	0.01717	0.01786	0.01426	0.01891	0.04180	0.01158	0.51455	0.18531	0.03631	0.01795	0.01760	0.01305	0.00794	0.00641	0.00197	0.00667	0.00611	0.03176	0.01055
12	0.00904	0.00660	0.00849	0.00802	0.00959	0.00605	0.00602	0.01199	0.01805	0.02533	0.68364	0.04922	0.10690	0.01343	0.00762	0.00204	0.00306	0.01182	0.00704	0.00605
13	0.01234	0.01157	0.01921	0.73065	0.04351	0.01442	0.01767	0.01715	0.03836	0.01689	0.01202	0.01747	0.00901	0.00654	0.00646	0.00215	0.00849	0.00580	0.00300	0.00729
14	0.01296	0.03342	0.73944	0.01842	0.02797	0.01501	0.02387	0.02046	0.01364	0.02046	0.01160	0.01364	0.00818	0.00614	0.00614	0.00205	0.00955	0.00477	0.00273	0.00955
15	0.01220	0.01148	0.01938	0.75739	0.04450	0.01436	0.01794	0.01651	0.01292	0.01651	0.01148	0.01723	0.00861	0.00646	0.00646	0.00215	0.00861	0.00574	0.00287	0.00718
16	0.00764	0.00655	0.00655	0.00655	0.00873	0.00545	0.00491	0.00927	0.01473	0.01745	0.06546	0.06218	0.73000	0.01636	0.00764	0.00218	0.00327	0.01364	0.00600	0.00545
17	0.01305	0.01168	0.02012	0.61382	0.04027	0.01384	0.07418	0.01728	0.01349	0.04802	0.01378	0.02127	0.01099	0.00722	0.00673	0.00221	0.00848	0.05285	0.00334	0.00738
18	0.00770	0.00649	0.00667	0.00675	0.00880	0.00546	0.00501	0.00934	0.01468	0.01764	0.08266	0.10712	0.66662	0.01652	0.00768	0.00221	0.00330	0.01388	0.00603	0.00546
19	0.04692	0.11460	0.01985	0.01572	0.01937	0.62186	0.01215	0.04512	0.01786	0.01687	0.01001	0.01159	0.00836	0.00654	0.00560	0.00165	0.01078	0.00411	0.00338	0.00767
20	0.72853	0.03297	0.01092	0.00922	0.01326	0.05485	0.00758	0.04252	0.01210	0.02832	0.00927	0.01072	0.00724	0.00608	0.00418	0.00196	0.00548	0.00361	0.00401	0.00719
21	0.01554	0.10907	0.37677	0.05241	0.15702	0.04223	0.01917	0.04345	0.03333	0.05668	0.01367	0.01555	0.02424	0.00646	0.00604	0.00194	0.00841	0.00520	0.00340	0.00941
22	0.01340	0.01148	0.01340	0.00957	0.01531	0.00861	0.00766	0.01627	0.01340	0.02105	0.01148	0.01340	0.00957	0.00479	0.00479	0.00096	0.00479	0.00383	0.00383	0.81242
23	0.00775	0.00649	0.00674	0.00680	0.00883	0.00548	0.00506	0.00944	0.01481	0.01794	0.10659	0.10605	0.64308	0.01641	0.00767	0.00220	0.00329	0.01381	0.00607	0.00548
24	0.04466	0.06201	0.01858	0.01363	0.01839	0.01881	0.01129	0.55186	0.06939	0.03666	0.01606	0.01630	0.01171	0.00762	0.00610	0.00189	0.00658	0.00572	0.07247	0.01026
25	0.01305	0.03277	0.71089	0.01878	0.02820	0.01506	0.05177	0.02047	0.01371	0.02047	0.01166	0.01380	0.00825	0.00611	0.00620	0.00205	0.00960	0.00489	0.00275	0.00952
26	0.01510	0.17640	0.47817	0.01738	0.06119	0.01670	0.01956	0.04088	0.01439	0.05905	0.01274	0.01561	0.00979	0.00654	0.00588	0.00193	0.00852	0.02757	0.00326	0.00934
27	0.01476	0.01407	0.02426	0.03438	0.58175	0.01394	0.06249	0.01830	0.01441	0.02041	0.01564	0.12596	0.01495	0.00785	0.00675	0.00204	0.00731	0.00772	0.00361	0.00941
28	0.00940	0.00626	0.00705	0.00705	0.00705	0.00626	0.00392	0.00940	0.00940	0.01253	0.02036	0.04228	0.02349	0.77292	0.03289	0.00626	0.00626	0.00940	0.00392	0.00392
29	0.02276	0.01424	0.01618	0.01314	0.01768	0.01518	0.01062	0.23860	0.28788	0.25731	0.02277	0.02083	0.01589	0.00822	0.00652	0.00205	0.00584	0.00660	0.00699	0.01070
30	0.01541	0.01498	0.04592	0.20114	0.49430	0.01498	0.05660	0.01951	0.01442	0.04277	0.01246	0.01647	0.00996	0.00598	0.00647	0.00199	0.00805	0.00585	0.00327	0.00946
31	0.06171	0.00721	0.00995	0.00989	0.01110	0.00829	0.00754	0.01178	0.01031	0.01563	0.01711	0.02631	0.01638	0.12659	0.61938	0.00938	0.01528	0.00698	0.00355	0.00564
32	0.00940	0.00626	0.00705	0.00705	0.00705	0.00626	0.00392	0.00940	0.00940	0.01253	0.02036	0.04228	0.02349	0.77292	0.03289	0.00626	0.00626	0.00940	0.00392	0.00392
33	0.00939	0.00631	0.00726	0.00726	0.00733	0.00638	0.00418	0.00953	0.00946	0.01268	0.02017	0.04121	0.02303	0.72701	0.07816	0.00653	0.00696	0.00924	0.00389	0.00403
34	0.01381	0.15418	0.58041	0.01776	0.02646	0.01682	0.06426	0.02029	0.01366	0.01962	0.01126	0.01334	0.00830	0.00600	0.00590	0.00195	0.00920	0.00474	0.00277	0.00929
35	0.00891	0.00656	0.00833	0.00797	0.00953	0.00598	0.00595	0.01171	0.01761	0.02449	0.61961	0.07930	0.14222	0.01388	0.00765	0.00207	0.00310	0.01220	0.00693	0.00598
36	0.01122	0.00561	0.00842	0.00842	0.00842	0.00561	0.00561	0.00842	0.00842	0.01122	0.01122	0.01964	0.01122	0.02245	0.02525	0.81201	0.00561	0.00561	0.00281	0.00281
37	0.01797	0.55227	0.11787	0.01296	0.01859	0.15299	0.01289	0.02064	0.01412	0.01596	0.00948	0.01100	0.00828	0.00580	0.00469	0.00151	0.00808	0.00374	0.00286	0.00830
38	0.01429	0.01342	0.02244	0.41266	0.35173	0.01498	0.01861	0.03996	0.01427	0.01933	0.01191	0.01662	0.00941	0.00619	0.00643	0.00204	0.00815	0.00575	0.00313	0.00867
39	0.00787	0.00562	0.00750	0.00900	0.00937	0.00525	0.00600	0.00900	0.01237	0.01649	0.03561	0.76871	0.04274	0.02024	0.00825	0.00262	0.00375	0.01837	0.00600	0.00525
40	0.03896	0.39718	0.34494	0.01445	0.02163	0.04789	0.01667	0.02008	0.01349	0.01796	0.01018	0.01187	0.00821	0.00585	0.00509	0.00170	0.00820	0.00407	0.00281	0.00878
41	0.05533	0.04460	0.10022	0.05980	0.16382	0.18499	0.01443	0.08658	0.01733	0.17309	0.01463	0.01576	0.01069	0.00674	0.00605	0.00188	0.00811	0.00527	0.02139	0.00929
42	0.01796	0.01418	0.01520	0.01324	0.01716	0.01609	0.01042	0.11388	0.59134	0.07739	0.02497	0.02295	0.01844	0.00859	0.00656	0.00215	0.00538	0.00707	0.00666	0.01037
43	0.01912	0.01636	0.04533	0.13651	0.04503	0.01754	0.05493	0.33569	0.20567	0.03073	0.01729	0.01809	0.01269	0.00756	0.00655	0.00206	0.00716	0.00626	0.00549	0.00996
44	0.02340	0.06970	0.01992	0.01432	0.01935	0.01982	0.01193	0.63354	0.02868	0.03833	0.04574	0.01657	0.01295	0.00784	0.00635	0.00190	0.00692	0.00591	0.00624	0.01059
45	0.01938	0.10786	0.07656	0.01523	0.06786	0.10533	0.01237	0.24058	0.04269	0.04606	0.01322	0.01429	0.01017	0.00644	0.00569	0.00163	0.00722	0.00485	0.00456	0.19804

[dist]
# distance from previous block
# <min> <max>
5	9

[block]
# block no. 2 follows, 34 sequences, length 155
# corresponding to MSA columns:
# 193-347
name=unknown_C
#
# <colnr> <probs for GDERKNQSTAVLIFYWHMCP>
#	G	D	E	R	K	N	Q	S	T	A	V	L	I	F	Y	W	H	M	C	P
0	0.68871	0.01349	0.01036	0.02776	0.01368	0.06925	0.00763	0.01903	0.01204	0.02749	0.05344	0.01307	0.01046	0.00650	0.00442	0.00198	0.00547	0.00411	0.00411	0.00698
1	0.02372	0.01595	0.01920	0.01472	0.01973	0.01689	0.06206	0.46634	0.05538	0.17619	0.04970	0.01876	0.01450	0.00792	0.00661	0.00198	0.00680	0.00641	0.00657	0.01057
2	0.01546	0.01470	0.02497	0.08235	0.65220	0.01487	0.01922	0.01928	0.01461	0.02073	0.01328	0.01908	0.01156	0.00644	0.00653	0.00199	0.00764	0.04194	0.00332	0.00982
3	0.01340	0.01148	0.01340	0.00957	0.01531	0.00861	0.00766	0.01627	0.01340	0.02105	0.01148	0.01340	0.00957	0.00479	0.00479	0.00096	0.00479	0.00383	0.00383	0.81242
4	0.68217	0.01267	0.01072	0.00922	0.01340	0.01428	0.00760	0.06296	0.01302	0.10823	0.01123	0.01208	0.00824	0.00633	0.00443	0.00200	0.00518	0.00397	0.00459	0.00769
5	0.00923	0.00692	0.01038	0.01038	0.01154	0.00808	0.00808	0.01154	0.01038	0.01500	0.01731	0.02538	0.01615	0.04846	0.74732	0.01038	0.01731	0.00692	0.00346	0.00577
6	0.00940	0.00626	0.00705	0.00705	0.00705	0.00626	0.00392	0.00940	0.00940	0.01253	0.02036	0.04228	0.02349	0.77292	0.03289	0.00626	0.00626	0.00940	0.00392	0.00392
7	0.01599	0.01535	0.02623	0.03966	0.73262	0.01535	0.01983	0.01983	0.01471	0.02111	0.01215	0.01599	0.01023	0.00576	0.00640	0.00192	0.00768	0.00576	0.00320	0.01023
8	0.00929	0.00667	0.00910	0.00910	0.00980	0.00738	0.00647	0.01071	0.01000	0.01405	0.01848	0.03191	0.01899	0.32811	0.47154	0.00879	0.01304	0.00788	0.00364	0.00505
9	0.00787	0.00562	0.00750	0.00900	0.00937	0.00525	0.00600	0.00900	0.01237	0.01649	0.03561	0.76871	0.04274	0.02024	0.00825	0.00262	0.00375	0.01837	0.00600	0.00525
10	0.01607	0.01388	0.01461	0.01315	0.01680	0.01607	0.01023	0.03433	0.72094	0.02703	0.02630	0.02411	0.01972	0.00877	0.00657	0.00219	0.00511	0.00731	0.00657	0.01023
11	0.00787	0.00562	0.00750	0.00900	0.00937	0.00525	0.00600	0.00900	0.01237	0.01649	0.03561	0.76871	0.04274	0.02024	0.00825	0.00262	0.00375	0.01837	0.00600	0.00525
12	0.00803	0.00573	0.00768	0.00918	0.00962	0.00538	0.00627	0.00927	0.01252	0.01667	0.03553	0.72590	0.04239	0.02010	0.00829	0.00265	0.00388	0.05963	0.00599	0.00529
13	0.02456	0.01810	0.01939	0.01487	0.02004	0.02004	0.01228	0.71107	0.03038	0.04072	0.01551	0.01551	0.01099	0.00776	0.00646	0.00194	0.00711	0.00582	0.00646	0.01099
14	0.00940	0.00626	0.00705	0.00705	0.00705	0.00626	0.00392	0.00940	0.00940	0.01253	0.02036	0.04228	0.02349	0.77292	0.03289	0.00626	0.00626	0.00940	0.00392	0.00392
15	0.01370	0.01349	0.01895	0.01638	0.01648	0.01875	0.01360	0.01519	0.00994	0.01550	0.00927	0.01514	0.00917	0.01462	0.08597	0.00350	0.69476	0.00577	0.00288	0.00695
16	0.01206	0.00900	0.01051	0.00978	0.01220	0.00916	0.00759	0.01927	0.22121	0.06237	0.33912	0.04367	0.14740	0.01244	0.00735	0.00216	0.00401	0.05649	0.00675	0.00745
17	0.00940	0.00626	0.00705	0.00705	0.00705	0.00626	0.00392	0.00940	0.00940	0.01253	0.02036	0.04228	0.02349	0.77292	0.03289	0.00626	0.00626	0.00940	0.00392	0.00392
18	0.00949	0.00697	0.00919	0.01027	0.01161	0.00677	0.00830	0.01224	0.03305	0.01910	0.09185	0.24710	0.12076	0.01769	0.00844	0.00270	0.00483	0.36774	0.00607	0.00584
19	0.01520	0.01821	0.08407	0.02845	0.13550	0.01610	0.56183	0.02055	0.01506	0.02074	0.01284	0.01696	0.00976	0.00554	0.00734	0.00213	0.01033	0.00716	0.00322	0.00899
20	0.01405	0.03190	0.69019	0.01795	0.02719	0.01463	0.02290	0.02121	0.01397	0.06918	0.01254	0.01421	0.00872	0.00627	0.00616	0.00204	0.00927	0.00489	0.00309	0.00965
21	0.61522	0.06892	0.03127	0.04310	0.01533	0.04606	0.00871	0.04324	0.01254	0.05270	0.01003	0.01150	0.00771	0.00615	0.00443	0.00195	0.00578	0.00384	0.00403	0.00747
22	0.01194	0.00604	0.00611	0.00610	0.00760	0.00602	0.00457	0.01496	0.01372	0.02415	0.04576	0.02493	0.01811	0.00773	0.00462	0.00152	0.00301	0.00622	0.78085	0.00602
23	0.03950	0.25714	0.07402	0.02065	0.20252	0.22939	0.01455	0.05691	0.01589	0.01892	0.01060	0.01267	0.00890	0.00608	0.00546	0.00169	0.00861	0.00446	0.00326	0.00875
24	0.04787	0.01274	0.01394	0.01146	0.01528	0.01362	0.00922	0.27169	0.14072	0.14234	0.05191	0.02128	0.01666	0.00809	0.00600	0.00190	0.00531	0.00641	0.19423	0.00934
25	0.01204	0.00602	0.00602	0.00602	0.00753	0.00602	0.00452	0.01506	0.01355	0.02409	0.02108	0.02409	0.01656	0.00753	0.00452	0.00151	0.00301	0.00602	0.80879	0.00602
26	0.00854	0.00658	0.00780	0.00750	0.00928	0.00584	0.00562	0.01103	0.01687	0.02253	0.46387	0.05383	0.32842	0.01447	0.00763	0.00209	0.00314	0.01247	0.00667	0.00584
27	0.00924	0.00688	0.01018	0.01018	0.01126	0.00797	0.00782	0.01141	0.01032	0.01485	0.01749	0.02642	0.01660	0.09303	0.70336	0.01013	0.01663	0.00707	0.00349	0.00565
28	0.01296	0.03342	0.73944	0.01842	0.02797	0.01501	0.02387	0.02046	0.01364	0.02046	0.01160	0.01364	0.00818	0.00614	0.00614	0.00205	0.00955	0.00477	0.00273	0.00955
29	0.00914	0.00660	0.00864	0.00813	0.00965	0.00610	0.00610	0.01219	0.01829	0.02591	0.72921	0.04827	0.06097	0.01321	0.00762	0.00203	0.00305	0.01169	0.00711	0.00610
30	0.81856	0.01250	0.00950	0.00850	0.01250	0.01449	0.00700	0.01899	0.01100	0.02899	0.00900	0.01050	0.00700	0.00600	0.00400	0.00200	0.00500	0.00350	0.00400	0.00700
31	0.00877	0.00659	0.00812	0.00774	0.00942	0.00594	0.00580	0.01147	0.01740	0.02381	0.56421	0.05172	0.22727	0.01399	0.00762	0.00207	0.00310	0.01217	0.00684	0.00594
32	0.81856	0.01250	0.00950	0.00850	0.01250	0.01449	0.00700	0.01899	0.01100	0.02899	0.00900	0.01050	0.00700	0.00600	0.00400	0.00200	0.00500	0.00350	0.00400	0.00700
33	0.81856	0.01250	0.00950	0.00850	0.01250	0.01449	0.00700	0.01899	0.01100	0.02899	0.00900	0.01050	0.00700	0.00600	0.00400	0.00200	0.00500	0.00350	0.00400	0.00700
34	0.01445	0.02918	0.61275	0.01706	0.02553	0.01378	0.02115	0.02100	0.01411	0.10100	0.01464	0.06104	0.01119	0.00722	0.00631	0.00208	0.00874	0.00581	0.00352	0.00945
35	0.00933	0.00694	0.00946	0.00956	0.01017	0.00775	0.00686	0.01069	0.01043	0.01459	0.02102	0.16648	0.02271	0.25160	0.35884	0.00729	0.05736	0.00967	0.00402	0.00521
36	0.01727	0.77681	0.03386	0.01106	0.01658	0.02557	0.01106	0.01935	0.01313	0.01520	0.00898	0.01036	0.00829	0.00553	0.00415	0.00138	0.00691	0.00345	0.00276	0.00829
37	0.02456	0.01810	0.01939	0.01487	0.02004	0.02004	0.01228	0.71107	0.03038	0.04072	0.01551	0.01551	0.01099	0.00776	0.00646	0.00194	0.00711	0.00582	0.00646	0.01099
38	0.01607	0.01388	0.01461	0.01315	0.01680	0.01607	0.01023	0.03433	0.72094	0.02703	0.02630	0.02411	0.01972	0.00877	0.00657	0.00219	0.00511	0.00731	0.00657	0.01023
39	0.02414	0.03079	0.01831	0.01665	0.01998	0.74698	0.01248	0.02580	0.01831	0.01581	0.00999	0.01165	0.00832	0.00666	0.00583	0.00166	0.01165	0.00416	0.00333	0.00749
40	0.00776	0.00654	0.00674	0.00680	0.00889	0.00552	0.00512	0.00947	0.01478	0.01776	0.08640	0.08261	0.66983	0.01641	0.00769	0.00221	0.00335	0.03059	0.00604	0.00548
41	0.00798	0.00651	0.00705	0.00701	0.00896	0.00558	0.00522	0.00990	0.01538	0.01925	0.20852	0.09484	0.54956	0.01587	0.00766	0.00217	0.00325	0.01345	0.00624	0.00558
42	0.01356	0.02908	0.57222	0.08897	0.04877	0.01523	0.07674	0.04416	0.01431	0.02083	0.01185	0.01441	0.00851	0.00616	0.00630	0.00206	0.00943	0.00515	0.00293	0.00933
43	0.01586	0.01558	0.02391	0.14617	0.52648	0.05951	0.01843	0.02033	0.05195	0.02024	0.01257	0.01630	0.01033	0.00623	0.00679	0.00198	0.02877	0.00574	0.00332	0.00951
44	0.01340	0.01148	0.01340	0.00957	0.01531	0.00861	0.00766	0.01627	0.01340	0.02105	0.01148	0.01340	0.00957	0.00479	0.00479	0.00096	0.00479	0.00383	0.00383	0.81242
45	0.01294	0.00973	0.01141	0.01092	0.03253	0.01003	0.00804	0.06621	0.21164	0.06072	0.25680	0.12985	0.12802	0.01244	0.00724	0.00216	0.00426	0.01075	0.00657	0.00774
46	0.01973	0.00988	0.01264	0.01055	0.01407	0.00933	0.00839	0.02498	0.13197	0.36538	0.27985	0.03183	0.03284	0.01000	0.00692	0.00204	0.00455	0.00850	0.00745	0.00910
47	0.01204	0.00602	0.00602	0.00602	0.00753	0.00602	0.00452	0.01506	0.01355	0.02409	0.02108	0.02409	0.01656	0.00753	0.00452	0.00151	0.00301	0.00602	0.80879	0.00602
48	0.81856	0.01250	0.00950	0.00850	0.01250	0.01449	0.00700	0.01899	0.01100	0.02899	0.00900	0.01050	0.00700	0.00600	0.00400	0.00200	0.00500	0.00350	0.00400	0.00700
49	0.00892	0.00660	0.00832	0.00789	0.00951	0.00600	0.00592	0.01176	0.01776	0.02464	0.62978	0.05035	0.16119	0.01368	0.00762	0.00205	0.00308	0.01198	0.00695	0.00600
50	0.02132	0.01649	0.01757	0.01421	0.01880	0.01852	0.01150	0.45271	0.29402	0.03549	0.01963	0.01879	0.01432	0.00814	0.00651	0.00204	0.00635	0.00639	0.00651	0.01070
51	0.01162	0.00760	0.01132	0.06747	0.01454	0.00724	0.05113	0.01348	0.01356	0.11821	0.03228	0.52792	0.06506	0.01637	0.00780	0.00245	0.00479	0.01485	0.00587	0.00643
52	0.00785	0.00572	0.00740	0.00874	0.00931	0.00527	0.00589	0.00903	0.01261	0.01659	0.03870	0.69557	0.11387	0.01984	0.00818	0.00258	0.00370	0.01788	0.00600	0.00527
53	0.81856	0.01250	0.00950	0.00850	0.01250	0.01449	0.00700	0.01899	0.01100	0.02899	0.00900	0.01050	0.00700	0.00600	0.00400	0.00200	0.00500	0.00350	0.00400	0.00700
54	0.00764	0.00655	0.00655	0.00655	0.00873	0.00545	0.00491	0.00927	0.01473	0.01745	0.06546	0.06218	0.73000	0.01636	0.00764	0.00218	0.00327	0.01364	0.00600	0.00545
55	0.01727	0.77681	0.03386	0.01106	0.01658	0.02557	0.01106	0.01935	0.01313	0.01520	0.00898	0.01036	0.00829	0.00553	0.00415	0.00138	0.00691	0.00345	0.00276	0.00829
56	0.01414	0.01414	0.01979	0.01696	0.01696	0.01979	0.01414	0.01555	0.00990	0.01555	0.00848	0.01414	0.00848	0.01131	0.02120	0.00283	0.76110	0.00565	0.00283	0.00707
57	0.01607	0.01388	0.01461	0.01315	0.01680	0.01607	0.01023	0.03433	0.72094	0.02703	0.02630	0.02411	0.01972	0.00877	0.00657	0.00219	0.00511	0.00731	0.00657	0.01023
58	0.01058	0.00826	0.00899	0.00949	0.04082	0.05245	0.00564	0.01112	0.01030	0.01340	0.01900	0.03726	0.02111	0.60711	0.11322	0.00627	0.00794	0.00862	0.00379	0.00463
59	0.01007	0.00731	0.00993	0.01117	0.01273	0.00717	0.00965	0.01290	0.01501	0.01943	0.06856	0.07067	0.11047	0.01749	0.00873	0.00285	0.00554	0.58841	0.00601	0.00590
60	0.00787	0.00562	0.00750	0.00900	0.00937	0.00525	0.00600	0.00900	0.01237	0.01649	0.03561	0.76871	0.04274	0.02024	0.00825	0.00262	0.00375	0.01837	0.00600	0.00525
61	0.81856	0.01250	0.00950	0.00850	0.01250	0.01449	0.00700	0.01899	0.01100	0.02899	0.00900	0.01050	0.00700	0.00600	0.00400	0.00200	0.00500	0.00350	0.00400	0.00700
62	0.01933	0.51978	0.04846	0.01303	0.01797	0.25393	0.01186	0.02142	0.01479	0.01554	0.00937	0.01086	0.00830	0.00590	0.00473	0.00149	0.00849	0.00372	0.00294	0.00807
63	0.01590	0.01377	0.01482	0.04644	0.01804	0.01599	0.01057	0.03354	0.68927	0.02656	0.02564	0.02380	0.01923	0.00866	0.00657	0.00219	0.00527	0.00724	0.00641	0.01009
64	0.00764	0.00655	0.00655	0.00655	0.00873	0.00545	0.00491	0.00927	0.01473	0.01745	0.06546	0.06218	0.73000	0.01636	0.00764	0.00218	0.00327	0.01364	0.00600	0.00545
65	0.01380	0.07188	0.63873	0.01795	0.02689	0.01550	0.04345	0.02112	0.03431	0.04021	0.01231	0.01412	0.00879	0.00621	0.00610	0.00202	0.00921	0.00491	0.00300	0.00952
66	0.01315	0.06668	0.70788	0.01809	0.02746	0.01548	0.02330	0.02041	0.01362	0.02023	0.01148	0.01350	0.00819	0.00611	0.00605	0.00202	0.00943	0.00472	0.00273	0.00949
67	0.00764	0.00655	0.00655	0.00655	0.00873	0.00545	0.00491	0.00927	0.01473	0.01745	0.06546	0.06218	0.73000	0.01636	0.00764	0.00218	0.00327	0.01364	0.00600	0.00545
68	0.02880	0.01129	0.01518	0.01164	0.01664	0.00994	0.00961	0.06002	0.01899	0.70785	0.02507	0.02172	0.01578	0.00799	0.00650	0.00200	0.00557	0.00647	0.00793	0.01100
69	0.01111	0.00565	0.00833	0.00833	0.00833	0.00565	0.00551	0.00848	0.00848	0.01130	0.01179	0.02103	0.01198	0.06862	0.02572	0.76244	0.00565	0.00584	0.00287	0.00287
70	0.02414	0.03079	0.01831	0.01665	0.01998	0.74698	0.01248	0.02580	0.01831	0.01581	0.00999	0.01165	0.00832	0.00666	0.00583	0.00166	0.01165	0.00416	0.00333	0.00749
71	0.01599	0.01535	0.02623	0.03966	0.73262	0.01535	0.01983	0.01983	0.01471	0.02111	0.01215	0.01599	0.01023	0.00576	0.00640	0.00192	0.00768	0.00576	0.00320	0.01023
72	0.76295	0.01263	0.01003	0.00882	0.01290	0.01450	0.00727	0.04301	0.01193	0.05502	0.00982	0.01108	0.00746	0.00613	0.00417	0.00200	0.00509	0.00369	0.00423	0.00728
73	0.81856	0.01250	0.00950	0.00850	0.01250	0.01449	0.00700	0.01899	0.01100	0.02899	0.00900	0.01050	0.00700	0.00600	0.00400	0.00200	0.00500	0.00350	0.00400	0.00700
74	0.00764	0.00655	0.00655	0.00655	0.00873	0.00545	0.00491	0.00927	0.01473	0.01745	0.06546	0.06218	0.73000	0.01636	0.00764	0.00218	0.00327	0.01364	0.00600	0.00545
75	0.00922	0.00619	0.00710	0.00728	0.00732	0.00614	0.00416	0.00935	0.00975	0.01300	0.02216	0.12820	0.02577	0.68390	0.02997	0.00583	0.00597	0.01046	0.00416	0.00407
76	0.01599	0.01535	0.02623	0.03966	0.73262	0.01535	0.01983	0.01983	0.01471	0.02111	0.01215	0.01599	0.01023	0.00576	0.00640	0.00192	0.00768	0.00576	0.00320	0.01023
77	0.01716	0.03647	0.07639	0.04454	0.23358	0.13869	0.01465	0.03968	0.11587	0.04543	0.01455	0.01738	0.01176	0.00689	0.00664	0.00185	0.03489	0.02295	0.00403	0.11660
78	0.41224	0.10696	0.03339	0.01230	0.01663	0.10283	0.05318	0.08295	0.01447	0.05712	0.01072	0.01228	0.00835	0.00651	0.00574	0.00194	0.04612	0.00431	0.00404	0.00792
79	0.02233	0.01230	0.01473	0.01188	0.01607	0.01239	0.00960	0.18427	0.13788	0.33148	0.13168	0.02496	0.02241	0.00886	0.00662	0.00201	0.00536	0.00726	0.02790	0.00998
80	0.01418	0.01182	0.01443	0.06152	0.03830	0.00963	0.00892	0.04191	0.01414	0.03899	0.01199	0.01402	0.00973	0.00511	0.00505	0.00113	0.00523	0.00415	0.00394	0.68578
81	0.06214	0.01106	0.01476	0.01137	0.01633	0.00971	0.00939	0.03096	0.01818	0.70736	0.02480	0.02151	0.01562	0.00791	0.00639	0.00200	0.00548	0.00637	0.00783	0.01083
82	0.00926	0.00635	0.00775	0.00785	0.00811	0.00656	0.00489	0.00980	0.00980	0.01329	0.02078	0.08828	0.02333	0.57637	0.17458	0.00684	0.00831	0.00951	0.00397	0.00438
83	0.01684	0.01426	0.01504	0.01330	0.01709	0.01643	0.01041	0.09559	0.65843	0.02827	0.02532	0.02333	0.01893	0.00867	0.00656	0.00217	0.00529	0.00717	0.00656	0.01030
84	0.00925	0.00670	0.00825	0.00780	0.00958	0.00601	0.00587	0.01191	0.01736	0.04174	0.53630	0.05127	0.23625	0.01391	0.00760	0.00207	0.00317	0.01207	0.00684	0.00605
85	0.01738	0.07943	0.20532	0.01740	0.08031	0.01499	0.07898	0.11113	0.07445	0.11047	0.01616	0.01917	0.01246	0.00713	0.00627	0.00192	0.00745	0.04191	0.00454	0.09312
86	0.21940	0.06117	0.05591	0.01682	0.11682	0.27063	0.01215	0.07318	0.01621	0.02249	0.04928	0.03415	0.01215	0.00707	0.00558	0.00185	0.00806	0.00511	0.00392	0.00803
87	0.01525	0.01743	0.03813	0.02723	0.03377	0.01634	0.70915	0.02070	0.01525	0.02070	0.01307	0.01743	0.00980	0.00545	0.00763	0.00218	0.01089	0.00763	0.00327	0.00871
88	0.01327	0.01175	0.03154	0.00976	0.01512	0.00892	0.00802	0.04491	0.01449	0.02196	0.05883	0.01837	0.05309	0.00611	0.00522	0.00116	0.00481	0.00497	0.00423	0.66345
89	0.01694	0.01503	0.09135	0.01518	0.08302	0.01260	0.03595	0.11321	0.11785	0.10821	0.05502	0.04229	0.01568	0.00731	0.00611	0.00174	0.00607	0.00618	0.00511	0.24515
90	0.03958	0.04278	0.29039	0.01646	0.07016	0.03791	0.03308	0.02488	0.03394	0.29637	0.03943	0.01821	0.01328	0.00709	0.00627	0.00199	0.00746	0.00576	0.00509	0.00987
91	0.73665	0.01264	0.01025	0.00895	0.01306	0.01442	0.00737	0.04882	0.01227	0.07305	0.01029	0.01141	0.00772	0.00619	0.00426	0.00200	0.00512	0.00378	0.00435	0.00741
92	0.00896	0.00662	0.00875	0.00966	0.01038	0.00670	0.00693	0.02789	0.01273	0.01705	0.03266	0.51899	0.06541	0.05582	0.08664	0.00360	0.03295	0.07720	0.00553	0.00553
93	0.01793	0.01703	0.03894	0.13086	0.27256	0.11307	0.10546	0.06434	0.04950	0.08765	0.01519	0.01767	0.02693	0.00666	0.00653	0.00198	0.00834	0.00608	0.00404	0.00923
94	0.00918	0.00667	0.00869	0.00838	0.00993	0.00618	0.00641	0.01215	0.01782	0.02492	0.63632	0.05108	0.09197	0.01377	0.00773	0.00212	0.00331	0.07035	0.00696	0.00605
95	0.00787	0.00562	0.00750	0.00900	0.00937	0.00525	0.00600	0.00900	0.01237	0.01649	0.03561	0.76871	0.04274	0.02024	0.00825	0.00262	0.00375	0.01837	0.00600	0.00525
96	0.01441	0.01832	0.15957	0.12238	0.27861	0.01532	0.18349	0.01920	0.01426	0.02014	0.03792	0.01711	0.01128	0.00644	0.00757	0.00209	0.05345	0.00623	0.00321	0.00902
97	0.01400	0.06547	0.61998	0.01891	0.04935	0.06056	0.04305	0.02073	0.01399	0.01997	0.01144	0.01356	0.00831	0.00611	0.00608	0.00199	0.00954	0.00479	0.00280	0.00936
98	0.01219	0.01115	0.01856	0.71117	0.04223	0.01384	0.01712	0.01642	0.01296	0.01698	0.01207	0.01765	0.00910	0.00653	0.00634	0.00211	0.00827	0.00576	0.05245	0.00711
99	0.02899	0.01100	0.01499	0.01150	0.01649	0.00950	0.00950	0.03149	0.01849	0.73709	0.02549	0.02199	0.01599	0.00800	0.00650	0.00200	0.00550	0.00650	0.00800	0.01100
100	0.03794	0.01552	0.11417	0.06867	0.16137	0.03194	0.05289	0.03921	0.05150	0.20213	0.05692	0.06115	0.04053	0.00832	0.00700	0.00207	0.02729	0.00715	0.00505	0.00918
101	0.01296	0.03342	0.73944	0.01842	0.02797	0.01501	0.02387	0.02046	0.01364	0.02046	0.01160	0.01364	0.00818	0.00614	0.00614	0.00205	0.00955	0.00477	0.00273	0.00955
102	0.01299	0.01152	0.01912	0.56493	0.13182	0.01353	0.01678	0.01705	0.01386	0.04265	0.08047	0.02018	0.01407	0.00706	0.00656	0.00211	0.00785	0.00634	0.00349	0.00761
103	0.14260	0.10914	0.08294	0.03549	0.14360	0.20387	0.03558	0.06398	0.01526	0.02080	0.01056	0.01303	0.00867	0.00671	0.00709	0.00192	0.08226	0.00470	0.00343	0.00837
104	0.01614	0.01340	0.01431	0.01283	0.01641	0.01532	0.00998	0.03306	0.65997	0.05097	0.06352	0.02532	0.02178	0.00898	0.00663	0.00218	0.00502	0.00751	0.00665	0.01003
105	0.01738	0.03739	0.08535	0.01762	0.12314	0.04102	0.01314	0.11152	0.38353	0.05075	0.03733	0.02061	0.01636	0.00788	0.00643	0.00206	0.00638	0.00653	0.00555	0.01004
106	0.00792	0.00574	0.00749	0.00879	0.00934	0.00531	0.00593	0.00918	0.01284	0.01706	0.07435	0.68295	0.09001	0.01961	0.00817	0.00256	0.00368	0.01770	0.00606	0.00531
107	0.01576	0.04889	0.12794	0.04036	0.07858	0.01537	0.10067	0.07999	0.27414	0.04537	0.06306	0.02234	0.04255	0.00795	0.00661	0.00208	0.00687	0.00698	0.00508	0.00942
108	0.01318	0.05222	0.43594	0.01735	0.02466	0.01426	0.11844	0.02026	0.06844	0.02157	0.11061	0.01958	0.01654	0.00714	0.00648	0.00202	0.00828	0.00624	0.00373	0.03307
109	0.00920	0.00674	0.00846	0.00807	0.00967	0.00626	0.00603	0.01243	0.03569	0.02470	0.59940	0.07351	0.12650	0.01351	0.00753	0.00206	0.00315	0.01185	0.02913	0.00611
110	0.01501	0.01220	0.01447	0.05622	0.01766	0.01025	0.00885	0.09332	0.01539	0.04386	0.01234	0.01412	0.00986	0.00531	0.00512	0.00117	0.00530	0.00424	0.00418	0.65112
111	0.01233	0.01191	0.03214	0.01002	0.01291	0.09796	0.00791	0.03360	0.09076	0.02236	0.28325	0.06061	0.18194	0.01150	0.00691	0.00193	0.00488	0.00966	0.00580	0.10162
