[name]
unknown

[dist]
# distance from previous block
# <min> <max>
0	64

[block]
# block no. 0 follows, 32 sequences, length 25
# corresponding to MSA columns:
# 73-97
name=unknown_A
#
# <colnr> <probs for GDERKNQSTAVLIFYWHMCP>
#	G	D	E	R	K	N	Q	S	T	A	V	L	I	F	Y	W	H	M	C	P
0	0.06999	0.04829	0.01454	0.07902	0.01766	0.04019	0.00978	0.10723	0.11019	0.06620	0.04377	0.15575	0.06643	0.03123	0.00749	0.00223	0.00586	0.02726	0.00553	0.09137
1	0.11063	0.01653	0.01941	0.06741	0.09028	0.01821	0.03238	0.42312	0.05690	0.03512	0.05249	0.01797	0.01384	0.00783	0.00652	0.00206	0.00709	0.00621	0.00578	0.01022
2	0.03975	0.01485	0.01639	0.01285	0.01789	0.04070	0.02955	0.22291	0.10548	0.02848	0.01674	0.04792	0.01386	0.00760	0.00610	0.00168	0.00618	0.02689	0.00527	0.33890
3	0.01579	0.01604	0.02717	0.07196	0.07751	0.05029	0.32061	0.07303	0.01654	0.02235	0.03863	0.04323	0.04502	0.00739	0.00770	0.00206	0.03643	0.00748	0.00403	0.11675
4	0.05172	0.01319	0.01784	0.06418	0.13559	0.04184	0.05885	0.11330	0.01699	0.05181	0.06263	0.13464	0.07032	0.01098	0.00856	0.00228	0.07669	0.03449	0.02588	0.00823
5	0.02432	0.01791	0.01929	0.01502	0.02005	0.01975	0.01231	0.65257	0.03026	0.04056	0.01754	0.06714	0.01367	0.00894	0.00684	0.00206	0.00714	0.00694	0.00668	0.01100
6	0.01509	0.01490	0.04380	0.32083	0.04839	0.13220	0.01392	0.01881	0.04425	0.05086	0.06306	0.04806	0.01629	0.06494	0.03845	0.03921	0.00864	0.00696	0.00399	0.00736
7	0.05536	0.01154	0.01353	0.01301	0.06289	0.01196	0.00941	0.07414	0.22367	0.12438	0.18136	0.03433	0.13480	0.01078	0.00707	0.00216	0.00494	0.00905	0.00668	0.00893
8	0.02520	0.02122	0.05261	0.01567	0.02092	0.14045	0.01314	0.50692	0.02774	0.08630	0.01570	0.01583	0.01118	0.00780	0.00659	0.00198	0.00818	0.00575	0.00610	0.01073
9	0.00921	0.00649	0.00817	0.00906	0.00989	0.00624	0.00624	0.03178	0.01371	0.01869	0.06746	0.52852	0.08860	0.06035	0.04536	0.00316	0.00471	0.01603	0.06062	0.00570
10	0.02348	0.07197	0.02041	0.01457	0.01994	0.01995	0.01212	0.55667	0.06202	0.03784	0.01579	0.01596	0.01152	0.00766	0.00639	0.00189	0.00705	0.00575	0.00619	0.08281
11	0.01444	0.01593	0.06264	0.06401	0.02777	0.01550	0.39478	0.01865	0.01391	0.01958	0.01402	0.02080	0.01189	0.09618	0.01293	0.00282	0.12869	0.00746	0.05004	0.00797
12	0.01064	0.00725	0.00951	0.01050	0.01171	0.00708	0.00786	0.01371	0.06430	0.05669	0.05949	0.47538	0.04044	0.01862	0.00849	0.00273	0.00462	0.17821	0.00641	0.00635
13	0.01459	0.01397	0.02399	0.39879	0.36010	0.01545	0.03915	0.01887	0.01435	0.01949	0.01230	0.01730	0.00976	0.00634	0.00671	0.00212	0.00856	0.00603	0.00315	0.00898
14	0.00818	0.00584	0.00779	0.00934	0.00973	0.00545	0.00623	0.00934	0.01285	0.01713	0.03698	0.75981	0.04438	0.02102	0.00856	0.00273	0.00389	0.01908	0.00623	0.00545
15	0.04042	0.12700	0.28547	0.01736	0.02378	0.27579	0.05060	0.05020	0.03358	0.02006	0.01163	0.01343	0.00902	0.00658	0.00603	0.00190	0.01007	0.00477	0.00338	0.00894
16	0.02015	0.09060	0.08316	0.01887	0.10771	0.22702	0.03575	0.18247	0.04554	0.02425	0.01546	0.08952	0.01361	0.00837	0.00649	0.00197	0.00873	0.00664	0.00450	0.00917
17	0.01159	0.00848	0.01142	0.01125	0.01298	0.00829	0.04420	0.09597	0.01590	0.04250	0.03496	0.49755	0.08583	0.01772	0.00826	0.00259	0.00493	0.07274	0.00620	0.00663
18	0.02113	0.01163	0.01407	0.01180	0.01577	0.01150	0.00950	0.10601	0.15481	0.31485	0.10150	0.05081	0.08977	0.01068	0.00717	0.00220	0.00533	0.04436	0.00737	0.00976
19	0.01666	0.09585	0.17541	0.02592	0.28959	0.06793	0.06449	0.02157	0.04191	0.05461	0.03685	0.05153	0.01370	0.00726	0.00654	0.00202	0.00828	0.00644	0.00382	0.00962
20	0.22449	0.19004	0.14101	0.01205	0.01715	0.01697	0.01173	0.10814	0.03270	0.02489	0.05610	0.04597	0.03619	0.04803	0.00707	0.00220	0.00660	0.00599	0.00436	0.00832
21	0.05878	0.01653	0.05888	0.07767	0.55230	0.01622	0.01938	0.05103	0.01545	0.02274	0.01239	0.01616	0.01021	0.00638	0.00711	0.00206	0.03731	0.00580	0.00346	0.01014
22	0.07706	0.04753	0.02289	0.07388	0.22262	0.17879	0.06696	0.02214	0.04825	0.04184	0.01231	0.01545	0.01008	0.00734	0.00873	0.00212	0.12396	0.00557	0.00364	0.00884
23	0.01166	0.00583	0.00874	0.00874	0.00874	0.00583	0.00583	0.00874	0.00874	0.01166	0.01166	0.02040	0.01166	0.02331	0.02622	0.80478	0.00583	0.00583	0.00291	0.00291
24	0.09621	0.12039	0.39794	0.01884	0.08662	0.13004	0.01917	0.02176	0.01468	0.02077	0.01123	0.01332	0.00860	0.00633	0.00587	0.00196	0.00927	0.00465	0.00311	0.00922

[dist]
# distance from previous block
# <min> <max>
0	2

[block]
# block no. 1 follows, 32 sequences, length 32
# corresponding to MSA columns:
# 100-131
name=unknown_B
#
# <colnr> <probs for GDERKNQSTAVLIFYWHMCP>
#	G	D	E	R	K	N	Q	S	T	A	V	L	I	F	Y	W	H	M	C	P
0	0.01378	0.06443	0.32384	0.01712	0.05883	0.04060	0.05906	0.01939	0.05740	0.01969	0.01818	0.04040	0.05967	0.09974	0.01068	0.00264	0.04709	0.00682	0.00367	0.03696
1	0.00831	0.00600	0.00787	0.00912	0.00973	0.00556	0.00618	0.00972	0.01364	0.01824	0.11276	0.64851	0.07946	0.02003	0.00846	0.00264	0.00379	0.01808	0.00635	0.00556
2	0.01435	0.23215	0.43594	0.01653	0.02446	0.01782	0.05996	0.01995	0.01422	0.01950	0.01618	0.01779	0.06954	0.00707	0.00603	0.00196	0.00869	0.00555	0.00317	0.00914
3	0.01809	0.66837	0.03269	0.01183	0.01737	0.02539	0.01144	0.04629	0.08140	0.01793	0.01131	0.01233	0.00986	0.00615	0.00464	0.00154	0.00700	0.00406	0.00339	0.00891
4	0.00970	0.00673	0.00847	0.00847	0.00887	0.00713	0.00550	0.01050	0.01010	0.01386	0.02009	0.03808	0.02186	0.52712	0.26776	0.00793	0.01031	0.00890	0.00391	0.00471
5	0.34952	0.09109	0.04231	0.01496	0.07704	0.14623	0.03001	0.02118	0.01397	0.05995	0.01223	0.04936	0.01045	0.00741	0.00625	0.00203	0.04878	0.00516	0.00401	0.00805
6	0.00828	0.00601	0.00763	0.00886	0.00944	0.00557	0.00591	0.00941	0.01288	0.01690	0.03937	0.61441	0.12433	0.08419	0.01068	0.00299	0.00406	0.01768	0.00604	0.00536
7	0.01346	0.03471	0.72942	0.01912	0.02904	0.01558	0.02479	0.02125	0.01417	0.02125	0.01204	0.01417	0.00850	0.00637	0.00637	0.00212	0.00992	0.00496	0.00283	0.00992
8	0.01346	0.03471	0.72942	0.01912	0.02904	0.01558	0.02479	0.02125	0.01417	0.02125	0.01204	0.01417	0.00850	0.00637	0.00637	0.00212	0.00992	0.00496	0.00283	0.00992
9	0.00818	0.00584	0.00779	0.00934	0.00973	0.00545	0.00623	0.00934	0.01285	0.01713	0.03698	0.75981	0.04438	0.02102	0.00856	0.00273	0.00389	0.01908	0.00623	0.00545
10	0.01267	0.01193	0.02013	0.74806	0.04621	0.01491	0.01863	0.01714	0.01342	0.01714	0.01193	0.01789	0.00894	0.00671	0.00671	0.00224	0.00894	0.00596	0.00298	0.00745
11	0.01909	0.64910	0.03255	0.01242	0.01779	0.14155	0.01172	0.02118	0.01450	0.01589	0.00950	0.01098	0.00862	0.00593	0.00459	0.00148	0.00797	0.00371	0.00297	0.00848
12	0.74522	0.01478	0.06970	0.00968	0.01431	0.01510	0.00872	0.01985	0.01165	0.02937	0.00957	0.01117	0.00737	0.00624	0.00434	0.00208	0.00558	0.00374	0.00404	0.00749
13	0.00974	0.00656	0.00762	0.00762	0.00772	0.00667	0.00444	0.00995	0.00985	0.01323	0.02087	0.04240	0.02374	0.70264	0.09481	0.00687	0.00749	0.00954	0.00403	0.00423
14	0.00976	0.00651	0.00732	0.00732	0.00732	0.00651	0.00407	0.00976	0.00976	0.01301	0.02114	0.04391	0.02439	0.76419	0.03415	0.00651	0.00651	0.00976	0.00407	0.00407
15	0.01783	0.70366	0.03345	0.01167	0.01724	0.02571	0.01141	0.02142	0.07330	0.01684	0.01087	0.01199	0.00963	0.00603	0.00452	0.00151	0.00702	0.00393	0.00321	0.00878
16	0.09035	0.01214	0.01466	0.01106	0.01648	0.01051	0.00903	0.06011	0.01707	0.35034	0.01866	0.01791	0.01288	0.00678	0.00581	0.00164	0.00546	0.00534	0.00614	0.32764
17	0.01376	0.00930	0.01173	0.03147	0.01406	0.00902	0.02683	0.05822	0.08096	0.11916	0.19686	0.10684	0.21688	0.01366	0.00771	0.00229	0.00470	0.06231	0.00669	0.00756
18	0.00969	0.00677	0.00866	0.00866	0.00913	0.00724	0.00574	0.01062	0.01016	0.01401	0.01991	0.03710	0.02144	0.48717	0.30713	0.00817	0.01096	0.00876	0.00388	0.00481
19	0.01974	0.01463	0.01593	0.01368	0.01788	0.01635	0.01082	0.12892	0.52155	0.12411	0.02562	0.02348	0.01868	0.00885	0.00680	0.00221	0.00566	0.00726	0.00701	0.01084
20	0.09434	0.01702	0.04801	0.11529	0.44489	0.07731	0.01789	0.02153	0.03540	0.04702	0.01293	0.01620	0.01036	0.00636	0.00636	0.00202	0.00808	0.00565	0.00364	0.00969
21	0.01479	0.01199	0.01523	0.01162	0.01640	0.01064	0.03053	0.04160	0.01417	0.05952	0.01340	0.01625	0.01112	0.01161	0.09919	0.00254	0.07415	0.00490	0.00415	0.53620
22	0.04247	0.13116	0.50425	0.02028	0.09030	0.01717	0.06249	0.02099	0.01420	0.02089	0.01172	0.01405	0.00877	0.00620	0.00613	0.00203	0.00928	0.00500	0.00296	0.00966
23	0.03694	0.01418	0.01935	0.36524	0.10212	0.03931	0.01555	0.15386	0.01752	0.02364	0.01394	0.01960	0.01121	0.00732	0.00655	0.00205	0.00795	0.04067	0.00409	0.09892
24	0.01381	0.04903	0.01635	0.01622	0.13355	0.05344	0.03590	0.07258	0.01718	0.02309	0.20820	0.10266	0.10473	0.02615	0.00804	0.00212	0.02606	0.00954	0.00533	0.07603
25	0.01616	0.01386	0.01735	0.01455	0.01782	0.11063	0.12904	0.03506	0.05550	0.10860	0.06504	0.05977	0.11939	0.06580	0.05356	0.00307	0.03573	0.06605	0.00529	0.00772
26	0.01812	0.12938	0.06915	0.13044	0.04543	0.07796	0.04583	0.07933	0.01712	0.12065	0.06944	0.02183	0.03481	0.00787	0.00637	0.00192	0.00746	0.02857	0.00472	0.08361
27	0.01839	0.20171	0.04253	0.01368	0.01833	0.03848	0.03549	0.18996	0.18441	0.02621	0.04283	0.01952	0.01521	0.05085	0.00809	0.00217	0.02712	0.00611	0.00509	0.05382
28	0.03260	0.23040	0.17461	0.03596	0.03857	0.07879	0.04956	0.04086	0.03618	0.01942	0.01528	0.06218	0.02997	0.03498	0.04368	0.00246	0.00847	0.00612	0.00366	0.05627
29	0.01688	0.21875	0.05965	0.01209	0.01668	0.09342	0.01067	0.04321	0.01538	0.07989	0.04074	0.08218	0.01642	0.01167	0.06422	0.00243	0.00770	0.03124	0.00439	0.17241
30	0.01768	0.21529	0.07518	0.01557	0.07430	0.06300	0.01276	0.13253	0.07631	0.02315	0.01551	0.03774	0.03403	0.00762	0.00685	0.00181	0.05537	0.00566	0.00428	0.12535
31	0.06288	0.24025	0.10142	0.01400	0.05398	0.08934	0.01208	0.08340	0.01649	0.05750	0.07560	0.08307	0.04235	0.03181	0.00688	0.00205	0.00708	0.00694	0.00448	0.00841

[dist]
# distance from previous block
# <min> <max>
5	28

[block]
# block no. 2 follows, 32 sequences, length 96
# corresponding to MSA columns:
# 160-171,178-261
name=unknown_C
#
# <colnr> <probs for GDERKNQSTAVLIFYWHMCP>
#	G	D	E	R	K	N	Q	S	T	A	V	L	I	F	Y	W	H	M	C	P
0	0.04074	0.12234	0.01885	0.06694	0.06087	0.10997	0.03691	0.07803	0.01608	0.03523	0.06888	0.04245	0.04456	0.08157	0.04079	0.00272	0.02711	0.02467	0.00437	0.07693
1	0.04608	0.00934	0.01209	0.03251	0.09568	0.00917	0.02694	0.05359	0.03416	0.02083	0.04804	0.16360	0.22241	0.04713	0.00963	0.05572	0.00506	0.01087	0.06966	0.02749
2	0.01518	0.03209	0.01699	0.03298	0.07181	0.03079	0.07189	0.07274	0.06143	0.08193	0.02232	0.09536	0.06275	0.07323	0.14143	0.00401	0.03744	0.00837	0.00485	0.06241
3	0.06897	0.03616	0.07339	0.11006	0.04886	0.03518	0.06485	0.11913	0.03867	0.07417	0.07684	0.11604	0.03897	0.03900	0.00791	0.00231	0.00692	0.00837	0.00508	0.02911
4	0.01411	0.01097	0.03318	0.09450	0.01685	0.02779	0.00941	0.08800	0.01524	0.06717	0.08083	0.10105	0.06267	0.12875	0.03028	0.08605	0.03734	0.00867	0.00490	0.08222
5	0.04733	0.00972	0.01173	0.04127	0.03411	0.00962	0.00827	0.06271	0.04239	0.03831	0.10570	0.10496	0.11352	0.06374	0.05519	0.00285	0.02442	0.02529	0.06051	0.13837
6	0.04644	0.01422	0.04211	0.07367	0.28392	0.01443	0.03945	0.06377	0.10696	0.03680	0.05629	0.06134	0.03178	0.05869	0.00927	0.00246	0.03716	0.00760	0.00456	0.00909
7	0.05140	0.10480	0.05890	0.08172	0.06703	0.05054	0.06837	0.05816	0.13763	0.08357	0.04798	0.04368	0.04396	0.00859	0.00769	0.00214	0.06309	0.00695	0.00483	0.00898
8	0.01143	0.07127	0.09198	0.01193	0.01463	0.03248	0.07974	0.01367	0.01294	0.01701	0.05490	0.17726	0.08024	0.25773	0.04047	0.00391	0.00708	0.01060	0.00448	0.00625
9	0.01209	0.00949	0.01409	0.04585	0.08905	0.00908	0.06038	0.03289	0.01324	0.01840	0.02304	0.15789	0.08193	0.06034	0.05021	0.15360	0.00652	0.00922	0.03862	0.11408
10	0.04240	0.10052	0.06330	0.08694	0.10190	0.14719	0.01407	0.11421	0.05565	0.02237	0.03440	0.01988	0.04292	0.00938	0.02672	0.00230	0.07994	0.02304	0.00420	0.00868
11	0.04842	0.30521	0.09063	0.12590	0.11887	0.06666	0.06077	0.01968	0.01441	0.01869	0.03221	0.04631	0.01205	0.00694	0.00580	0.00187	0.00806	0.00563	0.00334	0.00855
12	0.01098	0.00756	0.00894	0.00896	0.01034	0.00735	0.00627	0.05203	0.04292	0.04715	0.11561	0.29978	0.13471	0.16978	0.01325	0.00323	0.00457	0.01345	0.03699	0.00612
13	0.01385	0.01291	0.03666	0.36024	0.11594	0.03197	0.01507	0.06817	0.04388	0.01984	0.01918	0.02567	0.07109	0.06659	0.02541	0.02438	0.00804	0.02942	0.00394	0.00774
14	0.03753	0.08623	0.08950	0.08331	0.21849	0.09285	0.08023	0.05120	0.03944	0.04085	0.07412	0.01873	0.01480	0.00728	0.00712	0.00203	0.03693	0.00622	0.00399	0.00914
15	0.01819	0.06562	0.08156	0.01840	0.07622	0.28970	0.05049	0.02084	0.01494	0.01747	0.01194	0.01626	0.01049	0.04047	0.08019	0.00306	0.14756	0.00547	0.02325	0.00788
16	0.05682	0.00810	0.01182	0.03117	0.10625	0.00833	0.00849	0.01226	0.01098	0.03164	0.04210	0.02353	0.03648	0.05353	0.09735	0.43859	0.00732	0.00657	0.00356	0.00509
17	0.01444	0.01288	0.03732	0.09388	0.24884	0.01228	0.08648	0.01874	0.04462	0.06589	0.13561	0.08261	0.06777	0.00938	0.00717	0.00212	0.00671	0.00873	0.00484	0.03968
18	0.01973	0.01612	0.05010	0.13351	0.02530	0.01618	0.08784	0.28964	0.02132	0.08991	0.01582	0.04377	0.01211	0.00775	0.00730	0.00202	0.03776	0.00645	0.00521	0.11217
19	0.00946	0.00711	0.00797	0.00806	0.01013	0.00626	0.00611	0.01171	0.02970	0.04987	0.11230	0.15208	0.48016	0.01683	0.00804	0.00237	0.00380	0.06556	0.00642	0.00608
20	0.01035	0.00666	0.00819	0.00836	0.00911	0.00640	0.00555	0.01160	0.01309	0.04768	0.16137	0.21502	0.03662	0.34854	0.01959	0.00422	0.00504	0.03749	0.03981	0.00532
21	0.01661	0.01594	0.02724	0.04119	0.72233	0.01594	0.02059	0.02059	0.01528	0.02192	0.01262	0.01661	0.01063	0.00598	0.00664	0.00199	0.00797	0.00598	0.00332	0.01063
22	0.00969	0.00677	0.00864	0.00864	0.00910	0.00722	0.00571	0.01061	0.01015	0.01399	0.01993	0.03722	0.02149	0.49215	0.30222	0.00814	0.01088	0.00878	0.00389	0.00480
23	0.01220	0.00807	0.00930	0.00870	0.00976	0.00829	0.00584	0.08639	0.04327	0.01824	0.04927	0.03578	0.06753	0.37396	0.02374	0.16400	0.00586	0.00864	0.05591	0.00526
24	0.01014	0.00761	0.00883	0.00869	0.01066	0.00710	0.00649	0.03568	0.05585	0.04049	0.23020	0.19048	0.31368	0.01596	0.00795	0.00232	0.00381	0.03097	0.00664	0.00644
25	0.02882	0.01184	0.01567	0.01207	0.01724	0.01052	0.00993	0.05820	0.04613	0.64780	0.02557	0.02234	0.01631	0.00820	0.00668	0.00204	0.00573	0.00665	0.00803	0.04020
26	0.00946	0.00691	0.00917	0.00917	0.01008	0.00745	0.00656	0.01097	0.01093	0.01499	0.02451	0.03648	0.09620	0.28836	0.41966	0.00840	0.01250	0.00882	0.00404	0.00530
27	0.00951	0.00640	0.00739	0.00763	0.00769	0.00634	0.00440	0.00969	0.01024	0.01365	0.02361	0.15564	0.02751	0.64820	0.03016	0.00592	0.00610	0.01121	0.00440	0.00428
28	0.01327	0.00798	0.00943	0.00861	0.01127	0.00702	0.00661	0.03273	0.01696	0.16665	0.17154	0.11686	0.37588	0.01476	0.00771	0.00224	0.00398	0.01252	0.00688	0.00710
29	0.02913	0.01299	0.01654	0.01268	0.01791	0.01219	0.01048	0.17484	0.02183	0.58113	0.02426	0.02140	0.01550	0.00825	0.00674	0.00206	0.00607	0.00660	0.00797	0.01142
30	0.01067	0.00881	0.00944	0.00996	0.01121	0.06394	0.00745	0.01241	0.01405	0.01771	0.08026	0.17866	0.13762	0.18082	0.04427	0.00379	0.00618	0.19163	0.00550	0.00564
31	0.00984	0.00669	0.00781	0.00755	0.00913	0.00619	0.00554	0.01243	0.01640	0.02352	0.37841	0.04718	0.18319	0.07824	0.00951	0.00241	0.00349	0.01109	0.17541	0.00598
32	0.00816	0.00648	0.00734	0.00782	0.00938	0.00565	0.00560	0.00981	0.01480	0.01860	0.11800	0.30061	0.42794	0.01806	0.00815	0.00241	0.00355	0.01565	0.00634	0.00565
33	0.01251	0.00625	0.00625	0.00625	0.00782	0.00625	0.00469	0.01563	0.01407	0.02502	0.02189	0.02502	0.01720	0.00782	0.00469	0.00156	0.00313	0.00625	0.80144	0.00625
34	0.00984	0.00669	0.00882	0.00888	0.01020	0.00617	0.00643	0.01230	0.01690	0.05055	0.45900	0.29171	0.05504	0.01601	0.00809	0.00232	0.00351	0.01430	0.00703	0.00623
35	0.00903	0.03982	0.00883	0.00763	0.00992	0.00708	0.00586	0.01166	0.03782	0.02057	0.22974	0.05735	0.50027	0.01543	0.00774	0.00219	0.00356	0.01299	0.00640	0.00612
36	0.01445	0.01522	0.06994	0.35190	0.03244	0.01749	0.04674	0.06263	0.01363	0.01892	0.01115	0.01635	0.00908	0.00856	0.01231	0.00247	0.27960	0.00595	0.00322	0.00791
37	0.01377	0.01193	0.01465	0.09752	0.01950	0.00965	0.00922	0.01692	0.01385	0.02130	0.01193	0.01439	0.00982	0.00518	0.00518	0.00114	0.00544	0.00421	0.00386	0.71056
38	0.02539	0.01551	0.01771	0.01385	0.01885	0.01631	0.01135	0.39150	0.09685	0.25735	0.04974	0.02057	0.01615	0.00848	0.00679	0.00206	0.00646	0.00668	0.00726	0.01112
39	0.69029	0.01341	0.01144	0.05853	0.01586	0.01554	0.00850	0.07857	0.01330	0.03030	0.01010	0.01182	0.00774	0.00642	0.00454	0.00208	0.00563	0.00400	0.00430	0.00764
40	0.01972	0.05341	0.06499	0.06785	0.18659	0.20990	0.01504	0.17224	0.02003	0.02489	0.08698	0.01850	0.01549	0.00757	0.00652	0.00194	0.00859	0.00603	0.00447	0.00925
41	0.01168	0.00584	0.00867	0.00867	0.00871	0.00584	0.00579	0.00895	0.00890	0.01206	0.01196	0.02054	0.01182	0.02284	0.02558	0.78060	0.00575	0.00584	0.02695	0.00301
42	0.00859	0.00663	0.00762	0.00788	0.00938	0.00593	0.00567	0.01034	0.01493	0.01911	0.17819	0.19188	0.36314	0.09890	0.01097	0.00282	0.00391	0.04228	0.00621	0.00560
43	0.81159	0.01298	0.00986	0.00882	0.01298	0.01505	0.00727	0.01972	0.01142	0.03010	0.00934	0.01090	0.00727	0.00623	0.00415	0.00208	0.00519	0.00363	0.00415	0.00727
44	0.10321	0.09961	0.05248	0.01622	0.01844	0.01951	0.04949	0.01858	0.01183	0.06538	0.01049	0.01453	0.00919	0.00969	0.01565	0.00255	0.46626	0.00550	0.00344	0.00795
45	0.01559	0.06934	0.20931	0.11070	0.16694	0.04413	0.12915	0.06575	0.01631	0.02230	0.07374	0.01869	0.01422	0.00695	0.00673	0.00207	0.00879	0.00635	0.00372	0.00924
46	0.01102	0.00925	0.01242	0.01183	0.01273	0.03289	0.00917	0.01294	0.01082	0.01540	0.01643	0.02588	0.01597	0.12780	0.49852	0.00854	0.15162	0.00717	0.00353	0.00606
47	0.01339	0.01195	0.01899	0.63512	0.04131	0.01467	0.01710	0.04742	0.04452	0.01923	0.01344	0.01860	0.01010	0.00694	0.00658	0.00218	0.00833	0.00606	0.05638	0.00768
48	0.01067	0.00811	0.01221	0.01153	0.01316	0.00920	0.03759	0.04243	0.01204	0.01740	0.01788	0.02551	0.01628	0.04476	0.64323	0.00964	0.01659	0.00713	0.03828	0.00637
49	0.00970	0.00648	0.00734	0.00740	0.00741	0.00646	0.00415	0.00974	0.00988	0.01317	0.02176	0.07176	0.02517	0.73528	0.03316	0.00636	0.00640	0.01012	0.00415	0.00412
50	0.00866	0.00628	0.00828	0.00971	0.01048	0.00591	0.00701	0.01024	0.01355	0.01778	0.03932	0.56937	0.10039	0.02020	0.00865	0.00276	0.00429	0.14528	0.00622	0.00561
51	0.01372	0.01172	0.01371	0.00992	0.01569	0.00883	0.00789	0.01664	0.01388	0.02171	0.01276	0.03887	0.01109	0.00551	0.00509	0.00105	0.00493	0.00448	0.00405	0.77845
52	0.00825	0.00651	0.00745	0.00785	0.00942	0.00570	0.00564	0.01002	0.01512	0.01921	0.16134	0.27758	0.40668	0.01772	0.00812	0.00238	0.00351	0.01536	0.00641	0.00570
53	0.05821	0.01190	0.01563	0.01203	0.01719	0.01068	0.00994	0.07084	0.01964	0.66206	0.02525	0.02202	0.01597	0.00821	0.00665	0.00207	0.00579	0.00659	0.00806	0.01127
54	0.01217	0.00777	0.01006	0.00928	0.01133	0.00731	0.00710	0.01608	0.05709	0.10404	0.55639	0.07343	0.05426	0.01329	0.00779	0.00217	0.00369	0.03228	0.00738	0.00710
55	0.00840	0.00615	0.00789	0.00885	0.00970	0.00564	0.00611	0.01001	0.01432	0.01911	0.17052	0.53808	0.13224	0.01913	0.00836	0.00255	0.00369	0.01714	0.00645	0.00564
56	0.00800	0.00651	0.00709	0.00756	0.00926	0.00560	0.00544	0.00954	0.01456	0.01783	0.05868	0.27300	0.51718	0.01820	0.00812	0.00240	0.00355	0.01563	0.00623	0.00560
57	0.01468	0.01468	0.02055	0.01762	0.01762	0.02055	0.01468	0.01615	0.01028	0.01615	0.00881	0.01468	0.00881	0.01174	0.02202	0.00294	0.75191	0.00587	0.00294	0.00734
58	0.01468	0.01468	0.02055	0.01762	0.01762	0.02055	0.01468	0.01615	0.01028	0.01615	0.00881	0.01468	0.00881	0.01174	0.02202	0.00294	0.75191	0.00587	0.00294	0.00734
59	0.01391	0.01193	0.01391	0.00994	0.01590	0.00894	0.00795	0.01690	0.01391	0.02186	0.01193	0.01391	0.00994	0.00497	0.00497	0.00099	0.00497	0.00398	0.00398	0.80521
60	0.01585	0.00860	0.01125	0.00969	0.01243	0.00790	0.00757	0.04606	0.01956	0.22132	0.49867	0.04119	0.04828	0.01199	0.00754	0.00210	0.00404	0.01040	0.00761	0.00795
61	0.01267	0.01193	0.02013	0.74806	0.04621	0.01491	0.01863	0.01714	0.01342	0.01714	0.01193	0.01789	0.00894	0.00671	0.00671	0.00224	0.00894	0.00596	0.00298	0.00745
62	0.02245	0.02589	0.01785	0.01607	0.01971	0.48015	0.01222	0.05806	0.23710	0.02118	0.01595	0.01634	0.01249	0.00765	0.00632	0.00191	0.00976	0.00542	0.00466	0.00883
63	0.00878	0.00677	0.00801	0.00784	0.00962	0.00600	0.00583	0.01122	0.01709	0.02272	0.41111	0.10312	0.32663	0.01552	0.00796	0.00221	0.00331	0.01341	0.00684	0.00600
64	0.81159	0.01298	0.00986	0.00882	0.01298	0.01505	0.00727	0.01972	0.01142	0.03010	0.00934	0.01090	0.00727	0.00623	0.00415	0.00208	0.00519	0.00363	0.00415	0.00727
65	0.00940	0.00684	0.00875	0.00828	0.00984	0.00629	0.00615	0.01233	0.01835	0.02572	0.64507	0.05082	0.10570	0.04624	0.00904	0.00231	0.00332	0.01217	0.00717	0.00619
66	0.01584	0.01810	0.03959	0.02828	0.03507	0.01697	0.69796	0.02149	0.01584	0.02149	0.01357	0.01810	0.01018	0.00566	0.00792	0.00226	0.01131	0.00792	0.00339	0.00905
67	0.00903	0.00606	0.00795	0.00920	0.00978	0.00566	0.00619	0.01032	0.01313	0.03672	0.05504	0.66575	0.04241	0.04694	0.00928	0.00278	0.00399	0.01772	0.03642	0.00562
68	0.01346	0.03471	0.72942	0.01912	0.02904	0.01558	0.02479	0.02125	0.01417	0.02125	0.01204	0.01417	0.00850	0.00637	0.00637	0.00212	0.00992	0.00496	0.00283	0.00992
69	0.00906	0.00703	0.00845	0.00915	0.01092	0.00641	0.00734	0.01127	0.01524	0.01909	0.08040	0.14400	0.37205	0.01785	0.00848	0.00261	0.00445	0.25408	0.00626	0.00585
70	0.01869	0.01477	0.01567	0.01336	0.01725	0.01668	0.01049	0.23834	0.41264	0.03120	0.02311	0.02367	0.01780	0.06475	0.00871	0.00247	0.00593	0.00720	0.04712	0.01016
71	0.01099	0.00697	0.00854	0.00862	0.01025	0.00624	0.00617	0.01266	0.01491	0.10189	0.13718	0.31486	0.24034	0.07631	0.01011	0.00273	0.00407	0.01449	0.00646	0.00623
72	0.01590	0.01459	0.09051	0.01612	0.02028	0.01259	0.19081	0.11168	0.03388	0.07565	0.01863	0.05470	0.01666	0.13367	0.01366	0.08599	0.00783	0.04772	0.03130	0.00783
73	0.02570	0.01848	0.01994	0.01529	0.02065	0.02035	0.01263	0.67173	0.03103	0.07125	0.01655	0.01639	0.01163	0.00807	0.00671	0.00202	0.00731	0.00607	0.00678	0.01141
74	0.00916	0.00711	0.00796	0.00783	0.00978	0.00646	0.00583	0.01226	0.05233	0.02171	0.26414	0.10984	0.38496	0.01534	0.00773	0.00221	0.00345	0.01311	0.05264	0.00615
75	0.00911	0.00683	0.00815	0.00856	0.00985	0.00633	0.00603	0.03665	0.01510	0.01977	0.16096	0.36142	0.23723	0.06993	0.00998	0.00272	0.00394	0.01533	0.00630	0.00580
76	0.81159	0.01298	0.00986	0.00882	0.01298	0.01505	0.00727	0.01972	0.01142	0.03010	0.00934	0.01090	0.00727	0.00623	0.00415	0.00208	0.00519	0.00363	0.00415	0.00727
77	0.28098	0.01161	0.01210	0.01048	0.01427	0.04137	0.00830	0.02308	0.01534	0.31270	0.02362	0.15524	0.04383	0.01022	0.00624	0.00219	0.00539	0.00816	0.00628	0.00860
78	0.03891	0.01150	0.01437	0.01154	0.01582	0.01093	0.00934	0.11106	0.06628	0.41710	0.16021	0.02891	0.05426	0.00969	0.00697	0.00210	0.00529	0.00800	0.00766	0.01006
79	0.00883	0.00618	0.00761	0.00842	0.00878	0.00590	0.00535	0.00964	0.01198	0.01594	0.05796	0.42671	0.06470	0.30916	0.01845	0.00415	0.00486	0.01499	0.00543	0.00495
80	0.66982	0.01269	0.01090	0.00939	0.01373	0.01411	0.00774	0.02208	0.01283	0.15652	0.01245	0.01307	0.00896	0.00661	0.00462	0.00208	0.00528	0.00420	0.00491	0.00802
81	0.00974	0.00726	0.01057	0.01147	0.01271	0.00700	0.03824	0.01205	0.01439	0.01904	0.06365	0.39229	0.04111	0.01894	0.00882	0.00284	0.00521	0.31257	0.00613	0.00597
82	0.81159	0.01298	0.00986	0.00882	0.01298	0.01505	0.00727	0.01972	0.01142	0.03010	0.00934	0.01090	0.00727	0.00623	0.00415	0.00208	0.00519	0.00363	0.00415	0.00727
83	0.01129	0.00604	0.00898	0.00894	0.00918	0.00614	0.00614	0.00936	0.00965	0.01310	0.05934	0.02302	0.01565	0.02563	0.10279	0.66462	0.00698	0.00640	0.00329	0.00348
84	0.02599	0.01802	0.01966	0.01507	0.02042	0.01966	0.01245	0.62989	0.03025	0.11419	0.01720	0.01682	0.01196	0.00808	0.00672	0.00202	0.00721	0.00612	0.00688	0.01141
85	0.02753	0.01555	0.01813	0.01390	0.01919	0.01599	0.01148	0.40614	0.02611	0.34378	0.02067	0.01907	0.01370	0.00816	0.00673	0.00204	0.00665	0.00635	0.00741	0.01141
86	0.00828	0.00588	0.00775	0.00921	0.00957	0.00552	0.00608	0.00937	0.01264	0.01685	0.03593	0.71223	0.04305	0.07041	0.01026	0.00298	0.00407	0.01846	0.00608	0.00536
87	0.02485	0.01006	0.01357	0.01089	0.01496	0.00878	0.00872	0.02651	0.01717	0.53987	0.02874	0.02703	0.09272	0.01155	0.00986	0.12509	0.00547	0.00742	0.00725	0.00949
88	0.01166	0.00583	0.00874	0.00874	0.00874	0.00583	0.00583	0.00874	0.00874	0.01166	0.01166	0.02040	0.01166	0.02331	0.02622	0.80478	0.00583	0.00583	0.00291	0.00291
89	0.00959	0.00716	0.01064	0.01064	0.01179	0.00831	0.00821	0.01189	0.01074	0.01547	0.01810	0.02707	0.01708	0.07926	0.70909	0.01061	0.01751	0.00729	0.00361	0.00591
90	0.00876	0.00677	0.00800	0.00782	0.00961	0.00600	0.00582	0.01119	0.01706	0.02264	0.40521	0.10325	0.33258	0.01555	0.00796	0.00222	0.00331	0.01343	0.00683	0.00600
91	0.02333	0.01689	0.01808	0.01410	0.01878	0.01859	0.01148	0.59472	0.02858	0.03884	0.01695	0.01873	0.01278	0.05829	0.00836	0.00227	0.00696	0.00631	0.07548	0.01048
92	0.01607	0.01271	0.01448	0.06131	0.01788	0.01419	0.01029	0.08650	0.41196	0.05838	0.18867	0.02962	0.02888	0.00991	0.00706	0.00220	0.00524	0.00838	0.00676	0.00950
93	0.02586	0.01080	0.01444	0.01143	0.01589	0.00960	0.00929	0.05642	0.01947	0.56209	0.13784	0.05161	0.02484	0.00959	0.00699	0.00210	0.00531	0.00800	0.00802	0.01040
94	0.01856	0.01460	0.01680	0.04624	0.07126	0.01638	0.01184	0.09989	0.50192	0.08921	0.02439	0.02303	0.01803	0.00860	0.00679	0.00221	0.00590	0.00717	0.00652	0.01064
95	0.17633	0.06497	0.04874	0.13438	0.34729	0.01602	0.01631	0.01924	0.01377	0.02200	0.01253	0.04738	0.01088	0.00701	0.00666	0.00208	0.03608	0.00587	0.00350	0.00896

[dist]
# distance from previous block
# <min> <max>
0	1

[block]
# block no. 3 follows, 32 sequences, length 114
# corresponding to MSA columns:
# 263-315,318-378
name=unknown_D
#
# <colnr> <probs for GDERKNQSTAVLIFYWHMCP>
#	G	D	E	R	K	N	Q	S	T	A	V	L	I	F	Y	W	H	M	C	P
0	0.01941	0.01172	0.01389	0.01191	0.01565	0.01211	0.00940	0.02946	0.32799	0.25515	0.18455	0.03003	0.02898	0.00989	0.00705	0.00217	0.00495	0.00835	0.00744	0.00990
1	0.09422	0.01210	0.01575	0.01376	0.06820	0.01122	0.01035	0.07232	0.01883	0.53303	0.02561	0.02322	0.05365	0.00842	0.00658	0.00208	0.00581	0.00679	0.00737	0.01069
2	0.02017	0.04890	0.01937	0.11865	0.04525	0.17130	0.01325	0.26529	0.04944	0.02653	0.01640	0.07102	0.02769	0.00893	0.00785	0.00210	0.06719	0.00674	0.00489	0.00903
3	0.01413	0.01463	0.04039	0.01561	0.01636	0.06893	0.01290	0.01583	0.01107	0.01595	0.01162	0.01902	0.01149	0.08636	0.13567	0.00440	0.48923	0.00630	0.00318	0.00694
4	0.01608	0.01879	0.09553	0.02549	0.03242	0.01597	0.56193	0.02159	0.01569	0.05034	0.01385	0.01765	0.01028	0.00578	0.00752	0.00215	0.01050	0.00733	0.00359	0.06751
5	0.81159	0.01298	0.00986	0.00882	0.01298	0.01505	0.00727	0.01972	0.01142	0.03010	0.00934	0.01090	0.00727	0.00623	0.00415	0.00208	0.00519	0.00363	0.00415	0.00727
6	0.64068	0.01296	0.01131	0.00966	0.01404	0.01439	0.00796	0.05152	0.01366	0.15261	0.01263	0.01322	0.00908	0.00667	0.00472	0.00207	0.00538	0.00428	0.00499	0.00817
7	0.00812	0.00659	0.00720	0.00750	0.00929	0.00567	0.00545	0.00982	0.01507	0.01866	0.11661	0.21587	0.51558	0.01760	0.00807	0.00235	0.00349	0.01507	0.00633	0.00567
8	0.00919	0.00656	0.00840	0.00952	0.01015	0.00632	0.00642	0.04546	0.01361	0.01816	0.03481	0.67217	0.04129	0.07098	0.01021	0.00295	0.00425	0.01776	0.00611	0.00567
9	0.00976	0.00651	0.00732	0.00732	0.00732	0.00651	0.00407	0.00976	0.00976	0.01301	0.02114	0.04391	0.02439	0.76419	0.03415	0.00651	0.00651	0.00976	0.00407	0.00407
10	0.10573	0.01213	0.02027	0.01586	0.02005	0.01147	0.22659	0.02095	0.01549	0.21573	0.05237	0.17044	0.02155	0.04952	0.00868	0.00250	0.00699	0.00964	0.00561	0.00840
11	0.10747	0.01819	0.01907	0.01475	0.01999	0.02021	0.01218	0.62903	0.02945	0.04102	0.01540	0.01557	0.01098	0.00786	0.00645	0.00202	0.00715	0.00579	0.00645	0.01098
12	0.00850	0.00607	0.00815	0.00971	0.01024	0.00573	0.00679	0.00990	0.01316	0.01749	0.03681	0.67670	0.04368	0.02072	0.00865	0.00277	0.00417	0.09903	0.00622	0.00554
13	0.01254	0.00901	0.01029	0.00968	0.01150	0.00936	0.00697	0.01858	0.19857	0.05760	0.15403	0.04217	0.08105	0.29291	0.01744	0.00386	0.00530	0.04642	0.00590	0.00683
14	0.00903	0.00669	0.00860	0.00972	0.01093	0.00626	0.00745	0.01102	0.01450	0.01878	0.07860	0.36109	0.18408	0.01901	0.00862	0.00271	0.00448	0.22638	0.00627	0.00577
15	0.07086	0.01213	0.01566	0.01207	0.01722	0.01107	0.00997	0.08889	0.01985	0.63192	0.02469	0.02164	0.01567	0.00817	0.00661	0.00207	0.00582	0.00652	0.00795	0.01120
16	0.07907	0.00725	0.00881	0.00919	0.01074	0.00686	0.00659	0.01309	0.01438	0.09353	0.11817	0.45978	0.11315	0.01713	0.00785	0.00248	0.00405	0.01512	0.00641	0.00636
17	0.00932	0.00678	0.00871	0.00930	0.01036	0.00671	0.00671	0.01129	0.04077	0.01735	0.06293	0.30730	0.15396	0.06774	0.13430	0.07271	0.00667	0.05608	0.00544	0.00557
18	0.01031	0.00691	0.00839	0.00863	0.00918	0.00689	0.00558	0.03191	0.03944	0.01573	0.02660	0.24256	0.06540	0.32557	0.02208	0.14801	0.00545	0.01174	0.00479	0.00483
19	0.02549	0.01618	0.01808	0.01403	0.01908	0.01726	0.01153	0.47806	0.05542	0.20080	0.01932	0.01855	0.01332	0.00814	0.00661	0.00201	0.00667	0.00628	0.05208	0.01109
20	0.01714	0.01392	0.01492	0.01275	0.01607	0.04353	0.01015	0.19443	0.20802	0.05427	0.09707	0.03127	0.15734	0.01099	0.00867	0.00223	0.08339	0.00858	0.00625	0.00901
21	0.01158	0.00585	0.00869	0.00869	0.00869	0.00585	0.00576	0.00878	0.00878	0.01171	0.01202	0.02129	0.01214	0.05160	0.02653	0.77429	0.00585	0.00598	0.00296	0.00296
22	0.00890	0.00643	0.00833	0.00935	0.01015	0.00606	0.00648	0.02894	0.01443	0.01938	0.13868	0.59034	0.07322	0.01936	0.00841	0.00260	0.00391	0.03283	0.00641	0.00577
23	0.05755	0.01268	0.02007	0.30724	0.25136	0.01372	0.01648	0.01982	0.01486	0.10859	0.01753	0.02414	0.03375	0.00798	0.00682	0.00221	0.00763	0.06461	0.00419	0.00878
24	0.02334	0.01904	0.16116	0.01446	0.02028	0.05400	0.01361	0.17310	0.10150	0.29412	0.02039	0.01937	0.01388	0.00786	0.00657	0.00206	0.00715	0.00618	0.03127	0.01066
25	0.01448	0.00897	0.01130	0.01058	0.01285	0.00909	0.00800	0.05831	0.08771	0.14726	0.06556	0.21718	0.08105	0.06321	0.16772	0.00441	0.00770	0.01105	0.00606	0.00752
26	0.01137	0.00995	0.01107	0.01087	0.01217	0.09279	0.00813	0.01328	0.01171	0.01534	0.01906	0.02862	0.03762	0.15839	0.51871	0.00880	0.01503	0.00747	0.00373	0.00588
27	0.08315	0.01633	0.02900	0.11591	0.06867	0.05599	0.38921	0.01996	0.01519	0.02119	0.01638	0.02148	0.04785	0.00698	0.00721	0.00218	0.00951	0.03242	0.00368	0.03770
28	0.01282	0.01202	0.01994	0.72001	0.04511	0.01498	0.01833	0.01785	0.04003	0.01756	0.01251	0.01816	0.00939	0.00680	0.00671	0.00224	0.00881	0.00603	0.00313	0.00757
29	0.00990	0.00727	0.00877	0.00944	0.01028	0.00729	0.00635	0.03235	0.08395	0.01808	0.03265	0.48367	0.05444	0.18632	0.01407	0.00350	0.00471	0.01530	0.00582	0.00585
30	0.01074	0.00816	0.00970	0.00985	0.01079	0.03496	0.02089	0.04699	0.01374	0.01811	0.08685	0.34171	0.03480	0.23256	0.01641	0.03577	0.00544	0.05155	0.00543	0.00554
31	0.00978	0.00748	0.01116	0.01105	0.01220	0.00885	0.00863	0.01214	0.01076	0.01560	0.01762	0.02591	0.01647	0.04884	0.71013	0.01048	0.04614	0.00714	0.00357	0.00604
32	0.00950	0.00668	0.00794	0.00826	0.00924	0.00623	0.00555	0.01077	0.01271	0.01740	0.07462	0.27444	0.10999	0.26953	0.01666	0.00375	0.00478	0.04073	0.06217	0.04907
33	0.07210	0.01449	0.01561	0.01276	0.01696	0.01580	0.01025	0.31760	0.17443	0.11015	0.04811	0.02175	0.01683	0.03728	0.00748	0.00221	0.00599	0.00671	0.08349	0.00999
34	0.01215	0.01062	0.01438	0.01462	0.06264	0.03768	0.07399	0.01779	0.14858	0.02127	0.10215	0.32599	0.03433	0.01470	0.00795	0.00248	0.00561	0.07979	0.00589	0.00739
35	0.02378	0.01794	0.01917	0.01509	0.02015	0.02000	0.01234	0.56994	0.16438	0.03950	0.01830	0.01786	0.01319	0.00826	0.00673	0.00206	0.00698	0.00634	0.00673	0.01126
36	0.00974	0.00656	0.00762	0.00762	0.00772	0.00667	0.00444	0.00995	0.00985	0.01323	0.02087	0.04240	0.02374	0.70287	0.09458	0.00687	0.00749	0.00954	0.00403	0.00423
37	0.45812	0.01661	0.01404	0.01177	0.01619	0.08881	0.00956	0.24215	0.01880	0.03259	0.01194	0.01305	0.00899	0.00693	0.00519	0.00201	0.00655	0.00455	0.02350	0.00865
38	0.00835	0.00688	0.00740	0.00757	0.00967	0.00593	0.00583	0.01029	0.01550	0.01889	0.10594	0.07906	0.58856	0.01703	0.00809	0.00236	0.00370	0.08689	0.00630	0.00576
39	0.05556	0.01265	0.01543	0.01227	0.01703	0.01234	0.01000	0.12723	0.11852	0.45530	0.04632	0.02413	0.04441	0.00880	0.00674	0.00210	0.00571	0.00709	0.00760	0.01078
40	0.01247	0.00769	0.00890	0.00810	0.01079	0.00660	0.00625	0.01463	0.01677	0.15503	0.18849	0.05376	0.45604	0.01469	0.00770	0.00220	0.00379	0.01235	0.00685	0.00689
41	0.01066	0.00849	0.00919	0.00897	0.01133	0.00826	0.00671	0.01623	0.17096	0.04159	0.08123	0.16565	0.40463	0.01547	0.00775	0.00233	0.00396	0.01317	0.00648	0.00694
42	0.00973	0.00663	0.00797	0.00797	0.00820	0.00686	0.00488	0.01018	0.00995	0.01350	0.02054	0.04058	0.02295	0.62894	0.16742	0.00732	0.00868	0.00927	0.00398	0.00443
43	0.01155	0.00877	0.00981	0.00964	0.01099	0.00927	0.00657	0.03657	0.19280	0.01899	0.02873	0.20590	0.06398	0.33451	0.01895	0.00418	0.00545	0.01149	0.00547	0.00638
44	0.01633	0.01374	0.01861	0.01583	0.01672	0.01816	0.01313	0.05324	0.01254	0.07903	0.01206	0.01653	0.01048	0.01085	0.01811	0.00267	0.57132	0.00600	0.08685	0.00779
45	0.10150	0.08854	0.01728	0.01330	0.01749	0.06669	0.01069	0.09377	0.43873	0.04889	0.02148	0.02040	0.01619	0.00821	0.00624	0.00211	0.00615	0.00640	0.00597	0.00998
46	0.01517	0.00978	0.01198	0.01025	0.01302	0.00963	0.00803	0.15142	0.02151	0.11482	0.49549	0.04007	0.04736	0.01194	0.00753	0.00209	0.00431	0.01027	0.00736	0.00796
47	0.01954	0.12460	0.07781	0.11963	0.02526	0.01892	0.07796	0.33298	0.02227	0.02952	0.01566	0.02072	0.01264	0.00808	0.00667	0.00209	0.00803	0.06298	0.00499	0.00967
48	0.00895	0.00675	0.00849	0.00933	0.01052	0.00615	0.00651	0.01088	0.03245	0.01803	0.03786	0.58125	0.11298	0.01882	0.00816	0.00253	0.00404	0.03645	0.00605	0.07381
49	0.01352	0.00910	0.01173	0.03933	0.01376	0.00879	0.00808	0.06503	0.01898	0.10129	0.48236	0.03921	0.04607	0.01164	0.00787	0.00204	0.02901	0.00997	0.00682	0.07541
50	0.06174	0.05870	0.01661	0.01408	0.05382	0.04301	0.01040	0.19748	0.03645	0.02434	0.05261	0.04780	0.01762	0.19425	0.01582	0.00326	0.13203	0.00735	0.00477	0.00787
51	0.02291	0.06918	0.08127	0.01618	0.02098	0.20241	0.01393	0.36672	0.02383	0.02990	0.01322	0.01447	0.01005	0.00782	0.00777	0.00200	0.07722	0.00535	0.00497	0.00982
52	0.08447	0.01514	0.04633	0.09652	0.47007	0.01468	0.01750	0.02052	0.01477	0.06970	0.01342	0.01726	0.01091	0.02925	0.00718	0.00211	0.00753	0.00580	0.00374	0.05310
53	0.01853	0.11119	0.05125	0.04520	0.07056	0.04196	0.08484	0.20898	0.05713	0.04627	0.03663	0.04377	0.01423	0.04325	0.00964	0.00233	0.09359	0.00671	0.00474	0.00922
54	0.01698	0.37309	0.08632	0.01392	0.04580	0.08016	0.01234	0.09222	0.01607	0.01981	0.01621	0.14256	0.01621	0.00924	0.00590	0.00189	0.00728	0.03155	0.00405	0.00841
55	0.00876	0.00643	0.00842	0.00950	0.01041	0.00583	0.00654	0.01015	0.01303	0.01764	0.03479	0.67108	0.04123	0.01956	0.00828	0.00259	0.00407	0.04198	0.00603	0.07365
56	0.01666	0.04880	0.07500	0.08930	0.15371	0.07589	0.15936	0.09092	0.01620	0.02150	0.01489	0.01900	0.04000	0.03664	0.00998	0.00235	0.11071	0.00656	0.00372	0.00881
57	0.01166	0.00583	0.00874	0.00874	0.00874	0.00583	0.00583	0.00874	0.00874	0.01166	0.01166	0.02040	0.01166	0.02331	0.02622	0.80478	0.00583	0.00583	0.00291	0.00291
58	0.01503	0.01495	0.02307	0.15872	0.30753	0.06657	0.10287	0.01924	0.03378	0.02022	0.02041	0.02712	0.08266	0.00847	0.00715	0.00219	0.00818	0.06918	0.00392	0.00875
59	0.00925	0.00824	0.04639	0.00995	0.01120	0.00723	0.00755	0.01150	0.03194	0.01845	0.11321	0.45847	0.08847	0.06962	0.04221	0.00319	0.03620	0.01518	0.00580	0.00595
60	0.00968	0.00683	0.00896	0.00896	0.00953	0.00740	0.00611	0.01081	0.01024	0.01423	0.01964	0.03560	0.02079	0.42616	0.36725	0.00853	0.01194	0.00854	0.00384	0.00498
61	0.01187	0.00714	0.01119	0.16805	0.01682	0.00778	0.00859	0.01055	0.00975	0.01284	0.01171	0.01986	0.01107	0.01973	0.02202	0.63185	0.00650	0.00586	0.00293	0.00389
62	0.01807	0.68948	0.07244	0.01220	0.01805	0.06308	0.01229	0.02051	0.01394	0.01612	0.00953	0.01102	0.00861	0.00584	0.00451	0.00149	0.00758	0.00370	0.00290	0.00864
63	0.01027	0.00751	0.01013	0.00915	0.00979	0.00739	0.06330	0.01087	0.01063	0.01427	0.04727	0.04195	0.02468	0.67073	0.03091	0.00597	0.00679	0.00969	0.00414	0.00458
64	0.66486	0.01339	0.01128	0.00975	0.01406	0.01523	0.00801	0.07593	0.04039	0.07826	0.01174	0.01267	0.00874	0.00663	0.00464	0.00208	0.00541	0.00419	0.00474	0.00801
65	0.00850	0.00668	0.00768	0.00831	0.00990	0.00596	0.00621	0.01021	0.01447	0.01797	0.05330	0.24180	0.41680	0.04821	0.00935	0.00268	0.00407	0.11615	0.00614	0.00562
66	0.02490	0.01844	0.01981	0.01515	0.02055	0.02019	0.01250	0.66427	0.03063	0.04122	0.01589	0.01599	0.01133	0.00789	0.00662	0.00196	0.00726	0.00593	0.00657	0.05289
67	0.01018	0.00810	0.01096	0.01089	0.01213	0.03580	0.00839	0.01245	0.01105	0.01551	0.01781	0.02653	0.01677	0.07731	0.68180	0.01027	0.01729	0.00718	0.00361	0.00598
68	0.00839	0.00606	0.00793	0.00905	0.00974	0.00561	0.00618	0.00992	0.01402	0.01884	0.15420	0.60139	0.08467	0.01956	0.00842	0.00260	0.00374	0.01763	0.00642	0.00561
69	0.00989	0.00651	0.00735	0.00732	0.00749	0.00648	0.00422	0.01022	0.01049	0.01440	0.05949	0.04326	0.02616	0.68346	0.03117	0.00601	0.00615	0.00971	0.04591	0.00430
70	0.81159	0.01298	0.00986	0.00882	0.01298	0.01505	0.00727	0.01972	0.01142	0.03010	0.00934	0.01090	0.00727	0.00623	0.00415	0.00208	0.00519	0.00363	0.00415	0.00727
71	0.00840	0.00652	0.00772	0.00855	0.00996	0.00584	0.00629	0.01006	0.01431	0.01797	0.05112	0.35085	0.35570	0.01884	0.00836	0.00256	0.00396	0.10113	0.00622	0.00564
72	0.00902	0.00630	0.00794	0.00887	0.00989	0.00571	0.00614	0.01046	0.01392	0.04464	0.08031	0.55060	0.18278	0.01932	0.00833	0.00257	0.00382	0.01722	0.00637	0.00577
73	0.00820	0.00592	0.00777	0.00918	0.00970	0.00549	0.00617	0.00945	0.01316	0.01747	0.05836	0.70115	0.08200	0.02059	0.00851	0.00268	0.00384	0.01860	0.00626	0.00549
74	0.02569	0.01849	0.01995	0.01530	0.02066	0.02036	0.01264	0.67268	0.03104	0.07028	0.01653	0.01638	0.01162	0.00806	0.00671	0.00202	0.00732	0.00607	0.00678	0.01141
75	0.00856	0.00597	0.00779	0.00915	0.00959	0.00565	0.00614	0.00977	0.01271	0.01717	0.03500	0.64752	0.04143	0.08427	0.01064	0.00302	0.00416	0.03965	0.03641	0.00539
76	0.00953	0.00688	0.00856	0.00910	0.01008	0.00659	0.00629	0.04795	0.01487	0.01996	0.16355	0.45730	0.09455	0.09885	0.01106	0.00294	0.00419	0.01569	0.00624	0.00581
77	0.00932	0.00713	0.00859	0.00817	0.01003	0.00654	0.00614	0.01268	0.04446	0.02444	0.50591	0.05330	0.24958	0.01448	0.00788	0.00216	0.00331	0.01254	0.00703	0.00630
78	0.01360	0.00806	0.00739	0.00714	0.00893	0.04685	0.00540	0.03749	0.01489	0.02508	0.02108	0.02403	0.01655	0.00778	0.00483	0.00159	0.00375	0.00614	0.73295	0.00650
79	0.01339	0.00817	0.00985	0.00884	0.01126	0.00761	0.00675	0.03766	0.04550	0.13375	0.33429	0.04474	0.18809	0.05200	0.00879	0.00233	0.00400	0.01080	0.06497	0.00719
80	0.01200	0.00835	0.00961	0.00940	0.01111	0.00847	0.00678	0.05739	0.11277	0.04248	0.11729	0.25165	0.08934	0.11465	0.01093	0.00284	0.00448	0.01210	0.11161	0.00676
81	0.00872	0.00673	0.00787	0.00777	0.00948	0.00598	0.00570	0.01097	0.01652	0.02176	0.35460	0.11654	0.34066	0.04575	0.00903	0.00240	0.00346	0.01350	0.00666	0.00588
82	0.01363	0.09782	0.01305	0.00943	0.01120	0.01140	0.00680	0.13304	0.01453	0.01942	0.04517	0.03323	0.02075	0.43523	0.04950	0.03688	0.00691	0.00812	0.02780	0.00607
83	0.01391	0.01193	0.01391	0.00994	0.01590	0.00894	0.00795	0.01690	0.01391	0.02186	0.01193	0.01391	0.00994	0.00497	0.00497	0.00099	0.00497	0.00398	0.00398	0.80521
84	0.01501	0.01467	0.02223	0.12172	0.02394	0.01858	0.10554	0.04457	0.07993	0.01912	0.01219	0.01696	0.01045	0.01087	0.03524	0.00286	0.42819	0.00636	0.00354	0.00802
85	0.06393	0.01570	0.01631	0.01321	0.01739	0.05665	0.01046	0.34128	0.09944	0.14390	0.01909	0.02189	0.01484	0.12284	0.01073	0.00272	0.00691	0.00667	0.00626	0.00979
