[name]
unknown

[dist]
# distance from previous block
# <min> <max>
0	4

[block]
# block no. 0 follows, 33 sequences, length 22
# corresponding to MSA columns:
# 4-25
name=unknown_A
#
# <colnr> <probs for GDERKNQSTAVLIFYWHMCP>
#	G	D	E	R	K	N	Q	S	T	A	V	L	I	F	Y	W	H	M	C	P
0	0.01616	0.52558	0.19273	0.01397	0.02040	0.02220	0.05444	0.01977	0.01370	0.01723	0.01119	0.01468	0.00987	0.00635	0.00512	0.00168	0.00784	0.03545	0.00299	0.00865
1	0.01096	0.04781	0.11047	0.01339	0.01634	0.04359	0.10585	0.01367	0.01360	0.01788	0.02856	0.46334	0.05772	0.01513	0.00770	0.00241	0.00612	0.01379	0.00500	0.00668
2	0.00946	0.00685	0.00956	0.00956	0.01038	0.00767	0.00695	0.01110	0.01028	0.01452	0.01857	0.03104	0.01871	0.26579	0.52921	0.00932	0.01425	0.00781	0.00367	0.00531
3	0.01760	0.77260	0.03450	0.01126	0.01690	0.02605	0.01126	0.01971	0.01338	0.01549	0.00915	0.01056	0.00845	0.00563	0.00422	0.00141	0.00704	0.00352	0.00282	0.00845
4	0.01320	0.03405	0.73453	0.01876	0.02849	0.01529	0.02432	0.02085	0.01390	0.02085	0.01181	0.01390	0.00834	0.00625	0.00625	0.00208	0.00973	0.00486	0.00278	0.00973
5	0.00957	0.00638	0.00718	0.00718	0.00718	0.00638	0.00399	0.00957	0.00957	0.01276	0.02074	0.04308	0.02393	0.76864	0.03351	0.00638	0.00638	0.00957	0.00399	0.00399
6	0.81514	0.01273	0.00968	0.00866	0.01273	0.01477	0.00713	0.01935	0.01120	0.02954	0.00917	0.01069	0.00713	0.00611	0.00407	0.00204	0.00509	0.00356	0.00407	0.00713
7	0.02459	0.03138	0.01866	0.01696	0.02035	0.74221	0.01272	0.02629	0.01866	0.01611	0.01018	0.01187	0.00848	0.00678	0.00594	0.00170	0.01187	0.00424	0.00339	0.00763
8	0.00963	0.00740	0.00949	0.05216	0.01248	0.00680	0.00685	0.01119	0.01239	0.01706	0.02811	0.42110	0.05238	0.13222	0.03427	0.00312	0.00512	0.01320	0.00509	0.15994
9	0.00847	0.00682	0.00759	0.00778	0.00957	0.00612	0.00568	0.01103	0.04773	0.01934	0.15867	0.21404	0.44030	0.01669	0.00786	0.00230	0.00349	0.01435	0.00631	0.00584
10	0.57115	0.05067	0.01291	0.01200	0.07116	0.04343	0.00874	0.01871	0.01175	0.02561	0.01047	0.01382	0.00893	0.05237	0.03684	0.00262	0.03338	0.00435	0.00385	0.00725
11	0.17499	0.14826	0.18310	0.01403	0.01957	0.09106	0.06310	0.02123	0.01470	0.10675	0.05501	0.05288	0.01407	0.00748	0.00579	0.00195	0.00751	0.00583	0.00421	0.00848
12	0.06535	0.24709	0.29718	0.01475	0.02137	0.06963	0.03495	0.04228	0.01442	0.01991	0.01258	0.06402	0.01093	0.00704	0.00562	0.00183	0.00807	0.00535	0.00335	0.05428
13	0.04961	0.04101	0.08359	0.01423	0.01914	0.06309	0.08443	0.08543	0.12289	0.08623	0.01876	0.09463	0.01602	0.00849	0.00641	0.00193	0.00680	0.02821	0.00502	0.16412
14	0.01346	0.10303	0.09491	0.01177	0.01516	0.08804	0.03163	0.05942	0.01511	0.01943	0.11171	0.06578	0.09556	0.12554	0.09602	0.00359	0.00801	0.00825	0.00449	0.02909
15	0.01483	0.26955	0.07582	0.01334	0.05624	0.01642	0.01116	0.09539	0.06145	0.02075	0.05836	0.15547	0.02026	0.03776	0.06275	0.00274	0.00716	0.00802	0.00447	0.00806
16	0.10303	0.01616	0.05153	0.05487	0.01920	0.03812	0.01148	0.37571	0.05132	0.05011	0.04617	0.06618	0.03785	0.03959	0.00758	0.00224	0.00671	0.00708	0.00575	0.00931
17	0.04093	0.32234	0.18188	0.01406	0.04668	0.01894	0.01369	0.10581	0.04430	0.02161	0.03439	0.04678	0.06744	0.00784	0.00568	0.00183	0.00705	0.00597	0.00399	0.00880
18	0.07817	0.06059	0.15665	0.01318	0.01814	0.01488	0.01255	0.18363	0.06638	0.06332	0.11153	0.02293	0.05918	0.00969	0.02507	0.00223	0.04369	0.00672	0.00520	0.04630
19	0.06256	0.23577	0.29772	0.01568	0.04994	0.03956	0.03419	0.05411	0.01512	0.05509	0.03901	0.01692	0.04390	0.00696	0.00575	0.00188	0.00788	0.00531	0.00367	0.00899
20	0.07661	0.16738	0.23083	0.04339	0.02033	0.04430	0.01422	0.05528	0.06182	0.07594	0.10120	0.04835	0.01776	0.00800	0.00604	0.00196	0.00712	0.00628	0.00445	0.00873
21	0.04196	0.09910	0.16444	0.01360	0.01900	0.03805	0.01305	0.17174	0.04375	0.11321	0.08081	0.01933	0.01592	0.02893	0.00748	0.00203	0.03637	0.00594	0.00503	0.08029

[dist]
# distance from previous block
# <min> <max>
19	41

[block]
# block no. 1 follows, 33 sequences, length 24
# corresponding to MSA columns:
# 72-95
name=unknown_B
#
# <colnr> <probs for GDERKNQSTAVLIFYWHMCP>
#	G	D	E	R	K	N	Q	S	T	A	V	L	I	F	Y	W	H	M	C	P
0	0.03376	0.07847	0.09947	0.03785	0.01546	0.01029	0.02852	0.01584	0.03797	0.07422	0.14639	0.19521	0.10288	0.04169	0.00822	0.00240	0.00547	0.05330	0.00546	0.00713
1	0.01398	0.03559	0.01347	0.05099	0.01541	0.03873	0.03489	0.05004	0.08129	0.09431	0.27723	0.11661	0.08517	0.01164	0.00716	0.00207	0.00502	0.01010	0.00619	0.05009
2	0.11154	0.03789	0.01760	0.08852	0.07497	0.04088	0.09734	0.04460	0.12612	0.04245	0.06005	0.15033	0.06020	0.01014	0.00678	0.00219	0.00643	0.00895	0.00499	0.00803
3	0.04496	0.11614	0.05702	0.11010	0.02029	0.09421	0.01155	0.08051	0.12185	0.04589	0.02200	0.06201	0.09383	0.01046	0.03532	0.00230	0.00728	0.00704	0.00467	0.05257
4	0.01773	0.15098	0.05401	0.03809	0.06654	0.07866	0.05113	0.07966	0.12603	0.08309	0.01689	0.06147	0.01402	0.01011	0.04620	0.00239	0.03259	0.00639	0.00462	0.05940
5	0.01194	0.01138	0.07091	0.08879	0.05528	0.03991	0.03664	0.01445	0.01413	0.05634	0.08816	0.32090	0.06972	0.01402	0.00825	0.03797	0.00577	0.01187	0.00512	0.03843
6	0.06672	0.15758	0.15500	0.05783	0.03929	0.10870	0.10502	0.03926	0.03895	0.04927	0.01462	0.07585	0.01264	0.00948	0.04006	0.00237	0.00879	0.00634	0.00380	0.00843
7	0.04982	0.06433	0.11250	0.07439	0.04520	0.05707	0.03831	0.08845	0.16864	0.02292	0.04831	0.01991	0.01486	0.03926	0.04907	0.00276	0.08480	0.00629	0.00445	0.00866
8	0.04664	0.03545	0.01484	0.01177	0.01568	0.03995	0.04994	0.06561	0.10513	0.12444	0.12188	0.05484	0.10007	0.00995	0.00669	0.00196	0.00552	0.04426	0.00584	0.13956
9	0.04225	0.09162	0.01279	0.04402	0.01289	0.01025	0.00804	0.01261	0.01091	0.01550	0.01751	0.05810	0.01752	0.18499	0.42365	0.00766	0.01270	0.00748	0.00365	0.00587
10	0.49004	0.11914	0.08126	0.01034	0.01514	0.01561	0.00952	0.04730	0.01284	0.02594	0.01141	0.05395	0.00985	0.00686	0.00471	0.00191	0.00579	0.00466	0.00399	0.06972
11	0.04004	0.25966	0.10328	0.01806	0.14261	0.11244	0.01401	0.06578	0.03992	0.06063	0.01234	0.01385	0.00988	0.00624	0.00549	0.00170	0.00773	0.00467	0.00377	0.07790
12	0.03849	0.53230	0.13981	0.01478	0.05710	0.06167	0.03848	0.02031	0.01384	0.01724	0.00994	0.01171	0.00856	0.00581	0.00487	0.00160	0.00785	0.00404	0.00292	0.00869
13	0.00969	0.00712	0.00912	0.00855	0.01022	0.00675	0.00644	0.01362	0.05564	0.02646	0.68708	0.04787	0.05989	0.01322	0.00771	0.00208	0.00322	0.01167	0.00722	0.00644
14	0.01374	0.12389	0.64937	0.01785	0.02708	0.01660	0.02273	0.02071	0.01384	0.02020	0.01149	0.01349	0.00835	0.00618	0.00601	0.00200	0.00940	0.00470	0.00278	0.00957
15	0.00890	0.00666	0.00826	0.00798	0.00961	0.00602	0.00594	0.01157	0.01747	0.02392	0.53759	0.09424	0.20843	0.01459	0.00781	0.00214	0.00320	0.01275	0.00693	0.00602
16	0.00802	0.00573	0.00764	0.00917	0.00955	0.00535	0.00611	0.00917	0.01260	0.01681	0.03628	0.76434	0.04354	0.02062	0.00840	0.00267	0.00382	0.01872	0.00611	0.00535
17	0.00961	0.00718	0.00892	0.00857	0.01034	0.00674	0.00656	0.03679	0.01755	0.02392	0.46461	0.07356	0.19343	0.01610	0.04167	0.00257	0.00418	0.05477	0.00671	0.00620
18	0.01320	0.03405	0.73453	0.01876	0.02849	0.01529	0.02432	0.02085	0.01390	0.02085	0.01181	0.01390	0.00834	0.00625	0.00625	0.00208	0.00973	0.00486	0.00278	0.00973
19	0.01495	0.01278	0.01473	0.01306	0.01644	0.01428	0.04151	0.05324	0.50387	0.02617	0.08630	0.07105	0.05408	0.01158	0.03331	0.00253	0.00566	0.00870	0.00641	0.00936
20	0.01484	0.07319	0.55425	0.01934	0.04690	0.05527	0.07214	0.05139	0.01503	0.02124	0.01188	0.01404	0.00866	0.00626	0.00626	0.00203	0.00963	0.00504	0.00304	0.00957
21	0.02020	0.49683	0.02860	0.01338	0.01818	0.29249	0.01181	0.02216	0.01534	0.01572	0.00953	0.01105	0.00846	0.00606	0.00486	0.00152	0.00884	0.00379	0.00303	0.00814
22	0.01453	0.01405	0.01939	0.32186	0.04604	0.06055	0.08809	0.02310	0.23280	0.02080	0.02028	0.02335	0.05568	0.00806	0.00683	0.00219	0.00770	0.02186	0.00444	0.00841
23	0.01529	0.08919	0.15620	0.02434	0.03119	0.01740	0.50006	0.02073	0.01487	0.02035	0.01251	0.01632	0.00952	0.00589	0.00769	0.00215	0.03739	0.00682	0.00317	0.00892

[dist]
# distance from previous block
# <min> <max>
0	1

[block]
# block no. 2 follows, 33 sequences, length 12
# corresponding to MSA columns:
# 97-108
name=unknown_C
#
# <colnr> <probs for GDERKNQSTAVLIFYWHMCP>
#	G	D	E	R	K	N	Q	S	T	A	V	L	I	F	Y	W	H	M	C	P
0	0.01255	0.00925	0.01157	0.06080	0.04696	0.00894	0.00829	0.04101	0.08097	0.07455	0.09359	0.18209	0.16725	0.07367	0.00929	0.00246	0.00489	0.01088	0.00568	0.09531
1	0.11466	0.22647	0.13264	0.01684	0.06900	0.20384	0.05966	0.04634	0.03835	0.02025	0.01113	0.01293	0.00900	0.00628	0.00551	0.00180	0.00872	0.00457	0.00343	0.00860
2	0.01448	0.01922	0.24319	0.03952	0.10782	0.01363	0.06998	0.02251	0.16494	0.05928	0.07695	0.04736	0.04457	0.00876	0.00690	0.00218	0.00729	0.03753	0.00473	0.00917
3	0.01465	0.01194	0.01462	0.01192	0.06359	0.00928	0.00873	0.01762	0.01401	0.05828	0.01249	0.01428	0.01014	0.00511	0.00508	0.00110	0.00511	0.00417	0.00408	0.71380
4	0.00798	0.00588	0.00749	0.00877	0.00945	0.00538	0.00594	0.00921	0.01298	0.01696	0.04107	0.65406	0.15073	0.02000	0.00830	0.00260	0.00374	0.01796	0.00611	0.00538
5	0.00895	0.00672	0.00830	0.00790	0.00961	0.00606	0.00593	0.01172	0.01778	0.02437	0.56900	0.05252	0.21848	0.01422	0.00777	0.00211	0.00316	0.01237	0.00698	0.00606
6	0.06406	0.10880	0.31701	0.02328	0.21190	0.01629	0.07381	0.02127	0.01445	0.07111	0.01262	0.01487	0.00953	0.00615	0.00611	0.00198	0.00846	0.00526	0.00341	0.00965
7	0.04049	0.05877	0.01513	0.01080	0.01575	0.06032	0.00873	0.06898	0.04848	0.09109	0.06477	0.01940	0.04627	0.00692	0.00559	0.00144	0.00555	0.00545	0.00486	0.42119
8	0.08395	0.06046	0.10703	0.01596	0.07622	0.01326	0.09595	0.09065	0.01666	0.09783	0.09313	0.02739	0.09797	0.01169	0.05585	0.00265	0.00749	0.03244	0.00496	0.00847
9	0.05582	0.18509	0.10897	0.03107	0.01979	0.07214	0.04668	0.11326	0.05447	0.11860	0.05068	0.03414	0.01468	0.00794	0.00676	0.00197	0.04085	0.02332	0.00475	0.00903
10	0.09065	0.10127	0.16189	0.04265	0.14414	0.01689	0.04907	0.08825	0.07652	0.06601	0.01396	0.01602	0.01077	0.00839	0.03155	0.00233	0.06071	0.00551	0.00408	0.00934
11	0.04678	0.01363	0.02008	0.30198	0.13435	0.03343	0.03747	0.05975	0.01472	0.06367	0.04502	0.01794	0.01205	0.00772	0.00909	0.00219	0.13686	0.00604	0.00380	0.03342

[dist]
# distance from previous block
# <min> <max>
6	14

[block]
# block no. 3 follows, 33 sequences, length 49
# corresponding to MSA columns:
# 123-171
name=unknown_D
#
# <colnr> <probs for GDERKNQSTAVLIFYWHMCP>
#	G	D	E	R	K	N	Q	S	T	A	V	L	I	F	Y	W	H	M	C	P
0	0.04405	0.01687	0.07649	0.16050	0.45620	0.04958	0.01890	0.02027	0.03693	0.02071	0.01237	0.01615	0.01004	0.00632	0.00679	0.00203	0.02734	0.00568	0.00330	0.00950
1	0.02063	0.10589	0.02113	0.06309	0.12986	0.43429	0.01370	0.02358	0.04360	0.01781	0.04277	0.01494	0.01162	0.00698	0.00631	0.00180	0.02525	0.00500	0.00357	0.00817
2	0.01010	0.00742	0.00839	0.00804	0.01024	0.00672	0.00606	0.01336	0.06520	0.06309	0.23630	0.10123	0.40959	0.01502	0.00767	0.00220	0.00357	0.01280	0.00658	0.00640
3	0.01365	0.01170	0.01365	0.00975	0.01560	0.00878	0.00780	0.01658	0.01365	0.02145	0.01170	0.01365	0.00975	0.00488	0.00488	0.00098	0.00488	0.00390	0.00390	0.80888
4	0.01554	0.01494	0.02534	0.15709	0.51085	0.01542	0.06277	0.02046	0.05508	0.02104	0.01314	0.01701	0.01066	0.00612	0.00658	0.00201	0.00797	0.00603	0.00342	0.02854
5	0.01905	0.01145	0.01355	0.01170	0.01532	0.01184	0.00930	0.04785	0.29891	0.24548	0.14761	0.03025	0.02667	0.00983	0.00689	0.00215	0.00498	0.03953	0.03806	0.00958
6	0.01693	0.01430	0.01784	0.15314	0.08418	0.05773	0.04332	0.13293	0.19885	0.06123	0.05264	0.10058	0.01886	0.00921	0.00687	0.00216	0.00685	0.00797	0.00537	0.00904
7	0.00942	0.00683	0.00954	0.00958	0.01041	0.00763	0.00698	0.01107	0.01035	0.01461	0.01900	0.05009	0.01928	0.25156	0.52324	0.00919	0.01410	0.00807	0.00372	0.00533
8	0.01824	0.70446	0.03304	0.01179	0.01721	0.09188	0.01140	0.02032	0.01386	0.01555	0.00925	0.01068	0.00845	0.00574	0.00438	0.00143	0.00748	0.00359	0.00287	0.00837
9	0.01232	0.01134	0.01868	0.61998	0.05924	0.01368	0.01687	0.01643	0.01313	0.01716	0.01296	0.01993	0.01044	0.00990	0.05822	0.00275	0.00909	0.02994	0.00313	0.04480
10	0.05467	0.23082	0.36945	0.01657	0.02387	0.11735	0.06118	0.02123	0.01438	0.01919	0.01084	0.01281	0.00843	0.00611	0.00565	0.00186	0.00916	0.00454	0.00297	0.00892
11	0.00940	0.00705	0.01058	0.01058	0.01176	0.00823	0.00823	0.01176	0.01058	0.01528	0.01763	0.02586	0.01646	0.04937	0.74255	0.01058	0.01763	0.00705	0.00353	0.00588
12	0.00958	0.00682	0.00932	0.01077	0.01178	0.00667	0.00859	0.01175	0.01392	0.01828	0.03474	0.33486	0.03938	0.05426	0.00997	0.00305	0.00523	0.39935	0.00598	0.00569
13	0.01038	0.00863	0.01212	0.01412	0.09910	0.02321	0.03518	0.01233	0.01355	0.01798	0.05790	0.36794	0.08714	0.08142	0.01071	0.00287	0.02931	0.10453	0.00535	0.00624
14	0.17150	0.08103	0.10795	0.04849	0.02252	0.07474	0.11278	0.20570	0.01886	0.07699	0.01324	0.01469	0.00971	0.00671	0.00600	0.00198	0.00800	0.00533	0.00456	0.00923
15	0.00955	0.00710	0.00914	0.01023	0.01139	0.00700	0.00777	0.01285	0.07384	0.01901	0.06288	0.42552	0.08096	0.01839	0.00840	0.00269	0.00456	0.21649	0.00619	0.00604
16	0.01445	0.00780	0.01007	0.00989	0.01172	0.00734	0.00726	0.03385	0.03056	0.19306	0.03059	0.38931	0.03183	0.09658	0.01046	0.00286	0.00477	0.05875	0.04186	0.00699
17	0.01887	0.08889	0.10073	0.04622	0.18731	0.10285	0.04759	0.16421	0.01830	0.05191	0.01348	0.01571	0.01046	0.00691	0.00686	0.00193	0.04316	0.00549	0.05971	0.00940
18	0.01269	0.00808	0.00939	0.00857	0.01115	0.00729	0.00657	0.05905	0.01710	0.13468	0.17714	0.11954	0.37459	0.01453	0.00758	0.00219	0.00396	0.01231	0.00668	0.00693
19	0.01526	0.01223	0.01545	0.01113	0.01695	0.00966	0.04935	0.03909	0.01467	0.07357	0.01296	0.01460	0.01028	0.00525	0.00523	0.00116	0.00537	0.00439	0.00426	0.67915
20	0.01346	0.07786	0.69301	0.01832	0.02781	0.01593	0.02355	0.02078	0.01387	0.02053	0.01166	0.01370	0.00835	0.00622	0.00613	0.00204	0.00957	0.00478	0.00278	0.00965
21	0.01243	0.01170	0.01975	0.75282	0.04534	0.01463	0.01828	0.01682	0.01316	0.01682	0.01170	0.01755	0.00878	0.00658	0.00658	0.00219	0.00878	0.00585	0.00293	0.00731
22	0.01044	0.00854	0.01114	0.00978	0.01243	0.00803	0.08076	0.01461	0.08467	0.02112	0.11103	0.04690	0.37979	0.01291	0.00716	0.00211	0.00435	0.02573	0.14197	0.00657
23	0.01169	0.01062	0.01701	0.42129	0.13289	0.01203	0.01483	0.01515	0.01366	0.01772	0.02325	0.13197	0.10787	0.01020	0.00708	0.00226	0.00713	0.03221	0.00395	0.00721
24	0.02411	0.02889	0.01829	0.01644	0.01999	0.63435	0.01243	0.05287	0.07426	0.04059	0.01220	0.01336	0.00975	0.00704	0.00604	0.00176	0.01097	0.00463	0.00392	0.00810
25	0.01028	0.00702	0.00864	0.00806	0.01005	0.00626	0.00610	0.01293	0.01761	0.07291	0.48650	0.05140	0.24962	0.01401	0.00769	0.00211	0.00334	0.01211	0.00698	0.00637
26	0.19441	0.01037	0.01144	0.00954	0.01321	0.01036	0.00770	0.07218	0.01668	0.28662	0.07095	0.02189	0.01740	0.00794	0.00560	0.00190	0.00474	0.00616	0.22231	0.00858
27	0.00901	0.00669	0.00821	0.00785	0.00942	0.00608	0.00577	0.01156	0.01714	0.02346	0.52659	0.05176	0.20219	0.07383	0.00980	0.00244	0.00341	0.01215	0.00674	0.00589
28	0.00859	0.00650	0.00749	0.00770	0.00917	0.00585	0.00555	0.01040	0.01476	0.01922	0.19627	0.18048	0.33837	0.09723	0.01060	0.00273	0.00379	0.03914	0.03063	0.00553
29	0.81514	0.01273	0.00968	0.00866	0.01273	0.01477	0.00713	0.01935	0.01120	0.02954	0.00917	0.01069	0.00713	0.00611	0.00407	0.00204	0.00509	0.00356	0.00407	0.00713
30	0.01837	0.01220	0.01455	0.01076	0.01631	0.01017	0.00870	0.07466	0.04111	0.19015	0.01591	0.01626	0.01177	0.00602	0.00548	0.00135	0.00524	0.00482	0.00521	0.53096
31	0.00864	0.00641	0.00837	0.00958	0.01009	0.00636	0.00653	0.01055	0.04364	0.01715	0.03456	0.68897	0.04085	0.03761	0.00937	0.00275	0.02941	0.01756	0.00598	0.00560
32	0.01625	0.01754	0.02056	0.01760	0.01844	0.14838	0.03862	0.01789	0.01180	0.01608	0.00908	0.01407	0.00866	0.01047	0.01833	0.00265	0.59769	0.00556	0.00299	0.00734
33	0.02441	0.01785	0.01910	0.01471	0.01980	0.01973	0.01213	0.67242	0.03013	0.04067	0.01608	0.01623	0.01147	0.00789	0.00649	0.00195	0.00704	0.00594	0.04500	0.01095
34	0.81514	0.01273	0.00968	0.00866	0.01273	0.01477	0.00713	0.01935	0.01120	0.02954	0.00917	0.01069	0.00713	0.00611	0.00407	0.00204	0.00509	0.00356	0.00407	0.00713
35	0.01629	0.01564	0.02672	0.04041	0.72757	0.01564	0.02020	0.02020	0.01499	0.02151	0.01238	0.01629	0.01043	0.00587	0.00652	0.00196	0.00782	0.00587	0.00326	0.01043
36	0.01662	0.01426	0.01503	0.01345	0.01721	0.01649	0.01048	0.05419	0.69607	0.02794	0.02648	0.02431	0.01984	0.00890	0.00670	0.00223	0.00527	0.00740	0.00670	0.01044
37	0.02503	0.01844	0.01976	0.01515	0.02042	0.02042	0.01251	0.70562	0.03095	0.04149	0.01581	0.01581	0.01120	0.00790	0.00659	0.00198	0.00724	0.00593	0.00659	0.01120
38	0.00817	0.00587	0.00751	0.00875	0.00924	0.00548	0.00579	0.00923	0.01247	0.01645	0.03704	0.63086	0.09588	0.10066	0.01105	0.00304	0.00406	0.01735	0.00588	0.00522
39	0.01099	0.00766	0.00976	0.00973	0.01151	0.00748	0.00758	0.01522	0.08317	0.05490	0.35821	0.14418	0.07138	0.01470	0.00791	0.00236	0.00413	0.15023	0.02225	0.00667
40	0.01760	0.77260	0.03450	0.01126	0.01690	0.02605	0.01126	0.01971	0.01338	0.01549	0.00915	0.01056	0.00845	0.00563	0.00422	0.00141	0.00704	0.00352	0.00282	0.00845
41	0.00869	0.00642	0.00824	0.00948	0.01035	0.00612	0.00680	0.01083	0.04040	0.01774	0.03908	0.55958	0.11716	0.01939	0.00837	0.00266	0.00414	0.11277	0.00613	0.00567
42	0.00852	0.00601	0.00757	0.00862	0.00902	0.00571	0.00564	0.00944	0.01198	0.01586	0.03341	0.51597	0.06831	0.22148	0.01515	0.00366	0.00456	0.03853	0.00554	0.00502
43	0.01403	0.00778	0.01013	0.00898	0.01142	0.00696	0.00693	0.01680	0.01816	0.19618	0.47139	0.06480	0.11472	0.01269	0.00751	0.00209	0.00375	0.01102	0.00732	0.00733
44	0.01048	0.00770	0.00987	0.00980	0.01149	0.00746	0.02623	0.05621	0.02809	0.01983	0.08944	0.21541	0.20795	0.01777	0.02907	0.08647	0.00499	0.12236	0.03344	0.00593
45	0.01642	0.30666	0.31750	0.01670	0.02384	0.10507	0.08880	0.02109	0.01444	0.01832	0.01079	0.01282	0.00857	0.00601	0.00562	0.00180	0.00912	0.00459	0.00292	0.00892
46	0.02413	0.01708	0.04529	0.01408	0.01909	0.04894	0.01182	0.40144	0.09996	0.19037	0.01905	0.01829	0.01327	0.00795	0.00649	0.00199	0.00680	0.00614	0.03711	0.01071
47	0.01395	0.01370	0.01913	0.01651	0.01656	0.01899	0.01364	0.01537	0.01008	0.01567	0.00961	0.01626	0.00971	0.04867	0.05421	0.00339	0.68860	0.00600	0.00296	0.00699
48	0.01584	0.10405	0.21963	0.09552	0.26876	0.01707	0.08955	0.07370	0.01565	0.02174	0.01217	0.01524	0.00950	0.00614	0.00633	0.00198	0.00863	0.00553	0.00332	0.00963

[dist]
# distance from previous block
# <min> <max>
0	2

[block]
# block no. 4 follows, 33 sequences, length 8
# corresponding to MSA columns:
# 174-181
name=unknown_E
#
# <colnr> <probs for GDERKNQSTAVLIFYWHMCP>
#	G	D	E	R	K	N	Q	S	T	A	V	L	I	F	Y	W	H	M	C	P
0	0.01714	0.01675	0.02035	0.21045	0.20155	0.13775	0.01561	0.11179	0.01659	0.02132	0.01332	0.05263	0.01140	0.00790	0.00819	0.00210	0.09319	0.00623	0.02723	0.00852
1	0.00816	0.00606	0.00763	0.00872	0.00961	0.00554	0.00608	0.00960	0.01355	0.01766	0.07959	0.54709	0.18815	0.01930	0.00827	0.00256	0.00378	0.04702	0.00617	0.00547
2	0.01515	0.01324	0.01339	0.01029	0.01532	0.09216	0.00811	0.01774	0.01475	0.06715	0.01990	0.02074	0.10667	0.00690	0.00550	0.00130	0.00551	0.00547	0.00442	0.55630
3	0.12508	0.07674	0.01800	0.01422	0.01644	0.15029	0.01165	0.07350	0.01401	0.02030	0.01106	0.01470	0.00967	0.01153	0.06243	0.00280	0.29928	0.00514	0.05563	0.00753
4	0.01028	0.00762	0.00945	0.00958	0.01132	0.00732	0.00751	0.06300	0.01696	0.02258	0.25913	0.18105	0.17327	0.01606	0.00812	0.00243	0.00430	0.17723	0.00650	0.00627
5	0.02188	0.01865	0.01787	0.01477	0.01923	0.11650	0.01179	0.37414	0.27402	0.03307	0.01897	0.01840	0.01401	0.00812	0.00654	0.00203	0.00714	0.00624	0.00619	0.01044
6	0.01725	0.11806	0.02539	0.12331	0.42813	0.04821	0.01734	0.05966	0.03881	0.04355	0.01286	0.01593	0.01041	0.00625	0.00620	0.00191	0.00782	0.00556	0.00362	0.00971
7	0.02261	0.02263	0.01923	0.04444	0.11223	0.34975	0.01324	0.18759	0.02058	0.07252	0.01392	0.04070	0.01120	0.00744	0.00629	0.00185	0.00919	0.00557	0.00456	0.03445

[dist]
# distance from previous block
# <min> <max>
0	1

[block]
# block no. 5 follows, 33 sequences, length 89
# corresponding to MSA columns:
# 183-271
name=unknown_F
#
# <colnr> <probs for GDERKNQSTAVLIFYWHMCP>
#	G	D	E	R	K	N	Q	S	T	A	V	L	I	F	Y	W	H	M	C	P
0	0.01479	0.01759	0.15547	0.27097	0.32446	0.01511	0.01967	0.02009	0.04165	0.03883	0.01297	0.01675	0.01002	0.00636	0.00650	0.00207	0.00833	0.00576	0.00332	0.00928
1	0.01268	0.06881	0.13575	0.01949	0.07701	0.01296	0.24501	0.01661	0.01403	0.01915	0.02096	0.28448	0.02170	0.01110	0.00741	0.00228	0.00773	0.01080	0.00420	0.00783
2	0.81514	0.01273	0.00968	0.00866	0.01273	0.01477	0.00713	0.01935	0.01120	0.02954	0.00917	0.01069	0.00713	0.00611	0.00407	0.00204	0.00509	0.00356	0.00407	0.00713
3	0.01144	0.00572	0.00858	0.00858	0.00858	0.00572	0.00572	0.00858	0.00858	0.01144	0.01144	0.02001	0.01144	0.02287	0.02573	0.80846	0.00572	0.00572	0.00286	0.00286
4	0.01615	0.01652	0.06241	0.07067	0.52691	0.04064	0.01850	0.04372	0.05700	0.02233	0.05070	0.01828	0.01348	0.00660	0.00656	0.00199	0.00769	0.00617	0.00374	0.00994
5	0.01518	0.03619	0.02210	0.01554	0.02136	0.01212	0.21511	0.01879	0.01433	0.05776	0.01273	0.01526	0.01008	0.00553	0.00646	0.00149	0.03600	0.00525	0.00388	0.47486
6	0.00944	0.00619	0.00823	0.00940	0.01010	0.00579	0.00650	0.01073	0.01296	0.05540	0.03481	0.63908	0.04065	0.05919	0.00968	0.00286	0.00420	0.06306	0.00611	0.00564
7	0.01420	0.01350	0.02293	0.42757	0.35681	0.01509	0.01916	0.01837	0.01400	0.01896	0.01201	0.01698	0.00953	0.00625	0.00655	0.00208	0.00834	0.00586	0.00308	0.00874
8	0.00941	0.00703	0.01045	0.01045	0.01158	0.00816	0.00806	0.01167	0.01054	0.01518	0.01775	0.02653	0.01675	0.07729	0.71503	0.01042	0.01720	0.00715	0.00354	0.00580
9	0.01135	0.00875	0.01084	0.01156	0.01332	0.00923	0.00919	0.01793	0.19968	0.02089	0.03316	0.27083	0.03490	0.01648	0.00825	0.00271	0.00516	0.30254	0.00625	0.00700
10	0.01760	0.77260	0.03450	0.01126	0.01690	0.02605	0.01126	0.01971	0.01338	0.01549	0.00915	0.01056	0.00845	0.00563	0.00422	0.00141	0.00704	0.00352	0.00282	0.00845
11	0.02407	0.02775	0.01969	0.01703	0.02092	0.55817	0.04895	0.12717	0.04028	0.03803	0.01204	0.01339	0.00949	0.00698	0.00617	0.00179	0.01080	0.00483	0.00407	0.00839
12	0.01466	0.01036	0.01195	0.01130	0.01380	0.01100	0.00857	0.05590	0.27863	0.09823	0.03001	0.21391	0.05155	0.08805	0.01001	0.00279	0.00513	0.06967	0.00636	0.00810
13	0.01577	0.01502	0.02512	0.13675	0.59557	0.01554	0.01941	0.02054	0.05256	0.02119	0.01307	0.01691	0.01072	0.00613	0.00654	0.00200	0.00781	0.00595	0.00340	0.01000
14	0.01148	0.01151	0.02176	0.01704	0.02078	0.01062	0.32489	0.01488	0.01486	0.01956	0.07398	0.21948	0.18535	0.01240	0.00793	0.00233	0.00699	0.01220	0.00491	0.00706
15	0.01320	0.03405	0.73453	0.01876	0.02849	0.01529	0.02432	0.02085	0.01390	0.02085	0.01181	0.01390	0.00834	0.00625	0.00625	0.00208	0.00973	0.00486	0.00278	0.00973
16	0.00903	0.00790	0.00990	0.01107	0.08634	0.00698	0.02586	0.01114	0.01522	0.01892	0.11085	0.08316	0.54969	0.01511	0.00767	0.00220	0.00403	0.01290	0.00582	0.00621
17	0.01589	0.16179	0.46890	0.01755	0.02557	0.08536	0.06375	0.02165	0.01457	0.04976	0.01189	0.01373	0.00882	0.00623	0.00598	0.00194	0.00937	0.00483	0.00311	0.00932
18	0.01243	0.01170	0.01975	0.75282	0.04534	0.01463	0.01828	0.01682	0.01316	0.01682	0.01170	0.01755	0.00878	0.00658	0.00658	0.00219	0.00878	0.00585	0.00293	0.00731
19	0.81514	0.01273	0.00968	0.00866	0.01273	0.01477	0.00713	0.01935	0.01120	0.02954	0.00917	0.01069	0.00713	0.00611	0.00407	0.00204	0.00509	0.00356	0.00407	0.00713
20	0.00851	0.00647	0.00788	0.00831	0.00973	0.00583	0.00612	0.01053	0.01532	0.02009	0.24245	0.27520	0.27409	0.01708	0.00807	0.00238	0.00363	0.06618	0.00643	0.00572
21	0.02384	0.01785	0.01909	0.01491	0.01996	0.01986	0.01223	0.61387	0.12463	0.03958	0.01731	0.01700	0.01241	0.00804	0.00660	0.00201	0.00697	0.00613	0.00660	0.01109
22	0.00998	0.00750	0.00869	0.00919	0.01091	0.00735	0.00703	0.01412	0.10478	0.01988	0.04246	0.24209	0.24447	0.01604	0.00772	0.00242	0.00420	0.14238	0.09248	0.00629
23	0.01573	0.01507	0.02570	0.14422	0.62816	0.01549	0.01992	0.01971	0.01472	0.02082	0.01228	0.01648	0.01019	0.00597	0.00653	0.00199	0.00796	0.00586	0.00321	0.00997
24	0.00957	0.00703	0.00875	0.00959	0.01057	0.00686	0.00667	0.06164	0.03781	0.01927	0.05194	0.62744	0.08003	0.01890	0.00816	0.00257	0.00408	0.01696	0.00619	0.00598
25	0.02459	0.03138	0.01866	0.01696	0.02035	0.74221	0.01272	0.02629	0.01866	0.01611	0.01018	0.01187	0.00848	0.00678	0.00594	0.00170	0.01187	0.00424	0.00339	0.00763
26	0.81514	0.01273	0.00968	0.00866	0.01273	0.01477	0.00713	0.01935	0.01120	0.02954	0.00917	0.01069	0.00713	0.00611	0.00407	0.00204	0.00509	0.00356	0.00407	0.00713
27	0.01106	0.00801	0.00925	0.00916	0.01056	0.00797	0.00671	0.08809	0.01448	0.01876	0.03374	0.09450	0.17241	0.31955	0.01835	0.00408	0.00562	0.15676	0.00530	0.00565
28	0.01781	0.01486	0.01570	0.01369	0.01767	0.01705	0.01077	0.14664	0.60168	0.02986	0.02497	0.02310	0.01861	0.00876	0.00668	0.00219	0.00555	0.00719	0.00668	0.01055
29	0.00947	0.00662	0.00768	0.00800	0.00839	0.00658	0.00497	0.01068	0.04073	0.01472	0.02706	0.20152	0.06292	0.51424	0.02491	0.00509	0.00561	0.03137	0.00473	0.00470
30	0.01046	0.00646	0.00860	0.00953	0.01055	0.00595	0.00672	0.01189	0.01351	0.09331	0.03616	0.61917	0.06405	0.01901	0.00823	0.00261	0.00413	0.05732	0.00633	0.00602
31	0.30916	0.01197	0.03428	0.03081	0.03965	0.01216	0.00915	0.07397	0.01488	0.17334	0.01678	0.04661	0.01306	0.01204	0.08401	0.00291	0.00676	0.00582	0.09445	0.00818
32	0.01633	0.01657	0.11076	0.01466	0.01909	0.04282	0.07845	0.06555	0.34002	0.06083	0.02193	0.05417	0.01752	0.06050	0.00850	0.00243	0.00668	0.00744	0.04647	0.00928
33	0.01883	0.64570	0.03193	0.01204	0.01749	0.07034	0.01149	0.09328	0.01558	0.01830	0.00993	0.01120	0.00874	0.00595	0.00458	0.00149	0.00736	0.00382	0.00325	0.00869
34	0.05203	0.00804	0.00951	0.00985	0.01111	0.00817	0.00698	0.10847	0.01485	0.02056	0.03003	0.50466	0.03447	0.11029	0.01105	0.00301	0.00477	0.04021	0.00581	0.00613
35	0.03433	0.10480	0.11760	0.13631	0.08598	0.19958	0.14557	0.02224	0.05603	0.01910	0.01224	0.01508	0.00960	0.00636	0.00629	0.00195	0.00956	0.00547	0.00336	0.00856
36	0.21175	0.26379	0.04967	0.01250	0.01737	0.03955	0.04021	0.13504	0.04082	0.04937	0.01395	0.04124	0.01195	0.00750	0.00541	0.00190	0.00675	0.03826	0.00438	0.00858
37	0.01571	0.01532	0.02521	0.13137	0.57426	0.03599	0.03771	0.01958	0.01487	0.02060	0.01415	0.01801	0.03508	0.00635	0.00659	0.00200	0.00799	0.00615	0.00332	0.00973
38	0.02387	0.01786	0.01910	0.01491	0.01997	0.01987	0.01223	0.61576	0.12270	0.03962	0.01728	0.01698	0.01239	0.00804	0.00660	0.00201	0.00697	0.00613	0.00660	0.01109
39	0.01178	0.00999	0.01246	0.02772	0.01366	0.04297	0.03304	0.04408	0.03063	0.01970	0.16517	0.05710	0.12828	0.08715	0.09095	0.03793	0.09987	0.07614	0.00506	0.00632
40	0.01924	0.00925	0.01224	0.01020	0.01375	0.00810	0.00821	0.02200	0.01800	0.36059	0.26810	0.03633	0.06486	0.01081	0.00711	0.00205	0.00462	0.05376	0.00732	0.06348
41	0.00847	0.00640	0.00767	0.00813	0.00952	0.00584	0.00590	0.01033	0.01451	0.01905	0.15935	0.28779	0.30191	0.01910	0.05219	0.00285	0.00439	0.03360	0.03736	0.00565
42	0.02148	0.02485	0.01723	0.01561	0.01913	0.46741	0.01185	0.02958	0.28255	0.02044	0.01647	0.01668	0.01288	0.00760	0.00622	0.00190	0.00935	0.00545	0.00464	0.00869
43	0.00890	0.00645	0.00818	0.00908	0.01000	0.00609	0.00661	0.01053	0.01357	0.01783	0.10177	0.34437	0.13238	0.13424	0.01228	0.00321	0.00456	0.15868	0.00588	0.00540
44	0.00809	0.00589	0.00763	0.00886	0.00951	0.00543	0.00601	0.00943	0.01327	0.01760	0.08917	0.64536	0.11003	0.01973	0.00830	0.00259	0.00372	0.01776	0.00619	0.00543
45	0.01760	0.77260	0.03450	0.01126	0.01690	0.02605	0.01126	0.01971	0.01338	0.01549	0.00915	0.01056	0.00845	0.00563	0.00422	0.00141	0.00704	0.00352	0.00282	0.00845
46	0.02246	0.01385	0.01586	0.01311	0.01757	0.01472	0.01052	0.14868	0.35477	0.27643	0.02463	0.02231	0.01724	0.00848	0.00665	0.00212	0.00570	0.00690	0.00719	0.01083
47	0.01365	0.01170	0.01365	0.00975	0.01560	0.00878	0.00780	0.01658	0.01365	0.02145	0.01170	0.01365	0.00975	0.00488	0.00488	0.00098	0.00488	0.00390	0.00390	0.80888
48	0.81514	0.01273	0.00968	0.00866	0.01273	0.01477	0.00713	0.01935	0.01120	0.02954	0.00917	0.01069	0.00713	0.00611	0.00407	0.00204	0.00509	0.00356	0.00407	0.00713
49	0.01440	0.01440	0.02016	0.01728	0.01728	0.02016	0.01440	0.01584	0.01008	0.01584	0.00864	0.01440	0.00864	0.01152	0.02160	0.00288	0.75659	0.00576	0.00288	0.00720
50	0.01034	0.00762	0.00957	0.00892	0.01070	0.00737	0.00672	0.04311	0.05994	0.02664	0.61896	0.08155	0.05656	0.01331	0.00768	0.00211	0.00344	0.01172	0.00713	0.00663
51	0.02412	0.10289	0.02006	0.01618	0.01986	0.64109	0.01245	0.02589	0.01815	0.04654	0.01075	0.01219	0.00881	0.00673	0.00580	0.00168	0.01113	0.00427	0.00354	0.00786
52	0.00957	0.00638	0.00718	0.00718	0.00718	0.00638	0.00399	0.00957	0.00957	0.01276	0.02074	0.04308	0.02393	0.76864	0.03351	0.00638	0.00638	0.00957	0.00399	0.00399
53	0.00985	0.00696	0.00922	0.01019	0.01150	0.00670	0.00827	0.01172	0.01412	0.01821	0.06210	0.13705	0.15834	0.04043	0.01123	0.08882	0.00521	0.37889	0.00572	0.00550
54	0.01760	0.77260	0.03450	0.01126	0.01690	0.02605	0.01126	0.01971	0.01338	0.01549	0.00915	0.01056	0.00845	0.00563	0.00422	0.00141	0.00704	0.00352	0.00282	0.00845
55	0.01398	0.11065	0.56734	0.01916	0.02804	0.01662	0.11329	0.02076	0.01406	0.02031	0.01173	0.01406	0.00857	0.00609	0.00624	0.00203	0.00962	0.00511	0.00286	0.00948
56	0.01270	0.00944	0.01106	0.01026	0.01267	0.00989	0.00794	0.02109	0.25695	0.05120	0.37703	0.03981	0.04193	0.01165	0.00725	0.00215	0.00409	0.04993	0.05513	0.00782
57	0.11200	0.01208	0.01450	0.01146	0.01624	0.03888	0.00938	0.02979	0.03770	0.58429	0.02501	0.02224	0.03983	0.00820	0.00636	0.00204	0.00570	0.00648	0.00742	0.01041
58	0.00955	0.00768	0.00868	0.00824	0.01002	0.03481	0.00618	0.01226	0.01777	0.02394	0.53948	0.05110	0.21804	0.01396	0.00770	0.00209	0.00350	0.01208	0.00683	0.00611
59	0.09620	0.01255	0.01491	0.01185	0.01651	0.01244	0.00969	0.14210	0.09771	0.43209	0.02260	0.02064	0.01509	0.00798	0.00627	0.00202	0.00563	0.00629	0.05698	0.01044
60	0.00904	0.00657	0.00855	0.00979	0.01066	0.00634	0.00723	0.01114	0.03323	0.01768	0.03650	0.46665	0.08267	0.06891	0.01016	0.00297	0.00460	0.19572	0.00597	0.00561
61	0.02240	0.03368	0.06101	0.09155	0.02156	0.04225	0.03635	0.12172	0.11182	0.31000	0.02014	0.01969	0.01387	0.00783	0.00700	0.00207	0.03194	0.00628	0.02882	0.01003
62	0.02818	0.01090	0.01484	0.01148	0.01634	0.00944	0.00944	0.03076	0.01883	0.68474	0.07285	0.02420	0.01937	0.00850	0.00670	0.00204	0.00543	0.00698	0.00809	0.01087
63	0.01965	0.01304	0.01420	0.01161	0.01536	0.01401	0.00935	0.33604	0.09261	0.08762	0.07568	0.02232	0.01814	0.00840	0.00613	0.00189	0.00540	0.00667	0.23260	0.00929
64	0.01685	0.52859	0.16205	0.01461	0.02101	0.05088	0.08755	0.02032	0.01391	0.01709	0.01012	0.01199	0.00859	0.00578	0.00504	0.00163	0.00815	0.00425	0.00289	0.00870
65	0.01216	0.00866	0.00950	0.00916	0.01108	0.03640	0.00692	0.05152	0.06022	0.04190	0.09827	0.13897	0.12123	0.01872	0.13534	0.00352	0.00654	0.00977	0.21346	0.00665
66	0.10696	0.00962	0.01166	0.00959	0.01331	0.00897	0.00774	0.02455	0.01664	0.40640	0.08070	0.02395	0.01927	0.00824	0.00589	0.00190	0.00465	0.00660	0.22439	0.00898
67	0.00824	0.00633	0.00757	0.00811	0.00945	0.00565	0.00582	0.01001	0.01475	0.01911	0.18117	0.34096	0.30735	0.01767	0.00806	0.00239	0.00355	0.03185	0.00633	0.00561
68	0.00812	0.00665	0.00716	0.00710	0.00912	0.00569	0.00530	0.01008	0.01571	0.01961	0.20757	0.08380	0.55900	0.01611	0.00780	0.00221	0.00330	0.01363	0.00636	0.00569
69	0.01066	0.00644	0.00741	0.00716	0.00874	0.00614	0.00537	0.01367	0.01612	0.02505	0.35139	0.03807	0.07526	0.01084	0.00624	0.00182	0.00310	0.00923	0.39112	0.00614
70	0.00822	0.00655	0.00737	0.00745	0.00923	0.00570	0.00548	0.01020	0.01563	0.01993	0.23696	0.15770	0.45358	0.01637	0.00786	0.00225	0.00334	0.01404	0.00641	0.00570
71	0.01760	0.77260	0.03450	0.01126	0.01690	0.02605	0.01126	0.01971	0.01338	0.01549	0.00915	0.01056	0.00845	0.00563	0.00422	0.00141	0.00704	0.00352	0.00282	0.00845
72	0.00984	0.00680	0.00851	0.00809	0.00982	0.00618	0.00606	0.01260	0.01755	0.04930	0.52957	0.08453	0.16486	0.01390	0.00762	0.00210	0.00326	0.01213	0.04101	0.00624
73	0.00904	0.00672	0.00842	0.00799	0.00967	0.00609	0.00599	0.01189	0.01798	0.02485	0.60610	0.05172	0.18108	0.01404	0.00777	0.00210	0.00315	0.01226	0.00704	0.00609
74	0.01320	0.03405	0.73453	0.01876	0.02849	0.01529	0.02432	0.02085	0.01390	0.02085	0.01181	0.01390	0.00834	0.00625	0.00625	0.00208	0.00973	0.00486	0.00278	0.00973
75	0.81514	0.01273	0.00968	0.00866	0.01273	0.01477	0.00713	0.01935	0.01120	0.02954	0.00917	0.01069	0.00713	0.00611	0.00407	0.00204	0.00509	0.00356	0.00407	0.00713
76	0.00882	0.00666	0.00809	0.00798	0.00959	0.00601	0.00594	0.01125	0.01666	0.02239	0.42639	0.10704	0.25539	0.04171	0.00877	0.00235	0.00346	0.03897	0.00667	0.00587
77	0.01797	0.01610	0.01571	0.01389	0.01774	0.08126	0.01083	0.10149	0.58506	0.02792	0.02422	0.02256	0.01817	0.00864	0.00662	0.00216	0.00601	0.00701	0.00639	0.01025
78	0.05895	0.01621	0.01785	0.01381	0.01879	0.01739	0.01135	0.51056	0.02683	0.17883	0.01780	0.01771	0.01245	0.02472	0.00704	0.00208	0.00671	0.00605	0.02410	0.01075
79	0.04431	0.00774	0.00899	0.00831	0.01065	0.00708	0.00638	0.01353	0.04322	0.04218	0.37987	0.04836	0.25266	0.01333	0.00737	0.00207	0.00362	0.03036	0.00650	0.06347
80	0.01145	0.00811	0.01008	0.00925	0.01132	0.00797	0.00704	0.01693	0.12694	0.06271	0.58002	0.04398	0.05324	0.01248	0.00754	0.00209	0.00356	0.01094	0.00721	0.00712
81	0.03850	0.02576	0.43196	0.09999	0.02862	0.01538	0.09412	0.09352	0.01607	0.04811	0.03764	0.01636	0.01099	0.00670	0.00649	0.00210	0.00899	0.00567	0.00364	0.00938
82	0.01688	0.01741	0.02847	0.02738	0.23266	0.08194	0.28713	0.07912	0.01625	0.02168	0.01311	0.01762	0.01074	0.03493	0.03677	0.00258	0.05605	0.00664	0.00360	0.00903
83	0.00807	0.00579	0.00759	0.00900	0.00944	0.00539	0.00599	0.00919	0.01259	0.01670	0.03689	0.71228	0.06869	0.04689	0.00927	0.00279	0.00389	0.01821	0.00604	0.00531
84	0.00790	0.00666	0.00676	0.00674	0.00886	0.00561	0.00501	0.00956	0.01494	0.01791	0.08802	0.06215	0.67709	0.04303	0.00869	0.00236	0.00343	0.01367	0.00608	0.00553
85	0.03873	0.06305	0.04814	0.11153	0.50475	0.03779	0.06186	0.02004	0.01470	0.02066	0.01200	0.01580	0.00989	0.00595	0.00637	0.00196	0.00818	0.00569	0.00321	0.00968
86	0.01354	0.01989	0.22126	0.08480	0.02997	0.01453	0.35082	0.01897	0.01436	0.01991	0.01603	0.06205	0.03369	0.01005	0.05758	0.00278	0.01031	0.00759	0.00341	0.00846
87	0.01724	0.00907	0.01036	0.00905	0.01184	0.00894	0.00708	0.12182	0.01742	0.17945	0.02566	0.10380	0.05764	0.00968	0.00592	0.00187	0.00434	0.00798	0.38297	0.00788
88	0.01343	0.01776	0.16977	0.03986	0.05015	0.01350	0.28937	0.05468	0.01552	0.02096	0.02477	0.04769	0.15617	0.01070	0.04336	0.00259	0.00897	0.00848	0.00403	0.00827

[dist]
# distance from previous block
# <min> <max>
0	1

[block]
# block no. 6 follows, 33 sequences, length 43
# corresponding to MSA columns:
# 273-315
name=unknown_G
#
# <colnr> <probs for GDERKNQSTAVLIFYWHMCP>
#	G	D	E	R	K	N	Q	S	T	A	V	L	I	F	Y	W	H	M	C	P
0	0.01542	0.01496	0.02332	0.32761	0.34422	0.05200	0.04269	0.04350	0.03511	0.02018	0.01256	0.01686	0.00994	0.00635	0.00657	0.00206	0.00844	0.00589	0.00335	0.00899
1	0.03742	0.01634	0.03831	0.33756	0.05465	0.17419	0.01482	0.05011	0.01524	0.01863	0.01564	0.09371	0.01450	0.00906	0.00716	0.00219	0.02992	0.05928	0.00379	0.00744
2	0.34629	0.04089	0.01853	0.02045	0.22659	0.11982	0.03229	0.08305	0.01537	0.02565	0.01098	0.01318	0.00879	0.00627	0.00540	0.00194	0.00730	0.00467	0.00390	0.00864
3	0.01013	0.00837	0.01266	0.01451	0.10428	0.00811	0.04973	0.01241	0.01428	0.01924	0.11762	0.37079	0.10204	0.01607	0.00841	0.00249	0.02441	0.09235	0.00563	0.00647
4	0.07536	0.05438	0.06946	0.06237	0.06093	0.05076	0.02508	0.06939	0.04858	0.18011	0.01553	0.01629	0.01134	0.00650	0.00579	0.00171	0.00660	0.00516	0.00489	0.22978
5	0.00971	0.00732	0.00912	0.00956	0.01132	0.00676	0.00765	0.01194	0.01451	0.01890	0.09068	0.11131	0.21254	0.09416	0.01083	0.00293	0.00494	0.29801	0.00580	0.06201
6	0.00927	0.00693	0.00782	0.00778	0.00958	0.00640	0.00576	0.01241	0.05510	0.02154	0.24976	0.14142	0.32121	0.01475	0.00743	0.00216	0.00340	0.01266	0.09857	0.00606
7	0.00940	0.00638	0.00716	0.00722	0.00738	0.00629	0.00414	0.00955	0.01004	0.01325	0.02433	0.07172	0.07049	0.69116	0.03088	0.00597	0.00609	0.01020	0.00421	0.00414
8	0.00904	0.00661	0.00849	0.00825	0.00972	0.00606	0.00610	0.01180	0.01764	0.02458	0.59055	0.13193	0.11556	0.01455	0.00784	0.00215	0.00321	0.01285	0.00702	0.00606
9	0.00803	0.00605	0.00732	0.00829	0.00921	0.00547	0.00565	0.00928	0.01317	0.01688	0.04473	0.50873	0.25141	0.06154	0.00963	0.00274	0.00382	0.01672	0.00599	0.00534
10	0.02479	0.03057	0.01852	0.01675	0.02021	0.71306	0.01260	0.02652	0.01866	0.04460	0.01080	0.01229	0.00879	0.00684	0.00596	0.00171	0.01162	0.00433	0.00358	0.00777
11	0.01629	0.01564	0.02672	0.04041	0.72757	0.01564	0.02020	0.02020	0.01499	0.02151	0.01238	0.01629	0.01043	0.00587	0.00652	0.00196	0.00782	0.00587	0.00326	0.01043
12	0.00799	0.00655	0.00699	0.00723	0.00908	0.00562	0.00531	0.00961	0.01464	0.01785	0.08313	0.16314	0.56775	0.03868	0.00864	0.00242	0.00355	0.03023	0.00609	0.00552
13	0.01760	0.77260	0.03450	0.01126	0.01690	0.02605	0.01126	0.01971	0.01338	0.01549	0.00915	0.01056	0.00845	0.00563	0.00422	0.00141	0.00704	0.00352	0.00282	0.00845
14	0.01243	0.01170	0.01975	0.75282	0.04534	0.01463	0.01828	0.01682	0.01316	0.01682	0.01170	0.01755	0.00878	0.00658	0.00658	0.00219	0.00878	0.00585	0.00293	0.00731
15	0.00802	0.00573	0.00764	0.00917	0.00955	0.00535	0.00611	0.00917	0.01260	0.01681	0.03628	0.76434	0.04354	0.02062	0.00840	0.00267	0.00382	0.01872	0.00611	0.00535
16	0.00806	0.00665	0.00708	0.00704	0.00908	0.00566	0.00525	0.00996	0.01555	0.01926	0.18075	0.08641	0.58397	0.01625	0.00780	0.00221	0.00331	0.01372	0.00631	0.00566
17	0.00821	0.00591	0.00764	0.00895	0.00948	0.00552	0.00604	0.00937	0.01264	0.01668	0.03721	0.63897	0.08909	0.07462	0.01021	0.00292	0.00405	0.04124	0.00596	0.00529
18	0.01425	0.20903	0.56868	0.01699	0.02575	0.01784	0.02123	0.02058	0.01378	0.01958	0.01118	0.01311	0.00837	0.00611	0.00577	0.00192	0.00909	0.00455	0.00279	0.00943
19	0.00829	0.00590	0.00783	0.00928	0.00973	0.00556	0.00633	0.00951	0.01263	0.01681	0.03538	0.67675	0.04212	0.05894	0.00975	0.00289	0.00412	0.06685	0.00600	0.00533
20	0.01576	0.01534	0.02549	0.12266	0.55807	0.03598	0.05286	0.01971	0.01491	0.02069	0.01335	0.01914	0.01146	0.00655	0.00669	0.00204	0.00813	0.03811	0.00336	0.00969
21	0.00799	0.00585	0.00752	0.00886	0.00947	0.00537	0.00597	0.00920	0.01290	0.01693	0.04006	0.67733	0.12812	0.02013	0.00833	0.00262	0.00376	0.01812	0.00611	0.00537
22	0.01485	0.01226	0.01475	0.01181	0.05598	0.00979	0.00880	0.05270	0.01477	0.04337	0.01237	0.01417	0.01006	0.00518	0.00511	0.00111	0.00518	0.00420	0.00413	0.69943
23	0.01322	0.01121	0.01317	0.00961	0.01503	0.00852	0.00764	0.01617	0.01414	0.02194	0.08185	0.01715	0.01491	0.00572	0.00516	0.00108	0.00470	0.00469	0.00423	0.72985
24	0.01452	0.01353	0.05623	0.06202	0.16254	0.06961	0.01285	0.01841	0.05387	0.07099	0.09246	0.09581	0.05312	0.03354	0.00881	0.00242	0.04521	0.12117	0.00499	0.00790
25	0.01720	0.70464	0.09892	0.01195	0.01796	0.02506	0.01247	0.01982	0.01342	0.01598	0.00940	0.01087	0.00844	0.00569	0.00441	0.00147	0.00729	0.00364	0.00281	0.00857
26	0.02572	0.01141	0.01439	0.01136	0.01586	0.01071	0.00928	0.10329	0.05989	0.51078	0.02424	0.02213	0.01605	0.00810	0.00632	0.00197	0.00538	0.00652	0.12621	0.01040
27	0.01113	0.00841	0.01164	0.01108	0.01253	0.00977	0.00862	0.07907	0.01247	0.01769	0.01729	0.02551	0.01611	0.08909	0.59789	0.00918	0.04532	0.00705	0.00383	0.00633
28	0.00973	0.00673	0.00884	0.00981	0.01056	0.00661	0.00688	0.03470	0.01344	0.04300	0.03394	0.63969	0.03966	0.03658	0.00929	0.00274	0.02711	0.04882	0.00605	0.00582
29	0.01629	0.01564	0.02672	0.04041	0.72757	0.01564	0.02020	0.02020	0.01499	0.02151	0.01238	0.01629	0.01043	0.00587	0.00652	0.00196	0.00782	0.00587	0.00326	0.01043
