[name]
unknown

[dist]
# distance from previous block
# <min> <max>
0	32

[block]
# block no. 0 follows, 32 sequences, length 60
# corresponding to MSA columns:
# 32-91
name=unknown_A
#
# <colnr> <probs for GDERKNQSTAVLIFYWHMCP>
#	G	D	E	R	K	N	Q	S	T	A	V	L	I	F	Y	W	H	M	C	P
0	0.04125	0.03292	0.12734	0.01543	0.02147	0.01497	0.07987	0.21353	0.03661	0.25335	0.01867	0.01929	0.01306	0.00761	0.00663	0.00203	0.00733	0.02062	0.00599	0.06204
1	0.03768	0.38290	0.05560	0.01346	0.01911	0.02025	0.06957	0.08720	0.06091	0.07685	0.03570	0.01544	0.01223	0.00659	0.00545	0.00169	0.00704	0.00506	0.00424	0.08301
2	0.08215	0.05766	0.03378	0.01388	0.04555	0.01523	0.01102	0.12984	0.23660	0.21713	0.04246	0.02094	0.01660	0.00811	0.00638	0.00205	0.00596	0.00647	0.00645	0.04176
3	0.05054	0.01732	0.01878	0.01458	0.01979	0.01886	0.01199	0.53882	0.08263	0.11331	0.01778	0.01731	0.01251	0.00803	0.00660	0.00202	0.00692	0.00611	0.00675	0.02935
4	0.02563	0.02038	0.01980	0.01556	0.02065	0.12207	0.01267	0.57811	0.02928	0.06561	0.01570	0.01581	0.01122	0.00790	0.00662	0.00198	0.00799	0.00582	0.00631	0.01090
5	0.02551	0.01879	0.02014	0.01544	0.02081	0.02081	0.01275	0.69996	0.03155	0.04229	0.01611	0.01611	0.01141	0.00805	0.00671	0.00201	0.00738	0.00604	0.00671	0.01141
6	0.01748	0.01395	0.01501	0.01336	0.01719	0.01585	0.01043	0.03471	0.63603	0.08112	0.04894	0.02565	0.02153	0.00919	0.00686	0.00226	0.00527	0.00767	0.00696	0.01055
7	0.02551	0.01879	0.02014	0.01544	0.02081	0.02081	0.01275	0.69996	0.03155	0.04229	0.01611	0.01611	0.01141	0.00805	0.00671	0.00201	0.00738	0.00604	0.00671	0.01141
8	0.08412	0.01206	0.01550	0.01197	0.01711	0.01102	0.00989	0.08010	0.01956	0.62895	0.02453	0.02152	0.01558	0.00814	0.00656	0.00207	0.00579	0.00648	0.00790	0.01113
9	0.00976	0.00651	0.00732	0.00732	0.00732	0.00651	0.00407	0.00976	0.00976	0.01301	0.02114	0.04391	0.02439	0.76419	0.03415	0.00651	0.00651	0.00976	0.00407	0.00407
10	0.00950	0.00686	0.00897	0.00844	0.01002	0.00633	0.00633	0.01266	0.01899	0.02691	0.71879	0.05012	0.06331	0.01372	0.00791	0.00211	0.00317	0.01213	0.00739	0.00633
11	0.02038	0.01614	0.01714	0.01424	0.01869	0.01819	0.01140	0.33410	0.38191	0.03415	0.02358	0.02230	0.03907	0.00889	0.00681	0.00216	0.00618	0.00710	0.00676	0.01082
12	0.02087	0.01464	0.01616	0.01365	0.01800	0.01613	0.01087	0.15655	0.45367	0.16464	0.02510	0.02298	0.01808	0.00876	0.00679	0.00219	0.00577	0.00714	0.00709	0.01092
13	0.00837	0.00592	0.00773	0.00909	0.00943	0.00558	0.00596	0.00939	0.01247	0.01662	0.03503	0.67155	0.04191	0.11265	0.01172	0.00319	0.00421	0.01793	0.00596	0.00528
14	0.00795	0.00673	0.00687	0.00698	0.00911	0.00565	0.00518	0.00961	0.01512	0.01806	0.06577	0.11399	0.67162	0.01728	0.00798	0.00230	0.00343	0.01451	0.00623	0.00565
15	0.00997	0.00663	0.00791	0.00797	0.00864	0.00634	0.00508	0.01091	0.01256	0.03959	0.14496	0.16915	0.08494	0.43061	0.02252	0.00466	0.00524	0.01199	0.00529	0.00504
16	0.01987	0.02282	0.01616	0.01484	0.01760	0.44958	0.01123	0.06067	0.01692	0.01753	0.01340	0.01785	0.01185	0.05016	0.22500	0.00463	0.01335	0.00549	0.00371	0.00731
17	0.67522	0.01262	0.01034	0.00928	0.01315	0.01443	0.00751	0.06271	0.01306	0.02980	0.03316	0.06974	0.01205	0.00770	0.00477	0.00212	0.00517	0.00523	0.00457	0.00737
18	0.00902	0.00680	0.00754	0.00757	0.00953	0.00588	0.00559	0.01093	0.01560	0.04198	0.16016	0.16098	0.48238	0.01658	0.00790	0.00229	0.00350	0.01414	0.02570	0.00593
19	0.00933	0.00752	0.00841	0.00825	0.01029	0.00700	0.00615	0.01323	0.08940	0.02163	0.24974	0.12397	0.38941	0.01560	0.00787	0.00227	0.00358	0.01336	0.00663	0.00636
20	0.27264	0.01110	0.01238	0.01014	0.01428	0.01094	0.00816	0.02534	0.01554	0.39402	0.02028	0.02115	0.01442	0.07637	0.00828	0.00244	0.00544	0.00601	0.06197	0.00908
21	0.11352	0.00841	0.00955	0.00937	0.01147	0.00828	0.00695	0.04937	0.03233	0.08216	0.14351	0.32423	0.14503	0.01532	0.00751	0.00237	0.00423	0.01325	0.00636	0.00679
22	0.00896	0.00695	0.00786	0.00779	0.00966	0.00625	0.00578	0.01171	0.03876	0.02155	0.27654	0.12517	0.38284	0.01565	0.00781	0.00223	0.00342	0.01341	0.04161	0.00605
23	0.00970	0.00661	0.00792	0.00803	0.00825	0.00676	0.00495	0.01017	0.01018	0.01373	0.02171	0.07088	0.02449	0.61311	0.13231	0.00687	0.00802	0.02772	0.00414	0.00445
24	0.00989	0.00770	0.00904	0.00909	0.01075	0.00753	0.00659	0.01445	0.12200	0.02178	0.24634	0.25014	0.19356	0.04881	0.00909	0.00254	0.00390	0.01374	0.00657	0.00649
25	0.04193	0.00790	0.00962	0.00951	0.01096	0.00787	0.00675	0.03928	0.07153	0.07289	0.02946	0.27008	0.10116	0.08501	0.01448	0.19369	0.00497	0.01158	0.00540	0.00593
26	0.10337	0.00729	0.00871	0.00922	0.01070	0.00703	0.00658	0.01281	0.01398	0.07791	0.10187	0.49262	0.08853	0.01725	0.00779	0.00250	0.00409	0.01524	0.00627	0.00625
27	0.00976	0.00651	0.00732	0.00732	0.00732	0.00651	0.00407	0.00976	0.00976	0.01301	0.02114	0.04391	0.02439	0.76419	0.03415	0.00651	0.00651	0.00976	0.00407	0.00407
28	0.01000	0.00736	0.00914	0.00958	0.01086	0.00720	0.00689	0.03974	0.06685	0.02091	0.17676	0.41059	0.10333	0.01777	0.00897	0.03770	0.00411	0.03966	0.00638	0.00619
29	0.01492	0.01144	0.01357	0.12651	0.01902	0.05707	0.01031	0.02084	0.17075	0.10752	0.02555	0.25538	0.02462	0.04432	0.04094	0.00292	0.03020	0.01067	0.00563	0.00784
30	0.00829	0.00589	0.00775	0.00920	0.00956	0.00552	0.00608	0.00937	0.01263	0.01684	0.03588	0.70996	0.04299	0.07277	0.01035	0.00299	0.00407	0.01843	0.00608	0.00535
31	0.01284	0.01210	0.02044	0.71705	0.07588	0.01495	0.01872	0.01730	0.01350	0.01735	0.01196	0.01783	0.00902	0.00668	0.00671	0.00223	0.00890	0.00596	0.00300	0.00759
32	0.04409	0.01305	0.01716	0.01417	0.06881	0.01114	0.07130	0.01947	0.08054	0.02273	0.01350	0.01544	0.01092	0.00555	0.00550	0.00134	0.00580	0.00481	0.00415	0.57053
33	0.01463	0.01393	0.02366	0.39616	0.38281	0.01542	0.01961	0.01886	0.01434	0.01952	0.01227	0.01725	0.00978	0.00635	0.00668	0.00212	0.00846	0.00597	0.00315	0.00903
34	0.01748	0.02245	0.11140	0.01853	0.06167	0.28856	0.10474	0.02063	0.01518	0.01763	0.01317	0.01832	0.01150	0.06718	0.14033	0.00388	0.05019	0.00595	0.00340	0.00779
35	0.01424	0.01573	0.09192	0.34428	0.17979	0.01492	0.08254	0.01981	0.05767	0.02009	0.01320	0.01734	0.01019	0.00641	0.00662	0.00206	0.00845	0.00596	0.00341	0.08536
36	0.01267	0.01193	0.02013	0.74806	0.04621	0.01491	0.01863	0.01714	0.01342	0.01714	0.01193	0.01789	0.00894	0.00671	0.00671	0.00224	0.00894	0.00596	0.00298	0.00745
37	0.00959	0.00704	0.00901	0.00848	0.01016	0.00655	0.00637	0.01307	0.03575	0.02648	0.66836	0.05025	0.09602	0.01377	0.00789	0.00212	0.00323	0.01213	0.00731	0.00640
38	0.00959	0.00719	0.01078	0.01078	0.01198	0.00839	0.00839	0.01198	0.01078	0.01558	0.01797	0.02636	0.01677	0.05032	0.73760	0.01078	0.01797	0.00719	0.00359	0.00599
39	0.01447	0.02764	0.43569	0.02302	0.03161	0.01617	0.31143	0.02135	0.01488	0.02135	0.01269	0.01584	0.00922	0.00607	0.00703	0.00218	0.01051	0.00622	0.00307	0.00955
40	0.01391	0.01193	0.01391	0.00994	0.01590	0.00894	0.00795	0.01690	0.01391	0.02186	0.01193	0.01391	0.00994	0.00497	0.00497	0.00099	0.00497	0.00398	0.00398	0.80521
41	0.01267	0.01193	0.02013	0.74806	0.04621	0.01491	0.01863	0.01714	0.01342	0.01714	0.01193	0.01789	0.00894	0.00671	0.00671	0.00224	0.00894	0.00596	0.00298	0.00745
42	0.02121	0.01636	0.01750	0.01443	0.01900	0.01840	0.01159	0.34527	0.37282	0.05593	0.02206	0.02081	0.01614	0.00859	0.00677	0.00215	0.00629	0.00684	0.00682	0.01101
43	0.00814	0.00597	0.00765	0.00900	0.00964	0.00548	0.00607	0.00938	0.01318	0.01726	0.04119	0.66535	0.13612	0.02047	0.00848	0.00266	0.00383	0.01841	0.00623	0.00548
44	0.01709	0.10940	0.05910	0.02392	0.29197	0.01651	0.01505	0.04584	0.18674	0.04940	0.01634	0.01772	0.01286	0.00677	0.00619	0.00188	0.00685	0.00581	0.00448	0.10607
45	0.01759	0.71140	0.08895	0.01207	0.01814	0.02570	0.01251	0.02018	0.01368	0.01621	0.00954	0.01103	0.00860	0.00579	0.00447	0.00149	0.00739	0.00369	0.00287	0.00871
46	0.00860	0.00675	0.00777	0.00766	0.00951	0.00593	0.00569	0.01087	0.01665	0.02170	0.33594	0.10857	0.39858	0.01592	0.00797	0.00223	0.00334	0.01367	0.00671	0.00593
47	0.01475	0.01544	0.02790	0.09633	0.09774	0.04319	0.34647	0.03996	0.01549	0.02050	0.02012	0.07150	0.08334	0.00952	0.02684	0.00249	0.04763	0.00857	0.00390	0.00833
48	0.01669	0.01441	0.01517	0.01365	0.01745	0.01669	0.01062	0.03565	0.71021	0.02807	0.02731	0.02503	0.02048	0.00910	0.00683	0.00228	0.00531	0.00759	0.00683	0.01062
49	0.00838	0.00663	0.00748	0.00765	0.00935	0.00580	0.00555	0.01026	0.01552	0.01977	0.20691	0.18869	0.42897	0.03766	0.00877	0.00243	0.00352	0.01449	0.00643	0.00573
50	0.01525	0.01334	0.01862	0.19563	0.11970	0.01393	0.03766	0.08876	0.09764	0.02264	0.01495	0.01933	0.01230	0.06660	0.00896	0.00223	0.03042	0.00603	0.00421	0.21180
51	0.01490	0.12174	0.55584	0.01715	0.02603	0.01615	0.02117	0.02138	0.01434	0.05692	0.01244	0.01418	0.00903	0.00629	0.00604	0.00196	0.00901	0.00481	0.00320	0.06741
52	0.01563	0.03096	0.57430	0.01810	0.02705	0.01626	0.02197	0.14258	0.01727	0.02504	0.01277	0.01450	0.00908	0.00662	0.00638	0.00206	0.00927	0.00511	0.00357	0.04148
53	0.01409	0.09074	0.59306	0.01960	0.02882	0.01661	0.10324	0.02119	0.01432	0.02085	0.01201	0.01436	0.00871	0.00624	0.00639	0.00209	0.00986	0.00520	0.00290	0.00971
54	0.01287	0.01213	0.02049	0.71170	0.08099	0.01496	0.01874	0.01732	0.01351	0.01739	0.01196	0.01782	0.00903	0.00667	0.00671	0.00222	0.00889	0.00596	0.00300	0.00762
55	0.01598	0.01197	0.01329	0.01190	0.01525	0.01292	0.00931	0.07203	0.37621	0.09085	0.12213	0.06139	0.11085	0.01130	0.00724	0.00226	0.00496	0.03402	0.00691	0.00923
56	0.01626	0.28910	0.40336	0.01636	0.02433	0.01949	0.04401	0.05113	0.01499	0.04641	0.01186	0.01353	0.00903	0.00627	0.00574	0.00188	0.00874	0.00470	0.00324	0.00955
57	0.01649	0.01946	0.19568	0.07470	0.02328	0.01446	0.02907	0.16904	0.07106	0.02626	0.01408	0.01572	0.01063	0.00647	0.00605	0.00173	0.00723	0.00520	0.00441	0.28899
58	0.01252	0.00784	0.01014	0.00902	0.01141	0.00696	0.00689	0.01546	0.01822	0.12018	0.51706	0.07512	0.07322	0.01271	0.00755	0.00205	0.00369	0.01112	0.00715	0.07169
59	0.01389	0.01293	0.04531	0.01034	0.01648	0.00924	0.00869	0.01709	0.01392	0.02184	0.01193	0.01392	0.00988	0.00503	0.00503	0.00104	0.00519	0.00402	0.00393	0.77031

[dist]
# distance from previous block
# <min> <max>
2	6

[block]
# block no. 1 follows, 32 sequences, length 130
# corresponding to MSA columns:
# 98-227
name=unknown_B
#
# <colnr> <probs for GDERKNQSTAVLIFYWHMCP>
#	G	D	E	R	K	N	Q	S	T	A	V	L	I	F	Y	W	H	M	C	P
0	0.01038	0.00756	0.00821	0.00819	0.00857	0.02936	0.00505	0.01130	0.02933	0.01460	0.05379	0.06591	0.02640	0.61401	0.05471	0.00597	0.00681	0.03083	0.00439	0.00464
1	0.10920	0.06493	0.04004	0.04356	0.12710	0.05501	0.08977	0.10856	0.05326	0.12380	0.01495	0.01702	0.01134	0.00852	0.00858	0.07327	0.03149	0.00584	0.00465	0.00908
2	0.01166	0.00583	0.00874	0.00874	0.00874	0.00583	0.00583	0.00874	0.00874	0.01166	0.01166	0.02040	0.01166	0.02331	0.02622	0.80478	0.00583	0.00583	0.00291	0.00291
3	0.01049	0.00694	0.00877	0.00866	0.01033	0.00625	0.00636	0.01280	0.01666	0.07854	0.35824	0.24241	0.17650	0.01587	0.00800	0.00230	0.00361	0.01396	0.00693	0.00638
4	0.07383	0.01375	0.04917	0.05100	0.03594	0.01114	0.04388	0.04863	0.01485	0.05283	0.01264	0.01466	0.01000	0.00555	0.00540	0.00137	0.00595	0.00455	0.00414	0.54072
5	0.01009	0.00763	0.01053	0.01027	0.01097	0.00886	0.00755	0.01163	0.01041	0.01480	0.01819	0.03101	0.01854	0.27819	0.44621	0.00870	0.07937	0.00790	0.00369	0.00549
6	0.00817	0.00588	0.00775	0.00925	0.00971	0.00546	0.00619	0.00935	0.01294	0.01717	0.03815	0.73359	0.06984	0.02087	0.00854	0.00271	0.00387	0.01889	0.00623	0.00546
7	0.00852	0.00610	0.00805	0.00944	0.01001	0.00574	0.00654	0.00989	0.01321	0.01753	0.05565	0.62386	0.06474	0.05182	0.00967	0.00289	0.00418	0.08051	0.00616	0.00549
8	0.05779	0.01742	0.05239	0.09395	0.02175	0.08613	0.01273	0.25932	0.17978	0.02897	0.01737	0.01885	0.01326	0.01295	0.09436	0.00313	0.00882	0.00619	0.00533	0.00952
9	0.01566	0.01505	0.02589	0.20760	0.54421	0.01573	0.03848	0.01980	0.01485	0.02078	0.01248	0.01695	0.01022	0.00614	0.00669	0.00206	0.00829	0.00603	0.00324	0.00984
10	0.01476	0.01245	0.01460	0.03524	0.01730	0.01005	0.00868	0.06927	0.01525	0.02327	0.01225	0.01422	0.01002	0.00526	0.00516	0.00111	0.00529	0.00420	0.00415	0.71747
11	0.01473	0.01483	0.02140	0.01809	0.01839	0.02039	0.04502	0.01639	0.01052	0.01639	0.00902	0.01483	0.00887	0.01147	0.02139	0.00291	0.71903	0.00596	0.00296	0.00742
12	0.02494	0.01818	0.02054	0.01755	0.08286	0.01983	0.01331	0.60665	0.02949	0.07439	0.01631	0.01649	0.01160	0.00788	0.00671	0.00201	0.00735	0.00607	0.00649	0.01134
13	0.01109	0.00786	0.00979	0.00937	0.01031	0.00850	0.00650	0.07184	0.01209	0.01659	0.01948	0.03470	0.02031	0.42274	0.30208	0.00775	0.01099	0.00844	0.00412	0.00546
14	0.00821	0.00607	0.00769	0.00885	0.00964	0.00554	0.00604	0.00960	0.01365	0.01790	0.08426	0.59671	0.16153	0.01988	0.00842	0.00261	0.00376	0.01780	0.00630	0.00554
15	0.00828	0.00678	0.00736	0.00773	0.00968	0.00586	0.00587	0.01006	0.01500	0.01821	0.06052	0.15329	0.56014	0.01767	0.00816	0.00241	0.00376	0.08730	0.00622	0.00569
16	0.01584	0.01810	0.03959	0.02828	0.03507	0.01697	0.69796	0.02149	0.01584	0.02149	0.01357	0.01810	0.01018	0.00566	0.00792	0.00226	0.01131	0.00792	0.00339	0.00905
17	0.01579	0.01652	0.02039	0.01758	0.01795	0.09688	0.01450	0.01728	0.01121	0.01618	0.00897	0.01441	0.00879	0.01123	0.02032	0.00281	0.67311	0.00571	0.00299	0.00739
18	0.02117	0.01115	0.01369	0.01188	0.01567	0.01112	0.00970	0.04769	0.19344	0.32516	0.02741	0.03259	0.02131	0.01021	0.00696	0.00224	0.00543	0.12280	0.10069	0.00970
19	0.45160	0.01564	0.01457	0.01185	0.01656	0.01769	0.00978	0.33124	0.02064	0.03568	0.01244	0.01329	0.00916	0.00706	0.00532	0.00205	0.00619	0.00474	0.00532	0.00916
20	0.00862	0.00654	0.00795	0.00821	0.00964	0.00586	0.00592	0.01074	0.01603	0.02131	0.31646	0.26657	0.25795	0.01690	0.00811	0.00234	0.00345	0.01483	0.00669	0.00586
21	0.01794	0.76823	0.03516	0.01148	0.01722	0.02655	0.01148	0.02009	0.01363	0.01579	0.00933	0.01076	0.00861	0.00574	0.00431	0.00144	0.00718	0.00359	0.00287	0.00861
22	0.74206	0.01315	0.01056	0.00925	0.01350	0.01506	0.00762	0.04949	0.01264	0.06256	0.01042	0.01167	0.00787	0.00640	0.00438	0.00207	0.00531	0.00388	0.00445	0.00763
23	0.00959	0.00719	0.01078	0.01078	0.01198	0.00839	0.00839	0.01198	0.01078	0.01558	0.01797	0.02636	0.01677	0.05032	0.73760	0.01078	0.01797	0.00719	0.00359	0.00599
24	0.00921	0.00627	0.00748	0.00802	0.00815	0.00614	0.00481	0.00961	0.01083	0.01444	0.02663	0.29174	0.03131	0.50692	0.02529	0.00520	0.00560	0.01298	0.00481	0.00454
25	0.00951	0.00650	0.00785	0.00807	0.00829	0.00661	0.00495	0.01000	0.01033	0.01393	0.02292	0.14136	0.02615	0.56387	0.12586	0.00656	0.00769	0.01071	0.00430	0.00452
26	0.01053	0.00676	0.00881	0.00965	0.01071	0.00636	0.00671	0.01267	0.04301	0.08100	0.06521	0.61580	0.05903	0.01898	0.00829	0.00261	0.00407	0.01708	0.00649	0.00624
27	0.01267	0.01193	0.02013	0.74806	0.04621	0.01491	0.01863	0.01714	0.01342	0.01714	0.01193	0.01789	0.00894	0.00671	0.00671	0.00224	0.00894	0.00596	0.00298	0.00745
28	0.00961	0.00711	0.01036	0.01036	0.01141	0.00816	0.00786	0.01171	0.01066	0.01526	0.01836	0.02851	0.01771	0.13774	0.65146	0.01026	0.01657	0.00750	0.00365	0.00576
29	0.00862	0.00658	0.00798	0.00865	0.01005	0.00595	0.00640	0.01053	0.01501	0.01937	0.15301	0.31062	0.29421	0.01811	0.00832	0.00251	0.00388	0.09805	0.00640	0.00575
30	0.42297	0.01264	0.01252	0.01045	0.01481	0.01341	0.00854	0.10268	0.01629	0.23426	0.01878	0.04871	0.04210	0.00813	0.00556	0.00210	0.00547	0.00592	0.00584	0.00882
31	0.00846	0.00677	0.00760	0.00773	0.00962	0.00591	0.00581	0.01052	0.01588	0.02007	0.20629	0.12949	0.47040	0.01675	0.00807	0.00232	0.00356	0.05245	0.00648	0.00582
32	0.03756	0.00757	0.00858	0.00824	0.00914	0.00764	0.00540	0.04205	0.02960	0.01842	0.16318	0.04399	0.05483	0.48905	0.02438	0.00493	0.00568	0.02947	0.00506	0.00523
33	0.36942	0.01157	0.01224	0.01017	0.01450	0.01169	0.00829	0.02463	0.01543	0.34566	0.04661	0.04505	0.04171	0.00835	0.00576	0.00211	0.00524	0.00628	0.00631	0.00900
34	0.12370	0.01485	0.01600	0.01297	0.01743	0.01605	0.01050	0.35068	0.09843	0.14709	0.01997	0.07419	0.01546	0.00895	0.00645	0.00209	0.00616	0.00701	0.04190	0.01012
35	0.00941	0.00688	0.00832	0.00889	0.00983	0.00661	0.00604	0.03644	0.03123	0.01855	0.09462	0.42837	0.13104	0.15611	0.01303	0.00327	0.00441	0.01533	0.00596	0.00565
36	0.02462	0.01791	0.01931	0.01505	0.02022	0.01979	0.01235	0.58635	0.11581	0.07189	0.01798	0.01753	0.01278	0.00820	0.00673	0.00205	0.00705	0.00627	0.00680	0.01131
37	0.00896	0.00630	0.00779	0.00847	0.00899	0.00600	0.00554	0.01002	0.01267	0.01695	0.11380	0.36636	0.07381	0.28477	0.01759	0.00399	0.00477	0.03254	0.00559	0.00509
38	0.00963	0.00675	0.00832	0.00859	0.01009	0.00609	0.00627	0.01161	0.01553	0.05163	0.23235	0.28357	0.23355	0.04058	0.00897	0.00254	0.00383	0.04753	0.00657	0.00601
39	0.42574	0.01287	0.01202	0.01035	0.01432	0.01427	0.00833	0.11735	0.09170	0.09682	0.01777	0.03670	0.03897	0.03000	0.00621	0.00222	0.00540	0.00579	0.04481	0.00837
40	0.01465	0.00711	0.00801	0.00752	0.00956	0.00680	0.00576	0.01722	0.01460	0.12914	0.02580	0.02977	0.06649	0.03511	0.00735	0.03757	0.00388	0.03228	0.53460	0.00677
41	0.01006	0.00661	0.00775	0.00788	0.00879	0.00624	0.00519	0.01127	0.01301	0.04255	0.11769	0.19205	0.13602	0.32484	0.01860	0.00403	0.00481	0.01224	0.06507	0.00529
42	0.00850	0.00679	0.00746	0.00784	0.00960	0.00603	0.00572	0.01070	0.03602	0.01869	0.07861	0.24466	0.46558	0.01749	0.00801	0.00238	0.00363	0.02915	0.02735	0.00581
43	0.00819	0.00602	0.00768	0.00893	0.00964	0.00552	0.00606	0.00951	0.01344	0.01765	0.06731	0.62961	0.14555	0.02015	0.00845	0.00263	0.00379	0.01808	0.00627	0.00552
44	0.00928	0.00633	0.00757	0.00804	0.00820	0.00625	0.00486	0.00971	0.01071	0.01433	0.02576	0.25696	0.03010	0.51836	0.05022	0.00552	0.00611	0.01245	0.00470	0.00454
45	0.01391	0.01193	0.01391	0.00994	0.01590	0.00894	0.00795	0.01690	0.01391	0.02186	0.01193	0.01391	0.00994	0.00497	0.00497	0.00099	0.00497	0.00398	0.00398	0.80521
46	0.00793	0.00680	0.00680	0.00680	0.00906	0.00566	0.00510	0.00963	0.01529	0.01813	0.06797	0.06457	0.71961	0.01699	0.00793	0.00227	0.00340	0.01416	0.00623	0.00566
47	0.00817	0.00587	0.00775	0.00926	0.00971	0.00546	0.00619	0.00935	0.01293	0.01716	0.03803	0.73638	0.06713	0.02089	0.00854	0.00271	0.00388	0.01891	0.00623	0.00546
48	0.00818	0.00584	0.00779	0.00934	0.00973	0.00545	0.00623	0.00934	0.01285	0.01713	0.03698	0.75981	0.04438	0.02102	0.00856	0.00273	0.00389	0.01908	0.00623	0.00545
49	0.01391	0.01193	0.01391	0.00994	0.01590	0.00894	0.00795	0.01690	0.01391	0.02186	0.01193	0.01391	0.00994	0.00497	0.00497	0.00099	0.00497	0.00398	0.00398	0.80521
50	0.00950	0.00686	0.00897	0.00844	0.01002	0.00633	0.00633	0.01266	0.01899	0.02691	0.71879	0.05012	0.06331	0.01372	0.00791	0.00211	0.00317	0.01213	0.00739	0.00633
51	0.02506	0.03198	0.01901	0.01729	0.02074	0.73725	0.01296	0.02679	0.01901	0.01642	0.01037	0.01210	0.00864	0.00691	0.00605	0.00173	0.01210	0.00432	0.00346	0.00778
52	0.02800	0.01098	0.01474	0.01145	0.01636	0.00946	0.00941	0.03051	0.01883	0.65974	0.03041	0.02680	0.08329	0.00913	0.00686	0.00209	0.00549	0.00745	0.00811	0.01087
53	0.01760	0.01367	0.01487	0.01313	0.01692	0.01536	0.01027	0.05813	0.56552	0.09050	0.08503	0.02662	0.02341	0.00938	0.00691	0.00223	0.00524	0.00784	0.00700	0.01036
54	0.09502	0.04730	0.01860	0.07761	0.02194	0.54246	0.01275	0.04268	0.01804	0.04884	0.01122	0.01301	0.00896	0.00689	0.00593	0.00182	0.01068	0.00453	0.00376	0.00798
55	0.81159	0.01298	0.00986	0.00882	0.01298	0.01505	0.00727	0.01972	0.01142	0.03010	0.00934	0.01090	0.00727	0.00623	0.00415	0.00208	0.00519	0.00363	0.00415	0.00727
56	0.01695	0.01873	0.01807	0.18713	0.04176	0.26859	0.01376	0.01928	0.01434	0.01648	0.01278	0.04994	0.01178	0.04423	0.07712	0.00318	0.16901	0.00622	0.00339	0.00726
57	0.06058	0.10233	0.02071	0.10917	0.02257	0.38560	0.01359	0.02230	0.01554	0.01709	0.01008	0.01317	0.00864	0.00773	0.00916	0.00203	0.16400	0.00474	0.00326	0.00771
58	0.00859	0.00620	0.00851	0.00962	0.01019	0.00622	0.00667	0.01002	0.01220	0.01657	0.03159	0.54733	0.03668	0.05966	0.19082	0.00489	0.00750	0.01573	0.00548	0.00553
59	0.06850	0.01797	0.09843	0.06199	0.37628	0.01648	0.03201	0.16098	0.01824	0.04137	0.01333	0.01602	0.01037	0.00651	0.00645	0.00200	0.00785	0.00573	0.00414	0.03533
60	0.81159	0.01298	0.00986	0.00882	0.01298	0.01505	0.00727	0.01972	0.01142	0.03010	0.00934	0.01090	0.00727	0.00623	0.00415	0.00208	0.00519	0.00363	0.00415	0.00727
61	0.00976	0.00651	0.00732	0.00732	0.00732	0.00651	0.00407	0.00976	0.00976	0.01301	0.02114	0.04391	0.02439	0.76419	0.03415	0.00651	0.00651	0.00976	0.00407	0.00407
62	0.01383	0.09602	0.67140	0.01849	0.02805	0.01650	0.02368	0.02115	0.01412	0.02079	0.01181	0.01388	0.00851	0.00632	0.00620	0.00207	0.00969	0.00484	0.00284	0.00981
63	0.00908	0.00717	0.00992	0.13656	0.01597	0.00723	0.00821	0.01115	0.01409	0.01851	0.12295	0.43571	0.14434	0.01701	0.00806	0.00249	0.00460	0.01518	0.00581	0.00594
64	0.00840	0.00610	0.00799	0.00940	0.01007	0.00568	0.00656	0.00980	0.01331	0.01750	0.03959	0.63324	0.10374	0.02043	0.00857	0.00272	0.00407	0.08106	0.00622	0.00554
65	0.05446	0.01686	0.01870	0.01438	0.01967	0.01803	0.01188	0.51910	0.02793	0.20269	0.01830	0.01751	0.01249	0.00805	0.00663	0.00203	0.00691	0.00612	0.00700	0.01127
66	0.00983	0.00666	0.00789	0.00801	0.00824	0.00676	0.00497	0.01027	0.01029	0.01378	0.02199	0.04487	0.02484	0.64409	0.09317	0.00661	0.00747	0.06166	0.00419	0.00440
67	0.02830	0.01431	0.01736	0.01331	0.01857	0.01415	0.01100	0.29433	0.02404	0.45852	0.02241	0.02020	0.01457	0.00821	0.00673	0.00205	0.00637	0.00647	0.00768	0.01142
68	0.02486	0.05349	0.01949	0.01712	0.02064	0.71648	0.01292	0.02660	0.01886	0.01640	0.01034	0.01206	0.00864	0.00688	0.00600	0.00172	0.01196	0.00430	0.00344	0.00780
69	0.00942	0.00686	0.00886	0.00836	0.00998	0.00630	0.00627	0.01251	0.01881	0.02647	0.68656	0.05084	0.09581	0.01388	0.00791	0.00212	0.00318	0.01223	0.00733	0.00630
70	0.01852	0.01475	0.01893	0.04354	0.20864	0.01594	0.01355	0.11340	0.32868	0.08950	0.02290	0.02269	0.04194	0.00828	0.00679	0.00215	0.00637	0.00708	0.00586	0.01051
71	0.02366	0.06673	0.02032	0.01724	0.02087	0.63773	0.04217	0.02564	0.01845	0.01678	0.01161	0.01521	0.01008	0.00733	0.00619	0.00180	0.01155	0.03528	0.00355	0.00780
72	0.01778	0.01719	0.02531	0.06544	0.53886	0.07208	0.01890	0.08095	0.01666	0.02279	0.01252	0.01616	0.01037	0.00658	0.00745	0.00204	0.04931	0.00585	0.00360	0.01016
73	0.02262	0.02776	0.02008	0.10721	0.10382	0.56878	0.01451	0.02493	0.01792	0.01714	0.01081	0.01331	0.00891	0.00678	0.00620	0.00182	0.01125	0.00471	0.00338	0.00807
74	0.01267	0.01193	0.02013	0.74806	0.04621	0.01491	0.01863	0.01714	0.01342	0.01714	0.01193	0.01789	0.00894	0.00671	0.00671	0.00224	0.00894	0.00596	0.00298	0.00745
75	0.00985	0.00703	0.00913	0.00877	0.00920	0.00697	0.03889	0.01039	0.01049	0.01406	0.02262	0.13195	0.02587	0.60140	0.06086	0.00601	0.00692	0.01073	0.00428	0.00457
76	0.00961	0.00710	0.01031	0.01031	0.01134	0.00813	0.00780	0.01168	0.01064	0.01523	0.01841	0.02876	0.01782	0.14795	0.64140	0.01020	0.01640	0.00754	0.00366	0.00573
77	0.03010	0.01142	0.01557	0.01194	0.01713	0.00986	0.00986	0.03270	0.01920	0.72698	0.02647	0.02284	0.01661	0.00830	0.00675	0.00208	0.00571	0.00675	0.00830	0.01142
78	0.01468	0.01468	0.02055	0.01762	0.01762	0.02055	0.01468	0.01615	0.01028	0.01615	0.00881	0.01468	0.00881	0.01174	0.02202	0.00294	0.75191	0.00587	0.00294	0.00734
79	0.01036	0.00705	0.00925	0.00859	0.01032	0.00648	0.00648	0.01350	0.01900	0.05630	0.68972	0.04898	0.06135	0.01349	0.00786	0.00211	0.00327	0.01191	0.00742	0.00654
80	0.00976	0.00651	0.00732	0.00732	0.00732	0.00651	0.00407	0.00976	0.00976	0.01301	0.02114	0.04391	0.02439	0.76419	0.03415	0.00651	0.00651	0.00976	0.00407	0.00407
81	0.00818	0.00584	0.00779	0.00934	0.00973	0.00545	0.00623	0.00934	0.01285	0.01713	0.03698	0.75981	0.04438	0.02102	0.00856	0.00273	0.00389	0.01908	0.00623	0.00545
82	0.02551	0.01879	0.02014	0.01544	0.02081	0.02081	0.01275	0.69996	0.03155	0.04229	0.01611	0.01611	0.01141	0.00805	0.00671	0.00201	0.00738	0.00604	0.00671	0.01141
83	0.01166	0.00583	0.00874	0.00874	0.00874	0.00583	0.00583	0.00874	0.00874	0.01166	0.01166	0.02040	0.01166	0.02331	0.02622	0.80478	0.00583	0.00583	0.00291	0.00291
84	0.00920	0.00682	0.00754	0.00766	0.00959	0.00588	0.00559	0.01084	0.01497	0.05324	0.08546	0.20371	0.49762	0.04012	0.00880	0.00247	0.00370	0.01458	0.00632	0.00588
85	0.00966	0.00663	0.00827	0.00820	0.00887	0.00661	0.00545	0.01059	0.01219	0.01660	0.16686	0.06108	0.07802	0.37442	0.13138	0.06820	0.00721	0.01010	0.00479	0.00488
86	0.00974	0.00656	0.00762	0.00762	0.00772	0.00667	0.00444	0.00995	0.00985	0.01323	0.02087	0.04239	0.02373	0.70233	0.09511	0.00688	0.00750	0.00954	0.00402	0.00423
87	0.62763	0.01248	0.01073	0.00938	0.01349	0.01389	0.00766	0.04350	0.01326	0.11636	0.01492	0.04280	0.03642	0.00751	0.00487	0.00211	0.00521	0.00508	0.00491	0.00780
88	0.00856	0.00617	0.00782	0.00893	0.00956	0.00578	0.00606	0.00979	0.01301	0.01714	0.06083	0.52502	0.11163	0.12560	0.01214	0.00321	0.00431	0.05312	0.00596	0.00535
89	0.00887	0.00650	0.00787	0.00812	0.00919	0.00599	0.00558	0.01055	0.01467	0.01961	0.25789	0.24338	0.18388	0.17150	0.01352	0.00322	0.00410	0.01393	0.00615	0.00549
90	0.00986	0.00796	0.00898	0.00923	0.01117	0.00774	0.00692	0.01463	0.13596	0.02025	0.08548	0.23959	0.32646	0.01663	0.00802	0.00245	0.00409	0.07164	0.00639	0.00655
91	0.00973	0.00694	0.00978	0.00978	0.01060	0.00777	0.00713	0.01124	0.01041	0.01471	0.01849	0.03065	0.01851	0.23562	0.51846	0.04899	0.01437	0.00779	0.00368	0.00534
92	0.01055	0.00848	0.00962	0.00904	0.01133	0.00836	0.00687	0.01668	0.16782	0.02434	0.35948	0.04932	0.26501	0.01377	0.00768	0.00220	0.00371	0.01180	0.00689	0.00705
93	0.00806	0.00668	0.00707	0.00736	0.00932	0.00570	0.00545	0.00972	0.01493	0.01804	0.06225	0.17015	0.59571	0.01765	0.00807	0.00236	0.00356	0.03604	0.00623	0.00565
94	0.00959	0.00716	0.01066	0.01066	0.01182	0.00832	0.00823	0.01190	0.01075	0.01549	0.01809	0.02698	0.01704	0.07564	0.71265	0.01063	0.01757	0.00728	0.00361	0.00592
95	0.01426	0.01355	0.02299	0.46286	0.31901	0.01533	0.01942	0.01854	0.01417	0.01907	0.01221	0.01737	0.00962	0.00641	0.00668	0.00214	0.00855	0.00597	0.00312	0.00873
96	0.01346	0.03471	0.72942	0.01912	0.02904	0.01558	0.02479	0.02125	0.01417	0.02125	0.01204	0.01417	0.00850	0.00637	0.00637	0.00212	0.00992	0.00496	0.00283	0.00992
97	0.00818	0.00584	0.00779	0.00934	0.00973	0.00545	0.00623	0.00934	0.01285	0.01713	0.03698	0.75981	0.04438	0.02102	0.00856	0.00273	0.00389	0.01908	0.00623	0.00545
98	0.00959	0.00719	0.01078	0.01078	0.01198	0.00839	0.00839	0.01198	0.01078	0.01558	0.01797	0.02636	0.01677	0.05032	0.73760	0.01078	0.01797	0.00719	0.00359	0.00599
99	0.00959	0.00717	0.01068	0.01068	0.01184	0.00833	0.00825	0.01191	0.01075	0.01550	0.01807	0.02690	0.01701	0.07233	0.71592	0.01065	0.01762	0.00727	0.00361	0.00593
100	0.00959	0.00719	0.01078	0.01078	0.01198	0.00839	0.00839	0.01198	0.01078	0.01558	0.01797	0.02636	0.01677	0.05032	0.73760	0.01078	0.01797	0.00719	0.00359	0.00599
101	0.00951	0.00725	0.00880	0.00843	0.01029	0.00673	0.00640	0.01309	0.05216	0.02451	0.49568	0.05346	0.22514	0.01449	0.00791	0.00219	0.00344	0.03711	0.00702	0.00637
102	0.01539	0.01154	0.01312	0.01135	0.01443	0.01208	0.00902	0.24675	0.07924	0.03056	0.29191	0.06251	0.10645	0.01230	0.00753	0.00219	0.00501	0.05345	0.00688	0.00830
103	0.00946	0.00665	0.00858	0.00928	0.01007	0.00642	0.00669	0.01116	0.01387	0.01870	0.17362	0.26831	0.04165	0.21863	0.01546	0.00369	0.00495	0.16151	0.00588	0.00542
104	0.01267	0.01193	0.02013	0.74806	0.04621	0.01491	0.01863	0.01714	0.01342	0.01714	0.01193	0.01789	0.00894	0.00671	0.00671	0.00224	0.00894	0.00596	0.00298	0.00745
105	0.01489	0.01531	0.02408	0.01959	0.02085	0.01989	0.14115	0.01714	0.01131	0.01714	0.00969	0.01531	0.00906	0.01062	0.01941	0.00281	0.61483	0.00625	0.00302	0.00766
106	0.02959	0.01225	0.01609	0.01233	0.01754	0.01110	0.01019	0.10810	0.02060	0.64961	0.02530	0.02208	0.01602	0.00828	0.00674	0.00207	0.00590	0.00667	0.00812	0.01142
107	0.01046	0.00700	0.00908	0.00931	0.01087	0.00645	0.00706	0.01285	0.01632	0.06693	0.30232	0.24807	0.13298	0.01651	0.00823	0.00245	0.00402	0.11598	0.00680	0.00631
108	0.01543	0.01738	0.03765	0.02716	0.03358	0.01630	0.65381	0.02086	0.01573	0.02131	0.01503	0.04359	0.01219	0.00656	0.00798	0.00230	0.01091	0.02980	0.00357	0.00884
109	0.01669	0.01441	0.01517	0.01365	0.01745	0.01669	0.01062	0.03565	0.71021	0.02807	0.02731	0.02503	0.02048	0.00910	0.00683	0.00228	0.00531	0.00759	0.00683	0.01062
110	0.02075	0.01643	0.01746	0.01448	0.01899	0.01858	0.01160	0.34135	0.39791	0.03461	0.02216	0.02093	0.01631	0.00862	0.00677	0.00216	0.00626	0.00688	0.00677	0.01098
111	0.01391	0.01193	0.01391	0.00994	0.01590	0.00894	0.00795	0.01690	0.01391	0.02186	0.01193	0.01391	0.00994	0.00497	0.00497	0.00099	0.00497	0.00398	0.00398	0.80521
112	0.00850	0.00612	0.00837	0.00957	0.01011	0.00606	0.00660	0.00988	0.01235	0.01671	0.03278	0.59499	0.03837	0.04720	0.15358	0.00442	0.00675	0.01647	0.00565	0.00552
113	0.00977	0.00716	0.01056	0.01062	0.01184	0.00826	0.00829	0.01223	0.01111	0.01620	0.01879	0.02804	0.01757	0.04709	0.67548	0.01005	0.01682	0.03090	0.04320	0.00601
114	0.01923	0.63921	0.03252	0.01224	0.01784	0.05579	0.01171	0.10924	0.01620	0.01928	0.01026	0.01152	0.00898	0.00609	0.00469	0.00152	0.00741	0.00394	0.00340	0.00894
115	0.62447	0.01436	0.01231	0.01040	0.01484	0.01642	0.00857	0.18165	0.01621	0.03300	0.01095	0.01214	0.00825	0.00666	0.00476	0.00206	0.00571	0.00421	0.00476	0.00825
116	0.00890	0.00693	0.01056	0.01103	0.01200	0.00649	0.06460	0.01051	0.01318	0.01759	0.03497	0.67586	0.04132	0.01965	0.00853	0.00270	0.00459	0.03883	0.00599	0.00578
117	0.00838	0.00609	0.00790	0.00897	0.00972	0.00562	0.00615	0.00993	0.01410	0.01887	0.15495	0.58026	0.10539	0.01944	0.00840	0.00258	0.00373	0.01748	0.00642	0.00562
118	0.09082	0.01824	0.02100	0.01602	0.02141	0.01998	0.07308	0.58251	0.02846	0.03942	0.01532	0.01585	0.01095	0.00769	0.00660	0.00204	0.00755	0.00600	0.00620	0.01085
119	0.02551	0.01879	0.02014	0.01544	0.02081	0.02081	0.01275	0.69996	0.03155	0.04229	0.01611	0.01611	0.01141	0.00805	0.00671	0.00201	0.00738	0.00604	0.00671	0.01141
120	0.01294	0.01223	0.02051	0.68747	0.08077	0.01514	0.01861	0.01729	0.01341	0.01736	0.01186	0.01772	0.00903	0.00683	0.00720	0.00225	0.03279	0.00596	0.00300	0.00762
121	0.01693	0.01453	0.01531	0.01370	0.01754	0.01680	0.01068	0.05400	0.69147	0.02846	0.02700	0.02479	0.02023	0.00907	0.00682	0.00227	0.00537	0.00754	0.00682	0.01064
122	0.00924	0.00677	0.00868	0.00850	0.01003	0.00622	0.00635	0.01203	0.01782	0.02470	0.55315	0.12814	0.12980	0.01501	0.00803	0.00223	0.00337	0.03667	0.00710	0.00616
123	0.00842	0.00674	0.00755	0.00771	0.00957	0.00587	0.00576	0.01042	0.01575	0.01988	0.19512	0.14849	0.46955	0.01690	0.00807	0.00233	0.00355	0.04605	0.00646	0.00580
124	0.00873	0.00641	0.00792	0.00857	0.00957	0.00592	0.00599	0.01034	0.01425	0.01883	0.17204	0.35586	0.17797	0.11582	0.01170	0.00303	0.00412	0.05124	0.00617	0.00552
125	0.01729	0.01428	0.01519	0.01358	0.01743	0.01639	0.01059	0.03552	0.67953	0.05910	0.02727	0.02494	0.02031	0.00907	0.00682	0.00227	0.00533	0.00755	0.00689	0.01066
126	0.01501	0.28831	0.48939	0.01648	0.02495	0.01937	0.02019	0.02085	0.01398	0.01936	0.01110	0.01299	0.00854	0.00616	0.00566	0.00189	0.00897	0.00448	0.00285	0.00947
127	0.00835	0.00600	0.00783	0.00906	0.00963	0.00558	0.00610	0.00967	0.01337	0.01787	0.09818	0.63578	0.07519	0.05155	0.00956	0.00281	0.00392	0.01785	0.00624	0.00548
128	0.01979	0.11847	0.02509	0.08503	0.11083	0.11076	0.09067	0.21982	0.01959	0.02520	0.01250	0.01516	0.00992	0.00741	0.00832	0.00206	0.10014	0.00567	0.00420	0.00937
129	0.21778	0.12669	0.08677	0.01468	0.08043	0.01666	0.01197	0.16135	0.01703	0.02707	0.01290	0.04474	0.01075	0.00694	0.00547	0.00181	0.00655	0.00517	0.00436	0.14090

[dist]
# distance from previous block
# <min> <max>
0	12

[block]
# block no. 2 follows, 32 sequences, length 57
# corresponding to MSA columns:
# 240-296
name=unknown_C
#
# <colnr> <probs for GDERKNQSTAVLIFYWHMCP>
#	G	D	E	R	K	N	Q	S	T	A	V	L	I	F	Y	W	H	M	C	P
0	0.01866	0.05767	0.06192	0.06412	0.01865	0.04537	0.01145	0.13849	0.07699	0.15120	0.06682	0.02963	0.02050	0.03683	0.00776	0.00229	0.00652	0.09680	0.07944	0.00887
1	0.01851	0.07094	0.05364	0.02068	0.05767	0.15429	0.24499	0.06426	0.03798	0.06176	0.01660	0.02072	0.03920	0.00788	0.00824	0.00215	0.07067	0.03688	0.00414	0.00881
2	0.01453	0.03145	0.58939	0.01788	0.02688	0.04934	0.02191	0.04737	0.01504	0.02190	0.01211	0.01412	0.00878	0.00631	0.00622	0.00198	0.00938	0.00486	0.00314	0.09742
3	0.48308	0.01467	0.03452	0.01094	0.01554	0.01567	0.00923	0.16998	0.05617	0.05828	0.01490	0.01554	0.03650	0.00724	0.00520	0.00205	0.00577	0.00496	0.00506	0.03470
4	0.03832	0.02958	0.56951	0.01769	0.02627	0.01477	0.04124	0.02177	0.05224	0.05147	0.03689	0.01814	0.03831	0.00720	0.00650	0.00214	0.00894	0.00579	0.00360	0.00964
5	0.00894	0.00653	0.00812	0.00909	0.01003	0.00614	0.00656	0.01040	0.01333	0.01721	0.04013	0.35499	0.17519	0.15004	0.01307	0.00337	0.00472	0.15089	0.00584	0.00540
6	0.01547	0.11601	0.29449	0.10973	0.05455	0.08349	0.15937	0.02084	0.01490	0.01966	0.01286	0.01749	0.01026	0.00673	0.00658	0.00208	0.00973	0.03362	0.00319	0.00895
7	0.03952	0.01661	0.08343	0.27177	0.22463	0.07106	0.01763	0.06384	0.01581	0.02118	0.01501	0.02328	0.01298	0.00797	0.00684	0.00220	0.00846	0.08534	0.00376	0.00869
8	0.01221	0.01074	0.04049	0.37083	0.02890	0.01122	0.01316	0.01622	0.04101	0.05955	0.07478	0.13187	0.14010	0.01111	0.00725	0.00229	0.00661	0.00969	0.00474	0.00723
9	0.00973	0.00660	0.00780	0.00780	0.00797	0.00677	0.00467	0.01007	0.00990	0.01337	0.02070	0.04145	0.02333	0.66419	0.13270	0.00710	0.00811	0.00940	0.00400	0.00434
10	0.01487	0.03471	0.05281	0.01351	0.04478	0.01180	0.05453	0.07445	0.06952	0.02336	0.01585	0.08418	0.01399	0.00720	0.00590	0.00153	0.00593	0.00619	0.00448	0.46043
11	0.11615	0.02244	0.11272	0.10054	0.19704	0.23042	0.01619	0.05713	0.04711	0.02199	0.01223	0.01473	0.00964	0.00666	0.00615	0.00198	0.00907	0.00514	0.00369	0.00897
12	0.02047	0.00937	0.01221	0.01025	0.01364	0.00850	0.00811	0.04737	0.01840	0.37194	0.20668	0.09985	0.03127	0.01085	0.00699	0.00209	0.00464	0.00924	0.09921	0.00893
13	0.02050	0.05015	0.08025	0.03379	0.08767	0.06903	0.04004	0.29510	0.10162	0.06144	0.04699	0.02105	0.01538	0.00826	0.00676	0.00208	0.00762	0.03661	0.00555	0.01011
14	0.04742	0.03137	0.06183	0.17075	0.14820	0.14625	0.05766	0.05877	0.01530	0.01988	0.01271	0.01770	0.01073	0.04890	0.06918	0.00303	0.06267	0.00589	0.00351	0.00825
15	0.00965	0.00702	0.00826	0.00784	0.00989	0.00618	0.00592	0.01213	0.01733	0.05221	0.39498	0.05553	0.35869	0.01498	0.00787	0.00218	0.00338	0.01283	0.00690	0.00624
16	0.01474	0.01277	0.01199	0.01102	0.01337	0.13636	0.00825	0.05075	0.09217	0.06325	0.31210	0.10482	0.06905	0.05845	0.00902	0.00239	0.00559	0.01028	0.00629	0.00732
17	0.00945	0.00654	0.00814	0.00838	0.00875	0.00668	0.00537	0.01025	0.01091	0.01486	0.05635	0.16155	0.02815	0.46598	0.16383	0.00648	0.00811	0.01095	0.00450	0.00478
18	0.02933	0.01167	0.01563	0.01202	0.01713	0.01032	0.00992	0.06598	0.01982	0.67387	0.04416	0.02322	0.01757	0.00843	0.00678	0.00207	0.00573	0.00685	0.00820	0.01128
19	0.01304	0.01158	0.01773	0.22884	0.07882	0.01448	0.01416	0.01582	0.01207	0.03516	0.01428	0.06091	0.01313	0.01961	0.18849	0.00453	0.23958	0.00699	0.00346	0.00730
20	0.01936	0.62127	0.03194	0.01264	0.01792	0.16840	0.01178	0.02143	0.01471	0.01591	0.00954	0.01103	0.00862	0.00597	0.00465	0.00149	0.00816	0.00373	0.00299	0.00844
21	0.01275	0.01388	0.06293	0.01363	0.01555	0.10669	0.04839	0.01552	0.04134	0.01821	0.05732	0.36428	0.02875	0.02864	0.01074	0.00259	0.13474	0.01231	0.00494	0.00681
22	0.02057	0.01653	0.02154	0.02417	0.26946	0.01783	0.01507	0.28576	0.15389	0.06028	0.01724	0.01823	0.01301	0.00762	0.00712	0.00208	0.02690	0.00634	0.00549	0.01087
23	0.01543	0.22518	0.33600	0.02033	0.10405	0.01895	0.09318	0.02115	0.03698	0.01990	0.01191	0.01434	0.00936	0.00640	0.00670	0.00198	0.04045	0.00515	0.00309	0.00947
24	0.00818	0.00584	0.00779	0.00934	0.00973	0.00545	0.00623	0.00934	0.01285	0.01713	0.03698	0.75981	0.04438	0.02102	0.00856	0.00273	0.00389	0.01908	0.00623	0.00545
25	0.01529	0.04715	0.13587	0.06376	0.02879	0.08427	0.34653	0.01999	0.01525	0.01980	0.01857	0.02164	0.08885	0.00760	0.00820	0.00220	0.05678	0.00743	0.00356	0.00847
26	0.01709	0.13705	0.19339	0.02856	0.36608	0.05379	0.03565	0.02155	0.01514	0.05242	0.01251	0.01522	0.00997	0.00618	0.00622	0.00193	0.00849	0.00537	0.00337	0.01000
27	0.00937	0.00718	0.00985	0.01154	0.04295	0.00731	0.00778	0.01151	0.03794	0.01770	0.03271	0.57726	0.03795	0.02182	0.06905	0.00336	0.03713	0.04579	0.00576	0.00603
28	0.01105	0.00759	0.00818	0.00784	0.00955	0.03404	0.00588	0.01401	0.01689	0.02506	0.38275	0.04082	0.10136	0.01160	0.00668	0.00191	0.00351	0.00988	0.29510	0.00630
29	0.05078	0.14522	0.04893	0.05680	0.36371	0.04811	0.11358	0.02136	0.01517	0.05629	0.01262	0.01568	0.01017	0.00610	0.00630	0.00195	0.00835	0.00569	0.00352	0.00970
30	0.01420	0.13618	0.60600	0.01890	0.05376	0.01712	0.02278	0.02106	0.01413	0.02051	0.01169	0.01379	0.00860	0.00627	0.00610	0.00202	0.00946	0.00481	0.00286	0.00976
31	0.01267	0.01193	0.02013	0.74806	0.04621	0.01491	0.01863	0.01714	0.01342	0.01714	0.01193	0.01789	0.00894	0.00671	0.00671	0.00224	0.00894	0.00596	0.00298	0.00745
32	0.06131	0.07076	0.01883	0.08669	0.08172	0.03748	0.01239	0.08704	0.19181	0.21964	0.01974	0.01958	0.01421	0.00794	0.00709	0.00211	0.03952	0.00625	0.00584	0.01005
33	0.04094	0.05162	0.07941	0.03467	0.51281	0.01671	0.09067	0.05296	0.01584	0.02277	0.01260	0.01612	0.01027	0.00607	0.00658	0.00201	0.00832	0.00593	0.00346	0.01025
34	0.01673	0.08167	0.01602	0.01297	0.01588	0.20666	0.01007	0.06857	0.14639	0.02165	0.09782	0.13973	0.06935	0.01204	0.02336	0.00230	0.03671	0.00890	0.00528	0.00792
35	0.02297	0.01116	0.01397	0.01132	0.01529	0.01066	0.00902	0.09823	0.07872	0.40170	0.12962	0.02828	0.02413	0.07208	0.00913	0.00244	0.00543	0.00779	0.03829	0.00977
36	0.09545	0.01667	0.02057	0.01917	0.11038	0.13226	0.12841	0.07097	0.05271	0.14553	0.04602	0.05136	0.01686	0.00858	0.00687	0.00214	0.00791	0.05388	0.00519	0.00908
37	0.01620	0.01580	0.02529	0.12078	0.58516	0.04749	0.01947	0.02003	0.01513	0.02094	0.01339	0.04539	0.01165	0.00669	0.00670	0.00204	0.00811	0.00641	0.00340	0.00993
38	0.00907	0.00670	0.00969	0.01026	0.01116	0.00731	0.00760	0.01102	0.01154	0.01614	0.02493	0.29465	0.02687	0.03961	0.47092	0.00784	0.01282	0.01154	0.00456	0.00579
39	0.01346	0.03471	0.72942	0.01912	0.02904	0.01558	0.02479	0.02125	0.01417	0.02125	0.01204	0.01417	0.00850	0.00637	0.00637	0.00212	0.00992	0.00496	0.00283	0.00992
40	0.11856	0.01729	0.01867	0.01783	0.12280	0.09128	0.01258	0.27855	0.04967	0.18177	0.01686	0.01695	0.01199	0.00751	0.00634	0.00201	0.00726	0.00578	0.00591	0.01039
41	0.02632	0.01253	0.01566	0.01255	0.01737	0.01215	0.01019	0.06180	0.20459	0.51096	0.02626	0.02314	0.01743	0.00851	0.00677	0.00213	0.00567	0.00694	0.00784	0.01121
42	0.00955	0.00641	0.00856	0.00974	0.01061	0.00600	0.00697	0.01115	0.01385	0.04941	0.07173	0.58152	0.06207	0.01965	0.00853	0.00270	0.00422	0.10509	0.00637	0.00586
43	0.02506	0.03198	0.01901	0.01729	0.02074	0.73725	0.01296	0.02679	0.01901	0.01642	0.01037	0.01210	0.00864	0.00691	0.00605	0.00173	0.01210	0.00432	0.00346	0.00778
44	0.04474	0.01651	0.02501	0.03411	0.53517	0.01705	0.01832	0.17931	0.01895	0.02695	0.01333	0.01630	0.01070	0.00647	0.00658	0.00200	0.00774	0.00592	0.00414	0.01070
45	0.00971	0.00680	0.00867	0.00855	0.01008	0.00634	0.00649	0.01264	0.01759	0.02496	0.51066	0.10070	0.09268	0.01429	0.00778	0.00220	0.00349	0.06959	0.08058	0.00621
46	0.00819	0.00655	0.00733	0.00768	0.00936	0.00569	0.00555	0.00992	0.01509	0.01893	0.13894	0.24893	0.45891	0.01767	0.00810	0.00237	0.00350	0.01523	0.00637	0.00569
47	0.05191	0.08604	0.02114	0.08626	0.10199	0.41945	0.02978	0.02508	0.08113	0.01878	0.01228	0.01432	0.00997	0.00684	0.00608	0.00186	0.01002	0.00496	0.00369	0.00841
48	0.01699	0.05012	0.02737	0.03699	0.59884	0.01670	0.05161	0.04820	0.04658	0.02270	0.01330	0.01677	0.01098	0.00617	0.00661	0.00199	0.00795	0.00604	0.00359	0.01049
49	0.02469	0.01419	0.01620	0.01268	0.01732	0.01469	0.01039	0.36315	0.02446	0.26039	0.02048	0.01986	0.01412	0.00809	0.00637	0.00195	0.00609	0.00631	0.14808	0.01050
