[name]
unknown

[dist]
# distance from previous block
# <min> <max>
0	43

[block]
# block no. 0 follows, 33 sequences, length 115
# corresponding to MSA columns:
# 43-157
name=unknown_A
#
# <colnr> <probs for GDERKNQSTAVLIFYWHMCP>
#	G	D	E	R	K	N	Q	S	T	A	V	L	I	F	Y	W	H	M	C	P
0	0.01040	0.00747	0.01032	0.01159	0.01313	0.00739	0.01002	0.01341	0.01551	0.02034	0.10599	0.07142	0.05806	0.01766	0.00892	0.00291	0.00569	0.59752	0.00618	0.00606
1	0.07865	0.00784	0.01062	0.01036	0.01192	0.00899	0.00812	0.01288	0.01116	0.03502	0.02048	0.02691	0.06786	0.04107	0.58468	0.00878	0.03747	0.00721	0.00386	0.00614
2	0.02459	0.03138	0.01866	0.01696	0.02035	0.74221	0.01272	0.02629	0.01866	0.01611	0.01018	0.01187	0.00848	0.00678	0.00594	0.00170	0.01187	0.00424	0.00339	0.00763
3	0.01307	0.01094	0.01272	0.00938	0.01439	0.00843	0.00725	0.01557	0.01307	0.02020	0.01300	0.01788	0.01179	0.11454	0.00899	0.00175	0.00509	0.00471	0.00391	0.69331
4	0.00845	0.00670	0.00759	0.00737	0.00930	0.00584	0.00553	0.01074	0.01658	0.02151	0.35132	0.05722	0.43794	0.01528	0.00777	0.00216	0.00324	0.01303	0.00660	0.00584
5	0.01786	0.49859	0.13426	0.01342	0.01896	0.09127	0.01352	0.02071	0.01392	0.04689	0.01032	0.01200	0.00879	0.00642	0.00622	0.00168	0.06940	0.00410	0.00310	0.00857
6	0.02410	0.03577	0.03969	0.04007	0.01880	0.01272	0.03166	0.13244	0.08563	0.41454	0.04643	0.05257	0.01759	0.00861	0.00669	0.00207	0.00611	0.00713	0.00699	0.01037
7	0.21472	0.01180	0.01605	0.07948	0.14248	0.01232	0.05774	0.01961	0.04899	0.11112	0.09321	0.06945	0.01938	0.06641	0.00834	0.00243	0.00617	0.00735	0.00488	0.00806
8	0.00802	0.00613	0.00737	0.00823	0.00933	0.00548	0.00572	0.00947	0.01384	0.01776	0.09071	0.47061	0.28611	0.01877	0.00814	0.00248	0.00360	0.01657	0.00618	0.00548
9	0.01462	0.01414	0.06082	0.05114	0.01962	0.05949	0.12904	0.07193	0.12360	0.05263	0.06391	0.16736	0.09176	0.01102	0.00720	0.00221	0.00663	0.00989	0.03496	0.00804
10	0.01753	0.01703	0.11603	0.07479	0.11619	0.09027	0.07493	0.05816	0.01563	0.13083	0.04193	0.03892	0.01446	0.06105	0.01061	0.07411	0.02820	0.00663	0.00436	0.00834
11	0.00830	0.00612	0.00768	0.00847	0.00939	0.00560	0.00585	0.00987	0.01408	0.01868	0.17552	0.47191	0.16528	0.04980	0.00922	0.00263	0.00370	0.01616	0.00624	0.00550
12	0.04681	0.01461	0.01578	0.01268	0.01704	0.01577	0.01030	0.38895	0.11625	0.11498	0.02248	0.02194	0.06422	0.00861	0.00638	0.00199	0.00596	0.00672	0.09855	0.00998
13	0.04988	0.18786	0.27804	0.01590	0.02241	0.03320	0.08225	0.02277	0.09041	0.08431	0.03859	0.01651	0.01232	0.00693	0.00647	0.00198	0.03151	0.00549	0.00397	0.00922
14	0.04101	0.01662	0.05720	0.11409	0.26129	0.08544	0.04110	0.02235	0.14464	0.02143	0.03657	0.02077	0.01426	0.00777	0.00758	0.00214	0.05604	0.03656	0.00409	0.00905
15	0.01120	0.00818	0.01028	0.00988	0.01145	0.00900	0.00742	0.06271	0.07058	0.01881	0.02324	0.05739	0.06870	0.14918	0.37434	0.00694	0.01130	0.00823	0.07486	0.00631
16	0.68070	0.01428	0.01115	0.00989	0.01374	0.07424	0.00805	0.02021	0.01204	0.05376	0.00984	0.01141	0.00766	0.00652	0.00521	0.00205	0.04397	0.00385	0.00411	0.00733
17	0.00807	0.00658	0.00715	0.00723	0.00913	0.00565	0.00534	0.00993	0.01537	0.01917	0.17772	0.13876	0.53387	0.01655	0.00785	0.00225	0.00335	0.01408	0.00631	0.00565
18	0.01886	0.64186	0.03180	0.01213	0.01751	0.09966	0.01150	0.06962	0.01518	0.01742	0.00974	0.01107	0.00865	0.00591	0.00457	0.00148	0.00755	0.00377	0.00315	0.00856
19	0.04308	0.19711	0.25794	0.01548	0.02204	0.11139	0.03736	0.11439	0.01723	0.10581	0.01316	0.01416	0.00972	0.00660	0.00582	0.00186	0.00847	0.00488	0.00407	0.00943
20	0.00936	0.00640	0.00760	0.00763	0.00802	0.00624	0.00471	0.01018	0.01195	0.01628	0.18264	0.11737	0.03462	0.52090	0.02510	0.00502	0.00538	0.01103	0.00495	0.00463
21	0.01386	0.01177	0.01263	0.01181	0.01495	0.01302	0.00929	0.02701	0.48322	0.02453	0.03626	0.03872	0.17258	0.01168	0.00721	0.00233	0.00491	0.08886	0.00650	0.00887
22	0.00808	0.00580	0.00757	0.00896	0.00941	0.00540	0.00596	0.00920	0.01258	0.01667	0.03701	0.69909	0.07458	0.05405	0.00950	0.00282	0.00391	0.01808	0.00602	0.00530
23	0.01383	0.01313	0.02227	0.49458	0.29263	0.01499	0.01898	0.01805	0.01383	0.01852	0.01195	0.01710	0.00937	0.00632	0.00656	0.00211	0.00843	0.00586	0.00305	0.00844
24	0.00898	0.00649	0.00896	0.00946	0.01015	0.00693	0.00672	0.01048	0.01105	0.01530	0.02437	0.27214	0.02681	0.17810	0.36478	0.00717	0.01093	0.01137	0.00447	0.00534
25	0.02940	0.01143	0.01542	0.01182	0.01692	0.01001	0.00977	0.05325	0.01922	0.71043	0.02565	0.02220	0.01614	0.00814	0.00662	0.00204	0.00565	0.00660	0.00810	0.01120
26	0.00852	0.00702	0.00756	0.00783	0.00971	0.00636	0.00571	0.01140	0.06981	0.01831	0.05588	0.23690	0.49750	0.01706	0.00785	0.00234	0.00361	0.01460	0.00616	0.00589
27	0.01227	0.00614	0.00614	0.00614	0.00767	0.00614	0.00460	0.01534	0.01381	0.02454	0.02148	0.02454	0.01687	0.00767	0.00460	0.00153	0.00307	0.00614	0.80518	0.00614
28	0.00802	0.00573	0.00764	0.00917	0.00955	0.00535	0.00611	0.00917	0.01260	0.01681	0.03628	0.76434	0.04354	0.02062	0.00840	0.00267	0.00382	0.01872	0.00611	0.00535
29	0.00853	0.00594	0.00749	0.00851	0.00877	0.00569	0.00541	0.00930	0.01161	0.01548	0.03117	0.52703	0.03709	0.26673	0.01666	0.00389	0.00466	0.01571	0.00541	0.00490
30	0.55401	0.01251	0.01112	0.00955	0.01368	0.01381	0.00781	0.07708	0.03424	0.12114	0.01745	0.01766	0.07196	0.00753	0.00501	0.00205	0.00519	0.00517	0.00507	0.00795
31	0.02503	0.01844	0.01976	0.01515	0.02042	0.02042	0.01251	0.70562	0.03095	0.04149	0.01581	0.01581	0.01120	0.00790	0.00659	0.00198	0.00724	0.00593	0.00659	0.01120
32	0.00956	0.00643	0.00742	0.00742	0.00750	0.00651	0.00428	0.00972	0.00964	0.01294	0.02053	0.04189	0.02342	0.71896	0.08248	0.00667	0.00716	0.00940	0.00396	0.00412
33	0.01460	0.01207	0.01391	0.01020	0.01562	0.00988	0.00812	0.09184	0.01557	0.02350	0.03707	0.01621	0.01224	0.03397	0.00623	0.00132	0.00513	0.00461	0.00431	0.66359
34	0.00943	0.00623	0.00773	0.00841	0.00879	0.00599	0.00536	0.01014	0.01148	0.03660	0.02892	0.40111	0.03374	0.35804	0.01970	0.00434	0.00508	0.02877	0.00521	0.00493
35	0.02425	0.03066	0.01850	0.01681	0.02022	0.71186	0.01262	0.02665	0.04780	0.01659	0.01087	0.01240	0.00897	0.00687	0.00597	0.00172	0.01159	0.00437	0.00353	0.00775
36	0.09478	0.01086	0.01379	0.01113	0.01550	0.01009	0.00904	0.02808	0.06267	0.52239	0.04681	0.04958	0.04445	0.01065	0.03731	0.00244	0.00581	0.00727	0.00733	0.01001
37	0.03601	0.00670	0.00734	0.00750	0.00925	0.00598	0.00545	0.01026	0.01486	0.01932	0.17156	0.18752	0.43332	0.04450	0.00872	0.00243	0.00356	0.01392	0.00616	0.00563
38	0.00802	0.00573	0.00764	0.00917	0.00955	0.00535	0.00611	0.00917	0.01260	0.01681	0.03628	0.76434	0.04354	0.02062	0.00840	0.00267	0.00382	0.01872	0.00611	0.00535
39	0.01602	0.01536	0.02622	0.09154	0.67861	0.01557	0.02007	0.01996	0.01486	0.02117	0.01233	0.01638	0.01031	0.00592	0.00652	0.00197	0.00789	0.00586	0.00323	0.01020
40	0.01243	0.01170	0.01975	0.75282	0.04534	0.01463	0.01828	0.01682	0.01316	0.01682	0.01170	0.01755	0.00878	0.00658	0.00658	0.00219	0.00878	0.00585	0.00293	0.00731
41	0.00797	0.00595	0.00742	0.00859	0.00940	0.00540	0.00586	0.00923	0.01316	0.01703	0.04328	0.60304	0.20033	0.01972	0.00826	0.00257	0.00371	0.01761	0.00611	0.00540
42	0.01365	0.01170	0.01365	0.00975	0.01560	0.00878	0.00780	0.01658	0.01365	0.02145	0.01170	0.01365	0.00975	0.00488	0.00488	0.00098	0.00488	0.00390	0.00390	0.80888
43	0.01727	0.56930	0.13556	0.01285	0.01872	0.08729	0.01321	0.02017	0.01382	0.01633	0.00995	0.01174	0.00873	0.00746	0.03219	0.00188	0.00826	0.00391	0.00289	0.00847
44	0.05913	0.10629	0.13684	0.05902	0.18488	0.17597	0.07704	0.02104	0.01474	0.01918	0.01098	0.01403	0.00899	0.00665	0.00748	0.00198	0.07874	0.00513	0.00316	0.00872
45	0.01611	0.01693	0.02170	0.38119	0.25273	0.16301	0.01775	0.01980	0.01485	0.01814	0.01160	0.01600	0.00923	0.00640	0.00643	0.00202	0.00911	0.00553	0.00312	0.00835
46	0.00979	0.00884	0.02911	0.03974	0.04621	0.00796	0.02861	0.01356	0.07119	0.02073	0.20230	0.12418	0.34450	0.01423	0.00761	0.00222	0.00431	0.01233	0.00599	0.00658
47	0.03664	0.02034	0.01894	0.13508	0.10409	0.27670	0.01383	0.10857	0.10221	0.05469	0.02882	0.01662	0.01193	0.00741	0.00689	0.00198	0.03651	0.00559	0.00439	0.00878
48	0.00958	0.00684	0.00873	0.00957	0.01042	0.00668	0.00663	0.05505	0.03217	0.01911	0.08186	0.61325	0.04071	0.01910	0.00898	0.03878	0.00411	0.01654	0.00609	0.00580
49	0.01629	0.01564	0.02672	0.04041	0.72757	0.01564	0.02020	0.02020	0.01499	0.02151	0.01238	0.01629	0.01043	0.00587	0.00652	0.00196	0.00782	0.00587	0.00326	0.01043
50	0.01227	0.00614	0.00614	0.00614	0.00767	0.00614	0.00460	0.01534	0.01381	0.02454	0.02148	0.02454	0.01687	0.00767	0.00460	0.00153	0.00307	0.00614	0.80518	0.00614
51	0.05756	0.00730	0.00865	0.00868	0.01017	0.00748	0.00638	0.01330	0.06818	0.01951	0.09764	0.15316	0.14051	0.02028	0.11757	0.12708	0.00607	0.01005	0.11465	0.00578
52	0.00944	0.00690	0.00979	0.00979	0.01069	0.00780	0.00724	0.01125	0.01035	0.01469	0.01836	0.02988	0.01820	0.21732	0.57699	0.00960	0.01501	0.00764	0.00363	0.00544
53	0.00778	0.00667	0.00667	0.00667	0.00889	0.00556	0.00500	0.00945	0.01501	0.01778	0.06669	0.06336	0.72490	0.01667	0.00778	0.00222	0.00333	0.01389	0.00611	0.00556
54	0.00901	0.00722	0.00813	0.00803	0.00996	0.00667	0.00596	0.01251	0.07666	0.02106	0.25396	0.13916	0.38670	0.01552	0.00776	0.00223	0.00349	0.01332	0.00650	0.00615
55	0.23115	0.01224	0.01261	0.01057	0.01409	0.01314	0.00834	0.22443	0.01856	0.11411	0.05785	0.05493	0.01717	0.10260	0.00923	0.00254	0.00561	0.00677	0.07582	0.00823
56	0.00978	0.00740	0.00907	0.00908	0.01092	0.00700	0.00716	0.03039	0.03896	0.02274	0.33434	0.08151	0.22777	0.01531	0.00802	0.00235	0.00402	0.16132	0.00661	0.00624
57	0.02396	0.01741	0.01861	0.01439	0.01935	0.01922	0.01185	0.64772	0.02951	0.04007	0.01628	0.01654	0.01167	0.00788	0.00642	0.00194	0.00689	0.00594	0.07357	0.01077
58	0.04658	0.00917	0.01189	0.01116	0.01389	0.00878	0.00908	0.05608	0.01651	0.25133	0.05811	0.13947	0.02920	0.06216	0.00939	0.00274	0.00554	0.24448	0.00662	0.00782
59	0.00915	0.00629	0.00735	0.00762	0.00792	0.00612	0.00462	0.00968	0.01107	0.01475	0.07322	0.18910	0.06746	0.52860	0.02540	0.00513	0.00549	0.01179	0.00474	0.00449
60	0.00937	0.00699	0.01036	0.01041	0.01152	0.00807	0.00800	0.01159	0.01061	0.01524	0.01834	0.04996	0.01760	0.07509	0.69297	0.01017	0.01678	0.00752	0.00363	0.00579
61	0.00799	0.00584	0.00752	0.00886	0.00947	0.00537	0.00598	0.00920	0.01290	0.01693	0.04001	0.67851	0.12697	0.02014	0.00833	0.00262	0.00376	0.01812	0.00611	0.00537
62	0.00946	0.00637	0.00735	0.00740	0.00756	0.00630	0.00431	0.00980	0.01056	0.01422	0.08404	0.08728	0.02851	0.65641	0.02971	0.00578	0.00594	0.01033	0.00441	0.00427
63	0.81514	0.01273	0.00968	0.00866	0.01273	0.01477	0.00713	0.01935	0.01120	0.02954	0.00917	0.01069	0.00713	0.00611	0.00407	0.00204	0.00509	0.00356	0.00407	0.00713
64	0.00877	0.00660	0.00811	0.00795	0.00956	0.00594	0.00588	0.01128	0.01702	0.02308	0.47538	0.13145	0.23467	0.01509	0.00784	0.00218	0.00324	0.01318	0.00682	0.00594
65	0.00838	0.00599	0.00806	0.00958	0.01012	0.00566	0.00674	0.00980	0.01296	0.01721	0.03608	0.66729	0.04275	0.02028	0.00850	0.00272	0.00413	0.11218	0.00610	0.00545
66	0.02439	0.05434	0.01921	0.01670	0.02024	0.68702	0.01266	0.05661	0.01904	0.01723	0.01040	0.01201	0.00860	0.00680	0.00591	0.00170	0.01151	0.00429	0.00352	0.00782
67	0.00807	0.00598	0.00756	0.00879	0.00957	0.00547	0.00606	0.00939	0.01317	0.01710	0.04217	0.60218	0.17634	0.01976	0.00831	0.00260	0.00381	0.04217	0.00611	0.00541
68	0.01222	0.00798	0.01050	0.00967	0.01159	0.00808	0.00728	0.03464	0.01309	0.09322	0.08363	0.03220	0.06930	0.17207	0.34270	0.00665	0.01079	0.00812	0.00472	0.06155
69	0.05662	0.18239	0.06193	0.05005	0.07892	0.01962	0.06281	0.25714	0.11829	0.02799	0.01473	0.01581	0.01125	0.00699	0.00603	0.00192	0.00734	0.00557	0.00479	0.00982
70	0.81514	0.01273	0.00968	0.00866	0.01273	0.01477	0.00713	0.01935	0.01120	0.02954	0.00917	0.01069	0.00713	0.00611	0.00407	0.00204	0.00509	0.00356	0.00407	0.00713
71	0.00960	0.00636	0.00724	0.00728	0.00742	0.00632	0.00420	0.00990	0.01028	0.01400	0.05437	0.07284	0.02628	0.67406	0.03019	0.00585	0.00600	0.00994	0.03364	0.00423
72	0.01272	0.01217	0.02113	0.47486	0.07228	0.01381	0.12120	0.01732	0.03575	0.01846	0.05576	0.02268	0.04525	0.03976	0.00803	0.00236	0.00830	0.00706	0.00356	0.00753
73	0.01637	0.01414	0.01489	0.01340	0.01712	0.01637	0.01042	0.03498	0.71568	0.02754	0.02679	0.02456	0.02010	0.00893	0.00670	0.00223	0.00521	0.00744	0.00670	0.01042
74	0.00802	0.00573	0.00764	0.00917	0.00955	0.00535	0.00611	0.00917	0.01260	0.01681	0.03628	0.76434	0.04354	0.02062	0.00840	0.00267	0.00382	0.01872	0.00611	0.00535
75	0.00908	0.00621	0.00749	0.00810	0.00830	0.00607	0.00503	0.00961	0.01088	0.01449	0.02681	0.29640	0.03141	0.47365	0.02364	0.00494	0.00547	0.04304	0.00482	0.00456
76	0.00787	0.00652	0.00690	0.00713	0.00903	0.00554	0.00522	0.00950	0.01472	0.01789	0.08238	0.17826	0.59192	0.01722	0.00788	0.00229	0.00341	0.01462	0.00615	0.00554
77	0.02503	0.01844	0.01976	0.01515	0.02042	0.02042	0.01251	0.70562	0.03095	0.04149	0.01581	0.01581	0.01120	0.00790	0.00659	0.00198	0.00724	0.00593	0.00659	0.01120
78	0.02000	0.01557	0.01665	0.01396	0.01829	0.01756	0.01114	0.27571	0.44234	0.06029	0.02282	0.02133	0.01675	0.00853	0.00666	0.00213	0.00596	0.00687	0.00672	0.01073
79	0.01141	0.00848	0.01055	0.01114	0.01302	0.00868	0.00915	0.04650	0.10466	0.02157	0.06080	0.15259	0.09799	0.01611	0.00822	0.00266	0.00522	0.36427	0.04025	0.00671
80	0.00951	0.00635	0.00720	0.00726	0.00728	0.00634	0.00408	0.00956	0.00970	0.01294	0.02140	0.07380	0.02477	0.73678	0.03244	0.00622	0.00627	0.00996	0.00408	0.00405
81	0.01637	0.01414	0.01489	0.01340	0.01712	0.01637	0.01042	0.03498	0.71568	0.02754	0.02679	0.02456	0.02010	0.00893	0.00670	0.00223	0.00521	0.00744	0.00670	0.01042
82	0.00942	0.00698	0.01019	0.01019	0.01123	0.00802	0.00774	0.01151	0.01047	0.01500	0.01799	0.02783	0.01731	0.13148	0.66161	0.01010	0.01635	0.00734	0.00358	0.00566
83	0.08578	0.00763	0.00909	0.00898	0.01062	0.00755	0.00655	0.01412	0.06048	0.05552	0.29580	0.25292	0.06377	0.04875	0.00935	0.03420	0.00401	0.01231	0.00627	0.00630
84	0.00934	0.00773	0.00812	0.00775	0.01012	0.00708	0.00589	0.03927	0.07121	0.02066	0.15087	0.05651	0.55133	0.01528	0.00765	0.00219	0.00360	0.01280	0.00633	0.00625
85	0.01966	0.01540	0.01646	0.01389	0.01816	0.01740	0.01106	0.24927	0.46934	0.05974	0.02325	0.02168	0.01710	0.00857	0.00666	0.00214	0.00588	0.00693	0.00672	0.01070
86	0.01256	0.01183	0.01998	0.72898	0.06817	0.01466	0.01835	0.01693	0.01322	0.01698	0.01172	0.01751	0.00883	0.00656	0.00658	0.00219	0.00874	0.00585	0.00294	0.00742
87	0.00956	0.00644	0.00748	0.00748	0.00758	0.00654	0.00436	0.00977	0.00966	0.01299	0.02047	0.04157	0.02328	0.70538	0.09586	0.00675	0.00737	0.00935	0.00395	0.00416
88	0.00940	0.00705	0.01058	0.01058	0.01176	0.00823	0.00823	0.01176	0.01058	0.01528	0.01763	0.02586	0.01646	0.04937	0.74255	0.01058	0.01763	0.00705	0.00353	0.00588
89	0.01463	0.01418	0.02348	0.29410	0.22803	0.01657	0.07801	0.03857	0.01369	0.01902	0.01144	0.01642	0.00939	0.00749	0.01021	0.00228	0.18493	0.00600	0.00315	0.00841
90	0.02503	0.01844	0.01976	0.01515	0.02042	0.02042	0.01251	0.70562	0.03095	0.04149	0.01581	0.01581	0.01120	0.00790	0.00659	0.00198	0.00724	0.00593	0.00659	0.01120
91	0.01725	0.01426	0.02149	0.31955	0.25135	0.01578	0.01699	0.15000	0.03936	0.06914	0.01408	0.01736	0.01059	0.00678	0.00657	0.00207	0.00787	0.00597	0.00418	0.00937
92	0.01007	0.00680	0.00767	0.00757	0.00778	0.00685	0.00440	0.03533	0.01051	0.01402	0.02129	0.07586	0.02438	0.70543	0.03133	0.00605	0.00629	0.00987	0.00418	0.00432
93	0.01061	0.00758	0.01061	0.01212	0.01364	0.00758	0.01061	0.01364	0.01515	0.01970	0.03486	0.07426	0.03789	0.01819	0.00909	0.00303	0.00606	0.68326	0.00606	0.00606
94	0.01365	0.01170	0.01365	0.00975	0.01560	0.00878	0.00780	0.01658	0.01365	0.02145	0.01170	0.01365	0.00975	0.00488	0.00488	0.00098	0.00488	0.00390	0.00390	0.80888
95	0.01140	0.00993	0.01416	0.01302	0.01365	0.01285	0.01040	0.01323	0.01031	0.01534	0.01427	0.02246	0.01385	0.08270	0.40818	0.00724	0.31072	0.00671	0.00330	0.00628
96	0.00856	0.00625	0.00805	0.00855	0.00961	0.00574	0.00605	0.01060	0.01543	0.02104	0.33626	0.38966	0.11547	0.01716	0.00807	0.00237	0.00347	0.01532	0.00660	0.00574
97	0.02388	0.03022	0.01819	0.01655	0.01986	0.70773	0.01242	0.02564	0.01865	0.01659	0.04362	0.01362	0.01099	0.00710	0.00602	0.00171	0.01146	0.00460	0.00357	0.00757
98	0.00957	0.00638	0.00718	0.00718	0.00718	0.00638	0.00399	0.00957	0.00957	0.01276	0.02074	0.04308	0.02393	0.76864	0.03351	0.00638	0.00638	0.00957	0.00399	0.00399
99	0.01276	0.00756	0.00974	0.00906	0.01130	0.00682	0.00708	0.01542	0.01743	0.15032	0.38631	0.08149	0.16233	0.01386	0.00773	0.00222	0.00393	0.08066	0.00704	0.00694
100	0.00945	0.00646	0.00745	0.00736	0.00773	0.00632	0.00443	0.01008	0.01144	0.01545	0.14999	0.04505	0.06070	0.59995	0.02775	0.00542	0.00566	0.01018	0.00467	0.00446
101	0.00904	0.00658	0.00850	0.00831	0.00974	0.00605	0.00612	0.01178	0.01755	0.02450	0.58559	0.15216	0.10009	0.01468	0.00786	0.00217	0.00322	0.01300	0.00702	0.00605
102	0.01061	0.00758	0.01061	0.01212	0.01364	0.00758	0.01061	0.01364	0.01515	0.01970	0.03486	0.07426	0.03789	0.01819	0.00909	0.00303	0.00606	0.68326	0.00606	0.00606
103	0.69313	0.01271	0.01046	0.00914	0.01316	0.01447	0.00745	0.05975	0.01269	0.06662	0.01094	0.01299	0.00857	0.03880	0.00561	0.00222	0.00530	0.00412	0.00443	0.00745
104	0.01413	0.01403	0.01963	0.01694	0.01695	0.01953	0.01405	0.01556	0.01019	0.01588	0.00982	0.04634	0.01013	0.01191	0.02104	0.00287	0.72453	0.00631	0.00302	0.00712
105	0.00802	0.00573	0.00764	0.00917	0.00955	0.00535	0.00611	0.00917	0.01260	0.01681	0.03628	0.76434	0.04354	0.02062	0.00840	0.00267	0.00382	0.01872	0.00611	0.00535
106	0.02936	0.01149	0.01545	0.01185	0.01695	0.01010	0.00979	0.05860	0.01932	0.70494	0.02557	0.02215	0.01610	0.00814	0.00662	0.00203	0.00567	0.00659	0.00809	0.01120
107	0.00876	0.00644	0.00786	0.00849	0.00962	0.00594	0.00614	0.01021	0.01369	0.01769	0.10768	0.27687	0.23916	0.11223	0.01208	0.03472	0.00432	0.10697	0.00582	0.00532
108	0.02464	0.03005	0.01877	0.01677	0.02036	0.66840	0.01270	0.09576	0.01991	0.01871	0.01075	0.01227	0.00876	0.00690	0.00600	0.00172	0.01140	0.00441	0.00372	0.00800
109	0.01440	0.01440	0.02016	0.01728	0.01728	0.02016	0.01440	0.01584	0.01008	0.01584	0.00864	0.01440	0.00864	0.01152	0.02160	0.00288	0.75659	0.00576	0.00288	0.00720
110	0.00923	0.00707	0.00815	0.00852	0.01008	0.00656	0.00631	0.04262	0.01471	0.01862	0.06361	0.24276	0.34137	0.08942	0.01052	0.00283	0.00429	0.10169	0.00595	0.00570
111	0.08703	0.01235	0.01557	0.07593	0.01752	0.03992	0.01154	0.05623	0.03839	0.01886	0.01321	0.01909	0.01194	0.04545	0.23650	0.00508	0.27862	0.00610	0.00360	0.00707
112	0.02563	0.01075	0.01429	0.01136	0.01584	0.00956	0.00934	0.05867	0.01900	0.57115	0.08740	0.02895	0.05427	0.00950	0.00690	0.00210	0.00538	0.04187	0.00780	0.01025
113	0.01540	0.01812	0.06791	0.02607	0.03232	0.01680	0.59998	0.02132	0.04439	0.02101	0.01351	0.01765	0.01025	0.00611	0.00854	0.00226	0.05857	0.00750	0.00342	0.00887
114	0.04321	0.00670	0.00745	0.00752	0.00786	0.00674	0.00454	0.01018	0.01018	0.01408	0.02289	0.06130	0.04787	0.65540	0.02957	0.00580	0.00615	0.04402	0.00422	0.00431

[dist]
# distance from previous block
# <min> <max>
2	9

[block]
# block no. 1 follows, 33 sequences, length 33
# corresponding to MSA columns:
# 167-199
name=unknown_B
#
# <colnr> <probs for GDERKNQSTAVLIFYWHMCP>
#	G	D	E	R	K	N	Q	S	T	A	V	L	I	F	Y	W	H	M	C	P
0	0.04148	0.01806	0.06565	0.01602	0.02158	0.09262	0.13023	0.20116	0.05267	0.13749	0.01576	0.01654	0.01138	0.00680	0.00635	0.00185	0.00775	0.00577	0.00517	0.14566
1	0.02003	0.11439	0.08020	0.01507	0.02007	0.11241	0.04210	0.21035	0.24281	0.04973	0.01762	0.01756	0.01321	0.00757	0.00627	0.00197	0.00749	0.00590	0.00533	0.00992
2	0.04269	0.01488	0.02012	0.02140	0.21014	0.01571	0.06197	0.14117	0.24260	0.09626	0.02119	0.02140	0.04459	0.00786	0.00667	0.00209	0.00663	0.00686	0.00555	0.01021
3	0.00825	0.00654	0.00742	0.00750	0.00926	0.00571	0.00551	0.01024	0.01566	0.02006	0.24735	0.16593	0.43451	0.01637	0.00787	0.00225	0.00334	0.01407	0.00643	0.00571
4	0.01760	0.77260	0.03450	0.01126	0.01690	0.02605	0.01126	0.01971	0.01338	0.01549	0.00915	0.01056	0.00845	0.00563	0.00422	0.00141	0.00704	0.00352	0.00282	0.00845
5	0.00778	0.00667	0.00667	0.00667	0.00889	0.00556	0.00500	0.00945	0.01501	0.01778	0.06669	0.06336	0.72490	0.01667	0.00778	0.00222	0.00333	0.01389	0.00611	0.00556
6	0.01637	0.01414	0.01489	0.01340	0.01712	0.01637	0.01042	0.03498	0.71568	0.02754	0.02679	0.02456	0.02010	0.00893	0.00670	0.00223	0.00521	0.00744	0.00670	0.01042
7	0.48653	0.01450	0.01349	0.01107	0.01563	0.01621	0.00913	0.24809	0.01840	0.09298	0.01279	0.01338	0.00925	0.00688	0.00512	0.00202	0.00585	0.00461	0.00525	0.00882
8	0.02728	0.01482	0.01752	0.01343	0.01861	0.01505	0.01109	0.36890	0.02490	0.38676	0.02089	0.01911	0.01375	0.00803	0.00660	0.00201	0.00642	0.00627	0.00737	0.01120
9	0.01554	0.01776	0.03885	0.02775	0.03441	0.01665	0.70366	0.02109	0.01554	0.02109	0.01332	0.01776	0.00999	0.00555	0.00777	0.00222	0.01110	0.00777	0.00333	0.00888
10	0.01061	0.00758	0.01061	0.01212	0.01364	0.00758	0.01061	0.01364	0.01515	0.01970	0.03486	0.07426	0.03789	0.01819	0.00909	0.00303	0.00606	0.68326	0.00606	0.00606
11	0.00932	0.00673	0.00880	0.00828	0.00984	0.00621	0.00621	0.01242	0.01863	0.02640	0.72410	0.04918	0.06212	0.01346	0.00776	0.00207	0.00311	0.01191	0.00725	0.00621
12	0.00820	0.00586	0.00785	0.00938	0.00984	0.00550	0.00643	0.00948	0.01278	0.01701	0.03618	0.71561	0.04314	0.02045	0.00845	0.00270	0.00398	0.06564	0.00611	0.00540
13	0.01566	0.00813	0.01083	0.00936	0.01202	0.00730	0.00730	0.01859	0.01870	0.24767	0.50521	0.04078	0.04775	0.01179	0.00741	0.00206	0.00389	0.01025	0.00753	0.00778
14	0.01046	0.00753	0.01040	0.01184	0.01339	0.00747	0.01031	0.01342	0.01515	0.01960	0.03653	0.07369	0.07390	0.01811	0.00902	0.00299	0.00592	0.64817	0.00606	0.00604
15	0.01629	0.01564	0.02672	0.04041	0.72757	0.01564	0.02020	0.02020	0.01499	0.02151	0.01238	0.01629	0.01043	0.00587	0.00652	0.00196	0.00782	0.00587	0.00326	0.01043
16	0.00802	0.00573	0.00764	0.00917	0.00955	0.00535	0.00611	0.00917	0.01260	0.01681	0.03628	0.76434	0.04354	0.02062	0.00840	0.00267	0.00382	0.01872	0.00611	0.00535
17	0.01667	0.01417	0.01493	0.01328	0.01705	0.01627	0.01037	0.08108	0.64225	0.02816	0.02747	0.02536	0.04505	0.00914	0.00673	0.00221	0.00528	0.00757	0.00667	0.01030
18	0.02637	0.01628	0.01842	0.01412	0.01934	0.01721	0.01167	0.50445	0.02734	0.24777	0.01884	0.01778	0.01272	0.00798	0.00660	0.00199	0.00675	0.00613	0.00705	0.01120
19	0.00957	0.00638	0.00718	0.00718	0.00718	0.00638	0.00399	0.00957	0.00957	0.01276	0.02074	0.04308	0.02393	0.76864	0.03351	0.00638	0.00638	0.00957	0.00399	0.00399
20	0.06635	0.01128	0.01502	0.01157	0.01661	0.00991	0.00956	0.03149	0.01848	0.69921	0.02518	0.02186	0.01587	0.00805	0.00650	0.00204	0.00558	0.00648	0.00796	0.01101
21	0.01144	0.00572	0.00858	0.00858	0.00858	0.00572	0.00572	0.00858	0.00858	0.01144	0.01144	0.02001	0.01144	0.02287	0.02573	0.80846	0.00572	0.00572	0.00286	0.00286
22	0.02503	0.01844	0.01976	0.01515	0.02042	0.02042	0.01251	0.70562	0.03095	0.04149	0.01581	0.01581	0.01120	0.00790	0.00659	0.00198	0.00724	0.00593	0.00659	0.01120
23	0.00940	0.00704	0.01050	0.01048	0.01167	0.00814	0.00814	0.01179	0.01094	0.01577	0.04876	0.02689	0.01847	0.04779	0.71017	0.01021	0.01699	0.00727	0.00369	0.00589
24	0.03683	0.00986	0.01389	0.01282	0.01362	0.01267	0.01027	0.01339	0.01039	0.01585	0.01423	0.02184	0.01360	0.05850	0.43594	0.00740	0.28269	0.00656	0.00333	0.00633
25	0.01760	0.77260	0.03450	0.01126	0.01690	0.02605	0.01126	0.01971	0.01338	0.01549	0.00915	0.01056	0.00845	0.00563	0.00422	0.00141	0.00704	0.00352	0.00282	0.00845
26	0.81514	0.01273	0.00968	0.00866	0.01273	0.01477	0.00713	0.01935	0.01120	0.02954	0.00917	0.01069	0.00713	0.00611	0.00407	0.00204	0.00509	0.00356	0.00407	0.00713
27	0.01988	0.01536	0.01597	0.01372	0.01767	0.06640	0.01106	0.24141	0.27734	0.09317	0.04553	0.02788	0.01977	0.00972	0.00694	0.00219	0.00639	0.09325	0.00650	0.00985
28	0.01230	0.07464	0.03399	0.01146	0.01379	0.04488	0.05307	0.03626	0.01314	0.01851	0.02032	0.09170	0.04734	0.04882	0.27754	0.00526	0.03752	0.00780	0.14504	0.00661
29	0.01607	0.01128	0.05083	0.08350	0.01769	0.01048	0.01014	0.02236	0.17294	0.19262	0.08570	0.22278	0.02699	0.01176	0.00714	0.00224	0.00533	0.01024	0.00628	0.03364
30	0.08092	0.16248	0.04305	0.02085	0.21331	0.08078	0.01409	0.17611	0.07370	0.02541	0.01406	0.01701	0.01153	0.00709	0.00596	0.00190	0.00746	0.03039	0.00436	0.00954
31	0.01666	0.16726	0.13812	0.02800	0.34168	0.01747	0.11876	0.02096	0.01479	0.05741	0.01251	0.01533	0.00996	0.00595	0.00622	0.00191	0.00833	0.00557	0.00336	0.00975
32	0.01798	0.10934	0.22246	0.01914	0.12778	0.05397	0.01637	0.13342	0.03994	0.07673	0.01383	0.01636	0.01082	0.03963	0.00862	0.00220	0.07229	0.00550	0.00411	0.00949

[dist]
# distance from previous block
# <min> <max>
0	4

[block]
# block no. 2 follows, 33 sequences, length 62
# corresponding to MSA columns:
# 204-265
name=unknown_C
#
# <colnr> <probs for GDERKNQSTAVLIFYWHMCP>
#	G	D	E	R	K	N	Q	S	T	A	V	L	I	F	Y	W	H	M	C	P
0	0.01791	0.22654	0.20878	0.01869	0.08591	0.01934	0.10197	0.16095	0.03764	0.04331	0.01296	0.01461	0.00990	0.00643	0.00601	0.00189	0.00825	0.00529	0.00394	0.00970
1	0.00807	0.00575	0.00762	0.00910	0.00947	0.00538	0.00604	0.00918	0.01250	0.01667	0.03577	0.74066	0.04290	0.04519	0.00923	0.00280	0.00390	0.01841	0.00604	0.00530
2	0.01951	0.01636	0.01645	0.01391	0.01801	0.06804	0.01103	0.26933	0.37713	0.03158	0.06991	0.02228	0.01904	0.00873	0.00668	0.00209	0.00625	0.00699	0.00646	0.01021
3	0.03489	0.16713	0.35083	0.02026	0.13210	0.01727	0.05825	0.05302	0.01515	0.07361	0.01265	0.01450	0.00947	0.00625	0.00599	0.00194	0.00848	0.00508	0.00349	0.00966
4	0.00995	0.00777	0.01127	0.01096	0.01190	0.00932	0.00848	0.01198	0.01043	0.01510	0.01698	0.02630	0.01635	0.11454	0.59793	0.00936	0.09489	0.00716	0.00350	0.00584
5	0.01554	0.01776	0.03885	0.02775	0.03441	0.01665	0.70366	0.02109	0.01554	0.02109	0.01332	0.01776	0.00999	0.00555	0.00777	0.00222	0.01110	0.00777	0.00333	0.00888
6	0.01491	0.01457	0.02594	0.11535	0.46926	0.01467	0.12703	0.01887	0.01469	0.02047	0.01555	0.07471	0.02952	0.00727	0.00690	0.00209	0.00804	0.00733	0.00352	0.00933
7	0.02227	0.08673	0.02025	0.01550	0.05597	0.01717	0.03724	0.30205	0.09167	0.17975	0.01873	0.05205	0.01418	0.00842	0.00729	0.00205	0.04570	0.00664	0.00606	0.01026
8	0.01292	0.01237	0.02075	0.61870	0.07360	0.01532	0.04080	0.01702	0.01300	0.01708	0.01147	0.01717	0.00888	0.00703	0.00819	0.00226	0.08710	0.00591	0.00295	0.00750
9	0.02749	0.01330	0.01646	0.01267	0.01770	0.01289	0.01044	0.24021	0.02259	0.49533	0.04532	0.02122	0.01619	0.00824	0.00665	0.00202	0.00603	0.00658	0.00763	0.01104
10	0.00832	0.00666	0.00744	0.00732	0.00924	0.00578	0.00546	0.01046	0.01617	0.02071	0.29191	0.08429	0.47162	0.01571	0.00780	0.00219	0.00327	0.01339	0.00650	0.00578
11	0.01573	0.07401	0.05501	0.20158	0.35866	0.01651	0.03736	0.05177	0.08507	0.02140	0.01357	0.01689	0.01078	0.00642	0.00640	0.00201	0.00788	0.00585	0.00362	0.00950
12	0.10149	0.01653	0.05077	0.11590	0.28277	0.06115	0.07445	0.11840	0.01690	0.02400	0.01618	0.01884	0.05989	0.00708	0.00642	0.00203	0.00786	0.00621	0.00398	0.00912
13	0.01424	0.01414	0.01973	0.01695	0.01695	0.01970	0.01406	0.01563	0.01007	0.01574	0.00905	0.01536	0.00915	0.03681	0.02200	0.00300	0.73154	0.00589	0.00292	0.00709
14	0.01365	0.01170	0.01365	0.00975	0.01560	0.00878	0.00780	0.01658	0.01365	0.02145	0.01170	0.01365	0.00975	0.00488	0.00488	0.00098	0.00488	0.00390	0.00390	0.80888
15	0.02366	0.01803	0.01900	0.01456	0.01984	0.04070	0.01196	0.60323	0.02852	0.03834	0.01515	0.01543	0.01094	0.00751	0.00636	0.00185	0.00710	0.00564	0.00617	0.10600
16	0.00833	0.00595	0.00756	0.00863	0.00913	0.00558	0.00569	0.00942	0.01257	0.01669	0.07075	0.56191	0.08600	0.14437	0.01250	0.00323	0.00418	0.01653	0.00582	0.00518
17	0.00802	0.00573	0.00764	0.00917	0.00955	0.00535	0.00611	0.00917	0.01260	0.01681	0.03628	0.76434	0.04354	0.02062	0.00840	0.00267	0.00382	0.01872	0.00611	0.00535
18	0.01636	0.02056	0.19094	0.08255	0.31385	0.04059	0.06999	0.09685	0.01623	0.02267	0.01234	0.01561	0.00969	0.00661	0.00751	0.00208	0.05668	0.00572	0.00348	0.00970
19	0.00955	0.00647	0.00763	0.00763	0.00779	0.00663	0.00455	0.00986	0.00971	0.01310	0.02033	0.04079	0.02294	0.67311	0.12767	0.00694	0.00788	0.00924	0.00393	0.00424
20	0.00910	0.00650	0.00884	0.01020	0.01105	0.00631	0.00776	0.01100	0.01357	0.01800	0.05686	0.44338	0.04061	0.04384	0.03239	0.00315	0.00513	0.26072	0.00598	0.00561
21	0.02954	0.01120	0.01528	0.01171	0.01681	0.00968	0.00968	0.03208	0.01884	0.73213	0.02597	0.02241	0.01630	0.00815	0.00662	0.00204	0.00560	0.00662	0.00815	0.01120
22	0.00943	0.00695	0.01008	0.01008	0.01108	0.00796	0.00760	0.01143	0.01043	0.01491	0.01809	0.02841	0.01756	0.15579	0.63765	0.00996	0.01597	0.00743	0.00360	0.00560
23	0.02200	0.01150	0.01418	0.01166	0.01572	0.01131	0.00935	0.07611	0.18447	0.37366	0.16719	0.02789	0.02614	0.00939	0.00687	0.00209	0.00512	0.00784	0.00751	0.01000
24	0.00950	0.00649	0.00782	0.00786	0.00809	0.00669	0.00483	0.00996	0.00984	0.01334	0.02062	0.06068	0.02313	0.61556	0.16248	0.00704	0.00837	0.00938	0.00397	0.00437
25	0.00957	0.00638	0.00718	0.00718	0.00718	0.00638	0.00399	0.00957	0.00957	0.01276	0.02074	0.04308	0.02393	0.76864	0.03351	0.00638	0.00638	0.00957	0.00399	0.00399
26	0.00942	0.00701	0.01034	0.01034	0.01143	0.00810	0.00793	0.01160	0.01051	0.01511	0.01785	0.02707	0.01698	0.09986	0.69278	0.01029	0.01684	0.00723	0.00356	0.00575
27	0.01538	0.01273	0.01458	0.01057	0.01633	0.01055	0.00852	0.12149	0.01629	0.02450	0.01233	0.01398	0.00997	0.00534	0.00514	0.00113	0.00524	0.00421	0.00431	0.68742
28	0.01989	0.01589	0.01687	0.01411	0.01846	0.01802	0.01127	0.30788	0.43705	0.03322	0.02232	0.02100	0.01647	0.00851	0.00665	0.00213	0.00604	0.00683	0.00665	0.01074
29	0.00798	0.00590	0.00747	0.00872	0.00943	0.00538	0.00591	0.00922	0.01303	0.01698	0.04173	0.63882	0.16555	0.01992	0.00829	0.00259	0.00373	0.01785	0.00611	0.00538
30	0.00819	0.00580	0.00759	0.00894	0.00928	0.00546	0.00587	0.00921	0.01226	0.01635	0.03454	0.68357	0.04135	0.10440	0.01121	0.00309	0.00411	0.01769	0.00587	0.00520
31	0.01637	0.01414	0.01489	0.01340	0.01712	0.01637	0.01042	0.03498	0.71568	0.02754	0.02679	0.02456	0.02010	0.00893	0.00670	0.00223	0.00521	0.00744	0.00670	0.01042
32	0.81514	0.01273	0.00968	0.00866	0.01273	0.01477	0.00713	0.01935	0.01120	0.02954	0.00917	0.01069	0.00713	0.00611	0.00407	0.00204	0.00509	0.00356	0.00407	0.00713
33	0.01365	0.01170	0.01365	0.00975	0.01560	0.00878	0.00780	0.01658	0.01365	0.02145	0.01170	0.01365	0.00975	0.00488	0.00488	0.00098	0.00488	0.00390	0.00390	0.80888
34	0.02503	0.01844	0.01976	0.01515	0.02042	0.02042	0.01251	0.70562	0.03095	0.04149	0.01581	0.01581	0.01120	0.00790	0.00659	0.00198	0.00724	0.00593	0.00659	0.01120
35	0.00957	0.00638	0.00718	0.00718	0.00718	0.00638	0.00399	0.00957	0.00957	0.01276	0.02074	0.04308	0.02393	0.76864	0.03351	0.00638	0.00638	0.00957	0.00399	0.00399
36	0.01722	0.70859	0.09517	0.01191	0.01790	0.02512	0.01240	0.01981	0.01342	0.01595	0.00938	0.01085	0.00844	0.00569	0.00440	0.00147	0.00727	0.00364	0.00281	0.00856
37	0.00949	0.00673	0.00894	0.00894	0.00955	0.00734	0.00619	0.01070	0.01010	0.01407	0.01913	0.03416	0.02006	0.39586	0.40099	0.00856	0.01221	0.00827	0.00375	0.00497
38	0.02603	0.01374	0.05356	0.01264	0.01775	0.01223	0.01085	0.17153	0.04432	0.48236	0.06684	0.02232	0.01781	0.00836	0.00667	0.00204	0.00599	0.00674	0.00743	0.01079
39	0.01760	0.77260	0.03450	0.01126	0.01690	0.02605	0.01126	0.01971	0.01338	0.01549	0.00915	0.01056	0.00845	0.00563	0.00422	0.00141	0.00704	0.00352	0.00282	0.00845
40	0.00957	0.00641	0.00732	0.00732	0.00737	0.00646	0.00416	0.00966	0.00961	0.01287	0.02062	0.04239	0.02363	0.73957	0.06216	0.00655	0.00684	0.00947	0.00397	0.00407
41	0.01653	0.45523	0.22326	0.01422	0.02088	0.02091	0.05892	0.02037	0.01400	0.05470	0.01315	0.01450	0.03540	0.00634	0.00526	0.00171	0.00782	0.00470	0.00324	0.00886
42	0.02288	0.01791	0.01917	0.04997	0.05776	0.06184	0.01260	0.54868	0.02706	0.03578	0.01545	0.01759	0.01178	0.06106	0.00843	0.00228	0.00756	0.00608	0.00587	0.01026
43	0.01144	0.00572	0.00858	0.00858	0.00858	0.00572	0.00572	0.00858	0.00858	0.01144	0.01144	0.02001	0.01144	0.02287	0.02573	0.80846	0.00572	0.00572	0.00286	0.00286
44	0.00802	0.00573	0.00764	0.00917	0.00955	0.00535	0.00611	0.00917	0.01260	0.01681	0.03628	0.76434	0.04354	0.02062	0.00840	0.00267	0.00382	0.01872	0.00611	0.00535
45	0.02275	0.15876	0.02146	0.05429	0.02105	0.58026	0.01276	0.02466	0.01746	0.01604	0.01008	0.01194	0.00849	0.00657	0.00567	0.00167	0.01087	0.00420	0.00327	0.00776
46	0.17361	0.00746	0.00685	0.00664	0.00869	0.00787	0.00511	0.01615	0.01328	0.02555	0.01900	0.02176	0.01492	0.00736	0.00450	0.00164	0.00347	0.00562	0.64420	0.00634
47	0.01455	0.03032	0.58554	0.04959	0.07745	0.01579	0.02263	0.08811	0.01563	0.02277	0.01224	0.01440	0.00879	0.00640	0.00632	0.00207	0.00931	0.00508	0.00319	0.00983
48	0.00937	0.00704	0.00893	0.00970	0.01135	0.00660	0.00794	0.01185	0.01540	0.01983	0.14066	0.12111	0.25045	0.01726	0.00846	0.00262	0.00465	0.33468	0.00625	0.00587
49	0.00956	0.00645	0.00752	0.00752	0.00763	0.00656	0.00441	0.00979	0.00967	0.01301	0.02044	0.04138	0.02320	0.69777	0.10337	0.00680	0.00749	0.00933	0.00394	0.00418
50	0.01484	0.08941	0.02348	0.33681	0.12467	0.06273	0.06480	0.01824	0.01330	0.01736	0.01093	0.01571	0.00900	0.00735	0.00948	0.00220	0.16309	0.00564	0.00301	0.00794
51	0.01760	0.77260	0.03450	0.01126	0.01690	0.02605	0.01126	0.01971	0.01338	0.01549	0.00915	0.01056	0.00845	0.00563	0.00422	0.00141	0.00704	0.00352	0.00282	0.00845
52	0.00802	0.00573	0.00764	0.00917	0.00955	0.00535	0.00611	0.00917	0.01260	0.01681	0.03628	0.76434	0.04354	0.02062	0.00840	0.00267	0.00382	0.01872	0.00611	0.00535
53	0.01365	0.01170	0.01365	0.00975	0.01560	0.00878	0.00780	0.01658	0.01365	0.02145	0.01170	0.01365	0.00975	0.00488	0.00488	0.00098	0.00488	0.00390	0.00390	0.80888
54	0.01427	0.21573	0.43769	0.01748	0.07306	0.01719	0.01904	0.01971	0.01376	0.01936	0.01247	0.05262	0.01043	0.00676	0.00581	0.00189	0.00839	0.00528	0.00305	0.04600
55	0.02158	0.06916	0.02003	0.01553	0.04966	0.01801	0.04368	0.39111	0.13628	0.08664	0.01839	0.04000	0.01414	0.03621	0.00754	0.00218	0.00685	0.00664	0.00606	0.01030
56	0.01481	0.01628	0.09364	0.14076	0.49021	0.01478	0.03702	0.01904	0.01463	0.02048	0.01606	0.01959	0.06012	0.00676	0.00662	0.00203	0.00792	0.00638	0.00336	0.00952
57	0.01539	0.01473	0.02534	0.10776	0.57791	0.01493	0.05065	0.01937	0.01509	0.02137	0.06231	0.01879	0.01387	0.00645	0.00667	0.00200	0.00774	0.00638	0.00351	0.00975
58	0.05061	0.01148	0.01296	0.00982	0.01480	0.00960	0.00767	0.01792	0.08585	0.02160	0.01404	0.01754	0.01210	0.08061	0.00785	0.00169	0.00507	0.00481	0.00421	0.60978
59	0.01443	0.03824	0.02060	0.19256	0.31864	0.01416	0.01597	0.05038	0.06431	0.02096	0.01917	0.07167	0.04199	0.00896	0.00691	0.00218	0.00720	0.07881	0.00414	0.00873
60	0.05347	0.01660	0.01978	0.45429	0.03539	0.15382	0.04128	0.11000	0.01656	0.02069	0.01190	0.01593	0.00901	0.00674	0.00639	0.00206	0.00908	0.00552	0.00357	0.00794
61	0.05539	0.01234	0.01915	0.51507	0.12081	0.01472	0.01664	0.01928	0.09482	0.01924	0.01362	0.01816	0.01049	0.00833	0.03365	0.00247	0.00838	0.00596	0.00349	0.00798

[dist]
# distance from previous block
# <min> <max>
0	9

[block]
# block no. 3 follows, 33 sequences, length 39
# corresponding to MSA columns:
# 275-313
name=unknown_D
#
# <colnr> <probs for GDERKNQSTAVLIFYWHMCP>
#	G	D	E	R	K	N	Q	S	T	A	V	L	I	F	Y	W	H	M	C	P
0	0.01314	0.01232	0.02019	0.62071	0.12003	0.01486	0.01795	0.01848	0.06280	0.01810	0.01284	0.01790	0.00976	0.00667	0.00658	0.00217	0.00842	0.00596	0.00323	0.00788
1	0.01688	0.01796	0.03387	0.07682	0.03257	0.06741	0.53728	0.04625	0.03289	0.05029	0.01391	0.01761	0.01034	0.00598	0.00744	0.00217	0.01049	0.00727	0.00370	0.00889
2	0.01028	0.00783	0.00820	0.00778	0.01037	0.00706	0.00594	0.01391	0.09403	0.06915	0.05934	0.05611	0.59582	0.01520	0.00758	0.00221	0.00370	0.01266	0.00632	0.00650
3	0.01365	0.01170	0.01365	0.00975	0.01560	0.00878	0.00780	0.01658	0.01365	0.02145	0.01170	0.01365	0.00975	0.00488	0.00488	0.00098	0.00488	0.00390	0.00390	0.80888
4	0.01624	0.01578	0.02601	0.09016	0.66046	0.03495	0.01987	0.02013	0.01496	0.02103	0.01228	0.01626	0.01026	0.00594	0.00651	0.00197	0.00800	0.00582	0.00324	0.01013
5	0.02201	0.02445	0.01611	0.01443	0.01765	0.49917	0.01096	0.10467	0.01908	0.02093	0.01326	0.01505	0.01060	0.00711	0.00573	0.00169	0.00944	0.00485	0.17509	0.00774
6	0.60372	0.09822	0.01353	0.00958	0.01399	0.01573	0.00812	0.05175	0.01318	0.10554	0.01131	0.01219	0.00847	0.00636	0.00448	0.00196	0.00546	0.00400	0.00449	0.00791
7	0.19922	0.01241	0.01711	0.17372	0.21243	0.01386	0.01349	0.03576	0.04781	0.02182	0.01441	0.07301	0.01297	0.00918	0.00823	0.06245	0.03726	0.02313	0.00387	0.00785
8	0.00846	0.00606	0.00811	0.00928	0.00991	0.00577	0.00648	0.01000	0.01333	0.01798	0.11665	0.57809	0.04359	0.04003	0.04312	0.00309	0.00460	0.06389	0.00607	0.00549
9	0.02377	0.00993	0.01343	0.01073	0.01482	0.00869	0.00869	0.02647	0.01878	0.53068	0.22525	0.03005	0.02938	0.00966	0.00695	0.00205	0.00489	0.00813	0.00789	0.00978
10	0.02994	0.00754	0.00896	0.00905	0.01018	0.00747	0.00620	0.07529	0.01415	0.04096	0.07905	0.36861	0.06536	0.22875	0.01508	0.00356	0.00487	0.01352	0.00565	0.00580
11	0.08959	0.00683	0.00884	0.00864	0.00945	0.00690	0.00603	0.01118	0.01079	0.04139	0.09872	0.04923	0.02013	0.09263	0.02059	0.48036	0.00536	0.02510	0.00398	0.00424
12	0.01506	0.01438	0.02449	0.26849	0.50915	0.01532	0.01959	0.01912	0.01441	0.02001	0.01216	0.01670	0.00990	0.00609	0.00654	0.00203	0.00813	0.00586	0.00315	0.00943
13	0.01043	0.00697	0.00895	0.00849	0.01028	0.00634	0.00642	0.01319	0.01769	0.07164	0.53072	0.10038	0.13579	0.01413	0.00777	0.00216	0.00344	0.03175	0.00706	0.00640
14	0.01160	0.00734	0.00903	0.00890	0.01073	0.00676	0.00657	0.01415	0.04371	0.11274	0.17392	0.24888	0.20291	0.06897	0.00964	0.00263	0.00414	0.04443	0.00647	0.00647
15	0.01557	0.01766	0.03828	0.02834	0.06661	0.01660	0.67191	0.02105	0.01551	0.02111	0.01328	0.01769	0.01001	0.00556	0.00771	0.00221	0.01095	0.00768	0.00333	0.00895
16	0.81514	0.01273	0.00968	0.00866	0.01273	0.01477	0.00713	0.01935	0.01120	0.02954	0.00917	0.01069	0.00713	0.00611	0.00407	0.00204	0.00509	0.00356	0.00407	0.00713
17	0.00799	0.00624	0.00726	0.00794	0.00926	0.00550	0.00560	0.00951	0.01413	0.01790	0.09586	0.38862	0.36416	0.01830	0.00807	0.00242	0.00355	0.01601	0.00619	0.00550
18	0.09765	0.00903	0.01027	0.00931	0.01155	0.00907	0.00689	0.04863	0.05045	0.16483	0.03824	0.06118	0.04682	0.28222	0.01617	0.00367	0.00554	0.05943	0.06214	0.00690
19	0.01144	0.00572	0.00858	0.00858	0.00858	0.00572	0.00572	0.00858	0.00858	0.01144	0.01144	0.02001	0.01144	0.02287	0.02573	0.80846	0.00572	0.00572	0.00286	0.00286
20	0.00879	0.00685	0.00816	0.00890	0.01062	0.00622	0.00709	0.01085	0.01471	0.01830	0.05136	0.16801	0.39051	0.01776	0.00832	0.00257	0.00434	0.24483	0.00610	0.00570
21	0.07140	0.00916	0.01094	0.00960	0.01229	0.00902	0.00743	0.06387	0.05418	0.15741	0.31505	0.03744	0.09733	0.06242	0.05088	0.00284	0.00516	0.00944	0.00659	0.00755
22	0.00832	0.00592	0.00789	0.00936	0.00983	0.00559	0.00644	0.00959	0.01271	0.01691	0.03552	0.67177	0.04222	0.05088	0.00949	0.00286	0.00413	0.07919	0.00602	0.00536
23	0.02186	0.01749	0.01883	0.06534	0.02115	0.06176	0.01265	0.48063	0.07685	0.03397	0.01560	0.01682	0.01165	0.01046	0.04983	0.00255	0.06080	0.00599	0.00572	0.01008
24	0.13911	0.01032	0.01108	0.00987	0.01257	0.01078	0.00749	0.09587	0.10081	0.10445	0.08277	0.05244	0.09750	0.19362	0.01309	0.00318	0.00538	0.03659	0.00573	0.00736
25	0.01159	0.00759	0.00995	0.01013	0.03180	0.00724	0.00732	0.03082	0.01547	0.09627	0.21085	0.20782	0.15007	0.03468	0.11011	0.00352	0.00600	0.03603	0.00615	0.00659
26	0.20749	0.01036	0.01156	0.01022	0.01352	0.01037	0.00798	0.08588	0.01613	0.24101	0.02697	0.23491	0.07368	0.01185	0.00661	0.00223	0.00496	0.00984	0.00630	0.00814
27	0.01478	0.01238	0.01567	0.01494	0.11719	0.01080	0.01032	0.09310	0.01588	0.02334	0.01548	0.04711	0.01407	0.00727	0.00585	0.00150	0.00564	0.07405	0.00441	0.49622
28	0.01862	0.11051	0.04366	0.09662	0.26189	0.25337	0.01570	0.04599	0.01636	0.01912	0.01338	0.01693	0.02991	0.00689	0.00615	0.00187	0.00901	0.02181	0.00347	0.00874
