[name]
unknown

[dist]
# distance from previous block
# <min> <max>
0	47

[block]
# block no. 0 follows, 34 sequences, length 33
# corresponding to MSA columns:
# 47-79
name=unknown_A
#
# <colnr> <probs for GDERKNQSTAVLIFYWHMCP>
#	G	D	E	R	K	N	Q	S	T	A	V	L	I	F	Y	W	H	M	C	P
0	0.01414	0.01324	0.01889	0.15998	0.30811	0.05840	0.01502	0.03521	0.05281	0.02018	0.04211	0.06728	0.06390	0.00935	0.00692	0.00215	0.00709	0.09272	0.00420	0.00828
1	0.01474	0.01440	0.07621	0.03663	0.06621	0.03548	0.12599	0.08161	0.01579	0.04766	0.03826	0.11339	0.01693	0.00840	0.00643	0.00184	0.00671	0.03401	0.04319	0.21612
2	0.03920	0.01420	0.08419	0.01403	0.06982	0.03636	0.02680	0.09916	0.15663	0.06970	0.06007	0.02770	0.07856	0.13522	0.01117	0.00274	0.02294	0.00754	0.03577	0.00818
3	0.01535	0.00877	0.00928	0.00826	0.01071	0.00914	0.00645	0.12239	0.07118	0.07330	0.02093	0.02266	0.01593	0.00769	0.00510	0.00166	0.00395	0.00612	0.57370	0.00742
4	0.01556	0.04416	0.05438	0.11323	0.08726	0.01656	0.48332	0.06508	0.01580	0.02133	0.01278	0.01681	0.00967	0.00576	0.00715	0.00211	0.00995	0.00691	0.00339	0.00881
5	0.00876	0.00883	0.07323	0.00901	0.01100	0.00669	0.00733	0.01124	0.03343	0.01810	0.10372	0.31546	0.26657	0.06833	0.00946	0.00262	0.00431	0.03039	0.00568	0.00584
6	0.01783	0.01222	0.09267	0.01107	0.01514	0.00965	0.00978	0.02304	0.11456	0.29370	0.18383	0.05228	0.11552	0.01042	0.00690	0.00208	0.00503	0.00877	0.00672	0.00881
7	0.01380	0.03250	0.01311	0.10731	0.01699	0.07813	0.00936	0.03510	0.12623	0.06229	0.10209	0.10894	0.04008	0.07452	0.09634	0.05538	0.00740	0.00851	0.00495	0.00697
8	0.01168	0.00958	0.01049	0.00980	0.01222	0.01011	0.00738	0.02048	0.31078	0.02311	0.20571	0.06054	0.19725	0.07087	0.00915	0.00248	0.00423	0.01031	0.00635	0.00748
9	0.01510	0.01451	0.02477	0.11889	0.59502	0.01475	0.03988	0.01892	0.01453	0.02038	0.01492	0.01862	0.04808	0.00639	0.00651	0.00197	0.00765	0.00623	0.00331	0.00959
10	0.01340	0.01148	0.01340	0.00957	0.01531	0.00861	0.00766	0.01627	0.01340	0.02105	0.01148	0.01340	0.00957	0.00479	0.00479	0.00096	0.00479	0.00383	0.00383	0.81242
11	0.01802	0.01536	0.01568	0.01362	0.01755	0.04547	0.01071	0.16443	0.56032	0.02923	0.02358	0.02196	0.01759	0.00849	0.00652	0.00212	0.00575	0.00690	0.00643	0.01027
12	0.00989	0.00675	0.00837	0.00805	0.00983	0.00605	0.00600	0.01230	0.01665	0.06893	0.42681	0.14038	0.22672	0.01456	0.00763	0.00214	0.00335	0.01268	0.00675	0.00615
13	0.01296	0.03342	0.73944	0.01842	0.02797	0.01501	0.02387	0.02046	0.01364	0.02046	0.01160	0.01364	0.00818	0.00614	0.00614	0.00205	0.00955	0.00477	0.00273	0.00955
14	0.02337	0.02951	0.01842	0.01667	0.01974	0.69090	0.01261	0.02501	0.01766	0.01579	0.00987	0.01184	0.00834	0.00702	0.00701	0.00175	0.06945	0.00428	0.00329	0.00746
15	0.00961	0.00715	0.00901	0.00845	0.01016	0.00682	0.00637	0.01375	0.07068	0.02572	0.65501	0.04691	0.07973	0.01298	0.00754	0.00205	0.00321	0.01142	0.00704	0.00638
16	0.01047	0.00807	0.00868	0.00829	0.01073	0.00764	0.00628	0.01524	0.14333	0.05941	0.10021	0.09814	0.47038	0.01456	0.00742	0.00219	0.00375	0.01227	0.00629	0.00666
17	0.01610	0.01214	0.01412	0.01048	0.01592	0.01022	0.00842	0.07180	0.07734	0.09758	0.01455	0.01539	0.01124	0.00569	0.00525	0.00125	0.00506	0.00456	0.00470	0.59819
18	0.00923	0.00646	0.00918	0.00940	0.01024	0.00696	0.00689	0.01052	0.01098	0.01529	0.06357	0.15171	0.04329	0.09222	0.41176	0.11224	0.01145	0.00931	0.00412	0.00517
19	0.08964	0.01798	0.01730	0.01808	0.14449	0.23121	0.02735	0.04605	0.10172	0.09871	0.08534	0.02075	0.01696	0.00779	0.00624	0.00192	0.00756	0.02753	0.00482	0.02856
20	0.01311	0.01551	0.09315	0.14884	0.02949	0.01392	0.35401	0.01770	0.01449	0.01977	0.08156	0.07981	0.03646	0.00813	0.00797	0.00221	0.04394	0.00832	0.00377	0.00785
21	0.00942	0.00696	0.00980	0.00972	0.01054	0.00795	0.00718	0.01110	0.01012	0.01438	0.01783	0.02940	0.01782	0.23374	0.54233	0.00910	0.03619	0.00752	0.00356	0.00533
22	0.01474	0.01749	0.10999	0.04777	0.33625	0.01500	0.26860	0.01945	0.01474	0.02054	0.01588	0.01929	0.05672	0.00640	0.00689	0.00205	0.00879	0.00683	0.00335	0.00922
23	0.01441	0.01408	0.02215	0.17847	0.23831	0.06120	0.13370	0.05401	0.01502	0.01983	0.01697	0.16899	0.01634	0.00896	0.00696	0.00214	0.00785	0.00853	0.00389	0.00818
24	0.01583	0.01539	0.07051	0.01356	0.01766	0.01599	0.01128	0.03326	0.66640	0.02652	0.02516	0.02330	0.01883	0.00856	0.00654	0.00218	0.00546	0.00711	0.00628	0.01017
25	0.01487	0.01664	0.03522	0.02554	0.03126	0.01624	0.61598	0.01982	0.01456	0.01998	0.01288	0.01753	0.01000	0.00802	0.04442	0.00263	0.07532	0.00742	0.00324	0.00843
26	0.01340	0.01148	0.01340	0.00957	0.01531	0.00861	0.00766	0.01627	0.01340	0.02105	0.01148	0.01340	0.00957	0.00479	0.00479	0.00096	0.00479	0.00383	0.00383	0.81242
27	0.01235	0.01341	0.08552	0.52785	0.09197	0.01365	0.03365	0.01674	0.01335	0.01759	0.01434	0.04193	0.01229	0.00778	0.00673	0.00221	0.00830	0.06957	0.00326	0.00750
28	0.03515	0.03252	0.01034	0.00956	0.01094	0.00810	0.02594	0.01215	0.04114	0.01871	0.15141	0.29259	0.12849	0.10744	0.01141	0.00284	0.04440	0.04547	0.00554	0.00583
29	0.01548	0.01588	0.01721	0.02170	0.26219	0.19235	0.01267	0.04056	0.03771	0.01908	0.02132	0.24907	0.04578	0.01099	0.00688	0.00209	0.00719	0.00959	0.00441	0.00787
30	0.53542	0.05310	0.01240	0.00993	0.01361	0.05094	0.03497	0.04280	0.01307	0.02649	0.06708	0.06303	0.01415	0.00757	0.00490	0.00198	0.00545	0.00544	0.03057	0.00709
31	0.06722	0.05174	0.07635	0.01081	0.01365	0.12241	0.00910	0.04277	0.01593	0.02161	0.29250	0.03177	0.05132	0.09185	0.07104	0.00308	0.00695	0.00816	0.00503	0.00671
32	0.03433	0.06170	0.01644	0.03336	0.01720	0.16188	0.01016	0.17215	0.03339	0.06114	0.01476	0.04398	0.01267	0.06791	0.05510	0.00259	0.03024	0.00577	0.00454	0.16068

[dist]
# distance from previous block
# <min> <max>
1	9

[block]
# block no. 1 follows, 34 sequences, length 21
# corresponding to MSA columns:
# 89-109
name=unknown_B
#
# <colnr> <probs for GDERKNQSTAVLIFYWHMCP>
#	G	D	E	R	K	N	Q	S	T	A	V	L	I	F	Y	W	H	M	C	P
0	0.09603	0.07274	0.13299	0.05219	0.02125	0.15242	0.03295	0.24335	0.04764	0.02644	0.01402	0.05387	0.01135	0.00755	0.00603	0.00194	0.00805	0.00573	0.00451	0.00896
1	0.05058	0.25880	0.28337	0.01493	0.02110	0.06851	0.01598	0.08241	0.01497	0.04177	0.01103	0.01283	0.00869	0.00669	0.00694	0.00188	0.08284	0.00450	0.00334	0.00884
2	0.01161	0.03447	0.01648	0.01469	0.04594	0.01021	0.13531	0.01452	0.03200	0.04312	0.04637	0.31595	0.04355	0.01701	0.07075	0.00311	0.05724	0.07592	0.00497	0.00678
3	0.01207	0.07846	0.01300	0.00934	0.01316	0.00946	0.00747	0.05010	0.01472	0.02045	0.07004	0.13590	0.15312	0.01046	0.00619	0.00167	0.00461	0.03701	0.00488	0.34787
4	0.00791	0.00641	0.00703	0.00719	0.00898	0.00552	0.00527	0.00969	0.01492	0.01865	0.16645	0.17381	0.51261	0.01649	0.00773	0.00223	0.00331	0.01409	0.00618	0.00552
5	0.00787	0.00562	0.00750	0.00900	0.00937	0.00525	0.00600	0.00900	0.01237	0.01649	0.03561	0.76871	0.04274	0.02024	0.00825	0.00262	0.00375	0.01837	0.00600	0.00525
6	0.00899	0.00636	0.00839	0.00873	0.00924	0.00670	0.00593	0.01010	0.01044	0.01435	0.02272	0.20219	0.02517	0.33230	0.29198	0.00696	0.00978	0.01053	0.00422	0.00491
7	0.73459	0.01234	0.01008	0.00882	0.01292	0.01396	0.00726	0.02032	0.01179	0.10430	0.01075	0.01172	0.00795	0.00621	0.00426	0.00200	0.00505	0.00382	0.00442	0.00742
8	0.81856	0.01250	0.00950	0.00850	0.01250	0.01449	0.00700	0.01899	0.01100	0.02899	0.00900	0.01050	0.00700	0.00600	0.00400	0.00200	0.00500	0.00350	0.00400	0.00700
9	0.76487	0.01287	0.01017	0.00893	0.01301	0.01487	0.00735	0.06579	0.01231	0.02978	0.00944	0.01084	0.00727	0.00612	0.00417	0.00200	0.00514	0.00366	0.00417	0.00727
10	0.01220	0.01148	0.01938	0.75739	0.04450	0.01436	0.01794	0.01651	0.01292	0.01651	0.01148	0.01723	0.00861	0.00646	0.00646	0.00215	0.00861	0.00574	0.00287	0.00718
11	0.01720	0.50257	0.13427	0.01376	0.01930	0.11015	0.03837	0.02009	0.01370	0.01626	0.00960	0.01149	0.00835	0.00612	0.00585	0.00163	0.05610	0.00402	0.00285	0.00832
12	0.00862	0.00601	0.00720	0.00784	0.00816	0.00577	0.00487	0.00922	0.01105	0.01457	0.03013	0.35159	0.08350	0.39842	0.02059	0.00442	0.00498	0.01351	0.00495	0.00459
13	0.00978	0.04916	0.03842	0.01055	0.04315	0.03616	0.00767	0.01166	0.01373	0.01769	0.10078	0.35284	0.18387	0.04850	0.02845	0.00269	0.00497	0.02853	0.00542	0.00598
14	0.00836	0.00596	0.00771	0.00885	0.00939	0.00563	0.00606	0.00960	0.01253	0.01665	0.06528	0.54417	0.06701	0.12578	0.01173	0.00313	0.00425	0.07698	0.00575	0.00517
15	0.37888	0.01327	0.01309	0.07100	0.01704	0.01515	0.00938	0.17864	0.11830	0.02904	0.01507	0.05547	0.01246	0.03971	0.00657	0.00224	0.00578	0.00579	0.00495	0.00817
16	0.01175	0.04186	0.05761	0.05959	0.01453	0.00924	0.00887	0.07199	0.04197	0.04805	0.05895	0.43553	0.03128	0.01467	0.00726	0.00230	0.00489	0.01297	0.05992	0.00677
17	0.00822	0.00593	0.00748	0.00852	0.00924	0.00549	0.00585	0.00927	0.01254	0.01629	0.03888	0.51616	0.16729	0.07427	0.01072	0.03900	0.00404	0.04999	0.00570	0.00512
18	0.10388	0.09975	0.02179	0.01575	0.02028	0.17508	0.14590	0.05035	0.13411	0.04733	0.01396	0.01539	0.01088	0.00669	0.00650	0.00186	0.03845	0.00539	0.00419	0.08247
19	0.06162	0.17212	0.01849	0.04316	0.01686	0.10246	0.02427	0.09613	0.06661	0.02053	0.01660	0.01960	0.05981	0.05851	0.04158	0.03385	0.02719	0.00568	0.00407	0.11089
20	0.09965	0.03668	0.10471	0.01325	0.04853	0.05574	0.02782	0.05550	0.10831	0.02346	0.06217	0.04793	0.01693	0.00794	0.00587	0.00182	0.00607	0.04032	0.07206	0.16524

[dist]
# distance from previous block
# <min> <max>
1	40

[block]
# block no. 2 follows, 34 sequences, length 19
# corresponding to MSA columns:
# 150-168
name=unknown_C
#
# <colnr> <probs for GDERKNQSTAVLIFYWHMCP>
#	G	D	E	R	K	N	Q	S	T	A	V	L	I	F	Y	W	H	M	C	P
0	0.01092	0.01277	0.15199	0.01117	0.01450	0.00883	0.01040	0.06004	0.01547	0.02135	0.16679	0.21848	0.09163	0.03531	0.00811	0.00235	0.00532	0.09022	0.00541	0.05895
1	0.01309	0.06947	0.29920	0.01453	0.02012	0.01260	0.08128	0.01775	0.01433	0.06048	0.10085	0.02500	0.09528	0.01111	0.05528	0.00256	0.03577	0.00707	0.05616	0.00806
2	0.13115	0.14299	0.14713	0.01212	0.01673	0.09521	0.01147	0.05656	0.01500	0.04436	0.07986	0.12084	0.01828	0.00877	0.00581	0.00188	0.00660	0.00690	0.02059	0.05774
3	0.01453	0.00926	0.01128	0.00990	0.01261	0.00917	0.00770	0.05687	0.14368	0.14766	0.42271	0.03823	0.06696	0.01135	0.00718	0.00206	0.00406	0.00978	0.00709	0.00790
4	0.01541	0.42868	0.31791	0.01506	0.02227	0.02072	0.06140	0.01988	0.01347	0.01767	0.01030	0.01214	0.00835	0.00577	0.00517	0.00170	0.00823	0.00426	0.00278	0.00882
5	0.00816	0.00578	0.00755	0.00870	0.00914	0.00544	0.00578	0.00934	0.01259	0.01693	0.09838	0.62222	0.04232	0.10202	0.01089	0.00297	0.00396	0.01677	0.00587	0.00518
6	0.00938	0.00633	0.00736	0.00736	0.00746	0.00643	0.00430	0.00960	0.00949	0.01276	0.02008	0.04071	0.02281	0.70562	0.09926	0.00665	0.00729	0.00917	0.00387	0.00409
7	0.00823	0.00653	0.00739	0.00725	0.00911	0.00569	0.00541	0.01039	0.01601	0.02068	0.32015	0.08300	0.44670	0.01529	0.00765	0.00214	0.00320	0.01306	0.00643	0.00569
8	0.00787	0.00562	0.00750	0.00900	0.00937	0.00525	0.00600	0.00900	0.01237	0.01649	0.03561	0.76871	0.04274	0.02024	0.00825	0.00262	0.00375	0.01837	0.00600	0.00525
9	0.05631	0.08912	0.08649	0.01572	0.01993	0.42065	0.01326	0.13654	0.01857	0.02084	0.01082	0.01248	0.00870	0.00697	0.00674	0.00181	0.05854	0.00450	0.00374	0.00828
10	0.09459	0.01685	0.01679	0.01512	0.06062	0.10314	0.01138	0.25886	0.20588	0.06001	0.01911	0.01905	0.04262	0.00812	0.00684	0.00203	0.03769	0.00614	0.00559	0.00957
11	0.08540	0.00932	0.01055	0.07829	0.01388	0.02840	0.00793	0.03477	0.01370	0.07790	0.01755	0.02053	0.01370	0.00910	0.03167	0.00210	0.08656	0.00575	0.44605	0.00687
12	0.00836	0.00651	0.00758	0.00802	0.00960	0.00583	0.00605	0.01021	0.01453	0.01838	0.13307	0.18882	0.39041	0.04843	0.00899	0.00253	0.00387	0.11727	0.00604	0.00551
13	0.00860	0.00642	0.00807	0.00852	0.00986	0.00589	0.00638	0.01076	0.01531	0.02037	0.28370	0.26254	0.20567	0.01658	0.00798	0.00236	0.00369	0.10521	0.00638	0.00569
14	0.00795	0.00619	0.00724	0.00789	0.00923	0.00549	0.00565	0.00952	0.01401	0.01776	0.10214	0.35937	0.36506	0.01781	0.00794	0.00238	0.00355	0.03929	0.00608	0.00543
15	0.01122	0.00561	0.00842	0.00842	0.00842	0.00561	0.00561	0.00842	0.00842	0.01122	0.01122	0.01964	0.01122	0.02245	0.02525	0.81201	0.00561	0.00561	0.00281	0.00281
16	0.00903	0.00654	0.00751	0.00762	0.00851	0.00610	0.00495	0.00984	0.01144	0.01497	0.03229	0.17187	0.17076	0.41497	0.02094	0.00438	0.00512	0.03984	0.00478	0.04852
17	0.08680	0.12487	0.02226	0.05240	0.17982	0.23894	0.05217	0.04505	0.06165	0.05907	0.01256	0.01440	0.00997	0.00641	0.00580	0.00182	0.00847	0.00501	0.00382	0.00871
18	0.14972	0.08254	0.03654	0.01298	0.01614	0.05939	0.02704	0.05765	0.01456	0.15107	0.05701	0.03660	0.05011	0.00914	0.00995	0.00217	0.20843	0.00624	0.00467	0.00805

[dist]
# distance from previous block
# <min> <max>
0	2

[block]
# block no. 3 follows, 34 sequences, length 20
# corresponding to MSA columns:
# 171-190
name=unknown_D
#
# <colnr> <probs for GDERKNQSTAVLIFYWHMCP>
#	G	D	E	R	K	N	Q	S	T	A	V	L	I	F	Y	W	H	M	C	P
0	0.03957	0.00761	0.01119	0.01091	0.01214	0.00760	0.06356	0.01159	0.01233	0.04292	0.02917	0.46069	0.06329	0.01759	0.01084	0.10375	0.04807	0.03634	0.00519	0.00563
1	0.37011	0.16018	0.11663	0.01191	0.01666	0.10011	0.01119	0.05313	0.01354	0.02337	0.01073	0.03899	0.00910	0.00680	0.00543	0.00190	0.03430	0.00447	0.00367	0.00778
2	0.01373	0.01267	0.01603	0.21004	0.08863	0.07485	0.01263	0.03341	0.05401	0.01888	0.01866	0.02223	0.07895	0.01168	0.06492	0.00274	0.13936	0.00656	0.11270	0.00731
3	0.74511	0.01301	0.01041	0.00909	0.01319	0.01501	0.00749	0.08302	0.01279	0.03008	0.00960	0.01096	0.00737	0.00616	0.00423	0.00199	0.00519	0.00371	0.00423	0.00737
4	0.00791	0.00596	0.00732	0.00825	0.00922	0.00537	0.00570	0.00933	0.01350	0.01751	0.09917	0.51505	0.23508	0.01860	0.00803	0.00245	0.00356	0.01652	0.00609	0.00537
5	0.01446	0.02378	0.34743	0.07552	0.03080	0.01548	0.30605	0.02050	0.01430	0.04541	0.01258	0.01578	0.00917	0.00611	0.00729	0.00213	0.03494	0.00611	0.00315	0.00900
6	0.00897	0.00695	0.00753	0.00726	0.00945	0.00607	0.00549	0.01147	0.03857	0.04471	0.19884	0.05668	0.54473	0.01518	0.00756	0.00215	0.00336	0.01278	0.00632	0.00594
7	0.01395	0.01192	0.01423	0.01119	0.04928	0.00937	0.00841	0.04293	0.01411	0.02181	0.01167	0.01360	0.00966	0.00494	0.00493	0.00104	0.00501	0.00399	0.00390	0.74408
8	0.00985	0.00797	0.01039	0.01032	0.01156	0.04181	0.00791	0.01197	0.01091	0.01503	0.01946	0.02740	0.05081	0.08182	0.64103	0.00938	0.01580	0.00725	0.00360	0.00574
9	0.03491	0.10051	0.10081	0.08552	0.02464	0.04567	0.14880	0.18883	0.15791	0.02575	0.01532	0.01673	0.01149	0.00689	0.00635	0.00200	0.00796	0.00598	0.00456	0.00938
10	0.08671	0.01860	0.01813	0.03545	0.06864	0.14495	0.01211	0.39803	0.02377	0.08355	0.01460	0.01527	0.01064	0.00726	0.00609	0.00189	0.00756	0.00539	0.03161	0.00975
11	0.00868	0.00653	0.00779	0.00754	0.00926	0.00584	0.00563	0.01117	0.01672	0.02263	0.45478	0.07573	0.28995	0.01435	0.00755	0.00209	0.00315	0.01239	0.03239	0.00584
12	0.00836	0.00651	0.00763	0.00779	0.00947	0.00578	0.00586	0.01047	0.01553	0.02010	0.26456	0.15284	0.37609	0.01602	0.00782	0.00226	0.00348	0.06744	0.00634	0.00567
13	0.00938	0.00685	0.01001	0.01001	0.01113	0.00789	0.00770	0.01162	0.01050	0.01535	0.01764	0.02610	0.01651	0.07992	0.67647	0.00974	0.01607	0.00699	0.04443	0.00570
14	0.01414	0.01414	0.01979	0.01696	0.01696	0.01979	0.01414	0.01555	0.00990	0.01555	0.00848	0.01414	0.00848	0.01131	0.02120	0.00283	0.76110	0.00565	0.00283	0.00707
15	0.47669	0.01185	0.01188	0.00980	0.01423	0.01233	0.00808	0.02440	0.01424	0.33558	0.01614	0.01547	0.01089	0.00686	0.00508	0.00200	0.00521	0.00480	0.00573	0.00873
16	0.01725	0.01241	0.01393	0.01157	0.01503	0.01311	0.00921	0.32376	0.07761	0.06487	0.23543	0.06680	0.08959	0.01082	0.00701	0.00204	0.00517	0.00899	0.00668	0.00872
17	0.01368	0.01307	0.03394	0.35374	0.07458	0.07523	0.01410	0.01767	0.04828	0.05108	0.04516	0.07385	0.09126	0.00916	0.00765	0.00216	0.05632	0.00760	0.00404	0.00742
18	0.01434	0.01397	0.04306	0.22300	0.23819	0.03359	0.02850	0.06763	0.06032	0.02048	0.01838	0.07944	0.06278	0.00858	0.00766	0.00214	0.05824	0.00736	0.00394	0.00839
19	0.01504	0.01269	0.01211	0.01087	0.01353	0.12051	0.00840	0.08837	0.06212	0.09000	0.10610	0.10353	0.25703	0.01244	0.00799	0.00213	0.05401	0.01004	0.00578	0.00732

[dist]
# distance from previous block
# <min> <max>
1	13

[block]
# block no. 4 follows, 34 sequences, length 22
# corresponding to MSA columns:
# 204-225
name=unknown_E
#
# <colnr> <probs for GDERKNQSTAVLIFYWHMCP>
#	G	D	E	R	K	N	Q	S	T	A	V	L	I	F	Y	W	H	M	C	P
0	0.01550	0.01394	0.02361	0.30532	0.12536	0.01503	0.17540	0.09277	0.05653	0.05273	0.04875	0.01904	0.01285	0.00680	0.00679	0.00210	0.00825	0.00660	0.00402	0.00862
1	0.00866	0.00626	0.00823	0.00932	0.01005	0.00605	0.00653	0.03179	0.01320	0.01765	0.05778	0.61619	0.05971	0.02125	0.05711	0.00310	0.00483	0.05086	0.00588	0.00553
2	0.01571	0.02965	0.59993	0.01735	0.02603	0.01477	0.02132	0.07610	0.01551	0.10398	0.01349	0.01474	0.00930	0.00648	0.00621	0.00203	0.00889	0.00505	0.00362	0.00983
3	0.00807	0.00611	0.00750	0.00841	0.00950	0.00554	0.00601	0.00962	0.01366	0.01757	0.08580	0.45006	0.25866	0.01842	0.00807	0.00248	0.00373	0.06931	0.00606	0.00542
4	0.00841	0.00614	0.00794	0.00866	0.00965	0.00568	0.00620	0.01031	0.01462	0.01971	0.25446	0.42629	0.11889	0.01750	0.00803	0.00242	0.00363	0.05954	0.00634	0.00558
5	0.00797	0.00598	0.00739	0.00826	0.00924	0.00541	0.00573	0.00946	0.01371	0.01791	0.12918	0.49720	0.22234	0.01837	0.00801	0.00244	0.00354	0.01632	0.00614	0.00541
6	0.03787	0.01463	0.01500	0.01317	0.01703	0.04724	0.01033	0.07995	0.56792	0.08586	0.02436	0.02247	0.01801	0.00847	0.00646	0.00213	0.00556	0.00691	0.00648	0.01015
7	0.00835	0.00607	0.00788	0.00850	0.00944	0.00559	0.00596	0.01025	0.01482	0.02021	0.30646	0.44213	0.09583	0.01726	0.00796	0.00237	0.00345	0.01546	0.00643	0.00559
8	0.01337	0.08701	0.50937	0.01805	0.02611	0.01518	0.12530	0.01966	0.01389	0.02013	0.01442	0.01658	0.04020	0.00650	0.00619	0.00199	0.00895	0.00555	0.04256	0.00897
9	0.01311	0.01237	0.01908	0.62899	0.07044	0.03856	0.01699	0.03573	0.03855	0.01803	0.03836	0.01832	0.01104	0.00680	0.00648	0.00212	0.00831	0.00596	0.00328	0.00749
10	0.01727	0.77681	0.03386	0.01106	0.01658	0.02557	0.01106	0.01935	0.01313	0.01520	0.00898	0.01036	0.00829	0.00553	0.00415	0.00138	0.00691	0.00345	0.00276	0.00829
11	0.01564	0.13100	0.12210	0.01421	0.08552	0.01294	0.01187	0.01949	0.03399	0.09243	0.01382	0.03939	0.01127	0.00613	0.00537	0.00146	0.00611	0.00494	0.00402	0.36831
12	0.01011	0.00806	0.00926	0.00902	0.01098	0.00803	0.00672	0.01589	0.17445	0.02243	0.28581	0.17223	0.21380	0.01422	0.00750	0.00221	0.00369	0.01235	0.00652	0.00672
13	0.00789	0.00579	0.00741	0.00863	0.00930	0.00531	0.00585	0.00917	0.01294	0.01702	0.06857	0.64205	0.13752	0.01942	0.00814	0.00254	0.00365	0.01744	0.00604	0.00531
14	0.02152	0.32619	0.02418	0.01383	0.01825	0.35053	0.01160	0.04903	0.03996	0.07309	0.01154	0.01250	0.00938	0.00642	0.00526	0.00161	0.00890	0.00423	0.00369	0.00830
15	0.01540	0.10594	0.17803	0.02120	0.06354	0.01670	0.29182	0.08313	0.01578	0.02155	0.01428	0.02067	0.01195	0.00724	0.00744	0.00213	0.04041	0.07038	0.00362	0.00880
16	0.00905	0.00686	0.00985	0.00973	0.01054	0.00661	0.06068	0.01018	0.01151	0.01536	0.02835	0.39802	0.05010	0.29035	0.04912	0.00422	0.00579	0.01368	0.00493	0.00507
17	0.00929	0.00634	0.00733	0.00733	0.00756	0.00639	0.00436	0.00959	0.00977	0.01302	0.02245	0.04174	0.06002	0.66486	0.09883	0.00644	0.00715	0.00939	0.00398	0.00417
18	0.05317	0.01222	0.01624	0.01198	0.01737	0.01031	0.09827	0.01807	0.06522	0.02209	0.05045	0.01639	0.01292	0.00566	0.00539	0.00131	0.00552	0.00497	0.00414	0.56831
19	0.08647	0.01310	0.03212	0.08172	0.01788	0.04308	0.01015	0.15242	0.04766	0.02480	0.10039	0.11107	0.03602	0.00945	0.00721	0.00194	0.05357	0.00757	0.00497	0.15841
20	0.01611	0.10748	0.07667	0.01378	0.03566	0.06508	0.05085	0.05685	0.15485	0.06371	0.01762	0.08747	0.01505	0.00921	0.03053	0.00206	0.00687	0.00657	0.00464	0.17893
21	0.08590	0.08078	0.01884	0.01457	0.05298	0.09578	0.07703	0.04027	0.09205	0.16769	0.03528	0.03594	0.01378	0.00716	0.00619	0.00180	0.02081	0.00584	0.00494	0.14238

[dist]
# distance from previous block
# <min> <max>
1	37

[block]
# block no. 5 follows, 34 sequences, length 21
# corresponding to MSA columns:
# 263-283
name=unknown_F
#
# <colnr> <probs for GDERKNQSTAVLIFYWHMCP>
#	G	D	E	R	K	N	Q	S	T	A	V	L	I	F	Y	W	H	M	C	P
0	0.01044	0.00766	0.00932	0.01007	0.01143	0.02986	0.00774	0.03151	0.01472	0.04434	0.09155	0.36679	0.10165	0.01740	0.00816	0.00257	0.00472	0.21802	0.00607	0.00598
1	0.01955	0.09917	0.07805	0.08411	0.05728	0.07673	0.06137	0.31029	0.04329	0.02797	0.01340	0.01493	0.01010	0.00674	0.00609	0.00183	0.00783	0.00536	0.00463	0.07128
2	0.02102	0.01634	0.01740	0.01415	0.01869	0.01838	0.01142	0.42858	0.31865	0.03501	0.02002	0.01910	0.01463	0.00818	0.00651	0.00204	0.00628	0.00644	0.00651	0.01067
3	0.00861	0.00644	0.00800	0.00791	0.00940	0.00582	0.00582	0.01105	0.01659	0.02259	0.47542	0.16187	0.20674	0.01499	0.00772	0.00216	0.00321	0.01314	0.00669	0.00582
4	0.04908	0.12309	0.62121	0.01708	0.02589	0.01627	0.02157	0.02026	0.01346	0.02020	0.01116	0.01310	0.00815	0.00606	0.00580	0.00196	0.00903	0.00456	0.00279	0.00928
5	0.00797	0.00580	0.00733	0.00851	0.00909	0.00536	0.00568	0.00907	0.01244	0.01629	0.03835	0.61377	0.13332	0.08207	0.01021	0.00287	0.00389	0.01699	0.00583	0.00517
6	0.01188	0.00999	0.01331	0.05842	0.13140	0.01039	0.00993	0.01854	0.18746	0.02326	0.27880	0.10218	0.09534	0.01143	0.00716	0.00213	0.00472	0.01008	0.00590	0.00771
7	0.00797	0.00577	0.00736	0.00858	0.00912	0.00535	0.00571	0.00906	0.01239	0.01628	0.03761	0.63388	0.11547	0.08040	0.01016	0.00287	0.00390	0.01714	0.00583	0.00516
8	0.01283	0.01216	0.02050	0.52895	0.06017	0.01433	0.09077	0.01849	0.08379	0.01805	0.01357	0.01847	0.01044	0.00953	0.05897	0.00273	0.00909	0.00618	0.00334	0.00765
9	0.01430	0.01202	0.01388	0.01000	0.01569	0.00953	0.00803	0.07219	0.01476	0.02264	0.01181	0.01357	0.00968	0.00502	0.00492	0.00104	0.00497	0.00399	0.00404	0.74793
10	0.01534	0.01488	0.04514	0.21991	0.45756	0.01496	0.07291	0.01948	0.01440	0.04523	0.01251	0.01656	0.00993	0.00600	0.00651	0.00201	0.00814	0.00590	0.00328	0.00935
11	0.00970	0.00762	0.01129	0.01102	0.01206	0.00920	0.00866	0.01192	0.01034	0.01505	0.01646	0.02430	0.01542	0.04489	0.67746	0.00966	0.08886	0.00680	0.00340	0.00589
12	0.13618	0.01599	0.01719	0.01335	0.01832	0.01730	0.01102	0.48758	0.02545	0.16914	0.01647	0.01602	0.01137	0.00756	0.00613	0.00196	0.00651	0.00562	0.00641	0.01043
13	0.01381	0.07891	0.07066	0.01231	0.01549	0.08882	0.01057	0.04070	0.18945	0.02064	0.02822	0.15021	0.08611	0.01242	0.00710	0.00228	0.00616	0.15317	0.00534	0.00765
14	0.01005	0.00747	0.01035	0.01008	0.01112	0.00856	0.00757	0.04017	0.01099	0.01557	0.01759	0.02815	0.01723	0.19667	0.54509	0.00894	0.03774	0.00735	0.00366	0.00564
15	0.01619	0.58971	0.21145	0.01291	0.01945	0.02291	0.01428	0.01963	0.01326	0.01653	0.00964	0.01119	0.00826	0.00568	0.00465	0.00155	0.00757	0.00379	0.00275	0.00861
16	0.01220	0.01148	0.01938	0.75739	0.04450	0.01436	0.01794	0.01651	0.01292	0.01651	0.01148	0.01723	0.00861	0.00646	0.00646	0.00215	0.00861	0.00574	0.00287	0.00718
17	0.01236	0.01141	0.01574	0.01382	0.01422	0.01498	0.01117	0.01407	0.01174	0.01756	0.16937	0.02463	0.02176	0.07578	0.06152	0.00337	0.48871	0.00737	0.00390	0.00652
18	0.00935	0.00689	0.01021	0.01021	0.01137	0.00799	0.00793	0.01168	0.01051	0.01537	0.01746	0.02533	0.01617	0.04679	0.71700	0.01002	0.01672	0.00689	0.03633	0.00578
19	0.02421	0.02869	0.01849	0.01635	0.01999	0.62662	0.01245	0.13926	0.02031	0.01994	0.01090	0.01229	0.00876	0.00684	0.00593	0.00171	0.01090	0.00444	0.00385	0.00807
20	0.06520	0.16569	0.12389	0.01331	0.01856	0.12478	0.03419	0.06683	0.05105	0.09894	0.07179	0.01699	0.01428	0.00692	0.00567	0.00173	0.00722	0.00528	0.00441	0.10329

[dist]
# distance from previous block
# <min> <max>
0	2

[block]
# block no. 6 follows, 34 sequences, length 44
# corresponding to MSA columns:
# 286-329
name=unknown_G
#
# <colnr> <probs for GDERKNQSTAVLIFYWHMCP>
#	G	D	E	R	K	N	Q	S	T	A	V	L	I	F	Y	W	H	M	C	P
0	0.01415	0.08550	0.52234	0.01737	0.02523	0.05814	0.06011	0.02018	0.01387	0.03824	0.01268	0.03277	0.00982	0.00903	0.05094	0.00250	0.00977	0.00531	0.00306	0.00899
1	0.00842	0.00683	0.00803	0.04961	0.01120	0.00620	0.00623	0.01062	0.01549	0.01975	0.24204	0.09120	0.44600	0.01519	0.00764	0.00219	0.00363	0.03786	0.00613	0.00574
2	0.01350	0.12629	0.65130	0.01750	0.02654	0.01633	0.02227	0.02032	0.01358	0.01981	0.01127	0.01323	0.00820	0.00606	0.00589	0.00196	0.00922	0.00461	0.00273	0.00939
3	0.01801	0.10493	0.02089	0.01545	0.01974	0.12592	0.11031	0.07188	0.34233	0.04473	0.01957	0.02093	0.01528	0.00786	0.00641	0.00203	0.00729	0.03197	0.00519	0.00929
4	0.00787	0.00562	0.00750	0.00900	0.00937	0.00525	0.00600	0.00900	0.01237	0.01649	0.03561	0.76871	0.04274	0.02024	0.00825	0.00262	0.00375	0.01837	0.00600	0.00525
5	0.00940	0.00626	0.00705	0.00705	0.00705	0.00626	0.00392	0.00940	0.00940	0.01253	0.02036	0.04228	0.02349	0.77292	0.03289	0.00626	0.00626	0.00940	0.00392	0.00392
6	0.01675	0.01518	0.01480	0.01326	0.01689	0.07690	0.01030	0.05816	0.61015	0.02625	0.02598	0.02415	0.04470	0.00883	0.00655	0.00214	0.00567	0.00722	0.00628	0.00985
7	0.00940	0.00626	0.00705	0.00705	0.00705	0.00626	0.00392	0.00940	0.00940	0.01253	0.02036	0.04228	0.02349	0.77292	0.03289	0.00626	0.00626	0.00940	0.00392	0.00392
8	0.04514	0.06008	0.16499	0.15617	0.16884	0.04265	0.06328	0.05439	0.03924	0.04367	0.01365	0.01848	0.01106	0.00717	0.00714	0.00209	0.04858	0.04098	0.00362	0.00878
9	0.04940	0.25274	0.12726	0.01473	0.01957	0.37834	0.01334	0.02240	0.01566	0.01681	0.01056	0.03143	0.00915	0.00658	0.00537	0.00167	0.00948	0.00439	0.00317	0.00795
10	0.00940	0.00626	0.00705	0.00705	0.00705	0.00626	0.00392	0.00940	0.00940	0.01253	0.02036	0.04228	0.02349	0.77292	0.03289	0.00626	0.00626	0.00940	0.00392	0.00392
11	0.81856	0.01250	0.00950	0.00850	0.01250	0.01449	0.00700	0.01899	0.01100	0.02899	0.00900	0.01050	0.00700	0.00600	0.00400	0.00200	0.00500	0.00350	0.00400	0.00700
12	0.00916	0.00686	0.00843	0.00877	0.01015	0.00648	0.00642	0.03682	0.03356	0.02064	0.23340	0.33932	0.18151	0.01662	0.00788	0.00236	0.00375	0.05562	0.00634	0.00591
13	0.02414	0.03079	0.01831	0.01665	0.01998	0.74698	0.01248	0.02580	0.01831	0.01581	0.00999	0.01165	0.00832	0.00666	0.00583	0.00166	0.01165	0.00416	0.00333	0.00749
14	0.01243	0.01172	0.01979	0.71398	0.08612	0.01442	0.01806	0.01671	0.01303	0.01679	0.01152	0.01715	0.00871	0.00642	0.00646	0.00214	0.00856	0.00574	0.00289	0.00736
15	0.81856	0.01250	0.00950	0.00850	0.01250	0.01449	0.00700	0.01899	0.01100	0.02899	0.00900	0.01050	0.00700	0.00600	0.00400	0.00200	0.00500	0.00350	0.00400	0.00700
16	0.01754	0.74816	0.03326	0.01127	0.01671	0.05327	0.01111	0.01960	0.01333	0.01523	0.00902	0.01041	0.00829	0.00557	0.00421	0.00139	0.00709	0.00348	0.00279	0.00826
17	0.01744	0.28909	0.15228	0.05626	0.02160	0.04606	0.05461	0.07391	0.14060	0.06724	0.01448	0.01536	0.01110	0.00662	0.00565	0.00182	0.00749	0.00514	0.00410	0.00916
18	0.00928	0.00663	0.00911	0.01060	0.01159	0.00646	0.00844	0.01142	0.01375	0.01807	0.03484	0.38399	0.03967	0.01892	0.00862	0.00282	0.00497	0.38923	0.00597	0.00564
19	0.00886	0.00659	0.00824	0.00783	0.00948	0.00598	0.00587	0.01165	0.01762	0.02432	0.60469	0.05088	0.18647	0.01380	0.00762	0.00206	0.00309	0.01205	0.00690	0.00598
20	0.01781	0.04927	0.05799	0.05409	0.13598	0.23356	0.01336	0.06096	0.10542	0.03888	0.01827	0.06547	0.05827	0.00854	0.00725	0.00199	0.05361	0.00664	0.00425	0.00841
21	0.05350	0.03012	0.01798	0.01634	0.01970	0.71991	0.01228	0.02555	0.01804	0.01630	0.00995	0.01161	0.00827	0.00663	0.00576	0.00168	0.01141	0.00414	0.00335	0.00747
22	0.01269	0.00687	0.00707	0.00684	0.00854	0.00698	0.00517	0.06482	0.01469	0.02483	0.02156	0.06851	0.01774	0.00831	0.00488	0.00160	0.00335	0.00675	0.70245	0.00633
23	0.02101	0.02563	0.01843	0.01652	0.01890	0.53150	0.01277	0.02263	0.01584	0.01572	0.00984	0.01277	0.00863	0.00928	0.03479	0.00226	0.20831	0.00465	0.00320	0.00732
24	0.01770	0.11415	0.26605	0.04813	0.10347	0.17884	0.04314	0.03977	0.05125	0.05996	0.01267	0.01441	0.00963	0.00640	0.00598	0.00188	0.00900	0.00499	0.00353	0.00905
25	0.02734	0.01266	0.04496	0.01283	0.01811	0.01073	0.04860	0.07157	0.01884	0.62756	0.02366	0.02102	0.01505	0.00777	0.00654	0.00201	0.00605	0.00645	0.00744	0.01081
26	0.00798	0.00617	0.00731	0.00810	0.00937	0.00551	0.00582	0.00951	0.01374	0.01739	0.07006	0.39355	0.34085	0.01818	0.00801	0.00244	0.00367	0.06088	0.00603	0.00541
27	0.02454	0.01245	0.04155	0.01209	0.01670	0.01123	0.01010	0.10331	0.10007	0.48875	0.02489	0.08778	0.01797	0.00908	0.00665	0.00207	0.00562	0.00751	0.00729	0.01034
28	0.01381	0.01124	0.01379	0.09273	0.08684	0.03836	0.01049	0.02113	0.22637	0.06828	0.10492	0.13393	0.09199	0.01138	0.00708	0.00221	0.00546	0.04623	0.00572	0.00804
29	0.12658	0.00788	0.00776	0.00717	0.00943	0.00818	0.00558	0.05473	0.01440	0.06695	0.01934	0.02160	0.01488	0.00735	0.00467	0.00163	0.00366	0.00569	0.60583	0.00672
30	0.00932	0.00672	0.00913	0.01054	0.01165	0.00652	0.00848	0.01154	0.01394	0.01819	0.03644	0.32869	0.07723	0.01865	0.00860	0.00280	0.00499	0.40492	0.00597	0.00566
31	0.01460	0.31568	0.47154	0.01562	0.02364	0.01902	0.01901	0.02004	0.01345	0.01847	0.01060	0.01240	0.00823	0.00591	0.00538	0.00179	0.00855	0.00427	0.00274	0.00907
32	0.00974	0.00679	0.00848	0.00885	0.00961	0.00676	0.00618	0.01085	0.01220	0.04407	0.04934	0.30690	0.11939	0.25290	0.01653	0.00371	0.04625	0.07091	0.00528	0.00526
33	0.01440	0.01318	0.01600	0.01397	0.01558	0.07513	0.03056	0.10155	0.03274	0.01921	0.04170	0.02078	0.01434	0.06447	0.23687	0.00503	0.26706	0.00648	0.00385	0.00711
34	0.15479	0.01492	0.05764	0.03191	0.04228	0.10639	0.01018	0.08998	0.01495	0.06145	0.01514	0.07094	0.01339	0.05659	0.04529	0.02379	0.04529	0.00617	0.05970	0.07922
35	0.04257	0.13740	0.09087	0.05208	0.02020	0.12240	0.07278	0.07644	0.08741	0.04797	0.05218	0.04362	0.04136	0.00939	0.02771	0.00222	0.03745	0.02332	0.00435	0.00827
36	0.01739	0.21852	0.25945	0.01528	0.02195	0.04068	0.07163	0.06399	0.05875	0.10317	0.01372	0.01474	0.01021	0.00633	0.00574	0.00180	0.00786	0.00500	0.00394	0.05985
37	0.01576	0.19899	0.20197	0.05759	0.01950	0.01517	0.01313	0.06520	0.03311	0.09651	0.06161	0.02078	0.01530	0.11757	0.00966	0.00245	0.00707	0.00593	0.00416	0.03854
38	0.03040	0.17408	0.12713	0.06009	0.02187	0.04292	0.11896	0.08889	0.01564	0.07906	0.01599	0.01854	0.04598	0.03396	0.05343	0.00251	0.00839	0.00587	0.00398	0.05229
39	0.03993	0.31146	0.04167	0.03999	0.01813	0.04599	0.03167	0.09352	0.10464	0.05762	0.05352	0.04167	0.01454	0.00743	0.00593	0.00176	0.02671	0.00564	0.00438	0.05379
40	0.09309	0.13699	0.18310	0.01430	0.01976	0.03542	0.07092	0.07457	0.07475	0.07245	0.01510	0.05718	0.01252	0.03566	0.00728	0.00209	0.02878	0.00597	0.00420	0.05588
41	0.04643	0.36380	0.18266	0.01385	0.01963	0.08610	0.03253	0.05855	0.05565	0.01924	0.01306	0.01437	0.03408	0.00663	0.00570	0.00174	0.02929	0.00469	0.00340	0.00858
42	0.03788	0.18732	0.18190	0.01567	0.02148	0.06204	0.11376	0.12188	0.05966	0.04182	0.04325	0.03794	0.03313	0.00733	0.00608	0.00191	0.00784	0.00607	0.00416	0.00888
43	0.03080	0.25632	0.22872	0.01423	0.02048	0.07747	0.05479	0.02091	0.03874	0.06529	0.01376	0.01506	0.02845	0.00634	0.00545	0.00171	0.00770	0.00484	0.02521	0.08374

[dist]
# distance from previous block
# <min> <max>
15	109

# created by:
# /home/berkeley/.conda/envs/busco_data_prod/bin/msa2prfl.pl pipeline/OGs_align_augustus/4893/1946.fs
