[name]
unknown

[dist]
# distance from previous block
# <min> <max>
0	35

[block]
# block no. 0 follows, 33 sequences, length 49
# corresponding to MSA columns:
# 35-83
name=unknown_A
#
# <colnr> <probs for GDERKNQSTAVLIFYWHMCP>
#	G	D	E	R	K	N	Q	S	T	A	V	L	I	F	Y	W	H	M	C	P
0	0.01099	0.00818	0.01145	0.01115	0.01275	0.00932	0.00885	0.07757	0.01292	0.01816	0.01902	0.02929	0.01790	0.04263	0.60662	0.00908	0.01560	0.06807	0.00405	0.00640
1	0.02553	0.01545	0.01671	0.01320	0.01788	0.08274	0.01073	0.28507	0.02340	0.33880	0.08373	0.02133	0.01776	0.00841	0.00665	0.00198	0.00659	0.00661	0.00702	0.01041
2	0.01510	0.25709	0.45631	0.01591	0.02401	0.01850	0.01906	0.05153	0.01451	0.02019	0.01118	0.01296	0.00857	0.00608	0.00559	0.00182	0.00858	0.00446	0.00302	0.04553
3	0.02209	0.01809	0.01803	0.01471	0.01931	0.07958	0.01183	0.42427	0.25903	0.03469	0.01901	0.01841	0.01395	0.00815	0.00657	0.00204	0.00695	0.00629	0.00636	0.01064
4	0.01081	0.00808	0.00986	0.00968	0.01162	0.00763	0.00733	0.07418	0.01591	0.02148	0.15197	0.26954	0.11700	0.05789	0.00922	0.00255	0.00455	0.11809	0.00600	0.08660
5	0.01422	0.16274	0.51343	0.01782	0.02636	0.01702	0.08263	0.02047	0.01394	0.01995	0.01147	0.01364	0.00857	0.00602	0.00597	0.00192	0.00915	0.00484	0.00289	0.04695
6	0.01651	0.01917	0.05102	0.02252	0.05848	0.15396	0.36018	0.02169	0.06996	0.01995	0.01559	0.08742	0.01355	0.00785	0.00807	0.00218	0.05182	0.00781	0.00382	0.00843
7	0.02750	0.01069	0.01455	0.01147	0.01612	0.00927	0.00934	0.02991	0.01825	0.66445	0.02695	0.09260	0.01887	0.00933	0.00679	0.00210	0.00543	0.00776	0.00796	0.01065
8	0.01037	0.00793	0.00977	0.05171	0.04594	0.00755	0.00746	0.01355	0.06761	0.05643	0.07678	0.23741	0.35191	0.01546	0.00767	0.00231	0.00423	0.01338	0.00600	0.00652
9	0.06155	0.01789	0.01685	0.01388	0.01809	0.15037	0.01110	0.30559	0.08462	0.13199	0.04206	0.03563	0.04341	0.00864	0.00689	0.00201	0.02728	0.00652	0.00600	0.00965
10	0.01584	0.08627	0.01525	0.01196	0.01464	0.16784	0.00939	0.05052	0.08177	0.05534	0.25029	0.09537	0.04997	0.01099	0.00775	0.00205	0.05283	0.00883	0.00556	0.00754
11	0.00870	0.00662	0.00717	0.00703	0.00900	0.00580	0.00528	0.01091	0.01583	0.02084	0.23531	0.05513	0.46799	0.01478	0.00741	0.00210	0.00324	0.01247	0.09857	0.00580
12	0.01642	0.01557	0.02621	0.06865	0.67667	0.01576	0.01987	0.04243	0.01544	0.02197	0.01247	0.01633	0.01039	0.00596	0.00652	0.00197	0.00784	0.00587	0.00335	0.01033
13	0.01524	0.01657	0.03355	0.09704	0.12802	0.01667	0.47792	0.02005	0.01470	0.02022	0.01258	0.01721	0.00980	0.00628	0.00885	0.00225	0.08393	0.00713	0.00324	0.00878
14	0.01616	0.01856	0.03485	0.09929	0.03405	0.09131	0.56369	0.02120	0.01562	0.02015	0.01283	0.01713	0.00971	0.00578	0.00746	0.00216	0.01095	0.00721	0.00330	0.00859
15	0.02126	0.01501	0.01648	0.01367	0.01810	0.01654	0.01095	0.24517	0.38583	0.14795	0.02321	0.02146	0.01667	0.00848	0.00665	0.00212	0.00591	0.00683	0.00690	0.01079
16	0.03761	0.00742	0.00919	0.00877	0.01085	0.00685	0.00674	0.01402	0.01639	0.10623	0.31986	0.11636	0.20563	0.01598	0.04117	0.00261	0.00445	0.05668	0.00663	0.00657
17	0.01025	0.00804	0.01137	0.01104	0.01258	0.00775	0.06778	0.07321	0.01465	0.01937	0.03479	0.54152	0.10150	0.04191	0.00893	0.00265	0.00481	0.01585	0.00584	0.00616
18	0.00991	0.00755	0.00947	0.01030	0.01214	0.00728	0.00865	0.01320	0.04687	0.01962	0.06396	0.06776	0.26194	0.01714	0.00852	0.00270	0.00505	0.41570	0.00614	0.00610
19	0.01761	0.02005	0.06406	0.02668	0.13557	0.11315	0.41561	0.08351	0.01719	0.02232	0.01292	0.01640	0.00989	0.00601	0.00716	0.00208	0.01030	0.00672	0.00360	0.00919
20	0.01348	0.01277	0.02164	0.55975	0.23023	0.01490	0.01880	0.01774	0.01366	0.01809	0.01189	0.01721	0.00922	0.00639	0.00656	0.00213	0.00852	0.00585	0.00302	0.00816
21	0.01624	0.01109	0.01248	0.01055	0.01316	0.04495	0.04653	0.15397	0.01722	0.05906	0.01888	0.02291	0.01517	0.07655	0.00878	0.00220	0.04198	0.00641	0.41441	0.00746
22	0.00801	0.00577	0.00760	0.00906	0.00952	0.00536	0.00607	0.00918	0.01270	0.01685	0.03753	0.73574	0.07134	0.02046	0.00838	0.00266	0.00380	0.01852	0.00611	0.00536
23	0.04651	0.13215	0.08811	0.01613	0.02162	0.08046	0.14461	0.11472	0.06037	0.17300	0.04656	0.01806	0.01372	0.00716	0.00635	0.00196	0.00787	0.00609	0.00505	0.00950
24	0.01771	0.02055	0.03247	0.02715	0.13312	0.18166	0.44590	0.02214	0.01617	0.02002	0.01247	0.01620	0.00971	0.00588	0.00717	0.00206	0.01079	0.00669	0.00333	0.00882
25	0.01571	0.11755	0.05069	0.26608	0.11765	0.13270	0.01558	0.01876	0.01368	0.01692	0.01127	0.01638	0.00971	0.04996	0.00987	0.00231	0.11887	0.00544	0.00308	0.00781
26	0.01666	0.05193	0.09428	0.06418	0.47332	0.01617	0.08873	0.05275	0.01566	0.04479	0.01285	0.01618	0.01025	0.00606	0.00652	0.00198	0.00824	0.00588	0.00350	0.01004
27	0.00802	0.00573	0.00764	0.00917	0.00955	0.00535	0.00611	0.00917	0.01260	0.01681	0.03628	0.76434	0.04354	0.02062	0.00840	0.00267	0.00382	0.01872	0.00611	0.00535
28	0.01048	0.00749	0.01046	0.01198	0.01344	0.00747	0.01039	0.01342	0.01503	0.01956	0.03493	0.10796	0.03816	0.01831	0.00906	0.00301	0.00595	0.65081	0.00606	0.00603
29	0.01737	0.46169	0.22795	0.01408	0.02062	0.09054	0.01511	0.05193	0.01482	0.01823	0.01030	0.01186	0.00855	0.00602	0.00506	0.00165	0.00826	0.00407	0.00303	0.00885
30	0.02825	0.01327	0.01656	0.01269	0.01784	0.01274	0.01048	0.22418	0.02230	0.53515	0.02307	0.02052	0.01484	0.00808	0.00661	0.00202	0.00607	0.00642	0.00770	0.01120
31	0.00802	0.00573	0.00764	0.00917	0.00955	0.00535	0.00611	0.00917	0.01260	0.01681	0.03628	0.76434	0.04354	0.02062	0.00840	0.00267	0.00382	0.01872	0.00611	0.00535
32	0.01592	0.01564	0.02784	0.08900	0.58735	0.01570	0.11085	0.02008	0.01493	0.02112	0.01246	0.01658	0.01025	0.00587	0.00669	0.00201	0.00832	0.00612	0.00324	0.01000
33	0.01399	0.01344	0.01618	0.01437	0.01502	0.08420	0.01154	0.01563	0.01127	0.01632	0.01235	0.01919	0.01184	0.07645	0.13593	0.00417	0.43963	0.00616	0.07564	0.00668
34	0.01707	0.01074	0.01264	0.01113	0.01433	0.01139	0.00878	0.05804	0.25128	0.17663	0.04518	0.02724	0.06750	0.01670	0.14266	0.00363	0.00725	0.00753	0.10144	0.00883
35	0.02503	0.01844	0.01976	0.01515	0.02042	0.02042	0.01251	0.70562	0.03095	0.04149	0.01581	0.01581	0.01120	0.00790	0.00659	0.00198	0.00724	0.00593	0.00659	0.01120
36	0.01037	0.05649	0.01145	0.00954	0.01196	0.04936	0.03936	0.01310	0.04505	0.01894	0.11736	0.14771	0.38811	0.01485	0.00755	0.00222	0.00464	0.03991	0.00576	0.00628
37	0.01013	0.00724	0.01002	0.01136	0.01272	0.00714	0.00957	0.01290	0.01511	0.01990	0.09736	0.16968	0.04088	0.01810	0.00888	0.00289	0.00548	0.52850	0.00618	0.00597
38	0.00802	0.00573	0.00764	0.00917	0.00955	0.00535	0.00611	0.00917	0.01260	0.01681	0.03628	0.76434	0.04354	0.02062	0.00840	0.00267	0.00382	0.01872	0.00611	0.00535
39	0.01900	0.01753	0.01883	0.01707	0.06370	0.15003	0.08292	0.03076	0.40759	0.08836	0.02136	0.02080	0.01596	0.00792	0.00665	0.00210	0.00725	0.00671	0.00566	0.00982
40	0.01460	0.03156	0.57125	0.01983	0.02853	0.08425	0.11653	0.02140	0.01457	0.02043	0.01187	0.01424	0.00858	0.00621	0.00643	0.00207	0.01012	0.00520	0.00291	0.00941
41	0.00802	0.00573	0.00764	0.00917	0.00955	0.00535	0.00611	0.00917	0.01260	0.01681	0.03628	0.76434	0.04354	0.02062	0.00840	0.00267	0.00382	0.01872	0.00611	0.00535
42	0.01243	0.01170	0.01975	0.75282	0.04534	0.01463	0.01828	0.01682	0.01316	0.01682	0.01170	0.01755	0.00878	0.00658	0.00658	0.00219	0.00878	0.00585	0.00293	0.00731
43	0.02246	0.02697	0.01838	0.01802	0.07609	0.57100	0.01271	0.06786	0.01860	0.01824	0.01307	0.08050	0.01198	0.00803	0.00625	0.00182	0.01052	0.00579	0.00383	0.00788
44	0.08647	0.08378	0.01526	0.00980	0.01546	0.01095	0.00807	0.01712	0.01340	0.02162	0.01123	0.01309	0.00939	0.00506	0.00474	0.00111	0.00510	0.00383	0.00381	0.66068
45	0.01719	0.14089	0.05307	0.03694	0.18373	0.11358	0.01423	0.06696	0.03404	0.04268	0.01462	0.09791	0.01360	0.00886	0.00877	0.00209	0.13162	0.00670	0.00391	0.00861
46	0.00821	0.00573	0.00769	0.00913	0.00949	0.00537	0.00609	0.00913	0.01238	0.01650	0.03489	0.72249	0.04174	0.02075	0.00938	0.04798	0.00393	0.01798	0.00593	0.00521
47	0.01963	0.01541	0.01816	0.01719	0.11423	0.01650	0.01217	0.36965	0.12768	0.03197	0.01813	0.07005	0.01479	0.01017	0.03812	0.00234	0.00700	0.00691	0.00574	0.08416
48	0.01365	0.01170	0.01365	0.00975	0.01560	0.00878	0.00780	0.01658	0.01365	0.02145	0.01170	0.01365	0.00975	0.00488	0.00488	0.00098	0.00488	0.00390	0.00390	0.80888

[dist]
# distance from previous block
# <min> <max>
0	1

[block]
# block no. 1 follows, 33 sequences, length 27
# corresponding to MSA columns:
# 85-111
name=unknown_B
#
# <colnr> <probs for GDERKNQSTAVLIFYWHMCP>
#	G	D	E	R	K	N	Q	S	T	A	V	L	I	F	Y	W	H	M	C	P
0	0.01592	0.01526	0.02604	0.11023	0.66071	0.01554	0.02002	0.01987	0.01481	0.02105	0.01232	0.01642	0.01027	0.00594	0.00652	0.00198	0.00791	0.00586	0.00323	0.01012
1	0.01509	0.01658	0.03478	0.02753	0.11184	0.01560	0.56200	0.02009	0.01524	0.02087	0.01466	0.06606	0.01222	0.00655	0.00759	0.00219	0.01009	0.00816	0.00352	0.02935
2	0.00940	0.00705	0.01058	0.01058	0.01176	0.00823	0.00823	0.01176	0.01058	0.01528	0.01763	0.02586	0.01646	0.04937	0.74255	0.01058	0.01763	0.00705	0.00353	0.00588
3	0.00940	0.00705	0.01058	0.01058	0.01176	0.00823	0.00823	0.01176	0.01058	0.01528	0.01763	0.02586	0.01646	0.04937	0.74255	0.01058	0.01763	0.00705	0.00353	0.00588
4	0.01320	0.03405	0.73453	0.01876	0.02849	0.01529	0.02432	0.02085	0.01390	0.02085	0.01181	0.01390	0.00834	0.00625	0.00625	0.00208	0.00973	0.00486	0.00278	0.00973
5	0.00815	0.00588	0.00773	0.00896	0.00955	0.00545	0.00608	0.00954	0.01337	0.01791	0.11369	0.65579	0.07416	0.01967	0.00831	0.00259	0.00372	0.01776	0.00624	0.00545
6	0.00940	0.00705	0.01058	0.01058	0.01176	0.00823	0.00823	0.01176	0.01058	0.01528	0.01763	0.02586	0.01646	0.04937	0.74255	0.01058	0.01763	0.00705	0.00353	0.00588
7	0.00901	0.00726	0.00796	0.00776	0.00984	0.00657	0.00581	0.03117	0.04549	0.02079	0.21308	0.11140	0.46895	0.01566	0.00775	0.00222	0.00351	0.01331	0.00641	0.00606
8	0.01167	0.00822	0.01112	0.01087	0.01297	0.00777	0.04467	0.05169	0.01552	0.07484	0.04006	0.27273	0.20033	0.01655	0.00816	0.00255	0.00502	0.19258	0.00614	0.00656
9	0.00849	0.00667	0.00743	0.00724	0.00920	0.00582	0.00543	0.01074	0.01629	0.02116	0.30561	0.05685	0.45850	0.01519	0.00767	0.00214	0.00324	0.01290	0.03360	0.00582
10	0.00953	0.00655	0.00805	0.00805	0.00835	0.00685	0.00507	0.01013	0.00983	0.01341	0.01995	0.03870	0.02203	0.58546	0.21408	0.00745	0.00925	0.00893	0.00387	0.00447
11	0.01760	0.77260	0.03450	0.01126	0.01690	0.02605	0.01126	0.01971	0.01338	0.01549	0.00915	0.01056	0.00845	0.00563	0.00422	0.00141	0.00704	0.00352	0.00282	0.00845
12	0.02471	0.01716	0.01875	0.01457	0.01966	0.01874	0.01197	0.55975	0.09662	0.12229	0.01809	0.01745	0.01267	0.00803	0.00660	0.00201	0.00685	0.00616	0.00678	0.01112
13	0.00802	0.00573	0.00764	0.00917	0.00955	0.00535	0.00611	0.00917	0.01260	0.01681	0.03628	0.76434	0.04354	0.02062	0.00840	0.00267	0.00382	0.01872	0.00611	0.00535
14	0.10035	0.01683	0.01758	0.01408	0.01886	0.01887	0.01147	0.47420	0.19662	0.03690	0.01784	0.01745	0.01298	0.00798	0.00637	0.00204	0.00654	0.00607	0.00637	0.01061
15	0.01228	0.01448	0.08192	0.07250	0.01638	0.14418	0.00984	0.01537	0.03431	0.01908	0.13483	0.09988	0.29454	0.01265	0.00721	0.00213	0.00605	0.01050	0.00519	0.00670
16	0.00802	0.00573	0.00764	0.00917	0.00955	0.00535	0.00611	0.00917	0.01260	0.01681	0.03628	0.76434	0.04354	0.02062	0.00840	0.00267	0.00382	0.01872	0.00611	0.00535
17	0.02278	0.01744	0.01941	0.01679	0.07461	0.01931	0.01273	0.53094	0.15384	0.03741	0.01753	0.01743	0.01275	0.00793	0.00660	0.00202	0.00692	0.00620	0.00635	0.01100
18	0.01647	0.01439	0.03317	0.01460	0.01831	0.05877	0.10318	0.12161	0.23577	0.06305	0.08186	0.16383	0.02423	0.01069	0.00718	0.00222	0.00639	0.00948	0.00595	0.00886
19	0.00942	0.00700	0.01030	0.01030	0.01137	0.00808	0.00788	0.01157	0.01050	0.01507	0.01789	0.02730	0.01708	0.10926	0.68351	0.01023	0.01670	0.00726	0.00357	0.00572
20	0.00820	0.00580	0.00759	0.00894	0.00928	0.00546	0.00587	0.00921	0.01226	0.01635	0.03452	0.68262	0.04132	0.10538	0.01125	0.00309	0.00411	0.01768	0.00587	0.00519
21	0.01044	0.00794	0.01044	0.01114	0.07001	0.00761	0.00754	0.01394	0.05062	0.03919	0.42304	0.04520	0.16869	0.03719	0.06525	0.00288	0.00492	0.01098	0.00633	0.00667
22	0.01478	0.10296	0.54298	0.01864	0.02732	0.01686	0.08872	0.07382	0.01533	0.02195	0.01201	0.01410	0.00873	0.00625	0.00623	0.00202	0.00941	0.00510	0.00313	0.00964
23	0.10144	0.02586	0.01725	0.01521	0.01889	0.50375	0.01167	0.14245	0.01977	0.02230	0.01170	0.01317	0.00930	0.00696	0.00579	0.00177	0.00990	0.00457	0.05013	0.00811
24	0.01488	0.01519	0.01903	0.01647	0.01676	0.07922	0.01346	0.01623	0.01076	0.01563	0.00971	0.01641	0.00981	0.06979	0.02122	0.00305	0.63645	0.00593	0.00301	0.00699
25	0.01569	0.01229	0.01499	0.01338	0.08539	0.01075	0.00950	0.05630	0.09478	0.08210	0.01914	0.01984	0.06702	0.00678	0.00570	0.00145	0.00527	0.00560	0.00482	0.46919
26	0.01792	0.01720	0.02430	0.12055	0.31787	0.08545	0.09556	0.13194	0.07977	0.02410	0.01402	0.01685	0.01096	0.00661	0.00664	0.00202	0.00838	0.00608	0.00408	0.00971

[dist]
# distance from previous block
# <min> <max>
0	7

[block]
# block no. 2 follows, 33 sequences, length 36
# corresponding to MSA columns:
# 119-154
name=unknown_C
#
# <colnr> <probs for GDERKNQSTAVLIFYWHMCP>
#	G	D	E	R	K	N	Q	S	T	A	V	L	I	F	Y	W	H	M	C	P
0	0.08738	0.01476	0.01727	0.28214	0.06553	0.10655	0.01368	0.09312	0.01542	0.02068	0.01709	0.02093	0.07750	0.03087	0.03034	0.00252	0.08640	0.00634	0.00385	0.00762
1	0.01525	0.01566	0.02057	0.01905	0.07254	0.06912	0.01474	0.01689	0.01105	0.01630	0.00904	0.01438	0.00877	0.01076	0.01937	0.00273	0.64771	0.00567	0.00294	0.00748
2	0.01463	0.01461	0.02103	0.01770	0.01844	0.01963	0.06116	0.01768	0.06514	0.01711	0.01037	0.01542	0.00962	0.01091	0.01950	0.00279	0.64745	0.00603	0.00321	0.00757
3	0.00802	0.00573	0.00764	0.00917	0.00955	0.00535	0.00611	0.00917	0.01260	0.01681	0.03628	0.76434	0.04354	0.02062	0.00840	0.00267	0.00382	0.01872	0.00611	0.00535
4	0.02701	0.01130	0.01639	0.01254	0.01747	0.00988	0.05680	0.02981	0.01860	0.62888	0.07921	0.02416	0.01942	0.00838	0.00679	0.00205	0.00578	0.00711	0.00775	0.01066
5	0.01808	0.74226	0.03373	0.01128	0.01689	0.02540	0.01120	0.02021	0.01359	0.04404	0.00982	0.01103	0.00876	0.00573	0.00432	0.00143	0.00698	0.00364	0.00303	0.00856
6	0.00802	0.00573	0.00764	0.00917	0.00955	0.00535	0.00611	0.00917	0.01260	0.01681	0.03628	0.76434	0.04354	0.02062	0.00840	0.00267	0.00382	0.01872	0.00611	0.00535
7	0.00940	0.00705	0.01058	0.01058	0.01176	0.00823	0.00823	0.01176	0.01058	0.01528	0.01763	0.02586	0.01646	0.04937	0.74255	0.01058	0.01763	0.00705	0.00353	0.00588
8	0.01320	0.03405	0.73453	0.01876	0.02849	0.01529	0.02432	0.02085	0.01390	0.02085	0.01181	0.01390	0.00834	0.00625	0.00625	0.00208	0.00973	0.00486	0.00278	0.00973
9	0.00802	0.00573	0.00764	0.00917	0.00955	0.00535	0.00611	0.00917	0.01260	0.01681	0.03628	0.76434	0.04354	0.02062	0.00840	0.00267	0.00382	0.01872	0.00611	0.00535
10	0.00932	0.00673	0.00880	0.00828	0.00984	0.00621	0.00621	0.01242	0.01863	0.02640	0.72410	0.04918	0.06212	0.01346	0.00776	0.00207	0.00311	0.01191	0.00725	0.00621
11	0.01554	0.01776	0.03885	0.02775	0.03441	0.01665	0.70366	0.02109	0.01554	0.02109	0.01332	0.01776	0.00999	0.00555	0.00777	0.00222	0.01110	0.00777	0.00333	0.00888
12	0.00940	0.00705	0.01058	0.01058	0.01176	0.00823	0.00823	0.01176	0.01058	0.01528	0.01763	0.02586	0.01646	0.04937	0.74255	0.01058	0.01763	0.00705	0.00353	0.00588
13	0.02548	0.01302	0.01583	0.01265	0.01741	0.01297	0.01028	0.13102	0.20060	0.44945	0.02470	0.02200	0.01653	0.00831	0.00664	0.00208	0.00574	0.00673	0.00755	0.01100
14	0.81514	0.01273	0.00968	0.00866	0.01273	0.01477	0.00713	0.01935	0.01120	0.02954	0.00917	0.01069	0.00713	0.00611	0.00407	0.00204	0.00509	0.00356	0.00407	0.00713
15	0.02459	0.03138	0.01866	0.01696	0.02035	0.74221	0.01272	0.02629	0.01866	0.01611	0.01018	0.01187	0.00848	0.00678	0.00594	0.00170	0.01187	0.00424	0.00339	0.00763
16	0.00867	0.00670	0.00790	0.00760	0.00944	0.00594	0.00570	0.01117	0.01710	0.02276	0.44663	0.05516	0.34186	0.01482	0.00777	0.00213	0.00320	0.01274	0.00677	0.00594
17	0.00852	0.00622	0.00801	0.00857	0.00960	0.00572	0.00604	0.01051	0.01527	0.02077	0.31643	0.40861	0.11664	0.01736	0.00809	0.00239	0.00349	0.01551	0.00657	0.00572
18	0.01365	0.01170	0.01365	0.00975	0.01560	0.00878	0.00780	0.01658	0.01365	0.02145	0.01170	0.01365	0.00975	0.00488	0.00488	0.00098	0.00488	0.00390	0.00390	0.80888
19	0.01243	0.01170	0.01975	0.75282	0.04534	0.01463	0.01828	0.01682	0.01316	0.01682	0.01170	0.01755	0.00878	0.00658	0.00658	0.00219	0.00878	0.00585	0.00293	0.00731
20	0.00802	0.00573	0.00764	0.00917	0.00955	0.00535	0.00611	0.00917	0.01260	0.01681	0.03628	0.76434	0.04354	0.02062	0.00840	0.00267	0.00382	0.01872	0.00611	0.00535
21	0.00940	0.00705	0.01058	0.01058	0.01176	0.00823	0.00823	0.01176	0.01058	0.01528	0.01763	0.02586	0.01646	0.04937	0.74255	0.01058	0.01763	0.00705	0.00353	0.00588
22	0.00802	0.00573	0.00764	0.00917	0.00955	0.00535	0.00611	0.00917	0.01260	0.01681	0.03628	0.76434	0.04354	0.02062	0.00840	0.00267	0.00382	0.01872	0.00611	0.00535
23	0.01061	0.00758	0.01061	0.01212	0.01364	0.00758	0.01061	0.01364	0.01515	0.01970	0.03486	0.07426	0.03789	0.01819	0.00909	0.00303	0.00606	0.68326	0.00606	0.00606
24	0.00807	0.00688	0.00698	0.00699	0.00919	0.00590	0.00522	0.01027	0.03776	0.01806	0.06417	0.09025	0.67454	0.01658	0.00777	0.00224	0.00342	0.01388	0.00613	0.00571
25	0.01637	0.01414	0.01489	0.01340	0.01712	0.01637	0.01042	0.03498	0.71568	0.02754	0.02679	0.02456	0.02010	0.00893	0.00670	0.00223	0.00521	0.00744	0.00670	0.01042
26	0.00920	0.00672	0.00863	0.00816	0.00976	0.00616	0.00612	0.01219	0.01835	0.02573	0.67315	0.05027	0.11348	0.01371	0.00777	0.00208	0.00312	0.01206	0.00716	0.00616
27	0.81514	0.01273	0.00968	0.00866	0.01273	0.01477	0.00713	0.01935	0.01120	0.02954	0.00917	0.01069	0.00713	0.00611	0.00407	0.00204	0.00509	0.00356	0.00407	0.00713
28	0.01904	0.01476	0.01595	0.01342	0.01749	0.01650	0.01068	0.26271	0.38666	0.05500	0.09453	0.02401	0.02123	0.00902	0.00677	0.00212	0.00570	0.00735	0.00676	0.01028
29	0.02274	0.01461	0.01650	0.01313	0.01753	0.01548	0.01065	0.42440	0.04644	0.17240	0.06831	0.07800	0.01868	0.00934	0.00674	0.00204	0.00614	0.00752	0.03919	0.01018
30	0.00929	0.00686	0.00955	0.00960	0.01059	0.00760	0.00711	0.01109	0.01074	0.01500	0.02215	0.05363	0.06712	0.18864	0.53038	0.00895	0.01402	0.00836	0.00387	0.00547
31	0.00829	0.00592	0.00794	0.00947	0.00997	0.00558	0.00657	0.00963	0.01287	0.01710	0.03614	0.69355	0.04296	0.02037	0.00847	0.00271	0.00405	0.08689	0.00611	0.00542
32	0.01772	0.01599	0.02837	0.04789	0.20398	0.01609	0.29513	0.07601	0.08735	0.08964	0.01558	0.01822	0.01171	0.00667	0.00767	0.00214	0.03894	0.00687	0.00433	0.00971
33	0.01313	0.00915	0.00958	0.00867	0.01097	0.00941	0.00650	0.12779	0.08823	0.02386	0.03303	0.03656	0.20628	0.13714	0.01081	0.00267	0.00459	0.00888	0.24586	0.00689
34	0.01932	0.01994	0.12071	0.01895	0.14300	0.15648	0.03348	0.05780	0.03527	0.12967	0.01436	0.01564	0.01077	0.00640	0.00605	0.00173	0.00787	0.00517	0.00437	0.19303
35	0.01762	0.61471	0.10243	0.01251	0.01831	0.07629	0.01264	0.02092	0.04221	0.01656	0.01021	0.01155	0.00891	0.00591	0.00465	0.00153	0.00758	0.00386	0.00301	0.00860

[dist]
# distance from previous block
# <min> <max>
0	2

[block]
# block no. 3 follows, 33 sequences, length 40
# corresponding to MSA columns:
# 157-196
name=unknown_D
#
# <colnr> <probs for GDERKNQSTAVLIFYWHMCP>
#	G	D	E	R	K	N	Q	S	T	A	V	L	I	F	Y	W	H	M	C	P
0	0.02257	0.01355	0.01558	0.01237	0.01690	0.01387	0.01004	0.27011	0.11585	0.24530	0.05467	0.02123	0.01680	0.00816	0.00638	0.00193	0.00574	0.00651	0.07903	0.06340
1	0.01384	0.01187	0.01374	0.01001	0.01571	0.00931	0.00798	0.01786	0.06268	0.02188	0.01276	0.01441	0.01047	0.00516	0.00500	0.00106	0.00490	0.00415	0.00410	0.75312
2	0.01628	0.01312	0.02026	0.40389	0.10874	0.01480	0.04906	0.11476	0.04008	0.08623	0.03253	0.02060	0.01272	0.00743	0.00676	0.00215	0.00793	0.02972	0.00430	0.00864
3	0.01475	0.09105	0.40273	0.06649	0.08453	0.03953	0.06737	0.02035	0.01450	0.05405	0.01605	0.01893	0.05078	0.00713	0.00639	0.00205	0.00879	0.02199	0.00342	0.00913
4	0.01320	0.03405	0.73453	0.01876	0.02849	0.01529	0.02432	0.02085	0.01390	0.02085	0.01181	0.01390	0.00834	0.00625	0.00625	0.00208	0.00973	0.00486	0.00278	0.00973
5	0.00794	0.00658	0.00696	0.00706	0.00904	0.00560	0.00522	0.00969	0.01510	0.01847	0.12310	0.13005	0.59899	0.01677	0.00784	0.00225	0.00336	0.01418	0.00622	0.00560
6	0.00819	0.00580	0.00759	0.00895	0.00929	0.00546	0.00588	0.00921	0.01228	0.01637	0.03461	0.68658	0.04143	0.10127	0.01111	0.00307	0.00410	0.01773	0.00588	0.00520
7	0.01617	0.01552	0.02650	0.06324	0.70570	0.01561	0.02014	0.02010	0.01493	0.02136	0.01236	0.01633	0.01037	0.00589	0.00652	0.00196	0.00785	0.00587	0.00325	0.01033
8	0.01760	0.77260	0.03450	0.01126	0.01690	0.02605	0.01126	0.01971	0.01338	0.01549	0.00915	0.01056	0.00845	0.00563	0.00422	0.00141	0.00704	0.00352	0.00282	0.00845
9	0.01061	0.00758	0.01061	0.01212	0.01364	0.00758	0.01061	0.01364	0.01515	0.01970	0.03486	0.07426	0.03789	0.01819	0.00909	0.00303	0.00606	0.68326	0.00606	0.00606
10	0.00798	0.00670	0.00696	0.00711	0.00923	0.00568	0.00541	0.00972	0.01494	0.01788	0.06356	0.08745	0.65654	0.01690	0.00789	0.00229	0.00353	0.05853	0.00611	0.00558
11	0.01320	0.03405	0.73453	0.01876	0.02849	0.01529	0.02432	0.02085	0.01390	0.02085	0.01181	0.01390	0.00834	0.00625	0.00625	0.00208	0.00973	0.00486	0.00278	0.00973
12	0.01061	0.00758	0.01061	0.01212	0.01364	0.00758	0.01061	0.01364	0.01515	0.01970	0.03486	0.07426	0.03789	0.01819	0.00909	0.00303	0.00606	0.68326	0.00606	0.00606
13	0.01430	0.00728	0.00765	0.00710	0.00913	0.00730	0.00547	0.06090	0.01526	0.07505	0.02143	0.02383	0.01647	0.00772	0.00487	0.00160	0.00351	0.00616	0.69816	0.00682
14	0.01357	0.01299	0.02239	0.53690	0.22116	0.01498	0.04886	0.01788	0.01374	0.01822	0.01195	0.01724	0.00926	0.00635	0.00662	0.00213	0.00863	0.00594	0.00303	0.00819
15	0.76294	0.01263	0.01005	0.00886	0.01300	0.01443	0.00730	0.02020	0.01171	0.07622	0.01028	0.01147	0.00774	0.00625	0.00424	0.00204	0.00513	0.00377	0.00434	0.00740
16	0.00912	0.00672	0.00852	0.00807	0.00971	0.00613	0.00605	0.01203	0.01816	0.02527	0.63814	0.05103	0.14878	0.01388	0.00777	0.00209	0.00314	0.01217	0.00710	0.00613
17	0.01554	0.01776	0.03885	0.02775	0.03441	0.01665	0.70366	0.02109	0.01554	0.02109	0.01332	0.01776	0.00999	0.00555	0.00777	0.00222	0.01110	0.00777	0.00333	0.00888
18	0.02336	0.02933	0.01884	0.01700	0.01998	0.65514	0.01292	0.02503	0.01762	0.01608	0.00999	0.01218	0.00850	0.00736	0.00783	0.00184	0.10168	0.00442	0.00333	0.00758
19	0.01365	0.01170	0.01365	0.00975	0.01560	0.00878	0.00780	0.01658	0.01365	0.02145	0.01170	0.01365	0.00975	0.00488	0.00488	0.00098	0.00488	0.00390	0.00390	0.80888
20	0.00953	0.00793	0.00852	0.00836	0.01069	0.00750	0.00646	0.01413	0.12566	0.02037	0.12509	0.05673	0.48760	0.01525	0.00772	0.00228	0.00384	0.06962	0.00632	0.00643
21	0.01243	0.01170	0.01975	0.75282	0.04534	0.01463	0.01828	0.01682	0.01316	0.01682	0.01170	0.01755	0.00878	0.00658	0.00658	0.00219	0.00878	0.00585	0.00293	0.00731
22	0.81514	0.01273	0.00968	0.00866	0.01273	0.01477	0.00713	0.01935	0.01120	0.02954	0.00917	0.01069	0.00713	0.00611	0.00407	0.00204	0.00509	0.00356	0.00407	0.00713
23	0.00802	0.00573	0.00764	0.00917	0.00955	0.00535	0.00611	0.00917	0.01260	0.01681	0.03628	0.76434	0.04354	0.02062	0.00840	0.00267	0.00382	0.01872	0.00611	0.00535
24	0.00957	0.00638	0.00718	0.00718	0.00718	0.00638	0.00399	0.00957	0.00957	0.01276	0.02074	0.04308	0.02393	0.76864	0.03351	0.00638	0.00638	0.00957	0.00399	0.00399
25	0.00799	0.00586	0.00751	0.00883	0.00946	0.00538	0.00596	0.00920	0.01293	0.01694	0.04043	0.66881	0.13640	0.02009	0.00832	0.00261	0.00375	0.01806	0.00611	0.00538
26	0.01243	0.01170	0.01975	0.75282	0.04534	0.01463	0.01828	0.01682	0.01316	0.01682	0.01170	0.01755	0.00878	0.00658	0.00658	0.00219	0.00878	0.00585	0.00293	0.00731
27	0.00940	0.00705	0.01058	0.01058	0.01176	0.00823	0.00823	0.01176	0.01058	0.01528	0.01763	0.02586	0.01646	0.04937	0.74255	0.01058	0.01763	0.00705	0.00353	0.00588
28	0.00942	0.00697	0.01018	0.01018	0.01122	0.00801	0.00773	0.01150	0.01046	0.01499	0.01800	0.02789	0.01734	0.13420	0.65892	0.01009	0.01631	0.00735	0.00358	0.00566
29	0.00800	0.00579	0.00757	0.00899	0.00950	0.00536	0.00603	0.00919	0.01277	0.01687	0.03841	0.71539	0.09112	0.02035	0.00836	0.00264	0.00379	0.01838	0.00611	0.00536
30	0.02503	0.01844	0.01976	0.01515	0.02042	0.02042	0.01251	0.70562	0.03095	0.04149	0.01581	0.01581	0.01120	0.00790	0.00659	0.00198	0.00724	0.00593	0.00659	0.01120
31	0.01554	0.01776	0.03885	0.02775	0.03441	0.01665	0.70366	0.02109	0.01554	0.02109	0.01332	0.01776	0.00999	0.00555	0.00777	0.00222	0.01110	0.00777	0.00333	0.00888
32	0.01266	0.01151	0.01818	0.58797	0.03866	0.01403	0.01655	0.01847	0.09089	0.01833	0.01597	0.02470	0.01330	0.00815	0.00688	0.00229	0.00808	0.08218	0.00369	0.00752
33	0.01619	0.01379	0.01450	0.01308	0.01670	0.01593	0.01016	0.03412	0.68488	0.02741	0.02656	0.02456	0.01995	0.00888	0.00661	0.00220	0.00512	0.00739	0.04174	0.01023
34	0.01669	0.01652	0.02596	0.06361	0.65843	0.06234	0.01966	0.02048	0.01516	0.02100	0.01222	0.01605	0.01025	0.00595	0.00648	0.00195	0.00811	0.00576	0.00326	0.01014
35	0.05356	0.12318	0.29767	0.02052	0.02797	0.03418	0.28731	0.02073	0.01445	0.02056	0.01188	0.01476	0.00899	0.00586	0.00643	0.00201	0.00960	0.00572	0.00311	0.03152
36	0.01034	0.00720	0.00896	0.00921	0.01011	0.00725	0.00634	0.07234	0.01319	0.01757	0.02890	0.35387	0.07594	0.17614	0.08633	0.08670	0.00616	0.01290	0.00513	0.00541
37	0.00834	0.00586	0.00754	0.00876	0.00906	0.00556	0.00568	0.00925	0.01198	0.01598	0.03310	0.61664	0.03953	0.17380	0.01354	0.00343	0.00434	0.01684	0.00568	0.00507
38	0.01304	0.03450	0.04999	0.01243	0.01668	0.05720	0.08357	0.01728	0.07756	0.02005	0.02517	0.16216	0.11431	0.01008	0.00652	0.00182	0.00591	0.00883	0.00469	0.27820
39	0.01878	0.08090	0.20093	0.01574	0.02217	0.08204	0.08890	0.09588	0.03910	0.13043	0.01464	0.01565	0.01067	0.00648	0.00609	0.00180	0.00796	0.00530	0.00444	0.15207

[dist]
# distance from previous block
# <min> <max>
0	25

[block]
# block no. 4 follows, 33 sequences, length 59
# corresponding to MSA columns:
# 222-280
name=unknown_E
#
# <colnr> <probs for GDERKNQSTAVLIFYWHMCP>
#	G	D	E	R	K	N	Q	S	T	A	V	L	I	F	Y	W	H	M	C	P
0	0.07149	0.21843	0.17938	0.01310	0.01791	0.10370	0.01296	0.01888	0.03635	0.01936	0.07488	0.07460	0.01798	0.01193	0.06435	0.00263	0.00825	0.04204	0.00393	0.00786
1	0.02038	0.35569	0.06308	0.01238	0.01752	0.05873	0.01142	0.10233	0.03894	0.17196	0.04969	0.04191	0.01458	0.00752	0.00560	0.00176	0.00681	0.00562	0.00486	0.00923
2	0.01280	0.01113	0.01661	0.02204	0.30490	0.01074	0.01236	0.03322	0.03010	0.02085	0.07793	0.17270	0.09157	0.03699	0.00801	0.00225	0.00577	0.04422	0.00478	0.08104
3	0.01681	0.05579	0.16048	0.02307	0.25354	0.10941	0.01618	0.07952	0.01649	0.04200	0.03720	0.08844	0.01470	0.00791	0.00643	0.00195	0.00788	0.00670	0.00403	0.05148
4	0.01152	0.00704	0.00816	0.00784	0.00842	0.00697	0.00476	0.01238	0.03318	0.07738	0.02184	0.06113	0.02369	0.65530	0.02954	0.00576	0.00620	0.00950	0.00451	0.00488
5	0.02347	0.15360	0.02139	0.01586	0.01978	0.56079	0.01246	0.08378	0.01884	0.01820	0.01049	0.01199	0.00871	0.00669	0.00571	0.00167	0.01067	0.00427	0.00357	0.00808
6	0.01626	0.00971	0.01133	0.00976	0.01266	0.00957	0.00765	0.15855	0.01947	0.14653	0.20731	0.08570	0.10660	0.01119	0.00678	0.00200	0.00445	0.00940	0.15713	0.00793
7	0.04412	0.02374	0.12760	0.02023	0.02579	0.23060	0.24819	0.10027	0.05466	0.02235	0.01291	0.01530	0.00985	0.00663	0.00707	0.00203	0.03003	0.00590	0.00383	0.00888
8	0.00956	0.00642	0.00735	0.00735	0.00741	0.00648	0.00421	0.00969	0.00963	0.01289	0.02058	0.04220	0.02355	0.73186	0.06976	0.00660	0.00696	0.00944	0.00397	0.00409
9	0.00920	0.00839	0.00787	0.00776	0.00987	0.05816	0.00578	0.01104	0.01563	0.01879	0.15085	0.09478	0.54730	0.01574	0.00768	0.00219	0.00394	0.01319	0.00607	0.00578
10	0.00883	0.00714	0.00782	0.00797	0.00993	0.00649	0.00608	0.01152	0.05175	0.01858	0.08707	0.08247	0.49009	0.07006	0.00976	0.00264	0.00403	0.10593	0.00604	0.00580
11	0.01952	0.02042	0.01632	0.01473	0.01832	0.28206	0.01134	0.05364	0.41893	0.02361	0.02056	0.02094	0.01602	0.00836	0.00648	0.00205	0.00774	0.02420	0.00547	0.00931
12	0.02459	0.03138	0.01866	0.01696	0.02035	0.74221	0.01272	0.02629	0.01866	0.01611	0.01018	0.01187	0.00848	0.00678	0.00594	0.00170	0.01187	0.00424	0.00339	0.00763
13	0.00957	0.00638	0.00718	0.00718	0.00718	0.00638	0.00399	0.00957	0.00957	0.01276	0.02074	0.04308	0.02393	0.76864	0.03351	0.00638	0.00638	0.00957	0.00399	0.00399
14	0.00857	0.00721	0.00749	0.00733	0.00958	0.00640	0.00552	0.01160	0.06537	0.01945	0.13761	0.05900	0.60028	0.01576	0.00770	0.00221	0.00344	0.01321	0.00628	0.00598
15	0.01320	0.03405	0.73453	0.01876	0.02849	0.01529	0.02432	0.02085	0.01390	0.02085	0.01181	0.01390	0.00834	0.00625	0.00625	0.00208	0.00973	0.00486	0.00278	0.00973
16	0.01061	0.00758	0.01061	0.01212	0.01364	0.00758	0.01061	0.01364	0.01515	0.01970	0.03486	0.07426	0.03789	0.01819	0.00909	0.00303	0.00606	0.68326	0.00606	0.00606
17	0.02459	0.03138	0.01866	0.01696	0.02035	0.74221	0.01272	0.02629	0.01866	0.01611	0.01018	0.01187	0.00848	0.00678	0.00594	0.00170	0.01187	0.00424	0.00339	0.00763
18	0.01629	0.01564	0.02672	0.04041	0.72757	0.01564	0.02020	0.02020	0.01499	0.02151	0.01238	0.01629	0.01043	0.00587	0.00652	0.00196	0.00782	0.00587	0.00326	0.01043
19	0.00802	0.00573	0.00764	0.00917	0.00955	0.00535	0.00611	0.00917	0.01260	0.01681	0.03628	0.76434	0.04354	0.02062	0.00840	0.00267	0.00382	0.01872	0.00611	0.00535
20	0.01144	0.00572	0.00858	0.00858	0.00858	0.00572	0.00572	0.00858	0.00858	0.01144	0.01144	0.02001	0.01144	0.02287	0.02573	0.80846	0.00572	0.00572	0.00286	0.00286
21	0.00932	0.00673	0.00880	0.00828	0.00984	0.00621	0.00621	0.01242	0.01863	0.02640	0.72410	0.04918	0.06212	0.01346	0.00776	0.00207	0.00311	0.01191	0.00725	0.00621
22	0.01243	0.01170	0.01975	0.75282	0.04534	0.01463	0.01828	0.01682	0.01316	0.01682	0.01170	0.01755	0.00878	0.00658	0.00658	0.00219	0.00878	0.00585	0.00293	0.00731
23	0.00823	0.00588	0.00787	0.00940	0.00987	0.00552	0.00647	0.00952	0.01281	0.01704	0.03617	0.70963	0.04309	0.02043	0.00846	0.00270	0.00400	0.07140	0.00611	0.00540
24	0.01554	0.01776	0.03885	0.02775	0.03441	0.01665	0.70366	0.02109	0.01554	0.02109	0.01332	0.01776	0.00999	0.00555	0.00777	0.00222	0.01110	0.00777	0.00333	0.00888
25	0.01398	0.01379	0.01936	0.01672	0.01682	0.01916	0.01389	0.01550	0.01012	0.01580	0.00940	0.01536	0.00930	0.01470	0.08208	0.00353	0.69460	0.00587	0.00293	0.00709
26	0.01493	0.01653	0.03511	0.02549	0.03148	0.01577	0.60826	0.02060	0.03887	0.02071	0.01422	0.01883	0.01100	0.01019	0.08359	0.00308	0.01157	0.00768	0.00346	0.00862
27	0.81514	0.01273	0.00968	0.00866	0.01273	0.01477	0.00713	0.01935	0.01120	0.02954	0.00917	0.01069	0.00713	0.00611	0.00407	0.00204	0.00509	0.00356	0.00407	0.00713
28	0.01455	0.01224	0.01414	0.01018	0.01598	0.00970	0.00817	0.07120	0.01502	0.02304	0.01203	0.01382	0.00987	0.00512	0.00501	0.00105	0.00506	0.00406	0.00411	0.74564
29	0.00937	0.00674	0.00860	0.00964	0.01041	0.00654	0.00662	0.06438	0.01406	0.01876	0.03466	0.70500	0.04098	0.01962	0.00826	0.00262	0.00409	0.01770	0.00615	0.00581
30	0.01340	0.01269	0.02149	0.57454	0.21607	0.01488	0.01876	0.01767	0.01362	0.01799	0.01187	0.01724	0.00919	0.00640	0.00657	0.00213	0.00854	0.00585	0.00301	0.00809
31	0.01371	0.09157	0.63701	0.01904	0.04588	0.01620	0.04631	0.02075	0.01394	0.02045	0.01167	0.01383	0.00846	0.00617	0.00615	0.00203	0.00951	0.00488	0.00281	0.00962
32	0.01274	0.01201	0.02030	0.69634	0.09943	0.01471	0.01844	0.01709	0.01331	0.01719	0.01176	0.01745	0.00891	0.00653	0.00658	0.00218	0.00870	0.00585	0.00295	0.00756
33	0.01490	0.29175	0.45319	0.01724	0.06018	0.01908	0.01954	0.02042	0.01377	0.01901	0.01091	0.01285	0.00848	0.00602	0.00556	0.00184	0.00869	0.00444	0.00282	0.00932
34	0.01345	0.01342	0.02509	0.02100	0.07936	0.01297	0.34409	0.03583	0.07592	0.02086	0.02347	0.22685	0.05564	0.01065	0.00772	0.00232	0.00783	0.01087	0.00461	0.00805
35	0.01243	0.01170	0.01975	0.75282	0.04534	0.01463	0.01828	0.01682	0.01316	0.01682	0.01170	0.01755	0.00878	0.00658	0.00658	0.00219	0.00878	0.00585	0.00293	0.00731
36	0.01633	0.01378	0.01466	0.01319	0.01675	0.01579	0.01023	0.08075	0.61112	0.02768	0.02676	0.08259	0.02132	0.00979	0.00683	0.00225	0.00524	0.00823	0.00664	0.01007
37	0.01496	0.01436	0.02433	0.27429	0.39494	0.01543	0.06752	0.02031	0.06997	0.02040	0.01337	0.01747	0.01061	0.00632	0.00664	0.00208	0.00817	0.00612	0.00343	0.00928
38	0.01320	0.03405	0.73453	0.01876	0.02849	0.01529	0.02432	0.02085	0.01390	0.02085	0.01181	0.01390	0.00834	0.00625	0.00625	0.00208	0.00973	0.00486	0.00278	0.00973
39	0.01243	0.01170	0.01975	0.75282	0.04534	0.01463	0.01828	0.01682	0.01316	0.01682	0.01170	0.01755	0.00878	0.00658	0.00658	0.00219	0.00878	0.00585	0.00293	0.00731
40	0.01532	0.01451	0.02369	0.10397	0.55478	0.01488	0.01816	0.02029	0.07037	0.02127	0.01733	0.02042	0.06198	0.00695	0.00663	0.00202	0.00739	0.00656	0.00370	0.00978
41	0.01352	0.08671	0.68462	0.01823	0.02767	0.01606	0.02339	0.02077	0.01386	0.02047	0.01162	0.01366	0.00835	0.00621	0.00611	0.00204	0.00954	0.00477	0.00278	0.00964
42	0.00802	0.00573	0.00764	0.00917	0.00955	0.00535	0.00611	0.00917	0.01260	0.01681	0.03628	0.76434	0.04354	0.02062	0.00840	0.00267	0.00382	0.01872	0.00611	0.00535
43	0.01574	0.01718	0.03555	0.03119	0.22275	0.01637	0.51795	0.02085	0.01539	0.02120	0.01306	0.01736	0.01011	0.00564	0.00743	0.00215	0.01021	0.00725	0.00331	0.00930
44	0.00787	0.00667	0.00679	0.00676	0.00895	0.00559	0.00507	0.00962	0.01521	0.01827	0.10377	0.06256	0.68752	0.01649	0.00778	0.00221	0.00332	0.01378	0.00618	0.00559
45	0.00802	0.00573	0.00764	0.00917	0.00955	0.00535	0.00611	0.00917	0.01260	0.01681	0.03628	0.76434	0.04354	0.02062	0.00840	0.00267	0.00382	0.01872	0.00611	0.00535
46	0.00839	0.00669	0.00751	0.00730	0.00926	0.00582	0.00548	0.01062	0.01643	0.02118	0.32554	0.05777	0.46393	0.01541	0.00777	0.00216	0.00324	0.01311	0.00656	0.00582
47	0.81514	0.01273	0.00968	0.00866	0.01273	0.01477	0.00713	0.01935	0.01120	0.02954	0.00917	0.01069	0.00713	0.00611	0.00407	0.00204	0.00509	0.00356	0.00407	0.00713
48	0.02507	0.01718	0.01886	0.01451	0.01963	0.01864	0.01196	0.60089	0.02907	0.12555	0.03982	0.01769	0.01346	0.00811	0.00663	0.00199	0.00691	0.00620	0.00680	0.01104
49	0.01853	0.02226	0.03217	0.02418	0.02976	0.25649	0.47527	0.02281	0.01657	0.01944	0.01228	0.01581	0.00949	0.00596	0.00716	0.00205	0.01135	0.00660	0.00335	0.00847
50	0.00806	0.00576	0.00768	0.00914	0.00956	0.00538	0.00611	0.00927	0.01280	0.01712	0.05871	0.74102	0.04415	0.02039	0.00838	0.00265	0.00380	0.01849	0.00615	0.00538
51	0.00925	0.00668	0.00874	0.00833	0.00982	0.00617	0.00621	0.01225	0.01832	0.02589	0.68777	0.08695	0.06114	0.01384	0.00780	0.00210	0.00314	0.01227	0.00719	0.00617
52	0.01358	0.01196	0.02001	0.66413	0.09253	0.01445	0.01798	0.01784	0.01358	0.05373	0.01248	0.01771	0.00928	0.00661	0.00658	0.00217	0.00855	0.00589	0.00322	0.00773
53	0.00802	0.00573	0.00764	0.00917	0.00955	0.00535	0.00611	0.00917	0.01260	0.01681	0.03628	0.76434	0.04354	0.02062	0.00840	0.00267	0.00382	0.01872	0.00611	0.00535
54	0.02503	0.01844	0.01976	0.01515	0.02042	0.02042	0.01251	0.70562	0.03095	0.04149	0.01581	0.01581	0.01120	0.00790	0.00659	0.00198	0.00724	0.00593	0.00659	0.01120
55	0.01542	0.01859	0.07442	0.02729	0.03410	0.01658	0.66893	0.02108	0.01545	0.02108	0.01324	0.01756	0.00990	0.00559	0.00769	0.00221	0.01103	0.00762	0.00330	0.00892
56	0.00800	0.00661	0.00703	0.00706	0.00907	0.00563	0.00524	0.00983	0.01532	0.01888	0.15314	0.11143	0.58698	0.01652	0.00782	0.00223	0.00334	0.01397	0.00627	0.00563
57	0.00841	0.00657	0.00763	0.00762	0.00935	0.00579	0.00562	0.01058	0.01613	0.02105	0.32116	0.14644	0.37830	0.01591	0.00785	0.00222	0.00331	0.01372	0.00656	0.00579
58	0.01610	0.52024	0.27369	0.01383	0.02086	0.02237	0.01573	0.02010	0.01356	0.01732	0.01006	0.01170	0.00841	0.00584	0.00492	0.00164	0.00796	0.00398	0.00280	0.00889

[dist]
# distance from previous block
# <min> <max>
0	13

[block]
# block no. 5 follows, 33 sequences, length 49
# corresponding to MSA columns:
# 294-342
name=unknown_F
#
# <colnr> <probs for GDERKNQSTAVLIFYWHMCP>
#	G	D	E	R	K	N	Q	S	T	A	V	L	I	F	Y	W	H	M	C	P
0	0.01789	0.47468	0.07200	0.01441	0.05935	0.10009	0.01269	0.04968	0.07299	0.01849	0.01252	0.01552	0.01098	0.00675	0.00519	0.00168	0.00758	0.03526	0.00353	0.00872
1	0.02145	0.27205	0.02345	0.01460	0.01872	0.41517	0.01197	0.06994	0.01730	0.01760	0.01066	0.01253	0.00912	0.00896	0.04828	0.00214	0.01031	0.00428	0.00343	0.00804
2	0.01017	0.00672	0.00801	0.00812	0.00858	0.00668	0.00514	0.04104	0.01160	0.01565	0.04402	0.19674	0.04370	0.42496	0.02374	0.09587	0.00552	0.01104	0.02804	0.00465
3	0.01677	0.11108	0.14156	0.01963	0.08639	0.03262	0.18009	0.07405	0.13668	0.05523	0.03740	0.01906	0.02888	0.00707	0.00655	0.00201	0.00802	0.00646	0.00440	0.02605
4	0.00940	0.00718	0.00884	0.00963	0.01108	0.00693	0.00736	0.01271	0.07238	0.01926	0.08457	0.31649	0.20282	0.01766	0.00825	0.00258	0.00435	0.18624	0.00622	0.00605
5	0.00940	0.00705	0.01058	0.01058	0.01176	0.00823	0.00823	0.01176	0.01058	0.01528	0.01763	0.02586	0.01646	0.04937	0.74255	0.01058	0.01763	0.00705	0.00353	0.00588
6	0.01783	0.04951	0.03830	0.10591	0.31822	0.13265	0.03531	0.06071	0.01628	0.05342	0.01366	0.01663	0.01082	0.00651	0.00616	0.00188	0.00802	0.00560	0.09350	0.00909
7	0.03346	0.35188	0.20334	0.01692	0.05263	0.03584	0.12123	0.02088	0.03263	0.03904	0.01286	0.01467	0.02552	0.00623	0.00561	0.00180	0.00825	0.00505	0.00327	0.00893
8	0.01361	0.09170	0.22760	0.06217	0.09878	0.03544	0.12819	0.01807	0.01443	0.01980	0.10207	0.04402	0.01822	0.08679	0.00943	0.00249	0.00815	0.00713	0.00373	0.00817
9	0.00845	0.00666	0.00728	0.00723	0.00894	0.00588	0.00524	0.01017	0.01484	0.01871	0.18687	0.05762	0.46165	0.13792	0.01198	0.00289	0.00386	0.03237	0.00599	0.00545
10	0.00802	0.00573	0.00764	0.00917	0.00955	0.00535	0.00611	0.00917	0.01260	0.01681	0.03628	0.76434	0.04354	0.02062	0.00840	0.00267	0.00382	0.01872	0.00611	0.00535
11	0.01386	0.01201	0.01469	0.01218	0.07203	0.00932	0.00878	0.01686	0.01376	0.02146	0.01176	0.01386	0.00980	0.00495	0.00501	0.00105	0.00511	0.00406	0.00385	0.74560
12	0.06482	0.01438	0.01842	0.01670	0.07691	0.09496	0.13719	0.04080	0.13014	0.06449	0.14443	0.07691	0.07203	0.00967	0.00700	0.00212	0.00675	0.00866	0.00536	0.00828
13	0.00843	0.00650	0.00755	0.00785	0.00933	0.00581	0.00569	0.01022	0.01482	0.01905	0.19023	0.20816	0.35384	0.07653	0.01001	0.00266	0.00377	0.04782	0.00618	0.00555
14	0.00802	0.00573	0.00764	0.00917	0.00955	0.00535	0.00611	0.00917	0.01260	0.01681	0.03628	0.76434	0.04354	0.02062	0.00840	0.00267	0.00382	0.01872	0.00611	0.00535
15	0.01311	0.08456	0.62691	0.01747	0.02616	0.01527	0.02195	0.01984	0.01376	0.02015	0.01356	0.07314	0.01114	0.00735	0.00628	0.00208	0.00907	0.00587	0.00305	0.00929
16	0.01554	0.01776	0.03885	0.02775	0.03441	0.01665	0.70366	0.02109	0.01554	0.02109	0.01332	0.01776	0.00999	0.00555	0.00777	0.00222	0.01110	0.00777	0.00333	0.00888
17	0.00967	0.00689	0.00831	0.00813	0.01002	0.00614	0.00617	0.01203	0.01656	0.05556	0.34098	0.11158	0.31205	0.01530	0.00785	0.00223	0.00355	0.05417	0.00669	0.00612
18	0.00892	0.00704	0.00808	0.00776	0.00973	0.00637	0.00584	0.01206	0.04870	0.02242	0.38496	0.05468	0.37007	0.01476	0.00772	0.00215	0.00331	0.01263	0.00669	0.00610
19	0.01554	0.01776	0.03885	0.02775	0.03441	0.01665	0.70366	0.02109	0.01554	0.02109	0.01332	0.01776	0.00999	0.00555	0.00777	0.00222	0.01110	0.00777	0.00333	0.00888
20	0.01305	0.00689	0.00697	0.00669	0.00845	0.00701	0.00509	0.05772	0.01486	0.02558	0.02113	0.02401	0.01653	0.00768	0.00472	0.00156	0.00332	0.00612	0.75616	0.00645
21	0.01463	0.01512	0.01997	0.59214	0.08099	0.13256	0.01749	0.01855	0.01416	0.01698	0.01149	0.01656	0.00882	0.00657	0.00647	0.00210	0.00922	0.00559	0.00302	0.00755
22	0.01760	0.77260	0.03450	0.01126	0.01690	0.02605	0.01126	0.01971	0.01338	0.01549	0.00915	0.01056	0.00845	0.00563	0.00422	0.00141	0.00704	0.00352	0.00282	0.00845
23	0.01096	0.00786	0.01048	0.01136	0.06728	0.00752	0.00757	0.01439	0.05708	0.05854	0.38486	0.19625	0.07877	0.04629	0.00878	0.00239	0.00403	0.01234	0.00651	0.00673
24	0.00883	0.00663	0.00818	0.00796	0.00958	0.00598	0.00591	0.01143	0.01725	0.02350	0.50650	0.11182	0.22257	0.01484	0.00782	0.00216	0.00322	0.01296	0.00688	0.00598
