[name]
unknown

[dist]
# distance from previous block
# <min> <max>
0	10

[block]
# block no. 0 follows, 34 sequences, length 101
# corresponding to MSA columns:
# 10-110
name=unknown_A
#
# <colnr> <probs for GDERKNQSTAVLIFYWHMCP>
#	G	D	E	R	K	N	Q	S	T	A	V	L	I	F	Y	W	H	M	C	P
0	0.05389	0.03384	0.01385	0.01320	0.05547	0.01039	0.04907	0.11647	0.01645	0.02277	0.09003	0.25605	0.05127	0.01392	0.00749	0.00236	0.00546	0.15741	0.00559	0.02502
1	0.01480	0.01747	0.16691	0.03832	0.12154	0.01399	0.14147	0.03970	0.14967	0.05997	0.05962	0.02405	0.08774	0.00816	0.00718	0.00211	0.02637	0.00735	0.00457	0.00901
2	0.00794	0.00572	0.00741	0.00872	0.00919	0.00532	0.00580	0.00904	0.01236	0.01634	0.03682	0.67828	0.08935	0.06285	0.00961	0.00280	0.00386	0.01753	0.00588	0.00519
3	0.01055	0.06302	0.01129	0.01020	0.01121	0.03081	0.00751	0.01193	0.01239	0.03887	0.02804	0.51008	0.03219	0.03663	0.05555	0.00304	0.07972	0.01399	0.02708	0.00592
4	0.01488	0.01421	0.02404	0.19091	0.55968	0.01477	0.01888	0.01873	0.01433	0.02000	0.01398	0.01796	0.03649	0.00630	0.00646	0.00198	0.00771	0.00605	0.00323	0.00941
5	0.01518	0.16889	0.48143	0.01658	0.02442	0.06373	0.03770	0.04224	0.01467	0.03752	0.03309	0.01431	0.01012	0.00635	0.00585	0.00190	0.00886	0.00485	0.00317	0.00914
6	0.01617	0.01569	0.05096	0.03383	0.56175	0.01515	0.03983	0.08969	0.01613	0.02275	0.01413	0.06816	0.01248	0.00697	0.00656	0.00198	0.00752	0.00666	0.00371	0.00989
7	0.01414	0.01414	0.01979	0.01696	0.01696	0.01979	0.01414	0.01555	0.00990	0.01555	0.00848	0.01414	0.00848	0.01131	0.02120	0.00283	0.76110	0.00565	0.00283	0.00707
8	0.00782	0.00655	0.00680	0.00674	0.00884	0.00553	0.00505	0.00963	0.01516	0.01848	0.14558	0.06050	0.64923	0.01598	0.00763	0.00216	0.00325	0.01340	0.00613	0.00553
9	0.03763	0.03473	0.10653	0.21814	0.21569	0.03487	0.05870	0.06249	0.01544	0.11513	0.01362	0.01645	0.01012	0.00655	0.00671	0.00203	0.02646	0.00569	0.00390	0.00912
10	0.00924	0.00690	0.01027	0.01027	0.01138	0.00801	0.00793	0.01146	0.01035	0.01491	0.01741	0.02597	0.01641	0.07377	0.72236	0.01024	0.01692	0.00701	0.00348	0.00570
11	0.00792	0.00656	0.00694	0.00684	0.00890	0.00557	0.00513	0.00982	0.01539	0.01904	0.18966	0.05958	0.60481	0.01577	0.00763	0.00215	0.00323	0.01327	0.00621	0.00557
12	0.03909	0.06571	0.27335	0.02266	0.18590	0.01512	0.12283	0.03978	0.01525	0.13800	0.01409	0.01588	0.01022	0.00625	0.00631	0.00199	0.00833	0.00563	0.00391	0.00971
13	0.02404	0.01736	0.02021	0.01541	0.02062	0.01882	0.06038	0.58978	0.04711	0.09531	0.01644	0.01640	0.01155	0.00764	0.00655	0.00197	0.00719	0.00604	0.00637	0.01081
14	0.00787	0.00562	0.00750	0.00900	0.00937	0.00525	0.00600	0.00900	0.01237	0.01649	0.03561	0.76871	0.04274	0.02024	0.00825	0.00262	0.00375	0.01837	0.00600	0.00525
15	0.01775	0.72502	0.03278	0.01144	0.01682	0.07565	0.01116	0.01980	0.01349	0.01524	0.00905	0.01045	0.00829	0.00561	0.00426	0.00140	0.00724	0.00350	0.00280	0.00824
16	0.01824	0.03992	0.04362	0.04951	0.34105	0.03451	0.01561	0.14115	0.16066	0.06644	0.01617	0.01758	0.01239	0.00689	0.00636	0.00197	0.00710	0.00598	0.00468	0.01016
17	0.01546	0.01507	0.02586	0.09192	0.55690	0.01580	0.06695	0.01919	0.01411	0.02015	0.01179	0.01600	0.00990	0.00636	0.00802	0.00205	0.08590	0.00587	0.00314	0.00957
18	0.01513	0.01524	0.02697	0.07974	0.24221	0.01563	0.25491	0.02103	0.10034	0.02087	0.01378	0.01722	0.01093	0.00649	0.00803	0.00207	0.07446	0.00645	0.00362	0.06490
19	0.03862	0.34053	0.23593	0.01483	0.02077	0.06307	0.04090	0.04009	0.01390	0.03779	0.01054	0.01254	0.00859	0.00655	0.00695	0.00183	0.09044	0.00443	0.00310	0.00861
20	0.01851	0.46996	0.02737	0.01275	0.01740	0.10230	0.01147	0.10107	0.09437	0.01955	0.01174	0.01289	0.00989	0.00667	0.00605	0.00167	0.05961	0.00439	0.00368	0.00865
21	0.00887	0.00639	0.00875	0.00918	0.00983	0.00682	0.00648	0.01029	0.01073	0.01485	0.02337	0.24600	0.02565	0.21319	0.36142	0.00714	0.01072	0.01085	0.00431	0.00517
22	0.01296	0.03342	0.73944	0.01842	0.02797	0.01501	0.02387	0.02046	0.01364	0.02046	0.01160	0.01364	0.00818	0.00614	0.00614	0.00205	0.00955	0.00477	0.00273	0.00955
23	0.00958	0.00739	0.01087	0.01067	0.01168	0.00880	0.00828	0.01171	0.01030	0.01491	0.01685	0.02547	0.01600	0.08304	0.66026	0.00965	0.06838	0.00696	0.00344	0.00576
24	0.01122	0.00561	0.00842	0.00842	0.00842	0.00561	0.00561	0.00842	0.00842	0.01122	0.01122	0.01964	0.01122	0.02245	0.02525	0.81201	0.00561	0.00561	0.00281	0.00281
25	0.00792	0.00566	0.00754	0.00897	0.00938	0.00528	0.00600	0.00911	0.01258	0.01682	0.05984	0.74354	0.04337	0.02000	0.00823	0.00260	0.00372	0.01814	0.00604	0.00528
26	0.02039	0.01603	0.01704	0.01402	0.01845	0.01809	0.01127	0.37888	0.36936	0.03400	0.02081	0.01973	0.01528	0.00825	0.00652	0.00206	0.00613	0.00655	0.00652	0.01061
27	0.01296	0.03342	0.73944	0.01842	0.02797	0.01501	0.02387	0.02046	0.01364	0.02046	0.01160	0.01364	0.00818	0.00614	0.00614	0.00205	0.00955	0.00477	0.00273	0.00955
28	0.01414	0.01414	0.01979	0.01696	0.01696	0.01979	0.01414	0.01555	0.00990	0.01555	0.00848	0.01414	0.00848	0.01131	0.02120	0.00283	0.76110	0.00565	0.00283	0.00707
29	0.00787	0.00562	0.00750	0.00900	0.00937	0.00525	0.00600	0.00900	0.01237	0.01649	0.03561	0.76871	0.04274	0.02024	0.00825	0.00262	0.00375	0.01837	0.00600	0.00525
30	0.01220	0.01148	0.01938	0.75739	0.04450	0.01436	0.01794	0.01651	0.01292	0.01651	0.01148	0.01723	0.00861	0.00646	0.00646	0.00215	0.00861	0.00574	0.00287	0.00718
31	0.00786	0.00567	0.00745	0.00887	0.00934	0.00526	0.00594	0.00901	0.01249	0.01654	0.03714	0.73247	0.07799	0.02004	0.00822	0.00260	0.00372	0.01813	0.00600	0.00526
32	0.02414	0.03079	0.01831	0.01665	0.01998	0.74698	0.01248	0.02580	0.01831	0.01581	0.00999	0.01165	0.00832	0.00666	0.00583	0.00166	0.01165	0.00416	0.00333	0.00749
33	0.81856	0.01250	0.00950	0.00850	0.01250	0.01449	0.00700	0.01899	0.01100	0.02899	0.00900	0.01050	0.00700	0.00600	0.00400	0.00200	0.00500	0.00350	0.00400	0.00700
34	0.00881	0.00663	0.00818	0.00789	0.00958	0.00599	0.00598	0.01150	0.01722	0.02345	0.52774	0.05294	0.23185	0.01423	0.00768	0.00211	0.00323	0.04229	0.00678	0.00593
35	0.00923	0.00692	0.01038	0.01038	0.01154	0.00808	0.00808	0.01154	0.01038	0.01500	0.01731	0.02538	0.01615	0.04846	0.74732	0.01038	0.01731	0.00692	0.00346	0.00577
36	0.01122	0.00561	0.00842	0.00842	0.00842	0.00561	0.00561	0.00842	0.00842	0.01122	0.01122	0.01964	0.01122	0.02245	0.02525	0.81201	0.00561	0.00561	0.00281	0.00281
37	0.81856	0.01250	0.00950	0.00850	0.01250	0.01449	0.00700	0.01899	0.01100	0.02899	0.00900	0.01050	0.00700	0.00600	0.00400	0.00200	0.00500	0.00350	0.00400	0.00700
38	0.00786	0.00569	0.00743	0.00883	0.00933	0.00526	0.00592	0.00902	0.01253	0.01656	0.03768	0.71966	0.09045	0.01997	0.00820	0.00259	0.00372	0.01804	0.00600	0.00526
39	0.01648	0.01475	0.01480	0.01333	0.01696	0.05356	0.01034	0.03390	0.68490	0.02645	0.02546	0.02347	0.01914	0.00866	0.00654	0.00216	0.00545	0.00714	0.00641	0.01009
40	0.02824	0.01083	0.01475	0.01137	0.01623	0.00937	0.00937	0.03076	0.01849	0.71010	0.05220	0.02299	0.01770	0.00819	0.00654	0.00200	0.00541	0.00669	0.00796	0.01081
41	0.00787	0.00562	0.00750	0.00900	0.00937	0.00525	0.00600	0.00900	0.01237	0.01649	0.03561	0.76871	0.04274	0.02024	0.00825	0.00262	0.00375	0.01837	0.00600	0.00525
42	0.01249	0.00720	0.00781	0.00750	0.00915	0.00766	0.00573	0.03615	0.06265	0.02344	0.02036	0.02356	0.01622	0.01152	0.06725	0.02434	0.02517	0.00616	0.61929	0.00638
43	0.00887	0.00632	0.00764	0.00824	0.00956	0.00583	0.00614	0.01091	0.01442	0.01956	0.15176	0.28244	0.22302	0.01622	0.00762	0.00232	0.00372	0.10509	0.10470	0.00563
44	0.00823	0.00588	0.00791	0.00941	0.00994	0.00556	0.00662	0.00962	0.01272	0.01690	0.03541	0.67025	0.04195	0.01990	0.00834	0.00267	0.00406	0.11328	0.00599	0.00535
45	0.09683	0.57118	0.02882	0.04977	0.01803	0.11194	0.01118	0.01995	0.01354	0.01670	0.00924	0.01089	0.00818	0.00576	0.00446	0.00152	0.00739	0.00366	0.00296	0.00801
46	0.02621	0.01362	0.01690	0.06451	0.01973	0.01368	0.01110	0.27833	0.02244	0.43307	0.02088	0.01930	0.01366	0.00780	0.00648	0.00199	0.00630	0.00620	0.00708	0.01073
47	0.01436	0.01436	0.05838	0.02717	0.41649	0.01286	0.03507	0.04317	0.01506	0.02119	0.02062	0.02398	0.11584	0.00761	0.00644	0.00186	0.00672	0.02746	0.00388	0.12746
48	0.01651	0.52173	0.21573	0.01404	0.03873	0.06329	0.01469	0.02001	0.01360	0.01676	0.00980	0.01144	0.00832	0.00576	0.00482	0.00158	0.00788	0.00390	0.00280	0.00862
49	0.01798	0.01308	0.01476	0.01330	0.03663	0.01438	0.01014	0.07194	0.48819	0.13823	0.08716	0.02517	0.02199	0.00889	0.00664	0.00212	0.00518	0.00743	0.00674	0.01003
50	0.00929	0.00622	0.00708	0.00718	0.00721	0.00619	0.00406	0.00937	0.00960	0.01280	0.02142	0.09271	0.02483	0.72067	0.03118	0.00601	0.00609	0.01002	0.00406	0.00401
51	0.01958	0.27363	0.02396	0.01758	0.14228	0.22713	0.01250	0.02238	0.03380	0.08114	0.02696	0.01410	0.01081	0.00630	0.00541	0.00162	0.00800	0.00463	0.00373	0.06447
52	0.01444	0.01377	0.02343	0.33310	0.45128	0.01494	0.01906	0.01847	0.01398	0.01923	0.01188	0.01650	0.00957	0.00604	0.00642	0.00201	0.00806	0.00575	0.00306	0.00898
53	0.01668	0.31103	0.28331	0.01465	0.02123	0.07385	0.01578	0.07697	0.09161	0.02045	0.01239	0.01354	0.00971	0.00636	0.00543	0.00177	0.00803	0.00459	0.00350	0.00911
54	0.01518	0.28700	0.36189	0.01824	0.08223	0.01892	0.07411	0.03791	0.01412	0.01924	0.01096	0.01306	0.00859	0.00588	0.00560	0.00181	0.00853	0.00466	0.00292	0.00914
55	0.00863	0.00656	0.00796	0.00778	0.00945	0.00589	0.00584	0.01113	0.01674	0.02252	0.46009	0.09042	0.27364	0.01472	0.00770	0.00214	0.00324	0.03303	0.00666	0.00584
56	0.00782	0.00655	0.00680	0.00674	0.00884	0.00553	0.00505	0.00962	0.01516	0.01847	0.14533	0.06051	0.64949	0.01598	0.00763	0.00216	0.00325	0.01340	0.00613	0.00553
57	0.01814	0.13046	0.22398	0.02168	0.20975	0.03654	0.03358	0.08410	0.03747	0.12281	0.01411	0.01548	0.01048	0.00643	0.00604	0.00190	0.00784	0.00531	0.00408	0.00983
58	0.00940	0.00626	0.00705	0.00705	0.00705	0.00626	0.00392	0.00940	0.00940	0.01253	0.02036	0.04228	0.02349	0.77292	0.03289	0.00626	0.00626	0.00940	0.00392	0.00392
59	0.00914	0.00660	0.00864	0.00813	0.00965	0.00610	0.00610	0.01219	0.01829	0.02591	0.72921	0.04827	0.06097	0.01321	0.00762	0.00203	0.00305	0.01169	0.00711	0.00610
60	0.00997	0.02868	0.01222	0.05907	0.08380	0.00816	0.02729	0.01214	0.01339	0.01772	0.03109	0.42357	0.05457	0.01652	0.00797	0.00255	0.00521	0.17453	0.00536	0.00620
61	0.08359	0.01773	0.01934	0.06223	0.10103	0.06259	0.01308	0.49702	0.02535	0.03465	0.01406	0.01505	0.01029	0.00725	0.00623	0.00194	0.00738	0.00553	0.00550	0.01016
62	0.01204	0.00602	0.00602	0.00602	0.00753	0.00602	0.00452	0.01506	0.01355	0.02409	0.02108	0.02409	0.01656	0.00753	0.00452	0.00151	0.00301	0.00602	0.80879	0.00602
63	0.01063	0.00615	0.00906	0.03156	0.01008	0.00650	0.00637	0.00946	0.00909	0.01236	0.01350	0.02309	0.01346	0.10170	0.18778	0.52775	0.00840	0.00628	0.00306	0.00371
64	0.01589	0.58182	0.02760	0.01046	0.01502	0.04510	0.00990	0.01817	0.01413	0.01747	0.12189	0.01720	0.01703	0.00689	0.00477	0.00150	0.00621	0.00493	0.05624	0.00778
65	0.01738	0.20434	0.25262	0.03937	0.08440	0.01750	0.01603	0.10416	0.04829	0.09763	0.01415	0.03363	0.01097	0.00695	0.00620	0.00190	0.02565	0.00536	0.00405	0.00942
66	0.01860	0.01808	0.04885	0.14833	0.30484	0.12899	0.03675	0.13868	0.01781	0.05836	0.01295	0.01570	0.01000	0.00647	0.00636	0.00194	0.00841	0.00557	0.00394	0.00940
67	0.01685	0.01305	0.01463	0.05051	0.01752	0.03198	0.01036	0.11594	0.37943	0.08107	0.02195	0.02241	0.01675	0.01552	0.13978	0.00359	0.00788	0.00680	0.02472	0.00926
68	0.81856	0.01250	0.00950	0.00850	0.01250	0.01449	0.00700	0.01899	0.01100	0.02899	0.00900	0.01050	0.00700	0.00600	0.00400	0.00200	0.00500	0.00350	0.00400	0.00700
69	0.61625	0.01231	0.01087	0.00938	0.01354	0.01368	0.00769	0.02238	0.06167	0.16033	0.01326	0.01358	0.00955	0.00656	0.00464	0.00201	0.00510	0.00432	0.00492	0.00796
70	0.00940	0.00626	0.00705	0.00705	0.00705	0.00626	0.00392	0.00940	0.00940	0.01253	0.02036	0.04228	0.02349	0.77292	0.03289	0.00626	0.00626	0.00940	0.00392	0.00392
71	0.23301	0.01184	0.01386	0.01094	0.01569	0.01147	0.00903	0.07211	0.01732	0.50893	0.02058	0.01860	0.01334	0.00746	0.00585	0.00200	0.00547	0.00568	0.00686	0.00996
72	0.01985	0.01128	0.01406	0.01037	0.01580	0.00898	0.00842	0.02256	0.01551	0.31715	0.01728	0.01695	0.01223	0.00611	0.00549	0.00139	0.00508	0.00493	0.00555	0.48101
73	0.00936	0.00639	0.00770	0.00770	0.00792	0.00662	0.00472	0.00981	0.00959	0.01301	0.01977	0.03900	0.02207	0.63227	0.17159	0.00706	0.00841	0.00892	0.00383	0.00428
74	0.01355	0.01313	0.05833	0.01219	0.06074	0.00974	0.00958	0.01672	0.01340	0.02087	0.01145	0.01360	0.00950	0.00511	0.00543	0.00114	0.02672	0.00406	0.00369	0.69106
75	0.26840	0.06416	0.01743	0.44809	0.05243	0.01519	0.01406	0.01759	0.01238	0.02051	0.01054	0.01459	0.00813	0.00623	0.00552	0.00205	0.00732	0.00487	0.00323	0.00729
76	0.01414	0.01414	0.01979	0.01696	0.01696	0.01979	0.01414	0.01555	0.00990	0.01555	0.00848	0.01414	0.00848	0.01131	0.02120	0.00283	0.76110	0.00565	0.00283	0.00707
77	0.01699	0.72813	0.08006	0.01154	0.01733	0.02488	0.01190	0.01942	0.01316	0.01555	0.00915	0.01058	0.00828	0.00557	0.00428	0.00143	0.00708	0.00354	0.00276	0.00837
78	0.19390	0.01213	0.01435	0.01126	0.01607	0.01177	0.00930	0.10772	0.01830	0.50794	0.02088	0.01883	0.01353	0.00755	0.00597	0.00199	0.00558	0.00579	0.00698	0.01016
79	0.01414	0.01414	0.01979	0.01696	0.01696	0.01979	0.01414	0.01555	0.00990	0.01555	0.00848	0.01414	0.00848	0.01131	0.02120	0.00283	0.76110	0.00565	0.00283	0.00707
80	0.00829	0.00596	0.00791	0.00909	0.00978	0.00559	0.00641	0.00987	0.01349	0.01807	0.12967	0.57970	0.06743	0.01893	0.00821	0.00256	0.00386	0.08359	0.00614	0.00544
81	0.00952	0.00657	0.00882	0.00954	0.01027	0.00652	0.00672	0.01096	0.01323	0.05452	0.11593	0.59519	0.04129	0.01819	0.00893	0.00253	0.05335	0.01613	0.00603	0.00576
82	0.01923	0.01415	0.01546	0.01311	0.01728	0.01564	0.01041	0.15251	0.48123	0.12556	0.02381	0.02196	0.01735	0.00836	0.00649	0.00208	0.00551	0.00682	0.00666	0.03638
83	0.01607	0.01388	0.01461	0.01315	0.01680	0.01607	0.01023	0.03433	0.72094	0.02703	0.02630	0.02411	0.01972	0.00877	0.00657	0.00219	0.00511	0.00731	0.00657	0.01023
84	0.00787	0.00562	0.00750	0.00900	0.00937	0.00525	0.00600	0.00900	0.01237	0.01649	0.03561	0.76871	0.04274	0.02024	0.00825	0.00262	0.00375	0.01837	0.00600	0.00525
85	0.02456	0.01810	0.01939	0.01487	0.02004	0.02004	0.01228	0.71107	0.03038	0.04072	0.01551	0.01551	0.01099	0.00776	0.00646	0.00194	0.00711	0.00582	0.00646	0.01099
86	0.59676	0.01207	0.01104	0.00934	0.01362	0.01309	0.00770	0.02250	0.01310	0.22791	0.01363	0.01373	0.00952	0.00656	0.00470	0.00200	0.00514	0.00434	0.00512	0.00812
87	0.00805	0.00628	0.00731	0.00765	0.00913	0.00554	0.00551	0.00986	0.01483	0.01909	0.20784	0.27290	0.36930	0.01682	0.00782	0.00228	0.00337	0.01462	0.00625	0.00554
88	0.01525	0.01743	0.03813	0.02723	0.03377	0.01634	0.70915	0.02070	0.01525	0.02070	0.01307	0.01743	0.00980	0.00545	0.00763	0.00218	0.01089	0.00763	0.00327	0.00871
89	0.00784	0.00651	0.00686	0.00687	0.00888	0.00552	0.00511	0.00963	0.01506	0.01847	0.14757	0.09667	0.61043	0.01617	0.00767	0.00219	0.00327	0.01363	0.00614	0.00552
90	0.00787	0.00562	0.00750	0.00900	0.00937	0.00525	0.00600	0.00900	0.01237	0.01649	0.03561	0.76871	0.04274	0.02024	0.00825	0.00262	0.00375	0.01837	0.00600	0.00525
91	0.02585	0.01167	0.01627	0.01512	0.10798	0.01062	0.01077	0.06792	0.01849	0.56257	0.04222	0.04623	0.01705	0.00824	0.00657	0.00201	0.00575	0.00689	0.00720	0.01058
92	0.01374	0.01173	0.01247	0.01157	0.01472	0.01301	0.00905	0.02707	0.50715	0.02428	0.03570	0.03647	0.18041	0.01118	0.00700	0.00225	0.00477	0.06221	0.00640	0.00882
93	0.00919	0.00683	0.01007	0.01013	0.01119	0.00786	0.00775	0.01131	0.01040	0.01491	0.01819	0.05461	0.01760	0.09106	0.67621	0.00984	0.01613	0.00751	0.00359	0.00564
94	0.04830	0.61874	0.05096	0.01267	0.03896	0.10650	0.01170	0.02011	0.01370	0.01612	0.00927	0.01078	0.00830	0.00570	0.00446	0.00147	0.00747	0.00364	0.00289	0.00825
95	0.05733	0.01366	0.01640	0.01262	0.01764	0.01355	0.01042	0.28033	0.02257	0.45475	0.02120	0.01918	0.01382	0.00783	0.00639	0.00198	0.00607	0.00613	0.00728	0.01084
96	0.00783	0.00579	0.00733	0.00855	0.00926	0.00529	0.00580	0.00905	0.01280	0.01667	0.04101	0.64084	0.16712	0.01954	0.00814	0.00254	0.00366	0.01751	0.00600	0.00529
97	0.01722	0.54970	0.12547	0.01296	0.01848	0.08084	0.01311	0.03704	0.01383	0.01661	0.00954	0.01128	0.00836	0.00613	0.00572	0.00160	0.05692	0.00389	0.00290	0.00838
98	0.01540	0.03288	0.04044	0.09302	0.01761	0.03926	0.00996	0.12233	0.08305	0.10732	0.20382	0.05680	0.13018	0.01061	0.00690	0.00205	0.00547	0.00889	0.00598	0.00802
99	0.00802	0.00577	0.00763	0.00894	0.00949	0.00537	0.00610	0.00934	0.01291	0.01722	0.08176	0.67795	0.06647	0.01959	0.00821	0.00258	0.00375	0.03749	0.00607	0.00533
100	0.12931	0.01673	0.06931	0.03713	0.04630	0.03809	0.02885	0.23384	0.25684	0.02966	0.01804	0.03808	0.01383	0.00787	0.00619	0.00206	0.00652	0.00625	0.00547	0.00962

[dist]
# distance from previous block
# <min> <max>
1	10

[block]
# block no. 1 follows, 34 sequences, length 96
# corresponding to MSA columns:
# 121-216
name=unknown_B
#
# <colnr> <probs for GDERKNQSTAVLIFYWHMCP>
#	G	D	E	R	K	N	Q	S	T	A	V	L	I	F	Y	W	H	M	C	P
0	0.03778	0.22732	0.28355	0.03939	0.02274	0.03921	0.07406	0.05942	0.03247	0.03751	0.01412	0.03847	0.03094	0.00684	0.00578	0.00186	0.00801	0.00545	0.00351	0.03159
1	0.01397	0.03986	0.09793	0.17528	0.15837	0.01484	0.27434	0.01867	0.01441	0.01952	0.01558	0.02259	0.03135	0.00716	0.00702	0.00216	0.00895	0.06619	0.00341	0.00841
2	0.01142	0.01071	0.03801	0.08034	0.23457	0.01002	0.03363	0.01444	0.01474	0.02006	0.15991	0.14272	0.13807	0.03244	0.00793	0.00227	0.00568	0.03085	0.00485	0.00735
3	0.01538	0.20195	0.30314	0.01584	0.04380	0.01695	0.05074	0.04337	0.11481	0.05373	0.03184	0.03832	0.02847	0.00724	0.00596	0.00193	0.00759	0.00584	0.00395	0.00915
4	0.01577	0.01592	0.05047	0.14333	0.26040	0.01549	0.27152	0.06890	0.01575	0.03945	0.01351	0.03512	0.01075	0.00632	0.00690	0.00208	0.00887	0.00674	0.00358	0.00913
5	0.01103	0.00672	0.00712	0.00726	0.00885	0.00669	0.00534	0.01486	0.07608	0.02206	0.03040	0.16263	0.12217	0.01116	0.00581	0.00186	0.00337	0.00942	0.48101	0.00618
6	0.00934	0.00776	0.03148	0.00866	0.01053	0.00683	0.00678	0.01297	0.05358	0.02360	0.50634	0.09715	0.14158	0.01508	0.03726	0.00244	0.00401	0.01177	0.00658	0.00626
7	0.01885	0.02085	0.21002	0.04470	0.16036	0.07477	0.10098	0.08521	0.01672	0.15790	0.01464	0.01627	0.01055	0.00670	0.00694	0.00202	0.03285	0.00574	0.00428	0.00966
8	0.00940	0.00626	0.00705	0.00705	0.00705	0.00626	0.00392	0.00940	0.00940	0.01253	0.02036	0.04228	0.02349	0.77292	0.03289	0.00626	0.00626	0.00940	0.00392	0.00392
9	0.00799	0.00647	0.00704	0.00707	0.00891	0.00558	0.00520	0.00981	0.01505	0.01883	0.18742	0.12070	0.52312	0.03751	0.00840	0.00231	0.00336	0.01356	0.00615	0.00551
10	0.01281	0.01293	0.06736	0.24114	0.19123	0.01253	0.03633	0.03864	0.05335	0.02089	0.13541	0.09338	0.03871	0.00905	0.00685	0.00211	0.00679	0.00818	0.00433	0.00798
11	0.38397	0.01410	0.01380	0.01203	0.03977	0.01573	0.00937	0.25021	0.06850	0.06509	0.01399	0.01523	0.01055	0.02981	0.00608	0.00210	0.00580	0.00501	0.03013	0.00873
12	0.02414	0.03079	0.01831	0.01665	0.01998	0.74698	0.01248	0.02580	0.01831	0.01581	0.00999	0.01165	0.00832	0.00666	0.00583	0.00166	0.01165	0.00416	0.00333	0.00749
13	0.01525	0.01743	0.03813	0.02723	0.03377	0.01634	0.70915	0.02070	0.01525	0.02070	0.01307	0.01743	0.00980	0.00545	0.00763	0.00218	0.01089	0.00763	0.00327	0.00871
14	0.00883	0.00667	0.00947	0.01209	0.07718	0.00636	0.00763	0.01035	0.01278	0.01715	0.03331	0.64416	0.03927	0.01870	0.00813	0.00259	0.00429	0.06954	0.00573	0.00577
15	0.01633	0.06230	0.31364	0.01646	0.06137	0.01370	0.05503	0.06019	0.01529	0.11459	0.01357	0.01494	0.00990	0.00605	0.00587	0.00174	0.00757	0.00497	0.00395	0.20253
16	0.01727	0.77681	0.03386	0.01106	0.01658	0.02557	0.01106	0.01935	0.01313	0.01520	0.00898	0.01036	0.00829	0.00553	0.00415	0.00138	0.00691	0.00345	0.00276	0.00829
17	0.81856	0.01250	0.00950	0.00850	0.01250	0.01449	0.00700	0.01899	0.01100	0.02899	0.00900	0.01050	0.00700	0.00600	0.00400	0.00200	0.00500	0.00350	0.00400	0.00700
18	0.02456	0.01810	0.01939	0.01487	0.02004	0.02004	0.01228	0.71107	0.03038	0.04072	0.01551	0.01551	0.01099	0.00776	0.00646	0.00194	0.00711	0.00582	0.00646	0.01099
19	0.00940	0.00626	0.00705	0.00705	0.00705	0.00626	0.00392	0.00940	0.00940	0.01253	0.02036	0.04228	0.02349	0.77292	0.03289	0.00626	0.00626	0.00940	0.00392	0.00392
20	0.01525	0.01743	0.03813	0.02723	0.03377	0.01634	0.70915	0.02070	0.01525	0.02070	0.01307	0.01743	0.00980	0.00545	0.00763	0.00218	0.01089	0.00763	0.00327	0.00871
21	0.81856	0.01250	0.00950	0.00850	0.01250	0.01449	0.00700	0.01899	0.01100	0.02899	0.00900	0.01050	0.00700	0.00600	0.00400	0.00200	0.00500	0.00350	0.00400	0.00700
22	0.01727	0.77681	0.03386	0.01106	0.01658	0.02557	0.01106	0.01935	0.01313	0.01520	0.00898	0.01036	0.00829	0.00553	0.00415	0.00138	0.00691	0.00345	0.00276	0.00829
23	0.01364	0.01278	0.02153	0.57416	0.12372	0.01497	0.06704	0.06043	0.01438	0.01886	0.01193	0.01699	0.00904	0.00639	0.00654	0.00211	0.00857	0.00588	0.00316	0.00789
24	0.00940	0.00626	0.00705	0.00705	0.00705	0.00626	0.00392	0.00940	0.00940	0.01253	0.02036	0.04228	0.02349	0.77292	0.03289	0.00626	0.00626	0.00940	0.00392	0.00392
25	0.81856	0.01250	0.00950	0.00850	0.01250	0.01449	0.00700	0.01899	0.01100	0.02899	0.00900	0.01050	0.00700	0.00600	0.00400	0.00200	0.00500	0.00350	0.00400	0.00700
26	0.01296	0.03342	0.73944	0.01842	0.02797	0.01501	0.02387	0.02046	0.01364	0.02046	0.01160	0.01364	0.00818	0.00614	0.00614	0.00205	0.00955	0.00477	0.00273	0.00955
27	0.00888	0.00659	0.00827	0.00785	0.00949	0.00598	0.00589	0.01168	0.01767	0.02443	0.61324	0.05070	0.17786	0.01376	0.00762	0.00206	0.00309	0.01203	0.00692	0.00598
28	0.01727	0.77681	0.03386	0.01106	0.01658	0.02557	0.01106	0.01935	0.01313	0.01520	0.00898	0.01036	0.00829	0.00553	0.00415	0.00138	0.00691	0.00345	0.00276	0.00829
29	0.01694	0.01313	0.01414	0.01248	0.01620	0.01466	0.00977	0.05904	0.56253	0.09648	0.02921	0.02688	0.08106	0.00931	0.00666	0.00216	0.00507	0.00772	0.00666	0.00992
30	0.01220	0.01148	0.01938	0.75739	0.04450	0.01436	0.01794	0.01651	0.01292	0.01651	0.01148	0.01723	0.00861	0.00646	0.00646	0.00215	0.00861	0.00574	0.00287	0.00718
31	0.00940	0.00626	0.00705	0.00705	0.00705	0.00626	0.00392	0.00940	0.00940	0.01253	0.02036	0.04228	0.02349	0.77292	0.03289	0.00626	0.00626	0.00940	0.00392	0.00392
32	0.01133	0.00835	0.01005	0.00899	0.01114	0.00815	0.00691	0.11824	0.01975	0.02727	0.55067	0.04475	0.12385	0.01271	0.00745	0.00203	0.00369	0.01100	0.00690	0.00677
33	0.00923	0.00692	0.01038	0.01038	0.01154	0.00808	0.00808	0.01154	0.01038	0.01500	0.01731	0.02538	0.01615	0.04846	0.74732	0.01038	0.01731	0.00692	0.00346	0.00577
34	0.01915	0.01688	0.01538	0.01365	0.01739	0.15935	0.01059	0.03232	0.50124	0.10694	0.02299	0.02141	0.01705	0.00826	0.00642	0.00207	0.00645	0.00659	0.00610	0.00978
35	0.08495	0.01153	0.01487	0.01148	0.01642	0.01049	0.00949	0.07144	0.01867	0.64482	0.02372	0.02078	0.01505	0.00784	0.00632	0.00200	0.00556	0.00624	0.00762	0.01071
36	0.00786	0.00567	0.00745	0.00886	0.00934	0.00526	0.00594	0.00901	0.01250	0.01655	0.03725	0.72993	0.08045	0.02003	0.00821	0.00260	0.00372	0.01811	0.00600	0.00526
37	0.02481	0.01967	0.01890	0.01492	0.01977	0.13837	0.01212	0.55042	0.02756	0.08623	0.01532	0.01534	0.01091	0.00759	0.00636	0.00190	0.00774	0.00559	0.00606	0.01042
38	0.04563	0.01336	0.01520	0.01217	0.01655	0.01393	0.00989	0.26676	0.13321	0.27267	0.02112	0.02000	0.01465	0.00792	0.00618	0.00195	0.00568	0.00624	0.10674	0.01014
39	0.00787	0.00562	0.00750	0.00900	0.00937	0.00525	0.00600	0.00900	0.01237	0.01649	0.03561	0.76871	0.04274	0.02024	0.00825	0.00262	0.00375	0.01837	0.00600	0.00525
40	0.02395	0.01790	0.01988	0.01663	0.07078	0.01970	0.01282	0.66185	0.02926	0.03932	0.01527	0.01555	0.01093	0.00761	0.00646	0.00194	0.00715	0.00581	0.00623	0.01093
41	0.00765	0.00648	0.00661	0.00672	0.00877	0.00544	0.00499	0.00925	0.01456	0.01739	0.06333	0.11250	0.68105	0.01664	0.00768	0.00221	0.00331	0.01397	0.00600	0.00544
42	0.00787	0.00562	0.00750	0.00900	0.00937	0.00525	0.00600	0.00900	0.01237	0.01649	0.03561	0.76871	0.04274	0.02024	0.00825	0.00262	0.00375	0.01837	0.00600	0.00525
43	0.62691	0.01613	0.09473	0.01067	0.01501	0.05986	0.00972	0.01937	0.01168	0.02636	0.00932	0.01116	0.00731	0.00639	0.00543	0.00204	0.05303	0.00382	0.00374	0.00733
44	0.01438	0.01859	0.20857	0.24417	0.23130	0.01485	0.04064	0.04042	0.01426	0.04013	0.01287	0.03795	0.01028	0.00682	0.00702	0.00209	0.03756	0.00594	0.00329	0.00887
45	0.00787	0.00562	0.00750	0.00900	0.00937	0.00525	0.00600	0.00900	0.01237	0.01649	0.03561	0.76871	0.04274	0.02024	0.00825	0.00262	0.00375	0.01837	0.00600	0.00525
46	0.01724	0.01446	0.01527	0.01339	0.01725	0.01662	0.01051	0.12735	0.62602	0.02891	0.02482	0.02293	0.01852	0.00863	0.00656	0.00216	0.00539	0.00710	0.00656	0.01033
47	0.01584	0.08870	0.04701	0.03507	0.08457	0.03436	0.02888	0.03870	0.01456	0.07449	0.01247	0.01422	0.00992	0.00545	0.00526	0.00133	0.00605	0.00443	0.00395	0.47474
48	0.01457	0.11922	0.53336	0.01871	0.07391	0.06844	0.02085	0.02110	0.03602	0.01976	0.01167	0.01360	0.00871	0.00616	0.00591	0.00194	0.00912	0.00472	0.00293	0.00932
49	0.00875	0.00659	0.00809	0.00772	0.00941	0.00593	0.00579	0.01144	0.01737	0.02372	0.55719	0.05187	0.23435	0.01403	0.00762	0.00207	0.00311	0.01219	0.00682	0.00593
50	0.00914	0.00660	0.00864	0.00813	0.00965	0.00610	0.00610	0.01219	0.01829	0.02591	0.72921	0.04827	0.06097	0.01321	0.00762	0.00203	0.00305	0.01169	0.00711	0.00610
51	0.01695	0.58401	0.16536	0.01284	0.01896	0.07492	0.01357	0.02002	0.01359	0.01623	0.00955	0.01107	0.00827	0.00572	0.00464	0.00153	0.00774	0.00375	0.00280	0.00847
52	0.01405	0.01180	0.01367	0.00993	0.01549	0.00934	0.00794	0.06556	0.01458	0.02234	0.01240	0.03335	0.01054	0.00540	0.00500	0.00107	0.00492	0.00435	0.00407	0.73419
53	0.02899	0.01100	0.01499	0.01150	0.01649	0.00950	0.00950	0.03149	0.01849	0.73709	0.02549	0.02199	0.01599	0.00800	0.00650	0.00200	0.00550	0.00650	0.00800	0.01100
54	0.00910	0.00660	0.00857	0.00808	0.00962	0.00608	0.00606	0.01210	0.01818	0.02565	0.70904	0.04869	0.08129	0.01331	0.00762	0.00204	0.00306	0.01174	0.00708	0.00608
55	0.01714	0.21776	0.23174	0.06040	0.06218	0.10412	0.10519	0.06403	0.01551	0.04745	0.01173	0.01382	0.00905	0.00613	0.00585	0.00184	0.00883	0.00497	0.00335	0.00892
56	0.00954	0.00673	0.00838	0.00827	0.00856	0.00724	0.00535	0.01017	0.00966	0.01326	0.01913	0.03696	0.02107	0.56214	0.21118	0.00716	0.03830	0.00863	0.00376	0.00450
57	0.00786	0.00655	0.00685	0.00678	0.00886	0.00555	0.00508	0.00970	0.01525	0.01870	0.16347	0.06013	0.63120	0.01590	0.00763	0.00216	0.00324	0.01335	0.00616	0.00555
58	0.01115	0.00918	0.01511	0.01724	0.15229	0.00878	0.09037	0.01353	0.01373	0.04078	0.05593	0.44260	0.03222	0.01493	0.00778	0.00241	0.00549	0.05436	0.00525	0.00687
59	0.01373	0.01330	0.02332	0.45413	0.27177	0.01486	0.08030	0.01798	0.01372	0.01841	0.01185	0.01684	0.00926	0.00614	0.00654	0.00208	0.00851	0.00592	0.00302	0.00833
60	0.01204	0.00602	0.00602	0.00602	0.00753	0.00602	0.00452	0.01506	0.01355	0.02409	0.02108	0.02409	0.01656	0.00753	0.00452	0.00151	0.00301	0.00602	0.80879	0.00602
61	0.00939	0.00720	0.01091	0.06353	0.01380	0.00841	0.00870	0.01179	0.01064	0.01516	0.01760	0.05363	0.01665	0.04437	0.66590	0.00950	0.01616	0.00728	0.00352	0.00585
62	0.02414	0.03079	0.01831	0.01665	0.01998	0.74698	0.01248	0.02580	0.01831	0.01581	0.00999	0.01165	0.00832	0.00666	0.00583	0.00166	0.01165	0.00416	0.00333	0.00749
63	0.00940	0.00626	0.00705	0.00705	0.00705	0.00626	0.00392	0.00940	0.00940	0.01253	0.02036	0.04228	0.02349	0.77292	0.03289	0.00626	0.00626	0.00940	0.00392	0.00392
64	0.01727	0.77681	0.03386	0.01106	0.01658	0.02557	0.01106	0.01935	0.01313	0.01520	0.00898	0.01036	0.00829	0.00553	0.00415	0.00138	0.00691	0.00345	0.00276	0.00829
65	0.81856	0.01250	0.00950	0.00850	0.01250	0.01449	0.00700	0.01899	0.01100	0.02899	0.00900	0.01050	0.00700	0.00600	0.00400	0.00200	0.00500	0.00350	0.00400	0.00700
66	0.81856	0.01250	0.00950	0.00850	0.01250	0.01449	0.00700	0.01899	0.01100	0.02899	0.00900	0.01050	0.00700	0.00600	0.00400	0.00200	0.00500	0.00350	0.00400	0.00700
67	0.00938	0.00631	0.00728	0.00728	0.00737	0.00639	0.00421	0.00955	0.00947	0.01270	0.02014	0.04108	0.02297	0.72133	0.08376	0.00656	0.00705	0.00922	0.00388	0.00405
68	0.78618	0.01224	0.00936	0.00840	0.01230	0.01415	0.00690	0.01884	0.01110	0.02879	0.00948	0.01104	0.00738	0.00606	0.00402	0.00198	0.00492	0.00360	0.03631	0.00696
69	0.00846	0.00606	0.00796	0.00928	0.00984	0.00576	0.00636	0.02946	0.01299	0.01731	0.03498	0.71901	0.04159	0.01979	0.00822	0.00262	0.00393	0.04494	0.00601	0.00544
70	0.01544	0.01069	0.00990	0.00887	0.01121	0.07794	0.00685	0.14995	0.01704	0.02597	0.01884	0.02176	0.01488	0.02737	0.02748	0.00198	0.00511	0.00592	0.53575	0.00706
71	0.01299	0.01113	0.01291	0.00935	0.01484	0.00839	0.00746	0.01577	0.01349	0.02080	0.01533	0.01687	0.06087	0.00561	0.00499	0.00104	0.00468	0.00453	0.00398	0.75496
72	0.67582	0.01532	0.05601	0.00998	0.01433	0.06502	0.00868	0.05279	0.01259	0.02812	0.00954	0.01101	0.00735	0.00614	0.00438	0.00198	0.00584	0.00373	0.00399	0.00738
73	0.02884	0.01124	0.01514	0.01161	0.01662	0.00986	0.00959	0.05469	0.01890	0.71331	0.02515	0.02177	0.01582	0.00799	0.00650	0.00200	0.00555	0.00647	0.00794	0.01100
74	0.01296	0.03342	0.73944	0.01842	0.02797	0.01501	0.02387	0.02046	0.01364	0.02046	0.01160	0.01364	0.00818	0.00614	0.00614	0.00205	0.00955	0.00477	0.00273	0.00955
75	0.02456	0.01810	0.01939	0.01487	0.02004	0.02004	0.01228	0.71107	0.03038	0.04072	0.01551	0.01551	0.01099	0.00776	0.00646	0.00194	0.00711	0.00582	0.00646	0.01099
76	0.01414	0.01414	0.01979	0.01696	0.01696	0.01979	0.01414	0.01555	0.00990	0.01555	0.00848	0.01414	0.00848	0.01131	0.02120	0.00283	0.76110	0.00565	0.00283	0.00707
77	0.02828	0.01213	0.01570	0.01204	0.01706	0.01119	0.00994	0.14036	0.02040	0.62553	0.02389	0.02095	0.01519	0.00796	0.00649	0.00199	0.00576	0.00639	0.00775	0.01099
78	0.02855	0.01169	0.01543	0.01183	0.01684	0.01053	0.00977	0.09823	0.01966	0.66870	0.02451	0.02136	0.01550	0.00797	0.00649	0.00199	0.00566	0.00643	0.00785	0.01100
79	0.01386	0.01426	0.02960	0.02231	0.02720	0.01350	0.49825	0.01806	0.01457	0.01958	0.01743	0.02948	0.01578	0.00958	0.00944	0.07310	0.00937	0.15320	0.00380	0.00761
80	0.02380	0.01070	0.01379	0.01093	0.01510	0.00987	0.00889	0.10495	0.01952	0.48311	0.15390	0.02622	0.02375	0.00890	0.00658	0.00197	0.00508	0.00735	0.05578	0.00979
81	0.00922	0.00619	0.00710	0.00727	0.00732	0.00615	0.00416	0.00935	0.00974	0.01299	0.02212	0.12629	0.02572	0.68587	0.03004	0.00584	0.00597	0.01043	0.00416	0.00407
82	0.01549	0.01313	0.01391	0.01256	0.01600	0.01507	0.00975	0.03223	0.65032	0.02684	0.06833	0.02556	0.02208	0.00898	0.00655	0.00215	0.00491	0.00752	0.03882	0.00981
83	0.01314	0.00708	0.00719	0.00679	0.00862	0.00725	0.00520	0.07586	0.01502	0.02554	0.02059	0.02334	0.01607	0.00755	0.00469	0.00154	0.00337	0.00600	0.73870	0.00646
84	0.00789	0.00591	0.00733	0.00834	0.00923	0.00535	0.00574	0.00924	0.01328	0.01726	0.08191	0.55419	0.21308	0.01889	0.00806	0.00248	0.00359	0.01683	0.00606	0.00535
85	0.68094	0.01223	0.01046	0.00902	0.01319	0.01362	0.00743	0.02117	0.01230	0.15242	0.01187	0.01250	0.00857	0.00635	0.00443	0.00200	0.00509	0.00402	0.00470	0.00769
86	0.02751	0.01133	0.01495	0.01169	0.01653	0.01025	0.00958	0.03182	0.09907	0.65564	0.02558	0.02223	0.01642	0.00809	0.00651	0.00202	0.00545	0.00659	0.00783	0.01091
87	0.00787	0.00562	0.00750	0.00900	0.00937	0.00525	0.00600	0.00900	0.01237	0.01649	0.03561	0.76871	0.04274	0.02024	0.00825	0.00262	0.00375	0.01837	0.00600	0.00525
88	0.02709	0.01185	0.01666	0.01537	0.11174	0.01068	0.01098	0.05629	0.01845	0.61500	0.02333	0.02094	0.01504	0.00769	0.00648	0.00199	0.00585	0.00637	0.00730	0.01089
89	0.00788	0.00649	0.00693	0.00696	0.00891	0.00554	0.00516	0.00969	0.01509	0.01865	0.16241	0.11042	0.58119	0.01617	0.00768	0.00219	0.00327	0.01368	0.00617	0.00554
90	0.01385	0.00859	0.01077	0.00953	0.01201	0.00832	0.00737	0.03532	0.10977	0.14941	0.49904	0.03979	0.04663	0.01160	0.00726	0.00204	0.00384	0.01008	0.00718	0.00760
91	0.34530	0.04664	0.01523	0.01318	0.01684	0.42818	0.01022	0.02285	0.01519	0.02112	0.00956	0.01114	0.00779	0.00636	0.00503	0.00179	0.00881	0.00387	0.00358	0.00732
92	0.01462	0.01379	0.02313	0.34365	0.42096	0.01506	0.01882	0.03739	0.01438	0.01969	0.01196	0.01650	0.00957	0.00611	0.00643	0.00202	0.00806	0.00575	0.00315	0.00896
93	0.00792	0.00566	0.00754	0.00897	0.00938	0.00528	0.00600	0.00911	0.01257	0.01682	0.05930	0.74411	0.04336	0.02000	0.00823	0.00260	0.00372	0.01814	0.00604	0.00528
94	0.16830	0.44791	0.02608	0.01222	0.01695	0.14102	0.03005	0.03760	0.01397	0.01868	0.00941	0.01104	0.00817	0.00603	0.00508	0.00162	0.03088	0.00382	0.00320	0.00796
95	0.01574	0.17620	0.07883	0.05601	0.07999	0.01419	0.01179	0.04177	0.08783	0.11490	0.14092	0.07739	0.02373	0.00938	0.00640	0.00199	0.00599	0.04339	0.00514	0.00843

[dist]
# distance from previous block
# <min> <max>
0	1

[block]
# block no. 2 follows, 34 sequences, length 67
# corresponding to MSA columns:
# 218-284
name=unknown_C
#
# <colnr> <probs for GDERKNQSTAVLIFYWHMCP>
#	G	D	E	R	K	N	Q	S	T	A	V	L	I	F	Y	W	H	M	C	P
0	0.00792	0.00564	0.00748	0.00894	0.00930	0.00528	0.00593	0.00901	0.01228	0.01637	0.03514	0.74642	0.04214	0.04333	0.00900	0.00274	0.00383	0.01809	0.00593	0.00521
1	0.02028	0.01631	0.01696	0.01405	0.01841	0.03708	0.01125	0.35300	0.37714	0.03319	0.02079	0.01973	0.01531	0.00824	0.00650	0.00206	0.00623	0.00652	0.00644	0.01051
2	0.01768	0.14689	0.13267	0.01779	0.13639	0.05407	0.01413	0.10801	0.01621	0.07913	0.01255	0.01426	0.00981	0.00642	0.00659	0.00172	0.05461	0.00483	0.00395	0.16230
3	0.01850	0.24340	0.19766	0.05361	0.06535	0.03691	0.03217	0.12413	0.01668	0.11220	0.01310	0.01439	0.00982	0.00657	0.00614	0.00184	0.02919	0.00495	0.00403	0.00936
4	0.01508	0.01865	0.09180	0.02656	0.03332	0.01624	0.65670	0.02068	0.01513	0.02068	0.01296	0.01714	0.00968	0.00550	0.00751	0.00217	0.01079	0.00741	0.00323	0.00878
5	0.00915	0.00809	0.01198	0.01134	0.03473	0.00729	0.10336	0.01132	0.01423	0.01803	0.06477	0.25435	0.37244	0.01559	0.00781	0.00232	0.00468	0.03693	0.00556	0.00603
6	0.01501	0.13958	0.50729	0.01717	0.02512	0.09658	0.03915	0.02150	0.04506	0.01949	0.01173	0.01351	0.00877	0.00620	0.00588	0.00192	0.00924	0.00471	0.00298	0.00915
7	0.01580	0.14118	0.31152	0.01983	0.10053	0.10992	0.09781	0.02179	0.06660	0.01962	0.01283	0.01572	0.01015	0.00646	0.00609	0.00193	0.00896	0.02096	0.00328	0.00904
8	0.00954	0.00816	0.00839	0.00811	0.01056	0.00783	0.00614	0.01489	0.17319	0.01957	0.05565	0.07777	0.54706	0.01479	0.00742	0.00220	0.00370	0.01238	0.00613	0.00652
9	0.58911	0.01206	0.01109	0.00937	0.01366	0.01304	0.00772	0.02262	0.01317	0.23477	0.01379	0.01384	0.00961	0.00658	0.00472	0.00200	0.00514	0.00437	0.00516	0.00816
10	0.01108	0.00580	0.00845	0.00850	0.00876	0.00577	0.00588	0.00925	0.00966	0.01322	0.05908	0.02487	0.01621	0.02093	0.02223	0.67603	0.00535	0.04706	0.03853	0.00335
11	0.01122	0.00561	0.00842	0.00842	0.00842	0.00561	0.00561	0.00842	0.00842	0.01122	0.01122	0.01964	0.01122	0.02245	0.02525	0.81201	0.00561	0.00561	0.00281	0.00281
12	0.00787	0.00562	0.00750	0.00900	0.00937	0.00525	0.00600	0.00900	0.01237	0.01649	0.03561	0.76871	0.04274	0.02024	0.00825	0.00262	0.00375	0.01837	0.00600	0.00525
13	0.01399	0.00790	0.00810	0.00739	0.00947	0.00820	0.00572	0.12302	0.01616	0.02667	0.02021	0.02276	0.01570	0.00756	0.00482	0.00157	0.00365	0.00599	0.68434	0.00679
14	0.01296	0.03342	0.73944	0.01842	0.02797	0.01501	0.02387	0.02046	0.01364	0.02046	0.01160	0.01364	0.00818	0.00614	0.00614	0.00205	0.00955	0.00477	0.00273	0.00955
15	0.01220	0.01148	0.01938	0.75739	0.04450	0.01436	0.01794	0.01651	0.01292	0.01651	0.01148	0.01723	0.00861	0.00646	0.00646	0.00215	0.00861	0.00574	0.00287	0.00718
16	0.01525	0.01743	0.03813	0.02723	0.03377	0.01634	0.70915	0.02070	0.01525	0.02070	0.01307	0.01743	0.00980	0.00545	0.00763	0.00218	0.01089	0.00763	0.00327	0.00871
17	0.00855	0.00622	0.00806	0.00837	0.00948	0.00573	0.00598	0.01076	0.01576	0.02170	0.41665	0.32978	0.09660	0.01615	0.00787	0.00227	0.00334	0.01441	0.00661	0.00573
18	0.01483	0.01294	0.01384	0.01019	0.01572	0.06516	0.00810	0.01759	0.01397	0.04851	0.01191	0.01360	0.00972	0.00505	0.00493	0.00105	0.00534	0.00396	0.00395	0.71964
19	0.03995	0.07502	0.67508	0.01767	0.02680	0.01559	0.02258	0.02035	0.01352	0.02045	0.01136	0.01335	0.00815	0.00610	0.00595	0.00201	0.00925	0.00466	0.00277	0.00939
20	0.81856	0.01250	0.00950	0.00850	0.01250	0.01449	0.00700	0.01899	0.01100	0.02899	0.00900	0.01050	0.00700	0.00600	0.00400	0.00200	0.00500	0.00350	0.00400	0.00700
21	0.81856	0.01250	0.00950	0.00850	0.01250	0.01449	0.00700	0.01899	0.01100	0.02899	0.00900	0.01050	0.00700	0.00600	0.00400	0.00200	0.00500	0.00350	0.00400	0.00700
22	0.00799	0.00567	0.00746	0.00885	0.00919	0.00533	0.00584	0.00903	0.01214	0.01619	0.03445	0.71311	0.04126	0.07785	0.01013	0.00290	0.00394	0.01768	0.00584	0.00515
23	0.02414	0.03079	0.01831	0.01665	0.01998	0.74698	0.01248	0.02580	0.01831	0.01581	0.00999	0.01165	0.00832	0.00666	0.00583	0.00166	0.01165	0.00416	0.00333	0.00749
24	0.81856	0.01250	0.00950	0.00850	0.01250	0.01449	0.00700	0.01899	0.01100	0.02899	0.00900	0.01050	0.00700	0.00600	0.00400	0.00200	0.00500	0.00350	0.00400	0.00700
25	0.01220	0.01148	0.01938	0.75739	0.04450	0.01436	0.01794	0.01651	0.01292	0.01651	0.01148	0.01723	0.00861	0.00646	0.00646	0.00215	0.00861	0.00574	0.00287	0.00718
26	0.01340	0.01148	0.01340	0.00957	0.01531	0.00861	0.00766	0.01627	0.01340	0.02105	0.01148	0.01340	0.00957	0.00479	0.00479	0.00096	0.00479	0.00383	0.00383	0.81242
27	0.11210	0.01761	0.01778	0.01393	0.01876	0.05073	0.01143	0.58015	0.02712	0.03775	0.01474	0.01509	0.01062	0.00751	0.00609	0.00192	0.00693	0.00550	0.03401	0.01022
28	0.01599	0.01535	0.02623	0.03966	0.73262	0.01535	0.01983	0.01983	0.01471	0.02111	0.01215	0.01599	0.01023	0.00576	0.00640	0.00192	0.00768	0.00576	0.00320	0.01023
29	0.00859	0.00673	0.01005	0.01054	0.01134	0.00650	0.05586	0.01003	0.01249	0.01676	0.03315	0.69143	0.03931	0.01891	0.00862	0.00260	0.02862	0.01720	0.00570	0.00555
30	0.01340	0.01148	0.01340	0.00957	0.01531	0.00861	0.00766	0.01627	0.01340	0.02105	0.01148	0.01340	0.00957	0.00479	0.00479	0.00096	0.00479	0.00383	0.00383	0.81242
31	0.01727	0.77681	0.03386	0.01106	0.01658	0.02557	0.01106	0.01935	0.01313	0.01520	0.00898	0.01036	0.00829	0.00553	0.00415	0.00138	0.00691	0.00345	0.00276	0.00829
32	0.01066	0.00694	0.00912	0.00839	0.01018	0.00636	0.00636	0.01367	0.01831	0.08034	0.67535	0.04625	0.05752	0.01281	0.00753	0.00203	0.00324	0.01129	0.00718	0.00647
33	0.01204	0.00602	0.00602	0.00602	0.00753	0.00602	0.00452	0.01506	0.01355	0.02409	0.02108	0.02409	0.01656	0.00753	0.00452	0.00151	0.00301	0.00602	0.80879	0.00602
34	0.00923	0.00692	0.01038	0.01038	0.01154	0.00808	0.00808	0.01154	0.01038	0.01500	0.01731	0.02538	0.01615	0.04846	0.74732	0.01038	0.01731	0.00692	0.00346	0.00577
35	0.02456	0.01810	0.01939	0.01487	0.02004	0.02004	0.01228	0.71107	0.03038	0.04072	0.01551	0.01551	0.01099	0.00776	0.00646	0.00194	0.00711	0.00582	0.00646	0.01099
36	0.01122	0.00561	0.00842	0.00842	0.00842	0.00561	0.00561	0.00842	0.00842	0.01122	0.01122	0.01964	0.01122	0.02245	0.02525	0.81201	0.00561	0.00561	0.00281	0.00281
37	0.01122	0.00561	0.00842	0.00842	0.00842	0.00561	0.00561	0.00842	0.00842	0.01122	0.01122	0.01964	0.01122	0.02245	0.02525	0.81201	0.00561	0.00561	0.00281	0.00281
38	0.00914	0.00660	0.00864	0.00813	0.00965	0.00610	0.00610	0.01219	0.01829	0.02591	0.72921	0.04827	0.06097	0.01321	0.00762	0.00203	0.00305	0.01169	0.00711	0.00610
39	0.07045	0.00655	0.00803	0.00915	0.00995	0.00643	0.00628	0.03235	0.01284	0.01823	0.03293	0.68645	0.03898	0.01875	0.00786	0.00255	0.00395	0.01683	0.00586	0.00557
40	0.02515	0.01716	0.01881	0.01442	0.01957	0.01865	0.01191	0.62136	0.02881	0.13265	0.01683	0.01637	0.01165	0.00779	0.00647	0.00195	0.00690	0.00591	0.00667	0.01099
41	0.02285	0.01689	0.01816	0.01435	0.01918	0.01875	0.01172	0.53467	0.18295	0.06478	0.01829	0.01767	0.01312	0.00799	0.00649	0.00200	0.00660	0.00617	0.00655	0.01082
42	0.00787	0.00562	0.00750	0.00900	0.00937	0.00525	0.00600	0.00900	0.01237	0.01649	0.03561	0.76871	0.04274	0.02024	0.00825	0.00262	0.00375	0.01837	0.00600	0.00525
