[name]
unknown

[dist]
# distance from previous block
# <min> <max>
0	82

[block]
# block no. 0 follows, 34 sequences, length 8
# corresponding to MSA columns:
# 110-117
name=unknown_A
#
# <colnr> <probs for GDERKNQSTAVLIFYWHMCP>
#	G	D	E	R	K	N	Q	S	T	A	V	L	I	F	Y	W	H	M	C	P
0	0.17891	0.20496	0.08765	0.04834	0.01807	0.04170	0.05024	0.01807	0.03234	0.02034	0.01869	0.02491	0.07827	0.00840	0.00572	0.00194	0.00661	0.09426	0.00394	0.05663
1	0.01530	0.09138	0.01698	0.16788	0.03802	0.08730	0.01155	0.01780	0.01421	0.11082	0.07898	0.09109	0.06028	0.01274	0.06402	0.00273	0.09942	0.00765	0.00445	0.00741
2	0.61843	0.01545	0.01186	0.01032	0.01439	0.10446	0.00835	0.10990	0.01441	0.02891	0.00997	0.01129	0.00768	0.00631	0.00454	0.00195	0.00608	0.00388	0.00424	0.00758
3	0.01511	0.23853	0.16388	0.11422	0.02704	0.01846	0.20317	0.02138	0.10001	0.01929	0.01302	0.01546	0.01012	0.00614	0.00606	0.00192	0.00849	0.00560	0.00337	0.00873
4	0.00824	0.00638	0.00750	0.00761	0.00919	0.00565	0.00556	0.01029	0.01557	0.02036	0.30282	0.19722	0.34846	0.01598	0.00775	0.00221	0.00328	0.01386	0.00641	0.00565
5	0.01105	0.00917	0.09743	0.00951	0.01087	0.00686	0.00779	0.01044	0.01040	0.01435	0.10531	0.02411	0.01813	0.06816	0.02113	0.55540	0.00580	0.00655	0.00343	0.00413
6	0.00836	0.00647	0.00764	0.00775	0.00938	0.00575	0.00577	0.01050	0.01569	0.02052	0.30422	0.16425	0.34711	0.01586	0.00778	0.00223	0.00339	0.04524	0.00641	0.00568
7	0.01821	0.06707	0.01772	0.01476	0.06330	0.04035	0.01126	0.30882	0.09608	0.02802	0.01780	0.01967	0.03883	0.01500	0.13365	0.00340	0.05092	0.00623	0.03989	0.00903

[dist]
# distance from previous block
# <min> <max>
1	3

[block]
# block no. 1 follows, 34 sequences, length 8
# corresponding to MSA columns:
# 121-128
name=unknown_B
#
# <colnr> <probs for GDERKNQSTAVLIFYWHMCP>
#	G	D	E	R	K	N	Q	S	T	A	V	L	I	F	Y	W	H	M	C	P
0	0.01502	0.01478	0.02165	0.23077	0.24481	0.07863	0.07917	0.03662	0.05056	0.01958	0.01429	0.06656	0.01233	0.00756	0.00744	0.00209	0.05328	0.00670	0.02979	0.00836
1	0.01328	0.01278	0.08243	0.04442	0.01616	0.01169	0.01020	0.10395	0.21118	0.02501	0.16451	0.06979	0.13429	0.01121	0.00701	0.00215	0.00518	0.03945	0.02725	0.00806
2	0.00903	0.00652	0.00853	0.00821	0.00963	0.00602	0.00609	0.01190	0.01775	0.02505	0.66587	0.11406	0.05930	0.01385	0.00768	0.00209	0.00311	0.01230	0.00701	0.00602
3	0.01386	0.07342	0.51054	0.02145	0.12527	0.01604	0.06819	0.02005	0.01366	0.01998	0.01144	0.01406	0.00860	0.00629	0.00699	0.00204	0.05084	0.00507	0.00284	0.00938
4	0.01075	0.00565	0.00824	0.00841	0.00845	0.00561	0.00556	0.00853	0.00891	0.01187	0.01441	0.10331	0.01536	0.06312	0.02380	0.67901	0.00544	0.00722	0.00322	0.00314
5	0.01132	0.00841	0.01169	0.08531	0.05215	0.00885	0.02632	0.05994	0.01354	0.01881	0.10203	0.07764	0.06151	0.16869	0.13405	0.06777	0.00754	0.00864	0.06980	0.00599
6	0.01105	0.01021	0.03522	0.07975	0.01538	0.04856	0.03906	0.04475	0.01599	0.02055	0.22867	0.04313	0.26629	0.01334	0.00865	0.06048	0.00518	0.04204	0.00543	0.00627
7	0.31706	0.10649	0.19224	0.01373	0.05172	0.05042	0.01299	0.05219	0.01424	0.11686	0.01226	0.01328	0.00900	0.00634	0.00517	0.00192	0.00693	0.00443	0.00411	0.00864

[dist]
# distance from previous block
# <min> <max>
0	2

[block]
# block no. 2 follows, 34 sequences, length 10
# corresponding to MSA columns:
# 131-140
name=unknown_C
#
# <colnr> <probs for GDERKNQSTAVLIFYWHMCP>
#	G	D	E	R	K	N	Q	S	T	A	V	L	I	F	Y	W	H	M	C	P
0	0.23857	0.19033	0.04130	0.01357	0.01816	0.21125	0.06452	0.05055	0.04752	0.05345	0.01144	0.01274	0.00904	0.00632	0.00519	0.00179	0.00789	0.00442	0.00385	0.00811
1	0.01525	0.01657	0.08925	0.04941	0.15635	0.01579	0.20187	0.06514	0.14105	0.02281	0.06555	0.01972	0.01502	0.00751	0.00840	0.00216	0.08800	0.00686	0.00421	0.00907
2	0.01322	0.00844	0.00910	0.00848	0.01058	0.00881	0.00647	0.11367	0.07635	0.02525	0.05614	0.11033	0.05999	0.01117	0.02985	0.00210	0.00433	0.00820	0.43056	0.00696
3	0.00849	0.00655	0.00802	0.04221	0.01075	0.00609	0.00615	0.01033	0.01435	0.01865	0.19631	0.23690	0.28585	0.08388	0.01004	0.00265	0.00395	0.03739	0.00591	0.00550
4	0.01271	0.01200	0.02029	0.66206	0.13590	0.01449	0.01819	0.01695	0.01316	0.01712	0.01157	0.01706	0.00883	0.00637	0.00645	0.00212	0.00849	0.00574	0.00291	0.00758
5	0.01405	0.01339	0.02309	0.47005	0.20312	0.01510	0.09582	0.05260	0.01448	0.01927	0.01202	0.01687	0.00925	0.00625	0.00658	0.00209	0.00857	0.00596	0.00317	0.00826
6	0.00937	0.00636	0.00751	0.00751	0.00767	0.00652	0.00450	0.00970	0.00953	0.01287	0.01993	0.03993	0.02247	0.67184	0.13257	0.00684	0.00781	0.00905	0.00385	0.00417
7	0.01608	0.01781	0.13640	0.08573	0.10882	0.06858	0.07689	0.08528	0.11312	0.05860	0.08214	0.02155	0.03326	0.02707	0.00788	0.00217	0.03853	0.00672	0.00454	0.00883
8	0.00935	0.00645	0.00800	0.00800	0.00832	0.00678	0.00510	0.01001	0.00968	0.01323	0.01949	0.03748	0.02140	0.56689	0.23607	0.00744	0.00940	0.00869	0.00379	0.00444
9	0.08381	0.19528	0.06699	0.04515	0.04742	0.14526	0.04449	0.08155	0.06940	0.04678	0.01278	0.01459	0.01022	0.00882	0.04644	0.00225	0.02564	0.00491	0.00389	0.04432

[dist]
# distance from previous block
# <min> <max>
1	11

[block]
# block no. 3 follows, 34 sequences, length 13
# corresponding to MSA columns:
# 152-164
name=unknown_D
#
# <colnr> <probs for GDERKNQSTAVLIFYWHMCP>
#	G	D	E	R	K	N	Q	S	T	A	V	L	I	F	Y	W	H	M	C	P
0	0.01563	0.04664	0.03654	0.09011	0.18473	0.06401	0.03700	0.04140	0.04346	0.04590	0.01502	0.01725	0.04208	0.00647	0.00630	0.00166	0.02958	0.00541	0.00388	0.26693
1	0.00873	0.00659	0.00806	0.00769	0.00940	0.00592	0.00577	0.01138	0.01730	0.02357	0.54539	0.05212	0.24625	0.01408	0.00763	0.00207	0.00311	0.01223	0.00680	0.00592
2	0.00791	0.00634	0.00700	0.00728	0.00892	0.00550	0.00525	0.00953	0.01442	0.01801	0.12996	0.21809	0.48082	0.04071	0.00857	0.00239	0.00345	0.01435	0.00606	0.00543
3	0.01530	0.05597	0.06525	0.08946	0.29983	0.14453	0.01485	0.01822	0.01426	0.01802	0.01543	0.11965	0.01512	0.07610	0.00877	0.00236	0.00789	0.00733	0.00359	0.00809
4	0.02734	0.01153	0.01493	0.01154	0.01633	0.01054	0.00950	0.11232	0.01960	0.60630	0.02400	0.02135	0.01543	0.00794	0.00636	0.00196	0.00553	0.00638	0.06044	0.01067
5	0.74103	0.01428	0.01036	0.00929	0.01323	0.08599	0.00753	0.01966	0.01171	0.02770	0.00909	0.01061	0.00713	0.00606	0.00418	0.00197	0.00565	0.00356	0.00393	0.00705
6	0.00914	0.00631	0.00743	0.00752	0.00786	0.00631	0.00462	0.00966	0.01035	0.01382	0.04684	0.09724	0.07186	0.57084	0.09854	0.00599	0.00686	0.01019	0.00427	0.00437
7	0.01134	0.00883	0.01127	0.01228	0.09583	0.00858	0.00813	0.01626	0.11713	0.05180	0.34431	0.04358	0.22075	0.01231	0.00729	0.00208	0.00404	0.01066	0.00632	0.00720
8	0.01586	0.40564	0.02779	0.14062	0.09699	0.04400	0.04204	0.01911	0.03640	0.01669	0.01079	0.01374	0.00931	0.00792	0.03528	0.00209	0.05986	0.00469	0.00302	0.00818
9	0.00981	0.00612	0.00736	0.00736	0.00736	0.00612	0.00430	0.00918	0.00918	0.01223	0.01830	0.03719	0.02073	0.60415	0.03117	0.18747	0.00612	0.00855	0.00367	0.00367
10	0.01564	0.09717	0.57231	0.01676	0.02530	0.01517	0.02066	0.02194	0.01429	0.12245	0.01335	0.01454	0.00931	0.00635	0.00601	0.00198	0.00873	0.00490	0.00348	0.00964
11	0.01773	0.13299	0.05060	0.07023	0.23028	0.07278	0.01468	0.13996	0.14247	0.02371	0.01465	0.01639	0.01157	0.00782	0.02498	0.00211	0.00769	0.00556	0.00426	0.00952
12	0.04888	0.01332	0.04266	0.01155	0.01486	0.08943	0.00931	0.07372	0.13338	0.17163	0.14386	0.13890	0.02656	0.01056	0.00670	0.00207	0.00557	0.00883	0.03984	0.00835

[dist]
# distance from previous block
# <min> <max>
0	1

[block]
# block no. 4 follows, 34 sequences, length 20
# corresponding to MSA columns:
# 166-185
name=unknown_E
#
# <colnr> <probs for GDERKNQSTAVLIFYWHMCP>
#	G	D	E	R	K	N	Q	S	T	A	V	L	I	F	Y	W	H	M	C	P
0	0.11313	0.01676	0.02238	0.02062	0.14870	0.10195	0.17794	0.08740	0.05390	0.04357	0.01308	0.01528	0.01015	0.00607	0.00608	0.00182	0.00786	0.00553	0.00406	0.14371
1	0.05207	0.23470	0.09126	0.01648	0.07384	0.13960	0.05899	0.01885	0.01364	0.01744	0.01301	0.10267	0.01261	0.00841	0.00801	0.00197	0.11895	0.00625	0.00337	0.00785
2	0.01490	0.00945	0.00999	0.00890	0.01138	0.01016	0.00696	0.15772	0.10102	0.02729	0.02037	0.02243	0.01579	0.00999	0.04632	0.00217	0.00488	0.00618	0.50659	0.00751
3	0.00822	0.00581	0.00735	0.00844	0.00880	0.00550	0.00546	0.00910	0.01177	0.01560	0.03328	0.56829	0.06710	0.19696	0.01401	0.00346	0.00432	0.01606	0.00551	0.00494
4	0.01136	0.00696	0.00865	0.00804	0.00999	0.00632	0.00609	0.01404	0.01694	0.10139	0.43522	0.07692	0.15276	0.01276	0.00716	0.00202	0.00338	0.01105	0.10247	0.00648
5	0.00793	0.00656	0.00696	0.00686	0.00891	0.00558	0.00514	0.00985	0.01543	0.01912	0.19587	0.05945	0.59854	0.01574	0.00763	0.00215	0.00323	0.01325	0.00622	0.00558
6	0.00849	0.00651	0.00778	0.00761	0.00929	0.00579	0.00565	0.01087	0.01652	0.02207	0.43097	0.10772	0.30751	0.01491	0.00767	0.00213	0.00318	0.01291	0.00662	0.00579
7	0.00904	0.00661	0.00859	0.03793	0.01119	0.00647	0.00668	0.04697	0.01356	0.01806	0.06314	0.61603	0.06275	0.04921	0.00904	0.00268	0.00417	0.01641	0.00586	0.00562
8	0.01677	0.01888	0.14558	0.19203	0.14610	0.04822	0.08274	0.18325	0.01797	0.02431	0.01265	0.01556	0.00952	0.00642	0.00639	0.00196	0.00840	0.00560	0.00386	0.05378
9	0.01820	0.53229	0.06756	0.04221	0.04129	0.17089	0.01257	0.02062	0.01425	0.01584	0.00952	0.01124	0.00837	0.00583	0.00475	0.00152	0.00810	0.00383	0.00289	0.00821
10	0.01379	0.01017	0.01205	0.10773	0.01654	0.05028	0.00897	0.04569	0.08366	0.10279	0.09565	0.11897	0.08471	0.11242	0.08715	0.00355	0.00697	0.02657	0.00533	0.00702
11	0.11043	0.01018	0.01285	0.01032	0.01448	0.00924	0.00839	0.02565	0.01742	0.50102	0.14021	0.02744	0.06565	0.00913	0.00648	0.00202	0.00491	0.00745	0.00730	0.00943
12	0.01406	0.01443	0.02198	0.05763	0.02106	0.04948	0.14519	0.01652	0.01151	0.01652	0.01071	0.01625	0.00971	0.01448	0.10988	0.00358	0.45064	0.00613	0.00302	0.00724
13	0.00880	0.00655	0.00793	0.00761	0.00912	0.00596	0.00554	0.01114	0.01635	0.02224	0.48158	0.05097	0.22100	0.10447	0.01063	0.00257	0.00349	0.01189	0.00646	0.00568
14	0.00984	0.00783	0.01156	0.01121	0.01222	0.00954	0.00883	0.01204	0.01032	0.01507	0.01620	0.02398	0.01519	0.04381	0.65650	0.00944	0.11033	0.00676	0.00338	0.00593
15	0.01169	0.08409	0.01304	0.01065	0.01225	0.06597	0.00826	0.03265	0.01195	0.01569	0.01804	0.07641	0.01825	0.15370	0.38361	0.00692	0.03229	0.03473	0.00379	0.00600
16	0.00801	0.00587	0.00752	0.00857	0.00933	0.00539	0.00587	0.00945	0.01344	0.01785	0.12997	0.58434	0.13298	0.01883	0.00809	0.00249	0.00360	0.01689	0.00614	0.00539
17	0.02096	0.12528	0.02102	0.01725	0.11789	0.07984	0.01250	0.27527	0.13911	0.08432	0.01615	0.01642	0.01210	0.00719	0.00605	0.00186	0.00703	0.00559	0.00530	0.02888
18	0.05583	0.21303	0.03700	0.05071	0.13460	0.17117	0.03191	0.14875	0.02987	0.05183	0.01215	0.01375	0.00961	0.00644	0.00565	0.00176	0.00811	0.00484	0.00399	0.00900
19	0.61869	0.01657	0.05022	0.03559	0.01562	0.13412	0.00916	0.02010	0.01240	0.02596	0.00938	0.01108	0.00733	0.00613	0.00449	0.00195	0.00645	0.00375	0.00378	0.00722

[dist]
# distance from previous block
# <min> <max>
0	31

[block]
# block no. 5 follows, 34 sequences, length 30
# corresponding to MSA columns:
# 217-246
name=unknown_F
#
# <colnr> <probs for GDERKNQSTAVLIFYWHMCP>
#	G	D	E	R	K	N	Q	S	T	A	V	L	I	F	Y	W	H	M	C	P
0	0.06772	0.59484	0.06341	0.01199	0.01732	0.12071	0.01160	0.02024	0.01371	0.01639	0.00924	0.01070	0.00821	0.00574	0.00445	0.00149	0.00755	0.00361	0.00291	0.00816
1	0.02272	0.01706	0.01923	0.03701	0.02063	0.01862	0.03244	0.60433	0.02788	0.03747	0.01602	0.01826	0.01207	0.00799	0.00654	0.00196	0.00710	0.03835	0.00612	0.04821
2	0.01551	0.01307	0.01460	0.01352	0.04106	0.04109	0.01008	0.10552	0.29197	0.03977	0.05250	0.07127	0.05366	0.08996	0.01150	0.00266	0.11020	0.00809	0.00551	0.00843
3	0.01564	0.01252	0.01348	0.01184	0.01518	0.01381	0.00925	0.17080	0.36405	0.02806	0.10080	0.07452	0.10009	0.01050	0.00682	0.00213	0.00499	0.00877	0.02770	0.00903
4	0.00956	0.00671	0.00837	0.00798	0.00972	0.00605	0.00597	0.01216	0.01715	0.05310	0.51196	0.09439	0.20456	0.01411	0.00762	0.00210	0.00324	0.01231	0.00684	0.00611
5	0.01664	0.01250	0.01428	0.06005	0.11465	0.04748	0.01025	0.19177	0.07700	0.02722	0.01777	0.01981	0.01368	0.00734	0.00562	0.00178	0.00561	0.00594	0.34228	0.00834
6	0.00902	0.00614	0.00732	0.00768	0.00783	0.00610	0.00462	0.00940	0.01017	0.01361	0.02392	0.21800	0.02782	0.55548	0.06096	0.00558	0.00618	0.01146	0.00440	0.00433
7	0.01340	0.01148	0.01340	0.00957	0.01531	0.00861	0.00766	0.01627	0.01340	0.02105	0.01148	0.01340	0.00957	0.00479	0.00479	0.00096	0.00479	0.00383	0.00383	0.81242
8	0.00939	0.00629	0.00719	0.00719	0.00724	0.00634	0.00410	0.00949	0.00944	0.01264	0.02023	0.04155	0.02317	0.74158	0.06380	0.00644	0.00674	0.00929	0.00390	0.00400
9	0.01467	0.01397	0.04957	0.01259	0.01707	0.03709	0.04513	0.06848	0.10571	0.02221	0.01495	0.04895	0.01263	0.00812	0.02395	0.00182	0.08503	0.00565	0.03379	0.37862
10	0.00871	0.00710	0.00777	0.00751	0.00960	0.00642	0.00566	0.01199	0.06720	0.02074	0.26557	0.05516	0.47374	0.01485	0.00755	0.00214	0.00334	0.01258	0.00638	0.00600
11	0.11891	0.01592	0.06101	0.10039	0.04459	0.01620	0.01235	0.37093	0.02214	0.07437	0.01772	0.01852	0.05406	0.00775	0.00614	0.00198	0.00671	0.00598	0.03491	0.00942
12	0.07954	0.06410	0.02093	0.06840	0.25862	0.29154	0.01453	0.02300	0.04136	0.06153	0.01218	0.01434	0.00974	0.00639	0.00589	0.00183	0.00877	0.00495	0.00367	0.00870
13	0.02626	0.01061	0.01428	0.01114	0.01569	0.00934	0.00913	0.04735	0.01879	0.62482	0.11767	0.02527	0.02177	0.00868	0.00664	0.00200	0.00522	0.00716	0.00784	0.01035
14	0.01009	0.00711	0.00844	0.00814	0.00829	0.00775	0.00519	0.01053	0.00978	0.01377	0.01904	0.03740	0.02114	0.61181	0.05362	0.00569	0.08673	0.00867	0.06234	0.00447
15	0.01032	0.00600	0.00771	0.00775	0.00806	0.00592	0.00504	0.00940	0.00977	0.01322	0.01997	0.03298	0.07150	0.28842	0.02482	0.38676	0.00552	0.03015	0.05296	0.00370
16	0.00963	0.00727	0.01048	0.01031	0.01128	0.00854	0.00791	0.01166	0.01035	0.01505	0.01720	0.02643	0.01646	0.12074	0.60615	0.00923	0.06113	0.00708	0.02746	0.00566
17	0.01944	0.01385	0.01757	0.04667	0.09326	0.01425	0.03441	0.26261	0.04715	0.13405	0.02032	0.04262	0.06314	0.00823	0.00692	0.00191	0.03356	0.00671	0.02680	0.10654
18	0.01972	0.02248	0.02229	0.02019	0.08981	0.37024	0.14823	0.04784	0.03067	0.03328	0.01212	0.01505	0.00991	0.01008	0.06623	0.00259	0.06216	0.00548	0.00356	0.00808
19	0.81856	0.01250	0.00950	0.00850	0.01250	0.01449	0.00700	0.01899	0.01100	0.02899	0.00900	0.01050	0.00700	0.00600	0.00400	0.00200	0.00500	0.00350	0.00400	0.00700
20	0.00832	0.00634	0.00766	0.00783	0.00928	0.00567	0.00568	0.01041	0.01561	0.02072	0.33337	0.23636	0.27725	0.01604	0.00779	0.00223	0.00330	0.01403	0.00646	0.00567
21	0.00815	0.00642	0.00735	0.00743	0.00912	0.00562	0.00545	0.01015	0.01548	0.01997	0.27031	0.16838	0.41122	0.01598	0.00773	0.00220	0.00328	0.01376	0.00635	0.00562
22	0.00799	0.00567	0.00746	0.00885	0.00920	0.00532	0.00584	0.00903	0.01215	0.01620	0.03447	0.71452	0.04130	0.07639	0.01009	0.00290	0.00394	0.01770	0.00584	0.00515
23	0.01345	0.02997	0.58816	0.02032	0.02922	0.01529	0.17170	0.02051	0.01399	0.02051	0.01191	0.01446	0.00853	0.00599	0.00646	0.00207	0.00984	0.00539	0.00284	0.00937
24	0.01299	0.01123	0.01795	0.51733	0.09402	0.01317	0.01563	0.01781	0.05728	0.04856	0.09145	0.04379	0.01643	0.00775	0.00664	0.00213	0.00744	0.00690	0.00389	0.00760
25	0.01530	0.09820	0.07101	0.08387	0.19684	0.04646	0.14319	0.03983	0.03576	0.04997	0.04611	0.06821	0.06109	0.00795	0.00660	0.00200	0.00766	0.00735	0.00402	0.00858
26	0.01418	0.13098	0.05168	0.03784	0.01736	0.05862	0.06237	0.07303	0.12084	0.02156	0.10093	0.08775	0.08812	0.01173	0.02912	0.00234	0.00665	0.07209	0.00504	0.00776
27	0.05684	0.21272	0.02211	0.04496	0.01931	0.17205	0.08260	0.08563	0.05939	0.02071	0.03188	0.06283	0.01402	0.00777	0.00584	0.00182	0.00770	0.02843	0.03141	0.03199
28	0.07428	0.09679	0.08629	0.01359	0.04817	0.04799	0.04483	0.02199	0.10159	0.13835	0.02961	0.08427	0.01540	0.00785	0.00590	0.00182	0.00623	0.00649	0.02443	0.14413
29	0.01698	0.28331	0.02165	0.06983	0.04055	0.08912	0.01080	0.11264	0.04811	0.04453	0.05773	0.05418	0.01595	0.08029	0.02626	0.00239	0.00724	0.00621	0.00423	0.00799

[dist]
# distance from previous block
# <min> <max>
0	21

[block]
# block no. 6 follows, 34 sequences, length 25
# corresponding to MSA columns:
# 268-292
name=unknown_G
#
# <colnr> <probs for GDERKNQSTAVLIFYWHMCP>
#	G	D	E	R	K	N	Q	S	T	A	V	L	I	F	Y	W	H	M	C	P
0	0.06217	0.07882	0.03638	0.01226	0.04645	0.03348	0.04764	0.05034	0.04754	0.04842	0.10859	0.19883	0.13506	0.01429	0.04838	0.00259	0.00601	0.01038	0.00524	0.00714
1	0.01709	0.06410	0.11756	0.04359	0.19065	0.11149	0.13287	0.06989	0.06510	0.04055	0.01395	0.03878	0.01129	0.00683	0.00672	0.00196	0.02513	0.00606	0.00382	0.03258
2	0.01364	0.01357	0.01776	0.03302	0.01716	0.07598	0.04977	0.01562	0.01124	0.01595	0.01149	0.01752	0.01080	0.03628	0.19506	0.00450	0.40437	0.00594	0.00312	0.04721
3	0.01399	0.01341	0.02319	0.35760	0.36382	0.01462	0.05592	0.01803	0.01386	0.01888	0.01270	0.04203	0.01059	0.00654	0.00655	0.00206	0.00814	0.00628	0.00315	0.00862
4	0.00936	0.00641	0.00777	0.00777	0.00802	0.00666	0.00482	0.00986	0.00961	0.01306	0.01970	0.03861	0.02190	0.61565	0.18798	0.00716	0.00866	0.00886	0.00382	0.00432
5	0.00779	0.00655	0.00676	0.00671	0.00882	0.00552	0.00503	0.00957	0.01509	0.01833	0.13385	0.06075	0.66106	0.01604	0.00763	0.00217	0.00325	0.01344	0.00611	0.00552
6	0.01587	0.01311	0.01387	0.01241	0.01586	0.01498	0.00966	0.06840	0.59123	0.02747	0.05714	0.02473	0.02085	0.00881	0.00644	0.00211	0.00495	0.00731	0.07508	0.00972
7	0.00801	0.00584	0.00742	0.00862	0.00924	0.00540	0.00583	0.00918	0.01256	0.01644	0.03861	0.60587	0.13446	0.06937	0.00981	0.00281	0.00391	0.03554	0.00586	0.00521
8	0.02066	0.01675	0.01716	0.01416	0.01856	0.05118	0.01135	0.37068	0.34547	0.03333	0.02019	0.01927	0.01486	0.00817	0.00649	0.00204	0.00640	0.00642	0.00637	0.01048
9	0.01773	0.63340	0.03103	0.01215	0.01697	0.10079	0.01147	0.01970	0.01340	0.01530	0.00905	0.01082	0.00831	0.00614	0.00578	0.00154	0.07179	0.00372	0.00283	0.00810
10	0.01340	0.01148	0.01340	0.00957	0.01531	0.00861	0.00766	0.01627	0.01340	0.02105	0.01148	0.01340	0.00957	0.00479	0.00479	0.00096	0.00479	0.00383	0.00383	0.81242
11	0.00921	0.00664	0.00898	0.01030	0.01139	0.00641	0.00819	0.01139	0.01403	0.01839	0.06573	0.34402	0.07919	0.01851	0.00853	0.00275	0.00481	0.35984	0.00602	0.00565
12	0.06694	0.01471	0.01463	0.01241	0.01627	0.12716	0.00991	0.13222	0.08461	0.27457	0.04546	0.06693	0.01835	0.00923	0.00649	0.00204	0.00642	0.05147	0.03100	0.00916
13	0.01367	0.01112	0.01298	0.00996	0.01490	0.00908	0.00782	0.01797	0.08774	0.04675	0.01600	0.09197	0.01425	0.00690	0.00539	0.00129	0.00474	0.00577	0.00449	0.61720
14	0.00924	0.00620	0.00709	0.00725	0.00729	0.00616	0.00413	0.00935	0.00971	0.01294	0.02196	0.11853	0.02551	0.69392	0.03030	0.00588	0.00600	0.01034	0.00413	0.00406
15	0.81856	0.01250	0.00950	0.00850	0.01250	0.01449	0.00700	0.01899	0.01100	0.02899	0.00900	0.01050	0.00700	0.00600	0.00400	0.00200	0.00500	0.00350	0.00400	0.00700
16	0.01571	0.01228	0.01355	0.04311	0.01560	0.03587	0.00927	0.25313	0.10823	0.02567	0.03815	0.21893	0.02317	0.12630	0.01127	0.00282	0.02354	0.00991	0.00565	0.00785
17	0.00918	0.00648	0.00786	0.00818	0.00969	0.00578	0.00595	0.01100	0.01476	0.05493	0.18185	0.31436	0.28987	0.01678	0.00784	0.00233	0.00360	0.03744	0.00632	0.00580
18	0.03628	0.01544	0.09116	0.01430	0.01867	0.01427	0.09255	0.24926	0.10940	0.02892	0.16660	0.06354	0.02413	0.03649	0.00780	0.00222	0.00644	0.00806	0.00568	0.00881
19	0.00879	0.00621	0.00703	0.00729	0.00778	0.00593	0.00447	0.00930	0.01095	0.01418	0.03177	0.17386	0.16370	0.49406	0.02366	0.00483	0.00524	0.01180	0.00469	0.00445
20	0.02195	0.01459	0.01605	0.01267	0.01734	0.03742	0.01028	0.31286	0.10489	0.19885	0.04534	0.02134	0.05365	0.00823	0.00639	0.00188	0.00604	0.00651	0.00645	0.09725
21	0.02194	0.01941	0.01746	0.01446	0.01872	0.19516	0.01156	0.36705	0.10880	0.04527	0.04183	0.01944	0.01442	0.00816	0.00642	0.00192	0.00766	0.03673	0.00565	0.03795
22	0.01917	0.02009	0.05832	0.03259	0.07831	0.24141	0.07075	0.08190	0.11605	0.06836	0.01495	0.01671	0.01161	0.00936	0.04572	0.00238	0.05318	0.00566	0.02688	0.02660
23	0.04837	0.07811	0.03991	0.01666	0.02081	0.01375	0.26265	0.05362	0.01504	0.06234	0.07456	0.04471	0.05956	0.07557	0.02777	0.00270	0.04793	0.04386	0.00439	0.00768
24	0.05262	0.05612	0.02087	0.04589	0.21908	0.03250	0.04947	0.18473	0.01846	0.10461	0.01541	0.04106	0.01243	0.00721	0.00622	0.00187	0.00696	0.02582	0.00475	0.09393

[dist]
# distance from previous block
# <min> <max>
1	53

[block]
# block no. 7 follows, 34 sequences, length 12
# corresponding to MSA columns:
# 346-357
name=unknown_H
#
# <colnr> <probs for GDERKNQSTAVLIFYWHMCP>
#	G	D	E	R	K	N	Q	S	T	A	V	L	I	F	Y	W	H	M	C	P
0	0.01104	0.01041	0.06612	0.04875	0.01628	0.00843	0.09498	0.01365	0.01366	0.05618	0.03221	0.30544	0.15364	0.04069	0.00834	0.00240	0.00555	0.03621	0.00513	0.07089
1	0.03347	0.12136	0.02200	0.15561	0.07005	0.11992	0.10276	0.07141	0.01579	0.04356	0.05532	0.02022	0.06154	0.00902	0.03190	0.00225	0.04561	0.00633	0.00393	0.00796
2	0.07371	0.23073	0.02299	0.04496	0.04263	0.16138	0.05500	0.08001	0.07999	0.05881	0.01274	0.01414	0.01012	0.00665	0.00617	0.00177	0.04097	0.00485	0.00400	0.04838
3	0.01183	0.00912	0.01207	0.01113	0.01313	0.00922	0.05522	0.14194	0.01611	0.02145	0.05542	0.33708	0.10547	0.07093	0.07274	0.00333	0.00620	0.03546	0.00558	0.00659
4	0.01628	0.06266	0.13069	0.07171	0.12779	0.01618	0.14498	0.08175	0.19186	0.04666	0.01646	0.01803	0.01239	0.00682	0.00647	0.00203	0.00771	0.00624	0.02376	0.00951
5	0.00938	0.00682	0.00912	0.01028	0.01157	0.00657	0.00835	0.01176	0.01454	0.01900	0.09802	0.24074	0.11603	0.01788	0.00851	0.00272	0.00487	0.39205	0.00607	0.00574
6	0.00829	0.00611	0.00780	0.00864	0.00963	0.00562	0.00618	0.01004	0.01417	0.01883	0.18484	0.45297	0.15581	0.01798	0.00807	0.00246	0.00369	0.06712	0.00623	0.00551
7	0.01212	0.00959	0.01255	0.01186	0.01314	0.01118	0.00920	0.05784	0.07867	0.04147	0.07997	0.25793	0.02693	0.02017	0.13592	0.00384	0.17711	0.02861	0.00509	0.00683
8	0.00956	0.00665	0.00753	0.00760	0.00793	0.00671	0.00455	0.01082	0.05195	0.01399	0.02394	0.12078	0.05000	0.61966	0.02778	0.00549	0.00582	0.01039	0.00437	0.00449
9	0.01556	0.01142	0.01362	0.00984	0.01548	0.00874	0.00791	0.01838	0.01411	0.12044	0.01343	0.01459	0.01046	0.00523	0.00502	0.00110	0.00488	0.00420	0.00441	0.70118
10	0.03296	0.06379	0.22341	0.08649	0.13897	0.09255	0.05780	0.12430	0.01676	0.02284	0.01234	0.01478	0.00944	0.00632	0.00604	0.00188	0.00842	0.00519	0.03393	0.04177
11	0.04319	0.24500	0.12322	0.03163	0.04494	0.09406	0.02935	0.12458	0.06047	0.07760	0.01418	0.04121	0.01146	0.00801	0.02273	0.00201	0.00781	0.00538	0.00421	0.00896

[dist]
# distance from previous block
# <min> <max>
0	2

[block]
# block no. 8 follows, 34 sequences, length 32
# corresponding to MSA columns:
# 360-391
name=unknown_I
#
# <colnr> <probs for GDERKNQSTAVLIFYWHMCP>
#	G	D	E	R	K	N	Q	S	T	A	V	L	I	F	Y	W	H	M	C	P
0	0.04228	0.17780	0.11736	0.01707	0.10818	0.15678	0.01364	0.11062	0.08322	0.02216	0.04908	0.04630	0.01391	0.00744	0.00587	0.00184	0.00774	0.00573	0.00414	0.00881
1	0.01434	0.03906	0.01850	0.01659	0.07663	0.09255	0.10136	0.06101	0.01359	0.01788	0.01531	0.04631	0.01492	0.15028	0.13402	0.00427	0.14088	0.03177	0.00371	0.00702
2	0.16701	0.03890	0.01823	0.01845	0.14712	0.20502	0.01260	0.10386	0.01585	0.02242	0.01121	0.01393	0.00931	0.00867	0.03329	0.00228	0.12856	0.00490	0.03019	0.00817
3	0.00834	0.00686	0.00722	0.00709	0.00910	0.00607	0.00524	0.01080	0.04651	0.01869	0.15028	0.05724	0.55956	0.06724	0.00931	0.00244	0.00353	0.01280	0.00603	0.00565
4	0.06689	0.01319	0.01520	0.01244	0.01691	0.01376	0.01004	0.13278	0.27839	0.33347	0.02340	0.02118	0.01613	0.00813	0.00638	0.00206	0.00557	0.00653	0.00703	0.01049
5	0.01033	0.00684	0.00885	0.00831	0.01004	0.00623	0.00624	0.01310	0.01761	0.07447	0.58043	0.09961	0.10611	0.01359	0.00759	0.00208	0.00329	0.01195	0.00701	0.00633
6	0.00911	0.00601	0.00768	0.00858	0.00904	0.00568	0.00559	0.01000	0.01183	0.04410	0.03120	0.54799	0.03661	0.21769	0.01466	0.00356	0.00448	0.01554	0.00553	0.00513
7	0.00929	0.00693	0.00982	0.00988	0.01070	0.00787	0.00733	0.01103	0.01041	0.01474	0.01951	0.10828	0.02005	0.17227	0.51491	0.00854	0.04067	0.00855	0.00379	0.00543
8	0.01755	0.51918	0.08475	0.01423	0.01971	0.11917	0.08586	0.02031	0.01398	0.01627	0.00973	0.01164	0.00845	0.00589	0.00540	0.00160	0.03094	0.00415	0.00289	0.00829
9	0.01646	0.01788	0.13389	0.14996	0.15885	0.06473	0.05125	0.10081	0.06671	0.06326	0.07488	0.01916	0.01482	0.00737	0.00698	0.00204	0.03140	0.00625	0.00429	0.00901
10	0.01697	0.08108	0.03909	0.09623	0.01977	0.14173	0.01153	0.09914	0.14375	0.04544	0.04102	0.04326	0.05356	0.00955	0.02658	0.00218	0.05318	0.00652	0.02856	0.04085
11	0.01756	0.01776	0.11011	0.07246	0.12426	0.03835	0.07215	0.17299	0.18512	0.04975	0.03893	0.01874	0.01390	0.00748	0.00700	0.00207	0.03046	0.00633	0.00490	0.00968
12	0.01605	0.05369	0.09771	0.05423	0.14376	0.20141	0.12745	0.01926	0.01478	0.01800	0.01512	0.13468	0.01445	0.00889	0.00754	0.02168	0.03237	0.00745	0.00358	0.00791
13	0.03659	0.01473	0.06859	0.02018	0.14838	0.05421	0.17766	0.04098	0.04167	0.02185	0.15190	0.06132	0.02386	0.05271	0.00858	0.00236	0.00735	0.05459	0.00454	0.00794
14	0.00793	0.00585	0.00742	0.00852	0.00928	0.00534	0.00582	0.00928	0.01320	0.01734	0.09130	0.59740	0.15951	0.01908	0.00810	0.00251	0.00362	0.01709	0.00608	0.00534
15	0.03745	0.01473	0.01675	0.07642	0.01865	0.10180	0.03274	0.14861	0.01611	0.02148	0.04577	0.07789	0.06442	0.03904	0.03397	0.00268	0.23226	0.00745	0.00432	0.00748
16	0.00922	0.00626	0.00703	0.00708	0.00725	0.00617	0.00406	0.00937	0.00987	0.01301	0.02400	0.07038	0.07243	0.69357	0.03026	0.00585	0.00597	0.01002	0.00413	0.00407
17	0.00966	0.00743	0.01068	0.01045	0.01134	0.00879	0.00798	0.01156	0.01020	0.01469	0.01701	0.02689	0.01658	0.15012	0.58358	0.00916	0.07762	0.00717	0.00347	0.00561
18	0.01437	0.01226	0.01350	0.01223	0.01439	0.09344	0.00961	0.16156	0.01546	0.02050	0.01581	0.02176	0.01406	0.05502	0.45383	0.00716	0.04753	0.00640	0.00407	0.00707
19	0.01707	0.01251	0.01391	0.01200	0.01556	0.01362	0.00945	0.13146	0.37707	0.10427	0.16472	0.02872	0.05177	0.00968	0.00679	0.00210	0.00498	0.00809	0.00679	0.00944
20	0.01417	0.01640	0.10234	0.27965	0.19391	0.01527	0.19963	0.01986	0.05708	0.01971	0.01296	0.01704	0.00992	0.00614	0.00672	0.00210	0.00889	0.00623	0.00326	0.00871
21	0.00835	0.00635	0.00770	0.00796	0.00939	0.00570	0.00581	0.01042	0.01545	0.02044	0.30638	0.24503	0.27458	0.01625	0.00783	0.00227	0.00340	0.03462	0.00642	0.00566
22	0.00907	0.00668	0.00876	0.03293	0.01133	0.00664	0.00695	0.03872	0.03697	0.01786	0.03314	0.64840	0.03865	0.01971	0.03050	0.00281	0.00455	0.03473	0.00586	0.00574
23	0.07138	0.06840	0.04523	0.01497	0.01948	0.16225	0.05978	0.23737	0.18096	0.02739	0.01636	0.03971	0.01283	0.00769	0.00618	0.00195	0.00765	0.00601	0.00510	0.00930
24	0.04462	0.12902	0.04190	0.03881	0.01928	0.08956	0.05071	0.20546	0.12326	0.09319	0.01964	0.04388	0.05651	0.00815	0.00619	0.00194	0.00701	0.00647	0.00523	0.00918
25	0.01768	0.22342	0.02490	0.04279	0.20123	0.06461	0.05288	0.11055	0.04495	0.04554	0.01380	0.05593	0.01190	0.00715	0.00634	0.00183	0.03042	0.00586	0.00397	0.03425
26	0.02067	0.01924	0.05453	0.02016	0.12363	0.14055	0.12505	0.22500	0.04587	0.09154	0.01458	0.01592	0.01080	0.00672	0.00642	0.00189	0.00832	0.00577	0.00477	0.05858
27	0.04278	0.07163	0.08802	0.12357	0.06036	0.11493	0.06305	0.15167	0.12759	0.05000	0.01537	0.01785	0.01185	0.00724	0.00627	0.00199	0.00798	0.02425	0.00451	0.00907
28	0.01696	0.06543	0.03467	0.07620	0.04320	0.09173	0.03197	0.10659	0.11535	0.08748	0.04708	0.05109	0.07545	0.01053	0.03426	0.00232	0.03249	0.02768	0.00504	0.04449
29	0.12465	0.10257	0.08355	0.01465	0.07686	0.06395	0.03261	0.08363	0.08197	0.04274	0.06530	0.02132	0.08248	0.00798	0.00635	0.00189	0.02952	0.00622	0.00453	0.06721
30	0.08371	0.01461	0.03668	0.04565	0.01769	0.08205	0.03325	0.14700	0.08266	0.04489	0.02028	0.06766	0.06268	0.00868	0.00615	0.00187	0.00628	0.04035	0.03392	0.16394
31	0.03685	0.08307	0.07860	0.04117	0.07629	0.08557	0.03328	0.11194	0.09327	0.07081	0.04017	0.12612	0.01730	0.00906	0.00676	0.00200	0.02706	0.00746	0.00482	0.04839

[dist]
# distance from previous block
# <min> <max>
4	91

[block]
# block no. 9 follows, 34 sequences, length 20
# corresponding to MSA columns:
# 498-517
name=unknown_J
#
# <colnr> <probs for GDERKNQSTAVLIFYWHMCP>
#	G	D	E	R	K	N	Q	S	T	A	V	L	I	F	Y	W	H	M	C	P
0	0.11828	0.03677	0.09967	0.01384	0.01798	0.15098	0.01209	0.07552	0.20511	0.06889	0.04285	0.01981	0.01490	0.00821	0.00716	0.00207	0.06072	0.03147	0.00493	0.00876
1	0.24676	0.10532	0.08983	0.01225	0.01695	0.06423	0.05981	0.02045	0.06853	0.07675	0.01961	0.02019	0.10254	0.00771	0.00586	0.00192	0.02133	0.00585	0.00436	0.04975
2	0.01393	0.01216	0.01203	0.01164	0.04038	0.10391	0.00845	0.09553	0.07019	0.04762	0.03402	0.17398	0.22507	0.01522	0.05963	0.00267	0.00635	0.01036	0.00542	0.05140
3	0.02250	0.02103	0.01816	0.01591	0.04597	0.25597	0.01211	0.29882	0.16797	0.05257	0.01615	0.01626	0.01206	0.00754	0.00628	0.00190	0.00815	0.00560	0.00539	0.00966
4	0.04669	0.01676	0.01864	0.03899	0.24121	0.14447	0.01329	0.12801	0.10820	0.05173	0.01636	0.05737	0.01401	0.06603	0.00837	0.00229	0.00749	0.00656	0.00457	0.00896
5	0.01899	0.13788	0.01881	0.01347	0.01739	0.23067	0.01085	0.06458	0.20547	0.05316	0.01773	0.01800	0.04406	0.00769	0.00662	0.00182	0.04659	0.00556	0.00463	0.07602
6	0.00895	0.00710	0.01091	0.07309	0.01421	0.00698	0.06072	0.01069	0.01259	0.01674	0.03115	0.59261	0.03632	0.05133	0.00917	0.00272	0.00489	0.03877	0.00543	0.00564
7	0.01237	0.01155	0.01940	0.67052	0.09033	0.01408	0.01770	0.01658	0.01314	0.01697	0.01267	0.01994	0.01016	0.00698	0.00658	0.00218	0.00841	0.04007	0.00305	0.00733
8	0.01445	0.01360	0.02288	0.23415	0.48838	0.01438	0.01810	0.01812	0.01381	0.01919	0.01260	0.01834	0.01080	0.06450	0.00844	0.00231	0.00783	0.00603	0.00316	0.00891
9	0.01073	0.00865	0.01188	0.10896	0.01633	0.00859	0.05611	0.01428	0.06819	0.04721	0.09913	0.09622	0.28731	0.08925	0.00999	0.00264	0.00519	0.04751	0.00540	0.00641
10	0.02012	0.01498	0.01633	0.01322	0.01731	0.01626	0.01055	0.48927	0.07335	0.03374	0.01952	0.13811	0.01719	0.04419	0.00787	0.00222	0.00629	0.00801	0.00616	0.04531
11	0.05034	0.01177	0.01187	0.01086	0.01364	0.06674	0.00849	0.14897	0.07611	0.05885	0.03506	0.16288	0.22065	0.01316	0.00745	0.00223	0.02027	0.06732	0.00588	0.00745
12	0.07284	0.00919	0.01014	0.01047	0.01220	0.03798	0.00796	0.07123	0.06334	0.02069	0.03124	0.36762	0.07588	0.01710	0.03372	0.00276	0.00539	0.13809	0.00572	0.00645
13	0.02273	0.02547	0.01880	0.01787	0.07868	0.47868	0.01283	0.15295	0.09063	0.02198	0.01282	0.01397	0.01012	0.00700	0.00607	0.00179	0.00983	0.00491	0.00422	0.00864
14	0.01314	0.01281	0.01990	0.65880	0.10087	0.05249	0.01782	0.01727	0.01335	0.01686	0.01146	0.01683	0.00873	0.00641	0.00642	0.00211	0.00869	0.00566	0.00292	0.00745
15	0.01247	0.01176	0.01987	0.70638	0.09341	0.01443	0.01808	0.01674	0.01305	0.01684	0.01153	0.01714	0.00873	0.00641	0.00646	0.00214	0.00855	0.00574	0.00289	0.00739
16	0.01958	0.01533	0.01711	0.01385	0.01792	0.07611	0.05839	0.27947	0.14594	0.09522	0.16670	0.02426	0.02311	0.00884	0.00675	0.00200	0.00641	0.00735	0.00628	0.00938
17	0.01759	0.07611	0.01464	0.01135	0.01492	0.05278	0.00903	0.02569	0.27827	0.18950	0.07054	0.07936	0.11236	0.01022	0.00662	0.00207	0.00526	0.00845	0.00633	0.00890
18	0.02207	0.01643	0.01780	0.01394	0.01869	0.01785	0.01135	0.57891	0.05212	0.03681	0.01729	0.07876	0.01386	0.00863	0.00650	0.00194	0.00659	0.00678	0.00624	0.06744
19	0.03043	0.01193	0.01213	0.01099	0.01406	0.07511	0.00858	0.05762	0.19373	0.13743	0.07185	0.09748	0.18437	0.01187	0.00703	0.00217	0.00526	0.05357	0.00627	0.00809

[dist]
# distance from previous block
# <min> <max>
0	3

[block]
# block no. 10 follows, 34 sequences, length 7
# corresponding to MSA columns:
# 521-527
name=unknown_K
#
# <colnr> <probs for GDERKNQSTAVLIFYWHMCP>
#	G	D	E	R	K	N	Q	S	T	A	V	L	I	F	Y	W	H	M	C	P
0	0.07592	0.01384	0.01636	0.01514	0.08310	0.05075	0.02759	0.14276	0.07413	0.09474	0.06214	0.05539	0.03229	0.00953	0.02555	0.00217	0.08834	0.00668	0.00508	0.11850
1	0.05822	0.24556	0.13596	0.01355	0.01861	0.05565	0.01301	0.13282	0.06678	0.07478	0.04807	0.01579	0.01261	0.00736	0.00694	0.00188	0.07395	0.00518	0.00432	0.00894
2	0.04131	0.23361	0.10664	0.01396	0.01906	0.05521	0.09084	0.09775	0.03758	0.02140	0.04368	0.02377	0.07601	0.00821	0.00605	0.00187	0.00719	0.06220	0.00418	0.04949
3	0.01777	0.10849	0.03605	0.01408	0.04253	0.23395	0.01094	0.05639	0.11807	0.04323	0.05142	0.05270	0.01703	0.05838	0.00842	0.00219	0.03503	0.03898	0.02339	0.03100
4	0.01843	0.10564	0.07311	0.01662	0.04260	0.20500	0.11856	0.07719	0.04243	0.07902	0.01716	0.10746	0.01547	0.00876	0.00654	0.00200	0.00837	0.04291	0.00442	0.00833
5	0.05578	0.05441	0.07535	0.01342	0.01789	0.06754	0.04750	0.16477	0.05494	0.07481	0.01686	0.10348	0.01466	0.01055	0.04569	0.00233	0.03327	0.00681	0.00482	0.13509
6	0.01700	0.01676	0.04071	0.01527	0.05256	0.16416	0.06679	0.11290	0.09987	0.05046	0.10698	0.07257	0.07284	0.00946	0.00730	0.00201	0.03772	0.00781	0.00511	0.04173

[dist]
# distance from previous block
# <min> <max>
3	45

[block]
# block no. 11 follows, 34 sequences, length 22
# corresponding to MSA columns:
# 574-595
name=unknown_L
#
# <colnr> <probs for GDERKNQSTAVLIFYWHMCP>
#	G	D	E	R	K	N	Q	S	T	A	V	L	I	F	Y	W	H	M	C	P
0	0.01898	0.03428	0.01791	0.01437	0.01788	0.13099	0.06790	0.19553	0.06537	0.09525	0.07654	0.04212	0.04822	0.04195	0.00927	0.00226	0.08253	0.02481	0.00531	0.00853
1	0.01570	0.03496	0.07552	0.01720	0.11432	0.04461	0.05895	0.12487	0.17324	0.04134	0.06969	0.13294	0.04866	0.00988	0.00683	0.00211	0.00642	0.00862	0.00530	0.00884
2	0.03349	0.01432	0.01415	0.01205	0.01543	0.12909	0.00938	0.12719	0.01674	0.08243	0.01992	0.16360	0.04676	0.01125	0.03115	0.00216	0.06508	0.00790	0.00495	0.19298
3	0.03538	0.01299	0.01618	0.01510	0.09159	0.04874	0.05666	0.16116	0.01816	0.09034	0.07479	0.13468	0.07587	0.00982	0.00664	0.00193	0.00599	0.00849	0.00537	0.13011
4	0.06803	0.06170	0.04201	0.01635	0.07587	0.07790	0.09289	0.18172	0.03044	0.10915	0.05900	0.02091	0.03335	0.06783	0.00889	0.00231	0.03139	0.00650	0.00496	0.00878
5	0.02971	0.01424	0.01725	0.03364	0.04883	0.09621	0.11455	0.08507	0.15729	0.02248	0.04141	0.02764	0.11880	0.02873	0.06553	0.00278	0.00770	0.02426	0.03683	0.02705
6	0.01581	0.07724	0.12505	0.01274	0.01801	0.03231	0.02684	0.08677	0.08357	0.06848	0.01726	0.05907	0.03959	0.00756	0.00646	0.00170	0.03795	0.00599	0.00450	0.27311
7	0.01642	0.01617	0.01871	0.15347	0.20326	0.15284	0.01414	0.09124	0.06371	0.02147	0.07235	0.08442	0.01714	0.00855	0.00716	0.00204	0.03715	0.00714	0.00427	0.00835
8	0.01266	0.01238	0.02219	0.64792	0.04289	0.01465	0.12157	0.01714	0.01327	0.01714	0.01172	0.01726	0.00879	0.00631	0.00663	0.00216	0.00896	0.00602	0.00293	0.00741
9	0.02005	0.01675	0.01618	0.01366	0.01750	0.12163	0.01101	0.40320	0.04636	0.03061	0.02242	0.08371	0.06847	0.01040	0.00689	0.00210	0.00703	0.08713	0.00588	0.00902
10	0.01429	0.04214	0.01233	0.01064	0.01324	0.06785	0.00812	0.06184	0.09834	0.08632	0.06269	0.22397	0.07755	0.07247	0.00904	0.00246	0.00539	0.05389	0.00565	0.07178
11	0.08119	0.01718	0.01821	0.01399	0.01913	0.01875	0.01154	0.60710	0.02766	0.03835	0.01473	0.01499	0.01059	0.00740	0.00616	0.00187	0.00678	0.00550	0.00608	0.07283
12	0.02395	0.01571	0.12428	0.01324	0.01865	0.01270	0.01220	0.18899	0.01993	0.40700	0.02039	0.01948	0.01365	0.01091	0.06586	0.00266	0.00743	0.00611	0.00648	0.01036
13	0.01748	0.01551	0.01536	0.01334	0.01731	0.07343	0.01044	0.11141	0.52811	0.02727	0.02256	0.02126	0.01699	0.00816	0.00636	0.00202	0.00584	0.00660	0.00609	0.07445
14	0.00942	0.00681	0.00857	0.00933	0.01027	0.00661	0.00655	0.06464	0.01428	0.01904	0.08181	0.57071	0.07261	0.04797	0.00903	0.00267	0.00413	0.04377	0.00603	0.00574
15	0.01698	0.50750	0.08252	0.01156	0.01658	0.02029	0.01136	0.04491	0.01409	0.07427	0.01366	0.01926	0.01251	0.06720	0.00722	0.00202	0.00688	0.05936	0.00366	0.00817
16	0.07888	0.01452	0.01932	0.44375	0.11688	0.07214	0.01602	0.12382	0.01606	0.02167	0.01187	0.01586	0.00902	0.00655	0.00621	0.00204	0.00823	0.00546	0.00358	0.00813
17	0.01331	0.01228	0.01312	0.09967	0.01829	0.12438	0.01120	0.01726	0.06608	0.01903	0.02543	0.07694	0.02608	0.01316	0.00762	0.00244	0.00691	0.37043	0.00506	0.07131
18	0.21743	0.01447	0.01430	0.01199	0.01589	0.04325	0.00966	0.28931	0.11547	0.03113	0.07700	0.01999	0.03331	0.01135	0.06540	0.00267	0.00687	0.00616	0.00555	0.00879
19	0.11298	0.01832	0.01466	0.01310	0.01651	0.24975	0.01029	0.16943	0.08929	0.02438	0.02202	0.05656	0.09101	0.00972	0.00642	0.00204	0.00746	0.07300	0.00506	0.00800
20	0.12925	0.01939	0.01587	0.01355	0.01741	0.24623	0.01063	0.25759	0.04953	0.06250	0.01736	0.07536	0.04086	0.00855	0.00612	0.00194	0.00768	0.00637	0.00517	0.00865
21	0.05174	0.06733	0.01621	0.01312	0.01673	0.24903	0.01034	0.14797	0.13946	0.03880	0.02326	0.05032	0.11312	0.00927	0.00632	0.00195	0.00740	0.02425	0.00508	0.00830

[dist]
# distance from previous block
# <min> <max>
12	45

[block]
# block no. 12 follows, 34 sequences, length 7
# corresponding to MSA columns:
# 645-651
name=unknown_M
#
# <colnr> <probs for GDERKNQSTAVLIFYWHMCP>
#	G	D	E	R	K	N	Q	S	T	A	V	L	I	F	Y	W	H	M	C	P
0	0.10187	0.01501	0.02331	0.01751	0.02251	0.01523	0.26364	0.14622	0.06148	0.06560	0.01677	0.01861	0.04689	0.00715	0.00750	0.00201	0.05847	0.00652	0.00457	0.09912
1	0.01625	0.03656	0.06306	0.01635	0.02135	0.07678	0.19406	0.13847	0.09948	0.02381	0.02079	0.05515	0.08669	0.00808	0.00663	0.00193	0.00754	0.00731	0.00464	0.11508
2	0.01612	0.36264	0.26675	0.01511	0.02173	0.07425	0.05903	0.02153	0.07254	0.01833	0.01162	0.01314	0.00930	0.00608	0.00535	0.00174	0.00824	0.00453	0.00314	0.00884
3	0.01318	0.05055	0.06994	0.01445	0.05450	0.01138	0.08613	0.06194	0.05887	0.05071	0.05257	0.16490	0.02235	0.05590	0.12979	0.00372	0.00819	0.04838	0.00474	0.03781
4	0.01438	0.01244	0.01428	0.01231	0.01529	0.07192	0.06711	0.15242	0.07007	0.02342	0.08921	0.15139	0.11268	0.06724	0.00904	0.00243	0.00602	0.05254	0.00551	0.05030
5	0.05982	0.07464	0.04995	0.01342	0.01746	0.23350	0.01115	0.14294	0.01826	0.06749	0.06846	0.01883	0.05400	0.00797	0.00696	0.00182	0.05849	0.00571	0.00459	0.08456
6	0.01629	0.01592	0.02819	0.02230	0.06684	0.01669	0.36029	0.13907	0.05355	0.02334	0.01386	0.01758	0.01090	0.01040	0.07051	0.00289	0.11177	0.00686	0.00394	0.00881

[dist]
# distance from previous block
# <min> <max>
0	1

[block]
# block no. 13 follows, 34 sequences, length 19
# corresponding to MSA columns:
# 653-671
name=unknown_N
#
# <colnr> <probs for GDERKNQSTAVLIFYWHMCP>
#	G	D	E	R	K	N	Q	S	T	A	V	L	I	F	Y	W	H	M	C	P
0	0.02091	0.04752	0.04001	0.03939	0.07320	0.03062	0.01159	0.19606	0.12602	0.21063	0.02038	0.01985	0.04147	0.00766	0.00624	0.00189	0.00628	0.00615	0.00589	0.08826
1	0.01213	0.07533	0.01174	0.00919	0.01186	0.06298	0.00716	0.03035	0.11147	0.04125	0.16989	0.04328	0.32679	0.04855	0.00820	0.00223	0.00468	0.01029	0.00578	0.00681
2	0.01526	0.01162	0.01398	0.01218	0.01509	0.01220	0.04201	0.28136	0.05645	0.02700	0.05436	0.26818	0.08198	0.03596	0.00814	0.00238	0.00556	0.04230	0.00606	0.00792
3	0.02213	0.01680	0.01770	0.01496	0.04667	0.06382	0.01160	0.44519	0.12031	0.08714	0.01966	0.05081	0.03612	0.00857	0.00655	0.00200	0.00677	0.00675	0.00623	0.01021
4	0.01668	0.01563	0.02526	0.06147	0.65489	0.04243	0.01908	0.02040	0.01494	0.04905	0.01258	0.01611	0.01034	0.00590	0.00638	0.00192	0.00777	0.00573	0.00338	0.01006
5	0.01768	0.73306	0.03295	0.01138	0.01678	0.06787	0.01114	0.01973	0.01343	0.01524	0.00904	0.01044	0.00829	0.00559	0.00424	0.00140	0.00719	0.00350	0.00280	0.00824
6	0.08912	0.00743	0.00813	0.00782	0.00988	0.00708	0.00591	0.01256	0.04618	0.02261	0.34252	0.08180	0.30820	0.01383	0.00725	0.00212	0.00345	0.01174	0.00631	0.00608
7	0.01279	0.01028	0.01324	0.01220	0.03720	0.01064	0.04937	0.12065	0.12871	0.02461	0.21026	0.13662	0.11492	0.01535	0.07039	0.00286	0.00593	0.01044	0.00598	0.00755
8	0.00787	0.00562	0.00750	0.00900	0.00937	0.00525	0.00600	0.00900	0.01237	0.01649	0.03561	0.76871	0.04274	0.02024	0.00825	0.00262	0.00375	0.01837	0.00600	0.00525
