[name]
unknown

[dist]
# distance from previous block
# <min> <max>
0	31

[block]
# block no. 0 follows, 32 sequences, length 8
# corresponding to MSA columns:
# 31-38
name=unknown_A
#
# <colnr> <probs for GDERKNQSTAVLIFYWHMCP>
#	G	D	E	R	K	N	Q	S	T	A	V	L	I	F	Y	W	H	M	C	P
0	0.03134	0.00813	0.00898	0.02754	0.01126	0.00843	0.00670	0.04946	0.08287	0.02424	0.09356	0.08674	0.06766	0.05630	0.00788	0.00225	0.00421	0.04846	0.36723	0.00676
1	0.01082	0.04612	0.01244	0.01064	0.01214	0.00910	0.06561	0.01388	0.08580	0.01707	0.02802	0.27271	0.06263	0.30201	0.01788	0.00400	0.00582	0.01232	0.00505	0.00594
2	0.00995	0.00792	0.01025	0.01034	0.01173	0.00849	0.00794	0.01318	0.06258	0.01879	0.09989	0.19449	0.16443	0.02565	0.20473	0.00475	0.06407	0.06912	0.00542	0.00629
3	0.04636	0.07426	0.04045	0.06545	0.17593	0.07853	0.08882	0.03291	0.01460	0.02024	0.01300	0.01794	0.01130	0.07331	0.04403	0.00258	0.00834	0.00569	0.00360	0.18267
4	0.01466	0.05853	0.02117	0.14684	0.30948	0.04205	0.01534	0.01762	0.01410	0.01912	0.01683	0.07137	0.05382	0.00894	0.00846	0.04144	0.05257	0.00699	0.00363	0.07702
5	0.00886	0.00658	0.00800	0.00848	0.00974	0.00610	0.00614	0.01034	0.01393	0.01797	0.11325	0.23613	0.27775	0.09181	0.05426	0.04336	0.00501	0.07104	0.00582	0.00545
6	0.01105	0.05326	0.01126	0.01057	0.05132	0.00927	0.00683	0.01291	0.05401	0.01583	0.02729	0.06591	0.12219	0.41045	0.02275	0.03514	0.03460	0.03531	0.00450	0.00556
7	0.06350	0.04109	0.04068	0.14560	0.32761	0.05123	0.04947	0.01920	0.03506	0.02058	0.01692	0.08889	0.04058	0.00821	0.00699	0.00213	0.02230	0.00734	0.00378	0.00885

[dist]
# distance from previous block
# <min> <max>
12	52

[block]
# block no. 1 follows, 32 sequences, length 66
# corresponding to MSA columns:
# 91-156
name=unknown_B
#
# <colnr> <probs for GDERKNQSTAVLIFYWHMCP>
#	G	D	E	R	K	N	Q	S	T	A	V	L	I	F	Y	W	H	M	C	P
0	0.03638	0.07144	0.04509	0.06180	0.01814	0.07638	0.01050	0.05450	0.06848	0.05918	0.06672	0.11009	0.03469	0.00918	0.00692	0.00186	0.03730	0.00739	0.00484	0.21909
1	0.10200	0.06107	0.09351	0.01523	0.05323	0.11874	0.03868	0.10047	0.03499	0.02385	0.09999	0.05077	0.03761	0.01012	0.03124	0.00231	0.05841	0.00678	0.00456	0.05645
2	0.03154	0.07705	0.06540	0.05014	0.03859	0.09697	0.04359	0.06283	0.04254	0.05365	0.05643	0.09570	0.09351	0.01462	0.08933	0.00304	0.00811	0.00824	0.06091	0.00780
3	0.11841	0.08859	0.10921	0.13367	0.02363	0.09711	0.04259	0.07419	0.06982	0.04302	0.04310	0.01890	0.04480	0.00746	0.00609	0.00197	0.00765	0.00586	0.00430	0.05963
4	0.10774	0.32414	0.04326	0.03090	0.01792	0.14627	0.01126	0.02084	0.04621	0.01903	0.01213	0.04985	0.01096	0.00713	0.00587	0.00172	0.03929	0.00492	0.00360	0.09696
5	0.15328	0.22472	0.10317	0.04690	0.06449	0.06057	0.07318	0.06932	0.03488	0.05752	0.01219	0.01411	0.00959	0.00668	0.00638	0.00195	0.04335	0.00497	0.00385	0.00893
6	0.42964	0.01524	0.05829	0.05031	0.10403	0.01556	0.02930	0.11077	0.03588	0.04554	0.01304	0.04237	0.01050	0.00716	0.00546	0.00210	0.00641	0.00533	0.00449	0.00857
7	0.00976	0.00723	0.01003	0.00996	0.01077	0.00814	0.00729	0.01146	0.01099	0.01554	0.05284	0.06829	0.02207	0.23522	0.45019	0.00851	0.04354	0.00865	0.00401	0.00552
8	0.01573	0.03563	0.01373	0.01138	0.01450	0.01224	0.00908	0.20681	0.09505	0.05906	0.25386	0.08929	0.08822	0.01225	0.00743	0.00220	0.00507	0.05332	0.00678	0.00837
9	0.01969	0.01290	0.01478	0.01213	0.01592	0.01350	0.00980	0.30877	0.05681	0.12786	0.21880	0.03001	0.02873	0.01013	0.00702	0.00207	0.00552	0.03363	0.06254	0.00937
10	0.72546	0.01280	0.01049	0.00917	0.01343	0.01448	0.00755	0.02115	0.01228	0.10690	0.01123	0.01222	0.00830	0.00646	0.00444	0.00208	0.00525	0.00398	0.00461	0.00772
11	0.00997	0.00750	0.00933	0.00907	0.01073	0.00727	0.00671	0.01443	0.09232	0.02494	0.49670	0.16787	0.08826	0.01462	0.00791	0.00224	0.00353	0.01292	0.00707	0.00661
12	0.00959	0.00719	0.01078	0.01078	0.01198	0.00839	0.00839	0.01198	0.01078	0.01558	0.01797	0.02636	0.01677	0.05032	0.73760	0.01078	0.01797	0.00719	0.00359	0.00599
13	0.00959	0.00719	0.01078	0.01078	0.01198	0.00839	0.00839	0.01198	0.01078	0.01558	0.01797	0.02636	0.01677	0.05032	0.73760	0.01078	0.01797	0.00719	0.00359	0.00599
14	0.02445	0.01788	0.01926	0.01505	0.02019	0.01979	0.01234	0.57999	0.12634	0.06768	0.01810	0.01763	0.01289	0.00821	0.00673	0.00205	0.00703	0.00629	0.00679	0.01130
15	0.02454	0.09092	0.02049	0.01656	0.02046	0.58355	0.01281	0.11562	0.02024	0.01980	0.01105	0.01252	0.00901	0.00697	0.00599	0.00174	0.01107	0.00449	0.00384	0.00833
16	0.01166	0.00583	0.00874	0.00874	0.00874	0.00583	0.00583	0.00874	0.00874	0.01166	0.01166	0.02040	0.01166	0.02331	0.02622	0.80478	0.00583	0.00583	0.00291	0.00291
17	0.02551	0.01879	0.02014	0.01544	0.02081	0.02081	0.01275	0.69996	0.03155	0.04229	0.01611	0.01611	0.01141	0.00805	0.00671	0.00201	0.00738	0.00604	0.00671	0.01141
18	0.01441	0.01170	0.01378	0.00996	0.01571	0.00888	0.00796	0.01738	0.01434	0.05149	0.04145	0.01577	0.01240	0.00547	0.00516	0.00108	0.00493	0.00442	0.00430	0.73941
19	0.00959	0.00716	0.01065	0.01065	0.01180	0.00831	0.00822	0.01189	0.01074	0.01547	0.01810	0.02705	0.01708	0.07853	0.70980	0.01061	0.01752	0.00729	0.00361	0.00591
20	0.01806	0.05888	0.18085	0.02175	0.19621	0.07200	0.01657	0.16047	0.05606	0.02553	0.01357	0.01540	0.01049	0.00658	0.00621	0.00185	0.00800	0.00532	0.00418	0.12203
21	0.01651	0.01322	0.04854	0.01086	0.01689	0.00986	0.00920	0.04653	0.01533	0.11631	0.01403	0.01520	0.01081	0.00560	0.00534	0.00123	0.00540	0.00447	0.00461	0.63005
22	0.01246	0.01164	0.01954	0.71280	0.04447	0.01446	0.01804	0.01677	0.01339	0.01714	0.01312	0.05330	0.01064	0.00739	0.00680	0.00226	0.00870	0.00659	0.00314	0.00736
23	0.05245	0.03832	0.01358	0.01375	0.06141	0.16064	0.00959	0.04355	0.04278	0.01915	0.02392	0.25766	0.02583	0.09725	0.03191	0.00305	0.00720	0.08615	0.00497	0.00686
24	0.01426	0.01402	0.01960	0.01691	0.01696	0.01946	0.01398	0.01571	0.01028	0.01600	0.00970	0.01634	0.00977	0.04230	0.05538	0.00343	0.68965	0.00608	0.00301	0.00715
25	0.01044	0.00754	0.00969	0.01124	0.08480	0.00760	0.00618	0.01105	0.01051	0.01426	0.02054	0.06292	0.02309	0.61570	0.07257	0.00615	0.00727	0.00950	0.00403	0.00493
26	0.01363	0.01162	0.01361	0.00991	0.01559	0.00877	0.00786	0.01652	0.01386	0.02163	0.01318	0.05114	0.01166	0.00577	0.00515	0.00108	0.00492	0.00473	0.00409	0.76529
27	0.01551	0.01438	0.02009	0.09673	0.04799	0.01876	0.01464	0.04902	0.03505	0.03917	0.01090	0.01571	0.00968	0.01028	0.01727	0.00264	0.52511	0.00588	0.00347	0.04772
28	0.01803	0.64902	0.09764	0.01259	0.01855	0.07573	0.01281	0.02067	0.01406	0.01633	0.00965	0.01117	0.00860	0.00588	0.00462	0.00152	0.00777	0.00377	0.00291	0.00867
29	0.00816	0.00679	0.00715	0.00723	0.00933	0.00577	0.00543	0.01000	0.01548	0.01885	0.11785	0.09573	0.61390	0.01696	0.00800	0.00230	0.00349	0.03553	0.00632	0.00572
30	0.01962	0.46834	0.02808	0.01304	0.01812	0.23539	0.01154	0.02173	0.01526	0.01663	0.00992	0.01150	0.00876	0.00601	0.00489	0.00147	0.00840	0.00385	0.00316	0.09428
31	0.01030	0.00759	0.00886	0.00908	0.00994	0.00783	0.00601	0.01386	0.12052	0.01728	0.05066	0.25625	0.04812	0.35115	0.04882	0.00463	0.00581	0.01231	0.00529	0.00570
32	0.03906	0.15203	0.08520	0.10635	0.07037	0.04210	0.03632	0.21383	0.05484	0.05969	0.01508	0.01840	0.01191	0.00766	0.00676	0.00204	0.02896	0.03518	0.00468	0.00956
33	0.01568	0.01604	0.02776	0.23488	0.17698	0.05050	0.24861	0.05088	0.01557	0.02068	0.01343	0.04139	0.01096	0.00695	0.00777	0.00221	0.04046	0.00698	0.00349	0.00878
34	0.00883	0.00666	0.00817	0.00816	0.00971	0.00599	0.00598	0.01124	0.01688	0.02276	0.41947	0.18242	0.23734	0.01592	0.00804	0.00226	0.00336	0.01394	0.00686	0.00599
35	0.02141	0.01676	0.01783	0.01461	0.01925	0.01889	0.01176	0.39135	0.34683	0.03568	0.02131	0.02026	0.01563	0.00854	0.00677	0.00214	0.00642	0.00676	0.00677	0.01104
36	0.01512	0.01542	0.02049	0.01760	0.01775	0.05120	0.01461	0.01660	0.01065	0.01616	0.00887	0.01457	0.00880	0.01154	0.02134	0.00288	0.72027	0.00581	0.00296	0.00736
37	0.00907	0.00680	0.00841	0.00809	0.00978	0.00614	0.00603	0.01181	0.01787	0.02443	0.53702	0.08160	0.21870	0.01479	0.00794	0.00217	0.00325	0.01289	0.00707	0.00614
38	0.01026	0.00819	0.01085	0.01078	0.01197	0.03940	0.00823	0.01243	0.01105	0.01540	0.01791	0.02719	0.01705	0.10721	0.64843	0.01004	0.01678	0.00728	0.00363	0.00591
39	0.00959	0.00719	0.01078	0.01078	0.01198	0.00839	0.00839	0.01198	0.01078	0.01558	0.01797	0.02636	0.01677	0.05032	0.73760	0.01078	0.01797	0.00719	0.00359	0.00599
40	0.02882	0.01348	0.01685	0.01292	0.01816	0.01293	0.01067	0.21949	0.02266	0.53531	0.02357	0.02095	0.01515	0.00823	0.00674	0.00206	0.00618	0.00655	0.00786	0.01142
41	0.00976	0.00651	0.00732	0.00732	0.00732	0.00651	0.00407	0.00976	0.00976	0.01301	0.02114	0.04391	0.02439	0.76419	0.03415	0.00651	0.00651	0.00976	0.00407	0.00407
42	0.00965	0.00646	0.00735	0.00745	0.00748	0.00644	0.00421	0.00973	0.00996	0.01328	0.02219	0.09143	0.02572	0.71486	0.03245	0.00625	0.00633	0.01038	0.00421	0.00416
43	0.01062	0.00783	0.01085	0.04366	0.05946	0.00776	0.00823	0.01282	0.01519	0.05297	0.23384	0.34569	0.09744	0.01592	0.00867	0.00242	0.03992	0.01402	0.00617	0.00652
44	0.00914	0.00684	0.00848	0.00807	0.00981	0.00618	0.00605	0.01197	0.01815	0.02491	0.57092	0.05341	0.21243	0.01446	0.00792	0.00215	0.00322	0.01260	0.00712	0.00618
45	0.01943	0.61373	0.03177	0.01270	0.01796	0.17569	0.01179	0.02150	0.01476	0.01592	0.00955	0.01104	0.00862	0.00599	0.00467	0.00150	0.00821	0.00374	0.00299	0.00844
46	0.33866	0.01469	0.06626	0.01172	0.01707	0.01331	0.03693	0.07520	0.01546	0.16999	0.01424	0.01487	0.01024	0.00652	0.00536	0.00186	0.00601	0.00479	0.00503	0.17177
47	0.01747	0.14071	0.08252	0.10912	0.33011	0.03325	0.01726	0.02118	0.01504	0.09440	0.02994	0.01684	0.01168	0.00680	0.00705	0.00199	0.04554	0.00568	0.00377	0.00963
48	0.01900	0.01727	0.04381	0.01448	0.01883	0.06456	0.01177	0.17668	0.49323	0.03009	0.02322	0.02186	0.01731	0.00863	0.00673	0.00218	0.00637	0.00694	0.00643	0.01058
49	0.78119	0.01320	0.01026	0.00908	0.01328	0.01527	0.00748	0.04602	0.01220	0.03058	0.00960	0.01110	0.00743	0.00630	0.00425	0.00207	0.00528	0.00373	0.00425	0.00743
50	0.11035	0.04145	0.14270	0.04226	0.20364	0.06987	0.05148	0.03810	0.06198	0.15143	0.01548	0.01682	0.01136	0.00682	0.00630	0.00204	0.00788	0.00569	0.00453	0.00983
51	0.00913	0.00645	0.00753	0.00784	0.00929	0.00586	0.00566	0.01127	0.01531	0.02113	0.21269	0.25355	0.25032	0.01585	0.00758	0.00225	0.00344	0.01379	0.13519	0.00586
52	0.05683	0.01737	0.12325	0.04605	0.34701	0.01501	0.07784	0.02145	0.09789	0.02268	0.04540	0.02025	0.03337	0.00881	0.03594	0.00244	0.00818	0.00661	0.00397	0.00963
53	0.02199	0.01732	0.01770	0.01416	0.01880	0.06775	0.01140	0.47018	0.06882	0.03506	0.01804	0.08204	0.01473	0.00890	0.00662	0.00197	0.00694	0.00699	0.02974	0.08086
54	0.16359	0.01707	0.01686	0.01379	0.01838	0.05140	0.01115	0.39221	0.16287	0.03527	0.01755	0.04055	0.01342	0.00830	0.00631	0.00209	0.00668	0.00626	0.00611	0.01015
55	0.01794	0.76823	0.03516	0.01148	0.01722	0.02655	0.01148	0.02009	0.01363	0.01579	0.00933	0.01076	0.00861	0.00574	0.00431	0.00144	0.00718	0.00359	0.00287	0.00861
56	0.01856	0.02440	0.26436	0.02059	0.12667	0.08853	0.03712	0.21169	0.04645	0.02718	0.03050	0.01623	0.01151	0.00704	0.00652	0.00200	0.00864	0.00566	0.00437	0.04196
57	0.01154	0.00591	0.00886	0.00886	0.00893	0.00597	0.00597	0.00893	0.00886	0.01188	0.01202	0.02074	0.01195	0.02486	0.06700	0.75926	0.00652	0.00591	0.00295	0.00309
58	0.02607	0.01789	0.01958	0.01501	0.02036	0.01947	0.01240	0.61813	0.03003	0.12625	0.01738	0.01693	0.01205	0.00809	0.00672	0.00202	0.00718	0.00613	0.00691	0.01141
59	0.01794	0.76823	0.03516	0.01148	0.01722	0.02655	0.01148	0.02009	0.01363	0.01579	0.00933	0.01076	0.00861	0.00574	0.00431	0.00144	0.00718	0.00359	0.00287	0.00861
60	0.01172	0.00875	0.00978	0.00944	0.01078	0.00917	0.00642	0.05963	0.14861	0.01927	0.04594	0.17046	0.07070	0.36660	0.02007	0.00432	0.00557	0.01113	0.00539	0.00623
61	0.07479	0.02406	0.31491	0.02382	0.09234	0.01597	0.29351	0.02150	0.01487	0.04186	0.01291	0.01597	0.00950	0.00609	0.00686	0.00216	0.00983	0.00619	0.00335	0.00948
62	0.01039	0.00789	0.01102	0.04330	0.04933	0.00781	0.01017	0.01310	0.01492	0.01933	0.03775	0.17885	0.12333	0.01762	0.00875	0.00284	0.00566	0.42578	0.00592	0.00627
63	0.01708	0.35748	0.05413	0.01240	0.01815	0.10315	0.03045	0.01982	0.01445	0.01844	0.01062	0.01240	0.00913	0.00562	0.00494	0.00136	0.00719	0.00399	0.00335	0.29583
64	0.01072	0.00803	0.00978	0.01028	0.01190	0.00805	0.00784	0.04349	0.09684	0.02142	0.10225	0.32181	0.11918	0.01695	0.00817	0.00257	0.00455	0.15760	0.03198	0.00660
65	0.04503	0.04921	0.01468	0.01318	0.04324	0.05600	0.00994	0.08985	0.04753	0.03995	0.01751	0.05308	0.01589	0.05248	0.38248	0.00668	0.04454	0.00705	0.00428	0.00741

[dist]
# distance from previous block
# <min> <max>
0	34

[block]
# block no. 2 follows, 32 sequences, length 15
# corresponding to MSA columns:
# 191-205
name=unknown_C
#
# <colnr> <probs for GDERKNQSTAVLIFYWHMCP>
#	G	D	E	R	K	N	Q	S	T	A	V	L	I	F	Y	W	H	M	C	P
0	0.07598	0.01381	0.01642	0.08035	0.10741	0.09078	0.06279	0.04525	0.10592	0.02319	0.10315	0.06453	0.10155	0.00968	0.00675	0.00210	0.00651	0.00831	0.06747	0.00802
1	0.20892	0.00933	0.01114	0.01223	0.06740	0.00974	0.00830	0.01534	0.01356	0.08321	0.07374	0.37097	0.02995	0.01418	0.00771	0.00242	0.03717	0.01211	0.00561	0.00697
2	0.01186	0.00964	0.01157	0.00969	0.01335	0.00807	0.00737	0.01544	0.05560	0.02241	0.18121	0.17803	0.03004	0.01057	0.00651	0.00169	0.00435	0.00921	0.00540	0.40800
3	0.01471	0.01459	0.04914	0.04813	0.26302	0.06090	0.01434	0.02027	0.11415	0.02132	0.02100	0.12625	0.02022	0.01026	0.00711	0.00220	0.00692	0.10260	0.00465	0.07822
4	0.81159	0.01298	0.00986	0.00882	0.01298	0.01505	0.00727	0.01972	0.01142	0.03010	0.00934	0.01090	0.00727	0.00623	0.00415	0.00208	0.00519	0.00363	0.00415	0.00727
5	0.07757	0.00855	0.00842	0.00794	0.01018	0.03914	0.00614	0.01817	0.01469	0.10822	0.02201	0.05288	0.01777	0.00859	0.00526	0.00177	0.00412	0.03008	0.55151	0.00698
6	0.00817	0.00653	0.00731	0.00769	0.00936	0.00568	0.00555	0.00987	0.01500	0.01879	0.12925	0.25969	0.45796	0.01778	0.00811	0.00238	0.00351	0.01533	0.00635	0.00568
7	0.69126	0.01343	0.01249	0.01372	0.12034	0.01519	0.00928	0.01986	0.01200	0.02887	0.00984	0.01176	0.00778	0.00619	0.00453	0.00206	0.00561	0.00399	0.00403	0.00778
8	0.01487	0.03149	0.62358	0.01819	0.02730	0.01527	0.02264	0.02318	0.06909	0.07106	0.01425	0.01562	0.01001	0.00672	0.00644	0.00213	0.00926	0.00529	0.00353	0.01008
9	0.00832	0.00590	0.00774	0.00916	0.00952	0.00554	0.00603	0.00938	0.01257	0.01676	0.03556	0.69550	0.04258	0.08778	0.01086	0.00306	0.00413	0.01824	0.00603	0.00533
10	0.01512	0.01565	0.01559	0.01338	0.01541	0.21998	0.11167	0.01647	0.01336	0.01528	0.01687	0.03078	0.01768	0.42980	0.02203	0.00448	0.00886	0.00790	0.00379	0.00590
11	0.01285	0.04363	0.01752	0.01721	0.12218	0.01239	0.06480	0.06248	0.01356	0.01892	0.01806	0.02448	0.04498	0.05870	0.38579	0.00677	0.05729	0.00715	0.00382	0.00742
12	0.00833	0.00609	0.00772	0.00895	0.00964	0.00563	0.00609	0.00958	0.01313	0.01714	0.04068	0.58731	0.14518	0.06450	0.01001	0.00289	0.00406	0.04155	0.00610	0.00543
13	0.01520	0.01451	0.02469	0.29376	0.48075	0.01557	0.01989	0.01936	0.01461	0.02021	0.01237	0.01707	0.01003	0.00624	0.00667	0.00208	0.00832	0.00597	0.00320	0.00949
14	0.01437	0.06645	0.01586	0.01435	0.04571	0.12554	0.01088	0.01836	0.09689	0.01853	0.02361	0.16104	0.05605	0.01653	0.08092	0.00324	0.12924	0.09038	0.00471	0.00733

[dist]
# distance from previous block
# <min> <max>
0	12

[block]
# block no. 3 follows, 32 sequences, length 87
# corresponding to MSA columns:
# 218-304
name=unknown_D
#
# <colnr> <probs for GDERKNQSTAVLIFYWHMCP>
#	G	D	E	R	K	N	Q	S	T	A	V	L	I	F	Y	W	H	M	C	P
0	0.12036	0.05643	0.03629	0.01887	0.17790	0.05692	0.01261	0.10219	0.03659	0.11338	0.09875	0.02186	0.03285	0.03062	0.00814	0.00219	0.05334	0.00658	0.00507	0.00908
1	0.01656	0.01833	0.05535	0.18604	0.16524	0.13462	0.09992	0.02184	0.08362	0.01988	0.01322	0.01673	0.01053	0.00712	0.00821	0.00212	0.08480	0.00595	0.00359	0.04630
2	0.05677	0.13855	0.07265	0.05602	0.17762	0.25629	0.04658	0.04281	0.01616	0.01955	0.01108	0.01379	0.00918	0.00669	0.00686	0.00191	0.05036	0.00497	0.00337	0.00879
3	0.00974	0.00653	0.00746	0.00741	0.00754	0.00649	0.00425	0.01000	0.01053	0.01417	0.07925	0.04443	0.02764	0.70169	0.03197	0.00614	0.00623	0.00996	0.00434	0.00425
4	0.01668	0.01573	0.02631	0.10006	0.63288	0.01608	0.02007	0.05130	0.01586	0.02244	0.01272	0.01669	0.01052	0.00614	0.00665	0.00201	0.00803	0.00598	0.00345	0.01039
5	0.01334	0.01039	0.01139	0.01081	0.01305	0.04393	0.00817	0.06000	0.17601	0.04626	0.25131	0.20324	0.03906	0.01341	0.00751	0.00227	0.00467	0.03367	0.04385	0.00763
6	0.00832	0.00674	0.00730	0.00749	0.00937	0.00585	0.00555	0.01007	0.01506	0.01854	0.11038	0.12971	0.53253	0.05617	0.00943	0.00256	0.00374	0.04936	0.00620	0.00564
7	0.01042	0.00745	0.01037	0.01191	0.01329	0.00739	0.01014	0.01323	0.01506	0.01964	0.03574	0.17665	0.03947	0.01890	0.00916	0.00304	0.00584	0.58005	0.00619	0.00607
8	0.02352	0.01496	0.01651	0.01301	0.01756	0.01598	0.01063	0.43064	0.04865	0.15741	0.01939	0.01928	0.01373	0.00809	0.00633	0.00195	0.00621	0.00626	0.15949	0.01040
9	0.00878	0.00676	0.00801	0.00784	0.00962	0.00600	0.00583	0.01121	0.01708	0.02270	0.40997	0.10453	0.32636	0.01554	0.00797	0.00222	0.00331	0.01343	0.00684	0.00600
10	0.81159	0.01298	0.00986	0.00882	0.01298	0.01505	0.00727	0.01972	0.01142	0.03010	0.00934	0.01090	0.00727	0.00623	0.00415	0.00208	0.00519	0.00363	0.00415	0.00727
11	0.81159	0.01298	0.00986	0.00882	0.01298	0.01505	0.00727	0.01972	0.01142	0.03010	0.00934	0.01090	0.00727	0.00623	0.00415	0.00208	0.00519	0.00363	0.00415	0.00727
12	0.01166	0.00583	0.00874	0.00874	0.00874	0.00583	0.00583	0.00874	0.00874	0.01166	0.01166	0.02040	0.01166	0.02331	0.02622	0.80478	0.00583	0.00583	0.00291	0.00291
13	0.02521	0.01865	0.01997	0.01538	0.02069	0.02067	0.01268	0.67745	0.05455	0.04181	0.01649	0.01641	0.01172	0.00809	0.00672	0.00202	0.00731	0.00609	0.00672	0.01138
14	0.02416	0.12585	0.02107	0.01655	0.02029	0.64664	0.01278	0.02594	0.01833	0.01634	0.01024	0.01193	0.00864	0.00676	0.00583	0.00169	0.01147	0.00423	0.00338	0.00788
15	0.01449	0.01299	0.02046	0.62137	0.07481	0.01571	0.01798	0.10437	0.01582	0.02057	0.01249	0.01760	0.00934	0.00685	0.00671	0.00220	0.00870	0.00597	0.00347	0.00811
16	0.01574	0.19438	0.43644	0.01911	0.06963	0.01814	0.06822	0.04394	0.01497	0.04266	0.01216	0.01417	0.00912	0.00627	0.00606	0.00197	0.00907	0.00502	0.00321	0.00971
17	0.02435	0.01929	0.15249	0.01479	0.02060	0.10494	0.03381	0.07483	0.01848	0.37977	0.01937	0.01856	0.01296	0.00761	0.00699	0.00202	0.02964	0.00593	0.00603	0.04757
18	0.00989	0.00650	0.00766	0.00766	0.00775	0.00658	0.00450	0.00983	0.00975	0.01308	0.02020	0.04091	0.02290	0.65866	0.08171	0.06784	0.00724	0.00928	0.00395	0.00411
19	0.01545	0.01394	0.01943	0.02190	0.26153	0.01330	0.01328	0.04000	0.05821	0.02236	0.01297	0.01568	0.01078	0.00631	0.00731	0.00163	0.07591	0.00514	0.00391	0.38097
20	0.01542	0.01413	0.06327	0.06650	0.29796	0.01305	0.01464	0.07765	0.05067	0.06606	0.07400	0.06269	0.13608	0.00962	0.00705	0.00212	0.00654	0.00847	0.00495	0.00913
21	0.01154	0.00751	0.00938	0.00970	0.01168	0.00689	0.00776	0.01372	0.01532	0.09647	0.06233	0.14442	0.27286	0.05189	0.00957	0.00278	0.00483	0.24857	0.00637	0.00639
22	0.01341	0.00843	0.01058	0.00958	0.01197	0.00794	0.00746	0.07007	0.01911	0.12086	0.42212	0.08032	0.12288	0.01354	0.00778	0.00221	0.00410	0.05314	0.00720	0.00730
23	0.03575	0.05695	0.02262	0.37222	0.17184	0.03993	0.05950	0.02114	0.07253	0.06271	0.01407	0.01777	0.01071	0.00673	0.00656	0.00212	0.00831	0.00602	0.00376	0.00876
24	0.01947	0.52900	0.03013	0.01379	0.05096	0.08048	0.01200	0.12929	0.01702	0.02068	0.01108	0.01248	0.00945	0.00629	0.00495	0.00158	0.00750	0.00424	0.03061	0.00901
25	0.01598	0.10600	0.22446	0.01697	0.10213	0.03580	0.01514	0.08230	0.01611	0.04009	0.01596	0.01749	0.05418	0.00676	0.00592	0.00171	0.00735	0.00536	0.00393	0.22638
26	0.01756	0.04476	0.11883	0.08497	0.22366	0.08805	0.08119	0.09208	0.03825	0.04345	0.01410	0.04332	0.01157	0.00749	0.00777	0.00212	0.06115	0.00633	0.00392	0.00946
27	0.05245	0.01399	0.02300	0.12874	0.50898	0.01443	0.01788	0.01866	0.01454	0.02107	0.01548	0.11127	0.01455	0.00800	0.00678	0.00212	0.00745	0.00754	0.00369	0.00939
28	0.00889	0.00648	0.00814	0.00860	0.00967	0.00600	0.00608	0.01078	0.01508	0.02031	0.27365	0.31163	0.14141	0.09829	0.01106	0.00288	0.00396	0.04504	0.00639	0.00567
29	0.05294	0.16221	0.15382	0.02392	0.16022	0.07332	0.21407	0.02116	0.01488	0.02029	0.01173	0.01484	0.00938	0.00618	0.00688	0.00200	0.03409	0.00567	0.00321	0.00919
30	0.02061	0.01984	0.04394	0.02135	0.18758	0.21968	0.03417	0.07298	0.10885	0.11212	0.07669	0.02002	0.01661	0.00776	0.00665	0.00199	0.00822	0.00637	0.00502	0.00953
31	0.00958	0.00643	0.00737	0.00754	0.00758	0.00639	0.00430	0.00971	0.01010	0.01346	0.02288	0.12248	0.02659	0.68263	0.03134	0.00609	0.00622	0.01078	0.00430	0.00422
32	0.01145	0.00765	0.00911	0.00846	0.01077	0.00692	0.00644	0.01465	0.04968	0.10007	0.33640	0.07519	0.30905	0.01442	0.00776	0.00219	0.00366	0.01234	0.00698	0.00680
33	0.01848	0.23580	0.12399	0.07849	0.09084	0.19327	0.04744	0.04191	0.07294	0.01941	0.01235	0.01437	0.00995	0.00655	0.00588	0.00185	0.00902	0.00498	0.00352	0.00895
34	0.02389	0.01818	0.02039	0.01580	0.02103	0.02008	0.04449	0.58041	0.12056	0.03944	0.01747	0.01738	0.01255	0.00808	0.00678	0.00206	0.00729	0.00633	0.00657	0.01120
35	0.01986	0.01074	0.01208	0.01008	0.01349	0.01094	0.00806	0.17194	0.05973	0.19807	0.02203	0.02253	0.01597	0.00806	0.00576	0.00183	0.00482	0.00640	0.38872	0.00889
36	0.00886	0.00683	0.00809	0.00777	0.00963	0.00606	0.00583	0.01143	0.01749	0.02333	0.45402	0.05600	0.33031	0.01505	0.00792	0.00217	0.00326	0.01296	0.00692	0.00606
37	0.01505	0.20363	0.51135	0.01826	0.05841	0.01832	0.02110	0.04395	0.01468	0.02073	0.01158	0.01356	0.00872	0.00627	0.00592	0.00195	0.00910	0.00472	0.00300	0.00970
38	0.01871	0.01604	0.01538	0.01361	0.01722	0.14569	0.03066	0.05888	0.31278	0.09859	0.02604	0.02836	0.06222	0.00963	0.00682	0.00216	0.00667	0.06074	0.06058	0.00921
39	0.01081	0.00772	0.01081	0.01236	0.01390	0.00772	0.01081	0.01390	0.01545	0.02008	0.03553	0.07569	0.03862	0.01854	0.00927	0.00309	0.00618	0.67717	0.00618	0.00618
40	0.00974	0.00653	0.00745	0.00741	0.00754	0.00649	0.00425	0.01000	0.01052	0.01415	0.07849	0.04442	0.02759	0.70250	0.03200	0.00614	0.00623	0.00995	0.00434	0.00425
41	0.01501	0.01941	0.17719	0.15936	0.32657	0.03802	0.07691	0.01989	0.01471	0.02043	0.01320	0.01826	0.01076	0.00816	0.03348	0.00243	0.00929	0.02426	0.00325	0.00939
42	0.00942	0.00698	0.01019	0.01039	0.01141	0.00790	0.00785	0.01151	0.01098	0.01562	0.02059	0.12094	0.02076	0.09004	0.60182	0.00950	0.01548	0.00886	0.00396	0.00580
43	0.81159	0.01298	0.00986	0.00882	0.01298	0.01505	0.00727	0.01972	0.01142	0.03010	0.00934	0.01090	0.00727	0.00623	0.00415	0.00208	0.00519	0.00363	0.00415	0.00727
44	0.00975	0.00652	0.00737	0.00736	0.00741	0.00650	0.00414	0.00985	0.01007	0.01347	0.04439	0.04412	0.02569	0.73918	0.03328	0.00636	0.00639	0.00984	0.00418	0.00414
45	0.01794	0.76823	0.03516	0.01148	0.01722	0.02655	0.01148	0.02009	0.01363	0.01579	0.00933	0.01076	0.00861	0.00574	0.00431	0.00144	0.00718	0.00359	0.00287	0.00861
46	0.81159	0.01298	0.00986	0.00882	0.01298	0.01505	0.00727	0.01972	0.01142	0.03010	0.00934	0.01090	0.00727	0.00623	0.00415	0.00208	0.00519	0.00363	0.00415	0.00727
47	0.00813	0.00685	0.00708	0.00715	0.00936	0.00580	0.00545	0.00995	0.01541	0.01849	0.08514	0.06477	0.66298	0.01698	0.00800	0.00231	0.00355	0.05063	0.00626	0.00571
48	0.01755	0.70467	0.09531	0.01214	0.01825	0.02560	0.01263	0.02019	0.01368	0.01626	0.00956	0.01106	0.00860	0.00580	0.00448	0.00149	0.00741	0.00371	0.00287	0.00872
49	0.00822	0.00608	0.00755	0.00868	0.00944	0.00556	0.00585	0.00943	0.01317	0.01708	0.04256	0.56761	0.18623	0.06673	0.01003	0.00286	0.00395	0.01745	0.00609	0.00541
50	0.01794	0.76823	0.03516	0.01148	0.01722	0.02655	0.01148	0.02009	0.01363	0.01579	0.00933	0.01076	0.00861	0.00574	0.00431	0.00144	0.00718	0.00359	0.00287	0.00861
51	0.01166	0.00583	0.00874	0.00874	0.00874	0.00583	0.00583	0.00874	0.00874	0.01166	0.01166	0.02040	0.01166	0.02331	0.02622	0.80478	0.00583	0.00583	0.00291	0.00291
52	0.01346	0.03471	0.72942	0.01912	0.02904	0.01558	0.02479	0.02125	0.01417	0.02125	0.01204	0.01417	0.00850	0.00637	0.00637	0.00212	0.00992	0.00496	0.00283	0.00992
53	0.00973	0.00661	0.00786	0.00786	0.00805	0.00680	0.00474	0.01011	0.00992	0.01341	0.02065	0.04116	0.02320	0.65249	0.14422	0.00717	0.00830	0.00936	0.00399	0.00437
54	0.01391	0.01193	0.01391	0.00994	0.01590	0.00894	0.00795	0.01690	0.01391	0.02186	0.01193	0.01391	0.00994	0.00497	0.00497	0.00099	0.00497	0.00398	0.00398	0.80521
55	0.03490	0.02624	0.42691	0.10361	0.19778	0.01566	0.05973	0.02062	0.01437	0.02121	0.01218	0.01529	0.00912	0.00627	0.00650	0.00211	0.00930	0.00544	0.00303	0.00970
56	0.02063	0.36815	0.09880	0.01483	0.01998	0.33945	0.01349	0.02317	0.01607	0.01662	0.01007	0.01170	0.00861	0.00632	0.00529	0.00164	0.00963	0.00405	0.00313	0.00838
57	0.04885	0.55150	0.03009	0.01287	0.01797	0.20862	0.01171	0.02180	0.01493	0.01647	0.00960	0.01111	0.00857	0.00606	0.00475	0.00153	0.00837	0.00378	0.00307	0.00835
58	0.38472	0.01712	0.07894	0.01564	0.09100	0.03655	0.03184	0.14842	0.08841	0.02989	0.01319	0.01446	0.00999	0.00685	0.00552	0.00208	0.00669	0.00500	0.00466	0.00904
59	0.01315	0.03667	0.01521	0.05850	0.06583	0.06050	0.05522	0.06852	0.01486	0.01950	0.06084	0.05395	0.10127	0.13895	0.18074	0.00479	0.00949	0.00851	0.02657	0.00691
60	0.01346	0.03471	0.72942	0.01912	0.02904	0.01558	0.02479	0.02125	0.01417	0.02125	0.01204	0.01417	0.00850	0.00637	0.00637	0.00212	0.00992	0.00496	0.00283	0.00992
61	0.01391	0.01193	0.01391	0.00994	0.01590	0.00894	0.00795	0.01690	0.01391	0.02186	0.01193	0.01391	0.00994	0.00497	0.00497	0.00099	0.00497	0.00398	0.00398	0.80521
62	0.08680	0.04181	0.02639	0.14109	0.05089	0.01464	0.30353	0.02093	0.01534	0.11339	0.01816	0.02446	0.03569	0.00777	0.00718	0.00225	0.00867	0.06803	0.00436	0.00860
63	0.11630	0.01077	0.01238	0.01316	0.07333	0.05478	0.00954	0.01777	0.01630	0.11954	0.18014	0.07663	0.08780	0.01270	0.00741	0.00234	0.00552	0.17004	0.00607	0.00747
64	0.00961	0.00710	0.01036	0.01036	0.01141	0.00815	0.00785	0.01171	0.01066	0.01526	0.01836	0.02853	0.01772	0.13851	0.65070	0.01026	0.01656	0.00751	0.00365	0.00575
65	0.00850	0.00596	0.00788	0.00919	0.00973	0.00563	0.00623	0.00992	0.01322	0.01805	0.07844	0.65957	0.04349	0.02085	0.03046	0.00288	0.00424	0.01769	0.04251	0.00556
66	0.01484	0.12816	0.39393	0.04935	0.16062	0.01751	0.05627	0.02051	0.01412	0.02018	0.01166	0.01454	0.00905	0.00652	0.00722	0.00207	0.05570	0.00521	0.00297	0.00958
67	0.00911	0.00669	0.00874	0.00998	0.01112	0.00632	0.00768	0.01110	0.01434	0.01861	0.06010	0.38408	0.15215	0.01928	0.00869	0.00276	0.00461	0.25261	0.00624	0.00577
68	0.01276	0.00795	0.01012	0.01010	0.01219	0.00764	0.00816	0.01645	0.05470	0.10240	0.20227	0.09598	0.10053	0.01457	0.00787	0.00243	0.00463	0.23171	0.09058	0.00697
69	0.01634	0.01595	0.06837	0.30487	0.25400	0.01598	0.07832	0.09940	0.01659	0.04629	0.01328	0.01723	0.01011	0.00658	0.00677	0.00212	0.00861	0.00611	0.00373	0.00935
70	0.09683	0.01561	0.06585	0.24546	0.10337	0.07732	0.03782	0.07259	0.01587	0.04292	0.01680	0.06408	0.01508	0.00898	0.00683	0.00226	0.00803	0.09190	0.00422	0.00818
71	0.00820	0.00612	0.00764	0.00871	0.00960	0.00555	0.00598	0.00962	0.01378	0.01797	0.08669	0.55858	0.19782	0.01966	0.00838	0.00258	0.00374	0.01753	0.00630	0.00555
72	0.01361	0.01289	0.02183	0.57901	0.20791	0.01516	0.01910	0.01797	0.01386	0.01829	0.01209	0.01758	0.00935	0.00653	0.00669	0.00218	0.00871	0.00597	0.00306	0.00821
73	0.03202	0.01664	0.17621	0.03483	0.06393	0.01314	0.06870	0.05104	0.08009	0.02086	0.02124	0.16666	0.04055	0.05867	0.01091	0.02796	0.07673	0.02738	0.00446	0.00798
74	0.14716	0.01546	0.04676	0.10875	0.36359	0.01589	0.06259	0.02029	0.01415	0.05432	0.01232	0.01593	0.00989	0.00674	0.00776	0.00215	0.07760	0.00571	0.00360	0.00932
75	0.00974	0.00714	0.01018	0.01124	0.01235	0.00694	0.03008	0.01188	0.01399	0.01842	0.03469	0.37677	0.03950	0.06030	0.01028	0.00309	0.00534	0.32624	0.00600	0.00583
76	0.02040	0.36727	0.02635	0.01411	0.01877	0.26234	0.03672	0.05372	0.03813	0.04171	0.01378	0.03466	0.03167	0.00718	0.00552	0.00170	0.00868	0.00507	0.00376	0.00846
77	0.01799	0.09157	0.31950	0.02167	0.14445	0.06802	0.05800	0.11230	0.01737	0.06757	0.01331	0.01516	0.00987	0.00659	0.00637	0.00200	0.00898	0.00539	0.00385	0.01001
78	0.00818	0.00584	0.00779	0.00934	0.00973	0.00545	0.00623	0.00934	0.01285	0.01713	0.03698	0.75981	0.04438	0.02102	0.00856	0.00273	0.00389	0.01908	0.00623	0.00545
79	0.01346	0.03471	0.72942	0.01912	0.02904	0.01558	0.02479	0.02125	0.01417	0.02125	0.01204	0.01417	0.00850	0.00637	0.00637	0.00212	0.00992	0.00496	0.00283	0.00992
80	0.02095	0.13562	0.06944	0.03986	0.06918	0.08483	0.05201	0.17814	0.01948	0.15244	0.01859	0.04568	0.04574	0.00820	0.00690	0.00200	0.02968	0.00651	0.00514	0.00961
81	0.01975	0.07953	0.09987	0.04382	0.04726	0.10448	0.20881	0.07688	0.06831	0.13743	0.03687	0.01839	0.01314	0.00705	0.00679	0.00205	0.00885	0.00646	0.00471	0.00955
82	0.00793	0.00680	0.00680	0.00680	0.00906	0.00566	0.00510	0.00963	0.01529	0.01813	0.06797	0.06457	0.71961	0.01699	0.00793	0.00227	0.00340	0.01416	0.00623	0.00566
83	0.00998	0.00642	0.00776	0.00782	0.00791	0.00648	0.00468	0.00972	0.00978	0.01311	0.02008	0.06543	0.02272	0.58075	0.07466	0.12836	0.00700	0.00934	0.00394	0.00406
84	0.58557	0.01515	0.01378	0.01384	0.09075	0.08295	0.02980	0.02125	0.01311	0.06606	0.01086	0.01250	0.00836	0.00636	0.00485	0.00204	0.00635	0.00425	0.00420	0.00796
85	0.10583	0.13585	0.08920	0.01444	0.06037	0.06263	0.01211	0.10544	0.06043	0.10996	0.01521	0.03832	0.01197	0.00709	0.00574	0.00179	0.00684	0.00540	0.00475	0.14663
86	0.07610	0.12540	0.08316	0.05548	0.05364	0.07302	0.01318	0.15606	0.05056	0.10876	0.01438	0.01554	0.01082	0.00720	0.00689	0.00191	0.05318	0.00524	0.00473	0.08476

[dist]
# distance from previous block
# <min> <max>
0	12

[block]
# block no. 4 follows, 32 sequences, length 55
# corresponding to MSA columns:
# 317-371
name=unknown_E
#
# <colnr> <probs for GDERKNQSTAVLIFYWHMCP>
#	G	D	E	R	K	N	Q	S	T	A	V	L	I	F	Y	W	H	M	C	P
0	0.01606	0.01965	0.15467	0.08692	0.10567	0.07328	0.01687	0.08243	0.03416	0.02064	0.01200	0.01600	0.00999	0.01102	0.05410	0.00286	0.26576	0.00574	0.00350	0.00865
1	0.01613	0.12887	0.02295	0.11463	0.07179	0.06944	0.10650	0.05791	0.01552	0.02088	0.01272	0.03829	0.01076	0.00631	0.00592	0.00164	0.00756	0.00549	0.00374	0.28295
2	0.01449	0.01401	0.02129	0.20767	0.16477	0.01771	0.01653	0.01792	0.03894	0.01799	0.01133	0.01660	0.00988	0.01030	0.03451	0.00276	0.36598	0.00602	0.00319	0.00811
3	0.00976	0.00651	0.00732	0.00732	0.00732	0.00651	0.00407	0.00976	0.00976	0.01301	0.02114	0.04391	0.02439	0.76419	0.03415	0.00651	0.00651	0.00976	0.00407	0.00407
4	0.01355	0.01858	0.18174	0.01955	0.02397	0.01557	0.22290	0.01766	0.01341	0.01913	0.01751	0.12389	0.04451	0.01024	0.01174	0.00249	0.22327	0.00852	0.00366	0.00809
5	0.00815	0.00593	0.00770	0.00911	0.00967	0.00547	0.00613	0.00937	0.01307	0.01722	0.03977	0.69738	0.10501	0.02066	0.00851	0.00268	0.00385	0.01863	0.00623	0.00547
6	0.02292	0.01751	0.01868	0.01491	0.01982	0.01960	0.01213	0.50476	0.23097	0.03811	0.01940	0.01873	0.01408	0.00836	0.00675	0.00209	0.00677	0.00650	0.00675	0.01118
7	0.01226	0.00848	0.01036	0.00994	0.01228	0.00824	0.00790	0.01729	0.11479	0.08521	0.29449	0.05221	0.17877	0.01421	0.00793	0.00236	0.00434	0.14480	0.00692	0.00722
8	0.03010	0.01142	0.01557	0.01194	0.01713	0.00986	0.00986	0.03270	0.01920	0.72698	0.02647	0.02284	0.01661	0.00830	0.00675	0.00208	0.00571	0.00675	0.00830	0.01142
9	0.01758	0.01222	0.01349	0.01181	0.01557	0.01296	0.00928	0.04929	0.39600	0.16286	0.03608	0.03336	0.17896	0.01072	0.00706	0.00223	0.00502	0.00888	0.00698	0.00967
10	0.01551	0.01287	0.01477	0.01070	0.01658	0.01058	0.00861	0.11106	0.01634	0.02468	0.01250	0.01422	0.01014	0.00539	0.00521	0.00113	0.00530	0.00426	0.00435	0.69578
11	0.13360	0.01163	0.01482	0.01153	0.01658	0.01055	0.00952	0.03098	0.01817	0.63469	0.02420	0.02126	0.01537	0.00803	0.00640	0.00208	0.00564	0.00634	0.00775	0.01087
12	0.01161	0.14448	0.01302	0.00872	0.01007	0.01081	0.00611	0.01339	0.05666	0.01480	0.02005	0.07014	0.02194	0.51438	0.05324	0.00530	0.00687	0.00885	0.00412	0.00546
13	0.07060	0.03776	0.10728	0.04214	0.17848	0.01336	0.01377	0.07868	0.01626	0.08775	0.04899	0.01890	0.03308	0.00819	0.02748	0.00205	0.00700	0.00578	0.00448	0.19797
14	0.03175	0.26562	0.27714	0.01675	0.04801	0.01881	0.07448	0.07929	0.01583	0.02165	0.04827	0.04718	0.01328	0.00723	0.00600	0.00192	0.00817	0.00583	0.00365	0.00915
15	0.01830	0.01875	0.02283	0.03027	0.43015	0.16460	0.01677	0.04791	0.10569	0.02214	0.01662	0.01887	0.04301	0.00714	0.00660	0.00199	0.00826	0.00621	0.00405	0.00985
16	0.00826	0.00590	0.00788	0.00944	0.00986	0.00552	0.00637	0.00949	0.01293	0.01722	0.03694	0.73806	0.04420	0.02094	0.00859	0.00274	0.00397	0.04000	0.00623	0.00547
17	0.06173	0.06100	0.25071	0.03952	0.07013	0.14034	0.06125	0.08234	0.01597	0.02148	0.01277	0.01702	0.01056	0.07305	0.02530	0.00261	0.03634	0.00559	0.00357	0.00871
18	0.06262	0.00859	0.00984	0.00922	0.01119	0.00896	0.00705	0.01327	0.05339	0.01931	0.09738	0.04345	0.31522	0.09036	0.11983	0.00393	0.07571	0.01033	0.00524	0.03511
19	0.00849	0.00609	0.00784	0.00912	0.00965	0.00571	0.00617	0.00967	0.01280	0.01689	0.03714	0.59388	0.08613	0.10503	0.01147	0.00314	0.00429	0.05516	0.00598	0.00535
20	0.01373	0.01197	0.01507	0.05907	0.01840	0.00952	0.03359	0.01685	0.01392	0.02140	0.01273	0.03653	0.01091	0.00559	0.00530	0.00117	0.00543	0.00470	0.00396	0.70017
21	0.00839	0.00657	0.00747	0.00785	0.00938	0.00581	0.00564	0.01006	0.01476	0.01866	0.13513	0.23986	0.40092	0.06675	0.00985	0.00267	0.00378	0.03462	0.00623	0.00560
22	0.05315	0.01736	0.06010	0.06563	0.17265	0.06359	0.03435	0.19309	0.08548	0.07360	0.03644	0.01931	0.03339	0.00781	0.00719	0.00207	0.03606	0.00634	0.00503	0.02736
23	0.01377	0.02858	0.51402	0.06865	0.05693	0.01563	0.10482	0.02048	0.01425	0.02077	0.01301	0.01737	0.00998	0.00699	0.00737	0.00222	0.04142	0.03126	0.00306	0.00942
24	0.01159	0.00758	0.01004	0.01070	0.01254	0.00717	0.00884	0.01418	0.01574	0.08186	0.10176	0.15348	0.14767	0.01728	0.00862	0.00274	0.00514	0.37009	0.00649	0.00648
25	0.02016	0.37728	0.06158	0.01369	0.01863	0.25566	0.01224	0.05982	0.01668	0.03871	0.01454	0.01556	0.05571	0.00710	0.00542	0.00167	0.00864	0.00482	0.00365	0.00845
26	0.01698	0.01881	0.08857	0.06685	0.24959	0.06015	0.20054	0.08057	0.03609	0.02293	0.01321	0.01655	0.01036	0.00640	0.00729	0.00205	0.03116	0.00623	0.00371	0.06196
27	0.01057	0.00776	0.01068	0.01043	0.01167	0.00876	0.00793	0.04654	0.01247	0.01785	0.06022	0.07679	0.02159	0.11291	0.48837	0.00826	0.03417	0.00838	0.03853	0.00610
28	0.00875	0.00666	0.00805	0.00806	0.00966	0.00596	0.00591	0.01109	0.01671	0.02233	0.38667	0.17847	0.27518	0.01606	0.00803	0.00227	0.00337	0.01401	0.00681	0.00596
29	0.01922	0.64026	0.03253	0.01225	0.01783	0.06164	0.01171	0.10289	0.01608	0.01903	0.01020	0.01148	0.00895	0.00608	0.00469	0.00152	0.00745	0.00392	0.00337	0.00891
30	0.00995	0.00788	0.01059	0.01095	0.03223	0.00846	0.00810	0.01328	0.05765	0.01828	0.08895	0.09355	0.16335	0.03262	0.36932	0.00653	0.02811	0.02890	0.00490	0.00638
31	0.01131	0.00595	0.00848	0.00848	0.00848	0.00595	0.00551	0.00892	0.00892	0.01190	0.01337	0.02464	0.01395	0.15701	0.02765	0.66072	0.00595	0.00654	0.00312	0.00312
32	0.02506	0.03198	0.01901	0.01729	0.02074	0.73725	0.01296	0.02679	0.01901	0.01642	0.01037	0.01210	0.00864	0.00691	0.00605	0.00173	0.01210	0.00432	0.00346	0.00778
33	0.01002	0.00716	0.00988	0.01130	0.01254	0.00703	0.00930	0.01261	0.01499	0.01974	0.08080	0.25635	0.04177	0.01888	0.00899	0.00293	0.00537	0.45808	0.00627	0.00599
34	0.01081	0.00772	0.01081	0.01236	0.01390	0.00772	0.01081	0.01390	0.01545	0.02008	0.03553	0.07569	0.03862	0.01854	0.00927	0.00309	0.00618	0.67717	0.00618	0.00618
35	0.01940	0.01304	0.01451	0.01264	0.01656	0.01425	0.00994	0.03328	0.49348	0.18727	0.02666	0.02453	0.01932	0.00881	0.00663	0.00217	0.00522	0.00728	0.07460	0.01043
36	0.00959	0.00719	0.01078	0.01078	0.01198	0.00839	0.00839	0.01198	0.01078	0.01558	0.01797	0.02636	0.01677	0.05032	0.73760	0.01078	0.01797	0.00719	0.00359	0.00599
37	0.01794	0.76823	0.03516	0.01148	0.01722	0.02655	0.01148	0.02009	0.01363	0.01579	0.00933	0.01076	0.00861	0.00574	0.00431	0.00144	0.00718	0.00359	0.00287	0.00861
38	0.00965	0.00695	0.00958	0.00958	0.01036	0.00773	0.00688	0.01121	0.01043	0.01468	0.01908	0.03248	0.01943	0.29924	0.49231	0.00929	0.01397	0.00808	0.00376	0.00532
39	0.01573	0.01325	0.01646	0.01429	0.01626	0.03746	0.01160	0.19067	0.01622	0.02265	0.01442	0.01967	0.01268	0.02619	0.30583	0.00582	0.24235	0.00640	0.00419	0.00786
40	0.81159	0.01298	0.00986	0.00882	0.01298	0.01505	0.00727	0.01972	0.01142	0.03010	0.00934	0.01090	0.00727	0.00623	0.00415	0.00208	0.00519	0.00363	0.00415	0.00727
41	0.01936	0.04762	0.38502	0.01703	0.02473	0.01767	0.01874	0.29427	0.02141	0.06930	0.01441	0.01534	0.01013	0.00714	0.00647	0.00206	0.00859	0.00546	0.00470	0.01056
42	0.01166	0.00583	0.00874	0.00874	0.00874	0.00583	0.00583	0.00874	0.00874	0.01166	0.01166	0.02040	0.01166	0.02331	0.02622	0.80478	0.00583	0.00583	0.00291	0.00291
43	0.02551	0.01879	0.02014	0.01544	0.02081	0.02081	0.01275	0.69996	0.03155	0.04229	0.01611	0.01611	0.01141	0.00805	0.00671	0.00201	0.00738	0.00604	0.00671	0.01141
44	0.01571	0.19104	0.48884	0.01774	0.04559	0.01848	0.02060	0.08838	0.01581	0.02218	0.01188	0.01369	0.00887	0.00639	0.00597	0.00196	0.00902	0.00480	0.00324	0.00980
45	0.03758	0.01369	0.04041	0.29657	0.14601	0.01456	0.07524	0.04678	0.10990	0.02232	0.09074	0.04345	0.01779	0.00802	0.00692	0.00219	0.00759	0.00731	0.00434	0.00859
46	0.01669	0.01441	0.01517	0.01365	0.01745	0.01669	0.01062	0.03565	0.71021	0.02807	0.02731	0.02503	0.02048	0.00910	0.00683	0.00228	0.00531	0.00759	0.00683	0.01062
47	0.63329	0.01262	0.01116	0.00953	0.01392	0.01387	0.00786	0.02268	0.01320	0.18910	0.01325	0.01362	0.00940	0.00670	0.00474	0.00208	0.00531	0.00434	0.00510	0.00821
48	0.00947	0.00710	0.01041	0.01047	0.01164	0.00811	0.00805	0.01172	0.01101	0.01566	0.02075	0.05652	0.04553	0.06879	0.66052	0.01002	0.01653	0.00799	0.00381	0.00590
49	0.01484	0.01515	0.02318	0.01909	0.02002	0.02006	0.10887	0.01688	0.01104	0.01688	0.00947	0.01515	0.00900	0.01090	0.02008	0.00284	0.64981	0.00615	0.00300	0.00758
50	0.02386	0.01689	0.01816	0.01416	0.01902	0.01853	0.01162	0.57222	0.05044	0.06607	0.01755	0.01771	0.01258	0.00807	0.00648	0.00197	0.00675	0.00614	0.10102	0.01077
51	0.02509	0.03135	0.01907	0.01720	0.02075	0.70309	0.01295	0.05890	0.01961	0.01766	0.01065	0.01229	0.00878	0.00697	0.00608	0.00174	0.01188	0.00440	0.00361	0.00795
52	0.00818	0.00584	0.00779	0.00934	0.00973	0.00545	0.00623	0.00934	0.01285	0.01713	0.03698	0.75981	0.04438	0.02102	0.00856	0.00273	0.00389	0.01908	0.00623	0.00545
53	0.00963	0.00702	0.00993	0.00993	0.01083	0.00792	0.00732	0.01143	0.01053	0.01494	0.01875	0.03068	0.01865	0.22598	0.56450	0.00973	0.01515	0.00782	0.00371	0.00552
54	0.05292	0.24527	0.04276	0.01409	0.01875	0.26085	0.01199	0.13643	0.01894	0.07625	0.03529	0.03236	0.01224	0.00737	0.00575	0.00178	0.00854	0.00517	0.00440	0.00885

[dist]
# distance from previous block
# <min> <max>
0	27

[block]
# block no. 5 follows, 32 sequences, length 15
# corresponding to MSA columns:
# 399-413
name=unknown_F
#
# <colnr> <probs for GDERKNQSTAVLIFYWHMCP>
#	G	D	E	R	K	N	Q	S	T	A	V	L	I	F	Y	W	H	M	C	P
0	0.01805	0.14746	0.19823	0.01604	0.02177	0.13596	0.07411	0.14961	0.01848	0.02356	0.07306	0.01880	0.01486	0.05210	0.00795	0.00219	0.00868	0.00599	0.00419	0.00890
1	0.01833	0.08182	0.19097	0.01644	0.04235	0.01725	0.03302	0.09621	0.20883	0.11146	0.01793	0.01840	0.01327	0.00808	0.00828	0.00219	0.09394	0.00612	0.00506	0.01004
2	0.24716	0.07215	0.12537	0.03895	0.01963	0.11127	0.01265	0.11116	0.13840	0.02667	0.02811	0.01572	0.01175	0.00721	0.00571	0.00203	0.00735	0.00518	0.00459	0.00894
3	0.00932	0.00699	0.00882	0.00962	0.01072	0.00657	0.00661	0.01184	0.06133	0.01816	0.03358	0.61878	0.03902	0.04479	0.00903	0.00268	0.00418	0.01664	0.00600	0.07534
4	0.02242	0.08778	0.01868	0.01410	0.01820	0.25673	0.01130	0.29643	0.02274	0.02832	0.01461	0.01585	0.01125	0.00743	0.00593	0.00179	0.00819	0.00529	0.14390	0.00906
