[name]
unknown

[dist]
# distance from previous block
# <min> <max>
9	63

[block]
# block no. 0 follows, 33 sequences, length 147
# corresponding to MSA columns:
# 97-243
name=unknown_A
#
# <colnr> <probs for GDERKNQSTAVLIFYWHMCP>
#	G	D	E	R	K	N	Q	S	T	A	V	L	I	F	Y	W	H	M	C	P
0	0.01866	0.06153	0.06828	0.09888	0.02238	0.07581	0.10730	0.07864	0.01641	0.17912	0.01761	0.06517	0.01450	0.08710	0.00935	0.00244	0.00770	0.00700	0.00484	0.05728
1	0.06485	0.06046	0.04186	0.01628	0.08561	0.11351	0.03801	0.12524	0.17333	0.08036	0.06886	0.04082	0.01716	0.00808	0.00635	0.00197	0.00695	0.00657	0.00531	0.03842
2	0.03932	0.01663	0.02031	0.01750	0.07405	0.12495	0.12627	0.13057	0.07467	0.19852	0.04664	0.02215	0.06186	0.00807	0.00676	0.00203	0.00761	0.00696	0.00563	0.00950
3	0.05865	0.09832	0.16512	0.01789	0.09079	0.01613	0.09596	0.17293	0.01787	0.05338	0.03099	0.01757	0.03467	0.00780	0.00724	0.04385	0.00763	0.00585	0.00431	0.05303
4	0.04062	0.10476	0.20594	0.01538	0.06389	0.03862	0.01421	0.02428	0.12159	0.16811	0.03693	0.01855	0.01394	0.00958	0.04848	0.00242	0.00770	0.00574	0.00481	0.05444
5	0.01679	0.03419	0.02164	0.12234	0.27530	0.07934	0.03489	0.08457	0.08938	0.02261	0.03326	0.01735	0.01233	0.00690	0.00702	0.00194	0.04094	0.00585	0.00404	0.08930
6	0.01547	0.05842	0.01804	0.01356	0.05415	0.01117	0.08779	0.01919	0.04238	0.09531	0.03955	0.01996	0.06217	0.00663	0.00579	0.00147	0.00579	0.00578	0.00455	0.43281
7	0.00828	0.00624	0.00789	0.00872	0.00977	0.00585	0.00620	0.00988	0.01346	0.01761	0.08798	0.43454	0.21481	0.02235	0.09194	0.00343	0.00529	0.03435	0.00589	0.00554
8	0.01330	0.01131	0.01326	0.00968	0.01518	0.00856	0.00768	0.01616	0.01377	0.02144	0.03594	0.04330	0.01275	0.00575	0.00510	0.00108	0.00478	0.00472	0.00409	0.75213
9	0.01058	0.00915	0.01295	0.04136	0.19739	0.00866	0.00978	0.01329	0.01583	0.02101	0.22745	0.07335	0.30839	0.01280	0.00743	0.00213	0.00464	0.01118	0.00557	0.00705
10	0.02351	0.02652	0.01786	0.01574	0.01937	0.52628	0.01204	0.15485	0.04814	0.02196	0.01267	0.01398	0.01003	0.00714	0.00600	0.00176	0.01013	0.00482	0.05890	0.00832
11	0.00912	0.00662	0.00859	0.00832	0.00977	0.00609	0.00616	0.01196	0.01784	0.02503	0.62416	0.12875	0.08416	0.01437	0.00784	0.00214	0.00319	0.01273	0.00708	0.00609
12	0.01423	0.02710	0.45697	0.02366	0.14024	0.01577	0.14574	0.02098	0.03115	0.02100	0.01244	0.01525	0.00926	0.00629	0.00705	0.00212	0.03245	0.00564	0.00305	0.00963
13	0.02930	0.01158	0.01551	0.01189	0.01699	0.01023	0.00982	0.06710	0.01947	0.69623	0.02544	0.02206	0.01603	0.00814	0.00662	0.00203	0.00569	0.00658	0.00807	0.01120
14	0.00876	0.00645	0.00820	0.00831	0.00963	0.00589	0.00602	0.01113	0.01650	0.02262	0.44752	0.24663	0.14627	0.01585	0.00794	0.00226	0.00333	0.01404	0.00678	0.00589
15	0.00973	0.03723	0.01152	0.01061	0.01196	0.00893	0.00835	0.01207	0.01069	0.01529	0.01730	0.02526	0.01614	0.04765	0.71344	0.01022	0.01722	0.00691	0.00350	0.00598
16	0.01260	0.01168	0.01713	0.01477	0.01546	0.01496	0.05990	0.01421	0.01046	0.01550	0.01304	0.02245	0.01322	0.16805	0.15732	0.00496	0.41769	0.00690	0.00325	0.00644
17	0.02458	0.04244	0.01845	0.01460	0.06237	0.01131	0.06924	0.04242	0.01785	0.48541	0.04926	0.02120	0.01613	0.00756	0.00649	0.00192	0.00613	0.00647	0.00673	0.08945
18	0.01365	0.01170	0.01365	0.00975	0.01560	0.00878	0.00780	0.01658	0.01365	0.02145	0.01170	0.01365	0.00975	0.00488	0.00488	0.00098	0.00488	0.00390	0.00390	0.80888
19	0.00899	0.00692	0.01003	0.01067	0.01165	0.00663	0.04904	0.01123	0.04068	0.01769	0.03441	0.64099	0.04018	0.01907	0.00835	0.00265	0.00448	0.06457	0.00596	0.00581
20	0.01538	0.01471	0.02507	0.20863	0.56648	0.01540	0.01975	0.01940	0.01456	0.02040	0.01222	0.01659	0.01004	0.00603	0.00653	0.00201	0.00805	0.00586	0.00318	0.00969
21	0.01168	0.01180	0.01007	0.01011	0.01191	0.15867	0.00744	0.01327	0.01498	0.01737	0.06064	0.26008	0.31157	0.01558	0.00809	0.00229	0.03094	0.03203	0.00547	0.00601
22	0.01386	0.01536	0.12649	0.01129	0.01773	0.01007	0.01050	0.03384	0.01411	0.02184	0.01182	0.01374	0.00957	0.00516	0.00513	0.00117	0.00569	0.00410	0.00379	0.66475
23	0.00917	0.00747	0.00841	0.00764	0.01023	0.00626	0.00581	0.01147	0.01590	0.02100	0.25936	0.05124	0.41020	0.01384	0.00732	0.00198	0.00351	0.01172	0.00611	0.13133
24	0.01503	0.01710	0.11864	0.02735	0.34052	0.01486	0.09121	0.02245	0.15946	0.02252	0.04328	0.04999	0.03248	0.00764	0.00681	0.00210	0.00746	0.00719	0.00424	0.00969
25	0.01291	0.01221	0.01731	0.01529	0.01564	0.01661	0.01256	0.01462	0.01023	0.01568	0.01132	0.01782	0.01097	0.02281	0.23654	0.00518	0.53628	0.00615	0.00307	0.00681
26	0.64379	0.01295	0.01213	0.06158	0.04121	0.01538	0.00916	0.01883	0.01135	0.02688	0.00940	0.01177	0.00753	0.00673	0.00625	0.00214	0.08778	0.00404	0.00384	0.00727
27	0.01742	0.52469	0.02966	0.01322	0.01729	0.08561	0.01215	0.01933	0.01302	0.01563	0.00912	0.01161	0.00850	0.00717	0.00861	0.00179	0.19012	0.00413	0.00288	0.00807
28	0.00802	0.00573	0.00764	0.00917	0.00955	0.00535	0.00611	0.00917	0.01260	0.01681	0.03628	0.76434	0.04354	0.02062	0.00840	0.00267	0.00382	0.01872	0.00611	0.00535
29	0.00948	0.00761	0.00985	0.01095	0.08179	0.00693	0.00719	0.01216	0.01699	0.02287	0.42042	0.05087	0.29080	0.01383	0.00764	0.00211	0.00366	0.01200	0.00645	0.00641
30	0.02823	0.01087	0.01481	0.01156	0.01636	0.00941	0.00946	0.03069	0.01846	0.68861	0.02660	0.06754	0.01795	0.00891	0.00673	0.00208	0.00549	0.00736	0.00802	0.01085
31	0.01803	0.68406	0.05868	0.01195	0.01761	0.06271	0.01185	0.04116	0.01421	0.01651	0.00951	0.01091	0.00853	0.00578	0.00446	0.00147	0.00740	0.00368	0.00296	0.00854
32	0.00804	0.00626	0.00732	0.00794	0.00928	0.00553	0.00562	0.00962	0.01430	0.01822	0.11935	0.37402	0.35480	0.01811	0.00806	0.00241	0.00353	0.01584	0.00623	0.00553
33	0.01554	0.01776	0.03885	0.02775	0.03441	0.01665	0.70366	0.02109	0.01554	0.02109	0.01332	0.01776	0.00999	0.00555	0.00777	0.00222	0.01110	0.00777	0.00333	0.00888
34	0.00814	0.00578	0.00760	0.00901	0.00936	0.00543	0.00595	0.00920	0.01237	0.01649	0.03507	0.70821	0.04202	0.07884	0.01036	0.00296	0.00402	0.01800	0.00595	0.00524
35	0.01257	0.01184	0.02000	0.72716	0.06992	0.01466	0.01835	0.01694	0.01323	0.01699	0.01173	0.01751	0.00884	0.00656	0.00658	0.00219	0.00874	0.00585	0.00294	0.00743
36	0.02579	0.01721	0.01899	0.01456	0.01980	0.01858	0.01203	0.59076	0.02889	0.15926	0.01754	0.01693	0.01207	0.00794	0.00659	0.00199	0.00696	0.00605	0.00685	0.01120
37	0.00941	0.00703	0.01048	0.01048	0.01162	0.00817	0.00810	0.01169	0.01055	0.01521	0.01773	0.02639	0.01669	0.07141	0.72083	0.01045	0.01729	0.00713	0.00354	0.00582
38	0.03890	0.61509	0.13813	0.01239	0.01853	0.02380	0.01308	0.02039	0.03728	0.01709	0.01015	0.01154	0.00879	0.00585	0.00461	0.00155	0.00733	0.00386	0.00298	0.00867
39	0.01977	0.02300	0.01777	0.01645	0.03791	0.41350	0.01241	0.02378	0.10987	0.01777	0.01480	0.01698	0.03911	0.01060	0.04754	0.00249	0.15902	0.00555	0.00385	0.00782
40	0.01472	0.05199	0.57301	0.01921	0.02796	0.06015	0.09161	0.04817	0.01501	0.02125	0.01195	0.01415	0.00863	0.00626	0.00635	0.00205	0.00983	0.00513	0.00302	0.00954
41	0.02416	0.02839	0.01859	0.01647	0.02016	0.59010	0.01255	0.12842	0.06290	0.02060	0.01203	0.01323	0.00959	0.00708	0.00608	0.00177	0.01077	0.00469	0.00407	0.00833
42	0.00822	0.00587	0.00787	0.00940	0.00987	0.00552	0.00646	0.00952	0.01280	0.01703	0.03617	0.71017	0.04310	0.02043	0.00846	0.00270	0.00400	0.07088	0.00611	0.00540
43	0.01723	0.66764	0.07647	0.01403	0.07396	0.02457	0.01277	0.01982	0.01354	0.01629	0.00957	0.01122	0.00860	0.00569	0.00453	0.00149	0.00727	0.00379	0.00285	0.00868
44	0.00951	0.00636	0.00720	0.00726	0.00727	0.00634	0.00407	0.00956	0.00969	0.01293	0.02136	0.07185	0.02472	0.73881	0.03251	0.00623	0.00628	0.00994	0.00407	0.00404
45	0.00949	0.00672	0.00889	0.00889	0.00948	0.00731	0.00612	0.01067	0.01008	0.01403	0.01918	0.03441	0.02017	0.40633	0.39067	0.00850	0.01205	0.00830	0.00376	0.00494
46	0.02257	0.01342	0.01528	0.01221	0.01661	0.01383	0.00992	0.29380	0.09295	0.25038	0.02615	0.02471	0.09273	0.00903	0.00657	0.00201	0.00574	0.00719	0.07482	0.01007
47	0.01943	0.50887	0.07255	0.01320	0.01862	0.16018	0.01246	0.09259	0.01624	0.01865	0.01020	0.01156	0.00873	0.00612	0.00492	0.00156	0.00814	0.00399	0.00332	0.00866
48	0.00957	0.00638	0.00718	0.00718	0.00718	0.00638	0.00399	0.00957	0.00957	0.01276	0.02074	0.04308	0.02393	0.76864	0.03351	0.00638	0.00638	0.00957	0.00399	0.00399
49	0.01079	0.00755	0.00849	0.00811	0.01056	0.00667	0.00635	0.03367	0.01625	0.08671	0.12676	0.05764	0.49964	0.01542	0.00776	0.00226	0.00391	0.07864	0.00643	0.00638
50	0.00975	0.00840	0.01436	0.01317	0.01500	0.00787	0.15338	0.01195	0.01345	0.01791	0.03239	0.54311	0.05931	0.01717	0.00829	0.00258	0.00547	0.05477	0.00552	0.00614
51	0.01243	0.01170	0.01975	0.75282	0.04534	0.01463	0.01828	0.01682	0.01316	0.01682	0.01170	0.01755	0.00878	0.00658	0.00658	0.00219	0.00878	0.00585	0.00293	0.00731
52	0.01746	0.00965	0.01181	0.01018	0.01336	0.00938	0.00800	0.02349	0.16168	0.25437	0.25828	0.03433	0.07533	0.01054	0.00692	0.00206	0.00436	0.00893	0.07123	0.00865
53	0.70504	0.01252	0.01046	0.00909	0.01330	0.01405	0.00749	0.02114	0.01227	0.12800	0.01152	0.01234	0.00841	0.00640	0.00443	0.00204	0.00516	0.00399	0.00464	0.00770
54	0.00950	0.00666	0.00856	0.00856	0.00904	0.00713	0.00571	0.01046	0.00998	0.01379	0.01948	0.03608	0.02089	0.47612	0.32187	0.00809	0.01096	0.00855	0.00380	0.00476
55	0.00940	0.00705	0.01058	0.01058	0.01176	0.00823	0.00823	0.01176	0.01058	0.01528	0.01763	0.02586	0.01646	0.04937	0.74255	0.01058	0.01763	0.00705	0.00353	0.00588
56	0.00802	0.00573	0.00764	0.00917	0.00955	0.00535	0.00611	0.00917	0.01260	0.01681	0.03628	0.76434	0.04354	0.02062	0.00840	0.00267	0.00382	0.01872	0.00611	0.00535
57	0.81514	0.01273	0.00968	0.00866	0.01273	0.01477	0.00713	0.01935	0.01120	0.02954	0.00917	0.01069	0.00713	0.00611	0.00407	0.00204	0.00509	0.00356	0.00407	0.00713
58	0.00896	0.00697	0.00834	0.00888	0.01072	0.00635	0.00719	0.01125	0.01534	0.01931	0.12010	0.08893	0.38782	0.01703	0.00827	0.00251	0.00431	0.25569	0.00621	0.00580
59	0.01404	0.01169	0.01390	0.03447	0.01662	0.00899	0.00820	0.01700	0.01377	0.04033	0.01208	0.01402	0.00989	0.00502	0.00498	0.00104	0.00502	0.00404	0.00398	0.76091
60	0.00951	0.00698	0.00918	0.01046	0.01155	0.00688	0.00805	0.01246	0.05644	0.01860	0.03631	0.42887	0.06581	0.01883	0.00854	0.00277	0.00474	0.27195	0.00613	0.00594
61	0.01637	0.01430	0.01612	0.01622	0.09124	0.01630	0.01144	0.03344	0.64257	0.02691	0.02529	0.02370	0.01909	0.00861	0.00668	0.00220	0.00548	0.00728	0.00634	0.01042
62	0.81514	0.01273	0.00968	0.00866	0.01273	0.01477	0.00713	0.01935	0.01120	0.02954	0.00917	0.01069	0.00713	0.00611	0.00407	0.00204	0.00509	0.00356	0.00407	0.00713
63	0.01365	0.01170	0.01365	0.00975	0.01560	0.00878	0.00780	0.01658	0.01365	0.02145	0.01170	0.01365	0.00975	0.00488	0.00488	0.00098	0.00488	0.00390	0.00390	0.80888
64	0.01618	0.01552	0.02651	0.06171	0.70717	0.01561	0.02015	0.02010	0.01494	0.02137	0.01236	0.01633	0.01038	0.00589	0.00652	0.00196	0.00785	0.00587	0.00325	0.01033
65	0.01365	0.01170	0.01365	0.00975	0.01560	0.00878	0.00780	0.01658	0.01365	0.02145	0.01170	0.01365	0.00975	0.00488	0.00488	0.00098	0.00488	0.00390	0.00390	0.80888
66	0.00820	0.00586	0.00785	0.00937	0.00984	0.00550	0.00643	0.00948	0.01278	0.01701	0.03618	0.71602	0.04315	0.02045	0.00845	0.00270	0.00398	0.06525	0.00611	0.00540
67	0.01365	0.01170	0.01365	0.00975	0.01560	0.00878	0.00780	0.01658	0.01365	0.02145	0.01170	0.01365	0.00975	0.00488	0.00488	0.00098	0.00488	0.00390	0.00390	0.80888
68	0.01612	0.01394	0.01529	0.01473	0.05999	0.01586	0.01078	0.04790	0.62117	0.02698	0.02774	0.02588	0.05594	0.00912	0.00674	0.00221	0.00532	0.00765	0.00646	0.01019
69	0.01304	0.01232	0.02084	0.64145	0.15199	0.01479	0.01858	0.01735	0.01345	0.01755	0.01181	0.01735	0.00903	0.00647	0.00657	0.00216	0.00863	0.00585	0.00298	0.00780
70	0.01255	0.01187	0.01977	0.70807	0.04363	0.01496	0.01805	0.01676	0.01298	0.01676	0.01151	0.01736	0.00877	0.00688	0.00750	0.00224	0.05427	0.00585	0.00292	0.00731
71	0.01339	0.03287	0.68658	0.01982	0.05295	0.01535	0.04702	0.02083	0.01399	0.02088	0.01188	0.01411	0.00847	0.00622	0.00631	0.00208	0.00971	0.00500	0.00281	0.00972
72	0.01267	0.01185	0.01945	0.70783	0.04362	0.01473	0.01780	0.01793	0.05590	0.01747	0.01262	0.01798	0.00946	0.00672	0.00659	0.00220	0.00856	0.00595	0.00315	0.00750
73	0.01144	0.00572	0.00858	0.00858	0.00858	0.00572	0.00572	0.00858	0.00858	0.01144	0.01144	0.02001	0.01144	0.02287	0.02573	0.80846	0.00572	0.00572	0.00286	0.00286
74	0.01637	0.01414	0.01489	0.01340	0.01712	0.01637	0.01042	0.03498	0.71568	0.02754	0.02679	0.02456	0.02010	0.00893	0.00670	0.00223	0.00521	0.00744	0.00670	0.01042
75	0.00932	0.00673	0.00880	0.00828	0.00984	0.00621	0.00621	0.01242	0.01863	0.02640	0.72410	0.04918	0.06212	0.01346	0.00776	0.00207	0.00311	0.01191	0.00725	0.00621
76	0.00783	0.00667	0.00673	0.00672	0.00892	0.00558	0.00504	0.00954	0.01511	0.01804	0.08635	0.06293	0.70508	0.01658	0.00778	0.00222	0.00333	0.01383	0.00615	0.00558
77	0.01403	0.01333	0.02263	0.45816	0.32751	0.01505	0.01908	0.01822	0.01392	0.01876	0.01198	0.01703	0.00946	0.00629	0.00656	0.00210	0.00838	0.00586	0.00306	0.00860
78	0.02588	0.01707	0.01891	0.01449	0.01973	0.01838	0.01197	0.57766	0.02865	0.17270	0.01774	0.01706	0.01216	0.00795	0.00659	0.00199	0.00693	0.00606	0.00688	0.01120
79	0.01365	0.01170	0.01365	0.00975	0.01560	0.00878	0.00780	0.01658	0.01365	0.02145	0.01170	0.01365	0.00975	0.00488	0.00488	0.00098	0.00488	0.00390	0.00390	0.80888
80	0.00957	0.00638	0.00718	0.00718	0.00718	0.00638	0.00399	0.00957	0.00957	0.01276	0.02074	0.04308	0.02393	0.76864	0.03351	0.00638	0.00638	0.00957	0.00399	0.00399
81	0.01792	0.00863	0.01156	0.00974	0.01280	0.00769	0.00769	0.02079	0.01872	0.32659	0.42714	0.03779	0.04263	0.01120	0.00728	0.00206	0.00417	0.00966	0.00763	0.00834
82	0.01485	0.01551	0.02431	0.01965	0.02184	0.05540	0.20642	0.01762	0.01258	0.01772	0.01276	0.02145	0.01206	0.01030	0.01562	0.00265	0.43137	0.07693	0.00336	0.00757
83	0.02954	0.01120	0.01528	0.01171	0.01681	0.00968	0.00968	0.03208	0.01884	0.73213	0.02597	0.02241	0.01630	0.00815	0.00662	0.00204	0.00560	0.00662	0.00815	0.01120
84	0.01629	0.01564	0.02672	0.04041	0.72757	0.01564	0.02020	0.02020	0.01499	0.02151	0.01238	0.01629	0.01043	0.00587	0.00652	0.00196	0.00782	0.00587	0.00326	0.01043
85	0.02428	0.01815	0.01995	0.01640	0.05706	0.02003	0.01284	0.64718	0.05341	0.03998	0.01600	0.01613	0.01146	0.00783	0.00659	0.00198	0.00721	0.00598	0.00642	0.01113
86	0.01629	0.01564	0.02672	0.04041	0.72757	0.01564	0.02020	0.02020	0.01499	0.02151	0.01238	0.01629	0.01043	0.00587	0.00652	0.00196	0.00782	0.00587	0.00326	0.01043
87	0.01320	0.03405	0.73453	0.01876	0.02849	0.01529	0.02432	0.02085	0.01390	0.02085	0.01181	0.01390	0.00834	0.00625	0.00625	0.00208	0.00973	0.00486	0.00278	0.00973
88	0.02459	0.03138	0.01866	0.01696	0.02035	0.74221	0.01272	0.02629	0.01866	0.01611	0.01018	0.01187	0.00848	0.00678	0.00594	0.00170	0.01187	0.00424	0.00339	0.00763
89	0.00957	0.00638	0.00718	0.00718	0.00718	0.00638	0.00399	0.00957	0.00957	0.01276	0.02074	0.04308	0.02393	0.76864	0.03351	0.00638	0.00638	0.00957	0.00399	0.00399
90	0.01320	0.03405	0.73453	0.01876	0.02849	0.01529	0.02432	0.02085	0.01390	0.02085	0.01181	0.01390	0.00834	0.00625	0.00625	0.00208	0.00973	0.00486	0.00278	0.00973
91	0.01243	0.01170	0.01975	0.75282	0.04534	0.01463	0.01828	0.01682	0.01316	0.01682	0.01170	0.01755	0.00878	0.00658	0.00658	0.00219	0.00878	0.00585	0.00293	0.00731
92	0.01505	0.01430	0.01968	0.01770	0.05384	0.01911	0.01392	0.07039	0.01196	0.01798	0.01014	0.01636	0.00987	0.05700	0.02035	0.00297	0.61260	0.00601	0.00326	0.00749
93	0.01637	0.01414	0.01489	0.01340	0.01712	0.01637	0.01042	0.03498	0.71568	0.02754	0.02679	0.02456	0.02010	0.00893	0.00670	0.00223	0.00521	0.00744	0.00670	0.01042
94	0.01384	0.01357	0.01908	0.01653	0.01666	0.01882	0.01371	0.01538	0.01014	0.01578	0.00966	0.01570	0.00952	0.01579	0.10294	0.00375	0.67322	0.00591	0.00295	0.00705
95	0.01768	0.01518	0.02553	0.03741	0.65341	0.01502	0.01911	0.02144	0.01539	0.09565	0.01380	0.01693	0.01104	0.00610	0.00653	0.00196	0.00759	0.00594	0.00377	0.01051
96	0.01243	0.01170	0.01975	0.75282	0.04534	0.01463	0.01828	0.01682	0.01316	0.01682	0.01170	0.01755	0.00878	0.00658	0.00658	0.00219	0.00878	0.00585	0.00293	0.00731
97	0.00801	0.00576	0.00760	0.00908	0.00952	0.00535	0.00607	0.00918	0.01269	0.01684	0.03739	0.73885	0.06832	0.02048	0.00838	0.00266	0.00380	0.01854	0.00611	0.00535
98	0.00790	0.00642	0.00700	0.00739	0.00910	0.00552	0.00534	0.00947	0.01448	0.01781	0.08035	0.25102	0.52003	0.01763	0.00795	0.00234	0.00346	0.01512	0.00615	0.00552
99	0.01269	0.01197	0.02021	0.70504	0.09110	0.01469	0.01841	0.01705	0.01329	0.01713	0.01175	0.01747	0.00889	0.00653	0.00658	0.00218	0.00871	0.00585	0.00295	0.00752
100	0.01159	0.00704	0.00919	0.00869	0.01045	0.00646	0.00649	0.01432	0.01739	0.10521	0.49037	0.16043	0.05113	0.01366	0.00755	0.00213	0.00350	0.01205	0.05571	0.00664
101	0.01122	0.00586	0.00879	0.00879	0.00891	0.00598	0.00598	0.00891	0.00879	0.01184	0.01208	0.02062	0.01196	0.02564	0.10052	0.72521	0.00696	0.00586	0.00293	0.00317
102	0.01760	0.77260	0.03450	0.01126	0.01690	0.02605	0.01126	0.01971	0.01338	0.01549	0.00915	0.01056	0.00845	0.00563	0.00422	0.00141	0.00704	0.00352	0.00282	0.00845
103	0.01857	0.01407	0.01512	0.01305	0.01699	0.01580	0.01031	0.14364	0.49931	0.08612	0.02456	0.02295	0.01811	0.00861	0.00653	0.00213	0.00543	0.00704	0.06135	0.01032
104	0.02459	0.03138	0.01866	0.01696	0.02035	0.74221	0.01272	0.02629	0.01866	0.01611	0.01018	0.01187	0.00848	0.00678	0.00594	0.00170	0.01187	0.00424	0.00339	0.00763
105	0.01529	0.14220	0.01729	0.01052	0.01575	0.01264	0.00875	0.06988	0.03955	0.04230	0.03944	0.05421	0.01382	0.00660	0.00529	0.00133	0.00534	0.00525	0.00437	0.49018
106	0.01371	0.11862	0.65438	0.01791	0.02717	0.01652	0.02283	0.02072	0.01384	0.02023	0.01151	0.01352	0.00835	0.00618	0.00602	0.00201	0.00942	0.00471	0.00278	0.00958
107	0.00887	0.00653	0.00830	0.00825	0.00966	0.00596	0.00604	0.01141	0.01700	0.02343	0.50599	0.18949	0.14414	0.01526	0.00789	0.00221	0.00327	0.01348	0.00688	0.00596
108	0.00865	0.00632	0.00813	0.00848	0.00963	0.00580	0.00605	0.01083	0.01586	0.02172	0.38449	0.33723	0.11909	0.01664	0.00802	0.00233	0.00341	0.01483	0.00668	0.00580
109	0.01425	0.08146	0.46569	0.02106	0.02953	0.01648	0.23729	0.02084	0.01438	0.02054	0.01210	0.01488	0.00887	0.00599	0.00659	0.00208	0.00997	0.00568	0.00296	0.00937
110	0.00935	0.00698	0.00869	0.00962	0.01077	0.00680	0.00715	0.01217	0.06304	0.01805	0.03851	0.36898	0.14340	0.08731	0.01066	0.00300	0.00463	0.17915	0.00595	0.00579
111	0.00983	0.00587	0.00794	0.00848	0.00861	0.00573	0.00548	0.00900	0.01021	0.01362	0.02222	0.28674	0.02547	0.18624	0.02135	0.34866	0.00520	0.01114	0.00425	0.00398
112	0.00809	0.00609	0.00749	0.00839	0.00940	0.00549	0.00582	0.00958	0.01388	0.01807	0.11582	0.49893	0.23145	0.01880	0.00817	0.00249	0.00361	0.01669	0.00623	0.00549
113	0.04825	0.04147	0.01896	0.01407	0.01928	0.01804	0.01169	0.51322	0.02711	0.19443	0.01767	0.01696	0.01213	0.00783	0.00644	0.00197	0.00681	0.00594	0.00674	0.01099
114	0.00940	0.00705	0.01058	0.01058	0.01176	0.00823	0.00823	0.01176	0.01058	0.01528	0.01763	0.02586	0.01646	0.04937	0.74255	0.01058	0.01763	0.00705	0.00353	0.00588
115	0.00782	0.00667	0.00673	0.00671	0.00892	0.00558	0.00503	0.00953	0.01510	0.01801	0.08430	0.06298	0.70715	0.01659	0.00778	0.00222	0.00333	0.01384	0.00614	0.00558
116	0.02022	0.01638	0.01770	0.01605	0.06867	0.04179	0.01196	0.28773	0.36776	0.04799	0.02104	0.02019	0.01557	0.00824	0.00662	0.00209	0.00640	0.00663	0.00634	0.01064
117	0.01629	0.01564	0.02672	0.04041	0.72757	0.01564	0.02020	0.02020	0.01499	0.02151	0.01238	0.01629	0.01043	0.00587	0.00652	0.00196	0.00782	0.00587	0.00326	0.01043
118	0.01403	0.01393	0.01876	0.01633	0.01661	0.04224	0.01348	0.01561	0.01043	0.01577	0.00996	0.01593	0.00974	0.01670	0.12266	0.00393	0.62798	0.00589	0.00299	0.00703
119	0.12088	0.01646	0.01774	0.01375	0.01884	0.01781	0.01136	0.50236	0.02641	0.16382	0.01683	0.01637	0.01162	0.00773	0.00629	0.00199	0.00669	0.00577	0.00656	0.01071
120	0.00926	0.00724	0.00842	0.00856	0.01056	0.00660	0.00682	0.03085	0.01621	0.02063	0.18774	0.06185	0.40610	0.01615	0.00806	0.00238	0.00406	0.17619	0.00634	0.00597
121	0.02340	0.01248	0.01521	0.01201	0.01684	0.01190	0.00973	0.10000	0.15971	0.38973	0.04614	0.02175	0.01708	0.00797	0.00641	0.00191	0.00550	0.00649	0.00704	0.12871
122	0.81514	0.01273	0.00968	0.00866	0.01273	0.01477	0.00713	0.01935	0.01120	0.02954	0.00917	0.01069	0.00713	0.00611	0.00407	0.00204	0.00509	0.00356	0.00407	0.00713
123	0.00921	0.00673	0.00865	0.00817	0.00977	0.00617	0.00613	0.01221	0.01838	0.02579	0.67764	0.05018	0.10895	0.01369	0.00777	0.00208	0.00312	0.01205	0.00717	0.00617
124	0.81514	0.01273	0.00968	0.00866	0.01273	0.01477	0.00713	0.01935	0.01120	0.02954	0.00917	0.01069	0.00713	0.00611	0.00407	0.00204	0.00509	0.00356	0.00407	0.00713
125	0.01048	0.00722	0.00927	0.01001	0.01175	0.00675	0.00816	0.01281	0.01504	0.06024	0.06642	0.17700	0.22569	0.01742	0.00844	0.00266	0.00484	0.33342	0.00624	0.00611
126	0.01629	0.01564	0.02672	0.04041	0.72757	0.01564	0.02020	0.02020	0.01499	0.02151	0.01238	0.01629	0.01043	0.00587	0.00652	0.00196	0.00782	0.00587	0.00326	0.01043
127	0.01227	0.00614	0.00614	0.00614	0.00767	0.00614	0.00460	0.01534	0.01381	0.02454	0.02148	0.02454	0.01687	0.00767	0.00460	0.00153	0.00307	0.00614	0.80518	0.00614
128	0.02381	0.02930	0.01832	0.01656	0.02004	0.64941	0.01249	0.04799	0.08687	0.01800	0.01197	0.01323	0.00969	0.00703	0.00603	0.00176	0.01108	0.00460	0.00381	0.00801
129	0.00912	0.00671	0.00835	0.00857	0.00979	0.00633	0.00616	0.01168	0.03831	0.02093	0.32148	0.23825	0.13233	0.10196	0.01091	0.00280	0.00393	0.05026	0.00635	0.00578
130	0.00961	0.00687	0.00899	0.00893	0.00945	0.00752	0.00612	0.01069	0.01003	0.01396	0.01908	0.03476	0.02026	0.43141	0.34832	0.00817	0.02882	0.00837	0.00376	0.00490
131	0.01529	0.01862	0.10252	0.05623	0.15350	0.01638	0.47110	0.02058	0.01501	0.02080	0.01280	0.01701	0.00981	0.00591	0.00782	0.00218	0.03505	0.00702	0.00323	0.00911
132	0.01447	0.01391	0.02085	0.55064	0.15655	0.05936	0.01797	0.05377	0.01473	0.01884	0.01194	0.01691	0.00916	0.00654	0.00653	0.00211	0.00872	0.00576	0.00320	0.00805
133	0.01828	0.02511	0.39686	0.01643	0.02379	0.01559	0.01825	0.20310	0.04216	0.11314	0.01628	0.01893	0.01199	0.00763	0.00655	0.00210	0.00823	0.04071	0.00474	0.01013
134	0.19580	0.01561	0.09670	0.03548	0.06240	0.01321	0.01130	0.09453	0.05755	0.02563	0.01255	0.01419	0.00980	0.00600	0.00530	0.00162	0.00606	0.00455	0.00421	0.32750
135	0.00880	0.00659	0.00764	0.00777	0.00948	0.00578	0.00568	0.01072	0.01545	0.03891	0.21885	0.21873	0.38885	0.01656	0.00789	0.00228	0.00345	0.01431	0.00644	0.00582
136	0.01871	0.12188	0.12427	0.03600	0.09915	0.01737	0.08151	0.16562	0.13189	0.08752	0.01647	0.01739	0.01223	0.00705	0.00628	0.00197	0.00743	0.00593	0.03142	0.00991
137	0.01147	0.00877	0.04741	0.05153	0.01384	0.00754	0.00849	0.03819	0.01452	0.08986	0.04999	0.45356	0.10501	0.01668	0.00791	0.00249	0.00478	0.05539	0.00600	0.00657
138	0.01789	0.30446	0.09703	0.01836	0.11257	0.11080	0.10637	0.02129	0.01495	0.05958	0.01243	0.01451	0.01000	0.00616	0.00558	0.00174	0.00818	0.00500	0.06435	0.00877
139	0.01542	0.01551	0.08412	0.01490	0.01838	0.07291	0.11969	0.15229	0.01668	0.02184	0.01857	0.06177	0.01811	0.18973	0.01462	0.03539	0.02858	0.08959	0.00451	0.00738
140	0.07779	0.33918	0.11119	0.01536	0.09167	0.05682	0.01297	0.03954	0.06722	0.03554	0.01283	0.03933	0.01105	0.00776	0.00654	0.05084	0.00720	0.00505	0.00362	0.00851
141	0.03880	0.01651	0.09882	0.02088	0.21751	0.05783	0.01416	0.13892	0.01727	0.04943	0.02009	0.15159	0.05306	0.00980	0.00735	0.00211	0.03684	0.00827	0.00466	0.03612
142	0.04375	0.13160	0.13267	0.01599	0.09564	0.12665	0.01304	0.02185	0.07853	0.09678	0.04731	0.02228	0.07432	0.04026	0.02985	0.00236	0.00774	0.00636	0.00444	0.00858
143	0.04686	0.25974	0.07663	0.01677	0.06601	0.06215	0.10013	0.13558	0.06735	0.06964	0.01365	0.01487	0.01055	0.00652	0.00580	0.00182	0.00777	0.00524	0.00426	0.02868
144	0.07195	0.13047	0.03136	0.01179	0.01550	0.13496	0.00968	0.12336	0.06050	0.03912	0.07982	0.10517	0.11254	0.01017	0.00634	0.00195	0.00642	0.00806	0.00512	0.03572
145	0.05284	0.11836	0.09928	0.01448	0.07815	0.01424	0.01186	0.13674	0.01751	0.09287	0.08493	0.08806	0.01848	0.00841	0.00612	0.00183	0.00619	0.00688	0.00498	0.13778
146	0.01225	0.03327	0.01367	0.01307	0.06578	0.00996	0.03609	0.06823	0.07336	0.02157	0.06957	0.28707	0.08577	0.01336	0.00727	0.00218	0.00509	0.05325	0.00552	0.12368

[dist]
# distance from previous block
# <min> <max>
1	25

[block]
# block no. 1 follows, 33 sequences, length 22
# corresponding to MSA columns:
# 269-280,284-293
name=unknown_B
#
# <colnr> <probs for GDERKNQSTAVLIFYWHMCP>
#	G	D	E	R	K	N	Q	S	T	A	V	L	I	F	Y	W	H	M	C	P
0	0.08513	0.13173	0.06322	0.01207	0.04097	0.01408	0.01003	0.11677	0.07594	0.05102	0.04994	0.07881	0.13162	0.03345	0.00705	0.00207	0.00571	0.00780	0.00508	0.07752
1	0.01725	0.13467	0.02715	0.02192	0.13879	0.09968	0.21674	0.03954	0.01539	0.06300	0.01514	0.09638	0.01360	0.00804	0.00777	0.00207	0.06305	0.00730	0.00390	0.00863
2	0.07611	0.01789	0.04324	0.01439	0.04683	0.16573	0.01116	0.15227	0.17187	0.04818	0.10833	0.02218	0.03876	0.00844	0.00638	0.00195	0.00693	0.00661	0.00547	0.04729
3	0.05335	0.06448	0.11733	0.01475	0.01898	0.08290	0.12216	0.01855	0.01519	0.09295	0.06609	0.16476	0.05052	0.01108	0.00711	0.00223	0.00720	0.07769	0.00490	0.00776
4	0.02015	0.50069	0.02850	0.01290	0.01789	0.19919	0.01157	0.05128	0.03707	0.05140	0.01102	0.01209	0.00930	0.00623	0.00493	0.00156	0.00810	0.00406	0.00349	0.00856
5	0.01609	0.23275	0.39554	0.01582	0.02337	0.01894	0.01814	0.10341	0.07629	0.02242	0.01285	0.01413	0.00972	0.00651	0.00578	0.00190	0.00831	0.00485	0.00358	0.00961
6	0.01591	0.00964	0.04192	0.08296	0.01650	0.00851	0.00949	0.01888	0.03173	0.24260	0.13972	0.26540	0.03236	0.01323	0.00747	0.00231	0.00512	0.04193	0.00649	0.00784
7	0.00907	0.00672	0.00846	0.00802	0.00968	0.00611	0.00602	0.01194	0.01805	0.02501	0.61806	0.05146	0.16902	0.01398	0.00777	0.00210	0.00314	0.01223	0.00706	0.00611
8	0.51023	0.01866	0.01325	0.01168	0.01568	0.22499	0.00927	0.08827	0.01528	0.02683	0.01010	0.01153	0.00792	0.00648	0.00486	0.00193	0.00726	0.00399	0.00412	0.00767
9	0.01926	0.05636	0.22187	0.06083	0.02333	0.01389	0.08398	0.10144	0.01728	0.23140	0.01883	0.09024	0.01464	0.00832	0.00668	0.00210	0.00760	0.00714	0.00519	0.00961
10	0.01578	0.01512	0.02579	0.13529	0.63671	0.01551	0.01995	0.01975	0.01475	0.02088	0.01229	0.01646	0.01021	0.00596	0.00653	0.00199	0.00795	0.00586	0.00321	0.01001
11	0.00881	0.00671	0.00810	0.00775	0.00953	0.00600	0.00582	0.01145	0.01745	0.02358	0.50872	0.05382	0.27926	0.01451	0.00777	0.00212	0.00318	0.01256	0.00688	0.00600
12	0.01074	0.00749	0.01049	0.01230	0.08041	0.00704	0.00807	0.01291	0.01504	0.06600	0.20416	0.38088	0.07056	0.01625	0.00798	0.00243	0.00432	0.07021	0.00624	0.00650
13	0.01340	0.06758	0.70275	0.01842	0.02797	0.01578	0.02373	0.02080	0.01388	0.02061	0.01169	0.01375	0.00834	0.00623	0.00616	0.00205	0.00961	0.00480	0.00278	0.00967
14	0.00800	0.00582	0.00754	0.00892	0.00948	0.00537	0.00600	0.00919	0.01284	0.01690	0.03925	0.69599	0.10998	0.02024	0.00834	0.00263	0.00377	0.01825	0.00611	0.00537
15	0.00813	0.00581	0.00777	0.00929	0.00973	0.00544	0.00631	0.00936	0.01271	0.01693	0.03622	0.73451	0.04330	0.02052	0.00843	0.00269	0.00392	0.04744	0.00611	0.00538
16	0.05054	0.09988	0.09124	0.01764	0.04336	0.47930	0.05825	0.05082	0.01758	0.01848	0.01069	0.01257	0.00868	0.00653	0.00590	0.00177	0.01060	0.00455	0.00342	0.00820
17	0.02271	0.09058	0.02036	0.05810	0.02123	0.22698	0.01261	0.34801	0.08602	0.02915	0.01433	0.01508	0.01082	0.00739	0.00619	0.00188	0.00846	0.00535	0.00512	0.00963
18	0.01428	0.06833	0.17281	0.01316	0.04595	0.01199	0.01226	0.03947	0.01428	0.02155	0.01171	0.01367	0.00943	0.00536	0.00525	0.00132	0.00627	0.00422	0.00364	0.52506
19	0.01617	0.21059	0.39648	0.01664	0.05206	0.01756	0.01823	0.02298	0.08642	0.08274	0.01397	0.01502	0.01036	0.00653	0.00584	0.00192	0.00816	0.00499	0.00368	0.00964
20	0.00982	0.00671	0.00758	0.00734	0.00770	0.00653	0.00422	0.01000	0.00982	0.01330	0.02019	0.04128	0.02307	0.72185	0.03175	0.00605	0.00629	0.00923	0.00398	0.05329
21	0.01663	0.01601	0.02612	0.05976	0.63465	0.03343	0.03618	0.04184	0.03154	0.02198	0.01277	0.01643	0.01056	0.00604	0.00654	0.00197	0.00795	0.00591	0.00344	0.01025

[dist]
# distance from previous block
# <min> <max>
0	7

# created by:
# /home/berkeley/.conda/envs/busco_data_prod/bin/msa2prfl.pl pipeline/OGs_align_augustus/4893/19626.fs
