[name]
unknown

[dist]
# distance from previous block
# <min> <max>
0	13

[block]
# block no. 0 follows, 33 sequences, length 69
# corresponding to MSA columns:
# 13-81
name=unknown_A
#
# <colnr> <probs for GDERKNQSTAVLIFYWHMCP>
#	G	D	E	R	K	N	Q	S	T	A	V	L	I	F	Y	W	H	M	C	P
0	0.01510	0.01080	0.01358	0.04714	0.01678	0.01147	0.01110	0.20741	0.01942	0.04606	0.04800	0.07288	0.02848	0.01568	0.03784	0.00293	0.00682	0.37477	0.00606	0.00768
1	0.02094	0.01648	0.01908	0.04707	0.09209	0.01844	0.01292	0.41670	0.18090	0.03374	0.01763	0.01851	0.01324	0.02661	0.00778	0.00218	0.03295	0.00634	0.00593	0.01047
2	0.00797	0.00660	0.00699	0.00705	0.00905	0.00561	0.00523	0.00976	0.01522	0.01868	0.13844	0.11782	0.59562	0.01663	0.00783	0.00224	0.00335	0.01406	0.00624	0.00561
3	0.01391	0.05475	0.02039	0.32847	0.23768	0.03958	0.01592	0.01821	0.04674	0.01893	0.01824	0.04805	0.07160	0.00783	0.00652	0.00206	0.00752	0.00690	0.02850	0.00820
4	0.01471	0.16962	0.40700	0.06795	0.04900	0.01707	0.10250	0.02045	0.01425	0.03944	0.03141	0.01525	0.01035	0.00631	0.00613	0.00197	0.00896	0.00530	0.00315	0.00919
5	0.01124	0.01000	0.04759	0.15265	0.08266	0.00950	0.01094	0.01494	0.06595	0.04420	0.02906	0.39596	0.07032	0.01439	0.00756	0.00241	0.00554	0.01290	0.00521	0.00699
6	0.00942	0.00697	0.01017	0.01017	0.01121	0.00801	0.00772	0.01149	0.01046	0.01498	0.01801	0.02793	0.01735	0.13559	0.65756	0.01008	0.01628	0.00736	0.00358	0.00565
7	0.01902	0.25129	0.11462	0.04245	0.05328	0.16238	0.01402	0.09120	0.01635	0.06216	0.01252	0.03974	0.01054	0.00743	0.00712	0.00188	0.07631	0.00519	0.00377	0.00872
8	0.06372	0.02107	0.30215	0.01640	0.05563	0.01380	0.03797	0.11308	0.03922	0.11323	0.01815	0.07955	0.01502	0.00865	0.00658	0.00215	0.00751	0.04680	0.02999	0.00931
9	0.01461	0.01215	0.01877	0.32409	0.19878	0.01338	0.01530	0.07095	0.03407	0.06165	0.01918	0.12688	0.04410	0.00909	0.00688	0.00218	0.00721	0.00812	0.00428	0.00832
10	0.01994	0.09091	0.06639	0.01582	0.08435	0.07884	0.01233	0.13457	0.15864	0.14034	0.05188	0.01913	0.01538	0.00754	0.00621	0.00188	0.00677	0.00600	0.00546	0.07761
11	0.32783	0.01789	0.09552	0.11080	0.02143	0.07668	0.01240	0.17252	0.06141	0.02828	0.01247	0.01407	0.00932	0.00682	0.00553	0.00203	0.00715	0.00484	0.00444	0.00859
12	0.01376	0.01180	0.01370	0.00989	0.01566	0.00908	0.00790	0.01730	0.04136	0.02169	0.01230	0.01408	0.01016	0.00504	0.00495	0.00102	0.00489	0.00404	0.00401	0.77737
13	0.01869	0.01234	0.01359	0.01129	0.01445	0.01317	0.00868	0.30061	0.07397	0.09672	0.02026	0.04835	0.01732	0.19827	0.01311	0.00306	0.00604	0.00745	0.11416	0.00847
14	0.00827	0.00648	0.00749	0.00767	0.00930	0.00570	0.00559	0.01024	0.01552	0.02003	0.24768	0.21076	0.38860	0.01661	0.00791	0.00228	0.00337	0.01437	0.00644	0.00570
15	0.02503	0.01844	0.01976	0.01515	0.02042	0.02042	0.01251	0.70562	0.03095	0.04149	0.01581	0.01581	0.01120	0.00790	0.00659	0.00198	0.00724	0.00593	0.00659	0.01120
16	0.00802	0.00573	0.00764	0.00917	0.00955	0.00535	0.00611	0.00917	0.01260	0.01681	0.03628	0.76434	0.04354	0.02062	0.00840	0.00267	0.00382	0.01872	0.00611	0.00535
17	0.01320	0.03405	0.73453	0.01876	0.02849	0.01529	0.02432	0.02085	0.01390	0.02085	0.01181	0.01390	0.00834	0.00625	0.00625	0.00208	0.00973	0.00486	0.00278	0.00973
18	0.00957	0.00638	0.00718	0.00718	0.00718	0.00638	0.00399	0.00957	0.00957	0.01276	0.02074	0.04308	0.02393	0.76864	0.03351	0.00638	0.00638	0.00957	0.00399	0.00399
19	0.00957	0.00638	0.00718	0.00718	0.00718	0.00638	0.00399	0.00957	0.00957	0.01276	0.02074	0.04308	0.02393	0.76864	0.03351	0.00638	0.00638	0.00957	0.00399	0.00399
20	0.01365	0.01170	0.01365	0.00975	0.01560	0.00878	0.00780	0.01658	0.01365	0.02145	0.01170	0.01365	0.00975	0.00488	0.00488	0.00098	0.00488	0.00390	0.00390	0.80888
21	0.01365	0.01170	0.01365	0.00975	0.01560	0.00878	0.00780	0.01658	0.01365	0.02145	0.01170	0.01365	0.00975	0.00488	0.00488	0.00098	0.00488	0.00390	0.00390	0.80888
22	0.01629	0.01564	0.02672	0.04041	0.72757	0.01564	0.02020	0.02020	0.01499	0.02151	0.01238	0.01629	0.01043	0.00587	0.00652	0.00196	0.00782	0.00587	0.00326	0.01043
23	0.01621	0.01396	0.01477	0.01336	0.01702	0.01613	0.01043	0.03438	0.69605	0.02732	0.02702	0.02595	0.02059	0.00919	0.00677	0.00226	0.00523	0.02638	0.00668	0.01030
24	0.01519	0.12890	0.51184	0.01798	0.02631	0.01657	0.07881	0.02139	0.01422	0.07089	0.01251	0.01440	0.00907	0.00639	0.00655	0.00202	0.02914	0.00508	0.00322	0.00952
25	0.01916	0.01370	0.01545	0.01240	0.01688	0.01380	0.00997	0.31014	0.07222	0.09380	0.02121	0.10635	0.03933	0.00940	0.00654	0.00189	0.00584	0.03092	0.00602	0.19497
26	0.81514	0.01273	0.00968	0.00866	0.01273	0.01477	0.00713	0.01935	0.01120	0.02954	0.00917	0.01069	0.00713	0.00611	0.00407	0.00204	0.00509	0.00356	0.00407	0.00713
27	0.01616	0.01522	0.02433	0.06369	0.57357	0.01573	0.01838	0.02271	0.14025	0.02240	0.01493	0.01782	0.01209	0.00644	0.00655	0.00201	0.00739	0.00615	0.00386	0.01030
28	0.01643	0.01523	0.02156	0.39931	0.03475	0.08017	0.11001	0.09342	0.09062	0.05238	0.01445	0.01785	0.01070	0.00692	0.00670	0.00213	0.00869	0.00618	0.00404	0.00847
29	0.02459	0.03138	0.01866	0.01696	0.02035	0.74221	0.01272	0.02629	0.01866	0.01611	0.01018	0.01187	0.00848	0.00678	0.00594	0.00170	0.01187	0.00424	0.00339	0.00763
30	0.00802	0.00573	0.00764	0.00917	0.00955	0.00535	0.00611	0.00917	0.01260	0.01681	0.03628	0.76434	0.04354	0.02062	0.00840	0.00267	0.00382	0.01872	0.00611	0.00535
31	0.00870	0.00622	0.00842	0.00995	0.01063	0.00594	0.00730	0.01035	0.01328	0.01757	0.03591	0.58246	0.04205	0.01998	0.00858	0.00277	0.00441	0.19387	0.00610	0.00554
32	0.01918	0.07956	0.43468	0.01578	0.02360	0.01412	0.01830	0.02466	0.01557	0.26692	0.01653	0.01661	0.01110	0.00687	0.00623	0.00202	0.00810	0.00538	0.00464	0.01015
33	0.01243	0.01170	0.01975	0.75282	0.04534	0.01463	0.01828	0.01682	0.01316	0.01682	0.01170	0.01755	0.00878	0.00658	0.00658	0.00219	0.00878	0.00585	0.00293	0.00731
34	0.00972	0.00728	0.00937	0.01036	0.01209	0.00693	0.00878	0.01235	0.01524	0.01938	0.06941	0.07011	0.24295	0.01756	0.00865	0.00276	0.00514	0.45988	0.00612	0.00592
35	0.28417	0.02074	0.26464	0.05010	0.02117	0.04147	0.03273	0.01982	0.01317	0.05191	0.04628	0.01517	0.01101	0.00726	0.00742	0.00215	0.09382	0.00505	0.00371	0.00823
36	0.01243	0.01170	0.01975	0.75282	0.04534	0.01463	0.01828	0.01682	0.01316	0.01682	0.01170	0.01755	0.00878	0.00658	0.00658	0.00219	0.00878	0.00585	0.00293	0.00731
37	0.01061	0.00758	0.01061	0.01212	0.01364	0.00758	0.01061	0.01364	0.01515	0.01970	0.03486	0.07426	0.03789	0.01819	0.00909	0.00303	0.00606	0.68326	0.00606	0.00606
38	0.02192	0.01694	0.01740	0.01403	0.01854	0.04982	0.01135	0.46302	0.18365	0.03572	0.01855	0.01839	0.01359	0.00807	0.00641	0.00198	0.00662	0.00621	0.07740	0.01042
39	0.02694	0.01063	0.01445	0.01127	0.01591	0.00923	0.00923	0.02956	0.01882	0.64152	0.11561	0.02584	0.02218	0.00883	0.00677	0.00204	0.00528	0.00730	0.00803	0.01056
40	0.00863	0.00616	0.00834	0.00986	0.01051	0.00587	0.00717	0.01022	0.01320	0.01749	0.03595	0.60210	0.04221	0.02005	0.00857	0.00276	0.00435	0.17496	0.00610	0.00552
41	0.01859	0.44868	0.13157	0.01403	0.01946	0.20396	0.01365	0.02137	0.01464	0.01644	0.00977	0.01153	0.00845	0.00625	0.00565	0.00164	0.03899	0.00399	0.00296	0.00838
42	0.01365	0.01170	0.01365	0.00975	0.01560	0.00878	0.00780	0.01658	0.01365	0.02145	0.01170	0.01365	0.00975	0.00488	0.00488	0.00098	0.00488	0.00390	0.00390	0.80888
43	0.00984	0.00735	0.00909	0.00996	0.01098	0.00739	0.00694	0.04597	0.09747	0.01928	0.03416	0.63974	0.03917	0.01861	0.00811	0.00259	0.00415	0.01675	0.00620	0.00624
44	0.00957	0.00638	0.00718	0.00718	0.00718	0.00638	0.00399	0.00957	0.00957	0.01276	0.02074	0.04308	0.02393	0.76864	0.03351	0.00638	0.00638	0.00957	0.00399	0.00399
45	0.00830	0.00660	0.00748	0.00765	0.00943	0.00578	0.00571	0.01029	0.01551	0.01972	0.21171	0.15818	0.44479	0.01656	0.00793	0.00229	0.00348	0.04652	0.00637	0.00570
46	0.01637	0.01414	0.01489	0.01340	0.01712	0.01637	0.01042	0.03498	0.71568	0.02754	0.02679	0.02456	0.02010	0.00893	0.00670	0.00223	0.00521	0.00744	0.00670	0.01042
47	0.00926	0.00673	0.00873	0.00823	0.00980	0.00619	0.00617	0.01232	0.01851	0.02610	0.70109	0.04967	0.08532	0.01357	0.00777	0.00208	0.00311	0.01198	0.00721	0.00619
48	0.01637	0.01414	0.01489	0.01340	0.01712	0.01637	0.01042	0.03498	0.71568	0.02754	0.02679	0.02456	0.02010	0.00893	0.00670	0.00223	0.00521	0.00744	0.00670	0.01042
49	0.01144	0.00572	0.00858	0.00858	0.00858	0.00572	0.00572	0.00858	0.00858	0.01144	0.01144	0.02001	0.01144	0.02287	0.02573	0.80846	0.00572	0.00572	0.00286	0.00286
50	0.70882	0.01252	0.01043	0.00907	0.01328	0.01408	0.00747	0.02107	0.01224	0.12462	0.01144	0.01228	0.00837	0.00639	0.00442	0.00204	0.00516	0.00398	0.00463	0.00768
51	0.02954	0.01120	0.01528	0.01171	0.01681	0.00968	0.00968	0.03208	0.01884	0.73213	0.02597	0.02241	0.01630	0.00815	0.00662	0.00204	0.00560	0.00662	0.00815	0.01120
52	0.81514	0.01273	0.00968	0.00866	0.01273	0.01477	0.00713	0.01935	0.01120	0.02954	0.00917	0.01069	0.00713	0.00611	0.00407	0.00204	0.00509	0.00356	0.00407	0.00713
53	0.81514	0.01273	0.00968	0.00866	0.01273	0.01477	0.00713	0.01935	0.01120	0.02954	0.00917	0.01069	0.00713	0.00611	0.00407	0.00204	0.00509	0.00356	0.00407	0.00713
54	0.01843	0.01516	0.01604	0.01381	0.01790	0.01733	0.01092	0.19408	0.55324	0.03085	0.02419	0.02248	0.01798	0.00869	0.00667	0.00217	0.00569	0.00708	0.00667	0.01060
55	0.01699	0.01400	0.01490	0.01332	0.01710	0.01606	0.01039	0.03485	0.68326	0.06032	0.02676	0.02446	0.01992	0.00890	0.00670	0.00222	0.00523	0.00740	0.00677	0.01046
56	0.02893	0.01217	0.01588	0.01217	0.01729	0.01111	0.01005	0.12199	0.02046	0.63994	0.02461	0.02153	0.01562	0.00812	0.00662	0.00203	0.00582	0.00653	0.00794	0.01120
57	0.08472	0.23653	0.38084	0.04238	0.05882	0.01850	0.01819	0.05338	0.01437	0.02099	0.01106	0.01303	0.00852	0.00614	0.00554	0.00188	0.00833	0.00451	0.00312	0.00917
58	0.01629	0.01564	0.02672	0.04041	0.72757	0.01564	0.02020	0.02020	0.01499	0.02151	0.01238	0.01629	0.01043	0.00587	0.00652	0.00196	0.00782	0.00587	0.00326	0.01043
59	0.01668	0.01429	0.01506	0.01346	0.01723	0.01652	0.01049	0.05831	0.69186	0.02802	0.02641	0.02426	0.01979	0.00890	0.00669	0.00222	0.00528	0.00739	0.00669	0.01045
60	0.00807	0.00591	0.00761	0.00894	0.00960	0.00545	0.00611	0.00935	0.01299	0.01702	0.04015	0.65209	0.13097	0.02004	0.00834	0.00263	0.00383	0.03940	0.00611	0.00540
61	0.01627	0.06293	0.53842	0.01781	0.02620	0.07330	0.04587	0.02254	0.01489	0.10222	0.01325	0.01471	0.00933	0.00646	0.00624	0.00202	0.00936	0.00506	0.00347	0.00964
62	0.00802	0.00573	0.00764	0.00917	0.00955	0.00535	0.00611	0.00917	0.01260	0.01681	0.03628	0.76434	0.04354	0.02062	0.00840	0.00267	0.00382	0.01872	0.00611	0.00535
63	0.02933	0.01154	0.01549	0.01187	0.01697	0.01018	0.00981	0.06342	0.01941	0.70000	0.02550	0.02210	0.01606	0.00814	0.00662	0.00203	0.00568	0.00659	0.00808	0.01120
64	0.08545	0.01479	0.04594	0.01368	0.01851	0.01461	0.05411	0.19784	0.16951	0.23051	0.04475	0.02199	0.04164	0.00833	0.00656	0.00208	0.00624	0.00681	0.00650	0.01014
65	0.00839	0.00745	0.04268	0.00894	0.01031	0.00601	0.00673	0.01006	0.01347	0.01754	0.06947	0.47208	0.21847	0.04885	0.00915	0.00266	0.00411	0.03212	0.00591	0.00561
66	0.02341	0.01004	0.01314	0.01055	0.01475	0.00879	0.00855	0.02628	0.03586	0.51967	0.10796	0.03214	0.13893	0.01015	0.00694	0.00208	0.00495	0.00842	0.00768	0.00971
67	0.01828	0.01740	0.05553	0.02455	0.05574	0.01603	0.49680	0.09084	0.01744	0.11673	0.01515	0.01800	0.01090	0.00616	0.00741	0.00216	0.00983	0.00727	0.00427	0.00950
68	0.01459	0.01494	0.02666	0.36025	0.20188	0.03858	0.20920	0.01910	0.01443	0.01909	0.01226	0.01713	0.00949	0.00613	0.00688	0.00213	0.00930	0.00634	0.00313	0.00849

[dist]
# distance from previous block
# <min> <max>
0	1

[block]
# block no. 1 follows, 33 sequences, length 50
# corresponding to MSA columns:
# 83-132
name=unknown_B
#
# <colnr> <probs for GDERKNQSTAVLIFYWHMCP>
#	G	D	E	R	K	N	Q	S	T	A	V	L	I	F	Y	W	H	M	C	P
0	0.01648	0.11819	0.25003	0.01518	0.02080	0.05532	0.01541	0.13246	0.12982	0.02410	0.05993	0.01813	0.01447	0.00935	0.03453	0.00236	0.06396	0.00584	0.00438	0.00925
1	0.00948	0.00739	0.00864	0.00952	0.01045	0.03323	0.00659	0.02786	0.01333	0.01748	0.03393	0.58538	0.06494	0.06783	0.00977	0.00279	0.00449	0.04356	0.00579	0.03755
2	0.02343	0.08652	0.01993	0.01630	0.01972	0.57985	0.01263	0.04819	0.01799	0.04179	0.01072	0.01247	0.00885	0.00715	0.00708	0.00179	0.06966	0.00444	0.00358	0.00791
3	0.00822	0.00645	0.00744	0.00769	0.00929	0.00567	0.00558	0.01012	0.01531	0.01968	0.22217	0.23357	0.39168	0.01686	0.00793	0.00230	0.00340	0.01460	0.00639	0.00567
4	0.01509	0.01302	0.01408	0.01043	0.01601	0.05544	0.00829	0.01856	0.04278	0.04969	0.01279	0.01433	0.01035	0.00529	0.00509	0.00111	0.00536	0.00417	0.00415	0.69395
5	0.00923	0.00673	0.00868	0.00819	0.00978	0.00617	0.00614	0.01225	0.01843	0.02590	0.68619	0.04999	0.10033	0.01364	0.00777	0.00208	0.00312	0.01202	0.00718	0.00617
6	0.01227	0.00614	0.00614	0.00614	0.00767	0.00614	0.00460	0.01534	0.01381	0.02454	0.02148	0.02454	0.01687	0.00767	0.00460	0.00153	0.00307	0.00614	0.80518	0.00614
7	0.01033	0.00745	0.01024	0.01166	0.01318	0.00736	0.01008	0.01320	0.01505	0.01947	0.03692	0.10032	0.08150	0.01818	0.00898	0.00297	0.00580	0.61523	0.00607	0.00600
8	0.01440	0.01440	0.02016	0.01728	0.01728	0.02016	0.01440	0.01584	0.01008	0.01584	0.00864	0.01440	0.00864	0.01152	0.02160	0.00288	0.75659	0.00576	0.00288	0.00720
9	0.00802	0.00573	0.00764	0.00917	0.00955	0.00535	0.00611	0.00917	0.01260	0.01681	0.03628	0.76434	0.04354	0.02062	0.00840	0.00267	0.00382	0.01872	0.00611	0.00535
10	0.01637	0.01414	0.01489	0.01340	0.01712	0.01637	0.01042	0.03498	0.71568	0.02754	0.02679	0.02456	0.02010	0.00893	0.00670	0.00223	0.00521	0.00744	0.00670	0.01042
11	0.01227	0.00614	0.00614	0.00614	0.00767	0.00614	0.00460	0.01534	0.01381	0.02454	0.02148	0.02454	0.01687	0.00767	0.00460	0.00153	0.00307	0.00614	0.80518	0.00614
12	0.01637	0.01414	0.01489	0.01340	0.01712	0.01637	0.01042	0.03498	0.71568	0.02754	0.02679	0.02456	0.02010	0.00893	0.00670	0.00223	0.00521	0.00744	0.00670	0.01042
13	0.02459	0.03138	0.01866	0.01696	0.02035	0.74221	0.01272	0.02629	0.01866	0.01611	0.01018	0.01187	0.00848	0.00678	0.00594	0.00170	0.01187	0.00424	0.00339	0.00763
14	0.01240	0.00961	0.01194	0.01252	0.01472	0.01031	0.01055	0.02026	0.23260	0.02213	0.03235	0.05883	0.03237	0.01531	0.00835	0.00278	0.00580	0.47349	0.00626	0.00741
15	0.01782	0.50144	0.17755	0.01358	0.01986	0.08086	0.01419	0.07341	0.01527	0.01866	0.01030	0.01176	0.00864	0.00603	0.00497	0.00162	0.00800	0.00404	0.00315	0.00886
16	0.01490	0.01428	0.02146	0.23476	0.35594	0.04383	0.01679	0.01950	0.05487	0.02015	0.01507	0.01857	0.03952	0.00661	0.00639	0.00193	0.00759	0.00599	0.00356	0.09828
17	0.04125	0.12680	0.11693	0.01512	0.01979	0.08367	0.05066	0.11446	0.18477	0.03859	0.01727	0.03691	0.02921	0.00824	0.00782	0.00208	0.08645	0.00619	0.00464	0.00915
18	0.00821	0.00663	0.00730	0.00725	0.00919	0.00572	0.00539	0.01024	0.01585	0.02007	0.24329	0.09993	0.50580	0.01603	0.00781	0.00221	0.00330	0.01363	0.00642	0.00572
19	0.00781	0.00654	0.00680	0.00701	0.00898	0.00553	0.00515	0.00941	0.01468	0.01765	0.06252	0.15949	0.63146	0.01721	0.00787	0.00228	0.00340	0.01456	0.00611	0.00553
20	0.01753	0.72895	0.03405	0.01294	0.05787	0.02545	0.01178	0.01974	0.01347	0.01584	0.00934	0.01089	0.00856	0.00565	0.00436	0.00144	0.00709	0.00366	0.00284	0.00856
21	0.04548	0.20914	0.24161	0.01779	0.08436	0.12963	0.05210	0.02187	0.01486	0.07629	0.01231	0.01422	0.00957	0.00793	0.03425	0.00218	0.00911	0.00486	0.00346	0.00899
22	0.02954	0.01120	0.01528	0.01171	0.01681	0.00968	0.00968	0.03208	0.01884	0.73213	0.02597	0.02241	0.01630	0.00815	0.00662	0.00204	0.00560	0.00662	0.00815	0.01120
23	0.00802	0.00573	0.00764	0.00917	0.00955	0.00535	0.00611	0.00917	0.01260	0.01681	0.03628	0.76434	0.04354	0.02062	0.00840	0.00267	0.00382	0.01872	0.00611	0.00535
24	0.01465	0.14240	0.21939	0.13067	0.14863	0.03303	0.04404	0.04185	0.01460	0.01967	0.01516	0.04359	0.03151	0.00775	0.00675	0.00206	0.02738	0.04472	0.00344	0.00872
25	0.01688	0.01555	0.09862	0.24746	0.21693	0.01430	0.04505	0.04127	0.05991	0.13298	0.03605	0.01891	0.01274	0.00695	0.00663	0.00209	0.00778	0.00623	0.00431	0.00936
26	0.01811	0.00785	0.00923	0.00802	0.01076	0.00733	0.00632	0.02100	0.01551	0.26387	0.02300	0.02382	0.01668	0.00783	0.00528	0.00170	0.00392	0.00630	0.53561	0.00785
27	0.01387	0.01339	0.02344	0.24119	0.27886	0.01459	0.11225	0.01770	0.01363	0.01884	0.01355	0.04676	0.01170	0.01167	0.08701	0.00308	0.06003	0.00674	0.00328	0.00840
28	0.01875	0.12808	0.19118	0.04086	0.10393	0.14756	0.07732	0.10816	0.01741	0.06543	0.01419	0.01588	0.02888	0.00677	0.00619	0.00191	0.00888	0.00545	0.00390	0.00927
29	0.02270	0.01157	0.01354	0.01125	0.01509	0.06650	0.00895	0.04325	0.01787	0.44207	0.08781	0.08337	0.08057	0.01252	0.04933	0.00257	0.00630	0.00841	0.00707	0.00928
30	0.62798	0.19105	0.01550	0.00927	0.01371	0.01742	0.00810	0.01944	0.01171	0.02624	0.00916	0.01066	0.00744	0.00600	0.00411	0.00189	0.00555	0.00355	0.00378	0.00744
31	0.00783	0.00667	0.00674	0.00672	0.00892	0.00558	0.00504	0.00955	0.01513	0.01808	0.08898	0.06288	0.70243	0.01656	0.00778	0.00222	0.00333	0.01383	0.00615	0.00558
32	0.01370	0.01313	0.02248	0.50240	0.23766	0.01515	0.04528	0.01792	0.01369	0.01829	0.01187	0.01712	0.00929	0.00647	0.00702	0.00215	0.02917	0.00593	0.00303	0.00825
33	0.02459	0.03138	0.01866	0.01696	0.02035	0.74221	0.01272	0.02629	0.01866	0.01611	0.01018	0.01187	0.00848	0.00678	0.00594	0.00170	0.01187	0.00424	0.00339	0.00763
34	0.00778	0.00667	0.00667	0.00667	0.00889	0.00556	0.00500	0.00945	0.01501	0.01778	0.06669	0.06336	0.72490	0.01667	0.00778	0.00222	0.00333	0.01389	0.00611	0.00556
35	0.00807	0.00575	0.00763	0.00911	0.00948	0.00538	0.00605	0.00918	0.01251	0.01669	0.03582	0.74299	0.04296	0.04277	0.00915	0.00278	0.00390	0.01844	0.00605	0.00531
36	0.02954	0.01120	0.01528	0.01171	0.01681	0.00968	0.00968	0.03208	0.01884	0.73213	0.02597	0.02241	0.01630	0.00815	0.00662	0.00204	0.00560	0.00662	0.00815	0.01120
37	0.00802	0.00573	0.00764	0.00917	0.00955	0.00535	0.00611	0.00917	0.01260	0.01681	0.03628	0.76434	0.04354	0.02062	0.00840	0.00267	0.00382	0.01872	0.00611	0.00535
38	0.01243	0.01170	0.01975	0.75282	0.04534	0.01463	0.01828	0.01682	0.01316	0.01682	0.01170	0.01755	0.00878	0.00658	0.00658	0.00219	0.00878	0.00585	0.00293	0.00731
39	0.81514	0.01273	0.00968	0.00866	0.01273	0.01477	0.00713	0.01935	0.01120	0.02954	0.00917	0.01069	0.00713	0.00611	0.00407	0.00204	0.00509	0.00356	0.00407	0.00713
40	0.01760	0.77260	0.03450	0.01126	0.01690	0.02605	0.01126	0.01971	0.01338	0.01549	0.00915	0.01056	0.00845	0.00563	0.00422	0.00141	0.00704	0.00352	0.00282	0.00845
41	0.01564	0.01161	0.01465	0.01086	0.01637	0.00912	0.03515	0.01862	0.01451	0.11555	0.01511	0.01878	0.01239	0.00617	0.00548	0.00129	0.00529	0.04708	0.00458	0.62176
42	0.01527	0.01196	0.01391	0.01011	0.01573	0.00955	0.00812	0.06563	0.01515	0.06166	0.01310	0.01465	0.01045	0.00536	0.00508	0.00112	0.00502	0.00427	0.03170	0.68216
43	0.00865	0.00693	0.00763	0.00753	0.00951	0.00612	0.00561	0.03039	0.01604	0.02031	0.20971	0.13075	0.48531	0.01610	0.00781	0.00223	0.00345	0.01371	0.00638	0.00585
44	0.45602	0.07269	0.21024	0.01172	0.01745	0.01502	0.01221	0.02018	0.01273	0.06980	0.01329	0.01445	0.03742	0.00668	0.00499	0.00201	0.00646	0.00453	0.00397	0.00813
45	0.01515	0.13764	0.38534	0.01687	0.02390	0.01603	0.08199	0.04805	0.01480	0.06507	0.01518	0.07260	0.01285	0.00797	0.00691	0.00209	0.03360	0.03120	0.00370	0.00906
46	0.01773	0.43235	0.16299	0.01436	0.02039	0.10944	0.05367	0.05825	0.01522	0.01863	0.01080	0.01253	0.00896	0.00608	0.00516	0.00165	0.00824	0.00433	0.03053	0.00869
47	0.01249	0.06455	0.08651	0.01035	0.01206	0.00937	0.00861	0.03819	0.01108	0.01504	0.05692	0.02110	0.01450	0.04867	0.02044	0.51996	0.03607	0.00603	0.00332	0.00473
48	0.09264	0.23492	0.08968	0.01236	0.01686	0.05695	0.01130	0.11713	0.06112	0.04874	0.01883	0.13495	0.03399	0.00954	0.00602	0.00199	0.00661	0.03334	0.00467	0.00837
49	0.06777	0.29193	0.09882	0.01550	0.03744	0.04303	0.12190	0.06611	0.03967	0.06827	0.01374	0.04261	0.01149	0.02642	0.00643	0.00194	0.00768	0.00564	0.00392	0.02969

[dist]
# distance from previous block
# <min> <max>
0	18

[block]
# block no. 2 follows, 33 sequences, length 39
# corresponding to MSA columns:
# 151-189
name=unknown_C
#
# <colnr> <probs for GDERKNQSTAVLIFYWHMCP>
#	G	D	E	R	K	N	Q	S	T	A	V	L	I	F	Y	W	H	M	C	P
0	0.12194	0.14235	0.09170	0.01411	0.05581	0.05371	0.04494	0.05745	0.07179	0.04056	0.01504	0.05656	0.01272	0.00917	0.03977	0.00221	0.00719	0.00577	0.05441	0.10282
1	0.13733	0.06855	0.01676	0.03529	0.01759	0.07854	0.01044	0.30228	0.03625	0.04853	0.07336	0.02095	0.06322	0.00987	0.03333	0.00226	0.00701	0.00632	0.00546	0.02668
2	0.10534	0.09608	0.31300	0.01750	0.08488	0.04318	0.03492	0.01948	0.01342	0.02067	0.01132	0.01401	0.00900	0.00835	0.04091	0.00232	0.05961	0.00478	0.00318	0.09804
3	0.00957	0.00638	0.00718	0.00718	0.00718	0.00638	0.00399	0.00957	0.00957	0.01276	0.02074	0.04308	0.02393	0.76864	0.03351	0.00638	0.00638	0.00957	0.00399	0.00399
4	0.01593	0.01589	0.04206	0.14775	0.31774	0.06778	0.08498	0.08270	0.01651	0.02209	0.05509	0.07142	0.01531	0.00771	0.00682	0.00207	0.00804	0.00718	0.00395	0.00900
5	0.01132	0.00987	0.01425	0.01315	0.01387	0.01280	0.01059	0.01332	0.01039	0.01550	0.01419	0.02147	0.01346	0.03488	0.46641	0.00763	0.30067	0.00656	0.00328	0.00638
6	0.02954	0.01120	0.01528	0.01171	0.01681	0.00968	0.00968	0.03208	0.01884	0.73213	0.02597	0.02241	0.01630	0.00815	0.00662	0.00204	0.00560	0.00662	0.00815	0.01120
7	0.01229	0.00832	0.01003	0.00894	0.01132	0.00786	0.00690	0.08689	0.01918	0.08308	0.45210	0.04651	0.19474	0.01313	0.00755	0.00209	0.00379	0.01127	0.00701	0.00700
8	0.01760	0.77260	0.03450	0.01126	0.01690	0.02605	0.01126	0.01971	0.01338	0.01549	0.00915	0.01056	0.00845	0.00563	0.00422	0.00141	0.00704	0.00352	0.00282	0.00845
9	0.00802	0.00573	0.00764	0.00917	0.00955	0.00535	0.00611	0.00917	0.01260	0.01681	0.03628	0.76434	0.04354	0.02062	0.00840	0.00267	0.00382	0.01872	0.00611	0.00535
10	0.00932	0.00673	0.00880	0.00828	0.00984	0.00621	0.00621	0.01242	0.01863	0.02640	0.72410	0.04918	0.06212	0.01346	0.00776	0.00207	0.00311	0.01191	0.00725	0.00621
11	0.01344	0.01292	0.02248	0.55726	0.18455	0.01497	0.06538	0.01781	0.01370	0.01807	0.01195	0.01731	0.00920	0.00636	0.00665	0.00215	0.00874	0.00598	0.00302	0.00806
12	0.00952	0.00702	0.01039	0.01039	0.01158	0.00814	0.00808	0.01191	0.01072	0.01567	0.01779	0.02581	0.01648	0.04763	0.71167	0.01020	0.01702	0.00702	0.03707	0.00589
13	0.00778	0.00667	0.00667	0.00667	0.00889	0.00556	0.00500	0.00945	0.01501	0.01778	0.06669	0.06336	0.72490	0.01667	0.00778	0.00222	0.00333	0.01389	0.00611	0.00556
14	0.01621	0.01591	0.02546	0.12851	0.60776	0.05080	0.01960	0.02008	0.01494	0.02066	0.01219	0.01624	0.01013	0.00600	0.00650	0.00197	0.00814	0.00578	0.00322	0.00990
15	0.06195	0.04340	0.12744	0.03995	0.14194	0.09804	0.17271	0.03936	0.07504	0.02146	0.01513	0.02059	0.01260	0.00928	0.04243	0.00252	0.00926	0.05424	0.00384	0.00881
16	0.01753	0.02020	0.09244	0.12734	0.17466	0.14293	0.16584	0.08789	0.04267	0.02173	0.01280	0.01599	0.00994	0.00659	0.00717	0.00206	0.03355	0.00596	0.00364	0.00907
17	0.01020	0.00817	0.01192	0.01147	0.01240	0.01001	0.00899	0.01229	0.01045	0.01525	0.01637	0.02490	0.01559	0.07836	0.59492	0.00917	0.13311	0.00697	0.00345	0.00599
18	0.52102	0.06581	0.01499	0.06302	0.07170	0.03357	0.02690	0.04179	0.01301	0.04339	0.01046	0.01238	0.00817	0.00614	0.00476	0.00194	0.00608	0.00418	0.00398	0.04671
19	0.04560	0.46037	0.02792	0.01301	0.01795	0.11775	0.01173	0.16054	0.01743	0.02135	0.01062	0.01199	0.00898	0.00655	0.00577	0.00165	0.04405	0.00422	0.00371	0.00880
20	0.01326	0.17863	0.28233	0.04703	0.06691	0.01550	0.01601	0.01806	0.02933	0.01812	0.01335	0.01727	0.01117	0.01882	0.22175	0.00443	0.01121	0.00539	0.00314	0.00829
21	0.00957	0.00638	0.00718	0.00718	0.00718	0.00638	0.00399	0.00957	0.00957	0.01276	0.02074	0.04308	0.02393	0.76864	0.03351	0.00638	0.00638	0.00957	0.00399	0.00399
22	0.01314	0.00697	0.00706	0.00675	0.00854	0.00711	0.00514	0.06238	0.01497	0.02570	0.02109	0.02395	0.01649	0.00769	0.00474	0.00156	0.00335	0.00612	0.75077	0.00648
23	0.00861	0.00670	0.00782	0.00754	0.00940	0.00591	0.00565	0.01105	0.01696	0.02243	0.42110	0.05571	0.36759	0.01494	0.00777	0.00214	0.00321	0.01282	0.00672	0.00591
24	0.81514	0.01273	0.00968	0.00866	0.01273	0.01477	0.00713	0.01935	0.01120	0.02954	0.00917	0.01069	0.00713	0.00611	0.00407	0.00204	0.00509	0.00356	0.00407	0.00713
25	0.00932	0.00673	0.00880	0.00828	0.00984	0.00621	0.00621	0.01242	0.01863	0.02640	0.72410	0.04918	0.06212	0.01346	0.00776	0.00207	0.00311	0.01191	0.00725	0.00621
26	0.02954	0.01120	0.01528	0.01171	0.01681	0.00968	0.00968	0.03208	0.01884	0.73213	0.02597	0.02241	0.01630	0.00815	0.00662	0.00204	0.00560	0.00662	0.00815	0.01120
27	0.11111	0.01136	0.01470	0.01140	0.01638	0.01020	0.00941	0.03076	0.01805	0.65918	0.02423	0.02119	0.01534	0.00794	0.00636	0.00204	0.00555	0.00630	0.00773	0.01078
28	0.00940	0.00705	0.01058	0.01058	0.01176	0.00823	0.00823	0.01176	0.01058	0.01528	0.01763	0.02586	0.01646	0.04937	0.74255	0.01058	0.01763	0.00705	0.00353	0.00588
29	0.01365	0.01170	0.01365	0.00975	0.01560	0.00878	0.00780	0.01658	0.01365	0.02145	0.01170	0.01365	0.00975	0.00488	0.00488	0.00098	0.00488	0.00390	0.00390	0.80888
30	0.01352	0.08669	0.68463	0.01823	0.02767	0.01606	0.02339	0.02077	0.01386	0.02047	0.01162	0.01366	0.00835	0.00621	0.00611	0.00204	0.00954	0.00477	0.00278	0.00964
31	0.81514	0.01273	0.00968	0.00866	0.01273	0.01477	0.00713	0.01935	0.01120	0.02954	0.00917	0.01069	0.00713	0.00611	0.00407	0.00204	0.00509	0.00356	0.00407	0.00713
32	0.01440	0.01440	0.02016	0.01728	0.01728	0.02016	0.01440	0.01584	0.01008	0.01584	0.00864	0.01440	0.00864	0.01152	0.02160	0.00288	0.75659	0.00576	0.00288	0.00720
33	0.01171	0.00694	0.00797	0.00763	0.00925	0.00714	0.00577	0.01441	0.01282	0.02160	0.01965	0.02484	0.01648	0.05945	0.15089	0.00358	0.02761	0.00635	0.52523	0.06069
34	0.04576	0.07269	0.50709	0.01822	0.02651	0.05023	0.07496	0.08948	0.01582	0.02273	0.01200	0.01399	0.00872	0.00635	0.00619	0.00203	0.00936	0.00505	0.00328	0.00954
35	0.55813	0.01469	0.08655	0.01029	0.01472	0.01428	0.00930	0.04883	0.06225	0.02866	0.08519	0.01621	0.01404	0.00716	0.00498	0.00206	0.00547	0.00494	0.00456	0.00771
36	0.01505	0.11819	0.52917	0.01725	0.02543	0.06602	0.02069	0.06009	0.01520	0.02103	0.01269	0.01628	0.00990	0.00687	0.00615	0.00202	0.00925	0.03619	0.00320	0.00935
37	0.07017	0.15137	0.01794	0.01129	0.01600	0.01298	0.00957	0.05178	0.01747	0.46205	0.05159	0.06437	0.01768	0.00852	0.00618	0.00196	0.00569	0.00679	0.00671	0.00990
38	0.01538	0.34166	0.42152	0.01559	0.02342	0.04147	0.01854	0.02054	0.01382	0.01847	0.01066	0.01245	0.00839	0.00601	0.00540	0.00179	0.00867	0.00429	0.00281	0.00913

[dist]
# distance from previous block
# <min> <max>
0	8

[block]
# block no. 3 follows, 33 sequences, length 46
# corresponding to MSA columns:
# 198-243
name=unknown_D
#
# <colnr> <probs for GDERKNQSTAVLIFYWHMCP>
#	G	D	E	R	K	N	Q	S	T	A	V	L	I	F	Y	W	H	M	C	P
0	0.01449	0.12741	0.37276	0.01649	0.05151	0.01518	0.03970	0.06492	0.01557	0.04494	0.06681	0.06200	0.04425	0.00837	0.00644	0.00205	0.00786	0.02633	0.00398	0.00893
1	0.01514	0.01682	0.03495	0.02545	0.03091	0.01672	0.57903	0.01989	0.01453	0.02002	0.01297	0.01833	0.01037	0.03768	0.01075	0.00248	0.11466	0.00756	0.00329	0.00844
2	0.01957	0.52815	0.05381	0.01293	0.01831	0.13026	0.01211	0.12100	0.01674	0.01956	0.01037	0.01163	0.00885	0.00615	0.00489	0.00156	0.00787	0.00402	0.00345	0.00877
3	0.01416	0.01150	0.01351	0.00985	0.01534	0.00893	0.00787	0.03548	0.01466	0.04574	0.06520	0.01664	0.01390	0.00570	0.00519	0.00112	0.00483	0.00464	0.00436	0.70137
4	0.01025	0.00775	0.00982	0.01054	0.03023	0.00776	0.00754	0.04920	0.03886	0.01976	0.10922	0.34236	0.13636	0.04797	0.01016	0.02874	0.03003	0.09146	0.00589	0.00611
5	0.01423	0.01354	0.02299	0.42118	0.36293	0.01510	0.01918	0.01840	0.01401	0.01900	0.01202	0.01697	0.00954	0.00625	0.00655	0.00208	0.00833	0.00586	0.00308	0.00876
6	0.01760	0.77260	0.03450	0.01126	0.01690	0.02605	0.01126	0.01971	0.01338	0.01549	0.00915	0.01056	0.00845	0.00563	0.00422	0.00141	0.00704	0.00352	0.00282	0.00845
7	0.00820	0.00585	0.00784	0.00937	0.00983	0.00550	0.00642	0.00947	0.01278	0.01700	0.03619	0.71746	0.04316	0.02046	0.00845	0.00270	0.00397	0.06386	0.00611	0.00540
8	0.01318	0.01144	0.03857	0.01049	0.01538	0.00870	0.03615	0.01641	0.01520	0.04837	0.19421	0.02321	0.02332	0.00726	0.00584	0.00138	0.00487	0.00623	0.00485	0.51495
9	0.00964	0.00705	0.00959	0.00949	0.01017	0.00792	0.00680	0.01105	0.01017	0.01432	0.01853	0.03215	0.01909	0.32743	0.44229	0.00868	0.03876	0.00799	0.00368	0.00519
10	0.00802	0.00573	0.00764	0.00917	0.00955	0.00535	0.00611	0.00917	0.01260	0.01681	0.03628	0.76434	0.04354	0.02062	0.00840	0.00267	0.00382	0.01872	0.00611	0.00535
11	0.01617	0.01551	0.02649	0.06365	0.70532	0.01561	0.02014	0.02009	0.01493	0.02135	0.01236	0.01633	0.01037	0.00589	0.00652	0.00196	0.00785	0.00587	0.00325	0.01033
12	0.01352	0.03030	0.58854	0.02009	0.02900	0.01526	0.14181	0.02064	0.01423	0.02085	0.01288	0.01667	0.00965	0.00655	0.00662	0.00214	0.00984	0.02897	0.00299	0.00945
13	0.01629	0.01564	0.02672	0.04041	0.72757	0.01564	0.02020	0.02020	0.01499	0.02151	0.01238	0.01629	0.01043	0.00587	0.00652	0.00196	0.00782	0.00587	0.00326	0.01043
14	0.00857	0.00670	0.00776	0.00749	0.00937	0.00589	0.00562	0.01097	0.01686	0.02218	0.40224	0.05612	0.38661	0.01503	0.00777	0.00215	0.00322	0.01288	0.00669	0.00589
15	0.01670	0.52383	0.20750	0.01340	0.01981	0.06574	0.01448	0.02020	0.01396	0.01715	0.02868	0.01249	0.00983	0.00606	0.00493	0.00161	0.00790	0.00412	0.00296	0.00866
16	0.02954	0.01120	0.01528	0.01171	0.01681	0.00968	0.00968	0.03208	0.01884	0.73213	0.02597	0.02241	0.01630	0.00815	0.00662	0.00204	0.00560	0.00662	0.00815	0.01120
17	0.81514	0.01273	0.00968	0.00866	0.01273	0.01477	0.00713	0.01935	0.01120	0.02954	0.00917	0.01069	0.00713	0.00611	0.00407	0.00204	0.00509	0.00356	0.00407	0.00713
18	0.02954	0.01120	0.01528	0.01171	0.01681	0.00968	0.00968	0.03208	0.01884	0.73213	0.02597	0.02241	0.01630	0.00815	0.00662	0.00204	0.00560	0.00662	0.00815	0.01120
19	0.01747	0.63159	0.09019	0.01306	0.01907	0.02434	0.05480	0.05222	0.01438	0.01749	0.00993	0.01152	0.00866	0.00578	0.00472	0.00154	0.00751	0.00400	0.00302	0.00871
20	0.00957	0.00638	0.00718	0.00718	0.00718	0.00638	0.00399	0.00957	0.00957	0.01276	0.02074	0.04308	0.02393	0.76864	0.03351	0.00638	0.00638	0.00957	0.00399	0.00399
21	0.00919	0.00672	0.00862	0.00815	0.00976	0.00616	0.00611	0.01217	0.01833	0.02568	0.66909	0.05036	0.11758	0.01373	0.00777	0.00208	0.00312	0.01207	0.00715	0.00616
22	0.00778	0.00667	0.00667	0.00667	0.00889	0.00556	0.00500	0.00945	0.01501	0.01778	0.06669	0.06336	0.72490	0.01667	0.00778	0.00222	0.00333	0.01389	0.00611	0.00556
23	0.01637	0.01414	0.01489	0.01340	0.01712	0.01637	0.01042	0.03498	0.71568	0.02754	0.02679	0.02456	0.02010	0.00893	0.00670	0.00223	0.00521	0.00744	0.00670	0.01042
24	0.01554	0.01776	0.03885	0.02775	0.03441	0.01665	0.70366	0.02109	0.01554	0.02109	0.01332	0.01776	0.00999	0.00555	0.00777	0.00222	0.01110	0.00777	0.00333	0.00888
25	0.00812	0.00580	0.00776	0.00928	0.00971	0.00544	0.00629	0.00935	0.01271	0.01692	0.03623	0.73672	0.04332	0.02053	0.00843	0.00269	0.00391	0.04532	0.00611	0.00538
26	0.00957	0.00638	0.00718	0.00718	0.00718	0.00638	0.00399	0.00957	0.00957	0.01276	0.02074	0.04308	0.02393	0.76864	0.03351	0.00638	0.00638	0.00957	0.00399	0.00399
27	0.00940	0.00705	0.01058	0.01058	0.01176	0.00823	0.00823	0.01176	0.01058	0.01528	0.01763	0.02586	0.01646	0.04937	0.74255	0.01058	0.01763	0.00705	0.00353	0.00588
28	0.01760	0.77260	0.03450	0.01126	0.01690	0.02605	0.01126	0.01971	0.01338	0.01549	0.00915	0.01056	0.00845	0.00563	0.00422	0.00141	0.00704	0.00352	0.00282	0.00845
29	0.01096	0.00709	0.00933	0.00856	0.01040	0.00649	0.00649	0.01402	0.01865	0.08386	0.66726	0.04700	0.05839	0.01303	0.00767	0.00207	0.00331	0.01148	0.00732	0.00662
30	0.04223	0.26995	0.41386	0.01697	0.04680	0.01895	0.04695	0.03856	0.01419	0.01999	0.01105	0.01300	0.00854	0.00605	0.00561	0.00186	0.00863	0.00457	0.00297	0.00925
31	0.01640	0.01665	0.04603	0.06735	0.65132	0.04566	0.01993	0.02034	0.01504	0.02108	0.01225	0.01609	0.01022	0.00594	0.00649	0.00196	0.00808	0.00577	0.00324	0.01017
32	0.00957	0.00638	0.00718	0.00718	0.00718	0.00638	0.00399	0.00957	0.00957	0.01276	0.02074	0.04308	0.02393	0.76864	0.03351	0.00638	0.00638	0.00957	0.00399	0.00399
33	0.00805	0.00579	0.00764	0.00905	0.00953	0.00538	0.00607	0.00928	0.01288	0.01714	0.05911	0.71641	0.06876	0.02026	0.00836	0.00264	0.00378	0.01833	0.00615	0.00538
34	0.02117	0.18248	0.04649	0.01750	0.12188	0.01777	0.03519	0.16927	0.11834	0.17895	0.01739	0.01739	0.01271	0.00718	0.00611	0.00191	0.00685	0.00578	0.00540	0.01025
35	0.00957	0.00638	0.00718	0.00718	0.00718	0.00638	0.00399	0.00957	0.00957	0.01276	0.02074	0.04308	0.02393	0.76864	0.03351	0.00638	0.00638	0.00957	0.00399	0.00399
36	0.01332	0.03286	0.68795	0.01900	0.02830	0.01550	0.04590	0.02069	0.01382	0.02069	0.01176	0.01404	0.00840	0.00641	0.00682	0.00212	0.03501	0.00499	0.00280	0.00962
37	0.01632	0.01780	0.12291	0.06959	0.27237	0.01540	0.16066	0.07541	0.06338	0.05141	0.03809	0.01981	0.01336	0.00695	0.00688	0.00210	0.00831	0.02552	0.00409	0.00966
38	0.00859	0.00622	0.00822	0.00949	0.01031	0.00585	0.00690	0.01027	0.01368	0.01809	0.08515	0.53229	0.09286	0.01938	0.00845	0.00267	0.00417	0.14568	0.00618	0.00556
39	0.00955	0.00642	0.00738	0.00735	0.00748	0.00643	0.00426	0.00981	0.01013	0.01364	0.06132	0.04287	0.02590	0.70159	0.05507	0.00627	0.00656	0.00963	0.00416	0.00418
40	0.01274	0.01155	0.01853	0.62950	0.04006	0.01408	0.01664	0.04429	0.03398	0.01904	0.08250	0.02079	0.01444	0.00738	0.00670	0.00217	0.00806	0.00649	0.00360	0.00745
41	0.01499	0.19947	0.37461	0.10142	0.06524	0.01800	0.01897	0.04828	0.06207	0.02046	0.01239	0.01447	0.00944	0.00637	0.00588	0.00194	0.00849	0.00494	0.00325	0.00930
42	0.01536	0.01997	0.14324	0.08336	0.06765	0.08533	0.25911	0.02038	0.04266	0.01948	0.01426	0.01781	0.03552	0.00745	0.00951	0.00225	0.13822	0.00655	0.00337	0.00851
43	0.00834	0.00669	0.00744	0.00725	0.00923	0.00579	0.00544	0.01053	0.01632	0.02091	0.30487	0.05822	0.48478	0.01551	0.00777	0.00217	0.00325	0.01317	0.00652	0.00579
44	0.02463	0.01841	0.02055	0.01567	0.02099	0.02026	0.04112	0.67729	0.03031	0.04065	0.01570	0.01589	0.01115	0.00781	0.00663	0.00199	0.00740	0.00600	0.00645	0.01110
45	0.02034	0.04526	0.12154	0.01671	0.02213	0.10815	0.12216	0.14608	0.09869	0.15064	0.01833	0.02152	0.01399	0.00798	0.00676	0.00209	0.00818	0.05458	0.00525	0.00962

[dist]
# distance from previous block
# <min> <max>
0	1

[block]
# block no. 4 follows, 33 sequences, length 102
# corresponding to MSA columns:
# 245-346
name=unknown_E
#
# <colnr> <probs for GDERKNQSTAVLIFYWHMCP>
#	G	D	E	R	K	N	Q	S	T	A	V	L	I	F	Y	W	H	M	C	P
0	0.01712	0.23412	0.16775	0.01466	0.02035	0.05383	0.03664	0.07950	0.26454	0.02311	0.01666	0.01692	0.01283	0.00716	0.00590	0.00192	0.00732	0.00555	0.00453	0.00960
1	0.00819	0.00639	0.00743	0.00778	0.00930	0.00564	0.00560	0.01001	0.01506	0.01935	0.20003	0.27481	0.37257	0.01718	0.00797	0.00233	0.00343	0.01494	0.00636	0.00564
2	0.01409	0.01142	0.01346	0.00981	0.01539	0.00866	0.00781	0.01692	0.01383	0.05171	0.01339	0.04687	0.01151	0.00570	0.00510	0.00109	0.00486	0.00467	0.00418	0.73954
3	0.00830	0.00609	0.00783	0.00890	0.00974	0.00561	0.00624	0.00987	0.01383	0.01831	0.12641	0.54157	0.13592	0.01906	0.00828	0.00256	0.00380	0.05592	0.00625	0.00553
4	0.00902	0.00644	0.00705	0.00710	0.00774	0.00612	0.00434	0.00953	0.01120	0.01430	0.03414	0.07147	0.22152	0.53381	0.02549	0.00510	0.00545	0.01108	0.00465	0.00447
5	0.01365	0.01170	0.01365	0.00975	0.01560	0.00878	0.00780	0.01658	0.01365	0.02145	0.01170	0.01365	0.00975	0.00488	0.00488	0.00098	0.00488	0.00390	0.00390	0.80888
6	0.81514	0.01273	0.00968	0.00866	0.01273	0.01477	0.00713	0.01935	0.01120	0.02954	0.00917	0.01069	0.00713	0.00611	0.00407	0.00204	0.00509	0.00356	0.00407	0.00713
7	0.00801	0.00577	0.00760	0.00907	0.00952	0.00536	0.00607	0.00918	0.01270	0.01684	0.03749	0.73661	0.07050	0.02047	0.00838	0.00266	0.00380	0.01852	0.00611	0.00536
8	0.01061	0.00758	0.01061	0.01212	0.01364	0.00758	0.01061	0.01364	0.01515	0.01970	0.03486	0.07426	0.03789	0.01819	0.00909	0.00303	0.00606	0.68326	0.00606	0.00606
9	0.01365	0.01170	0.01365	0.00975	0.01560	0.00878	0.00780	0.01658	0.01365	0.02145	0.01170	0.01365	0.00975	0.00488	0.00488	0.00098	0.00488	0.00390	0.00390	0.80888
10	0.00790	0.00667	0.00684	0.00680	0.00897	0.00561	0.00510	0.00969	0.01530	0.01848	0.11989	0.06221	0.67127	0.01641	0.00778	0.00221	0.00332	0.01373	0.00621	0.00561
11	0.02459	0.03138	0.01866	0.01696	0.02035	0.74221	0.01272	0.02629	0.01866	0.01611	0.01018	0.01187	0.00848	0.00678	0.00594	0.00170	0.01187	0.00424	0.00339	0.00763
12	0.02503	0.01844	0.01976	0.01515	0.02042	0.02042	0.01251	0.70562	0.03095	0.04149	0.01581	0.01581	0.01120	0.00790	0.00659	0.00198	0.00724	0.00593	0.00659	0.01120
13	0.00963	0.00689	0.00900	0.00892	0.00943	0.00755	0.00610	0.01069	0.01002	0.01393	0.01907	0.03487	0.02029	0.43775	0.33902	0.00810	0.03169	0.00838	0.00376	0.00489
14	0.01124	0.00882	0.01285	0.01216	0.01398	0.00868	0.08289	0.09697	0.01569	0.02101	0.06093	0.49440	0.03618	0.01688	0.00815	0.00255	0.00521	0.07895	0.00591	0.00656
15	0.00802	0.00573	0.00764	0.00917	0.00955	0.00535	0.00611	0.00917	0.01260	0.01681	0.03628	0.76434	0.04354	0.02062	0.00840	0.00267	0.00382	0.01872	0.00611	0.00535
16	0.00957	0.00638	0.00718	0.00718	0.00718	0.00638	0.00399	0.00957	0.00957	0.01276	0.02074	0.04308	0.02393	0.76864	0.03351	0.00638	0.00638	0.00957	0.00399	0.00399
17	0.02206	0.02723	0.01999	0.01758	0.02044	0.55821	0.04824	0.02390	0.01675	0.01631	0.01002	0.01269	0.00859	0.00769	0.00922	0.00196	0.16351	0.00473	0.00328	0.00761
18	0.01243	0.01170	0.01975	0.75282	0.04534	0.01463	0.01828	0.01682	0.01316	0.01682	0.01170	0.01755	0.00878	0.00658	0.00658	0.00219	0.00878	0.00585	0.00293	0.00731
19	0.02934	0.01152	0.01547	0.01186	0.01696	0.01014	0.00980	0.06126	0.01937	0.70221	0.02553	0.02212	0.01608	0.00814	0.00662	0.00203	0.00567	0.00659	0.00808	0.01120
20	0.02831	0.01245	0.01596	0.01232	0.01738	0.01162	0.01015	0.13775	0.04831	0.59602	0.02441	0.02146	0.01565	0.00814	0.00662	0.00204	0.00584	0.00654	0.00785	0.01117
21	0.01618	0.01552	0.02651	0.06182	0.70707	0.01561	0.02015	0.02010	0.01494	0.02137	0.01236	0.01633	0.01038	0.00589	0.00652	0.00196	0.00785	0.00587	0.00325	0.01033
22	0.00874	0.00684	0.00812	0.00950	0.01002	0.03727	0.00640	0.00991	0.01287	0.01678	0.03515	0.73175	0.04202	0.02003	0.00830	0.00263	0.00417	0.01809	0.00599	0.00545
23	0.02503	0.01844	0.01976	0.01515	0.02042	0.02042	0.01251	0.70562	0.03095	0.04149	0.01581	0.01581	0.01120	0.00790	0.00659	0.00198	0.00724	0.00593	0.00659	0.01120
24	0.01440	0.01440	0.02016	0.01728	0.01728	0.02016	0.01440	0.01584	0.01008	0.01584	0.00864	0.01440	0.00864	0.01152	0.02160	0.00288	0.75659	0.00576	0.00288	0.00720
25	0.02915	0.01129	0.01527	0.01176	0.01681	0.00987	0.00970	0.03217	0.03940	0.71135	0.02600	0.02247	0.01641	0.00817	0.00662	0.00204	0.00559	0.00664	0.00811	0.01118
26	0.02396	0.01854	0.04986	0.01505	0.02038	0.01953	0.01276	0.60091	0.08549	0.06086	0.01684	0.01664	0.01195	0.00792	0.00658	0.00200	0.00713	0.00603	0.00648	0.01107
27	0.00778	0.00667	0.00667	0.00667	0.00889	0.00556	0.00500	0.00945	0.01501	0.01778	0.06669	0.06336	0.72490	0.01667	0.00778	0.00222	0.00333	0.01389	0.00611	0.00556
28	0.01365	0.01170	0.01365	0.00975	0.01560	0.00878	0.00780	0.01658	0.01365	0.02145	0.01170	0.01365	0.00975	0.00488	0.00488	0.00098	0.00488	0.00390	0.00390	0.80888
29	0.01814	0.04909	0.08928	0.02271	0.14583	0.01589	0.22923	0.11068	0.04761	0.10075	0.01489	0.01699	0.01108	0.00648	0.00701	0.00199	0.02485	0.00626	0.00437	0.07686
30	0.01882	0.04043	0.02029	0.01849	0.10926	0.04165	0.03082	0.21229	0.04828	0.07703	0.01423	0.01703	0.01141	0.01252	0.08092	0.00305	0.22372	0.00601	0.00461	0.00914
31	0.00795	0.00668	0.00690	0.00685	0.00900	0.00563	0.00513	0.00977	0.01540	0.01873	0.13865	0.06180	0.65235	0.01632	0.00778	0.00221	0.00331	0.01368	0.00624	0.00563
32	0.00867	0.00626	0.00810	0.00934	0.01001	0.00594	0.00641	0.03343	0.01341	0.01778	0.03685	0.68956	0.07178	0.01995	0.00833	0.00264	0.00398	0.03585	0.00613	0.00558
