[name]
unknown

[dist]
# distance from previous block
# <min> <max>
1	57

[block]
# block no. 0 follows, 33 sequences, length 23
# corresponding to MSA columns:
# 59-81
name=unknown_A
#
# <colnr> <probs for GDERKNQSTAVLIFYWHMCP>
#	G	D	E	R	K	N	Q	S	T	A	V	L	I	F	Y	W	H	M	C	P
0	0.01243	0.00792	0.00910	0.00858	0.00975	0.00793	0.00564	0.04311	0.06714	0.08476	0.02566	0.10119	0.06724	0.49411	0.02397	0.00488	0.00585	0.01001	0.00502	0.00570
1	0.01727	0.01391	0.01535	0.01395	0.04586	0.01539	0.01039	0.12668	0.46380	0.04981	0.02316	0.02381	0.01800	0.07311	0.00884	0.00245	0.00570	0.00710	0.00618	0.05923
2	0.01007	0.00877	0.00913	0.00977	0.01105	0.07630	0.00680	0.01146	0.01346	0.01721	0.03406	0.57346	0.09055	0.01765	0.00782	0.00240	0.00464	0.01569	0.00566	0.07404
3	0.01969	0.01926	0.07734	0.01849	0.06557	0.07876	0.10631	0.26783	0.19286	0.02929	0.01688	0.01771	0.01262	0.00764	0.00731	0.00209	0.03871	0.00631	0.00525	0.01007
4	0.04699	0.01446	0.01967	0.05584	0.06814	0.04618	0.07870	0.03875	0.07355	0.08254	0.01416	0.03985	0.01181	0.00859	0.01127	0.00220	0.25074	0.00617	0.00416	0.12622
5	0.03558	0.15024	0.11246	0.01572	0.04696	0.11872	0.04606	0.15237	0.06133	0.10765	0.01502	0.01630	0.01141	0.01054	0.06876	0.00262	0.00890	0.00545	0.00460	0.00932
6	0.02161	0.01755	0.01849	0.01494	0.01875	0.08037	0.01219	0.45852	0.02437	0.03259	0.01456	0.01637	0.01119	0.01161	0.06634	0.00275	0.12633	0.00585	0.03597	0.00965
7	0.10448	0.05636	0.01877	0.05079	0.17186	0.11849	0.01272	0.14607	0.10491	0.05222	0.01966	0.02050	0.07969	0.00791	0.00622	0.00198	0.00716	0.00627	0.00482	0.00914
8	0.01148	0.01089	0.07241	0.01130	0.01337	0.00978	0.00924	0.10833	0.01553	0.02100	0.06013	0.42195	0.10390	0.01605	0.00914	0.00247	0.07689	0.01373	0.00563	0.00677
9	0.01775	0.22066	0.07328	0.01515	0.05507	0.01728	0.06101	0.06415	0.08324	0.10513	0.03192	0.01642	0.01241	0.00702	0.00707	0.00181	0.07065	0.00538	0.00439	0.13022
10	0.01768	0.41468	0.14539	0.01425	0.02023	0.14976	0.04968	0.02087	0.01454	0.01728	0.01021	0.01198	0.00863	0.00587	0.00510	0.00158	0.00837	0.00412	0.00303	0.07673
11	0.00817	0.00612	0.00764	0.00857	0.00946	0.00571	0.00591	0.00949	0.01286	0.01670	0.04137	0.48515	0.20991	0.06145	0.07582	0.00347	0.00508	0.01598	0.00577	0.00538
12	0.01007	0.00629	0.00833	0.00930	0.01022	0.00577	0.00641	0.01138	0.01330	0.08543	0.03659	0.66339	0.06991	0.01926	0.00821	0.00259	0.00397	0.01735	0.00631	0.00592
13	0.02010	0.10590	0.14087	0.01733	0.08426	0.07665	0.06649	0.06551	0.01704	0.21614	0.07116	0.01908	0.01525	0.00760	0.00718	0.00199	0.04689	0.00611	0.00498	0.00949
14	0.02485	0.01383	0.01949	0.01619	0.06304	0.01383	0.07782	0.15586	0.04052	0.40812	0.02055	0.01972	0.01383	0.00802	0.00800	0.00212	0.07054	0.00650	0.00660	0.01057
15	0.02459	0.03138	0.01866	0.01696	0.02035	0.74221	0.01272	0.02629	0.01866	0.01611	0.01018	0.01187	0.00848	0.00678	0.00594	0.00170	0.01187	0.00424	0.00339	0.00763
16	0.01747	0.02041	0.24662	0.08521	0.10465	0.01494	0.10711	0.06989	0.01607	0.14676	0.03566	0.01770	0.01204	0.00723	0.00787	0.00214	0.06832	0.00610	0.00427	0.00954
17	0.01449	0.01841	0.16380	0.12654	0.24055	0.01509	0.16172	0.02080	0.08178	0.02098	0.01653	0.03350	0.04166	0.00701	0.00684	0.00212	0.00849	0.00681	0.00364	0.00924
18	0.01144	0.00572	0.00858	0.00858	0.00858	0.00572	0.00572	0.00858	0.00858	0.01144	0.01144	0.02001	0.01144	0.02287	0.02573	0.80846	0.00572	0.00572	0.00286	0.00286
19	0.01666	0.01066	0.01374	0.16416	0.02010	0.03210	0.01028	0.08410	0.03510	0.18326	0.20888	0.09892	0.02901	0.01037	0.00695	0.00210	0.00561	0.00889	0.05101	0.00809
20	0.01957	0.05138	0.07027	0.04874	0.10748	0.15789	0.14742	0.18253	0.01911	0.04526	0.01359	0.03601	0.01085	0.00732	0.00750	0.00203	0.05347	0.00614	0.00422	0.00922
21	0.05389	0.06077	0.05577	0.03767	0.10156	0.04789	0.16042	0.19406	0.06856	0.11399	0.01559	0.01695	0.01142	0.00700	0.00689	0.00204	0.02463	0.00614	0.00493	0.00984
22	0.01210	0.00959	0.01261	0.01246	0.01467	0.01005	0.04448	0.01891	0.19330	0.02134	0.06032	0.05442	0.04908	0.08690	0.01067	0.00305	0.00593	0.36706	0.00594	0.00711

[dist]
# distance from previous block
# <min> <max>
0	4

[block]
# block no. 1 follows, 33 sequences, length 9
# corresponding to MSA columns:
# 86-94
name=unknown_B
#
# <colnr> <probs for GDERKNQSTAVLIFYWHMCP>
#	G	D	E	R	K	N	Q	S	T	A	V	L	I	F	Y	W	H	M	C	P
0	0.01879	0.02342	0.10590	0.02341	0.13710	0.25443	0.19452	0.05338	0.05907	0.02059	0.01272	0.01536	0.00999	0.00661	0.00718	0.00200	0.03715	0.00581	0.00361	0.00895
1	0.05051	0.06132	0.11489	0.06273	0.05496	0.10490	0.15582	0.09869	0.06830	0.02242	0.01733	0.09108	0.03618	0.00838	0.00699	0.00210	0.02323	0.00734	0.00422	0.00860
2	0.01659	0.02127	0.20049	0.08367	0.02574	0.11397	0.15579	0.10025	0.03117	0.05035	0.06994	0.05438	0.03062	0.00798	0.00686	0.00209	0.00876	0.00708	0.00429	0.00873
3	0.01722	0.01814	0.02060	0.01828	0.05582	0.20359	0.09158	0.01929	0.01348	0.04340	0.01178	0.01732	0.01070	0.07118	0.04759	0.00304	0.32008	0.00600	0.00340	0.00751
4	0.01489	0.01252	0.01429	0.01057	0.01616	0.01052	0.00846	0.07708	0.08440	0.02376	0.01354	0.01491	0.01089	0.00553	0.00520	0.00118	0.00511	0.00442	0.00441	0.66216
5	0.10470	0.08974	0.01908	0.06066	0.07964	0.03182	0.05321	0.09185	0.20911	0.10049	0.04626	0.05254	0.01655	0.00815	0.00629	0.00206	0.00642	0.00679	0.00536	0.00929
6	0.00998	0.00728	0.00908	0.00971	0.01090	0.00709	0.00700	0.07852	0.01530	0.02035	0.09502	0.52600	0.09263	0.01828	0.00817	0.00255	0.00423	0.06560	0.00625	0.00607
7	0.00946	0.00637	0.00733	0.00738	0.00752	0.00631	0.00429	0.00976	0.01044	0.01403	0.07445	0.08756	0.02800	0.66633	0.03004	0.00583	0.00598	0.01031	0.00436	0.00424
8	0.04507	0.07210	0.04784	0.15438	0.02265	0.01445	0.01177	0.08897	0.16115	0.02362	0.01496	0.01655	0.01160	0.00651	0.00573	0.00169	0.00631	0.00521	0.00444	0.28500

[dist]
# distance from previous block
# <min> <max>
3	6

[block]
# block no. 2 follows, 33 sequences, length 41
# corresponding to MSA columns:
# 101-141
name=unknown_C
#
# <colnr> <probs for GDERKNQSTAVLIFYWHMCP>
#	G	D	E	R	K	N	Q	S	T	A	V	L	I	F	Y	W	H	M	C	P
0	0.01802	0.01507	0.02229	0.04436	0.25022	0.07443	0.12243	0.02267	0.07684	0.14349	0.01868	0.10698	0.01590	0.00849	0.00735	0.00213	0.02878	0.00782	0.00475	0.00930
1	0.66473	0.01466	0.01220	0.01261	0.08614	0.07846	0.00895	0.02004	0.01224	0.02755	0.00958	0.01137	0.00758	0.00614	0.00449	0.00200	0.00596	0.00386	0.00393	0.00751
2	0.01532	0.01712	0.03531	0.02577	0.03117	0.01731	0.57326	0.02010	0.01451	0.02010	0.01243	0.01712	0.00973	0.00668	0.01039	0.00234	0.15214	0.00739	0.00324	0.00856
3	0.01989	0.12209	0.10601	0.01785	0.06420	0.07442	0.09951	0.23115	0.11990	0.05753	0.01550	0.01638	0.01158	0.00706	0.00634	0.00196	0.00801	0.00582	0.00487	0.00994
4	0.01365	0.01170	0.01365	0.00975	0.01560	0.00878	0.00780	0.01658	0.01365	0.02145	0.01170	0.01365	0.00975	0.00488	0.00488	0.00098	0.00488	0.00390	0.00390	0.80888
5	0.01567	0.01488	0.02012	0.01703	0.01766	0.02019	0.01418	0.09797	0.01257	0.01890	0.00949	0.01457	0.00895	0.01109	0.01982	0.00277	0.66737	0.00578	0.00332	0.00768
6	0.01740	0.01465	0.01547	0.01361	0.01751	0.01686	0.01067	0.11483	0.63416	0.02920	0.02549	0.02352	0.01904	0.00881	0.00669	0.00220	0.00545	0.00726	0.00669	0.01051
7	0.00836	0.00587	0.00754	0.00873	0.00903	0.00558	0.00564	0.00926	0.01193	0.01591	0.03285	0.60508	0.03921	0.18580	0.01395	0.00349	0.00439	0.01670	0.00564	0.00505
8	0.00939	0.00636	0.00742	0.00751	0.00774	0.00626	0.00447	0.00987	0.01096	0.01480	0.10605	0.11655	0.03046	0.60329	0.02791	0.00549	0.00573	0.01077	0.00459	0.00439
9	0.00798	0.00648	0.00688	0.00715	0.00886	0.00559	0.00510	0.00941	0.01412	0.01718	0.05742	0.18274	0.54584	0.08311	0.01014	0.00266	0.00368	0.01435	0.00593	0.00538
10	0.55286	0.01275	0.01132	0.00981	0.01390	0.01432	0.00799	0.06057	0.09714	0.10747	0.01405	0.01455	0.01035	0.00684	0.00483	0.00203	0.00519	0.00461	0.04126	0.00815
11	0.01227	0.00614	0.00614	0.00614	0.00767	0.00614	0.00460	0.01534	0.01381	0.02454	0.02148	0.02454	0.01687	0.00767	0.00460	0.00153	0.00307	0.00614	0.80518	0.00614
12	0.02205	0.01568	0.01703	0.01338	0.01784	0.01708	0.01093	0.53944	0.02753	0.05581	0.10094	0.02079	0.01793	0.00855	0.00654	0.00195	0.00631	0.00668	0.08346	0.01012
13	0.01760	0.77260	0.03450	0.01126	0.01690	0.02605	0.01126	0.01971	0.01338	0.01549	0.00915	0.01056	0.00845	0.00563	0.00422	0.00141	0.00704	0.00352	0.00282	0.00845
14	0.02588	0.01707	0.01891	0.01450	0.01973	0.01838	0.01198	0.57819	0.02866	0.17216	0.01773	0.01705	0.01216	0.00795	0.00659	0.00199	0.00693	0.00606	0.00688	0.01120
15	0.01243	0.01170	0.01975	0.75282	0.04534	0.01463	0.01828	0.01682	0.01316	0.01682	0.01170	0.01755	0.00878	0.00658	0.00658	0.00219	0.00878	0.00585	0.00293	0.00731
16	0.00940	0.00704	0.01051	0.01049	0.01168	0.00815	0.00815	0.01178	0.01090	0.01572	0.04558	0.02678	0.01826	0.04795	0.71348	0.01024	0.01706	0.00725	0.00367	0.00589
17	0.02462	0.03046	0.01873	0.01683	0.02036	0.69090	0.01271	0.07457	0.01953	0.01792	0.01058	0.01215	0.00867	0.00686	0.00598	0.00172	0.01154	0.00436	0.00362	0.00789
18	0.01320	0.03405	0.73453	0.01876	0.02849	0.01529	0.02432	0.02085	0.01390	0.02085	0.01181	0.01390	0.00834	0.00625	0.00625	0.00208	0.00973	0.00486	0.00278	0.00973
19	0.05563	0.04155	0.01849	0.01514	0.01943	0.33764	0.01195	0.25255	0.06635	0.09691	0.01460	0.01495	0.01084	0.00737	0.00615	0.00186	0.00891	0.00519	0.00515	0.00935
20	0.01386	0.00681	0.00746	0.00700	0.00899	0.00653	0.00535	0.01679	0.01485	0.10858	0.07962	0.02827	0.05764	0.00866	0.00526	0.00167	0.00339	0.00706	0.60550	0.00671
21	0.00817	0.00585	0.00765	0.00894	0.00941	0.00546	0.00597	0.00937	0.01283	0.01712	0.07323	0.66564	0.06311	0.06169	0.00975	0.00283	0.00391	0.01770	0.00605	0.00532
22	0.77934	0.01358	0.01008	0.00903	0.01308	0.04771	0.00738	0.01967	0.01154	0.02893	0.00921	0.01075	0.00719	0.00614	0.00416	0.00202	0.00540	0.00360	0.00404	0.00715
23	0.00938	0.00668	0.00860	0.00824	0.00942	0.00643	0.00590	0.01174	0.01593	0.02242	0.50701	0.04579	0.04969	0.18336	0.07770	0.00377	0.00510	0.01097	0.00620	0.00569
24	0.01116	0.00932	0.06134	0.01171	0.05247	0.00758	0.00859	0.01399	0.04570	0.08101	0.07174	0.45621	0.11072	0.01634	0.00781	0.00243	0.00459	0.01455	0.00598	0.00676
25	0.01466	0.01240	0.01634	0.01183	0.01763	0.00995	0.07881	0.01852	0.04476	0.05275	0.01315	0.01493	0.01051	0.00526	0.00533	0.00120	0.00556	0.00457	0.00415	0.65769
26	0.81514	0.01273	0.00968	0.00866	0.01273	0.01477	0.00713	0.01935	0.01120	0.02954	0.00917	0.01069	0.00713	0.00611	0.00407	0.00204	0.00509	0.00356	0.00407	0.00713
27	0.01373	0.07393	0.61207	0.01941	0.02854	0.01606	0.10446	0.02081	0.01406	0.02057	0.01184	0.01417	0.00854	0.00614	0.00632	0.00206	0.00974	0.00513	0.00285	0.00956
28	0.01475	0.00797	0.01033	0.00903	0.01166	0.00709	0.00702	0.01752	0.01823	0.22171	0.44674	0.04352	0.13312	0.01239	0.00745	0.00208	0.00383	0.01069	0.00735	0.00752
29	0.00932	0.00628	0.00726	0.00751	0.00757	0.00621	0.00434	0.00951	0.01007	0.01343	0.02330	0.16162	0.02716	0.64571	0.02938	0.00577	0.00596	0.01108	0.00434	0.00421
30	0.01588	0.01343	0.01435	0.01286	0.01638	0.01532	0.01000	0.05882	0.60561	0.02796	0.10938	0.02715	0.02475	0.00943	0.00682	0.00220	0.00504	0.00791	0.00676	0.00995
31	0.01019	0.00636	0.00898	0.00908	0.00964	0.00660	0.00644	0.01022	0.01079	0.01484	0.08931	0.06954	0.02261	0.13467	0.21599	0.31902	0.00866	0.03862	0.00396	0.00445
32	0.01716	0.01439	0.02407	0.16834	0.51717	0.01474	0.01860	0.02099	0.01511	0.10525	0.01388	0.01725	0.01082	0.00627	0.00654	0.00201	0.00773	0.00595	0.00378	0.00995
33	0.02056	0.01875	0.01708	0.01461	0.01873	0.15735	0.01149	0.23488	0.37566	0.02953	0.02029	0.01949	0.01518	0.00821	0.00652	0.00205	0.00710	0.00637	0.00603	0.01012
34	0.00844	0.00669	0.00758	0.00736	0.00930	0.00584	0.00552	0.01073	0.01657	0.02149	0.34919	0.05726	0.44009	0.01529	0.00777	0.00216	0.00324	0.01304	0.00660	0.00584
35	0.12307	0.01139	0.01461	0.01135	0.01632	0.01028	0.00937	0.03057	0.01793	0.64848	0.02397	0.02101	0.01520	0.00791	0.00632	0.00204	0.00554	0.00626	0.00766	0.01072
36	0.02459	0.03138	0.01866	0.01696	0.02035	0.74221	0.01272	0.02629	0.01866	0.01611	0.01018	0.01187	0.00848	0.00678	0.00594	0.00170	0.01187	0.00424	0.00339	0.00763
37	0.00868	0.00715	0.00866	0.03002	0.04946	0.00644	0.00660	0.01071	0.01518	0.01928	0.17037	0.17466	0.43736	0.01591	0.00778	0.00226	0.00377	0.01370	0.00606	0.00595
38	0.01081	0.00646	0.00733	0.00730	0.00871	0.00625	0.00544	0.01350	0.01488	0.02316	0.22098	0.03891	0.06946	0.08795	0.00892	0.00232	0.00364	0.05664	0.40143	0.00590
39	0.01688	0.18001	0.02205	0.11418	0.02173	0.17058	0.05156	0.06128	0.03489	0.01829	0.01447	0.11613	0.01389	0.00920	0.00862	0.00208	0.12573	0.00691	0.00378	0.00775
40	0.01540	0.03448	0.21929	0.01387	0.01995	0.01328	0.02902	0.07900	0.11654	0.05788	0.05373	0.03713	0.01491	0.00729	0.00640	0.00178	0.02199	0.00591	0.00460	0.24754

[dist]
# distance from previous block
# <min> <max>
1	4

[block]
# block no. 3 follows, 33 sequences, length 39
# corresponding to MSA columns:
# 146-184
name=unknown_D
#
# <colnr> <probs for GDERKNQSTAVLIFYWHMCP>
#	G	D	E	R	K	N	Q	S	T	A	V	L	I	F	Y	W	H	M	C	P
0	0.01188	0.00930	0.01068	0.01047	0.01232	0.03557	0.00768	0.07524	0.04887	0.03676	0.06391	0.44394	0.06486	0.01582	0.00807	0.00235	0.02815	0.02786	0.00588	0.08039
1	0.17005	0.01505	0.01544	0.01282	0.01720	0.01684	0.01034	0.28099	0.26661	0.06851	0.02082	0.02002	0.04033	0.00827	0.00620	0.00209	0.00590	0.00635	0.00622	0.00995
2	0.01212	0.00783	0.00905	0.00887	0.01019	0.00807	0.00613	0.01615	0.12635	0.06524	0.02509	0.17635	0.02515	0.29007	0.05183	0.00411	0.00564	0.01015	0.13540	0.00622
3	0.01163	0.01125	0.04941	0.17673	0.13893	0.01077	0.08511	0.01483	0.01361	0.01868	0.02276	0.31411	0.02401	0.01223	0.00736	0.00233	0.00659	0.02738	0.04507	0.00723
4	0.02854	0.01280	0.01626	0.01247	0.01760	0.01204	0.01030	0.18036	0.02151	0.58009	0.02373	0.02095	0.01517	0.00809	0.00661	0.00202	0.00596	0.00647	0.00780	0.01120
5	0.01804	0.01255	0.01405	0.01229	0.01604	0.01362	0.00965	0.03123	0.48000	0.17085	0.08828	0.02809	0.05679	0.00953	0.00683	0.00218	0.00502	0.00797	0.00701	0.00999
6	0.00798	0.00591	0.00746	0.00870	0.00942	0.00539	0.00590	0.00922	0.01306	0.01699	0.04201	0.63234	0.17184	0.01988	0.00829	0.00259	0.00373	0.01781	0.00611	0.00539
7	0.01320	0.03405	0.73453	0.01876	0.02849	0.01529	0.02432	0.02085	0.01390	0.02085	0.01181	0.01390	0.00834	0.00625	0.00625	0.00208	0.00973	0.00486	0.00278	0.00973
8	0.00954	0.00653	0.00794	0.00794	0.00820	0.00680	0.00494	0.01006	0.00980	0.01333	0.02005	0.03923	0.02226	0.60785	0.19201	0.00732	0.00890	0.00901	0.00389	0.00441
9	0.02954	0.01120	0.01528	0.01171	0.01681	0.00968	0.00968	0.03208	0.01884	0.73213	0.02597	0.02241	0.01630	0.00815	0.00662	0.00204	0.00560	0.00662	0.00815	0.01120
10	0.00831	0.00657	0.00749	0.00752	0.00928	0.00574	0.00554	0.01038	0.01588	0.02047	0.27729	0.14926	0.42062	0.01613	0.00786	0.00223	0.00332	0.01387	0.00648	0.00574
11	0.01732	0.09194	0.01833	0.07495	0.06205	0.30922	0.01207	0.01931	0.01529	0.01668	0.01990	0.09461	0.10283	0.00986	0.00840	0.00204	0.10680	0.00727	0.00384	0.00731
12	0.01220	0.00786	0.00944	0.00866	0.01058	0.02968	0.02813	0.01519	0.01651	0.06760	0.35005	0.07479	0.03891	0.01100	0.00655	0.00190	0.00381	0.00952	0.29105	0.00657
13	0.00820	0.00586	0.00783	0.00927	0.00976	0.00549	0.00633	0.00953	0.01300	0.01738	0.06721	0.69895	0.04411	0.02018	0.00841	0.00266	0.00390	0.05034	0.00616	0.00542
14	0.12468	0.01648	0.02500	0.03341	0.52078	0.06334	0.08083	0.02057	0.01477	0.02220	0.01189	0.01538	0.00981	0.00593	0.00626	0.00197	0.00802	0.00562	0.00338	0.00966
15	0.00932	0.00673	0.00880	0.00828	0.00984	0.00621	0.00621	0.01242	0.01863	0.02640	0.72410	0.04918	0.06212	0.01346	0.00776	0.00207	0.00311	0.01191	0.00725	0.00621
16	0.02303	0.02451	0.02061	0.02122	0.16420	0.39016	0.01418	0.21731	0.02139	0.02439	0.01222	0.01388	0.00964	0.00691	0.00624	0.00183	0.00974	0.00505	0.00427	0.00921
17	0.01496	0.04428	0.02603	0.27721	0.39369	0.01582	0.09489	0.01915	0.01437	0.01965	0.01213	0.01665	0.00975	0.00606	0.00659	0.00204	0.00847	0.00598	0.00314	0.00913
18	0.00851	0.00666	0.00770	0.00751	0.00936	0.00585	0.00561	0.01083	0.01661	0.02177	0.37218	0.08226	0.39099	0.01532	0.00780	0.00217	0.00325	0.01314	0.00664	0.00585
19	0.00865	0.00670	0.00787	0.00758	0.00943	0.00593	0.00569	0.01113	0.01706	0.02265	0.43836	0.05534	0.35020	0.01486	0.00777	0.00214	0.00321	0.01277	0.00675	0.00593
20	0.00802	0.00641	0.00717	0.00755	0.00918	0.00557	0.00545	0.00969	0.01472	0.01844	0.12953	0.25956	0.46069	0.01744	0.00795	0.00233	0.00345	0.01504	0.00624	0.00557
21	0.01181	0.00619	0.00654	0.00676	0.00819	0.00616	0.00510	0.01471	0.01379	0.02359	0.02355	0.09047	0.02042	0.00941	0.00520	0.00172	0.00331	0.04833	0.68870	0.00606
22	0.81514	0.01273	0.00968	0.00866	0.01273	0.01477	0.00713	0.01935	0.01120	0.02954	0.00917	0.01069	0.00713	0.00611	0.00407	0.00204	0.00509	0.00356	0.00407	0.00713
23	0.01440	0.01440	0.02016	0.01728	0.01728	0.02016	0.01440	0.01584	0.01008	0.01584	0.00864	0.01440	0.00864	0.01152	0.02160	0.00288	0.75659	0.00576	0.00288	0.00720
24	0.01637	0.01414	0.01489	0.01340	0.01712	0.01637	0.01042	0.03498	0.71568	0.02754	0.02679	0.02456	0.02010	0.00893	0.00670	0.00223	0.00521	0.00744	0.00670	0.01042
25	0.01798	0.73243	0.03364	0.01157	0.01708	0.06486	0.01134	0.02007	0.01366	0.01552	0.00921	0.01063	0.00845	0.00569	0.00432	0.00142	0.00730	0.00356	0.00285	0.00840
26	0.01227	0.00614	0.00614	0.00614	0.00767	0.00614	0.00460	0.01534	0.01381	0.02454	0.02148	0.02454	0.01687	0.00767	0.00460	0.00153	0.00307	0.00614	0.80518	0.00614
27	0.81514	0.01273	0.00968	0.00866	0.01273	0.01477	0.00713	0.01935	0.01120	0.02954	0.00917	0.01069	0.00713	0.00611	0.00407	0.00204	0.00509	0.00356	0.00407	0.00713
28	0.81514	0.01273	0.00968	0.00866	0.01273	0.01477	0.00713	0.01935	0.01120	0.02954	0.00917	0.01069	0.00713	0.00611	0.00407	0.00204	0.00509	0.00356	0.00407	0.00713
29	0.00800	0.00668	0.00697	0.00690	0.00903	0.00565	0.00517	0.00987	0.01552	0.01901	0.16055	0.06133	0.63028	0.01621	0.00778	0.00220	0.00330	0.01361	0.00628	0.00565
30	0.01942	0.02103	0.02217	0.02827	0.37481	0.28441	0.01631	0.05912	0.01723	0.02046	0.01340	0.01889	0.01177	0.00722	0.00650	0.00194	0.00916	0.05508	0.00369	0.00911
31	0.01815	0.01406	0.01517	0.01332	0.01725	0.01590	0.01045	0.06872	0.61039	0.09957	0.02615	0.02390	0.01926	0.00880	0.00669	0.00220	0.00535	0.00728	0.00684	0.01054
32	0.05131	0.00723	0.00727	0.00692	0.00880	0.00742	0.00529	0.05730	0.01498	0.02591	0.05804	0.02466	0.01848	0.00792	0.00487	0.00161	0.00342	0.00631	0.67576	0.00649
33	0.00825	0.00605	0.00777	0.00893	0.00973	0.00558	0.00624	0.00973	0.01357	0.01787	0.09433	0.56794	0.14038	0.01936	0.00831	0.00258	0.00383	0.05787	0.00620	0.00549
34	0.01475	0.05806	0.01700	0.10746	0.09868	0.01370	0.02730	0.05669	0.23541	0.05053	0.05682	0.15889	0.02319	0.01072	0.00700	0.00224	0.00600	0.04146	0.00547	0.00862
35	0.28892	0.13030	0.01812	0.01444	0.06181	0.19605	0.01098	0.02011	0.01352	0.02092	0.01099	0.05210	0.01004	0.00776	0.00753	0.00201	0.11821	0.00501	0.00360	0.00758
36	0.04428	0.05740	0.08806	0.12908	0.17772	0.01665	0.23609	0.02110	0.07876	0.02083	0.01335	0.01687	0.01043	0.00652	0.00763	0.00214	0.05426	0.00632	0.00349	0.00901
37	0.01213	0.04766	0.03945	0.46917	0.03290	0.01279	0.01454	0.01580	0.01323	0.01759	0.01715	0.06168	0.04058	0.04466	0.00780	0.00232	0.00745	0.04115	0.05219	0.04976
38	0.01684	0.09629	0.18552	0.08618	0.11720	0.08280	0.04269	0.05557	0.01556	0.06465	0.01257	0.01475	0.00966	0.00612	0.00591	0.00175	0.00802	0.00498	0.00369	0.16926

[dist]
# distance from previous block
# <min> <max>
0	9

[block]
# block no. 4 follows, 33 sequences, length 13
# corresponding to MSA columns:
# 194-206
name=unknown_E
#
# <colnr> <probs for GDERKNQSTAVLIFYWHMCP>
#	G	D	E	R	K	N	Q	S	T	A	V	L	I	F	Y	W	H	M	C	P
0	0.09085	0.01458	0.03448	0.04085	0.01877	0.07891	0.08876	0.10510	0.11678	0.09231	0.03535	0.15427	0.04794	0.01008	0.00677	0.00213	0.00662	0.00867	0.00543	0.04137
1	0.07250	0.07075	0.06757	0.01906	0.10550	0.19757	0.08436	0.13698	0.03940	0.10689	0.01398	0.01529	0.01049	0.00691	0.00653	0.00194	0.02502	0.00543	0.00451	0.00933
2	0.01442	0.01096	0.00900	0.00868	0.01063	0.13010	0.00650	0.01837	0.06938	0.02294	0.02082	0.06321	0.01719	0.00833	0.00520	0.00168	0.00475	0.00661	0.56454	0.00668
3	0.14295	0.01988	0.03724	0.01435	0.01910	0.19835	0.04130	0.23767	0.01999	0.02749	0.01221	0.01364	0.00943	0.00677	0.00622	0.00178	0.03018	0.00483	0.00456	0.15207
4	0.01689	0.01640	0.01950	0.01765	0.05689	0.09464	0.01373	0.11300	0.05534	0.02037	0.01153	0.01564	0.01016	0.01207	0.05437	0.00295	0.45128	0.00580	0.00372	0.00809
5	0.00818	0.00588	0.00751	0.00874	0.00922	0.00549	0.00578	0.00924	0.01244	0.01641	0.03684	0.62500	0.09447	0.10803	0.01130	0.00307	0.00408	0.01727	0.00586	0.00520
6	0.01238	0.00928	0.01271	0.04690	0.01422	0.01101	0.00925	0.01550	0.06607	0.06485	0.01765	0.02643	0.01643	0.17346	0.33602	0.00678	0.14325	0.00726	0.00404	0.00653
7	0.11149	0.06751	0.15435	0.02185	0.15969	0.01636	0.14866	0.08501	0.01600	0.10009	0.01347	0.01564	0.01006	0.00660	0.00703	0.00206	0.04486	0.00571	0.00407	0.00948
8	0.01271	0.01214	0.01445	0.01337	0.01445	0.09793	0.01064	0.01470	0.01138	0.01555	0.01402	0.02073	0.01314	0.03285	0.43658	0.00719	0.24204	0.00633	0.00331	0.00649
9	0.00802	0.00573	0.00764	0.00917	0.00955	0.00535	0.00611	0.00917	0.01260	0.01681	0.03628	0.76434	0.04354	0.02062	0.00840	0.00267	0.00382	0.01872	0.00611	0.00535
10	0.05562	0.15615	0.07140	0.01981	0.02556	0.08521	0.30608	0.10216	0.05684	0.02265	0.01295	0.01544	0.01003	0.00635	0.00681	0.00200	0.02614	0.00603	0.00381	0.00898
11	0.01698	0.51276	0.22382	0.01361	0.02033	0.02268	0.01492	0.07357	0.01489	0.01898	0.01040	0.01188	0.00863	0.00598	0.00496	0.00164	0.00779	0.00407	0.00310	0.00901
12	0.00865	0.00680	0.00761	0.00780	0.00935	0.00621	0.00554	0.01101	0.04784	0.01858	0.13882	0.20737	0.37647	0.10490	0.01088	0.00279	0.00386	0.01385	0.00604	0.00565

[dist]
# distance from previous block
# <min> <max>
0	3

[block]
# block no. 5 follows, 33 sequences, length 9
# corresponding to MSA columns:
# 210-218
name=unknown_F
#
# <colnr> <probs for GDERKNQSTAVLIFYWHMCP>
#	G	D	E	R	K	N	Q	S	T	A	V	L	I	F	Y	W	H	M	C	P
0	0.01094	0.00850	0.01195	0.12429	0.03299	0.00957	0.00935	0.04257	0.01317	0.01848	0.07959	0.06558	0.07008	0.08879	0.28853	0.00570	0.03999	0.00834	0.06527	0.00633
1	0.01620	0.17361	0.12726	0.04535	0.05030	0.08742	0.01443	0.08369	0.01468	0.01932	0.01284	0.07474	0.01193	0.01020	0.03266	0.00241	0.20507	0.00614	0.00355	0.00820
2	0.08324	0.15330	0.32491	0.01662	0.02371	0.01706	0.10332	0.08827	0.01572	0.06548	0.01349	0.04243	0.01055	0.00686	0.00605	0.00199	0.00834	0.00562	0.00379	0.00925
3	0.01424	0.01706	0.10992	0.01634	0.07832	0.13437	0.01301	0.01701	0.01367	0.01818	0.11182	0.02294	0.01860	0.07398	0.12836	0.00387	0.19049	0.00675	0.00378	0.00729
4	0.01787	0.07617	0.07611	0.07131	0.24954	0.11930	0.01556	0.06861	0.01610	0.07592	0.01607	0.04684	0.04309	0.00791	0.00765	0.00203	0.07057	0.00629	0.00401	0.00905
5	0.01925	0.17126	0.10290	0.01776	0.09512	0.10342	0.07311	0.14715	0.01838	0.08007	0.05196	0.01651	0.01292	0.00685	0.00606	0.00181	0.00792	0.00554	0.00440	0.05763
6	0.03105	0.04362	0.16541	0.01593	0.05870	0.06379	0.08185	0.03397	0.09625	0.06410	0.02284	0.12929	0.07174	0.04544	0.04409	0.00275	0.00779	0.00852	0.00462	0.00825
7	0.01340	0.04783	0.01168	0.01032	0.01240	0.08194	0.00770	0.06730	0.01624	0.07971	0.12219	0.35935	0.11408	0.01510	0.00751	0.00228	0.00505	0.01309	0.00603	0.00680
8	0.08491	0.04219	0.08092	0.01483	0.05970	0.11054	0.06420	0.02122	0.01605	0.18699	0.11118	0.08309	0.03579	0.03668	0.00761	0.00222	0.00691	0.02132	0.00532	0.00833

[dist]
# distance from previous block
# <min> <max>
1	9

[block]
# block no. 6 follows, 33 sequences, length 22
# corresponding to MSA columns:
# 228-249
name=unknown_G
#
# <colnr> <probs for GDERKNQSTAVLIFYWHMCP>
#	G	D	E	R	K	N	Q	S	T	A	V	L	I	F	Y	W	H	M	C	P
0	0.01300	0.01319	0.12978	0.01240	0.02771	0.00977	0.03129	0.07241	0.03739	0.07605	0.09157	0.23347	0.12662	0.01320	0.00740	0.00226	0.00557	0.04806	0.00565	0.04320
1	0.01615	0.10709	0.10229	0.13378	0.15034	0.01450	0.04414	0.02121	0.07566	0.11511	0.01735	0.07284	0.01429	0.00956	0.03743	0.00238	0.00760	0.00679	0.04261	0.00889
2	0.01642	0.09525	0.20194	0.01768	0.10493	0.08068	0.03812	0.07248	0.06128	0.06844	0.10334	0.07481	0.01938	0.00853	0.00653	0.00201	0.00748	0.00714	0.00460	0.00896
3	0.01487	0.01494	0.02771	0.06196	0.33180	0.01441	0.25311	0.01903	0.01476	0.02072	0.01483	0.08601	0.01322	0.00707	0.00699	0.00204	0.00837	0.00755	0.00359	0.07703
4	0.17708	0.01456	0.01692	0.01321	0.01801	0.01526	0.05344	0.30802	0.02205	0.20526	0.04932	0.01986	0.04185	0.00805	0.00628	0.00203	0.00634	0.00633	0.00629	0.00983
5	0.01519	0.01581	0.07934	0.23845	0.30317	0.01571	0.04772	0.07768	0.01532	0.02120	0.01314	0.04578	0.01100	0.00727	0.00778	0.00215	0.06440	0.00637	0.00350	0.00903
6	0.01055	0.00976	0.03838	0.01348	0.03630	0.00946	0.09352	0.01390	0.04413	0.01834	0.07006	0.21877	0.07982	0.02490	0.23201	0.00491	0.03890	0.03141	0.00475	0.00663
7	0.00814	0.00582	0.00778	0.00931	0.00974	0.00545	0.00633	0.00938	0.01273	0.01694	0.03622	0.73136	0.04327	0.02051	0.00844	0.00269	0.00393	0.05048	0.00611	0.00538
8	0.02368	0.01609	0.06176	0.01348	0.01851	0.01562	0.01162	0.40748	0.02492	0.21088	0.05005	0.01953	0.01502	0.00809	0.00646	0.00197	0.00647	0.00632	0.07160	0.01047
9	0.01139	0.01016	0.01392	0.05327	0.06049	0.01082	0.05243	0.04346	0.04404	0.01910	0.03832	0.08674	0.31478	0.03984	0.02963	0.00271	0.11741	0.03965	0.00501	0.00683
10	0.01338	0.01185	0.09787	0.15483	0.04418	0.00984	0.04186	0.01665	0.01398	0.10345	0.02385	0.20546	0.05049	0.04350	0.00793	0.00235	0.00610	0.00962	0.13549	0.00734
11	0.02355	0.02964	0.01881	0.01699	0.02004	0.66817	0.01289	0.02522	0.01778	0.01608	0.01002	0.01213	0.00850	0.00727	0.00754	0.00182	0.08823	0.00440	0.00334	0.00759
12	0.01084	0.00702	0.00913	0.00856	0.01035	0.00640	0.00643	0.01365	0.01793	0.08498	0.56948	0.10942	0.09293	0.01380	0.00772	0.00213	0.00339	0.01215	0.00716	0.00652
13	0.01441	0.01841	0.18697	0.15671	0.25899	0.01440	0.11573	0.01927	0.01462	0.03999	0.04400	0.05871	0.01375	0.00723	0.00680	0.00211	0.00841	0.00688	0.00356	0.00906
14	0.01614	0.01386	0.02128	0.34162	0.27829	0.03888	0.01720	0.06229	0.01553	0.07653	0.01434	0.04947	0.01159	0.00715	0.00662	0.00209	0.00798	0.00642	0.00384	0.00888
15	0.01554	0.01776	0.03885	0.02775	0.03441	0.01665	0.70366	0.02109	0.01554	0.02109	0.01332	0.01776	0.00999	0.00555	0.00777	0.00222	0.01110	0.00777	0.00333	0.00888
16	0.01091	0.00748	0.00938	0.02621	0.01095	0.00767	0.00652	0.01346	0.05635	0.05956	0.10039	0.07351	0.10855	0.28400	0.19070	0.00564	0.00816	0.00977	0.00497	0.00583
17	0.03781	0.05058	0.03824	0.05092	0.07207	0.18915	0.12697	0.09754	0.03919	0.08681	0.07500	0.04801	0.01614	0.00802	0.00715	0.00202	0.03433	0.00675	0.00463	0.00867
18	0.01671	0.01529	0.02218	0.31177	0.27042	0.08341	0.03523	0.03617	0.01508	0.07553	0.01291	0.01679	0.00999	0.00672	0.00725	0.00208	0.04423	0.00581	0.00359	0.00884
19	0.00804	0.00620	0.00735	0.00807	0.00931	0.00551	0.00567	0.00957	0.01413	0.01807	0.11065	0.41360	0.32353	0.01837	0.00809	0.00244	0.00356	0.01613	0.00621	0.00551
20	0.01319	0.01153	0.05268	0.01437	0.08941	0.03408	0.03089	0.06999	0.04232	0.06425	0.12375	0.25575	0.10781	0.01365	0.00755	0.00230	0.00546	0.04777	0.00578	0.00749
21	0.01860	0.02139	0.20279	0.01949	0.04347	0.04786	0.18552	0.15968	0.08587	0.09237	0.01556	0.01706	0.01127	0.00709	0.00744	0.00212	0.04172	0.00624	0.00460	0.00983

[dist]
# distance from previous block
# <min> <max>
0	2

[block]
# block no. 7 follows, 33 sequences, length 7
# corresponding to MSA columns:
# 252-258
name=unknown_H
#
# <colnr> <probs for GDERKNQSTAVLIFYWHMCP>
#	G	D	E	R	K	N	Q	S	T	A	V	L	I	F	Y	W	H	M	C	P
0	0.01433	0.01083	0.01223	0.01115	0.01396	0.01182	0.00853	0.02470	0.36911	0.07856	0.09056	0.03270	0.10141	0.08474	0.10202	0.00363	0.00652	0.00863	0.00615	0.00841
1	0.00931	0.00681	0.00879	0.00852	0.01013	0.00629	0.00655	0.01227	0.01795	0.02493	0.59415	0.05301	0.12031	0.01423	0.00790	0.00218	0.00343	0.08006	0.00702	0.00614
2	0.01625	0.01603	0.02848	0.10466	0.25966	0.01635	0.27094	0.07158	0.10439	0.02307	0.01472	0.01797	0.01137	0.00636	0.00701	0.00211	0.00876	0.00677	0.00392	0.00959
3	0.01931	0.15812	0.10704	0.07348	0.05254	0.11915	0.03908	0.12391	0.14245	0.07874	0.01553	0.01638	0.01169	0.00706	0.00609	0.00192	0.00794	0.00551	0.00459	0.00946
4	0.09671	0.01078	0.01396	0.01101	0.01557	0.00969	0.00901	0.02848	0.01814	0.58091	0.11239	0.02474	0.02125	0.00864	0.00654	0.00204	0.00524	0.00701	0.00767	0.01021
5	0.09012	0.00716	0.00794	0.00820	0.01000	0.00674	0.00616	0.01133	0.01483	0.02065	0.18419	0.21194	0.31104	0.01596	0.00765	0.00234	0.00380	0.06797	0.00613	0.00584
6	0.11837	0.01587	0.07419	0.05044	0.12756	0.01418	0.20067	0.06517	0.01607	0.12954	0.03500	0.01743	0.01203	0.00646	0.00642	0.00197	0.00774	0.00611	0.00445	0.09030

[dist]
# distance from previous block
# <min> <max>
0	6

[block]
# block no. 8 follows, 33 sequences, length 19
# corresponding to MSA columns:
# 265-283
name=unknown_I
#
# <colnr> <probs for GDERKNQSTAVLIFYWHMCP>
#	G	D	E	R	K	N	Q	S	T	A	V	L	I	F	Y	W	H	M	C	P
0	0.11332	0.09391	0.22154	0.06537	0.03933	0.05884	0.07999	0.08034	0.05662	0.02255	0.01356	0.01577	0.02674	0.00720	0.00746	0.00208	0.07747	0.00545	0.00370	0.00878
1	0.00817	0.00611	0.00750	0.00834	0.00931	0.00554	0.00574	0.00961	0.01376	0.01794	0.11903	0.47345	0.22185	0.05014	0.00922	0.00265	0.00372	0.01633	0.00615	0.00544
2	0.01604	0.02353	0.27431	0.07465	0.08716	0.07001	0.23039	0.05220	0.04955	0.03877	0.01344	0.01620	0.00995	0.00632	0.00679	0.00210	0.00966	0.00608	0.00353	0.00933
3	0.00956	0.00730	0.00878	0.00840	0.01017	0.00692	0.00625	0.01352	0.07799	0.02380	0.47061	0.08431	0.19403	0.03873	0.00855	0.00229	0.00348	0.01218	0.00680	0.00633
4	0.01062	0.00873	0.01242	0.01169	0.01249	0.01078	0.00915	0.01256	0.01090	0.01590	0.06286	0.02640	0.01838	0.11058	0.44873	0.00774	0.19306	0.00732	0.00367	0.00603
5	0.63932	0.01253	0.01084	0.00933	0.01360	0.01387	0.00765	0.02171	0.04101	0.13022	0.01240	0.01305	0.00907	0.00647	0.00458	0.00200	0.00516	0.00417	0.00476	0.03823
6	0.00865	0.00618	0.00836	0.00988	0.01054	0.00589	0.00720	0.01025	0.01322	0.01751	0.03594	0.59759	0.04218	0.02004	0.00857	0.00276	0.00436	0.17929	0.00610	0.00552
7	0.00810	0.00603	0.00755	0.00854	0.00944	0.00548	0.00588	0.00956	0.01373	0.01799	0.11245	0.54163	0.19151	0.01905	0.00820	0.00252	0.00364	0.01699	0.00623	0.00548
8	0.00940	0.00705	0.01058	0.01058	0.01176	0.00823	0.00823	0.01176	0.01058	0.01528	0.01763	0.02586	0.01646	0.04937	0.74255	0.01058	0.01763	0.00705	0.00353	0.00588
9	0.02149	0.14120	0.02138	0.01615	0.01921	0.48862	0.01283	0.02320	0.01614	0.01596	0.00971	0.01218	0.00851	0.00755	0.00880	0.00189	0.15986	0.00443	0.00320	0.00767
10	0.00923	0.00666	0.00872	0.00834	0.00981	0.00615	0.00620	0.01219	0.01821	0.02572	0.67532	0.09990	0.06080	0.01397	0.00781	0.00211	0.00316	0.01239	0.00717	0.00615
11	0.08895	0.42735	0.16938	0.01319	0.01906	0.06395	0.01365	0.02089	0.01378	0.06334	0.01079	0.01226	0.00882	0.00632	0.00573	0.00173	0.04472	0.00414	0.00330	0.00865
12	0.07272	0.09284	0.01822	0.01347	0.01795	0.01865	0.01101	0.26457	0.36010	0.03127	0.02002	0.01918	0.01496	0.00805	0.00623	0.00205	0.00609	0.00626	0.00609	0.01027
13	0.77447	0.01282	0.01021	0.00910	0.01296	0.01504	0.00750	0.01917	0.01115	0.02884	0.00914	0.01088	0.00721	0.00639	0.00496	0.00208	0.04326	0.00368	0.00401	0.00713
14	0.01226	0.00812	0.01148	0.03461	0.07447	0.00815	0.00859	0.01387	0.01330	0.11210	0.02930	0.48388	0.03247	0.06286	0.01038	0.00276	0.05487	0.01418	0.00569	0.00667
15	0.00858	0.00623	0.00809	0.00863	0.00964	0.00574	0.00609	0.01062	0.01541	0.02110	0.34166	0.40720	0.09207	0.01723	0.00808	0.00238	0.00348	0.01542	0.00661	0.00574
16	0.01465	0.16833	0.43760	0.01814	0.02611	0.01760	0.11742	0.02198	0.07893	0.02050	0.01291	0.01481	0.00968	0.00628	0.00613	0.00199	0.00900	0.00527	0.00323	0.00943
17	0.06730	0.01282	0.01842	0.02123	0.24089	0.03511	0.07112	0.01933	0.09738	0.02363	0.20349	0.05028	0.02669	0.00900	0.00683	0.00203	0.00614	0.02732	0.00499	0.05600
18	0.00927	0.00661	0.00816	0.00787	0.00947	0.00605	0.00587	0.01204	0.01730	0.02435	0.51903	0.08598	0.16401	0.01382	0.00751	0.00208	0.00318	0.01205	0.07928	0.00605

[dist]
# distance from previous block
# <min> <max>
0	11

# created by:
# /home/berkeley/.conda/envs/busco_data_prod/bin/msa2prfl.pl pipeline/OGs_align_augustus/4893/19691.fs
