[name]
unknown

[dist]
# distance from previous block
# <min> <max>
7	27

[block]
# block no. 0 follows, 33 sequences, length 71
# corresponding to MSA columns:
# 30-100
name=unknown_A
#
# <colnr> <probs for GDERKNQSTAVLIFYWHMCP>
#	G	D	E	R	K	N	Q	S	T	A	V	L	I	F	Y	W	H	M	C	P
0	0.00807	0.00583	0.00764	0.00898	0.00952	0.00540	0.00605	0.00933	0.01302	0.01731	0.06994	0.69004	0.08442	0.02006	0.00834	0.00262	0.00376	0.01812	0.00616	0.00540
1	0.00834	0.00618	0.00771	0.00838	0.00941	0.00564	0.00584	0.01003	0.01445	0.01920	0.20911	0.42476	0.18442	0.04372	0.00898	0.00256	0.00364	0.01578	0.00631	0.00555
2	0.08674	0.00830	0.00987	0.00950	0.01169	0.00812	0.00709	0.01706	0.07768	0.14000	0.17100	0.29800	0.07850	0.01413	0.00728	0.00229	0.00416	0.01229	0.02915	0.00715
3	0.01189	0.00727	0.00931	0.00961	0.01096	0.00686	0.00679	0.05194	0.01463	0.11024	0.06571	0.53235	0.05833	0.05944	0.00942	0.00272	0.00434	0.01547	0.00633	0.00640
4	0.00802	0.00573	0.00764	0.00917	0.00955	0.00535	0.00611	0.00917	0.01260	0.01681	0.03628	0.76434	0.04354	0.02062	0.00840	0.00267	0.00382	0.01872	0.00611	0.00535
5	0.09243	0.00859	0.01031	0.00956	0.01180	0.00828	0.00702	0.04715	0.01481	0.20455	0.07021	0.27537	0.05046	0.14506	0.01175	0.00301	0.00494	0.01140	0.00616	0.00712
6	0.01287	0.00834	0.01001	0.00945	0.01158	0.00812	0.00699	0.01755	0.13122	0.12217	0.20231	0.19246	0.14162	0.08281	0.00991	0.00264	0.00429	0.01193	0.00658	0.00713
7	0.02053	0.01467	0.01602	0.01314	0.01723	0.01604	0.01053	0.39324	0.16299	0.07570	0.04386	0.08842	0.01832	0.00945	0.00666	0.00206	0.00598	0.00765	0.06754	0.00996
8	0.01243	0.01170	0.01975	0.75282	0.04534	0.01463	0.01828	0.01682	0.01316	0.01682	0.01170	0.01755	0.00878	0.00658	0.00658	0.00219	0.00878	0.00585	0.00293	0.00731
9	0.00832	0.00606	0.00784	0.00873	0.00956	0.00558	0.00604	0.01001	0.01433	0.01930	0.21145	0.52351	0.10796	0.01848	0.00819	0.00248	0.00360	0.01658	0.00640	0.00558
10	0.03672	0.00742	0.00959	0.00928	0.01051	0.00793	0.00677	0.03521	0.01174	0.03765	0.04266	0.03266	0.08122	0.21715	0.34714	0.07753	0.01100	0.00814	0.00418	0.00551
11	0.00849	0.00641	0.00764	0.00789	0.00920	0.00578	0.00558	0.01031	0.01499	0.01974	0.25959	0.24588	0.26889	0.08689	0.01034	0.00268	0.00368	0.01417	0.00627	0.00556
12	0.01554	0.01776	0.03885	0.02775	0.03441	0.01665	0.70366	0.02109	0.01554	0.02109	0.01332	0.01776	0.00999	0.00555	0.00777	0.00222	0.01110	0.00777	0.00333	0.00888
13	0.01365	0.01170	0.01365	0.00975	0.01560	0.00878	0.00780	0.01658	0.01365	0.02145	0.01170	0.01365	0.00975	0.00488	0.00488	0.00098	0.00488	0.00390	0.00390	0.80888
14	0.01176	0.00912	0.01094	0.03284	0.05289	0.03349	0.00791	0.01558	0.09411	0.05288	0.17876	0.11624	0.15343	0.09886	0.07312	0.02924	0.00598	0.01058	0.00561	0.00666
15	0.01011	0.00775	0.00983	0.00970	0.01070	0.02831	0.00704	0.01234	0.03499	0.01567	0.06267	0.03201	0.02143	0.25868	0.44012	0.00827	0.01280	0.00804	0.00400	0.00554
16	0.02503	0.01844	0.01976	0.01515	0.02042	0.02042	0.01251	0.70562	0.03095	0.04149	0.01581	0.01581	0.01120	0.00790	0.00659	0.00198	0.00724	0.00593	0.00659	0.01120
17	0.00816	0.00603	0.00763	0.00861	0.00947	0.00550	0.00593	0.00967	0.01386	0.01831	0.13757	0.54301	0.16423	0.01894	0.00821	0.00251	0.00364	0.01693	0.00627	0.00550
18	0.00788	0.00667	0.00680	0.00677	0.00895	0.00560	0.00508	0.00963	0.01523	0.01832	0.10751	0.06248	0.68375	0.01647	0.00778	0.00221	0.00332	0.01377	0.00618	0.00560
19	0.02522	0.01813	0.01956	0.01500	0.02026	0.01995	0.01239	0.67647	0.03043	0.07138	0.01625	0.01609	0.01142	0.00791	0.00659	0.00198	0.00717	0.00596	0.00665	0.01120
20	0.01760	0.77260	0.03450	0.01126	0.01690	0.02605	0.01126	0.01971	0.01338	0.01549	0.00915	0.01056	0.00845	0.00563	0.00422	0.00141	0.00704	0.00352	0.00282	0.00845
21	0.01227	0.00614	0.00614	0.00614	0.00767	0.00614	0.00460	0.01534	0.01381	0.02454	0.02148	0.02454	0.01687	0.00767	0.00460	0.00153	0.00307	0.00614	0.80518	0.00614
22	0.01760	0.77260	0.03450	0.01126	0.01690	0.02605	0.01126	0.01971	0.01338	0.01549	0.00915	0.01056	0.00845	0.00563	0.00422	0.00141	0.00704	0.00352	0.00282	0.00845
23	0.01320	0.03405	0.73453	0.01876	0.02849	0.01529	0.02432	0.02085	0.01390	0.02085	0.01181	0.01390	0.00834	0.00625	0.00625	0.00208	0.00973	0.00486	0.00278	0.00973
24	0.01678	0.01434	0.01511	0.01348	0.01727	0.01656	0.01052	0.06606	0.68395	0.02819	0.02629	0.02416	0.01968	0.00888	0.00669	0.00222	0.00530	0.00737	0.00669	0.01046
25	0.00956	0.00644	0.00749	0.00749	0.00759	0.00655	0.00437	0.00977	0.00966	0.01299	0.02046	0.04152	0.02326	0.70352	0.09770	0.00676	0.00740	0.00935	0.00395	0.00416
26	0.02459	0.03138	0.01866	0.01696	0.02035	0.74221	0.01272	0.02629	0.01866	0.01611	0.01018	0.01187	0.00848	0.00678	0.00594	0.00170	0.01187	0.00424	0.00339	0.00763
27	0.00940	0.00705	0.01058	0.01058	0.01176	0.00823	0.00823	0.01176	0.01058	0.01528	0.01763	0.02586	0.01646	0.04937	0.74255	0.01058	0.01763	0.00705	0.00353	0.00588
28	0.01144	0.00572	0.00858	0.00858	0.00858	0.00572	0.00572	0.00858	0.00858	0.01144	0.01144	0.02001	0.01144	0.02287	0.02573	0.80846	0.00572	0.00572	0.00286	0.00286
29	0.01320	0.03405	0.73453	0.01876	0.02849	0.01529	0.02432	0.02085	0.01390	0.02085	0.01181	0.01390	0.00834	0.00625	0.00625	0.00208	0.00973	0.00486	0.00278	0.00973
30	0.01365	0.01170	0.01365	0.00975	0.01560	0.00878	0.00780	0.01658	0.01365	0.02145	0.01170	0.01365	0.00975	0.00488	0.00488	0.00098	0.00488	0.00390	0.00390	0.80888
31	0.00802	0.00573	0.00764	0.00917	0.00955	0.00535	0.00611	0.00917	0.01260	0.01681	0.03628	0.76434	0.04354	0.02062	0.00840	0.00267	0.00382	0.01872	0.00611	0.00535
32	0.02459	0.03138	0.01866	0.01696	0.02035	0.74221	0.01272	0.02629	0.01866	0.01611	0.01018	0.01187	0.00848	0.00678	0.00594	0.00170	0.01187	0.00424	0.00339	0.00763
33	0.00845	0.00594	0.00767	0.00889	0.00924	0.00565	0.00587	0.00944	0.01210	0.01611	0.03306	0.58763	0.03930	0.17281	0.01354	0.00344	0.00444	0.04562	0.00568	0.00510
34	0.00813	0.00581	0.00777	0.00929	0.00973	0.00544	0.00631	0.00936	0.01271	0.01693	0.03622	0.73447	0.04330	0.02052	0.00843	0.00269	0.00392	0.04748	0.00611	0.00538
35	0.00891	0.00641	0.00843	0.00856	0.00974	0.00594	0.00618	0.01139	0.01673	0.02336	0.50651	0.27542	0.05624	0.01573	0.00797	0.00226	0.00333	0.01406	0.00689	0.00594
36	0.01286	0.01240	0.01971	0.72668	0.04445	0.04047	0.01809	0.01716	0.01336	0.01680	0.01165	0.01735	0.00877	0.00659	0.00656	0.00218	0.00889	0.00579	0.00294	0.00732
37	0.78238	0.01350	0.01005	0.00900	0.01305	0.04492	0.00736	0.01964	0.01151	0.02898	0.00921	0.01074	0.00719	0.00614	0.00415	0.00202	0.00537	0.00359	0.00405	0.00715
38	0.00957	0.00638	0.00718	0.00718	0.00718	0.00638	0.00399	0.00957	0.00957	0.01276	0.02074	0.04308	0.02393	0.76864	0.03351	0.00638	0.00638	0.00957	0.00399	0.00399
39	0.81514	0.01273	0.00968	0.00866	0.01273	0.01477	0.00713	0.01935	0.01120	0.02954	0.00917	0.01069	0.00713	0.00611	0.00407	0.00204	0.00509	0.00356	0.00407	0.00713
40	0.01629	0.01564	0.02672	0.04041	0.72757	0.01564	0.02020	0.02020	0.01499	0.02151	0.01238	0.01629	0.01043	0.00587	0.00652	0.00196	0.00782	0.00587	0.00326	0.01043
41	0.01544	0.01848	0.06959	0.02735	0.03414	0.01659	0.67364	0.02108	0.01547	0.02108	0.01325	0.01759	0.00992	0.00558	0.00770	0.00221	0.01104	0.00764	0.00331	0.00892
42	0.01637	0.01414	0.01489	0.01340	0.01712	0.01637	0.01042	0.03498	0.71568	0.02754	0.02679	0.02456	0.02010	0.00893	0.00670	0.00223	0.00521	0.00744	0.00670	0.01042
43	0.01144	0.00572	0.00858	0.00858	0.00858	0.00572	0.00572	0.00858	0.00858	0.01144	0.01144	0.02001	0.01144	0.02287	0.02573	0.80846	0.00572	0.00572	0.00286	0.00286
44	0.01320	0.03405	0.73453	0.01876	0.02849	0.01529	0.02432	0.02085	0.01390	0.02085	0.01181	0.01390	0.00834	0.00625	0.00625	0.00208	0.00973	0.00486	0.00278	0.00973
45	0.00940	0.00705	0.01058	0.01058	0.01176	0.00823	0.00823	0.01176	0.01058	0.01528	0.01763	0.02586	0.01646	0.04937	0.74255	0.01058	0.01763	0.00705	0.00353	0.00588
46	0.02503	0.01844	0.01976	0.01515	0.02042	0.02042	0.01251	0.70562	0.03095	0.04149	0.01581	0.01581	0.01120	0.00790	0.00659	0.00198	0.00724	0.00593	0.00659	0.01120
47	0.01365	0.01170	0.01365	0.00975	0.01560	0.00878	0.00780	0.01658	0.01365	0.02145	0.01170	0.01365	0.00975	0.00488	0.00488	0.00098	0.00488	0.00390	0.00390	0.80888
48	0.01409	0.09437	0.65357	0.01792	0.02716	0.01600	0.02277	0.02112	0.01401	0.04324	0.01205	0.01390	0.00860	0.00626	0.00610	0.00203	0.00937	0.00481	0.00296	0.00967
49	0.00940	0.00705	0.01058	0.01058	0.01176	0.00823	0.00823	0.01176	0.01058	0.01528	0.01763	0.02586	0.01646	0.04937	0.74255	0.01058	0.01763	0.00705	0.00353	0.00588
50	0.02561	0.01750	0.01918	0.01470	0.01995	0.01902	0.01214	0.61811	0.02938	0.13122	0.01713	0.01666	0.01186	0.00793	0.00659	0.00198	0.00703	0.00602	0.00679	0.01120
51	0.00778	0.00667	0.00667	0.00667	0.00889	0.00556	0.00500	0.00945	0.01501	0.01778	0.06669	0.06336	0.72490	0.01667	0.00778	0.00222	0.00333	0.01389	0.00611	0.00556
52	0.01243	0.01170	0.01975	0.75282	0.04534	0.01463	0.01828	0.01682	0.01316	0.01682	0.01170	0.01755	0.00878	0.00658	0.00658	0.00219	0.00878	0.00585	0.00293	0.00731
53	0.02503	0.01844	0.01976	0.01515	0.02042	0.02042	0.01251	0.70562	0.03095	0.04149	0.01581	0.01581	0.01120	0.00790	0.00659	0.00198	0.00724	0.00593	0.00659	0.01120
54	0.01144	0.00572	0.00858	0.00858	0.00858	0.00572	0.00572	0.00858	0.00858	0.01144	0.01144	0.02001	0.01144	0.02287	0.02573	0.80846	0.00572	0.00572	0.00286	0.00286
55	0.02754	0.01235	0.01574	0.01229	0.01725	0.01164	0.01008	0.10802	0.09894	0.57498	0.02492	0.02191	0.01615	0.00821	0.00663	0.00205	0.00574	0.00664	0.00781	0.01111
56	0.00951	0.00636	0.00720	0.00726	0.00728	0.00634	0.00408	0.00956	0.00970	0.01293	0.02139	0.07297	0.02475	0.73764	0.03247	0.00623	0.00628	0.00995	0.00408	0.00405
57	0.00802	0.00573	0.00764	0.00917	0.00955	0.00535	0.00611	0.00917	0.01260	0.01681	0.03628	0.76434	0.04354	0.02062	0.00840	0.00267	0.00382	0.01872	0.00611	0.00535
58	0.00980	0.00706	0.00900	0.00980	0.01079	0.00690	0.00697	0.07139	0.01493	0.02004	0.09669	0.59055	0.04201	0.01870	0.00823	0.00258	0.00420	0.05813	0.00625	0.00599
59	0.01365	0.01170	0.01365	0.00975	0.01560	0.00878	0.00780	0.01658	0.01365	0.02145	0.01170	0.01365	0.00975	0.00488	0.00488	0.00098	0.00488	0.00390	0.00390	0.80888
60	0.00902	0.00619	0.00731	0.00779	0.00799	0.00603	0.00470	0.00944	0.01072	0.01422	0.02723	0.27222	0.05399	0.50613	0.02468	0.00507	0.00547	0.01262	0.00473	0.00447
61	0.01289	0.00963	0.01325	0.01193	0.01373	0.03992	0.05141	0.04471	0.01245	0.06161	0.01682	0.02418	0.01517	0.08475	0.41435	0.08471	0.04766	0.00686	0.02762	0.00635
62	0.24980	0.01146	0.01205	0.01040	0.01385	0.01212	0.00825	0.14002	0.03867	0.16130	0.05825	0.09495	0.01925	0.05735	0.00776	0.00237	0.00531	0.02909	0.05956	0.00819
63	0.00973	0.00751	0.00841	0.00823	0.01009	0.00699	0.00603	0.07138	0.01616	0.02077	0.16144	0.20044	0.36503	0.06602	0.00951	0.00254	0.00394	0.01357	0.00620	0.00602
64	0.00801	0.00578	0.00758	0.00902	0.00951	0.00536	0.00605	0.00918	0.01274	0.01686	0.03807	0.72326	0.08347	0.02039	0.00837	0.00265	0.00379	0.01843	0.00611	0.00536
65	0.01297	0.01088	0.03583	0.04780	0.10103	0.01138	0.01111	0.12745	0.01506	0.02103	0.04019	0.06787	0.01740	0.03123	0.41006	0.00675	0.01281	0.00747	0.00423	0.00746
66	0.06454	0.01152	0.01335	0.00984	0.01533	0.00911	0.00787	0.01790	0.01393	0.08613	0.01368	0.03998	0.01134	0.00579	0.00510	0.00120	0.00492	0.00463	0.00437	0.65948
67	0.00858	0.00625	0.00762	0.00811	0.00900	0.00579	0.00549	0.01000	0.01372	0.01822	0.18702	0.33211	0.16942	0.17233	0.01332	0.00322	0.00410	0.01447	0.00592	0.00529
68	0.06646	0.04208	0.02176	0.10815	0.14522	0.41025	0.07347	0.02312	0.01655	0.01831	0.01092	0.01370	0.00890	0.00643	0.00612	0.00186	0.01024	0.00495	0.00333	0.00817
69	0.01586	0.01548	0.04237	0.15258	0.46114	0.04701	0.03826	0.01950	0.01445	0.03869	0.01255	0.01679	0.01031	0.00805	0.02796	0.03091	0.02962	0.00587	0.00331	0.00926
70	0.00931	0.00651	0.00791	0.00809	0.00913	0.00611	0.00553	0.01073	0.01347	0.03717	0.16938	0.22754	0.17575	0.22665	0.05375	0.00389	0.00507	0.01296	0.00566	0.00537

[dist]
# distance from previous block
# <min> <max>
4	8

[block]
# block no. 1 follows, 33 sequences, length 203
# corresponding to MSA columns:
# 109-311
name=unknown_B
#
# <colnr> <probs for GDERKNQSTAVLIFYWHMCP>
#	G	D	E	R	K	N	Q	S	T	A	V	L	I	F	Y	W	H	M	C	P
0	0.01493	0.07551	0.06095	0.03459	0.01717	0.03808	0.04678	0.10098	0.04102	0.06694	0.11783	0.02694	0.08503	0.01784	0.15860	0.00383	0.07269	0.00758	0.00487	0.00786
1	0.01173	0.03084	0.01044	0.00965	0.01069	0.00818	0.00698	0.01375	0.11971	0.01649	0.08669	0.09878	0.02193	0.02002	0.04889	0.43833	0.00576	0.03179	0.00434	0.00501
2	0.01709	0.01912	0.01383	0.01339	0.01554	0.37291	0.00981	0.04763	0.01627	0.01741	0.02118	0.30904	0.02292	0.01509	0.05562	0.00268	0.00889	0.01019	0.00461	0.00677
3	0.00957	0.00638	0.00718	0.00718	0.00718	0.00638	0.00399	0.00957	0.00957	0.01276	0.02074	0.04308	0.02393	0.76864	0.03351	0.00638	0.00638	0.00957	0.00399	0.00399
4	0.00942	0.00698	0.01022	0.01022	0.01127	0.00803	0.00778	0.01152	0.01047	0.01501	0.01796	0.02770	0.01725	0.12603	0.66699	0.01013	0.01643	0.00732	0.00358	0.00568
5	0.01226	0.00754	0.00904	0.00858	0.01080	0.00676	0.00641	0.01477	0.04040	0.14389	0.16633	0.18962	0.30275	0.03981	0.00850	0.00239	0.00395	0.01285	0.00662	0.00674
6	0.10319	0.01123	0.01268	0.01094	0.01459	0.01160	0.00866	0.02639	0.26039	0.22892	0.14381	0.03014	0.08986	0.00987	0.00667	0.00213	0.00479	0.00813	0.00687	0.00915
7	0.01243	0.01170	0.01975	0.75282	0.04534	0.01463	0.01828	0.01682	0.01316	0.01682	0.01170	0.01755	0.00878	0.00658	0.00658	0.00219	0.00878	0.00585	0.00293	0.00731
8	0.11091	0.01074	0.01214	0.01022	0.01358	0.01074	0.00801	0.12784	0.03708	0.23720	0.04711	0.03124	0.10539	0.14004	0.01111	0.00281	0.00548	0.02954	0.04059	0.00825
9	0.01166	0.00748	0.00891	0.00874	0.01041	0.00721	0.00630	0.01512	0.08212	0.08563	0.16514	0.22823	0.12614	0.10933	0.01063	0.00275	0.00416	0.01211	0.09146	0.00648
10	0.00815	0.00581	0.00772	0.00921	0.00961	0.00545	0.00620	0.00932	0.01260	0.01678	0.03578	0.72064	0.04278	0.04243	0.00916	0.00279	0.00397	0.04021	0.00605	0.00533
11	0.79025	0.01268	0.00985	0.00875	0.01286	0.01461	0.00721	0.01976	0.01145	0.05180	0.00970	0.01107	0.00742	0.00618	0.00415	0.00204	0.00511	0.00366	0.00420	0.00726
12	0.00884	0.00631	0.00786	0.00875	0.00934	0.00602	0.00580	0.02898	0.01284	0.01704	0.05618	0.53136	0.08048	0.17206	0.01340	0.00336	0.00439	0.01599	0.00573	0.00528
13	0.05301	0.00732	0.00903	0.00898	0.01033	0.00731	0.00645	0.01321	0.03667	0.06085	0.19350	0.20018	0.05773	0.17875	0.10359	0.00420	0.00616	0.03114	0.00564	0.00596
14	0.02503	0.01844	0.01976	0.01515	0.02042	0.02042	0.01251	0.70562	0.03095	0.04149	0.01581	0.01581	0.01120	0.00790	0.00659	0.00198	0.00724	0.00593	0.00659	0.01120
15	0.01074	0.00710	0.00839	0.00827	0.00905	0.00715	0.00541	0.03408	0.03279	0.03710	0.09013	0.14084	0.02874	0.43551	0.06467	0.00502	0.00614	0.01046	0.05316	0.00526
16	0.00974	0.00705	0.00826	0.00810	0.00998	0.00633	0.00600	0.03157	0.01630	0.05164	0.25990	0.18752	0.34185	0.01580	0.00781	0.00225	0.00357	0.01364	0.00656	0.00613
17	0.01020	0.00730	0.00981	0.01013	0.01106	0.00721	0.03051	0.04062	0.01302	0.01726	0.02867	0.30478	0.03258	0.23860	0.01657	0.03825	0.00556	0.16721	0.00526	0.00538
18	0.01320	0.03405	0.73453	0.01876	0.02849	0.01529	0.02432	0.02085	0.01390	0.02085	0.01181	0.01390	0.00834	0.00625	0.00625	0.00208	0.00973	0.00486	0.00278	0.00973
19	0.01077	0.00778	0.01073	0.01239	0.09943	0.00789	0.00773	0.01172	0.01194	0.01647	0.04460	0.06039	0.15424	0.12724	0.12141	0.17974	0.03141	0.00873	0.06987	0.00551
20	0.09734	0.04249	0.02049	0.04598	0.22708	0.07886	0.05055	0.15506	0.01766	0.04874	0.01600	0.11545	0.01451	0.00861	0.00696	0.00208	0.03135	0.00727	0.00452	0.00900
21	0.00880	0.00599	0.00798	0.00916	0.00980	0.00556	0.00623	0.01017	0.01334	0.03966	0.09840	0.67662	0.04439	0.01959	0.00829	0.00260	0.00381	0.01773	0.00628	0.00561
22	0.01340	0.01117	0.01469	0.04457	0.01513	0.01384	0.01032	0.10485	0.01296	0.01838	0.01477	0.02452	0.01458	0.21112	0.18058	0.00531	0.27233	0.00704	0.00380	0.00663
23	0.01386	0.03765	0.01830	0.29737	0.16955	0.06450	0.01447	0.03525	0.03500	0.01934	0.03965	0.12192	0.01675	0.01012	0.03005	0.00237	0.00768	0.00775	0.05066	0.00777
24	0.01320	0.03405	0.73453	0.01876	0.02849	0.01529	0.02432	0.02085	0.01390	0.02085	0.01181	0.01390	0.00834	0.00625	0.00625	0.00208	0.00973	0.00486	0.00278	0.00973
25	0.00785	0.00640	0.00694	0.00737	0.00908	0.00550	0.00531	0.00937	0.01433	0.01751	0.05812	0.26086	0.53293	0.01779	0.00796	0.00235	0.00347	0.01525	0.00611	0.00550
26	0.04332	0.04063	0.10507	0.04015	0.08233	0.01396	0.11277	0.09257	0.08624	0.18834	0.06377	0.06661	0.01762	0.00832	0.00676	0.00210	0.00706	0.00739	0.00545	0.00953
27	0.13472	0.01684	0.01996	0.08415	0.15495	0.09938	0.06502	0.13109	0.13482	0.04836	0.01494	0.01664	0.01142	0.00714	0.00673	0.00206	0.03209	0.00578	0.00461	0.00928
28	0.01759	0.01441	0.01575	0.01416	0.04039	0.01623	0.01079	0.18102	0.47137	0.03032	0.09338	0.02480	0.02199	0.00905	0.00677	0.00215	0.00554	0.00750	0.00662	0.01017
29	0.00994	0.00753	0.00944	0.01043	0.01167	0.00762	0.00779	0.01432	0.12545	0.01922	0.03552	0.46371	0.06258	0.01806	0.00827	0.00267	0.00454	0.16874	0.00619	0.00633
30	0.02460	0.01904	0.01881	0.01492	0.01981	0.10824	0.01211	0.50561	0.08837	0.09601	0.01694	0.01665	0.01207	0.00788	0.00652	0.00197	0.00750	0.00591	0.00633	0.01069
31	0.03666	0.03536	0.03510	0.01138	0.01398	0.01041	0.03833	0.07729	0.05989	0.02185	0.09977	0.29005	0.09433	0.01385	0.00811	0.00227	0.04524	0.03317	0.00557	0.06737
32	0.04076	0.05064	0.11671	0.11401	0.08334	0.03890	0.24231	0.04047	0.06749	0.02073	0.01332	0.01737	0.01058	0.03174	0.00907	0.00232	0.08168	0.00637	0.00353	0.00866
33	0.01093	0.00868	0.00984	0.00911	0.01145	0.00864	0.00696	0.04564	0.15607	0.02472	0.36119	0.04707	0.24781	0.01328	0.00751	0.00214	0.00377	0.01136	0.00677	0.00706
34	0.05325	0.01199	0.01556	0.01197	0.01705	0.01093	0.00989	0.10027	0.01984	0.64020	0.02442	0.02137	0.01549	0.00806	0.00654	0.00203	0.00575	0.00646	0.00786	0.01108
35	0.02250	0.08781	0.06482	0.01611	0.02010	0.57059	0.01300	0.04599	0.03856	0.01754	0.01285	0.01421	0.03418	0.00711	0.00593	0.00174	0.01072	0.00471	0.00360	0.00795
36	0.01089	0.00803	0.00951	0.00960	0.01164	0.00776	0.00759	0.05333	0.05179	0.04364	0.07378	0.13588	0.29301	0.04272	0.03017	0.00284	0.00502	0.19026	0.00613	0.00642
37	0.01144	0.00572	0.00858	0.00858	0.00858	0.00572	0.00572	0.00858	0.00858	0.01144	0.01144	0.02001	0.01144	0.02287	0.02573	0.80846	0.00572	0.00572	0.00286	0.00286
38	0.00805	0.00587	0.00759	0.00886	0.00949	0.00541	0.00600	0.00934	0.01312	0.01732	0.06908	0.65890	0.11695	0.01990	0.00831	0.00260	0.00374	0.01791	0.00616	0.00541
39	0.00934	0.00638	0.00781	0.00820	0.00905	0.00596	0.00548	0.01059	0.01323	0.04003	0.14944	0.32127	0.12891	0.23588	0.01545	0.00357	0.00444	0.01392	0.00575	0.00531
40	0.00923	0.00633	0.00732	0.00754	0.00778	0.00625	0.00450	0.00958	0.01040	0.01375	0.02592	0.14393	0.07408	0.58925	0.05240	0.00573	0.00620	0.01105	0.00441	0.00435
41	0.01554	0.01776	0.03885	0.02775	0.03441	0.01665	0.70366	0.02109	0.01554	0.02109	0.01332	0.01776	0.00999	0.00555	0.00777	0.00222	0.01110	0.00777	0.00333	0.00888
42	0.00810	0.00617	0.00747	0.00832	0.00945	0.00554	0.00586	0.00962	0.01393	0.01791	0.09619	0.45379	0.27874	0.01869	0.00816	0.00248	0.00366	0.03422	0.00619	0.00550
43	0.00921	0.00623	0.00729	0.00764	0.00773	0.00614	0.00448	0.00948	0.01028	0.01371	0.02436	0.21098	0.02850	0.59452	0.02766	0.00552	0.00579	0.01170	0.00448	0.00431
44	0.02440	0.02983	0.01864	0.01671	0.02027	0.66253	0.01264	0.08229	0.03929	0.01852	0.01111	0.01255	0.00903	0.00694	0.00601	0.00173	0.01130	0.00447	0.00375	0.00800
45	0.01365	0.01170	0.01365	0.00975	0.01560	0.00878	0.00780	0.01658	0.01365	0.02145	0.01170	0.01365	0.00975	0.00488	0.00488	0.00098	0.00488	0.00390	0.00390	0.80888
46	0.81514	0.01273	0.00968	0.00866	0.01273	0.01477	0.00713	0.01935	0.01120	0.02954	0.00917	0.01069	0.00713	0.00611	0.00407	0.00204	0.00509	0.00356	0.00407	0.00713
47	0.01120	0.00587	0.00880	0.00880	0.00894	0.00600	0.00600	0.00894	0.00880	0.01187	0.01214	0.02068	0.01201	0.02589	0.10744	0.71751	0.00708	0.00587	0.00293	0.00320
48	0.00957	0.00638	0.00718	0.00718	0.00718	0.00638	0.00399	0.00957	0.00957	0.01276	0.02074	0.04308	0.02393	0.76864	0.03351	0.00638	0.00638	0.00957	0.00399	0.00399
49	0.01440	0.01440	0.02016	0.01728	0.01728	0.02016	0.01440	0.01584	0.01008	0.01584	0.00864	0.01440	0.00864	0.01152	0.02160	0.00288	0.75659	0.00576	0.00288	0.00720
50	0.02928	0.01162	0.01554	0.01191	0.01701	0.01030	0.00984	0.07102	0.01954	0.69220	0.02538	0.02203	0.01600	0.00813	0.00662	0.00203	0.00570	0.00658	0.00806	0.01120
51	0.02503	0.01844	0.01976	0.01515	0.02042	0.02042	0.01251	0.70562	0.03095	0.04149	0.01581	0.01581	0.01120	0.00790	0.00659	0.00198	0.00724	0.00593	0.00659	0.01120
52	0.00936	0.00676	0.00886	0.00841	0.00996	0.00626	0.00636	0.01246	0.01852	0.02618	0.70157	0.05000	0.06132	0.01361	0.00781	0.00210	0.00320	0.03385	0.00721	0.00621
53	0.01329	0.03354	0.71499	0.01936	0.04779	0.01530	0.02421	0.02083	0.01393	0.02087	0.01183	0.01397	0.00840	0.00624	0.00626	0.00208	0.00968	0.00489	0.00279	0.00975
54	0.00823	0.00582	0.00758	0.00890	0.00923	0.00548	0.00583	0.00922	0.01220	0.01627	0.03423	0.66883	0.04094	0.11968	0.01173	0.00316	0.00416	0.01750	0.00583	0.00517
55	0.00802	0.00573	0.00764	0.00917	0.00955	0.00535	0.00611	0.00917	0.01260	0.01681	0.03628	0.76434	0.04354	0.02062	0.00840	0.00267	0.00382	0.01872	0.00611	0.00535
56	0.01365	0.01170	0.01365	0.00975	0.01560	0.00878	0.00780	0.01658	0.01365	0.02145	0.01170	0.01365	0.00975	0.00488	0.00488	0.00098	0.00488	0.00390	0.00390	0.80888
57	0.02503	0.01844	0.01976	0.01515	0.02042	0.02042	0.01251	0.70562	0.03095	0.04149	0.01581	0.01581	0.01120	0.00790	0.00659	0.00198	0.00724	0.00593	0.00659	0.01120
58	0.02581	0.01662	0.01856	0.01429	0.01947	0.01779	0.01179	0.52809	0.04917	0.20197	0.01851	0.01761	0.01266	0.00799	0.00660	0.00200	0.00680	0.00614	0.00695	0.01117
59	0.00944	0.00663	0.00779	0.00769	0.00889	0.00611	0.00526	0.01096	0.01417	0.03830	0.24106	0.11742	0.21626	0.26249	0.01624	0.00358	0.00438	0.01215	0.00581	0.00537
60	0.02954	0.01120	0.01528	0.01171	0.01681	0.00968	0.00968	0.03208	0.01884	0.73213	0.02597	0.02241	0.01630	0.00815	0.00662	0.00204	0.00560	0.00662	0.00815	0.01120
61	0.01061	0.00758	0.01061	0.01212	0.01364	0.00758	0.01061	0.01364	0.01515	0.01970	0.03486	0.07426	0.03789	0.01819	0.00909	0.00303	0.00606	0.68326	0.00606	0.00606
62	0.00828	0.00631	0.00761	0.00807	0.00940	0.00564	0.00575	0.01011	0.01500	0.01964	0.22584	0.33580	0.28398	0.01739	0.00802	0.00236	0.00347	0.01528	0.00641	0.00564
63	0.01041	0.00805	0.00954	0.01011	0.01135	0.00840	0.00706	0.01612	0.20069	0.01929	0.03223	0.49586	0.03535	0.09036	0.01039	0.00292	0.00444	0.01480	0.00606	0.00657
64	0.01174	0.00891	0.01217	0.01160	0.01346	0.00975	0.03226	0.08384	0.06254	0.01990	0.02261	0.12366	0.02225	0.05542	0.36539	0.00653	0.01156	0.09178	0.02789	0.00674
65	0.00814	0.00592	0.00767	0.00885	0.00952	0.00546	0.00602	0.00954	0.01346	0.01792	0.11233	0.62473	0.10715	0.01950	0.00828	0.00257	0.00370	0.01755	0.00623	0.00546
66	0.69252	0.01304	0.01037	0.00914	0.01321	0.03468	0.00748	0.03594	0.01250	0.07130	0.01282	0.01380	0.03850	0.00675	0.00450	0.00203	0.00529	0.00426	0.00445	0.00742
67	0.02000	0.01316	0.01531	0.01256	0.01618	0.01420	0.01001	0.34255	0.04116	0.13488	0.01866	0.02268	0.01497	0.11108	0.17723	0.00449	0.00920	0.00678	0.00581	0.00908
68	0.01096	0.00800	0.00922	0.00926	0.01140	0.00763	0.00713	0.03421	0.08987	0.06257	0.04732	0.20968	0.33930	0.01616	0.00789	0.00242	0.00428	0.10978	0.00630	0.00661
69	0.01625	0.01571	0.02483	0.09801	0.58398	0.04034	0.01894	0.02140	0.07549	0.02145	0.01349	0.01696	0.01106	0.00622	0.00652	0.00199	0.00781	0.00595	0.00353	0.01007
70	0.01144	0.10457	0.01526	0.01177	0.01320	0.01271	0.00956	0.01342	0.01077	0.01525	0.01499	0.02279	0.01439	0.08344	0.46039	0.00763	0.16223	0.00652	0.00334	0.00634
71	0.07612	0.01393	0.01602	0.01283	0.01758	0.01446	0.01045	0.21206	0.18598	0.33569	0.02236	0.02039	0.01523	0.00814	0.00646	0.00207	0.00592	0.00643	0.00712	0.01075
72	0.00800	0.00580	0.00757	0.00898	0.00950	0.00536	0.00603	0.00919	0.01279	0.01688	0.03858	0.71142	0.09498	0.02033	0.00836	0.00264	0.00378	0.01835	0.00611	0.00536
73	0.01344	0.01325	0.01990	0.67583	0.06676	0.06681	0.01795	0.01761	0.01362	0.01693	0.01161	0.01710	0.00881	0.00657	0.00653	0.00215	0.00897	0.00574	0.00297	0.00744
74	0.00940	0.00705	0.01058	0.01058	0.01176	0.00823	0.00823	0.01176	0.01058	0.01528	0.01763	0.02586	0.01646	0.04937	0.74255	0.01058	0.01763	0.00705	0.00353	0.00588
75	0.00807	0.00575	0.00762	0.00910	0.00947	0.00538	0.00604	0.00918	0.01251	0.01668	0.03579	0.74139	0.04292	0.04443	0.00920	0.00279	0.00390	0.01842	0.00604	0.00530
76	0.02517	0.01821	0.01962	0.01504	0.02030	0.02008	0.01242	0.68428	0.03057	0.06337	0.01613	0.01601	0.01136	0.00791	0.00659	0.00198	0.00719	0.00595	0.00664	0.01120
77	0.04715	0.01712	0.01667	0.12975	0.04527	0.15350	0.01227	0.08114	0.34917	0.02436	0.02060	0.02085	0.03736	0.00812	0.00646	0.00209	0.00721	0.00648	0.00525	0.00919
78	0.33788	0.14310	0.01848	0.05998	0.07023	0.16818	0.01123	0.04391	0.01412	0.02267	0.00996	0.01214	0.00820	0.00655	0.00590	0.00191	0.04990	0.00421	0.00361	0.00785
79	0.02207	0.01875	0.02081	0.04599	0.14764	0.12128	0.03918	0.36960	0.04748	0.05518	0.01505	0.01626	0.01119	0.00728	0.00647	0.00195	0.00795	0.00582	0.02991	0.01015
80	0.01664	0.04558	0.25105	0.01643	0.04648	0.03937	0.03560	0.11447	0.23519	0.04830	0.01919	0.01968	0.03329	0.00947	0.03795	0.00245	0.00797	0.00627	0.00485	0.00979
81	0.01949	0.01521	0.01926	0.02051	0.20494	0.01597	0.01323	0.33130	0.06737	0.05226	0.01819	0.10867	0.01562	0.00881	0.00669	0.00201	0.00664	0.00748	0.00553	0.06081
82	0.02133	0.01784	0.01628	0.01299	0.01773	0.18528	0.01032	0.21478	0.02036	0.11443	0.01489	0.01561	0.01112	0.00676	0.00581	0.00159	0.00717	0.00503	0.05549	0.24518
83	0.00952	0.00636	0.00720	0.00725	0.00726	0.00635	0.00406	0.00956	0.00968	0.01291	0.02129	0.06856	0.02463	0.74221	0.03262	0.00625	0.00629	0.00990	0.00406	0.00404
84	0.01001	0.00772	0.00928	0.00905	0.01082	0.00759	0.00671	0.01504	0.12869	0.02368	0.39905	0.17906	0.13911	0.01448	0.00771	0.00223	0.00360	0.01271	0.00680	0.00664
85	0.04728	0.01490	0.02195	0.02288	0.22837	0.01513	0.09881	0.19610	0.04177	0.14941	0.01815	0.04815	0.01447	0.00805	0.00684	0.00210	0.00728	0.04300	0.00535	0.01003
86	0.02544	0.01646	0.01839	0.01421	0.01928	0.01760	0.01169	0.53737	0.02774	0.18976	0.01867	0.04180	0.01336	0.00837	0.00665	0.00201	0.00678	0.00650	0.00691	0.01101
87	0.00808	0.00592	0.00762	0.00895	0.00961	0.00546	0.00613	0.00937	0.01301	0.01704	0.04019	0.64776	0.13194	0.02002	0.00835	0.00263	0.00384	0.04257	0.00611	0.00540
88	0.08045	0.01180	0.01301	0.01117	0.01445	0.01247	0.00858	0.14272	0.18979	0.16013	0.02507	0.07148	0.06008	0.15543	0.01177	0.00296	0.00566	0.00818	0.00616	0.00863
89	0.00983	0.00687	0.00830	0.00824	0.00867	0.00724	0.00525	0.01117	0.03999	0.01398	0.02028	0.03829	0.02203	0.56922	0.19693	0.00718	0.00894	0.00890	0.00400	0.00470
90	0.02076	0.02500	0.01627	0.01496	0.01792	0.53905	0.01120	0.02379	0.06613	0.01843	0.11634	0.06589	0.01927	0.00878	0.00641	0.00185	0.00963	0.00649	0.00435	0.00747
91	0.00948	0.00642	0.00751	0.00760	0.00784	0.00634	0.00460	0.01000	0.01096	0.01477	0.10051	0.09020	0.02989	0.61197	0.02823	0.00555	0.00585	0.03333	0.00456	0.00439
92	0.00944	0.00681	0.00836	0.00860	0.01011	0.00627	0.00628	0.01204	0.04017	0.04394	0.25354	0.29872	0.21654	0.01655	0.00796	0.00235	0.00366	0.03606	0.00655	0.00606
93	0.16517	0.01282	0.01514	0.01182	0.01677	0.01256	0.00976	0.15553	0.01977	0.48122	0.02116	0.01914	0.01375	0.00775	0.00617	0.00203	0.00582	0.00596	0.00715	0.01049
94	0.60550	0.01376	0.01205	0.01015	0.01453	0.01554	0.00837	0.15589	0.01563	0.07969	0.01162	0.01250	0.00856	0.00660	0.00474	0.00202	0.00555	0.00424	0.00485	0.00821
95	0.00825	0.00661	0.00738	0.00748	0.00933	0.00575	0.00558	0.01023	0.01557	0.01968	0.21053	0.13496	0.48067	0.01642	0.00789	0.00226	0.00342	0.03593	0.00637	0.00570
96	0.00916	0.00615	0.00811	0.00917	0.00993	0.00570	0.00633	0.01057	0.01345	0.04836	0.09287	0.61286	0.06543	0.03679	0.00886	0.00268	0.00395	0.03771	0.00624	0.00567
97	0.81514	0.01273	0.00968	0.00866	0.01273	0.01477	0.00713	0.01935	0.01120	0.02954	0.00917	0.01069	0.00713	0.00611	0.00407	0.00204	0.00509	0.00356	0.00407	0.00713
98	0.01144	0.00572	0.00858	0.00858	0.00858	0.00572	0.00572	0.00858	0.00858	0.01144	0.01144	0.02001	0.01144	0.02287	0.02573	0.80846	0.00572	0.00572	0.00286	0.00286
99	0.01365	0.01170	0.01365	0.00975	0.01560	0.00878	0.00780	0.01658	0.01365	0.02145	0.01170	0.01365	0.00975	0.00488	0.00488	0.00098	0.00488	0.00390	0.00390	0.80888
100	0.00957	0.00638	0.00718	0.00718	0.00718	0.00638	0.00399	0.00957	0.00957	0.01276	0.02074	0.04308	0.02393	0.76864	0.03351	0.00638	0.00638	0.00957	0.00399	0.00399
101	0.01159	0.00842	0.01039	0.00928	0.01137	0.00827	0.00712	0.11279	0.02042	0.02858	0.62154	0.04434	0.05474	0.01265	0.00759	0.00206	0.00371	0.01104	0.00715	0.00693
102	0.00820	0.00583	0.00769	0.00911	0.00950	0.00548	0.00609	0.00932	0.01247	0.01661	0.03518	0.69538	0.04204	0.07192	0.01015	0.00294	0.00406	0.03680	0.00596	0.00527
103	0.00886	0.00661	0.00824	0.00806	0.00961	0.00598	0.00596	0.01146	0.01723	0.02360	0.51504	0.13187	0.19340	0.01491	0.00784	0.00217	0.00323	0.01307	0.00689	0.00598
104	0.00834	0.00624	0.00897	0.00996	0.01061	0.00583	0.03593	0.00968	0.01273	0.01699	0.03530	0.73243	0.04211	0.01998	0.00838	0.00265	0.00413	0.01825	0.00599	0.00550
105	0.13750	0.01739	0.01835	0.01433	0.01927	0.04320	0.03343	0.51602	0.02639	0.06020	0.03992	0.01639	0.01245	0.00774	0.00628	0.00199	0.00702	0.00582	0.00609	0.01024
106	0.00918	0.00681	0.00861	0.00879	0.01010	0.00646	0.00634	0.01241	0.05698	0.02256	0.40069	0.29847	0.09597	0.01591	0.00793	0.00230	0.00349	0.01415	0.00674	0.00611
107	0.01393	0.01195	0.01378	0.01012	0.01576	0.00955	0.00807	0.01845	0.08513	0.02207	0.01324	0.01476	0.01080	0.00529	0.00506	0.00110	0.00491	0.00426	0.00419	0.72758
108	0.01010	0.00812	0.00901	0.01002	0.01097	0.05609	0.00714	0.03464	0.01400	0.01816	0.03409	0.57654	0.05837	0.01849	0.00810	0.00257	0.00466	0.08175	0.03137	0.00580
109	0.01112	0.00637	0.00718	0.00697	0.00851	0.00617	0.00523	0.01420	0.01569	0.02527	0.29568	0.03416	0.03453	0.00993	0.00584	0.00174	0.00308	0.00839	0.49378	0.00617
110	0.00903	0.00638	0.00763	0.00821	0.00927	0.00582	0.00564	0.01027	0.01317	0.03959	0.05974	0.36619	0.23699	0.15720	0.01281	0.00320	0.00425	0.03341	0.00581	0.00539
111	0.01444	0.01451	0.02074	0.01761	0.01781	0.02006	0.03558	0.01600	0.01025	0.01600	0.00879	0.01451	0.00868	0.01134	0.02118	0.00286	0.73368	0.00582	0.00289	0.00725
112	0.00960	0.00728	0.01071	0.01061	0.01166	0.00855	0.00818	0.01177	0.01050	0.01514	0.01750	0.02655	0.01665	0.09435	0.67027	0.01003	0.04414	0.00717	0.00353	0.00580
113	0.01046	0.00710	0.00876	0.00887	0.01029	0.00673	0.00631	0.01333	0.06224	0.06676	0.21154	0.32094	0.13075	0.09223	0.01046	0.00277	0.00405	0.01388	0.00636	0.00619
114	0.01177	0.00686	0.00834	0.00818	0.00914	0.00650	0.00536	0.01252	0.01211	0.10533	0.05134	0.18781	0.07596	0.39938	0.02140	0.03182	0.00534	0.01123	0.02426	0.00537
115	0.01791	0.01722	0.01676	0.04299	0.05999	0.15143	0.01187	0.09129	0.37015	0.02456	0.02050	0.05194	0.01644	0.00986	0.02651	0.00236	0.04650	0.00694	0.00543	0.00935
116	0.01499	0.01544	0.02077	0.01765	0.01808	0.05874	0.03971	0.01660	0.01074	0.01605	0.00890	0.01439	0.00868	0.01105	0.02025	0.00279	0.68920	0.00575	0.00292	0.00729
117	0.01464	0.01375	0.02028	0.47334	0.15647	0.04603	0.01702	0.05897	0.05578	0.01990	0.01287	0.01719	0.00990	0.00659	0.00646	0.00206	0.00824	0.00578	0.00349	0.05123
118	0.00832	0.00645	0.00730	0.00776	0.00914	0.00577	0.00552	0.00975	0.01374	0.01719	0.06964	0.23442	0.39164	0.12653	0.01174	0.00298	0.00406	0.05687	0.00583	0.00533
119	0.00921	0.00721	0.00796	0.00803	0.01002	0.00652	0.00618	0.03991	0.01508	0.01852	0.05422	0.08266	0.50879	0.04110	0.00981	0.04954	0.00415	0.10958	0.00587	0.00566
120	0.06525	0.16208	0.01924	0.01238	0.01644	0.04257	0.03957	0.20382	0.04105	0.09130	0.15746	0.02232	0.02129	0.00949	0.00766	0.06119	0.00626	0.00663	0.00545	0.00855
121	0.01761	0.01453	0.01546	0.01343	0.01732	0.01655	0.01057	0.16162	0.54435	0.03013	0.06540	0.02433	0.02085	0.00900	0.00674	0.00217	0.00548	0.00741	0.00671	0.01032
122	0.00833	0.00636	0.00769	0.00839	0.00969	0.00573	0.00610	0.01009	0.01451	0.01873	0.14248	0.35644	0.29069	0.01801	0.00815	0.00246	0.00373	0.07058	0.00627	0.00560
123	0.01327	0.01251	0.01970	0.63167	0.08655	0.03571	0.01756	0.03726	0.01420	0.01824	0.04244	0.01861	0.01124	0.00688	0.00661	0.00215	0.00852	0.00607	0.00325	0.00759
124	0.01823	0.01341	0.01473	0.01295	0.01681	0.01494	0.01015	0.03372	0.57943	0.14037	0.05130	0.02509	0.02097	0.00897	0.00672	0.00220	0.00520	0.00747	0.00695	0.01040
125	0.33400	0.01195	0.01272	0.01042	0.01469	0.01228	0.00852	0.09030	0.01701	0.30195	0.10539	0.02052	0.01792	0.00799	0.00576	0.00204	0.00525	0.00602	0.00629	0.00899
126	0.00955	0.00641	0.00733	0.00728	0.00743	0.00637	0.00420	0.00984	0.01042	0.01404	0.08671	0.04365	0.02752	0.69781	0.03109	0.00598	0.00608	0.00979	0.00429	0.00420
127	0.04571	0.47472	0.02797	0.04397	0.01878	0.02242	0.01157	0.17665	0.01779	0.08720	0.01231	0.01314	0.00976	0.00643	0.00508	0.00165	0.00697	0.00445	0.00420	0.00923
128	0.02121	0.01447	0.01548	0.01235	0.01648	0.01575	0.01005	0.45876	0.04792	0.06157	0.01818	0.01887	0.01332	0.00788	0.00602	0.00186	0.00591	0.00606	0.23817	0.00970
129	0.01706	0.01156	0.01311	0.01144	0.01452	0.01220	0.00896	0.21618	0.13121	0.09762	0.09035	0.12226	0.04810	0.05915	0.00867	0.00243	0.00535	0.04835	0.07298	0.00852
130	0.01076	0.00687	0.00885	0.00918	0.01035	0.00651	0.00642	0.01310	0.04440	0.08348	0.18457	0.43497	0.04216	0.09358	0.01058	0.00284	0.00414	0.01471	0.00635	0.00615
131	0.00914	0.00730	0.00940	0.09955	0.01396	0.00702	0.00739	0.01182	0.01634	0.02162	0.35928	0.08146	0.28577	0.01416	0.00769	0.00219	0.00399	0.02960	0.00624	0.00608
132	0.00851	0.00610	0.00739	0.00815	0.00871	0.00573	0.00528	0.00943	0.01217	0.01595	0.05564	0.41501	0.13570	0.25631	0.01623	0.00376	0.00454	0.01494	0.00547	0.00497
133	0.01741	0.01126	0.01305	0.01133	0.01444	0.01164	0.00878	0.20074	0.11140	0.14135	0.10967	0.18679	0.05732	0.03672	0.00800	0.00232	0.00515	0.01017	0.03386	0.00859
134	0.01336	0.00848	0.01047	0.01034	0.01239	0.00830	0.00778	0.05675	0.08958	0.12638	0.05663	0.37546	0.10366	0.01594	0.00783	0.00246	0.00457	0.07589	0.00653	0.00721
135	0.00931	0.00743	0.00843	0.00816	0.01017	0.00695	0.00611	0.01330	0.09094	0.02210	0.31500	0.09501	0.35324	0.01484	0.00770	0.00219	0.00347	0.01272	0.00661	0.00632
136	0.06764	0.01188	0.01357	0.01145	0.01521	0.01218	0.00909	0.16019	0.14405	0.22123	0.09104	0.09855	0.09415	0.01066	0.00687	0.00214	0.00520	0.00882	0.00685	0.00923
137	0.12996	0.01245	0.01344	0.01123	0.01491	0.01320	0.00887	0.20022	0.12576	0.14620	0.09031	0.02740	0.07585	0.09015	0.00934	0.00253	0.00556	0.00754	0.00626	0.00882
138	0.01300	0.00877	0.00987	0.00897	0.01171	0.00845	0.00690	0.01851	0.15236	0.10362	0.15336	0.06453	0.25897	0.01219	0.00694	0.00206	0.00397	0.01026	0.10389	0.04166
139	0.00965	0.00736	0.00893	0.00843	0.01029	0.00698	0.00635	0.01384	0.07872	0.02490	0.54098	0.04967	0.18178	0.01366	0.00767	0.00211	0.00333	0.01189	0.00699	0.00646
140	0.01018	0.00726	0.00824	0.00797	0.00941	0.00692	0.00556	0.01270	0.06041	0.04348	0.16989	0.04939	0.24204	0.29666	0.01733	0.00377	0.00472	0.03279	0.00564	0.00563
141	0.17027	0.01067	0.01194	0.01039	0.01382	0.01090	0.00819	0.05211	0.12525	0.22692	0.13252	0.10628	0.04782	0.01030	0.00649	0.00213	0.00478	0.00848	0.03219	0.00855
142	0.00972	0.00787	0.00850	0.00811	0.01033	0.00742	0.00608	0.03841	0.09068	0.02116	0.18816	0.07407	0.44231	0.04715	0.00874	0.00238	0.00378	0.01247	0.00633	0.00634
143	0.01760	0.77260	0.03450	0.01126	0.01690	0.02605	0.01126	0.01971	0.01338	0.01549	0.00915	0.01056	0.00845	0.00563	0.00422	0.00141	0.00704	0.00352	0.00282	0.00845
144	0.02432	0.01809	0.01936	0.01500	0.02015	0.02009	0.01234	0.65088	0.08684	0.04035	0.01670	0.01652	0.01192	0.00799	0.00659	0.00200	0.00708	0.00605	0.00659	0.01113
145	0.01191	0.00780	0.00916	0.00873	0.01090	0.00719	0.00651	0.05953	0.01600	0.10673	0.10857	0.21570	0.32366	0.04322	0.03122	0.00268	0.00451	0.01305	0.00634	0.00659
146	0.00941	0.00643	0.00739	0.00750	0.00776	0.00638	0.00450	0.00975	0.01029	0.01359	0.02493	0.07578	0.07313	0.63735	0.05258	0.00596	0.00641	0.03229	0.00428	0.00428
147	0.00940	0.00705	0.01058	0.01058	0.01176	0.00823	0.00823	0.01176	0.01058	0.01528	0.01763	0.02586	0.01646	0.04937	0.74255	0.01058	0.01763	0.00705	0.00353	0.00588
148	0.74072	0.01264	0.01061	0.07765	0.01575	0.01476	0.00816	0.01912	0.01139	0.02836	0.00940	0.01133	0.00728	0.00615	0.00431	0.00205	0.00543	0.00378	0.00397	0.00715
149	0.01579	0.01605	0.05647	0.10806	0.63185	0.01553	0.02020	0.01991	0.01477	0.02103	0.01229	0.01631	0.01018	0.00595	0.00651	0.00198	0.00799	0.00582	0.00321	0.01010
150	0.00909	0.00625	0.00744	0.00784	0.00809	0.00613	0.00479	0.00961	0.01088	0.01452	0.04881	0.23862	0.05179	0.49782	0.04584	0.00524	0.00582	0.01218	0.00472	0.00453
151	0.02333	0.01343	0.01572	0.01289	0.01743	0.01397	0.01038	0.12423	0.31668	0.33940	0.02495	0.02243	0.01722	0.00845	0.00665	0.00211	0.00566	0.00688	0.00732	0.01087
152	0.01296	0.01080	0.01274	0.00969	0.01456	0.00849	0.00760	0.03335	0.01451	0.02203	0.08671	0.08959	0.01837	0.00734	0.00555	0.00128	0.00466	0.00619	0.00452	0.62906
153	0.00932	0.00673	0.00880	0.00828	0.00984	0.00621	0.00621	0.01242	0.01863	0.02640	0.72410	0.04918	0.06212	0.01346	0.00776	0.00207	0.00311	0.01191	0.00725	0.00621
154	0.02371	0.01568	0.01767	0.01341	0.01876	0.01600	0.01103	0.43657	0.02516	0.17582	0.01704	0.01671	0.01194	0.00736	0.00626	0.00179	0.00645	0.00567	0.00638	0.16660
155	0.01114	0.00574	0.00846	0.00857	0.00859	0.00572	0.00568	0.00865	0.00888	0.01184	0.01342	0.07034	0.01401	0.04905	0.02485	0.72655	0.00561	0.00672	0.00312	0.00306
156	0.02459	0.03138	0.01866	0.01696	0.02035	0.74221	0.01272	0.02629	0.01866	0.01611	0.01018	0.01187	0.00848	0.00678	0.00594	0.00170	0.01187	0.00424	0.00339	0.00763
157	0.00858	0.00684	0.00699	0.00685	0.00918	0.00571	0.00517	0.01028	0.01515	0.04410	0.06519	0.06185	0.69879	0.01636	0.00774	0.00222	0.00342	0.01363	0.00619	0.00577
158	0.00920	0.00660	0.00825	0.00857	0.00941	0.00637	0.00583	0.01151	0.04421	0.01967	0.27327	0.31089	0.04440	0.19495	0.01406	0.00332	0.00424	0.01368	0.00603	0.00555
159	0.01327	0.00978	0.01264	0.03764	0.08148	0.01038	0.00927	0.08230	0.11034	0.01961	0.02098	0.03620	0.02076	0.21755	0.01776	0.14830	0.00634	0.13422	0.00469	0.00648
160	0.00940	0.00705	0.01058	0.01058	0.01176	0.00823	0.00823	0.01176	0.01058	0.01528	0.01763	0.02586	0.01646	0.04937	0.74255	0.01058	0.01763	0.00705	0.00353	0.00588
161	0.02459	0.03138	0.01866	0.01696	0.02035	0.74221	0.01272	0.02629	0.01866	0.01611	0.01018	0.01187	0.00848	0.00678	0.00594	0.00170	0.01187	0.00424	0.00339	0.00763
162	0.00921	0.00673	0.00866	0.00817	0.00977	0.00617	0.00613	0.01222	0.01839	0.02582	0.67950	0.05014	0.10708	0.01368	0.00777	0.00208	0.00312	0.01204	0.00717	0.00617
163	0.00799	0.00628	0.00715	0.00776	0.00913	0.00552	0.00546	0.00943	0.01396	0.01749	0.07378	0.34827	0.40180	0.04374	0.00891	0.00254	0.00363	0.01565	0.00608	0.00544
164	0.07399	0.07710	0.04417	0.04695	0.02055	0.44918	0.01252	0.07160	0.01827	0.10841	0.01252	0.01361	0.00956	0.00688	0.00587	0.00179	0.00980	0.00465	0.00417	0.00841
165	0.02830	0.01148	0.01524	0.01187	0.01683	0.01031	0.00975	0.03236	0.08447	0.66577	0.02605	0.02261	0.01665	0.00822	0.00663	0.00206	0.00556	0.00670	0.00801	0.01113
166	0.04811	0.33587	0.02495	0.01370	0.01846	0.22076	0.01173	0.16710	0.06300	0.02238	0.01196	0.01292	0.00973	0.00665	0.00534	0.00168	0.00823	0.00448	0.00406	0.00888
167	0.01633	0.06114	0.53129	0.01790	0.02637	0.03877	0.06364	0.02266	0.01487	0.12577	0.01384	0.01519	0.00963	0.00648	0.00631	0.00204	0.00916	0.00523	0.00363	0.00977
168	0.01798	0.09983	0.30066	0.02111	0.16113	0.12853	0.01828	0.06662	0.03561	0.07078	0.01307	0.01473	0.00984	0.00651	0.00612	0.00193	0.00885	0.00509	0.00370	0.00963
169	0.02473	0.01735	0.01889	0.01466	0.01977	0.01900	0.01205	0.58095	0.08890	0.10872	0.01776	0.01722	0.01247	0.00802	0.00660	0.00200	0.00691	0.00613	0.00675	0.01113
