[name]
unknown

[dist]
# distance from previous block
# <min> <max>
0	3

[block]
# block no. 0 follows, 34 sequences, length 7
# corresponding to MSA columns:
# 3-9
name=unknown_A
#
# <colnr> <probs for GDERKNQSTAVLIFYWHMCP>
#	G	D	E	R	K	N	Q	S	T	A	V	L	I	F	Y	W	H	M	C	P
0	0.27163	0.01190	0.01319	0.01295	0.09271	0.01172	0.00913	0.01882	0.08021	0.02432	0.05351	0.01989	0.01457	0.00705	0.00533	0.00172	0.00519	0.05301	0.00441	0.28875
1	0.01615	0.01615	0.02328	0.17032	0.47748	0.09251	0.01802	0.02086	0.06454	0.02010	0.01280	0.01634	0.01040	0.00620	0.00636	0.00196	0.00809	0.00569	0.00339	0.00937
2	0.01514	0.01472	0.02270	0.18237	0.47270	0.05503	0.01761	0.01886	0.01468	0.02014	0.05248	0.01769	0.01263	0.00632	0.00636	0.00191	0.00767	0.00590	0.00339	0.05168
3	0.01907	0.20572	0.02161	0.09152	0.02065	0.01892	0.01175	0.31758	0.08388	0.02794	0.01485	0.04404	0.01195	0.00738	0.00582	0.00179	0.00671	0.00567	0.00493	0.07823
4	0.00811	0.00593	0.00722	0.00814	0.00881	0.00548	0.00539	0.00913	0.01228	0.01594	0.03872	0.49193	0.17627	0.16018	0.01273	0.00322	0.00412	0.01575	0.00561	0.00504
5	0.01535	0.21897	0.36959	0.06157	0.02543	0.01826	0.07386	0.08226	0.03925	0.02093	0.01189	0.01385	0.00901	0.00618	0.00581	0.00189	0.00856	0.00490	0.00326	0.00917
6	0.01435	0.12187	0.35746	0.05452	0.16907	0.01699	0.05805	0.01951	0.01345	0.01923	0.01112	0.01411	0.00875	0.00650	0.00762	0.00203	0.08826	0.00510	0.00287	0.00911

[dist]
# distance from previous block
# <min> <max>
3	10

[block]
# block no. 1 follows, 34 sequences, length 25
# corresponding to MSA columns:
# 20-44
name=unknown_B
#
# <colnr> <probs for GDERKNQSTAVLIFYWHMCP>
#	G	D	E	R	K	N	Q	S	T	A	V	L	I	F	Y	W	H	M	C	P
0	0.01507	0.33574	0.37664	0.04718	0.02402	0.01947	0.04274	0.03720	0.01388	0.01866	0.01067	0.01264	0.00838	0.00592	0.00540	0.00178	0.00842	0.00440	0.00286	0.00894
1	0.02899	0.01100	0.01499	0.01150	0.01649	0.00950	0.00950	0.03149	0.01849	0.73709	0.02549	0.02199	0.01599	0.00800	0.00650	0.00200	0.00550	0.00650	0.00800	0.01100
2	0.00903	0.00878	0.04660	0.14912	0.01685	0.00774	0.00885	0.01154	0.01417	0.01774	0.07134	0.14100	0.40189	0.01445	0.00750	0.00227	0.00482	0.05501	0.00528	0.00602
3	0.01363	0.03191	0.68541	0.01906	0.05658	0.01483	0.02322	0.02081	0.01385	0.04489	0.01209	0.01402	0.00854	0.00619	0.00616	0.00204	0.00933	0.00487	0.00293	0.00963
4	0.02490	0.01756	0.01906	0.01461	0.01977	0.01923	0.01207	0.65924	0.02947	0.09383	0.01627	0.01601	0.01137	0.00777	0.00647	0.00194	0.00699	0.00587	0.00658	0.01099
5	0.04763	0.00995	0.01185	0.01057	0.01359	0.01004	0.00834	0.04830	0.17908	0.19087	0.20974	0.08818	0.07359	0.01151	0.00707	0.00217	0.00459	0.05781	0.00682	0.00830
6	0.01392	0.01169	0.01352	0.01001	0.01536	0.00944	0.00796	0.06030	0.04132	0.02229	0.01353	0.05228	0.01173	0.00591	0.00513	0.00115	0.00489	0.00482	0.00421	0.69053
7	0.00926	0.00679	0.00973	0.00973	0.01066	0.00772	0.00726	0.01112	0.01019	0.01452	0.01791	0.02870	0.01759	0.19044	0.60731	0.00958	0.01514	0.00741	0.00355	0.00541
8	0.00787	0.00562	0.00750	0.00900	0.00937	0.00525	0.00600	0.00900	0.01237	0.01649	0.03561	0.76871	0.04274	0.02024	0.00825	0.00262	0.00375	0.01837	0.00600	0.00525
9	0.32292	0.01155	0.01295	0.01038	0.01501	0.01136	0.00857	0.02684	0.01570	0.47349	0.01935	0.01771	0.01265	0.00725	0.00557	0.00200	0.00531	0.00538	0.00651	0.00951
10	0.02456	0.01810	0.01939	0.01487	0.02004	0.02004	0.01228	0.71107	0.03038	0.04072	0.01551	0.01551	0.01099	0.00776	0.00646	0.00194	0.00711	0.00582	0.00646	0.01099
11	0.01727	0.77681	0.03386	0.01106	0.01658	0.02557	0.01106	0.01935	0.01313	0.01520	0.00898	0.01036	0.00829	0.00553	0.00415	0.00138	0.00691	0.00345	0.00276	0.00829
12	0.01296	0.03342	0.73944	0.01842	0.02797	0.01501	0.02387	0.02046	0.01364	0.02046	0.01160	0.01364	0.00818	0.00614	0.00614	0.00205	0.00955	0.00477	0.00273	0.00955
13	0.01609	0.12008	0.02567	0.11750	0.49406	0.04928	0.01770	0.02021	0.04217	0.01976	0.01210	0.01549	0.01007	0.00597	0.00608	0.00187	0.00776	0.00543	0.00324	0.00949
14	0.41932	0.01432	0.01347	0.01105	0.01551	0.04738	0.00906	0.18782	0.01761	0.18694	0.01423	0.01428	0.00999	0.00689	0.00522	0.00197	0.00591	0.00474	0.00544	0.00885
15	0.02535	0.01684	0.01861	0.01427	0.01941	0.01817	0.01179	0.59068	0.02827	0.16409	0.01728	0.01666	0.01188	0.00780	0.00647	0.00195	0.00682	0.00594	0.00674	0.01099
16	0.02357	0.02803	0.01787	0.01606	0.01955	0.62574	0.01215	0.05007	0.08537	0.04438	0.01230	0.01335	0.00978	0.00695	0.00594	0.00174	0.01065	0.00460	0.00392	0.00800
17	0.00917	0.00674	0.00946	0.00959	0.01034	0.00690	0.03273	0.01051	0.01110	0.01510	0.02466	0.25858	0.02759	0.27584	0.21733	0.00594	0.00866	0.05012	0.00451	0.00512
18	0.01424	0.01356	0.02306	0.37187	0.41412	0.01489	0.01896	0.01829	0.01388	0.01898	0.01184	0.01656	0.00948	0.00608	0.00643	0.00203	0.00811	0.00575	0.00305	0.00882
19	0.03671	0.31792	0.22078	0.01420	0.02025	0.12701	0.01464	0.09020	0.01577	0.04092	0.01130	0.01288	0.00903	0.00779	0.03336	0.00203	0.00866	0.00438	0.00342	0.00874
20	0.02632	0.01183	0.01520	0.01169	0.01658	0.01079	0.00961	0.12799	0.01987	0.55331	0.05885	0.02183	0.01713	0.00802	0.00644	0.00192	0.00556	0.00649	0.00746	0.06311
21	0.07861	0.09060	0.01817	0.08019	0.01956	0.03738	0.05756	0.17578	0.17910	0.02683	0.12360	0.02326	0.04529	0.00844	0.00634	0.00200	0.00626	0.00696	0.00537	0.00871
22	0.01514	0.04164	0.02194	0.12005	0.02441	0.04943	0.20165	0.10594	0.04624	0.02191	0.03628	0.06374	0.01429	0.03196	0.04493	0.00245	0.00827	0.00697	0.00414	0.13862
23	0.01161	0.00953	0.03152	0.00961	0.01220	0.04039	0.00734	0.01398	0.03437	0.07153	0.03322	0.36378	0.15120	0.01427	0.00711	0.00210	0.00457	0.01245	0.00552	0.16370
24	0.07159	0.08935	0.11067	0.01225	0.01713	0.09827	0.01109	0.13040	0.03779	0.02407	0.10358	0.03701	0.04682	0.00781	0.00584	0.00171	0.00650	0.00607	0.00459	0.17744

[dist]
# distance from previous block
# <min> <max>
3	21

[block]
# block no. 2 follows, 34 sequences, length 50
# corresponding to MSA columns:
# 66-115
name=unknown_C
#
# <colnr> <probs for GDERKNQSTAVLIFYWHMCP>
#	G	D	E	R	K	N	Q	S	T	A	V	L	I	F	Y	W	H	M	C	P
0	0.04198	0.10393	0.04144	0.01621	0.06299	0.25133	0.03846	0.16165	0.10190	0.04805	0.05873	0.01690	0.01388	0.00732	0.00606	0.00184	0.00819	0.00556	0.00466	0.00889
1	0.01412	0.01420	0.02317	0.05964	0.04338	0.01678	0.18559	0.01789	0.05300	0.01806	0.01168	0.01640	0.01007	0.01113	0.05960	0.00290	0.36902	0.00620	0.00328	0.06391
2	0.05981	0.01315	0.01769	0.01365	0.04278	0.01162	0.10144	0.08284	0.01518	0.04179	0.01223	0.01430	0.00975	0.00553	0.00586	0.00138	0.02835	0.00469	0.00407	0.51389
3	0.01747	0.04245	0.07993	0.03722	0.06553	0.10910	0.09864	0.05978	0.23991	0.06031	0.01700	0.01784	0.01290	0.00714	0.00677	0.00195	0.03151	0.00598	0.00469	0.08390
4	0.00996	0.00750	0.00932	0.00871	0.01051	0.00731	0.00657	0.01485	0.10510	0.02581	0.62378	0.04566	0.07450	0.01275	0.00749	0.00206	0.00331	0.01120	0.00702	0.00659
5	0.01687	0.01447	0.02375	0.05351	0.57760	0.01413	0.01764	0.02050	0.01489	0.08853	0.01333	0.01634	0.01067	0.00589	0.00625	0.00184	0.00722	0.00564	0.00370	0.08723
6	0.01375	0.01169	0.01359	0.00974	0.01546	0.00897	0.00780	0.03817	0.01393	0.02167	0.01161	0.01347	0.00961	0.00488	0.00484	0.00099	0.00486	0.00389	0.00391	0.78716
7	0.01122	0.00561	0.00842	0.00842	0.00842	0.00561	0.00561	0.00842	0.00842	0.01122	0.01122	0.01964	0.01122	0.02245	0.02525	0.81201	0.00561	0.00561	0.00281	0.00281
8	0.00914	0.00660	0.00864	0.00813	0.00965	0.00610	0.00610	0.01219	0.01829	0.02591	0.72921	0.04827	0.06097	0.01321	0.00762	0.00203	0.00305	0.01169	0.00711	0.00610
9	0.01414	0.01414	0.01979	0.01696	0.01696	0.01979	0.01414	0.01555	0.00990	0.01555	0.00848	0.01414	0.00848	0.01131	0.02120	0.00283	0.76110	0.00565	0.00283	0.00707
10	0.00940	0.00626	0.00705	0.00705	0.00705	0.00626	0.00392	0.00940	0.00940	0.01253	0.02036	0.04228	0.02349	0.77292	0.03289	0.00626	0.00626	0.00940	0.00392	0.00392
11	0.00911	0.00656	0.00854	0.00812	0.00955	0.00607	0.00602	0.01198	0.01777	0.02511	0.68000	0.07282	0.05900	0.04063	0.00855	0.00220	0.00319	0.01183	0.00696	0.00599
12	0.02899	0.01100	0.01499	0.01150	0.01649	0.00950	0.00950	0.03149	0.01849	0.73709	0.02549	0.02199	0.01599	0.00800	0.00650	0.00200	0.00550	0.00650	0.00800	0.01100
13	0.81856	0.01250	0.00950	0.00850	0.01250	0.01449	0.00700	0.01899	0.01100	0.02899	0.00900	0.01050	0.00700	0.00600	0.00400	0.00200	0.00500	0.00350	0.00400	0.00700
14	0.81856	0.01250	0.00950	0.00850	0.01250	0.01449	0.00700	0.01899	0.01100	0.02899	0.00900	0.01050	0.00700	0.00600	0.00400	0.00200	0.00500	0.00350	0.00400	0.00700
15	0.01028	0.00702	0.00781	0.00742	0.00976	0.00599	0.00563	0.01216	0.01547	0.10122	0.13746	0.09007	0.53595	0.01522	0.00753	0.00216	0.00353	0.01281	0.00636	0.00616
16	0.81856	0.01250	0.00950	0.00850	0.01250	0.01449	0.00700	0.01899	0.01100	0.02899	0.00900	0.01050	0.00700	0.00600	0.00400	0.00200	0.00500	0.00350	0.00400	0.00700
17	0.81856	0.01250	0.00950	0.00850	0.01250	0.01449	0.00700	0.01899	0.01100	0.02899	0.00900	0.01050	0.00700	0.00600	0.00400	0.00200	0.00500	0.00350	0.00400	0.00700
18	0.01033	0.00739	0.01030	0.01167	0.01316	0.00735	0.01014	0.01331	0.01509	0.01974	0.07728	0.07136	0.03866	0.01756	0.00884	0.00292	0.00577	0.64715	0.00602	0.00596
19	0.02684	0.01100	0.01468	0.01165	0.01633	0.00988	0.00961	0.03059	0.07268	0.63761	0.02609	0.02531	0.01760	0.00867	0.00665	0.00207	0.00550	0.04886	0.00776	0.01062
20	0.81856	0.01250	0.00950	0.00850	0.01250	0.01449	0.00700	0.01899	0.01100	0.02899	0.00900	0.01050	0.00700	0.00600	0.00400	0.00200	0.00500	0.00350	0.00400	0.00700
21	0.02882	0.01126	0.01516	0.01162	0.01663	0.00989	0.00960	0.05714	0.01894	0.71081	0.02511	0.02175	0.01581	0.00799	0.00650	0.00200	0.00556	0.00647	0.00794	0.01100
22	0.00851	0.00658	0.00776	0.00747	0.00927	0.00583	0.00560	0.01097	0.01680	0.02237	0.45101	0.05410	0.34137	0.01453	0.00763	0.00209	0.00314	0.01250	0.00665	0.00583
23	0.01048	0.00690	0.00889	0.00827	0.01008	0.00627	0.00625	0.01329	0.01778	0.07926	0.59107	0.07204	0.11805	0.01334	0.00756	0.00206	0.00328	0.01169	0.00704	0.00638
24	0.01607	0.01388	0.01461	0.01315	0.01680	0.01607	0.01023	0.03433	0.72094	0.02703	0.02630	0.02411	0.01972	0.00877	0.00657	0.00219	0.00511	0.00731	0.00657	0.01023
25	0.01204	0.00602	0.00602	0.00602	0.00753	0.00602	0.00452	0.01506	0.01355	0.02409	0.02108	0.02409	0.01656	0.00753	0.00452	0.00151	0.00301	0.00602	0.80879	0.00602
26	0.01340	0.01148	0.01340	0.00957	0.01531	0.00861	0.00766	0.01627	0.01340	0.02105	0.01148	0.01340	0.00957	0.00479	0.00479	0.00096	0.00479	0.00383	0.00383	0.81242
27	0.00940	0.00626	0.00705	0.00705	0.00705	0.00626	0.00392	0.00940	0.00940	0.01253	0.02036	0.04228	0.02349	0.77292	0.03289	0.00626	0.00626	0.00940	0.00392	0.00392
28	0.01727	0.77681	0.03386	0.01106	0.01658	0.02557	0.01106	0.01935	0.01313	0.01520	0.00898	0.01036	0.00829	0.00553	0.00415	0.00138	0.00691	0.00345	0.00276	0.00829
29	0.00836	0.00600	0.00794	0.00866	0.00948	0.00557	0.00604	0.01023	0.01465	0.02012	0.30254	0.49144	0.04975	0.01754	0.00801	0.00240	0.00348	0.01580	0.00643	0.00557
30	0.00907	0.00660	0.00854	0.00805	0.00961	0.00607	0.00604	0.01205	0.01812	0.02550	0.69713	0.04894	0.09330	0.01336	0.00762	0.00204	0.00306	0.01178	0.00706	0.00607
31	0.01599	0.01535	0.02623	0.03966	0.73262	0.01535	0.01983	0.01983	0.01471	0.02111	0.01215	0.01599	0.01023	0.00576	0.00640	0.00192	0.00768	0.00576	0.00320	0.01023
32	0.01607	0.01388	0.01461	0.01315	0.01680	0.01607	0.01023	0.03433	0.72094	0.02703	0.02630	0.02411	0.01972	0.00877	0.00657	0.00219	0.00511	0.00731	0.00657	0.01023
33	0.01220	0.01148	0.01938	0.75739	0.04450	0.01436	0.01794	0.01651	0.01292	0.01651	0.01148	0.01723	0.00861	0.00646	0.00646	0.00215	0.00861	0.00574	0.00287	0.00718
34	0.00787	0.00562	0.00750	0.00900	0.00937	0.00525	0.00600	0.00900	0.01237	0.01649	0.03561	0.76871	0.04274	0.02024	0.00825	0.00262	0.00375	0.01837	0.00600	0.00525
35	0.01525	0.01743	0.03813	0.02723	0.03377	0.01634	0.70915	0.02070	0.01525	0.02070	0.01307	0.01743	0.00980	0.00545	0.00763	0.00218	0.01089	0.00763	0.00327	0.00871
36	0.02456	0.01810	0.01939	0.01487	0.02004	0.02004	0.01228	0.71107	0.03038	0.04072	0.01551	0.01551	0.01099	0.00776	0.00646	0.00194	0.00711	0.00582	0.00646	0.01099
37	0.01773	0.72980	0.03296	0.01129	0.01680	0.02522	0.01113	0.06221	0.01420	0.01678	0.00939	0.01068	0.00846	0.00567	0.00429	0.00142	0.00692	0.00360	0.00299	0.00846
38	0.00899	0.00794	0.04349	0.00842	0.01051	0.00643	0.00689	0.01185	0.01686	0.02288	0.46647	0.05200	0.24340	0.01403	0.00763	0.00213	0.00360	0.05387	0.00652	0.00608
39	0.00931	0.00659	0.00871	0.00871	0.00928	0.00717	0.00599	0.01046	0.00989	0.01376	0.01884	0.03387	0.01984	0.41218	0.38863	0.00832	0.01176	0.00816	0.00369	0.00484
40	0.01394	0.01463	0.02890	0.10151	0.13862	0.01464	0.38873	0.01816	0.01419	0.01942	0.01565	0.12262	0.01430	0.00805	0.00825	0.00224	0.05587	0.00853	0.00357	0.00820
41	0.07074	0.01862	0.01809	0.01790	0.12412	0.17515	0.01244	0.20655	0.19870	0.06781	0.01671	0.01698	0.01255	0.00738	0.00619	0.00195	0.00745	0.00572	0.00526	0.00968
42	0.01795	0.00980	0.01376	0.01129	0.01483	0.00895	0.06436	0.04556	0.03750	0.30383	0.19743	0.06377	0.13744	0.01112	0.00718	0.00211	0.00501	0.03283	0.00686	0.00839
43	0.00923	0.00692	0.01038	0.01038	0.01154	0.00808	0.00808	0.01154	0.01038	0.01500	0.01731	0.02538	0.01615	0.04846	0.74732	0.01038	0.01731	0.00692	0.00346	0.00577
44	0.01523	0.01461	0.02509	0.14401	0.59247	0.01499	0.03866	0.01916	0.01456	0.02055	0.03115	0.01707	0.01133	0.00605	0.00647	0.00196	0.00778	0.00597	0.00326	0.00963
45	0.02311	0.01712	0.01834	0.01428	0.01905	0.01895	0.01165	0.62633	0.07211	0.03816	0.01648	0.01767	0.01229	0.05428	0.00808	0.00222	0.00693	0.00613	0.00632	0.01051
46	0.01973	0.01799	0.02400	0.05088	0.23087	0.14544	0.14537	0.09775	0.04127	0.11534	0.01437	0.01648	0.01085	0.00668	0.00706	0.00198	0.03422	0.00598	0.00430	0.00942
47	0.05003	0.01075	0.01405	0.01109	0.01552	0.00973	0.00905	0.05139	0.04116	0.56710	0.12537	0.02525	0.02210	0.00870	0.00658	0.00201	0.00517	0.00715	0.00765	0.01015
48	0.08908	0.01253	0.03855	0.04925	0.03301	0.03274	0.01013	0.06083	0.17002	0.17396	0.14309	0.04891	0.05044	0.00966	0.00706	0.00212	0.02883	0.02508	0.00607	0.00865
49	0.08709	0.05351	0.01772	0.03415	0.01856	0.11914	0.06690	0.12436	0.10637	0.11349	0.05866	0.01878	0.01490	0.00997	0.05403	0.00241	0.00767	0.00593	0.00507	0.08129

[dist]
# distance from previous block
# <min> <max>
0	9

[block]
# block no. 3 follows, 34 sequences, length 105
# corresponding to MSA columns:
# 125-229
name=unknown_D
#
# <colnr> <probs for GDERKNQSTAVLIFYWHMCP>
#	G	D	E	R	K	N	Q	S	T	A	V	L	I	F	Y	W	H	M	C	P
0	0.04442	0.01207	0.01488	0.06212	0.01756	0.01262	0.03422	0.19861	0.05559	0.11652	0.06376	0.05704	0.12630	0.01227	0.05426	0.00256	0.03786	0.00792	0.00565	0.06376
1	0.01234	0.00897	0.01029	0.00971	0.01199	0.00899	0.00740	0.09683	0.10892	0.05879	0.13138	0.17981	0.21324	0.05305	0.00880	0.00247	0.00448	0.05924	0.00627	0.00701
2	0.04984	0.02594	0.01979	0.01710	0.02034	0.51510	0.06559	0.06820	0.01741	0.01823	0.01033	0.01266	0.00859	0.00728	0.00813	0.00190	0.11764	0.00472	0.00348	0.00773
3	0.00962	0.00701	0.00882	0.00880	0.00985	0.00724	0.00623	0.04474	0.01246	0.01682	0.07487	0.15101	0.11394	0.24531	0.24787	0.00599	0.00880	0.01051	0.00469	0.00539
4	0.01123	0.00797	0.00958	0.00899	0.01096	0.00777	0.00676	0.04330	0.09066	0.05943	0.37459	0.10707	0.14067	0.06165	0.00910	0.00241	0.00393	0.03065	0.00659	0.00667
5	0.06672	0.01222	0.01430	0.04011	0.08915	0.03106	0.01018	0.21179	0.03985	0.04420	0.12713	0.07025	0.12266	0.01312	0.05668	0.00263	0.00644	0.02779	0.00559	0.00811
6	0.01615	0.06044	0.07071	0.11625	0.03007	0.06555	0.36916	0.06777	0.09691	0.02157	0.01403	0.01704	0.01059	0.00624	0.00688	0.00207	0.00944	0.00660	0.00375	0.00878
7	0.28993	0.01277	0.01382	0.01112	0.01573	0.01319	0.00914	0.13192	0.06241	0.34969	0.01853	0.01731	0.01247	0.00734	0.00567	0.00200	0.00556	0.00545	0.00634	0.00962
8	0.33750	0.01076	0.01108	0.00993	0.01330	0.01130	0.00793	0.08042	0.01497	0.17555	0.02222	0.16776	0.04825	0.01055	0.00604	0.00219	0.00504	0.05183	0.00566	0.00772
9	0.01123	0.00938	0.01205	0.16462	0.01882	0.01021	0.00979	0.01786	0.18964	0.02119	0.15492	0.12269	0.14167	0.01246	0.00732	0.00228	0.00511	0.07595	0.00569	0.00713
10	0.01414	0.01414	0.01979	0.01696	0.01696	0.01979	0.01414	0.01555	0.00990	0.01555	0.00848	0.01414	0.00848	0.01131	0.02120	0.00283	0.76110	0.00565	0.00283	0.00707
11	0.00930	0.00622	0.00708	0.00717	0.00719	0.00620	0.00405	0.00937	0.00959	0.01278	0.02133	0.08839	0.02471	0.72515	0.03132	0.00603	0.00610	0.00997	0.00405	0.00400
12	0.01559	0.01469	0.02457	0.18239	0.56515	0.01535	0.01914	0.04791	0.01500	0.02100	0.01216	0.01622	0.00994	0.00598	0.00641	0.00197	0.00784	0.00576	0.00327	0.00965
13	0.01296	0.03342	0.73944	0.01842	0.02797	0.01501	0.02387	0.02046	0.01364	0.02046	0.01160	0.01364	0.00818	0.00614	0.00614	0.00205	0.00955	0.00477	0.00273	0.00955
14	0.01607	0.01388	0.01461	0.01315	0.01680	0.01607	0.01023	0.03433	0.72094	0.02703	0.02630	0.02411	0.01972	0.00877	0.00657	0.00219	0.00511	0.00731	0.00657	0.01023
15	0.00927	0.00614	0.00731	0.00758	0.00807	0.00597	0.00482	0.01034	0.01197	0.01683	0.13886	0.21348	0.03340	0.39222	0.02002	0.00422	0.00481	0.01154	0.08834	0.00480
16	0.69281	0.06160	0.01176	0.00917	0.01332	0.03592	0.00764	0.03674	0.01213	0.05748	0.00987	0.01112	0.00759	0.00611	0.00422	0.00195	0.00538	0.00370	0.00413	0.00736
17	0.00764	0.00655	0.00655	0.00655	0.00873	0.00545	0.00491	0.00927	0.01473	0.01745	0.06546	0.06218	0.73000	0.01636	0.00764	0.00218	0.00327	0.01364	0.00600	0.00545
18	0.00772	0.00624	0.00686	0.00736	0.00894	0.00539	0.00527	0.00918	0.01394	0.01713	0.05549	0.29815	0.50046	0.01766	0.00784	0.00233	0.00343	0.01522	0.00600	0.00539
19	0.51834	0.01384	0.01351	0.01129	0.01519	0.03487	0.05539	0.11837	0.03901	0.02812	0.01154	0.01435	0.00935	0.05521	0.00724	0.00230	0.03541	0.00472	0.00432	0.00762
20	0.05107	0.06569	0.01948	0.01740	0.06794	0.53961	0.01269	0.11448	0.01912	0.01986	0.01077	0.01235	0.00875	0.00666	0.00580	0.00171	0.01031	0.00443	0.00372	0.00816
21	0.00894	0.00656	0.00838	0.00800	0.00955	0.00600	0.00597	0.01178	0.01770	0.02470	0.63571	0.07771	0.12728	0.01380	0.00765	0.00207	0.00310	0.01214	0.00696	0.00600
22	0.00943	0.00722	0.01078	0.01066	0.01176	0.00856	0.00833	0.01170	0.01036	0.01502	0.01694	0.02492	0.01583	0.04691	0.71712	0.01007	0.04824	0.00687	0.00344	0.00582
23	0.01501	0.01398	0.02299	0.33429	0.34258	0.01534	0.04643	0.06921	0.03887	0.02081	0.01263	0.01680	0.00992	0.00628	0.00648	0.00204	0.00807	0.00588	0.00342	0.00896
24	0.01457	0.01612	0.03007	0.05890	0.02872	0.07267	0.48953	0.01905	0.01543	0.02025	0.08518	0.08485	0.01751	0.00763	0.00748	0.00216	0.00945	0.00858	0.00387	0.00798
25	0.01296	0.03342	0.73944	0.01842	0.02797	0.01501	0.02387	0.02046	0.01364	0.02046	0.01160	0.01364	0.00818	0.00614	0.00614	0.00205	0.00955	0.00477	0.00273	0.00955
26	0.81856	0.01250	0.00950	0.00850	0.01250	0.01449	0.00700	0.01899	0.01100	0.02899	0.00900	0.01050	0.00700	0.00600	0.00400	0.00200	0.00500	0.00350	0.00400	0.00700
27	0.00940	0.00626	0.00705	0.00705	0.00705	0.00626	0.00392	0.00940	0.00940	0.01253	0.02036	0.04228	0.02349	0.77292	0.03289	0.00626	0.00626	0.00940	0.00392	0.00392
28	0.01261	0.01190	0.01989	0.67587	0.06293	0.01453	0.03823	0.01766	0.04983	0.01732	0.01232	0.01755	0.00927	0.00653	0.00650	0.00215	0.00847	0.00588	0.00308	0.00747
29	0.02456	0.01810	0.01939	0.01487	0.02004	0.02004	0.01228	0.71107	0.03038	0.04072	0.01551	0.01551	0.01099	0.00776	0.00646	0.00194	0.00711	0.00582	0.00646	0.01099
30	0.00787	0.00562	0.00750	0.00900	0.00937	0.00525	0.00600	0.00900	0.01237	0.01649	0.03561	0.76871	0.04274	0.02024	0.00825	0.00262	0.00375	0.01837	0.00600	0.00525
31	0.00940	0.00626	0.00705	0.00705	0.00705	0.00626	0.00392	0.00940	0.00940	0.01253	0.02036	0.04228	0.02349	0.77292	0.03289	0.00626	0.00626	0.00940	0.00392	0.00392
32	0.01588	0.01524	0.02602	0.06093	0.71223	0.01532	0.01977	0.01973	0.01466	0.02097	0.01213	0.01603	0.01019	0.00578	0.00640	0.00193	0.00770	0.00576	0.00319	0.01014
33	0.81856	0.01250	0.00950	0.00850	0.01250	0.01449	0.00700	0.01899	0.01100	0.02899	0.00900	0.01050	0.00700	0.00600	0.00400	0.00200	0.00500	0.00350	0.00400	0.00700
34	0.00787	0.00562	0.00750	0.00900	0.00937	0.00525	0.00600	0.00900	0.01237	0.01649	0.03561	0.76871	0.04274	0.02024	0.00825	0.00262	0.00375	0.01837	0.00600	0.00525
35	0.81856	0.01250	0.00950	0.00850	0.01250	0.01449	0.00700	0.01899	0.01100	0.02899	0.00900	0.01050	0.00700	0.00600	0.00400	0.00200	0.00500	0.00350	0.00400	0.00700
36	0.01340	0.01148	0.01340	0.00957	0.01531	0.00861	0.00766	0.01627	0.01340	0.02105	0.01148	0.01340	0.00957	0.00479	0.00479	0.00096	0.00479	0.00383	0.00383	0.81242
37	0.02414	0.03079	0.01831	0.01665	0.01998	0.74698	0.01248	0.02580	0.01831	0.01581	0.00999	0.01165	0.00832	0.00666	0.00583	0.00166	0.01165	0.00416	0.00333	0.00749
38	0.00787	0.00562	0.00750	0.00900	0.00937	0.00525	0.00600	0.00900	0.01237	0.01649	0.03561	0.76871	0.04274	0.02024	0.00825	0.00262	0.00375	0.01837	0.00600	0.00525
39	0.00909	0.00660	0.00856	0.00807	0.00962	0.00607	0.00605	0.01208	0.01815	0.02558	0.70336	0.04881	0.08702	0.01333	0.00762	0.00204	0.00306	0.01176	0.00707	0.00607
40	0.81856	0.01250	0.00950	0.00850	0.01250	0.01449	0.00700	0.01899	0.01100	0.02899	0.00900	0.01050	0.00700	0.00600	0.00400	0.00200	0.00500	0.00350	0.00400	0.00700
41	0.00914	0.00660	0.00864	0.00813	0.00965	0.00610	0.00610	0.01219	0.01829	0.02591	0.72921	0.04827	0.06097	0.01321	0.00762	0.00203	0.00305	0.01169	0.00711	0.00610
42	0.00769	0.00655	0.00662	0.00660	0.00876	0.00548	0.00495	0.00937	0.01485	0.01774	0.08819	0.06171	0.70708	0.01626	0.00764	0.00218	0.00327	0.01357	0.00604	0.00548
43	0.01340	0.01148	0.01340	0.00957	0.01531	0.00861	0.00766	0.01627	0.01340	0.02105	0.01148	0.01340	0.00957	0.00479	0.00479	0.00096	0.00479	0.00383	0.00383	0.81242
44	0.02899	0.01100	0.01499	0.01150	0.01649	0.00950	0.00950	0.03149	0.01849	0.73709	0.02549	0.02199	0.01599	0.00800	0.00650	0.00200	0.00550	0.00650	0.00800	0.01100
45	0.01220	0.01148	0.01938	0.75739	0.04450	0.01436	0.01794	0.01651	0.01292	0.01651	0.01148	0.01723	0.00861	0.00646	0.00646	0.00215	0.00861	0.00574	0.00287	0.00718
46	0.02456	0.01810	0.01939	0.01487	0.02004	0.02004	0.01228	0.71107	0.03038	0.04072	0.01551	0.01551	0.01099	0.00776	0.00646	0.00194	0.00711	0.00582	0.00646	0.01099
47	0.00764	0.00655	0.00655	0.00655	0.00873	0.00545	0.00491	0.00927	0.01473	0.01745	0.06546	0.06218	0.73000	0.01636	0.00764	0.00218	0.00327	0.01364	0.00600	0.00545
48	0.02414	0.03079	0.01831	0.01665	0.01998	0.74698	0.01248	0.02580	0.01831	0.01581	0.00999	0.01165	0.00832	0.00666	0.00583	0.00166	0.01165	0.00416	0.00333	0.00749
49	0.00940	0.00626	0.00705	0.00705	0.00705	0.00626	0.00392	0.00940	0.00940	0.01253	0.02036	0.04228	0.02349	0.77292	0.03289	0.00626	0.00626	0.00940	0.00392	0.00392
50	0.00926	0.00621	0.00709	0.00722	0.00725	0.00617	0.00410	0.00936	0.00966	0.01288	0.02172	0.10709	0.02521	0.70577	0.03069	0.00594	0.00604	0.01020	0.00410	0.00403
51	0.01607	0.01388	0.01461	0.01315	0.01680	0.01607	0.01023	0.03433	0.72094	0.02703	0.02630	0.02411	0.01972	0.00877	0.00657	0.00219	0.00511	0.00731	0.00657	0.01023
52	0.00923	0.00692	0.01038	0.01038	0.01154	0.00808	0.00808	0.01154	0.01038	0.01500	0.01731	0.02538	0.01615	0.04846	0.74732	0.01038	0.01731	0.00692	0.00346	0.00577
53	0.81856	0.01250	0.00950	0.00850	0.01250	0.01449	0.00700	0.01899	0.01100	0.02899	0.00900	0.01050	0.00700	0.00600	0.00400	0.00200	0.00500	0.00350	0.00400	0.00700
54	0.01512	0.01289	0.01379	0.01252	0.01586	0.01474	0.00968	0.03133	0.62883	0.02657	0.09485	0.05157	0.02450	0.00958	0.00673	0.00219	0.00487	0.00810	0.00661	0.00966
55	0.01642	0.01406	0.01481	0.01322	0.01694	0.01624	0.01031	0.06248	0.69223	0.02760	0.02585	0.02375	0.01936	0.00872	0.00657	0.00218	0.00520	0.00724	0.00657	0.01026
56	0.01599	0.01535	0.02623	0.03966	0.73262	0.01535	0.01983	0.01983	0.01471	0.02111	0.01215	0.01599	0.01023	0.00576	0.00640	0.00192	0.00768	0.00576	0.00320	0.01023
57	0.01588	0.48846	0.22330	0.01493	0.02165	0.02165	0.09657	0.01980	0.01352	0.01726	0.01016	0.01207	0.00844	0.00568	0.00509	0.00165	0.00809	0.00430	0.00281	0.00868
58	0.00914	0.00692	0.00790	0.00817	0.01007	0.00623	0.00626	0.01153	0.03838	0.04252	0.08108	0.17453	0.44353	0.01653	0.00785	0.00236	0.00386	0.11114	0.00613	0.00587
59	0.01086	0.00708	0.01013	0.00990	0.01130	0.00790	0.00766	0.01317	0.01122	0.06448	0.01835	0.02561	0.01644	0.06687	0.59638	0.00877	0.01466	0.00689	0.08625	0.00608
60	0.02394	0.01633	0.01783	0.01384	0.01870	0.01775	0.01138	0.55960	0.05622	0.12063	0.01748	0.01717	0.01229	0.00781	0.00635	0.00193	0.00658	0.00597	0.05757	0.01064
61	0.01385	0.01347	0.02216	0.48372	0.26141	0.03581	0.04206	0.01797	0.01372	0.01809	0.01171	0.01668	0.00916	0.00621	0.00646	0.00207	0.00848	0.00577	0.00300	0.00821
62	0.02065	0.01026	0.01297	0.01089	0.01442	0.00983	0.00857	0.06903	0.09764	0.37850	0.06918	0.10587	0.05138	0.06068	0.04697	0.00280	0.00580	0.00862	0.00689	0.00905
63	0.00900	0.00616	0.00740	0.00773	0.00797	0.00608	0.00474	0.00956	0.01073	0.01445	0.06897	0.22052	0.03030	0.51002	0.05451	0.00527	0.00589	0.01165	0.00461	0.00446
64	0.05626	0.07739	0.01894	0.01596	0.01945	0.67118	0.01217	0.02511	0.01768	0.01631	0.00988	0.01152	0.00827	0.00656	0.00564	0.00166	0.01108	0.00409	0.00332	0.00752
65	0.02245	0.11816	0.02048	0.01666	0.03987	0.59385	0.01263	0.02421	0.01706	0.01588	0.00983	0.01178	0.00838	0.00679	0.00662	0.00171	0.05854	0.00422	0.00323	0.00764
66	0.77473	0.01351	0.00998	0.00895	0.01291	0.05491	0.00730	0.01937	0.01140	0.02826	0.00905	0.01056	0.00707	0.00603	0.00410	0.00198	0.00537	0.00354	0.00396	0.00702
67	0.01461	0.02215	0.25185	0.02433	0.08296	0.03536	0.38428	0.02021	0.01453	0.02023	0.01289	0.03537	0.01010	0.00631	0.00752	0.00214	0.03638	0.00672	0.00315	0.00891
68	0.01296	0.03342	0.73944	0.01842	0.02797	0.01501	0.02387	0.02046	0.01364	0.02046	0.01160	0.01364	0.00818	0.00614	0.00614	0.00205	0.00955	0.00477	0.00273	0.00955
69	0.02551	0.01291	0.01573	0.01246	0.01722	0.01280	0.01016	0.15820	0.16499	0.46200	0.02381	0.02122	0.01583	0.00811	0.00651	0.00203	0.00572	0.00654	0.00742	0.01084
70	0.01647	0.01139	0.01371	0.00995	0.01554	0.00879	0.00802	0.01926	0.01440	0.16189	0.01424	0.01509	0.01083	0.00542	0.00512	0.00116	0.00493	0.00435	0.00465	0.65479
71	0.01151	0.00648	0.00907	0.00923	0.00982	0.00645	0.00657	0.03714	0.01105	0.03490	0.01909	0.16092	0.02035	0.03884	0.01921	0.49767	0.00539	0.08805	0.00406	0.00419
72	0.00771	0.00655	0.00665	0.00663	0.00877	0.00549	0.00497	0.00942	0.01491	0.01788	0.09889	0.06148	0.69629	0.01621	0.00764	0.00217	0.00326	0.01354	0.00606	0.00549
73	0.01414	0.01414	0.01979	0.01696	0.01696	0.01979	0.01414	0.01555	0.00990	0.01555	0.00848	0.01414	0.00848	0.01131	0.02120	0.00283	0.76110	0.00565	0.00283	0.00707
74	0.00819	0.00576	0.00740	0.00859	0.00888	0.00546	0.00556	0.00908	0.01174	0.01566	0.03240	0.61562	0.03868	0.17886	0.01344	0.00339	0.00428	0.01648	0.00556	0.00497
75	0.00919	0.00676	0.00888	0.01010	0.01140	0.00645	0.00816	0.01139	0.01413	0.01819	0.04027	0.26914	0.16420	0.01826	0.00850	0.00273	0.00484	0.37577	0.00597	0.00566
76	0.02825	0.01218	0.01573	0.01206	0.01709	0.01126	0.00996	0.14524	0.02048	0.62053	0.02382	0.02091	0.01516	0.00796	0.00649	0.00199	0.00577	0.00638	0.00774	0.01099
77	0.20624	0.01133	0.01376	0.01082	0.01560	0.01062	0.00894	0.02868	0.01681	0.57813	0.02179	0.01941	0.01397	0.00755	0.00594	0.00200	0.00539	0.00582	0.00710	0.01010
78	0.02899	0.01100	0.01499	0.01150	0.01649	0.00950	0.00950	0.03149	0.01849	0.73709	0.02549	0.02199	0.01599	0.00800	0.00650	0.00200	0.00550	0.00650	0.00800	0.01100
79	0.01583	0.01356	0.01427	0.01279	0.01640	0.01554	0.00996	0.05641	0.65198	0.02690	0.02841	0.02622	0.06450	0.00921	0.00664	0.00218	0.00507	0.00765	0.00653	0.00995
80	0.02899	0.01100	0.01499	0.01150	0.01649	0.00950	0.00950	0.03149	0.01849	0.73709	0.02549	0.02199	0.01599	0.00800	0.00650	0.00200	0.00550	0.00650	0.00800	0.01100
81	0.81856	0.01250	0.00950	0.00850	0.01250	0.01449	0.00700	0.01899	0.01100	0.02899	0.00900	0.01050	0.00700	0.00600	0.00400	0.00200	0.00500	0.00350	0.00400	0.00700
82	0.01096	0.00571	0.00837	0.00833	0.00851	0.00564	0.00562	0.00869	0.00928	0.01239	0.05966	0.02299	0.03966	0.02163	0.02349	0.73111	0.00536	0.00629	0.00320	0.00311
83	0.02819	0.01118	0.01497	0.01160	0.01651	0.00991	0.00954	0.03167	0.06214	0.69297	0.02554	0.02212	0.01623	0.00804	0.00650	0.00201	0.00547	0.00655	0.00791	0.01095
84	0.01607	0.01388	0.01461	0.01315	0.01680	0.01607	0.01023	0.03433	0.72094	0.02703	0.02630	0.02411	0.01972	0.00877	0.00657	0.00219	0.00511	0.00731	0.00657	0.01023
85	0.02561	0.01642	0.01835	0.01407	0.01920	0.01754	0.01162	0.55011	0.02756	0.20566	0.01788	0.01705	0.01217	0.00781	0.00647	0.00195	0.00673	0.00598	0.00683	0.01099
86	0.01607	0.01388	0.01461	0.01315	0.01680	0.01607	0.01023	0.03433	0.72094	0.02703	0.02630	0.02411	0.01972	0.00877	0.00657	0.00219	0.00511	0.00731	0.00657	0.01023
87	0.02668	0.01049	0.01426	0.01110	0.01570	0.00910	0.00910	0.02925	0.01847	0.65439	0.10732	0.02505	0.02122	0.00860	0.00663	0.00200	0.00521	0.00710	0.00789	0.01043
88	0.01607	0.01388	0.01461	0.01315	0.01680	0.01607	0.01023	0.03433	0.72094	0.02703	0.02630	0.02411	0.01972	0.00877	0.00657	0.00219	0.00511	0.00731	0.00657	0.01023
89	0.02414	0.03079	0.01831	0.01665	0.01998	0.74698	0.01248	0.02580	0.01831	0.01581	0.00999	0.01165	0.00832	0.00666	0.00583	0.00166	0.01165	0.00416	0.00333	0.00749
90	0.01340	0.01148	0.01340	0.00957	0.01531	0.00861	0.00766	0.01627	0.01340	0.02105	0.01148	0.01340	0.00957	0.00479	0.00479	0.00096	0.00479	0.00383	0.00383	0.81242
91	0.00764	0.00655	0.00655	0.00655	0.00873	0.00545	0.00491	0.00927	0.01473	0.01745	0.06546	0.06218	0.73000	0.01636	0.00764	0.00218	0.00327	0.01364	0.00600	0.00545
92	0.01122	0.00561	0.00842	0.00842	0.00842	0.00561	0.00561	0.00842	0.00842	0.01122	0.01122	0.01964	0.01122	0.02245	0.02525	0.81201	0.00561	0.00561	0.00281	0.00281
93	0.00854	0.00610	0.00826	0.00976	0.01042	0.00582	0.00715	0.01014	0.01303	0.01724	0.03525	0.58673	0.04128	0.01962	0.00842	0.00272	0.00432	0.19379	0.00599	0.00543
94	0.00829	0.00657	0.00746	0.00723	0.00913	0.00573	0.00543	0.01054	0.01628	0.02113	0.35412	0.05613	0.43903	0.01499	0.00763	0.00212	0.00318	0.01279	0.00648	0.00573
95	0.01599	0.01535	0.02623	0.03966	0.73262	0.01535	0.01983	0.01983	0.01471	0.02111	0.01215	0.01599	0.01023	0.00576	0.00640	0.00192	0.00768	0.00576	0.00320	0.01023
96	0.01607	0.01388	0.01461	0.01315	0.01680	0.01607	0.01023	0.03433	0.72094	0.02703	0.02630	0.02411	0.01972	0.00877	0.00657	0.00219	0.00511	0.00731	0.00657	0.01023
97	0.01220	0.01148	0.01938	0.75739	0.04450	0.01436	0.01794	0.01651	0.01292	0.01651	0.01148	0.01723	0.00861	0.00646	0.00646	0.00215	0.00861	0.00574	0.00287	0.00718
98	0.00830	0.00596	0.00788	0.00870	0.00947	0.00554	0.00603	0.01008	0.01438	0.01969	0.27123	0.52397	0.04893	0.01785	0.00803	0.00242	0.00351	0.01610	0.00638	0.00554
99	0.01525	0.01743	0.03813	0.02723	0.03377	0.01634	0.70915	0.02070	0.01525	0.02070	0.01307	0.01743	0.00980	0.00545	0.00763	0.00218	0.01089	0.00763	0.00327	0.00871
100	0.00787	0.00562	0.00750	0.00900	0.00937	0.00525	0.00600	0.00900	0.01237	0.01649	0.03561	0.76871	0.04274	0.02024	0.00825	0.00262	0.00375	0.01837	0.00600	0.00525
101	0.01802	0.72821	0.03266	0.01108	0.01658	0.02455	0.01096	0.02012	0.01347	0.06102	0.01003	0.01110	0.00878	0.00568	0.00430	0.00142	0.00682	0.00365	0.00310	0.00846
102	0.01599	0.01535	0.02623	0.03966	0.73262	0.01535	0.01983	0.01983	0.01471	0.02111	0.01215	0.01599	0.01023	0.00576	0.00640	0.00192	0.00768	0.00576	0.00320	0.01023
103	0.02698	0.01129	0.01613	0.01236	0.01721	0.00997	0.05369	0.02997	0.03609	0.64356	0.02451	0.02259	0.01601	0.03920	0.00765	0.00219	0.00586	0.00671	0.00749	0.01054
104	0.68316	0.06172	0.03984	0.00925	0.01363	0.01488	0.00808	0.01991	0.01174	0.07547	0.01021	0.01138	0.00773	0.00611	0.00426	0.00196	0.00533	0.00375	0.00414	0.00745

[dist]
# distance from previous block
# <min> <max>
1	4

[block]
# block no. 4 follows, 34 sequences, length 62
# corresponding to MSA columns:
# 234-295
name=unknown_E
#
# <colnr> <probs for GDERKNQSTAVLIFYWHMCP>
#	G	D	E	R	K	N	Q	S	T	A	V	L	I	F	Y	W	H	M	C	P
0	0.01387	0.01270	0.02139	0.50876	0.21404	0.01458	0.03970	0.01850	0.03670	0.03970	0.01260	0.01729	0.00964	0.00637	0.00649	0.00209	0.00824	0.00588	0.00324	0.00820
1	0.01482	0.01527	0.02748	0.06274	0.19388	0.03491	0.32196	0.02064	0.09056	0.02114	0.06160	0.05664	0.01578	0.00732	0.00745	0.00213	0.02526	0.00771	0.00396	0.00875
2	0.00975	0.00768	0.01137	0.01108	0.01211	0.00931	0.00871	0.01196	0.01033	0.01506	0.01638	0.02420	0.01535	0.04456	0.67106	0.00959	0.09542	0.00679	0.00339	0.00591
3	0.01685	0.01501	0.02462	0.07842	0.56472	0.01528	0.03617	0.05510	0.05124	0.05927	0.01371	0.01680	0.01094	0.00616	0.00645	0.00196	0.00755	0.00592	0.00376	0.01009
4	0.04924	0.02905	0.01813	0.01623	0.01974	0.65711	0.01229	0.08852	0.01919	0.01852	0.01046	0.01197	0.00853	0.00674	0.00583	0.00170	0.01103	0.00429	0.00364	0.00780
5	0.02456	0.01810	0.01939	0.01487	0.02004	0.02004	0.01228	0.71107	0.03038	0.04072	0.01551	0.01551	0.01099	0.00776	0.00646	0.00194	0.00711	0.00582	0.00646	0.01099
6	0.01079	0.00574	0.00852	0.00868	0.00883	0.00579	0.00592	0.00879	0.00904	0.01212	0.01426	0.08523	0.01486	0.02388	0.07150	0.67028	0.00624	0.02306	0.00320	0.00329
7	0.01774	0.63945	0.07780	0.01190	0.01750	0.02380	0.01197	0.05394	0.01414	0.04577	0.01012	0.01140	0.00873	0.00594	0.00495	0.00152	0.02775	0.00384	0.00316	0.00858
8	0.01204	0.00602	0.00602	0.00602	0.00753	0.00602	0.00452	0.01506	0.01355	0.02409	0.02108	0.02409	0.01656	0.00753	0.00452	0.00151	0.00301	0.00602	0.80879	0.00602
9	0.00839	0.00629	0.00768	0.00858	0.00947	0.00593	0.00586	0.01045	0.04854	0.01720	0.06041	0.52514	0.16950	0.07265	0.00979	0.00276	0.00389	0.01608	0.00591	0.00547
10	0.01572	0.01530	0.02464	0.10609	0.61313	0.04429	0.01888	0.01949	0.01481	0.02063	0.03706	0.01706	0.01178	0.00612	0.00642	0.00194	0.00776	0.00590	0.00331	0.00969
11	0.10142	0.04839	0.01915	0.01570	0.05464	0.08560	0.01228	0.41268	0.04219	0.03179	0.01336	0.01454	0.01013	0.00776	0.00789	0.00201	0.10032	0.00536	0.00517	0.00962
12	0.00847	0.00658	0.00771	0.00742	0.00924	0.00581	0.00557	0.01089	0.01671	0.02215	0.43411	0.05445	0.35841	0.01461	0.00763	0.00210	0.00315	0.01255	0.00662	0.00581
13	0.00862	0.00657	0.00800	0.00846	0.00985	0.00608	0.00622	0.01113	0.03951	0.01977	0.22048	0.30095	0.24178	0.01675	0.00791	0.00236	0.00366	0.06983	0.00630	0.00575
14	0.01429	0.01436	0.02368	0.40688	0.23102	0.05119	0.10856	0.01841	0.01390	0.01827	0.01172	0.01655	0.00920	0.00628	0.00697	0.00209	0.02947	0.00591	0.00303	0.00823
15	0.02180	0.02554	0.01820	0.05990	0.02085	0.51127	0.01270	0.07858	0.09063	0.01893	0.01206	0.01377	0.00974	0.00734	0.00727	0.00187	0.07292	0.00483	0.00384	0.00799
16	0.01296	0.03342	0.73944	0.01842	0.02797	0.01501	0.02387	0.02046	0.01364	0.02046	0.01160	0.01364	0.00818	0.00614	0.00614	0.00205	0.00955	0.00477	0.00273	0.00955
17	0.81856	0.01250	0.00950	0.00850	0.01250	0.01449	0.00700	0.01899	0.01100	0.02899	0.00900	0.01050	0.00700	0.00600	0.00400	0.00200	0.00500	0.00350	0.00400	0.00700
18	0.00832	0.00650	0.00709	0.00699	0.00858	0.00576	0.00496	0.00992	0.01440	0.01826	0.19791	0.05516	0.44328	0.16983	0.01278	0.00298	0.00383	0.01236	0.00581	0.00528
19	0.01117	0.00947	0.01317	0.18291	0.04820	0.01082	0.01055	0.01605	0.12873	0.01796	0.02391	0.24108	0.04743	0.06673	0.09238	0.00352	0.05415	0.01032	0.00465	0.00680
20	0.75006	0.01272	0.01019	0.00893	0.01302	0.01459	0.00735	0.05438	0.01224	0.05507	0.00992	0.01116	0.00752	0.00616	0.00421	0.00200	0.00512	0.00372	0.00427	0.00734
21	0.00802	0.00573	0.00766	0.00916	0.00960	0.00537	0.00625	0.00925	0.01251	0.01666	0.03553	0.72916	0.04242	0.02011	0.00829	0.00264	0.00387	0.05649	0.00600	0.00529
22	0.00923	0.00692	0.01038	0.01038	0.01154	0.00808	0.00808	0.01154	0.01038	0.01500	0.01731	0.02538	0.01615	0.04846	0.74732	0.01038	0.01731	0.00692	0.00346	0.00577
23	0.01568	0.01503	0.02566	0.09924	0.67549	0.01527	0.01967	0.01955	0.01456	0.02073	0.01210	0.01609	0.01010	0.00582	0.00640	0.00194	0.00775	0.00576	0.00317	0.00998
24	0.81856	0.01250	0.00950	0.00850	0.01250	0.01449	0.00700	0.01899	0.01100	0.02899	0.00900	0.01050	0.00700	0.00600	0.00400	0.00200	0.00500	0.00350	0.00400	0.00700
25	0.00787	0.00562	0.00750	0.00900	0.00937	0.00525	0.00600	0.00900	0.01237	0.01649	0.03561	0.76871	0.04274	0.02024	0.00825	0.00262	0.00375	0.01837	0.00600	0.00525
26	0.02399	0.01781	0.01907	0.01475	0.01982	0.01977	0.01214	0.66561	0.07677	0.03980	0.01624	0.01609	0.01158	0.00782	0.00647	0.00196	0.00698	0.00592	0.00647	0.01094
27	0.02899	0.01100	0.01499	0.01150	0.01649	0.00950	0.00950	0.03149	0.01849	0.73709	0.02549	0.02199	0.01599	0.00800	0.00650	0.00200	0.00550	0.00650	0.00800	0.01100
28	0.02456	0.01810	0.01939	0.01487	0.02004	0.02004	0.01228	0.71107	0.03038	0.04072	0.01551	0.01551	0.01099	0.00776	0.00646	0.00194	0.00711	0.00582	0.00646	0.01099
29	0.00923	0.00692	0.01038	0.01038	0.01154	0.00808	0.00808	0.01154	0.01038	0.01500	0.01731	0.02538	0.01615	0.04846	0.74732	0.01038	0.01731	0.00692	0.00346	0.00577
30	0.00787	0.00562	0.00750	0.00900	0.00937	0.00525	0.00600	0.00900	0.01237	0.01649	0.03561	0.76871	0.04274	0.02024	0.00825	0.00262	0.00375	0.01837	0.00600	0.00525
31	0.81856	0.01250	0.00950	0.00850	0.01250	0.01449	0.00700	0.01899	0.01100	0.02899	0.00900	0.01050	0.00700	0.00600	0.00400	0.00200	0.00500	0.00350	0.00400	0.00700
32	0.02456	0.01810	0.01939	0.01487	0.02004	0.02004	0.01228	0.71107	0.03038	0.04072	0.01551	0.01551	0.01099	0.00776	0.00646	0.00194	0.00711	0.00582	0.00646	0.01099
33	0.00984	0.00681	0.00856	0.00800	0.00982	0.00614	0.00604	0.01259	0.01763	0.05941	0.56933	0.04959	0.18489	0.01355	0.00757	0.00206	0.00321	0.01180	0.00695	0.00622
34	0.01296	0.03342	0.73944	0.01842	0.02797	0.01501	0.02387	0.02046	0.01364	0.02046	0.01160	0.01364	0.00818	0.00614	0.00614	0.00205	0.00955	0.00477	0.00273	0.00955
35	0.52857	0.01440	0.01295	0.01077	0.01514	0.01639	0.00886	0.24974	0.04029	0.03283	0.01172	0.01260	0.00873	0.00667	0.00490	0.00199	0.00570	0.00439	0.00490	0.00843
36	0.00774	0.00655	0.00669	0.00665	0.00879	0.00550	0.00499	0.00947	0.01497	0.01802	0.11001	0.06125	0.68509	0.01615	0.00764	0.00217	0.00326	0.01351	0.00607	0.00550
37	0.00786	0.00565	0.00746	0.00891	0.00935	0.00526	0.00596	0.00901	0.01245	0.01653	0.03664	0.74438	0.06640	0.02011	0.00823	0.00261	0.00373	0.01821	0.00600	0.00526
38	0.01525	0.01743	0.03813	0.02723	0.03377	0.01634	0.70915	0.02070	0.01525	0.02070	0.01307	0.01743	0.00980	0.00545	0.00763	0.00218	0.01089	0.00763	0.00327	0.00871
39	0.01122	0.00561	0.00842	0.00842	0.00842	0.00561	0.00561	0.00842	0.00842	0.01122	0.01122	0.01964	0.01122	0.02245	0.02525	0.81201	0.00561	0.00561	0.00281	0.00281
40	0.00793	0.00588	0.00740	0.00845	0.00927	0.00536	0.00579	0.00930	0.01330	0.01743	0.09632	0.57328	0.17884	0.01893	0.00808	0.00249	0.00360	0.01691	0.00609	0.00536
41	0.00787	0.00562	0.00750	0.00900	0.00937	0.00525	0.00600	0.00900	0.01237	0.01649	0.03561	0.76871	0.04274	0.02024	0.00825	0.00262	0.00375	0.01837	0.00600	0.00525
42	0.00923	0.00692	0.01038	0.01038	0.01154	0.00808	0.00808	0.01154	0.01038	0.01500	0.01731	0.02538	0.01615	0.04846	0.74732	0.01038	0.01731	0.00692	0.00346	0.00577
43	0.01296	0.03342	0.73944	0.01842	0.02797	0.01501	0.02387	0.02046	0.01364	0.02046	0.01160	0.01364	0.00818	0.00614	0.00614	0.00205	0.00955	0.00477	0.00273	0.00955
44	0.01525	0.01743	0.03813	0.02723	0.03377	0.01634	0.70915	0.02070	0.01525	0.02070	0.01307	0.01743	0.00980	0.00545	0.00763	0.00218	0.01089	0.00763	0.00327	0.00871
45	0.01019	0.00726	0.01005	0.01146	0.01280	0.00723	0.00979	0.01290	0.01443	0.01881	0.03360	0.11691	0.03686	0.05612	0.01009	0.00312	0.00582	0.61089	0.00585	0.00580
46	0.01551	0.01486	0.02536	0.13057	0.64546	0.01523	0.01959	0.01941	0.01449	0.02053	0.01207	0.01615	0.01003	0.00585	0.00640	0.00195	0.00779	0.00576	0.00316	0.00985
47	0.01331	0.01259	0.01945	0.34086	0.06503	0.01590	0.03720	0.04008	0.01246	0.01724	0.01216	0.05582	0.01102	0.03357	0.01278	0.00254	0.28097	0.00655	0.00321	0.00727
48	0.00861	0.00650	0.00802	0.00831	0.00980	0.00591	0.00627	0.01085	0.01564	0.02072	0.30814	0.19614	0.25349	0.01611	0.00791	0.00231	0.00362	0.09950	0.00642	0.00572
49	0.00771	0.00642	0.00674	0.00694	0.00885	0.00544	0.00510	0.00932	0.01450	0.01756	0.08033	0.16191	0.61335	0.01682	0.00772	0.00224	0.00333	0.01425	0.00603	0.00544
