[name]
unknown

[dist]
# distance from previous block
# <min> <max>
0	28

[block]
# block no. 0 follows, 34 sequences, length 46
# corresponding to MSA columns:
# 28-73
name=unknown_A
#
# <colnr> <probs for GDERKNQSTAVLIFYWHMCP>
#	G	D	E	R	K	N	Q	S	T	A	V	L	I	F	Y	W	H	M	C	P
0	0.04745	0.01293	0.02043	0.21738	0.15215	0.02650	0.12408	0.05144	0.03274	0.02087	0.04421	0.02664	0.07062	0.00833	0.00681	0.00211	0.00747	0.07389	0.00406	0.04989
1	0.01559	0.01305	0.01987	0.29960	0.02942	0.03692	0.10736	0.01916	0.01402	0.11010	0.01322	0.01651	0.00993	0.00647	0.00728	0.00188	0.06349	0.00556	0.00383	0.20674
2	0.01422	0.01407	0.07224	0.07535	0.22758	0.01332	0.03858	0.03672	0.13667	0.04039	0.13625	0.02529	0.06111	0.00854	0.00746	0.00206	0.04565	0.00740	0.00473	0.03236
3	0.09700	0.01545	0.01539	0.01263	0.03390	0.12495	0.02660	0.07090	0.08565	0.09718	0.01426	0.01510	0.01092	0.00617	0.00545	0.00152	0.00635	0.00475	0.00463	0.35118
4	0.01500	0.01595	0.02882	0.24866	0.18642	0.05689	0.31391	0.01954	0.01461	0.01925	0.01222	0.01673	0.00945	0.00589	0.00691	0.00209	0.00956	0.00646	0.00314	0.00851
5	0.00853	0.00662	0.00812	0.00800	0.00963	0.00627	0.00600	0.01071	0.01469	0.01946	0.26571	0.06794	0.31747	0.04295	0.17444	0.00410	0.00645	0.01152	0.00573	0.00568
6	0.09329	0.01090	0.01283	0.03195	0.12719	0.06145	0.00903	0.01609	0.01297	0.09745	0.02099	0.11611	0.05832	0.18674	0.03753	0.04175	0.00650	0.00825	0.00449	0.04618
7	0.01938	0.01962	0.01659	0.06913	0.05279	0.29706	0.01171	0.10993	0.10564	0.06103	0.02184	0.02237	0.11629	0.00869	0.00701	0.00195	0.03945	0.00653	0.00472	0.00826
8	0.00787	0.00562	0.00750	0.00900	0.00937	0.00525	0.00600	0.00900	0.01237	0.01649	0.03561	0.76871	0.04274	0.02024	0.00825	0.00262	0.00375	0.01837	0.00600	0.00525
9	0.00854	0.00600	0.00740	0.00808	0.00853	0.00571	0.00520	0.00947	0.01200	0.01604	0.09986	0.39879	0.07340	0.29109	0.01705	0.00386	0.00456	0.01423	0.00536	0.00486
10	0.01268	0.01359	0.07456	0.11976	0.16740	0.01241	0.18450	0.01623	0.01304	0.01791	0.01653	0.05644	0.03111	0.15159	0.08087	0.00365	0.00909	0.00766	0.00348	0.00749
11	0.01029	0.00740	0.00993	0.00973	0.01122	0.00830	0.00752	0.01429	0.07851	0.01871	0.09644	0.02756	0.02144	0.03464	0.48364	0.00735	0.01242	0.00734	0.12700	0.00626
12	0.00939	0.00706	0.00810	0.00793	0.00975	0.00663	0.00599	0.01283	0.06563	0.02167	0.29803	0.06862	0.28831	0.04578	0.00844	0.00230	0.00359	0.05001	0.07392	0.00603
13	0.08002	0.00847	0.00948	0.00882	0.01085	0.00853	0.00647	0.06983	0.04602	0.10210	0.09079	0.16690	0.06963	0.15633	0.01149	0.00287	0.00464	0.00981	0.13029	0.00667
14	0.03464	0.00716	0.00816	0.00780	0.01004	0.00633	0.00588	0.01306	0.01526	0.11338	0.14900	0.15057	0.39716	0.01473	0.00735	0.00217	0.00364	0.01251	0.03484	0.00631
15	0.21404	0.01318	0.01403	0.01136	0.01560	0.01397	0.00926	0.27288	0.02022	0.20816	0.01808	0.05934	0.01358	0.00808	0.00580	0.00197	0.00564	0.00616	0.07939	0.00926
16	0.00795	0.00566	0.00747	0.00890	0.00925	0.00530	0.00589	0.00902	0.01222	0.01629	0.03482	0.73085	0.04173	0.05947	0.00953	0.00281	0.00388	0.01790	0.00589	0.00518
17	0.01767	0.01012	0.01239	0.01090	0.01392	0.01002	0.00856	0.12967	0.07759	0.22710	0.11610	0.18149	0.04696	0.02794	0.00770	0.00229	0.00498	0.05874	0.02751	0.00836
18	0.00824	0.00586	0.00745	0.00845	0.00907	0.00547	0.00568	0.00953	0.01287	0.01731	0.10428	0.55299	0.09392	0.09292	0.01046	0.00286	0.00387	0.01614	0.02738	0.00524
19	0.00827	0.00659	0.00748	0.00775	0.00956	0.00580	0.00594	0.01026	0.01508	0.01894	0.16198	0.12746	0.46752	0.01644	0.00787	0.00231	0.00365	0.10534	0.00617	0.00560
20	0.13428	0.01089	0.01388	0.01092	0.01549	0.00995	0.00894	0.02849	0.01691	0.60031	0.02246	0.02031	0.01451	0.00855	0.00723	0.04825	0.00544	0.00604	0.00716	0.00999
21	0.06617	0.01162	0.01485	0.01150	0.01633	0.01069	0.00948	0.10016	0.01917	0.60493	0.02350	0.02085	0.01506	0.00786	0.00630	0.00197	0.00555	0.00626	0.03712	0.01062
22	0.00881	0.00650	0.00823	0.00799	0.00950	0.00592	0.00592	0.01147	0.01721	0.02380	0.56806	0.12105	0.15287	0.01434	0.00768	0.00211	0.00315	0.01262	0.00685	0.00592
23	0.01296	0.03342	0.73944	0.01842	0.02797	0.01501	0.02387	0.02046	0.01364	0.02046	0.01160	0.01364	0.00818	0.00614	0.00614	0.00205	0.00955	0.00477	0.00273	0.00955
24	0.00926	0.00652	0.00961	0.00987	0.01073	0.00724	0.00738	0.01067	0.01047	0.01475	0.01971	0.15550	0.02017	0.03996	0.51929	0.11768	0.01333	0.00876	0.00382	0.00528
25	0.00940	0.00626	0.00705	0.00705	0.00705	0.00626	0.00392	0.00940	0.00940	0.01253	0.02036	0.04228	0.02349	0.77292	0.03289	0.00626	0.00626	0.00940	0.00392	0.00392
26	0.01599	0.01535	0.02623	0.03966	0.73262	0.01535	0.01983	0.01983	0.01471	0.02111	0.01215	0.01599	0.01023	0.00576	0.00640	0.00192	0.00768	0.00576	0.00320	0.01023
27	0.00972	0.00762	0.01122	0.01094	0.01196	0.00918	0.00856	0.01188	0.01031	0.01499	0.01652	0.02471	0.01559	0.06351	0.65748	0.00953	0.09015	0.00686	0.00341	0.00585
28	0.27340	0.01422	0.01559	0.01448	0.08591	0.01555	0.01064	0.28529	0.01952	0.10542	0.01435	0.01562	0.01069	0.01103	0.07853	0.00279	0.00733	0.00526	0.00523	0.00914
29	0.01577	0.01353	0.01426	0.01287	0.01636	0.01562	0.00994	0.03319	0.68840	0.02637	0.02603	0.02494	0.01990	0.04372	0.00778	0.00238	0.00517	0.00740	0.00645	0.00994
30	0.01337	0.01277	0.02193	0.53041	0.23877	0.01470	0.04118	0.01759	0.01350	0.01795	0.01173	0.01688	0.00911	0.00623	0.00648	0.00209	0.00842	0.00581	0.00298	0.00809
31	0.01046	0.00930	0.00858	0.00827	0.01053	0.07895	0.00620	0.01288	0.04149	0.04224	0.13487	0.09282	0.49060	0.01470	0.00741	0.00213	0.00424	0.01227	0.00596	0.00608
32	0.02277	0.02722	0.01862	0.01652	0.01956	0.57404	0.01270	0.09116	0.01831	0.01820	0.01031	0.01238	0.00861	0.00742	0.00805	0.00185	0.11641	0.00453	0.00356	0.00777
33	0.00923	0.00692	0.01038	0.01038	0.01154	0.00808	0.00808	0.01154	0.01038	0.01500	0.01731	0.02538	0.01615	0.04846	0.74732	0.01038	0.01731	0.00692	0.00346	0.00577
34	0.01349	0.12508	0.65245	0.01751	0.02656	0.01631	0.02229	0.02033	0.01358	0.01981	0.01127	0.01324	0.00820	0.00606	0.00589	0.00196	0.00922	0.00461	0.00273	0.00939
35	0.01117	0.00602	0.00915	0.05129	0.01065	0.00625	0.00646	0.00906	0.00879	0.01174	0.01158	0.01983	0.01135	0.02301	0.06505	0.72040	0.00645	0.00569	0.00285	0.00322
36	0.00938	0.00628	0.00712	0.00710	0.00717	0.00626	0.00401	0.00952	0.00980	0.01314	0.05278	0.04256	0.02520	0.73818	0.03173	0.00607	0.00612	0.00950	0.00406	0.00401
37	0.01414	0.01414	0.01979	0.01696	0.01696	0.01979	0.01414	0.01555	0.00990	0.01555	0.00848	0.01414	0.00848	0.01131	0.02120	0.00283	0.76110	0.00565	0.00283	0.00707
38	0.01204	0.00602	0.00602	0.00602	0.00753	0.00602	0.00452	0.01506	0.01355	0.02409	0.02108	0.02409	0.01656	0.00753	0.00452	0.00151	0.00301	0.00602	0.80879	0.00602
39	0.01545	0.01300	0.01423	0.04365	0.01717	0.01502	0.01011	0.03116	0.62454	0.02511	0.02427	0.02340	0.01846	0.00996	0.00833	0.07829	0.00531	0.00708	0.00607	0.00940
40	0.01606	0.01133	0.01344	0.01012	0.01529	0.00933	0.00810	0.02035	0.08395	0.14592	0.04037	0.01849	0.03414	0.00634	0.00543	0.00133	0.00484	0.00517	0.00499	0.54501
41	0.01047	0.00981	0.04332	0.01128	0.01420	0.00848	0.10477	0.03646	0.03447	0.02281	0.34184	0.04584	0.23560	0.01263	0.00756	0.00214	0.00479	0.04086	0.00600	0.00668
42	0.03366	0.01220	0.01810	0.04362	0.28676	0.02526	0.04216	0.07826	0.01648	0.02295	0.16224	0.03178	0.05392	0.03772	0.02965	0.00249	0.00672	0.08314	0.00475	0.00816
43	0.01383	0.05281	0.63803	0.01865	0.02769	0.01522	0.07709	0.02084	0.01393	0.04575	0.01213	0.01414	0.00859	0.00613	0.00621	0.00204	0.00944	0.00502	0.00296	0.00950
44	0.01484	0.01430	0.06351	0.03360	0.05471	0.01164	0.12609	0.06574	0.03052	0.04068	0.01313	0.01611	0.01060	0.03738	0.00683	0.00165	0.00658	0.00517	0.00397	0.44297
45	0.00988	0.00754	0.01070	0.00982	0.01182	0.00687	0.06528	0.01234	0.01569	0.04715	0.29613	0.17214	0.21755	0.03502	0.00845	0.00235	0.00424	0.05473	0.00619	0.00612

[dist]
# distance from previous block
# <min> <max>
1	18

[block]
# block no. 1 follows, 34 sequences, length 55
# corresponding to MSA columns:
# 92-146
name=unknown_B
#
# <colnr> <probs for GDERKNQSTAVLIFYWHMCP>
#	G	D	E	R	K	N	Q	S	T	A	V	L	I	F	Y	W	H	M	C	P
0	0.18317	0.01570	0.01615	0.01304	0.01764	0.01754	0.01063	0.39198	0.17400	0.07055	0.01702	0.01667	0.01231	0.00763	0.00599	0.00201	0.00617	0.00570	0.00607	0.01002
1	0.02373	0.01729	0.01863	0.01452	0.01950	0.01911	0.01192	0.60066	0.11298	0.06876	0.01724	0.01682	0.01225	0.00789	0.00648	0.00197	0.00680	0.00603	0.00654	0.01090
2	0.01380	0.00792	0.01042	0.00921	0.01175	0.00706	0.00720	0.01664	0.01759	0.17985	0.46077	0.06665	0.04554	0.01200	0.00727	0.00203	0.00390	0.04974	0.00697	0.06370
3	0.01110	0.01213	0.08253	0.02889	0.04855	0.06867	0.02897	0.01422	0.04210	0.01831	0.10932	0.17137	0.16145	0.08858	0.08156	0.00336	0.00690	0.01062	0.00488	0.00649
4	0.01527	0.01432	0.02417	0.03605	0.63904	0.01432	0.01860	0.01899	0.01473	0.02088	0.01502	0.02339	0.01374	0.00733	0.00673	0.00206	0.00745	0.09467	0.00356	0.00968
5	0.00819	0.00617	0.00769	0.00859	0.00968	0.00567	0.00621	0.00980	0.01358	0.01759	0.08676	0.43130	0.23473	0.01943	0.03301	0.00276	0.00425	0.08317	0.00598	0.00545
6	0.01286	0.00827	0.01038	0.00955	0.01068	0.00881	0.00678	0.13749	0.01300	0.01755	0.01536	0.02570	0.01516	0.21944	0.13923	0.32602	0.00792	0.00684	0.00387	0.00506
7	0.02816	0.01233	0.01582	0.01213	0.01716	0.01148	0.01002	0.15935	0.02073	0.60608	0.02361	0.02077	0.01505	0.00795	0.00649	0.00199	0.00580	0.00637	0.00771	0.01099
8	0.01041	0.00868	0.01305	0.28189	0.04750	0.00939	0.01082	0.01387	0.01601	0.02185	0.40621	0.03661	0.07715	0.01067	0.00716	0.00208	0.00525	0.00942	0.00537	0.00660
9	0.81856	0.01250	0.00950	0.00850	0.01250	0.01449	0.00700	0.01899	0.01100	0.02899	0.00900	0.01050	0.00700	0.00600	0.00400	0.00200	0.00500	0.00350	0.00400	0.00700
10	0.77226	0.01282	0.01007	0.00887	0.01294	0.01482	0.00731	0.05935	0.01213	0.02967	0.00938	0.01079	0.00723	0.00610	0.00414	0.00200	0.00512	0.00363	0.00414	0.00723
11	0.01413	0.01212	0.01480	0.01063	0.01637	0.00961	0.03783	0.05698	0.01447	0.02219	0.01179	0.01369	0.00966	0.00499	0.00500	0.00107	0.00518	0.00411	0.00396	0.73142
12	0.02368	0.01711	0.01859	0.01419	0.01940	0.01841	0.01169	0.61034	0.02814	0.07232	0.01560	0.01562	0.01109	0.00748	0.00630	0.00185	0.00680	0.00566	0.00628	0.08944
13	0.01204	0.00602	0.00602	0.00602	0.00753	0.00602	0.00452	0.01506	0.01355	0.02409	0.02108	0.02409	0.01656	0.00753	0.00452	0.00151	0.00301	0.00602	0.80879	0.00602
14	0.01727	0.77681	0.03386	0.01106	0.01658	0.02557	0.01106	0.01935	0.01313	0.01520	0.00898	0.01036	0.00829	0.00553	0.00415	0.00138	0.00691	0.00345	0.00276	0.00829
15	0.01599	0.01535	0.02623	0.03966	0.73262	0.01535	0.01983	0.01983	0.01471	0.02111	0.01215	0.01599	0.01023	0.00576	0.00640	0.00192	0.00768	0.00576	0.00320	0.01023
16	0.01220	0.01148	0.01938	0.75739	0.04450	0.01436	0.01794	0.01651	0.01292	0.01651	0.01148	0.01723	0.00861	0.00646	0.00646	0.00215	0.00861	0.00574	0.00287	0.00718
17	0.74127	0.01235	0.01003	0.00879	0.01289	0.01401	0.00724	0.02022	0.01173	0.09830	0.01061	0.01162	0.00788	0.00619	0.00424	0.00200	0.00505	0.00379	0.00439	0.00739
18	0.01296	0.03342	0.73944	0.01842	0.02797	0.01501	0.02387	0.02046	0.01364	0.02046	0.01160	0.01364	0.00818	0.00614	0.00614	0.00205	0.00955	0.00477	0.00273	0.00955
19	0.00883	0.00622	0.00778	0.00821	0.00866	0.00627	0.00536	0.00968	0.01074	0.01442	0.02675	0.24715	0.06877	0.37626	0.16062	0.00577	0.00748	0.01173	0.00454	0.00474
20	0.01599	0.01535	0.02623	0.03966	0.73262	0.01535	0.01983	0.01983	0.01471	0.02111	0.01215	0.01599	0.01023	0.00576	0.00640	0.00192	0.00768	0.00576	0.00320	0.01023
21	0.01673	0.01348	0.01449	0.01275	0.01636	0.01520	0.00997	0.12965	0.51559	0.04795	0.05944	0.06240	0.03800	0.00956	0.00672	0.00216	0.00520	0.00798	0.00658	0.00980
22	0.00766	0.00645	0.00664	0.00679	0.00879	0.00543	0.00502	0.00925	0.01449	0.01736	0.06248	0.13268	0.66142	0.01675	0.00770	0.00223	0.00332	0.01411	0.00600	0.00543
23	0.01065	0.00758	0.00968	0.00997	0.01155	0.00752	0.00785	0.01462	0.08438	0.04174	0.24188	0.13829	0.06491	0.07599	0.01003	0.00278	0.00466	0.24336	0.00626	0.00630
24	0.01609	0.01607	0.02661	0.07919	0.58977	0.05061	0.08684	0.02001	0.01483	0.02055	0.01210	0.01600	0.01001	0.00581	0.00649	0.00195	0.00824	0.00586	0.00319	0.00978
25	0.01336	0.01255	0.02112	0.47654	0.27733	0.01431	0.01791	0.01730	0.01336	0.01789	0.01214	0.01801	0.00988	0.04312	0.00771	0.00227	0.00818	0.00592	0.00303	0.00806
26	0.00782	0.00651	0.00687	0.00710	0.00907	0.00555	0.00534	0.00949	0.01451	0.01747	0.06069	0.13197	0.62184	0.01683	0.00777	0.00227	0.00348	0.05396	0.00600	0.00546
27	0.01848	0.01443	0.01550	0.01329	0.01729	0.01628	0.01052	0.17859	0.51364	0.07183	0.04186	0.02276	0.01868	0.00862	0.00657	0.00212	0.00551	0.00705	0.00665	0.01033
28	0.01425	0.01272	0.01915	0.44460	0.06745	0.03252	0.05059	0.11734	0.01590	0.02067	0.01523	0.04408	0.01309	0.00925	0.02739	0.00242	0.00838	0.07338	0.00385	0.00775
29	0.01730	0.66624	0.03173	0.01190	0.01678	0.05973	0.01143	0.01929	0.01306	0.01527	0.00898	0.01080	0.00831	0.00615	0.00590	0.00154	0.08096	0.00370	0.00280	0.00813
30	0.00929	0.00669	0.00919	0.00919	0.00993	0.00743	0.00659	0.01077	0.01003	0.01411	0.01840	0.03143	0.01878	0.30777	0.49160	0.00891	0.01335	0.00781	0.00362	0.00511
31	0.01469	0.30713	0.43738	0.01622	0.02410	0.01899	0.05957	0.02006	0.01355	0.01853	0.01072	0.01265	0.00832	0.00587	0.00549	0.00181	0.00865	0.00446	0.00277	0.00904
32	0.01336	0.01141	0.01328	0.00966	0.01517	0.00882	0.00770	0.01685	0.04180	0.02146	0.03711	0.01504	0.01177	0.00524	0.00496	0.00104	0.00474	0.00424	0.00405	0.75230
33	0.02323	0.02937	0.01954	0.01728	0.02067	0.67615	0.05365	0.02511	0.01781	0.01609	0.01011	0.01209	0.00842	0.00676	0.00652	0.00174	0.04017	0.00442	0.00331	0.00755
34	0.01456	0.27285	0.10350	0.01773	0.14315	0.03386	0.06728	0.03385	0.01476	0.01945	0.11043	0.10602	0.01992	0.00846	0.00607	0.00186	0.00687	0.00725	0.00394	0.00820
35	0.04459	0.07190	0.47093	0.02041	0.04581	0.01596	0.19946	0.02039	0.01395	0.02055	0.01174	0.01437	0.00862	0.00591	0.00633	0.00204	0.00952	0.00541	0.00293	0.00918
36	0.06363	0.01429	0.01687	0.04322	0.01779	0.05089	0.01136	0.10307	0.01444	0.04872	0.01116	0.01416	0.00933	0.00798	0.01136	0.00197	0.29240	0.00494	0.00388	0.25853
37	0.01248	0.00713	0.00947	0.00920	0.01096	0.00662	0.00680	0.01448	0.01489	0.15990	0.20137	0.30021	0.08880	0.03746	0.08601	0.00323	0.00538	0.01265	0.00634	0.00662
38	0.02174	0.01615	0.01887	0.03793	0.10154	0.01755	0.01260	0.52158	0.02594	0.05766	0.01730	0.08955	0.01410	0.00872	0.00663	0.00201	0.00684	0.00706	0.00599	0.01023
39	0.00939	0.00630	0.00725	0.00725	0.00732	0.00637	0.00416	0.00952	0.00946	0.01268	0.02018	0.04127	0.02305	0.72954	0.07567	0.00651	0.00693	0.00925	0.00389	0.00403
40	0.01204	0.00602	0.00602	0.00602	0.00753	0.00602	0.00452	0.01506	0.01355	0.02409	0.02108	0.02409	0.01656	0.00753	0.00452	0.00151	0.00301	0.00602	0.80879	0.00602
41	0.00804	0.00648	0.00694	0.00711	0.00885	0.00564	0.00519	0.00957	0.01411	0.01729	0.08498	0.11913	0.53647	0.09835	0.01047	0.00269	0.00375	0.04380	0.00582	0.00532
42	0.01050	0.00884	0.01259	0.01601	0.19771	0.00834	0.00939	0.01318	0.01573	0.02128	0.28550	0.07300	0.23196	0.03817	0.00822	0.00224	0.00454	0.03034	0.00560	0.00688
43	0.01296	0.03342	0.73944	0.01842	0.02797	0.01501	0.02387	0.02046	0.01364	0.02046	0.01160	0.01364	0.00818	0.00614	0.00614	0.00205	0.00955	0.00477	0.00273	0.00955
44	0.02368	0.08239	0.01947	0.01615	0.01974	0.65348	0.01237	0.06578	0.01866	0.01724	0.01024	0.01179	0.00848	0.00664	0.00575	0.00166	0.01105	0.00421	0.00347	0.00775
45	0.02954	0.08765	0.09945	0.06094	0.14664	0.01433	0.01355	0.02226	0.16685	0.08254	0.01864	0.04123	0.01584	0.03409	0.00766	0.00219	0.02781	0.06943	0.00461	0.05475
46	0.01992	0.16788	0.12479	0.04656	0.06829	0.19468	0.03398	0.15341	0.01807	0.06367	0.01221	0.01380	0.00944	0.00675	0.00647	0.00184	0.04041	0.00489	0.00396	0.00899
47	0.00878	0.00645	0.00823	0.00808	0.00951	0.00590	0.00595	0.01139	0.01700	0.02355	0.55050	0.15770	0.13369	0.01462	0.00772	0.00214	0.00318	0.01291	0.00682	0.00590
48	0.10003	0.03110	0.08712	0.01538	0.10589	0.07882	0.01176	0.07428	0.03518	0.08164	0.01301	0.01440	0.01003	0.00595	0.00544	0.00156	0.00654	0.00462	0.00422	0.31302
49	0.01923	0.01434	0.01706	0.01289	0.01796	0.01414	0.03368	0.27718	0.04038	0.09661	0.01461	0.01550	0.01094	0.00675	0.00676	0.00162	0.05389	0.00517	0.00520	0.33610
50	0.00918	0.00717	0.00884	0.08276	0.01286	0.00669	0.00678	0.01164	0.01600	0.03752	0.31347	0.05138	0.38427	0.01396	0.00749	0.00212	0.00378	0.01193	0.00616	0.00600
51	0.01414	0.01414	0.01979	0.01696	0.01696	0.01979	0.01414	0.01555	0.00990	0.01555	0.00848	0.01414	0.00848	0.01131	0.02120	0.00283	0.76110	0.00565	0.00283	0.00707
52	0.00923	0.00692	0.01038	0.01038	0.01154	0.00808	0.00808	0.01154	0.01038	0.01500	0.01731	0.02538	0.01615	0.04846	0.74732	0.01038	0.01731	0.00692	0.00346	0.00577
53	0.01340	0.01148	0.01340	0.00957	0.01531	0.00861	0.00766	0.01627	0.01340	0.02105	0.01148	0.01340	0.00957	0.00479	0.00479	0.00096	0.00479	0.00383	0.00383	0.81242
54	0.00979	0.05286	0.00972	0.00825	0.01043	0.03900	0.00630	0.01273	0.05711	0.01980	0.21735	0.11751	0.38693	0.01446	0.00735	0.00212	0.00394	0.01223	0.00600	0.00613

[dist]
# distance from previous block
# <min> <max>
1	2

[block]
# block no. 2 follows, 34 sequences, length 28
# corresponding to MSA columns:
# 149-176
name=unknown_C
#
# <colnr> <probs for GDERKNQSTAVLIFYWHMCP>
#	G	D	E	R	K	N	Q	S	T	A	V	L	I	F	Y	W	H	M	C	P
0	0.17002	0.05317	0.36812	0.01466	0.02106	0.01530	0.01627	0.02201	0.14147	0.02314	0.04931	0.01655	0.01270	0.00716	0.00650	0.00207	0.04244	0.00532	0.00390	0.00884
1	0.01920	0.21744	0.04326	0.01512	0.06112	0.33023	0.01186	0.03824	0.01619	0.01802	0.04714	0.01387	0.01137	0.00638	0.00539	0.00154	0.00856	0.00447	0.00350	0.12710
2	0.01584	0.01625	0.06181	0.03860	0.69746	0.01533	0.02003	0.01986	0.01466	0.02108	0.01213	0.01587	0.01013	0.00578	0.00638	0.00193	0.00777	0.00571	0.00317	0.01020
3	0.81856	0.01250	0.00950	0.00850	0.01250	0.01449	0.00700	0.01899	0.01100	0.02899	0.00900	0.01050	0.00700	0.00600	0.00400	0.00200	0.00500	0.00350	0.00400	0.00700
4	0.01626	0.08760	0.26565	0.01603	0.06336	0.01314	0.06373	0.02071	0.01465	0.15069	0.03312	0.06497	0.01361	0.00721	0.00609	0.00183	0.00723	0.00612	0.00426	0.14374
5	0.01685	0.01138	0.01375	0.01000	0.01557	0.00881	0.00806	0.01964	0.01453	0.17949	0.01458	0.01530	0.01099	0.00550	0.00516	0.00119	0.00494	0.00442	0.00475	0.63509
6	0.81856	0.01250	0.00950	0.00850	0.01250	0.01449	0.00700	0.01899	0.01100	0.02899	0.00900	0.01050	0.00700	0.00600	0.00400	0.00200	0.00500	0.00350	0.00400	0.00700
7	0.00923	0.00692	0.01038	0.01038	0.01154	0.00808	0.00808	0.01154	0.01038	0.01500	0.01731	0.02538	0.01615	0.04846	0.74732	0.01038	0.01731	0.00692	0.00346	0.00577
8	0.00902	0.00668	0.00835	0.00810	0.00950	0.00635	0.00599	0.01087	0.01521	0.02052	0.36818	0.08076	0.23710	0.03979	0.04733	0.07643	0.02684	0.01150	0.00595	0.00553
9	0.02851	0.01177	0.01547	0.01186	0.01688	0.01064	0.00980	0.10543	0.01979	0.66133	0.02441	0.02129	0.01545	0.00797	0.00649	0.00199	0.00567	0.00642	0.00783	0.01100
10	0.00925	0.00683	0.00994	0.00994	0.01094	0.00783	0.00752	0.01125	0.01025	0.01467	0.01772	0.02765	0.01714	0.14568	0.65144	0.00983	0.01583	0.00725	0.00352	0.00552
11	0.01577	0.00808	0.01068	0.00919	0.01192	0.00721	0.00719	0.01856	0.01819	0.26533	0.46099	0.04005	0.07697	0.01160	0.00724	0.00203	0.00388	0.01003	0.00736	0.00772
12	0.64831	0.01242	0.01083	0.00926	0.01348	0.01378	0.00763	0.04492	0.01302	0.15773	0.01221	0.01275	0.00876	0.00642	0.00454	0.00200	0.00516	0.00412	0.00481	0.00786
13	0.00923	0.00692	0.01038	0.01038	0.01154	0.00808	0.00808	0.01154	0.01038	0.01500	0.01731	0.02538	0.01615	0.04846	0.74732	0.01038	0.01731	0.00692	0.00346	0.00577
14	0.01693	0.51267	0.17143	0.01320	0.01911	0.10576	0.01374	0.02008	0.01390	0.01648	0.01062	0.01364	0.00942	0.00627	0.00492	0.00161	0.00794	0.03097	0.00295	0.00836
15	0.01904	0.06297	0.09217	0.13917	0.04186	0.04305	0.01396	0.24551	0.09010	0.09315	0.01606	0.04239	0.01232	0.00791	0.00719	0.00205	0.05059	0.00613	0.00499	0.00940
16	0.01683	0.70002	0.10674	0.01182	0.01776	0.02448	0.01238	0.01946	0.01318	0.01575	0.00925	0.01070	0.00828	0.00559	0.00435	0.00145	0.00718	0.00359	0.00276	0.00842
17	0.01782	0.03558	0.06153	0.06329	0.16434	0.04325	0.01313	0.18103	0.04317	0.10365	0.01676	0.04773	0.01389	0.06493	0.09788	0.00329	0.00844	0.00659	0.00475	0.00895
18	0.01678	0.17673	0.32578	0.03898	0.06690	0.03860	0.04729	0.03912	0.01470	0.10907	0.01284	0.01443	0.00952	0.00639	0.00633	0.00189	0.03309	0.00494	0.00360	0.03301
19	0.01111	0.00700	0.00940	0.01052	0.03925	0.00654	0.00707	0.01312	0.03435	0.10732	0.06184	0.56755	0.06496	0.01737	0.00786	0.00246	0.00412	0.01561	0.00620	0.00635
20	0.00857	0.00653	0.00788	0.00766	0.00933	0.00584	0.00570	0.01104	0.01677	0.02257	0.46984	0.09629	0.27911	0.01467	0.00766	0.00212	0.00316	0.01273	0.00668	0.00584
21	0.01586	0.04385	0.28599	0.04915	0.08683	0.01553	0.12096	0.10379	0.03540	0.06437	0.01474	0.06105	0.01184	0.00754	0.00745	0.00211	0.05394	0.00646	0.00393	0.00922
22	0.01448	0.07261	0.38100	0.03732	0.11904	0.01556	0.10329	0.02039	0.03298	0.04822	0.01277	0.01550	0.00970	0.00847	0.04394	0.00246	0.04439	0.00547	0.00322	0.00918
23	0.01180	0.00893	0.04068	0.01171	0.01371	0.00821	0.05093	0.01425	0.01367	0.09616	0.07593	0.28791	0.03099	0.02107	0.13510	0.00386	0.03451	0.12854	0.00544	0.00659
24	0.01204	0.00602	0.00602	0.00602	0.00753	0.00602	0.00452	0.01506	0.01355	0.02409	0.02108	0.02409	0.01656	0.00753	0.00452	0.00151	0.00301	0.00602	0.80879	0.00602
25	0.17515	0.09616	0.14156	0.01558	0.07727	0.04785	0.05725	0.02405	0.01514	0.26675	0.01565	0.01590	0.01092	0.00663	0.00574	0.00193	0.00704	0.00522	0.00488	0.00933
26	0.14560	0.40108	0.10299	0.01285	0.01856	0.02055	0.05394	0.09549	0.01517	0.06474	0.01122	0.01243	0.00893	0.00605	0.00494	0.00170	0.00706	0.00430	0.00371	0.00870
27	0.02063	0.06082	0.03641	0.01385	0.01748	0.04497	0.01164	0.18099	0.09400	0.20419	0.01715	0.01805	0.01273	0.01165	0.06768	0.00279	0.16421	0.00597	0.00543	0.00934

[dist]
# distance from previous block
# <min> <max>
5	7

# created by:
# /home/berkeley/.conda/envs/busco_data_prod/bin/msa2prfl.pl pipeline/OGs_align_augustus/4893/19787.fs
