[name]
unknown

[dist]
# distance from previous block
# <min> <max>
7	81

[block]
# block no. 0 follows, 33 sequences, length 9
# corresponding to MSA columns:
# 101-109
name=unknown_A
#
# <colnr> <probs for GDERKNQSTAVLIFYWHMCP>
#	G	D	E	R	K	N	Q	S	T	A	V	L	I	F	Y	W	H	M	C	P
0	0.00934	0.00736	0.00832	0.00840	0.01012	0.00699	0.00616	0.01289	0.09033	0.01967	0.15850	0.16505	0.32381	0.09432	0.01051	0.00275	0.00404	0.04930	0.00614	0.00602
1	0.01142	0.00835	0.01004	0.01065	0.05567	0.00811	0.00694	0.08604	0.01493	0.04104	0.05442	0.21384	0.21581	0.21585	0.01453	0.00338	0.00503	0.01224	0.00551	0.00620
2	0.01586	0.01419	0.02237	0.26772	0.31031	0.01541	0.04223	0.13187	0.01689	0.02293	0.01445	0.06942	0.01233	0.00747	0.00673	0.00210	0.00788	0.00685	0.00390	0.00912
3	0.06295	0.01289	0.02053	0.38316	0.22744	0.01507	0.01722	0.01761	0.01334	0.01898	0.01287	0.02004	0.01096	0.00762	0.00819	0.00225	0.08887	0.04866	0.00328	0.00807
4	0.01844	0.09556	0.01837	0.14208	0.02226	0.01625	0.01188	0.10139	0.31230	0.12304	0.02021	0.02005	0.01487	0.00775	0.00630	0.00202	0.00629	0.00629	0.00567	0.04898
5	0.11686	0.01257	0.01371	0.01143	0.01549	0.01295	0.00916	0.18985	0.12288	0.13758	0.04435	0.07758	0.09407	0.00983	0.00648	0.00204	0.00539	0.02485	0.00619	0.08674
6	0.05713	0.14398	0.12645	0.01278	0.01746	0.07804	0.01177	0.17690	0.01790	0.07739	0.01932	0.06146	0.06380	0.09668	0.00927	0.00245	0.00719	0.00683	0.00474	0.00846
7	0.01086	0.00828	0.01000	0.00984	0.01126	0.00855	0.00723	0.09681	0.01522	0.02019	0.07756	0.31848	0.16520	0.09370	0.04885	0.00326	0.05228	0.03055	0.00569	0.00619
8	0.04358	0.01333	0.01155	0.01076	0.01330	0.18121	0.00818	0.01608	0.01601	0.03830	0.18776	0.11407	0.13760	0.01436	0.05220	0.00254	0.00665	0.04362	0.00533	0.08360

[dist]
# distance from previous block
# <min> <max>
4	30

[block]
# block no. 1 follows, 33 sequences, length 12
# corresponding to MSA columns:
# 140-151
name=unknown_B
#
# <colnr> <probs for GDERKNQSTAVLIFYWHMCP>
#	G	D	E	R	K	N	Q	S	T	A	V	L	I	F	Y	W	H	M	C	P
0	0.73145	0.01201	0.00946	0.00871	0.01240	0.01379	0.00702	0.01830	0.01135	0.02822	0.01198	0.08884	0.01091	0.00762	0.00452	0.00210	0.00496	0.00514	0.00429	0.00694
1	0.01597	0.01253	0.01447	0.01067	0.01628	0.01055	0.00858	0.09020	0.06320	0.06674	0.01401	0.01514	0.01099	0.00566	0.00528	0.00123	0.00519	0.00451	0.00462	0.62417
2	0.01066	0.00702	0.00881	0.00925	0.01077	0.00648	0.00681	0.03268	0.01482	0.08054	0.08254	0.41728	0.18829	0.01765	0.00809	0.00250	0.00414	0.07912	0.00637	0.00619
3	0.01863	0.01364	0.01495	0.01311	0.01707	0.01523	0.01029	0.03449	0.59633	0.14821	0.02665	0.02419	0.01945	0.00880	0.00669	0.00220	0.00528	0.00730	0.00695	0.01055
4	0.01130	0.00921	0.01368	0.06220	0.01600	0.01066	0.04591	0.04340	0.05793	0.01751	0.01722	0.02456	0.01556	0.06992	0.50756	0.00809	0.05181	0.00704	0.00380	0.00664
5	0.02147	0.01659	0.01869	0.01436	0.01953	0.09342	0.07056	0.26204	0.04176	0.14052	0.03298	0.01713	0.01274	0.00704	0.00624	0.00174	0.00708	0.00571	0.00557	0.20484
6	0.01362	0.05872	0.01919	0.11298	0.02126	0.07834	0.10144	0.01644	0.01283	0.01726	0.01427	0.06023	0.01308	0.01891	0.19855	0.00428	0.13293	0.00668	0.02250	0.07648
7	0.05202	0.01686	0.05527	0.01400	0.01914	0.01696	0.01195	0.45853	0.04640	0.17026	0.01842	0.04137	0.01331	0.00823	0.00650	0.00202	0.00672	0.00638	0.02502	0.01065
8	0.01009	0.00722	0.00858	0.00863	0.00960	0.00721	0.00598	0.04948	0.01291	0.01704	0.05904	0.13021	0.12651	0.36278	0.08573	0.00498	0.00655	0.07723	0.00498	0.00524
9	0.01760	0.03216	0.03527	0.03802	0.07888	0.14450	0.06125	0.11742	0.03926	0.06406	0.01612	0.06778	0.01421	0.05853	0.08565	0.02548	0.04233	0.00682	0.00440	0.05025
10	0.01512	0.28996	0.10893	0.01190	0.01677	0.01713	0.01135	0.07551	0.10723	0.02102	0.03990	0.06293	0.08215	0.01011	0.03393	0.00214	0.00668	0.00669	0.02391	0.05663
11	0.01371	0.05538	0.01327	0.07145	0.05763	0.03121	0.00894	0.07128	0.01553	0.09041	0.04892	0.19072	0.20011	0.04257	0.00932	0.05091	0.00542	0.01081	0.00540	0.00700

[dist]
# distance from previous block
# <min> <max>
18	35

[block]
# block no. 2 follows, 33 sequences, length 19
# corresponding to MSA columns:
# 191-209
name=unknown_C
#
# <colnr> <probs for GDERKNQSTAVLIFYWHMCP>
#	G	D	E	R	K	N	Q	S	T	A	V	L	I	F	Y	W	H	M	C	P
0	0.01339	0.03674	0.01357	0.09267	0.03111	0.04846	0.02330	0.07671	0.01542	0.02133	0.11218	0.05791	0.05597	0.07988	0.04980	0.03746	0.00646	0.00762	0.09600	0.12402
1	0.00911	0.00648	0.00877	0.01021	0.01102	0.00627	0.00775	0.01093	0.01344	0.01772	0.03492	0.45816	0.04032	0.05885	0.00999	0.00301	0.00483	0.27671	0.00598	0.00555
2	0.01238	0.01188	0.04670	0.10945	0.09370	0.01168	0.02722	0.01987	0.21190	0.02134	0.05295	0.07281	0.20858	0.01155	0.00725	0.00227	0.00572	0.05939	0.00538	0.00797
3	0.01489	0.01421	0.02418	0.30014	0.47884	0.01527	0.01950	0.01897	0.01432	0.01980	0.01213	0.01675	0.00983	0.00613	0.00654	0.00204	0.00817	0.00586	0.00314	0.00929
4	0.00886	0.00678	0.00816	0.00802	0.00981	0.00609	0.00614	0.01142	0.01698	0.02261	0.41919	0.05664	0.30697	0.01507	0.00789	0.00221	0.00345	0.07104	0.00672	0.00595
5	0.04495	0.01546	0.01578	0.01369	0.01772	0.03920	0.01079	0.16563	0.53678	0.02999	0.02355	0.02200	0.01757	0.00857	0.00657	0.00216	0.00581	0.00692	0.00649	0.01038
6	0.01243	0.01170	0.01975	0.75282	0.04534	0.01463	0.01828	0.01682	0.01316	0.01682	0.01170	0.01755	0.00878	0.00658	0.00658	0.00219	0.00878	0.00585	0.00293	0.00731
7	0.01562	0.01572	0.02129	0.44421	0.20718	0.11763	0.01772	0.04807	0.01513	0.01891	0.01183	0.01637	0.00924	0.00649	0.00648	0.00206	0.00891	0.00563	0.00323	0.00828
8	0.01587	0.01521	0.02595	0.11904	0.65227	0.01553	0.01999	0.01983	0.01479	0.02099	0.01231	0.01643	0.01025	0.00594	0.00652	0.00198	0.00793	0.00586	0.00322	0.01008
9	0.01491	0.01463	0.02690	0.29548	0.08452	0.01568	0.28191	0.06959	0.01543	0.02101	0.01308	0.01766	0.00998	0.00650	0.00756	0.00216	0.04076	0.00661	0.04726	0.00836
10	0.01153	0.00978	0.01489	0.10417	0.20989	0.00979	0.01158	0.01488	0.01651	0.02286	0.35377	0.03907	0.09611	0.01111	0.00736	0.00212	0.00524	0.04644	0.00549	0.00743
11	0.01355	0.06375	0.11889	0.08178	0.05368	0.01160	0.05130	0.04440	0.01414	0.05880	0.02052	0.10888	0.03354	0.08804	0.03281	0.03917	0.00716	0.07843	0.04815	0.03140
12	0.01015	0.00818	0.01266	0.06639	0.01516	0.00965	0.03254	0.01261	0.01087	0.01552	0.01662	0.02497	0.01550	0.07187	0.58984	0.00903	0.06189	0.00701	0.00345	0.00609
13	0.01130	0.01215	0.10589	0.03230	0.07617	0.00987	0.01054	0.01680	0.13340	0.02021	0.05411	0.24196	0.12688	0.05568	0.00877	0.00253	0.00538	0.02893	0.03981	0.00731
14	0.00946	0.00633	0.00721	0.00733	0.00736	0.00631	0.00415	0.00954	0.00980	0.01306	0.02189	0.09648	0.02539	0.71326	0.03165	0.00611	0.00619	0.01025	0.00415	0.00409
15	0.01396	0.01294	0.02059	0.17868	0.35429	0.01411	0.01608	0.01812	0.05216	0.01962	0.04049	0.04137	0.04328	0.04912	0.03347	0.00265	0.06974	0.00705	0.00372	0.00855
16	0.00824	0.00614	0.00767	0.00845	0.00947	0.00557	0.00589	0.00989	0.01436	0.01898	0.18384	0.46718	0.19366	0.01831	0.00814	0.00245	0.00357	0.01628	0.00634	0.00557
17	0.05624	0.20001	0.15600	0.05584	0.06779	0.12358	0.01411	0.08478	0.01603	0.02055	0.01831	0.01968	0.10259	0.00785	0.00635	0.00189	0.03035	0.00582	0.00379	0.00842
18	0.10359	0.08117	0.06210	0.01732	0.06811	0.23207	0.07552	0.17755	0.01907	0.02474	0.01192	0.01363	0.00931	0.00652	0.00590	0.00180	0.00872	0.00494	0.00413	0.07190

[dist]
# distance from previous block
# <min> <max>
0	2

[block]
# block no. 3 follows, 33 sequences, length 8
# corresponding to MSA columns:
# 212-219
name=unknown_D
#
# <colnr> <probs for GDERKNQSTAVLIFYWHMCP>
#	G	D	E	R	K	N	Q	S	T	A	V	L	I	F	Y	W	H	M	C	P
0	0.34771	0.06925	0.08435	0.01416	0.04609	0.10718	0.03625	0.14938	0.04543	0.02765	0.01178	0.01313	0.00902	0.00660	0.00533	0.00196	0.00723	0.00461	0.00430	0.00861
1	0.01581	0.01204	0.01693	0.01600	0.09580	0.01225	0.08604	0.08742	0.15938	0.10167	0.17569	0.03080	0.07677	0.04388	0.03733	0.00263	0.00634	0.00858	0.00593	0.00869
2	0.00812	0.00640	0.00736	0.00793	0.00944	0.00564	0.00577	0.00977	0.01441	0.01809	0.09565	0.30474	0.41041	0.01792	0.00807	0.00241	0.00364	0.05250	0.00618	0.00555
3	0.01421	0.01218	0.01542	0.07764	0.10254	0.01360	0.01150	0.06934	0.26712	0.02392	0.08932	0.08997	0.08118	0.01088	0.00815	0.00228	0.05935	0.03717	0.00562	0.00860
4	0.01144	0.00572	0.00858	0.00858	0.00858	0.00572	0.00572	0.00858	0.00858	0.01144	0.01144	0.02001	0.01144	0.02287	0.02573	0.80846	0.00572	0.00572	0.00286	0.00286
5	0.01646	0.01685	0.02299	0.19082	0.42418	0.13184	0.01804	0.02007	0.01519	0.01951	0.01315	0.01914	0.01131	0.00687	0.00658	0.00203	0.00858	0.04397	0.00337	0.00905
6	0.02049	0.31660	0.08907	0.01526	0.02066	0.21591	0.07034	0.09364	0.01721	0.06674	0.01181	0.01313	0.00938	0.00639	0.00556	0.00171	0.00884	0.00464	0.00375	0.00884
7	0.34013	0.11828	0.07217	0.03553	0.04819	0.07353	0.01128	0.08669	0.08414	0.05577	0.01273	0.01381	0.00974	0.00665	0.00519	0.00194	0.00670	0.00461	0.00435	0.00857

[dist]
# distance from previous block
# <min> <max>
0	2

[block]
# block no. 4 follows, 33 sequences, length 26
# corresponding to MSA columns:
# 222-247
name=unknown_E
#
# <colnr> <probs for GDERKNQSTAVLIFYWHMCP>
#	G	D	E	R	K	N	Q	S	T	A	V	L	I	F	Y	W	H	M	C	P
0	0.01601	0.01535	0.02621	0.09236	0.67783	0.01557	0.02006	0.01996	0.01486	0.02117	0.01233	0.01639	0.01031	0.00592	0.00652	0.00197	0.00789	0.00586	0.00323	0.01020
1	0.01603	0.01391	0.04125	0.10014	0.12558	0.01421	0.06690	0.21703	0.03330	0.02518	0.01986	0.05111	0.04987	0.07722	0.06706	0.00319	0.00819	0.05666	0.00478	0.00853
2	0.00806	0.00606	0.00749	0.00859	0.00953	0.00549	0.00598	0.00942	0.01337	0.01719	0.04470	0.54162	0.23311	0.01943	0.00826	0.00256	0.00377	0.04381	0.00611	0.00543
3	0.06048	0.11644	0.39901	0.03240	0.02258	0.05699	0.01728	0.03383	0.01400	0.02046	0.01284	0.03142	0.01041	0.03209	0.03130	0.00233	0.00863	0.00518	0.04566	0.04669
4	0.00817	0.00601	0.00766	0.00867	0.00949	0.00550	0.00596	0.00968	0.01382	0.01833	0.13938	0.55776	0.14737	0.01901	0.00822	0.00252	0.00365	0.01702	0.00627	0.00550
5	0.01797	0.73386	0.03367	0.01156	0.01708	0.06348	0.01134	0.02006	0.01365	0.01552	0.00921	0.01063	0.00845	0.00569	0.00431	0.00142	0.00729	0.00356	0.00285	0.00841
6	0.02215	0.01613	0.01814	0.01562	0.05595	0.01767	0.01210	0.42401	0.18491	0.09147	0.02001	0.02160	0.01508	0.00862	0.00675	0.00210	0.00661	0.04383	0.00653	0.01069
7	0.00794	0.00668	0.00689	0.00683	0.00899	0.00562	0.00513	0.00975	0.01538	0.01866	0.13377	0.06191	0.65728	0.01634	0.00778	0.00221	0.00331	0.01369	0.00623	0.00562
8	0.01606	0.01556	0.02705	0.07516	0.65524	0.01565	0.05795	0.02008	0.01493	0.02125	0.01240	0.01644	0.01032	0.00588	0.00659	0.00198	0.00805	0.00597	0.00325	0.01019
9	0.04640	0.70213	0.03277	0.01140	0.01695	0.02532	0.01119	0.05920	0.01431	0.01749	0.00954	0.01087	0.00856	0.00578	0.00435	0.00146	0.00698	0.00366	0.00308	0.00856
10	0.00814	0.00668	0.00717	0.00705	0.00911	0.00571	0.00529	0.01015	0.01586	0.01982	0.22172	0.06001	0.56860	0.01591	0.00778	0.00219	0.00328	0.01343	0.00638	0.00571
11	0.01243	0.01170	0.01975	0.75282	0.04534	0.01463	0.01828	0.01682	0.01316	0.01682	0.01170	0.01755	0.00878	0.00658	0.00658	0.00219	0.00878	0.00585	0.00293	0.00731
12	0.01185	0.00967	0.01065	0.00978	0.01261	0.00969	0.00764	0.05824	0.19820	0.02364	0.16856	0.04583	0.28727	0.01299	0.00736	0.00217	0.00430	0.05962	0.00637	0.05357
13	0.71715	0.05140	0.01135	0.00901	0.01324	0.01497	0.00753	0.02030	0.01187	0.08005	0.01039	0.01154	0.00787	0.00624	0.00427	0.00200	0.00523	0.00379	0.00431	0.00749
14	0.01583	0.24349	0.28333	0.03100	0.05988	0.06979	0.06988	0.02201	0.08542	0.01976	0.03252	0.01534	0.01132	0.00651	0.00586	0.00188	0.00844	0.00518	0.00343	0.00911
15	0.01110	0.00802	0.01069	0.01179	0.01337	0.00812	0.00990	0.05172	0.03430	0.02060	0.03384	0.19391	0.03695	0.01781	0.00877	0.00289	0.00570	0.50807	0.00612	0.00633
16	0.07478	0.01129	0.01496	0.01154	0.01657	0.00997	0.00953	0.03135	0.01840	0.69167	0.02500	0.02173	0.01577	0.00803	0.00647	0.00204	0.00557	0.00644	0.00791	0.01097
17	0.04193	0.01570	0.01875	0.08969	0.15148	0.05255	0.01347	0.27384	0.10126	0.06812	0.01973	0.02257	0.04970	0.00841	0.00668	0.00208	0.00708	0.04177	0.00544	0.00974
18	0.02347	0.02903	0.01814	0.01647	0.01991	0.64339	0.01241	0.02747	0.11355	0.01767	0.01244	0.01360	0.01006	0.00708	0.00604	0.00177	0.01096	0.00468	0.00384	0.00801
19	0.00940	0.00705	0.01058	0.01058	0.01176	0.00823	0.00823	0.01176	0.01058	0.01528	0.01763	0.02586	0.01646	0.04937	0.74255	0.01058	0.01763	0.00705	0.00353	0.00588
20	0.01193	0.01110	0.01892	0.42532	0.03324	0.01245	0.10828	0.01575	0.01380	0.01773	0.02189	0.03225	0.09380	0.04750	0.00860	0.00253	0.00797	0.10613	0.00385	0.00698
21	0.01422	0.17719	0.56184	0.01841	0.06191	0.01741	0.02157	0.02059	0.01385	0.01984	0.01132	0.01337	0.00847	0.00611	0.00587	0.00195	0.00911	0.00465	0.00281	0.00952
22	0.05808	0.11128	0.48521	0.01761	0.02553	0.01589	0.08435	0.02000	0.01396	0.02065	0.01361	0.01921	0.01113	0.00720	0.00631	0.00211	0.00897	0.06669	0.00321	0.00903
23	0.00964	0.00738	0.01082	0.01060	0.01177	0.00855	0.00826	0.01205	0.01165	0.01682	0.11337	0.02846	0.02228	0.04258	0.60633	0.00904	0.05274	0.00765	0.00400	0.00599
24	0.24762	0.26025	0.05017	0.03518	0.05879	0.17849	0.01175	0.03577	0.01431	0.02083	0.00988	0.01177	0.00826	0.00630	0.00536	0.00178	0.02798	0.00406	0.00341	0.00805
25	0.01107	0.00781	0.00921	0.00829	0.01101	0.00665	0.00644	0.01349	0.01627	0.08261	0.25492	0.04927	0.32949	0.01343	0.00735	0.00203	0.00381	0.04489	0.00633	0.11564

[dist]
# distance from previous block
# <min> <max>
0	4

[block]
# block no. 5 follows, 33 sequences, length 14
# corresponding to MSA columns:
# 252-265
name=unknown_F
#
# <colnr> <probs for GDERKNQSTAVLIFYWHMCP>
#	G	D	E	R	K	N	Q	S	T	A	V	L	I	F	Y	W	H	M	C	P
0	0.04592	0.03500	0.08554	0.01734	0.11496	0.04303	0.04118	0.22357	0.01987	0.10278	0.03708	0.01714	0.01264	0.00694	0.00611	0.00180	0.00695	0.00565	0.04234	0.13415
1	0.01380	0.09245	0.04149	0.01010	0.01254	0.01067	0.00810	0.08251	0.01517	0.08497	0.14270	0.08302	0.02736	0.23354	0.08809	0.00415	0.00697	0.03040	0.00518	0.00680
2	0.02434	0.01662	0.04372	0.07607	0.02114	0.08676	0.01219	0.23976	0.08915	0.29207	0.01960	0.01880	0.01338	0.00781	0.00653	0.00202	0.00711	0.00612	0.00642	0.01039
3	0.06749	0.17855	0.07703	0.06881	0.15638	0.22900	0.03778	0.04751	0.01572	0.01935	0.01080	0.01334	0.00893	0.00646	0.00634	0.00184	0.03801	0.00475	0.00331	0.00860
4	0.01115	0.01017	0.01238	0.16865	0.01887	0.08436	0.03031	0.01318	0.01335	0.01684	0.05527	0.38287	0.02963	0.09084	0.02911	0.00300	0.00651	0.01264	0.00484	0.00602
5	0.01144	0.00572	0.00858	0.00858	0.00858	0.00572	0.00572	0.00858	0.00858	0.01144	0.01144	0.02001	0.01144	0.02287	0.02573	0.80846	0.00572	0.00572	0.00286	0.00286
6	0.00868	0.00656	0.00743	0.00757	0.00930	0.00582	0.00564	0.01080	0.01547	0.02037	0.21500	0.14791	0.38881	0.01572	0.00765	0.00222	0.00344	0.04225	0.07361	0.00576
7	0.01637	0.01414	0.01489	0.01340	0.01712	0.01637	0.01042	0.03498	0.71568	0.02754	0.02679	0.02456	0.02010	0.00893	0.00670	0.00223	0.00521	0.00744	0.00670	0.01042
8	0.00802	0.00661	0.00705	0.00709	0.00908	0.00564	0.00526	0.00986	0.01536	0.01897	0.16070	0.11430	0.57626	0.01650	0.00783	0.00223	0.00334	0.01397	0.00628	0.00564
9	0.00780	0.00660	0.00674	0.00685	0.00894	0.00554	0.00508	0.00943	0.01483	0.01771	0.06452	0.11337	0.67629	0.01695	0.00782	0.00226	0.00337	0.01424	0.00611	0.00554
10	0.00965	0.00736	0.01087	0.01074	0.01180	0.00870	0.00832	0.01185	0.01051	0.01519	0.01736	0.02612	0.01644	0.08088	0.67615	0.01003	0.05156	0.00711	0.00352	0.00585
11	0.01762	0.01827	0.07278	0.02033	0.11665	0.11322	0.14915	0.13610	0.07092	0.04502	0.01926	0.05195	0.06351	0.00989	0.03597	0.00243	0.03614	0.00726	0.00454	0.00899
12	0.01065	0.04076	0.03154	0.00983	0.01211	0.00813	0.03046	0.01427	0.04465	0.04171	0.45633	0.09295	0.10661	0.01342	0.00764	0.00217	0.00415	0.05941	0.00655	0.00666
13	0.13356	0.01829	0.01700	0.01372	0.01819	0.12530	0.01104	0.42206	0.02430	0.07222	0.01499	0.01630	0.01122	0.03978	0.00723	0.00212	0.00738	0.00555	0.03013	0.00964

[dist]
# distance from previous block
# <min> <max>
0	1

[block]
# block no. 6 follows, 33 sequences, length 130
# corresponding to MSA columns:
# 267-396
name=unknown_G
#
# <colnr> <probs for GDERKNQSTAVLIFYWHMCP>
#	G	D	E	R	K	N	Q	S	T	A	V	L	I	F	Y	W	H	M	C	P
0	0.03875	0.04816	0.01983	0.05036	0.07055	0.42123	0.04417	0.02608	0.14937	0.01918	0.01357	0.01513	0.01087	0.00720	0.00676	0.00191	0.03931	0.00521	0.00396	0.00840
1	0.01605	0.01539	0.02628	0.08503	0.68484	0.01558	0.02008	0.01999	0.01488	0.02121	0.01234	0.01637	0.01032	0.00591	0.00652	0.00197	0.00788	0.00586	0.00324	0.01023
2	0.00829	0.00587	0.00769	0.00895	0.00931	0.00560	0.00590	0.00932	0.01211	0.01619	0.03343	0.63680	0.03981	0.12483	0.03982	0.00349	0.00470	0.01701	0.00572	0.00518
3	0.01577	0.01510	0.02577	0.13755	0.63454	0.01550	0.01994	0.01974	0.01474	0.02087	0.01229	0.01647	0.01020	0.00596	0.00653	0.00199	0.00795	0.00586	0.00321	0.01000
4	0.02635	0.01104	0.01457	0.01140	0.01617	0.00976	0.00932	0.02993	0.06310	0.60097	0.05768	0.02495	0.04549	0.00863	0.00665	0.00202	0.00535	0.00708	0.00777	0.04176
5	0.00808	0.00575	0.00762	0.00909	0.00946	0.00539	0.00603	0.00918	0.01249	0.01665	0.03569	0.73667	0.04279	0.04933	0.00937	0.00282	0.00392	0.01836	0.00603	0.00530
6	0.01440	0.01440	0.02016	0.01728	0.01728	0.02016	0.01440	0.01584	0.01008	0.01584	0.00864	0.01440	0.00864	0.01152	0.02160	0.00288	0.75659	0.00576	0.00288	0.00720
7	0.00952	0.00646	0.00853	0.00881	0.00998	0.00596	0.00630	0.01174	0.01597	0.04923	0.39264	0.36493	0.05213	0.01643	0.00800	0.00234	0.00352	0.01472	0.00678	0.00602
8	0.00851	0.00661	0.00776	0.00776	0.00949	0.00586	0.00578	0.01075	0.01621	0.02123	0.32917	0.13690	0.35901	0.01586	0.00788	0.00224	0.00338	0.03322	0.00657	0.00581
9	0.02907	0.01155	0.01544	0.01188	0.01695	0.01024	0.00980	0.05780	0.03505	0.68991	0.02560	0.02220	0.01619	0.00816	0.00662	0.00204	0.00566	0.00661	0.00806	0.01119
10	0.01486	0.07032	0.12926	0.14048	0.08947	0.06259	0.01479	0.01827	0.01360	0.05054	0.01430	0.09524	0.01300	0.00854	0.00866	0.00205	0.12635	0.00656	0.00366	0.11745
11	0.02122	0.18656	0.02181	0.01572	0.04134	0.36385	0.01227	0.08250	0.13773	0.02021	0.01331	0.01429	0.01076	0.00707	0.00612	0.00178	0.02586	0.00486	0.00408	0.00866
12	0.03483	0.04843	0.18302	0.02049	0.13036	0.01583	0.11459	0.12382	0.03751	0.06130	0.04234	0.01710	0.01237	0.00699	0.00736	0.00200	0.05415	0.00594	0.00421	0.07736
13	0.01664	0.18511	0.10544	0.01533	0.06737	0.06502	0.03464	0.09304	0.06258	0.06287	0.08089	0.11900	0.01971	0.00933	0.00690	0.00200	0.03319	0.00760	0.00471	0.00862
14	0.01665	0.43408	0.14331	0.03661	0.04155	0.02034	0.03992	0.05069	0.01514	0.05051	0.08184	0.01635	0.01435	0.00676	0.00539	0.00171	0.00726	0.00512	0.00369	0.00872
15	0.01046	0.00748	0.00918	0.00888	0.00920	0.00832	0.00603	0.01127	0.01035	0.01477	0.01955	0.03730	0.02118	0.50250	0.09758	0.00577	0.10135	0.03518	0.07880	0.00486
16	0.01945	0.14954	0.12063	0.04627	0.04274	0.25345	0.08750	0.06243	0.04538	0.05774	0.04478	0.01589	0.01215	0.00688	0.00612	0.00186	0.00919	0.00539	0.00393	0.00870
17	0.01506	0.01094	0.01345	0.06350	0.08213	0.01147	0.00979	0.10869	0.14819	0.07649	0.07015	0.10529	0.12769	0.01076	0.00677	0.00210	0.00515	0.00914	0.11498	0.00828
18	0.00941	0.00636	0.00725	0.00734	0.00749	0.00628	0.00424	0.00964	0.01025	0.01366	0.04743	0.09370	0.04712	0.66892	0.03013	0.00586	0.00600	0.01041	0.00431	0.00421
19	0.00953	0.00651	0.00864	0.00897	0.00977	0.00694	0.00640	0.01123	0.01124	0.01634	0.02280	0.18747	0.02388	0.18777	0.33721	0.00678	0.01035	0.00995	0.11282	0.00540
20	0.01950	0.04797	0.06350	0.01662	0.06345	0.23712	0.03912	0.15183	0.06821	0.04850	0.09255	0.04306	0.01829	0.00871	0.00695	0.00200	0.02513	0.03387	0.00492	0.00871
21	0.12406	0.00900	0.00937	0.00850	0.01111	0.00932	0.00661	0.07049	0.05949	0.09560	0.06588	0.06831	0.04823	0.00908	0.00556	0.00186	0.00410	0.00730	0.37875	0.00736
22	0.00877	0.00707	0.00787	0.00776	0.00973	0.00640	0.00578	0.01186	0.05972	0.02075	0.24741	0.11633	0.43569	0.01561	0.00776	0.00222	0.00343	0.01334	0.00647	0.00603
23	0.03616	0.00731	0.00919	0.05130	0.04017	0.00749	0.00693	0.01360	0.01414	0.02187	0.19128	0.07166	0.05289	0.08153	0.09153	0.00326	0.00564	0.00876	0.27913	0.00615
24	0.46726	0.03450	0.01326	0.01108	0.01491	0.08903	0.00899	0.11364	0.05216	0.02774	0.01367	0.01505	0.03735	0.00880	0.03264	0.00235	0.04047	0.00480	0.00446	0.00784
25	0.00848	0.00738	0.04060	0.00925	0.01056	0.00605	0.00701	0.01031	0.01380	0.01821	0.10343	0.49845	0.16542	0.01847	0.00818	0.00253	0.00407	0.05605	0.00606	0.00570
26	0.01048	0.00712	0.00910	0.00845	0.01022	0.00660	0.00633	0.01371	0.03443	0.06282	0.60402	0.04777	0.09636	0.04314	0.00870	0.00225	0.00343	0.01155	0.00709	0.00645
27	0.01699	0.09112	0.02302	0.18944	0.29344	0.12125	0.01639	0.06255	0.04659	0.02038	0.01313	0.01741	0.01090	0.00773	0.02357	0.00216	0.00858	0.02280	0.00359	0.00896
28	0.01718	0.01394	0.01826	0.03885	0.06872	0.01506	0.07595	0.27905	0.10198	0.02852	0.05226	0.15054	0.03817	0.01174	0.03088	0.00247	0.03276	0.00899	0.00566	0.00903
29	0.01243	0.01170	0.01975	0.75282	0.04534	0.01463	0.01828	0.01682	0.01316	0.01682	0.01170	0.01755	0.00878	0.00658	0.00658	0.00219	0.00878	0.00585	0.00293	0.00731
30	0.01357	0.01272	0.02107	0.49825	0.13892	0.01512	0.04529	0.04094	0.01386	0.01846	0.01248	0.01860	0.01003	0.00847	0.03109	0.00249	0.06648	0.02107	0.00320	0.00788
31	0.01519	0.10859	0.38782	0.07956	0.11407	0.09349	0.04707	0.02063	0.01439	0.01936	0.01165	0.01442	0.00897	0.00749	0.02832	0.00222	0.00964	0.00504	0.00296	0.00911
32	0.00813	0.00582	0.00756	0.00890	0.00933	0.00544	0.00589	0.00921	0.01247	0.01653	0.03638	0.67609	0.07189	0.08006	0.01038	0.00295	0.00400	0.01778	0.00594	0.00525
33	0.01050	0.00754	0.01046	0.01192	0.01346	0.00750	0.01039	0.01348	0.01515	0.01963	0.03607	0.07384	0.06405	0.01813	0.00904	0.00300	0.00596	0.65777	0.00606	0.00604
34	0.01320	0.03042	0.61469	0.11954	0.05288	0.01521	0.02337	0.02028	0.01383	0.02032	0.01182	0.01447	0.00846	0.00629	0.00631	0.00210	0.00954	0.00503	0.00281	0.00942
35	0.04942	0.06607	0.04645	0.01483	0.02024	0.02040	0.01269	0.61570	0.02860	0.03873	0.01503	0.01524	0.01079	0.00764	0.00635	0.00195	0.00725	0.00566	0.00613	0.01084
36	0.00828	0.00666	0.00746	0.00783	0.00966	0.00583	0.00596	0.01015	0.01494	0.01849	0.10414	0.16298	0.49470	0.01720	0.00803	0.00238	0.00373	0.09977	0.00619	0.00564
37	0.02298	0.01439	0.01647	0.01324	0.01757	0.01511	0.01067	0.41810	0.02472	0.20104	0.02197	0.15443	0.01833	0.01029	0.00693	0.00212	0.00623	0.00843	0.00687	0.01013
38	0.01039	0.05375	0.01048	0.00926	0.01087	0.06370	0.00686	0.01252	0.01592	0.02085	0.32816	0.28692	0.11536	0.01522	0.00763	0.00222	0.00428	0.01332	0.00619	0.00610
39	0.01365	0.01170	0.01365	0.00975	0.01560	0.00878	0.00780	0.01658	0.01365	0.02145	0.01170	0.01365	0.00975	0.00488	0.00488	0.00098	0.00488	0.00390	0.00390	0.80888
40	0.04652	0.44425	0.07755	0.01301	0.01834	0.11105	0.01229	0.13345	0.01676	0.02071	0.01095	0.01252	0.00921	0.00819	0.03833	0.00202	0.00827	0.00426	0.00358	0.00873
41	0.02271	0.12891	0.02112	0.01595	0.01959	0.46912	0.01265	0.12350	0.01890	0.01970	0.01071	0.01251	0.00889	0.00725	0.00732	0.00181	0.08285	0.00454	0.00373	0.00822
42	0.01604	0.12513	0.51821	0.01703	0.02544	0.01716	0.02045	0.11646	0.01640	0.05033	0.01257	0.01407	0.00906	0.00648	0.00606	0.00198	0.00888	0.00491	0.00352	0.00983
43	0.01567	0.01581	0.05947	0.05099	0.27260	0.01457	0.28304	0.02021	0.01533	0.05863	0.01648	0.02502	0.01417	0.00758	0.00735	0.00222	0.00885	0.09897	0.00390	0.00915
44	0.00957	0.00638	0.00718	0.00718	0.00718	0.00638	0.00399	0.00957	0.00957	0.01276	0.02074	0.04308	0.02393	0.76864	0.03351	0.00638	0.00638	0.00957	0.00399	0.00399
45	0.02954	0.01120	0.01528	0.01171	0.01681	0.00968	0.00968	0.03208	0.01884	0.73213	0.02597	0.02241	0.01630	0.00815	0.00662	0.00204	0.00560	0.00662	0.00815	0.01120
46	0.02075	0.06852	0.02056	0.15274	0.10258	0.43682	0.01438	0.04559	0.04408	0.01805	0.01145	0.01393	0.00928	0.00670	0.00607	0.00183	0.01017	0.00485	0.00349	0.00815
47	0.00830	0.00667	0.00734	0.00736	0.00925	0.00580	0.00550	0.01024	0.01549	0.01949	0.20363	0.09171	0.50000	0.04260	0.00876	0.00239	0.00352	0.04002	0.00628	0.00565
48	0.01440	0.01440	0.02016	0.01728	0.01728	0.02016	0.01440	0.01584	0.01008	0.01584	0.00864	0.01440	0.00864	0.01152	0.02160	0.00288	0.75659	0.00576	0.00288	0.00720
49	0.01144	0.00572	0.00858	0.00858	0.00858	0.00572	0.00572	0.00858	0.00858	0.01144	0.01144	0.02001	0.01144	0.02287	0.02573	0.80846	0.00572	0.00572	0.00286	0.00286
50	0.01534	0.04011	0.04718	0.20400	0.06681	0.08782	0.18581	0.01890	0.01351	0.01785	0.01102	0.01574	0.00907	0.00772	0.01113	0.00231	0.22861	0.00604	0.00307	0.00797
51	0.01822	0.04677	0.01547	0.09795	0.01894	0.04092	0.01048	0.10541	0.15040	0.18174	0.06374	0.08806	0.09536	0.01024	0.00718	0.00214	0.02359	0.00842	0.00609	0.00889
52	0.02072	0.01878	0.01688	0.01556	0.05031	0.21020	0.01166	0.10980	0.31833	0.09785	0.02062	0.02144	0.01579	0.00837	0.00656	0.00206	0.00742	0.03218	0.00577	0.00968
53	0.00956	0.00701	0.00901	0.00857	0.01015	0.00662	0.00640	0.01325	0.04978	0.02589	0.65219	0.09006	0.05913	0.01367	0.00775	0.00211	0.00324	0.01210	0.00716	0.00635
54	0.02458	0.01818	0.01952	0.01494	0.02023	0.01996	0.01233	0.67880	0.03028	0.04071	0.01565	0.01572	0.01114	0.00778	0.00652	0.00194	0.00715	0.00585	0.00648	0.04224
55	0.01723	0.11654	0.28778	0.09152	0.02417	0.03918	0.01641	0.05991	0.11269	0.11943	0.01597	0.01755	0.01182	0.03325	0.00709	0.00216	0.00792	0.00560	0.00435	0.00943
56	0.01490	0.01752	0.11994	0.23784	0.36467	0.05752	0.01916	0.01920	0.01443	0.01956	0.01303	0.04890	0.01101	0.00682	0.00655	0.00206	0.00842	0.00619	0.00323	0.00906
57	0.01688	0.01988	0.17560	0.05686	0.45930	0.03880	0.01985	0.06121	0.01592	0.05432	0.01298	0.01593	0.01018	0.00623	0.00645	0.00199	0.00825	0.00564	0.00357	0.01016
58	0.01660	0.07199	0.49836	0.01786	0.02622	0.01539	0.07744	0.04960	0.01543	0.12901	0.01408	0.01539	0.00980	0.00651	0.00633	0.00204	0.00896	0.00534	0.00379	0.00986
59	0.01929	0.59191	0.07227	0.01202	0.01772	0.05555	0.01188	0.02176	0.01439	0.11355	0.01165	0.01243	0.00951	0.00606	0.00475	0.00155	0.00722	0.00405	0.00357	0.00886
60	0.01440	0.10104	0.45707	0.04265	0.06885	0.04451	0.11503	0.02046	0.01426	0.01997	0.01248	0.03727	0.00980	0.00655	0.00634	0.00204	0.00942	0.00562	0.00302	0.00924
61	0.05376	0.23308	0.09127	0.01536	0.07616	0.06421	0.01278	0.15693	0.08056	0.06559	0.01659	0.06222	0.02882	0.00787	0.00588	0.00188	0.00709	0.00607	0.00462	0.00925
62	0.01529	0.01586	0.06347	0.06721	0.43627	0.05347	0.01675	0.04043	0.04745	0.02181	0.07050	0.02334	0.08399	0.00779	0.00670	0.00201	0.00728	0.00702	0.00405	0.00931
63	0.01714	0.69585	0.10724	0.01204	0.01810	0.02493	0.01262	0.01983	0.01343	0.01605	0.00943	0.01091	0.00844	0.00570	0.00444	0.00148	0.00732	0.00366	0.00281	0.00858
64	0.01478	0.01211	0.01332	0.01190	0.01505	0.01344	0.00924	0.07881	0.44147	0.02824	0.24817	0.03174	0.03281	0.01030	0.00703	0.00216	0.00469	0.00875	0.00686	0.00914
65	0.00802	0.00573	0.00764	0.00917	0.00955	0.00535	0.00611	0.00917	0.01260	0.01681	0.03628	0.76434	0.04354	0.02062	0.00840	0.00267	0.00382	0.01872	0.00611	0.00535
66	0.06800	0.01639	0.01739	0.03066	0.01932	0.01848	0.01156	0.40595	0.27845	0.03516	0.01932	0.01873	0.01414	0.00814	0.00648	0.00208	0.00641	0.00634	0.00640	0.01059
67	0.00951	0.00636	0.00720	0.00726	0.00728	0.00634	0.00407	0.00956	0.00970	0.01293	0.02137	0.07225	0.02473	0.73838	0.03249	0.00623	0.00628	0.00994	0.00407	0.00404
68	0.01498	0.08584	0.33209	0.01705	0.02388	0.01430	0.13773	0.02063	0.03081	0.08314	0.06201	0.04278	0.01544	0.00758	0.00654	0.00204	0.00816	0.02714	0.02966	0.03819
69	0.01716	0.66526	0.07774	0.01308	0.01905	0.02462	0.06903	0.01990	0.01359	0.01628	0.00966	0.01136	0.00857	0.00566	0.00464	0.00152	0.00754	0.00395	0.00286	0.00856
70	0.00917	0.00672	0.00860	0.00813	0.00974	0.00615	0.00610	0.01214	0.01829	0.02557	0.66091	0.05054	0.12582	0.01377	0.00777	0.00209	0.00313	0.01210	0.00714	0.00615
71	0.01564	0.01756	0.11870	0.17256	0.40655	0.01576	0.05594	0.06202	0.03194	0.02186	0.01277	0.01646	0.01008	0.00624	0.00657	0.00204	0.00833	0.00587	0.00342	0.00970
72	0.01535	0.07587	0.09897	0.28062	0.26561	0.07425	0.05882	0.01960	0.01444	0.01889	0.01172	0.01577	0.00930	0.00619	0.00636	0.00200	0.00881	0.00556	0.00307	0.00881
73	0.00817	0.00584	0.00781	0.00934	0.00979	0.00548	0.00638	0.00943	0.01275	0.01698	0.03620	0.72381	0.04321	0.02048	0.00844	0.00269	0.00395	0.05774	0.00611	0.00539
74	0.01227	0.00614	0.00614	0.00614	0.00767	0.00614	0.00460	0.01534	0.01381	0.02454	0.02148	0.02454	0.01687	0.00767	0.00460	0.00153	0.00307	0.00614	0.80518	0.00614
75	0.02027	0.26730	0.04155	0.01588	0.06241	0.14486	0.05284	0.08407	0.05394	0.11716	0.01457	0.04063	0.01181	0.00733	0.00643	0.00184	0.03816	0.00553	0.00436	0.00905
76	0.01510	0.01467	0.02337	0.29146	0.43141	0.04692	0.01889	0.01906	0.01451	0.01955	0.01276	0.01840	0.01063	0.00655	0.00660	0.00206	0.00828	0.02747	0.00324	0.00906
77	0.00956	0.00645	0.00752	0.00752	0.00763	0.00657	0.00441	0.00979	0.00967	0.01301	0.02043	0.04137	0.02319	0.69733	0.10380	0.00680	0.00750	0.00932	0.00394	0.00418
78	0.01630	0.01763	0.02071	0.01768	0.01859	0.15110	0.04435	0.01797	0.01188	0.01612	0.00913	0.01409	0.00867	0.01040	0.01815	0.00264	0.58867	0.00557	0.00299	0.00735
79	0.00798	0.00684	0.00686	0.00682	0.00908	0.00580	0.00512	0.01003	0.03092	0.01801	0.06578	0.06248	0.70889	0.01650	0.00776	0.00222	0.00338	0.01375	0.00613	0.00567
80	0.00944	0.00691	0.00983	0.00983	0.01074	0.00782	0.00729	0.01127	0.01036	0.01473	0.01832	0.02967	0.01811	0.20841	0.58577	0.00965	0.01515	0.00761	0.00363	0.00546
81	0.01175	0.00624	0.00663	0.00658	0.00805	0.00624	0.00490	0.01469	0.01405	0.02397	0.09661	0.02788	0.02195	0.03619	0.03514	0.00212	0.00376	0.00691	0.66029	0.00606
82	0.02425	0.01802	0.01933	0.01488	0.02010	0.01984	0.01226	0.65241	0.06041	0.04019	0.01615	0.01612	0.01154	0.00784	0.00653	0.00195	0.00707	0.00592	0.00650	0.03868
83	0.02070	0.09067	0.01939	0.01511	0.06161	0.01782	0.01166	0.34159	0.17262	0.07329	0.04538	0.03633	0.01574	0.00818	0.00639	0.00196	0.00639	0.00650	0.00603	0.04264
84	0.18272	0.09921	0.04991	0.05855	0.05857	0.16070	0.01209	0.12866	0.07249	0.06738	0.01333	0.01447	0.01017	0.00679	0.00562	0.00187	0.00758	0.00488	0.00447	0.04053
85	0.01251	0.01180	0.01830	0.01570	0.01689	0.01498	0.08580	0.01476	0.01087	0.01618	0.01277	0.01938	0.01194	0.02614	0.31076	0.00591	0.37878	0.00650	0.00319	0.00685
86	0.00802	0.00573	0.00764	0.00917	0.00955	0.00535	0.00611	0.00917	0.01260	0.01681	0.03628	0.76434	0.04354	0.02062	0.00840	0.00267	0.00382	0.01872	0.00611	0.00535
87	0.01162	0.01241	0.09274	0.23301	0.13007	0.01119	0.03424	0.01478	0.01297	0.01764	0.01955	0.24039	0.02002	0.01428	0.05439	0.05221	0.00769	0.00971	0.00396	0.00713
88	0.01498	0.01462	0.06508	0.29157	0.28715	0.01433	0.07810	0.01924	0.01469	0.06432	0.04060	0.01970	0.03283	0.00686	0.00672	0.00209	0.00812	0.00647	0.00365	0.00888
89	0.00921	0.00638	0.00767	0.00806	0.00887	0.00599	0.00533	0.01028	0.01262	0.03466	0.09584	0.29326	0.15758	0.27795	0.03323	0.00398	0.00491	0.01354	0.00547	0.00515
90	0.01003	0.00674	0.00755	0.00741	0.00757	0.00679	0.00424	0.02994	0.01020	0.01361	0.02060	0.04228	0.02356	0.74638	0.03272	0.00625	0.00641	0.00947	0.00406	0.00420
91	0.01601	0.20018	0.10222	0.06135	0.15704	0.08938	0.08855	0.03593	0.03728	0.01954	0.04389	0.04366	0.04562	0.00753	0.00653	0.00192	0.02471	0.00633	0.00367	0.00864
92	0.01461	0.01069	0.01408	0.07014	0.08810	0.04149	0.04109	0.04316	0.01621	0.13653	0.07305	0.12353	0.22955	0.01253	0.00741	0.00223	0.00568	0.05655	0.00575	0.00761
93	0.02938	0.01145	0.01543	0.01183	0.01693	0.01004	0.00977	0.05507	0.01926	0.70857	0.02563	0.02218	0.01612	0.00814	0.00662	0.00203	0.00566	0.00660	0.00809	0.01120
94	0.01760	0.77260	0.03450	0.01126	0.01690	0.02605	0.01126	0.01971	0.01338	0.01549	0.00915	0.01056	0.00845	0.00563	0.00422	0.00141	0.00704	0.00352	0.00282	0.00845
95	0.01037	0.00924	0.03806	0.00935	0.01182	0.00837	0.00751	0.01618	0.15359	0.02319	0.30960	0.07283	0.25590	0.01368	0.00757	0.00220	0.00397	0.03309	0.00653	0.00694
96	0.02459	0.03138	0.01866	0.01696	0.02035	0.74221	0.01272	0.02629	0.01866	0.01611	0.01018	0.01187	0.00848	0.00678	0.00594	0.00170	0.01187	0.00424	0.00339	0.00763
97	0.04876	0.01873	0.02045	0.12675	0.02350	0.22877	0.09209	0.01974	0.01396	0.01778	0.01094	0.01503	0.00925	0.00826	0.01141	0.00224	0.26363	0.00550	0.05576	0.00746
98	0.02462	0.03062	0.01872	0.01685	0.02036	0.69982	0.01271	0.06618	0.01938	0.01760	0.01051	0.01210	0.00864	0.00685	0.00597	0.00171	0.01160	0.00434	0.00358	0.00784
99	0.52033	0.03704	0.04441	0.03659	0.01846	0.01608	0.10900	0.07862	0.01372	0.02766	0.01050	0.01264	0.00809	0.00641	0.00568	0.00208	0.03623	0.00458	0.00401	0.00788
100	0.00851	0.00622	0.00806	0.00942	0.00999	0.00599	0.00636	0.01068	0.05390	0.01744	0.03573	0.72090	0.04216	0.01994	0.00830	0.00265	0.00390	0.01805	0.00615	0.00565
101	0.00802	0.00573	0.00764	0.00917	0.00955	0.00535	0.00611	0.00917	0.01260	0.01681	0.03628	0.76434	0.04354	0.02062	0.00840	0.00267	0.00382	0.01872	0.00611	0.00535
102	0.02466	0.02934	0.01883	0.01668	0.02036	0.62888	0.01269	0.13295	0.02059	0.02010	0.01106	0.01249	0.00891	0.00696	0.00604	0.00174	0.01115	0.00450	0.00389	0.00819
103	0.00949	0.00645	0.00769	0.00775	0.00794	0.00661	0.00469	0.00987	0.00984	0.01329	0.02092	0.06975	0.02364	0.63390	0.13550	0.00684	0.00791	0.00958	0.00401	0.00432
104	0.05169	0.01519	0.06411	0.07818	0.14845	0.01431	0.16518	0.05697	0.09128	0.04796	0.01535	0.02000	0.01258	0.08821	0.00978	0.00248	0.02456	0.00654	0.00412	0.08305
105	0.01320	0.03405	0.73453	0.01876	0.02849	0.01529	0.02432	0.02085	0.01390	0.02085	0.01181	0.01390	0.00834	0.00625	0.00625	0.00208	0.00973	0.00486	0.00278	0.00973
106	0.00957	0.00638	0.00718	0.00718	0.00718	0.00638	0.00399	0.00957	0.00957	0.01276	0.02074	0.04308	0.02393	0.76864	0.03351	0.00638	0.00638	0.00957	0.00399	0.00399
107	0.01511	0.01889	0.11168	0.02564	0.03235	0.01594	0.59375	0.02076	0.01527	0.02125	0.01359	0.01770	0.01018	0.00574	0.00744	0.00217	0.01053	0.00737	0.04581	0.00882
108	0.01723	0.06407	0.04502	0.01601	0.09298	0.04021	0.01187	0.11760	0.24458	0.07293	0.06331	0.07634	0.04377	0.00956	0.00759	0.00214	0.05205	0.00775	0.00563	0.00935
109	0.00957	0.00638	0.00718	0.00718	0.00718	0.00638	0.00399	0.00957	0.00957	0.01276	0.02074	0.04308	0.02393	0.76864	0.03351	0.00638	0.00638	0.00957	0.00399	0.00399
110	0.00913	0.00672	0.00853	0.00808	0.00972	0.00613	0.00606	0.01205	0.01818	0.02532	0.64197	0.05095	0.14491	0.01386	0.00777	0.00209	0.00313	0.01215	0.00711	0.00613
111	0.05656	0.01587	0.04851	0.13573	0.39617	0.01568	0.16112	0.02055	0.04607	0.02142	0.01294	0.01679	0.01030	0.00606	0.00666	0.00206	0.00844	0.00618	0.00341	0.00947
112	0.00969	0.00961	0.07981	0.03934	0.01363	0.00777	0.00897	0.04170	0.01375	0.01839	0.03338	0.44433	0.10739	0.02042	0.08079	0.00332	0.00618	0.04989	0.00542	0.00622
113	0.00802	0.00573	0.00764	0.00917	0.00955	0.00535	0.00611	0.00917	0.01260	0.01681	0.03628	0.76434	0.04354	0.02062	0.00840	0.00267	0.00382	0.01872	0.00611	0.00535
114	0.01582	0.01510	0.02538	0.12715	0.61472	0.01555	0.01957	0.02038	0.04310	0.02117	0.01288	0.01678	0.01062	0.00608	0.00653	0.00200	0.00783	0.00593	0.00336	0.01004
115	0.01724	0.01882	0.15543	0.17893	0.14065	0.09211	0.03251	0.04242	0.07384	0.10688	0.01544	0.01831	0.01168	0.03467	0.00741	0.00219	0.00820	0.00591	0.02830	0.00904
116	0.01243	0.01170	0.01975	0.75282	0.04534	0.01463	0.01828	0.01682	0.01316	0.01682	0.01170	0.01755	0.00878	0.00658	0.00658	0.00219	0.00878	0.00585	0.00293	0.00731
117	0.01527	0.04128	0.10512	0.07045	0.19238	0.06600	0.03118	0.01935	0.03546	0.02004	0.01184	0.01488	0.00974	0.00646	0.00766	0.00178	0.09376	0.00505	0.00343	0.24886
118	0.01338	0.06392	0.70622	0.01846	0.02802	0.01572	0.02380	0.02080	0.01388	0.02063	0.01171	0.01376	0.00834	0.00623	0.00617	0.00206	0.00962	0.00481	0.00278	0.00968
119	0.00862	0.00669	0.00787	0.00784	0.00963	0.00595	0.00593	0.01094	0.01638	0.02144	0.33701	0.10105	0.36303	0.01567	0.00790	0.00224	0.00344	0.05594	0.00658	0.00585
120	0.01611	0.14644	0.06185	0.10374	0.05313	0.11655	0.03807	0.05828	0.12418	0.02035	0.04372	0.04834	0.03713	0.01073	0.05079	0.00252	0.04900	0.00655	0.00420	0.00832
121	0.01450	0.08962	0.08622	0.10037	0.09280	0.03634	0.04458	0.05644	0.11601	0.02115	0.04557	0.05068	0.07888	0.00972	0.00804	0.00220	0.06971	0.06435	0.00450	0.00833
122	0.00806	0.00648	0.00721	0.00757	0.00928	0.00563	0.00554	0.00978	0.01477	0.01839	0.11796	0.22708	0.48392	0.01736	0.00797	0.00234	0.00351	0.03536	0.00621	0.00558
123	0.01154	0.00603	0.00900	0.00889	0.00889	0.00624	0.00603	0.00884	0.00863	0.01160	0.01133	0.01981	0.01133	0.02246	0.02558	0.77906	0.03312	0.00572	0.00286	0.00302
124	0.01885	0.06556	0.04541	0.07284	0.13831	0.21371	0.09145	0.11869	0.03403	0.02151	0.01318	0.03955	0.01117	0.02683	0.00815	0.00211	0.06007	0.00601	0.00388	0.00870
125	0.06165	0.07136	0.11899	0.03915	0.25343	0.01752	0.05952	0.21651	0.03166	0.04791	0.01358	0.01558	0.01034	0.00661	0.00630	0.00197	0.00782	0.00563	0.00436	0.01010
126	0.00963	0.00677	0.00791	0.00821	0.00994	0.00602	0.00612	0.01139	0.01457	0.06002	0.07924	0.23691	0.37269	0.04461	0.00887	0.00254	0.00396	0.08063	0.02411	0.00587
127	0.01746	0.01262	0.01504	0.01474	0.08616	0.01341	0.01045	0.08075	0.33936	0.13525	0.11160	0.02913	0.08568	0.00966	0.00688	0.00213	0.00527	0.00815	0.00659	0.00966
128	0.13784	0.06946	0.03869	0.04739	0.35030	0.13422	0.01545	0.02124	0.01487	0.05874	0.01246	0.03137	0.01040	0.00664	0.00628	0.00194	0.02458	0.00540	0.00367	0.00909
129	0.28069	0.10986	0.07122	0.01315	0.06059	0.08818	0.01068	0.05916	0.01455	0.04972	0.01296	0.05717	0.01106	0.00704	0.00521	0.00181	0.00652	0.00513	0.02941	0.10589

[dist]
# distance from previous block
# <min> <max>
0	1

[block]
# block no. 7 follows, 33 sequences, length 28
# corresponding to MSA columns:
# 398-425
name=unknown_H
#
# <colnr> <probs for GDERKNQSTAVLIFYWHMCP>
#	G	D	E	R	K	N	Q	S	T	A	V	L	I	F	Y	W	H	M	C	P
0	0.10155	0.05336	0.06848	0.10770	0.11229	0.01716	0.03907	0.10020	0.14888	0.04619	0.01477	0.01687	0.01146	0.00775	0.00858	0.00219	0.12420	0.00582	0.00438	0.00910
1	0.06542	0.16373	0.10438	0.05113	0.08678	0.08761	0.08507	0.09130	0.08151	0.02219	0.01363	0.03852	0.01124	0.00715	0.00668	0.00195	0.04110	0.00570	0.00393	0.03098
2	0.05190	0.01346	0.04322	0.01712	0.10677	0.01389	0.05947	0.14661	0.04888	0.06051	0.06878	0.02565	0.01814	0.07157	0.10631	0.00363	0.08320	0.04772	0.00483	0.00836
3	0.00896	0.00655	0.00860	0.00976	0.01085	0.00619	0.00748	0.01096	0.01425	0.01866	0.09374	0.38429	0.13339	0.01872	0.00850	0.00269	0.00445	0.24011	0.00618	0.00568
4	0.04335	0.30664	0.02558	0.01449	0.01941	0.15935	0.05987	0.16450	0.10528	0.02327	0.01320	0.01414	0.01054	0.00674	0.00559	0.00176	0.00800	0.00494	0.00426	0.00910
5	0.00901	0.00624	0.00747	0.00790	0.00822	0.00610	0.00490	0.00963	0.01110	0.01479	0.05320	0.25569	0.06553	0.45814	0.04934	0.00508	0.00576	0.01247	0.00482	0.00461
6	0.05032	0.20997	0.25562	0.04798	0.10926	0.04132	0.11771	0.02003	0.01398	0.01943	0.01155	0.01445	0.00923	0.00811	0.04236	0.00233	0.00925	0.00514	0.00305	0.00891
7	0.05186	0.12227	0.09633	0.04625	0.07982	0.06040	0.11447	0.11291	0.06297	0.02315	0.01731	0.02628	0.01541	0.00870	0.00672	0.00215	0.00797	0.13195	0.00439	0.00871
8	0.00957	0.00638	0.00718	0.00718	0.00718	0.00638	0.00399	0.00957	0.00957	0.01276	0.02074	0.04308	0.02393	0.76864	0.03351	0.00638	0.00638	0.00957	0.00399	0.00399
9	0.05274	0.00986	0.01306	0.06425	0.04242	0.01121	0.00967	0.07886	0.03583	0.04799	0.04257	0.05128	0.03988	0.06757	0.27637	0.03552	0.07337	0.00740	0.03320	0.00694
10	0.04037	0.06052	0.10746	0.20405	0.14010	0.07584	0.10444	0.03766	0.01427	0.01934	0.01166	0.01578	0.00938	0.00845	0.03558	0.00244	0.09537	0.00568	0.00320	0.00841
11	0.00956	0.00640	0.00725	0.00723	0.00730	0.00637	0.00409	0.00970	0.00997	0.01337	0.05185	0.04335	0.02562	0.73524	0.03237	0.00619	0.00624	0.00968	0.00413	0.00409
12	0.00849	0.00611	0.00769	0.00855	0.00944	0.00564	0.00594	0.01011	0.01393	0.01875	0.15286	0.47444	0.14062	0.04657	0.00903	0.00261	0.00376	0.03226	0.03768	0.00552
13	0.01268	0.01307	0.07824	0.12199	0.05071	0.03286	0.01145	0.03377	0.19268	0.02160	0.08110	0.08632	0.15608	0.01279	0.04340	0.00260	0.00644	0.00914	0.02518	0.00788
