[name]
unknown

[dist]
# distance from previous block
# <min> <max>
0	0

[block]
# block no. 0 follows, 33 sequences, length 139
# corresponding to MSA columns:
# 0-138
name=unknown_A
#
# <colnr> <probs for GDERKNQSTAVLIFYWHMCP>
#	G	D	E	R	K	N	Q	S	T	A	V	L	I	F	Y	W	H	M	C	P
0	0.01061	0.00758	0.01061	0.01212	0.01364	0.00758	0.01061	0.01364	0.01515	0.01970	0.03486	0.07426	0.03789	0.01819	0.00909	0.00303	0.00606	0.68326	0.00606	0.00606
1	0.02503	0.01844	0.01976	0.01515	0.02042	0.02042	0.01251	0.70562	0.03095	0.04149	0.01581	0.01581	0.01120	0.00790	0.00659	0.00198	0.00724	0.00593	0.00659	0.01120
2	0.01393	0.01511	0.03188	0.02353	0.02877	0.01418	0.54832	0.01845	0.01476	0.01996	0.01776	0.15303	0.01662	0.04095	0.00899	0.00248	0.00959	0.00981	0.00386	0.00803
3	0.81514	0.01273	0.00968	0.00866	0.01273	0.01477	0.00713	0.01935	0.01120	0.02954	0.00917	0.01069	0.00713	0.00611	0.00407	0.00204	0.00509	0.00356	0.00407	0.00713
4	0.03588	0.01200	0.01916	0.65742	0.04168	0.01457	0.01717	0.04686	0.01406	0.04051	0.01225	0.01733	0.00909	0.00663	0.00647	0.00214	0.00840	0.00576	0.00330	0.02931
5	0.01572	0.01506	0.02569	0.14607	0.62639	0.01549	0.01992	0.01970	0.01472	0.02081	0.01228	0.01648	0.01018	0.00597	0.00653	0.00199	0.00796	0.00586	0.00321	0.00997
6	0.02954	0.01120	0.01528	0.01171	0.01681	0.00968	0.00968	0.03208	0.01884	0.73213	0.02597	0.02241	0.01630	0.00815	0.00662	0.00204	0.00560	0.00662	0.00815	0.01120
7	0.02891	0.01212	0.03522	0.01204	0.01727	0.01025	0.01019	0.05842	0.01919	0.68527	0.02518	0.02191	0.01588	0.00809	0.00661	0.00204	0.00578	0.00654	0.00794	0.01116
8	0.01339	0.06494	0.70525	0.01845	0.02801	0.01574	0.02378	0.02080	0.01388	0.02062	0.01170	0.01376	0.00834	0.00623	0.00617	0.00206	0.00962	0.00481	0.00278	0.00968
9	0.01263	0.01191	0.02011	0.71543	0.08114	0.01468	0.01838	0.01700	0.01326	0.01707	0.01174	0.01749	0.00886	0.00654	0.00658	0.00218	0.00873	0.00585	0.00294	0.00748
10	0.00802	0.00573	0.00764	0.00917	0.00955	0.00535	0.00611	0.00917	0.01260	0.01681	0.03628	0.76434	0.04354	0.02062	0.00840	0.00267	0.00382	0.01872	0.00611	0.00535
11	0.02632	0.01413	0.01859	0.01423	0.01932	0.05242	0.08569	0.14644	0.02056	0.47354	0.04422	0.02103	0.01576	0.00792	0.00674	0.00203	0.00675	0.00666	0.00706	0.01059
12	0.54151	0.09719	0.03406	0.01161	0.03465	0.14998	0.00942	0.02073	0.01298	0.02512	0.00951	0.01114	0.00764	0.00618	0.00456	0.00191	0.00675	0.00378	0.00376	0.00752
13	0.01629	0.01564	0.02672	0.04041	0.72757	0.01564	0.02020	0.02020	0.01499	0.02151	0.01238	0.01629	0.01043	0.00587	0.00652	0.00196	0.00782	0.00587	0.00326	0.01043
14	0.01372	0.01169	0.01242	0.01136	0.01452	0.01289	0.00877	0.02691	0.48548	0.02530	0.11389	0.03573	0.17750	0.01112	0.00705	0.00221	0.00457	0.00934	0.00663	0.00889
15	0.00959	0.00687	0.00839	0.00792	0.00981	0.00614	0.00597	0.01225	0.01755	0.04959	0.50051	0.05247	0.26015	0.01423	0.00773	0.00212	0.00327	0.01231	0.00694	0.00620
16	0.00880	0.00606	0.00741	0.00816	0.00835	0.00587	0.00504	0.00937	0.01107	0.01477	0.02844	0.40028	0.03364	0.39819	0.02107	0.00455	0.00511	0.01410	0.00504	0.00466
17	0.00792	0.00667	0.00686	0.00681	0.00898	0.00562	0.00511	0.00971	0.01533	0.01855	0.12517	0.06209	0.66594	0.01639	0.00778	0.00221	0.00331	0.01372	0.00621	0.00562
18	0.01593	0.01368	0.01450	0.01308	0.01666	0.01574	0.01016	0.03356	0.67182	0.02747	0.07067	0.02611	0.02274	0.00922	0.00677	0.00222	0.00508	0.00772	0.00673	0.01016
19	0.81514	0.01273	0.00968	0.00866	0.01273	0.01477	0.00713	0.01935	0.01120	0.02954	0.00917	0.01069	0.00713	0.00611	0.00407	0.00204	0.00509	0.00356	0.00407	0.00713
20	0.02954	0.01120	0.01528	0.01171	0.01681	0.00968	0.00968	0.03208	0.01884	0.73213	0.02597	0.02241	0.01630	0.00815	0.00662	0.00204	0.00560	0.00662	0.00815	0.01120
21	0.02503	0.01844	0.01976	0.01515	0.02042	0.02042	0.01251	0.70562	0.03095	0.04149	0.01581	0.01581	0.01120	0.00790	0.00659	0.00198	0.00724	0.00593	0.00659	0.01120
22	0.02891	0.01221	0.01590	0.01219	0.01731	0.01117	0.01007	0.12610	0.02053	0.63573	0.02455	0.02149	0.01558	0.00811	0.00662	0.00203	0.00583	0.00652	0.00793	0.01120
23	0.81514	0.01273	0.00968	0.00866	0.01273	0.01477	0.00713	0.01935	0.01120	0.02954	0.00917	0.01069	0.00713	0.00611	0.00407	0.00204	0.00509	0.00356	0.00407	0.00713
24	0.00778	0.00667	0.00667	0.00667	0.00889	0.00556	0.00500	0.00945	0.01501	0.01778	0.06669	0.06336	0.72490	0.01667	0.00778	0.00222	0.00333	0.01389	0.00611	0.00556
25	0.81514	0.01273	0.00968	0.00866	0.01273	0.01477	0.00713	0.01935	0.01120	0.02954	0.00917	0.01069	0.00713	0.00611	0.00407	0.00204	0.00509	0.00356	0.00407	0.00713
26	0.01530	0.01760	0.10414	0.09318	0.21953	0.01563	0.31431	0.02015	0.01469	0.03951	0.01312	0.01729	0.01023	0.00796	0.03911	0.00251	0.03663	0.00665	0.00334	0.00912
27	0.02954	0.01120	0.01528	0.01171	0.01681	0.00968	0.00968	0.03208	0.01884	0.73213	0.02597	0.02241	0.01630	0.00815	0.00662	0.00204	0.00560	0.00662	0.00815	0.01120
28	0.01637	0.01414	0.01489	0.01340	0.01712	0.01637	0.01042	0.03498	0.71568	0.02754	0.02679	0.02456	0.02010	0.00893	0.00670	0.00223	0.00521	0.00744	0.00670	0.01042
29	0.02912	0.01130	0.01527	0.01177	0.01682	0.00989	0.00970	0.03218	0.04105	0.70968	0.02600	0.02248	0.01642	0.00817	0.00662	0.00204	0.00559	0.00665	0.00810	0.01118
30	0.00917	0.00701	0.00911	0.01075	0.05083	0.00671	0.00699	0.01156	0.05742	0.01803	0.06280	0.50448	0.15028	0.01824	0.00879	0.03621	0.00411	0.01570	0.00589	0.00592
31	0.01464	0.06015	0.64470	0.01805	0.02715	0.04191	0.02265	0.02159	0.01431	0.05780	0.01240	0.01415	0.00877	0.00635	0.00619	0.00204	0.00949	0.00488	0.00309	0.00968
32	0.00940	0.00705	0.01058	0.01058	0.01176	0.00823	0.00823	0.01176	0.01058	0.01528	0.01763	0.02586	0.01646	0.04937	0.74255	0.01058	0.01763	0.00705	0.00353	0.00588
33	0.01048	0.00644	0.00854	0.00951	0.01051	0.00602	0.00681	0.01207	0.01350	0.08123	0.03428	0.57888	0.03884	0.01844	0.00808	0.00258	0.00417	0.08706	0.05657	0.00599
34	0.01648	0.54835	0.19264	0.01299	0.01925	0.04559	0.01399	0.01976	0.01350	0.01662	0.01028	0.01272	0.00907	0.03772	0.00597	0.00178	0.00778	0.00410	0.00288	0.00853
35	0.02871	0.01139	0.01525	0.01182	0.01683	0.01010	0.00972	0.03227	0.06269	0.68779	0.02602	0.02254	0.01654	0.00820	0.00663	0.00205	0.00558	0.00667	0.00806	0.01115
36	0.02384	0.01691	0.01839	0.01448	0.01943	0.01859	0.01184	0.51204	0.15916	0.10739	0.01889	0.01812	0.01338	0.00812	0.00661	0.00203	0.00670	0.00628	0.00676	0.01105
37	0.07329	0.07774	0.05667	0.01617	0.02008	0.61249	0.01288	0.02515	0.01760	0.01717	0.01013	0.01182	0.00839	0.00664	0.00573	0.00172	0.01102	0.00418	0.00337	0.00776
38	0.81514	0.01273	0.00968	0.00866	0.01273	0.01477	0.00713	0.01935	0.01120	0.02954	0.00917	0.01069	0.00713	0.00611	0.00407	0.00204	0.00509	0.00356	0.00407	0.00713
39	0.01998	0.14487	0.07278	0.01919	0.09032	0.22825	0.10747	0.04868	0.05488	0.08277	0.01318	0.01497	0.01030	0.00689	0.00714	0.00192	0.05821	0.00535	0.00392	0.00892
40	0.01124	0.00728	0.00912	0.00891	0.01096	0.00657	0.00698	0.01371	0.01655	0.10077	0.28456	0.10694	0.24723	0.01514	0.00791	0.00232	0.00401	0.12657	0.00673	0.00649
41	0.01640	0.01595	0.02628	0.06182	0.68703	0.03556	0.01994	0.02027	0.01503	0.02121	0.01230	0.01621	0.01032	0.00591	0.00650	0.00196	0.00796	0.00582	0.00325	0.01025
42	0.00802	0.00573	0.00764	0.00917	0.00955	0.00535	0.00611	0.00917	0.01260	0.01681	0.03628	0.76434	0.04354	0.02062	0.00840	0.00267	0.00382	0.01872	0.00611	0.00535
43	0.00806	0.00668	0.00706	0.00696	0.00906	0.00568	0.00522	0.00999	0.01567	0.01936	0.18718	0.06076	0.60343	0.01608	0.00778	0.00220	0.00329	0.01353	0.00632	0.00568
44	0.00802	0.00573	0.00764	0.00917	0.00955	0.00535	0.00611	0.00917	0.01260	0.01681	0.03628	0.76434	0.04354	0.02062	0.00840	0.00267	0.00382	0.01872	0.00611	0.00535
45	0.09486	0.01053	0.01296	0.01066	0.01461	0.01004	0.00858	0.02649	0.09773	0.41061	0.16284	0.02701	0.02502	0.00908	0.00652	0.00204	0.00488	0.00746	0.04859	0.00949
46	0.02954	0.01120	0.01528	0.01171	0.01681	0.00968	0.00968	0.03208	0.01884	0.73213	0.02597	0.02241	0.01630	0.00815	0.00662	0.00204	0.00560	0.00662	0.00815	0.01120
47	0.01243	0.01170	0.01975	0.75282	0.04534	0.01463	0.01828	0.01682	0.01316	0.01682	0.01170	0.01755	0.00878	0.00658	0.00658	0.00219	0.00878	0.00585	0.00293	0.00731
48	0.01243	0.01170	0.01975	0.75282	0.04534	0.01463	0.01828	0.01682	0.01316	0.01682	0.01170	0.01755	0.00878	0.00658	0.00658	0.00219	0.00878	0.00585	0.00293	0.00731
49	0.01030	0.00715	0.00943	0.01082	0.04105	0.00692	0.00713	0.04723	0.01369	0.04410	0.03220	0.56859	0.03726	0.09360	0.01070	0.00297	0.00457	0.04042	0.00587	0.00598
50	0.01645	0.10357	0.46806	0.01876	0.06974	0.03417	0.04466	0.05798	0.01548	0.09174	0.01321	0.01474	0.00948	0.00643	0.00617	0.00199	0.00890	0.00511	0.00358	0.00978
51	0.01590	0.01533	0.02652	0.05576	0.64809	0.01532	0.05551	0.01988	0.01511	0.02155	0.03882	0.01762	0.01228	0.00615	0.00663	0.00198	0.00784	0.00619	0.00340	0.01011
52	0.00802	0.00573	0.00764	0.00917	0.00955	0.00535	0.00611	0.00917	0.01260	0.01681	0.03628	0.76434	0.04354	0.02062	0.00840	0.00267	0.00382	0.01872	0.00611	0.00535
53	0.01525	0.02391	0.32689	0.02250	0.05537	0.01573	0.30285	0.02265	0.07725	0.05132	0.01438	0.01689	0.01048	0.00627	0.00694	0.00215	0.00965	0.00640	0.00360	0.00953
54	0.05898	0.02602	0.44464	0.01700	0.02479	0.01499	0.05542	0.07778	0.06703	0.12805	0.01524	0.01611	0.01062	0.00681	0.00633	0.00208	0.00843	0.00548	0.00425	0.00993
55	0.00868	0.00618	0.00756	0.00842	0.00939	0.00561	0.00575	0.00991	0.01317	0.03666	0.04276	0.50176	0.22058	0.07876	0.01019	0.00283	0.00395	0.01638	0.00600	0.00546
56	0.01620	0.01616	0.04479	0.03954	0.69220	0.01566	0.03788	0.02024	0.01498	0.02148	0.01239	0.01627	0.01036	0.00587	0.00654	0.00197	0.00795	0.00589	0.00325	0.01037
57	0.06708	0.12043	0.24822	0.02191	0.14497	0.03690	0.14945	0.02208	0.06965	0.03911	0.01317	0.01541	0.01008	0.00624	0.00622	0.00200	0.00862	0.00556	0.00351	0.00939
58	0.01579	0.12540	0.13243	0.02285	0.20685	0.01648	0.12369	0.02282	0.14563	0.04419	0.03541	0.05002	0.01457	0.00732	0.00650	0.00203	0.00765	0.00671	0.00416	0.00949
59	0.01045	0.00728	0.00818	0.00801	0.01027	0.00639	0.00607	0.01279	0.03696	0.09008	0.08792	0.14687	0.48474	0.01599	0.00776	0.00229	0.00378	0.04148	0.00639	0.00630
60	0.03854	0.11893	0.20120	0.01519	0.04873	0.12961	0.03150	0.04114	0.01530	0.08283	0.01787	0.16513	0.01667	0.00938	0.00634	0.00202	0.00765	0.00769	0.03596	0.00832
61	0.03869	0.01676	0.08099	0.04999	0.42175	0.01536	0.05235	0.10130	0.01716	0.12005	0.01452	0.01684	0.01099	0.00645	0.00652	0.00200	0.00773	0.00593	0.00428	0.01032
62	0.01560	0.20966	0.32002	0.04117	0.13670	0.04087	0.06239	0.03797	0.01448	0.01975	0.01128	0.01381	0.00890	0.00625	0.00645	0.00192	0.03551	0.00495	0.00302	0.00929
63	0.00946	0.00684	0.00951	0.00951	0.01032	0.00765	0.00690	0.01107	0.01026	0.01449	0.01861	0.03126	0.01880	0.27471	0.52042	0.00927	0.01411	0.00784	0.00367	0.00529
64	0.01474	0.01242	0.01559	0.01121	0.01706	0.00989	0.05188	0.05252	0.01478	0.03983	0.01236	0.01423	0.01000	0.00515	0.00519	0.00113	0.00541	0.00431	0.00411	0.69820
65	0.02056	0.09040	0.14301	0.01926	0.08556	0.29023	0.07188	0.12407	0.03679	0.03952	0.01247	0.01415	0.00965	0.00667	0.00618	0.00187	0.00966	0.00511	0.00390	0.00909
66	0.05452	0.01144	0.01464	0.01147	0.01608	0.01058	0.00940	0.10286	0.01974	0.53836	0.09727	0.02413	0.02023	0.00859	0.00659	0.00202	0.00543	0.00698	0.02929	0.01040
67	0.01654	0.01598	0.02779	0.03809	0.62575	0.01593	0.09445	0.04573	0.01564	0.02220	0.01261	0.01644	0.01041	0.00591	0.00666	0.00198	0.00816	0.00608	0.00339	0.01029
68	0.00875	0.00671	0.00801	0.00769	0.00949	0.00597	0.00577	0.01133	0.01730	0.02322	0.48183	0.05440	0.30637	0.01464	0.00777	0.00213	0.00319	0.01264	0.00683	0.00597
69	0.01252	0.01146	0.01586	0.01408	0.01431	0.01524	0.01125	0.01387	0.01009	0.01516	0.01267	0.02200	0.01303	0.15987	0.16616	0.00505	0.47110	0.00673	0.00321	0.00634
70	0.00956	0.00696	0.00786	0.00748	0.00966	0.00601	0.00567	0.01174	0.01639	0.06292	0.27430	0.05640	0.47111	0.01514	0.00771	0.00216	0.00340	0.01283	0.00660	0.00610
71	0.48292	0.04736	0.08701	0.01060	0.01530	0.03189	0.00965	0.02167	0.03038	0.13981	0.05757	0.01568	0.01258	0.00698	0.00505	0.00201	0.00578	0.00482	0.00478	0.00814
72	0.01544	0.01946	0.16944	0.04567	0.23465	0.01552	0.26671	0.02155	0.05861	0.03903	0.01463	0.01912	0.01154	0.00653	0.00703	0.00214	0.00913	0.03067	0.00362	0.00952
73	0.00802	0.00573	0.00764	0.00917	0.00955	0.00535	0.00611	0.00917	0.01260	0.01681	0.03628	0.76434	0.04354	0.02062	0.00840	0.00267	0.00382	0.01872	0.00611	0.00535
74	0.01760	0.77260	0.03450	0.01126	0.01690	0.02605	0.01126	0.01971	0.01338	0.01549	0.00915	0.01056	0.00845	0.00563	0.00422	0.00141	0.00704	0.00352	0.00282	0.00845
75	0.00899	0.00672	0.00835	0.00794	0.00963	0.00607	0.00595	0.01179	0.01786	0.02457	0.58414	0.05219	0.20322	0.01414	0.00777	0.00210	0.00315	0.01233	0.00701	0.00607
76	0.01793	0.01492	0.01576	0.01371	0.01771	0.01710	0.01080	0.15572	0.59240	0.03005	0.02482	0.02299	0.01849	0.00875	0.00668	0.00219	0.00558	0.00717	0.00668	0.01056
77	0.01641	0.18705	0.23193	0.04907	0.12961	0.04808	0.16850	0.02121	0.01473	0.05563	0.01229	0.01485	0.00946	0.00604	0.00620	0.00193	0.00901	0.00545	0.00328	0.00926
78	0.01533	0.01122	0.01240	0.01120	0.01399	0.01205	0.00842	0.10128	0.29774	0.08230	0.02969	0.13528	0.09078	0.13440	0.01138	0.00292	0.00529	0.00977	0.00623	0.00834
79	0.04208	0.27128	0.35558	0.01675	0.06699	0.04713	0.01768	0.02146	0.01428	0.07327	0.01191	0.01342	0.00908	0.00619	0.00555	0.00184	0.00836	0.00456	0.00330	0.00930
80	0.01712	0.01694	0.07048	0.05619	0.33163	0.04222	0.07771	0.04357	0.19209	0.05981	0.01675	0.01854	0.01287	0.00687	0.00665	0.00206	0.00764	0.00635	0.00443	0.01008
81	0.00791	0.00666	0.00677	0.00675	0.00885	0.00562	0.00500	0.00956	0.01491	0.01788	0.08874	0.06197	0.67066	0.04877	0.00888	0.00240	0.00346	0.01364	0.00606	0.00551
82	0.01624	0.01662	0.07887	0.09579	0.37215	0.01522	0.16806	0.02063	0.01492	0.06551	0.01321	0.01678	0.01033	0.00615	0.00714	0.00204	0.02935	0.00617	0.00353	0.04131
83	0.01531	0.01370	0.04388	0.01158	0.01740	0.01102	0.03456	0.12197	0.01635	0.02437	0.01295	0.03126	0.01069	0.00578	0.00538	0.00126	0.00563	0.00473	0.00430	0.60791
84	0.00951	0.00636	0.00720	0.00726	0.00728	0.00634	0.00408	0.00956	0.00970	0.01293	0.02139	0.07325	0.02475	0.73735	0.03246	0.00623	0.00628	0.00996	0.00408	0.00405
85	0.00812	0.00615	0.00750	0.00829	0.00939	0.00553	0.00579	0.00969	0.01414	0.01839	0.13749	0.45532	0.25347	0.01846	0.00813	0.00246	0.00358	0.01634	0.00626	0.00553
86	0.01754	0.30914	0.27423	0.01623	0.04749	0.01879	0.06271	0.02192	0.01447	0.12190	0.01290	0.01422	0.00973	0.00636	0.00603	0.00184	0.02664	0.00486	0.00363	0.00936
87	0.13035	0.05082	0.08292	0.01837	0.10568	0.30351	0.04306	0.11543	0.01790	0.02302	0.01178	0.01369	0.00930	0.00663	0.00583	0.00185	0.00905	0.00483	0.03736	0.00859
88	0.00802	0.00573	0.00764	0.00917	0.00955	0.00535	0.00611	0.00917	0.01260	0.01681	0.03628	0.76434	0.04354	0.02062	0.00840	0.00267	0.00382	0.01872	0.00611	0.00535
89	0.01365	0.01170	0.01365	0.00975	0.01560	0.00878	0.00780	0.01658	0.01365	0.02145	0.01170	0.01365	0.00975	0.00488	0.00488	0.00098	0.00488	0.00390	0.00390	0.80888
90	0.01510	0.05390	0.45016	0.02186	0.11610	0.01602	0.11134	0.05096	0.04444	0.03933	0.01313	0.01533	0.00963	0.00632	0.00646	0.00206	0.00918	0.00552	0.00337	0.00979
91	0.01448	0.13007	0.60630	0.01756	0.02647	0.03614	0.02195	0.02112	0.01408	0.03717	0.01176	0.01361	0.00855	0.00623	0.00599	0.00198	0.00934	0.00471	0.00293	0.00954
92	0.00957	0.00638	0.00718	0.00718	0.00718	0.00638	0.00399	0.00957	0.00957	0.01276	0.02074	0.04308	0.02393	0.76864	0.03351	0.00638	0.00638	0.00957	0.00399	0.00399
93	0.01591	0.01541	0.02679	0.10306	0.62736	0.01561	0.05900	0.01995	0.01486	0.02107	0.01238	0.01649	0.01026	0.00591	0.00659	0.00199	0.00809	0.00597	0.00323	0.01006
94	0.01838	0.69304	0.03291	0.01172	0.01727	0.04497	0.01140	0.07403	0.01491	0.01756	0.00971	0.01101	0.00867	0.00584	0.00446	0.00146	0.00719	0.00373	0.00313	0.00864
95	0.00778	0.00667	0.00667	0.00667	0.00889	0.00556	0.00500	0.00945	0.01501	0.01778	0.06669	0.06336	0.72490	0.01667	0.00778	0.00222	0.00333	0.01389	0.00611	0.00556
96	0.01760	0.77260	0.03450	0.01126	0.01690	0.02605	0.01126	0.01971	0.01338	0.01549	0.00915	0.01056	0.00845	0.00563	0.00422	0.00141	0.00704	0.00352	0.00282	0.00845
97	0.00786	0.00667	0.00678	0.00675	0.00894	0.00559	0.00507	0.00960	0.01520	0.01824	0.10119	0.06261	0.69012	0.01650	0.00778	0.00222	0.00332	0.01379	0.00617	0.00559
98	0.00802	0.00573	0.00764	0.00917	0.00955	0.00535	0.00611	0.00917	0.01260	0.01681	0.03628	0.76434	0.04354	0.02062	0.00840	0.00267	0.00382	0.01872	0.00611	0.00535
99	0.00836	0.00669	0.00747	0.00727	0.00925	0.00580	0.00546	0.01056	0.01637	0.02101	0.31321	0.05804	0.47636	0.01547	0.00777	0.00217	0.00325	0.01315	0.00654	0.00580
100	0.02459	0.03138	0.01866	0.01696	0.02035	0.74221	0.01272	0.02629	0.01866	0.01611	0.01018	0.01187	0.00848	0.00678	0.00594	0.00170	0.01187	0.00424	0.00339	0.00763
101	0.02382	0.02979	0.01787	0.01628	0.01955	0.69589	0.01221	0.02560	0.01835	0.01664	0.01089	0.01267	0.00901	0.00684	0.00585	0.00169	0.01132	0.00436	0.05385	0.00754
102	0.02954	0.01120	0.01528	0.01171	0.01681	0.00968	0.00968	0.03208	0.01884	0.73213	0.02597	0.02241	0.01630	0.00815	0.00662	0.00204	0.00560	0.00662	0.00815	0.01120
103	0.81514	0.01273	0.00968	0.00866	0.01273	0.01477	0.00713	0.01935	0.01120	0.02954	0.00917	0.01069	0.00713	0.00611	0.00407	0.00204	0.00509	0.00356	0.00407	0.00713
104	0.01577	0.01502	0.02552	0.03844	0.68239	0.01499	0.01932	0.01951	0.01484	0.02121	0.01389	0.06337	0.01251	0.00679	0.00664	0.00200	0.00757	0.00667	0.00344	0.01011
105	0.02954	0.01120	0.01528	0.01171	0.01681	0.00968	0.00968	0.03208	0.01884	0.73213	0.02597	0.02241	0.01630	0.00815	0.00662	0.00204	0.00560	0.00662	0.00815	0.01120
106	0.00802	0.00573	0.00764	0.00917	0.00955	0.00535	0.00611	0.00917	0.01260	0.01681	0.03628	0.76434	0.04354	0.02062	0.00840	0.00267	0.00382	0.01872	0.00611	0.00535
107	0.81514	0.01273	0.00968	0.00866	0.01273	0.01477	0.00713	0.01935	0.01120	0.02954	0.00917	0.01069	0.00713	0.00611	0.00407	0.00204	0.00509	0.00356	0.00407	0.00713
108	0.02124	0.01619	0.01741	0.01413	0.01858	0.01802	0.01139	0.46444	0.21280	0.03581	0.03823	0.06611	0.01692	0.00912	0.00676	0.00209	0.00638	0.00729	0.00660	0.01049
109	0.01698	0.56335	0.19455	0.01319	0.01975	0.02328	0.01433	0.05597	0.01442	0.01808	0.01011	0.01160	0.00857	0.00589	0.00481	0.00159	0.00767	0.00396	0.00301	0.00889
110	0.01490	0.06060	0.02038	0.16526	0.27414	0.01385	0.01460	0.01974	0.07904	0.04707	0.04833	0.06356	0.01540	0.00745	0.00633	0.00190	0.00673	0.00665	0.00412	0.12996
111	0.00926	0.00673	0.00872	0.00822	0.00980	0.00619	0.00616	0.01231	0.01849	0.02606	0.69809	0.04974	0.08834	0.01359	0.00777	0.00208	0.00311	0.01198	0.00720	0.00619
112	0.81514	0.01273	0.00968	0.00866	0.01273	0.01477	0.00713	0.01935	0.01120	0.02954	0.00917	0.01069	0.00713	0.00611	0.00407	0.00204	0.00509	0.00356	0.00407	0.00713
113	0.01800	0.21375	0.24513	0.01627	0.04011	0.12996	0.03476	0.08122	0.10171	0.03963	0.01348	0.01460	0.01037	0.00666	0.00584	0.00186	0.00850	0.00499	0.00385	0.00933
114	0.00778	0.00667	0.00667	0.00667	0.00889	0.00556	0.00500	0.00945	0.01501	0.01778	0.06669	0.06336	0.72490	0.01667	0.00778	0.00222	0.00333	0.01389	0.00611	0.00556
115	0.02167	0.31399	0.07181	0.01263	0.01799	0.03653	0.01169	0.14638	0.01821	0.22229	0.01671	0.05465	0.01299	0.00761	0.00572	0.00181	0.00681	0.00573	0.00518	0.00962
116	0.01568	0.05578	0.01533	0.01201	0.01595	0.04125	0.03888	0.06999	0.20275	0.07819	0.05412	0.03268	0.14276	0.01013	0.00673	0.00201	0.00563	0.06783	0.00575	0.12656
117	0.01653	0.17103	0.29356	0.02143	0.12632	0.04324	0.14130	0.02159	0.01478	0.07184	0.01262	0.01483	0.00954	0.00611	0.00618	0.00194	0.00895	0.00537	0.00337	0.00946
118	0.01760	0.77260	0.03450	0.01126	0.01690	0.02605	0.01126	0.01971	0.01338	0.01549	0.00915	0.01056	0.00845	0.00563	0.00422	0.00141	0.00704	0.00352	0.00282	0.00845
119	0.00815	0.00673	0.00718	0.00719	0.00928	0.00576	0.00547	0.01010	0.01554	0.01913	0.16035	0.06187	0.59274	0.01629	0.00785	0.00224	0.00344	0.04873	0.00628	0.00568
120	0.01726	0.01955	0.19446	0.07187	0.23731	0.01479	0.18631	0.02226	0.01537	0.13455	0.01461	0.01714	0.01066	0.00629	0.00678	0.00208	0.00878	0.00621	0.00392	0.00982
121	0.58945	0.11388	0.07773	0.01019	0.01495	0.01639	0.00941	0.02052	0.05606	0.02680	0.01051	0.01183	0.00823	0.00624	0.00445	0.00197	0.00577	0.00392	0.00396	0.00774
122	0.01033	0.00739	0.01021	0.01128	0.01280	0.00728	0.00964	0.01337	0.01592	0.02117	0.18612	0.06875	0.04320	0.01715	0.00880	0.00282	0.00541	0.53592	0.00632	0.00609
123	0.00957	0.00688	0.00846	0.00902	0.01010	0.00663	0.00681	0.01121	0.01327	0.01719	0.07780	0.07677	0.16264	0.28700	0.01751	0.00402	0.00543	0.25907	0.00540	0.00522
124	0.01972	0.45837	0.05698	0.01421	0.01928	0.26935	0.04194	0.02206	0.01529	0.01615	0.00979	0.01145	0.00852	0.00605	0.00504	0.00157	0.00897	0.00400	0.00303	0.00824
125	0.01637	0.01414	0.01489	0.01340	0.01712	0.01637	0.01042	0.03498	0.71568	0.02754	0.02679	0.02456	0.02010	0.00893	0.00670	0.00223	0.00521	0.00744	0.00670	0.01042
126	0.02459	0.03138	0.01866	0.01696	0.02035	0.74221	0.01272	0.02629	0.01866	0.01611	0.01018	0.01187	0.00848	0.00678	0.00594	0.00170	0.01187	0.00424	0.00339	0.00763
127	0.00933	0.00671	0.00870	0.00821	0.00967	0.00622	0.00607	0.01224	0.01806	0.02554	0.67984	0.04879	0.05971	0.06098	0.00938	0.00234	0.00331	0.01176	0.00704	0.00607
128	0.00966	0.00764	0.00864	0.00874	0.01050	0.00738	0.00634	0.02981	0.10685	0.02019	0.12980	0.26863	0.29812	0.04600	0.00882	0.00250	0.00392	0.01391	0.00626	0.00629
129	0.60674	0.01233	0.01116	0.00947	0.01381	0.01342	0.00781	0.02273	0.01323	0.21592	0.01362	0.01380	0.00956	0.00665	0.00475	0.00204	0.00523	0.00438	0.00515	0.00821
130	0.00802	0.00573	0.00764	0.00917	0.00955	0.00535	0.00611	0.00917	0.01260	0.01681	0.03628	0.76434	0.04354	0.02062	0.00840	0.00267	0.00382	0.01872	0.00611	0.00535
131	0.00801	0.00668	0.00699	0.00691	0.00904	0.00566	0.00519	0.00990	0.01556	0.01909	0.16654	0.06120	0.62423	0.01618	0.00778	0.00220	0.00330	0.01359	0.00629	0.00566
132	0.02168	0.02434	0.01850	0.01738	0.05934	0.45076	0.01279	0.05387	0.06852	0.04520	0.01256	0.01450	0.01020	0.00774	0.00841	0.00195	0.12349	0.00503	0.03558	0.00816
133	0.00887	0.00663	0.00820	0.00840	0.00986	0.00606	0.00628	0.01115	0.01595	0.02131	0.33787	0.17332	0.22224	0.04833	0.00912	0.00250	0.00375	0.08787	0.00650	0.00579
134	0.01637	0.01414	0.01489	0.01340	0.01712	0.01637	0.01042	0.03498	0.71568	0.02754	0.02679	0.02456	0.02010	0.00893	0.00670	0.00223	0.00521	0.00744	0.00670	0.01042
135	0.01554	0.01776	0.03885	0.02775	0.03441	0.01665	0.70366	0.02109	0.01554	0.02109	0.01332	0.01776	0.00999	0.00555	0.00777	0.00222	0.01110	0.00777	0.00333	0.00888
136	0.02601	0.01300	0.07874	0.01220	0.01734	0.01018	0.01076	0.02967	0.04802	0.58733	0.05006	0.04981	0.01838	0.00866	0.00670	0.00207	0.00580	0.00713	0.00750	0.01065
137	0.00923	0.00669	0.00871	0.00827	0.00980	0.00616	0.00618	0.01223	0.01833	0.02584	0.68279	0.07565	0.07775	0.01380	0.00779	0.00210	0.00314	0.01220	0.00718	0.00616
138	0.00800	0.00581	0.00755	0.00895	0.00949	0.00537	0.00601	0.00919	0.01281	0.01689	0.03895	0.70299	0.10318	0.02028	0.00835	0.00263	0.00378	0.01829	0.00611	0.00537

[dist]
# distance from previous block
# <min> <max>
0	1

[block]
# block no. 1 follows, 33 sequences, length 128
# corresponding to MSA columns:
# 140-267
name=unknown_B
#
# <colnr> <probs for GDERKNQSTAVLIFYWHMCP>
#	G	D	E	R	K	N	Q	S	T	A	V	L	I	F	Y	W	H	M	C	P
0	0.01403	0.01242	0.01400	0.01020	0.01580	0.03294	0.00814	0.01687	0.01371	0.02112	0.01157	0.01361	0.00968	0.00512	0.00538	0.00105	0.02605	0.00396	0.00386	0.76049
1	0.00784	0.00664	0.00677	0.00680	0.00894	0.00557	0.00508	0.00954	0.01504	0.01803	0.08707	0.08583	0.68106	0.01670	0.00780	0.00223	0.00334	0.01399	0.00615	0.00557
2	0.00948	0.00641	0.00751	0.00781	0.00798	0.00636	0.00477	0.00986	0.01038	0.01379	0.02366	0.12693	0.02729	0.62245	0.02866	0.00569	0.00607	0.06617	0.00440	0.00431
3	0.01610	0.01618	0.02979	0.03720	0.55213	0.01590	0.19319	0.02043	0.01513	0.02140	0.01262	0.01666	0.01032	0.00579	0.00683	0.00202	0.00865	0.00635	0.00328	0.01004
4	0.02522	0.01308	0.04311	0.04315	0.18938	0.01147	0.01300	0.02833	0.01756	0.51283	0.02174	0.02048	0.01436	0.00748	0.00658	0.00202	0.00638	0.00635	0.00661	0.01084
5	0.01629	0.01564	0.02672	0.04041	0.72757	0.01564	0.02020	0.02020	0.01499	0.02151	0.01238	0.01629	0.01043	0.00587	0.00652	0.00196	0.00782	0.00587	0.00326	0.01043
6	0.02459	0.03138	0.01866	0.01696	0.02035	0.74221	0.01272	0.02629	0.01866	0.01611	0.01018	0.01187	0.00848	0.00678	0.00594	0.00170	0.01187	0.00424	0.00339	0.00763
7	0.05002	0.01744	0.01894	0.01456	0.01977	0.01902	0.01202	0.60787	0.02897	0.11955	0.01675	0.01640	0.01165	0.00788	0.00651	0.00198	0.00699	0.00593	0.00669	0.01107
8	0.81514	0.01273	0.00968	0.00866	0.01273	0.01477	0.00713	0.01935	0.01120	0.02954	0.00917	0.01069	0.00713	0.00611	0.00407	0.00204	0.00509	0.00356	0.00407	0.00713
9	0.01760	0.77260	0.03450	0.01126	0.01690	0.02605	0.01126	0.01971	0.01338	0.01549	0.00915	0.01056	0.00845	0.00563	0.00422	0.00141	0.00704	0.00352	0.00282	0.00845
10	0.00804	0.00668	0.00703	0.00695	0.00905	0.00567	0.00521	0.00996	0.01563	0.01926	0.17951	0.06092	0.61116	0.01612	0.00778	0.00220	0.00330	0.01355	0.00631	0.00567
11	0.00932	0.00673	0.00880	0.00828	0.00984	0.00621	0.00621	0.01242	0.01863	0.02640	0.72410	0.04918	0.06212	0.01346	0.00776	0.00207	0.00311	0.01191	0.00725	0.00621
12	0.02459	0.03138	0.01866	0.01696	0.02035	0.74221	0.01272	0.02629	0.01866	0.01611	0.01018	0.01187	0.00848	0.00678	0.00594	0.00170	0.01187	0.00424	0.00339	0.00763
13	0.00828	0.00608	0.00777	0.00864	0.00953	0.00557	0.00599	0.00994	0.01428	0.01909	0.19473	0.51070	0.13820	0.01849	0.00818	0.00248	0.00359	0.01655	0.00637	0.00557
14	0.67972	0.01343	0.01123	0.00964	0.01391	0.01532	0.00794	0.11103	0.01412	0.05834	0.01070	0.01183	0.00802	0.00643	0.00451	0.00203	0.00540	0.00400	0.00457	0.00783
15	0.02503	0.01844	0.01976	0.01515	0.02042	0.02042	0.01251	0.70562	0.03095	0.04149	0.01581	0.01581	0.01120	0.00790	0.00659	0.00198	0.00724	0.00593	0.00659	0.01120
16	0.00878	0.00671	0.00805	0.00771	0.00950	0.00598	0.00579	0.01137	0.01736	0.02336	0.49230	0.05418	0.29581	0.01459	0.00777	0.00212	0.00319	0.01261	0.00685	0.00598
17	0.02909	0.01193	0.01573	0.01206	0.01717	0.01075	0.00996	0.09950	0.02005	0.66300	0.02495	0.02175	0.01579	0.00812	0.00662	0.00203	0.00577	0.00655	0.00799	0.01120
18	0.73650	0.01258	0.01024	0.00896	0.01314	0.01426	0.00738	0.02063	0.01197	0.09987	0.01085	0.01187	0.00805	0.00631	0.00433	0.00204	0.00514	0.00387	0.00448	0.00754
19	0.01166	0.01083	0.01759	0.62816	0.03927	0.01310	0.01610	0.01558	0.01338	0.01695	0.01980	0.05052	0.10391	0.00841	0.00680	0.00222	0.00788	0.00737	0.00346	0.00701
20	0.01569	0.33098	0.40797	0.01563	0.02332	0.06527	0.01834	0.02073	0.01399	0.01839	0.01064	0.01243	0.00839	0.00604	0.00542	0.00179	0.00878	0.00428	0.00283	0.00908
21	0.02717	0.01176	0.01533	0.01178	0.01678	0.01054	0.00968	0.09764	0.01972	0.58620	0.05565	0.02241	0.01745	0.00816	0.00656	0.00197	0.00561	0.00662	0.00768	0.06133
22	0.00940	0.00705	0.01058	0.01058	0.01176	0.00823	0.00823	0.01176	0.01058	0.01528	0.01763	0.02586	0.01646	0.04937	0.74255	0.01058	0.01763	0.00705	0.00353	0.00588
23	0.01365	0.01170	0.01365	0.00975	0.01560	0.00878	0.00780	0.01658	0.01365	0.02145	0.01170	0.01365	0.00975	0.00488	0.00488	0.00098	0.00488	0.00390	0.00390	0.80888
24	0.17755	0.01440	0.01511	0.01523	0.08743	0.03266	0.01079	0.03015	0.48753	0.02708	0.02142	0.02065	0.01625	0.00801	0.00613	0.00215	0.00560	0.00643	0.00575	0.00969
25	0.81514	0.01273	0.00968	0.00866	0.01273	0.01477	0.00713	0.01935	0.01120	0.02954	0.00917	0.01069	0.00713	0.00611	0.00407	0.00204	0.00509	0.00356	0.00407	0.00713
26	0.02583	0.01715	0.01896	0.01454	0.01977	0.01850	0.01201	0.58574	0.02880	0.16441	0.01762	0.01698	0.01210	0.00795	0.00659	0.00199	0.00695	0.00605	0.00686	0.01120
27	0.00778	0.00667	0.00667	0.00667	0.00889	0.00556	0.00500	0.00945	0.01501	0.01778	0.06669	0.06336	0.72490	0.01667	0.00778	0.00222	0.00333	0.01389	0.00611	0.00556
28	0.00940	0.00705	0.01058	0.01058	0.01176	0.00823	0.00823	0.01176	0.01058	0.01528	0.01763	0.02586	0.01646	0.04937	0.74255	0.01058	0.01763	0.00705	0.00353	0.00588
29	0.01227	0.00614	0.00614	0.00614	0.00767	0.00614	0.00460	0.01534	0.01381	0.02454	0.02148	0.02454	0.01687	0.00767	0.00460	0.00153	0.00307	0.00614	0.80518	0.00614
30	0.02954	0.01120	0.01528	0.01171	0.01681	0.00968	0.00968	0.03208	0.01884	0.73213	0.02597	0.02241	0.01630	0.00815	0.00662	0.00204	0.00560	0.00662	0.00815	0.01120
31	0.02088	0.01638	0.01742	0.01431	0.01883	0.01848	0.01151	0.38409	0.35923	0.03480	0.02107	0.02000	0.01546	0.00840	0.00664	0.00210	0.00627	0.00665	0.00664	0.01082
32	0.01629	0.01564	0.02672	0.04041	0.72757	0.01564	0.02020	0.02020	0.01499	0.02151	0.01238	0.01629	0.01043	0.00587	0.00652	0.00196	0.00782	0.00587	0.00326	0.01043
33	0.01237	0.01103	0.01471	0.01304	0.01304	0.01437	0.01003	0.01321	0.00987	0.01455	0.01373	0.02646	0.01507	0.32975	0.02661	0.00435	0.44127	0.00736	0.00335	0.00585
34	0.02954	0.01120	0.01528	0.01171	0.01681	0.00968	0.00968	0.03208	0.01884	0.73213	0.02597	0.02241	0.01630	0.00815	0.00662	0.00204	0.00560	0.00662	0.00815	0.01120
35	0.00932	0.00673	0.00880	0.00828	0.00984	0.00621	0.00621	0.01242	0.01863	0.02640	0.72410	0.04918	0.06212	0.01346	0.00776	0.00207	0.00311	0.01191	0.00725	0.00621
36	0.10201	0.01267	0.02044	0.52970	0.15143	0.01488	0.04174	0.01780	0.01333	0.01914	0.01159	0.01660	0.00890	0.00638	0.00634	0.00214	0.00830	0.00567	0.00312	0.00785
37	0.13654	0.01141	0.01451	0.01130	0.01625	0.01037	0.00933	0.03035	0.01780	0.63644	0.02368	0.02081	0.01505	0.00787	0.00627	0.00204	0.00553	0.00620	0.00759	0.01065
38	0.00957	0.00638	0.00718	0.00718	0.00718	0.00638	0.00399	0.00957	0.00957	0.01276	0.02074	0.04308	0.02393	0.76864	0.03351	0.00638	0.00638	0.00957	0.00399	0.00399
39	0.01637	0.01414	0.01489	0.01340	0.01712	0.01637	0.01042	0.03498	0.71568	0.02754	0.02679	0.02456	0.02010	0.00893	0.00670	0.00223	0.00521	0.00744	0.00670	0.01042
40	0.01482	0.10911	0.24454	0.09046	0.10037	0.01717	0.26256	0.02019	0.01432	0.01983	0.01197	0.01547	0.00920	0.00611	0.00717	0.00208	0.03659	0.00596	0.00304	0.00904
41	0.06144	0.01712	0.01864	0.01435	0.01954	0.01859	0.01185	0.57591	0.02829	0.14211	0.01699	0.01654	0.01176	0.00786	0.00648	0.00199	0.00691	0.00592	0.00670	0.01101
42	0.00814	0.00581	0.00778	0.00930	0.00974	0.00545	0.00632	0.00937	0.01272	0.01694	0.03622	0.73234	0.04328	0.02051	0.00843	0.00269	0.00392	0.04953	0.00611	0.00538
43	0.01243	0.01170	0.01975	0.75282	0.04534	0.01463	0.01828	0.01682	0.01316	0.01682	0.01170	0.01755	0.00878	0.00658	0.00658	0.00219	0.00878	0.00585	0.00293	0.00731
44	0.01613	0.01501	0.02639	0.07902	0.52927	0.01499	0.10418	0.02017	0.01511	0.04836	0.01435	0.02032	0.01217	0.00671	0.00684	0.00207	0.00809	0.04742	0.00361	0.00981
45	0.01320	0.03405	0.73453	0.01876	0.02849	0.01529	0.02432	0.02085	0.01390	0.02085	0.01181	0.01390	0.00834	0.00625	0.00625	0.00208	0.00973	0.00486	0.00278	0.00973
46	0.00828	0.00591	0.00794	0.00946	0.00996	0.00557	0.00656	0.00961	0.01286	0.01710	0.03614	0.69526	0.04298	0.02038	0.00847	0.00271	0.00404	0.08524	0.00611	0.00542
47	0.00994	0.00940	0.00841	0.00819	0.01046	0.07976	0.00613	0.01238	0.04254	0.01874	0.11848	0.07971	0.54197	0.01523	0.00757	0.00217	0.00426	0.01267	0.00597	0.00600
48	0.02188	0.19326	0.02250	0.08904	0.02209	0.38689	0.01292	0.13875	0.01900	0.02033	0.01105	0.01281	0.00896	0.00669	0.00573	0.00173	0.00970	0.00453	0.00376	0.00839
49	0.01724	0.01457	0.01537	0.01357	0.01745	0.01678	0.01063	0.10211	0.64714	0.02894	0.02569	0.02369	0.01921	0.00883	0.00669	0.00221	0.00541	0.00729	0.00669	0.01050
50	0.06428	0.04542	0.02336	0.02995	0.43127	0.25488	0.01671	0.02214	0.01593	0.01999	0.01137	0.01433	0.00954	0.00617	0.00611	0.00186	0.00897	0.00512	0.00333	0.00926
51	0.00778	0.00667	0.00667	0.00667	0.00889	0.00556	0.00500	0.00945	0.01501	0.01778	0.06669	0.06336	0.72490	0.01667	0.00778	0.00222	0.00333	0.01389	0.00611	0.00556
52	0.01243	0.01170	0.01975	0.75282	0.04534	0.01463	0.01828	0.01682	0.01316	0.01682	0.01170	0.01755	0.00878	0.00658	0.00658	0.00219	0.00878	0.00585	0.00293	0.00731
53	0.00928	0.00673	0.00874	0.00824	0.00981	0.00619	0.00618	0.01234	0.01854	0.02616	0.70605	0.04956	0.08031	0.01355	0.00777	0.00207	0.00311	0.01196	0.00722	0.00619
54	0.00825	0.00670	0.00707	0.00717	0.00905	0.00583	0.00531	0.00984	0.01441	0.01748	0.07348	0.06125	0.56940	0.11276	0.01116	0.00281	0.00392	0.06283	0.00586	0.00541
55	0.01174	0.02252	0.42782	0.01479	0.02077	0.01161	0.01678	0.03897	0.01400	0.02025	0.02091	0.27771	0.02112	0.01141	0.00696	0.00227	0.00732	0.00981	0.03516	0.00810
56	0.00806	0.00668	0.00706	0.00697	0.00907	0.00568	0.00523	0.01000	0.01568	0.01938	0.18814	0.06074	0.60245	0.01608	0.00778	0.00219	0.00329	0.01353	0.00632	0.00568
57	0.02727	0.15549	0.01892	0.01163	0.01682	0.01278	0.00998	0.02974	0.01781	0.59632	0.02278	0.02016	0.01481	0.00767	0.00617	0.00192	0.00587	0.00603	0.00714	0.01068
58	0.01365	0.01170	0.01365	0.00975	0.01560	0.00878	0.00780	0.01658	0.01365	0.02145	0.01170	0.01365	0.00975	0.00488	0.00488	0.00098	0.00488	0.00390	0.00390	0.80888
59	0.81514	0.01273	0.00968	0.00866	0.01273	0.01477	0.00713	0.01935	0.01120	0.02954	0.00917	0.01069	0.00713	0.00611	0.00407	0.00204	0.00509	0.00356	0.00407	0.00713
60	0.01496	0.01578	0.01231	0.01214	0.01422	0.26809	0.00906	0.04813	0.01637	0.01840	0.04896	0.27267	0.12644	0.01411	0.00741	0.00225	0.00698	0.07997	0.00519	0.00656
61	0.00932	0.00673	0.00880	0.00828	0.00984	0.00621	0.00621	0.01242	0.01863	0.02640	0.72410	0.04918	0.06212	0.01346	0.00776	0.00207	0.00311	0.01191	0.00725	0.00621
62	0.01362	0.03356	0.69470	0.01894	0.02839	0.03785	0.04120	0.02102	0.01409	0.02071	0.01180	0.01393	0.00839	0.00625	0.00628	0.00208	0.00983	0.00492	0.00281	0.00964
63	0.01637	0.01414	0.01489	0.01340	0.01712	0.01637	0.01042	0.03498	0.71568	0.02754	0.02679	0.02456	0.02010	0.00893	0.00670	0.00223	0.00521	0.00744	0.00670	0.01042
64	0.01320	0.03405	0.73453	0.01876	0.02849	0.01529	0.02432	0.02085	0.01390	0.02085	0.01181	0.01390	0.00834	0.00625	0.00625	0.00208	0.00973	0.00486	0.00278	0.00973
65	0.00957	0.00638	0.00718	0.00718	0.00718	0.00638	0.00399	0.00957	0.00957	0.01276	0.02074	0.04308	0.02393	0.76864	0.03351	0.00638	0.00638	0.00957	0.00399	0.00399
66	0.02348	0.01723	0.01850	0.01435	0.01909	0.01901	0.01166	0.63595	0.02881	0.03861	0.01630	0.01854	0.01247	0.08405	0.00928	0.00242	0.00716	0.00629	0.00633	0.01047
67	0.00958	0.00720	0.00912	0.00986	0.01115	0.00711	0.00740	0.01322	0.08457	0.01998	0.14370	0.36806	0.09934	0.01819	0.02509	0.00275	0.00457	0.14668	0.00628	0.00616
68	0.00923	0.00673	0.00868	0.00819	0.00978	0.00617	0.00614	0.01225	0.01843	0.02591	0.68649	0.04999	0.10004	0.01364	0.00777	0.00208	0.00312	0.01202	0.00718	0.00617
69	0.01243	0.01170	0.01975	0.75282	0.04534	0.01463	0.01828	0.01682	0.01316	0.01682	0.01170	0.01755	0.00878	0.00658	0.00658	0.00219	0.00878	0.00585	0.00293	0.00731
70	0.00954	0.00699	0.01000	0.01014	0.01114	0.00785	0.00772	0.01155	0.01083	0.01526	0.01975	0.03325	0.01970	0.16995	0.55367	0.00917	0.01464	0.06945	0.00384	0.00557
71	0.01485	0.01417	0.02411	0.30679	0.47247	0.01526	0.01949	0.01894	0.01431	0.01975	0.01213	0.01676	0.00981	0.00613	0.00654	0.00204	0.00818	0.00586	0.00313	0.00926
72	0.81514	0.01273	0.00968	0.00866	0.01273	0.01477	0.00713	0.01935	0.01120	0.02954	0.00917	0.01069	0.00713	0.00611	0.00407	0.00204	0.00509	0.00356	0.00407	0.00713
73	0.01885	0.63988	0.03166	0.01228	0.01752	0.15429	0.01153	0.02089	0.01432	0.01560	0.00934	0.01080	0.00845	0.00584	0.00453	0.00146	0.00791	0.00365	0.00292	0.00830
74	0.01875	0.02197	0.27416	0.01852	0.09630	0.03532	0.03802	0.11222	0.12643	0.14743	0.01716	0.01758	0.01222	0.00713	0.00646	0.00204	0.00778	0.00586	0.00491	0.02975
75	0.01664	0.28610	0.32282	0.01601	0.04665	0.06507	0.01701	0.06171	0.04024	0.03595	0.02761	0.01416	0.01041	0.00645	0.00562	0.00182	0.00832	0.00474	0.00343	0.00924
76	0.01684	0.01525	0.02387	0.26807	0.27665	0.04918	0.09339	0.07784	0.03160	0.06346	0.01357	0.01717	0.01037	0.00648	0.00667	0.00206	0.00845	0.00608	0.00381	0.00921
77	0.02954	0.01120	0.01528	0.01171	0.01681	0.00968	0.00968	0.03208	0.01884	0.73213	0.02597	0.02241	0.01630	0.00815	0.00662	0.00204	0.00560	0.00662	0.00815	0.01120
78	0.01860	0.09280	0.02589	0.03117	0.46973	0.07810	0.03344	0.11016	0.01733	0.04238	0.01271	0.01549	0.01032	0.00624	0.00628	0.00189	0.00802	0.00557	0.00379	0.01008
79	0.05951	0.04325	0.02370	0.02871	0.39725	0.12531	0.03150	0.16698	0.01870	0.02515	0.01254	0.01509	0.01006	0.00643	0.00628	0.00191	0.00821	0.00549	0.00401	0.00991
80	0.00916	0.00672	0.00859	0.00812	0.00974	0.00615	0.00609	0.01213	0.01827	0.02554	0.65829	0.05060	0.12846	0.01378	0.00777	0.00209	0.00313	0.01210	0.00713	0.00615
81	0.00942	0.00699	0.01024	0.01024	0.01130	0.00804	0.00780	0.01154	0.01048	0.01503	0.01794	0.02759	0.01721	0.12137	0.67157	0.01016	0.01651	0.00731	0.00357	0.00569
82	0.01494	0.04601	0.35587	0.04854	0.18054	0.04218	0.14203	0.02144	0.04704	0.02089	0.01276	0.01555	0.00965	0.00618	0.00654	0.00206	0.00932	0.00569	0.00319	0.00957
83	0.44719	0.12942	0.01520	0.01078	0.01469	0.17050	0.00884	0.02019	0.01386	0.02427	0.08094	0.01478	0.01312	0.00692	0.00486	0.00187	0.00663	0.00454	0.00406	0.00734
84	0.01642	0.01211	0.01298	0.01162	0.01476	0.03822	0.00888	0.02715	0.38653	0.12772	0.08987	0.05719	0.07551	0.07974	0.00935	0.00257	0.00524	0.00867	0.00653	0.00894
85	0.01560	0.02044	0.22708	0.01671	0.06654	0.03905	0.01523	0.06771	0.25337	0.02418	0.04023	0.01890	0.01458	0.00775	0.00748	0.00205	0.06267	0.00605	0.00467	0.08973
86	0.01579	0.01163	0.01387	0.01002	0.01576	0.00890	0.00805	0.01867	0.01435	0.11722	0.01362	0.01483	0.01063	0.00532	0.00511	0.00112	0.00497	0.00427	0.00447	0.70139
87	0.00802	0.00573	0.00764	0.00917	0.00955	0.00535	0.00611	0.00917	0.01260	0.01681	0.03628	0.76434	0.04354	0.02062	0.00840	0.00267	0.00382	0.01872	0.00611	0.00535
88	0.01175	0.08167	0.10440	0.01232	0.01501	0.01194	0.01117	0.03915	0.01322	0.01846	0.07813	0.07006	0.02165	0.04335	0.28318	0.00550	0.08573	0.08225	0.00416	0.00690
89	0.09885	0.01143	0.01449	0.01110	0.01623	0.00999	0.00913	0.02831	0.01727	0.54822	0.02203	0.01986	0.01436	0.00741	0.00609	0.00186	0.00543	0.00588	0.00706	0.14499
90	0.01615	0.51360	0.25469	0.01421	0.02116	0.02233	0.04000	0.02012	0.01362	0.01737	0.01014	0.01187	0.00847	0.00582	0.00499	0.00165	0.00803	0.00409	0.00282	0.00887
91	0.01760	0.77260	0.03450	0.01126	0.01690	0.02605	0.01126	0.01971	0.01338	0.01549	0.00915	0.01056	0.00845	0.00563	0.00422	0.00141	0.00704	0.00352	0.00282	0.00845
92	0.00853	0.00670	0.00771	0.00745	0.00935	0.00588	0.00559	0.01090	0.01677	0.02198	0.38649	0.05646	0.40249	0.01511	0.00777	0.00215	0.00322	0.01293	0.00666	0.00588
93	0.05981	0.01152	0.01522	0.01172	0.01678	0.01026	0.00968	0.05591	0.01898	0.67998	0.02495	0.02172	0.01576	0.00806	0.00652	0.00203	0.00564	0.00648	0.00793	0.01105
94	0.01728	0.71863	0.08565	0.01181	0.01774	0.02526	0.01222	0.01980	0.01341	0.01588	0.00935	0.01080	0.00844	0.00568	0.00437	0.00146	0.00724	0.00362	0.00281	0.00854
95	0.01059	0.00782	0.00949	0.01002	0.01117	0.00793	0.00701	0.08127	0.07866	0.01999	0.03234	0.57388	0.03686	0.06780	0.00973	0.00281	0.00446	0.01580	0.00607	0.00631
96	0.00778	0.00667	0.00667	0.00667	0.00889	0.00556	0.00500	0.00945	0.01501	0.01778	0.06669	0.06336	0.72490	0.01667	0.00778	0.00222	0.00333	0.01389	0.00611	0.00556
97	0.00932	0.00673	0.00880	0.00828	0.00984	0.00621	0.00621	0.01242	0.01863	0.02640	0.72410	0.04918	0.06212	0.01346	0.00776	0.00207	0.00311	0.01191	0.00725	0.00621
98	0.00942	0.00698	0.01021	0.01021	0.01126	0.00803	0.00777	0.01152	0.01047	0.01501	0.01797	0.02773	0.01727	0.12753	0.66551	0.01012	0.01641	0.00733	0.00358	0.00567
99	0.02591	0.01414	0.01634	0.01300	0.01781	0.04146	0.01057	0.18360	0.14985	0.41986	0.02323	0.02092	0.01555	0.00818	0.00660	0.00205	0.00614	0.00652	0.00735	0.01092
100	0.01637	0.01414	0.01489	0.01340	0.01712	0.01637	0.01042	0.03498	0.71568	0.02754	0.02679	0.02456	0.02010	0.00893	0.00670	0.00223	0.00521	0.00744	0.00670	0.01042
101	0.02503	0.01844	0.01976	0.01515	0.02042	0.02042	0.01251	0.70562	0.03095	0.04149	0.01581	0.01581	0.01120	0.00790	0.00659	0.00198	0.00724	0.00593	0.00659	0.01120
102	0.01243	0.01170	0.01975	0.75282	0.04534	0.01463	0.01828	0.01682	0.01316	0.01682	0.01170	0.01755	0.00878	0.00658	0.00658	0.00219	0.00878	0.00585	0.00293	0.00731
