[name]
unknown

[dist]
# distance from previous block
# <min> <max>
0	18

[block]
# block no. 0 follows, 34 sequences, length 52
# corresponding to MSA columns:
# 18-69
name=unknown_A
#
# <colnr> <probs for GDERKNQSTAVLIFYWHMCP>
#	G	D	E	R	K	N	Q	S	T	A	V	L	I	F	Y	W	H	M	C	P
0	0.06949	0.15136	0.27256	0.01590	0.02237	0.04138	0.09597	0.04498	0.07708	0.09596	0.01489	0.01751	0.01142	0.00692	0.00602	0.00197	0.00799	0.03308	0.00404	0.00911
1	0.01497	0.06504	0.04940	0.05159	0.14261	0.04602	0.30501	0.01902	0.01495	0.04600	0.03989	0.08839	0.01661	0.00826	0.00714	0.00215	0.00852	0.06216	0.00395	0.00832
2	0.00906	0.00777	0.03727	0.00774	0.01007	0.00614	0.00621	0.01126	0.01552	0.04762	0.21519	0.09879	0.47392	0.01512	0.00756	0.00216	0.00359	0.01283	0.00621	0.00598
3	0.01663	0.11144	0.29065	0.01972	0.13824	0.01534	0.06885	0.05711	0.03116	0.11221	0.01497	0.04285	0.01157	0.00689	0.00615	0.00195	0.00786	0.00585	0.03109	0.00945
4	0.01388	0.05881	0.28892	0.07778	0.12617	0.01544	0.19930	0.01921	0.01409	0.01990	0.03718	0.04172	0.01191	0.00684	0.00725	0.00209	0.04108	0.00639	0.00321	0.00882
5	0.01122	0.00561	0.00842	0.00842	0.00842	0.00561	0.00561	0.00842	0.00842	0.01122	0.01122	0.01964	0.01122	0.02245	0.02525	0.81201	0.00561	0.00561	0.00281	0.00281
6	0.01570	0.01517	0.02647	0.03752	0.64831	0.01509	0.07232	0.01962	0.01476	0.02100	0.01316	0.01853	0.01135	0.00625	0.00660	0.00198	0.00785	0.03505	0.00332	0.00994
7	0.01783	0.07100	0.12773	0.21364	0.08810	0.01412	0.05558	0.04809	0.01547	0.20510	0.01782	0.01940	0.04603	0.00727	0.00670	0.00203	0.02445	0.00613	0.00451	0.00901
8	0.01647	0.05534	0.13992	0.01409	0.01885	0.04607	0.01273	0.10137	0.43294	0.02586	0.02153	0.05247	0.01680	0.00846	0.00641	0.00210	0.00638	0.00688	0.00556	0.00977
9	0.01534	0.01458	0.02477	0.10995	0.62873	0.01487	0.01918	0.01918	0.01454	0.02056	0.01317	0.01890	0.01139	0.00642	0.00653	0.00199	0.00769	0.03920	0.00330	0.00972
10	0.01342	0.01155	0.01374	0.01463	0.10651	0.01247	0.00989	0.02432	0.38637	0.02424	0.14185	0.03316	0.14149	0.01125	0.02412	0.00232	0.00510	0.00883	0.00606	0.00869
11	0.00785	0.00653	0.00686	0.00683	0.00887	0.00554	0.00510	0.00966	0.01514	0.01857	0.15440	0.08095	0.61938	0.01605	0.00765	0.00217	0.00326	0.01351	0.00615	0.00554
12	0.81856	0.01250	0.00950	0.00850	0.01250	0.01449	0.00700	0.01899	0.01100	0.02899	0.00900	0.01050	0.00700	0.00600	0.00400	0.00200	0.00500	0.00350	0.00400	0.00700
13	0.00764	0.00655	0.00655	0.00655	0.00873	0.00545	0.00491	0.00927	0.01473	0.01745	0.06546	0.06218	0.73000	0.01636	0.00764	0.00218	0.00327	0.01364	0.00600	0.00545
14	0.00764	0.00655	0.00655	0.00655	0.00873	0.00545	0.00491	0.00927	0.01473	0.01745	0.06546	0.06218	0.73000	0.01636	0.00764	0.00218	0.00327	0.01364	0.00600	0.00545
15	0.81856	0.01250	0.00950	0.00850	0.01250	0.01449	0.00700	0.01899	0.01100	0.02899	0.00900	0.01050	0.00700	0.00600	0.00400	0.00200	0.00500	0.00350	0.00400	0.00700
16	0.00823	0.00588	0.00791	0.00941	0.00994	0.00556	0.00663	0.00962	0.01273	0.01690	0.03541	0.66981	0.04195	0.01990	0.00834	0.00267	0.00406	0.11370	0.00599	0.00535
17	0.81856	0.01250	0.00950	0.00850	0.01250	0.01449	0.00700	0.01899	0.01100	0.02899	0.00900	0.01050	0.00700	0.00600	0.00400	0.00200	0.00500	0.00350	0.00400	0.00700
18	0.01821	0.71555	0.03235	0.01109	0.01658	0.02428	0.01093	0.02032	0.01356	0.07295	0.01030	0.01129	0.00891	0.00573	0.00433	0.00143	0.00680	0.00370	0.00318	0.00851
19	0.01041	0.00744	0.01041	0.01190	0.01339	0.00744	0.01041	0.01339	0.01487	0.01934	0.03421	0.07288	0.03719	0.01785	0.00892	0.00297	0.00595	0.68913	0.00595	0.00595
20	0.81856	0.01250	0.00950	0.00850	0.01250	0.01449	0.00700	0.01899	0.01100	0.02899	0.00900	0.01050	0.00700	0.00600	0.00400	0.00200	0.00500	0.00350	0.00400	0.00700
21	0.00950	0.00819	0.01413	0.01294	0.01465	0.00772	0.15590	0.01159	0.01291	0.01733	0.03010	0.58000	0.03469	0.01818	0.03658	0.00283	0.00579	0.01564	0.00532	0.00601
22	0.00826	0.00590	0.00794	0.00944	0.00998	0.00558	0.00667	0.00966	0.01275	0.01693	0.03540	0.66295	0.04189	0.01988	0.00835	0.00268	0.00408	0.12032	0.00599	0.00535
23	0.00923	0.00692	0.01038	0.01038	0.01154	0.00808	0.00808	0.01154	0.01038	0.01500	0.01731	0.02538	0.01615	0.04846	0.74732	0.01038	0.01731	0.00692	0.00346	0.00577
24	0.02899	0.01100	0.01499	0.01150	0.01649	0.00950	0.00950	0.03149	0.01849	0.73709	0.02549	0.02199	0.01599	0.00800	0.00650	0.00200	0.00550	0.00650	0.00800	0.01100
25	0.01601	0.02263	0.23090	0.18400	0.02752	0.16466	0.03750	0.04228	0.15230	0.02043	0.01477	0.01761	0.01134	0.00712	0.00635	0.00204	0.00880	0.02125	0.00382	0.00866
26	0.01537	0.01568	0.07206	0.15924	0.46844	0.03711	0.01833	0.01931	0.01458	0.04569	0.01511	0.01951	0.03883	0.00676	0.00649	0.00200	0.00779	0.02492	0.00347	0.00929
27	0.00933	0.00624	0.00707	0.00713	0.00715	0.00622	0.00400	0.00938	0.00952	0.01270	0.02101	0.07327	0.02431	0.74082	0.03184	0.00611	0.00616	0.00978	0.00400	0.00397
28	0.02475	0.01652	0.01826	0.01414	0.01917	0.01786	0.01163	0.54034	0.07800	0.16472	0.01808	0.01730	0.01252	0.00787	0.00648	0.00197	0.00668	0.00605	0.00675	0.01093
29	0.01664	0.11901	0.29462	0.02072	0.10912	0.05442	0.13964	0.04941	0.01518	0.07767	0.01268	0.01483	0.00948	0.00630	0.00670	0.00197	0.03341	0.00540	0.00349	0.00931
30	0.02627	0.01377	0.01602	0.01282	0.01705	0.08929	0.01045	0.05247	0.03900	0.53468	0.02163	0.01986	0.01428	0.00824	0.00808	0.00206	0.09089	0.00616	0.00683	0.01016
31	0.81856	0.01250	0.00950	0.00850	0.01250	0.01449	0.00700	0.01899	0.01100	0.02899	0.00900	0.01050	0.00700	0.00600	0.00400	0.00200	0.00500	0.00350	0.00400	0.00700
32	0.01122	0.00561	0.00842	0.00842	0.00842	0.00561	0.00561	0.00842	0.00842	0.01122	0.01122	0.01964	0.01122	0.02245	0.02525	0.81201	0.00561	0.00561	0.00281	0.00281
33	0.01702	0.01746	0.02497	0.07097	0.47921	0.11856	0.07318	0.03618	0.03957	0.02056	0.01234	0.01577	0.01014	0.00621	0.00686	0.00195	0.03046	0.00573	0.00338	0.00949
34	0.00914	0.00660	0.00864	0.00813	0.00965	0.00610	0.00610	0.01219	0.01829	0.02591	0.72921	0.04827	0.06097	0.01321	0.00762	0.00203	0.00305	0.01169	0.00711	0.00610
35	0.00871	0.00651	0.00809	0.00785	0.00943	0.00589	0.00583	0.01130	0.01704	0.02331	0.52909	0.10893	0.20529	0.01446	0.00767	0.00211	0.00315	0.01265	0.00678	0.00589
36	0.03977	0.00757	0.00824	0.00741	0.00976	0.00744	0.00578	0.04491	0.01500	0.15198	0.02129	0.02298	0.01596	0.00757	0.00493	0.00163	0.00367	0.00602	0.61097	0.00713
37	0.01204	0.00602	0.00602	0.00602	0.00753	0.00602	0.00452	0.01506	0.01355	0.02409	0.02108	0.02409	0.01656	0.00753	0.00452	0.00151	0.00301	0.00602	0.80879	0.00602
38	0.01727	0.77681	0.03386	0.01106	0.01658	0.02557	0.01106	0.01935	0.01313	0.01520	0.00898	0.01036	0.00829	0.00553	0.00415	0.00138	0.00691	0.00345	0.00276	0.00829
39	0.01319	0.01273	0.02226	0.55768	0.17723	0.01471	0.07543	0.01750	0.01346	0.01775	0.01175	0.01700	0.00903	0.00624	0.00654	0.00211	0.00862	0.00590	0.00297	0.00790
40	0.01428	0.05755	0.54051	0.01634	0.02478	0.01443	0.01980	0.05006	0.01448	0.04703	0.01215	0.01386	0.00881	0.00604	0.00588	0.00184	0.00845	0.00468	0.00325	0.13578
41	0.01357	0.08546	0.56400	0.01870	0.08385	0.01509	0.02103	0.01987	0.01387	0.03662	0.01520	0.01688	0.05454	0.00676	0.00611	0.00199	0.00870	0.00536	0.00310	0.00928
42	0.01180	0.01093	0.01365	0.17617	0.03949	0.08769	0.03133	0.01406	0.01262	0.01598	0.02073	0.15043	0.04209	0.13554	0.14125	0.00432	0.03160	0.05018	0.00400	0.00614
43	0.00926	0.00679	0.00970	0.00970	0.01061	0.00770	0.00722	0.01110	0.01018	0.01449	0.01794	0.02886	0.01766	0.19769	0.60016	0.00954	0.01503	0.00743	0.00355	0.00539
44	0.03250	0.19209	0.40898	0.01553	0.02291	0.01649	0.04097	0.02125	0.04848	0.07701	0.01370	0.04109	0.01069	0.00673	0.00580	0.00190	0.00806	0.00528	0.00353	0.02701
45	0.01446	0.08295	0.41199	0.06730	0.05044	0.01564	0.03478	0.09668	0.05268	0.02220	0.01654	0.01915	0.05384	0.00735	0.00628	0.00203	0.00826	0.02461	0.00367	0.00914
46	0.00878	0.00694	0.00815	0.00943	0.01002	0.04164	0.00645	0.01005	0.01292	0.01684	0.05591	0.68883	0.04146	0.01929	0.00813	0.00257	0.00418	0.03713	0.00590	0.00540
47	0.01548	0.01355	0.02105	0.05855	0.38915	0.01402	0.03998	0.07117	0.08407	0.04422	0.07317	0.09073	0.01835	0.00840	0.00715	0.00207	0.02755	0.00766	0.00447	0.00924
48	0.01758	0.07625	0.29639	0.01705	0.09678	0.03961	0.01602	0.02271	0.04293	0.19298	0.05988	0.04356	0.01516	0.00750	0.00624	0.00196	0.00737	0.00613	0.00463	0.02927
49	0.01517	0.01520	0.05056	0.07562	0.43992	0.04022	0.06550	0.04028	0.03810	0.02125	0.03583	0.07683	0.01456	0.00741	0.00658	0.00200	0.00747	0.00702	0.03131	0.00918
50	0.01195	0.00974	0.01360	0.01314	0.04244	0.01192	0.01000	0.05982	0.01196	0.01764	0.01510	0.02191	0.01388	0.05201	0.41706	0.00688	0.20103	0.00649	0.05684	0.00659
51	0.04064	0.01244	0.01837	0.04689	0.10880	0.01188	0.08164	0.09688	0.01797	0.37512	0.02316	0.06887	0.05024	0.00851	0.00670	0.00206	0.00638	0.00745	0.00623	0.00979

[dist]
# distance from previous block
# <min> <max>
0	2

[block]
# block no. 1 follows, 34 sequences, length 97
# corresponding to MSA columns:
# 72-168
name=unknown_B
#
# <colnr> <probs for GDERKNQSTAVLIFYWHMCP>
#	G	D	E	R	K	N	Q	S	T	A	V	L	I	F	Y	W	H	M	C	P
0	0.20082	0.26143	0.04493	0.01225	0.01682	0.09767	0.01085	0.14578	0.01639	0.06319	0.01152	0.01315	0.00928	0.02429	0.00646	0.00190	0.04632	0.00443	0.00409	0.00843
1	0.02035	0.01870	0.18801	0.01553	0.04652	0.03806	0.04998	0.20826	0.01941	0.20128	0.01741	0.03886	0.01266	0.00801	0.00695	0.02779	0.00724	0.00614	0.05921	0.00963
2	0.04190	0.06590	0.02353	0.13623	0.41934	0.01611	0.01683	0.11368	0.01646	0.04808	0.01265	0.01570	0.01005	0.00617	0.00615	0.00190	0.00744	0.00551	0.00378	0.03259
3	0.00928	0.00628	0.00739	0.00749	0.00762	0.00637	0.00444	0.00957	0.00968	0.01302	0.02108	0.08867	0.02408	0.65591	0.09765	0.00641	0.00712	0.00976	0.00401	0.00418
4	0.01535	0.04674	0.29733	0.05732	0.07556	0.04061	0.06834	0.05989	0.22724	0.02300	0.01622	0.01735	0.01209	0.00695	0.00636	0.00206	0.00799	0.00586	0.00418	0.00958
5	0.00852	0.00641	0.00781	0.00779	0.00926	0.00578	0.00568	0.01076	0.01602	0.02155	0.40568	0.17129	0.24355	0.04020	0.00856	0.00231	0.00333	0.01326	0.00651	0.00571
6	0.00867	0.00621	0.00811	0.00841	0.00941	0.00578	0.00594	0.01081	0.01554	0.02157	0.42425	0.32607	0.05196	0.05580	0.00919	0.00248	0.00349	0.01415	0.00651	0.00565
7	0.01405	0.01371	0.08557	0.04129	0.23060	0.01167	0.10569	0.01798	0.03475	0.07805	0.05007	0.21536	0.02132	0.01011	0.00702	0.00214	0.00671	0.00950	0.00457	0.03983
8	0.02348	0.10173	0.01979	0.01611	0.01965	0.67839	0.01235	0.02519	0.01782	0.01576	0.00989	0.01153	0.00832	0.00655	0.00567	0.00164	0.01120	0.00409	0.00328	0.00757
9	0.81856	0.01250	0.00950	0.00850	0.01250	0.01449	0.00700	0.01899	0.01100	0.02899	0.00900	0.01050	0.00700	0.00600	0.00400	0.00200	0.00500	0.00350	0.00400	0.00700
10	0.01398	0.01364	0.01872	0.01620	0.01659	0.01869	0.01340	0.01692	0.07173	0.01651	0.01061	0.01575	0.00997	0.01354	0.06787	0.00327	0.64628	0.00588	0.00319	0.00726
11	0.00901	0.00694	0.00982	0.05800	0.01259	0.00760	0.00775	0.01062	0.01154	0.01581	0.02647	0.42881	0.03000	0.06674	0.21314	0.00493	0.05675	0.01311	0.00478	0.00556
12	0.00914	0.00660	0.00864	0.00813	0.00965	0.00610	0.00610	0.01219	0.01829	0.02591	0.72921	0.04827	0.06097	0.01321	0.00762	0.00203	0.00305	0.01169	0.00711	0.00610
13	0.02479	0.01773	0.01916	0.01469	0.01985	0.01948	0.01213	0.67541	0.02976	0.07727	0.01604	0.01585	0.01125	0.00777	0.00647	0.00194	0.00703	0.00585	0.00654	0.01099
14	0.01220	0.01148	0.01938	0.75739	0.04450	0.01436	0.01794	0.01651	0.01292	0.01651	0.01148	0.01723	0.00861	0.00646	0.00646	0.00215	0.00861	0.00574	0.00287	0.00718
15	0.01103	0.01000	0.05962	0.02931	0.06436	0.00833	0.04278	0.03021	0.01607	0.04582	0.25304	0.07880	0.22228	0.01251	0.00728	0.00212	0.00474	0.04626	0.04861	0.00682
16	0.02374	0.01730	0.01851	0.01428	0.01921	0.01911	0.01177	0.66512	0.02927	0.03962	0.01588	0.01608	0.01136	0.00774	0.00634	0.00191	0.00684	0.00583	0.05944	0.01066
17	0.01727	0.77681	0.03386	0.01106	0.01658	0.02557	0.01106	0.01935	0.01313	0.01520	0.00898	0.01036	0.00829	0.00553	0.00415	0.00138	0.00691	0.00345	0.00276	0.00829
18	0.00925	0.00683	0.00990	0.00990	0.01089	0.00781	0.00747	0.01123	0.01024	0.01464	0.01775	0.02784	0.01722	0.15375	0.64349	0.00979	0.01570	0.00728	0.00353	0.00550
19	0.00826	0.00682	0.00729	0.00722	0.00926	0.00600	0.00539	0.01081	0.04500	0.01924	0.17482	0.09530	0.55049	0.01571	0.00762	0.00218	0.00334	0.01329	0.00621	0.00575
20	0.00778	0.00659	0.00675	0.00683	0.00897	0.00556	0.00520	0.00949	0.01474	0.01755	0.06382	0.06274	0.69364	0.01644	0.00770	0.00222	0.00341	0.04909	0.00600	0.00548
21	0.00923	0.00692	0.01038	0.01038	0.01154	0.00808	0.00808	0.01154	0.01038	0.01500	0.01731	0.02538	0.01615	0.04846	0.74732	0.01038	0.01731	0.00692	0.00346	0.00577
22	0.02456	0.01810	0.01939	0.01487	0.02004	0.02004	0.01228	0.71107	0.03038	0.04072	0.01551	0.01551	0.01099	0.00776	0.00646	0.00194	0.00711	0.00582	0.00646	0.01099
23	0.00914	0.00660	0.00864	0.00813	0.00965	0.00610	0.00610	0.01219	0.01829	0.02591	0.72921	0.04827	0.06097	0.01321	0.00762	0.00203	0.00305	0.01169	0.00711	0.00610
24	0.01296	0.03342	0.73944	0.01842	0.02797	0.01501	0.02387	0.02046	0.01364	0.02046	0.01160	0.01364	0.00818	0.00614	0.00614	0.00205	0.00955	0.00477	0.00273	0.00955
25	0.02758	0.01131	0.01495	0.01168	0.01653	0.01022	0.00958	0.03180	0.09524	0.65951	0.02558	0.02222	0.01640	0.00808	0.00651	0.00202	0.00546	0.00659	0.00784	0.01091
26	0.01978	0.02361	0.38384	0.01637	0.04423	0.01409	0.01753	0.13030	0.01775	0.24453	0.01650	0.01657	0.01109	0.00695	0.00631	0.00201	0.00787	0.00550	0.00494	0.01024
27	0.02163	0.02619	0.01656	0.01504	0.01815	0.58799	0.01127	0.06246	0.01815	0.01728	0.01641	0.04016	0.07428	0.03826	0.00716	0.00194	0.01020	0.00573	0.00385	0.00730
28	0.00770	0.00646	0.00670	0.00683	0.00882	0.00545	0.00505	0.00933	0.01460	0.01759	0.08086	0.13087	0.64434	0.01666	0.00770	0.00222	0.00331	0.01405	0.00603	0.00545
29	0.15604	0.36550	0.11861	0.01321	0.03991	0.05398	0.01246	0.10668	0.01548	0.04988	0.01093	0.01215	0.00875	0.00612	0.00491	0.00170	0.00714	0.00415	0.00368	0.00870
30	0.01735	0.01614	0.05274	0.03464	0.59282	0.03940	0.01850	0.02158	0.03679	0.08714	0.01372	0.01656	0.01091	0.00610	0.00638	0.00193	0.00760	0.00578	0.00373	0.01019
31	0.00764	0.00652	0.00658	0.00662	0.00875	0.00545	0.00494	0.00926	0.01465	0.01742	0.06450	0.08470	0.70809	0.01649	0.00766	0.00220	0.00329	0.01379	0.00600	0.00545
32	0.00983	0.00677	0.00875	0.00816	0.00986	0.00619	0.00616	0.01276	0.01807	0.05319	0.66003	0.04811	0.10121	0.01320	0.00758	0.00204	0.00316	0.01160	0.00708	0.00625
33	0.07617	0.01538	0.03568	0.01937	0.18569	0.01548	0.01315	0.28146	0.04449	0.22214	0.01724	0.01728	0.01212	0.00723	0.00629	0.00197	0.00666	0.00586	0.00586	0.01049
34	0.01049	0.01134	0.11506	0.07491	0.03898	0.00868	0.03562	0.01348	0.01357	0.03454	0.02962	0.34525	0.06516	0.01513	0.00780	0.00251	0.00585	0.16029	0.00513	0.00659
35	0.00923	0.00692	0.01038	0.01038	0.01154	0.00808	0.00808	0.01154	0.01038	0.01500	0.01731	0.02538	0.01615	0.04846	0.74732	0.01038	0.01731	0.00692	0.00346	0.00577
36	0.68085	0.01308	0.01097	0.00942	0.01361	0.01488	0.00776	0.10187	0.01371	0.06933	0.01068	0.01172	0.00797	0.00632	0.00443	0.00199	0.00528	0.00394	0.00451	0.00769
37	0.05791	0.01185	0.01361	0.00991	0.01549	0.00958	0.00798	0.05384	0.01448	0.06793	0.01245	0.01390	0.00992	0.00521	0.00494	0.00113	0.00496	0.00408	0.00424	0.67657
38	0.02471	0.01786	0.01924	0.01475	0.01992	0.01968	0.01219	0.68824	0.02998	0.06412	0.01585	0.01573	0.01116	0.00776	0.00646	0.00194	0.00706	0.00584	0.00652	0.01099
39	0.01924	0.01545	0.01639	0.01379	0.01801	0.01755	0.01099	0.28664	0.46349	0.03213	0.02228	0.02090	0.01647	0.00839	0.00653	0.00210	0.00586	0.00675	0.00653	0.01051
40	0.01587	0.01522	0.02600	0.06334	0.70992	0.01532	0.01977	0.01972	0.01465	0.02096	0.01213	0.01603	0.01018	0.00578	0.00640	0.00193	0.00771	0.00576	0.00319	0.01013
41	0.00898	0.00681	0.00940	0.00909	0.01058	0.00628	0.03389	0.01152	0.01626	0.02240	0.44709	0.23040	0.11032	0.01509	0.00782	0.00223	0.00365	0.03572	0.00655	0.00593
42	0.58401	0.03461	0.04261	0.01097	0.03041	0.13557	0.00888	0.01983	0.01239	0.02529	0.00979	0.01220	0.00802	0.03639	0.00559	0.00210	0.00645	0.00394	0.00378	0.00717
43	0.05983	0.01297	0.01569	0.01231	0.01715	0.01280	0.01009	0.18196	0.10163	0.47114	0.02268	0.02031	0.01493	0.00795	0.00639	0.00201	0.00579	0.00631	0.00732	0.01074
44	0.00777	0.00655	0.00673	0.00669	0.00881	0.00551	0.00502	0.00953	0.01505	0.01821	0.12477	0.06094	0.67021	0.01608	0.00764	0.00217	0.00325	0.01346	0.00610	0.00551
45	0.00906	0.00660	0.00852	0.00804	0.00960	0.00606	0.00603	0.01203	0.01810	0.02545	0.69307	0.04902	0.09739	0.01338	0.00762	0.00204	0.00306	0.01179	0.00705	0.00606
46	0.81856	0.01250	0.00950	0.00850	0.01250	0.01449	0.00700	0.01899	0.01100	0.02899	0.00900	0.01050	0.00700	0.00600	0.00400	0.00200	0.00500	0.00350	0.00400	0.00700
47	0.81856	0.01250	0.00950	0.00850	0.01250	0.01449	0.00700	0.01899	0.01100	0.02899	0.00900	0.01050	0.00700	0.00600	0.00400	0.00200	0.00500	0.00350	0.00400	0.00700
48	0.01525	0.01743	0.03813	0.02723	0.03377	0.01634	0.70915	0.02070	0.01525	0.02070	0.01307	0.01743	0.00980	0.00545	0.00763	0.00218	0.01089	0.00763	0.00327	0.00871
49	0.01607	0.01388	0.01461	0.01315	0.01680	0.01607	0.01023	0.03433	0.72094	0.02703	0.02630	0.02411	0.01972	0.00877	0.00657	0.00219	0.00511	0.00731	0.00657	0.01023
50	0.02456	0.01810	0.01939	0.01487	0.02004	0.02004	0.01228	0.71107	0.03038	0.04072	0.01551	0.01551	0.01099	0.00776	0.00646	0.00194	0.00711	0.00582	0.00646	0.01099
51	0.01204	0.00602	0.00602	0.00602	0.00753	0.00602	0.00452	0.01506	0.01355	0.02409	0.02108	0.02409	0.01656	0.00753	0.00452	0.00151	0.00301	0.00602	0.80879	0.00602
52	0.01599	0.01535	0.02623	0.03966	0.73262	0.01535	0.01983	0.01983	0.01471	0.02111	0.01215	0.01599	0.01023	0.00576	0.00640	0.00192	0.00768	0.00576	0.00320	0.01023
53	0.01903	0.03840	0.01712	0.10082	0.02073	0.16855	0.01175	0.25918	0.12266	0.02613	0.01766	0.10308	0.01522	0.01061	0.03774	0.00236	0.00798	0.00710	0.00512	0.00875
54	0.06845	0.04262	0.05228	0.01039	0.01597	0.01038	0.00892	0.03702	0.01413	0.09471	0.01294	0.01440	0.01017	0.00671	0.02776	0.00152	0.00565	0.00426	0.00423	0.55747
55	0.01296	0.03342	0.73944	0.01842	0.02797	0.01501	0.02387	0.02046	0.01364	0.02046	0.01160	0.01364	0.00818	0.00614	0.00614	0.00205	0.00955	0.00477	0.00273	0.00955
56	0.00774	0.00652	0.00671	0.00673	0.00881	0.00549	0.00502	0.00945	0.01487	0.01797	0.10717	0.08608	0.66278	0.01630	0.00766	0.00219	0.00328	0.01368	0.00607	0.00549
57	0.01894	0.01691	0.08826	0.06173	0.31546	0.05705	0.06208	0.06739	0.03972	0.16394	0.01593	0.01864	0.01206	0.00686	0.00652	0.00200	0.00774	0.02441	0.00450	0.00985
58	0.02899	0.01100	0.01499	0.01150	0.01649	0.00950	0.00950	0.03149	0.01849	0.73709	0.02549	0.02199	0.01599	0.00800	0.00650	0.00200	0.00550	0.00650	0.00800	0.01100
59	0.00930	0.00622	0.00708	0.00717	0.00719	0.00620	0.00405	0.00937	0.00958	0.01278	0.02132	0.08784	0.02470	0.72572	0.03134	0.00604	0.00611	0.00996	0.00405	0.00400
60	0.01296	0.03342	0.73944	0.01842	0.02797	0.01501	0.02387	0.02046	0.01364	0.02046	0.01160	0.01364	0.00818	0.00614	0.00614	0.00205	0.00955	0.00477	0.00273	0.00955
61	0.01604	0.01739	0.10542	0.07382	0.44204	0.01533	0.14648	0.03752	0.01513	0.04948	0.01283	0.01629	0.01009	0.00592	0.00660	0.00200	0.00843	0.00602	0.00341	0.00976
62	0.01140	0.01016	0.01515	0.01354	0.01443	0.01280	0.04687	0.01334	0.01045	0.01540	0.01447	0.04521	0.01418	0.07716	0.36098	0.00655	0.30132	0.00699	0.00332	0.00629
63	0.00793	0.00566	0.00755	0.00896	0.00938	0.00528	0.00600	0.00913	0.01262	0.01689	0.06487	0.73832	0.04350	0.01995	0.00822	0.00260	0.00372	0.01809	0.00604	0.00528
64	0.01340	0.01148	0.01340	0.00957	0.01531	0.00861	0.00766	0.01627	0.01340	0.02105	0.01148	0.01340	0.00957	0.00479	0.00479	0.00096	0.00479	0.00383	0.00383	0.81242
65	0.01838	0.08066	0.07117	0.04210	0.13770	0.01520	0.03144	0.20130	0.04022	0.09219	0.01520	0.04534	0.01204	0.00699	0.00602	0.00176	0.00672	0.00580	0.00476	0.16502
66	0.01727	0.77681	0.03386	0.01106	0.01658	0.02557	0.01106	0.01935	0.01313	0.01520	0.00898	0.01036	0.00829	0.00553	0.00415	0.00138	0.00691	0.00345	0.00276	0.00829
67	0.01162	0.00794	0.00918	0.00859	0.01066	0.00790	0.00652	0.03306	0.12064	0.05082	0.32635	0.07747	0.11924	0.01182	0.00680	0.00199	0.00360	0.01014	0.16878	0.00687
68	0.01574	0.48192	0.23545	0.04650	0.06716	0.02140	0.01559	0.01958	0.01337	0.01715	0.01004	0.01196	0.00840	0.00576	0.00496	0.00164	0.00779	0.00408	0.00279	0.00873
69	0.00764	0.00655	0.00655	0.00655	0.00873	0.00545	0.00491	0.00927	0.01473	0.01745	0.06546	0.06218	0.73000	0.01636	0.00764	0.00218	0.00327	0.01364	0.00600	0.00545
70	0.00820	0.00657	0.00733	0.00714	0.00907	0.00569	0.00535	0.01036	0.01606	0.02061	0.31312	0.05699	0.48036	0.01519	0.00763	0.00213	0.00319	0.01291	0.00642	0.00569
71	0.01929	0.01548	0.01642	0.01380	0.01803	0.01757	0.01100	0.29056	0.45949	0.03221	0.02221	0.02085	0.01642	0.00838	0.00653	0.00210	0.00587	0.00674	0.00653	0.01052
72	0.00901	0.00657	0.00846	0.00805	0.00958	0.00603	0.00602	0.01190	0.01787	0.02506	0.66355	0.07214	0.10428	0.01364	0.00764	0.00206	0.00309	0.01203	0.00700	0.00603
73	0.01414	0.01414	0.01979	0.01696	0.01696	0.01979	0.01414	0.01555	0.00990	0.01555	0.00848	0.01414	0.00848	0.01131	0.02120	0.00283	0.76110	0.00565	0.00283	0.00707
74	0.02456	0.01810	0.01939	0.01487	0.02004	0.02004	0.01228	0.71107	0.03038	0.04072	0.01551	0.01551	0.01099	0.00776	0.00646	0.00194	0.00711	0.00582	0.00646	0.01099
75	0.00787	0.00562	0.00750	0.00900	0.00937	0.00525	0.00600	0.00900	0.01237	0.01649	0.03561	0.76871	0.04274	0.02024	0.00825	0.00262	0.00375	0.01837	0.00600	0.00525
76	0.01414	0.01414	0.01979	0.01696	0.01696	0.01979	0.01414	0.01555	0.00990	0.01555	0.00848	0.01414	0.00848	0.01131	0.02120	0.00283	0.76110	0.00565	0.00283	0.00707
77	0.81856	0.01250	0.00950	0.00850	0.01250	0.01449	0.00700	0.01899	0.01100	0.02899	0.00900	0.01050	0.00700	0.00600	0.00400	0.00200	0.00500	0.00350	0.00400	0.00700
78	0.01340	0.01148	0.01340	0.00957	0.01531	0.00861	0.00766	0.01627	0.01340	0.02105	0.01148	0.01340	0.00957	0.00479	0.00479	0.00096	0.00479	0.00383	0.00383	0.81242
79	0.04508	0.01501	0.02379	0.19551	0.52651	0.04400	0.01865	0.01930	0.01432	0.02018	0.01180	0.01589	0.00968	0.00596	0.00630	0.00196	0.00794	0.00561	0.00316	0.00933
80	0.00903	0.00662	0.00848	0.00808	0.00967	0.00607	0.00610	0.01194	0.01784	0.02489	0.64398	0.05034	0.12604	0.01365	0.00766	0.00207	0.00315	0.03136	0.00697	0.00603
81	0.02298	0.16226	0.02129	0.01533	0.01938	0.48888	0.01219	0.14606	0.01952	0.02012	0.01079	0.01211	0.00879	0.00665	0.00564	0.00166	0.01000	0.00433	0.00378	0.00825
82	0.01698	0.01410	0.01519	0.01266	0.01705	0.01512	0.01002	0.15035	0.44135	0.02813	0.02110	0.02020	0.01592	0.00770	0.00616	0.00187	0.00539	0.00627	0.00595	0.18849
83	0.01308	0.03265	0.71081	0.01821	0.02752	0.01505	0.02333	0.02101	0.04158	0.02072	0.01218	0.01406	0.00864	0.00624	0.00616	0.00205	0.00937	0.00487	0.00288	0.00958
84	0.81856	0.01250	0.00950	0.00850	0.01250	0.01449	0.00700	0.01899	0.01100	0.02899	0.00900	0.01050	0.00700	0.00600	0.00400	0.00200	0.00500	0.00350	0.00400	0.00700
85	0.01525	0.01743	0.03813	0.02723	0.03377	0.01634	0.70915	0.02070	0.01525	0.02070	0.01307	0.01743	0.00980	0.00545	0.00763	0.00218	0.01089	0.00763	0.00327	0.00871
86	0.01340	0.01148	0.01340	0.00957	0.01531	0.00861	0.00766	0.01627	0.01340	0.02105	0.01148	0.01340	0.00957	0.00479	0.00479	0.00096	0.00479	0.00383	0.00383	0.81242
87	0.00787	0.00562	0.00750	0.00900	0.00937	0.00525	0.00600	0.00900	0.01237	0.01649	0.03561	0.76871	0.04274	0.02024	0.00825	0.00262	0.00375	0.01837	0.00600	0.00525
88	0.00914	0.00660	0.00864	0.00813	0.00965	0.00610	0.00610	0.01219	0.01829	0.02591	0.72921	0.04827	0.06097	0.01321	0.00762	0.00203	0.00305	0.01169	0.00711	0.00610
89	0.00788	0.00624	0.00711	0.00771	0.00918	0.00548	0.00557	0.00941	0.01395	0.01738	0.06870	0.32306	0.43143	0.01778	0.00792	0.00238	0.00356	0.04383	0.00602	0.00541
90	0.00764	0.00655	0.00655	0.00655	0.00873	0.00545	0.00491	0.00927	0.01473	0.01745	0.06546	0.06218	0.73000	0.01636	0.00764	0.00218	0.00327	0.01364	0.00600	0.00545
91	0.01924	0.25007	0.06033	0.07507	0.16363	0.25308	0.01434	0.02200	0.01540	0.05483	0.01112	0.01319	0.00911	0.00617	0.00553	0.00170	0.00877	0.00454	0.00331	0.00854
92	0.01396	0.01375	0.01920	0.01651	0.01658	0.01914	0.01373	0.01544	0.01000	0.01576	0.00903	0.01467	0.00888	0.01211	0.03844	0.00298	0.72289	0.00570	0.02421	0.00701
93	0.01235	0.01164	0.01965	0.72933	0.07141	0.01439	0.01802	0.01664	0.01299	0.01669	0.01151	0.01718	0.00868	0.00643	0.00646	0.00214	0.00858	0.00574	0.00288	0.00730
94	0.01814	0.01272	0.01342	0.01121	0.01470	0.01399	0.00896	0.31221	0.16596	0.03170	0.01981	0.02048	0.01486	0.00788	0.00576	0.00183	0.00517	0.00620	0.30602	0.00898
95	0.01869	0.01632	0.02219	0.03935	0.12304	0.06362	0.13397	0.22540	0.08172	0.05608	0.01511	0.01778	0.01178	0.02717	0.04933	0.00263	0.07552	0.00630	0.00468	0.00930
96	0.01574	0.12022	0.02155	0.24281	0.12455	0.06247	0.03088	0.10766	0.03795	0.02025	0.01266	0.01652	0.01032	0.01157	0.09220	0.00294	0.05232	0.00556	0.00359	0.00823

[dist]
# distance from previous block
# <min> <max>
0	1

[block]
# block no. 2 follows, 34 sequences, length 60
# corresponding to MSA columns:
# 170-229
name=unknown_C
#
# <colnr> <probs for GDERKNQSTAVLIFYWHMCP>
#	G	D	E	R	K	N	Q	S	T	A	V	L	I	F	Y	W	H	M	C	P
0	0.07731	0.13462	0.11513	0.01756	0.13386	0.01476	0.08089	0.04802	0.01436	0.02139	0.01301	0.01513	0.03133	0.00587	0.00550	0.00160	0.00686	0.00494	0.00356	0.25429
1	0.01593	0.21770	0.34204	0.01669	0.06045	0.05323	0.03343	0.06683	0.01499	0.04792	0.01268	0.03704	0.01023	0.00821	0.03416	0.00218	0.00871	0.00517	0.00339	0.00902
2	0.02378	0.01897	0.04745	0.01513	0.02025	0.04277	0.01280	0.64114	0.02872	0.03837	0.01497	0.01528	0.01072	0.00777	0.00688	0.00196	0.03053	0.00572	0.00611	0.01070
3	0.00939	0.00655	0.00783	0.00817	0.00867	0.00650	0.00525	0.03395	0.01150	0.01527	0.02735	0.26591	0.06371	0.42560	0.05305	0.00488	0.00584	0.03101	0.00478	0.00478
4	0.01496	0.15600	0.16900	0.03925	0.04127	0.01531	0.09586	0.07518	0.04275	0.02126	0.01356	0.05771	0.01150	0.00665	0.00579	0.00169	0.00721	0.00566	0.00374	0.21565
5	0.00915	0.00616	0.00712	0.00736	0.00742	0.00610	0.00425	0.00933	0.00987	0.01317	0.02281	0.15892	0.02658	0.65207	0.02893	0.00568	0.00586	0.01084	0.00425	0.00413
6	0.00976	0.00677	0.00867	0.00810	0.00982	0.00616	0.00611	0.01265	0.01793	0.05278	0.63377	0.04867	0.12774	0.01333	0.00758	0.00205	0.00317	0.01168	0.00703	0.00622
7	0.01505	0.12268	0.44090	0.05039	0.05682	0.09919	0.06659	0.02061	0.01412	0.01902	0.01112	0.01353	0.00844	0.00622	0.00640	0.00195	0.03031	0.00484	0.00287	0.00896
8	0.02552	0.01507	0.01733	0.01345	0.01843	0.01573	0.01106	0.39805	0.08390	0.30208	0.02018	0.01868	0.01361	0.00793	0.00649	0.00198	0.00633	0.00620	0.00705	0.01093
9	0.00839	0.00621	0.00783	0.00819	0.00938	0.00565	0.00585	0.01044	0.01536	0.02077	0.34320	0.33115	0.17080	0.01650	0.00787	0.00229	0.00336	0.01463	0.00648	0.00565
10	0.00967	0.00692	0.00950	0.01057	0.01186	0.00675	0.00869	0.01231	0.01511	0.02017	0.17885	0.19846	0.04317	0.01733	0.00853	0.00271	0.00493	0.42241	0.00620	0.00585
11	0.02505	0.01732	0.01891	0.01450	0.01965	0.01888	0.01198	0.63649	0.02908	0.11714	0.01661	0.01622	0.01154	0.00778	0.00647	0.00195	0.00693	0.00589	0.00663	0.01099
12	0.01366	0.00758	0.00775	0.00716	0.00914	0.00783	0.00552	0.10486	0.01572	0.02624	0.02036	0.02298	0.01584	0.00756	0.00477	0.00156	0.00354	0.00600	0.70527	0.00666
13	0.00787	0.00562	0.00750	0.00900	0.00937	0.00525	0.00600	0.00900	0.01237	0.01649	0.03561	0.76871	0.04274	0.02024	0.00825	0.00262	0.00375	0.01837	0.00600	0.00525
14	0.01603	0.01570	0.02532	0.09757	0.64542	0.04682	0.01936	0.01981	0.01472	0.02050	0.01201	0.01591	0.01002	0.00585	0.00638	0.00193	0.00792	0.00569	0.00318	0.00987
15	0.02381	0.01753	0.01886	0.01454	0.01953	0.01935	0.01198	0.67678	0.02979	0.03999	0.05054	0.01712	0.01344	0.00802	0.00652	0.00194	0.00691	0.00611	0.00650	0.01075
16	0.01564	0.01516	0.02637	0.09783	0.63457	0.01533	0.06068	0.01961	0.01460	0.02071	0.01215	0.01618	0.01008	0.00580	0.00647	0.00195	0.00794	0.00587	0.00318	0.00989
17	0.01271	0.01247	0.01950	0.05316	0.04918	0.01488	0.12823	0.01491	0.01185	0.01663	0.01996	0.02586	0.12430	0.10189	0.01684	0.00296	0.35657	0.00770	0.00355	0.00685
18	0.00916	0.00659	0.00856	0.00808	0.00953	0.00610	0.00599	0.01206	0.01785	0.02525	0.69442	0.04797	0.05913	0.05049	0.00886	0.00224	0.00321	0.01157	0.00696	0.00599
19	0.01047	0.04216	0.04310	0.01095	0.01272	0.04532	0.00896	0.01288	0.01100	0.01520	0.01645	0.02415	0.01534	0.06802	0.62225	0.00907	0.01586	0.00663	0.00341	0.00606
20	0.00785	0.00570	0.00742	0.00880	0.00932	0.00527	0.00591	0.00902	0.01256	0.01657	0.03806	0.71072	0.09914	0.01992	0.00820	0.00259	0.00371	0.01798	0.00600	0.00527
21	0.01841	0.05800	0.01697	0.01349	0.01766	0.01767	0.01082	0.21457	0.49628	0.03003	0.02244	0.02103	0.01674	0.00831	0.00641	0.00208	0.00575	0.00669	0.00633	0.01032
22	0.04315	0.00821	0.01163	0.01081	0.01249	0.00922	0.03521	0.04265	0.01185	0.03798	0.01723	0.02464	0.01562	0.08324	0.51619	0.00800	0.03262	0.00681	0.06623	0.00624
23	0.01345	0.09007	0.64169	0.01874	0.04740	0.01588	0.04488	0.02037	0.01368	0.02008	0.01146	0.01358	0.00830	0.00606	0.00604	0.00200	0.00933	0.00479	0.00276	0.00944
24	0.01306	0.03274	0.70972	0.01879	0.02821	0.01506	0.05292	0.02047	0.01371	0.02047	0.01166	0.01380	0.00825	0.00611	0.00620	0.00205	0.00961	0.00490	0.00275	0.00951
25	0.01414	0.01414	0.01979	0.01696	0.01696	0.01979	0.01414	0.01555	0.00990	0.01555	0.00848	0.01414	0.00848	0.01131	0.02120	0.00283	0.76110	0.00565	0.00283	0.00707
26	0.01727	0.77681	0.03386	0.01106	0.01658	0.02557	0.01106	0.01935	0.01313	0.01520	0.00898	0.01036	0.00829	0.00553	0.00415	0.00138	0.00691	0.00345	0.00276	0.00829
27	0.01451	0.01400	0.02412	0.30812	0.38519	0.01509	0.07528	0.01927	0.04430	0.01959	0.01258	0.01692	0.00999	0.00613	0.00653	0.00204	0.00818	0.00597	0.00323	0.00896
28	0.00764	0.00655	0.00655	0.00655	0.00873	0.00545	0.00491	0.00927	0.01473	0.01745	0.06546	0.06218	0.73000	0.01636	0.00764	0.00218	0.00327	0.01364	0.00600	0.00545
29	0.01607	0.01388	0.01461	0.01315	0.01680	0.01607	0.01023	0.03433	0.72094	0.02703	0.02630	0.02411	0.01972	0.00877	0.00657	0.00219	0.00511	0.00731	0.00657	0.01023
30	0.02899	0.01100	0.01499	0.01150	0.01649	0.00950	0.00950	0.03149	0.01849	0.73709	0.02549	0.02199	0.01599	0.00800	0.00650	0.00200	0.00550	0.00650	0.00800	0.01100
31	0.01727	0.77681	0.03386	0.01106	0.01658	0.02557	0.01106	0.01935	0.01313	0.01520	0.00898	0.01036	0.00829	0.00553	0.00415	0.00138	0.00691	0.00345	0.00276	0.00829
32	0.01607	0.01388	0.01461	0.01315	0.01680	0.01607	0.01023	0.03433	0.72094	0.02703	0.02630	0.02411	0.01972	0.00877	0.00657	0.00219	0.00511	0.00731	0.00657	0.01023
33	0.01525	0.01743	0.03813	0.02723	0.03377	0.01634	0.70915	0.02070	0.01525	0.02070	0.01307	0.01743	0.00980	0.00545	0.00763	0.00218	0.01089	0.00763	0.00327	0.00871
34	0.02899	0.01100	0.01499	0.01150	0.01649	0.00950	0.00950	0.03149	0.01849	0.73709	0.02549	0.02199	0.01599	0.00800	0.00650	0.00200	0.00550	0.00650	0.00800	0.01100
35	0.00914	0.00664	0.00863	0.00823	0.00978	0.00613	0.00624	0.01213	0.01800	0.02529	0.67290	0.04988	0.08649	0.01353	0.00768	0.00208	0.00318	0.04097	0.00702	0.00606
36	0.01607	0.01388	0.01461	0.01315	0.01680	0.01607	0.01023	0.03433	0.72094	0.02703	0.02630	0.02411	0.01972	0.00877	0.00657	0.00219	0.00511	0.00731	0.00657	0.01023
37	0.01414	0.01414	0.01979	0.01696	0.01696	0.01979	0.01414	0.01555	0.00990	0.01555	0.00848	0.01414	0.00848	0.01131	0.02120	0.00283	0.76110	0.00565	0.00283	0.00707
38	0.02899	0.01100	0.01499	0.01150	0.01649	0.00950	0.00950	0.03149	0.01849	0.73709	0.02549	0.02199	0.01599	0.00800	0.00650	0.00200	0.00550	0.00650	0.00800	0.01100
39	0.02899	0.01100	0.01499	0.01150	0.01649	0.00950	0.00950	0.03149	0.01849	0.73709	0.02549	0.02199	0.01599	0.00800	0.00650	0.00200	0.00550	0.00650	0.00800	0.01100
40	0.00940	0.00626	0.00705	0.00705	0.00705	0.00626	0.00392	0.00940	0.00940	0.01253	0.02036	0.04228	0.02349	0.77292	0.03289	0.00626	0.00626	0.00940	0.00392	0.00392
41	0.00787	0.00562	0.00750	0.00900	0.00937	0.00525	0.00600	0.00900	0.01237	0.01649	0.03561	0.76871	0.04274	0.02024	0.00825	0.00262	0.00375	0.01837	0.00600	0.00525
42	0.02456	0.01810	0.01939	0.01487	0.02004	0.02004	0.01228	0.71107	0.03038	0.04072	0.01551	0.01551	0.01099	0.00776	0.00646	0.00194	0.00711	0.00582	0.00646	0.01099
43	0.01041	0.00744	0.01041	0.01190	0.01339	0.00744	0.01041	0.01339	0.01487	0.01934	0.03421	0.07288	0.03719	0.01785	0.00892	0.00297	0.00595	0.68913	0.00595	0.00595
44	0.81856	0.01250	0.00950	0.00850	0.01250	0.01449	0.00700	0.01899	0.01100	0.02899	0.00900	0.01050	0.00700	0.00600	0.00400	0.00200	0.00500	0.00350	0.00400	0.00700
45	0.01844	0.01119	0.01348	0.03201	0.01541	0.01141	0.00912	0.22548	0.04337	0.19171	0.14234	0.18461	0.02772	0.01140	0.00700	0.00212	0.00520	0.00970	0.02964	0.00867
46	0.02823	0.01117	0.01497	0.01159	0.01651	0.00988	0.00954	0.03166	0.05992	0.69522	0.02554	0.02212	0.01621	0.00804	0.00650	0.00201	0.00548	0.00655	0.00791	0.01095
47	0.01122	0.00561	0.00842	0.00842	0.00842	0.00561	0.00561	0.00842	0.00842	0.01122	0.01122	0.01964	0.01122	0.02245	0.02525	0.81201	0.00561	0.00561	0.00281	0.00281
48	0.02144	0.03169	0.01394	0.01109	0.01469	0.00983	0.00898	0.05325	0.01592	0.42922	0.02181	0.02331	0.01593	0.05332	0.23965	0.00479	0.00934	0.00664	0.00619	0.00898
49	0.01564	0.01592	0.04836	0.05722	0.62718	0.03327	0.03575	0.01951	0.01473	0.02067	0.01418	0.01769	0.03833	0.00622	0.00645	0.00194	0.00777	0.00604	0.00329	0.00983
50	0.01086	0.00887	0.01214	0.12676	0.08532	0.00906	0.00979	0.06631	0.01521	0.01984	0.07438	0.24903	0.19724	0.01422	0.00754	0.00232	0.00518	0.07394	0.00534	0.00663
51	0.04674	0.01592	0.05477	0.12614	0.42825	0.01541	0.17851	0.01960	0.01442	0.02071	0.01214	0.01618	0.00972	0.00580	0.00658	0.00202	0.00851	0.00606	0.00319	0.00934
52	0.00872	0.00673	0.00806	0.00805	0.00967	0.00623	0.00593	0.01159	0.04588	0.02116	0.33493	0.17868	0.27429	0.01645	0.03188	0.00247	0.00380	0.01317	0.00641	0.00590
53	0.00923	0.00692	0.01038	0.01038	0.01154	0.00808	0.00808	0.01154	0.01038	0.01500	0.01731	0.02538	0.01615	0.04846	0.74732	0.01038	0.01731	0.00692	0.00346	0.00577
54	0.01340	0.01148	0.01340	0.00957	0.01531	0.00861	0.00766	0.01627	0.01340	0.02105	0.01148	0.01340	0.00957	0.00479	0.00479	0.00096	0.00479	0.00383	0.00383	0.81242
55	0.01122	0.00561	0.00842	0.00842	0.00842	0.00561	0.00561	0.00842	0.00842	0.01122	0.01122	0.01964	0.01122	0.02245	0.02525	0.81201	0.00561	0.00561	0.00281	0.00281
56	0.01672	0.10681	0.04638	0.01416	0.04059	0.03685	0.03092	0.07446	0.43256	0.04677	0.02336	0.04066	0.04456	0.00851	0.00634	0.00205	0.00597	0.00701	0.00567	0.00961
57	0.01186	0.00746	0.00955	0.00965	0.01136	0.00712	0.00730	0.01433	0.04154	0.12358	0.09478	0.33913	0.15574	0.01619	0.00826	0.00244	0.02809	0.09878	0.00630	0.00653
58	0.68758	0.03838	0.02979	0.01059	0.04099	0.03602	0.00848	0.01913	0.01144	0.02713	0.00919	0.01096	0.00729	0.00620	0.00488	0.00200	0.03516	0.00372	0.00383	0.00724
59	0.01404	0.16414	0.01530	0.00984	0.01311	0.01173	0.00809	0.01838	0.10261	0.10492	0.22271	0.09807	0.09864	0.01092	0.00654	0.00193	0.00464	0.02339	0.00580	0.06519

[dist]
# distance from previous block
# <min> <max>
0	2

[block]
# block no. 3 follows, 34 sequences, length 57
# corresponding to MSA columns:
# 232-288
name=unknown_D
#
# <colnr> <probs for GDERKNQSTAVLIFYWHMCP>
#	G	D	E	R	K	N	Q	S	T	A	V	L	I	F	Y	W	H	M	C	P
0	0.12520	0.12139	0.06110	0.01503	0.04016	0.42620	0.01203	0.04848	0.01650	0.01927	0.01071	0.01242	0.00875	0.00646	0.00536	0.00170	0.00929	0.00423	0.04793	0.00778
1	0.01535	0.01483	0.02570	0.15471	0.58781	0.01524	0.05299	0.01934	0.01445	0.02035	0.01209	0.01626	0.00995	0.00586	0.00647	0.00197	0.00798	0.00585	0.00315	0.00967
2	0.01126	0.00563	0.00830	0.00830	0.00837	0.00563	0.00556	0.00874	0.00867	0.01185	0.01170	0.01986	0.01148	0.02172	0.02425	0.77266	0.00549	0.00563	0.04193	0.00296
3	0.01191	0.01067	0.01212	0.01142	0.01280	0.10276	0.02594	0.01397	0.01190	0.01614	0.03497	0.04611	0.01695	0.09934	0.40484	0.00687	0.07878	0.00708	0.06942	0.00602
4	0.81856	0.01250	0.00950	0.00850	0.01250	0.01449	0.00700	0.01899	0.01100	0.02899	0.00900	0.01050	0.00700	0.00600	0.00400	0.00200	0.00500	0.00350	0.00400	0.00700
5	0.71215	0.01325	0.01082	0.00935	0.01351	0.01524	0.00771	0.11174	0.01359	0.03056	0.00987	0.01117	0.00753	0.00623	0.00433	0.00199	0.00528	0.00381	0.00433	0.00753
6	0.00817	0.00583	0.00733	0.00840	0.00883	0.00548	0.00548	0.00910	0.01193	0.01574	0.03470	0.56231	0.09130	0.17777	0.01337	0.00335	0.00424	0.01613	0.00556	0.00498
7	0.01296	0.03342	0.73944	0.01842	0.02797	0.01501	0.02387	0.02046	0.01364	0.02046	0.01160	0.01364	0.00818	0.00614	0.00614	0.00205	0.00955	0.00477	0.00273	0.00955
8	0.02383	0.06405	0.01900	0.01640	0.01982	0.71482	0.01242	0.02551	0.01808	0.01579	0.00994	0.01159	0.00832	0.00661	0.00575	0.00165	0.01144	0.00413	0.00330	0.00753
9	0.01060	0.00694	0.00903	0.00832	0.01014	0.00633	0.00630	0.01354	0.01815	0.07994	0.64578	0.04688	0.08735	0.01295	0.00754	0.00204	0.00325	0.01138	0.00713	0.00644
10	0.01599	0.01535	0.02623	0.03966	0.73262	0.01535	0.01983	0.01983	0.01471	0.02111	0.01215	0.01599	0.01023	0.00576	0.00640	0.00192	0.00768	0.00576	0.00320	0.01023
11	0.00921	0.00673	0.00873	0.00860	0.01017	0.00626	0.00669	0.01212	0.01741	0.02407	0.55583	0.05353	0.11826	0.01425	0.00783	0.00220	0.00354	0.12172	0.00682	0.00601
12	0.02414	0.03079	0.01831	0.01665	0.01998	0.74698	0.01248	0.02580	0.01831	0.01581	0.00999	0.01165	0.00832	0.00666	0.00583	0.00166	0.01165	0.00416	0.00333	0.00749
13	0.00764	0.00655	0.00655	0.00655	0.00873	0.00545	0.00491	0.00927	0.01473	0.01745	0.06546	0.06218	0.73000	0.01636	0.00764	0.00218	0.00327	0.01364	0.00600	0.00545
14	0.02456	0.01810	0.01939	0.01487	0.02004	0.02004	0.01228	0.71107	0.03038	0.04072	0.01551	0.01551	0.01099	0.00776	0.00646	0.00194	0.00711	0.00582	0.00646	0.01099
15	0.00807	0.00577	0.00773	0.00922	0.00969	0.00542	0.00634	0.00934	0.01257	0.01672	0.03550	0.71405	0.04230	0.02005	0.00830	0.00265	0.00392	0.07106	0.00599	0.00530
16	0.01220	0.01148	0.01938	0.75739	0.04450	0.01436	0.01794	0.01651	0.01292	0.01651	0.01148	0.01723	0.00861	0.00646	0.00646	0.00215	0.00861	0.00574	0.00287	0.00718
17	0.00764	0.00655	0.00655	0.00655	0.00873	0.00545	0.00491	0.00927	0.01473	0.01745	0.06546	0.06218	0.73000	0.01636	0.00764	0.00218	0.00327	0.01364	0.00600	0.00545
18	0.00925	0.00683	0.00992	0.00992	0.01092	0.00783	0.00750	0.01124	0.01025	0.01466	0.01773	0.02772	0.01717	0.14871	0.64846	0.00981	0.01578	0.00727	0.00352	0.00551
19	0.02456	0.01810	0.01939	0.01487	0.02004	0.02004	0.01228	0.71107	0.03038	0.04072	0.01551	0.01551	0.01099	0.00776	0.00646	0.00194	0.00711	0.00582	0.00646	0.01099
20	0.02414	0.03079	0.01831	0.01665	0.01998	0.74698	0.01248	0.02580	0.01831	0.01581	0.00999	0.01165	0.00832	0.00666	0.00583	0.00166	0.01165	0.00416	0.00333	0.00749
21	0.01599	0.01535	0.02623	0.03966	0.73262	0.01535	0.01983	0.01983	0.01471	0.02111	0.01215	0.01599	0.01023	0.00576	0.00640	0.00192	0.00768	0.00576	0.00320	0.01023
22	0.01122	0.00561	0.00842	0.00842	0.00842	0.00561	0.00561	0.00842	0.00842	0.01122	0.01122	0.01964	0.01122	0.02245	0.02525	0.81201	0.00561	0.00561	0.00281	0.00281
23	0.01414	0.01414	0.01979	0.01696	0.01696	0.01979	0.01414	0.01555	0.00990	0.01555	0.00848	0.01414	0.00848	0.01131	0.02120	0.00283	0.76110	0.00565	0.00283	0.00707
24	0.00914	0.00660	0.00864	0.00813	0.00965	0.00610	0.00610	0.01219	0.01829	0.02591	0.72921	0.04827	0.06097	0.01321	0.00762	0.00203	0.00305	0.01169	0.00711	0.00610
25	0.00923	0.00692	0.01038	0.01038	0.01154	0.00808	0.00808	0.01154	0.01038	0.01500	0.01731	0.02538	0.01615	0.04846	0.74732	0.01038	0.01731	0.00692	0.00346	0.00577
26	0.02899	0.01100	0.01499	0.01150	0.01649	0.00950	0.00950	0.03149	0.01849	0.73709	0.02549	0.02199	0.01599	0.00800	0.00650	0.00200	0.00550	0.00650	0.00800	0.01100
27	0.81856	0.01250	0.00950	0.00850	0.01250	0.01449	0.00700	0.01899	0.01100	0.02899	0.00900	0.01050	0.00700	0.00600	0.00400	0.00200	0.00500	0.00350	0.00400	0.00700
28	0.00787	0.00562	0.00750	0.00900	0.00937	0.00525	0.00600	0.00900	0.01237	0.01649	0.03561	0.76871	0.04274	0.02024	0.00825	0.00262	0.00375	0.01837	0.00600	0.00525
29	0.02899	0.01100	0.01499	0.01150	0.01649	0.00950	0.00950	0.03149	0.01849	0.73709	0.02549	0.02199	0.01599	0.00800	0.00650	0.00200	0.00550	0.00650	0.00800	0.01100
