[name]
unknown

[dist]
# distance from previous block
# <min> <max>
5	6

[block]
# block no. 0 follows, 34 sequences, length 9
# corresponding to MSA columns:
# 6-14
name=unknown_A
#
# <colnr> <probs for GDERKNQSTAVLIFYWHMCP>
#	G	D	E	R	K	N	Q	S	T	A	V	L	I	F	Y	W	H	M	C	P
0	0.01151	0.01043	0.01127	0.01032	0.01198	0.08141	0.00797	0.01475	0.05027	0.02247	0.44246	0.04010	0.12316	0.01244	0.00939	0.00214	0.11539	0.01007	0.00596	0.00650
1	0.01219	0.10135	0.27689	0.08508	0.02158	0.01336	0.03873	0.01685	0.01495	0.02110	0.25741	0.02567	0.02642	0.00881	0.00739	0.00203	0.05083	0.00724	0.00427	0.00783
2	0.01751	0.50178	0.14683	0.01397	0.01987	0.13302	0.05046	0.02058	0.01411	0.01645	0.00978	0.01147	0.00836	0.00580	0.00491	0.00158	0.00827	0.00400	0.00287	0.00840
3	0.01516	0.19996	0.01996	0.14834	0.02066	0.05273	0.01167	0.06314	0.06947	0.04441	0.07141	0.02099	0.04920	0.01272	0.08937	0.00290	0.08984	0.00622	0.00411	0.00775
4	0.01234	0.00734	0.00951	0.00855	0.01072	0.00661	0.00656	0.01516	0.01799	0.14460	0.54873	0.04516	0.11615	0.01263	0.00743	0.00204	0.00348	0.01100	0.00716	0.00686
5	0.03445	0.01359	0.15894	0.03516	0.03288	0.01025	0.07137	0.01569	0.01301	0.02027	0.04193	0.05662	0.01715	0.06809	0.09187	0.00323	0.03790	0.03093	0.23972	0.00695
6	0.00872	0.00660	0.00885	0.00964	0.01007	0.00689	0.00675	0.00997	0.01217	0.01660	0.07144	0.56388	0.03775	0.07115	0.05411	0.00330	0.07569	0.01552	0.00548	0.00541
7	0.01082	0.03623	0.05829	0.00995	0.01200	0.05606	0.00793	0.03143	0.01497	0.03808	0.17017	0.37512	0.12351	0.01540	0.00752	0.00228	0.00470	0.01348	0.00578	0.00628
8	0.04798	0.02113	0.24166	0.06230	0.05205	0.09724	0.02974	0.11268	0.03741	0.02261	0.01513	0.10283	0.01325	0.00796	0.00621	0.00193	0.00775	0.00651	0.00403	0.10958

[dist]
# distance from previous block
# <min> <max>
2	15

[block]
# block no. 1 follows, 34 sequences, length 31
# corresponding to MSA columns:
# 30-60
name=unknown_B
#
# <colnr> <probs for GDERKNQSTAVLIFYWHMCP>
#	G	D	E	R	K	N	Q	S	T	A	V	L	I	F	Y	W	H	M	C	P
0	0.03083	0.06089	0.05419	0.03429	0.09647	0.07824	0.06961	0.05417	0.05758	0.07729	0.09772	0.05671	0.08177	0.00894	0.00733	0.00197	0.05011	0.00745	0.00474	0.06971
1	0.17974	0.01343	0.02941	0.01116	0.01599	0.01289	0.00927	0.12352	0.05297	0.07107	0.01305	0.01430	0.01010	0.00638	0.00625	0.00160	0.05798	0.00456	0.00458	0.36174
2	0.00971	0.00669	0.00822	0.00840	0.00968	0.00611	0.00579	0.01100	0.01261	0.05269	0.05598	0.35128	0.14676	0.17514	0.05058	0.00353	0.00502	0.01332	0.00542	0.06206
3	0.00832	0.00585	0.00755	0.00872	0.00907	0.00557	0.00577	0.00930	0.01186	0.01579	0.03229	0.57899	0.03835	0.18086	0.01354	0.00342	0.00440	0.04980	0.00555	0.00500
4	0.28755	0.01505	0.05240	0.04908	0.01827	0.01533	0.01074	0.23565	0.06103	0.17171	0.01556	0.01563	0.01091	0.00713	0.00564	0.00200	0.00617	0.00521	0.00558	0.00935
5	0.01261	0.01163	0.01946	0.64104	0.11789	0.01404	0.01747	0.01680	0.01315	0.01739	0.01204	0.01744	0.00919	0.00644	0.00636	0.00210	0.00823	0.00576	0.04353	0.00745
6	0.01023	0.00859	0.01308	0.10234	0.04470	0.00870	0.07515	0.01365	0.06249	0.01829	0.03106	0.40383	0.09176	0.01492	0.00764	0.00241	0.00531	0.04708	0.03235	0.00643
7	0.01285	0.00864	0.01068	0.00942	0.01174	0.00846	0.00728	0.09863	0.04941	0.08376	0.55834	0.04124	0.04968	0.01196	0.00735	0.00203	0.00382	0.01039	0.00708	0.00724
8	0.02414	0.03079	0.01831	0.01665	0.01998	0.74698	0.01248	0.02580	0.01831	0.01581	0.00999	0.01165	0.00832	0.00666	0.00583	0.00166	0.01165	0.00416	0.00333	0.00749
9	0.01146	0.00851	0.01174	0.01094	0.01237	0.00984	0.00854	0.04800	0.01172	0.04110	0.01667	0.02451	0.01544	0.10114	0.49415	0.00788	0.09753	0.00679	0.02613	0.03552
10	0.05543	0.02134	0.27474	0.02028	0.02727	0.01433	0.31528	0.02045	0.01446	0.07116	0.01432	0.05496	0.01124	0.00663	0.00674	0.00207	0.00907	0.00672	0.00362	0.04987
11	0.05528	0.01154	0.01320	0.00951	0.01517	0.00892	0.00762	0.01641	0.01327	0.02147	0.01135	0.01325	0.00944	0.00485	0.00474	0.00101	0.00480	0.00381	0.00384	0.77053
12	0.00942	0.00704	0.00923	0.00939	0.01054	0.00664	0.02808	0.04099	0.01327	0.01785	0.06721	0.48879	0.07001	0.13456	0.01173	0.00301	0.00451	0.01476	0.00555	0.04744
13	0.01830	0.01187	0.01328	0.01117	0.01443	0.01268	0.00877	0.23850	0.14591	0.11425	0.02151	0.02331	0.04302	0.05493	0.02961	0.07464	0.00580	0.00673	0.14279	0.00851
14	0.02255	0.02037	0.01886	0.01558	0.01912	0.22523	0.01254	0.32285	0.02181	0.07682	0.01316	0.01458	0.01005	0.00821	0.00940	0.00205	0.16737	0.00536	0.00491	0.00917
15	0.01495	0.01662	0.14686	0.01635	0.10311	0.01420	0.01318	0.09993	0.29202	0.02585	0.11622	0.02604	0.06865	0.00892	0.00667	0.00208	0.00605	0.00750	0.00549	0.00932
16	0.01948	0.05470	0.12721	0.01759	0.02256	0.16439	0.14437	0.09660	0.06605	0.11308	0.01429	0.01586	0.01066	0.00728	0.00813	0.00205	0.09666	0.00574	0.00430	0.00902
17	0.05384	0.00935	0.01080	0.00911	0.01272	0.00787	0.00696	0.03178	0.01396	0.04923	0.04427	0.21632	0.12170	0.01090	0.00623	0.00171	0.00436	0.00931	0.00502	0.37456
18	0.01599	0.01535	0.02623	0.03966	0.73262	0.01535	0.01983	0.01983	0.01471	0.02111	0.01215	0.01599	0.01023	0.00576	0.00640	0.00192	0.00768	0.00576	0.00320	0.01023
19	0.00852	0.00621	0.00776	0.00809	0.00912	0.00573	0.00564	0.01034	0.01468	0.01988	0.31154	0.30241	0.14187	0.10526	0.01081	0.00276	0.00370	0.01403	0.00619	0.00545
20	0.01555	0.01455	0.02395	0.12829	0.56218	0.01504	0.01839	0.04650	0.03905	0.02169	0.04294	0.01777	0.01252	0.00634	0.00647	0.00196	0.00749	0.00606	0.00356	0.00970
21	0.02146	0.01510	0.01671	0.01329	0.01790	0.01607	0.01075	0.41445	0.13053	0.11255	0.01940	0.07451	0.01514	0.00860	0.00646	0.00194	0.00615	0.00688	0.00637	0.08572
22	0.01015	0.00771	0.01078	0.01043	0.01144	0.00901	0.00793	0.03643	0.01089	0.01553	0.01716	0.02717	0.01670	0.16950	0.54698	0.00885	0.06680	0.00722	0.00360	0.00573
23	0.01527	0.01260	0.01440	0.01046	0.01611	0.01053	0.00843	0.13296	0.01625	0.02436	0.01216	0.01375	0.00981	0.00528	0.00507	0.00112	0.00518	0.00416	0.00427	0.67783
24	0.00786	0.00585	0.00727	0.00839	0.00917	0.00532	0.00570	0.00907	0.01283	0.01661	0.04200	0.59056	0.19809	0.03797	0.00872	0.00261	0.00370	0.01707	0.00595	0.00526
25	0.01874	0.20908	0.18030	0.05252	0.02184	0.17270	0.01453	0.16176	0.01786	0.02217	0.01140	0.01297	0.00893	0.00635	0.00557	0.00171	0.00847	0.00452	0.00371	0.06486
26	0.01502	0.07418	0.22327	0.02529	0.20286	0.05304	0.22976	0.01997	0.01453	0.01988	0.01319	0.05492	0.01103	0.00656	0.00661	0.00202	0.00911	0.00648	0.00322	0.00905
27	0.01034	0.00726	0.00871	0.00905	0.01063	0.00694	0.00650	0.01385	0.09914	0.06862	0.07612	0.42513	0.19956	0.01674	0.00775	0.00239	0.00389	0.01476	0.00626	0.00634
28	0.06062	0.01703	0.01912	0.01907	0.16557	0.07235	0.01292	0.35548	0.07162	0.04766	0.03248	0.01649	0.01230	0.00719	0.00620	0.00187	0.00703	0.00570	0.00531	0.06399
29	0.02136	0.19494	0.05848	0.01503	0.04896	0.17125	0.01242	0.19428	0.09913	0.10138	0.01481	0.01512	0.01116	0.00699	0.00579	0.00179	0.00776	0.00511	0.00481	0.00945
30	0.01484	0.04144	0.07918	0.01379	0.01893	0.01136	0.13839	0.01896	0.04606	0.10494	0.04861	0.04772	0.09251	0.00789	0.00664	0.00175	0.02558	0.00698	0.00462	0.26982

[dist]
# distance from previous block
# <min> <max>
0	7

[block]
# block no. 2 follows, 34 sequences, length 33
# corresponding to MSA columns:
# 68-100
name=unknown_C
#
# <colnr> <probs for GDERKNQSTAVLIFYWHMCP>
#	G	D	E	R	K	N	Q	S	T	A	V	L	I	F	Y	W	H	M	C	P
0	0.04784	0.01214	0.01874	0.61514	0.03933	0.01466	0.01650	0.08501	0.01483	0.05687	0.01250	0.01703	0.00916	0.00665	0.00636	0.00212	0.00815	0.00570	0.00353	0.00774
1	0.01046	0.06147	0.01085	0.00882	0.01109	0.00892	0.00684	0.01556	0.13296	0.02306	0.38465	0.06760	0.20754	0.01290	0.00723	0.00207	0.00373	0.01106	0.00642	0.00675
2	0.01517	0.01715	0.03705	0.05258	0.05977	0.01624	0.66030	0.02052	0.01515	0.02057	0.01298	0.01737	0.00978	0.00549	0.00754	0.00217	0.01070	0.00749	0.00325	0.00872
3	0.01296	0.03342	0.73944	0.01842	0.02797	0.01501	0.02387	0.02046	0.01364	0.02046	0.01160	0.01364	0.00818	0.00614	0.00614	0.00205	0.00955	0.00477	0.00273	0.00955
4	0.02746	0.01344	0.01651	0.01266	0.01772	0.01313	0.01046	0.26574	0.02259	0.49705	0.02205	0.01976	0.01427	0.00791	0.00649	0.00198	0.00605	0.00626	0.00747	0.01099
5	0.00787	0.00562	0.00750	0.00900	0.00937	0.00525	0.00600	0.00900	0.01237	0.01649	0.03561	0.76871	0.04274	0.02024	0.00825	0.00262	0.00375	0.01837	0.00600	0.00525
6	0.00897	0.00653	0.00844	0.00811	0.00958	0.00600	0.00603	0.01181	0.01768	0.02479	0.64466	0.09999	0.09542	0.01388	0.00767	0.00208	0.00311	0.01226	0.00697	0.00600
7	0.00888	0.00659	0.00827	0.00785	0.00949	0.00598	0.00589	0.01168	0.01767	0.02443	0.61323	0.05070	0.17787	0.01376	0.00762	0.00206	0.00309	0.01203	0.00692	0.00598
8	0.01325	0.01269	0.02141	0.36598	0.19570	0.01482	0.06480	0.01694	0.01283	0.01758	0.01193	0.01736	0.00981	0.01111	0.08309	0.00302	0.11083	0.00598	0.00303	0.00783
9	0.01727	0.77681	0.03386	0.01106	0.01658	0.02557	0.01106	0.01935	0.01313	0.01520	0.00898	0.01036	0.00829	0.00553	0.00415	0.00138	0.00691	0.00345	0.00276	0.00829
10	0.00787	0.00562	0.00750	0.00900	0.00937	0.00525	0.00600	0.00900	0.01237	0.01649	0.03561	0.76871	0.04274	0.02024	0.00825	0.00262	0.00375	0.01837	0.00600	0.00525
11	0.00787	0.00562	0.00750	0.00900	0.00937	0.00525	0.00600	0.00900	0.01237	0.01649	0.03561	0.76871	0.04274	0.02024	0.00825	0.00262	0.00375	0.01837	0.00600	0.00525
12	0.02058	0.07832	0.01783	0.01484	0.01776	0.48694	0.01141	0.05789	0.01706	0.01752	0.01338	0.09379	0.01256	0.00849	0.00710	0.00184	0.06650	0.00593	0.04288	0.00739
13	0.01110	0.00866	0.00958	0.00888	0.01081	0.05585	0.00671	0.01445	0.04359	0.05461	0.56494	0.04511	0.11552	0.01268	0.00742	0.00203	0.00382	0.01098	0.00678	0.00649
14	0.00808	0.00581	0.00771	0.00915	0.00969	0.00544	0.00633	0.00938	0.01267	0.01677	0.03664	0.68232	0.06869	0.01989	0.00828	0.00264	0.00392	0.07527	0.00599	0.00532
15	0.00977	0.00827	0.01279	0.04747	0.01489	0.00780	0.10320	0.01258	0.01546	0.02054	0.25023	0.15962	0.19414	0.01421	0.00784	0.00231	0.00493	0.10192	0.00581	0.00622
16	0.81856	0.01250	0.00950	0.00850	0.01250	0.01449	0.00700	0.01899	0.01100	0.02899	0.00900	0.01050	0.00700	0.00600	0.00400	0.00200	0.00500	0.00350	0.00400	0.00700
17	0.00829	0.00622	0.00858	0.00941	0.01022	0.00595	0.02452	0.00972	0.01243	0.01649	0.03539	0.56476	0.10316	0.04285	0.08994	0.00353	0.00550	0.03206	0.00559	0.00540
18	0.09585	0.12119	0.50067	0.01612	0.02414	0.01680	0.01933	0.09537	0.01513	0.02288	0.01144	0.01313	0.00838	0.00623	0.00571	0.00195	0.00850	0.00460	0.00327	0.00929
19	0.81856	0.01250	0.00950	0.00850	0.01250	0.01449	0.00700	0.01899	0.01100	0.02899	0.00900	0.01050	0.00700	0.00600	0.00400	0.00200	0.00500	0.00350	0.00400	0.00700
20	0.01471	0.01069	0.01191	0.01117	0.03918	0.04886	0.00826	0.04412	0.15826	0.12703	0.28019	0.03785	0.15863	0.01132	0.00707	0.00206	0.00462	0.00959	0.00657	0.00791
21	0.00923	0.00692	0.01038	0.01038	0.01154	0.00808	0.00808	0.01154	0.01038	0.01500	0.01731	0.02538	0.01615	0.04846	0.74732	0.01038	0.01731	0.00692	0.00346	0.00577
22	0.00764	0.00655	0.00655	0.00655	0.00873	0.00545	0.00491	0.00927	0.01473	0.01745	0.06546	0.06218	0.73000	0.01636	0.00764	0.00218	0.00327	0.01364	0.00600	0.00545
23	0.01220	0.01148	0.01938	0.75739	0.04450	0.01436	0.01794	0.01651	0.01292	0.01651	0.01148	0.01723	0.00861	0.00646	0.00646	0.00215	0.00861	0.00574	0.00287	0.00718
24	0.00926	0.00682	0.00987	0.00987	0.01085	0.00780	0.00744	0.01121	0.01023	0.01462	0.01778	0.02799	0.01728	0.16009	0.63723	0.00975	0.01561	0.00730	0.00353	0.00548
25	0.02216	0.02675	0.01696	0.01537	0.01844	0.59857	0.01145	0.05353	0.05541	0.01712	0.01219	0.01573	0.01065	0.08812	0.00876	0.00219	0.01054	0.00495	0.00370	0.00741
26	0.02336	0.02786	0.01922	0.01877	0.09172	0.59447	0.01320	0.09954	0.01926	0.01905	0.01080	0.01251	0.00880	0.00669	0.00595	0.00172	0.01076	0.00450	0.00366	0.00815
27	0.02052	0.17577	0.10051	0.06255	0.04756	0.01943	0.01373	0.38151	0.02240	0.05718	0.01378	0.01484	0.01025	0.00787	0.02237	0.00204	0.00761	0.00526	0.00494	0.00989
28	0.00925	0.00685	0.01003	0.01003	0.01107	0.00789	0.00764	0.01131	0.01028	0.01474	0.01763	0.02715	0.01692	0.12437	0.67246	0.00995	0.01615	0.00718	0.00351	0.00557
29	0.01760	0.37852	0.15689	0.07533	0.02240	0.09728	0.04251	0.10421	0.01593	0.01965	0.01073	0.01257	0.00869	0.00610	0.00529	0.00169	0.00821	0.00441	0.00330	0.00869
30	0.01341	0.01156	0.01379	0.05431	0.01710	0.00918	0.00835	0.01682	0.03442	0.02096	0.01193	0.01395	0.00982	0.00500	0.00494	0.00107	0.00502	0.00405	0.00385	0.74049
31	0.03591	0.07706	0.08522	0.04773	0.01783	0.03212	0.01212	0.09107	0.09958	0.03956	0.04138	0.02050	0.03866	0.01699	0.16148	0.00387	0.16046	0.00629	0.00422	0.00795
32	0.01912	0.07956	0.02034	0.01687	0.08908	0.08459	0.06534	0.32502	0.02207	0.02878	0.08006	0.06895	0.03373	0.00887	0.00661	0.00197	0.00717	0.02746	0.00530	0.00911

[dist]
# distance from previous block
# <min> <max>
1	10

[block]
# block no. 3 follows, 34 sequences, length 68
# corresponding to MSA columns:
# 111-178
name=unknown_D
#
# <colnr> <probs for GDERKNQSTAVLIFYWHMCP>
#	G	D	E	R	K	N	Q	S	T	A	V	L	I	F	Y	W	H	M	C	P
0	0.03737	0.08811	0.03988	0.11505	0.01956	0.03694	0.01121	0.10402	0.13702	0.07617	0.13206	0.02781	0.06168	0.00946	0.00712	0.00208	0.03524	0.04557	0.00536	0.00829
1	0.29553	0.01012	0.03300	0.00878	0.01187	0.00966	0.00717	0.01530	0.01371	0.04938	0.16898	0.04957	0.12113	0.06483	0.00792	0.00232	0.00462	0.04613	0.00515	0.07485
2	0.01261	0.01074	0.01250	0.00926	0.01441	0.00817	0.00733	0.01532	0.01359	0.02071	0.03472	0.04560	0.07203	0.00652	0.00522	0.00115	0.00458	0.00537	0.00417	0.69602
3	0.01566	0.26734	0.35442	0.01760	0.04988	0.01826	0.10934	0.02073	0.01400	0.05919	0.01176	0.01365	0.00895	0.00594	0.00573	0.00184	0.00859	0.00486	0.00312	0.00914
4	0.00937	0.00635	0.00750	0.00750	0.00766	0.00651	0.00448	0.00969	0.00953	0.01286	0.01994	0.03999	0.02250	0.67467	0.12978	0.00682	0.00776	0.00906	0.00385	0.00417
5	0.01476	0.01561	0.07550	0.23020	0.49798	0.01506	0.01961	0.01899	0.01416	0.01983	0.01193	0.01615	0.00965	0.00597	0.00640	0.00199	0.00806	0.00568	0.00308	0.00937
6	0.00786	0.00650	0.00689	0.00691	0.00889	0.00553	0.00514	0.00965	0.01507	0.01855	0.15401	0.10299	0.59738	0.01617	0.00767	0.00219	0.00327	0.01366	0.00615	0.00553
7	0.02484	0.01053	0.01399	0.01102	0.01535	0.00942	0.00899	0.06597	0.01912	0.55807	0.16327	0.02679	0.02455	0.00901	0.00672	0.00200	0.00511	0.00748	0.00774	0.01003
8	0.01573	0.01509	0.02575	0.08916	0.68516	0.01528	0.01970	0.01960	0.01459	0.02079	0.01211	0.01608	0.01012	0.00581	0.00640	0.00194	0.00774	0.00576	0.00318	0.01002
9	0.01782	0.01930	0.01876	0.02219	0.22944	0.28555	0.01409	0.02194	0.08190	0.01914	0.01701	0.02662	0.01582	0.00903	0.00725	0.00210	0.03576	0.14395	0.00411	0.00823
10	0.01011	0.00731	0.01000	0.01123	0.01277	0.00719	0.00969	0.01300	0.01511	0.01967	0.08633	0.07032	0.09044	0.01741	0.00874	0.00285	0.00554	0.59032	0.00604	0.00592
11	0.01802	0.69528	0.03216	0.01167	0.01695	0.10441	0.01121	0.02005	0.01370	0.01527	0.00909	0.01051	0.00830	0.00565	0.00433	0.00141	0.00743	0.00353	0.00283	0.00820
12	0.01572	0.01168	0.01485	0.01417	0.10659	0.01059	0.00971	0.12137	0.01700	0.09043	0.09485	0.11054	0.02012	0.00846	0.00613	0.00164	0.00526	0.00725	0.00515	0.32848
13	0.02379	0.01737	0.01870	0.01455	0.01955	0.01920	0.01195	0.61083	0.10613	0.06541	0.01708	0.01670	0.01214	0.00788	0.00648	0.00197	0.00683	0.00601	0.00653	0.01090
14	0.00836	0.00585	0.00742	0.00840	0.00872	0.00558	0.00540	0.00925	0.01177	0.01576	0.06125	0.52921	0.03800	0.23579	0.01529	0.00364	0.00444	0.01551	0.00545	0.00490
15	0.01599	0.01535	0.02623	0.03966	0.73262	0.01535	0.01983	0.01983	0.01471	0.02111	0.01215	0.01599	0.01023	0.00576	0.00640	0.00192	0.00768	0.00576	0.00320	0.01023
16	0.02290	0.07149	0.02067	0.01488	0.01997	0.01908	0.05103	0.50356	0.10218	0.08329	0.01675	0.01662	0.01201	0.00759	0.00638	0.00194	0.00698	0.00596	0.00613	0.01059
17	0.00923	0.00626	0.00723	0.00729	0.00780	0.00607	0.00454	0.01008	0.01163	0.01590	0.13026	0.11065	0.08423	0.49024	0.02335	0.00472	0.00514	0.01070	0.05007	0.00460
18	0.02116	0.01231	0.01407	0.01134	0.01519	0.01284	0.00921	0.30797	0.02152	0.20376	0.01957	0.02011	0.01408	0.01067	0.05903	0.00244	0.00634	0.00612	0.22298	0.00928
19	0.01544	0.01468	0.02116	0.16579	0.38456	0.06000	0.01629	0.07983	0.01588	0.02106	0.01892	0.02177	0.10194	0.00762	0.00692	0.00201	0.02684	0.00667	0.00379	0.00886
20	0.01349	0.01233	0.02082	0.42550	0.29101	0.01389	0.01746	0.01695	0.01314	0.01768	0.01170	0.01701	0.00945	0.00772	0.00822	0.07906	0.00799	0.00574	0.00298	0.00787
21	0.00850	0.00676	0.00773	0.00804	0.00980	0.00611	0.00610	0.01097	0.03845	0.01899	0.14466	0.17457	0.41965	0.01650	0.00786	0.00233	0.00371	0.09739	0.00616	0.00573
22	0.01411	0.00923	0.01105	0.00977	0.01234	0.00903	0.00754	0.15177	0.01932	0.10913	0.31057	0.15061	0.13336	0.01302	0.00736	0.00212	0.00427	0.01120	0.00677	0.00742
23	0.01552	0.01561	0.02362	0.17052	0.43941	0.08519	0.05933	0.01928	0.01501	0.02004	0.06325	0.01821	0.01335	0.00649	0.00652	0.00196	0.00810	0.00614	0.00343	0.00900
24	0.00860	0.00633	0.00805	0.00872	0.00954	0.00622	0.00603	0.01048	0.03475	0.01686	0.08472	0.40942	0.11203	0.12706	0.11614	0.00412	0.00596	0.01415	0.00545	0.00538
25	0.71727	0.01270	0.01045	0.00907	0.01321	0.01445	0.00747	0.05886	0.01262	0.08039	0.01055	0.01160	0.00787	0.00624	0.00432	0.00200	0.00515	0.00384	0.00442	0.00751
26	0.01687	0.01531	0.02425	0.13692	0.45270	0.01608	0.05192	0.13713	0.04263	0.02397	0.01318	0.01645	0.01045	0.00629	0.00648	0.00198	0.00778	0.00591	0.00383	0.00985
27	0.01147	0.00930	0.01473	0.01265	0.01523	0.00929	0.13055	0.05255	0.01391	0.04942	0.02948	0.14542	0.16472	0.02595	0.27849	0.00523	0.01014	0.01010	0.00470	0.00666
28	0.00925	0.00684	0.00995	0.00995	0.01096	0.00784	0.00754	0.01126	0.01026	0.01468	0.01770	0.02757	0.01710	0.14229	0.65478	0.00985	0.01588	0.00724	0.00352	0.00553
29	0.00914	0.00712	0.00941	0.00885	0.01067	0.00652	0.03650	0.01168	0.01619	0.02170	0.38933	0.05309	0.24101	0.06554	0.00947	0.00247	0.00398	0.08517	0.00629	0.00587
30	0.01124	0.00914	0.03691	0.01205	0.08960	0.00818	0.00829	0.03704	0.03303	0.04075	0.23882	0.06175	0.16809	0.10643	0.01034	0.00261	0.00467	0.05115	0.06325	0.00664
31	0.00791	0.00571	0.00749	0.00883	0.00935	0.00529	0.00594	0.00914	0.01273	0.01691	0.06411	0.70106	0.08214	0.01975	0.00819	0.00258	0.00369	0.01784	0.00604	0.00529
32	0.04253	0.04508	0.05986	0.04108	0.11531	0.12623	0.01255	0.11325	0.23949	0.02494	0.04807	0.01930	0.01531	0.00758	0.00613	0.00194	0.00691	0.00607	0.05922	0.00914
33	0.01645	0.01931	0.09792	0.13512	0.28876	0.15684	0.06650	0.03642	0.01513	0.01947	0.01203	0.01567	0.00972	0.00784	0.03346	0.00226	0.02945	0.00552	0.02339	0.00874
34	0.01658	0.00878	0.01146	0.01122	0.06290	0.00839	0.00751	0.03139	0.02807	0.24316	0.07478	0.05009	0.02231	0.27972	0.04440	0.00380	0.00596	0.00814	0.07405	0.00729
35	0.04740	0.01180	0.01500	0.01252	0.01607	0.01213	0.05943	0.22583	0.01941	0.12446	0.05697	0.03374	0.11508	0.03679	0.08789	0.00318	0.00731	0.10086	0.00585	0.00826
36	0.01446	0.05981	0.46456	0.01833	0.02613	0.04940	0.13417	0.04200	0.01484	0.03935	0.01600	0.01779	0.06048	0.00685	0.00641	0.00203	0.00912	0.00587	0.00334	0.00905
37	0.01301	0.01303	0.05989	0.25412	0.18782	0.01312	0.06275	0.01692	0.04723	0.01811	0.01806	0.02303	0.07938	0.00959	0.00952	0.09067	0.04693	0.02572	0.00352	0.00757
38	0.01072	0.00589	0.00817	0.00823	0.00854	0.00601	0.00558	0.00965	0.00948	0.01344	0.01511	0.05265	0.01516	0.11954	0.10675	0.49663	0.00669	0.00678	0.09123	0.00374
39	0.05125	0.01917	0.12422	0.01427	0.01960	0.03580	0.01298	0.48019	0.04090	0.03467	0.01535	0.01601	0.01111	0.00742	0.00611	0.00191	0.00705	0.00559	0.08637	0.01002
40	0.06400	0.42974	0.18204	0.05603	0.02180	0.02046	0.08222	0.01921	0.01328	0.01781	0.01093	0.03610	0.00944	0.00620	0.00516	0.00172	0.00775	0.00475	0.00299	0.00837
41	0.01506	0.06371	0.06803	0.01229	0.01708	0.03543	0.05969	0.03613	0.10349	0.08338	0.02067	0.10759	0.05857	0.00841	0.00607	0.00171	0.00587	0.00718	0.00478	0.28483
42	0.01591	0.01509	0.06648	0.17699	0.17801	0.01490	0.05908	0.18895	0.04962	0.02540	0.08484	0.02226	0.05814	0.00788	0.00669	0.00204	0.00724	0.00693	0.00460	0.00895
43	0.00961	0.00706	0.00966	0.00951	0.01023	0.00804	0.00692	0.01112	0.01011	0.01443	0.01796	0.03039	0.01821	0.28691	0.45287	0.00840	0.05222	0.00766	0.02349	0.00523
44	0.81856	0.01250	0.00950	0.00850	0.01250	0.01449	0.00700	0.01899	0.01100	0.02899	0.00900	0.01050	0.00700	0.00600	0.00400	0.00200	0.00500	0.00350	0.00400	0.00700
45	0.01527	0.01177	0.01420	0.09445	0.05320	0.02864	0.01082	0.19149	0.07431	0.04195	0.08867	0.06243	0.08527	0.01124	0.00710	0.00221	0.00593	0.14209	0.05097	0.00800
46	0.00922	0.00699	0.00854	0.00808	0.00985	0.00651	0.00608	0.01281	0.05587	0.02425	0.55568	0.04978	0.19500	0.01361	0.00757	0.00207	0.00321	0.01184	0.00686	0.00619
47	0.00823	0.00605	0.00781	0.00907	0.00990	0.00562	0.00652	0.00973	0.01312	0.01709	0.03998	0.55128	0.14741	0.01927	0.00826	0.00261	0.00402	0.12264	0.00599	0.00539
48	0.01531	0.01667	0.02714	0.02112	0.02401	0.07049	0.29655	0.01838	0.01268	0.01766	0.01046	0.01530	0.00901	0.00859	0.01458	0.00248	0.40243	0.00635	0.00304	0.00777
49	0.04778	0.01203	0.01944	0.64874	0.09160	0.01462	0.01742	0.04008	0.01355	0.01819	0.01156	0.01679	0.00874	0.00643	0.00635	0.00212	0.00834	0.00565	0.00306	0.00752
50	0.00830	0.00584	0.00754	0.00874	0.00909	0.00556	0.00578	0.00928	0.01189	0.01583	0.03246	0.58908	0.03858	0.17238	0.01326	0.00338	0.00436	0.04806	0.00557	0.00501
51	0.44300	0.01180	0.01052	0.00916	0.01273	0.01324	0.00741	0.12176	0.05463	0.04422	0.01422	0.01555	0.01082	0.00683	0.00469	0.00188	0.00484	0.00473	0.20034	0.00762
52	0.01077	0.00860	0.01244	0.01119	0.01228	0.00969	0.05752	0.03392	0.01092	0.01532	0.01712	0.02977	0.01750	0.32127	0.30991	0.00706	0.09772	0.00775	0.00365	0.00557
53	0.01216	0.02781	0.58612	0.01642	0.02426	0.01328	0.02028	0.01868	0.01405	0.02082	0.11127	0.01927	0.01606	0.01015	0.05945	0.00264	0.00921	0.00588	0.00339	0.00880
54	0.00793	0.00656	0.00695	0.00685	0.00891	0.00558	0.00514	0.00984	0.01542	0.01910	0.19464	0.05947	0.59979	0.01575	0.00763	0.00215	0.00323	0.01326	0.00622	0.00558
55	0.03790	0.01212	0.02013	0.62288	0.15010	0.01451	0.01790	0.01710	0.01314	0.01761	0.01151	0.01683	0.00881	0.00634	0.00637	0.00211	0.00836	0.00567	0.00296	0.00765
56	0.01594	0.06976	0.04785	0.17724	0.13426	0.01622	0.18561	0.08281	0.06086	0.05228	0.01551	0.01844	0.03656	0.00700	0.00745	0.00208	0.05101	0.00643	0.00390	0.00880
57	0.00937	0.00635	0.00749	0.00749	0.00764	0.00650	0.00446	0.00968	0.00953	0.01285	0.01996	0.04005	0.02252	0.67722	0.12726	0.00681	0.00772	0.00907	0.00386	0.00416
58	0.00783	0.00577	0.00735	0.00861	0.00927	0.00528	0.00582	0.00904	0.01275	0.01665	0.04037	0.65612	0.15225	0.01962	0.00815	0.00255	0.00367	0.01761	0.00600	0.00528
59	0.01710	0.01980	0.09888	0.11178	0.11041	0.18236	0.09690	0.05381	0.08201	0.03783	0.01358	0.01652	0.01071	0.00990	0.06045	0.00263	0.05735	0.00575	0.00373	0.00851
60	0.01565	0.31532	0.12050	0.01359	0.01788	0.13069	0.03412	0.01831	0.01342	0.01628	0.01329	0.09561	0.01295	0.02600	0.06080	0.00255	0.07604	0.00605	0.00329	0.00764
61	0.05980	0.18331	0.07605	0.01280	0.04652	0.07604	0.01072	0.02085	0.16440	0.02176	0.18205	0.02498	0.04734	0.01019	0.03471	0.00221	0.00645	0.00692	0.00484	0.00805
62	0.00923	0.00692	0.01038	0.01038	0.01154	0.00808	0.00808	0.01154	0.01038	0.01500	0.01731	0.02538	0.01615	0.04846	0.74732	0.01038	0.01731	0.00692	0.00346	0.00577
63	0.00805	0.00576	0.00769	0.00909	0.00958	0.00539	0.00621	0.00936	0.01277	0.01708	0.06831	0.70139	0.04333	0.01980	0.00825	0.00261	0.00382	0.05013	0.00605	0.00532
64	0.01598	0.01407	0.02062	0.23898	0.22502	0.01498	0.03250	0.14576	0.04172	0.02343	0.01291	0.01613	0.01008	0.00640	0.00654	0.00187	0.02429	0.00555	0.00392	0.13928
65	0.01079	0.00752	0.00788	0.00774	0.00855	0.02511	0.00497	0.02827	0.05392	0.01662	0.02357	0.08139	0.05661	0.47490	0.02237	0.00456	0.00548	0.00922	0.14546	0.00507
66	0.00823	0.00644	0.00746	0.00748	0.00916	0.00566	0.00550	0.01032	0.01572	0.02046	0.30781	0.15705	0.38415	0.01574	0.00772	0.00219	0.00326	0.01358	0.00641	0.00566
67	0.01233	0.01067	0.03382	0.01335	0.09133	0.03755	0.03171	0.06321	0.03315	0.04106	0.44896	0.03899	0.09515	0.01133	0.00725	0.00202	0.00473	0.00995	0.00617	0.00728

[dist]
# distance from previous block
# <min> <max>
0	1

[block]
# block no. 4 follows, 34 sequences, length 24
# corresponding to MSA columns:
# 180-203
name=unknown_E
#
# <colnr> <probs for GDERKNQSTAVLIFYWHMCP>
#	G	D	E	R	K	N	Q	S	T	A	V	L	I	F	Y	W	H	M	C	P
0	0.01448	0.05961	0.15641	0.21982	0.16268	0.01528	0.05879	0.06817	0.07616	0.02167	0.07163	0.01895	0.01428	0.00699	0.00643	0.00203	0.00779	0.00617	0.00384	0.00880
1	0.01159	0.00662	0.00891	0.00956	0.01078	0.00608	0.00680	0.01304	0.01353	0.13943	0.03382	0.60846	0.03791	0.01804	0.00798	0.00253	0.00415	0.04815	0.00634	0.00626
2	0.01314	0.03235	0.69721	0.01967	0.06969	0.01503	0.02363	0.02042	0.01371	0.02050	0.01163	0.01378	0.00831	0.00612	0.00615	0.00204	0.00944	0.00483	0.00276	0.00959
3	0.04056	0.01329	0.01772	0.29114	0.13616	0.05581	0.01402	0.08724	0.05741	0.04222	0.03750	0.02033	0.03626	0.03228	0.04840	0.00258	0.00795	0.00623	0.00406	0.04885
4	0.01519	0.16624	0.31491	0.12601	0.05440	0.01665	0.04180	0.08030	0.01479	0.03838	0.01183	0.01456	0.00906	0.00731	0.00719	0.05613	0.00830	0.00500	0.00326	0.00867
5	0.00937	0.00636	0.00754	0.00754	0.00771	0.00653	0.00453	0.00971	0.00954	0.01289	0.01991	0.03981	0.02242	0.66674	0.13760	0.00687	0.00788	0.00903	0.00385	0.00419
6	0.01589	0.01710	0.04296	0.13251	0.20718	0.13774	0.12226	0.04845	0.01525	0.01940	0.01531	0.04288	0.03694	0.00887	0.02711	0.00231	0.06213	0.03385	0.00358	0.00827
7	0.01651	0.04598	0.35540	0.01904	0.07672	0.11705	0.06233	0.08839	0.11414	0.02257	0.01385	0.01532	0.01033	0.00664	0.00625	0.00199	0.00887	0.00536	0.00377	0.00946
8	0.01999	0.19215	0.02210	0.05416	0.10158	0.36236	0.01280	0.06754	0.01727	0.01871	0.06361	0.01510	0.01262	0.00685	0.00572	0.00170	0.00905	0.00493	0.00365	0.00810
9	0.01494	0.01147	0.01350	0.01220	0.05448	0.02872	0.00901	0.06527	0.11653	0.07743	0.14418	0.05226	0.02366	0.00877	0.00626	0.00173	0.00505	0.04730	0.02718	0.28007
10	0.01688	0.01672	0.01799	0.16188	0.04710	0.17703	0.06679	0.09187	0.17083	0.02190	0.01755	0.08167	0.01478	0.00902	0.01988	0.00218	0.00800	0.00700	0.04268	0.00827
11	0.00940	0.00626	0.00705	0.00705	0.00705	0.00626	0.00392	0.00940	0.00940	0.01253	0.02036	0.04228	0.02349	0.77292	0.03289	0.00626	0.00626	0.00940	0.00392	0.00392
12	0.15438	0.01694	0.01749	0.01372	0.01861	0.01890	0.01130	0.55851	0.06698	0.03801	0.01506	0.01518	0.01084	0.00753	0.00607	0.00196	0.00665	0.00552	0.00607	0.01029
13	0.00773	0.00646	0.00674	0.00687	0.00884	0.00547	0.00508	0.00939	0.01467	0.01778	0.09553	0.13166	0.62844	0.01659	0.00770	0.00222	0.00331	0.01401	0.00606	0.00547
14	0.01338	0.01234	0.02000	0.63218	0.04083	0.01492	0.04992	0.06365	0.05364	0.01890	0.01265	0.01751	0.00945	0.00663	0.00652	0.00214	0.00843	0.00592	0.00333	0.00767
15	0.06194	0.21593	0.39215	0.01415	0.02103	0.01617	0.01656	0.01831	0.01329	0.01900	0.01725	0.01883	0.09111	0.00950	0.04697	0.00236	0.00832	0.00550	0.00323	0.00840
16	0.00892	0.00629	0.00828	0.00949	0.01012	0.00609	0.00691	0.01038	0.01254	0.01658	0.03227	0.42231	0.03739	0.16402	0.01318	0.00343	0.00489	0.21614	0.00558	0.00520
17	0.11010	0.02464	0.44524	0.01940	0.13671	0.01397	0.01902	0.01900	0.01351	0.02138	0.03874	0.01721	0.03596	0.00903	0.04732	0.00249	0.00868	0.00545	0.00327	0.00888
18	0.01478	0.01641	0.03490	0.02544	0.03125	0.01570	0.61787	0.01983	0.01499	0.02036	0.01474	0.02218	0.01216	0.00679	0.00832	0.00228	0.04240	0.06770	0.00349	0.00840
19	0.01075	0.00811	0.00973	0.01062	0.03637	0.03286	0.00759	0.02871	0.03389	0.05158	0.11711	0.35110	0.14808	0.01635	0.00786	0.00242	0.00451	0.11005	0.00604	0.00626
20	0.00902	0.00668	0.00790	0.00835	0.00981	0.00616	0.00597	0.01154	0.05480	0.03984	0.11428	0.38063	0.28696	0.01714	0.00782	0.00236	0.00364	0.01503	0.00620	0.00586
21	0.02019	0.02328	0.05957	0.01835	0.10876	0.38904	0.01325	0.02537	0.13636	0.05483	0.03613	0.01653	0.01272	0.00850	0.02860	0.00212	0.02835	0.00540	0.00417	0.00849
22	0.01756	0.29170	0.21661	0.01704	0.04519	0.13210	0.11167	0.02154	0.01472	0.05922	0.01145	0.01326	0.00898	0.00600	0.00562	0.00176	0.00884	0.00474	0.00323	0.00877
23	0.13452	0.01897	0.15184	0.01390	0.01866	0.08049	0.01283	0.16968	0.12515	0.07507	0.03176	0.01748	0.01279	0.02487	0.03897	0.00249	0.05101	0.00566	0.00487	0.00901

[dist]
# distance from previous block
# <min> <max>
0	1

[block]
# block no. 5 follows, 34 sequences, length 40
# corresponding to MSA columns:
# 205-244
name=unknown_F
#
# <colnr> <probs for GDERKNQSTAVLIFYWHMCP>
#	G	D	E	R	K	N	Q	S	T	A	V	L	I	F	Y	W	H	M	C	P
0	0.00882	0.00644	0.00747	0.00749	0.00906	0.00599	0.00552	0.01088	0.01433	0.01946	0.18934	0.10912	0.31682	0.05948	0.09473	0.00328	0.00503	0.01163	0.10948	0.00560
1	0.17032	0.01164	0.01154	0.01019	0.01315	0.06000	0.00798	0.05998	0.08929	0.10923	0.13472	0.03134	0.15941	0.04436	0.02376	0.00243	0.03945	0.00808	0.00564	0.00749
2	0.01379	0.01292	0.02201	0.08368	0.39010	0.01332	0.07716	0.01727	0.01334	0.01899	0.01344	0.01883	0.01167	0.03384	0.17666	0.00398	0.02811	0.00619	0.00327	0.04144
3	0.01491	0.01816	0.12224	0.06841	0.25717	0.01611	0.28652	0.01961	0.01417	0.02002	0.01201	0.01611	0.00953	0.00632	0.00842	0.00215	0.08963	0.00634	0.00311	0.00905
4	0.01336	0.00784	0.01046	0.01078	0.01261	0.00758	0.00866	0.01619	0.04335	0.14860	0.03130	0.21063	0.03254	0.08768	0.01051	0.00300	0.00538	0.32665	0.00616	0.00669
5	0.04738	0.07012	0.27638	0.14216	0.05715	0.01578	0.14025	0.06300	0.05353	0.02134	0.01362	0.04624	0.01081	0.00683	0.00638	0.00206	0.00857	0.00610	0.00350	0.00880
6	0.00817	0.00592	0.00718	0.00812	0.00908	0.00539	0.00561	0.00963	0.01324	0.01761	0.06388	0.51101	0.21510	0.01808	0.00779	0.00241	0.00355	0.01603	0.06683	0.00539
7	0.00792	0.00564	0.00748	0.00893	0.00929	0.00528	0.00593	0.00901	0.01227	0.01636	0.03509	0.74387	0.04208	0.04598	0.00909	0.00275	0.00383	0.01806	0.00593	0.00520
8	0.01150	0.08204	0.01476	0.01175	0.01334	0.04345	0.03739	0.01347	0.01100	0.01502	0.01538	0.02397	0.01488	0.13407	0.43097	0.00735	0.10350	0.00668	0.00337	0.00611
9	0.01770	0.08444	0.13288	0.04542	0.02062	0.20890	0.05094	0.02272	0.09848	0.07836	0.06880	0.04360	0.01554	0.00814	0.00758	0.00200	0.07506	0.00620	0.00427	0.00833
10	0.00795	0.00617	0.00726	0.00796	0.00927	0.00548	0.00570	0.00950	0.01390	0.01762	0.09140	0.37714	0.35337	0.01796	0.00796	0.00240	0.00358	0.04388	0.00607	0.00542
11	0.01062	0.00739	0.00987	0.04232	0.04391	0.00756	0.00739	0.02834	0.01546	0.02299	0.34155	0.03450	0.03593	0.01821	0.15524	0.00358	0.00644	0.00875	0.19360	0.00635
12	0.05001	0.15241	0.22093	0.01510	0.02045	0.04831	0.08995	0.06972	0.01508	0.04311	0.03257	0.13494	0.01653	0.00911	0.00673	0.00206	0.02665	0.03406	0.00406	0.00823
13	0.01439	0.03964	0.26344	0.19178	0.20226	0.03160	0.07174	0.04103	0.01448	0.02028	0.01221	0.01566	0.00933	0.00617	0.00628	0.00200	0.00863	0.00549	0.03468	0.00894
14	0.00792	0.00652	0.00696	0.00693	0.00892	0.00556	0.00517	0.00979	0.01528	0.01895	0.18500	0.08792	0.58080	0.01595	0.00766	0.00217	0.00325	0.01347	0.00620	0.00556
15	0.01381	0.18475	0.13047	0.01311	0.04552	0.04251	0.03966	0.01724	0.01455	0.04187	0.07742	0.05074	0.06016	0.00960	0.00622	0.00197	0.00633	0.11272	0.12386	0.00751
16	0.04834	0.11151	0.12091	0.17786	0.20086	0.09064	0.06439	0.02089	0.06773	0.01953	0.01234	0.01530	0.00974	0.00624	0.00604	0.00194	0.00836	0.00533	0.00332	0.00875
17	0.01406	0.03197	0.67129	0.01808	0.02721	0.01548	0.02278	0.08583	0.01523	0.02238	0.01197	0.01382	0.00845	0.00629	0.00617	0.00204	0.00932	0.00487	0.00308	0.00969
18	0.01081	0.08026	0.01204	0.01065	0.01281	0.00925	0.00916	0.01443	0.06101	0.01933	0.06595	0.06060	0.17592	0.01560	0.00800	0.00257	0.00532	0.41417	0.00575	0.00636
19	0.04130	0.08780	0.18456	0.15648	0.05375	0.11645	0.01536	0.09028	0.08740	0.02130	0.01605	0.01796	0.04962	0.00826	0.02484	0.00217	0.00836	0.00566	0.00386	0.00855
20	0.01407	0.01623	0.14680	0.21043	0.06890	0.06805	0.01494	0.04033	0.06877	0.04977	0.04752	0.08488	0.01814	0.01098	0.03693	0.00253	0.00796	0.08055	0.00429	0.00794
21	0.01220	0.01148	0.01938	0.75739	0.04450	0.01436	0.01794	0.01651	0.01292	0.01651	0.01148	0.01723	0.00861	0.00646	0.00646	0.00215	0.00861	0.00574	0.00287	0.00718
22	0.01864	0.08725	0.05972	0.15426	0.04192	0.08892	0.05433	0.16188	0.01803	0.11507	0.01644	0.05026	0.01361	0.00833	0.00695	0.00206	0.03114	0.05780	0.00469	0.00871
23	0.01632	0.03850	0.06724	0.02198	0.24085	0.12592	0.01432	0.04886	0.11706	0.03451	0.01816	0.09796	0.03324	0.00901	0.00777	0.00210	0.06980	0.02336	0.00429	0.00875
24	0.01327	0.01216	0.01145	0.01154	0.01378	0.14344	0.00932	0.01716	0.08360	0.03754	0.07542	0.06880	0.16658	0.01417	0.00773	0.00242	0.00616	0.29313	0.00566	0.00667
25	0.01844	0.54165	0.03070	0.01371	0.01874	0.17291	0.07037	0.02070	0.01430	0.01580	0.00952	0.01131	0.00843	0.00589	0.00518	0.00154	0.02574	0.00400	0.00292	0.00813
26	0.01335	0.01201	0.01509	0.24053	0.04547	0.06730	0.01189	0.08954	0.01494	0.01955	0.01960	0.26398	0.02023	0.01129	0.00775	0.00218	0.05274	0.00962	0.00442	0.07852
27	0.01529	0.14080	0.11424	0.01278	0.01724	0.01409	0.04953	0.12157	0.06725	0.06796	0.15608	0.04860	0.07771	0.00988	0.00665	0.00203	0.00614	0.05852	0.00532	0.00830
28	0.01435	0.02084	0.22691	0.11464	0.12218	0.01561	0.34994	0.02002	0.01446	0.02018	0.01236	0.01618	0.00927	0.00580	0.00692	0.00211	0.00984	0.00638	0.00306	0.00895
29	0.01676	0.12383	0.19176	0.01313	0.01818	0.01239	0.03662	0.02057	0.01560	0.20878	0.11128	0.06945	0.02291	0.00979	0.00669	0.00210	0.00651	0.09979	0.00532	0.00856
30	0.01935	0.49817	0.02889	0.01464	0.08093	0.07066	0.01208	0.13922	0.01680	0.04977	0.01113	0.01231	0.00925	0.00611	0.00495	0.00157	0.00727	0.00424	0.00369	0.00899
31	0.01060	0.00838	0.00860	0.04905	0.01018	0.06277	0.00542	0.01101	0.01039	0.01316	0.01972	0.06856	0.02232	0.64175	0.02837	0.00554	0.00670	0.00917	0.00390	0.00442
32	0.01944	0.27475	0.11565	0.01626	0.04275	0.26515	0.05786	0.08304	0.01657	0.01887	0.01057	0.01238	0.00869	0.00633	0.00588	0.00171	0.02784	0.00446	0.00332	0.00848
33	0.05480	0.06837	0.01795	0.04554	0.01963	0.59102	0.01183	0.02353	0.01723	0.01648	0.01415	0.01559	0.06293	0.00730	0.00582	0.00172	0.01036	0.00488	0.00351	0.00735
34	0.00914	0.00615	0.00712	0.00738	0.00744	0.00609	0.00427	0.00933	0.00990	0.01321	0.02297	0.16652	0.02678	0.64420	0.02867	0.00564	0.00583	0.01093	0.00427	0.00414
35	0.07078	0.00765	0.00958	0.01099	0.04034	0.00748	0.00851	0.01240	0.01418	0.01926	0.03948	0.16313	0.20891	0.01644	0.00803	0.00261	0.00496	0.34358	0.00571	0.00598
36	0.01932	0.12264	0.09588	0.04690	0.02335	0.20512	0.16778	0.09286	0.01702	0.08369	0.01327	0.01618	0.01043	0.04848	0.00767	0.00211	0.00921	0.00563	0.00393	0.00854
37	0.01740	0.44201	0.21867	0.01400	0.02023	0.13871	0.01472	0.03625	0.01449	0.01727	0.00999	0.01156	0.00833	0.00592	0.00500	0.00162	0.00838	0.00397	0.00293	0.00856
38	0.00932	0.00683	0.00881	0.00955	0.01071	0.00639	0.00686	0.03900	0.01378	0.01866	0.07089	0.56613	0.03932	0.01792	0.00795	0.00248	0.00416	0.08861	0.00591	0.06674
39	0.01579	0.01720	0.09187	0.14230	0.41966	0.04564	0.04678	0.04913	0.06864	0.02137	0.01316	0.01643	0.01045	0.00623	0.00642	0.00199	0.00807	0.00579	0.00350	0.00956

[dist]
# distance from previous block
# <min> <max>
2	30

[block]
# block no. 6 follows, 34 sequences, length 80
# corresponding to MSA columns:
# 275-354
name=unknown_G
#
# <colnr> <probs for GDERKNQSTAVLIFYWHMCP>
#	G	D	E	R	K	N	Q	S	T	A	V	L	I	F	Y	W	H	M	C	P
0	0.13848	0.00841	0.00975	0.00945	0.01155	0.00862	0.00723	0.03809	0.03559	0.08894	0.10795	0.19876	0.08935	0.06207	0.10052	0.00353	0.00615	0.06341	0.00559	0.00657
1	0.01119	0.00885	0.01103	0.10575	0.01587	0.00880	0.00856	0.09044	0.01532	0.02004	0.03462	0.19985	0.20862	0.05860	0.00886	0.00247	0.00516	0.09716	0.00531	0.08350
2	0.00841	0.00614	0.00763	0.00810	0.00906	0.00566	0.00559	0.01005	0.01414	0.01896	0.24587	0.34879	0.15450	0.11346	0.01110	0.00284	0.00378	0.01448	0.00607	0.00536
3	0.01472	0.00790	0.01016	0.00934	0.01166	0.00716	0.00705	0.01655	0.01456	0.22453	0.08630	0.17817	0.12029	0.12661	0.05465	0.00329	0.00549	0.05577	0.00612	0.03970
4	0.01269	0.01058	0.01161	0.01087	0.01348	0.01170	0.00831	0.02333	0.39687	0.02194	0.03260	0.03530	0.16046	0.08783	0.10479	0.00366	0.00646	0.03379	0.00579	0.00796
5	0.01766	0.65891	0.07652	0.01205	0.01762	0.09394	0.01199	0.02003	0.01366	0.01559	0.00924	0.01069	0.00829	0.00567	0.00443	0.00145	0.00753	0.00361	0.00282	0.00829
6	0.04769	0.01577	0.01601	0.05999	0.01926	0.07187	0.01107	0.18336	0.39997	0.02832	0.02020	0.01966	0.01513	0.00790	0.00629	0.00201	0.00626	0.00629	0.00581	0.05713
7	0.01553	0.07195	0.02000	0.40914	0.07663	0.05908	0.01525	0.11745	0.08286	0.02143	0.03962	0.01785	0.01198	0.00701	0.00630	0.00202	0.00786	0.00585	0.00393	0.00826
8	0.00866	0.00674	0.00811	0.00799	0.00980	0.00608	0.00604	0.01092	0.01542	0.02042	0.29234	0.11532	0.31677	0.01766	0.06380	0.00278	0.00449	0.04516	0.00612	0.03540
9	0.01766	0.01566	0.01567	0.01353	0.01658	0.14982	0.04418	0.26862	0.01984	0.02504	0.01949	0.17012	0.01901	0.07217	0.07875	0.00319	0.00833	0.02931	0.00514	0.00789
10	0.01334	0.01152	0.01241	0.01007	0.01418	0.05209	0.00776	0.07240	0.01512	0.02137	0.04190	0.17030	0.06436	0.00927	0.00596	0.00153	0.00502	0.00782	0.00470	0.45889
11	0.00969	0.00783	0.00988	0.00940	0.01081	0.00827	0.00721	0.01251	0.04344	0.02038	0.29927	0.08716	0.20244	0.04946	0.07429	0.00314	0.10131	0.03173	0.00573	0.00606
12	0.02267	0.01055	0.01379	0.01060	0.01533	0.00885	0.00861	0.02533	0.01724	0.47268	0.11278	0.02330	0.02024	0.00789	0.00623	0.00175	0.00501	0.00652	0.00688	0.20375
13	0.01542	0.01477	0.02519	0.14785	0.62890	0.01520	0.01955	0.01933	0.01444	0.02042	0.01205	0.01618	0.00999	0.00586	0.00641	0.00195	0.00782	0.00575	0.00315	0.00977
14	0.81856	0.01250	0.00950	0.00850	0.01250	0.01449	0.00700	0.01899	0.01100	0.02899	0.00900	0.01050	0.00700	0.00600	0.00400	0.00200	0.00500	0.00350	0.00400	0.00700
15	0.78038	0.01242	0.00976	0.00864	0.01269	0.01425	0.00712	0.01960	0.01136	0.06324	0.00979	0.01105	0.00743	0.00609	0.00412	0.00200	0.00502	0.00364	0.00419	0.00719
16	0.01404	0.00999	0.01109	0.00973	0.01243	0.03889	0.00756	0.10572	0.06317	0.10291	0.36420	0.04079	0.16955	0.01199	0.00721	0.00204	0.00436	0.01015	0.00673	0.00745
17	0.00795	0.00644	0.00706	0.00716	0.00898	0.00555	0.00527	0.00978	0.01509	0.01891	0.18534	0.15062	0.51673	0.01628	0.00771	0.00221	0.00329	0.01388	0.00621	0.00555
18	0.00783	0.00579	0.00733	0.00856	0.00926	0.00529	0.00580	0.00905	0.01280	0.01667	0.04099	0.64145	0.16653	0.01954	0.00814	0.00254	0.00366	0.01752	0.00600	0.00529
19	0.04003	0.01589	0.02586	0.11375	0.27604	0.07035	0.22120	0.04697	0.01534	0.02071	0.01557	0.05269	0.04183	0.00702	0.00679	0.00205	0.00857	0.00704	0.00359	0.00872
20	0.00821	0.00665	0.00736	0.00756	0.00951	0.00580	0.00585	0.01018	0.01509	0.01867	0.13751	0.08505	0.53316	0.01633	0.00783	0.00229	0.00363	0.10762	0.00612	0.00559
21	0.00838	0.00631	0.00755	0.00774	0.00905	0.00570	0.00549	0.01022	0.01487	0.01966	0.28180	0.23001	0.26382	0.08764	0.01016	0.00262	0.00360	0.01373	0.00618	0.00548
22	0.01502	0.01667	0.08042	0.02322	0.04602	0.01485	0.47879	0.04649	0.01524	0.04705	0.01572	0.09103	0.01338	0.00875	0.03267	0.00248	0.03167	0.00824	0.00379	0.00850
23	0.01618	0.17859	0.21258	0.06433	0.13496	0.08222	0.11186	0.04660	0.05608	0.01999	0.01220	0.01456	0.00956	0.00614	0.00600	0.00188	0.00868	0.00523	0.00331	0.00905
24	0.01286	0.01038	0.01552	0.04470	0.25043	0.01035	0.01233	0.03146	0.03703	0.04818	0.05376	0.13332	0.09695	0.03015	0.00808	0.00243	0.00594	0.18340	0.00506	0.00766
25	0.00839	0.00659	0.00778	0.00822	0.00989	0.00598	0.00633	0.01035	0.01447	0.01828	0.11495	0.16884	0.39983	0.01881	0.05152	0.00286	0.00461	0.13076	0.00595	0.00559
26	0.01633	0.04208	0.12918	0.04033	0.11662	0.13546	0.06480	0.06095	0.05691	0.04913	0.01655	0.13353	0.01523	0.00917	0.00808	0.00213	0.08351	0.00750	0.00412	0.00839
27	0.04189	0.09806	0.32457	0.01967	0.07188	0.01563	0.17831	0.04284	0.01488	0.06323	0.03513	0.03951	0.01190	0.00671	0.00637	0.00201	0.00863	0.00610	0.00360	0.00908
28	0.02054	0.02680	0.10969	0.01549	0.01934	0.50145	0.01299	0.02417	0.06243	0.01804	0.01242	0.01415	0.00995	0.00697	0.00625	0.00177	0.03350	0.00469	0.09161	0.00776
