[name]
unknown

[dist]
# distance from previous block
# <min> <max>
0	26

[block]
# block no. 0 follows, 34 sequences, length 151
# corresponding to MSA columns:
# 26-176
name=unknown_A
#
# <colnr> <probs for GDERKNQSTAVLIFYWHMCP>
#	G	D	E	R	K	N	Q	S	T	A	V	L	I	F	Y	W	H	M	C	P
0	0.01041	0.00744	0.01041	0.01190	0.01339	0.00744	0.01041	0.01339	0.01487	0.01934	0.03421	0.07288	0.03719	0.01785	0.00892	0.00297	0.00595	0.68913	0.00595	0.00595
1	0.01340	0.01148	0.01340	0.00957	0.01531	0.00861	0.00766	0.01627	0.01340	0.02105	0.01148	0.01340	0.00957	0.00479	0.00479	0.00096	0.00479	0.00383	0.00383	0.81242
2	0.00798	0.00576	0.00756	0.00880	0.00937	0.00534	0.00595	0.00931	0.01304	0.01742	0.10160	0.66707	0.07811	0.01940	0.00816	0.00255	0.00366	0.01751	0.00610	0.00534
3	0.02334	0.11701	0.02011	0.01600	0.01958	0.66361	0.01232	0.02506	0.01771	0.01574	0.00987	0.01150	0.00832	0.00653	0.00563	0.00163	0.01110	0.00408	0.00326	0.00758
4	0.00797	0.00651	0.00673	0.00670	0.00854	0.00560	0.00484	0.00945	0.01418	0.01723	0.09577	0.05863	0.59435	0.12192	0.01116	0.00274	0.00368	0.01294	0.00577	0.00527
5	0.00781	0.00608	0.00710	0.00785	0.00909	0.00537	0.00551	0.00923	0.01365	0.01726	0.07327	0.42232	0.35598	0.01823	0.00795	0.00240	0.00351	0.01598	0.00604	0.00537
6	0.69115	0.01300	0.03459	0.00921	0.01352	0.01388	0.00788	0.02063	0.01204	0.11883	0.01118	0.01206	0.00818	0.00626	0.00439	0.00200	0.00521	0.00392	0.00447	0.00759
7	0.01839	0.01398	0.01513	0.01313	0.01709	0.01572	0.01035	0.10191	0.57207	0.10886	0.02512	0.02301	0.01842	0.00858	0.00655	0.00214	0.00536	0.00706	0.00672	0.01039
8	0.02378	0.00979	0.01321	0.01068	0.01470	0.00853	0.00859	0.02620	0.01780	0.55490	0.12253	0.09584	0.04376	0.01006	0.00684	0.00207	0.00495	0.00849	0.00764	0.00965
9	0.00804	0.00595	0.00751	0.00841	0.00930	0.00542	0.00582	0.00957	0.01377	0.01821	0.15491	0.52294	0.16970	0.01839	0.00803	0.00245	0.00355	0.01642	0.00618	0.00542
10	0.01025	0.00719	0.00834	0.00829	0.00981	0.00682	0.00591	0.01295	0.06740	0.05812	0.12012	0.16488	0.24167	0.19981	0.01380	0.00326	0.00445	0.04536	0.00577	0.00582
11	0.01429	0.22971	0.50930	0.01774	0.06724	0.01783	0.02023	0.02013	0.01357	0.01910	0.01094	0.01291	0.00834	0.00595	0.00563	0.00186	0.00874	0.00448	0.00277	0.00926
12	0.81856	0.01250	0.00950	0.00850	0.01250	0.01449	0.00700	0.01899	0.01100	0.02899	0.00900	0.01050	0.00700	0.00600	0.00400	0.00200	0.00500	0.00350	0.00400	0.00700
13	0.01575	0.01297	0.01398	0.01247	0.01602	0.01460	0.00970	0.03144	0.60319	0.05202	0.09700	0.02615	0.02346	0.00907	0.00662	0.00213	0.00491	0.00761	0.00660	0.03430
14	0.01715	0.64941	0.09781	0.01209	0.01781	0.02416	0.01238	0.05334	0.01393	0.01695	0.00953	0.01103	0.00842	0.00586	0.00493	0.00151	0.02849	0.00375	0.00294	0.00851
15	0.01737	0.01555	0.02334	0.06996	0.40182	0.03542	0.06108	0.14425	0.03868	0.04307	0.01600	0.01856	0.04596	0.00702	0.00704	0.00200	0.03277	0.00629	0.00413	0.00971
16	0.00792	0.00656	0.00693	0.00684	0.00890	0.00557	0.00513	0.00981	0.01539	0.01902	0.18819	0.05961	0.60629	0.01578	0.00763	0.00215	0.00323	0.01328	0.00621	0.00557
17	0.01340	0.01148	0.01340	0.00957	0.01531	0.00861	0.00766	0.01627	0.01340	0.02105	0.01148	0.01340	0.00957	0.00479	0.00479	0.00096	0.00479	0.00383	0.00383	0.81242
18	0.00939	0.00702	0.01014	0.01007	0.01102	0.00812	0.00763	0.01133	0.01023	0.01465	0.01752	0.02758	0.01703	0.15444	0.62228	0.00957	0.03569	0.00725	0.00351	0.00553
19	0.00938	0.00635	0.00895	0.00921	0.00982	0.00683	0.00654	0.01017	0.01020	0.01415	0.01993	0.15545	0.02117	0.16772	0.36564	0.14975	0.01095	0.00910	0.00386	0.00483
20	0.04554	0.06745	0.12304	0.11251	0.08391	0.13635	0.12284	0.05820	0.03235	0.02027	0.01169	0.01460	0.00922	0.00646	0.00708	0.00192	0.05829	0.00528	0.00342	0.07958
21	0.03588	0.01985	0.23816	0.01735	0.02366	0.01417	0.19081	0.02249	0.17607	0.02239	0.03904	0.01969	0.03908	0.00698	0.00649	0.00198	0.00774	0.00646	0.00417	0.10754
22	0.00791	0.00643	0.00692	0.00704	0.00884	0.00554	0.00514	0.00958	0.01465	0.01812	0.13723	0.14330	0.54234	0.04713	0.00873	0.00238	0.00342	0.01380	0.00604	0.00544
23	0.01402	0.01317	0.02189	0.14712	0.49967	0.01350	0.01708	0.01757	0.01440	0.01999	0.04229	0.07068	0.06504	0.00784	0.00666	0.00203	0.00709	0.00736	0.00367	0.00894
24	0.01614	0.01392	0.02077	0.18407	0.30176	0.02952	0.03644	0.02330	0.17882	0.07816	0.04029	0.01965	0.01419	0.00704	0.00653	0.00205	0.00713	0.00639	0.00443	0.00939
25	0.01203	0.00727	0.00951	0.00890	0.01077	0.00688	0.00671	0.01439	0.03478	0.12096	0.30280	0.10059	0.13206	0.01864	0.10009	0.08515	0.00555	0.01046	0.00609	0.00637
26	0.02391	0.01158	0.01448	0.01174	0.01593	0.01116	0.00940	0.12496	0.09858	0.45416	0.02514	0.10556	0.01894	0.03399	0.00754	0.00222	0.00551	0.00791	0.00726	0.01004
27	0.01340	0.01148	0.01340	0.00957	0.01531	0.00861	0.00766	0.01627	0.01340	0.02105	0.01148	0.01340	0.00957	0.00479	0.00479	0.00096	0.00479	0.00383	0.00383	0.81242
28	0.00924	0.00685	0.01007	0.01007	0.01118	0.00785	0.00773	0.01129	0.01043	0.01488	0.01887	0.02714	0.04017	0.07604	0.67369	0.03209	0.01607	0.00721	0.00355	0.00560
29	0.01236	0.00719	0.00943	0.00881	0.01077	0.00650	0.00662	0.01485	0.01694	0.15113	0.42584	0.18683	0.08959	0.01385	0.00754	0.00215	0.00364	0.01219	0.00698	0.00677
30	0.01676	0.00810	0.01061	0.00958	0.01227	0.00714	0.00731	0.01876	0.01597	0.31671	0.12147	0.27050	0.13046	0.01375	0.00736	0.00223	0.00432	0.01195	0.00697	0.00777
31	0.31670	0.01089	0.01141	0.00982	0.01344	0.01137	0.00782	0.02274	0.09845	0.23245	0.12744	0.04513	0.02106	0.03647	0.00677	0.00220	0.00487	0.00674	0.00600	0.00824
32	0.11531	0.01003	0.01150	0.00979	0.01337	0.00968	0.00779	0.04427	0.09063	0.28746	0.09270	0.05890	0.20047	0.01081	0.00665	0.00209	0.00462	0.00885	0.00666	0.00842
33	0.39473	0.01309	0.01268	0.01072	0.01472	0.01451	0.00867	0.17301	0.09471	0.10404	0.03836	0.04181	0.01332	0.00812	0.00599	0.02668	0.00544	0.00558	0.00537	0.00843
34	0.11889	0.01019	0.01296	0.01062	0.01467	0.00932	0.00853	0.02585	0.01672	0.51535	0.05946	0.12833	0.02094	0.00976	0.00650	0.00209	0.00507	0.00809	0.00719	0.00946
35	0.00870	0.00664	0.00751	0.00752	0.00944	0.00579	0.00567	0.01069	0.01541	0.03846	0.20514	0.12114	0.46778	0.01587	0.00772	0.00222	0.00347	0.04878	0.00629	0.00575
36	0.01599	0.01535	0.02623	0.03966	0.73262	0.01535	0.01983	0.01983	0.01471	0.02111	0.01215	0.01599	0.01023	0.00576	0.00640	0.00192	0.00768	0.00576	0.00320	0.01023
37	0.00930	0.00680	0.00990	0.00987	0.01090	0.00770	0.00749	0.01129	0.01077	0.01540	0.06552	0.02831	0.01971	0.11180	0.60976	0.03384	0.01497	0.00743	0.00373	0.00553
38	0.01102	0.00561	0.00836	0.00845	0.00848	0.00559	0.00564	0.00845	0.00866	0.01155	0.01272	0.06557	0.01316	0.02231	0.02421	0.76238	0.00550	0.00639	0.00300	0.00296
39	0.02276	0.01619	0.01755	0.01374	0.01830	0.01773	0.01116	0.57423	0.04808	0.07165	0.01734	0.03840	0.01329	0.05510	0.00808	0.00222	0.00670	0.00646	0.03079	0.01023
40	0.04228	0.01168	0.01861	0.67031	0.04099	0.01438	0.01685	0.05070	0.01373	0.01839	0.01189	0.01711	0.00892	0.00654	0.00631	0.00212	0.00823	0.00567	0.02798	0.00732
41	0.81856	0.01250	0.00950	0.00850	0.01250	0.01449	0.00700	0.01899	0.01100	0.02899	0.00900	0.01050	0.00700	0.00600	0.00400	0.00200	0.00500	0.00350	0.00400	0.00700
42	0.13159	0.01177	0.01421	0.07737	0.04366	0.01101	0.00952	0.03820	0.05625	0.17906	0.04428	0.01739	0.01326	0.00649	0.00551	0.00161	0.00542	0.00517	0.00501	0.32321
43	0.02121	0.01566	0.01668	0.01360	0.01794	0.03481	0.01094	0.40221	0.20536	0.09016	0.02166	0.06496	0.03698	0.00902	0.00662	0.00205	0.00626	0.00720	0.00650	0.01020
44	0.02414	0.03079	0.01831	0.01665	0.01998	0.74698	0.01248	0.02580	0.01831	0.01581	0.00999	0.01165	0.00832	0.00666	0.00583	0.00166	0.01165	0.00416	0.00333	0.00749
45	0.03954	0.01408	0.01706	0.01602	0.07741	0.03301	0.07549	0.02878	0.48444	0.02483	0.02554	0.02470	0.07117	0.00854	0.00659	0.00211	0.00587	0.00740	0.00571	0.03170
46	0.01122	0.00561	0.00842	0.00842	0.00842	0.00561	0.00561	0.00842	0.00842	0.01122	0.01122	0.01964	0.01122	0.02245	0.02525	0.81201	0.00561	0.00561	0.00281	0.00281
47	0.06110	0.03089	0.64785	0.04272	0.02779	0.01500	0.04618	0.02025	0.01351	0.02085	0.01149	0.01370	0.00818	0.00612	0.00607	0.00205	0.00929	0.00483	0.00283	0.00929
48	0.01220	0.01148	0.01938	0.75739	0.04450	0.01436	0.01794	0.01651	0.01292	0.01651	0.01148	0.01723	0.00861	0.00646	0.00646	0.00215	0.00861	0.00574	0.00287	0.00718
49	0.01910	0.02143	0.02382	0.03009	0.41917	0.29790	0.05475	0.02218	0.01613	0.01904	0.01137	0.01439	0.00947	0.00609	0.00624	0.00183	0.00939	0.00524	0.00325	0.00909
50	0.00796	0.00568	0.00759	0.00909	0.00951	0.00532	0.00614	0.00914	0.01245	0.01659	0.03557	0.74555	0.04255	0.02016	0.00827	0.00264	0.00382	0.04069	0.00600	0.00527
51	0.01448	0.01471	0.01974	0.01695	0.01707	0.04474	0.01408	0.01590	0.01018	0.01556	0.00853	0.01405	0.00848	0.01115	0.02068	0.00279	0.73539	0.00560	0.00284	0.00708
52	0.78985	0.01270	0.00985	0.00873	0.01277	0.01470	0.00719	0.04402	0.01170	0.02941	0.00923	0.01068	0.00714	0.00606	0.00409	0.00200	0.00507	0.00358	0.00409	0.00714
53	0.01585	0.01521	0.02598	0.06561	0.70774	0.01532	0.01976	0.01971	0.01465	0.02094	0.01213	0.01604	0.01018	0.00578	0.00640	0.00193	0.00771	0.00576	0.00319	0.01012
54	0.00905	0.00653	0.00856	0.00819	0.00963	0.00604	0.00609	0.01197	0.01787	0.02524	0.67978	0.09961	0.05967	0.01371	0.00767	0.00207	0.00310	0.01216	0.00703	0.00604
55	0.00924	0.00690	0.01025	0.01025	0.01136	0.00800	0.00791	0.01145	0.01034	0.01490	0.01743	0.02607	0.01645	0.07784	0.71835	0.01022	0.01686	0.00702	0.00348	0.00569
56	0.00771	0.00624	0.00686	0.00736	0.00894	0.00539	0.00527	0.00918	0.01395	0.01714	0.05560	0.29557	0.50298	0.01765	0.00784	0.00233	0.00343	0.01520	0.00600	0.00539
57	0.00900	0.00657	0.00845	0.00804	0.00958	0.00602	0.00601	0.01188	0.01785	0.02501	0.65989	0.07239	0.10780	0.01366	0.00764	0.00206	0.00309	0.01204	0.00700	0.00602
58	0.01654	0.01378	0.01462	0.01309	0.01679	0.01583	0.01020	0.03423	0.69554	0.05270	0.02627	0.02403	0.01959	0.00874	0.00657	0.00218	0.00513	0.00728	0.00663	0.01025
59	0.81856	0.01250	0.00950	0.00850	0.01250	0.01449	0.00700	0.01899	0.01100	0.02899	0.00900	0.01050	0.00700	0.00600	0.00400	0.00200	0.00500	0.00350	0.00400	0.00700
60	0.05764	0.01140	0.01501	0.01155	0.01652	0.01020	0.00954	0.06444	0.01880	0.67698	0.02440	0.02125	0.01542	0.00791	0.00640	0.00200	0.00556	0.00635	0.00778	0.01085
61	0.01659	0.01414	0.01490	0.01325	0.01700	0.01631	0.01035	0.07583	0.67860	0.02787	0.02564	0.02358	0.01919	0.00870	0.00657	0.00218	0.00524	0.00721	0.00657	0.01027
62	0.02131	0.01648	0.01756	0.01421	0.01880	0.01852	0.01150	0.45212	0.29463	0.03548	0.01964	0.01880	0.01433	0.00814	0.00651	0.00204	0.00635	0.00639	0.00651	0.01070
63	0.01525	0.01743	0.03813	0.02723	0.03377	0.01634	0.70915	0.02070	0.01525	0.02070	0.01307	0.01743	0.00980	0.00545	0.00763	0.00218	0.01089	0.00763	0.00327	0.00871
64	0.63557	0.01359	0.01165	0.00987	0.01413	0.01548	0.00814	0.15938	0.01513	0.05139	0.01078	0.01184	0.00806	0.00641	0.00457	0.00199	0.00544	0.00405	0.00461	0.00792
65	0.01041	0.00744	0.01041	0.01190	0.01339	0.00744	0.01041	0.01339	0.01487	0.01934	0.03421	0.07288	0.03719	0.01785	0.00892	0.00297	0.00595	0.68913	0.00595	0.00595
66	0.81856	0.01250	0.00950	0.00850	0.01250	0.01449	0.00700	0.01899	0.01100	0.02899	0.00900	0.01050	0.00700	0.00600	0.00400	0.00200	0.00500	0.00350	0.00400	0.00700
67	0.01607	0.01388	0.01461	0.01315	0.01680	0.01607	0.01023	0.03433	0.72094	0.02703	0.02630	0.02411	0.01972	0.00877	0.00657	0.00219	0.00511	0.00731	0.00657	0.01023
68	0.02555	0.01651	0.01841	0.01411	0.01924	0.01767	0.01166	0.55874	0.02772	0.19681	0.01775	0.01697	0.01211	0.00781	0.00647	0.00195	0.00675	0.00597	0.00681	0.01099
69	0.01078	0.00697	0.00916	0.00841	0.01022	0.00638	0.00638	0.01379	0.01831	0.08463	0.67110	0.04610	0.05725	0.01278	0.00753	0.00203	0.00325	0.01126	0.00719	0.00650
70	0.01721	0.00840	0.01098	0.00935	0.01238	0.00740	0.00736	0.01977	0.01769	0.32242	0.32025	0.06324	0.13317	0.01169	0.00717	0.00206	0.00413	0.01000	0.00729	0.00803
71	0.00861	0.00639	0.00872	0.03964	0.01119	0.00651	0.00692	0.01001	0.01218	0.01641	0.05178	0.54831	0.03686	0.08054	0.07225	0.00354	0.02986	0.03948	0.00542	0.00537
72	0.01476	0.21221	0.37820	0.02117	0.15256	0.01779	0.07737	0.02009	0.01384	0.01930	0.01118	0.01357	0.00872	0.00586	0.00582	0.00187	0.00867	0.00486	0.00287	0.00929
73	0.01029	0.00735	0.01027	0.01176	0.01319	0.00733	0.01020	0.01317	0.01475	0.01920	0.03428	0.10709	0.03746	0.01797	0.00889	0.00296	0.00584	0.65616	0.00595	0.00592
74	0.02899	0.01100	0.01499	0.01150	0.01649	0.00950	0.00950	0.03149	0.01849	0.73709	0.02549	0.02199	0.01599	0.00800	0.00650	0.00200	0.00550	0.00650	0.00800	0.01100
75	0.01350	0.01749	0.19391	0.38512	0.11679	0.01433	0.07811	0.01845	0.01367	0.04233	0.01300	0.04151	0.01019	0.00673	0.00654	0.00211	0.00866	0.00612	0.00318	0.00829
76	0.01016	0.00885	0.01463	0.24361	0.04461	0.00942	0.07622	0.01276	0.01288	0.01703	0.02530	0.44221	0.02807	0.01414	0.00758	0.00241	0.00605	0.01306	0.00469	0.00632
77	0.81856	0.01250	0.00950	0.00850	0.01250	0.01449	0.00700	0.01899	0.01100	0.02899	0.00900	0.01050	0.00700	0.00600	0.00400	0.00200	0.00500	0.00350	0.00400	0.00700
78	0.02899	0.01100	0.01499	0.01150	0.01649	0.00950	0.00950	0.03149	0.01849	0.73709	0.02549	0.02199	0.01599	0.00800	0.00650	0.00200	0.00550	0.00650	0.00800	0.01100
79	0.01525	0.01743	0.03813	0.02723	0.03377	0.01634	0.70915	0.02070	0.01525	0.02070	0.01307	0.01743	0.00980	0.00545	0.00763	0.00218	0.01089	0.00763	0.00327	0.00871
80	0.00797	0.00569	0.00760	0.00910	0.00952	0.00533	0.00616	0.00916	0.01246	0.01660	0.03556	0.74327	0.04253	0.02016	0.00827	0.00264	0.00383	0.04289	0.00600	0.00527
81	0.00778	0.00655	0.00674	0.00669	0.00881	0.00551	0.00502	0.00954	0.01506	0.01824	0.12671	0.06090	0.66825	0.01607	0.00764	0.00217	0.00325	0.01346	0.00610	0.00551
82	0.00805	0.00647	0.00687	0.00690	0.00861	0.00563	0.00494	0.00957	0.01420	0.01754	0.12383	0.09264	0.52723	0.12557	0.01131	0.00278	0.00371	0.01306	0.00581	0.00529
83	0.00787	0.00562	0.00750	0.00900	0.00937	0.00525	0.00600	0.00900	0.01237	0.01649	0.03561	0.76871	0.04274	0.02024	0.00825	0.00262	0.00375	0.01837	0.00600	0.00525
84	0.03769	0.01199	0.01253	0.01139	0.01443	0.03304	0.00888	0.04560	0.42239	0.04102	0.13557	0.02867	0.02547	0.00946	0.00647	0.00208	0.00479	0.03224	0.10753	0.00876
85	0.01220	0.01148	0.01938	0.75739	0.04450	0.01436	0.01794	0.01651	0.01292	0.01651	0.01148	0.01723	0.00861	0.00646	0.00646	0.00215	0.00861	0.00574	0.00287	0.00718
86	0.01854	0.04377	0.19484	0.09186	0.11736	0.27549	0.01655	0.08154	0.06199	0.02053	0.01230	0.01434	0.00952	0.00660	0.00610	0.00189	0.00940	0.00500	0.00358	0.00881
87	0.00897	0.00685	0.00806	0.00796	0.00966	0.00635	0.00589	0.01218	0.05690	0.02187	0.35405	0.15137	0.27094	0.01477	0.00755	0.00216	0.00334	0.01282	0.03231	0.00601
88	0.01727	0.77681	0.03386	0.01106	0.01658	0.02557	0.01106	0.01935	0.01313	0.01520	0.00898	0.01036	0.00829	0.00553	0.00415	0.00138	0.00691	0.00345	0.00276	0.00829
89	0.01303	0.03294	0.71834	0.01868	0.02814	0.01505	0.04450	0.02047	0.01369	0.02047	0.01164	0.01376	0.00823	0.00612	0.00618	0.00205	0.00959	0.00486	0.00274	0.00952
90	0.01122	0.00561	0.00842	0.00842	0.00842	0.00561	0.00561	0.00842	0.00842	0.01122	0.01122	0.01964	0.01122	0.02245	0.02525	0.81201	0.00561	0.00561	0.00281	0.00281
91	0.02110	0.01363	0.01551	0.01264	0.01683	0.01447	0.01018	0.26774	0.21127	0.19948	0.12389	0.02408	0.02174	0.00887	0.00667	0.00203	0.00561	0.00723	0.00695	0.01008
92	0.01560	0.01539	0.08757	0.01317	0.01734	0.01512	0.01123	0.09351	0.50424	0.02653	0.02729	0.04926	0.07639	0.00939	0.00666	0.00217	0.00556	0.00778	0.00611	0.00968
93	0.01470	0.33335	0.45476	0.01545	0.02337	0.01927	0.01870	0.02001	0.01343	0.01834	0.01054	0.01232	0.00823	0.00589	0.00533	0.00178	0.00848	0.00424	0.00274	0.00904
94	0.01122	0.00561	0.00842	0.00842	0.00842	0.00561	0.00561	0.00842	0.00842	0.01122	0.01122	0.01964	0.01122	0.02245	0.02525	0.81201	0.00561	0.00561	0.00281	0.00281
95	0.01146	0.00633	0.00712	0.00704	0.00860	0.00612	0.00530	0.01429	0.01474	0.04497	0.18059	0.08160	0.04892	0.01021	0.00573	0.00178	0.00324	0.02912	0.50671	0.00612
96	0.01539	0.05457	0.53800	0.01777	0.02548	0.16245	0.02072	0.02126	0.01438	0.01913	0.01104	0.01317	0.00823	0.00648	0.00675	0.00199	0.04672	0.00465	0.00285	0.00898
97	0.04271	0.50154	0.08322	0.01535	0.02126	0.04807	0.16958	0.01995	0.01376	0.01728	0.01013	0.01224	0.00859	0.00561	0.00513	0.00164	0.00810	0.00452	0.00294	0.00841
98	0.00815	0.00590	0.00769	0.00902	0.00964	0.00551	0.00628	0.00946	0.01271	0.01672	0.03736	0.62042	0.09631	0.04408	0.00906	0.00274	0.00401	0.08372	0.00593	0.00529
99	0.01232	0.01161	0.01960	0.73415	0.06679	0.01439	0.01801	0.01662	0.01298	0.01666	0.01151	0.01719	0.00867	0.00644	0.00646	0.00215	0.00858	0.00574	0.00288	0.00728
100	0.01571	0.15256	0.37920	0.01502	0.02184	0.04545	0.01692	0.08424	0.01596	0.06649	0.08462	0.01760	0.01454	0.00854	0.03239	0.00220	0.00833	0.00550	0.00390	0.00900
101	0.01506	0.01539	0.07637	0.24064	0.20409	0.01478	0.15611	0.08090	0.01556	0.04051	0.01444	0.07024	0.01206	0.00720	0.00678	0.00210	0.00834	0.00698	0.00371	0.00872
102	0.01946	0.01519	0.01624	0.01366	0.01788	0.01714	0.01089	0.26250	0.45951	0.06044	0.02263	0.02112	0.01663	0.00839	0.00653	0.00210	0.00580	0.00677	0.00659	0.01052
103	0.32600	0.08969	0.06082	0.01957	0.18334	0.08717	0.09272	0.03438	0.01380	0.02339	0.01057	0.01294	0.00847	0.00594	0.00533	0.00191	0.00742	0.00467	0.00353	0.00834
104	0.02414	0.03079	0.01831	0.01665	0.01998	0.74698	0.01248	0.02580	0.01831	0.01581	0.00999	0.01165	0.00832	0.00666	0.00583	0.00166	0.01165	0.00416	0.00333	0.00749
105	0.01468	0.11197	0.50433	0.01827	0.02620	0.08087	0.08864	0.02066	0.01402	0.01933	0.01120	0.01350	0.00838	0.00623	0.00658	0.00198	0.03635	0.00489	0.00284	0.00906
106	0.00823	0.00588	0.00790	0.00940	0.00993	0.00555	0.00661	0.00961	0.01272	0.01689	0.03542	0.67145	0.04196	0.01991	0.00834	0.00267	0.00406	0.11212	0.00599	0.00535
107	0.00783	0.00645	0.00688	0.00699	0.00890	0.00550	0.00516	0.00956	0.01485	0.01827	0.13416	0.13989	0.58031	0.01646	0.00770	0.00222	0.00330	0.01396	0.00612	0.00550
108	0.00927	0.00676	0.00958	0.00958	0.01045	0.00764	0.00707	0.01102	0.01015	0.01440	0.01804	0.02946	0.01792	0.22320	0.57500	0.00939	0.01464	0.00752	0.00357	0.00532
109	0.00906	0.00662	0.00862	0.00948	0.01059	0.00635	0.00717	0.01154	0.03384	0.01936	0.17504	0.34597	0.09108	0.04199	0.00901	0.00268	0.00428	0.19545	0.00616	0.00571
110	0.01296	0.03342	0.73944	0.01842	0.02797	0.01501	0.02387	0.02046	0.01364	0.02046	0.01160	0.01364	0.00818	0.00614	0.00614	0.00205	0.00955	0.00477	0.00273	0.00955
111	0.01543	0.01739	0.06789	0.03172	0.31020	0.01588	0.40252	0.02034	0.01496	0.02085	0.01264	0.01667	0.00989	0.00560	0.00707	0.00207	0.00955	0.00675	0.00321	0.00936
112	0.01204	0.00602	0.00602	0.00602	0.00753	0.00602	0.00452	0.01506	0.01355	0.02409	0.02108	0.02409	0.01656	0.00753	0.00452	0.00151	0.00301	0.00602	0.80879	0.00602
113	0.01727	0.77681	0.03386	0.01106	0.01658	0.02557	0.01106	0.01935	0.01313	0.01520	0.00898	0.01036	0.00829	0.00553	0.00415	0.00138	0.00691	0.00345	0.00276	0.00829
114	0.00784	0.00574	0.00737	0.00868	0.00929	0.00528	0.00586	0.00903	0.01268	0.01662	0.03952	0.67619	0.13273	0.01973	0.00817	0.00257	0.00369	0.01775	0.00600	0.00528
115	0.02530	0.01788	0.01854	0.01442	0.01941	0.07656	0.01181	0.53723	0.02733	0.16048	0.01681	0.01634	0.01165	0.00771	0.00642	0.00193	0.00719	0.00580	0.00648	0.01071
116	0.01850	0.64442	0.03113	0.01201	0.01719	0.13706	0.01130	0.03582	0.01432	0.01587	0.00928	0.01068	0.00836	0.00575	0.00446	0.00144	0.00765	0.00362	0.00293	0.00823
117	0.00787	0.00562	0.00750	0.00900	0.00937	0.00525	0.00600	0.00900	0.01237	0.01649	0.03561	0.76871	0.04274	0.02024	0.00825	0.00262	0.00375	0.01837	0.00600	0.00525
118	0.01047	0.00750	0.01086	0.01056	0.01108	0.00882	0.00793	0.01091	0.00986	0.01399	0.01587	0.08922	0.01614	0.05888	0.32623	0.24911	0.12673	0.00745	0.00341	0.00496
119	0.01460	0.10683	0.30358	0.02211	0.02968	0.01685	0.37270	0.02046	0.01441	0.02001	0.01206	0.01522	0.00902	0.00572	0.00668	0.00204	0.00995	0.00609	0.00301	0.00898
120	0.00889	0.00659	0.00829	0.00787	0.00950	0.00599	0.00590	0.01171	0.01770	0.02450	0.61871	0.05058	0.17234	0.01373	0.00762	0.00206	0.00309	0.01201	0.00693	0.00599
121	0.01220	0.01148	0.01938	0.75739	0.04450	0.01436	0.01794	0.01651	0.01292	0.01651	0.01148	0.01723	0.00861	0.00646	0.00646	0.00215	0.00861	0.00574	0.00287	0.00718
122	0.01635	0.01623	0.02649	0.03785	0.65930	0.05137	0.05723	0.02017	0.01492	0.02083	0.01210	0.01586	0.01012	0.00578	0.00644	0.00192	0.00805	0.00578	0.00321	0.01002
123	0.00940	0.00626	0.00705	0.00705	0.00705	0.00626	0.00392	0.00940	0.00940	0.01253	0.02036	0.04228	0.02349	0.77292	0.03289	0.00626	0.00626	0.00940	0.00392	0.00392
124	0.02694	0.01054	0.01434	0.01115	0.01579	0.00915	0.00915	0.02950	0.01847	0.66378	0.09803	0.02470	0.02063	0.00853	0.00661	0.00200	0.00525	0.00703	0.00791	0.01049
125	0.01607	0.01388	0.01461	0.01315	0.01680	0.01607	0.01023	0.03433	0.72094	0.02703	0.02630	0.02411	0.01972	0.00877	0.00657	0.00219	0.00511	0.00731	0.00657	0.01023
126	0.21092	0.01532	0.01841	0.04194	0.26843	0.04783	0.01341	0.11848	0.15626	0.02655	0.01455	0.01606	0.01131	0.00675	0.00584	0.00199	0.00664	0.00546	0.00451	0.00935
127	0.01122	0.00561	0.00842	0.00842	0.00842	0.00561	0.00561	0.00842	0.00842	0.01122	0.01122	0.01964	0.01122	0.02245	0.02525	0.81201	0.00561	0.00561	0.00281	0.00281
128	0.00787	0.00562	0.00750	0.00900	0.00937	0.00525	0.00600	0.00900	0.01237	0.01649	0.03561	0.76871	0.04274	0.02024	0.00825	0.00262	0.00375	0.01837	0.00600	0.00525
129	0.01836	0.65849	0.03139	0.01194	0.01712	0.13999	0.01128	0.02037	0.01395	0.01530	0.00914	0.01057	0.00830	0.00571	0.00441	0.00143	0.00766	0.00357	0.00285	0.00816
130	0.02382	0.03032	0.01902	0.01702	0.02047	0.72096	0.03730	0.02562	0.01820	0.01599	0.01010	0.01186	0.00838	0.00662	0.00589	0.00168	0.01163	0.00428	0.00333	0.00753
131	0.02401	0.01688	0.01973	0.01761	0.11030	0.01816	0.01290	0.54043	0.02694	0.12293	0.01630	0.01636	0.01150	0.00753	0.00646	0.00194	0.00699	0.00589	0.00623	0.01089
132	0.01340	0.01148	0.01340	0.00957	0.01531	0.00861	0.00766	0.01627	0.01340	0.02105	0.01148	0.01340	0.00957	0.00479	0.00479	0.00096	0.00479	0.00383	0.00383	0.81242
133	0.01538	0.01142	0.01360	0.00982	0.01546	0.00873	0.00789	0.01821	0.01405	0.11219	0.01327	0.01449	0.01039	0.00519	0.00500	0.00109	0.00488	0.00417	0.00436	0.71042
134	0.01220	0.01148	0.01938	0.75739	0.04450	0.01436	0.01794	0.01651	0.01292	0.01651	0.01148	0.01723	0.00861	0.00646	0.00646	0.00215	0.00861	0.00574	0.00287	0.00718
135	0.01220	0.01148	0.01938	0.75739	0.04450	0.01436	0.01794	0.01651	0.01292	0.01651	0.01148	0.01723	0.00861	0.00646	0.00646	0.00215	0.00861	0.00574	0.00287	0.00718
136	0.00787	0.00562	0.00750	0.00900	0.00937	0.00525	0.00600	0.00900	0.01237	0.01649	0.03561	0.76871	0.04274	0.02024	0.00825	0.00262	0.00375	0.01837	0.00600	0.00525
137	0.01727	0.77681	0.03386	0.01106	0.01658	0.02557	0.01106	0.01935	0.01313	0.01520	0.00898	0.01036	0.00829	0.00553	0.00415	0.00138	0.00691	0.00345	0.00276	0.00829
138	0.81856	0.01250	0.00950	0.00850	0.01250	0.01449	0.00700	0.01899	0.01100	0.02899	0.00900	0.01050	0.00700	0.00600	0.00400	0.00200	0.00500	0.00350	0.00400	0.00700
139	0.00993	0.00666	0.00822	0.00775	0.00948	0.00610	0.00584	0.01275	0.01720	0.04732	0.52346	0.04640	0.14963	0.01278	0.00720	0.00199	0.00315	0.01109	0.10690	0.00615
140	0.00822	0.00652	0.00739	0.00727	0.00911	0.00569	0.00542	0.01038	0.01597	0.02064	0.31757	0.09159	0.44061	0.01535	0.00766	0.00215	0.00321	0.01312	0.00643	0.00569
141	0.01191	0.00724	0.00905	0.00822	0.01042	0.00647	0.00630	0.01455	0.01737	0.13200	0.45037	0.04670	0.20458	0.01296	0.00736	0.00205	0.00347	0.01117	0.03112	0.00669
142	0.01035	0.00739	0.01034	0.01183	0.01329	0.00738	0.01030	0.01328	0.01481	0.01927	0.03425	0.09005	0.03732	0.01791	0.00891	0.00297	0.00590	0.67258	0.00595	0.00593
143	0.02513	0.01719	0.01883	0.01444	0.01959	0.01870	0.01193	0.62458	0.02887	0.12935	0.01678	0.01634	0.01163	0.00779	0.00647	0.00195	0.00690	0.00590	0.00666	0.01099
144	0.81856	0.01250	0.00950	0.00850	0.01250	0.01449	0.00700	0.01899	0.01100	0.02899	0.00900	0.01050	0.00700	0.00600	0.00400	0.00200	0.00500	0.00350	0.00400	0.00700
145	0.01804	0.49090	0.14822	0.01350	0.01922	0.18033	0.01350	0.02093	0.01434	0.01621	0.00964	0.01119	0.00828	0.00588	0.00484	0.00155	0.00838	0.00383	0.00288	0.00833
146	0.01034	0.00724	0.00959	0.01071	0.01216	0.00723	0.00896	0.01360	0.03968	0.01990	0.05675	0.15285	0.05474	0.01659	0.00823	0.00270	0.00518	0.47023	0.08732	0.00601
147	0.01303	0.03294	0.71834	0.01868	0.02814	0.01505	0.04450	0.02047	0.01369	0.02047	0.01164	0.01376	0.00823	0.00612	0.00618	0.00205	0.00959	0.00486	0.00274	0.00952
148	0.01403	0.01146	0.01346	0.00965	0.01536	0.00865	0.00773	0.01689	0.01361	0.05009	0.01205	0.01375	0.00983	0.00492	0.00485	0.00100	0.00481	0.00394	0.00400	0.77993
149	0.03761	0.00642	0.00842	0.00824	0.00913	0.00625	0.00574	0.01142	0.01131	0.06424	0.08358	0.09413	0.05948	0.07210	0.01790	0.41016	0.00487	0.00805	0.07643	0.00452
150	0.64992	0.01106	0.00920	0.00853	0.01172	0.01261	0.00674	0.01683	0.01078	0.02571	0.01144	0.07328	0.01044	0.00925	0.00705	0.10515	0.00497	0.00498	0.00401	0.00632

[dist]
# distance from previous block
# <min> <max>
2	8

[block]
# block no. 1 follows, 34 sequences, length 68
# corresponding to MSA columns:
# 185-252
name=unknown_B
#
# <colnr> <probs for GDERKNQSTAVLIFYWHMCP>
#	G	D	E	R	K	N	Q	S	T	A	V	L	I	F	Y	W	H	M	C	P
0	0.01382	0.01208	0.01908	0.01828	0.12865	0.01196	0.15424	0.02055	0.16416	0.05125	0.20442	0.04919	0.05251	0.00943	0.00712	0.00209	0.00610	0.03008	0.00540	0.03962
1	0.01246	0.01175	0.01984	0.70877	0.09112	0.01442	0.01807	0.01673	0.01304	0.01682	0.01153	0.01714	0.00872	0.00641	0.00646	0.00214	0.00855	0.00574	0.00289	0.00738
2	0.01407	0.01357	0.02362	0.39399	0.34643	0.01492	0.06397	0.01824	0.01386	0.01881	0.01188	0.01670	0.00940	0.00608	0.00651	0.00205	0.00835	0.00587	0.00304	0.00862
3	0.02210	0.01634	0.04116	0.01377	0.01839	0.01712	0.01141	0.49052	0.09490	0.09514	0.01820	0.03849	0.01398	0.06786	0.00857	0.00233	0.00670	0.00659	0.00627	0.01017
4	0.02456	0.01810	0.01939	0.01487	0.02004	0.02004	0.01228	0.71107	0.03038	0.04072	0.01551	0.01551	0.01099	0.00776	0.00646	0.00194	0.00711	0.00582	0.00646	0.01099
5	0.01432	0.01104	0.03368	0.01760	0.20255	0.01012	0.01104	0.01789	0.04040	0.12064	0.23716	0.05148	0.09888	0.00998	0.00729	0.00198	0.02882	0.00865	0.00554	0.07096
6	0.01641	0.67551	0.07116	0.01141	0.01682	0.02362	0.01153	0.01880	0.01294	0.01548	0.00978	0.01172	0.00890	0.00891	0.06225	0.00212	0.00787	0.00380	0.00282	0.00816
7	0.81856	0.01250	0.00950	0.00850	0.01250	0.01449	0.00700	0.01899	0.01100	0.02899	0.00900	0.01050	0.00700	0.00600	0.00400	0.00200	0.00500	0.00350	0.00400	0.00700
8	0.00796	0.00576	0.00752	0.00877	0.00935	0.00533	0.00593	0.00926	0.01299	0.01729	0.09167	0.66661	0.08879	0.01944	0.00816	0.00255	0.00366	0.01754	0.00609	0.00533
9	0.01296	0.03342	0.73944	0.01842	0.02797	0.01501	0.02387	0.02046	0.01364	0.02046	0.01160	0.01364	0.00818	0.00614	0.00614	0.00205	0.00955	0.00477	0.00273	0.00955
10	0.00839	0.00659	0.00847	0.01019	0.05647	0.00601	0.00657	0.00993	0.01353	0.01752	0.07424	0.46576	0.25711	0.01777	0.00791	0.00241	0.00383	0.01576	0.00587	0.00568
11	0.01525	0.01743	0.03813	0.02723	0.03377	0.01634	0.70915	0.02070	0.01525	0.02070	0.01307	0.01743	0.00980	0.00545	0.00763	0.00218	0.01089	0.00763	0.00327	0.00871
12	0.00935	0.00703	0.00895	0.00981	0.01148	0.00663	0.00818	0.01184	0.01501	0.01916	0.09836	0.09183	0.25812	0.01710	0.00839	0.00264	0.00480	0.39947	0.00606	0.00578
13	0.02883	0.01125	0.01515	0.01162	0.01662	0.00987	0.00960	0.05582	0.01892	0.71216	0.02513	0.02176	0.01582	0.00799	0.00650	0.00200	0.00556	0.00647	0.00794	0.01100
14	0.01502	0.01264	0.01358	0.01220	0.01552	0.01428	0.00947	0.05611	0.55880	0.02708	0.14039	0.02887	0.04840	0.00968	0.00677	0.00216	0.00480	0.00815	0.00664	0.00944
15	0.02414	0.03079	0.01831	0.01665	0.01998	0.74698	0.01248	0.02580	0.01831	0.01581	0.00999	0.01165	0.00832	0.00666	0.00583	0.00166	0.01165	0.00416	0.00333	0.00749
16	0.00980	0.00728	0.00864	0.00859	0.00913	0.03026	0.00573	0.01071	0.01004	0.01355	0.01890	0.03503	0.02028	0.47914	0.29795	0.00765	0.01054	0.00831	0.00373	0.00472
17	0.02218	0.00950	0.01276	0.01030	0.01413	0.00832	0.00830	0.02482	0.01831	0.49439	0.24454	0.03139	0.05233	0.00987	0.00688	0.00202	0.00467	0.00833	0.00766	0.00931
18	0.73168	0.01233	0.01010	0.00883	0.01294	0.01394	0.00727	0.02037	0.01182	0.10691	0.01081	0.01176	0.00799	0.00622	0.00427	0.00200	0.00505	0.00383	0.00444	0.00744
19	0.00949	0.00746	0.00868	0.00828	0.01024	0.00711	0.00623	0.01392	0.10473	0.02303	0.40580	0.07507	0.26799	0.01391	0.00752	0.00212	0.00340	0.01199	0.00665	0.00638
20	0.00940	0.00626	0.00705	0.00705	0.00705	0.00626	0.00392	0.00940	0.00940	0.01253	0.02036	0.04228	0.02349	0.77292	0.03289	0.00626	0.00626	0.00940	0.00392	0.00392
21	0.01414	0.01414	0.01979	0.01696	0.01696	0.01979	0.01414	0.01555	0.00990	0.01555	0.00848	0.01414	0.00848	0.01131	0.02120	0.00283	0.76110	0.00565	0.00283	0.00707
22	0.00802	0.00571	0.00759	0.00903	0.00943	0.00536	0.00608	0.00917	0.01235	0.01646	0.03502	0.71807	0.04185	0.04681	0.00914	0.00277	0.00392	0.04207	0.00592	0.00523
23	0.00795	0.00571	0.00757	0.00902	0.00949	0.00533	0.00611	0.00916	0.01253	0.01662	0.03650	0.72275	0.06412	0.02004	0.00825	0.00262	0.00381	0.04114	0.00600	0.00528
24	0.01834	0.42325	0.02688	0.01375	0.01753	0.20765	0.01208	0.02017	0.01375	0.01543	0.00913	0.01150	0.00834	0.00706	0.00824	0.00176	0.17028	0.00411	0.00292	0.00783
25	0.00786	0.00566	0.00746	0.00891	0.00935	0.00526	0.00596	0.00901	0.01245	0.01653	0.03666	0.74380	0.06696	0.02011	0.00823	0.00261	0.00373	0.01820	0.00600	0.00526
26	0.00814	0.00581	0.00780	0.00930	0.00979	0.00548	0.00646	0.00946	0.01263	0.01679	0.03546	0.69545	0.04215	0.01999	0.00832	0.00266	0.00398	0.08899	0.00599	0.00532
27	0.01492	0.01628	0.03381	0.09496	0.14087	0.01573	0.52201	0.01995	0.01504	0.02052	0.03215	0.01802	0.01114	0.00580	0.00733	0.00213	0.00998	0.00728	0.00333	0.00874
28	0.01340	0.01148	0.01340	0.00957	0.01531	0.00861	0.00766	0.01627	0.01340	0.02105	0.01148	0.01340	0.00957	0.00479	0.00479	0.00096	0.00479	0.00383	0.00383	0.81242
29	0.02483	0.01767	0.01913	0.01466	0.01982	0.01940	0.01211	0.66995	0.02966	0.08286	0.01612	0.01590	0.01129	0.00777	0.00647	0.00194	0.00701	0.00586	0.00656	0.01099
30	0.00923	0.00626	0.00703	0.00708	0.00724	0.00618	0.00405	0.00937	0.00985	0.01299	0.02385	0.06931	0.07037	0.69680	0.03036	0.00587	0.00598	0.00999	0.00413	0.00406
31	0.01599	0.01535	0.02623	0.03966	0.73262	0.01535	0.01983	0.01983	0.01471	0.02111	0.01215	0.01599	0.01023	0.00576	0.00640	0.00192	0.00768	0.00576	0.00320	0.01023
32	0.02882	0.01127	0.01516	0.01163	0.01663	0.00990	0.00960	0.05773	0.01895	0.71020	0.02511	0.02174	0.01580	0.00799	0.00650	0.00200	0.00556	0.00647	0.00794	0.01100
33	0.01525	0.01743	0.03813	0.02723	0.03377	0.01634	0.70915	0.02070	0.01525	0.02070	0.01307	0.01743	0.00980	0.00545	0.00763	0.00218	0.01089	0.00763	0.00327	0.00871
34	0.01340	0.01148	0.01340	0.00957	0.01531	0.00861	0.00766	0.01627	0.01340	0.02105	0.01148	0.01340	0.00957	0.00479	0.00479	0.00096	0.00479	0.00383	0.00383	0.81242
35	0.01340	0.01148	0.01340	0.00957	0.01531	0.00861	0.00766	0.01627	0.01340	0.02105	0.01148	0.01340	0.00957	0.00479	0.00479	0.00096	0.00479	0.00383	0.00383	0.81242
36	0.01727	0.77681	0.03386	0.01106	0.01658	0.02557	0.01106	0.01935	0.01313	0.01520	0.00898	0.01036	0.00829	0.00553	0.00415	0.00138	0.00691	0.00345	0.00276	0.00829
37	0.01220	0.01148	0.01938	0.75739	0.04450	0.01436	0.01794	0.01651	0.01292	0.01651	0.01148	0.01723	0.00861	0.00646	0.00646	0.00215	0.00861	0.00574	0.00287	0.00718
38	0.01860	0.63400	0.03093	0.01205	0.01723	0.13464	0.01132	0.04748	0.01459	0.01630	0.00939	0.01076	0.00840	0.00579	0.00449	0.00145	0.00764	0.00365	0.00299	0.00828
39	0.00908	0.00659	0.00849	0.00802	0.00953	0.00607	0.00598	0.01197	0.01786	0.02511	0.67604	0.04879	0.09319	0.03496	0.00834	0.00216	0.00315	0.01172	0.00697	0.00600
40	0.01220	0.01148	0.01938	0.75739	0.04450	0.01436	0.01794	0.01651	0.01292	0.01651	0.01148	0.01723	0.00861	0.00646	0.00646	0.00215	0.00861	0.00574	0.00287	0.00718
41	0.00764	0.00655	0.00655	0.00655	0.00873	0.00545	0.00491	0.00927	0.01473	0.01745	0.06546	0.06218	0.73000	0.01636	0.00764	0.00218	0.00327	0.01364	0.00600	0.00545
42	0.00770	0.00651	0.00666	0.00670	0.00879	0.00547	0.00500	0.00937	0.01477	0.01774	0.08991	0.08939	0.67718	0.01639	0.00766	0.00219	0.00328	0.01375	0.00604	0.00547
43	0.01004	0.00675	0.00867	0.00831	0.00991	0.00621	0.00616	0.01254	0.01662	0.06605	0.48227	0.13341	0.12439	0.04252	0.03473	0.00256	0.00392	0.01213	0.00667	0.00613
44	0.01832	0.01384	0.01505	0.01301	0.01692	0.01550	0.01026	0.11891	0.53135	0.10686	0.04974	0.02364	0.01967	0.00871	0.00659	0.00213	0.00534	0.00718	0.00674	0.01026
45	0.01607	0.01388	0.01461	0.01315	0.01680	0.01607	0.01023	0.03433	0.72094	0.02703	0.02630	0.02411	0.01972	0.00877	0.00657	0.00219	0.00511	0.00731	0.00657	0.01023
46	0.01204	0.00602	0.00602	0.00602	0.00753	0.00602	0.00452	0.01506	0.01355	0.02409	0.02108	0.02409	0.01656	0.00753	0.00452	0.00151	0.00301	0.00602	0.80879	0.00602
47	0.01048	0.00604	0.00826	0.00851	0.00873	0.00603	0.00579	0.00938	0.00970	0.01287	0.01777	0.05939	0.01931	0.23594	0.02465	0.44520	0.00578	0.09889	0.00366	0.00363
48	0.00853	0.00616	0.00799	0.00925	0.00982	0.00597	0.00626	0.01063	0.05856	0.01700	0.03415	0.69388	0.04013	0.01957	0.00873	0.03084	0.00390	0.01720	0.00592	0.00549
49	0.01525	0.01743	0.03813	0.02723	0.03377	0.01634	0.70915	0.02070	0.01525	0.02070	0.01307	0.01743	0.00980	0.00545	0.00763	0.00218	0.01089	0.00763	0.00327	0.00871
50	0.02147	0.01180	0.01436	0.01148	0.01545	0.01166	0.00929	0.23296	0.02206	0.30341	0.24121	0.02818	0.02845	0.00954	0.00684	0.00199	0.00523	0.00790	0.00725	0.00947
51	0.00926	0.00675	0.00889	0.00994	0.01107	0.00655	0.00771	0.01183	0.03555	0.01889	0.11253	0.33896	0.08301	0.03737	0.00898	0.00275	0.00459	0.27358	0.00607	0.00574
52	0.81856	0.01250	0.00950	0.00850	0.01250	0.01449	0.00700	0.01899	0.01100	0.02899	0.00900	0.01050	0.00700	0.00600	0.00400	0.00200	0.00500	0.00350	0.00400	0.00700
53	0.01649	0.38623	0.12528	0.06762	0.08396	0.08096	0.01393	0.03689	0.06640	0.01816	0.01353	0.01507	0.03765	0.00651	0.00529	0.00170	0.00759	0.00480	0.00335	0.00859
54	0.01110	0.00702	0.00831	0.00770	0.00987	0.00623	0.00588	0.01355	0.01650	0.10281	0.32892	0.04820	0.30491	0.01326	0.00720	0.00203	0.00341	0.01128	0.08544	0.00640
55	0.02037	0.05146	0.05673	0.08473	0.14369	0.43772	0.03191	0.03876	0.01673	0.01767	0.01068	0.01324	0.00877	0.00658	0.00653	0.00182	0.03644	0.00475	0.00327	0.00816
56	0.00915	0.00792	0.03705	0.00846	0.01053	0.00659	0.00668	0.01226	0.03773	0.02245	0.41597	0.13212	0.21297	0.01407	0.00751	0.00210	0.00356	0.01225	0.00642	0.03421
57	0.01428	0.19723	0.48874	0.01818	0.06051	0.01748	0.05846	0.02055	0.03190	0.01950	0.01150	0.01351	0.00870	0.00601	0.00580	0.00190	0.00883	0.00475	0.00289	0.00927
58	0.01727	0.77681	0.03386	0.01106	0.01658	0.02557	0.01106	0.01935	0.01313	0.01520	0.00898	0.01036	0.00829	0.00553	0.00415	0.00138	0.00691	0.00345	0.00276	0.00829
59	0.01401	0.01147	0.01346	0.00965	0.01536	0.00865	0.00773	0.01687	0.01360	0.04917	0.01203	0.01374	0.00982	0.00491	0.00485	0.00100	0.00481	0.00393	0.00399	0.78096
60	0.00787	0.00562	0.00750	0.00900	0.00937	0.00525	0.00600	0.00900	0.01237	0.01649	0.03561	0.76871	0.04274	0.02024	0.00825	0.00262	0.00375	0.01837	0.00600	0.00525
61	0.01122	0.00561	0.00842	0.00842	0.00842	0.00561	0.00561	0.00842	0.00842	0.01122	0.01122	0.01964	0.01122	0.02245	0.02525	0.81201	0.00561	0.00561	0.00281	0.00281
62	0.01363	0.01455	0.02992	0.06830	0.06926	0.01391	0.47976	0.01809	0.01464	0.01971	0.01862	0.12816	0.03931	0.00844	0.00762	0.00225	0.00913	0.03289	0.00381	0.00801
63	0.04016	0.18846	0.04698	0.01918	0.15236	0.26377	0.01371	0.11214	0.01745	0.04552	0.01141	0.01317	0.00926	0.00656	0.00617	0.00176	0.03474	0.00466	0.00373	0.00880
64	0.03868	0.07200	0.07021	0.03866	0.01801	0.01156	0.08316	0.02219	0.05944	0.25520	0.23025	0.02747	0.02728	0.00889	0.00668	0.00200	0.00581	0.00774	0.00608	0.00870
65	0.04811	0.01551	0.02280	0.03028	0.48479	0.05436	0.03400	0.04673	0.01527	0.04045	0.01230	0.01529	0.01006	0.00579	0.00605	0.00176	0.00732	0.00534	0.00359	0.14019
66	0.07242	0.00722	0.00964	0.00956	0.01070	0.00821	0.00714	0.01168	0.01023	0.01559	0.01728	0.02766	0.01693	0.19268	0.54382	0.00889	0.01410	0.00716	0.00360	0.00549
67	0.01702	0.26619	0.06217	0.02158	0.23556	0.14571	0.03881	0.02039	0.03685	0.01804	0.01302	0.07233	0.01198	0.00707	0.00574	0.00178	0.00794	0.00578	0.00338	0.00865

[dist]
# distance from previous block
# <min> <max>
0	1

[block]
# block no. 2 follows, 34 sequences, length 29
# corresponding to MSA columns:
# 254-282
name=unknown_C
#
# <colnr> <probs for GDERKNQSTAVLIFYWHMCP>
#	G	D	E	R	K	N	Q	S	T	A	V	L	I	F	Y	W	H	M	C	P
0	0.05661	0.01756	0.01937	0.14048	0.07556	0.07629	0.01356	0.46013	0.02452	0.03276	0.01387	0.01531	0.01015	0.00723	0.00630	0.00195	0.00767	0.00557	0.00527	0.00984
1	0.02406	0.01421	0.01662	0.01261	0.01783	0.01396	0.01037	0.32756	0.02275	0.29362	0.01842	0.01750	0.01256	0.00728	0.00615	0.00177	0.00607	0.00569	0.00652	0.16445
2	0.00864	0.00658	0.00933	0.12231	0.01463	0.00670	0.00774	0.01029	0.01261	0.01677	0.06170	0.59840	0.03770	0.04373	0.00880	0.00265	0.00454	0.01585	0.00550	0.00553
3	0.01542	0.01776	0.13333	0.11370	0.52616	0.01535	0.01997	0.04359	0.01490	0.02119	0.01211	0.01575	0.00977	0.00596	0.00637	0.00196	0.00804	0.00561	0.00321	0.00982
4	0.00952	0.00670	0.00818	0.00826	0.00848	0.00704	0.00532	0.01006	0.01008	0.01363	0.02166	0.10831	0.02461	0.56006	0.09538	0.00598	0.04256	0.04561	0.00412	0.00447
5	0.00940	0.00626	0.00705	0.00705	0.00705	0.00626	0.00392	0.00940	0.00940	0.01253	0.02036	0.04228	0.02349	0.77292	0.03289	0.00626	0.00626	0.00940	0.00392	0.00392
6	0.13450	0.01440	0.01555	0.01227	0.01698	0.05235	0.01005	0.25173	0.02119	0.34960	0.01900	0.01783	0.01274	0.00756	0.00604	0.00194	0.00620	0.00573	0.03424	0.01009
7	0.05428	0.01770	0.01881	0.01455	0.01961	0.01965	0.01199	0.65521	0.05988	0.03968	0.01574	0.01570	0.01122	0.00773	0.00638	0.00195	0.00694	0.00579	0.00638	0.01080
8	0.02456	0.01810	0.01939	0.01487	0.02004	0.02004	0.01228	0.71107	0.03038	0.04072	0.01551	0.01551	0.01099	0.00776	0.00646	0.00194	0.00711	0.00582	0.00646	0.01099
9	0.01599	0.01535	0.02623	0.03966	0.73262	0.01535	0.01983	0.01983	0.01471	0.02111	0.01215	0.01599	0.01023	0.00576	0.00640	0.00192	0.00768	0.00576	0.00320	0.01023
10	0.00787	0.00562	0.00750	0.00900	0.00937	0.00525	0.00600	0.00900	0.01237	0.01649	0.03561	0.76871	0.04274	0.02024	0.00825	0.00262	0.00375	0.01837	0.00600	0.00525
11	0.01525	0.01743	0.03813	0.02723	0.03377	0.01634	0.70915	0.02070	0.01525	0.02070	0.01307	0.01743	0.00980	0.00545	0.00763	0.00218	0.01089	0.00763	0.00327	0.00871
12	0.00804	0.00574	0.00769	0.00919	0.00964	0.00540	0.00629	0.00929	0.01254	0.01669	0.03552	0.72196	0.04236	0.02008	0.00829	0.00265	0.00390	0.06343	0.00599	0.00530
13	0.31277	0.01582	0.01565	0.01244	0.01718	0.01766	0.01027	0.43632	0.02293	0.06073	0.01350	0.01392	0.00971	0.00713	0.00557	0.00196	0.00629	0.00500	0.00562	0.00954
14	0.00792	0.00566	0.00754	0.00897	0.00938	0.00528	0.00600	0.00911	0.01257	0.01682	0.05926	0.74414	0.04336	0.02000	0.00823	0.00260	0.00372	0.01814	0.00604	0.00528
15	0.01769	0.00974	0.01078	0.00924	0.01223	0.01000	0.00732	0.13122	0.09391	0.16213	0.02159	0.02233	0.01591	0.00779	0.00543	0.00174	0.00436	0.00622	0.44216	0.00821
16	0.00996	0.00715	0.00987	0.01131	0.01266	0.00706	0.00961	0.01263	0.01452	0.01887	0.03548	0.16999	0.06171	0.01813	0.00879	0.00290	0.00555	0.57201	0.00596	0.00583
17	0.00943	0.00630	0.00854	0.00982	0.01067	0.00597	0.00723	0.01107	0.01325	0.04902	0.03482	0.56525	0.04019	0.01912	0.00834	0.00268	0.00437	0.18217	0.00607	0.00567
18	0.01364	0.02983	0.59896	0.01804	0.02595	0.01595	0.02189	0.04986	0.01380	0.02060	0.01129	0.01380	0.00835	0.00699	0.00844	0.00216	0.12333	0.00495	0.00291	0.00924
19	0.00787	0.00562	0.00750	0.00900	0.00937	0.00525	0.00600	0.00900	0.01237	0.01649	0.03561	0.76871	0.04274	0.02024	0.00825	0.00262	0.00375	0.01837	0.00600	0.00525
20	0.01525	0.01743	0.03813	0.02723	0.03377	0.01634	0.70915	0.02070	0.01525	0.02070	0.01307	0.01743	0.00980	0.00545	0.00763	0.00218	0.01089	0.00763	0.00327	0.00871
