[name]
unknown

[dist]
# distance from previous block
# <min> <max>
13	43

[block]
# block no. 0 follows, 33 sequences, length 140
# corresponding to MSA columns:
# 51-190
name=unknown_A
#
# <colnr> <probs for GDERKNQSTAVLIFYWHMCP>
#	G	D	E	R	K	N	Q	S	T	A	V	L	I	F	Y	W	H	M	C	P
0	0.09347	0.01221	0.01459	0.11751	0.06469	0.03421	0.01087	0.14617	0.07304	0.05599	0.01978	0.11315	0.01850	0.10110	0.05443	0.00321	0.00724	0.04693	0.00502	0.00788
1	0.06446	0.01302	0.03008	0.14623	0.04857	0.09469	0.01108	0.03415	0.01536	0.10170	0.08593	0.14631	0.06079	0.01058	0.00717	0.00211	0.02651	0.02788	0.00500	0.06839
2	0.06632	0.01059	0.01449	0.09309	0.07998	0.02958	0.04894	0.03593	0.05718	0.06293	0.04319	0.12826	0.02084	0.08191	0.08048	0.05161	0.00743	0.04796	0.03220	0.00709
3	0.08783	0.00915	0.01193	0.03341	0.01399	0.00930	0.05984	0.04796	0.05931	0.02041	0.04786	0.28297	0.10794	0.08084	0.05116	0.00316	0.00593	0.03375	0.00531	0.02797
4	0.03693	0.01452	0.01767	0.08068	0.06095	0.11735	0.09967	0.06921	0.03887	0.07654	0.04251	0.06726	0.08726	0.03156	0.00886	0.06010	0.00728	0.00763	0.00464	0.07051
5	0.04189	0.01039	0.01460	0.05566	0.04687	0.00987	0.06191	0.04117	0.03895	0.17553	0.10199	0.10587	0.09922	0.01188	0.02977	0.02599	0.00585	0.00888	0.02474	0.08896
6	0.07808	0.01131	0.01582	0.11722	0.04322	0.03235	0.08956	0.05345	0.01541	0.10381	0.07922	0.13202	0.04492	0.05872	0.00857	0.00242	0.00638	0.03324	0.04243	0.03187
7	0.06810	0.01185	0.01449	0.06725	0.05688	0.05153	0.03731	0.06715	0.01609	0.11516	0.10565	0.13476	0.04428	0.04822	0.00798	0.00219	0.00591	0.00858	0.00531	0.13130
8	0.30253	0.01252	0.01307	0.03266	0.01556	0.01368	0.00902	0.17814	0.04833	0.12266	0.05191	0.05966	0.01534	0.01072	0.03242	0.05567	0.00607	0.00629	0.00545	0.00829
9	0.01442	0.01361	0.02051	0.17814	0.36526	0.04738	0.01600	0.01894	0.05269	0.02164	0.16252	0.02370	0.02137	0.00781	0.00678	0.00203	0.00708	0.00714	0.00422	0.00877
10	0.01243	0.01170	0.01975	0.75282	0.04534	0.01463	0.01828	0.01682	0.01316	0.01682	0.01170	0.01755	0.00878	0.00658	0.00658	0.00219	0.00878	0.00585	0.00293	0.00731
11	0.05553	0.00811	0.01019	0.00975	0.01025	0.00938	0.00690	0.01154	0.01009	0.01491	0.01805	0.07111	0.01963	0.38939	0.17837	0.03065	0.12877	0.00847	0.00380	0.00512
12	0.00900	0.00672	0.00836	0.00795	0.00964	0.00608	0.00596	0.01181	0.01789	0.02462	0.58867	0.05210	0.19866	0.01412	0.00777	0.00210	0.00315	0.01232	0.00701	0.00608
13	0.02477	0.01831	0.01961	0.01510	0.02032	0.02030	0.01245	0.68591	0.05107	0.04108	0.01613	0.01606	0.01146	0.00793	0.00659	0.00198	0.00718	0.00597	0.00659	0.01117
14	0.02228	0.01847	0.06492	0.01498	0.02019	0.01916	0.01280	0.50814	0.18621	0.03697	0.01806	0.01768	0.01304	0.00803	0.00659	0.00204	0.00694	0.00620	0.00637	0.01092
15	0.01399	0.16690	0.60861	0.01741	0.02641	0.01722	0.02197	0.02064	0.01381	0.01988	0.01134	0.01330	0.00836	0.00614	0.00589	0.00196	0.00925	0.00462	0.00279	0.00950
16	0.00778	0.00667	0.00667	0.00667	0.00889	0.00556	0.00500	0.00945	0.01501	0.01778	0.06669	0.06336	0.72490	0.01667	0.00778	0.00222	0.00333	0.01389	0.00611	0.00556
17	0.01532	0.01741	0.03793	0.02720	0.03368	0.01632	0.68321	0.02074	0.01545	0.02096	0.01399	0.03965	0.01097	0.00599	0.00779	0.00223	0.01089	0.00809	0.00341	0.00878
18	0.01706	0.01947	0.16462	0.06434	0.03122	0.01521	0.43179	0.02248	0.01560	0.12940	0.01488	0.01773	0.01057	0.00614	0.00724	0.00217	0.00987	0.00694	0.00394	0.00931
19	0.01627	0.01565	0.02657	0.03835	0.65823	0.01573	0.04868	0.02107	0.05437	0.02183	0.01323	0.01682	0.01095	0.00602	0.00658	0.00198	0.00781	0.00604	0.00345	0.01036
20	0.01760	0.77260	0.03450	0.01126	0.01690	0.02605	0.01126	0.01971	0.01338	0.01549	0.00915	0.01056	0.00845	0.00563	0.00422	0.00141	0.00704	0.00352	0.00282	0.00845
21	0.01577	0.02127	0.26902	0.04362	0.05140	0.01432	0.28648	0.02126	0.01520	0.10676	0.03462	0.06076	0.01350	0.00722	0.00707	0.00216	0.00916	0.00726	0.00398	0.00918
22	0.01554	0.01776	0.03885	0.02775	0.03441	0.01665	0.70366	0.02109	0.01554	0.02109	0.01332	0.01776	0.00999	0.00555	0.00777	0.00222	0.01110	0.00777	0.00333	0.00888
23	0.02834	0.01140	0.01523	0.01175	0.01668	0.01012	0.00967	0.06899	0.01951	0.66043	0.05796	0.02328	0.01815	0.00838	0.00667	0.00204	0.00558	0.00683	0.00802	0.01097
24	0.81514	0.01273	0.00968	0.00866	0.01273	0.01477	0.00713	0.01935	0.01120	0.02954	0.00917	0.01069	0.00713	0.00611	0.00407	0.00204	0.00509	0.00356	0.00407	0.00713
25	0.01335	0.05844	0.71141	0.01852	0.02811	0.01564	0.02389	0.02081	0.01388	0.02067	0.01173	0.01379	0.00834	0.00623	0.00619	0.00206	0.00964	0.00482	0.00278	0.00969
26	0.02446	0.01793	0.01986	0.03960	0.04415	0.01977	0.01287	0.64196	0.02952	0.05971	0.01585	0.01607	0.01124	0.00780	0.00658	0.00198	0.00727	0.00594	0.00640	0.01105
27	0.02208	0.02337	0.01691	0.01500	0.01864	0.42067	0.01155	0.10724	0.13054	0.06753	0.01906	0.02050	0.05952	0.00838	0.00640	0.00192	0.00910	0.02816	0.00487	0.00854
28	0.01684	0.01511	0.01510	0.01360	0.01730	0.05714	0.01055	0.03449	0.67653	0.02690	0.02586	0.02385	0.01944	0.00881	0.00666	0.00220	0.00558	0.00726	0.00651	0.01026
29	0.02954	0.01120	0.01528	0.01171	0.01681	0.00968	0.00968	0.03208	0.01884	0.73213	0.02597	0.02241	0.01630	0.00815	0.00662	0.00204	0.00560	0.00662	0.00815	0.01120
30	0.01598	0.01373	0.01454	0.01311	0.01671	0.01580	0.01018	0.03371	0.67653	0.02747	0.06596	0.02594	0.02246	0.00919	0.00676	0.00222	0.00509	0.00769	0.00673	0.01018
31	0.01977	0.60376	0.03053	0.01190	0.01724	0.09768	0.01122	0.02189	0.01458	0.10275	0.01130	0.01214	0.00941	0.00606	0.00469	0.00151	0.00736	0.00397	0.00352	0.00870
32	0.01637	0.01414	0.01489	0.01340	0.01712	0.01637	0.01042	0.03498	0.71568	0.02754	0.02679	0.02456	0.02010	0.00893	0.00670	0.00223	0.00521	0.00744	0.00670	0.01042
33	0.81514	0.01273	0.00968	0.00866	0.01273	0.01477	0.00713	0.01935	0.01120	0.02954	0.00917	0.01069	0.00713	0.00611	0.00407	0.00204	0.00509	0.00356	0.00407	0.00713
34	0.00884	0.00671	0.00814	0.00778	0.00954	0.00601	0.00584	0.01151	0.01752	0.02374	0.52135	0.05355	0.26652	0.01445	0.00777	0.00212	0.00318	0.01252	0.00690	0.00601
35	0.00778	0.00667	0.00667	0.00667	0.00889	0.00556	0.00500	0.00945	0.01501	0.01778	0.06669	0.06336	0.72490	0.01667	0.00778	0.00222	0.00333	0.01389	0.00611	0.00556
36	0.01366	0.01351	0.02035	0.01719	0.01799	0.01779	0.08131	0.01559	0.01079	0.01634	0.01140	0.05099	0.01128	0.01560	0.10035	0.00367	0.56521	0.00671	0.00315	0.00713
37	0.01629	0.01564	0.02672	0.04041	0.72757	0.01564	0.02020	0.02020	0.01499	0.02151	0.01238	0.01629	0.01043	0.00587	0.00652	0.00196	0.00782	0.00587	0.00326	0.01043
38	0.01859	0.01524	0.01613	0.01384	0.01796	0.01741	0.01096	0.20652	0.54053	0.03111	0.02398	0.02232	0.01782	0.00867	0.00667	0.00217	0.00573	0.00706	0.00667	0.01062
39	0.01443	0.23971	0.53960	0.01668	0.02526	0.01829	0.02069	0.02053	0.01375	0.01936	0.01107	0.01297	0.00837	0.00608	0.00569	0.00190	0.00898	0.00449	0.00279	0.00937
40	0.01401	0.02485	0.37277	0.11714	0.03296	0.01573	0.28657	0.02042	0.01444	0.02042	0.01238	0.01587	0.00903	0.00602	0.00688	0.00215	0.01014	0.00612	0.00301	0.00909
41	0.01320	0.03405	0.73453	0.01876	0.02849	0.01529	0.02432	0.02085	0.01390	0.02085	0.01181	0.01390	0.00834	0.00625	0.00625	0.00208	0.00973	0.00486	0.00278	0.00973
42	0.01637	0.01414	0.01489	0.01340	0.01712	0.01637	0.01042	0.03498	0.71568	0.02754	0.02679	0.02456	0.02010	0.00893	0.00670	0.00223	0.00521	0.00744	0.00670	0.01042
43	0.00802	0.00573	0.00764	0.00917	0.00955	0.00535	0.00611	0.00917	0.01260	0.01681	0.03628	0.76434	0.04354	0.02062	0.00840	0.00267	0.00382	0.01872	0.00611	0.00535
44	0.00874	0.00664	0.00813	0.00856	0.01009	0.00604	0.00651	0.01093	0.01555	0.02031	0.23861	0.20625	0.28315	0.01685	0.00813	0.00241	0.00383	0.12708	0.00642	0.00578
45	0.00942	0.00700	0.01033	0.01033	0.01142	0.00809	0.00792	0.01160	0.01051	0.01510	0.01786	0.02711	0.01700	0.10163	0.69103	0.01028	0.01682	0.00724	0.00356	0.00574
46	0.00957	0.00638	0.00718	0.00718	0.00718	0.00638	0.00399	0.00957	0.00957	0.01276	0.02074	0.04308	0.02393	0.76864	0.03351	0.00638	0.00638	0.00957	0.00399	0.00399
47	0.01760	0.77260	0.03450	0.01126	0.01690	0.02605	0.01126	0.01971	0.01338	0.01549	0.00915	0.01056	0.00845	0.00563	0.00422	0.00141	0.00704	0.00352	0.00282	0.00845
48	0.02459	0.03138	0.01866	0.01696	0.02035	0.74221	0.01272	0.02629	0.01866	0.01611	0.01018	0.01187	0.00848	0.00678	0.00594	0.00170	0.01187	0.00424	0.00339	0.00763
49	0.00927	0.00669	0.00875	0.00832	0.00982	0.00618	0.00621	0.01229	0.01839	0.02601	0.69647	0.07790	0.06137	0.01375	0.00779	0.00209	0.00313	0.01218	0.00720	0.00618
50	0.00940	0.00705	0.01058	0.01058	0.01176	0.00823	0.00823	0.01176	0.01058	0.01528	0.01763	0.02586	0.01646	0.04937	0.74255	0.01058	0.01763	0.00705	0.00353	0.00588
51	0.01660	0.01161	0.01395	0.01012	0.01582	0.00894	0.00815	0.01946	0.01461	0.15339	0.01435	0.01528	0.01097	0.00548	0.00520	0.00117	0.00501	0.00441	0.00469	0.66080
52	0.01243	0.01170	0.01975	0.75282	0.04534	0.01463	0.01828	0.01682	0.01316	0.01682	0.01170	0.01755	0.00878	0.00658	0.00658	0.00219	0.00878	0.00585	0.00293	0.00731
53	0.02538	0.03647	0.08082	0.01417	0.01976	0.01184	0.08658	0.02974	0.06358	0.52574	0.02293	0.02096	0.01494	0.00768	0.00665	0.00206	0.00657	0.00656	0.00691	0.01069
54	0.01475	0.01192	0.01318	0.01243	0.01546	0.01331	0.00971	0.02813	0.49325	0.04783	0.03039	0.12057	0.05057	0.01178	0.00725	0.00238	0.00510	0.09632	0.00657	0.00910
55	0.02503	0.01844	0.01976	0.01515	0.02042	0.02042	0.01251	0.70562	0.03095	0.04149	0.01581	0.01581	0.01120	0.00790	0.00659	0.00198	0.00724	0.00593	0.00659	0.01120
56	0.00859	0.00617	0.00812	0.00903	0.00984	0.00577	0.00638	0.01037	0.01438	0.01948	0.21881	0.48629	0.06698	0.03763	0.00891	0.00262	0.00385	0.06482	0.00635	0.00560
57	0.01144	0.00572	0.00858	0.00858	0.00858	0.00572	0.00572	0.00858	0.00858	0.01144	0.01144	0.02001	0.01144	0.02287	0.02573	0.80846	0.00572	0.00572	0.00286	0.00286
58	0.02260	0.02312	0.01926	0.14668	0.02480	0.34696	0.01363	0.27528	0.02222	0.02560	0.01252	0.01433	0.00953	0.00716	0.00629	0.00189	0.00962	0.00515	0.00449	0.00889
59	0.01365	0.01170	0.01365	0.00975	0.01560	0.00878	0.00780	0.01658	0.01365	0.02145	0.01170	0.01365	0.00975	0.00488	0.00488	0.00098	0.00488	0.00390	0.00390	0.80888
60	0.01780	0.01196	0.01372	0.01228	0.01574	0.01286	0.00960	0.02959	0.42429	0.18178	0.05330	0.11523	0.02429	0.01069	0.00702	0.00227	0.00509	0.03591	0.00694	0.00966
61	0.07198	0.01370	0.02690	0.02044	0.02505	0.01301	0.42734	0.01793	0.01450	0.04620	0.02008	0.23212	0.01966	0.01002	0.00764	0.00233	0.00837	0.01057	0.00436	0.00782
62	0.01144	0.00572	0.00858	0.00858	0.00858	0.00572	0.00572	0.00858	0.00858	0.01144	0.01144	0.02001	0.01144	0.02287	0.02573	0.80846	0.00572	0.00572	0.00286	0.00286
63	0.00936	0.00695	0.01024	0.01040	0.01149	0.00793	0.00800	0.01156	0.01086	0.01546	0.01973	0.08051	0.01949	0.07504	0.63419	0.00956	0.01576	0.03387	0.00382	0.00577
64	0.02459	0.03138	0.01866	0.01696	0.02035	0.74221	0.01272	0.02629	0.01866	0.01611	0.01018	0.01187	0.00848	0.00678	0.00594	0.00170	0.01187	0.00424	0.00339	0.00763
65	0.01176	0.00894	0.00995	0.00993	0.01156	0.03606	0.00715	0.09729	0.04003	0.03944	0.09128	0.41708	0.11736	0.05876	0.00926	0.00262	0.00467	0.01425	0.00611	0.00650
66	0.00813	0.00593	0.00768	0.00899	0.00965	0.00548	0.00617	0.00946	0.01312	0.01727	0.05719	0.64197	0.11795	0.01991	0.00835	0.00262	0.00384	0.04471	0.00614	0.00542
67	0.00840	0.00594	0.00762	0.00880	0.00920	0.00563	0.00581	0.00940	0.01216	0.01614	0.03406	0.58111	0.05892	0.16678	0.01332	0.00340	0.00438	0.03814	0.00569	0.00511
68	0.01616	0.01266	0.01504	0.13971	0.02069	0.01421	0.01096	0.14527	0.28600	0.05653	0.10424	0.02732	0.04707	0.06431	0.00877	0.00245	0.00597	0.00777	0.00594	0.00892
69	0.02298	0.14718	0.02119	0.04732	0.02087	0.59861	0.01273	0.02485	0.01759	0.01604	0.01008	0.01191	0.00849	0.00659	0.00569	0.00167	0.01098	0.00420	0.00328	0.00775
70	0.01554	0.01776	0.03885	0.02775	0.03441	0.01665	0.70366	0.02109	0.01554	0.02109	0.01332	0.01776	0.00999	0.00555	0.00777	0.00222	0.01110	0.00777	0.00333	0.00888
71	0.04611	0.01784	0.01897	0.01479	0.01986	0.01984	0.01215	0.61742	0.10097	0.03972	0.01675	0.01657	0.01200	0.00796	0.00653	0.00200	0.00697	0.00602	0.00653	0.01100
72	0.01243	0.01170	0.01975	0.75282	0.04534	0.01463	0.01828	0.01682	0.01316	0.01682	0.01170	0.01755	0.00878	0.00658	0.00658	0.00219	0.00878	0.00585	0.00293	0.00731
73	0.01545	0.29580	0.44291	0.01599	0.02389	0.06314	0.01899	0.02078	0.01400	0.01866	0.01077	0.01259	0.00839	0.00607	0.00552	0.00182	0.00891	0.00435	0.00283	0.00915
74	0.04756	0.01229	0.01580	0.01214	0.01723	0.01136	0.01003	0.12980	0.02042	0.61492	0.02409	0.02117	0.01534	0.00806	0.00655	0.00203	0.00583	0.00645	0.00782	0.01111
75	0.00913	0.00672	0.00854	0.00808	0.00972	0.00613	0.00606	0.01206	0.01819	0.02534	0.64324	0.05092	0.14363	0.01385	0.00777	0.00209	0.00313	0.01215	0.00711	0.00613
76	0.01243	0.01170	0.01975	0.75282	0.04534	0.01463	0.01828	0.01682	0.01316	0.01682	0.01170	0.01755	0.00878	0.00658	0.00658	0.00219	0.00878	0.00585	0.00293	0.00731
77	0.01993	0.11380	0.27830	0.01696	0.05280	0.03866	0.03897	0.19676	0.01921	0.14041	0.01482	0.01553	0.01051	0.00688	0.00620	0.00196	0.00813	0.00538	0.00468	0.01013
78	0.01596	0.01526	0.02582	0.10157	0.65044	0.01557	0.01979	0.02028	0.03249	0.02125	0.01269	0.01661	0.01053	0.00601	0.00653	0.00198	0.00784	0.00590	0.00332	0.01016
79	0.00779	0.00663	0.00671	0.00679	0.00892	0.00555	0.00505	0.00943	0.01489	0.01774	0.06527	0.09605	0.69312	0.01686	0.00781	0.00224	0.00336	0.01412	0.00611	0.00555
80	0.01263	0.01131	0.01881	0.10118	0.14138	0.01152	0.13001	0.01701	0.06044	0.01993	0.05616	0.07526	0.04465	0.07872	0.01003	0.00278	0.00716	0.18885	0.00469	0.00748
81	0.03956	0.02400	0.11398	0.12470	0.08694	0.31348	0.01559	0.08775	0.04252	0.02047	0.01181	0.01433	0.00933	0.00710	0.00726	0.00198	0.06200	0.00506	0.00364	0.00851
82	0.00886	0.00631	0.00840	0.00905	0.00956	0.00650	0.00617	0.01006	0.01117	0.01524	0.02643	0.34506	0.03004	0.23411	0.23573	0.00606	0.00867	0.01271	0.00475	0.00513
83	0.02954	0.01120	0.01528	0.01171	0.01681	0.00968	0.00968	0.03208	0.01884	0.73213	0.02597	0.02241	0.01630	0.00815	0.00662	0.00204	0.00560	0.00662	0.00815	0.01120
84	0.02501	0.01886	0.01972	0.01521	0.02041	0.04360	0.01252	0.68380	0.03056	0.04067	0.01562	0.01568	0.01111	0.00787	0.00656	0.00197	0.00739	0.00587	0.00648	0.01108
85	0.01365	0.01170	0.01365	0.00975	0.01560	0.00878	0.00780	0.01658	0.01365	0.02145	0.01170	0.01365	0.00975	0.00488	0.00488	0.00098	0.00488	0.00390	0.00390	0.80888
86	0.01533	0.04392	0.05877	0.05047	0.14239	0.01140	0.01164	0.01907	0.03333	0.08537	0.03607	0.01839	0.04243	0.00639	0.00571	0.00150	0.00590	0.00537	0.00428	0.40225
87	0.04404	0.20166	0.07459	0.01458	0.01984	0.15129	0.01290	0.33085	0.04283	0.02846	0.01305	0.01382	0.00999	0.00702	0.00581	0.00181	0.00809	0.00495	0.00477	0.00965
88	0.02449	0.02980	0.01882	0.01766	0.04859	0.67886	0.01288	0.02631	0.01852	0.04972	0.01100	0.01254	0.00892	0.00681	0.00599	0.00172	0.01142	0.00442	0.00361	0.00791
89	0.01365	0.01170	0.01365	0.00975	0.01560	0.00878	0.00780	0.01658	0.01365	0.02145	0.01170	0.01365	0.00975	0.00488	0.00488	0.00098	0.00488	0.00390	0.00390	0.80888
90	0.00792	0.00667	0.00686	0.00682	0.00898	0.00562	0.00511	0.00972	0.01534	0.01857	0.12686	0.06206	0.66424	0.01638	0.00778	0.00221	0.00331	0.01371	0.00622	0.00562
91	0.01379	0.01314	0.01857	0.04132	0.06925	0.01708	0.01348	0.01668	0.05041	0.01712	0.01155	0.01693	0.01067	0.01628	0.12858	0.00384	0.48725	0.00598	0.00327	0.04481
92	0.76725	0.01386	0.01022	0.00916	0.01319	0.05884	0.00747	0.01977	0.01166	0.02872	0.00923	0.01077	0.00721	0.00615	0.00419	0.00202	0.00550	0.00361	0.00403	0.00716
93	0.00802	0.00573	0.00764	0.00917	0.00955	0.00535	0.00611	0.00917	0.01260	0.01681	0.03628	0.76434	0.04354	0.02062	0.00840	0.00267	0.00382	0.01872	0.00611	0.00535
94	0.01320	0.02829	0.54413	0.06023	0.07386	0.01486	0.04263	0.01977	0.01416	0.02087	0.06351	0.01696	0.01247	0.00697	0.00710	0.00212	0.04083	0.00562	0.00316	0.00925
95	0.00812	0.00580	0.00775	0.00928	0.00971	0.00543	0.00628	0.00934	0.01270	0.01692	0.03623	0.73792	0.04332	0.02053	0.00843	0.00269	0.00391	0.04416	0.00611	0.00537
96	0.01289	0.01241	0.02151	0.56405	0.12082	0.01441	0.07883	0.01717	0.01369	0.01779	0.01503	0.02001	0.04955	0.00698	0.00675	0.00217	0.00857	0.00648	0.00318	0.00771
97	0.02528	0.01803	0.01951	0.01495	0.02021	0.01981	0.01235	0.66779	0.03027	0.08028	0.01638	0.01618	0.01148	0.00792	0.00659	0.00198	0.00715	0.00597	0.00667	0.01120
98	0.01863	0.01526	0.01616	0.01385	0.01798	0.01743	0.01097	0.21008	0.53690	0.03118	0.02393	0.02228	0.01777	0.00866	0.00667	0.00217	0.00574	0.00705	0.00667	0.01062
99	0.00778	0.00667	0.00667	0.00667	0.00889	0.00556	0.00500	0.00945	0.01501	0.01778	0.06669	0.06336	0.72490	0.01667	0.00778	0.00222	0.00333	0.01389	0.00611	0.00556
100	0.01454	0.01167	0.01374	0.00986	0.01567	0.00883	0.00791	0.01745	0.01394	0.06137	0.01250	0.01414	0.01012	0.00506	0.00497	0.00103	0.00492	0.00405	0.00414	0.76408
101	0.00943	0.00713	0.00875	0.00827	0.01007	0.00666	0.00623	0.01314	0.05712	0.02488	0.56428	0.05040	0.18140	0.01379	0.00771	0.00211	0.00327	0.01202	0.00701	0.00633
102	0.01625	0.01576	0.02740	0.03970	0.68864	0.01570	0.05859	0.02025	0.01502	0.02148	0.01244	0.01638	0.01040	0.00585	0.00659	0.00197	0.00800	0.00597	0.00326	0.01034
103	0.01243	0.01170	0.01975	0.75282	0.04534	0.01463	0.01828	0.01682	0.01316	0.01682	0.01170	0.01755	0.00878	0.00658	0.00658	0.00219	0.00878	0.00585	0.00293	0.00731
104	0.01760	0.77260	0.03450	0.01126	0.01690	0.02605	0.01126	0.01971	0.01338	0.01549	0.00915	0.01056	0.00845	0.00563	0.00422	0.00141	0.00704	0.00352	0.00282	0.00845
105	0.81514	0.01273	0.00968	0.00866	0.01273	0.01477	0.00713	0.01935	0.01120	0.02954	0.00917	0.01069	0.00713	0.00611	0.00407	0.00204	0.00509	0.00356	0.00407	0.00713
106	0.81514	0.01273	0.00968	0.00866	0.01273	0.01477	0.00713	0.01935	0.01120	0.02954	0.00917	0.01069	0.00713	0.00611	0.00407	0.00204	0.00509	0.00356	0.00407	0.00713
107	0.00932	0.00673	0.00880	0.00828	0.00984	0.00621	0.00621	0.01242	0.01863	0.02640	0.72410	0.04918	0.06212	0.01346	0.00776	0.00207	0.00311	0.01191	0.00725	0.00621
108	0.00957	0.00638	0.00718	0.00718	0.00718	0.00638	0.00399	0.00957	0.00957	0.01276	0.02074	0.04308	0.02393	0.76864	0.03351	0.00638	0.00638	0.00957	0.00399	0.00399
109	0.02954	0.01120	0.01528	0.01171	0.01681	0.00968	0.00968	0.03208	0.01884	0.73213	0.02597	0.02241	0.01630	0.00815	0.00662	0.00204	0.00560	0.00662	0.00815	0.01120
110	0.01607	0.01383	0.01463	0.01318	0.01681	0.01594	0.01024	0.03402	0.68607	0.02749	0.05641	0.02561	0.02188	0.00912	0.00674	0.00223	0.00512	0.00763	0.00672	0.01024
111	0.00957	0.00638	0.00718	0.00718	0.00718	0.00638	0.00399	0.00957	0.00957	0.01276	0.02074	0.04308	0.02393	0.76864	0.03351	0.00638	0.00638	0.00957	0.00399	0.00399
112	0.00855	0.00630	0.00864	0.05715	0.01192	0.00611	0.00692	0.01027	0.01377	0.01861	0.16382	0.58173	0.04478	0.01837	0.00817	0.00253	0.00401	0.01660	0.00612	0.00564
113	0.00923	0.00673	0.00868	0.00819	0.00978	0.00618	0.00614	0.01226	0.01843	0.02592	0.68775	0.04996	0.09877	0.01364	0.00777	0.00208	0.00312	0.01202	0.00718	0.00618
114	0.01365	0.01170	0.01365	0.00975	0.01560	0.00878	0.00780	0.01658	0.01365	0.02145	0.01170	0.01365	0.00975	0.00488	0.00488	0.00098	0.00488	0.00390	0.00390	0.80888
115	0.03437	0.01159	0.03457	0.09405	0.03918	0.01056	0.00994	0.03570	0.01304	0.01965	0.01342	0.01898	0.01197	0.08911	0.11881	0.00330	0.04484	0.00539	0.00373	0.38782
116	0.04989	0.01943	0.11067	0.22142	0.15833	0.12392	0.16044	0.02086	0.03541	0.01979	0.01228	0.01599	0.00949	0.00628	0.00658	0.00206	0.00940	0.00584	0.00328	0.00862
117	0.00957	0.00729	0.01089	0.01080	0.01194	0.00862	0.00843	0.01189	0.01056	0.01530	0.01734	0.02549	0.01620	0.04814	0.71908	0.01033	0.04169	0.00701	0.00351	0.00592
118	0.01828	0.01509	0.01596	0.01378	0.01785	0.01727	0.01088	0.18299	0.56456	0.03062	0.02437	0.02263	0.01813	0.00870	0.00667	0.00218	0.00566	0.00711	0.00667	0.01059
119	0.01457	0.01360	0.02230	0.07951	0.52444	0.01373	0.01703	0.01864	0.03756	0.02133	0.07367	0.05714	0.06188	0.00799	0.00679	0.00204	0.00695	0.00750	0.00398	0.00934
120	0.02954	0.01120	0.01528	0.01171	0.01681	0.00968	0.00968	0.03208	0.01884	0.73213	0.02597	0.02241	0.01630	0.00815	0.00662	0.00204	0.00560	0.00662	0.00815	0.01120
121	0.01455	0.02734	0.45761	0.02229	0.05322	0.01560	0.25136	0.02123	0.01462	0.04120	0.01274	0.01551	0.00919	0.00606	0.00678	0.00212	0.01001	0.00592	0.00313	0.00951
122	0.00995	0.00686	0.00891	0.00836	0.01004	0.00628	0.00628	0.01292	0.01832	0.05130	0.65134	0.06917	0.08808	0.01361	0.00774	0.00209	0.00323	0.01199	0.00720	0.00634
123	0.02459	0.03138	0.01866	0.01696	0.02035	0.74221	0.01272	0.02629	0.01866	0.01611	0.01018	0.01187	0.00848	0.00678	0.00594	0.00170	0.01187	0.00424	0.00339	0.00763
124	0.02323	0.01436	0.01654	0.01337	0.01791	0.01512	0.01095	0.31666	0.14442	0.23939	0.04770	0.02471	0.01801	0.00910	0.00684	0.00212	0.00617	0.05582	0.00705	0.01051
125	0.01084	0.00773	0.01092	0.01317	0.07255	0.00746	0.00951	0.01320	0.01441	0.04900	0.03491	0.30419	0.07633	0.01747	0.00846	0.00273	0.00526	0.32956	0.00593	0.00637
126	0.00783	0.00667	0.00673	0.00672	0.00892	0.00558	0.00504	0.00954	0.01511	0.01804	0.08624	0.06293	0.70519	0.01658	0.00778	0.00222	0.00333	0.01383	0.00615	0.00558
127	0.01667	0.01784	0.03657	0.02624	0.03274	0.01710	0.62121	0.10275	0.01738	0.02352	0.01362	0.01753	0.01013	0.00583	0.00763	0.00219	0.01064	0.00755	0.00372	0.00916
128	0.01674	0.01649	0.03251	0.03173	0.30824	0.01580	0.38760	0.02145	0.01553	0.06729	0.01377	0.01748	0.01057	0.00584	0.00720	0.00210	0.00944	0.00694	0.00361	0.00964
129	0.02459	0.03138	0.01866	0.01696	0.02035	0.74221	0.01272	0.02629	0.01866	0.01611	0.01018	0.01187	0.00848	0.00678	0.00594	0.00170	0.01187	0.00424	0.00339	0.00763
130	0.01637	0.01414	0.01489	0.01340	0.01712	0.01637	0.01042	0.03498	0.71568	0.02754	0.02679	0.02456	0.02010	0.00893	0.00670	0.00223	0.00521	0.00744	0.00670	0.01042
131	0.02181	0.01460	0.10077	0.01409	0.01914	0.01189	0.07585	0.07303	0.09308	0.36626	0.04302	0.09835	0.01894	0.00919	0.00691	0.00214	0.00641	0.00796	0.00657	0.00998
132	0.01551	0.02041	0.15965	0.19299	0.18536	0.11548	0.14521	0.02013	0.01488	0.01930	0.01290	0.04443	0.01057	0.00674	0.00671	0.00208	0.00941	0.00629	0.00323	0.00871
133	0.01320	0.03405	0.73453	0.01876	0.02849	0.01529	0.02432	0.02085	0.01390	0.02085	0.01181	0.01390	0.00834	0.00625	0.00625	0.00208	0.00973	0.00486	0.00278	0.00973
134	0.02503	0.01844	0.01976	0.01515	0.02042	0.02042	0.01251	0.70562	0.03095	0.04149	0.01581	0.01581	0.01120	0.00790	0.00659	0.00198	0.00724	0.00593	0.00659	0.01120
135	0.02419	0.01807	0.01965	0.01580	0.04170	0.02001	0.01261	0.64081	0.07536	0.03997	0.01642	0.01639	0.01176	0.00791	0.00659	0.00199	0.00713	0.00602	0.00649	0.01112
136	0.03897	0.01477	0.02315	0.07156	0.52891	0.03679	0.01773	0.01957	0.03359	0.02128	0.03780	0.03837	0.01443	0.00748	0.00710	0.00208	0.02885	0.04438	0.00371	0.00948
137	0.08110	0.01878	0.01820	0.01434	0.01932	0.10188	0.01165	0.49599	0.04484	0.03548	0.01459	0.01502	0.01069	0.00739	0.00617	0.00186	0.00735	0.00541	0.00579	0.08414
138	0.00883	0.00643	0.00775	0.00809	0.00930	0.00577	0.00559	0.00978	0.01302	0.01692	0.08357	0.30956	0.24996	0.09336	0.01247	0.09371	0.00414	0.01371	0.00550	0.04253
139	0.00857	0.00617	0.00764	0.00862	0.00916	0.00588	0.00565	0.00995	0.03038	0.01626	0.03506	0.52455	0.09503	0.18846	0.01396	0.00346	0.00439	0.01596	0.00565	0.00519

[dist]
# distance from previous block
# <min> <max>
0	1

[block]
# block no. 1 follows, 33 sequences, length 59
# corresponding to MSA columns:
# 192-250
name=unknown_B
#
# <colnr> <probs for GDERKNQSTAVLIFYWHMCP>
#	G	D	E	R	K	N	Q	S	T	A	V	L	I	F	Y	W	H	M	C	P
0	0.02495	0.01702	0.01903	0.01510	0.03891	0.01821	0.01210	0.55885	0.02800	0.14084	0.01702	0.01669	0.01186	0.00775	0.00651	0.00194	0.00692	0.00594	0.00661	0.04575
1	0.01132	0.00729	0.00954	0.00909	0.01032	0.00751	0.00645	0.01270	0.01113	0.07654	0.02107	0.03360	0.04294	0.34559	0.32860	0.00744	0.01091	0.00819	0.00422	0.03557
2	0.00936	0.00638	0.00728	0.00735	0.00758	0.00626	0.00431	0.00970	0.01060	0.01409	0.06482	0.09181	0.06628	0.63445	0.02895	0.00566	0.00586	0.01055	0.00443	0.00429
3	0.01637	0.01414	0.01489	0.01340	0.01712	0.01637	0.01042	0.03498	0.71568	0.02754	0.02679	0.02456	0.02010	0.00893	0.00670	0.00223	0.00521	0.00744	0.00670	0.01042
4	0.01482	0.01537	0.07594	0.33168	0.29752	0.01545	0.01851	0.04804	0.07857	0.02087	0.01351	0.01737	0.01049	0.00655	0.00654	0.00209	0.00810	0.00593	0.00353	0.00911
5	0.02371	0.00995	0.01334	0.01075	0.01488	0.00869	0.00875	0.02631	0.01840	0.53033	0.15408	0.03189	0.07664	0.01005	0.00699	0.00209	0.00501	0.03064	0.00777	0.00973
6	0.02520	0.01430	0.01673	0.01325	0.01811	0.01477	0.01080	0.26320	0.17091	0.34621	0.02267	0.02061	0.01536	0.00823	0.00663	0.00206	0.00608	0.00656	0.00731	0.01103
7	0.02787	0.01083	0.01474	0.01143	0.01623	0.00939	0.00939	0.03046	0.01883	0.67393	0.08355	0.02461	0.02007	0.00859	0.00671	0.00204	0.00540	0.00706	0.00807	0.01079
8	0.00957	0.00638	0.00718	0.00718	0.00718	0.00638	0.00399	0.00957	0.00957	0.01276	0.02074	0.04308	0.02393	0.76864	0.03351	0.00638	0.00638	0.00957	0.00399	0.00399
9	0.01365	0.01170	0.01365	0.00975	0.01560	0.00878	0.00780	0.01658	0.01365	0.02145	0.01170	0.01365	0.00975	0.00488	0.00488	0.00098	0.00488	0.00390	0.00390	0.80888
10	0.00932	0.00673	0.00880	0.00828	0.00984	0.00621	0.00621	0.01242	0.01863	0.02640	0.72410	0.04918	0.06212	0.01346	0.00776	0.00207	0.00311	0.01191	0.00725	0.00621
11	0.01629	0.01564	0.02672	0.04041	0.72757	0.01564	0.02020	0.02020	0.01499	0.02151	0.01238	0.01629	0.01043	0.00587	0.00652	0.00196	0.00782	0.00587	0.00326	0.01043
12	0.81514	0.01273	0.00968	0.00866	0.01273	0.01477	0.00713	0.01935	0.01120	0.02954	0.00917	0.01069	0.00713	0.00611	0.00407	0.00204	0.00509	0.00356	0.00407	0.00713
13	0.01956	0.01438	0.01610	0.01374	0.03968	0.01563	0.01058	0.37333	0.13145	0.06398	0.07480	0.02519	0.05964	0.06426	0.04488	0.00277	0.00678	0.00742	0.00626	0.00958
14	0.01365	0.01170	0.01365	0.00975	0.01560	0.00878	0.00780	0.01658	0.01365	0.02145	0.01170	0.01365	0.00975	0.00488	0.00488	0.00098	0.00488	0.00390	0.00390	0.80888
15	0.01144	0.00572	0.00858	0.00858	0.00858	0.00572	0.00572	0.00858	0.00858	0.01144	0.01144	0.02001	0.01144	0.02287	0.02573	0.80846	0.00572	0.00572	0.00286	0.00286
16	0.00785	0.00669	0.00685	0.00685	0.00902	0.00568	0.00515	0.00955	0.01481	0.01767	0.06448	0.06167	0.69297	0.01815	0.04090	0.00260	0.00398	0.01359	0.00600	0.00557
17	0.01320	0.03405	0.73453	0.01876	0.02849	0.01529	0.02432	0.02085	0.01390	0.02085	0.01181	0.01390	0.00834	0.00625	0.00625	0.00208	0.00973	0.00486	0.00278	0.00973
18	0.01760	0.77260	0.03450	0.01126	0.01690	0.02605	0.01126	0.01971	0.01338	0.01549	0.00915	0.01056	0.00845	0.00563	0.00422	0.00141	0.00704	0.00352	0.00282	0.00845
19	0.00802	0.00573	0.00764	0.00917	0.00955	0.00535	0.00611	0.00917	0.01260	0.01681	0.03628	0.76434	0.04354	0.02062	0.00840	0.00267	0.00382	0.01872	0.00611	0.00535
20	0.01320	0.01249	0.02114	0.61068	0.18145	0.01483	0.01867	0.01750	0.01353	0.01776	0.01184	0.01730	0.00911	0.00644	0.00657	0.00215	0.00859	0.00585	0.00299	0.00793
21	0.01243	0.01170	0.01975	0.75282	0.04534	0.01463	0.01828	0.01682	0.01316	0.01682	0.01170	0.01755	0.00878	0.00658	0.00658	0.00219	0.00878	0.00585	0.00293	0.00731
22	0.00801	0.00576	0.00760	0.00907	0.00952	0.00535	0.00607	0.00918	0.01269	0.01684	0.03741	0.73845	0.06871	0.02048	0.00838	0.00266	0.00380	0.01854	0.00611	0.00535
23	0.01365	0.01170	0.01365	0.00975	0.01560	0.00878	0.00780	0.01658	0.01365	0.02145	0.01170	0.01365	0.00975	0.00488	0.00488	0.00098	0.00488	0.00390	0.00390	0.80888
24	0.02424	0.02222	0.01873	0.01547	0.01993	0.26968	0.01227	0.37905	0.09137	0.05943	0.01531	0.01554	0.01131	0.00762	0.00637	0.00191	0.00859	0.00552	0.00555	0.00989
25	0.01804	0.01818	0.01842	0.02003	0.16756	0.17253	0.01315	0.02917	0.38746	0.02330	0.01940	0.01965	0.01506	0.00794	0.00714	0.00209	0.03976	0.00635	0.00510	0.00968
26	0.01438	0.01360	0.04513	0.01384	0.01767	0.01392	0.08507	0.02737	0.44733	0.02561	0.13612	0.03030	0.08111	0.00977	0.00705	0.00220	0.00556	0.00858	0.00621	0.00919
27	0.00806	0.00668	0.00706	0.00696	0.00906	0.00568	0.00522	0.00999	0.01567	0.01936	0.18700	0.06076	0.60361	0.01608	0.00778	0.00220	0.00329	0.01353	0.00632	0.00568
28	0.01247	0.05274	0.01851	0.22061	0.19723	0.01240	0.03805	0.01624	0.03174	0.02021	0.15390	0.08369	0.09593	0.00976	0.00696	0.00211	0.00644	0.00877	0.00449	0.00774
29	0.00886	0.00671	0.00816	0.00780	0.00955	0.00602	0.00585	0.01153	0.01755	0.02381	0.52682	0.05343	0.26101	0.01442	0.00777	0.00212	0.00317	0.01250	0.00691	0.00602
30	0.01594	0.01817	0.10972	0.03273	0.51211	0.06274	0.01875	0.02076	0.04903	0.02143	0.04249	0.03944	0.01359	0.00686	0.00656	0.00199	0.00788	0.00634	0.00362	0.00984
31	0.00965	0.00639	0.00721	0.00719	0.00730	0.00637	0.00409	0.00986	0.01005	0.01365	0.04761	0.04274	0.02517	0.71643	0.03164	0.00607	0.00616	0.00956	0.02874	0.00414
32	0.01463	0.02412	0.31046	0.02424	0.03210	0.01612	0.43843	0.02099	0.01490	0.02099	0.01273	0.01625	0.00934	0.00582	0.00718	0.00217	0.01056	0.00664	0.00311	0.00921
33	0.77920	0.04698	0.01079	0.00877	0.01292	0.01528	0.00732	0.01937	0.01130	0.02890	0.00917	0.01069	0.00719	0.00609	0.00408	0.00201	0.00518	0.00356	0.00402	0.00719
34	0.10151	0.01342	0.03802	0.01373	0.05029	0.01100	0.10102	0.01834	0.01390	0.04885	0.01221	0.01433	0.00973	0.00531	0.00535	0.00137	0.00602	0.00459	0.00394	0.52706
35	0.02106	0.01090	0.01377	0.01093	0.01522	0.00977	0.00870	0.07299	0.03763	0.35724	0.06298	0.05905	0.01916	0.05966	0.04005	0.00250	0.00590	0.00712	0.00647	0.17892
36	0.00802	0.00573	0.00764	0.00917	0.00955	0.00535	0.00611	0.00917	0.01260	0.01681	0.03628	0.76434	0.04354	0.02062	0.00840	0.00267	0.00382	0.01872	0.00611	0.00535
37	0.01701	0.01427	0.01505	0.01324	0.01707	0.01628	0.01038	0.12120	0.58561	0.02880	0.02767	0.02566	0.05970	0.00924	0.00675	0.00220	0.00537	0.00762	0.00665	0.01024
38	0.01336	0.03298	0.68877	0.01935	0.02888	0.01538	0.06901	0.02086	0.01401	0.02086	0.01191	0.01415	0.00845	0.00621	0.00635	0.00209	0.00982	0.00506	0.00282	0.00967
39	0.01320	0.03405	0.73453	0.01876	0.02849	0.01529	0.02432	0.02085	0.01390	0.02085	0.01181	0.01390	0.00834	0.00625	0.00625	0.00208	0.00973	0.00486	0.00278	0.00973
40	0.01320	0.03405	0.73453	0.01876	0.02849	0.01529	0.02432	0.02085	0.01390	0.02085	0.01181	0.01390	0.00834	0.00625	0.00625	0.00208	0.00973	0.00486	0.00278	0.00973
41	0.00858	0.00660	0.00795	0.00854	0.01007	0.00597	0.00649	0.01057	0.01494	0.01912	0.14776	0.24351	0.32852	0.01750	0.00818	0.00246	0.00393	0.13735	0.00627	0.00569
42	0.00940	0.00705	0.01058	0.01058	0.01176	0.00823	0.00823	0.01176	0.01058	0.01528	0.01763	0.02586	0.01646	0.04937	0.74255	0.01058	0.01763	0.00705	0.00353	0.00588
43	0.02428	0.01673	0.01839	0.01434	0.01924	0.01816	0.01174	0.58204	0.02831	0.11459	0.01839	0.07085	0.01410	0.00885	0.00672	0.00203	0.00682	0.00693	0.00672	0.01077
44	0.00802	0.00573	0.00764	0.00917	0.00955	0.00535	0.00611	0.00917	0.01260	0.01681	0.03628	0.76434	0.04354	0.02062	0.00840	0.00267	0.00382	0.01872	0.00611	0.00535
45	0.00957	0.00638	0.00718	0.00718	0.00718	0.00638	0.00399	0.00957	0.00957	0.01276	0.02074	0.04308	0.02393	0.76864	0.03351	0.00638	0.00638	0.00957	0.00399	0.00399
46	0.01243	0.01170	0.01975	0.75282	0.04534	0.01463	0.01828	0.01682	0.01316	0.01682	0.01170	0.01755	0.00878	0.00658	0.00658	0.00219	0.00878	0.00585	0.00293	0.00731
47	0.01243	0.01170	0.01975	0.75282	0.04534	0.01463	0.01828	0.01682	0.01316	0.01682	0.01170	0.01755	0.00878	0.00658	0.00658	0.00219	0.00878	0.00585	0.00293	0.00731
48	0.00940	0.00705	0.01058	0.01058	0.01176	0.00823	0.00823	0.01176	0.01058	0.01528	0.01763	0.02586	0.01646	0.04937	0.74255	0.01058	0.01763	0.00705	0.00353	0.00588
49	0.81514	0.01273	0.00968	0.00866	0.01273	0.01477	0.00713	0.01935	0.01120	0.02954	0.00917	0.01069	0.00713	0.00611	0.00407	0.00204	0.00509	0.00356	0.00407	0.00713
50	0.01707	0.01518	0.01566	0.01459	0.04271	0.05156	0.01095	0.05776	0.63280	0.02727	0.02509	0.02334	0.01888	0.00868	0.00665	0.00219	0.00570	0.00718	0.00641	0.01031
51	0.00778	0.00667	0.00667	0.00667	0.00889	0.00556	0.00500	0.00945	0.01501	0.01778	0.06669	0.06336	0.72490	0.01667	0.00778	0.00222	0.00333	0.01389	0.00611	0.00556
52	0.01024	0.00820	0.00985	0.00894	0.01130	0.00762	0.03230	0.07952	0.01748	0.02267	0.24778	0.10217	0.38788	0.01474	0.00770	0.00219	0.00398	0.01264	0.00638	0.00641
53	0.01861	0.66581	0.03221	0.01209	0.01739	0.12923	0.01147	0.02066	0.01414	0.01558	0.00930	0.01075	0.00845	0.00580	0.00447	0.00145	0.00774	0.00362	0.00290	0.00833
54	0.00778	0.00667	0.00667	0.00667	0.00889	0.00556	0.00500	0.00945	0.01501	0.01778	0.06669	0.06336	0.72490	0.01667	0.00778	0.00222	0.00333	0.01389	0.00611	0.00556
55	0.00951	0.00770	0.03778	0.00875	0.00966	0.00720	0.00627	0.01073	0.01071	0.01465	0.04304	0.06925	0.05694	0.43492	0.23809	0.00696	0.00948	0.00931	0.00409	0.00498
56	0.01354	0.01141	0.01341	0.00969	0.01526	0.00863	0.00770	0.01619	0.01341	0.02097	0.01169	0.01396	0.00983	0.00574	0.00588	0.03999	0.00492	0.00399	0.00385	0.76994
57	0.01826	0.01368	0.01423	0.01110	0.01592	0.08925	0.00881	0.06621	0.04509	0.15190	0.05552	0.01826	0.01467	0.00669	0.00564	0.00146	0.00573	0.00529	0.05209	0.40020
58	0.09943	0.04088	0.05326	0.01960	0.19111	0.05626	0.01318	0.10469	0.19840	0.02572	0.01585	0.01689	0.01232	0.00685	0.00597	0.00188	0.00668	0.00556	0.00469	0.12078

[dist]
# distance from previous block
# <min> <max>
1	4

[block]
# block no. 2 follows, 33 sequences, length 37
# corresponding to MSA columns:
# 255-291
name=unknown_C
#
# <colnr> <probs for GDERKNQSTAVLIFYWHMCP>
#	G	D	E	R	K	N	Q	S	T	A	V	L	I	F	Y	W	H	M	C	P
0	0.06939	0.17380	0.22540	0.01545	0.03989	0.16627	0.01497	0.08321	0.05502	0.02202	0.06441	0.01603	0.01323	0.00704	0.00582	0.00186	0.00832	0.00517	0.00389	0.00881
1	0.12319	0.09067	0.02019	0.01842	0.13143	0.25668	0.03561	0.10277	0.01739	0.02244	0.01280	0.01717	0.01100	0.00715	0.00590	0.00184	0.00846	0.04912	0.00399	0.06380
2	0.01274	0.01152	0.02937	0.01124	0.01390	0.03954	0.00890	0.03387	0.21753	0.02148	0.10672	0.03215	0.12716	0.05761	0.14949	0.00395	0.04967	0.00841	0.00531	0.05944
3	0.02632	0.01095	0.01468	0.01162	0.01612	0.00997	0.00947	0.05184	0.03715	0.59330	0.02463	0.02322	0.01647	0.03506	0.08459	0.00307	0.00693	0.00675	0.00745	0.01041
4	0.04606	0.01297	0.01783	0.15128	0.16926	0.01427	0.03714	0.04955	0.25372	0.02311	0.02268	0.09940	0.05600	0.00924	0.00681	0.00220	0.00642	0.00815	0.00499	0.00892
5	0.00862	0.00655	0.00793	0.00791	0.00949	0.00587	0.00581	0.01096	0.01652	0.02213	0.40525	0.16640	0.27139	0.01562	0.00787	0.00221	0.00329	0.01362	0.00671	0.00587
6	0.01398	0.01300	0.02144	0.41410	0.29170	0.01456	0.01789	0.04020	0.01469	0.01975	0.04192	0.01978	0.03501	0.00696	0.00664	0.00210	0.00797	0.00636	0.00344	0.00848
7	0.00940	0.00705	0.01058	0.01058	0.01176	0.00823	0.00823	0.01176	0.01058	0.01528	0.01763	0.02586	0.01646	0.04937	0.74255	0.01058	0.01763	0.00705	0.00353	0.00588
8	0.01307	0.03526	0.02106	0.64129	0.12976	0.01510	0.01831	0.01733	0.01340	0.01737	0.01171	0.01718	0.00897	0.00646	0.00650	0.00214	0.00860	0.00578	0.00296	0.00774
9	0.02464	0.05720	0.02051	0.01495	0.02023	0.02071	0.01245	0.67037	0.03005	0.04015	0.01546	0.01554	0.01105	0.00779	0.00646	0.00195	0.00723	0.00580	0.00639	0.01105
10	0.00934	0.00650	0.00824	0.00841	0.00881	0.00681	0.00549	0.01017	0.01022	0.01398	0.02164	0.12218	0.02402	0.46921	0.23969	0.00719	0.00940	0.00990	0.00410	0.00470
11	0.01278	0.01206	0.02038	0.68850	0.10693	0.01472	0.01846	0.01713	0.01333	0.01724	0.01176	0.01744	0.00892	0.00652	0.00658	0.00217	0.00869	0.00585	0.00296	0.00759
12	0.78503	0.01267	0.00989	0.00877	0.01289	0.01457	0.00723	0.01984	0.01150	0.05646	0.00981	0.01114	0.00748	0.00619	0.00417	0.00204	0.00511	0.00368	0.00423	0.00729
13	0.02954	0.01120	0.01528	0.01171	0.01681	0.00968	0.00968	0.03208	0.01884	0.73213	0.02597	0.02241	0.01630	0.00815	0.00662	0.00204	0.00560	0.00662	0.00815	0.01120
14	0.00778	0.00667	0.00667	0.00667	0.00889	0.00556	0.00500	0.00945	0.01501	0.01778	0.06669	0.06336	0.72490	0.01667	0.00778	0.00222	0.00333	0.01389	0.00611	0.00556
15	0.01364	0.00746	0.00760	0.00710	0.00904	0.00767	0.00545	0.08935	0.01564	0.02636	0.02087	0.02361	0.01626	0.00769	0.00481	0.00158	0.00352	0.00611	0.71956	0.00668
16	0.02954	0.01120	0.01528	0.01171	0.01681	0.00968	0.00968	0.03208	0.01884	0.73213	0.02597	0.02241	0.01630	0.00815	0.00662	0.00204	0.00560	0.00662	0.00815	0.01120
17	0.01629	0.01564	0.02672	0.04041	0.72757	0.01564	0.02020	0.02020	0.01499	0.02151	0.01238	0.01629	0.01043	0.00587	0.00652	0.00196	0.00782	0.00587	0.00326	0.01043
18	0.02459	0.03138	0.01866	0.01696	0.02035	0.74221	0.01272	0.02629	0.01866	0.01611	0.01018	0.01187	0.00848	0.00678	0.00594	0.00170	0.01187	0.00424	0.00339	0.00763
19	0.01227	0.00614	0.00614	0.00614	0.00767	0.00614	0.00460	0.01534	0.01381	0.02454	0.02148	0.02454	0.01687	0.00767	0.00460	0.00153	0.00307	0.00614	0.80518	0.00614
20	0.00926	0.00673	0.00873	0.00823	0.00980	0.00619	0.00617	0.01232	0.01851	0.02610	0.70106	0.04967	0.08534	0.01357	0.00777	0.00208	0.00311	0.01198	0.00721	0.00619
21	0.02442	0.01814	0.01941	0.01502	0.02018	0.02013	0.01237	0.65850	0.07906	0.04051	0.01658	0.01642	0.01182	0.00798	0.00659	0.00199	0.00710	0.00603	0.00659	0.01114
22	0.81514	0.01273	0.00968	0.00866	0.01273	0.01477	0.00713	0.01935	0.01120	0.02954	0.00917	0.01069	0.00713	0.00611	0.00407	0.00204	0.00509	0.00356	0.00407	0.00713
23	0.00870	0.00693	0.00797	0.00850	0.01044	0.00620	0.00684	0.01078	0.01497	0.01837	0.05544	0.09093	0.48130	0.01729	0.00822	0.00250	0.00423	0.22860	0.00610	0.00571
24	0.01333	0.03314	0.69563	0.01927	0.02882	0.01536	0.06231	0.02086	0.01399	0.02086	0.01190	0.01411	0.00843	0.00622	0.00634	0.00209	0.00981	0.00503	0.00281	0.00968
25	0.00825	0.00669	0.00732	0.00716	0.00918	0.00576	0.00537	0.01035	0.01611	0.02040	0.26636	0.05905	0.52360	0.01570	0.00778	0.00218	0.00327	0.01329	0.00646	0.00576
26	0.01725	0.01918	0.01970	0.06636	0.02006	0.23074	0.01417	0.01896	0.01279	0.01599	0.00929	0.01387	0.00860	0.00981	0.01602	0.00249	0.48903	0.00532	0.00303	0.00733
27	0.10169	0.02956	0.01778	0.01615	0.01961	0.67126	0.01217	0.02561	0.01793	0.01742	0.01008	0.01176	0.00835	0.00672	0.00575	0.00173	0.01121	0.00417	0.00346	0.00758
28	0.01917	0.01604	0.01665	0.01418	0.01822	0.04321	0.01126	0.23366	0.46256	0.03088	0.02230	0.02115	0.01664	0.00864	0.00716	0.00216	0.03245	0.00682	0.00641	0.01044
29	0.00980	0.00744	0.00910	0.00856	0.01042	0.00711	0.00646	0.01422	0.08612	0.02534	0.56651	0.04871	0.14833	0.01346	0.00766	0.00211	0.00334	0.01174	0.00704	0.00653
30	0.00805	0.00610	0.00744	0.00833	0.00937	0.00548	0.00578	0.00952	0.01383	0.01789	0.10210	0.49165	0.25299	0.01883	0.00816	0.00249	0.00361	0.01668	0.00621	0.00548
31	0.01440	0.01440	0.02016	0.01728	0.01728	0.02016	0.01440	0.01584	0.01008	0.01584	0.00864	0.01440	0.00864	0.01152	0.02160	0.00288	0.75659	0.00576	0.00288	0.00720
32	0.00846	0.00664	0.00766	0.00752	0.00934	0.00583	0.00560	0.01073	0.01644	0.02148	0.35126	0.10000	0.39451	0.01551	0.00781	0.00218	0.00326	0.01332	0.00661	0.00583
33	0.01549	0.01853	0.08231	0.02883	0.12544	0.01643	0.56952	0.02096	0.01536	0.02113	0.01310	0.01731	0.00994	0.00564	0.00751	0.00218	0.01058	0.00733	0.00328	0.00914
34	0.00942	0.00699	0.01025	0.01025	0.01131	0.00805	0.00782	0.01154	0.01048	0.01504	0.01794	0.02754	0.01719	0.11952	0.67340	0.01017	0.01654	0.00730	0.00357	0.00569
35	0.01400	0.08014	0.55763	0.01968	0.05520	0.01621	0.08631	0.02150	0.05012	0.02088	0.01257	0.01468	0.00919	0.00627	0.00629	0.00205	0.00937	0.00522	0.00305	0.00963
36	0.01689	0.03811	0.04416	0.19174	0.14154	0.15613	0.14958	0.02069	0.01526	0.04193	0.01222	0.01564	0.00957	0.00610	0.00638	0.00187	0.00904	0.00559	0.00344	0.11412

[dist]
# distance from previous block
# <min> <max>
0	1

[block]
# block no. 3 follows, 33 sequences, length 82
# corresponding to MSA columns:
# 293-374
name=unknown_D
#
# <colnr> <probs for GDERKNQSTAVLIFYWHMCP>
#	G	D	E	R	K	N	Q	S	T	A	V	L	I	F	Y	W	H	M	C	P
0	0.01006	0.00987	0.07201	0.01002	0.01276	0.00763	0.04080	0.01274	0.01537	0.04379	0.20749	0.16637	0.29764	0.01443	0.00799	0.00223	0.02357	0.01245	0.00590	0.02687
1	0.01741	0.01158	0.06504	0.01243	0.05909	0.00959	0.00978	0.02204	0.09121	0.26699	0.17120	0.03580	0.17821	0.01085	0.00707	0.00210	0.00501	0.00915	0.00668	0.00875
