[name]
unknown

[dist]
# distance from previous block
# <min> <max>
0	9

[block]
# block no. 0 follows, 30 sequences, length 11
# corresponding to MSA columns:
# 9-19
name=unknown_A
#
# <colnr> <probs for GDERKNQSTAVLIFYWHMCP>
#	G	D	E	R	K	N	Q	S	T	A	V	L	I	F	Y	W	H	M	C	P
0	0.01174	0.00915	0.01372	0.19829	0.02305	0.00994	0.01333	0.01532	0.01552	0.02010	0.03067	0.06334	0.03227	0.01613	0.00896	0.00299	0.00716	0.49597	0.00558	0.00676
1	0.02653	0.01955	0.02094	0.01606	0.02164	0.02164	0.01326	0.68796	0.03281	0.04398	0.01675	0.01675	0.01187	0.00838	0.00698	0.00209	0.00768	0.00628	0.00698	0.01187
2	0.06580	0.13236	0.02031	0.01476	0.01918	0.19213	0.01189	0.12376	0.29641	0.02653	0.01857	0.01837	0.01432	0.00806	0.00633	0.00205	0.00783	0.00597	0.00545	0.00993
3	0.04948	0.06581	0.01811	0.01373	0.01796	0.01719	0.01109	0.41340	0.02519	0.06765	0.02210	0.20409	0.02055	0.01161	0.00721	0.00225	0.00657	0.00952	0.00657	0.00993
4	0.01583	0.01544	0.02007	0.42828	0.08916	0.08598	0.01683	0.02402	0.18977	0.02105	0.01639	0.01981	0.01248	0.00758	0.00694	0.00226	0.00858	0.00647	0.00420	0.00888
5	0.00959	0.00712	0.01042	0.01083	0.01186	0.00794	0.00815	0.01176	0.01176	0.01661	0.02375	0.21226	0.02479	0.04454	0.54343	0.00907	0.01495	0.01064	0.00444	0.00609
6	0.05663	0.01476	0.01655	0.01335	0.01732	0.01584	0.03113	0.32603	0.10124	0.06341	0.01933	0.02526	0.01635	0.19908	0.01413	0.00329	0.00702	0.00734	0.00600	0.04594
7	0.01585	0.01797	0.06513	0.02410	0.03109	0.01545	0.48259	0.02112	0.01588	0.02244	0.01361	0.01752	0.01044	0.00573	0.00738	0.00201	0.01001	0.00705	0.00366	0.21097
8	0.01124	0.00917	0.01021	0.00986	0.01222	0.00925	0.00739	0.01834	0.20869	0.02379	0.20559	0.14944	0.26771	0.01515	0.00801	0.00239	0.00411	0.01303	0.00694	0.00748
9	0.01720	0.03186	0.54018	0.01891	0.02801	0.01760	0.02258	0.19238	0.01936	0.02769	0.01361	0.01525	0.00961	0.00708	0.00672	0.00218	0.00964	0.00544	0.00398	0.01071
10	0.08332	0.02212	0.02164	0.07208	0.19914	0.24015	0.01539	0.21363	0.02150	0.02738	0.01312	0.01529	0.01025	0.00721	0.00654	0.00202	0.00930	0.00551	0.00455	0.00986

[dist]
# distance from previous block
# <min> <max>
0	8

[block]
# block no. 1 follows, 30 sequences, length 86
# corresponding to MSA columns:
# 28-113
name=unknown_B
#
# <colnr> <probs for GDERKNQSTAVLIFYWHMCP>
#	G	D	E	R	K	N	Q	S	T	A	V	L	I	F	Y	W	H	M	C	P
0	0.08064	0.08703	0.02190	0.20224	0.02780	0.15443	0.04901	0.20861	0.02023	0.02610	0.01326	0.01613	0.01026	0.00944	0.04165	0.00251	0.00959	0.00565	0.00442	0.00908
1	0.02607	0.03326	0.01978	0.01798	0.02157	0.72674	0.01348	0.02787	0.01978	0.01708	0.01079	0.01258	0.00899	0.00719	0.00629	0.00180	0.01258	0.00449	0.00360	0.00809
2	0.02083	0.54580	0.03163	0.01371	0.01899	0.23297	0.01239	0.02294	0.01582	0.01661	0.01002	0.01160	0.00897	0.00633	0.00501	0.00158	0.00897	0.00396	0.00316	0.00870
3	0.03676	0.04872	0.07958	0.12436	0.06963	0.05238	0.38720	0.03989	0.01654	0.05591	0.01400	0.01783	0.01046	0.00638	0.00745	0.00224	0.01047	0.00706	0.00377	0.00939
4	0.01527	0.01494	0.02422	0.43543	0.28616	0.04397	0.04164	0.01967	0.01496	0.01974	0.01266	0.01789	0.00996	0.00668	0.00697	0.00221	0.00915	0.00621	0.00326	0.00901
5	0.00850	0.00607	0.00810	0.00972	0.01012	0.00567	0.00648	0.00972	0.01336	0.01781	0.03846	0.75020	0.04615	0.02186	0.00891	0.00283	0.00405	0.01984	0.00648	0.00567
6	0.01953	0.35707	0.21445	0.01580	0.02225	0.22518	0.01609	0.02322	0.01593	0.01813	0.01077	0.01254	0.00893	0.00650	0.00557	0.00177	0.00970	0.00433	0.00315	0.00907
7	0.11676	0.02533	0.27769	0.01651	0.02331	0.07203	0.01690	0.21511	0.11747	0.03013	0.01552	0.01634	0.01134	0.00756	0.00649	0.00216	0.00844	0.00565	0.00491	0.01035
8	0.00850	0.00607	0.00810	0.00972	0.01012	0.00567	0.00648	0.00972	0.01336	0.01781	0.03846	0.75020	0.04615	0.02186	0.00891	0.00283	0.00405	0.01984	0.00648	0.00567
9	0.02964	0.01251	0.01638	0.01264	0.01787	0.01137	0.01041	0.10785	0.02143	0.60302	0.06190	0.02444	0.01920	0.00890	0.00708	0.00215	0.00600	0.00723	0.00840	0.01160
10	0.12488	0.02749	0.01855	0.01634	0.02038	0.48106	0.01256	0.13807	0.05618	0.02403	0.01256	0.01382	0.00993	0.00742	0.00620	0.00192	0.01048	0.00488	0.00444	0.00881
11	0.01727	0.01658	0.02832	0.04283	0.71123	0.01658	0.02142	0.02142	0.01589	0.02280	0.01313	0.01727	0.01105	0.00622	0.00691	0.00207	0.00829	0.00622	0.00345	0.01105
12	0.00850	0.00607	0.00810	0.00972	0.01012	0.00567	0.00648	0.00972	0.01336	0.01781	0.03846	0.75020	0.04615	0.02186	0.00891	0.00283	0.00405	0.01984	0.00648	0.00567
13	0.02877	0.01528	0.01913	0.01458	0.02012	0.01519	0.03839	0.30018	0.02507	0.41440	0.02260	0.02070	0.01480	0.00842	0.00705	0.00214	0.00688	0.00677	0.00776	0.01177
14	0.01736	0.01499	0.01578	0.01420	0.01815	0.01736	0.01105	0.03708	0.69862	0.02919	0.02840	0.02604	0.02130	0.00947	0.00710	0.00237	0.00552	0.00789	0.00710	0.01105
15	0.01015	0.00677	0.00761	0.00761	0.00761	0.00677	0.00423	0.01015	0.01015	0.01353	0.02199	0.04567	0.02537	0.75476	0.03552	0.00677	0.00677	0.01015	0.00423	0.00423
16	0.01333	0.01255	0.02120	0.71273	0.07216	0.01554	0.01945	0.01796	0.01402	0.01801	0.01243	0.01856	0.00937	0.00695	0.00697	0.00232	0.00927	0.00620	0.00311	0.00787
17	0.17545	0.02718	0.01812	0.03932	0.02088	0.48458	0.01251	0.10318	0.01959	0.02298	0.01133	0.01303	0.00906	0.00719	0.00601	0.00192	0.01052	0.00462	0.00411	0.00842
18	0.00854	0.00700	0.00753	0.00756	0.00965	0.00599	0.00561	0.01053	0.01636	0.02032	0.17646	0.11744	0.54793	0.01742	0.00830	0.00237	0.00353	0.01476	0.00668	0.00599
19	0.02607	0.03326	0.01978	0.01798	0.02157	0.72674	0.01348	0.02787	0.01978	0.01708	0.01079	0.01258	0.00899	0.00719	0.00629	0.00180	0.01258	0.00449	0.00360	0.00809
20	0.01619	0.02022	0.15661	0.10711	0.03451	0.01624	0.41949	0.02202	0.01604	0.05980	0.01557	0.02148	0.01204	0.00699	0.00781	0.00236	0.01062	0.04173	0.00381	0.00936
21	0.01632	0.39673	0.37834	0.01592	0.02407	0.02190	0.01888	0.02150	0.01446	0.01926	0.01112	0.01297	0.00890	0.00630	0.00556	0.00185	0.00889	0.00445	0.00297	0.00964
22	0.00825	0.00707	0.00707	0.00707	0.00943	0.00589	0.00530	0.01001	0.01591	0.01885	0.07069	0.06716	0.70839	0.01767	0.00825	0.00236	0.00353	0.01473	0.00648	0.00589
23	0.57494	0.05475	0.01388	0.01147	0.01569	0.19059	0.00922	0.02233	0.01393	0.02709	0.00998	0.01164	0.00798	0.00663	0.00481	0.00204	0.00726	0.00395	0.00408	0.00776
24	0.02149	0.33369	0.04988	0.05344	0.02248	0.20875	0.04838	0.14414	0.01917	0.02217	0.01173	0.01347	0.00959	0.00680	0.00580	0.00179	0.00926	0.00480	0.00391	0.00926
25	0.01589	0.06931	0.12646	0.11471	0.03586	0.01785	0.47291	0.02166	0.01578	0.02137	0.01341	0.01776	0.01009	0.00612	0.00762	0.00227	0.01099	0.00728	0.00336	0.00929
26	0.03131	0.01188	0.01619	0.01242	0.01781	0.01026	0.01026	0.03401	0.01997	0.71606	0.02753	0.02375	0.01727	0.00864	0.00702	0.00216	0.00594	0.00702	0.00864	0.01188
27	0.01565	0.01088	0.05011	0.13426	0.01974	0.00978	0.01069	0.01981	0.04197	0.17970	0.35405	0.03776	0.06418	0.01132	0.00762	0.00222	0.00536	0.00980	0.00681	0.00829
28	0.02753	0.04690	0.02052	0.01571	0.02082	0.19600	0.05761	0.16440	0.02209	0.32842	0.01951	0.01869	0.01330	0.00793	0.00681	0.00204	0.00844	0.00619	0.00646	0.01064
29	0.01858	0.73167	0.03674	0.01258	0.01859	0.02724	0.03679	0.02095	0.01426	0.01664	0.00986	0.01148	0.00902	0.00597	0.00462	0.00152	0.00762	0.00390	0.00301	0.00897
30	0.02359	0.06241	0.01965	0.01595	0.02006	0.33384	0.01248	0.25526	0.06063	0.02712	0.01657	0.08934	0.01442	0.00915	0.00675	0.00202	0.00936	0.00681	0.00522	0.00936
31	0.02525	0.01857	0.02002	0.01553	0.02097	0.02038	0.01275	0.57570	0.09983	0.06111	0.01809	0.01782	0.01293	0.00837	0.00692	0.00208	0.00731	0.00638	0.00693	0.04307
32	0.01023	0.00694	0.00918	0.00959	0.01080	0.00647	0.00698	0.01252	0.01650	0.04794	0.32912	0.33681	0.05241	0.04514	0.00959	0.00271	0.00409	0.06969	0.00699	0.00630
33	0.01020	0.00741	0.00897	0.00939	0.01134	0.00671	0.00743	0.01252	0.01626	0.04781	0.13010	0.14718	0.34380	0.01786	0.00866	0.00262	0.00446	0.19426	0.00669	0.00633
34	0.09997	0.32365	0.02560	0.01468	0.01930	0.37482	0.01228	0.02433	0.01674	0.01822	0.01024	0.01190	0.00883	0.00663	0.00537	0.00171	0.00981	0.00412	0.00342	0.00839
35	0.01754	0.02222	0.14886	0.02595	0.03325	0.04208	0.47868	0.09807	0.01815	0.02459	0.01404	0.01771	0.01039	0.00633	0.00776	0.00228	0.01109	0.00738	0.00383	0.00979
36	0.00911	0.00701	0.00847	0.00932	0.01089	0.00637	0.00714	0.01112	0.01534	0.01939	0.07802	0.27311	0.32453	0.01918	0.00878	0.00270	0.00438	0.17268	0.00651	0.00598
37	0.02157	0.01924	0.02671	0.02030	0.02576	0.05642	0.22749	0.32586	0.10817	0.03244	0.01665	0.01827	0.01234	0.00786	0.00819	0.00225	0.04741	0.00700	0.00551	0.01057
38	0.02420	0.21623	0.02401	0.01646	0.02065	0.55047	0.01309	0.02611	0.01836	0.01691	0.01051	0.01223	0.00898	0.00688	0.00583	0.00172	0.01129	0.00430	0.00344	0.00831
39	0.02521	0.01902	0.02305	0.01747	0.02318	0.02058	0.09457	0.56138	0.05097	0.06736	0.01722	0.01757	0.01222	0.00812	0.00714	0.00214	0.00804	0.00660	0.00663	0.01154
40	0.00993	0.00670	0.00776	0.00793	0.00807	0.00662	0.00463	0.01025	0.01105	0.01482	0.05992	0.13320	0.03006	0.62529	0.03080	0.00604	0.00625	0.01148	0.00469	0.00453
41	0.38423	0.37330	0.02324	0.01077	0.01587	0.02151	0.00985	0.02156	0.04863	0.02401	0.01068	0.01203	0.00895	0.00639	0.00454	0.00185	0.00640	0.00397	0.00382	0.00841
42	0.02628	0.01669	0.01959	0.01510	0.02043	0.01755	0.03501	0.43448	0.05076	0.22036	0.05577	0.02083	0.01638	0.00870	0.00710	0.00213	0.00706	0.00693	0.00734	0.01148
43	0.00995	0.00711	0.00976	0.01138	0.01242	0.00692	0.00900	0.01223	0.01479	0.01944	0.03766	0.39489	0.04298	0.02049	0.00929	0.00303	0.00531	0.36083	0.00645	0.00607
44	0.01393	0.00836	0.01050	0.01021	0.01177	0.00820	0.00736	0.06014	0.01505	0.11848	0.05908	0.23355	0.03187	0.25616	0.05221	0.00437	0.00637	0.07973	0.00601	0.00666
45	0.01972	0.02079	0.01640	0.04144	0.01899	0.31880	0.01157	0.05697	0.13816	0.04416	0.05104	0.15963	0.02127	0.01103	0.00777	0.00221	0.03775	0.00870	0.00524	0.00836
46	0.08358	0.11954	0.02216	0.01957	0.10406	0.49980	0.01380	0.02566	0.01801	0.01878	0.01085	0.01288	0.00913	0.00687	0.00599	0.00182	0.01088	0.00455	0.00356	0.00852
47	0.00888	0.00684	0.00812	0.00833	0.00995	0.00608	0.00605	0.01104	0.01661	0.02179	0.28568	0.23377	0.31666	0.01753	0.00841	0.00242	0.00358	0.01528	0.00690	0.00608
48	0.01561	0.01489	0.02533	0.32447	0.44255	0.01614	0.02059	0.01996	0.01511	0.02078	0.01283	0.01781	0.01034	0.00653	0.00694	0.00218	0.00870	0.00621	0.00331	0.00972
49	0.02500	0.06979	0.02075	0.01769	0.02118	0.64615	0.01352	0.02681	0.01891	0.01703	0.01063	0.01268	0.00900	0.00744	0.00724	0.00186	0.05814	0.00456	0.00353	0.00811
50	0.02430	0.01844	0.01969	0.01561	0.02079	0.02060	0.01273	0.53023	0.19415	0.04040	0.01958	0.01900	0.01415	0.00864	0.00701	0.00216	0.00716	0.00667	0.00701	0.01167
51	0.02678	0.01915	0.02070	0.01587	0.02144	0.02105	0.01311	0.65402	0.03214	0.07886	0.01731	0.01712	0.01215	0.00839	0.00698	0.00210	0.00759	0.00632	0.00707	0.01187
52	0.07552	0.01748	0.02264	0.01772	0.02253	0.01934	0.12780	0.35498	0.09755	0.03387	0.01737	0.02083	0.01358	0.00889	0.00876	0.00233	0.08161	0.04105	0.00580	0.01035
53	0.01318	0.01240	0.02093	0.73798	0.04806	0.01550	0.01938	0.01783	0.01395	0.01783	0.01240	0.01860	0.00930	0.00698	0.00698	0.00233	0.00930	0.00620	0.00310	0.00775
54	0.00850	0.00607	0.00810	0.00972	0.01012	0.00567	0.00648	0.00972	0.01336	0.01781	0.03846	0.75020	0.04615	0.02186	0.00891	0.00283	0.00405	0.01984	0.00648	0.00567
55	0.01960	0.01539	0.01729	0.01478	0.01915	0.01726	0.03428	0.11258	0.53889	0.08981	0.02647	0.02451	0.01948	0.00915	0.00712	0.00232	0.00602	0.00764	0.00710	0.01116
56	0.01318	0.01240	0.02093	0.73798	0.04806	0.01550	0.01938	0.01783	0.01395	0.01783	0.01240	0.01860	0.00930	0.00698	0.00698	0.00233	0.00930	0.00620	0.00310	0.00775
57	0.02530	0.01816	0.01968	0.01545	0.02074	0.02002	0.01265	0.52437	0.14741	0.09340	0.01961	0.01891	0.01392	0.00859	0.00700	0.00215	0.00717	0.00662	0.00713	0.01173
58	0.01003	0.00732	0.00976	0.01116	0.01250	0.00705	0.00904	0.01246	0.01524	0.01970	0.04181	0.27781	0.12933	0.01984	0.00924	0.00299	0.00534	0.38680	0.00645	0.00613
59	0.08499	0.02044	0.02140	0.07209	0.18308	0.23183	0.06254	0.10533	0.01848	0.02348	0.01551	0.09948	0.01411	0.00863	0.00684	0.00212	0.00911	0.00720	0.00434	0.00900
60	0.02717	0.01244	0.01595	0.01270	0.01756	0.01162	0.01050	0.13726	0.02157	0.49605	0.05333	0.02992	0.04729	0.01004	0.00732	0.00225	0.00607	0.06190	0.00806	0.01099
61	0.80405	0.01350	0.01026	0.00918	0.01350	0.01565	0.00756	0.02051	0.01188	0.03131	0.00972	0.01134	0.00756	0.00648	0.00432	0.00216	0.00540	0.00378	0.00432	0.00756
62	0.08527	0.03072	0.01938	0.01810	0.04489	0.62470	0.01330	0.04863	0.01946	0.01924	0.01098	0.01279	0.00904	0.00714	0.00619	0.00184	0.01173	0.00456	0.00376	0.00828
63	0.17157	0.02629	0.01827	0.01587	0.02008	0.42549	0.01232	0.18410	0.02141	0.02616	0.01201	0.01335	0.00941	0.00734	0.00609	0.00194	0.01007	0.00479	0.00454	0.00889
64	0.00863	0.00704	0.00763	0.00757	0.00968	0.00604	0.00564	0.01072	0.01668	0.02090	0.21494	0.09092	0.53519	0.01706	0.00827	0.00234	0.00350	0.01445	0.00675	0.00604
65	0.01212	0.00606	0.00909	0.00909	0.00909	0.00606	0.00606	0.00909	0.00909	0.01212	0.01212	0.02121	0.01212	0.02424	0.02727	0.79697	0.00606	0.00606	0.00303	0.00303
66	0.01492	0.01418	0.02408	0.44168	0.33073	0.01596	0.02025	0.01936	0.01478	0.01995	0.01271	0.01804	0.01005	0.00665	0.00695	0.00222	0.00887	0.00621	0.00325	0.00916
67	0.01230	0.00823	0.01150	0.01283	0.01463	0.00815	0.01119	0.01548	0.01627	0.05728	0.03645	0.07584	0.03896	0.01872	0.00950	0.00316	0.00640	0.62985	0.00654	0.00671
68	0.01029	0.00766	0.00963	0.00904	0.01089	0.00727	0.00681	0.01460	0.06559	0.02751	0.62270	0.05127	0.10192	0.01415	0.00815	0.00222	0.00346	0.01243	0.00757	0.00684
69	0.80405	0.01350	0.01026	0.00918	0.01350	0.01565	0.00756	0.02051	0.01188	0.03131	0.00972	0.01134	0.00756	0.00648	0.00432	0.00216	0.00540	0.00378	0.00432	0.00756
70	0.00871	0.00627	0.00828	0.00966	0.01028	0.00584	0.00662	0.01019	0.01408	0.01881	0.09511	0.64284	0.07163	0.02098	0.00885	0.00278	0.00405	0.04267	0.00658	0.00578
71	0.02920	0.01450	0.01772	0.01367	0.01907	0.01424	0.01127	0.24712	0.05088	0.47012	0.02405	0.02156	0.01567	0.00858	0.00701	0.00215	0.00649	0.00681	0.00804	0.01184
72	0.00858	0.00613	0.00819	0.00981	0.01025	0.00574	0.00662	0.00986	0.01344	0.01791	0.03842	0.72994	0.04597	0.02178	0.00893	0.00285	0.00412	0.03928	0.00648	0.00569
73	0.00971	0.00643	0.00858	0.00978	0.01052	0.00596	0.00667	0.01114	0.01413	0.05263	0.08444	0.66620	0.04611	0.02069	0.00877	0.00276	0.00409	0.01871	0.00667	0.00603
74	0.01040	0.00763	0.00857	0.00866	0.01055	0.00702	0.00627	0.03696	0.03801	0.04378	0.07594	0.25954	0.35951	0.05612	0.00963	0.00268	0.00413	0.01483	0.03339	0.00638
75	0.01018	0.00672	0.00759	0.00766	0.00774	0.00671	0.00435	0.01036	0.01046	0.01419	0.02275	0.07626	0.02602	0.69437	0.03319	0.00640	0.00651	0.01044	0.03372	0.00438
76	0.01015	0.00677	0.00761	0.00761	0.00761	0.00677	0.00423	0.01015	0.01015	0.01353	0.02199	0.04567	0.02537	0.75476	0.03552	0.00677	0.00677	0.01015	0.00423	0.00423
77	0.00833	0.00702	0.00722	0.00727	0.00950	0.00591	0.00542	0.01014	0.01595	0.01921	0.09744	0.09985	0.64748	0.01773	0.00828	0.00237	0.00355	0.01488	0.00653	0.00591
78	0.00929	0.00712	0.00859	0.00905	0.01054	0.00661	0.00655	0.01215	0.04924	0.02129	0.21254	0.32262	0.24053	0.01808	0.00849	0.00253	0.00387	0.03787	0.00680	0.00625
79	0.00997	0.00748	0.01121	0.01121	0.01246	0.00872	0.00872	0.01246	0.01121	0.01620	0.01869	0.02741	0.01745	0.05234	0.72710	0.01121	0.01869	0.00748	0.00374	0.00623
80	0.05943	0.02127	0.01663	0.01492	0.01845	0.29592	0.01141	0.02954	0.27269	0.06846	0.02057	0.02164	0.03336	0.04960	0.00878	0.00238	0.03390	0.00653	0.00537	0.00914
81	0.00863	0.00635	0.00811	0.00938	0.01019	0.00583	0.00648	0.01009	0.01414	0.01854	0.07319	0.58743	0.15029	0.02077	0.00880	0.00275	0.00402	0.04271	0.00653	0.00577
82	0.01050	0.00727	0.00891	0.00894	0.00944	0.00757	0.00583	0.03009	0.01145	0.01551	0.02282	0.09250	0.02529	0.50807	0.17819	0.00717	0.00911	0.03187	0.00444	0.00505
83	0.01727	0.01658	0.02832	0.04283	0.71123	0.01658	0.02142	0.02142	0.01589	0.02280	0.01313	0.01727	0.01105	0.00622	0.00691	0.00207	0.00829	0.00622	0.00345	0.01105
84	0.00895	0.00639	0.00821	0.00918	0.00982	0.00598	0.00616	0.01040	0.01417	0.01910	0.15640	0.50903	0.07121	0.11614	0.01224	0.00322	0.00425	0.01710	0.00640	0.00565
85	0.01015	0.00677	0.00761	0.00761	0.00761	0.00677	0.00423	0.01015	0.01015	0.01353	0.02199	0.04567	0.02537	0.75476	0.03552	0.00677	0.00677	0.01015	0.00423	0.00423

[dist]
# distance from previous block
# <min> <max>
0	0

# created by:
# /home/berkeley/.conda/envs/busco_data_prod/bin/msa2prfl.pl pipeline/OGs_align_augustus/4893/20076.fs
