[name]
unknown

[dist]
# distance from previous block
# <min> <max>
0	1

[block]
# block no. 0 follows, 33 sequences, length 28
# corresponding to MSA columns:
# 1-28
name=unknown_A
#
# <colnr> <probs for GDERKNQSTAVLIFYWHMCP>
#	G	D	E	R	K	N	Q	S	T	A	V	L	I	F	Y	W	H	M	C	P
0	0.01048	0.00749	0.01046	0.01198	0.01344	0.00747	0.01038	0.01342	0.01503	0.01956	0.03493	0.10861	0.03817	0.01831	0.00906	0.00301	0.00595	0.65018	0.00606	0.00603
1	0.02432	0.02968	0.01905	0.01767	0.04646	0.65295	0.01298	0.08483	0.01958	0.01851	0.01074	0.01238	0.00879	0.00685	0.00601	0.00173	0.01132	0.00445	0.00366	0.00804
2	0.05006	0.00739	0.00892	0.00838	0.01024	0.00708	0.00634	0.01358	0.05257	0.02569	0.58289	0.04754	0.12836	0.01321	0.00753	0.00209	0.00334	0.01148	0.00694	0.00640
3	0.01662	0.01711	0.03432	0.02491	0.03111	0.01649	0.56620	0.05284	0.09591	0.05209	0.01548	0.01864	0.01145	0.00614	0.00755	0.00220	0.01004	0.00760	0.00405	0.00925
4	0.01760	0.77260	0.03450	0.01126	0.01690	0.02605	0.01126	0.01971	0.01338	0.01549	0.00915	0.01056	0.00845	0.00563	0.00422	0.00141	0.00704	0.00352	0.00282	0.00845
5	0.01243	0.01170	0.01975	0.75282	0.04534	0.01463	0.01828	0.01682	0.01316	0.01682	0.01170	0.01755	0.00878	0.00658	0.00658	0.00219	0.00878	0.00585	0.00293	0.00731
6	0.01263	0.01190	0.02009	0.71720	0.07945	0.01468	0.01838	0.01699	0.01325	0.01705	0.01174	0.01749	0.00886	0.00655	0.00658	0.00218	0.00873	0.00585	0.00294	0.00747
7	0.01243	0.01170	0.01975	0.75282	0.04534	0.01463	0.01828	0.01682	0.01316	0.01682	0.01170	0.01755	0.00878	0.00658	0.00658	0.00219	0.00878	0.00585	0.00293	0.00731
8	0.00786	0.00635	0.00700	0.00752	0.00912	0.00549	0.00538	0.00935	0.01419	0.01745	0.05632	0.30250	0.49245	0.01802	0.00799	0.00238	0.00350	0.01554	0.00611	0.00549
9	0.00802	0.00573	0.00764	0.00917	0.00955	0.00535	0.00611	0.00917	0.01260	0.01681	0.03628	0.76434	0.04354	0.02062	0.00840	0.00267	0.00382	0.01872	0.00611	0.00535
10	0.81514	0.01273	0.00968	0.00866	0.01273	0.01477	0.00713	0.01935	0.01120	0.02954	0.00917	0.01069	0.00713	0.00611	0.00407	0.00204	0.00509	0.00356	0.00407	0.00713
11	0.01365	0.01170	0.01365	0.00975	0.01560	0.00878	0.00780	0.01658	0.01365	0.02145	0.01170	0.01365	0.00975	0.00488	0.00488	0.00098	0.00488	0.00390	0.00390	0.80888
12	0.06726	0.01447	0.01647	0.01298	0.01767	0.05003	0.02770	0.26057	0.02199	0.30908	0.04318	0.05127	0.03651	0.00865	0.00656	0.00201	0.00635	0.00692	0.00673	0.03360
13	0.06522	0.02695	0.12253	0.01584	0.02054	0.45029	0.01360	0.04680	0.01797	0.14076	0.01324	0.01403	0.00981	0.00694	0.00602	0.00184	0.00999	0.00475	0.00425	0.00863
14	0.02931	0.01157	0.01550	0.01189	0.01699	0.01022	0.00982	0.06598	0.01945	0.69738	0.02546	0.02208	0.01604	0.00814	0.00662	0.00203	0.00568	0.00659	0.00807	0.01120
15	0.01587	0.01521	0.02596	0.11811	0.65316	0.01553	0.01999	0.01983	0.01479	0.02100	0.01231	0.01643	0.01025	0.00594	0.00652	0.00198	0.00793	0.00586	0.00322	0.01009
16	0.01579	0.01162	0.01381	0.01016	0.01566	0.00915	0.00813	0.04256	0.01487	0.11061	0.01469	0.04741	0.01209	0.00607	0.00531	0.00122	0.00500	0.00495	0.00462	0.64629
17	0.00827	0.00627	0.00770	0.00873	0.00985	0.00569	0.00631	0.00982	0.01370	0.01749	0.04598	0.45034	0.26417	0.01904	0.00829	0.00257	0.00394	0.10025	0.00611	0.00550
18	0.01858	0.01288	0.04362	0.04026	0.10664	0.01210	0.05971	0.06170	0.13093	0.22723	0.14727	0.04709	0.04399	0.00920	0.00697	0.00210	0.00599	0.00809	0.00624	0.00943
19	0.00957	0.00638	0.00718	0.00718	0.00718	0.00638	0.00399	0.00957	0.00957	0.01276	0.02074	0.04308	0.02393	0.76864	0.03351	0.00638	0.00638	0.00957	0.00399	0.00399
20	0.15566	0.17216	0.04136	0.01220	0.01725	0.03674	0.01064	0.19846	0.03670	0.16498	0.01565	0.03698	0.01186	0.00731	0.00561	0.00184	0.00643	0.00538	0.00531	0.05749
21	0.01741	0.07237	0.06092	0.12103	0.08463	0.10213	0.01282	0.08265	0.07501	0.10331	0.06079	0.07948	0.03626	0.00984	0.02630	0.00223	0.00743	0.00722	0.00488	0.03328
22	0.01775	0.06692	0.06983	0.01228	0.01664	0.03348	0.01055	0.14580	0.15076	0.12738	0.06047	0.09964	0.07954	0.00991	0.00662	0.00201	0.00585	0.00815	0.00594	0.07046
23	0.05037	0.07274	0.09113	0.05980	0.05739	0.01419	0.01191	0.07881	0.19988	0.06705	0.11068	0.06194	0.03873	0.00901	0.00648	0.00203	0.00597	0.00749	0.00542	0.04897
24	0.05014	0.03332	0.09591	0.01505	0.08050	0.01316	0.03200	0.11124	0.10664	0.11314	0.07464	0.02306	0.06965	0.00807	0.00632	0.00188	0.00611	0.00669	0.00534	0.14716
25	0.04056	0.07565	0.11023	0.01524	0.05682	0.04387	0.06691	0.06394	0.05938	0.12137	0.08704	0.02199	0.05525	0.00803	0.00704	0.00192	0.04243	0.00655	0.00491	0.11089
26	0.01712	0.01544	0.12008	0.03597	0.04141	0.03189	0.08021	0.06446	0.10140	0.16526	0.17373	0.05622	0.02502	0.00912	0.00694	0.00208	0.00648	0.00800	0.00579	0.03339
27	0.01614	0.17967	0.13230	0.01743	0.08210	0.07424	0.10123	0.08076	0.07042	0.02149	0.03738	0.05611	0.06739	0.00804	0.00630	0.00193	0.00770	0.00681	0.00415	0.02841

[dist]
# distance from previous block
# <min> <max>
1	14

[block]
# block no. 1 follows, 33 sequences, length 27
# corresponding to MSA columns:
# 43-69
name=unknown_B
#
# <colnr> <probs for GDERKNQSTAVLIFYWHMCP>
#	G	D	E	R	K	N	Q	S	T	A	V	L	I	F	Y	W	H	M	C	P
0	0.11779	0.03735	0.06766	0.01977	0.14395	0.03086	0.12421	0.11416	0.03899	0.02451	0.06166	0.11651	0.01773	0.00900	0.00742	0.00216	0.04529	0.00785	0.00452	0.00859
1	0.01773	0.21208	0.09860	0.06275	0.04343	0.13127	0.01313	0.06113	0.09225	0.03945	0.01302	0.01453	0.01038	0.00658	0.00607	0.00171	0.03190	0.00479	0.00388	0.13533
2	0.18859	0.09353	0.14237	0.04219	0.11978	0.10073	0.03642	0.10222	0.01606	0.02410	0.01293	0.01488	0.02624	0.00660	0.00565	0.00190	0.00773	0.00499	0.02146	0.03164
3	0.03419	0.06952	0.20353	0.01767	0.09450	0.07397	0.07318	0.08082	0.04181	0.04058	0.06232	0.02183	0.04075	0.08383	0.00911	0.00240	0.00790	0.00652	0.00415	0.03142
4	0.03935	0.10003	0.25269	0.08898	0.02581	0.01563	0.12883	0.04480	0.03670	0.08364	0.01486	0.05910	0.01190	0.00737	0.00690	0.00206	0.03307	0.00633	0.00389	0.03806
5	0.01963	0.01727	0.11423	0.01517	0.03984	0.01564	0.03248	0.28953	0.14527	0.10536	0.07353	0.06532	0.01870	0.00895	0.00680	0.00210	0.00665	0.00740	0.00609	0.01004
6	0.00964	0.00745	0.00915	0.00897	0.01104	0.00648	0.00670	0.01172	0.01440	0.01965	0.15001	0.27626	0.15560	0.04168	0.00846	0.00234	0.00417	0.08877	0.00579	0.16172
7	0.01706	0.01213	0.01422	0.06001	0.01662	0.01320	0.00958	0.28512	0.04545	0.06562	0.05601	0.02742	0.04286	0.18053	0.12067	0.00424	0.00817	0.00756	0.00544	0.00811
8	0.00806	0.00641	0.00738	0.00793	0.00945	0.00573	0.00577	0.00964	0.01393	0.01736	0.05235	0.29364	0.43001	0.02017	0.05602	0.00294	0.00452	0.03722	0.00594	0.00553
9	0.01598	0.01816	0.10642	0.09867	0.15765	0.04263	0.14960	0.07560	0.06087	0.02143	0.01274	0.01636	0.01016	0.00758	0.01009	0.00226	0.17508	0.00614	0.00360	0.00898
10	0.01866	0.08060	0.01900	0.03859	0.03867	0.10099	0.03395	0.13974	0.40220	0.02676	0.02033	0.01985	0.01540	0.00798	0.00641	0.00205	0.00683	0.00642	0.00565	0.00991
11	0.59001	0.10274	0.01420	0.05830	0.01612	0.04916	0.00889	0.05756	0.01302	0.02712	0.00974	0.01146	0.00768	0.00622	0.00448	0.00195	0.00599	0.00387	0.00396	0.00754
12	0.00928	0.00643	0.00798	0.00850	0.00954	0.00594	0.00593	0.01078	0.01381	0.04178	0.14433	0.35173	0.16399	0.13962	0.01224	0.00310	0.00421	0.04925	0.00601	0.00553
13	0.00885	0.00708	0.00797	0.00786	0.00979	0.00645	0.00584	0.01202	0.06166	0.02101	0.26603	0.12681	0.40375	0.01556	0.00777	0.00222	0.00343	0.01334	0.00650	0.00606
14	0.01692	0.04052	0.26857	0.01690	0.09145	0.01409	0.01563	0.10194	0.09622	0.11509	0.07181	0.02143	0.03895	0.00790	0.00643	0.00202	0.00705	0.00646	0.05104	0.00959
15	0.02459	0.03138	0.01866	0.01696	0.02035	0.74221	0.01272	0.02629	0.01866	0.01611	0.01018	0.01187	0.00848	0.00678	0.00594	0.00170	0.01187	0.00424	0.00339	0.00763
16	0.01954	0.00980	0.01121	0.00936	0.01259	0.00971	0.00748	0.14320	0.01832	0.23234	0.02177	0.02237	0.01569	0.00785	0.00554	0.00176	0.00455	0.00624	0.43220	0.00850
17	0.02459	0.03138	0.01866	0.01696	0.02035	0.74221	0.01272	0.02629	0.01866	0.01611	0.01018	0.01187	0.00848	0.00678	0.00594	0.00170	0.01187	0.00424	0.00339	0.00763
18	0.81514	0.01273	0.00968	0.00866	0.01273	0.01477	0.00713	0.01935	0.01120	0.02954	0.00917	0.01069	0.00713	0.00611	0.00407	0.00204	0.00509	0.00356	0.00407	0.00713
19	0.02503	0.01844	0.01976	0.01515	0.02042	0.02042	0.01251	0.70562	0.03095	0.04149	0.01581	0.01581	0.01120	0.00790	0.00659	0.00198	0.00724	0.00593	0.00659	0.01120
20	0.02387	0.01567	0.01728	0.01354	0.01829	0.01688	0.01109	0.47393	0.07726	0.15496	0.01889	0.01843	0.01327	0.00800	0.00640	0.00196	0.00640	0.00618	0.08707	0.01063
21	0.00861	0.00638	0.00870	0.00955	0.01046	0.00648	0.00697	0.01033	0.01231	0.01655	0.03305	0.40037	0.10581	0.02988	0.25876	0.00534	0.00860	0.05104	0.00523	0.00559
22	0.00857	0.00638	0.00798	0.00826	0.00955	0.00579	0.00593	0.01072	0.01585	0.02140	0.35764	0.29593	0.18873	0.01655	0.00799	0.00231	0.00340	0.01463	0.00663	0.00579
23	0.01320	0.03405	0.73453	0.01876	0.02849	0.01529	0.02432	0.02085	0.01390	0.02085	0.01181	0.01390	0.00834	0.00625	0.00625	0.00208	0.00973	0.00486	0.00278	0.00973
24	0.01499	0.01210	0.01207	0.01087	0.01344	0.10394	0.00830	0.08333	0.08544	0.08337	0.21625	0.05638	0.11599	0.05899	0.09174	0.00327	0.00693	0.00923	0.00593	0.00743
25	0.01683	0.04601	0.13951	0.14478	0.22473	0.05775	0.01708	0.12104	0.03902	0.04591	0.01616	0.02035	0.03454	0.00751	0.00655	0.00206	0.00803	0.03871	0.00410	0.00933
26	0.11665	0.25393	0.06561	0.01512	0.06472	0.08466	0.01265	0.19003	0.01816	0.06141	0.01210	0.01339	0.00951	0.00686	0.00630	0.00184	0.04894	0.00470	0.00426	0.00917

[dist]
# distance from previous block
# <min> <max>
0	7

[block]
# block no. 2 follows, 33 sequences, length 15
# corresponding to MSA columns:
# 77-91
name=unknown_C
#
# <colnr> <probs for GDERKNQSTAVLIFYWHMCP>
#	G	D	E	R	K	N	Q	S	T	A	V	L	I	F	Y	W	H	M	C	P
0	0.01475	0.01167	0.01284	0.01160	0.01458	0.01282	0.00895	0.07082	0.39755	0.04539	0.14867	0.03422	0.06633	0.07791	0.00942	0.00259	0.00503	0.03960	0.00652	0.00873
1	0.01823	0.01336	0.01491	0.01276	0.01607	0.01439	0.00995	0.42725	0.02362	0.03162	0.02399	0.31499	0.02412	0.01299	0.00731	0.00225	0.00588	0.01104	0.00640	0.00886
2	0.00825	0.00608	0.00775	0.00877	0.00963	0.00557	0.00611	0.00980	0.01386	0.01831	0.13050	0.53537	0.15337	0.01898	0.00825	0.00254	0.00373	0.04136	0.00626	0.00552
3	0.00854	0.00644	0.00798	0.00876	0.01004	0.00588	0.00650	0.01042	0.01457	0.01891	0.14211	0.34530	0.24867	0.01805	0.00824	0.00251	0.00393	0.12124	0.00626	0.00564
4	0.05940	0.01417	0.01506	0.01292	0.01694	0.01591	0.01025	0.15910	0.45270	0.08817	0.02345	0.02203	0.01726	0.00846	0.00642	0.00212	0.00549	0.00682	0.05312	0.01021
5	0.02497	0.01701	0.01869	0.01449	0.01961	0.01849	0.01192	0.55018	0.08631	0.14232	0.01822	0.01751	0.01269	0.00802	0.00660	0.00201	0.00683	0.00616	0.00683	0.01113
6	0.01083	0.00710	0.00909	0.00838	0.01031	0.00642	0.00636	0.01372	0.01823	0.08429	0.58913	0.04860	0.13563	0.01339	0.00767	0.00209	0.00334	0.01170	0.00719	0.00655
7	0.00943	0.00697	0.01014	0.01014	0.01116	0.00799	0.00768	0.01147	0.01045	0.01495	0.01804	0.02810	0.01743	0.14293	0.65032	0.01003	0.01617	0.00738	0.00359	0.00563
8	0.81514	0.01273	0.00968	0.00866	0.01273	0.01477	0.00713	0.01935	0.01120	0.02954	0.00917	0.01069	0.00713	0.00611	0.00407	0.00204	0.00509	0.00356	0.00407	0.00713
9	0.01365	0.01170	0.01365	0.00975	0.01560	0.00878	0.00780	0.01658	0.01365	0.02145	0.01170	0.01365	0.00975	0.00488	0.00488	0.00098	0.00488	0.00390	0.00390	0.80888
10	0.01301	0.01229	0.02079	0.64636	0.14728	0.01478	0.01857	0.01733	0.01344	0.01752	0.01180	0.01736	0.00902	0.00647	0.00657	0.00216	0.00863	0.00585	0.00298	0.00778
11	0.02117	0.01350	0.01584	0.01182	0.01730	0.01235	0.00965	0.21825	0.02000	0.21753	0.01670	0.01661	0.01192	0.00662	0.00583	0.00155	0.00575	0.00521	0.00581	0.36658
12	0.01216	0.00977	0.01070	0.01014	0.01262	0.01013	0.00764	0.09156	0.20962	0.02329	0.08074	0.21720	0.24968	0.01437	0.00750	0.00230	0.00438	0.01231	0.00639	0.00749
13	0.01263	0.01190	0.02010	0.71642	0.08020	0.01468	0.01838	0.01699	0.01326	0.01706	0.01174	0.01749	0.00886	0.00655	0.00658	0.00218	0.00873	0.00585	0.00294	0.00747
14	0.65801	0.01432	0.04413	0.01000	0.01443	0.01541	0.00861	0.08453	0.05416	0.03014	0.01093	0.01213	0.00832	0.00645	0.00456	0.00204	0.00551	0.00407	0.00440	0.00782

[dist]
# distance from previous block
# <min> <max>
0	1

[block]
# block no. 3 follows, 33 sequences, length 13
# corresponding to MSA columns:
# 93-105
name=unknown_D
#
# <colnr> <probs for GDERKNQSTAVLIFYWHMCP>
#	G	D	E	R	K	N	Q	S	T	A	V	L	I	F	Y	W	H	M	C	P
0	0.02175	0.01573	0.01915	0.01508	0.01974	0.01682	0.07480	0.42595	0.09518	0.10482	0.02010	0.10500	0.01627	0.00930	0.00692	0.00211	0.00683	0.00781	0.00640	0.01022
1	0.00957	0.00638	0.00718	0.00718	0.00718	0.00638	0.00399	0.00957	0.00957	0.01276	0.02074	0.04308	0.02393	0.76864	0.03351	0.00638	0.00638	0.00957	0.00399	0.00399
2	0.01637	0.02080	0.18762	0.08416	0.02417	0.08917	0.06764	0.05482	0.33453	0.02389	0.01873	0.01925	0.01398	0.00757	0.00658	0.00213	0.00781	0.00633	0.00483	0.00960
3	0.02567	0.01595	0.01810	0.01384	0.01909	0.01663	0.01142	0.47036	0.02644	0.24033	0.01851	0.01759	0.01259	0.00780	0.00650	0.00194	0.00663	0.00601	0.00688	0.05775
4	0.01611	0.01640	0.02455	0.24498	0.19341	0.10400	0.16108	0.06225	0.01601	0.02046	0.01400	0.02075	0.01171	0.00718	0.00693	0.00213	0.00912	0.05679	0.00361	0.00855
5	0.20595	0.01065	0.01237	0.01002	0.01425	0.01021	0.00819	0.02620	0.01620	0.44587	0.02133	0.02011	0.01430	0.00760	0.00568	0.00195	0.00504	0.00584	0.14886	0.00937
6	0.01976	0.01503	0.05921	0.01341	0.01776	0.01497	0.01120	0.21085	0.28868	0.14905	0.02390	0.10764	0.01908	0.00973	0.00683	0.00217	0.00594	0.00806	0.00661	0.01013
7	0.00814	0.00627	0.00744	0.00802	0.00933	0.00557	0.00568	0.00981	0.01456	0.01878	0.16158	0.36565	0.31981	0.01786	0.00805	0.00239	0.00351	0.01566	0.00630	0.00557
8	0.02435	0.02267	0.01908	0.01567	0.02019	0.27089	0.01246	0.42915	0.06803	0.03183	0.01451	0.01497	0.01079	0.00758	0.00637	0.00189	0.00873	0.00543	0.00548	0.00991
9	0.00858	0.00670	0.00778	0.00751	0.00938	0.00590	0.00563	0.01100	0.01690	0.02228	0.40939	0.05596	0.37940	0.01500	0.00777	0.00214	0.00322	0.01286	0.00670	0.00590
10	0.01404	0.01472	0.02788	0.02089	0.02565	0.01463	0.41740	0.02009	0.09712	0.02150	0.08620	0.02660	0.10107	0.00850	0.00881	0.00226	0.07132	0.00867	0.00438	0.00828
11	0.00848	0.00607	0.00736	0.00818	0.00870	0.00571	0.00528	0.00934	0.01198	0.01566	0.03568	0.43607	0.13416	0.25718	0.01627	0.00379	0.00456	0.01513	0.00544	0.00495
12	0.01679	0.01741	0.07492	0.03495	0.52357	0.01619	0.11083	0.08337	0.01646	0.02324	0.01278	0.01628	0.01030	0.00604	0.00667	0.00200	0.00833	0.00606	0.00354	0.01025

[dist]
# distance from previous block
# <min> <max>
0	3

[block]
# block no. 4 follows, 33 sequences, length 44
# corresponding to MSA columns:
# 109-152
name=unknown_E
#
# <colnr> <probs for GDERKNQSTAVLIFYWHMCP>
#	G	D	E	R	K	N	Q	S	T	A	V	L	I	F	Y	W	H	M	C	P
0	0.01360	0.01042	0.01377	0.01235	0.01473	0.01072	0.06306	0.20806	0.01832	0.02468	0.07161	0.40745	0.03144	0.01692	0.04748	0.00283	0.00607	0.01316	0.00596	0.00737
1	0.04611	0.07096	0.55792	0.01765	0.02613	0.05325	0.04012	0.02197	0.04028	0.04812	0.01262	0.01432	0.00909	0.00639	0.00612	0.00203	0.00923	0.00495	0.00323	0.00951
2	0.01492	0.04396	0.02327	0.12268	0.40748	0.04040	0.04231	0.01832	0.01442	0.01977	0.04234	0.05942	0.04018	0.00795	0.00798	0.00210	0.07301	0.00700	0.00359	0.00890
3	0.00955	0.00657	0.00875	0.00879	0.00951	0.00694	0.00615	0.01031	0.01047	0.01422	0.02310	0.05433	0.08921	0.26869	0.32237	0.12311	0.01057	0.00865	0.00390	0.00480
4	0.08113	0.19986	0.08215	0.01425	0.01954	0.19829	0.05609	0.06422	0.04200	0.03862	0.01180	0.01329	0.00945	0.00621	0.00544	0.00165	0.00813	0.00452	0.00378	0.13959
5	0.02006	0.01521	0.01640	0.01461	0.04545	0.04987	0.01117	0.16998	0.37820	0.12531	0.02295	0.02290	0.01714	0.00859	0.00665	0.00211	0.00611	0.02900	0.00649	0.03180
6	0.34410	0.01786	0.01505	0.03475	0.01775	0.14664	0.01036	0.22658	0.08025	0.03015	0.01295	0.01385	0.00977	0.00703	0.00546	0.00198	0.00707	0.00480	0.00490	0.00873
7	0.01411	0.02742	0.45910	0.04970	0.06669	0.05256	0.15361	0.02038	0.01442	0.02032	0.01332	0.05390	0.01063	0.00689	0.00667	0.00212	0.00966	0.00621	0.00312	0.00917
8	0.00819	0.00607	0.00765	0.00855	0.00947	0.00553	0.00592	0.00975	0.01405	0.01857	0.15494	0.51375	0.17609	0.01870	0.00818	0.00249	0.00361	0.01668	0.00630	0.00553
9	0.01597	0.01490	0.02396	0.11175	0.53279	0.01552	0.01838	0.04038	0.09615	0.02221	0.01471	0.01902	0.01217	0.00670	0.00662	0.00204	0.00756	0.02538	0.00379	0.00999
10	0.01320	0.03405	0.73453	0.01876	0.02849	0.01529	0.02432	0.02085	0.01390	0.02085	0.01181	0.01390	0.00834	0.00625	0.00625	0.00208	0.00973	0.00486	0.00278	0.00973
11	0.00979	0.00672	0.00839	0.00852	0.01001	0.00611	0.00625	0.01186	0.01555	0.05760	0.28229	0.24231	0.19452	0.05690	0.00935	0.00255	0.00383	0.05497	0.00650	0.00597
12	0.10861	0.01180	0.01272	0.01041	0.01414	0.01234	0.00843	0.23814	0.01999	0.17521	0.01924	0.01980	0.01388	0.00767	0.00559	0.00183	0.00513	0.00588	0.30030	0.00889
13	0.03936	0.02146	0.01769	0.01501	0.01909	0.28254	0.01180	0.27074	0.13595	0.05426	0.01588	0.01648	0.01204	0.00988	0.04612	0.00238	0.00906	0.00559	0.00528	0.00939
14	0.00969	0.00634	0.00727	0.00727	0.00727	0.00634	0.00410	0.00951	0.00951	0.01268	0.02015	0.04161	0.02314	0.72098	0.03301	0.05764	0.00634	0.00933	0.00392	0.00392
15	0.00802	0.00573	0.00764	0.00917	0.00955	0.00535	0.00611	0.00917	0.01260	0.01681	0.03628	0.76434	0.04354	0.02062	0.00840	0.00267	0.00382	0.01872	0.00611	0.00535
16	0.01487	0.01284	0.01331	0.01309	0.05304	0.08044	0.00963	0.05624	0.25172	0.05024	0.13869	0.03795	0.15366	0.01146	0.00720	0.00220	0.00551	0.07345	0.00617	0.00828
17	0.18716	0.02273	0.01668	0.01446	0.01847	0.34795	0.01129	0.18679	0.09001	0.02605	0.01297	0.01384	0.01001	0.00713	0.00578	0.00189	0.00871	0.00482	0.00462	0.00865
18	0.00878	0.00666	0.00809	0.00784	0.00953	0.00597	0.00584	0.01135	0.01721	0.02327	0.48803	0.09214	0.26161	0.01482	0.00780	0.00215	0.00321	0.01288	0.00684	0.00597
19	0.00923	0.00624	0.00728	0.00761	0.00770	0.00616	0.00445	0.00948	0.01024	0.01365	0.02414	0.20083	0.02822	0.60504	0.02802	0.00557	0.00582	0.01157	0.00445	0.00429
20	0.02093	0.02910	0.17698	0.04583	0.04727	0.44342	0.05138	0.07221	0.01799	0.01940	0.01122	0.01325	0.00879	0.00665	0.00619	0.00186	0.01079	0.00479	0.00346	0.00849
21	0.02614	0.01496	0.01730	0.01333	0.01834	0.01546	0.01099	0.40558	0.02531	0.31173	0.02009	0.01885	0.01349	0.00799	0.00650	0.00198	0.00638	0.00621	0.04844	0.01094
22	0.01086	0.00691	0.00875	0.00816	0.00973	0.00644	0.00599	0.01352	0.01704	0.06781	0.52746	0.04454	0.05032	0.11037	0.01074	0.00258	0.00368	0.01076	0.07811	0.00622
23	0.00857	0.00670	0.00776	0.00750	0.00938	0.00589	0.00562	0.01097	0.01687	0.02221	0.40410	0.05608	0.38473	0.01502	0.00777	0.00214	0.00322	0.01287	0.00670	0.00589
24	0.02043	0.02354	0.01567	0.07509	0.01932	0.50067	0.01119	0.02264	0.01704	0.01806	0.01434	0.01654	0.03023	0.00724	0.00575	0.00172	0.00945	0.00506	0.17879	0.00722
25	0.00886	0.00683	0.00971	0.13161	0.01546	0.00696	0.00810	0.01072	0.01330	0.01769	0.09405	0.55883	0.05791	0.01757	0.00803	0.00253	0.00456	0.01586	0.00569	0.00575
26	0.03429	0.12874	0.37649	0.01692	0.04477	0.04473	0.01818	0.18919	0.01817	0.02525	0.01233	0.01383	0.00915	0.00653	0.00596	0.00191	0.00852	0.00489	0.00382	0.03634
27	0.01316	0.01251	0.01972	0.46937	0.19452	0.03903	0.01695	0.01693	0.01370	0.01786	0.01498	0.11374	0.01364	0.00824	0.00678	0.00218	0.00803	0.00746	0.00343	0.00778
28	0.00940	0.00705	0.01058	0.01058	0.01176	0.00823	0.00823	0.01176	0.01058	0.01528	0.01763	0.02586	0.01646	0.04937	0.74255	0.01058	0.01763	0.00705	0.00353	0.00588
29	0.01387	0.01136	0.01338	0.00978	0.01531	0.00862	0.00777	0.01669	0.01377	0.04480	0.01350	0.05452	0.01179	0.00584	0.00512	0.00110	0.00484	0.00479	0.00416	0.73896
30	0.01629	0.01564	0.02672	0.04041	0.72757	0.01564	0.02020	0.02020	0.01499	0.02151	0.01238	0.01629	0.01043	0.00587	0.00652	0.00196	0.00782	0.00587	0.00326	0.01043
31	0.02561	0.01750	0.01918	0.01470	0.01995	0.01903	0.01215	0.61844	0.02939	0.13089	0.01712	0.01666	0.01186	0.00793	0.00659	0.00198	0.00703	0.00602	0.00679	0.01120
32	0.81514	0.01273	0.00968	0.00866	0.01273	0.01477	0.00713	0.01935	0.01120	0.02954	0.00917	0.01069	0.00713	0.00611	0.00407	0.00204	0.00509	0.00356	0.00407	0.00713
33	0.00778	0.00667	0.00667	0.00667	0.00889	0.00556	0.00500	0.00945	0.01501	0.01778	0.06669	0.06336	0.72490	0.01667	0.00778	0.00222	0.00333	0.01389	0.00611	0.00556
34	0.01760	0.77260	0.03450	0.01126	0.01690	0.02605	0.01126	0.01971	0.01338	0.01549	0.00915	0.01056	0.00845	0.00563	0.00422	0.00141	0.00704	0.00352	0.00282	0.00845
35	0.00808	0.00660	0.00714	0.00718	0.00912	0.00566	0.00532	0.00997	0.01547	0.01929	0.18545	0.12005	0.54492	0.01641	0.00783	0.00223	0.00333	0.01393	0.00632	0.00566
36	0.01041	0.00703	0.00786	0.00761	0.00790	0.00714	0.00445	0.04720	0.01073	0.01432	0.02048	0.04161	0.02325	0.72752	0.03205	0.00614	0.00643	0.00938	0.00413	0.00438
37	0.00828	0.00640	0.00755	0.00786	0.00935	0.00568	0.00567	0.01019	0.01529	0.01987	0.23907	0.26948	0.33777	0.01697	0.00796	0.00232	0.00342	0.01479	0.00643	0.00568
38	0.01893	0.08612	0.01774	0.01424	0.01727	0.32464	0.01123	0.11384	0.01704	0.01927	0.01311	0.01674	0.01133	0.02025	0.23531	0.00452	0.04164	0.00534	0.00380	0.00763
39	0.00815	0.00584	0.00754	0.00885	0.00930	0.00545	0.00586	0.00922	0.01247	0.01650	0.03660	0.66075	0.07990	0.08718	0.01061	0.00298	0.00402	0.01763	0.00592	0.00524
40	0.01405	0.01422	0.01183	0.01104	0.01386	0.16985	0.00837	0.02072	0.21945	0.02076	0.08272	0.05820	0.30469	0.01217	0.00708	0.00211	0.00574	0.00991	0.00576	0.00746
41	0.01109	0.01055	0.01801	0.01475	0.01757	0.01092	0.19458	0.01401	0.01311	0.01760	0.02945	0.03315	0.21417	0.02461	0.26605	0.00521	0.08524	0.00905	0.00414	0.00672
42	0.01577	0.30966	0.20204	0.01430	0.01955	0.01975	0.01471	0.08659	0.01443	0.01943	0.01145	0.01436	0.00972	0.01229	0.09909	0.00298	0.11721	0.00486	0.00328	0.00854
43	0.01787	0.08397	0.06158	0.07178	0.25698	0.01708	0.04179	0.22368	0.04256	0.02669	0.04117	0.05610	0.01420	0.00766	0.00652	0.00200	0.00740	0.00664	0.00457	0.00976

[dist]
# distance from previous block
# <min> <max>
0	16

[block]
# block no. 5 follows, 33 sequences, length 44
# corresponding to MSA columns:
# 169-212
name=unknown_F
#
# <colnr> <probs for GDERKNQSTAVLIFYWHMCP>
#	G	D	E	R	K	N	Q	S	T	A	V	L	I	F	Y	W	H	M	C	P
0	0.01472	0.12568	0.11213	0.04420	0.06761	0.03292	0.03650	0.06460	0.14249	0.02254	0.11073	0.04997	0.03382	0.04944	0.00818	0.00224	0.02380	0.00731	0.04271	0.00840
1	0.06372	0.07929	0.03240	0.04203	0.01746	0.12685	0.01057	0.16997	0.04594	0.09224	0.01902	0.09476	0.03046	0.05445	0.05906	0.00284	0.00788	0.02272	0.00508	0.02327
2	0.03921	0.17252	0.20031	0.01659	0.02245	0.22673	0.06452	0.12727	0.01775	0.02174	0.01141	0.01317	0.00893	0.00660	0.00620	0.00185	0.02541	0.00478	0.00362	0.00892
3	0.00798	0.00613	0.00732	0.00818	0.00931	0.00546	0.00569	0.00940	0.01376	0.01756	0.07522	0.46854	0.30418	0.01883	0.00814	0.00248	0.00361	0.01661	0.00616	0.00546
4	0.02054	0.01647	0.12433	0.01332	0.01840	0.01397	0.01220	0.28010	0.03618	0.19309	0.11222	0.02476	0.06309	0.01022	0.02867	0.00230	0.00673	0.00725	0.00634	0.00981
5	0.01991	0.05239	0.09527	0.01824	0.11568	0.03260	0.07120	0.18457	0.04253	0.15413	0.01595	0.01773	0.01185	0.00990	0.02214	0.10804	0.00763	0.00598	0.00495	0.00931
6	0.00836	0.00657	0.00804	0.00833	0.00984	0.00626	0.00616	0.01019	0.01357	0.01748	0.09013	0.20098	0.35143	0.02589	0.20093	0.00450	0.00718	0.01299	0.00551	0.00564
7	0.00787	0.00633	0.00702	0.00758	0.00913	0.00548	0.00541	0.00935	0.01413	0.01743	0.05563	0.31828	0.47711	0.01811	0.00801	0.00239	0.00351	0.01565	0.00611	0.00548
8	0.01409	0.01192	0.01375	0.01020	0.01563	0.00975	0.00813	0.04234	0.07780	0.02294	0.04700	0.01640	0.01322	0.00576	0.00524	0.00118	0.00491	0.00467	0.00441	0.67067
9	0.01439	0.06023	0.01604	0.01277	0.01499	0.01319	0.04258	0.01842	0.09798	0.10042	0.02137	0.02599	0.07444	0.08381	0.20546	0.00484	0.17376	0.00736	0.00451	0.00746
10	0.01097	0.00632	0.00673	0.00698	0.00855	0.00609	0.00530	0.01363	0.01404	0.02228	0.03195	0.09671	0.14818	0.01124	0.00586	0.00188	0.00343	0.06541	0.52848	0.00596
11	0.00835	0.00675	0.00746	0.00746	0.00947	0.00586	0.00571	0.01045	0.01585	0.01990	0.21448	0.06095	0.52069	0.01605	0.00788	0.00225	0.00349	0.06483	0.00637	0.00575
12	0.01881	0.01825	0.01577	0.01427	0.01774	0.22734	0.01139	0.14773	0.18300	0.02451	0.02119	0.03088	0.01894	0.01018	0.00695	0.00216	0.00772	0.17117	0.00542	0.04656
13	0.34923	0.01490	0.01464	0.01179	0.01640	0.01649	0.00971	0.33100	0.02099	0.10311	0.01430	0.01470	0.01025	0.00718	0.00548	0.00199	0.00604	0.00503	0.03745	0.00933
14	0.00867	0.00699	0.00716	0.00705	0.00925	0.00617	0.00531	0.01137	0.04915	0.01937	0.10221	0.05732	0.58966	0.01534	0.00746	0.00216	0.00339	0.01280	0.07329	0.00588
15	0.01414	0.01143	0.01260	0.01174	0.01464	0.01274	0.00920	0.02696	0.45545	0.02622	0.15188	0.03442	0.02929	0.01065	0.00698	0.00223	0.00475	0.08239	0.07347	0.00883
16	0.00824	0.00598	0.00783	0.00915	0.00982	0.00557	0.00637	0.00965	0.01321	0.01744	0.06269	0.62779	0.10095	0.01986	0.00838	0.00264	0.00393	0.06890	0.00615	0.00545
17	0.13269	0.01140	0.01454	0.01131	0.01627	0.01034	0.00934	0.03041	0.01784	0.63987	0.02377	0.02087	0.01509	0.00788	0.00629	0.00204	0.00553	0.00622	0.00761	0.01067
18	0.00811	0.00577	0.00761	0.00906	0.00942	0.00541	0.00599	0.00919	0.01243	0.01658	0.03542	0.72402	0.04245	0.06244	0.00981	0.00288	0.00396	0.01820	0.00599	0.00527
19	0.01168	0.00740	0.00938	0.00890	0.01105	0.00669	0.00701	0.01436	0.01729	0.11173	0.37871	0.05291	0.20932	0.01426	0.00782	0.00225	0.00391	0.11175	0.00692	0.00666
20	0.01807	0.72331	0.03344	0.01164	0.01713	0.07367	0.01136	0.02015	0.01373	0.01553	0.00922	0.01065	0.00845	0.00571	0.00434	0.00143	0.00736	0.00357	0.00285	0.00839
21	0.05684	0.01161	0.01530	0.01177	0.01684	0.01038	0.00972	0.06434	0.01916	0.67399	0.02489	0.02168	0.01573	0.00806	0.00653	0.00203	0.00566	0.00648	0.00793	0.01106
22	0.64821	0.10106	0.05240	0.00985	0.01438	0.04600	0.00877	0.01976	0.01190	0.02691	0.00935	0.01090	0.00740	0.00609	0.00429	0.00195	0.00585	0.00366	0.00383	0.00744
23	0.00793	0.00667	0.00687	0.00682	0.00898	0.00562	0.00512	0.00973	0.01535	0.01860	0.12867	0.06202	0.66241	0.01637	0.00778	0.00221	0.00331	0.01371	0.00622	0.00562
24	0.01320	0.03405	0.73453	0.01876	0.02849	0.01529	0.02432	0.02085	0.01390	0.02085	0.01181	0.01390	0.00834	0.00625	0.00625	0.00208	0.00973	0.00486	0.00278	0.00973
25	0.00864	0.00687	0.00783	0.00798	0.00984	0.00616	0.00606	0.01114	0.03375	0.02003	0.20542	0.13146	0.42436	0.01631	0.00794	0.00231	0.00364	0.07803	0.00637	0.00586
26	0.01389	0.03436	0.01285	0.01204	0.05917	0.01082	0.00852	0.16267	0.05140	0.04900	0.12360	0.17252	0.18216	0.06568	0.00914	0.00247	0.00503	0.01111	0.00602	0.00754
27	0.01798	0.73218	0.03363	0.01158	0.01709	0.06510	0.01134	0.02007	0.01366	0.01552	0.00921	0.01063	0.00845	0.00570	0.00432	0.00142	0.00730	0.00356	0.00285	0.00840
28	0.00977	0.00761	0.00911	0.00969	0.01127	0.00751	0.00730	0.01413	0.12042	0.01978	0.08634	0.32443	0.19690	0.01705	0.00808	0.00253	0.00426	0.13122	0.00627	0.00634
29	0.01584	0.00893	0.01130	0.00962	0.01273	0.00809	0.00753	0.01979	0.06913	0.22789	0.36275	0.03815	0.09751	0.01121	0.00714	0.00200	0.00413	0.00961	0.00711	0.06952
30	0.22467	0.01482	0.01532	0.01235	0.01694	0.01622	0.01010	0.31985	0.10221	0.14015	0.01719	0.01693	0.01223	0.00759	0.00587	0.00201	0.00602	0.00562	0.04408	0.00984
31	0.19969	0.01087	0.01285	0.01031	0.01471	0.01033	0.00845	0.02709	0.01650	0.48502	0.02169	0.02012	0.01436	0.00764	0.00580	0.00197	0.00516	0.00589	0.11191	0.00964
32	0.70924	0.01207	0.00978	0.00885	0.01266	0.01373	0.00717	0.01911	0.01169	0.06258	0.01226	0.07453	0.01063	0.00743	0.00456	0.00209	0.00501	0.00498	0.00444	0.00718
33	0.01296	0.01558	0.17275	0.05340	0.06707	0.01207	0.03361	0.06715	0.07349	0.02114	0.05220	0.05386	0.05768	0.10202	0.08541	0.00354	0.02664	0.04542	0.03623	0.00778
34	0.01370	0.01193	0.01450	0.01337	0.03150	0.06846	0.01036	0.01565	0.01320	0.06715	0.10331	0.02851	0.11235	0.04481	0.15241	0.00410	0.27553	0.00788	0.00439	0.00690
35	0.08584	0.26238	0.17150	0.03469	0.11510	0.17475	0.01514	0.02124	0.01465	0.01894	0.01065	0.01274	0.00876	0.00614	0.00537	0.00176	0.00853	0.00437	0.01882	0.00862
36	0.42257	0.04261	0.01526	0.05007	0.08585	0.13437	0.01071	0.04301	0.01361	0.02455	0.01033	0.01268	0.00837	0.00677	0.00632	0.00201	0.06981	0.00435	0.02907	0.00770
37	0.02176	0.04757	0.01831	0.01553	0.01923	0.38805	0.01206	0.12396	0.21605	0.02288	0.01556	0.01605	0.01214	0.00768	0.00674	0.00192	0.03546	0.00541	0.00474	0.00893
38	0.01246	0.00744	0.00969	0.00872	0.01089	0.00672	0.00668	0.01537	0.01841	0.13922	0.56580	0.04587	0.10122	0.01283	0.00758	0.00208	0.00352	0.01120	0.00731	0.00697
39	0.01020	0.00747	0.00876	0.00827	0.01007	0.00709	0.00606	0.01386	0.07925	0.04330	0.36900	0.04893	0.22233	0.12317	0.01137	0.00275	0.00390	0.01152	0.00646	0.00625
40	0.02288	0.01200	0.01407	0.01121	0.01531	0.01202	0.00912	0.23966	0.02134	0.30401	0.04551	0.02180	0.01641	0.00813	0.00612	0.00189	0.00537	0.00646	0.21700	0.00970
41	0.00944	0.00633	0.00722	0.00735	0.00738	0.00630	0.00417	0.00954	0.00983	0.01310	0.02205	0.10363	0.02558	0.70584	0.03140	0.00607	0.00617	0.01034	0.00417	0.00410
42	0.13337	0.05078	0.01082	0.00916	0.01202	0.01018	0.00733	0.01700	0.12712	0.04585	0.10263	0.05961	0.30402	0.01287	0.00694	0.00221	0.00442	0.07077	0.00588	0.00702
43	0.01649	0.09361	0.02726	0.11157	0.47743	0.06394	0.07597	0.02026	0.01491	0.02000	0.01192	0.01568	0.00988	0.00595	0.00636	0.00193	0.00838	0.00568	0.00319	0.00958

[dist]
# distance from previous block
# <min> <max>
0	2

[block]
# block no. 6 follows, 33 sequences, length 11
# corresponding to MSA columns:
# 215-225
name=unknown_G
#
# <colnr> <probs for GDERKNQSTAVLIFYWHMCP>
#	G	D	E	R	K	N	Q	S	T	A	V	L	I	F	Y	W	H	M	C	P
0	0.01565	0.12395	0.33013	0.04854	0.02534	0.05251	0.09139	0.05721	0.11219	0.02148	0.01366	0.01553	0.01035	0.00687	0.00703	0.00205	0.04774	0.00547	0.00362	0.00931
1	0.01371	0.02842	0.53096	0.02082	0.09064	0.01507	0.08039	0.02120	0.05325	0.02124	0.01411	0.01840	0.01097	0.00697	0.00659	0.00215	0.00922	0.04309	0.00327	0.00955
2	0.00815	0.00660	0.00723	0.00724	0.00916	0.00569	0.00537	0.01009	0.01561	0.01963	0.21151	0.12000	0.51814	0.01629	0.00783	0.00223	0.00332	0.01386	0.00637	0.00569
3	0.01089	0.00747	0.00921	0.00888	0.01075	0.00704	0.00660	0.01463	0.07508	0.07518	0.37329	0.18804	0.15841	0.01462	0.00772	0.00222	0.00364	0.01280	0.00686	0.00666
4	0.81514	0.01273	0.00968	0.00866	0.01273	0.01477	0.00713	0.01935	0.01120	0.02954	0.00917	0.01069	0.00713	0.00611	0.00407	0.00204	0.00509	0.00356	0.00407	0.00713
5	0.00903	0.00643	0.00745	0.00758	0.00823	0.00621	0.00483	0.00984	0.01166	0.01529	0.08069	0.12398	0.16549	0.44466	0.06660	0.00512	0.00596	0.01141	0.00483	0.00471
6	0.01144	0.00572	0.00858	0.00858	0.00858	0.00572	0.00572	0.00858	0.00858	0.01144	0.01144	0.02001	0.01144	0.02287	0.02573	0.80846	0.00572	0.00572	0.00286	0.00286
7	0.01755	0.01557	0.02638	0.06935	0.44763	0.01591	0.11689	0.07458	0.01626	0.07507	0.01356	0.01688	0.01068	0.00648	0.00751	0.00206	0.04758	0.00619	0.00386	0.00999
8	0.05707	0.65235	0.11114	0.01197	0.01798	0.02429	0.01251	0.01982	0.01333	0.01679	0.00945	0.01094	0.00837	0.00573	0.00444	0.00151	0.00724	0.00367	0.00288	0.00852
9	0.01705	0.27825	0.16751	0.01755	0.09238	0.09430	0.06079	0.05645	0.01521	0.01965	0.01102	0.01314	0.00903	0.00607	0.00589	0.00170	0.02609	0.00460	0.00327	0.10005
10	0.36753	0.22574	0.04449	0.01213	0.01709	0.06217	0.04664	0.11620	0.01534	0.02579	0.01046	0.01192	0.00834	0.00625	0.00485	0.00185	0.00681	0.00419	0.00395	0.00827

[dist]
# distance from previous block
# <min> <max>
4	10

[block]
# block no. 7 follows, 33 sequences, length 22
# corresponding to MSA columns:
# 237-258
name=unknown_H
#
# <colnr> <probs for GDERKNQSTAVLIFYWHMCP>
#	G	D	E	R	K	N	Q	S	T	A	V	L	I	F	Y	W	H	M	C	P
0	0.04955	0.08100	0.31027	0.04073	0.06622	0.11463	0.03826	0.05352	0.01612	0.07660	0.07876	0.01764	0.01425	0.00713	0.00623	0.00197	0.00848	0.00565	0.00398	0.00904
1	0.01526	0.02589	0.01216	0.01032	0.01330	0.01112	0.00807	0.19534	0.07959	0.07072	0.09660	0.14225	0.17581	0.01222	0.00695	0.00210	0.00475	0.01023	0.09938	0.00795
2	0.00822	0.00628	0.00755	0.00810	0.00938	0.00561	0.00574	0.00998	0.01476	0.01925	0.19746	0.36247	0.28609	0.01767	0.00805	0.00238	0.00349	0.01554	0.00636	0.00561
3	0.05477	0.19050	0.35576	0.01661	0.05203	0.05731	0.03821	0.03733	0.01497	0.06032	0.05378	0.01571	0.01212	0.00667	0.00586	0.00190	0.00832	0.00514	0.00357	0.00912
4	0.01648	0.07684	0.08862	0.08055	0.22342	0.03766	0.05016	0.02104	0.05771	0.09841	0.04662	0.02048	0.05175	0.00759	0.00736	0.00200	0.05402	0.00639	0.00423	0.04865
5	0.01227	0.00614	0.00614	0.00614	0.00767	0.00614	0.00460	0.01534	0.01381	0.02454	0.02148	0.02454	0.01687	0.00767	0.00460	0.00153	0.00307	0.00614	0.80518	0.00614
6	0.01505	0.01580	0.06711	0.22679	0.46753	0.01541	0.05803	0.01940	0.01447	0.02021	0.01222	0.01657	0.00984	0.00606	0.00659	0.00204	0.00837	0.00591	0.00315	0.00948
7	0.01575	0.08382	0.32555	0.07018	0.11575	0.01547	0.05916	0.04494	0.05892	0.08096	0.03722	0.03617	0.01285	0.00711	0.00641	0.00204	0.00821	0.00605	0.00394	0.00949
8	0.10027	0.06029	0.10913	0.05348	0.13247	0.01734	0.23535	0.06533	0.01483	0.02213	0.01175	0.01532	0.00931	0.00681	0.00869	0.00218	0.11706	0.00597	0.00344	0.00885
9	0.01158	0.00798	0.01141	0.01092	0.01258	0.00903	0.00857	0.05376	0.01229	0.06153	0.01805	0.02506	0.01614	0.04437	0.65345	0.00954	0.01627	0.00696	0.00399	0.00652
10	0.01192	0.03371	0.01289	0.02552	0.03062	0.03653	0.05106	0.07330	0.05356	0.01939	0.03027	0.32100	0.09951	0.13556	0.01178	0.00302	0.00566	0.03282	0.00534	0.00652
11	0.01495	0.01827	0.14697	0.20285	0.15665	0.06042	0.11736	0.05763	0.03435	0.02107	0.03618	0.05903	0.01334	0.00741	0.00674	0.00210	0.00855	0.00681	0.02062	0.00868
12	0.04009	0.01665	0.01716	0.01478	0.01761	0.22879	0.10402	0.05616	0.01507	0.01843	0.03482	0.02199	0.03230	0.06935	0.26168	0.00519	0.02844	0.00658	0.00383	0.00705
13	0.01416	0.01346	0.02287	0.43397	0.35068	0.01508	0.01914	0.01833	0.01398	0.01892	0.01201	0.01699	0.00952	0.00626	0.00655	0.00209	0.00835	0.00586	0.00307	0.00871
14	0.15316	0.15555	0.06405	0.01814	0.10216	0.12206	0.11510	0.08344	0.01606	0.04659	0.01322	0.05783	0.01126	0.00710	0.00590	0.00193	0.00804	0.00583	0.00396	0.00864
15	0.01356	0.01002	0.01399	0.01254	0.01520	0.01002	0.08749	0.03983	0.16449	0.09666	0.05031	0.33085	0.07789	0.01416	0.00768	0.00240	0.00526	0.03377	0.00618	0.00769
16	0.00950	0.00704	0.00915	0.01020	0.01172	0.00670	0.00839	0.01193	0.01493	0.01920	0.08073	0.17278	0.19974	0.01793	0.00861	0.00274	0.00493	0.39177	0.00615	0.00585
17	0.01140	0.00847	0.00983	0.03409	0.01236	0.00821	0.00710	0.05305	0.08977	0.06015	0.24680	0.09221	0.31366	0.01389	0.00753	0.00218	0.00401	0.01184	0.00653	0.00691
18	0.05209	0.08313	0.15756	0.03372	0.04136	0.14515	0.07843	0.13064	0.14618	0.04588	0.01515	0.01615	0.01138	0.00703	0.00624	0.00198	0.00841	0.00560	0.00448	0.00943
19	0.01121	0.00840	0.01121	0.01063	0.01174	0.00992	0.00817	0.03566	0.03157	0.01750	0.01758	0.02615	0.01643	0.13532	0.39978	0.00719	0.11321	0.00707	0.11514	0.00613
20	0.00824	0.00606	0.00776	0.00890	0.00972	0.00558	0.00622	0.00974	0.01360	0.01790	0.09645	0.56133	0.14593	0.01931	0.00830	0.00258	0.00382	0.05686	0.00620	0.00549
21	0.05887	0.00901	0.01255	0.05782	0.03712	0.00909	0.04738	0.05242	0.01571	0.04600	0.16749	0.20523	0.05747	0.04551	0.00882	0.00259	0.00539	0.14902	0.00578	0.00672

[dist]
# distance from previous block
# <min> <max>
0	16

# created by:
# /home/berkeley/.conda/envs/busco_data_prod/bin/msa2prfl.pl pipeline/OGs_align_augustus/4893/20101.fs
