[name]
unknown

[dist]
# distance from previous block
# <min> <max>
0	68

[block]
# block no. 0 follows, 34 sequences, length 81
# corresponding to MSA columns:
# 68-148
name=unknown_A
#
# <colnr> <probs for GDERKNQSTAVLIFYWHMCP>
#	G	D	E	R	K	N	Q	S	T	A	V	L	I	F	Y	W	H	M	C	P
0	0.10312	0.04559	0.01602	0.10284	0.15124	0.04074	0.01169	0.01662	0.01397	0.02066	0.05650	0.07017	0.01881	0.00906	0.00629	0.00195	0.00621	0.12551	0.00423	0.17878
1	0.04992	0.01413	0.01659	0.09456	0.07327	0.07357	0.02683	0.15354	0.03922	0.11938	0.11022	0.02158	0.03624	0.00796	0.00671	0.00187	0.02757	0.00646	0.00523	0.11513
2	0.01097	0.00824	0.00918	0.00848	0.01068	0.02703	0.00640	0.04097	0.04127	0.05836	0.32745	0.07917	0.27320	0.03896	0.00824	0.00221	0.00390	0.01150	0.00640	0.02740
3	0.01422	0.01558	0.10639	0.05920	0.26272	0.01243	0.03262	0.01880	0.04530	0.02116	0.03184	0.01602	0.01143	0.00578	0.00581	0.00159	0.00666	0.00516	0.00363	0.32365
4	0.01525	0.01743	0.03813	0.02723	0.03377	0.01634	0.70915	0.02070	0.01525	0.02070	0.01307	0.01743	0.00980	0.00545	0.00763	0.00218	0.01089	0.00763	0.00327	0.00871
5	0.00915	0.00663	0.00808	0.00781	0.00954	0.00592	0.00582	0.01158	0.01668	0.04333	0.44342	0.11459	0.26439	0.01464	0.00765	0.00213	0.00325	0.01272	0.00670	0.00597
6	0.01755	0.74767	0.03330	0.01120	0.01672	0.02535	0.01110	0.04591	0.01379	0.01618	0.00923	0.01056	0.00840	0.00561	0.00423	0.00140	0.00692	0.00355	0.00291	0.00840
7	0.02654	0.01095	0.01464	0.01117	0.01618	0.00930	0.00918	0.02910	0.01784	0.62919	0.04063	0.02153	0.01626	0.00772	0.00631	0.00187	0.00535	0.00628	0.00745	0.11252
8	0.02130	0.01785	0.01921	0.10505	0.06069	0.09640	0.01326	0.43956	0.04618	0.03165	0.01472	0.03494	0.01133	0.00793	0.00726	0.00201	0.04964	0.00599	0.00531	0.00973
9	0.00787	0.00562	0.00750	0.00900	0.00937	0.00525	0.00600	0.00900	0.01237	0.01649	0.03561	0.76871	0.04274	0.02024	0.00825	0.00262	0.00375	0.01837	0.00600	0.00525
10	0.01889	0.39261	0.02583	0.01357	0.01768	0.21364	0.01178	0.04932	0.07649	0.01745	0.01096	0.01256	0.00943	0.00689	0.00693	0.00172	0.09831	0.00433	0.00340	0.00821
11	0.01591	0.04331	0.23360	0.04719	0.33164	0.06448	0.10714	0.02079	0.01474	0.04265	0.01227	0.01526	0.00954	0.00597	0.00638	0.00196	0.00883	0.00556	0.00321	0.00955
12	0.01340	0.01148	0.01340	0.00957	0.01531	0.00861	0.00766	0.01627	0.01340	0.02105	0.01148	0.01340	0.00957	0.00479	0.00479	0.00096	0.00479	0.00383	0.00383	0.81242
13	0.00776	0.00605	0.00706	0.00787	0.00907	0.00534	0.00550	0.00912	0.01346	0.01694	0.04938	0.44271	0.35984	0.01845	0.00797	0.00242	0.00353	0.01619	0.00600	0.00534
14	0.01931	0.55548	0.02925	0.01271	0.01759	0.23960	0.01148	0.02126	0.01467	0.01538	0.00928	0.01075	0.00830	0.00586	0.00464	0.00147	0.00832	0.00366	0.00293	0.00805
15	0.01576	0.01484	0.08599	0.06479	0.24601	0.03287	0.01417	0.10459	0.03579	0.07750	0.13052	0.02718	0.08557	0.00883	0.00676	0.00202	0.00654	0.02649	0.00493	0.00886
16	0.01653	0.64795	0.15617	0.01233	0.01856	0.02374	0.01328	0.01954	0.01322	0.01611	0.00944	0.01093	0.00827	0.00563	0.00449	0.00150	0.00737	0.00368	0.00276	0.00851
17	0.02732	0.01114	0.01480	0.01156	0.01635	0.01000	0.00948	0.03125	0.08185	0.65485	0.04356	0.02286	0.01748	0.00820	0.00653	0.00202	0.00540	0.00670	0.00785	0.01080
18	0.01340	0.01148	0.01340	0.00957	0.01531	0.00861	0.00766	0.01627	0.01340	0.02105	0.01148	0.01340	0.00957	0.00479	0.00479	0.00096	0.00479	0.00383	0.00383	0.81242
19	0.01419	0.01146	0.01348	0.00967	0.01537	0.00866	0.00775	0.01704	0.01366	0.05720	0.01219	0.01383	0.00989	0.00495	0.00487	0.00101	0.00482	0.00396	0.00404	0.77197
20	0.01607	0.01388	0.01461	0.01315	0.01680	0.01607	0.01023	0.03433	0.72094	0.02703	0.02630	0.02411	0.01972	0.00877	0.00657	0.00219	0.00511	0.00731	0.00657	0.01023
21	0.00764	0.00655	0.00655	0.00655	0.00873	0.00545	0.00491	0.00927	0.01473	0.01745	0.06546	0.06218	0.73000	0.01636	0.00764	0.00218	0.00327	0.01364	0.00600	0.00545
22	0.00957	0.00732	0.01109	0.01054	0.01172	0.00811	0.04259	0.01155	0.01042	0.01477	0.01773	0.02852	0.01737	0.19786	0.56051	0.00911	0.01467	0.00748	0.00355	0.00553
23	0.44494	0.01423	0.01629	0.01290	0.01759	0.01544	0.10966	0.16070	0.03545	0.09793	0.01295	0.01398	0.00941	0.00654	0.00533	0.00202	0.00633	0.00495	0.00484	0.00852
24	0.01788	0.01428	0.01563	0.01366	0.03440	0.01596	0.01056	0.25194	0.38035	0.03120	0.12020	0.02446	0.02237	0.00898	0.00668	0.00208	0.00554	0.00739	0.00653	0.00990
25	0.01907	0.04993	0.10201	0.04577	0.10700	0.16970	0.01402	0.09374	0.10359	0.09791	0.03864	0.01707	0.01284	0.00750	0.00743	0.00196	0.07068	0.00563	0.00452	0.03099
26	0.00795	0.00578	0.00751	0.00872	0.00934	0.00533	0.00592	0.00927	0.01303	0.01732	0.09279	0.65315	0.10131	0.01937	0.00815	0.00254	0.00365	0.01745	0.00609	0.00533
27	0.01561	0.01485	0.03754	0.02960	0.46226	0.01509	0.01640	0.02381	0.22691	0.02294	0.03548	0.02089	0.01514	0.00722	0.00655	0.00204	0.00678	0.02652	0.00438	0.00998
28	0.01340	0.01148	0.01340	0.00957	0.01531	0.00861	0.00766	0.01627	0.01340	0.02105	0.01148	0.01340	0.00957	0.00479	0.00479	0.00096	0.00479	0.00383	0.00383	0.81242
29	0.05772	0.03051	0.63211	0.01787	0.02664	0.01495	0.04847	0.04174	0.01405	0.02148	0.01221	0.03182	0.00910	0.00649	0.00614	0.00206	0.00913	0.00517	0.00301	0.00932
30	0.00871	0.00632	0.00880	0.00955	0.01027	0.00662	0.00690	0.01032	0.01142	0.01567	0.02663	0.35761	0.02977	0.10231	0.31205	0.00615	0.00964	0.05111	0.00476	0.00538
31	0.11631	0.01135	0.01423	0.01111	0.01585	0.01050	0.00915	0.06780	0.01811	0.58700	0.02289	0.02043	0.01473	0.00774	0.00613	0.00197	0.00542	0.00610	0.04285	0.01033
32	0.01926	0.01822	0.01622	0.01419	0.01804	0.17303	0.01106	0.14881	0.45203	0.02698	0.02096	0.01997	0.01578	0.00814	0.00640	0.00204	0.00685	0.00638	0.00586	0.00977
33	0.02899	0.01100	0.01499	0.01150	0.01649	0.00950	0.00950	0.03149	0.01849	0.73709	0.02549	0.02199	0.01599	0.00800	0.00650	0.00200	0.00550	0.00650	0.00800	0.01100
34	0.02736	0.01236	0.01571	0.01210	0.01701	0.01163	0.00997	0.17607	0.02103	0.56360	0.04775	0.02152	0.01648	0.00813	0.00653	0.00199	0.00576	0.00653	0.00764	0.01082
35	0.00807	0.00580	0.00770	0.00915	0.00968	0.00543	0.00632	0.00937	0.01266	0.01676	0.03657	0.68630	0.06699	0.01991	0.00828	0.00264	0.00391	0.07315	0.00599	0.00531
36	0.02383	0.03016	0.01817	0.01651	0.01986	0.71941	0.01240	0.02612	0.04482	0.01624	0.01060	0.01212	0.00875	0.00674	0.00585	0.00168	0.01141	0.00428	0.00345	0.00759
37	0.00810	0.00579	0.00776	0.00926	0.00973	0.00545	0.00640	0.00939	0.01260	0.01675	0.03549	0.70594	0.04223	0.02003	0.00831	0.00266	0.00395	0.07888	0.00599	0.00531
38	0.02397	0.01517	0.01728	0.01314	0.01835	0.01544	0.01081	0.42144	0.02455	0.22180	0.01752	0.01689	0.01209	0.00735	0.00621	0.00180	0.00632	0.00568	0.00645	0.13773
39	0.01449	0.00788	0.01000	0.00886	0.01154	0.00697	0.00696	0.01702	0.01729	0.22688	0.32887	0.04537	0.21675	0.01272	0.00736	0.00210	0.00393	0.04063	0.00703	0.00733
40	0.01711	0.74826	0.06095	0.01134	0.01702	0.02516	0.01155	0.01939	0.01315	0.01540	0.00908	0.01049	0.00829	0.00555	0.00422	0.00141	0.00701	0.00351	0.00276	0.00834
41	0.01007	0.00679	0.00759	0.00739	0.00762	0.00687	0.00428	0.04041	0.01032	0.01377	0.02014	0.04110	0.02294	0.73911	0.03172	0.00607	0.00630	0.00924	0.00403	0.00423
42	0.00804	0.00617	0.00736	0.00788	0.00918	0.00550	0.00560	0.00975	0.01446	0.01876	0.18675	0.35330	0.30932	0.01734	0.00789	0.00234	0.00343	0.01521	0.00622	0.00550
43	0.01557	0.01492	0.02547	0.11938	0.65619	0.01524	0.01962	0.01946	0.01451	0.02060	0.01208	0.01613	0.01005	0.00584	0.00640	0.00195	0.00778	0.00576	0.00316	0.00990
44	0.01514	0.01722	0.03745	0.05349	0.03415	0.01627	0.68430	0.02055	0.01517	0.02055	0.01301	0.01742	0.00976	0.00548	0.00758	0.00218	0.01081	0.00756	0.00325	0.00866
45	0.01544	0.01845	0.11186	0.05413	0.23291	0.01597	0.38679	0.04510	0.01538	0.02137	0.01268	0.01652	0.00975	0.00573	0.00703	0.00208	0.00961	0.00664	0.00329	0.00927
46	0.01457	0.01930	0.15974	0.02387	0.03051	0.01523	0.52776	0.02018	0.01482	0.02094	0.01349	0.01732	0.01009	0.00575	0.00710	0.00210	0.00999	0.00698	0.07163	0.00863
47	0.10282	0.01528	0.01702	0.01317	0.01817	0.01612	0.01088	0.42604	0.02469	0.26303	0.01808	0.01711	0.01221	0.00766	0.00624	0.00196	0.00639	0.00581	0.00672	0.01060
48	0.00838	0.00765	0.04966	0.00978	0.01107	0.00616	0.02511	0.01009	0.01286	0.01701	0.03717	0.60601	0.12108	0.01855	0.00806	0.00254	0.00426	0.03319	0.00574	0.00562
49	0.02529	0.01058	0.01386	0.01108	0.01538	0.00956	0.00897	0.05847	0.04196	0.56741	0.02561	0.08540	0.01822	0.00902	0.00650	0.00202	0.00522	0.00747	0.06787	0.01011
50	0.02383	0.03016	0.01817	0.01651	0.01986	0.71941	0.01240	0.02612	0.04482	0.01624	0.01060	0.01212	0.00875	0.00674	0.00585	0.00168	0.01141	0.00428	0.00345	0.00759
51	0.04227	0.01359	0.02273	0.10524	0.42271	0.01430	0.06499	0.01809	0.01393	0.02002	0.01464	0.02304	0.01326	0.00965	0.04329	0.00255	0.05731	0.08611	0.00351	0.00878
52	0.05583	0.00915	0.01204	0.03278	0.01354	0.01053	0.00874	0.06271	0.03454	0.06899	0.01708	0.02459	0.01548	0.12677	0.40775	0.00711	0.07482	0.00682	0.00411	0.00662
53	0.00839	0.00610	0.00798	0.00901	0.00988	0.00569	0.00649	0.01013	0.01391	0.01855	0.15711	0.49670	0.10317	0.01840	0.00817	0.00253	0.00387	0.10223	0.00618	0.00550
54	0.01099	0.00690	0.00826	0.00814	0.00977	0.00622	0.00584	0.01250	0.01402	0.10847	0.11161	0.20187	0.26264	0.16478	0.01264	0.00307	0.00431	0.03612	0.00595	0.00589
55	0.08591	0.00966	0.01240	0.05252	0.07929	0.01064	0.00873	0.04784	0.05854	0.04248	0.03278	0.02414	0.01538	0.18413	0.01762	0.18672	0.06869	0.00662	0.04976	0.00612
56	0.01497	0.01493	0.02034	0.01720	0.01776	0.04116	0.03725	0.04946	0.01131	0.01694	0.00902	0.01424	0.00864	0.01080	0.01959	0.00273	0.67763	0.00568	0.00303	0.00732
57	0.01324	0.01145	0.01421	0.01183	0.06024	0.00944	0.00871	0.01607	0.01309	0.02034	0.01189	0.01459	0.01012	0.00874	0.06727	0.00188	0.03600	0.00428	0.00372	0.66291
58	0.00930	0.00729	0.00938	0.02783	0.06833	0.00697	0.00691	0.01147	0.03452	0.01829	0.15448	0.25126	0.19944	0.15074	0.01216	0.00299	0.00444	0.01289	0.00553	0.00580
59	0.01310	0.01092	0.01196	0.01094	0.01380	0.01195	0.00842	0.02503	0.43513	0.02567	0.24060	0.03541	0.10828	0.01091	0.00700	0.00214	0.00430	0.00929	0.00667	0.00848
60	0.04460	0.00719	0.00902	0.01054	0.06943	0.00670	0.00682	0.01088	0.01403	0.01895	0.14298	0.30105	0.27397	0.01614	0.00820	0.03036	0.00393	0.01363	0.00573	0.00585
61	0.10860	0.01078	0.01174	0.00999	0.01292	0.01112	0.00764	0.20012	0.01795	0.11895	0.08316	0.06820	0.11774	0.17838	0.01235	0.00298	0.00545	0.00860	0.00579	0.00753
62	0.06894	0.01047	0.01160	0.01003	0.01285	0.01082	0.00776	0.18027	0.06406	0.07689	0.20327	0.03630	0.12796	0.11992	0.01060	0.00267	0.00502	0.02690	0.00613	0.00752
63	0.01013	0.04452	0.00990	0.00857	0.01067	0.00800	0.00657	0.06277	0.03712	0.02163	0.24071	0.16945	0.29760	0.01478	0.00749	0.00218	0.00387	0.03153	0.00621	0.00630
64	0.05446	0.00780	0.00930	0.00925	0.01080	0.00782	0.00670	0.03887	0.08025	0.05597	0.13208	0.28883	0.08582	0.07823	0.01116	0.07570	0.00445	0.03061	0.00576	0.00613
65	0.01065	0.00741	0.00891	0.00897	0.01053	0.00714	0.00650	0.03306	0.07044	0.06163	0.14671	0.30073	0.16366	0.09382	0.01031	0.00275	0.00420	0.04026	0.00613	0.00620
66	0.12494	0.00814	0.00916	0.00831	0.01068	0.00791	0.00631	0.01694	0.01454	0.16915	0.14756	0.06106	0.08477	0.11691	0.00987	0.00257	0.00438	0.02612	0.16386	0.00682
67	0.08429	0.00917	0.01105	0.01007	0.01277	0.00897	0.00769	0.05095	0.07800	0.22076	0.13241	0.26682	0.05483	0.01289	0.00706	0.00223	0.00449	0.01112	0.00662	0.00782
68	0.01390	0.00932	0.01079	0.00979	0.01228	0.00925	0.00741	0.12664	0.07669	0.10577	0.13506	0.19672	0.18301	0.06218	0.00897	0.00246	0.00456	0.01150	0.00638	0.00733
69	0.00925	0.00708	0.00827	0.00813	0.01001	0.00664	0.00609	0.01239	0.06257	0.03655	0.22286	0.13306	0.35223	0.01820	0.07433	0.00293	0.00471	0.01249	0.00614	0.00607
70	0.00921	0.00677	0.00956	0.00956	0.01051	0.00761	0.00710	0.01102	0.01033	0.01457	0.01957	0.03014	0.04190	0.19791	0.57376	0.00925	0.01454	0.00766	0.00364	0.00537
71	0.01051	0.00647	0.00880	0.00966	0.01067	0.00608	0.00708	0.01189	0.01333	0.08201	0.06025	0.49657	0.03786	0.01859	0.00937	0.05917	0.00440	0.13554	0.00599	0.00575
72	0.17270	0.01108	0.01240	0.01054	0.01429	0.01135	0.00841	0.04541	0.16501	0.27523	0.10325	0.05312	0.04526	0.00910	0.00620	0.00206	0.00487	0.00734	0.03343	0.00894
73	0.01485	0.01300	0.01447	0.05293	0.04547	0.05032	0.00937	0.10525	0.05535	0.02287	0.01901	0.03651	0.08709	0.00718	0.00569	0.00146	0.00561	0.00584	0.00449	0.44325
74	0.01731	0.01798	0.02316	0.20682	0.18811	0.16627	0.11593	0.08127	0.05524	0.02066	0.01262	0.01595	0.00991	0.00660	0.00700	0.00201	0.03512	0.00578	0.00361	0.00865
75	0.01398	0.00864	0.01022	0.00932	0.01175	0.00838	0.00710	0.09501	0.04382	0.13458	0.12477	0.17679	0.18148	0.03508	0.03714	0.00257	0.00481	0.01099	0.07636	0.00720
76	0.01412	0.01329	0.01349	0.01313	0.05049	0.10976	0.00957	0.02218	0.26585	0.02298	0.22418	0.03119	0.08096	0.01221	0.04331	0.00249	0.04873	0.00840	0.00572	0.00795
77	0.00897	0.00624	0.00800	0.00848	0.00900	0.00624	0.00572	0.00996	0.01144	0.01545	0.07638	0.25469	0.05073	0.30377	0.12913	0.03317	0.00684	0.04612	0.00481	0.00485
78	0.01350	0.01158	0.01345	0.00971	0.01537	0.00891	0.00776	0.01699	0.04145	0.02129	0.01207	0.01382	0.00997	0.00494	0.00486	0.00101	0.00480	0.00397	0.00394	0.78061
79	0.10156	0.01291	0.03559	0.20094	0.07685	0.01369	0.03864	0.09923	0.08720	0.07062	0.01986	0.04146	0.07424	0.04682	0.00819	0.00230	0.03227	0.00691	0.00459	0.02615
80	0.11173	0.04996	0.04240	0.12756	0.02248	0.27000	0.04780	0.03999	0.05946	0.01932	0.01316	0.05178	0.01149	0.00798	0.00747	0.00204	0.08061	0.02340	0.00373	0.00763

[dist]
# distance from previous block
# <min> <max>
1	11

[block]
# block no. 1 follows, 34 sequences, length 69
# corresponding to MSA columns:
# 160-228
name=unknown_B
#
# <colnr> <probs for GDERKNQSTAVLIFYWHMCP>
#	G	D	E	R	K	N	Q	S	T	A	V	L	I	F	Y	W	H	M	C	P
0	0.23187	0.05095	0.03184	0.08006	0.05923	0.13860	0.10073	0.12119	0.03106	0.02424	0.01241	0.04203	0.01020	0.00707	0.00629	0.00199	0.03252	0.00552	0.00403	0.00818
1	0.02305	0.01789	0.01902	0.01496	0.01954	0.04453	0.01228	0.57933	0.08152	0.03678	0.01559	0.01593	0.01137	0.00808	0.00764	0.00202	0.06804	0.00586	0.00607	0.01049
2	0.01056	0.00693	0.00887	0.00840	0.01015	0.00637	0.00633	0.01311	0.01675	0.08108	0.46954	0.08675	0.13874	0.04842	0.03398	0.00258	0.00404	0.03447	0.00668	0.00625
3	0.04680	0.01355	0.01490	0.01229	0.01629	0.01458	0.00981	0.26854	0.21769	0.13954	0.07187	0.02532	0.06697	0.04270	0.00774	0.00223	0.00566	0.00735	0.00655	0.00962
4	0.42103	0.01705	0.13906	0.01256	0.01772	0.01517	0.04899	0.13566	0.04022	0.04828	0.01287	0.04260	0.01012	0.00700	0.00530	0.00204	0.00643	0.00513	0.00443	0.00836
5	0.01024	0.00712	0.01034	0.01048	0.03707	0.00742	0.03296	0.01078	0.01009	0.01385	0.01740	0.03159	0.01816	0.31273	0.23941	0.18048	0.00960	0.03198	0.00356	0.00471
6	0.01121	0.00706	0.00872	0.00888	0.01018	0.00670	0.00622	0.04969	0.01417	0.08616	0.07988	0.41296	0.09977	0.12274	0.01120	0.00291	0.00433	0.01394	0.03727	0.00602
7	0.01107	0.00782	0.01063	0.01031	0.01190	0.00859	0.00797	0.03728	0.06657	0.04442	0.05741	0.05536	0.05989	0.03491	0.45214	0.07046	0.01231	0.03031	0.00442	0.00624
8	0.01530	0.01497	0.02935	0.05458	0.02755	0.01532	0.43458	0.01934	0.01401	0.07288	0.01431	0.04364	0.01179	0.03463	0.03716	0.00272	0.13856	0.00752	0.00365	0.00815
9	0.00940	0.00662	0.00801	0.00836	0.00894	0.00661	0.00545	0.04035	0.01177	0.01568	0.02778	0.30603	0.06574	0.36360	0.08226	0.00488	0.00617	0.01252	0.00486	0.00495
10	0.01331	0.00745	0.00951	0.00896	0.01077	0.00699	0.00671	0.01521	0.01448	0.16449	0.16946	0.08601	0.08766	0.20460	0.05292	0.00366	0.00551	0.09119	0.03470	0.00641
11	0.03799	0.00856	0.01175	0.04885	0.06333	0.00887	0.02078	0.06629	0.01463	0.02029	0.09521	0.40441	0.03399	0.01645	0.02837	0.00266	0.02954	0.07605	0.00551	0.00647
12	0.01005	0.00825	0.01104	0.01085	0.01246	0.03206	0.06211	0.01218	0.01403	0.01812	0.09875	0.20717	0.13724	0.11892	0.01152	0.00304	0.00544	0.21555	0.00550	0.00573
13	0.02414	0.03079	0.01831	0.01665	0.01998	0.74698	0.01248	0.02580	0.01831	0.01581	0.00999	0.01165	0.00832	0.00666	0.00583	0.00166	0.01165	0.00416	0.00333	0.00749
14	0.01517	0.01436	0.02471	0.14897	0.44605	0.01480	0.09862	0.04175	0.03418	0.02089	0.03567	0.01775	0.01188	0.00688	0.00735	0.03426	0.00788	0.00620	0.00346	0.00916
15	0.01438	0.01281	0.01924	0.11866	0.31821	0.01390	0.01465	0.05034	0.13439	0.02114	0.03745	0.02112	0.01468	0.05318	0.10882	0.00340	0.02428	0.00655	0.00406	0.00874
16	0.01509	0.04562	0.26657	0.01546	0.02135	0.05516	0.08759	0.02099	0.07559	0.08057	0.12129	0.02058	0.01806	0.00757	0.00695	0.00194	0.03682	0.00632	0.00436	0.09210
17	0.00891	0.00652	0.00820	0.00878	0.00979	0.00623	0.00627	0.01127	0.04154	0.01912	0.20723	0.34688	0.10398	0.10617	0.01094	0.00288	0.00410	0.07956	0.00605	0.00558
18	0.12077	0.00762	0.00847	0.00830	0.01028	0.00720	0.00603	0.01239	0.01362	0.04853	0.13663	0.26949	0.17404	0.07438	0.00906	0.00249	0.00407	0.01207	0.00563	0.06892
19	0.07724	0.01458	0.01514	0.01313	0.01710	0.01671	0.01038	0.16167	0.53716	0.02977	0.02297	0.02147	0.01712	0.00837	0.00636	0.00213	0.00548	0.00674	0.00636	0.01013
20	0.11790	0.01014	0.01200	0.01002	0.01362	0.00979	0.00794	0.04443	0.06821	0.35529	0.08011	0.05148	0.05867	0.05906	0.00798	0.00229	0.00494	0.00752	0.06991	0.00872
21	0.09832	0.00758	0.00856	0.00842	0.01032	0.00725	0.00617	0.03076	0.01453	0.08124	0.14536	0.26436	0.21253	0.06432	0.00894	0.00252	0.00405	0.01259	0.00600	0.00617
22	0.01076	0.00695	0.00814	0.00794	0.01003	0.00603	0.00591	0.01255	0.01510	0.11592	0.12675	0.21374	0.40478	0.01575	0.00762	0.00224	0.00366	0.01351	0.00639	0.00623
23	0.01007	0.00698	0.00839	0.00804	0.00930	0.00670	0.00559	0.01267	0.05275	0.04448	0.33037	0.08174	0.10861	0.26786	0.01602	0.00350	0.00438	0.01103	0.00588	0.00565
24	0.07691	0.00973	0.01107	0.01038	0.01286	0.01020	0.00788	0.04351	0.21242	0.10207	0.09540	0.19538	0.06991	0.03791	0.00875	0.04158	0.00470	0.03565	0.00612	0.00757
25	0.01743	0.00904	0.01105	0.00959	0.01254	0.00860	0.00749	0.06998	0.05546	0.25846	0.14760	0.11930	0.07513	0.01086	0.00661	0.00201	0.00435	0.00920	0.15717	0.00812
26	0.02477	0.00662	0.00765	0.00811	0.00977	0.00598	0.00617	0.01039	0.01460	0.01876	0.12960	0.20759	0.38800	0.01683	0.00789	0.00238	0.00380	0.11944	0.00608	0.00559
27	0.11017	0.01247	0.01365	0.01167	0.01525	0.01340	0.00922	0.21741	0.16505	0.12841	0.07042	0.14313	0.02177	0.01020	0.00653	0.00211	0.00530	0.00841	0.02646	0.00898
28	0.06419	0.01236	0.01390	0.01166	0.01548	0.01301	0.00918	0.12447	0.26465	0.23668	0.02509	0.02546	0.05556	0.08788	0.00918	0.00251	0.00552	0.00721	0.00653	0.00947
29	0.02092	0.01549	0.01689	0.01360	0.01790	0.01693	0.01112	0.53905	0.04966	0.03569	0.04901	0.07105	0.04872	0.00985	0.00684	0.00207	0.00642	0.05255	0.00641	0.00982
30	0.01077	0.00733	0.00849	0.00840	0.00945	0.00742	0.00577	0.05755	0.04773	0.01946	0.12025	0.18200	0.03089	0.30578	0.01696	0.00374	0.00488	0.03309	0.11444	0.00559
31	0.00950	0.00673	0.00815	0.00845	0.00995	0.00619	0.00614	0.01188	0.04119	0.05396	0.16600	0.32059	0.24789	0.03583	0.00846	0.00245	0.00377	0.04069	0.00626	0.00592
32	0.00879	0.00620	0.00703	0.00730	0.00778	0.00593	0.00447	0.00930	0.01093	0.01416	0.03161	0.17416	0.16095	0.49663	0.02375	0.00485	0.00525	0.01178	0.00468	0.00444
33	0.01635	0.01402	0.01477	0.01320	0.01691	0.01620	0.01029	0.05627	0.69855	0.02747	0.02595	0.02383	0.01944	0.00873	0.00657	0.00218	0.00518	0.00726	0.00657	0.01025
34	0.03202	0.00855	0.01011	0.01007	0.01170	0.00879	0.00726	0.09855	0.09639	0.04560	0.07323	0.45302	0.03426	0.06739	0.00931	0.00267	0.00453	0.01377	0.00607	0.00672
35	0.00841	0.00606	0.00826	0.00930	0.01002	0.00591	0.00664	0.01008	0.01303	0.01769	0.11947	0.52352	0.04096	0.02301	0.10860	0.00363	0.00568	0.06845	0.00579	0.00548
36	0.02504	0.01732	0.01891	0.01450	0.01965	0.01889	0.01198	0.63707	0.02909	0.11655	0.01660	0.01622	0.01153	0.00778	0.00647	0.00195	0.00693	0.00589	0.00663	0.01099
37	0.01335	0.01265	0.02145	0.54081	0.25215	0.01466	0.01851	0.01751	0.01346	0.01790	0.01169	0.01685	0.00910	0.00625	0.00644	0.00208	0.00833	0.00575	0.00297	0.00810
38	0.00872	0.00643	0.00798	0.00817	0.00944	0.00592	0.00596	0.01081	0.01531	0.02060	0.34072	0.19451	0.18421	0.08858	0.01027	0.00266	0.00376	0.06411	0.00628	0.00558
39	0.01969	0.01644	0.01647	0.01383	0.01795	0.07207	0.01099	0.30285	0.35416	0.03160	0.05885	0.02105	0.01761	0.00845	0.00653	0.00204	0.00629	0.00671	0.00632	0.01010
40	0.04298	0.27469	0.40509	0.01522	0.02272	0.04310	0.01774	0.04651	0.01435	0.04668	0.01127	0.01278	0.00858	0.00608	0.00543	0.00181	0.00836	0.00438	0.00314	0.00909
41	0.01982	0.01350	0.01566	0.01421	0.05851	0.03389	0.01068	0.18248	0.19867	0.18553	0.04718	0.04529	0.04163	0.03393	0.00809	0.00226	0.03255	0.04026	0.00631	0.00955
42	0.00956	0.00684	0.00855	0.00856	0.00936	0.00703	0.00588	0.01180	0.05040	0.01708	0.16490	0.11162	0.03183	0.34645	0.15462	0.00548	0.00733	0.03258	0.00489	0.00524
43	0.00939	0.00630	0.00723	0.00723	0.00729	0.00636	0.00414	0.00951	0.00945	0.01266	0.02019	0.04137	0.02309	0.73367	0.07160	0.00649	0.00686	0.00926	0.00389	0.00402
44	0.01650	0.01649	0.02584	0.09413	0.54472	0.07271	0.07521	0.03901	0.01532	0.02083	0.01210	0.01586	0.00994	0.00591	0.00646	0.00194	0.00831	0.00579	0.00328	0.00967
45	0.02155	0.01638	0.06350	0.07474	0.04067	0.01632	0.01271	0.38560	0.08324	0.13729	0.01782	0.04413	0.01317	0.00796	0.00646	0.00198	0.00679	0.00635	0.00598	0.03735
46	0.01495	0.01440	0.02513	0.06385	0.56433	0.01437	0.08252	0.01873	0.01460	0.02065	0.03310	0.07591	0.01402	0.00709	0.00669	0.00201	0.00758	0.00707	0.00351	0.00947
47	0.01138	0.00916	0.00968	0.00880	0.01151	0.00898	0.00680	0.12356	0.09466	0.02290	0.11050	0.07211	0.45755	0.01402	0.00735	0.00215	0.00408	0.01169	0.00623	0.00690
48	0.01884	0.33147	0.02626	0.07618	0.12635	0.10774	0.01345	0.15858	0.01730	0.02139	0.01106	0.01308	0.00916	0.00645	0.00601	0.00173	0.03780	0.00462	0.00365	0.00889
49	0.01678	0.05223	0.19753	0.08893	0.02507	0.03382	0.15344	0.08124	0.01612	0.12964	0.04018	0.07818	0.01457	0.00800	0.00720	0.00210	0.03464	0.00708	0.00441	0.00884
50	0.00928	0.00677	0.00752	0.00733	0.00944	0.00581	0.00549	0.01117	0.01539	0.06479	0.17527	0.11391	0.51357	0.01560	0.00761	0.00218	0.00341	0.01322	0.00632	0.00590
51	0.01093	0.00884	0.03806	0.00967	0.01176	0.00806	0.00757	0.01624	0.13622	0.05182	0.37647	0.20527	0.06629	0.01366	0.00748	0.00220	0.00392	0.01204	0.00660	0.00692
52	0.04359	0.21760	0.13260	0.02090	0.18476	0.10810	0.07994	0.02191	0.01495	0.09963	0.01246	0.01428	0.00969	0.00610	0.00575	0.00180	0.00822	0.00500	0.00360	0.00913
53	0.04109	0.11696	0.02106	0.01519	0.04430	0.04238	0.04941	0.38902	0.11758	0.04672	0.01592	0.01630	0.01183	0.00732	0.00608	0.00189	0.00695	0.00571	0.03429	0.00999
54	0.01934	0.11579	0.07816	0.04705	0.19866	0.24013	0.04592	0.11530	0.01746	0.02102	0.01141	0.01377	0.00923	0.00650	0.00649	0.00184	0.03442	0.00500	0.00357	0.00893
55	0.79030	0.01244	0.00969	0.00860	0.01264	0.01432	0.00709	0.01944	0.01126	0.05434	0.00959	0.01091	0.00732	0.00607	0.00409	0.00200	0.00502	0.00361	0.00414	0.00714
56	0.01578	0.06829	0.31145	0.01901	0.09289	0.03351	0.10368	0.04137	0.01498	0.10200	0.01771	0.04543	0.05951	0.00765	0.00705	0.00205	0.03819	0.00648	0.00392	0.00906
57	0.01608	0.01483	0.01556	0.01529	0.09619	0.12477	0.02887	0.15501	0.08227	0.02408	0.08349	0.10948	0.11503	0.01014	0.00670	0.00195	0.00635	0.00851	0.00525	0.08012
58	0.00908	0.00687	0.00797	0.00780	0.00957	0.00636	0.00580	0.01232	0.05614	0.02203	0.34790	0.11558	0.28921	0.01434	0.00743	0.00211	0.00331	0.01237	0.05778	0.00602
59	0.00933	0.00634	0.00753	0.00757	0.00774	0.00649	0.00456	0.00969	0.00962	0.01299	0.02036	0.06023	0.02300	0.65034	0.13233	0.00674	0.00774	0.00930	0.00391	0.00421
60	0.50846	0.08611	0.01493	0.01289	0.06868	0.17885	0.00955	0.02061	0.01310	0.02421	0.00945	0.01116	0.00765	0.00608	0.00460	0.00186	0.00686	0.00381	0.00368	0.00747
61	0.00978	0.00729	0.00896	0.00939	0.03790	0.00697	0.00661	0.01310	0.05841	0.02176	0.31847	0.09714	0.17895	0.07885	0.00956	0.00249	0.00391	0.05465	0.06968	0.00612
62	0.04622	0.29250	0.06365	0.01753	0.11303	0.33110	0.01338	0.02221	0.01551	0.01698	0.00997	0.01184	0.00851	0.00609	0.00526	0.00163	0.00911	0.00413	0.00310	0.00823
63	0.00787	0.00562	0.00750	0.00900	0.00937	0.00525	0.00600	0.00900	0.01237	0.01649	0.03561	0.76871	0.04274	0.02024	0.00825	0.00262	0.00375	0.01837	0.00600	0.00525
64	0.01849	0.01816	0.05465	0.12086	0.17084	0.17689	0.03927	0.04907	0.08468	0.09868	0.01521	0.01821	0.01188	0.00699	0.00630	0.00191	0.00812	0.02767	0.00427	0.06784
65	0.04775	0.10098	0.15803	0.02359	0.24639	0.07791	0.07367	0.04537	0.05320	0.03875	0.01333	0.03966	0.01101	0.00684	0.00670	0.00196	0.03631	0.00577	0.00361	0.00918
66	0.00816	0.00682	0.03336	0.00906	0.01001	0.00583	0.00656	0.00961	0.01247	0.01652	0.03663	0.58714	0.12060	0.04575	0.05610	0.00317	0.00484	0.01630	0.00565	0.00541
67	0.04622	0.01020	0.01357	0.03825	0.03884	0.00960	0.02635	0.07263	0.01802	0.32551	0.18673	0.06015	0.10541	0.01031	0.00688	0.00205	0.00505	0.00875	0.00679	0.00869
68	0.04279	0.01875	0.12817	0.03430	0.03804	0.14422	0.07293	0.08134	0.06277	0.13869	0.05158	0.09579	0.01678	0.00853	0.00652	0.00200	0.00760	0.00716	0.00495	0.03708

[dist]
# distance from previous block
# <min> <max>
0	15

[block]
# block no. 2 follows, 34 sequences, length 29
# corresponding to MSA columns:
# 244-272
name=unknown_C
#
# <colnr> <probs for GDERKNQSTAVLIFYWHMCP>
#	G	D	E	R	K	N	Q	S	T	A	V	L	I	F	Y	W	H	M	C	P
0	0.01780	0.05341	0.17615	0.01929	0.13958	0.15458	0.03691	0.10087	0.05094	0.04007	0.01281	0.01452	0.00991	0.00626	0.00593	0.00174	0.00819	0.00498	0.00387	0.14219
1	0.08048	0.01370	0.04852	0.01891	0.14049	0.04505	0.14525	0.01823	0.05924	0.03898	0.13927	0.09238	0.02293	0.05744	0.00925	0.00240	0.04676	0.00834	0.00455	0.00780
2	0.01376	0.03971	0.01288	0.01098	0.01336	0.03362	0.05176	0.04524	0.01553	0.13728	0.13379	0.36784	0.05076	0.01420	0.00741	0.00224	0.00494	0.01267	0.00607	0.02596
3	0.01673	0.20580	0.18611	0.02315	0.21282	0.07608	0.11868	0.02096	0.01462	0.04983	0.01179	0.01423	0.00934	0.00591	0.00593	0.00184	0.00860	0.00516	0.00322	0.00920
4	0.02329	0.12289	0.02023	0.01596	0.01956	0.65792	0.01231	0.02500	0.01767	0.01574	0.00986	0.01149	0.00832	0.00652	0.00562	0.00163	0.01107	0.00407	0.00326	0.00759
5	0.01652	0.01410	0.01486	0.01324	0.01697	0.01628	0.01034	0.06989	0.68466	0.02775	0.02573	0.02366	0.01926	0.00871	0.00657	0.00218	0.00522	0.00723	0.00657	0.01027
6	0.01481	0.01682	0.05669	0.01754	0.02011	0.13410	0.15095	0.01757	0.01262	0.01673	0.01178	0.01690	0.01043	0.01751	0.17894	0.00417	0.28585	0.00605	0.00313	0.00729
7	0.00803	0.00656	0.00710	0.00696	0.00897	0.00562	0.00522	0.01004	0.01567	0.01968	0.24040	0.05851	0.55366	0.01553	0.00763	0.00214	0.00321	0.01312	0.00629	0.00562
8	0.00821	0.00657	0.00734	0.00715	0.00908	0.00570	0.00536	0.01038	0.01608	0.02067	0.31749	0.05690	0.47596	0.01517	0.00763	0.00213	0.00319	0.01290	0.00642	0.00570
9	0.00894	0.00661	0.00838	0.00816	0.00974	0.00605	0.00619	0.01169	0.01728	0.02382	0.55539	0.08246	0.15996	0.01428	0.00773	0.00214	0.00330	0.05511	0.00682	0.00595
10	0.00923	0.00692	0.01038	0.01038	0.01154	0.00808	0.00808	0.01154	0.01038	0.01500	0.01731	0.02538	0.01615	0.04846	0.74732	0.01038	0.01731	0.00692	0.00346	0.00577
11	0.01220	0.01148	0.01938	0.75739	0.04450	0.01436	0.01794	0.01651	0.01292	0.01651	0.01148	0.01723	0.00861	0.00646	0.00646	0.00215	0.00861	0.00574	0.00287	0.00718
12	0.09417	0.16613	0.34257	0.01559	0.02236	0.15012	0.03585	0.02179	0.01450	0.06479	0.01149	0.01301	0.00865	0.00621	0.00557	0.00185	0.00879	0.00448	0.00331	0.00877
13	0.01693	0.01369	0.01464	0.01304	0.01678	0.01564	0.01018	0.03415	0.67433	0.07415	0.02624	0.02397	0.01948	0.00872	0.00657	0.00218	0.00514	0.00725	0.00667	0.01028
14	0.01340	0.01148	0.01340	0.00957	0.01531	0.00861	0.00766	0.01627	0.01340	0.02105	0.01148	0.01340	0.00957	0.00479	0.00479	0.00096	0.00479	0.00383	0.00383	0.81242
15	0.00776	0.00655	0.00672	0.00668	0.00881	0.00551	0.00501	0.00952	0.01503	0.01817	0.12138	0.06101	0.67363	0.01610	0.00764	0.00217	0.00325	0.01347	0.00609	0.00551
16	0.02834	0.01205	0.01564	0.01199	0.01702	0.01105	0.00991	0.13192	0.02025	0.63418	0.02402	0.02103	0.01525	0.00796	0.00649	0.00199	0.00574	0.00640	0.00777	0.01099
17	0.00798	0.00578	0.00755	0.00876	0.00936	0.00534	0.00594	0.00932	0.01309	0.01746	0.10404	0.65491	0.08795	0.01932	0.00815	0.00254	0.00365	0.01743	0.00610	0.00534
18	0.01009	0.00693	0.00826	0.00773	0.00981	0.00610	0.00586	0.01249	0.01679	0.07910	0.39108	0.05208	0.34156	0.01413	0.00754	0.00209	0.00334	0.01210	0.00671	0.00622
19	0.02342	0.01761	0.01815	0.01427	0.01903	0.05689	0.01165	0.56960	0.07711	0.05903	0.01658	0.01657	0.01191	0.00777	0.00634	0.00192	0.00694	0.00587	0.04885	0.01049
20	0.00814	0.00631	0.00741	0.00767	0.00917	0.00559	0.00555	0.01005	0.01514	0.01967	0.25193	0.24834	0.34889	0.01648	0.00780	0.00226	0.00334	0.01434	0.00633	0.00559
21	0.01827	0.01337	0.01675	0.01683	0.12435	0.03363	0.02761	0.24227	0.05839	0.10890	0.08102	0.12990	0.02266	0.01050	0.00703	0.00214	0.00621	0.06519	0.00594	0.00905
22	0.01418	0.02706	0.50623	0.02030	0.11417	0.01421	0.05734	0.02042	0.01404	0.05098	0.01232	0.01446	0.00900	0.00599	0.00612	0.00192	0.00871	0.00502	0.00315	0.09435
23	0.02383	0.02966	0.01820	0.01644	0.01985	0.69160	0.01239	0.05087	0.04677	0.01716	0.01084	0.01229	0.00887	0.00678	0.00588	0.00170	0.01123	0.00435	0.00357	0.00773
24	0.01566	0.04293	0.08607	0.02724	0.37225	0.07737	0.04639	0.04883	0.04091	0.02093	0.01644	0.07004	0.01524	0.00830	0.00671	0.00207	0.00774	0.08192	0.00390	0.00904
25	0.08292	0.01109	0.01304	0.01101	0.01444	0.01135	0.02763	0.09810	0.13897	0.14437	0.15096	0.05736	0.12876	0.01040	0.00713	0.00206	0.02816	0.00858	0.00623	0.04744
26	0.00811	0.00587	0.00769	0.00892	0.00957	0.00545	0.00617	0.00954	0.01319	0.01756	0.10081	0.62162	0.08757	0.01923	0.00819	0.00256	0.00377	0.05270	0.00610	0.00538
27	0.02341	0.04920	0.01951	0.01454	0.01957	0.01987	0.01202	0.61442	0.09897	0.03829	0.01632	0.01616	0.01175	0.00777	0.00638	0.00194	0.00690	0.00587	0.00632	0.01080
28	0.01961	0.08123	0.01906	0.01659	0.08612	0.17282	0.01211	0.16786	0.30563	0.02590	0.01787	0.01781	0.01368	0.00756	0.00618	0.00194	0.00730	0.00587	0.00523	0.00964

[dist]
# distance from previous block
# <min> <max>
0	5

[block]
# block no. 3 follows, 34 sequences, length 37
# corresponding to MSA columns:
# 278-314
name=unknown_D
#
# <colnr> <probs for GDERKNQSTAVLIFYWHMCP>
#	G	D	E	R	K	N	Q	S	T	A	V	L	I	F	Y	W	H	M	C	P
0	0.01109	0.00813	0.00986	0.00901	0.01101	0.00811	0.00687	0.06124	0.09591	0.02692	0.56510	0.04209	0.05064	0.01204	0.00726	0.00201	0.00354	0.01050	0.05178	0.00687
1	0.01002	0.00724	0.00987	0.01092	0.01246	0.00709	0.00934	0.01292	0.01543	0.02031	0.15185	0.06809	0.08609	0.01698	0.00862	0.00277	0.00529	0.53262	0.00615	0.00594
2	0.24373	0.01666	0.01463	0.01224	0.01632	0.12949	0.00981	0.26960	0.05561	0.05305	0.05688	0.01908	0.06065	0.00803	0.00583	0.00195	0.00659	0.00586	0.00535	0.00865
3	0.00917	0.00678	0.00780	0.00750	0.00953	0.00592	0.00570	0.01142	0.01624	0.05066	0.31402	0.05554	0.42781	0.01486	0.00762	0.00214	0.00336	0.03149	0.00650	0.00594
4	0.02226	0.01983	0.01952	0.01573	0.02033	0.16631	0.05826	0.39870	0.15719	0.03176	0.01627	0.01648	0.01202	0.00757	0.00643	0.00195	0.00791	0.00588	0.00564	0.00999
5	0.01929	0.01424	0.01539	0.01302	0.01707	0.01589	0.01036	0.21032	0.43081	0.09813	0.02308	0.02165	0.01689	0.00835	0.00642	0.00207	0.00555	0.00676	0.05447	0.01025
6	0.00830	0.00652	0.00757	0.00796	0.00963	0.00580	0.00605	0.01025	0.01488	0.01885	0.15740	0.18386	0.41145	0.01676	0.00792	0.00235	0.00370	0.10900	0.00616	0.00559
7	0.81856	0.01250	0.00950	0.00850	0.01250	0.01449	0.00700	0.01899	0.01100	0.02899	0.00900	0.01050	0.00700	0.00600	0.00400	0.00200	0.00500	0.00350	0.00400	0.00700
8	0.01673	0.00909	0.00991	0.00859	0.01131	0.00929	0.00677	0.13295	0.04945	0.12968	0.02104	0.02238	0.01571	0.00769	0.00522	0.00168	0.00414	0.00612	0.52450	0.00775
9	0.01220	0.01148	0.01938	0.75739	0.04450	0.01436	0.01794	0.01651	0.01292	0.01651	0.01148	0.01723	0.00861	0.00646	0.00646	0.00215	0.00861	0.00574	0.00287	0.00718
10	0.01375	0.01319	0.02291	0.37398	0.31545	0.01444	0.07210	0.01776	0.01371	0.01857	0.01281	0.03977	0.01073	0.02532	0.00723	0.00218	0.00822	0.00636	0.00315	0.00838
11	0.00914	0.00660	0.00864	0.00813	0.00965	0.00610	0.00610	0.01219	0.01829	0.02591	0.72921	0.04827	0.06097	0.01321	0.00762	0.00203	0.00305	0.01169	0.00711	0.00610
12	0.00923	0.00692	0.01038	0.01038	0.01154	0.00808	0.00808	0.01154	0.01038	0.01500	0.01731	0.02538	0.01615	0.04846	0.74732	0.01038	0.01731	0.00692	0.00346	0.00577
13	0.00980	0.00905	0.06491	0.01002	0.01207	0.00729	0.02630	0.01312	0.05815	0.03962	0.19263	0.37175	0.12901	0.01565	0.00770	0.00233	0.00429	0.01392	0.00602	0.00635
14	0.01545	0.01461	0.02393	0.09326	0.57629	0.01467	0.01808	0.01991	0.04767	0.02101	0.01270	0.01623	0.01049	0.00586	0.00626	0.00186	0.00736	0.00565	0.00339	0.08531
15	0.02456	0.01810	0.01939	0.01487	0.02004	0.02004	0.01228	0.71107	0.03038	0.04072	0.01551	0.01551	0.01099	0.00776	0.00646	0.00194	0.00711	0.00582	0.00646	0.01099
16	0.81856	0.01250	0.00950	0.00850	0.01250	0.01449	0.00700	0.01899	0.01100	0.02899	0.00900	0.01050	0.00700	0.00600	0.00400	0.00200	0.00500	0.00350	0.00400	0.00700
17	0.00779	0.00649	0.00680	0.00685	0.00886	0.00550	0.00509	0.00952	0.01490	0.01817	0.12451	0.10787	0.62279	0.01633	0.00768	0.00220	0.00328	0.01377	0.00610	0.00550
18	0.00804	0.00613	0.00743	0.00823	0.00940	0.00552	0.00587	0.00962	0.01384	0.01781	0.10628	0.42237	0.28222	0.01815	0.00802	0.00244	0.00365	0.05347	0.00609	0.00543
19	0.06658	0.03088	0.64804	0.01767	0.02628	0.01526	0.02217	0.02007	0.01324	0.02074	0.01124	0.01346	0.00812	0.00644	0.00689	0.00209	0.05402	0.00474	0.00282	0.00923
20	0.01727	0.77681	0.03386	0.01106	0.01658	0.02557	0.01106	0.01935	0.01313	0.01520	0.00898	0.01036	0.00829	0.00553	0.00415	0.00138	0.00691	0.00345	0.00276	0.00829
21	0.00809	0.00578	0.00775	0.00925	0.00972	0.00544	0.00638	0.00937	0.01258	0.01674	0.03549	0.70916	0.04226	0.02004	0.00831	0.00265	0.00394	0.07577	0.00599	0.00531
22	0.00787	0.00609	0.00718	0.00788	0.00912	0.00540	0.00554	0.00936	0.01383	0.01762	0.10110	0.41065	0.33919	0.01804	0.00794	0.00239	0.00349	0.01583	0.00608	0.00540
23	0.01712	0.75008	0.05923	0.01132	0.01699	0.02519	0.01152	0.01939	0.01315	0.01539	0.00908	0.01048	0.00829	0.00555	0.00422	0.00141	0.00700	0.00350	0.00276	0.00834
24	0.01122	0.00561	0.00842	0.00842	0.00842	0.00561	0.00561	0.00842	0.00842	0.01122	0.01122	0.01964	0.01122	0.02245	0.02525	0.81201	0.00561	0.00561	0.00281	0.00281
25	0.02636	0.01128	0.01454	0.01142	0.01605	0.01041	0.00935	0.07156	0.07679	0.58204	0.02462	0.02193	0.01604	0.00801	0.00635	0.00197	0.00537	0.00649	0.06886	0.01055
26	0.01051	0.00835	0.00999	0.01115	0.01246	0.04829	0.00896	0.01333	0.03880	0.01866	0.05216	0.29505	0.03744	0.01757	0.00841	0.00273	0.00544	0.38888	0.00587	0.00596
27	0.05317	0.00662	0.00723	0.00754	0.00923	0.00598	0.00548	0.01008	0.01427	0.01883	0.13231	0.25811	0.41553	0.01651	0.00760	0.00228	0.00348	0.01418	0.00602	0.00556
28	0.01326	0.01160	0.01893	0.61955	0.03922	0.01447	0.01681	0.01711	0.01285	0.05661	0.01212	0.01740	0.00922	0.00819	0.02819	0.00244	0.08571	0.00581	0.00317	0.00734
29	0.01792	0.01480	0.01565	0.01352	0.01751	0.01694	0.01067	0.18187	0.57040	0.03001	0.02395	0.02223	0.01782	0.00855	0.00655	0.00214	0.00555	0.00698	0.00655	0.01039
30	0.01526	0.01601	0.07267	0.13954	0.58866	0.01519	0.01983	0.01940	0.01439	0.02042	0.01202	0.01601	0.00987	0.00588	0.00639	0.00196	0.00793	0.00569	0.00312	0.00976
31	0.02011	0.06404	0.04720	0.01996	0.12463	0.18952	0.12554	0.04810	0.13879	0.13330	0.01623	0.01711	0.01209	0.00686	0.00637	0.00193	0.00836	0.00590	0.00464	0.00934
32	0.00871	0.00726	0.00939	0.00976	0.04028	0.00668	0.03064	0.01069	0.01450	0.01864	0.15057	0.20755	0.38508	0.01703	0.03597	0.00257	0.01959	0.01342	0.00579	0.00586
33	0.10059	0.01423	0.02097	0.11256	0.02377	0.07893	0.20957	0.02074	0.01450	0.14031	0.01505	0.01797	0.01130	0.00997	0.06363	0.00268	0.05081	0.00614	0.07825	0.00805
34	0.01691	0.05763	0.02175	0.02394	0.29726	0.06063	0.05645	0.13438	0.03427	0.04142	0.10824	0.02126	0.03342	0.00900	0.03095	0.00222	0.02994	0.00670	0.00450	0.00912
35	0.12827	0.05196	0.20112	0.04180	0.07667	0.09494	0.09533	0.05329	0.03618	0.12333	0.01367	0.01518	0.00998	0.00658	0.00634	0.00199	0.02493	0.00530	0.00410	0.00904
36	0.33013	0.01537	0.04129	0.03695	0.07705	0.03490	0.05014	0.15890	0.05847	0.07539	0.01307	0.01446	0.00978	0.00694	0.00640	0.00205	0.05028	0.00506	0.00464	0.00872

[dist]
# distance from previous block
# <min> <max>
0	5

[block]
# block no. 4 follows, 34 sequences, length 61
# corresponding to MSA columns:
# 320-380
name=unknown_E
#
# <colnr> <probs for GDERKNQSTAVLIFYWHMCP>
#	G	D	E	R	K	N	Q	S	T	A	V	L	I	F	Y	W	H	M	C	P
0	0.45917	0.13650	0.04092	0.01202	0.06048	0.03685	0.00961	0.04124	0.05126	0.05359	0.03843	0.01374	0.01070	0.00649	0.00475	0.00190	0.00584	0.00440	0.00417	0.00793
1	0.08676	0.04867	0.18090	0.05641	0.16805	0.06129	0.12164	0.03922	0.05532	0.02169	0.01244	0.01496	0.00966	0.00602	0.00604	0.00189	0.00815	0.00533	0.00350	0.09207
2	0.02184	0.01690	0.01931	0.01677	0.08253	0.01865	0.01265	0.51291	0.08101	0.03519	0.01539	0.01602	0.01137	0.00772	0.00731	0.00196	0.05510	0.00581	0.00580	0.05578
3	0.01024	0.00715	0.00981	0.01120	0.01257	0.00710	0.00955	0.01301	0.01451	0.01933	0.03353	0.14679	0.03648	0.01745	0.00857	0.00284	0.00552	0.57118	0.05731	0.00588
4	0.01566	0.01517	0.02634	0.09447	0.64179	0.01533	0.05681	0.01962	0.01460	0.02073	0.01215	0.01616	0.01009	0.00579	0.00647	0.00195	0.00792	0.00586	0.00318	0.00992
5	0.00798	0.00586	0.00749	0.00855	0.00931	0.00537	0.00585	0.00939	0.01336	0.01768	0.11680	0.58844	0.14236	0.01891	0.00809	0.00250	0.00360	0.01696	0.00612	0.00537
6	0.00786	0.00589	0.00730	0.00834	0.00922	0.00533	0.00573	0.00919	0.01319	0.01710	0.06980	0.56247	0.21713	0.01899	0.00807	0.00249	0.00360	0.01692	0.00604	0.00533
7	0.00842	0.00648	0.00764	0.00763	0.00929	0.00586	0.00566	0.01057	0.01537	0.02030	0.28994	0.13198	0.35057	0.01775	0.06040	0.00275	0.00424	0.01280	0.02664	0.00569
8	0.01723	0.35890	0.29828	0.01444	0.02126	0.07925	0.01595	0.03987	0.01460	0.06945	0.01141	0.01268	0.00888	0.00609	0.00527	0.00172	0.00820	0.00429	0.00327	0.00897
9	0.00881	0.00654	0.00821	0.00790	0.00947	0.00594	0.00588	0.01151	0.01734	0.02391	0.57483	0.08952	0.17794	0.01414	0.00766	0.00209	0.00313	0.01239	0.00686	0.00594
10	0.00961	0.00855	0.05669	0.01057	0.01223	0.00836	0.00876	0.01219	0.01070	0.01568	0.01723	0.02521	0.01594	0.07134	0.63815	0.00928	0.01572	0.00684	0.04099	0.00595
11	0.02456	0.01810	0.01939	0.01487	0.02004	0.02004	0.01228	0.71107	0.03038	0.04072	0.01551	0.01551	0.01099	0.00776	0.00646	0.00194	0.00711	0.00582	0.00646	0.01099
12	0.01065	0.00657	0.00756	0.00733	0.00765	0.00647	0.00427	0.01081	0.00998	0.05888	0.02069	0.04099	0.02301	0.72399	0.03120	0.00599	0.00622	0.00921	0.00418	0.00437
13	0.01686	0.70503	0.10199	0.01177	0.01768	0.02455	0.01229	0.01946	0.01318	0.01571	0.00924	0.01068	0.00828	0.00559	0.00434	0.00145	0.00716	0.00358	0.00276	0.00841
14	0.04827	0.14589	0.09840	0.02133	0.21626	0.08492	0.04966	0.06120	0.08603	0.02161	0.03777	0.01598	0.01205	0.00658	0.00621	0.00184	0.02440	0.00538	0.00381	0.05241
15	0.01552	0.19899	0.04704	0.01385	0.06632	0.05425	0.01092	0.01985	0.10149	0.07550	0.09778	0.02228	0.01851	0.07217	0.07950	0.00307	0.08426	0.00640	0.00438	0.00793
16	0.01074	0.00873	0.00999	0.01079	0.01222	0.04738	0.00834	0.01477	0.10393	0.01902	0.05416	0.33000	0.06013	0.03257	0.00861	0.00268	0.00513	0.24865	0.00590	0.00625
17	0.01553	0.01506	0.02624	0.11749	0.61253	0.01531	0.06372	0.01952	0.01455	0.02058	0.01214	0.01622	0.01003	0.00581	0.00648	0.00196	0.00798	0.00587	0.00317	0.00980
18	0.04468	0.11389	0.15651	0.02585	0.30279	0.03826	0.08232	0.09983	0.01602	0.02246	0.01186	0.01458	0.00945	0.00618	0.00649	0.00192	0.02855	0.00535	0.00346	0.00954
19	0.01255	0.00979	0.01069	0.00986	0.01261	0.01020	0.00757	0.02144	0.31040	0.05667	0.16348	0.05837	0.24484	0.01210	0.00707	0.00214	0.00411	0.01022	0.02805	0.00783
20	0.00787	0.00562	0.00750	0.00900	0.00937	0.00525	0.00600	0.00900	0.01237	0.01649	0.03561	0.76871	0.04274	0.02024	0.00825	0.00262	0.00375	0.01837	0.00600	0.00525
