[name]
unknown

[dist]
# distance from previous block
# <min> <max>
0	1

[block]
# block no. 0 follows, 34 sequences, length 25
# corresponding to MSA columns:
# 1-25
name=unknown_A
#
# <colnr> <probs for GDERKNQSTAVLIFYWHMCP>
#	G	D	E	R	K	N	Q	S	T	A	V	L	I	F	Y	W	H	M	C	P
0	0.02042	0.01629	0.01683	0.01374	0.01810	0.06486	0.01119	0.41848	0.12380	0.03293	0.05207	0.02332	0.01680	0.00882	0.00660	0.00199	0.00665	0.07093	0.00606	0.07014
1	0.01479	0.08001	0.01419	0.05044	0.01485	0.01142	0.00877	0.11310	0.05225	0.10537	0.36506	0.03429	0.06899	0.01069	0.00724	0.00200	0.02350	0.00895	0.00631	0.00777
2	0.01264	0.01102	0.01671	0.01839	0.17188	0.01186	0.06244	0.06329	0.01391	0.01942	0.03852	0.15339	0.07384	0.06341	0.11365	0.00365	0.11257	0.00920	0.02292	0.00730
3	0.00873	0.00717	0.00760	0.00740	0.00944	0.00653	0.00548	0.01189	0.07582	0.01921	0.16063	0.05526	0.51287	0.07205	0.00944	0.00247	0.00362	0.01247	0.00606	0.00585
4	0.00846	0.00636	0.00901	0.00963	0.01042	0.00620	0.03191	0.00989	0.01206	0.01617	0.03222	0.53142	0.07082	0.07777	0.13123	0.00412	0.00639	0.01522	0.00533	0.00538
5	0.01510	0.01044	0.01272	0.00960	0.01439	0.00826	0.00765	0.01794	0.01519	0.13850	0.15533	0.02167	0.02075	0.00697	0.00562	0.00134	0.00456	0.00581	0.00515	0.52300
6	0.81856	0.01250	0.00950	0.00850	0.01250	0.01449	0.00700	0.01899	0.01100	0.02899	0.00900	0.01050	0.00700	0.00600	0.00400	0.00200	0.00500	0.00350	0.00400	0.00700
7	0.01448	0.01145	0.01351	0.00970	0.01539	0.00867	0.00778	0.01732	0.01375	0.07059	0.01245	0.01399	0.01001	0.00501	0.00490	0.00103	0.00483	0.00401	0.00412	0.75698
8	0.01409	0.01472	0.02730	0.06527	0.20397	0.03368	0.33577	0.01831	0.01529	0.02055	0.08406	0.02482	0.09664	0.00757	0.00721	0.00209	0.00840	0.00802	0.00389	0.00837
9	0.02783	0.01074	0.01462	0.01130	0.01610	0.00930	0.00930	0.03036	0.01848	0.69563	0.06652	0.02352	0.01862	0.00830	0.00656	0.00200	0.00536	0.00680	0.00795	0.01071
10	0.00787	0.00562	0.00750	0.00900	0.00937	0.00525	0.00600	0.00900	0.01237	0.01649	0.03561	0.76871	0.04274	0.02024	0.00825	0.00262	0.00375	0.01837	0.00600	0.00525
11	0.02354	0.01749	0.01884	0.01438	0.01961	0.01899	0.01186	0.64761	0.02883	0.03893	0.01514	0.01532	0.01086	0.00749	0.00631	0.00185	0.00690	0.00564	0.00622	0.08419
12	0.01667	0.05189	0.02995	0.07676	0.02888	0.01543	0.42019	0.08036	0.01627	0.07354	0.01365	0.01671	0.01016	0.00582	0.00681	0.00194	0.00901	0.00654	0.00391	0.11550
13	0.00940	0.00626	0.00705	0.00705	0.00705	0.00626	0.00392	0.00940	0.00940	0.01253	0.02036	0.04228	0.02349	0.77292	0.03289	0.00626	0.00626	0.00940	0.00392	0.00392
14	0.01220	0.01148	0.01938	0.75739	0.04450	0.01436	0.01794	0.01651	0.01292	0.01651	0.01148	0.01723	0.00861	0.00646	0.00646	0.00215	0.00861	0.00574	0.00287	0.00718
15	0.00958	0.00723	0.00893	0.00840	0.01017	0.00689	0.00633	0.01380	0.07869	0.02511	0.59819	0.04765	0.12817	0.01316	0.00753	0.00206	0.00325	0.01151	0.00695	0.00639
16	0.01577	0.37202	0.36371	0.01493	0.02218	0.07480	0.01718	0.02036	0.01376	0.01772	0.01028	0.01200	0.00824	0.00590	0.00521	0.00171	0.00850	0.00413	0.00279	0.00882
17	0.02419	0.02911	0.01845	0.01641	0.01998	0.65061	0.01246	0.11665	0.01991	0.01912	0.01072	0.01216	0.00868	0.00680	0.00591	0.00170	0.01105	0.00438	0.00374	0.00795
18	0.00787	0.00562	0.00750	0.00900	0.00937	0.00525	0.00600	0.00900	0.01237	0.01649	0.03561	0.76871	0.04274	0.02024	0.00825	0.00262	0.00375	0.01837	0.00600	0.00525
19	0.00975	0.00747	0.00853	0.00820	0.01034	0.00696	0.00630	0.01363	0.08644	0.04109	0.28960	0.05307	0.36657	0.01437	0.00757	0.00217	0.00359	0.05151	0.00650	0.00633
20	0.01604	0.06466	0.08596	0.12072	0.42104	0.08326	0.07676	0.02007	0.01468	0.01961	0.01171	0.01532	0.00953	0.00592	0.00630	0.00192	0.00854	0.00554	0.00311	0.00930
21	0.26581	0.21298	0.08015	0.01222	0.01718	0.13586	0.01111	0.09194	0.01559	0.08732	0.01152	0.01246	0.00886	0.00635	0.00499	0.00179	0.00721	0.00421	0.00408	0.00839
22	0.00791	0.00637	0.00686	0.00708	0.00874	0.00552	0.00507	0.00940	0.01407	0.01733	0.09242	0.17638	0.52009	0.08153	0.00990	0.00260	0.00360	0.01395	0.00588	0.00532
23	0.01915	0.02918	0.26077	0.01639	0.02183	0.40520	0.01575	0.05966	0.01712	0.01885	0.01499	0.01633	0.06263	0.00727	0.00610	0.00185	0.01007	0.00517	0.00350	0.00822
24	0.01883	0.01778	0.07936	0.05385	0.05745	0.08457	0.18350	0.17650	0.06460	0.10083	0.01771	0.04760	0.03123	0.00760	0.00672	0.00203	0.00812	0.00688	0.02561	0.00922

[dist]
# distance from previous block
# <min> <max>
5	8

[block]
# block no. 1 follows, 34 sequences, length 17
# corresponding to MSA columns:
# 34-50
name=unknown_B
#
# <colnr> <probs for GDERKNQSTAVLIFYWHMCP>
#	G	D	E	R	K	N	Q	S	T	A	V	L	I	F	Y	W	H	M	C	P
0	0.00985	0.00729	0.00851	0.00820	0.00973	0.00695	0.00588	0.06596	0.01585	0.02113	0.27458	0.15539	0.21213	0.15509	0.01230	0.00293	0.00413	0.01227	0.00603	0.00580
1	0.00782	0.00655	0.00680	0.00674	0.00884	0.00553	0.00505	0.00963	0.01516	0.01849	0.14656	0.06048	0.64825	0.01598	0.00763	0.00216	0.00325	0.01340	0.00614	0.00553
2	0.01652	0.03707	0.06531	0.04617	0.16276	0.11028	0.16156	0.07910	0.10629	0.02174	0.01605	0.08631	0.01390	0.00797	0.00733	0.00208	0.03940	0.00720	0.00413	0.00884
3	0.01432	0.23773	0.45679	0.01529	0.02285	0.01698	0.01831	0.01970	0.01385	0.04243	0.04856	0.04076	0.01234	0.00687	0.00574	0.00188	0.00815	0.00528	0.00324	0.00892
4	0.00834	0.00644	0.00752	0.00751	0.00911	0.00572	0.00548	0.01041	0.01565	0.02053	0.32584	0.14503	0.34798	0.04477	0.00868	0.00234	0.00336	0.01329	0.00637	0.00563
5	0.01257	0.01193	0.01971	0.64856	0.07019	0.01498	0.01762	0.01654	0.01267	0.01660	0.01119	0.01685	0.00867	0.00695	0.00803	0.00222	0.08884	0.00573	0.00288	0.00729
6	0.02303	0.01734	0.01853	0.01456	0.01945	0.01932	0.01191	0.58897	0.15498	0.03825	0.01746	0.01706	0.01256	0.00794	0.00648	0.00198	0.00675	0.00609	0.00648	0.01085
7	0.01338	0.00731	0.00745	0.00697	0.00886	0.00752	0.00534	0.08930	0.01535	0.02586	0.02048	0.02317	0.01597	0.00755	0.00472	0.00155	0.00345	0.00600	0.72321	0.00655
8	0.00956	0.00719	0.01013	0.00996	0.01077	0.00834	0.00742	0.01126	0.01011	0.01443	0.01752	0.02883	0.01748	0.22303	0.52948	0.00893	0.05916	0.00745	0.00353	0.00539
9	0.00830	0.00653	0.00750	0.00734	0.00916	0.00573	0.00547	0.01053	0.01618	0.02110	0.35360	0.08534	0.40989	0.01515	0.00765	0.00213	0.00319	0.01298	0.00649	0.00573
10	0.01414	0.01414	0.01979	0.01696	0.01696	0.01979	0.01414	0.01555	0.00990	0.01555	0.00848	0.01414	0.00848	0.01131	0.02120	0.00283	0.76110	0.00565	0.00283	0.00707
11	0.00926	0.00682	0.00989	0.00989	0.01087	0.00781	0.00746	0.01122	0.01024	0.01463	0.01776	0.02790	0.01725	0.15646	0.64081	0.00977	0.01566	0.00729	0.00353	0.00549
12	0.01196	0.00723	0.00926	0.00848	0.01057	0.00649	0.00645	0.01460	0.01745	0.13574	0.47998	0.08933	0.15082	0.01327	0.00748	0.00208	0.00351	0.01156	0.00702	0.00672
13	0.01713	0.53781	0.15204	0.01368	0.01972	0.09540	0.04879	0.02025	0.01384	0.01643	0.00973	0.01141	0.00835	0.00574	0.00483	0.00156	0.00803	0.00396	0.00284	0.00845
14	0.09431	0.00968	0.01054	0.00967	0.01201	0.03484	0.00725	0.05754	0.07539	0.11438	0.21523	0.15916	0.06626	0.09329	0.00970	0.00258	0.00474	0.01022	0.00611	0.00709
15	0.01687	0.01666	0.06713	0.02297	0.29037	0.13010	0.01417	0.04939	0.04028	0.08730	0.02177	0.11038	0.08649	0.00911	0.00665	0.00201	0.00722	0.00785	0.00451	0.00878
16	0.09452	0.11720	0.12542	0.01339	0.01833	0.01477	0.06917	0.07550	0.13156	0.10805	0.14572	0.02233	0.02081	0.00804	0.00620	0.00197	0.00630	0.00666	0.00523	0.00883

[dist]
# distance from previous block
# <min> <max>
0	3

[block]
# block no. 2 follows, 34 sequences, length 22
# corresponding to MSA columns:
# 54-75
name=unknown_C
#
# <colnr> <probs for GDERKNQSTAVLIFYWHMCP>
#	G	D	E	R	K	N	Q	S	T	A	V	L	I	F	Y	W	H	M	C	P
0	0.01588	0.07490	0.31497	0.01656	0.05960	0.07184	0.03268	0.05964	0.11222	0.05621	0.01740	0.01824	0.05280	0.00714	0.00612	0.00191	0.00784	0.00570	0.00407	0.06428
1	0.00884	0.00639	0.00815	0.00923	0.00997	0.00612	0.00632	0.05010	0.01353	0.01796	0.03578	0.69285	0.07178	0.01934	0.00812	0.00256	0.00392	0.01742	0.00603	0.00559
2	0.05277	0.07959	0.01849	0.01365	0.01830	0.08180	0.01117	0.33752	0.18266	0.09224	0.01745	0.01701	0.01276	0.00758	0.00611	0.00191	0.00676	0.00573	0.00588	0.03063
3	0.01835	0.10674	0.23335	0.01663	0.05891	0.07830	0.05160	0.13819	0.03969	0.09362	0.01375	0.01487	0.01015	0.00645	0.00594	0.00181	0.00795	0.00510	0.00422	0.09438
4	0.11878	0.17181	0.25173	0.05164	0.18392	0.01694	0.05050	0.02018	0.01368	0.04819	0.01147	0.01377	0.00892	0.00596	0.00563	0.00189	0.00788	0.00482	0.00324	0.00904
5	0.05347	0.42812	0.25165	0.01503	0.05105	0.02053	0.03973	0.02010	0.01349	0.03916	0.01056	0.01222	0.00856	0.00582	0.00505	0.00169	0.00777	0.00420	0.00300	0.00880
6	0.01577	0.01445	0.07642	0.03831	0.14710	0.01371	0.07994	0.08521	0.13934	0.08389	0.01929	0.10932	0.01664	0.01293	0.08131	0.00299	0.04184	0.00783	0.00481	0.00890
7	0.01664	0.09682	0.18117	0.04608	0.24110	0.10299	0.14461	0.05738	0.01563	0.02060	0.01179	0.01469	0.00929	0.00599	0.00628	0.00192	0.00906	0.00547	0.00325	0.00925
8	0.00803	0.00593	0.00782	0.03234	0.01043	0.00558	0.00628	0.00937	0.01281	0.01691	0.06199	0.65459	0.10562	0.01920	0.00811	0.00255	0.00383	0.01730	0.00594	0.00536
9	0.00798	0.00571	0.00760	0.00892	0.00940	0.00532	0.00601	0.00928	0.01289	0.01733	0.09704	0.70490	0.04435	0.01962	0.00819	0.00257	0.00369	0.01778	0.00610	0.00532
10	0.01521	0.11482	0.25825	0.05448	0.09664	0.01715	0.17649	0.05724	0.07992	0.02124	0.01311	0.01558	0.01001	0.00640	0.00688	0.00202	0.03614	0.00573	0.00346	0.00921
11	0.01574	0.01022	0.01124	0.00992	0.01259	0.07557	0.00765	0.01902	0.04786	0.20528	0.38970	0.06423	0.08140	0.01153	0.00715	0.00203	0.00459	0.00984	0.00686	0.00758
12	0.00787	0.00562	0.00750	0.00900	0.00937	0.00525	0.00600	0.00900	0.01237	0.01649	0.03561	0.76871	0.04274	0.02024	0.00825	0.00262	0.00375	0.01837	0.00600	0.00525
13	0.00787	0.00562	0.00750	0.00900	0.00937	0.00525	0.00600	0.00900	0.01237	0.01649	0.03561	0.76871	0.04274	0.02024	0.00825	0.00262	0.00375	0.01837	0.00600	0.00525
14	0.01643	0.08481	0.01744	0.01522	0.07504	0.03948	0.01115	0.03151	0.57664	0.02511	0.02305	0.02180	0.01755	0.00816	0.00631	0.00208	0.00569	0.00673	0.00585	0.00996
15	0.00923	0.00692	0.01038	0.01038	0.01154	0.00808	0.00808	0.01154	0.01038	0.01500	0.01731	0.02538	0.01615	0.04846	0.74732	0.01038	0.01731	0.00692	0.00346	0.00577
16	0.08615	0.71111	0.03176	0.01084	0.01623	0.02461	0.01071	0.01932	0.01295	0.01639	0.00898	0.01038	0.00818	0.00557	0.00413	0.00144	0.00675	0.00346	0.00287	0.00818
17	0.01923	0.08302	0.02217	0.01623	0.02092	0.10219	0.13885	0.24115	0.19582	0.02731	0.01806	0.01871	0.03367	0.00844	0.02315	0.00216	0.00793	0.00638	0.00515	0.00947
18	0.04174	0.01403	0.08783	0.01188	0.01740	0.01101	0.01056	0.05656	0.08162	0.34665	0.01932	0.01832	0.01327	0.00691	0.00592	0.00172	0.00573	0.00553	0.00598	0.23804
19	0.00816	0.00579	0.00759	0.00872	0.00919	0.00544	0.00582	0.00940	0.01277	0.01720	0.11328	0.61965	0.04304	0.08878	0.01045	0.00289	0.00390	0.01678	0.00593	0.00522
20	0.01829	0.59599	0.02994	0.01194	0.01714	0.07044	0.01119	0.08473	0.07366	0.01857	0.01108	0.01206	0.00949	0.00607	0.00467	0.00152	0.00708	0.00404	0.00346	0.00865
21	0.01167	0.04573	0.07650	0.01315	0.07950	0.01050	0.00996	0.06003	0.07760	0.02076	0.09592	0.19510	0.18471	0.03257	0.00826	0.00233	0.02593	0.03722	0.00535	0.00720

[dist]
# distance from previous block
# <min> <max>
0	8

[block]
# block no. 3 follows, 34 sequences, length 12
# corresponding to MSA columns:
# 84-95
name=unknown_D
#
# <colnr> <probs for GDERKNQSTAVLIFYWHMCP>
#	G	D	E	R	K	N	Q	S	T	A	V	L	I	F	Y	W	H	M	C	P
0	0.00998	0.00791	0.00938	0.00983	0.01078	0.04525	0.00700	0.03996	0.01277	0.01697	0.04897	0.39393	0.03078	0.09648	0.22306	0.00510	0.00841	0.01277	0.00499	0.00566
1	0.02422	0.05912	0.01835	0.01415	0.01857	0.23293	0.01138	0.29343	0.02279	0.17841	0.05140	0.01711	0.01362	0.00764	0.00622	0.00185	0.00790	0.00564	0.00570	0.00957
2	0.01554	0.01588	0.02762	0.14969	0.33033	0.04836	0.23034	0.04102	0.01524	0.02050	0.01391	0.01779	0.03103	0.00619	0.00680	0.00203	0.00885	0.00649	0.00336	0.00903
3	0.01235	0.01191	0.06047	0.01649	0.06550	0.01031	0.19380	0.04414	0.01510	0.05051	0.09307	0.29609	0.07711	0.01258	0.00759	0.00228	0.00635	0.01192	0.00511	0.00732
4	0.00815	0.00582	0.00781	0.00931	0.00981	0.00549	0.00648	0.00947	0.01264	0.01680	0.03546	0.69294	0.04213	0.01998	0.00832	0.00266	0.00399	0.09141	0.00599	0.00532
5	0.01459	0.01148	0.01481	0.01643	0.15353	0.05854	0.01050	0.05236	0.01521	0.08657	0.18529	0.02808	0.02492	0.09988	0.11367	0.02577	0.06846	0.00769	0.00483	0.00740
6	0.01746	0.55196	0.06222	0.01240	0.01783	0.02235	0.03991	0.02243	0.12233	0.05772	0.01285	0.01356	0.01054	0.00619	0.00488	0.00160	0.00684	0.00445	0.00366	0.00881
7	0.12488	0.01231	0.01501	0.01251	0.03868	0.01213	0.00985	0.16032	0.01916	0.42989	0.02114	0.05032	0.01483	0.00983	0.03727	0.00236	0.00624	0.00648	0.00677	0.01001
8	0.00852	0.00641	0.00789	0.00788	0.00936	0.00578	0.00577	0.01086	0.01629	0.02201	0.43152	0.18235	0.23111	0.01530	0.00774	0.00218	0.00323	0.01340	0.00662	0.00578
9	0.01647	0.01515	0.11602	0.03356	0.08478	0.05549	0.03174	0.05738	0.08829	0.15400	0.13570	0.07113	0.07743	0.00981	0.00686	0.00208	0.00626	0.02364	0.00559	0.00863
10	0.11561	0.07949	0.06892	0.01838	0.10000	0.27011	0.07076	0.12726	0.05078	0.02294	0.01200	0.01368	0.00943	0.00652	0.00585	0.00185	0.00886	0.00493	0.00393	0.00869
11	0.02155	0.20147	0.06310	0.01581	0.02029	0.44943	0.04537	0.07668	0.01764	0.01808	0.01042	0.01203	0.00858	0.00640	0.00559	0.00167	0.01005	0.00432	0.00340	0.00812

[dist]
# distance from previous block
# <min> <max>
3	7

[block]
# block no. 4 follows, 34 sequences, length 54
# corresponding to MSA columns:
# 103-156
name=unknown_E
#
# <colnr> <probs for GDERKNQSTAVLIFYWHMCP>
#	G	D	E	R	K	N	Q	S	T	A	V	L	I	F	Y	W	H	M	C	P
0	0.01123	0.05559	0.01182	0.01070	0.01229	0.07602	0.02997	0.04598	0.03746	0.01805	0.03124	0.53131	0.07054	0.01645	0.00759	0.00238	0.00508	0.01460	0.00551	0.00620
1	0.45440	0.10444	0.07058	0.01056	0.01522	0.05030	0.00946	0.03739	0.05535	0.04177	0.01169	0.03124	0.00948	0.00650	0.00471	0.00186	0.00592	0.00438	0.00407	0.07067
2	0.05578	0.18808	0.15017	0.01813	0.11984	0.14433	0.04548	0.05958	0.05785	0.02057	0.01185	0.01364	0.00950	0.00614	0.00558	0.00173	0.00812	0.00471	0.00352	0.07540
3	0.01814	0.62907	0.03058	0.01195	0.01706	0.12352	0.01120	0.02113	0.05638	0.01600	0.01016	0.01137	0.00898	0.00588	0.00452	0.00147	0.00745	0.00378	0.00307	0.00830
4	0.01397	0.01161	0.01302	0.01209	0.01491	0.01324	0.00931	0.04748	0.47069	0.02405	0.04581	0.10667	0.02253	0.01743	0.14300	0.00373	0.00721	0.00853	0.00595	0.00876
5	0.00980	0.00776	0.01147	0.01115	0.01217	0.00943	0.00878	0.01200	0.01033	0.01506	0.01629	0.02408	0.01526	0.04416	0.66324	0.00951	0.10343	0.00678	0.00339	0.00592
6	0.00785	0.00570	0.00742	0.00879	0.00932	0.00527	0.00590	0.00902	0.01257	0.01658	0.03818	0.70792	0.10186	0.01991	0.00819	0.00259	0.00371	0.01796	0.00600	0.00527
7	0.00806	0.00656	0.00714	0.00699	0.00899	0.00564	0.00524	0.01010	0.01573	0.01984	0.25298	0.05825	0.54098	0.01547	0.00763	0.00214	0.00321	0.01309	0.00631	0.00564
8	0.01232	0.01161	0.01960	0.73423	0.06671	0.01439	0.01801	0.01662	0.01298	0.01666	0.01151	0.01719	0.00867	0.00644	0.00646	0.00215	0.00858	0.00574	0.00288	0.00728
9	0.00806	0.00656	0.00713	0.00699	0.00899	0.00563	0.00524	0.01009	0.01573	0.01983	0.25177	0.05828	0.54220	0.01548	0.00763	0.00214	0.00321	0.01309	0.00631	0.00563
10	0.01027	0.00712	0.00877	0.00872	0.01034	0.00677	0.00639	0.01380	0.07466	0.05910	0.31679	0.26457	0.13288	0.01492	0.00757	0.00223	0.00359	0.01314	0.03201	0.00636
11	0.01340	0.01148	0.01340	0.00957	0.01531	0.00861	0.00766	0.01627	0.01340	0.02105	0.01148	0.01340	0.00957	0.00479	0.00479	0.00096	0.00479	0.00383	0.00383	0.81242
12	0.01220	0.01148	0.01938	0.75739	0.04450	0.01436	0.01794	0.01651	0.01292	0.01651	0.01148	0.01723	0.00861	0.00646	0.00646	0.00215	0.00861	0.00574	0.00287	0.00718
13	0.01740	0.01321	0.01710	0.10050	0.07880	0.01327	0.03035	0.22360	0.01890	0.08047	0.01762	0.02145	0.04102	0.00984	0.04751	0.00227	0.00708	0.04479	0.00494	0.20990
14	0.81856	0.01250	0.00950	0.00850	0.01250	0.01449	0.00700	0.01899	0.01100	0.02899	0.00900	0.01050	0.00700	0.00600	0.00400	0.00200	0.00500	0.00350	0.00400	0.00700
15	0.01607	0.01388	0.01461	0.01315	0.01680	0.01607	0.01023	0.03433	0.72094	0.02703	0.02630	0.02411	0.01972	0.00877	0.00657	0.00219	0.00511	0.00731	0.00657	0.01023
16	0.00772	0.00655	0.00666	0.00663	0.00878	0.00549	0.00497	0.00943	0.01492	0.01790	0.10072	0.06144	0.69445	0.01620	0.00764	0.00217	0.00326	0.01353	0.00606	0.00549
17	0.02456	0.01810	0.01939	0.01487	0.02004	0.02004	0.01228	0.71107	0.03038	0.04072	0.01551	0.01551	0.01099	0.00776	0.00646	0.00194	0.00711	0.00582	0.00646	0.01099
18	0.01345	0.01166	0.01413	0.01010	0.01586	0.00884	0.02850	0.01640	0.01345	0.02104	0.01153	0.01352	0.00958	0.00480	0.00487	0.00099	0.00497	0.00394	0.00381	0.78854
19	0.01122	0.00561	0.00842	0.00842	0.00842	0.00561	0.00561	0.00842	0.00842	0.01122	0.01122	0.01964	0.01122	0.02245	0.02525	0.81201	0.00561	0.00561	0.00281	0.00281
20	0.02480	0.01772	0.01916	0.01469	0.01985	0.01948	0.01213	0.67496	0.02975	0.07772	0.01604	0.01586	0.01125	0.00777	0.00647	0.00194	0.00702	0.00585	0.00655	0.01099
21	0.02456	0.01810	0.01939	0.01487	0.02004	0.02004	0.01228	0.71107	0.03038	0.04072	0.01551	0.01551	0.01099	0.00776	0.00646	0.00194	0.00711	0.00582	0.00646	0.01099
22	0.01599	0.01535	0.02623	0.03966	0.73262	0.01535	0.01983	0.01983	0.01471	0.02111	0.01215	0.01599	0.01023	0.00576	0.00640	0.00192	0.00768	0.00576	0.00320	0.01023
23	0.02899	0.01100	0.01499	0.01150	0.01649	0.00950	0.00950	0.03149	0.01849	0.73709	0.02549	0.02199	0.01599	0.00800	0.00650	0.00200	0.00550	0.00650	0.00800	0.01100
24	0.01639	0.01404	0.01479	0.01321	0.01692	0.01622	0.01031	0.06003	0.69472	0.02755	0.02589	0.02378	0.01939	0.00873	0.00657	0.00218	0.00519	0.00725	0.00657	0.01026
25	0.02414	0.03079	0.01831	0.01665	0.01998	0.74698	0.01248	0.02580	0.01831	0.01581	0.00999	0.01165	0.00832	0.00666	0.00583	0.00166	0.01165	0.00416	0.00333	0.00749
26	0.00764	0.00655	0.00655	0.00655	0.00873	0.00545	0.00491	0.00927	0.01473	0.01745	0.06546	0.06218	0.73000	0.01636	0.00764	0.00218	0.00327	0.01364	0.00600	0.00545
27	0.02377	0.01134	0.01421	0.01147	0.01574	0.01073	0.00925	0.11707	0.07807	0.46559	0.02828	0.09126	0.07386	0.00978	0.00675	0.00208	0.00535	0.00810	0.00734	0.00998
28	0.01776	0.01871	0.05915	0.09760	0.02334	0.16171	0.09663	0.07882	0.05796	0.05772	0.01239	0.01548	0.00990	0.00827	0.01125	0.00225	0.25336	0.00571	0.00378	0.00822
29	0.00914	0.00660	0.00864	0.00813	0.00965	0.00610	0.00610	0.01219	0.01829	0.02591	0.72921	0.04827	0.06097	0.01321	0.00762	0.00203	0.00305	0.01169	0.00711	0.00610
30	0.01246	0.00642	0.00646	0.00631	0.00794	0.00649	0.00477	0.03806	0.01411	0.02464	0.02089	0.02381	0.01638	0.00754	0.00458	0.00152	0.00315	0.00602	0.78228	0.00619
31	0.67904	0.01532	0.01108	0.00987	0.01381	0.12084	0.00796	0.04122	0.01265	0.02744	0.00934	0.01082	0.00731	0.00615	0.00434	0.00195	0.00603	0.00367	0.00398	0.00719
32	0.00793	0.00565	0.00748	0.00892	0.00928	0.00529	0.00592	0.00901	0.01225	0.01634	0.03501	0.73982	0.04197	0.05017	0.00923	0.00277	0.00385	0.01801	0.00592	0.00520
33	0.09176	0.18445	0.13445	0.04327	0.14910	0.08339	0.12702	0.02081	0.03005	0.03821	0.01157	0.01406	0.00922	0.00613	0.00625	0.00189	0.03120	0.00511	0.00331	0.00874
34	0.10338	0.35700	0.12066	0.01274	0.01784	0.07031	0.01243	0.04302	0.02891	0.07796	0.03315	0.01376	0.01071	0.00677	0.00628	0.00178	0.06665	0.00451	0.00369	0.00845
35	0.01644	0.03542	0.02452	0.08927	0.56292	0.05587	0.01817	0.05631	0.01540	0.02110	0.01233	0.01648	0.01041	0.02958	0.00713	0.00204	0.00787	0.00572	0.00337	0.00965
36	0.00845	0.00658	0.00767	0.00740	0.00923	0.00580	0.00555	0.01084	0.01664	0.02200	0.42240	0.05470	0.37021	0.01467	0.00763	0.00210	0.00315	0.01259	0.00660	0.00580
37	0.17558	0.05121	0.05821	0.01819	0.09756	0.31609	0.08090	0.05594	0.03446	0.03838	0.01144	0.01328	0.00902	0.00638	0.00573	0.00185	0.00903	0.00477	0.00373	0.00828
38	0.01240	0.01169	0.01974	0.71926	0.08106	0.01441	0.01804	0.01669	0.01302	0.01675	0.01152	0.01716	0.00870	0.00642	0.00646	0.00214	0.00856	0.00574	0.00289	0.00734
39	0.00809	0.00645	0.00725	0.00728	0.00906	0.00561	0.00537	0.01006	0.01545	0.01972	0.24894	0.14203	0.46000	0.01593	0.00770	0.00219	0.00327	0.01365	0.00631	0.00561
40	0.01296	0.03342	0.73944	0.01842	0.02797	0.01501	0.02387	0.02046	0.01364	0.02046	0.01160	0.01364	0.00818	0.00614	0.00614	0.00205	0.00955	0.00477	0.00273	0.00955
41	0.01220	0.01148	0.01938	0.75739	0.04450	0.01436	0.01794	0.01651	0.01292	0.01651	0.01148	0.01723	0.00861	0.00646	0.00646	0.00215	0.00861	0.00574	0.00287	0.00718
42	0.81856	0.01250	0.00950	0.00850	0.01250	0.01449	0.00700	0.01899	0.01100	0.02899	0.00900	0.01050	0.00700	0.00600	0.00400	0.00200	0.00500	0.00350	0.00400	0.00700
43	0.00931	0.00729	0.02630	0.00894	0.01040	0.00642	0.00666	0.01187	0.04780	0.04047	0.13709	0.39825	0.18014	0.04028	0.00864	0.00252	0.00398	0.04165	0.00610	0.00592
44	0.02571	0.01027	0.01395	0.01094	0.01537	0.00894	0.00894	0.02830	0.01846	0.61972	0.14163	0.02633	0.02342	0.00886	0.00668	0.00200	0.00509	0.00735	0.00785	0.01019
45	0.00785	0.00571	0.00741	0.00876	0.00931	0.00527	0.00589	0.00902	0.01260	0.01659	0.03846	0.70127	0.10833	0.01987	0.00819	0.00258	0.00370	0.01792	0.00600	0.00527
46	0.00855	0.00584	0.00781	0.00918	0.00972	0.00545	0.00626	0.00978	0.01263	0.03643	0.03528	0.72174	0.04179	0.01982	0.00822	0.00262	0.00388	0.04352	0.00605	0.00543
47	0.00796	0.00651	0.00664	0.00662	0.00858	0.00556	0.00485	0.00953	0.01435	0.01748	0.08082	0.05900	0.62954	0.08018	0.00969	0.00250	0.00351	0.01300	0.02830	0.00536
48	0.01604	0.01688	0.06887	0.03772	0.66977	0.03637	0.01986	0.02004	0.01475	0.02092	0.01206	0.01573	0.01006	0.00581	0.00636	0.00192	0.00790	0.00565	0.00317	0.01011
49	0.01413	0.01135	0.01234	0.01128	0.01417	0.01265	0.00868	0.04810	0.45226	0.02632	0.15858	0.07315	0.02829	0.01014	0.00666	0.00211	0.00449	0.00862	0.08793	0.00875
50	0.01142	0.01302	0.08848	0.01020	0.01302	0.11035	0.00872	0.01475	0.03567	0.02155	0.34560	0.06504	0.21259	0.01242	0.00721	0.00204	0.00508	0.01047	0.00579	0.00659
51	0.01543	0.05513	0.01496	0.01035	0.01578	0.04539	0.00837	0.01910	0.05652	0.07333	0.01319	0.01442	0.01052	0.00539	0.00503	0.00117	0.00530	0.00423	0.00422	0.62217
52	0.54571	0.05325	0.05321	0.01086	0.01514	0.12731	0.00930	0.03842	0.05553	0.02602	0.01050	0.01179	0.00819	0.00629	0.00462	0.00193	0.00642	0.00396	0.00398	0.00757
53	0.01059	0.00750	0.00883	0.00931	0.04831	0.00756	0.00535	0.05215	0.01121	0.01494	0.02177	0.04016	0.05580	0.64802	0.02862	0.00557	0.00625	0.00918	0.00413	0.00477

[dist]
# distance from previous block
# <min> <max>
0	5

[block]
# block no. 5 follows, 34 sequences, length 25
# corresponding to MSA columns:
# 162-186
name=unknown_F
#
# <colnr> <probs for GDERKNQSTAVLIFYWHMCP>
#	G	D	E	R	K	N	Q	S	T	A	V	L	I	F	Y	W	H	M	C	P
0	0.01408	0.09159	0.11008	0.01104	0.01723	0.01151	0.01025	0.03878	0.01393	0.02100	0.01137	0.01319	0.00931	0.00513	0.00495	0.00117	0.00569	0.00398	0.00366	0.60206
1	0.00838	0.00644	0.00873	0.00917	0.01012	0.00595	0.03917	0.00966	0.01255	0.01636	0.03803	0.50863	0.16476	0.11672	0.01131	0.00300	0.00433	0.01582	0.00560	0.00528
2	0.01246	0.00967	0.01033	0.01045	0.01184	0.07655	0.00752	0.06730	0.05266	0.04516	0.05540	0.42769	0.03132	0.01688	0.00993	0.10770	0.00516	0.03036	0.00552	0.00612
3	0.03527	0.14407	0.35372	0.02049	0.15002	0.05645	0.04113	0.02173	0.08005	0.02033	0.01255	0.01446	0.00968	0.00622	0.00589	0.00192	0.00843	0.00501	0.00326	0.00933
4	0.01996	0.02288	0.01654	0.05909	0.01933	0.45263	0.01161	0.09269	0.01796	0.01879	0.03656	0.01931	0.07812	0.01133	0.06545	0.00251	0.03801	0.00580	0.00397	0.00745
5	0.00860	0.00927	0.10268	0.01013	0.01168	0.00656	0.00823	0.01051	0.01240	0.01683	0.03178	0.63665	0.03734	0.05348	0.00912	0.00272	0.00462	0.01618	0.00548	0.00575
6	0.02385	0.06595	0.01922	0.01614	0.01982	0.61683	0.01239	0.11462	0.01962	0.01902	0.01066	0.01209	0.00867	0.00675	0.00583	0.00169	0.01083	0.00434	0.00371	0.00799
7	0.01557	0.46419	0.19626	0.01255	0.01820	0.05616	0.01322	0.01864	0.01302	0.01613	0.01113	0.01535	0.01025	0.10554	0.00844	0.00219	0.00768	0.00457	0.00293	0.00798
8	0.01282	0.01501	0.09927	0.01115	0.01436	0.13927	0.00961	0.03031	0.08472	0.02150	0.24993	0.06445	0.19884	0.01167	0.00703	0.00204	0.00572	0.00969	0.00554	0.00707
9	0.02410	0.01787	0.01913	0.01477	0.01986	0.01982	0.01217	0.67447	0.06773	0.03998	0.01610	0.01598	0.01146	0.00781	0.00647	0.00195	0.00700	0.00590	0.00647	0.01095
10	0.00807	0.00571	0.00744	0.00874	0.00907	0.00538	0.00573	0.00905	0.01198	0.01598	0.03363	0.67422	0.04023	0.11814	0.01145	0.00310	0.00408	0.01720	0.00573	0.00507
11	0.01661	0.01588	0.02442	0.03317	0.53510	0.04165	0.04496	0.05420	0.10733	0.02245	0.01402	0.01688	0.01137	0.00640	0.00683	0.00198	0.02694	0.00598	0.00379	0.01003
12	0.02179	0.01611	0.01706	0.01342	0.01804	0.03579	0.01093	0.49544	0.08241	0.05762	0.04192	0.01798	0.01388	0.00780	0.00624	0.00186	0.00641	0.00601	0.06764	0.06165
13	0.00959	0.00647	0.00784	0.00750	0.00909	0.00601	0.00562	0.01247	0.01687	0.02455	0.50175	0.04469	0.12818	0.01236	0.00696	0.00194	0.00307	0.01070	0.17834	0.00601
14	0.00932	0.00656	0.00852	0.00852	0.00903	0.00707	0.00575	0.01034	0.00983	0.01362	0.01901	0.03481	0.02025	0.45266	0.34872	0.00809	0.01115	0.00830	0.00371	0.00473
15	0.01727	0.77681	0.03386	0.01106	0.01658	0.02557	0.01106	0.01935	0.01313	0.01520	0.00898	0.01036	0.00829	0.00553	0.00415	0.00138	0.00691	0.00345	0.00276	0.00829
16	0.01297	0.01227	0.02076	0.61253	0.18339	0.01456	0.01832	0.01718	0.01328	0.01744	0.01162	0.01698	0.00894	0.00632	0.00645	0.00211	0.00842	0.00575	0.00294	0.00779
17	0.01041	0.00744	0.01041	0.01190	0.01339	0.00744	0.01041	0.01339	0.01487	0.01934	0.03421	0.07288	0.03719	0.01785	0.00892	0.00297	0.00595	0.68913	0.00595	0.00595
18	0.01607	0.01388	0.01461	0.01315	0.01680	0.01607	0.01023	0.03433	0.72094	0.02703	0.02630	0.02411	0.01972	0.00877	0.00657	0.00219	0.00511	0.00731	0.00657	0.01023
19	0.01489	0.01703	0.05395	0.02424	0.02913	0.01722	0.50426	0.01932	0.01378	0.01932	0.01181	0.01644	0.00940	0.00702	0.01119	0.00235	0.21018	0.00702	0.00313	0.00830
20	0.01621	0.02100	0.24155	0.03938	0.04634	0.01591	0.21653	0.11139	0.07556	0.05883	0.03442	0.01743	0.01194	0.00699	0.00769	0.00213	0.05695	0.00633	0.00410	0.00933
21	0.00796	0.00583	0.00751	0.00882	0.00948	0.00538	0.00607	0.00924	0.01280	0.01676	0.03943	0.64351	0.13186	0.01962	0.00820	0.00258	0.00379	0.04985	0.00600	0.00531
22	0.00970	0.00722	0.00972	0.00950	0.01007	0.00825	0.00680	0.01095	0.00993	0.01400	0.01789	0.03165	0.01865	0.35287	0.38580	0.00803	0.07242	0.00787	0.00360	0.00509
23	0.00785	0.00604	0.00719	0.00799	0.00913	0.00538	0.00558	0.00928	0.01362	0.01739	0.08526	0.45247	0.31300	0.01834	0.00797	0.00242	0.00352	0.01615	0.00606	0.00538
24	0.07760	0.30333	0.08200	0.01334	0.01773	0.13381	0.02928	0.02150	0.10301	0.01879	0.01324	0.03639	0.01153	0.00743	0.00661	0.00184	0.07011	0.02060	0.02374	0.00813

[dist]
# distance from previous block
# <min> <max>
0	1

[block]
# block no. 6 follows, 34 sequences, length 25
# corresponding to MSA columns:
# 188-212
name=unknown_G
#
# <colnr> <probs for GDERKNQSTAVLIFYWHMCP>
#	G	D	E	R	K	N	Q	S	T	A	V	L	I	F	Y	W	H	M	C	P
0	0.03963	0.09941	0.33668	0.01739	0.02426	0.03999	0.11113	0.13040	0.01657	0.05471	0.01308	0.03196	0.00999	0.00688	0.00682	0.00201	0.04048	0.00557	0.00377	0.00926
1	0.01520	0.01059	0.01244	0.00959	0.01413	0.00879	0.00758	0.06417	0.01540	0.12353	0.04367	0.04791	0.09784	0.03622	0.00671	0.00162	0.00478	0.00648	0.02868	0.44466
2	0.01340	0.01148	0.01340	0.00957	0.01531	0.00861	0.00766	0.01627	0.01340	0.02105	0.01148	0.01340	0.00957	0.00479	0.00479	0.00096	0.00479	0.00383	0.00383	0.81242
3	0.01777	0.01577	0.01670	0.01557	0.08597	0.13379	0.03035	0.16741	0.04856	0.05111	0.06762	0.06160	0.03379	0.00846	0.00720	0.00185	0.05530	0.00671	0.04902	0.12547
4	0.04484	0.01001	0.01165	0.01075	0.01359	0.01019	0.00849	0.06522	0.18018	0.08127	0.13841	0.13493	0.07137	0.01231	0.00714	0.00221	0.00476	0.11608	0.00624	0.07035
5	0.01778	0.12137	0.23113	0.03092	0.06241	0.04082	0.06695	0.16105	0.04863	0.08018	0.01548	0.01934	0.01220	0.00743	0.00631	0.00200	0.00798	0.05419	0.00439	0.00943
6	0.01953	0.28358	0.08661	0.01669	0.10678	0.05483	0.04338	0.06070	0.08721	0.15828	0.01511	0.01561	0.01137	0.00658	0.00565	0.00178	0.00720	0.00517	0.00446	0.00948
7	0.00818	0.00627	0.00758	0.00849	0.00974	0.00567	0.00626	0.00979	0.01368	0.01731	0.04706	0.38409	0.31063	0.01835	0.00811	0.00251	0.00391	0.12094	0.00599	0.00544
8	0.00940	0.00626	0.00705	0.00705	0.00705	0.00626	0.00392	0.00940	0.00940	0.01253	0.02036	0.04228	0.02349	0.77292	0.03289	0.00626	0.00626	0.00940	0.00392	0.00392
9	0.01765	0.01488	0.01554	0.03082	0.01736	0.07456	0.01076	0.18686	0.29490	0.04937	0.02192	0.13130	0.01883	0.01022	0.00800	0.00220	0.07173	0.00815	0.00583	0.00912
10	0.01410	0.01407	0.01863	0.01609	0.01621	0.04567	0.01319	0.01540	0.01017	0.01530	0.00957	0.01649	0.00978	0.07735	0.02165	0.00308	0.66759	0.00592	0.00294	0.00681
11	0.01482	0.22564	0.39907	0.04898	0.02502	0.01801	0.07014	0.02004	0.01350	0.04135	0.01125	0.01351	0.00862	0.00634	0.00674	0.00194	0.05835	0.00479	0.00296	0.00893
12	0.01896	0.04286	0.11272	0.01640	0.07150	0.03836	0.05578	0.20547	0.12900	0.12208	0.03998	0.08377	0.01658	0.00858	0.00660	0.00205	0.00690	0.00724	0.00552	0.00964
13	0.01406	0.01146	0.01347	0.00965	0.01536	0.00865	0.00773	0.01691	0.01361	0.05133	0.01208	0.01376	0.00984	0.00492	0.00486	0.00100	0.00482	0.00394	0.00400	0.77853
14	0.01490	0.01424	0.02425	0.24662	0.53420	0.01506	0.01929	0.01887	0.01420	0.01978	0.01196	0.01635	0.00977	0.00596	0.00641	0.00199	0.00795	0.00575	0.00310	0.00935
15	0.01431	0.07857	0.01765	0.03727	0.04087	0.01109	0.06018	0.01737	0.01367	0.03837	0.01176	0.01386	0.00963	0.00507	0.00509	0.00118	0.00566	0.00427	0.00375	0.61042
16	0.00785	0.00570	0.00741	0.00878	0.00932	0.00527	0.00590	0.00902	0.01258	0.01658	0.03821	0.70728	0.10249	0.01991	0.00819	0.00259	0.00371	0.01796	0.00600	0.00527
17	0.05128	0.00776	0.00941	0.00876	0.01080	0.00751	0.00665	0.01536	0.07839	0.07329	0.49346	0.09161	0.09528	0.01279	0.00732	0.00209	0.00355	0.01112	0.00682	0.00673
18	0.01449	0.01375	0.01877	0.01753	0.06993	0.01801	0.01347	0.03937	0.11369	0.01834	0.01223	0.01664	0.01091	0.01332	0.07428	0.00323	0.51470	0.00600	0.00356	0.00778
19	0.00895	0.00657	0.00820	0.00781	0.00929	0.00602	0.00574	0.01153	0.01700	0.02353	0.57175	0.04975	0.15430	0.07971	0.00982	0.00242	0.00336	0.01177	0.00667	0.00581
20	0.01353	0.01168	0.01404	0.01107	0.05109	0.00895	0.00826	0.01645	0.01346	0.02106	0.01152	0.01353	0.00960	0.00483	0.00487	0.00101	0.00493	0.00392	0.00380	0.77241
21	0.00793	0.00566	0.00755	0.00896	0.00938	0.00528	0.00600	0.00913	0.01262	0.01690	0.06526	0.73791	0.04351	0.01994	0.00822	0.00260	0.00372	0.01808	0.00605	0.00528
22	0.01313	0.04333	0.01333	0.01081	0.01346	0.03031	0.04859	0.03908	0.15121	0.06043	0.38912	0.03589	0.03943	0.04869	0.00830	0.00222	0.00470	0.00933	0.03119	0.00745
23	0.02155	0.01669	0.03771	0.01474	0.04253	0.01740	0.01187	0.48749	0.09736	0.05617	0.04739	0.01778	0.01397	0.00773	0.00636	0.00188	0.00656	0.00603	0.00610	0.08268
24	0.09447	0.24282	0.07955	0.01428	0.04355	0.10930	0.04796	0.05621	0.09201	0.08438	0.01348	0.01435	0.01046	0.00639	0.00539	0.00173	0.00730	0.00478	0.00412	0.06746

[dist]
# distance from previous block
# <min> <max>
0	5

[block]
# block no. 7 follows, 34 sequences, length 102
# corresponding to MSA columns:
# 218-319
name=unknown_H
#
# <colnr> <probs for GDERKNQSTAVLIFYWHMCP>
#	G	D	E	R	K	N	Q	S	T	A	V	L	I	F	Y	W	H	M	C	P
0	0.02001	0.05021	0.04397	0.02234	0.21933	0.09795	0.06083	0.23161	0.07751	0.06803	0.01539	0.01777	0.01195	0.00716	0.00642	0.00195	0.00780	0.02510	0.00480	0.00988
1	0.10073	0.01684	0.09294	0.01933	0.13362	0.05883	0.11310	0.11785	0.01716	0.10282	0.08453	0.03847	0.01599	0.00779	0.00730	0.00206	0.05048	0.00659	0.00468	0.00892
2	0.02224	0.13585	0.02059	0.01348	0.01869	0.05015	0.01135	0.44576	0.02432	0.07346	0.01432	0.01465	0.01056	0.00700	0.00586	0.00172	0.00689	0.00516	0.00550	0.11246
3	0.01419	0.01195	0.01382	0.00995	0.01565	0.00943	0.00798	0.06566	0.01461	0.02245	0.01177	0.01355	0.00967	0.00500	0.00490	0.00103	0.00495	0.00397	0.00402	0.75545
4	0.01600	0.01493	0.06473	0.16067	0.28423	0.01462	0.03707	0.10061	0.08704	0.05677	0.01756	0.04766	0.03480	0.00773	0.00664	0.00207	0.00731	0.02598	0.00432	0.00926
5	0.01552	0.29008	0.30056	0.01479	0.02147	0.01890	0.03685	0.06124	0.11529	0.02090	0.03756	0.01538	0.01188	0.00661	0.00561	0.00183	0.00767	0.00505	0.00367	0.00914
6	0.01013	0.00807	0.00877	0.00840	0.01073	0.00776	0.00635	0.01529	0.15587	0.03946	0.15990	0.09694	0.41949	0.01438	0.00743	0.00218	0.00369	0.01219	0.00634	0.00664
7	0.00787	0.00562	0.00750	0.00900	0.00937	0.00525	0.00600	0.00900	0.01237	0.01649	0.03561	0.76871	0.04274	0.02024	0.00825	0.00262	0.00375	0.01837	0.00600	0.00525
8	0.02054	0.01926	0.13679	0.06145	0.08510	0.05312	0.12431	0.24319	0.02036	0.14854	0.01540	0.01656	0.01087	0.00688	0.00656	0.00200	0.00818	0.00596	0.00498	0.00994
9	0.01636	0.05768	0.02638	0.07735	0.56497	0.06620	0.05814	0.02007	0.01480	0.02013	0.01185	0.01554	0.00988	0.00583	0.00631	0.00190	0.00815	0.00563	0.00317	0.00968
10	0.02751	0.01102	0.01475	0.01148	0.01628	0.00979	0.00942	0.03100	0.06193	0.66860	0.04986	0.02303	0.01778	0.00822	0.00654	0.00201	0.00539	0.00673	0.00788	0.01078
11	0.02414	0.03079	0.01831	0.01665	0.01998	0.74698	0.01248	0.02580	0.01831	0.01581	0.00999	0.01165	0.00832	0.00666	0.00583	0.00166	0.01165	0.00416	0.00333	0.00749
12	0.01363	0.01231	0.01675	0.06894	0.14211	0.04354	0.06788	0.05442	0.14950	0.02358	0.22439	0.05609	0.07964	0.00989	0.00702	0.00207	0.00589	0.00883	0.00541	0.00812
13	0.01538	0.21383	0.36866	0.01867	0.11122	0.06438	0.01831	0.02162	0.07363	0.01950	0.01215	0.01388	0.00945	0.00619	0.00569	0.00185	0.00842	0.00474	0.00316	0.00925
14	0.00817	0.00579	0.00760	0.00894	0.00933	0.00547	0.00600	0.00927	0.01218	0.01622	0.03390	0.65447	0.04038	0.10108	0.01093	0.00303	0.00413	0.05220	0.00577	0.00514
15	0.81856	0.01250	0.00950	0.00850	0.01250	0.01449	0.00700	0.01899	0.01100	0.02899	0.00900	0.01050	0.00700	0.00600	0.00400	0.00200	0.00500	0.00350	0.00400	0.00700
16	0.00787	0.00562	0.00750	0.00900	0.00937	0.00525	0.00600	0.00900	0.01237	0.01649	0.03561	0.76871	0.04274	0.02024	0.00825	0.00262	0.00375	0.01837	0.00600	0.00525
17	0.02899	0.01100	0.01499	0.01150	0.01649	0.00950	0.00950	0.03149	0.01849	0.73709	0.02549	0.02199	0.01599	0.00800	0.00650	0.00200	0.00550	0.00650	0.00800	0.01100
18	0.00787	0.00562	0.00750	0.00900	0.00937	0.00525	0.00600	0.00900	0.01237	0.01649	0.03561	0.76871	0.04274	0.02024	0.00825	0.00262	0.00375	0.01837	0.00600	0.00525
19	0.01727	0.77681	0.03386	0.01106	0.01658	0.02557	0.01106	0.01935	0.01313	0.01520	0.00898	0.01036	0.00829	0.00553	0.00415	0.00138	0.00691	0.00345	0.00276	0.00829
20	0.04041	0.13575	0.09012	0.04002	0.22031	0.05441	0.11007	0.08276	0.01643	0.10753	0.03277	0.01630	0.01159	0.00643	0.00615	0.00189	0.00789	0.00567	0.00409	0.00941
21	0.78466	0.04484	0.01053	0.00861	0.01267	0.01496	0.00717	0.01901	0.01109	0.02841	0.00900	0.01049	0.00705	0.00598	0.00400	0.00197	0.00508	0.00350	0.00395	0.00705
22	0.01296	0.03342	0.73944	0.01842	0.02797	0.01501	0.02387	0.02046	0.01364	0.02046	0.01160	0.01364	0.00818	0.00614	0.00614	0.00205	0.00955	0.00477	0.00273	0.00955
23	0.00870	0.00689	0.00803	0.00860	0.01052	0.00622	0.00702	0.01085	0.01478	0.01818	0.05347	0.06629	0.46419	0.01693	0.00813	0.00249	0.00430	0.27280	0.00598	0.00564
24	0.01637	0.40629	0.28858	0.01514	0.04493	0.05160	0.01614	0.05958	0.01457	0.01880	0.01045	0.01209	0.00847	0.00593	0.00515	0.00169	0.00811	0.00418	0.00300	0.00893
25	0.00941	0.00719	0.01073	0.01062	0.01174	0.00850	0.00830	0.01168	0.01037	0.01502	0.01698	0.02497	0.01587	0.04710	0.72080	0.01011	0.04447	0.00688	0.00344	0.00582
26	0.00787	0.00562	0.00750	0.00900	0.00937	0.00525	0.00600	0.00900	0.01237	0.01649	0.03561	0.76871	0.04274	0.02024	0.00825	0.00262	0.00375	0.01837	0.00600	0.00525
27	0.00804	0.00656	0.00710	0.00697	0.00897	0.00563	0.00522	0.01005	0.01567	0.01970	0.24174	0.05849	0.55231	0.01553	0.00763	0.00214	0.00321	0.01312	0.00630	0.00563
28	0.08309	0.12867	0.04048	0.11574	0.06192	0.23874	0.05323	0.02026	0.01406	0.01753	0.01000	0.01324	0.00847	0.00722	0.00877	0.00200	0.16093	0.00482	0.00311	0.00771
29	0.02752	0.01067	0.01452	0.01125	0.01599	0.00924	0.00924	0.03006	0.01848	0.68427	0.07776	0.02394	0.01933	0.00838	0.00658	0.00200	0.00532	0.00688	0.00793	0.01063
30	0.00940	0.00626	0.00705	0.00705	0.00705	0.00626	0.00392	0.00940	0.00940	0.01253	0.02036	0.04228	0.02349	0.77292	0.03289	0.00626	0.00626	0.00940	0.00392	0.00392
31	0.01160	0.00819	0.01043	0.01006	0.03666	0.00794	0.00731	0.03385	0.08710	0.06863	0.54993	0.04284	0.07557	0.01217	0.00738	0.00204	0.00368	0.01065	0.00692	0.00705
32	0.01473	0.07004	0.47113	0.02047	0.11823	0.06739	0.04164	0.02191	0.07592	0.02051	0.01274	0.01466	0.00953	0.00630	0.00612	0.00198	0.00896	0.00509	0.00319	0.00946
33	0.01194	0.01018	0.01072	0.00995	0.01281	0.01077	0.00765	0.02194	0.36494	0.02292	0.10275	0.04213	0.32094	0.01233	0.00711	0.00217	0.00417	0.01033	0.00638	0.00787
34	0.00922	0.00665	0.00900	0.01040	0.01149	0.00644	0.00830	0.01137	0.01386	0.01808	0.03671	0.35140	0.08233	0.01872	0.00857	0.00278	0.00490	0.37815	0.00597	0.00564
35	0.04541	0.01630	0.02310	0.02857	0.38493	0.08310	0.03625	0.01895	0.01332	0.01906	0.01065	0.01482	0.00935	0.00768	0.01120	0.00221	0.25765	0.00555	0.00312	0.00878
36	0.01220	0.01148	0.01938	0.75739	0.04450	0.01436	0.01794	0.01651	0.01292	0.01651	0.01148	0.01723	0.00861	0.00646	0.00646	0.00215	0.00861	0.00574	0.00287	0.00718
37	0.01779	0.72037	0.03268	0.01148	0.01684	0.08015	0.01116	0.01984	0.01352	0.01525	0.00906	0.01046	0.00829	0.00561	0.00427	0.00140	0.00727	0.00351	0.00281	0.00823
38	0.01340	0.01148	0.01340	0.00957	0.01531	0.00861	0.00766	0.01627	0.01340	0.02105	0.01148	0.01340	0.00957	0.00479	0.00479	0.00096	0.00479	0.00383	0.00383	0.81242
39	0.01700	0.01434	0.01513	0.01334	0.01716	0.01651	0.01045	0.10857	0.64519	0.02853	0.02512	0.02316	0.01877	0.00866	0.00656	0.00216	0.00533	0.00714	0.00656	0.01031
40	0.01727	0.77681	0.03386	0.01106	0.01658	0.02557	0.01106	0.01935	0.01313	0.01520	0.00898	0.01036	0.00829	0.00553	0.00415	0.00138	0.00691	0.00345	0.00276	0.00829
41	0.00914	0.00660	0.00864	0.00813	0.00965	0.00610	0.00610	0.01219	0.01829	0.02591	0.72921	0.04827	0.06097	0.01321	0.00762	0.00203	0.00305	0.01169	0.00711	0.00610
42	0.01296	0.03342	0.73944	0.01842	0.02797	0.01501	0.02387	0.02046	0.01364	0.02046	0.01160	0.01364	0.00818	0.00614	0.00614	0.00205	0.00955	0.00477	0.00273	0.00955
43	0.00787	0.00562	0.00750	0.00900	0.00937	0.00525	0.00600	0.00900	0.01237	0.01649	0.03561	0.76871	0.04274	0.02024	0.00825	0.00262	0.00375	0.01837	0.00600	0.00525
44	0.00940	0.00626	0.00705	0.00705	0.00705	0.00626	0.00392	0.00940	0.00940	0.01253	0.02036	0.04228	0.02349	0.77292	0.03289	0.00626	0.00626	0.00940	0.00392	0.00392
45	0.01041	0.00744	0.01041	0.01190	0.01339	0.00744	0.01041	0.01339	0.01487	0.01934	0.03421	0.07288	0.03719	0.01785	0.00892	0.00297	0.00595	0.68913	0.00595	0.00595
46	0.00940	0.00626	0.00705	0.00705	0.00705	0.00626	0.00392	0.00940	0.00940	0.01253	0.02036	0.04228	0.02349	0.77292	0.03289	0.00626	0.00626	0.00940	0.00392	0.00392
47	0.02899	0.01100	0.01499	0.01150	0.01649	0.00950	0.00950	0.03149	0.01849	0.73709	0.02549	0.02199	0.01599	0.00800	0.00650	0.00200	0.00550	0.00650	0.00800	0.01100
48	0.01525	0.01743	0.03813	0.02723	0.03377	0.01634	0.70915	0.02070	0.01525	0.02070	0.01307	0.01743	0.00980	0.00545	0.00763	0.00218	0.01089	0.00763	0.00327	0.00871
49	0.00914	0.00660	0.00864	0.00813	0.00965	0.00610	0.00610	0.01219	0.01829	0.02591	0.72921	0.04827	0.06097	0.01321	0.00762	0.00203	0.00305	0.01169	0.00711	0.00610
50	0.02414	0.03079	0.01831	0.01665	0.01998	0.74698	0.01248	0.02580	0.01831	0.01581	0.00999	0.01165	0.00832	0.00666	0.00583	0.00166	0.01165	0.00416	0.00333	0.00749
51	0.02456	0.01810	0.01939	0.01487	0.02004	0.02004	0.01228	0.71107	0.03038	0.04072	0.01551	0.01551	0.01099	0.00776	0.00646	0.00194	0.00711	0.00582	0.00646	0.01099
52	0.01296	0.03342	0.73944	0.01842	0.02797	0.01501	0.02387	0.02046	0.01364	0.02046	0.01160	0.01364	0.00818	0.00614	0.00614	0.00205	0.00955	0.00477	0.00273	0.00955
