[name]
unknown

[dist]
# distance from previous block
# <min> <max>
0	2

[block]
# block no. 0 follows, 34 sequences, length 28
# corresponding to MSA columns:
# 2-29
name=unknown_A
#
# <colnr> <probs for GDERKNQSTAVLIFYWHMCP>
#	G	D	E	R	K	N	Q	S	T	A	V	L	I	F	Y	W	H	M	C	P
0	0.01482	0.00968	0.01244	0.01141	0.01400	0.00957	0.03318	0.11056	0.07690	0.13358	0.04446	0.33506	0.04667	0.01418	0.00750	0.00234	0.00507	0.07948	0.00628	0.03284
1	0.01371	0.01341	0.01978	0.39429	0.23842	0.07204	0.01654	0.01727	0.01380	0.01779	0.01462	0.11177	0.01339	0.00802	0.00662	0.00211	0.00797	0.00722	0.00340	0.00785
2	0.01294	0.01109	0.01285	0.00933	0.01479	0.00836	0.00744	0.01571	0.01350	0.02077	0.01580	0.01730	0.06714	0.00571	0.00501	0.00105	0.00466	0.00461	0.00400	0.74793
3	0.01330	0.07694	0.65185	0.01796	0.02705	0.01548	0.04387	0.02027	0.01365	0.02017	0.01148	0.01355	0.00829	0.00604	0.00602	0.00198	0.00928	0.00475	0.00278	0.03529
4	0.01584	0.01520	0.02596	0.06749	0.70593	0.01531	0.01976	0.01970	0.01464	0.02093	0.01213	0.01604	0.01017	0.00578	0.00640	0.00193	0.00771	0.00576	0.00319	0.01012
5	0.01340	0.01148	0.01340	0.00957	0.01531	0.00861	0.00766	0.01627	0.01340	0.02105	0.01148	0.01340	0.00957	0.00479	0.00479	0.00096	0.00479	0.00383	0.00383	0.81242
6	0.01029	0.00708	0.00886	0.00812	0.01016	0.00630	0.00616	0.01304	0.01745	0.06832	0.53536	0.04763	0.17605	0.01309	0.00743	0.00201	0.00332	0.01137	0.00683	0.04115
7	0.01122	0.00561	0.00842	0.00842	0.00842	0.00561	0.00561	0.00842	0.00842	0.01122	0.01122	0.01964	0.01122	0.02245	0.02525	0.81201	0.00561	0.00561	0.00281	0.00281
8	0.01041	0.00744	0.01041	0.01190	0.01339	0.00744	0.01041	0.01339	0.01487	0.01934	0.03421	0.07288	0.03719	0.01785	0.00892	0.00297	0.00595	0.68913	0.00595	0.00595
9	0.02423	0.01793	0.01920	0.01480	0.01991	0.01988	0.01220	0.68448	0.05752	0.04018	0.01594	0.01585	0.01133	0.00780	0.00647	0.00195	0.00703	0.00588	0.00647	0.01096
10	0.01537	0.06259	0.03787	0.02627	0.03275	0.01689	0.66764	0.02062	0.01512	0.02037	0.01283	0.01701	0.00971	0.00545	0.00742	0.00213	0.01066	0.00738	0.00324	0.00869
11	0.01370	0.03089	0.63590	0.01924	0.02830	0.01500	0.10363	0.02082	0.01397	0.04175	0.01218	0.01433	0.00861	0.00611	0.00632	0.00206	0.00959	0.00516	0.00295	0.00949
12	0.01611	0.46300	0.07640	0.01662	0.02259	0.02134	0.23700	0.01962	0.01401	0.01763	0.03335	0.01404	0.01045	0.00578	0.00550	0.00170	0.00823	0.00514	0.00306	0.00843
13	0.00923	0.00692	0.01038	0.01038	0.01154	0.00808	0.00808	0.01154	0.01038	0.01500	0.01731	0.02538	0.01615	0.04846	0.74732	0.01038	0.01731	0.00692	0.00346	0.00577
14	0.01663	0.66509	0.13990	0.01216	0.01829	0.02398	0.01298	0.01952	0.01321	0.01599	0.00938	0.01086	0.00828	0.00562	0.00445	0.00148	0.00731	0.00365	0.00276	0.00848
15	0.01313	0.01412	0.07986	0.48842	0.22150	0.01441	0.01858	0.01748	0.01343	0.01803	0.01236	0.03802	0.00997	0.00664	0.00647	0.00210	0.00831	0.00603	0.00303	0.00811
16	0.01510	0.01714	0.03722	0.06260	0.03429	0.01624	0.67567	0.02049	0.01514	0.02049	0.01300	0.01742	0.00975	0.00550	0.00757	0.00218	0.01078	0.00753	0.00325	0.00864
17	0.00924	0.00688	0.01014	0.01014	0.01121	0.00795	0.00778	0.01138	0.01031	0.01482	0.01753	0.02660	0.01668	0.10062	0.69588	0.01009	0.01651	0.00710	0.00349	0.00564
18	0.72140	0.01249	0.01063	0.01001	0.04211	0.01412	0.00772	0.02005	0.01176	0.08653	0.01047	0.01166	0.00786	0.00615	0.00430	0.00200	0.00515	0.00384	0.00429	0.00746
19	0.03998	0.01507	0.01852	0.01762	0.12320	0.03343	0.03948	0.25158	0.10464	0.05960	0.02005	0.02086	0.07905	0.00842	0.00798	0.00203	0.08557	0.00658	0.00520	0.06114
20	0.01152	0.00973	0.07470	0.00962	0.01216	0.00747	0.00788	0.01438	0.03937	0.09160	0.16155	0.24770	0.11339	0.10059	0.01021	0.00263	0.00467	0.01172	0.00574	0.06338
21	0.08555	0.09617	0.10982	0.01530	0.06178	0.04877	0.07324	0.12076	0.06743	0.06589	0.08233	0.08188	0.04645	0.00874	0.00634	0.00200	0.00676	0.00733	0.00487	0.00859
22	0.05391	0.13789	0.20901	0.06111	0.12627	0.04755	0.06941	0.06246	0.07237	0.04431	0.01292	0.01499	0.00997	0.00659	0.00668	0.00197	0.04456	0.00527	0.00365	0.00912
23	0.07056	0.15696	0.13227	0.01513	0.06101	0.05933	0.03004	0.15607	0.01731	0.09063	0.01429	0.05754	0.01169	0.00732	0.00614	0.00183	0.02544	0.00563	0.00440	0.07642
24	0.01685	0.05018	0.13386	0.02054	0.17208	0.11907	0.07140	0.10986	0.04470	0.04185	0.07353	0.06730	0.03405	0.00814	0.00655	0.00198	0.00781	0.00700	0.00438	0.00888
25	0.08348	0.07936	0.13165	0.01505	0.09711	0.07656	0.01222	0.05157	0.01570	0.08703	0.11985	0.02137	0.03995	0.02805	0.00665	0.00190	0.00657	0.00611	0.00452	0.11530
26	0.07827	0.01403	0.04112	0.03995	0.16421	0.01369	0.07234	0.14140	0.07328	0.08293	0.03460	0.05059	0.06206	0.00845	0.00654	0.00202	0.00655	0.03997	0.00501	0.06299
27	0.06270	0.01676	0.13419	0.09834	0.14669	0.03351	0.06389	0.02230	0.16480	0.04851	0.05792	0.02026	0.03367	0.00728	0.00633	0.00199	0.00705	0.00633	0.00438	0.06311

[dist]
# distance from previous block
# <min> <max>
0	1

[block]
# block no. 1 follows, 34 sequences, length 8
# corresponding to MSA columns:
# 31-38
name=unknown_B
#
# <colnr> <probs for GDERKNQSTAVLIFYWHMCP>
#	G	D	E	R	K	N	Q	S	T	A	V	L	I	F	Y	W	H	M	C	P
0	0.01518	0.07600	0.07039	0.06403	0.06244	0.07814	0.03224	0.05450	0.05572	0.06389	0.10958	0.08600	0.04067	0.00875	0.00625	0.00184	0.00630	0.00736	0.04203	0.11869
1	0.06534	0.03896	0.05710	0.01648	0.12166	0.09782	0.01193	0.06994	0.09175	0.11126	0.09785	0.05002	0.03745	0.00894	0.00715	0.00203	0.04380	0.03241	0.00512	0.03298
2	0.04513	0.06906	0.10266	0.05471	0.15174	0.05866	0.01367	0.06316	0.10085	0.08804	0.07143	0.02021	0.03874	0.00770	0.00686	0.00194	0.04177	0.00617	0.00459	0.05291
3	0.06211	0.04992	0.15001	0.01598	0.07787	0.11526	0.03454	0.10867	0.05496	0.05853	0.05103	0.01774	0.03408	0.00701	0.00595	0.00178	0.00734	0.00555	0.00437	0.13730
4	0.11005	0.05179	0.09233	0.01558	0.07566	0.06006	0.05379	0.13049	0.05909	0.02431	0.04456	0.06915	0.04205	0.00821	0.00682	0.00194	0.04401	0.00658	0.00447	0.09907
5	0.04501	0.06918	0.11785	0.01866	0.17906	0.01348	0.03615	0.02105	0.12952	0.06754	0.05537	0.06019	0.05722	0.00807	0.00624	0.00191	0.00632	0.00694	0.00457	0.09565
6	0.03980	0.08996	0.12965	0.01677	0.08230	0.05076	0.11904	0.01930	0.07243	0.04898	0.11543	0.02644	0.11718	0.00879	0.00710	0.00203	0.03385	0.00755	0.00448	0.00817
7	0.04363	0.06261	0.08925	0.01340	0.01799	0.05638	0.04569	0.15182	0.16386	0.08380	0.04069	0.05553	0.03772	0.04608	0.00760	0.00216	0.00658	0.00689	0.00528	0.06305

[dist]
# distance from previous block
# <min> <max>
3	44

[block]
# block no. 2 follows, 34 sequences, length 18
# corresponding to MSA columns:
# 83-100
name=unknown_C
#
# <colnr> <probs for GDERKNQSTAVLIFYWHMCP>
#	G	D	E	R	K	N	Q	S	T	A	V	L	I	F	Y	W	H	M	C	P
0	0.01533	0.13259	0.09492	0.01223	0.01684	0.03572	0.03108	0.12035	0.09938	0.04352	0.07122	0.07987	0.10086	0.00921	0.00624	0.00186	0.00603	0.00755	0.00498	0.11023
1	0.09350	0.04403	0.07664	0.03702	0.03887	0.15000	0.01170	0.11875	0.09292	0.12687	0.07063	0.01857	0.01526	0.00848	0.02417	0.00209	0.00738	0.00575	0.00508	0.05229
2	0.08173	0.03438	0.09256	0.01403	0.04563	0.04461	0.05156	0.13672	0.11036	0.02517	0.06995	0.01980	0.01566	0.05884	0.00776	0.00208	0.00651	0.00598	0.00469	0.17198
3	0.10108	0.08231	0.09298	0.03715	0.06864	0.09765	0.05971	0.09310	0.05261	0.10773	0.01533	0.04610	0.01241	0.00756	0.00652	0.00195	0.03237	0.02481	0.00450	0.05549
4	0.06922	0.06835	0.06931	0.03398	0.01931	0.06887	0.05046	0.26823	0.05596	0.04345	0.06381	0.06462	0.01652	0.00864	0.00680	0.00201	0.02908	0.02678	0.00516	0.02944
5	0.05931	0.10967	0.01784	0.01403	0.06465	0.08451	0.01063	0.18200	0.10596	0.07972	0.08045	0.04152	0.06600	0.00867	0.00649	0.00191	0.02210	0.00679	0.00535	0.03240
6	0.03978	0.14451	0.07179	0.01384	0.01868	0.04217	0.04827	0.20457	0.11431	0.08998	0.01695	0.01774	0.02880	0.01016	0.05652	0.00246	0.02816	0.00576	0.00497	0.04059
7	0.10837	0.09638	0.14235	0.01521	0.04958	0.01584	0.06002	0.14172	0.08255	0.04833	0.01756	0.05441	0.03791	0.00832	0.00678	0.00205	0.03871	0.03806	0.00457	0.03128
8	0.06775	0.06544	0.14080	0.01621	0.07078	0.06424	0.09079	0.07009	0.09541	0.03979	0.06339	0.02077	0.03858	0.05222	0.00773	0.00215	0.00724	0.00630	0.00434	0.07599
9	0.05529	0.04905	0.23547	0.01522	0.02119	0.06420	0.08823	0.12625	0.01734	0.07455	0.07298	0.02083	0.06747	0.00769	0.00632	0.00193	0.00759	0.00635	0.00449	0.05757
10	0.01728	0.09633	0.22535	0.01449	0.02057	0.01499	0.05293	0.13291	0.08524	0.11228	0.06820	0.01957	0.03313	0.00744	0.00620	0.00189	0.00703	0.00607	0.00487	0.07322
11	0.01738	0.16081	0.28209	0.01621	0.04132	0.04165	0.06714	0.05515	0.07857	0.11732	0.01455	0.01545	0.01067	0.00648	0.00591	0.00186	0.00789	0.00521	0.00409	0.05025
12	0.01558	0.10060	0.12445	0.05480	0.34367	0.01570	0.01659	0.06975	0.04826	0.02172	0.01481	0.01716	0.04076	0.00646	0.00603	0.00182	0.00727	0.00560	0.00364	0.08534
13	0.05043	0.01483	0.01638	0.03947	0.11534	0.08464	0.01078	0.09178	0.06703	0.02322	0.01282	0.01458	0.01028	0.00581	0.00543	0.00143	0.00626	0.00463	0.00414	0.42071
14	0.14240	0.01443	0.01551	0.03795	0.04710	0.13754	0.07126	0.02036	0.05902	0.10855	0.15698	0.02626	0.08782	0.00905	0.00700	0.00203	0.03651	0.00736	0.00513	0.00774
15	0.01444	0.01269	0.01294	0.06170	0.01502	0.11662	0.00888	0.12694	0.01454	0.01850	0.01615	0.02690	0.01595	0.30356	0.15441	0.00516	0.05810	0.00712	0.00402	0.00634
16	0.09602	0.01396	0.02259	0.24047	0.46430	0.01498	0.01800	0.01880	0.01383	0.02060	0.01164	0.01579	0.00945	0.00598	0.00617	0.00199	0.00767	0.00552	0.00319	0.00904
17	0.00987	0.00820	0.00810	0.00803	0.00992	0.05585	0.00587	0.01156	0.01495	0.04506	0.13856	0.16659	0.42658	0.05088	0.00874	0.00238	0.00411	0.01303	0.00594	0.00578

[dist]
# distance from previous block
# <min> <max>
0	1

[block]
# block no. 3 follows, 34 sequences, length 146
# corresponding to MSA columns:
# 102-247
name=unknown_D
#
# <colnr> <probs for GDERKNQSTAVLIFYWHMCP>
#	G	D	E	R	K	N	Q	S	T	A	V	L	I	F	Y	W	H	M	C	P
0	0.01538	0.01690	0.05029	0.10108	0.06496	0.03887	0.44504	0.01991	0.01434	0.03832	0.01239	0.01670	0.00958	0.00654	0.00930	0.00223	0.11961	0.00684	0.00327	0.00843
1	0.01627	0.01642	0.02522	0.12066	0.55577	0.08302	0.04915	0.02003	0.01486	0.02006	0.01192	0.01580	0.00985	0.00591	0.00641	0.00193	0.00829	0.00569	0.00318	0.00956
2	0.01238	0.01167	0.01971	0.72292	0.07755	0.01440	0.01803	0.01667	0.01301	0.01673	0.01152	0.01717	0.00869	0.00643	0.00646	0.00214	0.00857	0.00574	0.00289	0.00732
3	0.01423	0.01349	0.02254	0.37303	0.38132	0.01492	0.01854	0.01890	0.04406	0.01922	0.01245	0.01691	0.00988	0.00621	0.00643	0.00204	0.00800	0.00582	0.00319	0.00881
4	0.01420	0.01433	0.01968	0.12794	0.02120	0.04471	0.01465	0.01606	0.01065	0.01570	0.00899	0.01451	0.00850	0.01042	0.01845	0.00269	0.62178	0.00561	0.00285	0.00710
5	0.09431	0.05677	0.20643	0.04061	0.02735	0.01605	0.31276	0.06043	0.01522	0.07047	0.01293	0.01558	0.00947	0.00616	0.00690	0.00208	0.02785	0.00603	0.00366	0.00894
6	0.01359	0.05016	0.02111	0.61797	0.04053	0.07435	0.05843	0.01765	0.01351	0.01664	0.01134	0.01646	0.00865	0.00637	0.00637	0.00208	0.00891	0.00562	0.00293	0.00735
7	0.00946	0.00696	0.00961	0.00951	0.01024	0.00789	0.00691	0.01097	0.01004	0.01420	0.01801	0.03059	0.01832	0.28753	0.48456	0.00875	0.03996	0.00770	0.00359	0.00520
8	0.01784	0.74003	0.03295	0.01108	0.01658	0.02479	0.01098	0.01993	0.01339	0.04987	0.00978	0.01092	0.00866	0.00565	0.00426	0.00141	0.00684	0.00360	0.00302	0.00842
9	0.01191	0.01241	0.07392	0.07088	0.05086	0.01098	0.17844	0.01517	0.01402	0.04410	0.06596	0.22100	0.12737	0.01197	0.00841	0.00230	0.05754	0.01092	0.00466	0.00717
10	0.01392	0.18290	0.56884	0.01728	0.02590	0.01719	0.04876	0.02025	0.01360	0.01941	0.01113	0.01313	0.00827	0.00599	0.00580	0.00192	0.00907	0.00462	0.00276	0.00926
11	0.01343	0.11455	0.66245	0.01761	0.02672	0.01616	0.02247	0.02034	0.01359	0.01989	0.01131	0.01328	0.00820	0.00607	0.00592	0.00197	0.00926	0.00463	0.00273	0.00941
12	0.01333	0.01273	0.02186	0.53886	0.23044	0.01469	0.04138	0.01755	0.01348	0.01789	0.01172	0.01690	0.00909	0.00624	0.00648	0.00209	0.00844	0.00581	0.00297	0.00806
13	0.01474	0.01436	0.04061	0.25188	0.28009	0.03334	0.13326	0.01874	0.01429	0.04970	0.01453	0.07846	0.01248	0.00724	0.00676	0.00209	0.00824	0.00707	0.00354	0.00858
14	0.01512	0.01476	0.02432	0.24786	0.49053	0.03762	0.03831	0.01907	0.01432	0.01959	0.01192	0.01626	0.00969	0.00598	0.00643	0.00199	0.00816	0.00576	0.00311	0.00922
15	0.01610	0.01505	0.02467	0.15933	0.54761	0.03750	0.03620	0.01994	0.01468	0.04886	0.01253	0.01634	0.01012	0.00599	0.00642	0.00196	0.00795	0.00578	0.00334	0.00962
16	0.01457	0.01431	0.05607	0.01716	0.02118	0.05722	0.26150	0.05563	0.01573	0.07183	0.05964	0.18437	0.07051	0.01081	0.00796	0.00225	0.03420	0.03255	0.00481	0.00772
17	0.01309	0.04932	0.22298	0.30326	0.03416	0.01493	0.18502	0.01828	0.01366	0.01856	0.01322	0.06017	0.01077	0.00690	0.00666	0.00213	0.00907	0.00658	0.00311	0.00814
18	0.01259	0.00979	0.04704	0.06526	0.06597	0.00875	0.02788	0.01600	0.06169	0.11242	0.06667	0.32936	0.10095	0.03487	0.00812	0.00242	0.00514	0.01228	0.00565	0.00715
19	0.01670	0.01992	0.06221	0.05917	0.03030	0.14091	0.46742	0.03930	0.01567	0.01987	0.01219	0.01602	0.00938	0.00615	0.00799	0.00212	0.05629	0.00666	0.00329	0.00843
20	0.01448	0.01394	0.02408	0.31858	0.43404	0.01501	0.04932	0.01857	0.01404	0.01930	0.01193	0.01654	0.00958	0.00602	0.00648	0.00202	0.00818	0.00583	0.00307	0.00898
21	0.00976	0.00793	0.00952	0.01090	0.03997	0.03033	0.00783	0.01260	0.05694	0.01817	0.03915	0.35807	0.18002	0.01716	0.00803	0.00253	0.00466	0.17456	0.00583	0.00603
22	0.01178	0.01103	0.01819	0.68787	0.04119	0.01353	0.01674	0.01584	0.01309	0.01660	0.01648	0.02139	0.07541	0.00738	0.00657	0.00216	0.00812	0.00647	0.00316	0.00702
23	0.01385	0.18693	0.59374	0.01690	0.02562	0.01719	0.02123	0.02023	0.01354	0.01938	0.01106	0.01296	0.00821	0.00601	0.00573	0.00191	0.00900	0.00450	0.00274	0.00929
24	0.01351	0.12847	0.64923	0.01748	0.02651	0.01636	0.02223	0.02032	0.01358	0.01979	0.01126	0.01322	0.00820	0.00606	0.00588	0.00196	0.00921	0.00461	0.00273	0.00939
25	0.01495	0.01696	0.03690	0.02650	0.03279	0.01590	0.68096	0.02023	0.01514	0.02053	0.01398	0.04755	0.01112	0.00604	0.00765	0.00220	0.01061	0.00806	0.00338	0.00858
26	0.00817	0.00592	0.00741	0.00831	0.00897	0.00550	0.00556	0.00937	0.01276	0.01686	0.09744	0.50735	0.13198	0.12885	0.01170	0.00305	0.00399	0.01586	0.00579	0.00515
27	0.01599	0.01535	0.02623	0.03966	0.73262	0.01535	0.01983	0.01983	0.01471	0.02111	0.01215	0.01599	0.01023	0.00576	0.00640	0.00192	0.00768	0.00576	0.00320	0.01023
28	0.01453	0.01564	0.05963	0.22359	0.27421	0.03583	0.15186	0.01862	0.01388	0.01898	0.01238	0.03702	0.01031	0.00684	0.00805	0.00213	0.07840	0.00636	0.00315	0.00859
29	0.01407	0.01405	0.01978	0.04158	0.01788	0.01961	0.01426	0.01558	0.01000	0.01558	0.00858	0.01424	0.00849	0.01115	0.02071	0.00280	0.73608	0.00566	0.00283	0.00707
30	0.01431	0.26567	0.51901	0.01612	0.02441	0.01831	0.01987	0.02011	0.01348	0.01882	0.01078	0.01262	0.00822	0.00595	0.00552	0.00184	0.00872	0.00436	0.00274	0.00916
31	0.00765	0.00651	0.00659	0.00665	0.00875	0.00545	0.00496	0.00926	0.01463	0.01741	0.06418	0.09238	0.70062	0.01653	0.00766	0.00220	0.00329	0.01384	0.00600	0.00545
32	0.01384	0.11772	0.55185	0.01947	0.06107	0.01639	0.09153	0.02033	0.01380	0.01990	0.01147	0.01376	0.00846	0.00598	0.00607	0.00198	0.00929	0.00496	0.00281	0.00935
33	0.00950	0.00678	0.00936	0.01086	0.01194	0.00665	0.00882	0.01181	0.01397	0.01831	0.03471	0.32310	0.03918	0.01871	0.00868	0.00285	0.00516	0.44792	0.00597	0.00570
34	0.02041	0.01291	0.01474	0.01259	0.01670	0.01386	0.00998	0.03338	0.48516	0.26537	0.02603	0.02340	0.01847	0.00851	0.00655	0.00213	0.00524	0.00703	0.00705	0.01049
35	0.02756	0.01247	0.03939	0.01208	0.01719	0.01086	0.01024	0.09007	0.04758	0.62451	0.02420	0.02124	0.01545	0.00795	0.00649	0.00200	0.00576	0.00641	0.00763	0.01092
36	0.02220	0.02837	0.07894	0.01839	0.04704	0.54474	0.07397	0.07530	0.01843	0.01864	0.01087	0.01275	0.00870	0.00656	0.00607	0.00177	0.01094	0.00469	0.00350	0.00812
37	0.01411	0.01344	0.02283	0.39528	0.39168	0.01486	0.01890	0.01818	0.01382	0.01883	0.01182	0.01660	0.00943	0.00611	0.00643	0.00204	0.00814	0.00575	0.00304	0.00872
38	0.01453	0.01222	0.04446	0.01150	0.01483	0.01222	0.00943	0.10886	0.29268	0.05103	0.23745	0.03428	0.08380	0.01071	0.00701	0.00213	0.00485	0.03289	0.00654	0.00858
39	0.00919	0.00731	0.00892	0.00942	0.04155	0.00677	0.00670	0.01234	0.04992	0.02146	0.31777	0.09403	0.31770	0.01462	0.00764	0.00219	0.00367	0.05630	0.00634	0.00617
40	0.02384	0.06268	0.01897	0.01641	0.01983	0.71615	0.01242	0.02553	0.01809	0.01579	0.00994	0.01160	0.00832	0.00661	0.00575	0.00165	0.01145	0.00413	0.00331	0.00752
41	0.00914	0.00660	0.00864	0.00813	0.00965	0.00610	0.00610	0.01219	0.01829	0.02591	0.72921	0.04827	0.06097	0.01321	0.00762	0.00203	0.00305	0.01169	0.00711	0.00610
42	0.01800	0.69826	0.03222	0.01164	0.01694	0.10153	0.01121	0.02003	0.01367	0.01527	0.00909	0.01050	0.00830	0.00565	0.00432	0.00141	0.00741	0.00353	0.00282	0.00821
43	0.01595	0.01843	0.03584	0.02599	0.03204	0.07741	0.62700	0.02094	0.01532	0.02011	0.01266	0.01683	0.00963	0.00575	0.00794	0.00216	0.03690	0.00727	0.00326	0.00856
44	0.00781	0.00643	0.00686	0.00702	0.00890	0.00549	0.00516	0.00951	0.01475	0.01811	0.12298	0.15413	0.57736	0.01658	0.00772	0.00223	0.00331	0.01408	0.00610	0.00549
45	0.00897	0.00660	0.00839	0.00794	0.00954	0.00602	0.00596	0.01185	0.01787	0.02492	0.65172	0.04989	0.13907	0.01358	0.00762	0.00205	0.00307	0.01191	0.00698	0.00602
46	0.01200	0.01127	0.01882	0.72447	0.04293	0.01397	0.01737	0.01619	0.01300	0.01655	0.01385	0.01920	0.04024	0.00689	0.00651	0.00215	0.00838	0.00609	0.00301	0.00710
47	0.01434	0.02725	0.44707	0.02237	0.07287	0.04753	0.23493	0.02073	0.01441	0.02037	0.01202	0.01487	0.00882	0.00592	0.00660	0.00206	0.00994	0.00569	0.00295	0.00924
48	0.01414	0.01414	0.01979	0.01696	0.01696	0.01979	0.01414	0.01555	0.00990	0.01555	0.00848	0.01414	0.00848	0.01131	0.02120	0.00283	0.76110	0.00565	0.00283	0.00707
49	0.00923	0.00692	0.01038	0.01038	0.01154	0.00808	0.00808	0.01154	0.01038	0.01500	0.01731	0.02538	0.01615	0.04846	0.74732	0.01038	0.01731	0.00692	0.00346	0.00577
50	0.02414	0.03079	0.01831	0.01665	0.01998	0.74698	0.01248	0.02580	0.01831	0.01581	0.00999	0.01165	0.00832	0.00666	0.00583	0.00166	0.01165	0.00416	0.00333	0.00749
51	0.01296	0.03342	0.73944	0.01842	0.02797	0.01501	0.02387	0.02046	0.01364	0.02046	0.01160	0.01364	0.00818	0.00614	0.00614	0.00205	0.00955	0.00477	0.00273	0.00955
52	0.01220	0.01148	0.01938	0.75739	0.04450	0.01436	0.01794	0.01651	0.01292	0.01651	0.01148	0.01723	0.00861	0.00646	0.00646	0.00215	0.00861	0.00574	0.00287	0.00718
53	0.01607	0.01388	0.01461	0.01315	0.01680	0.01607	0.01023	0.03433	0.72094	0.02703	0.02630	0.02411	0.01972	0.00877	0.00657	0.00219	0.00511	0.00731	0.00657	0.01023
54	0.00999	0.00694	0.00854	0.00830	0.00905	0.00716	0.00565	0.01102	0.01138	0.03729	0.09043	0.04120	0.09979	0.43302	0.13905	0.00573	0.03962	0.02636	0.00449	0.00498
55	0.00856	0.00739	0.00834	0.00801	0.00980	0.00716	0.00614	0.01032	0.01451	0.01819	0.13540	0.07950	0.54570	0.01555	0.00921	0.00225	0.08984	0.01266	0.00577	0.00571
56	0.02840	0.01194	0.01558	0.01194	0.01696	0.01090	0.00987	0.12166	0.02007	0.64470	0.02417	0.02113	0.01533	0.00797	0.00649	0.00199	0.00571	0.00641	0.00779	0.01100
57	0.05471	0.02292	0.02073	0.06474	0.26156	0.38189	0.01502	0.06681	0.01726	0.01980	0.01111	0.01362	0.00910	0.00639	0.00602	0.00181	0.00957	0.00486	0.00349	0.00860
58	0.01389	0.01351	0.02146	0.50256	0.25742	0.04597	0.01830	0.01794	0.01371	0.01791	0.01163	0.01660	0.00911	0.00625	0.00641	0.00206	0.00845	0.00568	0.00299	0.00814
59	0.02024	0.01426	0.01784	0.06725	0.07876	0.01583	0.01236	0.29311	0.08264	0.14226	0.01706	0.01846	0.01269	0.01261	0.09247	0.00303	0.07781	0.00616	0.00552	0.00964
60	0.01599	0.01691	0.02195	0.34968	0.26155	0.16627	0.03871	0.01963	0.01469	0.01798	0.01144	0.01568	0.00911	0.00624	0.00634	0.00198	0.00901	0.00548	0.00308	0.00828
61	0.01220	0.01148	0.01938	0.75739	0.04450	0.01436	0.01794	0.01651	0.01292	0.01651	0.01148	0.01723	0.00861	0.00646	0.00646	0.00215	0.00861	0.00574	0.00287	0.00718
62	0.02217	0.02601	0.01778	0.01598	0.01884	0.56526	0.01223	0.02390	0.01674	0.05660	0.01116	0.01346	0.00930	0.01009	0.05699	0.00241	0.10536	0.00466	0.00354	0.00752
63	0.00852	0.00642	0.00936	0.00996	0.01072	0.00626	0.03995	0.00995	0.01204	0.01624	0.03093	0.57991	0.03610	0.06950	0.11756	0.00396	0.00622	0.01564	0.00537	0.00541
64	0.02456	0.01810	0.01939	0.01487	0.02004	0.02004	0.01228	0.71107	0.03038	0.04072	0.01551	0.01551	0.01099	0.00776	0.00646	0.00194	0.00711	0.00582	0.00646	0.01099
65	0.01340	0.01148	0.01340	0.00957	0.01531	0.00861	0.00766	0.01627	0.01340	0.02105	0.01148	0.01340	0.00957	0.00479	0.00479	0.00096	0.00479	0.00383	0.00383	0.81242
66	0.00764	0.00655	0.00655	0.00655	0.00873	0.00545	0.00491	0.00927	0.01473	0.01745	0.06546	0.06218	0.73000	0.01636	0.00764	0.00218	0.00327	0.01364	0.00600	0.00545
67	0.00765	0.00648	0.00661	0.00671	0.00877	0.00544	0.00498	0.00925	0.01457	0.01739	0.06343	0.11025	0.68324	0.01663	0.00768	0.00221	0.00331	0.01396	0.00600	0.00544
68	0.01599	0.01535	0.02623	0.03966	0.73262	0.01535	0.01983	0.01983	0.01471	0.02111	0.01215	0.01599	0.01023	0.00576	0.00640	0.00192	0.00768	0.00576	0.00320	0.01023
69	0.00787	0.00562	0.00750	0.00900	0.00937	0.00525	0.00600	0.00900	0.01237	0.01649	0.03561	0.76871	0.04274	0.02024	0.00825	0.00262	0.00375	0.01837	0.00600	0.00525
70	0.01235	0.01164	0.01965	0.72856	0.07214	0.01440	0.01802	0.01664	0.01299	0.01669	0.01151	0.01718	0.00868	0.00643	0.00646	0.00214	0.00858	0.00574	0.00288	0.00730
71	0.02414	0.03079	0.01831	0.01665	0.01998	0.74698	0.01248	0.02580	0.01831	0.01581	0.00999	0.01165	0.00832	0.00666	0.00583	0.00166	0.01165	0.00416	0.00333	0.00749
72	0.00940	0.00626	0.00705	0.00705	0.00705	0.00626	0.00392	0.00940	0.00940	0.01253	0.02036	0.04228	0.02349	0.77292	0.03289	0.00626	0.00626	0.00940	0.00392	0.00392
73	0.02414	0.03079	0.01831	0.01665	0.01998	0.74698	0.01248	0.02580	0.01831	0.01581	0.00999	0.01165	0.00832	0.00666	0.00583	0.00166	0.01165	0.00416	0.00333	0.00749
74	0.02414	0.03079	0.01831	0.01665	0.01998	0.74698	0.01248	0.02580	0.01831	0.01581	0.00999	0.01165	0.00832	0.00666	0.00583	0.00166	0.01165	0.00416	0.00333	0.00749
75	0.02899	0.01100	0.01499	0.01150	0.01649	0.00950	0.00950	0.03149	0.01849	0.73709	0.02549	0.02199	0.01599	0.00800	0.00650	0.00200	0.00550	0.00650	0.00800	0.01100
76	0.00765	0.00648	0.00662	0.00673	0.00877	0.00544	0.00499	0.00925	0.01455	0.01738	0.06325	0.11434	0.67926	0.01665	0.00768	0.00221	0.00331	0.01399	0.00600	0.00544
77	0.01599	0.01535	0.02623	0.03966	0.73262	0.01535	0.01983	0.01983	0.01471	0.02111	0.01215	0.01599	0.01023	0.00576	0.00640	0.00192	0.00768	0.00576	0.00320	0.01023
78	0.00926	0.00680	0.00975	0.00975	0.01068	0.00773	0.00728	0.01113	0.01020	0.01453	0.01789	0.02861	0.01755	0.18656	0.61113	0.00960	0.01520	0.00739	0.00355	0.00542
79	0.01032	0.00741	0.01028	0.01171	0.01323	0.00737	0.01022	0.01324	0.01487	0.01927	0.03529	0.07251	0.06114	0.01780	0.00888	0.00295	0.00586	0.66577	0.00595	0.00593
80	0.00787	0.00562	0.00750	0.00900	0.00937	0.00525	0.00600	0.00900	0.01237	0.01649	0.03561	0.76871	0.04274	0.02024	0.00825	0.00262	0.00375	0.01837	0.00600	0.00525
81	0.00769	0.00655	0.00662	0.00660	0.00876	0.00548	0.00495	0.00937	0.01485	0.01774	0.08779	0.06171	0.70748	0.01626	0.00764	0.00218	0.00327	0.01357	0.00604	0.00548
82	0.01669	0.67594	0.12960	0.01205	0.01813	0.02413	0.01279	0.01950	0.01320	0.01592	0.00934	0.01081	0.00828	0.00561	0.00442	0.00147	0.00727	0.00363	0.00276	0.00846
83	0.01587	0.01523	0.02601	0.06236	0.71086	0.01532	0.01977	0.01972	0.01466	0.02096	0.01213	0.01603	0.01018	0.00578	0.00640	0.00193	0.00771	0.00576	0.00319	0.01014
84	0.00926	0.00666	0.00915	0.00919	0.00992	0.00738	0.00657	0.01073	0.01009	0.01417	0.01880	0.04869	0.01934	0.30076	0.48055	0.00876	0.01313	0.00805	0.00368	0.00511
85	0.01678	0.01343	0.01435	0.01280	0.01647	0.01530	0.00999	0.03350	0.65119	0.07331	0.02607	0.02397	0.01937	0.00867	0.00650	0.00216	0.00507	0.00721	0.03374	0.01014
86	0.01397	0.01328	0.02246	0.23095	0.34852	0.01445	0.06788	0.01741	0.01325	0.01836	0.01270	0.01936	0.01116	0.09594	0.01080	0.00258	0.06918	0.00631	0.00317	0.00828
87	0.03573	0.01229	0.01684	0.12885	0.09163	0.01134	0.04159	0.02003	0.07039	0.09982	0.01428	0.01615	0.01095	0.00587	0.00564	0.00153	0.00604	0.00504	0.00428	0.40172
88	0.72905	0.01276	0.01062	0.02994	0.01388	0.01495	0.00783	0.04652	0.01178	0.02852	0.00930	0.01104	0.00727	0.00631	0.00492	0.00204	0.03833	0.00375	0.00401	0.00717
89	0.01994	0.52916	0.02846	0.01247	0.01741	0.20239	0.01128	0.02195	0.01485	0.07514	0.01060	0.01165	0.00894	0.00601	0.00476	0.00150	0.00796	0.00388	0.00334	0.00832
90	0.00904	0.00660	0.00850	0.00802	0.00959	0.00605	0.00602	0.01200	0.01805	0.02535	0.68513	0.04919	0.10539	0.01342	0.00762	0.00204	0.00306	0.01181	0.00704	0.00605
91	0.00914	0.00660	0.00864	0.00813	0.00965	0.00610	0.00610	0.01219	0.01829	0.02591	0.72921	0.04827	0.06097	0.01321	0.00762	0.00203	0.00305	0.01169	0.00711	0.00610
92	0.00794	0.00567	0.00755	0.00895	0.00939	0.00529	0.00600	0.00916	0.01267	0.01696	0.07013	0.73285	0.04364	0.01989	0.00822	0.00259	0.00371	0.01804	0.00605	0.00529
93	0.01296	0.03342	0.73944	0.01842	0.02797	0.01501	0.02387	0.02046	0.01364	0.02046	0.01160	0.01364	0.00818	0.00614	0.00614	0.00205	0.00955	0.00477	0.00273	0.00955
94	0.00796	0.00568	0.00760	0.00909	0.00951	0.00532	0.00615	0.00915	0.01246	0.01659	0.03557	0.74522	0.04255	0.02016	0.00827	0.00264	0.00382	0.04101	0.00600	0.00527
95	0.63832	0.01215	0.01075	0.00918	0.01341	0.01335	0.00757	0.02185	0.01271	0.19064	0.01276	0.01312	0.00905	0.00645	0.00457	0.00200	0.00511	0.00418	0.00491	0.00791
96	0.01204	0.00602	0.00602	0.00602	0.00753	0.00602	0.00452	0.01506	0.01355	0.02409	0.02108	0.02409	0.01656	0.00753	0.00452	0.00151	0.00301	0.00602	0.80879	0.00602
97	0.81856	0.01250	0.00950	0.00850	0.01250	0.01449	0.00700	0.01899	0.01100	0.02899	0.00900	0.01050	0.00700	0.00600	0.00400	0.00200	0.00500	0.00350	0.00400	0.00700
98	0.01599	0.01535	0.02623	0.03966	0.73262	0.01535	0.01983	0.01983	0.01471	0.02111	0.01215	0.01599	0.01023	0.00576	0.00640	0.00192	0.00768	0.00576	0.00320	0.01023
99	0.81856	0.01250	0.00950	0.00850	0.01250	0.01449	0.00700	0.01899	0.01100	0.02899	0.00900	0.01050	0.00700	0.00600	0.00400	0.00200	0.00500	0.00350	0.00400	0.00700
100	0.81856	0.01250	0.00950	0.00850	0.01250	0.01449	0.00700	0.01899	0.01100	0.02899	0.00900	0.01050	0.00700	0.00600	0.00400	0.00200	0.00500	0.00350	0.00400	0.00700
101	0.01727	0.77681	0.03386	0.01106	0.01658	0.02557	0.01106	0.01935	0.01313	0.01520	0.00898	0.01036	0.00829	0.00553	0.00415	0.00138	0.00691	0.00345	0.00276	0.00829
102	0.00787	0.00562	0.00750	0.00900	0.00937	0.00525	0.00600	0.00900	0.01237	0.01649	0.03561	0.76871	0.04274	0.02024	0.00825	0.00262	0.00375	0.01837	0.00600	0.00525
103	0.01235	0.01164	0.01965	0.72856	0.07214	0.01440	0.01802	0.01664	0.01299	0.01669	0.01151	0.01718	0.00868	0.00643	0.00646	0.00214	0.00858	0.00574	0.00288	0.00730
104	0.01599	0.01535	0.02623	0.03966	0.73262	0.01535	0.01983	0.01983	0.01471	0.02111	0.01215	0.01599	0.01023	0.00576	0.00640	0.00192	0.00768	0.00576	0.00320	0.01023
105	0.00923	0.00692	0.01038	0.01038	0.01154	0.00808	0.00808	0.01154	0.01038	0.01500	0.01731	0.02538	0.01615	0.04846	0.74732	0.01038	0.01731	0.00692	0.00346	0.00577
106	0.81856	0.01250	0.00950	0.00850	0.01250	0.01449	0.00700	0.01899	0.01100	0.02899	0.00900	0.01050	0.00700	0.00600	0.00400	0.00200	0.00500	0.00350	0.00400	0.00700
107	0.02482	0.01709	0.01735	0.01400	0.01847	0.17900	0.04138	0.18431	0.02090	0.32854	0.04772	0.02082	0.01539	0.00808	0.00652	0.00195	0.00742	0.03023	0.00627	0.00973
108	0.02393	0.00993	0.01309	0.01047	0.01455	0.00886	0.00849	0.02709	0.04154	0.53524	0.12050	0.02587	0.02229	0.00868	0.00643	0.00195	0.00487	0.00717	0.09931	0.00974
109	0.58022	0.13057	0.03458	0.01005	0.01444	0.07144	0.00873	0.04994	0.01279	0.02619	0.00943	0.01087	0.00750	0.00606	0.00433	0.00188	0.00601	0.00368	0.00383	0.00748
110	0.00774	0.00655	0.00668	0.00665	0.00879	0.00550	0.00499	0.00947	0.01496	0.01802	0.10953	0.06126	0.68557	0.01615	0.00764	0.00217	0.00326	0.01351	0.00607	0.00550
111	0.02456	0.01810	0.01939	0.01487	0.02004	0.02004	0.01228	0.71107	0.03038	0.04072	0.01551	0.01551	0.01099	0.00776	0.00646	0.00194	0.00711	0.00582	0.00646	0.01099
112	0.01525	0.01743	0.03813	0.02723	0.03377	0.01634	0.70915	0.02070	0.01525	0.02070	0.01307	0.01743	0.00980	0.00545	0.00763	0.00218	0.01089	0.00763	0.00327	0.00871
113	0.00934	0.00624	0.00707	0.00713	0.00714	0.00622	0.00400	0.00938	0.00952	0.01269	0.02097	0.07146	0.02426	0.74269	0.03190	0.00612	0.00616	0.00976	0.00400	0.00397
114	0.00764	0.00655	0.00655	0.00655	0.00873	0.00545	0.00491	0.00927	0.01473	0.01745	0.06546	0.06218	0.73000	0.01636	0.00764	0.00218	0.00327	0.01364	0.00600	0.00545
115	0.81856	0.01250	0.00950	0.00850	0.01250	0.01449	0.00700	0.01899	0.01100	0.02899	0.00900	0.01050	0.00700	0.00600	0.00400	0.00200	0.00500	0.00350	0.00400	0.00700
116	0.00785	0.00655	0.00683	0.00676	0.00886	0.00554	0.00507	0.00968	0.01522	0.01862	0.15724	0.06026	0.63749	0.01593	0.00763	0.00216	0.00324	0.01337	0.00615	0.00554
117	0.01727	0.77681	0.03386	0.01106	0.01658	0.02557	0.01106	0.01935	0.01313	0.01520	0.00898	0.01036	0.00829	0.00553	0.00415	0.00138	0.00691	0.00345	0.00276	0.00829
118	0.00764	0.00655	0.00655	0.00655	0.00873	0.00545	0.00491	0.00927	0.01473	0.01745	0.06546	0.06218	0.73000	0.01636	0.00764	0.00218	0.00327	0.01364	0.00600	0.00545
119	0.02456	0.01810	0.01939	0.01487	0.02004	0.02004	0.01228	0.71107	0.03038	0.04072	0.01551	0.01551	0.01099	0.00776	0.00646	0.00194	0.00711	0.00582	0.00646	0.01099
120	0.02414	0.03079	0.01831	0.01665	0.01998	0.74698	0.01248	0.02580	0.01831	0.01581	0.00999	0.01165	0.00832	0.00666	0.00583	0.00166	0.01165	0.00416	0.00333	0.00749
121	0.02716	0.01356	0.09776	0.01229	0.01780	0.01013	0.01114	0.03023	0.01794	0.65522	0.02390	0.02104	0.01510	0.00778	0.00646	0.00200	0.00596	0.00630	0.00740	0.01083
122	0.02456	0.01810	0.01939	0.01487	0.02004	0.02004	0.01228	0.71107	0.03038	0.04072	0.01551	0.01551	0.01099	0.00776	0.00646	0.00194	0.00711	0.00582	0.00646	0.01099
123	0.00764	0.00655	0.00655	0.00655	0.00873	0.00545	0.00491	0.00927	0.01473	0.01745	0.06546	0.06218	0.73000	0.01636	0.00764	0.00218	0.00327	0.01364	0.00600	0.00545
124	0.01394	0.01535	0.05952	0.10661	0.05936	0.01440	0.39902	0.02003	0.08049	0.02127	0.09841	0.04798	0.01767	0.00734	0.00730	0.00216	0.00873	0.00803	0.00405	0.00835
125	0.01296	0.03342	0.73944	0.01842	0.02797	0.01501	0.02387	0.02046	0.01364	0.02046	0.01160	0.01364	0.00818	0.00614	0.00614	0.00205	0.00955	0.00477	0.00273	0.00955
126	0.02899	0.01100	0.01499	0.01150	0.01649	0.00950	0.00950	0.03149	0.01849	0.73709	0.02549	0.02199	0.01599	0.00800	0.00650	0.00200	0.00550	0.00650	0.00800	0.01100
127	0.01390	0.01437	0.02434	0.01941	0.02147	0.01737	0.22898	0.01654	0.01179	0.01723	0.01242	0.08503	0.01206	0.01032	0.01579	0.00261	0.45826	0.00744	0.00326	0.00741
128	0.01529	0.01464	0.02496	0.17197	0.60577	0.01517	0.01948	0.01922	0.01438	0.02026	0.01203	0.01622	0.00994	0.00589	0.00641	0.00196	0.00785	0.00575	0.00314	0.00967
129	0.01220	0.01148	0.01938	0.75739	0.04450	0.01436	0.01794	0.01651	0.01292	0.01651	0.01148	0.01723	0.00861	0.00646	0.00646	0.00215	0.00861	0.00574	0.00287	0.00718
130	0.00925	0.00685	0.00999	0.00999	0.01101	0.00787	0.00759	0.01129	0.01027	0.01471	0.01766	0.02736	0.01701	0.13303	0.66392	0.00990	0.01602	0.00721	0.00351	0.00555
131	0.01547	0.01422	0.02167	0.35126	0.06333	0.03518	0.11227	0.15234	0.01656	0.02191	0.01349	0.05651	0.01111	0.00773	0.00806	0.00218	0.07809	0.00664	0.00382	0.00816
132	0.02426	0.01918	0.01894	0.01491	0.01980	0.10263	0.01214	0.58527	0.05896	0.05557	0.01562	0.01562	0.01120	0.00768	0.00640	0.00192	0.00750	0.00571	0.00615	0.01056
133	0.01041	0.00744	0.01041	0.01190	0.01339	0.00744	0.01041	0.01339	0.01487	0.01934	0.03421	0.07288	0.03719	0.01785	0.00892	0.00297	0.00595	0.68913	0.00595	0.00595
134	0.13647	0.01327	0.02077	0.34008	0.33050	0.01480	0.01708	0.01829	0.01338	0.02035	0.01139	0.01568	0.00905	0.00609	0.00606	0.00203	0.00767	0.00541	0.00318	0.00844
135	0.02335	0.11602	0.02009	0.01601	0.01959	0.66457	0.01232	0.02506	0.01772	0.01574	0.00987	0.01151	0.00832	0.00653	0.00563	0.00163	0.01111	0.00408	0.00326	0.00758
136	0.00787	0.00562	0.00750	0.00900	0.00937	0.00525	0.00600	0.00900	0.01237	0.01649	0.03561	0.76871	0.04274	0.02024	0.00825	0.00262	0.00375	0.01837	0.00600	0.00525
137	0.08208	0.43067	0.09270	0.01223	0.01789	0.02090	0.01195	0.13693	0.01654	0.10609	0.01227	0.01291	0.00954	0.00629	0.00499	0.00166	0.00687	0.00434	0.00409	0.00908
138	0.00929	0.00668	0.00917	0.00917	0.00991	0.00742	0.00656	0.01076	0.01003	0.01410	0.01842	0.03153	0.01882	0.31174	0.48769	0.00889	0.01329	0.00782	0.00363	0.00510
139	0.01525	0.01743	0.03813	0.02723	0.03377	0.01634	0.70915	0.02070	0.01525	0.02070	0.01307	0.01743	0.00980	0.00545	0.00763	0.00218	0.01089	0.00763	0.00327	0.00871
140	0.01010	0.00682	0.00894	0.00829	0.00998	0.00626	0.00626	0.01312	0.01830	0.06007	0.69541	0.04700	0.05881	0.01296	0.00757	0.00203	0.00317	0.01144	0.00716	0.00633
141	0.00784	0.00655	0.00682	0.00676	0.00885	0.00554	0.00507	0.00966	0.01520	0.01858	0.15369	0.06033	0.64106	0.01594	0.00763	0.00216	0.00324	0.01338	0.00615	0.00554
142	0.00787	0.00562	0.00750	0.00900	0.00937	0.00525	0.00600	0.00900	0.01237	0.01649	0.03561	0.76871	0.04274	0.02024	0.00825	0.00262	0.00375	0.01837	0.00600	0.00525
143	0.00819	0.00695	0.00711	0.00700	0.00922	0.00607	0.00527	0.01081	0.05314	0.01849	0.10428	0.05927	0.65032	0.01576	0.00758	0.00217	0.00336	0.01317	0.00610	0.00575
144	0.01607	0.01388	0.01461	0.01315	0.01680	0.01607	0.01023	0.03433	0.72094	0.02703	0.02630	0.02411	0.01972	0.00877	0.00657	0.00219	0.00511	0.00731	0.00657	0.01023
145	0.76027	0.01238	0.00990	0.00872	0.01279	0.01413	0.00718	0.01992	0.01155	0.08127	0.01021	0.01135	0.00766	0.00615	0.00418	0.00200	0.00504	0.00372	0.00429	0.00729

[dist]
# distance from previous block
# <min> <max>
0	8

[block]
# block no. 4 follows, 34 sequences, length 195
# corresponding to MSA columns:
# 256-450
name=unknown_E
#
# <colnr> <probs for GDERKNQSTAVLIFYWHMCP>
#	G	D	E	R	K	N	Q	S	T	A	V	L	I	F	Y	W	H	M	C	P
0	0.01055	0.00915	0.03795	0.01013	0.03707	0.00787	0.00772	0.01496	0.07596	0.02448	0.48571	0.04029	0.08963	0.01145	0.00708	0.00192	0.00386	0.00998	0.00628	0.10796
1	0.02701	0.01074	0.01447	0.01134	0.01599	0.00946	0.00927	0.03006	0.04419	0.65848	0.05069	0.05133	0.01873	0.00867	0.00661	0.00203	0.00533	0.00716	0.00784	0.01058
2	0.00907	0.00654	0.00857	0.00818	0.00964	0.00604	0.00609	0.01199	0.01792	0.02532	0.68601	0.09314	0.05983	0.01365	0.00766	0.00207	0.00309	0.01210	0.00704	0.00604
3	0.01407	0.02898	0.57064	0.01915	0.02777	0.01468	0.13042	0.02086	0.01428	0.05873	0.03219	0.01563	0.01030	0.00632	0.00643	0.00206	0.00937	0.00550	0.00321	0.00940
4	0.01446	0.01211	0.01397	0.01007	0.01576	0.00970	0.00810	0.08247	0.01502	0.02293	0.01187	0.01360	0.00971	0.00507	0.00495	0.00105	0.00501	0.00402	0.00408	0.73607
5	0.00940	0.00626	0.00705	0.00705	0.00705	0.00626	0.00392	0.00940	0.00940	0.01253	0.02036	0.04228	0.02349	0.77292	0.03289	0.00626	0.00626	0.00940	0.00392	0.00392
6	0.01416	0.01167	0.01392	0.01076	0.03925	0.00911	0.00821	0.01755	0.03665	0.04817	0.01251	0.01416	0.01016	0.00507	0.00496	0.00107	0.00492	0.00411	0.00405	0.72954
7	0.01430	0.19345	0.46330	0.01833	0.02648	0.01755	0.13990	0.02026	0.01381	0.01935	0.01128	0.01358	0.00849	0.00588	0.00596	0.00192	0.00920	0.00498	0.00283	0.00913
8	0.01204	0.00602	0.00602	0.00602	0.00753	0.00602	0.00452	0.01506	0.01355	0.02409	0.02108	0.02409	0.01656	0.00753	0.00452	0.00151	0.00301	0.00602	0.80879	0.00602
9	0.01231	0.01160	0.01958	0.73661	0.06443	0.01438	0.01800	0.01660	0.01297	0.01664	0.01150	0.01719	0.00866	0.00644	0.00646	0.00215	0.00859	0.00574	0.00288	0.00727
10	0.00940	0.00626	0.00705	0.00705	0.00705	0.00626	0.00392	0.00940	0.00940	0.01253	0.02036	0.04228	0.02349	0.77292	0.03289	0.00626	0.00626	0.00940	0.00392	0.00392
11	0.01340	0.01148	0.01340	0.00957	0.01531	0.00861	0.00766	0.01627	0.01340	0.02105	0.01148	0.01340	0.00957	0.00479	0.00479	0.00096	0.00479	0.00383	0.00383	0.81242
12	0.01204	0.00602	0.00602	0.00602	0.00753	0.00602	0.00452	0.01506	0.01355	0.02409	0.02108	0.02409	0.01656	0.00753	0.00452	0.00151	0.00301	0.00602	0.80879	0.00602
13	0.01770	0.73088	0.03290	0.01140	0.01679	0.06999	0.01114	0.01975	0.01345	0.01524	0.00904	0.01044	0.00829	0.00560	0.00425	0.00140	0.00720	0.00350	0.00280	0.00824
14	0.00867	0.00650	0.00804	0.00784	0.00941	0.00587	0.00581	0.01122	0.01691	0.02306	0.50994	0.11870	0.21508	0.01460	0.00768	0.00212	0.00317	0.01276	0.00675	0.00587
15	0.00914	0.00660	0.00864	0.00813	0.00965	0.00610	0.00610	0.01219	0.01829	0.02591	0.72921	0.04827	0.06097	0.01321	0.00762	0.00203	0.00305	0.01169	0.00711	0.00610
16	0.02456	0.01810	0.01939	0.01487	0.02004	0.02004	0.01228	0.71107	0.03038	0.04072	0.01551	0.01551	0.01099	0.00776	0.00646	0.00194	0.00711	0.00582	0.00646	0.01099
17	0.01741	0.01121	0.01266	0.01116	0.01449	0.01198	0.00872	0.02819	0.38291	0.17817	0.07978	0.04861	0.02232	0.00910	0.00637	0.00204	0.00466	0.00761	0.13335	0.00926
18	0.01525	0.01743	0.03813	0.02723	0.03377	0.01634	0.70915	0.02070	0.01525	0.02070	0.01307	0.01743	0.00980	0.00545	0.00763	0.00218	0.01089	0.00763	0.00327	0.00871
19	0.00940	0.00626	0.00705	0.00705	0.00705	0.00626	0.00392	0.00940	0.00940	0.01253	0.02036	0.04228	0.02349	0.77292	0.03289	0.00626	0.00626	0.00940	0.00392	0.00392
20	0.01407	0.00693	0.00735	0.00686	0.00882	0.00687	0.00527	0.04273	0.01464	0.09031	0.02127	0.02357	0.01630	0.00758	0.00477	0.00157	0.00339	0.00606	0.70496	0.00667
21	0.00797	0.00567	0.00747	0.00887	0.00922	0.00531	0.00586	0.00902	0.01218	0.01623	0.03461	0.72104	0.04147	0.06963	0.00986	0.00286	0.00391	0.01778	0.00586	0.00516
22	0.01414	0.01414	0.01979	0.01696	0.01696	0.01979	0.01414	0.01555	0.00990	0.01555	0.00848	0.01414	0.00848	0.01131	0.02120	0.00283	0.76110	0.00565	0.00283	0.00707
23	0.00923	0.00692	0.01038	0.01038	0.01154	0.00808	0.00808	0.01154	0.01038	0.01500	0.01731	0.02538	0.01615	0.04846	0.74732	0.01038	0.01731	0.00692	0.00346	0.00577
24	0.02899	0.01100	0.01499	0.01150	0.01649	0.00950	0.00950	0.03149	0.01849	0.73709	0.02549	0.02199	0.01599	0.00800	0.00650	0.00200	0.00550	0.00650	0.00800	0.01100
25	0.00940	0.00626	0.00705	0.00705	0.00705	0.00626	0.00392	0.00940	0.00940	0.01253	0.02036	0.04228	0.02349	0.77292	0.03289	0.00626	0.00626	0.00940	0.00392	0.00392
26	0.01296	0.03342	0.73944	0.01842	0.02797	0.01501	0.02387	0.02046	0.01364	0.02046	0.01160	0.01364	0.00818	0.00614	0.00614	0.00205	0.00955	0.00477	0.00273	0.00955
27	0.01849	0.01479	0.01576	0.01351	0.01756	0.01681	0.01069	0.19505	0.53523	0.05214	0.02371	0.02200	0.01753	0.00850	0.00655	0.00213	0.00560	0.00693	0.00659	0.01043
28	0.01296	0.03342	0.73944	0.01842	0.02797	0.01501	0.02387	0.02046	0.01364	0.02046	0.01160	0.01364	0.00818	0.00614	0.00614	0.00205	0.00955	0.00477	0.00273	0.00955
29	0.01409	0.05500	0.62684	0.04579	0.02770	0.01504	0.04159	0.02094	0.01393	0.06261	0.01237	0.01427	0.00871	0.00622	0.00615	0.00203	0.00923	0.00495	0.00306	0.00948
30	0.01599	0.01535	0.02623	0.03966	0.73262	0.01535	0.01983	0.01983	0.01471	0.02111	0.01215	0.01599	0.01023	0.00576	0.00640	0.00192	0.00768	0.00576	0.00320	0.01023
31	0.02899	0.01100	0.01499	0.01150	0.01649	0.00950	0.00950	0.03149	0.01849	0.73709	0.02549	0.02199	0.01599	0.00800	0.00650	0.00200	0.00550	0.00650	0.00800	0.01100
32	0.01220	0.01148	0.01938	0.75739	0.04450	0.01436	0.01794	0.01651	0.01292	0.01651	0.01148	0.01723	0.00861	0.00646	0.00646	0.00215	0.00861	0.00574	0.00287	0.00718
33	0.01220	0.01128	0.01887	0.72888	0.04310	0.01404	0.01743	0.01645	0.01294	0.01680	0.01185	0.01749	0.00891	0.00650	0.00639	0.00213	0.00840	0.00575	0.03345	0.00713
34	0.02219	0.01203	0.01459	0.01229	0.01646	0.01221	0.00996	0.05645	0.28632	0.37426	0.02623	0.02724	0.01918	0.00919	0.00675	0.00216	0.00545	0.06958	0.00721	0.01024
35	0.00802	0.00590	0.00757	0.00884	0.00957	0.00544	0.00616	0.00936	0.01291	0.01685	0.04004	0.61047	0.14673	0.01948	0.00820	0.00258	0.00384	0.06673	0.00599	0.00533
36	0.00854	0.00618	0.00795	0.00914	0.00983	0.00586	0.00628	0.03505	0.01324	0.01752	0.03657	0.68211	0.08147	0.01950	0.00816	0.00258	0.00390	0.03460	0.00601	0.00549
