[name]
unknown

[dist]
# distance from previous block
# <min> <max>
0	41

[block]
# block no. 0 follows, 33 sequences, length 6
# corresponding to MSA columns:
# 49-54
name=unknown_A
#
# <colnr> <probs for GDERKNQSTAVLIFYWHMCP>
#	G	D	E	R	K	N	Q	S	T	A	V	L	I	F	Y	W	H	M	C	P
0	0.04736	0.00688	0.00791	0.00826	0.00997	0.00626	0.00607	0.01130	0.01449	0.05104	0.10763	0.30155	0.33194	0.01695	0.00783	0.00239	0.00380	0.04629	0.00620	0.00589
1	0.00897	0.00659	0.00797	0.00811	0.00925	0.00602	0.00553	0.01048	0.01373	0.01851	0.20157	0.26717	0.14653	0.20192	0.01416	0.00329	0.00426	0.01331	0.00575	0.04690
2	0.10710	0.00891	0.00981	0.00928	0.01163	0.00905	0.00695	0.01766	0.13459	0.06430	0.15555	0.18551	0.08282	0.04910	0.00805	0.00234	0.00425	0.01042	0.07999	0.04269
3	0.09625	0.01138	0.01364	0.01131	0.01541	0.01130	0.00908	0.02854	0.19433	0.37738	0.13449	0.02607	0.02361	0.00899	0.00658	0.00209	0.00506	0.00738	0.00726	0.00984
4	0.01093	0.00723	0.00872	0.00851	0.01025	0.00667	0.00617	0.01356	0.04750	0.08872	0.22696	0.20792	0.21888	0.09509	0.01048	0.00270	0.00401	0.01298	0.00642	0.00629
5	0.06646	0.00797	0.00888	0.00854	0.01026	0.00785	0.00616	0.07530	0.01566	0.02179	0.20444	0.17615	0.19252	0.15437	0.01229	0.00300	0.00442	0.01203	0.00590	0.00602

[dist]
# distance from previous block
# <min> <max>
10	27

[block]
# block no. 1 follows, 33 sequences, length 53
# corresponding to MSA columns:
# 83-135
name=unknown_B
#
# <colnr> <probs for GDERKNQSTAVLIFYWHMCP>
#	G	D	E	R	K	N	Q	S	T	A	V	L	I	F	Y	W	H	M	C	P
0	0.03637	0.01803	0.10570	0.05705	0.31671	0.06922	0.06793	0.04359	0.06700	0.04490	0.03232	0.01892	0.01287	0.00686	0.00651	0.00199	0.00794	0.02638	0.00396	0.05575
1	0.05236	0.05223	0.03647	0.06523	0.11417	0.08835	0.02966	0.08170	0.03909	0.15470	0.01614	0.03916	0.01264	0.01036	0.06295	0.00250	0.00795	0.00590	0.00476	0.12365
2	0.01550	0.01382	0.05550	0.07029	0.26483	0.04254	0.01383	0.06348	0.01709	0.08103	0.19922	0.06997	0.02601	0.00912	0.00689	0.00202	0.00640	0.00810	0.00505	0.02929
3	0.05057	0.01240	0.03436	0.01746	0.17842	0.01127	0.01129	0.06044	0.05218	0.11996	0.07975	0.10740	0.04430	0.00898	0.00644	0.00188	0.00562	0.00777	0.00523	0.18428
4	0.03836	0.09723	0.01389	0.01080	0.03577	0.01092	0.00825	0.01923	0.12030	0.11587	0.31786	0.07390	0.08895	0.01134	0.00693	0.00205	0.00446	0.00965	0.00640	0.00781
5	0.00996	0.04739	0.01043	0.00970	0.01132	0.00785	0.00697	0.01300	0.07623	0.01853	0.05197	0.54997	0.03625	0.01675	0.00760	0.00235	0.00421	0.01499	0.00577	0.09875
6	0.05586	0.04904	0.04148	0.01852	0.19988	0.03063	0.04028	0.01696	0.01538	0.07942	0.15458	0.15609	0.09302	0.01106	0.00699	0.00212	0.00578	0.00979	0.00517	0.00794
7	0.01733	0.01746	0.02276	0.11373	0.40246	0.13307	0.01697	0.05621	0.01589	0.02092	0.01192	0.01537	0.00983	0.00633	0.00686	0.00188	0.03709	0.00541	0.00346	0.08504
8	0.30402	0.22947	0.07452	0.01441	0.07935	0.12427	0.01172	0.02148	0.05065	0.02219	0.01072	0.01230	0.00876	0.00621	0.00491	0.00182	0.00722	0.00416	0.00359	0.00823
9	0.01422	0.10673	0.44731	0.02079	0.10383	0.01628	0.10090	0.02078	0.03682	0.02083	0.04205	0.01608	0.01140	0.00645	0.00632	0.00202	0.00897	0.00555	0.00321	0.00945
10	0.00964	0.00637	0.00798	0.00807	0.00835	0.00649	0.00511	0.00990	0.01031	0.01400	0.05719	0.09260	0.02479	0.47463	0.13595	0.10296	0.00763	0.00954	0.00411	0.00436
11	0.01437	0.01500	0.02856	0.12287	0.09282	0.01598	0.34472	0.01848	0.01396	0.01927	0.01432	0.05033	0.01263	0.00825	0.01032	0.00239	0.15612	0.04801	0.00346	0.00817
12	0.01686	0.02475	0.36148	0.02289	0.15215	0.01591	0.11521	0.11988	0.01710	0.07093	0.01363	0.01570	0.00988	0.00645	0.00658	0.00206	0.00895	0.00571	0.00384	0.01004
13	0.00956	0.00645	0.00753	0.00753	0.00765	0.00657	0.00442	0.00980	0.00968	0.01302	0.02042	0.04132	0.02317	0.69495	0.10615	0.00681	0.00754	0.00932	0.00394	0.00418
14	0.01406	0.01308	0.05212	0.01134	0.03915	0.00977	0.00917	0.03683	0.03162	0.02224	0.01253	0.01443	0.01022	0.00526	0.00509	0.00114	0.00524	0.00423	0.02961	0.67285
15	0.00802	0.00573	0.00764	0.00917	0.00955	0.00535	0.00611	0.00917	0.01260	0.01681	0.03628	0.76434	0.04354	0.02062	0.00840	0.00267	0.00382	0.01872	0.00611	0.00535
16	0.00848	0.00657	0.00773	0.00771	0.00939	0.00581	0.00568	0.01071	0.01627	0.02141	0.34963	0.15179	0.34353	0.01580	0.00786	0.00222	0.00330	0.01368	0.00661	0.00581
17	0.04016	0.01804	0.16566	0.05003	0.02080	0.01504	0.01371	0.24501	0.11233	0.11141	0.02011	0.10581	0.01659	0.00935	0.00674	0.00216	0.00689	0.02480	0.00568	0.00968
18	0.01578	0.01510	0.02552	0.03838	0.68435	0.01504	0.01929	0.01956	0.01499	0.02128	0.01565	0.01912	0.05340	0.00652	0.00659	0.00197	0.00755	0.00635	0.00343	0.01013
19	0.01607	0.01556	0.05333	0.01509	0.06014	0.04364	0.01155	0.03167	0.57292	0.02587	0.02659	0.02505	0.05538	0.00893	0.00669	0.00219	0.00576	0.00743	0.00613	0.01002
20	0.01295	0.01193	0.06936	0.01336	0.05788	0.02824	0.06847	0.03373	0.04720	0.07862	0.26814	0.04109	0.19059	0.01177	0.00742	0.00214	0.00537	0.03823	0.00596	0.00754
21	0.00814	0.00589	0.00773	0.00915	0.00972	0.00548	0.00627	0.00942	0.01290	0.01702	0.03831	0.67983	0.09024	0.02022	0.00840	0.00266	0.00390	0.05321	0.00611	0.00540
22	0.01856	0.01602	0.01606	0.01395	0.01796	0.06082	0.01097	0.16523	0.54023	0.02957	0.02365	0.02209	0.01766	0.00860	0.00663	0.00215	0.00601	0.00695	0.00648	0.01040
23	0.01455	0.01437	0.02125	0.08717	0.14157	0.01889	0.01575	0.01668	0.01120	0.01690	0.00956	0.01501	0.00896	0.01011	0.01767	0.00266	0.56119	0.00579	0.00295	0.00776
24	0.02346	0.06139	0.07469	0.01669	0.02084	0.58931	0.01354	0.08848	0.01921	0.01880	0.01078	0.01234	0.00872	0.00680	0.00595	0.00174	0.01108	0.00441	0.00362	0.00816
25	0.01731	0.01461	0.01541	0.01359	0.01748	0.01681	0.01065	0.10778	0.64135	0.02905	0.02560	0.02361	0.01913	0.00882	0.00669	0.00220	0.00543	0.00728	0.00669	0.01050
26	0.02878	0.01242	0.01603	0.01229	0.01741	0.01148	0.01015	0.14513	0.02088	0.61621	0.02427	0.02130	0.01544	0.00811	0.00661	0.00203	0.00588	0.00650	0.00789	0.01120
27	0.00963	0.00776	0.00928	0.00997	0.04807	0.00726	0.00690	0.02982	0.05679	0.02101	0.20504	0.16772	0.34925	0.01537	0.00775	0.00226	0.00387	0.02961	0.00627	0.00637
28	0.00940	0.00705	0.01058	0.01058	0.01176	0.00823	0.00823	0.01176	0.01058	0.01528	0.01763	0.02586	0.01646	0.04937	0.74255	0.01058	0.01763	0.00705	0.00353	0.00588
29	0.01361	0.01308	0.02072	0.58386	0.15836	0.03815	0.01816	0.01832	0.03790	0.01796	0.01229	0.01740	0.00944	0.00655	0.00655	0.00214	0.00859	0.00586	0.00313	0.00795
30	0.00957	0.00638	0.00718	0.00718	0.00718	0.00638	0.00399	0.00957	0.00957	0.01276	0.02074	0.04308	0.02393	0.76864	0.03351	0.00638	0.00638	0.00957	0.00399	0.00399
31	0.63574	0.01338	0.01296	0.01411	0.12849	0.01500	0.00951	0.04639	0.01277	0.04649	0.01037	0.01209	0.00805	0.00619	0.00463	0.00202	0.00563	0.00410	0.00414	0.00792
32	0.00802	0.00573	0.00764	0.00917	0.00955	0.00535	0.00611	0.00917	0.01260	0.01681	0.03628	0.76434	0.04354	0.02062	0.00840	0.00267	0.00382	0.01872	0.00611	0.00535
33	0.01449	0.01167	0.01374	0.00985	0.01566	0.00882	0.00790	0.01740	0.01393	0.05899	0.01245	0.01411	0.01010	0.00505	0.00497	0.00103	0.00491	0.00404	0.00412	0.76674
34	0.11049	0.11079	0.06013	0.03846	0.19285	0.10951	0.01444	0.07474	0.09139	0.02236	0.01265	0.01491	0.01029	0.00722	0.00779	0.00203	0.10190	0.00521	0.00386	0.00899
35	0.02101	0.14097	0.18214	0.01553	0.06315	0.01524	0.01432	0.04160	0.03401	0.30017	0.01721	0.01721	0.01205	0.00738	0.00733	0.00199	0.06845	0.00554	0.00516	0.02954
36	0.01894	0.31646	0.08575	0.03051	0.01960	0.13743	0.01277	0.11318	0.16294	0.02197	0.01415	0.01482	0.01124	0.00688	0.00555	0.00178	0.00773	0.00493	0.00421	0.00917
37	0.01788	0.46570	0.02892	0.01337	0.01803	0.02155	0.06368	0.05308	0.01429	0.08170	0.01190	0.01404	0.01004	0.01001	0.06379	0.00243	0.09272	0.00476	0.00358	0.00852
38	0.00913	0.00672	0.00854	0.00808	0.00972	0.00613	0.00606	0.01206	0.01819	0.02534	0.64317	0.05092	0.14370	0.01385	0.00777	0.00209	0.00313	0.01215	0.00711	0.00613
39	0.00802	0.00573	0.00764	0.00917	0.00955	0.00535	0.00611	0.00917	0.01260	0.01681	0.03628	0.76434	0.04354	0.02062	0.00840	0.00267	0.00382	0.01872	0.00611	0.00535
40	0.81514	0.01273	0.00968	0.00866	0.01273	0.01477	0.00713	0.01935	0.01120	0.02954	0.00917	0.01069	0.00713	0.00611	0.00407	0.00204	0.00509	0.00356	0.00407	0.00713
41	0.00802	0.00573	0.00764	0.00917	0.00955	0.00535	0.00611	0.00917	0.01260	0.01681	0.03628	0.76434	0.04354	0.02062	0.00840	0.00267	0.00382	0.01872	0.00611	0.00535
42	0.01365	0.01170	0.01365	0.00975	0.01560	0.00878	0.00780	0.01658	0.01365	0.02145	0.01170	0.01365	0.00975	0.00488	0.00488	0.00098	0.00488	0.00390	0.00390	0.80888
43	0.00785	0.00667	0.00677	0.00675	0.00894	0.00559	0.00506	0.00959	0.01518	0.01820	0.09851	0.06267	0.69282	0.01652	0.00778	0.00222	0.00332	0.01380	0.00617	0.00559
44	0.81514	0.01273	0.00968	0.00866	0.01273	0.01477	0.00713	0.01935	0.01120	0.02954	0.00917	0.01069	0.00713	0.00611	0.00407	0.00204	0.00509	0.00356	0.00407	0.00713
45	0.01524	0.01727	0.03759	0.02700	0.03341	0.01619	0.67565	0.02061	0.01542	0.02092	0.01424	0.04774	0.01134	0.00615	0.00779	0.00224	0.01081	0.00821	0.00344	0.00874
46	0.01440	0.01440	0.02016	0.01728	0.01728	0.02016	0.01440	0.01584	0.01008	0.01584	0.00864	0.01440	0.00864	0.01152	0.02160	0.00288	0.75659	0.00576	0.00288	0.00720
47	0.00778	0.00667	0.00667	0.00667	0.00889	0.00556	0.00500	0.00945	0.01501	0.01778	0.06669	0.06336	0.72490	0.01667	0.00778	0.00222	0.00333	0.01389	0.00611	0.00556
48	0.02182	0.01639	0.01771	0.01407	0.01866	0.01812	0.01145	0.51737	0.14003	0.03750	0.09934	0.02107	0.01851	0.00871	0.00674	0.00203	0.00644	0.00686	0.00668	0.01050
49	0.00815	0.00668	0.00718	0.00706	0.00912	0.00572	0.00529	0.01017	0.01588	0.01986	0.22531	0.05993	0.56499	0.01590	0.00778	0.00219	0.00328	0.01341	0.00639	0.00572
50	0.01653	0.01560	0.02654	0.16371	0.41040	0.01619	0.12664	0.10216	0.01667	0.02300	0.01282	0.01669	0.01015	0.00619	0.00673	0.00204	0.00844	0.00617	0.00361	0.00972
51	0.24365	0.01330	0.06158	0.01143	0.01648	0.01180	0.00999	0.02799	0.05323	0.45449	0.02045	0.01874	0.01345	0.00750	0.00590	0.00205	0.00572	0.00571	0.00659	0.00994
52	0.01562	0.01721	0.06028	0.01361	0.04408	0.20986	0.01054	0.05686	0.04624	0.02125	0.19670	0.02919	0.08036	0.07194	0.00980	0.00232	0.05213	0.00778	0.00490	0.04934

[dist]
# distance from previous block
# <min> <max>
1	8

[block]
# block no. 2 follows, 33 sequences, length 133
# corresponding to MSA columns:
# 145-277
name=unknown_C
#
# <colnr> <probs for GDERKNQSTAVLIFYWHMCP>
#	G	D	E	R	K	N	Q	S	T	A	V	L	I	F	Y	W	H	M	C	P
0	0.04996	0.34475	0.08084	0.01509	0.02016	0.30660	0.05920	0.02247	0.01556	0.01705	0.01004	0.01182	0.00851	0.00615	0.00529	0.00165	0.00935	0.00419	0.00312	0.00820
1	0.67076	0.03955	0.11852	0.01025	0.01521	0.01520	0.00982	0.01959	0.01167	0.02780	0.00956	0.01117	0.00735	0.00612	0.00440	0.00202	0.00584	0.00376	0.00384	0.00756
2	0.01647	0.01562	0.02641	0.08635	0.61292	0.01588	0.04966	0.05722	0.01576	0.02226	0.01256	0.01642	0.01034	0.00601	0.00658	0.00198	0.00800	0.00595	0.00342	0.01019
3	0.01444	0.18158	0.36362	0.01700	0.07427	0.01670	0.01754	0.02114	0.09267	0.02009	0.01427	0.01826	0.01177	0.04693	0.00738	0.00217	0.00803	0.02936	0.00349	0.03929
4	0.00831	0.00666	0.00735	0.00732	0.00921	0.00579	0.00545	0.01028	0.01561	0.01972	0.22337	0.08560	0.49375	0.04355	0.00878	0.00238	0.00348	0.03142	0.00631	0.00567
5	0.01079	0.00795	0.00978	0.00994	0.01157	0.00797	0.00755	0.05705	0.08264	0.02282	0.22589	0.28050	0.07350	0.01569	0.00789	0.00241	0.00427	0.11941	0.03577	0.00659
6	0.01243	0.01170	0.01975	0.75282	0.04534	0.01463	0.01828	0.01682	0.01316	0.01682	0.01170	0.01755	0.00878	0.00658	0.00658	0.00219	0.00878	0.00585	0.00293	0.00731
7	0.02503	0.01844	0.01976	0.01515	0.02042	0.02042	0.01251	0.70562	0.03095	0.04149	0.01581	0.01581	0.01120	0.00790	0.00659	0.00198	0.00724	0.00593	0.00659	0.01120
8	0.00940	0.00705	0.01058	0.01058	0.01176	0.00823	0.00823	0.01176	0.01058	0.01528	0.01763	0.02586	0.01646	0.04937	0.74255	0.01058	0.01763	0.00705	0.00353	0.00588
9	0.01637	0.01414	0.01489	0.01340	0.01712	0.01637	0.01042	0.03498	0.71568	0.02754	0.02679	0.02456	0.02010	0.00893	0.00670	0.00223	0.00521	0.00744	0.00670	0.01042
10	0.01365	0.01170	0.01365	0.00975	0.01560	0.00878	0.00780	0.01658	0.01365	0.02145	0.01170	0.01365	0.00975	0.00488	0.00488	0.00098	0.00488	0.00390	0.00390	0.80888
11	0.01393	0.01201	0.01255	0.01148	0.01478	0.01330	0.00888	0.02771	0.51626	0.02476	0.03815	0.03560	0.22069	0.01113	0.00701	0.00223	0.00468	0.00928	0.00653	0.00904
12	0.02457	0.01821	0.01950	0.01505	0.02024	0.02020	0.01240	0.67029	0.06702	0.04075	0.01638	0.01627	0.01166	0.00796	0.00659	0.00199	0.00714	0.00601	0.00659	0.01115
13	0.00802	0.00573	0.00764	0.00917	0.00955	0.00535	0.00611	0.00917	0.01260	0.01681	0.03628	0.76434	0.04354	0.02062	0.00840	0.00267	0.00382	0.01872	0.00611	0.00535
14	0.01760	0.77260	0.03450	0.01126	0.01690	0.02605	0.01126	0.01971	0.01338	0.01549	0.00915	0.01056	0.00845	0.00563	0.00422	0.00141	0.00704	0.00352	0.00282	0.00845
15	0.05439	0.01865	0.12635	0.01550	0.02087	0.01721	0.05971	0.33028	0.15671	0.04817	0.01724	0.01801	0.01273	0.01069	0.06087	0.00270	0.00812	0.00618	0.00552	0.01010
16	0.01637	0.58691	0.17104	0.01279	0.01901	0.02296	0.01380	0.01962	0.01357	0.01677	0.01103	0.01457	0.00998	0.00642	0.00488	0.00163	0.00752	0.03959	0.00298	0.00857
17	0.02488	0.01270	0.01543	0.01231	0.01691	0.01259	0.01001	0.15221	0.15064	0.42433	0.04970	0.02268	0.01779	0.00843	0.00659	0.00204	0.00564	0.00682	0.03762	0.01068
18	0.01375	0.01282	0.03728	0.07092	0.26404	0.01269	0.03074	0.05328	0.03502	0.02296	0.19685	0.02777	0.07183	0.00911	0.00795	0.00204	0.06037	0.00788	0.00471	0.05800
19	0.81514	0.01273	0.00968	0.00866	0.01273	0.01477	0.00713	0.01935	0.01120	0.02954	0.00917	0.01069	0.00713	0.00611	0.00407	0.00204	0.00509	0.00356	0.00407	0.00713
20	0.01244	0.01015	0.01279	0.01161	0.01316	0.04482	0.03313	0.08451	0.01306	0.01793	0.01704	0.02684	0.01640	0.19949	0.37331	0.00723	0.06991	0.00728	0.02262	0.00630
21	0.00957	0.00638	0.00718	0.00718	0.00718	0.00638	0.00399	0.00957	0.00957	0.01276	0.02074	0.04308	0.02393	0.76864	0.03351	0.00638	0.00638	0.00957	0.00399	0.00399
22	0.01396	0.16139	0.61383	0.01747	0.02649	0.01714	0.02207	0.02065	0.01381	0.01992	0.01136	0.01332	0.00836	0.00615	0.00590	0.00197	0.00927	0.00463	0.00279	0.00951
23	0.00801	0.00579	0.00758	0.00901	0.00951	0.00536	0.00604	0.00918	0.01275	0.01687	0.03818	0.72053	0.08612	0.02038	0.00836	0.00265	0.00379	0.01841	0.00611	0.00536
24	0.00802	0.00573	0.00764	0.00917	0.00955	0.00535	0.00611	0.00917	0.01260	0.01681	0.03628	0.76434	0.04354	0.02062	0.00840	0.00267	0.00382	0.01872	0.00611	0.00535
25	0.00866	0.00666	0.00792	0.00770	0.00946	0.00592	0.00574	0.01112	0.01694	0.02261	0.43704	0.08895	0.31738	0.01504	0.00780	0.00216	0.00323	0.01300	0.00675	0.00592
26	0.01629	0.01564	0.02672	0.04041	0.72757	0.01564	0.02020	0.02020	0.01499	0.02151	0.01238	0.01629	0.01043	0.00587	0.00652	0.00196	0.00782	0.00587	0.00326	0.01043
27	0.02376	0.01711	0.01853	0.01457	0.01954	0.01888	0.01192	0.53206	0.15649	0.08991	0.01859	0.01791	0.01322	0.00811	0.00661	0.00203	0.00675	0.00626	0.00672	0.01105
28	0.00940	0.00705	0.01058	0.01058	0.01176	0.00823	0.00823	0.01176	0.01058	0.01528	0.01763	0.02586	0.01646	0.04937	0.74255	0.01058	0.01763	0.00705	0.00353	0.00588
29	0.01465	0.02227	0.35167	0.01430	0.02180	0.01229	0.01581	0.02059	0.05110	0.06924	0.01351	0.01493	0.01007	0.00596	0.00574	0.00163	0.00722	0.00472	0.00381	0.33869
30	0.01696	0.01982	0.09381	0.02335	0.20228	0.16124	0.11926	0.04024	0.13387	0.02135	0.01689	0.09036	0.01467	0.00806	0.00678	0.00207	0.00848	0.00726	0.00419	0.00908
31	0.81514	0.01273	0.00968	0.00866	0.01273	0.01477	0.00713	0.01935	0.01120	0.02954	0.00917	0.01069	0.00713	0.00611	0.00407	0.00204	0.00509	0.00356	0.00407	0.00713
32	0.02278	0.02807	0.01832	0.01754	0.05797	0.61523	0.01263	0.02581	0.06529	0.01771	0.04902	0.01493	0.01219	0.00723	0.00612	0.00177	0.01074	0.00495	0.00381	0.00790
33	0.00839	0.00673	0.00751	0.00742	0.00940	0.00585	0.00563	0.01057	0.01615	0.02056	0.27064	0.05942	0.48666	0.01574	0.00784	0.00221	0.00339	0.04364	0.00647	0.00578
34	0.02503	0.01844	0.01976	0.01515	0.02042	0.02042	0.01251	0.70562	0.03095	0.04149	0.01581	0.01581	0.01120	0.00790	0.00659	0.00198	0.00724	0.00593	0.00659	0.01120
35	0.01604	0.01530	0.02563	0.08685	0.64431	0.01561	0.01956	0.02076	0.05178	0.02151	0.01310	0.01681	0.01083	0.00608	0.00653	0.00199	0.00775	0.00595	0.00342	0.01022
36	0.01119	0.00906	0.01140	0.01189	0.01312	0.04196	0.00977	0.01361	0.01417	0.01872	0.09219	0.10304	0.03335	0.06922	0.07167	0.00368	0.08727	0.37324	0.00537	0.00607
37	0.00852	0.00650	0.00720	0.00729	0.00859	0.00586	0.00499	0.00985	0.01367	0.01738	0.13708	0.12867	0.36501	0.23277	0.01524	0.00345	0.00423	0.01289	0.00565	0.00517
38	0.53078	0.01358	0.01196	0.01021	0.01449	0.05215	0.00832	0.04054	0.05207	0.18975	0.01419	0.01432	0.01010	0.00681	0.00496	0.00203	0.00563	0.00457	0.00518	0.00837
39	0.04062	0.15811	0.47387	0.01700	0.02498	0.08300	0.03466	0.05827	0.01512	0.02090	0.01138	0.01323	0.00852	0.00627	0.00586	0.00193	0.00921	0.00466	0.00310	0.00930
40	0.00829	0.00592	0.00795	0.00948	0.00998	0.00558	0.00658	0.00964	0.01287	0.01711	0.03613	0.69195	0.04295	0.02037	0.00848	0.00271	0.00405	0.08842	0.00611	0.00542
41	0.01866	0.02263	0.13973	0.04568	0.27338	0.19977	0.10231	0.04381	0.01646	0.05706	0.01263	0.01530	0.00982	0.00632	0.00649	0.00195	0.00945	0.00557	0.00357	0.00940
42	0.00779	0.00663	0.00671	0.00678	0.00892	0.00555	0.00505	0.00944	0.01490	0.01774	0.06531	0.09516	0.69399	0.01685	0.00781	0.00224	0.00336	0.01411	0.00611	0.00555
43	0.77927	0.01358	0.01008	0.00903	0.01308	0.04777	0.00738	0.01967	0.01154	0.02893	0.00921	0.01075	0.00719	0.00614	0.00416	0.00202	0.00540	0.00360	0.00404	0.00715
44	0.01728	0.71840	0.08587	0.01181	0.01775	0.02526	0.01222	0.01980	0.01341	0.01588	0.00935	0.01081	0.00844	0.00568	0.00437	0.00146	0.00724	0.00362	0.00281	0.00854
45	0.01690	0.01585	0.04299	0.08272	0.32475	0.04225	0.01573	0.12131	0.15475	0.02440	0.01610	0.01906	0.01292	0.03310	0.04616	0.00262	0.00798	0.00627	0.00442	0.00973
46	0.00787	0.00667	0.00681	0.00689	0.00905	0.00561	0.00519	0.00956	0.01495	0.01781	0.06497	0.08211	0.68704	0.01682	0.00784	0.00226	0.00343	0.03345	0.00611	0.00557
47	0.01686	0.08995	0.12174	0.04851	0.21463	0.11924	0.20272	0.02223	0.06239	0.02026	0.01290	0.01582	0.01018	0.00617	0.00654	0.00198	0.00931	0.00591	0.00341	0.00924
48	0.00957	0.00683	0.00841	0.00801	0.00982	0.00612	0.00601	0.01218	0.01740	0.04883	0.49166	0.08447	0.23741	0.01446	0.00776	0.00214	0.00329	0.01256	0.00692	0.00618
49	0.01445	0.01239	0.01884	0.32370	0.13565	0.01392	0.05192	0.07623	0.08836	0.02251	0.05270	0.02060	0.01441	0.00729	0.00643	0.00205	0.00716	0.00649	0.11660	0.00829
50	0.81514	0.01273	0.00968	0.00866	0.01273	0.01477	0.00713	0.01935	0.01120	0.02954	0.00917	0.01069	0.00713	0.00611	0.00407	0.00204	0.00509	0.00356	0.00407	0.00713
51	0.01365	0.01170	0.01365	0.00975	0.01560	0.00878	0.00780	0.01658	0.01365	0.02145	0.01170	0.01365	0.00975	0.00488	0.00488	0.00098	0.00488	0.00390	0.00390	0.80888
52	0.01649	0.01420	0.02461	0.18461	0.41218	0.01453	0.08848	0.02042	0.01498	0.09477	0.01464	0.04475	0.01186	0.00676	0.00674	0.00207	0.00798	0.00661	0.00381	0.00951
53	0.81514	0.01273	0.00968	0.00866	0.01273	0.01477	0.00713	0.01935	0.01120	0.02954	0.00917	0.01069	0.00713	0.00611	0.00407	0.00204	0.00509	0.00356	0.00407	0.00713
54	0.01424	0.01256	0.01089	0.01059	0.02957	0.16395	0.00679	0.03972	0.01277	0.04104	0.01829	0.03398	0.01955	0.53090	0.02497	0.00495	0.00759	0.00810	0.00409	0.00546
55	0.00940	0.00705	0.01058	0.01058	0.01176	0.00823	0.00823	0.01176	0.01058	0.01528	0.01763	0.02586	0.01646	0.04937	0.74255	0.01058	0.01763	0.00705	0.00353	0.00588
56	0.03447	0.15465	0.16667	0.07106	0.04578	0.07402	0.08439	0.05768	0.09542	0.02058	0.01277	0.01521	0.01015	0.00731	0.00839	0.00208	0.12148	0.00543	0.00361	0.00882
57	0.00940	0.00705	0.01058	0.01058	0.01176	0.00823	0.00823	0.01176	0.01058	0.01528	0.01763	0.02586	0.01646	0.04937	0.74255	0.01058	0.01763	0.00705	0.00353	0.00588
58	0.01585	0.02013	0.22023	0.01877	0.09146	0.04185	0.08506	0.09004	0.16211	0.04200	0.06007	0.04291	0.01772	0.00853	0.00689	0.00217	0.00768	0.05233	0.00480	0.00939
59	0.01339	0.05436	0.06558	0.18840	0.02348	0.01147	0.01158	0.01695	0.01371	0.02015	0.03698	0.01570	0.01122	0.00573	0.00545	0.00141	0.00620	0.00470	0.00365	0.48990
60	0.02376	0.04947	0.01916	0.05671	0.02162	0.66687	0.01298	0.04164	0.01851	0.01673	0.01036	0.01224	0.00856	0.00677	0.00594	0.00172	0.01147	0.00435	0.00343	0.00772
61	0.01204	0.00763	0.00914	0.00944	0.01120	0.00775	0.00772	0.05226	0.03602	0.02360	0.08939	0.06872	0.02965	0.01271	0.00691	0.00224	0.00454	0.26922	0.33331	0.00649
62	0.01459	0.01422	0.01709	0.31724	0.06497	0.13206	0.01388	0.05443	0.01429	0.01789	0.01351	0.01955	0.01150	0.05482	0.16312	0.00408	0.03896	0.00604	0.02052	0.00724
63	0.01859	0.06828	0.05433	0.02623	0.33035	0.04009	0.03418	0.18713	0.12684	0.02662	0.01514	0.01686	0.01181	0.00685	0.00641	0.00197	0.00752	0.00592	0.00454	0.01032
64	0.01417	0.03657	0.18838	0.06070	0.16916	0.01691	0.03427	0.01796	0.01294	0.01907	0.05852	0.01717	0.01257	0.00870	0.01241	0.00236	0.30043	0.00599	0.00324	0.00847
65	0.00788	0.00630	0.00705	0.00766	0.00915	0.00547	0.00544	0.00934	0.01405	0.01740	0.05460	0.34199	0.45407	0.01824	0.00803	0.00240	0.00353	0.01581	0.00611	0.00547
66	0.74288	0.01259	0.01019	0.00894	0.01311	0.01430	0.00736	0.02052	0.01191	0.09416	0.01071	0.01177	0.00797	0.00630	0.00431	0.00204	0.00514	0.00385	0.00445	0.00750
67	0.01061	0.00758	0.01061	0.01212	0.01364	0.00758	0.01061	0.01364	0.01515	0.01970	0.03486	0.07426	0.03789	0.01819	0.00909	0.00303	0.00606	0.68326	0.00606	0.00606
68	0.00840	0.00669	0.00752	0.00732	0.00927	0.00582	0.00549	0.01064	0.01646	0.02124	0.33048	0.05767	0.45896	0.01538	0.00777	0.00216	0.00324	0.01310	0.00657	0.00582
69	0.02954	0.01120	0.01528	0.01171	0.01681	0.00968	0.00968	0.03208	0.01884	0.73213	0.02597	0.02241	0.01630	0.00815	0.00662	0.00204	0.00560	0.00662	0.00815	0.01120
70	0.81514	0.01273	0.00968	0.00866	0.01273	0.01477	0.00713	0.01935	0.01120	0.02954	0.00917	0.01069	0.00713	0.00611	0.00407	0.00204	0.00509	0.00356	0.00407	0.00713
71	0.81514	0.01273	0.00968	0.00866	0.01273	0.01477	0.00713	0.01935	0.01120	0.02954	0.00917	0.01069	0.00713	0.00611	0.00407	0.00204	0.00509	0.00356	0.00407	0.00713
72	0.01755	0.01472	0.01555	0.01363	0.01756	0.01692	0.01070	0.12573	0.62302	0.02943	0.02531	0.02338	0.01889	0.00879	0.00668	0.00220	0.00549	0.00724	0.00668	0.01053
73	0.81514	0.01273	0.00968	0.00866	0.01273	0.01477	0.00713	0.01935	0.01120	0.02954	0.00917	0.01069	0.00713	0.00611	0.00407	0.00204	0.00509	0.00356	0.00407	0.00713
74	0.00779	0.00662	0.00672	0.00680	0.00893	0.00555	0.00506	0.00943	0.01488	0.01773	0.06504	0.10140	0.68792	0.01689	0.00781	0.00225	0.00336	0.01416	0.00611	0.00555
75	0.02391	0.01424	0.01643	0.01325	0.01794	0.01496	0.01073	0.22585	0.25194	0.30224	0.02333	0.02123	0.01609	0.00834	0.00664	0.00208	0.00594	0.00669	0.00722	0.01094
76	0.01365	0.01170	0.01365	0.00975	0.01560	0.00878	0.00780	0.01658	0.01365	0.02145	0.01170	0.01365	0.00975	0.00488	0.00488	0.00098	0.00488	0.00390	0.00390	0.80888
77	0.01061	0.00758	0.01061	0.01212	0.01364	0.00758	0.01061	0.01364	0.01515	0.01970	0.03486	0.07426	0.03789	0.01819	0.00909	0.00303	0.00606	0.68326	0.00606	0.00606
78	0.00942	0.00698	0.01023	0.01023	0.01128	0.00804	0.00779	0.01153	0.01048	0.01502	0.01796	0.02766	0.01724	0.12441	0.66858	0.01014	0.01646	0.00732	0.00357	0.00568
79	0.01554	0.01776	0.03885	0.02775	0.03441	0.01665	0.70366	0.02109	0.01554	0.02109	0.01332	0.01776	0.00999	0.00555	0.00777	0.00222	0.01110	0.00777	0.00333	0.00888
80	0.00791	0.00667	0.00685	0.00680	0.00897	0.00561	0.00510	0.00969	0.01531	0.01850	0.12129	0.06218	0.66986	0.01641	0.00778	0.00221	0.00332	0.01373	0.00621	0.00561
81	0.00941	0.00716	0.00894	0.00971	0.01150	0.00669	0.00809	0.01191	0.01535	0.01944	0.09742	0.06817	0.30856	0.01725	0.00848	0.00264	0.00478	0.37245	0.00617	0.00588
82	0.01609	0.01544	0.02636	0.07708	0.69245	0.01559	0.02011	0.02003	0.01490	0.02127	0.01235	0.01636	0.01034	0.00590	0.00652	0.00197	0.00787	0.00586	0.00324	0.01027
83	0.02856	0.01278	0.01625	0.01246	0.01759	0.01201	0.01029	0.17862	0.02148	0.58188	0.02376	0.02097	0.01519	0.00809	0.00661	0.00202	0.00596	0.00647	0.00781	0.01120
84	0.00778	0.00667	0.00667	0.00667	0.00889	0.00556	0.00500	0.00945	0.01501	0.01778	0.06669	0.06336	0.72490	0.01667	0.00778	0.00222	0.00333	0.01389	0.00611	0.00556
85	0.02118	0.01035	0.01389	0.01150	0.01458	0.01040	0.00912	0.04449	0.01569	0.39689	0.04725	0.02586	0.01811	0.12984	0.11094	0.00394	0.09380	0.00720	0.00621	0.00875
86	0.01857	0.07113	0.05808	0.04273	0.02027	0.06334	0.08964	0.12112	0.08701	0.14549	0.02176	0.07727	0.01894	0.01002	0.00705	0.00222	0.00725	0.12365	0.00554	0.00892
87	0.02094	0.38677	0.02631	0.01423	0.01860	0.37741	0.01207	0.02283	0.01587	0.01580	0.00964	0.01132	0.00847	0.00637	0.00557	0.00159	0.03116	0.00394	0.00310	0.00801
88	0.01397	0.08885	0.04117	0.01017	0.01588	0.01087	0.00869	0.03656	0.01423	0.02117	0.01526	0.01675	0.05766	0.00588	0.00510	0.00117	0.00523	0.00463	0.00398	0.62278
89	0.02008	0.01860	0.02162	0.07811	0.17866	0.18009	0.06096	0.09977	0.05313	0.10337	0.01409	0.01631	0.01085	0.00750	0.00849	0.00208	0.10699	0.00579	0.00433	0.00921
90	0.01760	0.77260	0.03450	0.01126	0.01690	0.02605	0.01126	0.01971	0.01338	0.01549	0.00915	0.01056	0.00845	0.00563	0.00422	0.00141	0.00704	0.00352	0.00282	0.00845
91	0.01582	0.01506	0.02085	0.09400	0.30938	0.05378	0.03158	0.02365	0.21914	0.02196	0.03501	0.02034	0.01470	0.03539	0.00862	0.00228	0.05814	0.00657	0.00435	0.00939
92	0.01637	0.01414	0.01489	0.01340	0.01712	0.01637	0.01042	0.03498	0.71568	0.02754	0.02679	0.02456	0.02010	0.00893	0.00670	0.00223	0.00521	0.00744	0.00670	0.01042
93	0.01541	0.01818	0.12781	0.09919	0.47501	0.01564	0.11218	0.02011	0.01475	0.02094	0.01237	0.01626	0.00993	0.00594	0.00665	0.00203	0.00862	0.00598	0.00317	0.00984
94	0.00923	0.00673	0.00867	0.00819	0.00978	0.00617	0.00614	0.01224	0.01842	0.02588	0.68468	0.05003	0.10186	0.01365	0.00777	0.00208	0.00312	0.01202	0.00718	0.00617
95	0.02025	0.01599	0.01645	0.01351	0.01734	0.05512	0.01066	0.38630	0.17424	0.03180	0.01857	0.02168	0.01493	0.11942	0.01086	0.00267	0.02652	0.00670	0.02743	0.00955
96	0.00818	0.00590	0.00765	0.00894	0.00949	0.00549	0.00604	0.00939	0.01280	0.01694	0.05234	0.64272	0.09047	0.06073	0.00973	0.00284	0.00397	0.03503	0.00602	0.00533
97	0.00849	0.00654	0.00776	0.00779	0.00941	0.00581	0.00571	0.01070	0.01619	0.02138	0.34841	0.17411	0.32210	0.01593	0.00788	0.00223	0.00332	0.01383	0.00661	0.00581
98	0.00944	0.00693	0.00994	0.00994	0.01090	0.00788	0.00744	0.01135	0.01039	0.01481	0.01821	0.02908	0.01786	0.18378	0.61005	0.00980	0.01553	0.00752	0.00361	0.00552
99	0.76236	0.01263	0.01005	0.00886	0.01301	0.01443	0.00730	0.02021	0.01172	0.07674	0.01030	0.01148	0.00775	0.00625	0.00425	0.00204	0.00513	0.00377	0.00435	0.00740
100	0.02470	0.02823	0.01892	0.01652	0.02037	0.56692	0.01267	0.19126	0.02164	0.02227	0.01154	0.01283	0.00914	0.00706	0.00609	0.00176	0.01075	0.00465	0.00417	0.00850
101	0.01246	0.01120	0.01969	0.01543	0.01893	0.01071	0.25040	0.04165	0.04336	0.02451	0.34019	0.07207	0.03644	0.01031	0.00750	0.00212	0.00617	0.01005	0.05939	0.00743
102	0.01746	0.01517	0.05555	0.01433	0.01796	0.01624	0.03304	0.15096	0.31588	0.05907	0.02070	0.04839	0.01623	0.00922	0.00892	0.00224	0.12256	0.00707	0.05946	0.00953
103	0.01327	0.03051	0.61552	0.02059	0.10713	0.01482	0.02284	0.02017	0.01408	0.02076	0.01477	0.01678	0.04632	0.00676	0.00636	0.00208	0.00917	0.00545	0.00301	0.00959
104	0.01563	0.23211	0.39619	0.01655	0.05501	0.01793	0.01819	0.07080	0.01528	0.04278	0.01482	0.01618	0.04781	0.00681	0.00583	0.00189	0.00825	0.00516	0.00344	0.00934
105	0.01715	0.59589	0.16415	0.01296	0.01924	0.06177	0.01378	0.02027	0.01375	0.01652	0.00970	0.01125	0.00843	0.00581	0.00469	0.00155	0.00780	0.00381	0.00284	0.00864
106	0.00792	0.00663	0.00690	0.00703	0.00909	0.00562	0.00526	0.00963	0.01496	0.01804	0.08444	0.11030	0.64027	0.01688	0.00786	0.00227	0.00343	0.03174	0.00615	0.00558
107	0.00818	0.00580	0.00759	0.00896	0.00930	0.00546	0.00589	0.00921	0.01229	0.01638	0.03466	0.68897	0.04149	0.09879	0.01103	0.00306	0.00409	0.01776	0.00589	0.00521
108	0.00812	0.00580	0.00775	0.00927	0.00970	0.00543	0.00628	0.00933	0.01270	0.01691	0.03623	0.73907	0.04333	0.02054	0.00843	0.00269	0.00390	0.04305	0.00611	0.00537
109	0.01596	0.01531	0.02613	0.10112	0.66943	0.01556	0.02004	0.01992	0.01483	0.02111	0.01232	0.01640	0.01029	0.00593	0.00652	0.00198	0.00790	0.00586	0.00323	0.01016
110	0.01896	0.08423	0.02404	0.02797	0.39969	0.06373	0.04179	0.02230	0.01574	0.14738	0.01519	0.01861	0.01212	0.00670	0.00635	0.00190	0.00753	0.03046	0.00424	0.05108
111	0.01355	0.07340	0.66497	0.01876	0.02813	0.01593	0.05444	0.02080	0.01395	0.02057	0.01174	0.01389	0.00842	0.00619	0.00621	0.00205	0.00965	0.00492	0.00281	0.00962
112	0.00800	0.00583	0.00754	0.00891	0.00948	0.00537	0.00600	0.00920	0.01285	0.01691	0.03944	0.69157	0.11428	0.02021	0.00834	0.00263	0.00377	0.01821	0.00611	0.00537
113	0.01707	0.68421	0.11828	0.01216	0.01828	0.02476	0.01283	0.01985	0.01344	0.01613	0.00947	0.01096	0.00844	0.00571	0.00447	0.00149	0.00736	0.00368	0.00281	0.00860
114	0.02112	0.10304	0.13224	0.10545	0.06094	0.01473	0.01403	0.09670	0.05246	0.28577	0.03667	0.01890	0.01376	0.00740	0.00631	0.00199	0.00701	0.00596	0.00553	0.00997
115	0.00874	0.00651	0.00792	0.00875	0.00988	0.00605	0.00643	0.01028	0.01345	0.01714	0.04302	0.29355	0.24862	0.12907	0.01206	0.00316	0.00453	0.15969	0.00579	0.00537
116	0.01063	0.00693	0.00895	0.00831	0.01005	0.00639	0.00628	0.01371	0.01829	0.06457	0.63432	0.04590	0.05629	0.01274	0.00747	0.00203	0.00324	0.01119	0.06622	0.00648
117	0.02061	0.02061	0.26080	0.03639	0.11152	0.01395	0.06303	0.09214	0.01754	0.27169	0.01733	0.01771	0.01179	0.00699	0.00656	0.00205	0.00787	0.00593	0.00513	0.01036
118	0.04761	0.01564	0.06717	0.08699	0.05626	0.01525	0.07563	0.24653	0.06952	0.10890	0.01936	0.04337	0.01585	0.00900	0.00695	0.00220	0.00729	0.09144	0.00555	0.00949
119	0.01672	0.01769	0.02236	0.28353	0.31747	0.17468	0.01776	0.02025	0.01504	0.01855	0.01157	0.01572	0.00938	0.00645	0.00677	0.00200	0.02675	0.00550	0.00316	0.00865
120	0.01365	0.01170	0.01365	0.00975	0.01560	0.00878	0.00780	0.01658	0.01365	0.02145	0.01170	0.01365	0.00975	0.00488	0.00488	0.00098	0.00488	0.00390	0.00390	0.80888
121	0.14488	0.28863	0.19183	0.01356	0.01967	0.05796	0.01389	0.12114	0.03651	0.03991	0.01171	0.01289	0.00914	0.00640	0.00524	0.00180	0.00756	0.00442	0.00383	0.00902
122	0.01554	0.01776	0.03885	0.02775	0.03441	0.01665	0.70366	0.02109	0.01554	0.02109	0.01332	0.01776	0.00999	0.00555	0.00777	0.00222	0.01110	0.00777	0.00333	0.00888
123	0.00934	0.00642	0.00711	0.00711	0.00740	0.00628	0.00412	0.00956	0.01027	0.01341	0.02663	0.04568	0.11374	0.67230	0.03021	0.00585	0.00599	0.01013	0.00426	0.00419
124	0.01696	0.01675	0.02400	0.08116	0.48630	0.08399	0.01803	0.04605	0.05337	0.02123	0.01269	0.01622	0.01052	0.00676	0.00787	0.00205	0.07703	0.00579	0.00352	0.00969
125	0.00903	0.00720	0.00815	0.00782	0.00986	0.00657	0.00589	0.01246	0.06367	0.02220	0.35061	0.05457	0.38861	0.01475	0.00770	0.00216	0.00336	0.01259	0.00665	0.00617
126	0.01102	0.00939	0.01319	0.07905	0.01564	0.01136	0.01000	0.01389	0.03906	0.01823	0.15025	0.08918	0.04683	0.04524	0.22572	0.00495	0.19731	0.00879	0.00443	0.00647
127	0.00965	0.00742	0.01106	0.01092	0.01203	0.00883	0.00854	0.01196	0.01056	0.01531	0.01718	0.02529	0.01607	0.04748	0.70651	0.01020	0.05458	0.00699	0.00349	0.00594
128	0.00874	0.00629	0.00862	0.00987	0.01061	0.00616	0.00724	0.01049	0.01313	0.01762	0.06498	0.51061	0.04005	0.02327	0.09637	0.00366	0.00587	0.14499	0.00584	0.00559
129	0.00830	0.00603	0.00783	0.00878	0.00957	0.00556	0.00605	0.00993	0.01415	0.01906	0.19517	0.54971	0.09808	0.01870	0.00821	0.00250	0.00362	0.01681	0.00637	0.00556
130	0.01731	0.72298	0.08153	0.01177	0.01768	0.02533	0.01214	0.01979	0.01341	0.01585	0.00933	0.01078	0.00844	0.00567	0.00436	0.00145	0.00722	0.00361	0.00281	0.00853
131	0.01757	0.04358	0.02408	0.10665	0.44954	0.06756	0.01758	0.10329	0.06399	0.02323	0.01342	0.01641	0.01079	0.00645	0.00642	0.00196	0.00793	0.00578	0.00385	0.00993
132	0.01460	0.01084	0.01281	0.00996	0.01465	0.00903	0.00787	0.01892	0.08372	0.09760	0.10329	0.04606	0.05644	0.00776	0.00585	0.00146	0.00466	0.00648	0.00521	0.48278

[dist]
# distance from previous block
# <min> <max>
1	6

[block]
# block no. 3 follows, 33 sequences, length 23
# corresponding to MSA columns:
# 284-306
name=unknown_D
#
# <colnr> <probs for GDERKNQSTAVLIFYWHMCP>
#	G	D	E	R	K	N	Q	S	T	A	V	L	I	F	Y	W	H	M	C	P
0	0.01516	0.23421	0.41121	0.01860	0.07976	0.03712	0.05186	0.02111	0.03736	0.01954	0.01165	0.01365	0.00901	0.00612	0.00580	0.00189	0.00881	0.00478	0.00300	0.00936
1	0.09270	0.28472	0.09700	0.01481	0.04418	0.09773	0.05831	0.04074	0.09759	0.04554	0.02749	0.01536	0.01162	0.00837	0.03594	0.00217	0.00805	0.00506	0.00391	0.00872
2	0.01144	0.00572	0.00858	0.00858	0.00858	0.00572	0.00572	0.00858	0.00858	0.01144	0.01144	0.02001	0.01144	0.02287	0.02573	0.80846	0.00572	0.00572	0.00286	0.00286
3	0.01674	0.08106	0.30149	0.01801	0.09402	0.03619	0.01695	0.05329	0.19047	0.08291	0.03365	0.01812	0.01356	0.00725	0.00631	0.00204	0.00765	0.00585	0.00454	0.00992
4	0.81514	0.01273	0.00968	0.00866	0.01273	0.01477	0.00713	0.01935	0.01120	0.02954	0.00917	0.01069	0.00713	0.00611	0.00407	0.00204	0.00509	0.00356	0.00407	0.00713
5	0.57956	0.01593	0.09564	0.01356	0.08796	0.01536	0.01086	0.07338	0.01345	0.02866	0.01032	0.01203	0.00792	0.00624	0.00477	0.00203	0.00607	0.00413	0.00404	0.00808
6	0.00958	0.00729	0.00873	0.00833	0.01017	0.00681	0.00624	0.03333	0.04453	0.02402	0.45881	0.09840	0.23036	0.01443	0.00773	0.00215	0.00342	0.01252	0.00684	0.00630
7	0.81514	0.01273	0.00968	0.00866	0.01273	0.01477	0.00713	0.01935	0.01120	0.02954	0.00917	0.01069	0.00713	0.00611	0.00407	0.00204	0.00509	0.00356	0.00407	0.00713
8	0.00941	0.00702	0.01042	0.01042	0.01154	0.00814	0.00803	0.01165	0.01053	0.01516	0.01778	0.02668	0.01681	0.08348	0.70893	0.01038	0.01710	0.00717	0.00355	0.00579
9	0.00861	0.00670	0.00782	0.00754	0.00940	0.00591	0.00566	0.01106	0.01697	0.02245	0.42296	0.05567	0.36571	0.01493	0.00777	0.00214	0.00321	0.01282	0.00673	0.00591
10	0.01705	0.01448	0.01527	0.01353	0.01738	0.01669	0.01058	0.08752	0.66203	0.02863	0.02593	0.02388	0.01940	0.00885	0.00669	0.00221	0.00537	0.00732	0.00669	0.01048
11	0.01764	0.04248	0.10662	0.03703	0.13885	0.01252	0.07760	0.05350	0.01610	0.17943	0.04294	0.09822	0.01663	0.00820	0.00656	0.00194	0.00682	0.00731	0.00496	0.12465
12	0.01782	0.46623	0.23304	0.01347	0.02021	0.02093	0.01482	0.02157	0.01420	0.10587	0.01200	0.01299	0.00939	0.00612	0.00510	0.00168	0.00763	0.00429	0.00347	0.00916
13	0.00877	0.00668	0.00810	0.00829	0.00975	0.00614	0.00601	0.01145	0.04039	0.02129	0.31945	0.26430	0.23261	0.01629	0.00792	0.00230	0.00345	0.01430	0.00659	0.00593
14	0.00985	0.00724	0.00961	0.01084	0.01239	0.00700	0.00916	0.01246	0.01490	0.01909	0.04096	0.13327	0.16736	0.01812	0.00879	0.00285	0.00535	0.49880	0.00608	0.00590
15	0.01618	0.01921	0.15435	0.11544	0.41327	0.06773	0.01926	0.02059	0.01513	0.04998	0.03783	0.01710	0.01178	0.00645	0.00648	0.00200	0.00832	0.00581	0.00348	0.00962
16	0.01439	0.10716	0.48310	0.02163	0.12842	0.01661	0.07417	0.02109	0.03563	0.02060	0.01219	0.01452	0.00914	0.00616	0.00621	0.00201	0.00914	0.00517	0.00302	0.00965
17	0.01355	0.01246	0.01792	0.06270	0.10182	0.01577	0.01327	0.03898	0.04088	0.01775	0.01332	0.04049	0.01250	0.03471	0.17747	0.00445	0.36444	0.00660	0.00347	0.00744
18	0.00813	0.00594	0.00761	0.00889	0.00953	0.00549	0.00606	0.00937	0.01290	0.01690	0.03958	0.62692	0.12924	0.04498	0.00919	0.00275	0.00392	0.04122	0.00604	0.00535
19	0.01506	0.01166	0.01380	0.00992	0.01571	0.00886	0.00797	0.01795	0.01411	0.08433	0.01296	0.01443	0.01033	0.00516	0.00503	0.00107	0.00494	0.00414	0.00428	0.73831
20	0.02459	0.01479	0.01716	0.01497	0.06862	0.05806	0.01126	0.23712	0.06033	0.33092	0.07564	0.02151	0.01762	0.00828	0.00665	0.00200	0.00643	0.00667	0.00688	0.01049
21	0.04303	0.01331	0.01449	0.01092	0.01631	0.06694	0.00876	0.03857	0.01572	0.20302	0.01525	0.01571	0.01128	0.00597	0.00542	0.00136	0.00567	0.00466	0.00502	0.49858
22	0.07123	0.08193	0.17404	0.01786	0.11620	0.03641	0.01487	0.08781	0.15531	0.13223	0.01685	0.01728	0.01237	0.00728	0.00660	0.00203	0.02923	0.00569	0.00490	0.00991

[dist]
# distance from previous block
# <min> <max>
1	3

[block]
# block no. 4 follows, 33 sequences, length 41
# corresponding to MSA columns:
# 310-350
name=unknown_E
#
# <colnr> <probs for GDERKNQSTAVLIFYWHMCP>
#	G	D	E	R	K	N	Q	S	T	A	V	L	I	F	Y	W	H	M	C	P
0	0.38237	0.07636	0.01692	0.01540	0.10847	0.14130	0.01093	0.11631	0.01609	0.04577	0.01113	0.01264	0.00871	0.00646	0.00514	0.00191	0.00708	0.00439	0.00421	0.00842
1	0.01338	0.01035	0.01125	0.01013	0.01254	0.05892	0.00776	0.05243	0.11985	0.07007	0.47888	0.04011	0.06419	0.01183	0.00736	0.00207	0.00438	0.01016	0.00690	0.00746
2	0.01554	0.01776	0.03885	0.02775	0.03441	0.01665	0.70366	0.02109	0.01554	0.02109	0.01332	0.01776	0.00999	0.00555	0.00777	0.00222	0.01110	0.00777	0.00333	0.00888
3	0.00804	0.00611	0.00743	0.00846	0.00949	0.00550	0.00592	0.00943	0.01350	0.01724	0.04628	0.50603	0.26850	0.01922	0.00822	0.00254	0.00375	0.04279	0.00611	0.00544
4	0.00802	0.00573	0.00764	0.00917	0.00955	0.00535	0.00611	0.00917	0.01260	0.01681	0.03628	0.76434	0.04354	0.02062	0.00840	0.00267	0.00382	0.01872	0.00611	0.00535
5	0.00844	0.00647	0.00774	0.00791	0.00942	0.00576	0.00575	0.01055	0.01585	0.02093	0.31781	0.22708	0.29977	0.01636	0.00792	0.00227	0.00336	0.01428	0.00656	0.00576
6	0.01227	0.00614	0.00614	0.00614	0.00767	0.00614	0.00460	0.01534	0.01381	0.02454	0.02148	0.02454	0.01687	0.00767	0.00460	0.00153	0.00307	0.00614	0.80518	0.00614
7	0.81514	0.01273	0.00968	0.00866	0.01273	0.01477	0.00713	0.01935	0.01120	0.02954	0.00917	0.01069	0.00713	0.00611	0.00407	0.00204	0.00509	0.00356	0.00407	0.00713
8	0.01365	0.01170	0.01365	0.00975	0.01560	0.00878	0.00780	0.01658	0.01365	0.02145	0.01170	0.01365	0.00975	0.00488	0.00488	0.00098	0.00488	0.00390	0.00390	0.80888
9	0.01299	0.01117	0.01391	0.10699	0.01896	0.00924	0.00902	0.01595	0.01349	0.02043	0.01389	0.08110	0.01264	0.00650	0.00541	0.00129	0.00529	0.00548	0.00397	0.63228
10	0.16669	0.01182	0.01493	0.22816	0.02398	0.01176	0.01103	0.01945	0.01381	0.12583	0.01332	0.01552	0.00993	0.00609	0.00548	0.00169	0.00617	0.00481	0.00427	0.30528
11	0.01053	0.00752	0.01051	0.01203	0.01351	0.00751	0.01046	0.01350	0.01507	0.01961	0.03490	0.09636	0.03807	0.01826	0.00907	0.00302	0.00599	0.66198	0.00606	0.00604
12	0.00932	0.00673	0.00880	0.00828	0.00984	0.00621	0.00621	0.01242	0.01863	0.02640	0.72410	0.04918	0.06212	0.01346	0.00776	0.00207	0.00311	0.01191	0.00725	0.00621
13	0.08237	0.01697	0.01838	0.01418	0.01933	0.01844	0.01171	0.55762	0.02776	0.14191	0.01682	0.01641	0.01165	0.00781	0.00641	0.00199	0.00685	0.00586	0.00663	0.01091
14	0.02468	0.01651	0.01823	0.01413	0.01905	0.01783	0.01155	0.53890	0.05058	0.15139	0.01807	0.01855	0.01297	0.04673	0.00797	0.00222	0.00687	0.00628	0.00671	0.01080
15	0.01206	0.00808	0.00985	0.00891	0.01121	0.00763	0.00684	0.04334	0.06143	0.09359	0.46327	0.04635	0.17575	0.01304	0.00754	0.00210	0.00369	0.01125	0.00706	0.00703
16	0.01549	0.01482	0.02527	0.18876	0.58550	0.01543	0.01980	0.01950	0.01461	0.02053	0.01224	0.01656	0.01008	0.00601	0.00653	0.00200	0.00802	0.00586	0.00319	0.00978
17	0.01337	0.01266	0.02144	0.57988	0.21096	0.01487	0.01875	0.01764	0.01361	0.01796	0.01187	0.01725	0.00918	0.00641	0.00657	0.00214	0.00854	0.00585	0.00301	0.00807
18	0.02064	0.01920	0.01586	0.01401	0.01746	0.27595	0.01100	0.17528	0.07443	0.07983	0.01964	0.04441	0.03658	0.01199	0.05693	0.00259	0.00884	0.06855	0.03833	0.00847
19	0.02568	0.01168	0.01495	0.01185	0.01645	0.01096	0.00965	0.08231	0.10230	0.52741	0.09271	0.02474	0.02078	0.00873	0.00674	0.00206	0.00544	0.00717	0.00777	0.01063
20	0.00963	0.00723	0.00898	0.00845	0.01023	0.00683	0.00636	0.01363	0.06590	0.02551	0.60242	0.04909	0.13384	0.01351	0.00769	0.00210	0.00328	0.01182	0.00708	0.00643
21	0.02396	0.12550	0.03752	0.01286	0.01793	0.01571	0.01102	0.17060	0.15091	0.33312	0.02118	0.01948	0.01459	0.00783	0.00627	0.00197	0.00619	0.00613	0.00663	0.01061
