[name]
unknown

[dist]
# distance from previous block
# <min> <max>
0	20

[block]
# block no. 0 follows, 29 sequences, length 46
# corresponding to MSA columns:
# 20-65
name=unknown_A
#
# <colnr> <probs for GDERKNQSTAVLIFYWHMCP>
#	G	D	E	R	K	N	Q	S	T	A	V	L	I	F	Y	W	H	M	C	P
0	0.07268	0.01492	0.10960	0.01546	0.09009	0.04696	0.01227	0.04023	0.01738	0.04217	0.18191	0.04327	0.13544	0.03676	0.00869	0.00254	0.00641	0.10948	0.00574	0.00800
1	0.01703	0.01793	0.07122	0.03649	0.53441	0.04318	0.01987	0.02179	0.04181	0.02288	0.01563	0.06815	0.01391	0.00761	0.00709	0.00214	0.00824	0.00716	0.00388	0.03960
2	0.01327	0.00664	0.00664	0.00664	0.00830	0.00664	0.00498	0.01659	0.01493	0.02655	0.02323	0.02655	0.01825	0.00830	0.00498	0.00166	0.00332	0.00664	0.78928	0.00664
3	0.37688	0.02127	0.21680	0.01666	0.02341	0.01618	0.14247	0.02263	0.01438	0.07063	0.01275	0.01483	0.00931	0.00668	0.00602	0.00226	0.00822	0.00534	0.00413	0.00916
4	0.00868	0.00722	0.00758	0.00749	0.00978	0.00612	0.00562	0.01073	0.01686	0.02072	0.17257	0.06608	0.60108	0.01748	0.00841	0.00238	0.00357	0.01468	0.00681	0.00612
5	0.01327	0.00664	0.00664	0.00664	0.00830	0.00664	0.00498	0.01659	0.01493	0.02655	0.02323	0.02655	0.01825	0.00830	0.00498	0.00166	0.00332	0.00664	0.78928	0.00664
6	0.07488	0.01977	0.12010	0.08202	0.07376	0.08109	0.09309	0.07812	0.01606	0.02277	0.01506	0.09373	0.01375	0.00981	0.01080	0.00248	0.17222	0.00755	0.00406	0.00885
7	0.03974	0.12624	0.30774	0.01769	0.08292	0.01560	0.01740	0.02167	0.03784	0.08721	0.06687	0.06682	0.06453	0.00917	0.00683	0.00219	0.00784	0.00749	0.00458	0.00963
8	0.09353	0.05123	0.11736	0.02289	0.14719	0.18258	0.11126	0.06063	0.01807	0.08516	0.03476	0.01721	0.01230	0.00719	0.00677	0.00211	0.00957	0.00603	0.00437	0.00979
9	0.01681	0.34784	0.16442	0.01347	0.01955	0.01947	0.01385	0.02035	0.01506	0.05842	0.04173	0.04276	0.05805	0.00822	0.00671	0.00186	0.04379	0.00605	0.00402	0.09757
10	0.13551	0.01507	0.01709	0.01333	0.01857	0.01537	0.01092	0.27121	0.02352	0.31969	0.02076	0.02036	0.01428	0.03658	0.00781	0.00232	0.00665	0.00645	0.00725	0.03727
11	0.01704	0.01701	0.02695	0.11913	0.47383	0.06569	0.07390	0.02108	0.01612	0.02184	0.01514	0.07146	0.01353	0.00766	0.00728	0.00221	0.00886	0.00742	0.00373	0.01013
12	0.01017	0.00763	0.01144	0.01144	0.01272	0.00890	0.00890	0.01272	0.01144	0.01653	0.01907	0.02797	0.01780	0.05340	0.72153	0.01144	0.01907	0.00763	0.00381	0.00636
13	0.01687	0.01615	0.02754	0.16850	0.58645	0.01672	0.02148	0.02119	0.01586	0.02234	0.01326	0.01787	0.01096	0.00648	0.00706	0.00216	0.00865	0.00634	0.00346	0.01067
14	0.01327	0.00664	0.00664	0.00664	0.00830	0.00664	0.00498	0.01659	0.01493	0.02655	0.02323	0.02655	0.01825	0.00830	0.00498	0.00166	0.00332	0.00664	0.78928	0.00664
15	0.01477	0.01266	0.01477	0.01055	0.01687	0.00949	0.00844	0.01793	0.01477	0.02320	0.01266	0.01477	0.01055	0.00527	0.00527	0.00105	0.00527	0.00422	0.00422	0.79328
16	0.01787	0.01680	0.02754	0.06171	0.61353	0.01714	0.02077	0.04837	0.06145	0.02438	0.01454	0.01823	0.01195	0.00667	0.00707	0.00214	0.00828	0.00646	0.00390	0.01121
17	0.01430	0.00762	0.00773	0.00736	0.00932	0.00778	0.00561	0.06585	0.01631	0.02790	0.02277	0.02585	0.01780	0.00831	0.00514	0.00169	0.00365	0.00662	0.73135	0.00704
18	0.45846	0.01532	0.03900	0.03903	0.01763	0.01621	0.01018	0.15923	0.01755	0.10621	0.01421	0.01625	0.01072	0.04445	0.00705	0.00243	0.00645	0.00521	0.00535	0.00904
19	0.00963	0.00768	0.00938	0.00996	0.04491	0.00686	0.00688	0.01223	0.01786	0.02356	0.34939	0.09353	0.35007	0.01611	0.00837	0.00234	0.00377	0.01390	0.00701	0.00658
20	0.01479	0.01449	0.02251	0.55153	0.11961	0.05182	0.03814	0.01922	0.01477	0.01902	0.01261	0.01827	0.00975	0.00709	0.00749	0.00229	0.02957	0.00622	0.00328	0.03751
21	0.01017	0.00763	0.01144	0.01144	0.01272	0.00890	0.00890	0.01272	0.01144	0.01653	0.01907	0.02797	0.01780	0.05340	0.72153	0.01144	0.01907	0.00763	0.00381	0.00636
22	0.01327	0.00664	0.00664	0.00664	0.00830	0.00664	0.00498	0.01659	0.01493	0.02655	0.02323	0.02655	0.01825	0.00830	0.00498	0.00166	0.00332	0.00664	0.78928	0.00664
23	0.02707	0.01995	0.02137	0.01638	0.02208	0.02208	0.01353	0.68159	0.03348	0.04488	0.01710	0.01710	0.01211	0.00855	0.00712	0.00214	0.00784	0.00641	0.00712	0.01211
24	0.00868	0.00620	0.00826	0.00991	0.01033	0.00578	0.00661	0.00991	0.01363	0.01818	0.03925	0.74510	0.04710	0.02231	0.00909	0.00289	0.00413	0.02024	0.00661	0.00578
25	0.04745	0.01319	0.01876	0.04781	0.20137	0.01276	0.01325	0.04498	0.06240	0.29103	0.10749	0.02624	0.03863	0.00890	0.00717	0.00217	0.00641	0.00766	0.00657	0.03577
26	0.01327	0.00664	0.00664	0.00664	0.00830	0.00664	0.00498	0.01659	0.01493	0.02655	0.02323	0.02655	0.01825	0.00830	0.00498	0.00166	0.00332	0.00664	0.78928	0.00664
27	0.01023	0.00742	0.01037	0.01037	0.01127	0.00832	0.00756	0.01202	0.01113	0.01573	0.02006	0.03343	0.02017	0.25731	0.52086	0.01011	0.01551	0.00843	0.00396	0.00576
28	0.01807	0.01777	0.02847	0.04244	0.67116	0.05214	0.02145	0.02218	0.01641	0.02297	0.01327	0.01738	0.01117	0.00639	0.00702	0.00210	0.00868	0.00626	0.00353	0.01113
29	0.02265	0.41015	0.02913	0.01513	0.02006	0.35911	0.01294	0.02472	0.01720	0.01707	0.01043	0.01210	0.00915	0.00669	0.00545	0.00167	0.01011	0.00418	0.00334	0.00872
30	0.01873	0.04422	0.30121	0.01690	0.04493	0.04236	0.01723	0.07939	0.08625	0.13892	0.02254	0.04809	0.06486	0.00888	0.00700	0.00221	0.00809	0.00715	0.00522	0.03581
31	0.03728	0.07091	0.32143	0.01898	0.07450	0.05124	0.06351	0.02209	0.06180	0.04366	0.07605	0.04383	0.06675	0.00882	0.00704	0.00222	0.00853	0.00740	0.00439	0.00956
32	0.01621	0.01526	0.02573	0.10387	0.55886	0.01550	0.01980	0.02023	0.01604	0.02269	0.05018	0.07171	0.01652	0.00798	0.00727	0.00220	0.00799	0.00767	0.00393	0.01034
33	0.01643	0.01590	0.02178	0.01852	0.01895	0.02183	0.01543	0.06635	0.01258	0.01919	0.00992	0.01569	0.00955	0.01217	0.02216	0.00304	0.68273	0.00624	0.00341	0.00811
34	0.01538	0.01604	0.06856	0.05462	0.13091	0.10225	0.03820	0.06507	0.01919	0.02555	0.27343	0.03376	0.07630	0.01057	0.00752	0.00216	0.00691	0.00912	0.03601	0.00845
35	0.01681	0.09797	0.02350	0.01780	0.01890	0.02254	0.01505	0.06681	0.01297	0.01915	0.00998	0.01523	0.00953	0.01147	0.02008	0.00287	0.60171	0.00598	0.00340	0.00826
36	0.01809	0.27625	0.12096	0.01906	0.13024	0.09049	0.01522	0.02425	0.11927	0.02120	0.01586	0.01724	0.03121	0.00717	0.00602	0.00188	0.00808	0.00549	0.00401	0.06801
37	0.01746	0.13376	0.32843	0.02055	0.07546	0.09291	0.08623	0.02391	0.05769	0.04776	0.01495	0.04305	0.01192	0.00745	0.00673	0.00214	0.00964	0.00617	0.00380	0.00997
38	0.01552	0.01626	0.11830	0.03947	0.02173	0.01339	0.11605	0.09952	0.09361	0.05242	0.13112	0.10562	0.07146	0.01126	0.00780	0.00235	0.00711	0.03318	0.00583	0.03800
39	0.04772	0.06697	0.24204	0.01831	0.07451	0.06208	0.04971	0.02515	0.11506	0.09878	0.06281	0.02186	0.03898	0.00815	0.00684	0.00215	0.00814	0.00671	0.00490	0.03914
40	0.04356	0.04501	0.19459	0.01707	0.04163	0.04187	0.07837	0.07312	0.10433	0.11339	0.08361	0.02725	0.06137	0.00933	0.00727	0.00228	0.00782	0.03272	0.00553	0.00988
41	0.01939	0.01875	0.10210	0.04558	0.08956	0.06766	0.03734	0.10804	0.17982	0.09597	0.04087	0.05858	0.01749	0.00878	0.00707	0.00216	0.00754	0.00739	0.00568	0.08023
42	0.01873	0.09566	0.20453	0.04424	0.16127	0.05350	0.05218	0.09567	0.06883	0.06350	0.01596	0.01914	0.01247	0.00751	0.00683	0.00213	0.00876	0.02708	0.00444	0.03760
43	0.01607	0.10183	0.13074	0.04058	0.07559	0.04108	0.03383	0.02315	0.14830	0.06465	0.08236	0.10584	0.05695	0.01029	0.00713	0.00221	0.00701	0.00875	0.00533	0.03827
44	0.08104	0.12602	0.11710	0.01751	0.08874	0.01703	0.06134	0.06479	0.14722	0.02546	0.05746	0.02359	0.07267	0.00848	0.00663	0.00209	0.00715	0.00702	0.00494	0.06371
45	0.04748	0.11022	0.10231	0.01994	0.15543	0.01548	0.05174	0.04691	0.06330	0.10051	0.09067	0.05055	0.04028	0.00868	0.00684	0.00208	0.00711	0.00745	0.00513	0.06788

[dist]
# distance from previous block
# <min> <max>
0	26

[block]
# block no. 1 follows, 29 sequences, length 8
# corresponding to MSA columns:
# 92-99
name=unknown_B
#
# <colnr> <probs for GDERKNQSTAVLIFYWHMCP>
#	G	D	E	R	K	N	Q	S	T	A	V	L	I	F	Y	W	H	M	C	P
0	0.05015	0.14805	0.10650	0.01925	0.15549	0.04260	0.01432	0.06509	0.05207	0.02399	0.05705	0.07514	0.01813	0.00880	0.00651	0.00202	0.00720	0.02656	0.04072	0.08036
1	0.02238	0.04930	0.02036	0.04156	0.15876	0.08049	0.01366	0.15442	0.04608	0.18397	0.05314	0.04190	0.03558	0.00919	0.00715	0.00216	0.00744	0.03500	0.00607	0.03138
2	0.07530	0.05076	0.19136	0.01597	0.02200	0.06007	0.06658	0.07959	0.12140	0.06164	0.05043	0.02496	0.06332	0.00891	0.00695	0.00220	0.00786	0.03102	0.00516	0.05454
3	0.04509	0.07394	0.15384	0.04925	0.10419	0.06247	0.03208	0.02424	0.09322	0.10298	0.01766	0.05166	0.01412	0.00821	0.00737	0.00213	0.04162	0.00658	0.04281	0.06654
4	0.05479	0.01847	0.07282	0.04492	0.16795	0.12073	0.01424	0.05307	0.09658	0.07402	0.05668	0.04419	0.06551	0.00886	0.00692	0.00210	0.00763	0.00732	0.00511	0.07809
5	0.06347	0.05389	0.11934	0.01887	0.11407	0.01634	0.03652	0.09881	0.10536	0.04720	0.07991	0.02074	0.01726	0.00826	0.00798	0.00211	0.06418	0.00656	0.00500	0.11412
6	0.00958	0.00724	0.00992	0.01220	0.06453	0.00681	0.00763	0.01124	0.01449	0.01948	0.10514	0.54576	0.08385	0.05434	0.01010	0.00293	0.00449	0.01764	0.00638	0.00625
7	0.01956	0.01561	0.02311	0.08053	0.32505	0.04500	0.04718	0.05469	0.07313	0.13472	0.07162	0.04269	0.01833	0.00829	0.00729	0.00221	0.00772	0.00754	0.00525	0.01048

[dist]
# distance from previous block
# <min> <max>
0	3

[block]
# block no. 2 follows, 29 sequences, length 34
# corresponding to MSA columns:
# 103-136
name=unknown_C
#
# <colnr> <probs for GDERKNQSTAVLIFYWHMCP>
#	G	D	E	R	K	N	Q	S	T	A	V	L	I	F	Y	W	H	M	C	P
0	0.01057	0.03895	0.01082	0.01127	0.05309	0.00809	0.00702	0.01148	0.01235	0.01644	0.02881	0.29210	0.06003	0.29616	0.06939	0.04287	0.00671	0.01318	0.00504	0.00564
1	0.07670	0.31733	0.07888	0.01533	0.02062	0.23474	0.03993	0.05483	0.01689	0.02006	0.01155	0.01375	0.00979	0.00962	0.05023	0.00240	0.01017	0.00470	0.00360	0.00886
2	0.01913	0.14686	0.15283	0.12580	0.08206	0.08928	0.09318	0.07716	0.05873	0.06707	0.01465	0.01693	0.01109	0.00709	0.00670	0.00211	0.00931	0.00593	0.00418	0.00991
3	0.00971	0.00774	0.00870	0.00876	0.01088	0.00706	0.00666	0.03937	0.01670	0.02096	0.11246	0.14241	0.45295	0.02017	0.05297	0.00306	0.00501	0.06152	0.00656	0.00636
4	0.01156	0.00790	0.01114	0.01100	0.01217	0.00876	0.00821	0.01351	0.01210	0.05956	0.02247	0.12488	0.02263	0.15635	0.44704	0.00870	0.04145	0.00965	0.00455	0.00637
5	0.01742	0.04961	0.10220	0.07382	0.05004	0.05881	0.37051	0.05380	0.01708	0.04356	0.01566	0.06322	0.01287	0.00766	0.00822	0.00234	0.03172	0.00802	0.00399	0.00943
6	0.10093	0.04644	0.20164	0.01908	0.08378	0.20406	0.01655	0.10029	0.08206	0.02512	0.01513	0.04647	0.01230	0.00798	0.00658	0.00213	0.00931	0.00602	0.00440	0.00971
7	0.02304	0.06531	0.02029	0.01561	0.02051	0.08870	0.01263	0.33748	0.27624	0.03484	0.02048	0.01985	0.01522	0.00869	0.00694	0.00217	0.00749	0.00668	0.00658	0.01124
8	0.01952	0.10773	0.01935	0.01342	0.05302	0.01376	0.01047	0.09323	0.01772	0.13384	0.01528	0.01624	0.01170	0.00635	0.00578	0.00147	0.00614	0.00498	0.00508	0.44493
9	0.01484	0.02738	0.40422	0.15974	0.06439	0.01672	0.14502	0.02222	0.03687	0.02202	0.01360	0.01704	0.00994	0.00677	0.00716	0.00230	0.01035	0.00618	0.00330	0.00991
10	0.00861	0.00646	0.00799	0.00921	0.01014	0.00584	0.00630	0.00999	0.01431	0.01845	0.04780	0.56913	0.21755	0.02120	0.00891	0.00277	0.00399	0.01889	0.00661	0.00584
11	0.01584	0.01656	0.03249	0.26834	0.17385	0.01706	0.32768	0.02107	0.01583	0.02135	0.01362	0.01882	0.01046	0.00644	0.00770	0.00233	0.01046	0.00730	0.00344	0.00937
12	0.04094	0.09154	0.52016	0.05402	0.02977	0.01784	0.06255	0.02188	0.01472	0.02187	0.01234	0.01509	0.00913	0.00701	0.00760	0.00226	0.05281	0.00539	0.00311	0.00998
13	0.00868	0.00620	0.00826	0.00991	0.01033	0.00578	0.00661	0.00991	0.01363	0.01818	0.03925	0.74510	0.04710	0.02231	0.00909	0.00289	0.00413	0.02024	0.00661	0.00578
14	0.00868	0.00620	0.00826	0.00991	0.01033	0.00578	0.00661	0.00991	0.01363	0.01818	0.03925	0.74510	0.04710	0.02231	0.00909	0.00289	0.00413	0.02024	0.00661	0.00578
15	0.06928	0.01717	0.02834	0.16384	0.26884	0.04527	0.19320	0.04063	0.06002	0.02354	0.01430	0.01827	0.01119	0.00673	0.00723	0.00225	0.00937	0.00676	0.00388	0.00987
16	0.01145	0.00950	0.01388	0.01315	0.01412	0.01194	0.01047	0.01376	0.01132	0.01667	0.01678	0.02505	0.01581	0.04376	0.55713	0.00948	0.18807	0.00730	0.00365	0.00669
17	0.02614	0.03307	0.02062	0.01964	0.05695	0.68516	0.01417	0.02810	0.01998	0.01773	0.01113	0.01309	0.00928	0.00729	0.00645	0.00185	0.01262	0.00468	0.00366	0.00841
18	0.01771	0.01530	0.01610	0.01449	0.01852	0.01771	0.01127	0.03784	0.69247	0.02979	0.02898	0.02657	0.02174	0.00966	0.00725	0.00242	0.00564	0.00805	0.00725	0.01127
19	0.01008	0.00728	0.00952	0.00896	0.01064	0.00672	0.00672	0.01344	0.02016	0.02855	0.70158	0.05319	0.06719	0.01456	0.00840	0.00224	0.00336	0.01288	0.00784	0.00672
20	0.01762	0.01692	0.02890	0.04371	0.70533	0.01692	0.02185	0.02185	0.01621	0.02326	0.01339	0.01762	0.01128	0.00634	0.00705	0.00211	0.00846	0.00634	0.00352	0.01128
21	0.01034	0.00696	0.00807	0.00807	0.00818	0.00707	0.00470	0.01055	0.01045	0.01403	0.02215	0.04504	0.02521	0.69156	0.09351	0.00728	0.00792	0.01013	0.00427	0.00449
22	0.01558	0.01558	0.02181	0.01869	0.01869	0.02181	0.01558	0.01714	0.01091	0.01714	0.00935	0.01558	0.00935	0.01246	0.02337	0.00312	0.73672	0.00623	0.00312	0.00779
23	0.00868	0.00620	0.00826	0.00991	0.01033	0.00578	0.00661	0.00991	0.01363	0.01818	0.03925	0.74510	0.04710	0.02231	0.00909	0.00289	0.00413	0.02024	0.00661	0.00578
24	0.05647	0.08189	0.01951	0.01442	0.01812	0.03818	0.01201	0.04623	0.07126	0.30638	0.01954	0.02009	0.01419	0.01171	0.04752	0.00285	0.19708	0.00647	0.00603	0.01005
25	0.01706	0.01648	0.02855	0.13056	0.59113	0.01683	0.05196	0.02143	0.01599	0.02260	0.01335	0.01787	0.01103	0.00643	0.00712	0.00216	0.00875	0.00644	0.00348	0.01077
26	0.01008	0.00728	0.00952	0.00896	0.01064	0.00672	0.00672	0.01344	0.02016	0.02855	0.70158	0.05319	0.06719	0.01456	0.00840	0.00224	0.00336	0.01288	0.00784	0.00672
27	0.01084	0.00841	0.01233	0.01201	0.01317	0.01014	0.00944	0.01331	0.01152	0.01696	0.01823	0.02665	0.01695	0.04753	0.62335	0.01023	0.09217	0.00745	0.03279	0.00651
28	0.01491	0.01415	0.02401	0.49082	0.27940	0.01621	0.02050	0.01948	0.01493	0.01997	0.01292	0.01851	0.01012	0.00685	0.00709	0.00228	0.00913	0.00633	0.00329	0.00909
29	0.00842	0.00721	0.00721	0.00721	0.00962	0.00601	0.00541	0.01022	0.01623	0.01924	0.07213	0.06853	0.70244	0.01803	0.00842	0.00240	0.00361	0.01503	0.00661	0.00601
30	0.00868	0.00620	0.00826	0.00991	0.01033	0.00578	0.00661	0.00991	0.01363	0.01818	0.03925	0.74510	0.04710	0.02231	0.00909	0.00289	0.00413	0.02024	0.00661	0.00578
31	0.07540	0.01915	0.01764	0.01695	0.07739	0.17537	0.01228	0.16524	0.16723	0.05397	0.02100	0.02334	0.03630	0.00899	0.00680	0.00216	0.00778	0.03655	0.06665	0.00981
32	0.05811	0.01474	0.01617	0.01355	0.01778	0.01606	0.01081	0.22723	0.25999	0.10242	0.15687	0.02798	0.02668	0.01006	0.00729	0.00226	0.00589	0.00821	0.00735	0.01054
33	0.20023	0.16665	0.05501	0.07430	0.04754	0.09710	0.01319	0.15799	0.07817	0.02785	0.01367	0.01513	0.01063	0.00729	0.00590	0.00205	0.00790	0.00518	0.00465	0.00955

[dist]
# distance from previous block
# <min> <max>
0	8

[block]
# block no. 3 follows, 29 sequences, length 43
# corresponding to MSA columns:
# 145-187
name=unknown_D
#
# <colnr> <probs for GDERKNQSTAVLIFYWHMCP>
#	G	D	E	R	K	N	Q	S	T	A	V	L	I	F	Y	W	H	M	C	P
0	0.12057	0.25624	0.04393	0.01412	0.01937	0.13465	0.01234	0.20963	0.04990	0.02783	0.01354	0.01461	0.01070	0.00731	0.00576	0.00190	0.00808	0.00501	0.03482	0.00969
1	0.27465	0.01385	0.05192	0.01176	0.01588	0.01348	0.00996	0.11635	0.04676	0.09862	0.05826	0.09905	0.04156	0.03867	0.00776	0.00250	0.00599	0.05354	0.00591	0.03353
2	0.04937	0.11544	0.06446	0.02031	0.07979	0.19127	0.12537	0.12675	0.03841	0.05037	0.01432	0.01666	0.01124	0.01011	0.05302	0.00265	0.01045	0.00596	0.00440	0.00966
3	0.01246	0.00906	0.01169	0.01253	0.01431	0.00924	0.01021	0.08287	0.04176	0.02310	0.03573	0.27279	0.03916	0.01896	0.00924	0.00301	0.00592	0.37424	0.00666	0.00707
4	0.02502	0.02304	0.01995	0.01656	0.02133	0.22346	0.01314	0.36123	0.16412	0.03386	0.01776	0.01780	0.01322	0.00842	0.00694	0.00211	0.00883	0.00622	0.00615	0.01082
5	0.02344	0.01794	0.02051	0.01701	0.04601	0.04390	0.04872	0.33181	0.20367	0.09767	0.02050	0.02011	0.01487	0.00842	0.00710	0.00216	0.00738	0.00683	0.00670	0.05526
6	0.01598	0.29223	0.47230	0.01741	0.02635	0.02068	0.02128	0.02211	0.01483	0.02049	0.01175	0.01375	0.00906	0.00653	0.00598	0.00199	0.00949	0.00474	0.00302	0.01003
7	0.04521	0.01068	0.01320	0.01241	0.01540	0.01063	0.01012	0.12946	0.01948	0.15897	0.05416	0.17666	0.06816	0.01547	0.00841	0.00269	0.00593	0.22745	0.00707	0.00844
8	0.01709	0.01675	0.02995	0.16015	0.42916	0.01715	0.15443	0.04672	0.01665	0.02312	0.01361	0.01816	0.01090	0.00649	0.00734	0.00222	0.00933	0.00676	0.00362	0.01038
9	0.01631	0.02042	0.14432	0.23802	0.27523	0.06151	0.09981	0.02143	0.01576	0.02123	0.01304	0.01746	0.01018	0.00667	0.00714	0.00223	0.00981	0.00629	0.00335	0.00977
10	0.01618	0.02192	0.15779	0.06634	0.03674	0.01763	0.52996	0.02251	0.01636	0.02251	0.01403	0.01847	0.01042	0.00620	0.00805	0.00237	0.01161	0.00774	0.00347	0.00967
11	0.00868	0.00620	0.00826	0.00991	0.01033	0.00578	0.00661	0.00991	0.01363	0.01818	0.03925	0.74510	0.04710	0.02231	0.00909	0.00289	0.00413	0.02024	0.00661	0.00578
12	0.03195	0.01212	0.01652	0.01267	0.01818	0.01047	0.01047	0.03470	0.02038	0.71026	0.02809	0.02424	0.01763	0.00881	0.00716	0.00220	0.00606	0.00716	0.00881	0.01212
13	0.01012	0.00783	0.00914	0.00881	0.01086	0.00723	0.00659	0.03185	0.04427	0.02473	0.36684	0.11451	0.29873	0.01614	0.00838	0.00236	0.00373	0.01392	0.00724	0.00670
14	0.02007	0.65614	0.03498	0.01302	0.01878	0.12238	0.01240	0.02229	0.01524	0.01684	0.01005	0.01162	0.00914	0.00626	0.00482	0.00157	0.00833	0.00391	0.00313	0.00902
15	0.01017	0.00763	0.01144	0.01144	0.01272	0.00890	0.00890	0.01272	0.01144	0.01653	0.01907	0.02797	0.01780	0.05340	0.72153	0.01144	0.01907	0.00763	0.00381	0.00636
16	0.00868	0.00620	0.00826	0.00991	0.01033	0.00578	0.00661	0.00991	0.01363	0.01818	0.03925	0.74510	0.04710	0.02231	0.00909	0.00289	0.00413	0.02024	0.00661	0.00578
17	0.02660	0.03394	0.02018	0.01834	0.02201	0.72116	0.01376	0.02843	0.02018	0.01743	0.01101	0.01284	0.00917	0.00734	0.00642	0.00183	0.01284	0.00459	0.00367	0.00825
18	0.01810	0.01459	0.01569	0.01412	0.01804	0.01659	0.01096	0.03608	0.61226	0.07191	0.02950	0.06660	0.02290	0.01031	0.00734	0.00243	0.00558	0.00868	0.00731	0.01102
19	0.00880	0.00629	0.00841	0.01006	0.01052	0.00589	0.00683	0.01013	0.01376	0.01832	0.03918	0.71556	0.04682	0.02219	0.00912	0.00291	0.00424	0.04856	0.00661	0.00582
20	0.01305	0.01212	0.02027	0.67242	0.04582	0.01498	0.01868	0.01750	0.01419	0.01819	0.01487	0.07948	0.01263	0.00838	0.00728	0.00242	0.00905	0.00749	0.00345	0.00773
21	0.01083	0.00922	0.04431	0.01157	0.01336	0.00940	0.00943	0.01427	0.03785	0.01778	0.01951	0.02791	0.01786	0.07251	0.59530	0.00995	0.01683	0.00758	0.04784	0.00668
22	0.80005	0.01377	0.01047	0.00936	0.01377	0.01597	0.00771	0.02093	0.01212	0.03195	0.00991	0.01157	0.00771	0.00661	0.00441	0.00220	0.00551	0.00386	0.00441	0.00771
23	0.80005	0.01377	0.01047	0.00936	0.01377	0.01597	0.00771	0.02093	0.01212	0.03195	0.00991	0.01157	0.00771	0.00661	0.00441	0.00220	0.00551	0.00386	0.00441	0.00771
24	0.00922	0.00750	0.00829	0.00796	0.01032	0.00639	0.00597	0.01150	0.01710	0.02190	0.23549	0.08621	0.47032	0.01655	0.00826	0.00230	0.00365	0.01404	0.00681	0.05021
25	0.01558	0.01558	0.02181	0.01869	0.01869	0.02181	0.01558	0.01714	0.01091	0.01714	0.00935	0.01558	0.00935	0.01246	0.02337	0.00312	0.73672	0.00623	0.00312	0.00779
26	0.01192	0.01058	0.03327	0.01350	0.01483	0.01217	0.03457	0.01429	0.01164	0.01718	0.01695	0.02619	0.01615	0.10754	0.41881	0.00811	0.18434	0.00750	0.03375	0.00673
27	0.02660	0.03394	0.02018	0.01834	0.02201	0.72116	0.01376	0.02843	0.02018	0.01743	0.01101	0.01284	0.00917	0.00734	0.00642	0.00183	0.01284	0.00459	0.00367	0.00825
28	0.01428	0.03683	0.71286	0.02030	0.03082	0.01654	0.02631	0.02255	0.01503	0.02255	0.01278	0.01503	0.00902	0.00677	0.00677	0.00226	0.01052	0.00526	0.00301	0.01052
29	0.03195	0.01212	0.01652	0.01267	0.01818	0.01047	0.01047	0.03470	0.02038	0.71026	0.02809	0.02424	0.01763	0.00881	0.00716	0.00220	0.00606	0.00716	0.00881	0.01212
30	0.00877	0.00718	0.00774	0.00769	0.00986	0.00615	0.00573	0.01087	0.01693	0.02112	0.20116	0.09469	0.54237	0.01750	0.00844	0.00239	0.00358	0.01481	0.00687	0.00615
31	0.01428	0.03683	0.71286	0.02030	0.03082	0.01654	0.02631	0.02255	0.01503	0.02255	0.01278	0.01503	0.00902	0.00677	0.00677	0.00226	0.01052	0.00526	0.00301	0.01052
32	0.01451	0.07067	0.68099	0.01991	0.03023	0.01709	0.02564	0.02249	0.01501	0.02228	0.01264	0.01486	0.00903	0.00673	0.00666	0.00222	0.01039	0.00519	0.00301	0.01046
33	0.01036	0.00690	0.00777	0.00777	0.00777	0.00690	0.00431	0.01036	0.01036	0.01381	0.02244	0.04660	0.02589	0.74975	0.03624	0.00690	0.00690	0.01036	0.00431	0.00431
34	0.01327	0.00664	0.00664	0.00664	0.00830	0.00664	0.00498	0.01659	0.01493	0.02655	0.02323	0.02655	0.01825	0.00830	0.00498	0.00166	0.00332	0.00664	0.78928	0.00664
35	0.04458	0.02184	0.14848	0.02771	0.03535	0.01770	0.55054	0.02270	0.01635	0.02310	0.01398	0.01826	0.01041	0.00615	0.00800	0.00237	0.01153	0.00774	0.00354	0.00968
36	0.00917	0.00771	0.00840	0.00852	0.01060	0.00706	0.00645	0.01155	0.03672	0.01947	0.06257	0.14777	0.53988	0.01817	0.00910	0.00254	0.03169	0.04987	0.00650	0.00624
37	0.01586	0.01026	0.01164	0.01060	0.01283	0.01071	0.00778	0.14681	0.06608	0.07150	0.02549	0.16726	0.02460	0.19060	0.04149	0.00371	0.00618	0.01027	0.15866	0.00768
38	0.01084	0.00716	0.00924	0.01013	0.01121	0.00671	0.00704	0.03538	0.01518	0.06313	0.06826	0.60744	0.08035	0.02041	0.00883	0.00277	0.00432	0.01833	0.00682	0.00646
39	0.04074	0.14802	0.21776	0.04088	0.12636	0.01801	0.09192	0.06927	0.01726	0.11714	0.01566	0.01875	0.01195	0.00732	0.00673	0.00214	0.00880	0.02655	0.00439	0.01035
40	0.01497	0.01387	0.02320	0.09800	0.44180	0.01401	0.03541	0.01863	0.01559	0.02163	0.02117	0.15513	0.04034	0.01039	0.00766	0.00236	0.00761	0.04443	0.00431	0.00951
41	0.00876	0.00638	0.00826	0.00959	0.01028	0.00588	0.00650	0.01021	0.01438	0.01907	0.09289	0.62819	0.11075	0.02131	0.00897	0.00280	0.00402	0.01919	0.00670	0.00588
42	0.01813	0.09668	0.26384	0.08606	0.04676	0.13146	0.03951	0.09771	0.03637	0.02306	0.01450	0.05500	0.01200	0.00816	0.00749	0.00219	0.04121	0.00631	0.00395	0.00960

[dist]
# distance from previous block
# <min> <max>
0	11

# created by:
# /home/berkeley/.conda/envs/busco_data_prod/bin/msa2prfl.pl pipeline/OGs_align_augustus/4893/20251.fs
