[name]
unknown

[dist]
# distance from previous block
# <min> <max>
0	24

[block]
# block no. 0 follows, 32 sequences, length 14
# corresponding to MSA columns:
# 24-37
name=unknown_A
#
# <colnr> <probs for GDERKNQSTAVLIFYWHMCP>
#	G	D	E	R	K	N	Q	S	T	A	V	L	I	F	Y	W	H	M	C	P
0	0.14207	0.01097	0.01188	0.01107	0.01380	0.01168	0.00873	0.13508	0.08971	0.02501	0.02535	0.10527	0.05237	0.12919	0.01131	0.00303	0.00581	0.16149	0.00560	0.04059
1	0.07414	0.01746	0.01740	0.01411	0.01871	0.07729	0.01137	0.38750	0.15520	0.06366	0.06173	0.01948	0.01606	0.00833	0.00655	0.00203	0.00685	0.00639	0.00634	0.02941
2	0.18094	0.12159	0.01943	0.03357	0.01882	0.09147	0.04193	0.19838	0.09746	0.07028	0.01550	0.03330	0.01224	0.02911	0.00669	0.00211	0.00717	0.00574	0.00510	0.00916
3	0.00816	0.00660	0.00710	0.00737	0.00911	0.00571	0.00529	0.00971	0.01462	0.01796	0.08510	0.19304	0.52128	0.06649	0.00976	0.00262	0.00369	0.01471	0.00613	0.00555
4	0.00858	0.00677	0.00879	0.08653	0.01338	0.00651	0.00720	0.01025	0.01364	0.01743	0.04358	0.47418	0.24201	0.01831	0.00818	0.00254	0.00428	0.01623	0.00589	0.00573
5	0.02083	0.01547	0.01748	0.01545	0.06891	0.01665	0.01151	0.36869	0.15742	0.07520	0.02296	0.02353	0.07147	0.04681	0.00815	0.00228	0.00648	0.00715	0.00632	0.03722
6	0.01916	0.01495	0.04662	0.01798	0.02294	0.03769	0.26396	0.04579	0.06252	0.20577	0.06735	0.04557	0.01771	0.00809	0.00752	0.00215	0.02713	0.00777	0.07007	0.00926
7	0.01852	0.70850	0.03385	0.01195	0.01751	0.08420	0.01160	0.02064	0.01407	0.01584	0.00941	0.01087	0.00861	0.00584	0.00445	0.00146	0.00758	0.00365	0.00292	0.00854
8	0.00793	0.00680	0.00680	0.00680	0.00906	0.00566	0.00510	0.00963	0.01529	0.01813	0.06797	0.06457	0.71961	0.01699	0.00793	0.00227	0.00340	0.01416	0.00623	0.00566
9	0.01781	0.01448	0.01544	0.01366	0.01760	0.01655	0.01069	0.06895	0.64127	0.06395	0.02670	0.02447	0.01983	0.00901	0.00682	0.00225	0.00543	0.00747	0.00690	0.01070
10	0.08994	0.15165	0.04345	0.01956	0.05288	0.01839	0.25918	0.02397	0.15806	0.04528	0.01529	0.01733	0.01186	0.00695	0.00749	0.00212	0.05686	0.00636	0.00419	0.00918
11	0.05253	0.15417	0.01676	0.01096	0.01437	0.01302	0.04299	0.08570	0.04561	0.02346	0.16179	0.14644	0.09384	0.01128	0.00663	0.00200	0.00522	0.00955	0.04169	0.06200
12	0.04063	0.06261	0.01418	0.01121	0.01486	0.07155	0.00879	0.06595	0.23233	0.02312	0.03156	0.05181	0.19018	0.04175	0.00773	0.00218	0.00561	0.00841	0.00556	0.10996
13	0.01722	0.10742	0.07777	0.04059	0.01850	0.08813	0.01197	0.14142	0.09087	0.04585	0.02359	0.02522	0.12785	0.04626	0.00954	0.00231	0.08957	0.00712	0.00485	0.02395

[dist]
# distance from previous block
# <min> <max>
0	10

[block]
# block no. 1 follows, 32 sequences, length 16
# corresponding to MSA columns:
# 48-63
name=unknown_B
#
# <colnr> <probs for GDERKNQSTAVLIFYWHMCP>
#	G	D	E	R	K	N	Q	S	T	A	V	L	I	F	Y	W	H	M	C	P
0	0.06216	0.01198	0.01395	0.04002	0.01657	0.01206	0.00933	0.09551	0.16879	0.20416	0.08971	0.02739	0.06802	0.05276	0.00820	0.00227	0.00546	0.00753	0.00643	0.09770
1	0.07079	0.06342	0.01758	0.01371	0.01708	0.03335	0.12544	0.04223	0.06060	0.09427	0.02467	0.31951	0.02512	0.01255	0.00723	0.00227	0.00617	0.01135	0.00545	0.04721
2	0.22797	0.02198	0.08315	0.01434	0.01926	0.22184	0.01231	0.21959	0.02024	0.08051	0.01311	0.01394	0.00966	0.00712	0.00583	0.00196	0.00827	0.00488	0.00488	0.00917
3	0.08630	0.11310	0.11460	0.01341	0.01895	0.01679	0.01239	0.23366	0.07628	0.09185	0.03910	0.04291	0.01420	0.00780	0.00608	0.00191	0.00669	0.00601	0.00536	0.09262
4	0.01403	0.01345	0.01845	0.47564	0.05973	0.06746	0.01563	0.01951	0.08439	0.01947	0.06189	0.01997	0.01396	0.00726	0.00659	0.00207	0.00801	0.00624	0.00381	0.08243
5	0.15513	0.19155	0.23511	0.01396	0.01982	0.05928	0.01460	0.04439	0.05848	0.02198	0.01402	0.01861	0.01186	0.01031	0.05550	0.00260	0.00850	0.05193	0.00378	0.00860
6	0.01800	0.01760	0.07143	0.13948	0.07594	0.05246	0.14346	0.18263	0.06637	0.04708	0.01573	0.05433	0.01262	0.00807	0.00811	0.00221	0.06359	0.00698	0.00457	0.00933
7	0.01159	0.00920	0.01391	0.01334	0.03158	0.00898	0.09944	0.03591	0.07465	0.04521	0.03265	0.46188	0.06291	0.01642	0.00817	0.00256	0.00538	0.05333	0.00592	0.00695
8	0.00876	0.00666	0.00796	0.00838	0.00981	0.00603	0.00616	0.01067	0.01511	0.01960	0.19336	0.22682	0.29489	0.07274	0.01016	0.00274	0.00399	0.08416	0.00631	0.00569
9	0.01167	0.03444	0.01276	0.11303	0.04259	0.05655	0.00934	0.01483	0.05698	0.01845	0.11549	0.12771	0.11197	0.09015	0.12313	0.03183	0.00780	0.00993	0.00484	0.00649
10	0.01625	0.09308	0.24059	0.12417	0.20881	0.08185	0.07510	0.04527	0.01550	0.02069	0.01204	0.01519	0.00938	0.00631	0.00641	0.00201	0.00924	0.00545	0.00322	0.00943
11	0.02893	0.01205	0.01581	0.01226	0.01736	0.01096	0.01008	0.07153	0.06694	0.63978	0.02593	0.02260	0.01657	0.00834	0.00675	0.00209	0.00578	0.00676	0.00811	0.01136
12	0.00928	0.00667	0.00909	0.00948	0.01015	0.00714	0.00667	0.01072	0.01102	0.01527	0.02359	0.21455	0.02575	0.23744	0.36368	0.00760	0.01133	0.01086	0.00438	0.00533
13	0.01697	0.07317	0.18785	0.05912	0.05954	0.10411	0.13653	0.04270	0.03903	0.06941	0.01580	0.07149	0.01310	0.00789	0.00718	0.00210	0.03490	0.00680	0.04344	0.00888
14	0.02451	0.05001	0.01985	0.04363	0.02160	0.49298	0.01307	0.21035	0.02207	0.02350	0.01197	0.01337	0.00941	0.00718	0.00620	0.00182	0.01054	0.00483	0.00431	0.00879
15	0.01702	0.17593	0.33582	0.01490	0.02188	0.01615	0.01658	0.07154	0.01618	0.11666	0.05013	0.05972	0.01467	0.00779	0.00618	0.00196	0.00774	0.00614	0.00433	0.03870

[dist]
# distance from previous block
# <min> <max>
5	11

[block]
# block no. 2 follows, 32 sequences, length 53
# corresponding to MSA columns:
# 77-129
name=unknown_C
#
# <colnr> <probs for GDERKNQSTAVLIFYWHMCP>
#	G	D	E	R	K	N	Q	S	T	A	V	L	I	F	Y	W	H	M	C	P
0	0.09138	0.16890	0.02123	0.01710	0.11615	0.15742	0.03613	0.05764	0.06416	0.07575	0.01624	0.08664	0.01420	0.00815	0.00600	0.00192	0.00750	0.00647	0.03831	0.00872
1	0.03528	0.00994	0.01000	0.05694	0.01332	0.08271	0.00750	0.01397	0.01604	0.03871	0.22093	0.11982	0.24281	0.03628	0.00822	0.00231	0.00490	0.02608	0.04789	0.00634
2	0.06492	0.01448	0.13362	0.01185	0.01569	0.03722	0.03203	0.06219	0.03711	0.07562	0.13839	0.11659	0.14589	0.07343	0.00937	0.00255	0.00596	0.00994	0.00554	0.00759
3	0.01549	0.23027	0.32999	0.01929	0.05191	0.01895	0.15252	0.02191	0.06072	0.02028	0.01264	0.01482	0.00974	0.00623	0.00615	0.00197	0.00906	0.00538	0.00324	0.00946
4	0.01619	0.01732	0.04711	0.04369	0.12204	0.01636	0.46410	0.06640	0.04121	0.02294	0.01468	0.04006	0.01164	0.00645	0.00748	0.00217	0.00986	0.00761	0.00381	0.03884
5	0.06817	0.01428	0.02300	0.19715	0.45740	0.01490	0.01802	0.01915	0.01453	0.02123	0.01426	0.01815	0.03625	0.00652	0.00645	0.00201	0.00768	0.00602	0.00344	0.05139
6	0.01002	0.00689	0.00882	0.00957	0.01030	0.00710	0.00700	0.01172	0.01283	0.01824	0.02962	0.34673	0.03294	0.12930	0.03432	0.00341	0.04879	0.12752	0.13926	0.00563
7	0.01273	0.00992	0.01426	0.03491	0.13244	0.00976	0.05420	0.01710	0.07547	0.04747	0.10328	0.10561	0.15323	0.01180	0.00717	0.00219	0.00525	0.05937	0.13627	0.00758
8	0.01477	0.01233	0.03709	0.12014	0.12039	0.01215	0.05004	0.02135	0.15731	0.09260	0.10308	0.07999	0.10906	0.01017	0.00715	0.00218	0.00612	0.00900	0.00550	0.02956
9	0.00950	0.00694	0.00896	0.00885	0.01026	0.00656	0.00648	0.01286	0.04580	0.02478	0.53870	0.20721	0.05735	0.01516	0.00801	0.00225	0.00342	0.01350	0.00711	0.00631
10	0.01887	0.39576	0.08442	0.01543	0.02121	0.14672	0.10069	0.06827	0.01614	0.01920	0.01087	0.01273	0.00907	0.00610	0.00543	0.00166	0.00867	0.00457	0.00336	0.05082
11	0.01441	0.01471	0.02257	0.55916	0.08289	0.08273	0.09229	0.01873	0.01431	0.01783	0.01200	0.01729	0.00915	0.00657	0.00677	0.00218	0.00944	0.00602	0.00309	0.00785
12	0.01610	0.22360	0.16816	0.01693	0.11320	0.06992	0.01440	0.01988	0.01445	0.01970	0.01122	0.01334	0.00928	0.00574	0.00538	0.00153	0.00751	0.00436	0.00332	0.26198
13	0.00838	0.00594	0.00763	0.00898	0.00958	0.00551	0.00606	0.00970	0.01310	0.01762	0.03860	0.66697	0.09549	0.02001	0.00831	0.00263	0.00381	0.01802	0.04816	0.00551
14	0.00818	0.00584	0.00779	0.00934	0.00973	0.00545	0.00623	0.00934	0.01285	0.01713	0.03698	0.75981	0.04438	0.02102	0.00856	0.00273	0.00389	0.01908	0.00623	0.00545
15	0.00975	0.00655	0.00756	0.00756	0.00765	0.00664	0.00437	0.00992	0.00983	0.01319	0.02092	0.04267	0.02385	0.71365	0.08395	0.00681	0.00732	0.00958	0.00403	0.00420
16	0.01584	0.01810	0.03959	0.02828	0.03507	0.01697	0.69796	0.02149	0.01584	0.02149	0.01357	0.01810	0.01018	0.00566	0.00792	0.00226	0.01131	0.00792	0.00339	0.00905
17	0.00870	0.00683	0.00787	0.00761	0.00954	0.00599	0.00571	0.01113	0.01712	0.02247	0.38969	0.05743	0.39519	0.01537	0.00792	0.00219	0.00328	0.01316	0.00680	0.00599
18	0.00998	0.00610	0.00735	0.00823	0.00916	0.00587	0.00580	0.01203	0.01362	0.02059	0.05414	0.42955	0.03438	0.01562	0.00708	0.00227	0.00366	0.03728	0.31148	0.00581
19	0.01070	0.00769	0.01065	0.01214	0.01371	0.00764	0.01059	0.01373	0.01544	0.02000	0.03680	0.07525	0.06535	0.01848	0.00922	0.00306	0.00607	0.65114	0.00618	0.00616
20	0.00908	0.00684	0.00839	0.00800	0.00977	0.00615	0.00600	0.01185	0.01800	0.02455	0.54438	0.05399	0.23919	0.01460	0.00792	0.00215	0.00323	0.01268	0.00708	0.00615
21	0.01360	0.05870	0.70672	0.01887	0.02865	0.01594	0.02436	0.02121	0.01415	0.02107	0.01195	0.01406	0.00850	0.00635	0.00631	0.00210	0.00983	0.00491	0.00283	0.00987
22	0.02377	0.13129	0.02193	0.01689	0.02077	0.61561	0.03683	0.02570	0.01817	0.01651	0.01034	0.01213	0.00869	0.00671	0.00588	0.00171	0.01141	0.00435	0.00338	0.00794
23	0.00885	0.00730	0.00783	0.00761	0.00982	0.00652	0.00573	0.01199	0.06046	0.02079	0.21551	0.05872	0.52363	0.01573	0.00786	0.00223	0.00347	0.01327	0.00654	0.00613
24	0.15441	0.01736	0.01791	0.01415	0.01915	0.01941	0.01162	0.51614	0.10122	0.03875	0.01620	0.01621	0.01170	0.00787	0.00630	0.00205	0.00680	0.00581	0.00630	0.01064
25	0.01418	0.01340	0.02287	0.29482	0.34030	0.01443	0.05394	0.01823	0.01447	0.01966	0.01608	0.02313	0.03699	0.00909	0.03398	0.00250	0.00859	0.05109	0.00350	0.00874
26	0.02501	0.01850	0.01987	0.01520	0.02060	0.02030	0.01255	0.67095	0.03080	0.04142	0.01593	0.01602	0.01135	0.00792	0.00664	0.00197	0.00728	0.00595	0.00660	0.04512
27	0.01635	0.01568	0.02677	0.08700	0.67851	0.01588	0.02047	0.02037	0.01516	0.02161	0.01258	0.01669	0.01052	0.00603	0.00665	0.00201	0.00803	0.00598	0.00330	0.01042
28	0.01154	0.00831	0.01228	0.01184	0.01357	0.00797	0.07326	0.03893	0.03911	0.06810	0.05704	0.52372	0.03751	0.01739	0.00826	0.00259	0.00500	0.05073	0.00618	0.00668
29	0.05775	0.01758	0.01772	0.01434	0.01910	0.08685	0.01157	0.34584	0.17354	0.15646	0.01950	0.01861	0.01384	0.00814	0.00657	0.00206	0.00700	0.00623	0.00659	0.01072
30	0.01484	0.01659	0.03544	0.02568	0.03177	0.01550	0.60903	0.01995	0.01562	0.02100	0.01864	0.06710	0.05952	0.00736	0.00796	0.00229	0.01033	0.00902	0.00376	0.00860
31	0.00849	0.00659	0.00778	0.00802	0.00959	0.00588	0.00583	0.01050	0.01563	0.02034	0.24682	0.23175	0.34254	0.01800	0.02890	0.00258	0.00387	0.01460	0.00649	0.00581
32	0.01760	0.71298	0.08745	0.01206	0.01811	0.02572	0.01248	0.02018	0.01367	0.01620	0.00953	0.01102	0.00860	0.00579	0.00446	0.00149	0.00738	0.00369	0.00287	0.00871
33	0.01622	0.49210	0.19641	0.01323	0.01954	0.02191	0.01422	0.02089	0.06050	0.01866	0.05988	0.01522	0.01313	0.00666	0.00521	0.00170	0.00743	0.00477	0.00343	0.00890
34	0.00848	0.00659	0.00792	0.00852	0.00991	0.00612	0.00623	0.01013	0.01372	0.01741	0.04764	0.28217	0.34092	0.05005	0.10516	0.00374	0.00577	0.05810	0.00580	0.00561
35	0.04311	0.05799	0.02458	0.11395	0.23996	0.13888	0.09680	0.06693	0.06424	0.02169	0.01299	0.01611	0.01044	0.00691	0.00751	0.00207	0.05705	0.00583	0.00376	0.00920
36	0.01742	0.01279	0.01396	0.01218	0.01546	0.05064	0.00967	0.11527	0.20543	0.12427	0.19138	0.03431	0.07937	0.01106	0.00779	0.00222	0.03234	0.04876	0.00675	0.00893
37	0.01492	0.01449	0.02173	0.34356	0.29827	0.06279	0.01786	0.01943	0.03958	0.01988	0.04819	0.02075	0.01362	0.00726	0.00679	0.00213	0.00828	0.02818	0.00360	0.00870
38	0.00831	0.00634	0.00774	0.00869	0.00984	0.00578	0.00620	0.00982	0.01379	0.01760	0.04701	0.44727	0.27883	0.02054	0.03534	0.00289	0.00438	0.05789	0.00613	0.00559
39	0.02054	0.53156	0.02978	0.01299	0.01811	0.20657	0.01175	0.02262	0.01537	0.06205	0.01071	0.01189	0.00914	0.00621	0.00491	0.00155	0.00834	0.00398	0.00337	0.00858
40	0.01391	0.01193	0.01391	0.00994	0.01590	0.00894	0.00795	0.01690	0.01391	0.02186	0.01193	0.01391	0.00994	0.00497	0.00497	0.00099	0.00497	0.00398	0.00398	0.80521
41	0.01688	0.01629	0.02255	0.32677	0.30941	0.11586	0.01816	0.02068	0.01524	0.05636	0.01275	0.01683	0.00997	0.00653	0.00659	0.00206	0.00883	0.00578	0.00346	0.00897
42	0.01938	0.02027	0.02044	0.08192	0.19074	0.24900	0.03187	0.08987	0.13514	0.02240	0.01566	0.04204	0.01290	0.00889	0.02833	0.00227	0.00912	0.00625	0.00437	0.00917
43	0.01520	0.01712	0.03670	0.05313	0.03374	0.01614	0.62704	0.02054	0.01571	0.02111	0.01714	0.02119	0.05736	0.00645	0.00788	0.00226	0.01070	0.00826	0.00357	0.00877
44	0.01401	0.01299	0.02175	0.36535	0.31444	0.01437	0.01838	0.01810	0.01444	0.01946	0.01534	0.02505	0.01357	0.00799	0.00702	0.00225	0.00818	0.09519	0.00354	0.00856
45	0.01007	0.00746	0.00934	0.00880	0.01062	0.00706	0.00670	0.03070	0.04377	0.02627	0.59056	0.05064	0.12024	0.01389	0.00790	0.00216	0.00348	0.03659	0.00720	0.00655
46	0.01794	0.76823	0.03516	0.01148	0.01722	0.02655	0.01148	0.02009	0.01363	0.01579	0.00933	0.01076	0.00861	0.00574	0.00431	0.00144	0.00718	0.00359	0.00287	0.00861
47	0.01315	0.01222	0.01954	0.66101	0.04280	0.01512	0.01768	0.01934	0.09601	0.01844	0.01375	0.01874	0.01031	0.00699	0.00672	0.00224	0.00851	0.00616	0.00344	0.00783
48	0.00872	0.00631	0.00830	0.00929	0.01017	0.00589	0.00664	0.01057	0.01466	0.01973	0.19571	0.48999	0.08617	0.01887	0.00845	0.00259	0.00392	0.08179	0.00649	0.00574
49	0.09587	0.01787	0.02115	0.19403	0.13816	0.12109	0.05109	0.20714	0.01932	0.02615	0.01269	0.01559	0.00974	0.00707	0.00697	0.00207	0.03495	0.00563	0.00426	0.00915
50	0.02219	0.03993	0.01934	0.01539	0.01990	0.14984	0.05753	0.21239	0.21111	0.12430	0.01924	0.01909	0.01413	0.00948	0.03333	0.00236	0.00810	0.00634	0.00592	0.01009
51	0.27967	0.01662	0.01672	0.01483	0.06459	0.04313	0.01125	0.33961	0.07366	0.05663	0.01464	0.01519	0.01076	0.00737	0.00586	0.00204	0.00667	0.00533	0.00560	0.00983
52	0.04522	0.01693	0.02191	0.21700	0.27416	0.13583	0.04184	0.02154	0.04488	0.05128	0.01367	0.03127	0.01104	0.00682	0.00651	0.00202	0.00854	0.00597	0.00374	0.03984

[dist]
# distance from previous block
# <min> <max>
0	18

[block]
# block no. 3 follows, 32 sequences, length 16
# corresponding to MSA columns:
# 148-163
name=unknown_D
#
# <colnr> <probs for GDERKNQSTAVLIFYWHMCP>
#	G	D	E	R	K	N	Q	S	T	A	V	L	I	F	Y	W	H	M	C	P
0	0.01530	0.04377	0.19393	0.02294	0.16017	0.05932	0.16035	0.04900	0.01623	0.02225	0.10826	0.02174	0.03932	0.00784	0.00780	0.00213	0.04962	0.00704	0.00397	0.00901
1	0.00891	0.00648	0.00844	0.00899	0.01010	0.00600	0.00651	0.01111	0.01585	0.02163	0.33386	0.35824	0.09846	0.01742	0.00829	0.00245	0.00370	0.06096	0.00673	0.00590
2	0.00839	0.00682	0.00743	0.00728	0.00934	0.00586	0.00546	0.01051	0.01637	0.02068	0.25735	0.06037	0.52864	0.01604	0.00793	0.00222	0.00333	0.01357	0.00657	0.00586
3	0.01955	0.01921	0.01714	0.04882	0.02000	0.19736	0.01198	0.10920	0.39997	0.02586	0.02037	0.02004	0.01550	0.00842	0.00718	0.00213	0.03545	0.00645	0.00565	0.00973
4	0.01835	0.05431	0.14031	0.02205	0.02879	0.01660	0.37526	0.08533	0.05184	0.11571	0.01574	0.01793	0.01131	0.00651	0.00719	0.00216	0.00952	0.00692	0.00440	0.00977
5	0.00937	0.00688	0.00882	0.00865	0.01026	0.00634	0.00659	0.01226	0.01793	0.02476	0.54552	0.08703	0.13911	0.01490	0.00807	0.00225	0.00351	0.07446	0.00708	0.00620
6	0.02087	0.46567	0.02853	0.01387	0.01867	0.31860	0.01209	0.02285	0.01584	0.01605	0.00976	0.01131	0.00862	0.00622	0.00502	0.00156	0.00920	0.00389	0.00311	0.00827
7	0.01004	0.05279	0.01065	0.00946	0.01129	0.00775	0.00761	0.01281	0.01688	0.02271	0.37272	0.10299	0.13875	0.01537	0.00808	0.00238	0.00425	0.18061	0.00658	0.00628
8	0.01673	0.38936	0.32576	0.01525	0.02253	0.08971	0.01722	0.02122	0.01437	0.01815	0.01057	0.01232	0.00857	0.00612	0.00534	0.00175	0.00880	0.00423	0.00291	0.00908
9	0.02015	0.27532	0.08799	0.01657	0.09068	0.08505	0.01360	0.11264	0.11552	0.09793	0.01524	0.01578	0.01170	0.00698	0.00581	0.00184	0.00756	0.00524	0.00460	0.00980
10	0.01817	0.59532	0.12178	0.01287	0.01910	0.02455	0.01331	0.09254	0.01561	0.01930	0.01039	0.01176	0.00889	0.00607	0.00482	0.00158	0.00755	0.00402	0.00327	0.00907
11	0.15668	0.24693	0.13493	0.01330	0.01863	0.13102	0.01281	0.06212	0.01590	0.06084	0.04765	0.01729	0.01299	0.00734	0.00556	0.00188	0.00773	0.03377	0.00408	0.00856
12	0.04429	0.18897	0.01978	0.01264	0.01717	0.20869	0.01034	0.06271	0.07346	0.02064	0.01671	0.04590	0.05419	0.00758	0.00566	0.00164	0.00742	0.00559	0.00422	0.19239
13	0.03710	0.04351	0.06130	0.01490	0.01912	0.20320	0.08657	0.06308	0.09491	0.05735	0.10848	0.03809	0.03769	0.04337	0.00790	0.00216	0.00791	0.00710	0.00492	0.06133
14	0.06947	0.15925	0.01985	0.01323	0.01750	0.09843	0.05432	0.10325	0.12895	0.03760	0.04246	0.07099	0.05595	0.00993	0.02700	0.00217	0.00713	0.00703	0.00494	0.07055
15	0.06425	0.18409	0.10088	0.06315	0.06946	0.09268	0.01335	0.08708	0.07891	0.07687	0.01666	0.09409	0.01442	0.00838	0.00613	0.00199	0.00745	0.00662	0.00454	0.00899

[dist]
# distance from previous block
# <min> <max>
2	24

[block]
# block no. 4 follows, 32 sequences, length 28
# corresponding to MSA columns:
# 188-215
name=unknown_E
#
# <colnr> <probs for GDERKNQSTAVLIFYWHMCP>
#	G	D	E	R	K	N	Q	S	T	A	V	L	I	F	Y	W	H	M	C	P
0	0.11051	0.01789	0.01759	0.05937	0.03966	0.17001	0.03749	0.19312	0.04488	0.11165	0.03362	0.04516	0.01381	0.00978	0.03769	0.00237	0.00827	0.00623	0.00525	0.03566
1	0.10598	0.04938	0.05802	0.06005	0.08613	0.11643	0.09283	0.09092	0.05214	0.07804	0.01581	0.07881	0.01341	0.00841	0.00766	0.00215	0.06369	0.00681	0.00451	0.00883
2	0.04560	0.14226	0.06959	0.04586	0.12375	0.14964	0.01389	0.13755	0.03301	0.12180	0.04399	0.01690	0.01300	0.00724	0.00614	0.00190	0.00801	0.00555	0.00476	0.00956
3	0.01742	0.01846	0.02445	0.09553	0.36366	0.16661	0.08629	0.02100	0.01563	0.01995	0.01242	0.01628	0.01029	0.00848	0.04494	0.00239	0.00961	0.00577	0.00338	0.05744
4	0.02105	0.10350	0.01943	0.04464	0.01901	0.03939	0.01176	0.18012	0.13949	0.17418	0.06051	0.02025	0.01633	0.00877	0.00861	0.00214	0.10869	0.00646	0.00588	0.00980
5	0.01023	0.00763	0.00965	0.00927	0.01107	0.00739	0.00715	0.01476	0.08073	0.02597	0.56064	0.05109	0.08044	0.01393	0.00796	0.00223	0.00369	0.08234	0.00717	0.00668
6	0.00967	0.00684	0.00900	0.00900	0.00958	0.00742	0.00616	0.01084	0.01026	0.01426	0.01960	0.03539	0.02070	0.41762	0.37566	0.00858	0.01207	0.00851	0.00384	0.00500
7	0.01625	0.01558	0.02659	0.10559	0.66073	0.01585	0.02041	0.02028	0.01511	0.02149	0.01256	0.01672	0.01047	0.00604	0.00665	0.00201	0.00806	0.00598	0.00329	0.01034
8	0.00835	0.00599	0.00766	0.00892	0.00940	0.00559	0.00589	0.00941	0.01265	0.01670	0.03725	0.62507	0.08927	0.11006	0.01160	0.00315	0.00417	0.01761	0.00597	0.00530
9	0.01652	0.01355	0.01448	0.01294	0.01662	0.01531	0.01008	0.05114	0.58544	0.05407	0.06801	0.02846	0.06409	0.00977	0.00695	0.00225	0.00515	0.00816	0.00688	0.01014
10	0.00821	0.00603	0.00771	0.00893	0.00965	0.00553	0.00607	0.00956	0.01352	0.01779	0.07723	0.62298	0.14207	0.02006	0.00844	0.00263	0.00378	0.01801	0.00629	0.00553
11	0.01584	0.01810	0.03959	0.02828	0.03507	0.01697	0.69796	0.02149	0.01584	0.02149	0.01357	0.01810	0.01018	0.00566	0.00792	0.00226	0.01131	0.00792	0.00339	0.00905
12	0.08014	0.44450	0.02768	0.01270	0.01806	0.06977	0.01154	0.19788	0.01866	0.04671	0.01171	0.01264	0.00950	0.00654	0.00511	0.00167	0.00735	0.00438	0.00418	0.00928
13	0.01613	0.01545	0.02637	0.12725	0.64002	0.01582	0.02035	0.02017	0.01505	0.02134	0.01254	0.01676	0.01042	0.00607	0.00665	0.00202	0.00809	0.00598	0.00328	0.01024
14	0.02218	0.01943	0.01874	0.01721	0.08212	0.16469	0.01260	0.31881	0.13982	0.05684	0.01912	0.01938	0.04238	0.00926	0.02496	0.00223	0.00809	0.00634	0.00572	0.01009
15	0.81159	0.01298	0.00986	0.00882	0.01298	0.01505	0.00727	0.01972	0.01142	0.03010	0.00934	0.01090	0.00727	0.00623	0.00415	0.00208	0.00519	0.00363	0.00415	0.00727
16	0.04624	0.21636	0.02452	0.01604	0.04999	0.12328	0.09792	0.06202	0.01728	0.20200	0.01691	0.02040	0.01332	0.00767	0.00625	0.00195	0.00795	0.05568	0.00494	0.00928
17	0.00884	0.00665	0.00817	0.00873	0.01009	0.00608	0.00647	0.01083	0.01518	0.01985	0.19712	0.26751	0.24736	0.04969	0.00943	0.00267	0.00402	0.10920	0.00639	0.00575
18	0.00973	0.00663	0.00795	0.00795	0.00817	0.00685	0.00485	0.01016	0.00994	0.01348	0.02057	0.04072	0.02301	0.63438	0.16207	0.00728	0.00859	0.00929	0.00398	0.00442
19	0.00968	0.00681	0.00887	0.00887	0.00941	0.00735	0.00600	0.01075	0.01022	0.01416	0.01972	0.03605	0.02098	0.44444	0.34924	0.00842	0.01164	0.00861	0.00385	0.00493
20	0.06442	0.01120	0.01490	0.01166	0.01655	0.00987	0.00955	0.03088	0.01852	0.65808	0.02625	0.06100	0.01764	0.00888	0.00673	0.00211	0.00559	0.00725	0.00801	0.01092
21	0.00884	0.00718	0.00796	0.00818	0.01026	0.00643	0.00638	0.01145	0.03864	0.01948	0.11412	0.08710	0.50488	0.01685	0.00814	0.00241	0.00393	0.12546	0.00634	0.00596
22	0.02444	0.03067	0.01873	0.01701	0.02050	0.68335	0.01279	0.02746	0.07072	0.01729	0.01164	0.01307	0.00953	0.00708	0.00611	0.00177	0.01159	0.00457	0.00371	0.00799
23	0.01523	0.01151	0.01312	0.01198	0.01480	0.01238	0.00928	0.18229	0.19320	0.04162	0.09375	0.21619	0.05856	0.01493	0.03884	0.00272	0.00577	0.04885	0.00653	0.00845
24	0.01702	0.06343	0.14571	0.01570	0.05820	0.04720	0.01350	0.14463	0.25323	0.02585	0.02050	0.02240	0.03834	0.06627	0.03625	0.00275	0.00756	0.00674	0.00516	0.00956
25	0.01632	0.01397	0.01475	0.01137	0.01636	0.07403	0.00905	0.07641	0.03686	0.05760	0.04766	0.01855	0.04337	0.00688	0.00633	0.00142	0.03708	0.00531	0.00467	0.50200
26	0.00842	0.00652	0.00776	0.00862	0.01000	0.00585	0.00635	0.01009	0.01428	0.01797	0.05053	0.35909	0.34302	0.01890	0.00838	0.00257	0.00398	0.10581	0.00622	0.00564
27	0.06710	0.01546	0.01643	0.01424	0.06991	0.09752	0.01048	0.09725	0.01698	0.11318	0.01383	0.01513	0.01064	0.00638	0.00624	0.00155	0.03466	0.00480	0.00469	0.38353

[dist]
# distance from previous block
# <min> <max>
2	7

[block]
# block no. 5 follows, 32 sequences, length 17
# corresponding to MSA columns:
# 223-239
name=unknown_F
#
# <colnr> <probs for GDERKNQSTAVLIFYWHMCP>
#	G	D	E	R	K	N	Q	S	T	A	V	L	I	F	Y	W	H	M	C	P
0	0.02068	0.01675	0.01589	0.01346	0.01725	0.14614	0.01058	0.22663	0.13636	0.11205	0.15498	0.05574	0.02445	0.00969	0.00693	0.00206	0.00674	0.00780	0.00644	0.00938
1	0.01412	0.00681	0.00734	0.00695	0.00888	0.00662	0.00530	0.01720	0.01486	0.09597	0.06018	0.02616	0.01964	0.00819	0.00507	0.00164	0.00339	0.00662	0.67828	0.00678
2	0.01170	0.00826	0.01055	0.01069	0.01285	0.00784	0.00879	0.01503	0.04176	0.04125	0.09082	0.07214	0.05981	0.07656	0.01016	0.00284	0.00541	0.35588	0.05371	0.10395
3	0.00849	0.00593	0.00777	0.00904	0.00946	0.00556	0.00599	0.00935	0.01247	0.01653	0.03559	0.63106	0.06988	0.07754	0.01155	0.05118	0.00419	0.01736	0.00586	0.00520
4	0.81159	0.01298	0.00986	0.00882	0.01298	0.01505	0.00727	0.01972	0.01142	0.03010	0.00934	0.01090	0.00727	0.00623	0.00415	0.00208	0.00519	0.00363	0.00415	0.00727
5	0.07268	0.01662	0.01840	0.01418	0.01944	0.01775	0.01171	0.49447	0.02730	0.21155	0.01829	0.01747	0.01246	0.00801	0.00657	0.00203	0.00684	0.00608	0.00696	0.01117
6	0.01661	0.01594	0.02724	0.04119	0.72233	0.01594	0.02059	0.02059	0.01528	0.02192	0.01262	0.01661	0.01063	0.00598	0.00664	0.00199	0.00797	0.00598	0.00332	0.01063
7	0.00815	0.00629	0.00745	0.00825	0.00948	0.00559	0.00577	0.00966	0.01421	0.01812	0.09042	0.43398	0.32072	0.01894	0.00827	0.00250	0.00365	0.01666	0.00630	0.00559
8	0.00876	0.00708	0.00782	0.00759	0.00967	0.00626	0.00571	0.01154	0.03999	0.02146	0.28916	0.05830	0.47160	0.01561	0.00789	0.00221	0.00338	0.01325	0.00665	0.00606
9	0.00826	0.00666	0.00735	0.00750	0.00935	0.00576	0.00550	0.01015	0.01560	0.01960	0.18417	0.16982	0.49276	0.01701	0.00803	0.00231	0.00343	0.01455	0.00645	0.00576
10	0.01464	0.01433	0.01694	0.06744	0.23233	0.13550	0.01283	0.04429	0.01544	0.01949	0.02253	0.32702	0.02434	0.01257	0.00735	0.00227	0.00701	0.01118	0.00468	0.00780
11	0.01550	0.01342	0.01909	0.05230	0.17955	0.01206	0.05560	0.04829	0.03808	0.04204	0.01423	0.01818	0.01182	0.00623	0.00598	0.00156	0.00642	0.03237	0.00416	0.42311
12	0.69040	0.06013	0.01224	0.00977	0.01396	0.08323	0.00805	0.02041	0.01226	0.02797	0.00944	0.01100	0.00748	0.00626	0.00434	0.00201	0.00596	0.00369	0.00401	0.00740
13	0.06573	0.01329	0.01448	0.01250	0.01656	0.01444	0.00989	0.07512	0.41918	0.17060	0.02915	0.02687	0.08366	0.00944	0.00675	0.00221	0.00534	0.00770	0.00691	0.01018
14	0.01123	0.01003	0.01276	0.03690	0.05845	0.04164	0.05842	0.04266	0.01666	0.02139	0.20550	0.06595	0.31935	0.03346	0.03353	0.00259	0.00556	0.01142	0.00576	0.00675
15	0.00959	0.00653	0.00727	0.00727	0.00748	0.00643	0.00416	0.00975	0.01028	0.01349	0.02552	0.04584	0.08936	0.69436	0.03170	0.00611	0.00621	0.01017	0.00427	0.00422
16	0.02155	0.02522	0.01664	0.01494	0.01832	0.50478	0.01133	0.09585	0.01974	0.01997	0.05281	0.02301	0.12999	0.00903	0.00652	0.00187	0.00973	0.00650	0.00445	0.00775

[dist]
# distance from previous block
# <min> <max>
0	1

[block]
# block no. 6 follows, 32 sequences, length 9
# corresponding to MSA columns:
# 241-249
name=unknown_G
#
# <colnr> <probs for GDERKNQSTAVLIFYWHMCP>
#	G	D	E	R	K	N	Q	S	T	A	V	L	I	F	Y	W	H	M	C	P
0	0.12834	0.01274	0.01982	0.52462	0.15335	0.01510	0.01732	0.01809	0.01344	0.01980	0.01167	0.01667	0.00898	0.00652	0.00633	0.00217	0.00824	0.00563	0.00321	0.00795
1	0.62647	0.01598	0.01275	0.01297	0.07823	0.11911	0.00929	0.02082	0.01286	0.02739	0.00979	0.01159	0.00777	0.00630	0.00465	0.00202	0.00644	0.00394	0.00398	0.00764
2	0.01063	0.00813	0.01001	0.00987	0.01185	0.00805	0.00780	0.01587	0.11725	0.02444	0.38368	0.05408	0.13386	0.01455	0.00806	0.00237	0.00418	0.16160	0.00689	0.00683
3	0.00976	0.00651	0.00732	0.00732	0.00732	0.00651	0.00407	0.00976	0.00976	0.01301	0.02114	0.04391	0.02439	0.76419	0.03415	0.00651	0.00651	0.00976	0.00407	0.00407
4	0.00939	0.00733	0.00874	0.00932	0.01082	0.00710	0.00682	0.01301	0.09195	0.01942	0.08738	0.35504	0.23444	0.01902	0.03639	0.00284	0.00458	0.06393	0.00626	0.00622
5	0.00835	0.00617	0.00760	0.00856	0.00938	0.00564	0.00579	0.00964	0.01345	0.01754	0.08257	0.50310	0.18843	0.08784	0.01073	0.00294	0.00398	0.01676	0.00610	0.00542
6	0.01797	0.04772	0.02455	0.09597	0.30206	0.07808	0.09228	0.05709	0.14008	0.05400	0.01573	0.01802	0.01222	0.00684	0.00669	0.00206	0.00815	0.00628	0.00430	0.00990
7	0.01968	0.27207	0.18482	0.01736	0.08468	0.12937	0.01561	0.12002	0.01762	0.06226	0.01235	0.01372	0.00963	0.00656	0.00573	0.00181	0.00856	0.00476	0.00386	0.00952
8	0.02350	0.05309	0.01982	0.01604	0.04865	0.15018	0.01246	0.37907	0.10497	0.07020	0.01631	0.01647	0.01202	0.00767	0.00643	0.00193	0.00783	0.00575	0.00580	0.04180

[dist]
# distance from previous block
# <min> <max>
0	1

[block]
# block no. 7 follows, 32 sequences, length 8
# corresponding to MSA columns:
# 251-258
name=unknown_H
#
# <colnr> <probs for GDERKNQSTAVLIFYWHMCP>
#	G	D	E	R	K	N	Q	S	T	A	V	L	I	F	Y	W	H	M	C	P
0	0.01929	0.09275	0.02021	0.01613	0.04292	0.19103	0.05878	0.08007	0.33022	0.02438	0.01901	0.01909	0.01464	0.00778	0.00638	0.00201	0.00771	0.00622	0.03183	0.00955
1	0.01447	0.00894	0.01086	0.00964	0.01202	0.00876	0.00738	0.11486	0.01932	0.10857	0.36241	0.10383	0.04152	0.04141	0.00829	0.00225	0.00427	0.01046	0.10328	0.00748
2	0.01353	0.01180	0.01703	0.10688	0.11474	0.01237	0.06870	0.05925	0.13998	0.02280	0.06807	0.05675	0.13811	0.01158	0.00759	0.00236	0.00642	0.12846	0.00540	0.00818
3	0.01039	0.00693	0.00799	0.00829	0.00893	0.00700	0.00546	0.01242	0.05271	0.01691	0.02542	0.16092	0.02759	0.42521	0.02197	0.00463	0.00548	0.06587	0.12070	0.00517
4	0.00900	0.00646	0.00833	0.00944	0.01023	0.00614	0.00680	0.01054	0.01342	0.01766	0.06643	0.42189	0.09692	0.12790	0.01235	0.00329	0.00469	0.15709	0.00595	0.00546
5	0.56547	0.01106	0.00943	0.00871	0.01171	0.01262	0.00672	0.01689	0.01101	0.02512	0.01264	0.01925	0.01175	0.16626	0.08490	0.00387	0.00676	0.00525	0.00408	0.00648
6	0.69729	0.01382	0.01136	0.00979	0.01411	0.01589	0.00806	0.11863	0.01435	0.03188	0.01033	0.01166	0.00787	0.00649	0.00452	0.00207	0.00551	0.00398	0.00452	0.00787
7	0.00903	0.00708	0.00831	0.00885	0.01048	0.00658	0.00663	0.01190	0.05584	0.01941	0.10694	0.27587	0.32580	0.01769	0.00823	0.00250	0.00401	0.10248	0.00636	0.00601

[dist]
# distance from previous block
# <min> <max>
0	1

[block]
# block no. 8 follows, 32 sequences, length 25
# corresponding to MSA columns:
# 260-284
name=unknown_I
#
# <colnr> <probs for GDERKNQSTAVLIFYWHMCP>
#	G	D	E	R	K	N	Q	S	T	A	V	L	I	F	Y	W	H	M	C	P
0	0.01497	0.01550	0.02507	0.23827	0.13618	0.06884	0.21172	0.01914	0.01500	0.01973	0.01591	0.01974	0.05427	0.00673	0.00685	0.00201	0.00886	0.00666	0.00352	0.11104
1	0.01804	0.01545	0.01978	0.01836	0.11072	0.06015	0.10053	0.22286	0.08757	0.04742	0.10683	0.04724	0.09598	0.00952	0.00716	0.00211	0.00699	0.00831	0.00571	0.00930
2	0.01153	0.00591	0.00887	0.00887	0.00894	0.00599	0.00599	0.00894	0.00887	0.01190	0.01205	0.02077	0.01198	0.02501	0.07088	0.75494	0.00659	0.00591	0.00296	0.00311
3	0.02399	0.03015	0.01840	0.01691	0.02023	0.68218	0.01280	0.02582	0.01875	0.01670	0.01227	0.01690	0.01091	0.00779	0.00629	0.00183	0.01165	0.05512	0.00366	0.00766
4	0.06471	0.13320	0.45030	0.10803	0.02783	0.01699	0.02014	0.04247	0.01455	0.04562	0.01210	0.01431	0.00887	0.00644	0.00601	0.00203	0.00889	0.00490	0.00325	0.00936
5	0.25241	0.11224	0.01987	0.01497	0.01903	0.36202	0.06290	0.02315	0.01561	0.02071	0.01013	0.01214	0.00836	0.00665	0.00601	0.00188	0.03617	0.00436	0.00357	0.00781
6	0.01457	0.01409	0.02460	0.39534	0.33078	0.01550	0.07075	0.01893	0.01439	0.01949	0.01234	0.01736	0.00975	0.00632	0.00677	0.00214	0.00871	0.00612	0.00316	0.00891
7	0.01596	0.52293	0.19662	0.01309	0.01931	0.02197	0.01413	0.01935	0.01369	0.01720	0.01258	0.08229	0.01196	0.00733	0.00520	0.00172	0.00751	0.00537	0.00318	0.00862
8	0.03588	0.01327	0.03345	0.04188	0.02058	0.04358	0.18435	0.04365	0.03888	0.05306	0.02051	0.21145	0.02024	0.01646	0.10158	0.00349	0.09552	0.00996	0.00458	0.00764
9	0.01661	0.01594	0.02724	0.04119	0.72233	0.01594	0.02059	0.02059	0.01528	0.02192	0.01262	0.01661	0.01063	0.00598	0.00664	0.00199	0.00797	0.00598	0.00332	0.01063
10	0.01051	0.00852	0.01219	0.01295	0.06595	0.00823	0.05132	0.01394	0.05830	0.02076	0.18158	0.24104	0.12282	0.06486	0.00983	0.00272	0.00500	0.09690	0.00597	0.00660
11	0.01333	0.00938	0.01109	0.01002	0.01202	0.03520	0.05379	0.04942	0.05912	0.02306	0.02211	0.10885	0.01973	0.06809	0.03656	0.00259	0.02735	0.00813	0.42338	0.00679
12	0.02075	0.20236	0.23633	0.01466	0.02114	0.08968	0.01513	0.02581	0.06235	0.22455	0.01642	0.01638	0.01169	0.00702	0.00598	0.00192	0.00795	0.00526	0.00476	0.00987
13	0.00959	0.00719	0.01078	0.01078	0.01198	0.00839	0.00839	0.01198	0.01078	0.01558	0.01797	0.02636	0.01677	0.05032	0.73760	0.01078	0.01797	0.00719	0.00359	0.00599
14	0.00825	0.00587	0.00776	0.00925	0.00962	0.00550	0.00613	0.00936	0.01271	0.01694	0.03627	0.72756	0.04348	0.05450	0.00972	0.00290	0.00401	0.01866	0.00613	0.00539
15	0.01547	0.05848	0.49685	0.02027	0.05249	0.06133	0.11032	0.02239	0.03542	0.04615	0.01302	0.01513	0.00945	0.00643	0.00651	0.00209	0.00978	0.00543	0.00328	0.00972
16	0.08392	0.01470	0.01677	0.01345	0.01780	0.05890	0.03085	0.18758	0.05596	0.30135	0.01969	0.01935	0.01371	0.00950	0.03067	0.00236	0.05543	0.00620	0.05176	0.01003
17	0.01545	0.01697	0.09236	0.06488	0.49682	0.01556	0.06145	0.01958	0.01466	0.02097	0.01387	0.06274	0.01232	0.00733	0.00779	0.00214	0.05509	0.00681	0.00342	0.00980
18	0.00931	0.00613	0.00819	0.00948	0.01011	0.00568	0.00642	0.01055	0.01317	0.05375	0.03644	0.72179	0.04295	0.02037	0.00847	0.00269	0.00399	0.01844	0.00634	0.00576
19	0.01761	0.16646	0.20390	0.04821	0.07585	0.13148	0.17003	0.02210	0.01536	0.04926	0.01217	0.01477	0.00944	0.00639	0.00676	0.00198	0.03033	0.00547	0.00334	0.00909
20	0.01626	0.09735	0.06656	0.35322	0.08257	0.01596	0.07099	0.06553	0.01577	0.08676	0.03608	0.01808	0.01175	0.00686	0.00651	0.00206	0.00823	0.00602	0.00394	0.02949
21	0.01679	0.29526	0.21704	0.04298	0.02452	0.02011	0.12719	0.10574	0.01625	0.02154	0.01208	0.01449	0.00957	0.00823	0.03887	0.00228	0.00915	0.00521	0.00347	0.00922
22	0.01862	0.04248	0.02063	0.15041	0.14892	0.22811	0.03917	0.05057	0.08511	0.03999	0.04397	0.01804	0.01326	0.00742	0.00700	0.00200	0.03491	0.00593	0.03476	0.00869
23	0.08407	0.02261	0.17785	0.03980	0.04736	0.16857	0.07131	0.10156	0.04026	0.04650	0.05248	0.01683	0.01284	0.00704	0.00629	0.00193	0.00858	0.00560	0.00426	0.08425
24	0.01804	0.09096	0.01796	0.05104	0.01855	0.05614	0.04831	0.07072	0.19018	0.13283	0.06743	0.07411	0.02093	0.04824	0.00815	0.00231	0.00646	0.02902	0.00577	0.04285

[dist]
# distance from previous block
# <min> <max>
8	24

# created by:
# /home/berkeley/.conda/envs/busco_data_prod/bin/msa2prfl.pl pipeline/OGs_align_augustus/4893/20311.fs
