[name]
unknown

[dist]
# distance from previous block
# <min> <max>
0	37

[block]
# block no. 0 follows, 32 sequences, length 181
# corresponding to MSA columns:
# 42-222
name=unknown_A
#
# <colnr> <probs for GDERKNQSTAVLIFYWHMCP>
#	G	D	E	R	K	N	Q	S	T	A	V	L	I	F	Y	W	H	M	C	P
0	0.01150	0.00912	0.01107	0.01240	0.01397	0.05476	0.01054	0.01432	0.01544	0.01958	0.03403	0.13337	0.03720	0.01801	0.00900	0.00297	0.00636	0.57415	0.00601	0.00622
1	0.05027	0.01754	0.01651	0.03636	0.01870	0.14840	0.01074	0.25319	0.04584	0.02882	0.09467	0.01889	0.01657	0.00764	0.00619	0.00173	0.00706	0.00586	0.00528	0.20974
2	0.08184	0.01378	0.03745	0.05161	0.36130	0.03163	0.01532	0.04218	0.01528	0.02205	0.02066	0.11250	0.04316	0.01020	0.00709	0.00227	0.00700	0.11160	0.00437	0.00871
3	0.01125	0.00871	0.00995	0.00904	0.01155	0.00827	0.00700	0.09147	0.04294	0.02511	0.32744	0.04998	0.28836	0.01390	0.00767	0.00215	0.00399	0.03548	0.00669	0.03903
4	0.02125	0.01956	0.01972	0.07695	0.12942	0.17952	0.01389	0.22065	0.17427	0.05210	0.01679	0.01763	0.01266	0.00761	0.00658	0.00202	0.00814	0.00600	0.00525	0.00999
5	0.03010	0.01142	0.01557	0.01194	0.01713	0.00986	0.00986	0.03270	0.01920	0.72698	0.02647	0.02284	0.01661	0.00830	0.00675	0.00208	0.00571	0.00675	0.00830	0.01142
6	0.02738	0.01062	0.01413	0.01106	0.01568	0.00930	0.00906	0.03005	0.01841	0.61811	0.02576	0.02318	0.01670	0.00823	0.00643	0.00200	0.00531	0.00667	0.13131	0.01062
7	0.01180	0.00634	0.00634	0.00634	0.00801	0.00616	0.00475	0.01470	0.01426	0.02395	0.02904	0.03115	0.12614	0.00924	0.00519	0.00167	0.00317	0.00748	0.67811	0.00616
8	0.00895	0.00669	0.00835	0.00851	0.01000	0.00609	0.00632	0.01137	0.01664	0.02243	0.38445	0.20274	0.20653	0.01630	0.00814	0.00234	0.00357	0.05777	0.00680	0.00599
9	0.00811	0.00680	0.00705	0.00699	0.00917	0.00574	0.00524	0.00998	0.01572	0.01913	0.14267	0.06292	0.64429	0.01662	0.00793	0.00225	0.00337	0.01393	0.00636	0.00574
10	0.00793	0.00680	0.00680	0.00680	0.00906	0.00566	0.00510	0.00963	0.01529	0.01813	0.06797	0.06457	0.71961	0.01699	0.00793	0.00227	0.00340	0.01416	0.00623	0.00566
11	0.72947	0.01281	0.01046	0.00915	0.01341	0.01451	0.00754	0.02109	0.01224	0.10333	0.01114	0.01215	0.00825	0.00645	0.00443	0.00208	0.00525	0.00396	0.00459	0.00770
12	0.01832	0.73075	0.03441	0.01168	0.01740	0.02626	0.01154	0.05409	0.01453	0.01711	0.00967	0.01103	0.00875	0.00586	0.00443	0.00146	0.00719	0.00371	0.00306	0.00875
13	0.01346	0.03471	0.72942	0.01912	0.02904	0.01558	0.02479	0.02125	0.01417	0.02125	0.01204	0.01417	0.00850	0.00637	0.00637	0.00212	0.00992	0.00496	0.00283	0.00992
14	0.00944	0.00686	0.00889	0.00838	0.00999	0.00631	0.00628	0.01255	0.01885	0.02657	0.69370	0.05068	0.08862	0.01384	0.00791	0.00212	0.00317	0.01221	0.00734	0.00631
15	0.00818	0.00584	0.00779	0.00934	0.00973	0.00545	0.00623	0.00934	0.01285	0.01713	0.03698	0.75981	0.04438	0.02102	0.00856	0.00273	0.00389	0.01908	0.00623	0.00545
16	0.02506	0.03198	0.01901	0.01729	0.02074	0.73725	0.01296	0.02679	0.01901	0.01642	0.01037	0.01210	0.00864	0.00691	0.00605	0.00173	0.01210	0.00432	0.00346	0.00778
17	0.75248	0.01341	0.01063	0.00932	0.01357	0.01549	0.00768	0.07087	0.01293	0.03102	0.00985	0.01129	0.00758	0.00637	0.00434	0.00207	0.00536	0.00381	0.00434	0.00758
18	0.01661	0.01594	0.02724	0.04119	0.72233	0.01594	0.02059	0.02059	0.01528	0.02192	0.01262	0.01661	0.01063	0.00598	0.00664	0.00199	0.00797	0.00598	0.00332	0.01063
19	0.00824	0.00681	0.00723	0.00712	0.00925	0.00580	0.00534	0.01023	0.01602	0.01986	0.19638	0.06172	0.59013	0.01635	0.00793	0.00224	0.00335	0.01376	0.00646	0.00580
20	0.01322	0.01159	0.01304	0.01168	0.01455	0.03425	0.03264	0.02298	0.31964	0.02481	0.21806	0.03846	0.16769	0.01178	0.00788	0.00224	0.03082	0.00994	0.00650	0.00825
21	0.01794	0.76823	0.03516	0.01148	0.01722	0.02655	0.01148	0.02009	0.01363	0.01579	0.00933	0.01076	0.00861	0.00574	0.00431	0.00144	0.00718	0.00359	0.00287	0.00861
22	0.01715	0.01419	0.01555	0.01449	0.04441	0.01611	0.01086	0.05713	0.60522	0.05271	0.05670	0.02542	0.02153	0.00912	0.00686	0.00224	0.00540	0.00764	0.00676	0.01049
23	0.02506	0.03198	0.01901	0.01729	0.02074	0.73725	0.01296	0.02679	0.01901	0.01642	0.01037	0.01210	0.00864	0.00691	0.00605	0.00173	0.01210	0.00432	0.00346	0.00778
24	0.02498	0.01829	0.01958	0.01507	0.02028	0.02022	0.01243	0.67237	0.03084	0.04159	0.01634	0.01647	0.01164	0.00805	0.00663	0.00200	0.00721	0.00605	0.03876	0.01120
25	0.01585	0.01339	0.01934	0.39148	0.10818	0.01539	0.01581	0.07251	0.17098	0.05761	0.01647	0.01933	0.01230	0.00728	0.00667	0.00215	0.00761	0.00630	0.00445	0.03688
26	0.00969	0.00659	0.00771	0.00771	0.00790	0.00670	0.00459	0.01001	0.01002	0.01344	0.02197	0.04240	0.04122	0.66243	0.11500	0.00689	0.00775	0.00957	0.00407	0.00433
27	0.00976	0.00651	0.00732	0.00732	0.00732	0.00651	0.00407	0.00976	0.00976	0.01301	0.02114	0.04391	0.02439	0.76419	0.03415	0.00651	0.00651	0.00976	0.00407	0.00407
28	0.03010	0.01142	0.01557	0.01194	0.01713	0.00986	0.00986	0.03270	0.01920	0.72698	0.02647	0.02284	0.01661	0.00830	0.00675	0.00208	0.00571	0.00675	0.00830	0.01142
29	0.01632	0.01624	0.02948	0.06210	0.56183	0.01611	0.15656	0.02066	0.01533	0.02168	0.01279	0.01695	0.01048	0.00594	0.00690	0.00206	0.00867	0.00637	0.00332	0.01021
30	0.00957	0.00699	0.00992	0.00998	0.01088	0.00787	0.00737	0.01140	0.01064	0.01508	0.01937	0.05747	0.01946	0.20448	0.55750	0.00955	0.01496	0.00819	0.00380	0.00555
31	0.01251	0.00625	0.00625	0.00625	0.00782	0.00625	0.00469	0.01563	0.01407	0.02502	0.02189	0.02502	0.01720	0.00782	0.00469	0.00156	0.00313	0.00625	0.80144	0.00625
32	0.00979	0.00684	0.00934	0.00934	0.01001	0.00751	0.00659	0.01093	0.01026	0.01435	0.01875	0.03260	0.01932	0.31813	0.42516	0.06138	0.01284	0.00807	0.00373	0.00506
33	0.14119	0.20251	0.02276	0.11260	0.10857	0.22588	0.01340	0.06435	0.01614	0.02076	0.01080	0.01315	0.00888	0.00645	0.00554	0.00183	0.00863	0.00456	0.00355	0.00844
34	0.01261	0.01186	0.01468	0.01364	0.01541	0.09197	0.08726	0.04215	0.03636	0.01891	0.02753	0.44735	0.03091	0.01585	0.00933	0.00255	0.07445	0.03514	0.00533	0.00672
35	0.81159	0.01298	0.00986	0.00882	0.01298	0.01505	0.00727	0.01972	0.01142	0.03010	0.00934	0.01090	0.00727	0.00623	0.00415	0.00208	0.00519	0.00363	0.00415	0.00727
36	0.00798	0.00676	0.00689	0.00693	0.00911	0.00568	0.00517	0.00970	0.01531	0.01834	0.08523	0.08905	0.67692	0.01705	0.00795	0.00228	0.00341	0.01428	0.00626	0.00568
37	0.01830	0.02140	0.13085	0.08320	0.16341	0.14163	0.15985	0.07281	0.01705	0.05716	0.01319	0.01597	0.01005	0.00640	0.00667	0.00198	0.00941	0.00586	0.00380	0.06099
38	0.00818	0.00584	0.00779	0.00934	0.00973	0.00545	0.00623	0.00934	0.01285	0.01713	0.03698	0.75981	0.04438	0.02102	0.00856	0.00273	0.00389	0.01908	0.00623	0.00545
39	0.06193	0.01693	0.04915	0.23309	0.33884	0.07953	0.08483	0.02024	0.01488	0.02050	0.01211	0.01630	0.00967	0.00626	0.00658	0.00207	0.00884	0.00585	0.00328	0.00911
40	0.01408	0.03301	0.65685	0.01958	0.02912	0.01588	0.06846	0.04744	0.01495	0.02208	0.01230	0.01450	0.00872	0.00639	0.00649	0.00213	0.00991	0.00519	0.00302	0.00992
41	0.00809	0.00683	0.00702	0.00705	0.00927	0.00576	0.00534	0.00989	0.01544	0.01852	0.09105	0.06443	0.67126	0.01693	0.00798	0.00229	0.00349	0.03738	0.00627	0.00571
42	0.01525	0.00845	0.01092	0.00949	0.01217	0.00771	0.00739	0.04221	0.01927	0.20607	0.47627	0.04281	0.09004	0.01233	0.00757	0.00211	0.00398	0.01066	0.00753	0.00777
43	0.01642	0.01413	0.01494	0.01346	0.01717	0.01630	0.01046	0.03480	0.68449	0.02803	0.05304	0.02597	0.02208	0.00927	0.00687	0.00227	0.00523	0.00776	0.00685	0.01046
44	0.00842	0.00682	0.00748	0.00731	0.00936	0.00587	0.00548	0.01058	0.01645	0.02087	0.27123	0.06006	0.51465	0.01597	0.00793	0.00222	0.00333	0.01353	0.00659	0.00587
45	0.74657	0.01287	0.01056	0.04589	0.01477	0.01488	0.00792	0.02001	0.01177	0.05180	0.01002	0.01163	0.00765	0.00632	0.00436	0.00208	0.00539	0.00385	0.00423	0.00741
46	0.01794	0.76823	0.03516	0.01148	0.01722	0.02655	0.01148	0.02009	0.01363	0.01579	0.00933	0.01076	0.00861	0.00574	0.00431	0.00144	0.00718	0.00359	0.00287	0.00861
47	0.01748	0.44012	0.12853	0.04161	0.02233	0.04756	0.09302	0.06583	0.01517	0.01906	0.01075	0.01293	0.00899	0.00635	0.00620	0.00178	0.04552	0.00466	0.00321	0.00889
48	0.01398	0.02926	0.53768	0.08578	0.15974	0.01559	0.02348	0.02077	0.01431	0.02102	0.01214	0.01494	0.00893	0.00633	0.00645	0.00211	0.00947	0.00523	0.00294	0.00984
49	0.01901	0.23555	0.15695	0.01645	0.05824	0.05028	0.05664	0.08692	0.10540	0.10774	0.01555	0.01641	0.01175	0.00804	0.02513	0.00214	0.00809	0.00548	0.00448	0.00974
50	0.01562	0.05507	0.03739	0.02622	0.03250	0.01721	0.60946	0.02077	0.01546	0.02086	0.01505	0.01920	0.03478	0.00632	0.00836	0.00225	0.04336	0.00783	0.00345	0.00883
51	0.00793	0.00680	0.00680	0.00680	0.00906	0.00566	0.00510	0.00963	0.01529	0.01813	0.06797	0.06457	0.71961	0.01699	0.00793	0.00227	0.00340	0.01416	0.00623	0.00566
52	0.01053	0.00787	0.00925	0.00861	0.01073	0.00741	0.00661	0.07075	0.01868	0.02526	0.41633	0.05175	0.25615	0.01422	0.00777	0.00217	0.00370	0.03519	0.03046	0.00656
53	0.06911	0.16058	0.31694	0.04443	0.02422	0.08480	0.03558	0.10442	0.03819	0.04391	0.01265	0.01423	0.00948	0.00664	0.00595	0.00196	0.00874	0.00495	0.00376	0.00944
54	0.01819	0.01468	0.01566	0.01374	0.01775	0.01673	0.01078	0.09788	0.61193	0.06436	0.02622	0.02409	0.01944	0.00896	0.00681	0.00224	0.00552	0.00740	0.00689	0.01073
55	0.00897	0.00679	0.00836	0.00896	0.01027	0.00635	0.00650	0.01163	0.04561	0.02027	0.19939	0.36339	0.19884	0.01776	0.00824	0.00249	0.00383	0.05988	0.00652	0.00598
56	0.01570	0.01633	0.02674	0.24316	0.15241	0.07723	0.23527	0.02094	0.05522	0.02017	0.01358	0.01781	0.01055	0.00660	0.00744	0.00216	0.03225	0.00655	0.03121	0.00868
57	0.03897	0.03991	0.04751	0.60071	0.04084	0.04021	0.01768	0.01827	0.01366	0.03945	0.01206	0.01713	0.00908	0.00686	0.00698	0.00220	0.03184	0.00573	0.00319	0.00771
58	0.00905	0.00620	0.00818	0.00920	0.00998	0.00573	0.00632	0.01059	0.01407	0.04052	0.14340	0.60477	0.06811	0.01937	0.00839	0.00259	0.00382	0.01746	0.00647	0.00578
59	0.01958	0.01403	0.01751	0.11033	0.08880	0.01520	0.01239	0.28229	0.08596	0.09629	0.09805	0.02237	0.01861	0.00901	0.00748	0.03193	0.00653	0.00694	0.04714	0.00959
60	0.01921	0.04005	0.02320	0.05460	0.42314	0.10517	0.01663	0.02316	0.04114	0.12188	0.03614	0.01804	0.01305	0.00677	0.00651	0.00195	0.00785	0.00600	0.00429	0.03120
61	0.01686	0.08210	0.15268	0.08214	0.31005	0.11075	0.10910	0.02134	0.01537	0.02018	0.01203	0.01541	0.00965	0.00616	0.00650	0.00199	0.00930	0.00564	0.00320	0.00952
62	0.01414	0.01417	0.01410	0.01323	0.01479	0.18186	0.01033	0.01625	0.01276	0.01620	0.01488	0.02112	0.01362	0.03253	0.42693	0.00709	0.13161	0.00627	0.03149	0.00663
63	0.01702	0.43103	0.05701	0.04042	0.02445	0.04060	0.23745	0.02053	0.01439	0.01790	0.01090	0.01367	0.00914	0.00600	0.00628	0.00181	0.03442	0.00522	0.00306	0.00869
64	0.00959	0.00643	0.00737	0.00753	0.00757	0.00639	0.00429	0.00971	0.01008	0.01344	0.02281	0.11939	0.02650	0.68584	0.03145	0.00611	0.00623	0.01074	0.00429	0.00421
65	0.00814	0.00681	0.00709	0.00702	0.00919	0.00576	0.00527	0.01004	0.01580	0.01932	0.15673	0.06260	0.63011	0.01655	0.00793	0.00224	0.00337	0.01388	0.00639	0.00576
66	0.00964	0.00700	0.00840	0.00796	0.00992	0.00621	0.00600	0.01225	0.01764	0.04815	0.45516	0.05448	0.30312	0.01473	0.00788	0.00217	0.00334	0.01269	0.00699	0.00626
67	0.01770	0.01492	0.01574	0.01386	0.01783	0.01716	0.01087	0.11192	0.63230	0.02970	0.02602	0.02401	0.01944	0.00898	0.00681	0.00225	0.00555	0.00741	0.00681	0.01071
68	0.02230	0.01720	0.01833	0.01479	0.01958	0.01931	0.01198	0.45813	0.27860	0.03711	0.02019	0.01936	0.01471	0.00844	0.00675	0.00211	0.00663	0.00660	0.00675	0.01112
69	0.81159	0.01298	0.00986	0.00882	0.01298	0.01505	0.00727	0.01972	0.01142	0.03010	0.00934	0.01090	0.00727	0.00623	0.00415	0.00208	0.00519	0.00363	0.00415	0.00727
70	0.81159	0.01298	0.00986	0.00882	0.01298	0.01505	0.00727	0.01972	0.01142	0.03010	0.00934	0.01090	0.00727	0.00623	0.00415	0.00208	0.00519	0.00363	0.00415	0.00727
71	0.00793	0.00680	0.00680	0.00680	0.00906	0.00566	0.00510	0.00963	0.01529	0.01813	0.06797	0.06457	0.71961	0.01699	0.00793	0.00227	0.00340	0.01416	0.00623	0.00566
72	0.81159	0.01298	0.00986	0.00882	0.01298	0.01505	0.00727	0.01972	0.01142	0.03010	0.00934	0.01090	0.00727	0.00623	0.00415	0.00208	0.00519	0.00363	0.00415	0.00727
73	0.01663	0.01354	0.01537	0.01123	0.01705	0.01172	0.00908	0.17695	0.01805	0.02665	0.01291	0.01443	0.01028	0.00569	0.00538	0.00123	0.00553	0.00446	0.00462	0.61920
74	0.01669	0.01441	0.01517	0.01365	0.01745	0.01669	0.01062	0.03565	0.71021	0.02807	0.02731	0.02503	0.02048	0.00910	0.00683	0.00228	0.00531	0.00759	0.00683	0.01062
75	0.01468	0.01468	0.02055	0.01762	0.01762	0.02055	0.01468	0.01615	0.01028	0.01615	0.00881	0.01468	0.00881	0.01174	0.02202	0.00294	0.75191	0.00587	0.00294	0.00734
76	0.01794	0.76823	0.03516	0.01148	0.01722	0.02655	0.01148	0.02009	0.01363	0.01579	0.00933	0.01076	0.00861	0.00574	0.00431	0.00144	0.00718	0.00359	0.00287	0.00861
77	0.01794	0.76823	0.03516	0.01148	0.01722	0.02655	0.01148	0.02009	0.01363	0.01579	0.00933	0.01076	0.00861	0.00574	0.00431	0.00144	0.00718	0.00359	0.00287	0.00861
78	0.00793	0.00680	0.00680	0.00680	0.00906	0.00566	0.00510	0.00963	0.01529	0.01813	0.06797	0.06457	0.71961	0.01699	0.00793	0.00227	0.00340	0.01416	0.00623	0.00566
79	0.01669	0.01441	0.01517	0.01365	0.01745	0.01669	0.01062	0.03565	0.71021	0.02807	0.02731	0.02503	0.02048	0.00910	0.00683	0.00228	0.00531	0.00759	0.00683	0.01062
80	0.00959	0.00719	0.01078	0.01078	0.01198	0.00839	0.00839	0.01198	0.01078	0.01558	0.01797	0.02636	0.01677	0.05032	0.73760	0.01078	0.01797	0.00719	0.00359	0.00599
81	0.01380	0.05897	0.65067	0.01958	0.02911	0.01607	0.07755	0.02123	0.01428	0.02108	0.01207	0.01436	0.00864	0.00630	0.00642	0.00211	0.00993	0.00514	0.00288	0.00980
82	0.02241	0.01379	0.01521	0.01210	0.01630	0.01459	0.00985	0.38171	0.02422	0.15391	0.01960	0.01992	0.01403	0.00803	0.00611	0.00189	0.00583	0.00623	0.24441	0.00987
83	0.00885	0.00689	0.00809	0.00813	0.01000	0.00614	0.00625	0.01122	0.01658	0.02154	0.30207	0.08641	0.37532	0.01612	0.00810	0.00232	0.00365	0.08972	0.00665	0.00596
84	0.02994	0.01168	0.01573	0.01206	0.01726	0.01025	0.00996	0.05615	0.01964	0.70292	0.02611	0.02260	0.01643	0.00830	0.00675	0.00207	0.00577	0.00672	0.00825	0.01142
85	0.01786	0.01681	0.05416	0.05478	0.57060	0.01631	0.01944	0.10341	0.01728	0.04513	0.01341	0.01667	0.01077	0.00633	0.00665	0.00201	0.00794	0.00597	0.00385	0.01064
86	0.07459	0.01663	0.01806	0.01405	0.01912	0.01801	0.01157	0.50231	0.05100	0.14901	0.01794	0.01750	0.01251	0.00801	0.00648	0.00202	0.00675	0.00606	0.03745	0.01093
87	0.00984	0.00652	0.00739	0.00739	0.00748	0.00656	0.00422	0.01002	0.00993	0.01349	0.02107	0.04273	0.02391	0.71655	0.05534	0.00648	0.00675	0.00956	0.03056	0.00420
88	0.24928	0.08967	0.03635	0.01574	0.05776	0.40951	0.01193	0.02369	0.01604	0.02072	0.01015	0.01195	0.00835	0.00655	0.00540	0.00183	0.00940	0.00417	0.00358	0.00792
89	0.00826	0.00590	0.00788	0.00944	0.00986	0.00552	0.00637	0.00949	0.01293	0.01722	0.03694	0.73835	0.04420	0.02094	0.00859	0.00274	0.00396	0.03972	0.00623	0.00547
90	0.03523	0.07674	0.01749	0.03461	0.01773	0.01265	0.03600	0.01791	0.03851	0.02109	0.02872	0.01520	0.01125	0.00629	0.00716	0.00144	0.09162	0.00469	0.00390	0.52177
91	0.01305	0.00788	0.00870	0.00819	0.01024	0.00805	0.00623	0.01865	0.12478	0.05210	0.20127	0.03136	0.02949	0.00955	0.00593	0.00183	0.00358	0.00799	0.44399	0.00715
92	0.01575	0.02095	0.27522	0.06312	0.20696	0.01412	0.04232	0.06388	0.01592	0.08157	0.01831	0.09657	0.03867	0.00845	0.00686	0.00216	0.00802	0.00742	0.00418	0.00954
93	0.00815	0.00626	0.00747	0.00832	0.00949	0.00558	0.00580	0.00962	0.01409	0.01800	0.08295	0.45719	0.30481	0.01911	0.00829	0.00252	0.00367	0.01684	0.00629	0.00558
94	0.02056	0.49739	0.02922	0.01362	0.01852	0.28799	0.01203	0.02256	0.01561	0.01602	0.00971	0.01126	0.00862	0.00617	0.00495	0.00154	0.00899	0.00386	0.00309	0.00830
95	0.03626	0.02485	0.38292	0.01691	0.04449	0.07004	0.03588	0.02144	0.06074	0.06284	0.04166	0.09476	0.01566	0.00839	0.00659	0.00210	0.00823	0.00694	0.00412	0.05519
96	0.01404	0.07701	0.60379	0.02016	0.05020	0.01638	0.08439	0.02118	0.01432	0.02096	0.01203	0.01439	0.00872	0.00626	0.00640	0.00209	0.00982	0.00517	0.00290	0.00978
97	0.01193	0.00658	0.00701	0.00707	0.00860	0.00658	0.00523	0.01547	0.04125	0.02449	0.08914	0.10403	0.02449	0.00980	0.00548	0.00176	0.00329	0.00820	0.61325	0.00635
98	0.01636	0.01663	0.03115	0.03709	0.50436	0.01627	0.23542	0.02088	0.01546	0.02179	0.01292	0.01708	0.01049	0.00588	0.00705	0.00208	0.00903	0.00659	0.00334	0.01013
99	0.04015	0.08573	0.27894	0.07670	0.16618	0.01547	0.01810	0.04503	0.03762	0.10184	0.01565	0.06201	0.01256	0.00753	0.00642	0.00208	0.00799	0.00628	0.00408	0.00965
100	0.01300	0.01241	0.02141	0.68106	0.07536	0.01506	0.05265	0.01751	0.01362	0.01757	0.01204	0.01784	0.00908	0.00662	0.00677	0.00223	0.00902	0.00606	0.00302	0.00767
101	0.01081	0.00772	0.01081	0.01236	0.01390	0.00772	0.01081	0.01390	0.01545	0.02008	0.03553	0.07569	0.03862	0.01854	0.00927	0.00309	0.00618	0.67717	0.00618	0.00618
102	0.01498	0.03840	0.02613	0.31786	0.06969	0.01588	0.22823	0.02036	0.05935	0.04684	0.01481	0.02068	0.01174	0.00732	0.00795	0.00228	0.04923	0.03611	0.00371	0.00844
103	0.01384	0.01695	0.14025	0.31037	0.19944	0.03970	0.01845	0.01823	0.01416	0.01906	0.01589	0.05306	0.03681	0.00815	0.00752	0.00223	0.04155	0.03248	0.00343	0.00844
104	0.01124	0.00995	0.01465	0.07674	0.24201	0.00971	0.01132	0.01371	0.01440	0.01883	0.03750	0.17610	0.27239	0.05076	0.00885	0.00247	0.00556	0.01159	0.00493	0.00729
105	0.02517	0.01877	0.02082	0.01589	0.02131	0.02067	0.03683	0.67612	0.03100	0.04156	0.01602	0.01618	0.01137	0.00797	0.00675	0.00202	0.00752	0.00611	0.00660	0.01133
106	0.02103	0.13530	0.02429	0.02229	0.18526	0.32770	0.03915	0.08024	0.01769	0.01996	0.01124	0.01368	0.00940	0.00689	0.00712	0.00187	0.05943	0.00498	0.00358	0.00889
107	0.01442	0.01223	0.01419	0.01018	0.01612	0.00947	0.00816	0.04690	0.01469	0.02276	0.01211	0.01401	0.01000	0.00510	0.00505	0.00104	0.00508	0.00407	0.00410	0.77034
108	0.01328	0.03348	0.69778	0.01866	0.02821	0.01518	0.02398	0.02087	0.01438	0.02150	0.04309	0.01575	0.01091	0.00670	0.00644	0.00212	0.00962	0.00527	0.00303	0.00976
109	0.14238	0.01638	0.01909	0.01491	0.01997	0.07233	0.08995	0.22598	0.06033	0.24444	0.01816	0.01781	0.01253	0.00755	0.00644	0.00206	0.00725	0.00607	0.00619	0.01019
110	0.01294	0.01214	0.02044	0.63727	0.12222	0.01464	0.01836	0.01722	0.01361	0.01769	0.01302	0.04766	0.01057	0.00720	0.00678	0.00223	0.00863	0.00649	0.00315	0.00774
111	0.00929	0.00721	0.00982	0.01051	0.01093	0.00786	0.00750	0.01059	0.01210	0.01660	0.03011	0.53458	0.03526	0.06061	0.10228	0.00394	0.10438	0.01539	0.00536	0.00570
112	0.01993	0.42885	0.02838	0.01366	0.01881	0.07149	0.03638	0.15139	0.08297	0.04428	0.01304	0.01398	0.01057	0.00686	0.00594	0.00175	0.03338	0.00481	0.00420	0.00933
113	0.13225	0.01735	0.12115	0.01405	0.04340	0.03878	0.01230	0.14026	0.06903	0.16618	0.04257	0.01786	0.01366	0.00728	0.00605	0.00190	0.00660	0.00563	0.00545	0.13826
114	0.01745	0.18064	0.17161	0.05710	0.07968	0.03959	0.21243	0.02207	0.01543	0.10058	0.03201	0.01681	0.01155	0.00645	0.00649	0.00199	0.00895	0.00602	0.00381	0.00933
115	0.05330	0.01315	0.01804	0.01371	0.01902	0.01230	0.06605	0.13463	0.02059	0.54144	0.02327	0.02103	0.01498	0.00798	0.00675	0.00208	0.00641	0.00663	0.00753	0.01109
116	0.00818	0.00584	0.00779	0.00934	0.00973	0.00545	0.00623	0.00934	0.01285	0.01713	0.03698	0.75981	0.04438	0.02102	0.00856	0.00273	0.00389	0.01908	0.00623	0.00545
117	0.01645	0.04183	0.04682	0.08135	0.53102	0.01625	0.01892	0.06465	0.01586	0.02232	0.01361	0.04896	0.01186	0.00703	0.00718	0.00206	0.03373	0.00644	0.00361	0.01004
118	0.02120	0.55631	0.02977	0.01178	0.01731	0.04468	0.01112	0.02345	0.01519	0.19325	0.01364	0.01382	0.01061	0.00642	0.00497	0.00160	0.00696	0.00440	0.00424	0.00929
119	0.01106	0.00883	0.01182	0.01106	0.01150	0.01073	0.00822	0.01232	0.01036	0.01503	0.01696	0.03008	0.01768	0.31496	0.25728	0.00681	0.20268	0.00781	0.02919	0.00560
120	0.00959	0.00719	0.01078	0.01078	0.01198	0.00839	0.00839	0.01198	0.01078	0.01558	0.01797	0.02636	0.01677	0.05032	0.73760	0.01078	0.01797	0.00719	0.00359	0.00599
121	0.01370	0.01331	0.02356	0.54604	0.15913	0.01532	0.09696	0.01823	0.01401	0.01845	0.01223	0.01770	0.00937	0.00646	0.00684	0.00220	0.00905	0.00619	0.00309	0.00817
122	0.01081	0.00772	0.01081	0.01236	0.01390	0.00772	0.01081	0.01390	0.01545	0.02008	0.03553	0.07569	0.03862	0.01854	0.00927	0.00309	0.00618	0.67717	0.00618	0.00618
123	0.02944	0.01127	0.01536	0.01183	0.01690	0.00975	0.00975	0.03206	0.01920	0.70453	0.04867	0.02371	0.01811	0.00848	0.00679	0.00208	0.00563	0.00692	0.00828	0.01126
124	0.01669	0.01441	0.01517	0.01365	0.01745	0.01669	0.01062	0.03565	0.71021	0.02807	0.02731	0.02503	0.02048	0.00910	0.00683	0.00228	0.00531	0.00759	0.00683	0.01062
125	0.00866	0.00621	0.00823	0.00959	0.01026	0.00586	0.00680	0.01018	0.01349	0.01790	0.06729	0.58179	0.06696	0.04351	0.00942	0.00285	0.00426	0.11497	0.00620	0.00556
126	0.01391	0.01193	0.01391	0.00994	0.01590	0.00894	0.00795	0.01690	0.01391	0.02186	0.01193	0.01391	0.00994	0.00497	0.00497	0.00099	0.00497	0.00398	0.00398	0.80521
127	0.01831	0.01513	0.04491	0.01988	0.15785	0.01550	0.05278	0.14024	0.19757	0.09583	0.04236	0.02200	0.01637	0.04103	0.05072	0.00284	0.04435	0.00698	0.00545	0.00988
128	0.81159	0.01298	0.00986	0.00882	0.01298	0.01505	0.00727	0.01972	0.01142	0.03010	0.00934	0.01090	0.00727	0.00623	0.00415	0.00208	0.00519	0.00363	0.00415	0.00727
129	0.01748	0.11605	0.06495	0.01387	0.05762	0.05019	0.01133	0.06629	0.04674	0.08393	0.01367	0.01502	0.01075	0.00625	0.00611	0.00151	0.03414	0.00473	0.00434	0.37501
130	0.05970	0.07318	0.08259	0.03562	0.02188	0.27812	0.08296	0.11567	0.08994	0.02281	0.01615	0.04058	0.03626	0.00780	0.00639	0.00197	0.00917	0.00609	0.00435	0.00875
131	0.00950	0.00686	0.00897	0.00844	0.01002	0.00633	0.00633	0.01266	0.01899	0.02691	0.71879	0.05012	0.06331	0.01372	0.00791	0.00211	0.00317	0.01213	0.00739	0.00633
132	0.01605	0.01736	0.06796	0.14866	0.41682	0.06198	0.04030	0.01994	0.01453	0.02002	0.01188	0.01618	0.00986	0.00690	0.00858	0.00215	0.10234	0.00586	0.00320	0.00943
133	0.02477	0.03049	0.01941	0.01809	0.04780	0.66239	0.01324	0.07076	0.01969	0.01833	0.01084	0.01254	0.00890	0.00695	0.00612	0.00176	0.01163	0.00450	0.00367	0.00813
134	0.01026	0.00816	0.01197	0.01158	0.01258	0.00994	0.00909	0.01246	0.01069	0.01557	0.01686	0.02536	0.01596	0.06715	0.62155	0.00962	0.11449	0.00709	0.00352	0.00611
135	0.00959	0.00716	0.01063	0.01063	0.01178	0.00830	0.00820	0.01188	0.01074	0.01546	0.01811	0.02713	0.01711	0.08168	0.70670	0.01060	0.01747	0.00730	0.00362	0.00591
136	0.00930	0.00693	0.00876	0.00863	0.01028	0.00627	0.00646	0.01193	0.01709	0.02351	0.45094	0.16460	0.15191	0.01530	0.00799	0.00225	0.00356	0.05166	0.00684	0.03581
137	0.01796	0.03615	0.01286	0.01044	0.01347	0.01054	0.00817	0.14822	0.01864	0.19174	0.10737	0.12758	0.04665	0.06576	0.03137	0.00265	0.00550	0.00919	0.12748	0.00826
138	0.01766	0.63377	0.09280	0.01433	0.06833	0.02472	0.01328	0.03764	0.01425	0.01736	0.00996	0.01160	0.00882	0.00587	0.00471	0.00155	0.00747	0.00394	0.00300	0.00894
139	0.01756	0.62873	0.13844	0.01286	0.01913	0.05357	0.01353	0.02054	0.01393	0.01663	0.00978	0.01133	0.00860	0.00588	0.00469	0.00155	0.00778	0.00382	0.00289	0.00877
140	0.00843	0.00605	0.00819	0.00962	0.01013	0.00581	0.00664	0.00979	0.01280	0.01715	0.03531	0.66370	0.04176	0.02337	0.07012	0.00342	0.00520	0.05098	0.00600	0.00553
141	0.01166	0.00583	0.00874	0.00874	0.00874	0.00583	0.00583	0.00874	0.00874	0.01166	0.01166	0.02040	0.01166	0.02331	0.02622	0.80478	0.00583	0.00583	0.00291	0.00291
142	0.00950	0.00686	0.00897	0.00844	0.01002	0.00633	0.00633	0.01266	0.01899	0.02691	0.71879	0.05012	0.06331	0.01372	0.00791	0.00211	0.00317	0.01213	0.00739	0.00633
143	0.01391	0.01193	0.01391	0.00994	0.01590	0.00894	0.00795	0.01690	0.01391	0.02186	0.01193	0.01391	0.00994	0.00497	0.00497	0.00099	0.00497	0.00398	0.00398	0.80521
144	0.00850	0.00682	0.00759	0.00739	0.00941	0.00591	0.00555	0.01073	0.01664	0.02131	0.30411	0.05933	0.48148	0.01580	0.00792	0.00221	0.00331	0.01343	0.00665	0.00591
145	0.01180	0.00640	0.00689	0.00677	0.00834	0.00627	0.00508	0.01493	0.01523	0.02546	0.18600	0.03093	0.02806	0.00921	0.00545	0.00169	0.00314	0.00764	0.61446	0.00627
146	0.04653	0.01714	0.01831	0.01422	0.01917	0.01885	0.01170	0.59154	0.02885	0.06124	0.01682	0.01706	0.01203	0.00799	0.00644	0.00197	0.00684	0.00602	0.08650	0.01078
147	0.00812	0.00680	0.00706	0.00699	0.00918	0.00574	0.00524	0.00999	0.01573	0.01917	0.14530	0.06286	0.64163	0.01660	0.00793	0.00225	0.00337	0.01392	0.00637	0.00574
148	0.02107	0.28387	0.08518	0.03541	0.04702	0.21179	0.01383	0.18450	0.01944	0.02302	0.01165	0.01309	0.00936	0.00669	0.00567	0.00175	0.00884	0.00464	0.00396	0.00921
149	0.08221	0.01882	0.04878	0.06923	0.16322	0.14193	0.08296	0.04466	0.03888	0.02061	0.01158	0.01525	0.00965	0.00796	0.01070	0.00227	0.21351	0.00568	0.00351	0.00860
150	0.01666	0.01718	0.03081	0.03632	0.48295	0.04148	0.23209	0.02109	0.01558	0.02160	0.01284	0.01692	0.01042	0.00591	0.00702	0.00207	0.00916	0.00653	0.00335	0.01004
151	0.00947	0.00688	0.00894	0.00847	0.01008	0.00634	0.00639	0.01258	0.01878	0.02644	0.68042	0.05121	0.08569	0.01394	0.00795	0.00214	0.00324	0.02740	0.00732	0.00630
152	0.00980	0.00717	0.00985	0.00976	0.01050	0.00808	0.00705	0.01132	0.01041	0.01469	0.01882	0.03221	0.01923	0.30118	0.46808	0.00904	0.03567	0.00806	0.00374	0.00535
153	0.00820	0.00681	0.00717	0.00708	0.00923	0.00578	0.00531	0.01015	0.01593	0.01964	0.18053	0.06207	0.60610	0.01643	0.00793	0.00224	0.00336	0.01381	0.00643	0.00578
154	0.00862	0.00603	0.00765	0.00877	0.00905	0.00575	0.00561	0.00946	0.01197	0.01596	0.03248	0.55648	0.03870	0.23209	0.01583	0.00380	0.00463	0.01643	0.00561	0.00506
155	0.01391	0.01193	0.01391	0.00994	0.01590	0.00894	0.00795	0.01690	0.01391	0.02186	0.01193	0.01391	0.00994	0.00497	0.00497	0.00099	0.00497	0.00398	0.00398	0.80521
156	0.81159	0.01298	0.00986	0.00882	0.01298	0.01505	0.00727	0.01972	0.01142	0.03010	0.00934	0.01090	0.00727	0.00623	0.00415	0.00208	0.00519	0.00363	0.00415	0.00727
157	0.00801	0.00680	0.00691	0.00688	0.00911	0.00570	0.00516	0.00978	0.01548	0.01857	0.10052	0.06385	0.68679	0.01683	0.00793	0.00226	0.00339	0.01406	0.00629	0.00570
158	0.01391	0.01193	0.01391	0.00994	0.01590	0.00894	0.00795	0.01690	0.01391	0.02186	0.01193	0.01391	0.00994	0.00497	0.00497	0.00099	0.00497	0.00398	0.00398	0.80521
159	0.01584	0.01810	0.03959	0.02828	0.03507	0.01697	0.69796	0.02149	0.01584	0.02149	0.01357	0.01810	0.01018	0.00566	0.00792	0.00226	0.01131	0.00792	0.00339	0.00905
160	0.00840	0.00600	0.00804	0.00960	0.01008	0.00564	0.00662	0.00973	0.01307	0.01738	0.03686	0.70208	0.04389	0.02081	0.00862	0.00276	0.00409	0.07461	0.00622	0.00551
161	0.00982	0.00652	0.00742	0.00742	0.00750	0.00657	0.00423	0.00997	0.00989	0.01338	0.02105	0.04284	0.02395	0.72108	0.05865	0.00654	0.00684	0.00958	0.02255	0.00419
162	0.01637	0.02582	0.41705	0.04289	0.02629	0.01538	0.07297	0.08271	0.09521	0.08828	0.01752	0.01856	0.03580	0.00733	0.00668	0.00215	0.00864	0.00610	0.00429	0.00996
163	0.01350	0.01405	0.06255	0.56476	0.18024	0.01515	0.01938	0.01807	0.01383	0.01834	0.01207	0.01742	0.00926	0.00654	0.00668	0.00218	0.00881	0.00591	0.00304	0.00823
164	0.00951	0.00679	0.00932	0.01087	0.01184	0.00660	0.00855	0.01165	0.01416	0.01862	0.03625	0.41407	0.04147	0.01977	0.00892	0.00291	0.00505	0.35166	0.00620	0.00582
165	0.00837	0.00609	0.00793	0.00925	0.00994	0.00565	0.00641	0.00979	0.01349	0.01780	0.06732	0.62278	0.10880	0.02019	0.00852	0.00268	0.00396	0.05922	0.00627	0.00555
166	0.01724	0.06798	0.13614	0.06964	0.19936	0.15073	0.01655	0.02434	0.15952	0.02115	0.01568	0.01906	0.01275	0.00754	0.00690	0.00207	0.02834	0.03157	0.00404	0.00939
167	0.12682	0.06186	0.12732	0.01419	0.01980	0.03335	0.05748	0.15611	0.01884	0.23585	0.01790	0.04310	0.01301	0.00775	0.00624	0.00204	0.00707	0.00616	0.03528	0.00982
168	0.00953	0.00657	0.00797	0.00856	0.00896	0.00645	0.00566	0.01034	0.01151	0.01520	0.02831	0.20391	0.05212	0.46037	0.02380	0.00501	0.00580	0.12024	0.00494	0.00476
169	0.01484	0.01555	0.12172	0.01487	0.05755	0.01370	0.01228	0.02674	0.37851	0.05027	0.10455	0.11366	0.02575	0.01044	0.00708	0.00226	0.00575	0.00897	0.00607	0.00943
170	0.01559	0.03862	0.01500	0.01041	0.01623	0.01022	0.00843	0.03966	0.03595	0.07024	0.01342	0.01481	0.01071	0.00544	0.00518	0.00115	0.00518	0.00432	0.00440	0.67502
171	0.01324	0.01112	0.01237	0.03656	0.01525	0.01213	0.00903	0.02466	0.38902	0.02531	0.17545	0.03929	0.15618	0.01180	0.00735	0.00227	0.00469	0.03906	0.00667	0.00854
172	0.00862	0.00625	0.00790	0.00861	0.00956	0.00573	0.00596	0.01011	0.01436	0.01909	0.19091	0.42766	0.16453	0.04437	0.00990	0.03498	0.00381	0.01583	0.00628	0.00553
173	0.01544	0.01560	0.05242	0.22808	0.51603	0.01565	0.02023	0.01970	0.01474	0.02063	0.01241	0.01685	0.01010	0.00619	0.00665	0.00206	0.00830	0.00594	0.00321	0.00976
174	0.01727	0.07171	0.13292	0.04652	0.28203	0.04129	0.14118	0.04312	0.04012	0.06762	0.01425	0.01698	0.01098	0.00641	0.00659	0.00202	0.00854	0.00607	0.03455	0.00982
175	0.01073	0.00903	0.00908	0.00905	0.01122	0.04387	0.00668	0.01474	0.11226	0.04019	0.05072	0.22236	0.40301	0.01610	0.00780	0.00235	0.00429	0.01371	0.00624	0.00658
176	0.00961	0.00710	0.01031	0.01031	0.01134	0.00813	0.00780	0.01168	0.01064	0.01523	0.01841	0.02876	0.01782	0.14795	0.64140	0.01020	0.01640	0.00754	0.00366	0.00573
177	0.14031	0.06759	0.04603	0.03689	0.10051	0.31879	0.03143	0.04563	0.01591	0.02000	0.01078	0.01359	0.00901	0.00799	0.00816	0.05393	0.05718	0.00478	0.00352	0.00797
178	0.00915	0.00706	0.00921	0.01057	0.04583	0.00640	0.00704	0.01092	0.01413	0.01888	0.10480	0.46654	0.15452	0.01777	0.00809	0.00245	0.00409	0.03885	0.00605	0.05765
179	0.12320	0.11189	0.09728	0.02233	0.22604	0.07926	0.03669	0.10368	0.07215	0.04630	0.01357	0.01534	0.01059	0.00666	0.00601	0.00196	0.00782	0.00535	0.00417	0.00969
180	0.01611	0.15263	0.31182	0.01714	0.08586	0.01543	0.01678	0.02136	0.03907	0.10123	0.01606	0.08251	0.01343	0.00775	0.00618	0.00195	0.00766	0.00630	0.00406	0.07666

[dist]
# distance from previous block
# <min> <max>
1	3

[block]
# block no. 1 follows, 32 sequences, length 89
# corresponding to MSA columns:
# 226-314
name=unknown_B
#
# <colnr> <probs for GDERKNQSTAVLIFYWHMCP>
#	G	D	E	R	K	N	Q	S	T	A	V	L	I	F	Y	W	H	M	C	P
0	0.01697	0.01535	0.07676	0.21235	0.02691	0.03591	0.06758	0.07300	0.03697	0.12019	0.01842	0.02102	0.05933	0.00872	0.00974	0.00229	0.15177	0.00670	0.03143	0.00856
1	0.01548	0.11134	0.32172	0.01592	0.02268	0.01590	0.05353	0.13554	0.01687	0.02360	0.01547	0.09669	0.01350	0.00982	0.03601	0.00236	0.00849	0.00670	0.00403	0.07434
2	0.00964	0.00699	0.00975	0.00975	0.01059	0.00783	0.00710	0.01132	0.01048	0.01481	0.01892	0.03159	0.01904	0.26299	0.52804	0.00951	0.01456	0.00795	0.00373	0.00542
3	0.01173	0.01199	0.07423	0.16479	0.12084	0.01075	0.03134	0.01599	0.03634	0.02234	0.27725	0.06192	0.08979	0.01093	0.00740	0.00220	0.00601	0.03136	0.00524	0.00757
4	0.01267	0.01193	0.02013	0.74806	0.04621	0.01491	0.01863	0.01714	0.01342	0.01714	0.01193	0.01789	0.00894	0.00671	0.00671	0.00224	0.00894	0.00596	0.00298	0.00745
5	0.00965	0.00693	0.00946	0.00946	0.01019	0.00767	0.00673	0.01113	0.01039	0.01459	0.01919	0.03309	0.01969	0.32393	0.46798	0.00914	0.01358	0.00817	0.00378	0.00525
6	0.00975	0.00655	0.00756	0.00756	0.00764	0.00664	0.00437	0.00991	0.00983	0.01319	0.02092	0.04268	0.02386	0.71422	0.08340	0.00680	0.00731	0.00958	0.00403	0.00420
7	0.00924	0.00685	0.00862	0.00817	0.00987	0.00622	0.00613	0.01217	0.01839	0.02548	0.61296	0.05247	0.17004	0.01425	0.00792	0.00214	0.00320	0.01246	0.00720	0.00622
8	0.01603	0.01523	0.02520	0.14322	0.56496	0.01585	0.01949	0.02132	0.07182	0.02172	0.01372	0.01748	0.01119	0.00634	0.00667	0.00205	0.00790	0.00611	0.00356	0.01016
9	0.01669	0.01441	0.01517	0.01365	0.01745	0.01669	0.01062	0.03565	0.71021	0.02807	0.02731	0.02503	0.02048	0.00910	0.00683	0.00228	0.00531	0.00759	0.00683	0.01062
10	0.01697	0.01386	0.01975	0.16651	0.14945	0.01475	0.03386	0.06994	0.10108	0.08869	0.01532	0.01776	0.01177	0.00728	0.00805	0.00200	0.08665	0.00590	0.00448	0.16593
11	0.01104	0.00951	0.01560	0.15022	0.09734	0.00977	0.08088	0.01360	0.01341	0.01792	0.02574	0.35288	0.02842	0.08439	0.01038	0.00289	0.00642	0.05810	0.00482	0.00667
12	0.02049	0.01603	0.01797	0.04584	0.04619	0.01793	0.01241	0.36798	0.25615	0.03392	0.02115	0.02406	0.01654	0.00913	0.00696	0.00220	0.00668	0.06142	0.00643	0.01053
13	0.01346	0.03471	0.72942	0.01912	0.02904	0.01558	0.02479	0.02125	0.01417	0.02125	0.01204	0.01417	0.00850	0.00637	0.00637	0.00212	0.00992	0.00496	0.00283	0.00992
14	0.02506	0.01799	0.01946	0.01508	0.02031	0.01981	0.01240	0.60546	0.08629	0.08237	0.01765	0.01724	0.01247	0.00816	0.00672	0.00204	0.00711	0.00621	0.00682	0.01135
15	0.01552	0.05440	0.27254	0.02321	0.03076	0.01627	0.38657	0.02154	0.01530	0.05029	0.01420	0.01873	0.01084	0.00648	0.00724	0.00220	0.01025	0.03086	0.00348	0.00932
16	0.01012	0.00741	0.00793	0.00768	0.01011	0.00644	0.00580	0.01255	0.04357	0.07640	0.06063	0.11132	0.58356	0.01626	0.00784	0.00228	0.00370	0.01365	0.00642	0.00632
17	0.02642	0.01732	0.01923	0.01474	0.02007	0.01862	0.01218	0.56677	0.02908	0.17896	0.01818	0.01745	0.01245	0.00810	0.00672	0.00203	0.00705	0.00618	0.00703	0.01141
18	0.04057	0.01574	0.02324	0.04968	0.10399	0.01715	0.13380	0.19177	0.04475	0.14438	0.01570	0.01765	0.01162	0.00807	0.00975	0.00226	0.14851	0.00644	0.00508	0.00984
19	0.01215	0.01310	0.09513	0.01215	0.01462	0.05971	0.03047	0.03575	0.03621	0.01726	0.02031	0.02948	0.05890	0.20872	0.28985	0.00648	0.04149	0.00773	0.00394	0.00655
20	0.00818	0.00584	0.00779	0.00934	0.00973	0.00545	0.00623	0.00934	0.01285	0.01713	0.03698	0.75981	0.04438	0.02102	0.00856	0.00273	0.00389	0.01908	0.00623	0.00545
21	0.01365	0.01292	0.02189	0.57241	0.21423	0.01516	0.01912	0.01800	0.01388	0.01833	0.01210	0.01757	0.00936	0.00653	0.00669	0.00218	0.00870	0.00597	0.00307	0.00824
22	0.07020	0.10683	0.16511	0.01625	0.07569	0.08469	0.04956	0.03522	0.01513	0.04973	0.04829	0.19430	0.02081	0.01054	0.00674	0.00216	0.00734	0.02877	0.00448	0.00816
23	0.00859	0.00639	0.00794	0.00896	0.00983	0.00602	0.00617	0.01035	0.03185	0.01736	0.04091	0.51483	0.17027	0.07339	0.03208	0.00315	0.00451	0.03583	0.00601	0.00557
24	0.01584	0.01810	0.03959	0.02828	0.03507	0.01697	0.69796	0.02149	0.01584	0.02149	0.01357	0.01810	0.01018	0.00566	0.00792	0.00226	0.01131	0.00792	0.00339	0.00905
25	0.03951	0.16274	0.33355	0.01567	0.02281	0.05253	0.01716	0.14075	0.04039	0.06476	0.01546	0.01637	0.03556	0.00716	0.00607	0.00197	0.00832	0.00535	0.00415	0.00972
26	0.01353	0.07809	0.47548	0.23093	0.03324	0.01613	0.02209	0.01997	0.01391	0.01968	0.01182	0.01502	0.00864	0.00643	0.00633	0.00211	0.00945	0.00516	0.00288	0.00911
27	0.02646	0.01225	0.01516	0.01184	0.01653	0.01170	0.00971	0.17520	0.02112	0.47260	0.02353	0.02170	0.01557	0.00818	0.00643	0.00199	0.00569	0.00652	0.12719	0.01064
28	0.01808	0.06119	0.03190	0.01290	0.01651	0.13835	0.01039	0.15709	0.13767	0.06252	0.13534	0.07105	0.06581	0.01187	0.03707	0.00242	0.00710	0.00819	0.00586	0.00870
29	0.01588	0.04909	0.17869	0.05451	0.27998	0.01486	0.06390	0.02171	0.07037	0.06475	0.04365	0.03680	0.01427	0.00717	0.00659	0.00204	0.00775	0.00649	0.03015	0.03136
30	0.00926	0.00708	0.00887	0.00853	0.01010	0.00669	0.00639	0.01188	0.01735	0.02380	0.49538	0.10981	0.19990	0.01494	0.00854	0.00223	0.03334	0.01288	0.00687	0.00616
31	0.05724	0.01776	0.01913	0.04412	0.02096	0.01973	0.01243	0.61595	0.02926	0.04006	0.01590	0.01633	0.01138	0.00791	0.00652	0.00201	0.00718	0.00595	0.03931	0.01087
32	0.05981	0.11254	0.08215	0.05741	0.14400	0.06410	0.03731	0.10998	0.05692	0.04485	0.01332	0.01530	0.01047	0.00662	0.00643	0.00183	0.03038	0.00522	0.00415	0.13722
33	0.01771	0.34145	0.32747	0.01500	0.02237	0.04632	0.01701	0.02229	0.01470	0.10045	0.01250	0.01366	0.00949	0.00635	0.00553	0.00181	0.00835	0.00456	0.00351	0.00946
34	0.00806	0.00680	0.00697	0.00693	0.00914	0.00572	0.00520	0.00988	0.01560	0.01884	0.12118	0.06339	0.66596	0.01673	0.00793	0.00225	0.00338	0.01400	0.00633	0.00572
35	0.01677	0.01774	0.06919	0.03887	0.65156	0.04574	0.02053	0.02089	0.01537	0.02165	0.01249	0.01627	0.01042	0.00604	0.00660	0.00199	0.00826	0.00585	0.00330	0.01047
36	0.00794	0.00676	0.00684	0.00690	0.00909	0.00566	0.00514	0.00962	0.01520	0.01809	0.06673	0.09249	0.69249	0.01716	0.00796	0.00228	0.00342	0.01436	0.00623	0.00566
37	0.81159	0.01298	0.00986	0.00882	0.01298	0.01505	0.00727	0.01972	0.01142	0.03010	0.00934	0.01090	0.00727	0.00623	0.00415	0.00208	0.00519	0.00363	0.00415	0.00727
38	0.02551	0.01879	0.02014	0.01544	0.02081	0.02081	0.01275	0.69996	0.03155	0.04229	0.01611	0.01611	0.01141	0.00805	0.00671	0.00201	0.00738	0.00604	0.00671	0.01141
39	0.00959	0.00719	0.01078	0.01078	0.01198	0.00839	0.00839	0.01198	0.01078	0.01558	0.01797	0.02636	0.01677	0.05032	0.73760	0.01078	0.01797	0.00719	0.00359	0.00599
40	0.01391	0.01193	0.01391	0.00994	0.01590	0.00894	0.00795	0.01690	0.01391	0.02186	0.01193	0.01391	0.00994	0.00497	0.00497	0.00099	0.00497	0.00398	0.00398	0.80521
41	0.01468	0.01468	0.02055	0.01762	0.01762	0.02055	0.01468	0.01615	0.01028	0.01615	0.00881	0.01468	0.00881	0.01174	0.02202	0.00294	0.75191	0.00587	0.00294	0.00734
42	0.00972	0.00665	0.00807	0.00807	0.00832	0.00691	0.00500	0.01024	0.00998	0.01356	0.02046	0.04012	0.02275	0.61016	0.18594	0.00743	0.00898	0.00920	0.00396	0.00448
43	0.81159	0.01298	0.00986	0.00882	0.01298	0.01505	0.00727	0.01972	0.01142	0.03010	0.00934	0.01090	0.00727	0.00623	0.00415	0.00208	0.00519	0.00363	0.00415	0.00727
44	0.01155	0.00928	0.01387	0.01441	0.03959	0.00950	0.06595	0.01566	0.06652	0.02020	0.03162	0.18016	0.03389	0.01654	0.00924	0.00286	0.03386	0.41270	0.00579	0.00681
45	0.81159	0.01298	0.00986	0.00882	0.01298	0.01505	0.00727	0.01972	0.01142	0.03010	0.00934	0.01090	0.00727	0.00623	0.00415	0.00208	0.00519	0.00363	0.00415	0.00727
46	0.00976	0.00651	0.00732	0.00732	0.00732	0.00651	0.00407	0.00976	0.00976	0.01301	0.02114	0.04391	0.02439	0.76419	0.03415	0.00651	0.00651	0.00976	0.00407	0.00407
47	0.02508	0.03145	0.01906	0.01721	0.02075	0.70824	0.01296	0.05405	0.01952	0.01747	0.01060	0.01226	0.00876	0.00696	0.00608	0.00174	0.01191	0.00439	0.00359	0.00793
48	0.01669	0.01441	0.01517	0.01365	0.01745	0.01669	0.01062	0.03565	0.71021	0.02807	0.02731	0.02503	0.02048	0.00910	0.00683	0.00228	0.00531	0.00759	0.00683	0.01062
49	0.00925	0.00685	0.00862	0.00818	0.00987	0.00623	0.00613	0.01218	0.01840	0.02551	0.61528	0.05242	0.16769	0.01424	0.00792	0.00214	0.00320	0.01246	0.00720	0.00623
50	0.02551	0.01879	0.02014	0.01544	0.02081	0.02081	0.01275	0.69996	0.03155	0.04229	0.01611	0.01611	0.01141	0.00805	0.00671	0.00201	0.00738	0.00604	0.00671	0.01141
51	0.00802	0.00680	0.00693	0.00690	0.00912	0.00570	0.00517	0.00981	0.01552	0.01866	0.10718	0.06370	0.68008	0.01680	0.00793	0.00226	0.00338	0.01404	0.00630	0.00570
52	0.01025	0.00730	0.00899	0.00977	0.01076	0.00725	0.00678	0.06704	0.04343	0.01997	0.03345	0.60093	0.03841	0.04301	0.00895	0.00270	0.00428	0.01646	0.05412	0.00615
53	0.81159	0.01298	0.00986	0.00882	0.01298	0.01505	0.00727	0.01972	0.01142	0.03010	0.00934	0.01090	0.00727	0.00623	0.00415	0.00208	0.00519	0.00363	0.00415	0.00727
54	0.01567	0.02074	0.24211	0.01479	0.02009	0.05785	0.01458	0.13042	0.17802	0.02550	0.06068	0.13222	0.03792	0.01018	0.00697	0.00221	0.00714	0.00845	0.00526	0.00921
55	0.01953	0.01749	0.05323	0.03099	0.42642	0.06628	0.06884	0.06810	0.03720	0.12342	0.01514	0.01740	0.01156	0.00659	0.00671	0.00202	0.00815	0.00613	0.00435	0.01044
56	0.01804	0.19727	0.15141	0.02627	0.33025	0.03886	0.01780	0.04631	0.01571	0.07857	0.01293	0.01516	0.01024	0.00628	0.00604	0.00188	0.00804	0.00525	0.00366	0.01004
57	0.01620	0.32492	0.02605	0.01459	0.01782	0.08148	0.05669	0.01830	0.01280	0.01619	0.01099	0.01551	0.01030	0.04086	0.09593	0.00322	0.22209	0.00523	0.00310	0.00773
58	0.01742	0.30539	0.29939	0.01595	0.02319	0.03958	0.05386	0.08875	0.03473	0.04555	0.01237	0.01383	0.00952	0.00642	0.00573	0.00185	0.00851	0.00483	0.00357	0.00954
59	0.04052	0.15265	0.20665	0.01595	0.06220	0.01513	0.05877	0.05173	0.01589	0.15326	0.02081	0.07020	0.07161	0.00846	0.00639	0.00201	0.00730	0.00700	0.00468	0.02879
