[name]
unknown

[dist]
# distance from previous block
# <min> <max>
13	119

[block]
# block no. 0 follows, 34 sequences, length 43
# corresponding to MSA columns:
# 135-177
name=unknown_A
#
# <colnr> <probs for GDERKNQSTAVLIFYWHMCP>
#	G	D	E	R	K	N	Q	S	T	A	V	L	I	F	Y	W	H	M	C	P
0	0.06275	0.14195	0.20285	0.01313	0.01779	0.01337	0.04044	0.03384	0.01419	0.07946	0.05822	0.19558	0.02149	0.01067	0.00690	0.00214	0.02649	0.04637	0.00455	0.00785
1	0.19554	0.16022	0.10371	0.01246	0.01695	0.08310	0.01141	0.04964	0.09775	0.08140	0.04283	0.04620	0.01360	0.00773	0.00638	0.00195	0.05082	0.00555	0.00442	0.00836
2	0.10656	0.03876	0.18004	0.01291	0.01751	0.06659	0.01235	0.05872	0.10733	0.09435	0.04306	0.12140	0.04789	0.01003	0.00650	0.00215	0.00654	0.05392	0.00506	0.00831
3	0.09969	0.07395	0.10795	0.01199	0.01602	0.04255	0.01075	0.02157	0.07581	0.19191	0.04565	0.05935	0.01661	0.09492	0.01022	0.00250	0.06654	0.00667	0.00501	0.04034
4	0.01603	0.07569	0.01518	0.10884	0.01815	0.15212	0.01008	0.01825	0.01528	0.12434	0.08184	0.12407	0.12918	0.01075	0.00745	0.00204	0.04887	0.00866	0.00497	0.02822
5	0.03917	0.01595	0.12055	0.03929	0.01901	0.06264	0.07240	0.12445	0.03580	0.05180	0.08486	0.15477	0.04868	0.01062	0.00770	0.00217	0.04787	0.02840	0.00498	0.02888
6	0.06873	0.05714	0.08033	0.09028	0.01962	0.03912	0.04531	0.08534	0.03453	0.16135	0.10999	0.08619	0.02174	0.03056	0.00733	0.00220	0.00645	0.04015	0.00537	0.00826
7	0.04013	0.01555	0.01675	0.01324	0.01775	0.10016	0.05424	0.19931	0.06356	0.04497	0.06493	0.04480	0.01534	0.00753	0.00645	0.00170	0.02803	0.00604	0.00499	0.25452
8	0.01729	0.01141	0.04099	0.01147	0.01498	0.01060	0.02842	0.12192	0.09581	0.20515	0.24191	0.09962	0.05067	0.01087	0.00706	0.00209	0.00502	0.00935	0.00677	0.00860
9	0.02442	0.01751	0.04664	0.01411	0.01916	0.06372	0.01190	0.46270	0.02585	0.19006	0.04587	0.01792	0.01381	0.00789	0.00646	0.00194	0.00698	0.00605	0.00647	0.01051
10	0.09140	0.18518	0.37821	0.01580	0.02329	0.01665	0.08193	0.01967	0.01340	0.02025	0.01092	0.01297	0.00839	0.00579	0.00551	0.00180	0.00818	0.00454	0.00302	0.09309
11	0.01428	0.01388	0.01639	0.01448	0.01523	0.09853	0.01176	0.01607	0.01142	0.01667	0.01164	0.01683	0.01067	0.01557	0.12096	0.00359	0.46587	0.00572	0.11364	0.00679
12	0.02821	0.01225	0.01577	0.01209	0.01712	0.01136	0.00999	0.15166	0.02060	0.61395	0.02373	0.02085	0.01511	0.00795	0.00649	0.00199	0.00578	0.00638	0.00773	0.01099
13	0.01204	0.00602	0.00602	0.00602	0.00753	0.00602	0.00452	0.01506	0.01355	0.02409	0.02108	0.02409	0.01656	0.00753	0.00452	0.00151	0.00301	0.00602	0.80879	0.00602
14	0.05648	0.01195	0.01536	0.01182	0.01680	0.01101	0.00976	0.11736	0.01974	0.62349	0.02364	0.02076	0.01504	0.00790	0.00640	0.00199	0.00569	0.00630	0.00766	0.01085
15	0.00924	0.00689	0.01022	0.01022	0.01132	0.00799	0.00788	0.01144	0.01034	0.01488	0.01745	0.02619	0.01650	0.08306	0.71320	0.01019	0.01678	0.00704	0.00348	0.00568
16	0.01204	0.00602	0.00602	0.00602	0.00753	0.00602	0.00452	0.01506	0.01355	0.02409	0.02108	0.02409	0.01656	0.00753	0.00452	0.00151	0.00301	0.00602	0.80879	0.00602
17	0.65003	0.01501	0.01148	0.01004	0.01409	0.09184	0.00814	0.09405	0.01384	0.02887	0.00980	0.01116	0.00757	0.00626	0.00445	0.00196	0.00592	0.00382	0.00419	0.00748
18	0.00776	0.00645	0.00679	0.00691	0.00886	0.00548	0.00510	0.00944	0.01472	0.01793	0.10740	0.13527	0.61256	0.01656	0.00770	0.00222	0.00331	0.01400	0.00608	0.00548
19	0.01741	0.72134	0.05714	0.01153	0.01711	0.05449	0.01155	0.01965	0.01336	0.01540	0.00911	0.01053	0.00829	0.00559	0.00428	0.00142	0.00719	0.00353	0.00279	0.00830
20	0.02392	0.01873	0.02020	0.01656	0.05447	0.08071	0.04056	0.56527	0.02753	0.06464	0.01519	0.01554	0.01088	0.00748	0.00645	0.00193	0.00761	0.00577	0.00598	0.01057
21	0.01664	0.01198	0.01408	0.01046	0.01588	0.01001	0.00841	0.05874	0.07495	0.13248	0.01511	0.01574	0.01149	0.00578	0.00529	0.00128	0.00505	0.00464	0.00485	0.57714
22	0.04111	0.01448	0.01821	0.07644	0.17631	0.01590	0.01309	0.17608	0.27905	0.06183	0.04659	0.02037	0.01594	0.00776	0.00647	0.00205	0.00632	0.00654	0.00554	0.00994
23	0.01648	0.01030	0.01076	0.00916	0.01196	0.01099	0.00727	0.26187	0.01952	0.02999	0.01910	0.02105	0.01459	0.00761	0.00521	0.00166	0.00446	0.00595	0.52428	0.00778
24	0.00914	0.00660	0.00864	0.00813	0.00965	0.00610	0.00610	0.01219	0.01829	0.02591	0.72921	0.04827	0.06097	0.01321	0.00762	0.00203	0.00305	0.01169	0.00711	0.00610
25	0.01071	0.00706	0.00852	0.00788	0.01004	0.00622	0.00601	0.01316	0.01694	0.09978	0.39646	0.05079	0.31455	0.01386	0.00751	0.00209	0.00340	0.01188	0.00678	0.00638
26	0.01568	0.01503	0.02566	0.09891	0.67581	0.01527	0.01967	0.01956	0.01456	0.02073	0.01210	0.01609	0.01010	0.00582	0.00640	0.00194	0.00775	0.00576	0.00317	0.00998
27	0.01204	0.00602	0.00602	0.00602	0.00753	0.00602	0.00452	0.01506	0.01355	0.02409	0.02108	0.02409	0.01656	0.00753	0.00452	0.00151	0.00301	0.00602	0.80879	0.00602
28	0.02349	0.02976	0.01797	0.01637	0.01961	0.71482	0.01229	0.02518	0.01797	0.01578	0.01031	0.01225	0.00866	0.00848	0.03810	0.00204	0.01190	0.00428	0.00333	0.00742
29	0.04955	0.04174	0.01639	0.01271	0.01686	0.03219	0.04912	0.27090	0.13721	0.07940	0.05622	0.02796	0.16257	0.00963	0.00664	0.00203	0.00594	0.00784	0.00604	0.00906
30	0.01204	0.00602	0.00602	0.00602	0.00753	0.00602	0.00452	0.01506	0.01355	0.02409	0.02108	0.02409	0.01656	0.00753	0.00452	0.00151	0.00301	0.00602	0.80879	0.00602
31	0.02012	0.06478	0.02260	0.09281	0.20527	0.27827	0.05274	0.14594	0.01858	0.02194	0.01179	0.01423	0.00940	0.00648	0.00615	0.00184	0.00922	0.00517	0.00378	0.00890
32	0.01554	0.01489	0.02541	0.12502	0.65078	0.01523	0.01961	0.01943	0.01450	0.02056	0.01207	0.01614	0.01004	0.00584	0.00640	0.00195	0.00779	0.00576	0.00316	0.00987
33	0.01122	0.00561	0.00842	0.00842	0.00842	0.00561	0.00561	0.00842	0.00842	0.01122	0.01122	0.01964	0.01122	0.02245	0.02525	0.81201	0.00561	0.00561	0.00281	0.00281
34	0.00940	0.00626	0.00705	0.00705	0.00705	0.00626	0.00392	0.00940	0.00940	0.01253	0.02036	0.04228	0.02349	0.77292	0.03289	0.00626	0.00626	0.00940	0.00392	0.00392
35	0.01204	0.00602	0.00602	0.00602	0.00753	0.00602	0.00452	0.01506	0.01355	0.02409	0.02108	0.02409	0.01656	0.00753	0.00452	0.00151	0.00301	0.00602	0.80879	0.00602
36	0.02414	0.03079	0.01831	0.01665	0.01998	0.74698	0.01248	0.02580	0.01831	0.01581	0.00999	0.01165	0.00832	0.00666	0.00583	0.00166	0.01165	0.00416	0.00333	0.00749
37	0.06177	0.01695	0.01813	0.01418	0.01911	0.01873	0.01164	0.56302	0.10694	0.07797	0.01699	0.01661	0.01207	0.00780	0.00636	0.00197	0.00669	0.00591	0.00645	0.01071
38	0.01585	0.01520	0.02597	0.06704	0.70636	0.01531	0.01976	0.01970	0.01464	0.02093	0.01213	0.01604	0.01017	0.00578	0.00640	0.00193	0.00771	0.00576	0.00319	0.01012
39	0.02194	0.02733	0.01913	0.01689	0.01998	0.59914	0.05037	0.02378	0.01708	0.01611	0.01201	0.01408	0.03471	0.00746	0.00770	0.00184	0.09479	0.00486	0.00337	0.00744
40	0.81856	0.01250	0.00950	0.00850	0.01250	0.01449	0.00700	0.01899	0.01100	0.02899	0.00900	0.01050	0.00700	0.00600	0.00400	0.00200	0.00500	0.00350	0.00400	0.00700
41	0.01809	0.01319	0.01434	0.01249	0.01627	0.01471	0.00983	0.08393	0.51980	0.12085	0.02495	0.02317	0.01832	0.00849	0.00639	0.00209	0.00515	0.00698	0.07089	0.01005
42	0.02319	0.02039	0.01754	0.01456	0.01873	0.25113	0.01151	0.33982	0.05987	0.09570	0.04440	0.04339	0.01417	0.00814	0.00638	0.00190	0.00803	0.00611	0.00562	0.00943

[dist]
# distance from previous block
# <min> <max>
0	1

[block]
# block no. 1 follows, 34 sequences, length 93
# corresponding to MSA columns:
# 179-271
name=unknown_B
#
# <colnr> <probs for GDERKNQSTAVLIFYWHMCP>
#	G	D	E	R	K	N	Q	S	T	A	V	L	I	F	Y	W	H	M	C	P
0	0.04427	0.01767	0.01806	0.01442	0.01915	0.05435	0.01171	0.51637	0.17485	0.03631	0.01734	0.01700	0.01259	0.00787	0.00639	0.00198	0.00685	0.00599	0.00627	0.01055
1	0.02473	0.01783	0.01922	0.01474	0.01990	0.01964	0.01217	0.68514	0.02993	0.06730	0.01589	0.01576	0.01118	0.00777	0.00647	0.00194	0.00705	0.00584	0.00652	0.01099
2	0.01414	0.01414	0.01979	0.01696	0.01696	0.01979	0.01414	0.01555	0.00990	0.01555	0.00848	0.01414	0.00848	0.01131	0.02120	0.00283	0.76110	0.00565	0.00283	0.00707
3	0.00764	0.00655	0.00655	0.00655	0.00873	0.00545	0.00491	0.00927	0.01473	0.01745	0.06546	0.06218	0.73000	0.01636	0.00764	0.00218	0.00327	0.01364	0.00600	0.00545
4	0.00857	0.00658	0.00785	0.00753	0.00930	0.00585	0.00565	0.01109	0.01694	0.02272	0.47840	0.05352	0.31377	0.01440	0.00763	0.00209	0.00313	0.01242	0.00669	0.00585
5	0.02414	0.03079	0.01831	0.01665	0.01998	0.74698	0.01248	0.02580	0.01831	0.01581	0.00999	0.01165	0.00832	0.00666	0.00583	0.00166	0.01165	0.00416	0.00333	0.00749
6	0.01414	0.01414	0.01979	0.01696	0.01696	0.01979	0.01414	0.01555	0.00990	0.01555	0.00848	0.01414	0.00848	0.01131	0.02120	0.00283	0.76110	0.00565	0.00283	0.00707
7	0.00805	0.00570	0.00745	0.00877	0.00910	0.00537	0.00576	0.00904	0.01202	0.01603	0.03384	0.68425	0.04050	0.10775	0.01111	0.00305	0.00404	0.01733	0.00576	0.00509
8	0.00907	0.00660	0.00854	0.00805	0.00961	0.00607	0.00604	0.01205	0.01812	0.02550	0.69698	0.04894	0.09345	0.01336	0.00762	0.00204	0.00306	0.01178	0.00706	0.00607
9	0.00890	0.00595	0.00774	0.00882	0.00944	0.00553	0.00591	0.01000	0.01246	0.04686	0.03503	0.64166	0.06825	0.08799	0.01039	0.00291	0.00403	0.01685	0.00589	0.00538
10	0.02492	0.01753	0.01904	0.01460	0.01975	0.01919	0.01206	0.65636	0.02942	0.09679	0.01632	0.01603	0.01139	0.00778	0.00647	0.00194	0.00698	0.00587	0.00659	0.01099
11	0.01408	0.01407	0.01978	0.03665	0.01770	0.01965	0.01424	0.01558	0.00998	0.01558	0.00856	0.01422	0.00849	0.01118	0.02081	0.00281	0.74109	0.00566	0.00283	0.00707
12	0.01414	0.01414	0.01979	0.01696	0.01696	0.01979	0.01414	0.01555	0.00990	0.01555	0.00848	0.01414	0.00848	0.01131	0.02120	0.00283	0.76110	0.00565	0.00283	0.00707
13	0.02338	0.02696	0.01892	0.01731	0.05019	0.54468	0.01284	0.15309	0.02000	0.02068	0.01104	0.01268	0.00891	0.00705	0.00672	0.00178	0.04702	0.00461	0.00388	0.00824
14	0.01300	0.00956	0.01137	0.00989	0.01235	0.00973	0.00770	0.17488	0.04976	0.02938	0.53531	0.03970	0.04771	0.01177	0.00731	0.00202	0.00407	0.01015	0.00694	0.00740
15	0.00914	0.00660	0.00864	0.00813	0.00965	0.00610	0.00610	0.01219	0.01829	0.02591	0.72921	0.04827	0.06097	0.01321	0.00762	0.00203	0.00305	0.01169	0.00711	0.00610
16	0.02456	0.01810	0.01939	0.01487	0.02004	0.02004	0.01228	0.71107	0.03038	0.04072	0.01551	0.01551	0.01099	0.00776	0.00646	0.00194	0.00711	0.00582	0.00646	0.01099
17	0.00787	0.00562	0.00750	0.00900	0.00937	0.00525	0.00600	0.00900	0.01237	0.01649	0.03561	0.76871	0.04274	0.02024	0.00825	0.00262	0.00375	0.01837	0.00600	0.00525
18	0.01414	0.01414	0.01979	0.01696	0.01696	0.01979	0.01414	0.01555	0.00990	0.01555	0.00848	0.01414	0.00848	0.01131	0.02120	0.00283	0.76110	0.00565	0.00283	0.00707
19	0.01382	0.01359	0.07420	0.01053	0.01656	0.00962	0.00920	0.04534	0.01412	0.02182	0.01166	0.01351	0.00951	0.00502	0.00497	0.00109	0.00528	0.00399	0.00385	0.71234
20	0.01513	0.40687	0.38499	0.01472	0.02225	0.02031	0.01743	0.01990	0.01338	0.01782	0.01028	0.01200	0.00824	0.00583	0.00514	0.00171	0.00822	0.00411	0.00275	0.00892
21	0.02456	0.01810	0.01939	0.01487	0.02004	0.02004	0.01228	0.71107	0.03038	0.04072	0.01551	0.01551	0.01099	0.00776	0.00646	0.00194	0.00711	0.00582	0.00646	0.01099
22	0.01670	0.67807	0.12758	0.01203	0.01810	0.02416	0.01276	0.01950	0.01320	0.01590	0.00933	0.01080	0.00828	0.00561	0.00441	0.00147	0.00726	0.00363	0.00276	0.00846
23	0.00794	0.00565	0.00748	0.00891	0.00927	0.00529	0.00591	0.00901	0.01224	0.01633	0.03496	0.73777	0.04192	0.05230	0.00930	0.00278	0.00386	0.01799	0.00591	0.00519
24	0.81856	0.01250	0.00950	0.00850	0.01250	0.01449	0.00700	0.01899	0.01100	0.02899	0.00900	0.01050	0.00700	0.00600	0.00400	0.00200	0.00500	0.00350	0.00400	0.00700
25	0.01776	0.74516	0.03308	0.01107	0.01658	0.02490	0.01099	0.01985	0.01335	0.04504	0.00967	0.01085	0.00861	0.00563	0.00424	0.00141	0.00685	0.00358	0.00298	0.00840
26	0.01607	0.01388	0.01461	0.01315	0.01680	0.01607	0.01023	0.03433	0.72094	0.02703	0.02630	0.02411	0.01972	0.00877	0.00657	0.00219	0.00511	0.00731	0.00657	0.01023
27	0.01001	0.00768	0.00929	0.00870	0.01061	0.00751	0.00658	0.01516	0.12246	0.02514	0.55099	0.04621	0.12903	0.01290	0.00747	0.00207	0.00338	0.01125	0.00691	0.00664
28	0.00787	0.00562	0.00750	0.00900	0.00937	0.00525	0.00600	0.00900	0.01237	0.01649	0.03561	0.76871	0.04274	0.02024	0.00825	0.00262	0.00375	0.01837	0.00600	0.00525
29	0.01296	0.03342	0.73944	0.01842	0.02797	0.01501	0.02387	0.02046	0.01364	0.02046	0.01160	0.01364	0.00818	0.00614	0.00614	0.00205	0.00955	0.00477	0.00273	0.00955
30	0.01204	0.00602	0.00602	0.00602	0.00753	0.00602	0.00452	0.01506	0.01355	0.02409	0.02108	0.02409	0.01656	0.00753	0.00452	0.00151	0.00301	0.00602	0.80879	0.00602
31	0.00923	0.00692	0.01038	0.01038	0.01154	0.00808	0.00808	0.01154	0.01038	0.01500	0.01731	0.02538	0.01615	0.04846	0.74732	0.01038	0.01731	0.00692	0.00346	0.00577
32	0.02377	0.03024	0.01913	0.01708	0.02054	0.71687	0.04119	0.02559	0.01818	0.01601	0.01011	0.01189	0.00838	0.00661	0.00590	0.00169	0.01162	0.00430	0.00333	0.00754
33	0.01204	0.00602	0.00602	0.00602	0.00753	0.00602	0.00452	0.01506	0.01355	0.02409	0.02108	0.02409	0.01656	0.00753	0.00452	0.00151	0.00301	0.00602	0.80879	0.00602
34	0.81856	0.01250	0.00950	0.00850	0.01250	0.01449	0.00700	0.01899	0.01100	0.02899	0.00900	0.01050	0.00700	0.00600	0.00400	0.00200	0.00500	0.00350	0.00400	0.00700
35	0.01210	0.00807	0.01103	0.28796	0.02140	0.00915	0.00956	0.01560	0.01331	0.02124	0.01748	0.02151	0.01358	0.00713	0.00525	0.00175	0.00511	0.00592	0.50638	0.00646
36	0.01541	0.01471	0.02447	0.14297	0.52363	0.01532	0.04787	0.02093	0.09038	0.02104	0.01361	0.01711	0.01100	0.00617	0.00648	0.00199	0.00768	0.00600	0.00352	0.00971
37	0.02414	0.03079	0.01831	0.01665	0.01998	0.74698	0.01248	0.02580	0.01831	0.01581	0.00999	0.01165	0.00832	0.00666	0.00583	0.00166	0.01165	0.00416	0.00333	0.00749
38	0.01206	0.00727	0.00945	0.00853	0.01063	0.00657	0.00653	0.01492	0.01806	0.13364	0.57357	0.04528	0.10292	0.01265	0.00745	0.00204	0.00344	0.01104	0.00717	0.00680
39	0.00940	0.00626	0.00705	0.00705	0.00705	0.00626	0.00392	0.00940	0.00940	0.01253	0.02036	0.04228	0.02349	0.77292	0.03289	0.00626	0.00626	0.00940	0.00392	0.00392
40	0.00825	0.00595	0.00780	0.00864	0.00943	0.00551	0.00599	0.00997	0.01424	0.01936	0.24548	0.52531	0.07407	0.01798	0.00804	0.00243	0.00352	0.01618	0.00633	0.00551
41	0.00787	0.00562	0.00750	0.00900	0.00937	0.00525	0.00600	0.00900	0.01237	0.01649	0.03561	0.76871	0.04274	0.02024	0.00825	0.00262	0.00375	0.01837	0.00600	0.00525
42	0.81856	0.01250	0.00950	0.00850	0.01250	0.01449	0.00700	0.01899	0.01100	0.02899	0.00900	0.01050	0.00700	0.00600	0.00400	0.00200	0.00500	0.00350	0.00400	0.00700
43	0.00940	0.00626	0.00705	0.00705	0.00705	0.00626	0.00392	0.00940	0.00940	0.01253	0.02036	0.04228	0.02349	0.77292	0.03289	0.00626	0.00626	0.00940	0.00392	0.00392
44	0.00914	0.00660	0.00864	0.00813	0.00965	0.00610	0.00610	0.01219	0.01829	0.02591	0.72921	0.04827	0.06097	0.01321	0.00762	0.00203	0.00305	0.01169	0.00711	0.00610
45	0.02321	0.01688	0.01838	0.01399	0.01924	0.01801	0.01152	0.58636	0.02753	0.06767	0.01538	0.01550	0.01101	0.00736	0.00623	0.00181	0.00672	0.00557	0.00617	0.12146
46	0.02899	0.01100	0.01499	0.01150	0.01649	0.00950	0.00950	0.03149	0.01849	0.73709	0.02549	0.02199	0.01599	0.00800	0.00650	0.00200	0.00550	0.00650	0.00800	0.01100
47	0.01551	0.01486	0.02536	0.13059	0.64544	0.01523	0.01959	0.01941	0.01449	0.02053	0.01207	0.01615	0.01003	0.00585	0.00640	0.00195	0.00779	0.00576	0.00316	0.00985
48	0.12458	0.01709	0.01800	0.03376	0.01964	0.01907	0.01170	0.58553	0.04725	0.03820	0.01489	0.01517	0.01067	0.00753	0.00615	0.00196	0.00683	0.00556	0.00606	0.01036
49	0.01312	0.06138	0.71291	0.01814	0.02754	0.01540	0.02339	0.02042	0.01362	0.02026	0.01150	0.01352	0.00819	0.00612	0.00606	0.00202	0.00945	0.00472	0.00273	0.00950
50	0.02899	0.01100	0.01499	0.01150	0.01649	0.00950	0.00950	0.03149	0.01849	0.73709	0.02549	0.02199	0.01599	0.00800	0.00650	0.00200	0.00550	0.00650	0.00800	0.01100
51	0.00909	0.00660	0.00856	0.00807	0.00962	0.00607	0.00605	0.01208	0.01815	0.02559	0.70388	0.04880	0.08650	0.01333	0.00762	0.00204	0.00306	0.01176	0.00707	0.00607
52	0.00914	0.00660	0.00864	0.00813	0.00965	0.00610	0.00610	0.01219	0.01829	0.02591	0.72921	0.04827	0.06097	0.01321	0.00762	0.00203	0.00305	0.01169	0.00711	0.00610
53	0.00914	0.00660	0.00864	0.00813	0.00965	0.00610	0.00610	0.01219	0.01829	0.02591	0.72921	0.04827	0.06097	0.01321	0.00762	0.00203	0.00305	0.01169	0.00711	0.00610
54	0.00790	0.00588	0.00738	0.00855	0.00936	0.00536	0.00590	0.00920	0.01297	0.01680	0.04217	0.59034	0.19465	0.01931	0.00813	0.00254	0.00371	0.03854	0.00600	0.00532
55	0.00787	0.00562	0.00750	0.00900	0.00937	0.00525	0.00600	0.00900	0.01237	0.01649	0.03561	0.76871	0.04274	0.02024	0.00825	0.00262	0.00375	0.01837	0.00600	0.00525
56	0.01204	0.00602	0.00602	0.00602	0.00753	0.00602	0.00452	0.01506	0.01355	0.02409	0.02108	0.02409	0.01656	0.00753	0.00452	0.00151	0.00301	0.00602	0.80879	0.00602
57	0.01220	0.01148	0.01938	0.75739	0.04450	0.01436	0.01794	0.01651	0.01292	0.01651	0.01148	0.01723	0.00861	0.00646	0.00646	0.00215	0.00861	0.00574	0.00287	0.00718
58	0.00913	0.00676	0.00811	0.00864	0.01013	0.00625	0.00638	0.01165	0.04800	0.03822	0.10683	0.33401	0.27883	0.01715	0.00792	0.00242	0.00386	0.08368	0.00618	0.00586
59	0.01340	0.01148	0.01340	0.00957	0.01531	0.00861	0.00766	0.01627	0.01340	0.02105	0.01148	0.01340	0.00957	0.00479	0.00479	0.00096	0.00479	0.00383	0.00383	0.81242
60	0.01204	0.00602	0.00602	0.00602	0.00753	0.00602	0.00452	0.01506	0.01355	0.02409	0.02108	0.02409	0.01656	0.00753	0.00452	0.00151	0.00301	0.00602	0.80879	0.00602
61	0.02899	0.01100	0.01499	0.01150	0.01649	0.00950	0.00950	0.03149	0.01849	0.73709	0.02549	0.02199	0.01599	0.00800	0.00650	0.00200	0.00550	0.00650	0.00800	0.01100
62	0.01533	0.01721	0.03685	0.02857	0.10888	0.01623	0.63506	0.02060	0.01519	0.02074	0.01297	0.01727	0.00985	0.00548	0.00749	0.00215	0.01055	0.00742	0.00326	0.00888
63	0.05140	0.01473	0.01443	0.01273	0.01641	0.09404	0.01000	0.06281	0.41229	0.12038	0.05344	0.02537	0.04318	0.00901	0.00653	0.00211	0.00585	0.02955	0.00628	0.00946
64	0.01579	0.01515	0.02587	0.07752	0.69632	0.01530	0.01973	0.01965	0.01462	0.02087	0.01212	0.01606	0.01015	0.00579	0.00640	0.00193	0.00773	0.00576	0.00318	0.01007
65	0.02365	0.02978	0.01809	0.01644	0.01979	0.70323	0.01235	0.02631	0.06037	0.01648	0.01096	0.01240	0.00901	0.00678	0.00587	0.00170	0.01126	0.00435	0.00352	0.00765
66	0.01674	0.00891	0.01155	0.00949	0.01291	0.00767	0.00750	0.01953	0.01750	0.27514	0.35108	0.03400	0.05634	0.01016	0.00679	0.00186	0.00419	0.00870	0.00688	0.13306
67	0.02419	0.02932	0.01844	0.01644	0.01998	0.66246	0.01246	0.10547	0.01971	0.01871	0.01063	0.01210	0.00863	0.00679	0.00590	0.00170	0.01112	0.00435	0.00369	0.00790
68	0.01122	0.00561	0.00842	0.00842	0.00842	0.00561	0.00561	0.00842	0.00842	0.01122	0.01122	0.01964	0.01122	0.02245	0.02525	0.81201	0.00561	0.00561	0.00281	0.00281
69	0.01727	0.77681	0.03386	0.01106	0.01658	0.02557	0.01106	0.01935	0.01313	0.01520	0.00898	0.01036	0.00829	0.00553	0.00415	0.00138	0.00691	0.00345	0.00276	0.00829
70	0.01607	0.01388	0.01461	0.01315	0.01680	0.01607	0.01023	0.03433	0.72094	0.02703	0.02630	0.02411	0.01972	0.00877	0.00657	0.00219	0.00511	0.00731	0.00657	0.01023
71	0.01704	0.73686	0.07178	0.01145	0.01720	0.02500	0.01174	0.01941	0.01316	0.01548	0.00912	0.01054	0.00829	0.00556	0.00425	0.00142	0.00705	0.00353	0.00276	0.00836
72	0.01621	0.01887	0.03600	0.02610	0.03229	0.09487	0.63427	0.02125	0.01558	0.02017	0.01274	0.01681	0.00964	0.00558	0.00743	0.00212	0.01097	0.00725	0.00327	0.00858
73	0.01122	0.00561	0.00842	0.00842	0.00842	0.00561	0.00561	0.00842	0.00842	0.01122	0.01122	0.01964	0.01122	0.02245	0.02525	0.81201	0.00561	0.00561	0.00281	0.00281
74	0.01466	0.01649	0.03570	0.02579	0.03183	0.01546	0.65334	0.01977	0.01502	0.02036	0.01486	0.07706	0.01242	0.00662	0.00767	0.00221	0.01033	0.00848	0.00348	0.00844
75	0.01607	0.01307	0.01483	0.01084	0.01644	0.01134	0.00876	0.18234	0.01746	0.02576	0.01245	0.01390	0.00991	0.00550	0.00519	0.00119	0.00534	0.00430	0.00446	0.62087
76	0.00786	0.00567	0.00745	0.00886	0.00934	0.00526	0.00594	0.00901	0.01250	0.01655	0.03724	0.73017	0.08022	0.02003	0.00821	0.00260	0.00372	0.01811	0.00600	0.00526
77	0.00764	0.00655	0.00655	0.00655	0.00873	0.00545	0.00491	0.00927	0.01473	0.01745	0.06546	0.06218	0.73000	0.01636	0.00764	0.00218	0.00327	0.01364	0.00600	0.00545
78	0.01367	0.13812	0.61055	0.01774	0.02659	0.01656	0.05030	0.02031	0.01364	0.01973	0.01129	0.01333	0.00827	0.00602	0.00592	0.00196	0.00923	0.00471	0.00276	0.00934
79	0.01901	0.30760	0.19083	0.01499	0.02057	0.31062	0.01459	0.02218	0.01531	0.01666	0.00999	0.01164	0.00828	0.00612	0.00528	0.00165	0.00941	0.00404	0.00298	0.00826
80	0.01239	0.01167	0.01971	0.72254	0.07791	0.01440	0.01804	0.01667	0.01301	0.01673	0.01152	0.01717	0.00869	0.00643	0.00646	0.00214	0.00857	0.00574	0.00289	0.00733
81	0.01536	0.01712	0.03636	0.02908	0.13777	0.01619	0.60657	0.02057	0.01517	0.02076	0.01294	0.01722	0.00987	0.00549	0.00744	0.00214	0.01041	0.00735	0.00326	0.00894
82	0.00908	0.00621	0.00753	0.00811	0.00837	0.00611	0.00519	0.00971	0.01081	0.01436	0.02606	0.24638	0.03028	0.48370	0.02350	0.00490	0.00554	0.08493	0.00471	0.00450
83	0.00787	0.00562	0.00750	0.00900	0.00937	0.00525	0.00600	0.00900	0.01237	0.01649	0.03561	0.76871	0.04274	0.02024	0.00825	0.00262	0.00375	0.01837	0.00600	0.00525
84	0.02307	0.01855	0.01849	0.01445	0.01943	0.09170	0.01176	0.54589	0.05567	0.03572	0.01500	0.01527	0.01094	0.00739	0.00624	0.00182	0.00725	0.00551	0.00589	0.08996
85	0.01122	0.00561	0.00842	0.00842	0.00842	0.00561	0.00561	0.00842	0.00842	0.01122	0.01122	0.01964	0.01122	0.02245	0.02525	0.81201	0.00561	0.00561	0.00281	0.00281
86	0.00909	0.00660	0.00856	0.00807	0.00962	0.00607	0.00605	0.01208	0.01816	0.02559	0.70424	0.04879	0.08613	0.01333	0.00762	0.00204	0.00306	0.01176	0.00707	0.00607
87	0.02899	0.01100	0.01499	0.01150	0.01649	0.00950	0.00950	0.03149	0.01849	0.73709	0.02549	0.02199	0.01599	0.00800	0.00650	0.00200	0.00550	0.00650	0.00800	0.01100
88	0.01380	0.06322	0.68043	0.01783	0.02702	0.01522	0.02275	0.02087	0.01382	0.04978	0.01206	0.01385	0.00851	0.00619	0.00607	0.00202	0.00927	0.00479	0.00295	0.00956
89	0.01324	0.03055	0.62482	0.01898	0.02801	0.01485	0.10064	0.02029	0.01381	0.02052	0.01176	0.01406	0.00844	0.00599	0.00624	0.00201	0.00947	0.00505	0.00284	0.04844
90	0.01416	0.01146	0.01348	0.00966	0.01537	0.00866	0.00775	0.01701	0.01365	0.05582	0.01216	0.01382	0.00988	0.00494	0.00487	0.00101	0.00482	0.00396	0.00403	0.77351
91	0.06613	0.04552	0.01755	0.01364	0.01823	0.04804	0.01109	0.36605	0.23637	0.06209	0.01824	0.01769	0.01337	0.00776	0.00620	0.00196	0.00644	0.00595	0.00608	0.03160
92	0.01564	0.34270	0.38860	0.01521	0.02259	0.07736	0.01764	0.02042	0.01380	0.01790	0.01038	0.01212	0.00824	0.00593	0.00528	0.00174	0.00862	0.00418	0.00279	0.00886

[dist]
# distance from previous block
# <min> <max>
0	1

[block]
# block no. 2 follows, 34 sequences, length 34
# corresponding to MSA columns:
# 273-306
name=unknown_C
#
# <colnr> <probs for GDERKNQSTAVLIFYWHMCP>
#	G	D	E	R	K	N	Q	S	T	A	V	L	I	F	Y	W	H	M	C	P
0	0.01320	0.07402	0.70091	0.01801	0.02734	0.01558	0.02317	0.02040	0.01361	0.02018	0.01145	0.01346	0.00819	0.00611	0.00603	0.00201	0.00941	0.00470	0.00273	0.00948
1	0.04375	0.25235	0.32461	0.01535	0.02215	0.04765	0.07529	0.01955	0.01393	0.03350	0.01553	0.01794	0.06156	0.00698	0.00576	0.00187	0.00816	0.02220	0.00328	0.00857
2	0.01434	0.01391	0.02483	0.05471	0.46441	0.01374	0.13705	0.01800	0.01434	0.02009	0.01636	0.14667	0.01574	0.00823	0.00693	0.00209	0.00758	0.00827	0.00369	0.00901
3	0.00791	0.00565	0.00753	0.00897	0.00938	0.00527	0.00600	0.00910	0.01256	0.01679	0.05750	0.74597	0.04331	0.02002	0.00823	0.00261	0.00373	0.01816	0.00603	0.00527
4	0.01641	0.01568	0.04932	0.09715	0.52370	0.03057	0.01814	0.03871	0.05245	0.05108	0.01340	0.01651	0.01072	0.00613	0.00635	0.00193	0.00758	0.00574	0.00364	0.03481
5	0.02884	0.01124	0.01514	0.01161	0.01661	0.00986	0.00959	0.05464	0.01890	0.71337	0.02515	0.02177	0.01582	0.00799	0.00650	0.00200	0.00555	0.00647	0.00794	0.01100
6	0.01375	0.01227	0.01970	0.51815	0.16904	0.01433	0.01694	0.06449	0.01449	0.01957	0.01258	0.01737	0.00965	0.00649	0.00631	0.00205	0.00793	0.00577	0.06118	0.00793
7	0.00878	0.00652	0.00897	0.06072	0.01272	0.00642	0.00784	0.01060	0.01315	0.01725	0.03525	0.50778	0.07657	0.01850	0.00826	0.00265	0.00460	0.18208	0.00577	0.00556
8	0.00764	0.00655	0.00655	0.00655	0.00873	0.00545	0.00491	0.00927	0.01473	0.01745	0.06546	0.06218	0.73000	0.01636	0.00764	0.00218	0.00327	0.01364	0.00600	0.00545
9	0.01708	0.01438	0.01518	0.01335	0.01719	0.01654	0.01047	0.11461	0.63903	0.02865	0.02502	0.02309	0.01869	0.00865	0.00656	0.00216	0.00535	0.00713	0.00656	0.01032
10	0.01332	0.01148	0.01381	0.06067	0.01731	0.00901	0.00836	0.01629	0.01337	0.02074	0.01148	0.01366	0.00950	0.00490	0.00490	0.00104	0.00505	0.00396	0.00376	0.75739
11	0.02423	0.01743	0.01883	0.01457	0.01963	0.01920	0.01199	0.62852	0.07610	0.07783	0.01678	0.01644	0.01185	0.00784	0.00647	0.00196	0.00689	0.00595	0.00655	0.01094
12	0.01525	0.01743	0.03813	0.02723	0.03377	0.01634	0.70915	0.02070	0.01525	0.02070	0.01307	0.01743	0.00980	0.00545	0.00763	0.00218	0.01089	0.00763	0.00327	0.00871
13	0.00792	0.00664	0.00694	0.00709	0.00920	0.00566	0.00547	0.00969	0.01474	0.01765	0.06226	0.06328	0.65913	0.01652	0.00777	0.00226	0.00355	0.08273	0.00599	0.00551
14	0.02370	0.01767	0.01891	0.01469	0.01971	0.01963	0.01207	0.64228	0.10057	0.03933	0.01661	0.01639	0.01188	0.00786	0.00647	0.00196	0.00691	0.00597	0.00647	0.01091
15	0.01585	0.01521	0.02597	0.06621	0.70717	0.01532	0.01976	0.01971	0.01465	0.02094	0.01213	0.01604	0.01017	0.00578	0.00640	0.00193	0.00771	0.00576	0.00319	0.01012
16	0.00787	0.00562	0.00750	0.00900	0.00937	0.00525	0.00600	0.00900	0.01237	0.01649	0.03561	0.76871	0.04274	0.02024	0.00825	0.00262	0.00375	0.01837	0.00600	0.00525
17	0.01296	0.03342	0.73944	0.01842	0.02797	0.01501	0.02387	0.02046	0.01364	0.02046	0.01160	0.01364	0.00818	0.00614	0.00614	0.00205	0.00955	0.00477	0.00273	0.00955
18	0.02594	0.01188	0.01447	0.01167	0.01606	0.06262	0.00955	0.02845	0.01821	0.58451	0.07308	0.02670	0.02004	0.00897	0.00670	0.00205	0.00581	0.05581	0.00745	0.01004
19	0.01561	0.01496	0.02553	0.11261	0.66267	0.01525	0.01964	0.01949	0.01453	0.02064	0.01209	0.01612	0.01007	0.00583	0.00640	0.00194	0.00777	0.00576	0.00317	0.00992
20	0.01122	0.00561	0.00842	0.00842	0.00842	0.00561	0.00561	0.00842	0.00842	0.01122	0.01122	0.01964	0.01122	0.02245	0.02525	0.81201	0.00561	0.00561	0.00281	0.00281
21	0.01323	0.01253	0.02124	0.56283	0.23104	0.01463	0.01846	0.01741	0.01341	0.01776	0.01167	0.01689	0.00905	0.00627	0.00644	0.00209	0.00836	0.00575	0.00296	0.00801
22	0.02456	0.01810	0.01939	0.01487	0.02004	0.02004	0.01228	0.71107	0.03038	0.04072	0.01551	0.01551	0.01099	0.00776	0.00646	0.00194	0.00711	0.00582	0.00646	0.01099
23	0.02339	0.11160	0.01999	0.01604	0.01961	0.66884	0.01233	0.02510	0.01775	0.01575	0.00988	0.01151	0.00832	0.00654	0.00564	0.00163	0.01114	0.00408	0.00327	0.00758
24	0.01583	0.01519	0.02594	0.06943	0.70408	0.01531	0.01975	0.01969	0.01464	0.02092	0.01213	0.01604	0.01017	0.00579	0.00640	0.00193	0.00771	0.00576	0.00318	0.01011
25	0.01780	0.59990	0.02963	0.01191	0.01677	0.14137	0.01107	0.01983	0.01377	0.01529	0.00975	0.01166	0.00887	0.00883	0.05833	0.00208	0.00843	0.00382	0.00291	0.00798
26	0.02899	0.01100	0.01499	0.01150	0.01649	0.00950	0.00950	0.03149	0.01849	0.73709	0.02549	0.02199	0.01599	0.00800	0.00650	0.00200	0.00550	0.00650	0.00800	0.01100
27	0.01607	0.01388	0.01461	0.01315	0.01680	0.01607	0.01023	0.03433	0.72094	0.02703	0.02630	0.02411	0.01972	0.00877	0.00657	0.00219	0.00511	0.00731	0.00657	0.01023
28	0.00796	0.00655	0.00703	0.00720	0.00917	0.00563	0.00546	0.00975	0.01483	0.01811	0.10661	0.10798	0.58930	0.01651	0.00777	0.00226	0.00348	0.06281	0.00607	0.00552
29	0.02161	0.08096	0.01911	0.01716	0.06762	0.54327	0.01251	0.04813	0.01768	0.01728	0.01277	0.04330	0.01168	0.00778	0.00606	0.00179	0.01021	0.04972	0.00366	0.00768
30	0.01727	0.77681	0.03386	0.01106	0.01658	0.02557	0.01106	0.01935	0.01313	0.01520	0.00898	0.01036	0.00829	0.00553	0.00415	0.00138	0.00691	0.00345	0.00276	0.00829
31	0.00783	0.00655	0.00682	0.00675	0.00885	0.00554	0.00506	0.00966	0.01519	0.01856	0.15247	0.06036	0.64229	0.01595	0.00763	0.00216	0.00324	0.01338	0.00615	0.00554
32	0.01630	0.57861	0.17000	0.01365	0.02002	0.02286	0.06416	0.01966	0.01338	0.01661	0.00978	0.01151	0.00838	0.00564	0.00478	0.00157	0.00771	0.00401	0.00279	0.00856
33	0.01921	0.11813	0.01567	0.01101	0.01478	0.01191	0.00916	0.06048	0.08915	0.29172	0.05355	0.09975	0.08780	0.01083	0.00673	0.00210	0.00533	0.07746	0.00642	0.00879

[dist]
# distance from previous block
# <min> <max>
0	12

[block]
# block no. 3 follows, 34 sequences, length 639
# corresponding to MSA columns:
# 319-957
name=unknown_D
#
# <colnr> <probs for GDERKNQSTAVLIFYWHMCP>
#	G	D	E	R	K	N	Q	S	T	A	V	L	I	F	Y	W	H	M	C	P
0	0.01328	0.01116	0.01347	0.01028	0.01505	0.00929	0.03044	0.06629	0.03548	0.02240	0.06430	0.06908	0.06956	0.00756	0.00567	0.00137	0.00487	0.00639	0.00460	0.53947
1	0.04832	0.13856	0.60731	0.01694	0.02567	0.01649	0.02132	0.02024	0.01345	0.02008	0.01111	0.01304	0.00815	0.00605	0.00576	0.00195	0.00898	0.00453	0.00279	0.00926
2	0.01492	0.06951	0.52146	0.01783	0.02616	0.01533	0.08482	0.04287	0.03437	0.06768	0.01302	0.01470	0.00931	0.00624	0.00617	0.00198	0.00891	0.00515	0.00338	0.03619
3	0.01522	0.09106	0.06627	0.06604	0.07108	0.01701	0.53609	0.02028	0.01482	0.01995	0.01248	0.01649	0.00955	0.00556	0.00709	0.00208	0.01015	0.00689	0.00317	0.00871
4	0.01296	0.03342	0.73944	0.01842	0.02797	0.01501	0.02387	0.02046	0.01364	0.02046	0.01160	0.01364	0.00818	0.00614	0.00614	0.00205	0.00955	0.00477	0.00273	0.00955
5	0.01589	0.14785	0.50096	0.01664	0.02481	0.01624	0.04212	0.04150	0.01465	0.10228	0.01293	0.01425	0.00923	0.00628	0.00592	0.00194	0.00864	0.00489	0.00346	0.00953
6	0.00797	0.00648	0.00706	0.00707	0.00897	0.00557	0.00524	0.00986	0.01528	0.01913	0.20096	0.11576	0.53608	0.01602	0.00768	0.00219	0.00326	0.01361	0.00623	0.00557
7	0.01453	0.01183	0.01373	0.01004	0.01553	0.00955	0.00805	0.06262	0.03779	0.04337	0.03496	0.01522	0.01178	0.00546	0.00509	0.00112	0.00491	0.00439	0.00431	0.68571
8	0.01436	0.01242	0.01475	0.01118	0.01593	0.01139	0.00903	0.05958	0.05999	0.02185	0.01227	0.01433	0.01016	0.00616	0.00735	0.00136	0.11283	0.00444	0.00402	0.59660
9	0.01191	0.00776	0.00957	0.00932	0.01123	0.00746	0.00689	0.01605	0.10764	0.11038	0.23441	0.29042	0.12198	0.01476	0.00756	0.00227	0.00389	0.01299	0.00664	0.00688
10	0.00787	0.00562	0.00750	0.00900	0.00937	0.00525	0.00600	0.00900	0.01237	0.01649	0.03561	0.76871	0.04274	0.02024	0.00825	0.00262	0.00375	0.01837	0.00600	0.00525
11	0.00872	0.00623	0.00847	0.00996	0.01071	0.00598	0.00747	0.01046	0.01320	0.01744	0.03515	0.53689	0.04089	0.01945	0.00847	0.00274	0.00448	0.24183	0.00598	0.00548
12	0.01274	0.01203	0.02035	0.65554	0.14215	0.01450	0.01821	0.01698	0.01317	0.01716	0.01158	0.01705	0.00884	0.00636	0.00645	0.00212	0.00848	0.00574	0.00292	0.00761
13	0.00923	0.00692	0.01038	0.01038	0.01154	0.00808	0.00808	0.01154	0.01038	0.01500	0.01731	0.02538	0.01615	0.04846	0.74732	0.01038	0.01731	0.00692	0.00346	0.00577
14	0.01688	0.01653	0.06520	0.02098	0.02668	0.01544	0.39516	0.02580	0.21883	0.10143	0.01817	0.01966	0.01326	0.00672	0.00712	0.00216	0.00856	0.00726	0.00471	0.00945
15	0.01727	0.77681	0.03386	0.01106	0.01658	0.02557	0.01106	0.01935	0.01313	0.01520	0.00898	0.01036	0.00829	0.00553	0.00415	0.00138	0.00691	0.00345	0.00276	0.00829
16	0.02899	0.01100	0.01499	0.01150	0.01649	0.00950	0.00950	0.03149	0.01849	0.73709	0.02549	0.02199	0.01599	0.00800	0.00650	0.00200	0.00550	0.00650	0.00800	0.01100
17	0.00924	0.00690	0.01029	0.01029	0.01141	0.00803	0.00796	0.01148	0.01036	0.01493	0.01739	0.02586	0.01636	0.06872	0.72734	0.01027	0.01700	0.00699	0.00347	0.00572
18	0.01372	0.02809	0.50580	0.02135	0.02990	0.01545	0.25218	0.02054	0.01418	0.02054	0.01209	0.01490	0.00872	0.00591	0.00663	0.00209	0.01000	0.00572	0.00291	0.00927
19	0.00923	0.00692	0.01038	0.01038	0.01154	0.00808	0.00808	0.01154	0.01038	0.01500	0.01731	0.02538	0.01615	0.04846	0.74732	0.01038	0.01731	0.00692	0.00346	0.00577
20	0.01525	0.01743	0.03813	0.02723	0.03377	0.01634	0.70915	0.02070	0.01525	0.02070	0.01307	0.01743	0.00980	0.00545	0.00763	0.00218	0.01089	0.00763	0.00327	0.00871
21	0.01220	0.01148	0.01938	0.75739	0.04450	0.01436	0.01794	0.01651	0.01292	0.01651	0.01148	0.01723	0.00861	0.00646	0.00646	0.00215	0.00861	0.00574	0.00287	0.00718
22	0.02372	0.01768	0.01892	0.01470	0.01972	0.01964	0.01208	0.64403	0.09879	0.03936	0.01658	0.01636	0.01185	0.00786	0.00647	0.00196	0.00691	0.00596	0.00647	0.01091
23	0.00931	0.00659	0.00870	0.00870	0.00927	0.00716	0.00597	0.01045	0.00988	0.01375	0.01885	0.03394	0.01987	0.41506	0.38579	0.00830	0.01172	0.00817	0.00369	0.00483
24	0.73158	0.01233	0.01010	0.00883	0.01294	0.01394	0.00727	0.02037	0.01182	0.10699	0.01081	0.01176	0.00799	0.00622	0.00427	0.00200	0.00505	0.00383	0.00444	0.00744
25	0.01340	0.01148	0.01340	0.00957	0.01531	0.00861	0.00766	0.01627	0.01340	0.02105	0.01148	0.01340	0.00957	0.00479	0.00479	0.00096	0.00479	0.00383	0.00383	0.81242
26	0.00787	0.00562	0.00750	0.00900	0.00937	0.00525	0.00600	0.00900	0.01237	0.01649	0.03561	0.76871	0.04274	0.02024	0.00825	0.00262	0.00375	0.01837	0.00600	0.00525
27	0.00858	0.00668	0.00727	0.00705	0.00916	0.00572	0.00531	0.01057	0.01567	0.03922	0.22051	0.05780	0.55298	0.01539	0.00760	0.00214	0.00328	0.01298	0.00632	0.00576
28	0.01536	0.01500	0.02662	0.03598	0.59083	0.01483	0.11235	0.01924	0.01463	0.02075	0.01381	0.06519	0.01229	0.00666	0.00668	0.00200	0.00786	0.00683	0.00339	0.00970
29	0.00825	0.00628	0.00819	0.00924	0.00979	0.00622	0.00641	0.00945	0.01247	0.01654	0.03720	0.64018	0.11775	0.01923	0.00902	0.00259	0.05300	0.01701	0.00579	0.00539
30	0.01296	0.03342	0.73944	0.01842	0.02797	0.01501	0.02387	0.02046	0.01364	0.02046	0.01160	0.01364	0.00818	0.00614	0.00614	0.00205	0.00955	0.00477	0.00273	0.00955
31	0.02899	0.01100	0.01499	0.01150	0.01649	0.00950	0.00950	0.03149	0.01849	0.73709	0.02549	0.02199	0.01599	0.00800	0.00650	0.00200	0.00550	0.00650	0.00800	0.01100
32	0.01772	0.72824	0.03285	0.01142	0.01680	0.07253	0.01115	0.01977	0.01347	0.01524	0.00905	0.01045	0.00829	0.00560	0.00426	0.00140	0.00722	0.00350	0.00280	0.00824
33	0.00937	0.00713	0.01066	0.01057	0.01169	0.00841	0.00825	0.01165	0.01037	0.01502	0.01705	0.02506	0.01593	0.04739	0.72635	0.01017	0.03879	0.00689	0.00344	0.00581
34	0.01727	0.77681	0.03386	0.01106	0.01658	0.02557	0.01106	0.01935	0.01313	0.01520	0.00898	0.01036	0.00829	0.00553	0.00415	0.00138	0.00691	0.00345	0.00276	0.00829
35	0.01572	0.01517	0.02619	0.08550	0.66453	0.01532	0.04312	0.01965	0.01462	0.02080	0.01214	0.01612	0.01012	0.00579	0.00644	0.00194	0.00785	0.00582	0.00318	0.00999
36	0.01524	0.01704	0.03572	0.02583	0.03184	0.01651	0.62950	0.02122	0.05687	0.02079	0.01361	0.01765	0.01032	0.00597	0.00831	0.00222	0.05172	0.00750	0.00344	0.00871
37	0.00787	0.00562	0.00750	0.00900	0.00937	0.00525	0.00600	0.00900	0.01237	0.01649	0.03561	0.76871	0.04274	0.02024	0.00825	0.00262	0.00375	0.01837	0.00600	0.00525
38	0.01575	0.01510	0.02578	0.08638	0.68782	0.01529	0.01971	0.01961	0.01460	0.02081	0.01211	0.01607	0.01013	0.00580	0.00640	0.00193	0.00774	0.00576	0.00318	0.01004
39	0.01296	0.03342	0.73944	0.01842	0.02797	0.01501	0.02387	0.02046	0.01364	0.02046	0.01160	0.01364	0.00818	0.00614	0.00614	0.00205	0.00955	0.00477	0.00273	0.00955
40	0.02456	0.01810	0.01939	0.01487	0.02004	0.02004	0.01228	0.71107	0.03038	0.04072	0.01551	0.01551	0.01099	0.00776	0.00646	0.00194	0.00711	0.00582	0.00646	0.01099
41	0.01525	0.01743	0.03813	0.02723	0.03377	0.01634	0.70915	0.02070	0.01525	0.02070	0.01307	0.01743	0.00980	0.00545	0.00763	0.00218	0.01089	0.00763	0.00327	0.00871
42	0.08039	0.01109	0.01464	0.01130	0.01623	0.00982	0.00933	0.03068	0.01801	0.69099	0.02442	0.02124	0.01541	0.00787	0.00634	0.00200	0.00547	0.00630	0.00774	0.01074
43	0.00787	0.00562	0.00750	0.00900	0.00937	0.00525	0.00600	0.00900	0.01237	0.01649	0.03561	0.76871	0.04274	0.02024	0.00825	0.00262	0.00375	0.01837	0.00600	0.00525
44	0.01296	0.03342	0.73944	0.01842	0.02797	0.01501	0.02387	0.02046	0.01364	0.02046	0.01160	0.01364	0.00818	0.00614	0.00614	0.00205	0.00955	0.00477	0.00273	0.00955
45	0.01414	0.01414	0.01979	0.01696	0.01696	0.01979	0.01414	0.01555	0.00990	0.01555	0.00848	0.01414	0.00848	0.01131	0.02120	0.00283	0.76110	0.00565	0.00283	0.00707
46	0.00764	0.00655	0.00655	0.00655	0.00873	0.00545	0.00491	0.00927	0.01473	0.01745	0.06546	0.06218	0.73000	0.01636	0.00764	0.00218	0.00327	0.01364	0.00600	0.00545
47	0.02456	0.01810	0.01939	0.01487	0.02004	0.02004	0.01228	0.71107	0.03038	0.04072	0.01551	0.01551	0.01099	0.00776	0.00646	0.00194	0.00711	0.00582	0.00646	0.01099
48	0.00910	0.00660	0.00857	0.00808	0.00962	0.00608	0.00606	0.01210	0.01818	0.02565	0.70856	0.04870	0.08177	0.01331	0.00762	0.00204	0.00306	0.01175	0.00708	0.00608
49	0.01942	0.01663	0.07008	0.01404	0.01873	0.01701	0.01191	0.26557	0.39498	0.06794	0.02146	0.02027	0.01567	0.00818	0.00650	0.00208	0.00615	0.00656	0.00632	0.01048
50	0.01122	0.00561	0.00842	0.00842	0.00842	0.00561	0.00561	0.00842	0.00842	0.01122	0.01122	0.01964	0.01122	0.02245	0.02525	0.81201	0.00561	0.00561	0.00281	0.00281
51	0.02258	0.04196	0.01880	0.01451	0.01927	0.06676	0.01184	0.50713	0.16938	0.03551	0.01714	0.01685	0.01250	0.00782	0.00637	0.00195	0.00699	0.00594	0.00617	0.01052
52	0.00786	0.00565	0.00747	0.00892	0.00935	0.00525	0.00596	0.00901	0.01244	0.01652	0.03654	0.74673	0.06411	0.02012	0.00823	0.00261	0.00373	0.01822	0.00600	0.00525
53	0.21523	0.01135	0.01370	0.01079	0.01555	0.01068	0.00891	0.02854	0.01673	0.57007	0.02160	0.01928	0.01387	0.00753	0.00591	0.00200	0.00538	0.00579	0.00705	0.01005
54	0.00844	0.00645	0.00959	0.01028	0.01109	0.00604	0.05192	0.00990	0.01264	0.01686	0.03410	0.69719	0.04041	0.01920	0.00823	0.00261	0.00429	0.03946	0.00582	0.00550
55	0.02329	0.02919	0.01913	0.01904	0.09408	0.67091	0.01325	0.02518	0.01794	0.01636	0.01021	0.01210	0.00852	0.00656	0.00589	0.00169	0.01124	0.00433	0.00332	0.00778
56	0.02387	0.03029	0.01857	0.01739	0.04313	0.72321	0.01272	0.02561	0.01819	0.01599	0.01006	0.01179	0.00839	0.00663	0.00584	0.00167	0.01152	0.00421	0.00332	0.00758
57	0.01240	0.01187	0.02060	0.70986	0.04380	0.01448	0.06294	0.01678	0.01307	0.01678	0.01159	0.01724	0.00869	0.00639	0.00654	0.00215	0.00876	0.00586	0.00290	0.00728
58	0.01375	0.01358	0.01916	0.04168	0.01755	0.01884	0.01387	0.01532	0.01003	0.01555	0.00916	0.01497	0.00899	0.01356	0.06797	0.00330	0.68712	0.00574	0.00287	0.00699
59	0.00795	0.00568	0.00759	0.00909	0.00950	0.00532	0.00614	0.00913	0.01245	0.01658	0.03557	0.74706	0.04256	0.02017	0.00827	0.00263	0.00382	0.03923	0.00600	0.00527
60	0.02783	0.01074	0.01462	0.01130	0.01609	0.00930	0.00930	0.03036	0.01848	0.69541	0.06674	0.02353	0.01863	0.00830	0.00656	0.00200	0.00535	0.00680	0.00795	0.01071
61	0.02374	0.01769	0.01893	0.01470	0.01972	0.01965	0.01208	0.64567	0.09711	0.03940	0.01656	0.01634	0.01183	0.00785	0.00647	0.00196	0.00692	0.00596	0.00647	0.01091
62	0.00940	0.00626	0.00705	0.00705	0.00705	0.00626	0.00392	0.00940	0.00940	0.01253	0.02036	0.04228	0.02349	0.77292	0.03289	0.00626	0.00626	0.00940	0.00392	0.00392
63	0.02567	0.01211	0.01528	0.01219	0.01683	0.01162	0.01004	0.12750	0.10038	0.50981	0.02473	0.02462	0.01709	0.00869	0.00666	0.00208	0.00571	0.05093	0.00748	0.01058
64	0.00787	0.00562	0.00750	0.00900	0.00937	0.00525	0.00600	0.00900	0.01237	0.01649	0.03561	0.76871	0.04274	0.02024	0.00825	0.00262	0.00375	0.01837	0.00600	0.00525
65	0.02456	0.01810	0.01939	0.01487	0.02004	0.02004	0.01228	0.71107	0.03038	0.04072	0.01551	0.01551	0.01099	0.00776	0.00646	0.00194	0.00711	0.00582	0.00646	0.01099
66	0.01607	0.01388	0.01461	0.01315	0.01680	0.01607	0.01023	0.03433	0.72094	0.02703	0.02630	0.02411	0.01972	0.00877	0.00657	0.00219	0.00511	0.00731	0.00657	0.01023
67	0.00938	0.00633	0.00736	0.00736	0.00747	0.00643	0.00431	0.00960	0.00949	0.01276	0.02007	0.04070	0.02280	0.70484	0.10003	0.00665	0.00730	0.00916	0.00387	0.00409
68	0.01324	0.08182	0.69351	0.01794	0.02722	0.01569	0.02304	0.02039	0.01361	0.02012	0.01143	0.01343	0.00819	0.00610	0.00601	0.00200	0.00938	0.00469	0.00273	0.00947
