[name]
unknown

[dist]
# distance from previous block
# <min> <max>
0	74

[block]
# block no. 0 follows, 33 sequences, length 38
# corresponding to MSA columns:
# 92-129
name=unknown_A
#
# <colnr> <probs for GDERKNQSTAVLIFYWHMCP>
#	G	D	E	R	K	N	Q	S	T	A	V	L	I	F	Y	W	H	M	C	P
0	0.11512	0.00756	0.00877	0.00849	0.01003	0.00746	0.00609	0.01325	0.01413	0.06594	0.26097	0.13502	0.05884	0.18798	0.01409	0.03980	0.00458	0.03032	0.00572	0.00584
1	0.03675	0.01015	0.01326	0.11894	0.07625	0.01068	0.01017	0.07615	0.09530	0.06375	0.05819	0.26364	0.11419	0.01301	0.00730	0.00230	0.00537	0.01138	0.00563	0.00759
2	0.15444	0.01538	0.01868	0.10433	0.27937	0.09087	0.01406	0.09187	0.01614	0.02339	0.01834	0.04568	0.08472	0.00793	0.00624	0.00202	0.00722	0.00658	0.00413	0.00862
3	0.06218	0.00940	0.01178	0.01031	0.01349	0.00885	0.00802	0.02256	0.07740	0.33012	0.12941	0.18953	0.05193	0.01187	0.00702	0.00219	0.00464	0.01016	0.03056	0.00858
4	0.10258	0.00749	0.00863	0.00888	0.01028	0.00748	0.00627	0.01318	0.05162	0.04456	0.15491	0.35413	0.07201	0.11469	0.01090	0.00291	0.00429	0.01328	0.00590	0.00601
5	0.07191	0.00643	0.00766	0.00872	0.00962	0.00616	0.00597	0.01002	0.01269	0.01779	0.03755	0.58518	0.12955	0.04729	0.00893	0.00270	0.00395	0.01654	0.00587	0.00546
6	0.19242	0.01315	0.01373	0.01173	0.01575	0.01444	0.00939	0.12130	0.27954	0.14409	0.02268	0.02179	0.04724	0.00969	0.03019	0.00238	0.00579	0.00650	0.02875	0.00945
7	0.01053	0.00678	0.00849	0.00845	0.00969	0.00630	0.00594	0.01225	0.01461	0.07439	0.25689	0.21605	0.10657	0.19700	0.01407	0.00329	0.00436	0.03244	0.00612	0.00579
8	0.01081	0.00679	0.00880	0.00936	0.01040	0.00640	0.00648	0.03439	0.01399	0.08443	0.08648	0.55409	0.03971	0.08237	0.01027	0.00286	0.00426	0.01587	0.00622	0.00603
9	0.00889	0.00684	0.00808	0.00790	0.00961	0.00622	0.00583	0.01170	0.03746	0.02220	0.39448	0.10854	0.29341	0.03897	0.00860	0.00231	0.00341	0.01293	0.00664	0.00597
10	0.01453	0.01222	0.01412	0.01017	0.01597	0.00968	0.00816	0.06982	0.01499	0.02300	0.01202	0.01382	0.00986	0.00511	0.00501	0.00105	0.00506	0.00406	0.00411	0.74724
11	0.00940	0.00705	0.01058	0.01058	0.01176	0.00823	0.00823	0.01176	0.01058	0.01528	0.01763	0.02586	0.01646	0.04937	0.74255	0.01058	0.01763	0.00705	0.00353	0.00588
12	0.01750	0.01470	0.01552	0.01362	0.01755	0.01690	0.01069	0.12199	0.62684	0.02935	0.02537	0.02343	0.01894	0.00880	0.00668	0.00220	0.00547	0.00725	0.00668	0.01052
13	0.47620	0.01164	0.01079	0.00935	0.01328	0.01263	0.00759	0.02251	0.07041	0.17440	0.01731	0.01747	0.03529	0.00728	0.00500	0.00201	0.00494	0.00513	0.08869	0.00809
14	0.00940	0.00705	0.01058	0.01058	0.01176	0.00823	0.00823	0.01176	0.01058	0.01528	0.01763	0.02586	0.01646	0.04937	0.74255	0.01058	0.01763	0.00705	0.00353	0.00588
15	0.02954	0.01120	0.01528	0.01171	0.01681	0.00968	0.00968	0.03208	0.01884	0.73213	0.02597	0.02241	0.01630	0.00815	0.00662	0.00204	0.00560	0.00662	0.00815	0.01120
16	0.00846	0.00615	0.00765	0.00835	0.00915	0.00570	0.00565	0.00987	0.01360	0.01811	0.16626	0.42222	0.14032	0.13270	0.01202	0.00306	0.00401	0.01537	0.00600	0.00533
17	0.00950	0.00681	0.00994	0.01003	0.01096	0.00770	0.00752	0.01116	0.01044	0.01483	0.01846	0.06712	0.01825	0.11383	0.58022	0.07141	0.01490	0.00782	0.00366	0.00544
18	0.00893	0.00671	0.00827	0.00788	0.00960	0.00605	0.00591	0.01168	0.01773	0.02425	0.56025	0.05271	0.22731	0.01426	0.00777	0.00211	0.00316	0.01240	0.00696	0.00605
19	0.01898	0.01360	0.01482	0.01222	0.01605	0.01459	0.00968	0.31724	0.16219	0.08861	0.06021	0.02908	0.11910	0.08205	0.00940	0.00249	0.00586	0.00806	0.00645	0.00931
20	0.17906	0.00949	0.01126	0.01025	0.01286	0.00967	0.04475	0.01745	0.08541	0.09370	0.11551	0.21066	0.09059	0.05162	0.00820	0.00246	0.00478	0.01057	0.02464	0.00709
21	0.04355	0.01579	0.02078	0.01684	0.04500	0.05475	0.14265	0.24700	0.07039	0.15694	0.01869	0.02124	0.01398	0.00791	0.00672	0.00206	0.00742	0.04152	0.05698	0.00978
22	0.02410	0.01327	0.01575	0.01280	0.01741	0.01360	0.01034	0.12504	0.27598	0.37957	0.02489	0.02230	0.01699	0.00840	0.00664	0.00210	0.00568	0.00683	0.00740	0.01092
23	0.02266	0.05322	0.01752	0.01398	0.01796	0.22696	0.01118	0.23917	0.02149	0.14697	0.04641	0.02194	0.01559	0.03864	0.03296	0.00241	0.00839	0.04795	0.00554	0.00905
24	0.01681	0.01703	0.10253	0.15358	0.20413	0.06821	0.06157	0.08099	0.01618	0.08193	0.01508	0.02004	0.01211	0.01116	0.07672	0.00289	0.00934	0.03671	0.00402	0.00899
25	0.01351	0.03046	0.59376	0.05820	0.03025	0.01546	0.12525	0.02068	0.01411	0.02068	0.01203	0.01466	0.00861	0.00617	0.00650	0.00211	0.00988	0.00535	0.00287	0.00948
26	0.00778	0.00667	0.00667	0.00667	0.00889	0.00556	0.00500	0.00945	0.01501	0.01778	0.06669	0.06336	0.72490	0.01667	0.00778	0.00222	0.00333	0.01389	0.00611	0.00556
27	0.04888	0.26222	0.08341	0.04860	0.06182	0.13216	0.01298	0.02500	0.16734	0.07499	0.01498	0.01567	0.01167	0.00685	0.00562	0.00183	0.00757	0.00509	0.00424	0.00909
28	0.01329	0.01505	0.15784	0.11330	0.11132	0.02727	0.01404	0.01762	0.03893	0.07345	0.07628	0.12647	0.08547	0.01235	0.03396	0.00255	0.00710	0.06099	0.00476	0.00795
29	0.01243	0.01170	0.01975	0.75282	0.04534	0.01463	0.01828	0.01682	0.01316	0.01682	0.01170	0.01755	0.00878	0.00658	0.00658	0.00219	0.00878	0.00585	0.00293	0.00731
30	0.01606	0.03724	0.21895	0.09733	0.02575	0.11746	0.12688	0.02038	0.01451	0.07535	0.01441	0.05967	0.01191	0.01051	0.05612	0.00271	0.07624	0.00649	0.00365	0.00839
31	0.03942	0.11791	0.11960	0.15627	0.19385	0.06446	0.06860	0.02058	0.03851	0.05644	0.01408	0.05630	0.01176	0.00709	0.00629	0.00200	0.00817	0.00618	0.00364	0.00887
32	0.01345	0.03877	0.10843	0.02146	0.19147	0.01255	0.13099	0.01713	0.01453	0.04576	0.02522	0.13590	0.11127	0.01073	0.00783	0.00226	0.03448	0.06521	0.00439	0.00819
33	0.01299	0.00853	0.00995	0.00933	0.01136	0.00853	0.00701	0.13452	0.01782	0.05133	0.18822	0.24800	0.07080	0.01333	0.00703	0.00212	0.00414	0.01154	0.17648	0.00697
34	0.01480	0.05768	0.11861	0.03759	0.12910	0.03582	0.14764	0.03816	0.05010	0.04359	0.04267	0.06053	0.06727	0.01060	0.03823	0.02147	0.06610	0.00754	0.00407	0.00844
35	0.01529	0.17031	0.08443	0.09482	0.12956	0.05805	0.05742	0.05705	0.03443	0.01972	0.05499	0.06461	0.01579	0.06673	0.00914	0.00233	0.04650	0.00679	0.00383	0.00821
36	0.04033	0.01238	0.10913	0.01467	0.09963	0.01003	0.01130	0.01435	0.01461	0.02089	0.18065	0.17224	0.10446	0.01290	0.00858	0.00229	0.06940	0.06250	0.00514	0.03453
37	0.04397	0.16537	0.48520	0.01771	0.06076	0.04990	0.01992	0.02038	0.01393	0.01987	0.01208	0.04056	0.00971	0.00666	0.00588	0.00196	0.00885	0.00510	0.00301	0.00918

[dist]
# distance from previous block
# <min> <max>
0	8

[block]
# block no. 1 follows, 33 sequences, length 48
# corresponding to MSA columns:
# 138-185
name=unknown_B
#
# <colnr> <probs for GDERKNQSTAVLIFYWHMCP>
#	G	D	E	R	K	N	Q	S	T	A	V	L	I	F	Y	W	H	M	C	P
0	0.12209	0.24486	0.12040	0.01405	0.04347	0.04533	0.03389	0.14342	0.01681	0.04381	0.01565	0.01858	0.04797	0.03673	0.00669	0.00204	0.00724	0.02410	0.00417	0.00869
1	0.04134	0.04250	0.12317	0.03411	0.11200	0.01178	0.08822	0.01679	0.01455	0.05334	0.10704	0.14825	0.04675	0.01219	0.03591	0.00252	0.02783	0.04501	0.00465	0.03203
2	0.01984	0.12049	0.07218	0.01528	0.01941	0.20897	0.01306	0.15453	0.16699	0.02359	0.01456	0.01562	0.01147	0.00789	0.00809	0.00201	0.10700	0.00539	0.00451	0.00910
3	0.01056	0.00853	0.00950	0.03673	0.01108	0.05772	0.00654	0.01174	0.01118	0.01456	0.04063	0.03591	0.05770	0.40604	0.24702	0.00686	0.01006	0.00858	0.00397	0.00509
4	0.01910	0.07301	0.20261	0.02287	0.19059	0.19287	0.06897	0.04854	0.01649	0.08500	0.01293	0.01489	0.00983	0.00643	0.00627	0.00192	0.00926	0.00528	0.00372	0.00943
5	0.43519	0.08977	0.01497	0.01091	0.01535	0.03944	0.00908	0.11876	0.09123	0.09937	0.01371	0.01410	0.01019	0.00684	0.00504	0.00198	0.00587	0.00464	0.00497	0.00861
6	0.01744	0.01467	0.01548	0.01361	0.01752	0.01687	0.01068	0.11723	0.63171	0.02925	0.02545	0.02349	0.01900	0.00881	0.00668	0.00220	0.00546	0.00726	0.00668	0.01052
7	0.00819	0.00596	0.00811	0.03791	0.01093	0.00571	0.00658	0.00946	0.01263	0.01681	0.03533	0.73548	0.04220	0.02008	0.00833	0.00266	0.00401	0.01822	0.00599	0.00542
8	0.00936	0.00712	0.00862	0.00931	0.04275	0.00636	0.00645	0.01139	0.01538	0.04114	0.19629	0.15810	0.38100	0.04029	0.00866	0.00240	0.00384	0.03931	0.00621	0.00603
9	0.01629	0.01564	0.02672	0.04041	0.72757	0.01564	0.02020	0.02020	0.01499	0.02151	0.01238	0.01629	0.01043	0.00587	0.00652	0.00196	0.00782	0.00587	0.00326	0.01043
10	0.00940	0.00705	0.01058	0.01058	0.01176	0.00823	0.00823	0.01176	0.01058	0.01528	0.01763	0.02586	0.01646	0.04937	0.74255	0.01058	0.01763	0.00705	0.00353	0.00588
11	0.02361	0.01758	0.01944	0.01609	0.05675	0.01931	0.01254	0.62893	0.02922	0.03928	0.03760	0.03826	0.01362	0.00833	0.00667	0.00200	0.00705	0.00647	0.00642	0.01084
12	0.01418	0.05229	0.01759	0.01210	0.01767	0.01126	0.07765	0.01780	0.03843	0.02106	0.01212	0.01432	0.01002	0.00543	0.00597	0.00125	0.04034	0.00448	0.00384	0.62221
13	0.00835	0.00606	0.00800	0.00927	0.00961	0.00590	0.00621	0.00941	0.01229	0.01646	0.03419	0.68395	0.04090	0.07902	0.01079	0.00297	0.02792	0.01759	0.00584	0.00530
14	0.01502	0.02203	0.23713	0.02776	0.17531	0.01605	0.36699	0.02084	0.01495	0.02111	0.01269	0.01634	0.00960	0.00582	0.00707	0.00213	0.01003	0.00654	0.00316	0.00944
15	0.00918	0.00710	0.00841	0.00802	0.00990	0.00653	0.00603	0.01262	0.05387	0.02361	0.47028	0.05258	0.27907	0.01428	0.00771	0.00213	0.00329	0.01233	0.00684	0.00622
16	0.00818	0.00582	0.00770	0.00915	0.00955	0.00547	0.00614	0.00932	0.01252	0.01668	0.03543	0.70593	0.04235	0.05965	0.00974	0.00288	0.00402	0.03818	0.00600	0.00530
17	0.78537	0.01343	0.01001	0.00897	0.01302	0.04216	0.00734	0.01961	0.01148	0.02903	0.00920	0.01074	0.00718	0.00614	0.00414	0.00202	0.00535	0.00359	0.00405	0.00715
18	0.01229	0.01147	0.01924	0.71843	0.04370	0.01424	0.01773	0.01662	0.01342	0.01726	0.04460	0.01901	0.01124	0.00690	0.00664	0.00219	0.00851	0.00613	0.00312	0.00726
19	0.00950	0.00666	0.00856	0.00856	0.00904	0.00713	0.00572	0.01046	0.00998	0.01379	0.01948	0.03607	0.02089	0.47575	0.32224	0.00809	0.01096	0.00855	0.00380	0.00476
20	0.01597	0.03019	0.61283	0.01757	0.02652	0.01434	0.02184	0.02275	0.01474	0.14120	0.01421	0.01534	0.00969	0.00657	0.00632	0.00208	0.00903	0.00516	0.00369	0.00998
21	0.02459	0.03138	0.01866	0.01696	0.02035	0.74221	0.01272	0.02629	0.01866	0.01611	0.01018	0.01187	0.00848	0.00678	0.00594	0.00170	0.01187	0.00424	0.00339	0.00763
22	0.01365	0.01170	0.01365	0.00975	0.01560	0.00878	0.00780	0.01658	0.01365	0.02145	0.01170	0.01365	0.00975	0.00488	0.00488	0.00098	0.00488	0.00390	0.00390	0.80888
23	0.00957	0.00638	0.00718	0.00718	0.00718	0.00638	0.00399	0.00957	0.00957	0.01276	0.02074	0.04308	0.02393	0.76864	0.03351	0.00638	0.00638	0.00957	0.00399	0.00399
24	0.01726	0.13126	0.13507	0.01840	0.13875	0.15274	0.01426	0.02266	0.10137	0.05838	0.08644	0.01919	0.01638	0.00884	0.03198	0.00218	0.00814	0.00590	0.00425	0.02655
25	0.01320	0.03405	0.73453	0.01876	0.02849	0.01529	0.02432	0.02085	0.01390	0.02085	0.01181	0.01390	0.00834	0.00625	0.00625	0.00208	0.00973	0.00486	0.00278	0.00973
26	0.00940	0.00705	0.01058	0.01058	0.01176	0.00823	0.00823	0.01176	0.01058	0.01528	0.01763	0.02586	0.01646	0.04937	0.74255	0.01058	0.01763	0.00705	0.00353	0.00588
27	0.01243	0.01170	0.01975	0.75282	0.04534	0.01463	0.01828	0.01682	0.01316	0.01682	0.01170	0.01755	0.00878	0.00658	0.00658	0.00219	0.00878	0.00585	0.00293	0.00731
28	0.00828	0.00676	0.00736	0.00740	0.00945	0.00584	0.00568	0.01030	0.01563	0.01940	0.17526	0.06187	0.55516	0.01626	0.00789	0.00226	0.00352	0.06968	0.00630	0.00571
29	0.01427	0.01572	0.03357	0.02460	0.03020	0.01474	0.58563	0.01907	0.01504	0.02036	0.01720	0.14408	0.01567	0.00810	0.00788	0.00230	0.00987	0.00962	0.00380	0.00828
30	0.01637	0.01414	0.01489	0.01340	0.01712	0.01637	0.01042	0.03498	0.71568	0.02754	0.02679	0.02456	0.02010	0.00893	0.00670	0.00223	0.00521	0.00744	0.00670	0.01042
31	0.01223	0.00747	0.00919	0.00833	0.01070	0.00658	0.00640	0.01476	0.01747	0.14296	0.38821	0.04934	0.27390	0.01362	0.00758	0.00212	0.00360	0.01167	0.00702	0.00684
32	0.00965	0.00717	0.01037	0.01003	0.01100	0.00790	0.02843	0.01135	0.01041	0.01466	0.01849	0.03109	0.01864	0.27676	0.49430	0.00899	0.01385	0.00788	0.00367	0.00537
33	0.01320	0.03405	0.73453	0.01876	0.02849	0.01529	0.02432	0.02085	0.01390	0.02085	0.01181	0.01390	0.00834	0.00625	0.00625	0.00208	0.00973	0.00486	0.00278	0.00973
34	0.00957	0.00638	0.00718	0.00718	0.00718	0.00638	0.00399	0.00957	0.00957	0.01276	0.02074	0.04308	0.02393	0.76864	0.03351	0.00638	0.00638	0.00957	0.00399	0.00399
35	0.01161	0.00797	0.00884	0.00823	0.00893	0.00823	0.00511	0.10137	0.01239	0.01655	0.02009	0.03948	0.02225	0.66831	0.02996	0.00580	0.00650	0.00909	0.00433	0.00494
36	0.04116	0.00732	0.00857	0.00814	0.00947	0.00702	0.00546	0.01420	0.01231	0.13677	0.02598	0.13620	0.06327	0.39785	0.02035	0.00430	0.00537	0.01003	0.08042	0.00579
37	0.02459	0.03138	0.01866	0.01696	0.02035	0.74221	0.01272	0.02629	0.01866	0.01611	0.01018	0.01187	0.00848	0.00678	0.00594	0.00170	0.01187	0.00424	0.00339	0.00763
38	0.01243	0.01170	0.01975	0.75282	0.04534	0.01463	0.01828	0.01682	0.01316	0.01682	0.01170	0.01755	0.00878	0.00658	0.00658	0.00219	0.00878	0.00585	0.00293	0.00731
39	0.00882	0.00658	0.00789	0.00776	0.00918	0.00598	0.00556	0.01092	0.01584	0.02128	0.38513	0.11358	0.23743	0.12141	0.01145	0.00277	0.00369	0.01271	0.00638	0.00564
40	0.00899	0.00649	0.00809	0.00807	0.00921	0.00603	0.00567	0.01106	0.01561	0.02144	0.41399	0.17054	0.11983	0.15088	0.01251	0.00296	0.00384	0.01284	0.00635	0.00560
41	0.01320	0.03405	0.73453	0.01876	0.02849	0.01529	0.02432	0.02085	0.01390	0.02085	0.01181	0.01390	0.00834	0.00625	0.00625	0.00208	0.00973	0.00486	0.00278	0.00973
42	0.00824	0.00593	0.00780	0.00893	0.00957	0.00550	0.00609	0.00974	0.01373	0.01849	0.15594	0.61629	0.07081	0.01925	0.00827	0.00255	0.00368	0.01737	0.00631	0.00550
43	0.00957	0.00638	0.00718	0.00718	0.00718	0.00638	0.00399	0.00957	0.00957	0.01276	0.02074	0.04308	0.02393	0.76864	0.03351	0.00638	0.00638	0.00957	0.00399	0.00399
44	0.01447	0.02484	0.34552	0.02341	0.03119	0.01617	0.37936	0.02080	0.01462	0.02080	0.01249	0.01594	0.00921	0.00607	0.00759	0.00218	0.03666	0.00642	0.00307	0.00920
45	0.01212	0.01112	0.01751	0.58132	0.03766	0.01343	0.01574	0.01730	0.07087	0.01811	0.04336	0.04722	0.07092	0.00829	0.00679	0.00221	0.00768	0.00727	0.00375	0.00732
46	0.02421	0.03065	0.01903	0.01804	0.05305	0.70862	0.01307	0.02601	0.01849	0.01636	0.01028	0.01208	0.00857	0.00674	0.00596	0.00171	0.01168	0.00432	0.00339	0.00776
47	0.01258	0.01198	0.02063	0.71929	0.04484	0.01472	0.04997	0.01702	0.01327	0.01702	0.01178	0.01756	0.00883	0.00653	0.00664	0.00220	0.00888	0.00594	0.00294	0.00739

[dist]
# distance from previous block
# <min> <max>
0	1

[block]
# block no. 2 follows, 33 sequences, length 24
# corresponding to MSA columns:
# 187-210
name=unknown_C
#
# <colnr> <probs for GDERKNQSTAVLIFYWHMCP>
#	G	D	E	R	K	N	Q	S	T	A	V	L	I	F	Y	W	H	M	C	P
0	0.71555	0.01305	0.01070	0.00929	0.01350	0.01489	0.00765	0.06886	0.01303	0.06920	0.01057	0.01170	0.00793	0.00635	0.00439	0.00203	0.00527	0.00390	0.00448	0.00764
1	0.00804	0.00659	0.00709	0.00715	0.00910	0.00564	0.00529	0.00988	0.01534	0.01903	0.16608	0.12692	0.55789	0.01654	0.00784	0.00224	0.00334	0.01404	0.00629	0.00564
2	0.01365	0.01170	0.01365	0.00975	0.01560	0.00878	0.00780	0.01658	0.01365	0.02145	0.01170	0.01365	0.00975	0.00488	0.00488	0.00098	0.00488	0.00390	0.00390	0.80888
3	0.01506	0.01391	0.03758	0.09972	0.03829	0.07337	0.01067	0.05125	0.14512	0.04686	0.12020	0.02448	0.06176	0.00823	0.00631	0.00178	0.00601	0.00682	0.00508	0.22751
4	0.01858	0.35831	0.07279	0.01388	0.01904	0.09349	0.05458	0.15474	0.04323	0.02218	0.01357	0.05503	0.01174	0.00725	0.00554	0.00175	0.00761	0.00549	0.03235	0.00883
5	0.01430	0.01675	0.12910	0.11172	0.33284	0.01383	0.07769	0.01877	0.01492	0.02135	0.08850	0.01946	0.01536	0.00669	0.00656	0.00194	0.00769	0.00632	0.00365	0.09257
6	0.08079	0.06919	0.10628	0.09572	0.06654	0.01543	0.01363	0.07779	0.01488	0.08492	0.03836	0.05931	0.06763	0.00942	0.00964	0.00224	0.16872	0.00690	0.00433	0.00827
7	0.01776	0.06335	0.14198	0.05446	0.05065	0.01685	0.31966	0.11686	0.01730	0.08948	0.01410	0.01672	0.01031	0.00649	0.00742	0.00211	0.03448	0.00649	0.00408	0.00945
8	0.01042	0.00745	0.01040	0.01191	0.01335	0.00742	0.01029	0.01332	0.01497	0.01950	0.03496	0.12334	0.03829	0.01836	0.00904	0.00301	0.00590	0.63600	0.00607	0.00601
9	0.06215	0.33318	0.06722	0.08758	0.02163	0.19174	0.04907	0.04055	0.01510	0.01798	0.01167	0.05255	0.01044	0.00693	0.00545	0.00176	0.00846	0.00511	0.00334	0.00808
10	0.01600	0.04751	0.25892	0.02409	0.18883	0.01581	0.15534	0.09964	0.01648	0.04161	0.01458	0.06442	0.01199	0.00718	0.00674	0.00208	0.00869	0.00670	0.00380	0.00960
11	0.00802	0.00573	0.00764	0.00917	0.00955	0.00535	0.00611	0.00917	0.01260	0.01681	0.03628	0.76434	0.04354	0.02062	0.00840	0.00267	0.00382	0.01872	0.00611	0.00535
12	0.01061	0.00758	0.01061	0.01212	0.01364	0.00758	0.01061	0.01364	0.01515	0.01970	0.03486	0.07426	0.03789	0.01819	0.00909	0.00303	0.00606	0.68326	0.00606	0.00606
13	0.01365	0.01170	0.01365	0.00975	0.01560	0.00878	0.00780	0.01658	0.01365	0.02145	0.01170	0.01365	0.00975	0.00488	0.00488	0.00098	0.00488	0.00390	0.00390	0.80888
14	0.00919	0.00684	0.00794	0.00759	0.00959	0.00600	0.00572	0.01156	0.01684	0.04430	0.37522	0.05539	0.39029	0.01489	0.00774	0.00215	0.00330	0.01273	0.00671	0.00604
15	0.01440	0.01440	0.02016	0.01728	0.01728	0.02016	0.01440	0.01584	0.01008	0.01584	0.00864	0.01440	0.00864	0.01152	0.02160	0.00288	0.75659	0.00576	0.00288	0.00720
16	0.01644	0.01540	0.02485	0.06825	0.59318	0.01585	0.01876	0.04595	0.09337	0.02268	0.01408	0.01725	0.01146	0.00631	0.00654	0.00200	0.00755	0.00604	0.00374	0.01032
17	0.01365	0.01170	0.01365	0.00975	0.01560	0.00878	0.00780	0.01658	0.01365	0.02145	0.01170	0.01365	0.00975	0.00488	0.00488	0.00098	0.00488	0.00390	0.00390	0.80888
18	0.01687	0.13212	0.09123	0.04110	0.07420	0.01671	0.06752	0.04957	0.29086	0.07339	0.01915	0.02064	0.01490	0.05362	0.00796	0.00230	0.00689	0.00646	0.00500	0.00952
19	0.01144	0.00572	0.00858	0.00858	0.00858	0.00572	0.00572	0.00858	0.00858	0.01144	0.01144	0.02001	0.01144	0.02287	0.02573	0.80846	0.00572	0.00572	0.00286	0.00286
20	0.15800	0.05974	0.03475	0.01116	0.01473	0.01370	0.00917	0.08111	0.20469	0.04554	0.09969	0.09079	0.02177	0.00941	0.00648	0.00204	0.02406	0.00752	0.05575	0.04988
21	0.08164	0.05928	0.08048	0.01347	0.04330	0.08490	0.03119	0.09065	0.05618	0.06055	0.01893	0.06323	0.06357	0.02860	0.00671	0.00190	0.00660	0.00645	0.00462	0.19774
22	0.13475	0.20029	0.05752	0.04252	0.07642	0.15927	0.03424	0.08670	0.03472	0.02181	0.01419	0.01593	0.04139	0.00795	0.02393	0.00203	0.00806	0.00510	0.02483	0.00836
23	0.05981	0.14101	0.12170	0.07482	0.04420	0.09071	0.03813	0.04980	0.03730	0.04280	0.03394	0.08178	0.03349	0.02444	0.00714	0.00203	0.03241	0.00663	0.02549	0.05236

[dist]
# distance from previous block
# <min> <max>
24	34

[block]
# block no. 3 follows, 33 sequences, length 81
# corresponding to MSA columns:
# 250-330
name=unknown_D
#
# <colnr> <probs for GDERKNQSTAVLIFYWHMCP>
#	G	D	E	R	K	N	Q	S	T	A	V	L	I	F	Y	W	H	M	C	P
0	0.15530	0.08595	0.14069	0.06409	0.08057	0.05821	0.05457	0.05425	0.07702	0.02300	0.03776	0.04663	0.03166	0.00746	0.00595	0.00196	0.00723	0.00603	0.00409	0.05758
1	0.01808	0.16136	0.14001	0.05149	0.08493	0.09871	0.05470	0.10577	0.01699	0.06418	0.03058	0.01525	0.01105	0.00645	0.00588	0.00175	0.00797	0.00513	0.00399	0.11570
2	0.01777	0.09149	0.12265	0.01603	0.06745	0.22613	0.01322	0.04613	0.11322	0.04807	0.04929	0.07172	0.04695	0.00899	0.00646	0.00199	0.00801	0.03138	0.00455	0.00849
3	0.01359	0.01091	0.01395	0.01384	0.09050	0.02833	0.03865	0.07227	0.01548	0.05947	0.03192	0.08522	0.22445	0.05064	0.03439	0.00256	0.06231	0.00927	0.05754	0.08471
4	0.01495	0.01300	0.04186	0.04311	0.01774	0.01108	0.00981	0.01966	0.08923	0.06677	0.01399	0.01562	0.01110	0.00619	0.00667	0.00143	0.06663	0.00473	0.00431	0.54213
5	0.00846	0.00642	0.00780	0.00804	0.00946	0.00576	0.00580	0.01055	0.01575	0.02092	0.31856	0.26200	0.26349	0.01655	0.00796	0.00229	0.00339	0.01451	0.00656	0.00576
6	0.01216	0.01052	0.01407	0.01410	0.05982	0.04009	0.01032	0.04320	0.01187	0.01676	0.01529	0.02321	0.01448	0.09083	0.42954	0.00738	0.16948	0.00674	0.00354	0.00660
7	0.02087	0.02207	0.01614	0.01428	0.01761	0.38192	0.01090	0.13752	0.11516	0.02317	0.06315	0.01908	0.01547	0.03739	0.00723	0.00201	0.00863	0.00585	0.07332	0.00824
8	0.01637	0.01414	0.01489	0.01340	0.01712	0.01637	0.01042	0.03498	0.71568	0.02754	0.02679	0.02456	0.02010	0.00893	0.00670	0.00223	0.00521	0.00744	0.00670	0.01042
9	0.01144	0.00572	0.00858	0.00858	0.00858	0.00572	0.00572	0.00858	0.00858	0.01144	0.01144	0.02001	0.01144	0.02287	0.02573	0.80846	0.00572	0.00572	0.00286	0.00286
10	0.00802	0.00573	0.00764	0.00917	0.00955	0.00535	0.00611	0.00917	0.01260	0.01681	0.03628	0.76434	0.04354	0.02062	0.00840	0.00267	0.00382	0.01872	0.00611	0.00535
11	0.81514	0.01273	0.00968	0.00866	0.01273	0.01477	0.00713	0.01935	0.01120	0.02954	0.00917	0.01069	0.00713	0.00611	0.00407	0.00204	0.00509	0.00356	0.00407	0.00713
12	0.01554	0.01776	0.03885	0.02775	0.03441	0.01665	0.70366	0.02109	0.01554	0.02109	0.01332	0.01776	0.00999	0.00555	0.00777	0.00222	0.01110	0.00777	0.00333	0.00888
13	0.02503	0.01844	0.01976	0.01515	0.02042	0.02042	0.01251	0.70562	0.03095	0.04149	0.01581	0.01581	0.01120	0.00790	0.00659	0.00198	0.00724	0.00593	0.00659	0.01120
14	0.01227	0.00614	0.00614	0.00614	0.00767	0.00614	0.00460	0.01534	0.01381	0.02454	0.02148	0.02454	0.01687	0.00767	0.00460	0.00153	0.00307	0.00614	0.80518	0.00614
15	0.02469	0.02839	0.01891	0.01654	0.02037	0.57535	0.01267	0.18333	0.02150	0.02198	0.01148	0.01278	0.00911	0.00704	0.00609	0.00176	0.01080	0.00463	0.00413	0.00846
16	0.00929	0.00663	0.00886	0.00900	0.00969	0.00705	0.00629	0.01073	0.01115	0.01551	0.08146	0.12146	0.02625	0.30018	0.33906	0.00741	0.01073	0.00975	0.00432	0.00517
17	0.01032	0.00789	0.00902	0.00848	0.01071	0.00750	0.00644	0.01504	0.11610	0.04412	0.34771	0.05043	0.31367	0.01391	0.00759	0.00215	0.00357	0.01189	0.00675	0.00670
18	0.01005	0.00900	0.05632	0.00949	0.01165	0.00751	0.00783	0.03283	0.03471	0.02372	0.43651	0.09909	0.11287	0.03924	0.03626	0.00265	0.00462	0.05277	0.00642	0.00647
19	0.00956	0.00737	0.01084	0.01084	0.01184	0.00865	0.00837	0.01170	0.01080	0.01551	0.01937	0.11705	0.01932	0.04333	0.60426	0.00910	0.06398	0.00842	0.00381	0.00590
20	0.07254	0.13696	0.02066	0.16244	0.02433	0.44268	0.01325	0.02296	0.01629	0.01703	0.01026	0.01273	0.00845	0.00653	0.00569	0.00177	0.01009	0.00441	0.00326	0.00766
21	0.54121	0.08793	0.03253	0.04340	0.04665	0.09166	0.00976	0.04371	0.01318	0.02611	0.00981	0.01159	0.00778	0.00621	0.00463	0.00194	0.00645	0.00394	0.00385	0.00766
22	0.00835	0.00595	0.00767	0.00873	0.00925	0.00558	0.00581	0.00958	0.01295	0.01735	0.10880	0.57102	0.06781	0.11464	0.01150	0.00306	0.00405	0.01665	0.00596	0.00527
23	0.01570	0.01503	0.02565	0.15016	0.62247	0.01549	0.01991	0.01968	0.01471	0.02079	0.01228	0.01649	0.01017	0.00598	0.00653	0.00199	0.00797	0.00586	0.00321	0.00995
24	0.00792	0.00667	0.00686	0.00681	0.00897	0.00561	0.00511	0.00971	0.01532	0.01854	0.12437	0.06211	0.66675	0.01639	0.00778	0.00221	0.00331	0.01372	0.00621	0.00561
25	0.00800	0.00580	0.00756	0.00897	0.00950	0.00536	0.00603	0.00919	0.01279	0.01688	0.03863	0.71027	0.09610	0.02032	0.00835	0.00264	0.00378	0.01834	0.00611	0.00536
26	0.01637	0.01414	0.01489	0.01340	0.01712	0.01637	0.01042	0.03498	0.71568	0.02754	0.02679	0.02456	0.02010	0.00893	0.00670	0.00223	0.00521	0.00744	0.00670	0.01042
27	0.01760	0.77260	0.03450	0.01126	0.01690	0.02605	0.01126	0.01971	0.01338	0.01549	0.00915	0.01056	0.00845	0.00563	0.00422	0.00141	0.00704	0.00352	0.00282	0.00845
28	0.01365	0.01170	0.01365	0.00975	0.01560	0.00878	0.00780	0.01658	0.01365	0.02145	0.01170	0.01365	0.00975	0.00488	0.00488	0.00098	0.00488	0.00390	0.00390	0.80888
29	0.00849	0.00660	0.00835	0.00923	0.01007	0.00646	0.00658	0.00986	0.01312	0.01710	0.04166	0.51917	0.20313	0.01899	0.00914	0.00260	0.05277	0.04525	0.00590	0.00555
30	0.00963	0.00648	0.00748	0.00756	0.00772	0.00646	0.00452	0.00996	0.01030	0.01377	0.04906	0.04543	0.02637	0.68839	0.03085	0.00599	0.00623	0.05533	0.00426	0.00422
31	0.02333	0.01760	0.01880	0.01480	0.01977	0.01962	0.01210	0.57392	0.16542	0.03875	0.01796	0.01753	0.01294	0.00810	0.00661	0.00203	0.00684	0.00622	0.00661	0.01104
32	0.01761	0.50765	0.09550	0.01376	0.04878	0.07348	0.01275	0.04744	0.04457	0.01820	0.01079	0.01221	0.00921	0.00596	0.00487	0.00154	0.00745	0.00408	0.00326	0.06085
33	0.01070	0.00859	0.01217	0.01260	0.05786	0.01009	0.00876	0.01232	0.01049	0.01504	0.01676	0.02845	0.01700	0.25126	0.37119	0.00755	0.13227	0.00751	0.00354	0.00583
34	0.00801	0.00576	0.00761	0.00908	0.00953	0.00535	0.00607	0.00918	0.01269	0.01684	0.03732	0.74043	0.06679	0.02049	0.00838	0.00266	0.00380	0.01855	0.00611	0.00535
35	0.00811	0.00638	0.00719	0.00759	0.00906	0.00561	0.00538	0.00965	0.01428	0.01797	0.11584	0.26738	0.41683	0.06645	0.00964	0.00261	0.00365	0.01485	0.00608	0.00545
36	0.06699	0.04060	0.01991	0.01651	0.01709	0.04806	0.01376	0.01661	0.01060	0.01673	0.00875	0.01393	0.00853	0.01079	0.01927	0.00273	0.65341	0.00548	0.00298	0.00726
37	0.01428	0.02817	0.49724	0.02224	0.15933	0.03986	0.03850	0.02055	0.01429	0.02087	0.01189	0.01436	0.00890	0.00606	0.00621	0.00196	0.00906	0.00502	0.00300	0.07821
38	0.01724	0.01542	0.01792	0.01881	0.14849	0.06281	0.03046	0.08310	0.42240	0.02558	0.02083	0.02104	0.01602	0.00896	0.00787	0.05457	0.00647	0.00672	0.00550	0.00977
39	0.00826	0.00596	0.00768	0.00879	0.00936	0.00561	0.00590	0.00947	0.01267	0.01683	0.06581	0.57957	0.09471	0.09525	0.03850	0.00328	0.00453	0.01670	0.00585	0.00529
40	0.81514	0.01273	0.00968	0.00866	0.01273	0.01477	0.00713	0.01935	0.01120	0.02954	0.00917	0.01069	0.00713	0.00611	0.00407	0.00204	0.00509	0.00356	0.00407	0.00713
41	0.01365	0.01170	0.01365	0.00975	0.01560	0.00878	0.00780	0.01658	0.01365	0.02145	0.01170	0.01365	0.00975	0.00488	0.00488	0.00098	0.00488	0.00390	0.00390	0.80888
42	0.01616	0.01632	0.04979	0.03918	0.67555	0.01567	0.04967	0.02026	0.01498	0.02147	0.01241	0.01628	0.01034	0.00586	0.00656	0.00197	0.00802	0.00592	0.00325	0.01034
43	0.01243	0.01170	0.01975	0.75282	0.04534	0.01463	0.01828	0.01682	0.01316	0.01682	0.01170	0.01755	0.00878	0.00658	0.00658	0.00219	0.00878	0.00585	0.00293	0.00731
44	0.00778	0.00667	0.00667	0.00667	0.00889	0.00556	0.00500	0.00945	0.01501	0.01778	0.06669	0.06336	0.72490	0.01667	0.00778	0.00222	0.00333	0.01389	0.00611	0.00556
45	0.01691	0.01441	0.01519	0.01350	0.01732	0.01662	0.01055	0.07623	0.67356	0.02840	0.02612	0.02402	0.01955	0.00887	0.00669	0.00222	0.00534	0.00735	0.00669	0.01047
46	0.06828	0.16330	0.18492	0.04568	0.14641	0.01708	0.12045	0.06127	0.01532	0.04753	0.04011	0.01671	0.01185	0.02567	0.00679	0.00205	0.00812	0.00569	0.00367	0.00909
47	0.01108	0.00872	0.01354	0.06179	0.04269	0.00878	0.06052	0.01432	0.01516	0.02000	0.07773	0.09537	0.03492	0.01588	0.00862	0.00280	0.00636	0.48961	0.00564	0.00648
48	0.01365	0.01170	0.01365	0.00975	0.01560	0.00878	0.00780	0.01658	0.01365	0.02145	0.01170	0.01365	0.00975	0.00488	0.00488	0.00098	0.00488	0.00390	0.00390	0.80888
49	0.02086	0.01087	0.01268	0.01034	0.01396	0.01082	0.00833	0.19069	0.02003	0.26074	0.07232	0.02347	0.01855	0.00830	0.00598	0.00185	0.00493	0.00666	0.28957	0.00905
50	0.01614	0.05767	0.17264	0.02174	0.08632	0.05609	0.25351	0.08236	0.03423	0.02219	0.01375	0.04520	0.01116	0.00687	0.00729	0.00204	0.03728	0.00653	0.00370	0.06330
51	0.00824	0.00701	0.00723	0.00694	0.00938	0.00580	0.00524	0.01005	0.01505	0.01837	0.08854	0.05944	0.65064	0.01575	0.00758	0.00213	0.00343	0.01314	0.00601	0.06003
52	0.01555	0.16814	0.38266	0.01593	0.02296	0.01797	0.01789	0.08714	0.11154	0.02261	0.03156	0.01582	0.01161	0.00710	0.00674	0.00200	0.04418	0.00529	0.00380	0.00951
53	0.01577	0.27783	0.31417	0.01973	0.11184	0.05013	0.08420	0.02064	0.01422	0.01895	0.01107	0.01336	0.00880	0.00595	0.00574	0.00184	0.00881	0.00479	0.00293	0.00922
54	0.00929	0.00699	0.00864	0.00833	0.01006	0.00648	0.00630	0.01262	0.04296	0.02422	0.52367	0.07262	0.18865	0.01431	0.00780	0.00216	0.00336	0.03841	0.00693	0.00621
55	0.01365	0.01170	0.01365	0.00975	0.01560	0.00878	0.00780	0.01658	0.01365	0.02145	0.01170	0.01365	0.00975	0.00488	0.00488	0.00098	0.00488	0.00390	0.00390	0.80888
56	0.01603	0.01489	0.04365	0.01901	0.12477	0.01530	0.10330	0.02868	0.42288	0.04867	0.04781	0.02426	0.04388	0.00835	0.00687	0.00217	0.00640	0.00753	0.00566	0.00990
57	0.01365	0.01170	0.01365	0.00975	0.01560	0.00878	0.00780	0.01658	0.01365	0.02145	0.01170	0.01365	0.00975	0.00488	0.00488	0.00098	0.00488	0.00390	0.00390	0.80888
58	0.01739	0.72328	0.03356	0.01166	0.01692	0.02567	0.01147	0.01946	0.01316	0.01551	0.00912	0.01081	0.00846	0.00602	0.00535	0.00150	0.05580	0.00367	0.00282	0.00837
59	0.00865	0.00662	0.00793	0.00777	0.00947	0.00590	0.00577	0.01107	0.01680	0.02246	0.42728	0.11555	0.30038	0.01524	0.00783	0.00218	0.00325	0.01321	0.00674	0.00590
60	0.00778	0.00667	0.00667	0.00667	0.00889	0.00556	0.00500	0.00945	0.01501	0.01778	0.06669	0.06336	0.72490	0.01667	0.00778	0.00222	0.00333	0.01389	0.00611	0.00556
61	0.00820	0.00599	0.00773	0.00888	0.00962	0.00552	0.00612	0.00965	0.01354	0.01795	0.10769	0.59467	0.12219	0.01940	0.00829	0.00257	0.00376	0.03653	0.00622	0.00548
62	0.00926	0.00673	0.00872	0.00822	0.00980	0.00619	0.00616	0.01231	0.01849	0.02606	0.69818	0.04973	0.08825	0.01359	0.00777	0.00208	0.00311	0.01198	0.00720	0.00619
63	0.02503	0.01844	0.01976	0.01515	0.02042	0.02042	0.01251	0.70562	0.03095	0.04149	0.01581	0.01581	0.01120	0.00790	0.00659	0.00198	0.00724	0.00593	0.00659	0.01120
64	0.01440	0.01440	0.02016	0.01728	0.01728	0.02016	0.01440	0.01584	0.01008	0.01584	0.00864	0.01440	0.00864	0.01152	0.02160	0.00288	0.75659	0.00576	0.00288	0.00720
65	0.02459	0.03138	0.01866	0.01696	0.02035	0.74221	0.01272	0.02629	0.01866	0.01611	0.01018	0.01187	0.00848	0.00678	0.00594	0.00170	0.01187	0.00424	0.00339	0.00763
66	0.01440	0.01440	0.02016	0.01728	0.01728	0.02016	0.01440	0.01584	0.01008	0.01584	0.00864	0.01440	0.00864	0.01152	0.02160	0.00288	0.75659	0.00576	0.00288	0.00720
67	0.01365	0.01170	0.01365	0.00975	0.01560	0.00878	0.00780	0.01658	0.01365	0.02145	0.01170	0.01365	0.00975	0.00488	0.00488	0.00098	0.00488	0.00390	0.00390	0.80888
68	0.01760	0.77260	0.03450	0.01126	0.01690	0.02605	0.01126	0.01971	0.01338	0.01549	0.00915	0.01056	0.00845	0.00563	0.00422	0.00141	0.00704	0.00352	0.00282	0.00845
69	0.01440	0.01440	0.02016	0.01728	0.01728	0.02016	0.01440	0.01584	0.01008	0.01584	0.00864	0.01440	0.00864	0.01152	0.02160	0.00288	0.75659	0.00576	0.00288	0.00720
70	0.00817	0.00592	0.00776	0.00918	0.00977	0.00551	0.00632	0.00948	0.01294	0.01706	0.03839	0.66872	0.09249	0.02018	0.00840	0.00266	0.00393	0.06159	0.00611	0.00541
71	0.01760	0.77260	0.03450	0.01126	0.01690	0.02605	0.01126	0.01971	0.01338	0.01549	0.00915	0.01056	0.00845	0.00563	0.00422	0.00141	0.00704	0.00352	0.00282	0.00845
72	0.01321	0.01499	0.15308	0.01382	0.01761	0.01161	0.07636	0.06343	0.04079	0.04405	0.02265	0.11975	0.05810	0.14664	0.01301	0.00303	0.06334	0.06922	0.00459	0.05072
73	0.01545	0.01748	0.10880	0.04297	0.29206	0.09987	0.05000	0.01962	0.03378	0.04487	0.09215	0.05364	0.06428	0.00861	0.00685	0.00206	0.00759	0.02687	0.00426	0.00880
74	0.02503	0.01844	0.01976	0.01515	0.02042	0.02042	0.01251	0.70562	0.03095	0.04149	0.01581	0.01581	0.01120	0.00790	0.00659	0.00198	0.00724	0.00593	0.00659	0.01120
75	0.00900	0.00653	0.00868	0.00993	0.01095	0.00621	0.00761	0.01098	0.01411	0.01854	0.08322	0.41222	0.10323	0.01895	0.00855	0.00272	0.00452	0.25222	0.00617	0.00567
76	0.01578	0.10321	0.31138	0.05088	0.20355	0.05874	0.09658	0.04658	0.01519	0.02084	0.01190	0.01467	0.00919	0.00612	0.00628	0.00197	0.00912	0.00534	0.00315	0.00952
77	0.01176	0.01003	0.01501	0.01645	0.13455	0.01141	0.03330	0.01360	0.01110	0.01587	0.01589	0.02713	0.01606	0.25415	0.24182	0.00612	0.14844	0.00741	0.00350	0.00642
78	0.01144	0.00572	0.00858	0.00858	0.00858	0.00572	0.00572	0.00858	0.00858	0.01144	0.01144	0.02001	0.01144	0.02287	0.02573	0.80846	0.00572	0.00572	0.00286	0.00286
79	0.37413	0.04432	0.01784	0.04272	0.16295	0.03696	0.04676	0.10314	0.04180	0.05516	0.01227	0.01406	0.00943	0.00645	0.00541	0.00200	0.00663	0.00489	0.00432	0.00874
80	0.13466	0.25996	0.02280	0.01426	0.05338	0.13104	0.01153	0.18898	0.03706	0.07082	0.01264	0.01348	0.00985	0.00669	0.00538	0.00177	0.00745	0.00464	0.00447	0.00913

[dist]
# distance from previous block
# <min> <max>
0	3

[block]
# block no. 4 follows, 33 sequences, length 35
# corresponding to MSA columns:
# 334-368
name=unknown_E
#
# <colnr> <probs for GDERKNQSTAVLIFYWHMCP>
#	G	D	E	R	K	N	Q	S	T	A	V	L	I	F	Y	W	H	M	C	P
0	0.12873	0.13610	0.02136	0.03788	0.04025	0.05870	0.07454	0.17868	0.07950	0.07815	0.01440	0.01573	0.01101	0.00833	0.02902	0.00220	0.03774	0.00543	0.00474	0.03752
1	0.01816	0.16785	0.09768	0.03560	0.08627	0.07748	0.08795	0.09505	0.01577	0.06884	0.01205	0.01469	0.00967	0.00756	0.00951	0.00209	0.17571	0.00541	0.00374	0.00892
2	0.01591	0.01171	0.01369	0.01064	0.01549	0.01032	0.00846	0.04357	0.14111	0.10969	0.10063	0.02094	0.01864	0.00711	0.00581	0.00149	0.00489	0.00588	0.00540	0.44862
3	0.00811	0.00586	0.00771	0.00915	0.00968	0.00545	0.00623	0.00937	0.01284	0.01698	0.03793	0.69665	0.08149	0.02030	0.00840	0.00266	0.00388	0.04581	0.00611	0.00539
4	0.01144	0.00572	0.00858	0.00858	0.00858	0.00572	0.00572	0.00858	0.00858	0.01144	0.01144	0.02001	0.01144	0.02287	0.02573	0.80846	0.00572	0.00572	0.00286	0.00286
5	0.00805	0.00668	0.00704	0.00695	0.00906	0.00567	0.00521	0.00996	0.01563	0.01928	0.18067	0.06090	0.60999	0.01612	0.00778	0.00220	0.00329	0.01355	0.00631	0.00567
6	0.00908	0.00672	0.00846	0.00803	0.00969	0.00611	0.00602	0.01195	0.01806	0.02504	0.62062	0.05141	0.16644	0.01396	0.00777	0.00209	0.00314	0.01222	0.00707	0.00611
7	0.01365	0.01170	0.01365	0.00975	0.01560	0.00878	0.00780	0.01658	0.01365	0.02145	0.01170	0.01365	0.00975	0.00488	0.00488	0.00098	0.00488	0.00390	0.00390	0.80888
8	0.01653	0.01540	0.02639	0.03693	0.61260	0.01535	0.06775	0.02101	0.03999	0.04466	0.01395	0.01832	0.01161	0.00633	0.00668	0.00201	0.00785	0.02280	0.00361	0.01024
9	0.81514	0.01273	0.00968	0.00866	0.01273	0.01477	0.00713	0.01935	0.01120	0.02954	0.00917	0.01069	0.00713	0.00611	0.00407	0.00204	0.00509	0.00356	0.00407	0.00713
10	0.01071	0.00716	0.00988	0.01115	0.01247	0.00696	0.00911	0.01311	0.01451	0.05415	0.03488	0.29512	0.03865	0.01848	0.00875	0.00287	0.00531	0.43449	0.00618	0.00609
11	0.16961	0.01562	0.04463	0.02603	0.37109	0.04638	0.01518	0.04660	0.01573	0.16615	0.01451	0.01618	0.01086	0.00649	0.00605	0.00198	0.00709	0.00548	0.00450	0.00984
12	0.04435	0.01730	0.11457	0.05320	0.16581	0.01564	0.07478	0.16027	0.05105	0.02498	0.01375	0.01664	0.01085	0.01024	0.06611	0.00268	0.05788	0.00580	0.00413	0.08998
13	0.00988	0.00708	0.00929	0.01001	0.04678	0.00746	0.00619	0.01083	0.01018	0.01402	0.01932	0.03622	0.02086	0.50105	0.25604	0.00747	0.01001	0.00858	0.00380	0.00493
14	0.00999	0.00712	0.00978	0.01110	0.01234	0.00702	0.00918	0.01255	0.01467	0.01931	0.08132	0.19943	0.03997	0.05131	0.00995	0.00305	0.00546	0.48454	0.00606	0.00585
15	0.01408	0.09870	0.16488	0.06385	0.10244	0.04401	0.09768	0.02033	0.11565	0.02038	0.03819	0.07548	0.09865	0.00889	0.00669	0.00208	0.00745	0.00779	0.00423	0.00855
16	0.01773	0.15897	0.12182	0.11891	0.15935	0.07932	0.03952	0.15327	0.01774	0.02302	0.01305	0.01704	0.01066	0.00694	0.00618	0.00194	0.00833	0.03312	0.00384	0.00923
17	0.01764	0.01970	0.01957	0.01805	0.05555	0.25370	0.01380	0.01924	0.01311	0.01612	0.00976	0.01468	0.00922	0.03607	0.01614	0.00257	0.44918	0.00541	0.00311	0.00740
18	0.29146	0.12681	0.02007	0.01753	0.13452	0.15291	0.03544	0.03874	0.01409	0.02232	0.01015	0.01257	0.00848	0.00670	0.00681	0.00196	0.08327	0.00449	0.00355	0.00813
19	0.00955	0.00662	0.00803	0.00768	0.00933	0.00610	0.00576	0.01242	0.01727	0.02472	0.50558	0.04745	0.16055	0.01304	0.00726	0.00201	0.00314	0.01129	0.13610	0.00610
20	0.01767	0.12566	0.08804	0.05939	0.14285	0.04068	0.08038	0.14876	0.13357	0.02443	0.01462	0.01648	0.01139	0.00718	0.00736	0.00203	0.05974	0.00584	0.00430	0.00960
21	0.02263	0.02811	0.01913	0.11637	0.05221	0.61556	0.01377	0.02478	0.01777	0.01642	0.01047	0.01281	0.00860	0.00672	0.00605	0.00177	0.01129	0.00452	0.00332	0.00770
22	0.00941	0.00667	0.00858	0.00830	0.00932	0.00658	0.00584	0.01144	0.01457	0.02044	0.39581	0.04364	0.04315	0.25265	0.13093	0.00474	0.00640	0.01042	0.00566	0.00547
23	0.00848	0.00689	0.00756	0.00755	0.00950	0.00612	0.00560	0.01109	0.04435	0.01987	0.19846	0.13504	0.48395	0.01612	0.00780	0.00224	0.00342	0.01374	0.00637	0.00587
24	0.01320	0.03405	0.73453	0.01876	0.02849	0.01529	0.02432	0.02085	0.01390	0.02085	0.01181	0.01390	0.00834	0.00625	0.00625	0.00208	0.00973	0.00486	0.00278	0.00973
25	0.00801	0.00577	0.00759	0.00905	0.00952	0.00536	0.00606	0.00918	0.01271	0.01685	0.03766	0.73264	0.07436	0.02045	0.00837	0.00265	0.00380	0.01850	0.00611	0.00536
26	0.02457	0.01820	0.01883	0.01464	0.01962	0.05746	0.01201	0.60575	0.02892	0.06967	0.01624	0.01632	0.01156	0.00784	0.00645	0.00194	0.00721	0.00588	0.04615	0.01076
27	0.01144	0.00572	0.00858	0.00858	0.00858	0.00572	0.00572	0.00858	0.00858	0.01144	0.01144	0.02001	0.01144	0.02287	0.02573	0.80846	0.00572	0.00572	0.00286	0.00286
28	0.01144	0.00572	0.00858	0.00858	0.00858	0.00572	0.00572	0.00858	0.00858	0.01144	0.01144	0.02001	0.01144	0.02287	0.02573	0.80846	0.00572	0.00572	0.00286	0.00286
29	0.01406	0.10810	0.54266	0.01952	0.02830	0.01664	0.13921	0.02077	0.01413	0.02033	0.01179	0.01421	0.00863	0.00607	0.00630	0.00204	0.00968	0.00522	0.00288	0.00945
30	0.01927	0.01432	0.01592	0.01423	0.03981	0.01594	0.01089	0.11835	0.51186	0.12597	0.02485	0.02291	0.01815	0.00860	0.00667	0.00216	0.00560	0.00709	0.00678	0.01063
31	0.01288	0.00665	0.00774	0.00766	0.00932	0.00635	0.00566	0.01544	0.01453	0.10033	0.09213	0.20060	0.02737	0.01132	0.00602	0.00191	0.00353	0.00969	0.45435	0.00651
32	0.01426	0.02320	0.31134	0.09399	0.08364	0.01616	0.25286	0.02004	0.01412	0.02013	0.01207	0.01579	0.00913	0.00650	0.00822	0.00220	0.07821	0.00610	0.00303	0.00903
33	0.00831	0.00615	0.00765	0.00839	0.00935	0.00561	0.00580	0.00989	0.01414	0.01871	0.17861	0.44405	0.18438	0.05555	0.00940	0.00265	0.00371	0.01593	0.00623	0.00549
34	0.01717	0.04757	0.10897	0.04321	0.29796	0.11102	0.01643	0.07997	0.10343	0.02277	0.04068	0.01872	0.03359	0.00729	0.00673	0.00199	0.02276	0.00609	0.00412	0.00953

[dist]
# distance from previous block
# <min> <max>
3	11

[block]
# block no. 5 follows, 33 sequences, length 35
# corresponding to MSA columns:
# 380-414
name=unknown_F
#
# <colnr> <probs for GDERKNQSTAVLIFYWHMCP>
#	G	D	E	R	K	N	Q	S	T	A	V	L	I	F	Y	W	H	M	C	P
0	0.01586	0.02358	0.29247	0.01924	0.05286	0.07454	0.13575	0.08652	0.11129	0.02295	0.01603	0.06949	0.01309	0.00784	0.00716	0.00214	0.02901	0.00681	0.00407	0.00929
1	0.01623	0.01427	0.01524	0.01669	0.15119	0.12548	0.01078	0.08787	0.06253	0.07682	0.14525	0.03357	0.19586	0.01050	0.00697	0.00203	0.00618	0.00875	0.00556	0.00823
2	0.00921	0.00681	0.00991	0.01014	0.01111	0.00767	0.00762	0.01122	0.01081	0.01534	0.02064	0.13763	0.02102	0.09412	0.58425	0.00911	0.01480	0.00897	0.00395	0.00567
3	0.01533	0.09212	0.11622	0.04758	0.06832	0.07843	0.09764	0.01842	0.01270	0.01742	0.01070	0.01543	0.00945	0.02853	0.03324	0.00267	0.31910	0.00568	0.00303	0.00799
4	0.00817	0.00664	0.00716	0.00709	0.00904	0.00572	0.00525	0.01006	0.01549	0.01936	0.20031	0.07922	0.54318	0.04345	0.00873	0.00236	0.00341	0.01346	0.00627	0.00563
5	0.02224	0.01566	0.01727	0.01366	0.01821	0.01698	0.01113	0.48014	0.09335	0.09710	0.12380	0.02220	0.02011	0.00885	0.00678	0.00202	0.00629	0.00703	0.00683	0.01038
6	0.01893	0.01125	0.01220	0.01009	0.01341	0.01181	0.00810	0.27227	0.02071	0.11056	0.01989	0.02107	0.01471	0.00781	0.00556	0.00175	0.00490	0.00611	0.42028	0.00858
7	0.01621	0.01319	0.01423	0.01275	0.01630	0.01494	0.00992	0.03236	0.60609	0.06044	0.10371	0.02718	0.02456	0.00939	0.00681	0.00221	0.00500	0.00790	0.00683	0.00999
8	0.01365	0.01170	0.01365	0.00975	0.01560	0.00878	0.00780	0.01658	0.01365	0.02145	0.01170	0.01365	0.00975	0.00488	0.00488	0.00098	0.00488	0.00390	0.00390	0.80888
9	0.02933	0.01154	0.01549	0.01187	0.01697	0.01018	0.00981	0.06365	0.01941	0.69976	0.02550	0.02210	0.01606	0.00814	0.00662	0.00203	0.00568	0.00659	0.00807	0.01120
