[name]
unknown

[dist]
# distance from previous block
# <min> <max>
0	22

[block]
# block no. 0 follows, 34 sequences, length 8
# corresponding to MSA columns:
# 22-29
name=unknown_A
#
# <colnr> <probs for GDERKNQSTAVLIFYWHMCP>
#	G	D	E	R	K	N	Q	S	T	A	V	L	I	F	Y	W	H	M	C	P
0	0.06790	0.12155	0.03895	0.01559	0.06888	0.10367	0.03492	0.23146	0.05760	0.10503	0.01546	0.01766	0.01199	0.00734	0.00599	0.00186	0.00728	0.03479	0.00504	0.04705
1	0.04446	0.16241	0.10572	0.01677	0.08542	0.08227	0.06394	0.08399	0.13473	0.03878	0.08095	0.01858	0.01578	0.00743	0.00652	0.00192	0.03105	0.00595	0.00442	0.00892
2	0.01712	0.17358	0.19327	0.01436	0.01990	0.13013	0.03154	0.04728	0.01484	0.07128	0.01223	0.01425	0.00971	0.00929	0.05737	0.00231	0.05166	0.00472	0.00358	0.12159
3	0.01044	0.00677	0.00869	0.00907	0.01010	0.00656	0.00631	0.03659	0.01325	0.06983	0.06838	0.44198	0.06264	0.13687	0.07770	0.00376	0.00554	0.01410	0.00567	0.00577
4	0.01637	0.10953	0.29867	0.06407	0.05171	0.08163	0.14028	0.04868	0.05093	0.05865	0.01307	0.01511	0.00970	0.00629	0.00623	0.00196	0.00902	0.00543	0.00353	0.00912
5	0.10247	0.55240	0.08947	0.01201	0.01748	0.10127	0.01187	0.02010	0.01351	0.01717	0.00931	0.01080	0.00815	0.00575	0.00448	0.00153	0.00744	0.00365	0.00295	0.00818
6	0.00923	0.00634	0.00725	0.00725	0.00753	0.00632	0.00431	0.00954	0.00994	0.01315	0.02416	0.04282	0.08595	0.65247	0.08289	0.00620	0.00681	0.00959	0.00407	0.00419
7	0.01424	0.25435	0.52975	0.01623	0.02458	0.01814	0.02006	0.02013	0.01349	0.01890	0.01082	0.01267	0.00822	0.00596	0.00555	0.00185	0.00876	0.00438	0.00274	0.00918

[dist]
# distance from previous block
# <min> <max>
0	1

[block]
# block no. 1 follows, 34 sequences, length 22
# corresponding to MSA columns:
# 31-52
name=unknown_B
#
# <colnr> <probs for GDERKNQSTAVLIFYWHMCP>
#	G	D	E	R	K	N	Q	S	T	A	V	L	I	F	Y	W	H	M	C	P
0	0.01687	0.09150	0.16268	0.01554	0.05146	0.04430	0.08047	0.11931	0.04107	0.10360	0.10951	0.04420	0.01915	0.06198	0.00833	0.00227	0.00721	0.00701	0.00484	0.00871
1	0.00842	0.00608	0.00775	0.00846	0.00912	0.00589	0.00572	0.00966	0.01220	0.01630	0.08515	0.40443	0.10622	0.17652	0.10342	0.00423	0.00582	0.01416	0.00535	0.00512
2	0.00785	0.00569	0.00742	0.00881	0.00932	0.00526	0.00591	0.00902	0.01255	0.01657	0.03791	0.71440	0.09556	0.01994	0.00820	0.00259	0.00371	0.01800	0.00600	0.00526
3	0.05169	0.12266	0.39611	0.01659	0.02374	0.01664	0.06741	0.05467	0.06381	0.06833	0.01321	0.01474	0.00973	0.00665	0.00674	0.00201	0.04722	0.00514	0.00363	0.00930
4	0.01580	0.31559	0.14866	0.03526	0.01963	0.05010	0.02964	0.01972	0.03723	0.03600	0.01133	0.01296	0.00925	0.00567	0.00504	0.00148	0.00705	0.00419	0.00335	0.23206
5	0.04758	0.39922	0.11851	0.01474	0.03464	0.16637	0.05118	0.06612	0.01543	0.01859	0.01023	0.01188	0.00854	0.00599	0.00512	0.00164	0.00837	0.00419	0.00320	0.00848
6	0.00938	0.00631	0.00728	0.00728	0.00736	0.00639	0.00421	0.00955	0.00947	0.01270	0.02014	0.04109	0.02297	0.72182	0.08328	0.00655	0.00704	0.00922	0.00388	0.00405
7	0.03813	0.17154	0.03656	0.03133	0.02011	0.31451	0.02936	0.21550	0.04393	0.02352	0.01200	0.01318	0.00946	0.00676	0.00573	0.00174	0.00897	0.00471	0.00419	0.00877
8	0.07770	0.01335	0.04823	0.01287	0.03445	0.01215	0.02885	0.12833	0.04204	0.29985	0.08093	0.02045	0.01686	0.00774	0.00666	0.00188	0.03014	0.00619	0.00611	0.12522
9	0.01339	0.01114	0.01490	0.05628	0.13014	0.01157	0.03108	0.10844	0.12899	0.02461	0.19859	0.10838	0.11337	0.01110	0.00711	0.00212	0.00528	0.00975	0.00572	0.00803
10	0.01511	0.01642	0.06612	0.21725	0.11670	0.01602	0.34048	0.07241	0.01552	0.02104	0.01254	0.01678	0.00952	0.00612	0.00738	0.00213	0.02986	0.00658	0.00336	0.00867
11	0.01168	0.00699	0.00867	0.00824	0.00918	0.00699	0.00548	0.01252	0.01095	0.10173	0.02239	0.03729	0.05278	0.49928	0.17281	0.00639	0.00827	0.00873	0.00442	0.00522
12	0.11051	0.01091	0.01221	0.01010	0.01381	0.01108	0.00814	0.12505	0.07706	0.27473	0.02088	0.02058	0.01474	0.00766	0.00561	0.00185	0.00488	0.00598	0.25528	0.00894
13	0.02349	0.02640	0.01843	0.03997	0.02064	0.51797	0.01251	0.18820	0.05290	0.02224	0.01209	0.01331	0.00948	0.00701	0.00603	0.00177	0.01018	0.00475	0.00420	0.00843
14	0.07717	0.39365	0.24938	0.01347	0.02008	0.02026	0.01476	0.07341	0.01471	0.05414	0.01108	0.01234	0.00873	0.00604	0.00504	0.00171	0.00754	0.00419	0.00338	0.00892
15	0.00815	0.00590	0.00774	0.00898	0.00966	0.00550	0.00627	0.00960	0.01319	0.01751	0.09156	0.60988	0.09167	0.01924	0.00821	0.00257	0.00383	0.06907	0.00608	0.00538
16	0.00807	0.00600	0.00755	0.00874	0.00948	0.00559	0.00595	0.00976	0.03293	0.01694	0.03994	0.63866	0.14793	0.01932	0.00811	0.00254	0.00371	0.01732	0.00601	0.00542
17	0.03642	0.01438	0.02218	0.09886	0.50564	0.04079	0.01697	0.01940	0.05112	0.02096	0.04920	0.04979	0.03169	0.00723	0.00649	0.00199	0.00721	0.00671	0.00374	0.00925
18	0.02114	0.01210	0.01513	0.01376	0.06641	0.01212	0.01026	0.12147	0.16365	0.31290	0.09747	0.02754	0.05039	0.00925	0.00676	0.00208	0.00547	0.03537	0.00690	0.00985
19	0.01474	0.06601	0.01451	0.01180	0.01518	0.01424	0.00945	0.07685	0.42115	0.02530	0.08349	0.03299	0.11422	0.01048	0.00679	0.00216	0.00506	0.06048	0.00622	0.00889
20	0.02326	0.02770	0.01858	0.01646	0.01970	0.59059	0.01261	0.10857	0.01900	0.01883	0.01052	0.01235	0.00866	0.00722	0.00733	0.00181	0.08075	0.00450	0.00367	0.00788
21	0.11498	0.03842	0.04483	0.03143	0.01747	0.29247	0.01078	0.05872	0.14316	0.02229	0.10985	0.02132	0.05152	0.00828	0.00608	0.00191	0.00764	0.00621	0.00472	0.00792

[dist]
# distance from previous block
# <min> <max>
0	47

[block]
# block no. 2 follows, 34 sequences, length 68
# corresponding to MSA columns:
# 100-167
name=unknown_C
#
# <colnr> <probs for GDERKNQSTAVLIFYWHMCP>
#	G	D	E	R	K	N	Q	S	T	A	V	L	I	F	Y	W	H	M	C	P
0	0.08074	0.01671	0.05383	0.01345	0.01760	0.08361	0.01116	0.20341	0.26755	0.07263	0.02110	0.04822	0.04128	0.00870	0.00679	0.00208	0.02914	0.00675	0.00578	0.00947
1	0.01908	0.14756	0.03912	0.01411	0.03625	0.19219	0.01126	0.08015	0.23441	0.07129	0.01803	0.05454	0.01477	0.03101	0.00683	0.00203	0.00733	0.00622	0.00493	0.00890
2	0.01466	0.04262	0.34166	0.01656	0.05860	0.01465	0.03746	0.12311	0.10216	0.02467	0.10396	0.02203	0.05356	0.00802	0.00650	0.00203	0.00741	0.00663	0.00449	0.00919
3	0.00785	0.00571	0.00741	0.00876	0.00931	0.00527	0.00589	0.00902	0.01260	0.01659	0.03846	0.70134	0.10826	0.01987	0.00819	0.00258	0.00370	0.01792	0.00600	0.00527
4	0.01677	0.71639	0.05596	0.01111	0.01652	0.02432	0.01115	0.01892	0.01297	0.01525	0.00960	0.01196	0.00899	0.04122	0.00555	0.00163	0.00697	0.00377	0.00282	0.00813
5	0.00796	0.00597	0.00723	0.00813	0.00903	0.00541	0.00554	0.00921	0.01303	0.01680	0.06665	0.48947	0.23826	0.07370	0.00985	0.00274	0.00377	0.01614	0.00588	0.00524
6	0.13347	0.10507	0.13899	0.01630	0.07283	0.15890	0.08205	0.01919	0.01447	0.02007	0.06323	0.05903	0.03364	0.00979	0.04436	0.00236	0.00846	0.00625	0.00373	0.00781
7	0.01633	0.01335	0.01430	0.01287	0.01644	0.01524	0.00999	0.03301	0.65309	0.06183	0.02669	0.05862	0.02061	0.00926	0.00665	0.00220	0.00507	0.00778	0.00662	0.01003
8	0.01748	0.01322	0.01486	0.01110	0.01631	0.01218	0.00900	0.24396	0.01914	0.05211	0.01400	0.01519	0.01078	0.00607	0.00537	0.00136	0.00544	0.00473	0.06546	0.46225
9	0.00856	0.00679	0.00844	0.00974	0.04552	0.00616	0.00674	0.01040	0.01422	0.01814	0.09685	0.29283	0.33920	0.01706	0.00793	0.00240	0.00394	0.09343	0.00593	0.00573
10	0.01599	0.01535	0.02623	0.03966	0.73262	0.01535	0.01983	0.01983	0.01471	0.02111	0.01215	0.01599	0.01023	0.00576	0.00640	0.00192	0.00768	0.00576	0.00320	0.01023
11	0.01544	0.01493	0.02591	0.13649	0.60297	0.01527	0.05528	0.01942	0.01450	0.02046	0.01211	0.01623	0.00999	0.00584	0.00647	0.00196	0.00797	0.00585	0.00316	0.00974
12	0.00951	0.00652	0.00777	0.00800	0.00960	0.00585	0.00590	0.01148	0.01484	0.05514	0.17617	0.25659	0.28564	0.01586	0.00758	0.00226	0.00358	0.04509	0.06677	0.00586
13	0.04592	0.02071	0.02080	0.14720	0.09861	0.30767	0.08264	0.05541	0.03541	0.06621	0.01238	0.01492	0.00962	0.00683	0.00702	0.00195	0.04936	0.00532	0.00377	0.00827
14	0.00925	0.00684	0.00998	0.00998	0.01100	0.00786	0.00757	0.01128	0.01026	0.01470	0.01768	0.02743	0.01704	0.13601	0.66098	0.00989	0.01597	0.00722	0.00352	0.00554
15	0.01809	0.62821	0.08347	0.01194	0.01765	0.04729	0.01200	0.04529	0.01426	0.05646	0.01036	0.01148	0.00881	0.00583	0.00456	0.00149	0.00719	0.00383	0.00320	0.00860
16	0.00908	0.00637	0.00790	0.00859	0.00989	0.00582	0.00622	0.01062	0.01349	0.05272	0.04363	0.42088	0.26019	0.01973	0.04719	0.00288	0.00454	0.05863	0.00596	0.00567
17	0.07428	0.21545	0.07991	0.03749	0.03645	0.19268	0.06490	0.02078	0.03143	0.04285	0.04961	0.01619	0.03064	0.00726	0.00699	0.00186	0.07435	0.00525	0.00362	0.00799
18	0.01312	0.06026	0.71397	0.01815	0.02755	0.01539	0.02341	0.02042	0.01362	0.02027	0.01150	0.01352	0.00819	0.00612	0.00607	0.00202	0.00945	0.00473	0.00273	0.00950
19	0.00849	0.00643	0.00786	0.00801	0.00950	0.00580	0.00593	0.01072	0.01584	0.02112	0.35333	0.20088	0.25771	0.01583	0.00782	0.00224	0.00340	0.04689	0.00649	0.00572
20	0.01827	0.43752	0.13814	0.01501	0.05477	0.20434	0.01382	0.02116	0.01459	0.01646	0.00979	0.01147	0.00838	0.00592	0.00499	0.00158	0.00854	0.00395	0.00292	0.00838
21	0.01902	0.01580	0.02000	0.11677	0.16762	0.05215	0.03901	0.29934	0.07155	0.04643	0.01657	0.07647	0.01363	0.00812	0.00661	0.00203	0.00733	0.00690	0.00507	0.00957
22	0.01315	0.01258	0.01918	0.61234	0.03952	0.05287	0.04025	0.04230	0.01395	0.01758	0.01330	0.05306	0.01103	0.00741	0.00661	0.00216	0.00850	0.02367	0.00326	0.00727
23	0.00945	0.00775	0.00839	0.00806	0.01023	0.00744	0.00607	0.03199	0.09730	0.01933	0.10067	0.05085	0.47260	0.05819	0.07980	0.00317	0.00508	0.01167	0.00581	0.00616
24	0.01551	0.38859	0.35309	0.01466	0.02187	0.04503	0.01690	0.02057	0.03696	0.01800	0.01078	0.01235	0.00862	0.00595	0.00519	0.00172	0.00821	0.00421	0.00289	0.00890
25	0.03704	0.09004	0.14027	0.04025	0.11257	0.04395	0.18592	0.12110	0.06611	0.05845	0.01384	0.01592	0.01043	0.00654	0.00681	0.00200	0.02945	0.00588	0.00405	0.00937
26	0.01185	0.00862	0.00994	0.00972	0.01172	0.00873	0.00713	0.04872	0.17119	0.06410	0.07878	0.30878	0.16645	0.05262	0.00876	0.00252	0.00430	0.01286	0.00623	0.00699
27	0.00777	0.00638	0.00686	0.00717	0.00897	0.00547	0.00526	0.00936	0.01434	0.01749	0.07331	0.20079	0.56670	0.01709	0.00778	0.00228	0.00342	0.02811	0.00602	0.00544
28	0.01761	0.04184	0.02372	0.11562	0.40273	0.20465	0.03648	0.02085	0.01524	0.01883	0.01132	0.01482	0.00942	0.00625	0.00673	0.00190	0.03454	0.00532	0.00317	0.00896
29	0.02021	0.07633	0.10346	0.01693	0.03827	0.18382	0.10580	0.11816	0.14156	0.10763	0.01599	0.01658	0.01181	0.00701	0.00629	0.00193	0.00839	0.00573	0.00475	0.00937
30	0.02079	0.02596	0.05587	0.04462	0.04808	0.50337	0.01357	0.04126	0.01657	0.01688	0.01050	0.01320	0.00886	0.00918	0.04242	0.00228	0.11097	0.00468	0.00330	0.00765
31	0.01785	0.01371	0.01564	0.01163	0.01697	0.01275	0.00947	0.24460	0.01910	0.06291	0.01341	0.01454	0.01032	0.00612	0.00594	0.00139	0.02940	0.00467	0.00487	0.48470
32	0.03639	0.01088	0.01233	0.01242	0.05145	0.03387	0.00893	0.12561	0.13451	0.04686	0.04945	0.24824	0.10585	0.01365	0.00781	0.02668	0.00518	0.05644	0.00588	0.00757
33	0.08056	0.08025	0.08427	0.03604	0.05793	0.09310	0.12136	0.01892	0.03048	0.04089	0.04154	0.07155	0.03057	0.00857	0.00902	0.00212	0.14703	0.00672	0.00380	0.03527
34	0.00835	0.00623	0.00780	0.00839	0.00957	0.00568	0.00607	0.01026	0.01477	0.01961	0.24248	0.35874	0.20051	0.01719	0.00797	0.00238	0.00358	0.05851	0.00632	0.00558
35	0.00800	0.00625	0.00727	0.00778	0.00922	0.00553	0.00562	0.00967	0.01435	0.01824	0.13779	0.31114	0.38007	0.01739	0.00789	0.00234	0.00350	0.03634	0.00614	0.00548
36	0.04836	0.28900	0.25803	0.01470	0.02093	0.19133	0.01533	0.02187	0.01472	0.05585	0.01095	0.01236	0.00862	0.00614	0.00531	0.00172	0.00874	0.00421	0.00321	0.00861
37	0.01470	0.01836	0.14125	0.02311	0.06563	0.01500	0.41733	0.06365	0.03536	0.02193	0.03871	0.08383	0.01449	0.00736	0.00728	0.00216	0.00923	0.00803	0.00384	0.00872
38	0.00840	0.00635	0.00742	0.00784	0.00903	0.00585	0.00554	0.00981	0.01320	0.01686	0.09128	0.22043	0.30656	0.17172	0.04023	0.00346	0.00468	0.06060	0.00556	0.00519
39	0.01374	0.20896	0.12755	0.01258	0.01640	0.03554	0.01194	0.06929	0.01344	0.01799	0.01424	0.02033	0.01293	0.04657	0.28054	0.00514	0.05121	0.03069	0.00347	0.00745
40	0.03275	0.09199	0.02384	0.15098	0.43405	0.03978	0.01702	0.01968	0.04872	0.01971	0.01255	0.01626	0.01042	0.00830	0.04539	0.00236	0.00821	0.00556	0.00330	0.00914
41	0.10289	0.01900	0.08883	0.22670	0.10277	0.17943	0.04914	0.04389	0.06410	0.02060	0.03481	0.01618	0.01106	0.00671	0.00612	0.00198	0.00854	0.00544	0.00364	0.00816
42	0.01655	0.01816	0.11464	0.08389	0.48567	0.06095	0.04456	0.02073	0.01491	0.05997	0.01267	0.01590	0.01005	0.00602	0.00638	0.00195	0.00823	0.00564	0.00339	0.00975
43	0.01781	0.01507	0.05453	0.01764	0.09157	0.05854	0.10681	0.14718	0.03084	0.12891	0.02085	0.15248	0.03734	0.01009	0.00805	0.00219	0.06201	0.02420	0.00518	0.00873
44	0.05689	0.01212	0.06669	0.01111	0.01438	0.04364	0.02732	0.07450	0.04207	0.15036	0.15068	0.16944	0.10157	0.03989	0.00796	0.00229	0.00536	0.01009	0.00599	0.00766
45	0.01725	0.05645	0.07179	0.18580	0.16478	0.23341	0.10349	0.02079	0.01507	0.01787	0.01111	0.01464	0.00894	0.00643	0.00700	0.00196	0.04653	0.00533	0.00310	0.00826
46	0.05986	0.11997	0.18165	0.01639	0.04414	0.07188	0.06452	0.26144	0.02011	0.07998	0.01352	0.01453	0.00988	0.00673	0.00601	0.00189	0.00803	0.00522	0.00458	0.00968
47	0.01436	0.01269	0.01532	0.01757	0.17695	0.04647	0.01106	0.05616	0.25006	0.02333	0.11559	0.03157	0.09835	0.06579	0.00876	0.00240	0.00575	0.03386	0.00544	0.00848
48	0.01277	0.00876	0.01006	0.00923	0.01189	0.00848	0.00718	0.04010	0.13721	0.11215	0.19092	0.06791	0.30006	0.01325	0.00735	0.00217	0.00408	0.04253	0.00660	0.00730
49	0.13985	0.04438	0.06021	0.09272	0.03724	0.05921	0.18843	0.11837	0.01658	0.04662	0.07522	0.01789	0.01381	0.00721	0.00725	0.00206	0.05422	0.00620	0.00421	0.00834
50	0.04717	0.19945	0.09516	0.03640	0.10511	0.05372	0.07138	0.13550	0.05381	0.10102	0.01390	0.01509	0.01051	0.00649	0.00581	0.00182	0.00753	0.00523	0.00433	0.03057
51	0.26970	0.01986	0.16685	0.01391	0.01925	0.07898	0.03836	0.14258	0.14362	0.02744	0.01402	0.01483	0.01045	0.00687	0.00563	0.00201	0.00713	0.00506	0.00454	0.00891
52	0.00799	0.00574	0.00761	0.00906	0.00955	0.00536	0.00618	0.00922	0.01257	0.01667	0.03653	0.71118	0.06520	0.02000	0.00826	0.00263	0.00384	0.05113	0.00600	0.00529
53	0.08035	0.04537	0.05814	0.04327	0.41134	0.03509	0.01667	0.13614	0.01687	0.04246	0.01242	0.01514	0.00992	0.00647	0.00680	0.00196	0.04253	0.00543	0.00387	0.00974
54	0.01677	0.07442	0.05024	0.01170	0.01733	0.01369	0.01004	0.20003	0.06132	0.02609	0.01326	0.01438	0.01040	0.00593	0.00535	0.00137	0.00580	0.00458	0.00455	0.45272
55	0.02333	0.01831	0.01848	0.01453	0.01935	0.07391	0.01185	0.59362	0.06263	0.03709	0.01795	0.01781	0.04464	0.00812	0.00648	0.00194	0.00718	0.00613	0.00621	0.01043
56	0.00865	0.00644	0.00792	0.00883	0.00965	0.00621	0.00600	0.01108	0.06590	0.01732	0.05936	0.54308	0.11421	0.09070	0.01039	0.00287	0.00402	0.01595	0.00588	0.00555
57	0.03621	0.20134	0.37212	0.01684	0.02380	0.11805	0.07147	0.02069	0.01405	0.01862	0.01068	0.01285	0.00834	0.00625	0.00640	0.00189	0.04416	0.00462	0.00290	0.00873
58	0.00925	0.00686	0.01005	0.01005	0.01109	0.00790	0.00766	0.01133	0.01029	0.01475	0.01761	0.02706	0.01688	0.12038	0.67639	0.00998	0.01621	0.00717	0.00351	0.00558
59	0.00810	0.00583	0.00772	0.00907	0.00964	0.00545	0.00627	0.00946	0.01291	0.01716	0.06873	0.66013	0.06914	0.01960	0.00824	0.00260	0.00385	0.06470	0.00605	0.00534
60	0.02091	0.20708	0.05583	0.01592	0.05869	0.26267	0.01283	0.18627	0.07982	0.02302	0.01264	0.01365	0.01002	0.00675	0.00568	0.00174	0.00855	0.00477	0.00418	0.00899
61	0.01005	0.00702	0.00892	0.00969	0.01137	0.00653	0.00786	0.01226	0.01457	0.05542	0.04377	0.19109	0.25361	0.01730	0.00828	0.00261	0.00470	0.32293	0.00608	0.00593
62	0.02454	0.01877	0.01933	0.01496	0.02003	0.05857	0.01229	0.67475	0.02974	0.03940	0.01522	0.01531	0.01085	0.00770	0.00643	0.00192	0.00735	0.00573	0.00630	0.01080
63	0.00924	0.00687	0.01012	0.01012	0.01119	0.00794	0.00775	0.01137	0.01031	0.01481	0.01755	0.02670	0.01673	0.10506	0.69150	0.01006	0.01644	0.00712	0.00350	0.00562
64	0.06356	0.11543	0.13384	0.05956	0.20970	0.12552	0.11851	0.06233	0.01561	0.02084	0.01147	0.01422	0.00911	0.00604	0.00604	0.00189	0.00878	0.00523	0.00333	0.00897
65	0.01220	0.01148	0.01938	0.75739	0.04450	0.01436	0.01794	0.01651	0.01292	0.01651	0.01148	0.01723	0.00861	0.00646	0.00646	0.00215	0.00861	0.00574	0.00287	0.00718
66	0.00793	0.00567	0.00755	0.00896	0.00939	0.00529	0.00600	0.00915	0.01266	0.01695	0.06900	0.73403	0.04361	0.01990	0.00822	0.00260	0.00371	0.01805	0.00605	0.00529
67	0.01626	0.04927	0.15412	0.02365	0.10635	0.14924	0.32504	0.02086	0.01525	0.01940	0.01312	0.05263	0.01088	0.00656	0.00680	0.00203	0.00994	0.00667	0.00329	0.00862

[dist]
# distance from previous block
# <min> <max>
0	1

[block]
# block no. 3 follows, 34 sequences, length 45
# corresponding to MSA columns:
# 169-213
name=unknown_D
#
# <colnr> <probs for GDERKNQSTAVLIFYWHMCP>
#	G	D	E	R	K	N	Q	S	T	A	V	L	I	F	Y	W	H	M	C	P
0	0.01588	0.34911	0.30362	0.01619	0.02337	0.01947	0.11497	0.02053	0.01387	0.05138	0.01133	0.01316	0.00882	0.00586	0.00551	0.00178	0.00842	0.00469	0.00306	0.00896
1	0.00862	0.00658	0.00791	0.00758	0.00933	0.00587	0.00569	0.01118	0.01706	0.02299	0.49984	0.05307	0.29216	0.01430	0.00763	0.00208	0.00313	0.01236	0.00673	0.00587
2	0.00794	0.00590	0.00744	0.00863	0.00942	0.00539	0.00598	0.00925	0.01297	0.01682	0.04166	0.59213	0.18323	0.01934	0.00815	0.00255	0.00375	0.04814	0.00600	0.00532
3	0.01393	0.11690	0.30566	0.01923	0.12946	0.01507	0.07155	0.05045	0.03215	0.02111	0.07472	0.05994	0.04650	0.00787	0.00637	0.00199	0.00770	0.00678	0.00379	0.00882
4	0.01354	0.01169	0.01409	0.01119	0.05404	0.00898	0.00831	0.01646	0.01347	0.02106	0.01152	0.01354	0.00961	0.00484	0.00487	0.00101	0.00494	0.00393	0.00379	0.76911
5	0.00967	0.00749	0.01090	0.01065	0.01160	0.00893	0.00822	0.01169	0.01025	0.01482	0.01682	0.02595	0.01616	0.11171	0.61833	0.00935	0.08125	0.00704	0.00345	0.00571
6	0.01412	0.09162	0.61178	0.01731	0.02603	0.01591	0.02154	0.03874	0.04927	0.03718	0.01253	0.01413	0.00902	0.00630	0.00602	0.00200	0.00896	0.00486	0.00314	0.00955
7	0.01531	0.07715	0.06706	0.28564	0.20945	0.04935	0.04073	0.04686	0.03366	0.03889	0.01289	0.03573	0.01049	0.00690	0.00698	0.00204	0.04299	0.00589	0.00344	0.00854
8	0.02601	0.01055	0.01387	0.01085	0.01539	0.00930	0.00889	0.05170	0.01826	0.60838	0.02794	0.02503	0.07109	0.00860	0.00645	0.00198	0.00521	0.00699	0.06327	0.01022
9	0.01304	0.01337	0.02383	0.11308	0.06401	0.04605	0.30914	0.01717	0.03858	0.01887	0.02018	0.25207	0.02024	0.01039	0.00749	0.00228	0.00803	0.01048	0.00418	0.00752
10	0.01526	0.01473	0.02408	0.10055	0.44928	0.03709	0.08410	0.04126	0.01545	0.02145	0.09221	0.01964	0.01561	0.00691	0.00716	0.00200	0.03380	0.00655	0.00371	0.00917
11	0.00803	0.00575	0.00764	0.00889	0.00941	0.00535	0.00601	0.00940	0.01312	0.01768	0.12286	0.67808	0.04503	0.01936	0.00817	0.00255	0.00366	0.01753	0.00614	0.00535
12	0.01525	0.01743	0.03813	0.02723	0.03377	0.01634	0.70915	0.02070	0.01525	0.02070	0.01307	0.01743	0.00980	0.00545	0.00763	0.00218	0.01089	0.00763	0.00327	0.00871
13	0.02107	0.01881	0.01727	0.01452	0.01836	0.22163	0.03973	0.27057	0.07895	0.08081	0.03764	0.11633	0.01685	0.00925	0.00661	0.00199	0.00771	0.00742	0.00553	0.00895
14	0.01986	0.00900	0.01190	0.00981	0.01330	0.00789	0.00784	0.02246	0.01803	0.41448	0.27504	0.03532	0.10570	0.01068	0.00701	0.00203	0.00441	0.00905	0.00748	0.00871
15	0.00926	0.00666	0.00849	0.00948	0.01026	0.00648	0.00652	0.06734	0.01387	0.01851	0.03394	0.70611	0.04010	0.01921	0.00810	0.00257	0.00403	0.01733	0.00604	0.00573
16	0.14123	0.02002	0.01770	0.01431	0.01891	0.17618	0.01155	0.46134	0.02492	0.03362	0.01336	0.01394	0.00983	0.00726	0.00596	0.00189	0.00778	0.00512	0.00542	0.00965
17	0.01634	0.01546	0.02595	0.03864	0.70336	0.01554	0.01952	0.04821	0.01536	0.02191	0.01229	0.01597	0.01027	0.00584	0.00640	0.00192	0.00765	0.00576	0.00333	0.01027
18	0.00823	0.00653	0.00739	0.00726	0.00911	0.00569	0.00541	0.01039	0.01600	0.02068	0.32023	0.08598	0.44358	0.01531	0.00766	0.00214	0.00321	0.01308	0.00643	0.00569
19	0.01352	0.01323	0.01861	0.01614	0.01628	0.01832	0.01337	0.01505	0.00996	0.01548	0.00959	0.01555	0.00945	0.01598	0.11254	0.00378	0.66753	0.00581	0.00291	0.00690
20	0.01516	0.01807	0.06621	0.02688	0.03354	0.01629	0.68171	0.02069	0.01519	0.02069	0.01301	0.01728	0.00974	0.00547	0.00757	0.00217	0.01084	0.00751	0.00325	0.00875
21	0.01607	0.01388	0.01461	0.01315	0.01680	0.01607	0.01023	0.03433	0.72094	0.02703	0.02630	0.02411	0.01972	0.00877	0.00657	0.00219	0.00511	0.00731	0.00657	0.01023
22	0.02331	0.01702	0.01831	0.01426	0.01918	0.01874	0.01171	0.60228	0.08671	0.06278	0.01882	0.01838	0.04157	0.00820	0.00652	0.00197	0.00673	0.00629	0.00651	0.01070
23	0.01640	0.01459	0.01347	0.01200	0.01480	0.13951	0.00918	0.12869	0.16815	0.05097	0.02747	0.06944	0.13791	0.10616	0.01072	0.00263	0.04132	0.02338	0.00540	0.00780
24	0.04547	0.00608	0.00758	0.00871	0.00948	0.00575	0.00596	0.00968	0.01287	0.01774	0.07997	0.62924	0.10020	0.01882	0.00796	0.00252	0.00372	0.01687	0.00597	0.00540
25	0.00787	0.00562	0.00750	0.00900	0.00937	0.00525	0.00600	0.00900	0.01237	0.01649	0.03561	0.76871	0.04274	0.02024	0.00825	0.00262	0.00375	0.01837	0.00600	0.00525
26	0.01220	0.01148	0.01938	0.75739	0.04450	0.01436	0.01794	0.01651	0.01292	0.01651	0.01148	0.01723	0.00861	0.00646	0.00646	0.00215	0.00861	0.00574	0.00287	0.00718
27	0.11852	0.55320	0.06151	0.01157	0.01693	0.05201	0.01124	0.05875	0.03325	0.01895	0.00998	0.01125	0.00859	0.00587	0.00448	0.00155	0.00694	0.00379	0.00325	0.00836
28	0.09379	0.01206	0.01429	0.01139	0.01559	0.01201	0.00927	0.20730	0.02095	0.33284	0.17530	0.02499	0.02370	0.00890	0.00651	0.00199	0.00535	0.00718	0.00704	0.00957
29	0.00861	0.00590	0.00790	0.00918	0.00979	0.00552	0.00633	0.00996	0.01294	0.03570	0.06706	0.67882	0.04258	0.01947	0.00821	0.00260	0.00388	0.05397	0.00610	0.00547
30	0.00814	0.00648	0.00732	0.00745	0.00922	0.00566	0.00556	0.01010	0.01527	0.01940	0.21690	0.15035	0.45520	0.01618	0.00776	0.00224	0.00339	0.04152	0.00626	0.00560
31	0.00927	0.00671	0.00929	0.00925	0.01009	0.00741	0.00672	0.01095	0.01059	0.01496	0.06322	0.03183	0.02116	0.26075	0.48901	0.00864	0.01314	0.00796	0.00383	0.00524
32	0.00832	0.00640	0.00769	0.00830	0.00973	0.00577	0.00621	0.01019	0.01452	0.01862	0.14515	0.28024	0.32350	0.01733	0.00801	0.00241	0.00377	0.11213	0.00615	0.00555
33	0.01394	0.01389	0.01985	0.01693	0.01716	0.01916	0.03249	0.01550	0.01006	0.01566	0.00901	0.01475	0.00887	0.01287	0.05446	0.00316	0.70654	0.00577	0.00287	0.00705
34	0.00835	0.00607	0.00798	0.00934	0.01010	0.00570	0.00676	0.00988	0.01308	0.01714	0.03813	0.56604	0.10598	0.01941	0.00832	0.00265	0.00414	0.14953	0.00599	0.00541
35	0.01599	0.01006	0.01212	0.01060	0.01352	0.01013	0.00830	0.13428	0.09593	0.16032	0.22534	0.11829	0.08415	0.01358	0.04110	0.00251	0.00522	0.02372	0.00671	0.00813
36	0.07096	0.05562	0.02083	0.08878	0.05560	0.22635	0.09043	0.12205	0.07171	0.08413	0.01378	0.01540	0.01044	0.00699	0.00676	0.00195	0.03970	0.00544	0.00437	0.00873
37	0.01553	0.01681	0.04417	0.16110	0.21943	0.06564	0.30470	0.03509	0.01518	0.02011	0.01291	0.01795	0.01031	0.00619	0.00694	0.00208	0.00944	0.02435	0.00331	0.00875
38	0.00815	0.00640	0.00741	0.00781	0.00940	0.00566	0.00580	0.00998	0.01471	0.01868	0.15833	0.23376	0.40348	0.01694	0.00789	0.00233	0.00357	0.06800	0.00617	0.00554
39	0.01696	0.01931	0.12044	0.02114	0.10673	0.10531	0.20060	0.09498	0.05839	0.04698	0.01700	0.02239	0.03301	0.00790	0.00751	0.00213	0.03982	0.06636	0.00419	0.00886
40	0.04086	0.01734	0.08601	0.04813	0.05833	0.09460	0.03677	0.18492	0.14158	0.07094	0.03460	0.02414	0.01611	0.04509	0.00787	0.00229	0.00732	0.06886	0.00521	0.00903
41	0.03881	0.00818	0.00900	0.00917	0.01084	0.03266	0.00674	0.04042	0.03272	0.05434	0.07031	0.31381	0.20170	0.07287	0.00954	0.00267	0.00455	0.06974	0.00586	0.00608
42	0.01590	0.01447	0.03994	0.04821	0.05591	0.07596	0.01081	0.14513	0.16414	0.02484	0.07248	0.07688	0.02010	0.04064	0.00758	0.00213	0.00623	0.04111	0.02528	0.11224
43	0.04147	0.06995	0.08848	0.04925	0.07212	0.04519	0.05782	0.13386	0.01662	0.05654	0.02114	0.22275	0.04376	0.01057	0.00669	0.00208	0.00660	0.00916	0.00481	0.04113
44	0.03554	0.01874	0.18751	0.08199	0.03962	0.09141	0.03022	0.08732	0.08433	0.02156	0.01836	0.12648	0.03310	0.04044	0.00753	0.00219	0.00736	0.00750	0.00430	0.07450

[dist]
# distance from previous block
# <min> <max>
1	26

[block]
# block no. 4 follows, 34 sequences, length 38
# corresponding to MSA columns:
# 240-277
name=unknown_E
#
# <colnr> <probs for GDERKNQSTAVLIFYWHMCP>
#	G	D	E	R	K	N	Q	S	T	A	V	L	I	F	Y	W	H	M	C	P
0	0.01884	0.13337	0.13227	0.01748	0.06074	0.09463	0.13603	0.12399	0.01740	0.10135	0.01383	0.01536	0.01033	0.00638	0.00602	0.00181	0.00814	0.00541	0.03870	0.05792
1	0.04829	0.01734	0.01860	0.13574	0.11982	0.18027	0.05097	0.07512	0.17613	0.02247	0.04232	0.01916	0.02728	0.00742	0.00631	0.00198	0.00778	0.00614	0.02824	0.00861
2	0.06267	0.00883	0.01082	0.00983	0.01266	0.00830	0.00776	0.05674	0.01634	0.24538	0.08538	0.18189	0.13937	0.01305	0.00715	0.00224	0.00464	0.08426	0.03502	0.00767
3	0.01160	0.00839	0.01078	0.01022	0.01212	0.00824	0.03190	0.11388	0.01648	0.04871	0.14328	0.37449	0.12192	0.01697	0.03711	0.00265	0.00493	0.01362	0.00612	0.00661
4	0.01712	0.01954	0.16727	0.07933	0.18253	0.08485	0.15432	0.02149	0.01522	0.11895	0.01612	0.01835	0.04260	0.00684	0.00697	0.00203	0.02723	0.00623	0.00389	0.00911
5	0.00817	0.00588	0.00778	0.00897	0.00961	0.00549	0.00622	0.00967	0.01337	0.01794	0.12929	0.61343	0.06520	0.01906	0.00818	0.00255	0.00376	0.05389	0.00614	0.00541
6	0.02605	0.01271	0.01571	0.01229	0.01708	0.01237	0.01007	0.18078	0.09202	0.48838	0.04680	0.02165	0.01677	0.00820	0.00654	0.00201	0.00573	0.00660	0.00749	0.01075
7	0.02214	0.01499	0.01725	0.01359	0.01826	0.01592	0.03505	0.39577	0.12175	0.16435	0.02388	0.02275	0.08675	0.00874	0.00665	0.00202	0.00627	0.00701	0.00660	0.01024
8	0.00930	0.00638	0.00808	0.00884	0.00993	0.00594	0.00619	0.01117	0.03217	0.05659	0.07104	0.53116	0.15663	0.01923	0.03258	0.00274	0.00422	0.01594	0.00609	0.00578
9	0.01224	0.01119	0.01625	0.01430	0.01499	0.01461	0.03801	0.01411	0.01038	0.01575	0.01262	0.01968	0.01209	0.05814	0.26335	0.00544	0.42073	0.00634	0.03327	0.00651
10	0.02016	0.01662	0.05747	0.01467	0.01932	0.01721	0.04191	0.46434	0.08692	0.03316	0.01646	0.01794	0.01244	0.01460	0.13275	0.00342	0.00897	0.00616	0.00562	0.00986
11	0.01528	0.01735	0.03767	0.02771	0.06073	0.01630	0.68256	0.02066	0.01523	0.02071	0.01304	0.01737	0.00982	0.00546	0.00758	0.00217	0.01077	0.00755	0.00327	0.00877
12	0.00784	0.00593	0.00725	0.00825	0.00919	0.00534	0.00568	0.00918	0.01325	0.01708	0.06666	0.53815	0.24507	0.01888	0.00805	0.00248	0.00359	0.01676	0.00603	0.00534
13	0.01543	0.05369	0.11117	0.12182	0.08953	0.06842	0.34928	0.04436	0.01535	0.02014	0.01420	0.01767	0.03559	0.00626	0.00687	0.00206	0.00963	0.00661	0.00334	0.00859
14	0.01125	0.00787	0.01029	0.01129	0.05070	0.00760	0.00815	0.03576	0.03353	0.07221	0.06791	0.25430	0.18069	0.01808	0.05677	0.00297	0.00546	0.15275	0.00590	0.00652
15	0.05696	0.01994	0.06614	0.01373	0.01776	0.24549	0.01131	0.09546	0.22387	0.06879	0.02087	0.02061	0.06593	0.00815	0.00617	0.00194	0.00750	0.00618	0.03441	0.00878
16	0.00843	0.00646	0.00869	0.00921	0.01030	0.00595	0.03231	0.01000	0.01334	0.01745	0.08721	0.46840	0.17809	0.05930	0.00944	0.00270	0.00415	0.05727	0.00586	0.00545
17	0.01921	0.12090	0.18076	0.04840	0.04046	0.14502	0.11680	0.16594	0.01840	0.06519	0.01284	0.01451	0.00957	0.00650	0.00615	0.00189	0.00894	0.00530	0.00402	0.00921
18	0.01644	0.02370	0.26513	0.02278	0.07862	0.07346	0.28922	0.11009	0.01687	0.02285	0.01259	0.01538	0.00934	0.00609	0.00676	0.00205	0.00979	0.00605	0.00350	0.00930
19	0.02354	0.05562	0.01896	0.01638	0.01975	0.66042	0.01249	0.05734	0.01838	0.01695	0.01016	0.01188	0.00845	0.00684	0.00637	0.00171	0.03938	0.00427	0.00344	0.00767
20	0.01383	0.01155	0.05770	0.01268	0.06643	0.00927	0.02875	0.01690	0.01523	0.10713	0.18409	0.05589	0.08295	0.00909	0.00692	0.00174	0.03415	0.00770	0.00518	0.27282
21	0.06745	0.02923	0.01788	0.01612	0.01957	0.67433	0.01218	0.05630	0.01846	0.01765	0.01018	0.01176	0.00837	0.00667	0.00576	0.00170	0.01108	0.00420	0.00351	0.00762
22	0.00804	0.00574	0.00767	0.00909	0.00956	0.00538	0.00620	0.00932	0.01272	0.01700	0.06313	0.70872	0.04321	0.01986	0.00825	0.00262	0.00382	0.04831	0.00604	0.00531
23	0.01628	0.01502	0.02142	0.15695	0.39849	0.07309	0.01644	0.03993	0.06089	0.05746	0.01749	0.02009	0.06388	0.00710	0.00647	0.00198	0.00754	0.00635	0.00392	0.00919
24	0.02342	0.01629	0.01787	0.01397	0.01891	0.01765	0.01144	0.49413	0.13425	0.12781	0.01831	0.01759	0.01292	0.00783	0.00642	0.00195	0.00651	0.00606	0.00658	0.04005
25	0.00787	0.00562	0.00750	0.00900	0.00937	0.00525	0.00600	0.00900	0.01237	0.01649	0.03561	0.76871	0.04274	0.02024	0.00825	0.00262	0.00375	0.01837	0.00600	0.00525
26	0.03546	0.01545	0.02720	0.23117	0.18917	0.04285	0.27275	0.02042	0.06263	0.02008	0.01311	0.01712	0.01012	0.00608	0.00680	0.00209	0.00903	0.00643	0.00339	0.00864
27	0.00895	0.00684	0.00939	0.01149	0.07900	0.00645	0.00712	0.01062	0.01358	0.01833	0.15039	0.47153	0.09658	0.06676	0.00953	0.00266	0.00414	0.01507	0.00578	0.00580
28	0.00807	0.00656	0.00714	0.00700	0.00899	0.00564	0.00525	0.01011	0.01575	0.01987	0.25532	0.05820	0.53863	0.01546	0.00763	0.00214	0.00321	0.01308	0.00632	0.00564
29	0.01599	0.01535	0.02623	0.03966	0.73262	0.01535	0.01983	0.01983	0.01471	0.02111	0.01215	0.01599	0.01023	0.00576	0.00640	0.00192	0.00768	0.00576	0.00320	0.01023
30	0.01696	0.01816	0.06662	0.02777	0.32093	0.08862	0.15157	0.07693	0.09137	0.02244	0.01430	0.03308	0.01159	0.00672	0.00694	0.00202	0.02426	0.00635	0.00387	0.00951
31	0.00936	0.00703	0.00923	0.00972	0.01028	0.00761	0.00702	0.01075	0.01188	0.01661	0.02910	0.42594	0.05929	0.09346	0.07274	0.00355	0.10290	0.03889	0.06915	0.00549
32	0.01465	0.14729	0.52059	0.01834	0.05297	0.06927	0.05030	0.02066	0.01401	0.01935	0.01116	0.01324	0.00836	0.00604	0.00588	0.00192	0.00928	0.00469	0.00282	0.00920
33	0.05332	0.03623	0.05098	0.01487	0.01903	0.22781	0.07846	0.17750	0.06052	0.04394	0.02126	0.05574	0.09735	0.00892	0.00651	0.00198	0.00802	0.02435	0.00485	0.00837
34	0.11475	0.17664	0.23285	0.01615	0.03629	0.10550	0.08517	0.06529	0.05576	0.03713	0.01211	0.01369	0.00929	0.00628	0.00565	0.00187	0.00831	0.00483	0.00360	0.00883
35	0.01046	0.00846	0.00939	0.00865	0.01110	0.00813	0.00652	0.01574	0.16245	0.02126	0.20257	0.04428	0.30686	0.04341	0.00893	0.03695	0.00395	0.01052	0.00598	0.07441
36	0.06099	0.00692	0.00840	0.00834	0.00997	0.00647	0.00613	0.01229	0.01569	0.05774	0.36248	0.24638	0.14447	0.01489	0.00751	0.00221	0.00352	0.01304	0.00649	0.00607
37	0.05202	0.01366	0.04872	0.05928	0.21033	0.01339	0.03219	0.11100	0.11393	0.07137	0.08146	0.07877	0.06782	0.00907	0.00668	0.00207	0.00622	0.00791	0.00514	0.00895

[dist]
# distance from previous block
# <min> <max>
0	1

[block]
# block no. 5 follows, 34 sequences, length 23
# corresponding to MSA columns:
# 279-301
name=unknown_F
#
# <colnr> <probs for GDERKNQSTAVLIFYWHMCP>
#	G	D	E	R	K	N	Q	S	T	A	V	L	I	F	Y	W	H	M	C	P
0	0.02017	0.01991	0.01891	0.03976	0.16411	0.25198	0.01324	0.20708	0.06919	0.02496	0.03879	0.01684	0.01266	0.00887	0.03644	0.00220	0.00873	0.00563	0.03153	0.00900
1	0.01392	0.01414	0.06409	0.42754	0.25772	0.01470	0.01816	0.04997	0.01422	0.01919	0.01219	0.01738	0.00971	0.03201	0.00731	0.00220	0.00823	0.00582	0.00317	0.00835
2	0.04152	0.01383	0.02315	0.22456	0.33809	0.01478	0.09106	0.05052	0.01462	0.02051	0.01450	0.05517	0.02907	0.00719	0.00709	0.00209	0.03333	0.00671	0.00350	0.00871
3	0.04834	0.06070	0.38548	0.03622	0.09845	0.05201	0.08075	0.05888	0.01486	0.04521	0.01198	0.01433	0.00895	0.00648	0.00697	0.00203	0.05067	0.00517	0.00330	0.00922
4	0.00933	0.00706	0.00877	0.00956	0.01059	0.00708	0.00669	0.01343	0.12645	0.01929	0.11589	0.56463	0.04120	0.01758	0.00791	0.00249	0.00388	0.01581	0.00622	0.00614
5	0.00904	0.00617	0.00783	0.00859	0.00965	0.00560	0.00599	0.01054	0.01378	0.05395	0.11957	0.52265	0.16636	0.01813	0.00798	0.00245	0.00367	0.01616	0.00623	0.00567
6	0.04978	0.06072	0.02028	0.12376	0.17467	0.16834	0.01422	0.17702	0.06757	0.02408	0.01414	0.01800	0.01154	0.00730	0.00622	0.00195	0.00810	0.03907	0.00429	0.00896
7	0.01150	0.00945	0.01183	0.01095	0.01227	0.03899	0.03525	0.05184	0.04753	0.01752	0.06501	0.12322	0.02313	0.23283	0.21604	0.00560	0.06750	0.00914	0.00440	0.00601
8	0.00972	0.00682	0.00848	0.00907	0.01043	0.00642	0.00662	0.01238	0.05619	0.05464	0.10410	0.41939	0.17635	0.01732	0.00794	0.00246	0.00396	0.07548	0.00623	0.00602
9	0.09875	0.01516	0.01630	0.01307	0.01748	0.01656	0.01062	0.44322	0.08804	0.09494	0.05796	0.06480	0.01658	0.00878	0.00641	0.00202	0.00615	0.00689	0.00637	0.00991
10	0.01205	0.05655	0.13469	0.01260	0.01620	0.04703	0.06280	0.03929	0.07527	0.02076	0.14689	0.23225	0.09276	0.01236	0.00714	0.00218	0.00588	0.01085	0.00519	0.00728
11	0.01941	0.01741	0.05712	0.05796	0.06553	0.11054	0.07390	0.15930	0.18861	0.11100	0.01885	0.05985	0.01468	0.00809	0.00659	0.00205	0.00742	0.00683	0.00536	0.00950
12	0.00814	0.00588	0.00758	0.00884	0.00942	0.00549	0.00605	0.00936	0.01253	0.01648	0.03696	0.60469	0.10053	0.07609	0.01009	0.00288	0.00405	0.06388	0.00584	0.00522
13	0.06029	0.01163	0.01273	0.01121	0.01444	0.01245	0.00887	0.19151	0.17864	0.06632	0.05860	0.09915	0.14069	0.01320	0.04342	0.00257	0.00571	0.04072	0.01948	0.00836
14	0.07170	0.01643	0.02234	0.15070	0.33088	0.08876	0.05046	0.12517	0.01705	0.04713	0.01261	0.01560	0.00984	0.00634	0.00626	0.00196	0.00805	0.00557	0.00387	0.00929
15	0.01527	0.12810	0.22452	0.01403	0.01900	0.08407	0.03402	0.01955	0.03867	0.09228	0.01775	0.09934	0.01598	0.01453	0.11090	0.00321	0.00911	0.04745	0.00413	0.00812
16	0.01172	0.00674	0.00752	0.00752	0.00897	0.00691	0.00564	0.04793	0.01376	0.02233	0.02253	0.10501	0.02036	0.05896	0.07845	0.00285	0.00500	0.03947	0.52230	0.00603
17	0.07814	0.01305	0.05749	0.01173	0.01499	0.05491	0.00966	0.14262	0.05930	0.13290	0.06896	0.23742	0.02504	0.01218	0.00727	0.01727	0.00570	0.03743	0.00592	0.00802
18	0.12391	0.13551	0.09806	0.01446	0.03974	0.24638	0.01237	0.05722	0.04051	0.08466	0.01351	0.01631	0.01094	0.00907	0.04223	0.00226	0.00877	0.03172	0.00406	0.00830
19	0.01796	0.06272	0.08723	0.01472	0.04229	0.11539	0.05026	0.16909	0.06802	0.07368	0.03096	0.09192	0.01599	0.04532	0.02916	0.00238	0.00757	0.00708	0.03166	0.03659
20	0.01442	0.13846	0.08200	0.04942	0.01680	0.07504	0.01086	0.09166	0.05460	0.02008	0.06858	0.08084	0.11075	0.08221	0.01015	0.00243	0.07186	0.00793	0.00448	0.00742
21	0.01608	0.03989	0.07246	0.11471	0.30245	0.07350	0.05351	0.05997	0.11683	0.02149	0.01432	0.01720	0.01140	0.00883	0.04747	0.00244	0.00852	0.00588	0.00381	0.00925
22	0.05237	0.01105	0.01188	0.04655	0.05393	0.06117	0.00873	0.08728	0.07932	0.02170	0.07093	0.21439	0.19377	0.01301	0.00708	0.00217	0.00520	0.02286	0.00551	0.03111

[dist]
# distance from previous block
# <min> <max>
0	10

[block]
# block no. 6 follows, 34 sequences, length 58
# corresponding to MSA columns:
# 312-369
name=unknown_G
#
# <colnr> <probs for GDERKNQSTAVLIFYWHMCP>
#	G	D	E	R	K	N	Q	S	T	A	V	L	I	F	Y	W	H	M	C	P
0	0.01880	0.06339	0.10697	0.01643	0.05030	0.13143	0.03580	0.20581	0.05740	0.04680	0.01435	0.04579	0.01197	0.03633	0.00961	0.00223	0.12724	0.00606	0.00443	0.00886
1	0.01983	0.04245	0.07059	0.07493	0.08693	0.44140	0.03932	0.04329	0.01721	0.01811	0.04453	0.01674	0.04275	0.00720	0.00615	0.00181	0.00989	0.00538	0.00360	0.00788
2	0.01592	0.04885	0.05001	0.04624	0.20340	0.07926	0.10997	0.07772	0.03485	0.04293	0.01660	0.11915	0.01541	0.05235	0.00811	0.00222	0.00758	0.00760	0.00415	0.05769
3	0.01628	0.17816	0.26320	0.01695	0.04031	0.04615	0.11179	0.08162	0.01559	0.05280	0.01421	0.01594	0.03780	0.00665	0.00644	0.00187	0.03236	0.00539	0.00361	0.05287
4	0.01518	0.15266	0.07191	0.10334	0.01971	0.06344	0.01146	0.08873	0.13311	0.02186	0.05910	0.05483	0.07533	0.00851	0.00605	0.00186	0.00641	0.00683	0.03153	0.06814
5	0.00935	0.00717	0.00799	0.00778	0.00982	0.00647	0.00581	0.03353	0.03838	0.03888	0.19839	0.13945	0.44274	0.01542	0.00760	0.00219	0.00352	0.01315	0.00632	0.00604
6	0.07725	0.01424	0.02007	0.01794	0.10846	0.01449	0.11891	0.22074	0.04214	0.17391	0.08412	0.02209	0.01728	0.00796	0.00666	0.00204	0.00680	0.02954	0.00575	0.00961
7	0.01621	0.01526	0.02257	0.04711	0.23384	0.04403	0.14485	0.10662	0.14865	0.02408	0.04316	0.02197	0.06610	0.00756	0.00674	0.00202	0.00737	0.00707	0.00459	0.03020
8	0.00793	0.00567	0.00761	0.00905	0.00946	0.00536	0.00608	0.00910	0.01229	0.01644	0.03490	0.73961	0.04169	0.02135	0.03718	0.00293	0.00428	0.01792	0.00590	0.00527
9	0.01839	0.01006	0.01237	0.01078	0.01397	0.00966	0.00849	0.14908	0.01844	0.26831	0.04738	0.22137	0.11886	0.01289	0.00726	0.00223	0.00503	0.05026	0.00679	0.00838
10	0.01288	0.01277	0.04850	0.03551	0.20181	0.06079	0.03473	0.03726	0.01371	0.01850	0.04049	0.22491	0.02184	0.07492	0.07959	0.00331	0.05727	0.00967	0.00422	0.00732
11	0.02587	0.01562	0.01682	0.01331	0.01809	0.08434	0.01082	0.26867	0.08263	0.36404	0.02059	0.01892	0.01383	0.00785	0.00643	0.00196	0.00662	0.00611	0.00689	0.01059
12	0.00787	0.00562	0.00750	0.00900	0.00937	0.00525	0.00600	0.00900	0.01237	0.01649	0.03561	0.76871	0.04274	0.02024	0.00825	0.00262	0.00375	0.01837	0.00600	0.00525
13	0.04845	0.03381	0.01310	0.04058	0.01375	0.06894	0.00911	0.01373	0.01091	0.01534	0.01485	0.02435	0.01471	0.18899	0.31212	0.00640	0.15481	0.00669	0.00341	0.00594
14	0.03772	0.01315	0.01429	0.01503	0.10693	0.08183	0.01022	0.11125	0.13727	0.07691	0.02940	0.15138	0.13999	0.01142	0.00693	0.00215	0.00585	0.03439	0.00564	0.00825
15	0.00861	0.00666	0.00802	0.00917	0.00994	0.02835	0.00641	0.01004	0.01330	0.01735	0.08176	0.59216	0.10055	0.01888	0.00813	0.00254	0.00406	0.06265	0.00598	0.00544
16	0.02456	0.01810	0.01939	0.01487	0.02004	0.02004	0.01228	0.71107	0.03038	0.04072	0.01551	0.01551	0.01099	0.00776	0.00646	0.00194	0.00711	0.00582	0.00646	0.01099
17	0.01601	0.01445	0.04758	0.01553	0.07108	0.01244	0.10715	0.12349	0.04609	0.04603	0.02805	0.01589	0.01148	0.00589	0.00579	0.00149	0.00638	0.00522	0.00437	0.41562
18	0.01550	0.01495	0.02501	0.09644	0.21034	0.04754	0.22618	0.04203	0.03414	0.04725	0.05552	0.02231	0.03609	0.00746	0.00752	0.00209	0.03810	0.03668	0.00399	0.03087
19	0.01532	0.44065	0.35293	0.01438	0.02173	0.02079	0.01685	0.01985	0.01336	0.01758	0.01016	0.01185	0.00824	0.00580	0.00505	0.00168	0.00810	0.00405	0.00275	0.00886
20	0.00934	0.00626	0.00735	0.00748	0.00766	0.00633	0.00448	0.00974	0.00988	0.01348	0.02142	0.10259	0.02426	0.61823	0.09320	0.00616	0.00692	0.00983	0.03113	0.00427
21	0.01458	0.01201	0.05328	0.01065	0.01361	0.04277	0.00864	0.10008	0.12547	0.08547	0.17793	0.03391	0.10512	0.12415	0.04016	0.00299	0.00588	0.00868	0.02704	0.00759
22	0.05470	0.08258	0.01849	0.01347	0.01811	0.11274	0.01106	0.32765	0.06715	0.17330	0.04508	0.01752	0.01380	0.00768	0.00614	0.00189	0.00699	0.00577	0.00598	0.00990
23	0.01669	0.01349	0.01386	0.01235	0.01589	0.04739	0.00962	0.04192	0.52656	0.08351	0.04857	0.02661	0.06974	0.00921	0.00657	0.00212	0.00521	0.00760	0.03350	0.00958
24	0.00800	0.00634	0.00729	0.00767	0.00923	0.00563	0.00560	0.00971	0.01430	0.01806	0.12733	0.24993	0.42395	0.01850	0.04013	0.00266	0.00405	0.03010	0.00601	0.00549
25	0.01870	0.30232	0.02916	0.01713	0.02201	0.21158	0.18872	0.05168	0.02886	0.01811	0.01087	0.01317	0.00903	0.00626	0.00649	0.00177	0.04762	0.00499	0.00328	0.00828
26	0.01619	0.01560	0.02515	0.10146	0.62656	0.03919	0.01919	0.04125	0.01516	0.02114	0.01213	0.01594	0.01005	0.00591	0.00639	0.00193	0.00787	0.00571	0.00328	0.00990
27	0.01007	0.00724	0.00825	0.00782	0.01002	0.00651	0.00595	0.03511	0.01586	0.06862	0.19047	0.07869	0.45177	0.01707	0.05485	0.00267	0.00442	0.01224	0.00621	0.00616
28	0.01093	0.00701	0.00850	0.00807	0.01013	0.00617	0.00606	0.01312	0.01618	0.11186	0.29623	0.14481	0.30733	0.01467	0.00757	0.00216	0.00354	0.01265	0.00666	0.00636
29	0.01149	0.00967	0.01308	0.01223	0.01405	0.04200	0.09123	0.09510	0.01514	0.01986	0.02935	0.55436	0.03344	0.01636	0.00785	0.00245	0.00536	0.01494	0.00561	0.00645
