[name]
unknown

[dist]
# distance from previous block
# <min> <max>
2	40

[block]
# block no. 0 follows, 33 sequences, length 108
# corresponding to MSA columns:
# 43-98,101-152
name=unknown_A
#
# <colnr> <probs for GDERKNQSTAVLIFYWHMCP>
#	G	D	E	R	K	N	Q	S	T	A	V	L	I	F	Y	W	H	M	C	P
0	0.10655	0.03066	0.03506	0.01638	0.12860	0.03586	0.02967	0.08248	0.01689	0.11188	0.14485	0.02970	0.08843	0.00991	0.00780	0.00214	0.06021	0.04925	0.00536	0.00833
1	0.14626	0.01745	0.09992	0.05112	0.15049	0.07743	0.03117	0.06946	0.04985	0.10218	0.01408	0.01575	0.01063	0.00748	0.02299	0.00207	0.00751	0.00522	0.00436	0.11459
2	0.05150	0.00936	0.01127	0.01049	0.01273	0.00982	0.00834	0.01698	0.10178	0.07977	0.16970	0.08953	0.18122	0.01339	0.00908	0.00234	0.09059	0.09558	0.00603	0.03051
3	0.01392	0.00982	0.01351	0.01442	0.11377	0.00963	0.02932	0.05253	0.07272	0.10123	0.24030	0.12959	0.07667	0.05571	0.00879	0.00238	0.00496	0.01037	0.03263	0.00774
4	0.05290	0.01180	0.01562	0.01212	0.01688	0.01100	0.01002	0.06346	0.01866	0.63286	0.02389	0.02123	0.01529	0.00828	0.00745	0.00209	0.05154	0.00644	0.00762	0.01083
5	0.01299	0.01258	0.04264	0.34524	0.19451	0.01306	0.01567	0.01769	0.04865	0.02021	0.11278	0.02360	0.04875	0.00780	0.00667	0.00205	0.00715	0.00697	0.00398	0.05701
6	0.01626	0.01430	0.01478	0.05826	0.01837	0.05089	0.01062	0.03214	0.59196	0.02613	0.02471	0.02352	0.01862	0.00860	0.00651	0.00216	0.00561	0.00710	0.05965	0.00981
7	0.01403	0.01209	0.01953	0.67170	0.04243	0.01474	0.01751	0.05964	0.01453	0.05312	0.01265	0.01768	0.00929	0.00674	0.00658	0.00217	0.00853	0.00589	0.00340	0.00774
8	0.02500	0.01907	0.01970	0.01524	0.02041	0.05553	0.01252	0.67258	0.03035	0.04026	0.01553	0.01561	0.01106	0.00785	0.00655	0.00196	0.00747	0.00585	0.00643	0.01102
9	0.06124	0.01706	0.01802	0.01438	0.01920	0.01911	0.01171	0.50042	0.20542	0.03733	0.01830	0.01780	0.01328	0.00808	0.00649	0.00204	0.00662	0.00620	0.00649	0.01080
10	0.50555	0.07519	0.01426	0.01136	0.01535	0.22309	0.00913	0.02183	0.03487	0.02459	0.00999	0.01144	0.00801	0.00635	0.00470	0.00190	0.00718	0.00387	0.00386	0.00747
11	0.00913	0.00855	0.05674	0.00862	0.01090	0.00672	0.00716	0.01208	0.01686	0.02295	0.44837	0.04986	0.25166	0.01567	0.04341	0.00253	0.00432	0.01179	0.00643	0.00624
12	0.01546	0.01841	0.18941	0.06153	0.07619	0.01514	0.01468	0.12341	0.22424	0.02504	0.04133	0.04811	0.03886	0.04558	0.00845	0.00237	0.03034	0.00717	0.00497	0.00931
13	0.00957	0.00638	0.00718	0.00718	0.00718	0.00638	0.00399	0.00957	0.00957	0.01276	0.02074	0.04308	0.02393	0.76864	0.03351	0.00638	0.00638	0.00957	0.00399	0.00399
14	0.01481	0.12430	0.08009	0.12480	0.11862	0.05684	0.04417	0.02175	0.16695	0.02120	0.09755	0.02363	0.06157	0.00819	0.00645	0.00201	0.00701	0.00695	0.00448	0.00863
15	0.01312	0.01107	0.01299	0.00966	0.01482	0.00866	0.00766	0.01660	0.03800	0.02237	0.11492	0.01914	0.01765	0.00625	0.00535	0.00118	0.00463	0.00517	0.00448	0.66628
16	0.01572	0.01164	0.01386	0.01001	0.01576	0.00889	0.00805	0.01860	0.01433	0.11418	0.01356	0.01479	0.01060	0.00530	0.00510	0.00111	0.00497	0.00426	0.00445	0.70480
17	0.01449	0.01639	0.13316	0.02599	0.35699	0.01354	0.01636	0.04982	0.06869	0.02393	0.18771	0.02456	0.02350	0.00810	0.00680	0.00203	0.00675	0.00731	0.00456	0.00932
18	0.01637	0.01414	0.01489	0.01340	0.01712	0.01637	0.01042	0.03498	0.71568	0.02754	0.02679	0.02456	0.02010	0.00893	0.00670	0.00223	0.00521	0.00744	0.00670	0.01042
19	0.01440	0.01440	0.02016	0.01728	0.01728	0.02016	0.01440	0.01584	0.01008	0.01584	0.00864	0.01440	0.00864	0.01152	0.02160	0.00288	0.75659	0.00576	0.00288	0.00720
20	0.01791	0.73982	0.03380	0.01152	0.01705	0.05772	0.01133	0.02000	0.01361	0.01552	0.00920	0.01062	0.00845	0.00568	0.00430	0.00142	0.00725	0.00355	0.00284	0.00841
21	0.01061	0.00758	0.01061	0.01212	0.01364	0.00758	0.01061	0.01364	0.01515	0.01970	0.03486	0.07426	0.03789	0.01819	0.00909	0.00303	0.00606	0.68326	0.00606	0.00606
22	0.00923	0.00666	0.00872	0.00834	0.00982	0.00615	0.00620	0.01221	0.01823	0.02576	0.67815	0.09695	0.06088	0.01394	0.00781	0.00211	0.00315	0.01236	0.00717	0.00615
23	0.01243	0.01170	0.01975	0.75282	0.04534	0.01463	0.01828	0.01682	0.01316	0.01682	0.01170	0.01755	0.00878	0.00658	0.00658	0.00219	0.00878	0.00585	0.00293	0.00731
24	0.02503	0.01844	0.01976	0.01515	0.02042	0.02042	0.01251	0.70562	0.03095	0.04149	0.01581	0.01581	0.01120	0.00790	0.00659	0.00198	0.00724	0.00593	0.00659	0.01120
25	0.00802	0.00573	0.00764	0.00917	0.00955	0.00535	0.00611	0.00917	0.01260	0.01681	0.03628	0.76434	0.04354	0.02062	0.00840	0.00267	0.00382	0.01872	0.00611	0.00535
26	0.00957	0.00638	0.00718	0.00718	0.00718	0.00638	0.00399	0.00957	0.00957	0.01276	0.02074	0.04308	0.02393	0.76864	0.03351	0.00638	0.00638	0.00957	0.00399	0.00399
27	0.01760	0.77260	0.03450	0.01126	0.01690	0.02605	0.01126	0.01971	0.01338	0.01549	0.00915	0.01056	0.00845	0.00563	0.00422	0.00141	0.00704	0.00352	0.00282	0.00845
28	0.01365	0.01170	0.01365	0.00975	0.01560	0.00878	0.00780	0.01658	0.01365	0.02145	0.01170	0.01365	0.00975	0.00488	0.00488	0.00098	0.00488	0.00390	0.00390	0.80888
29	0.01580	0.01378	0.01560	0.12183	0.02126	0.01612	0.01157	0.03232	0.61266	0.02597	0.02458	0.02353	0.01844	0.00859	0.00668	0.00223	0.00573	0.00721	0.00615	0.00996
30	0.00825	0.00612	0.00770	0.00850	0.00948	0.00557	0.00592	0.00992	0.01436	0.01906	0.19031	0.47636	0.17767	0.01833	0.00815	0.00246	0.00357	0.01633	0.00636	0.00557
31	0.01540	0.01486	0.02571	0.19769	0.54564	0.01546	0.05012	0.01949	0.01461	0.02045	0.01227	0.01664	0.01004	0.00601	0.00659	0.00202	0.00818	0.00595	0.00319	0.00967
32	0.01629	0.01564	0.02672	0.04041	0.72757	0.01564	0.02020	0.02020	0.01499	0.02151	0.01238	0.01629	0.01043	0.00587	0.00652	0.00196	0.00782	0.00587	0.00326	0.01043
33	0.02503	0.01844	0.01976	0.01515	0.02042	0.02042	0.01251	0.70562	0.03095	0.04149	0.01581	0.01581	0.01120	0.00790	0.00659	0.00198	0.00724	0.00593	0.00659	0.01120
34	0.00933	0.00634	0.00750	0.00773	0.00788	0.00637	0.00462	0.00968	0.01010	0.01355	0.02280	0.14832	0.02627	0.60391	0.08327	0.00615	0.00685	0.01073	0.00427	0.00433
35	0.00808	0.00575	0.00762	0.00909	0.00946	0.00539	0.00603	0.00918	0.01249	0.01665	0.03571	0.73746	0.04281	0.04850	0.00934	0.00281	0.00391	0.01837	0.00603	0.00530
36	0.01320	0.03405	0.73453	0.01876	0.02849	0.01529	0.02432	0.02085	0.01390	0.02085	0.01181	0.01390	0.00834	0.00625	0.00625	0.00208	0.00973	0.00486	0.00278	0.00973
37	0.00987	0.00730	0.00956	0.01143	0.08847	0.00684	0.00722	0.01217	0.01485	0.02088	0.18668	0.26493	0.17523	0.01452	0.00731	0.00219	0.00389	0.01279	0.13763	0.00627
38	0.01172	0.00643	0.00681	0.00687	0.00833	0.00643	0.00506	0.01509	0.03899	0.02373	0.07125	0.10159	0.02295	0.02655	0.00593	0.00182	0.00330	0.00793	0.62306	0.00617
39	0.00784	0.00667	0.00675	0.00673	0.00893	0.00558	0.00505	0.00955	0.01514	0.01809	0.09018	0.06285	0.70122	0.01656	0.00778	0.00222	0.00333	0.01382	0.00615	0.00558
40	0.01916	0.01377	0.01518	0.01299	0.01690	0.01517	0.01023	0.16119	0.41567	0.12914	0.04693	0.05148	0.02017	0.03197	0.00757	0.00229	0.00557	0.00766	0.00680	0.01016
41	0.01244	0.00744	0.00943	0.00951	0.01093	0.00705	0.00669	0.05399	0.01449	0.12325	0.05704	0.46398	0.05856	0.11906	0.01139	0.00300	0.00459	0.01453	0.00619	0.00641
42	0.05750	0.01256	0.01455	0.01176	0.01600	0.01269	0.00948	0.20075	0.10202	0.29800	0.06949	0.02709	0.09236	0.03595	0.00764	0.00222	0.00559	0.00759	0.00698	0.00978
43	0.00791	0.00615	0.00721	0.00806	0.00926	0.00544	0.00562	0.00929	0.01367	0.01724	0.04980	0.45268	0.34648	0.01887	0.00813	0.00247	0.00360	0.01657	0.00611	0.00544
44	0.01026	0.00730	0.00849	0.00860	0.01037	0.00675	0.00628	0.03410	0.04103	0.06025	0.08742	0.28426	0.31679	0.05333	0.00913	0.00257	0.00404	0.03665	0.00623	0.00616
45	0.07175	0.01488	0.01677	0.01324	0.01793	0.01566	0.01080	0.41071	0.02467	0.23266	0.02017	0.08689	0.01539	0.00905	0.00661	0.00206	0.00634	0.00717	0.00683	0.01041
46	0.02407	0.08667	0.01984	0.01654	0.02009	0.68878	0.01261	0.02580	0.01826	0.01607	0.01010	0.01177	0.00848	0.00670	0.00581	0.00167	0.01151	0.00419	0.00335	0.00769
47	0.01049	0.00656	0.00761	0.00739	0.00809	0.00641	0.00471	0.01166	0.01237	0.03834	0.16943	0.04109	0.03075	0.47737	0.02312	0.00465	0.00519	0.00948	0.12031	0.00498
48	0.07655	0.00790	0.00952	0.00865	0.01075	0.00747	0.00639	0.01585	0.01514	0.16344	0.24446	0.07601	0.09844	0.14188	0.01260	0.04934	0.00453	0.00977	0.03471	0.00660
49	0.00933	0.00656	0.00791	0.00843	0.00947	0.00612	0.00574	0.01109	0.03428	0.04138	0.09107	0.38383	0.18107	0.15731	0.01277	0.00319	0.00424	0.01476	0.00589	0.00555
50	0.04034	0.00733	0.00804	0.00731	0.00961	0.00709	0.00567	0.01874	0.01471	0.16328	0.02198	0.02370	0.01646	0.00772	0.00498	0.00165	0.00363	0.00615	0.62445	0.00716
51	0.00984	0.00753	0.01105	0.01085	0.01192	0.00897	0.00846	0.01208	0.01060	0.01550	0.01718	0.02546	0.01611	0.06392	0.65400	0.00969	0.06925	0.00700	0.02465	0.00593
52	0.01085	0.00726	0.01100	0.01237	0.07939	0.00772	0.00800	0.01106	0.01019	0.01421	0.01545	0.04620	0.01525	0.08758	0.30965	0.32792	0.01066	0.00695	0.00335	0.00495
53	0.04919	0.00888	0.01025	0.00976	0.01188	0.00901	0.00745	0.12956	0.01696	0.06729	0.08866	0.25129	0.05419	0.03607	0.00781	0.00235	0.00461	0.06937	0.15842	0.00701
54	0.01248	0.00930	0.01022	0.01005	0.01158	0.08080	0.00741	0.01423	0.01408	0.07750	0.14357	0.21491	0.04832	0.03881	0.17968	0.05810	0.00799	0.01059	0.04421	0.00618
55	0.04675	0.01764	0.02658	0.12706	0.12257	0.10626	0.25946	0.07247	0.05019	0.02178	0.01294	0.01642	0.01008	0.00659	0.00767	0.00210	0.05357	0.00628	0.00369	0.02991
56	0.03279	0.01193	0.01782	0.25482	0.15736	0.01373	0.01410	0.06021	0.05469	0.01991	0.06066	0.02063	0.01446	0.03475	0.03692	0.09732	0.08010	0.00644	0.00380	0.00756
57	0.00941	0.00651	0.00799	0.00839	0.00904	0.00652	0.00572	0.01053	0.01145	0.01552	0.02809	0.15897	0.08520	0.36859	0.12266	0.00543	0.00709	0.08096	0.04700	0.00493
58	0.67988	0.04138	0.04965	0.00988	0.01434	0.03985	0.00863	0.05306	0.01263	0.02872	0.00966	0.01115	0.00748	0.00621	0.00438	0.00200	0.00574	0.00377	0.00406	0.00753
59	0.06587	0.00871	0.01121	0.03113	0.01346	0.00842	0.03086	0.04518	0.03827	0.08486	0.12557	0.37173	0.05025	0.01442	0.00738	0.00228	0.00461	0.01278	0.00601	0.06701
60	0.01740	0.04442	0.11249	0.01950	0.10390	0.11550	0.13471	0.11830	0.01811	0.04641	0.11652	0.02015	0.01748	0.00756	0.00711	0.00196	0.03118	0.00656	0.00445	0.05627
61	0.01179	0.00816	0.01050	0.02922	0.01173	0.00853	0.02457	0.03476	0.08570	0.03860	0.04330	0.05265	0.04035	0.33074	0.09976	0.12110	0.00730	0.03117	0.00450	0.00557
62	0.01916	0.01265	0.01440	0.01246	0.01633	0.01362	0.00981	0.03202	0.46421	0.21316	0.09439	0.02639	0.02318	0.00917	0.00678	0.00217	0.00511	0.00766	0.00713	0.01022
63	0.01588	0.01417	0.02323	0.15017	0.49123	0.01472	0.01814	0.02073	0.06158	0.05246	0.01534	0.02119	0.01290	0.00711	0.00672	0.00209	0.00758	0.05126	0.00384	0.00967
64	0.04117	0.01442	0.01560	0.14357	0.10841	0.15996	0.01216	0.01829	0.06924	0.01808	0.01845	0.08778	0.03736	0.01613	0.11237	0.06373	0.00917	0.04291	0.00402	0.00718
65	0.01082	0.00684	0.00834	0.00824	0.00935	0.00647	0.00569	0.01226	0.01355	0.07111	0.17917	0.13189	0.09550	0.32140	0.01821	0.00395	0.00493	0.05622	0.03056	0.00551
66	0.00950	0.00666	0.00856	0.00856	0.00904	0.00713	0.00571	0.01046	0.00998	0.01379	0.01948	0.03608	0.02089	0.47598	0.32200	0.00809	0.01096	0.00855	0.00380	0.00476
67	0.00806	0.00581	0.00756	0.00895	0.00943	0.00539	0.00597	0.00920	0.01265	0.01673	0.03764	0.69689	0.08495	0.04545	0.00921	0.00277	0.00388	0.01811	0.00604	0.00531
68	0.09097	0.00794	0.00919	0.00882	0.01055	0.00788	0.00639	0.05540	0.01420	0.07886	0.10051	0.20463	0.09881	0.09853	0.01235	0.10787	0.00465	0.01059	0.06580	0.00606
69	0.01554	0.01776	0.03885	0.02775	0.03441	0.01665	0.70366	0.02109	0.01554	0.02109	0.01332	0.01776	0.00999	0.00555	0.00777	0.00222	0.01110	0.00777	0.00333	0.00888
70	0.00940	0.00705	0.01058	0.01058	0.01176	0.00823	0.00823	0.01176	0.01058	0.01528	0.01763	0.02586	0.01646	0.04937	0.74255	0.01058	0.01763	0.00705	0.00353	0.00588
71	0.00863	0.00647	0.00793	0.00842	0.00971	0.00591	0.00615	0.01055	0.01490	0.01960	0.22065	0.27599	0.23560	0.06087	0.00959	0.00264	0.00387	0.08062	0.00628	0.00562
72	0.01032	0.00685	0.00781	0.00762	0.00817	0.00681	0.00465	0.01132	0.03414	0.03825	0.04781	0.04306	0.07746	0.61762	0.04718	0.00575	0.00627	0.00974	0.00447	0.00469
73	0.01144	0.00572	0.00858	0.00858	0.00858	0.00572	0.00572	0.00858	0.00858	0.01144	0.01144	0.02001	0.01144	0.02287	0.02573	0.80846	0.00572	0.00572	0.00286	0.00286
74	0.01243	0.01170	0.01975	0.75282	0.04534	0.01463	0.01828	0.01682	0.01316	0.01682	0.01170	0.01755	0.00878	0.00658	0.00658	0.00219	0.00878	0.00585	0.00293	0.00731
75	0.00808	0.00596	0.00757	0.00869	0.00946	0.00545	0.00594	0.00946	0.01345	0.01769	0.09345	0.59650	0.15530	0.01944	0.00825	0.00255	0.00369	0.01742	0.00620	0.00545
76	0.08734	0.01245	0.01337	0.01096	0.01476	0.01323	0.00885	0.26701	0.06731	0.14497	0.01949	0.01991	0.01414	0.00778	0.00573	0.00186	0.00528	0.00601	0.27041	0.00913
77	0.00940	0.00705	0.01058	0.01058	0.01176	0.00823	0.00823	0.01176	0.01058	0.01528	0.01763	0.02586	0.01646	0.04937	0.74255	0.01058	0.01763	0.00705	0.00353	0.00588
78	0.02459	0.03138	0.01866	0.01696	0.02035	0.74221	0.01272	0.02629	0.01866	0.01611	0.01018	0.01187	0.00848	0.00678	0.00594	0.00170	0.01187	0.00424	0.00339	0.00763
79	0.05830	0.00649	0.00811	0.00880	0.00976	0.00623	0.00614	0.01083	0.01431	0.02047	0.24924	0.47168	0.04649	0.04079	0.00872	0.00256	0.00375	0.01537	0.00627	0.00569
80	0.81514	0.01273	0.00968	0.00866	0.01273	0.01477	0.00713	0.01935	0.01120	0.02954	0.00917	0.01069	0.00713	0.00611	0.00407	0.00204	0.00509	0.00356	0.00407	0.00713
81	0.00779	0.00663	0.00671	0.00678	0.00892	0.00555	0.00505	0.00944	0.01490	0.01774	0.06535	0.09436	0.69477	0.01685	0.00781	0.00224	0.00336	0.01411	0.00611	0.00555
82	0.81514	0.01273	0.00968	0.00866	0.01273	0.01477	0.00713	0.01935	0.01120	0.02954	0.00917	0.01069	0.00713	0.00611	0.00407	0.00204	0.00509	0.00356	0.00407	0.00713
83	0.01161	0.00765	0.00908	0.00871	0.01084	0.00717	0.00653	0.01489	0.06941	0.10493	0.15118	0.16328	0.28470	0.03485	0.05731	0.00289	0.00481	0.01220	0.03128	0.00668
84	0.00958	0.00687	0.00823	0.00784	0.00977	0.00609	0.00590	0.01205	0.01705	0.05410	0.41782	0.07621	0.31496	0.01469	0.00774	0.00215	0.00333	0.01265	0.00681	0.00615
85	0.00802	0.00573	0.00764	0.00917	0.00955	0.00535	0.00611	0.00917	0.01260	0.01681	0.03628	0.76434	0.04354	0.02062	0.00840	0.00267	0.00382	0.01872	0.00611	0.00535
86	0.01416	0.01404	0.01969	0.01695	0.01701	0.01957	0.01410	0.01564	0.01011	0.01582	0.00909	0.01497	0.00903	0.01339	0.05724	0.00326	0.72007	0.00583	0.00291	0.00714
87	0.00974	0.00761	0.01024	0.01035	0.01141	0.03063	0.00779	0.01175	0.01097	0.01527	0.01967	0.10640	0.01974	0.10396	0.58233	0.00911	0.01504	0.00843	0.00384	0.00572
88	0.01554	0.01776	0.03885	0.02775	0.03441	0.01665	0.70366	0.02109	0.01554	0.02109	0.01332	0.01776	0.00999	0.00555	0.00777	0.00222	0.01110	0.00777	0.00333	0.00888
89	0.02503	0.01844	0.01976	0.01515	0.02042	0.02042	0.01251	0.70562	0.03095	0.04149	0.01581	0.01581	0.01120	0.00790	0.00659	0.00198	0.00724	0.00593	0.00659	0.01120
90	0.01526	0.01550	0.02139	0.10024	0.16849	0.06643	0.01591	0.01755	0.01200	0.01715	0.00985	0.01496	0.00902	0.00950	0.01583	0.00254	0.47180	0.00569	0.00300	0.00791
91	0.01218	0.00917	0.01197	0.01133	0.01294	0.03684	0.00885	0.06693	0.01264	0.04277	0.01689	0.02375	0.01522	0.04043	0.56981	0.05119	0.04004	0.00673	0.00387	0.00643
92	0.01320	0.03405	0.73453	0.01876	0.02849	0.01529	0.02432	0.02085	0.01390	0.02085	0.01181	0.01390	0.00834	0.00625	0.00625	0.00208	0.00973	0.00486	0.00278	0.00973
93	0.01818	0.01377	0.01488	0.01248	0.01586	0.01525	0.00963	0.31080	0.22947	0.02964	0.04065	0.02537	0.01806	0.17128	0.01311	0.03305	0.00628	0.00732	0.00595	0.00897
94	0.00817	0.00573	0.00768	0.00914	0.00951	0.00536	0.00609	0.00914	0.01243	0.01657	0.03518	0.73130	0.04212	0.02072	0.00917	0.03845	0.00390	0.01814	0.00597	0.00524
95	0.01731	0.01550	0.01536	0.01372	0.01748	0.06553	0.01067	0.06417	0.63825	0.02739	0.02519	0.02332	0.01892	0.00874	0.00664	0.00219	0.00575	0.00716	0.00647	0.01027
96	0.04022	0.02585	0.10903	0.06864	0.17142	0.39942	0.01603	0.02305	0.01634	0.01821	0.01084	0.01351	0.00886	0.00673	0.00685	0.00190	0.04661	0.00482	0.00325	0.00843
97	0.00996	0.00646	0.00814	0.00818	0.00868	0.00678	0.00543	0.01071	0.01030	0.01473	0.01950	0.05189	0.02044	0.40034	0.22369	0.08046	0.00898	0.00837	0.09229	0.00467
98	0.02690	0.01105	0.01459	0.01142	0.01604	0.00992	0.00930	0.05247	0.04471	0.60877	0.04979	0.02398	0.01815	0.03394	0.00750	0.00217	0.00549	0.00690	0.03634	0.01058
99	0.01700	0.01577	0.02327	0.14074	0.45458	0.05694	0.01776	0.05233	0.09145	0.04465	0.01430	0.01730	0.01133	0.00652	0.00652	0.00201	0.00782	0.00597	0.00389	0.00986
100	0.01625	0.06173	0.04471	0.29230	0.18856	0.07218	0.07651	0.05646	0.06935	0.03921	0.01348	0.01690	0.01039	0.00657	0.00648	0.00204	0.00849	0.00587	0.00368	0.00885
101	0.01719	0.05246	0.01954	0.07990	0.03825	0.24000	0.01361	0.01961	0.03309	0.01642	0.01073	0.01499	0.00960	0.01225	0.07269	0.00298	0.33064	0.00536	0.00321	0.00746
102	0.14865	0.01530	0.01904	0.08589	0.13940	0.08894	0.05547	0.04672	0.03706	0.21468	0.01556	0.01688	0.01128	0.00729	0.00742	0.00209	0.06853	0.00569	0.00489	0.00920
103	0.00811	0.00599	0.00747	0.00851	0.00937	0.00544	0.00583	0.00933	0.01328	0.01722	0.06699	0.54738	0.20808	0.01948	0.00875	0.02670	0.00373	0.01692	0.00605	0.00535
104	0.00957	0.00638	0.00718	0.00718	0.00718	0.00638	0.00399	0.00957	0.00957	0.01276	0.02074	0.04308	0.02393	0.76864	0.03351	0.00638	0.00638	0.00957	0.00399	0.00399
105	0.02051	0.29399	0.02538	0.01458	0.03723	0.06438	0.06497	0.19893	0.04400	0.10364	0.05939	0.01697	0.01403	0.00718	0.00585	0.00179	0.00725	0.00559	0.00489	0.00943
106	0.04383	0.01614	0.02486	0.03536	0.59256	0.03325	0.01849	0.08844	0.04107	0.02383	0.01307	0.01625	0.01069	0.00620	0.00644	0.00196	0.00768	0.00581	0.00374	0.01033
107	0.20556	0.07695	0.07122	0.02385	0.32532	0.06371	0.01457	0.01923	0.01402	0.02208	0.01574	0.05017	0.05690	0.00735	0.00586	0.00197	0.00705	0.00604	0.00370	0.00871

[dist]
# distance from previous block
# <min> <max>
1	23

[block]
# block no. 1 follows, 33 sequences, length 17
# corresponding to MSA columns:
# 176-192
name=unknown_B
#
# <colnr> <probs for GDERKNQSTAVLIFYWHMCP>
#	G	D	E	R	K	N	Q	S	T	A	V	L	I	F	Y	W	H	M	C	P
0	0.04480	0.01948	0.01902	0.01524	0.01971	0.12646	0.01238	0.48385	0.05526	0.05549	0.01499	0.01554	0.01101	0.00803	0.00762	0.00202	0.06741	0.00569	0.00580	0.01021
1	0.01140	0.00789	0.01124	0.01333	0.10839	0.00759	0.00818	0.01245	0.01242	0.04726	0.05297	0.25922	0.02744	0.14714	0.03544	0.13354	0.00573	0.05217	0.00479	0.04141
2	0.00824	0.00588	0.00755	0.00872	0.00937	0.00541	0.00590	0.00917	0.01270	0.01657	0.03938	0.59503	0.15197	0.02015	0.00959	0.06247	0.00388	0.01697	0.00587	0.00520
3	0.05322	0.01275	0.01656	0.11014	0.02114	0.01262	0.01128	0.16215	0.02021	0.47780	0.02151	0.02007	0.01399	0.00782	0.00652	0.00205	0.00633	0.00628	0.00701	0.01055
4	0.01591	0.01478	0.02239	0.35419	0.25651	0.04751	0.04405	0.10685	0.01626	0.02149	0.01243	0.01674	0.00971	0.00687	0.00702	0.02069	0.00843	0.00587	0.00354	0.00877
5	0.00936	0.00632	0.00734	0.00750	0.00764	0.00624	0.00439	0.00970	0.01051	0.01410	0.06574	0.13349	0.02872	0.62904	0.02880	0.00566	0.00586	0.01086	0.00445	0.00429
6	0.01222	0.00685	0.00797	0.00795	0.00948	0.00664	0.00580	0.03694	0.01482	0.07033	0.11037	0.23545	0.02980	0.03533	0.00714	0.00212	0.00369	0.01050	0.38023	0.00636
7	0.01507	0.01628	0.03332	0.16615	0.14704	0.01611	0.46572	0.02014	0.01500	0.02035	0.01287	0.01749	0.00983	0.00579	0.00735	0.00217	0.01014	0.00710	0.00324	0.00883
8	0.00946	0.00643	0.00766	0.00775	0.00793	0.00656	0.00468	0.00984	0.00989	0.01334	0.02128	0.08496	0.02415	0.62788	0.12559	0.00671	0.00771	0.00980	0.00406	0.00432
9	0.01320	0.03405	0.73453	0.01876	0.02849	0.01529	0.02432	0.02085	0.01390	0.02085	0.01181	0.01390	0.00834	0.00625	0.00625	0.00208	0.00973	0.00486	0.00278	0.00973
10	0.00805	0.00642	0.00722	0.00756	0.00920	0.00559	0.00546	0.00977	0.01484	0.01868	0.14683	0.25099	0.45159	0.01731	0.00795	0.00232	0.00343	0.01493	0.00627	0.00559
11	0.09229	0.01805	0.07604	0.09758	0.10484	0.11495	0.04417	0.14664	0.01750	0.09659	0.01398	0.01726	0.01095	0.05500	0.00909	0.00233	0.06373	0.00575	0.00441	0.00886
12	0.02427	0.01644	0.01813	0.01425	0.01922	0.01786	0.01166	0.47184	0.14972	0.15739	0.01949	0.01848	0.01364	0.00813	0.00661	0.00203	0.00660	0.00631	0.00687	0.01106
13	0.01566	0.01498	0.02523	0.03790	0.67417	0.01489	0.01907	0.01940	0.01499	0.02123	0.01642	0.01979	0.06351	0.00667	0.00661	0.00198	0.00749	0.00646	0.00347	0.01007
14	0.00973	0.00699	0.00976	0.01110	0.01225	0.00702	0.00904	0.01214	0.01388	0.01835	0.03319	0.26438	0.03691	0.02264	0.09726	0.00384	0.00682	0.41310	0.00577	0.00584
15	0.01554	0.04358	0.04402	0.01233	0.01812	0.01202	0.06325	0.12448	0.01669	0.02448	0.03985	0.01556	0.01191	0.00581	0.00550	0.00133	0.00592	0.00485	0.00432	0.53043
16	0.04858	0.09291	0.04109	0.04224	0.34521	0.08879	0.04616	0.08430	0.05237	0.07581	0.01379	0.01594	0.01081	0.00646	0.00621	0.00192	0.00790	0.00559	0.00408	0.00981

[dist]
# distance from previous block
# <min> <max>
0	6

[block]
# block no. 2 follows, 33 sequences, length 43
# corresponding to MSA columns:
# 199-241
name=unknown_C
#
# <colnr> <probs for GDERKNQSTAVLIFYWHMCP>
#	G	D	E	R	K	N	Q	S	T	A	V	L	I	F	Y	W	H	M	C	P
0	0.09009	0.21073	0.13967	0.01766	0.12020	0.08583	0.01449	0.12521	0.05833	0.06014	0.01305	0.01428	0.01010	0.00658	0.00565	0.00185	0.00771	0.00490	0.00411	0.00942
1	0.01392	0.10131	0.01534	0.01193	0.01415	0.10620	0.00956	0.05106	0.01318	0.03695	0.01553	0.02169	0.01411	0.05595	0.44976	0.00722	0.04538	0.00623	0.00370	0.00683
2	0.01841	0.28928	0.06195	0.06168	0.14593	0.09209	0.04575	0.12157	0.04622	0.02153	0.01199	0.01405	0.00978	0.00649	0.00610	0.00180	0.02753	0.00497	0.00370	0.00919
3	0.00989	0.00682	0.00874	0.00926	0.01065	0.00636	0.00706	0.01198	0.01498	0.04944	0.18642	0.25065	0.15728	0.06427	0.00983	0.00276	0.00437	0.17704	0.00629	0.00590
4	0.01376	0.01306	0.10425	0.01240	0.01547	0.01180	0.01088	0.13480	0.04934	0.04513	0.01741	0.02396	0.01528	0.10912	0.36605	0.00666	0.03199	0.00682	0.00431	0.00752
5	0.02033	0.05439	0.15484	0.08193	0.06086	0.06067	0.07239	0.24732	0.02053	0.12141	0.01550	0.03348	0.01145	0.00733	0.00652	0.00202	0.00817	0.00605	0.00495	0.00988
6	0.01050	0.00874	0.01325	0.01321	0.04823	0.02821	0.04998	0.01310	0.01130	0.01595	0.01693	0.02455	0.01557	0.04356	0.64410	0.00943	0.01662	0.00696	0.00350	0.00632
7	0.01365	0.01170	0.01365	0.00975	0.01560	0.00878	0.00780	0.01658	0.01365	0.02145	0.01170	0.01365	0.00975	0.00488	0.00488	0.00098	0.00488	0.00390	0.00390	0.80888
8	0.01590	0.15117	0.39078	0.01631	0.02382	0.06915	0.04916	0.02209	0.05710	0.05504	0.01292	0.01442	0.00968	0.00629	0.00588	0.00186	0.00859	0.00488	0.00346	0.08150
9	0.01401	0.03293	0.69919	0.01842	0.02792	0.01501	0.02360	0.02140	0.01414	0.05580	0.01251	0.01432	0.00873	0.00635	0.00627	0.00208	0.00953	0.00495	0.00304	0.00980
10	0.00880	0.00601	0.00751	0.00829	0.00873	0.00569	0.00537	0.00924	0.01159	0.01521	0.03254	0.41052	0.10737	0.22433	0.01710	0.09285	0.00468	0.01427	0.00517	0.00472
11	0.02365	0.02946	0.01872	0.01768	0.04975	0.65886	0.01287	0.02667	0.06931	0.01717	0.01148	0.01298	0.00941	0.00690	0.00602	0.00175	0.01122	0.00454	0.00363	0.00795
12	0.01161	0.00848	0.00996	0.00922	0.01142	0.00856	0.00703	0.01811	0.17642	0.04510	0.43289	0.04184	0.10033	0.01204	0.00722	0.00207	0.00367	0.01040	0.07640	0.00725
13	0.01144	0.00572	0.00858	0.00858	0.00858	0.00572	0.00572	0.00858	0.00858	0.01144	0.01144	0.02001	0.01144	0.02287	0.02573	0.80846	0.00572	0.00572	0.00286	0.00286
14	0.00818	0.00584	0.00782	0.00935	0.00980	0.00548	0.00638	0.00944	0.01276	0.01698	0.03620	0.72247	0.04320	0.02048	0.00844	0.00270	0.00396	0.05904	0.00611	0.00539
15	0.00815	0.00612	0.00757	0.00853	0.00953	0.00555	0.00597	0.00965	0.01381	0.01793	0.09973	0.49840	0.22525	0.01892	0.00821	0.00252	0.00371	0.03875	0.00620	0.00550
16	0.00957	0.00638	0.00718	0.00718	0.00718	0.00638	0.00399	0.00957	0.00957	0.01276	0.02074	0.04308	0.02393	0.76864	0.03351	0.00638	0.00638	0.00957	0.00399	0.00399
17	0.01243	0.01170	0.01975	0.75282	0.04534	0.01463	0.01828	0.01682	0.01316	0.01682	0.01170	0.01755	0.00878	0.00658	0.00658	0.00219	0.00878	0.00585	0.00293	0.00731
18	0.01559	0.01754	0.03739	0.02688	0.03336	0.01663	0.66160	0.02193	0.05802	0.02148	0.01414	0.01817	0.01060	0.00575	0.00770	0.00222	0.01074	0.00775	0.00353	0.00897
19	0.00950	0.00637	0.00713	0.00719	0.00738	0.00629	0.00414	0.00973	0.01012	0.01356	0.02398	0.06890	0.06524	0.67559	0.03025	0.00586	0.00601	0.01004	0.02851	0.00419
20	0.00933	0.00671	0.00873	0.00823	0.00971	0.00622	0.00611	0.01229	0.01822	0.02578	0.69211	0.04890	0.06038	0.04780	0.00894	0.00227	0.00325	0.01180	0.00710	0.00611
21	0.01760	0.77260	0.03450	0.01126	0.01690	0.02605	0.01126	0.01971	0.01338	0.01549	0.00915	0.01056	0.00845	0.00563	0.00422	0.00141	0.00704	0.00352	0.00282	0.00845
22	0.00802	0.00573	0.00764	0.00917	0.00955	0.00535	0.00611	0.00917	0.01260	0.01681	0.03628	0.76434	0.04354	0.02062	0.00840	0.00267	0.00382	0.01872	0.00611	0.00535
23	0.00795	0.00668	0.00691	0.00685	0.00900	0.00563	0.00514	0.00978	0.01541	0.01874	0.13953	0.06179	0.65147	0.01632	0.00778	0.00221	0.00331	0.01367	0.00624	0.00563
24	0.00802	0.00573	0.00764	0.00917	0.00955	0.00535	0.00611	0.00917	0.01260	0.01681	0.03628	0.76434	0.04354	0.02062	0.00840	0.00267	0.00382	0.01872	0.00611	0.00535
25	0.01061	0.00758	0.01061	0.01212	0.01364	0.00758	0.01061	0.01364	0.01515	0.01970	0.03486	0.07426	0.03789	0.01819	0.00909	0.00303	0.00606	0.68326	0.00606	0.00606
26	0.01554	0.01776	0.03885	0.02775	0.03441	0.01665	0.70366	0.02109	0.01554	0.02109	0.01332	0.01776	0.00999	0.00555	0.00777	0.00222	0.01110	0.00777	0.00333	0.00888
27	0.01760	0.77260	0.03450	0.01126	0.01690	0.02605	0.01126	0.01971	0.01338	0.01549	0.00915	0.01056	0.00845	0.00563	0.00422	0.00141	0.00704	0.00352	0.00282	0.00845
28	0.00957	0.00638	0.00718	0.00718	0.00718	0.00638	0.00399	0.00957	0.00957	0.01276	0.02074	0.04308	0.02393	0.76864	0.03351	0.00638	0.00638	0.00957	0.00399	0.00399
29	0.01555	0.13473	0.01575	0.01100	0.01441	0.03409	0.00893	0.04297	0.30266	0.05124	0.11987	0.02664	0.05231	0.00903	0.00613	0.00194	0.00505	0.00733	0.13173	0.00862
30	0.01763	0.01386	0.01492	0.01324	0.01709	0.01573	0.01035	0.03470	0.64905	0.09491	0.02672	0.02436	0.01973	0.00886	0.00669	0.00221	0.00525	0.00736	0.00684	0.01050
31	0.00940	0.00705	0.01058	0.01058	0.01176	0.00823	0.00823	0.01176	0.01058	0.01528	0.01763	0.02586	0.01646	0.04937	0.74255	0.01058	0.01763	0.00705	0.00353	0.00588
32	0.00930	0.00705	0.00878	0.00927	0.01105	0.00653	0.00757	0.01186	0.01592	0.02060	0.20913	0.06444	0.28849	0.01653	0.00831	0.00252	0.00439	0.28597	0.00636	0.00592
33	0.00795	0.00625	0.00718	0.00784	0.00922	0.00549	0.00554	0.00944	0.01408	0.01768	0.07804	0.37402	0.39736	0.01831	0.00806	0.00242	0.00354	0.01596	0.00616	0.00549
34	0.00946	0.00684	0.00948	0.00948	0.01028	0.00763	0.00686	0.01105	0.01025	0.01447	0.01864	0.03143	0.01887	0.28178	0.51345	0.00922	0.01400	0.00787	0.00368	0.00527
35	0.00932	0.00673	0.00880	0.00828	0.00984	0.00621	0.00621	0.01242	0.01863	0.02640	0.72410	0.04918	0.06212	0.01346	0.00776	0.00207	0.00311	0.01191	0.00725	0.00621
36	0.01107	0.00723	0.00957	0.00935	0.01066	0.00761	0.00691	0.03394	0.01300	0.05513	0.10704	0.11231	0.02608	0.14992	0.32398	0.00639	0.01014	0.00919	0.08443	0.00602
37	0.00821	0.00588	0.00768	0.00890	0.00941	0.00549	0.00596	0.00946	0.01298	0.01736	0.09170	0.64183	0.06436	0.06531	0.00986	0.00284	0.00390	0.01747	0.00607	0.00534
38	0.02437	0.01780	0.01905	0.01468	0.01976	0.01968	0.01210	0.66999	0.03007	0.04062	0.01610	0.01626	0.01149	0.00789	0.00648	0.00195	0.00703	0.00594	0.04780	0.01093
39	0.00851	0.00635	0.00763	0.00845	0.00947	0.00585	0.00598	0.00986	0.01316	0.01681	0.04285	0.35121	0.24671	0.13930	0.01233	0.00318	0.00436	0.09695	0.00576	0.00528
40	0.01502	0.01251	0.01439	0.01040	0.01618	0.01018	0.00837	0.09978	0.01574	0.02387	0.01220	0.01391	0.00993	0.00524	0.00508	0.00110	0.00516	0.00415	0.00422	0.71256
41	0.01646	0.07082	0.03939	0.04421	0.19709	0.05580	0.08695	0.08267	0.06329	0.03998	0.01534	0.01845	0.03079	0.01188	0.08668	0.00296	0.09184	0.00618	0.00397	0.03523
42	0.01888	0.08538	0.07484	0.05467	0.06328	0.14382	0.03141	0.15780	0.20304	0.02468	0.01599	0.01712	0.01235	0.00807	0.00745	0.03247	0.02900	0.00577	0.00472	0.00928

[dist]
# distance from previous block
# <min> <max>
0	11

[block]
# block no. 3 follows, 33 sequences, length 41
# corresponding to MSA columns:
# 253-293
name=unknown_D
#
# <colnr> <probs for GDERKNQSTAVLIFYWHMCP>
#	G	D	E	R	K	N	Q	S	T	A	V	L	I	F	Y	W	H	M	C	P
0	0.01344	0.00935	0.01133	0.03009	0.01340	0.00959	0.00826	0.16613	0.01708	0.04728	0.04879	0.21925	0.12919	0.04797	0.03770	0.08973	0.00574	0.08327	0.00570	0.00673
1	0.01093	0.00865	0.01054	0.05651	0.01324	0.00935	0.00770	0.01559	0.14029	0.01935	0.11989	0.08373	0.16646	0.13119	0.07057	0.04233	0.04842	0.00999	0.02887	0.00639
2	0.07462	0.04577	0.01893	0.01583	0.01982	0.42159	0.03416	0.17963	0.06221	0.02367	0.01323	0.01556	0.01068	0.00741	0.00612	0.00186	0.00964	0.02625	0.00442	0.00859
3	0.01130	0.00622	0.00847	0.00829	0.00904	0.00598	0.00577	0.01074	0.01184	0.04090	0.15501	0.05372	0.06962	0.04633	0.01861	0.45802	0.00482	0.00807	0.06290	0.00433
4	0.01550	0.01529	0.04728	0.36810	0.29433	0.04227	0.01847	0.08211	0.01571	0.02095	0.01228	0.01659	0.00959	0.00643	0.00652	0.00206	0.00843	0.00577	0.00340	0.00892
5	0.01614	0.01213	0.01348	0.01157	0.01486	0.01294	0.00915	0.23139	0.17743	0.04739	0.20310	0.03516	0.10975	0.03763	0.00809	0.00229	0.00518	0.03702	0.00665	0.00866
6	0.09340	0.00783	0.00935	0.00914	0.01090	0.00777	0.00668	0.03721	0.01347	0.09575	0.05163	0.25059	0.12915	0.07840	0.08858	0.08128	0.00601	0.01131	0.00542	0.00613
7	0.00976	0.00671	0.00862	0.00916	0.01021	0.00635	0.00642	0.03930	0.01497	0.04289	0.19999	0.49981	0.06239	0.03996	0.00884	0.00258	0.00391	0.01578	0.00640	0.00595
8	0.81514	0.01273	0.00968	0.00866	0.01273	0.01477	0.00713	0.01935	0.01120	0.02954	0.00917	0.01069	0.00713	0.00611	0.00407	0.00204	0.00509	0.00356	0.00407	0.00713
9	0.00998	0.00780	0.00916	0.00899	0.01088	0.00762	0.00678	0.01482	0.12401	0.02263	0.31668	0.12458	0.21682	0.03417	0.00843	0.00237	0.00384	0.05730	0.00660	0.00654
10	0.04177	0.00887	0.01050	0.00963	0.01207	0.00857	0.00734	0.10160	0.01734	0.13019	0.16601	0.19588	0.16830	0.05582	0.00893	0.00248	0.00456	0.03642	0.00650	0.00718
11	0.00967	0.00691	0.00953	0.01105	0.01215	0.00677	0.00897	0.01201	0.01423	0.01865	0.03538	0.32525	0.03994	0.01907	0.00884	0.00290	0.00525	0.44156	0.00608	0.00580
12	0.00804	0.00655	0.00712	0.00726	0.00912	0.00563	0.00534	0.00985	0.01521	0.01893	0.16038	0.15940	0.53075	0.01675	0.00787	0.00226	0.00337	0.01427	0.00628	0.00563
13	0.00831	0.00597	0.00784	0.00898	0.00961	0.00557	0.00615	0.00977	0.01351	0.01814	0.13309	0.59815	0.06920	0.04228	0.00908	0.00270	0.00384	0.03614	0.00620	0.00545
14	0.00934	0.00629	0.00725	0.00747	0.00753	0.00623	0.00430	0.00951	0.01002	0.01336	0.02303	0.14942	0.02682	0.65836	0.02981	0.00584	0.00600	0.01092	0.00430	0.00419
15	0.02459	0.03138	0.01866	0.01696	0.02035	0.74221	0.01272	0.02629	0.01866	0.01611	0.01018	0.01187	0.00848	0.00678	0.00594	0.00170	0.01187	0.00424	0.00339	0.00763
16	0.00933	0.00688	0.00795	0.00758	0.00963	0.00601	0.00572	0.01167	0.01675	0.05048	0.35265	0.05549	0.40624	0.01492	0.00773	0.00215	0.00333	0.01273	0.00669	0.00607
17	0.01144	0.00572	0.00858	0.00858	0.00858	0.00572	0.00572	0.00858	0.00858	0.01144	0.01144	0.02001	0.01144	0.02287	0.02573	0.80846	0.00572	0.00572	0.00286	0.00286
18	0.01023	0.00694	0.00902	0.00838	0.01013	0.00635	0.00633	0.01325	0.01850	0.06001	0.66351	0.04847	0.08713	0.01334	0.00771	0.00208	0.00324	0.01173	0.00724	0.00643
19	0.01629	0.01564	0.02672	0.04041	0.72757	0.01564	0.02020	0.02020	0.01499	0.02151	0.01238	0.01629	0.01043	0.00587	0.00652	0.00196	0.00782	0.00587	0.00326	0.01043
20	0.00838	0.00639	0.00775	0.00846	0.00978	0.00577	0.00620	0.01017	0.01453	0.01872	0.13734	0.34439	0.29174	0.01800	0.00817	0.00247	0.00379	0.08609	0.00626	0.00561
21	0.01760	0.77260	0.03450	0.01126	0.01690	0.02605	0.01126	0.01971	0.01338	0.01549	0.00915	0.01056	0.00845	0.00563	0.00422	0.00141	0.00704	0.00352	0.00282	0.00845
22	0.02954	0.01120	0.01528	0.01171	0.01681	0.00968	0.00968	0.03208	0.01884	0.73213	0.02597	0.02241	0.01630	0.00815	0.00662	0.00204	0.00560	0.00662	0.00815	0.01120
23	0.01440	0.01440	0.02016	0.01728	0.01728	0.02016	0.01440	0.01584	0.01008	0.01584	0.00864	0.01440	0.00864	0.01152	0.02160	0.00288	0.75659	0.00576	0.00288	0.00720
24	0.01365	0.01235	0.01975	0.68166	0.04294	0.01518	0.01773	0.08326	0.01488	0.01920	0.01210	0.01738	0.00901	0.00671	0.00658	0.00217	0.00863	0.00586	0.00328	0.00769
25	0.00932	0.00673	0.00880	0.00828	0.00984	0.00621	0.00621	0.01242	0.01863	0.02640	0.72410	0.04918	0.06212	0.01346	0.00776	0.00207	0.00311	0.01191	0.00725	0.00621
26	0.00924	0.00673	0.00870	0.00820	0.00979	0.00618	0.00615	0.01228	0.01846	0.02598	0.69246	0.04986	0.09401	0.01361	0.00777	0.00208	0.00312	0.01200	0.00719	0.00618
27	0.01629	0.01564	0.02672	0.04041	0.72757	0.01564	0.02020	0.02020	0.01499	0.02151	0.01238	0.01629	0.01043	0.00587	0.00652	0.00196	0.00782	0.00587	0.00326	0.01043
28	0.01760	0.77260	0.03450	0.01126	0.01690	0.02605	0.01126	0.01971	0.01338	0.01549	0.00915	0.01056	0.00845	0.00563	0.00422	0.00141	0.00704	0.00352	0.00282	0.00845
29	0.00944	0.00691	0.00985	0.00985	0.01077	0.00783	0.00732	0.01129	0.01036	0.01474	0.01830	0.02956	0.01806	0.20379	0.59032	0.00968	0.01522	0.00759	0.00363	0.00547
30	0.02954	0.01120	0.01528	0.01171	0.01681	0.00968	0.00968	0.03208	0.01884	0.73213	0.02597	0.02241	0.01630	0.00815	0.00662	0.00204	0.00560	0.00662	0.00815	0.01120
31	0.01144	0.00572	0.00858	0.00858	0.00858	0.00572	0.00572	0.00858	0.00858	0.01144	0.01144	0.02001	0.01144	0.02287	0.02573	0.80846	0.00572	0.00572	0.00286	0.00286
32	0.00940	0.00705	0.01058	0.01058	0.01176	0.00823	0.00823	0.01176	0.01058	0.01528	0.01763	0.02586	0.01646	0.04937	0.74255	0.01058	0.01763	0.00705	0.00353	0.00588
33	0.01144	0.00572	0.00858	0.00858	0.00858	0.00572	0.00572	0.00858	0.00858	0.01144	0.01144	0.02001	0.01144	0.02287	0.02573	0.80846	0.00572	0.00572	0.00286	0.00286
34	0.81514	0.01273	0.00968	0.00866	0.01273	0.01477	0.00713	0.01935	0.01120	0.02954	0.00917	0.01069	0.00713	0.00611	0.00407	0.00204	0.00509	0.00356	0.00407	0.00713
35	0.01726	0.74072	0.03343	0.01114	0.01660	0.02522	0.01105	0.01941	0.01360	0.01594	0.03891	0.01217	0.01068	0.00596	0.00437	0.00144	0.00688	0.00387	0.00300	0.00836
36	0.00957	0.00638	0.00718	0.00718	0.00718	0.00638	0.00399	0.00957	0.00957	0.01276	0.02074	0.04308	0.02393	0.76864	0.03351	0.00638	0.00638	0.00957	0.00399	0.00399
37	0.00957	0.00638	0.00718	0.00718	0.00718	0.00638	0.00399	0.00957	0.00957	0.01276	0.02074	0.04308	0.02393	0.76864	0.03351	0.00638	0.00638	0.00957	0.00399	0.00399
38	0.00955	0.00646	0.00759	0.00759	0.00773	0.00660	0.00450	0.00984	0.00969	0.01307	0.02037	0.04102	0.02304	0.68236	0.11856	0.00689	0.00773	0.00927	0.00393	0.00422
39	0.00827	0.00583	0.00756	0.00885	0.00917	0.00551	0.00577	0.00923	0.01211	0.01615	0.03377	0.64780	0.04037	0.14149	0.01246	0.00327	0.00423	0.01724	0.00577	0.00513
40	0.01401	0.01781	0.12043	0.02357	0.02958	0.01462	0.50431	0.01910	0.01485	0.02035	0.01691	0.14001	0.01530	0.00812	0.00768	0.00228	0.00973	0.00921	0.00372	0.00840

[dist]
# distance from previous block
# <min> <max>
0	1

[block]
# block no. 4 follows, 33 sequences, length 69
# corresponding to MSA columns:
# 295-363
name=unknown_E
#
# <colnr> <probs for GDERKNQSTAVLIFYWHMCP>
#	G	D	E	R	K	N	Q	S	T	A	V	L	I	F	Y	W	H	M	C	P
0	0.01758	0.50431	0.18956	0.01374	0.01998	0.12256	0.01440	0.02088	0.01422	0.01678	0.00989	0.01149	0.00843	0.00593	0.00492	0.00160	0.00831	0.00392	0.00289	0.00862
1	0.02519	0.01759	0.01916	0.01475	0.01995	0.01923	0.01217	0.61775	0.05202	0.10879	0.01716	0.01674	0.01199	0.00796	0.00659	0.00199	0.00702	0.00604	0.00674	0.01117
2	0.01620	0.05963	0.40210	0.02142	0.12341	0.15038	0.06085	0.02235	0.04573	0.02015	0.01223	0.01442	0.00927	0.00635	0.00626	0.00198	0.00963	0.00512	0.00317	0.00937
3	0.00802	0.00573	0.00764	0.00917	0.00955	0.00535	0.00611	0.00917	0.01260	0.01681	0.03628	0.76434	0.04354	0.02062	0.00840	0.00267	0.00382	0.01872	0.00611	0.00535
4	0.00919	0.00715	0.00841	0.00802	0.00994	0.00659	0.00603	0.01272	0.05887	0.02342	0.45029	0.05272	0.29379	0.01432	0.00771	0.00213	0.00331	0.01234	0.00681	0.00623
5	0.00957	0.00638	0.00718	0.00718	0.00718	0.00638	0.00399	0.00957	0.00957	0.01276	0.02074	0.04308	0.02393	0.76864	0.03351	0.00638	0.00638	0.00957	0.00399	0.00399
6	0.01760	0.77260	0.03450	0.01126	0.01690	0.02605	0.01126	0.01971	0.01338	0.01549	0.00915	0.01056	0.00845	0.00563	0.00422	0.00141	0.00704	0.00352	0.00282	0.00845
7	0.77986	0.01247	0.00964	0.00864	0.01260	0.01439	0.00709	0.01905	0.01153	0.02940	0.04046	0.01238	0.00954	0.00643	0.00424	0.00204	0.00501	0.00393	0.00421	0.00709
8	0.00945	0.00670	0.00868	0.00819	0.00974	0.00621	0.00614	0.01255	0.01842	0.02632	0.69334	0.04810	0.06014	0.01321	0.00763	0.00205	0.00310	0.01165	0.04218	0.00621
9	0.00957	0.00638	0.00718	0.00718	0.00718	0.00638	0.00399	0.00957	0.00957	0.01276	0.02074	0.04308	0.02393	0.76864	0.03351	0.00638	0.00638	0.00957	0.00399	0.00399
10	0.02459	0.03138	0.01866	0.01696	0.02035	0.74221	0.01272	0.02629	0.01866	0.01611	0.01018	0.01187	0.00848	0.00678	0.00594	0.00170	0.01187	0.00424	0.00339	0.00763
11	0.00795	0.00668	0.00691	0.00685	0.00900	0.00563	0.00514	0.00978	0.01541	0.01875	0.14051	0.06176	0.65048	0.01631	0.00778	0.00221	0.00331	0.01367	0.00624	0.00563
12	0.02329	0.01709	0.01834	0.01425	0.01893	0.01884	0.01156	0.62746	0.02855	0.03826	0.01636	0.01887	0.01263	0.09333	0.00961	0.00247	0.00715	0.00634	0.00629	0.01039
13	0.01365	0.01170	0.01365	0.00975	0.01560	0.00878	0.00780	0.01658	0.01365	0.02145	0.01170	0.01365	0.00975	0.00488	0.00488	0.00098	0.00488	0.00390	0.00390	0.80888
14	0.01440	0.01440	0.02016	0.01728	0.01728	0.02016	0.01440	0.01584	0.01008	0.01584	0.00864	0.01440	0.00864	0.01152	0.02160	0.00288	0.75659	0.00576	0.00288	0.00720
15	0.01365	0.01170	0.01365	0.00975	0.01560	0.00878	0.00780	0.01658	0.01365	0.02145	0.01170	0.01365	0.00975	0.00488	0.00488	0.00098	0.00488	0.00390	0.00390	0.80888
16	0.01061	0.00758	0.01061	0.01212	0.01364	0.00758	0.01061	0.01364	0.01515	0.01970	0.03486	0.07426	0.03789	0.01819	0.00909	0.00303	0.00606	0.68326	0.00606	0.00606
17	0.00940	0.00705	0.01058	0.01058	0.01176	0.00823	0.00823	0.01176	0.01058	0.01528	0.01763	0.02586	0.01646	0.04937	0.74255	0.01058	0.01763	0.00705	0.00353	0.00588
18	0.02503	0.01844	0.01976	0.01515	0.02042	0.02042	0.01251	0.70562	0.03095	0.04149	0.01581	0.01581	0.01120	0.00790	0.00659	0.00198	0.00724	0.00593	0.00659	0.01120
19	0.00778	0.00667	0.00667	0.00667	0.00889	0.00556	0.00500	0.00945	0.01501	0.01778	0.06669	0.06336	0.72490	0.01667	0.00778	0.00222	0.00333	0.01389	0.00611	0.00556
20	0.81514	0.01273	0.00968	0.00866	0.01273	0.01477	0.00713	0.01935	0.01120	0.02954	0.00917	0.01069	0.00713	0.00611	0.00407	0.00204	0.00509	0.00356	0.00407	0.00713
21	0.00940	0.00705	0.01058	0.01058	0.01176	0.00823	0.00823	0.01176	0.01058	0.01528	0.01763	0.02586	0.01646	0.04937	0.74255	0.01058	0.01763	0.00705	0.00353	0.00588
22	0.00973	0.00682	0.00881	0.00982	0.01095	0.00649	0.00730	0.03383	0.01422	0.03834	0.03842	0.48581	0.11696	0.01887	0.00838	0.00266	0.00443	0.16610	0.00617	0.00589
23	0.81514	0.01273	0.00968	0.00866	0.01273	0.01477	0.00713	0.01935	0.01120	0.02954	0.00917	0.01069	0.00713	0.00611	0.00407	0.00204	0.00509	0.00356	0.00407	0.00713
24	0.00940	0.00705	0.01058	0.01058	0.01176	0.00823	0.00823	0.01176	0.01058	0.01528	0.01763	0.02586	0.01646	0.04937	0.74255	0.01058	0.01763	0.00705	0.00353	0.00588
25	0.00940	0.00705	0.01058	0.01058	0.01176	0.00823	0.00823	0.01176	0.01058	0.01528	0.01763	0.02586	0.01646	0.04937	0.74255	0.01058	0.01763	0.00705	0.00353	0.00588
26	0.81514	0.01273	0.00968	0.00866	0.01273	0.01477	0.00713	0.01935	0.01120	0.02954	0.00917	0.01069	0.00713	0.00611	0.00407	0.00204	0.00509	0.00356	0.00407	0.00713
27	0.00821	0.00587	0.00780	0.00904	0.00959	0.00547	0.00613	0.00963	0.01347	0.01818	0.13455	0.66217	0.04620	0.01960	0.00831	0.00259	0.00372	0.01774	0.00627	0.00547
