[name]
unknown

[dist]
# distance from previous block
# <min> <max>
15	60

[block]
# block no. 0 follows, 33 sequences, length 45
# corresponding to MSA columns:
# 87-131
name=unknown_A
#
# <colnr> <probs for GDERKNQSTAVLIFYWHMCP>
#	G	D	E	R	K	N	Q	S	T	A	V	L	I	F	Y	W	H	M	C	P
0	0.06185	0.01831	0.10230	0.05272	0.07766	0.04504	0.01388	0.34117	0.02268	0.10405	0.06118	0.01810	0.01413	0.00784	0.00689	0.00203	0.02859	0.00606	0.00554	0.00999
1	0.14106	0.01353	0.03412	0.01521	0.09537	0.03242	0.03910	0.10566	0.07607	0.18207	0.05696	0.07456	0.07095	0.00913	0.00647	0.00207	0.00601	0.00759	0.00577	0.02587
2	0.10657	0.01588	0.10016	0.01519	0.06950	0.03182	0.04286	0.13129	0.11307	0.13670	0.07597	0.04245	0.07249	0.00884	0.00655	0.00209	0.00639	0.00729	0.00566	0.00925
3	0.01490	0.10006	0.01548	0.00984	0.01501	0.01049	0.00811	0.01767	0.01467	0.08641	0.08899	0.01964	0.04227	0.00660	0.00537	0.00128	0.00495	0.00531	0.00459	0.52835
4	0.01549	0.02011	0.19318	0.03283	0.45969	0.01570	0.09323	0.02109	0.04510	0.02157	0.01297	0.01625	0.01031	0.00606	0.00660	0.00203	0.00850	0.00590	0.00330	0.01010
5	0.01122	0.09874	0.03990	0.03347	0.13581	0.01060	0.01026	0.01402	0.04396	0.01807	0.02713	0.47068	0.03064	0.01498	0.00740	0.00235	0.00527	0.01344	0.00507	0.00701
6	0.01702	0.10234	0.01672	0.01259	0.01653	0.01644	0.01013	0.04764	0.52420	0.06868	0.02615	0.02440	0.05122	0.00880	0.00640	0.00210	0.00536	0.00717	0.02621	0.00992
7	0.11100	0.68361	0.03159	0.01096	0.01641	0.02473	0.01078	0.01967	0.01312	0.01713	0.00915	0.01058	0.00829	0.00569	0.00421	0.00148	0.00681	0.00353	0.00296	0.00829
8	0.00944	0.00730	0.00975	0.09522	0.01384	0.00709	0.00744	0.01247	0.01742	0.02392	0.53733	0.04770	0.16006	0.01316	0.00763	0.00211	0.00381	0.01151	0.00656	0.00624
9	0.00838	0.00593	0.00771	0.00880	0.00926	0.00559	0.00584	0.00960	0.01290	0.01739	0.11475	0.58387	0.04309	0.12009	0.01169	0.00310	0.00408	0.01669	0.00596	0.00527
10	0.00893	0.09637	0.00993	0.00721	0.00983	0.00796	0.00574	0.01065	0.01481	0.01752	0.05995	0.05717	0.64100	0.01538	0.00736	0.00213	0.00377	0.01268	0.00573	0.00590
11	0.00968	0.00731	0.01008	0.09547	0.01399	0.00720	0.00763	0.01294	0.01799	0.02528	0.64067	0.04547	0.05587	0.01265	0.00763	0.00209	0.00377	0.01120	0.00674	0.00634
12	0.81514	0.01273	0.00968	0.00866	0.01273	0.01477	0.00713	0.01935	0.01120	0.02954	0.00917	0.01069	0.00713	0.00611	0.00407	0.00204	0.00509	0.00356	0.00407	0.00713
13	0.72114	0.01261	0.01086	0.09580	0.01655	0.01475	0.00844	0.01906	0.01143	0.02805	0.00946	0.01150	0.00732	0.00617	0.00437	0.00206	0.00552	0.00383	0.00394	0.00715
14	0.81514	0.01273	0.00968	0.00866	0.01273	0.01477	0.00713	0.01935	0.01120	0.02954	0.00917	0.01069	0.00713	0.00611	0.00407	0.00204	0.00509	0.00356	0.00407	0.00713
15	0.01365	0.01170	0.01365	0.00975	0.01560	0.00878	0.00780	0.01658	0.01365	0.02145	0.01170	0.01365	0.00975	0.00488	0.00488	0.00098	0.00488	0.00390	0.00390	0.80888
16	0.02954	0.01120	0.01528	0.01171	0.01681	0.00968	0.00968	0.03208	0.01884	0.73213	0.02597	0.02241	0.01630	0.00815	0.00662	0.00204	0.00560	0.00662	0.00815	0.01120
17	0.81514	0.01273	0.00968	0.00866	0.01273	0.01477	0.00713	0.01935	0.01120	0.02954	0.00917	0.01069	0.00713	0.00611	0.00407	0.00204	0.00509	0.00356	0.00407	0.00713
18	0.00802	0.00573	0.00764	0.00917	0.00955	0.00535	0.00611	0.00917	0.01260	0.01681	0.03628	0.76434	0.04354	0.02062	0.00840	0.00267	0.00382	0.01872	0.00611	0.00535
19	0.04488	0.01428	0.01492	0.01331	0.01711	0.01649	0.01040	0.06381	0.66088	0.02822	0.02569	0.02369	0.01925	0.00879	0.00660	0.00221	0.00530	0.00724	0.00660	0.01034
20	0.00807	0.00575	0.00762	0.00910	0.00947	0.00538	0.00604	0.00918	0.01250	0.01667	0.03575	0.73932	0.04286	0.04658	0.00927	0.00280	0.00391	0.01840	0.00604	0.00530
21	0.02954	0.01120	0.01528	0.01171	0.01681	0.00968	0.00968	0.03208	0.01884	0.73213	0.02597	0.02241	0.01630	0.00815	0.00662	0.00204	0.00560	0.00662	0.00815	0.01120
22	0.02574	0.01234	0.01538	0.01233	0.01706	0.01200	0.01001	0.06442	0.20911	0.50797	0.02572	0.02268	0.01709	0.00835	0.00664	0.00209	0.00557	0.00681	0.00768	0.01099
23	0.13250	0.01229	0.01498	0.01174	0.01665	0.01177	0.00967	0.10000	0.05172	0.53485	0.02274	0.02028	0.01473	0.00789	0.00628	0.00204	0.00569	0.00618	0.00738	0.01063
24	0.00780	0.00660	0.00674	0.00686	0.00894	0.00554	0.00509	0.00943	0.01482	0.01771	0.06439	0.11647	0.67327	0.01697	0.00783	0.00226	0.00337	0.01426	0.00611	0.00554
25	0.01605	0.01560	0.02726	0.07424	0.64433	0.01566	0.06937	0.02010	0.01494	0.02125	0.01242	0.01646	0.01032	0.00588	0.00661	0.00199	0.00810	0.00600	0.00325	0.01016
26	0.02040	0.01968	0.02185	0.01755	0.02219	0.18246	0.15662	0.17782	0.23682	0.04937	0.01774	0.01825	0.01325	0.00748	0.00672	0.00204	0.00842	0.00642	0.00526	0.00966
27	0.02432	0.01963	0.01926	0.01523	0.02016	0.10464	0.01238	0.57525	0.08140	0.03746	0.01598	0.01601	0.01155	0.00785	0.00652	0.00196	0.00763	0.00584	0.00622	0.01072
28	0.01446	0.01230	0.01440	0.01050	0.01601	0.01015	0.00846	0.06338	0.01464	0.02253	0.01182	0.01384	0.00979	0.00542	0.00585	0.00114	0.04348	0.00413	0.00403	0.71366
29	0.01411	0.01529	0.09840	0.01930	0.11752	0.01498	0.08603	0.01874	0.07265	0.04311	0.09937	0.02329	0.05442	0.01160	0.04841	0.00277	0.24033	0.00727	0.00417	0.00823
30	0.00802	0.00573	0.00764	0.00917	0.00955	0.00535	0.00611	0.00917	0.01260	0.01681	0.03628	0.76434	0.04354	0.02062	0.00840	0.00267	0.00382	0.01872	0.00611	0.00535
31	0.02240	0.01652	0.02275	0.05835	0.14360	0.03726	0.11094	0.31008	0.02250	0.16413	0.01643	0.01739	0.01166	0.00717	0.00673	0.00202	0.00778	0.00626	0.00558	0.01044
32	0.12826	0.17007	0.02243	0.01682	0.07708	0.06933	0.03248	0.06792	0.03174	0.02045	0.01035	0.01355	0.00905	0.00828	0.01145	0.00221	0.29190	0.00502	0.00348	0.00816
33	0.00849	0.00605	0.00801	0.00900	0.00951	0.00589	0.00608	0.00976	0.01240	0.01678	0.08232	0.52758	0.03907	0.12505	0.09774	0.00406	0.00573	0.01561	0.00560	0.00529
34	0.01985	0.10597	0.02263	0.04066	0.23253	0.07886	0.01428	0.26235	0.03864	0.02749	0.01352	0.01530	0.01060	0.00670	0.00607	0.00181	0.00751	0.00538	0.02137	0.06849
35	0.01586	0.01360	0.01444	0.01302	0.01659	0.01563	0.01011	0.03333	0.66467	0.02746	0.07782	0.02636	0.02317	0.00926	0.00678	0.00222	0.00506	0.00777	0.00674	0.01011
36	0.01434	0.01201	0.01314	0.01193	0.01502	0.01345	0.00921	0.02849	0.51520	0.02721	0.22735	0.03164	0.03218	0.01023	0.00701	0.00219	0.00460	0.00873	0.00686	0.00921
37	0.00802	0.00573	0.00764	0.00917	0.00955	0.00535	0.00611	0.00917	0.01260	0.01681	0.03628	0.76434	0.04354	0.02062	0.00840	0.00267	0.00382	0.01872	0.00611	0.00535
38	0.00925	0.00673	0.00871	0.00821	0.00979	0.00618	0.00616	0.01229	0.01848	0.02602	0.69530	0.04980	0.09115	0.01360	0.00777	0.00208	0.00312	0.01199	0.00720	0.00618
39	0.01676	0.63168	0.16807	0.01270	0.01911	0.02400	0.01376	0.01993	0.01348	0.01651	0.00966	0.01120	0.00843	0.00575	0.00461	0.00154	0.00755	0.00378	0.00281	0.00869
40	0.24975	0.01188	0.01359	0.01118	0.01563	0.01182	0.00929	0.08396	0.01733	0.40077	0.02126	0.02387	0.01549	0.00859	0.00615	0.00213	0.00564	0.07548	0.00665	0.00952
41	0.44914	0.01285	0.01341	0.01100	0.01529	0.01383	0.04471	0.11055	0.01612	0.15358	0.08694	0.01776	0.01509	0.00743	0.00542	0.00204	0.00557	0.00549	0.00540	0.00837
42	0.01833	0.53160	0.02925	0.01279	0.04062	0.06058	0.01137	0.09994	0.01579	0.01946	0.01039	0.01179	0.00899	0.00588	0.00474	0.00146	0.00709	0.00396	0.00343	0.10253
43	0.00842	0.00626	0.00791	0.00913	0.00987	0.00593	0.00622	0.01052	0.04880	0.01745	0.03890	0.65491	0.11194	0.01962	0.00825	0.00261	0.00384	0.01765	0.00614	0.00563
44	0.01696	0.01480	0.02102	0.02605	0.34458	0.01553	0.03170	0.14279	0.16693	0.02597	0.02055	0.02480	0.05122	0.00835	0.00686	0.00212	0.00688	0.05800	0.00494	0.00994

[dist]
# distance from previous block
# <min> <max>
1	2

[block]
# block no. 1 follows, 33 sequences, length 33
# corresponding to MSA columns:
# 134-166
name=unknown_B
#
# <colnr> <probs for GDERKNQSTAVLIFYWHMCP>
#	G	D	E	R	K	N	Q	S	T	A	V	L	I	F	Y	W	H	M	C	P
0	0.00922	0.00713	0.00847	0.00838	0.01009	0.00668	0.00618	0.01280	0.07190	0.02237	0.36224	0.17473	0.24486	0.01525	0.00779	0.00223	0.00346	0.01329	0.00668	0.00621
1	0.17676	0.01260	0.01509	0.06076	0.04232	0.01289	0.01037	0.10999	0.07717	0.35332	0.02058	0.04852	0.01462	0.00811	0.00620	0.00208	0.00588	0.00642	0.00646	0.00984
2	0.10453	0.10582	0.07690	0.05386	0.08089	0.06854	0.09135	0.13083	0.01684	0.02419	0.01193	0.01409	0.00938	0.00608	0.00573	0.00173	0.00757	0.00495	0.00394	0.18087
3	0.00957	0.00638	0.00718	0.00718	0.00718	0.00638	0.00399	0.00957	0.00957	0.01276	0.02074	0.04308	0.02393	0.76864	0.03351	0.00638	0.00638	0.00957	0.00399	0.00399
4	0.00995	0.00787	0.01180	0.04841	0.01388	0.00949	0.00922	0.01233	0.01067	0.01540	0.01663	0.02454	0.01546	0.04424	0.64881	0.00955	0.07536	0.00689	0.00345	0.00605
5	0.01906	0.35847	0.02672	0.05304	0.07376	0.17392	0.01309	0.08758	0.01593	0.01873	0.01033	0.01259	0.00891	0.00685	0.00714	0.00178	0.09579	0.00446	0.00335	0.00849
6	0.02184	0.14133	0.05785	0.01717	0.06391	0.25500	0.04379	0.25226	0.02123	0.02555	0.01257	0.01396	0.00979	0.00687	0.00598	0.00180	0.00893	0.00503	0.02590	0.00925
7	0.01365	0.01170	0.01365	0.00975	0.01560	0.00878	0.00780	0.01658	0.01365	0.02145	0.01170	0.01365	0.00975	0.00488	0.00488	0.00098	0.00488	0.00390	0.00390	0.80888
8	0.01418	0.01201	0.01393	0.01000	0.01582	0.00931	0.00802	0.04849	0.01445	0.02238	0.01189	0.01375	0.00982	0.00502	0.00495	0.00102	0.00499	0.00399	0.00402	0.77194
9	0.01628	0.23909	0.27330	0.01632	0.05539	0.01753	0.06069	0.03725	0.06083	0.07655	0.01613	0.01720	0.04610	0.00685	0.00588	0.00187	0.00779	0.00547	0.00382	0.03566
10	0.04015	0.04439	0.13090	0.01862	0.10373	0.14997	0.07880	0.06076	0.03274	0.01975	0.01344	0.01784	0.01140	0.04226	0.14847	0.02545	0.04384	0.00583	0.00356	0.00809
11	0.00949	0.00672	0.00887	0.00887	0.00946	0.00730	0.00610	0.01066	0.01007	0.01402	0.01920	0.03452	0.02022	0.41088	0.38618	0.00847	0.01198	0.00832	0.00376	0.00493
12	0.01656	0.01470	0.01761	0.01507	0.01848	0.01726	0.05628	0.07434	0.51266	0.02614	0.02229	0.02192	0.01703	0.00906	0.00915	0.00232	0.12631	0.00710	0.00586	0.00985
13	0.02459	0.03138	0.01866	0.01696	0.02035	0.74221	0.01272	0.02629	0.01866	0.01611	0.01018	0.01187	0.00848	0.00678	0.00594	0.00170	0.01187	0.00424	0.00339	0.00763
14	0.01243	0.01170	0.01975	0.75282	0.04534	0.01463	0.01828	0.01682	0.01316	0.01682	0.01170	0.01755	0.00878	0.00658	0.00658	0.00219	0.00878	0.00585	0.00293	0.00731
15	0.00902	0.00672	0.00838	0.00797	0.00965	0.00608	0.00597	0.01184	0.01792	0.02471	0.59531	0.05195	0.19195	0.01409	0.00777	0.00210	0.00315	0.01230	0.00702	0.00608
16	0.00860	0.00670	0.00781	0.00753	0.00940	0.00591	0.00565	0.01104	0.01695	0.02240	0.41921	0.05575	0.36950	0.01495	0.00777	0.00214	0.00321	0.01283	0.00672	0.00591
17	0.02497	0.02000	0.01962	0.01537	0.02041	0.10754	0.01254	0.62362	0.02947	0.03843	0.01513	0.01533	0.01087	0.00777	0.00651	0.00194	0.00780	0.00572	0.00620	0.01077
18	0.00827	0.00602	0.00780	0.00877	0.00955	0.00554	0.00604	0.00987	0.01406	0.01888	0.18194	0.55667	0.10464	0.01880	0.00822	0.00251	0.00363	0.01689	0.00635	0.00554
19	0.01672	0.01486	0.01504	0.01354	0.01725	0.04645	0.01052	0.03462	0.68680	0.02707	0.02611	0.02404	0.01961	0.00884	0.00667	0.00221	0.00549	0.00731	0.00656	0.01030
20	0.04181	0.01375	0.01475	0.03032	0.01709	0.05856	0.00911	0.06817	0.06036	0.02289	0.01268	0.01443	0.01029	0.00580	0.00580	0.00131	0.03225	0.00440	0.00419	0.57204
21	0.01474	0.01484	0.02683	0.11355	0.15979	0.01390	0.28742	0.01907	0.01459	0.02075	0.01247	0.01625	0.00985	0.00554	0.00654	0.00180	0.00837	0.00604	0.00343	0.24420
22	0.02458	0.01760	0.01905	0.01477	0.01990	0.01937	0.01215	0.60437	0.08882	0.08521	0.01741	0.01699	0.01229	0.00801	0.00660	0.00200	0.00696	0.00610	0.00670	0.01113
23	0.01222	0.01113	0.01795	0.11361	0.31367	0.01118	0.03633	0.01514	0.01414	0.01906	0.02732	0.22687	0.13103	0.01164	0.00728	0.00223	0.00626	0.01067	0.00444	0.00785
24	0.01663	0.08554	0.06654	0.09585	0.16264	0.12805	0.06657	0.05366	0.01520	0.01973	0.05740	0.01692	0.01265	0.00784	0.00955	0.00212	0.16528	0.00586	0.00353	0.00844
25	0.00957	0.00638	0.00718	0.00718	0.00718	0.00638	0.00399	0.00957	0.00957	0.01276	0.02074	0.04308	0.02393	0.76864	0.03351	0.00638	0.00638	0.00957	0.00399	0.00399
26	0.00798	0.00590	0.00746	0.00871	0.00943	0.00539	0.00591	0.00922	0.01304	0.01698	0.04180	0.63713	0.16719	0.01991	0.00829	0.00259	0.00373	0.01784	0.00611	0.00539
27	0.01465	0.02834	0.51993	0.01955	0.05186	0.01532	0.09436	0.02299	0.09597	0.05313	0.01436	0.01601	0.01031	0.00656	0.00649	0.00211	0.00910	0.00559	0.00355	0.00981
28	0.07855	0.14844	0.14805	0.01808	0.04677	0.19730	0.12888	0.04636	0.04813	0.02026	0.01169	0.01392	0.00931	0.00662	0.00684	0.00194	0.05167	0.00511	0.00346	0.00863
29	0.01602	0.01565	0.02042	0.22405	0.24462	0.08760	0.01595	0.02396	0.21476	0.02123	0.01597	0.01850	0.01248	0.00722	0.00704	0.00211	0.03294	0.00615	0.00415	0.00919
30	0.01524	0.00787	0.01040	0.00950	0.01189	0.00703	0.00720	0.01756	0.01687	0.24525	0.28111	0.23226	0.08319	0.01389	0.00758	0.00223	0.00409	0.01218	0.00716	0.00751
31	0.67871	0.01411	0.01128	0.01054	0.03762	0.06825	0.00815	0.02072	0.01238	0.07397	0.01044	0.01173	0.00794	0.00629	0.00446	0.00201	0.00572	0.00389	0.00426	0.00754
32	0.01510	0.00804	0.01049	0.00913	0.01179	0.00716	0.00711	0.01789	0.01833	0.23259	0.45341	0.04274	0.11508	0.01222	0.00743	0.00208	0.00386	0.01055	0.00740	0.00761

[dist]
# distance from previous block
# <min> <max>
0	2

[block]
# block no. 2 follows, 33 sequences, length 51
# corresponding to MSA columns:
# 169-219
name=unknown_C
#
# <colnr> <probs for GDERKNQSTAVLIFYWHMCP>
#	G	D	E	R	K	N	Q	S	T	A	V	L	I	F	Y	W	H	M	C	P
0	0.01724	0.01760	0.08070	0.06491	0.22516	0.04431	0.10909	0.13893	0.13314	0.02504	0.01554	0.01822	0.01215	0.03054	0.00747	0.00216	0.00795	0.00629	0.00440	0.03916
1	0.00820	0.00589	0.00769	0.00905	0.00955	0.00551	0.00612	0.00938	0.01265	0.01674	0.03683	0.66188	0.07527	0.06256	0.00982	0.00288	0.00403	0.04467	0.00599	0.00531
2	0.01007	0.04405	0.01106	0.04322	0.01366	0.00795	0.00931	0.01241	0.01404	0.01830	0.03314	0.32450	0.03729	0.01798	0.00849	0.00278	0.00540	0.37460	0.00579	0.00597
3	0.01493	0.02445	0.32618	0.04417	0.09585	0.07351	0.08693	0.01977	0.01350	0.01910	0.01104	0.01461	0.00882	0.00761	0.01052	0.00227	0.20953	0.00547	0.00296	0.00880
4	0.01811	0.52009	0.16170	0.01328	0.01941	0.09935	0.01376	0.02122	0.01430	0.05119	0.01057	0.01189	0.00881	0.00599	0.00490	0.00159	0.00798	0.00400	0.00313	0.00873
5	0.01243	0.01170	0.01975	0.75282	0.04534	0.01463	0.01828	0.01682	0.01316	0.01682	0.01170	0.01755	0.00878	0.00658	0.00658	0.00219	0.00878	0.00585	0.00293	0.00731
6	0.00839	0.00677	0.00757	0.00797	0.00989	0.00595	0.00621	0.01033	0.01496	0.01833	0.07754	0.11925	0.51943	0.01718	0.00808	0.00241	0.00389	0.14405	0.00614	0.00566
7	0.01497	0.01659	0.03561	0.02596	0.03203	0.01561	0.62429	0.02023	0.01549	0.02093	0.01579	0.02423	0.01318	0.00700	0.00792	0.00231	0.01052	0.08513	0.00364	0.00856
8	0.01925	0.01309	0.01520	0.01213	0.03232	0.02791	0.00948	0.18129	0.01919	0.16876	0.06466	0.05476	0.01656	0.00765	0.00605	0.00162	0.00563	0.00623	0.00569	0.33255
9	0.00947	0.00680	0.00930	0.00930	0.01003	0.00753	0.00663	0.01093	0.01020	0.01433	0.01881	0.03237	0.01928	0.32109	0.47469	0.00899	0.01338	0.00801	0.00370	0.00516
10	0.01760	0.77260	0.03450	0.01126	0.01690	0.02605	0.01126	0.01971	0.01338	0.01549	0.00915	0.01056	0.00845	0.00563	0.00422	0.00141	0.00704	0.00352	0.00282	0.00845
11	0.81514	0.01273	0.00968	0.00866	0.01273	0.01477	0.00713	0.01935	0.01120	0.02954	0.00917	0.01069	0.00713	0.00611	0.00407	0.00204	0.00509	0.00356	0.00407	0.00713
12	0.00868	0.00613	0.00786	0.00892	0.00968	0.00577	0.00627	0.01023	0.01341	0.01809	0.09658	0.49882	0.09174	0.06957	0.00989	0.00282	0.00408	0.08218	0.04383	0.00545
13	0.00966	0.00721	0.01064	0.01056	0.01172	0.00845	0.00823	0.01202	0.01071	0.01570	0.01756	0.02550	0.01627	0.04656	0.69140	0.00998	0.03651	0.00698	0.03839	0.00592
14	0.00911	0.00672	0.00852	0.00807	0.00971	0.00612	0.00605	0.01203	0.01815	0.02525	0.63623	0.05107	0.15070	0.01389	0.00777	0.00209	0.00314	0.01217	0.00710	0.00612
15	0.01707	0.01426	0.01504	0.01318	0.01703	0.01622	0.01035	0.13492	0.56175	0.02896	0.02798	0.02600	0.06907	0.00933	0.00676	0.00219	0.00538	0.00767	0.00664	0.01019
16	0.01748	0.75157	0.05443	0.01148	0.01723	0.02574	0.01164	0.01975	0.01339	0.01564	0.00923	0.01066	0.00845	0.00565	0.00428	0.00143	0.00712	0.00356	0.00282	0.00848
17	0.77680	0.01301	0.01017	0.00897	0.01310	0.01504	0.00739	0.05266	0.01216	0.03012	0.00949	0.01094	0.00733	0.00620	0.00420	0.00203	0.00520	0.00368	0.00420	0.00733
18	0.01126	0.00634	0.00689	0.00699	0.00854	0.00617	0.00532	0.01414	0.01454	0.02358	0.11307	0.06393	0.08125	0.01037	0.00572	0.00181	0.00334	0.05631	0.55437	0.00606
19	0.02309	0.01748	0.01867	0.01476	0.01968	0.01951	0.01204	0.55540	0.18433	0.03836	0.01827	0.01777	0.01319	0.00813	0.00661	0.00203	0.00679	0.00627	0.00661	0.01102
20	0.01903	0.24701	0.02535	0.02126	0.21517	0.20796	0.01412	0.04694	0.06186	0.01923	0.01177	0.01381	0.00991	0.00646	0.00613	0.00174	0.03228	0.00478	0.00351	0.03168
21	0.28706	0.01201	0.01344	0.01079	0.01538	0.01195	0.00887	0.07501	0.01718	0.41725	0.05346	0.01937	0.01513	0.00772	0.00583	0.00203	0.00543	0.00582	0.00665	0.00962
22	0.03637	0.01331	0.01710	0.06767	0.04073	0.01479	0.06570	0.02860	0.40557	0.10660	0.02355	0.07748	0.01866	0.00924	0.00753	0.00226	0.04146	0.00788	0.00594	0.00956
23	0.00851	0.00621	0.00812	0.00947	0.01029	0.00582	0.00688	0.01009	0.01339	0.01750	0.03948	0.54634	0.12045	0.01969	0.00847	0.00269	0.00421	0.15079	0.00610	0.00551
24	0.01745	0.45556	0.24762	0.01379	0.02062	0.02131	0.01522	0.05337	0.01476	0.06953	0.01149	0.01268	0.00911	0.00611	0.00513	0.00169	0.00777	0.00427	0.00336	0.00917
25	0.00957	0.00684	0.00942	0.01094	0.01200	0.00669	0.00881	0.01185	0.01414	0.01854	0.03543	0.35016	0.04015	0.01916	0.00882	0.00289	0.00517	0.41757	0.00608	0.00578
26	0.01710	0.08184	0.49586	0.01669	0.02478	0.04945	0.01972	0.02355	0.04013	0.14810	0.01462	0.01547	0.01020	0.00667	0.00618	0.00201	0.00874	0.00515	0.00391	0.00983
27	0.01427	0.01380	0.02413	0.40183	0.32549	0.01521	0.07346	0.01855	0.01410	0.01909	0.01211	0.01705	0.00955	0.00620	0.00665	0.00210	0.00857	0.00601	0.00309	0.00872
28	0.01656	0.44557	0.23439	0.01376	0.02042	0.07612	0.01490	0.02031	0.01395	0.01753	0.01019	0.01186	0.00852	0.00584	0.00499	0.00159	0.00802	0.00399	0.00293	0.06855
29	0.11562	0.02029	0.07917	0.05068	0.02134	0.10863	0.01315	0.43516	0.03916	0.03369	0.01402	0.01482	0.01021	0.00737	0.00619	0.00197	0.00781	0.00538	0.00540	0.00995
30	0.01016	0.00736	0.01001	0.01121	0.01275	0.00721	0.00958	0.01302	0.01537	0.02004	0.09897	0.09327	0.10026	0.01771	0.00884	0.00286	0.00549	0.54370	0.00617	0.00601
31	0.31847	0.01049	0.01089	0.00996	0.01305	0.01100	0.00771	0.07561	0.01480	0.16081	0.02235	0.27485	0.02186	0.01169	0.00627	0.00225	0.00493	0.00960	0.00577	0.00763
32	0.01327	0.06415	0.03509	0.01047	0.01252	0.03014	0.00850	0.05017	0.01295	0.05303	0.01718	0.02387	0.01528	0.10193	0.28133	0.04062	0.05765	0.00652	0.15876	0.00657
33	0.01061	0.00758	0.01061	0.01212	0.01364	0.00758	0.01061	0.01364	0.01515	0.01970	0.03486	0.07426	0.03789	0.01819	0.00909	0.00303	0.00606	0.68326	0.00606	0.00606
34	0.00991	0.00700	0.00816	0.00770	0.00983	0.00612	0.00584	0.01226	0.01682	0.06990	0.34538	0.05451	0.39311	0.01472	0.00770	0.00215	0.00339	0.01255	0.00674	0.00622
35	0.01320	0.03405	0.73453	0.01876	0.02849	0.01529	0.02432	0.02085	0.01390	0.02085	0.01181	0.01390	0.00834	0.00625	0.00625	0.00208	0.00973	0.00486	0.00278	0.00973
36	0.00779	0.00663	0.00671	0.00677	0.00892	0.00555	0.00505	0.00944	0.01491	0.01774	0.06547	0.09152	0.69752	0.01683	0.00781	0.00224	0.00335	0.01409	0.00611	0.00555
37	0.00866	0.00646	0.00836	0.00933	0.00985	0.00643	0.00646	0.00982	0.01242	0.01650	0.03529	0.54922	0.09372	0.10669	0.01205	0.00310	0.04668	0.04795	0.00568	0.00534
38	0.02402	0.03042	0.01874	0.01698	0.02018	0.70145	0.01281	0.02570	0.01817	0.01610	0.01009	0.01201	0.00849	0.00705	0.00682	0.00176	0.05391	0.00433	0.00336	0.00761
39	0.00818	0.00666	0.00724	0.00715	0.00915	0.00572	0.00534	0.01021	0.01588	0.01997	0.23487	0.07800	0.53677	0.01595	0.00779	0.00220	0.00329	0.01351	0.00640	0.00572
40	0.01554	0.01776	0.03885	0.02775	0.03441	0.01665	0.70366	0.02109	0.01554	0.02109	0.01332	0.01776	0.00999	0.00555	0.00777	0.00222	0.01110	0.00777	0.00333	0.00888
41	0.02579	0.01721	0.01899	0.01456	0.01980	0.01858	0.01203	0.59076	0.02889	0.15927	0.01754	0.01693	0.01207	0.00794	0.00659	0.00199	0.00696	0.00605	0.00685	0.01120
42	0.02528	0.01803	0.01950	0.01495	0.02021	0.01981	0.01235	0.66760	0.03027	0.08048	0.01638	0.01618	0.01148	0.00792	0.00659	0.00198	0.00715	0.00597	0.00667	0.01120
43	0.00907	0.00617	0.00808	0.00897	0.00984	0.00568	0.00620	0.01063	0.01402	0.04630	0.15582	0.57302	0.08414	0.01869	0.00819	0.00252	0.00374	0.01680	0.00639	0.00574
44	0.00832	0.00586	0.00798	0.00928	0.00972	0.00565	0.00630	0.00939	0.01221	0.01639	0.03323	0.65515	0.03930	0.02358	0.08202	0.04241	0.00528	0.01693	0.00570	0.00528
45	0.01939	0.05783	0.04193	0.02620	0.32874	0.13509	0.01603	0.02232	0.01527	0.12972	0.01333	0.01584	0.01057	0.00729	0.00878	0.00205	0.13068	0.00555	0.00394	0.00944
46	0.01330	0.01262	0.02117	0.57465	0.18134	0.01509	0.01849	0.01746	0.01339	0.01772	0.01169	0.01715	0.00910	0.00667	0.00728	0.00218	0.04393	0.00585	0.00299	0.00793
47	0.00818	0.00626	0.00756	0.00853	0.00970	0.00564	0.00613	0.00970	0.01374	0.01745	0.04742	0.43813	0.29558	0.01893	0.00824	0.00254	0.00386	0.08083	0.00611	0.00549
48	0.02056	0.08588	0.08297	0.05732	0.14678	0.12269	0.04955	0.24191	0.04775	0.06089	0.01406	0.01555	0.01060	0.00691	0.00631	0.00193	0.00832	0.00555	0.00462	0.00984
49	0.03558	0.12091	0.26421	0.02057	0.04611	0.01726	0.25275	0.03648	0.01472	0.03627	0.03120	0.01598	0.01065	0.00657	0.00761	0.00209	0.06267	0.00599	0.00335	0.00902
50	0.00988	0.00753	0.00964	0.01022	0.01139	0.00782	0.00754	0.02915	0.08156	0.01904	0.07184	0.42249	0.06961	0.02187	0.10424	0.00363	0.02733	0.07319	0.00581	0.00622

[dist]
# distance from previous block
# <min> <max>
1	6

[block]
# block no. 3 follows, 33 sequences, length 17
# corresponding to MSA columns:
# 226-242
name=unknown_D
#
# <colnr> <probs for GDERKNQSTAVLIFYWHMCP>
#	G	D	E	R	K	N	Q	S	T	A	V	L	I	F	Y	W	H	M	C	P
0	0.01895	0.25139	0.13099	0.01432	0.03893	0.09031	0.01322	0.12874	0.01734	0.08094	0.03449	0.01482	0.01138	0.00673	0.00600	0.00171	0.02838	0.00486	0.00418	0.10232
1	0.21079	0.06465	0.01794	0.03974	0.08046	0.10255	0.01163	0.21971	0.10085	0.06938	0.01457	0.01530	0.01092	0.00711	0.00577	0.00196	0.00703	0.00522	0.00507	0.00935
2	0.00857	0.00608	0.00736	0.00814	0.00859	0.00576	0.00519	0.00935	0.01175	0.01541	0.03399	0.41526	0.11449	0.29871	0.01768	0.00400	0.00472	0.01476	0.00532	0.00487
3	0.01699	0.25959	0.16913	0.04015	0.13184	0.12245	0.09905	0.02086	0.01459	0.01829	0.01087	0.01351	0.00894	0.00623	0.00649	0.00185	0.04235	0.00492	0.00303	0.00886
4	0.00807	0.00630	0.00736	0.00815	0.00949	0.00559	0.00586	0.00958	0.01392	0.01746	0.05082	0.38377	0.37091	0.01857	0.00815	0.00248	0.00373	0.05819	0.00611	0.00549
5	0.00916	0.00763	0.00980	0.01185	0.10243	0.00691	0.00740	0.01121	0.01497	0.01928	0.14697	0.21656	0.38028	0.01572	0.00776	0.00227	0.00400	0.01368	0.00591	0.00623
6	0.01656	0.59699	0.20095	0.01305	0.01965	0.02349	0.01437	0.01998	0.01350	0.01676	0.00979	0.01135	0.00842	0.00578	0.00471	0.00157	0.00768	0.00384	0.00281	0.00875
7	0.01882	0.02248	0.07321	0.05473	0.26534	0.25923	0.14888	0.04168	0.01663	0.01996	0.01186	0.01497	0.00951	0.00622	0.00655	0.00194	0.00995	0.00562	0.00337	0.00905
8	0.01651	0.01231	0.01362	0.01203	0.01544	0.01355	0.00939	0.06428	0.45025	0.09337	0.15984	0.02863	0.02721	0.00962	0.00680	0.00214	0.00485	0.00809	0.04256	0.00953
9	0.01629	0.01564	0.02672	0.04041	0.72757	0.01564	0.02020	0.02020	0.01499	0.02151	0.01238	0.01629	0.01043	0.00587	0.00652	0.00196	0.00782	0.00587	0.00326	0.01043
10	0.00932	0.00673	0.00880	0.00828	0.00984	0.00621	0.00621	0.01242	0.01863	0.02640	0.72410	0.04918	0.06212	0.01346	0.00776	0.00207	0.00311	0.01191	0.00725	0.00621
11	0.01614	0.01515	0.13408	0.01377	0.01825	0.01222	0.06522	0.06077	0.18552	0.13900	0.16792	0.09556	0.02716	0.01007	0.00707	0.00217	0.00602	0.00880	0.00608	0.00901
12	0.09015	0.04597	0.06806	0.01672	0.05686	0.29112	0.01330	0.28952	0.02215	0.02772	0.01248	0.01363	0.00951	0.00705	0.00603	0.00187	0.00900	0.00495	0.00463	0.00929
13	0.00778	0.00667	0.00667	0.00667	0.00889	0.00556	0.00500	0.00945	0.01501	0.01778	0.06669	0.06336	0.72490	0.01667	0.00778	0.00222	0.00333	0.01389	0.00611	0.00556
14	0.01452	0.02712	0.47478	0.04240	0.14448	0.01544	0.04655	0.06396	0.04171	0.02259	0.03630	0.01623	0.01116	0.00661	0.00645	0.00207	0.00889	0.00556	0.00342	0.00975
15	0.01474	0.01307	0.01483	0.01334	0.01520	0.09062	0.01059	0.13866	0.01511	0.02028	0.01575	0.06076	0.01459	0.02829	0.34828	0.00612	0.16149	0.00693	0.00408	0.00725
16	0.02191	0.01929	0.07490	0.01733	0.08215	0.05828	0.01369	0.46306	0.09870	0.03481	0.03876	0.01747	0.01332	0.00782	0.00657	0.00200	0.00740	0.00610	0.00586	0.01058

[dist]
# distance from previous block
# <min> <max>
0	1

[block]
# block no. 4 follows, 33 sequences, length 60
# corresponding to MSA columns:
# 244-303
name=unknown_E
#
# <colnr> <probs for GDERKNQSTAVLIFYWHMCP>
#	G	D	E	R	K	N	Q	S	T	A	V	L	I	F	Y	W	H	M	C	P
0	0.01755	0.52888	0.02809	0.01183	0.01673	0.11319	0.01083	0.02091	0.06494	0.01758	0.06757	0.01495	0.01362	0.00660	0.00493	0.00154	0.00710	0.00458	0.00357	0.04502
1	0.01375	0.04757	0.04638	0.01208	0.05998	0.01014	0.00937	0.01683	0.01369	0.02097	0.01261	0.04362	0.01102	0.00566	0.00515	0.00117	0.00532	0.00464	0.00385	0.65619
2	0.14349	0.04289	0.15855	0.01651	0.07743	0.22657	0.01385	0.02372	0.07087	0.09455	0.01466	0.04484	0.01171	0.00831	0.02292	0.00216	0.00856	0.00551	0.00422	0.00868
3	0.01755	0.74242	0.03419	0.01243	0.04523	0.02563	0.01162	0.01973	0.01344	0.01573	0.00928	0.01079	0.00853	0.00564	0.00432	0.00143	0.00707	0.00361	0.00283	0.00853
4	0.01577	0.01177	0.01350	0.01031	0.01542	0.02621	0.00817	0.01967	0.06793	0.11901	0.01829	0.05389	0.04334	0.00694	0.00557	0.00137	0.00505	0.00569	0.00489	0.54722
5	0.08025	0.01392	0.02089	0.01987	0.12810	0.01467	0.16833	0.06280	0.21860	0.02407	0.02064	0.14384	0.01842	0.00943	0.00732	0.00225	0.02397	0.00872	0.00500	0.00893
6	0.02523	0.01811	0.01955	0.01499	0.02025	0.01992	0.01238	0.67473	0.03040	0.07316	0.01627	0.01611	0.01143	0.00791	0.00659	0.00198	0.00717	0.00596	0.00666	0.01120
7	0.01144	0.00572	0.00858	0.00858	0.00858	0.00572	0.00572	0.00858	0.00858	0.01144	0.01144	0.02001	0.01144	0.02287	0.02573	0.80846	0.00572	0.00572	0.00286	0.00286
8	0.01275	0.01081	0.01264	0.00951	0.01461	0.00825	0.00747	0.01542	0.01363	0.02078	0.01736	0.09119	0.05497	0.00713	0.00540	0.00122	0.00468	0.00596	0.00425	0.68197
9	0.00867	0.00685	0.00855	0.00994	0.04606	0.00629	0.00657	0.01074	0.03220	0.01839	0.09757	0.41333	0.27534	0.01768	0.00800	0.00243	0.00384	0.01561	0.00607	0.00587
10	0.00927	0.00673	0.00874	0.00823	0.00981	0.00619	0.00618	0.01234	0.01853	0.02614	0.70459	0.04960	0.08178	0.01355	0.00777	0.00208	0.00311	0.01196	0.00721	0.00619
11	0.01785	0.01519	0.01789	0.01686	0.08503	0.01703	0.04172	0.15046	0.49977	0.02914	0.02294	0.02196	0.01719	0.00832	0.00671	0.00216	0.00607	0.00704	0.00621	0.01049
12	0.00802	0.00573	0.00764	0.00917	0.00955	0.00535	0.00611	0.00917	0.01260	0.01681	0.03628	0.76434	0.04354	0.02062	0.00840	0.00267	0.00382	0.01872	0.00611	0.00535
13	0.02055	0.40404	0.06876	0.01338	0.01909	0.02299	0.01256	0.31600	0.02100	0.02703	0.01218	0.01302	0.00963	0.00665	0.00536	0.00169	0.00728	0.00464	0.00444	0.00971
14	0.02437	0.05683	0.01927	0.01667	0.02023	0.68057	0.01266	0.06033	0.01909	0.01737	0.01042	0.01202	0.00862	0.00680	0.00591	0.00170	0.01147	0.00430	0.00353	0.00784
15	0.81514	0.01273	0.00968	0.00866	0.01273	0.01477	0.00713	0.01935	0.01120	0.02954	0.00917	0.01069	0.00713	0.00611	0.00407	0.00204	0.00509	0.00356	0.00407	0.00713
16	0.01463	0.19512	0.38449	0.07658	0.06173	0.01788	0.12118	0.02028	0.01402	0.01940	0.01146	0.01412	0.00874	0.00602	0.00606	0.00195	0.00916	0.00512	0.00290	0.00916
17	0.01380	0.01123	0.01642	0.09258	0.01953	0.01173	0.10518	0.08030	0.13411	0.05050	0.31203	0.03232	0.03387	0.01192	0.04269	0.00253	0.00632	0.00899	0.00595	0.00800
18	0.00924	0.00683	0.00918	0.00918	0.01018	0.00740	0.00669	0.01088	0.01087	0.01493	0.02464	0.03517	0.10770	0.23672	0.46124	0.00841	0.01284	0.00859	0.00398	0.00533
19	0.01572	0.01751	0.09806	0.07120	0.55082	0.01567	0.09388	0.02020	0.01485	0.02117	0.01239	0.01627	0.01009	0.00590	0.00663	0.00201	0.00841	0.00597	0.00320	0.01004
20	0.01637	0.01414	0.01489	0.01340	0.01712	0.01637	0.01042	0.03498	0.71568	0.02754	0.02679	0.02456	0.02010	0.00893	0.00670	0.00223	0.00521	0.00744	0.00670	0.01042
21	0.01243	0.01170	0.01975	0.75282	0.04534	0.01463	0.01828	0.01682	0.01316	0.01682	0.01170	0.01755	0.00878	0.00658	0.00658	0.00219	0.00878	0.00585	0.00293	0.00731
22	0.00802	0.00573	0.00764	0.00917	0.00955	0.00535	0.00611	0.00917	0.01260	0.01681	0.03628	0.76434	0.04354	0.02062	0.00840	0.00267	0.00382	0.01872	0.00611	0.00535
23	0.00802	0.00573	0.00764	0.00917	0.00955	0.00535	0.00611	0.00917	0.01260	0.01681	0.03628	0.76434	0.04354	0.02062	0.00840	0.00267	0.00382	0.01872	0.00611	0.00535
24	0.00898	0.00672	0.00833	0.00792	0.00963	0.00607	0.00594	0.01176	0.01783	0.02448	0.57790	0.05233	0.20951	0.01417	0.00777	0.00210	0.00316	0.01235	0.00699	0.00607
25	0.81514	0.01273	0.00968	0.00866	0.01273	0.01477	0.00713	0.01935	0.01120	0.02954	0.00917	0.01069	0.00713	0.00611	0.00407	0.00204	0.00509	0.00356	0.00407	0.00713
26	0.02631	0.01026	0.01357	0.01067	0.01510	0.00901	0.00873	0.02895	0.01790	0.59971	0.02513	0.02281	0.01640	0.00806	0.00624	0.00194	0.00513	0.00653	0.15731	0.01026
27	0.01760	0.77260	0.03450	0.01126	0.01690	0.02605	0.01126	0.01971	0.01338	0.01549	0.00915	0.01056	0.00845	0.00563	0.00422	0.00141	0.00704	0.00352	0.00282	0.00845
28	0.81514	0.01273	0.00968	0.00866	0.01273	0.01477	0.00713	0.01935	0.01120	0.02954	0.00917	0.01069	0.00713	0.00611	0.00407	0.00204	0.00509	0.00356	0.00407	0.00713
29	0.01167	0.00818	0.01088	0.01302	0.12959	0.00811	0.00701	0.01245	0.01093	0.04867	0.01958	0.03756	0.02128	0.60313	0.02765	0.00543	0.00659	0.00880	0.00406	0.00542
30	0.02426	0.03087	0.01941	0.01736	0.02087	0.71529	0.03836	0.02609	0.01854	0.01630	0.01029	0.01209	0.00854	0.00674	0.00600	0.00172	0.01184	0.00437	0.00339	0.00768
31	0.02503	0.01844	0.01976	0.01515	0.02042	0.02042	0.01251	0.70562	0.03095	0.04149	0.01581	0.01581	0.01120	0.00790	0.00659	0.00198	0.00724	0.00593	0.00659	0.01120
32	0.01407	0.01199	0.01427	0.05348	0.01755	0.00962	0.00862	0.04642	0.01437	0.02205	0.01188	0.01397	0.00976	0.00511	0.00505	0.00109	0.00521	0.00410	0.00396	0.72743
33	0.01016	0.00761	0.00953	0.00889	0.01070	0.00743	0.00671	0.01512	0.10187	0.02654	0.64083	0.04624	0.05710	0.01292	0.00764	0.00209	0.00336	0.01137	0.00718	0.00671
34	0.01327	0.01255	0.02125	0.59870	0.19293	0.01485	0.01870	0.01755	0.01356	0.01783	0.01185	0.01728	0.00913	0.00643	0.00657	0.00214	0.00857	0.00585	0.00300	0.00799
35	0.01618	0.01512	0.02301	0.20846	0.42072	0.05035	0.01799	0.02127	0.07641	0.04551	0.01376	0.01728	0.01094	0.00659	0.00694	0.00205	0.02836	0.00595	0.00365	0.00947
36	0.00957	0.00638	0.00718	0.00718	0.00718	0.00638	0.00399	0.00957	0.00957	0.01276	0.02074	0.04308	0.02393	0.76864	0.03351	0.00638	0.00638	0.00957	0.00399	0.00399
37	0.02540	0.01784	0.01939	0.01486	0.02012	0.01952	0.01228	0.64974	0.02995	0.09879	0.01665	0.01635	0.01162	0.00792	0.00659	0.00198	0.00711	0.00598	0.00672	0.01120
38	0.35636	0.01596	0.03592	0.03887	0.23483	0.06285	0.09559	0.02011	0.01342	0.02417	0.01080	0.01370	0.00869	0.00624	0.00619	0.00205	0.03724	0.00498	0.00359	0.00844
39	0.00788	0.00651	0.00692	0.00716	0.00904	0.00555	0.00524	0.00952	0.01474	0.01796	0.08728	0.18188	0.58318	0.01722	0.00789	0.00229	0.00341	0.01464	0.00616	0.00555
40	0.01477	0.02311	0.29308	0.01962	0.07585	0.08237	0.13745	0.02072	0.05780	0.02047	0.01440	0.05946	0.01197	0.00834	0.02748	0.00224	0.02571	0.00633	0.00355	0.09528
41	0.02376	0.01781	0.01904	0.01489	0.01993	0.01982	0.01221	0.60720	0.13144	0.03944	0.01742	0.01709	0.01250	0.00805	0.00660	0.00201	0.00695	0.00615	0.00660	0.01108
42	0.01265	0.01313	0.05507	0.67525	0.04390	0.01478	0.05869	0.01726	0.01334	0.01726	0.01180	0.01739	0.00883	0.00651	0.00664	0.00219	0.00896	0.00592	0.00294	0.00752
43	0.81514	0.01273	0.00968	0.00866	0.01273	0.01477	0.00713	0.01935	0.01120	0.02954	0.00917	0.01069	0.00713	0.00611	0.00407	0.00204	0.00509	0.00356	0.00407	0.00713
44	0.01144	0.00572	0.00858	0.00858	0.00858	0.00572	0.00572	0.00858	0.00858	0.01144	0.01144	0.02001	0.01144	0.02287	0.02573	0.80846	0.00572	0.00572	0.00286	0.00286
45	0.01472	0.00997	0.01194	0.01139	0.04620	0.01006	0.00785	0.14653	0.01555	0.07322	0.02091	0.03693	0.02106	0.39283	0.02037	0.00427	0.00643	0.08858	0.00500	0.05620
46	0.00940	0.00705	0.01058	0.01058	0.01176	0.00823	0.00823	0.01176	0.01058	0.01528	0.01763	0.02586	0.01646	0.04937	0.74255	0.01058	0.01763	0.00705	0.00353	0.00588
47	0.11382	0.13995	0.05786	0.01525	0.01939	0.51330	0.01247	0.02422	0.01676	0.01781	0.00999	0.01165	0.00831	0.00651	0.00548	0.00171	0.01026	0.00409	0.00335	0.00781
48	0.01680	0.01368	0.04372	0.34356	0.09269	0.01474	0.01525	0.05701	0.18564	0.12308	0.01766	0.01962	0.01284	0.00736	0.00660	0.00215	0.00733	0.00632	0.00479	0.00917
49	0.01083	0.00705	0.00870	0.00843	0.00891	0.00734	0.00546	0.05044	0.01077	0.01455	0.01813	0.03432	0.01958	0.46837	0.13491	0.16774	0.00796	0.00821	0.00385	0.00446
50	0.76916	0.01264	0.01000	0.00884	0.01297	0.01447	0.00728	0.02010	0.01165	0.07066	0.01015	0.01138	0.00767	0.00623	0.00422	0.00204	0.00512	0.00374	0.00431	0.00737
51	0.00927	0.00701	0.00863	0.00854	0.01019	0.00655	0.00643	0.01258	0.05032	0.02314	0.43209	0.13730	0.19194	0.01504	0.00787	0.00224	0.00352	0.05439	0.00678	0.00617
52	0.00932	0.00673	0.00880	0.00828	0.00984	0.00621	0.00621	0.01242	0.01863	0.02640	0.72410	0.04918	0.06212	0.01346	0.00776	0.00207	0.00311	0.01191	0.00725	0.00621
53	0.02858	0.01126	0.01521	0.01183	0.01677	0.00990	0.00980	0.05115	0.01904	0.68091	0.02606	0.02446	0.01708	0.00858	0.00673	0.00208	0.00567	0.03589	0.00801	0.01098
54	0.01924	0.01789	0.01635	0.01431	0.01823	0.14539	0.01117	0.14257	0.48100	0.02779	0.02207	0.02089	0.01659	0.00838	0.00655	0.00210	0.00672	0.00663	0.00610	0.01005
55	0.00945	0.00680	0.00926	0.01072	0.01180	0.00660	0.00858	0.01167	0.01412	0.01846	0.03666	0.35257	0.06673	0.01911	0.00876	0.00286	0.00505	0.38897	0.00608	0.00575
56	0.01611	0.01557	0.02693	0.06745	0.67404	0.01564	0.04691	0.02011	0.01494	0.02131	0.01239	0.01640	0.01035	0.00588	0.00657	0.00197	0.00799	0.00594	0.00325	0.01025
57	0.00802	0.00573	0.00764	0.00917	0.00955	0.00535	0.00611	0.00917	0.01260	0.01681	0.03628	0.76434	0.04354	0.02062	0.00840	0.00267	0.00382	0.01872	0.00611	0.00535
58	0.01551	0.21130	0.40486	0.01717	0.04368	0.09724	0.04409	0.02075	0.01461	0.01932	0.04535	0.01477	0.01109	0.00647	0.00586	0.00188	0.00899	0.00494	0.00310	0.00901
59	0.04976	0.04167	0.01217	0.01068	0.01274	0.01021	0.00843	0.04196	0.05994	0.01831	0.01828	0.02734	0.01710	0.08978	0.45468	0.00752	0.01301	0.04629	0.00407	0.05607

[dist]
# distance from previous block
# <min> <max>
0	4

[block]
# block no. 5 follows, 33 sequences, length 34
# corresponding to MSA columns:
# 308-341
name=unknown_F
#
# <colnr> <probs for GDERKNQSTAVLIFYWHMCP>
#	G	D	E	R	K	N	Q	S	T	A	V	L	I	F	Y	W	H	M	C	P
0	0.01398	0.04415	0.03518	0.01078	0.01633	0.01028	0.02658	0.04287	0.03074	0.02178	0.01372	0.06196	0.01212	0.00618	0.00529	0.00123	0.00529	0.00512	0.00412	0.63229
1	0.01284	0.01083	0.01257	0.00932	0.01437	0.00831	0.00729	0.01548	0.01361	0.02076	0.04015	0.02015	0.05809	0.06104	0.00723	0.00148	0.00483	0.00522	0.00416	0.67228
2	0.01173	0.00762	0.00944	0.00893	0.00977	0.00802	0.00604	0.04030	0.01143	0.06659	0.02030	0.05609	0.02134	0.48747	0.17572	0.00653	0.03420	0.00882	0.00432	0.00534
3	0.01613	0.01547	0.02642	0.07119	0.69810	0.01560	0.02012	0.02006	0.01491	0.02130	0.01235	0.01635	0.01036	0.00590	0.00652	0.00197	0.00786	0.00587	0.00324	0.01029
4	0.00880	0.00693	0.00803	0.00847	0.00998	0.00648	0.00607	0.01189	0.07465	0.01927	0.13077	0.34541	0.30467	0.01724	0.00794	0.00239	0.00367	0.01507	0.00630	0.00597
5	0.01321	0.01295	0.01968	0.70597	0.04375	0.06095	0.01793	0.01742	0.01351	0.01678	0.01160	0.01719	0.00876	0.00659	0.00654	0.00216	0.00897	0.00575	0.00295	0.00733
6	0.81514	0.01273	0.00968	0.00866	0.01273	0.01477	0.00713	0.01935	0.01120	0.02954	0.00917	0.01069	0.00713	0.00611	0.00407	0.00204	0.00509	0.00356	0.00407	0.00713
7	0.01144	0.00572	0.00858	0.00858	0.00858	0.00572	0.00572	0.00858	0.00858	0.01144	0.01144	0.02001	0.01144	0.02287	0.02573	0.80846	0.00572	0.00572	0.00286	0.00286
8	0.01554	0.01776	0.03885	0.02775	0.03441	0.01665	0.70366	0.02109	0.01554	0.02109	0.01332	0.01776	0.00999	0.00555	0.00777	0.00222	0.01110	0.00777	0.00333	0.00888
9	0.01258	0.01185	0.02001	0.72597	0.07105	0.01466	0.01836	0.01695	0.01323	0.01700	0.01173	0.01750	0.00884	0.00655	0.00658	0.00218	0.00874	0.00585	0.00294	0.00743
10	0.00957	0.00638	0.00718	0.00718	0.00718	0.00638	0.00399	0.00957	0.00957	0.01276	0.02074	0.04308	0.02393	0.76864	0.03351	0.00638	0.00638	0.00957	0.00399	0.00399
11	0.00802	0.00573	0.00764	0.00917	0.00955	0.00535	0.00611	0.00917	0.01260	0.01681	0.03628	0.76434	0.04354	0.02062	0.00840	0.00267	0.00382	0.01872	0.00611	0.00535
12	0.01423	0.01257	0.01653	0.01650	0.17239	0.01029	0.01053	0.01738	0.01395	0.02146	0.01185	0.01423	0.00990	0.00509	0.00524	0.00119	0.00552	0.00433	0.00376	0.63305
13	0.01611	0.04524	0.01530	0.01300	0.01657	0.01610	0.01016	0.03266	0.64137	0.02601	0.02508	0.02369	0.01906	0.00968	0.00781	0.05353	0.00532	0.00717	0.00629	0.00986
14	0.81514	0.01273	0.00968	0.00866	0.01273	0.01477	0.00713	0.01935	0.01120	0.02954	0.00917	0.01069	0.00713	0.00611	0.00407	0.00204	0.00509	0.00356	0.00407	0.00713
15	0.01365	0.01170	0.01365	0.00975	0.01560	0.00878	0.00780	0.01658	0.01365	0.02145	0.01170	0.01365	0.00975	0.00488	0.00488	0.00098	0.00488	0.00390	0.00390	0.80888
16	0.00802	0.00668	0.00700	0.00692	0.00904	0.00566	0.00519	0.00991	0.01557	0.01913	0.16932	0.06114	0.62143	0.01617	0.00778	0.00220	0.00330	0.01358	0.00629	0.00566
17	0.02954	0.01120	0.01528	0.01171	0.01681	0.00968	0.00968	0.03208	0.01884	0.73213	0.02597	0.02241	0.01630	0.00815	0.00662	0.00204	0.00560	0.00662	0.00815	0.01120
18	0.01408	0.01397	0.01953	0.01688	0.01689	0.01942	0.01399	0.01551	0.01021	0.01589	0.01003	0.05211	0.01040	0.01198	0.02094	0.00287	0.71874	0.00641	0.00304	0.00711
19	0.00802	0.00573	0.00764	0.00917	0.00955	0.00535	0.00611	0.00917	0.01260	0.01681	0.03628	0.76434	0.04354	0.02062	0.00840	0.00267	0.00382	0.01872	0.00611	0.00535
20	0.01375	0.01179	0.01369	0.00988	0.01565	0.00904	0.00789	0.01721	0.03795	0.02166	0.01222	0.01403	0.01011	0.00502	0.00494	0.00102	0.00489	0.00402	0.00400	0.78125
21	0.00887	0.00634	0.00861	0.01014	0.01089	0.00608	0.00759	0.01064	0.01344	0.01776	0.03582	0.53769	0.04168	0.01982	0.00863	0.00279	0.00456	0.23698	0.00609	0.00558
22	0.01365	0.01170	0.01365	0.00975	0.01560	0.00878	0.00780	0.01658	0.01365	0.02145	0.01170	0.01365	0.00975	0.00488	0.00488	0.00098	0.00488	0.00390	0.00390	0.80888
23	0.38747	0.27378	0.08679	0.01135	0.01641	0.09486	0.01072	0.02034	0.01297	0.02256	0.00952	0.01107	0.00783	0.00603	0.00452	0.00179	0.00690	0.00374	0.00346	0.00787
24	0.01839	0.40063	0.09227	0.01415	0.01943	0.17375	0.04094	0.02363	0.12368	0.01821	0.01252	0.01361	0.01032	0.00644	0.00530	0.00169	0.00818	0.00458	0.00356	0.00872
25	0.02321	0.11423	0.02054	0.01633	0.01978	0.61896	0.01265	0.02493	0.01756	0.01603	0.00997	0.01187	0.00849	0.00693	0.00666	0.00173	0.05488	0.00425	0.00330	0.00770
26	0.02926	0.01165	0.01556	0.01193	0.01703	0.01034	0.00985	0.07395	0.01960	0.68920	0.02534	0.02200	0.01598	0.00813	0.00662	0.00203	0.00570	0.00658	0.00805	0.01120
27	0.01686	0.01340	0.01427	0.01267	0.01622	0.01521	0.00983	0.07505	0.56399	0.05630	0.02542	0.02485	0.01936	0.04695	0.00790	0.00237	0.00528	0.00734	0.05680	0.00991
28	0.00818	0.00585	0.00783	0.00935	0.00981	0.00549	0.00639	0.00945	0.01276	0.01699	0.03619	0.72095	0.04319	0.02047	0.00845	0.00270	0.00396	0.06050	0.00611	0.00539
29	0.01040	0.00787	0.00974	0.00907	0.01096	0.00778	0.00686	0.01590	0.12598	0.02658	0.61671	0.04539	0.05565	0.01276	0.00760	0.00210	0.00343	0.01122	0.00716	0.00686
