[name]
unknown

[dist]
# distance from previous block
# <min> <max>
0	0

[block]
# block no. 0 follows, 33 sequences, length 120
# corresponding to MSA columns:
# 0-119
name=unknown_A
#
# <colnr> <probs for GDERKNQSTAVLIFYWHMCP>
#	G	D	E	R	K	N	Q	S	T	A	V	L	I	F	Y	W	H	M	C	P
0	0.01061	0.00758	0.01061	0.01212	0.01364	0.00758	0.01061	0.01364	0.01515	0.01970	0.03486	0.07426	0.03789	0.01819	0.00909	0.00303	0.00606	0.68326	0.00606	0.00606
1	0.02503	0.01844	0.01976	0.01515	0.02042	0.02042	0.01251	0.70562	0.03095	0.04149	0.01581	0.01581	0.01120	0.00790	0.00659	0.00198	0.00724	0.00593	0.00659	0.01120
2	0.01185	0.00735	0.00953	0.00949	0.01108	0.00693	0.00690	0.03091	0.04057	0.11067	0.26053	0.39170	0.04463	0.01598	0.00787	0.00236	0.00394	0.01425	0.00677	0.00669
3	0.01659	0.01259	0.01375	0.01216	0.01574	0.01384	0.00950	0.05559	0.48463	0.10067	0.09164	0.03009	0.09435	0.00999	0.00689	0.00219	0.00495	0.00834	0.00683	0.00967
4	0.01935	0.01608	0.01653	0.01407	0.01826	0.04317	0.01115	0.24323	0.47822	0.03148	0.02279	0.02139	0.01692	0.00854	0.00664	0.00213	0.00608	0.00686	0.00655	0.01056
5	0.02954	0.01120	0.01528	0.01171	0.01681	0.00968	0.00968	0.03208	0.01884	0.73213	0.02597	0.02241	0.01630	0.00815	0.00662	0.00204	0.00560	0.00662	0.00815	0.01120
6	0.02640	0.01197	0.05142	0.01190	0.01677	0.00977	0.01013	0.02955	0.03836	0.61136	0.02619	0.08821	0.01843	0.00919	0.00676	0.00210	0.00564	0.00763	0.00765	0.01058
7	0.01365	0.01170	0.01365	0.00975	0.01560	0.00878	0.00780	0.01658	0.01365	0.02145	0.01170	0.01365	0.00975	0.00488	0.00488	0.00098	0.00488	0.00390	0.00390	0.80888
8	0.00802	0.00573	0.00764	0.00917	0.00955	0.00535	0.00611	0.00917	0.01260	0.01681	0.03628	0.76434	0.04354	0.02062	0.00840	0.00267	0.00382	0.01872	0.00611	0.00535
9	0.00802	0.00573	0.00764	0.00917	0.00955	0.00535	0.00611	0.00917	0.01260	0.01681	0.03628	0.76434	0.04354	0.02062	0.00840	0.00267	0.00382	0.01872	0.00611	0.00535
10	0.02791	0.01084	0.01476	0.01144	0.01625	0.00940	0.00940	0.03050	0.01883	0.67541	0.08208	0.02456	0.01998	0.00857	0.00671	0.00204	0.00540	0.00705	0.00808	0.01080
11	0.00802	0.00573	0.00764	0.00917	0.00955	0.00535	0.00611	0.00917	0.01260	0.01681	0.03628	0.76434	0.04354	0.02062	0.00840	0.00267	0.00382	0.01872	0.00611	0.00535
12	0.00802	0.00573	0.00764	0.00917	0.00955	0.00535	0.00611	0.00917	0.01260	0.01681	0.03628	0.76434	0.04354	0.02062	0.00840	0.00267	0.00382	0.01872	0.00611	0.00535
13	0.01567	0.01559	0.02375	0.27578	0.44352	0.07370	0.01896	0.01957	0.01468	0.01951	0.01198	0.01636	0.00972	0.00618	0.00649	0.00201	0.00846	0.00573	0.00316	0.00917
14	0.01320	0.03405	0.73453	0.01876	0.02849	0.01529	0.02432	0.02085	0.01390	0.02085	0.01181	0.01390	0.00834	0.00625	0.00625	0.00208	0.00973	0.00486	0.00278	0.00973
15	0.01971	0.17676	0.07794	0.02189	0.18152	0.18904	0.07715	0.13885	0.01822	0.02234	0.01183	0.01395	0.00950	0.00638	0.00602	0.00182	0.00895	0.00511	0.00374	0.00931
16	0.01757	0.65151	0.05220	0.01327	0.01902	0.05316	0.07854	0.02013	0.01381	0.01619	0.00966	0.01139	0.00860	0.00569	0.00469	0.00152	0.00769	0.00399	0.00289	0.00849
17	0.01962	0.40701	0.02921	0.01504	0.01999	0.17810	0.09379	0.07212	0.01607	0.04005	0.01084	0.01263	0.00909	0.00641	0.00612	0.00170	0.04565	0.00456	0.00344	0.00855
18	0.02095	0.01732	0.03848	0.01373	0.01806	0.09994	0.01128	0.36589	0.09732	0.07348	0.12572	0.02344	0.04679	0.00902	0.00674	0.00200	0.00677	0.00710	0.00629	0.00969
19	0.01144	0.00722	0.00922	0.00848	0.01051	0.00650	0.00644	0.01420	0.01792	0.10840	0.52143	0.07309	0.15274	0.01355	0.00765	0.00211	0.00346	0.01181	0.00715	0.00668
20	0.01609	0.01578	0.02796	0.05914	0.62610	0.01573	0.10110	0.02021	0.01500	0.02132	0.01247	0.01650	0.01033	0.00585	0.00667	0.00199	0.00824	0.00609	0.00326	0.01016
21	0.02271	0.01671	0.01803	0.01441	0.01921	0.01855	0.01171	0.46383	0.23528	0.07930	0.01971	0.01883	0.01417	0.00823	0.00662	0.00206	0.00654	0.00642	0.00671	0.01096
22	0.00956	0.00728	0.01088	0.01079	0.01193	0.00860	0.00842	0.01188	0.01056	0.01530	0.01735	0.02551	0.01622	0.04820	0.72016	0.01034	0.04058	0.00701	0.00351	0.00592
23	0.02954	0.01120	0.01528	0.01171	0.01681	0.00968	0.00968	0.03208	0.01884	0.73213	0.02597	0.02241	0.01630	0.00815	0.00662	0.00204	0.00560	0.00662	0.00815	0.01120
24	0.00802	0.00573	0.00764	0.00917	0.00955	0.00535	0.00611	0.00917	0.01260	0.01681	0.03628	0.76434	0.04354	0.02062	0.00840	0.00267	0.00382	0.01872	0.00611	0.00535
25	0.01544	0.02293	0.24884	0.05172	0.17697	0.06679	0.24302	0.02078	0.01478	0.02035	0.01215	0.01567	0.00936	0.00625	0.00755	0.00212	0.04687	0.00606	0.00311	0.00924
26	0.02478	0.01832	0.01962	0.01510	0.02032	0.02030	0.01245	0.68628	0.05070	0.04109	0.01612	0.01606	0.01145	0.00793	0.00659	0.00198	0.00719	0.00597	0.00659	0.01117
27	0.00779	0.00663	0.00671	0.00676	0.00892	0.00555	0.00504	0.00944	0.01491	0.01775	0.06554	0.08999	0.69902	0.01682	0.00780	0.00224	0.00335	0.01408	0.00611	0.00555
28	0.02361	0.05590	0.01993	0.01885	0.08331	0.65235	0.01334	0.02552	0.01814	0.01657	0.01034	0.01222	0.00865	0.00666	0.00593	0.00171	0.01134	0.00436	0.00336	0.00791
29	0.24294	0.19563	0.23229	0.01371	0.01973	0.08519	0.03405	0.02076	0.03393	0.02205	0.03780	0.01379	0.01046	0.00645	0.00525	0.00189	0.00765	0.00455	0.00351	0.00836
30	0.03368	0.00794	0.03590	0.00835	0.01043	0.00668	0.00667	0.01232	0.01745	0.02444	0.53477	0.04970	0.20009	0.01365	0.00760	0.00210	0.00347	0.01181	0.00674	0.00623
31	0.00913	0.00672	0.00855	0.00809	0.00972	0.00613	0.00607	0.01207	0.01820	0.02537	0.64572	0.05087	0.14113	0.01384	0.00777	0.00209	0.00313	0.01214	0.00711	0.00613
32	0.04911	0.74258	0.03352	0.01116	0.01673	0.02560	0.01110	0.01970	0.01329	0.01604	0.00915	0.01057	0.00840	0.00565	0.00422	0.00143	0.00696	0.00352	0.00287	0.00840
33	0.01626	0.01934	0.15256	0.02305	0.02954	0.01560	0.44397	0.04729	0.01606	0.07905	0.05039	0.01888	0.01288	0.00660	0.00790	0.00219	0.03815	0.00725	0.00393	0.00910
34	0.00979	0.03398	0.11147	0.01209	0.01445	0.00842	0.07086	0.01219	0.01288	0.01745	0.02906	0.52589	0.03339	0.06404	0.00951	0.00275	0.00554	0.01479	0.00517	0.00627
35	0.01144	0.00572	0.00858	0.00858	0.00858	0.00572	0.00572	0.00858	0.00858	0.01144	0.01144	0.02001	0.01144	0.02287	0.02573	0.80846	0.00572	0.00572	0.00286	0.00286
36	0.02323	0.01737	0.01879	0.01429	0.01965	0.01858	0.01177	0.59674	0.02822	0.03832	0.01516	0.01547	0.01097	0.00742	0.00632	0.00182	0.00687	0.00561	0.00616	0.13725
37	0.01320	0.03405	0.73453	0.01876	0.02849	0.01529	0.02432	0.02085	0.01390	0.02085	0.01181	0.01390	0.00834	0.00625	0.00625	0.00208	0.00973	0.00486	0.00278	0.00973
38	0.00846	0.00667	0.00762	0.00745	0.00932	0.00584	0.00556	0.01073	0.01651	0.02150	0.35144	0.07843	0.41625	0.01540	0.00779	0.00217	0.00325	0.01318	0.00661	0.00584
39	0.02534	0.01793	0.01944	0.01491	0.02016	0.01966	0.01231	0.65836	0.03010	0.08995	0.01652	0.01627	0.01155	0.00792	0.00659	0.00198	0.00713	0.00598	0.00670	0.01120
40	0.02459	0.03138	0.01866	0.01696	0.02035	0.74221	0.01272	0.02629	0.01866	0.01611	0.01018	0.01187	0.00848	0.00678	0.00594	0.00170	0.01187	0.00424	0.00339	0.00763
41	0.10399	0.34637	0.26807	0.01363	0.02011	0.01948	0.01507	0.04548	0.01376	0.01984	0.01100	0.01314	0.00901	0.00950	0.06433	0.00247	0.00860	0.00436	0.00314	0.00864
42	0.00784	0.00644	0.00690	0.00727	0.00905	0.00551	0.00527	0.00938	0.01443	0.01755	0.05938	0.23194	0.56104	0.01762	0.00793	0.00233	0.00345	0.01505	0.00611	0.00551
43	0.01785	0.01413	0.01543	0.01273	0.01729	0.01488	0.01010	0.14328	0.39592	0.06450	0.02127	0.02035	0.01592	0.00774	0.00624	0.00188	0.00549	0.00629	0.00608	0.20261
44	0.01607	0.34317	0.29813	0.05818	0.02427	0.07830	0.05897	0.02059	0.01412	0.01799	0.01064	0.01277	0.00852	0.00601	0.00548	0.00178	0.00880	0.00448	0.00289	0.00883
45	0.00778	0.00667	0.00667	0.00667	0.00889	0.00556	0.00500	0.00945	0.01501	0.01778	0.06669	0.06336	0.72490	0.01667	0.00778	0.00222	0.00333	0.01389	0.00611	0.00556
46	0.01320	0.03405	0.73453	0.01876	0.02849	0.01529	0.02432	0.02085	0.01390	0.02085	0.01181	0.01390	0.00834	0.00625	0.00625	0.00208	0.00973	0.00486	0.00278	0.00973
47	0.02799	0.01177	0.01539	0.01201	0.01696	0.01076	0.00985	0.05595	0.09296	0.63345	0.02570	0.02240	0.01652	0.00822	0.00663	0.00206	0.00562	0.00668	0.00794	0.01112
48	0.00802	0.00573	0.00764	0.00917	0.00955	0.00535	0.00611	0.00917	0.01260	0.01681	0.03628	0.76434	0.04354	0.02062	0.00840	0.00267	0.00382	0.01872	0.00611	0.00535
49	0.01066	0.00797	0.01132	0.01095	0.01245	0.00921	0.00857	0.06753	0.01222	0.01739	0.01749	0.02505	0.01604	0.04604	0.68340	0.00989	0.01680	0.00696	0.00377	0.00631
50	0.01697	0.66730	0.13431	0.01233	0.01855	0.02451	0.01313	0.01987	0.01345	0.01625	0.00953	0.01104	0.00843	0.00572	0.00451	0.00150	0.00742	0.00371	0.00281	0.00863
51	0.01709	0.68725	0.11539	0.01213	0.01824	0.02481	0.01277	0.01984	0.01344	0.01611	0.00946	0.01095	0.00844	0.00570	0.00446	0.00149	0.00735	0.00368	0.00281	0.00860
52	0.10852	0.10964	0.01888	0.03760	0.01872	0.14646	0.03703	0.17054	0.07429	0.09138	0.03788	0.06022	0.01440	0.00800	0.00604	0.00191	0.00727	0.00618	0.00507	0.03998
53	0.04632	0.01738	0.01873	0.01793	0.11925	0.08889	0.01267	0.29357	0.18239	0.10763	0.01818	0.01805	0.01329	0.00771	0.00646	0.00201	0.00707	0.00610	0.00592	0.01043
54	0.01012	0.00681	0.00762	0.00746	0.00765	0.00688	0.00429	0.03408	0.01033	0.01378	0.02057	0.04212	0.02349	0.74185	0.03256	0.00623	0.00641	0.00945	0.00408	0.00424
55	0.01760	0.04455	0.12671	0.01698	0.07043	0.01514	0.09275	0.18670	0.07033	0.04961	0.01444	0.01585	0.01090	0.00639	0.00611	0.00174	0.00721	0.00545	0.00458	0.23653
56	0.08296	0.58028	0.02978	0.01195	0.01717	0.10717	0.01118	0.06228	0.01488	0.01828	0.00968	0.01104	0.00851	0.00594	0.00455	0.00153	0.00745	0.00375	0.00321	0.00842
57	0.01251	0.01181	0.01976	0.72243	0.04418	0.01486	0.01812	0.01678	0.01304	0.01678	0.01157	0.01742	0.00877	0.00679	0.00720	0.00222	0.03967	0.00585	0.00292	0.00731
58	0.01537	0.01787	0.11281	0.09713	0.42792	0.03751	0.09816	0.01971	0.01460	0.02042	0.01299	0.04242	0.01101	0.00670	0.00726	0.00208	0.03690	0.00636	0.00327	0.00950
59	0.00923	0.00670	0.00895	0.01032	0.01143	0.00643	0.00814	0.01132	0.01406	0.01828	0.03869	0.36516	0.11006	0.01906	0.00867	0.00280	0.00484	0.33408	0.00609	0.00571
60	0.02954	0.01120	0.01528	0.01171	0.01681	0.00968	0.00968	0.03208	0.01884	0.73213	0.02597	0.02241	0.01630	0.00815	0.00662	0.00204	0.00560	0.00662	0.00815	0.01120
61	0.06057	0.01126	0.01506	0.01159	0.01664	0.00988	0.00958	0.03158	0.01854	0.70438	0.02531	0.02194	0.01593	0.00807	0.00652	0.00204	0.00558	0.00650	0.00799	0.01104
62	0.00798	0.00590	0.00746	0.00870	0.00943	0.00539	0.00591	0.00922	0.01305	0.01699	0.04192	0.63431	0.16993	0.01989	0.00829	0.00259	0.00373	0.01782	0.00611	0.00539
63	0.00858	0.00670	0.00777	0.00750	0.00938	0.00590	0.00563	0.01099	0.01688	0.02224	0.40678	0.05602	0.38203	0.01501	0.00777	0.00214	0.00322	0.01287	0.00670	0.00590
64	0.02714	0.01067	0.01451	0.01131	0.01598	0.00926	0.00926	0.02975	0.01882	0.64833	0.10887	0.02559	0.02174	0.00878	0.00676	0.00204	0.00531	0.00725	0.00804	0.01061
65	0.02542	0.01780	0.01936	0.01484	0.02010	0.01947	0.01226	0.64637	0.02989	0.10225	0.01670	0.01639	0.01164	0.00792	0.00659	0.00198	0.00710	0.00599	0.00672	0.01120
66	0.01629	0.01564	0.02672	0.04041	0.72757	0.01564	0.02020	0.02020	0.01499	0.02151	0.01238	0.01629	0.01043	0.00587	0.00652	0.00196	0.00782	0.00587	0.00326	0.01043
67	0.00905	0.00668	0.00846	0.00809	0.00969	0.00609	0.00604	0.01188	0.01790	0.02483	0.60604	0.07893	0.15349	0.01418	0.00779	0.00212	0.00317	0.01245	0.00705	0.00609
68	0.00940	0.00705	0.01058	0.01058	0.01176	0.00823	0.00823	0.01176	0.01058	0.01528	0.01763	0.02586	0.01646	0.04937	0.74255	0.01058	0.01763	0.00705	0.00353	0.00588
69	0.00940	0.00705	0.01058	0.01058	0.01176	0.00823	0.00823	0.01176	0.01058	0.01528	0.01763	0.02586	0.01646	0.04937	0.74255	0.01058	0.01763	0.00705	0.00353	0.00588
70	0.02459	0.03138	0.01866	0.01696	0.02035	0.74221	0.01272	0.02629	0.01866	0.01611	0.01018	0.01187	0.00848	0.00678	0.00594	0.00170	0.01187	0.00424	0.00339	0.00763
71	0.00802	0.00573	0.00764	0.00917	0.00955	0.00535	0.00611	0.00917	0.01260	0.01681	0.03628	0.76434	0.04354	0.02062	0.00840	0.00267	0.00382	0.01872	0.00611	0.00535
72	0.78748	0.01268	0.00987	0.00876	0.01287	0.01459	0.00722	0.01980	0.01147	0.05428	0.00976	0.01111	0.00745	0.00618	0.00416	0.00204	0.00511	0.00367	0.00422	0.00727
73	0.01320	0.03405	0.73453	0.01876	0.02849	0.01529	0.02432	0.02085	0.01390	0.02085	0.01181	0.01390	0.00834	0.00625	0.00625	0.00208	0.00973	0.00486	0.00278	0.00973
74	0.00940	0.00705	0.01058	0.01058	0.01176	0.00823	0.00823	0.01176	0.01058	0.01528	0.01763	0.02586	0.01646	0.04937	0.74255	0.01058	0.01763	0.00705	0.00353	0.00588
75	0.01418	0.03135	0.58733	0.01902	0.02766	0.07349	0.08333	0.02099	0.01461	0.02070	0.03888	0.01542	0.01054	0.00651	0.00642	0.00207	0.00977	0.00534	0.00305	0.00935
76	0.02112	0.01534	0.01687	0.01357	0.01795	0.01649	0.01091	0.48073	0.06514	0.06210	0.02004	0.14336	0.01729	0.00994	0.00680	0.00205	0.00634	0.00808	0.00641	0.05946
77	0.02954	0.01120	0.01528	0.01171	0.01681	0.00968	0.00968	0.03208	0.01884	0.73213	0.02597	0.02241	0.01630	0.00815	0.00662	0.00204	0.00560	0.00662	0.00815	0.01120
78	0.00932	0.00673	0.00880	0.00828	0.00984	0.00621	0.00621	0.01242	0.01863	0.02640	0.72410	0.04918	0.06212	0.01346	0.00776	0.00207	0.00311	0.01191	0.00725	0.00621
79	0.01535	0.01468	0.02501	0.21504	0.56034	0.01539	0.01973	0.01937	0.01454	0.02036	0.01222	0.01660	0.01002	0.00604	0.00653	0.00201	0.00805	0.00586	0.00318	0.00966
80	0.00947	0.00678	0.00917	0.00917	0.00986	0.00746	0.00647	0.01085	0.01016	0.01424	0.01892	0.03300	0.01956	0.34735	0.44881	0.00884	0.01297	0.00810	0.00372	0.00510
81	0.02954	0.01120	0.01528	0.01171	0.01681	0.00968	0.00968	0.03208	0.01884	0.73213	0.02597	0.02241	0.01630	0.00815	0.00662	0.00204	0.00560	0.00662	0.00815	0.01120
82	0.00802	0.00573	0.00764	0.00917	0.00955	0.00535	0.00611	0.00917	0.01260	0.01681	0.03628	0.76434	0.04354	0.02062	0.00840	0.00267	0.00382	0.01872	0.00611	0.00535
83	0.05591	0.01118	0.01480	0.01158	0.01642	0.00996	0.00949	0.03094	0.04558	0.65470	0.02578	0.04821	0.01708	0.00855	0.00660	0.00207	0.00551	0.00697	0.00788	0.01082
84	0.02937	0.01148	0.01545	0.01184	0.01694	0.01008	0.00978	0.05764	0.01930	0.70593	0.02559	0.02216	0.01610	0.00814	0.00662	0.00203	0.00566	0.00659	0.00809	0.01120
85	0.19024	0.14405	0.41237	0.01616	0.05493	0.01672	0.01789	0.02064	0.01342	0.04246	0.01125	0.01303	0.00842	0.00616	0.00548	0.00196	0.00808	0.00446	0.00325	0.00903
86	0.04042	0.36301	0.32569	0.01466	0.02187	0.02047	0.01666	0.06436	0.04129	0.02027	0.01136	0.01283	0.00898	0.00618	0.00532	0.00178	0.00805	0.00439	0.00323	0.00920
87	0.01358	0.01034	0.01524	0.15934	0.06648	0.01180	0.03812	0.06264	0.01392	0.04727	0.01617	0.02116	0.01333	0.01966	0.21974	0.00450	0.07675	0.00636	0.17630	0.00731
88	0.00944	0.00632	0.00722	0.00736	0.00739	0.00629	0.00418	0.00954	0.00984	0.01313	0.02213	0.10741	0.02568	0.70192	0.03127	0.00605	0.00615	0.01039	0.00418	0.00411
89	0.01932	0.59055	0.03061	0.01266	0.01775	0.20194	0.01162	0.02133	0.01467	0.01564	0.00940	0.01088	0.00846	0.00592	0.00464	0.00148	0.00823	0.00370	0.00296	0.00825
90	0.00825	0.00673	0.00726	0.00728	0.00929	0.00581	0.00552	0.01017	0.01539	0.01904	0.16107	0.06134	0.56015	0.03911	0.00864	0.00238	0.00357	0.05716	0.00621	0.00564
91	0.01980	0.45599	0.07774	0.01377	0.01894	0.25902	0.01269	0.04284	0.01567	0.01686	0.00988	0.01138	0.00853	0.00612	0.00500	0.00157	0.00881	0.00392	0.00312	0.00835
92	0.01320	0.03405	0.73453	0.01876	0.02849	0.01529	0.02432	0.02085	0.01390	0.02085	0.01181	0.01390	0.00834	0.00625	0.00625	0.00208	0.00973	0.00486	0.00278	0.00973
93	0.01617	0.01632	0.02823	0.08708	0.52439	0.04132	0.14850	0.02035	0.01509	0.02091	0.01243	0.01650	0.01016	0.00589	0.00674	0.00201	0.00865	0.00617	0.00325	0.00982
94	0.02426	0.01806	0.01933	0.01499	0.02013	0.02006	0.01233	0.64660	0.09122	0.04026	0.01677	0.01658	0.01198	0.00799	0.00660	0.00200	0.00707	0.00606	0.00660	0.01113
95	0.01524	0.01787	0.06351	0.08097	0.05605	0.01642	0.60682	0.02074	0.01529	0.02078	0.01311	0.01755	0.00985	0.00566	0.00759	0.00220	0.01078	0.00746	0.00328	0.00884
96	0.00947	0.00680	0.00930	0.00930	0.01003	0.00753	0.00663	0.01093	0.01020	0.01433	0.01881	0.03235	0.01928	0.32044	0.47533	0.00900	0.01339	0.00800	0.00370	0.00517
97	0.00932	0.00673	0.00880	0.00828	0.00984	0.00621	0.00621	0.01242	0.01863	0.02640	0.72410	0.04918	0.06212	0.01346	0.00776	0.00207	0.00311	0.01191	0.00725	0.00621
98	0.01320	0.03405	0.73453	0.01876	0.02849	0.01529	0.02432	0.02085	0.01390	0.02085	0.01181	0.01390	0.00834	0.00625	0.00625	0.00208	0.00973	0.00486	0.00278	0.00973
99	0.01672	0.01431	0.01508	0.01347	0.01725	0.01653	0.01050	0.06147	0.68863	0.02809	0.02636	0.02422	0.01974	0.00889	0.00669	0.00222	0.00529	0.00738	0.00669	0.01045
100	0.00778	0.00667	0.00667	0.00667	0.00889	0.00556	0.00500	0.00945	0.01501	0.01778	0.06669	0.06336	0.72490	0.01667	0.00778	0.00222	0.00333	0.01389	0.00611	0.00556
101	0.00932	0.00673	0.00880	0.00828	0.00984	0.00621	0.00621	0.01242	0.01863	0.02640	0.72410	0.04918	0.06212	0.01346	0.00776	0.00207	0.00311	0.01191	0.00725	0.00621
102	0.02474	0.01830	0.01960	0.01509	0.02031	0.02028	0.01244	0.68373	0.05330	0.04103	0.01616	0.01609	0.01149	0.00794	0.00659	0.00198	0.00718	0.00598	0.00659	0.01117
103	0.01564	0.01723	0.05925	0.03144	0.30862	0.01653	0.33883	0.02022	0.01473	0.02074	0.01244	0.01670	0.00997	0.00628	0.00854	0.00217	0.08136	0.00671	0.00324	0.00937
104	0.02503	0.01844	0.01976	0.01515	0.02042	0.02042	0.01251	0.70562	0.03095	0.04149	0.01581	0.01581	0.01120	0.00790	0.00659	0.00198	0.00724	0.00593	0.00659	0.01120
105	0.00779	0.00663	0.00671	0.00677	0.00892	0.00555	0.00504	0.00944	0.01491	0.01775	0.06551	0.09059	0.69843	0.01683	0.00780	0.00224	0.00335	0.01408	0.00611	0.00555
106	0.01411	0.11882	0.53592	0.01937	0.02810	0.01679	0.13575	0.02075	0.01411	0.02025	0.01175	0.01415	0.00863	0.00606	0.00627	0.00203	0.00964	0.00519	0.00288	0.00944
107	0.01029	0.00735	0.01025	0.01177	0.01314	0.00731	0.01006	0.01310	0.01485	0.01935	0.03503	0.15798	0.03857	0.01848	0.00901	0.00299	0.00579	0.60264	0.00607	0.00598
108	0.00940	0.00705	0.01058	0.01058	0.01176	0.00823	0.00823	0.01176	0.01058	0.01528	0.01763	0.02586	0.01646	0.04937	0.74255	0.01058	0.01763	0.00705	0.00353	0.00588
109	0.00819	0.00673	0.00724	0.00726	0.00933	0.00578	0.00553	0.01017	0.01559	0.01926	0.16820	0.06179	0.57870	0.01626	0.00786	0.00225	0.00346	0.05441	0.00629	0.00569
110	0.06173	0.01606	0.08783	0.15918	0.29292	0.01549	0.08394	0.01998	0.04063	0.04219	0.01345	0.01833	0.01098	0.00714	0.00801	0.00218	0.07940	0.02800	0.00354	0.00903
111	0.01503	0.02924	0.01763	0.03674	0.13924	0.03898	0.08499	0.05310	0.01504	0.10519	0.02321	0.29256	0.02379	0.05459	0.00937	0.00252	0.03489	0.01096	0.00509	0.00782
112	0.02639	0.01438	0.01874	0.01427	0.01951	0.01425	0.06648	0.26921	0.04560	0.40802	0.02139	0.01977	0.01411	0.00788	0.00670	0.00204	0.00661	0.00649	0.00716	0.01099
113	0.04363	0.01560	0.01780	0.01676	0.09675	0.01723	0.01210	0.27125	0.32677	0.07969	0.02072	0.01998	0.01522	0.00809	0.00656	0.00209	0.00625	0.00656	0.00630	0.01065
114	0.01697	0.04866	0.16471	0.07239	0.20691	0.04272	0.09548	0.06116	0.01560	0.09716	0.01413	0.01709	0.01085	0.01034	0.07173	0.00279	0.03217	0.00591	0.00387	0.00935
115	0.02061	0.02289	0.03899	0.07954	0.08138	0.36570	0.11882	0.04931	0.01741	0.07150	0.01436	0.01663	0.03167	0.00843	0.03222	0.00221	0.01042	0.00569	0.00388	0.00835
116	0.01110	0.00959	0.01083	0.01064	0.01184	0.08825	0.00793	0.01294	0.01128	0.01490	0.01740	0.02754	0.01698	0.17889	0.52962	0.00882	0.01490	0.00722	0.00360	0.00572
117	0.09876	0.02503	0.33943	0.01593	0.02218	0.13679	0.04332	0.02219	0.08027	0.04642	0.04431	0.06737	0.01430	0.00790	0.00630	0.00207	0.00842	0.00628	0.00400	0.00874
118	0.04360	0.06899	0.08789	0.02197	0.22474	0.05978	0.01517	0.20157	0.03896	0.07688	0.01601	0.01747	0.03778	0.00748	0.00721	0.00200	0.05217	0.00586	0.00463	0.00985
119	0.01727	0.11365	0.21025	0.10645	0.11091	0.08677	0.03753	0.06372	0.05818	0.07053	0.01356	0.01548	0.01024	0.00652	0.00609	0.00190	0.00832	0.00526	0.00384	0.05353

[dist]
# distance from previous block
# <min> <max>
1	6

[block]
# block no. 1 follows, 33 sequences, length 46
# corresponding to MSA columns:
# 126-171
name=unknown_B
#
# <colnr> <probs for GDERKNQSTAVLIFYWHMCP>
#	G	D	E	R	K	N	Q	S	T	A	V	L	I	F	Y	W	H	M	C	P
0	0.04053	0.08308	0.06737	0.03670	0.07166	0.04678	0.08287	0.07571	0.03692	0.02334	0.22845	0.02955	0.07857	0.03129	0.00816	0.00217	0.03584	0.00817	0.00500	0.00785
1	0.01545	0.08694	0.30085	0.01665	0.06078	0.10149	0.03127	0.04110	0.07840	0.02094	0.03618	0.01790	0.02834	0.03598	0.00711	0.00203	0.00817	0.00555	0.00375	0.10113
2	0.03213	0.03168	0.03185	0.00808	0.01063	0.00763	0.00645	0.01253	0.07092	0.01913	0.07719	0.11997	0.51786	0.01534	0.00749	0.00223	0.00389	0.01285	0.00593	0.00622
3	0.01765	0.52175	0.18791	0.01330	0.01973	0.04610	0.01420	0.04952	0.01463	0.04706	0.01074	0.01205	0.00886	0.00601	0.00493	0.00162	0.00774	0.00407	0.00320	0.00893
4	0.03988	0.01277	0.05670	0.03327	0.05829	0.00966	0.00970	0.01699	0.01372	0.04279	0.01417	0.07743	0.01264	0.00653	0.00543	0.00134	0.00539	0.00545	0.00409	0.57377
5	0.01610	0.01623	0.02984	0.05182	0.41800	0.01638	0.24126	0.04098	0.01529	0.02149	0.01253	0.01666	0.01015	0.00621	0.00791	0.00211	0.05754	0.00648	0.00335	0.00966
6	0.00802	0.00573	0.00764	0.00917	0.00955	0.00535	0.00611	0.00917	0.01260	0.01681	0.03628	0.76434	0.04354	0.02062	0.00840	0.00267	0.00382	0.01872	0.00611	0.00535
7	0.01458	0.01354	0.04498	0.07532	0.10685	0.01417	0.01204	0.02683	0.41113	0.02544	0.15559	0.02721	0.02548	0.00911	0.00685	0.00216	0.00561	0.00786	0.00591	0.00934
8	0.04210	0.01477	0.01665	0.01338	0.01770	0.03888	0.03940	0.35266	0.05363	0.14337	0.02540	0.09228	0.10017	0.01003	0.00687	0.00209	0.00637	0.00820	0.00643	0.00963
9	0.00820	0.00669	0.00725	0.00711	0.00915	0.00574	0.00533	0.01026	0.01600	0.02015	0.24712	0.05946	0.54299	0.01579	0.00778	0.00218	0.00327	0.01335	0.00642	0.00574
10	0.00957	0.00638	0.00718	0.00718	0.00718	0.00638	0.00399	0.00957	0.00957	0.01276	0.02074	0.04308	0.02393	0.76864	0.03351	0.00638	0.00638	0.00957	0.00399	0.00399
11	0.01320	0.03405	0.73453	0.01876	0.02849	0.01529	0.02432	0.02085	0.01390	0.02085	0.01181	0.01390	0.00834	0.00625	0.00625	0.00208	0.00973	0.00486	0.00278	0.00973
12	0.01334	0.01263	0.02138	0.58576	0.20532	0.01486	0.01873	0.01761	0.01359	0.01792	0.01186	0.01726	0.00916	0.00641	0.00657	0.00214	0.00855	0.00585	0.00300	0.00804
13	0.01061	0.00758	0.01061	0.01212	0.01364	0.00758	0.01061	0.01364	0.01515	0.01970	0.03486	0.07426	0.03789	0.01819	0.00909	0.00303	0.00606	0.68326	0.00606	0.00606
14	0.00833	0.00629	0.00778	0.00884	0.00995	0.00574	0.00644	0.00991	0.01372	0.01753	0.04538	0.44755	0.25132	0.01905	0.00831	0.00259	0.00400	0.11562	0.00610	0.00552
15	0.01669	0.10314	0.24612	0.02129	0.11405	0.07060	0.15178	0.10188	0.04399	0.02265	0.01464	0.01672	0.03335	0.00668	0.00645	0.00199	0.00895	0.00589	0.00371	0.00942
16	0.01629	0.01564	0.02672	0.04041	0.72757	0.01564	0.02020	0.02020	0.01499	0.02151	0.01238	0.01629	0.01043	0.00587	0.00652	0.00196	0.00782	0.00587	0.00326	0.01043
17	0.01227	0.00614	0.00614	0.00614	0.00767	0.00614	0.00460	0.01534	0.01381	0.02454	0.02148	0.02454	0.01687	0.00767	0.00460	0.00153	0.00307	0.00614	0.80518	0.00614
18	0.00952	0.00718	0.00890	0.00879	0.01046	0.00681	0.00665	0.01323	0.06448	0.02354	0.44370	0.13255	0.15599	0.01483	0.00787	0.00225	0.00360	0.06653	0.00681	0.00629
19	0.01714	0.04787	0.14486	0.01856	0.12786	0.07436	0.05827	0.08429	0.08793	0.09332	0.04315	0.08679	0.04363	0.00875	0.00664	0.00205	0.00730	0.00749	0.03061	0.00912
20	0.09034	0.01284	0.01549	0.01211	0.01691	0.01256	0.00990	0.18004	0.04328	0.47098	0.02218	0.02088	0.01485	0.03782	0.00747	0.00220	0.00594	0.00636	0.00726	0.01057
21	0.47069	0.01510	0.01348	0.01128	0.01568	0.04455	0.00921	0.21435	0.06890	0.06177	0.01307	0.01368	0.00966	0.00693	0.00515	0.00202	0.00599	0.00467	0.00512	0.00870
22	0.01356	0.09330	0.67837	0.01816	0.02756	0.01615	0.02328	0.02076	0.01386	0.02042	0.01160	0.01363	0.00835	0.00620	0.00609	0.00203	0.00951	0.00476	0.00278	0.00963
23	0.00925	0.00661	0.00894	0.00918	0.00982	0.00714	0.00642	0.01059	0.01054	0.01464	0.02161	0.14641	0.02326	0.29539	0.38176	0.00789	0.01157	0.00974	0.00409	0.00514
24	0.01614	0.01549	0.02645	0.06838	0.70079	0.01560	0.02013	0.02007	0.01492	0.02132	0.01236	0.01634	0.01036	0.00589	0.00652	0.00196	0.00786	0.00587	0.00325	0.01031
25	0.00823	0.00588	0.00788	0.00940	0.00988	0.00553	0.00647	0.00953	0.01281	0.01704	0.03617	0.70898	0.04309	0.02043	0.00846	0.00270	0.00400	0.07203	0.00611	0.00540
26	0.02954	0.01120	0.01528	0.01171	0.01681	0.00968	0.00968	0.03208	0.01884	0.73213	0.02597	0.02241	0.01630	0.00815	0.00662	0.00204	0.00560	0.00662	0.00815	0.01120
27	0.00818	0.00585	0.00778	0.00906	0.00958	0.00545	0.00612	0.00956	0.01333	0.01796	0.11907	0.67826	0.04578	0.01976	0.00833	0.00260	0.00373	0.01790	0.00625	0.00545
28	0.81514	0.01273	0.00968	0.00866	0.01273	0.01477	0.00713	0.01935	0.01120	0.02954	0.00917	0.01069	0.00713	0.00611	0.00407	0.00204	0.00509	0.00356	0.00407	0.00713
29	0.00778	0.00667	0.00667	0.00667	0.00889	0.00556	0.00500	0.00945	0.01501	0.01778	0.06669	0.06336	0.72490	0.01667	0.00778	0.00222	0.00333	0.01389	0.00611	0.00556
30	0.02936	0.01148	0.01545	0.01184	0.01694	0.01009	0.00978	0.05785	0.01931	0.70571	0.02558	0.02215	0.01610	0.00814	0.00662	0.00203	0.00566	0.00659	0.00809	0.01120
31	0.00928	0.00640	0.00827	0.00934	0.01020	0.00601	0.00650	0.02920	0.01360	0.04124	0.03763	0.63847	0.09326	0.01947	0.00827	0.00261	0.00403	0.04428	0.00619	0.00574
32	0.01354	0.09013	0.68138	0.01819	0.02761	0.01611	0.02333	0.02076	0.01386	0.02044	0.01161	0.01365	0.00835	0.00621	0.00610	0.00203	0.00953	0.00476	0.00278	0.00963
33	0.28664	0.01493	0.01542	0.01223	0.01707	0.01613	0.01010	0.32746	0.02171	0.19322	0.01591	0.01561	0.01100	0.00737	0.00577	0.00201	0.00616	0.00530	0.00611	0.00986
34	0.00941	0.00674	0.00914	0.00921	0.00989	0.00740	0.00650	0.01081	0.01027	0.01437	0.01959	0.06218	0.02044	0.32705	0.43821	0.00864	0.01272	0.00850	0.00381	0.00512
35	0.01243	0.01170	0.01975	0.75282	0.04534	0.01463	0.01828	0.01682	0.01316	0.01682	0.01170	0.01755	0.00878	0.00658	0.00658	0.00219	0.00878	0.00585	0.00293	0.00731
36	0.01028	0.00782	0.01087	0.01096	0.01225	0.00764	0.05058	0.08302	0.01471	0.01967	0.03269	0.63890	0.03804	0.01834	0.00817	0.00257	0.00464	0.01669	0.00599	0.00618
37	0.01760	0.77260	0.03450	0.01126	0.01690	0.02605	0.01126	0.01971	0.01338	0.01549	0.00915	0.01056	0.00845	0.00563	0.00422	0.00141	0.00704	0.00352	0.00282	0.00845
38	0.00917	0.00711	0.00843	0.00838	0.01008	0.00666	0.00617	0.01271	0.07229	0.02205	0.33769	0.19132	0.25264	0.01546	0.00781	0.00225	0.00348	0.01347	0.00664	0.00619
39	0.00990	0.00691	0.00870	0.00815	0.00996	0.00624	0.00615	0.01273	0.01801	0.05457	0.58074	0.05051	0.17513	0.01379	0.00772	0.00210	0.00325	0.01203	0.00709	0.00631
40	0.01531	0.03011	0.53922	0.01872	0.05350	0.06063	0.02123	0.08079	0.07683	0.02293	0.01338	0.01496	0.00970	0.00665	0.00631	0.00206	0.00918	0.00518	0.00350	0.00981
41	0.01894	0.12891	0.14603	0.07555	0.13634	0.13947	0.04224	0.14398	0.01817	0.05149	0.03037	0.01545	0.01098	0.00674	0.00615	0.00189	0.00861	0.00535	0.00400	0.00932
42	0.01015	0.00720	0.00800	0.00768	0.00997	0.00627	0.00580	0.01249	0.03342	0.08193	0.15495	0.10228	0.50500	0.01552	0.00769	0.00221	0.00358	0.01312	0.00647	0.00626
43	0.00812	0.00581	0.00773	0.00910	0.00957	0.00542	0.00612	0.00943	0.01309	0.01758	0.09146	0.70697	0.04503	0.02005	0.00835	0.00263	0.00376	0.01817	0.00620	0.00542
44	0.01723	0.01775	0.06311	0.05022	0.27432	0.08290	0.11692	0.06570	0.10593	0.04290	0.03945	0.01825	0.01317	0.00716	0.00766	0.00209	0.05522	0.00637	0.00415	0.00952
45	0.04604	0.02066	0.09745	0.03968	0.04553	0.15845	0.08266	0.20772	0.11756	0.05559	0.01650	0.01942	0.01282	0.00779	0.00660	0.00206	0.00839	0.04065	0.00497	0.00946

[dist]
# distance from previous block
# <min> <max>
0	3

[block]
# block no. 2 follows, 33 sequences, length 43
# corresponding to MSA columns:
# 175-217
name=unknown_C
#
# <colnr> <probs for GDERKNQSTAVLIFYWHMCP>
#	G	D	E	R	K	N	Q	S	T	A	V	L	I	F	Y	W	H	M	C	P
0	0.01618	0.05772	0.29136	0.02235	0.06572	0.10896	0.25821	0.03986	0.01545	0.02053	0.01205	0.01504	0.00913	0.00624	0.00716	0.00207	0.03382	0.00585	0.00318	0.00911
1	0.04812	0.60273	0.06078	0.01179	0.01727	0.02376	0.01154	0.02194	0.11400	0.01799	0.01180	0.01272	0.01006	0.00615	0.00466	0.00158	0.00682	0.00414	0.00342	0.00873
2	0.02189	0.01774	0.01926	0.01620	0.04736	0.06895	0.04281	0.38753	0.22546	0.05531	0.01865	0.01836	0.01364	0.00794	0.00662	0.00204	0.00712	0.00635	0.00617	0.01059
3	0.01659	0.11605	0.46887	0.01653	0.02452	0.01662	0.01937	0.09042	0.06148	0.08785	0.01416	0.01517	0.01013	0.00669	0.00611	0.00200	0.00850	0.00514	0.00391	0.00990
4	0.05828	0.01542	0.01785	0.01396	0.01880	0.06683	0.06158	0.23746	0.06785	0.23738	0.06206	0.01986	0.01585	0.00782	0.00647	0.00194	0.00671	0.00636	0.00631	0.07121
5	0.08881	0.02896	0.12074	0.01629	0.02080	0.51736	0.01383	0.06410	0.01806	0.03743	0.01105	0.01256	0.00870	0.00675	0.00588	0.00180	0.01058	0.00443	0.00366	0.00819
6	0.08231	0.01522	0.01564	0.01293	0.01733	0.11721	0.01052	0.13837	0.05766	0.36259	0.02170	0.02385	0.01587	0.00873	0.00656	0.00208	0.00675	0.06815	0.00665	0.00988
7	0.00831	0.00599	0.00790	0.00908	0.00975	0.00558	0.00628	0.00984	0.01367	0.01835	0.13618	0.60491	0.07128	0.01934	0.00832	0.00259	0.00380	0.04705	0.00627	0.00551
8	0.01629	0.01564	0.02672	0.04041	0.72757	0.01564	0.02020	0.02020	0.01499	0.02151	0.01238	0.01629	0.01043	0.00587	0.00652	0.00196	0.00782	0.00587	0.00326	0.01043
9	0.00844	0.00626	0.00793	0.00916	0.00989	0.00595	0.00624	0.01056	0.04999	0.01746	0.03854	0.66157	0.10418	0.01965	0.00826	0.00261	0.00385	0.01768	0.00614	0.00563
10	0.00853	0.00658	0.00700	0.00716	0.00908	0.00574	0.00537	0.01046	0.01491	0.01910	0.10003	0.11607	0.51681	0.01585	0.00753	0.00221	0.00345	0.04300	0.09545	0.00567
11	0.02294	0.02494	0.01809	0.01581	0.01968	0.43338	0.01219	0.17358	0.16945	0.02397	0.01491	0.01541	0.01153	0.00748	0.00624	0.00187	0.00947	0.00528	0.00478	0.00899
12	0.00940	0.00705	0.01058	0.01058	0.01176	0.00823	0.00823	0.01176	0.01058	0.01528	0.01763	0.02586	0.01646	0.04937	0.74255	0.01058	0.01763	0.00705	0.00353	0.00588
13	0.00992	0.00741	0.00931	0.00898	0.01061	0.00722	0.00667	0.01448	0.09563	0.02515	0.54738	0.14918	0.05475	0.01398	0.00774	0.00218	0.00344	0.01239	0.00702	0.00656
14	0.00802	0.00573	0.00764	0.00917	0.00955	0.00535	0.00611	0.00917	0.01260	0.01681	0.03628	0.76434	0.04354	0.02062	0.00840	0.00267	0.00382	0.01872	0.00611	0.00535
15	0.01814	0.01307	0.01445	0.01253	0.01634	0.01431	0.00987	0.08880	0.45729	0.13686	0.08570	0.02743	0.05673	0.00948	0.00682	0.00217	0.00518	0.00787	0.00693	0.01002
16	0.02194	0.00992	0.01306	0.01092	0.01462	0.00904	0.00865	0.02575	0.07712	0.45134	0.14440	0.13367	0.02820	0.01090	0.00707	0.00215	0.00489	0.00931	0.00758	0.00946
17	0.02564	0.01232	0.01526	0.01218	0.01686	0.01198	0.00990	0.09682	0.16686	0.48889	0.02499	0.02231	0.01663	0.00827	0.00655	0.00205	0.00558	0.00671	0.03936	0.01084
18	0.01760	0.01428	0.01508	0.01292	0.01686	0.01596	0.01023	0.22279	0.41833	0.03011	0.02945	0.02770	0.11997	0.00976	0.00682	0.00216	0.00552	0.00795	0.00658	0.00994
19	0.01803	0.01435	0.01536	0.01345	0.01740	0.01631	0.01056	0.09659	0.60725	0.07466	0.02573	0.02361	0.01903	0.00879	0.00668	0.00220	0.00542	0.00725	0.00678	0.01054
20	0.01652	0.01390	0.01386	0.01244	0.01592	0.06957	0.00964	0.02969	0.48502	0.07732	0.07482	0.02951	0.10337	0.00990	0.00683	0.00217	0.00540	0.00817	0.00652	0.00943
21	0.00870	0.00660	0.00801	0.00788	0.00951	0.00591	0.00583	0.01114	0.01684	0.02266	0.44401	0.13345	0.26496	0.01525	0.00784	0.00219	0.00326	0.01328	0.00677	0.00591
22	0.06365	0.04831	0.01608	0.01299	0.01691	0.09154	0.01030	0.18237	0.29119	0.07053	0.04899	0.02296	0.04340	0.04231	0.00761	0.00224	0.00636	0.00684	0.00598	0.00946
23	0.02390	0.02708	0.01854	0.01622	0.01983	0.53338	0.01247	0.17385	0.02086	0.02192	0.01172	0.01324	0.00936	0.00723	0.00662	0.00180	0.03825	0.00473	0.03066	0.00834
24	0.01979	0.01554	0.01677	0.03844	0.01896	0.01746	0.01124	0.35302	0.31192	0.03295	0.02255	0.02241	0.04585	0.03334	0.00756	0.00224	0.00626	0.00701	0.00641	0.01027
25	0.01533	0.01510	0.05896	0.13641	0.17928	0.05308	0.03489	0.05767	0.06391	0.04240	0.03570	0.05552	0.03782	0.00924	0.02738	0.00227	0.06958	0.00678	0.00415	0.09453
26	0.00957	0.00638	0.00718	0.00718	0.00718	0.00638	0.00399	0.00957	0.00957	0.01276	0.02074	0.04308	0.02393	0.76864	0.03351	0.00638	0.00638	0.00957	0.00399	0.00399
27	0.01385	0.01315	0.02231	0.49134	0.29574	0.01500	0.01899	0.01806	0.01383	0.01854	0.01195	0.01709	0.00938	0.00632	0.00656	0.00211	0.00843	0.00586	0.00305	0.00846
28	0.01726	0.04828	0.06603	0.01324	0.03571	0.03626	0.01085	0.17304	0.18567	0.08970	0.07454	0.10358	0.09659	0.01051	0.00686	0.00212	0.00588	0.00871	0.00607	0.00910
29	0.03744	0.10449	0.10292	0.01732	0.08178	0.10462	0.03251	0.25672	0.04689	0.11161	0.01488	0.01560	0.01093	0.00721	0.00656	0.00194	0.02614	0.00547	0.00502	0.00996
30	0.00812	0.00660	0.00721	0.00735	0.00926	0.00569	0.00548	0.00998	0.01526	0.01896	0.15525	0.13858	0.53352	0.01670	0.00789	0.00228	0.00345	0.03650	0.00627	0.00564
31	0.00807	0.00577	0.00774	0.00921	0.00962	0.00544	0.00618	0.00925	0.01254	0.01675	0.03566	0.73960	0.04263	0.02159	0.03300	0.00294	0.00428	0.01832	0.00602	0.00536
32	0.01539	0.03735	0.02324	0.20685	0.30178	0.03447	0.05406	0.04889	0.05228	0.02027	0.01288	0.01708	0.01054	0.00904	0.04420	0.00254	0.09076	0.00599	0.00347	0.00890
33	0.01860	0.01606	0.08812	0.02412	0.29732	0.01449	0.01537	0.18364	0.01885	0.11719	0.01834	0.12457	0.01594	0.00881	0.00679	0.00209	0.00700	0.00773	0.00505	0.00991
34	0.01046	0.00758	0.00935	0.00995	0.01109	0.00752	0.00700	0.10924	0.01531	0.02038	0.03427	0.63529	0.05979	0.01868	0.00812	0.00256	0.00430	0.01673	0.00618	0.00619
35	0.00955	0.00648	0.00767	0.00767	0.00785	0.00665	0.00461	0.00989	0.00972	0.01313	0.02029	0.04058	0.02285	0.66408	0.13658	0.00699	0.00802	0.00921	0.00392	0.00426
36	0.04428	0.27559	0.18224	0.01901	0.14306	0.07497	0.03882	0.04758	0.01507	0.05884	0.01197	0.01398	0.00958	0.00756	0.02949	0.00208	0.00848	0.00480	0.00345	0.00915
37	0.00834	0.00656	0.00725	0.00752	0.00909	0.00581	0.00544	0.00987	0.01412	0.01755	0.09161	0.15554	0.44966	0.12516	0.01164	0.00292	0.00400	0.05668	0.00587	0.00537
38	0.00873	0.00635	0.00812	0.00899	0.00987	0.00596	0.00623	0.03060	0.01436	0.01923	0.15332	0.56470	0.10155	0.01872	0.00819	0.00251	0.00376	0.01680	0.00632	0.00568
39	0.01085	0.00873	0.01009	0.01075	0.01254	0.03248	0.00866	0.01516	0.10297	0.01951	0.03906	0.15006	0.17436	0.04886	0.00938	0.00282	0.00532	0.32603	0.00598	0.00638
40	0.04580	0.04043	0.01926	0.05216	0.06053	0.17966	0.01257	0.33827	0.02329	0.10765	0.01472	0.01538	0.01073	0.00725	0.00623	0.00187	0.00803	0.00540	0.00538	0.04538
41	0.01031	0.00745	0.01019	0.01161	0.01299	0.00745	0.00976	0.01351	0.03790	0.01942	0.03486	0.20218	0.03836	0.01834	0.00888	0.00294	0.00561	0.53608	0.00609	0.00607
42	0.04475	0.03557	0.04493	0.02865	0.40053	0.05694	0.04313	0.12745	0.05811	0.02474	0.01341	0.01593	0.01072	0.00635	0.00630	0.00190	0.00768	0.00565	0.00403	0.06322

[dist]
# distance from previous block
# <min> <max>
0	1

[block]
# block no. 3 follows, 33 sequences, length 177
# corresponding to MSA columns:
# 219-395
name=unknown_D
#
# <colnr> <probs for GDERKNQSTAVLIFYWHMCP>
#	G	D	E	R	K	N	Q	S	T	A	V	L	I	F	Y	W	H	M	C	P
0	0.02468	0.05204	0.01923	0.01502	0.01964	0.23349	0.01207	0.35904	0.06121	0.11564	0.01567	0.01568	0.01136	0.00756	0.00631	0.00189	0.00830	0.00549	0.00568	0.00998
1	0.01403	0.01033	0.01227	0.04391	0.01514	0.00912	0.00796	0.01857	0.09414	0.08591	0.10064	0.02653	0.09081	0.03283	0.00685	0.00173	0.00474	0.00687	0.05780	0.35984
2	0.01747	0.75009	0.05583	0.01149	0.01725	0.02572	0.01166	0.01975	0.01339	0.01565	0.00923	0.01066	0.00845	0.00565	0.00429	0.00143	0.00712	0.00356	0.00282	0.00849
3	0.00940	0.00705	0.01058	0.01058	0.01176	0.00823	0.00823	0.01176	0.01058	0.01528	0.01763	0.02586	0.01646	0.04937	0.74255	0.01058	0.01763	0.00705	0.00353	0.00588
4	0.01079	0.00743	0.00850	0.00825	0.00881	0.00761	0.00516	0.07257	0.01188	0.01591	0.02192	0.12071	0.02470	0.58904	0.05493	0.00573	0.00660	0.01017	0.00444	0.00486
5	0.01723	0.01242	0.01362	0.01201	0.01573	0.01347	0.00941	0.03033	0.48226	0.14669	0.03315	0.03050	0.13413	0.01006	0.00686	0.00220	0.00497	0.00835	0.00685	0.00976
6	0.01099	0.00744	0.00881	0.00852	0.01060	0.00680	0.00635	0.01410	0.06117	0.09308	0.21978	0.19283	0.30414	0.01528	0.00771	0.00226	0.00373	0.01320	0.00664	0.00657
7	0.02248	0.01741	0.01711	0.01375	0.01798	0.09825	0.01099	0.48097	0.02571	0.05691	0.01688	0.03825	0.01332	0.06310	0.00834	0.00225	0.00721	0.00638	0.07301	0.00970
8	0.01629	0.01564	0.02672	0.04041	0.72757	0.01564	0.02020	0.02020	0.01499	0.02151	0.01238	0.01629	0.01043	0.00587	0.00652	0.00196	0.00782	0.00587	0.00326	0.01043
9	0.00858	0.00666	0.00779	0.00759	0.00940	0.00588	0.00566	0.01096	0.01677	0.02215	0.40161	0.08247	0.36046	0.01518	0.00780	0.00216	0.00324	0.01306	0.00669	0.00588
10	0.00870	0.00671	0.00795	0.00764	0.00946	0.00595	0.00573	0.01123	0.01718	0.02296	0.46127	0.05485	0.32710	0.01474	0.00777	0.00213	0.00320	0.01270	0.00679	0.00595
11	0.01014	0.00691	0.00906	0.00842	0.01012	0.00635	0.00635	0.01323	0.01864	0.05528	0.69553	0.04808	0.06024	0.01324	0.00772	0.00207	0.00321	0.01169	0.00728	0.00642
12	0.02292	0.02836	0.02013	0.01759	0.02131	0.60122	0.07607	0.02670	0.08964	0.01774	0.01216	0.01371	0.00981	0.00689	0.00618	0.00180	0.01112	0.00489	0.00372	0.00803
13	0.00802	0.00573	0.00764	0.00917	0.00955	0.00535	0.00611	0.00917	0.01260	0.01681	0.03628	0.76434	0.04354	0.02062	0.00840	0.00267	0.00382	0.01872	0.00611	0.00535
14	0.02459	0.03138	0.01866	0.01696	0.02035	0.74221	0.01272	0.02629	0.01866	0.01611	0.01018	0.01187	0.00848	0.00678	0.00594	0.00170	0.01187	0.00424	0.00339	0.00763
15	0.01698	0.61337	0.16484	0.01283	0.01916	0.04456	0.01375	0.02011	0.01363	0.01651	0.00968	0.01122	0.00843	0.00578	0.00465	0.00154	0.00768	0.00379	0.00283	0.00866
16	0.05277	0.01151	0.01374	0.01115	0.01531	0.01086	0.00888	0.16002	0.01890	0.26727	0.04769	0.14343	0.06105	0.01019	0.00662	0.00197	0.00529	0.00848	0.00650	0.13837
17	0.05189	0.07192	0.26449	0.02340	0.19636	0.11320	0.08715	0.05583	0.01581	0.04209	0.01221	0.01459	0.00936	0.00625	0.00623	0.00196	0.00907	0.00528	0.00344	0.00946
18	0.00904	0.00653	0.00870	0.00958	0.01029	0.00659	0.00668	0.03594	0.01269	0.01718	0.03065	0.53772	0.03543	0.06869	0.16641	0.00454	0.00704	0.01523	0.00546	0.00560
19	0.11142	0.01136	0.01469	0.01139	0.01638	0.01021	0.00941	0.03076	0.01805	0.65890	0.02422	0.02119	0.01534	0.00794	0.00635	0.00204	0.00555	0.00630	0.00772	0.01078
20	0.01185	0.00924	0.01261	0.05882	0.13341	0.00902	0.00948	0.01573	0.07028	0.06333	0.20711	0.12222	0.22543	0.01279	0.00741	0.00218	0.00470	0.01118	0.00589	0.00733
21	0.03845	0.03859	0.14803	0.15512	0.10273	0.01527	0.24108	0.03883	0.01509	0.02117	0.06752	0.01993	0.03241	0.00704	0.00732	0.00214	0.03025	0.00685	0.00362	0.00857
22	0.00802	0.00573	0.00764	0.00917	0.00955	0.00535	0.00611	0.00917	0.01260	0.01681	0.03628	0.76434	0.04354	0.02062	0.00840	0.00267	0.00382	0.01872	0.00611	0.00535
23	0.00957	0.00638	0.00718	0.00718	0.00718	0.00638	0.00399	0.00957	0.00957	0.01276	0.02074	0.04308	0.02393	0.76864	0.03351	0.00638	0.00638	0.00957	0.00399	0.00399
24	0.01474	0.14824	0.34534	0.03603	0.13090	0.01646	0.04627	0.05776	0.01451	0.02024	0.01274	0.01731	0.01065	0.09104	0.00908	0.00243	0.00852	0.00552	0.00323	0.00898
25	0.01689	0.01620	0.02590	0.06434	0.59077	0.05180	0.05072	0.02124	0.03864	0.04074	0.01314	0.01663	0.01073	0.00609	0.00656	0.00198	0.00806	0.00595	0.00350	0.01012
26	0.00802	0.00573	0.00764	0.00917	0.00955	0.00535	0.00611	0.00917	0.01260	0.01681	0.03628	0.76434	0.04354	0.02062	0.00840	0.00267	0.00382	0.01872	0.00611	0.00535
27	0.01773	0.01750	0.02148	0.07403	0.25619	0.15880	0.06321	0.09218	0.01745	0.04064	0.08134	0.02081	0.04741	0.00790	0.00760	0.00202	0.05401	0.00663	0.00422	0.00884
28	0.01997	0.07161	0.14431	0.08987	0.06429	0.03633	0.05088	0.15415	0.06426	0.18322	0.01865	0.01913	0.03864	0.00750	0.00646	0.00202	0.00754	0.00616	0.00518	0.00983
29	0.01643	0.16322	0.34505	0.01614	0.02278	0.06341	0.01753	0.09408	0.10046	0.02216	0.01321	0.01469	0.01011	0.00708	0.00714	0.00201	0.06632	0.00507	0.00371	0.00941
