[name]
unknown

[dist]
# distance from previous block
# <min> <max>
0	43

[block]
# block no. 0 follows, 31 sequences, length 8
# corresponding to MSA columns:
# 43-50
name=unknown_A
#
# <colnr> <probs for GDERKNQSTAVLIFYWHMCP>
#	G	D	E	R	K	N	Q	S	T	A	V	L	I	F	Y	W	H	M	C	P
0	0.08452	0.01067	0.01436	0.01456	0.09325	0.01007	0.01012	0.02364	0.03630	0.34019	0.05889	0.19274	0.02538	0.01178	0.00726	0.00232	0.00550	0.04225	0.00688	0.00929
1	0.08414	0.07677	0.04046	0.01671	0.09073	0.01839	0.01278	0.37973	0.02402	0.07535	0.01525	0.01602	0.01125	0.00733	0.00621	0.00191	0.00703	0.00559	0.02720	0.08316
2	0.01600	0.07612	0.02271	0.11372	0.11787	0.06523	0.04667	0.01971	0.05617	0.01889	0.01219	0.01655	0.01049	0.00902	0.01319	0.00242	0.32258	0.00595	0.04620	0.00832
3	0.00945	0.00656	0.00747	0.00773	0.00809	0.00635	0.00464	0.00986	0.01118	0.01462	0.03029	0.16351	0.11624	0.54417	0.02714	0.00545	0.00579	0.01207	0.00479	0.00458
4	0.01234	0.01464	0.14706	0.12829	0.09255	0.01149	0.01391	0.05123	0.04808	0.02124	0.06702	0.31036	0.02761	0.01309	0.00760	0.00241	0.00655	0.01164	0.00502	0.00789
5	0.08375	0.01643	0.02140	0.04974	0.11270	0.06566	0.04513	0.06154	0.04670	0.02099	0.01136	0.01561	0.00988	0.00955	0.01478	0.00256	0.39422	0.00590	0.00364	0.00845
6	0.01458	0.07072	0.01397	0.01231	0.05709	0.01095	0.00897	0.07665	0.06936	0.10188	0.08244	0.18264	0.21132	0.01396	0.00757	0.00230	0.00506	0.04400	0.00629	0.00793
7	0.01775	0.09851	0.03484	0.02975	0.02964	0.06082	0.02601	0.08843	0.07366	0.13324	0.06993	0.11402	0.11288	0.01128	0.00827	0.00221	0.06529	0.00907	0.00574	0.00865

[dist]
# distance from previous block
# <min> <max>
0	10

[block]
# block no. 1 follows, 31 sequences, length 28
# corresponding to MSA columns:
# 61-88
name=unknown_B
#
# <colnr> <probs for GDERKNQSTAVLIFYWHMCP>
#	G	D	E	R	K	N	Q	S	T	A	V	L	I	F	Y	W	H	M	C	P
0	0.14483	0.01420	0.02154	0.14734	0.36210	0.01530	0.01663	0.02063	0.01446	0.08061	0.01344	0.01711	0.01071	0.00896	0.04226	0.00258	0.04818	0.00583	0.00388	0.00940
1	0.05381	0.01464	0.02258	0.15582	0.34792	0.01649	0.01739	0.04758	0.01474	0.02135	0.01567	0.01968	0.05630	0.00825	0.00990	0.00229	0.15631	0.00651	0.00363	0.00913
2	0.01698	0.04914	0.02451	0.19226	0.38205	0.09888	0.01839	0.02148	0.05172	0.02036	0.01288	0.01679	0.01056	0.00685	0.00748	0.00210	0.04870	0.00587	0.00347	0.00951
3	0.01557	0.05398	0.01720	0.03154	0.04672	0.06203	0.01164	0.14528	0.01604	0.02166	0.01602	0.05895	0.01471	0.02641	0.29863	0.00577	0.13869	0.00704	0.00423	0.00787
4	0.01501	0.01420	0.02029	0.29775	0.10168	0.04148	0.04844	0.05515	0.07516	0.02082	0.01776	0.02129	0.06397	0.00834	0.00891	0.00223	0.10627	0.00673	0.00398	0.07054
5	0.01872	0.01883	0.04372	0.03255	0.45555	0.10035	0.03779	0.09314	0.06903	0.02430	0.01408	0.01689	0.01134	0.00664	0.00671	0.00201	0.00843	0.00601	0.00404	0.02987
6	0.01449	0.01668	0.09490	0.12783	0.15832	0.03183	0.22916	0.01910	0.01518	0.02087	0.04086	0.02293	0.06590	0.00973	0.04309	0.00263	0.02837	0.00748	0.04201	0.00866
7	0.01104	0.00889	0.01358	0.24385	0.02252	0.01054	0.01118	0.01341	0.01163	0.01583	0.01686	0.04982	0.01616	0.14624	0.30607	0.04882	0.03624	0.00762	0.00357	0.00613
8	0.01588	0.01666	0.06225	0.15679	0.37779	0.04088	0.06973	0.01997	0.01475	0.02075	0.01275	0.01719	0.01044	0.00699	0.00845	0.00218	0.08890	0.00613	0.04210	0.00943
9	0.01520	0.01532	0.09402	0.24642	0.11449	0.01479	0.01578	0.04205	0.16823	0.05711	0.02124	0.06931	0.05289	0.00906	0.00755	0.00229	0.03277	0.00769	0.00471	0.00908
10	0.00834	0.00595	0.00794	0.00953	0.00992	0.00556	0.00635	0.00953	0.01310	0.01746	0.03771	0.75510	0.04525	0.02143	0.00873	0.00278	0.00397	0.01945	0.00635	0.00556
11	0.01469	0.01539	0.06686	0.09273	0.41959	0.01418	0.07305	0.01883	0.01571	0.02184	0.07862	0.02559	0.09673	0.00813	0.00713	0.00213	0.00766	0.00769	0.00403	0.00942
12	0.01765	0.01664	0.05081	0.19256	0.29522	0.06898	0.04994	0.03871	0.01604	0.08288	0.01381	0.01711	0.01066	0.00649	0.00662	0.00198	0.00836	0.00587	0.00391	0.09576
13	0.00964	0.04025	0.01090	0.03690	0.01239	0.00839	0.00785	0.01115	0.01272	0.01707	0.03183	0.51424	0.05895	0.04244	0.09240	0.00374	0.06227	0.01545	0.00546	0.00595
14	0.01006	0.00806	0.00874	0.00895	0.00991	0.04499	0.00609	0.01124	0.01263	0.01618	0.05512	0.18536	0.15955	0.28662	0.14103	0.00538	0.00768	0.01203	0.00500	0.00535
15	0.04435	0.07110	0.10360	0.09199	0.22236	0.03194	0.01556	0.02082	0.01475	0.12856	0.01634	0.05496	0.01388	0.06621	0.03346	0.00277	0.04719	0.00676	0.00427	0.00913
16	0.01773	0.22568	0.18562	0.09067	0.09329	0.15864	0.07110	0.02182	0.01530	0.01870	0.01126	0.01405	0.00913	0.00655	0.00660	0.00194	0.03479	0.00503	0.00314	0.00899
17	0.01966	0.57435	0.06244	0.01332	0.01886	0.17842	0.01263	0.02201	0.01511	0.01648	0.00986	0.01142	0.00878	0.00614	0.00487	0.00156	0.00852	0.00388	0.00305	0.00866
18	0.02283	0.01884	0.12274	0.01763	0.09235	0.04186	0.01435	0.22536	0.11227	0.20670	0.01961	0.01927	0.01376	0.00790	0.00672	0.00209	0.00730	0.00632	0.03117	0.01092
19	0.00975	0.00699	0.00950	0.00960	0.01032	0.00766	0.00679	0.01121	0.01074	0.01502	0.02074	0.07929	0.02174	0.31061	0.42965	0.00887	0.01311	0.00906	0.00401	0.00535
20	0.01330	0.01245	0.02115	0.39841	0.20638	0.01387	0.05368	0.01725	0.01438	0.01918	0.03303	0.11800	0.03220	0.00895	0.00720	0.00228	0.00805	0.00831	0.00377	0.00815
21	0.00881	0.00697	0.00796	0.00778	0.00969	0.00622	0.00580	0.01102	0.01635	0.02113	0.28136	0.05752	0.42274	0.04765	0.05600	0.00299	0.00447	0.01310	0.00649	0.00596
22	0.01613	0.17077	0.13187	0.01810	0.08933	0.12481	0.07222	0.02041	0.05240	0.01918	0.01936	0.08816	0.06855	0.01048	0.03126	0.00237	0.04477	0.00738	0.00394	0.00852
23	0.01823	0.01673	0.03934	0.01293	0.01828	0.08699	0.01067	0.18792	0.04109	0.02711	0.04108	0.01640	0.01277	0.00682	0.00645	0.00154	0.03201	0.00516	0.00485	0.41364
24	0.05208	0.06215	0.02208	0.04362	0.06963	0.28881	0.07019	0.13555	0.01870	0.02245	0.01228	0.01517	0.01007	0.01042	0.05588	0.00263	0.09010	0.00548	0.00400	0.00871
25	0.01726	0.04457	0.12452	0.05296	0.13001	0.08967	0.13750	0.02328	0.09292	0.08517	0.07761	0.02328	0.05440	0.00806	0.00704	0.00213	0.00831	0.00728	0.00468	0.00935
26	0.01591	0.01442	0.04326	0.10296	0.23815	0.03696	0.01430	0.02000	0.03650	0.06661	0.03982	0.02242	0.03817	0.00744	0.00647	0.00183	0.00690	0.03849	0.00435	0.24503
27	0.01178	0.00845	0.01098	0.01101	0.04633	0.00741	0.00773	0.01429	0.01609	0.06746	0.24417	0.23580	0.09513	0.01407	0.00760	0.00215	0.00430	0.03477	0.00628	0.15421

[dist]
# distance from previous block
# <min> <max>
0	8

[block]
# block no. 2 follows, 31 sequences, length 52
# corresponding to MSA columns:
# 97-148
name=unknown_C
#
# <colnr> <probs for GDERKNQSTAVLIFYWHMCP>
#	G	D	E	R	K	N	Q	S	T	A	V	L	I	F	Y	W	H	M	C	P
0	0.01985	0.29584	0.12005	0.01862	0.09619	0.22155	0.03811	0.05966	0.01668	0.01938	0.01105	0.01312	0.00921	0.00659	0.00616	0.00180	0.02902	0.00466	0.00337	0.00908
1	0.12448	0.04677	0.02252	0.20054	0.33114	0.05557	0.01689	0.04421	0.01525	0.02249	0.01207	0.01579	0.00975	0.00637	0.00622	0.00201	0.00800	0.00547	0.00357	0.05091
2	0.01990	0.01744	0.04870	0.11098	0.29296	0.01767	0.07673	0.25049	0.02117	0.05523	0.01460	0.01720	0.01103	0.00698	0.00691	0.00210	0.00832	0.00628	0.00471	0.01060
3	0.00844	0.00636	0.00784	0.00887	0.00991	0.00575	0.00621	0.00997	0.01424	0.01841	0.08344	0.49820	0.23316	0.01978	0.00854	0.00263	0.00388	0.04227	0.00641	0.00570
4	0.01192	0.00825	0.01109	0.07705	0.04029	0.00861	0.00800	0.01411	0.03723	0.06341	0.06583	0.06835	0.07094	0.29399	0.16160	0.03052	0.00857	0.00940	0.00473	0.00611
5	0.01693	0.01626	0.02777	0.04199	0.71689	0.01626	0.02100	0.02100	0.01558	0.02235	0.01287	0.01693	0.01084	0.00610	0.00677	0.00203	0.00813	0.00610	0.00339	0.01084
6	0.00979	0.00726	0.01063	0.01063	0.01173	0.00836	0.00810	0.01199	0.01089	0.01561	0.01866	0.02870	0.01790	0.12366	0.66119	0.01055	0.01713	0.00760	0.00371	0.00591
7	0.01188	0.00594	0.00891	0.00891	0.00891	0.00594	0.00594	0.00891	0.00891	0.01188	0.01188	0.02080	0.01188	0.02377	0.02674	0.80095	0.00594	0.00594	0.00297	0.00297
8	0.01710	0.01641	0.02377	0.17129	0.34636	0.06868	0.05469	0.08743	0.05483	0.02311	0.01721	0.02033	0.05369	0.00736	0.00691	0.00211	0.00833	0.00668	0.00405	0.00967
9	0.02019	0.02293	0.02062	0.04640	0.11449	0.35756	0.05095	0.04152	0.06586	0.01914	0.01325	0.01693	0.01126	0.03734	0.05726	0.00280	0.08360	0.00572	0.00380	0.00838
10	0.01309	0.01233	0.02082	0.71424	0.07471	0.01524	0.01908	0.01762	0.01376	0.01768	0.01219	0.01819	0.00919	0.00681	0.00684	0.00227	0.00908	0.00608	0.00305	0.00773
11	0.01613	0.04403	0.05006	0.19965	0.18427	0.06888	0.01617	0.05752	0.01548	0.04281	0.05033	0.04170	0.01430	0.01079	0.04905	0.00272	0.11691	0.00666	0.00390	0.00865
12	0.01780	0.03913	0.01881	0.17754	0.06798	0.05948	0.01361	0.18779	0.17904	0.02649	0.01905	0.08220	0.01593	0.01067	0.03364	0.00254	0.02620	0.00750	0.00524	0.00937
13	0.00828	0.00616	0.00772	0.00897	0.00978	0.00560	0.00611	0.00959	0.01363	0.01768	0.04442	0.60869	0.18733	0.02056	0.00859	0.00268	0.00386	0.01838	0.00635	0.00560
14	0.00995	0.00663	0.00746	0.00746	0.00746	0.00663	0.00415	0.00995	0.00995	0.01327	0.02156	0.04477	0.02487	0.75957	0.03482	0.00663	0.00663	0.00995	0.00415	0.00415
15	0.02388	0.01825	0.02090	0.04477	0.09506	0.02015	0.01389	0.54747	0.08213	0.03887	0.01679	0.01725	0.01218	0.00802	0.00685	0.00208	0.00748	0.00627	0.00635	0.01134
16	0.01514	0.01347	0.02254	0.05647	0.46900	0.01337	0.03778	0.01861	0.01538	0.04570	0.05661	0.16596	0.02076	0.00968	0.00728	0.00221	0.00709	0.00918	0.00437	0.00941
17	0.00883	0.00704	0.00779	0.00795	0.00988	0.00622	0.00606	0.01078	0.01554	0.01930	0.13193	0.06395	0.48800	0.08180	0.01060	0.00279	0.00411	0.10535	0.00628	0.00578
18	0.08165	0.34741	0.04869	0.01553	0.04788	0.19958	0.04873	0.02167	0.01542	0.01880	0.04897	0.01450	0.01193	0.00699	0.00633	0.00180	0.04740	0.00483	0.00348	0.00841
19	0.08171	0.17791	0.11036	0.01620	0.04582	0.06463	0.05859	0.18856	0.11853	0.02731	0.01507	0.01610	0.01156	0.00719	0.00607	0.00197	0.00778	0.00555	0.02929	0.00981
20	0.23691	0.01717	0.01721	0.06161	0.05782	0.14643	0.04895	0.11042	0.01715	0.07259	0.01490	0.04523	0.01237	0.00822	0.00697	0.00214	0.04712	0.02832	0.03996	0.00850
21	0.04728	0.09121	0.01952	0.01548	0.06930	0.21228	0.02928	0.07817	0.01719	0.02233	0.01218	0.01415	0.00998	0.00620	0.00562	0.00152	0.00784	0.00461	0.03147	0.30439
22	0.00812	0.00679	0.00707	0.00729	0.00934	0.00575	0.00536	0.00978	0.01525	0.01834	0.06491	0.16168	0.62111	0.01790	0.00818	0.00238	0.00354	0.01514	0.00635	0.00575
23	0.01040	0.00821	0.01204	0.01169	0.01272	0.00995	0.00914	0.01263	0.01089	0.01585	0.01734	0.02616	0.01644	0.07414	0.62095	0.00987	0.10451	0.00727	0.00360	0.00620
24	0.00985	0.00703	0.00967	0.01125	0.01231	0.00686	0.00898	0.01214	0.01459	0.01915	0.03687	0.37433	0.04195	0.02001	0.00914	0.00299	0.00528	0.38531	0.00632	0.00597
25	0.01702	0.01470	0.01547	0.01392	0.01779	0.01702	0.01083	0.03635	0.70453	0.02862	0.02785	0.02553	0.02088	0.00928	0.00696	0.00232	0.00541	0.00773	0.00696	0.01083
26	0.01659	0.27297	0.21983	0.09551	0.04369	0.03787	0.04171	0.06402	0.01503	0.01997	0.01121	0.01404	0.00911	0.00711	0.00796	0.00203	0.10400	0.00501	0.00324	0.00909
27	0.01461	0.03414	0.68690	0.01911	0.02897	0.01558	0.02448	0.02228	0.01471	0.05845	0.01305	0.01491	0.00910	0.00660	0.00652	0.00216	0.00989	0.00515	0.00318	0.01019
28	0.00834	0.00595	0.00794	0.00953	0.00992	0.00556	0.00635	0.00953	0.01310	0.01746	0.03771	0.75510	0.04525	0.02143	0.00873	0.00278	0.00397	0.01945	0.00635	0.00556
29	0.01188	0.00594	0.00891	0.00891	0.00891	0.00594	0.00594	0.00891	0.00891	0.01188	0.01188	0.02080	0.01188	0.02377	0.02674	0.80095	0.00594	0.00594	0.00297	0.00297
30	0.00989	0.00685	0.00858	0.00858	0.00897	0.00724	0.00555	0.01067	0.01028	0.01410	0.02053	0.03908	0.02240	0.53450	0.25651	0.00802	0.01035	0.00912	0.00399	0.00477
31	0.02601	0.01916	0.02053	0.01574	0.02122	0.02122	0.01300	0.69408	0.03217	0.04312	0.01643	0.01643	0.01163	0.00821	0.00684	0.00205	0.00753	0.00616	0.00684	0.01163
32	0.00960	0.00699	0.00902	0.00852	0.01017	0.00642	0.00639	0.01274	0.01916	0.02695	0.67806	0.05191	0.10008	0.01417	0.00807	0.00216	0.00324	0.01249	0.00747	0.00642
33	0.01751	0.01494	0.01575	0.01402	0.01798	0.01725	0.01095	0.07259	0.66749	0.02942	0.02722	0.02502	0.02037	0.00922	0.00695	0.00231	0.00553	0.00765	0.00695	0.01087
34	0.01419	0.01216	0.01419	0.01013	0.01621	0.00912	0.00811	0.01723	0.01419	0.02229	0.01216	0.01419	0.01013	0.00507	0.00507	0.00101	0.00507	0.00405	0.00405	0.80139
35	0.01372	0.03539	0.72412	0.01950	0.02961	0.01589	0.02528	0.02167	0.01444	0.02167	0.01228	0.01444	0.00867	0.00650	0.00650	0.00217	0.01011	0.00506	0.00289	0.01011
36	0.01503	0.01294	0.01531	0.16754	0.08232	0.08703	0.01179	0.07703	0.03572	0.06043	0.12446	0.14653	0.11251	0.01174	0.00740	0.00224	0.00658	0.01009	0.00544	0.00786
37	0.00872	0.00679	0.00782	0.00802	0.00967	0.00602	0.00585	0.01068	0.01577	0.02025	0.21567	0.18076	0.37929	0.05817	0.00972	0.00262	0.00377	0.03806	0.00651	0.00583
38	0.03045	0.01204	0.01612	0.01236	0.01766	0.01064	0.01021	0.06806	0.02024	0.68597	0.02644	0.02293	0.01666	0.00845	0.00688	0.00211	0.00591	0.00684	0.00838	0.01164
39	0.01510	0.01396	0.02356	0.10801	0.35869	0.01407	0.10830	0.04282	0.01609	0.02258	0.04873	0.02462	0.08807	0.00789	0.00698	0.00209	0.00755	0.00753	0.07418	0.00918
40	0.00995	0.00663	0.00746	0.00746	0.00746	0.00663	0.00415	0.00995	0.00995	0.01327	0.02156	0.04477	0.02487	0.75957	0.03482	0.00663	0.00663	0.00995	0.00415	0.00415
41	0.01262	0.00903	0.01047	0.01025	0.01243	0.00910	0.00754	0.01894	0.19606	0.08069	0.09716	0.28242	0.16766	0.04209	0.00886	0.00260	0.00444	0.01340	0.00671	0.00752
42	0.02973	0.01213	0.01605	0.01242	0.01764	0.01091	0.01022	0.06102	0.05852	0.65450	0.02660	0.02313	0.01694	0.00850	0.00688	0.00213	0.00587	0.00690	0.00832	0.01160
43	0.01991	0.02104	0.05089	0.08906	0.28376	0.20537	0.11079	0.04948	0.01737	0.06757	0.01339	0.01635	0.01045	0.00662	0.00680	0.00203	0.00969	0.00594	0.00386	0.00963
44	0.00992	0.00676	0.00811	0.00811	0.00834	0.00699	0.00496	0.01037	0.01014	0.01375	0.02096	0.04147	0.02344	0.62881	0.16361	0.00744	0.00879	0.00947	0.00406	0.00451
45	0.01046	0.00727	0.00838	0.00804	0.01026	0.00631	0.00604	0.01264	0.01677	0.08057	0.23971	0.11160	0.42509	0.01598	0.00803	0.00229	0.00364	0.01362	0.00686	0.00644
46	0.01527	0.01583	0.07054	0.34699	0.35410	0.01594	0.02013	0.04229	0.01523	0.02087	0.01264	0.01732	0.00997	0.00652	0.00679	0.00215	0.00867	0.00602	0.00332	0.00940
47	0.02660	0.01381	0.01788	0.01393	0.01875	0.01383	0.03453	0.17846	0.05935	0.43582	0.04518	0.02203	0.01673	0.00879	0.00806	0.00218	0.05867	0.00692	0.00743	0.01105
48	0.01275	0.00638	0.00638	0.00638	0.00797	0.00638	0.00478	0.01594	0.01435	0.02551	0.02232	0.02551	0.01754	0.00797	0.00478	0.00159	0.00319	0.00638	0.79755	0.00638
49	0.00865	0.00633	0.00820	0.00957	0.01038	0.00588	0.00680	0.01016	0.01377	0.01799	0.04175	0.57537	0.13419	0.02056	0.00874	0.00276	0.00420	0.10266	0.00634	0.00568
50	0.01468	0.01245	0.01445	0.01037	0.01642	0.00962	0.00831	0.04541	0.01494	0.02316	0.01234	0.01428	0.01020	0.00520	0.00514	0.00106	0.00517	0.00414	0.00417	0.76850
51	0.09023	0.22763	0.10986	0.01607	0.02142	0.23191	0.06885	0.06544	0.01681	0.04710	0.01159	0.01338	0.00928	0.00681	0.00641	0.00188	0.03800	0.00478	0.00372	0.00884

[dist]
# distance from previous block
# <min> <max>
0	11

[block]
# block no. 3 follows, 31 sequences, length 65
# corresponding to MSA columns:
# 160-224
name=unknown_D
#
# <colnr> <probs for GDERKNQSTAVLIFYWHMCP>
#	G	D	E	R	K	N	Q	S	T	A	V	L	I	F	Y	W	H	M	C	P
0	0.16449	0.01192	0.01487	0.01163	0.01674	0.01097	0.00960	0.03106	0.01821	0.60268	0.02398	0.02119	0.01530	0.00810	0.00642	0.00212	0.00573	0.00633	0.00774	0.01091
1	0.01687	0.01961	0.11387	0.06615	0.21402	0.09610	0.06595	0.02598	0.23041	0.02308	0.01823	0.04850	0.01470	0.00788	0.00691	0.00217	0.00815	0.00696	0.00455	0.00990
2	0.01537	0.01299	0.01654	0.16152	0.13793	0.04740	0.01275	0.06380	0.15543	0.02455	0.08734	0.02403	0.01929	0.00983	0.03276	0.00238	0.00690	0.00707	0.15345	0.00866
3	0.00973	0.00720	0.00814	0.00784	0.01006	0.00624	0.00597	0.01200	0.01695	0.05468	0.26415	0.05959	0.46402	0.01592	0.00806	0.00227	0.00358	0.03053	0.00681	0.00628
4	0.00881	0.00636	0.00840	0.00965	0.01043	0.00595	0.00686	0.01051	0.01431	0.01911	0.12271	0.55335	0.07995	0.02001	0.00870	0.00272	0.00413	0.09577	0.00649	0.00577
5	0.01829	0.76368	0.03585	0.01171	0.01756	0.02707	0.01171	0.02049	0.01390	0.01610	0.00951	0.01097	0.00878	0.00585	0.00439	0.00146	0.00732	0.00366	0.00293	0.00878
6	0.00971	0.00704	0.00918	0.00876	0.01039	0.00651	0.00665	0.01289	0.01909	0.02686	0.66304	0.05278	0.08028	0.01432	0.00814	0.00221	0.00339	0.04493	0.00744	0.00643
7	0.01010	0.00667	0.00765	0.00765	0.00783	0.00676	0.00450	0.01046	0.01028	0.01417	0.02137	0.04237	0.02389	0.66512	0.08298	0.00665	0.00727	0.00955	0.05032	0.00442
8	0.01365	0.00724	0.00733	0.00701	0.00887	0.00738	0.00534	0.06185	0.01555	0.02670	0.02192	0.02489	0.01714	0.00799	0.00492	0.00163	0.00348	0.00636	0.74402	0.00673
9	0.80789	0.01323	0.01006	0.00900	0.01323	0.01535	0.00741	0.02011	0.01164	0.03070	0.00953	0.01111	0.00741	0.00635	0.00423	0.00212	0.00529	0.00370	0.00423	0.00741
10	0.74373	0.01310	0.01054	0.00926	0.01358	0.01491	0.00763	0.02120	0.01230	0.08773	0.01097	0.01212	0.00820	0.00653	0.00445	0.00212	0.00534	0.00397	0.00458	0.00776
11	0.80789	0.01323	0.01006	0.00900	0.01323	0.01535	0.00741	0.02011	0.01164	0.03070	0.00953	0.01111	0.00741	0.00635	0.00423	0.00212	0.00529	0.00370	0.00423	0.00741
12	0.80789	0.01323	0.01006	0.00900	0.01323	0.01535	0.00741	0.02011	0.01164	0.03070	0.00953	0.01111	0.00741	0.00635	0.00423	0.00212	0.00529	0.00370	0.00423	0.00741
13	0.02556	0.03261	0.01939	0.01763	0.02115	0.73210	0.01322	0.02732	0.01939	0.01674	0.01058	0.01234	0.00881	0.00705	0.00617	0.00176	0.01234	0.00441	0.00353	0.00793
14	0.01815	0.01381	0.01515	0.01326	0.01705	0.01534	0.01038	0.11908	0.45486	0.08712	0.09571	0.06419	0.02498	0.01017	0.00714	0.00227	0.00543	0.00852	0.00710	0.01029
15	0.00819	0.00693	0.00707	0.00704	0.00930	0.00582	0.00528	0.01002	0.01584	0.01906	0.11082	0.06489	0.67224	0.01711	0.00808	0.00230	0.00345	0.01431	0.00643	0.00582
16	0.01607	0.01823	0.03912	0.02813	0.03461	0.01754	0.64840	0.02156	0.01578	0.02156	0.01353	0.01823	0.01029	0.00617	0.00900	0.00235	0.05894	0.00794	0.00343	0.00911
17	0.00974	0.00654	0.00752	0.00773	0.00779	0.00649	0.00444	0.00989	0.01037	0.01382	0.02369	0.13878	0.02757	0.66187	0.03137	0.00612	0.00628	0.01121	0.00444	0.00433
18	0.03070	0.01164	0.01588	0.01217	0.01746	0.01006	0.01006	0.03334	0.01958	0.72163	0.02699	0.02329	0.01694	0.00847	0.00688	0.00212	0.00582	0.00688	0.00847	0.01164
19	0.01577	0.01513	0.02332	0.11678	0.29251	0.06279	0.10422	0.05241	0.01639	0.02171	0.01871	0.06977	0.01776	0.00958	0.00753	0.00233	0.00837	0.13175	0.00425	0.00892
20	0.01113	0.04213	0.09521	0.01361	0.01681	0.01012	0.11678	0.01473	0.03264	0.02027	0.13485	0.27763	0.08297	0.03567	0.06044	0.00312	0.00696	0.01253	0.00532	0.00707
21	0.00995	0.00663	0.00746	0.00746	0.00746	0.00663	0.00415	0.00995	0.00995	0.01327	0.02156	0.04477	0.02487	0.75957	0.03482	0.00663	0.00663	0.00995	0.00415	0.00415
22	0.01679	0.14687	0.07276	0.01366	0.01988	0.04950	0.07054	0.08801	0.01641	0.02299	0.01221	0.01416	0.00990	0.00579	0.00555	0.00143	0.00699	0.00464	0.00398	0.41794
23	0.01471	0.01383	0.02307	0.24924	0.36173	0.01493	0.04130	0.01954	0.04982	0.02040	0.01548	0.02012	0.02955	0.01151	0.08300	0.00308	0.00936	0.00659	0.00357	0.00917
24	0.01048	0.00717	0.00940	0.00874	0.01049	0.00659	0.00659	0.01368	0.01937	0.05370	0.68731	0.05005	0.06275	0.01378	0.00802	0.00215	0.00333	0.01216	0.00757	0.00665
25	0.00961	0.00729	0.01059	0.01059	0.01192	0.00828	0.00822	0.01198	0.01145	0.01614	0.02341	0.03076	0.08657	0.04792	0.66026	0.01013	0.01684	0.00804	0.00393	0.00608
26	0.71570	0.01269	0.01009	0.00898	0.01308	0.01448	0.00736	0.02048	0.01222	0.06445	0.01125	0.01269	0.00856	0.00656	0.00440	0.00208	0.00518	0.00404	0.05815	0.00755
27	0.00923	0.00691	0.00856	0.00829	0.00998	0.00624	0.00616	0.01198	0.01809	0.02473	0.52146	0.10211	0.21059	0.01525	0.00812	0.00223	0.00333	0.01332	0.00718	0.00624
28	0.01800	0.71674	0.08021	0.01221	0.01834	0.02635	0.01258	0.02056	0.01394	0.01646	0.00969	0.01120	0.00877	0.00589	0.00453	0.00151	0.00750	0.00375	0.00292	0.00887
29	0.01948	0.01717	0.01531	0.01344	0.01654	0.19486	0.01030	0.21761	0.02013	0.06064	0.02096	0.10452	0.05134	0.07197	0.10476	0.03011	0.00935	0.00808	0.00526	0.00816
30	0.02435	0.06563	0.02153	0.04561	0.07896	0.22478	0.01377	0.35961	0.02494	0.05470	0.01425	0.01528	0.01068	0.00752	0.00650	0.00194	0.00895	0.00553	0.00529	0.01019
31	0.00870	0.00664	0.00809	0.00908	0.01039	0.00603	0.00672	0.01043	0.01448	0.01836	0.04922	0.38302	0.29320	0.01947	0.00861	0.00267	0.00418	0.12861	0.00634	0.00576
32	0.01591	0.24449	0.45071	0.01809	0.05827	0.01946	0.02043	0.06046	0.01537	0.02133	0.01175	0.01367	0.00898	0.00639	0.00592	0.00195	0.00906	0.00476	0.00315	0.00985
33	0.01497	0.01497	0.02095	0.01796	0.01796	0.02095	0.01497	0.01646	0.01048	0.01646	0.00898	0.01497	0.00898	0.01197	0.02245	0.00299	0.74704	0.00599	0.00299	0.00748
34	0.00829	0.00612	0.00777	0.00909	0.00981	0.00559	0.00616	0.00958	0.01352	0.01764	0.04307	0.63812	0.15877	0.02074	0.00862	0.00270	0.00388	0.01860	0.00635	0.00559
35	0.00979	0.00727	0.01070	0.01070	0.01182	0.00839	0.00819	0.01203	0.01091	0.01567	0.01859	0.02836	0.01775	0.10985	0.67479	0.01063	0.01736	0.00755	0.00370	0.00595
36	0.01275	0.00638	0.00638	0.00638	0.00797	0.00638	0.00478	0.01594	0.01435	0.02551	0.02232	0.02551	0.01754	0.00797	0.00478	0.00159	0.00319	0.00638	0.79755	0.00638
37	0.01826	0.01432	0.01531	0.01349	0.01743	0.01623	0.01057	0.07950	0.57446	0.07429	0.02670	0.02476	0.01981	0.00908	0.00682	0.00225	0.00545	0.00749	0.05310	0.01068
38	0.01423	0.00842	0.01169	0.01082	0.01297	0.00878	0.00851	0.01659	0.01386	0.16640	0.06637	0.03319	0.09546	0.05872	0.39294	0.00705	0.03668	0.02480	0.00526	0.00725
39	0.01496	0.01409	0.02422	0.22028	0.39308	0.01481	0.06298	0.01913	0.01514	0.02077	0.01620	0.02628	0.01458	0.00816	0.00727	0.00228	0.00834	0.10448	0.00373	0.00921
40	0.02556	0.03261	0.01939	0.01763	0.02115	0.73210	0.01322	0.02732	0.01939	0.01674	0.01058	0.01234	0.00881	0.00705	0.00617	0.00176	0.01234	0.00441	0.00353	0.00793
41	0.08133	0.01295	0.01586	0.01233	0.01738	0.01243	0.01016	0.16367	0.02126	0.49851	0.02342	0.02122	0.01526	0.00824	0.00657	0.00207	0.00597	0.00649	0.05381	0.01105
42	0.01502	0.01990	0.16080	0.14030	0.11439	0.01644	0.33808	0.02052	0.01513	0.02090	0.01442	0.01859	0.02824	0.00667	0.00803	0.00227	0.04075	0.00705	0.00334	0.00916
43	0.02482	0.01279	0.01537	0.01224	0.01676	0.01268	0.00996	0.19265	0.07817	0.36621	0.06887	0.02388	0.01915	0.00877	0.00670	0.00206	0.00571	0.00707	0.10555	0.01058
44	0.00977	0.00733	0.01100	0.01100	0.01222	0.00855	0.00855	0.01222	0.01100	0.01588	0.01833	0.02688	0.01710	0.05131	0.73245	0.01100	0.01833	0.00733	0.00367	0.00611
45	0.36604	0.15239	0.06358	0.01384	0.04641	0.18548	0.01149	0.05268	0.01513	0.02449	0.01040	0.01207	0.00839	0.00651	0.00508	0.00192	0.00783	0.00416	0.00383	0.00828
46	0.01017	0.00735	0.00945	0.00900	0.01062	0.00693	0.00670	0.03942	0.01913	0.02687	0.60533	0.13353	0.06016	0.01464	0.00810	0.00222	0.00349	0.01297	0.00736	0.00655
47	0.04801	0.19655	0.22847	0.01450	0.02120	0.01752	0.01511	0.10972	0.04270	0.19955	0.01761	0.01755	0.02757	0.00740	0.00612	0.00198	0.00756	0.00559	0.00507	0.01021
48	0.01858	0.53351	0.03022	0.01409	0.05819	0.14061	0.01198	0.02083	0.01520	0.01713	0.04057	0.01577	0.04507	0.00694	0.00514	0.00161	0.00784	0.00479	0.00340	0.00852
49	0.01619	0.01605	0.02213	0.44331	0.20374	0.10334	0.01843	0.05894	0.01591	0.02006	0.01239	0.01710	0.00964	0.00677	0.00674	0.00214	0.00918	0.00588	0.00340	0.00865
50	0.00917	0.00742	0.00829	0.00815	0.01028	0.00658	0.00603	0.01202	0.04864	0.02082	0.19147	0.16087	0.41515	0.01628	0.00798	0.00229	0.00366	0.01394	0.00651	0.04443
51	0.01264	0.00790	0.01096	0.01214	0.07148	0.03320	0.00754	0.01082	0.01001	0.01320	0.01264	0.02153	0.01251	0.05766	0.05287	0.63272	0.00689	0.00615	0.00311	0.00402
52	0.00852	0.00608	0.00815	0.00973	0.01021	0.00571	0.00667	0.00984	0.01328	0.01767	0.03761	0.70921	0.04485	0.02126	0.00878	0.00280	0.00413	0.06355	0.00635	0.00561
53	0.01490	0.01425	0.03977	0.06219	0.50294	0.01373	0.01727	0.01860	0.01527	0.02163	0.02161	0.05907	0.09940	0.00838	0.00689	0.00209	0.00711	0.00776	0.05763	0.00951
54	0.01157	0.00940	0.01444	0.05783	0.06309	0.01084	0.04102	0.01428	0.01217	0.01796	0.01818	0.07730	0.01707	0.03188	0.38940	0.00688	0.09863	0.00783	0.09341	0.00681
55	0.74948	0.01311	0.01049	0.00924	0.01355	0.01495	0.00761	0.02110	0.01224	0.08262	0.01084	0.01203	0.00813	0.00651	0.00443	0.00212	0.00533	0.00394	0.00455	0.00773
56	0.01991	0.31894	0.02642	0.01615	0.09385	0.02133	0.01261	0.22567	0.06361	0.02652	0.01346	0.01458	0.01080	0.00672	0.00564	0.00170	0.00708	0.00499	0.00456	0.10546
57	0.01174	0.00594	0.00887	0.00894	0.00895	0.00593	0.00596	0.00894	0.00908	0.01211	0.01292	0.05018	0.01322	0.02367	0.02602	0.76901	0.00586	0.00648	0.00311	0.00307
58	0.06969	0.04957	0.20244	0.01869	0.09476	0.09236	0.06791	0.04920	0.06472	0.02287	0.03195	0.06683	0.01518	0.00828	0.00661	0.00207	0.00816	0.03803	0.00420	0.08648
59	0.01672	0.03716	0.11536	0.10426	0.24050	0.01645	0.09292	0.06242	0.12723	0.04871	0.01764	0.01993	0.03544	0.00743	0.00732	0.00218	0.02733	0.00669	0.00433	0.00998
60	0.01274	0.08873	0.01387	0.06070	0.04379	0.01067	0.00891	0.07319	0.01634	0.05526	0.06336	0.24952	0.23323	0.01482	0.00761	0.00232	0.00512	0.02680	0.00583	0.00720
61	0.01838	0.01081	0.01342	0.01239	0.04754	0.01057	0.00909	0.11770	0.06580	0.21612	0.15147	0.12279	0.09694	0.04292	0.00853	0.00240	0.00519	0.01018	0.02894	0.00884
62	0.02071	0.01617	0.06244	0.09172	0.18608	0.04056	0.04841	0.13282	0.01922	0.19585	0.05226	0.02189	0.04370	0.00814	0.00739	0.00214	0.02805	0.00691	0.00545	0.01011
63	0.01542	0.01538	0.05856	0.19635	0.42869	0.01516	0.01912	0.04470	0.01558	0.02162	0.01538	0.06298	0.01375	0.00788	0.00702	0.00219	0.00810	0.03883	0.00373	0.00957
64	0.39274	0.04784	0.11108	0.01627	0.10264	0.06260	0.03953	0.02170	0.06574	0.02583	0.01328	0.04955	0.01110	0.00729	0.00555	0.00212	0.00702	0.00546	0.00413	0.00852

[dist]
# distance from previous block
# <min> <max>
3	11

[block]
# block no. 4 follows, 31 sequences, length 107
# corresponding to MSA columns:
# 236-342
name=unknown_E
#
# <colnr> <probs for GDERKNQSTAVLIFYWHMCP>
#	G	D	E	R	K	N	Q	S	T	A	V	L	I	F	Y	W	H	M	C	P
0	0.23699	0.01558	0.02045	0.02462	0.29192	0.04195	0.03396	0.02114	0.05915	0.02395	0.01223	0.01534	0.01014	0.00728	0.00848	0.00218	0.12288	0.00543	0.00383	0.04250
1	0.00947	0.00772	0.00983	0.00904	0.01135	0.00693	0.03222	0.01195	0.01607	0.02127	0.25336	0.08237	0.33810	0.01895	0.08673	0.00314	0.00544	0.01234	0.00616	0.05756
2	0.01829	0.76368	0.03585	0.01171	0.01756	0.02707	0.01171	0.02049	0.01390	0.01610	0.00951	0.01097	0.00878	0.00585	0.00439	0.00146	0.00732	0.00366	0.00293	0.00878
3	0.01242	0.00641	0.00645	0.00645	0.00800	0.00636	0.00477	0.01540	0.01421	0.02465	0.02436	0.02814	0.04859	0.04186	0.00627	0.00185	0.00335	0.00689	0.72730	0.00625
4	0.00877	0.00691	0.00792	0.00776	0.00969	0.00605	0.00578	0.01112	0.01708	0.02224	0.34112	0.09029	0.40872	0.01609	0.00811	0.00226	0.00339	0.01379	0.00685	0.00605
5	0.00995	0.00663	0.00746	0.00746	0.00746	0.00663	0.00415	0.00995	0.00995	0.01327	0.02156	0.04477	0.02487	0.75957	0.03482	0.00663	0.00663	0.00995	0.00415	0.00415
6	0.32709	0.01317	0.01422	0.01139	0.01630	0.01344	0.00940	0.10888	0.01808	0.37486	0.01903	0.01780	0.01265	0.00763	0.00586	0.00211	0.00583	0.00558	0.00665	0.01002
7	0.02601	0.01916	0.02053	0.01574	0.02122	0.02122	0.01300	0.69408	0.03217	0.04312	0.01643	0.01643	0.01163	0.00821	0.00684	0.00205	0.00753	0.00616	0.00684	0.01163
8	0.01488	0.01214	0.01426	0.01022	0.01627	0.00916	0.00819	0.01791	0.01441	0.05175	0.01278	0.01457	0.01042	0.00521	0.00514	0.00106	0.00510	0.00417	0.00424	0.76813
9	0.01419	0.01216	0.01419	0.01013	0.01621	0.00912	0.00811	0.01723	0.01419	0.02229	0.01216	0.01419	0.01013	0.00507	0.00507	0.00101	0.00507	0.00405	0.00405	0.80139
10	0.01188	0.00594	0.00891	0.00891	0.00891	0.00594	0.00594	0.00891	0.00891	0.01188	0.01188	0.02080	0.01188	0.02377	0.02674	0.80095	0.00594	0.00594	0.00297	0.00297
11	0.80789	0.01323	0.01006	0.00900	0.01323	0.01535	0.00741	0.02011	0.01164	0.03070	0.00953	0.01111	0.00741	0.00635	0.00423	0.00212	0.00529	0.00370	0.00423	0.00741
12	0.80789	0.01323	0.01006	0.00900	0.01323	0.01535	0.00741	0.02011	0.01164	0.03070	0.00953	0.01111	0.00741	0.00635	0.00423	0.00212	0.00529	0.00370	0.00423	0.00741
13	0.01331	0.01127	0.01317	0.00976	0.01512	0.00862	0.00774	0.01628	0.01481	0.02256	0.08797	0.02151	0.06399	0.00682	0.00558	0.00122	0.00477	0.00562	0.00457	0.66532
14	0.01661	0.14113	0.28026	0.02047	0.02762	0.11835	0.22429	0.02185	0.01552	0.02002	0.01314	0.04548	0.01074	0.00687	0.00670	0.00207	0.01017	0.00627	0.00330	0.00914
15	0.00977	0.00733	0.01100	0.01100	0.01222	0.00855	0.00855	0.01222	0.01100	0.01588	0.01833	0.02688	0.01710	0.05131	0.73245	0.01100	0.01833	0.00733	0.00367	0.00611
16	0.00979	0.00716	0.00899	0.01000	0.01092	0.00699	0.00690	0.05551	0.03846	0.01958	0.03709	0.65667	0.06596	0.02000	0.00852	0.00270	0.00424	0.01799	0.00640	0.00615
17	0.01643	0.01480	0.02495	0.17778	0.44690	0.01571	0.04180	0.02035	0.01492	0.05928	0.01352	0.01789	0.01096	0.00864	0.03839	0.00253	0.05555	0.00625	0.00359	0.00977
18	0.02019	0.04573	0.07741	0.04756	0.06996	0.06396	0.18427	0.22426	0.06811	0.07215	0.01681	0.04860	0.01306	0.00777	0.00708	0.00215	0.00872	0.00706	0.00507	0.01006
19	0.01833	0.34935	0.17073	0.01810	0.10703	0.04375	0.03917	0.08112	0.01631	0.04727	0.01205	0.01379	0.00968	0.00632	0.00563	0.00177	0.00816	0.00478	0.00362	0.04303
20	0.01514	0.01325	0.06312	0.01653	0.12634	0.01227	0.01166	0.05930	0.18886	0.07422	0.24424	0.05546	0.06909	0.01077	0.00735	0.00220	0.00546	0.00934	0.00635	0.00906
21	0.00979	0.00727	0.01070	0.01070	0.01183	0.00839	0.00819	0.01203	0.01091	0.01567	0.01859	0.02835	0.01774	0.10956	0.67508	0.01064	0.01736	0.00755	0.00370	0.00595
22	0.01829	0.76368	0.03585	0.01171	0.01756	0.02707	0.01171	0.02049	0.01390	0.01610	0.00951	0.01097	0.00878	0.00585	0.00439	0.00146	0.00732	0.00366	0.00293	0.00878
23	0.00843	0.00603	0.00802	0.00946	0.00994	0.00562	0.00636	0.00977	0.01354	0.01817	0.08585	0.70493	0.04662	0.02090	0.00868	0.00273	0.00392	0.01894	0.00643	0.00562
24	0.01372	0.03539	0.72412	0.01950	0.02961	0.01589	0.02528	0.02167	0.01444	0.02167	0.01228	0.01444	0.00867	0.00650	0.00650	0.00217	0.01011	0.00506	0.00289	0.01011
25	0.01816	0.01805	0.08727	0.02418	0.23834	0.06941	0.05879	0.04723	0.18991	0.08427	0.01924	0.06423	0.01560	0.00834	0.00733	0.00219	0.02505	0.00729	0.00498	0.01014
26	0.02180	0.01809	0.02064	0.01684	0.02061	0.13669	0.08451	0.20840	0.02042	0.13338	0.01760	0.05349	0.01460	0.00977	0.01005	0.00232	0.14718	0.04885	0.00540	0.00937
27	0.00834	0.00595	0.00794	0.00953	0.00992	0.00556	0.00635	0.00953	0.01310	0.01746	0.03771	0.75510	0.04525	0.02143	0.00873	0.00278	0.00397	0.01945	0.00635	0.00556
28	0.01366	0.01695	0.12416	0.05401	0.13345	0.01370	0.27747	0.01828	0.01530	0.02075	0.02453	0.10519	0.11658	0.00964	0.00771	0.00231	0.00860	0.02498	0.00415	0.00857
29	0.01419	0.01216	0.01419	0.01013	0.01621	0.00912	0.00811	0.01723	0.01419	0.02229	0.01216	0.01419	0.01013	0.00507	0.00507	0.00101	0.00507	0.00405	0.00405	0.80139
30	0.04057	0.00960	0.01409	0.01358	0.03883	0.00934	0.06949	0.03809	0.01669	0.09338	0.16568	0.10691	0.03617	0.06292	0.01004	0.00286	0.00600	0.25224	0.00623	0.00729
31	0.65795	0.01329	0.01108	0.00942	0.01399	0.01463	0.00773	0.04522	0.01281	0.02989	0.01019	0.01178	0.00798	0.00623	0.00446	0.00195	0.00534	0.00385	0.00431	0.12791
32	0.00827	0.00641	0.00754	0.00837	0.00964	0.00568	0.00585	0.00976	0.01438	0.01822	0.07300	0.43356	0.33607	0.01941	0.00843	0.00256	0.00373	0.01705	0.00639	0.00568
33	0.01825	0.01568	0.03883	0.10591	0.02236	0.01729	0.01271	0.20169	0.37800	0.02992	0.02183	0.02201	0.01640	0.01135	0.05413	0.00281	0.00741	0.00701	0.00610	0.01030
34	0.01543	0.08192	0.28162	0.02741	0.26133	0.01667	0.12653	0.02093	0.01493	0.02132	0.01271	0.01606	0.01001	0.00767	0.03120	0.00235	0.00957	0.00582	0.00321	0.03331
35	0.01076	0.00752	0.00966	0.01063	0.01197	0.00736	0.00800	0.01413	0.07514	0.05083	0.03803	0.44471	0.08360	0.01889	0.00863	0.00277	0.00473	0.17967	0.00649	0.00649
36	0.00834	0.00595	0.00794	0.00953	0.00992	0.00556	0.00635	0.00953	0.01310	0.01746	0.03771	0.75510	0.04525	0.02143	0.00873	0.00278	0.00397	0.01945	0.00635	0.00556
37	0.01809	0.01704	0.07731	0.11405	0.29701	0.01580	0.14064	0.08942	0.01759	0.09384	0.04124	0.01906	0.01312	0.00690	0.00706	0.00214	0.00853	0.00670	0.00434	0.01010
38	0.15291	0.01600	0.01688	0.01437	0.03870	0.01779	0.01124	0.37422	0.14681	0.03585	0.06305	0.04742	0.01725	0.00890	0.00658	0.00214	0.00638	0.00693	0.00635	0.01020
39	0.00994	0.00664	0.00775	0.00805	0.00827	0.00660	0.00494	0.01043	0.01089	0.01470	0.02452	0.12668	0.02802	0.59458	0.02893	0.00576	0.00619	0.06114	0.03142	0.00454
40	0.01225	0.00816	0.01131	0.04307	0.08878	0.00788	0.00827	0.01378	0.01342	0.09254	0.03017	0.35789	0.06168	0.20146	0.01471	0.00354	0.00548	0.01350	0.00557	0.00653
41	0.01791	0.01745	0.05592	0.14690	0.32418	0.04105	0.07865	0.15880	0.01881	0.02543	0.01547	0.01865	0.03550	0.00707	0.00693	0.00211	0.00854	0.00648	0.00414	0.01002
42	0.00902	0.00673	0.00797	0.00807	0.00963	0.00605	0.00585	0.01123	0.01633	0.02188	0.30860	0.18968	0.28074	0.04153	0.00896	0.00245	0.00356	0.01409	0.04164	0.00597
43	0.02311	0.01701	0.01813	0.01439	0.01917	0.01887	0.01173	0.51555	0.13308	0.03888	0.01885	0.01886	0.01373	0.00835	0.00663	0.00204	0.00671	0.00643	0.09759	0.01091
44	0.04372	0.16075	0.09281	0.01624	0.06330	0.01802	0.05782	0.22118	0.01984	0.05178	0.01352	0.01494	0.01039	0.00656	0.00595	0.00174	0.00737	0.00518	0.00463	0.18426
45	0.02556	0.03261	0.01939	0.01763	0.02115	0.73210	0.01322	0.02732	0.01939	0.01674	0.01058	0.01234	0.00881	0.00705	0.00617	0.00176	0.01234	0.00441	0.00353	0.00793
46	0.00915	0.00697	0.00841	0.00805	0.00989	0.00623	0.00604	0.01188	0.01811	0.02445	0.49832	0.05602	0.28138	0.01510	0.00807	0.00220	0.00331	0.01306	0.00714	0.00623
47	0.00963	0.00714	0.00826	0.00805	0.01013	0.00626	0.00612	0.01197	0.01699	0.04799	0.29115	0.08160	0.40874	0.01602	0.00812	0.00230	0.00361	0.04283	0.00684	0.00625
48	0.00884	0.00636	0.00848	0.01000	0.01071	0.00601	0.00719	0.01043	0.01371	0.01808	0.03882	0.59517	0.07363	0.02077	0.00884	0.00283	0.00439	0.14368	0.00634	0.00571
49	0.00995	0.00663	0.00746	0.00746	0.00746	0.00663	0.00415	0.00995	0.00995	0.01327	0.02156	0.04477	0.02487	0.75957	0.03482	0.00663	0.00663	0.00995	0.00415	0.00415
50	0.00834	0.00595	0.00794	0.00953	0.00992	0.00556	0.00635	0.00953	0.01310	0.01746	0.03771	0.75510	0.04525	0.02143	0.00873	0.00278	0.00397	0.01945	0.00635	0.00556
51	0.01419	0.01216	0.01419	0.01013	0.01621	0.00912	0.00811	0.01723	0.01419	0.02229	0.01216	0.01419	0.01013	0.00507	0.00507	0.00101	0.00507	0.00405	0.00405	0.80139
52	0.01385	0.01311	0.02220	0.58101	0.20198	0.01544	0.01946	0.01829	0.01412	0.01861	0.01232	0.01794	0.00952	0.00667	0.00682	0.00222	0.00889	0.00608	0.00312	0.00835
53	0.02556	0.03261	0.01939	0.01763	0.02115	0.73210	0.01322	0.02732	0.01939	0.01674	0.01058	0.01234	0.00881	0.00705	0.00617	0.00176	0.01234	0.00441	0.00353	0.00793
54	0.02601	0.01916	0.02053	0.01574	0.02122	0.02122	0.01300	0.69408	0.03217	0.04312	0.01643	0.01643	0.01163	0.00821	0.00684	0.00205	0.00753	0.00616	0.00684	0.01163
55	0.02163	0.36056	0.02806	0.01610	0.04370	0.30764	0.04087	0.07287	0.01759	0.01880	0.01074	0.01243	0.00914	0.00651	0.00551	0.00168	0.00954	0.00441	0.00349	0.00874
56	0.00834	0.00595	0.00794	0.00953	0.00992	0.00556	0.00635	0.00953	0.01310	0.01746	0.03771	0.75510	0.04525	0.02143	0.00873	0.00278	0.00397	0.01945	0.00635	0.00556
57	0.10577	0.17965	0.08582	0.01548	0.02052	0.07047	0.08229	0.13693	0.05945	0.05591	0.01454	0.04049	0.01187	0.00908	0.02872	0.00232	0.06110	0.00592	0.00447	0.00919
58	0.01615	0.01845	0.04037	0.02884	0.03576	0.01730	0.69204	0.02191	0.01615	0.02191	0.01384	0.01845	0.01038	0.00577	0.00807	0.00231	0.01153	0.00807	0.00346	0.00923
59	0.00844	0.00636	0.00782	0.00869	0.00977	0.00573	0.00605	0.01005	0.01461	0.01905	0.13517	0.47332	0.23144	0.01933	0.00847	0.00257	0.00373	0.01714	0.00651	0.00573
60	0.02680	0.01789	0.01974	0.01514	0.02058	0.01933	0.01250	0.58223	0.03004	0.15797	0.01821	0.01759	0.01253	0.00826	0.00685	0.00206	0.00724	0.00628	0.00712	0.01164
61	0.01702	0.01908	0.12887	0.25651	0.03345	0.06005	0.15962	0.11684	0.01752	0.04944	0.01450	0.01963	0.01120	0.00749	0.00760	0.00226	0.03211	0.03379	0.00402	0.00901
62	0.01937	0.01010	0.01234	0.01038	0.01410	0.00930	0.00825	0.04598	0.08527	0.31935	0.14232	0.04002	0.23029	0.01198	0.00742	0.00220	0.00475	0.01000	0.00750	0.00905
63	0.01702	0.01470	0.01547	0.01392	0.01779	0.01702	0.01083	0.03635	0.70453	0.02862	0.02785	0.02553	0.02088	0.00928	0.00696	0.00232	0.00541	0.00773	0.00696	0.01083
64	0.01394	0.01329	0.04739	0.55606	0.06507	0.01507	0.04006	0.01822	0.01389	0.04946	0.01378	0.04910	0.01107	0.00779	0.00797	0.00233	0.05743	0.00670	0.00344	0.00795
65	0.01777	0.10294	0.20894	0.07783	0.23958	0.04968	0.04922	0.13023	0.01784	0.02424	0.01282	0.01552	0.00994	0.00660	0.00649	0.00203	0.00887	0.00558	0.00375	0.01012
66	0.00888	0.00644	0.00839	0.00901	0.01001	0.00594	0.00633	0.01094	0.01582	0.02165	0.31913	0.42766	0.08807	0.01814	0.00842	0.00249	0.00364	0.01626	0.00684	0.00594
67	0.00900	0.00625	0.00804	0.00916	0.00959	0.00604	0.00610	0.01013	0.01246	0.01686	0.03276	0.51704	0.03842	0.18361	0.04626	0.00396	0.00525	0.04218	0.03156	0.00533
68	0.80789	0.01323	0.01006	0.00900	0.01323	0.01535	0.00741	0.02011	0.01164	0.03070	0.00953	0.01111	0.00741	0.00635	0.00423	0.00212	0.00529	0.00370	0.00423	0.00741
69	0.01495	0.03588	0.06298	0.03427	0.01761	0.06259	0.00989	0.01815	0.01522	0.04935	0.07535	0.04425	0.03676	0.00720	0.00582	0.00144	0.00592	0.00585	0.00449	0.49201
70	0.09870	0.15386	0.19572	0.04738	0.02181	0.01658	0.07782	0.05677	0.06523	0.04131	0.01546	0.04393	0.01328	0.09049	0.03151	0.00283	0.00825	0.00639	0.00404	0.00864
71	0.14814	0.01574	0.10967	0.01529	0.07697	0.01266	0.01270	0.05786	0.01789	0.43329	0.02068	0.01939	0.01362	0.00767	0.00641	0.00211	0.00657	0.00605	0.00658	0.01071
72	0.01636	0.01605	0.02851	0.12285	0.55212	0.01626	0.10543	0.02070	0.01543	0.02172	0.01291	0.01728	0.01058	0.00614	0.00695	0.00210	0.00867	0.00634	0.00336	0.01025
73	0.01275	0.00638	0.00638	0.00638	0.00797	0.00638	0.00478	0.01594	0.01435	0.02551	0.02232	0.02551	0.01754	0.00797	0.00478	0.00159	0.00319	0.00638	0.79755	0.00638
74	0.01584	0.01514	0.02579	0.23360	0.53386	0.01597	0.02045	0.02004	0.01506	0.02102	0.01268	0.01729	0.01037	0.00630	0.00679	0.00210	0.00840	0.00609	0.00329	0.00995
75	0.00955	0.00699	0.00897	0.00847	0.01014	0.00640	0.00635	0.01266	0.01906	0.02671	0.66116	0.05230	0.11713	0.01426	0.00807	0.00216	0.00325	0.01254	0.00744	0.00640
76	0.00870	0.00631	0.00821	0.00909	0.00996	0.00582	0.00630	0.01049	0.01502	0.02033	0.22915	0.51107	0.09605	0.01907	0.00850	0.00257	0.00373	0.01713	0.00668	0.00582
77	0.01072	0.00873	0.01365	0.01350	0.04152	0.01016	0.03831	0.01329	0.01135	0.01644	0.01722	0.02523	0.01596	0.04464	0.61983	0.00967	0.07245	0.00721	0.00359	0.00653
78	0.01029	0.00715	0.00924	0.00882	0.01056	0.00655	0.00668	0.01329	0.01865	0.05010	0.57935	0.08213	0.11269	0.01459	0.00812	0.00223	0.00351	0.04216	0.00736	0.00654
79	0.01692	0.01616	0.02591	0.08695	0.59287	0.03787	0.01970	0.04711	0.01612	0.02246	0.01392	0.04740	0.01211	0.00689	0.00684	0.00207	0.00813	0.00660	0.00363	0.01034
80	0.01497	0.21140	0.30269	0.01787	0.05475	0.01810	0.08817	0.02082	0.05270	0.02050	0.04405	0.01963	0.05912	0.00765	0.00701	0.00205	0.03953	0.00617	0.00363	0.00921
81	0.05322	0.06337	0.05217	0.01753	0.02147	0.58823	0.03766	0.02587	0.01816	0.01763	0.01062	0.01265	0.00881	0.00710	0.00674	0.00185	0.04079	0.00457	0.00347	0.00808
82	0.75566	0.01375	0.01048	0.00929	0.01357	0.03576	0.00760	0.02021	0.01196	0.02998	0.00965	0.01126	0.00755	0.00632	0.00432	0.00207	0.00549	0.00374	0.00421	0.03713
83	0.01050	0.00804	0.01168	0.06102	0.01407	0.00947	0.00887	0.01235	0.01087	0.01541	0.01748	0.02821	0.01706	0.16575	0.47901	0.04447	0.06876	0.00753	0.00362	0.00583
