[name]
unknown

[dist]
# distance from previous block
# <min> <max>
0	86

[block]
# block no. 0 follows, 31 sequences, length 53
# corresponding to MSA columns:
# 94-146
name=unknown_A
#
# <colnr> <probs for GDERKNQSTAVLIFYWHMCP>
#	G	D	E	R	K	N	Q	S	T	A	V	L	I	F	Y	W	H	M	C	P
0	0.06097	0.01143	0.01496	0.01233	0.01687	0.01053	0.01030	0.06837	0.01924	0.51534	0.02737	0.03274	0.02053	0.01037	0.00726	0.00231	0.00599	0.13490	0.00777	0.01042
1	0.02193	0.10343	0.02295	0.11487	0.08992	0.46661	0.04455	0.02449	0.01757	0.01753	0.01103	0.01367	0.00911	0.00675	0.00621	0.00185	0.01097	0.00487	0.00338	0.00830
2	0.01463	0.00966	0.01375	0.01150	0.01429	0.00920	0.07142	0.05214	0.04542	0.13215	0.41234	0.04042	0.04389	0.08610	0.01045	0.00261	0.00504	0.01040	0.00690	0.00771
3	0.00954	0.00798	0.00874	0.00808	0.01098	0.00659	0.00624	0.01167	0.01543	0.01972	0.08360	0.07552	0.48475	0.01503	0.00761	0.00212	0.00397	0.05700	0.00596	0.15945
4	0.01473	0.01265	0.01443	0.01086	0.01652	0.01064	0.00863	0.02092	0.14748	0.02351	0.01519	0.01638	0.01221	0.00588	0.00543	0.00127	0.00513	0.00476	0.00461	0.64875
5	0.18812	0.35754	0.02787	0.01667	0.08858	0.11290	0.08232	0.02148	0.01452	0.02053	0.01043	0.01255	0.00886	0.00613	0.00520	0.00179	0.00804	0.00446	0.00338	0.00863
6	0.01657	0.01618	0.02851	0.09039	0.60162	0.01628	0.08764	0.02084	0.01550	0.02196	0.01292	0.01718	0.01067	0.00612	0.00691	0.00208	0.00854	0.00629	0.00337	0.01045
7	0.01272	0.01140	0.02016	0.10564	0.02281	0.01110	0.24200	0.01668	0.01564	0.02213	0.09888	0.03264	0.15342	0.00951	0.00714	0.00212	0.00684	0.00910	0.19271	0.00740
8	0.80789	0.01323	0.01006	0.00900	0.01323	0.01535	0.00741	0.02011	0.01164	0.03070	0.00953	0.01111	0.00741	0.00635	0.00423	0.00212	0.00529	0.00370	0.00423	0.00741
9	0.00834	0.00595	0.00794	0.00953	0.00992	0.00556	0.00635	0.00953	0.01310	0.01746	0.03771	0.75510	0.04525	0.02143	0.00873	0.00278	0.00397	0.01945	0.00635	0.00556
10	0.00977	0.00733	0.01100	0.01100	0.01222	0.00855	0.00855	0.01222	0.01100	0.01588	0.01833	0.02688	0.01710	0.05131	0.73245	0.01100	0.01833	0.00733	0.00367	0.00611
11	0.01937	0.57089	0.08146	0.01340	0.01911	0.16241	0.01296	0.02189	0.01500	0.01662	0.00991	0.01148	0.00878	0.00613	0.00488	0.00157	0.00848	0.00390	0.00304	0.00871
12	0.01419	0.01216	0.01419	0.01013	0.01621	0.00912	0.00811	0.01723	0.01419	0.02229	0.01216	0.01419	0.01013	0.00507	0.00507	0.00101	0.00507	0.00405	0.00405	0.80139
13	0.01638	0.39424	0.36044	0.01559	0.02338	0.04625	0.01817	0.02128	0.01435	0.01875	0.01086	0.01266	0.00873	0.00620	0.00545	0.00181	0.00881	0.00434	0.00293	0.00938
14	0.00950	0.00703	0.01022	0.01053	0.01152	0.00787	0.00790	0.01158	0.01135	0.01605	0.02224	0.16842	0.02295	0.08272	0.55610	0.00918	0.01494	0.00981	0.00421	0.00590
15	0.01372	0.03539	0.72412	0.01950	0.02961	0.01589	0.02528	0.02167	0.01444	0.02167	0.01228	0.01444	0.00867	0.00650	0.00650	0.00217	0.01011	0.00506	0.00289	0.01011
16	0.01528	0.01477	0.02392	0.23162	0.34260	0.01722	0.01883	0.01880	0.01368	0.01941	0.01163	0.01677	0.00986	0.00788	0.01099	0.00236	0.20611	0.00606	0.00318	0.00903
17	0.01829	0.76368	0.03585	0.01171	0.01756	0.02707	0.01171	0.02049	0.01390	0.01610	0.00951	0.01097	0.00878	0.00585	0.00439	0.00146	0.00732	0.00366	0.00293	0.00878
18	0.03070	0.01164	0.01588	0.01217	0.01746	0.01006	0.01006	0.03334	0.01958	0.72163	0.02699	0.02329	0.01694	0.00847	0.00688	0.00212	0.00582	0.00688	0.00847	0.01164
19	0.01275	0.00638	0.00638	0.00638	0.00797	0.00638	0.00478	0.01594	0.01435	0.02551	0.02232	0.02551	0.01754	0.00797	0.00478	0.00159	0.00319	0.00638	0.79755	0.00638
20	0.80789	0.01323	0.01006	0.00900	0.01323	0.01535	0.00741	0.02011	0.01164	0.03070	0.00953	0.01111	0.00741	0.00635	0.00423	0.00212	0.00529	0.00370	0.00423	0.00741
21	0.00968	0.00699	0.00914	0.00861	0.01022	0.00646	0.00646	0.01291	0.01937	0.02743	0.71328	0.05110	0.06455	0.01399	0.00807	0.00215	0.00323	0.01237	0.00753	0.00646
22	0.80789	0.01323	0.01006	0.00900	0.01323	0.01535	0.00741	0.02011	0.01164	0.03070	0.00953	0.01111	0.00741	0.00635	0.00423	0.00212	0.00529	0.00370	0.00423	0.00741
23	0.00995	0.00663	0.00746	0.00746	0.00746	0.00663	0.00415	0.00995	0.00995	0.01327	0.02156	0.04477	0.02487	0.75957	0.03482	0.00663	0.00663	0.00995	0.00415	0.00415
24	0.00937	0.00698	0.00872	0.00828	0.01003	0.00632	0.00621	0.01231	0.01864	0.02571	0.58894	0.05395	0.18997	0.01463	0.00807	0.00218	0.00327	0.01277	0.00730	0.00632
25	0.03028	0.01231	0.01629	0.01249	0.01780	0.01104	0.01032	0.09171	0.02069	0.66168	0.02606	0.02268	0.01647	0.00845	0.00688	0.00211	0.00597	0.00682	0.00832	0.01164
26	0.02369	0.05091	0.01912	0.01673	0.02039	0.57304	0.01271	0.02886	0.15151	0.01902	0.01388	0.01484	0.01114	0.00745	0.00627	0.00186	0.01085	0.00503	0.00417	0.00852
27	0.01102	0.00988	0.01365	0.01813	0.23349	0.00916	0.01022	0.01350	0.01556	0.01992	0.07823	0.04896	0.43860	0.03938	0.00860	0.00237	0.00504	0.01155	0.00539	0.00735
28	0.01982	0.01624	0.02373	0.05870	0.41836	0.06799	0.01749	0.02314	0.01592	0.15604	0.01492	0.01763	0.01157	0.00738	0.00869	0.00216	0.09953	0.00611	0.00432	0.01024
29	0.65688	0.01563	0.01197	0.01048	0.01477	0.08299	0.00851	0.08786	0.01441	0.03063	0.01031	0.01176	0.00796	0.00660	0.00467	0.00208	0.00617	0.00401	0.00443	0.00788
30	0.01670	0.04312	0.27338	0.01720	0.06107	0.17192	0.01627	0.04144	0.06123	0.04261	0.09279	0.07560	0.03942	0.00911	0.00682	0.00211	0.00852	0.00733	0.00446	0.00891
31	0.01681	0.01462	0.02387	0.01732	0.02330	0.01296	0.24763	0.05564	0.01631	0.08334	0.03322	0.01760	0.01233	0.00621	0.00694	0.00170	0.02850	0.00609	0.00444	0.37117
32	0.02348	0.01781	0.02053	0.15618	0.02622	0.02005	0.01416	0.56344	0.02860	0.03817	0.01560	0.01678	0.01115	0.00795	0.00684	0.00210	0.00784	0.00614	0.00611	0.01086
33	0.01497	0.01497	0.02095	0.01796	0.01796	0.02095	0.01497	0.01646	0.01048	0.01646	0.00898	0.01497	0.00898	0.01197	0.02245	0.00299	0.74704	0.00599	0.00299	0.00748
34	0.01719	0.16057	0.02933	0.03614	0.58186	0.01834	0.01920	0.02090	0.01525	0.02114	0.01222	0.01578	0.01044	0.00605	0.00631	0.00192	0.00797	0.00563	0.00330	0.01044
35	0.00809	0.00693	0.00693	0.00693	0.00924	0.00578	0.00520	0.00982	0.01559	0.01848	0.06931	0.06584	0.71411	0.01733	0.00809	0.00231	0.00347	0.01444	0.00635	0.00578
36	0.00933	0.00679	0.00879	0.00869	0.01011	0.00624	0.00637	0.01209	0.01795	0.02501	0.54717	0.18785	0.09680	0.01561	0.00820	0.00228	0.00338	0.01385	0.00724	0.00624
37	0.02259	0.01865	0.08872	0.01535	0.02071	0.01815	0.01357	0.43653	0.11126	0.08386	0.02001	0.02351	0.01545	0.00919	0.00707	0.00220	0.00729	0.06848	0.00653	0.01088
38	0.01829	0.76368	0.03585	0.01171	0.01756	0.02707	0.01171	0.02049	0.01390	0.01610	0.00951	0.01097	0.00878	0.00585	0.00439	0.00146	0.00732	0.00366	0.00293	0.00878
39	0.07600	0.01174	0.01554	0.01199	0.01722	0.01036	0.00990	0.03257	0.01912	0.68135	0.02597	0.02258	0.01638	0.00834	0.00673	0.00212	0.00579	0.00669	0.00822	0.01140
40	0.01406	0.01332	0.02257	0.54440	0.23695	0.01550	0.01957	0.01848	0.01422	0.01886	0.01236	0.01787	0.00961	0.00663	0.00682	0.00221	0.00884	0.00608	0.00314	0.00852
41	0.01276	0.00983	0.01390	0.01214	0.01408	0.01053	0.07163	0.11035	0.01416	0.01946	0.01874	0.03071	0.01835	0.28328	0.32161	0.00740	0.01214	0.00813	0.00427	0.00652
42	0.00829	0.00614	0.00774	0.00902	0.00979	0.00560	0.00613	0.00958	0.01358	0.01766	0.04381	0.62202	0.17439	0.02064	0.00861	0.00269	0.00387	0.01848	0.00635	0.00560
43	0.00834	0.00595	0.00794	0.00953	0.00992	0.00556	0.00635	0.00953	0.01310	0.01746	0.03771	0.75510	0.04525	0.02143	0.00873	0.00278	0.00397	0.01945	0.00635	0.00556
44	0.01161	0.00661	0.00741	0.00721	0.00881	0.00641	0.00541	0.01481	0.01622	0.02622	0.27956	0.03504	0.03504	0.01021	0.00601	0.00180	0.00320	0.00861	0.50342	0.00641
45	0.02556	0.03261	0.01939	0.01763	0.02115	0.73210	0.01322	0.02732	0.01939	0.01674	0.01058	0.01234	0.00881	0.00705	0.00617	0.00176	0.01234	0.00441	0.00353	0.00793
46	0.01102	0.00787	0.01102	0.01260	0.01417	0.00787	0.01102	0.01417	0.01575	0.02047	0.03622	0.07717	0.03937	0.01890	0.00945	0.00315	0.00630	0.67084	0.00630	0.00630
47	0.01900	0.01446	0.01568	0.01376	0.01786	0.01628	0.01080	0.05672	0.59819	0.11521	0.02738	0.02496	0.02010	0.00915	0.00695	0.00229	0.00553	0.00758	0.00714	0.01096
48	0.01497	0.01497	0.02095	0.01796	0.01796	0.02095	0.01497	0.01646	0.01048	0.01646	0.00898	0.01497	0.00898	0.01197	0.02245	0.00299	0.74704	0.00599	0.00299	0.00748
49	0.01292	0.01216	0.02052	0.74312	0.04712	0.01520	0.01900	0.01748	0.01368	0.01748	0.01216	0.01824	0.00912	0.00684	0.00684	0.00228	0.00912	0.00608	0.00304	0.00760
50	0.80789	0.01323	0.01006	0.00900	0.01323	0.01535	0.00741	0.02011	0.01164	0.03070	0.00953	0.01111	0.00741	0.00635	0.00423	0.00212	0.00529	0.00370	0.00423	0.00741
51	0.03070	0.01164	0.01588	0.01217	0.01746	0.01006	0.01006	0.03334	0.01958	0.72163	0.02699	0.02329	0.01694	0.00847	0.00688	0.00212	0.00582	0.00688	0.00847	0.01164
52	0.01330	0.00859	0.01088	0.00963	0.01197	0.00819	0.00743	0.07867	0.02058	0.09799	0.57978	0.04509	0.05486	0.01290	0.00784	0.00214	0.00389	0.01124	0.00756	0.00746

[dist]
# distance from previous block
# <min> <max>
0	1

[block]
# block no. 1 follows, 31 sequences, length 26
# corresponding to MSA columns:
# 148-173
name=unknown_B
#
# <colnr> <probs for GDERKNQSTAVLIFYWHMCP>
#	G	D	E	R	K	N	Q	S	T	A	V	L	I	F	Y	W	H	M	C	P
0	0.02266	0.01771	0.01971	0.01578	0.02009	0.02044	0.01294	0.46988	0.14688	0.03630	0.01724	0.01779	0.01284	0.00900	0.00937	0.00225	0.12566	0.00641	0.00625	0.01083
1	0.24431	0.38895	0.02702	0.01485	0.07860	0.02114	0.06092	0.02122	0.01387	0.05940	0.01107	0.01275	0.00913	0.00615	0.00496	0.00180	0.00704	0.00438	0.00368	0.00875
2	0.80789	0.01323	0.01006	0.00900	0.01323	0.01535	0.00741	0.02011	0.01164	0.03070	0.00953	0.01111	0.00741	0.00635	0.00423	0.00212	0.00529	0.00370	0.00423	0.00741
3	0.02287	0.02850	0.01755	0.01603	0.01931	0.61576	0.01203	0.02474	0.01906	0.01768	0.06705	0.01983	0.07436	0.00845	0.00647	0.00184	0.01090	0.00586	0.00406	0.00764
4	0.80789	0.01323	0.01006	0.00900	0.01323	0.01535	0.00741	0.02011	0.01164	0.03070	0.00953	0.01111	0.00741	0.00635	0.00423	0.00212	0.00529	0.00370	0.00423	0.00741
5	0.01829	0.76368	0.03585	0.01171	0.01756	0.02707	0.01171	0.02049	0.01390	0.01610	0.00951	0.01097	0.00878	0.00585	0.00439	0.00146	0.00732	0.00366	0.00293	0.00878
6	0.80789	0.01323	0.01006	0.00900	0.01323	0.01535	0.00741	0.02011	0.01164	0.03070	0.00953	0.01111	0.00741	0.00635	0.00423	0.00212	0.00529	0.00370	0.00423	0.00741
7	0.03070	0.01164	0.01588	0.01217	0.01746	0.01006	0.01006	0.03334	0.01958	0.72163	0.02699	0.02329	0.01694	0.00847	0.00688	0.00212	0.00582	0.00688	0.00847	0.01164
8	0.80789	0.01323	0.01006	0.00900	0.01323	0.01535	0.00741	0.02011	0.01164	0.03070	0.00953	0.01111	0.00741	0.00635	0.00423	0.00212	0.00529	0.00370	0.00423	0.00741
9	0.00809	0.00693	0.00693	0.00693	0.00924	0.00578	0.00520	0.00982	0.01559	0.01848	0.06931	0.06584	0.71411	0.01733	0.00809	0.00231	0.00347	0.01444	0.00635	0.00578
10	0.00834	0.00595	0.00794	0.00953	0.00992	0.00556	0.00635	0.00953	0.01310	0.01746	0.03771	0.75510	0.04525	0.02143	0.00873	0.00278	0.00397	0.01945	0.00635	0.00556
11	0.00997	0.00748	0.00933	0.00931	0.01085	0.00724	0.00680	0.01418	0.08654	0.02433	0.42362	0.24465	0.08813	0.01575	0.00814	0.00235	0.00367	0.01397	0.00709	0.00661
12	0.64271	0.01410	0.01203	0.01024	0.01473	0.01602	0.00844	0.12879	0.01534	0.06815	0.01153	0.01259	0.00858	0.00676	0.00479	0.00211	0.00568	0.00426	0.00487	0.00830
13	0.00824	0.00698	0.00715	0.00724	0.00951	0.00589	0.00551	0.01005	0.01560	0.01859	0.06752	0.06645	0.67761	0.01741	0.00816	0.00236	0.00362	0.04995	0.00635	0.00580
14	0.01419	0.01216	0.01419	0.01013	0.01621	0.00912	0.00811	0.01723	0.01419	0.02229	0.01216	0.01419	0.01013	0.00507	0.00507	0.00101	0.00507	0.00405	0.00405	0.80139
15	0.01497	0.01497	0.02095	0.01796	0.01796	0.02095	0.01497	0.01646	0.01048	0.01646	0.00898	0.01497	0.00898	0.01197	0.02245	0.00299	0.74704	0.00599	0.00299	0.00748
16	0.04243	0.09470	0.55351	0.01715	0.02567	0.01573	0.02122	0.02047	0.01488	0.02219	0.09501	0.01837	0.01525	0.00733	0.00642	0.00210	0.00888	0.00575	0.00349	0.00946
17	0.00995	0.00663	0.00746	0.00746	0.00746	0.00663	0.00415	0.00995	0.00995	0.01327	0.02156	0.04477	0.02487	0.75957	0.03482	0.00663	0.00663	0.00995	0.00415	0.00415
18	0.01044	0.00755	0.00997	0.01101	0.01250	0.00737	0.00917	0.01305	0.01532	0.01990	0.08808	0.07010	0.12280	0.10453	0.01213	0.00338	0.00576	0.46480	0.00615	0.00600
19	0.01602	0.01585	0.02820	0.11246	0.44312	0.01602	0.15767	0.02119	0.05085	0.02192	0.01578	0.01958	0.03628	0.00667	0.00710	0.00214	0.00863	0.00688	0.00365	0.00997
20	0.01292	0.01216	0.02052	0.74312	0.04712	0.01520	0.01900	0.01748	0.01368	0.01748	0.01216	0.01824	0.00912	0.00684	0.00684	0.00228	0.00912	0.00608	0.00304	0.00760
21	0.01372	0.03539	0.72412	0.01950	0.02961	0.01589	0.02528	0.02167	0.01444	0.02167	0.01228	0.01444	0.00867	0.00650	0.00650	0.00217	0.01011	0.00506	0.00289	0.01011
22	0.01135	0.00772	0.00860	0.00818	0.00866	0.00790	0.00492	0.06958	0.01189	0.01587	0.02111	0.04230	0.02372	0.69408	0.03238	0.00623	0.00671	0.00962	0.00438	0.00480
23	0.01645	0.01568	0.02668	0.08949	0.64572	0.01589	0.02051	0.02051	0.01545	0.02195	0.01364	0.01915	0.01172	0.00660	0.00687	0.00209	0.00813	0.02955	0.00347	0.01045
24	0.01042	0.00765	0.01125	0.01151	0.01281	0.00728	0.05724	0.03339	0.01438	0.04071	0.03481	0.58980	0.04019	0.01922	0.00864	0.00274	0.00492	0.08055	0.00622	0.00628
25	0.01705	0.56570	0.22296	0.01382	0.02084	0.02403	0.01540	0.02081	0.01405	0.01761	0.01026	0.01192	0.00875	0.00603	0.00496	0.00165	0.00808	0.00404	0.00292	0.00914

[dist]
# distance from previous block
# <min> <max>
0	4

[block]
# block no. 2 follows, 31 sequences, length 17
# corresponding to MSA columns:
# 178-194
name=unknown_C
#
# <colnr> <probs for GDERKNQSTAVLIFYWHMCP>
#	G	D	E	R	K	N	Q	S	T	A	V	L	I	F	Y	W	H	M	C	P
0	0.00997	0.00786	0.00895	0.00863	0.01060	0.00751	0.00638	0.01434	0.10363	0.02274	0.30380	0.09150	0.29299	0.06871	0.00990	0.00259	0.00388	0.01276	0.00672	0.00654
1	0.01345	0.01137	0.01340	0.01006	0.01542	0.00867	0.00788	0.01625	0.01405	0.02168	0.01539	0.10791	0.01458	0.00714	0.00553	0.00124	0.00493	0.00600	0.00434	0.70072
2	0.07972	0.06801	0.32750	0.01885	0.11099	0.01532	0.01793	0.05854	0.01599	0.12276	0.01427	0.01563	0.01033	0.00662	0.00616	0.00197	0.00805	0.00521	0.00418	0.09198
3	0.01429	0.01453	0.05909	0.19004	0.12865	0.01395	0.17774	0.05412	0.01585	0.02141	0.01916	0.10047	0.01809	0.00980	0.00765	0.00238	0.00846	0.11033	0.00425	0.02973
4	0.65027	0.01346	0.01177	0.01036	0.01395	0.01601	0.00849	0.04340	0.01217	0.02871	0.01009	0.01290	0.00833	0.03152	0.00770	0.00238	0.10258	0.00429	0.00416	0.00746
5	0.01591	0.02084	0.17595	0.02589	0.14078	0.01749	0.27013	0.03975	0.06480	0.02212	0.01367	0.01728	0.01067	0.00727	0.00968	0.00233	0.12556	0.00672	0.00360	0.00958
6	0.00977	0.00733	0.01100	0.01100	0.01222	0.00855	0.00855	0.01222	0.01100	0.01588	0.01833	0.02688	0.01710	0.05131	0.73245	0.01100	0.01833	0.00733	0.00367	0.00611
7	0.03034	0.01220	0.01622	0.01244	0.01774	0.01089	0.01028	0.08270	0.02052	0.67094	0.02620	0.02277	0.01654	0.00845	0.00688	0.00211	0.00595	0.00683	0.00835	0.01164
8	0.00925	0.00698	0.00854	0.00815	0.00995	0.00627	0.00611	0.01207	0.01834	0.02499	0.53735	0.05513	0.24201	0.01490	0.00807	0.00220	0.00329	0.01294	0.00721	0.00627
9	0.80789	0.01323	0.01006	0.00900	0.01323	0.01535	0.00741	0.02011	0.01164	0.03070	0.00953	0.01111	0.00741	0.00635	0.00423	0.00212	0.00529	0.00370	0.00423	0.00741
10	0.02556	0.03261	0.01939	0.01763	0.02115	0.73210	0.01322	0.02732	0.01939	0.01674	0.01058	0.01234	0.00881	0.00705	0.00617	0.00176	0.01234	0.00441	0.00353	0.00793
11	0.00936	0.00692	0.00828	0.00796	0.00961	0.00628	0.00583	0.01187	0.01726	0.02353	0.44507	0.05378	0.24092	0.08518	0.01049	0.00260	0.00361	0.01252	0.03288	0.00604
12	0.00995	0.00663	0.00746	0.00746	0.00746	0.00663	0.00415	0.00995	0.00995	0.01327	0.02156	0.04477	0.02487	0.75957	0.03482	0.00663	0.00663	0.00995	0.00415	0.00415
13	0.00974	0.00655	0.00752	0.00772	0.00777	0.00650	0.00442	0.00990	0.01035	0.01380	0.02360	0.13462	0.02745	0.66620	0.03152	0.00615	0.00630	0.01115	0.00442	0.00432
14	0.01714	0.01736	0.02656	0.03459	0.48438	0.07073	0.06040	0.02063	0.01489	0.02074	0.01199	0.01629	0.01029	0.00731	0.00992	0.00222	0.15532	0.00607	0.00332	0.00986
15	0.01843	0.01928	0.02572	0.07464	0.54298	0.15829	0.01935	0.02206	0.01623	0.02098	0.01238	0.01609	0.01034	0.00632	0.00666	0.00199	0.00902	0.00576	0.00340	0.01009
16	0.03966	0.39049	0.04486	0.01188	0.01636	0.12946	0.01068	0.03772	0.01559	0.01838	0.04456	0.07484	0.12242	0.00930	0.00580	0.00181	0.00715	0.00698	0.00409	0.00795

[dist]
# distance from previous block
# <min> <max>
0	16

[block]
# block no. 3 follows, 31 sequences, length 42
# corresponding to MSA columns:
# 211-252
name=unknown_D
#
# <colnr> <probs for GDERKNQSTAVLIFYWHMCP>
#	G	D	E	R	K	N	Q	S	T	A	V	L	I	F	Y	W	H	M	C	P
0	0.00831	0.00607	0.00782	0.00922	0.00984	0.00558	0.00621	0.00956	0.01339	0.01759	0.04146	0.67320	0.12472	0.02095	0.00866	0.00272	0.00391	0.01885	0.00635	0.00558
1	0.01371	0.06935	0.17256	0.07071	0.04007	0.04670	0.08896	0.01767	0.01455	0.03576	0.08110	0.02694	0.07535	0.07833	0.08835	0.00348	0.03426	0.00758	0.02673	0.00785
2	0.03491	0.03701	0.03768	0.06234	0.15470	0.09352	0.02888	0.06317	0.03489	0.10670	0.10096	0.02667	0.02057	0.15452	0.01225	0.00294	0.00744	0.00745	0.00495	0.00843
3	0.08064	0.01940	0.03910	0.01392	0.01808	0.21805	0.01133	0.19015	0.02091	0.14652	0.01830	0.04731	0.01453	0.00871	0.00643	0.00202	0.00787	0.03773	0.08980	0.00919
4	0.01619	0.01870	0.10648	0.03410	0.39848	0.01622	0.23755	0.02119	0.01560	0.02224	0.01344	0.01745	0.01068	0.00610	0.00710	0.00212	0.00927	0.00663	0.03038	0.01009
5	0.03836	0.09863	0.02662	0.20488	0.18855	0.03812	0.15296	0.05778	0.03687	0.02146	0.01459	0.06388	0.01248	0.00742	0.00683	0.00214	0.00864	0.00701	0.00378	0.00900
6	0.01290	0.00993	0.01156	0.01159	0.04620	0.01008	0.00825	0.02035	0.22637	0.06353	0.16739	0.10510	0.22979	0.03546	0.00845	0.00243	0.00451	0.01148	0.00667	0.00795
7	0.01033	0.00650	0.00774	0.00774	0.00774	0.00650	0.00450	0.00975	0.00975	0.01300	0.01967	0.04010	0.02234	0.61619	0.03325	0.16141	0.00650	0.00917	0.00392	0.00392
8	0.05306	0.03326	0.53134	0.01895	0.02740	0.15546	0.04378	0.02270	0.01533	0.02114	0.01187	0.01401	0.00869	0.00658	0.00638	0.00209	0.01037	0.00496	0.00309	0.00953
9	0.01766	0.34289	0.14813	0.02068	0.12272	0.06029	0.13026	0.04642	0.01559	0.01993	0.01150	0.01394	0.00943	0.00613	0.00589	0.00184	0.00889	0.00512	0.00325	0.00943
10	0.00899	0.00682	0.00840	0.00946	0.01062	0.00642	0.00682	0.01140	0.04692	0.01858	0.04471	0.47657	0.20524	0.01957	0.00857	0.00269	0.00418	0.09172	0.00637	0.00595
11	0.03011	0.01177	0.01586	0.01225	0.01748	0.01035	0.01009	0.03347	0.04892	0.69194	0.02703	0.02338	0.01710	0.00850	0.00688	0.00213	0.00580	0.00692	0.00840	0.01161
12	0.04407	0.09683	0.13397	0.05238	0.08742	0.04965	0.05350	0.13304	0.04988	0.14434	0.01872	0.05804	0.03170	0.00822	0.00663	0.00209	0.00775	0.00679	0.00511	0.00987
13	0.02205	0.07087	0.19571	0.01671	0.02325	0.05353	0.03520	0.39403	0.04532	0.05455	0.01527	0.01593	0.01099	0.00755	0.00661	0.00205	0.00838	0.00577	0.00541	0.01081
14	0.01092	0.00915	0.01393	0.01277	0.01450	0.00916	0.10977	0.01465	0.08805	0.01901	0.05282	0.41300	0.03395	0.13081	0.01279	0.00324	0.02493	0.01442	0.00560	0.00654
15	0.32289	0.11940	0.06975	0.01483	0.05074	0.28062	0.01204	0.02297	0.01517	0.02262	0.01027	0.01206	0.00835	0.00654	0.00525	0.00190	0.00863	0.00417	0.00367	0.00814
16	0.00845	0.00604	0.00807	0.00966	0.01011	0.00566	0.00655	0.00973	0.01321	0.01759	0.03764	0.72606	0.04500	0.02133	0.00876	0.00279	0.00407	0.04735	0.00635	0.00559
17	0.01960	0.01806	0.02324	0.05825	0.22554	0.11065	0.09372	0.11970	0.14995	0.06312	0.03775	0.01950	0.01440	0.00749	0.00694	0.00211	0.00825	0.00665	0.00496	0.01014
18	0.00937	0.00698	0.00871	0.00828	0.01003	0.00632	0.00621	0.01231	0.01863	0.02569	0.58780	0.05398	0.19112	0.01464	0.00807	0.00218	0.00327	0.01278	0.00730	0.00632
19	0.00855	0.00612	0.00813	0.00938	0.00997	0.00570	0.00637	0.01005	0.01408	0.01902	0.14299	0.64539	0.04826	0.02027	0.00863	0.00268	0.00385	0.01835	0.00653	0.00570
20	0.63416	0.09692	0.09221	0.01046	0.01552	0.01668	0.00986	0.02032	0.01220	0.02811	0.00983	0.01147	0.00770	0.00631	0.00450	0.00205	0.00605	0.00385	0.00394	0.00786
21	0.01188	0.00594	0.00891	0.00891	0.00891	0.00594	0.00594	0.00891	0.00891	0.01188	0.01188	0.02080	0.01188	0.02377	0.02674	0.80095	0.00594	0.00594	0.00297	0.00297
22	0.01292	0.01216	0.02052	0.74312	0.04712	0.01520	0.01900	0.01748	0.01368	0.01748	0.01216	0.01824	0.00912	0.00684	0.00684	0.00228	0.00912	0.00608	0.00304	0.00760
23	0.04102	0.15890	0.11157	0.01781	0.11116	0.15088	0.01412	0.14673	0.01901	0.02400	0.05057	0.02126	0.08844	0.00826	0.00633	0.00194	0.00809	0.00633	0.00445	0.00913
24	0.00968	0.00699	0.00914	0.00861	0.01022	0.00646	0.00646	0.01291	0.01937	0.02743	0.71328	0.05110	0.06455	0.01399	0.00807	0.00215	0.00323	0.01237	0.00753	0.00646
25	0.01419	0.01216	0.01419	0.01013	0.01621	0.00912	0.00811	0.01723	0.01419	0.02229	0.01216	0.01419	0.01013	0.00507	0.00507	0.00101	0.00507	0.00405	0.00405	0.80139
26	0.01207	0.01037	0.01499	0.19627	0.02146	0.01250	0.01178	0.01517	0.01530	0.02191	0.31179	0.03183	0.03326	0.01132	0.01139	0.00238	0.20171	0.00876	0.04872	0.00701
27	0.01829	0.76368	0.03585	0.01171	0.01756	0.02707	0.01171	0.02049	0.01390	0.01610	0.00951	0.01097	0.00878	0.00585	0.00439	0.00146	0.00732	0.00366	0.00293	0.00878
28	0.02559	0.01895	0.02030	0.01566	0.02106	0.02102	0.01290	0.66338	0.06354	0.04244	0.01696	0.01685	0.01207	0.00826	0.00685	0.00207	0.00743	0.00623	0.00685	0.01160
29	0.02305	0.01770	0.01887	0.01514	0.02009	0.01984	0.01229	0.47800	0.25305	0.03835	0.02018	0.01941	0.01467	0.00856	0.00688	0.00214	0.00683	0.00668	0.00688	0.01137
30	0.00811	0.00683	0.00704	0.00720	0.00931	0.00575	0.00532	0.00979	0.01533	0.01837	0.06597	0.13862	0.64349	0.01776	0.00815	0.00236	0.00352	0.01497	0.00635	0.00575
31	0.00834	0.00595	0.00794	0.00953	0.00992	0.00556	0.00635	0.00953	0.01310	0.01746	0.03771	0.75510	0.04525	0.02143	0.00873	0.00278	0.00397	0.01945	0.00635	0.00556
32	0.65545	0.01701	0.01187	0.01068	0.01477	0.15501	0.00854	0.02152	0.01315	0.02798	0.00973	0.01135	0.00768	0.00649	0.00461	0.00205	0.00667	0.00384	0.00410	0.00751
33	0.02156	0.13504	0.16630	0.01550	0.02208	0.01781	0.05178	0.24194	0.02110	0.15026	0.01585	0.01630	0.01132	0.00714	0.00632	0.00192	0.00773	0.00560	0.00529	0.07916
34	0.01259	0.00816	0.01042	0.00945	0.01166	0.00776	0.00722	0.01715	0.07874	0.10267	0.57963	0.04588	0.05562	0.01298	0.00784	0.00216	0.00370	0.01138	0.00758	0.00740
35	0.02766	0.01152	0.01501	0.01186	0.01668	0.01049	0.00968	0.03216	0.09326	0.58632	0.02668	0.02372	0.01741	0.00851	0.00671	0.00209	0.00555	0.00693	0.07665	0.01110
36	0.00923	0.00711	0.01023	0.09044	0.04694	0.00710	0.00840	0.01092	0.01328	0.01769	0.03378	0.64090	0.03973	0.01914	0.00844	0.00269	0.00472	0.01738	0.00585	0.00602
37	0.02401	0.08541	0.09801	0.01580	0.02181	0.02115	0.01422	0.56295	0.02867	0.03845	0.01538	0.01574	0.01107	0.00782	0.00659	0.00201	0.00779	0.00582	0.00608	0.01122
38	0.01392	0.01246	0.01934	0.60063	0.04104	0.01503	0.01716	0.09005	0.01585	0.02034	0.01757	0.02217	0.07046	0.00790	0.00695	0.00226	0.00846	0.00681	0.00374	0.00788
39	0.01372	0.03539	0.72412	0.01950	0.02961	0.01589	0.02528	0.02167	0.01444	0.02167	0.01228	0.01444	0.00867	0.00650	0.00650	0.00217	0.01011	0.00506	0.00289	0.01011
40	0.01419	0.01216	0.01419	0.01013	0.01621	0.00912	0.00811	0.01723	0.01419	0.02229	0.01216	0.01419	0.01013	0.00507	0.00507	0.00101	0.00507	0.00405	0.00405	0.80139
41	0.01835	0.01418	0.06543	0.01466	0.01928	0.01290	0.10439	0.02723	0.24567	0.19954	0.08220	0.05625	0.08896	0.01000	0.00732	0.00226	0.00627	0.00883	0.00654	0.00974

[dist]
# distance from previous block
# <min> <max>
0	1

[block]
# block no. 4 follows, 31 sequences, length 10
# corresponding to MSA columns:
# 254-263
name=unknown_E
#
# <colnr> <probs for GDERKNQSTAVLIFYWHMCP>
#	G	D	E	R	K	N	Q	S	T	A	V	L	I	F	Y	W	H	M	C	P
0	0.00901	0.00749	0.00794	0.00773	0.01002	0.00669	0.00582	0.01225	0.06468	0.02084	0.18489	0.06030	0.54590	0.01615	0.00800	0.00228	0.00356	0.01359	0.00661	0.00626
1	0.00853	0.00603	0.00792	0.00928	0.00981	0.00560	0.00623	0.00951	0.01304	0.01720	0.03864	0.65495	0.09658	0.02125	0.00979	0.05181	0.00405	0.01822	0.00614	0.00542
2	0.01615	0.01845	0.04037	0.02884	0.03576	0.01730	0.69204	0.02191	0.01615	0.02191	0.01384	0.01845	0.01038	0.00577	0.00807	0.00231	0.01153	0.00807	0.00346	0.00923
3	0.01437	0.01233	0.01427	0.01038	0.01632	0.00964	0.00829	0.01849	0.05995	0.02271	0.01320	0.01494	0.01085	0.00535	0.00519	0.00110	0.00509	0.00430	0.00425	0.74898
4	0.00892	0.00654	0.00848	0.00974	0.01072	0.00611	0.00716	0.01068	0.01428	0.01865	0.06932	0.48156	0.14492	0.01999	0.00876	0.00276	0.00435	0.15488	0.00639	0.00578
5	0.00914	0.00686	0.00833	0.00817	0.00976	0.00620	0.00597	0.01158	0.01719	0.02323	0.43455	0.12131	0.23529	0.06018	0.00974	0.00252	0.00357	0.01345	0.00690	0.00605
6	0.00968	0.00699	0.00914	0.00861	0.01022	0.00646	0.00646	0.01291	0.01937	0.02743	0.71328	0.05110	0.06455	0.01399	0.00807	0.00215	0.00323	0.01237	0.00753	0.00646
7	0.01435	0.01073	0.01388	0.03992	0.01626	0.00989	0.03441	0.06195	0.03977	0.07739	0.02290	0.25845	0.02319	0.04480	0.00858	0.00220	0.02617	0.01011	0.00536	0.27969
8	0.01672	0.04174	0.01840	0.05160	0.17296	0.03919	0.03473	0.08191	0.13749	0.07939	0.02479	0.16881	0.05460	0.01076	0.00714	0.00223	0.00646	0.00945	0.03248	0.00914
9	0.01807	0.20124	0.18198	0.03992	0.02175	0.06076	0.04097	0.06431	0.07719	0.10084	0.01568	0.01753	0.01212	0.01289	0.10268	0.00316	0.00962	0.00565	0.00431	0.00934

[dist]
# distance from previous block
# <min> <max>
2	18

[block]
# block no. 5 follows, 31 sequences, length 25
# corresponding to MSA columns:
# 282-306
name=unknown_F
#
# <colnr> <probs for GDERKNQSTAVLIFYWHMCP>
#	G	D	E	R	K	N	Q	S	T	A	V	L	I	F	Y	W	H	M	C	P
0	0.01380	0.01244	0.03594	0.04303	0.22413	0.01209	0.08445	0.04641	0.03423	0.01902	0.01759	0.03028	0.01756	0.35746	0.01999	0.00423	0.00777	0.00813	0.00399	0.00747
1	0.01880	0.12103	0.01849	0.01355	0.01721	0.25101	0.01080	0.10716	0.01731	0.02062	0.01388	0.01770	0.01203	0.04001	0.17910	0.00401	0.01123	0.00541	0.02768	0.09297
2	0.01661	0.19637	0.46279	0.01718	0.02563	0.01921	0.02037	0.12353	0.01701	0.02367	0.01229	0.01397	0.00914	0.00661	0.00608	0.00199	0.00909	0.00491	0.00350	0.01004
3	0.01473	0.01290	0.01434	0.08306	0.05460	0.05575	0.01048	0.07902	0.23440	0.02499	0.14136	0.06630	0.12954	0.03797	0.00830	0.00239	0.00584	0.00951	0.00606	0.00848
4	0.01552	0.11539	0.18227	0.05091	0.20442	0.01588	0.03180	0.02196	0.10423	0.04722	0.08675	0.05927	0.01874	0.00828	0.00670	0.00210	0.00744	0.00716	0.00442	0.00955
5	0.00964	0.00650	0.00755	0.00786	0.00793	0.00643	0.00457	0.00987	0.01055	0.01407	0.02466	0.18109	0.02878	0.61791	0.02981	0.00589	0.00612	0.01177	0.00457	0.00442
6	0.01577	0.01657	0.03098	0.22245	0.22814	0.03671	0.30656	0.02063	0.01542	0.02071	0.01303	0.01780	0.01013	0.00618	0.00733	0.00221	0.00996	0.00689	0.00333	0.00921
7	0.01623	0.01466	0.01872	0.06028	0.04591	0.01695	0.06985	0.03040	0.47712	0.02552	0.02351	0.02520	0.01842	0.00941	0.00881	0.00241	0.08577	0.03502	0.00585	0.00995
8	0.01822	0.01731	0.02528	0.19772	0.04973	0.10522	0.22134	0.12798	0.01829	0.05829	0.01566	0.05999	0.01285	0.03161	0.00813	0.00234	0.00944	0.00741	0.00434	0.00885
9	0.00834	0.00595	0.00794	0.00953	0.00992	0.00556	0.00635	0.00953	0.01310	0.01746	0.03771	0.75510	0.04525	0.02143	0.00873	0.00278	0.00397	0.01945	0.00635	0.00556
10	0.00977	0.00733	0.01100	0.01100	0.01222	0.00855	0.00855	0.01222	0.01100	0.01588	0.01833	0.02688	0.01710	0.05131	0.73245	0.01100	0.01833	0.00733	0.00367	0.00611
11	0.03755	0.00722	0.00817	0.00843	0.01015	0.00664	0.00612	0.03236	0.01573	0.02077	0.15620	0.29429	0.33680	0.01751	0.00813	0.00243	0.00379	0.01517	0.00648	0.00605
12	0.00876	0.00613	0.00781	0.00898	0.00927	0.00584	0.00577	0.00964	0.01226	0.01635	0.03342	0.56648	0.03984	0.21743	0.01566	0.00380	0.00468	0.01693	0.00577	0.00518
13	0.01292	0.01216	0.02052	0.74312	0.04712	0.01520	0.01900	0.01748	0.01368	0.01748	0.01216	0.01824	0.00912	0.00684	0.00684	0.00228	0.00912	0.00608	0.00304	0.00760
14	0.01693	0.01626	0.02777	0.04199	0.71689	0.01626	0.02100	0.02100	0.01558	0.02235	0.01287	0.01693	0.01084	0.00610	0.00677	0.00203	0.00813	0.00610	0.00339	0.01084
15	0.01468	0.01751	0.11267	0.13662	0.18900	0.01517	0.26945	0.01947	0.01482	0.02044	0.01500	0.05825	0.01299	0.06242	0.00940	0.00257	0.00946	0.00769	0.00351	0.00889
16	0.02306	0.01102	0.01398	0.01156	0.01567	0.01031	0.00923	0.05153	0.10919	0.42510	0.09974	0.09127	0.07578	0.01087	0.00725	0.00222	0.00524	0.00914	0.00778	0.01007
17	0.02094	0.02093	0.15403	0.01591	0.02179	0.01893	0.01470	0.36673	0.23149	0.03463	0.01907	0.01879	0.01385	0.00821	0.00681	0.00216	0.00739	0.00642	0.00612	0.01110
18	0.01852	0.01841	0.07632	0.02210	0.17317	0.08404	0.08721	0.16690	0.09985	0.04364	0.05181	0.09119	0.01787	0.00894	0.00713	0.00217	0.00790	0.00790	0.00514	0.00979
19	0.01940	0.01637	0.08460	0.07200	0.02273	0.05637	0.11330	0.10374	0.06746	0.19031	0.02845	0.02820	0.14754	0.00940	0.00721	0.00219	0.00744	0.00810	0.00578	0.00942
20	0.00856	0.00693	0.00745	0.00745	0.00928	0.00621	0.00539	0.01010	0.01421	0.01738	0.05628	0.05833	0.53026	0.13851	0.08996	0.00393	0.00556	0.01297	0.00572	0.00555
21	0.55097	0.09439	0.01568	0.01288	0.06639	0.01750	0.00985	0.06031	0.01331	0.02805	0.01014	0.01217	0.00819	0.00687	0.00614	0.00211	0.06870	0.00422	0.00408	0.00807
22	0.00992	0.00860	0.01043	0.00998	0.01161	0.00888	0.00760	0.01156	0.01384	0.01810	0.04507	0.23655	0.34813	0.01649	0.01079	0.00247	0.14641	0.01339	0.00554	0.06463
23	0.01694	0.16916	0.31051	0.02008	0.02776	0.06178	0.19912	0.07592	0.01652	0.02209	0.01240	0.01488	0.00939	0.00635	0.00652	0.00204	0.00988	0.00564	0.00340	0.00961
24	0.02459	0.13026	0.02159	0.01683	0.02067	0.63792	0.01302	0.02641	0.01865	0.01666	0.01043	0.01216	0.00881	0.00689	0.00593	0.00172	0.01167	0.00431	0.00345	0.00804

[dist]
# distance from previous block
# <min> <max>
0	1

[block]
# block no. 6 follows, 31 sequences, length 27
# corresponding to MSA columns:
# 308-334
name=unknown_G
#
# <colnr> <probs for GDERKNQSTAVLIFYWHMCP>
#	G	D	E	R	K	N	Q	S	T	A	V	L	I	F	Y	W	H	M	C	P
0	0.07955	0.00809	0.01168	0.01369	0.11342	0.00827	0.00823	0.01191	0.01034	0.01555	0.01225	0.01960	0.01158	0.01907	0.02103	0.58423	0.00610	0.00579	0.03497	0.00464
1	0.00991	0.00669	0.00771	0.00763	0.00787	0.00661	0.00449	0.01038	0.01133	0.01535	0.12335	0.04570	0.03071	0.64984	0.03088	0.00597	0.00613	0.01031	0.00464	0.00449
2	0.00977	0.00733	0.01100	0.01100	0.01222	0.00855	0.00855	0.01222	0.01100	0.01588	0.01833	0.02688	0.01710	0.05131	0.73245	0.01100	0.01833	0.00733	0.00367	0.00611
3	0.01647	0.00854	0.01107	0.00955	0.01250	0.00756	0.00747	0.01929	0.01888	0.25823	0.38904	0.04397	0.14422	0.01263	0.00767	0.00216	0.00413	0.01084	0.00767	0.00809
4	0.01275	0.00638	0.00638	0.00638	0.00797	0.00638	0.00478	0.01594	0.01435	0.02551	0.02232	0.02551	0.01754	0.00797	0.00478	0.00159	0.00319	0.00638	0.79755	0.00638
5	0.02601	0.01916	0.02053	0.01574	0.02122	0.02122	0.01300	0.69408	0.03217	0.04312	0.01643	0.01643	0.01163	0.00821	0.00684	0.00205	0.00753	0.00616	0.00684	0.01163
6	0.00834	0.00595	0.00794	0.00953	0.00992	0.00556	0.00635	0.00953	0.01310	0.01746	0.03771	0.75510	0.04525	0.02143	0.00873	0.00278	0.00397	0.01945	0.00635	0.00556
7	0.02529	0.07269	0.02090	0.01646	0.02095	0.38861	0.01303	0.30768	0.02443	0.02781	0.01297	0.01397	0.01000	0.00746	0.00634	0.00187	0.01000	0.00510	0.00489	0.00954
8	0.02349	0.13745	0.02140	0.01623	0.02023	0.51061	0.01270	0.05815	0.10055	0.01928	0.01274	0.01389	0.01037	0.00719	0.00603	0.00180	0.01055	0.00477	0.00400	0.00857
9	0.01658	0.01549	0.02318	0.25368	0.34976	0.03866	0.01828	0.06753	0.10529	0.02288	0.01475	0.01827	0.01159	0.00691	0.00680	0.00214	0.00818	0.00625	0.00398	0.00979
10	0.01583	0.01356	0.01438	0.01302	0.01661	0.01542	0.01010	0.03269	0.60344	0.02782	0.08384	0.03032	0.07257	0.01021	0.00713	0.00231	0.00511	0.00856	0.00696	0.01014
11	0.00842	0.00704	0.00739	0.00757	0.00980	0.00601	0.00585	0.01031	0.01561	0.01871	0.06559	0.06711	0.63828	0.01750	0.00824	0.00240	0.00378	0.08821	0.00635	0.00583
12	0.00968	0.00699	0.00914	0.00861	0.01022	0.00646	0.00646	0.01291	0.01937	0.02743	0.71328	0.05110	0.06455	0.01399	0.00807	0.00215	0.00323	0.01237	0.00753	0.00646
13	0.00977	0.00733	0.01100	0.01100	0.01222	0.00855	0.00855	0.01222	0.01100	0.01588	0.01833	0.02688	0.01710	0.05131	0.73245	0.01100	0.01833	0.00733	0.00367	0.00611
14	0.01693	0.01626	0.02777	0.04199	0.71689	0.01626	0.02100	0.02100	0.01558	0.02235	0.01287	0.01693	0.01084	0.00610	0.00677	0.00203	0.00813	0.00610	0.00339	0.01084
15	0.80789	0.01323	0.01006	0.00900	0.01323	0.01535	0.00741	0.02011	0.01164	0.03070	0.00953	0.01111	0.00741	0.00635	0.00423	0.00212	0.00529	0.00370	0.00423	0.00741
16	0.01615	0.01845	0.04037	0.02884	0.03576	0.01730	0.69204	0.02191	0.01615	0.02191	0.01384	0.01845	0.01038	0.00577	0.00807	0.00231	0.01153	0.00807	0.00346	0.00923
17	0.00834	0.00595	0.00794	0.00953	0.00992	0.00556	0.00635	0.00953	0.01310	0.01746	0.03771	0.75510	0.04525	0.02143	0.00873	0.00278	0.00397	0.01945	0.00635	0.00556
18	0.01702	0.01470	0.01547	0.01392	0.01779	0.01702	0.01083	0.03635	0.70453	0.02862	0.02785	0.02553	0.02088	0.00928	0.00696	0.00232	0.00541	0.00773	0.00696	0.01083
19	0.01419	0.01216	0.01419	0.01013	0.01621	0.00912	0.00811	0.01723	0.01419	0.02229	0.01216	0.01419	0.01013	0.00507	0.00507	0.00101	0.00507	0.00405	0.00405	0.80139
20	0.02612	0.04988	0.01762	0.01348	0.01835	0.08042	0.01096	0.11610	0.16809	0.38955	0.02352	0.02132	0.01599	0.00836	0.00671	0.00209	0.00662	0.00660	0.00723	0.01099
21	0.01615	0.01845	0.04037	0.02884	0.03576	0.01730	0.69204	0.02191	0.01615	0.02191	0.01384	0.01845	0.01038	0.00577	0.00807	0.00231	0.01153	0.00807	0.00346	0.00923
22	0.00968	0.00699	0.00914	0.00861	0.01022	0.00646	0.00646	0.01291	0.01937	0.02743	0.71328	0.05110	0.06455	0.01399	0.00807	0.00215	0.00323	0.01237	0.00753	0.00646
23	0.00980	0.00723	0.01048	0.01048	0.01152	0.00827	0.00790	0.01188	0.01084	0.01550	0.01880	0.02951	0.01825	0.15554	0.62979	0.01035	0.01660	0.00772	0.00374	0.00582
24	0.02228	0.06478	0.02569	0.02086	0.05636	0.39760	0.17139	0.09506	0.01922	0.02093	0.01195	0.01442	0.00957	0.00693	0.00716	0.00196	0.03573	0.00553	0.00380	0.00878
25	0.00977	0.00733	0.01100	0.01100	0.01222	0.00855	0.00855	0.01222	0.01100	0.01588	0.01833	0.02688	0.01710	0.05131	0.73245	0.01100	0.01833	0.00733	0.00367	0.00611
26	0.00978	0.00729	0.01081	0.01081	0.01197	0.00845	0.00832	0.01210	0.01094	0.01574	0.01849	0.02781	0.01751	0.08833	0.69598	0.01077	0.01771	0.00747	0.00369	0.00601

[dist]
# distance from previous block
# <min> <max>
0	1

[block]
# block no. 7 follows, 31 sequences, length 65
# corresponding to MSA columns:
# 336-400
name=unknown_H
#
# <colnr> <probs for GDERKNQSTAVLIFYWHMCP>
#	G	D	E	R	K	N	Q	S	T	A	V	L	I	F	Y	W	H	M	C	P
0	0.01383	0.01282	0.01749	0.07044	0.01886	0.01524	0.01234	0.01615	0.01189	0.01817	0.01151	0.01671	0.01050	0.01524	0.11880	0.00351	0.36713	0.00562	0.00341	0.24033
1	0.01829	0.76368	0.03585	0.01171	0.01756	0.02707	0.01171	0.02049	0.01390	0.01610	0.00951	0.01097	0.00878	0.00585	0.00439	0.00146	0.00732	0.00366	0.00293	0.00878
2	0.00834	0.00595	0.00794	0.00953	0.00992	0.00556	0.00635	0.00953	0.01310	0.01746	0.03771	0.75510	0.04525	0.02143	0.00873	0.00278	0.00397	0.01945	0.00635	0.00556
3	0.01770	0.01736	0.07611	0.01465	0.01916	0.03970	0.01230	0.08542	0.57274	0.02877	0.02510	0.02347	0.01876	0.00889	0.00689	0.00227	0.00619	0.00728	0.00650	0.01074
4	0.02438	0.15087	0.02205	0.01667	0.02057	0.61804	0.01297	0.02621	0.01850	0.01664	0.01040	0.01212	0.00881	0.00686	0.00588	0.00171	0.01153	0.00429	0.00343	0.00807
5	0.02802	0.01173	0.01560	0.01184	0.01726	0.00990	0.00974	0.03073	0.01871	0.60849	0.02459	0.02181	0.01583	0.00792	0.00659	0.00194	0.00570	0.00642	0.00775	0.13940
6	0.01429	0.07880	0.07466	0.01639	0.01787	0.01903	0.01442	0.01650	0.01116	0.01674	0.01083	0.01656	0.01029	0.01756	0.13740	0.00413	0.50678	0.00594	0.00309	0.00757
7	0.00995	0.00663	0.00746	0.00746	0.00746	0.00663	0.00415	0.00995	0.00995	0.01327	0.02156	0.04477	0.02487	0.75957	0.03482	0.00663	0.00663	0.00995	0.00415	0.00415
8	0.01587	0.02249	0.25232	0.03430	0.47225	0.01617	0.04546	0.02124	0.01523	0.02212	0.01271	0.01618	0.01012	0.00621	0.00673	0.00208	0.00888	0.00583	0.00323	0.01055
9	0.02311	0.01718	0.01833	0.01432	0.01928	0.01872	0.01174	0.58338	0.02949	0.03913	0.02498	0.02442	0.12528	0.00969	0.00704	0.00209	0.00687	0.00750	0.00676	0.01069
10	0.01414	0.01367	0.01904	0.01653	0.01663	0.01879	0.01356	0.01558	0.01047	0.01615	0.01077	0.01841	0.01095	0.07843	0.07812	0.00392	0.62816	0.00643	0.00314	0.00709
11	0.01023	0.00731	0.01012	0.01170	0.01292	0.00719	0.00965	0.01281	0.01497	0.01959	0.03666	0.27664	0.04110	0.01964	0.00924	0.00304	0.00561	0.47918	0.00631	0.00608
12	0.15642	0.01190	0.01494	0.01166	0.01678	0.01091	0.00963	0.03120	0.01830	0.60985	0.02417	0.02132	0.01539	0.00813	0.00645	0.00212	0.00574	0.00637	0.00778	0.01096
13	0.00843	0.00602	0.00805	0.00964	0.01008	0.00564	0.00652	0.00969	0.01319	0.01757	0.03765	0.73066	0.04504	0.02134	0.00876	0.00279	0.00405	0.04293	0.00635	0.00558
14	0.00968	0.00699	0.00914	0.00861	0.01022	0.00646	0.00646	0.01291	0.01937	0.02743	0.71328	0.05110	0.06455	0.01399	0.00807	0.00215	0.00323	0.01237	0.00753	0.00646
15	0.01497	0.01497	0.02095	0.01796	0.01796	0.02095	0.01497	0.01646	0.01048	0.01646	0.00898	0.01497	0.00898	0.01197	0.02245	0.00299	0.74704	0.00599	0.00299	0.00748
16	0.02601	0.01916	0.02053	0.01574	0.02122	0.02122	0.01300	0.69408	0.03217	0.04312	0.01643	0.01643	0.01163	0.00821	0.00684	0.00205	0.00753	0.00616	0.00684	0.01163
17	0.01292	0.01216	0.02052	0.74312	0.04712	0.01520	0.01900	0.01748	0.01368	0.01748	0.01216	0.01824	0.00912	0.00684	0.00684	0.00228	0.00912	0.00608	0.00304	0.00760
18	0.00995	0.00663	0.00746	0.00746	0.00746	0.00663	0.00415	0.00995	0.00995	0.01327	0.02156	0.04477	0.02487	0.75957	0.03482	0.00663	0.00663	0.00995	0.00415	0.00415
19	0.02601	0.01916	0.02053	0.01574	0.02122	0.02122	0.01300	0.69408	0.03217	0.04312	0.01643	0.01643	0.01163	0.00821	0.00684	0.00205	0.00753	0.00616	0.00684	0.01163
20	0.01702	0.01470	0.01547	0.01392	0.01779	0.01702	0.01083	0.03635	0.70453	0.02862	0.02785	0.02553	0.02088	0.00928	0.00696	0.00232	0.00541	0.00773	0.00696	0.01083
21	0.02556	0.03261	0.01939	0.01763	0.02115	0.73210	0.01322	0.02732	0.01939	0.01674	0.01058	0.01234	0.00881	0.00705	0.00617	0.00176	0.01234	0.00441	0.00353	0.00793
22	0.01702	0.01470	0.01547	0.01392	0.01779	0.01702	0.01083	0.03635	0.70453	0.02862	0.02785	0.02553	0.02088	0.00928	0.00696	0.00232	0.00541	0.00773	0.00696	0.01083
23	0.00995	0.00663	0.00746	0.00746	0.00746	0.00663	0.00415	0.00995	0.00995	0.01327	0.02156	0.04477	0.02487	0.75957	0.03482	0.00663	0.00663	0.00995	0.00415	0.00415
24	0.01419	0.01216	0.01419	0.01013	0.01621	0.00912	0.00811	0.01723	0.01419	0.02229	0.01216	0.01419	0.01013	0.00507	0.00507	0.00101	0.00507	0.00405	0.00405	0.80139
25	0.02601	0.01916	0.02053	0.01574	0.02122	0.02122	0.01300	0.69408	0.03217	0.04312	0.01643	0.01643	0.01163	0.00821	0.00684	0.00205	0.00753	0.00616	0.00684	0.01163
26	0.01188	0.00594	0.00891	0.00891	0.00891	0.00594	0.00594	0.00891	0.00891	0.01188	0.01188	0.02080	0.01188	0.02377	0.02674	0.80095	0.00594	0.00594	0.00297	0.00297
27	0.01829	0.76368	0.03585	0.01171	0.01756	0.02707	0.01171	0.02049	0.01390	0.01610	0.00951	0.01097	0.00878	0.00585	0.00439	0.00146	0.00732	0.00366	0.00293	0.00878
28	0.01292	0.01216	0.02052	0.74312	0.04712	0.01520	0.01900	0.01748	0.01368	0.01748	0.01216	0.01824	0.00912	0.00684	0.00684	0.00228	0.00912	0.00608	0.00304	0.00760
29	0.03070	0.01164	0.01588	0.01217	0.01746	0.01006	0.01006	0.03334	0.01958	0.72163	0.02699	0.02329	0.01694	0.00847	0.00688	0.00212	0.00582	0.00688	0.00847	0.01164
30	0.01615	0.01845	0.04037	0.02884	0.03576	0.01730	0.69204	0.02191	0.01615	0.02191	0.01384	0.01845	0.01038	0.00577	0.00807	0.00231	0.01153	0.00807	0.00346	0.00923
31	0.01419	0.01216	0.01419	0.01013	0.01621	0.00912	0.00811	0.01723	0.01419	0.02229	0.01216	0.01419	0.01013	0.00507	0.00507	0.00101	0.00507	0.00405	0.00405	0.80139
32	0.00834	0.00595	0.00794	0.00953	0.00992	0.00556	0.00635	0.00953	0.01310	0.01746	0.03771	0.75510	0.04525	0.02143	0.00873	0.00278	0.00397	0.01945	0.00635	0.00556
