[name]
unknown

[dist]
# distance from previous block
# <min> <max>
0	108

[block]
# block no. 0 follows, 30 sequences, length 7
# corresponding to MSA columns:
# 115-121
name=unknown_A
#
# <colnr> <probs for GDERKNQSTAVLIFYWHMCP>
#	G	D	E	R	K	N	Q	S	T	A	V	L	I	F	Y	W	H	M	C	P
0	0.03724	0.04433	0.11512	0.12776	0.05725	0.01414	0.01431	0.11686	0.04072	0.10510	0.07358	0.04973	0.01953	0.00931	0.00700	0.00217	0.00716	0.06597	0.00533	0.08739
1	0.05851	0.03148	0.07001	0.07340	0.02141	0.03901	0.02630	0.21617	0.07490	0.10290	0.09837	0.04890	0.02028	0.00945	0.00764	0.00220	0.03639	0.02132	0.00596	0.03540
2	0.13193	0.01812	0.10379	0.09316	0.11631	0.01742	0.04085	0.17349	0.07262	0.02808	0.01489	0.03702	0.01187	0.00806	0.00802	0.00224	0.07371	0.00626	0.00465	0.03751
3	0.05915	0.01260	0.01740	0.24374	0.08175	0.01355	0.01347	0.06794	0.04441	0.08077	0.01938	0.03941	0.05807	0.01162	0.06166	0.00278	0.03191	0.00688	0.00462	0.12889
4	0.01458	0.01263	0.02018	0.59571	0.04197	0.01546	0.01783	0.05129	0.01525	0.05001	0.04700	0.02019	0.01253	0.00776	0.00791	0.00234	0.04897	0.00655	0.00375	0.00807
5	0.02392	0.01993	0.07336	0.07370	0.02416	0.02046	0.01455	0.54170	0.07348	0.03928	0.01685	0.01736	0.01205	0.00820	0.00696	0.00214	0.00787	0.00630	0.00637	0.01137
6	0.01599	0.01325	0.01961	0.49934	0.03827	0.01570	0.01677	0.12324	0.05545	0.05069	0.04367	0.02262	0.01417	0.00817	0.00714	0.00231	0.00835	0.03213	0.00446	0.00864

[dist]
# distance from previous block
# <min> <max>
0	1

[block]
# block no. 1 follows, 30 sequences, length 13
# corresponding to MSA columns:
# 123-135
name=unknown_B
#
# <colnr> <probs for GDERKNQSTAVLIFYWHMCP>
#	G	D	E	R	K	N	Q	S	T	A	V	L	I	F	Y	W	H	M	C	P
0	0.02447	0.01893	0.02042	0.12229	0.02520	0.07194	0.01394	0.48270	0.05125	0.07414	0.01666	0.01742	0.01190	0.00813	0.00694	0.00212	0.00811	0.00623	0.00625	0.01095
1	0.16712	0.01352	0.01509	0.06473	0.01880	0.01458	0.01047	0.14419	0.15716	0.18873	0.02278	0.05846	0.03500	0.04896	0.00817	0.00249	0.00619	0.00741	0.00643	0.00973
2	0.08756	0.01822	0.01861	0.01496	0.01982	0.05994	0.01215	0.39388	0.14784	0.06103	0.01779	0.01782	0.01305	0.00837	0.00735	0.00213	0.03882	0.00618	0.00635	0.04813
3	0.08607	0.02225	0.08661	0.05262	0.14892	0.18381	0.04935	0.16789	0.03820	0.07722	0.01450	0.01618	0.01088	0.00725	0.00662	0.00207	0.00909	0.00573	0.00473	0.01001
4	0.01628	0.01505	0.02449	0.39815	0.24387	0.04621	0.07372	0.02064	0.01534	0.05983	0.01356	0.01826	0.01038	0.00676	0.00703	0.00222	0.00915	0.00635	0.00358	0.00913
5	0.01441	0.01140	0.01343	0.01025	0.01535	0.00920	0.00811	0.01842	0.05504	0.05801	0.13154	0.02430	0.05350	0.00768	0.00602	0.00142	0.00484	0.00639	0.00522	0.54545
6	0.02274	0.14910	0.05705	0.05685	0.05587	0.31270	0.05095	0.16971	0.02078	0.02368	0.01237	0.01424	0.00981	0.00709	0.00633	0.00190	0.01013	0.00516	0.00417	0.00936
7	0.00997	0.00748	0.01121	0.01121	0.01246	0.00872	0.00872	0.01246	0.01121	0.01620	0.01869	0.02741	0.01745	0.05234	0.72710	0.01121	0.01869	0.00748	0.00374	0.00623
8	0.02210	0.01681	0.02303	0.02355	0.20579	0.07355	0.09460	0.11663	0.05903	0.19722	0.02095	0.02171	0.05023	0.00816	0.00769	0.00217	0.03355	0.00707	0.00560	0.01054
9	0.04571	0.00726	0.00782	0.00804	0.01007	0.00648	0.00601	0.01100	0.01572	0.02032	0.12820	0.17296	0.47063	0.01754	0.00823	0.00245	0.00381	0.04521	0.00650	0.00603
10	0.08206	0.56915	0.15598	0.01313	0.01974	0.02460	0.01405	0.02108	0.01409	0.01865	0.01021	0.01184	0.00882	0.00613	0.00485	0.00167	0.00780	0.00399	0.00309	0.00908
11	0.01790	0.08083	0.16726	0.01577	0.02122	0.07672	0.04284	0.08112	0.23979	0.05788	0.02272	0.05077	0.04074	0.00938	0.00700	0.00224	0.00768	0.04285	0.00542	0.00988
12	0.01708	0.26174	0.40811	0.01655	0.02477	0.01965	0.01943	0.04285	0.04441	0.06509	0.01338	0.01472	0.01003	0.00672	0.00600	0.00198	0.00885	0.00497	0.00361	0.01006

[dist]
# distance from previous block
# <min> <max>
0	3

[block]
# block no. 2 follows, 30 sequences, length 6
# corresponding to MSA columns:
# 139-144
name=unknown_C
#
# <colnr> <probs for GDERKNQSTAVLIFYWHMCP>
#	G	D	E	R	K	N	Q	S	T	A	V	L	I	F	Y	W	H	M	C	P
0	0.00909	0.00871	0.05261	0.00916	0.01137	0.00671	0.00745	0.01141	0.01571	0.02016	0.14329	0.23879	0.36315	0.01770	0.00840	0.00250	0.00425	0.05688	0.00642	0.00624
1	0.08093	0.15831	0.04773	0.09370	0.14970	0.06454	0.09865	0.06225	0.01611	0.02234	0.01372	0.05835	0.01197	0.00725	0.00631	0.00196	0.00819	0.00625	0.00387	0.08789
2	0.01570	0.27019	0.32836	0.05723	0.06619	0.01964	0.01869	0.02189	0.05943	0.02017	0.01300	0.01536	0.01032	0.00907	0.04496	0.00247	0.00933	0.00511	0.00331	0.00959
3	0.08195	0.36928	0.16405	0.01409	0.02009	0.15371	0.01416	0.02167	0.01527	0.01903	0.01458	0.01595	0.05608	0.00716	0.00548	0.00180	0.00855	0.00490	0.00344	0.00874
4	0.01728	0.31231	0.24717	0.01607	0.02220	0.08538	0.01689	0.02225	0.05458	0.01908	0.01171	0.01391	0.00968	0.00741	0.00818	0.00203	0.11651	0.00484	0.00328	0.00924
5	0.01899	0.21983	0.16847	0.04720	0.11457	0.09050	0.01556	0.02266	0.01572	0.12115	0.01638	0.01916	0.03405	0.05767	0.00813	0.00227	0.00837	0.00581	0.00413	0.00939

[dist]
# distance from previous block
# <min> <max>
0	3

[block]
# block no. 3 follows, 30 sequences, length 14
# corresponding to MSA columns:
# 148-161
name=unknown_D
#
# <colnr> <probs for GDERKNQSTAVLIFYWHMCP>
#	G	D	E	R	K	N	Q	S	T	A	V	L	I	F	Y	W	H	M	C	P
0	0.01641	0.41017	0.28398	0.05458	0.02398	0.02171	0.01720	0.02097	0.01439	0.01894	0.01104	0.01309	0.00901	0.00622	0.00544	0.00177	0.00847	0.00441	0.00304	0.05516
1	0.01329	0.21917	0.01832	0.01123	0.01389	0.01397	0.00940	0.01556	0.01233	0.04442	0.01673	0.02390	0.01557	0.08358	0.44916	0.00782	0.01423	0.00658	0.00376	0.00709
2	0.01519	0.04936	0.08751	0.09946	0.09529	0.06873	0.05007	0.01878	0.01506	0.04513	0.10029	0.02493	0.01923	0.01463	0.09859	0.00339	0.11562	0.03786	0.00421	0.03666
3	0.07346	0.21938	0.35717	0.07874	0.02621	0.04514	0.01883	0.02230	0.01485	0.06623	0.01249	0.01441	0.00938	0.00663	0.00595	0.00201	0.00893	0.00487	0.00347	0.00956
4	0.03514	0.18631	0.30986	0.01565	0.02222	0.03689	0.01708	0.04462	0.04681	0.02095	0.01352	0.01643	0.01096	0.01406	0.12027	0.00345	0.03937	0.00533	0.00352	0.03755
5	0.01751	0.25479	0.31641	0.01584	0.02318	0.01810	0.04711	0.02236	0.01533	0.11732	0.01696	0.05833	0.03232	0.00785	0.00626	0.00203	0.00833	0.00622	0.00408	0.00968
6	0.01713	0.22218	0.26958	0.01750	0.07658	0.08661	0.01701	0.02168	0.01533	0.04756	0.03003	0.01557	0.01133	0.00845	0.03513	0.00221	0.00909	0.00505	0.00356	0.08843
7	0.01703	0.30409	0.16600	0.01363	0.01926	0.10050	0.01360	0.02035	0.01509	0.04835	0.01780	0.05236	0.05649	0.03724	0.02719	0.00230	0.00830	0.02215	0.00388	0.05438
8	0.06006	0.24527	0.16857	0.01604	0.02171	0.10675	0.08864	0.02133	0.03705	0.02068	0.07671	0.04759	0.01618	0.00804	0.00689	0.00202	0.03750	0.00632	0.00389	0.00876
9	0.04919	0.25413	0.23432	0.01667	0.07509	0.05920	0.01589	0.02115	0.01533	0.06592	0.05284	0.08015	0.01593	0.00829	0.00617	0.00200	0.00797	0.00651	0.00403	0.00920
10	0.16566	0.12411	0.26246	0.01648	0.06109	0.01588	0.04398	0.01945	0.01402	0.02244	0.03426	0.05222	0.01439	0.01265	0.08073	0.00310	0.00913	0.03545	0.00380	0.00869
11	0.08341	0.17586	0.15056	0.01359	0.01928	0.06823	0.01319	0.05254	0.04876	0.10652	0.06565	0.03816	0.01693	0.00827	0.00620	0.00196	0.00729	0.03354	0.00486	0.08519
12	0.05130	0.37795	0.10902	0.04645	0.08455	0.12068	0.01480	0.02145	0.01502	0.01878	0.03008	0.01406	0.01070	0.00691	0.00652	0.00185	0.05292	0.00473	0.00330	0.00893
13	0.06917	0.23429	0.20465	0.01695	0.05310	0.04882	0.10063	0.02003	0.01533	0.02098	0.06341	0.02202	0.08682	0.00801	0.00633	0.00201	0.00817	0.00657	0.00386	0.00884

[dist]
# distance from previous block
# <min> <max>
39	122

[block]
# block no. 4 follows, 30 sequences, length 6
# corresponding to MSA columns:
# 310-315
name=unknown_E
#
# <colnr> <probs for GDERKNQSTAVLIFYWHMCP>
#	G	D	E	R	K	N	Q	S	T	A	V	L	I	F	Y	W	H	M	C	P
0	0.13575	0.01689	0.01669	0.01523	0.06065	0.14252	0.03191	0.09612	0.05258	0.10348	0.02010	0.04697	0.04596	0.00893	0.00655	0.00203	0.00731	0.05518	0.00533	0.12982
1	0.06902	0.12329	0.02015	0.05700	0.08198	0.12706	0.01215	0.08396	0.01776	0.12190	0.06571	0.02176	0.04788	0.03408	0.00831	0.00217	0.05004	0.00644	0.00498	0.04439
2	0.01831	0.05013	0.05158	0.01279	0.01723	0.05507	0.01059	0.15724	0.12132	0.08519	0.04589	0.08929	0.05813	0.05661	0.00861	0.00230	0.00644	0.00810	0.00586	0.13933
3	0.01619	0.01535	0.02601	0.10484	0.59328	0.01560	0.02003	0.02014	0.01551	0.02194	0.01509	0.07620	0.01371	0.00754	0.00708	0.00216	0.00804	0.00731	0.00366	0.01031
4	0.01529	0.01456	0.02474	0.37948	0.39007	0.01606	0.02043	0.01968	0.01495	0.02039	0.01278	0.01792	0.01021	0.00659	0.00694	0.00220	0.00878	0.00621	0.00328	0.00945
5	0.05585	0.01294	0.01759	0.01474	0.05311	0.01190	0.08444	0.10118	0.01760	0.05192	0.09557	0.06537	0.02051	0.01010	0.03197	0.00214	0.00665	0.03232	0.00518	0.30893

[dist]
# distance from previous block
# <min> <max>
0	2

[block]
# block no. 5 follows, 30 sequences, length 160
# corresponding to MSA columns:
# 318-477
name=unknown_F
#
# <colnr> <probs for GDERKNQSTAVLIFYWHMCP>
#	G	D	E	R	K	N	Q	S	T	A	V	L	I	F	Y	W	H	M	C	P
0	0.01497	0.01611	0.08651	0.23925	0.14879	0.01639	0.01735	0.03696	0.04047	0.02084	0.03751	0.01827	0.01219	0.00822	0.01045	0.00230	0.17605	0.00618	0.00366	0.08753
1	0.11230	0.01054	0.01101	0.01104	0.01296	0.04962	0.00832	0.06519	0.04129	0.02198	0.03151	0.30663	0.09368	0.05596	0.04426	0.00322	0.02680	0.08111	0.00576	0.00682
2	0.07169	0.01520	0.01652	0.01289	0.01792	0.01556	0.01050	0.36106	0.02454	0.09193	0.05055	0.02436	0.10191	0.00912	0.00671	0.00196	0.00625	0.00713	0.00642	0.14778
3	0.01122	0.10251	0.01367	0.01036	0.01203	0.01076	0.00807	0.01330	0.01299	0.01785	0.13603	0.03382	0.05052	0.16437	0.33758	0.00704	0.03853	0.00857	0.00447	0.00631
4	0.01500	0.10673	0.01726	0.01054	0.01671	0.01162	0.00873	0.01799	0.01443	0.02194	0.01206	0.01406	0.01016	0.00527	0.00508	0.00109	0.00546	0.00408	0.00399	0.69779
5	0.01111	0.00769	0.00957	0.00884	0.01092	0.00704	0.00671	0.03158	0.01941	0.06168	0.53811	0.05250	0.17953	0.01445	0.00814	0.00222	0.00359	0.01255	0.00749	0.00687
6	0.01842	0.72291	0.07057	0.01234	0.01852	0.02704	0.01263	0.02096	0.01421	0.01670	0.00984	0.01137	0.00895	0.00600	0.00458	0.00153	0.00760	0.00380	0.00298	0.00902
7	0.01787	0.17036	0.40460	0.01898	0.06976	0.06680	0.02018	0.06616	0.01656	0.06771	0.01316	0.01480	0.00976	0.00676	0.00626	0.00202	0.00933	0.00510	0.00367	0.01015
8	0.02064	0.09403	0.20541	0.01968	0.08048	0.23119	0.03488	0.15055	0.01986	0.02427	0.01381	0.01751	0.01119	0.00762	0.00661	0.00204	0.00992	0.03651	0.00414	0.00967
9	0.64975	0.01251	0.01030	0.00930	0.01328	0.01398	0.00747	0.01904	0.01241	0.02928	0.03083	0.08685	0.01313	0.00814	0.00494	0.00215	0.00519	0.00565	0.00461	0.06118
10	0.02150	0.16807	0.04972	0.01617	0.04570	0.25270	0.01315	0.08687	0.01832	0.08729	0.01791	0.02073	0.05909	0.00882	0.00793	0.00204	0.07777	0.03277	0.00451	0.00892
11	0.01552	0.01178	0.01385	0.01053	0.01582	0.00945	0.00833	0.05283	0.01588	0.08069	0.02030	0.08797	0.06193	0.00804	0.00598	0.00144	0.00515	0.00668	0.00504	0.56280
12	0.00876	0.00644	0.00843	0.00948	0.01032	0.00611	0.00659	0.01038	0.01404	0.01873	0.10399	0.52391	0.12366	0.02395	0.08673	0.00363	0.00550	0.01720	0.00630	0.00584
13	0.01658	0.01310	0.01606	0.06219	0.05365	0.01138	0.01023	0.08192	0.03433	0.06974	0.01655	0.01809	0.03876	0.00648	0.00584	0.00143	0.00584	0.00528	0.00476	0.52777
14	0.00974	0.00728	0.00912	0.00861	0.01049	0.00654	0.00644	0.01270	0.01869	0.02594	0.55422	0.08064	0.16425	0.01476	0.00814	0.00220	0.00343	0.01291	0.00731	0.03658
15	0.00976	0.00825	0.03717	0.00927	0.01125	0.00703	0.00737	0.01287	0.01792	0.02493	0.49794	0.08645	0.14164	0.01837	0.07564	0.00310	0.00508	0.01249	0.00691	0.00656
16	0.04577	0.09819	0.02187	0.01951	0.08571	0.57615	0.01392	0.02642	0.01868	0.01794	0.01088	0.01286	0.00914	0.00697	0.00613	0.00181	0.01151	0.00457	0.00355	0.00843
17	0.05935	0.30722	0.35329	0.01545	0.02293	0.01981	0.01790	0.02065	0.01403	0.01990	0.01187	0.01439	0.00962	0.01066	0.07327	0.00278	0.00974	0.00476	0.00311	0.00926
18	0.01400	0.03610	0.71860	0.01989	0.03020	0.01621	0.02578	0.02210	0.01473	0.02210	0.01252	0.01473	0.00884	0.00663	0.00663	0.00221	0.01031	0.00516	0.00295	0.01031
19	0.00999	0.00741	0.01088	0.01088	0.01201	0.00854	0.00830	0.01225	0.01112	0.01595	0.01900	0.02911	0.01818	0.11770	0.66275	0.01080	0.01758	0.00773	0.00378	0.00604
20	0.01808	0.13891	0.14931	0.01327	0.01864	0.01496	0.01278	0.04689	0.13319	0.15362	0.17163	0.02609	0.02533	0.00907	0.00674	0.00206	0.00638	0.00738	0.00595	0.03973
21	0.00948	0.00698	0.00881	0.00997	0.01071	0.00686	0.00676	0.01240	0.07758	0.01883	0.05250	0.61745	0.04288	0.07047	0.01053	0.00304	0.00435	0.01788	0.00641	0.00610
22	0.01436	0.01180	0.01392	0.01033	0.01597	0.00899	0.00815	0.01727	0.01451	0.04067	0.01525	0.08374	0.01388	0.00683	0.00557	0.00123	0.00508	0.00568	0.00447	0.70230
23	0.01637	0.46930	0.25252	0.01421	0.02121	0.02227	0.01590	0.02042	0.01439	0.01838	0.01411	0.04270	0.03797	0.00725	0.00548	0.00181	0.00809	0.00524	0.00324	0.00914
24	0.01866	0.75896	0.03657	0.01194	0.01791	0.02761	0.01194	0.02090	0.01418	0.01642	0.00970	0.01119	0.00896	0.00597	0.00448	0.00149	0.00746	0.00373	0.00299	0.00896
25	0.01668	0.03422	0.11095	0.01291	0.01913	0.01223	0.02869	0.05696	0.07987	0.08473	0.05290	0.01857	0.01480	0.00676	0.00603	0.00158	0.00622	0.00554	0.00494	0.42629
26	0.01552	0.03409	0.63396	0.01942	0.02916	0.01687	0.02426	0.10288	0.01693	0.02475	0.01304	0.01498	0.00921	0.00684	0.00667	0.00220	0.00999	0.00529	0.00344	0.01050
27	0.80405	0.01350	0.01026	0.00918	0.01350	0.01565	0.00756	0.02051	0.01188	0.03131	0.00972	0.01134	0.00756	0.00648	0.00432	0.00216	0.00540	0.00378	0.00432	0.00756
28	0.01447	0.10915	0.64967	0.01909	0.02896	0.01736	0.02438	0.02198	0.01468	0.02153	0.01224	0.01438	0.00885	0.00656	0.00641	0.00214	0.01003	0.00501	0.00295	0.01018
29	0.01812	0.01878	0.14864	0.01777	0.08539	0.01636	0.01470	0.03250	0.43857	0.09598	0.02391	0.02287	0.01760	0.00855	0.00699	0.00229	0.00672	0.00713	0.00613	0.01099
30	0.01727	0.01658	0.02832	0.04283	0.71123	0.01658	0.02142	0.02142	0.01589	0.02280	0.01313	0.01727	0.01105	0.00622	0.00691	0.00207	0.00829	0.00622	0.00345	0.01105
31	0.00825	0.00707	0.00707	0.00707	0.00943	0.00589	0.00530	0.01001	0.01591	0.01885	0.07069	0.06716	0.70839	0.01767	0.00825	0.00236	0.00353	0.01473	0.00648	0.00589
32	0.01978	0.06774	0.01828	0.01492	0.01904	0.15753	0.01173	0.07857	0.47507	0.02698	0.02292	0.02179	0.01743	0.00872	0.00676	0.00218	0.00718	0.00684	0.00613	0.01038
33	0.01942	0.01609	0.07004	0.15838	0.39541	0.01497	0.01889	0.02360	0.01637	0.17450	0.01613	0.01877	0.01196	0.00691	0.00693	0.00215	0.00809	0.00632	0.00450	0.01060
34	0.01955	0.62810	0.03333	0.01284	0.01832	0.13371	0.01209	0.02173	0.01495	0.01651	0.01011	0.01184	0.00919	0.00740	0.02418	0.00180	0.00855	0.00395	0.00310	0.00875
35	0.80405	0.01350	0.01026	0.00918	0.01350	0.01565	0.00756	0.02051	0.01188	0.03131	0.00972	0.01134	0.00756	0.00648	0.00432	0.00216	0.00540	0.00378	0.00432	0.00756
36	0.01893	0.60122	0.11054	0.01347	0.01967	0.10095	0.01364	0.02177	0.01484	0.01712	0.01013	0.01174	0.00895	0.00617	0.00491	0.00160	0.00833	0.00397	0.00305	0.00901
37	0.00850	0.00607	0.00810	0.00972	0.01012	0.00567	0.00648	0.00972	0.01336	0.01781	0.03846	0.75020	0.04615	0.02186	0.00891	0.00283	0.00405	0.01984	0.00648	0.00567
38	0.00903	0.00691	0.01027	0.01101	0.01185	0.00645	0.05110	0.01055	0.01356	0.01811	0.03686	0.70217	0.04382	0.02081	0.00886	0.00280	0.00456	0.01908	0.00628	0.00591
39	0.65028	0.13500	0.03833	0.00998	0.01477	0.01761	0.00888	0.02063	0.01234	0.02859	0.00981	0.01143	0.00783	0.00640	0.00442	0.00205	0.00590	0.00382	0.00406	0.00788
40	0.69982	0.09224	0.01328	0.00971	0.01419	0.03688	0.00818	0.02076	0.01234	0.02935	0.00975	0.01136	0.00774	0.00644	0.00439	0.00208	0.00582	0.00379	0.00416	0.00772
41	0.01318	0.01240	0.02093	0.73798	0.04806	0.01550	0.01938	0.01783	0.01395	0.01783	0.01240	0.01860	0.00930	0.00698	0.00698	0.00233	0.00930	0.00620	0.00310	0.00775
42	0.01578	0.02437	0.27581	0.02910	0.18644	0.01690	0.30458	0.02205	0.01573	0.02236	0.01333	0.01704	0.01008	0.00622	0.00737	0.00224	0.01047	0.00670	0.00331	0.01010
43	0.01015	0.00677	0.00761	0.00761	0.00761	0.00677	0.00423	0.01015	0.01015	0.01353	0.02199	0.04567	0.02537	0.75476	0.03552	0.00677	0.00677	0.01015	0.00423	0.00423
44	0.01062	0.00843	0.01144	0.01401	0.09608	0.00828	0.00884	0.01424	0.07885	0.02065	0.10077	0.45330	0.08635	0.01769	0.00841	0.00262	0.00469	0.04148	0.00628	0.00696
45	0.00960	0.00712	0.00895	0.00849	0.01026	0.00647	0.00637	0.01264	0.01911	0.02645	0.60063	0.05465	0.17371	0.01484	0.00823	0.00222	0.00333	0.01297	0.00748	0.00647
46	0.01318	0.01240	0.02093	0.73798	0.04806	0.01550	0.01938	0.01783	0.01395	0.01783	0.01240	0.01860	0.00930	0.00698	0.00698	0.00233	0.00930	0.00620	0.00310	0.00775
47	0.02019	0.01640	0.01737	0.01477	0.01923	0.01868	0.01173	0.23807	0.49302	0.03376	0.02481	0.02317	0.01839	0.00913	0.00706	0.00228	0.00619	0.00739	0.00706	0.01130
48	0.01015	0.00677	0.00761	0.00761	0.00761	0.00677	0.00423	0.01015	0.01015	0.01353	0.02199	0.04567	0.02537	0.75476	0.03552	0.00677	0.00677	0.01015	0.00423	0.00423
49	0.01866	0.01480	0.01664	0.01591	0.06363	0.01664	0.01165	0.03576	0.59012	0.09321	0.02732	0.02525	0.02025	0.00918	0.00708	0.00233	0.00574	0.00770	0.00701	0.01112
50	0.00877	0.00639	0.00826	0.00927	0.01012	0.00588	0.00639	0.01047	0.01494	0.02004	0.18167	0.53987	0.11240	0.01988	0.00870	0.00266	0.00384	0.01785	0.00673	0.00588
51	0.01861	0.01287	0.01500	0.01344	0.03576	0.01365	0.01014	0.13014	0.25232	0.13419	0.07238	0.07312	0.03988	0.06193	0.05524	0.00311	0.00662	0.00869	0.00670	0.03622
52	0.09166	0.31751	0.21831	0.01474	0.02158	0.02173	0.01554	0.14241	0.05376	0.02502	0.01274	0.01397	0.00997	0.00682	0.00565	0.00191	0.00799	0.00481	0.00404	0.00984
53	0.01618	0.08552	0.02516	0.32857	0.29568	0.06399	0.01891	0.02011	0.01497	0.01951	0.01219	0.01687	0.00991	0.00681	0.00730	0.00214	0.03790	0.00586	0.00326	0.00914
54	0.73107	0.01535	0.01115	0.01000	0.01425	0.08236	0.00811	0.02120	0.01262	0.02997	0.00982	0.01145	0.00769	0.00654	0.00450	0.00213	0.00607	0.00385	0.00425	0.00761
55	0.02077	0.13504	0.16785	0.05362	0.08532	0.20769	0.05301	0.06820	0.01784	0.08635	0.01346	0.01524	0.01024	0.00688	0.00637	0.00195	0.00962	0.00530	0.00404	0.03121
56	0.01378	0.01296	0.02157	0.51698	0.05892	0.01520	0.08015	0.01994	0.08408	0.02022	0.05555	0.02292	0.01483	0.00786	0.00725	0.00234	0.00869	0.02463	0.00391	0.00823
57	0.01630	0.01560	0.02681	0.10169	0.58170	0.01581	0.04466	0.02036	0.01557	0.02201	0.01476	0.06558	0.01319	0.00730	0.00709	0.00216	0.00823	0.00718	0.00362	0.01035
58	0.01008	0.00702	0.00890	0.00890	0.00934	0.00746	0.00583	0.01097	0.01053	0.01448	0.02081	0.03916	0.02254	0.50428	0.28214	0.00835	0.01102	0.00920	0.00405	0.00494
59	0.01124	0.00803	0.01124	0.01285	0.01446	0.00803	0.01124	0.01446	0.01606	0.02088	0.03695	0.07871	0.04016	0.01928	0.00964	0.00321	0.00643	0.66426	0.00643	0.00643
60	0.00850	0.00607	0.00810	0.00972	0.01012	0.00567	0.00648	0.00972	0.01336	0.01781	0.03846	0.75020	0.04615	0.02186	0.00891	0.00283	0.00405	0.01984	0.00648	0.00567
61	0.05876	0.01688	0.01902	0.01463	0.02011	0.01780	0.01209	0.45450	0.02792	0.25631	0.01989	0.01876	0.01341	0.00838	0.00689	0.00212	0.00704	0.00642	0.00740	0.01170
62	0.01736	0.01499	0.01578	0.01420	0.01815	0.01736	0.01105	0.03708	0.69862	0.02919	0.02840	0.02604	0.02130	0.00947	0.00710	0.00237	0.00552	0.00789	0.00710	0.01105
63	0.01400	0.03610	0.71860	0.01989	0.03020	0.01621	0.02578	0.02210	0.01473	0.02210	0.01252	0.01473	0.00884	0.00663	0.00663	0.00221	0.01031	0.00516	0.00295	0.01031
64	0.01453	0.01145	0.01346	0.00998	0.01539	0.00887	0.00793	0.01764	0.01517	0.04804	0.07892	0.01919	0.01635	0.00636	0.00550	0.00123	0.00488	0.00521	0.06309	0.63682
65	0.03131	0.01188	0.01619	0.01242	0.01781	0.01026	0.01026	0.03401	0.01997	0.71606	0.02753	0.02375	0.01727	0.00864	0.00702	0.00216	0.00594	0.00702	0.00864	0.01188
66	0.01318	0.01240	0.02093	0.73798	0.04806	0.01550	0.01938	0.01783	0.01395	0.01783	0.01240	0.01860	0.00930	0.00698	0.00698	0.00233	0.00930	0.00620	0.00310	0.00775
67	0.02692	0.01181	0.01520	0.01211	0.01694	0.01077	0.00984	0.05477	0.08352	0.53934	0.03182	0.04734	0.08719	0.00996	0.00720	0.00221	0.00567	0.00818	0.00816	0.01104
68	0.01000	0.00722	0.00951	0.00916	0.01080	0.00672	0.00702	0.01329	0.01941	0.02732	0.64464	0.05462	0.06343	0.01474	0.00836	0.00229	0.00359	0.07375	0.00756	0.00657
69	0.80405	0.01350	0.01026	0.00918	0.01350	0.01565	0.00756	0.02051	0.01188	0.03131	0.00972	0.01134	0.00756	0.00648	0.00432	0.00216	0.00540	0.00378	0.00432	0.00756
70	0.00984	0.00674	0.00817	0.00845	0.00868	0.00684	0.00520	0.01038	0.01084	0.01461	0.02436	0.16342	0.02787	0.53709	0.12222	0.00668	0.00788	0.01145	0.00455	0.00474
71	0.01318	0.01240	0.02093	0.73798	0.04806	0.01550	0.01938	0.01783	0.01395	0.01783	0.01240	0.01860	0.00930	0.00698	0.00698	0.00233	0.00930	0.00620	0.00310	0.00775
72	0.01866	0.75896	0.03657	0.01194	0.01791	0.02761	0.01194	0.02090	0.01418	0.01642	0.00970	0.01119	0.00896	0.00597	0.00448	0.00149	0.00746	0.00373	0.00299	0.00896
73	0.02653	0.01955	0.02094	0.01606	0.02164	0.02164	0.01326	0.68796	0.03281	0.04398	0.01675	0.01675	0.01187	0.00838	0.00698	0.00209	0.00768	0.00628	0.00698	0.01187
74	0.01161	0.00909	0.01292	0.01228	0.01368	0.01090	0.00971	0.05728	0.01258	0.01809	0.01756	0.02544	0.01621	0.04524	0.60595	0.00976	0.09383	0.00725	0.00388	0.00675
75	0.01026	0.00664	0.00892	0.01019	0.01103	0.00619	0.00717	0.01176	0.01405	0.06396	0.03760	0.63950	0.04369	0.02075	0.00885	0.00283	0.00440	0.07945	0.00661	0.00615
76	0.01015	0.00677	0.00761	0.00761	0.00761	0.00677	0.00423	0.01015	0.01015	0.01353	0.02199	0.04567	0.02537	0.75476	0.03552	0.00677	0.00677	0.01015	0.00423	0.00423
77	0.01015	0.00677	0.00761	0.00761	0.00761	0.00677	0.00423	0.01015	0.01015	0.01353	0.02199	0.04567	0.02537	0.75476	0.03552	0.00677	0.00677	0.01015	0.00423	0.00423
78	0.01647	0.01882	0.04118	0.02941	0.03647	0.01765	0.68588	0.02235	0.01647	0.02235	0.01412	0.01882	0.01059	0.00588	0.00824	0.00235	0.01176	0.00824	0.00353	0.00941
79	0.01156	0.00925	0.01266	0.01219	0.01380	0.01102	0.00955	0.01684	0.12519	0.01839	0.01965	0.02636	0.01752	0.04249	0.55969	0.00919	0.06581	0.00745	0.00425	0.00712
80	0.01607	0.01660	0.02126	0.01830	0.01856	0.07361	0.01514	0.01761	0.01136	0.01681	0.00928	0.01507	0.00915	0.01184	0.02167	0.00296	0.68796	0.00599	0.00309	0.00767
81	0.01539	0.01314	0.01588	0.01308	0.06829	0.01057	0.00954	0.05760	0.01566	0.02400	0.01271	0.01481	0.01048	0.00544	0.00540	0.00117	0.00555	0.00442	0.00425	0.69261
82	0.02613	0.03148	0.01993	0.01773	0.02158	0.63525	0.01345	0.11352	0.02147	0.02057	0.01156	0.01313	0.00936	0.00734	0.00638	0.00184	0.01195	0.00473	0.00403	0.00858
83	0.00894	0.00648	0.00852	0.00981	0.01062	0.00606	0.00698	0.01064	0.01448	0.01922	0.10343	0.55266	0.09632	0.02053	0.00888	0.00278	0.00423	0.09696	0.00658	0.00586
84	0.00999	0.00737	0.01069	0.01069	0.01176	0.00844	0.00807	0.01212	0.01106	0.01581	0.01917	0.03007	0.01860	0.15457	0.62645	0.01057	0.01696	0.00787	0.00381	0.00594
85	0.01699	0.01630	0.02782	0.09021	0.66603	0.01651	0.02128	0.02117	0.01576	0.02246	0.01308	0.01736	0.01093	0.00627	0.00691	0.00209	0.00836	0.00622	0.00343	0.01083
86	0.00974	0.00675	0.00844	0.00878	0.00915	0.00687	0.00563	0.01058	0.01141	0.01550	0.05025	0.20005	0.03006	0.43642	0.15396	0.00653	0.00819	0.01192	0.00477	0.00500
87	0.01101	0.00874	0.00973	0.00903	0.01151	0.00838	0.00690	0.06012	0.08747	0.02498	0.29753	0.05402	0.35459	0.01495	0.00804	0.00228	0.00393	0.01268	0.00702	0.00707
88	0.00881	0.00689	0.00813	0.00873	0.01029	0.00600	0.00614	0.01037	0.01443	0.01855	0.04926	0.43366	0.30200	0.01909	0.00839	0.00253	0.00392	0.01677	0.00632	0.05972
89	0.09837	0.02081	0.01906	0.01546	0.02031	0.14866	0.01244	0.45512	0.05408	0.03637	0.01625	0.04222	0.01254	0.00851	0.00668	0.00208	0.00814	0.00627	0.00610	0.01052
90	0.01647	0.01882	0.04118	0.02941	0.03647	0.01765	0.68588	0.02235	0.01647	0.02235	0.01412	0.01882	0.01059	0.00588	0.00824	0.00235	0.01176	0.00824	0.00353	0.00941
91	0.07173	0.14054	0.26297	0.01591	0.02246	0.08513	0.01641	0.11435	0.12796	0.02531	0.01586	0.04388	0.01263	0.00784	0.00631	0.00209	0.00838	0.00593	0.00446	0.00986
92	0.01585	0.08996	0.24470	0.02435	0.03191	0.01831	0.38858	0.02184	0.01542	0.02144	0.01296	0.01671	0.00983	0.00647	0.00823	0.00227	0.05157	0.00678	0.00328	0.00954
93	0.01624	0.01553	0.02647	0.21722	0.54486	0.01631	0.02091	0.02052	0.01540	0.02155	0.01294	0.01761	0.01061	0.00641	0.00693	0.00214	0.00854	0.00621	0.00337	0.01023
94	0.02537	0.10155	0.02136	0.01741	0.02123	0.66095	0.01334	0.02721	0.01925	0.01702	0.01068	0.01245	0.00899	0.00708	0.00612	0.00177	0.01210	0.00442	0.00354	0.00817
95	0.01880	0.55490	0.05233	0.01523	0.06416	0.05135	0.01339	0.05564	0.01516	0.01849	0.01036	0.01242	0.00926	0.00676	0.00662	0.00174	0.07670	0.00432	0.00325	0.00913
96	0.00869	0.00621	0.00831	0.00993	0.01042	0.00583	0.00680	0.01004	0.01354	0.01802	0.03836	0.70444	0.04575	0.02169	0.00896	0.00286	0.00421	0.06376	0.00647	0.00572
97	0.00825	0.00707	0.00707	0.00707	0.00943	0.00589	0.00530	0.01001	0.01591	0.01885	0.07069	0.06716	0.70839	0.01767	0.00825	0.00236	0.00353	0.01473	0.00648	0.00589
98	0.06934	0.43786	0.14250	0.01606	0.06767	0.05121	0.01495	0.02096	0.01410	0.01882	0.01038	0.01266	0.00901	0.00681	0.00692	0.00186	0.08228	0.00441	0.00313	0.00906
99	0.01373	0.01352	0.02267	0.57437	0.04318	0.03905	0.10448	0.01822	0.01444	0.01839	0.01428	0.06648	0.01188	0.00782	0.00724	0.00234	0.00939	0.00730	0.00339	0.00784
100	0.64309	0.01603	0.01236	0.01078	0.01517	0.08304	0.00876	0.09673	0.01499	0.03141	0.01061	0.01207	0.00818	0.00676	0.00480	0.00212	0.00633	0.00413	0.00455	0.00810
101	0.01014	0.00721	0.00895	0.00869	0.01052	0.00656	0.00648	0.01272	0.01756	0.05094	0.39733	0.12644	0.23611	0.01789	0.04826	0.00281	0.00440	0.01344	0.00704	0.00649
102	0.00841	0.00642	0.00773	0.00878	0.00988	0.00575	0.00606	0.00982	0.01426	0.01818	0.04982	0.50953	0.27949	0.02039	0.00867	0.00267	0.00387	0.01804	0.00648	0.00575
103	0.01447	0.01240	0.01447	0.01034	0.01654	0.00930	0.00827	0.01757	0.01447	0.02274	0.01240	0.01447	0.01034	0.00517	0.00517	0.00103	0.00517	0.00413	0.00413	0.79742
104	0.03811	0.00769	0.01118	0.01114	0.01250	0.00897	0.00868	0.01275	0.01124	0.01673	0.01837	0.02684	0.01710	0.05071	0.70149	0.01089	0.01822	0.00735	0.00376	0.00628
105	0.02653	0.01955	0.02094	0.01606	0.02164	0.02164	0.01326	0.68796	0.03281	0.04398	0.01675	0.01675	0.01187	0.00838	0.00698	0.00209	0.00768	0.00628	0.00698	0.01187
106	0.01056	0.00790	0.01156	0.01139	0.01279	0.00918	0.00888	0.03640	0.01198	0.01718	0.01862	0.02704	0.01725	0.05078	0.70159	0.01089	0.01830	0.00743	0.00385	0.00643
107	0.01346	0.01269	0.02143	0.69060	0.09326	0.01558	0.01952	0.01807	0.01409	0.01817	0.01245	0.01851	0.00942	0.00693	0.00697	0.00231	0.00923	0.00620	0.00312	0.00798
108	0.05551	0.02384	0.01958	0.01646	0.02076	0.28976	0.01301	0.30682	0.09307	0.03022	0.01496	0.01581	0.01140	0.00817	0.00751	0.00206	0.05010	0.00565	0.00538	0.00994
109	0.01318	0.01240	0.02093	0.73798	0.04806	0.01550	0.01938	0.01783	0.01395	0.01783	0.01240	0.01860	0.00930	0.00698	0.00698	0.00233	0.00930	0.00620	0.00310	0.00775
110	0.01670	0.01654	0.02999	0.02430	0.09234	0.01613	0.37188	0.04220	0.14921	0.04246	0.02104	0.02325	0.06110	0.00752	0.00765	0.00224	0.00903	0.00811	0.00468	0.05362
111	0.00826	0.00701	0.00713	0.00722	0.00946	0.00588	0.00537	0.01000	0.01576	0.01879	0.06890	0.10517	0.67154	0.01791	0.00828	0.00238	0.00356	0.01501	0.00648	0.00588
112	0.08094	0.01310	0.01602	0.01278	0.01784	0.01276	0.01042	0.07663	0.15251	0.49140	0.02578	0.02289	0.01704	0.00863	0.00685	0.00220	0.00593	0.00692	0.00793	0.01142
113	0.00857	0.00624	0.00808	0.00941	0.01008	0.00575	0.00637	0.00997	0.01402	0.01858	0.08543	0.64028	0.10957	0.02097	0.00880	0.00275	0.00395	0.01888	0.00656	0.00575
114	0.00988	0.00713	0.00933	0.00878	0.01043	0.00658	0.00658	0.01317	0.01975	0.02798	0.70754	0.05213	0.06584	0.01427	0.00823	0.00219	0.00329	0.01262	0.00768	0.00658
115	0.02097	0.01496	0.01646	0.01409	0.01850	0.01657	0.01116	0.11282	0.49722	0.15577	0.02688	0.02453	0.01946	0.00919	0.00707	0.00230	0.00585	0.00754	0.00737	0.01129
116	0.03131	0.01188	0.01619	0.01242	0.01781	0.01026	0.01026	0.03401	0.01997	0.71606	0.02753	0.02375	0.01727	0.00864	0.00702	0.00216	0.00594	0.00702	0.00864	0.01188
117	0.01393	0.01317	0.02229	0.61001	0.17015	0.01570	0.01975	0.01849	0.01431	0.01874	0.01254	0.01836	0.00962	0.00684	0.00696	0.00228	0.00912	0.00620	0.00317	0.00836
118	0.26093	0.01772	0.01772	0.01398	0.01918	0.01984	0.01154	0.48674	0.02650	0.04016	0.01463	0.01512	0.01057	0.00780	0.00618	0.00211	0.00699	0.00553	0.00618	0.01057
119	0.00966	0.00712	0.00903	0.00855	0.01029	0.00649	0.00642	0.01275	0.01925	0.02678	0.62353	0.05411	0.15061	0.01472	0.00823	0.00222	0.00332	0.01290	0.00752	0.00649
120	0.01013	0.00685	0.00804	0.00804	0.00819	0.00700	0.00477	0.01043	0.01028	0.01385	0.02159	0.04347	0.02442	0.67025	0.11872	0.00730	0.00820	0.00983	0.00417	0.00447
121	0.01596	0.01524	0.02595	0.26616	0.49818	0.01623	0.02076	0.02026	0.01527	0.02120	0.01289	0.01770	0.01049	0.00646	0.00693	0.00215	0.00862	0.00621	0.00334	0.00999
122	0.01369	0.03395	0.66607	0.01907	0.02874	0.01549	0.02436	0.02144	0.01510	0.02254	0.06400	0.01750	0.01306	0.00720	0.00675	0.00221	0.00979	0.00571	0.00330	0.01004
123	0.01015	0.00677	0.00761	0.00761	0.00761	0.00677	0.00423	0.01015	0.01015	0.01353	0.02199	0.04567	0.02537	0.75476	0.03552	0.00677	0.00677	0.01015	0.00423	0.00423
124	0.80405	0.01350	0.01026	0.00918	0.01350	0.01565	0.00756	0.02051	0.01188	0.03131	0.00972	0.01134	0.00756	0.00648	0.00432	0.00216	0.00540	0.00378	0.00432	0.00756
125	0.02911	0.01269	0.01707	0.01332	0.01807	0.01220	0.01102	0.06604	0.01952	0.59616	0.02474	0.02236	0.01601	0.00906	0.00894	0.00226	0.09533	0.00687	0.00787	0.01136
126	0.01703	0.01622	0.02705	0.08340	0.62522	0.01657	0.02061	0.02223	0.06061	0.02291	0.01409	0.01793	0.01162	0.00648	0.00693	0.00211	0.00817	0.00633	0.00367	0.01085
127	0.00846	0.00708	0.00736	0.00729	0.00955	0.00598	0.00547	0.01042	0.01640	0.02002	0.15185	0.06524	0.62651	0.01724	0.00825	0.00234	0.00350	0.01446	0.00663	0.00598
128	0.00835	0.00707	0.00720	0.00717	0.00949	0.00593	0.00538	0.01020	0.01614	0.01940	0.10897	0.06625	0.66977	0.01747	0.00825	0.00235	0.00352	0.01460	0.00655	0.00593
129	0.01334	0.01387	0.10370	0.16180	0.11354	0.01156	0.04895	0.01752	0.01682	0.06127	0.23764	0.03481	0.11544	0.01049	0.00754	0.00223	0.00664	0.00930	0.00531	0.00822
130	0.21279	0.26541	0.04059	0.01372	0.01863	0.24021	0.01182	0.08557	0.01711	0.02298	0.01077	0.01227	0.00890	0.00671	0.00529	0.00182	0.00864	0.00425	0.00387	0.00865
131	0.80405	0.01350	0.01026	0.00918	0.01350	0.01565	0.00756	0.02051	0.01188	0.03131	0.00972	0.01134	0.00756	0.00648	0.00432	0.00216	0.00540	0.00378	0.00432	0.00756
132	0.01618	0.01829	0.11254	0.15722	0.51508	0.01635	0.02161	0.02090	0.01542	0.02187	0.01293	0.01718	0.01048	0.00640	0.00689	0.00213	0.00871	0.00608	0.00333	0.01041
133	0.02191	0.02815	0.11249	0.01721	0.02138	0.43330	0.01461	0.08653	0.01917	0.02081	0.05065	0.01646	0.01287	0.01041	0.04615	0.00250	0.06737	0.00548	0.00402	0.00852
134	0.10852	0.01009	0.00899	0.00835	0.01139	0.05476	0.00640	0.01320	0.01553	0.02064	0.05374	0.05172	0.51021	0.01443	0.00734	0.00217	0.00451	0.01171	0.00580	0.08050
135	0.01648	0.06321	0.01769	0.01547	0.05595	0.01732	0.01162	0.03087	0.48618	0.02647	0.07197	0.02647	0.04063	0.00987	0.00851	0.00235	0.07469	0.00787	0.00627	0.01014
136	0.01866	0.75896	0.03657	0.01194	0.01791	0.02761	0.01194	0.02090	0.01418	0.01642	0.00970	0.01119	0.00896	0.00597	0.00448	0.00149	0.00746	0.00373	0.00299	0.00896
137	0.01866	0.75896	0.03657	0.01194	0.01791	0.02761	0.01194	0.02090	0.01418	0.01642	0.00970	0.01119	0.00896	0.00597	0.00448	0.00149	0.00746	0.00373	0.00299	0.00896
138	0.00997	0.00748	0.01121	0.01121	0.01246	0.00872	0.00872	0.01246	0.01121	0.01620	0.01869	0.02741	0.01745	0.05234	0.72710	0.01121	0.01869	0.00748	0.00374	0.00623
139	0.00998	0.00744	0.01101	0.01101	0.01219	0.00861	0.00847	0.01233	0.01116	0.01605	0.01887	0.02843	0.01789	0.09142	0.68862	0.01097	0.01803	0.00763	0.00377	0.00612
140	0.04588	0.01167	0.01490	0.01187	0.01632	0.01087	0.00964	0.10828	0.02127	0.44427	0.19532	0.02964	0.02847	0.00995	0.00724	0.00216	0.00548	0.00824	0.00808	0.01044
141	0.06469	0.10529	0.02061	0.01561	0.04649	0.01768	0.06989	0.11199	0.31058	0.06369	0.02532	0.02465	0.07546	0.00895	0.00679	0.00219	0.00653	0.00745	0.00599	0.01015
142	0.01437	0.01557	0.10770	0.25231	0.16944	0.01391	0.01700	0.06152	0.01636	0.02256	0.08118	0.06540	0.01929	0.00910	0.00721	0.00224	0.00779	0.05215	0.00432	0.06056
143	0.01156	0.00770	0.00973	0.01009	0.01147	0.00721	0.00701	0.04963	0.01465	0.06506	0.03321	0.54544	0.03796	0.08786	0.01092	0.00299	0.00471	0.01626	0.00628	0.06025
144	0.01273	0.01164	0.01877	0.58137	0.04050	0.01373	0.01677	0.01682	0.01393	0.01829	0.01556	0.10697	0.01387	0.00861	0.00704	0.00227	0.00828	0.00766	0.00361	0.08158
145	0.01602	0.05710	0.21674	0.06396	0.02464	0.01459	0.10717	0.02341	0.12044	0.08964	0.08489	0.02437	0.05621	0.00837	0.00701	0.00215	0.00776	0.00733	0.00494	0.06327
146	0.01689	0.02848	0.38508	0.08927	0.11546	0.10284	0.02127	0.06931	0.06328	0.02317	0.01375	0.01607	0.01024	0.00699	0.00671	0.00216	0.00973	0.00557	0.00367	0.01005
147	0.65531	0.01390	0.01199	0.05958	0.01664	0.01613	0.00893	0.06509	0.05161	0.03110	0.01140	0.01301	0.00872	0.00680	0.00483	0.00218	0.00582	0.00434	0.00457	0.00805
148	0.01813	0.01953	0.02326	0.32398	0.11934	0.20705	0.07997	0.04614	0.04085	0.01999	0.01287	0.01696	0.01007	0.00710	0.00728	0.00217	0.02705	0.00600	0.00360	0.00867
149	0.01032	0.00797	0.01079	0.01180	0.07603	0.00740	0.00781	0.01343	0.01868	0.02599	0.53898	0.07635	0.13953	0.01421	0.00813	0.00223	0.00382	0.01255	0.00709	0.00688
150	0.01213	0.00915	0.01225	0.01333	0.10561	0.00824	0.00866	0.01515	0.01789	0.06304	0.36866	0.04568	0.19410	0.01278	0.00770	0.00210	0.00434	0.01112	0.00656	0.08151
151	0.01430	0.03426	0.65384	0.02204	0.09409	0.01624	0.02537	0.02204	0.01484	0.02216	0.01258	0.01497	0.00905	0.00659	0.00666	0.00220	0.01012	0.00526	0.00299	0.01038
152	0.67695	0.01474	0.01130	0.00989	0.01433	0.06352	0.00803	0.02074	0.01266	0.02954	0.01004	0.01172	0.00792	0.00640	0.00453	0.00203	0.00587	0.00386	0.00425	0.08169
153	0.06352	0.01558	0.01909	0.01791	0.09038	0.01705	0.05643	0.11298	0.39943	0.09563	0.02335	0.02249	0.01725	0.00852	0.00698	0.00227	0.00651	0.00723	0.00647	0.01092
154	0.01372	0.00955	0.01346	0.01213	0.01467	0.00948	0.04620	0.06101	0.01485	0.08526	0.02412	0.18407	0.02408	0.07471	0.24790	0.00556	0.01021	0.05300	0.00525	0.09078
155	0.02610	0.01307	0.01675	0.06214	0.01991	0.01252	0.01103	0.16183	0.02177	0.42627	0.08377	0.02390	0.01950	0.00874	0.00699	0.00209	0.00623	0.00712	0.00755	0.06271
156	0.11453	0.13395	0.02262	0.43654	0.09989	0.01765	0.01657	0.01971	0.03905	0.02019	0.01228	0.01663	0.00963	0.00677	0.00623	0.00215	0.00828	0.00556	0.00342	0.00835
157	0.01423	0.16845	0.43468	0.01683	0.02417	0.01733	0.01966	0.01981	0.01403	0.01992	0.01453	0.08379	0.01286	0.01086	0.04763	0.00269	0.05952	0.00646	0.00334	0.00921
158	0.01524	0.01342	0.01786	0.05690	0.12966	0.01182	0.03028	0.03670	0.06263	0.02365	0.03931	0.01751	0.01323	0.00617	0.00592	0.00147	0.00610	0.00532	0.00436	0.50245
159	0.01559	0.01494	0.07065	0.08482	0.09362	0.01334	0.05720	0.13492	0.03565	0.02585	0.07529	0.06196	0.07165	0.00967	0.00715	0.00208	0.00691	0.05239	0.00513	0.16119

[dist]
# distance from previous block
# <min> <max>
2	32

[block]
# block no. 6 follows, 30 sequences, length 7
# corresponding to MSA columns:
# 512-518
name=unknown_G
#
# <colnr> <probs for GDERKNQSTAVLIFYWHMCP>
#	G	D	E	R	K	N	Q	S	T	A	V	L	I	F	Y	W	H	M	C	P
0	0.25681	0.04444	0.01781	0.01661	0.10544	0.09106	0.01185	0.07823	0.03896	0.16704	0.01512	0.01608	0.01120	0.00758	0.00716	0.00211	0.06274	0.00535	0.00516	0.03925
1	0.14486	0.01229	0.01569	0.04190	0.01785	0.05116	0.09510	0.03874	0.04124	0.08289	0.11427	0.15240	0.02791	0.04380	0.02478	0.00279	0.00683	0.07211	0.00568	0.00773
2	0.01659	0.15580	0.27432	0.02096	0.14306	0.05615	0.01838	0.05473	0.07072	0.02209	0.01520	0.06655	0.01301	0.00804	0.00708	0.00212	0.03517	0.00638	0.00386	0.00980
3	0.46093	0.01522	0.01273	0.01128	0.01513	0.08016	0.00895	0.09129	0.08693	0.02889	0.01394	0.01686	0.01141	0.05592	0.06176	0.00311	0.00739	0.00520	0.00477	0.00812
4	0.01370	0.01003	0.01104	0.01052	0.01274	0.03393	0.00787	0.10139	0.04322	0.06795	0.03878	0.20942	0.20394	0.10942	0.04661	0.00344	0.00608	0.05662	0.00620	0.00713
5	0.06055	0.17876	0.18640	0.01755	0.07704	0.01716	0.06601	0.05520	0.06140	0.05968	0.01948	0.07716	0.04099	0.00904	0.00665	0.00216	0.00774	0.04319	0.00449	0.00934
6	0.01460	0.00978	0.01170	0.04724	0.01429	0.05192	0.00838	0.01664	0.01436	0.13940	0.06815	0.07691	0.09696	0.15906	0.23299	0.00582	0.01004	0.00945	0.00534	0.00700

[dist]
# distance from previous block
# <min> <max>
2	6

[block]
# block no. 7 follows, 30 sequences, length 19
# corresponding to MSA columns:
# 525-543
name=unknown_H
#
# <colnr> <probs for GDERKNQSTAVLIFYWHMCP>
#	G	D	E	R	K	N	Q	S	T	A	V	L	I	F	Y	W	H	M	C	P
0	0.05815	0.01895	0.02207	0.02150	0.15141	0.14085	0.08807	0.20977	0.02143	0.09400	0.01894	0.06480	0.04122	0.00864	0.00704	0.00213	0.00844	0.00731	0.00532	0.00995
1	0.18483	0.04527	0.01855	0.01815	0.14799	0.05773	0.01227	0.14016	0.03520	0.10908	0.06543	0.01864	0.01513	0.00769	0.00656	0.00201	0.02324	0.00593	0.00530	0.08084
2	0.01585	0.01179	0.01781	0.01495	0.04517	0.01122	0.13621	0.09871	0.01928	0.11423	0.20851	0.03938	0.17413	0.04977	0.00928	0.00247	0.00619	0.01037	0.00634	0.00835
3	0.02470	0.02835	0.01922	0.01700	0.02076	0.52895	0.01301	0.15100	0.02146	0.02207	0.01263	0.01471	0.01029	0.01149	0.07145	0.00270	0.01221	0.00510	0.00425	0.00863
4	0.01447	0.01240	0.01447	0.01034	0.01654	0.00930	0.00827	0.01757	0.01447	0.02274	0.01240	0.01447	0.01034	0.00517	0.00517	0.00103	0.00517	0.00413	0.00413	0.79742
5	0.02671	0.01126	0.01496	0.01213	0.01660	0.01011	0.00973	0.07046	0.01953	0.54216	0.02892	0.16035	0.02238	0.01112	0.00737	0.00228	0.00569	0.00939	0.00813	0.01070
6	0.01465	0.01361	0.02276	0.20058	0.42252	0.01427	0.01812	0.01836	0.01496	0.02069	0.01773	0.15585	0.01726	0.00935	0.00730	0.00228	0.00773	0.00878	0.00394	0.00926
7	0.02479	0.02818	0.01922	0.01692	0.02088	0.50640	0.01296	0.15264	0.08335	0.02330	0.01544	0.01635	0.03328	0.00796	0.00656	0.00192	0.01073	0.00547	0.00464	0.00900
8	0.02590	0.01724	0.01911	0.01544	0.02034	0.14765	0.07418	0.03243	0.16703	0.37016	0.02331	0.02168	0.01596	0.00829	0.00701	0.00215	0.00765	0.00684	0.00687	0.01075
9	0.01074	0.00813	0.01030	0.00907	0.01158	0.00710	0.00690	0.01400	0.01876	0.02699	0.57641	0.04502	0.05537	0.01255	0.00765	0.00198	0.00365	0.01102	0.00701	0.15577
10	0.01487	0.06932	0.55091	0.01841	0.02730	0.01701	0.02229	0.02486	0.14372	0.02314	0.01537	0.01668	0.01120	0.00713	0.00661	0.00220	0.00926	0.00560	0.00373	0.01038
11	0.01013	0.00683	0.00794	0.00794	0.00805	0.00694	0.00463	0.01036	0.01024	0.01377	0.02169	0.04402	0.02466	0.69139	0.09791	0.00717	0.00784	0.00991	0.00418	0.00441
12	0.00984	0.00663	0.00770	0.00801	0.00808	0.00656	0.00465	0.01007	0.01075	0.01434	0.02510	0.17857	0.02929	0.61650	0.03050	0.00602	0.00625	0.01198	0.00465	0.00450
13	0.01712	0.36945	0.25685	0.01697	0.02438	0.02126	0.11321	0.02183	0.01506	0.04739	0.02938	0.01496	0.01091	0.00649	0.00591	0.00189	0.00884	0.00519	0.00339	0.00952
14	0.01450	0.01405	0.04854	0.22748	0.22704	0.01500	0.01681	0.05526	0.01488	0.02056	0.01654	0.02163	0.04492	0.01638	0.14434	0.00398	0.07893	0.00681	0.00369	0.00866
15	0.05248	0.01356	0.02167	0.54493	0.15707	0.01604	0.01881	0.05626	0.01524	0.02079	0.01264	0.01793	0.00966	0.00690	0.00684	0.00226	0.00885	0.00609	0.00344	0.00853
16	0.04293	0.02637	0.01842	0.01631	0.01983	0.48524	0.01247	0.05125	0.01848	0.04686	0.01323	0.05506	0.01163	0.00834	0.00774	0.00193	0.07221	0.00561	0.00412	0.08198
17	0.01802	0.01627	0.02356	0.01849	0.02201	0.01861	0.14624	0.20455	0.01862	0.02602	0.01669	0.03798	0.05056	0.00996	0.01316	0.00246	0.28184	0.00728	0.00460	0.06307
18	0.17635	0.01783	0.01450	0.01306	0.01635	0.21626	0.01018	0.04987	0.10506	0.05308	0.17951	0.02673	0.02541	0.00975	0.00716	0.00216	0.02977	0.03315	0.00559	0.00823

[dist]
# distance from previous block
# <min> <max>
0	22

[block]
# block no. 8 follows, 30 sequences, length 68
