[name]
unknown

[dist]
# distance from previous block
# <min> <max>
0	20

[block]
# block no. 0 follows, 31 sequences, length 26
# corresponding to MSA columns:
# 20-45
name=unknown_A
#
# <colnr> <probs for GDERKNQSTAVLIFYWHMCP>
#	G	D	E	R	K	N	Q	S	T	A	V	L	I	F	Y	W	H	M	C	P
0	0.03815	0.08695	0.02040	0.05796	0.06915	0.26754	0.03667	0.10716	0.01842	0.02193	0.01489	0.02158	0.01322	0.00960	0.03128	0.00224	0.00940	0.08024	0.00424	0.08899
1	0.00846	0.00610	0.00809	0.00944	0.01000	0.00573	0.00640	0.00984	0.01347	0.01802	0.07770	0.66192	0.06877	0.02199	0.03622	0.00304	0.00445	0.01840	0.00632	0.00564
2	0.01500	0.01346	0.05225	0.06738	0.18464	0.01281	0.01303	0.15330	0.01989	0.02721	0.22882	0.03438	0.10785	0.01061	0.00740	0.00216	0.00613	0.02927	0.00570	0.00873
3	0.00973	0.00654	0.00753	0.00774	0.00780	0.00649	0.00445	0.00989	0.01038	0.01384	0.02377	0.14192	0.02766	0.65861	0.03125	0.00611	0.00627	0.01125	0.00445	0.00434
4	0.01416	0.03266	0.63607	0.04588	0.02919	0.01586	0.02380	0.05482	0.01517	0.02237	0.01271	0.01515	0.00915	0.00827	0.03368	0.00250	0.01025	0.00523	0.00312	0.00994
5	0.01540	0.01963	0.21256	0.01885	0.08477	0.04902	0.12566	0.04221	0.04224	0.05972	0.04436	0.10432	0.04123	0.00907	0.00698	0.00215	0.00786	0.00815	0.07778	0.02803
6	0.01177	0.01022	0.01159	0.01104	0.01284	0.06893	0.00849	0.01584	0.07704	0.02085	0.23562	0.03520	0.07747	0.02875	0.31131	0.00587	0.03593	0.00910	0.00530	0.00682
7	0.01866	0.05602	0.07551	0.01449	0.01880	0.12043	0.01218	0.14376	0.31127	0.02682	0.03745	0.04254	0.01776	0.04582	0.02590	0.00257	0.00755	0.00709	0.00569	0.00970
8	0.01829	0.76368	0.03585	0.01171	0.01756	0.02707	0.01171	0.02049	0.01390	0.01610	0.00951	0.01097	0.00878	0.00585	0.00439	0.00146	0.00732	0.00366	0.00293	0.00878
9	0.01439	0.04971	0.01613	0.04349	0.06198	0.01057	0.00946	0.01720	0.01396	0.02123	0.01206	0.01472	0.01016	0.00624	0.00636	0.04350	0.00559	0.00435	0.00385	0.63504
10	0.01435	0.09991	0.61560	0.02029	0.07426	0.01692	0.02377	0.02151	0.01447	0.02121	0.01207	0.01430	0.00882	0.00641	0.00633	0.00209	0.00973	0.00500	0.00293	0.01004
11	0.00907	0.00860	0.05566	0.00899	0.01110	0.00663	0.00725	0.01159	0.01619	0.02150	0.27782	0.22916	0.27838	0.01649	0.00814	0.00236	0.00395	0.01436	0.00652	0.00624
12	0.01133	0.00861	0.01085	0.03570	0.09347	0.00779	0.00824	0.01366	0.01608	0.07618	0.09442	0.05488	0.48084	0.01485	0.00786	0.00229	0.00451	0.04533	0.00614	0.00696
13	0.04951	0.07411	0.02311	0.39441	0.22354	0.01682	0.01793	0.01946	0.04026	0.01965	0.01245	0.01709	0.00993	0.00690	0.00734	0.00218	0.04745	0.00584	0.00332	0.00869
14	0.01014	0.00672	0.00849	0.00845	0.00881	0.00693	0.00544	0.01049	0.01066	0.01458	0.06571	0.03848	0.02428	0.47095	0.17693	0.10644	0.00875	0.00907	0.00412	0.00456
15	0.01741	0.01489	0.01569	0.01400	0.01794	0.01720	0.01092	0.06515	0.67510	0.02925	0.02735	0.02513	0.02048	0.00924	0.00696	0.00231	0.00551	0.00767	0.00696	0.01086
16	0.01465	0.01454	0.02033	0.01756	0.01758	0.02022	0.01455	0.01613	0.01060	0.01651	0.01036	0.05044	0.01072	0.01243	0.02179	0.00298	0.71143	0.00663	0.00315	0.00739
17	0.01427	0.01014	0.01305	0.01215	0.01432	0.01044	0.03431	0.14863	0.01761	0.06976	0.03162	0.36008	0.07200	0.04383	0.00987	0.00274	0.04100	0.08053	0.00623	0.00744
18	0.02033	0.02050	0.08180	0.02036	0.05367	0.16115	0.20462	0.08262	0.01818	0.12706	0.04895	0.03783	0.01442	0.00802	0.00839	0.00218	0.06889	0.00699	0.00470	0.00931
19	0.02556	0.03261	0.01939	0.01763	0.02115	0.73210	0.01322	0.02732	0.01939	0.01674	0.01058	0.01234	0.00881	0.00705	0.00617	0.00176	0.01234	0.00441	0.00353	0.00793
20	0.41925	0.01478	0.01440	0.01169	0.01651	0.01618	0.00964	0.23202	0.01951	0.16406	0.01494	0.01505	0.01051	0.00733	0.00554	0.00210	0.00609	0.00506	0.00584	0.00952
21	0.02071	0.02058	0.19057	0.04240	0.11809	0.09793	0.01578	0.07656	0.01816	0.21842	0.05514	0.06143	0.01658	0.00845	0.00685	0.00212	0.00795	0.00696	0.00535	0.00997
22	0.02333	0.01472	0.01648	0.01509	0.06832	0.08716	0.01110	0.06505	0.17771	0.32159	0.10339	0.02506	0.02179	0.00896	0.00695	0.00212	0.00636	0.00736	0.00704	0.01041
23	0.01188	0.00594	0.00891	0.00891	0.00891	0.00594	0.00594	0.00891	0.00891	0.01188	0.01188	0.02080	0.01188	0.02377	0.02674	0.80095	0.00594	0.00594	0.00297	0.00297
24	0.01787	0.01659	0.05016	0.11051	0.49358	0.01628	0.05197	0.07898	0.01700	0.06058	0.01387	0.01735	0.01095	0.00648	0.00685	0.00208	0.00829	0.00620	0.00390	0.01051
25	0.59317	0.01377	0.01185	0.01012	0.01462	0.01538	0.00826	0.08183	0.06957	0.03079	0.01189	0.01307	0.00915	0.00662	0.00477	0.00202	0.00548	0.00429	0.00467	0.08867

[dist]
# distance from previous block
# <min> <max>
0	1

[block]
# block no. 1 follows, 31 sequences, length 25
# corresponding to MSA columns:
# 47-71
name=unknown_B
#
# <colnr> <probs for GDERKNQSTAVLIFYWHMCP>
#	G	D	E	R	K	N	Q	S	T	A	V	L	I	F	Y	W	H	M	C	P
0	0.00992	0.00790	0.03039	0.00888	0.01052	0.00676	0.00649	0.01171	0.01335	0.01864	0.07781	0.27899	0.11988	0.16696	0.05150	0.00359	0.00538	0.01269	0.07589	0.08275
1	0.00929	0.00708	0.01053	0.01128	0.01229	0.00670	0.05087	0.01111	0.01374	0.01826	0.03593	0.59256	0.04202	0.02000	0.00881	0.00281	0.00485	0.12977	0.00616	0.00592
2	0.01935	0.01585	0.01678	0.01439	0.01868	0.01810	0.01139	0.20675	0.53034	0.03237	0.02489	0.02317	0.01849	0.00900	0.00693	0.00225	0.00596	0.00733	0.00693	0.01104
3	0.01255	0.01033	0.03048	0.11872	0.01838	0.03740	0.03059	0.03829	0.01660	0.06236	0.20161	0.21616	0.08508	0.01426	0.00797	0.00242	0.00568	0.07806	0.00601	0.00705
4	0.01450	0.14142	0.47271	0.01959	0.06006	0.01705	0.07887	0.02078	0.01460	0.02071	0.01390	0.03608	0.01144	0.00734	0.00654	0.00213	0.00936	0.04013	0.00323	0.00956
5	0.01605	0.17757	0.29467	0.02180	0.05184	0.01888	0.25645	0.04507	0.01559	0.02139	0.01243	0.01530	0.00947	0.00616	0.00664	0.00206	0.00988	0.00590	0.00325	0.00960
6	0.00977	0.00733	0.01100	0.01100	0.01222	0.00855	0.00855	0.01222	0.01100	0.01588	0.01833	0.02688	0.01710	0.05131	0.73245	0.01100	0.01833	0.00733	0.00367	0.00611
7	0.02219	0.01032	0.01338	0.01095	0.01482	0.00948	0.00878	0.04978	0.05531	0.40388	0.24539	0.03215	0.03218	0.01024	0.00715	0.00211	0.00490	0.00863	0.04871	0.00967
8	0.01715	0.31514	0.26889	0.01668	0.02396	0.01959	0.11276	0.02184	0.01497	0.08111	0.01477	0.01629	0.03516	0.00671	0.00599	0.00191	0.00860	0.00544	0.00360	0.00944
9	0.01292	0.01216	0.02052	0.74312	0.04712	0.01520	0.01900	0.01748	0.01368	0.01748	0.01216	0.01824	0.00912	0.00684	0.00684	0.00228	0.00912	0.00608	0.00304	0.00760
10	0.01372	0.03539	0.72412	0.01950	0.02961	0.01589	0.02528	0.02167	0.01444	0.02167	0.01228	0.01444	0.00867	0.00650	0.00650	0.00217	0.01011	0.00506	0.00289	0.01011
11	0.01709	0.01535	0.03990	0.19695	0.12353	0.07849	0.07469	0.02012	0.01449	0.10401	0.01469	0.04685	0.01215	0.01043	0.02820	0.05432	0.12971	0.00671	0.00396	0.00835
12	0.01061	0.00815	0.01030	0.05451	0.01366	0.00816	0.00808	0.05472	0.04024	0.02208	0.19068	0.23583	0.17410	0.01828	0.04954	0.00296	0.00534	0.07986	0.00631	0.00659
13	0.00856	0.00615	0.00817	0.00970	0.01026	0.00576	0.00671	0.00993	0.01341	0.01776	0.03866	0.67342	0.06769	0.02108	0.00877	0.00279	0.00415	0.07505	0.00635	0.00563
14	0.67223	0.01308	0.01080	0.00946	0.01356	0.01486	0.00767	0.05865	0.01314	0.06737	0.01160	0.01415	0.00924	0.05317	0.00642	0.00239	0.00553	0.00440	0.00460	0.00768
15	0.02062	0.02196	0.14700	0.02032	0.04726	0.06132	0.18406	0.28135	0.07189	0.05224	0.01576	0.01723	0.01145	0.00726	0.00706	0.00214	0.00907	0.00647	0.00507	0.01047
16	0.07242	0.01720	0.01811	0.01426	0.01916	0.01907	0.01168	0.53819	0.07647	0.03956	0.01739	0.01765	0.01262	0.00815	0.00648	0.00203	0.00681	0.00614	0.08582	0.01079
17	0.09035	0.26553	0.23862	0.01542	0.04422	0.06341	0.01562	0.06847	0.01554	0.04024	0.01204	0.01399	0.00960	0.00883	0.04451	0.00233	0.00881	0.00469	0.00359	0.03419
18	0.00951	0.00707	0.00778	0.00771	0.00987	0.00606	0.00574	0.01140	0.01594	0.05709	0.13706	0.14367	0.52294	0.01696	0.00810	0.00234	0.00362	0.01439	0.00660	0.00614
19	0.13570	0.01405	0.01579	0.01243	0.01727	0.01446	0.01022	0.26896	0.02250	0.30908	0.02025	0.01933	0.01375	0.00803	0.00629	0.00204	0.00610	0.00612	0.08710	0.01052
20	0.01736	0.01771	0.02906	0.02622	0.16683	0.05908	0.30864	0.05745	0.17573	0.02441	0.03548	0.02019	0.01431	0.00706	0.00738	0.00221	0.00907	0.00740	0.00453	0.00989
21	0.01738	0.01410	0.02278	0.09084	0.45057	0.01385	0.01706	0.02098	0.01560	0.11048	0.01663	0.07966	0.01430	0.00766	0.00681	0.00204	0.00729	0.00713	0.00431	0.08054
22	0.11341	0.20656	0.02315	0.01515	0.01893	0.23352	0.03570	0.08143	0.01627	0.02067	0.01085	0.01345	0.00930	0.00931	0.03695	0.00235	0.13622	0.00481	0.00367	0.00831
23	0.05551	0.01976	0.12527	0.09317	0.33044	0.07930	0.06605	0.02247	0.04255	0.05812	0.01363	0.01672	0.01065	0.00672	0.00714	0.00212	0.03088	0.00592	0.00374	0.00985
24	0.02065	0.06607	0.01828	0.01396	0.01806	0.09730	0.03342	0.33181	0.04690	0.04916	0.02126	0.12250	0.04143	0.01004	0.00678	0.00207	0.00705	0.00811	0.07575	0.00940

[dist]
# distance from previous block
# <min> <max>
0	1

[block]
# block no. 2 follows, 31 sequences, length 8
# corresponding to MSA columns:
# 73-80
name=unknown_C
#
# <colnr> <probs for GDERKNQSTAVLIFYWHMCP>
#	G	D	E	R	K	N	Q	S	T	A	V	L	I	F	Y	W	H	M	C	P
0	0.04970	0.10683	0.02221	0.01753	0.08843	0.10183	0.09916	0.10095	0.03386	0.06596	0.05221	0.05199	0.01539	0.00908	0.03043	0.00216	0.00800	0.00652	0.00466	0.13310
1	0.01339	0.12618	0.42617	0.01647	0.04698	0.01528	0.01851	0.01950	0.04132	0.02047	0.02287	0.06605	0.12075	0.00906	0.00662	0.00213	0.00809	0.00731	0.00381	0.00904
2	0.01279	0.00942	0.01177	0.01127	0.01316	0.01004	0.00902	0.03851	0.07388	0.06237	0.12403	0.05016	0.15213	0.09723	0.03282	0.00328	0.09020	0.18491	0.00599	0.00700
3	0.07610	0.01494	0.09020	0.04724	0.13863	0.01268	0.15687	0.01933	0.01558	0.08877	0.02732	0.03240	0.14822	0.00973	0.00728	0.00227	0.00744	0.06954	0.02687	0.00860
4	0.01758	0.13708	0.13775	0.02617	0.28015	0.03628	0.08453	0.04354	0.06504	0.06156	0.01596	0.01806	0.03241	0.00688	0.00653	0.00202	0.00828	0.00611	0.00398	0.01008
5	0.01308	0.01485	0.10648	0.26530	0.16563	0.01348	0.05171	0.01776	0.03330	0.01950	0.02006	0.06737	0.06783	0.01307	0.07869	0.00314	0.00915	0.02748	0.00383	0.00827
6	0.08920	0.00836	0.00990	0.00931	0.01051	0.00898	0.00651	0.01246	0.01074	0.01653	0.01811	0.03285	0.01914	0.40423	0.20695	0.00666	0.05114	0.00799	0.00396	0.06648
7	0.01643	0.04592	0.06894	0.01470	0.08693	0.01240	0.01138	0.09213	0.01647	0.04778	0.01309	0.01489	0.01043	0.00576	0.00557	0.00137	0.00612	0.00464	0.00431	0.52075

[dist]
# distance from previous block
# <min> <max>
0	1

[block]
# block no. 3 follows, 31 sequences, length 15
# corresponding to MSA columns:
# 82-96
name=unknown_D
#
# <colnr> <probs for GDERKNQSTAVLIFYWHMCP>
#	G	D	E	R	K	N	Q	S	T	A	V	L	I	F	Y	W	H	M	C	P
0	0.23681	0.05602	0.01502	0.01192	0.01579	0.09975	0.00955	0.15711	0.04258	0.09783	0.01704	0.06772	0.01422	0.03347	0.04053	0.00259	0.00716	0.00637	0.05994	0.00859
1	0.01797	0.01194	0.01682	0.05364	0.01841	0.01347	0.04285	0.10722	0.01604	0.17385	0.01787	0.02165	0.01414	0.02302	0.24977	0.00520	0.14555	0.00677	0.03530	0.00852
2	0.01541	0.02396	0.29731	0.05560	0.12686	0.03368	0.19914	0.04501	0.01593	0.02253	0.03698	0.01729	0.01158	0.00650	0.00693	0.00210	0.00955	0.00626	0.00351	0.06388
3	0.01190	0.00820	0.01074	0.01072	0.01119	0.03784	0.00783	0.01125	0.01082	0.01440	0.01771	0.12873	0.01877	0.02485	0.11232	0.42425	0.07662	0.05347	0.00379	0.00459
4	0.00867	0.00612	0.00793	0.00914	0.00955	0.00578	0.00600	0.00978	0.01294	0.01734	0.07258	0.60222	0.04305	0.13932	0.01288	0.00336	0.00435	0.01753	0.00606	0.00538
5	0.80789	0.01323	0.01006	0.00900	0.01323	0.01535	0.00741	0.02011	0.01164	0.03070	0.00953	0.01111	0.00741	0.00635	0.00423	0.00212	0.00529	0.00370	0.00423	0.00741
6	0.00930	0.00805	0.01159	0.01079	0.01297	0.00721	0.09065	0.01140	0.01479	0.01864	0.04994	0.30192	0.36344	0.01741	0.00837	0.00251	0.00476	0.04411	0.00599	0.00615
7	0.01617	0.01548	0.02639	0.17509	0.58975	0.01605	0.02062	0.02033	0.01522	0.02143	0.01273	0.01718	0.01051	0.00624	0.00679	0.00208	0.00832	0.00609	0.00332	0.01022
8	0.01023	0.00794	0.01163	0.01137	0.01241	0.00950	0.00882	0.01244	0.01088	0.01577	0.01773	0.02699	0.01690	0.09309	0.62688	0.01003	0.08028	0.00738	0.00364	0.00610
9	0.00993	0.00673	0.00794	0.00794	0.00810	0.00689	0.00474	0.01025	0.01009	0.01362	0.02112	0.04237	0.02383	0.66465	0.12831	0.00722	0.00820	0.00960	0.00408	0.00441
10	0.01312	0.00815	0.01023	0.00932	0.01175	0.00752	0.00722	0.01686	0.05515	0.13347	0.43248	0.04901	0.16437	0.01365	0.00789	0.00222	0.00391	0.03891	0.00739	0.00737
11	0.00841	0.00601	0.00801	0.00948	0.00994	0.00561	0.00636	0.00971	0.01344	0.01802	0.07502	0.71622	0.04632	0.02102	0.00870	0.00274	0.00393	0.01906	0.00642	0.00561
12	0.01607	0.01784	0.10336	0.12895	0.55594	0.01608	0.02121	0.02062	0.01521	0.02165	0.01271	0.01683	0.01038	0.00624	0.00675	0.00208	0.00847	0.00598	0.00329	0.01034
13	0.01952	0.63974	0.03306	0.01271	0.01817	0.14659	0.01196	0.02164	0.01483	0.01621	0.00969	0.01121	0.00879	0.00606	0.00469	0.00151	0.00817	0.00379	0.00303	0.00864
14	0.06820	0.01424	0.08971	0.07820	0.09861	0.01316	0.01267	0.05823	0.18971	0.02395	0.04765	0.22937	0.02444	0.01177	0.00723	0.00236	0.00616	0.01025	0.00544	0.00864

[dist]
# distance from previous block
# <min> <max>
0	12

[block]
# block no. 4 follows, 31 sequences, length 18
# corresponding to MSA columns:
# 109-126
name=unknown_E
#
# <colnr> <probs for GDERKNQSTAVLIFYWHMCP>
#	G	D	E	R	K	N	Q	S	T	A	V	L	I	F	Y	W	H	M	C	P
0	0.02480	0.10412	0.02244	0.01628	0.04425	0.06429	0.01314	0.55522	0.02877	0.03778	0.01517	0.01558	0.01112	0.00780	0.00652	0.00197	0.00781	0.00577	0.00609	0.01106
1	0.01593	0.01770	0.03720	0.08839	0.03564	0.01711	0.59428	0.02240	0.05717	0.02194	0.01454	0.01886	0.01090	0.00607	0.00790	0.00231	0.01096	0.00788	0.00363	0.00919
2	0.00830	0.00694	0.00723	0.00716	0.00937	0.00587	0.00537	0.01024	0.01611	0.01970	0.15724	0.06383	0.62542	0.01687	0.00808	0.00229	0.00343	0.01416	0.00651	0.00587
3	0.00968	0.00699	0.00914	0.00861	0.01022	0.00646	0.00646	0.01291	0.01937	0.02743	0.71328	0.05110	0.06455	0.01399	0.00807	0.00215	0.00323	0.01237	0.00753	0.00646
4	0.02736	0.01699	0.01919	0.01471	0.02013	0.01799	0.01215	0.50305	0.02853	0.23928	0.01948	0.01841	0.01317	0.00829	0.00685	0.00207	0.00703	0.00637	0.00731	0.01164
5	0.07506	0.01820	0.01974	0.03955	0.02136	0.02029	0.01282	0.58830	0.02922	0.06154	0.01595	0.01632	0.01137	0.00817	0.00714	0.00209	0.02928	0.00602	0.00649	0.01111
6	0.01275	0.00638	0.00638	0.00638	0.00797	0.00638	0.00478	0.01594	0.01435	0.02551	0.02232	0.02551	0.01754	0.00797	0.00478	0.00159	0.00319	0.00638	0.79755	0.00638
7	0.01372	0.03539	0.72412	0.01950	0.02961	0.01589	0.02528	0.02167	0.01444	0.02167	0.01228	0.01444	0.00867	0.00650	0.00650	0.00217	0.01011	0.00506	0.00289	0.01011
8	0.01755	0.01375	0.01479	0.01317	0.01704	0.01541	0.01028	0.03382	0.58179	0.09296	0.03127	0.02873	0.07918	0.00989	0.00705	0.00230	0.00529	0.00822	0.00705	0.01048
9	0.00862	0.00615	0.00826	0.00985	0.01037	0.00580	0.00684	0.01001	0.01337	0.01778	0.03755	0.68441	0.04464	0.02117	0.00881	0.00282	0.00421	0.08737	0.00635	0.00563
10	0.09056	0.02850	0.01737	0.01584	0.01924	0.60317	0.01193	0.02564	0.01826	0.01875	0.01159	0.01347	0.00951	0.00708	0.00587	0.00178	0.01088	0.00453	0.07829	0.00774
11	0.01292	0.01216	0.02052	0.74312	0.04712	0.01520	0.01900	0.01748	0.01368	0.01748	0.01216	0.01824	0.00912	0.00684	0.00684	0.00228	0.00912	0.00608	0.00304	0.00760
12	0.00908	0.00694	0.00840	0.00890	0.01027	0.00647	0.00634	0.01192	0.05434	0.02070	0.20444	0.37426	0.21679	0.01796	0.00831	0.00249	0.00375	0.01586	0.00666	0.00612
13	0.76859	0.01315	0.01035	0.00916	0.01344	0.01508	0.00754	0.02078	0.01204	0.06563	0.01041	0.01173	0.00789	0.00646	0.00437	0.00212	0.00532	0.00387	0.00445	0.00762
14	0.01230	0.00822	0.01117	0.01065	0.01190	0.00904	0.00793	0.09145	0.01285	0.01776	0.01693	0.04692	0.01621	0.08191	0.36518	0.25059	0.01209	0.00730	0.00394	0.00566
15	0.03988	0.00894	0.01016	0.00901	0.01173	0.00886	0.00702	0.05081	0.06010	0.18241	0.05642	0.02815	0.02041	0.05377	0.00757	0.00217	0.00448	0.02725	0.40288	0.00797
16	0.01087	0.00791	0.00908	0.00877	0.01114	0.00725	0.00683	0.01446	0.06728	0.06625	0.21486	0.05782	0.39257	0.01554	0.00806	0.00235	0.00400	0.08142	0.00681	0.00674
17	0.03828	0.01256	0.01533	0.05046	0.01700	0.03494	0.01114	0.05914	0.13088	0.02162	0.07028	0.06647	0.06330	0.01809	0.13147	0.00389	0.21620	0.00812	0.00481	0.02602

[dist]
# distance from previous block
# <min> <max>
2	6

[block]
# block no. 5 follows, 31 sequences, length 43
# corresponding to MSA columns:
# 133-175
name=unknown_F
#
# <colnr> <probs for GDERKNQSTAVLIFYWHMCP>
#	G	D	E	R	K	N	Q	S	T	A	V	L	I	F	Y	W	H	M	C	P
0	0.01835	0.08157	0.10895	0.02795	0.34719	0.04318	0.04260	0.08508	0.03535	0.07456	0.05741	0.01876	0.01440	0.00709	0.00666	0.00202	0.00798	0.00627	0.00434	0.01027
1	0.01038	0.00740	0.00835	0.00812	0.01049	0.00641	0.00630	0.01254	0.01651	0.07525	0.16378	0.06122	0.49681	0.01625	0.00811	0.00235	0.00387	0.07280	0.00670	0.00639
2	0.01290	0.02509	0.43858	0.09166	0.02620	0.01393	0.01949	0.01963	0.04115	0.02259	0.16976	0.02348	0.02170	0.00852	0.00749	0.00221	0.03560	0.00694	0.00410	0.00896
3	0.01405	0.01267	0.04013	0.01057	0.01619	0.00953	0.00870	0.03831	0.01445	0.02219	0.01363	0.03676	0.01197	0.03819	0.03351	0.00174	0.00586	0.00495	0.00415	0.66246
4	0.01609	0.00992	0.01118	0.00980	0.01273	0.03539	0.00763	0.05638	0.05391	0.17426	0.26771	0.04033	0.16321	0.01193	0.00725	0.00210	0.00451	0.01002	0.09766	0.00799
5	0.00839	0.00597	0.00792	0.00946	0.00985	0.00559	0.00628	0.00954	0.01300	0.01734	0.03721	0.73322	0.04462	0.04417	0.00954	0.00290	0.00405	0.01916	0.00628	0.00551
6	0.01499	0.01280	0.01297	0.01155	0.01465	0.06159	0.00895	0.11278	0.23490	0.02757	0.23950	0.03841	0.15751	0.01186	0.00743	0.00219	0.00516	0.00991	0.00677	0.00850
7	0.01614	0.00875	0.01121	0.00981	0.01263	0.00795	0.00761	0.04601	0.01905	0.22712	0.36178	0.09623	0.12156	0.01310	0.00773	0.00220	0.00424	0.01130	0.00755	0.00802
8	0.01295	0.00676	0.00679	0.00672	0.00842	0.00686	0.00506	0.01687	0.04577	0.02565	0.02257	0.02551	0.01769	0.00803	0.00488	0.00163	0.00329	0.00644	0.76155	0.00658
9	0.00837	0.00694	0.00733	0.00723	0.00942	0.00590	0.00543	0.01038	0.01628	0.02010	0.18578	0.06318	0.59663	0.01672	0.00808	0.00228	0.00342	0.01407	0.00657	0.00590
10	0.80789	0.01323	0.01006	0.00900	0.01323	0.01535	0.00741	0.02011	0.01164	0.03070	0.00953	0.01111	0.00741	0.00635	0.00423	0.00212	0.00529	0.00370	0.00423	0.00741
11	0.72326	0.01257	0.00996	0.00896	0.01291	0.01440	0.00731	0.01935	0.01246	0.03035	0.08414	0.01535	0.01347	0.00716	0.00464	0.00212	0.00507	0.00462	0.00458	0.00731
12	0.00968	0.00699	0.00914	0.00861	0.01022	0.00646	0.00646	0.01291	0.01937	0.02743	0.71328	0.05110	0.06455	0.01399	0.00807	0.00215	0.00323	0.01237	0.00753	0.00646
13	0.00999	0.00673	0.00817	0.00817	0.00840	0.00696	0.00503	0.01033	0.01010	0.01369	0.02057	0.04052	0.02292	0.59972	0.16303	0.03913	0.00876	0.00931	0.00401	0.00446
14	0.01702	0.01470	0.01547	0.01392	0.01779	0.01702	0.01083	0.03635	0.70453	0.02862	0.02785	0.02553	0.02088	0.00928	0.00696	0.00232	0.00541	0.00773	0.00696	0.01083
15	0.01362	0.01311	0.08602	0.01251	0.01637	0.01053	0.06078	0.11065	0.01657	0.04080	0.02868	0.22472	0.11559	0.07892	0.00978	0.00255	0.00606	0.01090	0.00534	0.13649
16	0.01458	0.02055	0.23879	0.02099	0.16607	0.01351	0.06084	0.01944	0.01460	0.02178	0.01403	0.01665	0.03046	0.00635	0.00672	0.00177	0.03188	0.00542	0.00355	0.29200
17	0.01728	0.07372	0.28640	0.02117	0.13457	0.14052	0.01866	0.02278	0.05154	0.04513	0.01450	0.01915	0.01194	0.00790	0.00776	0.00216	0.06425	0.04742	0.00371	0.00942
18	0.01455	0.01442	0.01810	0.01592	0.01637	0.07226	0.01287	0.01606	0.01118	0.01609	0.01166	0.01935	0.01167	0.08936	0.12459	0.00440	0.51448	0.00644	0.00324	0.00700
19	0.01292	0.01216	0.02052	0.74312	0.04712	0.01520	0.01900	0.01748	0.01368	0.01748	0.01216	0.01824	0.00912	0.00684	0.00684	0.00228	0.00912	0.00608	0.00304	0.00760
20	0.67472	0.01353	0.01227	0.06522	0.05994	0.01558	0.00929	0.04181	0.01270	0.02961	0.01015	0.01217	0.00789	0.00643	0.00467	0.00212	0.00582	0.00411	0.00418	0.00777
21	0.01664	0.01755	0.05005	0.16352	0.45366	0.06736	0.09029	0.02094	0.01553	0.02101	0.01266	0.01691	0.01027	0.00628	0.00687	0.00209	0.00903	0.00614	0.00333	0.00986
22	0.69839	0.01365	0.01251	0.01356	0.11064	0.01547	0.00929	0.02023	0.01219	0.02954	0.00999	0.01192	0.00788	0.00632	0.00459	0.00211	0.00568	0.00404	0.00412	0.00788
23	0.00977	0.00733	0.01100	0.01100	0.01222	0.00855	0.00855	0.01222	0.01100	0.01588	0.01833	0.02688	0.01710	0.05131	0.73245	0.01100	0.01833	0.00733	0.00367	0.00611
24	0.11521	0.01182	0.01524	0.01183	0.01700	0.01063	0.00977	0.03190	0.01872	0.64649	0.02509	0.02196	0.01590	0.00824	0.00659	0.00212	0.00576	0.00653	0.00801	0.01118
25	0.07058	0.01564	0.06794	0.23269	0.31710	0.01524	0.01806	0.04678	0.01585	0.11398	0.01439	0.01757	0.01081	0.00674	0.00662	0.00213	0.00802	0.00597	0.00411	0.00978
26	0.01525	0.02206	0.26934	0.04948	0.16983	0.03053	0.07612	0.06733	0.06716	0.02374	0.07632	0.02149	0.03623	0.00933	0.03390	0.00248	0.00882	0.00682	0.00416	0.00961
27	0.01088	0.00777	0.01086	0.01243	0.01395	0.00775	0.01077	0.01392	0.01561	0.02031	0.03630	0.11356	0.03969	0.01904	0.00941	0.00313	0.00617	0.63588	0.00630	0.00626
28	0.00836	0.00697	0.00732	0.00732	0.00953	0.00592	0.00554	0.01031	0.01600	0.01950	0.13637	0.06469	0.62053	0.01703	0.00813	0.00232	0.00354	0.03827	0.00648	0.00587
29	0.04167	0.07196	0.23124	0.01674	0.07138	0.01579	0.01545	0.06242	0.17879	0.05169	0.02243	0.07023	0.06842	0.00932	0.00744	0.00222	0.04092	0.00747	0.00489	0.00955
30	0.04579	0.01504	0.04391	0.21459	0.17021	0.01575	0.04120	0.16253	0.01839	0.07990	0.01662	0.06987	0.01387	0.00855	0.00756	0.00224	0.03549	0.02440	0.00471	0.00939
31	0.00853	0.00610	0.00811	0.00940	0.00997	0.00568	0.00637	0.01001	0.01399	0.01888	0.13337	0.65542	0.04798	0.02038	0.00864	0.00269	0.00386	0.01845	0.00652	0.00568
32	0.02487	0.03132	0.01930	0.01750	0.02091	0.68048	0.01319	0.02727	0.04452	0.01717	0.01116	0.01292	0.00927	0.00731	0.00677	0.00183	0.03797	0.00459	0.00363	0.00802
33	0.01749	0.09318	0.16692	0.08148	0.25009	0.04687	0.09484	0.07727	0.01657	0.04418	0.01298	0.01602	0.01013	0.00668	0.00721	0.00208	0.03661	0.00583	0.00366	0.00991
34	0.01152	0.00952	0.01280	0.01194	0.01229	0.01173	0.00900	0.01272	0.01069	0.01532	0.01786	0.05751	0.01921	0.30185	0.18739	0.00617	0.24970	0.03314	0.00382	0.00581
35	0.00969	0.00710	0.01013	0.01026	0.01120	0.00797	0.00760	0.01160	0.01098	0.01555	0.02047	0.08922	0.02075	0.17304	0.55132	0.00956	0.01511	0.00877	0.00397	0.00572
36	0.01796	0.71036	0.08624	0.01228	0.01844	0.02625	0.01270	0.02057	0.01394	0.01650	0.00971	0.01123	0.00877	0.00590	0.00454	0.00151	0.00752	0.00376	0.00292	0.00888
37	0.13272	0.16898	0.10188	0.09082	0.10939	0.09590	0.05354	0.12810	0.01744	0.02442	0.01196	0.01427	0.00940	0.00662	0.00593	0.00196	0.00843	0.00509	0.00390	0.00925
38	0.00843	0.00652	0.00772	0.00853	0.00987	0.00581	0.00611	0.01005	0.01459	0.01851	0.08192	0.39254	0.33210	0.01920	0.00846	0.00257	0.00384	0.05108	0.00640	0.00573
39	0.04378	0.01353	0.01875	0.36175	0.03207	0.01536	0.01488	0.18906	0.01909	0.14743	0.01615	0.01902	0.01160	0.01042	0.05521	0.00277	0.00864	0.00625	0.00502	0.00921
40	0.01954	0.30577	0.14765	0.01742	0.04574	0.07291	0.10318	0.14487	0.01826	0.04615	0.01257	0.01423	0.00983	0.00656	0.00596	0.00186	0.00872	0.00517	0.00395	0.00968
41	0.01976	0.07833	0.11840	0.10185	0.13254	0.04268	0.06437	0.08860	0.07936	0.15401	0.01672	0.01801	0.01217	0.00712	0.00661	0.00205	0.00800	0.00606	0.00488	0.03848
42	0.01771	0.01314	0.04176	0.05117	0.01859	0.01149	0.01044	0.08307	0.03845	0.14955	0.01735	0.05627	0.01398	0.01041	0.05411	0.00228	0.03627	0.00612	0.00516	0.36267

[dist]
# distance from previous block
# <min> <max>
0	8

[block]
# block no. 6 follows, 31 sequences, length 49
# corresponding to MSA columns:
# 184-232
name=unknown_G
#
# <colnr> <probs for GDERKNQSTAVLIFYWHMCP>
#	G	D	E	R	K	N	Q	S	T	A	V	L	I	F	Y	W	H	M	C	P
0	0.01608	0.14417	0.05439	0.03733	0.01825	0.01396	0.01044	0.07368	0.04917	0.04575	0.07005	0.01779	0.01505	0.00662	0.00562	0.00147	0.00595	0.00522	0.00455	0.40446
1	0.03461	0.14632	0.08049	0.07568	0.06643	0.01446	0.01208	0.04630	0.06191	0.02174	0.04168	0.12135	0.01738	0.00864	0.00615	0.00182	0.00636	0.00719	0.00439	0.22501
2	0.04380	0.01030	0.08923	0.00985	0.01166	0.00795	0.00776	0.01321	0.01217	0.06638	0.02534	0.25539	0.02799	0.36526	0.02043	0.00445	0.00610	0.01183	0.00499	0.00591
3	0.00866	0.00653	0.00803	0.00871	0.00996	0.00590	0.00623	0.01051	0.01524	0.01998	0.18884	0.38133	0.24112	0.01858	0.00844	0.00253	0.00376	0.04319	0.00660	0.00584
4	0.01637	0.01592	0.02785	0.12792	0.58077	0.01621	0.07302	0.02063	0.01539	0.02171	0.01286	0.01721	0.01059	0.00616	0.00688	0.00208	0.00852	0.00625	0.00335	0.01031
5	0.02153	0.09022	0.02042	0.01655	0.01987	0.49265	0.04005	0.02359	0.01701	0.01675	0.01175	0.01488	0.01018	0.01409	0.12086	0.00327	0.05007	0.00503	0.00347	0.00775
6	0.01087	0.00860	0.01175	0.01438	0.09503	0.00848	0.00984	0.01449	0.06642	0.02002	0.03764	0.29556	0.12400	0.01733	0.00853	0.00272	0.00529	0.23618	0.00603	0.00685
7	0.01106	0.00780	0.00963	0.00899	0.01104	0.00735	0.00680	0.01526	0.07350	0.06109	0.50644	0.07232	0.15441	0.01406	0.00794	0.00221	0.00359	0.01226	0.00732	0.00694
8	0.00932	0.00738	0.00843	0.00862	0.01057	0.00675	0.00666	0.01220	0.04507	0.02049	0.16595	0.09365	0.40230	0.04707	0.00939	0.00263	0.00415	0.12679	0.00648	0.00612
9	0.01741	0.04746	0.01536	0.01324	0.01582	0.24196	0.00989	0.02376	0.20876	0.01972	0.04952	0.02714	0.04089	0.18647	0.01406	0.00316	0.04544	0.00736	0.00485	0.00773
10	0.00834	0.00595	0.00794	0.00953	0.00992	0.00556	0.00635	0.00953	0.01310	0.01746	0.03771	0.75510	0.04525	0.02143	0.00873	0.00278	0.00397	0.01945	0.00635	0.00556
11	0.00978	0.00731	0.01087	0.01087	0.01205	0.00848	0.00840	0.01214	0.01096	0.01579	0.01844	0.02751	0.01738	0.07650	0.70764	0.01084	0.01791	0.00742	0.00368	0.00604
12	0.02601	0.01916	0.02053	0.01574	0.02122	0.02122	0.01300	0.69408	0.03217	0.04312	0.01643	0.01643	0.01163	0.00821	0.00684	0.00205	0.00753	0.00616	0.00684	0.01163
13	0.01372	0.03539	0.72412	0.01950	0.02961	0.01589	0.02528	0.02167	0.01444	0.02167	0.01228	0.01444	0.00867	0.00650	0.00650	0.00217	0.01011	0.00506	0.00289	0.01011
14	0.00960	0.00699	0.00903	0.00852	0.01017	0.00642	0.00639	0.01275	0.01917	0.02698	0.68062	0.05185	0.09749	0.01416	0.00807	0.00216	0.00324	0.01248	0.00747	0.00642
15	0.65191	0.12647	0.04804	0.00990	0.01466	0.01713	0.00891	0.02024	0.01211	0.02808	0.00966	0.01125	0.00767	0.00628	0.00437	0.00202	0.00583	0.00376	0.00397	0.00774
16	0.01493	0.16550	0.57766	0.01804	0.02717	0.04168	0.02245	0.02164	0.01451	0.02051	0.01173	0.01375	0.00869	0.00640	0.00611	0.00203	0.00969	0.00478	0.00292	0.00980
17	0.00978	0.00730	0.01085	0.01085	0.01202	0.00847	0.00837	0.01212	0.01095	0.01577	0.01846	0.02763	0.01743	0.08129	0.70292	0.01081	0.01783	0.00744	0.00369	0.00603
18	0.00977	0.00733	0.01100	0.01100	0.01222	0.00855	0.00855	0.01222	0.01100	0.01588	0.01833	0.02688	0.01710	0.05131	0.73245	0.01100	0.01833	0.00733	0.00367	0.00611
19	0.02406	0.02003	0.12185	0.01753	0.07469	0.04660	0.01467	0.34533	0.05835	0.18032	0.01811	0.01791	0.01261	0.00786	0.00677	0.00208	0.00768	0.00615	0.00622	0.01116
20	0.01659	0.01707	0.06543	0.16830	0.32418	0.03863	0.14294	0.02173	0.04335	0.04973	0.01396	0.01770	0.01087	0.00642	0.00695	0.00211	0.00889	0.00638	0.00368	0.03507
21	0.01273	0.01105	0.01053	0.01037	0.01166	0.11261	0.00734	0.04404	0.01521	0.01922	0.15693	0.15737	0.03429	0.28114	0.01755	0.00389	0.00639	0.07635	0.00540	0.00592
22	0.78026	0.03949	0.01096	0.00909	0.01338	0.01576	0.00756	0.02012	0.01172	0.03018	0.00953	0.01111	0.00746	0.00633	0.00424	0.00209	0.00536	0.00370	0.00419	0.00746
23	0.00979	0.00725	0.01060	0.01060	0.01168	0.00834	0.00806	0.01196	0.01088	0.01559	0.01869	0.02888	0.01797	0.13065	0.65430	0.01051	0.01702	0.00762	0.00372	0.00589
24	0.03444	0.01400	0.07496	0.02026	0.18519	0.01354	0.03404	0.01825	0.06811	0.02269	0.19912	0.02871	0.05637	0.01305	0.05996	0.00290	0.13302	0.00821	0.00481	0.00837
25	0.02547	0.01890	0.02023	0.01563	0.02101	0.02097	0.01287	0.65504	0.07207	0.04226	0.01710	0.01697	0.01218	0.00828	0.00685	0.00207	0.00740	0.00625	0.00685	0.01159
26	0.01247	0.04642	0.03847	0.16602	0.10476	0.01127	0.01292	0.01564	0.01419	0.04185	0.04608	0.16659	0.02496	0.01890	0.12139	0.00382	0.00861	0.13357	0.00472	0.00737
27	0.01445	0.01392	0.01905	0.01609	0.01723	0.01799	0.01331	0.01628	0.01116	0.01743	0.01022	0.01571	0.00978	0.01368	0.07178	0.00324	0.56466	0.00575	0.00323	0.14504
28	0.01221	0.03149	0.01065	0.00904	0.01121	0.00748	0.00697	0.01528	0.01908	0.10296	0.59255	0.04731	0.08084	0.01324	0.00782	0.00213	0.00365	0.01157	0.00745	0.00707
29	0.01498	0.01214	0.01427	0.01023	0.01627	0.00916	0.00820	0.01800	0.01444	0.05572	0.01287	0.01462	0.01046	0.00523	0.00515	0.00107	0.00510	0.00419	0.00426	0.76364
30	0.00867	0.00630	0.00818	0.00910	0.00995	0.00581	0.00630	0.01043	0.01492	0.02015	0.21693	0.52165	0.09789	0.01919	0.00851	0.00258	0.00374	0.01724	0.00666	0.00581
31	0.01433	0.01404	0.01974	0.01711	0.01726	0.01944	0.01419	0.01595	0.01054	0.01639	0.01012	0.01642	0.00997	0.01677	0.10896	0.00397	0.65825	0.00615	0.00308	0.00732
32	0.01552	0.04461	0.15408	0.13822	0.05744	0.05784	0.01543	0.03849	0.11514	0.05206	0.05791	0.02339	0.06856	0.01029	0.02971	0.00251	0.09854	0.00699	0.00447	0.00879
33	0.00863	0.00677	0.00780	0.00792	0.00967	0.00595	0.00580	0.01073	0.01631	0.02108	0.26359	0.18576	0.39157	0.01703	0.00820	0.00235	0.00348	0.01470	0.00672	0.00595
34	0.04381	0.01745	0.09124	0.01668	0.06808	0.01734	0.01342	0.15615	0.32362	0.02850	0.01993	0.02081	0.01536	0.03235	0.00900	0.00238	0.07337	0.00669	0.00562	0.03819
35	0.04748	0.08547	0.11993	0.02356	0.17484	0.13591	0.12447	0.05271	0.01669	0.09035	0.01347	0.01585	0.01036	0.00692	0.00749	0.00207	0.05306	0.00577	0.00397	0.00962
36	0.00901	0.00659	0.00865	0.00973	0.01056	0.00626	0.00677	0.01111	0.03460	0.01896	0.10364	0.59775	0.04444	0.02082	0.03259	0.00294	0.00452	0.03895	0.00634	0.02577
37	0.01908	0.62416	0.06387	0.01340	0.04086	0.04784	0.01264	0.04886	0.01513	0.04549	0.01075	0.01207	0.00928	0.00613	0.00481	0.00157	0.00758	0.00405	0.00334	0.00911
38	0.15000	0.02133	0.28166	0.01636	0.04215	0.01435	0.06251	0.02394	0.10580	0.11994	0.03865	0.06247	0.01526	0.00817	0.00653	0.00221	0.00756	0.00675	0.00482	0.00954
39	0.00893	0.00639	0.00790	0.00871	0.00935	0.00601	0.00579	0.01010	0.01317	0.01743	0.09578	0.41175	0.11505	0.21408	0.01547	0.00370	0.00462	0.03461	0.00587	0.00531
40	0.04034	0.01280	0.08572	0.04237	0.01634	0.05282	0.04450	0.01613	0.07654	0.01942	0.05513	0.28879	0.02805	0.09000	0.09575	0.00386	0.00779	0.01166	0.00505	0.00695
41	0.01743	0.14790	0.22103	0.02440	0.20156	0.05004	0.10173	0.08675	0.04398	0.02306	0.01309	0.01552	0.01022	0.00650	0.00645	0.00201	0.00898	0.00564	0.00366	0.01004
42	0.01589	0.04232	0.14502	0.21793	0.07076	0.04496	0.08181	0.07963	0.01636	0.04679	0.06095	0.02056	0.01438	0.00935	0.03131	0.00252	0.06603	0.02064	0.00401	0.00878
43	0.00980	0.00723	0.01051	0.01051	0.01157	0.00829	0.00795	0.01191	0.01085	0.01552	0.01877	0.02932	0.01817	0.14809	0.63712	0.01040	0.01673	0.00769	0.00373	0.00584
44	0.01271	0.00636	0.00649	0.00649	0.00801	0.00636	0.00483	0.01563	0.01410	0.02490	0.02185	0.02530	0.01728	0.00868	0.00577	0.03741	0.00331	0.00636	0.76194	0.00622
45	0.20469	0.11950	0.10403	0.08116	0.06944	0.14350	0.05042	0.02152	0.01484	0.05229	0.01434	0.01641	0.04278	0.00722	0.00636	0.00203	0.03187	0.00532	0.00382	0.00846
46	0.28371	0.05441	0.10579	0.01664	0.05611	0.07966	0.11443	0.02427	0.07725	0.10521	0.01444	0.01572	0.01069	0.00682	0.00595	0.00210	0.00776	0.00544	0.00452	0.00909
47	0.13555	0.11198	0.06454	0.01431	0.06349	0.06589	0.04385	0.01894	0.04262	0.04623	0.05850	0.10934	0.06218	0.01269	0.06080	0.00270	0.00748	0.00783	0.00460	0.06647
48	0.06411	0.08639	0.03637	0.01407	0.05010	0.02959	0.05177	0.12739	0.08121	0.04363	0.18305	0.08985	0.05039	0.01028	0.00690	0.00207	0.00600	0.00874	0.00575	0.05235

[dist]
# distance from previous block
# <min> <max>
0	10

[block]
# block no. 7 follows, 31 sequences, length 29
# corresponding to MSA columns:
# 243-271
name=unknown_H
#
# <colnr> <probs for GDERKNQSTAVLIFYWHMCP>
#	G	D	E	R	K	N	Q	S	T	A	V	L	I	F	Y	W	H	M	C	P
0	0.03551	0.18250	0.12907	0.01732	0.08830	0.17937	0.01443	0.08243	0.03701	0.06023	0.04070	0.01580	0.01230	0.00696	0.00597	0.00181	0.00845	0.00517	0.00416	0.07250
1	0.53427	0.07254	0.01228	0.00950	0.01331	0.05693	0.00779	0.01898	0.01354	0.02749	0.10217	0.01963	0.05446	0.00797	0.00507	0.00205	0.00546	0.00550	0.02375	0.00731
2	0.01502	0.01414	0.02133	0.44574	0.18083	0.04281	0.01793	0.05188	0.05376	0.02023	0.01350	0.01833	0.01057	0.00882	0.03658	0.00257	0.02763	0.00616	0.00356	0.00860
3	0.01337	0.07071	0.04121	0.01153	0.01379	0.04070	0.00935	0.04894	0.05973	0.03631	0.07992	0.05258	0.02295	0.15843	0.21657	0.00549	0.04535	0.04423	0.02184	0.00700
4	0.00853	0.00621	0.00791	0.00901	0.00974	0.00573	0.00610	0.00992	0.01385	0.01835	0.10806	0.56347	0.12614	0.06054	0.01001	0.00287	0.00398	0.01762	0.00635	0.00560
5	0.58686	0.05192	0.12089	0.02907	0.01755	0.01621	0.02792	0.04172	0.01299	0.02850	0.01033	0.01214	0.00791	0.00641	0.00483	0.00210	0.00644	0.00415	0.00400	0.00807
6	0.01014	0.03745	0.00961	0.00873	0.00932	0.00792	0.00579	0.01097	0.01058	0.01435	0.02114	0.08063	0.02329	0.49046	0.22390	0.00739	0.00972	0.00954	0.00409	0.00496
7	0.07965	0.50594	0.09124	0.01308	0.01895	0.08152	0.01282	0.09126	0.01612	0.02057	0.01056	0.01197	0.00896	0.00629	0.00496	0.00166	0.00783	0.00411	0.00348	0.00902
8	0.21504	0.46012	0.02559	0.01075	0.01573	0.04221	0.01001	0.02068	0.01375	0.04728	0.01134	0.01280	0.00952	0.00630	0.00453	0.00167	0.00654	0.00405	0.07379	0.00831
9	0.08080	0.00772	0.01027	0.01018	0.01172	0.00885	0.00793	0.01343	0.01152	0.01853	0.01810	0.02529	0.01631	0.04133	0.56718	0.00891	0.01507	0.00688	0.11373	0.00626
10	0.05676	0.21674	0.29431	0.12071	0.04607	0.01886	0.01795	0.05766	0.05274	0.02166	0.01249	0.01469	0.00962	0.00657	0.00590	0.00197	0.00842	0.00498	0.00347	0.02842
11	0.04919	0.50556	0.11306	0.05664	0.02074	0.02379	0.01391	0.04735	0.01429	0.01855	0.01023	0.01240	0.00887	0.00665	0.00650	0.00178	0.07424	0.00428	0.00315	0.00881
12	0.00848	0.00606	0.00811	0.00969	0.01016	0.00568	0.00661	0.00978	0.01324	0.01763	0.03763	0.71805	0.04493	0.02130	0.00877	0.00280	0.00410	0.05505	0.00635	0.00560
13	0.00938	0.00922	0.06494	0.00882	0.01138	0.00694	0.00746	0.01240	0.01751	0.02350	0.40755	0.05392	0.31247	0.01469	0.00795	0.00221	0.00387	0.01260	0.00671	0.00648
14	0.03501	0.11215	0.30241	0.03768	0.10945	0.03613	0.06668	0.02304	0.01555	0.14356	0.01563	0.04613	0.01199	0.00729	0.00650	0.00208	0.00857	0.00611	0.00416	0.00988
15	0.00864	0.00624	0.00838	0.03719	0.01114	0.00601	0.00666	0.00986	0.01287	0.01713	0.03546	0.67086	0.04226	0.07937	0.01073	0.00306	0.00438	0.01819	0.00605	0.00552
16	0.01528	0.02192	0.20702	0.02412	0.03033	0.01775	0.37727	0.02066	0.01448	0.02066	0.01239	0.01669	0.00965	0.00731	0.01083	0.00242	0.17207	0.00686	0.00322	0.00907
17	0.01687	0.22761	0.11270	0.14252	0.20818	0.01921	0.03608	0.08827	0.01650	0.02200	0.03990	0.01652	0.01191	0.00672	0.00618	0.00194	0.00815	0.00559	0.00366	0.00950
18	0.03419	0.01951	0.13663	0.08250	0.18218	0.04916	0.19597	0.04920	0.05737	0.06471	0.03029	0.01968	0.03261	0.00708	0.00708	0.00217	0.00900	0.00684	0.00415	0.00968
19	0.04018	0.03919	0.14410	0.02414	0.10129	0.05940	0.29532	0.07604	0.01715	0.08377	0.01421	0.01700	0.01054	0.00670	0.00777	0.00219	0.04064	0.00658	0.00405	0.00973
20	0.01126	0.00771	0.00880	0.00850	0.00905	0.00792	0.00534	0.06445	0.01202	0.01607	0.02171	0.04333	0.02419	0.63736	0.05909	0.00628	0.00715	0.04040	0.00444	0.00492
21	0.01655	0.03747	0.10598	0.07490	0.28646	0.02949	0.04630	0.04619	0.01649	0.09144	0.06943	0.08044	0.05133	0.00884	0.00705	0.00215	0.00749	0.00794	0.00461	0.00947
22	0.05574	0.01935	0.07870	0.14710	0.28990	0.10967	0.06665	0.07344	0.05223	0.02304	0.01336	0.01659	0.01050	0.00669	0.00667	0.00209	0.00892	0.00591	0.00380	0.00965
23	0.02091	0.16000	0.02606	0.09071	0.05127	0.10926	0.10600	0.25894	0.04868	0.02736	0.01377	0.01570	0.01060	0.00720	0.00680	0.00199	0.02457	0.00578	0.00464	0.00975
24	0.00857	0.00618	0.00815	0.00956	0.01019	0.00576	0.00661	0.01001	0.01369	0.01819	0.07151	0.64427	0.07701	0.02072	0.00872	0.00275	0.00406	0.06198	0.00640	0.00566
25	0.01187	0.01128	0.04439	0.05337	0.11487	0.01029	0.11145	0.02931	0.01556	0.02118	0.12447	0.28730	0.05902	0.01402	0.00808	0.00246	0.00628	0.06199	0.00539	0.00743
26	0.01806	0.02103	0.20236	0.08677	0.26734	0.03318	0.07388	0.07423	0.03880	0.09607	0.01490	0.01732	0.01107	0.00677	0.00682	0.00212	0.00872	0.00609	0.00415	0.01033
27	0.01429	0.00948	0.01321	0.01204	0.01446	0.00917	0.06201	0.08399	0.03606	0.12268	0.05926	0.40739	0.07396	0.01696	0.02855	0.00274	0.00558	0.01415	0.00646	0.00755
28	0.01833	0.01669	0.02058	0.04656	0.05935	0.11269	0.02816	0.02039	0.01338	0.10881	0.01224	0.01634	0.01036	0.01129	0.03599	0.00284	0.44792	0.00598	0.00383	0.00828

[dist]
# distance from previous block
# <min> <max>
0	3

[block]
# block no. 8 follows, 31 sequences, length 33
# corresponding to MSA columns:
# 275-307
name=unknown_I
#
# <colnr> <probs for GDERKNQSTAVLIFYWHMCP>
#	G	D	E	R	K	N	Q	S	T	A	V	L	I	F	Y	W	H	M	C	P
0	0.05427	0.11188	0.02049	0.01583	0.01872	0.37011	0.01256	0.05340	0.01631	0.01821	0.01111	0.01502	0.01000	0.04965	0.02982	0.00253	0.17362	0.00509	0.00356	0.00783
1	0.14159	0.04090	0.01517	0.01195	0.05838	0.01123	0.00891	0.01804	0.01385	0.02341	0.01168	0.01374	0.00969	0.00536	0.00501	0.00127	0.00537	0.00411	0.00400	0.59634
2	0.01931	0.20199	0.20492	0.01737	0.06227	0.15920	0.01608	0.13110	0.05520	0.02303	0.01305	0.01473	0.01029	0.00851	0.03279	0.00223	0.00940	0.00506	0.00394	0.00955
3	0.05283	0.01646	0.02261	0.05699	0.31688	0.01723	0.01606	0.27079	0.02197	0.11740	0.01578	0.01737	0.01169	0.00721	0.00672	0.00206	0.00755	0.00612	0.00532	0.01096
4	0.01014	0.00697	0.00808	0.00796	0.00800	0.00724	0.00468	0.01026	0.01000	0.01346	0.02098	0.04313	0.02405	0.71129	0.05357	0.00661	0.03543	0.00972	0.00409	0.00433
5	0.00956	0.00771	0.00930	0.00986	0.04760	0.00703	0.00681	0.01267	0.04399	0.02261	0.32036	0.08729	0.35963	0.01527	0.00799	0.00225	0.00372	0.01314	0.00669	0.00650
6	0.00994	0.00667	0.00765	0.00765	0.00772	0.00674	0.00438	0.01007	0.01001	0.01341	0.02138	0.04381	0.02445	0.72146	0.07235	0.00687	0.00726	0.00981	0.00412	0.00425
7	0.04737	0.01423	0.01521	0.01363	0.01751	0.01619	0.01075	0.05897	0.57500	0.06557	0.02719	0.02766	0.02095	0.00967	0.00700	0.00234	0.00556	0.04778	0.00689	0.01050
8	0.00941	0.00682	0.00887	0.00870	0.01014	0.00628	0.00640	0.01225	0.01820	0.02548	0.57974	0.16832	0.08307	0.01533	0.00818	0.00226	0.00336	0.01361	0.00730	0.00628
9	0.01927	0.05080	0.24597	0.02567	0.26535	0.01544	0.04774	0.04872	0.01666	0.17489	0.01580	0.01734	0.01141	0.00679	0.00667	0.00208	0.00834	0.00593	0.00445	0.01066
10	0.01721	0.01245	0.01476	0.01072	0.01666	0.00989	0.00865	0.05488	0.01591	0.12518	0.01454	0.01563	0.01120	0.00573	0.00542	0.00123	0.00530	0.00457	0.00484	0.64523
11	0.02068	0.46230	0.02925	0.01319	0.01876	0.02436	0.01205	0.23951	0.07579	0.02585	0.01323	0.01392	0.01068	0.00689	0.00539	0.00172	0.00723	0.00480	0.00452	0.00987
12	0.01149	0.01038	0.01075	0.01195	0.06217	0.07716	0.00788	0.03140	0.04566	0.01896	0.04211	0.28784	0.26810	0.07029	0.00989	0.00271	0.00525	0.01374	0.00575	0.00653
13	0.01844	0.44381	0.13202	0.01540	0.05000	0.02200	0.05057	0.04532	0.01515	0.07481	0.01200	0.01358	0.00974	0.00644	0.00598	0.00175	0.03552	0.00465	0.00359	0.03923
14	0.01019	0.00961	0.00864	0.00852	0.01092	0.07218	0.00644	0.01277	0.04735	0.01882	0.05971	0.08497	0.56909	0.01624	0.00793	0.00231	0.00448	0.03749	0.00612	0.00621
15	0.00984	0.00707	0.00968	0.00968	0.01044	0.00784	0.00691	0.01137	0.01060	0.01491	0.01953	0.03355	0.02000	0.31546	0.47227	0.00937	0.01396	0.00831	0.00384	0.00538
16	0.01681	0.01778	0.08372	0.03533	0.49988	0.01624	0.09594	0.05739	0.03160	0.02342	0.01452	0.01982	0.01218	0.00686	0.00703	0.00213	0.00850	0.03667	0.00375	0.01043
17	0.01157	0.00594	0.00883	0.00897	0.00900	0.00591	0.00598	0.00897	0.00928	0.01237	0.01415	0.08510	0.01481	0.02356	0.02516	0.73105	0.00577	0.00712	0.00327	0.00320
