[name]
unknown

[dist]
# distance from previous block
# <min> <max>
0	55

[block]
# block no. 0 follows, 33 sequences, length 42
# corresponding to MSA columns:
# 55-96
name=unknown_A
#
# <colnr> <probs for GDERKNQSTAVLIFYWHMCP>
#	G	D	E	R	K	N	Q	S	T	A	V	L	I	F	Y	W	H	M	C	P
0	0.03572	0.10705	0.04047	0.15635	0.15892	0.10745	0.03380	0.07859	0.01604	0.02072	0.04836	0.02288	0.01499	0.03388	0.00789	0.00220	0.03397	0.06854	0.00392	0.00824
1	0.01494	0.17262	0.45999	0.01991	0.09658	0.01767	0.06206	0.04619	0.01465	0.02067	0.01160	0.01380	0.00878	0.00611	0.00599	0.00195	0.00901	0.00492	0.00301	0.00956
2	0.02187	0.06476	0.01904	0.01431	0.01899	0.04103	0.01170	0.46044	0.18423	0.03488	0.01857	0.04872	0.01432	0.00849	0.00652	0.00202	0.00677	0.00661	0.00626	0.01049
3	0.00947	0.00673	0.00830	0.00803	0.00962	0.00610	0.00588	0.01185	0.01665	0.04373	0.44457	0.11706	0.20494	0.06620	0.00955	0.00245	0.00352	0.01266	0.00669	0.00598
4	0.01159	0.00905	0.01122	0.01064	0.01218	0.03648	0.00817	0.07381	0.01321	0.01838	0.04617	0.02806	0.04555	0.10773	0.46806	0.00777	0.03549	0.00746	0.04270	0.00628
5	0.01934	0.11099	0.02482	0.02392	0.24896	0.11295	0.09692	0.08652	0.08596	0.08826	0.01582	0.01740	0.02493	0.00682	0.00636	0.00193	0.00805	0.00597	0.00438	0.00968
6	0.00802	0.00573	0.00764	0.00917	0.00955	0.00535	0.00611	0.00917	0.01260	0.01681	0.03628	0.76434	0.04354	0.02062	0.00840	0.00267	0.00382	0.01872	0.00611	0.00535
7	0.04858	0.00943	0.01212	0.01009	0.01378	0.00833	0.00804	0.02325	0.01737	0.43221	0.12694	0.09806	0.14081	0.01130	0.00703	0.00213	0.00472	0.00949	0.00737	0.00895
8	0.01014	0.00864	0.03669	0.00988	0.01166	0.00784	0.00754	0.05076	0.08550	0.02053	0.10247	0.42189	0.14882	0.01683	0.00791	0.00245	0.00429	0.03350	0.00617	0.00648
9	0.06518	0.02251	0.02102	0.11691	0.26278	0.36315	0.01564	0.02264	0.01630	0.01879	0.01106	0.01402	0.00910	0.00641	0.00611	0.00187	0.00972	0.00496	0.00333	0.00851
10	0.01307	0.00691	0.00699	0.00670	0.00847	0.00703	0.00510	0.05876	0.01488	0.02561	0.02112	0.02399	0.01652	0.00768	0.00473	0.00156	0.00333	0.00612	0.75496	0.00645
11	0.02554	0.01293	0.04020	0.01214	0.01693	0.01172	0.01022	0.17267	0.02080	0.46954	0.06722	0.02304	0.01806	0.02869	0.00732	0.00212	0.00586	0.00681	0.03775	0.01045
12	0.01808	0.18826	0.23247	0.01830	0.10609	0.08414	0.03729	0.10247	0.01704	0.07552	0.05015	0.01610	0.01244	0.00681	0.00600	0.00187	0.00820	0.00535	0.00401	0.00941
13	0.01281	0.01208	0.02042	0.68378	0.11145	0.01472	0.01847	0.01715	0.01334	0.01727	0.01177	0.01743	0.00894	0.00651	0.00658	0.00217	0.00868	0.00585	0.00296	0.00761
14	0.08891	0.04262	0.06461	0.13957	0.05576	0.01703	0.31471	0.01916	0.01354	0.02000	0.01153	0.01593	0.00915	0.00695	0.00961	0.00228	0.15087	0.00633	0.00320	0.00823
15	0.00807	0.00636	0.00728	0.00772	0.00924	0.00557	0.00554	0.00975	0.01468	0.01861	0.14444	0.29714	0.40712	0.01757	0.00799	0.00235	0.00347	0.01525	0.00626	0.00557
16	0.01866	0.01351	0.01534	0.01194	0.01700	0.01296	0.00959	0.17998	0.15592	0.11703	0.01804	0.03669	0.01381	0.00718	0.00594	0.00163	0.00555	0.00578	0.00566	0.34780
17	0.02343	0.01305	0.01575	0.01201	0.01710	0.01225	0.00983	0.21547	0.02105	0.33513	0.06415	0.02029	0.01631	0.00768	0.00629	0.00178	0.00574	0.00615	0.00670	0.18981
18	0.06622	0.01403	0.01865	0.01890	0.16362	0.05647	0.07582	0.06435	0.05843	0.12204	0.06250	0.02473	0.04142	0.00815	0.00655	0.00195	0.00669	0.05687	0.00507	0.12756
19	0.01543	0.23680	0.24533	0.02039	0.02767	0.01891	0.30437	0.02063	0.01444	0.01943	0.01169	0.01456	0.00906	0.00578	0.00631	0.00195	0.00954	0.00570	0.00302	0.00901
20	0.00957	0.00638	0.00718	0.00718	0.00718	0.00638	0.00399	0.00957	0.00957	0.01276	0.02074	0.04308	0.02393	0.76864	0.03351	0.00638	0.00638	0.00957	0.00399	0.00399
21	0.00986	0.00730	0.00909	0.00979	0.01087	0.00727	0.00687	0.05060	0.07762	0.02016	0.10729	0.58011	0.04160	0.01810	0.00808	0.00253	0.00406	0.01626	0.00631	0.00622
22	0.02459	0.03138	0.01866	0.01696	0.02035	0.74221	0.01272	0.02629	0.01866	0.01611	0.01018	0.01187	0.00848	0.00678	0.00594	0.00170	0.01187	0.00424	0.00339	0.00763
23	0.00872	0.00602	0.00743	0.00828	0.00849	0.00581	0.00516	0.00935	0.01125	0.01500	0.02932	0.44129	0.03476	0.35566	0.01965	0.00433	0.00497	0.01462	0.00516	0.00474
24	0.00942	0.00699	0.01025	0.01025	0.01131	0.00805	0.00782	0.01155	0.01048	0.01504	0.01793	0.02752	0.01718	0.11876	0.67415	0.01018	0.01655	0.00730	0.00357	0.00570
25	0.01962	0.02216	0.02271	0.02838	0.36352	0.32245	0.01651	0.02237	0.01608	0.01871	0.01111	0.01425	0.00944	0.00678	0.00767	0.00193	0.07892	0.00517	0.00328	0.00895
26	0.01308	0.03278	0.69964	0.01844	0.02778	0.01492	0.02366	0.02050	0.01396	0.02079	0.01292	0.01681	0.00976	0.00683	0.00639	0.00213	0.00955	0.03756	0.00294	0.00955
27	0.00918	0.00628	0.00723	0.00750	0.00771	0.00615	0.00443	0.00949	0.01045	0.01380	0.02640	0.17268	0.07151	0.58826	0.02742	0.00546	0.00573	0.01147	0.00450	0.00433
28	0.00913	0.00673	0.00890	0.00893	0.00998	0.00704	0.00648	0.01088	0.01204	0.01648	0.11051	0.08398	0.12063	0.19921	0.35164	0.00701	0.01060	0.00985	0.00458	0.00542
29	0.02415	0.02958	0.01851	0.01664	0.02017	0.65524	0.01258	0.06981	0.05905	0.01837	0.01148	0.01284	0.00931	0.00698	0.00602	0.00174	0.01120	0.00453	0.00378	0.00802
30	0.01406	0.06188	0.67710	0.01818	0.02755	0.01547	0.02320	0.02128	0.01409	0.05045	0.01230	0.01413	0.00868	0.00631	0.00619	0.00206	0.00945	0.00489	0.00301	0.00974
31	0.01513	0.01498	0.02495	0.20687	0.37579	0.04218	0.11283	0.01969	0.04068	0.02009	0.01409	0.05715	0.01204	0.00694	0.00679	0.00209	0.00834	0.00681	0.00347	0.00908
32	0.00922	0.00648	0.00837	0.00863	0.00914	0.00673	0.00578	0.01031	0.01097	0.01507	0.06374	0.17376	0.02761	0.36963	0.23875	0.00669	0.00907	0.01067	0.00444	0.00494
33	0.17801	0.12362	0.08976	0.01216	0.01737	0.01557	0.01110	0.15114	0.04106	0.15268	0.01569	0.04056	0.01203	0.00853	0.02787	0.00213	0.00666	0.00546	0.00509	0.08351
34	0.02227	0.01665	0.01856	0.01572	0.05806	0.06911	0.03563	0.30369	0.14299	0.14250	0.01821	0.01795	0.01311	0.00754	0.00643	0.00192	0.00690	0.00603	0.00605	0.09068
35	0.01463	0.01430	0.03695	0.04065	0.10611	0.12051	0.02756	0.10072	0.03703	0.02249	0.14805	0.14615	0.10433	0.04096	0.00818	0.00228	0.00644	0.00982	0.00525	0.00760
36	0.05570	0.00763	0.00879	0.00872	0.01074	0.00710	0.00647	0.03738	0.01474	0.04183	0.09945	0.28997	0.25837	0.01708	0.03503	0.00259	0.00450	0.03140	0.00594	0.05656
37	0.06774	0.09796	0.28377	0.01650	0.02289	0.14208	0.08162	0.08282	0.04363	0.02197	0.01628	0.01766	0.06260	0.00724	0.00617	0.00197	0.00880	0.00569	0.00377	0.00884
38	0.05523	0.08087	0.10728	0.03822	0.04097	0.31697	0.01402	0.16187	0.01931	0.06165	0.01232	0.01372	0.00945	0.00704	0.00651	0.00187	0.03477	0.00485	0.00417	0.00890
39	0.18405	0.10844	0.21106	0.01463	0.02044	0.12056	0.04726	0.10285	0.01655	0.04836	0.05751	0.01553	0.01227	0.00692	0.00575	0.00193	0.00797	0.00513	0.00409	0.00870
40	0.05540	0.32776	0.28788	0.01468	0.02138	0.10683	0.01599	0.04950	0.01494	0.01953	0.02534	0.01297	0.00958	0.00628	0.00534	0.00176	0.00844	0.00438	0.00318	0.00883
41	0.01783	0.24488	0.23468	0.01524	0.02182	0.05567	0.04110	0.16329	0.06260	0.02378	0.01279	0.01403	0.00986	0.00651	0.00572	0.00180	0.00804	0.00488	0.00394	0.05154

[dist]
# distance from previous block
# <min> <max>
2	47

[block]
# block no. 1 follows, 33 sequences, length 19
# corresponding to MSA columns:
# 144-162
name=unknown_B
#
# <colnr> <probs for GDERKNQSTAVLIFYWHMCP>
#	G	D	E	R	K	N	Q	S	T	A	V	L	I	F	Y	W	H	M	C	P
0	0.05828	0.04224	0.14674	0.04512	0.03881	0.05547	0.03548	0.16593	0.16507	0.04331	0.01817	0.01934	0.04152	0.02322	0.00763	0.00215	0.04421	0.00616	0.00487	0.03629
1	0.01815	0.01765	0.04777	0.03679	0.14028	0.10247	0.08982	0.14588	0.10917	0.04225	0.01659	0.01882	0.03371	0.02729	0.00836	0.00213	0.06366	0.00627	0.00456	0.06840
2	0.01455	0.06676	0.06595	0.13301	0.07438	0.02908	0.01188	0.01877	0.06653	0.11537	0.10591	0.15986	0.06352	0.01113	0.00701	0.00219	0.00608	0.03479	0.00529	0.00794
3	0.03514	0.04545	0.06863	0.01780	0.14307	0.06528	0.04623	0.04539	0.07387	0.08304	0.09661	0.09289	0.09062	0.01022	0.00743	0.00214	0.03298	0.02971	0.00509	0.00841
4	0.01523	0.15305	0.28798	0.01723	0.05914	0.04353	0.07480	0.05424	0.05793	0.02095	0.01381	0.04835	0.01141	0.00801	0.02609	0.00211	0.00843	0.00570	0.00359	0.08839
5	0.01140	0.00771	0.00940	0.00865	0.01094	0.00698	0.00656	0.01476	0.05317	0.09195	0.37497	0.10382	0.20666	0.01360	0.00751	0.00210	0.00366	0.01176	0.00678	0.04763
6	0.01400	0.00841	0.01058	0.00981	0.01177	0.00870	0.00747	0.08771	0.01494	0.11082	0.05793	0.10080	0.02256	0.12047	0.22375	0.00508	0.00866	0.02974	0.13991	0.00688
7	0.05058	0.15848	0.26891	0.01581	0.02221	0.11390	0.04666	0.06389	0.11975	0.05810	0.01426	0.01520	0.01072	0.00677	0.00593	0.00193	0.00838	0.00515	0.00402	0.00934
8	0.01470	0.04695	0.14721	0.06595	0.02029	0.04548	0.05505	0.05633	0.12601	0.06340	0.10308	0.05508	0.11902	0.00989	0.00753	0.00215	0.04022	0.00820	0.00507	0.00838
9	0.00848	0.00633	0.00791	0.00853	0.00973	0.00577	0.00616	0.01039	0.01495	0.01982	0.23026	0.36608	0.20513	0.01762	0.00813	0.00243	0.00365	0.05655	0.00642	0.00567
10	0.02413	0.01408	0.01605	0.01262	0.01720	0.01466	0.01033	0.35317	0.06001	0.25921	0.02047	0.01967	0.01413	0.00800	0.00631	0.00194	0.00599	0.00626	0.12537	0.01041
11	0.03872	0.10919	0.07576	0.09635	0.02283	0.01645	0.09071	0.17415	0.08625	0.09050	0.03333	0.04870	0.03636	0.00839	0.00688	0.00208	0.02398	0.02520	0.00503	0.00915
12	0.04348	0.34536	0.25918	0.01389	0.02027	0.08440	0.01506	0.04852	0.01471	0.01958	0.01139	0.01312	0.00916	0.00621	0.00517	0.00171	0.00798	0.00434	0.06781	0.00868
13	0.00892	0.00612	0.00735	0.00798	0.00836	0.00589	0.00502	0.00969	0.01153	0.01553	0.04880	0.34737	0.06928	0.36604	0.01983	0.00431	0.00493	0.01358	0.03468	0.00478
14	0.00930	0.00793	0.03580	0.00909	0.01079	0.00688	0.00701	0.01252	0.05815	0.02078	0.25675	0.26091	0.17500	0.05307	0.00917	0.00255	0.00405	0.04787	0.00627	0.00611
15	0.05097	0.01652	0.07715	0.25173	0.31122	0.04856	0.07695	0.02019	0.04575	0.02037	0.01261	0.01654	0.00992	0.00628	0.00650	0.00206	0.00848	0.00584	0.00332	0.00902
16	0.04970	0.00697	0.00823	0.00844	0.01015	0.00636	0.00612	0.01213	0.01463	0.07980	0.13436	0.34643	0.25917	0.01665	0.00776	0.00237	0.00378	0.01451	0.00633	0.00611
17	0.00825	0.00582	0.00757	0.00888	0.00920	0.00550	0.00580	0.00923	0.01216	0.01621	0.03401	0.65878	0.04067	0.13011	0.01208	0.00322	0.00419	0.01738	0.00580	0.00515
18	0.02017	0.05821	0.15027	0.01880	0.06534	0.38895	0.04619	0.04896	0.04304	0.01884	0.01141	0.01356	0.00919	0.00705	0.00742	0.00192	0.07387	0.00489	0.00344	0.00847

[dist]
# distance from previous block
# <min> <max>
0	3

[block]
# block no. 2 follows, 33 sequences, length 35
# corresponding to MSA columns:
# 166-200
name=unknown_C
#
# <colnr> <probs for GDERKNQSTAVLIFYWHMCP>
#	G	D	E	R	K	N	Q	S	T	A	V	L	I	F	Y	W	H	M	C	P
0	0.09964	0.11475	0.04387	0.01287	0.01722	0.04647	0.01086	0.31002	0.09788	0.02973	0.01737	0.08621	0.01485	0.03696	0.00711	0.00214	0.00658	0.00677	0.02953	0.00918
1	0.20357	0.07139	0.15854	0.03747	0.06479	0.06563	0.16240	0.07563	0.03446	0.02384	0.01188	0.01431	0.00912	0.00644	0.00650	0.00205	0.03422	0.00532	0.00369	0.00874
2	0.04286	0.11040	0.04533	0.13292	0.23337	0.11079	0.05981	0.04468	0.01534	0.02030	0.04064	0.01614	0.01152	0.00659	0.00666	0.00189	0.03520	0.00551	0.00350	0.05655
3	0.01793	0.01607	0.04088	0.02763	0.01787	0.11981	0.03030	0.17746	0.01858	0.06798	0.07218	0.06514	0.01705	0.01129	0.05406	0.00246	0.07451	0.00675	0.02789	0.13417
4	0.01085	0.00979	0.00960	0.01005	0.01140	0.10216	0.00725	0.01307	0.03850	0.01826	0.11282	0.36808	0.13086	0.04576	0.03755	0.00287	0.00554	0.05391	0.00572	0.00596
5	0.00806	0.00612	0.00744	0.00828	0.00936	0.00550	0.00576	0.00956	0.01394	0.01802	0.11026	0.47246	0.26410	0.01869	0.00814	0.00247	0.00360	0.01653	0.00622	0.00550
6	0.00883	0.00659	0.00807	0.00874	0.00988	0.00612	0.00614	0.03818	0.01468	0.01928	0.13185	0.48432	0.19643	0.01829	0.00811	0.00247	0.00376	0.01623	0.00628	0.00575
7	0.02589	0.01090	0.01440	0.01130	0.01584	0.00972	0.00923	0.06897	0.01940	0.57454	0.11642	0.02693	0.04744	0.00912	0.00681	0.00204	0.00530	0.00752	0.00787	0.01036
8	0.01704	0.60690	0.16479	0.01288	0.01919	0.05072	0.01376	0.02017	0.01367	0.01651	0.00969	0.01123	0.00843	0.00579	0.00467	0.00155	0.00772	0.00380	0.00283	0.00866
9	0.00940	0.00705	0.01058	0.01058	0.01176	0.00823	0.00823	0.01176	0.01058	0.01528	0.01763	0.02586	0.01646	0.04937	0.74255	0.01058	0.01763	0.00705	0.00353	0.00588
10	0.01021	0.00697	0.00875	0.00869	0.01042	0.00635	0.00663	0.01262	0.01639	0.06465	0.34136	0.13871	0.20315	0.03829	0.00873	0.00243	0.00387	0.09896	0.00666	0.00618
11	0.01239	0.00984	0.01035	0.00966	0.01184	0.06952	0.00728	0.01672	0.09520	0.06965	0.39666	0.10062	0.13843	0.01306	0.00747	0.00212	0.00433	0.01123	0.00667	0.00697
12	0.01382	0.02837	0.51349	0.01963	0.02740	0.01617	0.11835	0.02077	0.04108	0.02048	0.01219	0.01493	0.00907	0.00696	0.00852	0.00222	0.10875	0.00549	0.00302	0.00930
13	0.00868	0.00656	0.00803	0.00811	0.00965	0.00591	0.00600	0.01101	0.01635	0.02189	0.38111	0.18239	0.25359	0.01587	0.00793	0.00226	0.00341	0.03873	0.00666	0.00586
14	0.00828	0.00598	0.00784	0.00888	0.00958	0.00554	0.00609	0.00986	0.01397	0.01887	0.18253	0.58486	0.07537	0.01895	0.00824	0.00253	0.00365	0.01708	0.00635	0.00554
15	0.00932	0.00627	0.00726	0.00751	0.00757	0.00621	0.00434	0.00951	0.01008	0.01344	0.02332	0.16286	0.02719	0.64441	0.02934	0.00577	0.00596	0.01109	0.00434	0.00421
16	0.03623	0.00692	0.00824	0.00785	0.00967	0.00632	0.00591	0.01183	0.01738	0.02412	0.51755	0.05180	0.24403	0.01410	0.00764	0.00211	0.00324	0.01217	0.00682	0.00606
17	0.02459	0.03138	0.01866	0.01696	0.02035	0.74221	0.01272	0.02629	0.01866	0.01611	0.01018	0.01187	0.00848	0.00678	0.00594	0.00170	0.01187	0.00424	0.00339	0.00763
18	0.00935	0.00697	0.01033	0.01039	0.01149	0.00804	0.00798	0.01156	0.01063	0.01525	0.01853	0.05715	0.01787	0.07583	0.68485	0.01009	0.01663	0.00763	0.00365	0.00578
19	0.02286	0.17074	0.02171	0.01590	0.01958	0.57802	0.01251	0.02463	0.01732	0.01598	0.00992	0.01173	0.00848	0.00676	0.00624	0.00169	0.04075	0.00416	0.00326	0.00777
20	0.01981	0.01584	0.01690	0.04056	0.01911	0.03876	0.01124	0.34762	0.24036	0.03287	0.07521	0.02098	0.01776	0.00837	0.00657	0.00199	0.00631	0.00668	0.00625	0.06682
21	0.04015	0.32197	0.22565	0.01582	0.04445	0.07105	0.06838	0.02027	0.03209	0.01844	0.01276	0.01490	0.02658	0.00893	0.05059	0.00232	0.00893	0.00492	0.00316	0.00863
22	0.00826	0.00590	0.00791	0.00944	0.00993	0.00555	0.00653	0.00958	0.01284	0.01707	0.03615	0.70019	0.04302	0.02040	0.00847	0.00271	0.00403	0.08050	0.00611	0.00541
23	0.01235	0.00817	0.00998	0.00927	0.01149	0.00772	0.00712	0.07956	0.01811	0.09227	0.33004	0.14703	0.17828	0.01428	0.00770	0.00222	0.00404	0.04662	0.00683	0.00691
24	0.01577	0.01660	0.06849	0.19380	0.19527	0.03731	0.10901	0.08429	0.01515	0.02088	0.01178	0.01606	0.00950	0.00744	0.00989	0.00225	0.16834	0.00599	0.00340	0.00877
25	0.01805	0.01304	0.09270	0.11836	0.04208	0.01098	0.01174	0.08467	0.01690	0.22892	0.04949	0.10805	0.03479	0.00932	0.00654	0.00204	0.00603	0.00787	0.10769	0.03072
26	0.01085	0.00719	0.00848	0.00848	0.00918	0.00719	0.00548	0.03724	0.03636	0.04395	0.04449	0.19753	0.02877	0.47828	0.02362	0.00488	0.00569	0.03222	0.00496	0.00518
27	0.00860	0.00616	0.00795	0.00917	0.00979	0.00583	0.00642	0.00991	0.01274	0.01676	0.03607	0.51524	0.08718	0.12113	0.01186	0.00320	0.00447	0.11641	0.00582	0.00528
28	0.01488	0.01243	0.01431	0.01033	0.01612	0.01003	0.00831	0.09111	0.01552	0.02362	0.01215	0.01388	0.00991	0.00520	0.00506	0.00108	0.00513	0.00412	0.00419	0.72259
29	0.01489	0.01470	0.02646	0.14356	0.40933	0.01510	0.15437	0.01891	0.01448	0.02017	0.01407	0.07088	0.01242	0.00718	0.00743	0.00213	0.03418	0.00717	0.00342	0.00917
30	0.00816	0.00598	0.00769	0.00889	0.00962	0.00550	0.00613	0.00956	0.01337	0.01762	0.08228	0.60564	0.13304	0.01959	0.00831	0.00259	0.00379	0.04061	0.00618	0.00545
31	0.01452	0.04149	0.01614	0.01515	0.06925	0.10002	0.01119	0.08162	0.03526	0.01891	0.01652	0.02141	0.04074	0.02646	0.32737	0.00581	0.14045	0.00645	0.00384	0.00738
32	0.01920	0.07498	0.01839	0.01476	0.04668	0.04385	0.01146	0.31414	0.17973	0.02998	0.03841	0.08274	0.01713	0.01077	0.03463	0.00240	0.03801	0.00731	0.00577	0.00964
33	0.00883	0.00665	0.00790	0.00767	0.00941	0.00594	0.00572	0.01135	0.01694	0.02291	0.43903	0.08189	0.29365	0.01467	0.00768	0.00213	0.00321	0.01267	0.03579	0.00594
34	0.03538	0.05856	0.09693	0.06530	0.12217	0.05632	0.10908	0.06035	0.15350	0.02214	0.01547	0.01931	0.01257	0.00791	0.00861	0.00220	0.10787	0.03315	0.00413	0.00905

[dist]
# distance from previous block
# <min> <max>
0	5

[block]
# block no. 3 follows, 33 sequences, length 45
# corresponding to MSA columns:
# 206-250
name=unknown_D
#
# <colnr> <probs for GDERKNQSTAVLIFYWHMCP>
#	G	D	E	R	K	N	Q	S	T	A	V	L	I	F	Y	W	H	M	C	P
0	0.02303	0.07469	0.07459	0.01626	0.02055	0.51475	0.01334	0.13172	0.01982	0.02045	0.01222	0.01356	0.02278	0.00704	0.00599	0.00176	0.01052	0.00470	0.00386	0.00836
1	0.05776	0.07835	0.13657	0.01612	0.04829	0.09608	0.06815	0.19215	0.06717	0.02589	0.04303	0.06220	0.04052	0.00824	0.00640	0.00198	0.00766	0.00672	0.00472	0.03199
2	0.04714	0.03058	0.03765	0.05210	0.07618	0.03904	0.03314	0.17523	0.08441	0.02541	0.05955	0.12190	0.05233	0.03101	0.00784	0.00237	0.00645	0.10398	0.00544	0.00827
3	0.00973	0.00748	0.01044	0.01106	0.01232	0.00751	0.02786	0.01197	0.01423	0.01880	0.08299	0.29956	0.10654	0.01780	0.00932	0.00273	0.04820	0.28961	0.00590	0.00593
4	0.00801	0.00578	0.00759	0.00904	0.00952	0.00536	0.00606	0.00918	0.01272	0.01685	0.03781	0.72928	0.07762	0.02043	0.00837	0.00265	0.00380	0.01847	0.00611	0.00536
5	0.01304	0.00903	0.01092	0.00991	0.01233	0.03778	0.03266	0.01609	0.04607	0.12767	0.25235	0.12537	0.20486	0.03683	0.00839	0.00233	0.00457	0.03632	0.00651	0.00697
6	0.01374	0.01346	0.01879	0.01630	0.01641	0.01851	0.01345	0.01527	0.01073	0.01652	0.05236	0.05861	0.01375	0.01215	0.02005	0.00282	0.66987	0.00685	0.00332	0.00704
7	0.00914	0.00620	0.00731	0.00774	0.00784	0.00609	0.00458	0.00946	0.01042	0.01390	0.02509	0.24506	0.02942	0.55917	0.02648	0.00534	0.00566	0.01213	0.00458	0.00437
8	0.00994	0.00718	0.00877	0.00869	0.00883	0.00779	0.00563	0.01044	0.01026	0.01416	0.02178	0.15247	0.02489	0.52207	0.05008	0.00540	0.08912	0.01041	0.02740	0.00468
9	0.02548	0.01833	0.01923	0.01488	0.02003	0.05540	0.01223	0.60108	0.02907	0.11257	0.01659	0.01630	0.01159	0.00787	0.00656	0.00197	0.00730	0.00592	0.00659	0.01102
10	0.01441	0.01390	0.02424	0.18490	0.40180	0.01457	0.09340	0.01821	0.01422	0.01974	0.01485	0.09929	0.01362	0.00782	0.00743	0.00215	0.03552	0.00749	0.00350	0.00892
11	0.02510	0.01349	0.01609	0.01264	0.01733	0.01346	0.01031	0.29887	0.02307	0.36889	0.02490	0.06978	0.05655	0.00934	0.00679	0.00206	0.00601	0.00754	0.00728	0.01050
12	0.01933	0.01277	0.01374	0.01140	0.01507	0.01383	0.00914	0.28735	0.15025	0.08760	0.02062	0.02100	0.01523	0.00803	0.00592	0.00187	0.00528	0.00633	0.28596	0.00928
13	0.07651	0.01256	0.01492	0.01199	0.01638	0.01246	0.00976	0.22366	0.02112	0.35858	0.04621	0.08062	0.05108	0.00969	0.00672	0.00210	0.00574	0.02286	0.00710	0.00995
14	0.01003	0.00722	0.00875	0.00847	0.00858	0.00788	0.00538	0.01038	0.00971	0.01329	0.01929	0.03873	0.02177	0.62959	0.09722	0.00643	0.07999	0.00897	0.00384	0.00447
15	0.00896	0.00639	0.00727	0.00757	0.00819	0.00608	0.00481	0.00963	0.01150	0.01481	0.03414	0.16512	0.18559	0.45000	0.02273	0.00472	0.00527	0.03769	0.00489	0.00464
16	0.14071	0.04728	0.01492	0.03982	0.01639	0.01331	0.00970	0.14470	0.05430	0.21109	0.07315	0.12862	0.02055	0.01004	0.00721	0.00215	0.04311	0.00802	0.00610	0.00884
17	0.07714	0.06358	0.02397	0.07922	0.26563	0.17799	0.09403	0.06582	0.05165	0.02173	0.01247	0.01521	0.01000	0.00637	0.00623	0.00193	0.00875	0.00550	0.00369	0.00909
18	0.00802	0.00573	0.00764	0.00917	0.00955	0.00535	0.00611	0.00917	0.01260	0.01681	0.03628	0.76434	0.04354	0.02062	0.00840	0.00267	0.00382	0.01872	0.00611	0.00535
19	0.02066	0.11662	0.10011	0.04221	0.05409	0.10021	0.01395	0.31614	0.12060	0.02930	0.01513	0.01581	0.01136	0.00731	0.00619	0.00193	0.00780	0.00552	0.00506	0.01000
20	0.01867	0.65921	0.03207	0.01214	0.01743	0.13561	0.01149	0.02072	0.01418	0.01558	0.00931	0.01076	0.00845	0.00581	0.00449	0.00145	0.00778	0.00363	0.00290	0.00832
21	0.01806	0.01648	0.02340	0.08706	0.45863	0.06746	0.01743	0.09896	0.07729	0.04970	0.01430	0.01696	0.01130	0.00656	0.00651	0.00198	0.00781	0.00592	0.00409	0.01011
22	0.00800	0.00581	0.00756	0.00896	0.00949	0.00536	0.00602	0.00919	0.01280	0.01689	0.03882	0.70599	0.10026	0.02030	0.00835	0.00264	0.00378	0.01831	0.00611	0.00536
23	0.00847	0.00655	0.00773	0.00775	0.00940	0.00580	0.00569	0.01067	0.01617	0.02128	0.34078	0.16808	0.33609	0.01593	0.00787	0.00223	0.00331	0.01381	0.00659	0.00580
24	0.04184	0.00945	0.01212	0.01270	0.09115	0.00885	0.02397	0.04232	0.03648	0.13027	0.09310	0.09584	0.32973	0.01308	0.00734	0.00219	0.00472	0.03126	0.00609	0.00750
25	0.01668	0.53901	0.22710	0.01349	0.02024	0.02286	0.01492	0.04711	0.01421	0.01799	0.01015	0.01169	0.00853	0.00589	0.00488	0.00162	0.00779	0.00399	0.00295	0.00891
26	0.01538	0.04002	0.07395	0.05001	0.03395	0.01678	0.62690	0.02090	0.01532	0.02078	0.01307	0.01735	0.00982	0.00562	0.00755	0.00219	0.01084	0.00744	0.00327	0.00886
27	0.00853	0.00643	0.00795	0.00858	0.00988	0.00585	0.00631	0.01047	0.01493	0.01956	0.19915	0.32710	0.24202	0.01762	0.00816	0.00245	0.00377	0.08922	0.00636	0.00568
28	0.04687	0.01426	0.01511	0.12709	0.04963	0.10293	0.01103	0.18730	0.01902	0.04790	0.08347	0.02235	0.04448	0.00834	0.00662	0.00193	0.02913	0.00655	0.16784	0.00814
29	0.05052	0.11595	0.05678	0.06606	0.36426	0.04446	0.09817	0.04120	0.01541	0.06734	0.01278	0.01566	0.01014	0.00610	0.00624	0.00193	0.00812	0.00563	0.00363	0.00963
30	0.01784	0.68243	0.03232	0.01169	0.01707	0.05858	0.01127	0.02114	0.06526	0.01640	0.01050	0.01165	0.00931	0.00593	0.00449	0.00148	0.00713	0.00384	0.00313	0.00856
31	0.01053	0.00683	0.00884	0.00944	0.01066	0.00638	0.00676	0.03300	0.01464	0.07622	0.11572	0.52022	0.08595	0.01804	0.00813	0.00252	0.00407	0.04950	0.00642	0.00614
32	0.08782	0.01360	0.01589	0.04228	0.04060	0.01399	0.01054	0.26827	0.01985	0.10572	0.01546	0.01724	0.01177	0.01334	0.11859	0.00309	0.00803	0.00553	0.00524	0.18315
33	0.08848	0.20645	0.04146	0.03358	0.03921	0.13088	0.03003	0.06485	0.20720	0.07197	0.01602	0.01635	0.01232	0.00710	0.00573	0.00189	0.00728	0.00534	0.00469	0.00917
34	0.01226	0.09359	0.01226	0.00921	0.01146	0.01029	0.00711	0.09174	0.04381	0.02231	0.16853	0.14221	0.12598	0.09712	0.03191	0.00277	0.00503	0.01033	0.09536	0.00671
35	0.00798	0.00663	0.00697	0.00698	0.00904	0.00563	0.00520	0.00979	0.01533	0.01878	0.14488	0.09522	0.61196	0.01647	0.00781	0.00223	0.00333	0.01388	0.00625	0.00563
36	0.00862	0.00705	0.00768	0.00781	0.00972	0.00638	0.00574	0.01159	0.06645	0.01923	0.12803	0.19216	0.47302	0.01651	0.00782	0.00229	0.00354	0.01412	0.00628	0.00594
37	0.01455	0.01223	0.01413	0.01018	0.01598	0.00970	0.00817	0.07106	0.01502	0.02304	0.01203	0.01382	0.00987	0.00511	0.00501	0.00105	0.00506	0.00406	0.00411	0.74581
38	0.07723	0.02086	0.01702	0.01421	0.01836	0.27159	0.01124	0.30306	0.02272	0.08087	0.01468	0.01542	0.01090	0.00738	0.00600	0.00184	0.00819	0.00525	0.08401	0.00917
39	0.00886	0.00650	0.00750	0.00753	0.00918	0.00583	0.00554	0.01112	0.01584	0.02148	0.29248	0.14908	0.31743	0.01507	0.00751	0.00215	0.00329	0.01298	0.09480	0.00583
40	0.00839	0.00591	0.00769	0.00896	0.00932	0.00561	0.00594	0.00942	0.01221	0.01625	0.03365	0.61606	0.04005	0.14471	0.01260	0.00330	0.00434	0.04468	0.00576	0.00515
41	0.02222	0.02186	0.07393	0.04070	0.05157	0.21812	0.06820	0.25215	0.07659	0.08732	0.01521	0.01605	0.01116	0.00726	0.00648	0.00196	0.00879	0.00570	0.00505	0.00970
42	0.05031	0.00844	0.01034	0.04662	0.01305	0.00859	0.00763	0.01652	0.06761	0.11641	0.09137	0.15926	0.09441	0.12861	0.01159	0.00292	0.02595	0.06458	0.06904	0.00677
43	0.05609	0.38605	0.10729	0.01508	0.03961	0.23658	0.03765	0.02184	0.01503	0.01730	0.00999	0.01175	0.00849	0.00607	0.00514	0.00164	0.00885	0.00410	0.00307	0.00836
44	0.01057	0.00734	0.00919	0.00939	0.01080	0.00713	0.00712	0.01282	0.03209	0.04413	0.09247	0.09260	0.11810	0.23194	0.06257	0.00415	0.00610	0.20737	0.00545	0.02867

[dist]
# distance from previous block
# <min> <max>
1	5

[block]
# block no. 4 follows, 33 sequences, length 21
# corresponding to MSA columns:
# 256-276
name=unknown_E
#
# <colnr> <probs for GDERKNQSTAVLIFYWHMCP>
#	G	D	E	R	K	N	Q	S	T	A	V	L	I	F	Y	W	H	M	C	P
0	0.04971	0.01170	0.01492	0.01305	0.01597	0.05858	0.11250	0.06559	0.06346	0.02140	0.06212	0.09054	0.17321	0.06883	0.00954	0.00266	0.00636	0.14747	0.00538	0.00700
1	0.08106	0.26543	0.02280	0.01333	0.01812	0.17397	0.01132	0.18370	0.07649	0.05157	0.01311	0.01379	0.01030	0.00679	0.00545	0.00173	0.00769	0.00470	0.00448	0.03419
2	0.02063	0.22071	0.02378	0.01887	0.13666	0.38385	0.01324	0.02289	0.01632	0.01722	0.01038	0.01239	0.00888	0.00620	0.00551	0.00161	0.00945	0.00430	0.00325	0.06384
3	0.03961	0.05674	0.36355	0.06740	0.02766	0.04856	0.16934	0.02061	0.03347	0.03604	0.01428	0.06714	0.01164	0.00723	0.00661	0.00212	0.00918	0.00651	0.00344	0.00890
4	0.00818	0.00594	0.00758	0.00870	0.00933	0.00550	0.00585	0.00943	0.01303	0.01724	0.08213	0.59378	0.11643	0.07159	0.01004	0.00284	0.00390	0.01713	0.00604	0.00533
5	0.00995	0.00787	0.00877	0.00839	0.01022	0.02283	0.00619	0.04007	0.04094	0.02229	0.33852	0.10599	0.26661	0.07045	0.00960	0.00248	0.00391	0.01234	0.00642	0.00615
6	0.01094	0.00802	0.01045	0.01095	0.06026	0.00769	0.00755	0.01390	0.03701	0.06527	0.35582	0.12494	0.20361	0.01393	0.00821	0.00220	0.03407	0.01200	0.00645	0.00672
7	0.02183	0.01265	0.01474	0.01171	0.01615	0.01251	0.00950	0.23157	0.06871	0.27448	0.05464	0.02625	0.10550	0.00916	0.00659	0.00196	0.00552	0.00738	0.04385	0.06529
8	0.00936	0.00689	0.00833	0.04204	0.01121	0.00627	0.00630	0.01135	0.01522	0.04983	0.19990	0.21002	0.34733	0.03536	0.00847	0.00239	0.00382	0.01372	0.00625	0.00594
9	0.02312	0.01145	0.01407	0.01138	0.01545	0.01113	0.00921	0.14640	0.06224	0.38435	0.07552	0.02604	0.02007	0.03514	0.00748	0.00217	0.00543	0.02948	0.10012	0.00978
10	0.01608	0.01543	0.02634	0.07936	0.69027	0.01559	0.02010	0.02002	0.01489	0.02125	0.01235	0.01636	0.01034	0.00590	0.00652	0.00197	0.00787	0.00586	0.00324	0.01026
11	0.00932	0.00630	0.00756	0.00787	0.00818	0.00628	0.00489	0.01001	0.01090	0.01494	0.05645	0.19814	0.02912	0.48710	0.07820	0.00549	0.00637	0.01134	0.03692	0.00461
12	0.00817	0.00588	0.00776	0.00914	0.00970	0.00548	0.00625	0.00949	0.01305	0.01735	0.06522	0.67784	0.07318	0.02007	0.00838	0.00264	0.00386	0.04496	0.00615	0.00542
13	0.01423	0.01507	0.02751	0.10208	0.02806	0.04314	0.36055	0.01818	0.01407	0.01893	0.01573	0.08308	0.01445	0.00998	0.02893	0.00262	0.13716	0.05479	0.00364	0.00781
14	0.01854	0.04906	0.01637	0.08320	0.01907	0.12166	0.03702	0.08608	0.09097	0.16243	0.08703	0.13617	0.02241	0.03078	0.00757	0.00221	0.00675	0.00855	0.00570	0.00844
15	0.00964	0.00720	0.00833	0.00834	0.01010	0.00674	0.00622	0.04350	0.03207	0.02159	0.21600	0.20177	0.28946	0.01556	0.00766	0.00226	0.00370	0.04194	0.06181	0.00611
16	0.00939	0.00685	0.00862	0.00939	0.01043	0.00656	0.00665	0.05642	0.01479	0.01969	0.11054	0.54925	0.10087	0.01857	0.00819	0.00254	0.00403	0.04510	0.00626	0.00588
17	0.01873	0.01642	0.02180	0.10574	0.27914	0.10292	0.04219	0.07980	0.05161	0.10364	0.01522	0.01911	0.01213	0.00756	0.00784	0.00210	0.06829	0.03200	0.00433	0.00941
18	0.01028	0.00854	0.00912	0.01020	0.03749	0.06653	0.00661	0.01151	0.01273	0.01641	0.03153	0.36984	0.10623	0.18969	0.04326	0.00363	0.00569	0.01338	0.04185	0.00550
19	0.01746	0.01269	0.03753	0.01143	0.01550	0.01192	0.00948	0.23856	0.03218	0.11905	0.06563	0.06161	0.16530	0.03119	0.00762	0.00213	0.00555	0.04537	0.00616	0.10363
20	0.01934	0.07536	0.06824	0.01441	0.01928	0.16612	0.03837	0.14114	0.17026	0.05764	0.04334	0.01773	0.01411	0.00732	0.00613	0.00182	0.00750	0.00570	0.00500	0.12117

[dist]
# distance from previous block
# <min> <max>
6	46

[block]
# block no. 5 follows, 33 sequences, length 39
# corresponding to MSA columns:
# 325-363
name=unknown_F
#
# <colnr> <probs for GDERKNQSTAVLIFYWHMCP>
#	G	D	E	R	K	N	Q	S	T	A	V	L	I	F	Y	W	H	M	C	P
0	0.01563	0.12461	0.20459	0.01279	0.01806	0.06075	0.01281	0.02033	0.05786	0.11131	0.12040	0.06239	0.07629	0.00909	0.00637	0.00193	0.00660	0.00737	0.00489	0.06595
1	0.01974	0.01755	0.01906	0.05344	0.08725	0.13991	0.05510	0.21693	0.10249	0.06280	0.01821	0.05331	0.03625	0.00805	0.00653	0.00194	0.00758	0.00663	0.00515	0.08207
2	0.01405	0.05867	0.01287	0.01053	0.01321	0.01125	0.00838	0.10408	0.12833	0.05653	0.13325	0.09585	0.07680	0.01645	0.10305	0.00321	0.00646	0.04438	0.09498	0.00770
3	0.01493	0.01425	0.02265	0.31406	0.38498	0.03899	0.01832	0.03839	0.01475	0.01987	0.01327	0.05181	0.01130	0.00693	0.00661	0.00207	0.00812	0.00641	0.00336	0.00891
4	0.01643	0.22580	0.27437	0.01564	0.02176	0.14299	0.05651	0.02052	0.01469	0.04152	0.01421	0.10008	0.01283	0.00786	0.00601	0.00191	0.00864	0.00623	0.00349	0.00851
5	0.17446	0.01951	0.01770	0.01779	0.11802	0.24865	0.01245	0.08697	0.01687	0.10484	0.01322	0.01599	0.01055	0.00763	0.00756	0.00203	0.08764	0.02515	0.00438	0.00859
6	0.07235	0.01055	0.01174	0.01032	0.01320	0.01086	0.00795	0.16793	0.07211	0.09569	0.14210	0.13640	0.12559	0.06413	0.00884	0.00245	0.00492	0.01008	0.02499	0.00782
7	0.03865	0.07367	0.01802	0.03214	0.01722	0.06593	0.05358	0.07766	0.09500	0.06275	0.04978	0.04621	0.01653	0.08533	0.08172	0.00341	0.16304	0.00701	0.00452	0.00784
8	0.01926	0.06274	0.03611	0.01345	0.01739	0.09325	0.02789	0.18208	0.13911	0.11905	0.04286	0.07469	0.06983	0.01090	0.03044	0.00235	0.03605	0.00765	0.00576	0.00912
9	0.00818	0.00585	0.00754	0.00881	0.00925	0.00547	0.00582	0.00923	0.01239	0.01641	0.03615	0.64714	0.07715	0.10378	0.01117	0.00306	0.00408	0.01744	0.00587	0.00521
10	0.00930	0.00687	0.00891	0.01008	0.01115	0.00672	0.00759	0.01218	0.05841	0.01863	0.05594	0.45737	0.08526	0.01874	0.00843	0.00270	0.00449	0.20515	0.00617	0.00591
11	0.06127	0.01850	0.02082	0.06408	0.11791	0.14264	0.08058	0.23552	0.10143	0.04662	0.01522	0.01719	0.01168	0.02864	0.00722	0.00212	0.00818	0.00598	0.00489	0.00951
12	0.01373	0.01363	0.02491	0.48224	0.15655	0.01522	0.16234	0.01828	0.01397	0.01849	0.01215	0.01739	0.00931	0.00625	0.00682	0.00216	0.00910	0.00626	0.00307	0.00816
13	0.00971	0.00663	0.00849	0.00941	0.01038	0.00631	0.00652	0.01213	0.05775	0.05543	0.05951	0.61889	0.07618	0.01879	0.00815	0.00257	0.00395	0.01689	0.00629	0.00602
14	0.02397	0.01870	0.01844	0.01461	0.01931	0.10220	0.01182	0.53196	0.05081	0.06544	0.01629	0.01707	0.01198	0.03179	0.00730	0.00208	0.00748	0.00593	0.03245	0.01037
15	0.01598	0.04526	0.04956	0.08805	0.39955	0.01627	0.11174	0.06302	0.03617	0.02179	0.01365	0.04423	0.01157	0.00694	0.00746	0.00208	0.04699	0.00652	0.00361	0.00956
16	0.01195	0.00914	0.01003	0.00956	0.01202	0.00926	0.00721	0.04040	0.21129	0.05167	0.08386	0.17207	0.28731	0.01404	0.00738	0.00226	0.00414	0.01198	0.03707	0.00736
17	0.02311	0.13318	0.02098	0.01611	0.01972	0.57753	0.01260	0.05116	0.01796	0.01699	0.01017	0.01197	0.00859	0.00691	0.00653	0.00173	0.04920	0.00428	0.00341	0.00786
18	0.01494	0.01426	0.02428	0.28995	0.48860	0.01529	0.01953	0.01902	0.01435	0.01987	0.01214	0.01673	0.00985	0.00612	0.00654	0.00204	0.00816	0.00586	0.00314	0.00934
19	0.00798	0.00587	0.00749	0.00878	0.00945	0.00538	0.00594	0.00921	0.01297	0.01696	0.04094	0.65708	0.14780	0.02002	0.00831	0.00260	0.00375	0.01798	0.00611	0.00538
20	0.00820	0.00589	0.00781	0.00921	0.00975	0.00550	0.00632	0.00954	0.01305	0.01736	0.06383	0.67806	0.06565	0.02009	0.00839	0.00265	0.00389	0.05321	0.00615	0.00542
21	0.10487	0.01018	0.01312	0.01199	0.01321	0.01266	0.00952	0.03954	0.01127	0.01813	0.01440	0.02206	0.01366	0.10170	0.32511	0.00631	0.22923	0.00645	0.03017	0.00643
22	0.01491	0.01423	0.02422	0.29586	0.48294	0.01528	0.01952	0.01899	0.01434	0.01983	0.01214	0.01674	0.00984	0.00612	0.00654	0.00204	0.00816	0.00586	0.00314	0.00931
23	0.01490	0.01416	0.02376	0.29711	0.45430	0.01530	0.01914	0.01953	0.04045	0.02004	0.01267	0.01706	0.01019	0.00624	0.00655	0.00205	0.00807	0.00592	0.00327	0.00930
24	0.00852	0.00638	0.00765	0.00808	0.00926	0.00581	0.00570	0.01017	0.01433	0.01875	0.19129	0.28201	0.24916	0.11380	0.01133	0.00290	0.00393	0.03940	0.00608	0.00545
25	0.09024	0.01351	0.01551	0.01274	0.01628	0.03330	0.05606	0.27116	0.04353	0.05568	0.06063	0.08557	0.03907	0.03853	0.00803	0.00222	0.03410	0.00771	0.10761	0.00852
26	0.10929	0.01516	0.04692	0.10458	0.06131	0.04279	0.22310	0.01944	0.01396	0.07559	0.02902	0.06181	0.01297	0.00918	0.02856	0.00249	0.12474	0.00705	0.00391	0.00813
27	0.01711	0.21836	0.06599	0.01314	0.01761	0.07137	0.03208	0.10723	0.17351	0.04521	0.04166	0.07146	0.06198	0.00912	0.00625	0.00197	0.00667	0.02544	0.00502	0.00883
28	0.00948	0.00643	0.00781	0.00817	0.00893	0.00608	0.00542	0.01057	0.01266	0.03811	0.11300	0.27473	0.11480	0.31140	0.01804	0.00400	0.00481	0.03493	0.00547	0.00514
29	0.01537	0.37172	0.37973	0.01507	0.02264	0.02027	0.01768	0.02099	0.04667	0.01871	0.01130	0.01287	0.00894	0.00610	0.00534	0.00178	0.00828	0.00437	0.00298	0.00917
30	0.06816	0.01545	0.01753	0.01488	0.04476	0.04394	0.04361	0.29129	0.14542	0.11010	0.01939	0.04269	0.01501	0.00842	0.00651	0.00204	0.00658	0.03172	0.03193	0.04058
31	0.01581	0.01536	0.02457	0.03587	0.61086	0.03918	0.01850	0.01932	0.01477	0.02071	0.01528	0.04598	0.04132	0.00719	0.00739	0.00203	0.04601	0.00662	0.00347	0.00978
32	0.00837	0.00607	0.00766	0.00864	0.00935	0.00564	0.00588	0.00968	0.01317	0.01741	0.10010	0.50641	0.12719	0.10725	0.01124	0.00301	0.00407	0.03759	0.00596	0.00531
33	0.04794	0.01777	0.03548	0.06153	0.09618	0.19764	0.08710	0.06199	0.03977	0.02092	0.07763	0.05158	0.10308	0.00926	0.00784	0.00209	0.06236	0.00755	0.00438	0.00790
34	0.01000	0.00656	0.00796	0.00804	0.00857	0.00649	0.00511	0.01073	0.01118	0.04212	0.06172	0.15379	0.05416	0.48472	0.09597	0.00567	0.00677	0.01092	0.00468	0.00484
35	0.04793	0.04777	0.05041	0.03001	0.45035	0.01659	0.01715	0.13960	0.01749	0.02502	0.04902	0.01726	0.01284	0.00689	0.00710	0.00199	0.04263	0.00596	0.00402	0.00996
36	0.21967	0.32863	0.13947	0.01190	0.01708	0.05729	0.01184	0.01894	0.01310	0.02014	0.01279	0.09852	0.01216	0.00765	0.00510	0.00184	0.00687	0.00555	0.00354	0.00792
37	0.02122	0.01429	0.03868	0.01360	0.01812	0.01409	0.04336	0.24273	0.07443	0.21836	0.10136	0.04046	0.01959	0.00883	0.00749	0.00203	0.04460	0.00715	0.00644	0.06316
38	0.08605	0.03929	0.02030	0.04024	0.25331	0.05828	0.03185	0.15110	0.01796	0.08540	0.01605	0.04476	0.03191	0.00728	0.00620	0.00189	0.00705	0.00613	0.00462	0.09035

[dist]
# distance from previous block
# <min> <max>
0	24

[block]
# block no. 6 follows, 33 sequences, length 16
# corresponding to MSA columns:
# 388-403
name=unknown_G
#
# <colnr> <probs for GDERKNQSTAVLIFYWHMCP>
#	G	D	E	R	K	N	Q	S	T	A	V	L	I	F	Y	W	H	M	C	P
0	0.01780	0.01514	0.03847	0.04486	0.12050	0.06006	0.03207	0.09915	0.21152	0.09729	0.08169	0.02271	0.03614	0.00810	0.00656	0.00197	0.00644	0.00685	0.00554	0.08715
1	0.01450	0.01462	0.01699	0.08795	0.01994	0.12731	0.06796	0.01796	0.05836	0.01858	0.01734	0.17652	0.01722	0.01015	0.00909	0.00207	0.13065	0.00819	0.00416	0.18044
2	0.06767	0.11277	0.22350	0.01515	0.02161	0.08162	0.04812	0.15157	0.01785	0.09175	0.01335	0.01445	0.00983	0.00652	0.00587	0.00182	0.00797	0.00497	0.00430	0.09931
3	0.05387	0.05999	0.01357	0.01101	0.01356	0.08166	0.00846	0.06823	0.06628	0.12139	0.01947	0.02872	0.01776	0.22186	0.14602	0.00474	0.00876	0.04253	0.00487	0.00725
4	0.03390	0.02740	0.05635	0.01023	0.01292	0.00842	0.00866	0.04330	0.01621	0.10347	0.17625	0.18092	0.15601	0.01447	0.00765	0.00235	0.00479	0.12347	0.00625	0.00699
5	0.13541	0.06538	0.01685	0.03433	0.01795	0.16274	0.01065	0.15486	0.10760	0.05895	0.04490	0.01690	0.01333	0.00862	0.02774	0.00211	0.02499	0.00540	0.00491	0.08638
6	0.02503	0.01844	0.01976	0.01515	0.02042	0.02042	0.01251	0.70562	0.03095	0.04149	0.01581	0.01581	0.01120	0.00790	0.00659	0.00198	0.00724	0.00593	0.00659	0.01120
7	0.01365	0.01170	0.01365	0.00975	0.01560	0.00878	0.00780	0.01658	0.01365	0.02145	0.01170	0.01365	0.00975	0.00488	0.00488	0.00098	0.00488	0.00390	0.00390	0.80888
8	0.02376	0.01724	0.02079	0.01591	0.02117	0.01857	0.08203	0.50716	0.08896	0.10952	0.01758	0.01746	0.01239	0.00778	0.00672	0.00203	0.00728	0.00632	0.00643	0.01089
9	0.01052	0.00740	0.00840	0.00813	0.01034	0.00665	0.00609	0.01343	0.05831	0.08366	0.15179	0.15721	0.42271	0.01554	0.00770	0.00225	0.00369	0.01326	0.00650	0.00643
10	0.01552	0.01191	0.01301	0.01157	0.01456	0.01304	0.00881	0.11354	0.35371	0.05679	0.09009	0.06653	0.06892	0.11925	0.01077	0.00279	0.00528	0.00887	0.00634	0.00870
11	0.02503	0.01844	0.01976	0.01515	0.02042	0.02042	0.01251	0.70562	0.03095	0.04149	0.01581	0.01581	0.01120	0.00790	0.00659	0.00198	0.00724	0.00593	0.00659	0.01120
12	0.01365	0.01170	0.01365	0.00975	0.01560	0.00878	0.00780	0.01658	0.01365	0.02145	0.01170	0.01365	0.00975	0.00488	0.00488	0.00098	0.00488	0.00390	0.00390	0.80888
13	0.01793	0.01831	0.02919	0.02793	0.23684	0.08791	0.28403	0.11919	0.01750	0.02328	0.01276	0.01623	0.01005	0.00653	0.00803	0.00210	0.06255	0.00645	0.00375	0.00943
14	0.01106	0.00857	0.00980	0.04518	0.01161	0.04364	0.00670	0.04778	0.01185	0.01561	0.02050	0.11134	0.02223	0.41959	0.18056	0.00624	0.00898	0.00936	0.00417	0.00526
15	0.12707	0.01227	0.09358	0.01239	0.07748	0.00994	0.00979	0.01642	0.05913	0.06478	0.06493	0.04088	0.33509	0.01193	0.00687	0.00217	0.00508	0.03739	0.00538	0.00740

[dist]
# distance from previous block
# <min> <max>
4	29

[block]
# block no. 7 follows, 33 sequences, length 6
# corresponding to MSA columns:
# 433-438
name=unknown_H
#
# <colnr> <probs for GDERKNQSTAVLIFYWHMCP>
#	G	D	E	R	K	N	Q	S	T	A	V	L	I	F	Y	W	H	M	C	P
0	0.08823	0.01426	0.01489	0.01243	0.01629	0.05007	0.00986	0.27908	0.09876	0.07046	0.05670	0.08911	0.01833	0.03048	0.06086	0.00273	0.00699	0.00738	0.00582	0.06728
1	0.01966	0.01525	0.01567	0.01300	0.01712	0.08508	0.01046	0.26410	0.11378	0.09488	0.06646	0.02539	0.04647	0.01107	0.04281	0.00239	0.00704	0.05117	0.00600	0.09222
2	0.01741	0.01301	0.01632	0.10386	0.09394	0.04246	0.01242	0.15845	0.08804	0.10642	0.02267	0.05355	0.03634	0.01322	0.06089	0.00288	0.00761	0.13626	0.00552	0.00874
3	0.07500	0.01733	0.02311	0.03100	0.47403	0.09208	0.01697	0.10535	0.05901	0.02432	0.01320	0.01587	0.01066	0.00641	0.00630	0.00195	0.00782	0.00563	0.00394	0.00999
4	0.05002	0.01803	0.10235	0.04685	0.02241	0.06217	0.12623	0.17898	0.14506	0.02675	0.04626	0.05921	0.01561	0.00803	0.00665	0.00204	0.00755	0.00698	0.00499	0.06383
5	0.05965	0.01670	0.06769	0.04366	0.01878	0.10072	0.01086	0.12319	0.07691	0.02432	0.01448	0.05081	0.01204	0.00691	0.00572	0.00159	0.00659	0.00540	0.00448	0.34950

[dist]
# distance from previous block
# <min> <max>
0	10

[block]
# block no. 8 follows, 33 sequences, length 47
# corresponding to MSA columns:
# 449-495
name=unknown_I
#
# <colnr> <probs for GDERKNQSTAVLIFYWHMCP>
#	G	D	E	R	K	N	Q	S	T	A	V	L	I	F	Y	W	H	M	C	P
0	0.09815	0.01860	0.01685	0.01398	0.01813	0.16888	0.01111	0.29231	0.09939	0.08073	0.01623	0.03500	0.01263	0.02981	0.00747	0.00210	0.03164	0.00591	0.00551	0.03556
1	0.10861	0.01784	0.10605	0.01345	0.01831	0.08007	0.01191	0.20299	0.10570	0.16023	0.06473	0.02018	0.01605	0.03594	0.00730	0.00218	0.00687	0.00623	0.00580	0.00955
2	0.02120	0.01472	0.01560	0.01428	0.05893	0.11545	0.01064	0.15348	0.04791	0.23488	0.05993	0.09459	0.04376	0.01007	0.00689	0.00208	0.00656	0.05057	0.00627	0.03221
3	0.01688	0.01561	0.02540	0.08387	0.54356	0.01587	0.04626	0.09741	0.01664	0.02343	0.01273	0.01627	0.01036	0.00609	0.00651	0.00194	0.00783	0.00587	0.00364	0.04383
4	0.01090	0.00854	0.01163	0.01101	0.01245	0.00992	0.00862	0.06471	0.01251	0.01749	0.02193	0.02867	0.09007	0.06866	0.51263	0.00815	0.08415	0.00767	0.00399	0.00630
5	0.05801	0.01586	0.02995	0.12807	0.26200	0.01594	0.32694	0.02058	0.03769	0.02131	0.01301	0.01709	0.01015	0.00593	0.00697	0.00212	0.00920	0.00665	0.00340	0.00913
6	0.01885	0.56838	0.02958	0.01199	0.01714	0.07743	0.01119	0.05789	0.04447	0.06024	0.01167	0.01285	0.00988	0.00789	0.03452	0.00190	0.00768	0.00420	0.00357	0.00868
7	0.07073	0.00810	0.00964	0.01009	0.01200	0.00808	0.00814	0.04031	0.04369	0.02149	0.11196	0.16818	0.17259	0.01608	0.00801	0.00257	0.00480	0.27114	0.00610	0.00632
