[name]
unknown

[dist]
# distance from previous block
# <min> <max>
0	19

[block]
# block no. 0 follows, 34 sequences, length 19
# corresponding to MSA columns:
# 19-37
name=unknown_A
#
# <colnr> <probs for GDERKNQSTAVLIFYWHMCP>
#	G	D	E	R	K	N	Q	S	T	A	V	L	I	F	Y	W	H	M	C	P
0	0.05001	0.23760	0.10060	0.01925	0.11213	0.09572	0.14184	0.02010	0.03019	0.01890	0.02768	0.01769	0.01178	0.00696	0.00669	0.00191	0.04538	0.04377	0.00338	0.00841
1	0.01079	0.00871	0.01108	0.05238	0.01343	0.04489	0.00832	0.04176	0.01235	0.01689	0.08166	0.02806	0.02013	0.13115	0.47982	0.00785	0.01341	0.00742	0.00394	0.00595
2	0.04983	0.12560	0.09280	0.02908	0.39699	0.04408	0.11270	0.02004	0.01441	0.02029	0.01155	0.01472	0.00949	0.00574	0.00606	0.00186	0.00815	0.00540	0.00316	0.02804
3	0.01579	0.01507	0.02529	0.07693	0.66040	0.01533	0.01926	0.02037	0.04938	0.02115	0.01281	0.01646	0.01061	0.00594	0.00641	0.00195	0.00760	0.00583	0.00335	0.01007
4	0.00909	0.00613	0.00714	0.00744	0.00752	0.00606	0.00434	0.00932	0.01000	0.01333	0.02345	0.18929	0.02739	0.62061	0.02790	0.00553	0.00576	0.01121	0.00434	0.00418
5	0.00805	0.00576	0.00769	0.00910	0.00958	0.00539	0.00622	0.00936	0.01276	0.01706	0.06721	0.70188	0.04330	0.01981	0.00825	0.00261	0.00382	0.05078	0.00605	0.00532
6	0.00813	0.00581	0.00765	0.00902	0.00950	0.00546	0.00615	0.00933	0.01244	0.01649	0.03550	0.65981	0.06061	0.06242	0.00967	0.00284	0.00403	0.06404	0.00588	0.00523
7	0.00940	0.00626	0.00705	0.00705	0.00705	0.00626	0.00392	0.00940	0.00940	0.01253	0.02036	0.04228	0.02349	0.77292	0.03289	0.00626	0.00626	0.00940	0.00392	0.00392
8	0.81856	0.01250	0.00950	0.00850	0.01250	0.01449	0.00700	0.01899	0.01100	0.02899	0.00900	0.01050	0.00700	0.00600	0.00400	0.00200	0.00500	0.00350	0.00400	0.00700
9	0.01727	0.77681	0.03386	0.01106	0.01658	0.02557	0.01106	0.01935	0.01313	0.01520	0.00898	0.01036	0.00829	0.00553	0.00415	0.00138	0.00691	0.00345	0.00276	0.00829
10	0.02456	0.01810	0.01939	0.01487	0.02004	0.02004	0.01228	0.71107	0.03038	0.04072	0.01551	0.01551	0.01099	0.00776	0.00646	0.00194	0.00711	0.00582	0.00646	0.01099
11	0.00766	0.00647	0.00663	0.00676	0.00878	0.00544	0.00500	0.00925	0.01452	0.01737	0.06288	0.12307	0.67077	0.01670	0.00769	0.00222	0.00331	0.01404	0.00600	0.00544
12	0.01607	0.01388	0.01461	0.01315	0.01680	0.01607	0.01023	0.03433	0.72094	0.02703	0.02630	0.02411	0.01972	0.00877	0.00657	0.00219	0.00511	0.00731	0.00657	0.01023
13	0.01317	0.03197	0.67567	0.01922	0.02849	0.01513	0.08619	0.02048	0.01379	0.02048	0.01173	0.01399	0.00833	0.00608	0.00627	0.00206	0.00967	0.00503	0.00278	0.00947
14	0.00938	0.00639	0.00767	0.00780	0.00804	0.00652	0.00487	0.00987	0.00992	0.01335	0.02125	0.06744	0.02397	0.61309	0.12209	0.00649	0.00757	0.04593	0.00404	0.00431
15	0.02623	0.01252	0.01554	0.01204	0.01679	0.01205	0.00990	0.21313	0.02150	0.48916	0.05476	0.02153	0.01672	0.00815	0.00646	0.00197	0.00572	0.00653	0.03874	0.01058
16	0.00962	0.00633	0.00739	0.00739	0.00768	0.00648	0.00452	0.01019	0.00990	0.01391	0.02002	0.03840	0.02189	0.60783	0.12448	0.00637	0.00742	0.00876	0.07704	0.00435
17	0.09419	0.05148	0.02030	0.01853	0.08845	0.45542	0.07033	0.05113	0.05615	0.01949	0.01144	0.01324	0.00924	0.00653	0.00587	0.00179	0.00990	0.00475	0.00365	0.00813
18	0.01662	0.01378	0.01560	0.08032	0.01949	0.01488	0.01072	0.16020	0.35208	0.02714	0.01945	0.01956	0.01475	0.00860	0.02645	0.00210	0.00609	0.00612	0.00555	0.18047

[dist]
# distance from previous block
# <min> <max>
3	13

[block]
# block no. 1 follows, 34 sequences, length 40
# corresponding to MSA columns:
# 51-90
name=unknown_B
#
# <colnr> <probs for GDERKNQSTAVLIFYWHMCP>
#	G	D	E	R	K	N	Q	S	T	A	V	L	I	F	Y	W	H	M	C	P
0	0.06477	0.01348	0.01514	0.01221	0.01651	0.01420	0.00990	0.27138	0.14356	0.23314	0.05765	0.02098	0.01677	0.00817	0.00626	0.00197	0.00565	0.00647	0.07177	0.00999
1	0.00858	0.00630	0.00781	0.00853	0.00939	0.00596	0.00586	0.01055	0.03785	0.01793	0.14012	0.43847	0.12532	0.11612	0.01124	0.00295	0.00402	0.03166	0.00591	0.00542
2	0.77655	0.01242	0.00979	0.00866	0.01271	0.01423	0.00713	0.01966	0.01140	0.06667	0.00987	0.01111	0.00748	0.00610	0.00413	0.00200	0.00502	0.00366	0.00421	0.00721
3	0.15116	0.01289	0.01507	0.01183	0.01665	0.01285	0.00974	0.17639	0.05096	0.44438	0.02079	0.01889	0.01367	0.00767	0.00610	0.00199	0.00575	0.00592	0.00698	0.01033
4	0.12242	0.01089	0.01394	0.01100	0.01564	0.00987	0.00901	0.02880	0.01727	0.61395	0.02405	0.06035	0.01634	0.00841	0.00629	0.00203	0.00535	0.00677	0.00741	0.01021
5	0.00795	0.00568	0.00759	0.00909	0.00950	0.00532	0.00613	0.00913	0.01245	0.01658	0.03557	0.74711	0.04256	0.02017	0.00827	0.00263	0.00382	0.03919	0.00600	0.00527
6	0.05889	0.01212	0.01263	0.01090	0.01409	0.03789	0.00859	0.17026	0.19125	0.06372	0.17859	0.02640	0.02524	0.00906	0.00625	0.00194	0.00494	0.00738	0.15137	0.00848
7	0.02340	0.10415	0.01963	0.05682	0.02055	0.49103	0.01224	0.06763	0.01824	0.11005	0.01230	0.01340	0.00949	0.00677	0.00581	0.00172	0.00992	0.00458	0.00404	0.00822
8	0.01833	0.08909	0.09787	0.01102	0.01540	0.01085	0.01006	0.02223	0.05318	0.30018	0.20071	0.03034	0.09405	0.00967	0.00661	0.00198	0.00527	0.00801	0.00638	0.00877
9	0.00923	0.00692	0.01038	0.01038	0.01154	0.00808	0.00808	0.01154	0.01038	0.01500	0.01731	0.02538	0.01615	0.04846	0.74732	0.01038	0.01731	0.00692	0.00346	0.00577
10	0.01831	0.01421	0.01514	0.04689	0.01799	0.05342	0.01051	0.11096	0.42696	0.11297	0.08171	0.02387	0.02055	0.00871	0.00659	0.00210	0.00573	0.00716	0.00644	0.00978
11	0.01238	0.01159	0.01916	0.72343	0.04324	0.01443	0.01759	0.01732	0.04523	0.01699	0.01216	0.01754	0.00912	0.00657	0.00647	0.00216	0.00845	0.00581	0.00304	0.00732
12	0.01541	0.01476	0.02517	0.15006	0.62677	0.01520	0.01954	0.01932	0.01444	0.02040	0.01205	0.01618	0.00999	0.00587	0.00641	0.00196	0.00782	0.00575	0.00315	0.00976
13	0.00865	0.00618	0.00839	0.00989	0.01060	0.00592	0.00735	0.01034	0.01314	0.01737	0.03518	0.55548	0.04103	0.01951	0.00845	0.00273	0.00442	0.22391	0.00598	0.00546
14	0.01737	0.67182	0.05168	0.01257	0.01826	0.02404	0.06785	0.01987	0.01349	0.03884	0.00991	0.01139	0.00866	0.00562	0.00455	0.00148	0.00725	0.00392	0.00297	0.00844
15	0.00800	0.00656	0.00705	0.00693	0.00895	0.00561	0.00520	0.00998	0.01559	0.01949	0.22553	0.05883	0.56865	0.01560	0.00763	0.00215	0.00322	0.01317	0.00627	0.00561
16	0.00859	0.00638	0.00806	0.00853	0.00969	0.00594	0.00611	0.01101	0.03435	0.02045	0.29502	0.37276	0.13963	0.01677	0.00791	0.00234	0.00352	0.03078	0.00642	0.00574
17	0.01441	0.01528	0.02899	0.02174	0.02607	0.01597	0.41809	0.01920	0.05121	0.01996	0.05137	0.04068	0.01369	0.00786	0.01075	0.00229	0.19076	0.00751	0.00364	0.04051
18	0.01220	0.01148	0.01938	0.75739	0.04450	0.01436	0.01794	0.01651	0.01292	0.01651	0.01148	0.01723	0.00861	0.00646	0.00646	0.00215	0.00861	0.00574	0.00287	0.00718
19	0.81856	0.01250	0.00950	0.00850	0.01250	0.01449	0.00700	0.01899	0.01100	0.02899	0.00900	0.01050	0.00700	0.00600	0.00400	0.00200	0.00500	0.00350	0.00400	0.00700
20	0.00936	0.00639	0.00769	0.00769	0.00792	0.00662	0.00472	0.00981	0.00959	0.01301	0.01977	0.03901	0.02207	0.63251	0.17136	0.00706	0.00840	0.00892	0.00383	0.00427
21	0.06579	0.01596	0.01872	0.01666	0.10090	0.01694	0.01227	0.44892	0.02500	0.18810	0.01694	0.01671	0.01177	0.00749	0.00634	0.00195	0.00672	0.00584	0.00629	0.01070
22	0.81856	0.01250	0.00950	0.00850	0.01250	0.01449	0.00700	0.01899	0.01100	0.02899	0.00900	0.01050	0.00700	0.00600	0.00400	0.00200	0.00500	0.00350	0.00400	0.00700
23	0.00925	0.00683	0.00993	0.00993	0.01093	0.00783	0.00751	0.01125	0.01025	0.01467	0.01772	0.02766	0.01714	0.14623	0.65090	0.00983	0.01582	0.00726	0.00352	0.00552
24	0.02222	0.02678	0.01743	0.01582	0.01922	0.57343	0.01195	0.02783	0.18515	0.01848	0.01386	0.01461	0.01103	0.00716	0.00600	0.00179	0.01010	0.00491	0.00410	0.00814
25	0.02304	0.01734	0.01854	0.01456	0.01946	0.01933	0.01191	0.58989	0.15403	0.03827	0.01744	0.01705	0.01255	0.00794	0.00648	0.00198	0.00675	0.00608	0.00648	0.01085
26	0.01233	0.01161	0.01961	0.73341	0.06750	0.01439	0.01801	0.01662	0.01298	0.01666	0.01151	0.01719	0.00867	0.00644	0.00646	0.00215	0.00858	0.00574	0.00288	0.00728
27	0.01114	0.00566	0.00850	0.00850	0.00854	0.00571	0.00571	0.00854	0.00850	0.01138	0.01147	0.01987	0.01142	0.02349	0.05432	0.77974	0.00608	0.00566	0.00283	0.00293
28	0.24930	0.01106	0.01260	0.01015	0.01450	0.01079	0.00833	0.04277	0.01615	0.44529	0.02014	0.01882	0.01340	0.00738	0.00558	0.00195	0.00513	0.00559	0.09171	0.00934
29	0.00794	0.00582	0.00746	0.00861	0.00931	0.00534	0.00586	0.00928	0.01313	0.01734	0.09234	0.62197	0.13347	0.01920	0.00812	0.00252	0.00363	0.01724	0.00608	0.00534
30	0.01569	0.01529	0.02458	0.06484	0.50107	0.03608	0.07112	0.02010	0.04675	0.02084	0.01261	0.01608	0.01039	0.00597	0.00670	0.00188	0.02733	0.00572	0.00340	0.09355
31	0.00815	0.00625	0.00747	0.00783	0.00921	0.00557	0.00562	0.01002	0.01496	0.01958	0.24731	0.29716	0.30403	0.01676	0.00784	0.00229	0.00337	0.01467	0.00632	0.00557
32	0.00787	0.00562	0.00750	0.00900	0.00937	0.00525	0.00600	0.00900	0.01237	0.01649	0.03561	0.76871	0.04274	0.02024	0.00825	0.00262	0.00375	0.01837	0.00600	0.00525
33	0.01393	0.05330	0.04596	0.01402	0.11148	0.01067	0.01012	0.01708	0.01357	0.02073	0.01145	0.01359	0.00953	0.00501	0.00502	0.00115	0.00548	0.00410	0.00364	0.63017
34	0.03656	0.04881	0.11143	0.15050	0.32368	0.05329	0.06628	0.03889	0.01485	0.05810	0.01242	0.01568	0.00970	0.00625	0.00665	0.00199	0.02670	0.00557	0.00343	0.00921
35	0.00784	0.00651	0.00685	0.00685	0.00887	0.00553	0.00511	0.00962	0.01507	0.01847	0.14690	0.09171	0.61617	0.01614	0.00766	0.00218	0.00327	0.01360	0.00614	0.00553
36	0.00786	0.00567	0.00745	0.00887	0.00934	0.00526	0.00594	0.00901	0.01249	0.01654	0.03715	0.73225	0.07820	0.02004	0.00822	0.00260	0.00372	0.01812	0.00600	0.00526
37	0.01646	0.14511	0.37872	0.04038	0.09821	0.04393	0.01859	0.05176	0.01491	0.08953	0.01259	0.01431	0.00932	0.00646	0.00640	0.00193	0.03360	0.00492	0.00349	0.00940
38	0.02034	0.04907	0.05064	0.01662	0.02096	0.24420	0.12061	0.15592	0.05497	0.07786	0.05387	0.01728	0.01338	0.00851	0.02617	0.00216	0.04819	0.00593	0.00459	0.00873
39	0.01340	0.09602	0.62184	0.01739	0.02606	0.01588	0.02176	0.02001	0.01343	0.01983	0.01124	0.01337	0.00826	0.00625	0.00653	0.00198	0.03996	0.00466	0.00278	0.03937

[dist]
# distance from previous block
# <min> <max>
0	4

[block]
# block no. 2 follows, 34 sequences, length 47
# corresponding to MSA columns:
# 95-141
name=unknown_C
#
# <colnr> <probs for GDERKNQSTAVLIFYWHMCP>
#	G	D	E	R	K	N	Q	S	T	A	V	L	I	F	Y	W	H	M	C	P
0	0.04784	0.07348	0.06099	0.10463	0.06312	0.12925	0.09575	0.22639	0.01937	0.02546	0.01269	0.01482	0.00969	0.00654	0.00606	0.00184	0.00824	0.00533	0.02674	0.06176
1	0.09040	0.21932	0.08488	0.01661	0.08113	0.35395	0.01326	0.03796	0.01589	0.01824	0.01009	0.01186	0.00841	0.00621	0.00533	0.00168	0.00922	0.00415	0.00325	0.00815
2	0.00802	0.00656	0.00707	0.00695	0.00896	0.00562	0.00521	0.01001	0.01563	0.01959	0.23329	0.05866	0.56083	0.01557	0.00763	0.00214	0.00322	0.01314	0.00628	0.00562
3	0.01636	0.00982	0.05288	0.03435	0.01421	0.00806	0.00868	0.01951	0.01792	0.27234	0.42039	0.03615	0.04062	0.01078	0.00711	0.00203	0.00445	0.00930	0.00703	0.00803
4	0.00880	0.00669	0.00830	0.00914	0.01065	0.00618	0.00725	0.01091	0.01448	0.01842	0.08412	0.21429	0.29068	0.01756	0.00824	0.00256	0.00436	0.26571	0.00604	0.00563
5	0.10050	0.01240	0.01434	0.01141	0.01574	0.01251	0.00932	0.21327	0.04367	0.33866	0.06087	0.02091	0.01651	0.00801	0.00610	0.00194	0.00547	0.00629	0.09231	0.00977
6	0.01490	0.01171	0.01323	0.01208	0.01511	0.01322	0.00941	0.02774	0.47931	0.06495	0.07401	0.02783	0.02246	0.03332	0.12598	0.00360	0.00700	0.02903	0.00611	0.00899
7	0.00797	0.00644	0.00708	0.00717	0.00899	0.00556	0.00528	0.00982	0.01514	0.01902	0.19372	0.14731	0.51148	0.01622	0.00771	0.00221	0.00329	0.01384	0.00622	0.00556
8	0.05662	0.00692	0.00783	0.00758	0.00816	0.00702	0.00465	0.01129	0.01005	0.05354	0.01981	0.03831	0.02168	0.64238	0.07382	0.00604	0.00683	0.00875	0.00412	0.00460
9	0.00935	0.00625	0.00706	0.00710	0.00711	0.00624	0.00397	0.00939	0.00948	0.01264	0.02078	0.06256	0.02403	0.75191	0.03220	0.00616	0.00619	0.00965	0.00397	0.00395
10	0.81856	0.01250	0.00950	0.00850	0.01250	0.01449	0.00700	0.01899	0.01100	0.02899	0.00900	0.01050	0.00700	0.00600	0.00400	0.00200	0.00500	0.00350	0.00400	0.00700
11	0.02424	0.01503	0.01709	0.01339	0.01829	0.01580	0.01095	0.37325	0.13388	0.25278	0.02014	0.01878	0.01385	0.00789	0.00644	0.00197	0.00623	0.00619	0.00687	0.03696
12	0.02414	0.03079	0.01831	0.01665	0.01998	0.74698	0.01248	0.02580	0.01831	0.01581	0.00999	0.01165	0.00832	0.00666	0.00583	0.00166	0.01165	0.00416	0.00333	0.00749
13	0.01727	0.77681	0.03386	0.01106	0.01658	0.02557	0.01106	0.01935	0.01313	0.01520	0.00898	0.01036	0.00829	0.00553	0.00415	0.00138	0.00691	0.00345	0.00276	0.00829
14	0.02584	0.01247	0.01553	0.01215	0.01680	0.01200	0.00993	0.21477	0.02139	0.47979	0.05079	0.06239	0.01786	0.00881	0.00663	0.00202	0.00575	0.00717	0.00743	0.01049
15	0.01698	0.00862	0.00996	0.00861	0.01135	0.00845	0.00678	0.08162	0.04078	0.19537	0.10772	0.02576	0.02142	0.00839	0.00561	0.00175	0.00405	0.00685	0.42213	0.00780
16	0.01571	0.01159	0.01568	0.04310	0.01749	0.01177	0.08988	0.21916	0.01905	0.08545	0.02973	0.21719	0.13020	0.01254	0.00738	0.00225	0.00597	0.05205	0.00586	0.00797
17	0.29440	0.08475	0.01602	0.03648	0.04416	0.01444	0.00996	0.04600	0.03015	0.27818	0.01562	0.01577	0.01103	0.00723	0.00663	0.00201	0.06795	0.00506	0.00528	0.00888
18	0.67172	0.01530	0.07060	0.01003	0.01453	0.04449	0.00893	0.06153	0.01269	0.02847	0.00965	0.01111	0.00739	0.00614	0.00440	0.00199	0.00577	0.00377	0.00402	0.00747
19	0.01381	0.03732	0.03503	0.05000	0.01789	0.03118	0.02937	0.01738	0.05449	0.01947	0.03498	0.01693	0.03327	0.00751	0.00947	0.00173	0.19917	0.00526	0.00376	0.38199
20	0.01528	0.01659	0.03554	0.02552	0.03176	0.01549	0.64527	0.02041	0.01533	0.04479	0.01648	0.02014	0.05109	0.00616	0.00759	0.00217	0.01028	0.00793	0.00358	0.00861
21	0.01701	0.01563	0.04858	0.24058	0.08434	0.05741	0.03668	0.17411	0.06047	0.04730	0.03355	0.01751	0.01182	0.00765	0.00823	0.00212	0.09915	0.00597	0.02322	0.00868
22	0.00905	0.00660	0.00850	0.00803	0.00959	0.00606	0.00602	0.01200	0.01806	0.02536	0.68629	0.04916	0.10423	0.01341	0.00762	0.00204	0.00306	0.01181	0.00704	0.00606
23	0.01420	0.04256	0.11575	0.01120	0.01743	0.01085	0.01034	0.06189	0.01452	0.02203	0.01167	0.01346	0.00942	0.00519	0.00506	0.00119	0.00568	0.00408	0.00381	0.61968
24	0.00858	0.00913	0.09381	0.00979	0.01159	0.00653	0.00807	0.01069	0.01328	0.01776	0.08142	0.52227	0.13174	0.01755	0.00789	0.00247	0.00438	0.03151	0.00568	0.00585
25	0.01573	0.21526	0.13630	0.01242	0.01793	0.03603	0.01199	0.05773	0.05025	0.04649	0.05583	0.01573	0.01287	0.00659	0.00615	0.00158	0.04640	0.00485	0.00394	0.24591
26	0.01296	0.03342	0.73944	0.01842	0.02797	0.01501	0.02387	0.02046	0.01364	0.02046	0.01160	0.01364	0.00818	0.00614	0.00614	0.00205	0.00955	0.00477	0.00273	0.00955
27	0.00931	0.00661	0.00881	0.00881	0.00942	0.00722	0.00611	0.01053	0.00992	0.01383	0.01875	0.03336	0.01962	0.39052	0.41000	0.00844	0.01209	0.00809	0.00368	0.00489
28	0.01177	0.01310	0.12483	0.01723	0.18833	0.00992	0.01205	0.01574	0.03757	0.03823	0.19559	0.07396	0.18686	0.01094	0.00697	0.00206	0.00538	0.00952	0.03226	0.00769
29	0.01701	0.13845	0.19756	0.06425	0.08860	0.04720	0.11463	0.12071	0.06504	0.04325	0.01326	0.01527	0.01008	0.00657	0.00661	0.00196	0.03093	0.00550	0.00384	0.00929
30	0.02414	0.03079	0.01831	0.01665	0.01998	0.74698	0.01248	0.02580	0.01831	0.01581	0.00999	0.01165	0.00832	0.00666	0.00583	0.00166	0.01165	0.00416	0.00333	0.00749
31	0.01064	0.00892	0.00951	0.00953	0.01176	0.03003	0.00747	0.03749	0.12978	0.02001	0.04647	0.12502	0.35995	0.01525	0.00770	0.00237	0.00454	0.15100	0.00602	0.00655
32	0.07490	0.01449	0.04660	0.12282	0.19571	0.03867	0.03891	0.06895	0.12731	0.02268	0.04219	0.04513	0.05467	0.00823	0.00734	0.00210	0.05418	0.00687	0.01967	0.00860
33	0.01715	0.04704	0.06877	0.05070	0.32475	0.01572	0.13013	0.09098	0.07411	0.07211	0.01518	0.03781	0.01206	0.00675	0.00657	0.00200	0.00779	0.00644	0.00416	0.00976
34	0.00932	0.00672	0.00893	0.01019	0.01120	0.00653	0.00784	0.03100	0.01395	0.01833	0.03570	0.45014	0.06746	0.01880	0.00843	0.00272	0.00468	0.27637	0.00599	0.00569
35	0.00928	0.00690	0.00818	0.00782	0.00971	0.00625	0.00588	0.01223	0.03998	0.04066	0.41899	0.07547	0.30622	0.01433	0.00758	0.00211	0.00329	0.01235	0.00667	0.00609
36	0.07473	0.01616	0.08683	0.08860	0.07690	0.01544	0.20910	0.11458	0.01585	0.06539	0.01400	0.03818	0.01131	0.03293	0.02960	0.00253	0.08871	0.00657	0.00401	0.00857
37	0.01118	0.00779	0.01051	0.01187	0.03681	0.00767	0.00928	0.01451	0.05474	0.05892	0.03480	0.22913	0.07850	0.01685	0.00833	0.00271	0.00525	0.38871	0.00602	0.00642
38	0.00897	0.00638	0.00861	0.00996	0.01077	0.00617	0.00756	0.01078	0.01332	0.01761	0.05386	0.44053	0.04001	0.06314	0.00993	0.00295	0.00471	0.27337	0.00589	0.00546
39	0.01466	0.01440	0.02552	0.13123	0.42871	0.01492	0.13169	0.01848	0.01410	0.01975	0.01368	0.07051	0.01218	0.00718	0.00764	0.00210	0.05393	0.00696	0.00334	0.00902
40	0.04043	0.10272	0.14093	0.01494	0.05753	0.03368	0.03563	0.09367	0.01776	0.34857	0.03835	0.01837	0.01367	0.00725	0.00616	0.00193	0.00688	0.00581	0.00571	0.01001
41	0.01701	0.01490	0.02246	0.09003	0.29395	0.06325	0.08180	0.03604	0.01482	0.10323	0.03489	0.01784	0.01219	0.00947	0.04829	0.00255	0.11833	0.00614	0.00390	0.00892
42	0.32449	0.12220	0.01822	0.04050	0.04179	0.18366	0.03307	0.06375	0.01440	0.02266	0.00991	0.01203	0.00812	0.00666	0.00641	0.00192	0.07460	0.00427	0.00364	0.00772
43	0.00776	0.00655	0.00672	0.00668	0.00880	0.00551	0.00501	0.00952	0.01502	0.01816	0.12065	0.06103	0.67437	0.01610	0.00764	0.00217	0.00325	0.01347	0.00609	0.00551
44	0.01504	0.01403	0.02304	0.09327	0.55008	0.01450	0.01764	0.01949	0.05455	0.02079	0.01447	0.05903	0.01266	0.00700	0.00681	0.00200	0.02583	0.00656	0.03374	0.00947
45	0.01344	0.01131	0.01244	0.00983	0.01409	0.05046	0.00769	0.01716	0.05547	0.04504	0.21747	0.02413	0.02494	0.00762	0.00581	0.00141	0.00472	0.00637	0.00502	0.46557
46	0.00796	0.00652	0.00702	0.00697	0.00895	0.00558	0.00520	0.00987	0.01538	0.01919	0.20348	0.08684	0.56288	0.01585	0.00766	0.00217	0.00324	0.01341	0.00623	0.00558

[dist]
# distance from previous block
# <min> <max>
0	1

[block]
# block no. 3 follows, 34 sequences, length 16
# corresponding to MSA columns:
# 143-158
name=unknown_D
#
# <colnr> <probs for GDERKNQSTAVLIFYWHMCP>
#	G	D	E	R	K	N	Q	S	T	A	V	L	I	F	Y	W	H	M	C	P
0	0.00827	0.00608	0.00755	0.00816	0.00910	0.00558	0.00563	0.00984	0.01393	0.01853	0.20326	0.40067	0.17289	0.08726	0.01026	0.00274	0.00373	0.01509	0.00607	0.00536
1	0.00858	0.00658	0.00786	0.00754	0.00931	0.00586	0.00565	0.01110	0.01696	0.02275	0.48133	0.05346	0.31081	0.01439	0.00763	0.00209	0.00313	0.01241	0.00670	0.00586
2	0.66975	0.01323	0.01099	0.00956	0.01366	0.01523	0.00783	0.09791	0.06588	0.03016	0.01101	0.01207	0.00839	0.00640	0.00447	0.00201	0.00524	0.00404	0.00447	0.00769
3	0.01305	0.01111	0.01302	0.00953	0.01493	0.00840	0.00755	0.01581	0.01333	0.02076	0.01302	0.06153	0.01168	0.00577	0.00501	0.00106	0.00472	0.00475	0.00397	0.76099
4	0.30990	0.01153	0.01304	0.01043	0.01507	0.01127	0.00861	0.02704	0.01583	0.48517	0.01962	0.01790	0.01279	0.00729	0.00561	0.00200	0.00532	0.00543	0.00657	0.00957
5	0.00883	0.00665	0.00898	0.06500	0.01268	0.00668	0.00744	0.01128	0.05206	0.01729	0.03320	0.62169	0.03852	0.01841	0.00807	0.00259	0.00434	0.06477	0.00579	0.00572
6	0.01004	0.00836	0.01077	0.01006	0.01118	0.00931	0.00764	0.01167	0.01245	0.01717	0.12428	0.11140	0.17271	0.13113	0.11865	0.00406	0.17291	0.01008	0.00469	0.04144
7	0.01817	0.61348	0.03016	0.01202	0.01698	0.15285	0.01119	0.02018	0.01394	0.01530	0.00950	0.01120	0.00861	0.00746	0.03435	0.00179	0.00817	0.00372	0.00289	0.00805
8	0.03912	0.01678	0.14078	0.22040	0.10826	0.01457	0.08765	0.10826	0.03193	0.07315	0.03293	0.01763	0.01160	0.00834	0.03594	0.00236	0.00839	0.00596	0.00403	0.03190
9	0.08271	0.13413	0.31746	0.01698	0.04497	0.01652	0.09604	0.06434	0.01479	0.04232	0.04347	0.01531	0.01114	0.00664	0.00665	0.00196	0.04554	0.00527	0.00354	0.03021
10	0.01443	0.01454	0.02032	0.18498	0.25067	0.10151	0.06641	0.01810	0.03648	0.01872	0.03246	0.12941	0.03697	0.00892	0.00735	0.00212	0.03680	0.00797	0.00382	0.00803
11	0.01099	0.00606	0.00847	0.00829	0.00868	0.00599	0.00556	0.00935	0.00909	0.01257	0.01324	0.02302	0.01335	0.12724	0.06479	0.58606	0.00621	0.00615	0.03514	0.03976
12	0.05089	0.06222	0.39656	0.03730	0.02306	0.01527	0.01759	0.10977	0.03747	0.05974	0.01438	0.05255	0.01139	0.00945	0.04259	0.00247	0.03854	0.00580	0.00387	0.00909
13	0.01689	0.08333	0.06034	0.06650	0.09453	0.01392	0.01227	0.08995	0.06107	0.12191	0.05833	0.04397	0.01627	0.00820	0.00729	0.00191	0.06225	0.03693	0.00484	0.13929
14	0.01583	0.05107	0.03145	0.01417	0.06659	0.03330	0.01065	0.15170	0.11708	0.06162	0.02591	0.14139	0.11647	0.01109	0.00848	0.00216	0.09520	0.00886	0.00534	0.03164
15	0.01608	0.03799	0.05687	0.17829	0.29675	0.07039	0.01619	0.05026	0.03983	0.05197	0.01339	0.01803	0.01111	0.06355	0.00909	0.00233	0.04968	0.00587	0.00362	0.00872

[dist]
# distance from previous block
# <min> <max>
0	9

[block]
# block no. 4 follows, 34 sequences, length 22
# corresponding to MSA columns:
# 168-189
name=unknown_E
#
# <colnr> <probs for GDERKNQSTAVLIFYWHMCP>
#	G	D	E	R	K	N	Q	S	T	A	V	L	I	F	Y	W	H	M	C	P
0	0.01531	0.04101	0.06710	0.07171	0.12712	0.07017	0.10737	0.01955	0.05567	0.09326	0.05087	0.14162	0.02090	0.01009	0.00705	0.00219	0.00723	0.07890	0.00473	0.00816
1	0.64172	0.01377	0.03685	0.01034	0.04102	0.04457	0.00825	0.01903	0.01180	0.02714	0.00995	0.01166	0.00781	0.00602	0.00431	0.00190	0.00544	0.00379	0.04105	0.05356
2	0.09440	0.03621	0.01258	0.05323	0.01427	0.01035	0.03119	0.01380	0.02841	0.01776	0.04520	0.02442	0.05296	0.02976	0.38566	0.05052	0.04992	0.00677	0.03642	0.00618
3	0.01034	0.04306	0.00975	0.00833	0.01023	0.00801	0.00619	0.07615	0.01599	0.02092	0.22197	0.13737	0.26665	0.12321	0.01106	0.00272	0.00423	0.01191	0.00589	0.00603
4	0.01220	0.01148	0.01938	0.75739	0.04450	0.01436	0.01794	0.01651	0.01292	0.01651	0.01148	0.01723	0.00861	0.00646	0.00646	0.00215	0.00861	0.00574	0.00287	0.00718
5	0.02044	0.01713	0.01677	0.01400	0.01821	0.09022	0.01115	0.32810	0.32507	0.03178	0.01979	0.01912	0.01467	0.00807	0.00638	0.00201	0.00656	0.00630	0.03411	0.01014
6	0.02025	0.08195	0.06461	0.01552	0.01970	0.37004	0.05304	0.12494	0.04840	0.02134	0.06153	0.04365	0.01415	0.00762	0.00614	0.00180	0.00913	0.00576	0.00421	0.02621
7	0.01624	0.12834	0.48884	0.01712	0.04124	0.04388	0.03430	0.02199	0.01447	0.11598	0.01310	0.01439	0.00934	0.00630	0.00595	0.00194	0.00872	0.00489	0.00349	0.00950
8	0.05256	0.02026	0.06682	0.08067	0.02031	0.31378	0.03728	0.04675	0.01615	0.09095	0.01598	0.10565	0.01423	0.02806	0.04111	0.00243	0.00912	0.00673	0.02351	0.00765
9	0.01305	0.01264	0.01076	0.01038	0.01134	0.18875	0.00710	0.01386	0.01202	0.01413	0.01865	0.11127	0.02050	0.40099	0.08856	0.00496	0.04318	0.00869	0.00391	0.00525
10	0.06980	0.01492	0.05769	0.05550	0.40375	0.01400	0.08143	0.02088	0.03633	0.10298	0.04475	0.01942	0.03609	0.00678	0.00645	0.00199	0.00727	0.00636	0.00412	0.00949
11	0.01223	0.01222	0.09596	0.09773	0.14865	0.01005	0.04287	0.01542	0.01432	0.06749	0.08923	0.24009	0.10319	0.01200	0.00721	0.00222	0.00596	0.01079	0.00490	0.00749
12	0.00923	0.00692	0.01038	0.01038	0.01154	0.00808	0.00808	0.01154	0.01038	0.01500	0.01731	0.02538	0.01615	0.04846	0.74732	0.01038	0.01731	0.00692	0.00346	0.00577
13	0.09887	0.01710	0.01787	0.07269	0.02086	0.06121	0.01195	0.47264	0.05360	0.08674	0.01542	0.01577	0.01099	0.00748	0.00620	0.00196	0.00710	0.00560	0.00588	0.01007
14	0.01732	0.43308	0.12075	0.03904	0.04923	0.13178	0.04141	0.02081	0.03695	0.01687	0.01039	0.01228	0.00881	0.00610	0.00559	0.00166	0.03223	0.00426	0.00301	0.00842
15	0.02293	0.01142	0.01532	0.01267	0.03451	0.01073	0.03946	0.08878	0.07530	0.44017	0.07089	0.06338	0.06582	0.00936	0.00678	0.00206	0.00551	0.00792	0.00713	0.00986
16	0.03623	0.00689	0.00903	0.00944	0.01084	0.00639	0.00677	0.01356	0.01389	0.14294	0.08270	0.54453	0.03815	0.01711	0.00779	0.00246	0.00410	0.03442	0.00636	0.00638
17	0.01759	0.01630	0.12649	0.02178	0.18347	0.01362	0.13058	0.04672	0.01580	0.17907	0.06867	0.05176	0.01613	0.00798	0.00804	0.00212	0.07284	0.00706	0.00469	0.00928
18	0.03940	0.10404	0.15627	0.04983	0.19190	0.06291	0.13398	0.02096	0.03509	0.07018	0.01530	0.01906	0.03041	0.00688	0.00635	0.00199	0.00828	0.03447	0.00372	0.00899
19	0.00916	0.00638	0.00783	0.00794	0.00931	0.00579	0.00572	0.01104	0.01505	0.03855	0.29284	0.23441	0.21272	0.04154	0.00913	0.03189	0.00355	0.01322	0.03828	0.00565
20	0.08934	0.01202	0.01477	0.01160	0.01633	0.01153	0.00952	0.11424	0.06725	0.52222	0.02286	0.02050	0.01494	0.00785	0.00623	0.00199	0.00555	0.00622	0.03457	0.01046
21	0.01602	0.09396	0.08143	0.08173	0.17681	0.06516	0.05828	0.08059	0.06074	0.04724	0.01728	0.08076	0.03993	0.00951	0.03065	0.00229	0.03787	0.00696	0.00411	0.00867

[dist]
# distance from previous block
# <min> <max>
0	2

[block]
# block no. 5 follows, 34 sequences, length 15
# corresponding to MSA columns:
# 192-206
name=unknown_F
#
# <colnr> <probs for GDERKNQSTAVLIFYWHMCP>
#	G	D	E	R	K	N	Q	S	T	A	V	L	I	F	Y	W	H	M	C	P
0	0.01510	0.03698	0.33758	0.05668	0.15121	0.01451	0.08453	0.05191	0.02827	0.06433	0.01416	0.04972	0.01119	0.00682	0.00637	0.00199	0.00830	0.00601	0.00364	0.05068
1	0.01445	0.07796	0.41610	0.01805	0.06676	0.04482	0.06991	0.02057	0.04639	0.04980	0.04824	0.01776	0.01271	0.03908	0.02802	0.00240	0.00883	0.00570	0.00350	0.00894
2	0.10959	0.13043	0.08256	0.05844	0.16220	0.15494	0.01464	0.04815	0.01435	0.01970	0.01034	0.01325	0.00869	0.00704	0.00824	0.00198	0.13912	0.00476	0.00326	0.00833
3	0.01043	0.00810	0.00945	0.00875	0.01088	0.00793	0.00666	0.04637	0.11308	0.02476	0.44637	0.04676	0.20953	0.01310	0.00743	0.00208	0.00357	0.01128	0.00675	0.00673
4	0.19745	0.01141	0.01244	0.00946	0.01451	0.00991	0.00762	0.01829	0.01365	0.09912	0.04929	0.01544	0.01231	0.00583	0.00493	0.00136	0.00482	0.00444	0.00448	0.50323
5	0.00937	0.00638	0.00761	0.00770	0.00797	0.00645	0.00478	0.00992	0.01032	0.01392	0.06029	0.06426	0.02606	0.60611	0.09716	0.00616	0.00704	0.03996	0.00420	0.00434
6	0.01040	0.00688	0.00871	0.00819	0.01003	0.00620	0.00616	0.01303	0.01728	0.08132	0.51024	0.09862	0.17080	0.01382	0.00758	0.00210	0.00333	0.01207	0.00692	0.00632
7	0.02086	0.40722	0.02604	0.01362	0.01812	0.35309	0.01164	0.02276	0.01570	0.04399	0.01009	0.01141	0.00861	0.00614	0.00500	0.00153	0.00901	0.00390	0.00323	0.00803
8	0.00808	0.00577	0.00773	0.00923	0.00970	0.00543	0.00635	0.00935	0.01257	0.01672	0.03550	0.71243	0.04229	0.02005	0.00830	0.00265	0.00393	0.07262	0.00599	0.00530
9	0.01679	0.01746	0.01763	0.10077	0.02076	0.25731	0.06375	0.01916	0.01417	0.05314	0.01381	0.02009	0.01223	0.04719	0.15380	0.00389	0.12321	0.03413	0.00360	0.00712
10	0.01647	0.07476	0.23850	0.06111	0.23121	0.01535	0.01751	0.06963	0.06779	0.08878	0.04631	0.01751	0.01295	0.00679	0.00624	0.00196	0.00760	0.00575	0.00410	0.00967
11	0.02689	0.01359	0.05482	0.01203	0.01697	0.06928	0.01029	0.02962	0.01797	0.60443	0.02325	0.02080	0.01497	0.00776	0.00633	0.00195	0.00610	0.00619	0.04637	0.01039
12	0.00947	0.00635	0.00728	0.00738	0.00749	0.00635	0.00437	0.00967	0.00978	0.01300	0.02132	0.04441	0.02444	0.72042	0.03122	0.00604	0.00624	0.05666	0.00406	0.00406
13	0.05994	0.01293	0.02021	0.07442	0.08147	0.01318	0.18159	0.07755	0.11475	0.08926	0.03521	0.12348	0.06832	0.00939	0.00697	0.00217	0.00685	0.00875	0.00507	0.00849
14	0.01511	0.05203	0.20473	0.20442	0.24735	0.01520	0.04611	0.04824	0.01487	0.05320	0.03023	0.01656	0.01077	0.00637	0.00633	0.00200	0.00823	0.00566	0.00344	0.00913

[dist]
# distance from previous block
# <min> <max>
4	12

[block]
# block no. 6 follows, 34 sequences, length 51
# corresponding to MSA columns:
# 219-269
name=unknown_G
#
# <colnr> <probs for GDERKNQSTAVLIFYWHMCP>
#	G	D	E	R	K	N	Q	S	T	A	V	L	I	F	Y	W	H	M	C	P
0	0.04554	0.19914	0.30564	0.01665	0.03866	0.09255	0.05687	0.11687	0.01627	0.02183	0.01132	0.01312	0.00872	0.00634	0.00605	0.00186	0.02539	0.00472	0.00341	0.00907
1	0.00817	0.00575	0.00765	0.00903	0.00952	0.00546	0.00617	0.00947	0.01241	0.01681	0.03425	0.68761	0.04046	0.02085	0.03873	0.00291	0.00435	0.03847	0.03660	0.00532
2	0.00842	0.00608	0.00785	0.00910	0.00962	0.00585	0.00614	0.01022	0.04154	0.01669	0.03391	0.65491	0.04000	0.08231	0.01025	0.00292	0.00409	0.03888	0.00585	0.00537
3	0.01583	0.01162	0.03581	0.05753	0.01618	0.01176	0.00956	0.13665	0.17816	0.09547	0.09829	0.09424	0.05272	0.01022	0.00661	0.00207	0.00515	0.03040	0.12334	0.00839
4	0.01727	0.77681	0.03386	0.01106	0.01658	0.02557	0.01106	0.01935	0.01313	0.01520	0.00898	0.01036	0.00829	0.00553	0.00415	0.00138	0.00691	0.00345	0.00276	0.00829
5	0.81856	0.01250	0.00950	0.00850	0.01250	0.01449	0.00700	0.01899	0.01100	0.02899	0.00900	0.01050	0.00700	0.00600	0.00400	0.00200	0.00500	0.00350	0.00400	0.00700
6	0.00802	0.00590	0.00752	0.00851	0.00932	0.00540	0.00585	0.00950	0.01358	0.01801	0.14108	0.56023	0.14604	0.01865	0.00807	0.00247	0.00358	0.01670	0.00616	0.00540
7	0.01414	0.01414	0.01979	0.01696	0.01696	0.01979	0.01414	0.01555	0.00990	0.01555	0.00848	0.01414	0.00848	0.01131	0.02120	0.00283	0.76110	0.00565	0.00283	0.00707
8	0.00922	0.00633	0.00773	0.00787	0.00813	0.00652	0.00491	0.00977	0.00986	0.01337	0.02121	0.10723	0.02389	0.56346	0.16746	0.00671	0.00814	0.00976	0.00402	0.00440
9	0.02247	0.01835	0.01813	0.01463	0.01925	0.09173	0.01181	0.47946	0.19564	0.03493	0.01756	0.01720	0.01283	0.00789	0.00643	0.00197	0.00708	0.00601	0.00618	0.01046
10	0.72026	0.01319	0.01072	0.00929	0.01343	0.01518	0.00765	0.10468	0.01340	0.03044	0.00980	0.01112	0.00749	0.00622	0.00430	0.00199	0.00526	0.00379	0.00430	0.00749
11	0.01662	0.04562	0.11361	0.04737	0.43555	0.03063	0.03858	0.05269	0.01530	0.07069	0.01373	0.03991	0.01131	0.00706	0.00697	0.02737	0.00772	0.00602	0.00368	0.00959
12	0.79463	0.01245	0.00966	0.00859	0.01262	0.01434	0.00707	0.01937	0.01122	0.05045	0.00950	0.01084	0.00727	0.00606	0.00407	0.00200	0.00501	0.00359	0.00412	0.00712
13	0.01059	0.00792	0.01118	0.01078	0.01229	0.00914	0.00845	0.07368	0.01216	0.01728	0.01715	0.02451	0.01569	0.04484	0.68150	0.00963	0.01640	0.00682	0.00373	0.00623
14	0.01368	0.02438	0.40393	0.08018	0.20178	0.01507	0.06105	0.01937	0.01369	0.01993	0.01241	0.03919	0.00995	0.00678	0.00723	0.00209	0.05133	0.00575	0.00300	0.00921
15	0.00822	0.00654	0.00737	0.00722	0.00910	0.00569	0.00539	0.01038	0.01602	0.02064	0.31709	0.07663	0.45632	0.01527	0.00765	0.00214	0.00320	0.01303	0.00642	0.00569
16	0.00947	0.00638	0.00789	0.00812	0.00843	0.00652	0.00527	0.00996	0.01014	0.01363	0.02160	0.08542	0.02422	0.52306	0.12552	0.04908	0.00754	0.06928	0.00410	0.00437
17	0.00995	0.00756	0.01008	0.00971	0.01019	0.00878	0.00696	0.01108	0.00987	0.01394	0.01755	0.03166	0.01851	0.37587	0.32464	0.00751	0.10956	0.00789	0.00359	0.00509
18	0.01877	0.38236	0.02661	0.01584	0.07392	0.25433	0.03407	0.02088	0.01477	0.01610	0.01069	0.04116	0.00985	0.00680	0.00607	0.00167	0.05027	0.00469	0.00312	0.00801
19	0.01448	0.02856	0.57871	0.01814	0.04619	0.01404	0.04974	0.02105	0.01447	0.09012	0.05353	0.01663	0.01205	0.00668	0.00633	0.00204	0.00879	0.00548	0.00352	0.00948
20	0.00799	0.00571	0.00760	0.00892	0.00940	0.00532	0.00601	0.00928	0.01290	0.01734	0.09791	0.70400	0.04437	0.01961	0.00819	0.00257	0.00369	0.01777	0.00610	0.00532
21	0.00903	0.00642	0.00854	0.00982	0.01081	0.00615	0.00757	0.01102	0.01371	0.01824	0.05958	0.40944	0.08086	0.01839	0.00831	0.00267	0.00451	0.27332	0.03605	0.00559
22	0.01820	0.07697	0.06808	0.09959	0.35294	0.01539	0.03683	0.06171	0.04291	0.14264	0.01481	0.01685	0.01116	0.00643	0.00627	0.00194	0.00742	0.00575	0.00423	0.00986
23	0.01813	0.01082	0.01326	0.01190	0.03850	0.01087	0.00901	0.04389	0.23260	0.25194	0.21834	0.03123	0.06128	0.00995	0.00687	0.00207	0.00473	0.00843	0.00703	0.00915
24	0.00773	0.00655	0.00667	0.00664	0.00878	0.00549	0.00498	0.00945	0.01494	0.01796	0.10538	0.06135	0.68975	0.01617	0.00764	0.00217	0.00326	0.01352	0.00607	0.00549
25	0.01582	0.14435	0.17181	0.21507	0.20503	0.06099	0.01769	0.02004	0.01420	0.05925	0.01197	0.01498	0.00928	0.00616	0.00596	0.00191	0.00830	0.00512	0.00323	0.00885
26	0.03496	0.10976	0.20903	0.05563	0.15895	0.04182	0.06048	0.05080	0.07985	0.07496	0.01579	0.01847	0.02735	0.00700	0.00620	0.00198	0.00783	0.02588	0.00399	0.00927
27	0.01652	0.01420	0.01550	0.03758	0.09957	0.12553	0.01085	0.09228	0.06589	0.07352	0.01613	0.02249	0.01428	0.15356	0.12643	0.02281	0.07448	0.00651	0.00429	0.00758
28	0.00920	0.00680	0.00992	0.00997	0.01097	0.00777	0.00755	0.01121	0.01036	0.01479	0.01835	0.05612	0.01797	0.12475	0.64224	0.00964	0.01560	0.00763	0.00361	0.00555
29	0.01340	0.01148	0.01340	0.00957	0.01531	0.00861	0.00766	0.01627	0.01340	0.02105	0.01148	0.01340	0.00957	0.00479	0.00479	0.00096	0.00479	0.00383	0.00383	0.81242
30	0.01405	0.05010	0.46110	0.02040	0.02842	0.04347	0.22147	0.02038	0.01416	0.02000	0.01209	0.01498	0.00895	0.00744	0.03282	0.00235	0.01022	0.00562	0.00294	0.00906
31	0.00904	0.00645	0.00915	0.00951	0.01026	0.00703	0.00690	0.01048	0.01062	0.01482	0.02171	0.20394	0.02315	0.13481	0.43767	0.05326	0.01198	0.00989	0.00409	0.00524
32	0.02069	0.01294	0.01650	0.01354	0.01657	0.01455	0.01108	0.19295	0.01820	0.25440	0.03935	0.06856	0.01575	0.01198	0.05009	0.00270	0.21822	0.00705	0.00577	0.00909
33	0.01398	0.01147	0.01346	0.00964	0.01536	0.00865	0.00773	0.01684	0.01359	0.04784	0.01201	0.01372	0.00981	0.00491	0.00485	0.00100	0.00481	0.00393	0.00398	0.78244
34	0.01591	0.21005	0.34661	0.01919	0.12208	0.01828	0.03367	0.09951	0.03811	0.02180	0.01198	0.01380	0.00922	0.00619	0.00577	0.00186	0.00825	0.00485	0.00336	0.00950
35	0.02295	0.02729	0.01818	0.03430	0.05606	0.60277	0.01258	0.04214	0.04727	0.03941	0.01171	0.01326	0.00942	0.00679	0.00590	0.00172	0.01058	0.00457	0.02521	0.00789
36	0.00894	0.00663	0.00848	0.00908	0.01049	0.00618	0.00709	0.01127	0.01532	0.02027	0.24402	0.20885	0.18884	0.01669	0.00814	0.00246	0.00409	0.21112	0.00631	0.00574
37	0.01382	0.01823	0.20781	0.01621	0.06817	0.01217	0.09731	0.03562	0.04988	0.02173	0.03776	0.01686	0.02603	0.00607	0.00587	0.00160	0.00695	0.00535	0.00379	0.34877
38	0.01144	0.00840	0.01142	0.06090	0.01425	0.00926	0.00864	0.03506	0.07786	0.03930	0.04123	0.02921	0.01891	0.11172	0.38050	0.03822	0.01163	0.05064	0.00425	0.03716
39	0.01537	0.03743	0.02478	0.13127	0.47942	0.04558	0.06217	0.01906	0.01442	0.01971	0.01380	0.01850	0.03009	0.00667	0.00707	0.00201	0.03731	0.02286	0.00328	0.00920
40	0.00894	0.00682	0.00816	0.00916	0.00973	0.03409	0.00622	0.01015	0.01207	0.01606	0.03040	0.55207	0.03546	0.10530	0.09789	0.00387	0.00591	0.01515	0.02728	0.00527
41	0.04550	0.01198	0.01458	0.01267	0.08776	0.00974	0.00893	0.01725	0.03364	0.02154	0.01188	0.01385	0.00983	0.00504	0.00497	0.00113	0.00510	0.00411	0.00385	0.67664
42	0.01623	0.10978	0.07391	0.01307	0.01639	0.30177	0.01088	0.01850	0.01495	0.01664	0.03717	0.12669	0.05659	0.01511	0.11280	0.00307	0.00965	0.00730	0.00389	0.03561
43	0.01111	0.00569	0.00853	0.00853	0.00859	0.00575	0.00575	0.00859	0.00853	0.01144	0.01157	0.01997	0.01150	0.02392	0.06602	0.76675	0.00627	0.00569	0.00284	0.00297
44	0.01275	0.01230	0.04025	0.59817	0.05954	0.01419	0.01681	0.03998	0.06078	0.01825	0.01399	0.05991	0.01139	0.00740	0.00656	0.00217	0.00806	0.00653	0.00342	0.00756
45	0.01608	0.43357	0.21316	0.01340	0.01928	0.10048	0.01410	0.01944	0.01377	0.01675	0.01212	0.07816	0.01130	0.00711	0.00521	0.00170	0.00784	0.00519	0.00310	0.00826
46	0.00902	0.00660	0.00848	0.00816	0.00971	0.00606	0.00616	0.01187	0.01763	0.02457	0.61820	0.07468	0.12020	0.01392	0.00769	0.00210	0.00321	0.03881	0.00693	0.00600
47	0.01530	0.01509	0.09154	0.02276	0.25474	0.03438	0.08313	0.06173	0.04333	0.07518	0.07210	0.16225	0.02077	0.00952	0.00694	0.00211	0.00691	0.00876	0.00468	0.00878
48	0.01673	0.12193	0.31990	0.01605	0.06177	0.03228	0.01629	0.08599	0.04095	0.09747	0.01521	0.01616	0.03168	0.00665	0.00587	0.00182	0.00763	0.00518	0.00403	0.09641
49	0.01804	0.65738	0.03134	0.04100	0.01798	0.08736	0.01140	0.02018	0.01374	0.03827	0.00969	0.01112	0.00855	0.00574	0.00446	0.00146	0.00734	0.00370	0.00298	0.00826
50	0.68035	0.01232	0.01097	0.00951	0.01360	0.01372	0.03494	0.01853	0.01157	0.02752	0.01080	0.01458	0.00904	0.00657	0.00448	0.00199	0.00527	0.04321	0.00407	0.06696

[dist]
# distance from previous block
# <min> <max>
0	10

# created by:
# /home/berkeley/.conda/envs/busco_data_prod/bin/msa2prfl.pl pipeline/OGs_align_augustus/4893/20797.fs
