[name]
unknown

[dist]
# distance from previous block
# <min> <max>
8	151

[block]
# block no. 0 follows, 34 sequences, length 101
# corresponding to MSA columns:
# 173-273
name=unknown_A
#
# <colnr> <probs for GDERKNQSTAVLIFYWHMCP>
#	G	D	E	R	K	N	Q	S	T	A	V	L	I	F	Y	W	H	M	C	P
0	0.03593	0.01272	0.03485	0.10588	0.01932	0.06091	0.06196	0.09988	0.03849	0.02228	0.12511	0.14793	0.02451	0.04429	0.00834	0.00225	0.02470	0.03259	0.00492	0.09315
1	0.03899	0.00977	0.01197	0.01169	0.04219	0.04117	0.04107	0.05192	0.01382	0.04074	0.02716	0.31259	0.08426	0.11489	0.01113	0.00275	0.03617	0.01157	0.02602	0.07012
2	0.05753	0.01370	0.03554	0.01423	0.01827	0.03835	0.13961	0.11846	0.10152	0.08910	0.05369	0.04200	0.01692	0.10668	0.03298	0.02249	0.00721	0.00713	0.00498	0.07963
3	0.03830	0.01155	0.01314	0.07927	0.03499	0.10044	0.04413	0.03168	0.01391	0.03520	0.08333	0.19761	0.02454	0.15332	0.03754	0.00312	0.00677	0.00959	0.00460	0.07698
4	0.03895	0.01341	0.02003	0.09944	0.06678	0.03189	0.15877	0.10145	0.07402	0.08439	0.07337	0.03910	0.01674	0.02756	0.04275	0.00248	0.00765	0.00703	0.02695	0.06724
5	0.01525	0.01398	0.01731	0.01399	0.01729	0.08973	0.13374	0.13053	0.05440	0.02194	0.03825	0.05702	0.08392	0.14070	0.01193	0.00272	0.04545	0.00792	0.03747	0.06648
6	0.01243	0.00912	0.01171	0.03664	0.06708	0.00932	0.00856	0.07246	0.04583	0.04215	0.26368	0.05585	0.09175	0.01282	0.04141	0.00240	0.03072	0.03681	0.12020	0.02905
7	0.01233	0.01161	0.01961	0.73350	0.06741	0.01439	0.01801	0.01662	0.01298	0.01666	0.01151	0.01719	0.00867	0.00644	0.00646	0.00215	0.00858	0.00574	0.00288	0.00728
8	0.01571	0.01286	0.01713	0.04467	0.01824	0.06980	0.11975	0.09372	0.03231	0.08544	0.01759	0.07361	0.01560	0.09656	0.12332	0.00374	0.04648	0.00738	0.04844	0.05767
9	0.00868	0.00666	0.00820	0.00849	0.01011	0.00618	0.00659	0.01092	0.01505	0.01963	0.22033	0.12655	0.30702	0.01896	0.07110	0.00303	0.00495	0.13578	0.00605	0.00571
10	0.02341	0.01817	0.02012	0.01555	0.02046	0.04267	0.04567	0.60637	0.05048	0.03751	0.01528	0.01570	0.01102	0.00779	0.00710	0.00199	0.03816	0.00589	0.00607	0.01058
11	0.00786	0.00636	0.00702	0.00744	0.00912	0.00551	0.00546	0.00947	0.01425	0.01754	0.07584	0.23892	0.50797	0.01731	0.00785	0.00232	0.00350	0.04478	0.00603	0.00544
12	0.00795	0.00572	0.00756	0.00899	0.00948	0.00533	0.00610	0.00916	0.01255	0.01663	0.03678	0.71655	0.07062	0.02000	0.00824	0.00262	0.00380	0.04064	0.00600	0.00528
13	0.61255	0.01427	0.01204	0.01019	0.01445	0.03441	0.00837	0.18113	0.01572	0.03140	0.01055	0.01170	0.00797	0.00643	0.00462	0.00198	0.00566	0.00406	0.00456	0.00794
14	0.10297	0.01794	0.05820	0.07174	0.02307	0.11932	0.15082	0.07968	0.24306	0.04286	0.01677	0.01777	0.01256	0.00710	0.00636	0.00206	0.00784	0.00613	0.00473	0.00901
15	0.00787	0.00562	0.00750	0.00900	0.00937	0.00525	0.00600	0.00900	0.01237	0.01649	0.03561	0.76871	0.04274	0.02024	0.00825	0.00262	0.00375	0.01837	0.00600	0.00525
16	0.01570	0.01494	0.02625	0.13013	0.51435	0.01533	0.10285	0.01968	0.01449	0.04002	0.01242	0.01643	0.01007	0.00606	0.00705	0.00201	0.03336	0.00600	0.00328	0.00957
17	0.01374	0.01169	0.01358	0.00973	0.01546	0.00896	0.00780	0.03752	0.01392	0.02166	0.01161	0.01346	0.00961	0.00488	0.00484	0.00099	0.00486	0.00389	0.00391	0.78791
18	0.04919	0.01681	0.01818	0.01402	0.01911	0.01821	0.01154	0.56768	0.05638	0.09033	0.01624	0.01606	0.01151	0.00758	0.00629	0.00190	0.00670	0.00573	0.00634	0.06021
19	0.03698	0.11328	0.41882	0.01681	0.02445	0.01556	0.09129	0.05094	0.01470	0.06974	0.01310	0.03341	0.00996	0.00646	0.00601	0.00192	0.00843	0.00534	0.00350	0.05930
20	0.74808	0.01412	0.01028	0.00922	0.01316	0.07949	0.00748	0.01960	0.01165	0.02782	0.00908	0.01060	0.00712	0.00606	0.00416	0.00197	0.00559	0.00356	0.00394	0.00704
21	0.02503	0.01735	0.01893	0.01451	0.01966	0.01893	0.01199	0.63938	0.02913	0.11419	0.01657	0.01620	0.01152	0.00778	0.00647	0.00195	0.00694	0.00589	0.00663	0.01099
22	0.01528	0.01335	0.01552	0.01626	0.11615	0.01493	0.01109	0.02992	0.55131	0.02561	0.05775	0.02618	0.06009	0.00897	0.00666	0.00215	0.00528	0.00764	0.00609	0.00978
23	0.01606	0.01609	0.04983	0.03508	0.57148	0.01600	0.06122	0.04998	0.01497	0.02143	0.01201	0.01582	0.01002	0.00633	0.00778	0.00202	0.07487	0.00583	0.00330	0.00987
24	0.18863	0.01682	0.01670	0.01655	0.11274	0.10308	0.01160	0.19487	0.22332	0.02870	0.01617	0.01656	0.01227	0.00728	0.00589	0.00199	0.00670	0.00556	0.00517	0.00941
25	0.01004	0.00715	0.00923	0.00902	0.00982	0.00779	0.00630	0.04408	0.01087	0.01506	0.01867	0.03292	0.01939	0.39007	0.37297	0.00803	0.01158	0.00804	0.00382	0.00514
26	0.01582	0.01518	0.02592	0.07155	0.70204	0.01531	0.01975	0.01968	0.01463	0.02090	0.01212	0.01605	0.01016	0.00579	0.00640	0.00193	0.00772	0.00576	0.00318	0.01010
27	0.01220	0.01148	0.01938	0.75739	0.04450	0.01436	0.01794	0.01651	0.01292	0.01651	0.01148	0.01723	0.00861	0.00646	0.00646	0.00215	0.00861	0.00574	0.00287	0.00718
28	0.00824	0.00590	0.00782	0.00875	0.00945	0.00549	0.00603	0.00991	0.01406	0.01918	0.23346	0.56320	0.04794	0.01824	0.00807	0.00246	0.00355	0.01646	0.00632	0.00549
29	0.81856	0.01250	0.00950	0.00850	0.01250	0.01449	0.00700	0.01899	0.01100	0.02899	0.00900	0.01050	0.00700	0.00600	0.00400	0.00200	0.00500	0.00350	0.00400	0.00700
30	0.01220	0.01148	0.01938	0.75739	0.04450	0.01436	0.01794	0.01651	0.01292	0.01651	0.01148	0.01723	0.00861	0.00646	0.00646	0.00215	0.00861	0.00574	0.00287	0.00718
31	0.81856	0.01250	0.00950	0.00850	0.01250	0.01449	0.00700	0.01899	0.01100	0.02899	0.00900	0.01050	0.00700	0.00600	0.00400	0.00200	0.00500	0.00350	0.00400	0.00700
32	0.01404	0.01146	0.01346	0.00965	0.01536	0.00865	0.00773	0.01689	0.01361	0.05030	0.01206	0.01375	0.00983	0.00492	0.00486	0.00100	0.00481	0.00394	0.00400	0.77969
33	0.02456	0.01810	0.01939	0.01487	0.02004	0.02004	0.01228	0.71107	0.03038	0.04072	0.01551	0.01551	0.01099	0.00776	0.00646	0.00194	0.00711	0.00582	0.00646	0.01099
34	0.02456	0.01810	0.01939	0.01487	0.02004	0.02004	0.01228	0.71107	0.03038	0.04072	0.01551	0.01551	0.01099	0.00776	0.00646	0.00194	0.00711	0.00582	0.00646	0.01099
35	0.57134	0.01680	0.01222	0.01081	0.01475	0.16911	0.00863	0.07274	0.03209	0.02705	0.01014	0.01146	0.00790	0.00634	0.00463	0.00193	0.00656	0.00391	0.00411	0.00748
36	0.01480	0.01393	0.02348	0.03516	0.62658	0.01387	0.01780	0.01824	0.01437	0.02043	0.01559	0.12635	0.01500	0.00788	0.00667	0.00202	0.00710	0.00761	0.00361	0.00950
37	0.81856	0.01250	0.00950	0.00850	0.01250	0.01449	0.00700	0.01899	0.01100	0.02899	0.00900	0.01050	0.00700	0.00600	0.00400	0.00200	0.00500	0.00350	0.00400	0.00700
38	0.01599	0.01535	0.02623	0.03966	0.73262	0.01535	0.01983	0.01983	0.01471	0.02111	0.01215	0.01599	0.01023	0.00576	0.00640	0.00192	0.00768	0.00576	0.00320	0.01023
39	0.01607	0.01388	0.01461	0.01315	0.01680	0.01607	0.01023	0.03433	0.72094	0.02703	0.02630	0.02411	0.01972	0.00877	0.00657	0.00219	0.00511	0.00731	0.00657	0.01023
40	0.02505	0.01732	0.01891	0.01450	0.01965	0.01889	0.01198	0.63680	0.02908	0.11683	0.01660	0.01622	0.01154	0.00778	0.00647	0.00195	0.00693	0.00589	0.00663	0.01099
41	0.66368	0.01230	0.01056	0.00914	0.01329	0.01375	0.00751	0.02154	0.03704	0.14264	0.01225	0.01282	0.00889	0.00642	0.00449	0.00201	0.00508	0.00411	0.00473	0.00775
42	0.01220	0.01148	0.01938	0.75739	0.04450	0.01436	0.01794	0.01651	0.01292	0.01651	0.01148	0.01723	0.00861	0.00646	0.00646	0.00215	0.00861	0.00574	0.00287	0.00718
43	0.81856	0.01250	0.00950	0.00850	0.01250	0.01449	0.00700	0.01899	0.01100	0.02899	0.00900	0.01050	0.00700	0.00600	0.00400	0.00200	0.00500	0.00350	0.00400	0.00700
44	0.01529	0.01726	0.03700	0.02656	0.03296	0.01633	0.67568	0.02135	0.04904	0.02100	0.01371	0.01775	0.01028	0.00561	0.00757	0.00218	0.01062	0.00761	0.00343	0.00879
45	0.01599	0.01535	0.02623	0.03966	0.73262	0.01535	0.01983	0.01983	0.01471	0.02111	0.01215	0.01599	0.01023	0.00576	0.00640	0.00192	0.00768	0.00576	0.00320	0.01023
46	0.81856	0.01250	0.00950	0.00850	0.01250	0.01449	0.00700	0.01899	0.01100	0.02899	0.00900	0.01050	0.00700	0.00600	0.00400	0.00200	0.00500	0.00350	0.00400	0.00700
47	0.01525	0.01743	0.03813	0.02723	0.03377	0.01634	0.70915	0.02070	0.01525	0.02070	0.01307	0.01743	0.00980	0.00545	0.00763	0.00218	0.01089	0.00763	0.00327	0.00871
48	0.01599	0.01535	0.02623	0.03966	0.73262	0.01535	0.01983	0.01983	0.01471	0.02111	0.01215	0.01599	0.01023	0.00576	0.00640	0.00192	0.00768	0.00576	0.00320	0.01023
49	0.02899	0.01100	0.01499	0.01150	0.01649	0.00950	0.00950	0.03149	0.01849	0.73709	0.02549	0.02199	0.01599	0.00800	0.00650	0.00200	0.00550	0.00650	0.00800	0.01100
50	0.01220	0.01148	0.01938	0.75739	0.04450	0.01436	0.01794	0.01651	0.01292	0.01651	0.01148	0.01723	0.00861	0.00646	0.00646	0.00215	0.00861	0.00574	0.00287	0.00718
51	0.67401	0.01352	0.01130	0.00966	0.01387	0.01550	0.00796	0.14499	0.01452	0.03113	0.01018	0.01141	0.00772	0.00632	0.00445	0.00199	0.00538	0.00392	0.00445	0.00772
52	0.01692	0.01534	0.02337	0.03033	0.45677	0.01673	0.01712	0.13813	0.01641	0.02329	0.01223	0.01587	0.01024	0.00847	0.03274	0.00236	0.14454	0.00579	0.00370	0.00965
53	0.00907	0.00660	0.00854	0.00805	0.00961	0.00607	0.00604	0.01205	0.01812	0.02551	0.69742	0.04893	0.09300	0.01336	0.00762	0.00204	0.00306	0.01178	0.00706	0.00607
54	0.01599	0.01535	0.02623	0.03966	0.73262	0.01535	0.01983	0.01983	0.01471	0.02111	0.01215	0.01599	0.01023	0.00576	0.00640	0.00192	0.00768	0.00576	0.00320	0.01023
55	0.02201	0.01619	0.01774	0.01343	0.01874	0.01681	0.01103	0.51308	0.02573	0.06434	0.01493	0.01526	0.01085	0.00704	0.00605	0.00170	0.00647	0.00536	0.00588	0.20736
56	0.01122	0.00561	0.00842	0.00842	0.00842	0.00561	0.00561	0.00842	0.00842	0.01122	0.01122	0.01964	0.01122	0.02245	0.02525	0.81201	0.00561	0.00561	0.00281	0.00281
57	0.00940	0.00626	0.00705	0.00705	0.00705	0.00626	0.00392	0.00940	0.00940	0.01253	0.02036	0.04228	0.02349	0.77292	0.03289	0.00626	0.00626	0.00940	0.00392	0.00392
58	0.01296	0.03342	0.73944	0.01842	0.02797	0.01501	0.02387	0.02046	0.01364	0.02046	0.01160	0.01364	0.00818	0.00614	0.00614	0.00205	0.00955	0.00477	0.00273	0.00955
59	0.81856	0.01250	0.00950	0.00850	0.01250	0.01449	0.00700	0.01899	0.01100	0.02899	0.00900	0.01050	0.00700	0.00600	0.00400	0.00200	0.00500	0.00350	0.00400	0.00700
60	0.81856	0.01250	0.00950	0.00850	0.01250	0.01449	0.00700	0.01899	0.01100	0.02899	0.00900	0.01050	0.00700	0.00600	0.00400	0.00200	0.00500	0.00350	0.00400	0.00700
61	0.01525	0.01743	0.03813	0.02723	0.03377	0.01634	0.70915	0.02070	0.01525	0.02070	0.01307	0.01743	0.00980	0.00545	0.00763	0.00218	0.01089	0.00763	0.00327	0.00871
62	0.01607	0.01388	0.01461	0.01315	0.01680	0.01607	0.01023	0.03433	0.72094	0.02703	0.02630	0.02411	0.01972	0.00877	0.00657	0.00219	0.00511	0.00731	0.00657	0.01023
63	0.01340	0.01148	0.01340	0.00957	0.01531	0.00861	0.00766	0.01627	0.01340	0.02105	0.01148	0.01340	0.00957	0.00479	0.00479	0.00096	0.00479	0.00383	0.00383	0.81242
64	0.00765	0.00650	0.00659	0.00665	0.00876	0.00545	0.00496	0.00926	0.01462	0.01741	0.06413	0.09357	0.69946	0.01654	0.00766	0.00220	0.00329	0.01385	0.00600	0.00545
65	0.00924	0.00685	0.01003	0.01002	0.01108	0.00786	0.00765	0.01136	0.01052	0.01509	0.03774	0.02755	0.01808	0.11265	0.66209	0.00978	0.01591	0.00728	0.00361	0.00561
66	0.01599	0.01535	0.02623	0.03966	0.73262	0.01535	0.01983	0.01983	0.01471	0.02111	0.01215	0.01599	0.01023	0.00576	0.00640	0.00192	0.00768	0.00576	0.00320	0.01023
67	0.00787	0.00562	0.00750	0.00900	0.00937	0.00525	0.00600	0.00900	0.01237	0.01649	0.03561	0.76871	0.04274	0.02024	0.00825	0.00262	0.00375	0.01837	0.00600	0.00525
68	0.00940	0.00626	0.00705	0.00705	0.00705	0.00626	0.00392	0.00940	0.00940	0.01253	0.02036	0.04228	0.02349	0.77292	0.03289	0.00626	0.00626	0.00940	0.00392	0.00392
69	0.01340	0.01148	0.01340	0.00957	0.01531	0.00861	0.00766	0.01627	0.01340	0.02105	0.01148	0.01340	0.00957	0.00479	0.00479	0.00096	0.00479	0.00383	0.00383	0.81242
70	0.01599	0.01535	0.02623	0.03966	0.73262	0.01535	0.01983	0.01983	0.01471	0.02111	0.01215	0.01599	0.01023	0.00576	0.00640	0.00192	0.00768	0.00576	0.00320	0.01023
71	0.00805	0.00635	0.00725	0.00747	0.00909	0.00556	0.00543	0.00990	0.01505	0.01925	0.21620	0.21693	0.41758	0.01648	0.00777	0.00225	0.00333	0.01423	0.00626	0.00556
72	0.81856	0.01250	0.00950	0.00850	0.01250	0.01449	0.00700	0.01899	0.01100	0.02899	0.00900	0.01050	0.00700	0.00600	0.00400	0.00200	0.00500	0.00350	0.00400	0.00700
73	0.00940	0.00626	0.00705	0.00705	0.00705	0.00626	0.00392	0.00940	0.00940	0.01253	0.02036	0.04228	0.02349	0.77292	0.03289	0.00626	0.00626	0.00940	0.00392	0.00392
74	0.01571	0.01378	0.01591	0.01660	0.11695	0.01553	0.01136	0.03126	0.59261	0.02580	0.02593	0.02454	0.04776	0.00866	0.00659	0.00215	0.00540	0.00735	0.00608	0.01003
75	0.02414	0.03079	0.01831	0.01665	0.01998	0.74698	0.01248	0.02580	0.01831	0.01581	0.00999	0.01165	0.00832	0.00666	0.00583	0.00166	0.01165	0.00416	0.00333	0.00749
76	0.01128	0.00810	0.00963	0.00877	0.01073	0.03904	0.00665	0.01423	0.01817	0.07406	0.62990	0.04391	0.05418	0.01234	0.00739	0.00198	0.00364	0.01079	0.00692	0.02829
77	0.05500	0.01968	0.01776	0.01569	0.01775	0.26656	0.01245	0.02303	0.15767	0.01860	0.01265	0.01515	0.01065	0.00896	0.01219	0.00226	0.31690	0.00538	0.00382	0.00785
78	0.02586	0.01433	0.01763	0.01499	0.07028	0.01447	0.01142	0.31210	0.04212	0.37726	0.02041	0.01893	0.01360	0.00775	0.00648	0.00197	0.00631	0.00618	0.00697	0.01092
79	0.01223	0.01112	0.01816	0.30292	0.21727	0.01217	0.03360	0.01612	0.04258	0.01828	0.01915	0.22978	0.01919	0.01024	0.00699	0.00223	0.00690	0.00943	0.00401	0.00762
80	0.01388	0.03644	0.19562	0.03539	0.04370	0.01187	0.06511	0.03678	0.01408	0.02115	0.01170	0.01393	0.00925	0.00535	0.00546	0.00142	0.00673	0.00451	0.00351	0.46413
81	0.00811	0.00578	0.00771	0.00916	0.00960	0.00545	0.00627	0.00934	0.01247	0.01659	0.03502	0.69266	0.04170	0.04382	0.00908	0.00277	0.00400	0.06929	0.00593	0.00526
82	0.01778	0.01898	0.01958	0.08050	0.27065	0.25830	0.01440	0.05701	0.04105	0.02066	0.09822	0.02023	0.03977	0.00755	0.00641	0.00188	0.00827	0.00624	0.00406	0.00848
83	0.01371	0.02553	0.46850	0.01571	0.02328	0.01392	0.01826	0.05413	0.10188	0.02268	0.06027	0.01724	0.01337	0.00681	0.00612	0.00191	0.00781	0.00546	0.00382	0.11960
84	0.00791	0.00572	0.00749	0.00881	0.00934	0.00530	0.00593	0.00915	0.01278	0.01697	0.06803	0.69296	0.08634	0.01969	0.00818	0.00257	0.00369	0.01778	0.00605	0.00530
85	0.02420	0.02897	0.01847	0.01639	0.01998	0.64241	0.01246	0.12438	0.02005	0.01940	0.01078	0.01221	0.00871	0.00682	0.00592	0.00170	0.01100	0.00440	0.00378	0.00799
86	0.00787	0.00562	0.00750	0.00900	0.00937	0.00525	0.00600	0.00900	0.01237	0.01649	0.03561	0.76871	0.04274	0.02024	0.00825	0.00262	0.00375	0.01837	0.00600	0.00525
87	0.01529	0.16522	0.41936	0.03606	0.04129	0.05184	0.05994	0.05079	0.01480	0.04191	0.01362	0.01535	0.03398	0.00650	0.00594	0.00191	0.00873	0.00513	0.00325	0.00909
88	0.01292	0.01222	0.02068	0.62106	0.17521	0.01454	0.01830	0.01714	0.01326	0.01738	0.01161	0.01699	0.00892	0.00633	0.00645	0.00211	0.00844	0.00575	0.00293	0.00776
89	0.00776	0.00655	0.00671	0.00667	0.00880	0.00551	0.00500	0.00950	0.01501	0.01812	0.11789	0.06108	0.67714	0.01611	0.00764	0.00217	0.00326	0.01348	0.00609	0.00551
90	0.01325	0.01277	0.02382	0.02098	0.09636	0.01239	0.30547	0.01825	0.05656	0.02113	0.08422	0.03859	0.02394	0.01043	0.00786	0.00240	0.00791	0.23119	0.00467	0.00782
91	0.01143	0.01032	0.12611	0.04101	0.01308	0.00747	0.00906	0.01070	0.00958	0.01310	0.01212	0.04407	0.01170	0.01909	0.02083	0.62104	0.00630	0.00592	0.00290	0.00415
92	0.00948	0.00623	0.00711	0.00711	0.00711	0.00623	0.00400	0.00935	0.00935	0.01247	0.01992	0.04120	0.02290	0.73699	0.03252	0.04485	0.00623	0.00922	0.00386	0.00386
93	0.01373	0.01365	0.02016	0.01704	0.01762	0.01838	0.06323	0.01552	0.01033	0.01586	0.00969	0.01549	0.00934	0.01459	0.09264	0.00353	0.63328	0.00592	0.00292	0.00706
94	0.01575	0.28986	0.05170	0.26601	0.11783	0.04920	0.05581	0.04958	0.01438	0.01805	0.01088	0.01418	0.00885	0.00603	0.00565	0.00181	0.00811	0.00493	0.00307	0.00832
95	0.01742	0.01514	0.05098	0.05353	0.43405	0.05955	0.01622	0.02092	0.01547	0.12924	0.04740	0.04279	0.01499	0.00734	0.00650	0.00197	0.00722	0.02501	0.02477	0.00948
96	0.72375	0.01468	0.01055	0.00947	0.01339	0.10192	0.00765	0.01981	0.01187	0.02742	0.00912	0.01063	0.00716	0.00608	0.00422	0.00196	0.00579	0.00358	0.00392	0.00706
97	0.01219	0.01142	0.01921	0.70681	0.06738	0.01408	0.01760	0.01637	0.01296	0.01667	0.01233	0.04276	0.00983	0.00690	0.00652	0.00216	0.00841	0.00617	0.00299	0.00722
98	0.00787	0.00562	0.00750	0.00900	0.00937	0.00525	0.00600	0.00900	0.01237	0.01649	0.03561	0.76871	0.04274	0.02024	0.00825	0.00262	0.00375	0.01837	0.00600	0.00525
99	0.05373	0.14923	0.02035	0.01576	0.06106	0.28675	0.03011	0.02211	0.08895	0.01810	0.01295	0.04556	0.01151	0.02752	0.00801	0.00196	0.08845	0.00540	0.00369	0.04881
100	0.00829	0.03960	0.00866	0.00909	0.00969	0.00614	0.00622	0.00945	0.01240	0.01644	0.03444	0.73529	0.04122	0.01959	0.00807	0.00257	0.00389	0.01771	0.00586	0.00538

[dist]
# distance from previous block
# <min> <max>
0	7

[block]
# block no. 1 follows, 34 sequences, length 32
# corresponding to MSA columns:
# 281-312
name=unknown_B
#
# <colnr> <probs for GDERKNQSTAVLIFYWHMCP>
#	G	D	E	R	K	N	Q	S	T	A	V	L	I	F	Y	W	H	M	C	P
0	0.16101	0.06542	0.21931	0.02020	0.11725	0.09083	0.15571	0.02019	0.01408	0.02123	0.01236	0.03289	0.01019	0.00659	0.00606	0.00201	0.00858	0.02420	0.00336	0.00853
1	0.01487	0.02135	0.29215	0.01663	0.08470	0.04849	0.03447	0.03787	0.01467	0.04990	0.02814	0.01492	0.01048	0.00589	0.00575	0.00162	0.00741	0.00481	0.00362	0.30226
2	0.52896	0.22961	0.01708	0.00987	0.01425	0.07619	0.00858	0.01964	0.01218	0.02405	0.00907	0.01055	0.00747	0.00592	0.00419	0.00180	0.00607	0.00354	0.00360	0.00740
3	0.01451	0.03230	0.61189	0.01862	0.02722	0.10950	0.05613	0.02116	0.01432	0.01987	0.01146	0.01357	0.00828	0.00617	0.00617	0.00200	0.00989	0.00484	0.00283	0.00924
4	0.00983	0.00749	0.00914	0.00863	0.01045	0.00727	0.00649	0.01460	0.10673	0.02490	0.55099	0.06759	0.12481	0.01318	0.00751	0.00209	0.00335	0.01153	0.00690	0.00653
5	0.00787	0.00562	0.00750	0.00900	0.00937	0.00525	0.00600	0.00900	0.01237	0.01649	0.03561	0.76871	0.04274	0.02024	0.00825	0.00262	0.00375	0.01837	0.00600	0.00525
6	0.01690	0.54206	0.02794	0.01170	0.01665	0.02264	0.01080	0.02396	0.23092	0.01884	0.01431	0.01459	0.01181	0.00652	0.00489	0.00163	0.00636	0.00464	0.00394	0.00889
7	0.01011	0.00734	0.00999	0.01132	0.01288	0.00722	0.00981	0.01294	0.01486	0.01913	0.03762	0.07172	0.11270	0.01769	0.00878	0.00289	0.00566	0.61550	0.00596	0.00590
8	0.01755	0.01676	0.02393	0.09429	0.53808	0.10995	0.01807	0.02106	0.01527	0.06505	0.01266	0.01591	0.01021	0.00607	0.00633	0.00191	0.00813	0.00560	0.00349	0.00967
9	0.01544	0.01459	0.02417	0.05635	0.62257	0.01479	0.01832	0.02013	0.06140	0.02134	0.03268	0.04265	0.01324	0.00666	0.00650	0.00197	0.00728	0.00644	0.00361	0.00987
10	0.01041	0.00744	0.01041	0.01190	0.01339	0.00744	0.01041	0.01339	0.01487	0.01934	0.03421	0.07288	0.03719	0.01785	0.00892	0.00297	0.00595	0.68913	0.00595	0.00595
11	0.01514	0.01448	0.02469	0.20062	0.57830	0.01513	0.01941	0.01909	0.01431	0.02008	0.01200	0.01627	0.00987	0.00591	0.00641	0.00197	0.00789	0.00575	0.00312	0.00955
12	0.01649	0.50750	0.10339	0.01874	0.18027	0.02192	0.03461	0.01961	0.01360	0.01723	0.01008	0.01217	0.00876	0.00564	0.00496	0.00159	0.00747	0.00423	0.00287	0.00887
13	0.01001	0.00707	0.00877	0.00904	0.01037	0.00686	0.00647	0.04075	0.04454	0.04577	0.13872	0.39396	0.13273	0.05533	0.05551	0.00307	0.00482	0.01415	0.00602	0.00603
14	0.76788	0.01243	0.01012	0.05557	0.01451	0.01449	0.00769	0.01884	0.01112	0.02821	0.00915	0.01092	0.00710	0.00603	0.00415	0.00201	0.00523	0.00364	0.00393	0.00701
15	0.00794	0.00574	0.00752	0.00880	0.00935	0.00532	0.00594	0.00923	0.01290	0.01718	0.08383	0.67951	0.08374	0.01955	0.00817	0.00256	0.00367	0.01765	0.00607	0.00532
16	0.00873	0.00659	0.00806	0.00769	0.00940	0.00592	0.00577	0.01139	0.01731	0.02358	0.54651	0.05210	0.24511	0.01408	0.00763	0.00207	0.00311	0.01222	0.00681	0.00592
17	0.01642	0.01405	0.01481	0.01322	0.01694	0.01624	0.01031	0.06243	0.69227	0.02760	0.02585	0.02375	0.01936	0.00872	0.00657	0.00218	0.00520	0.00724	0.00657	0.01026
18	0.81856	0.01250	0.00950	0.00850	0.01250	0.01449	0.00700	0.01899	0.01100	0.02899	0.00900	0.01050	0.00700	0.00600	0.00400	0.00200	0.00500	0.00350	0.00400	0.00700
19	0.01808	0.01494	0.01610	0.01333	0.04352	0.05016	0.01025	0.26543	0.12226	0.02895	0.06248	0.01801	0.01490	0.00710	0.00594	0.00162	0.00599	0.00564	0.00533	0.28995
20	0.00786	0.00653	0.00671	0.00668	0.00865	0.00555	0.00490	0.00945	0.01452	0.01756	0.10039	0.05984	0.63664	0.07468	0.00959	0.00249	0.00349	0.01320	0.00590	0.00537
21	0.01572	0.05908	0.02604	0.10382	0.62807	0.01585	0.01915	0.01950	0.01446	0.02035	0.01191	0.01578	0.00997	0.00581	0.00627	0.00191	0.00772	0.00562	0.00314	0.00984
22	0.01644	0.33557	0.02500	0.01405	0.01713	0.12664	0.03011	0.01836	0.01266	0.01552	0.00992	0.01341	0.00919	0.01180	0.08467	0.00280	0.24153	0.00469	0.00295	0.00755
23	0.81856	0.01250	0.00950	0.00850	0.01250	0.01449	0.00700	0.01899	0.01100	0.02899	0.00900	0.01050	0.00700	0.00600	0.00400	0.00200	0.00500	0.00350	0.00400	0.00700
24	0.00875	0.00659	0.00809	0.00771	0.00941	0.00593	0.00579	0.01143	0.01736	0.02370	0.55537	0.05191	0.23619	0.01404	0.00762	0.00207	0.00311	0.01220	0.00682	0.00593
25	0.01599	0.01535	0.02623	0.03966	0.73262	0.01535	0.01983	0.01983	0.01471	0.02111	0.01215	0.01599	0.01023	0.00576	0.00640	0.00192	0.00768	0.00576	0.00320	0.01023
26	0.00775	0.00637	0.00683	0.00709	0.00890	0.00544	0.00518	0.00935	0.01443	0.01766	0.09029	0.19866	0.56575	0.01697	0.00775	0.00226	0.00335	0.01446	0.00605	0.00544
27	0.00787	0.00562	0.00750	0.00900	0.00937	0.00525	0.00600	0.00900	0.01237	0.01649	0.03561	0.76871	0.04274	0.02024	0.00825	0.00262	0.00375	0.01837	0.00600	0.00525
28	0.26864	0.01164	0.01329	0.01069	0.01530	0.01145	0.00878	0.02787	0.06268	0.47443	0.02052	0.01863	0.01350	0.00744	0.00574	0.00201	0.00532	0.00564	0.00669	0.00973
29	0.11508	0.14085	0.04075	0.22084	0.10371	0.14491	0.01418	0.10960	0.01615	0.02145	0.01112	0.01387	0.00879	0.00637	0.00566	0.00187	0.00816	0.00481	0.00357	0.00829
30	0.76522	0.01243	0.01015	0.05804	0.01461	0.01449	0.00772	0.01883	0.01112	0.02816	0.00916	0.01094	0.00710	0.00603	0.00416	0.00201	0.00524	0.00365	0.00392	0.00701
31	0.06684	0.01563	0.02616	0.03063	0.41342	0.03524	0.18112	0.02138	0.06152	0.04583	0.01371	0.01680	0.01085	0.00604	0.00649	0.00199	0.00803	0.00615	0.02266	0.00952

[dist]
# distance from previous block
# <min> <max>
0	2

[block]
# block no. 2 follows, 34 sequences, length 96
# corresponding to MSA columns:
# 315-410
name=unknown_C
#
# <colnr> <probs for GDERKNQSTAVLIFYWHMCP>
#	G	D	E	R	K	N	Q	S	T	A	V	L	I	F	Y	W	H	M	C	P
0	0.00939	0.00666	0.00888	0.00899	0.00965	0.00721	0.00638	0.01071	0.01027	0.01421	0.01993	0.03649	0.02100	0.37218	0.37146	0.00798	0.01150	0.05829	0.00385	0.00495
1	0.02360	0.02978	0.01883	0.01815	0.06667	0.69904	0.01297	0.02541	0.01807	0.01616	0.01013	0.01194	0.00845	0.00660	0.00586	0.00168	0.01139	0.00427	0.00332	0.00767
2	0.00794	0.00587	0.00743	0.00849	0.00928	0.00536	0.00582	0.00933	0.01331	0.01750	0.10253	0.58094	0.16468	0.01894	0.00808	0.00249	0.00360	0.01695	0.00610	0.00536
3	0.01340	0.01148	0.01340	0.00957	0.01531	0.00861	0.00766	0.01627	0.01340	0.02105	0.01148	0.01340	0.00957	0.00479	0.00479	0.00096	0.00479	0.00383	0.00383	0.81242
4	0.00803	0.00623	0.00706	0.00747	0.00896	0.00549	0.00535	0.00920	0.01347	0.01663	0.05172	0.24951	0.46657	0.01881	0.03039	0.06615	0.00399	0.01410	0.00568	0.00520
5	0.01762	0.01529	0.02501	0.05238	0.53428	0.01543	0.05981	0.08764	0.03384	0.07494	0.01383	0.01670	0.01089	0.00619	0.00649	0.00196	0.00762	0.00597	0.00394	0.01019
6	0.00796	0.00649	0.00704	0.00705	0.00896	0.00557	0.00523	0.00985	0.01528	0.01911	0.19841	0.11060	0.54395	0.01600	0.00768	0.00218	0.00326	0.01358	0.00623	0.00557
7	0.01296	0.03342	0.73944	0.01842	0.02797	0.01501	0.02387	0.02046	0.01364	0.02046	0.01160	0.01364	0.00818	0.00614	0.00614	0.00205	0.00955	0.00477	0.00273	0.00955
8	0.02899	0.01100	0.01499	0.01150	0.01649	0.00950	0.00950	0.03149	0.01849	0.73709	0.02549	0.02199	0.01599	0.00800	0.00650	0.00200	0.00550	0.00650	0.00800	0.01100
9	0.02196	0.01681	0.01793	0.01434	0.01905	0.01882	0.01165	0.50405	0.24163	0.03653	0.01881	0.01814	0.01366	0.00807	0.00650	0.00202	0.00650	0.00627	0.00650	0.01076
10	0.01612	0.01248	0.02080	0.39873	0.20915	0.01363	0.04426	0.02000	0.01448	0.14257	0.01482	0.01942	0.01120	0.00685	0.00657	0.00209	0.00785	0.02641	0.00395	0.00862
11	0.02899	0.01100	0.01499	0.01150	0.01649	0.00950	0.00950	0.03149	0.01849	0.73709	0.02549	0.02199	0.01599	0.00800	0.00650	0.00200	0.00550	0.00650	0.00800	0.01100
12	0.02250	0.01707	0.01823	0.01445	0.01925	0.01908	0.01178	0.54687	0.19794	0.03740	0.01813	0.01760	0.01311	0.00800	0.00649	0.00200	0.00663	0.00618	0.00649	0.01080
13	0.01976	0.06492	0.11349	0.04135	0.12298	0.01413	0.09969	0.08679	0.04431	0.23470	0.01801	0.01854	0.02895	0.00693	0.00635	0.00192	0.00722	0.00607	0.00507	0.05883
14	0.13779	0.16201	0.15555	0.04536	0.28843	0.01738	0.01639	0.06797	0.01470	0.02230	0.01119	0.01367	0.00900	0.00598	0.00557	0.00186	0.00746	0.00480	0.00337	0.00921
15	0.02884	0.01124	0.01514	0.01161	0.01661	0.00985	0.00959	0.05454	0.01890	0.71347	0.02515	0.02177	0.01582	0.00799	0.00650	0.00200	0.00555	0.00647	0.00795	0.01100
16	0.00780	0.00652	0.00679	0.00679	0.00884	0.00551	0.00507	0.00956	0.01501	0.01829	0.13248	0.08472	0.63811	0.01617	0.00766	0.00218	0.00327	0.01360	0.00611	0.00551
17	0.01752	0.03645	0.14590	0.10604	0.26760	0.01503	0.09266	0.06988	0.03680	0.12725	0.01462	0.01683	0.01079	0.00642	0.00646	0.00200	0.00799	0.00589	0.00411	0.00973
18	0.02705	0.01140	0.01488	0.01161	0.01642	0.01036	0.00953	0.06208	0.07384	0.62520	0.02646	0.02323	0.04034	0.00833	0.00654	0.00202	0.00547	0.00677	0.00775	0.01075
19	0.00765	0.00650	0.00659	0.00666	0.00876	0.00544	0.00496	0.00926	0.01461	0.01741	0.06401	0.09640	0.69671	0.01655	0.00767	0.00220	0.00330	0.01387	0.00600	0.00544
20	0.01296	0.03342	0.73944	0.01842	0.02797	0.01501	0.02387	0.02046	0.01364	0.02046	0.01160	0.01364	0.00818	0.00614	0.00614	0.00205	0.00955	0.00477	0.00273	0.00955
21	0.04422	0.03376	0.02130	0.12592	0.30520	0.04744	0.01540	0.12946	0.01750	0.15653	0.01471	0.01666	0.01093	0.00676	0.00664	0.00197	0.02561	0.00570	0.00457	0.00973
22	0.02768	0.01143	0.01580	0.01209	0.01704	0.01015	0.03332	0.06438	0.01897	0.65561	0.04675	0.02234	0.01695	0.00806	0.00657	0.00200	0.00568	0.00667	0.00773	0.01076
23	0.81856	0.01250	0.00950	0.00850	0.01250	0.01449	0.00700	0.01899	0.01100	0.02899	0.00900	0.01050	0.00700	0.00600	0.00400	0.00200	0.00500	0.00350	0.00400	0.00700
24	0.81856	0.01250	0.00950	0.00850	0.01250	0.01449	0.00700	0.01899	0.01100	0.02899	0.00900	0.01050	0.00700	0.00600	0.00400	0.00200	0.00500	0.00350	0.00400	0.00700
25	0.06661	0.07137	0.28434	0.01935	0.13178	0.01749	0.01729	0.26599	0.01957	0.02795	0.01275	0.01427	0.00943	0.00661	0.00604	0.00194	0.00795	0.00514	0.00421	0.00993
26	0.00940	0.00626	0.00705	0.00705	0.00705	0.00626	0.00392	0.00940	0.00940	0.01253	0.02036	0.04228	0.02349	0.77292	0.03289	0.00626	0.00626	0.00940	0.00392	0.00392
27	0.01489	0.01264	0.01359	0.01229	0.01558	0.01437	0.00952	0.03055	0.60093	0.02684	0.14636	0.02823	0.02677	0.00953	0.00675	0.00216	0.00476	0.00805	0.00667	0.00952
28	0.02879	0.01132	0.01520	0.01165	0.01666	0.00998	0.00962	0.06261	0.01904	0.70520	0.02503	0.02170	0.01577	0.00799	0.00650	0.00200	0.00557	0.00647	0.00793	0.01100
29	0.01283	0.01213	0.02051	0.63847	0.15852	0.01452	0.01826	0.01706	0.01322	0.01727	0.01160	0.01702	0.00888	0.00634	0.00645	0.00211	0.00846	0.00574	0.00293	0.00768
30	0.00923	0.00692	0.01038	0.01038	0.01154	0.00808	0.00808	0.01154	0.01038	0.01500	0.01731	0.02538	0.01615	0.04846	0.74732	0.01038	0.01731	0.00692	0.00346	0.00577
31	0.00950	0.00660	0.00800	0.00792	0.00813	0.00697	0.00494	0.00995	0.00959	0.01305	0.01948	0.03848	0.02176	0.62244	0.15976	0.00690	0.02953	0.00885	0.00380	0.00433
32	0.02231	0.02386	0.01767	0.01540	0.01923	0.40651	0.01190	0.18424	0.18888	0.02418	0.01514	0.01551	0.01165	0.00741	0.00615	0.00185	0.00905	0.00529	0.00482	0.00894
33	0.01425	0.09195	0.02121	0.28482	0.22075	0.01473	0.01515	0.01880	0.05908	0.01923	0.01236	0.01584	0.00993	0.00598	0.00587	0.00177	0.00718	0.00522	0.00338	0.17250
34	0.00820	0.00581	0.00765	0.00899	0.00940	0.00550	0.00608	0.00933	0.01223	0.01627	0.03391	0.64518	0.04033	0.09949	0.01089	0.00303	0.00416	0.06262	0.00577	0.00515
35	0.60698	0.01340	0.01147	0.00980	0.01392	0.01531	0.00804	0.15674	0.03498	0.03107	0.01125	0.01240	0.00852	0.00648	0.00458	0.00197	0.00534	0.00416	0.03572	0.00784
36	0.00793	0.00565	0.00748	0.00893	0.00929	0.00528	0.00592	0.00901	0.01226	0.01635	0.03506	0.74257	0.04204	0.04733	0.00913	0.00276	0.00384	0.01805	0.00592	0.00520
37	0.01339	0.01264	0.02106	0.53161	0.23144	0.01470	0.01815	0.01813	0.04161	0.01818	0.01226	0.01716	0.00950	0.00636	0.00645	0.00209	0.00822	0.00581	0.00311	0.00813
38	0.02843	0.01087	0.01482	0.01140	0.01630	0.00940	0.00940	0.03095	0.01849	0.71714	0.04523	0.02273	0.01726	0.00814	0.00653	0.00200	0.00543	0.00664	0.00797	0.01086
39	0.01414	0.01414	0.01979	0.01696	0.01696	0.01979	0.01414	0.01555	0.00990	0.01555	0.00848	0.01414	0.00848	0.01131	0.02120	0.00283	0.76110	0.00565	0.00283	0.00707
40	0.00800	0.00570	0.00753	0.00887	0.00928	0.00533	0.00591	0.00916	0.01251	0.01675	0.06670	0.70369	0.04272	0.05310	0.00930	0.00276	0.00383	0.01767	0.00596	0.00523
41	0.02070	0.01768	0.01702	0.01484	0.04915	0.15536	0.01130	0.35696	0.05589	0.05077	0.13228	0.02114	0.01940	0.01003	0.03605	0.00225	0.00760	0.00659	0.00576	0.00924
42	0.01340	0.01148	0.01340	0.00957	0.01531	0.00861	0.00766	0.01627	0.01340	0.02105	0.01148	0.01340	0.00957	0.00479	0.00479	0.00096	0.00479	0.00383	0.00383	0.81242
43	0.13239	0.04648	0.12469	0.03630	0.06236	0.15558	0.16259	0.04097	0.01438	0.02040	0.01076	0.01386	0.00865	0.00696	0.00860	0.00210	0.13616	0.00529	0.00330	0.00818
44	0.01177	0.00660	0.00977	0.01023	0.04223	0.00676	0.00668	0.03446	0.00964	0.01302	0.01187	0.01975	0.01153	0.02307	0.07691	0.68670	0.00662	0.00572	0.00300	0.00366
45	0.00940	0.00626	0.00705	0.00705	0.00705	0.00626	0.00392	0.00940	0.00940	0.01253	0.02036	0.04228	0.02349	0.77292	0.03289	0.00626	0.00626	0.00940	0.00392	0.00392
46	0.00792	0.00572	0.00751	0.00891	0.00943	0.00531	0.00604	0.00912	0.01258	0.01662	0.03746	0.70747	0.08583	0.01994	0.00823	0.00260	0.00377	0.03426	0.00600	0.00528
47	0.01500	0.02854	0.49340	0.04189	0.10850	0.08243	0.07537	0.02114	0.01445	0.04257	0.01206	0.01439	0.00882	0.00616	0.00628	0.00201	0.00948	0.00514	0.00305	0.00935
48	0.01686	0.01721	0.02472	0.08137	0.59262	0.11488	0.01871	0.02044	0.01509	0.02010	0.01182	0.01548	0.00987	0.00592	0.00632	0.00190	0.00828	0.00554	0.00320	0.00967
49	0.01200	0.01103	0.01812	0.63954	0.03950	0.01367	0.01647	0.01661	0.04003	0.01674	0.01275	0.01847	0.00994	0.01156	0.09477	0.00314	0.00951	0.00594	0.00308	0.00713
50	0.78187	0.04750	0.01061	0.00861	0.01268	0.01500	0.00718	0.01901	0.01109	0.02836	0.00900	0.01049	0.00706	0.00598	0.00401	0.00197	0.00509	0.00350	0.00394	0.00706
51	0.01216	0.01125	0.01894	0.72756	0.04306	0.01401	0.01745	0.01619	0.01274	0.01630	0.01147	0.01732	0.00872	0.00710	0.00721	0.03441	0.00849	0.00574	0.00287	0.00700
52	0.00810	0.00635	0.00733	0.00753	0.00913	0.00558	0.00548	0.01001	0.01517	0.01955	0.24047	0.21853	0.39099	0.01638	0.00777	0.00224	0.00332	0.01417	0.00630	0.00558
53	0.01389	0.01178	0.01366	0.00980	0.01552	0.00912	0.00786	0.04690	0.01415	0.02192	0.01166	0.01349	0.00963	0.00492	0.00486	0.00100	0.00489	0.00392	0.00394	0.77709
54	0.00787	0.00562	0.00750	0.00900	0.00937	0.00525	0.00600	0.00900	0.01237	0.01649	0.03561	0.76871	0.04274	0.02024	0.00825	0.00262	0.00375	0.01837	0.00600	0.00525
55	0.01469	0.01536	0.02913	0.02093	0.02708	0.01384	0.45259	0.01987	0.04577	0.02109	0.01314	0.01643	0.01017	0.00538	0.00666	0.00179	0.00867	0.00639	0.00359	0.26742
56	0.02650	0.01107	0.01474	0.01119	0.01631	0.00936	0.00920	0.02906	0.01768	0.62277	0.02325	0.02062	0.01497	0.00748	0.00622	0.00183	0.00538	0.00607	0.00733	0.13895
57	0.01220	0.01148	0.01938	0.75739	0.04450	0.01436	0.01794	0.01651	0.01292	0.01651	0.01148	0.01723	0.00861	0.00646	0.00646	0.00215	0.00861	0.00574	0.00287	0.00718
58	0.01340	0.01148	0.01340	0.00957	0.01531	0.00861	0.00766	0.01627	0.01340	0.02105	0.01148	0.01340	0.00957	0.00479	0.00479	0.00096	0.00479	0.00383	0.00383	0.81242
59	0.01282	0.01083	0.01162	0.01068	0.01360	0.01176	0.00822	0.02440	0.42674	0.02456	0.16292	0.03748	0.19504	0.01137	0.00702	0.00216	0.00430	0.00959	0.00654	0.00835
60	0.01498	0.01432	0.02440	0.23101	0.54916	0.01509	0.01933	0.01894	0.01423	0.01988	0.01198	0.01632	0.00980	0.00594	0.00641	0.00198	0.00793	0.00575	0.00311	0.00942
61	0.01243	0.01172	0.01979	0.71394	0.08617	0.01442	0.01806	0.01671	0.01303	0.01679	0.01152	0.01715	0.00871	0.00642	0.00646	0.00214	0.00856	0.00574	0.00289	0.00736
62	0.01545	0.01480	0.02525	0.14210	0.63440	0.01521	0.01956	0.01936	0.01446	0.02045	0.01206	0.01617	0.01000	0.00586	0.00641	0.00195	0.00781	0.00575	0.00315	0.00980
63	0.01665	0.66557	0.06766	0.01192	0.01745	0.02382	0.03135	0.01959	0.03430	0.01597	0.01007	0.01172	0.00898	0.00732	0.03319	0.00181	0.00750	0.00389	0.00292	0.00833
64	0.00772	0.00655	0.00667	0.00664	0.00878	0.00549	0.00498	0.00944	0.01493	0.01795	0.10406	0.06137	0.69109	0.01618	0.00764	0.00217	0.00326	0.01352	0.00606	0.00549
65	0.01527	0.29816	0.34667	0.07063	0.02495	0.06316	0.05937	0.02011	0.01378	0.01801	0.01064	0.01283	0.00836	0.00593	0.00552	0.00180	0.00874	0.00451	0.00282	0.00875
66	0.00927	0.00676	0.00956	0.00956	0.01042	0.00763	0.00704	0.01101	0.01014	0.01439	0.01806	0.02957	0.01797	0.22809	0.57018	0.00936	0.01457	0.00754	0.00357	0.00531
67	0.00923	0.00692	0.01038	0.01038	0.01154	0.00808	0.00808	0.01154	0.01038	0.01500	0.01731	0.02538	0.01615	0.04846	0.74732	0.01038	0.01731	0.00692	0.00346	0.00577
68	0.04353	0.01753	0.01866	0.01444	0.01944	0.01943	0.01189	0.65424	0.05291	0.03957	0.01585	0.01589	0.01132	0.00774	0.00636	0.00194	0.00689	0.00582	0.02582	0.01074
69	0.01922	0.34232	0.02663	0.01925	0.17800	0.22273	0.01346	0.05577	0.03413	0.01826	0.01074	0.01259	0.00916	0.00609	0.00529	0.00163	0.00836	0.00438	0.00330	0.00869
70	0.01314	0.04291	0.32854	0.01461	0.04464	0.01179	0.01533	0.01792	0.01379	0.03874	0.01646	0.05355	0.03451	0.00765	0.00604	0.00178	0.00704	0.06367	0.00375	0.26414
71	0.03627	0.10411	0.38554	0.01568	0.02275	0.03772	0.01743	0.16695	0.03435	0.06042	0.01426	0.05080	0.01111	0.00727	0.00607	0.00197	0.00812	0.00562	0.00409	0.00948
72	0.01637	0.01617	0.02413	0.15810	0.52851	0.08066	0.01860	0.04324	0.01526	0.02052	0.01196	0.01580	0.00982	0.00602	0.00636	0.00194	0.00817	0.00561	0.00327	0.00950
73	0.01315	0.01253	0.01985	0.66341	0.09390	0.03707	0.01778	0.03415	0.01365	0.01742	0.01159	0.01692	0.00878	0.00645	0.00644	0.00212	0.00860	0.00570	0.00300	0.00751
74	0.79164	0.01269	0.00983	0.00871	0.01275	0.01468	0.00718	0.04246	0.01165	0.02939	0.00922	0.01067	0.00713	0.00606	0.00408	0.00200	0.00507	0.00358	0.00408	0.00713
75	0.00923	0.00692	0.01038	0.01038	0.01154	0.00808	0.00808	0.01154	0.01038	0.01500	0.01731	0.02538	0.01615	0.04846	0.74732	0.01038	0.01731	0.00692	0.00346	0.00577
76	0.00787	0.00562	0.00750	0.00900	0.00937	0.00525	0.00600	0.00900	0.01237	0.01649	0.03561	0.76871	0.04274	0.02024	0.00825	0.00262	0.00375	0.01837	0.00600	0.00525
77	0.00921	0.00742	0.00834	0.00795	0.00981	0.02483	0.00597	0.01220	0.03863	0.02275	0.45833	0.05145	0.29140	0.01401	0.00755	0.00208	0.00341	0.01204	0.00661	0.00603
78	0.01319	0.01159	0.01868	0.02627	0.40604	0.01148	0.01463	0.01665	0.01553	0.02173	0.17287	0.03642	0.02760	0.01023	0.00726	0.00219	0.00626	0.16837	0.00470	0.00833
79	0.01296	0.03342	0.73944	0.01842	0.02797	0.01501	0.02387	0.02046	0.01364	0.02046	0.01160	0.01364	0.00818	0.00614	0.00614	0.00205	0.00955	0.00477	0.00273	0.00955
80	0.02153	0.08620	0.02261	0.02070	0.13272	0.48432	0.07622	0.04713	0.01747	0.01788	0.01071	0.01288	0.00884	0.00636	0.00597	0.00174	0.01043	0.00472	0.00336	0.00821
81	0.01629	0.47149	0.02797	0.01318	0.01677	0.04432	0.01204	0.01815	0.01219	0.01552	0.00892	0.01178	0.00840	0.00750	0.01001	0.00187	0.26332	0.00424	0.00284	0.03320
82	0.01444	0.06744	0.11589	0.01616	0.12797	0.01238	0.02882	0.03892	0.03160	0.02131	0.01196	0.01405	0.00970	0.00537	0.00533	0.00137	0.00624	0.00446	0.00364	0.46295
83	0.00899	0.00658	0.00875	0.00928	0.00975	0.00698	0.00646	0.01016	0.01106	0.01511	0.02583	0.33949	0.02946	0.23021	0.18750	0.00544	0.04540	0.03375	0.00468	0.00512
84	0.00857	0.00606	0.00846	0.00934	0.00993	0.00621	0.00657	0.00979	0.01138	0.01555	0.02770	0.45830	0.03159	0.05652	0.24740	0.05460	0.00830	0.01359	0.00491	0.00522
85	0.01498	0.01693	0.05379	0.02654	0.13937	0.04003	0.47536	0.02013	0.03610	0.02041	0.01512	0.08200	0.01291	0.00694	0.00735	0.00216	0.00959	0.00805	0.00358	0.00868
86	0.03320	0.13617	0.06904	0.08577	0.11623	0.01552	0.21549	0.01909	0.06742	0.01955	0.01754	0.10860	0.03223	0.00828	0.00667	0.00208	0.00780	0.02722	0.00385	0.00826
87	0.00771	0.00625	0.00685	0.00734	0.00894	0.00539	0.00526	0.00918	0.01396	0.01714	0.05576	0.29172	0.50671	0.01762	0.00783	0.00233	0.00343	0.01517	0.00600	0.00539
88	0.01450	0.04170	0.06685	0.09301	0.15769	0.01501	0.35027	0.03676	0.01496	0.02035	0.01547	0.06837	0.01362	0.00748	0.00720	0.00217	0.00900	0.05346	0.00361	0.00853
89	0.03468	0.07745	0.45350	0.06277	0.06116	0.11528	0.01953	0.02079	0.01430	0.04082	0.01232	0.03685	0.00961	0.00666	0.00602	0.00197	0.00910	0.00515	0.00313	0.00893
90	0.02498	0.01179	0.01453	0.01165	0.01596	0.03949	0.00942	0.08860	0.03887	0.51854	0.06939	0.06804	0.01985	0.01007	0.02586	0.00224	0.00592	0.00743	0.00734	0.01004
91	0.01453	0.01442	0.02623	0.28616	0.35450	0.01520	0.15669	0.01885	0.01420	0.01943	0.01210	0.01671	0.00959	0.00594	0.00666	0.00205	0.00864	0.00612	0.00310	0.00887
92	0.01849	0.05471	0.12000	0.10954	0.13348	0.03090	0.05706	0.12032	0.03458	0.16666	0.01727	0.07842	0.01374	0.00788	0.00650	0.00203	0.00739	0.00681	0.00482	0.00937
93	0.19813	0.01883	0.07087	0.01722	0.11751	0.15623	0.03242	0.15610	0.04505	0.06422	0.01500	0.03742	0.02936	0.00733	0.00588	0.00195	0.00752	0.00561	0.00455	0.00881
94	0.67063	0.01300	0.01224	0.01167	0.06389	0.01459	0.03200	0.04459	0.01244	0.06101	0.01035	0.01182	0.00787	0.00612	0.00449	0.00200	0.00548	0.00402	0.00419	0.00761
95	0.14521	0.01404	0.01521	0.05321	0.04308	0.06962	0.01085	0.15997	0.06164	0.11516	0.01791	0.07357	0.01556	0.03896	0.00889	0.00235	0.08441	0.05683	0.00518	0.00837

[dist]
# distance from previous block
# <min> <max>
0	4

[block]
# block no. 3 follows, 34 sequences, length 23
# corresponding to MSA columns:
# 415-437
name=unknown_D
#
# <colnr> <probs for GDERKNQSTAVLIFYWHMCP>
#	G	D	E	R	K	N	Q	S	T	A	V	L	I	F	Y	W	H	M	C	P
0	0.04685	0.00961	0.01053	0.06446	0.01383	0.04090	0.00772	0.05959	0.07769	0.04531	0.09973	0.15896	0.17631	0.12444	0.01094	0.00281	0.00518	0.03309	0.00552	0.00653
1	0.05222	0.01171	0.05981	0.03781	0.04370	0.01062	0.01012	0.10440	0.03262	0.18922	0.09650	0.20033	0.06270	0.01179	0.00741	0.00221	0.02669	0.02592	0.00604	0.00819
2	0.01572	0.01283	0.01969	0.33005	0.21894	0.01409	0.01578	0.07330	0.06124	0.08402	0.05925	0.01948	0.01390	0.00704	0.00649	0.00203	0.00731	0.00625	0.00421	0.02838
3	0.01595	0.01473	0.02473	0.15444	0.40486	0.01547	0.09900	0.04472	0.06973	0.04567	0.01369	0.01712	0.01081	0.00641	0.00709	0.00205	0.03425	0.00612	0.00368	0.00948
4	0.03851	0.05594	0.05122	0.13977	0.12913	0.14969	0.03168	0.13931	0.03842	0.11198	0.01610	0.01759	0.03806	0.00715	0.00623	0.00193	0.00801	0.00575	0.00451	0.00903
5	0.08247	0.03927	0.04404	0.03163	0.08344	0.01291	0.01101	0.02608	0.19589	0.25642	0.08684	0.04079	0.01955	0.00852	0.00683	0.00207	0.02975	0.00696	0.00607	0.00945
6	0.01545	0.01480	0.02525	0.14233	0.63419	0.01521	0.01956	0.01935	0.01446	0.02045	0.01206	0.01617	0.01000	0.00586	0.00641	0.00195	0.00781	0.00575	0.00315	0.00980
7	0.01609	0.01580	0.02526	0.09798	0.63996	0.05186	0.01931	0.01985	0.01474	0.02046	0.01199	0.01588	0.01000	0.00586	0.00637	0.00193	0.00795	0.00568	0.00318	0.00984
8	0.08202	0.01810	0.01693	0.01392	0.01827	0.12199	0.01116	0.38747	0.17586	0.03267	0.01678	0.01678	0.01241	0.00768	0.00613	0.00194	0.00701	0.00574	0.03730	0.00983
9	0.04472	0.01324	0.06908	0.01414	0.07529	0.01089	0.01121	0.04751	0.04457	0.48975	0.04570	0.02082	0.01583	0.00762	0.00633	0.00194	0.00586	0.00625	0.00672	0.06254
