[name]
unknown

[dist]
# distance from previous block
# <min> <max>
0	531

[block]
# block no. 0 follows, 34 sequences, length 94
# corresponding to MSA columns:
# 531-624
name=unknown_A
#
# <colnr> <probs for GDERKNQSTAVLIFYWHMCP>
#	G	D	E	R	K	N	Q	S	T	A	V	L	I	F	Y	W	H	M	C	P
0	0.01126	0.00760	0.01062	0.01188	0.01353	0.00753	0.01037	0.01421	0.01504	0.05209	0.03381	0.07056	0.03622	0.01740	0.00881	0.00293	0.00593	0.65798	0.00604	0.00618
1	0.00810	0.00689	0.04090	0.00943	0.01022	0.00569	0.00681	0.00952	0.01243	0.01668	0.03452	0.73425	0.04116	0.01960	0.00815	0.00260	0.00401	0.01775	0.00585	0.00544
2	0.01284	0.03224	0.70618	0.01812	0.02730	0.01466	0.02326	0.02014	0.01370	0.02041	0.01263	0.01634	0.00951	0.00667	0.00627	0.00209	0.00938	0.03600	0.00288	0.00938
3	0.02456	0.01810	0.01939	0.01487	0.02004	0.02004	0.01228	0.71107	0.03038	0.04072	0.01551	0.01551	0.01099	0.00776	0.00646	0.00194	0.00711	0.00582	0.00646	0.01099
4	0.00787	0.00565	0.00747	0.00893	0.00935	0.00525	0.00597	0.00900	0.01244	0.01652	0.03643	0.74929	0.06162	0.02014	0.00823	0.00261	0.00374	0.01824	0.00600	0.00525
5	0.02728	0.01062	0.01445	0.01121	0.01590	0.00920	0.00920	0.02983	0.01848	0.67580	0.08614	0.02426	0.01987	0.00845	0.00659	0.00200	0.00529	0.00694	0.00792	0.01057
6	0.02806	0.01173	0.01536	0.01186	0.01681	0.01068	0.00977	0.09018	0.04924	0.64703	0.02467	0.02152	0.01572	0.00801	0.00650	0.00200	0.00562	0.00647	0.00780	0.01096
7	0.21397	0.01678	0.01431	0.01263	0.01647	0.15894	0.00990	0.05409	0.32396	0.08702	0.01842	0.01785	0.01374	0.00758	0.00579	0.00202	0.00648	0.00564	0.00543	0.00900
8	0.00797	0.00570	0.00758	0.00893	0.00939	0.00531	0.00601	0.00923	0.01281	0.01719	0.08655	0.71580	0.04407	0.01973	0.00820	0.00258	0.00370	0.01788	0.00608	0.00531
9	0.00787	0.00562	0.00750	0.00900	0.00937	0.00525	0.00600	0.00900	0.01237	0.01649	0.03561	0.76871	0.04274	0.02024	0.00825	0.00262	0.00375	0.01837	0.00600	0.00525
10	0.02414	0.03079	0.01831	0.01665	0.01998	0.74698	0.01248	0.02580	0.01831	0.01581	0.00999	0.01165	0.00832	0.00666	0.00583	0.00166	0.01165	0.00416	0.00333	0.00749
11	0.01233	0.01162	0.01961	0.73291	0.06798	0.01439	0.01801	0.01662	0.01298	0.01667	0.01151	0.01718	0.00867	0.00644	0.00646	0.00215	0.00858	0.00574	0.00288	0.00728
12	0.00854	0.00605	0.00753	0.00813	0.00872	0.00571	0.00535	0.00973	0.01277	0.01718	0.16414	0.38258	0.07952	0.23609	0.01521	0.00354	0.00432	0.01424	0.00561	0.00504
13	0.00787	0.00562	0.00750	0.00900	0.00937	0.00525	0.00600	0.00900	0.01237	0.01649	0.03561	0.76871	0.04274	0.02024	0.00825	0.00262	0.00375	0.01837	0.00600	0.00525
14	0.81856	0.01250	0.00950	0.00850	0.01250	0.01449	0.00700	0.01899	0.01100	0.02899	0.00900	0.01050	0.00700	0.00600	0.00400	0.00200	0.00500	0.00350	0.00400	0.00700
15	0.02601	0.01577	0.01795	0.01376	0.01888	0.01659	0.01137	0.48852	0.02649	0.26877	0.01878	0.01763	0.01263	0.00784	0.00647	0.00196	0.00658	0.00604	0.00697	0.01099
16	0.00923	0.00692	0.01038	0.01038	0.01154	0.00808	0.00808	0.01154	0.01038	0.01500	0.01731	0.02538	0.01615	0.04846	0.74732	0.01038	0.01731	0.00692	0.00346	0.00577
17	0.00905	0.00660	0.00850	0.00803	0.00959	0.00605	0.00602	0.01200	0.01806	0.02536	0.68595	0.04917	0.10456	0.01341	0.00762	0.00204	0.00306	0.01181	0.00704	0.00605
18	0.01315	0.03209	0.68112	0.01915	0.02845	0.01512	0.08087	0.02048	0.01378	0.02048	0.01172	0.01396	0.00832	0.00608	0.00626	0.00206	0.00966	0.00501	0.00277	0.00948
19	0.02414	0.03079	0.01831	0.01665	0.01998	0.74698	0.01248	0.02580	0.01831	0.01581	0.00999	0.01165	0.00832	0.00666	0.00583	0.00166	0.01165	0.00416	0.00333	0.00749
20	0.00940	0.00626	0.00705	0.00705	0.00705	0.00626	0.00392	0.00940	0.00940	0.01253	0.02036	0.04228	0.02349	0.77292	0.03289	0.00626	0.00626	0.00940	0.00392	0.00392
21	0.01727	0.77681	0.03386	0.01106	0.01658	0.02557	0.01106	0.01935	0.01313	0.01520	0.00898	0.01036	0.00829	0.00553	0.00415	0.00138	0.00691	0.00345	0.00276	0.00829
22	0.01497	0.01242	0.01424	0.01032	0.01598	0.01022	0.00831	0.11421	0.01579	0.02383	0.01205	0.01370	0.00977	0.00520	0.00502	0.00110	0.00511	0.00411	0.00420	0.69945
23	0.02029	0.07346	0.02014	0.02093	0.22436	0.14449	0.01331	0.02691	0.19165	0.17206	0.01786	0.01809	0.01333	0.00712	0.00619	0.00192	0.00723	0.00584	0.00504	0.00976
24	0.01525	0.01743	0.03813	0.02723	0.03377	0.01634	0.70915	0.02070	0.01525	0.02070	0.01307	0.01743	0.00980	0.00545	0.00763	0.00218	0.01089	0.00763	0.00327	0.00871
25	0.00787	0.00562	0.00750	0.00900	0.00937	0.00525	0.00600	0.00900	0.01237	0.01649	0.03561	0.76871	0.04274	0.02024	0.00825	0.00262	0.00375	0.01837	0.00600	0.00525
26	0.02268	0.05115	0.02037	0.01952	0.10352	0.61518	0.03670	0.02474	0.01763	0.01658	0.01031	0.01231	0.00859	0.00648	0.00590	0.00170	0.01102	0.00444	0.00329	0.00788
27	0.00911	0.00657	0.00866	0.00850	0.00991	0.00611	0.00641	0.01197	0.01744	0.02448	0.60766	0.12159	0.05735	0.01426	0.00778	0.00216	0.00334	0.06377	0.00691	0.00600
28	0.81856	0.01250	0.00950	0.00850	0.01250	0.01449	0.00700	0.01899	0.01100	0.02899	0.00900	0.01050	0.00700	0.00600	0.00400	0.00200	0.00500	0.00350	0.00400	0.00700
29	0.00764	0.00655	0.00655	0.00655	0.00873	0.00545	0.00491	0.00927	0.01473	0.01745	0.06546	0.06218	0.73000	0.01636	0.00764	0.00218	0.00327	0.01364	0.00600	0.00545
30	0.01122	0.00561	0.00842	0.00842	0.00842	0.00561	0.00561	0.00842	0.00842	0.01122	0.01122	0.01964	0.01122	0.02245	0.02525	0.81201	0.00561	0.00561	0.00281	0.00281
31	0.04968	0.04158	0.01937	0.01476	0.01969	0.10346	0.01210	0.59006	0.02787	0.03674	0.01448	0.01476	0.01048	0.00751	0.00624	0.00189	0.00756	0.00548	0.00592	0.01038
32	0.81856	0.01250	0.00950	0.00850	0.01250	0.01449	0.00700	0.01899	0.01100	0.02899	0.00900	0.01050	0.00700	0.00600	0.00400	0.00200	0.00500	0.00350	0.00400	0.00700
33	0.01856	0.63752	0.03096	0.01210	0.01722	0.16027	0.01132	0.02055	0.01410	0.01532	0.00917	0.01061	0.00830	0.00574	0.00446	0.00143	0.00780	0.00359	0.00287	0.00814
34	0.00998	0.00679	0.00891	0.00827	0.00994	0.00624	0.00624	0.01301	0.01830	0.05600	0.69943	0.04715	0.05906	0.01299	0.00757	0.00203	0.00315	0.01147	0.00715	0.00630
35	0.01470	0.01508	0.05815	0.15006	0.46446	0.01464	0.06977	0.01928	0.03856	0.02054	0.03903	0.04043	0.01298	0.00667	0.00659	0.00202	0.00778	0.00650	0.00347	0.00930
36	0.00787	0.00562	0.00750	0.00900	0.00937	0.00525	0.00600	0.00900	0.01237	0.01649	0.03561	0.76871	0.04274	0.02024	0.00825	0.00262	0.00375	0.01837	0.00600	0.00525
37	0.01474	0.01522	0.05370	0.28631	0.36890	0.03599	0.05119	0.01973	0.05414	0.01964	0.01268	0.01673	0.01004	0.00620	0.00646	0.00203	0.00820	0.00584	0.00326	0.00899
38	0.05049	0.06546	0.01875	0.01611	0.01956	0.68826	0.01223	0.02527	0.01782	0.01623	0.00991	0.01155	0.00828	0.00658	0.00569	0.00166	0.01120	0.00411	0.00332	0.00751
39	0.00796	0.00569	0.00760	0.00910	0.00952	0.00533	0.00616	0.00915	0.01246	0.01660	0.03556	0.74372	0.04254	0.02016	0.00827	0.00264	0.00383	0.04245	0.00600	0.00527
40	0.01550	0.01578	0.05575	0.09801	0.55465	0.01536	0.05403	0.02069	0.06709	0.02110	0.01317	0.01667	0.01069	0.00604	0.00647	0.00198	0.00781	0.00592	0.00340	0.00986
41	0.00787	0.00562	0.00750	0.00900	0.00937	0.00525	0.00600	0.00900	0.01237	0.01649	0.03561	0.76871	0.04274	0.02024	0.00825	0.00262	0.00375	0.01837	0.00600	0.00525
42	0.01287	0.01217	0.02059	0.63003	0.16661	0.01453	0.01828	0.01710	0.01324	0.01733	0.01160	0.01701	0.00890	0.00634	0.00645	0.00211	0.00845	0.00574	0.00293	0.00772
43	0.05407	0.01566	0.02546	0.05560	0.63293	0.03749	0.04483	0.01992	0.01462	0.02119	0.01196	0.01569	0.00997	0.00580	0.00631	0.00193	0.00781	0.00567	0.00323	0.00986
44	0.01623	0.59628	0.20521	0.01284	0.01935	0.02300	0.01417	0.01962	0.01325	0.01648	0.00962	0.01116	0.00827	0.00568	0.00463	0.00154	0.00755	0.00378	0.00276	0.00860
45	0.01650	0.01032	0.01078	0.00917	0.01198	0.01101	0.00728	0.26272	0.01954	0.03001	0.01910	0.02104	0.01458	0.00761	0.00521	0.00166	0.00447	0.00595	0.52330	0.00779
46	0.00797	0.00566	0.00747	0.00888	0.00923	0.00531	0.00587	0.00902	0.01219	0.01625	0.03468	0.72423	0.04156	0.06633	0.00976	0.00285	0.00390	0.01782	0.00587	0.00517
47	0.01727	0.77681	0.03386	0.01106	0.01658	0.02557	0.01106	0.01935	0.01313	0.01520	0.00898	0.01036	0.00829	0.00553	0.00415	0.00138	0.00691	0.00345	0.00276	0.00829
48	0.15825	0.01454	0.01612	0.06901	0.01936	0.03969	0.01083	0.27480	0.02112	0.28631	0.01751	0.01700	0.01185	0.00741	0.00604	0.00198	0.00645	0.00561	0.00622	0.00991
49	0.00792	0.00564	0.00748	0.00893	0.00930	0.00528	0.00593	0.00901	0.01228	0.01637	0.03512	0.74549	0.04212	0.04430	0.00903	0.00274	0.00383	0.01808	0.00593	0.00521
50	0.01902	0.34344	0.11390	0.01443	0.01927	0.24820	0.01342	0.06031	0.01550	0.01752	0.00994	0.01179	0.00846	0.00659	0.00653	0.00171	0.07442	0.00416	0.00315	0.00824
51	0.00791	0.00565	0.00753	0.00897	0.00938	0.00527	0.00600	0.00909	0.01255	0.01677	0.05629	0.74723	0.04328	0.02003	0.00823	0.00261	0.00373	0.01817	0.00603	0.00527
52	0.01340	0.01148	0.01340	0.00957	0.01531	0.00861	0.00766	0.01627	0.01340	0.02105	0.01148	0.01340	0.00957	0.00479	0.00479	0.00096	0.00479	0.00383	0.00383	0.81242
53	0.00797	0.00651	0.00703	0.00700	0.00895	0.00558	0.00521	0.00988	0.01537	0.01920	0.20436	0.09265	0.55606	0.01588	0.00766	0.00217	0.00325	0.01345	0.00624	0.00558
54	0.01714	0.68657	0.06616	0.01182	0.01724	0.04668	0.01184	0.01943	0.01317	0.01548	0.00912	0.01072	0.00830	0.00584	0.00502	0.00148	0.03930	0.00363	0.00278	0.00827
55	0.00914	0.00660	0.00864	0.00813	0.00965	0.00610	0.00610	0.01219	0.01829	0.02591	0.72921	0.04827	0.06097	0.01321	0.00762	0.00203	0.00305	0.01169	0.00711	0.00610
56	0.01504	0.01667	0.09601	0.06532	0.52683	0.01486	0.08889	0.01928	0.01447	0.02057	0.01337	0.05454	0.01159	0.00654	0.00659	0.00200	0.00802	0.00649	0.00329	0.00963
57	0.01165	0.00890	0.00982	0.04073	0.01122	0.04326	0.00638	0.07871	0.01215	0.01597	0.01854	0.03453	0.01978	0.51632	0.14004	0.00610	0.00843	0.00826	0.00402	0.00520
58	0.81856	0.01250	0.00950	0.00850	0.01250	0.01449	0.00700	0.01899	0.01100	0.02899	0.00900	0.01050	0.00700	0.00600	0.00400	0.00200	0.00500	0.00350	0.00400	0.00700
59	0.00897	0.00698	0.00836	0.00803	0.00936	0.00685	0.00585	0.01077	0.01422	0.01892	0.26500	0.04832	0.27914	0.17052	0.06355	0.00355	0.04931	0.01122	0.00558	0.00547
60	0.00787	0.00562	0.00750	0.00900	0.00937	0.00525	0.00600	0.00900	0.01237	0.01649	0.03561	0.76871	0.04274	0.02024	0.00825	0.00262	0.00375	0.01837	0.00600	0.00525
61	0.76584	0.03503	0.01052	0.00888	0.01289	0.04231	0.00732	0.01926	0.01133	0.02810	0.00903	0.01054	0.00708	0.00601	0.00407	0.00197	0.00530	0.00352	0.00394	0.00705
62	0.01690	0.36067	0.24814	0.01530	0.05081	0.08926	0.01548	0.07643	0.01540	0.01952	0.03093	0.01323	0.01005	0.00623	0.00530	0.00170	0.00811	0.00445	0.00325	0.00884
63	0.00787	0.00562	0.00750	0.00900	0.00937	0.00525	0.00600	0.00900	0.01237	0.01649	0.03561	0.76871	0.04274	0.02024	0.00825	0.00262	0.00375	0.01837	0.00600	0.00525
64	0.01242	0.00988	0.01114	0.01013	0.01270	0.01038	0.00778	0.07498	0.24981	0.02604	0.33045	0.05892	0.13534	0.01193	0.00720	0.00211	0.00410	0.01022	0.00670	0.00774
65	0.00798	0.00570	0.00762	0.00912	0.00954	0.00534	0.00619	0.00918	0.01248	0.01662	0.03555	0.73907	0.04250	0.02014	0.00828	0.00264	0.00384	0.04693	0.00600	0.00528
66	0.01976	0.01997	0.01823	0.01549	0.01924	0.28304	0.08123	0.12766	0.17357	0.05192	0.04453	0.08259	0.01662	0.00863	0.00657	0.00198	0.00821	0.00705	0.00506	0.00863
67	0.00901	0.00660	0.00846	0.00799	0.00957	0.00604	0.00599	0.01194	0.01798	0.02518	0.67200	0.04946	0.11863	0.01348	0.00762	0.00205	0.00307	0.01185	0.00702	0.00604
68	0.01425	0.01199	0.01385	0.00997	0.01567	0.00948	0.00801	0.06901	0.01469	0.02255	0.01179	0.01356	0.00968	0.00501	0.00491	0.00103	0.00496	0.00398	0.00403	0.75159
69	0.01122	0.00561	0.00842	0.00842	0.00842	0.00561	0.00561	0.00842	0.00842	0.01122	0.01122	0.01964	0.01122	0.02245	0.02525	0.81201	0.00561	0.00561	0.00281	0.00281
70	0.02422	0.01799	0.01967	0.01586	0.04869	0.01985	0.01258	0.68328	0.02975	0.03993	0.01538	0.01553	0.01096	0.00768	0.00646	0.00194	0.00713	0.00581	0.00633	0.01096
71	0.02447	0.02096	0.01915	0.01527	0.02002	0.18366	0.01233	0.55683	0.02766	0.03512	0.01427	0.01464	0.01039	0.00751	0.00632	0.00188	0.00813	0.00544	0.00576	0.01020
72	0.00787	0.00562	0.00750	0.00900	0.00937	0.00525	0.00600	0.00900	0.01237	0.01649	0.03561	0.76871	0.04274	0.02024	0.00825	0.00262	0.00375	0.01837	0.00600	0.00525
73	0.01599	0.01535	0.02623	0.03966	0.73262	0.01535	0.01983	0.01983	0.01471	0.02111	0.01215	0.01599	0.01023	0.00576	0.00640	0.00192	0.00768	0.00576	0.00320	0.01023
74	0.02414	0.03079	0.01831	0.01665	0.01998	0.74698	0.01248	0.02580	0.01831	0.01581	0.00999	0.01165	0.00832	0.00666	0.00583	0.00166	0.01165	0.00416	0.00333	0.00749
75	0.01584	0.01762	0.09832	0.06549	0.60641	0.04274	0.01989	0.01998	0.01467	0.02066	0.01199	0.01564	0.00989	0.00586	0.00635	0.00193	0.00805	0.00560	0.00314	0.00994
76	0.01340	0.01148	0.01340	0.00957	0.01531	0.00861	0.00766	0.01627	0.01340	0.02105	0.01148	0.01340	0.00957	0.00479	0.00479	0.00096	0.00479	0.00383	0.00383	0.81242
77	0.00914	0.00660	0.00864	0.00813	0.00965	0.00610	0.00610	0.01219	0.01829	0.02591	0.72921	0.04827	0.06097	0.01321	0.00762	0.00203	0.00305	0.01169	0.00711	0.00610
78	0.01660	0.01650	0.02564	0.03795	0.67959	0.06979	0.01928	0.02027	0.01498	0.02072	0.01199	0.01567	0.01009	0.00582	0.00635	0.00190	0.00797	0.00564	0.00321	0.01003
79	0.00782	0.00655	0.00680	0.00674	0.00884	0.00553	0.00505	0.00962	0.01516	0.01847	0.14517	0.06051	0.64964	0.01599	0.00763	0.00216	0.00325	0.01340	0.00613	0.00553
80	0.01196	0.01023	0.01033	0.00967	0.01200	0.05409	0.00737	0.10561	0.07075	0.02132	0.07751	0.14729	0.34417	0.03611	0.00852	0.00233	0.02599	0.03223	0.00585	0.00670
81	0.00768	0.00655	0.00660	0.00659	0.00875	0.00547	0.00494	0.00936	0.01483	0.01769	0.08414	0.06179	0.71117	0.01628	0.00764	0.00218	0.00327	0.01358	0.00603	0.00547
82	0.01415	0.06192	0.60418	0.01864	0.02733	0.07107	0.07348	0.02084	0.01409	0.01992	0.01148	0.01364	0.00832	0.00610	0.00615	0.00200	0.00970	0.00489	0.00282	0.00928
83	0.04954	0.69961	0.05651	0.01136	0.01690	0.04518	0.01137	0.01955	0.01321	0.01595	0.00910	0.01052	0.00824	0.00560	0.00426	0.00144	0.00706	0.00352	0.00283	0.00826
84	0.01101	0.00623	0.00696	0.00678	0.00829	0.00605	0.00508	0.01403	0.01525	0.02474	0.27432	0.03274	0.03244	0.00956	0.00563	0.00169	0.00302	0.00805	0.52209	0.00605
85	0.00945	0.00714	0.01038	0.01026	0.01124	0.00834	0.00784	0.01145	0.01025	0.01473	0.01731	0.02689	0.01670	0.13102	0.63523	0.00960	0.04593	0.00716	0.00349	0.00561
86	0.00854	0.00611	0.00813	0.00942	0.01013	0.00581	0.00683	0.01012	0.01315	0.01744	0.07062	0.53260	0.06100	0.05112	0.00939	0.00281	0.00428	0.16116	0.00596	0.00539
87	0.00790	0.00582	0.00740	0.00856	0.00928	0.00532	0.00583	0.00920	0.01304	0.01712	0.07546	0.62002	0.15281	0.01927	0.00812	0.00252	0.00364	0.01728	0.00605	0.00532
88	0.01170	0.00609	0.00633	0.00627	0.00778	0.00603	0.00470	0.01472	0.01411	0.02430	0.10496	0.02695	0.02182	0.00820	0.00488	0.00157	0.00302	0.00669	0.71382	0.00603
89	0.13192	0.01412	0.01532	0.05121	0.05154	0.03710	0.01065	0.19259	0.21527	0.10423	0.07252	0.02165	0.03755	0.00827	0.00625	0.00204	0.00591	0.00658	0.00591	0.00936
90	0.01430	0.01167	0.01364	0.00980	0.01550	0.00900	0.00787	0.03838	0.01411	0.04737	0.01211	0.01377	0.00984	0.00499	0.00490	0.00102	0.00488	0.00399	0.00406	0.75878
91	0.07263	0.01269	0.01861	0.63562	0.03995	0.04583	0.01664	0.04994	0.01383	0.01854	0.01143	0.01641	0.00859	0.00650	0.00625	0.00211	0.00841	0.00551	0.00314	0.00736
92	0.01799	0.46178	0.05072	0.01246	0.01736	0.10192	0.01142	0.08846	0.10631	0.01950	0.01330	0.04874	0.01165	0.00700	0.00513	0.00165	0.00716	0.00501	0.00383	0.00861
93	0.01307	0.01420	0.11408	0.01475	0.07718	0.05145	0.08086	0.01607	0.01399	0.05857	0.04498	0.09710	0.12731	0.12130	0.01057	0.00260	0.00659	0.02334	0.00445	0.10753

[dist]
# distance from previous block
# <min> <max>
1	3

[block]
# block no. 1 follows, 34 sequences, length 30
# corresponding to MSA columns:
# 628-657
name=unknown_B
#
# <colnr> <probs for GDERKNQSTAVLIFYWHMCP>
#	G	D	E	R	K	N	Q	S	T	A	V	L	I	F	Y	W	H	M	C	P
0	0.01909	0.16170	0.05981	0.01525	0.01925	0.29131	0.05101	0.07596	0.03774	0.01896	0.01144	0.01368	0.00951	0.00826	0.02994	0.00206	0.09747	0.00478	0.02746	0.04530
1	0.08289	0.08574	0.08864	0.01235	0.01726	0.01495	0.01102	0.18919	0.12627	0.10291	0.05922	0.04195	0.03800	0.00806	0.00601	0.00188	0.00599	0.00635	0.00545	0.09588
2	0.01587	0.06561	0.29360	0.02041	0.10997	0.01533	0.13760	0.05569	0.04796	0.08309	0.05690	0.01778	0.01324	0.00688	0.00694	0.00204	0.03170	0.00607	0.00396	0.00936
3	0.01424	0.25349	0.53057	0.01624	0.02460	0.01813	0.02008	0.02013	0.01349	0.01891	0.01082	0.01267	0.00822	0.00596	0.00555	0.00185	0.00877	0.00438	0.00274	0.00918
4	0.01526	0.18518	0.04750	0.01840	0.02343	0.05001	0.30827	0.05907	0.01554	0.01988	0.01832	0.06397	0.04832	0.00846	0.00685	0.00208	0.00845	0.08903	0.00393	0.00805
5	0.03567	0.01115	0.06447	0.01099	0.04583	0.04704	0.00865	0.01645	0.01605	0.15241	0.19425	0.09686	0.24999	0.01237	0.00711	0.00209	0.00483	0.01045	0.00605	0.00728
6	0.01421	0.02821	0.56853	0.01929	0.09101	0.01402	0.02131	0.02061	0.01410	0.07590	0.01429	0.04573	0.01114	0.00712	0.00635	0.00208	0.00874	0.02450	0.00340	0.00946
7	0.01220	0.01148	0.01938	0.75739	0.04450	0.01436	0.01794	0.01651	0.01292	0.01651	0.01148	0.01723	0.00861	0.00646	0.00646	0.00215	0.00861	0.00574	0.00287	0.00718
8	0.01554	0.10080	0.54246	0.01730	0.02572	0.01538	0.05714	0.02177	0.01430	0.11132	0.01320	0.01459	0.00928	0.00628	0.00607	0.00198	0.00885	0.00502	0.00343	0.00957
9	0.00823	0.00577	0.00739	0.00854	0.00883	0.00549	0.00551	0.00909	0.01168	0.01557	0.03205	0.59888	0.03824	0.19621	0.01401	0.00348	0.00434	0.01627	0.00551	0.00494
10	0.01388	0.01320	0.02048	0.57383	0.15709	0.04349	0.01778	0.05008	0.01425	0.01839	0.01173	0.01672	0.00898	0.00641	0.00642	0.00209	0.00851	0.00569	0.00311	0.00788
11	0.01018	0.00716	0.00981	0.00992	0.01108	0.00697	0.02801	0.03309	0.01434	0.05248	0.17045	0.46601	0.04103	0.05214	0.00953	0.00263	0.02731	0.03582	0.00605	0.00598
12	0.01599	0.01535	0.02623	0.03966	0.73262	0.01535	0.01983	0.01983	0.01471	0.02111	0.01215	0.01599	0.01023	0.00576	0.00640	0.00192	0.00768	0.00576	0.00320	0.01023
13	0.00824	0.00592	0.00790	0.00934	0.00995	0.00558	0.00662	0.00966	0.01283	0.01695	0.03645	0.64061	0.06590	0.01975	0.00833	0.00266	0.00406	0.11791	0.00599	0.00536
14	0.03743	0.01627	0.02832	0.17236	0.19021	0.05768	0.30176	0.04125	0.01493	0.02027	0.01211	0.01632	0.00947	0.00617	0.00757	0.00211	0.04750	0.00637	0.00327	0.00862
15	0.01530	0.01488	0.02427	0.21795	0.53849	0.03821	0.01913	0.01919	0.01438	0.01979	0.01192	0.01616	0.00977	0.00596	0.00639	0.00197	0.00804	0.00570	0.00312	0.00939
16	0.00798	0.00574	0.00757	0.00883	0.00938	0.00533	0.00597	0.00930	0.01300	0.01740	0.10066	0.67861	0.06734	0.01946	0.00817	0.00255	0.00367	0.01759	0.00610	0.00533
17	0.02318	0.05690	0.11925	0.01248	0.01769	0.01135	0.01168	0.06015	0.01776	0.46077	0.06014	0.02557	0.01839	0.00870	0.00658	0.00205	0.00615	0.06462	0.00665	0.00995
18	0.01370	0.07104	0.51640	0.12008	0.02979	0.01581	0.07927	0.04398	0.01423	0.02035	0.01169	0.01433	0.00848	0.00615	0.00620	0.00203	0.00930	0.00511	0.00293	0.00913
19	0.01025	0.00574	0.00800	0.00825	0.00841	0.00563	0.00542	0.00868	0.00951	0.01257	0.01905	0.15104	0.05161	0.11944	0.02255	0.53281	0.00527	0.00863	0.00364	0.00349
20	0.01296	0.03342	0.73944	0.01842	0.02797	0.01501	0.02387	0.02046	0.01364	0.02046	0.01160	0.01364	0.00818	0.00614	0.00614	0.00205	0.00955	0.00477	0.00273	0.00955
21	0.01214	0.00802	0.04311	0.00992	0.01168	0.00660	0.00760	0.01400	0.01402	0.14962	0.07871	0.52878	0.03727	0.01680	0.00781	0.00245	0.00436	0.03425	0.00629	0.00658
22	0.01768	0.01262	0.01454	0.04716	0.01710	0.06482	0.04633	0.08348	0.16523	0.18812	0.03153	0.09677	0.16530	0.01068	0.00691	0.00212	0.00582	0.00902	0.00614	0.00861
23	0.05438	0.02614	0.04087	0.01694	0.05262	0.47985	0.01285	0.17566	0.04208	0.02253	0.01181	0.01310	0.00929	0.00688	0.00595	0.00178	0.00994	0.00469	0.00412	0.00851
24	0.01646	0.04601	0.03001	0.04953	0.19687	0.01653	0.34730	0.11685	0.03560	0.02316	0.01353	0.01708	0.01053	0.00795	0.04099	0.00243	0.00951	0.00666	0.00376	0.00924
25	0.02482	0.01335	0.01625	0.01284	0.01735	0.01361	0.01056	0.24285	0.07388	0.39039	0.04388	0.02196	0.01633	0.00857	0.00729	0.00206	0.04143	0.02505	0.00708	0.01046
26	0.01399	0.01271	0.02199	0.36822	0.23733	0.01379	0.09040	0.01792	0.01400	0.05188	0.01615	0.05379	0.04503	0.00732	0.00670	0.00210	0.00797	0.00693	0.00354	0.00823
27	0.01557	0.08365	0.01771	0.01397	0.05841	0.05120	0.06870	0.06480	0.04837	0.08472	0.02294	0.07870	0.10094	0.01039	0.02967	0.00212	0.02802	0.03889	0.00477	0.17646
28	0.01866	0.08214	0.07131	0.01315	0.01741	0.08306	0.02998	0.17042	0.07063	0.12735	0.07779	0.08908	0.01896	0.03015	0.00753	0.00207	0.02730	0.00728	0.00541	0.05033
29	0.04279	0.05488	0.01648	0.01252	0.01656	0.05519	0.05046	0.16660	0.05692	0.21824	0.12038	0.04968	0.07185	0.00954	0.00668	0.00202	0.00602	0.02796	0.00627	0.00896

[dist]
# distance from previous block
# <min> <max>
0	13

[block]
# block no. 2 follows, 34 sequences, length 96
# corresponding to MSA columns:
# 671-766
name=unknown_C
#
# <colnr> <probs for GDERKNQSTAVLIFYWHMCP>
#	G	D	E	R	K	N	Q	S	T	A	V	L	I	F	Y	W	H	M	C	P
0	0.13998	0.08180	0.01769	0.01388	0.04079	0.14046	0.03194	0.17595	0.06479	0.11286	0.01640	0.08065	0.01355	0.00807	0.00593	0.00191	0.00699	0.00625	0.00511	0.03500
1	0.03777	0.19679	0.21303	0.01776	0.06747	0.08610	0.10805	0.09476	0.01616	0.05592	0.01298	0.04157	0.01048	0.00671	0.00594	0.00187	0.00841	0.00552	0.00370	0.00900
2	0.12203	0.17909	0.08356	0.01606	0.08180	0.13015	0.03427	0.14287	0.08548	0.02401	0.01267	0.01390	0.00996	0.00651	0.00552	0.00180	0.00760	0.00481	0.00411	0.03381
3	0.06621	0.11831	0.09003	0.03911	0.06571	0.15567	0.01298	0.19142	0.01892	0.09411	0.01314	0.01418	0.00987	0.00660	0.00572	0.00175	0.00779	0.00485	0.00448	0.07915
4	0.01830	0.02070	0.12222	0.08877	0.20626	0.17155	0.11962	0.05535	0.01635	0.08273	0.01349	0.01679	0.01046	0.00657	0.00649	0.00197	0.00909	0.02044	0.00378	0.00907
5	0.02336	0.13159	0.02036	0.01567	0.01941	0.60261	0.01219	0.04689	0.01799	0.03881	0.01051	0.01192	0.00864	0.00658	0.00564	0.00165	0.01067	0.00419	0.00350	0.00782
6	0.01449	0.02699	0.52625	0.01638	0.02414	0.01411	0.01952	0.06068	0.06622	0.06954	0.06707	0.03675	0.01444	0.00742	0.00637	0.00206	0.00820	0.00598	0.00397	0.00941
7	0.10734	0.01636	0.01705	0.01372	0.01836	0.01838	0.01116	0.45497	0.21399	0.03578	0.01771	0.01729	0.01291	0.00784	0.00623	0.00201	0.00635	0.00597	0.00623	0.01036
8	0.00940	0.00626	0.00705	0.00705	0.00705	0.00626	0.00392	0.00940	0.00940	0.01253	0.02036	0.04228	0.02349	0.77292	0.03289	0.00626	0.00626	0.00940	0.00392	0.00392
9	0.01257	0.01004	0.01190	0.01208	0.01450	0.01087	0.00999	0.02177	0.30615	0.02239	0.03292	0.05208	0.07382	0.01401	0.00787	0.00260	0.00544	0.36511	0.00621	0.00768
10	0.01525	0.01743	0.03813	0.02723	0.03377	0.01634	0.70915	0.02070	0.01525	0.02070	0.01307	0.01743	0.00980	0.00545	0.00763	0.00218	0.01089	0.00763	0.00327	0.00871
11	0.02456	0.01810	0.01939	0.01487	0.02004	0.02004	0.01228	0.71107	0.03038	0.04072	0.01551	0.01551	0.01099	0.00776	0.00646	0.00194	0.00711	0.00582	0.00646	0.01099
12	0.00792	0.00566	0.00754	0.00897	0.00938	0.00528	0.00600	0.00911	0.01258	0.01682	0.05965	0.74374	0.04337	0.02000	0.00823	0.00260	0.00372	0.01814	0.00604	0.00528
13	0.00964	0.00754	0.00895	0.00928	0.01090	0.00744	0.00691	0.01421	0.13049	0.02036	0.16088	0.29487	0.19382	0.01604	0.00780	0.00239	0.00397	0.08192	0.00628	0.00633
14	0.01607	0.01388	0.01461	0.01315	0.01680	0.01607	0.01023	0.03433	0.72094	0.02703	0.02630	0.02411	0.01972	0.00877	0.00657	0.00219	0.00511	0.00731	0.00657	0.01023
15	0.01599	0.01535	0.02623	0.03966	0.73262	0.01535	0.01983	0.01983	0.01471	0.02111	0.01215	0.01599	0.01023	0.00576	0.00640	0.00192	0.00768	0.00576	0.00320	0.01023
16	0.00814	0.00657	0.00725	0.00708	0.00904	0.00567	0.00531	0.01025	0.01592	0.02028	0.28758	0.05753	0.50610	0.01531	0.00763	0.00213	0.00320	0.01298	0.00637	0.00567
17	0.00851	0.00658	0.00776	0.00746	0.00926	0.00583	0.00560	0.01097	0.01679	0.02236	0.45058	0.05411	0.34181	0.01453	0.00763	0.00210	0.00314	0.01250	0.00665	0.00583
18	0.01703	0.73441	0.07410	0.01148	0.01723	0.02496	0.01179	0.01941	0.01316	0.01550	0.00913	0.01055	0.00829	0.00556	0.00426	0.00142	0.00706	0.00353	0.00276	0.00836
19	0.02414	0.03079	0.01831	0.01665	0.01998	0.74698	0.01248	0.02580	0.01831	0.01581	0.00999	0.01165	0.00832	0.00666	0.00583	0.00166	0.01165	0.00416	0.00333	0.00749
20	0.00801	0.00576	0.00759	0.00882	0.00938	0.00535	0.00597	0.00936	0.01310	0.01756	0.11317	0.66671	0.06656	0.01934	0.00816	0.00254	0.00366	0.01748	0.00612	0.00535
21	0.01525	0.01743	0.03813	0.02723	0.03377	0.01634	0.70915	0.02070	0.01525	0.02070	0.01307	0.01743	0.00980	0.00545	0.00763	0.00218	0.01089	0.00763	0.00327	0.00871
22	0.00869	0.00659	0.00801	0.00766	0.00938	0.00590	0.00574	0.01132	0.01723	0.02339	0.53108	0.05242	0.26067	0.01415	0.00763	0.00208	0.00312	0.01227	0.00678	0.00590
23	0.01698	0.01392	0.01543	0.01423	0.05523	0.01555	0.01061	0.18158	0.43384	0.02931	0.09340	0.02551	0.04734	0.00909	0.00668	0.00210	0.00543	0.00755	0.00640	0.00982
24	0.00783	0.00654	0.00675	0.00670	0.00875	0.00554	0.00498	0.00953	0.01487	0.01804	0.12232	0.06032	0.64837	0.04054	0.00845	0.00230	0.00335	0.01333	0.00603	0.00546
25	0.01537	0.01448	0.02430	0.07820	0.62337	0.01466	0.01853	0.03466	0.01480	0.02095	0.01392	0.07151	0.01255	0.00691	0.00654	0.00198	0.00743	0.00669	0.00346	0.00971
26	0.02320	0.07618	0.01956	0.01704	0.04235	0.66066	0.01267	0.02495	0.01766	0.01594	0.00996	0.01177	0.00839	0.00668	0.00613	0.00168	0.03008	0.00421	0.00328	0.00762
27	0.00764	0.00655	0.00655	0.00655	0.00873	0.00545	0.00491	0.00927	0.01473	0.01745	0.06546	0.06218	0.73000	0.01636	0.00764	0.00218	0.00327	0.01364	0.00600	0.00545
28	0.01414	0.01414	0.01979	0.01696	0.01696	0.01979	0.01414	0.01555	0.00990	0.01555	0.00848	0.01414	0.00848	0.01131	0.02120	0.00283	0.76110	0.00565	0.00283	0.00707
29	0.00826	0.00640	0.00756	0.00784	0.00939	0.00570	0.00579	0.01025	0.01519	0.01970	0.24193	0.21893	0.34956	0.01645	0.00784	0.00228	0.00347	0.05153	0.00631	0.00561
30	0.01220	0.01148	0.01938	0.75739	0.04450	0.01436	0.01794	0.01651	0.01292	0.01651	0.01148	0.01723	0.00861	0.00646	0.00646	0.00215	0.00861	0.00574	0.00287	0.00718
31	0.00924	0.00688	0.01017	0.01017	0.01125	0.00796	0.00781	0.01140	0.01032	0.01484	0.01750	0.02645	0.01662	0.09430	0.70212	0.01012	0.01661	0.00708	0.00349	0.00565
32	0.01296	0.03342	0.73944	0.01842	0.02797	0.01501	0.02387	0.02046	0.01364	0.02046	0.01160	0.01364	0.00818	0.00614	0.00614	0.00205	0.00955	0.00477	0.00273	0.00955
33	0.01727	0.77681	0.03386	0.01106	0.01658	0.02557	0.01106	0.01935	0.01313	0.01520	0.00898	0.01036	0.00829	0.00553	0.00415	0.00138	0.00691	0.00345	0.00276	0.00829
34	0.01318	0.01126	0.03775	0.01455	0.05665	0.01125	0.03355	0.06255	0.18698	0.02292	0.05108	0.04974	0.02874	0.01340	0.00788	0.00257	0.00610	0.37627	0.00582	0.00775
35	0.03631	0.16493	0.10232	0.05334	0.08162	0.14738	0.05811	0.10086	0.08600	0.02133	0.01316	0.01597	0.01071	0.00712	0.00691	0.00193	0.05707	0.02233	0.00385	0.00876
36	0.17832	0.01291	0.01293	0.01091	0.01416	0.08742	0.06054	0.12289	0.03401	0.04670	0.01630	0.01871	0.01269	0.02782	0.00595	0.00190	0.00573	0.00555	0.31706	0.00751
37	0.00984	0.00834	0.00978	0.01037	0.05592	0.02743	0.00714	0.01302	0.05628	0.02105	0.28941	0.11074	0.30654	0.01407	0.00788	0.00216	0.02560	0.01201	0.00609	0.00634
38	0.00909	0.00616	0.00725	0.00755	0.00767	0.00612	0.00447	0.00939	0.01002	0.01340	0.02329	0.18618	0.02706	0.59810	0.05275	0.00568	0.00615	0.01110	0.00431	0.00424
39	0.04765	0.01580	0.01709	0.01350	0.01817	0.01728	0.01104	0.47711	0.12372	0.11336	0.01826	0.01781	0.01298	0.00785	0.00628	0.00196	0.00633	0.00604	0.05733	0.01045
40	0.01527	0.02236	0.27545	0.02567	0.29895	0.06121	0.03771	0.02179	0.09015	0.02117	0.01332	0.01564	0.01035	0.00620	0.00622	0.00192	0.00822	0.00541	0.00344	0.05956
41	0.15739	0.10370	0.10460	0.01629	0.15259	0.01363	0.01199	0.01783	0.06203	0.02119	0.07457	0.02319	0.07677	0.03926	0.09594	0.00311	0.00752	0.00648	0.00407	0.00785
42	0.01447	0.01170	0.01430	0.01159	0.06077	0.00909	0.00853	0.01739	0.01378	0.06295	0.01235	0.01407	0.00999	0.00503	0.00499	0.00108	0.00501	0.00411	0.00403	0.71478
43	0.01517	0.00968	0.01112	0.00978	0.01225	0.01045	0.00770	0.20045	0.01725	0.05188	0.01872	0.02266	0.01517	0.04327	0.20427	0.00416	0.00812	0.00633	0.32417	0.00740
44	0.02453	0.01582	0.01769	0.01382	0.01875	0.01695	0.01133	0.45704	0.11801	0.20834	0.01935	0.01822	0.01335	0.00795	0.00649	0.00199	0.00646	0.00618	0.00685	0.01089
45	0.00839	0.00633	0.00749	0.00765	0.00897	0.00572	0.00541	0.01018	0.01475	0.01943	0.27066	0.20731	0.27959	0.10592	0.01076	0.00271	0.00366	0.01351	0.00612	0.00544
46	0.81856	0.01250	0.00950	0.00850	0.01250	0.01449	0.00700	0.01899	0.01100	0.02899	0.00900	0.01050	0.00700	0.00600	0.00400	0.00200	0.00500	0.00350	0.00400	0.00700
47	0.01032	0.00678	0.00807	0.00804	0.00969	0.00606	0.00581	0.01195	0.01437	0.08889	0.13946	0.21356	0.29860	0.11457	0.01099	0.00280	0.00404	0.03405	0.00608	0.00586
48	0.01803	0.01457	0.01684	0.01420	0.01834	0.01631	0.05471	0.13477	0.53270	0.06918	0.02380	0.02228	0.01757	0.00836	0.00662	0.00214	0.00580	0.00706	0.00643	0.01029
49	0.00787	0.00562	0.00750	0.00900	0.00937	0.00525	0.00600	0.00900	0.01237	0.01649	0.03561	0.76871	0.04274	0.02024	0.00825	0.00262	0.00375	0.01837	0.00600	0.00525
50	0.02223	0.02101	0.01994	0.04444	0.12817	0.25126	0.01369	0.29575	0.02185	0.05294	0.01303	0.01456	0.00997	0.00729	0.00717	0.00191	0.05543	0.00529	0.00468	0.00938
51	0.01303	0.03293	0.71787	0.01869	0.02814	0.01505	0.04495	0.02047	0.01369	0.02047	0.01164	0.01376	0.00823	0.00612	0.00618	0.00205	0.00959	0.00486	0.00274	0.00952
52	0.00797	0.00580	0.00734	0.00852	0.00910	0.00536	0.00568	0.00907	0.01243	0.01629	0.03826	0.61684	0.13086	0.08154	0.01019	0.00287	0.00389	0.01701	0.00583	0.00517
53	0.02456	0.01810	0.01939	0.01487	0.02004	0.02004	0.01228	0.71107	0.03038	0.04072	0.01551	0.01551	0.01099	0.00776	0.00646	0.00194	0.00711	0.00582	0.00646	0.01099
54	0.02681	0.01075	0.01447	0.01125	0.01589	0.00945	0.00923	0.04915	0.01882	0.64358	0.09780	0.02452	0.02049	0.00853	0.00661	0.00200	0.00529	0.00701	0.00786	0.01049
55	0.00889	0.00663	0.00828	0.00798	0.00964	0.00603	0.00606	0.01164	0.01738	0.02382	0.55669	0.05237	0.19987	0.01409	0.00769	0.00211	0.00324	0.04482	0.00682	0.00596
56	0.02456	0.01810	0.01939	0.01487	0.02004	0.02004	0.01228	0.71107	0.03038	0.04072	0.01551	0.01551	0.01099	0.00776	0.00646	0.00194	0.00711	0.00582	0.00646	0.01099
57	0.01655	0.01412	0.01488	0.01325	0.01698	0.01629	0.01034	0.07212	0.68238	0.02779	0.02570	0.02363	0.01924	0.00871	0.00657	0.00218	0.00523	0.00722	0.00657	0.01027
58	0.01881	0.60948	0.03037	0.01231	0.01734	0.18738	0.01138	0.02080	0.01429	0.01534	0.00921	0.01065	0.00830	0.00578	0.00452	0.00145	0.00797	0.00361	0.00289	0.00811
59	0.02005	0.06627	0.25268	0.01633	0.04459	0.06351	0.01588	0.31971	0.02149	0.07950	0.01455	0.03083	0.01076	0.00726	0.00622	0.00194	0.00801	0.00555	0.00484	0.01000
60	0.08498	0.13867	0.09012	0.01573	0.02043	0.38369	0.05263	0.10413	0.01775	0.02043	0.01074	0.01234	0.00860	0.00645	0.00564	0.00175	0.00963	0.00445	0.00361	0.00825
61	0.01122	0.00561	0.00842	0.00842	0.00842	0.00561	0.00561	0.00842	0.00842	0.01122	0.01122	0.01964	0.01122	0.02245	0.02525	0.81201	0.00561	0.00561	0.00281	0.00281
62	0.01628	0.01979	0.17163	0.02097	0.19031	0.12303	0.05321	0.02227	0.10684	0.06738	0.10353	0.02169	0.03910	0.00772	0.00654	0.00198	0.00767	0.00662	0.00443	0.00899
63	0.01340	0.01148	0.01340	0.00957	0.01531	0.00861	0.00766	0.01627	0.01340	0.02105	0.01148	0.01340	0.00957	0.00479	0.00479	0.00096	0.00479	0.00383	0.00383	0.81242
64	0.02353	0.01820	0.02017	0.01788	0.10489	0.04420	0.01319	0.60545	0.02810	0.03754	0.01492	0.01544	0.01081	0.00748	0.00643	0.00193	0.00733	0.00575	0.00597	0.01078
65	0.00940	0.00626	0.00705	0.00705	0.00705	0.00626	0.00392	0.00940	0.00940	0.01253	0.02036	0.04228	0.02349	0.77292	0.03289	0.00626	0.00626	0.00940	0.00392	0.00392
66	0.00768	0.00655	0.00661	0.00659	0.00876	0.00547	0.00494	0.00936	0.01483	0.01771	0.08524	0.06177	0.71006	0.01627	0.00764	0.00218	0.00327	0.01358	0.00603	0.00547
67	0.02043	0.13492	0.21954	0.01517	0.02159	0.01913	0.01520	0.39604	0.02282	0.05402	0.01379	0.01444	0.00998	0.00699	0.00603	0.00189	0.00770	0.00520	0.00494	0.01019
68	0.00905	0.00742	0.00816	0.00838	0.01041	0.00697	0.00644	0.01279	0.09855	0.01873	0.05273	0.14839	0.46335	0.01615	0.00776	0.00235	0.00392	0.10632	0.00606	0.00606
69	0.01830	0.01398	0.01632	0.04274	0.08099	0.01554	0.01147	0.09789	0.48123	0.11289	0.02337	0.02205	0.01718	0.00823	0.00653	0.00212	0.00571	0.00687	0.00630	0.01028
70	0.01621	0.01684	0.03256	0.04900	0.03056	0.01662	0.52485	0.09351	0.10649	0.02343	0.01495	0.01807	0.01115	0.00614	0.00733	0.00215	0.00969	0.00733	0.00400	0.00909
71	0.02085	0.11774	0.04324	0.03290	0.01964	0.16391	0.07246	0.12572	0.04289	0.17594	0.04134	0.01950	0.05314	0.00760	0.00618	0.00184	0.00761	0.00605	0.00509	0.03634
72	0.00779	0.00641	0.00686	0.00706	0.00890	0.00547	0.00517	0.00946	0.01464	0.01797	0.11305	0.17199	0.56943	0.01672	0.00773	0.00224	0.00333	0.01423	0.00609	0.00547
73	0.01758	0.01389	0.01491	0.01312	0.01696	0.01578	0.01029	0.07270	0.62575	0.08423	0.02562	0.02345	0.01893	0.00865	0.00656	0.00216	0.00526	0.00716	0.00668	0.01033
74	0.01429	0.01449	0.02027	0.09366	0.02042	0.04225	0.03599	0.01613	0.01064	0.01582	0.00898	0.01448	0.00853	0.01048	0.01877	0.00270	0.63641	0.00568	0.00286	0.00714
75	0.01599	0.01535	0.02623	0.03966	0.73262	0.01535	0.01983	0.01983	0.01471	0.02111	0.01215	0.01599	0.01023	0.00576	0.00640	0.00192	0.00768	0.00576	0.00320	0.01023
76	0.00787	0.00562	0.00750	0.00900	0.00937	0.00525	0.00600	0.00900	0.01237	0.01649	0.03561	0.76871	0.04274	0.02024	0.00825	0.00262	0.00375	0.01837	0.00600	0.00525
77	0.01008	0.00667	0.00883	0.00977	0.01080	0.00641	0.00722	0.01222	0.03389	0.06013	0.06532	0.47057	0.03897	0.06125	0.00963	0.00283	0.00450	0.16901	0.00605	0.00585
78	0.01686	0.01563	0.01564	0.01501	0.05794	0.08821	0.01100	0.03266	0.61128	0.02558	0.02388	0.02241	0.01806	0.00839	0.00649	0.00212	0.00591	0.00691	0.00606	0.00996
79	0.00802	0.00573	0.00766	0.00916	0.00960	0.00537	0.00625	0.00925	0.01251	0.01666	0.03553	0.72902	0.04242	0.02011	0.00829	0.00264	0.00387	0.05662	0.00600	0.00529
80	0.02048	0.39900	0.02635	0.01456	0.04300	0.31828	0.01202	0.06575	0.01638	0.01727	0.00991	0.01141	0.00854	0.00614	0.00505	0.00155	0.00888	0.00397	0.00324	0.00820
81	0.02383	0.01907	0.06495	0.01509	0.02054	0.01972	0.01301	0.66738	0.02932	0.03944	0.01527	0.01539	0.01081	0.00765	0.00644	0.00195	0.00726	0.00575	0.00623	0.01090
82	0.00801	0.00587	0.00727	0.00830	0.00897	0.00541	0.00554	0.00910	0.01245	0.01619	0.03933	0.54876	0.16866	0.11079	0.01112	0.00298	0.00396	0.01640	0.00575	0.00513
83	0.04793	0.01045	0.01137	0.00949	0.01269	0.01082	0.00760	0.21186	0.01897	0.14758	0.01982	0.02085	0.01456	0.00761	0.00537	0.00173	0.00464	0.00595	0.42246	0.00827
84	0.00947	0.00638	0.00801	0.00822	0.00937	0.00594	0.00584	0.01141	0.01471	0.04222	0.28846	0.26801	0.10535	0.10834	0.01074	0.00274	0.00384	0.03333	0.05199	0.00565
85	0.00923	0.00692	0.01038	0.01038	0.01154	0.00808	0.00808	0.01154	0.01038	0.01500	0.01731	0.02538	0.01615	0.04846	0.74732	0.01038	0.01731	0.00692	0.00346	0.00577
86	0.01154	0.00607	0.00866	0.00856	0.00885	0.00615	0.00584	0.03159	0.00959	0.01316	0.01285	0.04428	0.01266	0.02173	0.04110	0.69449	0.00575	0.00609	0.04763	0.00340
87	0.02345	0.10535	0.01986	0.01609	0.01964	0.67489	0.01234	0.02516	0.01779	0.01575	0.00989	0.01152	0.00832	0.00655	0.00566	0.00164	0.01118	0.00409	0.00327	0.00757
88	0.01715	0.01322	0.01433	0.01264	0.01636	0.01483	0.00990	0.05341	0.57992	0.10035	0.05108	0.02570	0.04389	0.00906	0.00663	0.00216	0.00508	0.00753	0.00672	0.01003
89	0.04043	0.37080	0.06717	0.01600	0.07300	0.25223	0.03585	0.04404	0.01550	0.01751	0.01004	0.01179	0.00855	0.00602	0.00515	0.00161	0.00871	0.00414	0.00314	0.00832
90	0.02179	0.01653	0.01677	0.01441	0.04140	0.09757	0.01114	0.28551	0.21824	0.13293	0.01955	0.01892	0.01414	0.00787	0.00631	0.00196	0.00661	0.00615	0.05213	0.01008
91	0.03847	0.09151	0.10686	0.08227	0.17002	0.03866	0.02904	0.02188	0.14488	0.04243	0.04715	0.01782	0.01359	0.00708	0.00691	0.00193	0.05142	0.00574	0.00408	0.07825
92	0.01939	0.01765	0.08865	0.01547	0.06398	0.04107	0.01252	0.37008	0.09328	0.03074	0.01632	0.04223	0.01306	0.05127	0.00780	0.00213	0.00693	0.00621	0.00535	0.09586
93	0.00971	0.00738	0.00839	0.00831	0.00996	0.00697	0.00599	0.07716	0.01555	0.02013	0.14071	0.25242	0.30572	0.08936	0.01014	0.00266	0.00403	0.01353	0.00600	0.00587
94	0.01127	0.10379	0.15190	0.01113	0.01442	0.03479	0.01033	0.03515	0.01373	0.01814	0.07027	0.26259	0.10144	0.06701	0.06219	0.00304	0.00666	0.01078	0.00466	0.00671
95	0.01609	0.18522	0.15797	0.01388	0.01864	0.06497	0.03412	0.10025	0.07723	0.03669	0.01898	0.04420	0.08040	0.00850	0.00752	0.00197	0.08489	0.00634	0.03366	0.00845

[dist]
# distance from previous block
# <min> <max>
4	14

[block]
# block no. 3 follows, 34 sequences, length 11
# corresponding to MSA columns:
# 781-791
name=unknown_D
#
# <colnr> <probs for GDERKNQSTAVLIFYWHMCP>
#	G	D	E	R	K	N	Q	S	T	A	V	L	I	F	Y	W	H	M	C	P
0	0.01631	0.06781	0.14024	0.06092	0.07255	0.08153	0.06060	0.04883	0.04720	0.11972	0.09579	0.02600	0.11757	0.00870	0.00656	0.00199	0.00706	0.00731	0.00483	0.00848
1	0.00973	0.05809	0.00986	0.00885	0.01008	0.00789	0.00635	0.01223	0.06427	0.01722	0.08386	0.30421	0.10879	0.20192	0.01383	0.00334	0.00474	0.06373	0.00539	0.00562
2	0.00859	0.00670	0.00833	0.05905	0.01147	0.00645	0.00635	0.01037	0.01362	0.01767	0.14927	0.19675	0.28386	0.11627	0.07292	0.00346	0.00526	0.01266	0.00548	0.00546
3	0.01677	0.01605	0.11504	0.09679	0.04367	0.04853	0.10564	0.08356	0.09988	0.13233	0.03785	0.11107	0.04559	0.00911	0.00685	0.00213	0.00720	0.00807	0.00509	0.00877
4	0.04053	0.01724	0.02152	0.20173	0.16982	0.14707	0.08144	0.10975	0.04634	0.08195	0.01373	0.01628	0.01034	0.00663	0.00639	0.00198	0.00849	0.00572	0.00413	0.00892
5	0.00907	0.00627	0.00755	0.00809	0.00847	0.00612	0.00527	0.00979	0.01105	0.01457	0.02797	0.22199	0.06471	0.46125	0.02275	0.00478	0.00547	0.09551	0.00477	0.00456
6	0.01481	0.01598	0.07506	0.20184	0.43081	0.01523	0.11346	0.01923	0.01430	0.01995	0.01209	0.01631	0.00966	0.00590	0.00656	0.00202	0.00846	0.00594	0.00310	0.00928
7	0.04163	0.24088	0.11344	0.12788	0.02434	0.19179	0.05662	0.09585	0.01633	0.01971	0.01088	0.01311	0.00868	0.00626	0.00560	0.00178	0.00883	0.00465	0.00338	0.00837
8	0.01682	0.01346	0.07135	0.01425	0.06388	0.01278	0.01137	0.17397	0.12518	0.10270	0.02109	0.05994	0.01775	0.01556	0.12260	0.00341	0.00788	0.07076	0.06648	0.00878
9	0.00922	0.00809	0.00793	0.00788	0.00983	0.05100	0.00594	0.01107	0.01514	0.01845	0.15596	0.05659	0.48053	0.06585	0.00931	0.00247	0.00417	0.06909	0.00586	0.00561
10	0.02136	0.09139	0.07302	0.01161	0.01629	0.01276	0.01032	0.15662	0.01882	0.31297	0.02415	0.05520	0.07468	0.00875	0.00621	0.00192	0.00578	0.00699	0.08173	0.00942

[dist]
# distance from previous block
# <min> <max>
1	17

[block]
# block no. 4 follows, 34 sequences, length 133
# corresponding to MSA columns:
# 809-941
name=unknown_E
#
# <colnr> <probs for GDERKNQSTAVLIFYWHMCP>
#	G	D	E	R	K	N	Q	S	T	A	V	L	I	F	Y	W	H	M	C	P
0	0.01440	0.03981	0.01373	0.05721	0.08331	0.04521	0.00948	0.01849	0.08438	0.12706	0.20708	0.06190	0.16983	0.01112	0.00733	0.00207	0.02468	0.00938	0.00584	0.00770
1	0.01549	0.09689	0.01786	0.01252	0.04040	0.06335	0.04259	0.06924	0.04232	0.02191	0.04148	0.01522	0.01198	0.00578	0.00528	0.00131	0.00599	0.00466	0.00406	0.48169
2	0.01894	0.12399	0.15954	0.01744	0.06874	0.23001	0.05690	0.11274	0.01734	0.04115	0.01247	0.01509	0.00999	0.00825	0.03519	0.00214	0.00939	0.01811	0.00375	0.03881
3	0.01371	0.01396	0.04277	0.01498	0.04926	0.08905	0.01165	0.04171	0.01213	0.01658	0.01453	0.02147	0.03686	0.10706	0.18411	0.00470	0.30880	0.00648	0.00341	0.00679
4	0.01497	0.01841	0.09757	0.05932	0.08386	0.01607	0.56973	0.02043	0.01497	0.02052	0.01281	0.01699	0.00964	0.00557	0.00736	0.00215	0.01045	0.00716	0.00320	0.00883
5	0.00927	0.00676	0.00955	0.00955	0.01042	0.00762	0.00704	0.01100	0.01014	0.01438	0.01807	0.02960	0.01798	0.22928	0.56900	0.00936	0.01455	0.00754	0.00357	0.00531
