[name]
unknown

[dist]
# distance from previous block
# <min> <max>
0	5

[block]
# block no. 0 follows, 30 sequences, length 42
# corresponding to MSA columns:
# 5-46
name=unknown_A
#
# <colnr> <probs for GDERKNQSTAVLIFYWHMCP>
#	G	D	E	R	K	N	Q	S	T	A	V	L	I	F	Y	W	H	M	C	P
0	0.05475	0.02904	0.02025	0.01779	0.02171	0.55178	0.04872	0.09647	0.02049	0.02094	0.01285	0.01657	0.01086	0.00782	0.00656	0.00194	0.01144	0.03745	0.00412	0.00846
1	0.01684	0.01241	0.01472	0.01078	0.01662	0.00988	0.00866	0.05242	0.01631	0.10698	0.05123	0.01769	0.01418	0.00622	0.00564	0.00128	0.00528	0.00503	0.00500	0.62279
2	0.01109	0.00701	0.00825	0.00816	0.00852	0.00698	0.00490	0.01142	0.01088	0.04863	0.02307	0.08571	0.02579	0.63692	0.06914	0.00654	0.00719	0.01043	0.00455	0.00480
3	0.01716	0.01843	0.07042	0.16462	0.22478	0.06166	0.22429	0.02290	0.05683	0.04867	0.01458	0.01833	0.01117	0.00663	0.00729	0.00222	0.00969	0.00679	0.00381	0.00972
4	0.02380	0.02725	0.01984	0.01894	0.07340	0.50058	0.01361	0.02671	0.04975	0.06022	0.01275	0.01455	0.01030	0.00757	0.00761	0.00192	0.06633	0.00503	0.00404	0.05581
5	0.00891	0.00691	0.00811	0.00820	0.00993	0.00611	0.00600	0.01116	0.01691	0.02213	0.30648	0.18472	0.34511	0.01714	0.00836	0.00238	0.00354	0.01485	0.00694	0.00611
6	0.80405	0.01350	0.01026	0.00918	0.01350	0.01565	0.00756	0.02051	0.01188	0.03131	0.00972	0.01134	0.00756	0.00648	0.00432	0.00216	0.00540	0.00378	0.00432	0.00756
7	0.01603	0.01544	0.02665	0.24719	0.48952	0.01630	0.04667	0.02040	0.01534	0.02132	0.01295	0.01772	0.01052	0.00643	0.00698	0.00216	0.00872	0.00629	0.00335	0.01002
8	0.02361	0.02762	0.01940	0.01849	0.06191	0.50843	0.01338	0.07541	0.09832	0.02071	0.01386	0.01561	0.01125	0.01018	0.04954	0.00246	0.01152	0.00530	0.00425	0.00877
9	0.04488	0.00815	0.00963	0.00920	0.01128	0.00773	0.00678	0.01559	0.05983	0.09398	0.25011	0.16917	0.18774	0.08182	0.01045	0.00276	0.00429	0.01286	0.00682	0.00693
10	0.04626	0.00837	0.01069	0.01016	0.01260	0.00758	0.00757	0.01802	0.01616	0.23751	0.08900	0.36141	0.11454	0.01607	0.00801	0.00249	0.00457	0.01406	0.00716	0.00778
11	0.00988	0.00726	0.00998	0.01004	0.01138	0.00794	0.00764	0.01215	0.01216	0.01718	0.02750	0.05840	0.12096	0.08033	0.51021	0.00873	0.01426	0.00904	0.05889	0.00607
12	0.01081	0.00707	0.00876	0.00907	0.01070	0.00631	0.00652	0.01264	0.01569	0.08630	0.14806	0.37872	0.23676	0.01824	0.00843	0.00254	0.00397	0.01605	0.00687	0.00646
13	0.01918	0.01370	0.01500	0.01253	0.01615	0.01485	0.00985	0.30559	0.13454	0.05306	0.11455	0.05421	0.02404	0.07287	0.00939	0.00252	0.00592	0.00828	0.10429	0.00948
14	0.32884	0.01069	0.01026	0.00930	0.01273	0.01115	0.00735	0.01910	0.06372	0.10162	0.11262	0.06149	0.20365	0.01140	0.00649	0.00226	0.00467	0.00898	0.00604	0.00765
15	0.29144	0.00992	0.00999	0.00921	0.01229	0.01006	0.00712	0.01768	0.01491	0.13199	0.09593	0.13926	0.17423	0.03752	0.00769	0.00246	0.00472	0.01009	0.00609	0.00738
16	0.34062	0.01163	0.01205	0.01069	0.01444	0.01217	0.00843	0.04163	0.05609	0.21907	0.02247	0.18248	0.01991	0.01078	0.00635	0.00232	0.00532	0.00862	0.00625	0.00866
17	0.04004	0.00797	0.00845	0.00826	0.01047	0.00746	0.00613	0.01339	0.07744	0.02147	0.17020	0.09359	0.43238	0.06024	0.00966	0.00261	0.00396	0.01332	0.00653	0.00643
18	0.12405	0.01064	0.01274	0.01082	0.01456	0.01016	0.00858	0.05841	0.03143	0.31749	0.14181	0.11888	0.08799	0.01169	0.00720	0.00227	0.00507	0.00973	0.00734	0.00914
19	0.02722	0.01844	0.02026	0.01553	0.02109	0.02000	0.01283	0.59379	0.03096	0.14076	0.01831	0.01776	0.01265	0.00841	0.00699	0.00210	0.00743	0.00639	0.00722	0.01187
20	0.00909	0.00702	0.00829	0.00815	0.00999	0.00622	0.00604	0.01158	0.01763	0.02335	0.38807	0.11616	0.33064	0.01631	0.00829	0.00231	0.00346	0.01409	0.00708	0.00622
21	0.01082	0.00746	0.00938	0.00937	0.01049	0.00753	0.00653	0.01325	0.04722	0.04502	0.13841	0.16982	0.07437	0.25507	0.15860	0.00554	0.00778	0.01181	0.00554	0.00599
22	0.05825	0.00795	0.00910	0.00862	0.01092	0.00735	0.00653	0.01425	0.03659	0.06915	0.32256	0.09841	0.29460	0.01506	0.00794	0.00230	0.00379	0.01285	0.00700	0.00680
23	0.01757	0.01136	0.01353	0.01156	0.01490	0.01159	0.00910	0.12390	0.15260	0.15014	0.35364	0.03680	0.04063	0.01147	0.00761	0.00221	0.00485	0.00977	0.00763	0.00917
24	0.01727	0.01658	0.02832	0.04283	0.71123	0.01658	0.02142	0.02142	0.01589	0.02280	0.01313	0.01727	0.01105	0.00622	0.00691	0.00207	0.00829	0.00622	0.00345	0.01105
25	0.08375	0.01672	0.01811	0.03697	0.09217	0.05978	0.01257	0.19192	0.28362	0.07429	0.04367	0.02138	0.01698	0.00852	0.00681	0.00220	0.00681	0.00684	0.00626	0.01060
26	0.01149	0.00984	0.00964	0.00944	0.01163	0.07277	0.00708	0.01426	0.04235	0.04450	0.19335	0.14886	0.34429	0.01599	0.00812	0.00236	0.00464	0.03620	0.00657	0.00662
27	0.00913	0.00710	0.00829	0.00799	0.00997	0.00627	0.00600	0.01172	0.01799	0.02380	0.41548	0.05902	0.36052	0.01583	0.00824	0.00227	0.00340	0.01359	0.00713	0.00627
28	0.03967	0.01481	0.02243	0.46444	0.21177	0.04563	0.01890	0.06186	0.01582	0.02113	0.01271	0.01768	0.00984	0.00687	0.00685	0.00222	0.00896	0.00607	0.00349	0.00886
29	0.07600	0.14005	0.02424	0.09812	0.04382	0.06845	0.07957	0.23648	0.04600	0.09871	0.01536	0.01665	0.01134	0.00737	0.00647	0.00205	0.00817	0.00588	0.00520	0.01007
30	0.01685	0.01730	0.04688	0.39984	0.20981	0.11218	0.01890	0.03934	0.01595	0.03893	0.01291	0.01741	0.00998	0.00689	0.00686	0.00218	0.00939	0.00596	0.00351	0.00895
31	0.01494	0.01420	0.02412	0.43817	0.33408	0.01597	0.02026	0.01938	0.01479	0.01997	0.01271	0.01803	0.01006	0.00665	0.00695	0.00222	0.00887	0.00621	0.00325	0.00918
32	0.01695	0.27471	0.21102	0.01879	0.05312	0.01925	0.15485	0.02167	0.01559	0.06205	0.05200	0.01931	0.01408	0.00722	0.00645	0.00202	0.00877	0.02890	0.00382	0.00945
33	0.07293	0.01617	0.05456	0.01516	0.05106	0.04217	0.01223	0.15513	0.11337	0.35986	0.02245	0.02079	0.01517	0.00830	0.00681	0.00216	0.00678	0.00657	0.00712	0.01124
34	0.01745	0.01851	0.03049	0.09534	0.34439	0.08784	0.22565	0.02183	0.01605	0.02138	0.01295	0.01731	0.01046	0.00655	0.00800	0.00220	0.04367	0.00666	0.00344	0.00981
35	0.01011	0.00691	0.00835	0.00835	0.00861	0.00717	0.00515	0.01062	0.01037	0.01408	0.02131	0.04191	0.02374	0.61030	0.17775	0.00768	0.00922	0.00960	0.00413	0.00464
36	0.01890	0.15375	0.02573	0.04735	0.09133	0.10981	0.13357	0.10564	0.08357	0.04549	0.02152	0.02276	0.09389	0.00828	0.00681	0.00206	0.00838	0.00710	0.00470	0.00938
37	0.01486	0.01284	0.01587	0.13397	0.02216	0.01140	0.01053	0.03992	0.07198	0.02310	0.01387	0.01620	0.01112	0.00593	0.00569	0.00140	0.00597	0.00486	0.00429	0.57401
38	0.01837	0.01795	0.04799	0.02091	0.13495	0.11875	0.08651	0.08469	0.07466	0.05520	0.01783	0.02502	0.01541	0.03559	0.03651	0.00270	0.05427	0.07467	0.00471	0.07333
39	0.10343	0.01340	0.01727	0.01568	0.08282	0.05090	0.03889	0.02812	0.01809	0.43243	0.06309	0.02300	0.01790	0.01095	0.04985	0.00268	0.00732	0.00689	0.00688	0.01040
40	0.01411	0.03962	0.09093	0.16663	0.11927	0.01247	0.01430	0.03627	0.04107	0.06505	0.04569	0.18454	0.07230	0.01207	0.00758	0.00240	0.00689	0.05542	0.00507	0.00831
41	0.09093	0.06741	0.08198	0.01520	0.06265	0.01359	0.03997	0.08977	0.01865	0.22167	0.13034	0.02784	0.02311	0.01083	0.03112	0.00249	0.00700	0.04971	0.00616	0.00959

[dist]
# distance from previous block
# <min> <max>
0	14

[block]
# block no. 1 follows, 30 sequences, length 23
# corresponding to MSA columns:
# 61-83
name=unknown_B
#
# <colnr> <probs for GDERKNQSTAVLIFYWHMCP>
#	G	D	E	R	K	N	Q	S	T	A	V	L	I	F	Y	W	H	M	C	P
0	0.01918	0.15749	0.06754	0.04151	0.11859	0.03932	0.07984	0.12225	0.03815	0.09815	0.06404	0.02286	0.04879	0.00843	0.00723	0.00209	0.02839	0.02141	0.00500	0.00973
1	0.07250	0.07834	0.08635	0.02218	0.17460	0.12527	0.07283	0.09497	0.07112	0.05836	0.01484	0.01731	0.01171	0.03020	0.00739	0.00216	0.00860	0.00589	0.00442	0.04096
2	0.07015	0.02049	0.15600	0.04744	0.09499	0.06423	0.01541	0.19711	0.07644	0.09388	0.05824	0.04181	0.01615	0.00842	0.00683	0.00217	0.00780	0.00676	0.00545	0.01021
3	0.08720	0.11205	0.12970	0.09347	0.10188	0.03958	0.05451	0.10762	0.08764	0.06740	0.04253	0.01829	0.01357	0.00743	0.00649	0.00211	0.00798	0.00607	0.00467	0.00982
4	0.08883	0.38283	0.04888	0.01354	0.01896	0.13893	0.01225	0.10204	0.03865	0.07807	0.01281	0.01367	0.01023	0.00684	0.00541	0.00177	0.00806	0.00460	0.00425	0.00938
5	0.01229	0.01116	0.01281	0.01243	0.01391	0.10120	0.00965	0.01464	0.01228	0.01634	0.01721	0.02492	0.01596	0.04459	0.60036	0.00961	0.05338	0.00703	0.00369	0.00654
6	0.01150	0.06402	0.01362	0.01153	0.01336	0.01082	0.00921	0.04926	0.01259	0.01770	0.01792	0.02564	0.01652	0.04653	0.63479	0.01000	0.01727	0.00713	0.00386	0.00674
7	0.01958	0.30154	0.05371	0.01774	0.11947	0.06199	0.01360	0.08051	0.01664	0.09910	0.01487	0.04696	0.01267	0.01108	0.06046	0.00262	0.04787	0.00588	0.00429	0.00944
8	0.02563	0.07643	0.02077	0.01762	0.02136	0.68515	0.01339	0.02745	0.01944	0.01704	0.01072	0.01250	0.00899	0.00712	0.00618	0.00178	0.01228	0.00445	0.00356	0.00814
9	0.01002	0.00756	0.00921	0.00964	0.01118	0.00695	0.00681	0.04987	0.01525	0.02027	0.06537	0.50553	0.15746	0.01877	0.00836	0.00254	0.00423	0.01667	0.00637	0.06794
10	0.03131	0.01188	0.01619	0.01242	0.01781	0.01026	0.01026	0.03401	0.01997	0.71606	0.02753	0.02375	0.01727	0.00864	0.00702	0.00216	0.00594	0.00702	0.00864	0.01188
11	0.04988	0.04310	0.09992	0.02508	0.13616	0.07965	0.25359	0.02079	0.01514	0.02097	0.01420	0.06953	0.01253	0.00826	0.00964	0.00235	0.11910	0.00746	0.00362	0.00902
12	0.00954	0.00712	0.00886	0.00842	0.01022	0.00644	0.00632	0.01251	0.01895	0.02607	0.57423	0.05527	0.20035	0.01498	0.00823	0.00223	0.00334	0.01306	0.00743	0.00644
13	0.01618	0.01547	0.02636	0.22788	0.53470	0.01629	0.02087	0.02046	0.01537	0.02148	0.01293	0.01763	0.01059	0.00642	0.00693	0.00214	0.00856	0.00621	0.00336	0.01017
14	0.01447	0.01240	0.01447	0.01034	0.01654	0.00930	0.00827	0.01757	0.01447	0.02274	0.01240	0.01447	0.01034	0.00517	0.00517	0.00103	0.00517	0.00413	0.00413	0.79742
15	0.80405	0.01350	0.01026	0.00918	0.01350	0.01565	0.00756	0.02051	0.01188	0.03131	0.00972	0.01134	0.00756	0.00648	0.00432	0.00216	0.00540	0.00378	0.00432	0.00756
16	0.01015	0.00677	0.00761	0.00761	0.00761	0.00677	0.00423	0.01015	0.01015	0.01353	0.02199	0.04567	0.02537	0.75476	0.03552	0.00677	0.00677	0.01015	0.00423	0.00423
17	0.01447	0.01240	0.01447	0.01034	0.01654	0.00930	0.00827	0.01757	0.01447	0.02274	0.01240	0.01447	0.01034	0.00517	0.00517	0.00103	0.00517	0.00413	0.00413	0.79742
18	0.00908	0.00862	0.06103	0.01029	0.01184	0.00667	0.00810	0.01106	0.01408	0.01854	0.04158	0.53363	0.14899	0.01986	0.00869	0.00274	0.00462	0.06826	0.00621	0.00611
19	0.01634	0.01584	0.03961	0.01762	0.14313	0.06517	0.01205	0.04628	0.01572	0.02293	0.01247	0.01497	0.01033	0.00596	0.00638	0.00144	0.03563	0.00473	0.00401	0.50937
20	0.04170	0.01946	0.11589	0.05813	0.37891	0.03889	0.10603	0.05959	0.01700	0.07641	0.01427	0.01734	0.01099	0.00660	0.00696	0.00214	0.00887	0.00628	0.00401	0.01054
21	0.10267	0.17608	0.23706	0.07090	0.04382	0.06197	0.06463	0.04291	0.01532	0.04992	0.01224	0.01460	0.00945	0.00681	0.00675	0.00204	0.04069	0.00512	0.00361	0.03343
22	0.12445	0.14782	0.19555	0.04035	0.13398	0.07579	0.03642	0.02118	0.01491	0.04321	0.02914	0.03593	0.01221	0.00983	0.04900	0.00258	0.00906	0.00573	0.00373	0.00913

[dist]
# distance from previous block
# <min> <max>
1	13

[block]
# block no. 2 follows, 30 sequences, length 31
# corresponding to MSA columns:
# 97-127
name=unknown_C
#
# <colnr> <probs for GDERKNQSTAVLIFYWHMCP>
#	G	D	E	R	K	N	Q	S	T	A	V	L	I	F	Y	W	H	M	C	P
0	0.12456	0.01818	0.16706	0.01719	0.04684	0.01405	0.12740	0.02308	0.08130	0.12302	0.06005	0.05364	0.05387	0.00882	0.00737	0.00225	0.02745	0.00762	0.00511	0.03113
1	0.01267	0.03337	0.05362	0.11933	0.01986	0.01137	0.03926	0.06719	0.05837	0.02143	0.06299	0.20241	0.09419	0.06962	0.05517	0.00321	0.00707	0.01097	0.00522	0.05267
2	0.05292	0.01899	0.15561	0.02136	0.14161	0.01555	0.09533	0.08181	0.09463	0.07865	0.06187	0.03944	0.01649	0.00818	0.00775	0.00220	0.04337	0.00706	0.00490	0.05227
3	0.01318	0.01240	0.02093	0.73798	0.04806	0.01550	0.01938	0.01783	0.01395	0.01783	0.01240	0.01860	0.00930	0.00698	0.00698	0.00233	0.00930	0.00620	0.00310	0.00775
4	0.01707	0.01638	0.02797	0.07653	0.67908	0.01653	0.02132	0.02124	0.01580	0.02256	0.01309	0.01734	0.01097	0.00625	0.00691	0.00208	0.00834	0.00622	0.00344	0.01089
5	0.02651	0.02020	0.02089	0.01615	0.02164	0.05519	0.01327	0.65655	0.03219	0.04270	0.01647	0.01656	0.01173	0.00832	0.00695	0.00208	0.00791	0.00620	0.00682	0.01169
6	0.01462	0.05709	0.32413	0.05920	0.22079	0.01556	0.05996	0.02034	0.01563	0.02229	0.08169	0.02131	0.04176	0.00761	0.00694	0.00216	0.00872	0.00671	0.00372	0.00976
7	0.01005	0.00717	0.00966	0.00966	0.01037	0.00788	0.00678	0.01146	0.01075	0.01505	0.02011	0.03529	0.02087	0.35550	0.42862	0.00929	0.01354	0.00863	0.00395	0.00537
8	0.01411	0.03532	0.68809	0.02032	0.03048	0.01627	0.05551	0.02211	0.01481	0.02211	0.01259	0.01492	0.00892	0.00660	0.00670	0.00222	0.01038	0.00530	0.00297	0.01027
9	0.61932	0.01311	0.01168	0.00995	0.01453	0.01436	0.00820	0.02374	0.01381	0.19500	0.01398	0.01430	0.00988	0.00699	0.00496	0.00216	0.00553	0.00455	0.00535	0.00859
10	0.12613	0.01532	0.01681	0.03438	0.01924	0.01572	0.01085	0.26455	0.08952	0.12591	0.01726	0.01741	0.01252	0.00745	0.00621	0.00189	0.00637	0.00569	0.00606	0.20072
11	0.76234	0.01382	0.01083	0.00955	0.01393	0.01598	0.00786	0.05631	0.01300	0.03199	0.01009	0.01163	0.00779	0.00658	0.00446	0.00216	0.00552	0.00391	0.00446	0.00779
12	0.01027	0.00802	0.00972	0.01059	0.01192	0.03258	0.00793	0.01235	0.01516	0.02007	0.11959	0.41729	0.06495	0.01875	0.00868	0.00270	0.00487	0.16965	0.00638	0.04852
13	0.02653	0.01955	0.02094	0.01606	0.02164	0.02164	0.01326	0.68796	0.03281	0.04398	0.01675	0.01675	0.01187	0.00838	0.00698	0.00209	0.00768	0.00628	0.00698	0.01187
14	0.01648	0.00908	0.01295	0.06951	0.01635	0.00914	0.00945	0.01943	0.01634	0.22551	0.20822	0.03235	0.02991	0.02546	0.26151	0.00538	0.00999	0.00864	0.00620	0.00811
15	0.01333	0.01004	0.03772	0.01152	0.03184	0.04289	0.00864	0.01564	0.01622	0.11677	0.15341	0.33930	0.10868	0.01642	0.00823	0.00250	0.00503	0.04801	0.00662	0.00719
16	0.02261	0.01760	0.01873	0.01526	0.02015	0.01981	0.01232	0.40965	0.31750	0.03766	0.02173	0.02072	0.01590	0.00884	0.00703	0.00221	0.00676	0.00697	0.00703	0.01152
17	0.01318	0.01240	0.02093	0.73798	0.04806	0.01550	0.01938	0.01783	0.01395	0.01783	0.01240	0.01860	0.00930	0.00698	0.00698	0.00233	0.00930	0.00620	0.00310	0.00775
18	0.01679	0.01609	0.02746	0.12440	0.63341	0.01645	0.02118	0.02100	0.01566	0.02221	0.01304	0.01743	0.01085	0.00631	0.00692	0.00210	0.00841	0.00622	0.00341	0.01067
19	0.17880	0.01367	0.01951	0.45289	0.10962	0.01616	0.01664	0.07406	0.01529	0.02331	0.01228	0.01680	0.00934	0.00691	0.00642	0.00224	0.00825	0.00571	0.00371	0.00840
20	0.80405	0.01350	0.01026	0.00918	0.01350	0.01565	0.00756	0.02051	0.01188	0.03131	0.00972	0.01134	0.00756	0.00648	0.00432	0.00216	0.00540	0.00378	0.00432	0.00756
21	0.01866	0.75896	0.03657	0.01194	0.01791	0.02761	0.01194	0.02090	0.01418	0.01642	0.00970	0.01119	0.00896	0.00597	0.00448	0.00149	0.00746	0.00373	0.00299	0.00896
22	0.01554	0.01481	0.02519	0.33742	0.43019	0.01612	0.02055	0.01990	0.01507	0.02069	0.01282	0.01784	0.01031	0.00654	0.00694	0.00218	0.00872	0.00621	0.00330	0.00965
23	0.00850	0.00607	0.00810	0.00972	0.01012	0.00567	0.00648	0.00972	0.01336	0.01781	0.03846	0.75020	0.04615	0.02186	0.00891	0.00283	0.00405	0.01984	0.00648	0.00567
24	0.80405	0.01350	0.01026	0.00918	0.01350	0.01565	0.00756	0.02051	0.01188	0.03131	0.00972	0.01134	0.00756	0.00648	0.00432	0.00216	0.00540	0.00378	0.00432	0.00756
25	0.00993	0.00667	0.00768	0.00789	0.00795	0.00662	0.00453	0.01009	0.01058	0.01411	0.02420	0.14033	0.02816	0.65629	0.03194	0.00624	0.00640	0.01145	0.00453	0.00442
26	0.00979	0.00640	0.00834	0.00919	0.00956	0.00617	0.00611	0.01001	0.01198	0.01587	0.03015	0.36887	0.05504	0.20164	0.01908	0.16067	0.00525	0.05577	0.00524	0.00485
27	0.01927	0.69908	0.03518	0.01244	0.01821	0.08529	0.01207	0.02147	0.01464	0.01647	0.00979	0.01131	0.00896	0.00607	0.00463	0.00152	0.00789	0.00379	0.00304	0.00888
28	0.01330	0.01210	0.02034	0.64180	0.07923	0.01478	0.01839	0.01729	0.01365	0.01762	0.01242	0.01875	0.00963	0.00836	0.00865	0.06787	0.00898	0.00619	0.00311	0.00753
29	0.07873	0.01210	0.01927	0.50667	0.11123	0.01438	0.01686	0.01728	0.01335	0.01872	0.01222	0.01821	0.00972	0.00914	0.00944	0.10757	0.00844	0.00598	0.00323	0.00746
30	0.01875	0.01909	0.04657	0.29852	0.14195	0.15897	0.01711	0.13803	0.01857	0.02298	0.01295	0.01683	0.01007	0.00787	0.00768	0.03590	0.00941	0.00583	0.00393	0.00896

[dist]
# distance from previous block
# <min> <max>
0	9

# created by:
# /home/berkeley/.conda/envs/busco_data_prod/bin/msa2prfl.pl pipeline/OGs_align_augustus/4893/20964.fs
