[name]
unknown

[dist]
# distance from previous block
# <min> <max>
0	20

[block]
# block no. 0 follows, 33 sequences, length 47
# corresponding to MSA columns:
# 20-65,74
name=unknown_A
#
# <colnr> <probs for GDERKNQSTAVLIFYWHMCP>
#	G	D	E	R	K	N	Q	S	T	A	V	L	I	F	Y	W	H	M	C	P
0	0.05448	0.01190	0.03506	0.03093	0.01505	0.07289	0.03206	0.03705	0.01587	0.11587	0.08485	0.09622	0.22575	0.01288	0.00814	0.00228	0.04766	0.08817	0.00568	0.00721
1	0.01551	0.12734	0.39473	0.01953	0.06470	0.01724	0.11890	0.09989	0.01607	0.02247	0.01294	0.03788	0.01014	0.00669	0.00632	0.00201	0.00899	0.00572	0.00344	0.00951
2	0.01574	0.01475	0.02413	0.06908	0.49908	0.01506	0.04568	0.05407	0.01523	0.02167	0.01377	0.06172	0.01224	0.00715	0.00743	0.00201	0.04942	0.00660	0.00361	0.06158
3	0.01950	0.01621	0.01664	0.01371	0.01825	0.05314	0.01093	0.27093	0.34245	0.03112	0.02002	0.01934	0.01495	0.00791	0.00637	0.00195	0.00622	0.00627	0.00612	0.11798
4	0.02663	0.03757	0.01579	0.01177	0.01677	0.01096	0.00970	0.03105	0.09930	0.58248	0.02462	0.02172	0.01607	0.00795	0.00644	0.00197	0.00556	0.00644	0.00754	0.05965
5	0.02815	0.09967	0.01751	0.01166	0.01682	0.01158	0.00986	0.03065	0.01821	0.64887	0.02402	0.02103	0.01538	0.00786	0.00634	0.00196	0.00577	0.00626	0.00753	0.01088
6	0.01553	0.01702	0.03427	0.02508	0.03076	0.01695	0.55706	0.02220	0.09636	0.02133	0.01444	0.01823	0.01103	0.00651	0.00897	0.00228	0.08186	0.00754	0.00368	0.00890
7	0.01579	0.01499	0.02485	0.07252	0.61069	0.01479	0.01867	0.01961	0.01474	0.02127	0.01227	0.01605	0.01027	0.00579	0.00633	0.00185	0.00753	0.00564	0.00332	0.10304
8	0.00871	0.00667	0.00798	0.00773	0.00948	0.00594	0.00577	0.01121	0.01707	0.02287	0.45688	0.08359	0.30239	0.01492	0.00780	0.00215	0.00322	0.01291	0.00679	0.00594
9	0.02414	0.01800	0.01926	0.01497	0.02008	0.02000	0.01230	0.63676	0.10126	0.04006	0.01693	0.01670	0.01211	0.00801	0.00660	0.00200	0.00704	0.00608	0.00660	0.01112
10	0.01629	0.01564	0.02672	0.04041	0.72757	0.01564	0.02020	0.02020	0.01499	0.02151	0.01238	0.01629	0.01043	0.00587	0.00652	0.00196	0.00782	0.00587	0.00326	0.01043
11	0.01156	0.00755	0.00876	0.00845	0.00959	0.00748	0.00560	0.01416	0.08409	0.07521	0.07554	0.12539	0.08628	0.42703	0.02173	0.00453	0.00542	0.01069	0.00525	0.00568
12	0.81514	0.01273	0.00968	0.00866	0.01273	0.01477	0.00713	0.01935	0.01120	0.02954	0.00917	0.01069	0.00713	0.00611	0.00407	0.00204	0.00509	0.00356	0.00407	0.00713
13	0.02503	0.01844	0.01976	0.01515	0.02042	0.02042	0.01251	0.70562	0.03095	0.04149	0.01581	0.01581	0.01120	0.00790	0.00659	0.00198	0.00724	0.00593	0.00659	0.01120
14	0.00957	0.00638	0.00718	0.00718	0.00718	0.00638	0.00399	0.00957	0.00957	0.01276	0.02074	0.04308	0.02393	0.76864	0.03351	0.00638	0.00638	0.00957	0.00399	0.00399
15	0.01193	0.00864	0.01024	0.00958	0.01191	0.00858	0.00738	0.01806	0.16888	0.07034	0.35806	0.06617	0.16116	0.01314	0.00755	0.00220	0.00395	0.04803	0.00690	0.00730
16	0.02954	0.01120	0.01528	0.01171	0.01681	0.00968	0.00968	0.03208	0.01884	0.73213	0.02597	0.02241	0.01630	0.00815	0.00662	0.00204	0.00560	0.00662	0.00815	0.01120
17	0.76415	0.01263	0.01004	0.00886	0.01300	0.01444	0.00729	0.02018	0.01170	0.07514	0.01026	0.01145	0.00772	0.00624	0.00424	0.00204	0.00513	0.00376	0.00434	0.00739
18	0.77094	0.01305	0.01024	0.00902	0.01316	0.01508	0.00743	0.05774	0.01231	0.03021	0.00954	0.01098	0.00736	0.00621	0.00421	0.00203	0.00521	0.00370	0.00421	0.00736
19	0.01106	0.00681	0.00911	0.00996	0.01123	0.00634	0.00742	0.01280	0.01400	0.10058	0.03642	0.49382	0.07575	0.01844	0.00831	0.00265	0.00448	0.15831	0.00634	0.00619
20	0.02954	0.01120	0.01528	0.01171	0.01681	0.00968	0.00968	0.03208	0.01884	0.73213	0.02597	0.02241	0.01630	0.00815	0.00662	0.00204	0.00560	0.00662	0.00815	0.01120
21	0.02954	0.01120	0.01528	0.01171	0.01681	0.00968	0.00968	0.03208	0.01884	0.73213	0.02597	0.02241	0.01630	0.00815	0.00662	0.00204	0.00560	0.00662	0.00815	0.01120
22	0.01227	0.00614	0.00614	0.00614	0.00767	0.00614	0.00460	0.01534	0.01381	0.02454	0.02148	0.02454	0.01687	0.00767	0.00460	0.00153	0.00307	0.00614	0.80518	0.00614
23	0.00827	0.00655	0.00716	0.00723	0.00904	0.00569	0.00529	0.01011	0.01516	0.01922	0.17693	0.13681	0.48802	0.04196	0.00864	0.00237	0.00344	0.01371	0.02877	0.00561
24	0.02954	0.01120	0.01528	0.01171	0.01681	0.00968	0.00968	0.03208	0.01884	0.73213	0.02597	0.02241	0.01630	0.00815	0.00662	0.00204	0.00560	0.00662	0.00815	0.01120
25	0.00932	0.00673	0.00880	0.00828	0.00984	0.00621	0.00621	0.01242	0.01863	0.02640	0.72410	0.04918	0.06212	0.01346	0.00776	0.00207	0.00311	0.01191	0.00725	0.00621
26	0.01589	0.01372	0.01443	0.01302	0.01666	0.01577	0.01012	0.03355	0.67648	0.02699	0.02903	0.02673	0.05952	0.00936	0.00676	0.00223	0.00511	0.00780	0.00667	0.01015
27	0.00941	0.00661	0.00823	0.00789	0.00890	0.00627	0.00543	0.01142	0.01544	0.02160	0.47646	0.04703	0.04867	0.27935	0.01683	0.00359	0.00426	0.01108	0.00610	0.00543
28	0.01637	0.01414	0.01489	0.01340	0.01712	0.01637	0.01042	0.03498	0.71568	0.02754	0.02679	0.02456	0.02010	0.00893	0.00670	0.00223	0.00521	0.00744	0.00670	0.01042
29	0.02459	0.03138	0.01866	0.01696	0.02035	0.74221	0.01272	0.02629	0.01866	0.01611	0.01018	0.01187	0.00848	0.00678	0.00594	0.00170	0.01187	0.00424	0.00339	0.00763
30	0.01365	0.01170	0.01365	0.00975	0.01560	0.00878	0.00780	0.01658	0.01365	0.02145	0.01170	0.01365	0.00975	0.00488	0.00488	0.00098	0.00488	0.00390	0.00390	0.80888
31	0.00808	0.00665	0.00690	0.00685	0.00881	0.00569	0.00501	0.00971	0.01479	0.01803	0.11765	0.06022	0.60191	0.08847	0.01024	0.00261	0.00361	0.01331	0.00601	0.00546
32	0.01363	0.10483	0.66744	0.01805	0.02738	0.01632	0.02307	0.02074	0.01385	0.02033	0.01156	0.01358	0.00835	0.00619	0.00606	0.00202	0.00947	0.00474	0.00278	0.00961
33	0.01035	0.00773	0.00936	0.00978	0.01119	0.00789	0.00709	0.01561	0.15665	0.02144	0.16458	0.40142	0.04036	0.01594	0.00772	0.00241	0.00401	0.04149	0.05837	0.00662
34	0.01002	0.00694	0.00869	0.00813	0.00999	0.00625	0.00614	0.01280	0.01791	0.05999	0.55546	0.05072	0.19459	0.01385	0.00771	0.00210	0.00328	0.01205	0.00706	0.00633
35	0.01629	0.01564	0.02672	0.04041	0.72757	0.01564	0.02020	0.02020	0.01499	0.02151	0.01238	0.01629	0.01043	0.00587	0.00652	0.00196	0.00782	0.00587	0.00326	0.01043
36	0.01322	0.01140	0.01187	0.01093	0.01410	0.01241	0.00843	0.02562	0.45881	0.02396	0.04142	0.03878	0.27848	0.01177	0.00710	0.00223	0.00452	0.00981	0.00648	0.00864
37	0.01243	0.01170	0.01975	0.75282	0.04534	0.01463	0.01828	0.01682	0.01316	0.01682	0.01170	0.01755	0.00878	0.00658	0.00658	0.00219	0.00878	0.00585	0.00293	0.00731
38	0.01020	0.00729	0.01014	0.01166	0.01300	0.00723	0.00990	0.01294	0.01475	0.01925	0.03508	0.18266	0.03878	0.01857	0.00898	0.00297	0.00571	0.57887	0.00607	0.00595
39	0.01554	0.01776	0.03885	0.02775	0.03441	0.01665	0.70366	0.02109	0.01554	0.02109	0.01332	0.01776	0.00999	0.00555	0.00777	0.00222	0.01110	0.00777	0.00333	0.00888
40	0.00802	0.00573	0.00764	0.00917	0.00955	0.00535	0.00611	0.00917	0.01260	0.01681	0.03628	0.76434	0.04354	0.02062	0.00840	0.00267	0.00382	0.01872	0.00611	0.00535
41	0.01554	0.01776	0.03885	0.02775	0.03441	0.01665	0.70366	0.02109	0.01554	0.02109	0.01332	0.01776	0.00999	0.00555	0.00777	0.00222	0.01110	0.00777	0.00333	0.00888
42	0.81514	0.01273	0.00968	0.00866	0.01273	0.01477	0.00713	0.01935	0.01120	0.02954	0.00917	0.01069	0.00713	0.00611	0.00407	0.00204	0.00509	0.00356	0.00407	0.00713
43	0.01320	0.03405	0.73453	0.01876	0.02849	0.01529	0.02432	0.02085	0.01390	0.02085	0.01181	0.01390	0.00834	0.00625	0.00625	0.00208	0.00973	0.00486	0.00278	0.00973
44	0.00918	0.00656	0.00897	0.01050	0.01139	0.00635	0.00813	0.01118	0.01375	0.01811	0.03564	0.45422	0.04100	0.01953	0.00871	0.00283	0.00483	0.31736	0.00609	0.00567
45	0.02145	0.01584	0.03675	0.01412	0.01836	0.01693	0.01181	0.41372	0.06624	0.10655	0.09949	0.02217	0.01852	0.00920	0.00823	0.00212	0.07832	0.02380	0.00636	0.01002
46	0.07244	0.01239	0.01557	0.01207	0.01709	0.01166	0.00995	0.12494	0.04189	0.57494	0.02365	0.02090	0.01519	0.00802	0.00648	0.00203	0.00579	0.00638	0.00766	0.01095

[dist]
# distance from previous block
# <min> <max>
0	4

[block]
# block no. 1 follows, 33 sequences, length 103
# corresponding to MSA columns:
# 79-181
name=unknown_B
#
# <colnr> <probs for GDERKNQSTAVLIFYWHMCP>
#	G	D	E	R	K	N	Q	S	T	A	V	L	I	F	Y	W	H	M	C	P
0	0.14343	0.03248	0.04822	0.01447	0.07161	0.05637	0.03698	0.13625	0.06278	0.04415	0.22247	0.04095	0.02632	0.00923	0.00687	0.00205	0.02404	0.00754	0.00549	0.00833
1	0.21433	0.01494	0.01377	0.01173	0.01566	0.13374	0.00930	0.06403	0.07549	0.24524	0.09971	0.03926	0.01878	0.00841	0.00607	0.00201	0.00625	0.00643	0.00601	0.00883
2	0.01932	0.01966	0.11752	0.02163	0.04415	0.06506	0.33635	0.11596	0.03810	0.13217	0.01555	0.01748	0.01110	0.00654	0.00706	0.00210	0.00937	0.00669	0.00453	0.00965
3	0.07964	0.01438	0.02126	0.37931	0.20331	0.05697	0.05027	0.01943	0.04739	0.01963	0.01226	0.01659	0.00962	0.00663	0.00696	0.00212	0.03686	0.00574	0.00332	0.00829
4	0.00963	0.00698	0.00814	0.00796	0.00990	0.00622	0.00592	0.01217	0.03358	0.05690	0.27432	0.15039	0.36277	0.01553	0.00777	0.00222	0.00349	0.01337	0.00660	0.00615
5	0.00940	0.00705	0.01058	0.01058	0.01176	0.00823	0.00823	0.01176	0.01058	0.01528	0.01763	0.02586	0.01646	0.04937	0.74255	0.01058	0.01763	0.00705	0.00353	0.00588
6	0.01649	0.01511	0.02324	0.11362	0.46847	0.01600	0.01762	0.07065	0.14695	0.02351	0.01524	0.01795	0.01210	0.00666	0.00656	0.00204	0.00740	0.00616	0.00410	0.01013
7	0.13141	0.02886	0.01744	0.01584	0.01932	0.64392	0.01196	0.02535	0.01765	0.01793	0.01004	0.01171	0.00830	0.00669	0.00568	0.00174	0.01096	0.00415	0.00348	0.00756
8	0.01343	0.01145	0.01341	0.00968	0.01531	0.00865	0.00772	0.01637	0.01390	0.02170	0.04779	0.01545	0.01240	0.00531	0.00502	0.00103	0.00479	0.00431	0.00407	0.76822
9	0.01139	0.00732	0.00863	0.00822	0.01035	0.00638	0.00601	0.01310	0.01476	0.11459	0.10868	0.19528	0.32250	0.09008	0.01016	0.00263	0.00410	0.01278	0.00617	0.04688
10	0.01548	0.01759	0.03790	0.02722	0.03354	0.01683	0.66874	0.02082	0.01526	0.02082	0.01308	0.01759	0.00992	0.00585	0.00847	0.00225	0.04887	0.00767	0.00331	0.00879
11	0.37203	0.01187	0.01284	0.01038	0.01503	0.01190	0.00857	0.02653	0.01551	0.42583	0.01865	0.01730	0.01230	0.00726	0.00551	0.00204	0.00538	0.00529	0.00637	0.00943
12	0.00949	0.00688	0.00895	0.00965	0.01095	0.00657	0.00760	0.01182	0.01508	0.02002	0.20557	0.16311	0.12285	0.08996	0.01088	0.00298	0.00473	0.28101	0.00616	0.00574
13	0.30390	0.01320	0.01434	0.06158	0.01785	0.01419	0.00992	0.16871	0.03461	0.24045	0.01656	0.01674	0.01156	0.00910	0.03797	0.00241	0.00650	0.00538	0.00579	0.00925
14	0.00903	0.00655	0.00854	0.00858	0.00991	0.00606	0.00634	0.01164	0.01701	0.02362	0.51303	0.20315	0.08919	0.01536	0.00796	0.00225	0.00341	0.04548	0.00689	0.00599
15	0.00814	0.00691	0.00705	0.00697	0.00921	0.00594	0.00524	0.01043	0.03792	0.01854	0.09918	0.06137	0.66798	0.01626	0.00774	0.00222	0.00338	0.01358	0.00619	0.00575
16	0.04811	0.00683	0.00802	0.00797	0.00842	0.00718	0.00504	0.01051	0.00987	0.01410	0.01953	0.03787	0.02154	0.57927	0.18278	0.00707	0.00871	0.00875	0.00389	0.00454
17	0.01483	0.01414	0.02407	0.31135	0.46810	0.01526	0.01947	0.01892	0.01430	0.01972	0.01212	0.01677	0.00980	0.00614	0.00654	0.00205	0.00818	0.00586	0.00313	0.00924
18	0.02309	0.02822	0.01797	0.01631	0.01976	0.60938	0.01230	0.02788	0.14621	0.01820	0.01322	0.01419	0.01061	0.00718	0.00608	0.00179	0.01065	0.00483	0.00400	0.00814
19	0.01320	0.03405	0.73453	0.01876	0.02849	0.01529	0.02432	0.02085	0.01390	0.02085	0.01181	0.01390	0.00834	0.00625	0.00625	0.00208	0.00973	0.00486	0.00278	0.00973
20	0.81514	0.01273	0.00968	0.00866	0.01273	0.01477	0.00713	0.01935	0.01120	0.02954	0.00917	0.01069	0.00713	0.00611	0.00407	0.00204	0.00509	0.00356	0.00407	0.00713
21	0.00835	0.00663	0.00731	0.00756	0.00927	0.00585	0.00559	0.01001	0.01447	0.01793	0.10075	0.13026	0.47946	0.09438	0.01061	0.00276	0.00392	0.07346	0.00597	0.00546
22	0.01366	0.01166	0.01897	0.45821	0.13747	0.01357	0.01632	0.01744	0.01396	0.06017	0.04941	0.05484	0.01515	0.00840	0.00761	0.00225	0.04570	0.04363	0.00380	0.00779
23	0.67838	0.01313	0.01106	0.00950	0.01377	0.01488	0.00783	0.08378	0.01365	0.08767	0.01114	0.01212	0.00825	0.00644	0.00451	0.00203	0.00533	0.00403	0.00464	0.00784
24	0.00851	0.00580	0.00743	0.00874	0.00931	0.00545	0.00590	0.00989	0.01282	0.01774	0.03546	0.65737	0.06065	0.01900	0.00794	0.00253	0.00372	0.01711	0.09919	0.00545
25	0.01554	0.01776	0.03885	0.02775	0.03441	0.01665	0.70366	0.02109	0.01554	0.02109	0.01332	0.01776	0.00999	0.00555	0.00777	0.00222	0.01110	0.00777	0.00333	0.00888
26	0.01586	0.01559	0.02775	0.10065	0.57458	0.01569	0.11238	0.02003	0.01491	0.02104	0.01245	0.01660	0.01022	0.00589	0.00669	0.00201	0.00835	0.00612	0.00324	0.00995
27	0.81514	0.01273	0.00968	0.00866	0.01273	0.01477	0.00713	0.01935	0.01120	0.02954	0.00917	0.01069	0.00713	0.00611	0.00407	0.00204	0.00509	0.00356	0.00407	0.00713
28	0.00802	0.00573	0.00764	0.00917	0.00955	0.00535	0.00611	0.00917	0.01260	0.01681	0.03628	0.76434	0.04354	0.02062	0.00840	0.00267	0.00382	0.01872	0.00611	0.00535
29	0.01941	0.01564	0.01405	0.01228	0.01551	0.19398	0.00953	0.12163	0.03506	0.16089	0.14021	0.06602	0.08740	0.03946	0.00796	0.00221	0.00676	0.03782	0.00601	0.00817
30	0.02274	0.01043	0.01266	0.01021	0.01406	0.00994	0.00827	0.12187	0.01877	0.38169	0.02292	0.02223	0.01578	0.00794	0.00590	0.00185	0.00493	0.00635	0.29206	0.00940
31	0.02954	0.01120	0.01528	0.01171	0.01681	0.00968	0.00968	0.03208	0.01884	0.73213	0.02597	0.02241	0.01630	0.00815	0.00662	0.00204	0.00560	0.00662	0.00815	0.01120
32	0.00940	0.00705	0.01058	0.01058	0.01176	0.00823	0.00823	0.01176	0.01058	0.01528	0.01763	0.02586	0.01646	0.04937	0.74255	0.01058	0.01763	0.00705	0.00353	0.00588
33	0.01126	0.00726	0.00837	0.00790	0.01008	0.00637	0.00591	0.01309	0.01537	0.11505	0.15233	0.07495	0.40604	0.10207	0.01065	0.00270	0.00406	0.03398	0.00631	0.00625
34	0.00940	0.00705	0.01058	0.01058	0.01176	0.00823	0.00823	0.01176	0.01058	0.01528	0.01763	0.02586	0.01646	0.04937	0.74255	0.01058	0.01763	0.00705	0.00353	0.00588
35	0.01554	0.01776	0.03885	0.02775	0.03441	0.01665	0.70366	0.02109	0.01554	0.02109	0.01332	0.01776	0.00999	0.00555	0.00777	0.00222	0.01110	0.00777	0.00333	0.00888
36	0.00778	0.00667	0.00667	0.00667	0.00889	0.00556	0.00500	0.00945	0.01501	0.01778	0.06669	0.06336	0.72490	0.01667	0.00778	0.00222	0.00333	0.01389	0.00611	0.00556
37	0.34631	0.01062	0.01111	0.00960	0.01331	0.01085	0.00768	0.02223	0.01441	0.28267	0.02008	0.11806	0.01628	0.00896	0.00563	0.00208	0.00492	0.00696	0.07996	0.00828
38	0.00802	0.00573	0.00764	0.00917	0.00955	0.00535	0.00611	0.00917	0.01260	0.01681	0.03628	0.76434	0.04354	0.02062	0.00840	0.00267	0.00382	0.01872	0.00611	0.00535
39	0.02459	0.03138	0.01866	0.01696	0.02035	0.74221	0.01272	0.02629	0.01866	0.01611	0.01018	0.01187	0.00848	0.00678	0.00594	0.00170	0.01187	0.00424	0.00339	0.00763
40	0.81514	0.01273	0.00968	0.00866	0.01273	0.01477	0.00713	0.01935	0.01120	0.02954	0.00917	0.01069	0.00713	0.00611	0.00407	0.00204	0.00509	0.00356	0.00407	0.00713
41	0.02447	0.01790	0.01916	0.01475	0.01986	0.01979	0.01217	0.67537	0.03020	0.04075	0.01605	0.01619	0.01144	0.00789	0.00650	0.00196	0.00706	0.00594	0.04159	0.01097
42	0.01243	0.01170	0.01975	0.75282	0.04534	0.01463	0.01828	0.01682	0.01316	0.01682	0.01170	0.01755	0.00878	0.00658	0.00658	0.00219	0.00878	0.00585	0.00293	0.00731
43	0.00802	0.00573	0.00764	0.00917	0.00955	0.00535	0.00611	0.00917	0.01260	0.01681	0.03628	0.76434	0.04354	0.02062	0.00840	0.00267	0.00382	0.01872	0.00611	0.00535
44	0.81514	0.01273	0.00968	0.00866	0.01273	0.01477	0.00713	0.01935	0.01120	0.02954	0.00917	0.01069	0.00713	0.00611	0.00407	0.00204	0.00509	0.00356	0.00407	0.00713
45	0.00929	0.00626	0.00726	0.00755	0.00762	0.00619	0.00438	0.00950	0.01013	0.01351	0.02360	0.17555	0.02754	0.63125	0.02890	0.00570	0.00591	0.01125	0.00438	0.00424
46	0.00940	0.00705	0.01058	0.01058	0.01176	0.00823	0.00823	0.01176	0.01058	0.01528	0.01763	0.02586	0.01646	0.04937	0.74255	0.01058	0.01763	0.00705	0.00353	0.00588
47	0.01380	0.13384	0.63994	0.01775	0.02693	0.01674	0.02256	0.02070	0.01383	0.02012	0.01145	0.01345	0.00835	0.00617	0.00598	0.00199	0.00937	0.00468	0.00278	0.00956
48	0.01365	0.01170	0.01365	0.00975	0.01560	0.00878	0.00780	0.01658	0.01365	0.02145	0.01170	0.01365	0.00975	0.00488	0.00488	0.00098	0.00488	0.00390	0.00390	0.80888
49	0.00916	0.00746	0.00800	0.00802	0.01013	0.00681	0.00604	0.04451	0.04611	0.01929	0.05616	0.17208	0.51903	0.01661	0.00783	0.00232	0.00381	0.04443	0.00616	0.00603
50	0.01243	0.01170	0.01975	0.75282	0.04534	0.01463	0.01828	0.01682	0.01316	0.01682	0.01170	0.01755	0.00878	0.00658	0.00658	0.00219	0.00878	0.00585	0.00293	0.00731
51	0.15668	0.01418	0.01508	0.03175	0.06391	0.07230	0.01042	0.17557	0.05152	0.15866	0.06456	0.09891	0.01845	0.01030	0.02673	0.00231	0.00658	0.00737	0.00579	0.00893
52	0.01669	0.01090	0.04640	0.01086	0.01392	0.00980	0.00878	0.11201	0.05071	0.19689	0.07849	0.16239	0.08765	0.11671	0.01093	0.00282	0.00545	0.04430	0.00633	0.00796
53	0.00918	0.00669	0.00864	0.00976	0.01059	0.00653	0.00691	0.02963	0.04729	0.01871	0.06854	0.61027	0.04193	0.01915	0.00831	0.00264	0.00415	0.07902	0.00620	0.00585
54	0.13141	0.02886	0.01744	0.01584	0.01932	0.64392	0.01196	0.02535	0.01765	0.01793	0.01004	0.01171	0.00830	0.00669	0.00568	0.00174	0.01096	0.00415	0.00348	0.00756
55	0.16540	0.01607	0.02183	0.18836	0.18698	0.07624	0.10868	0.09717	0.03683	0.02385	0.01239	0.01556	0.00959	0.00643	0.00621	0.00205	0.00817	0.00561	0.00383	0.00875
56	0.01357	0.01095	0.01241	0.01130	0.01395	0.03462	0.04305	0.02237	0.29798	0.04171	0.05157	0.13806	0.10456	0.05625	0.00844	0.00242	0.00503	0.00981	0.11405	0.00789
57	0.00949	0.00635	0.00740	0.00750	0.00781	0.00624	0.00454	0.01017	0.01131	0.01556	0.11748	0.12035	0.03088	0.55313	0.02607	0.00519	0.00552	0.01072	0.03977	0.00453
58	0.00928	0.00662	0.00889	0.00909	0.00971	0.00714	0.00633	0.01057	0.01047	0.01453	0.02134	0.13221	0.02297	0.31980	0.37294	0.00791	0.01148	0.00959	0.00405	0.00509
59	0.06752	0.01282	0.01435	0.01052	0.01617	0.01098	0.00849	0.12433	0.01619	0.02511	0.01218	0.01380	0.00981	0.00543	0.00509	0.00120	0.00526	0.00419	0.00433	0.63225
60	0.15390	0.33147	0.07836	0.01259	0.01778	0.11349	0.01167	0.06906	0.06572	0.07271	0.01242	0.01322	0.00981	0.00648	0.00509	0.00175	0.00732	0.00439	0.00402	0.00875
61	0.01397	0.01764	0.15767	0.12071	0.09746	0.01415	0.24213	0.05766	0.01597	0.02194	0.09324	0.04092	0.06056	0.00789	0.00715	0.00215	0.00847	0.00777	0.00401	0.00853
62	0.01532	0.19720	0.37100	0.06723	0.02456	0.05206	0.01786	0.06446	0.01526	0.02074	0.04259	0.01495	0.01102	0.00650	0.00581	0.00185	0.00842	0.00492	0.00333	0.05490
63	0.01886	0.01388	0.01576	0.01184	0.01729	0.01295	0.00960	0.22947	0.06866	0.09724	0.01540	0.01593	0.01155	0.00640	0.00569	0.00147	0.00569	0.00503	0.00533	0.43195
64	0.01371	0.01340	0.01901	0.05376	0.01805	0.01848	0.01387	0.01541	0.01030	0.01583	0.00986	0.01591	0.00957	0.01574	0.10592	0.00375	0.63150	0.00592	0.00296	0.00705
65	0.12378	0.01549	0.05838	0.05265	0.49012	0.01495	0.01719	0.04938	0.01518	0.02340	0.04679	0.03769	0.01325	0.00680	0.00629	0.00201	0.00722	0.00615	0.00375	0.00955
66	0.01131	0.00881	0.01129	0.01123	0.05040	0.00895	0.00800	0.05932	0.06721	0.02575	0.48675	0.07880	0.08440	0.01281	0.00824	0.00215	0.03990	0.01103	0.00662	0.00703
67	0.01743	0.01687	0.03566	0.02558	0.03203	0.01571	0.60989	0.02257	0.01598	0.11716	0.01503	0.01839	0.01084	0.00590	0.00761	0.00220	0.01036	0.00761	0.00398	0.00919
68	0.02300	0.02392	0.01851	0.01689	0.05592	0.41620	0.01253	0.16289	0.02047	0.07241	0.05885	0.01621	0.01318	0.00777	0.00719	0.00188	0.05353	0.00542	0.00459	0.00863
69	0.01001	0.00723	0.00924	0.00886	0.01079	0.00649	0.00676	0.01269	0.01672	0.03947	0.42685	0.14556	0.10634	0.01424	0.00769	0.00216	0.00373	0.07829	0.00659	0.08029
70	0.24923	0.01175	0.01313	0.01079	0.01513	0.01183	0.00876	0.04186	0.09188	0.33101	0.05039	0.01999	0.01562	0.00978	0.04314	0.00243	0.00591	0.00592	0.00627	0.05518
71	0.00854	0.00670	0.00772	0.00746	0.00936	0.00588	0.00560	0.01091	0.01679	0.02203	0.39030	0.05638	0.39865	0.01509	0.00777	0.00215	0.00322	0.01292	0.00667	0.00588
72	0.02459	0.03138	0.01866	0.01696	0.02035	0.74221	0.01272	0.02629	0.01866	0.01611	0.01018	0.01187	0.00848	0.00678	0.00594	0.00170	0.01187	0.00424	0.00339	0.00763
73	0.01274	0.00755	0.00982	0.00894	0.01117	0.00683	0.00695	0.01561	0.01811	0.14741	0.49759	0.04742	0.11806	0.01314	0.00765	0.00214	0.00374	0.05092	0.00722	0.00700
74	0.01490	0.00877	0.01074	0.00953	0.01185	0.00856	0.00707	0.01949	0.12343	0.17928	0.28185	0.03835	0.05113	0.19020	0.01343	0.00311	0.00476	0.00954	0.00657	0.00742
75	0.02650	0.01449	0.01702	0.01312	0.01812	0.01474	0.01081	0.35978	0.02450	0.36093	0.02080	0.01929	0.01384	0.00801	0.00651	0.00198	0.00628	0.00626	0.04608	0.01095
76	0.81514	0.01273	0.00968	0.00866	0.01273	0.01477	0.00713	0.01935	0.01120	0.02954	0.00917	0.01069	0.00713	0.00611	0.00407	0.00204	0.00509	0.00356	0.00407	0.00713
77	0.02891	0.01134	0.01526	0.01179	0.01682	0.01000	0.00971	0.03222	0.05221	0.69840	0.02601	0.02251	0.01648	0.00819	0.00662	0.00205	0.00558	0.00666	0.00808	0.01117
78	0.02236	0.01302	0.01519	0.01247	0.01672	0.01343	0.00997	0.17749	0.21582	0.29905	0.02586	0.05932	0.04480	0.03391	0.00764	0.00226	0.00570	0.00765	0.00709	0.01025
79	0.02605	0.01679	0.01874	0.01437	0.01959	0.01797	0.01187	0.55239	0.02820	0.19861	0.01812	0.01731	0.01236	0.00796	0.00659	0.00199	0.00687	0.00608	0.00694	0.01120
80	0.81514	0.01273	0.00968	0.00866	0.01273	0.01477	0.00713	0.01935	0.01120	0.02954	0.00917	0.01069	0.00713	0.00611	0.00407	0.00204	0.00509	0.00356	0.00407	0.00713
81	0.00915	0.00696	0.00775	0.00772	0.00988	0.00604	0.00600	0.01120	0.01566	0.04639	0.14956	0.06118	0.52793	0.01610	0.00789	0.00229	0.00371	0.09234	0.00634	0.00592
82	0.00796	0.00666	0.00682	0.00679	0.00886	0.00564	0.00502	0.00963	0.01496	0.01805	0.10314	0.06154	0.65187	0.05299	0.00903	0.00242	0.00347	0.01357	0.00608	0.00552
83	0.81514	0.01273	0.00968	0.00866	0.01273	0.01477	0.00713	0.01935	0.01120	0.02954	0.00917	0.01069	0.00713	0.00611	0.00407	0.00204	0.00509	0.00356	0.00407	0.00713
84	0.05948	0.01126	0.01506	0.01160	0.01665	0.00987	0.00958	0.03160	0.01855	0.70536	0.02533	0.02196	0.01595	0.00807	0.00652	0.00204	0.00558	0.00650	0.00799	0.01105
85	0.01060	0.00723	0.00891	0.00828	0.01024	0.00660	0.00624	0.01370	0.03746	0.07360	0.48820	0.04956	0.20347	0.03655	0.00844	0.00224	0.00349	0.01178	0.00694	0.00647
86	0.00900	0.00689	0.00838	0.00892	0.01040	0.00646	0.00668	0.01184	0.05045	0.01990	0.17629	0.28461	0.24340	0.01715	0.00811	0.00246	0.00394	0.11284	0.00635	0.00594
87	0.81514	0.01273	0.00968	0.00866	0.01273	0.01477	0.00713	0.01935	0.01120	0.02954	0.00917	0.01069	0.00713	0.00611	0.00407	0.00204	0.00509	0.00356	0.00407	0.00713
88	0.02503	0.01844	0.01976	0.01515	0.02042	0.02042	0.01251	0.70562	0.03095	0.04149	0.01581	0.01581	0.01120	0.00790	0.00659	0.00198	0.00724	0.00593	0.00659	0.01120
89	0.01365	0.01170	0.01365	0.00975	0.01560	0.00878	0.00780	0.01658	0.01365	0.02145	0.01170	0.01365	0.00975	0.00488	0.00488	0.00098	0.00488	0.00390	0.00390	0.80888
90	0.00802	0.00573	0.00764	0.00917	0.00955	0.00535	0.00611	0.00917	0.01260	0.01681	0.03628	0.76434	0.04354	0.02062	0.00840	0.00267	0.00382	0.01872	0.00611	0.00535
91	0.01034	0.00807	0.01224	0.01074	0.01191	0.00819	0.09950	0.01163	0.01061	0.01447	0.01903	0.03572	0.02034	0.50080	0.19242	0.00678	0.00960	0.00875	0.00379	0.00508
92	0.00815	0.00582	0.00778	0.00931	0.00975	0.00546	0.00633	0.00938	0.01273	0.01695	0.03622	0.73084	0.04327	0.02051	0.00844	0.00269	0.00393	0.05098	0.00611	0.00538
93	0.00898	0.00672	0.00833	0.00792	0.00963	0.00607	0.00594	0.01176	0.01783	0.02448	0.57782	0.05233	0.20959	0.01417	0.00777	0.00210	0.00316	0.01235	0.00699	0.00607
94	0.01629	0.01564	0.02672	0.04041	0.72757	0.01564	0.02020	0.02020	0.01499	0.02151	0.01238	0.01629	0.01043	0.00587	0.00652	0.00196	0.00782	0.00587	0.00326	0.01043
95	0.01637	0.01414	0.01489	0.01340	0.01712	0.01637	0.01042	0.03498	0.71568	0.02754	0.02679	0.02456	0.02010	0.00893	0.00670	0.00223	0.00521	0.00744	0.00670	0.01042
96	0.01243	0.01170	0.01975	0.75282	0.04534	0.01463	0.01828	0.01682	0.01316	0.01682	0.01170	0.01755	0.00878	0.00658	0.00658	0.00219	0.00878	0.00585	0.00293	0.00731
97	0.00967	0.00691	0.00954	0.01106	0.01216	0.00677	0.00898	0.01202	0.01423	0.01866	0.03537	0.32353	0.03993	0.01907	0.00884	0.00290	0.00525	0.44322	0.00608	0.00580
98	0.01554	0.01776	0.03885	0.02775	0.03441	0.01665	0.70366	0.02109	0.01554	0.02109	0.01332	0.01776	0.00999	0.00555	0.00777	0.00222	0.01110	0.00777	0.00333	0.00888
99	0.02564	0.01746	0.01915	0.01468	0.01993	0.01896	0.01213	0.61461	0.02932	0.13481	0.01718	0.01670	0.01188	0.00794	0.00659	0.00198	0.00702	0.00602	0.00680	0.01120
100	0.00923	0.00684	0.00999	0.01019	0.01120	0.00773	0.00770	0.01128	0.01080	0.01534	0.02033	0.12663	0.02055	0.08671	0.60272	0.00927	0.01512	0.00877	0.00390	0.00570
101	0.02564	0.01746	0.01915	0.01468	0.01993	0.01896	0.01213	0.61461	0.02932	0.13481	0.01718	0.01670	0.01188	0.00794	0.00659	0.00198	0.00702	0.00602	0.00680	0.01120
102	0.01883	0.10836	0.17793	0.01622	0.04121	0.15859	0.01491	0.12197	0.03977	0.05648	0.01253	0.01428	0.00978	0.00730	0.00801	0.00193	0.10960	0.00499	0.00397	0.07336

[dist]
# distance from previous block
# <min> <max>
0	5

[block]
# block no. 2 follows, 33 sequences, length 56
# corresponding to MSA columns:
# 187-242
name=unknown_C
#
# <colnr> <probs for GDERKNQSTAVLIFYWHMCP>
#	G	D	E	R	K	N	Q	S	T	A	V	L	I	F	Y	W	H	M	C	P
0	0.08078	0.21086	0.30431	0.01862	0.02600	0.01830	0.21214	0.02051	0.01401	0.02030	0.01136	0.01390	0.00873	0.00589	0.00600	0.00195	0.00907	0.00525	0.00305	0.00896
1	0.13132	0.01703	0.03462	0.02498	0.03127	0.01638	0.60281	0.02084	0.01491	0.02231	0.01272	0.01674	0.00957	0.00563	0.00723	0.00219	0.01023	0.00716	0.00344	0.00863
2	0.01850	0.01382	0.01507	0.01320	0.01716	0.01551	0.01037	0.05145	0.59753	0.12991	0.02640	0.02403	0.01932	0.00879	0.00668	0.00220	0.00532	0.00729	0.00691	0.01055
3	0.01402	0.01378	0.02057	0.17791	0.04378	0.01774	0.04612	0.01648	0.01143	0.01691	0.00987	0.01523	0.00887	0.00947	0.01591	0.00252	0.47747	0.00572	0.00300	0.07319
4	0.00920	0.00686	0.01015	0.01038	0.01144	0.00781	0.00792	0.01138	0.01087	0.01550	0.02033	0.13279	0.02038	0.04521	0.63625	0.00944	0.01563	0.00874	0.00390	0.00580
5	0.01757	0.01462	0.01704	0.09072	0.06331	0.01598	0.01192	0.18434	0.34180	0.02842	0.01966	0.01974	0.01480	0.00768	0.00639	0.00197	0.00615	0.00632	0.00567	0.12589
6	0.45798	0.01504	0.01384	0.01136	0.01591	0.03404	0.00934	0.25803	0.01885	0.09101	0.01287	0.01345	0.00932	0.00691	0.00520	0.00201	0.00604	0.00465	0.00526	0.00888
7	0.01343	0.00797	0.01012	0.00901	0.01154	0.00715	0.00692	0.01653	0.03671	0.16443	0.40374	0.08829	0.13641	0.01277	0.00742	0.00208	0.00381	0.01106	0.00704	0.04357
8	0.03605	0.00638	0.00890	0.00865	0.00911	0.00638	0.00585	0.01053	0.00946	0.05587	0.01359	0.02294	0.01331	0.11564	0.04514	0.61278	0.00611	0.00623	0.00338	0.00372
9	0.02109	0.12274	0.01991	0.01504	0.01888	0.46503	0.01182	0.02377	0.04831	0.01731	0.01092	0.01269	0.00920	0.00675	0.00658	0.00165	0.05661	0.00434	0.00351	0.12385
10	0.64232	0.01282	0.01084	0.00957	0.01366	0.01463	0.00779	0.02254	0.11376	0.08037	0.01294	0.01355	0.00967	0.00667	0.00464	0.00207	0.00515	0.00435	0.00475	0.00790
11	0.00800	0.00583	0.00754	0.00890	0.00948	0.00537	0.00599	0.00920	0.01286	0.01691	0.03949	0.69046	0.11536	0.02021	0.00834	0.00263	0.00377	0.01821	0.00611	0.00537
12	0.01656	0.01322	0.01740	0.13483	0.13942	0.01437	0.01280	0.18901	0.13333	0.04796	0.18466	0.02569	0.02435	0.00884	0.00687	0.00207	0.00623	0.00759	0.00567	0.00914
13	0.02042	0.01389	0.01549	0.01318	0.01739	0.01520	0.01046	0.10427	0.47781	0.19726	0.02545	0.02313	0.01826	0.00864	0.00667	0.00216	0.00552	0.00709	0.00703	0.01069
14	0.00796	0.00660	0.00697	0.00704	0.00905	0.00561	0.00522	0.00974	0.01519	0.01861	0.13350	0.11940	0.59910	0.01666	0.00783	0.00224	0.00335	0.01408	0.00623	0.00561
15	0.01090	0.00695	0.00891	0.00864	0.00944	0.00720	0.00585	0.01197	0.01093	0.06432	0.05015	0.03633	0.02262	0.45081	0.25976	0.00725	0.00983	0.00865	0.00427	0.00520
16	0.01576	0.01444	0.02483	0.21085	0.48111	0.01503	0.05444	0.01979	0.01474	0.05041	0.01331	0.01815	0.01083	0.00638	0.00666	0.00205	0.00809	0.02015	0.00345	0.00953
17	0.01961	0.12768	0.08691	0.01992	0.16808	0.08148	0.03632	0.08511	0.15874	0.12596	0.01688	0.01742	0.01264	0.00707	0.00621	0.00194	0.00745	0.00579	0.00486	0.00996
18	0.03653	0.02872	0.51261	0.12448	0.02925	0.06111	0.02144	0.04227	0.01440	0.02066	0.01161	0.01429	0.00848	0.00661	0.00689	0.00211	0.04143	0.00500	0.00300	0.00911
19	0.81514	0.01273	0.00968	0.00866	0.01273	0.01477	0.00713	0.01935	0.01120	0.02954	0.00917	0.01069	0.00713	0.00611	0.00407	0.00204	0.00509	0.00356	0.00407	0.00713
20	0.00881	0.00661	0.00767	0.00749	0.00890	0.00600	0.00529	0.01068	0.01520	0.02012	0.32239	0.06852	0.28251	0.18536	0.01360	0.00311	0.00394	0.01222	0.00609	0.00546
21	0.01437	0.01352	0.02268	0.22887	0.45958	0.01425	0.01811	0.01821	0.01453	0.02006	0.03539	0.04443	0.03696	0.00740	0.00673	0.00208	0.00763	0.02263	0.00353	0.00904
22	0.81514	0.01273	0.00968	0.00866	0.01273	0.01477	0.00713	0.01935	0.01120	0.02954	0.00917	0.01069	0.00713	0.00611	0.00407	0.00204	0.00509	0.00356	0.00407	0.00713
23	0.00802	0.00573	0.00764	0.00917	0.00955	0.00535	0.00611	0.00917	0.01260	0.01681	0.03628	0.76434	0.04354	0.02062	0.00840	0.00267	0.00382	0.01872	0.00611	0.00535
24	0.00951	0.00665	0.00853	0.00853	0.00900	0.00712	0.00568	0.01044	0.00997	0.01377	0.01950	0.03622	0.02096	0.48213	0.31595	0.00805	0.01086	0.00857	0.00380	0.00474
25	0.01320	0.01293	0.02295	0.57379	0.08336	0.01522	0.11747	0.01760	0.01349	0.01768	0.01185	0.01737	0.00904	0.00660	0.00739	0.00221	0.04101	0.00613	0.00300	0.00772
26	0.81514	0.01273	0.00968	0.00866	0.01273	0.01477	0.00713	0.01935	0.01120	0.02954	0.00917	0.01069	0.00713	0.00611	0.00407	0.00204	0.00509	0.00356	0.00407	0.00713
27	0.00950	0.00731	0.00876	0.00829	0.01019	0.00687	0.00625	0.01350	0.07414	0.02433	0.50254	0.05075	0.22519	0.01390	0.00768	0.00212	0.00333	0.01204	0.00692	0.00639
28	0.01741	0.74106	0.06440	0.01158	0.01739	0.02559	0.01182	0.01976	0.01340	0.01572	0.00927	0.01070	0.00844	0.00566	0.00431	0.00144	0.00716	0.00358	0.00281	0.00850
29	0.02954	0.01120	0.01528	0.01171	0.01681	0.00968	0.00968	0.03208	0.01884	0.73213	0.02597	0.02241	0.01630	0.00815	0.00662	0.00204	0.00560	0.00662	0.00815	0.01120
30	0.02954	0.01120	0.01528	0.01171	0.01681	0.00968	0.00968	0.03208	0.01884	0.73213	0.02597	0.02241	0.01630	0.00815	0.00662	0.00204	0.00560	0.00662	0.00815	0.01120
31	0.00800	0.00666	0.00703	0.00726	0.00928	0.00568	0.00549	0.00972	0.01482	0.01784	0.06193	0.12167	0.62015	0.01710	0.00792	0.00232	0.00357	0.06186	0.00611	0.00558
32	0.00817	0.00596	0.00774	0.00910	0.00976	0.00552	0.00630	0.00950	0.01304	0.01711	0.03948	0.64171	0.11685	0.02003	0.00838	0.00265	0.00392	0.06327	0.00611	0.00542
33	0.01243	0.01170	0.01975	0.75282	0.04534	0.01463	0.01828	0.01682	0.01316	0.01682	0.01170	0.01755	0.00878	0.00658	0.00658	0.00219	0.00878	0.00585	0.00293	0.00731
34	0.01637	0.01414	0.01489	0.01340	0.01712	0.01637	0.01042	0.03498	0.71568	0.02754	0.02679	0.02456	0.02010	0.00893	0.00670	0.00223	0.00521	0.00744	0.00670	0.01042
35	0.71627	0.01299	0.01066	0.00926	0.01347	0.01480	0.00763	0.06317	0.01292	0.07442	0.01064	0.01175	0.00796	0.00635	0.00439	0.00203	0.00526	0.00390	0.00449	0.00764
36	0.02039	0.00950	0.01231	0.01019	0.01378	0.00848	0.00815	0.04549	0.01827	0.39895	0.19817	0.03636	0.12460	0.03521	0.00798	0.00224	0.00479	0.02890	0.00741	0.00886
37	0.81514	0.01273	0.00968	0.00866	0.01273	0.01477	0.00713	0.01935	0.01120	0.02954	0.00917	0.01069	0.00713	0.00611	0.00407	0.00204	0.00509	0.00356	0.00407	0.00713
38	0.02503	0.01844	0.01976	0.01515	0.02042	0.02042	0.01251	0.70562	0.03095	0.04149	0.01581	0.01581	0.01120	0.00790	0.00659	0.00198	0.00724	0.00593	0.00659	0.01120
39	0.02705	0.01519	0.01774	0.01360	0.01879	0.01559	0.01124	0.40272	0.02551	0.35209	0.02038	0.01877	0.01349	0.00801	0.00660	0.00200	0.00651	0.00624	0.00729	0.01120
40	0.01058	0.00701	0.00921	0.00850	0.01027	0.00643	0.00643	0.01366	0.01865	0.07063	0.68034	0.04750	0.05924	0.01313	0.00769	0.00207	0.00326	0.01157	0.00730	0.00652
41	0.01554	0.01776	0.03885	0.02775	0.03441	0.01665	0.70366	0.02109	0.01554	0.02109	0.01332	0.01776	0.00999	0.00555	0.00777	0.00222	0.01110	0.00777	0.00333	0.00888
42	0.00802	0.00573	0.00764	0.00917	0.00955	0.00535	0.00611	0.00917	0.01260	0.01681	0.03628	0.76434	0.04354	0.02062	0.00840	0.00267	0.00382	0.01872	0.00611	0.00535
43	0.01595	0.01163	0.01389	0.01003	0.01578	0.00891	0.00807	0.01882	0.01440	0.12435	0.01377	0.01492	0.01070	0.00535	0.00513	0.00113	0.00498	0.00429	0.00452	0.69338
44	0.00861	0.00715	0.00759	0.00740	0.00959	0.00636	0.00557	0.01161	0.05961	0.02003	0.18919	0.05823	0.55471	0.01558	0.00771	0.00219	0.00341	0.01311	0.00637	0.00599
45	0.00940	0.00705	0.01058	0.01058	0.01176	0.00823	0.00823	0.01176	0.01058	0.01528	0.01763	0.02586	0.01646	0.04937	0.74255	0.01058	0.01763	0.00705	0.00353	0.00588
46	0.02465	0.02950	0.01882	0.01670	0.02036	0.63770	0.01269	0.12465	0.02044	0.01979	0.01099	0.01244	0.00887	0.00695	0.00603	0.00174	0.01120	0.00448	0.00385	0.00815
47	0.01511	0.01213	0.01389	0.01236	0.01516	0.01381	0.00973	0.05404	0.35229	0.06863	0.08620	0.06365	0.12288	0.01122	0.00917	0.00231	0.11362	0.00888	0.00617	0.00877
48	0.02428	0.01071	0.01381	0.01113	0.01538	0.00991	0.00900	0.02905	0.11056	0.50795	0.09939	0.02569	0.02168	0.00877	0.00659	0.00203	0.00508	0.00725	0.07155	0.01017
49	0.01629	0.01564	0.02672	0.04041	0.72757	0.01564	0.02020	0.02020	0.01499	0.02151	0.01238	0.01629	0.01043	0.00587	0.00652	0.00196	0.00782	0.00587	0.00326	0.01043
50	0.05125	0.02342	0.12212	0.12183	0.02414	0.29731	0.01493	0.07451	0.01673	0.07726	0.01210	0.01441	0.00931	0.00746	0.00812	0.00204	0.10582	0.00505	0.00382	0.00837
51	0.03967	0.00745	0.00869	0.00808	0.00938	0.00711	0.00533	0.01388	0.01215	0.13975	0.04823	0.06806	0.08994	0.48769	0.02365	0.00481	0.00572	0.00969	0.00510	0.00562
52	0.00814	0.00586	0.00752	0.00879	0.00929	0.00545	0.00584	0.00922	0.01254	0.01653	0.03740	0.64501	0.09698	0.08524	0.01053	0.00296	0.00400	0.01753	0.00593	0.00525
53	0.06082	0.00826	0.01030	0.01170	0.06869	0.00814	0.00770	0.06828	0.01524	0.02125	0.11396	0.41552	0.13300	0.01610	0.00767	0.00239	0.00435	0.01422	0.00592	0.00648
54	0.01542	0.10789	0.05659	0.32373	0.25160	0.07797	0.03814	0.01934	0.01433	0.01837	0.01153	0.01567	0.00924	0.00622	0.00624	0.00198	0.00864	0.00545	0.00306	0.00861
55	0.02130	0.02547	0.01918	0.01701	0.01936	0.48548	0.01326	0.04419	0.01626	0.01682	0.00985	0.01282	0.00862	0.00836	0.01104	0.00209	0.25318	0.00479	0.00333	0.00760

[dist]
# distance from previous block
# <min> <max>
0	2

[block]
# block no. 3 follows, 33 sequences, length 97
# corresponding to MSA columns:
# 245-341
name=unknown_D
#
# <colnr> <probs for GDERKNQSTAVLIFYWHMCP>
#	G	D	E	R	K	N	Q	S	T	A	V	L	I	F	Y	W	H	M	C	P
0	0.01004	0.00725	0.00988	0.01114	0.01259	0.00710	0.00941	0.01278	0.01514	0.01977	0.08942	0.14405	0.08895	0.01798	0.00883	0.00286	0.00541	0.51530	0.00616	0.00596
1	0.04208	0.01846	0.10062	0.07273	0.31501	0.08031	0.09798	0.04110	0.01532	0.02147	0.01209	0.01531	0.00969	0.00592	0.00627	0.00185	0.00830	0.00547	0.00343	0.12658
2	0.01690	0.54325	0.20998	0.01349	0.02002	0.06511	0.01464	0.02038	0.01382	0.01688	0.00988	0.01148	0.00842	0.00586	0.00484	0.00160	0.00800	0.00390	0.00284	0.00872
3	0.76546	0.01309	0.01031	0.00907	0.01321	0.01512	0.00747	0.06250	0.01245	0.03029	0.00958	0.01102	0.00739	0.00622	0.00423	0.00203	0.00523	0.00371	0.00423	0.00739
4	0.01445	0.01180	0.01357	0.01158	0.01574	0.01150	0.00928	0.02335	0.28213	0.04146	0.02151	0.02750	0.01831	0.01057	0.04132	0.00224	0.00580	0.10497	0.00538	0.32753
5	0.29574	0.01227	0.01350	0.01095	0.01553	0.01243	0.00897	0.07639	0.05161	0.39143	0.01978	0.03468	0.01360	0.00775	0.00579	0.00206	0.00549	0.00584	0.00653	0.00964
6	0.00802	0.00573	0.00764	0.00917	0.00955	0.00535	0.00611	0.00917	0.01260	0.01681	0.03628	0.76434	0.04354	0.02062	0.00840	0.00267	0.00382	0.01872	0.00611	0.00535
7	0.01367	0.01333	0.01876	0.01630	0.01647	0.01842	0.01350	0.01524	0.01016	0.01576	0.00996	0.01608	0.00979	0.01707	0.12719	0.00401	0.64836	0.00595	0.00298	0.00701
8	0.00924	0.00696	0.00870	0.00979	0.01066	0.00696	0.00674	0.01295	0.11558	0.01838	0.03489	0.65599	0.04011	0.01891	0.00815	0.00261	0.00402	0.01706	0.00620	0.00609
9	0.01399	0.01078	0.01207	0.01131	0.01405	0.01166	0.00858	0.02486	0.39149	0.06849	0.11275	0.18447	0.08299	0.01243	0.00725	0.00229	0.00456	0.01075	0.00669	0.00855
10	0.02856	0.01276	0.01624	0.01245	0.01758	0.01199	0.01029	0.17731	0.02145	0.58322	0.02378	0.02098	0.01520	0.00810	0.00661	0.00202	0.00596	0.00647	0.00781	0.01120
11	0.02503	0.01844	0.01976	0.01515	0.02042	0.02042	0.01251	0.70562	0.03095	0.04149	0.01581	0.01581	0.01120	0.00790	0.00659	0.00198	0.00724	0.00593	0.00659	0.01120
12	0.01734	0.01278	0.01426	0.01280	0.01641	0.01416	0.01012	0.03157	0.52244	0.12441	0.06205	0.02989	0.02323	0.00987	0.00695	0.00227	0.00524	0.06741	0.00687	0.00993
13	0.00828	0.00661	0.00732	0.00747	0.00925	0.00578	0.00553	0.01010	0.01508	0.01892	0.16577	0.13161	0.48146	0.05400	0.00918	0.00249	0.00363	0.04574	0.00619	0.00559
14	0.02628	0.01643	0.01852	0.01419	0.01941	0.01744	0.01173	0.51888	0.02759	0.23298	0.01862	0.01764	0.01261	0.00797	0.00660	0.00199	0.00679	0.00612	0.00702	0.01120
15	0.69942	0.01357	0.01115	0.00961	0.01386	0.01560	0.00792	0.11986	0.01410	0.03129	0.01014	0.01144	0.00773	0.00637	0.00444	0.00203	0.00541	0.00391	0.00444	0.00773
16	0.00858	0.00638	0.00777	0.00832	0.00945	0.00585	0.00592	0.01025	0.01425	0.01867	0.17591	0.30492	0.22577	0.10495	0.01108	0.00289	0.00401	0.06348	0.00608	0.00547
17	0.64969	0.01213	0.01044	0.00908	0.01315	0.01349	0.00745	0.02078	0.01279	0.13224	0.05633	0.01482	0.01191	0.00687	0.00468	0.00204	0.00504	0.00453	0.00487	0.00767
18	0.00946	0.00670	0.00867	0.00818	0.00973	0.00621	0.00613	0.01257	0.01839	0.02631	0.68918	0.04795	0.05987	0.01317	0.00761	0.00204	0.00310	0.01162	0.04690	0.00621
19	0.22950	0.01104	0.01246	0.01021	0.01443	0.01089	0.00832	0.02652	0.05970	0.40261	0.02102	0.01982	0.01425	0.00760	0.00567	0.00198	0.00507	0.00581	0.12374	0.00936
20	0.00879	0.00671	0.00807	0.00773	0.00951	0.00599	0.00580	0.01140	0.01739	0.02345	0.49886	0.05403	0.28920	0.01456	0.00777	0.00212	0.00318	0.01259	0.00686	0.00599
21	0.01367	0.00792	0.01023	0.00908	0.01148	0.00725	0.00701	0.01712	0.04338	0.17227	0.51326	0.04363	0.09256	0.01240	0.00749	0.00208	0.00371	0.01077	0.00734	0.00736
22	0.01061	0.00758	0.01061	0.01212	0.01364	0.00758	0.01061	0.01364	0.01515	0.01970	0.03486	0.07426	0.03789	0.01819	0.00909	0.00303	0.00606	0.68326	0.00606	0.00606
23	0.02459	0.03138	0.01866	0.01696	0.02035	0.74221	0.01272	0.02629	0.01866	0.01611	0.01018	0.01187	0.00848	0.00678	0.00594	0.00170	0.01187	0.00424	0.00339	0.00763
24	0.01365	0.01170	0.01365	0.00975	0.01560	0.00878	0.00780	0.01658	0.01365	0.02145	0.01170	0.01365	0.00975	0.00488	0.00488	0.00098	0.00488	0.00390	0.00390	0.80888
25	0.01116	0.00581	0.00837	0.00837	0.00837	0.00581	0.00546	0.00872	0.00872	0.01163	0.01280	0.02339	0.01327	0.13209	0.02687	0.69099	0.00581	0.00628	0.00302	0.00302
26	0.01760	0.77260	0.03450	0.01126	0.01690	0.02605	0.01126	0.01971	0.01338	0.01549	0.00915	0.01056	0.00845	0.00563	0.00422	0.00141	0.00704	0.00352	0.00282	0.00845
27	0.00932	0.00673	0.00880	0.00828	0.00984	0.00621	0.00621	0.01242	0.01863	0.02640	0.72410	0.04918	0.06212	0.01346	0.00776	0.00207	0.00311	0.01191	0.00725	0.00621
28	0.01120	0.00734	0.00826	0.00765	0.01020	0.00626	0.00587	0.01322	0.01612	0.12372	0.16114	0.05519	0.51989	0.01493	0.00761	0.00217	0.00363	0.01252	0.00658	0.00648
29	0.00840	0.00600	0.00807	0.00960	0.01015	0.00567	0.00677	0.00982	0.01298	0.01723	0.03608	0.66327	0.04271	0.02027	0.00850	0.00273	0.00415	0.11604	0.00610	0.00545
30	0.01637	0.01414	0.01489	0.01340	0.01712	0.01637	0.01042	0.03498	0.71568	0.02754	0.02679	0.02456	0.02010	0.00893	0.00670	0.00223	0.00521	0.00744	0.00670	0.01042
31	0.01243	0.01170	0.01975	0.75282	0.04534	0.01463	0.01828	0.01682	0.01316	0.01682	0.01170	0.01755	0.00878	0.00658	0.00658	0.00219	0.00878	0.00585	0.00293	0.00731
32	0.00866	0.00682	0.00790	0.00796	0.00988	0.00605	0.00619	0.01097	0.01613	0.02069	0.26254	0.06063	0.42213	0.01591	0.00797	0.00229	0.00366	0.11132	0.00645	0.00583
