[name]
unknown

[dist]
# distance from previous block
# <min> <max>
0	1

[block]
# block no. 0 follows, 34 sequences, length 111
# corresponding to MSA columns:
# 1-111
name=unknown_A
#
# <colnr> <probs for GDERKNQSTAVLIFYWHMCP>
#	G	D	E	R	K	N	Q	S	T	A	V	L	I	F	Y	W	H	M	C	P
0	0.02298	0.01758	0.01824	0.01437	0.01913	0.05250	0.01182	0.60919	0.02826	0.03733	0.01875	0.02052	0.04944	0.00864	0.00661	0.00199	0.00707	0.03903	0.00627	0.01030
1	0.02557	0.01235	0.05231	0.01181	0.01668	0.01041	0.01013	0.09314	0.01934	0.55620	0.10079	0.02382	0.02003	0.00845	0.00660	0.00200	0.00559	0.00691	0.00748	0.01038
2	0.00827	0.00602	0.00784	0.00920	0.00973	0.00577	0.00620	0.01022	0.04647	0.01700	0.03516	0.73287	0.04163	0.01969	0.00817	0.00260	0.00381	0.01784	0.00603	0.00549
3	0.01785	0.01412	0.01579	0.01168	0.01720	0.01317	0.00950	0.29320	0.02017	0.02889	0.01309	0.01424	0.01014	0.00597	0.00545	0.00135	0.00571	0.00462	0.00488	0.49300
4	0.03760	0.24445	0.19269	0.01477	0.02099	0.06211	0.06434	0.10871	0.03699	0.11160	0.01343	0.01433	0.01003	0.00640	0.00564	0.00178	0.00778	0.00491	0.00412	0.03732
5	0.05291	0.22396	0.50226	0.01629	0.02445	0.01775	0.03912	0.02011	0.01343	0.01952	0.01084	0.01275	0.00820	0.00595	0.00556	0.00188	0.00869	0.00445	0.00281	0.00908
6	0.00921	0.00697	0.00862	0.00819	0.00992	0.00656	0.00617	0.01270	0.05177	0.02385	0.53594	0.04859	0.18224	0.01528	0.04317	0.00247	0.00388	0.01161	0.00670	0.00616
7	0.02291	0.02849	0.01890	0.01681	0.02033	0.63988	0.04579	0.02640	0.08733	0.01715	0.01174	0.01316	0.00952	0.00681	0.00599	0.00174	0.01097	0.00464	0.00365	0.00782
8	0.02187	0.05817	0.01900	0.07224	0.02126	0.28723	0.01244	0.27368	0.12383	0.02646	0.01441	0.01522	0.01096	0.00729	0.00613	0.00186	0.00860	0.00530	0.00487	0.00917
9	0.01696	0.01387	0.01478	0.01312	0.01689	0.01588	0.01026	0.05535	0.66556	0.06163	0.02592	0.02374	0.01927	0.00870	0.00657	0.00217	0.00519	0.00722	0.00664	0.01029
10	0.00787	0.00562	0.00750	0.00900	0.00937	0.00525	0.00600	0.00900	0.01237	0.01649	0.03561	0.76871	0.04274	0.02024	0.00825	0.00262	0.00375	0.01837	0.00600	0.00525
11	0.00875	0.00682	0.00777	0.00796	0.00962	0.00619	0.00579	0.04406	0.01521	0.01942	0.14255	0.28773	0.38126	0.01678	0.00778	0.00229	0.00359	0.01453	0.00617	0.00575
12	0.04673	0.04646	0.16483	0.02120	0.10026	0.30614	0.16207	0.04123	0.01630	0.01944	0.01127	0.01375	0.00884	0.00618	0.00623	0.00189	0.01017	0.00518	0.00328	0.00855
13	0.00831	0.00641	0.00758	0.00763	0.00922	0.00569	0.00559	0.01044	0.01580	0.02081	0.33642	0.17923	0.33217	0.01573	0.00774	0.00220	0.00326	0.01365	0.00646	0.00569
14	0.00802	0.00583	0.00756	0.00867	0.00935	0.00538	0.00591	0.00944	0.01335	0.01780	0.12835	0.61272	0.10580	0.01899	0.00811	0.00251	0.00362	0.01708	0.00614	0.00538
15	0.01592	0.01774	0.02754	0.07191	0.02711	0.13092	0.35154	0.02050	0.05554	0.01887	0.01353	0.05322	0.01145	0.00769	0.00969	0.00224	0.14598	0.00711	0.00350	0.00804
16	0.71599	0.01230	0.01021	0.00889	0.01302	0.01385	0.00732	0.02062	0.01197	0.12098	0.01114	0.01199	0.00817	0.00626	0.00432	0.00200	0.00506	0.00389	0.00452	0.00752
17	0.00940	0.00626	0.00705	0.00705	0.00705	0.00626	0.00392	0.00940	0.00940	0.01253	0.02036	0.04228	0.02349	0.77292	0.03289	0.00626	0.00626	0.00940	0.00392	0.00392
18	0.10743	0.01232	0.01517	0.01175	0.01668	0.01174	0.00971	0.14284	0.01971	0.55070	0.02218	0.01977	0.01426	0.00776	0.00624	0.00199	0.00572	0.00608	0.00734	0.01059
19	0.02456	0.01810	0.01939	0.01487	0.02004	0.02004	0.01228	0.71107	0.03038	0.04072	0.01551	0.01551	0.01099	0.00776	0.00646	0.00194	0.00711	0.00582	0.00646	0.01099
20	0.01668	0.01158	0.01387	0.01008	0.01567	0.00910	0.00814	0.03864	0.01484	0.15774	0.01426	0.01509	0.01083	0.00548	0.00516	0.00118	0.00499	0.00439	0.00469	0.63759
21	0.01848	0.47459	0.02661	0.01242	0.01687	0.23850	0.01097	0.02053	0.01521	0.01650	0.08403	0.01468	0.01377	0.00666	0.00501	0.00153	0.00792	0.00452	0.00338	0.00783
22	0.02414	0.03079	0.01831	0.01665	0.01998	0.74698	0.01248	0.02580	0.01831	0.01581	0.00999	0.01165	0.00832	0.00666	0.00583	0.00166	0.01165	0.00416	0.00333	0.00749
23	0.10131	0.04661	0.32608	0.01736	0.02403	0.15048	0.10700	0.05799	0.05143	0.04076	0.01247	0.01420	0.00924	0.00638	0.00604	0.00197	0.00910	0.00509	0.00357	0.00891
24	0.00858	0.00716	0.00755	0.00735	0.00955	0.00644	0.00554	0.01182	0.07392	0.01962	0.16948	0.05677	0.56291	0.01522	0.00755	0.00216	0.00339	0.01280	0.00623	0.00595
25	0.01220	0.01148	0.01938	0.75739	0.04450	0.01436	0.01794	0.01651	0.01292	0.01651	0.01148	0.01723	0.00861	0.00646	0.00646	0.00215	0.00861	0.00574	0.00287	0.00718
26	0.02676	0.01457	0.01721	0.01319	0.01828	0.01481	0.01090	0.37375	0.02448	0.38638	0.02047	0.01873	0.01347	0.00788	0.00648	0.00197	0.00631	0.00616	0.00722	0.01099
27	0.02446	0.04998	0.07725	0.01163	0.01659	0.01032	0.01037	0.02744	0.01779	0.54775	0.11491	0.02412	0.02079	0.00839	0.00650	0.00198	0.00560	0.00687	0.00717	0.01010
28	0.02899	0.01100	0.01499	0.01150	0.01649	0.00950	0.00950	0.03149	0.01849	0.73709	0.02549	0.02199	0.01599	0.00800	0.00650	0.00200	0.00550	0.00650	0.00800	0.01100
29	0.01296	0.03342	0.73944	0.01842	0.02797	0.01501	0.02387	0.02046	0.01364	0.02046	0.01160	0.01364	0.00818	0.00614	0.00614	0.00205	0.00955	0.00477	0.00273	0.00955
30	0.01670	0.07789	0.15696	0.11011	0.32411	0.08924	0.01806	0.05481	0.03320	0.04084	0.01241	0.01518	0.00977	0.00622	0.00614	0.00191	0.00832	0.00530	0.00343	0.00940
31	0.02129	0.01343	0.01724	0.05439	0.05259	0.01402	0.04537	0.13385	0.24928	0.26926	0.04424	0.02176	0.01689	0.00806	0.00660	0.00207	0.00608	0.00680	0.00654	0.01024
32	0.00787	0.00562	0.00750	0.00900	0.00937	0.00525	0.00600	0.00900	0.01237	0.01649	0.03561	0.76871	0.04274	0.02024	0.00825	0.00262	0.00375	0.01837	0.00600	0.00525
33	0.02401	0.05031	0.01894	0.01619	0.01989	0.60770	0.01241	0.13724	0.02013	0.01985	0.01086	0.01224	0.00876	0.00680	0.00588	0.00170	0.01078	0.00441	0.00382	0.00808
34	0.03853	0.09558	0.12185	0.04109	0.08215	0.12461	0.29939	0.03920	0.05709	0.02043	0.01264	0.01543	0.00977	0.00604	0.00651	0.00198	0.00953	0.00596	0.00344	0.00878
35	0.01835	0.20132	0.23867	0.01690	0.02296	0.27022	0.08540	0.04082	0.01575	0.01822	0.01069	0.01263	0.00850	0.00615	0.00573	0.00177	0.00974	0.00457	0.00310	0.00851
36	0.01122	0.00561	0.00842	0.00842	0.00842	0.00561	0.00561	0.00842	0.00842	0.01122	0.01122	0.01964	0.01122	0.02245	0.02525	0.81201	0.00561	0.00561	0.00281	0.00281
37	0.00764	0.00655	0.00655	0.00655	0.00873	0.00545	0.00491	0.00927	0.01473	0.01745	0.06546	0.06218	0.73000	0.01636	0.00764	0.00218	0.00327	0.01364	0.00600	0.00545
38	0.01607	0.01388	0.01461	0.01315	0.01680	0.01607	0.01023	0.03433	0.72094	0.02703	0.02630	0.02411	0.01972	0.00877	0.00657	0.00219	0.00511	0.00731	0.00657	0.01023
39	0.01633	0.01663	0.18145	0.01344	0.05369	0.01058	0.01233	0.02024	0.01447	0.15431	0.01415	0.01518	0.01048	0.00574	0.00549	0.00145	0.00616	0.00464	0.00432	0.43890
40	0.01667	0.08676	0.37146	0.01649	0.02329	0.13359	0.04033	0.02438	0.14208	0.06215	0.01463	0.01556	0.01080	0.00673	0.00608	0.00196	0.00869	0.00522	0.00384	0.00930
41	0.02289	0.02863	0.01884	0.01787	0.05671	0.64937	0.01300	0.02465	0.01743	0.01607	0.00998	0.01208	0.00844	0.00699	0.00712	0.00177	0.07292	0.00437	0.00328	0.00760
42	0.00778	0.00658	0.00674	0.00677	0.00890	0.00554	0.00512	0.00950	0.01486	0.01781	0.08764	0.06203	0.68520	0.01630	0.00768	0.00220	0.00335	0.03449	0.00604	0.00549
43	0.01379	0.08694	0.49846	0.01917	0.02698	0.01651	0.13588	0.01994	0.01351	0.01962	0.01134	0.01406	0.00849	0.00647	0.00768	0.00209	0.08192	0.00523	0.00283	0.00907
44	0.00980	0.00708	0.00894	0.00832	0.01024	0.00646	0.00627	0.01237	0.01612	0.04450	0.43357	0.06841	0.15708	0.03712	0.08440	0.00297	0.00487	0.01094	0.00623	0.06433
45	0.00787	0.00562	0.00750	0.00900	0.00937	0.00525	0.00600	0.00900	0.01237	0.01649	0.03561	0.76871	0.04274	0.02024	0.00825	0.00262	0.00375	0.01837	0.00600	0.00525
46	0.00787	0.00562	0.00750	0.00900	0.00937	0.00525	0.00600	0.00900	0.01237	0.01649	0.03561	0.76871	0.04274	0.02024	0.00825	0.00262	0.00375	0.01837	0.00600	0.00525
47	0.00959	0.00759	0.00882	0.00874	0.01072	0.00729	0.00676	0.01398	0.10749	0.02157	0.26429	0.09162	0.29797	0.01478	0.00770	0.00226	0.00382	0.10225	0.00642	0.00633
48	0.00940	0.00626	0.00705	0.00705	0.00705	0.00626	0.00392	0.00940	0.00940	0.01253	0.02036	0.04228	0.02349	0.77292	0.03289	0.00626	0.00626	0.00940	0.00392	0.00392
49	0.00795	0.00566	0.00747	0.00890	0.00925	0.00530	0.00589	0.00902	0.01222	0.01629	0.03482	0.73112	0.04174	0.05919	0.00952	0.00281	0.00388	0.01790	0.00589	0.00518
50	0.02751	0.01336	0.01646	0.01262	0.01767	0.01301	0.01042	0.25788	0.02245	0.50511	0.02217	0.01983	0.01433	0.00792	0.00649	0.00198	0.00604	0.00627	0.00749	0.01099
51	0.01251	0.03078	0.66740	0.01732	0.02611	0.01410	0.02206	0.01950	0.01391	0.02056	0.04779	0.01777	0.04810	0.00700	0.00629	0.00205	0.00892	0.00556	0.00310	0.00918
52	0.01525	0.01743	0.03813	0.02723	0.03377	0.01634	0.70915	0.02070	0.01525	0.02070	0.01307	0.01743	0.00980	0.00545	0.00763	0.00218	0.01089	0.00763	0.00327	0.00871
53	0.02865	0.01154	0.01533	0.01175	0.01676	0.01030	0.00971	0.08334	0.01940	0.68396	0.02473	0.02150	0.01561	0.00798	0.00650	0.00199	0.00562	0.00645	0.00788	0.01100
54	0.02727	0.01376	0.01670	0.01281	0.01787	0.01360	0.01058	0.29583	0.02312	0.46622	0.02161	0.01947	0.01405	0.00790	0.00648	0.00198	0.00613	0.00623	0.00740	0.01099
55	0.00983	0.00697	0.00871	0.00862	0.00912	0.00747	0.00574	0.03203	0.01058	0.01448	0.02033	0.09645	0.02232	0.47189	0.22084	0.00684	0.02968	0.00927	0.00402	0.00483
56	0.02477	0.01777	0.01919	0.01471	0.01987	0.01955	0.01215	0.67945	0.02983	0.07313	0.01598	0.01581	0.01122	0.00777	0.00647	0.00194	0.00704	0.00585	0.00654	0.01099
57	0.09844	0.09846	0.10141	0.02042	0.02654	0.03655	0.38510	0.02131	0.06858	0.02132	0.01292	0.01573	0.00990	0.00584	0.00646	0.00199	0.00899	0.00616	0.00352	0.05037
58	0.01682	0.69825	0.10843	0.01183	0.01779	0.02445	0.01241	0.01947	0.01318	0.01576	0.00926	0.01071	0.00828	0.00559	0.00436	0.00145	0.00719	0.00359	0.00276	0.00842
59	0.01060	0.00889	0.04524	0.01009	0.01197	0.00777	0.00771	0.01445	0.10460	0.04059	0.02926	0.43836	0.03217	0.09031	0.01004	0.00275	0.00472	0.04922	0.00558	0.07568
60	0.01607	0.01388	0.01461	0.01315	0.01680	0.01607	0.01023	0.03433	0.72094	0.02703	0.02630	0.02411	0.01972	0.00877	0.00657	0.00219	0.00511	0.00731	0.00657	0.01023
61	0.01393	0.01024	0.01168	0.01080	0.01331	0.01081	0.00815	0.11105	0.22556	0.06607	0.12140	0.23805	0.08163	0.03667	0.00805	0.00237	0.00465	0.01125	0.00643	0.00790
62	0.02787	0.01280	0.01611	0.01235	0.01739	0.01217	0.01020	0.20394	0.02151	0.56039	0.02296	0.02035	0.01472	0.00794	0.00649	0.00198	0.00591	0.00633	0.00761	0.01099
63	0.13074	0.01157	0.01452	0.01129	0.01617	0.01070	0.00932	0.06598	0.01816	0.60863	0.02283	0.02016	0.01457	0.00773	0.00617	0.00200	0.00552	0.00607	0.00740	0.01048
64	0.00786	0.00567	0.00745	0.00887	0.00934	0.00526	0.00594	0.00901	0.01250	0.01655	0.03721	0.73095	0.07946	0.02004	0.00821	0.00260	0.00372	0.01812	0.00600	0.00526
65	0.02456	0.01810	0.01939	0.01487	0.02004	0.02004	0.01228	0.71107	0.03038	0.04072	0.01551	0.01551	0.01099	0.00776	0.00646	0.00194	0.00711	0.00582	0.00646	0.01099
66	0.02899	0.01100	0.01499	0.01150	0.01649	0.00950	0.00950	0.03149	0.01849	0.73709	0.02549	0.02199	0.01599	0.00800	0.00650	0.00200	0.00550	0.00650	0.00800	0.01100
67	0.00914	0.00660	0.00864	0.00813	0.00965	0.00610	0.00610	0.01219	0.01829	0.02591	0.72921	0.04827	0.06097	0.01321	0.00762	0.00203	0.00305	0.01169	0.00711	0.00610
68	0.00787	0.00562	0.00750	0.00900	0.00937	0.00525	0.00600	0.00900	0.01237	0.01649	0.03561	0.76871	0.04274	0.02024	0.00825	0.00262	0.00375	0.01837	0.00600	0.00525
69	0.00940	0.00626	0.00705	0.00705	0.00705	0.00626	0.00392	0.00940	0.00940	0.01253	0.02036	0.04228	0.02349	0.77292	0.03289	0.00626	0.00626	0.00940	0.00392	0.00392
70	0.01220	0.01148	0.01938	0.75739	0.04450	0.01436	0.01794	0.01651	0.01292	0.01651	0.01148	0.01723	0.00861	0.00646	0.00646	0.00215	0.00861	0.00574	0.00287	0.00718
71	0.01599	0.01535	0.02623	0.03966	0.73262	0.01535	0.01983	0.01983	0.01471	0.02111	0.01215	0.01599	0.01023	0.00576	0.00640	0.00192	0.00768	0.00576	0.00320	0.01023
72	0.00787	0.00562	0.00750	0.00900	0.00937	0.00525	0.00600	0.00900	0.01237	0.01649	0.03561	0.76871	0.04274	0.02024	0.00825	0.00262	0.00375	0.01837	0.00600	0.00525
73	0.02899	0.01100	0.01499	0.01150	0.01649	0.00950	0.00950	0.03149	0.01849	0.73709	0.02549	0.02199	0.01599	0.00800	0.00650	0.00200	0.00550	0.00650	0.00800	0.01100
74	0.00787	0.00562	0.00750	0.00900	0.00937	0.00525	0.00600	0.00900	0.01237	0.01649	0.03561	0.76871	0.04274	0.02024	0.00825	0.00262	0.00375	0.01837	0.00600	0.00525
75	0.01282	0.01211	0.02050	0.64048	0.15659	0.01452	0.01825	0.01705	0.01321	0.01726	0.01159	0.01703	0.00888	0.00635	0.00645	0.00212	0.00846	0.00574	0.00292	0.00768
76	0.02899	0.01100	0.01499	0.01150	0.01649	0.00950	0.00950	0.03149	0.01849	0.73709	0.02549	0.02199	0.01599	0.00800	0.00650	0.00200	0.00550	0.00650	0.00800	0.01100
77	0.01340	0.01148	0.01340	0.00957	0.01531	0.00861	0.00766	0.01627	0.01340	0.02105	0.01148	0.01340	0.00957	0.00479	0.00479	0.00096	0.00479	0.00383	0.00383	0.81242
78	0.01340	0.01148	0.01340	0.00957	0.01531	0.00861	0.00766	0.01627	0.01340	0.02105	0.01148	0.01340	0.00957	0.00479	0.00479	0.00096	0.00479	0.00383	0.00383	0.81242
79	0.02346	0.08056	0.05749	0.01444	0.01981	0.01934	0.01252	0.54940	0.04577	0.08930	0.01581	0.01571	0.01123	0.00753	0.00626	0.00191	0.00705	0.00566	0.00608	0.01067
80	0.02456	0.01810	0.01939	0.01487	0.02004	0.02004	0.01228	0.71107	0.03038	0.04072	0.01551	0.01551	0.01099	0.00776	0.00646	0.00194	0.00711	0.00582	0.00646	0.01099
81	0.01641	0.01615	0.02582	0.03847	0.69563	0.05332	0.01945	0.02014	0.01490	0.02083	0.01204	0.01577	0.01014	0.00580	0.00637	0.00191	0.00788	0.00567	0.00321	0.01009
82	0.01539	0.01243	0.01351	0.01237	0.01559	0.01403	0.00951	0.03018	0.57260	0.05910	0.05066	0.12153	0.02390	0.01037	0.00682	0.00223	0.00489	0.00885	0.00658	0.00948
83	0.00899	0.00667	0.00844	0.00835	0.00996	0.00612	0.00643	0.01170	0.01699	0.02317	0.49232	0.07782	0.18198	0.01463	0.00781	0.00220	0.00349	0.10027	0.00672	0.00593
84	0.00765	0.00650	0.00659	0.00667	0.00876	0.00544	0.00496	0.00926	0.01461	0.01741	0.06399	0.09690	0.69623	0.01655	0.00767	0.00220	0.00330	0.01387	0.00600	0.00544
85	0.00800	0.00666	0.00705	0.00724	0.00933	0.00571	0.00562	0.00981	0.01475	0.01770	0.06140	0.06357	0.63999	0.01656	0.00780	0.00228	0.00362	0.10139	0.00599	0.00552
86	0.02799	0.01260	0.01599	0.01226	0.01729	0.01187	0.01012	0.18479	0.02117	0.58000	0.02324	0.02053	0.01487	0.00794	0.00649	0.00199	0.00586	0.00634	0.00765	0.01099
87	0.01599	0.01535	0.02623	0.03966	0.73262	0.01535	0.01983	0.01983	0.01471	0.02111	0.01215	0.01599	0.01023	0.00576	0.00640	0.00192	0.00768	0.00576	0.00320	0.01023
88	0.02414	0.03079	0.01831	0.01665	0.01998	0.74698	0.01248	0.02580	0.01831	0.01581	0.00999	0.01165	0.00832	0.00666	0.00583	0.00166	0.01165	0.00416	0.00333	0.00749
89	0.00768	0.00655	0.00661	0.00659	0.00876	0.00547	0.00495	0.00936	0.01484	0.01772	0.08602	0.06175	0.70927	0.01627	0.00764	0.00218	0.00327	0.01358	0.00603	0.00547
90	0.01648	0.01408	0.01484	0.01323	0.01696	0.01626	0.01033	0.06690	0.68771	0.02769	0.02578	0.02369	0.01930	0.00872	0.00657	0.00218	0.00521	0.00723	0.00657	0.01026
91	0.01469	0.01622	0.05660	0.01787	0.01906	0.05701	0.07222	0.01675	0.01096	0.01623	0.00909	0.01426	0.00857	0.01033	0.01854	0.00267	0.62301	0.00570	0.00289	0.00735
92	0.00766	0.00647	0.00662	0.00674	0.00878	0.00544	0.00500	0.00925	0.01454	0.01738	0.06306	0.11898	0.67475	0.01668	0.00769	0.00222	0.00331	0.01402	0.00600	0.00544
93	0.02134	0.05864	0.04330	0.11121	0.02297	0.13117	0.01308	0.40308	0.04332	0.03038	0.01377	0.01495	0.01021	0.00713	0.00615	0.00186	0.00791	0.00534	0.00507	0.04912
94	0.05363	0.02011	0.18834	0.02441	0.26456	0.05740	0.08332	0.05670	0.06192	0.02238	0.01287	0.01530	0.01005	0.00607	0.00615	0.00188	0.00800	0.00540	0.00360	0.09788
95	0.01804	0.08528	0.32253	0.01694	0.02358	0.19312	0.05308	0.13171	0.03411	0.02234	0.01205	0.01364	0.00907	0.00646	0.00601	0.00187	0.00929	0.00487	0.00362	0.03238
96	0.08808	0.01057	0.01298	0.01061	0.01456	0.01006	0.00855	0.05725	0.07782	0.40372	0.17071	0.02831	0.05968	0.00937	0.00658	0.00203	0.00488	0.00771	0.00719	0.00932
97	0.00787	0.00562	0.00750	0.00900	0.00937	0.00525	0.00600	0.00900	0.01237	0.01649	0.03561	0.76871	0.04274	0.02024	0.00825	0.00262	0.00375	0.01837	0.00600	0.00525
98	0.01871	0.05333	0.04966	0.01298	0.03508	0.07281	0.03172	0.06087	0.13012	0.22190	0.09655	0.08680	0.04536	0.04507	0.00787	0.00223	0.00609	0.00807	0.00599	0.00878
99	0.01589	0.01660	0.03402	0.02474	0.03042	0.01631	0.57150	0.02138	0.04773	0.05766	0.01388	0.01765	0.01046	0.00631	0.00886	0.00223	0.08462	0.00736	0.00362	0.00874
100	0.00768	0.00655	0.00661	0.00659	0.00876	0.00547	0.00495	0.00936	0.01484	0.01772	0.08607	0.06175	0.70921	0.01627	0.00764	0.00218	0.00327	0.01358	0.00603	0.00547
101	0.01220	0.01148	0.01938	0.75739	0.04450	0.01436	0.01794	0.01651	0.01292	0.01651	0.01148	0.01723	0.00861	0.00646	0.00646	0.00215	0.00861	0.00574	0.00287	0.00718
102	0.04180	0.03709	0.05493	0.01543	0.07204	0.09393	0.01205	0.23619	0.09385	0.18432	0.03676	0.02091	0.03660	0.00814	0.00640	0.00198	0.00690	0.02502	0.00586	0.00980
103	0.01685	0.01409	0.01495	0.01314	0.01689	0.01612	0.01030	0.12122	0.59854	0.02876	0.05761	0.02411	0.02051	0.00884	0.00661	0.00215	0.00528	0.00732	0.00659	0.01013
104	0.00787	0.00562	0.00750	0.00900	0.00937	0.00525	0.00600	0.00900	0.01237	0.01649	0.03561	0.76871	0.04274	0.02024	0.00825	0.00262	0.00375	0.01837	0.00600	0.00525
105	0.00786	0.00566	0.00746	0.00891	0.00935	0.00526	0.00596	0.00901	0.01245	0.01653	0.03665	0.74406	0.06670	0.02011	0.00823	0.00261	0.00373	0.01820	0.00600	0.00526
106	0.01664	0.05108	0.04663	0.03625	0.64175	0.01551	0.01900	0.02043	0.01480	0.05797	0.01268	0.01597	0.01038	0.00587	0.00629	0.00190	0.00758	0.00566	0.00341	0.01016
107	0.81856	0.01250	0.00950	0.00850	0.01250	0.01449	0.00700	0.01899	0.01100	0.02899	0.00900	0.01050	0.00700	0.00600	0.00400	0.00200	0.00500	0.00350	0.00400	0.00700
108	0.00940	0.00626	0.00705	0.00705	0.00705	0.00626	0.00392	0.00940	0.00940	0.01253	0.02036	0.04228	0.02349	0.77292	0.03289	0.00626	0.00626	0.00940	0.00392	0.00392
109	0.00861	0.00644	0.00804	0.00829	0.00970	0.00587	0.00617	0.01088	0.01579	0.02118	0.35254	0.21824	0.21286	0.01597	0.00788	0.00229	0.00352	0.07350	0.00649	0.00574
110	0.02319	0.05390	0.01846	0.01375	0.01854	0.03566	0.01134	0.48301	0.09881	0.11224	0.01753	0.01717	0.01251	0.00774	0.00626	0.00192	0.00663	0.00590	0.04499	0.01045

[dist]
# distance from previous block
# <min> <max>
0	1

[block]
# block no. 1 follows, 34 sequences, length 39
# corresponding to MSA columns:
# 113-151
name=unknown_B
#
# <colnr> <probs for GDERKNQSTAVLIFYWHMCP>
#	G	D	E	R	K	N	Q	S	T	A	V	L	I	F	Y	W	H	M	C	P
0	0.01430	0.09368	0.58187	0.01825	0.02680	0.07063	0.06627	0.02078	0.01405	0.01970	0.01135	0.01347	0.00831	0.00608	0.00605	0.00197	0.00957	0.00480	0.00281	0.00924
1	0.01260	0.01189	0.02010	0.68138	0.11738	0.01446	0.01814	0.01686	0.01311	0.01700	0.01156	0.01710	0.00878	0.00639	0.00645	0.00213	0.00851	0.00574	0.00291	0.00750
2	0.01562	0.01189	0.01396	0.01011	0.01575	0.00948	0.00815	0.06532	0.01504	0.08943	0.01307	0.01435	0.01027	0.00529	0.00506	0.00112	0.00501	0.00421	0.00440	0.68248
3	0.18254	0.12336	0.01993	0.05963	0.12928	0.26628	0.01253	0.08118	0.01630	0.03812	0.01090	0.01280	0.00877	0.00635	0.00542	0.00179	0.00834	0.00446	0.00372	0.00829
4	0.19462	0.18100	0.01973	0.01318	0.01750	0.25514	0.01085	0.16154	0.05087	0.02409	0.01144	0.01249	0.00910	0.00660	0.00524	0.00176	0.00799	0.00435	0.00414	0.00839
5	0.00765	0.00648	0.00662	0.00673	0.00878	0.00544	0.00499	0.00925	0.01455	0.01738	0.06323	0.11495	0.67867	0.01665	0.00768	0.00221	0.00331	0.01399	0.00600	0.00544
6	0.01220	0.01148	0.01938	0.75739	0.04450	0.01436	0.01794	0.01651	0.01292	0.01651	0.01148	0.01723	0.00861	0.00646	0.00646	0.00215	0.00861	0.00574	0.00287	0.00718
7	0.01414	0.01414	0.01979	0.01696	0.01696	0.01979	0.01414	0.01555	0.00990	0.01555	0.00848	0.01414	0.00848	0.01131	0.02120	0.00283	0.76110	0.00565	0.00283	0.00707
8	0.01599	0.01535	0.02623	0.03966	0.73262	0.01535	0.01983	0.01983	0.01471	0.02111	0.01215	0.01599	0.01023	0.00576	0.00640	0.00192	0.00768	0.00576	0.00320	0.01023
9	0.00787	0.00562	0.00750	0.00900	0.00937	0.00525	0.00600	0.00900	0.01237	0.01649	0.03561	0.76871	0.04274	0.02024	0.00825	0.00262	0.00375	0.01837	0.00600	0.00525
10	0.02456	0.01810	0.01939	0.01487	0.02004	0.02004	0.01228	0.71107	0.03038	0.04072	0.01551	0.01551	0.01099	0.00776	0.00646	0.00194	0.00711	0.00582	0.00646	0.01099
11	0.01727	0.77681	0.03386	0.01106	0.01658	0.02557	0.01106	0.01935	0.01313	0.01520	0.00898	0.01036	0.00829	0.00553	0.00415	0.00138	0.00691	0.00345	0.00276	0.00829
12	0.02899	0.01100	0.01499	0.01150	0.01649	0.00950	0.00950	0.03149	0.01849	0.73709	0.02549	0.02199	0.01599	0.00800	0.00650	0.00200	0.00550	0.00650	0.00800	0.01100
13	0.00779	0.00652	0.00680	0.00690	0.00893	0.00553	0.00517	0.00950	0.01477	0.01785	0.09427	0.10206	0.64114	0.01647	0.00770	0.00222	0.00336	0.03148	0.00605	0.00549
14	0.02880	0.01130	0.01518	0.01164	0.01664	0.00994	0.00961	0.06036	0.01900	0.70751	0.02507	0.02172	0.01578	0.00799	0.00650	0.00200	0.00557	0.00647	0.00793	0.01100
15	0.01296	0.03342	0.73944	0.01842	0.02797	0.01501	0.02387	0.02046	0.01364	0.02046	0.01160	0.01364	0.00818	0.00614	0.00614	0.00205	0.00955	0.00477	0.00273	0.00955
16	0.01204	0.00602	0.00602	0.00602	0.00753	0.00602	0.00452	0.01506	0.01355	0.02409	0.02108	0.02409	0.01656	0.00753	0.00452	0.00151	0.00301	0.00602	0.80879	0.00602
17	0.05051	0.01107	0.01443	0.01127	0.01586	0.01005	0.00924	0.07966	0.01913	0.58232	0.10452	0.02415	0.02048	0.00851	0.00655	0.00200	0.00532	0.00695	0.00766	0.01031
18	0.01434	0.01579	0.03306	0.02413	0.02982	0.01492	0.58626	0.01986	0.04829	0.02050	0.01784	0.08373	0.04367	0.00733	0.00763	0.00222	0.00969	0.00878	0.00377	0.00835
19	0.01467	0.32027	0.41140	0.01490	0.02260	0.01863	0.01769	0.01972	0.01342	0.01847	0.01057	0.01235	0.00833	0.00580	0.00526	0.00171	0.00817	0.00419	0.00282	0.06902
20	0.01685	0.53704	0.20067	0.01312	0.01958	0.02259	0.01421	0.07684	0.01468	0.01857	0.01015	0.01157	0.00849	0.00586	0.00481	0.00159	0.00755	0.00396	0.00306	0.00881
21	0.00814	0.00581	0.00781	0.00930	0.00980	0.00548	0.00646	0.00946	0.01263	0.01679	0.03546	0.69525	0.04215	0.01999	0.00832	0.00266	0.00398	0.08917	0.00599	0.00532
22	0.01469	0.04741	0.01433	0.00978	0.01530	0.00939	0.00792	0.01745	0.01377	0.07881	0.01319	0.03529	0.01097	0.00552	0.00499	0.00111	0.00491	0.00444	0.00418	0.68656
23	0.01809	0.22732	0.34999	0.01500	0.02209	0.07165	0.01675	0.04095	0.01516	0.14587	0.01334	0.01414	0.00968	0.00639	0.00566	0.00183	0.00822	0.00471	0.00381	0.00935
24	0.01122	0.00561	0.00842	0.00842	0.00842	0.00561	0.00561	0.00842	0.00842	0.01122	0.01122	0.01964	0.01122	0.02245	0.02525	0.81201	0.00561	0.00561	0.00281	0.00281
25	0.01505	0.01297	0.01412	0.01076	0.01591	0.04253	0.00860	0.09009	0.07788	0.02349	0.03567	0.01712	0.01286	0.00613	0.00536	0.00128	0.00533	0.02270	0.00448	0.57767
26	0.01363	0.05045	0.67503	0.01773	0.02691	0.01489	0.02257	0.02069	0.01379	0.04497	0.01200	0.01384	0.00850	0.00615	0.00606	0.00200	0.00920	0.00477	0.00294	0.03390
27	0.00787	0.00562	0.00750	0.00900	0.00937	0.00525	0.00600	0.00900	0.01237	0.01649	0.03561	0.76871	0.04274	0.02024	0.00825	0.00262	0.00375	0.01837	0.00600	0.00525
28	0.00832	0.00615	0.00785	0.00909	0.00976	0.00588	0.00617	0.01045	0.05280	0.01715	0.03682	0.68514	0.08153	0.01936	0.00812	0.00257	0.00380	0.01746	0.00603	0.00554
29	0.01475	0.01737	0.07417	0.06274	0.03179	0.01551	0.54868	0.01991	0.01472	0.02037	0.01263	0.01673	0.00959	0.00563	0.00756	0.00207	0.02977	0.00695	0.00326	0.08580
30	0.02157	0.01265	0.01477	0.01245	0.01667	0.01327	0.00992	0.03312	0.42188	0.32934	0.02595	0.02321	0.01814	0.00844	0.00654	0.00211	0.00528	0.00696	0.00718	0.01055
31	0.00793	0.00580	0.00748	0.00879	0.00943	0.00535	0.00602	0.00919	0.01276	0.01672	0.03935	0.65445	0.12984	0.01967	0.00819	0.00258	0.00377	0.04139	0.00600	0.00530
32	0.00888	0.00645	0.00777	0.00799	0.00904	0.00605	0.00564	0.01046	0.01375	0.01823	0.21659	0.14663	0.17968	0.24477	0.01548	0.00352	0.00446	0.08378	0.00565	0.00518
33	0.04180	0.05151	0.60083	0.01972	0.06760	0.01541	0.07387	0.02036	0.01371	0.02067	0.01157	0.01385	0.00838	0.00604	0.00613	0.00203	0.00931	0.00496	0.00284	0.00940
34	0.02331	0.01106	0.01367	0.01092	0.01490	0.01059	0.00874	0.13602	0.04369	0.42418	0.04710	0.02412	0.01765	0.08150	0.00884	0.00235	0.00545	0.00682	0.09954	0.00955
35	0.00860	0.00665	0.00794	0.00877	0.00992	0.00634	0.00613	0.01150	0.08096	0.01775	0.04228	0.51826	0.21464	0.01816	0.00793	0.00247	0.00376	0.01611	0.00605	0.00578
36	0.01585	0.01528	0.02607	0.05710	0.63227	0.01542	0.05946	0.02061	0.05485	0.02130	0.01299	0.01657	0.01070	0.00593	0.00648	0.00196	0.00774	0.00595	0.00339	0.01006
37	0.02326	0.08240	0.02021	0.01712	0.06132	0.46677	0.01275	0.19809	0.02076	0.02237	0.01143	0.01278	0.00911	0.00680	0.00589	0.00173	0.00992	0.00462	0.00407	0.00859
38	0.10810	0.06069	0.10232	0.01391	0.01964	0.03638	0.10571	0.05381	0.07627	0.08377	0.01391	0.01517	0.01053	0.00603	0.00561	0.00166	0.00673	0.00503	0.00428	0.27044

[dist]
# distance from previous block
# <min> <max>
0	2

[block]
# block no. 2 follows, 34 sequences, length 18
# corresponding to MSA columns:
# 154-171
name=unknown_C
#
# <colnr> <probs for GDERKNQSTAVLIFYWHMCP>
#	G	D	E	R	K	N	Q	S	T	A	V	L	I	F	Y	W	H	M	C	P
0	0.01827	0.46478	0.08554	0.01295	0.01800	0.22358	0.01214	0.02065	0.01470	0.01593	0.01274	0.01398	0.05000	0.00652	0.00498	0.00156	0.00823	0.00435	0.00310	0.00801
1	0.01708	0.01196	0.01483	0.01080	0.01639	0.00969	0.03040	0.05947	0.01541	0.15881	0.01444	0.01529	0.01089	0.00559	0.00530	0.00125	0.00525	0.00457	0.00476	0.58783
2	0.09042	0.02637	0.01656	0.01497	0.01821	0.58109	0.01125	0.05701	0.01763	0.01800	0.01258	0.01520	0.03254	0.05273	0.00738	0.00200	0.01027	0.00480	0.00366	0.00734
3	0.00938	0.00632	0.00733	0.00733	0.00743	0.00642	0.00427	0.00958	0.00948	0.01274	0.02010	0.04084	0.02287	0.71121	0.09375	0.00662	0.00720	0.00919	0.00388	0.00407
4	0.01274	0.01204	0.02036	0.65477	0.14289	0.01450	0.01821	0.01698	0.01318	0.01717	0.01158	0.01705	0.00885	0.00636	0.00645	0.00212	0.00848	0.00574	0.00292	0.00761
5	0.01296	0.03342	0.73944	0.01842	0.02797	0.01501	0.02387	0.02046	0.01364	0.02046	0.01160	0.01364	0.00818	0.00614	0.00614	0.00205	0.00955	0.00477	0.00273	0.00955
6	0.02456	0.01810	0.01939	0.01487	0.02004	0.02004	0.01228	0.71107	0.03038	0.04072	0.01551	0.01551	0.01099	0.00776	0.00646	0.00194	0.00711	0.00582	0.00646	0.01099
7	0.02456	0.01810	0.01939	0.01487	0.02004	0.02004	0.01228	0.71107	0.03038	0.04072	0.01551	0.01551	0.01099	0.00776	0.00646	0.00194	0.00711	0.00582	0.00646	0.01099
8	0.00938	0.00631	0.00728	0.00728	0.00736	0.00639	0.00421	0.00955	0.00947	0.01270	0.02014	0.04110	0.02298	0.72205	0.08306	0.00655	0.00704	0.00922	0.00388	0.00405
9	0.01220	0.01148	0.01938	0.75739	0.04450	0.01436	0.01794	0.01651	0.01292	0.01651	0.01148	0.01723	0.00861	0.00646	0.00646	0.00215	0.00861	0.00574	0.00287	0.00718
10	0.00775	0.00655	0.00670	0.00666	0.00880	0.00550	0.00500	0.00949	0.01499	0.01808	0.11442	0.06116	0.68064	0.01613	0.00764	0.00217	0.00326	0.01349	0.00608	0.00550
11	0.00848	0.00591	0.00747	0.00847	0.00877	0.00567	0.00549	0.00931	0.01149	0.01530	0.03053	0.50126	0.03617	0.26792	0.01639	0.00384	0.00467	0.04271	0.00531	0.00484
12	0.02080	0.01518	0.01649	0.01362	0.01801	0.01685	0.01093	0.29433	0.37555	0.11292	0.02206	0.02056	0.01594	0.00829	0.00652	0.00207	0.00593	0.00664	0.00669	0.01061
13	0.02012	0.01658	0.01843	0.01477	0.01930	0.05283	0.06463	0.38013	0.22092	0.03231	0.02199	0.02154	0.06956	0.00848	0.00664	0.00203	0.00676	0.00691	0.00606	0.01000
14	0.00925	0.00667	0.00878	0.00844	0.00996	0.00621	0.00645	0.01229	0.01801	0.02537	0.67254	0.05027	0.05903	0.01359	0.00773	0.00211	0.00328	0.06692	0.00702	0.00608
15	0.01422	0.01197	0.01384	0.00996	0.01566	0.00946	0.00800	0.06752	0.01465	0.02251	0.01178	0.01355	0.00967	0.00500	0.00491	0.00103	0.00496	0.00397	0.00402	0.75330
16	0.01378	0.01364	0.02016	0.01700	0.01781	0.01811	0.07256	0.01624	0.03598	0.01634	0.01046	0.01598	0.00982	0.01468	0.09705	0.00356	0.59058	0.00602	0.00307	0.00718
17	0.00787	0.00562	0.00750	0.00900	0.00937	0.00525	0.00600	0.00900	0.01237	0.01649	0.03561	0.76871	0.04274	0.02024	0.00825	0.00262	0.00375	0.01837	0.00600	0.00525

[dist]
# distance from previous block
# <min> <max>
0	1

[block]
# block no. 3 follows, 34 sequences, length 106
# corresponding to MSA columns:
# 173-278
name=unknown_D
#
# <colnr> <probs for GDERKNQSTAVLIFYWHMCP>
#	G	D	E	R	K	N	Q	S	T	A	V	L	I	F	Y	W	H	M	C	P
0	0.00798	0.00680	0.00690	0.00683	0.00904	0.00585	0.00514	0.01025	0.03942	0.01808	0.08709	0.06038	0.68210	0.01599	0.00760	0.00218	0.00333	0.01335	0.00606	0.00564
1	0.02317	0.02876	0.01787	0.01623	0.01959	0.65906	0.01221	0.02683	0.10284	0.01716	0.01195	0.01315	0.00969	0.00691	0.00592	0.00173	0.01087	0.00454	0.00372	0.00782
2	0.02500	0.07382	0.01800	0.01326	0.01781	0.12216	0.01087	0.17532	0.06914	0.35141	0.01926	0.01806	0.01320	0.00773	0.00675	0.00193	0.03409	0.00580	0.00630	0.01008
3	0.00874	0.00649	0.00814	0.00793	0.00945	0.00589	0.00587	0.01133	0.01702	0.02338	0.53563	0.12584	0.18138	0.01452	0.00769	0.00212	0.00316	0.01274	0.00679	0.00589
4	0.01779	0.62707	0.08379	0.01178	0.01750	0.04847	0.01186	0.02030	0.01368	0.05949	0.01028	0.01144	0.00879	0.00574	0.00451	0.00147	0.00712	0.00377	0.00313	0.03200
5	0.00854	0.00676	0.00765	0.00740	0.00928	0.00603	0.00552	0.01116	0.03487	0.02111	0.34062	0.05479	0.41139	0.03627	0.00832	0.00224	0.00331	0.01253	0.00642	0.00581
6	0.03946	0.02142	0.05800	0.01454	0.01820	0.33191	0.01193	0.11072	0.10603	0.04325	0.06099	0.02497	0.01757	0.00903	0.00654	0.00201	0.00846	0.10191	0.00485	0.00818
7	0.02223	0.05023	0.01934	0.01576	0.01930	0.33539	0.01254	0.25932	0.04548	0.02468	0.01219	0.01374	0.00966	0.00778	0.00835	0.00194	0.12386	0.00504	0.00442	0.00875
8	0.01137	0.00726	0.00840	0.00772	0.01018	0.00625	0.00593	0.01349	0.01621	0.13254	0.22539	0.05239	0.45038	0.01426	0.00745	0.00212	0.00357	0.01203	0.00659	0.00649
9	0.00798	0.00580	0.00755	0.00885	0.00946	0.00537	0.00606	0.00927	0.01285	0.01695	0.05798	0.65744	0.10702	0.01960	0.00820	0.00258	0.00376	0.04194	0.00603	0.00532
10	0.01478	0.01213	0.01457	0.01051	0.01620	0.00971	0.02685	0.06955	0.01490	0.04506	0.01227	0.01394	0.00989	0.00513	0.00504	0.00110	0.00515	0.00416	0.00414	0.70492
11	0.00784	0.00655	0.00684	0.00691	0.00897	0.00556	0.00521	0.00959	0.01488	0.01802	0.10437	0.08209	0.64394	0.01634	0.00770	0.00221	0.00337	0.03802	0.00607	0.00551
12	0.00940	0.00626	0.00705	0.00705	0.00705	0.00626	0.00392	0.00940	0.00940	0.01253	0.02036	0.04228	0.02349	0.77292	0.03289	0.00626	0.00626	0.00940	0.00392	0.00392
13	0.01326	0.03134	0.64834	0.01956	0.02872	0.01518	0.11290	0.02049	0.01385	0.02049	0.01179	0.01413	0.00840	0.00605	0.00633	0.00206	0.00972	0.00514	0.00280	0.00944
14	0.06955	0.01442	0.01634	0.01277	0.01760	0.03953	0.01047	0.29837	0.02260	0.37825	0.02039	0.03924	0.01400	0.00809	0.00637	0.00198	0.00627	0.00631	0.00696	0.01049
15	0.81856	0.01250	0.00950	0.00850	0.01250	0.01449	0.00700	0.01899	0.01100	0.02899	0.00900	0.01050	0.00700	0.00600	0.00400	0.00200	0.00500	0.00350	0.00400	0.00700
16	0.00940	0.00626	0.00705	0.00705	0.00705	0.00626	0.00392	0.00940	0.00940	0.01253	0.02036	0.04228	0.02349	0.77292	0.03289	0.00626	0.00626	0.00940	0.00392	0.00392
17	0.01661	0.01415	0.01492	0.01326	0.01701	0.01633	0.01036	0.07765	0.67675	0.02791	0.02561	0.02356	0.01916	0.00870	0.00657	0.00218	0.00524	0.00721	0.00657	0.01028
18	0.01727	0.77681	0.03386	0.01106	0.01658	0.02557	0.01106	0.01935	0.01313	0.01520	0.00898	0.01036	0.00829	0.00553	0.00415	0.00138	0.00691	0.00345	0.00276	0.00829
19	0.04762	0.03713	0.05512	0.01216	0.01680	0.06836	0.01030	0.14856	0.09244	0.19673	0.09880	0.02175	0.03544	0.00802	0.00618	0.00183	0.00603	0.00637	0.00589	0.12446
20	0.01966	0.22031	0.12042	0.01431	0.01935	0.25666	0.01306	0.16042	0.01849	0.02144	0.01527	0.01620	0.06356	0.00725	0.00570	0.00174	0.00858	0.00511	0.00394	0.00853
21	0.01727	0.77681	0.03386	0.01106	0.01658	0.02557	0.01106	0.01935	0.01313	0.01520	0.00898	0.01036	0.00829	0.00553	0.00415	0.00138	0.00691	0.00345	0.00276	0.00829
22	0.02068	0.15174	0.17294	0.01607	0.02111	0.45641	0.01465	0.04198	0.01681	0.01736	0.01031	0.01197	0.00836	0.00640	0.00564	0.00171	0.01032	0.00422	0.00319	0.00815
23	0.00914	0.00660	0.00864	0.00813	0.00965	0.00610	0.00610	0.01219	0.01829	0.02591	0.72921	0.04827	0.06097	0.01321	0.00762	0.00203	0.00305	0.01169	0.00711	0.00610
24	0.01599	0.01535	0.02623	0.03966	0.73262	0.01535	0.01983	0.01983	0.01471	0.02111	0.01215	0.01599	0.01023	0.00576	0.00640	0.00192	0.00768	0.00576	0.00320	0.01023
25	0.00780	0.00655	0.00677	0.00671	0.00882	0.00552	0.00503	0.00958	0.01510	0.01834	0.13531	0.06072	0.65959	0.01603	0.00763	0.00217	0.00325	0.01343	0.00612	0.00552
26	0.02750	0.01366	0.01589	0.01245	0.01730	0.06723	0.01016	0.13252	0.04559	0.55292	0.02286	0.02032	0.01480	0.00789	0.00644	0.00197	0.00619	0.00625	0.00736	0.01070
27	0.02784	0.01230	0.01574	0.01212	0.01711	0.01151	0.01000	0.14819	0.04188	0.59603	0.02380	0.02094	0.01525	0.00798	0.00649	0.00199	0.00576	0.00641	0.00769	0.01097
28	0.00914	0.00660	0.00864	0.00813	0.00965	0.00610	0.00610	0.01219	0.01829	0.02591	0.72921	0.04827	0.06097	0.01321	0.00762	0.00203	0.00305	0.01169	0.00711	0.00610
29	0.01543	0.01332	0.01400	0.01265	0.01619	0.01527	0.00982	0.03243	0.66739	0.02630	0.02927	0.02699	0.07358	0.00934	0.00666	0.00219	0.00497	0.00779	0.00653	0.00987
30	0.02876	0.01137	0.01522	0.01167	0.01668	0.01004	0.00964	0.06684	0.01911	0.70087	0.02497	0.02166	0.01573	0.00798	0.00650	0.00200	0.00558	0.00646	0.00792	0.01100
31	0.00940	0.00626	0.00705	0.00705	0.00705	0.00626	0.00392	0.00940	0.00940	0.01253	0.02036	0.04228	0.02349	0.77292	0.03289	0.00626	0.00626	0.00940	0.00392	0.00392
32	0.00914	0.00660	0.00864	0.00813	0.00965	0.00610	0.00610	0.01219	0.01829	0.02591	0.72921	0.04827	0.06097	0.01321	0.00762	0.00203	0.00305	0.01169	0.00711	0.00610
33	0.81856	0.01250	0.00950	0.00850	0.01250	0.01449	0.00700	0.01899	0.01100	0.02899	0.00900	0.01050	0.00700	0.00600	0.00400	0.00200	0.00500	0.00350	0.00400	0.00700
34	0.00923	0.00692	0.01038	0.01038	0.01154	0.00808	0.00808	0.01154	0.01038	0.01500	0.01731	0.02538	0.01615	0.04846	0.74732	0.01038	0.01731	0.00692	0.00346	0.00577
35	0.00940	0.00626	0.00705	0.00705	0.00705	0.00626	0.00392	0.00940	0.00940	0.01253	0.02036	0.04228	0.02349	0.77292	0.03289	0.00626	0.00626	0.00940	0.00392	0.00392
36	0.01599	0.01535	0.02623	0.03966	0.73262	0.01535	0.01983	0.01983	0.01471	0.02111	0.01215	0.01599	0.01023	0.00576	0.00640	0.00192	0.00768	0.00576	0.00320	0.01023
37	0.01551	0.01685	0.03486	0.02509	0.03127	0.01599	0.61525	0.07238	0.01637	0.02203	0.01631	0.01989	0.05188	0.00626	0.00754	0.00216	0.01016	0.00784	0.00367	0.00870
38	0.00787	0.00562	0.00750	0.00900	0.00937	0.00525	0.00600	0.00900	0.01237	0.01649	0.03561	0.76871	0.04274	0.02024	0.00825	0.00262	0.00375	0.01837	0.00600	0.00525
39	0.01463	0.01222	0.01406	0.01016	0.01584	0.00988	0.00817	0.09313	0.01528	0.02323	0.01193	0.01363	0.00973	0.00511	0.00497	0.00107	0.00504	0.00405	0.00412	0.72377
40	0.01599	0.01535	0.02623	0.03966	0.73262	0.01535	0.01983	0.01983	0.01471	0.02111	0.01215	0.01599	0.01023	0.00576	0.00640	0.00192	0.00768	0.00576	0.00320	0.01023
41	0.01969	0.01643	0.04371	0.01715	0.06196	0.07235	0.12870	0.24702	0.06431	0.10966	0.05812	0.02299	0.03757	0.00825	0.00677	0.00203	0.00740	0.03960	0.02691	0.00938
42	0.01706	0.02143	0.10574	0.01691	0.01918	0.23679	0.01468	0.01986	0.03766	0.01662	0.00993	0.01368	0.00879	0.00921	0.01428	0.00236	0.41996	0.00516	0.00310	0.00760
43	0.01122	0.00561	0.00842	0.00842	0.00842	0.00561	0.00561	0.00842	0.00842	0.01122	0.01122	0.01964	0.01122	0.02245	0.02525	0.81201	0.00561	0.00561	0.00281	0.00281
44	0.02563	0.01729	0.01821	0.01416	0.01915	0.07254	0.01160	0.48982	0.02650	0.21230	0.01758	0.01683	0.01203	0.00773	0.00642	0.00193	0.00705	0.00586	0.00661	0.01073
45	0.01703	0.01759	0.02606	0.03562	0.58370	0.11391	0.07111	0.02070	0.01524	0.02037	0.01193	0.01552	0.00994	0.00585	0.00641	0.00190	0.00846	0.00568	0.00322	0.00975
46	0.00780	0.00589	0.00722	0.00829	0.00919	0.00531	0.00569	0.00908	0.01305	0.01677	0.04418	0.56582	0.24009	0.01913	0.00807	0.00250	0.00361	0.01701	0.00600	0.00531
47	0.75771	0.01260	0.00988	0.00885	0.01282	0.01461	0.00724	0.02016	0.06483	0.02884	0.01031	0.01153	0.00796	0.00621	0.00419	0.00201	0.00501	0.00379	0.00419	0.00724
48	0.00921	0.00696	0.00864	0.00797	0.00993	0.00618	0.00601	0.01201	0.01732	0.02411	0.56260	0.04797	0.17015	0.01310	0.00741	0.00198	0.00322	0.01142	0.00668	0.06713
49	0.00787	0.00562	0.00750	0.00900	0.00937	0.00525	0.00600	0.00900	0.01237	0.01649	0.03561	0.76871	0.04274	0.02024	0.00825	0.00262	0.00375	0.01837	0.00600	0.00525
50	0.00787	0.00562	0.00750	0.00900	0.00937	0.00525	0.00600	0.00900	0.01237	0.01649	0.03561	0.76871	0.04274	0.02024	0.00825	0.00262	0.00375	0.01837	0.00600	0.00525
51	0.01340	0.01148	0.01340	0.00957	0.01531	0.00861	0.00766	0.01627	0.01340	0.02105	0.01148	0.01340	0.00957	0.00479	0.00479	0.00096	0.00479	0.00383	0.00383	0.81242
52	0.02456	0.01810	0.01939	0.01487	0.02004	0.02004	0.01228	0.71107	0.03038	0.04072	0.01551	0.01551	0.01099	0.00776	0.00646	0.00194	0.00711	0.00582	0.00646	0.01099
53	0.00787	0.00562	0.00750	0.00900	0.00937	0.00525	0.00600	0.00900	0.01237	0.01649	0.03561	0.76871	0.04274	0.02024	0.00825	0.00262	0.00375	0.01837	0.00600	0.00525
54	0.00803	0.00573	0.00767	0.00917	0.00961	0.00538	0.00626	0.00926	0.01252	0.01667	0.03553	0.72674	0.04240	0.02010	0.00829	0.00265	0.00388	0.05882	0.00599	0.00529
55	0.02414	0.03079	0.01831	0.01665	0.01998	0.74698	0.01248	0.02580	0.01831	0.01581	0.00999	0.01165	0.00832	0.00666	0.00583	0.00166	0.01165	0.00416	0.00333	0.00749
56	0.02456	0.01810	0.01939	0.01487	0.02004	0.02004	0.01228	0.71107	0.03038	0.04072	0.01551	0.01551	0.01099	0.00776	0.00646	0.00194	0.00711	0.00582	0.00646	0.01099
57	0.00787	0.00562	0.00750	0.00900	0.00937	0.00525	0.00600	0.00900	0.01237	0.01649	0.03561	0.76871	0.04274	0.02024	0.00825	0.00262	0.00375	0.01837	0.00600	0.00525
58	0.01340	0.01148	0.01340	0.00957	0.01531	0.00861	0.00766	0.01627	0.01340	0.02105	0.01148	0.01340	0.00957	0.00479	0.00479	0.00096	0.00479	0.00383	0.00383	0.81242
59	0.01691	0.01758	0.02378	0.14182	0.50164	0.14768	0.01822	0.02042	0.01510	0.01947	0.01166	0.01539	0.00965	0.00602	0.00630	0.00191	0.00853	0.00547	0.00317	0.00929
60	0.00940	0.00626	0.00705	0.00705	0.00705	0.00626	0.00392	0.00940	0.00940	0.01253	0.02036	0.04228	0.02349	0.77292	0.03289	0.00626	0.00626	0.00940	0.00392	0.00392
61	0.00787	0.00562	0.00750	0.00900	0.00937	0.00525	0.00600	0.00900	0.01237	0.01649	0.03561	0.76871	0.04274	0.02024	0.00825	0.00262	0.00375	0.01837	0.00600	0.00525
62	0.01757	0.68202	0.06895	0.01186	0.01743	0.07973	0.01182	0.01989	0.01355	0.01552	0.00919	0.01063	0.00829	0.00565	0.00438	0.00144	0.00741	0.00358	0.00280	0.00830
63	0.01727	0.77681	0.03386	0.01106	0.01658	0.02557	0.01106	0.01935	0.01313	0.01520	0.00898	0.01036	0.00829	0.00553	0.00415	0.00138	0.00691	0.00345	0.00276	0.00829
64	0.59310	0.01641	0.01211	0.01063	0.01462	0.14911	0.00853	0.09003	0.01429	0.02776	0.00984	0.01121	0.00764	0.00630	0.00458	0.00193	0.00643	0.00385	0.00412	0.00749
65	0.01599	0.01535	0.02623	0.03966	0.73262	0.01535	0.01983	0.01983	0.01471	0.02111	0.01215	0.01599	0.01023	0.00576	0.00640	0.00192	0.00768	0.00576	0.00320	0.01023
66	0.01714	0.75283	0.05662	0.01129	0.01695	0.02523	0.01147	0.01938	0.01315	0.01537	0.00907	0.01047	0.00829	0.00555	0.00421	0.00140	0.00700	0.00350	0.00276	0.00833
67	0.01604	0.56452	0.23535	0.01316	0.01983	0.02255	0.01472	0.01967	0.01328	0.01670	0.00973	0.01130	0.00826	0.00570	0.00472	0.00157	0.00766	0.00383	0.00275	0.00865
68	0.02899	0.01100	0.01499	0.01150	0.01649	0.00950	0.00950	0.03149	0.01849	0.73709	0.02549	0.02199	0.01599	0.00800	0.00650	0.00200	0.00550	0.00650	0.00800	0.01100
69	0.00787	0.00562	0.00750	0.00900	0.00937	0.00525	0.00600	0.00900	0.01237	0.01649	0.03561	0.76871	0.04274	0.02024	0.00825	0.00262	0.00375	0.01837	0.00600	0.00525
70	0.02762	0.01130	0.01495	0.01167	0.01653	0.01019	0.00957	0.03179	0.09310	0.66167	0.02558	0.02222	0.01639	0.00808	0.00651	0.00202	0.00546	0.00658	0.00785	0.01091
