[name]
unknown

[dist]
# distance from previous block
# <min> <max>
0	14

[block]
# block no. 0 follows, 32 sequences, length 62
# corresponding to MSA columns:
# 14-75
name=unknown_A
#
# <colnr> <probs for GDERKNQSTAVLIFYWHMCP>
#	G	D	E	R	K	N	Q	S	T	A	V	L	I	F	Y	W	H	M	C	P
0	0.01557	0.01519	0.10896	0.01298	0.01685	0.03189	0.01169	0.21773	0.01976	0.04119	0.04614	0.12056	0.15934	0.01288	0.00812	0.00235	0.03630	0.10846	0.00578	0.00825
1	0.01417	0.01134	0.01214	0.05358	0.01525	0.07043	0.00878	0.11203	0.05578	0.06056	0.09075	0.30254	0.11742	0.01431	0.00757	0.00230	0.00544	0.01236	0.00607	0.02720
2	0.35775	0.03512	0.01555	0.03987	0.05800	0.12154	0.01078	0.11534	0.07470	0.02715	0.01313	0.03905	0.01078	0.00761	0.00636	0.00209	0.04704	0.00526	0.00451	0.00837
3	0.01674	0.01979	0.11504	0.08044	0.02782	0.09676	0.27989	0.08785	0.04403	0.02222	0.01422	0.01860	0.01127	0.05063	0.00939	0.00241	0.04969	0.00671	0.03783	0.00868
4	0.11658	0.09071	0.10323	0.01859	0.06666	0.09994	0.10617	0.10979	0.04365	0.02342	0.01203	0.01467	0.00965	0.00757	0.00908	0.00216	0.14786	0.00547	0.00386	0.00889
5	0.01536	0.01111	0.03283	0.04028	0.03998	0.01006	0.03363	0.10557	0.01660	0.11518	0.02464	0.30658	0.02467	0.01234	0.00708	0.00212	0.00549	0.01089	0.03904	0.14655
6	0.01310	0.00794	0.01018	0.00933	0.01167	0.00731	0.00729	0.01653	0.04165	0.14211	0.44922	0.04848	0.12731	0.01343	0.00780	0.00221	0.00394	0.06596	0.00729	0.00724
7	0.02567	0.01853	0.01998	0.01531	0.02068	0.02042	0.01265	0.67643	0.03111	0.06643	0.01647	0.01635	0.01159	0.00806	0.00671	0.00202	0.00732	0.00607	0.00677	0.01141
8	0.01169	0.00585	0.00864	0.00864	0.00870	0.00585	0.00578	0.00903	0.00896	0.01221	0.01208	0.02059	0.01189	0.02266	0.02532	0.77116	0.00571	0.00585	0.03633	0.00305
9	0.02551	0.01879	0.02014	0.01544	0.02081	0.02081	0.01275	0.69996	0.03155	0.04229	0.01611	0.01611	0.01141	0.00805	0.00671	0.00201	0.00738	0.00604	0.00671	0.01141
10	0.01719	0.01717	0.02628	0.06407	0.63869	0.07740	0.01987	0.02100	0.01553	0.02128	0.01240	0.01627	0.01040	0.00608	0.00659	0.00198	0.00836	0.00584	0.00332	0.01027
11	0.01712	0.01568	0.01441	0.01296	0.01640	0.11992	0.01000	0.08913	0.39974	0.02590	0.02847	0.05753	0.09721	0.01000	0.00677	0.00215	0.00609	0.00811	0.05318	0.00925
12	0.81159	0.01298	0.00986	0.00882	0.01298	0.01505	0.00727	0.01972	0.01142	0.03010	0.00934	0.01090	0.00727	0.00623	0.00415	0.00208	0.00519	0.00363	0.00415	0.00727
13	0.00831	0.00626	0.00771	0.00868	0.00974	0.00567	0.00611	0.00985	0.01408	0.01822	0.09357	0.48368	0.23752	0.01926	0.00837	0.00257	0.00380	0.04469	0.00631	0.00560
14	0.00795	0.00670	0.00690	0.00705	0.00913	0.00564	0.00521	0.00960	0.01505	0.01803	0.06485	0.13471	0.65149	0.01740	0.00799	0.00231	0.00345	0.01466	0.00623	0.00564
15	0.09987	0.01139	0.01481	0.01152	0.01648	0.01020	0.00949	0.03077	0.01849	0.63754	0.05116	0.02279	0.01754	0.00832	0.00656	0.00208	0.00557	0.00667	0.00790	0.01085
16	0.00959	0.00719	0.01078	0.01078	0.01198	0.00839	0.00839	0.01198	0.01078	0.01558	0.01797	0.02636	0.01677	0.05032	0.73760	0.01078	0.01797	0.00719	0.00359	0.00599
17	0.30180	0.01327	0.01361	0.01112	0.01541	0.01412	0.00906	0.21064	0.01963	0.13743	0.13623	0.02104	0.01961	0.00829	0.00594	0.00202	0.00552	0.00626	0.00604	0.04294
18	0.01789	0.70440	0.07483	0.01209	0.01801	0.04658	0.01229	0.02035	0.01382	0.01612	0.00952	0.01100	0.00861	0.00581	0.00448	0.00148	0.00748	0.00369	0.00289	0.00866
19	0.02173	0.02000	0.04529	0.05919	0.04786	0.17015	0.01289	0.29713	0.08508	0.05676	0.01559	0.01713	0.01187	0.03296	0.00735	0.00206	0.00811	0.00574	0.00527	0.07785
20	0.01742	0.02187	0.19618	0.02411	0.16851	0.05542	0.15931	0.13981	0.05939	0.02526	0.03515	0.01745	0.01217	0.00701	0.00733	0.00212	0.03114	0.00633	0.00413	0.00988
21	0.02394	0.06249	0.02081	0.05749	0.02192	0.02063	0.01293	0.59196	0.05840	0.03866	0.01594	0.01628	0.01149	0.00788	0.00657	0.00200	0.00737	0.00596	0.00627	0.01098
22	0.01769	0.09965	0.01971	0.01426	0.03895	0.01542	0.06718	0.11427	0.21180	0.07419	0.02097	0.02100	0.05537	0.00765	0.00624	0.00182	0.00621	0.00639	0.00538	0.19585
23	0.01647	0.30591	0.17300	0.05941	0.06074	0.10897	0.01535	0.01995	0.01395	0.01744	0.01111	0.01413	0.00949	0.01066	0.07381	0.00267	0.07065	0.00476	0.00304	0.00848
24	0.33577	0.01383	0.01408	0.01138	0.01600	0.01481	0.00936	0.21596	0.01934	0.21744	0.01652	0.01635	0.01149	0.00739	0.00560	0.00203	0.00583	0.00529	0.05208	0.00948
25	0.02506	0.03198	0.01901	0.01729	0.02074	0.73725	0.01296	0.02679	0.01901	0.01642	0.01037	0.01210	0.00864	0.00691	0.00605	0.00173	0.01210	0.00432	0.00346	0.00778
26	0.00819	0.00596	0.00767	0.00903	0.00960	0.00550	0.00606	0.00938	0.01302	0.01713	0.03981	0.66973	0.11408	0.03908	0.00913	0.00277	0.00391	0.01833	0.00618	0.00544
27	0.01394	0.00813	0.00878	0.02985	0.01092	0.00848	0.00637	0.10474	0.01652	0.02685	0.06189	0.02517	0.01891	0.00950	0.02824	0.00196	0.00433	0.00659	0.60187	0.00696
28	0.00824	0.00668	0.00733	0.00758	0.00945	0.00577	0.00562	0.01005	0.01527	0.01892	0.12675	0.17603	0.51900	0.01738	0.00808	0.00236	0.00356	0.03988	0.00634	0.00572
29	0.01702	0.01458	0.01536	0.01372	0.01757	0.01684	0.01070	0.06067	0.68465	0.02860	0.02689	0.02470	0.02014	0.00906	0.00682	0.00227	0.00539	0.00753	0.00682	0.01065
30	0.00948	0.00639	0.00740	0.00767	0.00773	0.00632	0.00444	0.00969	0.01029	0.01372	0.02387	0.16733	0.02784	0.63607	0.02974	0.00585	0.00605	0.01136	0.00444	0.00430
31	0.00832	0.00594	0.00795	0.00951	0.00996	0.00557	0.00648	0.00959	0.01299	0.01729	0.03690	0.72295	0.04407	0.02089	0.00860	0.00274	0.00402	0.05454	0.00623	0.00549
32	0.01346	0.03471	0.72942	0.01912	0.02904	0.01558	0.02479	0.02125	0.01417	0.02125	0.01204	0.01417	0.00850	0.00637	0.00637	0.00212	0.00992	0.00496	0.00283	0.00992
33	0.01729	0.01492	0.01508	0.01336	0.01703	0.05609	0.01041	0.10153	0.51771	0.02871	0.09012	0.02574	0.02282	0.00927	0.00682	0.00218	0.00565	0.00764	0.02761	0.01003
34	0.00863	0.00682	0.00777	0.00754	0.00950	0.00596	0.00565	0.01099	0.01696	0.02207	0.36044	0.05808	0.42468	0.01552	0.00792	0.00220	0.00329	0.01325	0.00675	0.00596
35	0.02506	0.03198	0.01901	0.01729	0.02074	0.73725	0.01296	0.02679	0.01901	0.01642	0.01037	0.01210	0.00864	0.00691	0.00605	0.00173	0.01210	0.00432	0.00346	0.00778
36	0.81159	0.01298	0.00986	0.00882	0.01298	0.01505	0.00727	0.01972	0.01142	0.03010	0.00934	0.01090	0.00727	0.00623	0.00415	0.00208	0.00519	0.00363	0.00415	0.00727
37	0.01558	0.03641	0.01423	0.01198	0.01552	0.01434	0.00943	0.13262	0.37009	0.02751	0.08288	0.05505	0.16381	0.01112	0.00708	0.00221	0.00511	0.00922	0.00659	0.00922
38	0.02475	0.03131	0.01887	0.01715	0.02062	0.70995	0.01288	0.02713	0.04521	0.01686	0.01101	0.01259	0.00909	0.00700	0.00608	0.00175	0.01184	0.00445	0.00358	0.00789
39	0.01162	0.00589	0.00871	0.00871	0.00881	0.00592	0.00587	0.00910	0.00901	0.01228	0.01224	0.02076	0.01202	0.02358	0.04777	0.74957	0.00611	0.00589	0.03301	0.00314
40	0.01330	0.01257	0.02126	0.63525	0.15411	0.01507	0.01895	0.01769	0.01371	0.01791	0.01204	0.01768	0.00921	0.00659	0.00670	0.00220	0.00879	0.00597	0.00304	0.00796
41	0.00943	0.00637	0.00741	0.00774	0.00782	0.00629	0.00451	0.00967	0.01039	0.01386	0.02441	0.19150	0.02851	0.61098	0.02888	0.00573	0.00597	0.01168	0.00451	0.00435
42	0.01427	0.01412	0.02047	0.16645	0.02344	0.01940	0.01549	0.01635	0.01092	0.01635	0.00944	0.01533	0.00884	0.01072	0.01890	0.00279	0.60052	0.00589	0.00295	0.00736
43	0.01446	0.05677	0.03772	0.05564	0.04847	0.01162	0.01011	0.01933	0.08632	0.02186	0.01341	0.01525	0.01089	0.00563	0.00534	0.00130	0.00564	0.00456	0.00409	0.57159
44	0.01527	0.01224	0.01392	0.01034	0.01566	0.01035	0.00829	0.11853	0.01671	0.02519	0.03071	0.01730	0.03065	0.00618	0.00535	0.00125	0.00510	0.00492	0.07001	0.58205
45	0.01610	0.01543	0.02930	0.07207	0.26417	0.01523	0.30066	0.02102	0.03590	0.06036	0.01473	0.01888	0.01159	0.01057	0.08065	0.00302	0.01022	0.00700	0.00374	0.00936
46	0.04023	0.01494	0.02362	0.32019	0.32995	0.04659	0.04707	0.01923	0.01431	0.01968	0.01196	0.01670	0.00964	0.00664	0.00751	0.00215	0.05161	0.00590	0.00320	0.00887
47	0.00959	0.00719	0.01078	0.01078	0.01198	0.00839	0.00839	0.01198	0.01078	0.01558	0.01797	0.02636	0.01677	0.05032	0.73760	0.01078	0.01797	0.00719	0.00359	0.00599
48	0.01431	0.00893	0.01073	0.00969	0.01234	0.00858	0.00744	0.04689	0.10104	0.14799	0.27193	0.11420	0.16890	0.01315	0.00750	0.00219	0.00416	0.01129	0.03099	0.00774
49	0.00798	0.00660	0.00700	0.00731	0.00920	0.00562	0.00533	0.00957	0.01480	0.01792	0.06168	0.20576	0.58248	0.01781	0.00806	0.00236	0.00350	0.01516	0.00623	0.00562
50	0.01487	0.01427	0.01967	0.01689	0.01731	0.01950	0.01401	0.05619	0.01158	0.01764	0.01004	0.01579	0.00966	0.01491	0.08383	0.00357	0.64359	0.00600	0.00322	0.00746
51	0.01454	0.01291	0.01420	0.01046	0.01619	0.03987	0.00831	0.01839	0.05439	0.02200	0.01275	0.01448	0.01049	0.00529	0.00512	0.00110	0.00529	0.00420	0.00412	0.72589
52	0.01632	0.01841	0.06007	0.02372	0.02848	0.04825	0.41024	0.05674	0.01516	0.02087	0.01215	0.01661	0.00972	0.00760	0.01174	0.00241	0.22247	0.00696	0.00342	0.00867
53	0.00878	0.00638	0.00841	0.00981	0.01065	0.00601	0.00720	0.01045	0.01370	0.01792	0.03960	0.53163	0.10749	0.02005	0.00867	0.00277	0.00439	0.17425	0.00622	0.00564
54	0.01331	0.01168	0.01632	0.01464	0.01513	0.01531	0.01184	0.01492	0.01111	0.04199	0.01551	0.09244	0.01597	0.06379	0.14185	0.00443	0.45448	0.03469	0.00376	0.00684
55	0.01433	0.16147	0.58100	0.01817	0.02723	0.01754	0.04962	0.02106	0.01414	0.02031	0.01163	0.01373	0.00859	0.00624	0.00608	0.00201	0.00950	0.00484	0.00286	0.00965
56	0.01616	0.14152	0.04848	0.01275	0.01700	0.03419	0.05072	0.11938	0.14970	0.04712	0.14227	0.02902	0.10464	0.02558	0.00724	0.00209	0.00609	0.00797	0.00561	0.03248
57	0.04605	0.01579	0.02350	0.01734	0.02306	0.05624	0.25184	0.09757	0.01715	0.05823	0.01675	0.01879	0.05138	0.00658	0.00650	0.00177	0.00785	0.00633	0.00440	0.27289
58	0.01875	0.03634	0.01695	0.01475	0.04720	0.14529	0.03220	0.17124	0.10246	0.06548	0.01961	0.06613	0.03311	0.08030	0.08507	0.00331	0.00865	0.00730	0.00517	0.04068
59	0.02077	0.01635	0.01798	0.01582	0.06364	0.07299	0.02610	0.28101	0.13425	0.09379	0.06528	0.03743	0.03564	0.00878	0.00721	0.00204	0.02917	0.00702	0.00607	0.05867
60	0.08322	0.02120	0.10603	0.01483	0.01934	0.22359	0.03657	0.07556	0.11008	0.08085	0.05482	0.02010	0.03518	0.03178	0.00769	0.00215	0.03037	0.00615	0.00484	0.03566
61	0.17190	0.04110	0.06755	0.01422	0.03693	0.13555	0.01179	0.26570	0.03592	0.04436	0.01967	0.02004	0.09093	0.00832	0.00616	0.00200	0.00740	0.00612	0.00519	0.00914

[dist]
# distance from previous block
# <min> <max>
0	62

[block]
# block no. 1 follows, 32 sequences, length 76
# corresponding to MSA columns:
# 140-215
name=unknown_B
#
# <colnr> <probs for GDERKNQSTAVLIFYWHMCP>
#	G	D	E	R	K	N	Q	S	T	A	V	L	I	F	Y	W	H	M	C	P
0	0.12255	0.06585	0.03451	0.01648	0.08198	0.23683	0.01224	0.15781	0.05985	0.07655	0.04775	0.01742	0.02673	0.00762	0.00611	0.00193	0.00813	0.00561	0.00491	0.00911
1	0.14951	0.01627	0.02105	0.05796	0.27590	0.07278	0.05855	0.11122	0.03433	0.02571	0.04898	0.01713	0.01281	0.00679	0.00623	0.00196	0.00750	0.00581	0.00425	0.06526
2	0.16597	0.01506	0.01955	0.02213	0.24402	0.01650	0.01391	0.12846	0.06962	0.05816	0.01372	0.01593	0.01084	0.00745	0.00830	0.00210	0.11338	0.00556	0.00449	0.06485
3	0.05549	0.01722	0.01916	0.01519	0.02014	0.11458	0.09363	0.14966	0.17099	0.11559	0.01776	0.01800	0.01309	0.00726	0.00639	0.00190	0.00734	0.00600	0.00551	0.14511
4	0.05617	0.01383	0.01797	0.01428	0.01810	0.04864	0.10555	0.05785	0.06698	0.03721	0.09832	0.02245	0.05003	0.00859	0.00902	0.00197	0.13225	0.00678	0.03127	0.20273
5	0.03321	0.01686	0.02616	0.07164	0.13164	0.09941	0.25625	0.03302	0.01510	0.02012	0.01528	0.06978	0.02825	0.00927	0.02961	0.00246	0.09578	0.00748	0.00368	0.03500
6	0.01165	0.00821	0.00903	0.00866	0.00960	0.00863	0.00559	0.04527	0.11714	0.01766	0.02260	0.06987	0.02357	0.52833	0.02552	0.00514	0.00600	0.00942	0.06251	0.00561
7	0.01011	0.00710	0.00828	0.00806	0.00806	0.00752	0.00484	0.01022	0.00980	0.01324	0.02025	0.04179	0.02326	0.70964	0.03327	0.00625	0.06055	0.00948	0.00398	0.00430
8	0.01282	0.01234	0.01277	0.01232	0.01391	0.15202	0.00952	0.01505	0.01238	0.01576	0.01614	0.02312	0.01488	0.04035	0.56705	0.00871	0.04435	0.00658	0.00354	0.00639
9	0.02042	0.23638	0.04623	0.01444	0.01885	0.34677	0.01213	0.06328	0.01694	0.01828	0.01131	0.01351	0.00966	0.01058	0.07443	0.00248	0.01038	0.00448	0.00352	0.06595
10	0.00809	0.00656	0.00718	0.00755	0.00929	0.00565	0.00546	0.00975	0.01490	0.01842	0.10073	0.23992	0.50748	0.01781	0.00809	0.00237	0.00351	0.01528	0.00630	0.00565
11	0.02143	0.09420	0.02126	0.13238	0.04402	0.05434	0.01355	0.39583	0.10169	0.03216	0.01563	0.01667	0.01159	0.00761	0.00645	0.00201	0.00762	0.00587	0.00549	0.01021
12	0.05116	0.01734	0.01847	0.01438	0.01916	0.01915	0.01168	0.60598	0.02863	0.03888	0.01639	0.01876	0.01259	0.08511	0.00942	0.00247	0.00722	0.00634	0.00635	0.01052
13	0.00887	0.00682	0.00815	0.00813	0.00989	0.00610	0.00615	0.01131	0.01683	0.02224	0.36385	0.10909	0.31992	0.01588	0.00806	0.00229	0.00352	0.06013	0.00676	0.00599
14	0.01390	0.01337	0.01936	0.01871	0.08841	0.01775	0.01408	0.01580	0.01088	0.01663	0.01096	0.01712	0.01052	0.01856	0.15780	0.00435	0.53516	0.00614	0.00310	0.00742
15	0.01166	0.00583	0.00874	0.00874	0.00874	0.00583	0.00583	0.00874	0.00874	0.01166	0.01166	0.02040	0.01166	0.02331	0.02622	0.80478	0.00583	0.00583	0.00291	0.00291
16	0.02477	0.06434	0.01982	0.01690	0.02059	0.65572	0.01288	0.07292	0.01964	0.01818	0.01072	0.01232	0.00883	0.00694	0.00602	0.00174	0.01155	0.00441	0.00366	0.00807
17	0.02473	0.06621	0.01977	0.01702	0.02058	0.70421	0.01290	0.02648	0.01876	0.01639	0.01032	0.01204	0.00864	0.00686	0.00597	0.00171	0.01187	0.00429	0.00343	0.00782
18	0.01329	0.00810	0.01062	0.00996	0.01104	0.00854	0.00714	0.08240	0.07798	0.01762	0.06514	0.02283	0.01644	0.02097	0.05415	0.55200	0.00631	0.00654	0.00403	0.00490
19	0.12876	0.01080	0.01186	0.01039	0.01232	0.01194	0.00759	0.14498	0.01485	0.06223	0.01819	0.05475	0.01825	0.37175	0.02103	0.00429	0.07655	0.00796	0.00479	0.00670
20	0.06590	0.01774	0.01632	0.01395	0.01771	0.14704	0.01091	0.34140	0.07328	0.03042	0.02000	0.17646	0.01845	0.01062	0.00685	0.00214	0.00721	0.00852	0.00588	0.00917
21	0.00947	0.00775	0.00899	0.01012	0.01066	0.04792	0.00694	0.01066	0.01301	0.01694	0.03380	0.66577	0.04024	0.03816	0.00966	0.00277	0.03823	0.01741	0.00587	0.00563
22	0.13509	0.01504	0.01424	0.01121	0.01630	0.11145	0.00889	0.04285	0.04671	0.07431	0.01450	0.01560	0.02664	0.00623	0.00534	0.00145	0.00610	0.00464	0.00451	0.43889
23	0.81159	0.01298	0.00986	0.00882	0.01298	0.01505	0.00727	0.01972	0.01142	0.03010	0.00934	0.01090	0.00727	0.00623	0.00415	0.00208	0.00519	0.00363	0.00415	0.00727
24	0.01651	0.53468	0.25621	0.01391	0.02098	0.02306	0.01572	0.02046	0.01380	0.01753	0.01019	0.01185	0.00858	0.00594	0.00496	0.00165	0.00805	0.00402	0.00286	0.00903
25	0.01079	0.00865	0.01400	0.01375	0.01571	0.00839	0.10533	0.01371	0.01479	0.01947	0.03286	0.25456	0.03623	0.01742	0.00889	0.00287	0.00627	0.40411	0.00580	0.00638
26	0.00818	0.00584	0.00779	0.00934	0.00973	0.00545	0.00623	0.00934	0.01285	0.01713	0.03698	0.75981	0.04438	0.02102	0.00856	0.00273	0.00389	0.01908	0.00623	0.00545
27	0.02948	0.01156	0.01555	0.01202	0.01714	0.01018	0.00990	0.03284	0.05133	0.69449	0.02651	0.02294	0.01679	0.00834	0.00675	0.00209	0.00569	0.00679	0.00824	0.01138
28	0.00920	0.00676	0.00862	0.00835	0.00989	0.00618	0.00619	0.01202	0.01802	0.02504	0.58448	0.11852	0.13222	0.01476	0.00798	0.00218	0.00326	0.01301	0.00715	0.00618
29	0.01357	0.00756	0.00777	0.00729	0.00910	0.00776	0.00545	0.08488	0.01545	0.02565	0.02123	0.02589	0.01729	0.07908	0.00767	0.00207	0.00388	0.00656	0.64528	0.00657
30	0.01794	0.76823	0.03516	0.01148	0.01722	0.02655	0.01148	0.02009	0.01363	0.01579	0.00933	0.01076	0.00861	0.00574	0.00431	0.00144	0.00718	0.00359	0.00287	0.00861
31	0.01548	0.13318	0.51119	0.01836	0.02701	0.01773	0.07053	0.09033	0.01599	0.02266	0.01219	0.01418	0.00893	0.00641	0.00624	0.00203	0.00938	0.00509	0.00327	0.00983
32	0.01021	0.00728	0.00962	0.01108	0.06172	0.00666	0.00724	0.01212	0.01498	0.05988	0.15760	0.38823	0.19392	0.01706	0.00807	0.00243	0.00406	0.01515	0.00633	0.00636
33	0.81159	0.01298	0.00986	0.00882	0.01298	0.01505	0.00727	0.01972	0.01142	0.03010	0.00934	0.01090	0.00727	0.00623	0.00415	0.00208	0.00519	0.00363	0.00415	0.00727
34	0.02506	0.03198	0.01901	0.01729	0.02074	0.73725	0.01296	0.02679	0.01901	0.01642	0.01037	0.01210	0.00864	0.00691	0.00605	0.00173	0.01210	0.00432	0.00346	0.00778
35	0.00969	0.00693	0.00948	0.01079	0.01191	0.00672	0.00860	0.01208	0.01492	0.01981	0.11736	0.32337	0.04367	0.01887	0.00885	0.00284	0.00498	0.35685	0.00634	0.00593
36	0.01719	0.01466	0.01546	0.01376	0.01764	0.01692	0.01074	0.07357	0.67148	0.02888	0.02667	0.02452	0.01996	0.00904	0.00682	0.00226	0.00543	0.00750	0.00682	0.01067
37	0.01006	0.00732	0.00961	0.01038	0.01191	0.00705	0.00856	0.01275	0.01580	0.02081	0.18961	0.06624	0.13522	0.07132	0.01059	0.00301	0.00516	0.39232	0.00630	0.00599
38	0.01063	0.00673	0.00890	0.00973	0.01092	0.00622	0.00707	0.01233	0.01430	0.08499	0.07697	0.51305	0.09107	0.01880	0.00840	0.00264	0.00428	0.10032	0.00648	0.00617
39	0.01525	0.00994	0.01068	0.00941	0.01252	0.04162	0.00734	0.05050	0.04818	0.18339	0.14226	0.04650	0.36940	0.01330	0.00746	0.00216	0.00457	0.01105	0.00679	0.00767
40	0.02567	0.01241	0.01549	0.01245	0.01706	0.01200	0.01007	0.12741	0.11588	0.46944	0.02601	0.08667	0.01882	0.00949	0.00691	0.00215	0.00574	0.00784	0.00769	0.01079
41	0.73141	0.01357	0.01091	0.00950	0.01378	0.01564	0.00783	0.08910	0.01347	0.03135	0.01003	0.01143	0.00769	0.00641	0.00441	0.00207	0.00541	0.00388	0.00441	0.00769
42	0.01463	0.01605	0.03353	0.02472	0.03007	0.01553	0.54661	0.01932	0.01499	0.02046	0.01667	0.12702	0.01511	0.00836	0.00904	0.00238	0.06391	0.00941	0.00378	0.00840
43	0.20425	0.01708	0.01712	0.08125	0.02100	0.09088	0.03529	0.22767	0.18652	0.03038	0.01617	0.01687	0.01208	0.00756	0.00612	0.00209	0.00714	0.00574	0.00536	0.00944
44	0.01460	0.05018	0.05009	0.04313	0.01653	0.00966	0.00941	0.01736	0.01438	0.11144	0.02087	0.20008	0.02033	0.01012	0.00639	0.00179	0.00540	0.03856	0.00503	0.35468
45	0.01689	0.16204	0.43017	0.01766	0.02552	0.11345	0.05982	0.02245	0.01510	0.05993	0.01225	0.01402	0.00910	0.00640	0.00608	0.00196	0.00956	0.00491	0.00327	0.00943
46	0.73837	0.01288	0.01080	0.07657	0.01602	0.01504	0.00831	0.01949	0.01160	0.02892	0.00958	0.01154	0.00742	0.00627	0.00439	0.00209	0.00553	0.00385	0.00405	0.00728
47	0.02176	0.01601	0.01529	0.01229	0.01696	0.16716	0.00973	0.07295	0.01833	0.24875	0.05429	0.02163	0.06131	0.00790	0.00624	0.00171	0.00673	0.00616	0.00577	0.22902
48	0.21257	0.01525	0.01488	0.01265	0.01678	0.04154	0.01011	0.21796	0.26287	0.03209	0.07968	0.02080	0.01803	0.00843	0.00621	0.00212	0.00592	0.00647	0.00607	0.00955
49	0.01763	0.01420	0.01520	0.01353	0.01743	0.01621	0.01057	0.03545	0.66170	0.07714	0.02725	0.02488	0.02021	0.00905	0.00682	0.00226	0.00534	0.00753	0.00693	0.01068
50	0.00904	0.00666	0.00873	0.00927	0.01021	0.00677	0.00668	0.01060	0.01217	0.01624	0.03258	0.24918	0.13296	0.15816	0.25184	0.00597	0.00902	0.05347	0.00499	0.00547
51	0.01629	0.48807	0.26835	0.01432	0.02122	0.02259	0.01610	0.02031	0.01367	0.01764	0.01022	0.01208	0.00858	0.00622	0.00578	0.00173	0.04081	0.00415	0.00286	0.00899
52	0.01800	0.01785	0.02383	0.17780	0.40803	0.12533	0.01824	0.09013	0.01713	0.02220	0.01250	0.01613	0.01007	0.00648	0.00657	0.00200	0.00873	0.00573	0.00362	0.00964
53	0.00829	0.00592	0.00792	0.00948	0.00992	0.00555	0.00643	0.00954	0.01296	0.01726	0.03692	0.72976	0.04413	0.02091	0.00860	0.00274	0.00399	0.04798	0.00623	0.00548
54	0.01861	0.01426	0.01555	0.01327	0.01722	0.01586	0.01050	0.19484	0.40837	0.07127	0.12089	0.02622	0.02401	0.00944	0.00695	0.00218	0.00554	0.00779	0.00696	0.01026
55	0.01011	0.00730	0.00986	0.01064	0.01218	0.00705	0.00882	0.01307	0.01651	0.02214	0.26601	0.09840	0.07993	0.01696	0.00872	0.00270	0.00493	0.39192	0.00659	0.00617
56	0.00849	0.00609	0.00807	0.00912	0.00980	0.00566	0.00625	0.01015	0.01433	0.01950	0.20200	0.58805	0.04896	0.01925	0.00841	0.00258	0.00372	0.01740	0.00651	0.00566
57	0.00976	0.00651	0.00732	0.00732	0.00732	0.00651	0.00407	0.00976	0.00976	0.01301	0.02114	0.04391	0.02439	0.76419	0.03415	0.00651	0.00651	0.00976	0.00407	0.00407
58	0.01584	0.01810	0.03959	0.02828	0.03507	0.01697	0.69796	0.02149	0.01584	0.02149	0.01357	0.01810	0.01018	0.00566	0.00792	0.00226	0.01131	0.00792	0.00339	0.00905
59	0.01794	0.76823	0.03516	0.01148	0.01722	0.02655	0.01148	0.02009	0.01363	0.01579	0.00933	0.01076	0.00861	0.00574	0.00431	0.00144	0.00718	0.00359	0.00287	0.00861
60	0.02360	0.02891	0.01834	0.01665	0.02017	0.61152	0.01256	0.02834	0.13962	0.01845	0.01333	0.01436	0.01071	0.00730	0.00619	0.00182	0.01092	0.00489	0.00405	0.00827
61	0.13045	0.00777	0.00860	0.00812	0.01025	0.00750	0.00619	0.01303	0.01699	0.02535	0.46017	0.04755	0.20743	0.01335	0.00735	0.00214	0.00353	0.01132	0.00663	0.00632
62	0.00961	0.00709	0.01030	0.01030	0.01133	0.00812	0.00778	0.01167	0.01064	0.01522	0.01841	0.02881	0.01784	0.14991	0.63946	0.01019	0.01637	0.00755	0.00366	0.00572
63	0.01661	0.01594	0.02724	0.04119	0.72233	0.01594	0.02059	0.02059	0.01528	0.02192	0.01262	0.01661	0.01063	0.00598	0.00664	0.00199	0.00797	0.00598	0.00332	0.01063
64	0.00844	0.00689	0.00752	0.00769	0.00975	0.00597	0.00593	0.01044	0.01563	0.01923	0.12969	0.08234	0.55424	0.01695	0.00810	0.00236	0.00372	0.09297	0.00634	0.00579
65	0.01457	0.01335	0.01820	0.01576	0.01654	0.01774	0.01296	0.08162	0.01244	0.01850	0.01169	0.01787	0.01105	0.03512	0.17016	0.00456	0.51079	0.00624	0.00346	0.00739
66	0.02514	0.02978	0.01920	0.01698	0.02075	0.61784	0.01293	0.13900	0.02110	0.02073	0.01133	0.01277	0.00910	0.00710	0.00616	0.00178	0.01131	0.00461	0.00400	0.00838
67	0.01576	0.01691	0.02999	0.04256	0.11817	0.04212	0.32497	0.01953	0.01381	0.01935	0.01159	0.01647	0.00966	0.00796	0.01274	0.00245	0.27743	0.00676	0.00321	0.00856
68	0.01033	0.00711	0.00898	0.00893	0.01055	0.00651	0.00666	0.01257	0.01586	0.05409	0.29885	0.17906	0.14042	0.09205	0.01072	0.00277	0.00420	0.09116	0.00647	0.03273
69	0.01272	0.00770	0.01036	0.01076	0.01266	0.00724	0.00873	0.01527	0.01596	0.12357	0.13132	0.19906	0.08919	0.01676	0.00848	0.00267	0.00504	0.30904	0.00667	0.00678
70	0.01455	0.01294	0.01687	0.01239	0.01779	0.01119	0.06435	0.04087	0.01431	0.02196	0.01189	0.01440	0.00989	0.00582	0.00701	0.00133	0.08175	0.00456	0.00392	0.63221
71	0.00824	0.00588	0.00786	0.00941	0.00983	0.00550	0.00634	0.00945	0.01291	0.01720	0.03695	0.74380	0.04424	0.02096	0.00858	0.00273	0.00395	0.03447	0.00623	0.00547
72	0.01631	0.07254	0.11669	0.05026	0.11044	0.08220	0.09623	0.08101	0.07003	0.03766	0.11864	0.06368	0.02043	0.00869	0.00721	0.00209	0.02481	0.00754	0.00465	0.00888
73	0.01495	0.01937	0.21258	0.01476	0.02171	0.01281	0.07690	0.06763	0.05838	0.02348	0.01335	0.01521	0.01032	0.00589	0.00586	0.00157	0.00710	0.00498	0.00398	0.40916
74	0.01583	0.01236	0.04347	0.01208	0.03071	0.02701	0.02347	0.14109	0.09542	0.09337	0.27198	0.03548	0.11127	0.01100	0.00719	0.00209	0.00517	0.00931	0.04327	0.00844
75	0.02061	0.08820	0.01980	0.08199	0.03785	0.18434	0.01248	0.23857	0.10723	0.02713	0.05046	0.01754	0.01393	0.00761	0.00629	0.00188	0.00797	0.00577	0.00504	0.06531

[dist]
# distance from previous block
# <min> <max>
0	12

[block]
# block no. 2 follows, 32 sequences, length 42
# corresponding to MSA columns:
# 228-269
name=unknown_C
#
# <colnr> <probs for GDERKNQSTAVLIFYWHMCP>
#	G	D	E	R	K	N	Q	S	T	A	V	L	I	F	Y	W	H	M	C	P
0	0.05281	0.11615	0.03419	0.01518	0.10241	0.01430	0.03073	0.11270	0.05358	0.12058	0.02391	0.02603	0.11470	0.07976	0.00892	0.00234	0.00631	0.00715	0.00516	0.07306
1	0.15196	0.10960	0.01820	0.04327	0.06813	0.08523	0.02579	0.09557	0.09356	0.04084	0.05259	0.03625	0.05673	0.00801	0.00595	0.00190	0.00660	0.00625	0.00479	0.08880
2	0.06172	0.03135	0.06710	0.01696	0.12536	0.01409	0.01243	0.17481	0.08013	0.02719	0.04897	0.07502	0.01842	0.00913	0.00657	0.00201	0.00633	0.06471	0.02349	0.13420
3	0.01714	0.01700	0.02500	0.08153	0.55976	0.08673	0.01892	0.03585	0.03012	0.02151	0.01345	0.03809	0.01153	0.00667	0.00665	0.00201	0.00825	0.00623	0.00354	0.01001
4	0.00875	0.00656	0.00775	0.00817	0.00958	0.00588	0.00583	0.01054	0.01468	0.01939	0.15752	0.30849	0.27494	0.05327	0.00924	0.00257	0.00377	0.02945	0.04091	0.02272
5	0.08957	0.05916	0.44068	0.01593	0.02336	0.01549	0.01847	0.05867	0.09219	0.02431	0.08492	0.01864	0.01540	0.00747	0.00630	0.00210	0.00802	0.00585	0.00407	0.00941
6	0.01435	0.01305	0.02097	0.59470	0.12439	0.01559	0.01831	0.08198	0.01535	0.02009	0.01240	0.01757	0.00938	0.00675	0.00670	0.00219	0.00868	0.00597	0.00337	0.00821
7	0.01759	0.01626	0.02645	0.03834	0.64485	0.01648	0.01973	0.09563	0.01708	0.02417	0.01301	0.01655	0.01071	0.00621	0.00665	0.00200	0.00791	0.00599	0.00370	0.01071
8	0.04567	0.01734	0.11316	0.07031	0.05652	0.01541	0.22624	0.05270	0.01473	0.02154	0.01347	0.05629	0.01146	0.00765	0.00914	0.00215	0.12378	0.00675	0.00366	0.13204
9	0.01744	0.01436	0.01526	0.01328	0.01716	0.01622	0.01045	0.16048	0.49797	0.03013	0.06731	0.02715	0.06354	0.00964	0.00693	0.00222	0.00547	0.00795	0.00680	0.01023
10	0.01627	0.01560	0.02662	0.10222	0.66395	0.01585	0.02042	0.02029	0.01512	0.02151	0.01256	0.01672	0.01048	0.00604	0.00665	0.00201	0.00806	0.00598	0.00329	0.01035
11	0.01697	0.01701	0.02567	0.11700	0.58147	0.08388	0.01966	0.02080	0.01543	0.02087	0.01233	0.01632	0.01026	0.00615	0.00659	0.00199	0.00847	0.00582	0.00330	0.01001
12	0.01383	0.03231	0.64216	0.01887	0.02812	0.01573	0.04285	0.02262	0.07988	0.02190	0.01353	0.01531	0.00968	0.00661	0.00646	0.00214	0.00952	0.00529	0.00323	0.00996
13	0.08734	0.00959	0.01196	0.01134	0.01348	0.01110	0.00890	0.05610	0.12730	0.02054	0.01859	0.02409	0.01618	0.03694	0.50602	0.00806	0.01407	0.00685	0.00436	0.00719
14	0.05287	0.01827	0.01893	0.01629	0.01860	0.19341	0.04534	0.08328	0.01532	0.02007	0.01288	0.01953	0.01183	0.01232	0.05829	0.00290	0.29681	0.05674	0.00383	0.04249
15	0.02021	0.01561	0.01674	0.01411	0.01848	0.01758	0.01124	0.24248	0.45908	0.07261	0.02377	0.02213	0.01743	0.00873	0.00679	0.00218	0.00598	0.00706	0.00688	0.01091
16	0.01781	0.01349	0.01600	0.13257	0.02182	0.01520	0.01172	0.12036	0.36794	0.09889	0.02411	0.09176	0.01923	0.00961	0.00695	0.00226	0.00609	0.00811	0.00628	0.00981
17	0.00814	0.00681	0.00709	0.00702	0.00919	0.00575	0.00526	0.01004	0.01579	0.01930	0.15512	0.06264	0.63173	0.01655	0.00793	0.00224	0.00337	0.01389	0.00639	0.00575
18	0.00960	0.00714	0.00872	0.00929	0.01060	0.00677	0.00668	0.05793	0.01545	0.02030	0.11715	0.45356	0.18307	0.01836	0.00827	0.00253	0.00406	0.04809	0.00639	0.00604
19	0.01640	0.42060	0.23972	0.01604	0.05919	0.02201	0.01627	0.03573	0.01398	0.01839	0.01042	0.01259	0.00877	0.00656	0.00678	0.00183	0.07830	0.00440	0.00298	0.00905
20	0.00969	0.00648	0.00734	0.00741	0.00742	0.00646	0.00416	0.00974	0.00989	0.01319	0.02183	0.07509	0.02526	0.73182	0.03304	0.00634	0.00639	0.01016	0.00416	0.00413
21	0.01353	0.01600	0.12237	0.06005	0.02280	0.01504	0.15484	0.03179	0.01322	0.01876	0.01544	0.02566	0.01440	0.06661	0.09413	0.00375	0.21876	0.08161	0.00361	0.00765
22	0.01166	0.00583	0.00874	0.00874	0.00874	0.00583	0.00583	0.00874	0.00874	0.01166	0.01166	0.02040	0.01166	0.02331	0.02622	0.80478	0.00583	0.00583	0.00291	0.00291
23	0.00858	0.00624	0.00743	0.00823	0.00930	0.00567	0.00569	0.01011	0.01386	0.01840	0.08324	0.43011	0.23799	0.05125	0.00918	0.00264	0.00376	0.01586	0.06689	0.00556
24	0.34336	0.01606	0.01554	0.01260	0.01734	0.01812	0.01035	0.36689	0.08199	0.03612	0.01433	0.01477	0.01051	0.00741	0.00568	0.00206	0.00632	0.00520	0.00568	0.00966
25	0.09833	0.01957	0.01791	0.01468	0.01932	0.15025	0.01178	0.36887	0.14067	0.06699	0.01680	0.01671	0.01229	0.00786	0.00637	0.00201	0.00761	0.00579	0.00597	0.01022
26	0.02118	0.01785	0.02486	0.01887	0.02390	0.01949	0.18997	0.40124	0.07395	0.03300	0.01545	0.01711	0.01146	0.00792	0.00872	0.00220	0.09048	0.00662	0.00545	0.01029
27	0.01710	0.01584	0.02482	0.03516	0.56589	0.01633	0.01849	0.06005	0.13280	0.02406	0.01528	0.01799	0.01232	0.00662	0.00668	0.00204	0.00749	0.00625	0.00409	0.01067
28	0.01744	0.01377	0.01520	0.01134	0.01688	0.03248	0.00914	0.17089	0.01837	0.06491	0.01632	0.01729	0.04478	0.00648	0.00563	0.00136	0.00568	0.00509	0.00492	0.52201
29	0.01363	0.01066	0.04303	0.01042	0.01330	0.00985	0.00856	0.09561	0.05171	0.09099	0.24876	0.07821	0.22905	0.01317	0.00839	0.00223	0.04738	0.01093	0.00653	0.00760
30	0.00863	0.00671	0.00737	0.00752	0.00904	0.00599	0.00534	0.01010	0.01420	0.01777	0.10985	0.11233	0.42412	0.18312	0.01387	0.00327	0.00424	0.04532	0.00585	0.00538
31	0.04237	0.01174	0.01334	0.01119	0.01490	0.01207	0.00892	0.15414	0.14944	0.19350	0.13313	0.02969	0.08489	0.00988	0.00672	0.00206	0.00505	0.00809	0.09961	0.00926
32	0.01868	0.01374	0.01779	0.01449	0.01858	0.01406	0.08373	0.30919	0.02196	0.08007	0.02273	0.18751	0.02143	0.01145	0.00736	0.00223	0.00661	0.07235	0.00611	0.06993
33	0.01406	0.01315	0.02481	0.02021	0.05669	0.01292	0.32067	0.01766	0.01495	0.06289	0.06598	0.19854	0.05328	0.01107	0.00927	0.00240	0.07806	0.01076	0.00469	0.00793
34	0.28359	0.01081	0.01021	0.01016	0.04218	0.04975	0.00673	0.01597	0.01166	0.06407	0.01652	0.02848	0.01664	0.38562	0.01954	0.00427	0.00638	0.00703	0.00429	0.00610
35	0.02005	0.00856	0.01051	0.00888	0.01204	0.00784	0.00706	0.02295	0.01662	0.33337	0.06611	0.02558	0.01973	0.00839	0.00579	0.00182	0.00426	0.00683	0.40508	0.00853
36	0.01727	0.01067	0.01672	0.17614	0.02317	0.01052	0.08426	0.02067	0.01686	0.24160	0.15649	0.03433	0.09100	0.01028	0.00739	0.00223	0.00637	0.05958	0.00607	0.00839
37	0.01196	0.01019	0.01582	0.17919	0.21737	0.01075	0.01239	0.01432	0.01281	0.01736	0.02035	0.19388	0.02171	0.21594	0.01458	0.00344	0.00685	0.00999	0.00411	0.00697
38	0.01784	0.71069	0.03364	0.01165	0.01724	0.02580	0.01142	0.02128	0.06680	0.01672	0.01070	0.01185	0.00952	0.00600	0.00450	0.00150	0.00703	0.00389	0.00317	0.00876
39	0.01958	0.01540	0.01904	0.06068	0.02145	0.03257	0.07612	0.28627	0.08513	0.07034	0.03408	0.02222	0.03084	0.00817	0.00670	0.00195	0.00699	0.04278	0.00567	0.15400
40	0.02168	0.03215	0.01837	0.01460	0.01909	0.01696	0.03796	0.26438	0.25782	0.14911	0.02199	0.02281	0.01636	0.00891	0.00744	0.00219	0.03457	0.03636	0.00664	0.01060
41	0.01875	0.01474	0.01597	0.01461	0.05543	0.03917	0.01091	0.17945	0.34639	0.08257	0.04816	0.02719	0.09759	0.00959	0.00692	0.00216	0.00589	0.00786	0.00656	0.01008

[dist]
# distance from previous block
# <min> <max>
0	2

[block]
# block no. 3 follows, 32 sequences, length 54
# corresponding to MSA columns:
# 272-325
name=unknown_D
#
# <colnr> <probs for GDERKNQSTAVLIFYWHMCP>
#	G	D	E	R	K	N	Q	S	T	A	V	L	I	F	Y	W	H	M	C	P
0	0.06548	0.05624	0.01936	0.01717	0.07015	0.42302	0.01253	0.12686	0.01942	0.02210	0.01149	0.01312	0.00928	0.00671	0.00589	0.00171	0.00968	0.00459	0.00402	0.10118
1	0.01366	0.01055	0.01158	0.01072	0.01316	0.01134	0.00808	0.08964	0.25578	0.02446	0.09602	0.08820	0.09633	0.14004	0.01179	0.00298	0.00513	0.04494	0.05778	0.00780
2	0.00977	0.00738	0.01043	0.01030	0.01127	0.00848	0.00775	0.01167	0.01076	0.01524	0.02017	0.03056	0.04633	0.17587	0.54956	0.00932	0.04780	0.00788	0.00376	0.00569
3	0.01457	0.01499	0.05983	0.37615	0.36534	0.01543	0.01988	0.01899	0.01434	0.01962	0.01226	0.01709	0.00972	0.00635	0.00666	0.00212	0.00853	0.00592	0.00313	0.00908
4	0.02501	0.02680	0.01932	0.01653	0.02068	0.46193	0.01283	0.26850	0.04108	0.02600	0.01286	0.01387	0.00994	0.00738	0.00631	0.00184	0.01024	0.00502	0.00471	0.00915
5	0.01573	0.01611	0.02984	0.10582	0.34364	0.01671	0.24471	0.02003	0.01469	0.02062	0.01242	0.01701	0.01010	0.00662	0.00886	0.00222	0.09560	0.00661	0.00327	0.00940
6	0.01819	0.00886	0.01171	0.01026	0.01341	0.00790	0.00825	0.02087	0.01799	0.32213	0.23945	0.06785	0.11594	0.01266	0.00761	0.00226	0.00468	0.09416	0.00745	0.00837
7	0.01512	0.01845	0.09080	0.02567	0.03183	0.01647	0.55396	0.02038	0.01512	0.02082	0.01444	0.06014	0.01191	0.00705	0.00889	0.00233	0.06619	0.00817	0.00348	0.00878
8	0.01685	0.01953	0.03645	0.02646	0.03284	0.10040	0.59804	0.02197	0.01615	0.02092	0.01315	0.01728	0.01000	0.00578	0.00761	0.00216	0.01122	0.00738	0.00342	0.03238
9	0.00984	0.00657	0.00721	0.00718	0.00874	0.00606	0.00518	0.01205	0.01496	0.02140	0.18544	0.08412	0.25787	0.09843	0.00997	0.00253	0.00365	0.01115	0.24187	0.00579
10	0.01618	0.01490	0.05768	0.01536	0.04875	0.01242	0.11577	0.05843	0.09643	0.06412	0.01506	0.01660	0.01161	0.00603	0.00598	0.00156	0.00654	0.00541	0.00453	0.42663
11	0.01391	0.01193	0.01391	0.00994	0.01590	0.00894	0.00795	0.01690	0.01391	0.02186	0.01193	0.01391	0.00994	0.00497	0.00497	0.00099	0.00497	0.00398	0.00398	0.80521
12	0.01134	0.00825	0.01044	0.01003	0.01142	0.00892	0.00744	0.08586	0.01362	0.01865	0.02589	0.11955	0.10189	0.15246	0.28608	0.04959	0.03247	0.00958	0.03048	0.00604
13	0.75115	0.01342	0.01065	0.00933	0.01358	0.01549	0.00769	0.07202	0.01297	0.03104	0.00986	0.01130	0.00759	0.00637	0.00435	0.00207	0.00536	0.00382	0.00435	0.00759
14	0.00911	0.00676	0.00849	0.00823	0.00983	0.00614	0.00611	0.01184	0.01781	0.02452	0.54586	0.11409	0.17654	0.01492	0.00797	0.00219	0.00327	0.01309	0.00708	0.00614
15	0.01030	0.00716	0.00809	0.00797	0.00832	0.00739	0.00477	0.01190	0.06510	0.01431	0.02149	0.04165	0.02375	0.67318	0.06294	0.00636	0.00692	0.00947	0.00426	0.00467
16	0.01384	0.01345	0.01895	0.01649	0.01669	0.01855	0.01364	0.01546	0.01036	0.01605	0.01032	0.01660	0.01012	0.01809	0.13971	0.00423	0.63119	0.00609	0.00304	0.00712
17	0.01391	0.01193	0.01391	0.00994	0.01590	0.00894	0.00795	0.01690	0.01391	0.02186	0.01193	0.01391	0.00994	0.00497	0.00497	0.00099	0.00497	0.00398	0.00398	0.80521
18	0.01969	0.01214	0.01465	0.01116	0.01654	0.01043	0.00899	0.02497	0.12151	0.25601	0.01908	0.01856	0.01375	0.00670	0.00584	0.00155	0.00527	0.00544	0.00584	0.42189
19	0.01782	0.01279	0.01388	0.01147	0.01422	0.01382	0.00851	0.36289	0.02091	0.02799	0.01857	0.02969	0.01775	0.37732	0.02011	0.00421	0.00695	0.00786	0.00542	0.00782
20	0.00968	0.00723	0.00923	0.00977	0.01152	0.00678	0.00802	0.01242	0.01642	0.02153	0.24011	0.06543	0.22465	0.01675	0.00853	0.00259	0.00458	0.31212	0.00654	0.00609
21	0.01661	0.01594	0.02724	0.04119	0.72233	0.01594	0.02059	0.02059	0.01528	0.02192	0.01262	0.01661	0.01063	0.00598	0.00664	0.00199	0.00797	0.00598	0.00332	0.01063
22	0.01442	0.01160	0.01387	0.01249	0.01454	0.04948	0.00994	0.15248	0.01560	0.02183	0.01645	0.02210	0.01438	0.03172	0.41150	0.00691	0.09962	0.00658	0.06712	0.00735
23	0.06263	0.01171	0.01547	0.01191	0.01707	0.01041	0.00984	0.05243	0.01925	0.67705	0.02544	0.02213	0.01606	0.00821	0.00664	0.00207	0.00574	0.00660	0.00808	0.01125
24	0.03691	0.00716	0.00724	0.00695	0.00862	0.00733	0.00513	0.05210	0.01444	0.02471	0.02111	0.02630	0.01742	0.09565	0.00821	0.00218	0.00381	0.00657	0.64185	0.00631
25	0.00966	0.00702	0.00868	0.00931	0.01059	0.00669	0.00675	0.01246	0.05827	0.03457	0.12632	0.37939	0.16011	0.05833	0.00968	0.00277	0.00422	0.08279	0.00634	0.00605
26	0.16966	0.01170	0.01455	0.01138	0.01639	0.01079	0.00940	0.03038	0.01781	0.60253	0.02341	0.02071	0.01494	0.00793	0.00628	0.00208	0.00562	0.00619	0.00756	0.01068
27	0.00838	0.00667	0.00752	0.00762	0.00942	0.00581	0.00560	0.01039	0.01590	0.02030	0.23591	0.16642	0.44286	0.01674	0.00802	0.00229	0.00341	0.01437	0.00654	0.00581
28	0.01267	0.01193	0.02013	0.74806	0.04621	0.01491	0.01863	0.01714	0.01342	0.01714	0.01193	0.01789	0.00894	0.00671	0.00671	0.00224	0.00894	0.00596	0.00298	0.00745
29	0.01470	0.01381	0.02238	0.38181	0.31159	0.01553	0.01848	0.02066	0.09510	0.02031	0.01399	0.01821	0.01095	0.00670	0.00670	0.00214	0.00814	0.00616	0.00356	0.00908
30	0.14462	0.02909	0.01762	0.01600	0.01956	0.62747	0.01210	0.02572	0.01786	0.01850	0.01022	0.01192	0.00843	0.00681	0.00576	0.00178	0.01105	0.00422	0.00356	0.00770
31	0.76931	0.01289	0.01017	0.00899	0.01320	0.01477	0.00741	0.02043	0.01184	0.06780	0.01027	0.01155	0.00777	0.00634	0.00429	0.00208	0.00522	0.00380	0.00438	0.00749
32	0.01466	0.01586	0.03302	0.02437	0.02978	0.01536	0.53130	0.01956	0.01532	0.02097	0.05247	0.02388	0.01522	0.01055	0.06333	0.00298	0.04900	0.05021	0.00377	0.00841
33	0.00861	0.00694	0.00771	0.00799	0.00977	0.00624	0.00581	0.01121	0.05065	0.01930	0.12606	0.24259	0.43862	0.01730	0.00804	0.00237	0.00360	0.01489	0.00638	0.00593
34	0.01818	0.74290	0.03461	0.01168	0.01734	0.05100	0.01153	0.02032	0.01382	0.01581	0.00936	0.01081	0.00861	0.00578	0.00437	0.00145	0.00735	0.00361	0.00289	0.00858
35	0.00956	0.00642	0.00738	0.00757	0.00762	0.00637	0.00434	0.00971	0.01015	0.01353	0.02314	0.13416	0.02691	0.67050	0.03093	0.00603	0.00618	0.01093	0.00434	0.00424
36	0.01166	0.00583	0.00874	0.00874	0.00874	0.00583	0.00583	0.00874	0.00874	0.01166	0.01166	0.02040	0.01166	0.02331	0.02622	0.80478	0.00583	0.00583	0.00291	0.00291
37	0.00959	0.00719	0.01078	0.01078	0.01198	0.00839	0.00839	0.01198	0.01078	0.01558	0.01797	0.02636	0.01677	0.05032	0.73760	0.01078	0.01797	0.00719	0.00359	0.00599
38	0.01584	0.01810	0.03959	0.02828	0.03507	0.01697	0.69796	0.02149	0.01584	0.02149	0.01357	0.01810	0.01018	0.00566	0.00792	0.00226	0.01131	0.00792	0.00339	0.00905
39	0.00957	0.00643	0.00737	0.00755	0.00760	0.00638	0.00432	0.00971	0.01012	0.01349	0.02298	0.12707	0.02672	0.67786	0.03118	0.00607	0.00620	0.01084	0.00432	0.00423
40	0.02551	0.01879	0.02014	0.01544	0.02081	0.02081	0.01275	0.69996	0.03155	0.04229	0.01611	0.01611	0.01141	0.00805	0.00671	0.00201	0.00738	0.00604	0.00671	0.01141
41	0.02506	0.03198	0.01901	0.01729	0.02074	0.73725	0.01296	0.02679	0.01901	0.01642	0.01037	0.01210	0.00864	0.00691	0.00605	0.00173	0.01210	0.00432	0.00346	0.00778
42	0.02440	0.01824	0.01951	0.01521	0.02038	0.02029	0.01248	0.61621	0.11710	0.04050	0.01752	0.01723	0.01255	0.00819	0.00673	0.00205	0.00712	0.00624	0.00673	0.01131
43	0.01554	0.01467	0.02478	0.03717	0.63250	0.01462	0.01878	0.01917	0.01497	0.02132	0.01569	0.11030	0.01488	0.00787	0.00688	0.00209	0.00746	0.00763	0.00369	0.00998
44	0.01837	0.66012	0.07126	0.01237	0.01819	0.06985	0.01233	0.04123	0.01454	0.01693	0.00975	0.01119	0.00869	0.00592	0.00460	0.00151	0.00764	0.00378	0.00302	0.00871
45	0.01287	0.01184	0.01636	0.01448	0.01469	0.01579	0.01158	0.01422	0.01026	0.01545	0.01273	0.02226	0.01315	0.16204	0.14654	0.00496	0.48420	0.00684	0.00326	0.00648
46	0.01661	0.01594	0.02724	0.04119	0.72233	0.01594	0.02059	0.02059	0.01528	0.02192	0.01262	0.01661	0.01063	0.00598	0.00664	0.00199	0.00797	0.00598	0.00332	0.01063
47	0.01661	0.01594	0.02724	0.04119	0.72233	0.01594	0.02059	0.02059	0.01528	0.02192	0.01262	0.01661	0.01063	0.00598	0.00664	0.00199	0.00797	0.00598	0.00332	0.01063
48	0.00793	0.00680	0.00680	0.00680	0.00906	0.00566	0.00510	0.00963	0.01529	0.01813	0.06797	0.06457	0.71961	0.01699	0.00793	0.00227	0.00340	0.01416	0.00623	0.00566
49	0.02139	0.01752	0.01777	0.01472	0.01925	0.06005	0.01178	0.35316	0.34562	0.03421	0.02098	0.02002	0.01546	0.00848	0.00673	0.00212	0.00669	0.00666	0.00658	0.01084
50	0.01065	0.00778	0.00960	0.01027	0.01141	0.00780	0.00721	0.09484	0.04428	0.02066	0.03403	0.63821	0.03935	0.01894	0.00827	0.00262	0.00438	0.01700	0.00631	0.00639
51	0.01547	0.01700	0.03400	0.02490	0.03022	0.01721	0.51192	0.02009	0.01456	0.02040	0.01248	0.01712	0.00988	0.00688	0.01067	0.00232	0.16537	0.00724	0.00333	0.05892
52	0.00825	0.00595	0.00781	0.00915	0.00972	0.00552	0.00618	0.00957	0.01336	0.01780	0.08164	0.67814	0.08141	0.02035	0.00849	0.00266	0.00382	0.01838	0.00630	0.00552
53	0.01815	0.01812	0.01598	0.01440	0.01718	0.25322	0.04087	0.11310	0.07104	0.03585	0.02098	0.17157	0.02086	0.06970	0.00977	0.00256	0.03369	0.06018	0.00505	0.00773

[dist]
# distance from previous block
# <min> <max>
0	6

[block]
# block no. 4 follows, 32 sequences, length 48
# corresponding to MSA columns:
# 332-379
name=unknown_E
#
# <colnr> <probs for GDERKNQSTAVLIFYWHMCP>
#	G	D	E	R	K	N	Q	S	T	A	V	L	I	F	Y	W	H	M	C	P
0	0.01466	0.01460	0.03928	0.47946	0.11874	0.03972	0.08416	0.05740	0.01513	0.01984	0.01236	0.01720	0.00942	0.00652	0.00671	0.00212	0.00892	0.00599	0.00333	0.04443
1	0.05476	0.06620	0.01810	0.01394	0.01777	0.10191	0.05993	0.17152	0.18463	0.05398	0.04263	0.04488	0.01749	0.11057	0.01028	0.00266	0.00719	0.00720	0.00545	0.00890
2	0.01766	0.01809	0.02536	0.03641	0.59069	0.12620	0.01894	0.02128	0.01598	0.02125	0.03614	0.01705	0.01210	0.00638	0.00659	0.00196	0.00844	0.00593	0.00348	0.01005
