[name]
unknown

[dist]
# distance from previous block
# <min> <max>
0	18

[block]
# block no. 0 follows, 33 sequences, length 26
# corresponding to MSA columns:
# 18-43
name=unknown_A
#
# <colnr> <probs for GDERKNQSTAVLIFYWHMCP>
#	G	D	E	R	K	N	Q	S	T	A	V	L	I	F	Y	W	H	M	C	P
0	0.07507	0.06980	0.13244	0.04925	0.15075	0.03645	0.04790	0.10156	0.08884	0.02414	0.01412	0.01690	0.01123	0.00667	0.00602	0.00186	0.00734	0.02161	0.00412	0.13393
1	0.01591	0.15582	0.12043	0.01564	0.07540	0.03819	0.04440	0.06472	0.09723	0.06194	0.04815	0.02014	0.01505	0.04745	0.11647	0.00336	0.00881	0.00610	0.00430	0.04049
2	0.01051	0.00832	0.00903	0.00886	0.01032	0.04286	0.00644	0.01320	0.05530	0.01709	0.03084	0.03800	0.18964	0.19752	0.24285	0.00569	0.00900	0.00908	0.08969	0.00576
3	0.02309	0.01622	0.01773	0.01418	0.01897	0.01780	0.01152	0.41942	0.22994	0.12941	0.02038	0.01925	0.01448	0.00824	0.00662	0.00206	0.00643	0.00646	0.00683	0.01097
4	0.00809	0.00602	0.00755	0.00857	0.00944	0.00547	0.00589	0.00954	0.01367	0.01792	0.10817	0.55158	0.18580	0.01913	0.00821	0.00252	0.00365	0.01707	0.00622	0.00547
5	0.01762	0.01233	0.01394	0.01190	0.01549	0.01316	0.00940	0.15057	0.28845	0.12658	0.20014	0.03057	0.06074	0.01012	0.00698	0.00212	0.00503	0.00846	0.00699	0.00940
6	0.04438	0.34276	0.31586	0.01553	0.02246	0.05191	0.05003	0.02034	0.01369	0.01847	0.01045	0.01250	0.00844	0.00622	0.00609	0.00182	0.04289	0.00441	0.00290	0.00885
7	0.00816	0.00584	0.00777	0.00907	0.00958	0.00544	0.00612	0.00953	0.01327	0.01786	0.11216	0.68545	0.04559	0.01983	0.00833	0.00261	0.00374	0.01796	0.00624	0.00544
8	0.00837	0.00669	0.00749	0.00729	0.00925	0.00581	0.00547	0.01059	0.01640	0.02109	0.31926	0.05791	0.47027	0.01544	0.00777	0.00216	0.00325	0.01313	0.00655	0.00581
9	0.01484	0.11857	0.41488	0.10203	0.02861	0.07442	0.09252	0.02055	0.01418	0.01923	0.01140	0.01417	0.00860	0.00636	0.00668	0.00202	0.03397	0.00510	0.00291	0.00896
10	0.01964	0.04831	0.05374	0.07282	0.04428	0.08436	0.03684	0.22146	0.26770	0.05441	0.01858	0.01870	0.01378	0.00775	0.00649	0.00205	0.00727	0.00624	0.00555	0.01001
11	0.01942	0.52509	0.02889	0.01237	0.01748	0.11350	0.01135	0.13020	0.01687	0.02014	0.01090	0.01219	0.00927	0.00623	0.00483	0.00154	0.00750	0.00411	0.03944	0.00868
12	0.01411	0.01118	0.01370	0.01053	0.01524	0.00925	0.02849	0.06565	0.01506	0.05040	0.04247	0.11588	0.01703	0.03493	0.00675	0.00158	0.00511	0.00673	0.00466	0.53124
13	0.01445	0.01354	0.05238	0.55904	0.12117	0.01489	0.01804	0.05918	0.01473	0.05183	0.01268	0.01736	0.00944	0.00663	0.00656	0.00214	0.00847	0.00585	0.00342	0.00819
14	0.00935	0.00657	0.00851	0.00867	0.00915	0.00697	0.00581	0.01035	0.01027	0.01414	0.02122	0.11305	0.02320	0.41844	0.29791	0.00757	0.01035	0.00959	0.00404	0.00484
15	0.04518	0.01659	0.13445	0.12279	0.09707	0.01385	0.08750	0.08338	0.01676	0.22871	0.01748	0.05384	0.01302	0.00774	0.00714	0.00213	0.03113	0.00667	0.00501	0.00955
16	0.15589	0.05411	0.16355	0.03559	0.16801	0.06357	0.01493	0.09530	0.03884	0.04693	0.01392	0.01563	0.02681	0.00662	0.00581	0.00190	0.00742	0.00516	0.00404	0.07600
17	0.00891	0.00611	0.00808	0.00914	0.00991	0.00567	0.00634	0.01043	0.01373	0.03982	0.12528	0.60381	0.06853	0.01911	0.00827	0.00257	0.00384	0.03846	0.00632	0.00567
18	0.01552	0.01449	0.02464	0.11465	0.60145	0.01480	0.01893	0.01899	0.01432	0.02026	0.01224	0.01670	0.01032	0.00719	0.00793	0.06119	0.00777	0.00585	0.00319	0.00954
19	0.04697	0.04010	0.25528	0.04251	0.14593	0.04984	0.06852	0.02021	0.05043	0.04200	0.02880	0.05040	0.02856	0.00963	0.04048	0.00251	0.05883	0.00645	0.00370	0.00886
20	0.01511	0.01916	0.17232	0.21435	0.32736	0.03799	0.06115	0.03768	0.01487	0.02051	0.01217	0.01605	0.00951	0.00619	0.00654	0.00205	0.00877	0.00572	0.00317	0.00933
21	0.00802	0.00573	0.00764	0.00917	0.00955	0.00535	0.00611	0.00917	0.01260	0.01681	0.03628	0.76434	0.04354	0.02062	0.00840	0.00267	0.00382	0.01872	0.00611	0.00535
22	0.02310	0.09919	0.05069	0.01358	0.01871	0.01741	0.01173	0.40855	0.02444	0.17104	0.02006	0.04875	0.04585	0.00854	0.00645	0.00197	0.00669	0.00663	0.00627	0.01034
23	0.28637	0.01424	0.06762	0.10197	0.12211	0.01393	0.04854	0.04847	0.01374	0.03887	0.01362	0.06959	0.01170	0.00748	0.00625	0.00205	0.03333	0.00596	0.03805	0.05611
24	0.01078	0.00833	0.01123	0.01069	0.01151	0.00978	0.00798	0.04196	0.01121	0.01586	0.01803	0.06263	0.01850	0.24571	0.37326	0.00756	0.11735	0.00808	0.00382	0.00573
25	0.01480	0.08768	0.24030	0.10176	0.18156	0.03872	0.09789	0.02084	0.06427	0.02079	0.05782	0.01789	0.01328	0.00673	0.00646	0.00202	0.00846	0.00602	0.00355	0.00917

[dist]
# distance from previous block
# <min> <max>
0	2

[block]
# block no. 1 follows, 33 sequences, length 21
# corresponding to MSA columns:
# 46-66
name=unknown_B
#
# <colnr> <probs for GDERKNQSTAVLIFYWHMCP>
#	G	D	E	R	K	N	Q	S	T	A	V	L	I	F	Y	W	H	M	C	P
0	0.01591	0.07020	0.02346	0.16740	0.26179	0.01503	0.08485	0.01996	0.03883	0.07303	0.01381	0.01800	0.01122	0.04390	0.00836	0.00217	0.04129	0.00599	0.00373	0.08107
1	0.63565	0.07116	0.01294	0.04628	0.01542	0.08981	0.00856	0.01996	0.01222	0.02650	0.00939	0.01114	0.00745	0.00617	0.00440	0.00196	0.00611	0.00374	0.00385	0.00729
2	0.02409	0.01794	0.01976	0.07007	0.02227	0.01998	0.01294	0.65433	0.02963	0.03965	0.01550	0.01594	0.01102	0.00780	0.00659	0.00199	0.00736	0.00592	0.00631	0.01091
3	0.01574	0.41286	0.02547	0.04714	0.08914	0.05047	0.01126	0.01901	0.05234	0.01802	0.07472	0.01963	0.04446	0.04739	0.00680	0.00189	0.00668	0.00559	0.00373	0.04768
4	0.01365	0.02959	0.58411	0.01779	0.02639	0.01467	0.04967	0.05629	0.01521	0.02239	0.06512	0.01678	0.01262	0.00679	0.00639	0.00204	0.00896	0.00552	0.00338	0.04263
5	0.00943	0.00697	0.01015	0.01015	0.01118	0.00799	0.00769	0.01148	0.01045	0.01496	0.01803	0.02805	0.01741	0.14055	0.65267	0.01005	0.01621	0.00737	0.00359	0.00564
6	0.00852	0.00643	0.00823	0.00877	0.00983	0.00636	0.00627	0.01005	0.01234	0.01623	0.03706	0.29750	0.20812	0.09640	0.23083	0.00527	0.00807	0.01315	0.00514	0.00544
7	0.01727	0.01505	0.06178	0.10767	0.28877	0.01452	0.04668	0.10234	0.05360	0.10253	0.01786	0.06644	0.03057	0.00879	0.02183	0.00227	0.02080	0.00710	0.00457	0.00956
8	0.02089	0.01955	0.26848	0.03888	0.05741	0.01246	0.03006	0.02631	0.05441	0.34217	0.01947	0.01907	0.01307	0.00729	0.00643	0.00205	0.00725	0.00599	0.03853	0.01023
9	0.00819	0.00583	0.00772	0.00917	0.00957	0.00548	0.00616	0.00934	0.01254	0.01671	0.03546	0.70412	0.04236	0.05790	0.00968	0.00287	0.00403	0.04157	0.00600	0.00530
10	0.00943	0.00712	0.00921	0.00928	0.01027	0.00747	0.00684	0.01110	0.01251	0.01690	0.10935	0.11091	0.13704	0.20366	0.20381	0.00549	0.04902	0.07023	0.00489	0.00546
11	0.05844	0.24784	0.10106	0.01589	0.06535	0.13158	0.01356	0.16909	0.01769	0.02283	0.01158	0.01394	0.00960	0.03058	0.00757	0.00198	0.06387	0.00481	0.00385	0.00889
12	0.04199	0.05358	0.13873	0.01545	0.02049	0.17893	0.06450	0.12665	0.03844	0.14085	0.01757	0.10190	0.01461	0.00859	0.00652	0.00202	0.00820	0.00697	0.00496	0.00905
13	0.00945	0.00639	0.00831	0.00953	0.01036	0.00620	0.00711	0.01131	0.01327	0.01830	0.03277	0.40644	0.03697	0.07940	0.01020	0.00294	0.00461	0.21713	0.10375	0.00555
14	0.01413	0.01124	0.01331	0.00973	0.01516	0.00860	0.00776	0.01706	0.01437	0.06059	0.07524	0.01726	0.01472	0.00581	0.00522	0.00113	0.00476	0.00475	0.00443	0.69472
15	0.00802	0.00573	0.00764	0.00917	0.00955	0.00535	0.00611	0.00917	0.01260	0.01681	0.03628	0.76434	0.04354	0.02062	0.00840	0.00267	0.00382	0.01872	0.00611	0.00535
16	0.01991	0.01544	0.01629	0.01375	0.01756	0.05805	0.01091	0.22101	0.31492	0.09905	0.02104	0.02145	0.01593	0.04295	0.03970	0.00268	0.04654	0.00673	0.00617	0.00992
17	0.03966	0.01840	0.12281	0.01945	0.12180	0.05496	0.08334	0.22079	0.04923	0.05735	0.01801	0.09799	0.01562	0.00893	0.00687	0.00214	0.00769	0.04053	0.00499	0.00944
18	0.11567	0.01205	0.01346	0.01217	0.01381	0.07126	0.00958	0.07551	0.01279	0.01932	0.01298	0.01843	0.01166	0.02249	0.21851	0.14091	0.17059	0.00574	0.03665	0.00643
19	0.05717	0.01132	0.01302	0.01047	0.01490	0.01026	0.00833	0.04936	0.11739	0.07431	0.11645	0.04464	0.02114	0.00811	0.00598	0.00162	0.00486	0.03542	0.00536	0.38988
20	0.01767	0.30407	0.05412	0.09269	0.03793	0.11406	0.01256	0.09184	0.09499	0.02048	0.01398	0.05391	0.01205	0.00728	0.00562	0.00177	0.00753	0.00549	0.00396	0.04801

[dist]
# distance from previous block
# <min> <max>
2	6

[block]
# block no. 2 follows, 33 sequences, length 9
# corresponding to MSA columns:
# 73-81
name=unknown_C
#
# <colnr> <probs for GDERKNQSTAVLIFYWHMCP>
#	G	D	E	R	K	N	Q	S	T	A	V	L	I	F	Y	W	H	M	C	P
0	0.01662	0.01752	0.09455	0.07779	0.25690	0.05488	0.15769	0.04755	0.01560	0.06859	0.01448	0.05547	0.01197	0.00708	0.00725	0.00205	0.03351	0.00669	0.00384	0.04996
1	0.01476	0.01651	0.03560	0.02581	0.03182	0.01547	0.63103	0.01985	0.01523	0.02064	0.01571	0.09550	0.01348	0.00712	0.00784	0.00227	0.01034	0.00891	0.00362	0.00851
2	0.14566	0.01292	0.01537	0.01196	0.01694	0.01265	0.00988	0.16884	0.02020	0.48528	0.02138	0.01930	0.01388	0.00779	0.00623	0.00202	0.00586	0.00602	0.00722	0.01059
3	0.01273	0.00843	0.01081	0.01039	0.04385	0.00793	0.00751	0.06293	0.01889	0.10262	0.48392	0.04423	0.13463	0.01255	0.00750	0.00207	0.00391	0.01089	0.00697	0.00721
4	0.01767	0.01345	0.05955	0.01232	0.01829	0.01007	0.06927	0.02101	0.01510	0.19503	0.01533	0.01616	0.01129	0.00582	0.00563	0.00141	0.00588	0.00496	0.00482	0.49695
5	0.00910	0.00691	0.00844	0.00841	0.01005	0.00640	0.00629	0.01218	0.04445	0.02258	0.39811	0.15447	0.22254	0.01535	0.00789	0.00225	0.00350	0.04829	0.00672	0.00609
6	0.05522	0.06216	0.08130	0.01423	0.06241	0.07587	0.01153	0.11906	0.05258	0.08003	0.01512	0.05417	0.01237	0.00705	0.00578	0.00165	0.00659	0.00556	0.00464	0.27270
7	0.35447	0.09966	0.03947	0.01481	0.08974	0.17519	0.01104	0.05016	0.03553	0.02405	0.01072	0.01238	0.00863	0.00629	0.00504	0.00184	0.00729	0.00422	0.00384	0.04562
8	0.02051	0.01516	0.01739	0.04574	0.05509	0.01626	0.01161	0.39398	0.09620	0.06992	0.01943	0.02240	0.03571	0.05404	0.00822	0.00225	0.00664	0.03323	0.00596	0.07026

[dist]
# distance from previous block
# <min> <max>
0	11

[block]
# block no. 3 follows, 33 sequences, length 14
# corresponding to MSA columns:
# 93-106
name=unknown_D
#
# <colnr> <probs for GDERKNQSTAVLIFYWHMCP>
#	G	D	E	R	K	N	Q	S	T	A	V	L	I	F	Y	W	H	M	C	P
0	0.05796	0.11645	0.08290	0.03262	0.13894	0.06013	0.03113	0.07106	0.01562	0.08552	0.01527	0.09045	0.01341	0.00785	0.00658	0.00186	0.03438	0.00637	0.00426	0.12723
1	0.54088	0.07769	0.12323	0.01128	0.01608	0.01636	0.01081	0.04443	0.01243	0.02651	0.00977	0.01163	0.00768	0.00656	0.00580	0.00205	0.06123	0.00401	0.00378	0.00779
2	0.01092	0.00912	0.01171	0.01274	0.06909	0.04966	0.00858	0.01272	0.01131	0.01542	0.01860	0.08536	0.01899	0.19692	0.40360	0.00757	0.03975	0.00822	0.00378	0.00594
3	0.16275	0.01744	0.01800	0.01402	0.01908	0.01943	0.01157	0.58600	0.02751	0.03941	0.01465	0.01491	0.01049	0.00759	0.00615	0.00199	0.00687	0.00552	0.00615	0.01049
4	0.01658	0.03787	0.01629	0.01242	0.04887	0.01039	0.04430	0.03963	0.01523	0.13654	0.01723	0.01813	0.05083	0.00626	0.00557	0.00137	0.00550	0.00523	0.00470	0.50706
5	0.00945	0.00744	0.00862	0.00820	0.01021	0.00698	0.00618	0.01356	0.08614	0.02335	0.41399	0.05195	0.30118	0.01419	0.00767	0.00214	0.00340	0.01219	0.00678	0.00639
6	0.00947	0.00679	0.00927	0.00927	0.00999	0.00752	0.00660	0.01091	0.01019	0.01431	0.01883	0.03250	0.01934	0.32651	0.46935	0.00896	0.01330	0.00802	0.00370	0.00515
7	0.01243	0.01170	0.01975	0.75282	0.04534	0.01463	0.01828	0.01682	0.01316	0.01682	0.01170	0.01755	0.00878	0.00658	0.00658	0.00219	0.00878	0.00585	0.00293	0.00731
8	0.02483	0.02421	0.01927	0.01596	0.02039	0.34225	0.01261	0.40272	0.02547	0.03017	0.01330	0.01405	0.00998	0.00740	0.00630	0.00185	0.00931	0.00517	0.00516	0.00961
9	0.02002	0.01442	0.01586	0.01275	0.01692	0.01549	0.01035	0.44266	0.04412	0.06928	0.08139	0.02716	0.12780	0.01253	0.05603	0.00261	0.00686	0.00780	0.00644	0.00954
10	0.00858	0.00599	0.00773	0.00899	0.00955	0.00567	0.00617	0.00989	0.01267	0.01709	0.03492	0.58326	0.06085	0.08813	0.01054	0.00297	0.00418	0.07077	0.04671	0.00533
11	0.02291	0.01701	0.01842	0.01443	0.01922	0.01882	0.01182	0.59276	0.07521	0.03870	0.06239	0.01888	0.01526	0.00972	0.03134	0.00229	0.00719	0.00645	0.00653	0.01064
12	0.01497	0.01305	0.01606	0.01368	0.06611	0.01237	0.01019	0.06684	0.07098	0.02253	0.01280	0.01498	0.01057	0.00647	0.00773	0.00150	0.11621	0.00474	0.00412	0.51411
13	0.01571	0.28584	0.34893	0.07618	0.05279	0.07851	0.01822	0.02055	0.01409	0.01831	0.01078	0.01297	0.00851	0.00609	0.00557	0.00182	0.00883	0.00447	0.00287	0.00895

[dist]
# distance from previous block
# <min> <max>
0	1

[block]
# block no. 4 follows, 33 sequences, length 8
# corresponding to MSA columns:
# 108-115
name=unknown_E
#
# <colnr> <probs for GDERKNQSTAVLIFYWHMCP>
#	G	D	E	R	K	N	Q	S	T	A	V	L	I	F	Y	W	H	M	C	P
0	0.01588	0.03811	0.04748	0.21794	0.15805	0.07734	0.06259	0.04226	0.01407	0.03857	0.01175	0.01645	0.00974	0.02620	0.01087	0.00234	0.19293	0.00584	0.00333	0.00827
1	0.00887	0.00699	0.01030	0.01079	0.01153	0.00694	0.04904	0.01030	0.01263	0.01701	0.03320	0.67317	0.03937	0.01915	0.00917	0.00266	0.05021	0.01726	0.00574	0.00568
2	0.00891	0.00662	0.00829	0.00808	0.00964	0.00600	0.00598	0.01155	0.01736	0.02385	0.53419	0.12562	0.18003	0.01478	0.00783	0.00216	0.00322	0.01297	0.00692	0.00600
3	0.02178	0.05912	0.01898	0.01436	0.01914	0.01941	0.01176	0.44773	0.25420	0.03547	0.01903	0.01838	0.01396	0.00811	0.00649	0.00203	0.00657	0.00629	0.00641	0.01079
4	0.01624	0.00897	0.00970	0.00859	0.01120	0.00924	0.00672	0.09737	0.08916	0.11296	0.02193	0.02330	0.01650	0.00789	0.00529	0.00172	0.00407	0.00631	0.53509	0.00777
5	0.00926	0.00698	0.00824	0.00843	0.00983	0.00660	0.00616	0.01184	0.04803	0.01932	0.19493	0.14269	0.24010	0.16061	0.01290	0.00314	0.00435	0.09494	0.00598	0.00567
6	0.01774	0.63279	0.03182	0.01223	0.01718	0.02498	0.01171	0.06653	0.01421	0.01732	0.00955	0.01137	0.00866	0.00647	0.00640	0.00162	0.09389	0.00395	0.00308	0.00849
7	0.01557	0.04261	0.10372	0.04653	0.14212	0.01397	0.05598	0.10748	0.03875	0.04224	0.01979	0.02138	0.09741	0.00771	0.00702	0.00185	0.04270	0.00641	0.00432	0.18242

[dist]
# distance from previous block
# <min> <max>
0	1

[block]
# block no. 5 follows, 33 sequences, length 66
# corresponding to MSA columns:
# 117-182
name=unknown_F
#
# <colnr> <probs for GDERKNQSTAVLIFYWHMCP>
#	G	D	E	R	K	N	Q	S	T	A	V	L	I	F	Y	W	H	M	C	P
0	0.09874	0.01980	0.01887	0.06176	0.11753	0.23131	0.03105	0.14960	0.11315	0.02491	0.03826	0.01664	0.01258	0.00741	0.00667	0.00198	0.03057	0.00563	0.00456	0.00895
1	0.00847	0.00593	0.00792	0.00912	0.00964	0.00559	0.00623	0.00968	0.01304	0.01752	0.10380	0.60323	0.04304	0.04553	0.01001	0.03908	0.00402	0.04684	0.00600	0.00531
2	0.01934	0.10335	0.02065	0.09343	0.11146	0.07028	0.05661	0.05902	0.03468	0.19260	0.01765	0.08093	0.01432	0.00787	0.00632	0.00190	0.00707	0.00671	0.00495	0.09087
3	0.01779	0.01484	0.01568	0.01368	0.01766	0.01703	0.01076	0.14458	0.60377	0.02982	0.02500	0.02313	0.01864	0.00876	0.00668	0.00219	0.00554	0.00720	0.00668	0.01055
4	0.27432	0.00987	0.01009	0.00916	0.01178	0.01037	0.00690	0.05860	0.01353	0.11986	0.02236	0.08668	0.07071	0.20712	0.03964	0.00356	0.00588	0.02764	0.00512	0.00679
5	0.00943	0.00694	0.01000	0.01000	0.01098	0.00792	0.00751	0.01139	0.01041	0.01486	0.01816	0.02878	0.01772	0.17106	0.62259	0.00987	0.01573	0.00748	0.00360	0.00556
6	0.01687	0.47114	0.08193	0.01598	0.08603	0.05545	0.01373	0.01942	0.01319	0.01655	0.00961	0.01213	0.00867	0.00685	0.00791	0.00180	0.14709	0.00429	0.00289	0.00846
7	0.01214	0.01106	0.01509	0.01368	0.01417	0.01430	0.01104	0.01381	0.01172	0.01724	0.05831	0.14605	0.07602	0.01495	0.04244	0.00297	0.44485	0.03217	0.04141	0.00658
8	0.00957	0.00641	0.00733	0.00733	0.00739	0.00647	0.00418	0.00967	0.00962	0.01288	0.02060	0.04230	0.02360	0.73622	0.06547	0.00657	0.00689	0.00946	0.00397	0.00407
9	0.01589	0.01603	0.01873	0.01808	0.08159	0.17860	0.12205	0.06442	0.03716	0.02056	0.02247	0.13027	0.02272	0.01184	0.00761	0.00236	0.00811	0.20906	0.00483	0.00763
10	0.00940	0.00652	0.00803	0.03361	0.00960	0.00652	0.00553	0.01013	0.01107	0.01474	0.04553	0.20655	0.03000	0.49466	0.02431	0.00502	0.00577	0.06368	0.00468	0.00463
11	0.02406	0.01442	0.01653	0.01294	0.01763	0.01496	0.01060	0.37771	0.04889	0.25551	0.06176	0.02248	0.04807	0.00871	0.00665	0.00201	0.00611	0.00690	0.03358	0.01047
12	0.01497	0.00849	0.01117	0.03536	0.01332	0.00802	0.00779	0.01892	0.06542	0.20507	0.43584	0.07991	0.04472	0.01197	0.00740	0.00211	0.00412	0.01043	0.00723	0.00776
13	0.01408	0.03960	0.10665	0.49354	0.12905	0.01503	0.03862	0.01867	0.01383	0.05131	0.01243	0.01696	0.00931	0.00646	0.00649	0.00212	0.00863	0.00575	0.00320	0.00827
14	0.01502	0.01531	0.01544	0.25331	0.02521	0.19982	0.01287	0.03557	0.03603	0.01841	0.02215	0.08170	0.06527	0.01076	0.00709	0.00225	0.00804	0.14537	0.02332	0.00705
15	0.01060	0.00618	0.00866	0.00866	0.00899	0.00646	0.00590	0.00976	0.00944	0.01307	0.01520	0.02642	0.01544	0.18670	0.19359	0.42456	0.00854	0.00686	0.03105	0.00392
16	0.04165	0.01172	0.01357	0.00978	0.01554	0.00901	0.00784	0.01717	0.01373	0.04467	0.01207	0.01383	0.00987	0.00502	0.00490	0.00105	0.00491	0.00398	0.00404	0.75563
17	0.01706	0.31957	0.16507	0.01903	0.10252	0.08119	0.10928	0.04313	0.03582	0.01921	0.01141	0.01360	0.00930	0.00615	0.00598	0.00180	0.02273	0.00492	0.00322	0.00903
18	0.02130	0.02591	0.01914	0.14648	0.06425	0.53353	0.01405	0.02360	0.01702	0.01651	0.01071	0.01355	0.00885	0.00795	0.02577	0.00206	0.03361	0.00473	0.00329	0.00768
19	0.01686	0.59307	0.05456	0.04881	0.07422	0.02388	0.01296	0.01934	0.01324	0.01622	0.00957	0.01175	0.00863	0.00619	0.00598	0.00163	0.06769	0.00404	0.00286	0.00849
20	0.01199	0.00612	0.00624	0.00631	0.00774	0.00611	0.00465	0.01487	0.01361	0.02381	0.02214	0.05960	0.01834	0.03270	0.00571	0.00174	0.00321	0.00683	0.74224	0.00603
21	0.00802	0.00573	0.00764	0.00917	0.00955	0.00535	0.00611	0.00917	0.01260	0.01681	0.03628	0.76434	0.04354	0.02062	0.00840	0.00267	0.00382	0.01872	0.00611	0.00535
22	0.81514	0.01273	0.00968	0.00866	0.01273	0.01477	0.00713	0.01935	0.01120	0.02954	0.00917	0.01069	0.00713	0.00611	0.00407	0.00204	0.00509	0.00356	0.00407	0.00713
23	0.01466	0.01539	0.13430	0.06310	0.04276	0.03193	0.06699	0.10761	0.03465	0.06167	0.17649	0.02770	0.02428	0.03739	0.10877	0.00339	0.00849	0.02729	0.00499	0.00815
24	0.01243	0.01170	0.01975	0.75282	0.04534	0.01463	0.01828	0.01682	0.01316	0.01682	0.01170	0.01755	0.00878	0.00658	0.00658	0.00219	0.00878	0.00585	0.00293	0.00731
25	0.01280	0.01038	0.01303	0.01017	0.01435	0.00879	0.02794	0.01623	0.03620	0.04356	0.23081	0.02653	0.04552	0.00827	0.00660	0.00151	0.03057	0.00697	0.00513	0.44463
26	0.01086	0.00790	0.01056	0.01079	0.03587	0.00842	0.00757	0.03102	0.04321	0.03556	0.02219	0.09784	0.04740	0.20720	0.36491	0.00718	0.01137	0.00882	0.00432	0.02700
27	0.01739	0.56292	0.02888	0.01197	0.01655	0.12182	0.01097	0.01931	0.01392	0.01573	0.01236	0.09633	0.01244	0.00765	0.00541	0.00163	0.02810	0.00540	0.00327	0.00795
28	0.01759	0.13100	0.14985	0.01766	0.13033	0.03100	0.03766	0.05020	0.01550	0.12037	0.01363	0.01506	0.01036	0.00604	0.00572	0.00164	0.00710	0.00493	0.00411	0.23022
29	0.08008	0.01460	0.13924	0.01240	0.01692	0.01111	0.03405	0.09491	0.01787	0.19559	0.19446	0.09406	0.04634	0.01021	0.00686	0.00212	0.00581	0.00863	0.00610	0.00864
30	0.01757	0.01423	0.01580	0.01497	0.06388	0.01605	0.01099	0.10515	0.53894	0.05293	0.02439	0.02300	0.01822	0.00853	0.00657	0.00215	0.00551	0.00709	0.04371	0.01033
31	0.54721	0.03959	0.01418	0.05611	0.03981	0.09912	0.03442	0.03912	0.01333	0.05088	0.01045	0.01221	0.00806	0.00629	0.00481	0.00199	0.00654	0.00417	0.00404	0.00766
32	0.01692	0.04540	0.09214	0.02554	0.30943	0.05742	0.03363	0.05740	0.24600	0.02382	0.01700	0.01833	0.01324	0.00704	0.00647	0.00203	0.00741	0.00616	0.00449	0.01012
33	0.01067	0.00592	0.00863	0.00881	0.00900	0.00601	0.00597	0.00909	0.00937	0.01263	0.01575	0.11386	0.01668	0.06614	0.11011	0.56973	0.00695	0.00769	0.00340	0.00359
34	0.15685	0.01931	0.21788	0.01476	0.04394	0.01478	0.01399	0.21683	0.01850	0.07341	0.01725	0.13164	0.01503	0.00906	0.00634	0.00213	0.00695	0.00725	0.00498	0.00913
35	0.01749	0.31540	0.23520	0.01498	0.02146	0.10155	0.04017	0.09967	0.01629	0.02056	0.01272	0.01418	0.02977	0.00651	0.00553	0.00175	0.00838	0.00474	0.00345	0.03022
36	0.01311	0.01585	0.14059	0.08970	0.04573	0.03328	0.05321	0.01869	0.10532	0.01857	0.01528	0.02051	0.01302	0.05307	0.20671	0.00470	0.13479	0.00643	0.00365	0.00780
37	0.00942	0.00700	0.01029	0.01029	0.01136	0.00807	0.00787	0.01157	0.01049	0.01507	0.01790	0.02734	0.01710	0.11093	0.68187	0.01022	0.01667	0.00727	0.00357	0.00572
38	0.01285	0.01635	0.17748	0.09864	0.08081	0.01291	0.07443	0.04749	0.01588	0.02255	0.24316	0.02678	0.02655	0.01041	0.03038	0.00242	0.08059	0.00779	0.00454	0.00801
39	0.01007	0.00625	0.00782	0.00782	0.00792	0.00635	0.00479	0.00947	0.00938	0.01260	0.01798	0.03548	0.01996	0.51032	0.08661	0.22429	0.00708	0.00833	0.00365	0.00383
40	0.01363	0.11836	0.46128	0.01809	0.02587	0.01574	0.12636	0.01946	0.01391	0.01966	0.01467	0.05090	0.03410	0.00758	0.00698	0.02626	0.00901	0.00612	0.00314	0.00889
41	0.02119	0.03616	0.01805	0.01431	0.01893	0.04195	0.01157	0.38827	0.30007	0.03412	0.01971	0.01896	0.01452	0.00816	0.00652	0.00203	0.00654	0.00637	0.00638	0.02619
42	0.00942	0.00697	0.01016	0.01014	0.01121	0.00795	0.00771	0.01157	0.01086	0.01555	0.05085	0.02866	0.01933	0.11905	0.63799	0.00977	0.01584	0.00753	0.00375	0.00571
43	0.01923	0.01868	0.12648	0.11924	0.10101	0.01665	0.15606	0.24220	0.02021	0.09309	0.01477	0.01683	0.01061	0.00682	0.00677	0.00207	0.00850	0.00620	0.00469	0.00992
44	0.03713	0.04704	0.22390	0.07293	0.05959	0.03715	0.23977	0.02326	0.11261	0.05960	0.01496	0.01720	0.01104	0.00650	0.00672	0.00211	0.00902	0.00627	0.00388	0.00932
45	0.00919	0.00698	0.00849	0.00806	0.00986	0.00642	0.00606	0.01250	0.04294	0.02429	0.53470	0.05183	0.22613	0.01410	0.00773	0.00211	0.00324	0.01224	0.00694	0.00620
46	0.01747	0.04681	0.18734	0.01901	0.02497	0.08766	0.23838	0.09184	0.01672	0.08661	0.01530	0.04491	0.01228	0.05103	0.02786	0.00254	0.00947	0.00679	0.00411	0.00890
47	0.01555	0.06292	0.22166	0.12730	0.24084	0.01585	0.14178	0.02067	0.01465	0.05787	0.01284	0.01607	0.00975	0.00612	0.00655	0.00204	0.00890	0.00584	0.00333	0.00946
48	0.01254	0.01181	0.01994	0.73308	0.06424	0.01465	0.01834	0.01691	0.01321	0.01695	0.01172	0.01752	0.00882	0.00656	0.00658	0.00219	0.00875	0.00585	0.00293	0.00740
49	0.02274	0.01427	0.01583	0.01247	0.01690	0.01503	0.01019	0.41622	0.02477	0.17359	0.02210	0.02166	0.06052	0.00850	0.00636	0.00193	0.00599	0.00663	0.13430	0.01002
50	0.01308	0.01362	0.04390	0.37858	0.03452	0.01516	0.17286	0.01705	0.01317	0.01775	0.01383	0.08543	0.01220	0.00843	0.00945	0.00235	0.13036	0.00742	0.00330	0.00754
51	0.02171	0.15063	0.02016	0.03661	0.01885	0.36218	0.01181	0.02375	0.01630	0.12670	0.01313	0.01486	0.01042	0.00985	0.05292	0.00236	0.06952	0.00488	0.02525	0.00813
52	0.00836	0.00616	0.00725	0.00796	0.00875	0.00568	0.00525	0.00935	0.01246	0.01601	0.04045	0.38386	0.22346	0.21666	0.01485	0.00353	0.00436	0.01500	0.00555	0.00505
53	0.78002	0.01266	0.00993	0.00879	0.01291	0.01454	0.00724	0.01992	0.01155	0.06095	0.00992	0.01122	0.00754	0.00620	0.00419	0.00204	0.00512	0.00370	0.00426	0.00731
54	0.06267	0.01687	0.01848	0.01423	0.01941	0.01822	0.01175	0.55250	0.02785	0.16514	0.01732	0.01675	0.01192	0.00786	0.00647	0.00199	0.00685	0.00594	0.00675	0.01101
55	0.81514	0.01273	0.00968	0.00866	0.01273	0.01477	0.00713	0.01935	0.01120	0.02954	0.00917	0.01069	0.00713	0.00611	0.00407	0.00204	0.00509	0.00356	0.00407	0.00713
56	0.00793	0.00658	0.00686	0.00697	0.00893	0.00560	0.00512	0.00956	0.01479	0.01793	0.09230	0.12085	0.61535	0.04104	0.00866	0.00239	0.00346	0.01407	0.00610	0.00552
57	0.00906	0.00661	0.00875	0.01008	0.01116	0.00630	0.00784	0.01105	0.01396	0.01812	0.03943	0.39242	0.12497	0.01913	0.00861	0.00277	0.00469	0.29329	0.00609	0.00567
58	0.02262	0.01725	0.01840	0.01466	0.01950	0.01929	0.01193	0.51945	0.22103	0.03762	0.01886	0.01824	0.01367	0.00819	0.00662	0.00205	0.00668	0.00635	0.00662	0.01098
59	0.00823	0.00605	0.00773	0.00866	0.00951	0.00554	0.00598	0.00982	0.01407	0.01875	0.17017	0.53385	0.13996	0.01873	0.00820	0.00250	0.00362	0.01677	0.00633	0.00554
60	0.00923	0.00673	0.00868	0.00819	0.00978	0.00617	0.00614	0.01226	0.01843	0.02591	0.68705	0.04997	0.09947	0.01364	0.00777	0.00208	0.00312	0.01202	0.00718	0.00617
61	0.02462	0.03065	0.01872	0.01686	0.02036	0.70153	0.01271	0.06457	0.01935	0.01754	0.01049	0.01209	0.00863	0.00685	0.00597	0.00171	0.01161	0.00434	0.00357	0.00783
62	0.08432	0.01108	0.01230	0.01116	0.01386	0.03251	0.02848	0.07382	0.19949	0.02555	0.22470	0.10955	0.06572	0.03802	0.00803	0.00236	0.00498	0.04016	0.00621	0.00770
63	0.01654	0.01534	0.02511	0.13843	0.56740	0.01593	0.01924	0.08187	0.01618	0.02266	0.01260	0.01643	0.01026	0.00615	0.00653	0.00199	0.00790	0.00587	0.00351	0.01006
64	0.01373	0.01293	0.02002	0.65401	0.07373	0.03994	0.01785	0.05612	0.01444	0.01840	0.01191	0.01720	0.00898	0.00663	0.00656	0.00215	0.00875	0.00580	0.00316	0.00768
65	0.18937	0.01454	0.01945	0.16102	0.24324	0.05790	0.05028	0.05614	0.01468	0.02306	0.01279	0.03459	0.01054	0.00683	0.00631	0.00203	0.02510	0.00571	0.05801	0.00842

[dist]
# distance from previous block
# <min> <max>
0	12

[block]
# block no. 6 follows, 33 sequences, length 93
# corresponding to MSA columns:
# 195-287
name=unknown_G
#
# <colnr> <probs for GDERKNQSTAVLIFYWHMCP>
#	G	D	E	R	K	N	Q	S	T	A	V	L	I	F	Y	W	H	M	C	P
0	0.06779	0.30119	0.13318	0.06440	0.04084	0.15523	0.01392	0.04427	0.05728	0.04835	0.01197	0.01345	0.00954	0.00642	0.00539	0.00177	0.00821	0.00452	0.00359	0.00871
1	0.02077	0.01594	0.01680	0.01556	0.08170	0.09176	0.01128	0.26733	0.13416	0.10768	0.06448	0.02127	0.01699	0.03085	0.00725	0.00209	0.00664	0.00658	0.07120	0.00967
2	0.05054	0.02751	0.01875	0.01820	0.07783	0.57282	0.01293	0.05002	0.05783	0.03688	0.01186	0.01332	0.00954	0.00688	0.00600	0.00178	0.01061	0.00465	0.00382	0.00822
3	0.06902	0.64458	0.03130	0.01160	0.01700	0.05906	0.01114	0.06048	0.01453	0.01794	0.00959	0.01094	0.00853	0.00585	0.00444	0.00150	0.00716	0.00370	0.00315	0.00849
4	0.00954	0.00637	0.00719	0.00723	0.00723	0.00636	0.00404	0.00956	0.00964	0.01286	0.02110	0.05968	0.02439	0.75143	0.03293	0.00630	0.00632	0.00978	0.00404	0.00402
5	0.00833	0.00691	0.00735	0.00733	0.00947	0.00602	0.00559	0.01067	0.03294	0.01918	0.14439	0.06124	0.58947	0.01617	0.00782	0.00225	0.00350	0.04934	0.00626	0.00579
6	0.00928	0.00670	0.00877	0.00831	0.00983	0.00619	0.00621	0.01233	0.01847	0.02613	0.70499	0.06905	0.06160	0.01366	0.00778	0.00209	0.00313	0.01209	0.00722	0.00619
7	0.05799	0.01390	0.01627	0.01271	0.01754	0.01414	0.01043	0.29145	0.05621	0.35650	0.04575	0.02048	0.01575	0.00818	0.00649	0.00201	0.00604	0.00644	0.03107	0.01067
8	0.00804	0.00654	0.00707	0.00736	0.00916	0.00565	0.00541	0.00967	0.01458	0.01785	0.08206	0.17731	0.54307	0.03971	0.00870	0.00245	0.00360	0.04017	0.00609	0.00552
9	0.00881	0.00619	0.00837	0.00979	0.01041	0.00593	0.00710	0.01022	0.01297	0.01717	0.03454	0.54971	0.04039	0.04403	0.01000	0.03233	0.00450	0.17625	0.00591	0.00538
10	0.02533	0.01794	0.01945	0.01491	0.02017	0.01968	0.01232	0.65942	0.03012	0.08886	0.01650	0.01626	0.01155	0.00792	0.00659	0.00198	0.00713	0.00597	0.00669	0.01120
11	0.01504	0.01311	0.01784	0.01493	0.01706	0.01576	0.05232	0.06360	0.11066	0.04801	0.06534	0.02055	0.01575	0.03232	0.07681	0.00320	0.33464	0.00666	0.00436	0.07205
12	0.02459	0.03138	0.01866	0.01696	0.02035	0.74221	0.01272	0.02629	0.01866	0.01611	0.01018	0.01187	0.00848	0.00678	0.00594	0.00170	0.01187	0.00424	0.00339	0.00763
13	0.01643	0.01647	0.01847	0.39521	0.05213	0.17465	0.01528	0.07910	0.06042	0.01998	0.01438	0.02023	0.01169	0.00761	0.00655	0.00210	0.00875	0.04726	0.02541	0.00789
14	0.01452	0.01354	0.04227	0.02109	0.26807	0.01160	0.01286	0.04448	0.01508	0.02230	0.05166	0.04432	0.01464	0.00671	0.00595	0.00157	0.00607	0.02138	0.00405	0.37784
15	0.01348	0.03216	0.65373	0.01981	0.02918	0.01545	0.10322	0.02088	0.01409	0.02088	0.01199	0.01435	0.00853	0.00617	0.00643	0.00210	0.00989	0.00520	0.00284	0.00963
16	0.01144	0.00572	0.00858	0.00858	0.00858	0.00572	0.00572	0.00858	0.00858	0.01144	0.01144	0.02001	0.01144	0.02287	0.02573	0.80846	0.00572	0.00572	0.00286	0.00286
17	0.00952	0.00689	0.00842	0.00821	0.01005	0.00619	0.00628	0.01207	0.01697	0.04528	0.40755	0.07937	0.27428	0.01497	0.00786	0.00222	0.00353	0.06745	0.00677	0.00612
18	0.00791	0.00616	0.00720	0.00803	0.00925	0.00544	0.00561	0.00929	0.01370	0.01725	0.05015	0.44466	0.35427	0.01882	0.00812	0.00247	0.00360	0.01652	0.00611	0.00544
19	0.01897	0.01326	0.01475	0.01262	0.01647	0.01446	0.00998	0.14658	0.38278	0.14165	0.08184	0.04838	0.02203	0.00933	0.00673	0.00213	0.00533	0.00773	0.03495	0.01002
20	0.01760	0.77260	0.03450	0.01126	0.01690	0.02605	0.01126	0.01971	0.01338	0.01549	0.00915	0.01056	0.00845	0.00563	0.00422	0.00141	0.00704	0.00352	0.00282	0.00845
21	0.00803	0.00587	0.00750	0.00880	0.00940	0.00540	0.00591	0.00921	0.01282	0.01681	0.03968	0.65561	0.12889	0.04123	0.00903	0.00272	0.00383	0.01785	0.00605	0.00534
22	0.05135	0.01167	0.01538	0.01183	0.01690	0.01045	0.00977	0.07147	0.01934	0.67163	0.02490	0.02169	0.01574	0.00808	0.00655	0.00203	0.00568	0.00649	0.00794	0.01109
23	0.01257	0.00642	0.00645	0.00634	0.00796	0.00646	0.00478	0.03122	0.01420	0.02493	0.02135	0.02434	0.01674	0.00768	0.00465	0.00154	0.00316	0.00613	0.78681	0.00625
24	0.01554	0.01776	0.03885	0.02775	0.03441	0.01665	0.70366	0.02109	0.01554	0.02109	0.01332	0.01776	0.00999	0.00555	0.00777	0.00222	0.01110	0.00777	0.00333	0.00888
25	0.02254	0.01168	0.01465	0.01191	0.01608	0.01139	0.02677	0.11728	0.10896	0.37066	0.02675	0.02772	0.05921	0.03347	0.00755	0.00222	0.00562	0.04339	0.07235	0.00979
26	0.00944	0.00692	0.00992	0.00992	0.01087	0.00787	0.00741	0.01133	0.01039	0.01480	0.01823	0.02919	0.01790	0.18824	0.60565	0.00977	0.01546	0.00754	0.00362	0.00551
27	0.07167	0.05372	0.01971	0.01446	0.01967	0.01998	0.01204	0.60935	0.02853	0.06309	0.01544	0.01548	0.01100	0.00770	0.00633	0.00195	0.00705	0.00570	0.00631	0.01082
28	0.00815	0.00589	0.00774	0.00911	0.00968	0.00548	0.00622	0.00947	0.01306	0.01732	0.06308	0.67263	0.08236	0.02005	0.00837	0.00264	0.00385	0.04334	0.00615	0.00542
29	0.01835	0.01239	0.01426	0.01187	0.01618	0.01249	0.00939	0.02883	0.35674	0.19047	0.07666	0.02371	0.02030	0.00827	0.00639	0.00192	0.00507	0.00687	0.00651	0.17334
30	0.02375	0.06953	0.01933	0.01637	0.01998	0.63157	0.01250	0.05417	0.06001	0.01779	0.01133	0.01271	0.00927	0.00689	0.00592	0.00172	0.01103	0.00446	0.00369	0.00799
31	0.01730	0.01423	0.01513	0.01341	0.01726	0.01630	0.01049	0.06677	0.65578	0.05584	0.02624	0.02406	0.01952	0.00885	0.00669	0.00221	0.00532	0.00734	0.00675	0.01049
32	0.02851	0.01231	0.01590	0.01225	0.01733	0.01139	0.01010	0.12740	0.04106	0.61375	0.02456	0.02154	0.01569	0.00814	0.00662	0.00203	0.00582	0.00655	0.00788	0.01118
33	0.00802	0.00573	0.00764	0.00917	0.00955	0.00535	0.00611	0.00917	0.01260	0.01681	0.03628	0.76434	0.04354	0.02062	0.00840	0.00267	0.00382	0.01872	0.00611	0.00535
34	0.00940	0.00705	0.01058	0.01058	0.01176	0.00823	0.00823	0.01176	0.01058	0.01528	0.01763	0.02586	0.01646	0.04937	0.74255	0.01058	0.01763	0.00705	0.00353	0.00588
35	0.01396	0.11641	0.59592	0.01747	0.02624	0.01660	0.02170	0.02188	0.07137	0.02079	0.01274	0.01439	0.00932	0.00640	0.00606	0.00202	0.00905	0.00492	0.00311	0.00964
36	0.01667	0.01429	0.01505	0.01346	0.01723	0.01651	0.01049	0.05757	0.69261	0.02801	0.02642	0.02427	0.01980	0.00890	0.00669	0.00222	0.00528	0.00739	0.00669	0.01045
37	0.00802	0.00573	0.00764	0.00917	0.00955	0.00535	0.00611	0.00917	0.01260	0.01681	0.03628	0.76434	0.04354	0.02062	0.00840	0.00267	0.00382	0.01872	0.00611	0.00535
38	0.76808	0.05757	0.01114	0.00881	0.01298	0.01543	0.00737	0.01937	0.01133	0.02871	0.00917	0.01069	0.00721	0.00608	0.00408	0.00200	0.00521	0.00356	0.00400	0.00721
39	0.05256	0.01290	0.07207	0.01046	0.01591	0.00933	0.00909	0.01781	0.01444	0.08440	0.07994	0.04002	0.01597	0.00660	0.00548	0.00136	0.00515	0.00539	0.00457	0.53655
40	0.04557	0.13979	0.30183	0.02109	0.13142	0.08980	0.09460	0.04733	0.03143	0.02094	0.01190	0.01418	0.00921	0.00619	0.00606	0.00194	0.00903	0.00512	0.00326	0.00931
41	0.01782	0.01422	0.01523	0.01340	0.01731	0.01619	0.01051	0.07842	0.62442	0.07568	0.02602	0.02385	0.01926	0.00881	0.00669	0.00220	0.00537	0.00729	0.00679	0.01052
42	0.02402	0.01769	0.01904	0.01479	0.01977	0.01953	0.01213	0.66452	0.02987	0.04003	0.01701	0.05998	0.01310	0.00865	0.00669	0.00202	0.00704	0.00668	0.00656	0.01085
43	0.01365	0.02999	0.57141	0.02000	0.02847	0.01589	0.12583	0.02048	0.01383	0.02048	0.01178	0.01452	0.00861	0.00658	0.00774	0.00217	0.07093	0.00538	0.00287	0.00939
44	0.00970	0.00748	0.01114	0.01097	0.01208	0.00893	0.00859	0.01199	0.01055	0.01532	0.01711	0.02519	0.01600	0.04716	0.70047	0.01013	0.06076	0.00698	0.00349	0.00596
45	0.00778	0.00667	0.00667	0.00667	0.00889	0.00556	0.00500	0.00945	0.01501	0.01778	0.06669	0.06336	0.72490	0.01667	0.00778	0.00222	0.00333	0.01389	0.00611	0.00556
46	0.00946	0.00676	0.00929	0.01081	0.01183	0.00659	0.00862	0.01166	0.01403	0.01842	0.03549	0.37994	0.04039	0.01927	0.00879	0.00287	0.00507	0.38890	0.00608	0.00575
47	0.02459	0.03138	0.01866	0.01696	0.02035	0.74221	0.01272	0.02629	0.01866	0.01611	0.01018	0.01187	0.00848	0.00678	0.00594	0.00170	0.01187	0.00424	0.00339	0.00763
48	0.00867	0.00633	0.00795	0.00902	0.00979	0.00596	0.00614	0.03467	0.01346	0.01769	0.03865	0.62828	0.12345	0.04519	0.00912	0.00272	0.00397	0.01736	0.00606	0.00554
49	0.01637	0.01414	0.01489	0.01340	0.01712	0.01637	0.01042	0.03498	0.71568	0.02754	0.02679	0.02456	0.02010	0.00893	0.00670	0.00223	0.00521	0.00744	0.00670	0.01042
50	0.03913	0.03330	0.69237	0.01839	0.02777	0.03457	0.02347	0.02095	0.01394	0.02100	0.01169	0.01374	0.00830	0.00626	0.00618	0.00207	0.00964	0.00481	0.00284	0.00959
51	0.02581	0.01659	0.01854	0.01428	0.01946	0.01775	0.01178	0.52522	0.04999	0.20404	0.01856	0.01764	0.01268	0.00799	0.00660	0.00200	0.00679	0.00614	0.00696	0.01117
52	0.01365	0.01170	0.01365	0.00975	0.01560	0.00878	0.00780	0.01658	0.01365	0.02145	0.01170	0.01365	0.00975	0.00488	0.00488	0.00098	0.00488	0.00390	0.00390	0.80888
53	0.00904	0.00669	0.00843	0.00806	0.00968	0.00608	0.00602	0.01185	0.01787	0.02474	0.59895	0.07547	0.16430	0.01420	0.00779	0.00211	0.00317	0.01244	0.00703	0.00608
54	0.00816	0.00588	0.00774	0.00897	0.00956	0.00546	0.00608	0.00956	0.01340	0.01797	0.11796	0.65316	0.07244	0.01963	0.00830	0.00259	0.00372	0.01773	0.00624	0.00546
55	0.00864	0.00649	0.00759	0.00767	0.00923	0.00581	0.00558	0.01075	0.01566	0.02086	0.29321	0.17764	0.31301	0.03983	0.00855	0.00235	0.00342	0.01351	0.04446	0.00573
56	0.00914	0.00629	0.00765	0.00795	0.00831	0.00616	0.00499	0.00995	0.01166	0.01581	0.12489	0.22444	0.03404	0.44799	0.04827	0.00498	0.00566	0.01211	0.00497	0.00471
57	0.02520	0.01484	0.01848	0.01429	0.01927	0.04377	0.06749	0.24198	0.06348	0.35836	0.04853	0.02070	0.01588	0.00806	0.00673	0.00203	0.00670	0.00666	0.00695	0.01062
58	0.01623	0.01473	0.02453	0.05857	0.53280	0.01478	0.05474	0.05561	0.01592	0.04300	0.01690	0.02223	0.04616	0.00729	0.00681	0.00206	0.00762	0.04635	0.00387	0.00981
59	0.01957	0.01758	0.06995	0.01445	0.01920	0.08348	0.05913	0.33741	0.02334	0.05755	0.12499	0.02413	0.07142	0.00889	0.00678	0.00197	0.00706	0.00725	0.00581	0.04004
60	0.02392	0.02910	0.01894	0.01819	0.06614	0.64607	0.01303	0.02638	0.04288	0.03974	0.01141	0.01294	0.00926	0.00684	0.00602	0.00174	0.01117	0.00453	0.00365	0.00803
61	0.00888	0.00652	0.00845	0.00961	0.01069	0.00614	0.00730	0.01076	0.01397	0.01817	0.06842	0.38913	0.15130	0.03624	0.00907	0.00277	0.00448	0.22639	0.00609	0.00561
62	0.01217	0.00851	0.01168	0.07206	0.01480	0.00940	0.00875	0.07878	0.01335	0.06009	0.02025	0.12127	0.01974	0.12649	0.38404	0.00701	0.01200	0.00864	0.00443	0.00651
63	0.01778	0.01706	0.02368	0.10378	0.46248	0.11638	0.01785	0.02116	0.01520	0.06610	0.01261	0.01606	0.01024	0.00664	0.00758	0.00202	0.06462	0.00568	0.00353	0.00954
64	0.00930	0.00687	0.00813	0.00783	0.00978	0.00608	0.00595	0.01176	0.01692	0.04345	0.38997	0.05552	0.34938	0.01488	0.00779	0.00217	0.00339	0.03802	0.00673	0.00607
65	0.00818	0.00620	0.00730	0.00810	0.00914	0.00560	0.00557	0.00943	0.01320	0.01677	0.04561	0.40666	0.29103	0.10546	0.01109	0.00295	0.00399	0.03259	0.00587	0.00529
66	0.05267	0.13361	0.10581	0.05591	0.10888	0.11121	0.04147	0.15910	0.05176	0.09718	0.01418	0.01540	0.01061	0.00681	0.00605	0.00191	0.00805	0.00533	0.00450	0.00956
67	0.00966	0.00724	0.00893	0.00945	0.01090	0.00701	0.00716	0.05152	0.01472	0.01911	0.06260	0.29857	0.21504	0.04661	0.06930	0.00334	0.00552	0.14152	0.00588	0.00591
68	0.01063	0.00654	0.00855	0.00918	0.01037	0.00595	0.00644	0.01215	0.01406	0.10142	0.09726	0.55654	0.09930	0.01821	0.00809	0.00251	0.00393	0.01630	0.00645	0.00613
69	0.01546	0.04317	0.01593	0.03771	0.04013	0.04100	0.00939	0.08802	0.01565	0.02290	0.01198	0.01390	0.00978	0.00539	0.00518	0.00120	0.00572	0.00424	0.00406	0.60919
70	0.01775	0.14442	0.02503	0.08440	0.23522	0.15739	0.07453	0.06070	0.01569	0.01941	0.01195	0.01617	0.01030	0.05146	0.00851	0.00217	0.04729	0.00554	0.00341	0.00867
71	0.00840	0.00599	0.00801	0.00949	0.01001	0.00567	0.00663	0.00976	0.01285	0.01707	0.03566	0.65460	0.04226	0.04141	0.00920	0.00282	0.00418	0.10454	0.00604	0.00540
72	0.01523	0.01695	0.10506	0.07980	0.40380	0.03312	0.01729	0.01931	0.01450	0.02094	0.01204	0.01533	0.00985	0.00574	0.00607	0.00174	0.00749	0.00522	0.00334	0.20717
73	0.01492	0.03285	0.01506	0.01292	0.01428	0.09111	0.01011	0.03956	0.01248	0.07056	0.01500	0.02331	0.01429	0.17560	0.19053	0.00516	0.24498	0.00670	0.00384	0.00675
74	0.00854	0.00625	0.00805	0.00868	0.00972	0.00575	0.00618	0.01050	0.01509	0.02041	0.28343	0.41206	0.12325	0.01758	0.00813	0.00242	0.00359	0.03817	0.00651	0.00570
75	0.02320	0.02701	0.01898	0.03486	0.06241	0.53533	0.01308	0.10893	0.07694	0.02047	0.01239	0.01378	0.00988	0.00704	0.00613	0.00180	0.01045	0.00484	0.00403	0.00845
76	0.01587	0.01370	0.01440	0.01300	0.01663	0.01574	0.01010	0.03348	0.67433	0.02696	0.02915	0.02685	0.06169	0.00939	0.00676	0.00223	0.00510	0.00782	0.00666	0.01013
77	0.00803	0.00591	0.00753	0.00874	0.00946	0.00541	0.00594	0.00933	0.01320	0.01731	0.06617	0.62869	0.15067	0.01975	0.00828	0.00258	0.00372	0.01771	0.00615	0.00541
78	0.00832	0.00669	0.00742	0.00724	0.00923	0.00579	0.00543	0.01050	0.01629	0.02083	0.29897	0.05835	0.49072	0.01554	0.00777	0.00217	0.00325	0.01319	0.00651	0.00579
79	0.01261	0.00721	0.00753	0.00718	0.00902	0.00724	0.00545	0.07104	0.01556	0.02522	0.07028	0.05856	0.07437	0.00928	0.00537	0.00170	0.00346	0.00759	0.59487	0.00648
80	0.01016	0.00746	0.00995	0.01121	0.01275	0.00735	0.00947	0.01327	0.03463	0.01939	0.03851	0.14528	0.11837	0.01801	0.00880	0.00288	0.00548	0.51490	0.00609	0.00605
81	0.03635	0.56104	0.21644	0.01316	0.01982	0.02296	0.01457	0.02000	0.01346	0.01724	0.00985	0.01143	0.00839	0.00581	0.00475	0.00160	0.00769	0.00387	0.00284	0.00875
82	0.01614	0.44677	0.25652	0.01513	0.05129	0.05076	0.01578	0.02009	0.01373	0.01748	0.01048	0.01246	0.00878	0.00741	0.03080	0.00198	0.00850	0.00420	0.00287	0.00882
83	0.00885	0.00758	0.03706	0.01011	0.01115	0.00676	0.00773	0.01057	0.01309	0.01739	0.03647	0.54548	0.09924	0.01896	0.00898	0.00267	0.04011	0.10625	0.00582	0.00572
84	0.02056	0.28398	0.04410	0.01364	0.01882	0.08366	0.01200	0.27794	0.11148	0.02714	0.01417	0.01464	0.01102	0.00700	0.00565	0.00176	0.00730	0.00504	0.00481	0.03529
85	0.01986	0.24693	0.12238	0.01608	0.08102	0.08050	0.01376	0.12145	0.04124	0.12842	0.01500	0.04365	0.01193	0.00735	0.00615	0.00186	0.02290	0.00555	0.00450	0.00946
86	0.05009	0.20746	0.13617	0.01728	0.04604	0.07141	0.11455	0.16911	0.03133	0.04214	0.01253	0.01430	0.00970	0.00672	0.00669	0.00192	0.04396	0.00526	0.00402	0.00931
87	0.01343	0.03261	0.67659	0.02011	0.06195	0.01535	0.04783	0.02083	0.01401	0.02089	0.01189	0.01415	0.00850	0.00621	0.00632	0.00208	0.00969	0.00501	0.00282	0.00973
88	0.00814	0.00593	0.00767	0.00882	0.00952	0.00546	0.00601	0.00956	0.01351	0.01797	0.11569	0.61603	0.11254	0.01944	0.00827	0.00256	0.00369	0.01749	0.00624	0.00546
89	0.01982	0.04597	0.04747	0.12496	0.14073	0.08815	0.01468	0.16614	0.03446	0.12070	0.01455	0.01658	0.01094	0.00762	0.00824	0.00208	0.10077	0.00572	0.02104	0.00938
