[name]
unknown

[dist]
# distance from previous block
# <min> <max>
8	37

[block]
# block no. 0 follows, 33 sequences, length 118
# corresponding to MSA columns:
# 38-155
name=unknown_A
#
# <colnr> <probs for GDERKNQSTAVLIFYWHMCP>
#	G	D	E	R	K	N	Q	S	T	A	V	L	I	F	Y	W	H	M	C	P
0	0.01667	0.61676	0.18220	0.01285	0.01934	0.02378	0.01402	0.01995	0.01349	0.01662	0.00971	0.01126	0.00843	0.00576	0.00465	0.00155	0.00761	0.00380	0.00281	0.00872
1	0.01638	0.33723	0.30741	0.01473	0.02170	0.02013	0.01642	0.10014	0.04091	0.02105	0.01193	0.01357	0.00945	0.00791	0.03322	0.00212	0.00846	0.00461	0.00341	0.00925
2	0.56248	0.03789	0.01225	0.01032	0.01415	0.09526	0.00838	0.06885	0.01345	0.02700	0.01064	0.01277	0.00858	0.01080	0.08129	0.00286	0.00736	0.00417	0.00408	0.00739
3	0.00990	0.00769	0.01166	0.03369	0.01328	0.00856	0.03427	0.01220	0.01085	0.01549	0.01742	0.02675	0.01656	0.12395	0.58747	0.00920	0.01541	0.00721	0.00357	0.03485
4	0.01305	0.01280	0.02247	0.58422	0.04126	0.01541	0.11433	0.01733	0.01322	0.01733	0.01165	0.01730	0.00893	0.00688	0.00811	0.00226	0.07683	0.00611	0.00298	0.00752
5	0.01692	0.65891	0.14225	0.01242	0.01868	0.02439	0.01327	0.01989	0.01346	0.01631	0.00956	0.01107	0.00843	0.00573	0.00454	0.00151	0.00745	0.00373	0.00281	0.00865
6	0.01109	0.00690	0.00853	0.00825	0.00890	0.00703	0.00533	0.01179	0.01051	0.06926	0.02049	0.03784	0.02176	0.55754	0.18119	0.00693	0.00870	0.00881	0.00421	0.00495
7	0.01278	0.01205	0.02037	0.68942	0.10605	0.01472	0.01845	0.01712	0.01333	0.01724	0.01176	0.01744	0.00892	0.00652	0.00658	0.00217	0.00869	0.00585	0.00295	0.00759
8	0.01365	0.01170	0.01365	0.00975	0.01560	0.00878	0.00780	0.01658	0.01365	0.02145	0.01170	0.01365	0.00975	0.00488	0.00488	0.00098	0.00488	0.00390	0.00390	0.80888
9	0.01272	0.01210	0.01981	0.64466	0.04122	0.01544	0.01771	0.01668	0.01271	0.01668	0.01125	0.01709	0.00876	0.00731	0.00879	0.00229	0.11874	0.00584	0.00292	0.00730
10	0.04125	0.00780	0.01031	0.03675	0.01313	0.00804	0.00874	0.01394	0.03188	0.03862	0.14544	0.05265	0.05382	0.10681	0.10895	0.00413	0.00709	0.29895	0.00557	0.00614
11	0.01529	0.01295	0.01753	0.01262	0.01851	0.01066	0.10229	0.06406	0.01527	0.05066	0.01276	0.01470	0.01014	0.00530	0.00545	0.00125	0.00590	0.00467	0.00417	0.61581
12	0.01629	0.01564	0.02672	0.04041	0.72757	0.01564	0.02020	0.02020	0.01499	0.02151	0.01238	0.01629	0.01043	0.00587	0.00652	0.00196	0.00782	0.00587	0.00326	0.01043
13	0.01272	0.01200	0.02027	0.69895	0.09693	0.01470	0.01843	0.01708	0.01330	0.01717	0.01175	0.01746	0.00890	0.00653	0.00658	0.00218	0.00870	0.00585	0.00295	0.00755
14	0.01554	0.01776	0.03885	0.02775	0.03441	0.01665	0.70366	0.02109	0.01554	0.02109	0.01332	0.01776	0.00999	0.00555	0.00777	0.00222	0.01110	0.00777	0.00333	0.00888
15	0.01243	0.01170	0.01975	0.75282	0.04534	0.01463	0.01828	0.01682	0.01316	0.01682	0.01170	0.01755	0.00878	0.00658	0.00658	0.00219	0.00878	0.00585	0.00293	0.00731
16	0.00830	0.00642	0.00756	0.00785	0.00935	0.00569	0.00567	0.01023	0.01538	0.02001	0.24923	0.25804	0.33893	0.01686	0.00795	0.00231	0.00341	0.01468	0.00644	0.00569
17	0.01365	0.01170	0.01365	0.00975	0.01560	0.00878	0.00780	0.01658	0.01365	0.02145	0.01170	0.01365	0.00975	0.00488	0.00488	0.00098	0.00488	0.00390	0.00390	0.80888
18	0.01365	0.01170	0.01365	0.00975	0.01560	0.00878	0.00780	0.01658	0.01365	0.02145	0.01170	0.01365	0.00975	0.00488	0.00488	0.00098	0.00488	0.00390	0.00390	0.80888
19	0.00932	0.00673	0.00880	0.00828	0.00984	0.00621	0.00621	0.01242	0.01863	0.02640	0.72410	0.04918	0.06212	0.01346	0.00776	0.00207	0.00311	0.01191	0.00725	0.00621
20	0.00932	0.00673	0.00880	0.00828	0.00984	0.00621	0.00621	0.01242	0.01863	0.02640	0.72410	0.04918	0.06212	0.01346	0.00776	0.00207	0.00311	0.01191	0.00725	0.00621
21	0.01487	0.01650	0.03545	0.02582	0.03184	0.01551	0.62293	0.02005	0.01540	0.02082	0.01588	0.05085	0.01345	0.00711	0.00790	0.00230	0.01043	0.06074	0.00365	0.00852
22	0.00802	0.00573	0.00764	0.00917	0.00955	0.00535	0.00611	0.00917	0.01260	0.01681	0.03628	0.76434	0.04354	0.02062	0.00840	0.00267	0.00382	0.01872	0.00611	0.00535
23	0.01227	0.00614	0.00614	0.00614	0.00767	0.00614	0.00460	0.01534	0.01381	0.02454	0.02148	0.02454	0.01687	0.00767	0.00460	0.00153	0.00307	0.00614	0.80518	0.00614
24	0.01629	0.01564	0.02672	0.04041	0.72757	0.01564	0.02020	0.02020	0.01499	0.02151	0.01238	0.01629	0.01043	0.00587	0.00652	0.00196	0.00782	0.00587	0.00326	0.01043
25	0.01413	0.18989	0.58682	0.01718	0.02605	0.01756	0.02157	0.02061	0.01379	0.01972	0.01125	0.01319	0.00836	0.00612	0.00583	0.00194	0.00916	0.00458	0.00279	0.00946
26	0.01061	0.00758	0.01061	0.01212	0.01364	0.00758	0.01061	0.01364	0.01515	0.01970	0.03486	0.07426	0.03789	0.01819	0.00909	0.00303	0.00606	0.68326	0.00606	0.00606
27	0.01036	0.00740	0.01033	0.01184	0.01325	0.00737	0.01018	0.01322	0.01491	0.01943	0.03499	0.13966	0.03842	0.01842	0.00903	0.00300	0.00585	0.62028	0.00607	0.00599
28	0.01365	0.01170	0.01365	0.00975	0.01560	0.00878	0.00780	0.01658	0.01365	0.02145	0.01170	0.01365	0.00975	0.00488	0.00488	0.00098	0.00488	0.00390	0.00390	0.80888
29	0.01760	0.77260	0.03450	0.01126	0.01690	0.02605	0.01126	0.01971	0.01338	0.01549	0.00915	0.01056	0.00845	0.00563	0.00422	0.00141	0.00704	0.00352	0.00282	0.00845
30	0.00778	0.00667	0.00667	0.00667	0.00889	0.00556	0.00500	0.00945	0.01501	0.01778	0.06669	0.06336	0.72490	0.01667	0.00778	0.00222	0.00333	0.01389	0.00611	0.00556
31	0.01267	0.01084	0.01715	0.55968	0.05748	0.01309	0.01541	0.01732	0.03983	0.01885	0.01417	0.01913	0.01081	0.00686	0.00620	0.00206	0.00751	0.00597	0.15768	0.00730
32	0.01637	0.01414	0.01489	0.01340	0.01712	0.01637	0.01042	0.03498	0.71568	0.02754	0.02679	0.02456	0.02010	0.00893	0.00670	0.00223	0.00521	0.00744	0.00670	0.01042
33	0.00814	0.00666	0.00724	0.00760	0.00952	0.00577	0.00579	0.00990	0.01473	0.01789	0.05934	0.14867	0.56335	0.01732	0.00801	0.00237	0.00371	0.09227	0.00611	0.00559
34	0.81514	0.01273	0.00968	0.00866	0.01273	0.01477	0.00713	0.01935	0.01120	0.02954	0.00917	0.01069	0.00713	0.00611	0.00407	0.00204	0.00509	0.00356	0.00407	0.00713
35	0.01320	0.03405	0.73453	0.01876	0.02849	0.01529	0.02432	0.02085	0.01390	0.02085	0.01181	0.01390	0.00834	0.00625	0.00625	0.00208	0.00973	0.00486	0.00278	0.00973
36	0.02456	0.01821	0.01949	0.01505	0.02024	0.02020	0.01240	0.66918	0.06816	0.04073	0.01640	0.01628	0.01168	0.00796	0.00659	0.00199	0.00713	0.00601	0.00659	0.01115
37	0.01295	0.00844	0.01112	0.01116	0.06374	0.00773	0.00777	0.01627	0.04001	0.12818	0.40711	0.06147	0.14162	0.01228	0.00737	0.00206	0.00401	0.01068	0.00675	0.03929
38	0.01615	0.01550	0.02647	0.06616	0.70291	0.01561	0.02013	0.02008	0.01492	0.02134	0.01236	0.01634	0.01037	0.00589	0.00652	0.00196	0.00786	0.00587	0.00325	0.01032
39	0.02936	0.01148	0.01545	0.01184	0.01694	0.01009	0.00978	0.05786	0.01931	0.70570	0.02558	0.02215	0.01610	0.00814	0.00662	0.00203	0.00566	0.00659	0.00809	0.01120
40	0.00957	0.00638	0.00718	0.00718	0.00718	0.00638	0.00399	0.00957	0.00957	0.01276	0.02074	0.04308	0.02393	0.76864	0.03351	0.00638	0.00638	0.00957	0.00399	0.00399
41	0.01506	0.13168	0.47547	0.01584	0.02407	0.01539	0.01893	0.02085	0.01415	0.07151	0.01245	0.01401	0.00914	0.00609	0.00579	0.00182	0.00832	0.00466	0.00334	0.13143
42	0.01502	0.33968	0.44484	0.01566	0.02369	0.01974	0.01892	0.02038	0.01368	0.01863	0.01071	0.01252	0.00838	0.00600	0.00541	0.00180	0.00862	0.00431	0.00279	0.00920
43	0.01760	0.77260	0.03450	0.01126	0.01690	0.02605	0.01126	0.01971	0.01338	0.01549	0.00915	0.01056	0.00845	0.00563	0.00422	0.00141	0.00704	0.00352	0.00282	0.00845
44	0.00778	0.00667	0.00667	0.00667	0.00889	0.00556	0.00500	0.00945	0.01501	0.01778	0.06669	0.06336	0.72490	0.01667	0.00778	0.00222	0.00333	0.01389	0.00611	0.00556
45	0.01624	0.01579	0.02756	0.03954	0.67980	0.01571	0.06730	0.02026	0.01503	0.02148	0.01245	0.01639	0.01040	0.00584	0.00660	0.00197	0.00805	0.00600	0.00326	0.01032
46	0.00957	0.00638	0.00718	0.00718	0.00718	0.00638	0.00399	0.00957	0.00957	0.01276	0.02074	0.04308	0.02393	0.76864	0.03351	0.00638	0.00638	0.00957	0.00399	0.00399
47	0.00802	0.00573	0.00764	0.00917	0.00955	0.00535	0.00611	0.00917	0.01260	0.01681	0.03628	0.76434	0.04354	0.02062	0.00840	0.00267	0.00382	0.01872	0.00611	0.00535
48	0.07728	0.01806	0.01909	0.01472	0.01991	0.02004	0.01216	0.66023	0.02965	0.04070	0.01537	0.01547	0.01093	0.00778	0.00642	0.00198	0.00710	0.00577	0.00642	0.01093
49	0.01408	0.18172	0.59457	0.01726	0.02617	0.01744	0.02171	0.02062	0.01379	0.01978	0.01128	0.01323	0.00836	0.00613	0.00585	0.00195	0.00919	0.00460	0.00279	0.00947
50	0.02954	0.01120	0.01528	0.01171	0.01681	0.00968	0.00968	0.03208	0.01884	0.73213	0.02597	0.02241	0.01630	0.00815	0.00662	0.00204	0.00560	0.00662	0.00815	0.01120
51	0.00784	0.00667	0.00675	0.00673	0.00893	0.00558	0.00505	0.00957	0.01515	0.01813	0.09291	0.06279	0.69847	0.01654	0.00778	0.00222	0.00333	0.01381	0.00616	0.00558
52	0.01196	0.00780	0.00947	0.00889	0.01124	0.00711	0.00702	0.04016	0.01737	0.10761	0.28663	0.05311	0.28893	0.01439	0.00776	0.00224	0.00404	0.10076	0.00677	0.00674
53	0.02343	0.02859	0.01890	0.01688	0.02000	0.61294	0.01290	0.06775	0.01843	0.01767	0.01035	0.01241	0.00867	0.00741	0.00780	0.00185	0.09814	0.00452	0.00353	0.00781
54	0.01320	0.03405	0.73453	0.01876	0.02849	0.01529	0.02432	0.02085	0.01390	0.02085	0.01181	0.01390	0.00834	0.00625	0.00625	0.00208	0.00973	0.00486	0.00278	0.00973
55	0.00948	0.00674	0.00902	0.00902	0.00965	0.00738	0.00628	0.01075	0.01012	0.01412	0.01906	0.03378	0.01990	0.38008	0.41654	0.00865	0.01246	0.00821	0.00374	0.00501
56	0.76923	0.05647	0.01110	0.00881	0.01297	0.01542	0.00737	0.01937	0.01133	0.02873	0.00917	0.01069	0.00721	0.00608	0.00408	0.00200	0.00520	0.00356	0.00400	0.00721
57	0.01846	0.02121	0.02023	0.01753	0.01910	0.30434	0.03823	0.02014	0.01365	0.01614	0.00941	0.01353	0.00863	0.00944	0.01494	0.00239	0.43688	0.00523	0.00310	0.00743
58	0.01411	0.18570	0.59079	0.01722	0.02611	0.01750	0.02164	0.02062	0.01379	0.01975	0.01127	0.01321	0.00836	0.00613	0.00584	0.00195	0.00918	0.00459	0.00279	0.00947
59	0.01478	0.29830	0.48406	0.01608	0.02434	0.01914	0.01965	0.02044	0.01371	0.01893	0.01086	0.01270	0.00838	0.00603	0.00553	0.00184	0.00877	0.00438	0.00279	0.00927
60	0.00940	0.00705	0.01058	0.01058	0.01176	0.00823	0.00823	0.01176	0.01058	0.01528	0.01763	0.02586	0.01646	0.04937	0.74255	0.01058	0.01763	0.00705	0.00353	0.00588
61	0.00957	0.00638	0.00718	0.00718	0.00718	0.00638	0.00399	0.00957	0.00957	0.01276	0.02074	0.04308	0.02393	0.76864	0.03351	0.00638	0.00638	0.00957	0.00399	0.00399
62	0.02297	0.02882	0.02007	0.07972	0.02338	0.63329	0.05849	0.02515	0.01799	0.01650	0.01051	0.01274	0.00860	0.00669	0.00611	0.00177	0.01156	0.00461	0.00335	0.00769
63	0.02165	0.19717	0.08955	0.01566	0.02022	0.46298	0.01339	0.04533	0.04407	0.01763	0.01091	0.01237	0.00899	0.00659	0.00563	0.00170	0.01019	0.00431	0.00343	0.00823
64	0.02954	0.01120	0.01528	0.01171	0.01681	0.00968	0.00968	0.03208	0.01884	0.73213	0.02597	0.02241	0.01630	0.00815	0.00662	0.00204	0.00560	0.00662	0.00815	0.01120
65	0.00808	0.00576	0.00762	0.00909	0.00945	0.00539	0.00603	0.00918	0.01248	0.01664	0.03566	0.73558	0.04276	0.05046	0.00940	0.00282	0.00392	0.01835	0.00603	0.00529
66	0.00817	0.00582	0.00771	0.00909	0.00947	0.00551	0.00605	0.00928	0.01234	0.01649	0.03465	0.69278	0.04136	0.06990	0.03487	0.00318	0.00445	0.01773	0.00589	0.00528
67	0.02090	0.01918	0.02443	0.02512	0.24642	0.11450	0.10962	0.30422	0.02215	0.02898	0.01363	0.01570	0.01043	0.00679	0.00664	0.00197	0.00857	0.00594	0.00466	0.01016
68	0.01637	0.01414	0.01489	0.01340	0.01712	0.01637	0.01042	0.03498	0.71568	0.02754	0.02679	0.02456	0.02010	0.00893	0.00670	0.00223	0.00521	0.00744	0.00670	0.01042
69	0.00902	0.00622	0.00728	0.00771	0.00796	0.00604	0.00465	0.00945	0.01079	0.01424	0.02815	0.24818	0.07543	0.50801	0.02473	0.00506	0.00546	0.01244	0.00473	0.00448
70	0.01629	0.01715	0.01863	0.31829	0.10424	0.21432	0.01499	0.04294	0.04012	0.01817	0.01344	0.03998	0.01128	0.01186	0.08790	0.00297	0.01018	0.00600	0.00351	0.00775
71	0.02889	0.01223	0.01592	0.01220	0.01732	0.01121	0.01008	0.12801	0.02057	0.63377	0.02452	0.02147	0.01557	0.00811	0.00662	0.00203	0.00584	0.00652	0.00793	0.01120
72	0.00914	0.00663	0.00861	0.00830	0.00977	0.00610	0.00616	0.01200	0.01792	0.02516	0.63375	0.11749	0.08572	0.01426	0.00783	0.00213	0.00318	0.01263	0.00710	0.00610
73	0.00968	0.00751	0.00890	0.00841	0.01037	0.00714	0.00635	0.01408	0.09274	0.02429	0.47849	0.05020	0.22953	0.01380	0.00765	0.00213	0.00339	0.01194	0.00689	0.00650
74	0.00888	0.00640	0.00814	0.00884	0.00964	0.00611	0.00610	0.01092	0.03482	0.01890	0.19243	0.42770	0.06651	0.12325	0.01173	0.00304	0.00413	0.04081	0.00609	0.00554
75	0.01320	0.03405	0.73453	0.01876	0.02849	0.01529	0.02432	0.02085	0.01390	0.02085	0.01181	0.01390	0.00834	0.00625	0.00625	0.00208	0.00973	0.00486	0.00278	0.00973
76	0.01554	0.01776	0.03885	0.02775	0.03441	0.01665	0.70366	0.02109	0.01554	0.02109	0.01332	0.01776	0.00999	0.00555	0.00777	0.00222	0.01110	0.00777	0.00333	0.00888
77	0.01365	0.01170	0.01365	0.00975	0.01560	0.00878	0.00780	0.01658	0.01365	0.02145	0.01170	0.01365	0.00975	0.00488	0.00488	0.00098	0.00488	0.00390	0.00390	0.80888
78	0.01485	0.01573	0.02754	0.02142	0.02405	0.01878	0.28661	0.01791	0.01224	0.01791	0.01049	0.01573	0.00917	0.00916	0.01614	0.00262	0.46218	0.00655	0.00306	0.00786
79	0.01629	0.01564	0.02672	0.04041	0.72757	0.01564	0.02020	0.02020	0.01499	0.02151	0.01238	0.01629	0.01043	0.00587	0.00652	0.00196	0.00782	0.00587	0.00326	0.01043
80	0.01451	0.01616	0.03460	0.02515	0.03102	0.01513	0.60935	0.01949	0.01522	0.02054	0.01742	0.09564	0.03691	0.00746	0.00783	0.00227	0.01010	0.00909	0.00371	0.00841
81	0.01630	0.01162	0.01392	0.01008	0.01580	0.00893	0.00811	0.01916	0.01452	0.14005	0.01408	0.01511	0.01084	0.00542	0.00517	0.00115	0.00500	0.00435	0.00461	0.67576
82	0.12054	0.01188	0.01493	0.01159	0.01658	0.01100	0.00957	0.07673	0.01878	0.60317	0.02332	0.02059	0.01488	0.00789	0.00632	0.00203	0.00566	0.00622	0.00757	0.01073
83	0.00785	0.00667	0.00677	0.00675	0.00894	0.00559	0.00506	0.00959	0.01518	0.01819	0.09773	0.06269	0.69361	0.01652	0.00778	0.00222	0.00332	0.01380	0.00617	0.00559
84	0.05779	0.01148	0.01521	0.01171	0.01677	0.01019	0.00967	0.05238	0.01894	0.68545	0.02505	0.02178	0.01581	0.00807	0.00653	0.00204	0.00563	0.00649	0.00795	0.01106
85	0.00802	0.00573	0.00764	0.00917	0.00955	0.00535	0.00611	0.00917	0.01260	0.01681	0.03628	0.76434	0.04354	0.02062	0.00840	0.00267	0.00382	0.01872	0.00611	0.00535
86	0.00802	0.00573	0.00764	0.00917	0.00955	0.00535	0.00611	0.00917	0.01260	0.01681	0.03628	0.76434	0.04354	0.02062	0.00840	0.00267	0.00382	0.01872	0.00611	0.00535
87	0.01524	0.01307	0.01385	0.01254	0.01600	0.01487	0.00972	0.03151	0.61542	0.02670	0.07532	0.02920	0.07803	0.00983	0.00685	0.00222	0.00493	0.00824	0.00669	0.00977
88	0.00982	0.00719	0.00959	0.01087	0.01235	0.00696	0.00912	0.01238	0.01479	0.01901	0.04009	0.16392	0.14748	0.01827	0.00879	0.00286	0.00533	0.48921	0.00608	0.00589
89	0.01170	0.00811	0.01033	0.00940	0.01137	0.00804	0.00721	0.01630	0.09027	0.07703	0.57464	0.04339	0.05245	0.01253	0.00810	0.00212	0.03207	0.01083	0.00709	0.00704
90	0.00906	0.00661	0.00851	0.00827	0.00973	0.00606	0.00611	0.01183	0.01767	0.02466	0.59673	0.13332	0.10777	0.01452	0.00784	0.00215	0.00321	0.01284	0.00703	0.00606
91	0.02422	0.03027	0.01875	0.01691	0.02024	0.68908	0.01278	0.05012	0.01877	0.01701	0.01032	0.01211	0.00858	0.00700	0.00655	0.00175	0.03995	0.00436	0.00349	0.00774
92	0.04253	0.01542	0.01778	0.01537	0.07075	0.04307	0.01162	0.32875	0.04504	0.27284	0.05456	0.01977	0.01551	0.00806	0.00657	0.00200	0.00659	0.00639	0.00673	0.01064
93	0.26548	0.03935	0.06354	0.07326	0.14582	0.01413	0.08586	0.02125	0.01407	0.14445	0.01454	0.01809	0.01130	0.03602	0.00693	0.00223	0.00701	0.02361	0.00439	0.00867
94	0.02363	0.02955	0.01959	0.01969	0.10255	0.65776	0.01359	0.02558	0.01823	0.01674	0.01043	0.01239	0.00871	0.00668	0.00600	0.00173	0.01140	0.00443	0.00338	0.00796
95	0.01570	0.04317	0.22910	0.01595	0.02247	0.11257	0.10969	0.02010	0.01479	0.04349	0.01308	0.04271	0.01066	0.00636	0.00600	0.00168	0.00816	0.00540	0.00362	0.27530
96	0.01178	0.01204	0.13915	0.01033	0.01375	0.00810	0.00967	0.01551	0.01746	0.09157	0.46671	0.04169	0.11223	0.01198	0.00739	0.00208	0.00455	0.01034	0.00642	0.00725
97	0.02701	0.01068	0.01428	0.01113	0.01589	0.00920	0.00913	0.02945	0.01840	0.64910	0.03070	0.02717	0.09866	0.00914	0.00676	0.00206	0.00534	0.00747	0.00791	0.01055
98	0.69275	0.01249	0.01055	0.00913	0.01337	0.01398	0.00753	0.02134	0.01239	0.13900	0.01178	0.01252	0.00856	0.00643	0.00447	0.00204	0.00517	0.00404	0.00471	0.00776
99	0.01629	0.01564	0.02672	0.04041	0.72757	0.01564	0.02020	0.02020	0.01499	0.02151	0.01238	0.01629	0.01043	0.00587	0.00652	0.00196	0.00782	0.00587	0.00326	0.01043
100	0.04863	0.01843	0.01908	0.01489	0.01995	0.04571	0.01221	0.61464	0.07659	0.03927	0.01615	0.01611	0.01158	0.00788	0.00649	0.00199	0.00720	0.00590	0.00640	0.01089
101	0.00824	0.00669	0.00730	0.00715	0.00917	0.00575	0.00536	0.01033	0.01608	0.02034	0.26178	0.05915	0.52822	0.01572	0.00778	0.00218	0.00327	0.01330	0.00645	0.00575
102	0.00812	0.00633	0.00737	0.00786	0.00929	0.00558	0.00561	0.00982	0.01469	0.01880	0.16102	0.32309	0.36367	0.01763	0.00801	0.00237	0.00348	0.01538	0.00629	0.00558
103	0.02459	0.03138	0.01866	0.01696	0.02035	0.74221	0.01272	0.02629	0.01866	0.01611	0.01018	0.01187	0.00848	0.00678	0.00594	0.00170	0.01187	0.00424	0.00339	0.00763
104	0.01029	0.00802	0.01124	0.01054	0.01125	0.00922	0.02845	0.01165	0.01025	0.01449	0.01766	0.03129	0.01837	0.34059	0.33658	0.00762	0.10554	0.00795	0.00363	0.00535
105	0.00951	0.00640	0.00722	0.00720	0.00732	0.00635	0.00410	0.00967	0.01005	0.01339	0.04600	0.04393	0.04747	0.71923	0.03182	0.00610	0.00617	0.00979	0.00417	0.00411
106	0.00953	0.00652	0.00790	0.00788	0.00816	0.00674	0.00489	0.01009	0.01005	0.01368	0.04163	0.03989	0.02363	0.60450	0.17177	0.00707	0.00849	0.00915	0.00400	0.00443
107	0.08832	0.24718	0.37108	0.01515	0.02251	0.04636	0.01733	0.06245	0.01487	0.04287	0.01141	0.01293	0.00868	0.00624	0.00548	0.00186	0.00833	0.00445	0.00333	0.00917
108	0.01413	0.02512	0.39749	0.04999	0.19830	0.01523	0.13575	0.02018	0.01437	0.02077	0.01307	0.04190	0.01038	0.00656	0.00666	0.00210	0.00925	0.00612	0.00311	0.00952
109	0.00823	0.00593	0.00784	0.00923	0.00980	0.00553	0.00637	0.00960	0.01310	0.01740	0.06388	0.66402	0.07064	0.02003	0.00840	0.00266	0.00392	0.06183	0.00615	0.00544
110	0.01557	0.01768	0.03841	0.02820	0.05913	0.01661	0.67928	0.02106	0.01552	0.02110	0.01329	0.01771	0.01000	0.00556	0.00772	0.00221	0.01098	0.00770	0.00333	0.00893
111	0.04354	0.02189	0.14165	0.02676	0.30262	0.16716	0.06317	0.04767	0.01597	0.04832	0.01224	0.01501	0.00970	0.00658	0.00719	0.00200	0.05016	0.00544	0.00353	0.00940
112	0.01097	0.00699	0.00856	0.00879	0.00959	0.02582	0.00617	0.01179	0.03777	0.01634	0.02202	0.18249	0.04580	0.04452	0.09823	0.29743	0.00628	0.00915	0.14643	0.00486
113	0.01105	0.00624	0.00663	0.00683	0.00833	0.00603	0.00510	0.01373	0.01405	0.02268	0.05273	0.11122	0.11733	0.01085	0.00571	0.00182	0.00330	0.03473	0.55564	0.00597
114	0.02104	0.17873	0.02380	0.02104	0.19085	0.30438	0.01406	0.09170	0.04002	0.03810	0.01198	0.01373	0.00978	0.00654	0.00583	0.00175	0.00906	0.00481	0.00378	0.00901
115	0.01921	0.09081	0.24425	0.01703	0.04928	0.06793	0.06611	0.14159	0.03751	0.13612	0.01706	0.01884	0.03066	0.00745	0.00642	0.00201	0.00818	0.02514	0.00469	0.00972
116	0.02257	0.01672	0.01798	0.01432	0.01902	0.01856	0.01161	0.49579	0.19389	0.06209	0.01898	0.01911	0.01397	0.03518	0.00757	0.00220	0.00667	0.00645	0.00658	0.01075
117	0.01173	0.00891	0.01082	0.00994	0.01199	0.00943	0.00773	0.01596	0.10565	0.07029	0.16991	0.04188	0.26881	0.03610	0.10138	0.00340	0.09310	0.01026	0.00580	0.00690

[dist]
# distance from previous block
# <min> <max>
0	2

[block]
# block no. 1 follows, 33 sequences, length 53
# corresponding to MSA columns:
# 158-210
name=unknown_B
#
# <colnr> <probs for GDERKNQSTAVLIFYWHMCP>
#	G	D	E	R	K	N	Q	S	T	A	V	L	I	F	Y	W	H	M	C	P
0	0.01914	0.38479	0.07469	0.01366	0.01846	0.27029	0.01232	0.02231	0.04792	0.01729	0.05420	0.01425	0.01227	0.00670	0.00528	0.00163	0.00856	0.00455	0.00346	0.00821
1	0.03477	0.18707	0.35095	0.01512	0.02239	0.05159	0.01686	0.06444	0.04751	0.04584	0.01252	0.01389	0.00949	0.00628	0.00565	0.00180	0.00810	0.00466	0.00357	0.09750
2	0.01835	0.29946	0.19995	0.01471	0.02073	0.13760	0.01475	0.10053	0.09626	0.02122	0.01273	0.01378	0.01006	0.00660	0.00555	0.00178	0.00830	0.00469	0.00377	0.00917
3	0.06563	0.00871	0.04121	0.00920	0.01049	0.00836	0.00676	0.04333	0.01141	0.01662	0.02008	0.10489	0.02157	0.39542	0.20233	0.00637	0.00902	0.00906	0.00415	0.00539
4	0.01518	0.02627	0.39651	0.02172	0.12773	0.06832	0.10031	0.05018	0.01546	0.02172	0.03313	0.01565	0.01065	0.00634	0.00641	0.00197	0.00914	0.00549	0.00333	0.06447
5	0.03186	0.01076	0.01186	0.04444	0.01447	0.05654	0.00834	0.05132	0.10465	0.10797	0.29698	0.07414	0.07942	0.01118	0.00700	0.00205	0.00484	0.00949	0.03782	0.03488
6	0.01738	0.01661	0.13004	0.03761	0.11657	0.01419	0.03759	0.02746	0.29264	0.13724	0.05295	0.02165	0.01715	0.00782	0.00659	0.00208	0.00652	0.00671	0.00553	0.04567
7	0.02523	0.01811	0.01956	0.01499	0.02025	0.01993	0.01238	0.67528	0.03041	0.07260	0.01626	0.01610	0.01143	0.00791	0.00659	0.00198	0.00717	0.00596	0.00666	0.01120
8	0.02287	0.02784	0.05086	0.01686	0.02034	0.53378	0.01342	0.10589	0.01885	0.01932	0.01073	0.01275	0.00882	0.00748	0.00798	0.00189	0.10389	0.00466	0.00368	0.00810
9	0.01495	0.32770	0.45619	0.01578	0.02388	0.01957	0.01913	0.02040	0.01369	0.01872	0.01076	0.01257	0.00838	0.00601	0.00545	0.00182	0.00866	0.00433	0.00279	0.00922
10	0.01596	0.01378	0.01449	0.01307	0.01672	0.01585	0.01016	0.03375	0.68199	0.02707	0.02871	0.02643	0.05399	0.00930	0.00675	0.00223	0.00512	0.00775	0.00667	0.01019
11	0.81514	0.01273	0.00968	0.00866	0.01273	0.01477	0.00713	0.01935	0.01120	0.02954	0.00917	0.01069	0.00713	0.00611	0.00407	0.00204	0.00509	0.00356	0.00407	0.00713
12	0.01360	0.01131	0.01311	0.00968	0.01493	0.00893	0.00771	0.04773	0.01486	0.02268	0.06570	0.01850	0.04081	0.00616	0.00526	0.00116	0.00475	0.00501	0.02687	0.66124
13	0.01144	0.00572	0.00858	0.00858	0.00858	0.00572	0.00572	0.00858	0.00858	0.01144	0.01144	0.02001	0.01144	0.02287	0.02573	0.80846	0.00572	0.00572	0.00286	0.00286
14	0.02396	0.09808	0.02008	0.01645	0.02004	0.67776	0.01259	0.02570	0.01818	0.01606	0.01008	0.01175	0.00848	0.00668	0.00578	0.00167	0.01144	0.00418	0.00334	0.00771
15	0.01549	0.01482	0.02527	0.18813	0.58611	0.01543	0.01981	0.01950	0.01461	0.02054	0.01224	0.01655	0.01009	0.00601	0.00653	0.00200	0.00802	0.00586	0.00319	0.00978
16	0.01183	0.00801	0.00911	0.00826	0.01075	0.00727	0.00632	0.06282	0.01730	0.09833	0.22599	0.05111	0.40035	0.04269	0.00854	0.00230	0.00392	0.01186	0.00658	0.00668
17	0.01629	0.01564	0.02672	0.04041	0.72757	0.01564	0.02020	0.02020	0.01499	0.02151	0.01238	0.01629	0.01043	0.00587	0.00652	0.00196	0.00782	0.00587	0.00326	0.01043
18	0.00802	0.00573	0.00764	0.00917	0.00955	0.00535	0.00611	0.00917	0.01260	0.01681	0.03628	0.76434	0.04354	0.02062	0.00840	0.00267	0.00382	0.01872	0.00611	0.00535
19	0.00898	0.00726	0.00821	0.00832	0.01016	0.00686	0.00614	0.01246	0.08533	0.01937	0.12759	0.20141	0.38775	0.01860	0.05831	0.00288	0.00458	0.01355	0.00612	0.00610
20	0.00850	0.00621	0.00805	0.00935	0.00999	0.00593	0.00640	0.01054	0.04456	0.01764	0.05385	0.67445	0.06155	0.01974	0.00831	0.00264	0.00391	0.03659	0.00616	0.00562
21	0.01243	0.01170	0.01975	0.75282	0.04534	0.01463	0.01828	0.01682	0.01316	0.01682	0.01170	0.01755	0.00878	0.00658	0.00658	0.00219	0.00878	0.00585	0.00293	0.00731
22	0.00959	0.00646	0.00753	0.00768	0.00783	0.00648	0.00463	0.00990	0.01009	0.01345	0.02216	0.06959	0.02536	0.67134	0.05063	0.00614	0.00658	0.05613	0.00419	0.00423
23	0.00814	0.00587	0.00751	0.00876	0.00927	0.00546	0.00582	0.00923	0.01255	0.01653	0.03761	0.63590	0.10308	0.08806	0.01062	0.00297	0.00401	0.01745	0.00592	0.00524
24	0.02557	0.01756	0.01921	0.01473	0.01998	0.01911	0.01217	0.62370	0.02948	0.12549	0.01704	0.01661	0.01182	0.00793	0.00659	0.00198	0.00704	0.00601	0.00678	0.01120
25	0.00913	0.00709	0.00847	0.00925	0.01062	0.00682	0.00676	0.01248	0.08849	0.01853	0.04346	0.41784	0.22742	0.01803	0.00813	0.00254	0.00408	0.08866	0.00617	0.00602
26	0.00825	0.00589	0.00788	0.00932	0.00983	0.00553	0.00641	0.00961	0.01305	0.01743	0.06789	0.68686	0.04403	0.02014	0.00842	0.00267	0.00393	0.06128	0.00616	0.00543
27	0.02483	0.01797	0.01937	0.01494	0.02013	0.01982	0.01231	0.64997	0.06030	0.06799	0.01668	0.01645	0.01178	0.00796	0.00659	0.00199	0.00709	0.00602	0.00665	0.01116
28	0.01365	0.01170	0.01365	0.00975	0.01560	0.00878	0.00780	0.01658	0.01365	0.02145	0.01170	0.01365	0.00975	0.00488	0.00488	0.00098	0.00488	0.00390	0.00390	0.80888
29	0.00922	0.00707	0.00870	0.00949	0.01126	0.00655	0.00782	0.01158	0.01510	0.01898	0.07294	0.09938	0.33714	0.01747	0.00845	0.00263	0.00467	0.33960	0.00613	0.00582
30	0.00858	0.00638	0.00779	0.00817	0.00935	0.00583	0.00578	0.01038	0.01478	0.01962	0.24975	0.28517	0.21415	0.09234	0.01059	0.00276	0.00380	0.03299	0.00624	0.00554
31	0.01117	0.00989	0.04173	0.01048	0.01309	0.00874	0.03745	0.09661	0.04077	0.02151	0.07262	0.30414	0.24117	0.01518	0.00763	0.00229	0.00472	0.01327	0.00589	0.04168
32	0.01508	0.01702	0.10898	0.04791	0.11036	0.13838	0.01247	0.03718	0.01639	0.04804	0.15674	0.07189	0.07467	0.00933	0.00664	0.00191	0.00685	0.00781	0.00473	0.10762
33	0.01768	0.67892	0.06559	0.01186	0.01759	0.02497	0.01189	0.05018	0.03883	0.01729	0.01018	0.01144	0.00897	0.00588	0.00451	0.00149	0.00711	0.00382	0.00311	0.00870
34	0.01600	0.50292	0.29011	0.01400	0.02113	0.02212	0.01603	0.02013	0.01357	0.01745	0.01012	0.01178	0.00841	0.00586	0.00497	0.00166	0.00802	0.00401	0.00280	0.00892
35	0.00823	0.00621	0.00767	0.00850	0.00958	0.00557	0.00590	0.00973	0.01375	0.01803	0.10461	0.51114	0.20850	0.01861	0.00810	0.00247	0.00367	0.01654	0.00615	0.02706
36	0.00851	0.00690	0.00762	0.00795	0.00976	0.00622	0.00588	0.01110	0.05239	0.01855	0.08429	0.22325	0.46664	0.01711	0.00793	0.00236	0.00367	0.04784	0.00619	0.00582
37	0.23596	0.08811	0.04668	0.01290	0.01719	0.20720	0.01075	0.12160	0.03696	0.09194	0.01438	0.06296	0.01188	0.00774	0.00563	0.00193	0.00753	0.00553	0.00468	0.00844
38	0.00806	0.00620	0.00739	0.00811	0.00933	0.00552	0.00569	0.00961	0.01415	0.01818	0.11926	0.42002	0.30814	0.01836	0.00810	0.00244	0.00356	0.01615	0.00623	0.00552
39	0.00943	0.00697	0.01017	0.01017	0.01120	0.00800	0.00771	0.01149	0.01046	0.01498	0.01801	0.02796	0.01737	0.13686	0.65631	0.01007	0.01627	0.00736	0.00358	0.00565
40	0.01503	0.01470	0.02627	0.22545	0.32304	0.01541	0.16805	0.03739	0.03552	0.02059	0.01315	0.01760	0.01046	0.00803	0.03887	0.00246	0.00913	0.00638	0.00338	0.00908
41	0.03431	0.04162	0.02517	0.15903	0.33781	0.03484	0.09734	0.12722	0.03658	0.02374	0.01307	0.01642	0.01028	0.00638	0.00655	0.00202	0.00823	0.00597	0.00383	0.00960
42	0.00856	0.00602	0.00749	0.00838	0.00877	0.00572	0.00538	0.00943	0.01196	0.01591	0.05861	0.47289	0.06860	0.26169	0.01646	0.00383	0.00460	0.01529	0.00547	0.00495
43	0.00911	0.00622	0.00729	0.00769	0.00786	0.00608	0.00458	0.00946	0.01054	0.01399	0.02625	0.23506	0.05022	0.54755	0.02607	0.00527	0.00561	0.01213	0.00462	0.00440
44	0.01546	0.17505	0.34114	0.01977	0.04736	0.05672	0.18370	0.02151	0.04203	0.01987	0.01217	0.01455	0.00929	0.00608	0.00622	0.00196	0.00941	0.00539	0.00312	0.00921
45	0.00832	0.00586	0.00755	0.00878	0.00909	0.00555	0.00570	0.00925	0.01202	0.01602	0.03327	0.62459	0.03974	0.16556	0.01327	0.00339	0.00432	0.01694	0.00570	0.00508
46	0.02634	0.01398	0.01662	0.01290	0.01784	0.01408	0.01060	0.29778	0.05691	0.39330	0.02179	0.02000	0.01449	0.00807	0.00652	0.00200	0.00612	0.00636	0.04336	0.01093
47	0.00863	0.00670	0.00784	0.00756	0.00941	0.00592	0.00567	0.01109	0.01700	0.02253	0.42855	0.05555	0.36008	0.01490	0.00777	0.00214	0.00321	0.01280	0.00674	0.00592
48	0.03438	0.19842	0.31537	0.01664	0.04051	0.08590	0.06126	0.03738	0.01507	0.08134	0.01352	0.04776	0.01085	0.00695	0.00595	0.00192	0.00857	0.00548	0.00363	0.00911
49	0.00801	0.00577	0.00760	0.00906	0.00952	0.00536	0.00606	0.00918	0.01270	0.01685	0.03756	0.73497	0.07209	0.02046	0.00838	0.00265	0.00380	0.01851	0.00611	0.00536
50	0.02387	0.03001	0.01936	0.01899	0.08166	0.67922	0.01337	0.02576	0.01834	0.01658	0.01037	0.01226	0.00865	0.00670	0.00599	0.00172	0.01152	0.00438	0.00338	0.00787
51	0.02108	0.05871	0.02139	0.12633	0.12320	0.44768	0.03796	0.05291	0.01754	0.01820	0.01101	0.01362	0.00896	0.00658	0.00612	0.00182	0.01042	0.00486	0.00342	0.00821
52	0.01533	0.03267	0.04158	0.01376	0.06530	0.01128	0.03032	0.17072	0.01803	0.09486	0.02992	0.30027	0.10344	0.01355	0.00741	0.00229	0.00559	0.02975	0.00592	0.00801

[dist]
# distance from previous block
# <min> <max>
1	3

[block]
# block no. 2 follows, 33 sequences, length 28
# corresponding to MSA columns:
# 214-241
name=unknown_C
#
# <colnr> <probs for GDERKNQSTAVLIFYWHMCP>
#	G	D	E	R	K	N	Q	S	T	A	V	L	I	F	Y	W	H	M	C	P
0	0.10133	0.10389	0.28629	0.01549	0.02194	0.13657	0.01605	0.13403	0.05597	0.05042	0.01299	0.01410	0.00965	0.00675	0.00586	0.00193	0.00852	0.00487	0.00405	0.00931
1	0.01751	0.01780	0.02365	0.03290	0.52346	0.13611	0.01753	0.04720	0.03305	0.02130	0.01569	0.01851	0.05242	0.00681	0.00650	0.00194	0.00815	0.00611	0.00366	0.00971
2	0.01243	0.01170	0.01975	0.75282	0.04534	0.01463	0.01828	0.01682	0.01316	0.01682	0.01170	0.01755	0.00878	0.00658	0.00658	0.00219	0.00878	0.00585	0.00293	0.00731
3	0.02107	0.02439	0.01651	0.01482	0.01799	0.49755	0.01123	0.08156	0.04402	0.02088	0.16427	0.02065	0.02061	0.00839	0.00641	0.00182	0.00937	0.00614	0.00461	0.00773
4	0.01696	0.01160	0.01399	0.01016	0.01585	0.00896	0.00819	0.01981	0.01473	0.16957	0.01468	0.01548	0.01112	0.00556	0.00524	0.00120	0.00503	0.00447	0.00479	0.64263
5	0.00880	0.00597	0.00791	0.00916	0.00979	0.00553	0.00621	0.01007	0.01306	0.04206	0.05618	0.69851	0.06233	0.01988	0.00830	0.00262	0.00385	0.01797	0.00621	0.00558
6	0.02542	0.01780	0.01936	0.01484	0.02010	0.01947	0.01226	0.64609	0.02988	0.10253	0.01670	0.01639	0.01165	0.00792	0.00659	0.00198	0.00710	0.00599	0.00672	0.01120
7	0.01320	0.03405	0.73453	0.01876	0.02849	0.01529	0.02432	0.02085	0.01390	0.02085	0.01181	0.01390	0.00834	0.00625	0.00625	0.00208	0.00973	0.00486	0.00278	0.00973
8	0.02628	0.01367	0.10252	0.01242	0.01780	0.01011	0.01125	0.02936	0.01787	0.60331	0.02485	0.06504	0.01693	0.00865	0.00668	0.00208	0.00600	0.00712	0.00737	0.01068
9	0.00780	0.00659	0.00675	0.00689	0.00895	0.00554	0.00510	0.00942	0.01480	0.01770	0.06403	0.12462	0.66535	0.01702	0.00783	0.00226	0.00338	0.01432	0.00611	0.00554
10	0.00942	0.00700	0.01029	0.01029	0.01136	0.00807	0.00787	0.01157	0.01049	0.01507	0.01790	0.02734	0.01710	0.11095	0.68185	0.01022	0.01667	0.00727	0.00357	0.00572
11	0.01596	0.01319	0.01402	0.01254	0.01592	0.01503	0.00968	0.07557	0.55842	0.02736	0.06389	0.02647	0.02192	0.05557	0.00830	0.00243	0.00521	0.00766	0.04121	0.00966
12	0.02459	0.03138	0.01866	0.01696	0.02035	0.74221	0.01272	0.02629	0.01866	0.01611	0.01018	0.01187	0.00848	0.00678	0.00594	0.00170	0.01187	0.00424	0.00339	0.00763
13	0.01602	0.01374	0.01462	0.01332	0.01691	0.01584	0.01043	0.03368	0.67279	0.02706	0.02729	0.02760	0.02119	0.00950	0.00685	0.00228	0.00526	0.04882	0.00666	0.01015
14	0.00811	0.00589	0.00768	0.00908	0.00967	0.00546	0.00621	0.00938	0.01291	0.01701	0.03875	0.67697	0.10001	0.02019	0.00838	0.00265	0.00387	0.04628	0.00611	0.00539
15	0.00914	0.00617	0.00805	0.00909	0.00994	0.00567	0.00630	0.01056	0.01353	0.05067	0.08047	0.60985	0.10144	0.01921	0.00824	0.00258	0.00387	0.03323	0.00627	0.00571
16	0.02324	0.17433	0.02171	0.01586	0.01969	0.60409	0.01244	0.02502	0.01764	0.01599	0.00998	0.01162	0.00847	0.00656	0.00561	0.00164	0.01094	0.00410	0.00328	0.00779
17	0.00805	0.00661	0.00709	0.00711	0.00909	0.00565	0.00528	0.00991	0.01543	0.01912	0.17188	0.11133	0.56778	0.01643	0.00782	0.00223	0.00333	0.01392	0.00630	0.00565
18	0.01365	0.01170	0.01365	0.00975	0.01560	0.00878	0.00780	0.01658	0.01365	0.02145	0.01170	0.01365	0.00975	0.00488	0.00488	0.00098	0.00488	0.00390	0.00390	0.80888
19	0.01051	0.00728	0.01084	0.01064	0.01203	0.00831	0.00831	0.01288	0.01104	0.05478	0.01809	0.02567	0.01645	0.04710	0.70200	0.01011	0.01697	0.00703	0.00378	0.00617
20	0.00817	0.00584	0.00781	0.00934	0.00979	0.00548	0.00638	0.00943	0.01275	0.01698	0.03620	0.72373	0.04321	0.02048	0.00844	0.00269	0.00395	0.05783	0.00611	0.00539
21	0.00957	0.00638	0.00718	0.00718	0.00718	0.00638	0.00399	0.00957	0.00957	0.01276	0.02074	0.04308	0.02393	0.76864	0.03351	0.00638	0.00638	0.00957	0.00399	0.00399
22	0.00940	0.00667	0.00867	0.00868	0.00933	0.00709	0.00595	0.01062	0.01072	0.01480	0.05992	0.05532	0.04350	0.38906	0.32381	0.00767	0.01070	0.00902	0.00409	0.00497
23	0.00949	0.00639	0.00740	0.00747	0.00756	0.00644	0.00434	0.00968	0.00977	0.01310	0.02128	0.07546	0.02440	0.69113	0.07460	0.00646	0.00693	0.00985	0.00406	0.00416
24	0.02340	0.02614	0.02086	0.01928	0.08398	0.46540	0.05563	0.18347	0.02100	0.02280	0.01187	0.01354	0.00938	0.00689	0.00625	0.00182	0.01039	0.00499	0.00412	0.00879
25	0.01506	0.01386	0.02256	0.40296	0.31800	0.01553	0.01856	0.07693	0.01542	0.02081	0.01233	0.01690	0.00965	0.00641	0.00656	0.00208	0.00826	0.00586	0.00337	0.00890
26	0.06338	0.09402	0.16988	0.01606	0.02184	0.15160	0.05667	0.22312	0.07584	0.04537	0.01395	0.01491	0.01040	0.00699	0.00612	0.00193	0.00851	0.00529	0.00457	0.00955
27	0.02113	0.33395	0.02549	0.01520	0.03855	0.36668	0.01238	0.05561	0.01666	0.01721	0.01003	0.01174	0.00866	0.00651	0.00586	0.00164	0.03707	0.00413	0.00329	0.00820

[dist]
# distance from previous block
# <min> <max>
0	4

[block]
# block no. 3 follows, 33 sequences, length 33
# corresponding to MSA columns:
# 246-278
name=unknown_D
#
# <colnr> <probs for GDERKNQSTAVLIFYWHMCP>
#	G	D	E	R	K	N	Q	S	T	A	V	L	I	F	Y	W	H	M	C	P
0	0.01494	0.12702	0.45811	0.01828	0.04556	0.01650	0.08162	0.04727	0.03518	0.04365	0.01364	0.04495	0.01069	0.00688	0.00625	0.00203	0.00884	0.00571	0.00341	0.00945
1	0.04607	0.13017	0.09942	0.03385	0.01905	0.13075	0.01221	0.12803	0.08668	0.10020	0.06989	0.04871	0.01639	0.00805	0.00612	0.00189	0.00726	0.00622	0.00500	0.04404
2	0.00813	0.00581	0.00777	0.00930	0.00973	0.00544	0.00631	0.00936	0.01272	0.01693	0.03622	0.73414	0.04329	0.02052	0.00843	0.00269	0.00392	0.04780	0.00611	0.00538
3	0.01475	0.01448	0.02599	0.24029	0.33239	0.01517	0.15759	0.01954	0.03660	0.02017	0.01397	0.02014	0.01156	0.00673	0.00693	0.00214	0.00859	0.04055	0.00343	0.00900
4	0.08188	0.04534	0.11710	0.01556	0.02063	0.17216	0.05067	0.21524	0.12850	0.04065	0.01576	0.03989	0.01228	0.00767	0.00627	0.00199	0.00815	0.00592	0.00492	0.00940
5	0.01644	0.01471	0.02227	0.11769	0.40871	0.03683	0.01702	0.08377	0.01606	0.04426	0.01524	0.05828	0.01357	0.00809	0.00779	0.00214	0.05890	0.04492	0.00397	0.00933
6	0.00957	0.00707	0.00897	0.00843	0.01013	0.00665	0.00634	0.01332	0.05121	0.02598	0.65526	0.04880	0.09648	0.01342	0.00772	0.00209	0.00322	0.01180	0.00716	0.00637
7	0.03949	0.05766	0.52024	0.01725	0.02540	0.04923	0.04235	0.03928	0.01485	0.08887	0.01334	0.01548	0.00969	0.03040	0.00705	0.00217	0.00907	0.00518	0.00351	0.00948
8	0.01534	0.14527	0.52257	0.01758	0.02597	0.05686	0.04705	0.04155	0.01477	0.03791	0.01184	0.01369	0.00871	0.00626	0.00600	0.00196	0.00931	0.00481	0.00309	0.00947
9	0.00817	0.00585	0.00769	0.00906	0.00953	0.00547	0.00609	0.00938	0.01278	0.01703	0.05822	0.68223	0.05898	0.05086	0.00941	0.00280	0.00393	0.03113	0.00606	0.00534
10	0.00826	0.00640	0.00739	0.00785	0.00924	0.00570	0.00560	0.00987	0.01434	0.01826	0.13404	0.27590	0.36303	0.06990	0.00980	0.00266	0.00376	0.03643	0.00610	0.00548
11	0.01917	0.01487	0.03751	0.01445	0.05321	0.04369	0.03157	0.24707	0.13272	0.11986	0.04110	0.06473	0.13086	0.01001	0.00691	0.00210	0.00623	0.00827	0.00621	0.00947
12	0.02983	0.05259	0.03213	0.01078	0.01266	0.07190	0.00838	0.03455	0.06029	0.01689	0.01834	0.02960	0.01798	0.23687	0.30421	0.00661	0.01131	0.03485	0.00400	0.00624
13	0.00974	0.00676	0.00880	0.00841	0.00998	0.00620	0.00626	0.01258	0.01791	0.04623	0.61018	0.11943	0.08435	0.01413	0.00779	0.00213	0.00326	0.01250	0.00712	0.00625
14	0.01320	0.03405	0.73453	0.01876	0.02849	0.01529	0.02432	0.02085	0.01390	0.02085	0.01181	0.01390	0.00834	0.00625	0.00625	0.00208	0.00973	0.00486	0.00278	0.00973
15	0.05363	0.04290	0.05765	0.03432	0.04282	0.16379	0.09667	0.28437	0.06284	0.07494	0.01482	0.01579	0.01089	0.00716	0.00642	0.00196	0.00850	0.00572	0.00507	0.00972
16	0.02207	0.07249	0.14267	0.01630	0.02127	0.38070	0.01444	0.14821	0.03882	0.05026	0.01247	0.01367	0.00958	0.00703	0.00635	0.00185	0.02401	0.00482	0.00410	0.00890
17	0.00963	0.00725	0.01048	0.01037	0.01133	0.00844	0.00788	0.01161	0.01042	0.01495	0.01771	0.02782	0.01720	0.14874	0.61459	0.00969	0.04530	0.00736	0.00357	0.00567
18	0.01522	0.01695	0.09226	0.05093	0.20665	0.09005	0.05108	0.03990	0.10407	0.02162	0.10052	0.06727	0.01968	0.03328	0.00870	0.00226	0.05901	0.00752	0.00439	0.00863
19	0.00958	0.00731	0.00869	0.00843	0.01027	0.00680	0.00636	0.04201	0.03172	0.02311	0.37322	0.12667	0.26467	0.01506	0.00781	0.00222	0.00359	0.03957	0.00669	0.00622
20	0.01658	0.01637	0.04324	0.12369	0.56841	0.05518	0.01937	0.02048	0.01505	0.04081	0.01255	0.01632	0.01023	0.00608	0.00649	0.00198	0.00814	0.00577	0.00335	0.00990
21	0.01776	0.07636	0.01823	0.01617	0.09837	0.10890	0.02837	0.11735	0.19682	0.06001	0.04903	0.02594	0.12402	0.00917	0.00691	0.00203	0.02272	0.00740	0.00539	0.00906
22	0.01756	0.01347	0.01423	0.01229	0.01598	0.03859	0.00967	0.14240	0.35044	0.09468	0.10477	0.02979	0.10727	0.01003	0.00689	0.00213	0.00536	0.00826	0.00669	0.00949
23	0.01836	0.55425	0.05962	0.01455	0.04793	0.13751	0.05034	0.02089	0.01441	0.01635	0.00978	0.01153	0.00861	0.00584	0.00486	0.00155	0.00816	0.00402	0.00295	0.00847
24	0.00814	0.00633	0.00718	0.00766	0.00901	0.00561	0.00535	0.00956	0.01390	0.01753	0.09486	0.29613	0.38419	0.09118	0.01050	0.00277	0.00378	0.01496	0.00598	0.00538
25	0.02133	0.20664	0.06767	0.01744	0.08258	0.13265	0.05062	0.26569	0.02097	0.05505	0.01303	0.01420	0.01000	0.00678	0.00594	0.00181	0.00825	0.00513	0.00453	0.00969
26	0.00800	0.00582	0.00754	0.00892	0.00948	0.00537	0.00600	0.00919	0.01284	0.01690	0.03925	0.69593	0.11004	0.02024	0.00834	0.00263	0.00377	0.01824	0.00611	0.00537
27	0.00899	0.00682	0.00841	0.00943	0.01039	0.00668	0.00652	0.01227	0.09664	0.01818	0.03806	0.60923	0.10580	0.01885	0.00814	0.00258	0.00394	0.01691	0.00618	0.00597
28	0.01643	0.04164	0.02339	0.27486	0.35811	0.08554	0.01801	0.06657	0.01577	0.02058	0.01207	0.01607	0.00967	0.00633	0.00641	0.00199	0.00846	0.00563	0.00337	0.00910
29	0.01429	0.06737	0.56438	0.01798	0.02661	0.01509	0.06902	0.02093	0.01442	0.05760	0.04070	0.01583	0.01104	0.00652	0.00630	0.00203	0.00908	0.00534	0.00331	0.03218
30	0.00942	0.00698	0.01021	0.01021	0.01126	0.00803	0.00777	0.01152	0.01047	0.01501	0.01797	0.02774	0.01727	0.12792	0.66512	0.01012	0.01640	0.00733	0.00358	0.00567
31	0.02336	0.08056	0.01940	0.01624	0.01982	0.62677	0.01241	0.02663	0.08206	0.01711	0.01163	0.01294	0.00954	0.00690	0.00589	0.00173	0.01093	0.00448	0.00366	0.00794
32	0.09716	0.04500	0.02146	0.05518	0.33690	0.05310	0.01508	0.16163	0.06727	0.02573	0.01392	0.01709	0.01134	0.04246	0.00746	0.00217	0.00739	0.00576	0.00428	0.00961

[dist]
# distance from previous block
# <min> <max>
0	1

[block]
# block no. 4 follows, 33 sequences, length 42
# corresponding to MSA columns:
# 280-321
name=unknown_E
#
# <colnr> <probs for GDERKNQSTAVLIFYWHMCP>
#	G	D	E	R	K	N	Q	S	T	A	V	L	I	F	Y	W	H	M	C	P
0	0.06229	0.04812	0.07238	0.01768	0.06598	0.42461	0.04227	0.08585	0.03886	0.02048	0.02897	0.01505	0.01095	0.03049	0.00691	0.00197	0.00993	0.00508	0.00385	0.00828
1	0.02143	0.01493	0.01634	0.01311	0.01765	0.04507	0.01063	0.35674	0.02316	0.14106	0.01970	0.09119	0.01645	0.00931	0.00664	0.00196	0.00642	0.05062	0.00621	0.13139
2	0.01365	0.01170	0.01365	0.00975	0.01560	0.00878	0.00780	0.01658	0.01365	0.02145	0.01170	0.01365	0.00975	0.00488	0.00488	0.00098	0.00488	0.00390	0.00390	0.80888
3	0.00934	0.00700	0.01024	0.01024	0.01140	0.00802	0.00787	0.01155	0.01071	0.01526	0.01986	0.02833	0.04664	0.08503	0.67514	0.01001	0.01645	0.00747	0.00366	0.00577
4	0.01495	0.06370	0.37310	0.01863	0.05624	0.05496	0.12251	0.02043	0.01469	0.05097	0.01598	0.01784	0.05546	0.00675	0.00635	0.00194	0.00877	0.00581	0.00348	0.08742
