[name]
unknown

[dist]
# distance from previous block
# <min> <max>
0	3

[block]
# block no. 0 follows, 34 sequences, length 77
# corresponding to MSA columns:
# 3-79
name=unknown_A
#
# <colnr> <probs for GDERKNQSTAVLIFYWHMCP>
#	G	D	E	R	K	N	Q	S	T	A	V	L	I	F	Y	W	H	M	C	P
0	0.02355	0.01621	0.01795	0.01417	0.01895	0.01759	0.01174	0.55210	0.04703	0.11743	0.01863	0.02166	0.01416	0.00872	0.00669	0.00205	0.00677	0.06749	0.00659	0.01051
1	0.02543	0.01609	0.01810	0.01386	0.01900	0.01702	0.01144	0.51767	0.02688	0.22064	0.01800	0.01714	0.01225	0.00774	0.00643	0.00193	0.00663	0.00594	0.00680	0.03100
2	0.01974	0.01700	0.01605	0.01361	0.01750	0.13408	0.01074	0.24744	0.27750	0.05469	0.10347	0.02212	0.01983	0.00860	0.00654	0.00200	0.00658	0.00681	0.00613	0.00957
3	0.01220	0.01148	0.01938	0.75739	0.04450	0.01436	0.01794	0.01651	0.01292	0.01651	0.01148	0.01723	0.00861	0.00646	0.00646	0.00215	0.00861	0.00574	0.00287	0.00718
4	0.01340	0.01148	0.01340	0.00957	0.01531	0.00861	0.00766	0.01627	0.01340	0.02105	0.01148	0.01340	0.00957	0.00479	0.00479	0.00096	0.00479	0.00383	0.00383	0.81242
5	0.01422	0.25085	0.53308	0.01626	0.02464	0.01809	0.02012	0.02014	0.01349	0.01892	0.01083	0.01268	0.00822	0.00596	0.00556	0.00185	0.00878	0.00439	0.00274	0.00918
6	0.00787	0.00562	0.00750	0.00900	0.00937	0.00525	0.00600	0.00900	0.01237	0.01649	0.03561	0.76871	0.04274	0.02024	0.00825	0.00262	0.00375	0.01837	0.00600	0.00525
7	0.01585	0.01520	0.02596	0.06725	0.70617	0.01531	0.01976	0.01970	0.01464	0.02093	0.01213	0.01604	0.01017	0.00578	0.00640	0.00193	0.00771	0.00576	0.00319	0.01012
8	0.00940	0.00626	0.00705	0.00705	0.00705	0.00626	0.00392	0.00940	0.00940	0.01253	0.02036	0.04228	0.02349	0.77292	0.03289	0.00626	0.00626	0.00940	0.00392	0.00392
9	0.02336	0.01708	0.01843	0.01437	0.01927	0.01886	0.01179	0.59945	0.09872	0.06095	0.03975	0.01763	0.01362	0.00804	0.00651	0.00197	0.00673	0.00618	0.00654	0.01076
10	0.05384	0.68278	0.03130	0.01098	0.01639	0.02381	0.01075	0.02028	0.01345	0.07240	0.01028	0.01128	0.00884	0.00574	0.00432	0.00146	0.00671	0.00370	0.00323	0.00845
11	0.01201	0.00782	0.00939	0.00840	0.01091	0.00699	0.00646	0.04228	0.01722	0.11577	0.33306	0.06679	0.27443	0.01317	0.00732	0.00204	0.00371	0.01125	0.00664	0.04434
12	0.05746	0.01751	0.01835	0.01424	0.01925	0.05233	0.01170	0.55946	0.02743	0.13279	0.01633	0.01600	0.01138	0.00767	0.00634	0.00194	0.00702	0.00574	0.00642	0.01066
13	0.01316	0.06813	0.70650	0.01807	0.02743	0.01550	0.02327	0.02041	0.01362	0.02022	0.01147	0.01349	0.00819	0.00611	0.00605	0.00202	0.00943	0.00471	0.00273	0.00949
14	0.01296	0.03342	0.73944	0.01842	0.02797	0.01501	0.02387	0.02046	0.01364	0.02046	0.01160	0.01364	0.00818	0.00614	0.00614	0.00205	0.00955	0.00477	0.00273	0.00955
15	0.01226	0.01157	0.01939	0.73392	0.04363	0.01453	0.01782	0.01648	0.01282	0.01648	0.01139	0.01713	0.00861	0.00661	0.00693	0.00217	0.03247	0.00574	0.00287	0.00717
16	0.61718	0.01461	0.01190	0.06135	0.01608	0.08168	0.00874	0.08359	0.01359	0.02802	0.00986	0.01153	0.00760	0.00625	0.00456	0.00197	0.00605	0.00393	0.00409	0.00742
17	0.00940	0.00626	0.00705	0.00705	0.00705	0.00626	0.00392	0.00940	0.00940	0.01253	0.02036	0.04228	0.02349	0.77292	0.03289	0.00626	0.00626	0.00940	0.00392	0.00392
18	0.00923	0.00692	0.01038	0.01038	0.01154	0.00808	0.00808	0.01154	0.01038	0.01500	0.01731	0.02538	0.01615	0.04846	0.74732	0.01038	0.01731	0.00692	0.00346	0.00577
19	0.01498	0.01438	0.02234	0.37427	0.34476	0.04925	0.01827	0.04930	0.01474	0.01958	0.01189	0.01635	0.00942	0.00622	0.00640	0.00202	0.00828	0.00568	0.00320	0.00871
20	0.01352	0.01312	0.02084	0.56923	0.19499	0.04440	0.01814	0.01762	0.01353	0.01749	0.01157	0.01673	0.00896	0.00631	0.00642	0.00208	0.00853	0.00568	0.00296	0.00786
21	0.00935	0.00644	0.00793	0.00793	0.00823	0.00674	0.00501	0.00996	0.00966	0.01318	0.01955	0.03783	0.02156	0.58196	0.22121	0.00735	0.00918	0.00874	0.00380	0.00440
22	0.01347	0.00864	0.01017	0.00952	0.01167	0.02630	0.00709	0.04432	0.06491	0.14241	0.21274	0.23369	0.12127	0.05278	0.00873	0.00242	0.00437	0.01198	0.00651	0.00703
23	0.10529	0.01841	0.01968	0.01817	0.10535	0.14998	0.07498	0.22705	0.13174	0.06299	0.01540	0.01619	0.01152	0.00709	0.00620	0.00196	0.00773	0.00570	0.00505	0.00951
24	0.00787	0.00562	0.00750	0.00900	0.00937	0.00525	0.00600	0.00900	0.01237	0.01649	0.03561	0.76871	0.04274	0.02024	0.00825	0.00262	0.00375	0.01837	0.00600	0.00525
25	0.01439	0.01306	0.04624	0.01044	0.01630	0.00993	0.00880	0.07929	0.01494	0.02281	0.01185	0.01360	0.00964	0.00511	0.00500	0.00109	0.00521	0.00405	0.00402	0.70423
26	0.01397	0.06926	0.44116	0.02143	0.14446	0.01513	0.08251	0.01988	0.01391	0.02035	0.01166	0.01416	0.00882	0.00584	0.00606	0.00189	0.00871	0.00502	0.00297	0.09281
27	0.01581	0.01563	0.04282	0.06037	0.67673	0.01533	0.01963	0.02011	0.03240	0.02110	0.01248	0.01618	0.01037	0.00586	0.00640	0.00194	0.00769	0.00577	0.00326	0.01012
28	0.01408	0.01185	0.01362	0.01014	0.01544	0.00986	0.00809	0.05813	0.08192	0.02301	0.04986	0.01632	0.01325	0.00577	0.00520	0.00119	0.00486	0.00468	0.00441	0.64831
29	0.01951	0.07529	0.04280	0.01451	0.01911	0.01672	0.07947	0.35741	0.08835	0.06606	0.01970	0.09942	0.03349	0.02912	0.00731	0.00214	0.00679	0.00759	0.00570	0.00949
30	0.07313	0.01778	0.03776	0.02066	0.14049	0.11187	0.14339	0.09716	0.24211	0.02480	0.01668	0.01780	0.01274	0.00701	0.00644	0.00203	0.00778	0.00622	0.00469	0.00943
31	0.01550	0.01330	0.01444	0.01351	0.03434	0.01521	0.01026	0.03203	0.64005	0.02653	0.06222	0.02701	0.02227	0.00927	0.00671	0.00221	0.00510	0.03370	0.00649	0.00985
32	0.00799	0.00636	0.00720	0.00761	0.00923	0.00557	0.00559	0.00971	0.01450	0.01817	0.12438	0.24247	0.44959	0.01711	0.00786	0.00232	0.00351	0.04922	0.00611	0.00549
33	0.01220	0.01148	0.01938	0.75739	0.04450	0.01436	0.01794	0.01651	0.01292	0.01651	0.01148	0.01723	0.00861	0.00646	0.00646	0.00215	0.00861	0.00574	0.00287	0.00718
34	0.00915	0.00689	0.00769	0.00770	0.00961	0.00610	0.00568	0.03364	0.01519	0.04437	0.11889	0.21695	0.46223	0.01635	0.00769	0.00225	0.00357	0.01400	0.00619	0.00585
35	0.00976	0.00714	0.00900	0.00833	0.01007	0.00670	0.00630	0.04462	0.01861	0.02602	0.65023	0.04769	0.10466	0.01317	0.00757	0.00204	0.00325	0.01155	0.00701	0.00628
36	0.01727	0.77681	0.03386	0.01106	0.01658	0.02557	0.01106	0.01935	0.01313	0.01520	0.00898	0.01036	0.00829	0.00553	0.00415	0.00138	0.00691	0.00345	0.00276	0.00829
37	0.01471	0.01404	0.02390	0.28328	0.49905	0.01501	0.01919	0.01870	0.01410	0.01955	0.01193	0.01641	0.00968	0.00600	0.00642	0.00200	0.00799	0.00575	0.00309	0.00920
38	0.69600	0.01388	0.01098	0.00955	0.01366	0.04494	0.00782	0.09791	0.01350	0.02979	0.00978	0.01111	0.00750	0.00622	0.00435	0.00198	0.00551	0.00379	0.00425	0.00747
39	0.01458	0.31193	0.47510	0.01566	0.02370	0.01896	0.01907	0.02004	0.01345	0.01849	0.01062	0.01241	0.00823	0.00591	0.00539	0.00180	0.00856	0.00428	0.00274	0.00908
40	0.00923	0.00692	0.01038	0.01038	0.01154	0.00808	0.00808	0.01154	0.01038	0.01500	0.01731	0.02538	0.01615	0.04846	0.74732	0.01038	0.01731	0.00692	0.00346	0.00577
41	0.00924	0.00690	0.01028	0.01028	0.01140	0.00802	0.00795	0.01147	0.01035	0.01492	0.01740	0.02590	0.01638	0.07056	0.72552	0.01026	0.01697	0.00700	0.00348	0.00571
42	0.01513	0.01289	0.01360	0.01230	0.01572	0.01459	0.00954	0.05807	0.58412	0.02608	0.03066	0.05837	0.10057	0.01005	0.00676	0.00220	0.00493	0.00841	0.00648	0.00952
43	0.01097	0.00706	0.00894	0.00821	0.01021	0.00634	0.00625	0.01372	0.01769	0.09940	0.53898	0.04793	0.17319	0.01321	0.00751	0.00205	0.00335	0.01148	0.00701	0.00650
44	0.00842	0.00651	0.00768	0.00752	0.00924	0.00577	0.00559	0.01075	0.01639	0.02171	0.40252	0.10264	0.34196	0.01501	0.00767	0.00214	0.00319	0.01296	0.00657	0.00577
45	0.78324	0.01274	0.00994	0.00878	0.01283	0.01474	0.00723	0.04978	0.01186	0.02951	0.00929	0.01072	0.00718	0.00608	0.00411	0.00200	0.00509	0.00360	0.00411	0.00718
46	0.01870	0.12836	0.10690	0.01685	0.02181	0.16745	0.13651	0.13761	0.06477	0.03888	0.01336	0.01602	0.01067	0.04261	0.00824	0.00213	0.05077	0.00562	0.00402	0.00872
47	0.01727	0.77681	0.03386	0.01106	0.01658	0.02557	0.01106	0.01935	0.01313	0.01520	0.00898	0.01036	0.00829	0.00553	0.00415	0.00138	0.00691	0.00345	0.00276	0.00829
48	0.02899	0.01100	0.01499	0.01150	0.01649	0.00950	0.00950	0.03149	0.01849	0.73709	0.02549	0.02199	0.01599	0.00800	0.00650	0.00200	0.00550	0.00650	0.00800	0.01100
49	0.00907	0.02647	0.00879	0.00816	0.00987	0.02603	0.00610	0.01116	0.01563	0.02034	0.30634	0.16590	0.31441	0.01515	0.00791	0.00218	0.02151	0.01296	0.00619	0.00583
50	0.00939	0.00629	0.00717	0.00717	0.00721	0.00633	0.00407	0.00947	0.00943	0.01262	0.02025	0.04167	0.02322	0.74654	0.05891	0.00641	0.00667	0.00931	0.00390	0.00398
51	0.00904	0.00660	0.00849	0.00802	0.00959	0.00605	0.00601	0.01199	0.01804	0.02533	0.68342	0.04923	0.10712	0.01343	0.00762	0.00204	0.00306	0.01182	0.00704	0.00605
52	0.02881	0.01129	0.01517	0.01163	0.01664	0.00993	0.00961	0.05921	0.01898	0.70869	0.02508	0.02173	0.01579	0.00799	0.00650	0.00200	0.00556	0.00647	0.00793	0.01100
53	0.01520	0.41920	0.37328	0.01460	0.02206	0.02049	0.01722	0.01988	0.01338	0.01773	0.01024	0.01194	0.00824	0.00582	0.00510	0.00170	0.00818	0.00409	0.00275	0.00890
54	0.02236	0.02326	0.01971	0.01638	0.02055	0.36176	0.07471	0.24336	0.08311	0.02542	0.01381	0.01490	0.01057	0.00711	0.00621	0.00184	0.00928	0.00534	0.03142	0.00890
55	0.00842	0.00658	0.00763	0.00737	0.00921	0.00579	0.00552	0.01078	0.01657	0.02183	0.40899	0.05498	0.38373	0.01473	0.00763	0.00210	0.00316	0.01263	0.00658	0.00579
56	0.00923	0.00692	0.01038	0.01038	0.01154	0.00808	0.00808	0.01154	0.01038	0.01500	0.01731	0.02538	0.01615	0.04846	0.74732	0.01038	0.01731	0.00692	0.00346	0.00577
57	0.01414	0.01414	0.01979	0.01696	0.01696	0.01979	0.01414	0.01555	0.00990	0.01555	0.00848	0.01414	0.00848	0.01131	0.02120	0.00283	0.76110	0.00565	0.00283	0.00707
58	0.01607	0.01388	0.01461	0.01315	0.01680	0.01607	0.01023	0.03433	0.72094	0.02703	0.02630	0.02411	0.01972	0.00877	0.00657	0.00219	0.00511	0.00731	0.00657	0.01023
59	0.01757	0.01817	0.02925	0.02191	0.02721	0.09863	0.41374	0.14373	0.05416	0.02373	0.01494	0.03936	0.01202	0.00708	0.00757	0.00213	0.02942	0.02637	0.00415	0.00884
60	0.02486	0.01762	0.01910	0.01464	0.01980	0.01933	0.01209	0.66532	0.02958	0.08760	0.01618	0.01595	0.01133	0.00777	0.00647	0.00194	0.00700	0.00586	0.00657	0.01099
61	0.01016	0.00683	0.00896	0.00830	0.01000	0.00627	0.00627	0.01318	0.01830	0.06231	0.69319	0.04692	0.05866	0.01294	0.00756	0.00203	0.00317	0.01142	0.00716	0.00635
62	0.00787	0.00562	0.00750	0.00900	0.00937	0.00525	0.00600	0.00900	0.01237	0.01649	0.03561	0.76871	0.04274	0.02024	0.00825	0.00262	0.00375	0.01837	0.00600	0.00525
63	0.01599	0.01535	0.02623	0.03966	0.73262	0.01535	0.01983	0.01983	0.01471	0.02111	0.01215	0.01599	0.01023	0.00576	0.00640	0.00192	0.00768	0.00576	0.00320	0.01023
64	0.01941	0.50543	0.02809	0.01288	0.01767	0.23497	0.01147	0.04041	0.04658	0.01659	0.01022	0.01149	0.00888	0.00606	0.00481	0.00152	0.00822	0.00390	0.00320	0.00822
65	0.01236	0.00631	0.00667	0.00658	0.00805	0.00624	0.00486	0.01499	0.01331	0.05163	0.02165	0.02794	0.01811	0.09862	0.00812	0.00214	0.00361	0.03132	0.65151	0.00597
66	0.01645	0.01806	0.02315	0.21403	0.18707	0.19531	0.12469	0.01986	0.01484	0.01798	0.01324	0.01700	0.03535	0.00694	0.00769	0.00204	0.06901	0.00593	0.00323	0.00811
67	0.00943	0.00667	0.00823	0.00837	0.00984	0.00610	0.00606	0.02798	0.01562	0.04681	0.28186	0.31118	0.20543	0.01617	0.00778	0.00228	0.00354	0.01423	0.00647	0.00594
68	0.01698	0.72567	0.08240	0.01156	0.01737	0.02484	0.01194	0.01942	0.01316	0.01556	0.00916	0.01059	0.00828	0.00557	0.00428	0.00143	0.00709	0.00355	0.00276	0.00838
69	0.03565	0.01289	0.01655	0.01220	0.01755	0.01142	0.06656	0.10453	0.01597	0.09768	0.01337	0.01485	0.01032	0.00588	0.00615	0.00140	0.04097	0.00474	0.00450	0.50681
70	0.12169	0.01200	0.01264	0.01087	0.01421	0.04161	0.00865	0.18233	0.05538	0.12104	0.17759	0.07301	0.09370	0.01069	0.00669	0.00208	0.00522	0.03616	0.00627	0.00817
71	0.01413	0.01143	0.01265	0.01155	0.01449	0.01267	0.00888	0.02702	0.47753	0.04488	0.21548	0.06865	0.03188	0.01053	0.00694	0.00217	0.00450	0.00903	0.00673	0.00888
72	0.02342	0.01183	0.03253	0.01346	0.06199	0.01068	0.01026	0.11767	0.01877	0.45149	0.04075	0.13767	0.01997	0.00981	0.00678	0.00209	0.00562	0.00829	0.00702	0.00990
73	0.01548	0.01497	0.02598	0.12916	0.61043	0.01528	0.05487	0.01946	0.01451	0.02051	0.01212	0.01622	0.01001	0.00583	0.00647	0.00196	0.00796	0.00585	0.00316	0.00977
74	0.03735	0.01910	0.08034	0.07978	0.07607	0.11304	0.29594	0.12898	0.01743	0.02285	0.01394	0.05898	0.01143	0.00699	0.00686	0.00206	0.00934	0.00690	0.00388	0.00871
75	0.00992	0.00671	0.00762	0.00753	0.00824	0.00653	0.00472	0.01112	0.03638	0.03882	0.06447	0.09300	0.12691	0.52305	0.02453	0.00493	0.00544	0.01055	0.00475	0.00480
76	0.09120	0.13908	0.02229	0.02030	0.18785	0.13721	0.03307	0.02146	0.05449	0.06746	0.01202	0.01443	0.00989	0.00728	0.00865	0.00200	0.15396	0.00509	0.00367	0.00857

[dist]
# distance from previous block
# <min> <max>
0	2

[block]
# block no. 1 follows, 34 sequences, length 54
# corresponding to MSA columns:
# 82-135
name=unknown_B
#
# <colnr> <probs for GDERKNQSTAVLIFYWHMCP>
#	G	D	E	R	K	N	Q	S	T	A	V	L	I	F	Y	W	H	M	C	P
0	0.11017	0.05941	0.52176	0.01722	0.02531	0.01508	0.08591	0.01976	0.01350	0.02116	0.01375	0.01568	0.04079	0.00649	0.00601	0.00203	0.00873	0.00524	0.00308	0.00892
1	0.01432	0.01175	0.01370	0.00985	0.01555	0.00912	0.00790	0.04592	0.01426	0.04255	0.01206	0.01374	0.00982	0.00500	0.00491	0.00103	0.00490	0.00399	0.00406	0.75560
2	0.01202	0.00930	0.01220	0.01224	0.04187	0.00952	0.04783	0.03230	0.18473	0.03582	0.02839	0.37142	0.02915	0.01379	0.00722	0.00229	0.00476	0.03084	0.08585	0.02846
3	0.01556	0.01541	0.02791	0.03586	0.56186	0.01517	0.15843	0.01969	0.01497	0.02122	0.04176	0.01761	0.01223	0.00600	0.00669	0.00198	0.00814	0.00638	0.00337	0.00976
4	0.00923	0.00692	0.01038	0.01038	0.01154	0.00808	0.00808	0.01154	0.01038	0.01500	0.01731	0.02538	0.01615	0.04846	0.74732	0.01038	0.01731	0.00692	0.00346	0.00577
5	0.00999	0.00679	0.00881	0.00820	0.00986	0.00623	0.00615	0.01289	0.01795	0.05739	0.65626	0.04742	0.08158	0.03214	0.00820	0.00214	0.00325	0.01146	0.00703	0.00624
6	0.01607	0.01388	0.01461	0.01315	0.01680	0.01607	0.01023	0.03433	0.72094	0.02703	0.02630	0.02411	0.01972	0.00877	0.00657	0.00219	0.00511	0.00731	0.00657	0.01023
7	0.00885	0.00672	0.00828	0.00866	0.01031	0.00616	0.00683	0.01121	0.01561	0.02035	0.24812	0.12110	0.28940	0.01617	0.00803	0.00239	0.00397	0.19577	0.00631	0.00576
8	0.02329	0.01715	0.01848	0.01442	0.01922	0.01891	0.01180	0.65745	0.02900	0.03887	0.01705	0.07304	0.01341	0.00871	0.00660	0.00199	0.00685	0.00678	0.00643	0.01055
9	0.01361	0.01078	0.01323	0.01084	0.01468	0.00978	0.02653	0.07139	0.06234	0.05152	0.02121	0.20674	0.04325	0.01000	0.00684	0.00173	0.03667	0.00850	0.00496	0.37540
10	0.01525	0.01743	0.03813	0.02723	0.03377	0.01634	0.70915	0.02070	0.01525	0.02070	0.01307	0.01743	0.00980	0.00545	0.00763	0.00218	0.01089	0.00763	0.00327	0.00871
11	0.00870	0.00662	0.00802	0.00776	0.00950	0.00594	0.00589	0.01128	0.01697	0.02284	0.48076	0.05390	0.28103	0.01445	0.00768	0.00212	0.00324	0.04073	0.00670	0.00588
12	0.00897	0.00630	0.00792	0.00824	0.00939	0.00577	0.00580	0.01080	0.01473	0.03936	0.27994	0.33405	0.15210	0.07435	0.00977	0.00261	0.00367	0.01431	0.00628	0.00563
13	0.13277	0.01553	0.01694	0.01315	0.01812	0.01660	0.01086	0.44451	0.02474	0.21665	0.01718	0.01649	0.01173	0.00758	0.00614	0.00196	0.00641	0.00568	0.00652	0.01045
14	0.14772	0.02005	0.01587	0.01384	0.01773	0.26671	0.01080	0.14048	0.22915	0.05078	0.01616	0.01619	0.01223	0.00741	0.00589	0.00193	0.00768	0.00535	0.00509	0.00893
15	0.00791	0.00566	0.00754	0.00897	0.00938	0.00528	0.00600	0.00910	0.01257	0.01681	0.05856	0.74487	0.04334	0.02001	0.00823	0.00260	0.00373	0.01815	0.00603	0.00528
16	0.00787	0.00562	0.00750	0.00900	0.00937	0.00525	0.00600	0.00900	0.01237	0.01649	0.03561	0.76871	0.04274	0.02024	0.00825	0.00262	0.00375	0.01837	0.00600	0.00525
17	0.01599	0.01535	0.02623	0.03966	0.73262	0.01535	0.01983	0.01983	0.01471	0.02111	0.01215	0.01599	0.01023	0.00576	0.00640	0.00192	0.00768	0.00576	0.00320	0.01023
18	0.01334	0.01159	0.01276	0.01285	0.04277	0.04502	0.00939	0.02303	0.35216	0.02202	0.04673	0.17703	0.05538	0.03705	0.03212	0.00271	0.02495	0.06522	0.00584	0.00804
19	0.01476	0.00746	0.00797	0.00726	0.00941	0.00745	0.00563	0.06950	0.01534	0.09982	0.02112	0.02322	0.01608	0.00759	0.00487	0.00159	0.00358	0.00606	0.66437	0.00692
20	0.00787	0.00562	0.00750	0.00900	0.00937	0.00525	0.00600	0.00900	0.01237	0.01649	0.03561	0.76871	0.04274	0.02024	0.00825	0.00262	0.00375	0.01837	0.00600	0.00525
21	0.00847	0.00607	0.00797	0.00924	0.00982	0.00577	0.00634	0.02881	0.01316	0.01758	0.05772	0.69900	0.04225	0.01958	0.00820	0.00260	0.00390	0.04203	0.00605	0.00546
22	0.01479	0.34861	0.44029	0.01530	0.02314	0.01948	0.01844	0.01999	0.01342	0.01823	0.01049	0.01225	0.00823	0.00588	0.00529	0.00176	0.00843	0.00422	0.00274	0.00902
23	0.01065	0.00942	0.01448	0.01320	0.01510	0.03220	0.13748	0.03089	0.01393	0.01838	0.04813	0.46400	0.05120	0.01596	0.00844	0.00250	0.02909	0.07336	0.00534	0.00626
24	0.69239	0.01476	0.01079	0.00962	0.01357	0.10682	0.00777	0.02026	0.01217	0.05052	0.00966	0.01102	0.00746	0.00615	0.00431	0.00196	0.00585	0.00368	0.00405	0.00719
25	0.01052	0.00847	0.01200	0.01360	0.09212	0.02807	0.00928	0.01279	0.01142	0.01586	0.01857	0.03059	0.01820	0.12008	0.49175	0.00801	0.01372	0.07511	0.00373	0.00613
26	0.01577	0.01513	0.02583	0.08160	0.69240	0.01529	0.01972	0.01964	0.01461	0.02084	0.01211	0.01606	0.01014	0.00580	0.00640	0.00193	0.00773	0.00576	0.00318	0.01006
27	0.00886	0.00659	0.00824	0.00783	0.00948	0.00598	0.00587	0.01164	0.01762	0.02432	0.60453	0.05088	0.18663	0.01380	0.00762	0.00206	0.00309	0.01205	0.00690	0.00598
28	0.01296	0.03342	0.73944	0.01842	0.02797	0.01501	0.02387	0.02046	0.01364	0.02046	0.01160	0.01364	0.00818	0.00614	0.00614	0.00205	0.00955	0.00477	0.00273	0.00955
29	0.00776	0.00651	0.00675	0.00678	0.00883	0.00550	0.00505	0.00949	0.01490	0.01807	0.11590	0.09300	0.64676	0.01629	0.00766	0.00219	0.00328	0.01370	0.00609	0.00550
30	0.00924	0.00690	0.01025	0.01025	0.01136	0.00800	0.00791	0.01145	0.01034	0.01490	0.01743	0.02606	0.01645	0.07740	0.71878	0.01022	0.01687	0.00702	0.00348	0.00569
31	0.01727	0.77681	0.03386	0.01106	0.01658	0.02557	0.01106	0.01935	0.01313	0.01520	0.00898	0.01036	0.00829	0.00553	0.00415	0.00138	0.00691	0.00345	0.00276	0.00829
32	0.01525	0.01459	0.02488	0.18048	0.59761	0.01516	0.01946	0.01918	0.01436	0.02021	0.01202	0.01623	0.00992	0.00589	0.00641	0.00196	0.00786	0.00575	0.00313	0.00963
33	0.04262	0.01925	0.01841	0.01503	0.01938	0.19629	0.05107	0.31323	0.09069	0.10313	0.01697	0.05502	0.01317	0.00808	0.00642	0.00195	0.00786	0.00632	0.00560	0.00953
34	0.01129	0.00564	0.00823	0.00823	0.00835	0.00564	0.00553	0.00892	0.00881	0.01221	0.01198	0.01998	0.01163	0.02131	0.02367	0.75011	0.00541	0.00564	0.06436	0.00305
35	0.01645	0.01588	0.02460	0.05907	0.60680	0.04852	0.01853	0.03746	0.06913	0.02164	0.01319	0.01644	0.01084	0.00610	0.00639	0.00194	0.00768	0.00580	0.00353	0.01003
36	0.00823	0.00594	0.00790	0.00923	0.00985	0.00551	0.00638	0.00955	0.01259	0.01685	0.03476	0.69392	0.04130	0.01959	0.00819	0.00260	0.00394	0.06741	0.00593	0.03035
37	0.00989	0.00786	0.01109	0.01072	0.01237	0.00749	0.06822	0.06396	0.01470	0.01935	0.06583	0.48116	0.14643	0.01701	0.00796	0.00245	0.00460	0.03699	0.00584	0.00608
38	0.01534	0.01471	0.02492	0.14797	0.59852	0.01538	0.01931	0.01915	0.01424	0.02018	0.01190	0.01610	0.00992	0.00609	0.00701	0.00199	0.03873	0.00575	0.00313	0.00964
39	0.02099	0.01678	0.01688	0.01390	0.01811	0.07615	0.01120	0.43027	0.16752	0.03333	0.01908	0.05053	0.01515	0.00878	0.00652	0.00202	0.00670	0.03378	0.04242	0.00989
40	0.10783	0.01115	0.01445	0.01120	0.01609	0.01000	0.00925	0.03024	0.01774	0.66639	0.02384	0.02084	0.01510	0.00780	0.00625	0.00200	0.00545	0.00620	0.00760	0.01060
41	0.02456	0.01810	0.01939	0.01487	0.02004	0.02004	0.01228	0.71107	0.03038	0.04072	0.01551	0.01551	0.01099	0.00776	0.00646	0.00194	0.00711	0.00582	0.00646	0.01099
42	0.01340	0.01148	0.01340	0.00957	0.01531	0.00861	0.00766	0.01627	0.01340	0.02105	0.01148	0.01340	0.00957	0.00479	0.00479	0.00096	0.00479	0.00383	0.00383	0.81242
43	0.81856	0.01250	0.00950	0.00850	0.01250	0.01449	0.00700	0.01899	0.01100	0.02899	0.00900	0.01050	0.00700	0.00600	0.00400	0.00200	0.00500	0.00350	0.00400	0.00700
44	0.02414	0.03079	0.01831	0.01665	0.01998	0.74698	0.01248	0.02580	0.01831	0.01581	0.00999	0.01165	0.00832	0.00666	0.00583	0.00166	0.01165	0.00416	0.00333	0.00749
45	0.00773	0.00648	0.00673	0.00681	0.00882	0.00547	0.00505	0.00940	0.01473	0.01782	0.09753	0.11499	0.64331	0.01649	0.00768	0.00221	0.00330	0.01389	0.00606	0.00547
46	0.01377	0.17357	0.60642	0.01703	0.02582	0.01700	0.02146	0.02025	0.01354	0.01947	0.01110	0.01302	0.00821	0.00602	0.00576	0.00192	0.00905	0.00453	0.00274	0.00931
47	0.01555	0.01795	0.05883	0.02647	0.03304	0.01645	0.66038	0.04824	0.01581	0.02149	0.01312	0.01724	0.00980	0.00556	0.00753	0.00217	0.01070	0.00747	0.00338	0.00883
48	0.00903	0.00660	0.00847	0.00800	0.00958	0.00605	0.00600	0.01196	0.01801	0.02525	0.67721	0.04936	0.11338	0.01346	0.00762	0.00204	0.00307	0.01184	0.00703	0.00605
49	0.01922	0.26017	0.08395	0.01578	0.02117	0.15332	0.12445	0.14390	0.01781	0.05006	0.01422	0.01555	0.03957	0.00672	0.00583	0.00177	0.00846	0.00533	0.00395	0.00878
50	0.01645	0.62573	0.14697	0.01248	0.01843	0.02363	0.01325	0.01937	0.01308	0.01606	0.00938	0.01105	0.00828	0.00586	0.00517	0.00155	0.03828	0.00376	0.00276	0.00844
51	0.00785	0.00570	0.00742	0.00879	0.00932	0.00527	0.00591	0.00902	0.01257	0.01658	0.03813	0.70911	0.10071	0.01992	0.00820	0.00259	0.00371	0.01797	0.00600	0.00527
52	0.00979	0.00711	0.00962	0.01094	0.01237	0.00694	0.00925	0.01238	0.01455	0.01877	0.03788	0.15792	0.11538	0.01798	0.00870	0.00284	0.00538	0.53042	0.00596	0.00581
53	0.02247	0.02764	0.01727	0.01563	0.01882	0.63847	0.01176	0.04843	0.01873	0.01782	0.09065	0.01588	0.01431	0.00743	0.00605	0.00172	0.01053	0.00506	0.00386	0.00746

[dist]
# distance from previous block
# <min> <max>
0	1

[block]
# block no. 2 follows, 34 sequences, length 19
# corresponding to MSA columns:
# 137-155
name=unknown_C
#
# <colnr> <probs for GDERKNQSTAVLIFYWHMCP>
#	G	D	E	R	K	N	Q	S	T	A	V	L	I	F	Y	W	H	M	C	P
0	0.08630	0.00702	0.00792	0.00814	0.00977	0.00672	0.00606	0.01119	0.01418	0.01988	0.18465	0.18785	0.26169	0.06804	0.03130	0.00281	0.00434	0.07068	0.00582	0.00564
1	0.02487	0.01957	0.01779	0.01439	0.01890	0.21172	0.01152	0.35751	0.02418	0.18351	0.04063	0.01700	0.01307	0.00770	0.00634	0.00188	0.00784	0.00572	0.00598	0.00989
2	0.00848	0.00641	0.00777	0.00807	0.00946	0.00581	0.00593	0.01047	0.01506	0.01983	0.26555	0.22112	0.26717	0.05415	0.00914	0.00250	0.00367	0.06760	0.00625	0.00557
3	0.01666	0.57176	0.19126	0.01299	0.01931	0.06031	0.01400	0.01993	0.01351	0.01641	0.00962	0.01117	0.00827	0.00572	0.00468	0.00155	0.00775	0.00379	0.00279	0.00853
4	0.02258	0.01731	0.01878	0.01483	0.01965	0.03993	0.03360	0.50169	0.17727	0.05958	0.01792	0.01752	0.01291	0.00788	0.00651	0.00199	0.00688	0.00617	0.00635	0.01065
5	0.02463	0.01824	0.01855	0.01444	0.01944	0.08820	0.01180	0.53945	0.02719	0.11967	0.01601	0.01583	0.01127	0.00757	0.00634	0.00188	0.00727	0.00566	0.00625	0.04030
6	0.00784	0.00655	0.00682	0.00675	0.00885	0.00554	0.00507	0.00966	0.01520	0.01857	0.15321	0.06034	0.64154	0.01595	0.00763	0.00216	0.00324	0.01338	0.00615	0.00554
7	0.00894	0.00660	0.00835	0.00791	0.00952	0.00601	0.00593	0.01179	0.01780	0.02474	0.63726	0.05019	0.15365	0.01365	0.00762	0.00205	0.00308	0.01196	0.00696	0.00601
8	0.00793	0.00623	0.00721	0.00794	0.00932	0.00551	0.00575	0.00945	0.01376	0.01719	0.05091	0.35545	0.39689	0.01807	0.00798	0.00242	0.00366	0.06295	0.00600	0.00540
9	0.02839	0.01113	0.01498	0.01157	0.01651	0.00980	0.00953	0.03162	0.05131	0.70392	0.02553	0.02209	0.01617	0.00803	0.00650	0.00201	0.00548	0.00654	0.00793	0.01096
10	0.06972	0.01715	0.01844	0.01421	0.01930	0.01879	0.01174	0.61161	0.02823	0.10200	0.01603	0.01581	0.01121	0.00768	0.00633	0.00195	0.00685	0.00575	0.00646	0.01076
11	0.00789	0.00595	0.00731	0.00825	0.00921	0.00536	0.00570	0.00929	0.01344	0.01741	0.09179	0.52192	0.23570	0.01868	0.00803	0.00246	0.00357	0.01659	0.00608	0.00536
12	0.01599	0.01535	0.02623	0.03966	0.73262	0.01535	0.01983	0.01983	0.01471	0.02111	0.01215	0.01599	0.01023	0.00576	0.00640	0.00192	0.00768	0.00576	0.00320	0.01023
13	0.00839	0.00631	0.00741	0.00780	0.00894	0.00569	0.00532	0.00968	0.01307	0.01699	0.10187	0.32173	0.25131	0.16438	0.01269	0.00309	0.00406	0.01410	0.00562	0.03154
14	0.01662	0.01936	0.03389	0.05178	0.05082	0.13616	0.55157	0.02136	0.01566	0.01976	0.01248	0.01643	0.00953	0.00569	0.00726	0.00209	0.01085	0.00694	0.00326	0.00850
15	0.01203	0.00787	0.01085	0.00966	0.01136	0.00723	0.05111	0.01298	0.01186	0.08600	0.03759	0.18466	0.02384	0.30715	0.01887	0.08635	0.00565	0.00988	0.00466	0.10042
16	0.02417	0.02993	0.01838	0.01652	0.01998	0.69750	0.01247	0.07245	0.01913	0.01751	0.01036	0.01191	0.00850	0.00673	0.00587	0.00168	0.01134	0.00427	0.00354	0.00773
17	0.10068	0.01601	0.01662	0.01311	0.01795	0.06545	0.01069	0.34672	0.06563	0.20674	0.01736	0.01675	0.01209	0.00745	0.00609	0.00189	0.00655	0.00561	0.00623	0.06035
18	0.01701	0.01803	0.02961	0.02595	0.16265	0.09326	0.36614	0.06983	0.08412	0.02208	0.01386	0.01695	0.01072	0.00631	0.00747	0.00208	0.03433	0.00668	0.00378	0.00912

[dist]
# distance from previous block
# <min> <max>
0	2

[block]
# block no. 3 follows, 34 sequences, length 52
# corresponding to MSA columns:
# 158-209
name=unknown_D
#
# <colnr> <probs for GDERKNQSTAVLIFYWHMCP>
#	G	D	E	R	K	N	Q	S	T	A	V	L	I	F	Y	W	H	M	C	P
0	0.01649	0.35931	0.30057	0.01457	0.02139	0.06353	0.01608	0.06962	0.04799	0.01960	0.01131	0.01270	0.00898	0.00614	0.00528	0.00173	0.00813	0.00435	0.00322	0.00901
1	0.62017	0.05991	0.01238	0.00982	0.01391	0.10072	0.00806	0.02072	0.01253	0.07830	0.01032	0.01146	0.00789	0.00619	0.00440	0.00192	0.00593	0.00379	0.00414	0.00742
2	0.01822	0.02109	0.01597	0.01457	0.01657	0.41144	0.01107	0.01975	0.01449	0.01526	0.01212	0.01786	0.01138	0.10184	0.13446	0.00384	0.14454	0.00548	0.00333	0.00672
3	0.01313	0.00779	0.00766	0.00722	0.00899	0.02953	0.00543	0.07134	0.01504	0.02459	0.05450	0.02527	0.01842	0.05324	0.00655	0.00185	0.00380	0.00642	0.63287	0.00635
4	0.01118	0.00943	0.01010	0.00949	0.01157	0.05195	0.00716	0.01691	0.15715	0.02411	0.43711	0.07858	0.12474	0.01264	0.00734	0.00209	0.00403	0.01092	0.00660	0.00688
5	0.00779	0.00614	0.00704	0.00769	0.00905	0.00539	0.00543	0.00925	0.01381	0.01733	0.07564	0.37479	0.40184	0.01797	0.00791	0.00237	0.00348	0.01566	0.00604	0.00539
6	0.78159	0.01243	0.00975	0.00864	0.01268	0.01426	0.00711	0.01958	0.01135	0.06215	0.00977	0.01103	0.00742	0.00609	0.00412	0.00200	0.00502	0.00364	0.00419	0.00718
7	0.00887	0.00669	0.00821	0.00796	0.00960	0.00613	0.00592	0.01181	0.03435	0.02322	0.50264	0.11109	0.21081	0.01441	0.00765	0.00212	0.00321	0.01258	0.00675	0.00598
8	0.02490	0.01439	0.01666	0.01306	0.01787	0.01494	0.01069	0.33318	0.11468	0.31684	0.02105	0.01945	0.01427	0.00798	0.00644	0.00198	0.00610	0.00629	0.02849	0.01076
9	0.00939	0.00630	0.00725	0.00725	0.00732	0.00637	0.00417	0.00953	0.00946	0.01268	0.02017	0.04126	0.02305	0.72919	0.07601	0.00651	0.00693	0.00925	0.00389	0.00403
10	0.00812	0.00652	0.00724	0.00715	0.00905	0.00565	0.00533	0.01018	0.01574	0.02007	0.27267	0.08893	0.48953	0.01554	0.00766	0.00215	0.00322	0.01323	0.00635	0.00565
11	0.01727	0.77681	0.03386	0.01106	0.01658	0.02557	0.01106	0.01935	0.01313	0.01520	0.00898	0.01036	0.00829	0.00553	0.00415	0.00138	0.00691	0.00345	0.00276	0.00829
12	0.04503	0.01668	0.01598	0.01374	0.01776	0.10244	0.01083	0.18656	0.43411	0.05393	0.02135	0.02018	0.01586	0.00817	0.00638	0.00206	0.00634	0.00645	0.00614	0.01000
13	0.12402	0.01703	0.01611	0.01355	0.01778	0.09365	0.01081	0.28301	0.29893	0.03120	0.01835	0.01785	0.01364	0.00781	0.00612	0.00202	0.00652	0.00593	0.00586	0.00981
14	0.04288	0.09636	0.01931	0.01467	0.01891	0.34667	0.01170	0.20376	0.06054	0.10407	0.01396	0.01436	0.01048	0.00709	0.00590	0.00178	0.00879	0.00495	0.00481	0.00901
15	0.01022	0.00799	0.01168	0.01104	0.01224	0.00915	0.03267	0.03448	0.01115	0.01582	0.01795	0.06838	0.01774	0.14049	0.50779	0.00830	0.06553	0.00781	0.00371	0.00585
16	0.01546	0.01540	0.04538	0.12327	0.63217	0.01523	0.01972	0.01946	0.01447	0.02055	0.01206	0.01607	0.00999	0.00585	0.00640	0.00195	0.00784	0.00573	0.00315	0.00986
17	0.00788	0.00649	0.00694	0.00697	0.00892	0.00554	0.00517	0.00970	0.01509	0.01867	0.16422	0.11301	0.57669	0.01617	0.00768	0.00219	0.00327	0.01369	0.00617	0.00554
18	0.81856	0.01250	0.00950	0.00850	0.01250	0.01449	0.00700	0.01899	0.01100	0.02899	0.00900	0.01050	0.00700	0.00600	0.00400	0.00200	0.00500	0.00350	0.00400	0.00700
19	0.00993	0.00710	0.00986	0.01135	0.01263	0.00703	0.00958	0.01256	0.01440	0.01880	0.03447	0.20372	0.03823	0.01830	0.00880	0.00291	0.00554	0.56300	0.00596	0.00582
20	0.00822	0.00580	0.00757	0.00885	0.00923	0.00550	0.00591	0.00927	0.01206	0.01606	0.03333	0.62950	0.03967	0.12949	0.01186	0.00317	0.00422	0.04951	0.00569	0.00509
21	0.01771	0.72985	0.03288	0.01141	0.01680	0.07098	0.01115	0.01975	0.01346	0.01524	0.00905	0.01045	0.00829	0.00560	0.00425	0.00140	0.00721	0.00350	0.00280	0.00824
22	0.00769	0.00635	0.00674	0.00706	0.00886	0.00541	0.00514	0.00922	0.01423	0.01725	0.05921	0.21003	0.58618	0.01718	0.00776	0.00227	0.00337	0.01463	0.00600	0.00541
23	0.00854	0.00637	0.00794	0.00800	0.00940	0.00577	0.00583	0.01086	0.01620	0.02200	0.43295	0.21621	0.19523	0.01547	0.00777	0.00220	0.00326	0.01362	0.00663	0.00577
24	0.01727	0.77681	0.03386	0.01106	0.01658	0.02557	0.01106	0.01935	0.01313	0.01520	0.00898	0.01036	0.00829	0.00553	0.00415	0.00138	0.00691	0.00345	0.00276	0.00829
25	0.02414	0.03079	0.01831	0.01665	0.01998	0.74698	0.01248	0.02580	0.01831	0.01581	0.00999	0.01165	0.00832	0.00666	0.00583	0.00166	0.01165	0.00416	0.00333	0.00749
26	0.01296	0.03342	0.73944	0.01842	0.02797	0.01501	0.02387	0.02046	0.01364	0.02046	0.01160	0.01364	0.00818	0.00614	0.00614	0.00205	0.00955	0.00477	0.00273	0.00955
27	0.01010	0.00682	0.00894	0.00829	0.00998	0.00626	0.00626	0.01313	0.01830	0.06031	0.69517	0.04699	0.05879	0.01296	0.00757	0.00203	0.00317	0.01143	0.00716	0.00633
28	0.00929	0.00668	0.00916	0.00916	0.00988	0.00741	0.00654	0.01075	0.01002	0.01409	0.01843	0.03160	0.01885	0.31514	0.48433	0.00887	0.01324	0.00783	0.00363	0.00509
29	0.02456	0.01810	0.01939	0.01487	0.02004	0.02004	0.01228	0.71107	0.03038	0.04072	0.01551	0.01551	0.01099	0.00776	0.00646	0.00194	0.00711	0.00582	0.00646	0.01099
30	0.02414	0.03079	0.01831	0.01665	0.01998	0.74698	0.01248	0.02580	0.01831	0.01581	0.00999	0.01165	0.00832	0.00666	0.00583	0.00166	0.01165	0.00416	0.00333	0.00749
31	0.00800	0.00569	0.00750	0.00885	0.00924	0.00534	0.00588	0.00912	0.01237	0.01654	0.05562	0.70312	0.04212	0.06546	0.00972	0.00283	0.00388	0.01763	0.00591	0.00519
32	0.01296	0.03342	0.73944	0.01842	0.02797	0.01501	0.02387	0.02046	0.01364	0.02046	0.01160	0.01364	0.00818	0.00614	0.00614	0.00205	0.00955	0.00477	0.00273	0.00955
33	0.02456	0.01810	0.01939	0.01487	0.02004	0.02004	0.01228	0.71107	0.03038	0.04072	0.01551	0.01551	0.01099	0.00776	0.00646	0.00194	0.00711	0.00582	0.00646	0.01099
34	0.00975	0.00621	0.00691	0.00695	0.00720	0.00619	0.00407	0.01025	0.01013	0.01442	0.02097	0.06320	0.02306	0.63158	0.02775	0.00542	0.00569	0.00917	0.12680	0.00428
35	0.00790	0.00570	0.00749	0.00886	0.00935	0.00528	0.00595	0.00911	0.01267	0.01684	0.05952	0.71412	0.07360	0.01984	0.00820	0.00259	0.00370	0.01794	0.00603	0.00528
36	0.00764	0.00655	0.00655	0.00655	0.00873	0.00545	0.00491	0.00927	0.01473	0.01745	0.06546	0.06218	0.73000	0.01636	0.00764	0.00218	0.00327	0.01364	0.00600	0.00545
37	0.01525	0.01743	0.03813	0.02723	0.03377	0.01634	0.70915	0.02070	0.01525	0.02070	0.01307	0.01743	0.00980	0.00545	0.00763	0.00218	0.01089	0.00763	0.00327	0.00871
38	0.00825	0.00590	0.00792	0.00933	0.00989	0.00556	0.00656	0.00969	0.01295	0.01727	0.06599	0.64872	0.04283	0.01963	0.00831	0.00264	0.00400	0.10315	0.00604	0.00537
39	0.79430	0.03564	0.01023	0.00857	0.01262	0.01483	0.00712	0.01900	0.01106	0.02857	0.00900	0.01049	0.00704	0.00598	0.00400	0.00198	0.00506	0.00350	0.00396	0.00704
40	0.00886	0.00659	0.00824	0.00783	0.00948	0.00597	0.00587	0.01164	0.01761	0.02430	0.60281	0.05092	0.18837	0.01381	0.00762	0.00206	0.00309	0.01206	0.00690	0.00597
41	0.01433	0.01365	0.02322	0.35460	0.43067	0.01491	0.01900	0.01837	0.01393	0.01909	0.01186	0.01653	0.00952	0.00607	0.00642	0.00202	0.00809	0.00575	0.00305	0.00889
42	0.01296	0.03342	0.73944	0.01842	0.02797	0.01501	0.02387	0.02046	0.01364	0.02046	0.01160	0.01364	0.00818	0.00614	0.00614	0.00205	0.00955	0.00477	0.00273	0.00955
43	0.01204	0.00602	0.00602	0.00602	0.00753	0.00602	0.00452	0.01506	0.01355	0.02409	0.02108	0.02409	0.01656	0.00753	0.00452	0.00151	0.00301	0.00602	0.80879	0.00602
44	0.00786	0.00567	0.00745	0.00886	0.00934	0.00526	0.00594	0.00901	0.01250	0.01655	0.03725	0.72996	0.08042	0.02003	0.00821	0.00260	0.00372	0.01811	0.00600	0.00526
45	0.00828	0.00617	0.00771	0.00817	0.00934	0.00560	0.00580	0.01021	0.01501	0.02011	0.29327	0.35892	0.19397	0.01688	0.00789	0.00232	0.00339	0.01495	0.00640	0.00560
46	0.01386	0.01296	0.01952	0.01394	0.01988	0.01053	0.18135	0.01737	0.01386	0.02097	0.01188	0.01440	0.00963	0.00495	0.00549	0.00126	0.00630	0.00477	0.00369	0.61342
47	0.01702	0.73267	0.07575	0.01149	0.01726	0.02494	0.01182	0.01941	0.01316	0.01551	0.00914	0.01056	0.00829	0.00556	0.00426	0.00142	0.00707	0.00353	0.00276	0.00837
48	0.01033	0.00923	0.01322	0.01234	0.01407	0.05130	0.11702	0.01243	0.01381	0.01799	0.08621	0.45647	0.05401	0.03853	0.00872	0.00257	0.00551	0.06481	0.00543	0.00601
49	0.03748	0.01362	0.01745	0.31610	0.02862	0.01588	0.01384	0.20708	0.18710	0.02602	0.01739	0.02154	0.01356	0.00802	0.00657	0.00215	0.00712	0.04665	0.00493	0.00885
50	0.01915	0.10907	0.02256	0.02015	0.15016	0.23352	0.06962	0.12522	0.05091	0.02141	0.01369	0.06318	0.01197	0.00769	0.00709	0.00192	0.05397	0.00606	0.00400	0.00867
51	0.07061	0.02594	0.01725	0.01524	0.01883	0.53527	0.01165	0.12449	0.01954	0.04054	0.03393	0.01488	0.02989	0.00727	0.00593	0.00176	0.00994	0.00491	0.00414	0.00797

[dist]
# distance from previous block
# <min> <max>
0	3

[block]
# block no. 4 follows, 34 sequences, length 27
# corresponding to MSA columns:
# 213-239
name=unknown_E
#
# <colnr> <probs for GDERKNQSTAVLIFYWHMCP>
#	G	D	E	R	K	N	Q	S	T	A	V	L	I	F	Y	W	H	M	C	P
0	0.04208	0.01892	0.04477	0.01748	0.07806	0.17230	0.08185	0.21537	0.04146	0.16074	0.01746	0.01871	0.03107	0.00756	0.00646	0.00196	0.00805	0.02090	0.00529	0.00952
1	0.08416	0.01837	0.01705	0.02912	0.01885	0.22599	0.04862	0.12111	0.07244	0.14527	0.03761	0.01664	0.01269	0.00703	0.00597	0.00178	0.00762	0.00539	0.00504	0.11925
2	0.01378	0.12012	0.58305	0.01701	0.02550	0.01637	0.02098	0.02171	0.08409	0.02049	0.01275	0.01429	0.00935	0.00633	0.00594	0.00198	0.00879	0.00487	0.00312	0.00947
3	0.00878	0.00600	0.00781	0.00871	0.00938	0.00566	0.00609	0.00951	0.01223	0.01601	0.05161	0.41463	0.12413	0.08014	0.01283	0.12775	0.00439	0.08410	0.00536	0.00488
4	0.01648	0.01682	0.02579	0.07904	0.49680	0.08838	0.10027	0.02111	0.05358	0.02057	0.01278	0.01625	0.01041	0.00602	0.00650	0.00195	0.00837	0.00590	0.00338	0.00959
5	0.01561	0.01497	0.02554	0.11121	0.66402	0.01525	0.01964	0.01950	0.01453	0.02065	0.01209	0.01611	0.01007	0.00583	0.00640	0.00194	0.00777	0.00576	0.00317	0.00993
6	0.00849	0.00662	0.00758	0.00781	0.00947	0.00594	0.00591	0.01037	0.01465	0.01852	0.15769	0.09670	0.41097	0.09173	0.01039	0.00271	0.00398	0.11905	0.00596	0.00547
7	0.01224	0.01041	0.01075	0.01030	0.01256	0.05524	0.00778	0.04491	0.21446	0.02271	0.17630	0.17764	0.14852	0.01320	0.00725	0.00220	0.00458	0.03356	0.02812	0.00726
8	0.32264	0.02020	0.01499	0.01299	0.01698	0.27378	0.01024	0.16722	0.06174	0.02668	0.01178	0.01280	0.00909	0.00677	0.00532	0.00188	0.00779	0.00445	0.00444	0.00821
9	0.00909	0.00660	0.00856	0.00807	0.00962	0.00607	0.00605	0.01208	0.01815	0.02559	0.70394	0.04879	0.08644	0.01333	0.00762	0.00204	0.00306	0.01176	0.00707	0.00607
10	0.00785	0.00643	0.00696	0.00734	0.00914	0.00554	0.00545	0.00948	0.01430	0.01739	0.05794	0.19472	0.55867	0.01718	0.00783	0.00231	0.00353	0.05649	0.00600	0.00545
11	0.01637	0.62059	0.18213	0.01260	0.01898	0.02335	0.01375	0.01958	0.01324	0.01631	0.00953	0.01105	0.00827	0.00566	0.00456	0.00152	0.00746	0.00373	0.00276	0.00856
12	0.01220	0.01148	0.01938	0.75739	0.04450	0.01436	0.01794	0.01651	0.01292	0.01651	0.01148	0.01723	0.00861	0.00646	0.00646	0.00215	0.00861	0.00574	0.00287	0.00718
13	0.01204	0.00602	0.00602	0.00602	0.00753	0.00602	0.00452	0.01506	0.01355	0.02409	0.02108	0.02409	0.01656	0.00753	0.00452	0.00151	0.00301	0.00602	0.80879	0.00602
14	0.48418	0.08438	0.04106	0.01107	0.01546	0.12835	0.00943	0.08361	0.01454	0.06177	0.01066	0.01181	0.00817	0.00632	0.00472	0.00189	0.00658	0.00400	0.00416	0.00784
15	0.01502	0.00864	0.00906	0.00809	0.01046	0.00901	0.00631	0.13092	0.05513	0.05674	0.02063	0.02260	0.01580	0.00765	0.00503	0.00163	0.00390	0.00608	0.60001	0.00727
16	0.01167	0.00799	0.00993	0.00889	0.01100	0.00763	0.00682	0.08273	0.01928	0.06568	0.57840	0.04443	0.09510	0.01258	0.00745	0.00203	0.00360	0.01094	0.00703	0.00681
17	0.01737	0.00945	0.01183	0.00990	0.01314	0.00880	0.00784	0.08521	0.03651	0.26462	0.32578	0.03635	0.10566	0.01096	0.00705	0.00201	0.00437	0.00930	0.00715	0.02671
18	0.01711	0.01440	0.01519	0.01336	0.01720	0.01656	0.01048	0.11709	0.63650	0.02870	0.02498	0.02306	0.01866	0.00864	0.00656	0.00216	0.00536	0.00712	0.00656	0.01032
19	0.00896	0.00625	0.00741	0.00792	0.00824	0.00614	0.00490	0.00995	0.03091	0.01459	0.02784	0.31019	0.05702	0.44544	0.02211	0.00465	0.00519	0.01280	0.00484	0.00464
20	0.00925	0.00711	0.00855	0.00848	0.01011	0.00678	0.00624	0.01311	0.08634	0.02226	0.37356	0.20169	0.19243	0.01492	0.00765	0.00220	0.00345	0.01307	0.00659	0.00619
21	0.01546	0.01477	0.02497	0.11987	0.62769	0.01499	0.01916	0.01932	0.01446	0.02059	0.01205	0.01603	0.01003	0.00580	0.00634	0.00191	0.00767	0.00568	0.00318	0.04003
22	0.02320	0.02318	0.01792	0.01498	0.01923	0.36991	0.01173	0.28310	0.02238	0.05066	0.01405	0.01481	0.02685	0.00720	0.00605	0.00173	0.00897	0.00506	0.00478	0.07419
23	0.09191	0.01671	0.01927	0.01480	0.01990	0.01810	0.06118	0.50999	0.05189	0.10720	0.01617	0.01618	0.01138	0.00750	0.00634	0.00198	0.00697	0.00587	0.00618	0.01046
24	0.01472	0.29151	0.41429	0.01683	0.02464	0.01885	0.09609	0.02010	0.01364	0.01865	0.01085	0.01292	0.00840	0.00585	0.00561	0.00183	0.00878	0.00463	0.00280	0.00902
25	0.00939	0.00629	0.00719	0.00719	0.00723	0.00634	0.00409	0.00949	0.00944	0.01263	0.02023	0.04158	0.02318	0.74268	0.06271	0.00644	0.00673	0.00929	0.00390	0.00399
26	0.02260	0.02133	0.01921	0.01579	0.02016	0.25137	0.04768	0.36352	0.09688	0.02961	0.01536	0.01716	0.01185	0.00773	0.00641	0.00192	0.00851	0.02809	0.00529	0.00951

[dist]
# distance from previous block
# <min> <max>
0	2

[block]
# block no. 5 follows, 34 sequences, length 21
# corresponding to MSA columns:
# 242-262
name=unknown_F
#
# <colnr> <probs for GDERKNQSTAVLIFYWHMCP>
#	G	D	E	R	K	N	Q	S	T	A	V	L	I	F	Y	W	H	M	C	P
0	0.08658	0.17221	0.20615	0.01536	0.02064	0.16540	0.03532	0.07106	0.01520	0.04297	0.01091	0.01291	0.00867	0.00692	0.00748	0.00193	0.10377	0.00461	0.00343	0.00848
1	0.01579	0.01654	0.07296	0.03827	0.68645	0.01533	0.02009	0.01987	0.01464	0.02107	0.01212	0.01584	0.01010	0.00578	0.00638	0.00193	0.00780	0.00569	0.00317	0.01019
2	0.01817	0.67910	0.03182	0.01179	0.01703	0.12005	0.01124	0.02019	0.01381	0.01528	0.00911	0.01053	0.00830	0.00568	0.00437	0.00142	0.00753	0.00355	0.00284	0.00819
3	0.00998	0.00743	0.00919	0.00852	0.01035	0.00711	0.00645	0.04109	0.05423	0.02582	0.60671	0.04694	0.11543	0.01304	0.00752	0.00205	0.00334	0.01140	0.00696	0.00645
4	0.01318	0.07220	0.70264	0.01803	0.02737	0.01556	0.02320	0.02040	0.01361	0.02019	0.01146	0.01347	0.00819	0.00611	0.00603	0.00201	0.00941	0.00471	0.00273	0.00948
5	0.01606	0.03488	0.01545	0.01291	0.01594	0.05974	0.06689	0.19437	0.01871	0.08064	0.05920	0.26558	0.04768	0.01285	0.00733	0.00225	0.00610	0.06978	0.00583	0.00781
6	0.01709	0.74426	0.06475	0.01138	0.01708	0.02510	0.01162	0.01940	0.01315	0.01543	0.00910	0.01051	0.00829	0.00555	0.00423	0.00141	0.00703	0.00351	0.00276	0.00835
