[name]
unknown

[dist]
# distance from previous block
# <min> <max>
2	12

[block]
# block no. 0 follows, 29 sequences, length 7
# corresponding to MSA columns:
# 14-19,21
name=unknown_A
#
# <colnr> <probs for GDERKNQSTAVLIFYWHMCP>
#	G	D	E	R	K	N	Q	S	T	A	V	L	I	F	Y	W	H	M	C	P
0	0.16172	0.01691	0.01942	0.24667	0.08192	0.09069	0.01512	0.11431	0.07578	0.02567	0.01378	0.01697	0.01069	0.00788	0.00800	0.00230	0.07291	0.00585	0.00437	0.00904
1	0.01540	0.01352	0.01821	0.08297	0.14009	0.04383	0.05151	0.06053	0.09552	0.02365	0.05943	0.03113	0.07968	0.05197	0.03212	0.00284	0.05634	0.04294	0.08975	0.00857
2	0.01514	0.01111	0.01472	0.01243	0.01547	0.01103	0.06636	0.13757	0.04790	0.06990	0.27398	0.10854	0.10354	0.06744	0.01016	0.00266	0.00554	0.01149	0.00688	0.00813
3	0.19035	0.01635	0.02006	0.12385	0.11228	0.04478	0.05451	0.21054	0.01971	0.02963	0.01510	0.05615	0.01268	0.03137	0.00810	0.00241	0.03110	0.00674	0.00489	0.00940
4	0.01425	0.01337	0.02233	0.48189	0.14861	0.01544	0.05313	0.01974	0.05422	0.02080	0.07290	0.02215	0.01550	0.00772	0.00729	0.00232	0.00871	0.00710	0.00388	0.00863
5	0.01860	0.01035	0.01502	0.21434	0.02396	0.01061	0.01173	0.02134	0.01589	0.25820	0.02523	0.12790	0.02256	0.12219	0.01200	0.00314	0.00694	0.06551	0.00606	0.00843
6	0.01606	0.01228	0.01544	0.01461	0.05261	0.04546	0.02508	0.06649	0.04471	0.08803	0.02106	0.12673	0.01960	0.04517	0.18590	0.00468	0.08463	0.00872	0.04247	0.08026

[dist]
# distance from previous block
# <min> <max>
2	6

[block]
# block no. 1 follows, 29 sequences, length 31
# corresponding to MSA columns:
# 28-58
name=unknown_B
#
# <colnr> <probs for GDERKNQSTAVLIFYWHMCP>
#	G	D	E	R	K	N	Q	S	T	A	V	L	I	F	Y	W	H	M	C	P
0	0.22386	0.04904	0.01903	0.01641	0.06120	0.16395	0.03645	0.10570	0.08852	0.11571	0.01569	0.01651	0.01174	0.00778	0.00692	0.00215	0.03884	0.00560	0.00525	0.00964
1	0.00961	0.00723	0.00871	0.00836	0.01013	0.00652	0.00616	0.01227	0.01829	0.02475	0.46765	0.05721	0.25057	0.06889	0.01042	0.00263	0.00369	0.01333	0.00722	0.00634
2	0.02122	0.01704	0.01808	0.01520	0.01985	0.01935	0.01212	0.27944	0.44515	0.03545	0.02452	0.02301	0.01812	0.00924	0.00720	0.00231	0.00646	0.00744	0.00720	0.01159
3	0.01763	0.02077	0.10113	0.06290	0.11499	0.07443	0.30292	0.06253	0.01727	0.02335	0.01353	0.01730	0.01048	0.00660	0.00796	0.00216	0.03697	0.00674	0.00378	0.09655
4	0.01752	0.52506	0.25299	0.01477	0.02228	0.02446	0.01669	0.02171	0.01465	0.01860	0.01082	0.01258	0.00910	0.00631	0.00527	0.00176	0.00854	0.00427	0.00303	0.00958
5	0.01033	0.00700	0.00826	0.00826	0.00843	0.00717	0.00493	0.01067	0.01050	0.01417	0.02199	0.04411	0.02481	0.65656	0.12796	0.00751	0.00853	0.00999	0.00425	0.00459
6	0.00861	0.00647	0.00798	0.00919	0.01014	0.00585	0.00629	0.01000	0.01433	0.01846	0.04811	0.56268	0.22379	0.02116	0.00891	0.00276	0.00399	0.01884	0.00661	0.00585
7	0.02224	0.02377	0.06341	0.02563	0.15429	0.24724	0.19591	0.05975	0.01896	0.09836	0.01467	0.01706	0.01109	0.00699	0.00721	0.00212	0.01066	0.00636	0.00434	0.00993
8	0.05888	0.14585	0.02750	0.01866	0.02417	0.19697	0.15036	0.24158	0.02255	0.02816	0.01348	0.01526	0.01041	0.00722	0.00666	0.00202	0.00980	0.00581	0.00473	0.00993
9	0.00892	0.00697	0.00809	0.00837	0.01007	0.00614	0.00606	0.01098	0.01659	0.02140	0.22851	0.23994	0.36610	0.01823	0.00859	0.00249	0.00368	0.01582	0.00693	0.00614
10	0.00868	0.00620	0.00826	0.00991	0.01033	0.00578	0.00661	0.00991	0.01363	0.01818	0.03925	0.74510	0.04710	0.02231	0.00909	0.00289	0.00413	0.02024	0.00661	0.00578
11	0.02134	0.01836	0.15856	0.01965	0.07348	0.01358	0.14418	0.05344	0.01834	0.27184	0.04851	0.06677	0.01843	0.00908	0.00757	0.00232	0.00814	0.02999	0.00596	0.01047
12	0.01454	0.01343	0.02205	0.63188	0.10814	0.01625	0.01964	0.05303	0.01542	0.02005	0.01296	0.01876	0.00979	0.00712	0.00711	0.00234	0.00931	0.00633	0.00340	0.00844
13	0.02329	0.01020	0.01375	0.01120	0.01519	0.00898	0.00898	0.02629	0.02029	0.44044	0.29466	0.03570	0.03724	0.01109	0.00765	0.00222	0.00499	0.00942	0.00843	0.00998
14	0.01656	0.07029	0.03283	0.03276	0.32248	0.01713	0.28329	0.02108	0.01608	0.02213	0.01597	0.08611	0.01430	0.00769	0.00760	0.00226	0.00941	0.00829	0.00381	0.00994
15	0.01636	0.07054	0.59737	0.01925	0.02888	0.04864	0.02389	0.02364	0.01563	0.07190	0.01367	0.01542	0.00966	0.00691	0.00667	0.00220	0.01016	0.00530	0.00346	0.01047
16	0.02524	0.01159	0.01500	0.01217	0.01666	0.01078	0.00981	0.03075	0.12200	0.46537	0.16847	0.03062	0.02857	0.01014	0.00743	0.00224	0.00543	0.00849	0.00837	0.01087
17	0.02065	0.01465	0.01704	0.01555	0.06052	0.01546	0.01153	0.06002	0.41274	0.16760	0.02556	0.02386	0.01863	0.00875	0.00699	0.00219	0.00594	0.00727	0.00700	0.09805
18	0.02539	0.01424	0.01737	0.01384	0.01879	0.04172	0.04374	0.11548	0.11949	0.37754	0.03081	0.02835	0.10060	0.00983	0.00735	0.00225	0.00650	0.00811	0.00763	0.01096
19	0.01617	0.01439	0.02369	0.21517	0.37528	0.01556	0.01886	0.02004	0.01535	0.05225	0.01642	0.06599	0.01470	0.00878	0.00854	0.00237	0.06174	0.04108	0.00399	0.00961
20	0.02073	0.01910	0.09732	0.05485	0.27691	0.07768	0.01716	0.11242	0.01940	0.13755	0.04639	0.05563	0.01607	0.00835	0.00715	0.00218	0.00821	0.00718	0.00515	0.01058
21	0.02106	0.01433	0.01837	0.11200	0.08300	0.03936	0.01288	0.12344	0.01940	0.20245	0.06472	0.05046	0.01771	0.00886	0.00796	0.00209	0.05166	0.00715	0.00590	0.13719
22	0.04246	0.01872	0.12075	0.06151	0.08659	0.04726	0.01482	0.15298	0.08576	0.14021	0.04130	0.02341	0.03557	0.00866	0.00701	0.00217	0.00756	0.03023	0.00577	0.06727
23	0.05255	0.01861	0.01947	0.05358	0.05044	0.18070	0.07068	0.10445	0.04019	0.10939	0.07288	0.04164	0.01764	0.02907	0.00771	0.00215	0.00829	0.00695	0.00534	0.10828
24	0.04357	0.01476	0.01942	0.12426	0.13510	0.07330	0.04645	0.05243	0.01753	0.17153	0.04475	0.10903	0.01849	0.00932	0.00714	0.00216	0.00748	0.00813	0.00543	0.08973
25	0.01676	0.05975	0.02117	0.06161	0.18844	0.03617	0.05459	0.09179	0.05272	0.04366	0.05308	0.11012	0.06324	0.00978	0.00716	0.00211	0.00707	0.00865	0.00507	0.10705
26	0.01962	0.01646	0.02208	0.05247	0.21825	0.07741	0.06114	0.05731	0.04473	0.11853	0.01696	0.05097	0.01374	0.00774	0.00740	0.00200	0.03251	0.00671	0.00486	0.16911
27	0.01734	0.01791	0.05339	0.19110	0.09044	0.13313	0.01492	0.09452	0.03644	0.02257	0.01694	0.09748	0.01548	0.02684	0.00838	0.00229	0.03728	0.02178	0.00443	0.09731
28	0.02055	0.09477	0.05006	0.06395	0.08152	0.16562	0.01355	0.08391	0.04488	0.09705	0.01663	0.06925	0.01400	0.00843	0.00718	0.00198	0.03501	0.00653	0.00482	0.12031
29	0.01777	0.07719	0.02289	0.19285	0.14731	0.10663	0.05623	0.04669	0.08676	0.04751	0.05742	0.05312	0.01667	0.00831	0.00701	0.00216	0.00842	0.00720	0.00455	0.03329
30	0.01935	0.01739	0.02037	0.17006	0.15819	0.12448	0.01556	0.13071	0.06945	0.06047	0.01900	0.02476	0.03090	0.01115	0.04410	0.00274	0.00920	0.05767	0.00494	0.00954

[dist]
# distance from previous block
# <min> <max>
21	74

[block]
# block no. 2 follows, 29 sequences, length 9
# corresponding to MSA columns:
# 158-166
name=unknown_C
#
# <colnr> <probs for GDERKNQSTAVLIFYWHMCP>
#	G	D	E	R	K	N	Q	S	T	A	V	L	I	F	Y	W	H	M	C	P
0	0.01803	0.02145	0.07931	0.02321	0.02958	0.12530	0.36410	0.02513	0.10819	0.02295	0.01554	0.01842	0.01187	0.00667	0.00747	0.00215	0.01040	0.00707	0.00413	0.09903
1	0.25688	0.01467	0.01567	0.04490	0.04788	0.01478	0.01037	0.14713	0.04219	0.03005	0.01330	0.01497	0.01037	0.00660	0.00559	0.00177	0.00617	0.00485	0.00487	0.30698
2	0.01824	0.01668	0.02968	0.10369	0.03107	0.01685	0.33436	0.06088	0.11679	0.08439	0.01735	0.02012	0.01285	0.00729	0.00835	0.00231	0.04171	0.00751	0.00476	0.06515
3	0.01386	0.00931	0.01132	0.01033	0.01151	0.01002	0.00722	0.01675	0.08062	0.08907	0.10708	0.03960	0.02790	0.42405	0.02542	0.00496	0.08945	0.00964	0.00537	0.00650
4	0.01856	0.01665	0.04598	0.14831	0.38310	0.01681	0.04302	0.07597	0.08489	0.07230	0.01615	0.01913	0.01245	0.00715	0.00713	0.00221	0.00832	0.00662	0.00447	0.01077
5	0.11333	0.01501	0.02076	0.36190	0.17391	0.05123	0.01716	0.02254	0.09219	0.04348	0.01472	0.01851	0.01127	0.00725	0.00675	0.00227	0.00841	0.00616	0.00406	0.00911
6	0.01700	0.09947	0.02692	0.16306	0.29632	0.01738	0.08569	0.02275	0.08322	0.04540	0.01664	0.02264	0.01389	0.00773	0.00713	0.00224	0.00843	0.04999	0.00416	0.00994
7	0.05890	0.04454	0.09257	0.08029	0.15371	0.06917	0.08321	0.13440	0.12349	0.06489	0.01674	0.01843	0.01256	0.00750	0.00695	0.00220	0.00858	0.00643	0.00495	0.01048
8	0.06529	0.01978	0.12751	0.03988	0.02244	0.08442	0.06041	0.12784	0.03754	0.13535	0.04971	0.02078	0.03937	0.00799	0.00676	0.00202	0.00787	0.00647	0.00543	0.13317

[dist]
# distance from previous block
# <min> <max>
1	10

[block]
# block no. 3 follows, 29 sequences, length 15
# corresponding to MSA columns:
# 177-191
name=unknown_D
#
# <colnr> <probs for GDERKNQSTAVLIFYWHMCP>
#	G	D	E	R	K	N	Q	S	T	A	V	L	I	F	Y	W	H	M	C	P
0	0.05861	0.01617	0.09952	0.04821	0.01946	0.05298	0.01249	0.11592	0.08758	0.10932	0.02056	0.07578	0.01739	0.04947	0.17936	0.00466	0.01033	0.00777	0.00538	0.00903
1	0.07860	0.05373	0.03446	0.03068	0.05348	0.10143	0.01264	0.25389	0.05832	0.15142	0.05799	0.01974	0.01581	0.00831	0.00673	0.00207	0.00760	0.00637	0.00621	0.04051
2	0.14459	0.10082	0.23729	0.01536	0.02184	0.01672	0.04138	0.10536	0.04136	0.08545	0.06731	0.03698	0.01675	0.00851	0.00659	0.00221	0.00775	0.02903	0.00498	0.00972
3	0.07257	0.10127	0.11471	0.01720	0.05934	0.09369	0.07152	0.11932	0.04450	0.07981	0.02184	0.02296	0.09035	0.01109	0.04688	0.00265	0.00888	0.00694	0.00495	0.00953
4	0.02028	0.19891	0.09752	0.01430	0.01956	0.11897	0.01303	0.18030	0.03944	0.05938	0.10302	0.02342	0.06467	0.00901	0.00661	0.00200	0.00781	0.00686	0.00533	0.00957
5	0.14704	0.35012	0.11060	0.01491	0.02106	0.07130	0.06308	0.08248	0.04025	0.02343	0.01198	0.01360	0.00973	0.00668	0.00555	0.00190	0.00826	0.00477	0.00387	0.00939
6	0.01003	0.00785	0.01057	0.01289	0.08917	0.00735	0.00791	0.01194	0.01514	0.02019	0.14670	0.35610	0.16763	0.08937	0.01127	0.00300	0.00467	0.01554	0.00623	0.00646
7	0.00946	0.00709	0.00887	0.00950	0.01088	0.00664	0.00707	0.01154	0.01551	0.02033	0.15798	0.26014	0.21961	0.06225	0.05996	0.00353	0.00542	0.11165	0.00649	0.00608
8	0.02054	0.45471	0.10742	0.01530	0.02140	0.17292	0.04763	0.02359	0.01610	0.04618	0.01142	0.01304	0.00956	0.00654	0.00550	0.00174	0.00920	0.00450	0.00344	0.00925
9	0.02058	0.06553	0.04352	0.01218	0.01641	0.06945	0.01023	0.10411	0.02075	0.22976	0.20218	0.03447	0.11868	0.01108	0.00738	0.00216	0.00610	0.00906	0.00701	0.00934
10	0.01015	0.00748	0.00957	0.01114	0.04896	0.00719	0.00719	0.01148	0.01334	0.01749	0.03589	0.26785	0.12332	0.28165	0.01874	0.00428	0.00565	0.10732	0.00561	0.00571
11	0.06112	0.21292	0.08857	0.01583	0.02167	0.08347	0.07815	0.16781	0.02041	0.10864	0.06255	0.01833	0.01492	0.00774	0.00644	0.00200	0.00824	0.00606	0.00514	0.01000
12	0.02370	0.09002	0.04256	0.01689	0.07031	0.04745	0.01325	0.31633	0.08204	0.12589	0.04471	0.01940	0.01518	0.00823	0.00679	0.00204	0.00740	0.00641	0.00630	0.05511
13	0.05679	0.01674	0.04524	0.11448	0.04633	0.06476	0.04359	0.15736	0.13836	0.07863	0.04396	0.06301	0.01804	0.00933	0.00716	0.00225	0.00755	0.03006	0.00575	0.05060
14	0.04838	0.05110	0.07376	0.02110	0.13048	0.04778	0.11605	0.09705	0.13474	0.02634	0.06052	0.02862	0.06599	0.00945	0.00741	0.00230	0.00788	0.05612	0.00524	0.00971

[dist]
# distance from previous block
# <min> <max>
12	43

[block]
# block no. 4 follows, 29 sequences, length 10
# corresponding to MSA columns:
# 235-244
name=unknown_E
#
# <colnr> <probs for GDERKNQSTAVLIFYWHMCP>
#	G	D	E	R	K	N	Q	S	T	A	V	L	I	F	Y	W	H	M	C	P
0	0.11103	0.01038	0.01377	0.09054	0.05497	0.01026	0.03620	0.01684	0.01669	0.06720	0.26403	0.03747	0.11148	0.05619	0.00906	0.00246	0.00549	0.00955	0.00591	0.07046
1	0.01780	0.01363	0.01595	0.06988	0.05079	0.05516	0.01065	0.02284	0.08976	0.12786	0.11193	0.02313	0.02052	0.00789	0.00650	0.00174	0.00611	0.00656	0.00559	0.33570
2	0.49026	0.01393	0.01529	0.14070	0.11685	0.01556	0.01186	0.02034	0.01327	0.02763	0.01110	0.01397	0.00875	0.00655	0.00532	0.00213	0.00660	0.00466	0.00405	0.07118
3	0.05894	0.11595	0.01746	0.07191	0.01800	0.01273	0.06013	0.04576	0.01490	0.02052	0.02540	0.21343	0.05567	0.10623	0.01104	0.00292	0.00655	0.06848	0.00500	0.06897
4	0.08646	0.01702	0.02386	0.02218	0.13032	0.06056	0.15922	0.07739	0.14231	0.06282	0.04884	0.02228	0.03949	0.00852	0.00852	0.00232	0.06545	0.00741	0.00515	0.00987
5	0.01754	0.01695	0.02231	0.02844	0.34148	0.12586	0.05127	0.02090	0.01695	0.05347	0.02391	0.07012	0.08664	0.01019	0.00760	0.00229	0.00828	0.08182	0.00463	0.00937
6	0.06652	0.06151	0.02328	0.16486	0.26203	0.01737	0.01654	0.12712	0.05757	0.05211	0.01481	0.01759	0.01150	0.00705	0.00663	0.00207	0.00782	0.00600	0.00452	0.07308
7	0.04830	0.01445	0.01696	0.01576	0.07248	0.01543	0.02757	0.23911	0.15062	0.04999	0.02464	0.08340	0.05866	0.11539	0.01139	0.00292	0.00669	0.00878	0.00617	0.03129
8	0.10141	0.07800	0.02125	0.03883	0.04247	0.15120	0.05882	0.10395	0.10277	0.02460	0.01792	0.02167	0.04419	0.00932	0.00932	0.00231	0.12207	0.03613	0.00472	0.00904
9	0.01691	0.03847	0.05555	0.01394	0.03989	0.07671	0.01091	0.10210	0.14524	0.07204	0.08640	0.17552	0.09137	0.03186	0.00837	0.00246	0.00637	0.01073	0.00629	0.00887

[dist]
# distance from previous block
# <min> <max>
2	15

[block]
# block no. 5 follows, 29 sequences, length 59
# corresponding to MSA columns:
# 261-319
name=unknown_F
#
# <colnr> <probs for GDERKNQSTAVLIFYWHMCP>
#	G	D	E	R	K	N	Q	S	T	A	V	L	I	F	Y	W	H	M	C	P
0	0.01762	0.01486	0.01987	0.04980	0.04069	0.07955	0.13472	0.08131	0.01815	0.10343	0.02821	0.07873	0.13239	0.01252	0.04023	0.00262	0.00818	0.03474	0.00543	0.09693
1	0.03749	0.01557	0.05142	0.14324	0.15425	0.04694	0.10123	0.02241	0.04381	0.11932	0.07182	0.02352	0.01740	0.05835	0.00914	0.00248	0.00813	0.00726	0.00482	0.06139
2	0.01617	0.01291	0.07438	0.04624	0.01802	0.01086	0.03372	0.05166	0.08515	0.14246	0.22077	0.12304	0.06068	0.01201	0.00770	0.00227	0.00569	0.01046	0.00670	0.05914
3	0.01527	0.01342	0.02170	0.08419	0.24095	0.01294	0.09593	0.01963	0.03905	0.05459	0.11504	0.06101	0.07611	0.00926	0.00739	0.00213	0.00708	0.00865	0.00494	0.11071
4	0.01946	0.01718	0.02166	0.07544	0.27379	0.11404	0.02816	0.06750	0.03491	0.09390	0.04877	0.02433	0.04782	0.00841	0.00712	0.00211	0.00809	0.03457	0.00491	0.06783
5	0.01708	0.04997	0.05172	0.13483	0.09453	0.01600	0.08547	0.16887	0.05099	0.02626	0.03787	0.02739	0.06884	0.06610	0.00953	0.00258	0.00794	0.03393	0.00498	0.04514
6	0.01521	0.01181	0.01623	0.01320	0.01713	0.01128	0.08430	0.06385	0.08229	0.07895	0.19712	0.03686	0.11704	0.01233	0.02749	0.00240	0.02637	0.03562	0.00626	0.14429
7	0.01667	0.07575	0.01900	0.01560	0.06131	0.08823	0.05213	0.05007	0.01844	0.07086	0.28397	0.03069	0.03301	0.01056	0.00923	0.00217	0.09290	0.00856	0.00572	0.05513
8	0.02487	0.06512	0.02480	0.01790	0.02367	0.04889	0.10885	0.46000	0.05964	0.06917	0.01709	0.01766	0.01233	0.00805	0.00713	0.00214	0.00843	0.00658	0.00631	0.01137
9	0.01783	0.07542	0.21795	0.01919	0.07385	0.01739	0.07241	0.09575	0.16077	0.06412	0.07462	0.02166	0.01768	0.00836	0.00758	0.00225	0.03064	0.00698	0.00515	0.01041
10	0.03844	0.05123	0.14202	0.06254	0.05566	0.12793	0.09147	0.07849	0.06642	0.08284	0.05736	0.05303	0.04370	0.00883	0.00714	0.00220	0.00876	0.00746	0.00496	0.00953
11	0.01009	0.00751	0.01110	0.01120	0.01237	0.00863	0.00857	0.01245	0.01153	0.01652	0.02045	0.07299	0.01994	0.07972	0.64978	0.01073	0.01766	0.00852	0.00401	0.00624
12	0.01272	0.01288	0.11302	0.01170	0.01532	0.00966	0.03367	0.05528	0.01811	0.04898	0.26639	0.04231	0.15740	0.01597	0.06661	0.00300	0.00648	0.02664	0.07613	0.00771
13	0.01362	0.01144	0.01354	0.01043	0.01564	0.00880	0.00809	0.01642	0.01455	0.02226	0.01765	0.15201	0.01742	0.00847	0.00599	0.00140	0.00506	0.00723	0.00467	0.64530
14	0.01571	0.04792	0.31483	0.02313	0.03115	0.01695	0.30554	0.04998	0.01699	0.02394	0.07084	0.01998	0.01476	0.00714	0.00756	0.00229	0.01036	0.00726	0.00384	0.00984
15	0.01545	0.17210	0.39978	0.01725	0.02523	0.03746	0.04568	0.02201	0.04684	0.02173	0.04343	0.04617	0.01383	0.00762	0.00648	0.00206	0.00896	0.00608	0.00368	0.05814
16	0.01550	0.01414	0.01487	0.01134	0.01697	0.06836	0.00890	0.01923	0.04688	0.02272	0.01493	0.06023	0.01321	0.00670	0.00570	0.00130	0.00584	0.00542	0.00446	0.64329
17	0.01814	0.01551	0.01634	0.01458	0.01868	0.01791	0.01137	0.06729	0.66232	0.03048	0.02844	0.02613	0.02130	0.00961	0.00724	0.00240	0.00574	0.00798	0.00724	0.01131
18	0.01496	0.01147	0.01486	0.08722	0.04686	0.00980	0.00995	0.01804	0.01547	0.07947	0.06864	0.12306	0.02045	0.00892	0.00647	0.00168	0.00560	0.00769	0.00507	0.44433
19	0.01275	0.01124	0.08453	0.01205	0.01433	0.00913	0.00996	0.03717	0.03371	0.08185	0.05882	0.44876	0.03677	0.03824	0.01000	0.00284	0.03961	0.04464	0.00628	0.00733
20	0.09211	0.01918	0.02030	0.01568	0.02126	0.02121	0.01295	0.60608	0.03128	0.06442	0.01683	0.01685	0.01191	0.00839	0.00690	0.00214	0.00759	0.00622	0.00695	0.01174
21	0.00867	0.00622	0.00823	0.00984	0.01031	0.00579	0.00658	0.00992	0.01370	0.01821	0.04013	0.72685	0.06478	0.02219	0.00907	0.00288	0.00412	0.02010	0.00661	0.00579
22	0.00877	0.00630	0.00834	0.00994	0.01046	0.00588	0.00674	0.01010	0.01382	0.01832	0.04028	0.69931	0.06859	0.02207	0.00909	0.00289	0.00420	0.04249	0.00661	0.00582
23	0.01763	0.01768	0.09598	0.17843	0.44648	0.01612	0.02094	0.02225	0.01604	0.07927	0.01440	0.01819	0.01121	0.00675	0.00704	0.00219	0.00868	0.00630	0.00384	0.01059
24	0.01054	0.00799	0.01143	0.01123	0.01220	0.00934	0.00849	0.01257	0.01122	0.01608	0.01907	0.03054	0.01873	0.17539	0.55591	0.01012	0.06119	0.00803	0.00386	0.00608
25	0.02085	0.01472	0.01911	0.08690	0.04147	0.01618	0.04397	0.22593	0.09232	0.13341	0.02023	0.02417	0.01575	0.03335	0.07321	0.00328	0.05839	0.03476	0.03197	0.01002
26	0.01851	0.01415	0.01614	0.01221	0.01804	0.01275	0.00982	0.12716	0.11634	0.08246	0.01696	0.01760	0.01298	0.00671	0.00600	0.00151	0.00579	0.00536	0.00548	0.49402
27	0.10829	0.10444	0.02462	0.04490	0.10781	0.15772	0.12212	0.04364	0.01716	0.08380	0.01476	0.01885	0.01199	0.00734	0.00656	0.00203	0.00894	0.03615	0.00438	0.07452
28	0.00902	0.00645	0.00830	0.00940	0.01014	0.00596	0.00638	0.01029	0.01428	0.01894	0.10867	0.53817	0.12297	0.04627	0.01075	0.03971	0.00418	0.01789	0.00649	0.00573
29	0.05180	0.01163	0.01303	0.01112	0.01440	0.04334	0.00845	0.05217	0.05774	0.18789	0.04165	0.02934	0.03625	0.18041	0.10595	0.00430	0.00796	0.00768	0.03339	0.10151
30	0.05619	0.02003	0.01757	0.01487	0.01833	0.22981	0.01166	0.11631	0.01825	0.02331	0.03799	0.01998	0.04230	0.05297	0.01132	0.00233	0.14475	0.00612	0.00450	0.15141
31	0.02003	0.01776	0.01711	0.01487	0.01900	0.10031	0.01164	0.16640	0.42223	0.03132	0.08090	0.02525	0.02211	0.00957	0.00722	0.00228	0.00674	0.00771	0.00685	0.01071
32	0.04569	0.01455	0.02040	0.08480	0.10854	0.01497	0.06782	0.13323	0.01778	0.07535	0.01547	0.02005	0.01269	0.06906	0.04090	0.00282	0.06865	0.00641	0.00472	0.17610
33	0.05179	0.05261	0.09071	0.06266	0.10642	0.04475	0.01468	0.17808	0.05497	0.13975	0.01812	0.04198	0.01427	0.05298	0.00940	0.00250	0.04177	0.00684	0.00549	0.01022
34	0.02692	0.04797	0.02120	0.01570	0.02132	0.02077	0.01302	0.55133	0.05979	0.12138	0.01862	0.01812	0.01306	0.00853	0.00703	0.00213	0.00752	0.00647	0.00717	0.01196
35	0.01584	0.01575	0.02360	0.45960	0.25033	0.07479	0.01992	0.02018	0.01534	0.01970	0.01275	0.01805	0.01002	0.00690	0.00704	0.00225	0.00945	0.00619	0.00332	0.00898
36	0.01285	0.00886	0.01145	0.01244	0.03712	0.00865	0.00928	0.05939	0.03552	0.06856	0.03943	0.32213	0.12004	0.01826	0.00884	0.00281	0.00535	0.20508	0.00669	0.00724
37	0.01208	0.01065	0.01212	0.01214	0.04310	0.04809	0.03414	0.03636	0.09240	0.02175	0.10492	0.19082	0.28012	0.05671	0.00977	0.00269	0.00528	0.01338	0.00627	0.00721
38	0.05172	0.05081	0.02297	0.03947	0.06789	0.32746	0.06929	0.19684	0.02246	0.06427	0.01394	0.01550	0.01063	0.00748	0.00673	0.00202	0.01028	0.00563	0.00483	0.00978
39	0.01026	0.00719	0.00932	0.00943	0.01037	0.00764	0.00669	0.01193	0.01194	0.01687	0.02615	0.08133	0.07910	0.26351	0.34088	0.00789	0.01168	0.00979	0.07236	0.00568
40	0.17895	0.01497	0.01659	0.01328	0.01834	0.01571	0.01088	0.22655	0.08920	0.28601	0.02100	0.01996	0.01443	0.00987	0.03039	0.00251	0.00688	0.00639	0.00712	0.01098
41	0.00964	0.00717	0.00957	0.04310	0.01290	0.00688	0.00800	0.01186	0.01564	0.02075	0.16112	0.38857	0.12051	0.01925	0.00894	0.00277	0.00463	0.13582	0.00666	0.00622
42	0.07449	0.16464	0.13719	0.02102	0.13077	0.04403	0.07137	0.11618	0.04462	0.04504	0.01432	0.03363	0.01160	0.00767	0.00750	0.00214	0.05343	0.00604	0.00428	0.01003
43	0.01906	0.01546	0.04589	0.01397	0.01815	0.03009	0.01136	0.13687	0.34999	0.09750	0.05109	0.10685	0.04990	0.01112	0.00747	0.00238	0.00608	0.00930	0.00705	0.01043
44	0.00906	0.00657	0.00864	0.01016	0.01091	0.00615	0.00722	0.01065	0.01425	0.01872	0.04176	0.59201	0.10068	0.02157	0.00914	0.00291	0.00444	0.11263	0.00660	0.00592
45	0.01795	0.01886	0.05755	0.13914	0.43742	0.07359	0.07624	0.05214	0.01703	0.02297	0.01332	0.01744	0.01075	0.00663	0.00711	0.00216	0.00932	0.00633	0.00363	0.01041
46	0.02010	0.16773	0.23553	0.02162	0.13575	0.10807	0.04129	0.08571	0.01801	0.08155	0.01386	0.01560	0.01051	0.00695	0.00647	0.00203	0.00934	0.00545	0.00408	0.01034
47	0.02841	0.01972	0.01979	0.01559	0.02094	0.12085	0.01268	0.39874	0.02774	0.23365	0.01939	0.01854	0.01328	0.00845	0.00703	0.00211	0.00805	0.00636	0.00711	0.01155
48	0.02393	0.23238	0.02580	0.04705	0.02250	0.37222	0.04375	0.05685	0.01881	0.07640	0.01263	0.01414	0.01009	0.00710	0.00611	0.00184	0.01039	0.00492	0.00406	0.00905
49	0.01171	0.00811	0.00951	0.00909	0.00978	0.00850	0.00584	0.06655	0.01246	0.01684	0.02143	0.04106	0.02340	0.57260	0.14753	0.00726	0.00900	0.00957	0.00447	0.00530
50	0.01477	0.01266	0.01477	0.01055	0.01687	0.00949	0.00844	0.01793	0.01477	0.02320	0.01266	0.01477	0.01055	0.00527	0.00527	0.00105	0.00527	0.00422	0.00422	0.79328
51	0.00988	0.00766	0.01016	0.01201	0.06812	0.00712	0.00778	0.01199	0.01582	0.02108	0.18984	0.33075	0.18339	0.04929	0.00982	0.00277	0.00444	0.04510	0.00653	0.00647
52	0.01937	0.02195	0.01712	0.01564	0.01806	0.35785	0.01198	0.02247	0.05695	0.01886	0.07769	0.02175	0.01750	0.04225	0.14476	0.00406	0.11321	0.00655	0.00424	0.00774
53	0.01507	0.01356	0.02092	0.60602	0.04399	0.01656	0.01849	0.08180	0.07242	0.02165	0.01443	0.01944	0.01075	0.00746	0.00713	0.00235	0.00902	0.00648	0.00387	0.00858
54	0.04904	0.01700	0.06950	0.05865	0.02274	0.01546	0.07842	0.22181	0.02019	0.02901	0.01468	0.01826	0.01179	0.05765	0.00889	0.00218	0.02532	0.00596	0.00488	0.26857
55	0.01465	0.01061	0.01246	0.01035	0.01417	0.00917	0.00783	0.07106	0.01636	0.07577	0.04678	0.16346	0.09643	0.09538	0.01024	0.00242	0.00528	0.00976	0.00564	0.32217
56	0.09055	0.03153	0.01921	0.01745	0.02119	0.63505	0.01316	0.02818	0.04579	0.01912	0.01162	0.01327	0.00954	0.00737	0.00629	0.00189	0.01195	0.00466	0.00387	0.00833
57	0.01227	0.07103	0.05682	0.01198	0.01435	0.04339	0.03270	0.04223	0.01460	0.01899	0.02934	0.28853	0.07598	0.11431	0.11409	0.00436	0.00819	0.03485	0.00519	0.00680
58	0.62260	0.07542	0.01354	0.01015	0.01464	0.01692	0.00850	0.07501	0.01457	0.03154	0.05319	0.01458	0.01186	0.00722	0.00489	0.00214	0.00574	0.00462	0.00473	0.00813

[dist]
# distance from previous block
# <min> <max>
0	28

[block]
# block no. 6 follows, 29 sequences, length 22
# corresponding to MSA columns:
# 352-373
name=unknown_G
#
# <colnr> <probs for GDERKNQSTAVLIFYWHMCP>
#	G	D	E	R	K	N	Q	S	T	A	V	L	I	F	Y	W	H	M	C	P
0	0.07609	0.05894	0.08873	0.01203	0.01847	0.03731	0.01082	0.02066	0.01526	0.08257	0.01358	0.01511	0.01065	0.00596	0.00553	0.00142	0.00631	0.00454	0.00442	0.51161
1	0.13504	0.08255	0.05109	0.01285	0.01781	0.08072	0.01098	0.11363	0.01931	0.27095	0.02359	0.02371	0.07306	0.04441	0.00795	0.00234	0.00704	0.00679	0.00627	0.00988
2	0.06657	0.05316	0.01954	0.04625	0.02044	0.07929	0.01290	0.26497	0.06125	0.06295	0.04093	0.02212	0.01553	0.01161	0.04043	0.00274	0.12149	0.04249	0.00562	0.00973
3	0.16339	0.04115	0.01763	0.01357	0.01861	0.04586	0.01118	0.34454	0.02397	0.03490	0.03534	0.02163	0.03568	0.00871	0.00649	0.00204	0.00693	0.04366	0.00592	0.11880
4	0.07819	0.00722	0.00894	0.00988	0.01100	0.00697	0.00688	0.01231	0.01449	0.05032	0.10648	0.57726	0.04455	0.01955	0.00853	0.00273	0.00425	0.01748	0.00664	0.00632
5	0.01417	0.01085	0.01476	0.01649	0.14369	0.01035	0.03105	0.01901	0.09392	0.09390	0.15938	0.04542	0.29252	0.01295	0.00789	0.00230	0.00522	0.01121	0.00645	0.00846
6	0.00979	0.00659	0.00848	0.00947	0.00982	0.00638	0.00628	0.01041	0.01244	0.01654	0.03135	0.40276	0.03670	0.24701	0.01933	0.07968	0.00539	0.07089	0.00556	0.00514
7	0.06176	0.09406	0.16486	0.09349	0.09241	0.07844	0.12246	0.04490	0.04919	0.09285	0.01489	0.01718	0.01111	0.00715	0.00716	0.00218	0.02571	0.00608	0.00423	0.00989
8	0.01655	0.01487	0.02533	0.19859	0.42602	0.01542	0.04967	0.02070	0.01596	0.05528	0.03714	0.06225	0.01502	0.00783	0.00730	0.00224	0.00833	0.00750	0.00402	0.00999
9	0.01428	0.03683	0.71286	0.02030	0.03082	0.01654	0.02631	0.02255	0.01503	0.02255	0.01278	0.01503	0.00902	0.00677	0.00677	0.00226	0.01052	0.00526	0.00301	0.01052
10	0.01615	0.01409	0.02160	0.23163	0.26195	0.01392	0.01641	0.02012	0.01537	0.05335	0.01362	0.01740	0.01082	0.00634	0.00650	0.00185	0.00762	0.00569	0.00389	0.26168
11	0.01049	0.00868	0.01426	0.01325	0.01496	0.00818	0.12146	0.01273	0.01460	0.01965	0.09063	0.46192	0.04040	0.08399	0.01139	0.00313	0.00579	0.05207	0.00599	0.00643
12	0.01185	0.00889	0.01041	0.01060	0.01189	0.00933	0.00732	0.04793	0.14720	0.02050	0.03088	0.35362	0.03363	0.21799	0.04106	0.00415	0.00588	0.01405	0.00604	0.00679
13	0.01980	0.02096	0.06724	0.03160	0.35117	0.11280	0.10485	0.11162	0.06344	0.02568	0.01468	0.01755	0.01160	0.00697	0.00715	0.00215	0.00936	0.00643	0.00425	0.01072
14	0.02495	0.03264	0.11611	0.01838	0.02324	0.53895	0.01547	0.10682	0.02108	0.02146	0.01199	0.01366	0.00951	0.00741	0.00655	0.00193	0.01191	0.00490	0.00400	0.00904
15	0.01127	0.00876	0.01045	0.01041	0.01180	0.00906	0.00752	0.06957	0.03583	0.02072	0.05655	0.34213	0.19077	0.10726	0.01315	0.00319	0.06392	0.01495	0.00614	0.00655
16	0.01920	0.06468	0.04968	0.01895	0.10040	0.03760	0.09123	0.13266	0.12218	0.09603	0.06156	0.08074	0.02021	0.04495	0.00868	0.00244	0.00747	0.00833	0.00574	0.02729
17	0.00954	0.00711	0.00891	0.00908	0.01065	0.00648	0.00675	0.01213	0.01772	0.02394	0.38559	0.20071	0.19540	0.01725	0.00865	0.00248	0.00380	0.06024	0.00724	0.00637
18	0.05468	0.08338	0.10869	0.01993	0.09049	0.06445	0.13077	0.13489	0.05178	0.02652	0.03969	0.02035	0.04106	0.00873	0.02293	0.00229	0.00870	0.00669	0.02876	0.05520
19	0.03252	0.01400	0.08590	0.01166	0.01610	0.03551	0.01016	0.04108	0.04761	0.08612	0.08277	0.09192	0.06552	0.03350	0.00772	0.00212	0.00583	0.03627	0.07596	0.21773
20	0.02104	0.45849	0.09244	0.01489	0.02060	0.24961	0.01396	0.02372	0.01635	0.01749	0.01051	0.01220	0.00914	0.00655	0.00536	0.00169	0.00955	0.00419	0.00324	0.00898
21	0.01494	0.01443	0.04335	0.03173	0.04137	0.08504	0.03929	0.06784	0.07011	0.02406	0.14843	0.15726	0.02932	0.03010	0.04946	0.00278	0.00727	0.00993	0.00558	0.12772

[dist]
# distance from previous block
# <min> <max>
0	1

[block]
# block no. 7 follows, 29 sequences, length 31
# corresponding to MSA columns:
# 375-405
name=unknown_H
#
# <colnr> <probs for GDERKNQSTAVLIFYWHMCP>
#	G	D	E	R	K	N	Q	S	T	A	V	L	I	F	Y	W	H	M	C	P
0	0.01884	0.07921	0.29375	0.01717	0.05126	0.04006	0.01735	0.11926	0.01872	0.11014	0.04718	0.05283	0.01521	0.00819	0.00675	0.00208	0.00825	0.00654	0.00487	0.08238
1	0.04197	0.10571	0.05097	0.05312	0.21415	0.08926	0.09666	0.06827	0.01730	0.07905	0.01562	0.04574	0.01298	0.01120	0.06461	0.00286	0.00972	0.00671	0.00431	0.00976
2	0.00967	0.00674	0.00847	0.00906	0.00947	0.00667	0.00585	0.01066	0.01246	0.01687	0.07947	0.31282	0.03628	0.34394	0.09454	0.00549	0.00683	0.01405	0.00541	0.00527
3	0.01671	0.19215	0.20916	0.01970	0.10684	0.07386	0.04016	0.04356	0.01587	0.02093	0.03617	0.06082	0.04454	0.00884	0.00823	0.00217	0.08041	0.00679	0.00382	0.00928
4	0.02259	0.01956	0.08093	0.07307	0.14267	0.05860	0.09817	0.21693	0.04804	0.14201	0.01737	0.01870	0.01247	0.00762	0.00721	0.00220	0.00871	0.00663	0.00554	0.01097
5	0.01746	0.01290	0.01757	0.01542	0.05051	0.01313	0.08146	0.15979	0.06568	0.09875	0.14235	0.09056	0.10347	0.04694	0.00971	0.00258	0.02759	0.02861	0.00652	0.00901
6	0.01095	0.00749	0.00970	0.00914	0.01093	0.00690	0.00689	0.01407	0.01945	0.05463	0.59433	0.05344	0.09052	0.04485	0.00955	0.00248	0.00374	0.03654	0.00763	0.00680
7	0.04475	0.01441	0.04691	0.10860	0.25456	0.01415	0.03511	0.08083	0.04450	0.05407	0.02219	0.16329	0.04317	0.03157	0.00829	0.00248	0.00732	0.00952	0.00495	0.00933
8	0.80005	0.01377	0.01047	0.00936	0.01377	0.01597	0.00771	0.02093	0.01212	0.03195	0.00991	0.01157	0.00771	0.00661	0.00441	0.00220	0.00551	0.00386	0.00441	0.00771
9	0.01744	0.04763	0.14706	0.09364	0.30716	0.06376	0.04586	0.08180	0.01782	0.02412	0.04837	0.02033	0.03855	0.00756	0.00705	0.00215	0.00884	0.00666	0.00404	0.01016
10	0.01019	0.00757	0.01114	0.01114	0.01230	0.00873	0.00852	0.01252	0.01135	0.01630	0.01935	0.02953	0.01848	0.11152	0.66434	0.01106	0.01806	0.00786	0.00386	0.00619
11	0.01692	0.04440	0.08524	0.02068	0.02603	0.04842	0.26938	0.08001	0.07933	0.02379	0.01875	0.04727	0.03449	0.03846	0.01012	0.00254	0.07006	0.03288	0.00450	0.04674
12	0.01784	0.01723	0.09468	0.01696	0.06175	0.06917	0.05924	0.12497	0.08252	0.08600	0.04760	0.18234	0.06346	0.01197	0.00815	0.00239	0.02836	0.01025	0.00585	0.00928
13	0.00903	0.00657	0.00864	0.00995	0.01071	0.00600	0.00672	0.01038	0.01370	0.01847	0.03769	0.70240	0.04496	0.02131	0.00887	0.00278	0.00420	0.01931	0.00647	0.05183
14	0.01927	0.08873	0.09647	0.02324	0.23342	0.03815	0.01587	0.11296	0.01835	0.07323	0.01427	0.01629	0.01114	0.00660	0.00634	0.00181	0.00768	0.00547	0.00447	0.20624
15	0.01713	0.01377	0.01628	0.03760	0.01859	0.03626	0.03050	0.08193	0.07194	0.07232	0.08365	0.02184	0.01814	0.03613	0.00795	0.00186	0.02686	0.00629	0.00530	0.39565
16	0.01295	0.00929	0.01341	0.01341	0.03697	0.01011	0.02840	0.01570	0.03951	0.08183	0.02622	0.28215	0.02730	0.04779	0.23760	0.00562	0.08719	0.01201	0.00533	0.00723
17	0.05290	0.06716	0.06250	0.01942	0.09347	0.07298	0.08581	0.15461	0.16376	0.08627	0.05526	0.02089	0.01657	0.00819	0.00700	0.00218	0.00793	0.00689	0.00569	0.01051
18	0.01791	0.01771	0.10531	0.11652	0.24407	0.04316	0.05631	0.04578	0.05633	0.10319	0.01914	0.10828	0.01646	0.00904	0.00736	0.00229	0.00822	0.00817	0.00477	0.00999
19	0.01881	0.08241	0.14681	0.02919	0.28846	0.11201	0.10465	0.06233	0.04525	0.02332	0.01368	0.01658	0.01085	0.00675	0.00690	0.00210	0.00963	0.00606	0.00379	0.01041
20	0.02222	0.40912	0.05648	0.01510	0.02113	0.07826	0.07806	0.06839	0.01755	0.15047	0.01445	0.01523	0.01110	0.00688	0.00583	0.00183	0.00829	0.00518	0.00451	0.00992
21	0.01036	0.00690	0.00777	0.00777	0.00777	0.00690	0.00431	0.01036	0.01036	0.01381	0.02244	0.04660	0.02589	0.74975	0.03624	0.00690	0.00690	0.01036	0.00431	0.00431
22	0.02058	0.12208	0.20785	0.02179	0.14766	0.10014	0.04688	0.06438	0.01801	0.13444	0.03915	0.01790	0.01316	0.00734	0.00670	0.00207	0.00896	0.00597	0.00457	0.01039
23	0.08473	0.01872	0.05498	0.02461	0.23772	0.05868	0.03697	0.17515	0.12906	0.08278	0.01746	0.01861	0.01311	0.00766	0.00688	0.00218	0.00790	0.00641	0.00541	0.01098
24	0.00920	0.00691	0.00859	0.00930	0.01065	0.00630	0.00680	0.01128	0.01608	0.02114	0.19893	0.34313	0.22366	0.01915	0.00883	0.00265	0.00406	0.08033	0.00689	0.00613
25	0.02499	0.01501	0.01735	0.01408	0.01898	0.01575	0.01137	0.20783	0.24197	0.27910	0.05733	0.02445	0.01983	0.00929	0.00724	0.00226	0.00627	0.00752	0.00781	0.01159
26	0.01929	0.01940	0.02608	0.03404	0.45190	0.12279	0.04055	0.06180	0.04789	0.02370	0.01380	0.01712	0.01136	0.00693	0.00753	0.00208	0.03560	0.00612	0.00394	0.04809
27	0.02506	0.07437	0.02182	0.01669	0.02160	0.23853	0.03516	0.28866	0.11388	0.06948	0.01681	0.01711	0.01253	0.00808	0.00679	0.00205	0.00912	0.00599	0.00576	0.01051
28	0.02021	0.08791	0.20618	0.02570	0.22828	0.14141	0.04329	0.05594	0.01769	0.08686	0.01410	0.01623	0.01075	0.00693	0.00672	0.00207	0.00957	0.00569	0.00404	0.01042
29	0.01977	0.19641	0.09473	0.02105	0.17461	0.06966	0.01541	0.07807	0.11098	0.08099	0.05759	0.01941	0.01580	0.00773	0.00650	0.00202	0.00783	0.00620	0.00487	0.01033
30	0.01774	0.01576	0.02495	0.06849	0.50115	0.01609	0.01875	0.04749	0.08417	0.05264	0.03830	0.02214	0.04513	0.00766	0.00718	0.00218	0.00774	0.00713	0.00449	0.01082

[dist]
# distance from previous block
# <min> <max>
0	1

[block]
# block no. 8 follows, 29 sequences, length 17
# corresponding to MSA columns:
# 407-423
name=unknown_I
#
# <colnr> <probs for GDERKNQSTAVLIFYWHMCP>
#	G	D	E	R	K	N	Q	S	T	A	V	L	I	F	Y	W	H	M	C	P
0	0.01518	0.01516	0.02559	0.18799	0.23433	0.04587	0.16526	0.01944	0.01628	0.02177	0.08478	0.07413	0.04484	0.00885	0.00767	0.00230	0.00870	0.00866	0.00422	0.00898
1	0.03958	0.05913	0.19416	0.05339	0.10955	0.08248	0.06856	0.09963	0.07881	0.05282	0.03176	0.04520	0.01426	0.00937	0.02827	0.00247	0.00920	0.00677	0.00458	0.01000
2	0.01768	0.11189	0.35906	0.02338	0.13099	0.10869	0.08394	0.02345	0.01614	0.04187	0.01293	0.01541	0.00982	0.00669	0.00668	0.00211	0.01019	0.00553	0.00340	0.01015
3	0.00881	0.00625	0.00822	0.00975	0.01013	0.00587	0.00643	0.00995	0.01338	0.01784	0.03794	0.69097	0.04545	0.07869	0.01119	0.00320	0.00435	0.01948	0.00643	0.00567
4	0.01339	0.01125	0.08996	0.01133	0.01405	0.00851	0.00951	0.04087	0.01696	0.10946	0.20712	0.33003	0.04204	0.04982	0.00958	0.00272	0.00516	0.01398	0.00672	0.00754
5	0.01785	0.04821	0.06473	0.07673	0.17618	0.09232	0.15952	0.05319	0.01693	0.05602	0.01662	0.05414	0.01435	0.01177	0.06312	0.00299	0.02618	0.03557	0.00420	0.00938
6	0.02566	0.03237	0.02032	0.01837	0.02173	0.66152	0.01391	0.02747	0.01939	0.01740	0.01087	0.01307	0.00919	0.00777	0.00787	0.00194	0.07457	0.00473	0.00362	0.00822
7	0.06158	0.01833	0.02006	0.01544	0.02105	0.01981	0.01275	0.54120	0.03029	0.15912	0.01868	0.01809	0.01287	0.00851	0.00701	0.00215	0.00743	0.00643	0.00730	0.01192
8	0.01833	0.09984	0.24712	0.04212	0.11517	0.13732	0.13046	0.02345	0.01673	0.05274	0.04113	0.01741	0.01241	0.00703	0.00689	0.00212	0.01009	0.00609	0.00376	0.00979
9	0.01086	0.00874	0.00987	0.00950	0.01179	0.00855	0.00713	0.01677	0.15051	0.02453	0.28400	0.11253	0.28734	0.01552	0.00824	0.00239	0.00396	0.01334	0.00717	0.00728
10	0.01150	0.00759	0.00998	0.00920	0.01113	0.00696	0.00696	0.01482	0.02017	0.07300	0.65767	0.05130	0.06396	0.01418	0.00832	0.00224	0.00354	0.01250	0.00790	0.00707
11	0.11517	0.01315	0.02057	0.58353	0.09773	0.01593	0.01839	0.01884	0.01413	0.02038	0.01236	0.01792	0.00941	0.00699	0.00676	0.00233	0.00889	0.00601	0.00335	0.00816
12	0.01309	0.01178	0.01582	0.16993	0.09081	0.04429	0.02992	0.01860	0.12419	0.02068	0.02822	0.32896	0.04636	0.01417	0.00800	0.00255	0.00655	0.01272	0.00545	0.00790
13	0.08757	0.01964	0.01980	0.01553	0.02093	0.07934	0.01271	0.49167	0.02901	0.12731	0.01744	0.01723	0.01223	0.00833	0.00686	0.00213	0.00785	0.00615	0.00684	0.01144
14	0.00875	0.00625	0.00832	0.00987	0.01034	0.00583	0.00662	0.01009	0.01396	0.01869	0.07211	0.71077	0.04809	0.02192	0.00905	0.00286	0.00409	0.01988	0.00667	0.00583
15	0.05102	0.04639	0.27736	0.02283	0.03033	0.04914	0.30988	0.02181	0.01567	0.02217	0.01475	0.05095	0.01210	0.03376	0.00846	0.00247	0.01055	0.00737	0.00357	0.00941
16	0.12676	0.02039	0.02462	0.05465	0.15653	0.13446	0.12624	0.21847	0.02145	0.02958	0.01377	0.01619	0.01054	0.00717	0.00684	0.00215	0.00924	0.00608	0.00473	0.01012

[dist]
# distance from previous block
# <min> <max>
1	4

[block]
# block no. 9 follows, 29 sequences, length 23
# corresponding to MSA columns:
# 428-450
name=unknown_J
#
# <colnr> <probs for GDERKNQSTAVLIFYWHMCP>
#	G	D	E	R	K	N	Q	S	T	A	V	L	I	F	Y	W	H	M	C	P
0	0.02106	0.09095	0.01895	0.04185	0.01974	0.33626	0.01183	0.08053	0.06354	0.04073	0.09996	0.02448	0.08201	0.00930	0.00680	0.00198	0.00898	0.00697	0.00504	0.02906
1	0.01051	0.00861	0.01025	0.05450	0.01423	0.03449	0.00874	0.01292	0.01605	0.02031	0.10721	0.22722	0.22905	0.01812	0.00882	0.00273	0.00526	0.19820	0.00639	0.00638
2	0.03937	0.39907	0.11141	0.01594	0.06360	0.06966	0.01439	0.10035	0.01756	0.06170	0.01253	0.01387	0.01012	0.00670	0.00558	0.00178	0.00816	0.00471	0.00400	0.03949
3	0.01795	0.01499	0.01756	0.01383	0.01854	0.07278	0.07205	0.12594	0.03953	0.06737	0.08121	0.02662	0.03961	0.07104	0.00930	0.00226	0.00698	0.03200	0.00545	0.26499
4	0.06998	0.13747	0.22811	0.01523	0.02155	0.07707	0.01548	0.06567	0.07798	0.12322	0.05262	0.05258	0.01631	0.00849	0.00656	0.00213	0.00803	0.00657	0.00505	0.00991
5	0.03870	0.06400	0.12258	0.06085	0.15462	0.01557	0.05725	0.07609	0.09153	0.05749	0.06747	0.02821	0.09717	0.00937	0.00723	0.00225	0.00748	0.02733	0.00511	0.00970
6	0.01688	0.01614	0.02775	0.08429	0.59012	0.01629	0.05134	0.02096	0.01576	0.02234	0.01395	0.01956	0.01204	0.05184	0.00890	0.00244	0.00859	0.00668	0.00355	0.01056
7	0.01863	0.08690	0.21966	0.02563	0.17177	0.11931	0.14957	0.02436	0.04239	0.05435	0.01407	0.01666	0.01077	0.00676	0.00695	0.00214	0.01007	0.00609	0.00377	0.01016
8	0.01309	0.01088	0.01263	0.01328	0.04586	0.07463	0.03393	0.03520	0.03175	0.05475	0.05614	0.44051	0.09865	0.01747	0.00845	0.00261	0.00567	0.03112	0.00625	0.00712
9	0.01126	0.00722	0.00932	0.00969	0.01119	0.00656	0.00700	0.01332	0.01634	0.08563	0.21104	0.39416	0.13281	0.01845	0.00867	0.00261	0.00413	0.03682	0.00713	0.00667
10	0.01065	0.00826	0.01202	0.01161	0.01260	0.00937	0.02878	0.01253	0.01160	0.01639	0.02127	0.11461	0.02208	0.19159	0.41978	0.00859	0.06844	0.00960	0.00419	0.00607
11	0.01907	0.27861	0.13734	0.02222	0.12212	0.07836	0.15727	0.02332	0.01614	0.06338	0.01302	0.01542	0.01031	0.00648	0.00638	0.00197	0.00944	0.00564	0.00364	0.00987
12	0.01012	0.00725	0.00930	0.00879	0.01050	0.00668	0.00659	0.01340	0.01978	0.02804	0.64721	0.05295	0.09548	0.01449	0.00828	0.00223	0.00337	0.01275	0.03610	0.00668
13	0.01327	0.00664	0.00664	0.00664	0.00830	0.00664	0.00498	0.01659	0.01493	0.02655	0.02323	0.02655	0.01825	0.00830	0.00498	0.00166	0.00332	0.00664	0.78928	0.00664
14	0.02620	0.01951	0.02088	0.01621	0.02175	0.02167	0.01332	0.62153	0.09496	0.04347	0.01820	0.01798	0.01301	0.00865	0.00713	0.00216	0.00763	0.00656	0.00713	0.01203
15	0.80005	0.01377	0.01047	0.00936	0.01377	0.01597	0.00771	0.02093	0.01212	0.03195	0.00991	0.01157	0.00771	0.00661	0.00441	0.00220	0.00551	0.00386	0.00441	0.00771
16	0.00947	0.00706	0.00894	0.01021	0.01117	0.00678	0.00722	0.01214	0.05673	0.01931	0.04199	0.56632	0.11528	0.02081	0.00897	0.00285	0.00439	0.07749	0.00665	0.00622
17	0.01927	0.01597	0.02722	0.10261	0.50224	0.01595	0.06124	0.02344	0.01667	0.12271	0.01553	0.01881	0.01201	0.00675	0.00716	0.00217	0.00843	0.00659	0.00427	0.01098
18	0.01502	0.01320	0.01631	0.01340	0.06044	0.01111	0.00995	0.01810	0.01450	0.02264	0.01239	0.01502	0.01048	0.00601	0.00707	0.00131	0.07372	0.00454	0.00407	0.67070
19	0.00902	0.00706	0.00817	0.00826	0.01008	0.00621	0.00606	0.01125	0.01711	0.02219	0.27838	0.17888	0.37673	0.01759	0.00852	0.00243	0.00361	0.01519	0.00702	0.00621
20	0.02774	0.01938	0.02064	0.01594	0.02153	0.04730	0.01311	0.56562	0.03113	0.13730	0.01841	0.01794	0.01277	0.00854	0.00710	0.00213	0.00778	0.00645	0.00723	0.01196
21	0.01580	0.07318	0.59352	0.01994	0.02971	0.01687	0.06231	0.02326	0.01544	0.06560	0.01368	0.01566	0.00967	0.00681	0.00677	0.00222	0.01017	0.00548	0.00341	0.01050
22	0.00875	0.00633	0.00827	0.00967	0.01030	0.00586	0.00653	0.01016	0.01422	0.01890	0.08302	0.65560	0.09303	0.02153	0.00900	0.00282	0.00405	0.01943	0.00669	0.00586

[dist]
# distance from previous block
# <min> <max>
0	17

# created by:
# /home/berkeley/.conda/envs/busco_data_prod/bin/msa2prfl.pl pipeline/OGs_align_augustus/4893/21345.fs
