[name]
unknown

[dist]
# distance from previous block
# <min> <max>
0	16

[block]
# block no. 0 follows, 33 sequences, length 103
# corresponding to MSA columns:
# 16-118
name=unknown_A
#
# <colnr> <probs for GDERKNQSTAVLIFYWHMCP>
#	G	D	E	R	K	N	Q	S	T	A	V	L	I	F	Y	W	H	M	C	P
0	0.01518	0.01701	0.03678	0.02661	0.03289	0.01599	0.65304	0.02054	0.01551	0.02099	0.01489	0.02189	0.01203	0.00647	0.00787	0.00228	0.01073	0.05711	0.00353	0.00867
1	0.01126	0.00709	0.00890	0.00899	0.01064	0.00646	0.00651	0.03126	0.01534	0.10623	0.15593	0.39507	0.17755	0.01678	0.00791	0.00239	0.00391	0.01480	0.00656	0.00640
2	0.01628	0.01561	0.02630	0.03832	0.66238	0.01572	0.03883	0.02118	0.06004	0.02188	0.01334	0.01687	0.01104	0.00605	0.00656	0.00198	0.00775	0.00602	0.00348	0.01038
3	0.00940	0.00705	0.01058	0.01058	0.01176	0.00823	0.00823	0.01176	0.01058	0.01528	0.01763	0.02586	0.01646	0.04937	0.74255	0.01058	0.01763	0.00705	0.00353	0.00588
4	0.02459	0.03138	0.01866	0.01696	0.02035	0.74221	0.01272	0.02629	0.01866	0.01611	0.01018	0.01187	0.00848	0.00678	0.00594	0.00170	0.01187	0.00424	0.00339	0.00763
5	0.01509	0.14303	0.55346	0.01746	0.02590	0.09558	0.02114	0.02127	0.01434	0.01954	0.01124	0.01319	0.00837	0.00622	0.00592	0.00194	0.00956	0.00460	0.00285	0.00931
6	0.00942	0.00698	0.01019	0.01019	0.01123	0.00802	0.00774	0.01150	0.01046	0.01499	0.01799	0.02786	0.01732	0.13268	0.66042	0.01009	0.01633	0.00735	0.00358	0.00566
7	0.01629	0.01564	0.02672	0.04041	0.72757	0.01564	0.02020	0.02020	0.01499	0.02151	0.01238	0.01629	0.01043	0.00587	0.00652	0.00196	0.00782	0.00587	0.00326	0.01043
8	0.03890	0.01945	0.05198	0.02387	0.02949	0.11885	0.48654	0.04400	0.01595	0.02089	0.01333	0.04123	0.01074	0.00664	0.00805	0.00218	0.04856	0.00727	0.00352	0.00855
9	0.01423	0.01192	0.01273	0.03192	0.01540	0.01299	0.00900	0.09821	0.37615	0.02559	0.05894	0.03661	0.24624	0.01137	0.00706	0.00220	0.00486	0.00944	0.00641	0.00873
10	0.00823	0.00588	0.00788	0.00941	0.00988	0.00553	0.00648	0.00953	0.01281	0.01704	0.03617	0.70789	0.04308	0.02043	0.00846	0.00270	0.00400	0.07308	0.00611	0.00541
11	0.04751	0.03314	0.70352	0.01833	0.02782	0.01527	0.02359	0.02078	0.01378	0.02122	0.01170	0.01376	0.00829	0.00625	0.00616	0.00208	0.00953	0.00481	0.00284	0.00962
12	0.01541	0.17651	0.46136	0.01752	0.02566	0.01747	0.08103	0.04085	0.03591	0.05102	0.01259	0.01432	0.00929	0.00628	0.00603	0.00196	0.00894	0.00504	0.00329	0.00953
13	0.00810	0.00578	0.00773	0.00926	0.00967	0.00541	0.00625	0.00930	0.01268	0.01689	0.03624	0.74363	0.04337	0.02055	0.00842	0.00268	0.00389	0.03866	0.00611	0.00537
14	0.01554	0.01776	0.03885	0.02775	0.03441	0.01665	0.70366	0.02109	0.01554	0.02109	0.01332	0.01776	0.00999	0.00555	0.00777	0.00222	0.01110	0.00777	0.00333	0.00888
15	0.04528	0.01827	0.06818	0.01492	0.01999	0.06264	0.03547	0.32885	0.19976	0.10977	0.01879	0.01828	0.01348	0.00787	0.00652	0.00205	0.00708	0.00620	0.00614	0.01048
16	0.01595	0.01529	0.02611	0.10319	0.66745	0.01555	0.02003	0.01991	0.01483	0.02109	0.01232	0.01640	0.01028	0.00593	0.00652	0.00198	0.00791	0.00586	0.00323	0.01015
17	0.00816	0.00668	0.00720	0.00707	0.00913	0.00572	0.00530	0.01019	0.01591	0.01992	0.22979	0.05984	0.56046	0.01588	0.00778	0.00219	0.00328	0.01340	0.00639	0.00572
18	0.00778	0.00667	0.00667	0.00667	0.00889	0.00556	0.00500	0.00945	0.01501	0.01778	0.06669	0.06336	0.72490	0.01667	0.00778	0.00222	0.00333	0.01389	0.00611	0.00556
19	0.01350	0.06593	0.67302	0.01883	0.02824	0.01582	0.05364	0.02081	0.01395	0.02062	0.01176	0.01392	0.00842	0.00620	0.00623	0.00206	0.00967	0.00493	0.00281	0.00964
20	0.00802	0.00573	0.00764	0.00917	0.00955	0.00535	0.00611	0.00917	0.01260	0.01681	0.03628	0.76434	0.04354	0.02062	0.00840	0.00267	0.00382	0.01872	0.00611	0.00535
21	0.72221	0.05163	0.01144	0.00916	0.01334	0.01558	0.00763	0.04228	0.03540	0.02915	0.00997	0.01132	0.00776	0.00624	0.00425	0.00201	0.00527	0.00377	0.00418	0.00744
22	0.01712	0.01898	0.01970	0.07802	0.02047	0.22394	0.01425	0.01888	0.01276	0.01600	0.00933	0.01395	0.00861	0.00977	0.01593	0.00249	0.48410	0.00534	0.00303	0.00733
23	0.01720	0.68212	0.08825	0.01313	0.04916	0.02476	0.01267	0.01982	0.01349	0.01617	0.00950	0.01107	0.00853	0.00569	0.00448	0.00148	0.00728	0.00373	0.00283	0.00863
24	0.01586	0.01490	0.02491	0.07380	0.62306	0.01509	0.01894	0.04225	0.01528	0.02164	0.01400	0.06442	0.01250	0.00692	0.00664	0.00201	0.00759	0.00669	0.00354	0.00997
25	0.01678	0.61317	0.14943	0.01333	0.01969	0.02381	0.04863	0.01997	0.01357	0.01665	0.00980	0.01147	0.00851	0.00573	0.00474	0.00156	0.00769	0.00396	0.00284	0.00868
26	0.01320	0.03405	0.73453	0.01876	0.02849	0.01529	0.02432	0.02085	0.01390	0.02085	0.01181	0.01390	0.00834	0.00625	0.00625	0.00208	0.00973	0.00486	0.00278	0.00973
27	0.01440	0.01440	0.02016	0.01728	0.01728	0.02016	0.01440	0.01584	0.01008	0.01584	0.00864	0.01440	0.00864	0.01152	0.02160	0.00288	0.75659	0.00576	0.00288	0.00720
28	0.04025	0.33501	0.28961	0.01518	0.02185	0.07569	0.03615	0.02130	0.04916	0.01872	0.01120	0.01294	0.00901	0.00633	0.00591	0.00181	0.03344	0.00447	0.00310	0.00889
29	0.00854	0.00666	0.00774	0.00756	0.00938	0.00587	0.00564	0.01088	0.01666	0.02192	0.38417	0.08647	0.37436	0.01528	0.00780	0.00217	0.00324	0.01314	0.00666	0.00587
30	0.00932	0.00673	0.00880	0.00828	0.00984	0.00621	0.00621	0.01242	0.01863	0.02640	0.72410	0.04918	0.06212	0.01346	0.00776	0.00207	0.00311	0.01191	0.00725	0.00621
31	0.00799	0.00586	0.00750	0.00881	0.00945	0.00538	0.00595	0.00921	0.01295	0.01695	0.04066	0.66356	0.14151	0.02006	0.00831	0.00261	0.00375	0.01802	0.00611	0.00538
32	0.01844	0.13592	0.08948	0.04244	0.23704	0.09630	0.01553	0.15767	0.06742	0.02441	0.04371	0.01663	0.01271	0.00693	0.00616	0.00189	0.00784	0.00562	0.00422	0.00964
33	0.01637	0.01414	0.01489	0.01340	0.01712	0.01637	0.01042	0.03498	0.71568	0.02754	0.02679	0.02456	0.02010	0.00893	0.00670	0.00223	0.00521	0.00744	0.00670	0.01042
34	0.00802	0.00573	0.00764	0.00917	0.00955	0.00535	0.00611	0.00917	0.01260	0.01681	0.03628	0.76434	0.04354	0.02062	0.00840	0.00267	0.00382	0.01872	0.00611	0.00535
35	0.01859	0.02310	0.17232	0.05362	0.18377	0.18502	0.03314	0.14799	0.01858	0.02373	0.04993	0.01645	0.01229	0.00710	0.00679	0.00197	0.02666	0.00565	0.00399	0.00930
36	0.13394	0.22873	0.12398	0.01906	0.17766	0.05689	0.01446	0.04262	0.05526	0.07161	0.01271	0.01421	0.01000	0.00634	0.00548	0.00184	0.00737	0.00480	0.00384	0.00923
37	0.01827	0.01365	0.01486	0.01289	0.01681	0.01515	0.01016	0.10199	0.50514	0.11552	0.04568	0.02600	0.05566	0.00924	0.00676	0.00218	0.00532	0.00763	0.00685	0.01024
38	0.01683	0.49027	0.24452	0.01398	0.02067	0.08020	0.01532	0.02058	0.01396	0.01716	0.01004	0.01167	0.00842	0.00591	0.00497	0.00164	0.00824	0.00398	0.00285	0.00877
39	0.01743	0.11918	0.06423	0.01281	0.03618	0.03501	0.01088	0.17648	0.01790	0.04362	0.01331	0.03396	0.01087	0.00635	0.00548	0.00145	0.00629	0.00490	0.00444	0.37924
40	0.06418	0.10152	0.27460	0.03371	0.05333	0.06168	0.01614	0.10727	0.10631	0.07905	0.03121	0.01650	0.01210	0.00706	0.00608	0.00199	0.00785	0.00544	0.00441	0.00959
41	0.01243	0.01170	0.01975	0.75282	0.04534	0.01463	0.01828	0.01682	0.01316	0.01682	0.01170	0.01755	0.00878	0.00658	0.00658	0.00219	0.00878	0.00585	0.00293	0.00731
42	0.01566	0.01485	0.02481	0.03688	0.64683	0.01485	0.01871	0.01989	0.03567	0.02181	0.05079	0.01974	0.03665	0.00669	0.00663	0.00198	0.00736	0.00648	0.00366	0.01005
43	0.01214	0.00616	0.00625	0.00623	0.00777	0.00614	0.00467	0.01521	0.01402	0.02463	0.05239	0.02563	0.01886	0.00792	0.00474	0.00156	0.00307	0.00639	0.77008	0.00614
44	0.00940	0.00705	0.01058	0.01058	0.01176	0.00823	0.00823	0.01176	0.01058	0.01528	0.01763	0.02586	0.01646	0.04937	0.74255	0.01058	0.01763	0.00705	0.00353	0.00588
45	0.01243	0.01170	0.01975	0.75282	0.04534	0.01463	0.01828	0.01682	0.01316	0.01682	0.01170	0.01755	0.00878	0.00658	0.00658	0.00219	0.00878	0.00585	0.00293	0.00731
46	0.01061	0.00758	0.01061	0.01212	0.01364	0.00758	0.01061	0.01364	0.01515	0.01970	0.03486	0.07426	0.03789	0.01819	0.00909	0.00303	0.00606	0.68326	0.00606	0.00606
47	0.00858	0.00670	0.00778	0.00751	0.00938	0.00590	0.00563	0.01100	0.01690	0.02228	0.40944	0.05596	0.37935	0.01500	0.00777	0.00214	0.00322	0.01286	0.00670	0.00590
48	0.79118	0.01330	0.00995	0.00891	0.01296	0.03682	0.00730	0.01956	0.01143	0.02913	0.00920	0.01073	0.00717	0.00613	0.00413	0.00203	0.00530	0.00359	0.00405	0.00714
49	0.64412	0.01397	0.01186	0.01006	0.01439	0.01599	0.00829	0.16789	0.01548	0.03212	0.01060	0.01180	0.00801	0.00650	0.00462	0.00202	0.00556	0.00408	0.00462	0.00801
50	0.02863	0.01188	0.01560	0.01205	0.01710	0.01079	0.00993	0.08384	0.04958	0.64905	0.02523	0.02199	0.01607	0.00816	0.00662	0.00204	0.00571	0.00660	0.00797	0.01117
51	0.00802	0.00573	0.00764	0.00917	0.00955	0.00535	0.00611	0.00917	0.01260	0.01681	0.03628	0.76434	0.04354	0.02062	0.00840	0.00267	0.00382	0.01872	0.00611	0.00535
52	0.00932	0.00673	0.00880	0.00828	0.00984	0.00621	0.00621	0.01242	0.01863	0.02640	0.72410	0.04918	0.06212	0.01346	0.00776	0.00207	0.00311	0.01191	0.00725	0.00621
53	0.01367	0.07304	0.63051	0.01920	0.02841	0.01601	0.08768	0.02081	0.01402	0.02058	0.01181	0.01408	0.00850	0.00615	0.00629	0.00206	0.00971	0.00506	0.00283	0.00958
54	0.02132	0.01660	0.01767	0.01440	0.01900	0.01869	0.01162	0.41855	0.32405	0.03552	0.02051	0.01955	0.01501	0.00834	0.00663	0.00209	0.00637	0.00658	0.00663	0.01086
55	0.01934	0.58866	0.03057	0.01268	0.01775	0.20377	0.01163	0.02134	0.01469	0.01564	0.00941	0.01089	0.00846	0.00592	0.00465	0.00148	0.00824	0.00370	0.00296	0.00825
56	0.00932	0.00673	0.00880	0.00828	0.00984	0.00621	0.00621	0.01242	0.01863	0.02640	0.72410	0.04918	0.06212	0.01346	0.00776	0.00207	0.00311	0.01191	0.00725	0.00621
57	0.09334	0.01700	0.10135	0.02991	0.39612	0.01492	0.13641	0.02025	0.01495	0.04576	0.05638	0.01797	0.01318	0.00642	0.00655	0.00203	0.00796	0.00626	0.00370	0.00953
58	0.01764	0.08671	0.01755	0.01353	0.01756	0.01794	0.01088	0.12605	0.53741	0.02805	0.02317	0.02178	0.01749	0.00854	0.00680	0.00213	0.02346	0.00682	0.00622	0.01026
59	0.01779	0.01484	0.01568	0.01368	0.01766	0.01703	0.01076	0.14439	0.60397	0.02981	0.02500	0.02313	0.01864	0.00876	0.00668	0.00219	0.00554	0.00720	0.00668	0.01055
60	0.00942	0.00808	0.01070	0.05044	0.12096	0.00753	0.00831	0.01149	0.01445	0.01833	0.06807	0.22026	0.39700	0.01535	0.00767	0.00228	0.00441	0.01334	0.00555	0.00636
61	0.01403	0.01193	0.01386	0.00993	0.01576	0.00917	0.00796	0.03962	0.01423	0.02212	0.01184	0.01372	0.00980	0.00498	0.00493	0.00101	0.00495	0.00397	0.00399	0.78220
62	0.00920	0.00689	0.00769	0.00738	0.00953	0.00594	0.00557	0.01134	0.01627	0.05190	0.26277	0.05728	0.49413	0.01533	0.00772	0.00217	0.00337	0.01297	0.00654	0.00600
63	0.00802	0.00573	0.00764	0.00917	0.00955	0.00535	0.00611	0.00917	0.01260	0.01681	0.03628	0.76434	0.04354	0.02062	0.00840	0.00267	0.00382	0.01872	0.00611	0.00535
64	0.01575	0.02261	0.27925	0.02008	0.08305	0.03700	0.14310	0.09841	0.13860	0.02407	0.01847	0.01981	0.05469	0.00739	0.00675	0.00211	0.00844	0.00658	0.00424	0.00960
65	0.01637	0.01447	0.01502	0.01407	0.04001	0.05169	0.01053	0.05417	0.56979	0.02685	0.07022	0.04660	0.02229	0.00932	0.00677	0.00219	0.00552	0.00780	0.00644	0.00989
66	0.01734	0.01763	0.02570	0.03744	0.63810	0.10756	0.01926	0.02097	0.01545	0.02082	0.01210	0.01573	0.01018	0.00598	0.00644	0.00192	0.00833	0.00566	0.00328	0.01007
67	0.01439	0.01511	0.08064	0.29523	0.26944	0.01466	0.05860	0.05879	0.01529	0.02094	0.04958	0.05029	0.01372	0.00728	0.00674	0.00211	0.00808	0.00675	0.00362	0.00875
68	0.05906	0.29000	0.17668	0.01937	0.12148	0.01954	0.11174	0.06998	0.01533	0.04257	0.01173	0.01381	0.00928	0.00605	0.00570	0.00183	0.00814	0.00499	0.00344	0.00926
69	0.02258	0.02717	0.02044	0.02188	0.17017	0.54533	0.01434	0.04701	0.01805	0.01808	0.01079	0.01301	0.00899	0.00675	0.00650	0.00179	0.03067	0.00468	0.00345	0.00833
70	0.00810	0.00602	0.00759	0.00880	0.00962	0.00550	0.00611	0.00945	0.01323	0.01716	0.04250	0.58432	0.18410	0.01968	0.00831	0.00260	0.00383	0.05153	0.00611	0.00543
71	0.05284	0.08871	0.18992	0.01692	0.05738	0.07263	0.05608	0.10005	0.23174	0.04343	0.01686	0.01736	0.01264	0.00722	0.00624	0.00203	0.00767	0.00582	0.00470	0.00973
72	0.13330	0.10860	0.19805	0.01783	0.07659	0.03804	0.10331	0.13660	0.03769	0.02519	0.03449	0.03631	0.01198	0.00703	0.00608	0.00200	0.00791	0.00580	0.00409	0.00913
73	0.01837	0.01374	0.01500	0.01311	0.01703	0.01538	0.01030	0.06804	0.56652	0.12264	0.04708	0.02457	0.02040	0.00891	0.00671	0.00219	0.00530	0.00739	0.00690	0.01044
74	0.00815	0.00668	0.00718	0.00705	0.00912	0.00571	0.00529	0.01016	0.01587	0.01984	0.22319	0.05998	0.56712	0.01591	0.00778	0.00219	0.00328	0.01342	0.00638	0.00571
75	0.02384	0.04648	0.07321	0.01554	0.02089	0.12000	0.01338	0.53801	0.02740	0.03558	0.01451	0.01495	0.01052	0.00755	0.00639	0.00193	0.00806	0.00553	0.00574	0.01050
76	0.04007	0.01702	0.04216	0.06934	0.25346	0.09457	0.06124	0.06377	0.18065	0.06042	0.01709	0.01993	0.01347	0.00737	0.00660	0.00207	0.00770	0.02879	0.00461	0.00965
77	0.00979	0.00698	0.00960	0.01107	0.01219	0.00686	0.00903	0.01216	0.01420	0.01860	0.03483	0.28170	0.03914	0.04340	0.00968	0.00303	0.00540	0.46054	0.00601	0.00578
78	0.01589	0.01523	0.02599	0.11525	0.65590	0.01554	0.02000	0.01985	0.01480	0.02102	0.01231	0.01643	0.01025	0.00594	0.00652	0.00198	0.00792	0.00586	0.00322	0.01010
79	0.10027	0.03476	0.12558	0.01534	0.07265	0.03351	0.01303	0.14732	0.01892	0.29133	0.03724	0.02074	0.01459	0.00793	0.00637	0.00205	0.00680	0.03565	0.00591	0.01000
80	0.01440	0.09291	0.46449	0.01858	0.02660	0.01658	0.11821	0.02294	0.12105	0.02144	0.01408	0.01579	0.01038	0.00651	0.00636	0.00207	0.00900	0.00556	0.00346	0.00960
81	0.00809	0.00578	0.00772	0.00925	0.00966	0.00541	0.00624	0.00929	0.01268	0.01689	0.03624	0.74513	0.04338	0.02056	0.00842	0.00268	0.00388	0.03721	0.00611	0.00537
82	0.00847	0.00688	0.00754	0.00740	0.00942	0.00605	0.00554	0.01103	0.03647	0.02048	0.25076	0.07927	0.49613	0.01565	0.00776	0.00219	0.00334	0.01329	0.00645	0.00588
83	0.01657	0.01573	0.02639	0.07224	0.53955	0.01603	0.08472	0.06342	0.05829	0.02283	0.01352	0.01697	0.01093	0.00618	0.00666	0.00201	0.00799	0.00615	0.00366	0.01017
84	0.01368	0.01154	0.01244	0.01137	0.01443	0.01272	0.00877	0.02665	0.47129	0.02588	0.17430	0.03525	0.13203	0.01099	0.00707	0.00220	0.00451	0.00930	0.00672	0.00885
85	0.02954	0.01120	0.01528	0.01171	0.01681	0.00968	0.00968	0.03208	0.01884	0.73213	0.02597	0.02241	0.01630	0.00815	0.00662	0.00204	0.00560	0.00662	0.00815	0.01120
86	0.05643	0.04596	0.28735	0.02049	0.04337	0.08162	0.23621	0.04370	0.05795	0.02202	0.03383	0.01648	0.01124	0.00647	0.00663	0.00207	0.00945	0.00605	0.00358	0.00910
87	0.01369	0.10116	0.61611	0.04183	0.02821	0.01633	0.05290	0.02063	0.01390	0.02023	0.01163	0.01388	0.00844	0.00618	0.00614	0.00203	0.00951	0.00490	0.00281	0.00950
88	0.00957	0.00638	0.00718	0.00718	0.00718	0.00638	0.00399	0.00957	0.00957	0.01276	0.02074	0.04308	0.02393	0.76864	0.03351	0.00638	0.00638	0.00957	0.00399	0.00399
89	0.01347	0.07904	0.69188	0.01831	0.02779	0.01594	0.02353	0.02078	0.01387	0.02052	0.01165	0.01370	0.00835	0.00622	0.00613	0.00204	0.00957	0.00478	0.00278	0.00965
90	0.01625	0.01572	0.02706	0.03878	0.66317	0.01573	0.06067	0.02074	0.03775	0.02168	0.01291	0.01665	0.01072	0.00595	0.00660	0.00198	0.00793	0.00603	0.00337	0.01034
91	0.01144	0.00572	0.00858	0.00858	0.00858	0.00572	0.00572	0.00858	0.00858	0.01144	0.01144	0.02001	0.01144	0.02287	0.02573	0.80846	0.00572	0.00572	0.00286	0.00286
92	0.01629	0.01564	0.02672	0.04041	0.72757	0.01564	0.02020	0.02020	0.01499	0.02151	0.01238	0.01629	0.01043	0.00587	0.00652	0.00196	0.00782	0.00587	0.00326	0.01043
93	0.01629	0.01564	0.02672	0.04041	0.72757	0.01564	0.02020	0.02020	0.01499	0.02151	0.01238	0.01629	0.01043	0.00587	0.00652	0.00196	0.00782	0.00587	0.00326	0.01043
94	0.01713	0.72000	0.05220	0.01134	0.01691	0.02491	0.01140	0.01943	0.01362	0.01610	0.03981	0.01230	0.01074	0.00598	0.00443	0.00145	0.00694	0.00391	0.00300	0.00839
95	0.02459	0.03138	0.01866	0.01696	0.02035	0.74221	0.01272	0.02629	0.01866	0.01611	0.01018	0.01187	0.00848	0.00678	0.00594	0.00170	0.01187	0.00424	0.00339	0.00763
96	0.01629	0.01564	0.02672	0.04041	0.72757	0.01564	0.02020	0.02020	0.01499	0.02151	0.01238	0.01629	0.01043	0.00587	0.00652	0.00196	0.00782	0.00587	0.00326	0.01043
97	0.00778	0.00667	0.00667	0.00667	0.00889	0.00556	0.00500	0.00945	0.01501	0.01778	0.06669	0.06336	0.72490	0.01667	0.00778	0.00222	0.00333	0.01389	0.00611	0.00556
98	0.01547	0.01755	0.03769	0.02710	0.03335	0.01687	0.66102	0.02076	0.01520	0.02076	0.01303	0.01755	0.00991	0.00592	0.00863	0.00226	0.05723	0.00764	0.00330	0.00878
99	0.00927	0.00673	0.00874	0.00823	0.00981	0.00619	0.00618	0.01234	0.01853	0.02614	0.70460	0.04960	0.08177	0.01355	0.00777	0.00208	0.00311	0.01196	0.00721	0.00619
100	0.00913	0.00667	0.00857	0.00821	0.00975	0.00611	0.00611	0.01202	0.01803	0.02521	0.63617	0.09001	0.11118	0.01410	0.00780	0.00212	0.00316	0.01243	0.00710	0.00611
101	0.01460	0.01397	0.02352	0.34095	0.32053	0.01535	0.06776	0.02020	0.07932	0.02004	0.01350	0.01770	0.01059	0.00643	0.00665	0.00210	0.00822	0.00614	0.00344	0.00899
102	0.01688	0.01918	0.03495	0.04511	0.05337	0.10314	0.56015	0.04435	0.01634	0.02108	0.01296	0.01694	0.00983	0.00581	0.00744	0.00214	0.01090	0.00718	0.00343	0.00881

[dist]
# distance from previous block
# <min> <max>
0	0

# created by:
# /home/berkeley/.conda/envs/busco_data_prod/bin/msa2prfl.pl pipeline/OGs_align_augustus/4893/21371.fs
