[name]
unknown

[dist]
# distance from previous block
# <min> <max>
3	49

[block]
# block no. 0 follows, 34 sequences, length 26
# corresponding to MSA columns:
# 55-80
name=unknown_A
#
# <colnr> <probs for GDERKNQSTAVLIFYWHMCP>
#	G	D	E	R	K	N	Q	S	T	A	V	L	I	F	Y	W	H	M	C	P
0	0.01573	0.03952	0.07088	0.06298	0.10100	0.15130	0.03734	0.02012	0.08058	0.05243	0.01837	0.07219	0.04623	0.01183	0.06979	0.00268	0.04554	0.00683	0.05258	0.04207
1	0.01446	0.05575	0.01576	0.01291	0.04780	0.10486	0.05617	0.04215	0.04370	0.03876	0.09110	0.06713	0.11376	0.03274	0.00714	0.00188	0.00609	0.02549	0.00473	0.21761
2	0.05783	0.01269	0.01610	0.05322	0.13845	0.04558	0.04546	0.11749	0.09489	0.02369	0.09812	0.07527	0.06152	0.07589	0.00911	0.00248	0.00633	0.05281	0.00507	0.00797
3	0.03943	0.01270	0.03849	0.05377	0.07981	0.06277	0.10385	0.01807	0.12099	0.02042	0.07415	0.20482	0.08171	0.01178	0.00723	0.00225	0.00632	0.04896	0.00503	0.00746
4	0.01559	0.01101	0.01192	0.01061	0.01327	0.04981	0.00815	0.13801	0.07834	0.11294	0.08393	0.08926	0.12096	0.10723	0.07200	0.00330	0.00648	0.03348	0.02618	0.00755
5	0.21549	0.01492	0.01452	0.01389	0.06619	0.10140	0.01030	0.11928	0.13750	0.09982	0.05339	0.02329	0.02984	0.00853	0.00609	0.00206	0.00630	0.06313	0.00541	0.00864
6	0.01675	0.01274	0.01301	0.01141	0.01458	0.06379	0.00886	0.17082	0.18853	0.08540	0.04715	0.10226	0.13751	0.01137	0.00754	0.03644	0.00545	0.00882	0.04922	0.00833
7	0.07396	0.01132	0.01189	0.01073	0.01371	0.01251	0.00828	0.06569	0.36950	0.02603	0.13461	0.03065	0.08952	0.04755	0.00779	0.00229	0.00465	0.00819	0.06279	0.00836
8	0.06510	0.01403	0.01540	0.01468	0.06699	0.01588	0.01074	0.11732	0.50139	0.02841	0.06202	0.02297	0.01947	0.00851	0.00645	0.00212	0.00543	0.00702	0.00620	0.00990
9	0.01164	0.00769	0.00916	0.00888	0.01055	0.00748	0.00638	0.01521	0.10048	0.09285	0.14847	0.18470	0.14448	0.18655	0.01327	0.00318	0.00454	0.03216	0.00598	0.00634
10	0.00972	0.00755	0.00906	0.00879	0.01070	0.00716	0.00657	0.01390	0.09737	0.02228	0.33697	0.18076	0.16966	0.01425	0.00750	0.00216	0.00365	0.03435	0.00642	0.05118
11	0.01513	0.00817	0.01040	0.00928	0.01182	0.00744	0.00714	0.04193	0.01696	0.22915	0.25921	0.12654	0.13854	0.05523	0.00878	0.00238	0.00429	0.03339	0.00684	0.00737
12	0.20697	0.01211	0.01243	0.01103	0.01459	0.01322	0.00863	0.07096	0.29100	0.07306	0.02156	0.12553	0.01835	0.00931	0.00601	0.00207	0.00498	0.00755	0.02538	0.06527
13	0.01024	0.00699	0.00828	0.00851	0.00996	0.00666	0.00609	0.05299	0.01414	0.04909	0.03861	0.35539	0.21556	0.06696	0.04900	0.00300	0.00473	0.01362	0.07430	0.00590
14	0.06103	0.00706	0.00820	0.00796	0.00939	0.00671	0.00555	0.01234	0.01366	0.07598	0.19744	0.15364	0.15007	0.24526	0.01510	0.00343	0.00449	0.01140	0.00566	0.00565
15	0.01335	0.01038	0.01138	0.01027	0.01315	0.01074	0.00782	0.07644	0.26153	0.05184	0.08725	0.10794	0.19550	0.05956	0.00861	0.00238	0.00461	0.01004	0.00615	0.05105
16	0.05628	0.00716	0.00858	0.00881	0.01034	0.00681	0.00626	0.01362	0.03621	0.11063	0.03437	0.42047	0.12126	0.08057	0.00958	0.00270	0.00421	0.01373	0.04220	0.00620
17	0.01027	0.00693	0.01001	0.00990	0.01116	0.00757	0.00755	0.01215	0.01138	0.05426	0.05859	0.08003	0.04235	0.05840	0.53098	0.05687	0.01353	0.00815	0.00413	0.00579
18	0.00858	0.00633	0.00782	0.00798	0.00914	0.00590	0.00563	0.01043	0.01452	0.01954	0.29551	0.21730	0.18419	0.12376	0.05116	0.00324	0.00448	0.01306	0.00598	0.00545
19	0.05707	0.00823	0.00958	0.00929	0.01100	0.00831	0.00689	0.06274	0.05742	0.05141	0.16169	0.15927	0.08614	0.18650	0.01322	0.00321	0.00488	0.09114	0.00577	0.00625
20	0.03317	0.00731	0.00967	0.00953	0.01093	0.00809	0.00726	0.01292	0.05404	0.01714	0.06032	0.02985	0.07875	0.07805	0.46535	0.04178	0.01233	0.00770	0.04998	0.00585
21	0.01699	0.05646	0.02241	0.15492	0.34304	0.08999	0.03390	0.05110	0.01528	0.07015	0.01333	0.01755	0.01094	0.04848	0.02645	0.00237	0.00828	0.00579	0.00366	0.00891
22	0.01096	0.00652	0.00894	0.04863	0.01115	0.00647	0.00652	0.01117	0.01160	0.05414	0.06456	0.16824	0.08847	0.06343	0.06616	0.30008	0.00573	0.00950	0.05289	0.00484
23	0.03617	0.00712	0.00855	0.04849	0.01138	0.00700	0.00643	0.04206	0.01395	0.01896	0.11002	0.32902	0.18024	0.11104	0.01071	0.00281	0.00432	0.01339	0.03267	0.00566
24	0.04719	0.00809	0.01064	0.05592	0.06235	0.00858	0.00755	0.03126	0.01168	0.01642	0.06001	0.14626	0.04829	0.27242	0.01940	0.12875	0.04623	0.00945	0.00423	0.00528
25	0.10759	0.01609	0.01448	0.03471	0.01687	0.16152	0.00987	0.14202	0.12263	0.08263	0.01634	0.01737	0.01244	0.00945	0.04696	0.00228	0.00732	0.00541	0.09588	0.07816

[dist]
# distance from previous block
# <min> <max>
0	6

[block]
# block no. 1 follows, 34 sequences, length 8
# corresponding to MSA columns:
# 87-94
name=unknown_B
#
# <colnr> <probs for GDERKNQSTAVLIFYWHMCP>
#	G	D	E	R	K	N	Q	S	T	A	V	L	I	F	Y	W	H	M	C	P
0	0.04484	0.03696	0.11719	0.07655	0.08956	0.05278	0.05611	0.08886	0.01571	0.12144	0.01400	0.01634	0.01063	0.00950	0.04653	0.04239	0.02784	0.00540	0.00420	0.12316
1	0.05664	0.03819	0.01682	0.01631	0.10316	0.16604	0.01140	0.11673	0.10284	0.06900	0.04905	0.08758	0.01698	0.02656	0.04451	0.00253	0.05533	0.00705	0.00486	0.00841
2	0.07594	0.05738	0.01145	0.00916	0.01185	0.00923	0.02802	0.02768	0.04014	0.01991	0.05798	0.12668	0.19402	0.04787	0.08635	0.00300	0.00585	0.00938	0.07521	0.10290
3	0.01529	0.01378	0.02145	0.10033	0.43409	0.01440	0.01619	0.08766	0.03889	0.02312	0.10524	0.02182	0.03974	0.00758	0.00709	0.00200	0.03111	0.00681	0.00417	0.00923
4	0.01668	0.01245	0.01572	0.01407	0.10667	0.01052	0.00982	0.07577	0.01563	0.11634	0.01373	0.01502	0.01061	0.00557	0.00535	0.00130	0.00544	0.00458	0.00451	0.54021
5	0.01264	0.10488	0.01309	0.05467	0.01334	0.00944	0.00777	0.01558	0.01716	0.10199	0.49195	0.03783	0.04460	0.01105	0.00688	0.00194	0.00415	0.00951	0.03455	0.00698
6	0.01613	0.01569	0.02420	0.07527	0.45489	0.05092	0.06916	0.04705	0.04171	0.02129	0.01252	0.01594	0.01026	0.00616	0.00696	0.00190	0.03986	0.00570	0.00349	0.08090
7	0.00909	0.00620	0.00707	0.00726	0.00745	0.00608	0.00424	0.00934	0.01011	0.01334	0.02514	0.13552	0.07059	0.62979	0.02817	0.00555	0.00576	0.01080	0.00431	0.00418

[dist]
# distance from previous block
# <min> <max>
3	5

[block]
# block no. 2 follows, 34 sequences, length 11
# corresponding to MSA columns:
# 100-110
name=unknown_C
#
# <colnr> <probs for GDERKNQSTAVLIFYWHMCP>
#	G	D	E	R	K	N	Q	S	T	A	V	L	I	F	Y	W	H	M	C	P
0	0.01294	0.01098	0.01307	0.00966	0.01490	0.00855	0.00770	0.01575	0.01307	0.02039	0.01213	0.01472	0.01030	0.00961	0.08689	0.00200	0.00617	0.00417	0.00379	0.72323
1	0.01520	0.23401	0.28394	0.01639	0.08874	0.01730	0.01591	0.10247	0.01598	0.02155	0.05523	0.01921	0.07313	0.00739	0.00585	0.00185	0.00745	0.00576	0.00376	0.00890
2	0.01864	0.01706	0.18899	0.01537	0.02150	0.01156	0.14500	0.02282	0.01579	0.27881	0.02283	0.02272	0.09127	0.00767	0.00658	0.00196	0.00716	0.00682	0.00521	0.09229
3	0.01812	0.00859	0.01060	0.00892	0.01233	0.00744	0.00710	0.02037	0.01662	0.35598	0.08507	0.03921	0.29197	0.01149	0.00684	0.00203	0.00428	0.00952	0.07540	0.00814
4	0.01630	0.08829	0.02867	0.14066	0.21398	0.01662	0.25034	0.05269	0.01518	0.05951	0.01277	0.01635	0.00992	0.00622	0.00732	0.00204	0.04442	0.00620	0.00353	0.00899
5	0.01775	0.01860	0.14024	0.03502	0.20140	0.06719	0.03557	0.12536	0.05526	0.08480	0.02893	0.01741	0.02582	0.00677	0.00622	0.00184	0.00743	0.00570	0.00442	0.11427
6	0.05623	0.02081	0.01934	0.01840	0.08683	0.28954	0.01353	0.09684	0.01580	0.01958	0.01019	0.01338	0.00880	0.00841	0.01164	0.00217	0.29201	0.00503	0.00351	0.00796
7	0.01122	0.00561	0.00842	0.00842	0.00842	0.00561	0.00561	0.00842	0.00842	0.01122	0.01122	0.01964	0.01122	0.02245	0.02525	0.81201	0.00561	0.00561	0.00281	0.00281
8	0.01638	0.01485	0.02371	0.03363	0.57686	0.01503	0.01760	0.10296	0.01696	0.02395	0.08131	0.01903	0.01519	0.00671	0.00652	0.00193	0.00716	0.00633	0.00397	0.00993
9	0.43510	0.01674	0.01414	0.01179	0.01613	0.10536	0.00957	0.27006	0.01889	0.03163	0.01147	0.01245	0.00860	0.00671	0.00511	0.00194	0.00657	0.00442	0.00481	0.00850
10	0.01630	0.01916	0.13538	0.02955	0.44081	0.07703	0.01800	0.05270	0.01543	0.02148	0.01196	0.01492	0.00971	0.00587	0.00612	0.00180	0.00793	0.00524	0.00337	0.10725

[dist]
# distance from previous block
# <min> <max>
3	16

[block]
# block no. 3 follows, 34 sequences, length 46
# corresponding to MSA columns:
# 128-173
name=unknown_D
#
# <colnr> <probs for GDERKNQSTAVLIFYWHMCP>
#	G	D	E	R	K	N	Q	S	T	A	V	L	I	F	Y	W	H	M	C	P
0	0.04829	0.03433	0.08065	0.01185	0.04652	0.01056	0.00979	0.06008	0.03206	0.05795	0.08373	0.05534	0.05967	0.00766	0.00576	0.00155	0.00530	0.00631	0.00465	0.37796
1	0.01756	0.20539	0.22630	0.01664	0.02315	0.08523	0.12061	0.12527	0.03127	0.03806	0.01224	0.01392	0.00936	0.00622	0.00586	0.00181	0.00856	0.00504	0.00368	0.04383
2	0.05147	0.11284	0.13003	0.02146	0.16048	0.10395	0.13890	0.08046	0.01563	0.02103	0.01199	0.01555	0.00987	0.04293	0.00791	0.00211	0.03645	0.00551	0.00346	0.02796
3	0.01464	0.04706	0.01715	0.04312	0.05199	0.01225	0.04001	0.07084	0.01447	0.02164	0.01176	0.01428	0.00973	0.00596	0.00686	0.00141	0.08464	0.00456	0.02826	0.49937
4	0.24038	0.01826	0.01783	0.14504	0.02326	0.22225	0.08961	0.02254	0.10416	0.02156	0.01236	0.01460	0.00963	0.00669	0.00611	0.00200	0.02703	0.00508	0.00383	0.00777
5	0.01173	0.01074	0.04823	0.09619	0.03739	0.01063	0.04041	0.05174	0.05847	0.01945	0.02754	0.12563	0.10068	0.05824	0.05442	0.00314	0.05455	0.16553	0.01846	0.00684
6	0.00764	0.00655	0.00655	0.00655	0.00873	0.00545	0.00491	0.00927	0.01473	0.01745	0.06546	0.06218	0.73000	0.01636	0.00764	0.00218	0.00327	0.01364	0.00600	0.00545
7	0.01496	0.06565	0.10730	0.02361	0.03006	0.01637	0.51506	0.02005	0.01459	0.02014	0.01235	0.01617	0.00947	0.00573	0.00764	0.00206	0.04243	0.00672	0.00320	0.06645
8	0.01976	0.01201	0.01284	0.01059	0.01409	0.03238	0.00849	0.25160	0.05498	0.15580	0.01995	0.02051	0.01453	0.00772	0.00566	0.00178	0.00516	0.00605	0.33730	0.00881
9	0.01050	0.00873	0.01316	0.05780	0.04890	0.01064	0.01018	0.01286	0.01067	0.01547	0.01533	0.02268	0.01421	0.03807	0.55352	0.00830	0.13280	0.00660	0.00331	0.00627
10	0.01204	0.00602	0.00602	0.00602	0.00753	0.00602	0.00452	0.01506	0.01355	0.02409	0.02108	0.02409	0.01656	0.00753	0.00452	0.00151	0.00301	0.00602	0.80879	0.00602
11	0.01340	0.01148	0.01340	0.00957	0.01531	0.00861	0.00766	0.01627	0.01340	0.02105	0.01148	0.01340	0.00957	0.00479	0.00479	0.00096	0.00479	0.00383	0.00383	0.81242
12	0.02899	0.01100	0.01499	0.01150	0.01649	0.00950	0.00950	0.03149	0.01849	0.73709	0.02549	0.02199	0.01599	0.00800	0.00650	0.00200	0.00550	0.00650	0.00800	0.01100
13	0.01607	0.01388	0.01461	0.01315	0.01680	0.01607	0.01023	0.03433	0.72094	0.02703	0.02630	0.02411	0.01972	0.00877	0.00657	0.00219	0.00511	0.00731	0.00657	0.01023
14	0.78843	0.01271	0.00987	0.00874	0.01278	0.01471	0.00720	0.04526	0.01173	0.02944	0.00924	0.01069	0.00715	0.00606	0.00409	0.00200	0.00508	0.00359	0.00409	0.00715
15	0.01507	0.01707	0.03700	0.07120	0.03442	0.01622	0.66753	0.02044	0.01511	0.02044	0.01298	0.01742	0.00973	0.00551	0.00756	0.00218	0.01076	0.00751	0.00324	0.00862
16	0.00917	0.00654	0.00874	0.00880	0.00951	0.00697	0.00617	0.01063	0.01106	0.01543	0.09952	0.09309	0.02596	0.30725	0.34463	0.00733	0.01060	0.00927	0.00424	0.00509
17	0.00785	0.00570	0.00742	0.00880	0.00932	0.00526	0.00591	0.00902	0.01256	0.01657	0.03796	0.71311	0.09682	0.01994	0.00820	0.00259	0.00371	0.01800	0.00600	0.00526
18	0.70767	0.09144	0.01221	0.00887	0.01306	0.01546	0.00751	0.01947	0.01148	0.05275	0.00958	0.01089	0.00745	0.00602	0.00410	0.00194	0.00521	0.00360	0.00401	0.00727
19	0.02143	0.01789	0.04206	0.02111	0.16916	0.04485	0.07824	0.40328	0.05221	0.06234	0.01514	0.01622	0.01111	0.00709	0.00653	0.00196	0.00766	0.00597	0.00534	0.01042
20	0.00931	0.00630	0.00741	0.00748	0.00761	0.00640	0.00444	0.00960	0.00963	0.01296	0.02073	0.07330	0.02361	0.66475	0.10499	0.00652	0.00728	0.00955	0.00396	0.00417
21	0.01468	0.01489	0.08150	0.10783	0.26436	0.01287	0.04118	0.03550	0.04466	0.03800	0.01393	0.04966	0.01169	0.00646	0.00606	0.00174	0.00689	0.00585	0.00377	0.23849
22	0.02406	0.01780	0.01912	0.01463	0.01982	0.01952	0.01207	0.67975	0.02961	0.03983	0.01533	0.01542	0.01092	0.00762	0.00639	0.00189	0.00701	0.00573	0.00634	0.04712
23	0.01300	0.01112	0.01771	0.02478	0.35456	0.01112	0.01448	0.01620	0.01446	0.01976	0.02288	0.04397	0.02354	0.05899	0.00921	0.00268	0.00679	0.32238	0.00452	0.00786
24	0.05209	0.09021	0.01722	0.01330	0.01731	0.08916	0.01064	0.11441	0.46826	0.02654	0.02096	0.01992	0.01588	0.00800	0.00614	0.00202	0.00617	0.00628	0.00576	0.00973
25	0.01610	0.03674	0.18223	0.08917	0.14320	0.05694	0.01511	0.04829	0.02882	0.10779	0.05143	0.02308	0.04199	0.00791	0.00637	0.00197	0.00724	0.04843	0.03990	0.04727
26	0.01824	0.13893	0.15247	0.01907	0.10776	0.09036	0.10571	0.09012	0.08523	0.08926	0.01498	0.03373	0.01163	0.00688	0.00618	0.00192	0.00811	0.00583	0.00423	0.00936
27	0.01649	0.59241	0.12988	0.01429	0.04585	0.02308	0.06379	0.01962	0.01341	0.01653	0.00975	0.01153	0.00846	0.00561	0.00475	0.00155	0.00759	0.00402	0.00281	0.00857
28	0.00852	0.00663	0.00716	0.00708	0.00914	0.00566	0.00529	0.01035	0.01520	0.04048	0.15727	0.10537	0.56740	0.01591	0.00764	0.00218	0.00334	0.01345	0.00622	0.00570
29	0.01760	0.74109	0.03311	0.01132	0.01675	0.06011	0.01112	0.01966	0.01338	0.01523	0.00903	0.01043	0.00829	0.00558	0.00423	0.00140	0.00714	0.00349	0.00279	0.00825
30	0.03108	0.08689	0.30416	0.01607	0.05506	0.13184	0.01588	0.06643	0.01608	0.06550	0.07720	0.07411	0.01623	0.00807	0.00623	0.00196	0.00807	0.00641	0.00408	0.00866
31	0.01075	0.00866	0.01278	0.08321	0.01681	0.00885	0.06210	0.02806	0.05847	0.01968	0.07233	0.22007	0.07392	0.01527	0.00809	0.00258	0.00571	0.28062	0.00559	0.00646
32	0.00834	0.00656	0.00749	0.00739	0.00920	0.00578	0.00554	0.01049	0.01584	0.02049	0.30823	0.07621	0.42052	0.03635	0.00839	0.00228	0.00338	0.03552	0.00635	0.00566
33	0.04143	0.01800	0.07729	0.01959	0.13750	0.09185	0.06497	0.20481	0.04881	0.08595	0.01573	0.06644	0.01287	0.00819	0.00784	0.00208	0.07597	0.00657	0.00477	0.00934
34	0.01661	0.01643	0.04523	0.18004	0.37655	0.08675	0.06155	0.04758	0.01544	0.05304	0.01317	0.03485	0.01073	0.00652	0.00648	0.00198	0.00830	0.00604	0.00355	0.00916
35	0.02871	0.01144	0.01527	0.01171	0.01671	0.01015	0.00967	0.07369	0.01923	0.69385	0.02487	0.02159	0.01568	0.00798	0.00650	0.00200	0.00560	0.00646	0.00790	0.01100
36	0.04527	0.02146	0.22839	0.04966	0.07601	0.08449	0.08223	0.11660	0.04928	0.16069	0.01539	0.01636	0.01088	0.00680	0.00635	0.00200	0.00825	0.00565	0.00461	0.00964
37	0.01620	0.09184	0.04750	0.08973	0.20936	0.01417	0.05972	0.06216	0.06439	0.10536	0.06309	0.08863	0.04284	0.00854	0.00656	0.00202	0.00670	0.00760	0.00470	0.00888
38	0.06072	0.01132	0.01494	0.01150	0.01646	0.01009	0.00950	0.05610	0.01863	0.68275	0.02446	0.02129	0.01545	0.00791	0.00640	0.00200	0.00554	0.00635	0.00778	0.01083
39	0.01471	0.01759	0.07781	0.02511	0.03120	0.01575	0.60085	0.01981	0.01461	0.02000	0.01328	0.01863	0.01051	0.05334	0.00956	0.00245	0.03562	0.00750	0.00326	0.00841
40	0.01349	0.03885	0.07489	0.03762	0.11143	0.01224	0.11474	0.11634	0.01690	0.02288	0.11431	0.16942	0.08848	0.01106	0.00719	0.00216	0.00643	0.02869	0.00499	0.00788
41	0.01598	0.06955	0.25945	0.02456	0.24000	0.05099	0.09148	0.06874	0.07649	0.02208	0.01322	0.01549	0.01018	0.00627	0.00629	0.00197	0.00851	0.00555	0.00354	0.00965
42	0.01074	0.00578	0.00806	0.00806	0.00806	0.00578	0.00516	0.00868	0.00868	0.01157	0.01364	0.02562	0.01446	0.22058	0.02727	0.59929	0.00578	0.00661	0.00310	0.00310
43	0.20051	0.01476	0.01626	0.15127	0.09653	0.09408	0.01204	0.10489	0.03056	0.16480	0.01475	0.01612	0.01067	0.00685	0.00576	0.00196	0.00694	0.00527	0.03727	0.00871
44	0.01658	0.05730	0.11719	0.08932	0.19934	0.14943	0.04543	0.03831	0.10419	0.02002	0.01472	0.01706	0.03232	0.00717	0.00736	0.00201	0.06400	0.00573	0.00367	0.00884
45	0.02067	0.01511	0.01646	0.01356	0.01784	0.01671	0.01087	0.34972	0.29436	0.09375	0.02174	0.06474	0.01670	0.00892	0.00662	0.00208	0.00600	0.00720	0.00661	0.01035

[dist]
# distance from previous block
# <min> <max>
0	4

[block]
# block no. 4 follows, 34 sequences, length 61
# corresponding to MSA columns:
# 178-238
name=unknown_E
#
# <colnr> <probs for GDERKNQSTAVLIFYWHMCP>
#	G	D	E	R	K	N	Q	S	T	A	V	L	I	F	Y	W	H	M	C	P
0	0.02207	0.08318	0.03747	0.01417	0.01910	0.01927	0.01196	0.54387	0.07974	0.03563	0.01678	0.05746	0.01311	0.00829	0.00636	0.00195	0.00682	0.00640	0.00603	0.01034
1	0.00912	0.00643	0.00769	0.00807	0.00884	0.00619	0.00557	0.00997	0.01167	0.01505	0.03309	0.12166	0.17778	0.35422	0.04291	0.04934	0.00563	0.11727	0.00481	0.00469
2	0.01900	0.18366	0.21950	0.01804	0.09622	0.05307	0.06831	0.09929	0.01670	0.14574	0.01397	0.01503	0.01022	0.00644	0.00594	0.00186	0.00802	0.00520	0.00419	0.00960
3	0.01332	0.01699	0.15485	0.40961	0.11954	0.01494	0.14192	0.01836	0.01367	0.01851	0.01186	0.01647	0.00893	0.00614	0.00660	0.00211	0.00908	0.00590	0.00295	0.00824
4	0.01241	0.01170	0.01976	0.71757	0.08268	0.01441	0.01805	0.01669	0.01302	0.01676	0.01152	0.01716	0.00870	0.00642	0.00646	0.00214	0.00856	0.00574	0.00289	0.00735
5	0.00915	0.00719	0.00937	0.07281	0.03655	0.00709	0.00739	0.02889	0.03015	0.01755	0.03793	0.45295	0.18832	0.05242	0.00897	0.00261	0.00442	0.01483	0.00557	0.00583
6	0.01385	0.01444	0.04503	0.32213	0.15281	0.01505	0.21392	0.01908	0.05308	0.01913	0.01359	0.04222	0.01096	0.00677	0.00726	0.00216	0.03014	0.00676	0.00334	0.00829
7	0.00867	0.00656	0.00783	0.00753	0.00915	0.00590	0.00554	0.01102	0.01644	0.02212	0.45719	0.05239	0.27824	0.07173	0.00954	0.00240	0.00337	0.01215	0.00650	0.00572
8	0.00787	0.00562	0.00750	0.00900	0.00937	0.00525	0.00600	0.00900	0.01237	0.01649	0.03561	0.76871	0.04274	0.02024	0.00825	0.00262	0.00375	0.01837	0.00600	0.00525
9	0.01444	0.01005	0.03953	0.01325	0.08848	0.00883	0.02589	0.01821	0.06590	0.17450	0.19038	0.15940	0.13995	0.01222	0.00723	0.00215	0.00479	0.01072	0.00624	0.00782
10	0.02188	0.01677	0.01788	0.01432	0.01902	0.01879	0.01163	0.49759	0.24822	0.03640	0.01892	0.01822	0.01374	0.00807	0.00650	0.00202	0.00648	0.00629	0.00650	0.01075
11	0.00799	0.00571	0.00763	0.00913	0.00956	0.00535	0.00620	0.00920	0.01249	0.01662	0.03555	0.73685	0.04248	0.02013	0.00828	0.00264	0.00385	0.04908	0.00600	0.00528
12	0.01396	0.01550	0.06824	0.27260	0.11436	0.01614	0.22366	0.01819	0.01329	0.01834	0.01147	0.01634	0.00910	0.00698	0.00959	0.00226	0.15264	0.00623	0.00301	0.00811
13	0.03882	0.36430	0.12261	0.01598	0.09851	0.05822	0.01371	0.08361	0.01539	0.07210	0.01179	0.01339	0.00952	0.00756	0.02849	0.00197	0.02694	0.00453	0.00361	0.00894
14	0.00943	0.00684	0.00924	0.00917	0.00981	0.00763	0.00650	0.01075	0.00996	0.01399	0.01835	0.03212	0.01900	0.34877	0.43131	0.00847	0.03208	0.00792	0.00363	0.00503
15	0.00791	0.00656	0.00693	0.00683	0.00890	0.00557	0.00513	0.00981	0.01538	0.01900	0.18663	0.05964	0.60786	0.01579	0.00763	0.00215	0.00323	0.01328	0.00620	0.00557
16	0.00794	0.00578	0.00751	0.00886	0.00945	0.00534	0.00605	0.00918	0.01269	0.01669	0.03844	0.67632	0.10889	0.01979	0.00821	0.00259	0.00378	0.04122	0.00600	0.00529
17	0.01804	0.08724	0.23512	0.06216	0.15763	0.17268	0.05148	0.04428	0.01577	0.07810	0.01246	0.01451	0.00944	0.00631	0.00608	0.00189	0.00903	0.00509	0.00353	0.00912
18	0.02311	0.02909	0.01846	0.01668	0.01967	0.67248	0.01265	0.02475	0.01745	0.01579	0.00983	0.01191	0.00834	0.00713	0.00740	0.00178	0.08843	0.00431	0.00328	0.00745
19	0.01525	0.01743	0.03813	0.02723	0.03377	0.01634	0.70915	0.02070	0.01525	0.02070	0.01307	0.01743	0.00980	0.00545	0.00763	0.00218	0.01089	0.00763	0.00327	0.00871
20	0.01604	0.46958	0.29097	0.01392	0.02090	0.02145	0.01580	0.05224	0.01413	0.01832	0.01024	0.01180	0.00838	0.00586	0.00498	0.00165	0.00788	0.00405	0.00292	0.00888
21	0.01356	0.00963	0.04497	0.01108	0.01333	0.00864	0.00894	0.10724	0.01610	0.11442	0.03022	0.40840	0.03237	0.01588	0.00780	0.00249	0.00510	0.13658	0.00616	0.00710
22	0.00767	0.00642	0.00668	0.00689	0.00882	0.00543	0.00506	0.00923	0.01440	0.01732	0.06129	0.16086	0.63401	0.01691	0.00772	0.00224	0.00334	0.01430	0.00600	0.00543
23	0.02780	0.01149	0.01513	0.01175	0.01665	0.01041	0.00966	0.05689	0.07454	0.65508	0.02519	0.02192	0.01610	0.00805	0.00650	0.00201	0.00553	0.00654	0.00783	0.01093
24	0.01420	0.01336	0.02012	0.52058	0.11296	0.04093	0.01712	0.07204	0.01437	0.01880	0.01152	0.01645	0.00895	0.00699	0.00793	0.00216	0.08483	0.00569	0.00320	0.00781
25	0.00894	0.00660	0.00836	0.00792	0.00953	0.00601	0.00594	0.01180	0.01781	0.02477	0.63994	0.05014	0.15094	0.01363	0.00762	0.00205	0.00308	0.01195	0.00696	0.00601
26	0.02899	0.01100	0.01499	0.01150	0.01649	0.00950	0.00950	0.03149	0.01849	0.73709	0.02549	0.02199	0.01599	0.00800	0.00650	0.00200	0.00550	0.00650	0.00800	0.01100
27	0.01204	0.00602	0.00602	0.00602	0.00753	0.00602	0.00452	0.01506	0.01355	0.02409	0.02108	0.02409	0.01656	0.00753	0.00452	0.00151	0.00301	0.00602	0.80879	0.00602
28	0.01220	0.01148	0.01938	0.75739	0.04450	0.01436	0.01794	0.01651	0.01292	0.01651	0.01148	0.01723	0.00861	0.00646	0.00646	0.00215	0.00861	0.00574	0.00287	0.00718
29	0.01727	0.77681	0.03386	0.01106	0.01658	0.02557	0.01106	0.01935	0.01313	0.01520	0.00898	0.01036	0.00829	0.00553	0.00415	0.00138	0.00691	0.00345	0.00276	0.00829
30	0.02456	0.01810	0.01939	0.01487	0.02004	0.02004	0.01228	0.71107	0.03038	0.04072	0.01551	0.01551	0.01099	0.00776	0.00646	0.00194	0.00711	0.00582	0.00646	0.01099
31	0.81856	0.01250	0.00950	0.00850	0.01250	0.01449	0.00700	0.01899	0.01100	0.02899	0.00900	0.01050	0.00700	0.00600	0.00400	0.00200	0.00500	0.00350	0.00400	0.00700
32	0.01599	0.01535	0.02623	0.03966	0.73262	0.01535	0.01983	0.01983	0.01471	0.02111	0.01215	0.01599	0.01023	0.00576	0.00640	0.00192	0.00768	0.00576	0.00320	0.01023
33	0.01607	0.01388	0.01461	0.01315	0.01680	0.01607	0.01023	0.03433	0.72094	0.02703	0.02630	0.02411	0.01972	0.00877	0.00657	0.00219	0.00511	0.00731	0.00657	0.01023
34	0.01120	0.00856	0.01266	0.01584	0.11556	0.00856	0.01175	0.01430	0.01485	0.01959	0.03108	0.06480	0.03336	0.01613	0.00857	0.00282	0.00619	0.59205	0.00556	0.00656
35	0.00790	0.00575	0.00744	0.00871	0.00932	0.00530	0.00589	0.00914	0.01283	0.01694	0.06437	0.66963	0.11382	0.01958	0.00816	0.00256	0.00367	0.01764	0.00604	0.00530
36	0.01727	0.77681	0.03386	0.01106	0.01658	0.02557	0.01106	0.01935	0.01313	0.01520	0.00898	0.01036	0.00829	0.00553	0.00415	0.00138	0.00691	0.00345	0.00276	0.00829
37	0.02899	0.01100	0.01499	0.01150	0.01649	0.00950	0.00950	0.03149	0.01849	0.73709	0.02549	0.02199	0.01599	0.00800	0.00650	0.00200	0.00550	0.00650	0.00800	0.01100
38	0.02456	0.01810	0.01939	0.01487	0.02004	0.02004	0.01228	0.71107	0.03038	0.04072	0.01551	0.01551	0.01099	0.00776	0.00646	0.00194	0.00711	0.00582	0.00646	0.01099
39	0.01020	0.00728	0.01017	0.01165	0.01305	0.00725	0.01004	0.01302	0.01466	0.01910	0.03433	0.13163	0.03765	0.01805	0.00887	0.00295	0.00576	0.63250	0.00595	0.00589
40	0.81856	0.01250	0.00950	0.00850	0.01250	0.01449	0.00700	0.01899	0.01100	0.02899	0.00900	0.01050	0.00700	0.00600	0.00400	0.00200	0.00500	0.00350	0.00400	0.00700
41	0.01296	0.03342	0.73944	0.01842	0.02797	0.01501	0.02387	0.02046	0.01364	0.02046	0.01160	0.01364	0.00818	0.00614	0.00614	0.00205	0.00955	0.00477	0.00273	0.00955
42	0.00764	0.00655	0.00655	0.00655	0.00873	0.00545	0.00491	0.00927	0.01473	0.01745	0.06546	0.06218	0.73000	0.01636	0.00764	0.00218	0.00327	0.01364	0.00600	0.00545
43	0.00816	0.00583	0.00783	0.00932	0.00982	0.00549	0.00650	0.00949	0.01265	0.01681	0.03545	0.69027	0.04211	0.01997	0.00832	0.00266	0.00400	0.09397	0.00599	0.00533
44	0.00947	0.00695	0.00892	0.00836	0.00999	0.00657	0.00629	0.01323	0.05129	0.02596	0.69620	0.04713	0.05903	0.01300	0.00757	0.00204	0.00315	0.01148	0.00709	0.00629
45	0.01607	0.01388	0.01461	0.01315	0.01680	0.01607	0.01023	0.03433	0.72094	0.02703	0.02630	0.02411	0.01972	0.00877	0.00657	0.00219	0.00511	0.00731	0.00657	0.01023
46	0.00809	0.00578	0.00774	0.00924	0.00971	0.00543	0.00637	0.00937	0.01258	0.01673	0.03549	0.70996	0.04227	0.02004	0.00830	0.00265	0.00393	0.07500	0.00599	0.00531
47	0.01296	0.03342	0.73944	0.01842	0.02797	0.01501	0.02387	0.02046	0.01364	0.02046	0.01160	0.01364	0.00818	0.00614	0.00614	0.00205	0.00955	0.00477	0.00273	0.00955
48	0.01599	0.01535	0.02623	0.03966	0.73262	0.01535	0.01983	0.01983	0.01471	0.02111	0.01215	0.01599	0.01023	0.00576	0.00640	0.00192	0.00768	0.00576	0.00320	0.01023
49	0.00787	0.00594	0.00728	0.00824	0.00920	0.00535	0.00568	0.00924	0.01335	0.01725	0.07898	0.52644	0.24429	0.01876	0.00804	0.00247	0.00357	0.01665	0.00605	0.00535
50	0.01780	0.01958	0.07945	0.02461	0.09336	0.10962	0.42360	0.05445	0.01644	0.07637	0.01357	0.01656	0.01008	0.00598	0.00704	0.00205	0.01001	0.00664	0.00375	0.00904
51	0.01122	0.00561	0.00842	0.00842	0.00842	0.00561	0.00561	0.00842	0.00842	0.01122	0.01122	0.01964	0.01122	0.02245	0.02525	0.81201	0.00561	0.00561	0.00281	0.00281
52	0.01170	0.00940	0.01030	0.00986	0.01233	0.00981	0.00762	0.03879	0.26099	0.02275	0.11017	0.10082	0.24243	0.01310	0.00722	0.00223	0.00425	0.06799	0.05086	0.00739
53	0.00783	0.00648	0.00689	0.00707	0.00899	0.00553	0.00526	0.00954	0.01469	0.01790	0.09978	0.13772	0.59588	0.01664	0.00774	0.00225	0.00339	0.03487	0.00606	0.00548
54	0.01539	0.01844	0.13818	0.03236	0.44808	0.01553	0.14731	0.02102	0.06015	0.02131	0.01315	0.01642	0.01045	0.00595	0.00660	0.00200	0.00840	0.00605	0.00336	0.00985
55	0.01480	0.01529	0.01920	0.01662	0.01697	0.08484	0.01369	0.01628	0.01068	0.01555	0.00904	0.01445	0.00884	0.01268	0.05486	0.00309	0.65757	0.00558	0.00290	0.00704
56	0.78135	0.01276	0.00996	0.00880	0.01285	0.01475	0.00725	0.05143	0.01190	0.02954	0.00930	0.01073	0.00718	0.00608	0.00411	0.00200	0.00510	0.00361	0.00411	0.00718
57	0.01558	0.02076	0.26531	0.07163	0.12203	0.01457	0.08031	0.08605	0.01549	0.05785	0.01268	0.01514	0.00954	0.00636	0.00700	0.00190	0.04984	0.00532	0.00366	0.13898
58	0.01622	0.08266	0.02319	0.31023	0.24693	0.07601	0.03647	0.09471	0.01590	0.02051	0.01183	0.01561	0.00935	0.00629	0.00622	0.00195	0.00832	0.00548	0.00340	0.00869
59	0.01483	0.00894	0.01085	0.00955	0.01240	0.00858	0.00744	0.02024	0.14412	0.19323	0.31978	0.04013	0.15995	0.01173	0.00717	0.00208	0.00404	0.01001	0.00703	0.00789
60	0.00787	0.00562	0.00750	0.00900	0.00937	0.00525	0.00600	0.00900	0.01237	0.01649	0.03561	0.76871	0.04274	0.02024	0.00825	0.00262	0.00375	0.01837	0.00600	0.00525

[dist]
# distance from previous block
# <min> <max>
0	1

[block]
# block no. 5 follows, 34 sequences, length 99
# corresponding to MSA columns:
# 240-338
name=unknown_F
#
# <colnr> <probs for GDERKNQSTAVLIFYWHMCP>
#	G	D	E	R	K	N	Q	S	T	A	V	L	I	F	Y	W	H	M	C	P
0	0.01549	0.01640	0.05215	0.08459	0.28908	0.01570	0.31948	0.05057	0.03344	0.02148	0.01351	0.03341	0.01085	0.00617	0.00698	0.00208	0.00903	0.00686	0.00348	0.00925
1	0.01367	0.01173	0.01352	0.00994	0.01546	0.00938	0.00792	0.01812	0.08578	0.02167	0.01300	0.01449	0.01061	0.00519	0.00497	0.00108	0.00482	0.00418	0.00411	0.73036
2	0.02430	0.04550	0.01991	0.01473	0.01991	0.02024	0.01224	0.68609	0.02976	0.03980	0.01528	0.01533	0.01089	0.00768	0.00638	0.00192	0.00710	0.00573	0.00633	0.01089
3	0.01455	0.01321	0.02174	0.29027	0.37811	0.01440	0.01752	0.01928	0.05592	0.03886	0.01346	0.01770	0.01077	0.00909	0.05583	0.00259	0.00844	0.00594	0.00343	0.00887
4	0.01220	0.01148	0.01938	0.75739	0.04450	0.01436	0.01794	0.01651	0.01292	0.01651	0.01148	0.01723	0.00861	0.00646	0.00646	0.00215	0.00861	0.00574	0.00287	0.00718
5	0.01702	0.01267	0.01499	0.01164	0.03948	0.01085	0.00902	0.13494	0.01684	0.10047	0.01367	0.01475	0.01051	0.00566	0.00530	0.00126	0.00535	0.00451	0.00469	0.56636
6	0.81856	0.01250	0.00950	0.00850	0.01250	0.01449	0.00700	0.01899	0.01100	0.02899	0.00900	0.01050	0.00700	0.00600	0.00400	0.00200	0.00500	0.00350	0.00400	0.00700
7	0.01340	0.01148	0.01340	0.00957	0.01531	0.00861	0.00766	0.01627	0.01340	0.02105	0.01148	0.01340	0.00957	0.00479	0.00479	0.00096	0.00479	0.00383	0.00383	0.81242
8	0.01735	0.01382	0.01482	0.01309	0.01690	0.01573	0.01025	0.05955	0.64268	0.08043	0.02583	0.02363	0.01912	0.00867	0.00656	0.00217	0.00522	0.00719	0.00668	0.01031
9	0.02414	0.03079	0.01831	0.01665	0.01998	0.74698	0.01248	0.02580	0.01831	0.01581	0.00999	0.01165	0.00832	0.00666	0.00583	0.00166	0.01165	0.00416	0.00333	0.00749
10	0.00927	0.00621	0.00709	0.00721	0.00724	0.00618	0.00409	0.00936	0.00965	0.01286	0.02165	0.10387	0.02512	0.70911	0.03080	0.00596	0.00605	0.01016	0.00409	0.00403
11	0.00940	0.00626	0.00705	0.00705	0.00705	0.00626	0.00392	0.00940	0.00940	0.01253	0.02036	0.04228	0.02349	0.77292	0.03289	0.00626	0.00626	0.00940	0.00392	0.00392
12	0.01041	0.00744	0.01041	0.01190	0.01339	0.00744	0.01041	0.01339	0.01487	0.01934	0.03421	0.07288	0.03719	0.01785	0.00892	0.00297	0.00595	0.68913	0.00595	0.00595
13	0.01599	0.01535	0.02623	0.03966	0.73262	0.01535	0.01983	0.01983	0.01471	0.02111	0.01215	0.01599	0.01023	0.00576	0.00640	0.00192	0.00768	0.00576	0.00320	0.01023
14	0.01021	0.00587	0.00795	0.00819	0.00829	0.00582	0.00530	0.00895	0.00943	0.01256	0.01786	0.12418	0.01981	0.24912	0.02486	0.43828	0.00558	0.03054	0.00365	0.00356
15	0.00923	0.00692	0.01038	0.01038	0.01154	0.00808	0.00808	0.01154	0.01038	0.01500	0.01731	0.02538	0.01615	0.04846	0.74732	0.01038	0.01731	0.00692	0.00346	0.00577
16	0.01599	0.01535	0.02623	0.03966	0.73262	0.01535	0.01983	0.01983	0.01471	0.02111	0.01215	0.01599	0.01023	0.00576	0.00640	0.00192	0.00768	0.00576	0.00320	0.01023
17	0.78320	0.01262	0.01023	0.00987	0.04423	0.01453	0.00756	0.01903	0.01116	0.02864	0.00914	0.01074	0.00714	0.00599	0.00410	0.00200	0.00512	0.00360	0.00396	0.00714
18	0.08750	0.01158	0.01488	0.01150	0.01643	0.01057	0.00950	0.07587	0.01873	0.63792	0.02360	0.02070	0.01499	0.00783	0.00631	0.00200	0.00557	0.00623	0.00760	0.01070
19	0.01316	0.03222	0.69189	0.01983	0.07495	0.01503	0.02360	0.02042	0.01371	0.02051	0.01163	0.01380	0.00832	0.00611	0.00616	0.00204	0.00942	0.00484	0.00276	0.00959
20	0.00845	0.00658	0.00767	0.00740	0.00923	0.00580	0.00555	0.01084	0.01664	0.02200	0.42261	0.05469	0.37000	0.01467	0.00763	0.00210	0.00315	0.01259	0.00660	0.00580
21	0.01241	0.01188	0.02063	0.70871	0.04379	0.01449	0.06403	0.01679	0.01308	0.01679	0.01159	0.01724	0.00869	0.00639	0.00654	0.00216	0.00877	0.00587	0.00290	0.00728
22	0.00923	0.00692	0.01038	0.01038	0.01154	0.00808	0.00808	0.01154	0.01038	0.01500	0.01731	0.02538	0.01615	0.04846	0.74732	0.01038	0.01731	0.00692	0.00346	0.00577
23	0.01296	0.03342	0.73944	0.01842	0.02797	0.01501	0.02387	0.02046	0.01364	0.02046	0.01160	0.01364	0.00818	0.00614	0.00614	0.00205	0.00955	0.00477	0.00273	0.00955
24	0.01372	0.01167	0.01357	0.00972	0.01545	0.00894	0.00779	0.03614	0.01388	0.02162	0.01160	0.01346	0.00961	0.00487	0.00483	0.00099	0.00485	0.00389	0.00390	0.78950
25	0.00787	0.00562	0.00750	0.00900	0.00937	0.00525	0.00600	0.00900	0.01237	0.01649	0.03561	0.76871	0.04274	0.02024	0.00825	0.00262	0.00375	0.01837	0.00600	0.00525
26	0.81856	0.01250	0.00950	0.00850	0.01250	0.01449	0.00700	0.01899	0.01100	0.02899	0.00900	0.01050	0.00700	0.00600	0.00400	0.00200	0.00500	0.00350	0.00400	0.00700
27	0.00940	0.00690	0.00892	0.00825	0.01002	0.00624	0.00620	0.01238	0.01781	0.02534	0.66334	0.06465	0.05707	0.01283	0.00745	0.00198	0.00318	0.01133	0.00686	0.05984
28	0.00851	0.00658	0.00776	0.00746	0.00926	0.00583	0.00560	0.01097	0.01679	0.02236	0.45047	0.05411	0.34192	0.01453	0.00763	0.00210	0.00314	0.01250	0.00665	0.00583
29	0.28598	0.01521	0.01549	0.01227	0.01704	0.01665	0.01013	0.38299	0.02225	0.14015	0.01485	0.01483	0.01042	0.00721	0.00566	0.00197	0.00618	0.00516	0.00588	0.00968
30	0.06191	0.01407	0.01662	0.01279	0.01782	0.01418	0.01057	0.31885	0.02320	0.41087	0.02054	0.01874	0.01348	0.00781	0.00637	0.00197	0.00616	0.00608	0.00717	0.01082
31	0.00780	0.00636	0.00690	0.00718	0.00893	0.00546	0.00523	0.00943	0.01450	0.01788	0.10860	0.21003	0.53534	0.01695	0.00776	0.00226	0.00336	0.01449	0.00608	0.00546
32	0.00909	0.00660	0.00856	0.00807	0.00962	0.00607	0.00605	0.01209	0.01816	0.02561	0.70523	0.04877	0.08513	0.01332	0.00762	0.00204	0.00306	0.01176	0.00707	0.00607
33	0.02456	0.01810	0.01939	0.01487	0.02004	0.02004	0.01228	0.71107	0.03038	0.04072	0.01551	0.01551	0.01099	0.00776	0.00646	0.00194	0.00711	0.00582	0.00646	0.01099
34	0.01122	0.00561	0.00842	0.00842	0.00842	0.00561	0.00561	0.00842	0.00842	0.01122	0.01122	0.01964	0.01122	0.02245	0.02525	0.81201	0.00561	0.00561	0.00281	0.00281
35	0.02414	0.03079	0.01831	0.01665	0.01998	0.74698	0.01248	0.02580	0.01831	0.01581	0.00999	0.01165	0.00832	0.00666	0.00583	0.00166	0.01165	0.00416	0.00333	0.00749
36	0.00923	0.00692	0.01038	0.01038	0.01154	0.00808	0.00808	0.01154	0.01038	0.01500	0.01731	0.02538	0.01615	0.04846	0.74732	0.01038	0.01731	0.00692	0.00346	0.00577
37	0.01452	0.01215	0.01400	0.01010	0.01579	0.00977	0.00812	0.08635	0.01511	0.02304	0.01189	0.01361	0.00971	0.00508	0.00495	0.00106	0.00502	0.00403	0.00409	0.73159
38	0.00940	0.00626	0.00705	0.00705	0.00705	0.00626	0.00392	0.00940	0.00940	0.01253	0.02036	0.04228	0.02349	0.77292	0.03289	0.00626	0.00626	0.00940	0.00392	0.00392
39	0.01414	0.01414	0.01979	0.01696	0.01696	0.01979	0.01414	0.01555	0.00990	0.01555	0.00848	0.01414	0.00848	0.01131	0.02120	0.00283	0.76110	0.00565	0.00283	0.00707
40	0.02414	0.03079	0.01831	0.01665	0.01998	0.74698	0.01248	0.02580	0.01831	0.01581	0.00999	0.01165	0.00832	0.00666	0.00583	0.00166	0.01165	0.00416	0.00333	0.00749
41	0.00878	0.00639	0.00820	0.00937	0.01004	0.00619	0.00639	0.03466	0.04088	0.01776	0.03454	0.71295	0.04071	0.01935	0.00812	0.00258	0.00392	0.01749	0.00604	0.00565
42	0.00874	0.00616	0.00839	0.00984	0.01053	0.00591	0.00729	0.01028	0.01298	0.01716	0.03438	0.53729	0.04003	0.01961	0.00902	0.02998	0.00446	0.21671	0.00588	0.00537
43	0.81856	0.01250	0.00950	0.00850	0.01250	0.01449	0.00700	0.01899	0.01100	0.02899	0.00900	0.01050	0.00700	0.00600	0.00400	0.00200	0.00500	0.00350	0.00400	0.00700
44	0.01340	0.01148	0.01340	0.00957	0.01531	0.00861	0.00766	0.01627	0.01340	0.02105	0.01148	0.01340	0.00957	0.00479	0.00479	0.00096	0.00479	0.00383	0.00383	0.81242
45	0.00782	0.00653	0.00681	0.00680	0.00885	0.00552	0.00508	0.00960	0.01507	0.01840	0.14118	0.08034	0.63360	0.01611	0.00765	0.00218	0.00326	0.01354	0.00613	0.00552
46	0.00776	0.00655	0.00672	0.00668	0.00881	0.00551	0.00501	0.00952	0.01503	0.01817	0.12191	0.06100	0.67309	0.01610	0.00764	0.00217	0.00325	0.01347	0.00609	0.00551
47	0.02753	0.07141	0.01701	0.01188	0.01694	0.01206	0.00996	0.11522	0.01956	0.59421	0.02296	0.02028	0.01477	0.00778	0.00631	0.00194	0.00581	0.00618	0.00740	0.01078
48	0.04878	0.01380	0.01655	0.01272	0.01776	0.01373	0.01051	0.29538	0.02291	0.44704	0.02116	0.01916	0.01380	0.00785	0.00642	0.00198	0.00611	0.00615	0.00729	0.01088
49	0.00811	0.00644	0.00733	0.00790	0.00935	0.00580	0.00562	0.01022	0.04160	0.01766	0.06990	0.36406	0.38760	0.01764	0.00786	0.00237	0.00354	0.01537	0.00605	0.00557
50	0.00916	0.00632	0.00705	0.00703	0.00738	0.00615	0.00414	0.00950	0.01047	0.01375	0.05740	0.04511	0.11605	0.64210	0.02852	0.00555	0.00574	0.01004	0.00432	0.00421
51	0.01837	0.01356	0.01482	0.01294	0.01686	0.01516	0.01018	0.05541	0.58865	0.13899	0.02583	0.02350	0.01886	0.00861	0.00656	0.00215	0.00524	0.00713	0.00679	0.01037
52	0.81856	0.01250	0.00950	0.00850	0.01250	0.01449	0.00700	0.01899	0.01100	0.02899	0.00900	0.01050	0.00700	0.00600	0.00400	0.00200	0.00500	0.00350	0.00400	0.00700
53	0.02414	0.03079	0.01831	0.01665	0.01998	0.74698	0.01248	0.02580	0.01831	0.01581	0.00999	0.01165	0.00832	0.00666	0.00583	0.00166	0.01165	0.00416	0.00333	0.00749
54	0.15830	0.01190	0.01435	0.01133	0.01608	0.01145	0.00931	0.07377	0.06486	0.52750	0.02217	0.01981	0.01443	0.00770	0.00609	0.00201	0.00549	0.00601	0.00714	0.01028
55	0.00843	0.00669	0.00700	0.00685	0.00905	0.00564	0.00516	0.01023	0.01518	0.04032	0.12645	0.05965	0.64539	0.01581	0.00760	0.00216	0.00332	0.01323	0.00617	0.00568
56	0.00899	0.00660	0.00842	0.00796	0.00955	0.00603	0.00597	0.01188	0.01791	0.02501	0.65889	0.04974	0.13184	0.01354	0.00762	0.00205	0.00307	0.01189	0.00699	0.00603
57	0.00894	0.00665	0.00839	0.00836	0.00995	0.00610	0.00642	0.01160	0.01681	0.02286	0.46870	0.09312	0.18955	0.01482	0.00783	0.00222	0.00351	0.10157	0.00668	0.00590
58	0.01599	0.01535	0.02623	0.03966	0.73262	0.01535	0.01983	0.01983	0.01471	0.02111	0.01215	0.01599	0.01023	0.00576	0.00640	0.00192	0.00768	0.00576	0.00320	0.01023
59	0.01204	0.00602	0.00602	0.00602	0.00753	0.00602	0.00452	0.01506	0.01355	0.02409	0.02108	0.02409	0.01656	0.00753	0.00452	0.00151	0.00301	0.00602	0.80879	0.00602
60	0.02456	0.01810	0.01939	0.01487	0.02004	0.02004	0.01228	0.71107	0.03038	0.04072	0.01551	0.01551	0.01099	0.00776	0.00646	0.00194	0.00711	0.00582	0.00646	0.01099
61	0.01296	0.03342	0.73944	0.01842	0.02797	0.01501	0.02387	0.02046	0.01364	0.02046	0.01160	0.01364	0.00818	0.00614	0.00614	0.00205	0.00955	0.00477	0.00273	0.00955
62	0.01558	0.01772	0.03670	0.02772	0.07993	0.03951	0.64103	0.02080	0.01531	0.02057	0.01291	0.01715	0.00979	0.00551	0.00749	0.00214	0.01070	0.00739	0.00327	0.00878
63	0.00914	0.00660	0.00864	0.00813	0.00965	0.00610	0.00610	0.01219	0.01829	0.02591	0.72921	0.04827	0.06097	0.01321	0.00762	0.00203	0.00305	0.01169	0.00711	0.00610
64	0.00904	0.00660	0.00850	0.00802	0.00959	0.00605	0.00602	0.01200	0.01805	0.02535	0.68495	0.04919	0.10557	0.01342	0.00762	0.00204	0.00306	0.01182	0.00704	0.00605
65	0.01122	0.00561	0.00842	0.00842	0.00842	0.00561	0.00561	0.00842	0.00842	0.01122	0.01122	0.01964	0.01122	0.02245	0.02525	0.81201	0.00561	0.00561	0.00281	0.00281
66	0.02456	0.01810	0.01939	0.01487	0.02004	0.02004	0.01228	0.71107	0.03038	0.04072	0.01551	0.01551	0.01099	0.00776	0.00646	0.00194	0.00711	0.00582	0.00646	0.01099
67	0.02456	0.01810	0.01939	0.01487	0.02004	0.02004	0.01228	0.71107	0.03038	0.04072	0.01551	0.01551	0.01099	0.00776	0.00646	0.00194	0.00711	0.00582	0.00646	0.01099
68	0.01434	0.09835	0.52221	0.04379	0.11472	0.05760	0.02136	0.02046	0.01397	0.01967	0.01133	0.01364	0.00847	0.00608	0.00598	0.00195	0.00916	0.00477	0.00283	0.00933
69	0.00922	0.00640	0.00758	0.00755	0.00797	0.00645	0.00471	0.00985	0.01044	0.01400	0.06236	0.04172	0.07941	0.56777	0.13270	0.00631	0.00745	0.00949	0.00419	0.00442
70	0.00939	0.00631	0.00727	0.00727	0.00735	0.00639	0.00419	0.00954	0.00946	0.01269	0.02016	0.04116	0.02300	0.72462	0.08052	0.00654	0.00700	0.00923	0.00388	0.00404
71	0.00979	0.00766	0.00847	0.00803	0.01029	0.00716	0.00609	0.01407	0.10912	0.04128	0.25701	0.05189	0.41693	0.01419	0.00746	0.00213	0.00351	0.01202	0.00646	0.00643
72	0.11435	0.06876	0.16818	0.08636	0.13446	0.06429	0.03848	0.09892	0.05544	0.02295	0.01445	0.07876	0.01238	0.00759	0.00609	0.00201	0.00760	0.00625	0.00395	0.00872
73	0.00837	0.00610	0.00796	0.00907	0.00994	0.00569	0.00656	0.01003	0.01364	0.01804	0.11328	0.50888	0.11904	0.01870	0.00822	0.00256	0.00395	0.11839	0.00611	0.00547
74	0.01106	0.00743	0.00908	0.00851	0.01053	0.00701	0.00649	0.01492	0.07078	0.07697	0.43140	0.07033	0.16125	0.01305	0.00734	0.00208	0.00353	0.02965	0.05194	0.00663
75	0.01348	0.01331	0.02413	0.48719	0.17268	0.01491	0.14558	0.01791	0.01369	0.01815	0.01190	0.01703	0.00914	0.00614	0.00666	0.00211	0.00886	0.00609	0.00301	0.00804
76	0.01529	0.02250	0.27823	0.04826	0.40107	0.05714	0.02048	0.02078	0.03738	0.02065	0.01227	0.01520	0.00966	0.00606	0.00628	0.00196	0.00851	0.00537	0.00314	0.00976
77	0.01615	0.00786	0.00875	0.00774	0.01021	0.00767	0.00606	0.06687	0.01574	0.16592	0.02280	0.02414	0.03602	0.00788	0.00513	0.00165	0.00380	0.00631	0.57197	0.00734
78	0.00787	0.00562	0.00750	0.00900	0.00937	0.00525	0.00600	0.00900	0.01237	0.01649	0.03561	0.76871	0.04274	0.02024	0.00825	0.00262	0.00375	0.01837	0.00600	0.00525
79	0.01327	0.06014	0.27510	0.04442	0.19865	0.01368	0.01674	0.03668	0.05470	0.02065	0.04380	0.07243	0.10521	0.00868	0.00652	0.00204	0.00720	0.00741	0.00394	0.00874
80	0.02165	0.01139	0.03529	0.01171	0.01583	0.01013	0.03281	0.10848	0.01926	0.39869	0.18322	0.07568	0.02687	0.00981	0.00689	0.00205	0.00533	0.00835	0.00717	0.00939
81	0.01204	0.00602	0.00602	0.00602	0.00753	0.00602	0.00452	0.01506	0.01355	0.02409	0.02108	0.02409	0.01656	0.00753	0.00452	0.00151	0.00301	0.00602	0.80879	0.00602
82	0.51461	0.18250	0.03747	0.01073	0.01523	0.09229	0.02971	0.01986	0.01242	0.02413	0.00929	0.01088	0.00753	0.00595	0.00439	0.00184	0.00641	0.00372	0.00360	0.00746
83	0.01296	0.02451	0.43205	0.01739	0.02335	0.01533	0.05785	0.01817	0.01285	0.01919	0.05491	0.01719	0.01220	0.03022	0.03076	0.00259	0.20121	0.00577	0.00310	0.00840
