[name]
unknown

[dist]
# distance from previous block
# <min> <max>
0	10

[block]
# block no. 0 follows, 34 sequences, length 58
# corresponding to MSA columns:
# 10-67
name=unknown_A
#
# <colnr> <probs for GDERKNQSTAVLIFYWHMCP>
#	G	D	E	R	K	N	Q	S	T	A	V	L	I	F	Y	W	H	M	C	P
0	0.04862	0.03861	0.08013	0.01441	0.04097	0.07678	0.01199	0.27280	0.11493	0.02792	0.02080	0.10811	0.03500	0.01001	0.00669	0.00212	0.00679	0.06888	0.00547	0.00897
1	0.01526	0.05089	0.06339	0.11157	0.30390	0.01455	0.07765	0.04430	0.06706	0.04138	0.07498	0.01919	0.01498	0.00674	0.00640	0.00191	0.00727	0.00626	0.00400	0.06833
2	0.00764	0.00655	0.00655	0.00655	0.00873	0.00545	0.00491	0.00927	0.01473	0.01745	0.06546	0.06218	0.73000	0.01636	0.00764	0.00218	0.00327	0.01364	0.00600	0.00545
3	0.01340	0.01148	0.01340	0.00957	0.01531	0.00861	0.00766	0.01627	0.01340	0.02105	0.01148	0.01340	0.00957	0.00479	0.00479	0.00096	0.00479	0.00383	0.00383	0.81242
4	0.00789	0.00656	0.00689	0.00681	0.00888	0.00556	0.00511	0.00976	0.01532	0.01886	0.17560	0.05987	0.61898	0.01584	0.00763	0.00216	0.00324	0.01331	0.00618	0.00556
5	0.01122	0.00561	0.00842	0.00842	0.00842	0.00561	0.00561	0.00842	0.00842	0.01122	0.01122	0.01964	0.01122	0.02245	0.02525	0.81201	0.00561	0.00561	0.00281	0.00281
6	0.00790	0.00569	0.00749	0.00886	0.00935	0.00528	0.00595	0.00910	0.01265	0.01681	0.05690	0.71471	0.07570	0.01986	0.00820	0.00259	0.00371	0.01795	0.00603	0.00528
7	0.01727	0.77681	0.03386	0.01106	0.01658	0.02557	0.01106	0.01935	0.01313	0.01520	0.00898	0.01036	0.00829	0.00553	0.00415	0.00138	0.00691	0.00345	0.00276	0.00829
8	0.01204	0.00602	0.00602	0.00602	0.00753	0.00602	0.00452	0.01506	0.01355	0.02409	0.02108	0.02409	0.01656	0.00753	0.00452	0.00151	0.00301	0.00602	0.80879	0.00602
9	0.01727	0.77681	0.03386	0.01106	0.01658	0.02557	0.01106	0.01935	0.01313	0.01520	0.00898	0.01036	0.00829	0.00553	0.00415	0.00138	0.00691	0.00345	0.00276	0.00829
10	0.01353	0.01160	0.01346	0.00975	0.01539	0.00898	0.00778	0.01715	0.04800	0.02135	0.01221	0.01392	0.01007	0.00498	0.00487	0.00102	0.00480	0.00400	0.00396	0.77319
11	0.81856	0.01250	0.00950	0.00850	0.01250	0.01449	0.00700	0.01899	0.01100	0.02899	0.00900	0.01050	0.00700	0.00600	0.00400	0.00200	0.00500	0.00350	0.00400	0.00700
12	0.01414	0.01414	0.01979	0.01696	0.01696	0.01979	0.01414	0.01555	0.00990	0.01555	0.00848	0.01414	0.00848	0.01131	0.02120	0.00283	0.76110	0.00565	0.00283	0.00707
13	0.01727	0.77681	0.03386	0.01106	0.01658	0.02557	0.01106	0.01935	0.01313	0.01520	0.00898	0.01036	0.00829	0.00553	0.00415	0.00138	0.00691	0.00345	0.00276	0.00829
14	0.01727	0.77681	0.03386	0.01106	0.01658	0.02557	0.01106	0.01935	0.01313	0.01520	0.00898	0.01036	0.00829	0.00553	0.00415	0.00138	0.00691	0.00345	0.00276	0.00829
15	0.02742	0.01087	0.01464	0.01138	0.01614	0.00957	0.00934	0.03056	0.04606	0.67104	0.06330	0.02349	0.01855	0.00831	0.00656	0.00201	0.00535	0.00681	0.00789	0.01070
16	0.00854	0.00660	0.00780	0.00755	0.00936	0.00586	0.00570	0.01099	0.01670	0.02217	0.43146	0.05476	0.34300	0.01466	0.00766	0.00212	0.00322	0.02942	0.00661	0.00582
17	0.02899	0.01100	0.01499	0.01150	0.01649	0.00950	0.00950	0.03149	0.01849	0.73709	0.02549	0.02199	0.01599	0.00800	0.00650	0.00200	0.00550	0.00650	0.00800	0.01100
18	0.00792	0.00646	0.00704	0.00737	0.00919	0.00558	0.00552	0.00961	0.01446	0.01768	0.07738	0.17731	0.54937	0.01701	0.00783	0.00231	0.00354	0.06293	0.00603	0.00548
19	0.00829	0.00604	0.00786	0.00921	0.00975	0.00580	0.00621	0.01029	0.04845	0.01703	0.03514	0.73079	0.04156	0.01966	0.00816	0.00260	0.00382	0.01781	0.00603	0.00550
20	0.00786	0.00568	0.00743	0.00883	0.00933	0.00526	0.00593	0.00902	0.01253	0.01656	0.03761	0.72150	0.08865	0.01998	0.00821	0.00259	0.00372	0.01805	0.00600	0.00526
21	0.16626	0.01390	0.01535	0.01206	0.01677	0.01449	0.00993	0.30479	0.02175	0.29212	0.01829	0.01743	0.01239	0.00752	0.00594	0.00195	0.00594	0.00567	0.04745	0.01003
22	0.01426	0.00720	0.00770	0.00720	0.00926	0.00720	0.00552	0.01841	0.06989	0.10401	0.02198	0.02386	0.01675	0.00768	0.00490	0.00161	0.00345	0.00618	0.65603	0.00691
23	0.00971	0.00626	0.00705	0.00705	0.00728	0.00631	0.00415	0.01016	0.00994	0.01402	0.02033	0.03943	0.02237	0.65216	0.05752	0.00585	0.00631	0.00889	0.10098	0.00424
24	0.01549	0.03974	0.01858	0.01554	0.01663	0.08035	0.01270	0.09348	0.01331	0.01849	0.01272	0.10591	0.01292	0.01142	0.01611	0.00256	0.49603	0.00702	0.00366	0.00736
25	0.01340	0.01148	0.01340	0.00957	0.01531	0.00861	0.00766	0.01627	0.01340	0.02105	0.01148	0.01340	0.00957	0.00479	0.00479	0.00096	0.00479	0.00383	0.00383	0.81242
26	0.02344	0.01256	0.03914	0.05845	0.06438	0.01141	0.05811	0.08510	0.01790	0.45094	0.02180	0.05564	0.01539	0.01008	0.04287	0.00245	0.00694	0.00695	0.00647	0.01000
27	0.00917	0.00626	0.00703	0.00710	0.00731	0.00614	0.00411	0.00937	0.01001	0.01315	0.02501	0.08098	0.08510	0.66967	0.02947	0.00573	0.00588	0.01022	0.00420	0.00412
28	0.01601	0.10888	0.11637	0.16180	0.24251	0.11342	0.09342	0.02002	0.01447	0.01859	0.01131	0.01480	0.00910	0.00613	0.00654	0.00193	0.02755	0.00535	0.00304	0.00874
29	0.00798	0.00574	0.00757	0.00885	0.00938	0.00533	0.00597	0.00928	0.01295	0.01734	0.09647	0.68558	0.06457	0.01952	0.00817	0.00256	0.00367	0.01765	0.00609	0.00533
30	0.00848	0.00635	0.00879	0.05092	0.02907	0.00617	0.00704	0.01009	0.01307	0.01756	0.10589	0.59473	0.05813	0.01913	0.02981	0.00274	0.00443	0.01622	0.00580	0.00559
31	0.81856	0.01250	0.00950	0.00850	0.01250	0.01449	0.00700	0.01899	0.01100	0.02899	0.00900	0.01050	0.00700	0.00600	0.00400	0.00200	0.00500	0.00350	0.00400	0.00700
32	0.00806	0.00646	0.00720	0.00724	0.00904	0.00560	0.00534	0.01001	0.01539	0.01956	0.23608	0.13861	0.47671	0.01598	0.00770	0.00219	0.00327	0.01366	0.00629	0.00560
33	0.05245	0.01855	0.01899	0.01473	0.01977	0.05686	0.01211	0.65185	0.02908	0.03904	0.01500	0.01514	0.01071	0.00764	0.00634	0.00193	0.00727	0.00565	0.00622	0.01067
34	0.02583	0.01170	0.01490	0.01190	0.01657	0.01110	0.00968	0.03218	0.19028	0.56344	0.02569	0.02251	0.01691	0.00819	0.00652	0.00205	0.00540	0.00670	0.00765	0.01081
35	0.01943	0.01315	0.01392	0.01124	0.01491	0.01430	0.00910	0.42599	0.02349	0.03391	0.01779	0.01903	0.01327	0.00766	0.00567	0.00176	0.00543	0.00590	0.33509	0.00895
36	0.00944	0.00710	0.01022	0.01011	0.01104	0.00824	0.00766	0.01136	0.01021	0.01463	0.01745	0.02760	0.01701	0.16044	0.60774	0.00945	0.04400	0.00726	0.00351	0.00553
37	0.81856	0.01250	0.00950	0.00850	0.01250	0.01449	0.00700	0.01899	0.01100	0.02899	0.00900	0.01050	0.00700	0.00600	0.00400	0.00200	0.00500	0.00350	0.00400	0.00700
38	0.02414	0.03079	0.01831	0.01665	0.01998	0.74698	0.01248	0.02580	0.01831	0.01581	0.00999	0.01165	0.00832	0.00666	0.00583	0.00166	0.01165	0.00416	0.00333	0.00749
39	0.02826	0.01217	0.01572	0.01205	0.01708	0.01123	0.00996	0.14352	0.02045	0.62230	0.02385	0.02092	0.01517	0.00796	0.00649	0.00199	0.00576	0.00639	0.00774	0.01099
40	0.01921	0.01406	0.01587	0.01194	0.01729	0.01341	0.00971	0.28086	0.05844	0.09538	0.01511	0.01557	0.01125	0.00642	0.00567	0.00149	0.00575	0.00501	0.00536	0.39219
41	0.04674	0.01138	0.01382	0.01054	0.01541	0.00965	0.03465	0.07423	0.01535	0.09811	0.01971	0.07572	0.07450	0.00760	0.00569	0.00147	0.00509	0.00634	0.00482	0.46919
42	0.01476	0.07904	0.42591	0.02074	0.12414	0.03463	0.07274	0.04738	0.05065	0.02122	0.01246	0.01457	0.00935	0.00615	0.00612	0.00194	0.00875	0.00515	0.00323	0.04105
43	0.01895	0.05755	0.01967	0.08314	0.09000	0.36433	0.01362	0.02108	0.01496	0.01670	0.01046	0.01372	0.00897	0.00767	0.00953	0.00199	0.19266	0.00488	0.04252	0.00759
44	0.01607	0.01388	0.01461	0.01315	0.01680	0.01607	0.01023	0.03433	0.72094	0.02703	0.02630	0.02411	0.01972	0.00877	0.00657	0.00219	0.00511	0.00731	0.00657	0.01023
45	0.01819	0.18840	0.04536	0.01212	0.01612	0.03873	0.01047	0.11261	0.10409	0.15148	0.05549	0.08503	0.05129	0.01045	0.02867	0.00222	0.04793	0.00725	0.00535	0.00875
46	0.01019	0.00931	0.04622	0.01088	0.01252	0.04320	0.00886	0.01267	0.01096	0.01544	0.01686	0.02461	0.01561	0.06413	0.63863	0.00924	0.01602	0.00674	0.02194	0.00599
47	0.02414	0.03079	0.01831	0.01665	0.01998	0.74698	0.01248	0.02580	0.01831	0.01581	0.00999	0.01165	0.00832	0.00666	0.00583	0.00166	0.01165	0.00416	0.00333	0.00749
48	0.02676	0.01149	0.01493	0.01178	0.01655	0.01063	0.00962	0.03198	0.13997	0.61430	0.02563	0.02236	0.01664	0.00813	0.00651	0.00203	0.00543	0.00664	0.00775	0.01086
49	0.01058	0.00913	0.01454	0.45505	0.03026	0.01070	0.01308	0.01365	0.01273	0.01673	0.02080	0.29895	0.02163	0.01165	0.00707	0.00231	0.00663	0.01048	0.02762	0.00642
50	0.02484	0.01765	0.01911	0.01465	0.01981	0.01937	0.01211	0.66836	0.02963	0.08449	0.01614	0.01592	0.01130	0.00777	0.00647	0.00194	0.00701	0.00586	0.00656	0.01099
51	0.00796	0.00578	0.00752	0.00874	0.00935	0.00534	0.00593	0.00929	0.01306	0.01738	0.09760	0.65399	0.09552	0.01935	0.00815	0.00254	0.00365	0.01744	0.00609	0.00534
52	0.00792	0.00595	0.00735	0.00828	0.00923	0.00538	0.00572	0.00935	0.01352	0.01759	0.10544	0.51923	0.22438	0.01860	0.00803	0.00246	0.00356	0.01653	0.00610	0.00538
53	0.01607	0.01388	0.01461	0.01315	0.01680	0.01607	0.01023	0.03433	0.72094	0.02703	0.02630	0.02411	0.01972	0.00877	0.00657	0.00219	0.00511	0.00731	0.00657	0.01023
54	0.02837	0.01081	0.01466	0.01129	0.01616	0.00937	0.00931	0.03088	0.01831	0.71088	0.02533	0.02207	0.01602	0.00798	0.00642	0.00198	0.00541	0.00648	0.03744	0.01081
55	0.00926	0.00661	0.00840	0.00930	0.01021	0.00641	0.00701	0.01085	0.01278	0.01660	0.03421	0.21480	0.11340	0.22894	0.01532	0.00373	0.00525	0.27635	0.00540	0.00517
56	0.74650	0.03663	0.01076	0.00907	0.01307	0.05901	0.00745	0.01941	0.01150	0.02778	0.00906	0.01056	0.00712	0.00602	0.00411	0.00196	0.00546	0.00354	0.00392	0.00707
57	0.01582	0.01530	0.05212	0.03531	0.60470	0.01452	0.03695	0.01972	0.01482	0.04419	0.01441	0.02083	0.01256	0.00683	0.00663	0.00202	0.00762	0.06223	0.00357	0.00984

[dist]
# distance from previous block
# <min> <max>
0	3

[block]
# block no. 1 follows, 34 sequences, length 16
# corresponding to MSA columns:
# 71-86
name=unknown_B
#
# <colnr> <probs for GDERKNQSTAVLIFYWHMCP>
#	G	D	E	R	K	N	Q	S	T	A	V	L	I	F	Y	W	H	M	C	P
0	0.06666	0.19563	0.14469	0.05489	0.04440	0.01748	0.12756	0.11825	0.01672	0.13380	0.01379	0.01512	0.01009	0.00640	0.00591	0.00189	0.00781	0.00535	0.00426	0.00929
1	0.00825	0.00655	0.00728	0.00711	0.00894	0.00572	0.00525	0.01026	0.01561	0.02001	0.28634	0.05631	0.46241	0.06052	0.00914	0.00238	0.00338	0.01273	0.00625	0.00558
2	0.07783	0.01416	0.05747	0.03183	0.04479	0.04865	0.00971	0.01836	0.05208	0.02158	0.01205	0.01388	0.00977	0.00536	0.00506	0.00128	0.00568	0.00419	0.00385	0.56242
3	0.00890	0.00660	0.00830	0.00788	0.00950	0.00599	0.00591	0.01173	0.01772	0.02456	0.62305	0.05049	0.16797	0.01371	0.00762	0.00206	0.00308	0.01200	0.00693	0.00599
4	0.00917	0.00682	0.01006	0.01014	0.01119	0.00784	0.00775	0.01130	0.01043	0.01495	0.01840	0.06411	0.01789	0.08469	0.67254	0.00977	0.01604	0.00763	0.00361	0.00565
5	0.01795	0.05577	0.06062	0.07189	0.17868	0.05160	0.13761	0.05120	0.01569	0.14363	0.01498	0.04121	0.01171	0.00685	0.00691	0.00192	0.03437	0.00619	0.00425	0.08695
6	0.75061	0.01298	0.01034	0.00904	0.01314	0.01497	0.00745	0.07822	0.01265	0.02999	0.00955	0.01093	0.00734	0.00615	0.00421	0.00199	0.00518	0.00370	0.00421	0.00734
7	0.02765	0.01060	0.01429	0.01106	0.01579	0.00922	0.00910	0.03019	0.01810	0.68070	0.02514	0.02216	0.01604	0.00796	0.00634	0.00196	0.00530	0.00646	0.07134	0.01060
8	0.01513	0.01494	0.02933	0.02457	0.13025	0.01426	0.42675	0.02048	0.05762	0.05851	0.07330	0.05399	0.03422	0.00735	0.00735	0.00214	0.00868	0.00821	0.00419	0.00871
9	0.01400	0.01323	0.02222	0.30675	0.34266	0.01435	0.05259	0.01871	0.05116	0.01968	0.05018	0.01932	0.01308	0.02646	0.00724	0.00215	0.00778	0.00633	0.00348	0.00862
10	0.01340	0.01148	0.01340	0.00957	0.01531	0.00861	0.00766	0.01627	0.01340	0.02105	0.01148	0.01340	0.00957	0.00479	0.00479	0.00096	0.00479	0.00383	0.00383	0.81242
11	0.01103	0.00561	0.00837	0.00845	0.00847	0.00559	0.00563	0.00845	0.00864	0.01152	0.01261	0.06216	0.01301	0.02232	0.02429	0.76607	0.00551	0.00634	0.00299	0.00294
12	0.01068	0.01018	0.06884	0.01318	0.10333	0.00849	0.00936	0.03747	0.01637	0.02288	0.38843	0.07762	0.09797	0.05364	0.05064	0.00275	0.00532	0.01030	0.00572	0.00684
13	0.01169	0.01077	0.01803	0.57018	0.03680	0.01278	0.05133	0.01552	0.01326	0.01723	0.07092	0.04528	0.03165	0.05838	0.00845	0.00243	0.00786	0.00712	0.00346	0.00686
14	0.01506	0.09793	0.29833	0.02010	0.16060	0.01524	0.03238	0.05214	0.05475	0.05802	0.01577	0.09856	0.01366	0.00803	0.00678	0.00205	0.03087	0.00671	0.00387	0.00917
15	0.05844	0.01200	0.03889	0.01022	0.01555	0.00940	0.00853	0.01978	0.03634	0.15869	0.05726	0.01730	0.01399	0.00613	0.00534	0.00135	0.00501	0.00493	0.00487	0.51598

[dist]
# distance from previous block
# <min> <max>
0	1

[block]
# block no. 2 follows, 34 sequences, length 26
# corresponding to MSA columns:
# 88-113
name=unknown_C
#
# <colnr> <probs for GDERKNQSTAVLIFYWHMCP>
#	G	D	E	R	K	N	Q	S	T	A	V	L	I	F	Y	W	H	M	C	P
0	0.01343	0.01673	0.18355	0.01664	0.10238	0.03546	0.01404	0.01688	0.01408	0.06114	0.11748	0.02774	0.14432	0.01026	0.01038	0.00223	0.19342	0.00769	0.00430	0.00785
1	0.00924	0.00688	0.01017	0.01017	0.01124	0.00796	0.00780	0.01140	0.01032	0.01484	0.01751	0.02649	0.01663	0.09584	0.70059	0.01011	0.01658	0.00708	0.00349	0.00565
2	0.02899	0.01100	0.01499	0.01150	0.01649	0.00950	0.00950	0.03149	0.01849	0.73709	0.02549	0.02199	0.01599	0.00800	0.00650	0.00200	0.00550	0.00650	0.00800	0.01100
3	0.01484	0.01390	0.06925	0.01180	0.01780	0.01035	0.05511	0.06137	0.01482	0.05212	0.01244	0.01417	0.00984	0.00525	0.00525	0.00122	0.00571	0.00438	0.00405	0.61632
4	0.04774	0.70579	0.03216	0.01128	0.01645	0.02483	0.01107	0.01913	0.01287	0.01575	0.00896	0.01058	0.00825	0.00586	0.00508	0.00148	0.04817	0.00358	0.00281	0.00818
5	0.00778	0.00655	0.00674	0.00669	0.00881	0.00551	0.00502	0.00954	0.01506	0.01824	0.12727	0.06089	0.66769	0.01607	0.00764	0.00217	0.00325	0.01345	0.00610	0.00551
6	0.01414	0.01414	0.01979	0.01696	0.01696	0.01979	0.01414	0.01555	0.00990	0.01555	0.00848	0.01414	0.00848	0.01131	0.02120	0.00283	0.76110	0.00565	0.00283	0.00707
7	0.81856	0.01250	0.00950	0.00850	0.01250	0.01449	0.00700	0.01899	0.01100	0.02899	0.00900	0.01050	0.00700	0.00600	0.00400	0.00200	0.00500	0.00350	0.00400	0.00700
8	0.01592	0.04215	0.27848	0.01504	0.04240	0.05269	0.03325	0.04265	0.01540	0.14540	0.04880	0.07225	0.10977	0.00930	0.00736	0.00209	0.04627	0.00751	0.00465	0.00862
9	0.02275	0.01720	0.01837	0.01450	0.01935	0.01919	0.01184	0.56643	0.17798	0.03779	0.01782	0.01735	0.01286	0.00797	0.00649	0.00199	0.00668	0.00614	0.00649	0.01083
10	0.81856	0.01250	0.00950	0.00850	0.01250	0.01449	0.00700	0.01899	0.01100	0.02899	0.00900	0.01050	0.00700	0.00600	0.00400	0.00200	0.00500	0.00350	0.00400	0.00700
11	0.00787	0.00562	0.00750	0.00900	0.00937	0.00525	0.00600	0.00900	0.01237	0.01649	0.03561	0.76871	0.04274	0.02024	0.00825	0.00262	0.00375	0.01837	0.00600	0.00525
12	0.06084	0.67595	0.08851	0.01150	0.01726	0.02412	0.01185	0.01942	0.01305	0.01637	0.00919	0.01063	0.00821	0.00560	0.00430	0.00147	0.00701	0.00356	0.00283	0.00832
13	0.81856	0.01250	0.00950	0.00850	0.01250	0.01449	0.00700	0.01899	0.01100	0.02899	0.00900	0.01050	0.00700	0.00600	0.00400	0.00200	0.00500	0.00350	0.00400	0.00700
14	0.01730	0.01449	0.01530	0.01340	0.01727	0.01665	0.01052	0.13229	0.62099	0.02901	0.02474	0.02286	0.01846	0.00862	0.00656	0.00216	0.00540	0.00709	0.00656	0.01034
15	0.01992	0.12855	0.09984	0.01401	0.01910	0.05985	0.01255	0.26133	0.19932	0.07482	0.01770	0.03546	0.01346	0.00777	0.00613	0.00194	0.00692	0.00599	0.00545	0.00990
16	0.00787	0.00562	0.00750	0.00900	0.00937	0.00525	0.00600	0.00900	0.01237	0.01649	0.03561	0.76871	0.04274	0.02024	0.00825	0.00262	0.00375	0.01837	0.00600	0.00525
17	0.00787	0.00562	0.00750	0.00900	0.00937	0.00525	0.00600	0.00900	0.01237	0.01649	0.03561	0.76871	0.04274	0.02024	0.00825	0.00262	0.00375	0.01837	0.00600	0.00525
18	0.01340	0.01148	0.01340	0.00957	0.01531	0.00861	0.00766	0.01627	0.01340	0.02105	0.01148	0.01340	0.00957	0.00479	0.00479	0.00096	0.00479	0.00383	0.00383	0.81242
19	0.01217	0.03373	0.06051	0.01724	0.18897	0.01090	0.01125	0.01777	0.12144	0.02330	0.30951	0.05737	0.08849	0.01052	0.00699	0.00204	0.00505	0.00927	0.00555	0.00793
20	0.01340	0.01148	0.01340	0.00957	0.01531	0.00861	0.00766	0.01627	0.01340	0.02105	0.01148	0.01340	0.00957	0.00479	0.00479	0.00096	0.00479	0.00383	0.00383	0.81242
21	0.01467	0.06300	0.07912	0.09819	0.16529	0.01466	0.08587	0.08325	0.13004	0.02288	0.07943	0.04574	0.07307	0.00837	0.00666	0.00204	0.00690	0.00747	0.00458	0.00877
22	0.05589	0.00801	0.00938	0.05266	0.01197	0.00812	0.00666	0.03572	0.01445	0.09288	0.13678	0.03471	0.12655	0.14542	0.01132	0.00270	0.02667	0.00849	0.20524	0.00638
23	0.08374	0.10261	0.34095	0.01885	0.09610	0.01630	0.08415	0.07654	0.03631	0.02261	0.01206	0.01409	0.00912	0.00609	0.00588	0.00191	0.00821	0.00501	0.00342	0.05605
24	0.01357	0.04420	0.01082	0.00941	0.01151	0.00782	0.00706	0.03411	0.01483	0.16151	0.10245	0.33887	0.07042	0.05871	0.00878	0.00247	0.00446	0.03273	0.03548	0.03080
25	0.01635	0.01778	0.09720	0.15534	0.08892	0.13846	0.05341	0.11049	0.01710	0.03968	0.05554	0.02262	0.07244	0.00816	0.00686	0.00201	0.02595	0.02331	0.04019	0.00817

[dist]
# distance from previous block
# <min> <max>
1	2

[block]
# block no. 3 follows, 34 sequences, length 14
# corresponding to MSA columns:
# 116-129
name=unknown_D
#
# <colnr> <probs for GDERKNQSTAVLIFYWHMCP>
#	G	D	E	R	K	N	Q	S	T	A	V	L	I	F	Y	W	H	M	C	P
0	0.10919	0.05451	0.12337	0.02049	0.22296	0.01319	0.05842	0.01856	0.03886	0.04747	0.09682	0.02663	0.08324	0.00854	0.00645	0.00205	0.00662	0.04986	0.00435	0.00842
1	0.02063	0.13068	0.01981	0.01388	0.01832	0.10586	0.01142	0.32950	0.19121	0.02940	0.01656	0.01684	0.01263	0.00956	0.04292	0.00230	0.00765	0.00568	0.00542	0.00973
2	0.00925	0.00685	0.01001	0.01001	0.01103	0.00787	0.00760	0.01129	0.01027	0.01472	0.01765	0.02730	0.01699	0.13070	0.66622	0.00992	0.01605	0.00720	0.00351	0.00556
3	0.00833	0.00657	0.00827	0.00974	0.04914	0.00595	0.00637	0.00994	0.01381	0.01782	0.09850	0.41522	0.29181	0.01749	0.00788	0.00238	0.00374	0.01544	0.00593	0.00566
4	0.01528	0.41181	0.25117	0.01483	0.04593	0.02008	0.03922	0.02009	0.05262	0.01801	0.01377	0.01513	0.04431	0.00643	0.00527	0.00172	0.00762	0.00480	0.00315	0.00874
5	0.02671	0.01051	0.01435	0.01122	0.01580	0.00921	0.00921	0.02923	0.01806	0.65456	0.06995	0.02384	0.01887	0.01041	0.04471	0.00243	0.00595	0.00685	0.00771	0.01041
6	0.00891	0.00692	0.00832	0.00889	0.01072	0.00633	0.00727	0.01123	0.01511	0.01900	0.11340	0.06530	0.38468	0.01668	0.00816	0.00249	0.00435	0.29043	0.00608	0.00572
7	0.01481	0.02837	0.53977	0.02103	0.13380	0.01521	0.02164	0.06508	0.03466	0.04717	0.01282	0.01470	0.00927	0.00632	0.00622	0.00202	0.00884	0.00512	0.00333	0.00981
8	0.01594	0.09094	0.28687	0.06034	0.18831	0.06316	0.05473	0.04465	0.01487	0.05574	0.01291	0.03715	0.01031	0.00673	0.00663	0.00198	0.03052	0.00560	0.00341	0.00922
9	0.02559	0.01379	0.08370	0.01562	0.08747	0.01090	0.04604	0.02882	0.01752	0.56721	0.02232	0.02042	0.01442	0.00749	0.00651	0.00200	0.00634	0.00632	0.00682	0.01068
10	0.00780	0.00655	0.00677	0.00672	0.00883	0.00552	0.00504	0.00959	0.01511	0.01836	0.13676	0.06069	0.65812	0.01603	0.00763	0.00217	0.00325	0.01343	0.00612	0.00552
11	0.01081	0.01590	0.22276	0.03467	0.01679	0.06331	0.01221	0.01406	0.01348	0.01795	0.04220	0.41028	0.04474	0.01437	0.00740	0.00236	0.00623	0.03892	0.00477	0.00678
12	0.01778	0.07193	0.23997	0.01936	0.15663	0.03084	0.01615	0.02341	0.08217	0.18075	0.01700	0.05274	0.01310	0.00761	0.00694	0.00203	0.04125	0.00617	0.00454	0.00962
13	0.01846	0.01823	0.01578	0.01397	0.01641	0.27621	0.01090	0.11164	0.01630	0.05339	0.01375	0.01790	0.01178	0.05036	0.16838	0.00396	0.12932	0.00563	0.04017	0.00746

[dist]
# distance from previous block
# <min> <max>
4	8

[block]
# block no. 4 follows, 34 sequences, length 34
# corresponding to MSA columns:
# 138-171
name=unknown_E
#
# <colnr> <probs for GDERKNQSTAVLIFYWHMCP>
#	G	D	E	R	K	N	Q	S	T	A	V	L	I	F	Y	W	H	M	C	P
0	0.00865	0.00620	0.00738	0.00783	0.00852	0.00585	0.00517	0.00968	0.01227	0.01612	0.10184	0.26598	0.15432	0.31516	0.01781	0.00394	0.00467	0.03847	0.00528	0.00487
1	0.00874	0.00647	0.00815	0.00797	0.00946	0.00588	0.00589	0.01131	0.01696	0.02333	0.53266	0.14028	0.16976	0.01461	0.00770	0.00213	0.00317	0.01284	0.00679	0.00588
2	0.02221	0.01606	0.01727	0.01349	0.01803	0.01763	0.01105	0.59100	0.02781	0.03798	0.06527	0.01866	0.01501	0.00811	0.00634	0.00190	0.00641	0.00624	0.08941	0.01014
3	0.01533	0.01318	0.01394	0.01269	0.01612	0.01512	0.00981	0.03209	0.65804	0.02613	0.02824	0.06387	0.04748	0.00964	0.00670	0.00221	0.00497	0.00811	0.00652	0.00979
4	0.81856	0.01250	0.00950	0.00850	0.01250	0.01449	0.00700	0.01899	0.01100	0.02899	0.00900	0.01050	0.00700	0.00600	0.00400	0.00200	0.00500	0.00350	0.00400	0.00700
5	0.02367	0.01256	0.01528	0.01174	0.01674	0.01175	0.00959	0.16356	0.06565	0.38853	0.02062	0.01917	0.01397	0.00734	0.00610	0.00178	0.00558	0.00587	0.02891	0.17160
6	0.00912	0.00669	0.00877	0.01005	0.01095	0.00660	0.00745	0.01197	0.06436	0.01799	0.03457	0.53457	0.03963	0.01879	0.00830	0.00268	0.00442	0.19126	0.00603	0.00579
7	0.01607	0.01388	0.01461	0.01315	0.01680	0.01607	0.01023	0.03433	0.72094	0.02703	0.02630	0.02411	0.01972	0.00877	0.00657	0.00219	0.00511	0.00731	0.00657	0.01023
8	0.09238	0.01623	0.01709	0.01353	0.01821	0.01801	0.01107	0.50695	0.11742	0.05716	0.01692	0.01682	0.01221	0.00773	0.00616	0.00196	0.00641	0.00584	0.04762	0.01028
9	0.00985	0.00708	0.00824	0.00803	0.00999	0.00642	0.00598	0.01275	0.05306	0.06381	0.24924	0.16114	0.35029	0.01513	0.00760	0.00220	0.00351	0.01302	0.00647	0.00620
10	0.02899	0.01100	0.01499	0.01150	0.01649	0.00950	0.00950	0.03149	0.01849	0.73709	0.02549	0.02199	0.01599	0.00800	0.00650	0.00200	0.00550	0.00650	0.00800	0.01100
11	0.01685	0.01552	0.01497	0.01349	0.01711	0.08686	0.01045	0.03351	0.65289	0.02594	0.02472	0.02290	0.01862	0.00856	0.00650	0.00214	0.00575	0.00700	0.00626	0.00996
12	0.00825	0.00596	0.00781	0.00864	0.00943	0.00551	0.00599	0.00998	0.01425	0.01939	0.24729	0.52383	0.07371	0.01796	0.00803	0.00243	0.00352	0.01616	0.00634	0.00551
13	0.00849	0.00598	0.00776	0.00895	0.00938	0.00572	0.00611	0.00961	0.01206	0.01603	0.03231	0.53475	0.03811	0.17456	0.01339	0.00341	0.00453	0.09822	0.00556	0.00506
14	0.01430	0.01374	0.02355	0.35034	0.36084	0.01501	0.06242	0.01900	0.04139	0.01931	0.01247	0.01694	0.00987	0.00616	0.00651	0.00205	0.00819	0.00593	0.00319	0.00881
15	0.01367	0.16187	0.38913	0.01632	0.02321	0.01570	0.09604	0.03593	0.01390	0.01963	0.01408	0.07886	0.01210	0.00900	0.03669	0.00231	0.00870	0.00619	0.03810	0.00859
16	0.01385	0.01308	0.02191	0.31747	0.36630	0.01460	0.01783	0.01762	0.01340	0.01851	0.01212	0.01715	0.00999	0.00983	0.06798	0.00275	0.04818	0.00584	0.00307	0.00850
17	0.01381	0.01191	0.01450	0.01038	0.01614	0.00925	0.03376	0.03753	0.01398	0.02164	0.01167	0.01361	0.00962	0.00490	0.00494	0.00103	0.00508	0.00403	0.00389	0.75833
18	0.01277	0.04722	0.07812	0.01415	0.01584	0.01517	0.01238	0.04017	0.01137	0.01690	0.01246	0.01820	0.01145	0.02349	0.27432	0.00530	0.35415	0.00594	0.02360	0.00699
19	0.00787	0.00562	0.00750	0.00900	0.00937	0.00525	0.00600	0.00900	0.01237	0.01649	0.03561	0.76871	0.04274	0.02024	0.00825	0.00262	0.00375	0.01837	0.00600	0.00525
20	0.01474	0.01400	0.02340	0.07301	0.60474	0.01404	0.01787	0.01831	0.01455	0.02038	0.01801	0.04286	0.08122	0.00726	0.00658	0.00198	0.00718	0.00690	0.00354	0.00946
21	0.04627	0.05174	0.16994	0.02268	0.23902	0.01582	0.05254	0.16980	0.01754	0.02525	0.01247	0.01468	0.00966	0.00612	0.00601	0.00181	0.00757	0.00522	0.00391	0.12196
22	0.01558	0.01356	0.02099	0.02634	0.36052	0.01471	0.03194	0.07565	0.01492	0.04735	0.01568	0.08763	0.01457	0.00985	0.02535	0.00238	0.15099	0.03518	0.02797	0.00883
23	0.00795	0.00652	0.00701	0.00697	0.00894	0.00557	0.00520	0.00985	0.01534	0.01911	0.19773	0.09105	0.56451	0.01590	0.00766	0.00217	0.00325	0.01346	0.00622	0.00557
24	0.01566	0.01476	0.02467	0.17073	0.57542	0.01537	0.01916	0.04882	0.01505	0.02110	0.01217	0.01620	0.00997	0.00597	0.00641	0.00196	0.00782	0.00576	0.00328	0.00970
25	0.00941	0.00701	0.01000	0.00992	0.01081	0.00807	0.00743	0.01123	0.01017	0.01453	0.01765	0.02840	0.01738	0.19097	0.58404	0.00934	0.03729	0.00738	0.00353	0.00544
26	0.00780	0.00651	0.00680	0.00682	0.00885	0.00551	0.00508	0.00956	0.01499	0.01828	0.13197	0.09243	0.63080	0.01622	0.00766	0.00219	0.00327	0.01365	0.00611	0.00551
27	0.02368	0.01705	0.01848	0.01431	0.01924	0.01871	0.01177	0.62201	0.05231	0.07071	0.05307	0.01778	0.01408	0.00808	0.00653	0.00196	0.00676	0.00620	0.00657	0.01071
28	0.00893	0.00676	0.00715	0.00701	0.00924	0.00570	0.00527	0.01063	0.01494	0.05922	0.08261	0.09580	0.63222	0.01598	0.00760	0.00219	0.00342	0.01341	0.00615	0.00578
29	0.01041	0.00744	0.01041	0.01190	0.01339	0.00744	0.01041	0.01339	0.01487	0.01934	0.03421	0.07288	0.03719	0.01785	0.00892	0.00297	0.00595	0.68913	0.00595	0.00595
30	0.81856	0.01250	0.00950	0.00850	0.01250	0.01449	0.00700	0.01899	0.01100	0.02899	0.00900	0.01050	0.00700	0.00600	0.00400	0.00200	0.00500	0.00350	0.00400	0.00700
31	0.81856	0.01250	0.00950	0.00850	0.01250	0.01449	0.00700	0.01899	0.01100	0.02899	0.00900	0.01050	0.00700	0.00600	0.00400	0.00200	0.00500	0.00350	0.00400	0.00700
32	0.76355	0.01239	0.00988	0.00871	0.01277	0.01415	0.00717	0.01986	0.01152	0.07833	0.01015	0.01130	0.00762	0.00614	0.00417	0.00200	0.00503	0.00371	0.00428	0.00728
33	0.00824	0.00623	0.00701	0.00737	0.00846	0.00565	0.00496	0.00935	0.01278	0.01617	0.07107	0.23625	0.33215	0.22780	0.01482	0.00342	0.00422	0.01359	0.00546	0.00500

[dist]
# distance from previous block
# <min> <max>
0	1

[block]
# block no. 5 follows, 34 sequences, length 59
# corresponding to MSA columns:
# 173-231
name=unknown_F
#
# <colnr> <probs for GDERKNQSTAVLIFYWHMCP>
#	G	D	E	R	K	N	Q	S	T	A	V	L	I	F	Y	W	H	M	C	P
0	0.36413	0.13805	0.09513	0.01204	0.01661	0.12527	0.01098	0.07452	0.01424	0.02408	0.01023	0.01192	0.00816	0.00648	0.00558	0.00188	0.04408	0.00408	0.02469	0.00784
1	0.01032	0.01038	0.09069	0.01039	0.01318	0.00782	0.04460	0.03381	0.01606	0.04115	0.29474	0.18827	0.18584	0.01379	0.00752	0.00219	0.00455	0.01214	0.00598	0.00659
2	0.81856	0.01250	0.00950	0.00850	0.01250	0.01449	0.00700	0.01899	0.01100	0.02899	0.00900	0.01050	0.00700	0.00600	0.00400	0.00200	0.00500	0.00350	0.00400	0.00700
3	0.02414	0.03079	0.01831	0.01665	0.01998	0.74698	0.01248	0.02580	0.01831	0.01581	0.00999	0.01165	0.00832	0.00666	0.00583	0.00166	0.01165	0.00416	0.00333	0.00749
4	0.01392	0.01100	0.01628	0.31576	0.13266	0.01219	0.01333	0.05921	0.04571	0.05460	0.07975	0.02365	0.05456	0.00789	0.00632	0.00199	0.00644	0.00684	0.13009	0.00781
5	0.02414	0.03079	0.01831	0.01665	0.01998	0.74698	0.01248	0.02580	0.01831	0.01581	0.00999	0.01165	0.00832	0.00666	0.00583	0.00166	0.01165	0.00416	0.00333	0.00749
6	0.01514	0.13781	0.11773	0.06351	0.03907	0.03366	0.01162	0.04885	0.01527	0.09516	0.07168	0.02608	0.10155	0.03335	0.00696	0.00194	0.00631	0.03596	0.00455	0.13382
7	0.04549	0.02742	0.01791	0.05471	0.02053	0.61742	0.01254	0.02395	0.01708	0.01623	0.01065	0.03327	0.00927	0.00733	0.00692	0.00181	0.06203	0.00472	0.00337	0.00737
8	0.04962	0.09320	0.11978	0.01732	0.13533	0.08192	0.04283	0.01667	0.01374	0.01883	0.01952	0.23534	0.02024	0.01082	0.00698	0.00213	0.02710	0.03837	0.04272	0.00755
9	0.02378	0.01771	0.01895	0.01471	0.01974	0.01967	0.01209	0.64908	0.09364	0.03947	0.01650	0.01630	0.01179	0.00785	0.00647	0.00196	0.00693	0.00595	0.00647	0.01092
10	0.05829	0.01105	0.01479	0.01138	0.01635	0.00968	0.00940	0.03103	0.01822	0.71082	0.02488	0.02157	0.01566	0.00792	0.00641	0.00200	0.00548	0.00639	0.00785	0.01085
11	0.01296	0.03342	0.73944	0.01842	0.02797	0.01501	0.02387	0.02046	0.01364	0.02046	0.01160	0.01364	0.00818	0.00614	0.00614	0.00205	0.00955	0.00477	0.00273	0.00955
12	0.00940	0.00626	0.00705	0.00705	0.00705	0.00626	0.00392	0.00940	0.00940	0.01253	0.02036	0.04228	0.02349	0.77292	0.03289	0.00626	0.00626	0.00940	0.00392	0.00392
13	0.02414	0.03079	0.01831	0.01665	0.01998	0.74698	0.01248	0.02580	0.01831	0.01581	0.00999	0.01165	0.00832	0.00666	0.00583	0.00166	0.01165	0.00416	0.00333	0.00749
14	0.00933	0.00680	0.00759	0.00726	0.00934	0.00589	0.00543	0.01131	0.01562	0.06086	0.23163	0.05540	0.48531	0.04903	0.00870	0.00232	0.00348	0.01253	0.00631	0.00587
15	0.01115	0.00567	0.00823	0.00823	0.00830	0.00567	0.00546	0.00876	0.00870	0.01186	0.01220	0.02119	0.01219	0.06689	0.02482	0.72862	0.00554	0.00586	0.03766	0.00301
16	0.01053	0.00689	0.00772	0.00740	0.00958	0.00600	0.00558	0.01255	0.01528	0.09361	0.14295	0.10685	0.43759	0.01444	0.00723	0.00211	0.00348	0.01219	0.09185	0.00616
17	0.01727	0.77681	0.03386	0.01106	0.01658	0.02557	0.01106	0.01935	0.01313	0.01520	0.00898	0.01036	0.00829	0.00553	0.00415	0.00138	0.00691	0.00345	0.00276	0.00829
18	0.01410	0.01146	0.01347	0.00966	0.01537	0.00865	0.00774	0.01695	0.01363	0.05319	0.01211	0.01378	0.00986	0.00493	0.00486	0.00100	0.00482	0.00395	0.00402	0.77646
19	0.01499	0.19534	0.07215	0.01744	0.02048	0.02025	0.13416	0.01765	0.01182	0.01667	0.00959	0.01379	0.00865	0.00861	0.01388	0.00233	0.40611	0.00542	0.00288	0.00780
20	0.02867	0.01151	0.01531	0.01174	0.01675	0.01026	0.00970	0.08049	0.01935	0.68688	0.02477	0.02153	0.01563	0.00798	0.00650	0.00199	0.00561	0.00645	0.00789	0.01100
21	0.02899	0.01100	0.01499	0.01150	0.01649	0.00950	0.00950	0.03149	0.01849	0.73709	0.02549	0.02199	0.01599	0.00800	0.00650	0.00200	0.00550	0.00650	0.00800	0.01100
22	0.02146	0.13580	0.04202	0.05046	0.04250	0.48605	0.06183	0.05335	0.01739	0.01745	0.01047	0.01247	0.00860	0.00641	0.00579	0.00171	0.01041	0.00451	0.00334	0.00797
23	0.01276	0.00806	0.00935	0.00854	0.00962	0.00824	0.00562	0.09204	0.01263	0.07637	0.02003	0.03640	0.02094	0.57344	0.07470	0.00568	0.00702	0.00858	0.00452	0.00544
24	0.00816	0.00634	0.00743	0.00764	0.00917	0.00560	0.00555	0.01011	0.01525	0.01983	0.26348	0.23288	0.35271	0.01635	0.00778	0.00225	0.00332	0.01420	0.00634	0.00560
25	0.00866	0.00595	0.00726	0.00799	0.00817	0.00577	0.00492	0.00920	0.01083	0.01444	0.02773	0.39315	0.03279	0.40937	0.02099	0.00451	0.00505	0.01373	0.00492	0.00456
26	0.05048	0.03970	0.03849	0.11214	0.09101	0.03594	0.07916	0.09117	0.19145	0.02323	0.01634	0.03890	0.01312	0.00799	0.00819	0.00214	0.10141	0.00644	0.04398	0.00873
27	0.01744	0.71155	0.03258	0.01155	0.01675	0.05660	0.01125	0.01946	0.01321	0.01524	0.00900	0.01058	0.00830	0.00583	0.00495	0.00146	0.03966	0.00358	0.00279	0.00820
28	0.01473	0.05944	0.11446	0.03571	0.09239	0.01254	0.01206	0.06709	0.05604	0.02224	0.01257	0.01441	0.01004	0.00560	0.00537	0.00140	0.00614	0.00453	0.00387	0.44936
29	0.03749	0.22665	0.17343	0.01195	0.01675	0.04663	0.01195	0.01831	0.05670	0.05220	0.07263	0.07302	0.14228	0.00954	0.00638	0.00193	0.02244	0.00751	0.00437	0.00786
30	0.00817	0.00632	0.00737	0.00771	0.00915	0.00562	0.00556	0.00993	0.01461	0.01881	0.19374	0.24984	0.35375	0.04960	0.00893	0.00247	0.00356	0.03323	0.00614	0.00548
31	0.01880	0.01692	0.02330	0.06871	0.45925	0.08310	0.01711	0.15765	0.01822	0.05532	0.01316	0.01582	0.01037	0.00637	0.00637	0.00192	0.00788	0.00565	0.00405	0.01001
32	0.01843	0.31010	0.02420	0.05534	0.05214	0.12207	0.01210	0.15364	0.03496	0.02107	0.01175	0.01387	0.00982	0.00953	0.05784	0.00231	0.04737	0.00471	0.00377	0.03499
33	0.01549	0.01484	0.02531	0.13552	0.64071	0.01522	0.01958	0.01939	0.01447	0.02049	0.01206	0.01616	0.01002	0.00585	0.00641	0.00195	0.00780	0.00576	0.00315	0.00983
34	0.01162	0.00607	0.00612	0.00612	0.00757	0.00601	0.00450	0.01435	0.01335	0.02295	0.02359	0.02748	0.05811	0.05820	0.00656	0.00186	0.00324	0.00668	0.70980	0.00585
35	0.00782	0.00655	0.00679	0.00673	0.00884	0.00553	0.00505	0.00962	0.01515	0.01846	0.14406	0.06053	0.65076	0.01599	0.00763	0.00216	0.00325	0.01341	0.00613	0.00553
36	0.00817	0.00573	0.00766	0.00888	0.00936	0.00536	0.00599	0.00932	0.01283	0.01727	0.10979	0.65571	0.04325	0.01958	0.00897	0.04013	0.00376	0.01705	0.00597	0.00523
37	0.01309	0.00865	0.01007	0.00927	0.01161	0.00852	0.00705	0.09109	0.07829	0.09151	0.20735	0.16878	0.16248	0.01300	0.00710	0.00211	0.00406	0.01116	0.08762	0.00717
38	0.05809	0.01163	0.01330	0.00974	0.01527	0.00930	0.00780	0.01779	0.04521	0.04832	0.01253	0.01404	0.01012	0.00515	0.00489	0.00111	0.00484	0.00407	0.00412	0.70268
39	0.00796	0.00569	0.00757	0.00894	0.00939	0.00530	0.00600	0.00921	0.01276	0.01711	0.08107	0.72149	0.04393	0.01978	0.00821	0.00259	0.00370	0.01793	0.00607	0.00530
40	0.02113	0.35775	0.02512	0.01420	0.01849	0.43081	0.01186	0.02297	0.01604	0.01555	0.00955	0.01109	0.00831	0.00616	0.00509	0.00154	0.00957	0.00385	0.00308	0.00784
41	0.00794	0.00579	0.00748	0.00867	0.00932	0.00533	0.00589	0.00925	0.01305	0.01727	0.08840	0.64165	0.11752	0.01933	0.00814	0.00253	0.00365	0.01738	0.00608	0.00533
42	0.01607	0.01388	0.01461	0.01315	0.01680	0.01607	0.01023	0.03433	0.72094	0.02703	0.02630	0.02411	0.01972	0.00877	0.00657	0.00219	0.00511	0.00731	0.00657	0.01023
43	0.06247	0.01404	0.01917	0.01645	0.01670	0.01947	0.01371	0.01576	0.00996	0.01636	0.00851	0.01392	0.00839	0.01099	0.02017	0.00278	0.71567	0.00552	0.00290	0.00706
44	0.01582	0.01507	0.02496	0.03460	0.57484	0.01531	0.05970	0.02169	0.11089	0.02185	0.01470	0.01863	0.01219	0.00646	0.00656	0.00200	0.00748	0.02351	0.00373	0.01003
45	0.02641	0.01032	0.01388	0.01084	0.01535	0.00901	0.00888	0.02898	0.01808	0.63588	0.06741	0.02374	0.01874	0.00827	0.00640	0.00196	0.00515	0.00677	0.07363	0.01029
46	0.00816	0.00691	0.00711	0.00714	0.00927	0.00608	0.00532	0.01076	0.05697	0.01795	0.06065	0.11793	0.63086	0.01623	0.00762	0.00222	0.00342	0.01364	0.00603	0.00572
47	0.02838	0.01088	0.01485	0.01151	0.01639	0.00943	0.00953	0.03090	0.01838	0.71370	0.02578	0.02365	0.01669	0.00832	0.00658	0.00203	0.00551	0.02875	0.00793	0.01083
48	0.01632	0.03491	0.01559	0.01402	0.03952	0.03580	0.01061	0.03324	0.66081	0.02622	0.02495	0.02315	0.01881	0.00853	0.00648	0.00215	0.00542	0.00707	0.00628	0.01010
49	0.01661	0.04051	0.17027	0.02369	0.23690	0.03513	0.11138	0.04183	0.03277	0.10456	0.03097	0.01777	0.01221	0.00919	0.05278	0.00251	0.02428	0.00604	0.02127	0.00933
50	0.01652	0.17075	0.22312	0.03765	0.08421	0.06174	0.07613	0.07094	0.05057	0.06363	0.01522	0.03596	0.03016	0.00811	0.02618	0.00214	0.00834	0.00579	0.00383	0.00900
51	0.00845	0.00658	0.00767	0.00740	0.00923	0.00580	0.00555	0.01085	0.01665	0.02202	0.42374	0.05467	0.36887	0.01466	0.00763	0.00210	0.00315	0.01258	0.00660	0.00580
52	0.01349	0.09509	0.12036	0.01541	0.01966	0.09717	0.16336	0.01701	0.01487	0.01887	0.08151	0.10709	0.08143	0.03083	0.00775	0.00226	0.00760	0.09458	0.00434	0.00732
53	0.01589	0.10367	0.20771	0.04587	0.17012	0.07698	0.09015	0.03514	0.01463	0.04614	0.03086	0.04023	0.01168	0.00719	0.00759	0.00202	0.07592	0.00590	0.00345	0.00885
54	0.01544	0.05225	0.08117	0.18576	0.09674	0.12373	0.06440	0.02134	0.12021	0.03523	0.03816	0.04703	0.01574	0.00829	0.00663	0.00210	0.00799	0.06541	0.00414	0.00823
55	0.00845	0.00690	0.00806	0.00856	0.04042	0.00606	0.00596	0.01058	0.01567	0.02006	0.25720	0.08888	0.46989	0.01516	0.00761	0.00215	0.00342	0.01294	0.00621	0.00584
56	0.00920	0.00747	0.01088	0.10206	0.01496	0.00778	0.03801	0.01094	0.01230	0.01629	0.03098	0.42806	0.10161	0.08562	0.05663	0.00332	0.03945	0.01380	0.00501	0.00565
57	0.45096	0.05111	0.05514	0.01102	0.01544	0.09103	0.00953	0.07698	0.01452	0.11817	0.01226	0.01333	0.00914	0.00829	0.03707	0.00230	0.00681	0.00436	0.00449	0.00804
58	0.01761	0.31258	0.09894	0.01512	0.07838	0.12054	0.01275	0.04151	0.08814	0.05272	0.05843	0.01601	0.01348	0.00674	0.00545	0.00169	0.00733	0.00503	0.00394	0.04361

[dist]
# distance from previous block
# <min> <max>
0	5

[block]
# block no. 6 follows, 34 sequences, length 27
# corresponding to MSA columns:
# 237-263
name=unknown_G
#
# <colnr> <probs for GDERKNQSTAVLIFYWHMCP>
#	G	D	E	R	K	N	Q	S	T	A	V	L	I	F	Y	W	H	M	C	P
0	0.17413	0.03353	0.01842	0.05264	0.16891	0.08608	0.02800	0.10836	0.04890	0.03792	0.01239	0.01466	0.00986	0.00684	0.00710	0.00192	0.07960	0.00506	0.02257	0.08311
1	0.02205	0.01798	0.04224	0.01426	0.01900	0.06298	0.01187	0.49853	0.13181	0.03536	0.01702	0.01706	0.01240	0.00777	0.00630	0.00194	0.00691	0.00592	0.05829	0.01029
2	0.02079	0.02428	0.02037	0.02337	0.23924	0.44557	0.01451	0.02485	0.09023	0.01861	0.01235	0.01428	0.01010	0.00660	0.00608	0.00180	0.00975	0.00498	0.00363	0.00862
3	0.00809	0.00607	0.00736	0.00822	0.00920	0.00553	0.00572	0.00945	0.01320	0.01700	0.07269	0.44110	0.24404	0.07777	0.01001	0.00277	0.00388	0.04676	0.00588	0.00527
4	0.01260	0.01189	0.02009	0.68280	0.11602	0.01446	0.01814	0.01685	0.01311	0.01699	0.01155	0.01710	0.00878	0.00639	0.00645	0.00213	0.00852	0.00574	0.00291	0.00750
5	0.01418	0.01543	0.07718	0.27321	0.23359	0.04517	0.07117	0.01878	0.03803	0.01926	0.01319	0.04538	0.01093	0.00660	0.00638	0.00195	0.00802	0.00610	0.00335	0.09209
6	0.00842	0.00602	0.00813	0.00962	0.01024	0.00572	0.00695	0.00995	0.01291	0.01711	0.03531	0.61821	0.04153	0.01973	0.00839	0.00270	0.00422	0.16344	0.00599	0.00540
7	0.00946	0.00657	0.00834	0.00849	0.00897	0.00690	0.00576	0.01041	0.01024	0.01393	0.02094	0.04071	0.02285	0.49069	0.23133	0.00708	0.00934	0.07935	0.00400	0.00465
8	0.01036	0.00827	0.01219	0.01336	0.08611	0.00946	0.00904	0.01234	0.01061	0.01523	0.01660	0.02655	0.01624	0.17240	0.48143	0.00814	0.07504	0.00715	0.00346	0.00600
9	0.06880	0.16151	0.53887	0.01679	0.02514	0.01687	0.04708	0.02018	0.01343	0.02013	0.01102	0.01300	0.00819	0.00600	0.00570	0.00193	0.00883	0.00457	0.00284	0.00912
10	0.00787	0.00562	0.00750	0.00900	0.00937	0.00525	0.00600	0.00900	0.01237	0.01649	0.03561	0.76871	0.04274	0.02024	0.00825	0.00262	0.00375	0.01837	0.00600	0.00525
11	0.00921	0.00618	0.00710	0.00729	0.00733	0.00614	0.00417	0.00935	0.00976	0.01302	0.02225	0.13213	0.02587	0.67983	0.02984	0.00581	0.00595	0.01051	0.00417	0.00408
12	0.01339	0.01248	0.06897	0.01725	0.06800	0.01052	0.21970	0.01691	0.01518	0.09484	0.14160	0.22209	0.04775	0.01129	0.00749	0.00223	0.00661	0.01087	0.00516	0.00767
13	0.00935	0.00646	0.00805	0.00805	0.00840	0.00681	0.00516	0.01004	0.00969	0.01327	0.01944	0.03721	0.02129	0.55550	0.24730	0.00750	0.00958	0.00865	0.00378	0.00447
14	0.00921	0.00618	0.00710	0.00729	0.00733	0.00614	0.00417	0.00935	0.00976	0.01302	0.02225	0.13213	0.02587	0.67983	0.02984	0.00581	0.00595	0.01051	0.00417	0.00408
15	0.24500	0.01497	0.06616	0.03575	0.08522	0.01433	0.05919	0.14280	0.02977	0.19928	0.01549	0.01621	0.01098	0.00805	0.02774	0.00225	0.00691	0.00544	0.00518	0.00928
16	0.01591	0.01496	0.02310	0.05946	0.24762	0.05015	0.10129	0.01885	0.01348	0.06512	0.03233	0.03493	0.01199	0.00843	0.01176	0.00229	0.26991	0.00640	0.00356	0.00849
17	0.01901	0.01289	0.01402	0.01184	0.01558	0.01407	0.00942	0.20253	0.30236	0.12035	0.02231	0.02164	0.01634	0.00814	0.00609	0.00195	0.00522	0.00655	0.18005	0.00961
18	0.00923	0.00692	0.01038	0.01038	0.01154	0.00808	0.00808	0.01154	0.01038	0.01500	0.01731	0.02538	0.01615	0.04846	0.74732	0.01038	0.01731	0.00692	0.00346	0.00577
19	0.01501	0.01795	0.14690	0.12481	0.52745	0.01517	0.02029	0.01953	0.01431	0.02043	0.01198	0.01574	0.00968	0.00591	0.00636	0.00197	0.00811	0.00559	0.00308	0.00974
20	0.06301	0.28757	0.05155	0.10579	0.02131	0.23776	0.01285	0.02125	0.04443	0.01706	0.01039	0.01265	0.00877	0.00668	0.00662	0.00178	0.07513	0.00436	0.00318	0.00787
21	0.01803	0.01500	0.10590	0.01476	0.04306	0.06461	0.08394	0.02212	0.04652	0.23909	0.13552	0.04860	0.05552	0.00955	0.00736	0.00211	0.02863	0.04526	0.00573	0.00868
22	0.01451	0.01763	0.10734	0.02399	0.03003	0.01487	0.55091	0.01915	0.01424	0.01950	0.01269	0.01731	0.00981	0.00762	0.00965	0.10233	0.01010	0.00708	0.00315	0.00807
23	0.67099	0.03672	0.00993	0.00836	0.01181	0.01363	0.00667	0.01757	0.01083	0.02607	0.01070	0.01525	0.00951	0.12086	0.00833	0.00262	0.00525	0.00438	0.00395	0.00658
24	0.01022	0.00721	0.00798	0.00780	0.00825	0.00748	0.00470	0.01248	0.09740	0.01432	0.02109	0.04004	0.02302	0.67841	0.02963	0.00576	0.00612	0.00914	0.00424	0.00470
25	0.01469	0.18891	0.36816	0.01972	0.09673	0.01734	0.11752	0.04023	0.01440	0.01992	0.01325	0.01542	0.03330	0.00626	0.00601	0.00191	0.00869	0.00533	0.00308	0.00913
26	0.01934	0.09848	0.02039	0.05072	0.05554	0.19112	0.03156	0.15823	0.03320	0.06032	0.01324	0.03215	0.01098	0.01059	0.05668	0.00255	0.13667	0.00561	0.00417	0.00845

[dist]
# distance from previous block
# <min> <max>
0	1

[block]
# block no. 7 follows, 34 sequences, length 19
