[name]
unknown

[dist]
# distance from previous block
# <min> <max>
41	115

[block]
# block no. 0 follows, 31 sequences, length 77
# corresponding to MSA columns:
# 164-240
name=unknown_A
#
# <colnr> <probs for GDERKNQSTAVLIFYWHMCP>
#	G	D	E	R	K	N	Q	S	T	A	V	L	I	F	Y	W	H	M	C	P
0	0.04818	0.01651	0.04442	0.08397	0.12206	0.05670	0.08800	0.12869	0.05906	0.20220	0.01759	0.01850	0.01253	0.00724	0.00672	0.00205	0.00775	0.00626	0.00546	0.06610
1	0.07436	0.03706	0.05166	0.04223	0.22369	0.08377	0.06628	0.20111	0.06097	0.05045	0.01464	0.01652	0.01118	0.00701	0.00656	0.00203	0.00819	0.00591	0.00473	0.03166
2	0.09219	0.03817	0.09094	0.04796	0.30594	0.07275	0.01672	0.07018	0.09761	0.02446	0.03789	0.01772	0.01303	0.00728	0.00711	0.00210	0.03791	0.00598	0.00420	0.00983
3	0.04244	0.01625	0.02744	0.12494	0.47660	0.03540	0.11231	0.02121	0.01552	0.04321	0.01318	0.01719	0.01058	0.00625	0.00687	0.00210	0.00867	0.00627	0.00354	0.01005
4	0.01569	0.01590	0.04583	0.10625	0.29600	0.05080	0.03949	0.02071	0.07675	0.02126	0.03944	0.03816	0.01477	0.00833	0.00900	0.00221	0.10775	0.02963	0.00397	0.05806
5	0.01531	0.03873	0.01779	0.05206	0.10068	0.01290	0.07103	0.14678	0.04216	0.04805	0.09392	0.09912	0.18279	0.01138	0.00737	0.00217	0.00615	0.00994	0.00567	0.03599
6	0.06250	0.01375	0.01457	0.01181	0.01655	0.04746	0.00935	0.10365	0.12262	0.04978	0.01851	0.08420	0.01615	0.00834	0.00613	0.00171	0.00577	0.03045	0.00526	0.37141
7	0.00916	0.00661	0.00798	0.00859	0.00997	0.00588	0.00608	0.01081	0.01486	0.04329	0.11835	0.41030	0.28573	0.01874	0.00837	0.00252	0.00378	0.01649	0.00655	0.00594
8	0.01171	0.00594	0.00886	0.00894	0.00896	0.00592	0.00596	0.00894	0.00912	0.01216	0.01316	0.05697	0.01353	0.02365	0.02585	0.76163	0.00584	0.00661	0.00314	0.00310
9	0.01652	0.01396	0.01666	0.01508	0.09652	0.03641	0.01062	0.07931	0.05281	0.04921	0.01467	0.04064	0.01226	0.00671	0.00645	0.00150	0.03606	0.00538	0.00456	0.48467
10	0.01542	0.01533	0.02794	0.27473	0.35104	0.01612	0.15916	0.02001	0.01506	0.02062	0.01283	0.01769	0.01017	0.00628	0.00706	0.00217	0.00917	0.00650	0.00329	0.00942
11	0.00888	0.00674	0.00789	0.00799	0.00945	0.00606	0.00567	0.01079	0.01568	0.02056	0.26650	0.17750	0.30210	0.10962	0.01153	0.00288	0.00387	0.01407	0.00646	0.00575
12	0.01621	0.01552	0.02647	0.16751	0.59698	0.01607	0.02064	0.02037	0.01524	0.02148	0.01274	0.01717	0.01053	0.00623	0.00678	0.00208	0.00831	0.00609	0.00332	0.01026
13	0.02717	0.01798	0.01815	0.01449	0.01947	0.12847	0.01171	0.28039	0.07207	0.30778	0.02050	0.01914	0.01394	0.00821	0.00676	0.00205	0.00746	0.00628	0.00697	0.01100
14	0.01490	0.00796	0.01013	0.00933	0.01098	0.00766	0.00653	0.01612	0.01304	0.19153	0.02600	0.09220	0.05719	0.36763	0.13354	0.00568	0.00790	0.00972	0.00543	0.00652
15	0.01994	0.01521	0.01640	0.01384	0.01813	0.01693	0.01101	0.23350	0.39944	0.07717	0.04948	0.02547	0.05345	0.00946	0.00701	0.00222	0.00591	0.00769	0.00701	0.01073
16	0.01976	0.01620	0.01811	0.01697	0.08081	0.01823	0.01239	0.23608	0.43789	0.03250	0.02303	0.02198	0.01717	0.00867	0.00691	0.00221	0.00630	0.00711	0.00661	0.01108
17	0.00981	0.00657	0.00750	0.00764	0.00768	0.00654	0.00434	0.00991	0.01023	0.01364	0.02299	0.10774	0.02668	0.69413	0.03251	0.00629	0.00640	0.01079	0.00434	0.00427
18	0.01913	0.01539	0.01640	0.01419	0.01840	0.01752	0.01119	0.15477	0.55857	0.05632	0.02576	0.02380	0.01907	0.00906	0.00694	0.00226	0.00581	0.00742	0.00699	0.01100
19	0.01582	0.00817	0.01041	0.00933	0.01150	0.00745	0.00677	0.01763	0.01581	0.22986	0.19602	0.11415	0.07787	0.23031	0.01557	0.00352	0.00509	0.01088	0.00663	0.00720
20	0.02601	0.01916	0.02053	0.01574	0.02122	0.02122	0.01300	0.69408	0.03217	0.04312	0.01643	0.01643	0.01163	0.00821	0.00684	0.00205	0.00753	0.00616	0.00684	0.01163
21	0.65818	0.01301	0.01087	0.00952	0.01364	0.01476	0.00779	0.06449	0.01396	0.05546	0.07298	0.01544	0.01309	0.00722	0.00484	0.00212	0.00528	0.00475	0.00485	0.00775
22	0.08540	0.01013	0.01133	0.01019	0.01323	0.01015	0.00794	0.06593	0.11591	0.13173	0.15110	0.08790	0.19982	0.03571	0.00822	0.00241	0.00474	0.03342	0.00674	0.00801
23	0.00834	0.00595	0.00794	0.00953	0.00992	0.00556	0.00635	0.00953	0.01310	0.01746	0.03771	0.75510	0.04525	0.02143	0.00873	0.00278	0.00397	0.01945	0.00635	0.00556
24	0.00930	0.00698	0.00861	0.00820	0.00998	0.00629	0.00615	0.01216	0.01845	0.02527	0.55757	0.05467	0.22161	0.01479	0.00807	0.00219	0.00329	0.01287	0.00725	0.00629
25	0.00871	0.00682	0.00788	0.00789	0.00969	0.00600	0.00581	0.01091	0.01664	0.02163	0.30135	0.15299	0.38596	0.01665	0.00817	0.00231	0.00345	0.01435	0.00679	0.00600
26	0.73858	0.01376	0.01098	0.00959	0.01394	0.01587	0.00791	0.07985	0.01346	0.03180	0.01014	0.01158	0.00778	0.00652	0.00447	0.00211	0.00549	0.00392	0.00447	0.00778
27	0.11543	0.01248	0.01565	0.01214	0.01733	0.01162	0.01003	0.09046	0.01983	0.58578	0.02414	0.02134	0.01542	0.00821	0.00659	0.00211	0.00591	0.00647	0.00786	0.01118
28	0.01720	0.01125	0.01292	0.01114	0.01443	0.01152	0.00865	0.10764	0.18977	0.15389	0.17999	0.03678	0.12433	0.07764	0.00980	0.00259	0.00512	0.00951	0.00701	0.00884
29	0.73900	0.01309	0.01057	0.00928	0.01361	0.01488	0.00764	0.02128	0.01235	0.09194	0.01107	0.01219	0.00825	0.00654	0.00447	0.00212	0.00534	0.00399	0.00461	0.00778
30	0.00836	0.00653	0.00758	0.00819	0.00963	0.00576	0.00581	0.01002	0.01495	0.01900	0.12389	0.35081	0.36776	0.01868	0.00835	0.00249	0.00365	0.01630	0.00648	0.00576
31	0.02778	0.01632	0.01877	0.01439	0.01980	0.01699	0.01189	0.44386	0.02740	0.30006	0.02043	0.01902	0.01364	0.00831	0.00686	0.00208	0.00688	0.00643	0.00746	0.01164
32	0.35013	0.01196	0.01206	0.01050	0.01439	0.01278	0.00848	0.03994	0.11175	0.17079	0.12072	0.02562	0.04384	0.00914	0.00608	0.00219	0.00515	0.02971	0.00616	0.00862
33	0.00874	0.00680	0.00794	0.00799	0.00972	0.00600	0.00586	0.01096	0.01664	0.02175	0.31074	0.17027	0.35868	0.01670	0.00818	0.00232	0.00345	0.01445	0.00680	0.00600
34	0.00954	0.00699	0.00895	0.00846	0.01013	0.00639	0.00634	0.01264	0.01903	0.02664	0.65619	0.05241	0.12213	0.01428	0.00807	0.00217	0.00325	0.01256	0.00743	0.00639
35	0.00823	0.00656	0.00739	0.00797	0.00953	0.00572	0.00568	0.00981	0.01478	0.01840	0.07908	0.32573	0.43953	0.01877	0.00833	0.00248	0.00365	0.01626	0.00639	0.00572
36	0.00977	0.00733	0.01100	0.01100	0.01222	0.00855	0.00855	0.01222	0.01100	0.01588	0.01833	0.02688	0.01710	0.05131	0.73245	0.01100	0.01833	0.00733	0.00367	0.00611
37	0.00834	0.00595	0.00794	0.00953	0.00992	0.00556	0.00635	0.00953	0.01310	0.01746	0.03771	0.75510	0.04525	0.02143	0.00873	0.00278	0.00397	0.01945	0.00635	0.00556
38	0.00812	0.00681	0.00706	0.00725	0.00933	0.00575	0.00534	0.00978	0.01529	0.01836	0.06540	0.15096	0.63152	0.01783	0.00817	0.00237	0.00353	0.01506	0.00635	0.00575
39	0.17415	0.00815	0.00869	0.00923	0.01096	0.00831	0.00665	0.01343	0.05341	0.02134	0.05927	0.42653	0.14205	0.01671	0.00758	0.00252	0.00422	0.01449	0.00599	0.00631
40	0.02348	0.01665	0.02087	0.01602	0.02106	0.01763	0.09553	0.41880	0.06689	0.13153	0.01872	0.02069	0.01395	0.07461	0.00949	0.00252	0.00758	0.00693	0.00642	0.01063
41	0.01372	0.03539	0.72412	0.01950	0.02961	0.01589	0.02528	0.02167	0.01444	0.02167	0.01228	0.01444	0.00867	0.00650	0.00650	0.00217	0.01011	0.00506	0.00289	0.01011
42	0.00834	0.00595	0.00794	0.00953	0.00992	0.00556	0.00635	0.00953	0.01310	0.01746	0.03771	0.75510	0.04525	0.02143	0.00873	0.00278	0.00397	0.01945	0.00635	0.00556
43	0.00989	0.00661	0.00748	0.00753	0.00755	0.00660	0.00422	0.00993	0.01006	0.01341	0.02212	0.06939	0.02558	0.73398	0.03392	0.00650	0.00654	0.01028	0.00422	0.00419
44	0.02601	0.01916	0.02053	0.01574	0.02122	0.02122	0.01300	0.69408	0.03217	0.04312	0.01643	0.01643	0.01163	0.00821	0.00684	0.00205	0.00753	0.00616	0.00684	0.01163
45	0.01419	0.01216	0.01419	0.01013	0.01621	0.00912	0.00811	0.01723	0.01419	0.02229	0.01216	0.01419	0.01013	0.00507	0.00507	0.00101	0.00507	0.00405	0.00405	0.80139
46	0.02477	0.01855	0.01983	0.01549	0.02074	0.02064	0.01270	0.60337	0.12489	0.04112	0.01800	0.01768	0.01291	0.00836	0.00686	0.00209	0.00724	0.00638	0.00686	0.01152
47	0.80789	0.01323	0.01006	0.00900	0.01323	0.01535	0.00741	0.02011	0.01164	0.03070	0.00953	0.01111	0.00741	0.00635	0.00423	0.00212	0.00529	0.00370	0.00423	0.00741
48	0.01829	0.76368	0.03585	0.01171	0.01756	0.02707	0.01171	0.02049	0.01390	0.01610	0.00951	0.01097	0.00878	0.00585	0.00439	0.00146	0.00732	0.00366	0.00293	0.00878
49	0.01702	0.01470	0.01547	0.01392	0.01779	0.01702	0.01083	0.03635	0.70453	0.02862	0.02785	0.02553	0.02088	0.00928	0.00696	0.00232	0.00541	0.00773	0.00696	0.01083
50	0.01513	0.01645	0.03421	0.20693	0.03772	0.01639	0.49591	0.02049	0.01551	0.02075	0.01433	0.02079	0.01124	0.00657	0.00782	0.00233	0.01072	0.03453	0.00347	0.00870
51	0.00858	0.00656	0.00795	0.00894	0.01020	0.00593	0.00651	0.01022	0.01437	0.01823	0.04941	0.41018	0.29624	0.01957	0.00858	0.00265	0.00407	0.09972	0.00635	0.00573
52	0.00995	0.00663	0.00746	0.00746	0.00746	0.00663	0.00415	0.00995	0.00995	0.01327	0.02156	0.04477	0.02487	0.75957	0.03482	0.00663	0.00663	0.00995	0.00415	0.00415
53	0.02556	0.03261	0.01939	0.01763	0.02115	0.73210	0.01322	0.02732	0.01939	0.01674	0.01058	0.01234	0.00881	0.00705	0.00617	0.00176	0.01234	0.00441	0.00353	0.00793
54	0.01367	0.01337	0.02045	0.70014	0.04558	0.05767	0.01866	0.01806	0.01402	0.01744	0.01207	0.01789	0.00910	0.00685	0.00680	0.00225	0.00931	0.00598	0.00307	0.00762
55	0.02999	0.01277	0.01658	0.01271	0.01803	0.01173	0.01050	0.13256	0.02147	0.61974	0.02540	0.02226	0.01614	0.00843	0.00687	0.00211	0.00608	0.00677	0.00822	0.01164
56	0.00968	0.00699	0.00914	0.00861	0.01022	0.00646	0.00646	0.01291	0.01937	0.02743	0.71328	0.05110	0.06455	0.01399	0.00807	0.00215	0.00323	0.01237	0.00753	0.00646
57	0.02406	0.01819	0.01943	0.01535	0.02047	0.02031	0.01253	0.55141	0.17801	0.03997	0.01890	0.01840	0.01364	0.00844	0.00687	0.00211	0.00707	0.00650	0.00687	0.01146
58	0.01112	0.00864	0.01203	0.01449	0.08684	0.00866	0.01033	0.01484	0.05944	0.02041	0.05934	0.21786	0.08011	0.01883	0.04432	0.00319	0.00620	0.31053	0.00597	0.00686
59	0.01009	0.00767	0.00937	0.00882	0.01074	0.00729	0.00665	0.01452	0.07953	0.02618	0.55484	0.05107	0.15921	0.01408	0.00797	0.00219	0.00346	0.01227	0.00730	0.00674
60	0.01410	0.03272	0.61641	0.02097	0.03058	0.01611	0.13031	0.02171	0.01471	0.02171	0.01252	0.01508	0.00894	0.00638	0.00675	0.00219	0.01034	0.00553	0.00298	0.00997
61	0.10909	0.04707	0.02299	0.02881	0.40097	0.06754	0.01623	0.08294	0.04216	0.07199	0.03654	0.01749	0.01279	0.00690	0.00641	0.00202	0.00761	0.00592	0.00439	0.01014
62	0.01945	0.64750	0.03323	0.01265	0.01813	0.13911	0.01195	0.02157	0.01477	0.01620	0.00968	0.01119	0.00878	0.00604	0.00467	0.00151	0.00811	0.00378	0.00302	0.00864
63	0.01731	0.02166	0.26656	0.02156	0.15401	0.01418	0.07759	0.02348	0.05991	0.12491	0.01566	0.01723	0.01146	0.00659	0.00654	0.00197	0.00810	0.00579	0.00430	0.14118
64	0.01554	0.10467	0.09167	0.01419	0.03877	0.07324	0.03462	0.02278	0.18498	0.04793	0.12761	0.04679	0.09859	0.01000	0.00737	0.00211	0.03136	0.00817	0.00538	0.03424
65	0.02086	0.00993	0.01291	0.01073	0.01436	0.00899	0.00852	0.06202	0.01951	0.37179	0.23939	0.08483	0.08309	0.01166	0.00745	0.00218	0.00483	0.00992	0.00779	0.00922
66	0.01292	0.01216	0.02052	0.74312	0.04712	0.01520	0.01900	0.01748	0.01368	0.01748	0.01216	0.01824	0.00912	0.00684	0.00684	0.00228	0.00912	0.00608	0.00304	0.00760
67	0.04682	0.04787	0.11060	0.03924	0.14672	0.08620	0.08688	0.23948	0.03919	0.06919	0.01479	0.01640	0.01097	0.00712	0.00668	0.00206	0.00864	0.00596	0.00485	0.01034
68	0.00881	0.00644	0.00883	0.01084	0.03427	0.00608	0.00717	0.01024	0.01337	0.01784	0.03676	0.68328	0.04367	0.02074	0.00872	0.00278	0.00427	0.06387	0.00625	0.00579
69	0.00834	0.00595	0.00794	0.00953	0.00992	0.00556	0.00635	0.00953	0.01310	0.01746	0.03771	0.75510	0.04525	0.02143	0.00873	0.00278	0.00397	0.01945	0.00635	0.00556
70	0.01641	0.01853	0.03467	0.05101	0.06616	0.07997	0.51353	0.02129	0.01596	0.02089	0.01470	0.06136	0.01224	0.00706	0.00831	0.00229	0.03496	0.00819	0.00360	0.00886
71	0.01367	0.00726	0.00735	0.00702	0.00888	0.00740	0.00535	0.06265	0.01557	0.02672	0.02191	0.02488	0.01713	0.00799	0.00492	0.00163	0.00349	0.00636	0.74308	0.00674
72	0.02095	0.14766	0.07085	0.01931	0.09026	0.39258	0.03901	0.02359	0.01671	0.01766	0.01115	0.01381	0.00947	0.00916	0.04280	0.00232	0.05607	0.00487	0.00334	0.00844
73	0.01829	0.76368	0.03585	0.01171	0.01756	0.02707	0.01171	0.02049	0.01390	0.01610	0.00951	0.01097	0.00878	0.00585	0.00439	0.00146	0.00732	0.00366	0.00293	0.00878
74	0.16401	0.01706	0.01610	0.04964	0.01926	0.10349	0.01126	0.18126	0.26520	0.02959	0.01845	0.01893	0.01403	0.01061	0.04942	0.00267	0.00766	0.00613	0.00563	0.00960
75	0.08383	0.09827	0.20730	0.01339	0.04070	0.01313	0.01306	0.04609	0.01585	0.10306	0.05345	0.07964	0.18413	0.01060	0.00673	0.00215	0.00646	0.00858	0.00507	0.00851
76	0.01545	0.09623	0.04325	0.04017	0.05990	0.07973	0.04525	0.04586	0.16837	0.02111	0.02203	0.11525	0.04258	0.04381	0.05908	0.00304	0.05562	0.03006	0.00484	0.00837

[dist]
# distance from previous block
# <min> <max>
0	1

[block]
# block no. 1 follows, 31 sequences, length 60
# corresponding to MSA columns:
# 242-271,273-302
name=unknown_B
#
# <colnr> <probs for GDERKNQSTAVLIFYWHMCP>
#	G	D	E	R	K	N	Q	S	T	A	V	L	I	F	Y	W	H	M	C	P
0	0.01810	0.01746	0.02613	0.06656	0.51631	0.06585	0.04630	0.07982	0.05319	0.02384	0.01381	0.01714	0.01120	0.00653	0.00680	0.00205	0.00840	0.00615	0.00387	0.01050
1	0.01372	0.03539	0.72412	0.01950	0.02961	0.01589	0.02528	0.02167	0.01444	0.02167	0.01228	0.01444	0.00867	0.00650	0.00650	0.00217	0.01011	0.00506	0.00289	0.01011
2	0.01333	0.01258	0.02126	0.67107	0.11595	0.01531	0.01921	0.01784	0.01387	0.01798	0.01223	0.01811	0.00930	0.00676	0.00683	0.00225	0.00902	0.00608	0.00308	0.00793
3	0.00837	0.00602	0.00794	0.00942	0.00991	0.00559	0.00632	0.00964	0.01336	0.01779	0.05886	0.71278	0.06649	0.02108	0.00869	0.00275	0.00393	0.01908	0.00639	0.00559
4	0.01693	0.01626	0.02777	0.04199	0.71689	0.01626	0.02100	0.02100	0.01558	0.02235	0.01287	0.01693	0.01084	0.00610	0.00677	0.00203	0.00813	0.00610	0.00339	0.01084
5	0.03070	0.01164	0.01588	0.01217	0.01746	0.01006	0.01006	0.03334	0.01958	0.72163	0.02699	0.02329	0.01694	0.00847	0.00688	0.00212	0.00582	0.00688	0.00847	0.01164
6	0.00979	0.00728	0.01072	0.01072	0.01185	0.00840	0.00821	0.01204	0.01091	0.01568	0.01858	0.02827	0.01771	0.10636	0.67823	0.01066	0.01742	0.00753	0.00370	0.00596
7	0.80789	0.01323	0.01006	0.00900	0.01323	0.01535	0.00741	0.02011	0.01164	0.03070	0.00953	0.01111	0.00741	0.00635	0.00423	0.00212	0.00529	0.00370	0.00423	0.00741
8	0.01527	0.13554	0.57448	0.01828	0.02729	0.07310	0.02247	0.02194	0.01475	0.02052	0.01176	0.01380	0.00869	0.00645	0.00618	0.00204	0.00990	0.00481	0.00294	0.00976
9	0.01289	0.00925	0.01096	0.01086	0.01286	0.00934	0.00809	0.12684	0.06646	0.04922	0.03696	0.41840	0.12130	0.01718	0.00819	0.00257	0.00483	0.05999	0.00655	0.00725
10	0.00895	0.00657	0.00785	0.00826	0.00923	0.00612	0.00558	0.01031	0.01379	0.01812	0.14600	0.27178	0.20326	0.21330	0.03664	0.00382	0.00485	0.01429	0.00588	0.00540
11	0.08530	0.01432	0.01550	0.01363	0.01733	0.01653	0.01078	0.03211	0.51147	0.06724	0.02379	0.02269	0.01793	0.00907	0.00813	0.00230	0.07629	0.00702	0.00632	0.04224
12	0.09318	0.26647	0.02411	0.04144	0.01956	0.13935	0.01239	0.13874	0.07101	0.02330	0.01234	0.01405	0.01013	0.00756	0.00760	0.00196	0.09878	0.00491	0.00415	0.00896
13	0.01829	0.76368	0.03585	0.01171	0.01756	0.02707	0.01171	0.02049	0.01390	0.01610	0.00951	0.01097	0.00878	0.00585	0.00439	0.00146	0.00732	0.00366	0.00293	0.00878
14	0.01484	0.01412	0.02399	0.40775	0.36749	0.01570	0.01995	0.01916	0.01459	0.01981	0.01250	0.01761	0.00994	0.00648	0.00681	0.00216	0.00865	0.00609	0.00321	0.00915
15	0.01188	0.00594	0.00891	0.00891	0.00891	0.00594	0.00594	0.00891	0.00891	0.01188	0.01188	0.02080	0.01188	0.02377	0.02674	0.80095	0.00594	0.00594	0.00297	0.00297
16	0.01702	0.01470	0.01547	0.01392	0.01779	0.01702	0.01083	0.03635	0.70453	0.02862	0.02785	0.02553	0.02088	0.00928	0.00696	0.00232	0.00541	0.00773	0.00696	0.01083
17	0.01292	0.01216	0.02052	0.74312	0.04712	0.01520	0.01900	0.01748	0.01368	0.01748	0.01216	0.01824	0.00912	0.00684	0.00684	0.00228	0.00912	0.00608	0.00304	0.00760
18	0.02556	0.03261	0.01939	0.01763	0.02115	0.73210	0.01322	0.02732	0.01939	0.01674	0.01058	0.01234	0.00881	0.00705	0.00617	0.00176	0.01234	0.00441	0.00353	0.00793
19	0.01292	0.01216	0.02052	0.74312	0.04712	0.01520	0.01900	0.01748	0.01368	0.01748	0.01216	0.01824	0.00912	0.00684	0.00684	0.00228	0.00912	0.00608	0.00304	0.00760
20	0.01419	0.01216	0.01419	0.01013	0.01621	0.00912	0.00811	0.01723	0.01419	0.02229	0.01216	0.01419	0.01013	0.00507	0.00507	0.00101	0.00507	0.00405	0.00405	0.80139
21	0.00984	0.00730	0.00762	0.00734	0.00988	0.00611	0.00557	0.01164	0.01590	0.07302	0.06602	0.06254	0.66004	0.01664	0.00799	0.00230	0.00365	0.01385	0.00652	0.00623
22	0.01797	0.01266	0.01499	0.01350	0.04621	0.01330	0.01020	0.21689	0.13726	0.09769	0.26365	0.05064	0.03378	0.01098	0.00742	0.00219	0.00541	0.02883	0.00708	0.00935
23	0.02601	0.01916	0.02053	0.01574	0.02122	0.02122	0.01300	0.69408	0.03217	0.04312	0.01643	0.01643	0.01163	0.00821	0.00684	0.00205	0.00753	0.00616	0.00684	0.01163
24	0.01728	0.01560	0.01954	0.07518	0.10448	0.03789	0.06561	0.07607	0.43044	0.02710	0.04152	0.02309	0.01819	0.00843	0.00702	0.00224	0.00679	0.00736	0.00587	0.01030
25	0.01504	0.01437	0.02441	0.36789	0.36380	0.01582	0.03986	0.01983	0.03464	0.02025	0.01300	0.01784	0.01031	0.00653	0.00685	0.00216	0.00861	0.00619	0.00333	0.00928
26	0.01489	0.01418	0.02409	0.39803	0.37678	0.01572	0.01998	0.01921	0.01461	0.01988	0.01251	0.01760	0.00996	0.00647	0.00681	0.00216	0.00863	0.00609	0.00321	0.00919
27	0.00846	0.00664	0.00761	0.00810	0.00964	0.00585	0.00582	0.01017	0.01504	0.01903	0.12630	0.28743	0.39261	0.03801	0.00904	0.00258	0.00376	0.03174	0.00642	0.00575
28	0.12764	0.62790	0.06220	0.01167	0.01748	0.02496	0.01170	0.02049	0.01361	0.01836	0.00963	0.01114	0.00858	0.00595	0.00446	0.00158	0.00716	0.00373	0.00311	0.00865
29	0.01752	0.01526	0.02569	0.14228	0.55868	0.01557	0.01977	0.02154	0.01564	0.08159	0.01398	0.01767	0.01111	0.00641	0.00679	0.00208	0.00808	0.00616	0.00377	0.01043
30	0.01819	0.23180	0.21669	0.01590	0.02209	0.11298	0.04299	0.12187	0.03728	0.02231	0.01301	0.01520	0.01041	0.01109	0.07722	0.00278	0.00997	0.00517	0.00379	0.00927
31	0.80789	0.01323	0.01006	0.00900	0.01323	0.01535	0.00741	0.02011	0.01164	0.03070	0.00953	0.01111	0.00741	0.00635	0.00423	0.00212	0.00529	0.00370	0.00423	0.00741
32	0.01551	0.01487	0.02296	0.23504	0.34998	0.04134	0.01820	0.03533	0.01512	0.02061	0.03409	0.02074	0.03064	0.00790	0.00865	0.00224	0.09005	0.02403	0.00360	0.00908
33	0.01612	0.02272	0.34570	0.01540	0.02191	0.01384	0.01672	0.07522	0.11618	0.09912	0.08657	0.07859	0.02006	0.00917	0.00691	0.00220	0.00743	0.00759	0.02888	0.00968
34	0.01497	0.01497	0.02095	0.01796	0.01796	0.02095	0.01497	0.01646	0.01048	0.01646	0.00898	0.01497	0.00898	0.01197	0.02245	0.00299	0.74704	0.00599	0.00299	0.00748
35	0.01227	0.01022	0.01427	0.01308	0.01387	0.01315	0.01054	0.01445	0.01128	0.01752	0.01521	0.02196	0.01395	0.02938	0.34456	0.00645	0.30492	0.00666	0.11959	0.00669
36	0.01099	0.00783	0.00992	0.00968	0.01063	0.00844	0.00677	0.06388	0.01235	0.01697	0.02119	0.09349	0.02241	0.35850	0.30875	0.00770	0.01115	0.00939	0.00434	0.00562
37	0.01042	0.00744	0.01033	0.01190	0.01321	0.00735	0.00997	0.01312	0.01515	0.01979	0.03656	0.23066	0.04070	0.01947	0.00929	0.00307	0.00577	0.52336	0.00631	0.00613
38	0.01343	0.01262	0.02127	0.59216	0.16170	0.01500	0.01884	0.01777	0.01399	0.01832	0.01331	0.04760	0.01087	0.00730	0.00690	0.00226	0.00874	0.00662	0.00323	0.00808
39	0.00995	0.00663	0.00746	0.00746	0.00746	0.00663	0.00415	0.00995	0.00995	0.01327	0.02156	0.04477	0.02487	0.75957	0.03482	0.00663	0.00663	0.00995	0.00415	0.00415
40	0.01568	0.01619	0.02081	0.05570	0.01973	0.07582	0.01504	0.01736	0.01134	0.01654	0.00927	0.01493	0.00897	0.01132	0.02038	0.00286	0.65162	0.00587	0.00304	0.00752
41	0.00992	0.00701	0.00886	0.00854	0.01025	0.00636	0.00635	0.01267	0.01807	0.04633	0.51275	0.12848	0.16851	0.01517	0.00811	0.00224	0.00343	0.01331	0.00724	0.00641
42	0.01391	0.03407	0.67097	0.02023	0.03009	0.01600	0.07711	0.02169	0.01458	0.02169	0.01240	0.01476	0.00880	0.00644	0.00662	0.00218	0.01022	0.00529	0.00293	0.01004
43	0.02558	0.01895	0.02029	0.01565	0.02105	0.02102	0.01290	0.66283	0.06411	0.04243	0.01697	0.01686	0.01207	0.00826	0.00685	0.00207	0.00743	0.00623	0.00685	0.01160
44	0.08574	0.01637	0.02509	0.05363	0.57356	0.04695	0.01887	0.02175	0.01557	0.05913	0.01320	0.01660	0.01073	0.00630	0.00654	0.00204	0.00797	0.00586	0.00372	0.01038
45	0.01798	0.01713	0.05657	0.09450	0.38993	0.03579	0.16586	0.02240	0.01602	0.09545	0.01442	0.01782	0.01109	0.00638	0.00705	0.00212	0.00891	0.00652	0.00389	0.01018
46	0.01621	0.01542	0.02618	0.10036	0.62266	0.01565	0.02007	0.02027	0.01561	0.02220	0.04929	0.01882	0.01349	0.00657	0.00685	0.00206	0.00796	0.00642	0.00357	0.01033
47	0.01010	0.00852	0.01210	0.24660	0.02223	0.00904	0.01060	0.01286	0.01465	0.01862	0.07401	0.19893	0.23610	0.01481	0.00797	0.00248	0.00570	0.08292	0.00534	0.00641
48	0.56614	0.01274	0.01187	0.00998	0.01455	0.01370	0.00823	0.02423	0.01411	0.24561	0.01496	0.01490	0.01037	0.00701	0.00506	0.00212	0.00546	0.00469	0.00555	0.00873
49	0.00863	0.00624	0.00818	0.00931	0.01005	0.00579	0.00643	0.01026	0.01441	0.01936	0.15911	0.57715	0.08346	0.01983	0.00860	0.00265	0.00387	0.03438	0.00656	0.00575
50	0.01045	0.00718	0.00930	0.00866	0.01046	0.00656	0.00653	0.01357	0.01917	0.05503	0.65081	0.05077	0.09763	0.01394	0.00802	0.00216	0.00335	0.01226	0.00751	0.00663
51	0.01658	0.01553	0.02066	0.01748	0.01840	0.02082	0.01452	0.11072	0.04364	0.02067	0.01083	0.01563	0.00986	0.01134	0.01963	0.00283	0.61288	0.00609	0.00370	0.00820
52	0.00902	0.00655	0.00799	0.00841	0.00973	0.00596	0.00601	0.01114	0.01581	0.02151	0.26487	0.31612	0.20364	0.01713	0.00810	0.00238	0.00356	0.01508	0.06104	0.00596
53	0.01372	0.03539	0.72412	0.01950	0.02961	0.01589	0.02528	0.02167	0.01444	0.02167	0.01228	0.01444	0.00867	0.00650	0.00650	0.00217	0.01011	0.00506	0.00289	0.01011
54	0.02963	0.01188	0.01585	0.01231	0.01749	0.01060	0.01012	0.03358	0.07282	0.66776	0.02706	0.02346	0.01724	0.00853	0.00689	0.00213	0.00579	0.00695	0.00835	0.01158
55	0.01319	0.01130	0.01836	0.17113	0.17800	0.01146	0.07109	0.01690	0.01662	0.05056	0.24692	0.03444	0.11120	0.01020	0.00748	0.00218	0.00640	0.00931	0.00522	0.00804
56	0.01483	0.17110	0.47864	0.05676	0.02892	0.01814	0.09806	0.02125	0.01449	0.02041	0.01192	0.01444	0.00891	0.00631	0.00629	0.00205	0.00969	0.00519	0.00297	0.00963
57	0.02468	0.01874	0.02159	0.01958	0.12304	0.02049	0.01417	0.59556	0.02974	0.04008	0.01590	0.01650	0.01152	0.00790	0.00683	0.00205	0.00762	0.00615	0.00634	0.01152
58	0.01754	0.36969	0.16284	0.02016	0.12466	0.07700	0.09917	0.02149	0.01495	0.01882	0.01113	0.01352	0.00926	0.00609	0.00572	0.00180	0.00887	0.00488	0.00310	0.00932
59	0.04519	0.10838	0.10705	0.02600	0.26454	0.09508	0.11271	0.02200	0.05296	0.02188	0.06725	0.01856	0.01464	0.00696	0.00660	0.00202	0.00858	0.00627	0.00384	0.00950

[dist]
# distance from previous block
# <min> <max>
0	6

[block]
# block no. 2 follows, 31 sequences, length 28
# corresponding to MSA columns:
# 313-337,343-345
name=unknown_C
#
# <colnr> <probs for GDERKNQSTAVLIFYWHMCP>
#	G	D	E	R	K	N	Q	S	T	A	V	L	I	F	Y	W	H	M	C	P
0	0.02270	0.02255	0.01958	0.09342	0.04407	0.29162	0.01355	0.27390	0.02246	0.02664	0.01355	0.01662	0.01089	0.05088	0.00898	0.00228	0.04677	0.00569	0.00472	0.00913
1	0.01057	0.00788	0.01126	0.01113	0.01252	0.00901	0.00861	0.05111	0.01240	0.01759	0.01998	0.09242	0.01935	0.04612	0.62507	0.00974	0.01640	0.00836	0.00409	0.00638
2	0.01534	0.01582	0.03030	0.05007	0.15757	0.01553	0.37616	0.02184	0.09743	0.02245	0.04404	0.08715	0.01690	0.00802	0.00772	0.00229	0.00909	0.00880	0.00427	0.00923
3	0.01402	0.01194	0.01402	0.01026	0.01611	0.00905	0.00826	0.01707	0.01427	0.02220	0.01342	0.01747	0.01166	0.00579	0.00530	0.00112	0.00513	0.03884	0.00417	0.75991
4	0.01832	0.56359	0.12798	0.01401	0.02038	0.05327	0.05260	0.02150	0.01454	0.04403	0.01084	0.01240	0.00917	0.00608	0.00505	0.00164	0.00809	0.00425	0.00319	0.00906
5	0.00960	0.00657	0.00756	0.00777	0.00802	0.00642	0.00461	0.00999	0.01108	0.01470	0.05290	0.14732	0.06884	0.58355	0.02856	0.00567	0.00594	0.01165	0.00471	0.00453
6	0.01083	0.00886	0.01058	0.01113	0.05279	0.00871	0.00772	0.01644	0.14673	0.02337	0.26002	0.12618	0.26140	0.01453	0.00786	0.00230	0.00409	0.01257	0.00667	0.00722
7	0.02432	0.01977	0.02128	0.06119	0.02343	0.08581	0.04874	0.53213	0.05363	0.03748	0.01591	0.01660	0.01149	0.00793	0.00685	0.00206	0.00820	0.00615	0.00613	0.01089
8	0.01023	0.00732	0.01007	0.01137	0.01268	0.00716	0.00935	0.01294	0.01562	0.02071	0.12618	0.22922	0.04405	0.01883	0.00910	0.00293	0.00536	0.43427	0.00647	0.00615
9	0.00977	0.00733	0.01100	0.01100	0.01222	0.00855	0.00855	0.01222	0.01100	0.01588	0.01833	0.02688	0.01710	0.05131	0.73245	0.01100	0.01833	0.00733	0.00367	0.00611
10	0.00901	0.00676	0.00844	0.00910	0.01048	0.00619	0.00680	0.01113	0.01566	0.02057	0.20607	0.29998	0.22547	0.01819	0.00852	0.00256	0.00403	0.11846	0.00662	0.00594
11	0.01829	0.76368	0.03585	0.01171	0.01756	0.02707	0.01171	0.02049	0.01390	0.01610	0.00951	0.01097	0.00878	0.00585	0.00439	0.00146	0.00732	0.00366	0.00293	0.00878
12	0.00909	0.00697	0.00832	0.00798	0.00985	0.00620	0.00598	0.01175	0.01795	0.02409	0.47238	0.05662	0.30754	0.01524	0.00808	0.00221	0.00332	0.01315	0.00709	0.00620
13	0.01618	0.01296	0.01594	0.01352	0.08025	0.01062	0.00971	0.06309	0.01581	0.06473	0.01338	0.01512	0.01070	0.00557	0.00545	0.00124	0.00555	0.00454	0.00444	0.63121
14	0.80789	0.01323	0.01006	0.00900	0.01323	0.01535	0.00741	0.02011	0.01164	0.03070	0.00953	0.01111	0.00741	0.00635	0.00423	0.00212	0.00529	0.00370	0.00423	0.00741
15	0.01397	0.03226	0.61234	0.01971	0.02849	0.01655	0.05213	0.02106	0.01405	0.02106	0.01195	0.01467	0.00878	0.00712	0.00845	0.00227	0.09715	0.00529	0.00293	0.00976
16	0.01699	0.01783	0.07454	0.03827	0.58088	0.01652	0.08432	0.04671	0.01619	0.02305	0.01306	0.01689	0.01068	0.00617	0.00688	0.00207	0.00856	0.00622	0.00349	0.01067
17	0.01292	0.01216	0.02052	0.74312	0.04712	0.01520	0.01900	0.01748	0.01368	0.01748	0.01216	0.01824	0.00912	0.00684	0.00684	0.00228	0.00912	0.00608	0.00304	0.00760
18	0.01112	0.00924	0.01328	0.01251	0.01333	0.01160	0.00986	0.01313	0.01078	0.01583	0.01617	0.02520	0.01562	0.09616	0.49554	0.00860	0.20500	0.00719	0.00353	0.00631
19	0.00979	0.00727	0.01067	0.01067	0.01178	0.00838	0.00815	0.01201	0.01090	0.01564	0.01862	0.02850	0.01781	0.11564	0.66909	0.01060	0.01726	0.00757	0.00371	0.00593
20	0.00856	0.00619	0.00773	0.00886	0.00945	0.00575	0.00585	0.00963	0.01293	0.01694	0.03934	0.55298	0.13025	0.13649	0.01273	0.00332	0.00432	0.01730	0.00601	0.00536
21	0.00831	0.00694	0.00725	0.00717	0.00938	0.00587	0.00538	0.01026	0.01613	0.01976	0.16127	0.06374	0.62135	0.01685	0.00808	0.00229	0.00343	0.01414	0.00652	0.00587
22	0.01625	0.01555	0.02653	0.16211	0.60215	0.01607	0.02065	0.02039	0.01525	0.02152	0.01275	0.01716	0.01054	0.00622	0.00678	0.00207	0.00830	0.00609	0.00333	0.01028
23	0.01497	0.01262	0.01460	0.01050	0.01654	0.00992	0.00843	0.06180	0.01537	0.02366	0.01244	0.01433	0.01023	0.00527	0.00518	0.00108	0.00523	0.00419	0.00424	0.74938
24	0.01610	0.01749	0.07250	0.10820	0.43293	0.01648	0.17488	0.02078	0.01532	0.02157	0.01289	0.01721	0.01038	0.00627	0.00745	0.00215	0.02759	0.00648	0.00333	0.01001
25	0.01034	0.00729	0.00933	0.00952	0.01121	0.00645	0.00685	0.01228	0.01484	0.04964	0.15409	0.44514	0.07892	0.01719	0.00806	0.00240	0.00411	0.03870	0.00635	0.10728
26	0.06699	0.01738	0.01914	0.04923	0.14776	0.13565	0.01341	0.13286	0.01837	0.11760	0.01590	0.06483	0.01319	0.00851	0.00818	0.00208	0.08483	0.00649	0.00490	0.07269
27	0.01409	0.01248	0.01969	0.03861	0.12572	0.01208	0.14750	0.05366	0.07252	0.04234	0.14999	0.06123	0.15430	0.01050	0.00751	0.00216	0.00646	0.00971	0.00543	0.05403

[dist]
# distance from previous block
# <min> <max>
0	1

[block]
# block no. 3 follows, 31 sequences, length 15
# corresponding to MSA columns:
# 347,348,353-358,360-366
name=unknown_D
#
# <colnr> <probs for GDERKNQSTAVLIFYWHMCP>
#	G	D	E	R	K	N	Q	S	T	A	V	L	I	F	Y	W	H	M	C	P
0	0.01632	0.01057	0.01266	0.01050	0.01411	0.00990	0.00828	0.10640	0.05776	0.14678	0.29558	0.03635	0.10528	0.01102	0.00719	0.00199	0.00465	0.00932	0.00692	0.12840
1	0.01667	0.04434	0.02511	0.24074	0.33541	0.10257	0.06134	0.02060	0.01539	0.01999	0.01229	0.01651	0.00995	0.00635	0.00664	0.00202	0.00897	0.00583	0.00332	0.04595
2	0.01730	0.01341	0.01575	0.04521	0.01864	0.01168	0.00963	0.14226	0.01779	0.06845	0.01384	0.01534	0.01078	0.00593	0.00558	0.00133	0.00575	0.00471	0.00479	0.57185
3	0.01807	0.01674	0.02482	0.07969	0.49111	0.04150	0.01854	0.10330	0.09224	0.02501	0.01479	0.01773	0.01184	0.00677	0.00679	0.00207	0.00797	0.00622	0.00417	0.01063
4	0.69474	0.01409	0.01157	0.00997	0.01439	0.01620	0.00822	0.11765	0.01461	0.03249	0.01052	0.01188	0.00802	0.00662	0.00461	0.00211	0.00562	0.00406	0.00461	0.00802
5	0.00968	0.00668	0.00738	0.00738	0.00772	0.00651	0.00430	0.00993	0.01077	0.01402	0.02847	0.04782	0.12462	0.65215	0.03095	0.00601	0.00617	0.01060	0.00446	0.00438
6	0.00857	0.00605	0.00787	0.00923	0.00957	0.00571	0.00603	0.00959	0.01264	0.01686	0.03537	0.65230	0.04230	0.12825	0.01251	0.00334	0.00435	0.01807	0.00603	0.00535
7	0.80789	0.01323	0.01006	0.00900	0.01323	0.01535	0.00741	0.02011	0.01164	0.03070	0.00953	0.01111	0.00741	0.00635	0.00423	0.00212	0.00529	0.00370	0.00423	0.00741
8	0.00928	0.00684	0.00820	0.00802	0.00939	0.00628	0.00567	0.01136	0.01614	0.02177	0.37663	0.09389	0.20997	0.17067	0.01369	0.00316	0.00404	0.01277	0.00648	0.00576
9	0.02172	0.02561	0.01959	0.10453	0.02397	0.46656	0.03663	0.04852	0.01801	0.01877	0.01127	0.01377	0.00920	0.00690	0.00672	0.00179	0.03511	0.00480	0.00364	0.12288
10	0.01188	0.00594	0.00891	0.00891	0.00891	0.00594	0.00594	0.00891	0.00891	0.01188	0.01188	0.02080	0.01188	0.02377	0.02674	0.80095	0.00594	0.00594	0.00297	0.00297
11	0.80789	0.01323	0.01006	0.00900	0.01323	0.01535	0.00741	0.02011	0.01164	0.03070	0.00953	0.01111	0.00741	0.00635	0.00423	0.00212	0.00529	0.00370	0.00423	0.00741
12	0.01711	0.01389	0.01575	0.01152	0.01745	0.01211	0.00932	0.18436	0.01863	0.02743	0.01321	0.01474	0.01050	0.00584	0.00551	0.00127	0.00567	0.00457	0.00474	0.60638
13	0.01479	0.01406	0.02389	0.41700	0.35865	0.01569	0.01993	0.01912	0.01456	0.01975	0.01249	0.01763	0.00992	0.00649	0.00681	0.00216	0.00866	0.00609	0.00320	0.00911
14	0.01599	0.01513	0.02481	0.20500	0.48786	0.01608	0.01950	0.02172	0.08470	0.02183	0.01421	0.01811	0.01145	0.00659	0.00681	0.00212	0.00809	0.00626	0.00367	0.01007

[dist]
# distance from previous block
# <min> <max>
0	3

# created by:
# /home/berkeley/.conda/envs/busco_data_prod/bin/msa2prfl.pl pipeline/OGs_align_augustus/4893/21513.fs
