[name]
unknown

[dist]
# distance from previous block
# <min> <max>
0	34

[block]
# block no. 0 follows, 34 sequences, length 46
# corresponding to MSA columns:
# 35-80
name=unknown_A
#
# <colnr> <probs for GDERKNQSTAVLIFYWHMCP>
#	G	D	E	R	K	N	Q	S	T	A	V	L	I	F	Y	W	H	M	C	P
0	0.01513	0.01105	0.01560	0.01310	0.01638	0.01097	0.09847	0.08528	0.10221	0.10881	0.12441	0.10693	0.02695	0.05089	0.00889	0.00240	0.02274	0.10284	0.00580	0.07113
1	0.01112	0.00763	0.00882	0.00844	0.01067	0.00696	0.00645	0.05859	0.01624	0.08639	0.14342	0.16695	0.37823	0.01528	0.00762	0.00224	0.00392	0.04826	0.00637	0.00641
2	0.01873	0.65598	0.03127	0.01144	0.01690	0.02399	0.01106	0.08386	0.01507	0.06559	0.01068	0.01161	0.00905	0.00590	0.00452	0.00147	0.00683	0.00387	0.00345	0.00872
3	0.01599	0.01535	0.02623	0.03966	0.73262	0.01535	0.01983	0.01983	0.01471	0.02111	0.01215	0.01599	0.01023	0.00576	0.00640	0.00192	0.00768	0.00576	0.00320	0.01023
4	0.00924	0.00690	0.01028	0.01028	0.01139	0.00802	0.00794	0.01147	0.01035	0.01492	0.01741	0.02593	0.01639	0.07173	0.72437	0.01025	0.01695	0.00700	0.00348	0.00571
5	0.02633	0.04676	0.05229	0.01251	0.01777	0.03058	0.01080	0.15461	0.02006	0.50505	0.02149	0.01940	0.01399	0.00763	0.00631	0.00193	0.00619	0.00602	0.00700	0.03329
6	0.01100	0.00857	0.01303	0.13927	0.04039	0.00880	0.05510	0.05011	0.01392	0.04366	0.02784	0.50057	0.03108	0.01536	0.00769	0.00243	0.00541	0.01402	0.00529	0.00647
7	0.00970	0.00721	0.01029	0.01010	0.01090	0.00839	0.00758	0.01124	0.01006	0.01438	0.01695	0.02744	0.01673	0.17808	0.52833	0.05244	0.06413	0.00722	0.00347	0.00535
8	0.00914	0.00660	0.00864	0.00813	0.00965	0.00610	0.00610	0.01219	0.01829	0.02591	0.72921	0.04827	0.06097	0.01321	0.00762	0.00203	0.00305	0.01169	0.00711	0.00610
9	0.01340	0.01148	0.01340	0.00957	0.01531	0.00861	0.00766	0.01627	0.01340	0.02105	0.01148	0.01340	0.00957	0.00479	0.00479	0.00096	0.00479	0.00383	0.00383	0.81242
10	0.01767	0.01638	0.02332	0.03052	0.46636	0.05442	0.03258	0.12338	0.12470	0.02459	0.01471	0.01696	0.01168	0.00655	0.00643	0.00196	0.00748	0.00596	0.00420	0.01017
11	0.01976	0.05606	0.09254	0.01514	0.03564	0.06760	0.01298	0.32813	0.15354	0.02989	0.01608	0.01674	0.01208	0.00782	0.00735	0.00200	0.06632	0.00576	0.04482	0.00976
12	0.75654	0.01238	0.00993	0.00873	0.01281	0.01410	0.00719	0.01997	0.01159	0.08461	0.01029	0.01140	0.00770	0.00615	0.00419	0.00200	0.00504	0.00373	0.00431	0.00731
13	0.01239	0.00945	0.01109	0.00993	0.01229	0.00981	0.00762	0.09789	0.16656	0.02752	0.48087	0.03925	0.04556	0.03129	0.00792	0.00216	0.00404	0.01003	0.00684	0.00747
14	0.00940	0.00626	0.00705	0.00705	0.00705	0.00626	0.00392	0.00940	0.00940	0.01253	0.02036	0.04228	0.02349	0.77292	0.03289	0.00626	0.00626	0.00940	0.00392	0.00392
15	0.01340	0.01148	0.01340	0.00957	0.01531	0.00861	0.00766	0.01627	0.01340	0.02105	0.01148	0.01340	0.00957	0.00479	0.00479	0.00096	0.00479	0.00383	0.00383	0.81242
16	0.01445	0.01377	0.02383	0.05136	0.53478	0.01368	0.07386	0.01797	0.01431	0.02017	0.01622	0.14459	0.01570	0.00822	0.00681	0.00207	0.00729	0.00806	0.00367	0.00918
17	0.74506	0.01325	0.02850	0.00886	0.01289	0.03294	0.00748	0.01905	0.01135	0.02824	0.00957	0.01115	0.00744	0.00608	0.00412	0.00197	0.00521	0.00365	0.03614	0.00704
18	0.00931	0.00636	0.00767	0.00773	0.00796	0.00655	0.00476	0.00977	0.00970	0.01314	0.02041	0.06826	0.02292	0.61045	0.16243	0.00687	0.00818	0.00930	0.00392	0.00431
19	0.01494	0.02134	0.25306	0.03129	0.41655	0.01537	0.11336	0.02015	0.01445	0.02085	0.01210	0.01544	0.00953	0.00584	0.00648	0.00199	0.00870	0.00570	0.00306	0.00981
20	0.01011	0.00728	0.00919	0.00856	0.01035	0.00694	0.00647	0.01430	0.07338	0.04248	0.63787	0.04616	0.07639	0.01283	0.00751	0.00205	0.00327	0.01128	0.00706	0.00652
21	0.34945	0.01160	0.01276	0.01028	0.01487	0.01153	0.00848	0.02642	0.01545	0.44970	0.01880	0.01733	0.01234	0.00719	0.00548	0.00200	0.00530	0.00528	0.00637	0.00937
22	0.02277	0.01638	0.01789	0.01405	0.01872	0.01807	0.01152	0.56916	0.07047	0.06844	0.01690	0.01729	0.01228	0.01085	0.06156	0.00257	0.00757	0.00603	0.02707	0.01042
23	0.01061	0.00840	0.01021	0.03137	0.01252	0.00827	0.02943	0.01503	0.12762	0.04749	0.09697	0.15276	0.35318	0.01459	0.00833	0.02755	0.02115	0.01204	0.00590	0.00656
24	0.02864	0.01155	0.01534	0.01176	0.01677	0.01032	0.00972	0.08487	0.01943	0.68239	0.02471	0.02148	0.01560	0.00798	0.00650	0.00199	0.00562	0.00644	0.00788	0.01100
25	0.02177	0.01598	0.01728	0.01397	0.01856	0.01774	0.01130	0.40735	0.28490	0.09036	0.02029	0.01920	0.01461	0.00815	0.00651	0.00204	0.00624	0.00642	0.00663	0.01071
26	0.77564	0.01348	0.00997	0.00894	0.01290	0.05407	0.00729	0.01936	0.01139	0.02828	0.00905	0.01056	0.00707	0.00603	0.00410	0.00198	0.00536	0.00353	0.00396	0.00702
27	0.00897	0.00660	0.00839	0.00794	0.00954	0.00602	0.00596	0.01185	0.01787	0.02491	0.65052	0.04992	0.14028	0.01358	0.00762	0.00205	0.00307	0.01192	0.00698	0.00602
28	0.01599	0.01535	0.02623	0.03966	0.73262	0.01535	0.01983	0.01983	0.01471	0.02111	0.01215	0.01599	0.01023	0.00576	0.00640	0.00192	0.00768	0.00576	0.00320	0.01023
29	0.01586	0.01515	0.02556	0.03809	0.69512	0.01500	0.01919	0.01964	0.01464	0.02111	0.01212	0.01586	0.01020	0.00571	0.00631	0.00187	0.00752	0.00566	0.00323	0.05217
30	0.02380	0.06927	0.01917	0.01628	0.01980	0.67930	0.01240	0.05371	0.01854	0.01681	0.01016	0.01174	0.00843	0.00664	0.00576	0.00166	0.01122	0.00419	0.00343	0.00768
31	0.67136	0.07399	0.01234	0.00957	0.01361	0.09353	0.00790	0.01975	0.01194	0.02651	0.00910	0.01061	0.00724	0.00603	0.00421	0.00192	0.00586	0.00357	0.00383	0.00715
32	0.02256	0.02113	0.05812	0.01692	0.05741	0.30045	0.07646	0.07016	0.04322	0.20743	0.05067	0.01770	0.01371	0.00729	0.00637	0.00189	0.00871	0.00579	0.00500	0.00903
33	0.00792	0.00566	0.00754	0.00896	0.00938	0.00528	0.00600	0.00913	0.01261	0.01688	0.06420	0.73901	0.04349	0.01995	0.00822	0.00260	0.00372	0.01809	0.00604	0.00528
34	0.01727	0.77681	0.03386	0.01106	0.01658	0.02557	0.01106	0.01935	0.01313	0.01520	0.00898	0.01036	0.00829	0.00553	0.00415	0.00138	0.00691	0.00345	0.00276	0.00829
35	0.00787	0.00562	0.00750	0.00900	0.00937	0.00525	0.00600	0.00900	0.01237	0.01649	0.03561	0.76871	0.04274	0.02024	0.00825	0.00262	0.00375	0.01837	0.00600	0.00525
36	0.81856	0.01250	0.00950	0.00850	0.01250	0.01449	0.00700	0.01899	0.01100	0.02899	0.00900	0.01050	0.00700	0.00600	0.00400	0.00200	0.00500	0.00350	0.00400	0.00700
37	0.00826	0.00657	0.00742	0.00720	0.00911	0.00572	0.00540	0.01049	0.01621	0.02097	0.34163	0.05639	0.45163	0.01505	0.00763	0.00212	0.00318	0.01282	0.00646	0.00572
38	0.00767	0.00641	0.00668	0.00689	0.00882	0.00543	0.00506	0.00923	0.01439	0.01732	0.06121	0.16274	0.63218	0.01692	0.00772	0.00224	0.00334	0.01431	0.00600	0.00543
39	0.00968	0.00789	0.01184	0.22914	0.03918	0.00852	0.00997	0.01227	0.01373	0.01843	0.16518	0.32537	0.05339	0.01583	0.04747	0.00276	0.00586	0.01225	0.00509	0.00615
40	0.02418	0.02963	0.01841	0.01648	0.01998	0.68003	0.01247	0.08891	0.01942	0.01811	0.01050	0.01201	0.00857	0.00676	0.00588	0.00169	0.01123	0.00431	0.00362	0.00781
41	0.01380	0.01157	0.01261	0.01148	0.01449	0.01288	0.00886	0.02717	0.49827	0.02624	0.21489	0.03247	0.06703	0.01033	0.00691	0.00215	0.00447	0.00879	0.00669	0.00889
42	0.02203	0.02734	0.01812	0.01638	0.01915	0.61105	0.01249	0.02370	0.01677	0.01574	0.01014	0.01267	0.00873	0.00935	0.04441	0.00225	0.11456	0.00450	0.00327	0.00735
43	0.01565	0.07747	0.12007	0.02942	0.41608	0.01630	0.06976	0.02227	0.12781	0.02148	0.01417	0.01665	0.01130	0.00625	0.00631	0.00196	0.00769	0.00583	0.00365	0.00988
44	0.02171	0.01649	0.01865	0.08276	0.02148	0.01830	0.01237	0.53991	0.02597	0.03523	0.01457	0.01562	0.01064	0.00759	0.00709	0.00192	0.04772	0.00565	0.02307	0.07327
45	0.01237	0.01328	0.08487	0.36882	0.10408	0.01311	0.04436	0.01635	0.01284	0.01773	0.01348	0.04775	0.01139	0.01246	0.10334	0.00316	0.03929	0.00629	0.02405	0.05099

[dist]
# distance from previous block
# <min> <max>
0	5

[block]
# block no. 1 follows, 34 sequences, length 69
# corresponding to MSA columns:
# 86-154
name=unknown_B
#
# <colnr> <probs for GDERKNQSTAVLIFYWHMCP>
#	G	D	E	R	K	N	Q	S	T	A	V	L	I	F	Y	W	H	M	C	P
0	0.11686	0.01381	0.07025	0.06235	0.13507	0.01188	0.04384	0.01956	0.05142	0.08732	0.01515	0.06913	0.01270	0.00694	0.00578	0.00174	0.00616	0.00593	0.00426	0.25986
1	0.02502	0.01634	0.01823	0.01394	0.01910	0.01737	0.01151	0.54054	0.02720	0.18499	0.01742	0.01677	0.01197	0.00768	0.00640	0.00191	0.00668	0.00588	0.00667	0.04437
2	0.02125	0.01641	0.01768	0.06013	0.02039	0.03675	0.01188	0.41033	0.24832	0.05965	0.01892	0.01849	0.01374	0.00798	0.00648	0.00203	0.00663	0.00627	0.00625	0.01042
3	0.02803	0.01075	0.01465	0.01138	0.01617	0.00930	0.00934	0.03046	0.01821	0.70427	0.02595	0.05601	0.01721	0.00856	0.00658	0.00203	0.00542	0.00704	0.00791	0.01073
4	0.02899	0.01100	0.01499	0.01150	0.01649	0.00950	0.00950	0.03149	0.01849	0.73709	0.02549	0.02199	0.01599	0.00800	0.00650	0.00200	0.00550	0.00650	0.00800	0.01100
5	0.06479	0.01133	0.01491	0.01149	0.01645	0.01012	0.00949	0.05650	0.01860	0.67862	0.02436	0.02122	0.01540	0.00790	0.00638	0.00200	0.00554	0.00634	0.00776	0.01081
6	0.00964	0.00668	0.00876	0.00827	0.00983	0.00615	0.00619	0.01257	0.01798	0.04544	0.67289	0.08545	0.05874	0.01343	0.00762	0.00206	0.00315	0.01189	0.00708	0.00619
7	0.00940	0.00626	0.00705	0.00705	0.00705	0.00626	0.00392	0.00940	0.00940	0.01253	0.02036	0.04228	0.02349	0.77292	0.03289	0.00626	0.00626	0.00940	0.00392	0.00392
8	0.01607	0.01388	0.01461	0.01315	0.01680	0.01607	0.01023	0.03433	0.72094	0.02703	0.02630	0.02411	0.01972	0.00877	0.00657	0.00219	0.00511	0.00731	0.00657	0.01023
9	0.01607	0.01388	0.01461	0.01315	0.01680	0.01607	0.01023	0.03433	0.72094	0.02703	0.02630	0.02411	0.01972	0.00877	0.00657	0.00219	0.00511	0.00731	0.00657	0.01023
10	0.02414	0.03079	0.01831	0.01665	0.01998	0.74698	0.01248	0.02580	0.01831	0.01581	0.00999	0.01165	0.00832	0.00666	0.00583	0.00166	0.01165	0.00416	0.00333	0.00749
11	0.01538	0.01472	0.02511	0.15642	0.62068	0.01519	0.01952	0.01929	0.01442	0.02036	0.01204	0.01619	0.00997	0.00587	0.00641	0.00196	0.00783	0.00575	0.00315	0.00974
12	0.00940	0.00626	0.00705	0.00705	0.00705	0.00626	0.00392	0.00940	0.00940	0.01253	0.02036	0.04228	0.02349	0.77292	0.03289	0.00626	0.00626	0.00940	0.00392	0.00392
13	0.01585	0.01576	0.02857	0.03721	0.59478	0.01555	0.15578	0.02000	0.01482	0.02103	0.01233	0.01628	0.01015	0.00570	0.00664	0.00197	0.00831	0.00613	0.00321	0.00993
14	0.02899	0.01100	0.01499	0.01150	0.01649	0.00950	0.00950	0.03149	0.01849	0.73709	0.02549	0.02199	0.01599	0.00800	0.00650	0.00200	0.00550	0.00650	0.00800	0.01100
15	0.02899	0.01100	0.01499	0.01150	0.01649	0.00950	0.00950	0.03149	0.01849	0.73709	0.02549	0.02199	0.01599	0.00800	0.00650	0.00200	0.00550	0.00650	0.00800	0.01100
16	0.01340	0.01148	0.01340	0.00957	0.01531	0.00861	0.00766	0.01627	0.01340	0.02105	0.01148	0.01340	0.00957	0.00479	0.00479	0.00096	0.00479	0.00383	0.00383	0.81242
17	0.00906	0.00660	0.00853	0.00804	0.00960	0.00606	0.00603	0.01204	0.01810	0.02546	0.69390	0.04901	0.09656	0.01338	0.00762	0.00204	0.00306	0.01179	0.00705	0.00606
18	0.00928	0.00737	0.01073	0.01064	0.01202	0.00706	0.06488	0.01222	0.05754	0.01916	0.14732	0.49236	0.06723	0.01693	0.00799	0.00246	0.00437	0.03844	0.00599	0.00601
19	0.01188	0.00853	0.01004	0.00954	0.01152	0.00868	0.00703	0.01801	0.19551	0.06826	0.25520	0.16727	0.09037	0.09638	0.01016	0.00265	0.00423	0.01130	0.00640	0.00703
20	0.02410	0.01766	0.01890	0.01454	0.01958	0.01952	0.01200	0.68555	0.02976	0.04011	0.01572	0.01583	0.01119	0.00775	0.00639	0.00192	0.00696	0.00582	0.03589	0.01081
21	0.01517	0.01473	0.02561	0.17583	0.53264	0.01534	0.06882	0.01915	0.01429	0.02006	0.01200	0.01629	0.00985	0.00601	0.00687	0.00201	0.02687	0.00589	0.00313	0.00946
22	0.04013	0.01920	0.10458	0.09756	0.31208	0.12720	0.07634	0.02116	0.03206	0.04965	0.01239	0.01549	0.00980	0.00645	0.00712	0.00200	0.04871	0.00556	0.00343	0.00908
23	0.00921	0.00694	0.00929	0.06874	0.01239	0.00667	0.00696	0.01214	0.01725	0.02398	0.58176	0.08909	0.10462	0.01331	0.00756	0.00209	0.00356	0.01174	0.00662	0.00609
24	0.00787	0.00562	0.00750	0.00900	0.00937	0.00525	0.00600	0.00900	0.01237	0.01649	0.03561	0.76871	0.04274	0.02024	0.00825	0.00262	0.00375	0.01837	0.00600	0.00525
25	0.01566	0.14003	0.44435	0.01848	0.05157	0.04131	0.09869	0.02137	0.01434	0.07760	0.01247	0.01428	0.00910	0.00612	0.00604	0.00194	0.00898	0.00506	0.00326	0.00934
26	0.01882	0.06417	0.09648	0.01546	0.07582	0.01383	0.04393	0.11439	0.07016	0.20787	0.10876	0.02369	0.05359	0.00863	0.00746	0.00204	0.05292	0.00702	0.00565	0.00931
27	0.03960	0.01460	0.01710	0.03597	0.07143	0.03608	0.04297	0.16178	0.34023	0.08553	0.03858	0.02106	0.01651	0.00800	0.00643	0.00205	0.00612	0.00667	0.03943	0.00984
28	0.17351	0.01853	0.07730	0.08268	0.09265	0.11393	0.06002	0.19675	0.01787	0.02593	0.01206	0.01478	0.00943	0.02569	0.00744	0.00211	0.05124	0.00525	0.00414	0.00867
29	0.81856	0.01250	0.00950	0.00850	0.01250	0.01449	0.00700	0.01899	0.01100	0.02899	0.00900	0.01050	0.00700	0.00600	0.00400	0.00200	0.00500	0.00350	0.00400	0.00700
30	0.01515	0.01919	0.19595	0.05701	0.37665	0.03068	0.01878	0.02008	0.04010	0.04029	0.04742	0.01725	0.01246	0.00691	0.00768	0.00205	0.07357	0.00584	0.00349	0.00943
31	0.57817	0.03851	0.01251	0.01067	0.01457	0.19661	0.00854	0.02102	0.01307	0.04374	0.00967	0.01108	0.00760	0.00620	0.00452	0.00190	0.00672	0.00374	0.00390	0.00726
32	0.00819	0.00657	0.00731	0.00712	0.00906	0.00569	0.00534	0.01034	0.01603	0.02054	0.30739	0.05711	0.48614	0.01521	0.00763	0.00213	0.00319	0.01293	0.00641	0.00569
33	0.02097	0.26544	0.02261	0.01410	0.01821	0.41293	0.01155	0.07822	0.01742	0.01774	0.01354	0.01468	0.05313	0.00699	0.00546	0.00163	0.00926	0.00466	0.00357	0.00790
34	0.02830	0.01115	0.01497	0.01158	0.01651	0.00985	0.00954	0.03164	0.05586	0.69932	0.02553	0.02210	0.01619	0.00804	0.00650	0.00201	0.00548	0.00654	0.00792	0.01096
35	0.00816	0.00700	0.00704	0.00695	0.00923	0.00611	0.00524	0.01082	0.05837	0.01805	0.06304	0.05983	0.68610	0.01589	0.00757	0.00218	0.00339	0.01325	0.00604	0.00575
36	0.00905	0.00660	0.00851	0.00803	0.00960	0.00606	0.00602	0.01201	0.01807	0.02539	0.68819	0.04913	0.10231	0.01340	0.00762	0.00204	0.00306	0.01181	0.00704	0.00606
37	0.00880	0.00659	0.00815	0.00776	0.00944	0.00595	0.00582	0.01152	0.01747	0.02396	0.57602	0.05148	0.21537	0.01394	0.00762	0.00207	0.00310	0.01214	0.00686	0.00595
38	0.02414	0.03079	0.01831	0.01665	0.01998	0.74698	0.01248	0.02580	0.01831	0.01581	0.00999	0.01165	0.00832	0.00666	0.00583	0.00166	0.01165	0.00416	0.00333	0.00749
39	0.02456	0.01810	0.01939	0.01487	0.02004	0.02004	0.01228	0.71107	0.03038	0.04072	0.01551	0.01551	0.01099	0.00776	0.00646	0.00194	0.00711	0.00582	0.00646	0.01099
40	0.81856	0.01250	0.00950	0.00850	0.01250	0.01449	0.00700	0.01899	0.01100	0.02899	0.00900	0.01050	0.00700	0.00600	0.00400	0.00200	0.00500	0.00350	0.00400	0.00700
41	0.01204	0.00602	0.00602	0.00602	0.00753	0.00602	0.00452	0.01506	0.01355	0.02409	0.02108	0.02409	0.01656	0.00753	0.00452	0.00151	0.00301	0.00602	0.80879	0.00602
42	0.02899	0.01100	0.01499	0.01150	0.01649	0.00950	0.00950	0.03149	0.01849	0.73709	0.02549	0.02199	0.01599	0.00800	0.00650	0.00200	0.00550	0.00650	0.00800	0.01100
43	0.02414	0.03079	0.01831	0.01665	0.01998	0.74698	0.01248	0.02580	0.01831	0.01581	0.00999	0.01165	0.00832	0.00666	0.00583	0.00166	0.01165	0.00416	0.00333	0.00749
44	0.02637	0.01520	0.01760	0.01349	0.01859	0.01574	0.01115	0.43391	0.02553	0.32473	0.01958	0.01816	0.01303	0.00785	0.00648	0.00196	0.00645	0.00609	0.00709	0.01099
45	0.00914	0.00660	0.00864	0.00813	0.00965	0.00610	0.00610	0.01219	0.01829	0.02591	0.72921	0.04827	0.06097	0.01321	0.00762	0.00203	0.00305	0.01169	0.00711	0.00610
46	0.01607	0.01388	0.01461	0.01315	0.01680	0.01607	0.01023	0.03433	0.72094	0.02703	0.02630	0.02411	0.01972	0.00877	0.00657	0.00219	0.00511	0.00731	0.00657	0.01023
47	0.81856	0.01250	0.00950	0.00850	0.01250	0.01449	0.00700	0.01899	0.01100	0.02899	0.00900	0.01050	0.00700	0.00600	0.00400	0.00200	0.00500	0.00350	0.00400	0.00700
48	0.01541	0.32766	0.40589	0.01594	0.04706	0.01900	0.01807	0.02043	0.01367	0.04658	0.01112	0.01275	0.00860	0.00596	0.00537	0.00178	0.00828	0.00435	0.00297	0.00913
49	0.01004	0.00718	0.01025	0.00964	0.01134	0.00658	0.04960	0.01247	0.01590	0.05967	0.36720	0.27945	0.10563	0.01499	0.00777	0.00224	0.00391	0.01349	0.00647	0.00619
50	0.81856	0.01250	0.00950	0.00850	0.01250	0.01449	0.00700	0.01899	0.01100	0.02899	0.00900	0.01050	0.00700	0.00600	0.00400	0.00200	0.00500	0.00350	0.00400	0.00700
51	0.01078	0.00918	0.01157	0.01200	0.01358	0.06392	0.05202	0.01311	0.01428	0.01809	0.03267	0.30697	0.06051	0.01700	0.00832	0.00267	0.00583	0.33591	0.00560	0.00598
52	0.01722	0.01781	0.12634	0.02729	0.26221	0.01494	0.24730	0.02178	0.01510	0.12952	0.01424	0.01697	0.01061	0.00630	0.00746	0.00208	0.04299	0.00635	0.00387	0.00961
53	0.01783	0.71639	0.03260	0.01151	0.01686	0.08399	0.01117	0.01987	0.01355	0.01525	0.00906	0.01047	0.00829	0.00562	0.00428	0.00140	0.00729	0.00351	0.00281	0.00823
54	0.07435	0.01108	0.01468	0.01132	0.01626	0.00978	0.00935	0.03077	0.01806	0.69641	0.02454	0.02133	0.01548	0.00788	0.00635	0.00200	0.00547	0.00633	0.00777	0.01077
55	0.03745	0.02100	0.15645	0.09524	0.21184	0.11793	0.19873	0.04669	0.01548	0.02066	0.01197	0.01529	0.00927	0.00602	0.00654	0.00200	0.00941	0.00578	0.00326	0.00898
56	0.01598	0.07367	0.25470	0.02187	0.18837	0.08240	0.08179	0.03936	0.01550	0.06175	0.05720	0.01895	0.04591	0.00703	0.00636	0.00195	0.00828	0.00607	0.00376	0.00908
57	0.01008	0.00745	0.00978	0.01059	0.01217	0.00737	0.00876	0.01375	0.05893	0.02067	0.16860	0.12679	0.09408	0.01651	0.00837	0.00265	0.00494	0.40617	0.00622	0.00614
58	0.01335	0.00770	0.00968	0.00871	0.01114	0.00691	0.00669	0.01623	0.03449	0.18252	0.36980	0.08623	0.19498	0.01303	0.00738	0.00210	0.00374	0.01123	0.00699	0.00710
59	0.15166	0.20226	0.10400	0.01646	0.04785	0.12402	0.12469	0.11802	0.01641	0.02286	0.01112	0.01301	0.00877	0.00615	0.00555	0.00183	0.00827	0.00480	0.00367	0.00862
60	0.01045	0.00880	0.01365	0.01260	0.01420	0.00902	0.10408	0.04367	0.01377	0.01865	0.06056	0.44704	0.05115	0.01724	0.03449	0.00280	0.07337	0.05290	0.00532	0.00625
61	0.01077	0.00700	0.00892	0.00821	0.01015	0.00632	0.00624	0.01356	0.01778	0.09074	0.56592	0.04788	0.15547	0.01319	0.00752	0.00205	0.00331	0.01149	0.00703	0.00646
62	0.02250	0.11290	0.07850	0.01606	0.02025	0.56283	0.01324	0.06701	0.01810	0.01766	0.01035	0.01191	0.00847	0.00656	0.00570	0.00168	0.01068	0.00424	0.00341	0.00796
63	0.01663	0.06426	0.18387	0.12822	0.18742	0.01657	0.10119	0.14448	0.03482	0.04160	0.01315	0.01576	0.00990	0.00638	0.00638	0.00199	0.00835	0.00569	0.00382	0.00950
64	0.01598	0.01762	0.05094	0.02733	0.30803	0.11873	0.14084	0.01936	0.01427	0.01896	0.01281	0.05599	0.01144	0.00868	0.02939	0.00235	0.12878	0.00653	0.00331	0.00865
65	0.00848	0.00659	0.00780	0.00848	0.00984	0.00611	0.00615	0.01095	0.05145	0.01814	0.08423	0.37610	0.29656	0.01763	0.00795	0.00243	0.00377	0.06555	0.00609	0.00569
66	0.64628	0.03562	0.01262	0.01086	0.03262	0.05878	0.02538	0.05620	0.01269	0.02770	0.00957	0.01123	0.00751	0.00623	0.00482	0.00198	0.02463	0.00387	0.00399	0.00740
67	0.05592	0.03691	0.09519	0.10426	0.20170	0.05419	0.09300	0.11879	0.04257	0.05049	0.02961	0.03522	0.01226	0.00695	0.00634	0.00198	0.00778	0.00615	0.03160	0.00908
68	0.01736	0.08684	0.14874	0.03902	0.23826	0.01580	0.07082	0.08450	0.07704	0.09331	0.01463	0.01632	0.01105	0.00640	0.00619	0.00190	0.00756	0.00563	0.00417	0.05446

[dist]
# distance from previous block
# <min> <max>
0	3

[block]
# block no. 2 follows, 34 sequences, length 30
# corresponding to MSA columns:
# 158-187
name=unknown_C
#
# <colnr> <probs for GDERKNQSTAVLIFYWHMCP>
#	G	D	E	R	K	N	Q	S	T	A	V	L	I	F	Y	W	H	M	C	P
0	0.02205	0.16067	0.02062	0.01519	0.01897	0.54188	0.01199	0.04745	0.01752	0.01686	0.01104	0.01413	0.00963	0.00690	0.00565	0.00166	0.01022	0.03222	0.00346	0.03189
1	0.04700	0.01565	0.01723	0.01363	0.01831	0.01693	0.01111	0.47370	0.09554	0.14954	0.01915	0.06053	0.01437	0.00856	0.00651	0.00202	0.00640	0.00673	0.00662	0.01047
2	0.01656	0.01412	0.01488	0.01325	0.01699	0.01630	0.01035	0.07321	0.68127	0.02782	0.02568	0.02361	0.01922	0.00871	0.00657	0.00218	0.00523	0.00722	0.00657	0.01027
3	0.00787	0.00562	0.00750	0.00900	0.00937	0.00525	0.00600	0.00900	0.01237	0.01649	0.03561	0.76871	0.04274	0.02024	0.00825	0.00262	0.00375	0.01837	0.00600	0.00525
4	0.00905	0.00663	0.00859	0.00842	0.00991	0.00605	0.00623	0.01166	0.01668	0.02334	0.51735	0.19126	0.07751	0.01451	0.00767	0.00214	0.00336	0.03389	0.00668	0.03902
5	0.01041	0.00744	0.01041	0.01190	0.01339	0.00744	0.01041	0.01339	0.01487	0.01934	0.03421	0.07288	0.03719	0.01785	0.00892	0.00297	0.00595	0.68913	0.00595	0.00595
6	0.02456	0.01810	0.01939	0.01487	0.02004	0.02004	0.01228	0.71107	0.03038	0.04072	0.01551	0.01551	0.01099	0.00776	0.00646	0.00194	0.00711	0.00582	0.00646	0.01099
7	0.01607	0.01388	0.01461	0.01315	0.01680	0.01607	0.01023	0.03433	0.72094	0.02703	0.02630	0.02411	0.01972	0.00877	0.00657	0.00219	0.00511	0.00731	0.00657	0.01023
8	0.81856	0.01250	0.00950	0.00850	0.01250	0.01449	0.00700	0.01899	0.01100	0.02899	0.00900	0.01050	0.00700	0.00600	0.00400	0.00200	0.00500	0.00350	0.00400	0.00700
9	0.00914	0.00660	0.00864	0.00813	0.00965	0.00610	0.00610	0.01219	0.01829	0.02591	0.72921	0.04827	0.06097	0.01321	0.00762	0.00203	0.00305	0.01169	0.00711	0.00610
10	0.00764	0.00655	0.00655	0.00655	0.00873	0.00545	0.00491	0.00927	0.01473	0.01745	0.06546	0.06218	0.73000	0.01636	0.00764	0.00218	0.00327	0.01364	0.00600	0.00545
11	0.81856	0.01250	0.00950	0.00850	0.01250	0.01449	0.00700	0.01899	0.01100	0.02899	0.00900	0.01050	0.00700	0.00600	0.00400	0.00200	0.00500	0.00350	0.00400	0.00700
12	0.01525	0.01743	0.03813	0.02723	0.03377	0.01634	0.70915	0.02070	0.01525	0.02070	0.01307	0.01743	0.00980	0.00545	0.00763	0.00218	0.01089	0.00763	0.00327	0.00871
13	0.01214	0.01140	0.01871	0.63897	0.03966	0.01435	0.01685	0.01596	0.01259	0.01641	0.01263	0.06189	0.01064	0.00777	0.00803	0.00225	0.08316	0.00649	0.00305	0.00705
14	0.00787	0.00562	0.00750	0.00900	0.00937	0.00525	0.00600	0.00900	0.01237	0.01649	0.03561	0.76871	0.04274	0.02024	0.00825	0.00262	0.00375	0.01837	0.00600	0.00525
15	0.01749	0.04086	0.02845	0.02143	0.06258	0.01686	0.34401	0.19950	0.01854	0.02548	0.01306	0.01595	0.00998	0.00636	0.00766	0.00197	0.05581	0.00636	0.00412	0.10354
16	0.00984	0.00703	0.00973	0.01108	0.01236	0.00693	0.00926	0.01247	0.01465	0.01927	0.08471	0.20281	0.03995	0.01797	0.00870	0.00284	0.00532	0.51321	0.00604	0.00583
17	0.01807	0.56050	0.11607	0.01272	0.01841	0.12240	0.01274	0.02076	0.01407	0.03932	0.00997	0.01131	0.00853	0.00584	0.00469	0.00152	0.00783	0.00381	0.00301	0.00842
18	0.01599	0.01535	0.02623	0.03966	0.73262	0.01535	0.01983	0.01983	0.01471	0.02111	0.01215	0.01599	0.01023	0.00576	0.00640	0.00192	0.00768	0.00576	0.00320	0.01023
19	0.00774	0.00650	0.00673	0.00678	0.00882	0.00548	0.00504	0.00943	0.01481	0.01791	0.10346	0.10194	0.65047	0.01640	0.00767	0.00220	0.00329	0.01379	0.00607	0.00548
20	0.01904	0.01853	0.13225	0.04201	0.06411	0.01679	0.04998	0.37710	0.07480	0.03191	0.09203	0.01956	0.01638	0.00788	0.00660	0.00200	0.00719	0.00648	0.00547	0.00989
21	0.01911	0.01902	0.04219	0.05723	0.18946	0.20455	0.05582	0.06061	0.05736	0.08784	0.01360	0.01558	0.01054	0.00669	0.00692	0.00185	0.04664	0.00537	0.00408	0.09554
22	0.73360	0.01233	0.01009	0.00882	0.01293	0.01396	0.00727	0.02034	0.01180	0.10519	0.01077	0.01173	0.00797	0.00621	0.00427	0.00200	0.00505	0.00382	0.00443	0.00743
23	0.00778	0.00643	0.00683	0.00699	0.00888	0.00547	0.00514	0.00945	0.01467	0.01794	0.10989	0.15591	0.58901	0.01665	0.00772	0.00223	0.00332	0.01413	0.00608	0.00547
24	0.05991	0.32379	0.08300	0.01645	0.08757	0.16568	0.03697	0.11904	0.01677	0.02082	0.01076	0.01240	0.00884	0.00616	0.00529	0.00168	0.00820	0.00440	0.00352	0.00875
25	0.01672	0.10773	0.10388	0.08411	0.29657	0.04796	0.08861	0.04523	0.07205	0.05564	0.01357	0.01606	0.01059	0.00625	0.00623	0.00193	0.00804	0.00566	0.00370	0.00947
26	0.00925	0.00794	0.01085	0.00994	0.01223	0.00718	0.08153	0.03319	0.01487	0.01867	0.06715	0.21229	0.41864	0.01578	0.00781	0.00232	0.00447	0.05416	0.00575	0.00598
27	0.00924	0.00620	0.00709	0.00724	0.00728	0.00616	0.00412	0.00936	0.00969	0.01292	0.02188	0.11453	0.02540	0.69806	0.03044	0.00590	0.00601	0.01029	0.00412	0.00405
28	0.08213	0.14613	0.13662	0.01636	0.07222	0.15614	0.05489	0.09649	0.04066	0.03719	0.01578	0.06090	0.04250	0.00765	0.00593	0.00189	0.00796	0.00601	0.00401	0.00852
29	0.07140	0.14993	0.26410	0.06176	0.06684	0.11795	0.06257	0.02200	0.06461	0.04304	0.01238	0.01423	0.00947	0.00630	0.00579	0.00190	0.00856	0.00493	0.00342	0.00882

[dist]
# distance from previous block
# <min> <max>
0	3

[block]
# block no. 3 follows, 34 sequences, length 34
# corresponding to MSA columns:
# 191-224
name=unknown_D
#
# <colnr> <probs for GDERKNQSTAVLIFYWHMCP>
#	G	D	E	R	K	N	Q	S	T	A	V	L	I	F	Y	W	H	M	C	P
0	0.01991	0.12040	0.03584	0.04941	0.09899	0.33953	0.03086	0.09510	0.01766	0.01995	0.04616	0.01475	0.01151	0.00684	0.00628	0.00174	0.02961	0.00498	0.00374	0.04675
1	0.02011	0.01475	0.03652	0.08059	0.32844	0.03270	0.01546	0.08209	0.04149	0.22161	0.01636	0.01775	0.01194	0.00701	0.00713	0.00201	0.04318	0.00596	0.00488	0.01005
2	0.00932	0.00623	0.00707	0.00714	0.00716	0.00622	0.00401	0.00938	0.00954	0.01272	0.02108	0.07664	0.02440	0.73732	0.03172	0.00609	0.00615	0.00982	0.00401	0.00398
3	0.59013	0.05020	0.01345	0.04989	0.06441	0.03493	0.00926	0.08277	0.01343	0.02788	0.00996	0.01170	0.00777	0.00616	0.00457	0.00196	0.00583	0.00400	0.00404	0.00767
4	0.03890	0.23579	0.04739	0.01364	0.01852	0.14994	0.01182	0.22379	0.10556	0.07358	0.01437	0.01467	0.01096	0.00697	0.00564	0.00177	0.00755	0.00499	0.00478	0.00936
5	0.01807	0.67075	0.03165	0.01151	0.01676	0.02427	0.01117	0.05287	0.01408	0.05184	0.01008	0.01134	0.00881	0.00600	0.00509	0.00150	0.03871	0.00381	0.00320	0.00850
6	0.00951	0.00653	0.00766	0.00759	0.00768	0.00677	0.00453	0.00974	0.00949	0.01281	0.01979	0.04014	0.02248	0.69272	0.09173	0.00651	0.02722	0.00909	0.00385	0.00415
7	0.03677	0.10009	0.26602	0.01780	0.05651	0.21997	0.05087	0.12088	0.03372	0.02195	0.01184	0.01351	0.00905	0.00646	0.00595	0.00186	0.00930	0.00484	0.00360	0.00901
8	0.06449	0.04939	0.01929	0.01427	0.01924	0.01944	0.01187	0.59258	0.02749	0.07400	0.01522	0.01533	0.01086	0.00768	0.00665	0.00195	0.02790	0.00563	0.00616	0.01056
9	0.01122	0.00561	0.00842	0.00842	0.00842	0.00561	0.00561	0.00842	0.00842	0.01122	0.01122	0.01964	0.01122	0.02245	0.02525	0.81201	0.00561	0.00561	0.00281	0.00281
10	0.00787	0.00562	0.00750	0.00900	0.00937	0.00525	0.00600	0.00900	0.01237	0.01649	0.03561	0.76871	0.04274	0.02024	0.00825	0.00262	0.00375	0.01837	0.00600	0.00525
11	0.06305	0.11202	0.01971	0.01544	0.01923	0.55853	0.01203	0.09192	0.01855	0.01884	0.01037	0.01183	0.00851	0.00661	0.00561	0.00168	0.01034	0.00421	0.00361	0.00790
12	0.00806	0.00611	0.00739	0.00812	0.00923	0.00551	0.00571	0.00960	0.01381	0.01787	0.12634	0.41161	0.26774	0.04215	0.00878	0.00254	0.00365	0.03432	0.00606	0.00539
13	0.02776	0.01221	0.01566	0.01209	0.01705	0.01140	0.00996	0.13631	0.05000	0.59981	0.02399	0.02108	0.01538	0.00799	0.00650	0.00200	0.00573	0.00643	0.00770	0.01096
14	0.01583	0.01519	0.02593	0.07061	0.70294	0.01531	0.01975	0.01969	0.01464	0.02091	0.01212	0.01605	0.01016	0.00579	0.00640	0.00193	0.00772	0.00576	0.00318	0.01010
15	0.02519	0.01619	0.01804	0.01387	0.01890	0.01731	0.01145	0.54133	0.02728	0.19414	0.01787	0.01719	0.01225	0.00780	0.00642	0.00194	0.00664	0.00597	0.02936	0.01085
16	0.00793	0.00662	0.00695	0.00704	0.00914	0.00564	0.00540	0.00974	0.01492	0.01803	0.09701	0.06230	0.64197	0.01632	0.00774	0.00224	0.00347	0.06597	0.00605	0.00553
17	0.01484	0.01080	0.00977	0.00914	0.01138	0.09405	0.00711	0.08344	0.07521	0.02458	0.02073	0.02563	0.01695	0.00835	0.00537	0.00174	0.00480	0.05892	0.51020	0.00701
18	0.01607	0.01388	0.01461	0.01315	0.01680	0.01607	0.01023	0.03433	0.72094	0.02703	0.02630	0.02411	0.01972	0.00877	0.00657	0.00219	0.00511	0.00731	0.00657	0.01023
19	0.01607	0.01388	0.01461	0.01315	0.01680	0.01607	0.01023	0.03433	0.72094	0.02703	0.02630	0.02411	0.01972	0.00877	0.00657	0.00219	0.00511	0.00731	0.00657	0.01023
20	0.01727	0.77681	0.03386	0.01106	0.01658	0.02557	0.01106	0.01935	0.01313	0.01520	0.00898	0.01036	0.00829	0.00553	0.00415	0.00138	0.00691	0.00345	0.00276	0.00829
21	0.01607	0.01388	0.01461	0.01315	0.01680	0.01607	0.01023	0.03433	0.72094	0.02703	0.02630	0.02411	0.01972	0.00877	0.00657	0.00219	0.00511	0.00731	0.00657	0.01023
22	0.00940	0.00626	0.00705	0.00705	0.00705	0.00626	0.00392	0.00940	0.00940	0.01253	0.02036	0.04228	0.02349	0.77292	0.03289	0.00626	0.00626	0.00940	0.00392	0.00392
23	0.01340	0.01148	0.01340	0.00957	0.01531	0.00861	0.00766	0.01627	0.01340	0.02105	0.01148	0.01340	0.00957	0.00479	0.00479	0.00096	0.00479	0.00383	0.00383	0.81242
24	0.01599	0.01535	0.02623	0.03966	0.73262	0.01535	0.01983	0.01983	0.01471	0.02111	0.01215	0.01599	0.01023	0.00576	0.00640	0.00192	0.00768	0.00576	0.00320	0.01023
25	0.00793	0.00578	0.00749	0.00883	0.00943	0.00534	0.00602	0.00917	0.01271	0.01669	0.03881	0.66902	0.11726	0.01974	0.00820	0.00259	0.00377	0.03992	0.00600	0.00529
26	0.00865	0.00693	0.00777	0.00750	0.00949	0.00623	0.00564	0.01167	0.05078	0.02129	0.32808	0.05477	0.42851	0.01473	0.00758	0.00212	0.00327	0.01255	0.00647	0.00594
27	0.02041	0.01604	0.01706	0.01403	0.01846	0.01810	0.01128	0.38040	0.36781	0.03403	0.02078	0.01971	0.01526	0.00825	0.00652	0.00206	0.00613	0.00654	0.00652	0.01062
28	0.06209	0.01816	0.05357	0.05064	0.04399	0.01911	0.01309	0.58914	0.02730	0.03740	0.01471	0.01527	0.01052	0.00747	0.00632	0.00196	0.00721	0.00565	0.00589	0.01052
29	0.05679	0.01787	0.09797	0.13000	0.31000	0.07323	0.10422	0.02144	0.08620	0.02093	0.01322	0.01630	0.01039	0.00624	0.00638	0.00201	0.00832	0.00580	0.00351	0.00916
30	0.00939	0.00629	0.00720	0.00720	0.00725	0.00635	0.00411	0.00950	0.00944	0.01264	0.02022	0.04150	0.02315	0.73950	0.06585	0.00645	0.00677	0.00928	0.00389	0.00400
31	0.01750	0.01596	0.07344	0.02360	0.28977	0.01546	0.01498	0.07646	0.29152	0.08441	0.01898	0.01945	0.01432	0.00729	0.00646	0.00204	0.00659	0.00635	0.00512	0.01030
32	0.00796	0.00569	0.00760	0.00910	0.00952	0.00533	0.00616	0.00915	0.01246	0.01660	0.03556	0.74365	0.04254	0.02016	0.00827	0.00264	0.00383	0.04252	0.00600	0.00527
33	0.01667	0.03587	0.05226	0.01171	0.01688	0.07329	0.00981	0.13818	0.03558	0.05455	0.01469	0.06740	0.01249	0.00688	0.00558	0.00145	0.00603	0.00547	0.00456	0.43067

[dist]
# distance from previous block
# <min> <max>
0	1

[block]
# block no. 4 follows, 34 sequences, length 76
# corresponding to MSA columns:
# 226-301
name=unknown_E
#
# <colnr> <probs for GDERKNQSTAVLIFYWHMCP>
#	G	D	E	R	K	N	Q	S	T	A	V	L	I	F	Y	W	H	M	C	P
0	0.07390	0.15666	0.02040	0.01459	0.01869	0.39602	0.01169	0.14511	0.06691	0.02170	0.01183	0.01288	0.00948	0.00675	0.00558	0.00172	0.00915	0.00450	0.00405	0.00840
1	0.81856	0.01250	0.00950	0.00850	0.01250	0.01449	0.00700	0.01899	0.01100	0.02899	0.00900	0.01050	0.00700	0.00600	0.00400	0.00200	0.00500	0.00350	0.00400	0.00700
2	0.01570	0.01369	0.03739	0.01843	0.13482	0.01388	0.09789	0.02616	0.33632	0.07626	0.13482	0.02541	0.02300	0.00845	0.00683	0.00210	0.00606	0.00767	0.00570	0.00942
3	0.01474	0.02528	0.41386	0.04021	0.12129	0.01564	0.08728	0.06724	0.10899	0.02267	0.01402	0.01593	0.01034	0.00648	0.00641	0.00206	0.00866	0.00561	0.00360	0.00968
4	0.00924	0.00690	0.01026	0.01026	0.01137	0.00801	0.00792	0.01146	0.01035	0.01491	0.01742	0.02600	0.01642	0.07501	0.72113	0.01023	0.01690	0.00701	0.00348	0.00570
5	0.01582	0.01372	0.01492	0.06175	0.01861	0.01596	0.01073	0.03317	0.67470	0.02634	0.02533	0.02366	0.01900	0.00862	0.00657	0.00219	0.00534	0.00720	0.00633	0.01003
6	0.00793	0.00574	0.00752	0.00891	0.00944	0.00533	0.00605	0.00914	0.01260	0.01664	0.03760	0.70049	0.08939	0.01991	0.00823	0.00260	0.00378	0.03742	0.00600	0.00528
7	0.01503	0.01279	0.01372	0.01240	0.01573	0.01458	0.00961	0.03102	0.61571	0.02686	0.13157	0.02773	0.02590	0.00943	0.00673	0.00217	0.00480	0.00796	0.00666	0.00961
8	0.81856	0.01250	0.00950	0.00850	0.01250	0.01449	0.00700	0.01899	0.01100	0.02899	0.00900	0.01050	0.00700	0.00600	0.00400	0.00200	0.00500	0.00350	0.00400	0.00700
9	0.00939	0.00717	0.00890	0.00957	0.01134	0.00678	0.00790	0.01228	0.03503	0.01946	0.11421	0.08323	0.28667	0.01666	0.00825	0.00257	0.00462	0.34396	0.00610	0.00589
10	0.02831	0.01209	0.01567	0.01202	0.01704	0.01112	0.00993	0.13621	0.02033	0.62979	0.02395	0.02099	0.01522	0.00796	0.00649	0.00199	0.00575	0.00639	0.00776	0.01099
11	0.01599	0.01535	0.02623	0.03966	0.73262	0.01535	0.01983	0.01983	0.01471	0.02111	0.01215	0.01599	0.01023	0.00576	0.00640	0.00192	0.00768	0.00576	0.00320	0.01023
12	0.81856	0.01250	0.00950	0.00850	0.01250	0.01449	0.00700	0.01899	0.01100	0.02899	0.00900	0.01050	0.00700	0.00600	0.00400	0.00200	0.00500	0.00350	0.00400	0.00700
13	0.02899	0.01100	0.01499	0.01150	0.01649	0.00950	0.00950	0.03149	0.01849	0.73709	0.02549	0.02199	0.01599	0.00800	0.00650	0.00200	0.00550	0.00650	0.00800	0.01100
14	0.81856	0.01250	0.00950	0.00850	0.01250	0.01449	0.00700	0.01899	0.01100	0.02899	0.00900	0.01050	0.00700	0.00600	0.00400	0.00200	0.00500	0.00350	0.00400	0.00700
15	0.01041	0.00744	0.01041	0.01190	0.01339	0.00744	0.01041	0.01339	0.01487	0.01934	0.03421	0.07288	0.03719	0.01785	0.00892	0.00297	0.00595	0.68913	0.00595	0.00595
16	0.00764	0.00655	0.00655	0.00655	0.00873	0.00545	0.00491	0.00927	0.01473	0.01745	0.06546	0.06218	0.73000	0.01636	0.00764	0.00218	0.00327	0.01364	0.00600	0.00545
17	0.01260	0.00656	0.00662	0.00642	0.00809	0.00665	0.00486	0.04618	0.01430	0.02483	0.02083	0.02371	0.01631	0.00754	0.00460	0.00152	0.00319	0.00601	0.77291	0.00624
18	0.01340	0.01148	0.01340	0.00957	0.01531	0.00861	0.00766	0.01627	0.01340	0.02105	0.01148	0.01340	0.00957	0.00479	0.00479	0.00096	0.00479	0.00383	0.00383	0.81242
19	0.02414	0.03079	0.01831	0.01665	0.01998	0.74698	0.01248	0.02580	0.01831	0.01581	0.00999	0.01165	0.00832	0.00666	0.00583	0.00166	0.01165	0.00416	0.00333	0.00749
20	0.01041	0.00744	0.01041	0.01190	0.01339	0.00744	0.01041	0.01339	0.01487	0.01934	0.03421	0.07288	0.03719	0.01785	0.00892	0.00297	0.00595	0.68913	0.00595	0.00595
21	0.02899	0.01100	0.01499	0.01150	0.01649	0.00950	0.00950	0.03149	0.01849	0.73709	0.02549	0.02199	0.01599	0.00800	0.00650	0.00200	0.00550	0.00650	0.00800	0.01100
22	0.01607	0.01388	0.01461	0.01315	0.01680	0.01607	0.01023	0.03433	0.72094	0.02703	0.02630	0.02411	0.01972	0.00877	0.00657	0.00219	0.00511	0.00731	0.00657	0.01023
23	0.00804	0.00574	0.00769	0.00919	0.00963	0.00539	0.00629	0.00928	0.01253	0.01668	0.03552	0.72326	0.04237	0.02009	0.00829	0.00265	0.00389	0.06218	0.00599	0.00529
24	0.00787	0.00562	0.00750	0.00900	0.00937	0.00525	0.00600	0.00900	0.01237	0.01649	0.03561	0.76871	0.04274	0.02024	0.00825	0.00262	0.00375	0.01837	0.00600	0.00525
25	0.76448	0.01288	0.01017	0.00893	0.01301	0.01487	0.00736	0.06613	0.01232	0.02979	0.00944	0.01084	0.00727	0.00612	0.00417	0.00200	0.00514	0.00366	0.00417	0.00727
26	0.00936	0.00639	0.00770	0.00768	0.00795	0.00657	0.00474	0.00990	0.00997	0.01356	0.05152	0.03959	0.02388	0.61198	0.15697	0.00680	0.00806	0.00907	0.00398	0.00434
27	0.00792	0.00648	0.00693	0.00696	0.00886	0.00556	0.00513	0.00968	0.01493	0.01847	0.15798	0.10774	0.56659	0.03759	0.00839	0.00231	0.00336	0.01356	0.00610	0.00549
28	0.11426	0.00723	0.00830	0.00803	0.00981	0.00703	0.00602	0.01256	0.01612	0.02435	0.46175	0.12514	0.11404	0.01312	0.00708	0.00209	0.00340	0.01131	0.04232	0.00605
29	0.01581	0.01337	0.01405	0.01268	0.01620	0.01542	0.00985	0.03308	0.67474	0.02684	0.02596	0.02411	0.01952	0.00869	0.00644	0.00215	0.00498	0.00722	0.05897	0.00995
30	0.01727	0.77681	0.03386	0.01106	0.01658	0.02557	0.01106	0.01935	0.01313	0.01520	0.00898	0.01036	0.00829	0.00553	0.00415	0.00138	0.00691	0.00345	0.00276	0.00829
31	0.00787	0.00562	0.00750	0.00900	0.00937	0.00525	0.00600	0.00900	0.01237	0.01649	0.03561	0.76871	0.04274	0.02024	0.00825	0.00262	0.00375	0.01837	0.00600	0.00525
32	0.01340	0.01148	0.01340	0.00957	0.01531	0.00861	0.00766	0.01627	0.01340	0.02105	0.01148	0.01340	0.00957	0.00479	0.00479	0.00096	0.00479	0.00383	0.00383	0.81242
33	0.00765	0.00648	0.00661	0.00671	0.00877	0.00544	0.00498	0.00925	0.01457	0.01739	0.06342	0.11031	0.68318	0.01663	0.00768	0.00221	0.00331	0.01396	0.00600	0.00544
34	0.01795	0.02365	0.33558	0.01930	0.10239	0.03585	0.05293	0.14556	0.07013	0.11114	0.01516	0.01616	0.01080	0.00678	0.00637	0.00201	0.00822	0.00559	0.00441	0.01001
35	0.02212	0.01754	0.01776	0.01385	0.01885	0.08276	0.01124	0.45750	0.07189	0.05775	0.01536	0.01558	0.01125	0.00720	0.00612	0.00176	0.00692	0.00544	0.00577	0.15333
36	0.02113	0.04027	0.02198	0.02046	0.15545	0.09959	0.06847	0.32047	0.06453	0.06367	0.01466	0.01594	0.01102	0.00726	0.00714	0.00197	0.04518	0.00581	0.00504	0.00996
37	0.02675	0.01120	0.01474	0.01159	0.01630	0.01019	0.00947	0.03119	0.10433	0.62653	0.04913	0.02313	0.01795	0.00827	0.00654	0.00202	0.00537	0.00677	0.00779	0.01074
38	0.00931	0.00599	0.00801	0.00917	0.00986	0.00554	0.00624	0.01053	0.01279	0.06558	0.03492	0.71784	0.04091	0.01941	0.00813	0.00258	0.00387	0.01756	0.00613	0.00564
39	0.04513	0.01695	0.03285	0.02505	0.06891	0.03594	0.53864	0.04086	0.06348	0.02165	0.01397	0.01806	0.01079	0.02797	0.00800	0.00226	0.00989	0.00725	0.00363	0.00873
40	0.01922	0.01861	0.02282	0.02787	0.38165	0.14812	0.03527	0.17196	0.04219	0.02461	0.01297	0.01533	0.01034	0.00641	0.00629	0.00186	0.00818	0.00552	0.00407	0.03669
41	0.01078	0.00794	0.01021	0.01102	0.01285	0.00786	0.00938	0.06000	0.01582	0.02035	0.03875	0.09028	0.16338	0.01697	0.00850	0.00275	0.00546	0.49555	0.00600	0.00618
42	0.00796	0.00569	0.00757	0.00894	0.00939	0.00530	0.00600	0.00921	0.01276	0.01711	0.08091	0.72165	0.04393	0.01978	0.00821	0.00259	0.00370	0.01793	0.00607	0.00530
43	0.01551	0.01340	0.01852	0.33182	0.10379	0.01559	0.01479	0.14364	0.17309	0.02359	0.01655	0.05184	0.01319	0.00788	0.00696	0.00214	0.02778	0.00667	0.00450	0.00876
44	0.11189	0.01029	0.01206	0.01078	0.01238	0.01198	0.00818	0.12569	0.01330	0.02016	0.01566	0.02579	0.01544	0.26812	0.19278	0.00550	0.12265	0.00694	0.00407	0.00635
45	0.02832	0.01207	0.01566	0.01200	0.01703	0.01109	0.00992	0.13390	0.02028	0.63216	0.02399	0.02102	0.01524	0.00796	0.00649	0.00199	0.00574	0.00640	0.00777	0.01099
46	0.01407	0.01129	0.01257	0.01137	0.01433	0.01245	0.00879	0.02664	0.45885	0.04735	0.26797	0.03235	0.03380	0.01027	0.00693	0.00213	0.00441	0.00879	0.00680	0.00883
47	0.01918	0.31500	0.07665	0.01369	0.01865	0.17085	0.01231	0.12228	0.15156	0.02161	0.01361	0.01422	0.01085	0.00674	0.00543	0.00172	0.00777	0.00477	0.00413	0.00897
48	0.01220	0.01148	0.01938	0.75739	0.04450	0.01436	0.01794	0.01651	0.01292	0.01651	0.01148	0.01723	0.00861	0.00646	0.00646	0.00215	0.00861	0.00574	0.00287	0.00718
49	0.02456	0.01810	0.01939	0.01487	0.02004	0.02004	0.01228	0.71107	0.03038	0.04072	0.01551	0.01551	0.01099	0.00776	0.00646	0.00194	0.00711	0.00582	0.00646	0.01099
50	0.00940	0.00626	0.00705	0.00705	0.00705	0.00626	0.00392	0.00940	0.00940	0.01253	0.02036	0.04228	0.02349	0.77292	0.03289	0.00626	0.00626	0.00940	0.00392	0.00392
51	0.02414	0.03079	0.01831	0.01665	0.01998	0.74698	0.01248	0.02580	0.01831	0.01581	0.00999	0.01165	0.00832	0.00666	0.00583	0.00166	0.01165	0.00416	0.00333	0.00749
52	0.01204	0.00602	0.00602	0.00602	0.00753	0.00602	0.00452	0.01506	0.01355	0.02409	0.02108	0.02409	0.01656	0.00753	0.00452	0.00151	0.00301	0.00602	0.80879	0.00602
53	0.00764	0.00655	0.00655	0.00655	0.00873	0.00545	0.00491	0.00927	0.01473	0.01745	0.06546	0.06218	0.73000	0.01636	0.00764	0.00218	0.00327	0.01364	0.00600	0.00545
54	0.02456	0.01810	0.01939	0.01487	0.02004	0.02004	0.01228	0.71107	0.03038	0.04072	0.01551	0.01551	0.01099	0.00776	0.00646	0.00194	0.00711	0.00582	0.00646	0.01099
55	0.00914	0.00660	0.00864	0.00813	0.00965	0.00610	0.00610	0.01219	0.01829	0.02591	0.72921	0.04827	0.06097	0.01321	0.00762	0.00203	0.00305	0.01169	0.00711	0.00610
56	0.01727	0.77681	0.03386	0.01106	0.01658	0.02557	0.01106	0.01935	0.01313	0.01520	0.00898	0.01036	0.00829	0.00553	0.00415	0.00138	0.00691	0.00345	0.00276	0.00829
57	0.81856	0.01250	0.00950	0.00850	0.01250	0.01449	0.00700	0.01899	0.01100	0.02899	0.00900	0.01050	0.00700	0.00600	0.00400	0.00200	0.00500	0.00350	0.00400	0.00700
