[name]
unknown

[dist]
# distance from previous block
# <min> <max>
10	36

[block]
# block no. 0 follows, 33 sequences, length 42
# corresponding to MSA columns:
# 39-80
name=unknown_A
#
# <colnr> <probs for GDERKNQSTAVLIFYWHMCP>
#	G	D	E	R	K	N	Q	S	T	A	V	L	I	F	Y	W	H	M	C	P
0	0.05523	0.01547	0.01620	0.03303	0.01807	0.10654	0.03855	0.16374	0.15364	0.07108	0.09788	0.05372	0.02034	0.00913	0.00710	0.00204	0.03081	0.02970	0.00566	0.07208
1	0.23975	0.01300	0.01360	0.04303	0.01606	0.03998	0.00954	0.09138	0.08954	0.04270	0.09593	0.06903	0.01845	0.00901	0.00771	0.00208	0.09378	0.00668	0.00498	0.09378
2	0.20836	0.01623	0.04728	0.04639	0.06749	0.06922	0.09102	0.16029	0.01779	0.07833	0.03338	0.01877	0.05710	0.00753	0.00639	0.00201	0.02177	0.00602	0.00477	0.03985
3	0.24549	0.01430	0.03828	0.03834	0.01761	0.04395	0.03250	0.09260	0.04532	0.13043	0.04303	0.01643	0.01255	0.00675	0.00552	0.00179	0.00604	0.00513	0.00499	0.19894
4	0.05068	0.01258	0.02025	0.61389	0.06945	0.01514	0.04214	0.06344	0.01443	0.01941	0.01195	0.01707	0.00897	0.00658	0.00651	0.00216	0.00855	0.00582	0.00325	0.00775
5	0.04523	0.01383	0.01478	0.04559	0.01769	0.06624	0.00944	0.11012	0.03671	0.05238	0.01465	0.04231	0.01234	0.00677	0.00561	0.00146	0.00595	0.02695	0.00458	0.46738
6	0.09159	0.01013	0.01055	0.00957	0.01099	0.06340	0.03461	0.03635	0.03217	0.04441	0.01914	0.05334	0.02025	0.50945	0.02414	0.00490	0.00676	0.00846	0.00431	0.00551
7	0.01326	0.01254	0.02123	0.60087	0.19085	0.01484	0.01869	0.01754	0.01355	0.01782	0.01185	0.01728	0.00913	0.00643	0.00657	0.00214	0.00857	0.00585	0.00300	0.00798
8	0.01488	0.01243	0.01431	0.01034	0.01612	0.01004	0.00831	0.09129	0.01553	0.02362	0.01215	0.01388	0.00991	0.00520	0.00506	0.00108	0.00513	0.00412	0.00419	0.72239
9	0.01227	0.00614	0.00614	0.00614	0.00767	0.00614	0.00460	0.01534	0.01381	0.02454	0.02148	0.02454	0.01687	0.00767	0.00460	0.00153	0.00307	0.00614	0.80518	0.00614
10	0.05772	0.17253	0.01867	0.01138	0.01624	0.04227	0.00972	0.02713	0.01720	0.47017	0.04673	0.02157	0.04406	0.00800	0.00607	0.00190	0.00596	0.00622	0.00655	0.00991
11	0.02091	0.42135	0.02699	0.01396	0.01853	0.36542	0.01195	0.02283	0.01588	0.01578	0.00964	0.01118	0.00846	0.00618	0.00504	0.00154	0.00933	0.00386	0.00309	0.00806
12	0.01227	0.00614	0.00614	0.00614	0.00767	0.00614	0.00460	0.01534	0.01381	0.02454	0.02148	0.02454	0.01687	0.00767	0.00460	0.00153	0.00307	0.00614	0.80518	0.00614
13	0.01780	0.01713	0.01554	0.01402	0.01768	0.14239	0.01082	0.03347	0.59467	0.02556	0.02391	0.02236	0.01808	0.00856	0.00657	0.00214	0.00637	0.00689	0.00612	0.00994
14	0.01227	0.00614	0.00614	0.00614	0.00767	0.00614	0.00460	0.01534	0.01381	0.02454	0.02148	0.02454	0.01687	0.00767	0.00460	0.00153	0.00307	0.00614	0.80518	0.00614
15	0.02379	0.01783	0.01906	0.01490	0.01995	0.01984	0.01221	0.61003	0.12855	0.03950	0.01737	0.01705	0.01246	0.00805	0.00660	0.00201	0.00695	0.00614	0.00660	0.01109
16	0.01320	0.01120	0.01332	0.00984	0.01519	0.00872	0.00785	0.01606	0.01332	0.02079	0.01233	0.01495	0.01047	0.00963	0.08363	0.00200	0.00624	0.00424	0.00386	0.72316
17	0.81514	0.01273	0.00968	0.00866	0.01273	0.01477	0.00713	0.01935	0.01120	0.02954	0.00917	0.01069	0.00713	0.00611	0.00407	0.00204	0.00509	0.00356	0.00407	0.00713
18	0.00962	0.00829	0.01429	0.01313	0.01485	0.00776	0.15488	0.01171	0.01323	0.01772	0.03139	0.60511	0.03639	0.01741	0.00827	0.00258	0.00537	0.01638	0.00552	0.00610
19	0.00820	0.00586	0.00784	0.00937	0.00983	0.00550	0.00642	0.00947	0.01278	0.01700	0.03619	0.71715	0.04315	0.02046	0.00845	0.00270	0.00397	0.06416	0.00611	0.00540
20	0.02309	0.01663	0.01816	0.01421	0.01873	0.01832	0.01154	0.60627	0.02776	0.03721	0.01518	0.01641	0.01123	0.01004	0.00931	0.11693	0.00703	0.00590	0.00605	0.01001
21	0.01243	0.01170	0.01975	0.75282	0.04534	0.01463	0.01828	0.01682	0.01316	0.01682	0.01170	0.01755	0.00878	0.00658	0.00658	0.00219	0.00878	0.00585	0.00293	0.00731
22	0.01613	0.01844	0.03616	0.02713	0.06319	0.06543	0.59793	0.02117	0.01549	0.02055	0.01287	0.01716	0.00985	0.00590	0.00818	0.00220	0.04275	0.00736	0.00331	0.00879
23	0.60203	0.01776	0.01210	0.01090	0.01479	0.21087	0.00864	0.02122	0.01321	0.02592	0.00944	0.01101	0.00749	0.00629	0.00458	0.00195	0.00692	0.00375	0.00389	0.00727
24	0.01286	0.01213	0.02051	0.67468	0.12016	0.01474	0.01849	0.01719	0.01336	0.01733	0.01178	0.01741	0.00896	0.00650	0.00657	0.00217	0.00867	0.00585	0.00296	0.00765
25	0.01296	0.01224	0.02070	0.65508	0.13893	0.01477	0.01855	0.01728	0.01341	0.01746	0.01179	0.01738	0.00900	0.00648	0.00657	0.00216	0.00864	0.00585	0.00297	0.00774
26	0.02431	0.01580	0.01769	0.01389	0.01878	0.01694	0.01137	0.43442	0.12540	0.19612	0.04257	0.01963	0.01527	0.00828	0.00665	0.00203	0.00645	0.00649	0.00698	0.01093
27	0.02377	0.01765	0.01895	0.01479	0.01976	0.01955	0.01212	0.63314	0.07587	0.03958	0.01735	0.04624	0.01308	0.00848	0.00667	0.00202	0.00697	0.00654	0.00657	0.01091
28	0.01180	0.00908	0.01453	0.04145	0.01627	0.00865	0.12675	0.01495	0.04253	0.07785	0.08702	0.35300	0.10328	0.01491	0.00793	0.00243	0.00548	0.04945	0.00579	0.00684
29	0.00909	0.00618	0.00732	0.00780	0.00792	0.00606	0.00465	0.00945	0.01052	0.01402	0.02558	0.26742	0.03003	0.53598	0.02570	0.00523	0.00559	0.01242	0.00465	0.00441
30	0.00855	0.00607	0.00804	0.00927	0.00980	0.00583	0.00642	0.00987	0.01265	0.01692	0.05742	0.56209	0.04039	0.10332	0.04048	0.00341	0.00485	0.08349	0.00581	0.00532
31	0.01387	0.01317	0.02234	0.48786	0.29907	0.01500	0.01900	0.01808	0.01384	0.01856	0.01195	0.01708	0.00939	0.00632	0.00656	0.00211	0.00842	0.00586	0.00305	0.00847
32	0.01513	0.01625	0.03278	0.14859	0.16621	0.01625	0.43847	0.02004	0.01486	0.02028	0.01271	0.01733	0.00983	0.00599	0.00782	0.00219	0.03615	0.00703	0.00323	0.00886
33	0.00877	0.00654	0.00823	0.00919	0.01034	0.00615	0.00690	0.01050	0.01358	0.01745	0.04198	0.32967	0.21649	0.07040	0.04136	0.00323	0.00502	0.18286	0.00585	0.00551
34	0.04168	0.02717	0.43199	0.01679	0.02434	0.06135	0.01891	0.17048	0.01825	0.08029	0.01439	0.01683	0.01057	0.00720	0.00637	0.00206	0.00874	0.02856	0.00421	0.00983
35	0.07295	0.05098	0.01767	0.01501	0.01851	0.47282	0.01147	0.14035	0.01930	0.02111	0.01272	0.04362	0.01119	0.05529	0.00770	0.00209	0.00982	0.00536	0.00411	0.00792
36	0.02238	0.01925	0.01882	0.07701	0.04618	0.15544	0.01284	0.36083	0.13668	0.05951	0.01647	0.01690	0.01210	0.00769	0.00648	0.00198	0.00787	0.00587	0.00564	0.01005
37	0.01258	0.01170	0.01932	0.62115	0.09594	0.01414	0.01735	0.01720	0.03742	0.01756	0.01392	0.06780	0.01163	0.00755	0.00670	0.00221	0.00825	0.00677	0.00330	0.00753
38	0.01418	0.01313	0.02181	0.47673	0.19891	0.01507	0.04804	0.06379	0.01478	0.01968	0.01245	0.01750	0.00969	0.00823	0.03704	0.00247	0.00892	0.00599	0.00329	0.00830
39	0.01713	0.01520	0.07327	0.27302	0.13045	0.01525	0.01599	0.12772	0.01665	0.09816	0.01369	0.01674	0.01023	0.00715	0.00779	0.00207	0.07638	0.00571	0.00417	0.07323
40	0.03968	0.01693	0.02204	0.01851	0.08402	0.03461	0.12548	0.34898	0.08037	0.06179	0.01574	0.01674	0.01158	0.00707	0.00654	0.00193	0.00752	0.00608	0.00543	0.08895
41	0.06967	0.01554	0.04690	0.09046	0.04185	0.01687	0.03536	0.29326	0.04832	0.04549	0.01656	0.07342	0.01415	0.00943	0.00897	0.00226	0.12072	0.03653	0.00512	0.00909

[dist]
# distance from previous block
# <min> <max>
3	22

[block]
# block no. 1 follows, 33 sequences, length 17
# corresponding to MSA columns:
# 103-119
name=unknown_B
#
# <colnr> <probs for GDERKNQSTAVLIFYWHMCP>
#	G	D	E	R	K	N	Q	S	T	A	V	L	I	F	Y	W	H	M	C	P
0	0.08171	0.03773	0.01525	0.12781	0.01994	0.05309	0.01067	0.19127	0.06915	0.04721	0.09600	0.12352	0.05343	0.01012	0.00665	0.00209	0.00619	0.00836	0.00546	0.03435
1	0.32756	0.01430	0.01410	0.07432	0.04892	0.05765	0.01009	0.15460	0.05936	0.06886	0.01749	0.01915	0.06144	0.03790	0.00674	0.00221	0.00631	0.00575	0.00493	0.00832
2	0.18053	0.01567	0.04807	0.01255	0.01745	0.04368	0.01067	0.24861	0.05361	0.16990	0.01838	0.01931	0.03346	0.00786	0.00603	0.00197	0.00635	0.02662	0.00585	0.07342
3	0.22817	0.17071	0.05170	0.01226	0.01723	0.01864	0.01084	0.24174	0.09298	0.05000	0.01563	0.01597	0.03360	0.00729	0.00548	0.00192	0.00636	0.00521	0.00503	0.00924
4	0.04787	0.05204	0.02049	0.08886	0.02329	0.42411	0.06053	0.13961	0.04392	0.02162	0.01200	0.01386	0.00943	0.00688	0.00614	0.00185	0.01011	0.00499	0.00400	0.00840
5	0.15877	0.09545	0.31535	0.01407	0.02052	0.01480	0.01541	0.04292	0.04261	0.12136	0.03447	0.04497	0.01354	0.00772	0.00596	0.00206	0.00729	0.02929	0.00439	0.00904
6	0.02503	0.01844	0.01976	0.01515	0.02042	0.02042	0.01251	0.70562	0.03095	0.04149	0.01581	0.01581	0.01120	0.00790	0.00659	0.00198	0.00724	0.00593	0.00659	0.01120
7	0.00866	0.00670	0.00788	0.00759	0.00943	0.00593	0.00569	0.01114	0.01707	0.02269	0.44124	0.05528	0.34729	0.01484	0.00777	0.00214	0.00320	0.01276	0.00676	0.00593
8	0.00940	0.00705	0.01058	0.01058	0.01176	0.00823	0.00823	0.01176	0.01058	0.01528	0.01763	0.02586	0.01646	0.04937	0.74255	0.01058	0.01763	0.00705	0.00353	0.00588
9	0.02503	0.01844	0.01976	0.01515	0.02042	0.02042	0.01251	0.70562	0.03095	0.04149	0.01581	0.01581	0.01120	0.00790	0.00659	0.00198	0.00724	0.00593	0.00659	0.01120
10	0.02265	0.01647	0.01757	0.01381	0.01847	0.01820	0.01130	0.56078	0.08328	0.03813	0.01743	0.01766	0.01266	0.00795	0.00633	0.00194	0.00653	0.00608	0.11230	0.01046
11	0.01760	0.77260	0.03450	0.01126	0.01690	0.02605	0.01126	0.01971	0.01338	0.01549	0.00915	0.01056	0.00845	0.00563	0.00422	0.00141	0.00704	0.00352	0.00282	0.00845
12	0.02255	0.01668	0.01802	0.01445	0.01920	0.01850	0.01179	0.48240	0.20498	0.06766	0.01967	0.02020	0.01455	0.00850	0.00670	0.00208	0.00661	0.02796	0.00667	0.01083
13	0.00795	0.00602	0.00734	0.00841	0.00935	0.00541	0.00577	0.00925	0.01334	0.01710	0.04554	0.55087	0.25103	0.01942	0.00821	0.00254	0.00367	0.01725	0.00611	0.00541
14	0.01269	0.00657	0.00685	0.00667	0.00823	0.00665	0.00499	0.04116	0.01405	0.02416	0.02047	0.02385	0.01623	0.00888	0.00634	0.06507	0.00344	0.00610	0.71155	0.00607
15	0.01737	0.01647	0.03383	0.04981	0.10647	0.01555	0.51721	0.02231	0.01584	0.11511	0.01484	0.01821	0.01083	0.00596	0.00745	0.00217	0.00995	0.00735	0.00395	0.00930
16	0.01902	0.01424	0.01520	0.01264	0.01668	0.03658	0.01006	0.26906	0.21204	0.08919	0.07889	0.05670	0.08464	0.00979	0.00680	0.00206	0.00577	0.00798	0.00651	0.04616

[dist]
# distance from previous block
# <min> <max>
0	2

[block]
# block no. 2 follows, 33 sequences, length 19
# corresponding to MSA columns:
# 122-140
name=unknown_C
#
# <colnr> <probs for GDERKNQSTAVLIFYWHMCP>
#	G	D	E	R	K	N	Q	S	T	A	V	L	I	F	Y	W	H	M	C	P
0	0.01489	0.01421	0.02418	0.29980	0.47917	0.01527	0.01950	0.01897	0.01433	0.01980	0.01213	0.01675	0.00983	0.00613	0.00654	0.00204	0.00817	0.00586	0.00314	0.00929
1	0.01588	0.02723	0.42641	0.01659	0.02355	0.10509	0.01845	0.13001	0.01724	0.02337	0.04599	0.06338	0.01375	0.00936	0.03287	0.00236	0.00921	0.00623	0.00390	0.00913
2	0.00938	0.00738	0.00857	0.00827	0.01026	0.00689	0.00630	0.01324	0.07647	0.02284	0.37707	0.05375	0.31539	0.01454	0.00774	0.00219	0.00351	0.04320	0.00670	0.00631
3	0.02273	0.03007	0.10394	0.01688	0.02112	0.57986	0.01395	0.05413	0.06263	0.01844	0.01165	0.01308	0.00931	0.00690	0.00605	0.00179	0.01100	0.00459	0.00366	0.00821
4	0.01637	0.01414	0.01489	0.01340	0.01712	0.01637	0.01042	0.03498	0.71568	0.02754	0.02679	0.02456	0.02010	0.00893	0.00670	0.00223	0.00521	0.00744	0.00670	0.01042
5	0.02087	0.04960	0.01767	0.01383	0.01835	0.01779	0.01120	0.29167	0.36171	0.09241	0.02171	0.02039	0.01583	0.00832	0.00654	0.00208	0.00611	0.00661	0.00660	0.01070
6	0.12904	0.09047	0.35673	0.02032	0.11482	0.06419	0.09421	0.02084	0.01410	0.02142	0.01134	0.01375	0.00863	0.00609	0.00595	0.00199	0.00889	0.00497	0.00313	0.00911
7	0.01243	0.01170	0.01975	0.75282	0.04534	0.01463	0.01828	0.01682	0.01316	0.01682	0.01170	0.01755	0.00878	0.00658	0.00658	0.00219	0.00878	0.00585	0.00293	0.00731
8	0.00802	0.00573	0.00764	0.00917	0.00955	0.00535	0.00611	0.00917	0.01260	0.01681	0.03628	0.76434	0.04354	0.02062	0.00840	0.00267	0.00382	0.01872	0.00611	0.00535
9	0.01100	0.00844	0.04238	0.01136	0.03540	0.00754	0.00827	0.01275	0.01340	0.08391	0.05992	0.55867	0.03682	0.01744	0.00891	0.00255	0.05349	0.01542	0.00589	0.00641
10	0.02186	0.01627	0.11791	0.01898	0.12715	0.01372	0.06196	0.08155	0.01736	0.32698	0.01877	0.02018	0.01333	0.00799	0.00823	0.00215	0.08345	0.02638	0.00561	0.01016
11	0.00802	0.00573	0.00764	0.00917	0.00955	0.00535	0.00611	0.00917	0.01260	0.01681	0.03628	0.76434	0.04354	0.02062	0.00840	0.00267	0.00382	0.01872	0.00611	0.00535
12	0.01243	0.01170	0.01975	0.75282	0.04534	0.01463	0.01828	0.01682	0.01316	0.01682	0.01170	0.01755	0.00878	0.00658	0.00658	0.00219	0.00878	0.00585	0.00293	0.00731
13	0.01600	0.01576	0.02510	0.12138	0.45245	0.05896	0.09091	0.04478	0.01547	0.02098	0.01404	0.06790	0.01237	0.00707	0.00676	0.00205	0.00823	0.00686	0.00355	0.00939
14	0.01367	0.02087	0.26234	0.02378	0.13935	0.01420	0.25607	0.01893	0.01443	0.02038	0.01639	0.13733	0.01495	0.00828	0.00717	0.00221	0.00894	0.00828	0.00359	0.00884
15	0.01061	0.00758	0.01061	0.01212	0.01364	0.00758	0.01061	0.01364	0.01515	0.01970	0.03486	0.07426	0.03789	0.01819	0.00909	0.00303	0.00606	0.68326	0.00606	0.00606
16	0.03925	0.04902	0.04488	0.04213	0.18105	0.01276	0.03078	0.06781	0.04311	0.24704	0.08935	0.02541	0.08139	0.00854	0.00665	0.00202	0.00622	0.00730	0.00575	0.00955
17	0.01806	0.04256	0.09759	0.02919	0.40911	0.01528	0.04832	0.06298	0.04940	0.11572	0.01563	0.01892	0.01227	0.00684	0.00658	0.00202	0.00763	0.02739	0.00429	0.01023
18	0.01543	0.01803	0.07871	0.05037	0.01929	0.14198	0.01431	0.01758	0.01203	0.01620	0.01038	0.01592	0.00970	0.04051	0.06753	0.00324	0.45278	0.00566	0.00305	0.00728

[dist]
# distance from previous block
# <min> <max>
0	3

[block]
# block no. 3 follows, 33 sequences, length 50
# corresponding to MSA columns:
# 144-193
name=unknown_D
#
# <colnr> <probs for GDERKNQSTAVLIFYWHMCP>
#	G	D	E	R	K	N	Q	S	T	A	V	L	I	F	Y	W	H	M	C	P
0	0.10508	0.43592	0.20020	0.01423	0.04589	0.06574	0.01439	0.02037	0.01365	0.01860	0.00998	0.01168	0.00835	0.00592	0.00489	0.00168	0.00780	0.00398	0.00300	0.00864
1	0.00800	0.00580	0.00756	0.00897	0.00950	0.00536	0.00602	0.00919	0.01279	0.01688	0.03865	0.70984	0.09652	0.02032	0.00835	0.00264	0.00378	0.01834	0.00611	0.00536
2	0.11448	0.00801	0.00812	0.00751	0.00988	0.00823	0.00583	0.01888	0.05710	0.10302	0.02076	0.02258	0.01579	0.00761	0.00489	0.00169	0.00373	0.00595	0.56887	0.00708
3	0.01217	0.00616	0.00623	0.00621	0.00775	0.00614	0.00466	0.01524	0.01397	0.02461	0.04590	0.02540	0.01845	0.00787	0.00471	0.00155	0.00307	0.00634	0.77745	0.00614
4	0.00940	0.00705	0.01058	0.01058	0.01176	0.00823	0.00823	0.01176	0.01058	0.01528	0.01763	0.02586	0.01646	0.04937	0.74255	0.01058	0.01763	0.00705	0.00353	0.00588
5	0.00802	0.00664	0.00703	0.00702	0.00906	0.00565	0.00523	0.00989	0.01545	0.01905	0.16489	0.09218	0.59444	0.01636	0.00781	0.00222	0.00332	0.01381	0.00628	0.00565
6	0.00884	0.00671	0.00814	0.00778	0.00954	0.00601	0.00584	0.01150	0.01751	0.02372	0.51971	0.05358	0.26818	0.01446	0.00777	0.00212	0.00318	0.01252	0.00689	0.00601
7	0.01365	0.01170	0.01365	0.00975	0.01560	0.00878	0.00780	0.01658	0.01365	0.02145	0.01170	0.01365	0.00975	0.00488	0.00488	0.00098	0.00488	0.00390	0.00390	0.80888
8	0.02471	0.01828	0.01958	0.01508	0.02030	0.02027	0.01244	0.68122	0.05587	0.04098	0.01621	0.01612	0.01152	0.00794	0.00659	0.00199	0.00717	0.00598	0.00659	0.01117
9	0.01382	0.02991	0.62113	0.01704	0.02564	0.01402	0.02147	0.02073	0.01411	0.05269	0.01352	0.01547	0.00965	0.00650	0.00609	0.00202	0.00880	0.00508	0.09293	0.00939
10	0.01760	0.77260	0.03450	0.01126	0.01690	0.02605	0.01126	0.01971	0.01338	0.01549	0.00915	0.01056	0.00845	0.00563	0.00422	0.00141	0.00704	0.00352	0.00282	0.00845
11	0.01372	0.03256	0.66946	0.01920	0.02860	0.01553	0.06563	0.04231	0.01453	0.02151	0.01203	0.01420	0.00853	0.00626	0.00636	0.00209	0.00974	0.00508	0.00293	0.00972
12	0.01440	0.01440	0.02016	0.01728	0.01728	0.02016	0.01440	0.01584	0.01008	0.01584	0.00864	0.01440	0.00864	0.01152	0.02160	0.00288	0.75659	0.00576	0.00288	0.00720
13	0.01634	0.01896	0.03706	0.02679	0.03317	0.08072	0.64265	0.02155	0.01581	0.02065	0.01304	0.01724	0.00986	0.00566	0.00761	0.00217	0.01117	0.00746	0.00334	0.00877
14	0.02501	0.01886	0.01972	0.01521	0.02041	0.04365	0.01252	0.68376	0.03056	0.04067	0.01562	0.01568	0.01111	0.00787	0.00656	0.00197	0.00739	0.00587	0.00648	0.01108
15	0.01320	0.03405	0.73453	0.01876	0.02849	0.01529	0.02432	0.02085	0.01390	0.02085	0.01181	0.01390	0.00834	0.00625	0.00625	0.00208	0.00973	0.00486	0.00278	0.00973
16	0.00940	0.00705	0.01058	0.01058	0.01176	0.00823	0.00823	0.01176	0.01058	0.01528	0.01763	0.02586	0.01646	0.04937	0.74255	0.01058	0.01763	0.00705	0.00353	0.00588
17	0.00932	0.00673	0.00880	0.00828	0.00984	0.00621	0.00621	0.01242	0.01863	0.02640	0.72410	0.04918	0.06212	0.01346	0.00776	0.00207	0.00311	0.01191	0.00725	0.00621
18	0.14406	0.01633	0.01747	0.01358	0.01864	0.01770	0.01121	0.48569	0.02589	0.15990	0.01658	0.01619	0.01147	0.00768	0.00622	0.00200	0.00664	0.00569	0.00648	0.01059
19	0.01381	0.05908	0.08010	0.01197	0.01527	0.00946	0.06027	0.01630	0.01404	0.13782	0.02628	0.38093	0.02749	0.03560	0.00802	0.00236	0.00557	0.01207	0.00548	0.07811
20	0.02189	0.01187	0.01619	0.11473	0.06812	0.01187	0.01145	0.10905	0.01849	0.36366	0.05578	0.04355	0.07720	0.00915	0.00736	0.00211	0.03397	0.00751	0.00645	0.00962
21	0.01760	0.77260	0.03450	0.01126	0.01690	0.02605	0.01126	0.01971	0.01338	0.01549	0.00915	0.01056	0.00845	0.00563	0.00422	0.00141	0.00704	0.00352	0.00282	0.00845
22	0.01452	0.01934	0.15407	0.02537	0.07495	0.01535	0.48297	0.01994	0.01496	0.02070	0.01503	0.08294	0.01270	0.00702	0.00749	0.00222	0.01002	0.00812	0.00348	0.00881
23	0.01243	0.01170	0.01975	0.75282	0.04534	0.01463	0.01828	0.01682	0.01316	0.01682	0.01170	0.01755	0.00878	0.00658	0.00658	0.00219	0.00878	0.00585	0.00293	0.00731
24	0.01243	0.01170	0.01975	0.75282	0.04534	0.01463	0.01828	0.01682	0.01316	0.01682	0.01170	0.01755	0.00878	0.00658	0.00658	0.00219	0.00878	0.00585	0.00293	0.00731
25	0.07546	0.01439	0.02025	0.01525	0.02060	0.01411	0.13159	0.21054	0.02104	0.37771	0.01996	0.01908	0.01324	0.00750	0.00665	0.00205	0.00697	0.00644	0.00663	0.01054
26	0.00957	0.00638	0.00718	0.00718	0.00718	0.00638	0.00399	0.00957	0.00957	0.01276	0.02074	0.04308	0.02393	0.76864	0.03351	0.00638	0.00638	0.00957	0.00399	0.00399
27	0.00788	0.00667	0.00680	0.00677	0.00895	0.00560	0.00508	0.00964	0.01523	0.01833	0.10818	0.06246	0.68307	0.01647	0.00778	0.00221	0.00332	0.01377	0.00618	0.00560
28	0.02426	0.01806	0.01933	0.01499	0.02012	0.02006	0.01233	0.64640	0.09142	0.04026	0.01678	0.01658	0.01198	0.00799	0.00660	0.00200	0.00706	0.00606	0.00660	0.01113
29	0.81514	0.01273	0.00968	0.00866	0.01273	0.01477	0.00713	0.01935	0.01120	0.02954	0.00917	0.01069	0.00713	0.00611	0.00407	0.00204	0.00509	0.00356	0.00407	0.00713
30	0.00957	0.00638	0.00718	0.00718	0.00718	0.00638	0.00399	0.00957	0.00957	0.01276	0.02074	0.04308	0.02393	0.76864	0.03351	0.00638	0.00638	0.00957	0.00399	0.00399
31	0.02098	0.01682	0.01745	0.01439	0.01888	0.04017	0.01154	0.37270	0.34971	0.03423	0.02076	0.01977	0.01526	0.00835	0.00662	0.00209	0.00643	0.00658	0.00654	0.01073
32	0.81514	0.01273	0.00968	0.00866	0.01273	0.01477	0.00713	0.01935	0.01120	0.02954	0.00917	0.01069	0.00713	0.00611	0.00407	0.00204	0.00509	0.00356	0.00407	0.00713
33	0.02503	0.01844	0.01976	0.01515	0.02042	0.02042	0.01251	0.70562	0.03095	0.04149	0.01581	0.01581	0.01120	0.00790	0.00659	0.00198	0.00724	0.00593	0.00659	0.01120
34	0.02871	0.01139	0.01525	0.01182	0.01683	0.01010	0.00972	0.03227	0.06282	0.68766	0.02602	0.02254	0.01654	0.00820	0.00663	0.00205	0.00558	0.00667	0.00806	0.01115
35	0.81514	0.01273	0.00968	0.00866	0.01273	0.01477	0.00713	0.01935	0.01120	0.02954	0.00917	0.01069	0.00713	0.00611	0.00407	0.00204	0.00509	0.00356	0.00407	0.00713
36	0.00933	0.00717	0.00859	0.00816	0.01002	0.00666	0.00614	0.01299	0.06041	0.02411	0.50164	0.05154	0.24068	0.01406	0.00770	0.00212	0.00330	0.01218	0.00690	0.00629
37	0.02954	0.01120	0.01528	0.01171	0.01681	0.00968	0.00968	0.03208	0.01884	0.73213	0.02597	0.02241	0.01630	0.00815	0.00662	0.00204	0.00560	0.00662	0.00815	0.01120
38	0.01209	0.00617	0.00630	0.00627	0.00780	0.00614	0.00470	0.01516	0.01410	0.02466	0.06458	0.02605	0.01965	0.00803	0.00480	0.00157	0.00307	0.00649	0.75623	0.00614
39	0.00829	0.00669	0.00737	0.00720	0.00920	0.00577	0.00540	0.01043	0.01620	0.02063	0.28371	0.05867	0.50610	0.01561	0.00778	0.00217	0.00326	0.01324	0.00649	0.00577
40	0.01838	0.01514	0.01601	0.01380	0.01788	0.01731	0.01090	0.19016	0.55724	0.03077	0.02425	0.02254	0.01804	0.00869	0.00667	0.00217	0.00568	0.00709	0.00667	0.01060
41	0.01243	0.01170	0.01975	0.75282	0.04534	0.01463	0.01828	0.01682	0.01316	0.01682	0.01170	0.01755	0.00878	0.00658	0.00658	0.00219	0.00878	0.00585	0.00293	0.00731
42	0.01890	0.63436	0.03154	0.01233	0.01754	0.15961	0.01154	0.02094	0.01436	0.01560	0.00934	0.01081	0.00845	0.00585	0.00454	0.00146	0.00794	0.00365	0.00292	0.00830
43	0.00849	0.00606	0.00815	0.00956	0.01018	0.00573	0.00680	0.01003	0.01333	0.01778	0.07455	0.61984	0.04372	0.01985	0.00847	0.00269	0.00412	0.11896	0.00617	0.00550
44	0.00812	0.00580	0.00775	0.00928	0.00970	0.00543	0.00628	0.00933	0.01270	0.01691	0.03623	0.73868	0.04333	0.02053	0.00843	0.00269	0.00390	0.04343	0.00611	0.00537
45	0.02459	0.03138	0.01866	0.01696	0.02035	0.74221	0.01272	0.02629	0.01866	0.01611	0.01018	0.01187	0.00848	0.00678	0.00594	0.00170	0.01187	0.00424	0.00339	0.00763
46	0.00957	0.00638	0.00718	0.00718	0.00718	0.00638	0.00399	0.00957	0.00957	0.01276	0.02074	0.04308	0.02393	0.76864	0.03351	0.00638	0.00638	0.00957	0.00399	0.00399
47	0.02459	0.03138	0.01866	0.01696	0.02035	0.74221	0.01272	0.02629	0.01866	0.01611	0.01018	0.01187	0.00848	0.00678	0.00594	0.00170	0.01187	0.00424	0.00339	0.00763
48	0.01600	0.22027	0.24861	0.01446	0.02052	0.05470	0.01496	0.06121	0.17321	0.02162	0.01613	0.06147	0.01338	0.00766	0.00592	0.00192	0.00748	0.00594	0.00415	0.03038
49	0.04485	0.38824	0.12991	0.01771	0.12622	0.15668	0.01462	0.02117	0.01461	0.01775	0.01021	0.01215	0.00869	0.00599	0.00518	0.00166	0.00838	0.00420	0.00303	0.00873

[dist]
# distance from previous block
# <min> <max>
0	1

[block]
# block no. 4 follows, 33 sequences, length 55
# corresponding to MSA columns:
# 195-249
name=unknown_E
#
# <colnr> <probs for GDERKNQSTAVLIFYWHMCP>
#	G	D	E	R	K	N	Q	S	T	A	V	L	I	F	Y	W	H	M	C	P
0	0.01853	0.19498	0.05386	0.01760	0.08000	0.01944	0.05736	0.10122	0.01537	0.11136	0.01257	0.01504	0.01010	0.00819	0.01100	0.00216	0.25275	0.00546	0.00403	0.00897
1	0.01383	0.01260	0.03550	0.01089	0.01611	0.01031	0.00904	0.03390	0.01364	0.02117	0.01175	0.01426	0.00990	0.00735	0.03520	0.00159	0.07642	0.00428	0.00382	0.65842
2	0.01485	0.30035	0.35786	0.01475	0.02186	0.01874	0.01692	0.02127	0.08670	0.01966	0.03682	0.01646	0.03381	0.00686	0.00565	0.00186	0.00787	0.00515	0.00345	0.00909
3	0.81514	0.01273	0.00968	0.00866	0.01273	0.01477	0.00713	0.01935	0.01120	0.02954	0.00917	0.01069	0.00713	0.00611	0.00407	0.00204	0.00509	0.00356	0.00407	0.00713
4	0.01636	0.01644	0.05056	0.03837	0.64797	0.01580	0.05939	0.03656	0.01536	0.02194	0.01250	0.01629	0.01035	0.00591	0.00658	0.00198	0.00806	0.00594	0.00333	0.01033
5	0.02565	0.01624	0.01817	0.01398	0.01907	0.01729	0.01154	0.51709	0.02739	0.20826	0.01848	0.01773	0.01264	0.00795	0.00652	0.00197	0.00669	0.00610	0.03623	0.01101
6	0.00831	0.00664	0.00744	0.00734	0.00924	0.00577	0.00547	0.01043	0.01610	0.02063	0.28611	0.09572	0.46598	0.01580	0.00781	0.00220	0.00328	0.01348	0.00649	0.00577
7	0.00810	0.00578	0.00773	0.00925	0.00967	0.00541	0.00624	0.00930	0.01268	0.01689	0.03624	0.74406	0.04338	0.02055	0.00842	0.00268	0.00389	0.03825	0.00611	0.00537
8	0.02500	0.01927	0.01969	0.01526	0.02041	0.06670	0.01253	0.66206	0.03016	0.03986	0.01544	0.01555	0.01102	0.00783	0.00654	0.00196	0.00754	0.00582	0.00638	0.01097
9	0.01637	0.01414	0.01489	0.01340	0.01712	0.01637	0.01042	0.03498	0.71568	0.02754	0.02679	0.02456	0.02010	0.00893	0.00670	0.00223	0.00521	0.00744	0.00670	0.01042
10	0.01760	0.77260	0.03450	0.01126	0.01690	0.02605	0.01126	0.01971	0.01338	0.01549	0.00915	0.01056	0.00845	0.00563	0.00422	0.00141	0.00704	0.00352	0.00282	0.00845
11	0.81514	0.01273	0.00968	0.00866	0.01273	0.01477	0.00713	0.01935	0.01120	0.02954	0.00917	0.01069	0.00713	0.00611	0.00407	0.00204	0.00509	0.00356	0.00407	0.00713
12	0.01243	0.01170	0.01975	0.75282	0.04534	0.01463	0.01828	0.01682	0.01316	0.01682	0.01170	0.01755	0.00878	0.00658	0.00658	0.00219	0.00878	0.00585	0.00293	0.00731
13	0.00940	0.00705	0.01058	0.01058	0.01176	0.00823	0.00823	0.01176	0.01058	0.01528	0.01763	0.02586	0.01646	0.04937	0.74255	0.01058	0.01763	0.00705	0.00353	0.00588
14	0.00957	0.00638	0.00718	0.00718	0.00718	0.00638	0.00399	0.00957	0.00957	0.01276	0.02074	0.04308	0.02393	0.76864	0.03351	0.00638	0.00638	0.00957	0.00399	0.00399
15	0.02370	0.02999	0.01806	0.01654	0.01977	0.70243	0.01236	0.02536	0.01833	0.01615	0.01159	0.05249	0.01037	0.00753	0.00607	0.00175	0.01144	0.00502	0.00354	0.00751
16	0.01554	0.01776	0.03885	0.02775	0.03441	0.01665	0.70366	0.02109	0.01554	0.02109	0.01332	0.01776	0.00999	0.00555	0.00777	0.00222	0.01110	0.00777	0.00333	0.00888
17	0.05839	0.01126	0.01507	0.01160	0.01666	0.00986	0.00958	0.03162	0.01856	0.70632	0.02535	0.02198	0.01596	0.00807	0.00653	0.00204	0.00558	0.00651	0.00800	0.01105
18	0.01911	0.01334	0.01644	0.16189	0.02260	0.01461	0.01190	0.28958	0.07862	0.12143	0.02115	0.16138	0.01832	0.01020	0.00695	0.00218	0.00651	0.00858	0.00597	0.00923
19	0.01554	0.01776	0.03885	0.02775	0.03441	0.01665	0.70366	0.02109	0.01554	0.02109	0.01332	0.01776	0.00999	0.00555	0.00777	0.00222	0.01110	0.00777	0.00333	0.00888
20	0.01333	0.03317	0.69697	0.01925	0.02881	0.01536	0.06100	0.02086	0.01399	0.02086	0.01190	0.01411	0.00843	0.00622	0.00634	0.00209	0.00980	0.00502	0.00281	0.00968
21	0.00802	0.00573	0.00764	0.00917	0.00955	0.00535	0.00611	0.00917	0.01260	0.01681	0.03628	0.76434	0.04354	0.02062	0.00840	0.00267	0.00382	0.01872	0.00611	0.00535
22	0.01760	0.77260	0.03450	0.01126	0.01690	0.02605	0.01126	0.01971	0.01338	0.01549	0.00915	0.01056	0.00845	0.00563	0.00422	0.00141	0.00704	0.00352	0.00282	0.00845
23	0.01112	0.00832	0.01097	0.00999	0.01107	0.00897	0.03326	0.04898	0.01152	0.01616	0.01834	0.03274	0.01909	0.41172	0.21451	0.00653	0.05752	0.00811	0.03029	0.03080
24	0.02459	0.03138	0.01866	0.01696	0.02035	0.74221	0.01272	0.02629	0.01866	0.01611	0.01018	0.01187	0.00848	0.00678	0.00594	0.00170	0.01187	0.00424	0.00339	0.00763
25	0.01144	0.00572	0.00858	0.00858	0.00858	0.00572	0.00572	0.00858	0.00858	0.01144	0.01144	0.02001	0.01144	0.02287	0.02573	0.80846	0.00572	0.00572	0.00286	0.00286
26	0.02066	0.01671	0.01696	0.01421	0.01854	0.06321	0.01132	0.28468	0.38774	0.06086	0.02161	0.02041	0.01589	0.00838	0.00661	0.00210	0.00640	0.00664	0.00651	0.01057
27	0.00802	0.00573	0.00764	0.00917	0.00955	0.00535	0.00611	0.00917	0.01260	0.01681	0.03628	0.76434	0.04354	0.02062	0.00840	0.00267	0.00382	0.01872	0.00611	0.00535
28	0.00816	0.00603	0.00764	0.00861	0.00948	0.00551	0.00593	0.00967	0.01387	0.01833	0.13857	0.54302	0.16319	0.01893	0.00821	0.00251	0.00364	0.01693	0.00627	0.00551
29	0.01282	0.01209	0.02044	0.68200	0.11315	0.01473	0.01847	0.01716	0.01335	0.01729	0.01177	0.01743	0.00894	0.00651	0.00658	0.00217	0.00868	0.00585	0.00296	0.00762
30	0.01545	0.01838	0.06558	0.02740	0.03418	0.01660	0.67756	0.02108	0.01548	0.02108	0.01326	0.01761	0.00993	0.00558	0.00771	0.00221	0.01105	0.00766	0.00331	0.00891
31	0.67832	0.05596	0.01208	0.00978	0.01386	0.10166	0.00802	0.02019	0.01220	0.02719	0.00929	0.01083	0.00736	0.00617	0.00430	0.00196	0.00600	0.00364	0.00393	0.00726
32	0.01238	0.02888	0.59720	0.01669	0.02491	0.01354	0.02083	0.01909	0.01459	0.02142	0.10969	0.02136	0.05559	0.00780	0.00654	0.00209	0.00849	0.00631	0.00356	0.00903
33	0.04169	0.74965	0.03375	0.01119	0.01677	0.02571	0.01114	0.01970	0.01331	0.01591	0.00915	0.01056	0.00841	0.00565	0.00422	0.00143	0.00698	0.00352	0.00285	0.00841
34	0.01753	0.01489	0.01943	0.01746	0.11468	0.01473	0.06668	0.20321	0.09928	0.02727	0.01464	0.01619	0.01140	0.00658	0.00661	0.00169	0.03405	0.00549	0.00477	0.30343
35	0.00893	0.00678	0.00836	0.00910	0.01031	0.00650	0.00660	0.01164	0.05756	0.01861	0.09928	0.39719	0.18766	0.03760	0.03731	0.00293	0.00455	0.07716	0.00609	0.00584
36	0.01709	0.09177	0.01717	0.01338	0.01733	0.04718	0.01066	0.05280	0.59591	0.02626	0.02401	0.02237	0.01818	0.00848	0.00641	0.00212	0.00573	0.00687	0.00617	0.01013
37	0.01144	0.00572	0.00858	0.00858	0.00858	0.00572	0.00572	0.00858	0.00858	0.01144	0.01144	0.02001	0.01144	0.02287	0.02573	0.80846	0.00572	0.00572	0.00286	0.00286
38	0.01579	0.01772	0.06903	0.02331	0.07204	0.05426	0.41601	0.06586	0.01657	0.02243	0.05935	0.04230	0.01431	0.00676	0.00721	0.00205	0.00935	0.00747	0.00390	0.07427
39	0.01559	0.18640	0.29884	0.03940	0.02783	0.06368	0.23711	0.02092	0.01459	0.01937	0.01162	0.01438	0.00891	0.00594	0.00629	0.00196	0.00970	0.00549	0.00301	0.00899
40	0.01144	0.00572	0.00858	0.00858	0.00858	0.00572	0.00572	0.00858	0.00858	0.01144	0.01144	0.02001	0.01144	0.02287	0.02573	0.80846	0.00572	0.00572	0.00286	0.00286
41	0.01350	0.00720	0.00742	0.00706	0.00897	0.00735	0.00538	0.03896	0.05861	0.04857	0.02178	0.02420	0.01688	0.00777	0.00486	0.00161	0.00342	0.00623	0.70350	0.00673
42	0.00848	0.00664	0.00739	0.00727	0.00918	0.00579	0.00543	0.01067	0.01608	0.02090	0.28274	0.08097	0.45195	0.01537	0.00767	0.00216	0.00326	0.01308	0.03919	0.00579
43	0.01825	0.02055	0.02090	0.24181	0.18010	0.30696	0.03533	0.02185	0.03787	0.01800	0.01236	0.03363	0.01026	0.00690	0.00639	0.00196	0.00965	0.00563	0.00339	0.00821
44	0.01339	0.03279	0.69315	0.01838	0.02772	0.01515	0.02346	0.04007	0.01435	0.02132	0.01263	0.03559	0.00944	0.00672	0.00633	0.00210	0.00949	0.00529	0.00298	0.00964
45	0.02690	0.01076	0.01426	0.01113	0.01574	0.00953	0.00913	0.05114	0.01871	0.61263	0.05077	0.02339	0.01787	0.00829	0.00646	0.00199	0.00531	0.00674	0.08875	0.01051
46	0.01243	0.01123	0.05775	0.01535	0.09314	0.01023	0.06904	0.03234	0.01440	0.05944	0.08727	0.13921	0.11555	0.07320	0.08581	0.00348	0.05565	0.05237	0.00495	0.00716
47	0.01427	0.21277	0.56513	0.01695	0.02569	0.01789	0.02116	0.02057	0.01377	0.01955	0.01117	0.01309	0.00837	0.00610	0.00576	0.00192	0.00908	0.00454	0.00279	0.00942
48	0.01061	0.00758	0.01061	0.01212	0.01364	0.00758	0.01061	0.01364	0.01515	0.01970	0.03486	0.07426	0.03789	0.01819	0.00909	0.00303	0.00606	0.68326	0.00606	0.00606
49	0.04419	0.01570	0.01759	0.01376	0.01860	0.01669	0.01126	0.48188	0.02633	0.19996	0.01949	0.07135	0.01462	0.00884	0.00666	0.00204	0.00656	0.00696	0.00685	0.01067
50	0.01295	0.01735	0.21191	0.06652	0.16763	0.01236	0.04709	0.05967	0.01506	0.02084	0.02268	0.19528	0.06476	0.01091	0.00717	0.00226	0.00720	0.04574	0.00432	0.00829
51	0.42162	0.01474	0.01362	0.01123	0.01574	0.06049	0.00918	0.16572	0.01753	0.19142	0.01445	0.01450	0.01015	0.00699	0.00530	0.00200	0.00608	0.00480	0.00548	0.00894
52	0.00854	0.00635	0.00884	0.01113	0.05466	0.00599	0.00700	0.00986	0.01275	0.01710	0.03478	0.71734	0.04146	0.01970	0.00828	0.00263	0.00407	0.01791	0.00593	0.00567
53	0.70510	0.01257	0.01033	0.00924	0.01324	0.01435	0.00765	0.04613	0.01250	0.05513	0.01165	0.01532	0.00956	0.00701	0.00458	0.00210	0.00526	0.04647	0.00445	0.00737
54	0.50338	0.01730	0.05775	0.01222	0.04137	0.14605	0.00984	0.04676	0.01392	0.02611	0.03345	0.04356	0.01095	0.00713	0.00503	0.00200	0.00668	0.00483	0.00412	0.00756

[dist]
# distance from previous block
# <min> <max>
1	6

[block]
# block no. 5 follows, 33 sequences, length 27
# corresponding to MSA columns:
# 256-282
name=unknown_F
#
# <colnr> <probs for GDERKNQSTAVLIFYWHMCP>
#	G	D	E	R	K	N	Q	S	T	A	V	L	I	F	Y	W	H	M	C	P
0	0.01329	0.03819	0.18062	0.01235	0.01744	0.01182	0.01192	0.04470	0.14118	0.02400	0.19048	0.05156	0.02538	0.00873	0.00640	0.00184	0.00574	0.00732	0.00511	0.20192
1	0.01736	0.00873	0.01141	0.01003	0.01291	0.00798	0.00775	0.02075	0.05818	0.30111	0.26036	0.16817	0.06239	0.01254	0.00737	0.00218	0.00435	0.01089	0.00732	0.00823
2	0.01555	0.01488	0.02537	0.17838	0.59544	0.01545	0.01983	0.01955	0.01464	0.02060	0.01225	0.01654	0.01011	0.00600	0.00653	0.00200	0.00801	0.00586	0.00319	0.00982
3	0.00787	0.00667	0.00679	0.00676	0.00895	0.00560	0.00507	0.00962	0.01521	0.01828	0.10464	0.06254	0.68664	0.01649	0.00778	0.00221	0.00332	0.01378	0.00618	0.00560
4	0.81514	0.01273	0.00968	0.00866	0.01273	0.01477	0.00713	0.01935	0.01120	0.02954	0.00917	0.01069	0.00713	0.00611	0.00407	0.00204	0.00509	0.00356	0.00407	0.00713
5	0.00836	0.00669	0.00747	0.00728	0.00925	0.00580	0.00546	0.01057	0.01637	0.02103	0.31420	0.05802	0.47537	0.01546	0.00777	0.00217	0.00325	0.01315	0.00654	0.00580
6	0.01760	0.77260	0.03450	0.01126	0.01690	0.02605	0.01126	0.01971	0.01338	0.01549	0.00915	0.01056	0.00845	0.00563	0.00422	0.00141	0.00704	0.00352	0.00282	0.00845
7	0.01365	0.01170	0.01365	0.00975	0.01560	0.00878	0.00780	0.01658	0.01365	0.02145	0.01170	0.01365	0.00975	0.00488	0.00488	0.00098	0.00488	0.00390	0.00390	0.80888
8	0.01536	0.01469	0.02504	0.21219	0.56307	0.01540	0.01974	0.01939	0.01455	0.02038	0.01222	0.01660	0.01003	0.00604	0.00653	0.00201	0.00805	0.00586	0.00318	0.00968
9	0.00809	0.00578	0.00770	0.00912	0.00956	0.00539	0.00612	0.00934	0.01292	0.01731	0.07281	0.72636	0.04453	0.02024	0.00837	0.00264	0.00378	0.01835	0.00617	0.00539
10	0.00818	0.00666	0.00708	0.00699	0.00893	0.00573	0.00514	0.00997	0.01524	0.01891	0.17728	0.05943	0.55914	0.07072	0.00965	0.00250	0.00352	0.01324	0.00616	0.00556
11	0.02214	0.01675	0.01799	0.01432	0.01901	0.01861	0.01165	0.51728	0.17504	0.03753	0.06555	0.01989	0.01649	0.00849	0.00669	0.00204	0.00654	0.00665	0.00665	0.01070
12	0.01037	0.05872	0.01210	0.01035	0.01142	0.00990	0.00789	0.01204	0.01055	0.01480	0.01761	0.05018	0.01784	0.21083	0.44477	0.00810	0.07558	0.00765	0.00361	0.00570
13	0.01678	0.15480	0.31243	0.04232	0.05168	0.09743	0.07796	0.08779	0.03658	0.02137	0.01205	0.01417	0.00924	0.00654	0.00655	0.00196	0.03261	0.00510	0.00341	0.00924
14	0.01643	0.08289	0.12694	0.07045	0.04933	0.04239	0.32081	0.04154	0.04366	0.07253	0.01537	0.06000	0.01234	0.00704	0.00695	0.00211	0.00917	0.00718	0.00393	0.00895
15	0.01094	0.00779	0.01034	0.01030	0.04380	0.00750	0.00737	0.03952	0.01780	0.05320	0.51143	0.04380	0.09910	0.01685	0.08798	0.00300	0.00519	0.01080	0.00658	0.00671
16	0.01141	0.00970	0.01405	0.05978	0.13691	0.00976	0.03767	0.01620	0.10015	0.02230	0.25530	0.17016	0.10504	0.01251	0.00747	0.00221	0.00498	0.01125	0.00576	0.00739
17	0.04677	0.01745	0.04032	0.01734	0.07778	0.12987	0.08731	0.16510	0.08789	0.14447	0.04371	0.04240	0.01593	0.02503	0.00730	0.00215	0.00767	0.02666	0.00547	0.00940
18	0.00914	0.00639	0.00725	0.00738	0.00782	0.00622	0.00448	0.00959	0.01077	0.01403	0.02958	0.10888	0.14098	0.55578	0.05025	0.00551	0.00602	0.01100	0.00451	0.00443
19	0.03725	0.02264	0.16923	0.06185	0.15887	0.16749	0.18246	0.05283	0.01612	0.02085	0.01297	0.04313	0.01060	0.00675	0.00666	0.00203	0.00965	0.00621	0.00347	0.00893
20	0.01841	0.01676	0.02444	0.06727	0.52071	0.06474	0.01812	0.11979	0.01759	0.04954	0.01319	0.01621	0.01054	0.00634	0.00650	0.00195	0.00797	0.00579	0.00391	0.01023
21	0.01112	0.00941	0.01498	0.03648	0.04311	0.00924	0.12111	0.04548	0.03929	0.01987	0.05062	0.40423	0.05300	0.01557	0.00808	0.00252	0.00575	0.09786	0.00553	0.00674
22	0.00780	0.00660	0.00674	0.00685	0.00894	0.00554	0.00508	0.00943	0.01483	0.01771	0.06448	0.11421	0.67547	0.01696	0.00783	0.00226	0.00337	0.01424	0.00611	0.00554
23	0.01592	0.15823	0.10842	0.12759	0.16225	0.08118	0.07848	0.02030	0.04368	0.04402	0.01789	0.02003	0.07985	0.00729	0.00627	0.00195	0.00808	0.00622	0.00368	0.00868
24	0.04092	0.25026	0.16222	0.01797	0.11016	0.07038	0.05456	0.04717	0.10951	0.02115	0.04602	0.01630	0.01287	0.00676	0.00581	0.00186	0.00776	0.00538	0.00384	0.00913
25	0.01707	0.05257	0.06004	0.03062	0.46109	0.09488	0.01744	0.06637	0.01614	0.02151	0.01395	0.02012	0.01234	0.03578	0.00753	0.00215	0.00812	0.04910	0.00366	0.00952
26	0.01387	0.01136	0.01178	0.01138	0.01367	0.07943	0.00865	0.02080	0.22158	0.06228	0.08168	0.19547	0.05616	0.01694	0.08769	0.00320	0.00666	0.05493	0.03487	0.00761

[dist]
# distance from previous block
# <min> <max>
2	15

[block]
# block no. 6 follows, 33 sequences, length 59
# corresponding to MSA columns:
# 298-356
name=unknown_G
#
# <colnr> <probs for GDERKNQSTAVLIFYWHMCP>
#	G	D	E	R	K	N	Q	S	T	A	V	L	I	F	Y	W	H	M	C	P
0	0.18066	0.09891	0.05916	0.02127	0.20770	0.22510	0.03564	0.06114	0.01598	0.02206	0.01096	0.01319	0.00892	0.00628	0.00565	0.00186	0.00852	0.00470	0.00358	0.00871
1	0.12617	0.03435	0.01426	0.01192	0.04595	0.03523	0.00917	0.06236	0.01755	0.37425	0.07687	0.02460	0.06744	0.00862	0.00622	0.00198	0.00545	0.00686	0.06144	0.00932
2	0.01701	0.03771	0.02112	0.04668	0.26828	0.16287	0.06075	0.07256	0.03745	0.02161	0.09025	0.02204	0.03957	0.04208	0.02971	0.00239	0.00834	0.00675	0.00418	0.00864
3	0.00906	0.00669	0.00846	0.00808	0.00969	0.00609	0.00604	0.01189	0.01792	0.02485	0.60747	0.07496	0.15604	0.01416	0.00779	0.00211	0.00316	0.01242	0.00705	0.00609
4	0.01549	0.02700	0.44601	0.01986	0.05552	0.01608	0.12039	0.12815	0.04298	0.02430	0.01473	0.01660	0.02899	0.00678	0.00660	0.00209	0.00912	0.00584	0.00371	0.00978
5	0.00832	0.00585	0.00755	0.00879	0.00910	0.00554	0.00571	0.00924	0.01203	0.01604	0.03332	0.62695	0.03981	0.16312	0.01319	0.00338	0.00431	0.01697	0.00571	0.00509
6	0.00924	0.00673	0.00869	0.00820	0.00979	0.00618	0.00615	0.01227	0.01844	0.02594	0.68934	0.04993	0.09716	0.01363	0.00777	0.00208	0.00312	0.01201	0.00719	0.00618
7	0.05217	0.01179	0.01394	0.01022	0.01583	0.00948	0.00826	0.03506	0.01498	0.16688	0.01459	0.01535	0.01100	0.00566	0.00523	0.00126	0.00509	0.00448	0.00483	0.59390
8	0.00892	0.00662	0.00831	0.00809	0.00964	0.00601	0.00599	0.01158	0.01739	0.02393	0.54031	0.12460	0.17476	0.01475	0.00783	0.00216	0.00322	0.01294	0.00694	0.00601
9	0.01544	0.06727	0.40001	0.01797	0.05867	0.03528	0.05473	0.06888	0.08430	0.04279	0.04888	0.01712	0.01281	0.00690	0.00632	0.00200	0.00836	0.00566	0.00391	0.04272
10	0.04766	0.11784	0.36242	0.06407	0.11273	0.03721	0.08805	0.02009	0.01435	0.02055	0.04656	0.01593	0.01140	0.00644	0.00618	0.00199	0.00879	0.00545	0.00320	0.00909
11	0.02459	0.03138	0.01866	0.01696	0.02035	0.74221	0.01272	0.02629	0.01866	0.01611	0.01018	0.01187	0.00848	0.00678	0.00594	0.00170	0.01187	0.00424	0.00339	0.00763
12	0.00802	0.00573	0.00764	0.00917	0.00955	0.00535	0.00611	0.00917	0.01260	0.01681	0.03628	0.76434	0.04354	0.02062	0.00840	0.00267	0.00382	0.01872	0.00611	0.00535
13	0.00843	0.00669	0.00757	0.00735	0.00929	0.00583	0.00551	0.01071	0.01654	0.02143	0.34479	0.05736	0.44452	0.01531	0.00777	0.00216	0.00324	0.01305	0.00659	0.00583
14	0.01760	0.77260	0.03450	0.01126	0.01690	0.02605	0.01126	0.01971	0.01338	0.01549	0.00915	0.01056	0.00845	0.00563	0.00422	0.00141	0.00704	0.00352	0.00282	0.00845
15	0.01756	0.01479	0.05405	0.04357	0.09924	0.08287	0.03337	0.12581	0.05351	0.12084	0.09441	0.11334	0.05081	0.01024	0.00697	0.00212	0.00659	0.03355	0.02770	0.00867
16	0.00785	0.00667	0.00676	0.00674	0.00893	0.00559	0.00505	0.00958	0.01516	0.01816	0.09543	0.06274	0.69593	0.01653	0.00778	0.00222	0.00332	0.01381	0.00616	0.00559
17	0.01144	0.00572	0.00858	0.00858	0.00858	0.00572	0.00572	0.00858	0.00858	0.01144	0.01144	0.02001	0.01144	0.02287	0.02573	0.80846	0.00572	0.00572	0.00286	0.00286
18	0.21866	0.10925	0.01738	0.01315	0.05476	0.08182	0.01019	0.16010	0.01723	0.07016	0.01296	0.01444	0.01011	0.00876	0.04423	0.00221	0.00715	0.00472	0.02700	0.11572
19	0.03422	0.17996	0.15612	0.02101	0.11599	0.08326	0.17987	0.05460	0.03384	0.02052	0.01238	0.01518	0.00989	0.00837	0.04497	0.00237	0.00951	0.00556	0.00339	0.00899
20	0.00949	0.00641	0.00725	0.00722	0.00738	0.00634	0.00414	0.00972	0.01025	0.01367	0.05964	0.04416	0.05203	0.70074	0.03119	0.00600	0.00610	0.00986	0.00424	0.00416
21	0.01333	0.05482	0.71485	0.01855	0.02817	0.01559	0.02396	0.02082	0.01388	0.02070	0.01174	0.01381	0.00834	0.00624	0.00620	0.00207	0.00965	0.00483	0.00278	0.00969
22	0.01505	0.01517	0.09059	0.04350	0.05294	0.04270	0.01140	0.05843	0.20308	0.04601	0.08618	0.02486	0.08110	0.00840	0.00637	0.00185	0.00592	0.00695	0.00521	0.19428
23	0.01030	0.00807	0.01096	0.01199	0.08383	0.00738	0.00802	0.01311	0.01649	0.02313	0.39900	0.13757	0.09001	0.01327	0.00752	0.00210	0.00408	0.05824	0.00619	0.08873
