[name]
unknown

[dist]
# distance from previous block
# <min> <max>
2	44

[block]
# block no. 0 follows, 33 sequences, length 11
# corresponding to MSA columns:
# 50-60
name=unknown_A
#
# <colnr> <probs for GDERKNQSTAVLIFYWHMCP>
#	G	D	E	R	K	N	Q	S	T	A	V	L	I	F	Y	W	H	M	C	P
0	0.01946	0.17154	0.16305	0.01466	0.03787	0.01801	0.01384	0.26490	0.05160	0.08714	0.04683	0.01905	0.04815	0.00780	0.00616	0.00192	0.00712	0.00600	0.00513	0.00981
1	0.04859	0.37785	0.12880	0.01359	0.01963	0.02214	0.01342	0.25747	0.01946	0.02578	0.01184	0.01286	0.00934	0.00653	0.00533	0.00172	0.00743	0.00455	0.00416	0.00954
2	0.04116	0.38868	0.20902	0.01458	0.02103	0.04285	0.06352	0.07880	0.01534	0.02003	0.01313	0.01462	0.03862	0.00649	0.00539	0.00175	0.00796	0.00483	0.00336	0.00885
3	0.01669	0.10861	0.29716	0.01475	0.04215	0.01374	0.01526	0.02226	0.06507	0.17299	0.06481	0.05864	0.06261	0.00860	0.00643	0.00204	0.00703	0.00701	0.00489	0.00926
4	0.07012	0.21633	0.04161	0.01489	0.03788	0.13895	0.01248	0.27474	0.02055	0.04153	0.01226	0.01349	0.00962	0.00718	0.00677	0.00185	0.06108	0.00485	0.00451	0.00931
5	0.00807	0.00620	0.00731	0.00803	0.00921	0.00553	0.00559	0.00952	0.01385	0.01769	0.09474	0.40697	0.31619	0.04820	0.00911	0.00260	0.00368	0.01596	0.00611	0.00544
6	0.01817	0.64190	0.07479	0.01224	0.01800	0.05668	0.01220	0.06878	0.01489	0.01768	0.00983	0.01119	0.00864	0.00588	0.00459	0.00150	0.00743	0.00380	0.00311	0.00868
7	0.04768	0.07066	0.59258	0.01818	0.02706	0.01619	0.05571	0.05934	0.01480	0.02210	0.01186	0.01389	0.00854	0.00627	0.00615	0.00205	0.00932	0.00494	0.00308	0.00959
8	0.00821	0.00604	0.00772	0.00886	0.00968	0.00556	0.00618	0.00967	0.01353	0.01776	0.08759	0.56731	0.15387	0.01938	0.00830	0.00258	0.00381	0.05230	0.00619	0.00548
9	0.00857	0.00632	0.00795	0.00904	0.00999	0.00589	0.00655	0.01009	0.01335	0.01724	0.04126	0.43260	0.18505	0.07671	0.01033	0.00293	0.00433	0.14046	0.00594	0.00542
10	0.01832	0.29077	0.26440	0.01622	0.05908	0.09540	0.01622	0.06825	0.01585	0.08081	0.01221	0.01349	0.00938	0.00634	0.00557	0.00179	0.00838	0.00460	0.00360	0.00932

[dist]
# distance from previous block
# <min> <max>
1	15

[block]
# block no. 1 follows, 33 sequences, length 26
# corresponding to MSA columns:
# 76-101
name=unknown_B
#
# <colnr> <probs for GDERKNQSTAVLIFYWHMCP>
#	G	D	E	R	K	N	Q	S	T	A	V	L	I	F	Y	W	H	M	C	P
0	0.06408	0.44958	0.13172	0.01242	0.01799	0.09397	0.01249	0.03494	0.01442	0.01799	0.01558	0.01662	0.08045	0.00703	0.00510	0.00167	0.00744	0.00489	0.00336	0.00825
1	0.01861	0.36639	0.10114	0.01515	0.02062	0.09003	0.08262	0.10420	0.03821	0.04110	0.01176	0.01341	0.00953	0.00662	0.00647	0.00179	0.05494	0.00480	0.00366	0.00894
2	0.01533	0.16794	0.32130	0.01599	0.02260	0.03183	0.08063	0.05993	0.01512	0.05682	0.01581	0.11986	0.01409	0.00827	0.00631	0.00201	0.00808	0.00695	0.00385	0.02730
3	0.00964	0.00875	0.06752	0.00825	0.00943	0.00708	0.00605	0.01069	0.01100	0.01470	0.05420	0.04275	0.10971	0.55564	0.05373	0.00550	0.00658	0.00971	0.00426	0.00482
4	0.01098	0.00741	0.00945	0.00990	0.01128	0.00725	0.00741	0.05286	0.01435	0.06003	0.03455	0.35244	0.10704	0.08437	0.07116	0.00358	0.00585	0.13810	0.00585	0.00612
5	0.02050	0.10707	0.02110	0.01492	0.01938	0.08131	0.08029	0.28124	0.05875	0.08761	0.06830	0.02244	0.01689	0.02523	0.00755	0.00211	0.02471	0.04571	0.00554	0.00937
6	0.01550	0.01398	0.02158	0.28909	0.18649	0.05216	0.08699	0.04769	0.02765	0.06367	0.01577	0.09625	0.01370	0.00816	0.00733	0.00217	0.03204	0.00741	0.00394	0.00843
7	0.01002	0.00813	0.01342	0.01231	0.01403	0.00908	0.07814	0.01269	0.01108	0.01587	0.01720	0.02505	0.01581	0.04497	0.66868	0.00974	0.01698	0.00713	0.00351	0.00618
8	0.01250	0.01355	0.07891	0.69206	0.04395	0.01468	0.01878	0.01715	0.01322	0.01715	0.01171	0.01725	0.00874	0.00655	0.00655	0.00218	0.00885	0.00577	0.00291	0.00751
9	0.01572	0.09440	0.51526	0.01814	0.02662	0.01641	0.07758	0.07607	0.01565	0.06527	0.01289	0.01460	0.00920	0.00639	0.00625	0.00203	0.00916	0.00518	0.00346	0.00975
10	0.01525	0.01919	0.16687	0.04956	0.16821	0.01530	0.31893	0.02031	0.01480	0.05068	0.01449	0.06019	0.01189	0.00699	0.00770	0.00218	0.03750	0.00728	0.00355	0.00913
11	0.01243	0.01170	0.01975	0.75282	0.04534	0.01463	0.01828	0.01682	0.01316	0.01682	0.01170	0.01755	0.00878	0.00658	0.00658	0.00219	0.00878	0.00585	0.00293	0.00731
12	0.00985	0.00767	0.01029	0.01236	0.07036	0.00746	0.00850	0.01286	0.05537	0.01899	0.05965	0.36583	0.13387	0.01732	0.00821	0.00260	0.00470	0.18186	0.00593	0.00630
13	0.01468	0.04576	0.31080	0.02376	0.03159	0.01639	0.41813	0.02095	0.01484	0.02083	0.01261	0.01604	0.00930	0.00583	0.00708	0.00214	0.01045	0.00651	0.00310	0.00920
14	0.01515	0.04833	0.41921	0.02139	0.02961	0.01576	0.26945	0.02157	0.01477	0.06291	0.01312	0.01571	0.00941	0.00609	0.00677	0.00211	0.00990	0.00598	0.00330	0.00947
15	0.00876	0.00660	0.00789	0.00849	0.01001	0.00597	0.00648	0.01027	0.01413	0.01768	0.06542	0.19668	0.37432	0.01819	0.00966	0.06921	0.00419	0.15475	0.00586	0.00542
16	0.04706	0.01559	0.01776	0.01386	0.01851	0.01680	0.01142	0.44040	0.02547	0.20552	0.05959	0.01915	0.01517	0.00846	0.00750	0.00205	0.05207	0.00637	0.00671	0.01054
17	0.01728	0.38541	0.09049	0.07236	0.02219	0.08096	0.08216	0.02160	0.06795	0.04004	0.01193	0.01390	0.00977	0.00653	0.00637	0.00180	0.05243	0.00483	0.00339	0.00861
18	0.03716	0.06884	0.03988	0.01607	0.01728	0.01845	0.03928	0.01597	0.01073	0.01647	0.01025	0.01577	0.00975	0.01600	0.12237	0.00381	0.52588	0.00577	0.00302	0.00723
19	0.01011	0.00664	0.00859	0.00944	0.01042	0.00628	0.00686	0.01159	0.01319	0.05919	0.03488	0.39492	0.08644	0.14748	0.01271	0.00332	0.00482	0.16161	0.00586	0.00563
20	0.06363	0.01424	0.02352	0.25932	0.47266	0.01527	0.01881	0.01910	0.01419	0.02054	0.01198	0.01634	0.00972	0.00610	0.00639	0.00203	0.00795	0.00572	0.00320	0.00926
21	0.01663	0.01941	0.12404	0.02396	0.20432	0.08847	0.14650	0.08366	0.11175	0.02300	0.01659	0.08157	0.01410	0.00783	0.00685	0.00210	0.00837	0.00725	0.00423	0.00938
22	0.01267	0.00768	0.00967	0.00870	0.01104	0.00696	0.00669	0.01583	0.03697	0.14524	0.46117	0.04663	0.17895	0.01304	0.00754	0.00210	0.00363	0.01126	0.00717	0.00705
23	0.01687	0.03759	0.22100	0.08884	0.25294	0.01676	0.08075	0.16124	0.01783	0.02487	0.01289	0.01565	0.00979	0.00642	0.00653	0.00203	0.00859	0.00572	0.00378	0.00994
24	0.03637	0.06906	0.11736	0.16224	0.40657	0.01616	0.05968	0.01967	0.01434	0.02036	0.01194	0.01576	0.00961	0.00602	0.00635	0.00200	0.00831	0.00563	0.00313	0.00946
25	0.02294	0.02784	0.01906	0.01902	0.09291	0.59511	0.01336	0.05264	0.01858	0.01791	0.01207	0.01612	0.01050	0.00740	0.00621	0.00181	0.01093	0.04396	0.00366	0.00797

[dist]
# distance from previous block
# <min> <max>
1	4

[block]
# block no. 2 follows, 33 sequences, length 22
# corresponding to MSA columns:
# 106-127
name=unknown_C
#
# <colnr> <probs for GDERKNQSTAVLIFYWHMCP>
#	G	D	E	R	K	N	Q	S	T	A	V	L	I	F	Y	W	H	M	C	P
0	0.01777	0.27359	0.18412	0.01504	0.02095	0.04371	0.06104	0.12325	0.07538	0.04992	0.01363	0.01564	0.01083	0.03648	0.00730	0.00204	0.03085	0.00524	0.00400	0.00920
1	0.19624	0.15398	0.27703	0.01600	0.06746	0.07554	0.01574	0.06076	0.01484	0.05058	0.01145	0.01304	0.00871	0.00630	0.00544	0.00191	0.00796	0.00449	0.00359	0.00894
2	0.37753	0.14482	0.08619	0.01281	0.01742	0.16654	0.03329	0.02086	0.01343	0.02265	0.00973	0.01164	0.00791	0.00644	0.00570	0.00192	0.04578	0.00407	0.00352	0.00776
3	0.00967	0.00737	0.01081	0.01066	0.01169	0.00869	0.00822	0.01180	0.01048	0.01512	0.01741	0.02659	0.01663	0.10227	0.65196	0.00987	0.05423	0.00718	0.00353	0.00580
4	0.81514	0.01273	0.00968	0.00866	0.01273	0.01477	0.00713	0.01935	0.01120	0.02954	0.00917	0.01069	0.00713	0.00611	0.00407	0.00204	0.00509	0.00356	0.00407	0.00713
5	0.01688	0.03773	0.02199	0.06055	0.19522	0.04826	0.11220	0.17532	0.06838	0.02493	0.02107	0.05788	0.08722	0.00983	0.03091	0.00235	0.00784	0.00761	0.00469	0.00913
6	0.00841	0.00608	0.00796	0.00878	0.00961	0.00563	0.00609	0.01019	0.01459	0.01983	0.25151	0.51102	0.07939	0.01822	0.00818	0.00247	0.00358	0.01638	0.00646	0.00563
7	0.01610	0.04921	0.10011	0.01990	0.07747	0.16104	0.19821	0.02113	0.07413	0.02012	0.06614	0.04864	0.05477	0.00828	0.00780	0.00210	0.05517	0.00732	0.00404	0.00835
8	0.01426	0.01601	0.13911	0.03829	0.01793	0.04024	0.01187	0.04702	0.30731	0.02409	0.06950	0.04772	0.06935	0.01132	0.04278	0.00253	0.00655	0.00770	0.07769	0.00874
9	0.00908	0.00689	0.00806	0.00807	0.00956	0.00640	0.00586	0.01160	0.04118	0.02013	0.26540	0.11864	0.26826	0.13828	0.01206	0.00294	0.00403	0.05170	0.00615	0.00570
10	0.01536	0.18831	0.29578	0.01670	0.04332	0.04616	0.05474	0.02322	0.16112	0.02063	0.01512	0.04063	0.01217	0.00730	0.00655	0.00200	0.03206	0.00577	0.00379	0.00926
11	0.07513	0.38078	0.09604	0.01626	0.09364	0.17924	0.01354	0.04370	0.01517	0.01862	0.01019	0.01196	0.00865	0.00608	0.00510	0.00166	0.00831	0.00414	0.00320	0.00860
12	0.01320	0.03405	0.73453	0.01876	0.02849	0.01529	0.02432	0.02085	0.01390	0.02085	0.01181	0.01390	0.00834	0.00625	0.00625	0.00208	0.00973	0.00486	0.00278	0.00973
13	0.08723	0.01712	0.02089	0.06119	0.09898	0.05467	0.07761	0.35843	0.04093	0.09537	0.01533	0.01634	0.01107	0.00723	0.00646	0.00201	0.00762	0.00591	0.00548	0.01014
14	0.01550	0.10620	0.32314	0.06509	0.10805	0.01585	0.08196	0.04194	0.03856	0.06647	0.03786	0.01877	0.01266	0.00704	0.00643	0.00205	0.00843	0.03090	0.00376	0.00935
15	0.01057	0.00653	0.00859	0.00918	0.01035	0.00596	0.00646	0.01217	0.01427	0.09732	0.13329	0.54270	0.08134	0.01802	0.00808	0.00249	0.00389	0.01615	0.00650	0.00613
16	0.00865	0.00682	0.00797	0.00862	0.01039	0.00613	0.00681	0.01066	0.01474	0.01823	0.05326	0.15794	0.43183	0.01764	0.00825	0.00252	0.00421	0.21356	0.00610	0.00568
17	0.01646	0.05652	0.06122	0.20952	0.25567	0.01607	0.13797	0.06419	0.03487	0.06384	0.01360	0.01700	0.01039	0.00635	0.00663	0.00205	0.00845	0.00611	0.00374	0.00933
18	0.01094	0.00774	0.01008	0.08369	0.01453	0.00765	0.00820	0.01401	0.05750	0.07290	0.06207	0.31655	0.19046	0.01611	0.00791	0.00247	0.00469	0.10002	0.00602	0.00647
19	0.01711	0.01263	0.01369	0.01176	0.01523	0.01371	0.00927	0.23237	0.23752	0.05400	0.07787	0.07950	0.08842	0.01034	0.00673	0.00209	0.00518	0.00854	0.09496	0.00909
20	0.02112	0.01573	0.01684	0.01474	0.04357	0.05314	0.01132	0.20871	0.36668	0.14131	0.02244	0.02100	0.01624	0.00832	0.00661	0.00210	0.00623	0.00670	0.00661	0.01060
21	0.01957	0.04676	0.08250	0.09251	0.24023	0.11683	0.05129	0.19568	0.01942	0.05295	0.01330	0.01559	0.01016	0.00667	0.00642	0.00195	0.00853	0.00562	0.00423	0.00977

[dist]
# distance from previous block
# <min> <max>
0	7

[block]
# block no. 3 follows, 33 sequences, length 77
# corresponding to MSA columns:
# 135-211
name=unknown_D
#
# <colnr> <probs for GDERKNQSTAVLIFYWHMCP>
#	G	D	E	R	K	N	Q	S	T	A	V	L	I	F	Y	W	H	M	C	P
0	0.01909	0.06539	0.01598	0.01260	0.01637	0.08615	0.01002	0.12745	0.26543	0.12849	0.06860	0.07120	0.03873	0.00944	0.00657	0.00205	0.00600	0.00766	0.03341	0.00937
1	0.05048	0.18535	0.14150	0.01472	0.05924	0.09271	0.01312	0.08218	0.03018	0.09153	0.01448	0.01546	0.02914	0.00657	0.00558	0.00168	0.00733	0.00490	0.00416	0.14968
2	0.01497	0.01509	0.02132	0.37409	0.12987	0.10522	0.08317	0.03427	0.01493	0.01883	0.01387	0.02138	0.01172	0.00736	0.00674	0.00211	0.00879	0.06463	0.00347	0.04815
3	0.01157	0.00710	0.00863	0.00810	0.01015	0.00638	0.00612	0.01410	0.01674	0.10670	0.34336	0.09979	0.21672	0.01350	0.00731	0.00209	0.00351	0.01161	0.09996	0.00656
4	0.00890	0.00671	0.00822	0.00785	0.00958	0.00604	0.00589	0.01162	0.01766	0.02407	0.54670	0.05300	0.24096	0.01433	0.00777	0.00211	0.00317	0.01244	0.00694	0.00604
5	0.00823	0.00662	0.00733	0.00728	0.00920	0.00573	0.00541	0.01026	0.01587	0.02014	0.24899	0.10508	0.49469	0.01603	0.00782	0.00221	0.00330	0.01365	0.00643	0.00573
6	0.01574	0.01577	0.02004	0.01713	0.01768	0.06725	0.01417	0.06019	0.01196	0.01748	0.00920	0.01433	0.00879	0.01098	0.01963	0.00275	0.66061	0.00567	0.00315	0.00748
7	0.00957	0.00638	0.00718	0.00718	0.00718	0.00638	0.00399	0.00957	0.00957	0.01276	0.02074	0.04308	0.02393	0.76864	0.03351	0.00638	0.00638	0.00957	0.00399	0.00399
8	0.20834	0.01446	0.10601	0.01378	0.01790	0.01255	0.12662	0.06224	0.01383	0.05821	0.01624	0.02533	0.01474	0.16898	0.06540	0.00366	0.00810	0.05198	0.00423	0.00740
9	0.00835	0.00610	0.00791	0.00906	0.00987	0.00566	0.00640	0.00992	0.01369	0.01810	0.10528	0.55163	0.12411	0.01926	0.00833	0.00260	0.00390	0.07810	0.00622	0.00552
10	0.05538	0.27906	0.40255	0.01498	0.02272	0.01833	0.01769	0.02003	0.01357	0.01954	0.01078	0.01259	0.00843	0.00592	0.00535	0.00176	0.00819	0.00427	0.00295	0.07590
11	0.01904	0.03626	0.01933	0.01870	0.13114	0.06839	0.01308	0.22226	0.24702	0.02797	0.01801	0.03662	0.01423	0.00848	0.00816	0.00214	0.08735	0.00653	0.00536	0.00993
12	0.00957	0.00638	0.00718	0.00718	0.00718	0.00638	0.00399	0.00957	0.00957	0.01276	0.02074	0.04308	0.02393	0.76864	0.03351	0.00638	0.00638	0.00957	0.00399	0.00399
13	0.10312	0.01635	0.08957	0.18594	0.11424	0.05125	0.01456	0.10658	0.03556	0.14470	0.01480	0.01655	0.01070	0.00680	0.00614	0.00198	0.00743	0.00548	0.00461	0.06365
14	0.01549	0.01482	0.02527	0.18813	0.58611	0.01543	0.01981	0.01950	0.01461	0.02054	0.01224	0.01655	0.01009	0.00601	0.00653	0.00200	0.00802	0.00586	0.00319	0.00978
15	0.01227	0.00614	0.00614	0.00614	0.00767	0.00614	0.00460	0.01534	0.01381	0.02454	0.02148	0.02454	0.01687	0.00767	0.00460	0.00153	0.00307	0.00614	0.80518	0.00614
16	0.01602	0.01725	0.05018	0.12494	0.14693	0.03433	0.39167	0.06293	0.04759	0.02199	0.01359	0.01743	0.01035	0.00608	0.00720	0.00214	0.00973	0.00691	0.00360	0.00913
17	0.00985	0.00757	0.00968	0.00952	0.01098	0.00810	0.00710	0.01353	0.08580	0.01794	0.10837	0.06033	0.13265	0.12960	0.35146	0.00664	0.01054	0.00941	0.00483	0.00608
18	0.01061	0.00758	0.01061	0.01212	0.01364	0.00758	0.01061	0.01364	0.01515	0.01970	0.03486	0.07426	0.03789	0.01819	0.00909	0.00303	0.00606	0.68326	0.00606	0.00606
19	0.01987	0.53178	0.02935	0.01311	0.01802	0.25873	0.01174	0.02185	0.01509	0.01569	0.00948	0.01099	0.00846	0.00601	0.00478	0.00150	0.00861	0.00375	0.00300	0.00818
20	0.01748	0.13926	0.27748	0.05649	0.10096	0.01790	0.04104	0.15023	0.01726	0.06370	0.01290	0.01483	0.00967	0.00679	0.00690	0.00199	0.04627	0.00526	0.00389	0.00969
21	0.01642	0.01587	0.02778	0.09420	0.50752	0.01604	0.13667	0.06477	0.01598	0.02236	0.01271	0.01661	0.01027	0.00600	0.00674	0.00202	0.00842	0.00619	0.00346	0.00996
22	0.00802	0.00573	0.00764	0.00917	0.00955	0.00535	0.00611	0.00917	0.01260	0.01681	0.03628	0.76434	0.04354	0.02062	0.00840	0.00267	0.00382	0.01872	0.00611	0.00535
23	0.06888	0.14825	0.14569	0.10758	0.11235	0.05978	0.03660	0.13963	0.01719	0.05934	0.01340	0.03893	0.01069	0.00699	0.00602	0.00194	0.00795	0.00557	0.00404	0.00918
24	0.01654	0.01938	0.16756	0.05025	0.12365	0.05707	0.14523	0.10859	0.05499	0.05947	0.04181	0.02252	0.08722	0.00788	0.00686	0.00208	0.00816	0.00708	0.00445	0.00920
25	0.00823	0.00605	0.00775	0.00891	0.00972	0.00557	0.00622	0.00970	0.01353	0.01777	0.08648	0.56684	0.14913	0.01939	0.00831	0.00259	0.00384	0.05832	0.00618	0.00548
26	0.02900	0.01207	0.01581	0.01212	0.01724	0.01096	0.01002	0.11274	0.02029	0.64943	0.02475	0.02162	0.01569	0.00812	0.00662	0.00203	0.00580	0.00654	0.00796	0.01120
27	0.01624	0.01675	0.12855	0.17453	0.15008	0.01437	0.08670	0.11432	0.01675	0.06902	0.01575	0.04023	0.02543	0.00714	0.00652	0.00200	0.00781	0.00639	0.04015	0.06128
28	0.01722	0.01704	0.02299	0.20229	0.36816	0.11434	0.01772	0.08427	0.01630	0.02125	0.01205	0.01585	0.00975	0.00664	0.00723	0.00203	0.04651	0.00564	0.00349	0.00922
29	0.01312	0.01267	0.01607	0.01448	0.01523	0.07106	0.01171	0.01496	0.01095	0.01563	0.01249	0.01896	0.01187	0.02685	0.31935	0.00598	0.39256	0.00618	0.00319	0.00669
30	0.00880	0.00640	0.00849	0.00963	0.01055	0.00593	0.00692	0.01042	0.01331	0.01791	0.06234	0.58457	0.04147	0.01905	0.00828	0.00261	0.00420	0.12170	0.00602	0.05139
31	0.01756	0.03692	0.01649	0.07110	0.01955	0.10395	0.01145	0.12739	0.36938	0.02574	0.02190	0.07461	0.01800	0.00939	0.00711	0.00217	0.02738	0.02485	0.00572	0.00934
32	0.01637	0.01414	0.01489	0.01340	0.01712	0.01637	0.01042	0.03498	0.71568	0.02754	0.02679	0.02456	0.02010	0.00893	0.00670	0.00223	0.00521	0.00744	0.00670	0.01042
33	0.01456	0.01371	0.02304	0.31604	0.38369	0.01484	0.03502	0.03512	0.01468	0.01999	0.01443	0.02002	0.02968	0.00689	0.00670	0.00210	0.00808	0.02910	0.00338	0.00891
34	0.00957	0.00638	0.00718	0.00718	0.00718	0.00638	0.00399	0.00957	0.00957	0.01276	0.02074	0.04308	0.02393	0.76864	0.03351	0.00638	0.00638	0.00957	0.00399	0.00399
35	0.00863	0.00641	0.00769	0.00790	0.00909	0.00585	0.00551	0.01038	0.01475	0.01960	0.26940	0.22763	0.22685	0.13611	0.01202	0.00294	0.00386	0.01373	0.00615	0.00547
36	0.01440	0.01334	0.02180	0.41932	0.28603	0.01511	0.01815	0.04845	0.03792	0.01988	0.01280	0.01751	0.01008	0.00775	0.02863	0.00235	0.00851	0.00595	0.00335	0.00866
37	0.01036	0.00730	0.00841	0.00789	0.01015	0.00649	0.00600	0.01320	0.04042	0.07792	0.30368	0.05358	0.40125	0.01455	0.00765	0.00215	0.00349	0.01237	0.00671	0.00641
38	0.02272	0.08391	0.08496	0.01640	0.03740	0.29725	0.01367	0.29063	0.04575	0.02691	0.01305	0.01401	0.00996	0.00713	0.00612	0.00184	0.00917	0.00504	0.00465	0.00944
39	0.01063	0.00728	0.00944	0.00855	0.01056	0.00655	0.00649	0.01369	0.01832	0.06186	0.64226	0.04550	0.05638	0.01263	0.00752	0.00200	0.00335	0.01112	0.00707	0.05879
40	0.03559	0.15038	0.33846	0.01652	0.02358	0.01666	0.09237	0.05878	0.06839	0.06583	0.06012	0.01741	0.01354	0.00695	0.00620	0.00199	0.00815	0.00574	0.00400	0.00935
41	0.01717	0.13951	0.04611	0.02149	0.20823	0.16732	0.06810	0.02197	0.09023	0.02034	0.06058	0.04072	0.01534	0.00737	0.00618	0.00188	0.00791	0.00624	0.04458	0.00874
42	0.01302	0.00636	0.00653	0.00638	0.00807	0.00629	0.00482	0.01607	0.01402	0.05533	0.02167	0.02445	0.01685	0.00769	0.00469	0.00156	0.00318	0.00616	0.77050	0.00636
43	0.01365	0.01170	0.01365	0.00975	0.01560	0.00878	0.00780	0.01658	0.01365	0.02145	0.01170	0.01365	0.00975	0.00488	0.00488	0.00098	0.00488	0.00390	0.00390	0.80888
44	0.00957	0.00638	0.00718	0.00718	0.00718	0.00638	0.00399	0.00957	0.00957	0.01276	0.02074	0.04308	0.02393	0.76864	0.03351	0.00638	0.00638	0.00957	0.00399	0.00399
45	0.00808	0.00576	0.00762	0.00909	0.00945	0.00539	0.00603	0.00918	0.01248	0.01664	0.03566	0.73531	0.04275	0.05074	0.00941	0.00282	0.00392	0.01835	0.00603	0.00529
46	0.00932	0.00673	0.00880	0.00828	0.00984	0.00621	0.00621	0.01242	0.01863	0.02640	0.72410	0.04918	0.06212	0.01346	0.00776	0.00207	0.00311	0.01191	0.00725	0.00621
47	0.01909	0.08398	0.21379	0.01912	0.07362	0.13121	0.09827	0.13056	0.04605	0.07624	0.01375	0.01532	0.01024	0.00686	0.00685	0.00199	0.03388	0.00551	0.00414	0.00953
48	0.01572	0.01505	0.02568	0.14704	0.62546	0.01549	0.01992	0.01970	0.01472	0.02081	0.01228	0.01648	0.01018	0.00597	0.00653	0.00199	0.00796	0.00586	0.00321	0.00996
49	0.00801	0.00578	0.00759	0.00904	0.00952	0.00536	0.00605	0.00918	0.01273	0.01686	0.03783	0.72880	0.07809	0.02042	0.00837	0.00265	0.00379	0.01847	0.00611	0.00536
50	0.20566	0.05447	0.05712	0.06771	0.06291	0.20680	0.12395	0.10634	0.01688	0.02375	0.01141	0.01371	0.00887	0.00642	0.00589	0.00195	0.00883	0.00506	0.00384	0.00844
51	0.00795	0.00659	0.00697	0.00706	0.00905	0.00560	0.00523	0.00972	0.01514	0.01854	0.12869	0.12768	0.59563	0.01673	0.00784	0.00225	0.00336	0.01415	0.00622	0.00560
52	0.01601	0.01548	0.02684	0.08625	0.65035	0.01562	0.05236	0.02003	0.01490	0.02118	0.01238	0.01644	0.01030	0.00590	0.00658	0.00198	0.00804	0.00595	0.00324	0.01015
53	0.00948	0.00695	0.00891	0.00838	0.01002	0.00650	0.00630	0.01300	0.03973	0.02612	0.67856	0.04895	0.08533	0.01344	0.00773	0.00208	0.00318	0.01184	0.00719	0.00632
54	0.00802	0.00573	0.00764	0.00917	0.00955	0.00535	0.00611	0.00917	0.01260	0.01681	0.03628	0.76434	0.04354	0.02062	0.00840	0.00267	0.00382	0.01872	0.00611	0.00535
55	0.01365	0.01170	0.01365	0.00975	0.01560	0.00878	0.00780	0.01658	0.01365	0.02145	0.01170	0.01365	0.00975	0.00488	0.00488	0.00098	0.00488	0.00390	0.00390	0.80888
56	0.00986	0.00633	0.00720	0.00726	0.00768	0.00625	0.00445	0.01071	0.01130	0.01618	0.08793	0.09278	0.02782	0.52466	0.02475	0.00495	0.00537	0.00991	0.12995	0.00463
57	0.00946	0.00694	0.00891	0.00869	0.01016	0.00658	0.00641	0.01302	0.05297	0.02486	0.57395	0.16728	0.05689	0.01443	0.00782	0.00218	0.00333	0.01282	0.00703	0.00628
58	0.00865	0.00667	0.00791	0.00780	0.00956	0.00593	0.00585	0.01103	0.01664	0.02202	0.38650	0.09995	0.33419	0.01539	0.00786	0.00220	0.00334	0.03595	0.00667	0.00588
59	0.34419	0.01154	0.01182	0.00985	0.01386	0.01204	0.00803	0.08509	0.01619	0.24719	0.06316	0.01907	0.01517	0.00758	0.00540	0.00197	0.00506	0.00560	0.10861	0.00857
60	0.00940	0.00705	0.01058	0.01058	0.01176	0.00823	0.00823	0.01176	0.01058	0.01528	0.01763	0.02586	0.01646	0.04937	0.74255	0.01058	0.01763	0.00705	0.00353	0.00588
61	0.01366	0.04669	0.02033	0.14700	0.32458	0.03053	0.03594	0.01712	0.01514	0.02064	0.12656	0.05778	0.07715	0.00871	0.00677	0.00203	0.00676	0.00791	0.02637	0.00833
62	0.02113	0.09200	0.04659	0.07368	0.11852	0.44951	0.04959	0.03976	0.01727	0.01785	0.01084	0.01323	0.00890	0.00649	0.00603	0.00179	0.01045	0.00475	0.00334	0.00828
63	0.78611	0.01267	0.00988	0.00877	0.01288	0.01458	0.00722	0.01982	0.01149	0.05550	0.00979	0.01113	0.00747	0.00619	0.00417	0.00204	0.00511	0.00368	0.00422	0.00728
64	0.01148	0.01029	0.01479	0.01732	0.17418	0.04078	0.05687	0.01419	0.01561	0.02102	0.23136	0.23169	0.10759	0.01317	0.00758	0.00222	0.00531	0.01196	0.00549	0.00711
65	0.01334	0.03322	0.70270	0.01974	0.05993	0.01530	0.02414	0.02082	0.01395	0.02088	0.01184	0.01401	0.00843	0.00624	0.00627	0.00208	0.00964	0.00491	0.00280	0.00976
66	0.01470	0.01280	0.02096	0.22729	0.28579	0.01352	0.05913	0.05571	0.01588	0.04357	0.10907	0.04453	0.01836	0.00777	0.00676	0.00206	0.00723	0.00722	0.03902	0.00863
67	0.03760	0.23541	0.04862	0.01056	0.01390	0.01434	0.00915	0.01845	0.13514	0.02047	0.11490	0.15517	0.05418	0.03670	0.00722	0.00216	0.00530	0.02759	0.04563	0.00752
68	0.01283	0.01224	0.02107	0.67218	0.09085	0.01479	0.04923	0.01724	0.01339	0.01733	0.01182	0.01748	0.00894	0.00649	0.00663	0.00218	0.00882	0.00594	0.00297	0.00759
69	0.00866	0.00679	0.00792	0.00828	0.00984	0.00629	0.00601	0.03332	0.01434	0.01821	0.06626	0.29909	0.37312	0.02114	0.08621	0.00326	0.00515	0.01451	0.00588	0.00573
70	0.00862	0.00667	0.00785	0.00762	0.00942	0.00590	0.00569	0.01104	0.01688	0.02240	0.42058	0.07948	0.34396	0.01507	0.00779	0.00216	0.00323	0.01298	0.00673	0.00590
71	0.81514	0.01273	0.00968	0.00866	0.01273	0.01477	0.00713	0.01935	0.01120	0.02954	0.00917	0.01069	0.00713	0.00611	0.00407	0.00204	0.00509	0.00356	0.00407	0.00713
72	0.00957	0.00638	0.00718	0.00718	0.00718	0.00638	0.00399	0.00957	0.00957	0.01276	0.02074	0.04308	0.02393	0.76864	0.03351	0.00638	0.00638	0.00957	0.00399	0.00399
73	0.02330	0.01990	0.10377	0.01639	0.02220	0.04962	0.07677	0.45469	0.02560	0.11754	0.01607	0.01637	0.01124	0.00748	0.00663	0.00201	0.00789	0.00598	0.00589	0.01066
74	0.10919	0.05635	0.02528	0.10236	0.41443	0.01607	0.09559	0.04080	0.01495	0.04587	0.01243	0.01581	0.00994	0.00605	0.00626	0.00199	0.00784	0.00571	0.00357	0.00950
75	0.00813	0.00581	0.00777	0.00930	0.00973	0.00544	0.00631	0.00936	0.01272	0.01693	0.03622	0.73431	0.04330	0.02052	0.00843	0.00269	0.00392	0.04763	0.00611	0.00538
76	0.76252	0.01227	0.00954	0.00869	0.01252	0.01415	0.00706	0.01869	0.01129	0.02871	0.01093	0.05983	0.00950	0.00706	0.00436	0.00208	0.00501	0.00455	0.00421	0.00701

[dist]
# distance from previous block
# <min> <max>
0	4

[block]
# block no. 4 follows, 33 sequences, length 26
# corresponding to MSA columns:
# 216-241
name=unknown_E
#
# <colnr> <probs for GDERKNQSTAVLIFYWHMCP>
#	G	D	E	R	K	N	Q	S	T	A	V	L	I	F	Y	W	H	M	C	P
0	0.02434	0.06070	0.01941	0.01656	0.02022	0.64667	0.01264	0.08820	0.01956	0.01841	0.01065	0.01218	0.00873	0.00684	0.00592	0.00171	0.01125	0.00436	0.00366	0.00799
1	0.01885	0.38689	0.03039	0.01628	0.02146	0.20253	0.15757	0.02248	0.05340	0.01748	0.01125	0.01317	0.00942	0.00608	0.00553	0.00170	0.00900	0.00481	0.00328	0.00844
2	0.01480	0.01206	0.01400	0.01022	0.01590	0.00964	0.00818	0.04295	0.05270	0.04886	0.01320	0.01465	0.01061	0.00533	0.00510	0.00112	0.00501	0.00427	0.00431	0.70711
3	0.02095	0.20318	0.11429	0.01662	0.04596	0.39901	0.01417	0.05839	0.01708	0.01806	0.01047	0.01225	0.00867	0.00660	0.00606	0.00173	0.03049	0.00434	0.00332	0.00836
4	0.28163	0.26902	0.04374	0.01184	0.01637	0.04487	0.01066	0.12566	0.01548	0.02472	0.03274	0.01310	0.01014	0.00693	0.00621	0.00188	0.06834	0.00442	0.00398	0.00828
5	0.00957	0.00638	0.00718	0.00718	0.00718	0.00638	0.00399	0.00957	0.00957	0.01276	0.02074	0.04308	0.02393	0.76864	0.03351	0.00638	0.00638	0.00957	0.00399	0.00399
6	0.01788	0.18759	0.09601	0.03984	0.03538	0.01646	0.03417	0.16347	0.01762	0.06511	0.01289	0.01426	0.00998	0.00612	0.00552	0.00156	0.00681	0.00473	0.00428	0.26032
7	0.01062	0.00774	0.00927	0.00976	0.03124	0.00734	0.00680	0.03857	0.06260	0.05615	0.09212	0.32220	0.26361	0.03999	0.00861	0.00249	0.00412	0.01412	0.00621	0.00644
8	0.01914	0.14203	0.16099	0.06853	0.09420	0.01737	0.04363	0.18392	0.04134	0.11616	0.01495	0.01632	0.01103	0.00833	0.03174	0.00224	0.00810	0.00557	0.00461	0.00981
9	0.01981	0.01561	0.03858	0.10756	0.06980	0.09911	0.04105	0.12774	0.06505	0.17971	0.06873	0.05962	0.01787	0.00885	0.00735	0.00211	0.03504	0.02176	0.00551	0.00914
10	0.00802	0.00573	0.00764	0.00917	0.00955	0.00535	0.00611	0.00917	0.01260	0.01681	0.03628	0.76434	0.04354	0.02062	0.00840	0.00267	0.00382	0.01872	0.00611	0.00535
11	0.01440	0.03113	0.64768	0.01778	0.02682	0.01448	0.02243	0.02145	0.01449	0.07969	0.04003	0.01594	0.01104	0.00668	0.00634	0.00208	0.00914	0.00528	0.00339	0.00972
12	0.04569	0.02019	0.12733	0.17476	0.17400	0.14517	0.05233	0.05176	0.07689	0.04931	0.01364	0.01623	0.01039	0.00667	0.00639	0.00202	0.00876	0.00561	0.00381	0.00904
13	0.01125	0.00866	0.01237	0.15009	0.01802	0.00917	0.03174	0.07289	0.01472	0.01966	0.11773	0.24783	0.07167	0.03984	0.05634	0.08925	0.00631	0.01121	0.00504	0.00620
14	0.00811	0.00577	0.00761	0.00905	0.00941	0.00541	0.00598	0.00919	0.01242	0.01656	0.03535	0.72114	0.04237	0.06543	0.00991	0.00290	0.00397	0.01817	0.00598	0.00527
15	0.01383	0.01036	0.03780	0.14089	0.08657	0.00983	0.03660	0.01662	0.01434	0.13376	0.04825	0.12070	0.13123	0.06861	0.07429	0.00327	0.00719	0.03338	0.00506	0.00742
16	0.03870	0.03251	0.04215	0.11644	0.08685	0.01650	0.07773	0.29111	0.02123	0.10682	0.03907	0.04498	0.01377	0.00798	0.00719	0.00208	0.03324	0.00667	0.00529	0.00968
17	0.04280	0.01751	0.06230	0.01655	0.09603	0.10513	0.01252	0.23127	0.06206	0.17042	0.01875	0.01907	0.03210	0.00917	0.03191	0.00226	0.00757	0.00608	0.04667	0.00983
18	0.51914	0.06468	0.01508	0.11350	0.08951	0.03558	0.01067	0.01917	0.01215	0.02515	0.00984	0.01236	0.00787	0.00635	0.00542	0.00203	0.03600	0.00421	0.00369	0.00759
19	0.00889	0.00656	0.00834	0.00847	0.00988	0.00602	0.00629	0.01136	0.01658	0.02262	0.43389	0.20351	0.15843	0.01577	0.00799	0.00228	0.00348	0.05696	0.00676	0.00592
20	0.00852	0.00672	0.00773	0.00813	0.00968	0.00613	0.00584	0.01106	0.05057	0.01911	0.14385	0.31128	0.35308	0.01726	0.00795	0.00236	0.00357	0.01502	0.00630	0.00582
21	0.05189	0.04361	0.15928	0.01813	0.12777	0.05357	0.04428	0.09641	0.01657	0.09502	0.01351	0.01507	0.01018	0.00617	0.00589	0.00171	0.00734	0.00504	0.00423	0.22432
22	0.05295	0.09936	0.02136	0.04609	0.18237	0.05245	0.03532	0.20841	0.07756	0.05331	0.01691	0.06950	0.01443	0.00828	0.00644	0.00202	0.00716	0.03167	0.00492	0.00950
23	0.03647	0.01319	0.03009	0.12537	0.13383	0.05782	0.03457	0.06519	0.07422	0.03534	0.02144	0.08790	0.06122	0.10006	0.01000	0.00263	0.00693	0.04774	0.00455	0.05144
24	0.05211	0.12586	0.05503	0.01432	0.07433	0.03803	0.01108	0.15997	0.06564	0.09046	0.03463	0.04075	0.01524	0.10102	0.03727	0.00273	0.00708	0.00638	0.00490	0.06319
25	0.14100	0.05218	0.08714	0.03537	0.10026	0.05154	0.07324	0.06829	0.09430	0.05220	0.02028	0.05378	0.07449	0.05845	0.00808	0.00235	0.00699	0.00708	0.00456	0.00841

[dist]
# distance from previous block
# <min> <max>
0	38

# created by:
# /home/berkeley/.conda/envs/busco_data_prod/bin/msa2prfl.pl pipeline/OGs_align_augustus/4893/21684.fs
