[name]
unknown

[dist]
# distance from previous block
# <min> <max>
0	9

[block]
# block no. 0 follows, 33 sequences, length 59
# corresponding to MSA columns:
# 9-67
name=unknown_A
#
# <colnr> <probs for GDERKNQSTAVLIFYWHMCP>
#	G	D	E	R	K	N	Q	S	T	A	V	L	I	F	Y	W	H	M	C	P
0	0.04490	0.01011	0.01333	0.01651	0.15122	0.03964	0.01100	0.01483	0.01506	0.02048	0.09214	0.13471	0.08090	0.01418	0.00783	0.00248	0.00585	0.28862	0.00538	0.03082
1	0.05157	0.05183	0.03961	0.51578	0.07107	0.01442	0.03604	0.01697	0.01349	0.01839	0.04373	0.04987	0.01263	0.00729	0.00644	0.00211	0.00798	0.00640	0.00335	0.03103
2	0.01617	0.01872	0.16608	0.10554	0.23678	0.01560	0.06823	0.14831	0.04511	0.02486	0.04904	0.04683	0.01411	0.00744	0.00672	0.00208	0.00796	0.00667	0.00419	0.00957
3	0.00815	0.00587	0.00773	0.00898	0.00956	0.00545	0.00608	0.00953	0.01334	0.01787	0.11137	0.66292	0.06931	0.01972	0.00831	0.00259	0.00373	0.01781	0.00623	0.00545
4	0.04559	0.01751	0.01676	0.01365	0.01783	0.11179	0.01085	0.40906	0.08471	0.05520	0.01915	0.02093	0.04741	0.07346	0.00876	0.00235	0.00721	0.00649	0.02173	0.00955
5	0.19664	0.01381	0.01465	0.01168	0.01624	0.01443	0.00951	0.26449	0.05466	0.12016	0.09675	0.01946	0.01701	0.00782	0.00594	0.00189	0.00567	0.00598	0.00594	0.11729
6	0.00851	0.00633	0.00771	0.00854	0.00940	0.00596	0.00579	0.01025	0.03548	0.01705	0.05880	0.47063	0.17715	0.11825	0.02559	0.00319	0.00435	0.01577	0.00583	0.00541
7	0.01320	0.03405	0.73453	0.01876	0.02849	0.01529	0.02432	0.02085	0.01390	0.02085	0.01181	0.01390	0.00834	0.00625	0.00625	0.00208	0.00973	0.00486	0.00278	0.00973
8	0.03324	0.09468	0.17239	0.14187	0.19227	0.10472	0.10769	0.02029	0.01468	0.01937	0.01226	0.03482	0.01005	0.00651	0.00634	0.00199	0.00905	0.00577	0.00318	0.00884
9	0.00942	0.00670	0.00893	0.00900	0.00961	0.00728	0.00624	0.01067	0.01022	0.01422	0.01983	0.06536	0.02097	0.37046	0.39321	0.00836	0.01200	0.00868	0.00385	0.00501
10	0.00985	0.00702	0.00866	0.00848	0.00870	0.00762	0.00547	0.01039	0.00980	0.01344	0.01937	0.03794	0.02152	0.58219	0.16874	0.00696	0.05659	0.00885	0.00383	0.00456
11	0.01052	0.00731	0.01015	0.00993	0.01099	0.00818	0.00740	0.04473	0.01126	0.01595	0.01734	0.02715	0.01669	0.14902	0.49292	0.10859	0.01359	0.00718	0.02562	0.00549
12	0.01451	0.05933	0.10119	0.06072	0.05502	0.03517	0.07828	0.07514	0.03055	0.01944	0.01322	0.01834	0.01145	0.03944	0.17109	0.00421	0.19532	0.00614	0.00352	0.00792
13	0.01365	0.01264	0.02080	0.60810	0.14705	0.01507	0.01828	0.05206	0.01434	0.01877	0.01201	0.01727	0.00915	0.00654	0.00657	0.00215	0.00855	0.00586	0.00316	0.00798
14	0.05419	0.01782	0.01882	0.04744	0.05485	0.06160	0.01246	0.53432	0.02689	0.03647	0.01521	0.01599	0.01107	0.00760	0.00633	0.00194	0.00728	0.00574	0.05365	0.01032
15	0.04953	0.04035	0.06976	0.11740	0.27518	0.05118	0.03249	0.05955	0.03666	0.02217	0.09009	0.02264	0.06703	0.00797	0.00700	0.00204	0.02925	0.00684	0.00412	0.00876
16	0.01131	0.01244	0.08786	0.01138	0.01320	0.09891	0.00922	0.01322	0.01344	0.01751	0.04788	0.46963	0.03177	0.01623	0.00904	0.03562	0.04213	0.01351	0.03954	0.00615
17	0.18748	0.07385	0.03701	0.07055	0.07254	0.35029	0.03293	0.02275	0.01556	0.03888	0.01067	0.01287	0.00862	0.00664	0.00615	0.00188	0.03534	0.00452	0.00355	0.00793
18	0.00838	0.00612	0.00813	0.00910	0.00980	0.00598	0.00631	0.00981	0.01251	0.01678	0.06139	0.51148	0.09134	0.06172	0.14401	0.00424	0.00641	0.01549	0.00558	0.00543
19	0.01401	0.01378	0.01979	0.01691	0.01751	0.01852	0.04827	0.01654	0.04483	0.01668	0.01138	0.04509	0.01110	0.01369	0.06236	0.00326	0.60921	0.00653	0.00325	0.00729
20	0.02272	0.01742	0.01971	0.01518	0.02039	0.01891	0.04677	0.54395	0.10665	0.03739	0.01662	0.01674	0.01204	0.00768	0.00653	0.00194	0.00703	0.00604	0.00624	0.07004
21	0.11317	0.00805	0.00782	0.00729	0.00939	0.00847	0.00558	0.07599	0.01478	0.02608	0.01941	0.02296	0.01551	0.04454	0.00612	0.00187	0.00385	0.00597	0.59658	0.00660
22	0.00942	0.00641	0.00714	0.00714	0.00733	0.00631	0.00408	0.00956	0.01005	0.01320	0.02477	0.04486	0.08530	0.70281	0.03126	0.00602	0.00612	0.00995	0.00417	0.00413
23	0.00965	0.00711	0.00951	0.00947	0.01058	0.00767	0.00696	0.03169	0.01188	0.01637	0.05441	0.08992	0.08498	0.18767	0.42314	0.00775	0.01208	0.00924	0.00430	0.00560
24	0.00887	0.00650	0.00835	0.00873	0.00987	0.00609	0.00622	0.01148	0.03587	0.02174	0.36502	0.36351	0.08979	0.01666	0.00802	0.00235	0.00349	0.01488	0.00667	0.00592
25	0.44476	0.01301	0.01285	0.01058	0.01511	0.01393	0.00870	0.10925	0.03877	0.25124	0.01583	0.01545	0.01093	0.00706	0.00527	0.00204	0.00552	0.00494	0.00575	0.00902
26	0.00874	0.00666	0.00803	0.00778	0.00950	0.00595	0.00580	0.01126	0.01712	0.02304	0.46969	0.08843	0.28428	0.01489	0.00780	0.00215	0.00322	0.01290	0.00681	0.00595
27	0.01467	0.01709	0.13355	0.06077	0.18369	0.01484	0.10451	0.02395	0.24490	0.02260	0.01960	0.09655	0.01657	0.00846	0.00690	0.00219	0.00732	0.00781	0.00460	0.00942
28	0.00818	0.00581	0.00764	0.00899	0.00938	0.00546	0.00595	0.00931	0.01259	0.01683	0.05911	0.68484	0.04271	0.07695	0.01028	0.00293	0.00399	0.01779	0.00599	0.00527
29	0.02376	0.07698	0.01953	0.01627	0.01990	0.61758	0.01249	0.08052	0.01909	0.01811	0.01077	0.01250	0.00892	0.00798	0.02635	0.00195	0.01135	0.00441	0.00362	0.00792
30	0.01602	0.01990	0.17427	0.07764	0.30369	0.06178	0.10153	0.04090	0.01563	0.04258	0.05476	0.01784	0.01292	0.00672	0.00700	0.00205	0.02555	0.00616	0.00363	0.00942
31	0.01144	0.00923	0.03177	0.01049	0.03176	0.00759	0.00775	0.01424	0.04269	0.05694	0.04999	0.35725	0.09646	0.01374	0.00707	0.00206	0.00448	0.01212	0.00549	0.22745
32	0.01206	0.01012	0.01184	0.00915	0.01371	0.00786	0.00716	0.01475	0.01436	0.02132	0.10623	0.06859	0.10709	0.00832	0.00580	0.00136	0.00441	0.00699	0.00471	0.56418
33	0.01845	0.14539	0.15979	0.01554	0.04719	0.07665	0.03377	0.13415	0.12000	0.06607	0.01497	0.01572	0.01132	0.00676	0.00591	0.00180	0.00752	0.00525	0.00452	0.10922
34	0.01572	0.15123	0.04856	0.19647	0.31573	0.03536	0.04537	0.03967	0.03007	0.01978	0.01362	0.01698	0.03074	0.00646	0.00619	0.00194	0.00800	0.00572	0.00335	0.00907
35	0.10108	0.12759	0.07431	0.08153	0.04282	0.04061	0.04705	0.17216	0.03683	0.15593	0.01491	0.01590	0.01084	0.00718	0.00672	0.00199	0.04273	0.00544	0.00492	0.00946
36	0.01443	0.03901	0.11784	0.01988	0.08739	0.01432	0.22138	0.06971	0.06683	0.02298	0.10491	0.09825	0.02066	0.00895	0.00777	0.00217	0.04042	0.00844	0.02608	0.00856
37	0.00832	0.00596	0.00756	0.00859	0.00924	0.00551	0.00578	0.00935	0.01280	0.01680	0.06797	0.54190	0.14086	0.07507	0.01098	0.04186	0.00400	0.01641	0.00585	0.00519
38	0.04217	0.01207	0.05637	0.04850	0.03562	0.03178	0.07187	0.03854	0.07522	0.09121	0.04512	0.03219	0.17951	0.06144	0.03030	0.00258	0.00620	0.00837	0.12338	0.00758
39	0.01588	0.01651	0.12387	0.01675	0.05990	0.03455	0.09229	0.11331	0.06414	0.05657	0.03807	0.02132	0.03511	0.03482	0.08521	0.00314	0.10600	0.00670	0.06735	0.00853
40	0.02674	0.01160	0.01509	0.01179	0.01652	0.01064	0.00966	0.09436	0.04724	0.57424	0.08907	0.02432	0.02016	0.00864	0.00673	0.00204	0.00551	0.00707	0.00786	0.01071
41	0.00798	0.00590	0.00747	0.00872	0.00943	0.00538	0.00591	0.00922	0.01303	0.01698	0.04173	0.63890	0.16547	0.01992	0.00829	0.00259	0.00373	0.01785	0.00611	0.00538
42	0.01483	0.01567	0.06004	0.29738	0.28250	0.05036	0.06246	0.03570	0.01467	0.01956	0.01432	0.01845	0.04028	0.00692	0.00726	0.00210	0.03931	0.00620	0.00331	0.00868
43	0.01406	0.03940	0.16846	0.07829	0.20828	0.01349	0.07556	0.04755	0.01491	0.04023	0.05317	0.11166	0.01732	0.01229	0.07341	0.00289	0.00861	0.00780	0.00399	0.00864
44	0.01601	0.01156	0.01303	0.01163	0.01488	0.01243	0.00901	0.04515	0.39123	0.10921	0.14124	0.09279	0.02796	0.01042	0.00688	0.00215	0.00474	0.00888	0.03971	0.03109
45	0.10873	0.00742	0.00774	0.00768	0.00984	0.00693	0.00586	0.01149	0.01515	0.02108	0.19359	0.09849	0.42079	0.01501	0.00742	0.00224	0.00367	0.04490	0.00609	0.00590
46	0.02084	0.03397	0.07301	0.01659	0.11556	0.07769	0.01234	0.11145	0.04953	0.24479	0.05040	0.05892	0.04957	0.00859	0.00656	0.00198	0.00668	0.00708	0.00580	0.04863
47	0.01679	0.11280	0.09456	0.05110	0.38689	0.06606	0.09362	0.04155	0.03629	0.02093	0.01239	0.01549	0.01007	0.00607	0.00632	0.00193	0.00847	0.00563	0.00337	0.00969
48	0.01194	0.01071	0.01283	0.01195	0.01262	0.06621	0.00906	0.01331	0.01084	0.01486	0.01603	0.05044	0.01661	0.23215	0.26726	0.00635	0.21990	0.00755	0.00355	0.00584
49	0.01321	0.01396	0.09697	0.03503	0.01776	0.00983	0.02820	0.01689	0.02934	0.02059	0.01412	0.01765	0.02797	0.06530	0.00752	0.00166	0.00581	0.00494	0.00385	0.56939
50	0.01363	0.01453	0.04766	0.10703	0.09063	0.01411	0.33642	0.01758	0.01431	0.01945	0.04539	0.06506	0.06757	0.00906	0.00946	0.04291	0.06529	0.00829	0.00372	0.00787
51	0.00888	0.00623	0.00802	0.00919	0.00988	0.00588	0.00622	0.01066	0.03731	0.03484	0.03672	0.66125	0.07576	0.04412	0.00909	0.00274	0.00397	0.01748	0.00611	0.00564
52	0.01294	0.01094	0.01504	0.10988	0.01816	0.01364	0.01125	0.03627	0.08592	0.03314	0.01566	0.02300	0.01428	0.11562	0.22782	0.00535	0.23347	0.00682	0.00384	0.00698
53	0.01595	0.01244	0.01864	0.05042	0.01961	0.01286	0.18538	0.16955	0.04671	0.02660	0.01777	0.02105	0.01377	0.02719	0.02696	0.00223	0.00688	0.00666	0.31122	0.00812
54	0.02266	0.02774	0.01895	0.04289	0.02133	0.58689	0.03932	0.02697	0.11584	0.01793	0.01268	0.01408	0.01017	0.00703	0.00614	0.00181	0.01080	0.00488	0.00384	0.00806
55	0.01030	0.00705	0.00841	0.00791	0.01001	0.00620	0.00599	0.01271	0.01699	0.08038	0.37615	0.07062	0.33385	0.01454	0.00769	0.00215	0.00342	0.01247	0.00682	0.00633
56	0.03342	0.03835	0.10131	0.01286	0.05038	0.03506	0.01029	0.03792	0.11619	0.07649	0.04978	0.04627	0.03749	0.24622	0.03740	0.00371	0.02888	0.02574	0.00479	0.00744
57	0.01343	0.01511	0.12030	0.01934	0.18242	0.03257	0.03385	0.03556	0.10428	0.02096	0.07737	0.06574	0.07811	0.01500	0.09864	0.04220	0.02454	0.00793	0.00444	0.00820
58	0.07231	0.30658	0.06450	0.01609	0.10720	0.11606	0.01258	0.07082	0.04302	0.03962	0.05128	0.04603	0.01382	0.00728	0.00554	0.00177	0.00737	0.00548	0.00397	0.00867

[dist]
# distance from previous block
# <min> <max>
0	4

[block]
# block no. 1 follows, 33 sequences, length 9
# corresponding to MSA columns:
# 72-80
name=unknown_B
#
# <colnr> <probs for GDERKNQSTAVLIFYWHMCP>
#	G	D	E	R	K	N	Q	S	T	A	V	L	I	F	Y	W	H	M	C	P
0	0.24768	0.10644	0.05162	0.01663	0.08254	0.17373	0.06545	0.14082	0.01729	0.02537	0.01126	0.01301	0.00885	0.00645	0.00553	0.00189	0.00806	0.00470	0.00403	0.00864
1	0.01584	0.15055	0.20167	0.04696	0.09346	0.05889	0.03623	0.05856	0.06064	0.03734	0.01516	0.03688	0.02918	0.00883	0.03811	0.00222	0.00819	0.00569	0.00381	0.09178
2	0.03904	0.03349	0.03258	0.01170	0.04712	0.03190	0.00877	0.01556	0.01431	0.07923	0.09313	0.20453	0.09683	0.01267	0.02552	0.00220	0.04803	0.00980	0.00517	0.18844
3	0.01244	0.00917	0.01271	0.07262	0.05015	0.01026	0.00947	0.01590	0.06346	0.06918	0.10059	0.06371	0.04031	0.10904	0.22152	0.00510	0.08328	0.00830	0.03596	0.00686
4	0.00953	0.00662	0.00807	0.00835	0.00975	0.00600	0.00601	0.01128	0.01467	0.05334	0.18277	0.27676	0.24099	0.08850	0.01043	0.00276	0.00398	0.04818	0.00624	0.00577
5	0.01597	0.01723	0.07607	0.09546	0.31053	0.09244	0.11594	0.01998	0.01573	0.04717	0.08794	0.02123	0.04028	0.00726	0.00680	0.00202	0.00824	0.00682	0.00391	0.00898
6	0.01804	0.12072	0.05117	0.04940	0.01889	0.19835	0.01110	0.08793	0.01682	0.04933	0.01627	0.05438	0.05106	0.00750	0.00578	0.00163	0.00748	0.00569	0.00420	0.22428
7	0.00930	0.00671	0.00770	0.00779	0.00964	0.00583	0.00571	0.01109	0.01516	0.05944	0.15029	0.22869	0.42558	0.01669	0.00786	0.00230	0.00355	0.01436	0.00639	0.00592
8	0.05915	0.11861	0.05474	0.07531	0.12913	0.05072	0.04648	0.10975	0.12602	0.06397	0.01846	0.06550	0.03799	0.00812	0.00631	0.00202	0.00707	0.00678	0.00472	0.00916

[dist]
# distance from previous block
# <min> <max>
0	5

[block]
# block no. 2 follows, 33 sequences, length 11
# corresponding to MSA columns:
# 86-96
name=unknown_C
#
# <colnr> <probs for GDERKNQSTAVLIFYWHMCP>
#	G	D	E	R	K	N	Q	S	T	A	V	L	I	F	Y	W	H	M	C	P
0	0.01547	0.01430	0.06643	0.04524	0.11610	0.01236	0.01181	0.10151	0.09381	0.04162	0.06929	0.04206	0.01622	0.00721	0.00604	0.00166	0.00595	0.00609	0.00475	0.32208
1	0.00822	0.00634	0.00705	0.00749	0.00872	0.00567	0.00511	0.00939	0.01318	0.01646	0.04839	0.26025	0.38336	0.17448	0.01332	0.00322	0.00411	0.01438	0.00567	0.00517
2	0.03255	0.01250	0.04790	0.08945	0.14965	0.03292	0.06751	0.01674	0.04549	0.01990	0.08917	0.10067	0.02285	0.03900	0.08767	0.00333	0.04724	0.08351	0.00441	0.00755
3	0.01045	0.00764	0.00891	0.00890	0.00990	0.00785	0.00599	0.04297	0.08604	0.01765	0.05927	0.21518	0.07488	0.34508	0.06616	0.00466	0.00605	0.01163	0.00516	0.00563
4	0.10852	0.21205	0.18340	0.01729	0.08897	0.05374	0.06904	0.09169	0.01594	0.05978	0.01237	0.01409	0.00953	0.00633	0.00562	0.00186	0.00788	0.00491	0.02787	0.00913
5	0.01726	0.71538	0.08873	0.01185	0.01780	0.02522	0.01228	0.01980	0.01342	0.01590	0.00936	0.01082	0.00844	0.00568	0.00438	0.00146	0.00725	0.00362	0.00281	0.00855
6	0.00907	0.00661	0.00843	0.00817	0.00960	0.00608	0.00599	0.01172	0.01731	0.02408	0.56737	0.11859	0.11683	0.04994	0.00904	0.00234	0.00335	0.01262	0.00689	0.00597
7	0.00992	0.00680	0.00859	0.00852	0.01015	0.00627	0.00640	0.01234	0.01618	0.05546	0.35269	0.17055	0.18238	0.01687	0.04386	0.00265	0.00426	0.04783	0.03214	0.00615
8	0.06661	0.06766	0.43999	0.04370	0.11425	0.01519	0.05002	0.02017	0.01419	0.04050	0.03535	0.01700	0.03369	0.00675	0.00621	0.00204	0.00854	0.00554	0.00335	0.00926
9	0.05267	0.01115	0.08360	0.06893	0.01614	0.01053	0.01056	0.01379	0.01203	0.01796	0.08434	0.07342	0.02019	0.07756	0.30646	0.00589	0.08941	0.00772	0.00394	0.03371
10	0.01356	0.00987	0.01379	0.06834	0.08822	0.01044	0.01025	0.02961	0.05482	0.10003	0.27509	0.07280	0.06786	0.01352	0.04535	0.00264	0.07989	0.03052	0.00581	0.00759

[dist]
# distance from previous block
# <min> <max>
0	6

[block]
# block no. 3 follows, 33 sequences, length 27
# corresponding to MSA columns:
# 103-129
name=unknown_D
#
# <colnr> <probs for GDERKNQSTAVLIFYWHMCP>
#	G	D	E	R	K	N	Q	S	T	A	V	L	I	F	Y	W	H	M	C	P
0	0.09130	0.37879	0.12485	0.01396	0.05251	0.03677	0.01298	0.08540	0.05421	0.05292	0.01240	0.01353	0.00990	0.00636	0.00512	0.00172	0.00712	0.00449	0.02667	0.00900
1	0.01628	0.15467	0.39564	0.01758	0.02514	0.06771	0.09567	0.02268	0.05841	0.06671	0.01328	0.01485	0.00981	0.00640	0.00611	0.00196	0.00902	0.00519	0.00349	0.00941
2	0.01887	0.39012	0.09548	0.01513	0.05695	0.08197	0.03762	0.10516	0.05101	0.05537	0.02781	0.01429	0.01105	0.00653	0.00541	0.00171	0.00767	0.00480	0.00391	0.00914
3	0.03352	0.02489	0.36930	0.01691	0.05632	0.09443	0.01731	0.06030	0.05583	0.08513	0.03756	0.04465	0.01381	0.05193	0.00798	0.00230	0.00840	0.00617	0.00414	0.00913
4	0.01451	0.01011	0.01111	0.00972	0.01289	0.05070	0.02487	0.03691	0.03525	0.14674	0.07879	0.04334	0.32554	0.01233	0.00707	0.00206	0.00484	0.05040	0.05957	0.06324
5	0.02388	0.02970	0.01917	0.01705	0.02058	0.66916	0.04128	0.04625	0.01876	0.01733	0.01080	0.01260	0.00886	0.00679	0.00599	0.00172	0.01145	0.00449	0.02641	0.00775
6	0.01606	0.05821	0.08531	0.03902	0.02013	0.05504	0.08139	0.13426	0.03641	0.02112	0.01270	0.01687	0.01071	0.01465	0.10298	0.07020	0.20733	0.00591	0.00376	0.00794
7	0.00804	0.00658	0.00709	0.00716	0.00910	0.00563	0.00530	0.00987	0.01531	0.01898	0.16257	0.13165	0.55670	0.01659	0.00784	0.00225	0.00335	0.01408	0.00628	0.00563
8	0.00941	0.00631	0.00723	0.00739	0.00743	0.00627	0.00421	0.00953	0.00989	0.01319	0.02237	0.11862	0.02599	0.69030	0.03088	0.00599	0.00611	0.01053	0.00421	0.00413
9	0.05794	0.03815	0.08005	0.10213	0.21577	0.03669	0.33169	0.02042	0.01484	0.02091	0.01238	0.01635	0.00963	0.00585	0.00687	0.00209	0.00950	0.00643	0.00326	0.00905
10	0.01912	0.09022	0.12163	0.03736	0.08931	0.27176	0.01454	0.05936	0.17527	0.02118	0.01510	0.01693	0.01200	0.00728	0.00617	0.00193	0.00882	0.01880	0.00419	0.00904
11	0.00994	0.00784	0.01110	0.03534	0.01307	0.00853	0.02439	0.03597	0.01303	0.01786	0.08654	0.08439	0.13619	0.03423	0.42550	0.00699	0.02911	0.00930	0.00451	0.00615
12	0.05878	0.04637	0.02031	0.09248	0.14719	0.28880	0.02870	0.06192	0.08022	0.06200	0.01337	0.01532	0.01048	0.00704	0.00679	0.00194	0.04016	0.00529	0.00407	0.00876
13	0.00945	0.00638	0.00747	0.00775	0.00790	0.00634	0.00469	0.00980	0.01032	0.01372	0.02359	0.13373	0.02727	0.62664	0.02879	0.00570	0.00605	0.05571	0.00439	0.00429
14	0.01639	0.08700	0.16371	0.04189	0.12640	0.04035	0.09786	0.08480	0.01581	0.04007	0.01230	0.01483	0.00965	0.00633	0.00699	0.00182	0.05365	0.00525	0.00367	0.17123
15	0.01147	0.00803	0.01116	0.01061	0.01240	0.00882	0.00821	0.01486	0.06046	0.06422	0.01870	0.02590	0.01678	0.08360	0.56135	0.00867	0.01463	0.00703	0.00410	0.04899
16	0.14961	0.13431	0.03824	0.02723	0.01695	0.10342	0.01102	0.05318	0.17195	0.02244	0.01462	0.01668	0.01193	0.02950	0.00875	0.00217	0.12432	0.00536	0.05007	0.00826
17	0.01537	0.12005	0.11957	0.01409	0.04161	0.07097	0.05024	0.10372	0.07157	0.02446	0.20866	0.02621	0.04534	0.00890	0.00648	0.00193	0.00654	0.00740	0.04855	0.00833
18	0.06258	0.23458	0.31326	0.01657	0.02338	0.05186	0.09796	0.02049	0.01393	0.03743	0.01186	0.03235	0.00961	0.00666	0.00647	0.00194	0.04190	0.00516	0.00318	0.00884
19	0.01691	0.01629	0.04707	0.14421	0.33462	0.06607	0.06294	0.04476	0.06787	0.05897	0.01419	0.01729	0.01110	0.00674	0.00716	0.00205	0.03928	0.00601	0.02706	0.00942
20	0.01347	0.01071	0.01224	0.00937	0.01396	0.00887	0.00732	0.03491	0.05128	0.02239	0.04420	0.01909	0.01438	0.05361	0.00689	0.00153	0.00473	0.00513	0.11375	0.55217
21	0.01249	0.00789	0.00998	0.01014	0.01167	0.00766	0.00728	0.09526	0.01567	0.09979	0.05227	0.57157	0.03716	0.01751	0.00797	0.00250	0.00441	0.01564	0.00643	0.00673
22	0.01144	0.00572	0.00858	0.00858	0.00858	0.00572	0.00572	0.00858	0.00858	0.01144	0.01144	0.02001	0.01144	0.02287	0.02573	0.80846	0.00572	0.00572	0.00286	0.00286
23	0.01484	0.01377	0.02271	0.05878	0.54508	0.01384	0.01718	0.01907	0.03747	0.02246	0.14776	0.02283	0.02047	0.00743	0.00676	0.00199	0.00688	0.00706	0.00411	0.00952
24	0.00823	0.00655	0.00740	0.00759	0.00934	0.00572	0.00561	0.01015	0.01536	0.01948	0.19813	0.17935	0.45028	0.01671	0.00792	0.00229	0.00345	0.03440	0.00635	0.00567
25	0.00816	0.00596	0.00754	0.00864	0.00932	0.00549	0.00582	0.00941	0.01306	0.01719	0.07679	0.58092	0.13691	0.06968	0.00996	0.00283	0.00389	0.01707	0.00603	0.00533
26	0.01162	0.00801	0.00967	0.00880	0.01101	0.00752	0.00673	0.07476	0.01869	0.07072	0.44177	0.07851	0.19959	0.01364	0.00762	0.00212	0.00372	0.01176	0.00695	0.00680

[dist]
# distance from previous block
# <min> <max>
0	2

[block]
# block no. 4 follows, 33 sequences, length 35
# corresponding to MSA columns:
# 132-166
name=unknown_E
#
# <colnr> <probs for GDERKNQSTAVLIFYWHMCP>
#	G	D	E	R	K	N	Q	S	T	A	V	L	I	F	Y	W	H	M	C	P
0	0.05063	0.12600	0.05608	0.05035	0.22290	0.09993	0.01500	0.15266	0.01799	0.08247	0.01305	0.01500	0.01016	0.00691	0.00695	0.00193	0.05292	0.00528	0.00423	0.00957
1	0.11316	0.05673	0.16335	0.07032	0.08113	0.01491	0.14632	0.06051	0.04517	0.07780	0.01675	0.03564	0.03840	0.00721	0.00632	0.00206	0.00772	0.00638	0.04124	0.00887
2	0.02030	0.02332	0.02162	0.17123	0.04788	0.38925	0.10305	0.07367	0.05103	0.01946	0.01216	0.01483	0.00954	0.00674	0.00641	0.00192	0.01036	0.00535	0.00367	0.00820
3	0.01495	0.01551	0.04444	0.15733	0.13423	0.01564	0.27207	0.02303	0.17964	0.02177	0.01792	0.02063	0.03770	0.00699	0.00708	0.00218	0.00849	0.00721	0.00412	0.00909
4	0.00948	0.00678	0.00931	0.00980	0.01078	0.00651	0.03814	0.01117	0.01287	0.01761	0.03205	0.38920	0.06095	0.14539	0.01237	0.00322	0.00488	0.13030	0.08369	0.00549
5	0.01007	0.00772	0.00921	0.00928	0.01090	0.00761	0.00676	0.03967	0.10496	0.02210	0.24324	0.32054	0.15093	0.01591	0.00783	0.00234	0.00384	0.01403	0.00654	0.00650
6	0.00850	0.00598	0.00773	0.00886	0.00922	0.00575	0.00585	0.00949	0.01192	0.01592	0.03204	0.55436	0.03794	0.18940	0.04241	0.00382	0.00499	0.03521	0.00553	0.00508
7	0.01192	0.00671	0.00844	0.00871	0.01010	0.00632	0.00634	0.01399	0.01432	0.10264	0.10836	0.34411	0.03475	0.04721	0.00831	0.00243	0.00400	0.05234	0.20268	0.00630
8	0.01295	0.00844	0.01037	0.01021	0.01210	0.00844	0.00764	0.01784	0.14352	0.11047	0.11401	0.24889	0.05921	0.10642	0.01090	0.00292	0.00480	0.09747	0.00635	0.00706
9	0.01925	0.56142	0.03003	0.01244	0.01773	0.08823	0.01154	0.12141	0.04893	0.01991	0.01103	0.01209	0.00939	0.00622	0.00484	0.00155	0.00741	0.00412	0.00360	0.00887
10	0.01440	0.01440	0.02016	0.01728	0.01728	0.02016	0.01440	0.01584	0.01008	0.01584	0.00864	0.01440	0.00864	0.01152	0.02160	0.00288	0.75659	0.00576	0.00288	0.00720
11	0.01408	0.00926	0.01113	0.01008	0.01267	0.00923	0.00773	0.04615	0.16361	0.12885	0.31296	0.12352	0.09853	0.01263	0.00740	0.00218	0.00417	0.01093	0.00701	0.00786
12	0.00834	0.00600	0.00741	0.00840	0.00893	0.00561	0.00549	0.00929	0.01223	0.01602	0.03666	0.51146	0.12637	0.18927	0.01400	0.00345	0.00434	0.01603	0.00563	0.00507
13	0.00962	0.00661	0.00818	0.00863	0.00906	0.00667	0.00585	0.01052	0.01106	0.01474	0.02479	0.11719	0.02799	0.48930	0.08347	0.00570	0.00698	0.14438	0.00457	0.00468
14	0.01760	0.77260	0.03450	0.01126	0.01690	0.02605	0.01126	0.01971	0.01338	0.01549	0.00915	0.01056	0.00845	0.00563	0.00422	0.00141	0.00704	0.00352	0.00282	0.00845
15	0.81514	0.01273	0.00968	0.00866	0.01273	0.01477	0.00713	0.01935	0.01120	0.02954	0.00917	0.01069	0.00713	0.00611	0.00407	0.00204	0.00509	0.00356	0.00407	0.00713
16	0.01085	0.00848	0.01018	0.01103	0.01282	0.03277	0.00924	0.03912	0.01566	0.01979	0.04013	0.11781	0.18184	0.01726	0.00856	0.00275	0.00557	0.44398	0.00600	0.00615
17	0.02546	0.01774	0.01932	0.01481	0.02006	0.01937	0.01224	0.64021	0.02978	0.10857	0.01679	0.01645	0.01169	0.00793	0.00659	0.00198	0.00708	0.00599	0.00674	0.01120
18	0.18937	0.01264	0.01392	0.01151	0.01579	0.01317	0.00930	0.12750	0.14387	0.29083	0.02137	0.05381	0.01559	0.00838	0.00609	0.00207	0.00547	0.00656	0.04304	0.00971
19	0.01075	0.00776	0.00973	0.00914	0.01096	0.00769	0.00687	0.01545	0.10274	0.04656	0.49385	0.06454	0.06878	0.04517	0.06786	0.00296	0.00477	0.01097	0.00672	0.00673
20	0.01676	0.01473	0.01567	0.01728	0.14660	0.16116	0.01124	0.01887	0.01543	0.12375	0.02805	0.14759	0.15526	0.01149	0.00851	0.00218	0.08329	0.00930	0.00500	0.00786
21	0.00908	0.00640	0.00738	0.00748	0.00809	0.00611	0.00470	0.00991	0.01204	0.01592	0.12810	0.12821	0.14276	0.45963	0.02300	0.00470	0.00515	0.01161	0.00502	0.00470
22	0.01215	0.00631	0.00905	0.00896	0.00936	0.00630	0.00611	0.01073	0.03897	0.04323	0.01460	0.07713	0.01446	0.02149	0.02279	0.67878	0.00555	0.00682	0.00349	0.00372
23	0.01692	0.02367	0.23500	0.06304	0.15852	0.14150	0.06954	0.05325	0.13173	0.02194	0.01439	0.01634	0.01097	0.00675	0.00647	0.00203	0.00893	0.00569	0.00384	0.00948
24	0.01995	0.10936	0.10791	0.01369	0.01887	0.01742	0.01247	0.28678	0.15596	0.08438	0.04216	0.01885	0.01474	0.00781	0.00619	0.00195	0.00659	0.00607	0.05883	0.01002
25	0.00893	0.00638	0.00739	0.00757	0.00830	0.00602	0.00487	0.00990	0.01247	0.01642	0.13541	0.16751	0.17074	0.38602	0.02051	0.00432	0.00488	0.01228	0.00524	0.00485
26	0.00894	0.00662	0.00842	0.00946	0.01066	0.00621	0.00726	0.01084	0.01406	0.01814	0.06646	0.32094	0.19382	0.05278	0.00961	0.00284	0.00454	0.23675	0.00604	0.00560
27	0.04562	0.05175	0.17848	0.06323	0.16923	0.03586	0.04827	0.15448	0.06016	0.04213	0.01575	0.04692	0.01298	0.00776	0.00654	0.00208	0.00787	0.03700	0.00436	0.00952
28	0.17426	0.01894	0.10362	0.01432	0.03459	0.13433	0.01228	0.17428	0.04975	0.04409	0.04105	0.01694	0.01261	0.01249	0.09446	0.00304	0.04027	0.00550	0.00458	0.00859
29	0.01059	0.00638	0.00855	0.00947	0.01041	0.00586	0.00654	0.01190	0.01335	0.10218	0.03505	0.67580	0.04029	0.01914	0.00819	0.00260	0.00403	0.01727	0.00635	0.00605
30	0.08303	0.02521	0.04467	0.06061	0.02236	0.43737	0.06577	0.10081	0.01845	0.02091	0.01121	0.01319	0.00889	0.00662	0.00600	0.00180	0.01010	0.00475	0.00378	0.05449
31	0.05228	0.09261	0.10561	0.04345	0.13727	0.08731	0.04429	0.22254	0.01952	0.02637	0.01413	0.01806	0.01147	0.00729	0.00622	0.00194	0.00794	0.04232	0.02546	0.03394
32	0.14755	0.07209	0.12434	0.01390	0.04738	0.01365	0.06442	0.10829	0.01621	0.04878	0.04891	0.08254	0.10362	0.00910	0.00623	0.00201	0.00635	0.00751	0.02568	0.05145
33	0.03523	0.14632	0.02183	0.01682	0.10596	0.03564	0.08172	0.14680	0.04824	0.09158	0.12499	0.02217	0.01958	0.03968	0.00748	0.00208	0.00676	0.00673	0.00510	0.03530
34	0.05705	0.04750	0.08052	0.11444	0.03939	0.06408	0.03687	0.08887	0.08293	0.05509	0.01782	0.05253	0.03315	0.00826	0.00674	0.00198	0.03032	0.03758	0.03210	0.11276

[dist]
# distance from previous block
# <min> <max>
2	10

[block]
# block no. 5 follows, 33 sequences, length 8
# corresponding to MSA columns:
# 177-184
name=unknown_F
#
# <colnr> <probs for GDERKNQSTAVLIFYWHMCP>
#	G	D	E	R	K	N	Q	S	T	A	V	L	I	F	Y	W	H	M	C	P
0	0.01252	0.07537	0.03264	0.02963	0.01354	0.00965	0.00805	0.01650	0.07709	0.07008	0.18996	0.15091	0.12535	0.01183	0.00680	0.00198	0.00452	0.01012	0.03998	0.11347
1	0.00827	0.00632	0.00760	0.00805	0.00939	0.00565	0.00574	0.01012	0.01503	0.01965	0.22640	0.32863	0.29068	0.01735	0.00802	0.00236	0.00346	0.01523	0.00641	0.00565
2	0.00963	0.00673	0.00934	0.00934	0.01005	0.00743	0.00668	0.01080	0.01009	0.01416	0.01807	0.03074	0.01836	0.27217	0.45859	0.07835	0.01308	0.00773	0.00361	0.00503
3	0.01897	0.07554	0.10036	0.07062	0.08484	0.08930	0.04662	0.17738	0.06367	0.08608	0.01754	0.01920	0.04548	0.03068	0.00717	0.00207	0.00773	0.00609	0.00475	0.04592
4	0.15964	0.01201	0.01375	0.01156	0.04518	0.01115	0.00872	0.05483	0.01430	0.09341	0.01417	0.04595	0.01199	0.04148	0.00731	0.00177	0.04112	0.00525	0.00451	0.40191
5	0.03939	0.09143	0.14502	0.01548	0.04585	0.13485	0.04098	0.14147	0.04644	0.07129	0.03819	0.09226	0.05150	0.00891	0.00646	0.00200	0.00770	0.00718	0.00477	0.00883
6	0.14536	0.05615	0.10804	0.01658	0.05080	0.08004	0.14169	0.05932	0.03394	0.11670	0.04436	0.06576	0.01494	0.02933	0.00712	0.00218	0.00768	0.00678	0.00462	0.00864
7	0.06743	0.13103	0.11402	0.01507	0.05530	0.07947	0.04429	0.15608	0.01817	0.08038	0.03825	0.01901	0.06378	0.00747	0.00599	0.00183	0.00726	0.00584	0.00463	0.08470

[dist]
# distance from previous block
# <min> <max>
1	9

[block]
# block no. 6 follows, 33 sequences, length 33
# corresponding to MSA columns:
# 194-226
name=unknown_G
#
# <colnr> <probs for GDERKNQSTAVLIFYWHMCP>
#	G	D	E	R	K	N	Q	S	T	A	V	L	I	F	Y	W	H	M	C	P
0	0.05643	0.04241	0.08693	0.03643	0.06392	0.01191	0.04547	0.10688	0.04252	0.04323	0.11045	0.08059	0.15939	0.04694	0.00881	0.02980	0.00595	0.00905	0.00518	0.00770
1	0.03537	0.02891	0.06483	0.01183	0.01523	0.00998	0.06174	0.07120	0.03233	0.06059	0.16273	0.15405	0.12454	0.01261	0.00734	0.00220	0.00539	0.07498	0.00576	0.05840
2	0.01786	0.13761	0.06258	0.09981	0.02289	0.01676	0.07445	0.23022	0.01927	0.03984	0.03134	0.03424	0.01208	0.00693	0.00603	0.00176	0.00718	0.00571	0.00455	0.16890
3	0.01809	0.01405	0.02020	0.06707	0.02175	0.06516	0.17022	0.09430	0.01758	0.15588	0.09908	0.03583	0.03110	0.00974	0.03461	0.00234	0.03656	0.00734	0.04351	0.05561
4	0.01515	0.01506	0.01954	0.01657	0.01738	0.05099	0.01371	0.03988	0.01147	0.01720	0.00921	0.01428	0.00881	0.01063	0.01900	0.00264	0.63536	0.00554	0.00311	0.07446
5	0.01465	0.01073	0.01293	0.00981	0.01475	0.00838	0.00774	0.01739	0.01457	0.10331	0.07374	0.08136	0.01766	0.00729	0.00561	0.00133	0.00472	0.00613	0.00485	0.58303
6	0.00936	0.00692	0.01009	0.01016	0.01118	0.00791	0.00769	0.01141	0.01056	0.01509	0.01878	0.06017	0.01843	0.12358	0.63585	0.00979	0.01585	0.00783	0.00369	0.00566
7	0.06945	0.36794	0.26679	0.01485	0.04494	0.02019	0.01569	0.05834	0.01471	0.05622	0.01138	0.01278	0.00894	0.00613	0.00523	0.00176	0.00778	0.00435	0.00338	0.00915
8	0.04488	0.13886	0.10475	0.05806	0.08253	0.10628	0.09027	0.05300	0.01542	0.02001	0.04091	0.14188	0.03823	0.00945	0.00656	0.00206	0.00772	0.02703	0.00410	0.00801
9	0.01043	0.00594	0.00811	0.00826	0.00872	0.00575	0.00560	0.00939	0.01079	0.01457	0.07776	0.12111	0.08985	0.05841	0.01984	0.48846	0.00496	0.00885	0.03930	0.00390
10	0.01443	0.01375	0.07546	0.04284	0.01863	0.00987	0.03237	0.01788	0.01398	0.05726	0.01249	0.01442	0.00993	0.00525	0.00525	0.00121	0.00569	0.00433	0.00396	0.64100
11	0.03783	0.00968	0.01093	0.03405	0.01348	0.01008	0.00806	0.10214	0.11694	0.02304	0.10714	0.04413	0.25650	0.06522	0.06413	0.00315	0.00584	0.07469	0.00586	0.00711
12	0.03970	0.01529	0.01647	0.01391	0.04980	0.04307	0.01060	0.22853	0.19202	0.02898	0.01656	0.01696	0.01264	0.00694	0.00593	0.00169	0.00608	0.00547	0.00535	0.28400
13	0.01013	0.00621	0.00836	0.00876	0.00919	0.00610	0.00594	0.01008	0.03075	0.01502	0.06993	0.22984	0.04726	0.11578	0.01912	0.35695	0.00504	0.03672	0.00450	0.00432
14	0.03871	0.01381	0.01553	0.03869	0.07373	0.07466	0.01099	0.18333	0.06646	0.14045	0.11396	0.09948	0.02424	0.01050	0.00702	0.00216	0.00630	0.06495	0.00612	0.00889
15	0.15789	0.04471	0.01209	0.01016	0.01214	0.03901	0.00767	0.10069	0.03874	0.01964	0.01235	0.01758	0.01099	0.01759	0.05812	0.41922	0.00676	0.00534	0.00374	0.00556
16	0.01578	0.01356	0.01974	0.06956	0.32479	0.04193	0.01471	0.04513	0.03804	0.07079	0.05226	0.11920	0.01823	0.03278	0.00935	0.00232	0.09064	0.00803	0.00439	0.00877
17	0.00896	0.00646	0.00770	0.00812	0.00959	0.00580	0.00590	0.01084	0.01484	0.03545	0.16792	0.30360	0.29233	0.01691	0.00786	0.00235	0.00361	0.04032	0.04567	0.00577
18	0.01354	0.01185	0.01797	0.02451	0.35262	0.01190	0.01355	0.04834	0.06551	0.02199	0.08794	0.18548	0.06614	0.01120	0.00724	0.00220	0.00598	0.03861	0.00492	0.00852
19	0.01562	0.01131	0.01794	0.42699	0.09377	0.01279	0.01499	0.03882	0.01458	0.13657	0.04487	0.02013	0.01308	0.01037	0.04526	0.05644	0.00812	0.00629	0.00414	0.00793
20	0.01565	0.01075	0.01704	0.03363	0.09959	0.01012	0.11655	0.01853	0.03430	0.16512	0.06978	0.10055	0.06276	0.12329	0.01199	0.04366	0.00639	0.00895	0.00519	0.04614
21	0.00848	0.00626	0.00742	0.00793	0.00886	0.00575	0.00534	0.00974	0.01331	0.01735	0.12732	0.31991	0.22515	0.19032	0.01392	0.00333	0.00419	0.01446	0.00577	0.00520
22	0.01698	0.00855	0.01117	0.00979	0.01257	0.00777	0.00754	0.02003	0.04409	0.29053	0.28617	0.13878	0.06473	0.04034	0.00833	0.00231	0.00436	0.01069	0.00724	0.00803
23	0.14268	0.01337	0.01712	0.09732	0.13197	0.01380	0.03299	0.14528	0.03720	0.06009	0.01510	0.05501	0.01273	0.04896	0.00749	0.00213	0.00651	0.00616	0.00460	0.14950
24	0.01364	0.01032	0.01529	0.07610	0.06939	0.01052	0.07758	0.04026	0.06193	0.08965	0.05104	0.10995	0.12701	0.09093	0.04429	0.02463	0.02772	0.04728	0.00514	0.00732
25	0.00902	0.00614	0.00820	0.00900	0.00975	0.00592	0.00638	0.00967	0.01209	0.01586	0.03372	0.37261	0.14014	0.02342	0.09124	0.17255	0.00578	0.05838	0.00515	0.00496
26	0.01103	0.00873	0.00985	0.00941	0.01055	0.03223	0.00667	0.04724	0.04021	0.01794	0.10454	0.12098	0.13049	0.27822	0.06547	0.02356	0.06171	0.01052	0.00497	0.00568
27	0.01363	0.01282	0.01955	0.03888	0.19251	0.05086	0.12309	0.03930	0.05332	0.01990	0.02095	0.12645	0.05603	0.01803	0.16286	0.00394	0.00959	0.00867	0.02167	0.00794
28	0.01110	0.00705	0.00971	0.00968	0.01068	0.00737	0.00703	0.04596	0.01185	0.03873	0.02194	0.17977	0.04938	0.05428	0.26056	0.24669	0.00932	0.00938	0.00429	0.00523
29	0.01548	0.07612	0.03850	0.01254	0.04097	0.01202	0.03600	0.10587	0.06774	0.10088	0.08153	0.09312	0.04555	0.11030	0.06997	0.00332	0.00686	0.03061	0.04477	0.00786
30	0.04607	0.01228	0.01536	0.01222	0.03929	0.01086	0.04665	0.10098	0.01552	0.05529	0.01400	0.01790	0.01183	0.08198	0.03956	0.00222	0.00633	0.00522	0.00437	0.46204
31	0.07178	0.01265	0.01777	0.03484	0.06515	0.01236	0.11439	0.13437	0.01679	0.04874	0.06204	0.05129	0.04277	0.08063	0.04132	0.00265	0.00705	0.00720	0.00473	0.17146
32	0.05064	0.01246	0.01411	0.01410	0.07954	0.06371	0.01003	0.07856	0.13457	0.12552	0.09234	0.05775	0.08794	0.01567	0.10843	0.00329	0.00746	0.02970	0.00575	0.00843

[dist]
# distance from previous block
# <min> <max>
3	11

[block]
# block no. 7 follows, 33 sequences, length 20
# corresponding to MSA columns:
# 238-257
name=unknown_H
#
# <colnr> <probs for GDERKNQSTAVLIFYWHMCP>
#	G	D	E	R	K	N	Q	S	T	A	V	L	I	F	Y	W	H	M	C	P
0	0.01372	0.01235	0.01324	0.01175	0.01429	0.09479	0.04201	0.07616	0.08680	0.02131	0.10638	0.19680	0.06223	0.10208	0.01065	0.00261	0.02732	0.01022	0.00532	0.08997
1	0.07406	0.13693	0.02045	0.03786	0.06021	0.24546	0.01196	0.16382	0.03901	0.03997	0.01231	0.01365	0.00973	0.00660	0.00565	0.00170	0.00823	0.00468	0.00425	0.10344
2	0.02022	0.05497	0.08846	0.07211	0.10912	0.03724	0.01415	0.23353	0.05191	0.13090	0.03723	0.01765	0.01294	0.00754	0.00713	0.00199	0.04498	0.00589	0.00520	0.04685
3	0.05190	0.13497	0.07161	0.02218	0.15754	0.15923	0.14415	0.10007	0.01690	0.02174	0.01166	0.01430	0.00939	0.00653	0.00702	0.00194	0.05087	0.00539	0.00360	0.00902
4	0.01264	0.11831	0.01681	0.01247	0.01505	0.09005	0.10047	0.01484	0.01424	0.01791	0.05273	0.27788	0.08496	0.05118	0.00850	0.00242	0.00628	0.05151	0.04518	0.00657
5	0.00881	0.00638	0.00742	0.00783	0.00861	0.00599	0.00518	0.00980	0.01234	0.01597	0.07178	0.21974	0.20096	0.33448	0.01884	0.00412	0.00486	0.04673	0.00527	0.00491
6	0.01605	0.01740	0.04720	0.10135	0.14843	0.07105	0.32978	0.05831	0.01618	0.02154	0.05750	0.01865	0.01307	0.00675	0.00789	0.00214	0.04728	0.00696	0.00367	0.00878
7	0.00936	0.00642	0.00712	0.00712	0.00738	0.00628	0.00411	0.00956	0.01022	0.01336	0.02621	0.04549	0.10735	0.67915	0.03045	0.00589	0.00602	0.01009	0.00424	0.00418
8	0.04024	0.07288	0.04188	0.03863	0.27070	0.05326	0.01401	0.07609	0.04497	0.05380	0.01318	0.01528	0.01052	0.00606	0.00581	0.00166	0.00693	0.00508	0.00403	0.22498
9	0.10342	0.11911	0.13448	0.05985	0.10952	0.18989	0.04986	0.06936	0.01607	0.04549	0.01159	0.01379	0.00911	0.00659	0.00641	0.00192	0.03628	0.00490	0.00361	0.00876
10	0.00943	0.00694	0.01002	0.01002	0.01100	0.00793	0.00753	0.01140	0.01041	0.01487	0.01814	0.02869	0.01769	0.16765	0.62595	0.00989	0.01578	0.00747	0.00360	0.00557
11	0.01918	0.10005	0.02217	0.05161	0.10322	0.12345	0.07627	0.20741	0.10140	0.02572	0.01729	0.01847	0.04992	0.00742	0.00633	0.00190	0.00782	0.00609	0.00471	0.04957
12	0.00912	0.00631	0.00760	0.00806	0.00839	0.00622	0.00509	0.00975	0.01091	0.01448	0.02745	0.23228	0.06341	0.46750	0.06259	0.00530	0.00615	0.04006	0.00471	0.00461
13	0.01466	0.06111	0.02032	0.01455	0.04369	0.01203	0.14319	0.04888	0.01508	0.02217	0.04784	0.01622	0.01243	0.00566	0.00567	0.00138	0.00634	0.00519	0.00399	0.49961
14	0.04988	0.23862	0.19929	0.04159	0.16313	0.01927	0.04709	0.09500	0.01560	0.02172	0.01141	0.01379	0.00915	0.00639	0.00644	0.00190	0.04208	0.00494	0.00339	0.00933
15	0.33118	0.13894	0.01639	0.01227	0.05020	0.07350	0.00955	0.06965	0.01428	0.02423	0.05191	0.04933	0.01357	0.01030	0.05240	0.00249	0.04097	0.00545	0.02576	0.00762
16	0.00830	0.00596	0.00764	0.00876	0.00926	0.00566	0.00582	0.00937	0.01223	0.01621	0.03528	0.57170	0.08849	0.13173	0.04786	0.00357	0.00484	0.01645	0.00567	0.00519
17	0.01005	0.00645	0.00831	0.00889	0.00969	0.00619	0.00602	0.01118	0.01228	0.06734	0.03177	0.43372	0.07132	0.19690	0.08445	0.00423	0.00584	0.01433	0.00551	0.00551
18	0.01741	0.22913	0.12378	0.04857	0.10680	0.06140	0.04929	0.06948	0.14625	0.04618	0.03096	0.01670	0.01262	0.00688	0.00595	0.00189	0.00761	0.00554	0.00419	0.00939
19	0.01925	0.11944	0.09867	0.05743	0.15554	0.15627	0.04427	0.10972	0.01750	0.07830	0.03202	0.01609	0.01154	0.00811	0.02775	0.00215	0.02720	0.00548	0.00408	0.00917

[dist]
# distance from previous block
# <min> <max>
0	9

[block]
# block no. 8 follows, 33 sequences, length 48
# corresponding to MSA columns:
# 267-314
name=unknown_I
#
# <colnr> <probs for GDERKNQSTAVLIFYWHMCP>
#	G	D	E	R	K	N	Q	S	T	A	V	L	I	F	Y	W	H	M	C	P
0	0.08256	0.04539	0.09979	0.07286	0.05605	0.05160	0.05442	0.11429	0.11392	0.12544	0.03106	0.04751	0.01450	0.00785	0.00629	0.00204	0.00699	0.00647	0.05176	0.00921
1	0.18861	0.01060	0.01300	0.11543	0.01768	0.04770	0.04046	0.01507	0.01161	0.01868	0.01468	0.02207	0.01340	0.10451	0.33212	0.00625	0.01187	0.00627	0.00360	0.00638
2	0.05089	0.01704	0.07928	0.06409	0.23123	0.08795	0.09761	0.02102	0.07665	0.04044	0.08402	0.02016	0.01609	0.00939	0.04218	0.00247	0.04002	0.00655	0.00408	0.00884
3	0.00868	0.00698	0.00845	0.00925	0.04544	0.00621	0.00630	0.01078	0.01563	0.02025	0.24496	0.17565	0.38592	0.01589	0.00782	0.00224	0.00358	0.01374	0.00629	0.00595
4	0.01440	0.04283	0.02210	0.43533	0.25433	0.05553	0.01795	0.01833	0.01395	0.01814	0.01194	0.01687	0.00953	0.00785	0.03257	0.00236	0.00890	0.00572	0.00307	0.00829
5	0.02301	0.02807	0.02086	0.01787	0.02171	0.58623	0.10132	0.05942	0.01870	0.01833	0.01127	0.01328	0.00911	0.00671	0.00616	0.00177	0.01122	0.00485	0.03220	0.00792
6	0.01815	0.55016	0.02911	0.01229	0.01732	0.10354	0.01127	0.02327	0.14395	0.01779	0.01253	0.01330	0.01061	0.00637	0.00487	0.00159	0.00724	0.00433	0.00360	0.00872
7	0.02348	0.02773	0.01929	0.01680	0.02045	0.57158	0.04740	0.11826	0.01975	0.01968	0.01161	0.01419	0.00966	0.04302	0.00743	0.00198	0.01094	0.00490	0.00385	0.00801
8	0.01292	0.03724	0.01450	0.17267	0.11456	0.03064	0.01102	0.01646	0.03305	0.02084	0.06716	0.06566	0.05627	0.00895	0.00693	0.00196	0.04823	0.00742	0.26632	0.00720
9	0.01409	0.01497	0.02968	0.19359	0.03293	0.01571	0.40531	0.01856	0.01403	0.01907	0.01367	0.05307	0.01140	0.00892	0.03830	0.00264	0.09511	0.00759	0.00332	0.00804
10	0.01160	0.00809	0.01197	0.04504	0.05223	0.00834	0.03718	0.01243	0.01181	0.05188	0.04167	0.14119	0.07860	0.13378	0.09835	0.19390	0.04269	0.00941	0.00430	0.00556
11	0.01758	0.01954	0.11227	0.08037	0.08949	0.15078	0.03430	0.17693	0.05497	0.02465	0.06250	0.06244	0.06792	0.00884	0.00672	0.00204	0.00790	0.00725	0.00474	0.00878
12	0.00969	0.00683	0.00851	0.00897	0.00987	0.00673	0.00618	0.03243	0.04607	0.01735	0.06347	0.36916	0.11171	0.11597	0.05055	0.10710	0.00517	0.01350	0.00539	0.00537
13	0.01679	0.01771	0.02259	0.21496	0.10561	0.15737	0.10397	0.05127	0.05060	0.01920	0.01200	0.01596	0.00971	0.00762	0.00974	0.00221	0.16516	0.00585	0.00345	0.00823
14	0.00822	0.00644	0.00742	0.00791	0.00942	0.00570	0.00576	0.00992	0.01454	0.01836	0.12224	0.26912	0.39675	0.03717	0.00871	0.00250	0.00369	0.05440	0.00617	0.00555
15	0.03882	0.01711	0.10276	0.01669	0.10013	0.04850	0.03088	0.16071	0.09514	0.06545	0.01677	0.07054	0.01379	0.00768	0.00623	0.00184	0.00677	0.00638	0.00491	0.18889
16	0.04506	0.01340	0.01447	0.01104	0.01627	0.04560	0.00881	0.10502	0.05549	0.07122	0.01472	0.04174	0.01200	0.00639	0.00545	0.00137	0.00554	0.00507	0.00473	0.51660
17	0.05726	0.18896	0.14790	0.01581	0.07289	0.06141	0.03190	0.08710	0.07948	0.10099	0.06258	0.01761	0.01439	0.00715	0.00591	0.00187	0.00726	0.00559	0.00457	0.02938
18	0.01623	0.04917	0.12621	0.04158	0.23596	0.05135	0.14313	0.06066	0.03494	0.02127	0.01227	0.01565	0.00988	0.00690	0.00873	0.00210	0.11698	0.00587	0.00345	0.03770
19	0.00846	0.00610	0.00811	0.00956	0.01023	0.00575	0.00684	0.00996	0.01317	0.01736	0.03758	0.60827	0.07722	0.02000	0.00849	0.00271	0.00419	0.13442	0.00610	0.00548
20	0.01711	0.04020	0.05946	0.10895	0.27024	0.04899	0.14492	0.05632	0.04918	0.07390	0.01476	0.03804	0.01175	0.00675	0.00667	0.00202	0.00828	0.00646	0.00399	0.03198
21	0.03927	0.04888	0.05652	0.03597	0.14022	0.11094	0.07066	0.11002	0.11539	0.07788	0.05391	0.05235	0.01632	0.03353	0.00747	0.00217	0.00757	0.00689	0.00489	0.00915
22	0.00919	0.00747	0.00978	0.00934	0.01125	0.00688	0.04467	0.01221	0.04877	0.02072	0.24169	0.21425	0.28792	0.01571	0.00790	0.00231	0.00398	0.03350	0.00631	0.00613
23	0.00931	0.00710	0.00967	0.01010	0.01128	0.00673	0.03783	0.04502	0.01418	0.01872	0.05730	0.57393	0.11523	0.01859	0.00822	0.00256	0.00432	0.03799	0.00604	0.00587
24	0.01773	0.01598	0.04634	0.08231	0.26247	0.01573	0.17088	0.11445	0.08037	0.07935	0.03756	0.01882	0.01318	0.00682	0.00687	0.00207	0.00806	0.00666	0.00449	0.00985
25	0.01622	0.04232	0.15194	0.04459	0.10409	0.08470	0.08668	0.08671	0.01605	0.06953	0.01798	0.06585	0.04688	0.01362	0.09743	0.02632	0.00939	0.00703	0.00416	0.00850
26	0.01212	0.00617	0.00627	0.00625	0.00778	0.00614	0.00468	0.01519	0.01405	0.02464	0.05719	0.02580	0.01917	0.00796	0.00476	0.00156	0.00307	0.00643	0.76463	0.00614
27	0.01455	0.01386	0.02357	0.36225	0.41936	0.01518	0.01934	0.01868	0.01416	0.01939	0.01207	0.01686	0.00968	0.00619	0.00655	0.00206	0.00825	0.00586	0.00311	0.00902
28	0.01715	0.08263	0.18672	0.06207	0.10293	0.01535	0.05657	0.11691	0.07463	0.10047	0.07059	0.03887	0.03030	0.00790	0.00654	0.00204	0.00737	0.00671	0.00479	0.00946
