[name]
unknown

[dist]
# distance from previous block
# <min> <max>
44	80

[block]
# block no. 0 follows, 32 sequences, length 245
# corresponding to MSA columns:
# 114-358
name=unknown_A
#
# <colnr> <probs for GDERKNQSTAVLIFYWHMCP>
#	G	D	E	R	K	N	Q	S	T	A	V	L	I	F	Y	W	H	M	C	P
0	0.01662	0.03598	0.10628	0.02061	0.19788	0.07853	0.03350	0.02123	0.06070	0.08892	0.06960	0.05334	0.04791	0.00825	0.00697	0.00195	0.02652	0.00699	0.00460	0.11363
1	0.01715	0.01923	0.22118	0.01804	0.11985	0.01356	0.01537	0.04143	0.14778	0.13190	0.06798	0.02049	0.01651	0.00751	0.00649	0.00197	0.00692	0.00629	0.00507	0.11529
2	0.04049	0.01401	0.08271	0.01801	0.15520	0.01184	0.03544	0.05149	0.05675	0.20612	0.18358	0.02757	0.04686	0.00900	0.00692	0.00206	0.00608	0.00781	0.00599	0.03208
3	0.05182	0.03792	0.10833	0.01514	0.07938	0.03361	0.04256	0.03918	0.01663	0.15870	0.14635	0.02260	0.02089	0.00776	0.00634	0.00181	0.00631	0.00654	0.00524	0.19288
4	0.01703	0.01674	0.02683	0.04000	0.68765	0.05161	0.02022	0.02090	0.01546	0.02165	0.01251	0.01638	0.01053	0.00602	0.00661	0.00198	0.00818	0.00590	0.00333	0.01049
5	0.01345	0.01110	0.03225	0.01155	0.04332	0.00885	0.00874	0.03866	0.01493	0.05296	0.06504	0.18773	0.02228	0.00985	0.00633	0.00166	0.00501	0.02489	0.00499	0.43642
6	0.01880	0.01491	0.01651	0.01251	0.01801	0.01447	0.01014	0.28971	0.09440	0.03062	0.01521	0.01596	0.01164	0.00663	0.00586	0.00153	0.00596	0.00518	0.00536	0.40660
7	0.00840	0.00600	0.00778	0.00911	0.00957	0.00563	0.00608	0.00952	0.01271	0.01683	0.03666	0.63885	0.07117	0.09629	0.01116	0.00310	0.00420	0.03560	0.00601	0.00534
8	0.01222	0.00729	0.01129	0.01322	0.10086	0.00729	0.00815	0.01070	0.01015	0.01369	0.01381	0.02462	0.01382	0.02068	0.02226	0.63329	0.00613	0.06308	0.00324	0.00418
9	0.03935	0.07851	0.01629	0.01213	0.01615	0.01441	0.00992	0.16144	0.18448	0.16552	0.15863	0.02881	0.04367	0.00979	0.00682	0.00210	0.00553	0.03013	0.00675	0.00956
10	0.01380	0.01300	0.02194	0.49255	0.26042	0.01489	0.01876	0.01806	0.01424	0.01906	0.04084	0.01879	0.01169	0.00676	0.00674	0.00215	0.00840	0.00622	0.00327	0.00842
11	0.00894	0.00692	0.00820	0.00811	0.00999	0.00618	0.00624	0.01145	0.01700	0.02234	0.36208	0.05910	0.35052	0.01565	0.00806	0.00228	0.00357	0.08060	0.00675	0.00602
12	0.01651	0.01622	0.02882	0.03953	0.63404	0.01607	0.10762	0.02071	0.01535	0.02187	0.01274	0.01680	0.01057	0.00594	0.00681	0.00203	0.00840	0.00623	0.00333	0.01043
13	0.01670	0.01863	0.05243	0.02404	0.18176	0.12378	0.08060	0.01943	0.01338	0.01822	0.01049	0.01505	0.00932	0.00892	0.01419	0.00245	0.37321	0.00583	0.00314	0.00842
14	0.04784	0.02971	0.57936	0.01735	0.02609	0.01445	0.02142	0.02231	0.01490	0.11250	0.04237	0.01660	0.01171	0.00691	0.00639	0.00212	0.00891	0.00542	0.00377	0.00986
15	0.02387	0.00991	0.01335	0.01103	0.01499	0.00865	0.00877	0.02618	0.01780	0.52374	0.06580	0.16691	0.05581	0.01140	0.00721	0.00221	0.00513	0.00971	0.00777	0.00976
16	0.01746	0.01615	0.02376	0.22811	0.08182	0.06784	0.14446	0.13319	0.01741	0.05136	0.03675	0.01796	0.01181	0.00770	0.00908	0.00224	0.11356	0.00646	0.00410	0.00878
17	0.01468	0.01468	0.02055	0.01762	0.01762	0.02055	0.01468	0.01615	0.01028	0.01615	0.00881	0.01468	0.00881	0.01174	0.02202	0.00294	0.75191	0.00587	0.00294	0.00734
18	0.00959	0.00719	0.01078	0.01078	0.01198	0.00839	0.00839	0.01198	0.01078	0.01558	0.01797	0.02636	0.01677	0.05032	0.73760	0.01078	0.01797	0.00719	0.00359	0.00599
19	0.01172	0.00664	0.01022	0.10408	0.01361	0.00701	0.00749	0.00994	0.00964	0.01280	0.03179	0.02092	0.01277	0.02090	0.02319	0.67847	0.00615	0.00602	0.00305	0.00360
20	0.01823	0.64079	0.03340	0.01298	0.01831	0.08043	0.04251	0.02047	0.01398	0.01611	0.00957	0.01139	0.00869	0.00612	0.00548	0.00157	0.04456	0.00395	0.00294	0.00850
21	0.81159	0.01298	0.00986	0.00882	0.01298	0.01505	0.00727	0.01972	0.01142	0.03010	0.00934	0.01090	0.00727	0.00623	0.00415	0.00208	0.00519	0.00363	0.00415	0.00727
22	0.01782	0.01498	0.01581	0.01388	0.01788	0.01722	0.01089	0.12100	0.62302	0.02990	0.02587	0.02389	0.01932	0.00897	0.00681	0.00224	0.00558	0.00739	0.00681	0.01072
23	0.01661	0.01594	0.02724	0.04119	0.72233	0.01594	0.02059	0.02059	0.01528	0.02192	0.01262	0.01661	0.01063	0.00598	0.00664	0.00199	0.00797	0.00598	0.00332	0.01063
24	0.00818	0.00584	0.00779	0.00934	0.00973	0.00545	0.00623	0.00934	0.01285	0.01713	0.03698	0.75981	0.04438	0.02102	0.00856	0.00273	0.00389	0.01908	0.00623	0.00545
25	0.00818	0.00584	0.00779	0.00934	0.00973	0.00545	0.00623	0.00934	0.01285	0.01713	0.03698	0.75981	0.04438	0.02102	0.00856	0.00273	0.00389	0.01908	0.00623	0.00545
26	0.76822	0.01259	0.00980	0.00882	0.01275	0.01455	0.00719	0.01913	0.01127	0.02910	0.00947	0.01141	0.00750	0.00715	0.00535	0.04560	0.00523	0.00375	0.00409	0.00703
27	0.00852	0.00599	0.00768	0.00890	0.00920	0.00568	0.00575	0.00943	0.01216	0.01622	0.03348	0.60165	0.03996	0.18521	0.01422	0.00356	0.00447	0.01702	0.00575	0.00514
28	0.01363	0.06250	0.70312	0.01883	0.02859	0.01600	0.02429	0.02121	0.01415	0.02104	0.01194	0.01404	0.00850	0.00635	0.00630	0.00210	0.00981	0.00491	0.00283	0.00987
29	0.00922	0.00735	0.00843	0.00860	0.01066	0.00672	0.00680	0.01225	0.04675	0.02056	0.17526	0.06266	0.42352	0.01639	0.00817	0.00242	0.00405	0.15762	0.00645	0.00611
30	0.01661	0.01594	0.02724	0.04119	0.72233	0.01594	0.02059	0.02059	0.01528	0.02192	0.01262	0.01661	0.01063	0.00598	0.00664	0.00199	0.00797	0.00598	0.00332	0.01063
31	0.00838	0.00714	0.00727	0.00726	0.00956	0.00618	0.00551	0.01083	0.04340	0.01859	0.06524	0.06335	0.66848	0.01673	0.00793	0.00229	0.00357	0.03615	0.00625	0.00588
32	0.02620	0.01768	0.01945	0.01491	0.02025	0.01916	0.01232	0.59924	0.02968	0.14563	0.01767	0.01713	0.01220	0.00809	0.00672	0.00202	0.00713	0.00615	0.00695	0.01141
33	0.01776	0.01282	0.01419	0.01190	0.01480	0.01389	0.00909	0.35008	0.03836	0.02859	0.04026	0.03027	0.01917	0.26977	0.04136	0.02646	0.00716	0.04042	0.00559	0.00804
34	0.01407	0.01335	0.02265	0.49713	0.28623	0.01528	0.01933	0.01837	0.01408	0.01884	0.01217	0.01743	0.00954	0.00645	0.00669	0.00215	0.00860	0.00597	0.00310	0.00858
35	0.00816	0.00588	0.00774	0.00923	0.00970	0.00546	0.00618	0.00936	0.01295	0.01717	0.03831	0.72997	0.07336	0.02085	0.00854	0.00271	0.00387	0.01886	0.00623	0.00546
36	0.00910	0.00621	0.00825	0.00925	0.01001	0.00575	0.00636	0.01070	0.01423	0.04051	0.16924	0.59951	0.04722	0.01922	0.00838	0.00259	0.00381	0.01735	0.00652	0.00580
37	0.01149	0.00856	0.01072	0.01136	0.01316	0.00870	0.00922	0.06347	0.07356	0.02134	0.03669	0.20438	0.10610	0.03830	0.00930	0.00288	0.00545	0.35244	0.00623	0.00666
38	0.01643	0.01576	0.02692	0.07286	0.69204	0.01590	0.02050	0.02044	0.01519	0.02171	0.01259	0.01666	0.01055	0.00601	0.00665	0.00200	0.00801	0.00598	0.00331	0.01049
39	0.01445	0.01065	0.01293	0.01267	0.01521	0.01119	0.01059	0.18768	0.05609	0.02574	0.03174	0.12485	0.06088	0.01557	0.00837	0.00270	0.00609	0.37861	0.00635	0.00764
40	0.02267	0.01395	0.01617	0.01327	0.01752	0.01457	0.01070	0.32350	0.08766	0.22148	0.02395	0.13417	0.01983	0.01064	0.00712	0.00221	0.00616	0.03716	0.00706	0.01021
41	0.05373	0.01210	0.01569	0.01215	0.01726	0.01107	0.01001	0.07825	0.04947	0.62809	0.02526	0.02210	0.01613	0.00826	0.00667	0.00208	0.00579	0.00664	0.00800	0.01125
42	0.81159	0.01298	0.00986	0.00882	0.01298	0.01505	0.00727	0.01972	0.01142	0.03010	0.00934	0.01090	0.00727	0.00623	0.00415	0.00208	0.00519	0.00363	0.00415	0.00727
43	0.01130	0.00971	0.01347	0.01345	0.04212	0.03526	0.01016	0.01357	0.01115	0.01596	0.01587	0.02340	0.01483	0.04019	0.55589	0.00872	0.14819	0.00681	0.00346	0.00648
44	0.01713	0.02321	0.33032	0.05370	0.02626	0.01452	0.10799	0.07286	0.04456	0.12113	0.01515	0.01663	0.01076	0.00662	0.00651	0.00199	0.00846	0.00571	0.00427	0.11220
45	0.00818	0.00584	0.00779	0.00934	0.00973	0.00545	0.00623	0.00934	0.01285	0.01713	0.03698	0.75981	0.04438	0.02102	0.00856	0.00273	0.00389	0.01908	0.00623	0.00545
46	0.02092	0.01651	0.01755	0.01451	0.01906	0.01866	0.01164	0.35402	0.38496	0.03488	0.02194	0.02076	0.01613	0.00860	0.00677	0.00215	0.00630	0.00685	0.00677	0.01100
47	0.01267	0.01193	0.02013	0.74806	0.04621	0.01491	0.01863	0.01714	0.01342	0.01714	0.01193	0.01789	0.00894	0.00671	0.00671	0.00224	0.00894	0.00596	0.00298	0.00745
48	0.01267	0.01193	0.02013	0.74806	0.04621	0.01491	0.01863	0.01714	0.01342	0.01714	0.01193	0.01789	0.00894	0.00671	0.00671	0.00224	0.00894	0.00596	0.00298	0.00745
49	0.01346	0.03471	0.72942	0.01912	0.02904	0.01558	0.02479	0.02125	0.01417	0.02125	0.01204	0.01417	0.00850	0.00637	0.00637	0.00212	0.00992	0.00496	0.00283	0.00992
50	0.01557	0.01482	0.01620	0.01763	0.10842	0.16513	0.04587	0.03696	0.03967	0.03846	0.02527	0.14654	0.02610	0.01328	0.00785	0.00248	0.00759	0.25939	0.00519	0.00756
51	0.00824	0.00626	0.00787	0.02943	0.01058	0.00577	0.00628	0.00964	0.01350	0.01739	0.04440	0.55688	0.22023	0.01956	0.00835	0.00259	0.00391	0.01742	0.00614	0.00556
52	0.01584	0.01810	0.03959	0.02828	0.03507	0.01697	0.69796	0.02149	0.01584	0.02149	0.01357	0.01810	0.01018	0.00566	0.00792	0.00226	0.01131	0.00792	0.00339	0.00905
53	0.00844	0.00596	0.00776	0.00904	0.00941	0.00562	0.00594	0.00951	0.01263	0.01689	0.05769	0.63786	0.04227	0.12265	0.01205	0.00322	0.00423	0.01756	0.00597	0.00529
54	0.01661	0.01594	0.02724	0.04119	0.72233	0.01594	0.02059	0.02059	0.01528	0.02192	0.01262	0.01661	0.01063	0.00598	0.00664	0.00199	0.00797	0.00598	0.00332	0.01063
55	0.01267	0.01193	0.02013	0.74806	0.04621	0.01491	0.01863	0.01714	0.01342	0.01714	0.01193	0.01789	0.00894	0.00671	0.00671	0.00224	0.00894	0.00596	0.00298	0.00745
56	0.01669	0.01441	0.01517	0.01365	0.01745	0.01669	0.01062	0.03565	0.71021	0.02807	0.02731	0.02503	0.02048	0.00910	0.00683	0.00228	0.00531	0.00759	0.00683	0.01062
57	0.01631	0.01409	0.01481	0.01336	0.01709	0.01622	0.01038	0.03454	0.68039	0.02764	0.02906	0.02673	0.05049	0.00944	0.00687	0.00228	0.00523	0.00787	0.00680	0.01041
58	0.05265	0.01660	0.02920	0.06907	0.05231	0.01682	0.38017	0.13264	0.09807	0.02561	0.01760	0.02020	0.04214	0.00704	0.00731	0.00220	0.00910	0.00746	0.00446	0.00934
59	0.01794	0.76823	0.03516	0.01148	0.01722	0.02655	0.01148	0.02009	0.01363	0.01579	0.00933	0.01076	0.00861	0.00574	0.00431	0.00144	0.00718	0.00359	0.00287	0.00861
60	0.00890	0.00688	0.00815	0.00809	0.00994	0.00614	0.00618	0.01137	0.01692	0.02225	0.35908	0.07620	0.34660	0.01574	0.00805	0.00228	0.00355	0.07094	0.00675	0.00601
61	0.00965	0.00737	0.00869	0.00816	0.01016	0.00674	0.00617	0.04237	0.01822	0.02442	0.45224	0.05382	0.29803	0.01465	0.00787	0.00216	0.00344	0.01259	0.00694	0.00632
62	0.01267	0.01193	0.02013	0.74806	0.04621	0.01491	0.01863	0.01714	0.01342	0.01714	0.01193	0.01789	0.00894	0.00671	0.00671	0.00224	0.00894	0.00596	0.00298	0.00745
63	0.00818	0.00584	0.00779	0.00934	0.00973	0.00545	0.00623	0.00934	0.01285	0.01713	0.03698	0.75981	0.04438	0.02102	0.00856	0.00273	0.00389	0.01908	0.00623	0.00545
64	0.00937	0.00685	0.00879	0.00831	0.00995	0.00628	0.00623	0.01242	0.01869	0.02619	0.66591	0.05130	0.11664	0.01398	0.00792	0.00212	0.00318	0.01230	0.00729	0.00628
65	0.01391	0.01193	0.01391	0.00994	0.01590	0.00894	0.00795	0.01690	0.01391	0.02186	0.01193	0.01391	0.00994	0.00497	0.00497	0.00099	0.00497	0.00398	0.00398	0.80521
66	0.00976	0.00651	0.00732	0.00732	0.00732	0.00651	0.00407	0.00976	0.00976	0.01301	0.02114	0.04391	0.02439	0.76419	0.03415	0.00651	0.00651	0.00976	0.00407	0.00407
67	0.02846	0.01405	0.01720	0.01319	0.01844	0.01377	0.01089	0.27089	0.02361	0.48257	0.02277	0.02044	0.01475	0.00822	0.00674	0.00205	0.00631	0.00650	0.00774	0.01142
68	0.03010	0.01142	0.01557	0.01194	0.01713	0.00986	0.00986	0.03270	0.01920	0.72698	0.02647	0.02284	0.01661	0.00830	0.00675	0.00208	0.00571	0.00675	0.00830	0.01142
69	0.00976	0.00651	0.00732	0.00732	0.00732	0.00651	0.00407	0.00976	0.00976	0.01301	0.02114	0.04391	0.02439	0.76419	0.03415	0.00651	0.00651	0.00976	0.00407	0.00407
70	0.00896	0.00669	0.00833	0.00824	0.00978	0.00605	0.00606	0.01151	0.01726	0.02355	0.47650	0.16347	0.19782	0.01554	0.00802	0.00224	0.00333	0.01364	0.00696	0.00605
71	0.00814	0.00625	0.00746	0.00833	0.00949	0.00557	0.00580	0.00960	0.01406	0.01795	0.07939	0.46207	0.30352	0.01915	0.00829	0.00252	0.00367	0.01688	0.00628	0.00557
72	0.00855	0.00682	0.00766	0.00745	0.00944	0.00593	0.00559	0.01083	0.01676	0.02161	0.32630	0.05884	0.45911	0.01569	0.00792	0.00220	0.00331	0.01336	0.00669	0.00593
73	0.01391	0.01193	0.01391	0.00994	0.01590	0.00894	0.00795	0.01690	0.01391	0.02186	0.01193	0.01391	0.00994	0.00497	0.00497	0.00099	0.00497	0.00398	0.00398	0.80521
74	0.00976	0.00651	0.00732	0.00732	0.00732	0.00651	0.00407	0.00976	0.00976	0.01301	0.02114	0.04391	0.02439	0.76419	0.03415	0.00651	0.00651	0.00976	0.00407	0.00407
75	0.02924	0.01125	0.01536	0.01196	0.01698	0.00977	0.00990	0.03186	0.01904	0.69530	0.02688	0.02521	0.01760	0.00876	0.00686	0.00212	0.00573	0.03679	0.00821	0.01118
76	0.01346	0.03471	0.72942	0.01912	0.02904	0.01558	0.02479	0.02125	0.01417	0.02125	0.01204	0.01417	0.00850	0.00637	0.00637	0.00212	0.00992	0.00496	0.00283	0.00992
77	0.00822	0.00586	0.00777	0.00929	0.00966	0.00548	0.00617	0.00935	0.01276	0.01701	0.03654	0.73984	0.04382	0.04176	0.00928	0.00283	0.00397	0.01882	0.00617	0.00541
78	0.00818	0.00584	0.00779	0.00934	0.00973	0.00545	0.00623	0.00934	0.01285	0.01713	0.03698	0.75981	0.04438	0.02102	0.00856	0.00273	0.00389	0.01908	0.00623	0.00545
79	0.00818	0.00584	0.00779	0.00934	0.00973	0.00545	0.00623	0.00934	0.01285	0.01713	0.03698	0.75981	0.04438	0.02102	0.00856	0.00273	0.00389	0.01908	0.00623	0.00545
80	0.01391	0.01193	0.01391	0.00994	0.01590	0.00894	0.00795	0.01690	0.01391	0.02186	0.01193	0.01391	0.00994	0.00497	0.00497	0.00099	0.00497	0.00398	0.00398	0.80521
81	0.00880	0.00675	0.00777	0.00762	0.00925	0.00603	0.00550	0.01084	0.01595	0.02091	0.31887	0.08441	0.34254	0.11185	0.01132	0.00277	0.00373	0.01299	0.00641	0.00571
82	0.03010	0.01142	0.01557	0.01194	0.01713	0.00986	0.00986	0.03270	0.01920	0.72698	0.02647	0.02284	0.01661	0.00830	0.00675	0.00208	0.00571	0.00675	0.00830	0.01142
83	0.00818	0.00584	0.00779	0.00934	0.00973	0.00545	0.00623	0.00934	0.01285	0.01713	0.03698	0.75981	0.04438	0.02102	0.00856	0.00273	0.00389	0.01908	0.00623	0.00545
84	0.01661	0.01594	0.02724	0.04119	0.72233	0.01594	0.02059	0.02059	0.01528	0.02192	0.01262	0.01661	0.01063	0.00598	0.00664	0.00199	0.00797	0.00598	0.00332	0.01063
85	0.00832	0.00609	0.00784	0.00911	0.00984	0.00562	0.00629	0.00973	0.01355	0.01782	0.07143	0.60950	0.13126	0.02007	0.00848	0.00265	0.00390	0.04667	0.00628	0.00555
86	0.00976	0.00651	0.00732	0.00732	0.00732	0.00651	0.00407	0.00976	0.00976	0.01301	0.02114	0.04391	0.02439	0.76419	0.03415	0.00651	0.00651	0.00976	0.00407	0.00407
87	0.01391	0.01193	0.01391	0.00994	0.01590	0.00894	0.00795	0.01690	0.01391	0.02186	0.01193	0.01391	0.00994	0.00497	0.00497	0.00099	0.00497	0.00398	0.00398	0.80521
88	0.02468	0.07190	0.01989	0.01697	0.02055	0.69872	0.01288	0.02643	0.01872	0.01639	0.01032	0.01203	0.00864	0.00685	0.00596	0.00171	0.01183	0.00428	0.00343	0.00782
89	0.00901	0.00644	0.00874	0.01030	0.01105	0.00617	0.00768	0.01079	0.01367	0.01806	0.03652	0.54316	0.04255	0.02023	0.00879	0.00284	0.00462	0.22748	0.00621	0.00568
90	0.00818	0.00584	0.00779	0.00934	0.00973	0.00545	0.00623	0.00934	0.01285	0.01713	0.03698	0.75981	0.04438	0.02102	0.00856	0.00273	0.00389	0.01908	0.00623	0.00545
91	0.01391	0.01193	0.01391	0.00994	0.01590	0.00894	0.00795	0.01690	0.01391	0.02186	0.01193	0.01391	0.00994	0.00497	0.00497	0.00099	0.00497	0.00398	0.00398	0.80521
92	0.02551	0.01879	0.02014	0.01544	0.02081	0.02081	0.01275	0.69996	0.03155	0.04229	0.01611	0.01611	0.01141	0.00805	0.00671	0.00201	0.00738	0.00604	0.00671	0.01141
93	0.01669	0.01441	0.01517	0.01365	0.01745	0.01669	0.01062	0.03565	0.71021	0.02807	0.02731	0.02503	0.02048	0.00910	0.00683	0.00228	0.00531	0.00759	0.00683	0.01062
94	0.00959	0.00719	0.01078	0.01078	0.01198	0.00839	0.00839	0.01198	0.01078	0.01558	0.01797	0.02636	0.01677	0.05032	0.73760	0.01078	0.01797	0.00719	0.00359	0.00599
95	0.01353	0.03424	0.70992	0.01938	0.02921	0.01562	0.04382	0.02126	0.01421	0.02126	0.01208	0.01428	0.00855	0.00635	0.00642	0.00213	0.00996	0.00504	0.00285	0.00989
96	0.02551	0.01879	0.02014	0.01544	0.02081	0.02081	0.01275	0.69996	0.03155	0.04229	0.01611	0.01611	0.01141	0.00805	0.00671	0.00201	0.00738	0.00604	0.00671	0.01141
97	0.01790	0.01629	0.02400	0.06093	0.39907	0.03677	0.04716	0.14847	0.04643	0.02551	0.03476	0.01765	0.01249	0.00699	0.00736	0.00203	0.04112	0.00619	0.00423	0.04467
98	0.05281	0.01627	0.02515	0.03455	0.53915	0.03502	0.04590	0.05151	0.08998	0.02366	0.01417	0.01717	0.01149	0.00642	0.00659	0.00203	0.00778	0.00608	0.00388	0.01037
99	0.01858	0.49265	0.09812	0.01649	0.10935	0.02298	0.01402	0.09865	0.01612	0.04166	0.01131	0.01282	0.00942	0.00617	0.00515	0.00166	0.00752	0.00440	0.00353	0.00940
100	0.01597	0.01529	0.02608	0.15572	0.61278	0.01577	0.02028	0.02003	0.01498	0.02115	0.01251	0.01681	0.01036	0.00610	0.00665	0.00203	0.00813	0.00598	0.00327	0.01011
101	0.01422	0.02080	0.24192	0.02145	0.02813	0.01430	0.34676	0.01970	0.01513	0.04279	0.01995	0.08475	0.06406	0.00840	0.00751	0.00228	0.00939	0.02580	0.00389	0.00876
102	0.02239	0.01917	0.01984	0.01864	0.11137	0.11133	0.01334	0.38158	0.17441	0.03324	0.01734	0.01759	0.01291	0.00786	0.00664	0.00203	0.00762	0.00615	0.00588	0.01067
103	0.01661	0.01594	0.02724	0.04119	0.72233	0.01594	0.02059	0.02059	0.01528	0.02192	0.01262	0.01661	0.01063	0.00598	0.00664	0.00199	0.00797	0.00598	0.00332	0.01063
104	0.00815	0.00594	0.00768	0.00907	0.00966	0.00547	0.00611	0.00937	0.01311	0.01723	0.04027	0.68615	0.11592	0.02059	0.00850	0.00268	0.00384	0.01855	0.00623	0.00547
105	0.01781	0.14954	0.40845	0.01777	0.06143	0.03960	0.01915	0.07650	0.01631	0.11244	0.01375	0.01494	0.00991	0.00665	0.00611	0.00198	0.00869	0.00508	0.00389	0.00998
106	0.02427	0.02501	0.01932	0.04912	0.02175	0.38652	0.01302	0.29246	0.05788	0.02724	0.01354	0.01458	0.01033	0.00746	0.00638	0.00189	0.00976	0.00524	0.00489	0.00934
107	0.00818	0.00584	0.00779	0.00934	0.00973	0.00545	0.00623	0.00934	0.01285	0.01713	0.03698	0.75981	0.04438	0.02102	0.00856	0.00273	0.00389	0.01908	0.00623	0.00545
108	0.01279	0.01205	0.02035	0.72588	0.06743	0.01494	0.01870	0.01725	0.01348	0.01729	0.01195	0.01785	0.00900	0.00669	0.00671	0.00223	0.00891	0.00596	0.00299	0.00755
109	0.01776	0.02009	0.09906	0.03466	0.52849	0.10879	0.01970	0.05190	0.01637	0.02206	0.01243	0.01575	0.01019	0.00623	0.00654	0.00197	0.00868	0.00566	0.00344	0.01022
110	0.01694	0.01454	0.01531	0.01371	0.01754	0.01681	0.01068	0.05453	0.69092	0.02847	0.02699	0.02478	0.02022	0.00907	0.00682	0.00227	0.00537	0.00754	0.00682	0.01064
111	0.01267	0.01193	0.02013	0.74806	0.04621	0.01491	0.01863	0.01714	0.01342	0.01714	0.01193	0.01789	0.00894	0.00671	0.00671	0.00224	0.00894	0.00596	0.00298	0.00745
112	0.10102	0.02100	0.22994	0.05340	0.18494	0.05377	0.01704	0.07216	0.01644	0.12601	0.01696	0.01834	0.04545	0.00724	0.00636	0.00206	0.00793	0.00586	0.00437	0.00970
113	0.00925	0.04398	0.00972	0.00941	0.01051	0.00693	0.00687	0.01121	0.01491	0.02019	0.23762	0.45977	0.04778	0.01791	0.00822	0.00251	0.00402	0.06688	0.00640	0.00592
114	0.01010	0.00725	0.00981	0.01022	0.01179	0.00696	0.00837	0.01323	0.01738	0.02380	0.40797	0.06175	0.05208	0.01591	0.00853	0.00256	0.00454	0.31466	0.00684	0.00626
115	0.02474	0.01713	0.01879	0.01462	0.01970	0.01865	0.01200	0.54543	0.07987	0.12017	0.04656	0.01893	0.01479	0.00839	0.00677	0.00204	0.00686	0.00648	0.00693	0.01115
116	0.24265	0.02394	0.31733	0.01850	0.07244	0.03854	0.09978	0.07130	0.01510	0.02526	0.01175	0.01396	0.00872	0.00636	0.00596	0.00210	0.00848	0.00507	0.00362	0.00915
117	0.00878	0.00719	0.00767	0.00768	0.00975	0.00642	0.00579	0.01135	0.04635	0.01904	0.11059	0.06109	0.53950	0.06807	0.00979	0.00261	0.00389	0.06239	0.00619	0.00587
118	0.00850	0.00698	0.00758	0.00789	0.01001	0.00607	0.00622	0.01047	0.01532	0.01851	0.06161	0.06675	0.58605	0.01730	0.00819	0.00243	0.00394	0.14420	0.00622	0.00577
119	0.01668	0.01635	0.02633	0.09413	0.63962	0.04780	0.02011	0.02060	0.01530	0.02131	0.01247	0.01651	0.01041	0.00608	0.00662	0.00200	0.00823	0.00590	0.00330	0.01026
120	0.03992	0.13050	0.47343	0.01841	0.05575	0.10991	0.02045	0.04080	0.01517	0.02078	0.01152	0.01351	0.00867	0.00639	0.00601	0.00197	0.00953	0.00473	0.00309	0.00946
121	0.02094	0.11854	0.02559	0.05149	0.13397	0.36733	0.11947	0.04928	0.01751	0.01900	0.01137	0.01395	0.00930	0.00646	0.00626	0.00185	0.01040	0.00517	0.00346	0.00865
122	0.03760	0.01492	0.02379	0.03411	0.55782	0.01493	0.01774	0.04934	0.03543	0.02282	0.01604	0.05827	0.03387	0.00726	0.00664	0.00200	0.00729	0.00682	0.00387	0.04943
123	0.05578	0.01628	0.01744	0.01380	0.01867	0.01763	0.01121	0.43652	0.14619	0.03607	0.06129	0.01933	0.01590	0.00817	0.00650	0.00196	0.00640	0.00636	0.00636	0.09814
124	0.01496	0.01460	0.02070	0.01747	0.01799	0.01971	0.04340	0.04571	0.01141	0.01736	0.00994	0.01633	0.00975	0.04852	0.02135	0.00304	0.65098	0.00616	0.00318	0.00743
125	0.00948	0.00641	0.00749	0.00776	0.00786	0.00637	0.00456	0.00975	0.01032	0.01379	0.02381	0.16773	0.02766	0.61605	0.04854	0.00596	0.00636	0.01131	0.00443	0.00436
126	0.01651	0.01588	0.02690	0.04002	0.68749	0.01617	0.02030	0.02037	0.01503	0.02164	0.01243	0.01651	0.01054	0.00626	0.00740	0.00204	0.04475	0.00597	0.00330	0.01047
127	0.01402	0.01202	0.01396	0.01008	0.01596	0.00924	0.00805	0.01761	0.04030	0.02210	0.01251	0.01434	0.01034	0.00513	0.00504	0.00104	0.00498	0.00411	0.00408	0.77510
128	0.13598	0.01861	0.01654	0.03612	0.01886	0.21586	0.03858	0.12624	0.10017	0.11464	0.04020	0.02126	0.07183	0.00839	0.00636	0.00202	0.00768	0.00640	0.00538	0.00887
129	0.11450	0.26385	0.02301	0.01422	0.01859	0.36722	0.01173	0.05335	0.04314	0.01938	0.01081	0.01220	0.00904	0.00659	0.00533	0.00171	0.00926	0.00420	0.00362	0.00825
130	0.00801	0.00678	0.00682	0.00682	0.00899	0.00570	0.00505	0.00964	0.01505	0.01790	0.06594	0.06368	0.68946	0.04940	0.00907	0.00245	0.00353	0.01397	0.00614	0.00560
131	0.02135	0.04584	0.01849	0.01459	0.01920	0.04998	0.01178	0.35510	0.32681	0.03396	0.02050	0.01963	0.01515	0.00838	0.00664	0.00209	0.00667	0.00655	0.00648	0.01080
132	0.01680	0.29904	0.31166	0.01610	0.02315	0.09518	0.04677	0.04280	0.03391	0.01957	0.01211	0.01488	0.00985	0.00662	0.00575	0.00186	0.00890	0.02262	0.00325	0.00915
133	0.08475	0.12190	0.49005	0.01697	0.02498	0.04153	0.02017	0.05441	0.01471	0.02199	0.01147	0.01351	0.00857	0.00663	0.00663	0.00205	0.04236	0.00475	0.00317	0.00941
134	0.01580	0.01800	0.03902	0.02796	0.03455	0.01708	0.67751	0.02133	0.01567	0.02133	0.01343	0.01800	0.01014	0.00584	0.00834	0.00228	0.03348	0.00786	0.00338	0.00900
135	0.01646	0.01572	0.02644	0.06678	0.66615	0.01594	0.02009	0.02112	0.04534	0.02201	0.01323	0.01702	0.01099	0.00614	0.00665	0.00201	0.00789	0.00605	0.00346	0.01051
136	0.01882	0.01148	0.01588	0.04422	0.06235	0.01133	0.05197	0.05429	0.12933	0.25155	0.02961	0.13269	0.08122	0.01138	0.00738	0.00231	0.00592	0.06255	0.00653	0.00920
137	0.00903	0.00668	0.00846	0.00856	0.01000	0.00611	0.00633	0.01154	0.01694	0.02311	0.43763	0.20240	0.16354	0.01601	0.00812	0.00231	0.00350	0.04679	0.00690	0.00603
138	0.00976	0.00651	0.00732	0.00732	0.00732	0.00651	0.00407	0.00976	0.00976	0.01301	0.02114	0.04391	0.02439	0.76419	0.03415	0.00651	0.00651	0.00976	0.00407	0.00407
139	0.02433	0.03052	0.01928	0.01833	0.05531	0.67429	0.01325	0.02682	0.04502	0.01713	0.01112	0.01281	0.00919	0.00695	0.00611	0.00176	0.01164	0.00453	0.00358	0.00803
140	0.01753	0.09873	0.07641	0.28051	0.06894	0.06793	0.09972	0.16730	0.01821	0.02349	0.01269	0.01602	0.00963	0.00672	0.00653	0.00205	0.00894	0.00578	0.00387	0.00900
141	0.00976	0.00651	0.00732	0.00732	0.00732	0.00651	0.00407	0.00976	0.00976	0.01301	0.02114	0.04391	0.02439	0.76419	0.03415	0.00651	0.00651	0.00976	0.00407	0.00407
142	0.00959	0.00716	0.01063	0.01063	0.01178	0.00831	0.00820	0.01189	0.01074	0.01547	0.01811	0.02712	0.01710	0.08128	0.70709	0.01060	0.01748	0.00730	0.00361	0.00591
143	0.01585	0.01882	0.14502	0.06177	0.36626	0.01608	0.07604	0.02384	0.16318	0.02287	0.01570	0.01817	0.01225	0.00672	0.00675	0.00211	0.00806	0.00631	0.00398	0.01023
144	0.01477	0.01474	0.02085	0.01866	0.04881	0.02035	0.01494	0.01634	0.01050	0.01640	0.00898	0.01477	0.00889	0.01149	0.02134	0.00289	0.71897	0.00588	0.00295	0.00749
145	0.00950	0.00686	0.00897	0.00844	0.01002	0.00633	0.00633	0.01266	0.01899	0.02691	0.71879	0.05012	0.06331	0.01372	0.00791	0.00211	0.00317	0.01213	0.00739	0.00633
146	0.01270	0.01185	0.01985	0.68668	0.07184	0.01458	0.01807	0.01696	0.01333	0.01715	0.01236	0.01899	0.00970	0.04021	0.00792	0.00242	0.00880	0.00613	0.00304	0.00743
147	0.02059	0.02166	0.31943	0.01773	0.08067	0.01284	0.03751	0.02561	0.01664	0.31720	0.04985	0.01973	0.01458	0.00746	0.00667	0.00210	0.00773	0.00620	0.00539	0.01042
148	0.01729	0.01492	0.01555	0.01390	0.01756	0.04084	0.01086	0.03439	0.63474	0.04829	0.02589	0.02407	0.01944	0.00912	0.00748	0.00228	0.03901	0.00737	0.00658	0.01040
149	0.81159	0.01298	0.00986	0.00882	0.01298	0.01505	0.00727	0.01972	0.01142	0.03010	0.00934	0.01090	0.00727	0.00623	0.00415	0.00208	0.00519	0.00363	0.00415	0.00727
150	0.01309	0.03030	0.60578	0.01873	0.05729	0.01441	0.02223	0.02012	0.01484	0.02201	0.10286	0.01889	0.01564	0.00730	0.00658	0.00212	0.00896	0.00593	0.00344	0.00949
151	0.01438	0.01220	0.01417	0.01016	0.01610	0.00943	0.00815	0.04462	0.01463	0.02269	0.01210	0.01400	0.01000	0.00509	0.00504	0.00104	0.00507	0.00406	0.00409	0.77298
152	0.04574	0.03383	0.70032	0.01871	0.02839	0.01556	0.02408	0.02119	0.01406	0.02161	0.01193	0.01403	0.00845	0.00637	0.00628	0.00212	0.00973	0.00490	0.00289	0.00981
153	0.02551	0.01879	0.02014	0.01544	0.02081	0.02081	0.01275	0.69996	0.03155	0.04229	0.01611	0.01611	0.01141	0.00805	0.00671	0.00201	0.00738	0.00604	0.00671	0.01141
154	0.01284	0.01210	0.02043	0.71741	0.07553	0.01495	0.01872	0.01729	0.01350	0.01735	0.01196	0.01783	0.00902	0.00668	0.00671	0.00223	0.00890	0.00596	0.00300	0.00759
155	0.01512	0.02625	0.38450	0.02454	0.10532	0.01632	0.25870	0.04882	0.01557	0.02226	0.01280	0.01588	0.00943	0.00615	0.00696	0.00215	0.01009	0.00614	0.00324	0.00975
156	0.01584	0.01810	0.03959	0.02828	0.03507	0.01697	0.69796	0.02149	0.01584	0.02149	0.01357	0.01810	0.01018	0.00566	0.00792	0.00226	0.01131	0.00792	0.00339	0.00905
157	0.00818	0.00584	0.00779	0.00934	0.00973	0.00545	0.00623	0.00934	0.01285	0.01713	0.03698	0.75981	0.04438	0.02102	0.00856	0.00273	0.00389	0.01908	0.00623	0.00545
158	0.00808	0.00671	0.00707	0.00717	0.00920	0.00570	0.00530	0.00985	0.01536	0.01874	0.11765	0.12893	0.60293	0.01711	0.00799	0.00230	0.00343	0.01446	0.00632	0.00570
159	0.01511	0.02217	0.23387	0.02379	0.05093	0.01691	0.35855	0.02187	0.06632	0.02134	0.01361	0.01707	0.01033	0.00679	0.00888	0.00229	0.09070	0.00676	0.00344	0.00928
160	0.00950	0.00686	0.00897	0.00844	0.01002	0.00633	0.00633	0.01266	0.01899	0.02691	0.71879	0.05012	0.06331	0.01372	0.00791	0.00211	0.00317	0.01213	0.00739	0.00633
161	0.03010	0.01142	0.01557	0.01194	0.01713	0.00986	0.00986	0.03270	0.01920	0.72698	0.02647	0.02284	0.01661	0.00830	0.00675	0.00208	0.00571	0.00675	0.00830	0.01142
162	0.01305	0.01231	0.02081	0.68016	0.11116	0.01501	0.01882	0.01747	0.01360	0.01760	0.01199	0.01777	0.00911	0.00664	0.00670	0.00221	0.00885	0.00596	0.00301	0.00776
163	0.00829	0.00592	0.00792	0.00947	0.00991	0.00555	0.00643	0.00954	0.01296	0.01726	0.03692	0.73045	0.04413	0.02091	0.00859	0.00274	0.00399	0.04732	0.00623	0.00548
164	0.00974	0.00659	0.00773	0.00773	0.00787	0.00673	0.00458	0.01002	0.00988	0.01331	0.02077	0.04183	0.02349	0.67976	0.11735	0.00701	0.00786	0.00945	0.00401	0.00429
165	0.01725	0.01489	0.01704	0.01731	0.10819	0.01686	0.01204	0.07684	0.57692	0.02820	0.02470	0.02337	0.01863	0.00863	0.00680	0.00222	0.00579	0.00728	0.00637	0.01067
166	0.01794	0.76823	0.03516	0.01148	0.01722	0.02655	0.01148	0.02009	0.01363	0.01579	0.00933	0.01076	0.00861	0.00574	0.00431	0.00144	0.00718	0.00359	0.00287	0.00861
167	0.01794	0.76823	0.03516	0.01148	0.01722	0.02655	0.01148	0.02009	0.01363	0.01579	0.00933	0.01076	0.00861	0.00574	0.00431	0.00144	0.00718	0.00359	0.00287	0.00861
168	0.01669	0.01441	0.01517	0.01365	0.01745	0.01669	0.01062	0.03565	0.71021	0.02807	0.02731	0.02503	0.02048	0.00910	0.00683	0.00228	0.00531	0.00759	0.00683	0.01062
169	0.00936	0.00685	0.00877	0.00829	0.00994	0.00627	0.00622	0.01239	0.01866	0.02612	0.66029	0.05142	0.12230	0.01401	0.00792	0.00212	0.00319	0.01232	0.00728	0.00627
170	0.00818	0.00584	0.00779	0.00934	0.00973	0.00545	0.00623	0.00934	0.01285	0.01713	0.03698	0.75981	0.04438	0.02102	0.00856	0.00273	0.00389	0.01908	0.00623	0.00545
171	0.01794	0.76823	0.03516	0.01148	0.01722	0.02655	0.01148	0.02009	0.01363	0.01579	0.00933	0.01076	0.00861	0.00574	0.00431	0.00144	0.00718	0.00359	0.00287	0.00861
172	0.02506	0.03198	0.01901	0.01729	0.02074	0.73725	0.01296	0.02679	0.01901	0.01642	0.01037	0.01210	0.00864	0.00691	0.00605	0.00173	0.01210	0.00432	0.00346	0.00778
173	0.01035	0.00675	0.00888	0.00902	0.01038	0.00619	0.00650	0.01260	0.01634	0.07168	0.36779	0.34636	0.06858	0.01648	0.00811	0.00237	0.00366	0.01472	0.00694	0.00630
174	0.01694	0.01450	0.01533	0.01359	0.01753	0.01656	0.01061	0.06191	0.65628	0.02841	0.02627	0.02425	0.01971	0.00890	0.00675	0.00222	0.00538	0.00739	0.00671	0.04076
175	0.01267	0.01193	0.02013	0.74806	0.04621	0.01491	0.01863	0.01714	0.01342	0.01714	0.01193	0.01789	0.00894	0.00671	0.00671	0.00224	0.00894	0.00596	0.00298	0.00745
176	0.01554	0.01289	0.01479	0.01071	0.01659	0.01061	0.00863	0.11298	0.01639	0.02474	0.01251	0.01422	0.01015	0.00540	0.00521	0.00114	0.00531	0.00427	0.00436	0.69355
177	0.01095	0.00926	0.01404	0.01296	0.01411	0.01141	0.03591	0.01327	0.01086	0.01593	0.01577	0.02346	0.01476	0.04008	0.55131	0.00872	0.18043	0.00692	0.00344	0.00641
178	0.00818	0.00584	0.00779	0.00934	0.00973	0.00545	0.00623	0.00934	0.01285	0.01713	0.03698	0.75981	0.04438	0.02102	0.00856	0.00273	0.00389	0.01908	0.00623	0.00545
179	0.00930	0.00706	0.00859	0.00817	0.00999	0.00645	0.00614	0.01253	0.03746	0.02469	0.53230	0.05313	0.23058	0.01443	0.00789	0.00215	0.00329	0.01253	0.00707	0.00628
180	0.03010	0.01142	0.01557	0.01194	0.01713	0.00986	0.00986	0.03270	0.01920	0.72698	0.02647	0.02284	0.01661	0.00830	0.00675	0.00208	0.00571	0.00675	0.00830	0.01142
181	0.00841	0.00621	0.00793	0.00920	0.01005	0.00573	0.00651	0.00988	0.01357	0.01762	0.04246	0.56132	0.16645	0.02003	0.00852	0.00268	0.00404	0.08762	0.00622	0.00557
182	0.02997	0.01164	0.01571	0.01204	0.01724	0.01019	0.00995	0.05289	0.01958	0.70626	0.02616	0.02263	0.01645	0.00830	0.00675	0.00207	0.00576	0.00673	0.00826	0.01142
183	0.01661	0.01594	0.02724	0.04119	0.72233	0.01594	0.02059	0.02059	0.01528	0.02192	0.01262	0.01661	0.01063	0.00598	0.00664	0.00199	0.00797	0.00598	0.00332	0.01063
184	0.00959	0.00719	0.01078	0.01078	0.01198	0.00839	0.00839	0.01198	0.01078	0.01558	0.01797	0.02636	0.01677	0.05032	0.73760	0.01078	0.01797	0.00719	0.00359	0.00599
185	0.00897	0.00707	0.00827	0.00885	0.01077	0.00638	0.00713	0.01116	0.01534	0.01899	0.07307	0.09913	0.43912	0.01761	0.00841	0.00256	0.00436	0.24071	0.00624	0.00585
186	0.02506	0.03198	0.01901	0.01729	0.02074	0.73725	0.01296	0.02679	0.01901	0.01642	0.01037	0.01210	0.00864	0.00691	0.00605	0.00173	0.01210	0.00432	0.00346	0.00778
187	0.00814	0.00598	0.00764	0.00897	0.00963	0.00548	0.00606	0.00939	0.01321	0.01728	0.04157	0.65687	0.14436	0.02043	0.00847	0.00266	0.00382	0.01835	0.00623	0.00548
188	0.01578	0.01782	0.03846	0.05040	0.06583	0.01686	0.64764	0.02132	0.01574	0.02138	0.01348	0.01803	0.01016	0.00570	0.00783	0.00225	0.01109	0.00777	0.00338	0.00907
189	0.01438	0.01220	0.01417	0.01016	0.01610	0.00942	0.00814	0.04452	0.01463	0.02269	0.01210	0.01400	0.01000	0.00509	0.00504	0.00104	0.00507	0.00406	0.00409	0.77310
190	0.00976	0.00651	0.00732	0.00732	0.00732	0.00651	0.00407	0.00976	0.00976	0.01301	0.02114	0.04391	0.02439	0.76419	0.03415	0.00651	0.00651	0.00976	0.00407	0.00407
191	0.81159	0.01298	0.00986	0.00882	0.01298	0.01505	0.00727	0.01972	0.01142	0.03010	0.00934	0.01090	0.00727	0.00623	0.00415	0.00208	0.00519	0.00363	0.00415	0.00727
192	0.01697	0.01500	0.01530	0.01378	0.01756	0.04081	0.01070	0.03536	0.68708	0.02768	0.02674	0.02460	0.02009	0.00903	0.00680	0.00226	0.00554	0.00748	0.00671	0.01053
193	0.01794	0.76823	0.03516	0.01148	0.01722	0.02655	0.01148	0.02009	0.01363	0.01579	0.00933	0.01076	0.00861	0.00574	0.00431	0.00144	0.00718	0.00359	0.00287	0.00861
194	0.01027	0.00810	0.00947	0.00888	0.01055	0.04247	0.00666	0.01336	0.01899	0.02639	0.68377	0.04824	0.06061	0.01338	0.00782	0.00209	0.00361	0.01175	0.00719	0.00640
195	0.01062	0.00766	0.01054	0.01198	0.01358	0.00759	0.01043	0.01362	0.01544	0.01995	0.03770	0.07494	0.08426	0.01843	0.00918	0.00303	0.00599	0.63273	0.00618	0.00614
196	0.00818	0.00584	0.00779	0.00934	0.00973	0.00545	0.00623	0.00934	0.01285	0.01713	0.03698	0.75981	0.04438	0.02102	0.00856	0.00273	0.00389	0.01908	0.00623	0.00545
197	0.01267	0.01193	0.02013	0.74806	0.04621	0.01491	0.01863	0.01714	0.01342	0.01714	0.01193	0.01789	0.00894	0.00671	0.00671	0.00224	0.00894	0.00596	0.00298	0.00745
198	0.00959	0.00719	0.01078	0.01078	0.01198	0.00839	0.00839	0.01198	0.01078	0.01558	0.01797	0.02636	0.01677	0.05032	0.73760	0.01078	0.01797	0.00719	0.00359	0.00599
199	0.01267	0.01193	0.02013	0.74806	0.04621	0.01491	0.01863	0.01714	0.01342	0.01714	0.01193	0.01789	0.00894	0.00671	0.00671	0.00224	0.00894	0.00596	0.00298	0.00745
200	0.00793	0.00680	0.00680	0.00680	0.00906	0.00566	0.00510	0.00963	0.01529	0.01813	0.06797	0.06457	0.71961	0.01699	0.00793	0.00227	0.00340	0.01416	0.00623	0.00566
201	0.01267	0.01193	0.02013	0.74806	0.04621	0.01491	0.01863	0.01714	0.01342	0.01714	0.01193	0.01789	0.00894	0.00671	0.00671	0.00224	0.00894	0.00596	0.00298	0.00745
202	0.01132	0.00911	0.01163	0.01127	0.01283	0.04088	0.00871	0.04416	0.04660	0.01731	0.01815	0.02593	0.01668	0.07351	0.60883	0.00941	0.01616	0.00714	0.00391	0.00646
203	0.01645	0.01578	0.02695	0.06977	0.69499	0.01590	0.02051	0.02045	0.01520	0.02173	0.01259	0.01666	0.01056	0.00601	0.00665	0.00200	0.00801	0.00598	0.00331	0.01050
204	0.01059	0.00756	0.01056	0.01210	0.01355	0.00753	0.01042	0.01351	0.01523	0.01983	0.03565	0.13375	0.03911	0.01875	0.00921	0.00306	0.00598	0.62132	0.00618	0.00612
205	0.00903	0.00648	0.00840	0.00964	0.01028	0.00621	0.00655	0.04349	0.01377	0.01837	0.03595	0.72304	0.04275	0.02038	0.00847	0.00269	0.00407	0.01843	0.00625	0.00574
206	0.01425	0.10812	0.56325	0.01959	0.02865	0.01690	0.11568	0.02116	0.01434	0.02072	0.01197	0.01435	0.00874	0.00621	0.00637	0.00207	0.00982	0.00522	0.00291	0.00966
207	0.00818	0.00584	0.00779	0.00934	0.00973	0.00545	0.00623	0.00934	0.01285	0.01713	0.03698	0.75981	0.04438	0.02102	0.00856	0.00273	0.00389	0.01908	0.00623	0.00545
208	0.01643	0.01576	0.02692	0.07248	0.69240	0.01590	0.02051	0.02044	0.01520	0.02171	0.01259	0.01666	0.01055	0.00601	0.00665	0.00200	0.00801	0.00598	0.00331	0.01049
209	0.01730	0.01739	0.02679	0.03790	0.61459	0.07824	0.04968	0.02153	0.03217	0.02157	0.01282	0.01648	0.01067	0.00612	0.00665	0.00199	0.00841	0.00596	0.00342	0.01031
210	0.01794	0.76823	0.03516	0.01148	0.01722	0.02655	0.01148	0.02009	0.01363	0.01579	0.00933	0.01076	0.00861	0.00574	0.00431	0.00144	0.00718	0.00359	0.00287	0.00861
211	0.01794	0.76823	0.03516	0.01148	0.01722	0.02655	0.01148	0.02009	0.01363	0.01579	0.00933	0.01076	0.00861	0.00574	0.00431	0.00144	0.00718	0.00359	0.00287	0.00861
212	0.00886	0.00619	0.00761	0.00839	0.00875	0.00592	0.00532	0.00966	0.01197	0.01593	0.06113	0.41326	0.06446	0.31948	0.01880	0.00420	0.00489	0.01483	0.00541	0.00494
213	0.02548	0.01629	0.01828	0.01429	0.01940	0.01742	0.01172	0.43682	0.12146	0.21685	0.02032	0.01907	0.01400	0.00826	0.00674	0.00207	0.00667	0.00644	0.00714	0.01130
214	0.00800	0.00654	0.00706	0.00748	0.00924	0.00561	0.00540	0.00955	0.01464	0.01786	0.05969	0.25044	0.53909	0.01807	0.00810	0.00239	0.00353	0.01547	0.00623	0.00561
215	0.00963	0.00702	0.00992	0.00992	0.01082	0.00792	0.00731	0.01143	0.01053	0.01494	0.01876	0.03074	0.01868	0.22860	0.56192	0.00972	0.01511	0.00783	0.00371	0.00551
216	0.00959	0.00719	0.01078	0.01078	0.01198	0.00839	0.00839	0.01198	0.01078	0.01558	0.01797	0.02636	0.01677	0.05032	0.73760	0.01078	0.01797	0.00719	0.00359	0.00599
217	0.01346	0.03471	0.72942	0.01912	0.02904	0.01558	0.02479	0.02125	0.01417	0.02125	0.01204	0.01417	0.00850	0.00637	0.00637	0.00212	0.00992	0.00496	0.00283	0.00992
218	0.54244	0.26910	0.01844	0.00972	0.01442	0.01895	0.00870	0.01985	0.01217	0.02525	0.00934	0.01085	0.00772	0.00606	0.00420	0.00186	0.00586	0.00362	0.00372	0.00772
219	0.01627	0.00831	0.01097	0.00961	0.01235	0.00741	0.00745	0.01897	0.01828	0.26290	0.38284	0.10726	0.08424	0.01275	0.00758	0.00216	0.00411	0.01107	0.00752	0.00794
220	0.07515	0.26651	0.37657	0.01567	0.02317	0.07929	0.01794	0.03940	0.01466	0.02032	0.01095	0.01272	0.00853	0.00625	0.00553	0.00187	0.00881	0.00440	0.00310	0.00917
221	0.01824	0.01748	0.03144	0.05589	0.03014	0.04080	0.44172	0.15366	0.01892	0.06110	0.01570	0.05433	0.01233	0.00711	0.00754	0.00221	0.00981	0.00783	0.00442	0.00934
222	0.00818	0.00584	0.00779	0.00934	0.00973	0.00545	0.00623	0.00934	0.01285	0.01713	0.03698	0.75981	0.04438	0.02102	0.00856	0.00273	0.00389	0.01908	0.00623	0.00545
223	0.02173	0.28089	0.04696	0.01443	0.01955	0.17259	0.01257	0.25070	0.07494	0.02593	0.01330	0.01405	0.01048	0.00704	0.00574	0.00178	0.00822	0.00492	0.00459	0.00957
224	0.01896	0.01568	0.08163	0.01290	0.01822	0.01350	0.01122	0.26527	0.02072	0.09957	0.01813	0.11146	0.01543	0.00861	0.00637	0.00180	0.00624	0.00703	0.00559	0.26165
225	0.02283	0.01409	0.01503	0.01227	0.01649	0.09039	0.00981	0.14068	0.06319	0.31551	0.12820	0.02754	0.07363	0.00951	0.00688	0.00203	0.00610	0.00768	0.00701	0.03112
226	0.01346	0.03471	0.72942	0.01912	0.02904	0.01558	0.02479	0.02125	0.01417	0.02125	0.01204	0.01417	0.00850	0.00637	0.00637	0.00212	0.00992	0.00496	0.00283	0.00992
227	0.00818	0.00584	0.00779	0.00934	0.00973	0.00545	0.00623	0.00934	0.01285	0.01713	0.03698	0.75981	0.04438	0.02102	0.00856	0.00273	0.00389	0.01908	0.00623	0.00545
228	0.01306	0.01189	0.01934	0.39880	0.20535	0.01361	0.01615	0.01646	0.01317	0.01764	0.01455	0.05440	0.01336	0.12654	0.01161	0.00289	0.03303	0.00714	0.00338	0.00762
229	0.01935	0.01871	0.01627	0.01458	0.01822	0.19973	0.01138	0.12776	0.35717	0.02617	0.02234	0.05203	0.01839	0.00954	0.00686	0.00218	0.00735	0.05660	0.00588	0.00949
230	0.03010	0.01142	0.01557	0.01194	0.01713	0.00986	0.00986	0.03270	0.01920	0.72698	0.02647	0.02284	0.01661	0.00830	0.00675	0.00208	0.00571	0.00675	0.00830	0.01142
231	0.01306	0.00642	0.00655	0.00643	0.00811	0.00637	0.00485	0.01617	0.01423	0.04704	0.02203	0.02495	0.01718	0.00783	0.00475	0.00158	0.00321	0.00627	0.77655	0.00642
232	0.05115	0.01209	0.01573	0.01216	0.01729	0.01102	0.01002	0.08093	0.04145	0.63595	0.02527	0.02208	0.01609	0.00825	0.00668	0.00208	0.00580	0.00664	0.00803	0.01128
233	0.02551	0.01879	0.02014	0.01544	0.02081	0.02081	0.01275	0.69996	0.03155	0.04229	0.01611	0.01611	0.01141	0.00805	0.00671	0.00201	0.00738	0.00604	0.00671	0.01141
234	0.01267	0.01193	0.02013	0.74806	0.04621	0.01491	0.01863	0.01714	0.01342	0.01714	0.01193	0.01789	0.00894	0.00671	0.00671	0.00224	0.00894	0.00596	0.00298	0.00745
235	0.81159	0.01298	0.00986	0.00882	0.01298	0.01505	0.00727	0.01972	0.01142	0.03010	0.00934	0.01090	0.00727	0.00623	0.00415	0.00208	0.00519	0.00363	0.00415	0.00727
236	0.00807	0.00684	0.00700	0.00707	0.00930	0.00577	0.00538	0.00984	0.01530	0.01822	0.06637	0.06512	0.68594	0.01707	0.00800	0.00231	0.00354	0.04694	0.00623	0.00569
237	0.01362	0.01326	0.02067	0.65245	0.10185	0.05071	0.01852	0.01791	0.01385	0.01751	0.01191	0.01749	0.00907	0.00666	0.00667	0.00219	0.00902	0.00588	0.00303	0.00774
238	0.01896	0.01887	0.01454	0.01280	0.01615	0.27621	0.00987	0.16833	0.05131	0.02427	0.04897	0.02821	0.17518	0.00988	0.00656	0.00193	0.00749	0.00756	0.09490	0.00800
239	0.01404	0.01145	0.01354	0.01518	0.11765	0.07069	0.00971	0.08849	0.01738	0.05317	0.19551	0.26902	0.03542	0.04677	0.00876	0.00244	0.00558	0.01185	0.00590	0.00746
240	0.06110	0.24071	0.02499	0.01617	0.02061	0.43478	0.07235	0.02406	0.01682	0.01736	0.01030	0.01218	0.00870	0.00643	0.00562	0.00171	0.01028	0.00439	0.00332	0.00810
241	0.01003	0.00747	0.00940	0.00881	0.01060	0.00715	0.00664	0.01443	0.07489	0.02673	0.64244	0.04854	0.08033	0.01345	0.00783	0.00213	0.00335	0.01183	0.00730	0.00666
