[name]
unknown

[dist]
# distance from previous block
# <min> <max>
0	0

[block]
# block no. 0 follows, 34 sequences, length 29
# corresponding to MSA columns:
# 0-28
name=unknown_A
#
# <colnr> <probs for GDERKNQSTAVLIFYWHMCP>
#	G	D	E	R	K	N	Q	S	T	A	V	L	I	F	Y	W	H	M	C	P
0	0.01041	0.00744	0.01041	0.01190	0.01339	0.00744	0.01041	0.01339	0.01487	0.01934	0.03421	0.07288	0.03719	0.01785	0.00892	0.00297	0.00595	0.68913	0.00595	0.00595
1	0.02456	0.01810	0.01939	0.01487	0.02004	0.02004	0.01228	0.71107	0.03038	0.04072	0.01551	0.01551	0.01099	0.00776	0.00646	0.00194	0.00711	0.00582	0.00646	0.01099
2	0.01220	0.01148	0.01938	0.75739	0.04450	0.01436	0.01794	0.01651	0.01292	0.01651	0.01148	0.01723	0.00861	0.00646	0.00646	0.00215	0.00861	0.00574	0.00287	0.00718
3	0.01727	0.77681	0.03386	0.01106	0.01658	0.02557	0.01106	0.01935	0.01313	0.01520	0.00898	0.01036	0.00829	0.00553	0.00415	0.00138	0.00691	0.00345	0.00276	0.00829
4	0.02899	0.01100	0.01499	0.01150	0.01649	0.00950	0.00950	0.03149	0.01849	0.73709	0.02549	0.02199	0.01599	0.00800	0.00650	0.00200	0.00550	0.00650	0.00800	0.01100
5	0.01340	0.01148	0.01340	0.00957	0.01531	0.00861	0.00766	0.01627	0.01340	0.02105	0.01148	0.01340	0.00957	0.00479	0.00479	0.00096	0.00479	0.00383	0.00383	0.81242
6	0.00869	0.00652	0.00727	0.00756	0.00937	0.00564	0.00556	0.01027	0.01428	0.04758	0.05505	0.24340	0.49994	0.01706	0.00779	0.00231	0.00358	0.03640	0.00608	0.00565
7	0.01599	0.01535	0.02623	0.03966	0.73262	0.01535	0.01983	0.01983	0.01471	0.02111	0.01215	0.01599	0.01023	0.00576	0.00640	0.00192	0.00768	0.00576	0.00320	0.01023
8	0.02899	0.01100	0.01499	0.01150	0.01649	0.00950	0.00950	0.03149	0.01849	0.73709	0.02549	0.02199	0.01599	0.00800	0.00650	0.00200	0.00550	0.00650	0.00800	0.01100
9	0.01405	0.22183	0.56062	0.01655	0.02508	0.01768	0.02062	0.02018	0.01351	0.01913	0.01093	0.01281	0.00821	0.00598	0.00563	0.00188	0.00888	0.00444	0.00274	0.00923
10	0.01555	0.01490	0.02543	0.12273	0.65298	0.01524	0.01961	0.01945	0.01450	0.02058	0.01208	0.01613	0.01005	0.00584	0.00640	0.00195	0.00778	0.00576	0.00316	0.00988
11	0.01837	0.65913	0.03147	0.01184	0.01712	0.10252	0.01127	0.05452	0.01454	0.01654	0.00942	0.01076	0.00843	0.00576	0.00444	0.00144	0.00743	0.00365	0.00301	0.00834
12	0.00924	0.00689	0.01022	0.01022	0.01132	0.00799	0.00788	0.01144	0.01034	0.01488	0.01745	0.02620	0.01651	0.08329	0.71297	0.01019	0.01678	0.00704	0.00348	0.00568
13	0.02193	0.01533	0.01683	0.01367	0.01822	0.01683	0.01104	0.33969	0.29868	0.14463	0.02130	0.01989	0.01519	0.00819	0.00651	0.00205	0.00608	0.00651	0.00675	0.01069
14	0.01494	0.13411	0.47046	0.01840	0.02654	0.01714	0.12444	0.08174	0.01530	0.02156	0.01180	0.01392	0.00869	0.00609	0.00611	0.00196	0.00916	0.00511	0.00315	0.00937
15	0.00811	0.00683	0.00708	0.00711	0.00920	0.00597	0.00529	0.01056	0.04863	0.01814	0.08465	0.11357	0.62006	0.01618	0.00763	0.00221	0.00339	0.01362	0.00607	0.00569
16	0.00786	0.00568	0.00744	0.00885	0.00933	0.00526	0.00593	0.00901	0.01251	0.01655	0.03736	0.72734	0.08297	0.02002	0.00821	0.00260	0.00372	0.01809	0.00600	0.00526
17	0.03696	0.13636	0.09732	0.02900	0.41749	0.04202	0.05461	0.02015	0.01428	0.03889	0.01168	0.01474	0.00963	0.00611	0.00672	0.00190	0.04415	0.00530	0.00322	0.00947
18	0.01561	0.23873	0.41279	0.01736	0.05933	0.01794	0.05121	0.04379	0.01443	0.05535	0.01178	0.01350	0.00888	0.00606	0.00569	0.00185	0.00850	0.00471	0.00317	0.00931
19	0.01350	0.06124	0.60062	0.01950	0.02841	0.01565	0.13087	0.02045	0.01387	0.02028	0.01172	0.01410	0.00844	0.00601	0.00629	0.00204	0.00965	0.00517	0.00281	0.00937
20	0.00891	0.00614	0.00734	0.00788	0.00817	0.00598	0.00494	0.00948	0.01082	0.01431	0.02761	0.26751	0.05894	0.47108	0.02303	0.00481	0.00535	0.04845	0.00475	0.00449
21	0.01365	0.01153	0.01343	0.00971	0.01526	0.00895	0.00777	0.04291	0.01426	0.02202	0.04173	0.01494	0.01178	0.00525	0.00497	0.00104	0.00480	0.00423	0.00407	0.74769
22	0.06765	0.01572	0.05508	0.03496	0.59588	0.01498	0.05300	0.01947	0.01445	0.02144	0.01385	0.01723	0.03524	0.00615	0.00633	0.00195	0.00759	0.00594	0.00333	0.00975
23	0.00765	0.00649	0.00660	0.00670	0.00877	0.00544	0.00498	0.00926	0.01458	0.01740	0.06361	0.10600	0.68738	0.01660	0.00767	0.00221	0.00330	0.01393	0.00600	0.00544
24	0.01623	0.46396	0.23274	0.01446	0.04009	0.02168	0.01517	0.05560	0.01405	0.01821	0.01013	0.01192	0.00847	0.00613	0.00580	0.00169	0.04778	0.00413	0.00296	0.00878
25	0.01449	0.01180	0.01550	0.03302	0.07167	0.01204	0.07120	0.17505	0.06468	0.04652	0.10523	0.03635	0.27183	0.01114	0.00752	0.00210	0.02671	0.00945	0.00569	0.00802
26	0.00829	0.00614	0.00779	0.00895	0.00968	0.00582	0.00611	0.01035	0.04750	0.01736	0.05708	0.64580	0.10684	0.01912	0.00809	0.00254	0.00375	0.01720	0.00606	0.00554
27	0.04851	0.01093	0.01443	0.01128	0.01598	0.00970	0.00924	0.05348	0.01834	0.64156	0.02633	0.05398	0.03829	0.00870	0.00654	0.00203	0.00540	0.00711	0.00769	0.01048
28	0.01515	0.01537	0.07596	0.07680	0.22312	0.01397	0.22010	0.04000	0.01549	0.06796	0.07013	0.02279	0.07267	0.00755	0.00744	0.00209	0.03316	0.00736	0.00408	0.00879

[dist]
# distance from previous block
# <min> <max>
1	3

[block]
# block no. 1 follows, 34 sequences, length 76
# corresponding to MSA columns:
# 32-107
name=unknown_B
#
# <colnr> <probs for GDERKNQSTAVLIFYWHMCP>
#	G	D	E	R	K	N	Q	S	T	A	V	L	I	F	Y	W	H	M	C	P
0	0.01792	0.66676	0.05561	0.01189	0.01735	0.08703	0.01164	0.03928	0.01407	0.01614	0.00934	0.01073	0.00837	0.00571	0.00442	0.00144	0.00741	0.00363	0.00291	0.00834
1	0.01203	0.03119	0.06722	0.01123	0.01348	0.01058	0.00951	0.03347	0.08456	0.03799	0.14055	0.02611	0.02233	0.02451	0.27158	0.06976	0.07439	0.00723	0.04549	0.00679
2	0.05339	0.01965	0.12304	0.04183	0.07733	0.10589	0.15150	0.17162	0.04354	0.07920	0.05781	0.01781	0.01346	0.00706	0.00653	0.00199	0.00832	0.00618	0.00461	0.00923
3	0.22079	0.01614	0.10245	0.01373	0.03795	0.03524	0.03486	0.14799	0.04149	0.21579	0.01722	0.01950	0.01273	0.00767	0.00599	0.00205	0.00659	0.04704	0.00549	0.00929
4	0.05283	0.01106	0.01477	0.01134	0.01633	0.00962	0.00936	0.03058	0.01809	0.69060	0.02450	0.02134	0.01550	0.00782	0.00636	0.00196	0.00546	0.00631	0.00773	0.03844
5	0.00809	0.00579	0.00770	0.00885	0.00942	0.00540	0.00602	0.00956	0.01341	0.01814	0.15682	0.64281	0.04592	0.01901	0.00814	0.00252	0.00363	0.01720	0.00619	0.00540
6	0.03618	0.48536	0.16348	0.01307	0.01888	0.10760	0.01341	0.03746	0.01420	0.01728	0.01065	0.03652	0.00946	0.00633	0.00491	0.00161	0.00782	0.00434	0.00305	0.00837
7	0.01626	0.04238	0.05935	0.02855	0.20857	0.01593	0.44380	0.02108	0.01518	0.06431	0.01341	0.01697	0.01018	0.00571	0.00708	0.00207	0.00957	0.00684	0.00350	0.00925
8	0.00798	0.00572	0.00772	0.00910	0.00954	0.00546	0.00616	0.00919	0.01222	0.01638	0.03422	0.71232	0.04072	0.02238	0.06431	0.00321	0.00478	0.01750	0.00581	0.00529
9	0.00868	0.00623	0.00807	0.00928	0.00989	0.00596	0.00630	0.04300	0.01324	0.01767	0.03464	0.73222	0.04120	0.01964	0.00816	0.00259	0.00391	0.01776	0.00602	0.00553
10	0.01439	0.00940	0.01103	0.00971	0.01227	0.03326	0.00751	0.06669	0.06262	0.14484	0.44620	0.05315	0.07911	0.01175	0.00724	0.00204	0.00419	0.01010	0.00698	0.00752
11	0.00848	0.00562	0.00767	0.00889	0.00920	0.00531	0.00593	0.00889	0.01165	0.01553	0.03116	0.63182	0.03698	0.02065	0.01135	0.15053	0.00409	0.01604	0.00541	0.00480
12	0.01296	0.03342	0.73944	0.01842	0.02797	0.01501	0.02387	0.02046	0.01364	0.02046	0.01160	0.01364	0.00818	0.00614	0.00614	0.00205	0.00955	0.00477	0.00273	0.00955
13	0.01599	0.01535	0.02623	0.03966	0.73262	0.01535	0.01983	0.01983	0.01471	0.02111	0.01215	0.01599	0.01023	0.00576	0.00640	0.00192	0.00768	0.00576	0.00320	0.01023
14	0.01589	0.01564	0.02788	0.03793	0.63551	0.01549	0.11561	0.01995	0.01479	0.02105	0.01228	0.01619	0.01017	0.00571	0.00657	0.00196	0.00812	0.00602	0.00321	0.01002
15	0.01495	0.01288	0.01423	0.06899	0.01807	0.01480	0.01031	0.03040	0.58831	0.02582	0.08157	0.02676	0.04612	0.00920	0.00668	0.00218	0.00516	0.00774	0.00632	0.00951
16	0.01259	0.06954	0.02048	0.70078	0.04238	0.01521	0.01742	0.01672	0.01294	0.01641	0.01129	0.01671	0.00859	0.00639	0.00628	0.00209	0.00848	0.00557	0.00286	0.00726
17	0.01502	0.01698	0.03670	0.08262	0.03458	0.01619	0.65672	0.02038	0.01507	0.02038	0.01295	0.01741	0.00971	0.00552	0.00754	0.00218	0.01072	0.00748	0.00324	0.00860
18	0.04505	0.01269	0.01735	0.01318	0.01830	0.01187	0.06297	0.14242	0.02004	0.55196	0.02253	0.02032	0.01450	0.00772	0.00652	0.00200	0.00616	0.00640	0.00730	0.01073
19	0.05381	0.01483	0.01681	0.01318	0.01789	0.01557	0.01078	0.42981	0.02476	0.24602	0.01977	0.07440	0.01474	0.00871	0.00652	0.00201	0.00630	0.00689	0.00679	0.01041
20	0.01654	0.71838	0.03179	0.01071	0.01599	0.02404	0.01059	0.01858	0.01325	0.01537	0.01327	0.01430	0.06304	0.00635	0.00441	0.00144	0.00663	0.00423	0.00301	0.00808
21	0.00787	0.00562	0.00750	0.00900	0.00937	0.00525	0.00600	0.00900	0.01237	0.01649	0.03561	0.76871	0.04274	0.02024	0.00825	0.00262	0.00375	0.01837	0.00600	0.00525
22	0.04672	0.01520	0.15730	0.01220	0.01724	0.01107	0.01162	0.08952	0.03619	0.28353	0.17709	0.02584	0.04109	0.00880	0.00655	0.00198	0.00581	0.00723	0.00623	0.03880
23	0.02392	0.01778	0.01903	0.01474	0.01979	0.01974	0.01213	0.65974	0.08277	0.03968	0.01633	0.01616	0.01165	0.00783	0.00647	0.00196	0.00696	0.00593	0.00647	0.01093
24	0.02354	0.01734	0.01867	0.01451	0.01939	0.01914	0.01190	0.66824	0.02928	0.03924	0.01674	0.06146	0.01293	0.00852	0.00657	0.00198	0.00691	0.00658	0.00644	0.01064
25	0.01599	0.01535	0.02623	0.03966	0.73262	0.01535	0.01983	0.01983	0.01471	0.02111	0.01215	0.01599	0.01023	0.00576	0.00640	0.00192	0.00768	0.00576	0.00320	0.01023
26	0.01542	0.08534	0.22370	0.15559	0.13303	0.01574	0.15717	0.02091	0.03822	0.07402	0.01328	0.01610	0.00988	0.00618	0.00640	0.00202	0.00869	0.00577	0.00346	0.00908
27	0.00881	0.00652	0.00822	0.00795	0.00948	0.00593	0.00590	0.01148	0.01726	0.02383	0.56934	0.10711	0.16572	0.01426	0.00767	0.00210	0.00314	0.01252	0.00685	0.00593
28	0.00817	0.00587	0.00780	0.00920	0.00978	0.00551	0.00643	0.00955	0.01286	0.01706	0.05416	0.65507	0.06383	0.01969	0.00828	0.00263	0.00395	0.08876	0.00602	0.00535
29	0.15057	0.01285	0.03276	0.01224	0.03715	0.01259	0.00981	0.17964	0.03948	0.27798	0.14579	0.02304	0.02119	0.00846	0.00628	0.00200	0.00550	0.00674	0.00653	0.00939
30	0.01564	0.05386	0.08274	0.11414	0.52332	0.01589	0.03966	0.04086	0.01485	0.02086	0.01201	0.01569	0.00981	0.00591	0.00631	0.00194	0.00797	0.00562	0.00321	0.00973
31	0.00771	0.00643	0.00673	0.00690	0.00884	0.00545	0.00508	0.00933	0.01454	0.01759	0.08156	0.15054	0.62363	0.01676	0.00771	0.00223	0.00333	0.01417	0.00603	0.00545
32	0.00994	0.00678	0.00889	0.00826	0.00993	0.00623	0.00623	0.01297	0.01830	0.05439	0.70103	0.04721	0.05917	0.01300	0.00758	0.00203	0.00315	0.01148	0.00715	0.00629
33	0.01679	0.69290	0.11350	0.01189	0.01787	0.02437	0.01250	0.01947	0.01319	0.01580	0.00928	0.01073	0.00828	0.00560	0.00437	0.00146	0.00721	0.00360	0.00276	0.00843
34	0.00847	0.00610	0.00806	0.00890	0.00977	0.00570	0.00637	0.01035	0.01446	0.01964	0.24884	0.47014	0.06708	0.01778	0.00809	0.00246	0.00370	0.07216	0.00634	0.00557
35	0.00844	0.00604	0.00790	0.00920	0.00973	0.00575	0.00621	0.03272	0.01298	0.01731	0.03493	0.74325	0.04166	0.01982	0.00819	0.00260	0.00386	0.01794	0.00601	0.00544
36	0.01451	0.00829	0.01039	0.00917	0.01159	0.00785	0.00699	0.01855	0.08537	0.19076	0.37929	0.03902	0.06824	0.08579	0.00963	0.00244	0.00414	0.00973	0.03084	0.00740
37	0.04831	0.09014	0.05557	0.01411	0.03399	0.06741	0.01177	0.30231	0.10546	0.13952	0.01786	0.05489	0.01368	0.00807	0.00621	0.00195	0.00681	0.00627	0.00577	0.00988
38	0.01682	0.01707	0.03946	0.15127	0.29393	0.12545	0.11131	0.02037	0.01478	0.05983	0.01271	0.01691	0.01030	0.03459	0.00821	0.00217	0.04673	0.00592	0.00344	0.00873
39	0.36594	0.09855	0.01745	0.01317	0.01704	0.24859	0.05256	0.03567	0.01414	0.02226	0.00966	0.01161	0.00790	0.00650	0.00596	0.00189	0.05589	0.00414	0.00359	0.00748
40	0.01625	0.14298	0.05602	0.05479	0.34518	0.06044	0.19279	0.02023	0.01470	0.01953	0.01169	0.01513	0.00956	0.00573	0.00630	0.00189	0.00870	0.00572	0.00312	0.00923
41	0.01110	0.00569	0.00854	0.00854	0.00861	0.00576	0.00576	0.00861	0.00854	0.01145	0.01159	0.01999	0.01152	0.02403	0.06930	0.76310	0.00633	0.00569	0.00285	0.00299
42	0.01689	0.47429	0.20043	0.01304	0.01941	0.02110	0.01397	0.04429	0.05122	0.05357	0.01162	0.01270	0.00937	0.00602	0.00496	0.00162	0.00733	0.00421	0.00337	0.03059
43	0.04683	0.11709	0.38560	0.01560	0.02241	0.01539	0.05107	0.08324	0.03223	0.04277	0.03609	0.09415	0.01418	0.00798	0.00620	0.00202	0.00786	0.00654	0.00387	0.00889
44	0.00795	0.00568	0.00757	0.00894	0.00939	0.00530	0.00600	0.00919	0.01273	0.01707	0.07793	0.72475	0.04385	0.01981	0.00821	0.00259	0.00371	0.01796	0.00607	0.00530
45	0.08009	0.37677	0.02497	0.01319	0.01761	0.27907	0.03881	0.02140	0.01492	0.01723	0.01024	0.01195	0.00877	0.00608	0.00489	0.00157	0.00837	0.00403	0.05225	0.00779
46	0.01349	0.12495	0.65257	0.01751	0.02656	0.01631	0.02229	0.02033	0.01358	0.01981	0.01127	0.01324	0.00820	0.00606	0.00589	0.00196	0.00922	0.00461	0.00273	0.00939
47	0.01525	0.01743	0.03813	0.02723	0.03377	0.01634	0.70915	0.02070	0.01525	0.02070	0.01307	0.01743	0.00980	0.00545	0.00763	0.00218	0.01089	0.00763	0.00327	0.00871
48	0.00786	0.00568	0.00744	0.00886	0.00933	0.00526	0.00594	0.00901	0.01251	0.01655	0.03732	0.72828	0.08206	0.02002	0.00821	0.00260	0.00372	0.01810	0.00600	0.00526
49	0.01563	0.01077	0.01260	0.01136	0.01442	0.01141	0.00897	0.02567	0.34521	0.13829	0.22351	0.03523	0.03235	0.01076	0.00708	0.00219	0.00468	0.07418	0.00689	0.00878
50	0.00787	0.00562	0.00750	0.00900	0.00937	0.00525	0.00600	0.00900	0.01237	0.01649	0.03561	0.76871	0.04274	0.02024	0.00825	0.00262	0.00375	0.01837	0.00600	0.00525
51	0.00787	0.00562	0.00750	0.00900	0.00937	0.00525	0.00600	0.00900	0.01237	0.01649	0.03561	0.76871	0.04274	0.02024	0.00825	0.00262	0.00375	0.01837	0.00600	0.00525
52	0.02476	0.01678	0.01844	0.01418	0.01918	0.01819	0.01166	0.59709	0.02814	0.13672	0.01703	0.01716	0.01203	0.02909	0.00720	0.00207	0.00686	0.00601	0.00661	0.01079
53	0.01599	0.01535	0.02623	0.03966	0.73262	0.01535	0.01983	0.01983	0.01471	0.02111	0.01215	0.01599	0.01023	0.00576	0.00640	0.00192	0.00768	0.00576	0.00320	0.01023
54	0.01599	0.01535	0.02623	0.03966	0.73262	0.01535	0.01983	0.01983	0.01471	0.02111	0.01215	0.01599	0.01023	0.00576	0.00640	0.00192	0.00768	0.00576	0.00320	0.01023
55	0.01414	0.01414	0.01979	0.01696	0.01696	0.01979	0.01414	0.01555	0.00990	0.01555	0.00848	0.01414	0.00848	0.01131	0.02120	0.00283	0.76110	0.00565	0.00283	0.00707
56	0.81856	0.01250	0.00950	0.00850	0.01250	0.01449	0.00700	0.01899	0.01100	0.02899	0.00900	0.01050	0.00700	0.00600	0.00400	0.00200	0.00500	0.00350	0.00400	0.00700
57	0.01525	0.01743	0.03813	0.02723	0.03377	0.01634	0.70915	0.02070	0.01525	0.02070	0.01307	0.01743	0.00980	0.00545	0.00763	0.00218	0.01089	0.00763	0.00327	0.00871
58	0.00787	0.00562	0.00750	0.00900	0.00937	0.00525	0.00600	0.00900	0.01237	0.01649	0.03561	0.76871	0.04274	0.02024	0.00825	0.00262	0.00375	0.01837	0.00600	0.00525
59	0.01599	0.01535	0.02623	0.03966	0.73262	0.01535	0.01983	0.01983	0.01471	0.02111	0.01215	0.01599	0.01023	0.00576	0.00640	0.00192	0.00768	0.00576	0.00320	0.01023
60	0.00796	0.00569	0.00760	0.00910	0.00951	0.00532	0.00615	0.00915	0.01246	0.01659	0.03556	0.74433	0.04254	0.02016	0.00827	0.00264	0.00383	0.04187	0.00600	0.00527
61	0.02517	0.01712	0.01879	0.01440	0.01955	0.01858	0.01190	0.61742	0.02874	0.13669	0.01689	0.01641	0.01168	0.00779	0.00647	0.00195	0.00689	0.00591	0.00668	0.01099
62	0.00799	0.00652	0.00706	0.00701	0.00897	0.00559	0.00522	0.00993	0.01545	0.01935	0.21640	0.08728	0.54913	0.01580	0.00766	0.00217	0.00324	0.01338	0.00626	0.00559
63	0.01525	0.01743	0.03813	0.02723	0.03377	0.01634	0.70915	0.02070	0.01525	0.02070	0.01307	0.01743	0.00980	0.00545	0.00763	0.00218	0.01089	0.00763	0.00327	0.00871
64	0.01153	0.00865	0.01147	0.01083	0.01226	0.01005	0.00831	0.03878	0.09076	0.03658	0.01829	0.02630	0.01682	0.14090	0.44401	0.00758	0.07221	0.00715	0.02110	0.00643
65	0.01041	0.00744	0.01041	0.01190	0.01339	0.00744	0.01041	0.01339	0.01487	0.01934	0.03421	0.07288	0.03719	0.01785	0.00892	0.00297	0.00595	0.68913	0.00595	0.00595
66	0.00816	0.00657	0.00728	0.00710	0.00905	0.00568	0.00532	0.01029	0.01597	0.02040	0.29702	0.05733	0.49659	0.01526	0.00763	0.00213	0.00319	0.01296	0.00639	0.00568
67	0.01525	0.01743	0.03813	0.02723	0.03377	0.01634	0.70915	0.02070	0.01525	0.02070	0.01307	0.01743	0.00980	0.00545	0.00763	0.00218	0.01089	0.00763	0.00327	0.00871
68	0.01414	0.01617	0.10347	0.27980	0.16454	0.01527	0.16438	0.03869	0.05034	0.01989	0.01408	0.01797	0.02814	0.00668	0.00729	0.00213	0.03880	0.00632	0.00337	0.00855
69	0.00822	0.00662	0.00735	0.00730	0.00926	0.00575	0.00557	0.01032	0.01571	0.01987	0.24437	0.05904	0.50547	0.01560	0.00771	0.00219	0.00337	0.05431	0.00630	0.00566
70	0.01012	0.00734	0.01000	0.01133	0.01289	0.00723	0.00983	0.01295	0.01486	0.01914	0.03751	0.07175	0.11042	0.01769	0.00879	0.00289	0.00567	0.61772	0.00596	0.00590
71	0.01364	0.02413	0.40679	0.07965	0.21653	0.01461	0.03845	0.01909	0.01349	0.01963	0.01194	0.01573	0.00939	0.02967	0.00819	0.03195	0.02979	0.00538	0.00292	0.00905
72	0.01391	0.01286	0.01764	0.06506	0.09434	0.05920	0.03576	0.01622	0.01185	0.03532	0.01275	0.01838	0.01142	0.03229	0.18057	0.00427	0.31238	0.00605	0.05255	0.00718
73	0.00802	0.00577	0.00764	0.00909	0.00959	0.00539	0.00623	0.00927	0.01260	0.01670	0.03655	0.70195	0.06604	0.01996	0.00827	0.00263	0.00387	0.05913	0.00600	0.00530
74	0.05693	0.19680	0.13008	0.06439	0.23694	0.12800	0.06081	0.02054	0.01448	0.01895	0.01087	0.01358	0.00892	0.00593	0.00571	0.00181	0.00850	0.00485	0.00308	0.00884
75	0.04303	0.27278	0.20771	0.01435	0.02060	0.06664	0.01462	0.22450	0.01876	0.04293	0.01206	0.01310	0.00922	0.00649	0.00550	0.00177	0.00785	0.00461	0.00405	0.00939

[dist]
# distance from previous block
# <min> <max>
0	14

[block]
# block no. 2 follows, 34 sequences, length 223
# corresponding to MSA columns:
# 122-344
name=unknown_C
#
# <colnr> <probs for GDERKNQSTAVLIFYWHMCP>
#	G	D	E	R	K	N	Q	S	T	A	V	L	I	F	Y	W	H	M	C	P
0	0.04177	0.01355	0.05753	0.01833	0.19752	0.06115	0.01176	0.06453	0.08406	0.02227	0.12751	0.15274	0.06910	0.03978	0.00787	0.00226	0.00599	0.00932	0.00501	0.00795
1	0.01157	0.04769	0.01331	0.01484	0.14114	0.00976	0.00944	0.01566	0.10039	0.03954	0.05402	0.25719	0.18313	0.01393	0.00735	0.00228	0.00487	0.06122	0.00549	0.00719
2	0.01791	0.54012	0.07527	0.01221	0.01767	0.07890	0.01182	0.04460	0.06601	0.03961	0.01130	0.01231	0.00949	0.00602	0.00475	0.00153	0.00721	0.00406	0.00340	0.03580
3	0.00854	0.00650	0.00910	0.07726	0.03193	0.00639	0.00741	0.01014	0.01287	0.01713	0.06877	0.61893	0.06450	0.01812	0.00798	0.00252	0.00424	0.01638	0.00570	0.00561
4	0.01785	0.43774	0.08592	0.01460	0.06711	0.13738	0.01270	0.04321	0.04092	0.01781	0.01060	0.01211	0.00902	0.00591	0.00494	0.00154	0.00772	0.00408	0.00322	0.06561
5	0.01556	0.03584	0.01489	0.01345	0.04179	0.03956	0.01014	0.05461	0.51683	0.02575	0.07503	0.02785	0.06539	0.00945	0.00666	0.00214	0.00532	0.02411	0.00621	0.00943
6	0.01473	0.01406	0.02394	0.27895	0.50320	0.01502	0.01920	0.01872	0.01411	0.01958	0.01193	0.01640	0.00969	0.00599	0.00642	0.00200	0.00799	0.00575	0.00309	0.00922
7	0.00786	0.00655	0.00686	0.00678	0.00887	0.00555	0.00509	0.00971	0.01527	0.01873	0.16574	0.06008	0.62891	0.01589	0.00763	0.00216	0.00324	0.01334	0.00617	0.00555
8	0.01799	0.01614	0.07292	0.07014	0.46823	0.01511	0.01774	0.09459	0.03673	0.10586	0.01438	0.01677	0.01102	0.00638	0.00641	0.00196	0.00747	0.00582	0.00414	0.01019
9	0.01636	0.01041	0.01221	0.01065	0.01382	0.01069	0.00834	0.04196	0.26701	0.18221	0.24530	0.03302	0.07089	0.01032	0.00686	0.00207	0.00443	0.00875	0.03596	0.00872
10	0.00764	0.00655	0.00655	0.00655	0.00873	0.00545	0.00491	0.00927	0.01473	0.01745	0.06546	0.06218	0.73000	0.01636	0.00764	0.00218	0.00327	0.01364	0.00600	0.00545
11	0.01323	0.07963	0.69559	0.01796	0.02726	0.01566	0.02308	0.02039	0.01361	0.02014	0.01143	0.01344	0.00819	0.00610	0.00601	0.00200	0.00939	0.00469	0.00273	0.00947
12	0.01882	0.01376	0.01506	0.01303	0.01702	0.01535	0.01028	0.08904	0.55257	0.14146	0.02529	0.02307	0.01842	0.00856	0.00655	0.00214	0.00534	0.00706	0.00679	0.01041
13	0.00764	0.00655	0.00655	0.00655	0.00873	0.00545	0.00491	0.00927	0.01473	0.01745	0.06546	0.06218	0.73000	0.01636	0.00764	0.00218	0.00327	0.01364	0.00600	0.00545
14	0.01220	0.01148	0.01938	0.75739	0.04450	0.01436	0.01794	0.01651	0.01292	0.01651	0.01148	0.01723	0.00861	0.00646	0.00646	0.00215	0.00861	0.00574	0.00287	0.00718
15	0.01492	0.01267	0.01375	0.01330	0.05111	0.04044	0.00971	0.02753	0.46636	0.04540	0.14753	0.05564	0.05374	0.00998	0.00682	0.00214	0.00502	0.00848	0.00637	0.00908
16	0.00914	0.00660	0.00864	0.00813	0.00965	0.00610	0.00610	0.01219	0.01829	0.02591	0.72921	0.04827	0.06097	0.01321	0.00762	0.00203	0.00305	0.01169	0.00711	0.00610
17	0.01672	0.01373	0.01463	0.01307	0.01679	0.01574	0.01019	0.03419	0.68561	0.06274	0.02626	0.02400	0.01954	0.00873	0.00657	0.00218	0.00513	0.00726	0.00665	0.01027
18	0.01296	0.03342	0.73944	0.01842	0.02797	0.01501	0.02387	0.02046	0.01364	0.02046	0.01160	0.01364	0.00818	0.00614	0.00614	0.00205	0.00955	0.00477	0.00273	0.00955
19	0.02414	0.03079	0.01831	0.01665	0.01998	0.74698	0.01248	0.02580	0.01831	0.01581	0.00999	0.01165	0.00832	0.00666	0.00583	0.00166	0.01165	0.00416	0.00333	0.00749
20	0.01599	0.01535	0.02623	0.03966	0.73262	0.01535	0.01983	0.01983	0.01471	0.02111	0.01215	0.01599	0.01023	0.00576	0.00640	0.00192	0.00768	0.00576	0.00320	0.01023
21	0.00769	0.00654	0.00656	0.00656	0.00867	0.00548	0.00488	0.00928	0.01456	0.01730	0.06405	0.06156	0.70790	0.04002	0.00843	0.00231	0.00337	0.01350	0.00593	0.00541
22	0.00939	0.00629	0.00716	0.00716	0.00720	0.00633	0.00406	0.00947	0.00943	0.01261	0.02025	0.04169	0.02323	0.74766	0.05780	0.00641	0.00665	0.00931	0.00390	0.00398
23	0.00914	0.00660	0.00864	0.00813	0.00965	0.00610	0.00610	0.01219	0.01829	0.02591	0.72921	0.04827	0.06097	0.01321	0.00762	0.00203	0.00305	0.01169	0.00711	0.00610
24	0.01296	0.03342	0.73944	0.01842	0.02797	0.01501	0.02387	0.02046	0.01364	0.02046	0.01160	0.01364	0.00818	0.00614	0.00614	0.00205	0.00955	0.00477	0.00273	0.00955
25	0.00966	0.00714	0.00908	0.00850	0.01018	0.00684	0.00640	0.01384	0.07045	0.02599	0.67703	0.04647	0.05790	0.01288	0.00754	0.00204	0.00320	0.01136	0.00707	0.00640
26	0.01296	0.03342	0.73944	0.01842	0.02797	0.01501	0.02387	0.02046	0.01364	0.02046	0.01160	0.01364	0.00818	0.00614	0.00614	0.00205	0.00955	0.00477	0.00273	0.00955
27	0.01220	0.01148	0.01938	0.75739	0.04450	0.01436	0.01794	0.01651	0.01292	0.01651	0.01148	0.01723	0.00861	0.00646	0.00646	0.00215	0.00861	0.00574	0.00287	0.00718
28	0.02899	0.01100	0.01499	0.01150	0.01649	0.00950	0.00950	0.03149	0.01849	0.73709	0.02549	0.02199	0.01599	0.00800	0.00650	0.00200	0.00550	0.00650	0.00800	0.01100
29	0.01233	0.01161	0.01961	0.73320	0.06770	0.01439	0.01801	0.01662	0.01298	0.01666	0.01151	0.01718	0.00867	0.00644	0.00646	0.00215	0.00858	0.00574	0.00288	0.00728
30	0.01028	0.00687	0.00890	0.00824	0.01002	0.00627	0.00623	0.01320	0.01808	0.06925	0.64458	0.04751	0.09974	0.01308	0.00755	0.00204	0.00321	0.01149	0.00710	0.00636
31	0.01607	0.01388	0.01461	0.01315	0.01680	0.01607	0.01023	0.03433	0.72094	0.02703	0.02630	0.02411	0.01972	0.00877	0.00657	0.00219	0.00511	0.00731	0.00657	0.01023
32	0.01294	0.01223	0.02071	0.61815	0.17800	0.01455	0.01831	0.01715	0.01327	0.01740	0.01161	0.01699	0.00893	0.00632	0.00645	0.00211	0.00843	0.00575	0.00293	0.00777
33	0.01452	0.32903	0.23378	0.01479	0.02109	0.01834	0.10259	0.01941	0.05227	0.01834	0.01817	0.01936	0.09820	0.00721	0.00573	0.00182	0.00763	0.00583	0.00342	0.00846
34	0.00796	0.00570	0.00768	0.00908	0.00951	0.00542	0.00613	0.00915	0.01225	0.01640	0.03448	0.72255	0.04108	0.02200	0.05414	0.00311	0.00459	0.01766	0.00584	0.00528
35	0.01799	0.01006	0.01229	0.01043	0.01370	0.00993	0.00824	0.06616	0.15115	0.25546	0.27697	0.03155	0.03255	0.00996	0.00677	0.00201	0.00447	0.00843	0.06311	0.00875
36	0.01544	0.03538	0.11436	0.09190	0.02408	0.08169	0.12895	0.01865	0.01266	0.04229	0.01066	0.01489	0.00892	0.00856	0.01336	0.00239	0.35912	0.00572	0.00311	0.00787
37	0.00764	0.00655	0.00655	0.00655	0.00873	0.00545	0.00491	0.00927	0.01473	0.01745	0.06546	0.06218	0.73000	0.01636	0.00764	0.00218	0.00327	0.01364	0.00600	0.00545
38	0.01311	0.01203	0.02006	0.48047	0.23581	0.01379	0.01721	0.01709	0.01345	0.01828	0.01314	0.04442	0.01080	0.00682	0.00639	0.00206	0.00782	0.00622	0.05312	0.00790
39	0.01302	0.01226	0.02068	0.55461	0.21206	0.01431	0.01798	0.01717	0.01355	0.01797	0.03724	0.01803	0.01088	0.00653	0.00649	0.00209	0.00818	0.00596	0.00310	0.00789
40	0.01795	0.14553	0.26853	0.01828	0.08274	0.04048	0.07028	0.16483	0.04321	0.06818	0.01348	0.01482	0.00998	0.00652	0.00605	0.00191	0.00822	0.00526	0.00407	0.00969
41	0.01425	0.04306	0.35895	0.02281	0.03070	0.01595	0.37873	0.02056	0.01446	0.02046	0.01230	0.01553	0.00903	0.00577	0.00686	0.00210	0.01018	0.00622	0.00301	0.00909
42	0.67251	0.05437	0.01221	0.01052	0.03910	0.08468	0.00819	0.01969	0.01194	0.02674	0.00920	0.01080	0.00731	0.00603	0.00427	0.00193	0.00583	0.00364	0.00384	0.00723
43	0.01635	0.06232	0.02642	0.03711	0.66411	0.04149	0.01904	0.02001	0.01474	0.02056	0.01188	0.01550	0.01005	0.00577	0.00624	0.00188	0.00777	0.00556	0.00318	0.01002
44	0.00930	0.00761	0.00803	0.00787	0.01006	0.00703	0.00589	0.05611	0.05990	0.01941	0.05522	0.16439	0.53413	0.01592	0.00759	0.00223	0.00371	0.01345	0.00607	0.00608
45	0.01652	0.49494	0.19823	0.01585	0.09569	0.02145	0.01495	0.02007	0.01360	0.04146	0.01049	0.01213	0.00873	0.00578	0.00493	0.00162	0.00756	0.00411	0.00298	0.00889
46	0.01306	0.03281	0.71535	0.01913	0.05177	0.01502	0.02374	0.02044	0.01368	0.02048	0.01161	0.01372	0.00825	0.00613	0.00615	0.00204	0.00949	0.00481	0.00274	0.00957
47	0.02899	0.01100	0.01499	0.01150	0.01649	0.00950	0.00950	0.03149	0.01849	0.73709	0.02549	0.02199	0.01599	0.00800	0.00650	0.00200	0.00550	0.00650	0.00800	0.01100
48	0.02034	0.01010	0.01201	0.01014	0.01368	0.01000	0.00807	0.02689	0.18996	0.33213	0.02427	0.02319	0.01710	0.00804	0.00588	0.00189	0.00460	0.00654	0.26599	0.00920
49	0.01686	0.60581	0.12745	0.01394	0.06085	0.04870	0.01335	0.01975	0.01347	0.01628	0.00956	0.01118	0.00839	0.00566	0.00461	0.00151	0.00747	0.00379	0.00280	0.00855
50	0.00819	0.00670	0.00729	0.00765	0.00938	0.00601	0.00554	0.01064	0.05484	0.01773	0.05441	0.26780	0.48680	0.01707	0.00775	0.00231	0.00352	0.01466	0.00603	0.00567
51	0.00791	0.00564	0.00749	0.00894	0.00931	0.00528	0.00594	0.00901	0.01229	0.01639	0.03520	0.74889	0.04221	0.04077	0.00892	0.00272	0.00382	0.01812	0.00594	0.00521
52	0.01204	0.00602	0.00602	0.00602	0.00753	0.00602	0.00452	0.01506	0.01355	0.02409	0.02108	0.02409	0.01656	0.00753	0.00452	0.00151	0.00301	0.00602	0.80879	0.00602
53	0.01495	0.03075	0.62541	0.01774	0.02659	0.01544	0.02194	0.10613	0.01588	0.04781	0.01256	0.01416	0.00880	0.00640	0.00619	0.00203	0.00911	0.00496	0.00337	0.00978
54	0.00800	0.00572	0.00765	0.00914	0.00958	0.00536	0.00622	0.00922	0.01250	0.01664	0.03554	0.73329	0.04245	0.02012	0.00828	0.00264	0.00386	0.05251	0.00600	0.00528
55	0.01525	0.01743	0.03813	0.02723	0.03377	0.01634	0.70915	0.02070	0.01525	0.02070	0.01307	0.01743	0.00980	0.00545	0.00763	0.00218	0.01089	0.00763	0.00327	0.00871
56	0.00914	0.00660	0.00864	0.00813	0.00965	0.00610	0.00610	0.01219	0.01829	0.02591	0.72921	0.04827	0.06097	0.01321	0.00762	0.00203	0.00305	0.01169	0.00711	0.00610
57	0.01296	0.03342	0.73944	0.01842	0.02797	0.01501	0.02387	0.02046	0.01364	0.02046	0.01160	0.01364	0.00818	0.00614	0.00614	0.00205	0.00955	0.00477	0.00273	0.00955
58	0.01607	0.01388	0.01461	0.01315	0.01680	0.01607	0.01023	0.03433	0.72094	0.02703	0.02630	0.02411	0.01972	0.00877	0.00657	0.00219	0.00511	0.00731	0.00657	0.01023
59	0.00926	0.00680	0.00974	0.00974	0.01068	0.00773	0.00728	0.01113	0.01019	0.01453	0.01789	0.02863	0.01756	0.18746	0.61024	0.00959	0.01519	0.00740	0.00355	0.00541
60	0.81856	0.01250	0.00950	0.00850	0.01250	0.01449	0.00700	0.01899	0.01100	0.02899	0.00900	0.01050	0.00700	0.00600	0.00400	0.00200	0.00500	0.00350	0.00400	0.00700
61	0.02456	0.01810	0.01939	0.01487	0.02004	0.02004	0.01228	0.71107	0.03038	0.04072	0.01551	0.01551	0.01099	0.00776	0.00646	0.00194	0.00711	0.00582	0.00646	0.01099
62	0.01041	0.00744	0.01041	0.01190	0.01339	0.00744	0.01041	0.01339	0.01487	0.01934	0.03421	0.07288	0.03719	0.01785	0.00892	0.00297	0.00595	0.68913	0.00595	0.00595
63	0.01467	0.23879	0.52040	0.01615	0.02444	0.01776	0.01985	0.02051	0.01366	0.04218	0.01132	0.01300	0.00847	0.00603	0.00560	0.00186	0.00869	0.00446	0.00291	0.00925
64	0.01041	0.00744	0.01041	0.01190	0.01339	0.00744	0.01041	0.01339	0.01487	0.01934	0.03421	0.07288	0.03719	0.01785	0.00892	0.00297	0.00595	0.68913	0.00595	0.00595
65	0.01822	0.01324	0.01519	0.01259	0.01584	0.01474	0.01000	0.37561	0.04563	0.05101	0.01708	0.02210	0.01436	0.12456	0.19028	0.00463	0.03437	0.00665	0.00531	0.00858
66	0.01296	0.03342	0.73944	0.01842	0.02797	0.01501	0.02387	0.02046	0.01364	0.02046	0.01160	0.01364	0.00818	0.00614	0.00614	0.00205	0.00955	0.00477	0.00273	0.00955
67	0.01591	0.01582	0.04475	0.03911	0.71431	0.01534	0.01993	0.01985	0.01468	0.02109	0.01214	0.01593	0.01018	0.00577	0.00639	0.00192	0.00772	0.00573	0.00319	0.01022
68	0.00764	0.00655	0.00655	0.00655	0.00873	0.00545	0.00491	0.00927	0.01473	0.01745	0.06546	0.06218	0.73000	0.01636	0.00764	0.00218	0.00327	0.01364	0.00600	0.00545
69	0.06351	0.02850	0.53505	0.01980	0.02832	0.01528	0.17825	0.02042	0.01384	0.02105	0.01177	0.01431	0.00848	0.00597	0.00634	0.00207	0.00957	0.00534	0.00293	0.00920
70	0.00940	0.00626	0.00705	0.00705	0.00705	0.00626	0.00392	0.00940	0.00940	0.01253	0.02036	0.04228	0.02349	0.77292	0.03289	0.00626	0.00626	0.00940	0.00392	0.00392
71	0.00764	0.00655	0.00655	0.00655	0.00873	0.00545	0.00491	0.00927	0.01473	0.01745	0.06546	0.06218	0.73000	0.01636	0.00764	0.00218	0.00327	0.01364	0.00600	0.00545
72	0.00792	0.00583	0.00745	0.00872	0.00941	0.00536	0.00598	0.00919	0.01282	0.01674	0.04013	0.63648	0.14769	0.01957	0.00818	0.00257	0.00375	0.04090	0.00600	0.00530
73	0.01304	0.03285	0.71443	0.01873	0.02817	0.01505	0.04831	0.02047	0.01370	0.02047	0.01165	0.01378	0.00824	0.00611	0.00619	0.00205	0.00960	0.00488	0.00275	0.00952
74	0.01525	0.01743	0.03813	0.02723	0.03377	0.01634	0.70915	0.02070	0.01525	0.02070	0.01307	0.01743	0.00980	0.00545	0.00763	0.00218	0.01089	0.00763	0.00327	0.00871
75	0.01018	0.00736	0.01008	0.01144	0.01299	0.00727	0.00994	0.01304	0.01486	0.01918	0.03688	0.07197	0.09632	0.01772	0.00881	0.00291	0.00572	0.63147	0.00595	0.00591
76	0.01336	0.03333	0.71343	0.01835	0.02768	0.04141	0.02346	0.02066	0.01381	0.02029	0.01154	0.01357	0.00819	0.00616	0.00613	0.00203	0.00963	0.00475	0.00275	0.00947
77	0.00787	0.00562	0.00750	0.00900	0.00937	0.00525	0.00600	0.00900	0.01237	0.01649	0.03561	0.76871	0.04274	0.02024	0.00825	0.00262	0.00375	0.01837	0.00600	0.00525
78	0.02327	0.01685	0.01801	0.01395	0.01874	0.01859	0.01148	0.63912	0.02864	0.03900	0.01609	0.01640	0.01156	0.00773	0.00626	0.00189	0.00669	0.00584	0.08941	0.01047
79	0.00764	0.00655	0.00655	0.00655	0.00873	0.00545	0.00491	0.00927	0.01473	0.01745	0.06546	0.06218	0.73000	0.01636	0.00764	0.00218	0.00327	0.01364	0.00600	0.00545
80	0.00810	0.00666	0.03395	0.00931	0.01005	0.00563	0.00665	0.00952	0.01261	0.01695	0.05777	0.71754	0.04209	0.01950	0.00815	0.00258	0.00393	0.01766	0.00592	0.00543
81	0.01521	0.01438	0.02331	0.08106	0.56793	0.01471	0.01775	0.02041	0.08665	0.02118	0.01704	0.01992	0.05813	0.00680	0.00650	0.00198	0.00719	0.00643	0.00370	0.00972
82	0.73259	0.01388	0.01075	0.01025	0.04050	0.06557	0.00787	0.01950	0.01165	0.02777	0.00919	0.01079	0.00721	0.00603	0.00422	0.00197	0.00556	0.00363	0.00392	0.00716
83	0.01755	0.74786	0.03331	0.01120	0.01672	0.02536	0.01110	0.04574	0.01379	0.01618	0.00923	0.01056	0.00839	0.00561	0.00423	0.00140	0.00692	0.00355	0.00291	0.00839
84	0.00931	0.00662	0.00887	0.00887	0.00950	0.00725	0.00619	0.01057	0.00994	0.01388	0.01869	0.03305	0.01948	0.37728	0.42305	0.00851	0.01229	0.00805	0.00367	0.00493
85	0.02393	0.01738	0.01839	0.01433	0.01931	0.04465	0.01173	0.55043	0.08226	0.10063	0.01692	0.01656	0.01198	0.00772	0.00640	0.00192	0.00690	0.00587	0.00641	0.03627
86	0.01525	0.01743	0.03813	0.02723	0.03377	0.01634	0.70915	0.02070	0.01525	0.02070	0.01307	0.01743	0.00980	0.00545	0.00763	0.00218	0.01089	0.00763	0.00327	0.00871
87	0.05585	0.01105	0.01481	0.01139	0.01636	0.00967	0.00941	0.03106	0.01824	0.71301	0.02493	0.02160	0.01569	0.00793	0.00641	0.00200	0.00548	0.00640	0.00786	0.01086
88	0.01623	0.01353	0.01435	0.01287	0.01652	0.01549	0.01002	0.03339	0.67278	0.05133	0.02759	0.02532	0.04354	0.00900	0.00661	0.00218	0.00506	0.00749	0.00660	0.01009
89	0.00904	0.00660	0.00849	0.00802	0.00959	0.00605	0.00601	0.01198	0.01804	0.02531	0.68185	0.04926	0.10870	0.01343	0.00762	0.00204	0.00306	0.01182	0.00703	0.00605
90	0.00815	0.00570	0.00741	0.00872	0.00909	0.00537	0.00576	0.00924	0.01214	0.01638	0.03371	0.67653	0.04008	0.08931	0.01040	0.00292	0.00396	0.01712	0.03286	0.00515
91	0.02456	0.01810	0.01939	0.01487	0.02004	0.02004	0.01228	0.71107	0.03038	0.04072	0.01551	0.01551	0.01099	0.00776	0.00646	0.00194	0.00711	0.00582	0.00646	0.01099
92	0.01220	0.01148	0.01938	0.75739	0.04450	0.01436	0.01794	0.01651	0.01292	0.01651	0.01148	0.01723	0.00861	0.00646	0.00646	0.00215	0.00861	0.00574	0.00287	0.00718
93	0.01599	0.01535	0.02623	0.03966	0.73262	0.01535	0.01983	0.01983	0.01471	0.02111	0.01215	0.01599	0.01023	0.00576	0.00640	0.00192	0.00768	0.00576	0.00320	0.01023
94	0.00769	0.00655	0.00662	0.00660	0.00876	0.00548	0.00495	0.00938	0.01486	0.01776	0.08940	0.06168	0.70586	0.01625	0.00764	0.00218	0.00326	0.01357	0.00604	0.00548
95	0.00793	0.00565	0.00748	0.00893	0.00929	0.00528	0.00592	0.00901	0.01226	0.01635	0.03506	0.74249	0.04204	0.04741	0.00914	0.00276	0.00384	0.01804	0.00592	0.00520
96	0.01587	0.01522	0.02600	0.06348	0.70978	0.01532	0.01977	0.01972	0.01465	0.02096	0.01213	0.01603	0.01018	0.00578	0.00640	0.00193	0.00771	0.00576	0.00319	0.01013
97	0.01563	0.01498	0.02557	0.10805	0.66705	0.01526	0.01965	0.01951	0.01454	0.02067	0.01209	0.01611	0.01008	0.00582	0.00640	0.00194	0.00777	0.00576	0.00317	0.00994
98	0.01607	0.01388	0.01461	0.01315	0.01680	0.01607	0.01023	0.03433	0.72094	0.02703	0.02630	0.02411	0.01972	0.00877	0.00657	0.00219	0.00511	0.00731	0.00657	0.01023
99	0.00918	0.00621	0.00708	0.00723	0.00734	0.00613	0.00416	0.00935	0.00989	0.01311	0.02349	0.11770	0.04997	0.66926	0.02948	0.00575	0.00590	0.01047	0.00420	0.00411
100	0.01729	0.01794	0.02538	0.03545	0.59061	0.13458	0.04419	0.02083	0.01532	0.02023	0.01183	0.01534	0.00991	0.00589	0.00635	0.00189	0.00844	0.00557	0.00322	0.00973
101	0.02431	0.02956	0.01825	0.01640	0.01987	0.68920	0.01238	0.05797	0.01888	0.04031	0.01075	0.01217	0.00870	0.00675	0.00588	0.00169	0.01124	0.00431	0.00363	0.00777
102	0.01396	0.09820	0.34406	0.01367	0.02059	0.01298	0.01527	0.01885	0.01433	0.06041	0.09475	0.01769	0.01509	0.00662	0.00576	0.00168	0.00700	0.00527	0.00383	0.22998
103	0.01599	0.01535	0.02623	0.03966	0.73262	0.01535	0.01983	0.01983	0.01471	0.02111	0.01215	0.01599	0.01023	0.00576	0.00640	0.00192	0.00768	0.00576	0.00320	0.01023
104	0.00924	0.00690	0.01026	0.01026	0.01138	0.00801	0.00793	0.01146	0.01035	0.01491	0.01742	0.02599	0.01642	0.07461	0.72153	0.01024	0.01691	0.00701	0.00348	0.00570
105	0.01394	0.03172	0.67987	0.01824	0.02745	0.01472	0.04057	0.02110	0.01396	0.06166	0.01243	0.01422	0.00868	0.00623	0.00620	0.00205	0.00935	0.00495	0.00305	0.00961
106	0.02255	0.06178	0.01946	0.01422	0.01906	0.01611	0.06274	0.26780	0.13879	0.22998	0.01917	0.01848	0.01347	0.00771	0.00688	0.00198	0.03193	0.00618	0.00624	0.03546
107	0.00792	0.00567	0.00760	0.00905	0.00945	0.00535	0.00607	0.00909	0.01230	0.01644	0.03493	0.74115	0.04175	0.02129	0.03564	0.00291	0.00425	0.01794	0.00590	0.00527
108	0.01599	0.01535	0.02623	0.03966	0.73262	0.01535	0.01983	0.01983	0.01471	0.02111	0.01215	0.01599	0.01023	0.00576	0.00640	0.00192	0.00768	0.00576	0.00320	0.01023
109	0.00786	0.00569	0.00743	0.00883	0.00933	0.00526	0.00592	0.00902	0.01253	0.01656	0.03766	0.72025	0.08987	0.01998	0.00821	0.00259	0.00372	0.01804	0.00600	0.00526
110	0.01438	0.04785	0.42496	0.10079	0.05546	0.01587	0.15840	0.06814	0.01507	0.02136	0.01209	0.01491	0.00883	0.00612	0.00644	0.00205	0.00940	0.00552	0.00313	0.00921
111	0.00923	0.00692	0.01038	0.01038	0.01154	0.00808	0.00808	0.01154	0.01038	0.01500	0.01731	0.02538	0.01615	0.04846	0.74732	0.01038	0.01731	0.00692	0.00346	0.00577
112	0.00925	0.00684	0.00997	0.00997	0.01098	0.00785	0.00756	0.01127	0.01026	0.01469	0.01768	0.02747	0.01706	0.13792	0.65909	0.00988	0.01594	0.00723	0.00352	0.00554
113	0.01793	0.02644	0.25071	0.04559	0.17826	0.26813	0.03602	0.04484	0.01596	0.01941	0.01124	0.01375	0.00883	0.00643	0.00657	0.00191	0.03099	0.00494	0.00318	0.00887
114	0.00787	0.00562	0.00750	0.00900	0.00937	0.00525	0.00600	0.00900	0.01237	0.01649	0.03561	0.76871	0.04274	0.02024	0.00825	0.00262	0.00375	0.01837	0.00600	0.00525
115	0.00787	0.00562	0.00750	0.00900	0.00937	0.00525	0.00600	0.00900	0.01237	0.01649	0.03561	0.76871	0.04274	0.02024	0.00825	0.00262	0.00375	0.01837	0.00600	0.00525
116	0.00817	0.00676	0.00718	0.00704	0.00913	0.00587	0.00529	0.01054	0.03464	0.01941	0.19773	0.05835	0.57629	0.01552	0.00760	0.00215	0.00328	0.01307	0.00624	0.00571
117	0.01572	0.01508	0.02574	0.09059	0.68379	0.01528	0.01970	0.01959	0.01459	0.02078	0.01211	0.01608	0.01012	0.00581	0.00640	0.00194	0.00774	0.00576	0.00318	0.01002
118	0.00769	0.00655	0.00662	0.00660	0.00876	0.00548	0.00495	0.00937	0.01485	0.01774	0.08783	0.06171	0.70744	0.01626	0.00764	0.00218	0.00327	0.01357	0.00604	0.00548
119	0.69964	0.01333	0.01098	0.00945	0.01363	0.01533	0.00779	0.12266	0.01390	0.03075	0.00997	0.01125	0.00760	0.00626	0.00437	0.00199	0.00531	0.00385	0.00437	0.00760
120	0.00787	0.00562	0.00750	0.00900	0.00937	0.00525	0.00600	0.00900	0.01237	0.01649	0.03561	0.76871	0.04274	0.02024	0.00825	0.00262	0.00375	0.01837	0.00600	0.00525
121	0.01354	0.01333	0.01821	0.01578	0.01624	0.04148	0.02953	0.01515	0.01036	0.01548	0.01049	0.01698	0.01029	0.04594	0.13536	0.00410	0.57196	0.00600	0.00300	0.00680
122	0.01627	0.01589	0.02595	0.03886	0.70791	0.04072	0.01958	0.02004	0.01484	0.02093	0.01208	0.01584	0.01017	0.00579	0.00638	0.00191	0.00781	0.00570	0.00320	0.01014
123	0.03820	0.01504	0.02160	0.25221	0.30404	0.04053	0.01672	0.16465	0.01761	0.04867	0.01296	0.01619	0.00995	0.00651	0.00635	0.00199	0.00783	0.00568	0.00398	0.00930
124	0.01620	0.46620	0.28215	0.01397	0.02082	0.04843	0.01567	0.03853	0.01396	0.01777	0.01012	0.01171	0.00833	0.00585	0.00497	0.00164	0.00802	0.00401	0.00287	0.00878
125	0.00924	0.00690	0.01028	0.01028	0.01140	0.00802	0.00795	0.01147	0.01035	0.01492	0.01740	0.02591	0.01638	0.07111	0.72498	0.01026	0.01696	0.00700	0.00348	0.00571
126	0.00787	0.00562	0.00750	0.00900	0.00937	0.00525	0.00600	0.00900	0.01237	0.01649	0.03561	0.76871	0.04274	0.02024	0.00825	0.00262	0.00375	0.01837	0.00600	0.00525
127	0.01371	0.08310	0.55482	0.01959	0.02827	0.01601	0.15445	0.02043	0.01391	0.02013	0.01169	0.01414	0.00850	0.00596	0.00628	0.00202	0.00962	0.00523	0.00283	0.00930
128	0.00873	0.00659	0.00806	0.00769	0.00940	0.00592	0.00577	0.01139	0.01731	0.02359	0.54732	0.05208	0.24430	0.01407	0.00763	0.00207	0.00311	0.01222	0.00681	0.00592
129	0.02899	0.01100	0.01499	0.01150	0.01649	0.00950	0.00950	0.03149	0.01849	0.73709	0.02549	0.02199	0.01599	0.00800	0.00650	0.00200	0.00550	0.00650	0.00800	0.01100
130	0.01525	0.01743	0.03813	0.02723	0.03377	0.01634	0.70915	0.02070	0.01525	0.02070	0.01307	0.01743	0.00980	0.00545	0.00763	0.00218	0.01089	0.00763	0.00327	0.00871
131	0.00924	0.00690	0.01026	0.01026	0.01137	0.00801	0.00792	0.01146	0.01035	0.01491	0.01742	0.02603	0.01643	0.07610	0.72006	0.01023	0.01689	0.00702	0.00348	0.00570
132	0.00913	0.00657	0.00903	0.00920	0.00991	0.00720	0.00656	0.01059	0.01031	0.01441	0.02033	0.11510	0.02143	0.26821	0.44342	0.00823	0.01237	0.00899	0.00389	0.00514
133	0.01457	0.01633	0.03509	0.02539	0.03140	0.01529	0.63848	0.01966	0.01512	0.02039	0.01644	0.04627	0.03918	0.00672	0.00768	0.00222	0.01022	0.02761	0.00354	0.00839
134	0.01312	0.06098	0.71329	0.01814	0.02754	0.01540	0.02340	0.02042	0.01362	0.02027	0.01150	0.01352	0.00819	0.00612	0.00606	0.00202	0.00945	0.00473	0.00273	0.00950
