[name]
unknown

[dist]
# distance from previous block
# <min> <max>
0	67

[block]
# block no. 0 follows, 34 sequences, length 29
# corresponding to MSA columns:
# 73-101
name=unknown_A
#
# <colnr> <probs for GDERKNQSTAVLIFYWHMCP>
#	G	D	E	R	K	N	Q	S	T	A	V	L	I	F	Y	W	H	M	C	P
0	0.14630	0.01372	0.02019	0.18931	0.34384	0.01475	0.01582	0.07500	0.01495	0.02288	0.01288	0.01818	0.01078	0.00671	0.00610	0.00201	0.00722	0.04053	0.00369	0.03515
1	0.00931	0.00662	0.00886	0.00886	0.00949	0.00725	0.00618	0.01056	0.00993	0.01387	0.01870	0.03310	0.01950	0.37918	0.42117	0.00850	0.01227	0.00805	0.00367	0.00492
2	0.05455	0.01606	0.05984	0.01550	0.06451	0.04662	0.05380	0.19608	0.22578	0.06798	0.02078	0.02076	0.04946	0.00791	0.00632	0.00199	0.00648	0.00651	0.04695	0.03213
3	0.00865	0.00605	0.00770	0.00892	0.00956	0.00584	0.00606	0.01076	0.04625	0.01770	0.03382	0.66436	0.03922	0.01852	0.00782	0.00250	0.00375	0.01670	0.08026	0.00556
4	0.01696	0.12451	0.40410	0.01652	0.02354	0.18913	0.01819	0.07640	0.01613	0.02046	0.02988	0.01381	0.00983	0.00650	0.00588	0.00186	0.00935	0.00473	0.00329	0.00893
5	0.20542	0.33826	0.02315	0.01351	0.05078	0.23981	0.01096	0.02123	0.01427	0.01887	0.00944	0.01105	0.00809	0.00599	0.00473	0.00164	0.00793	0.00379	0.00324	0.00784
6	0.01525	0.01743	0.03813	0.02723	0.03377	0.01634	0.70915	0.02070	0.01525	0.02070	0.01307	0.01743	0.00980	0.00545	0.00763	0.00218	0.01089	0.00763	0.00327	0.00871
7	0.00913	0.00682	0.00850	0.00804	0.00973	0.00631	0.00604	0.01243	0.03987	0.02463	0.60342	0.04968	0.16413	0.01356	0.00759	0.00206	0.00315	0.01185	0.00692	0.00613
8	0.00926	0.00696	0.00862	0.00814	0.00987	0.00650	0.00612	0.01286	0.05290	0.02470	0.59431	0.04915	0.15944	0.01346	0.00757	0.00206	0.00319	0.01176	0.00692	0.00621
9	0.00794	0.00572	0.00752	0.00883	0.00936	0.00531	0.00595	0.00920	0.01283	0.01710	0.07849	0.69306	0.07547	0.01964	0.00818	0.00257	0.00368	0.01775	0.00606	0.00531
10	0.00777	0.00650	0.00676	0.00680	0.00883	0.00550	0.00506	0.00949	0.01489	0.01808	0.11689	0.09687	0.64180	0.01631	0.00767	0.00219	0.00328	0.01372	0.00609	0.00550
11	0.02212	0.01441	0.01618	0.01324	0.01771	0.01554	0.01066	0.24133	0.32189	0.22032	0.02277	0.02091	0.01605	0.00825	0.00652	0.00206	0.00583	0.00663	0.00692	0.01067
12	0.81856	0.01250	0.00950	0.00850	0.01250	0.01449	0.00700	0.01899	0.01100	0.02899	0.00900	0.01050	0.00700	0.00600	0.00400	0.00200	0.00500	0.00350	0.00400	0.00700
13	0.77856	0.01242	0.00978	0.00865	0.01270	0.01424	0.00712	0.01963	0.01138	0.06487	0.00983	0.01108	0.00745	0.00610	0.00413	0.00200	0.00502	0.00365	0.00420	0.00720
14	0.02456	0.01810	0.01939	0.01487	0.02004	0.02004	0.01228	0.71107	0.03038	0.04072	0.01551	0.01551	0.01099	0.00776	0.00646	0.00194	0.00711	0.00582	0.00646	0.01099
15	0.01525	0.01743	0.03813	0.02723	0.03377	0.01634	0.70915	0.02070	0.01525	0.02070	0.01307	0.01743	0.00980	0.00545	0.00763	0.00218	0.01089	0.00763	0.00327	0.00871
16	0.81856	0.01250	0.00950	0.00850	0.01250	0.01449	0.00700	0.01899	0.01100	0.02899	0.00900	0.01050	0.00700	0.00600	0.00400	0.00200	0.00500	0.00350	0.00400	0.00700
17	0.00787	0.00562	0.00750	0.00900	0.00937	0.00525	0.00600	0.00900	0.01237	0.01649	0.03561	0.76871	0.04274	0.02024	0.00825	0.00262	0.00375	0.01837	0.00600	0.00525
18	0.81856	0.01250	0.00950	0.00850	0.01250	0.01449	0.00700	0.01899	0.01100	0.02899	0.00900	0.01050	0.00700	0.00600	0.00400	0.00200	0.00500	0.00350	0.00400	0.00700
19	0.01492	0.01700	0.12419	0.13384	0.49202	0.01489	0.01933	0.01978	0.03742	0.02067	0.01273	0.01636	0.01024	0.00606	0.00631	0.00196	0.00783	0.00568	0.02917	0.00958
20	0.01741	0.02194	0.25205	0.02089	0.02799	0.01591	0.31028	0.13945	0.01763	0.09128	0.01419	0.01635	0.01008	0.00630	0.00686	0.00208	0.00932	0.00632	0.00409	0.00958
21	0.00938	0.00631	0.00728	0.00728	0.00736	0.00639	0.00420	0.00954	0.00946	0.01270	0.02015	0.04112	0.02299	0.72303	0.08209	0.00655	0.00702	0.00923	0.00388	0.00404
22	0.06967	0.01107	0.01471	0.01134	0.01629	0.00975	0.00937	0.03085	0.01811	0.70061	0.02464	0.02140	0.01553	0.00789	0.00637	0.00200	0.00547	0.00634	0.00779	0.01079
23	0.01551	0.01361	0.02337	0.19011	0.29287	0.01430	0.12075	0.01976	0.03599	0.08389	0.03012	0.01955	0.03441	0.00814	0.02825	0.00232	0.04781	0.00655	0.00383	0.00887
24	0.01537	0.01472	0.02510	0.15782	0.61933	0.01519	0.01952	0.01928	0.01442	0.02035	0.01204	0.01620	0.00997	0.00587	0.00641	0.00196	0.00783	0.00575	0.00314	0.00973
25	0.00928	0.00672	0.00934	0.00934	0.01013	0.00751	0.00677	0.01087	0.01007	0.01422	0.01826	0.03069	0.01846	0.27579	0.52313	0.00909	0.01384	0.00770	0.00360	0.00519
26	0.00930	0.00682	0.00918	0.00909	0.01002	0.00732	0.00664	0.01083	0.01168	0.01616	0.12249	0.07143	0.09171	0.18277	0.33188	0.04827	0.03558	0.00917	0.00437	0.00528
27	0.01604	0.05820	0.08774	0.11337	0.09016	0.12571	0.25828	0.03770	0.03405	0.01938	0.01320	0.05027	0.01100	0.00699	0.00750	0.00207	0.04995	0.00659	0.00342	0.00837
28	0.05377	0.15024	0.53401	0.01745	0.02584	0.01678	0.07587	0.02023	0.01356	0.02006	0.01117	0.01326	0.00827	0.00598	0.00583	0.00195	0.00901	0.00473	0.00284	0.00915

[dist]
# distance from previous block
# <min> <max>
0	9

[block]
# block no. 1 follows, 34 sequences, length 27
# corresponding to MSA columns:
# 111-137
name=unknown_B
#
# <colnr> <probs for GDERKNQSTAVLIFYWHMCP>
#	G	D	E	R	K	N	Q	S	T	A	V	L	I	F	Y	W	H	M	C	P
0	0.02096	0.06962	0.04891	0.10886	0.04460	0.51451	0.01375	0.02380	0.03916	0.01656	0.01072	0.01297	0.00878	0.00675	0.00639	0.00179	0.03629	0.00454	0.00330	0.00774
1	0.02108	0.01782	0.01709	0.01418	0.01844	0.11194	0.01131	0.36035	0.27029	0.03211	0.01878	0.01834	0.01391	0.00796	0.00635	0.00198	0.00685	0.00613	0.03500	0.01009
2	0.01585	0.01455	0.02174	0.05944	0.45308	0.01531	0.01626	0.04715	0.21282	0.02312	0.01816	0.02000	0.03933	0.00709	0.00650	0.00202	0.00682	0.00648	0.00435	0.00996
3	0.00887	0.00707	0.00801	0.00769	0.00968	0.00645	0.00579	0.01225	0.06406	0.02181	0.35413	0.05350	0.38831	0.01447	0.00756	0.00212	0.00330	0.01235	0.00653	0.00606
4	0.00801	0.00656	0.00707	0.00694	0.00896	0.00562	0.00521	0.01001	0.01562	0.01958	0.23195	0.05869	0.56217	0.01557	0.00763	0.00214	0.00322	0.01315	0.00628	0.00562
5	0.00798	0.00646	0.00708	0.00713	0.00899	0.00557	0.00527	0.00986	0.01523	0.01913	0.20157	0.13217	0.51878	0.01610	0.00770	0.00220	0.00327	0.01372	0.00623	0.00557
6	0.00981	0.00714	0.00907	0.00839	0.01010	0.00672	0.00634	0.04447	0.01873	0.02632	0.67413	0.04721	0.08084	0.01306	0.00757	0.00203	0.00324	0.01148	0.00705	0.00630
7	0.02456	0.01810	0.01939	0.01487	0.02004	0.02004	0.01228	0.71107	0.03038	0.04072	0.01551	0.01551	0.01099	0.00776	0.00646	0.00194	0.00711	0.00582	0.00646	0.01099
8	0.01220	0.01148	0.01938	0.75739	0.04450	0.01436	0.01794	0.01651	0.01292	0.01651	0.01148	0.01723	0.00861	0.00646	0.00646	0.00215	0.00861	0.00574	0.00287	0.00718
9	0.10078	0.01728	0.01827	0.01412	0.01917	0.01908	0.01166	0.61753	0.02805	0.06753	0.01529	0.01529	0.01081	0.00760	0.00623	0.00195	0.00684	0.00562	0.00629	0.01061
10	0.01593	0.09179	0.31908	0.12676	0.04619	0.01406	0.03915	0.02093	0.01491	0.14955	0.08534	0.01902	0.01504	0.00714	0.00627	0.00199	0.00777	0.00591	0.00417	0.00899
11	0.04458	0.01881	0.16185	0.01795	0.09804	0.05619	0.07675	0.13382	0.05436	0.18916	0.04080	0.01796	0.01323	0.00707	0.00637	0.00196	0.00748	0.00595	0.00510	0.04257
12	0.01615	0.01576	0.02574	0.06126	0.68653	0.04060	0.01952	0.01993	0.01478	0.02078	0.01206	0.01588	0.01012	0.00581	0.00638	0.00192	0.00784	0.00570	0.00319	0.01004
13	0.00787	0.00562	0.00750	0.00900	0.00937	0.00525	0.00600	0.00900	0.01237	0.01649	0.03561	0.76871	0.04274	0.02024	0.00825	0.00262	0.00375	0.01837	0.00600	0.00525
14	0.01271	0.01321	0.06796	0.13356	0.10867	0.01243	0.13748	0.04478	0.06696	0.02041	0.06257	0.16343	0.08399	0.01039	0.00760	0.00222	0.02982	0.00953	0.00449	0.00778
15	0.01750	0.13748	0.04964	0.06426	0.19775	0.10404	0.11603	0.05781	0.06926	0.04997	0.01355	0.01581	0.01066	0.00629	0.00605	0.00184	0.00805	0.00553	0.03148	0.03702
16	0.02608	0.01098	0.01448	0.01143	0.01602	0.00997	0.00932	0.03036	0.09580	0.60565	0.07830	0.02419	0.01977	0.00847	0.00659	0.00202	0.00527	0.00698	0.00777	0.01054
17	0.05840	0.00803	0.00887	0.00808	0.01052	0.00770	0.00625	0.04724	0.04232	0.09111	0.22622	0.04094	0.24644	0.01179	0.00664	0.00198	0.00372	0.00983	0.15714	0.00678
18	0.01536	0.06199	0.17985	0.14841	0.06421	0.09588	0.10741	0.04648	0.11650	0.02062	0.01510	0.05133	0.01219	0.00723	0.00639	0.00203	0.00838	0.00630	0.02574	0.00862
19	0.03946	0.26743	0.35326	0.07247	0.02394	0.01801	0.01725	0.04105	0.01425	0.07988	0.01196	0.01354	0.00896	0.00617	0.00550	0.00183	0.00808	0.00457	0.00334	0.00905
20	0.00770	0.00655	0.00664	0.00661	0.00877	0.00548	0.00496	0.00940	0.01488	0.01782	0.09436	0.06158	0.70086	0.01623	0.00764	0.00218	0.00326	0.01355	0.00605	0.00548
21	0.11686	0.01340	0.03918	0.09387	0.01886	0.01433	0.01060	0.10718	0.31219	0.05969	0.04665	0.02302	0.05452	0.00841	0.00618	0.00207	0.00560	0.00677	0.05166	0.00895
22	0.38410	0.06298	0.01284	0.01124	0.05710	0.01304	0.00836	0.06985	0.01416	0.06701	0.07274	0.10372	0.05315	0.01043	0.03221	0.00233	0.00555	0.00694	0.00484	0.00743
23	0.27148	0.10313	0.17126	0.01558	0.07171	0.01586	0.07411	0.04108	0.07269	0.03969	0.01265	0.01461	0.00982	0.00880	0.05010	0.00247	0.00771	0.00495	0.00382	0.00848
24	0.10425	0.06403	0.14375	0.04221	0.10174	0.01392	0.05964	0.06646	0.03499	0.19264	0.01600	0.03941	0.01195	0.00695	0.00599	0.00191	0.00693	0.00578	0.00475	0.07671
25	0.06995	0.06963	0.03655	0.11265	0.07618	0.03575	0.03536	0.05362	0.05270	0.02142	0.15015	0.10052	0.05557	0.01011	0.00820	0.00214	0.08914	0.00824	0.00463	0.00750
26	0.03971	0.03561	0.07848	0.08523	0.03616	0.05131	0.01123	0.10638	0.05525	0.18194	0.02269	0.10473	0.06576	0.05797	0.00818	0.00230	0.00642	0.00781	0.00538	0.03746

[dist]
# distance from previous block
# <min> <max>
1	59

[block]
# block no. 2 follows, 34 sequences, length 78
# corresponding to MSA columns:
# 197-274
name=unknown_C
#
# <colnr> <probs for GDERKNQSTAVLIFYWHMCP>
#	G	D	E	R	K	N	Q	S	T	A	V	L	I	F	Y	W	H	M	C	P
0	0.08837	0.07236	0.05140	0.01276	0.07435	0.01211	0.00972	0.06442	0.10015	0.05310	0.14378	0.05494	0.11269	0.00940	0.00624	0.00188	0.00515	0.00776	0.00524	0.11417
1	0.01475	0.04421	0.01329	0.03261	0.01437	0.09916	0.00877	0.06352	0.09214	0.06953	0.16135	0.12382	0.02668	0.04231	0.06092	0.06430	0.02666	0.00869	0.00527	0.02768
2	0.09118	0.11652	0.09257	0.09225	0.01972	0.07958	0.01155	0.08915	0.03545	0.06403	0.01878	0.01994	0.09412	0.00798	0.00632	0.02630	0.00675	0.00575	0.00426	0.11781
3	0.17043	0.05629	0.08500	0.01621	0.08844	0.12162	0.06154	0.08939	0.01615	0.10733	0.01437	0.06004	0.01170	0.00720	0.00582	0.00188	0.00735	0.00573	0.00441	0.06909
4	0.12824	0.11864	0.15838	0.05559	0.09297	0.11635	0.03544	0.08778	0.01604	0.09004	0.01275	0.01434	0.00960	0.00644	0.00565	0.00187	0.00786	0.00488	0.02831	0.00884
5	0.04495	0.07693	0.03985	0.05427	0.04115	0.19287	0.11111	0.13227	0.06435	0.08311	0.01405	0.01559	0.01065	0.00691	0.00669	0.00189	0.03776	0.00548	0.02697	0.03315
6	0.01322	0.01361	0.06598	0.54463	0.10715	0.01472	0.03871	0.04204	0.01375	0.01838	0.01191	0.01690	0.00908	0.00659	0.00694	0.00212	0.03542	0.00575	0.02533	0.00777
7	0.00782	0.00604	0.00714	0.00795	0.00911	0.00536	0.00555	0.00923	0.01356	0.01724	0.07336	0.44938	0.32838	0.01838	0.00797	0.00242	0.00353	0.01616	0.00604	0.00536
8	0.05084	0.00677	0.00854	0.00871	0.00970	0.00685	0.00619	0.01130	0.01219	0.03514	0.12774	0.18259	0.05325	0.20979	0.14431	0.05956	0.00698	0.04936	0.00493	0.00525
9	0.00924	0.00687	0.01013	0.01013	0.01120	0.00794	0.00776	0.01138	0.01031	0.01481	0.01754	0.02666	0.01671	0.10320	0.69334	0.01007	0.01647	0.00711	0.00350	0.00563
10	0.01273	0.00877	0.01151	0.01078	0.01252	0.00955	0.00853	0.05863	0.01410	0.09294	0.06278	0.10348	0.11477	0.04935	0.21017	0.00468	0.10174	0.07859	0.02767	0.00669
11	0.01936	0.01233	0.01467	0.01101	0.01624	0.01084	0.00893	0.13421	0.03810	0.21798	0.04209	0.01762	0.01367	0.00655	0.00567	0.00147	0.00530	0.00526	0.00558	0.41311
12	0.01268	0.00684	0.00692	0.00669	0.00843	0.00702	0.00508	0.04018	0.05002	0.02482	0.02115	0.02379	0.01653	0.00760	0.00469	0.00156	0.00326	0.00608	0.74027	0.00641
13	0.01797	0.70174	0.03229	0.01162	0.01693	0.09816	0.01120	0.02000	0.01365	0.01526	0.00908	0.01049	0.00829	0.00564	0.00432	0.00141	0.00739	0.00353	0.00282	0.00821
14	0.00831	0.00611	0.00784	0.00896	0.00972	0.00576	0.00621	0.01024	0.03600	0.01773	0.09022	0.60439	0.10189	0.01892	0.00812	0.00254	0.00378	0.04164	0.00610	0.00552
15	0.10186	0.01632	0.01767	0.01367	0.01869	0.01767	0.01129	0.52628	0.02645	0.16060	0.01662	0.01616	0.01147	0.00763	0.00623	0.00196	0.00663	0.00571	0.00649	0.01061
16	0.01669	0.39741	0.07579	0.01152	0.01620	0.09387	0.01086	0.08402	0.01577	0.01974	0.05448	0.01836	0.06268	0.00729	0.00516	0.00162	0.00673	0.00528	0.08854	0.00800
17	0.01197	0.00839	0.01199	0.04869	0.01416	0.00923	0.00884	0.01428	0.01149	0.08432	0.01684	0.02367	0.01503	0.07279	0.48763	0.00760	0.06076	0.00658	0.00388	0.08186
18	0.01807	0.15578	0.29621	0.01650	0.06460	0.09201	0.01632	0.08053	0.03588	0.11504	0.04005	0.01583	0.01187	0.00678	0.00592	0.00187	0.00810	0.00518	0.00410	0.00936
19	0.05099	0.05566	0.04055	0.01630	0.04382	0.06119	0.10958	0.29222	0.02187	0.21798	0.01670	0.01679	0.01161	0.00715	0.00638	0.00195	0.00749	0.00592	0.00575	0.01012
20	0.00914	0.00660	0.00864	0.00813	0.00965	0.00610	0.00610	0.01219	0.01829	0.02591	0.72921	0.04827	0.06097	0.01321	0.00762	0.00203	0.00305	0.01169	0.00711	0.00610
21	0.07317	0.08388	0.30066	0.01558	0.02238	0.04604	0.06228	0.09645	0.01670	0.19958	0.01509	0.01560	0.01045	0.00669	0.00604	0.00196	0.00795	0.00528	0.00458	0.00964
22	0.13539	0.05582	0.13828	0.12883	0.08374	0.06100	0.03124	0.07251	0.05896	0.06202	0.01456	0.04022	0.01146	0.00707	0.00582	0.00196	0.00720	0.00565	0.06979	0.00846
23	0.00868	0.00620	0.00842	0.00992	0.01064	0.00594	0.00740	0.01039	0.01316	0.01739	0.03517	0.54840	0.04098	0.01949	0.00846	0.00274	0.00445	0.23074	0.00598	0.00547
24	0.00977	0.00708	0.00929	0.06470	0.01115	0.00731	0.03055	0.01045	0.01001	0.01337	0.01967	0.05830	0.02199	0.62691	0.06889	0.00594	0.00715	0.00916	0.00384	0.00447
25	0.01768	0.14546	0.22478	0.01710	0.08524	0.13398	0.04221	0.04606	0.04484	0.08654	0.03231	0.01604	0.01172	0.00668	0.00583	0.00183	0.00808	0.00523	0.05949	0.00892
26	0.01214	0.01011	0.01165	0.03170	0.06732	0.04055	0.00855	0.01819	0.18430	0.04543	0.16264	0.17661	0.17916	0.01295	0.00726	0.00219	0.00467	0.01122	0.00600	0.00735
27	0.00794	0.00576	0.00753	0.00890	0.00946	0.00534	0.00607	0.00918	0.01265	0.01667	0.03795	0.68726	0.09749	0.01985	0.00822	0.00260	0.00379	0.04204	0.00600	0.00529
28	0.01595	0.07270	0.06401	0.11391	0.08380	0.03844	0.06667	0.01958	0.04220	0.15101	0.06470	0.06473	0.05405	0.08824	0.00927	0.00245	0.00676	0.00763	0.02590	0.00801
29	0.01890	0.12148	0.13878	0.04166	0.14695	0.01619	0.04364	0.15646	0.01781	0.14262	0.01589	0.03727	0.01251	0.00755	0.00666	0.00198	0.02693	0.03246	0.00466	0.00960
30	0.03812	0.01277	0.01554	0.01666	0.15114	0.07109	0.02944	0.11197	0.01688	0.10924	0.07365	0.10394	0.03955	0.06619	0.00882	0.00231	0.02545	0.00804	0.09113	0.00809
31	0.09955	0.10620	0.12284	0.01961	0.14931	0.11871	0.05530	0.14233	0.03609	0.05341	0.01257	0.01429	0.00969	0.00658	0.00625	0.00190	0.02702	0.00510	0.00404	0.00921
32	0.00819	0.00595	0.00770	0.00898	0.00965	0.00555	0.00629	0.00953	0.01277	0.01674	0.03793	0.58824	0.11282	0.05067	0.00928	0.00277	0.00405	0.09169	0.00591	0.00529
33	0.01116	0.01076	0.06247	0.01506	0.10707	0.00926	0.07243	0.03326	0.04234	0.02119	0.17222	0.26811	0.08199	0.01294	0.00734	0.00221	0.00522	0.01175	0.04616	0.00707
34	0.01316	0.01064	0.01263	0.00950	0.01447	0.00818	0.00747	0.01587	0.01376	0.04494	0.05675	0.08541	0.01589	0.00682	0.00533	0.00121	0.00461	0.00572	0.00436	0.66327
35	0.01678	0.01423	0.01501	0.01329	0.01707	0.01640	0.01040	0.09065	0.66347	0.02817	0.02540	0.02339	0.01900	0.00868	0.00657	0.00217	0.00528	0.00718	0.00657	0.01029
36	0.01403	0.01536	0.03242	0.02353	0.02913	0.01436	0.57486	0.01897	0.01570	0.02139	0.12602	0.02382	0.04356	0.00704	0.00762	0.00216	0.00940	0.00847	0.00396	0.00819
37	0.01038	0.00751	0.00916	0.00853	0.01046	0.00718	0.00643	0.01474	0.09160	0.05001	0.51918	0.04658	0.14781	0.03202	0.00811	0.00217	0.00347	0.01125	0.00685	0.00656
38	0.00834	0.00621	0.00853	0.01015	0.03558	0.00603	0.00673	0.00977	0.01231	0.01650	0.03394	0.59234	0.07917	0.02354	0.11433	0.00369	0.00581	0.01599	0.00553	0.00551
39	0.01711	0.01058	0.01236	0.01095	0.01371	0.04669	0.02745	0.11502	0.01696	0.18798	0.02627	0.15519	0.05195	0.08234	0.00930	0.00254	0.00560	0.08855	0.11178	0.00766
40	0.01204	0.00602	0.00602	0.00602	0.00753	0.00602	0.00452	0.01506	0.01355	0.02409	0.02108	0.02409	0.01656	0.00753	0.00452	0.00151	0.00301	0.00602	0.80879	0.00602
41	0.02738	0.01064	0.01448	0.01122	0.01594	0.00922	0.00922	0.02992	0.01848	0.67935	0.08262	0.02413	0.01965	0.00842	0.00659	0.00200	0.00530	0.00692	0.00793	0.01060
42	0.81856	0.01250	0.00950	0.00850	0.01250	0.01449	0.00700	0.01899	0.01100	0.02899	0.00900	0.01050	0.00700	0.00600	0.00400	0.00200	0.00500	0.00350	0.00400	0.00700
43	0.81856	0.01250	0.00950	0.00850	0.01250	0.01449	0.00700	0.01899	0.01100	0.02899	0.00900	0.01050	0.00700	0.00600	0.00400	0.00200	0.00500	0.00350	0.00400	0.00700
44	0.02564	0.01638	0.01832	0.01405	0.01918	0.01748	0.01161	0.54618	0.02750	0.20969	0.01793	0.01709	0.01220	0.00781	0.00647	0.00195	0.00672	0.00598	0.00684	0.01099
45	0.01208	0.01018	0.01174	0.01071	0.01301	0.01125	0.00832	0.02063	0.28928	0.02385	0.27047	0.03777	0.15308	0.01183	0.00861	0.00220	0.08132	0.00970	0.00628	0.00769
46	0.01340	0.01148	0.01340	0.00957	0.01531	0.00861	0.00766	0.01627	0.01340	0.02105	0.01148	0.01340	0.00957	0.00479	0.00479	0.00096	0.00479	0.00383	0.00383	0.81242
47	0.17213	0.01546	0.04929	0.03281	0.56641	0.01517	0.01748	0.01969	0.01395	0.02262	0.01152	0.01484	0.00953	0.00582	0.00592	0.00194	0.00722	0.00528	0.00334	0.00958
48	0.00799	0.00567	0.00746	0.00884	0.00919	0.00533	0.00583	0.00903	0.01213	0.01618	0.03439	0.71062	0.04120	0.08043	0.01022	0.00292	0.00395	0.01765	0.00583	0.00514
49	0.00939	0.00628	0.00711	0.00709	0.00716	0.00626	0.00401	0.00951	0.00977	0.01309	0.05033	0.04254	0.02508	0.74080	0.03182	0.00609	0.00613	0.00949	0.00405	0.00401
50	0.01621	0.01293	0.02062	0.14619	0.38811	0.01328	0.01579	0.02076	0.06266	0.11592	0.08193	0.04484	0.01712	0.00753	0.00661	0.00202	0.00681	0.00691	0.00446	0.00930
51	0.08206	0.60035	0.14010	0.01198	0.01800	0.02304	0.01269	0.01949	0.01303	0.01713	0.00938	0.01088	0.00817	0.00566	0.00444	0.00153	0.00716	0.00366	0.00286	0.00838
52	0.00805	0.00564	0.00744	0.00887	0.00929	0.00528	0.00594	0.00925	0.01242	0.01682	0.03500	0.73722	0.04163	0.01971	0.00809	0.00258	0.00372	0.01785	0.03994	0.00528
53	0.01864	0.01537	0.01769	0.01739	0.11816	0.01717	0.01220	0.23755	0.41247	0.03035	0.02104	0.02036	0.01574	0.00804	0.00652	0.00208	0.00608	0.00664	0.00607	0.01046
54	0.35375	0.05179	0.01394	0.03613	0.01590	0.01403	0.00875	0.13647	0.01551	0.06736	0.01252	0.03601	0.01001	0.00655	0.00497	0.00173	0.00552	0.00467	0.00456	0.19983
55	0.01789	0.04815	0.20049	0.03627	0.08882	0.03032	0.03170	0.10119	0.03440	0.15519	0.05132	0.01820	0.01354	0.00935	0.03713	0.00241	0.10385	0.00595	0.00458	0.00926
56	0.01370	0.11269	0.58080	0.01864	0.02740	0.01631	0.10225	0.02037	0.01377	0.01992	0.01148	0.01372	0.00839	0.00599	0.00609	0.00199	0.00942	0.00496	0.00280	0.00931
57	0.00783	0.00578	0.00734	0.00859	0.00926	0.00528	0.00582	0.00904	0.01276	0.01665	0.04060	0.65052	0.15770	0.01959	0.00814	0.00255	0.00367	0.01758	0.00600	0.00528
58	0.01589	0.06931	0.41761	0.01768	0.02502	0.07677	0.10588	0.05461	0.01549	0.07285	0.03744	0.03682	0.01185	0.00691	0.00634	0.00200	0.00895	0.00580	0.00365	0.00914
59	0.07129	0.01165	0.01263	0.01165	0.01430	0.10161	0.03970	0.04480	0.01555	0.16544	0.02856	0.27765	0.07368	0.01337	0.00723	0.00230	0.00586	0.08963	0.00582	0.00730
60	0.81856	0.01250	0.00950	0.00850	0.01250	0.01449	0.00700	0.01899	0.01100	0.02899	0.00900	0.01050	0.00700	0.00600	0.00400	0.00200	0.00500	0.00350	0.00400	0.00700
61	0.00886	0.00668	0.00825	0.00809	0.00979	0.00606	0.00623	0.01152	0.01695	0.02290	0.47389	0.05468	0.24201	0.01456	0.00776	0.00217	0.00342	0.08359	0.00668	0.00591
62	0.01586	0.15474	0.07120	0.12177	0.26294	0.05444	0.05396	0.02182	0.12308	0.01987	0.01348	0.01605	0.01083	0.00647	0.00642	0.00193	0.02693	0.00553	0.00357	0.00913
63	0.01178	0.00978	0.01216	0.01179	0.01407	0.04012	0.04452	0.03407	0.10751	0.02192	0.17395	0.05362	0.10942	0.01422	0.00796	0.00248	0.00550	0.31228	0.00604	0.00681
64	0.02414	0.03079	0.01831	0.01665	0.01998	0.74698	0.01248	0.02580	0.01831	0.01581	0.00999	0.01165	0.00832	0.00666	0.00583	0.00166	0.01165	0.00416	0.00333	0.00749
65	0.00923	0.00692	0.01038	0.01038	0.01154	0.00808	0.00808	0.01154	0.01038	0.01500	0.01731	0.02538	0.01615	0.04846	0.74732	0.01038	0.01731	0.00692	0.00346	0.00577
66	0.06546	0.01016	0.01347	0.01601	0.14977	0.01042	0.01028	0.10005	0.03509	0.04391	0.02518	0.28190	0.02645	0.03228	0.00787	0.00243	0.00546	0.11780	0.03857	0.00744
67	0.01707	0.01438	0.01517	0.01335	0.01718	0.01654	0.01047	0.11404	0.63961	0.02864	0.02503	0.02309	0.01870	0.00865	0.00656	0.00216	0.00535	0.00713	0.00656	0.01032
68	0.02023	0.01061	0.01277	0.01068	0.01432	0.01053	0.00852	0.06391	0.17903	0.31950	0.12145	0.02610	0.02287	0.00880	0.00634	0.00196	0.00475	0.00728	0.14105	0.00931
69	0.01021	0.00662	0.00867	0.00912	0.01029	0.00622	0.00646	0.01259	0.04061	0.07705	0.22193	0.48679	0.04468	0.01694	0.00788	0.00240	0.00375	0.01520	0.00648	0.00612
70	0.01641	0.01796	0.01413	0.01309	0.01495	0.32377	0.00974	0.01868	0.04955	0.01549	0.01448	0.02200	0.01384	0.17758	0.17773	0.00470	0.07968	0.00617	0.00360	0.00646
71	0.00816	0.00590	0.00771	0.00866	0.00940	0.00546	0.00596	0.00976	0.01388	0.01875	0.19929	0.56235	0.08397	0.01839	0.00807	0.00246	0.00356	0.01655	0.00626	0.00546
72	0.02628	0.01343	0.01624	0.01259	0.01751	0.01329	0.01036	0.26109	0.05805	0.44670	0.02319	0.02095	0.03300	0.00817	0.00652	0.00199	0.00597	0.00649	0.00735	0.01081
73	0.01450	0.01475	0.01974	0.01695	0.01707	0.04640	0.01408	0.01592	0.01020	0.01556	0.00854	0.01405	0.00848	0.01114	0.02064	0.00278	0.73368	0.00560	0.00285	0.00708
74	0.06782	0.01309	0.01939	0.02037	0.20287	0.03875	0.11229	0.05419	0.03442	0.09454	0.17924	0.02603	0.04347	0.03494	0.00806	0.00218	0.02730	0.00764	0.00498	0.00843
75	0.01835	0.00993	0.01221	0.01015	0.01345	0.00942	0.00801	0.12992	0.01926	0.27538	0.23439	0.05230	0.11766	0.04961	0.00834	0.00225	0.00476	0.00922	0.00699	0.00838
76	0.01836	0.00883	0.01160	0.01008	0.01307	0.00799	0.00782	0.04954	0.01734	0.34362	0.19191	0.20905	0.05823	0.01244	0.00722	0.00216	0.00450	0.01078	0.00717	0.00828
77	0.01350	0.01363	0.02586	0.29440	0.16386	0.01426	0.25553	0.01777	0.01400	0.01880	0.01470	0.09623	0.01292	0.00743	0.00704	0.00217	0.00871	0.00772	0.00340	0.00807

[dist]
# distance from previous block
# <min> <max>
0	10

[block]
# block no. 3 follows, 34 sequences, length 43
# corresponding to MSA columns:
# 285-327
name=unknown_D
#
# <colnr> <probs for GDERKNQSTAVLIFYWHMCP>
#	G	D	E	R	K	N	Q	S	T	A	V	L	I	F	Y	W	H	M	C	P
0	0.04243	0.04493	0.01389	0.01172	0.01340	0.01237	0.02737	0.05380	0.10648	0.01893	0.04171	0.13376	0.07095	0.08156	0.06624	0.08112	0.15942	0.00877	0.00453	0.00661
1	0.13324	0.06476	0.01824	0.07508	0.10005	0.03539	0.06242	0.06164	0.04058	0.02234	0.01281	0.03477	0.01073	0.00809	0.03914	0.00203	0.00695	0.00520	0.00388	0.26266
2	0.01723	0.04610	0.11430	0.07892	0.08897	0.06729	0.05162	0.08701	0.01646	0.12706	0.08059	0.04202	0.01633	0.00927	0.03102	0.00226	0.05610	0.00652	0.02241	0.03851
3	0.01565	0.01019	0.01301	0.08773	0.04781	0.01091	0.00940	0.07410	0.01505	0.11161	0.01835	0.02072	0.03109	0.00789	0.00752	0.00183	0.10517	0.00597	0.32463	0.08137
4	0.01414	0.01414	0.01979	0.01696	0.01696	0.01979	0.01414	0.01555	0.00990	0.01555	0.00848	0.01414	0.00848	0.01131	0.02120	0.00283	0.76110	0.00565	0.00283	0.00707
5	0.00792	0.00570	0.00751	0.00887	0.00936	0.00529	0.00596	0.00915	0.01272	0.01696	0.06815	0.71063	0.06826	0.01978	0.00820	0.00258	0.00370	0.01790	0.00605	0.00529
6	0.00834	0.00651	0.00758	0.00755	0.00928	0.00575	0.00563	0.01053	0.01594	0.02080	0.32752	0.12164	0.38037	0.01550	0.00772	0.00218	0.00330	0.03170	0.00644	0.00571
7	0.00842	0.00599	0.00720	0.00793	0.00840	0.00566	0.00506	0.00919	0.01155	0.01512	0.03378	0.39931	0.12660	0.30536	0.01752	0.00395	0.00464	0.01434	0.00521	0.00477
8	0.00932	0.00628	0.00702	0.00702	0.00712	0.00623	0.00396	0.00939	0.00963	0.01275	0.02237	0.04317	0.05503	0.73915	0.03176	0.00608	0.00613	0.00959	0.00401	0.00398
9	0.02475	0.01780	0.01921	0.01473	0.01989	0.01960	0.01217	0.68284	0.02989	0.06965	0.01593	0.01578	0.01120	0.00777	0.00647	0.00194	0.00704	0.00585	0.00653	0.01099
10	0.02456	0.01810	0.01939	0.01487	0.02004	0.02004	0.01228	0.71107	0.03038	0.04072	0.01551	0.01551	0.01099	0.00776	0.00646	0.00194	0.00711	0.00582	0.00646	0.01099
11	0.01709	0.01880	0.27094	0.01352	0.01919	0.01210	0.01407	0.12514	0.01852	0.17879	0.21549	0.02538	0.02502	0.00876	0.00668	0.00202	0.00650	0.00723	0.00565	0.00911
12	0.01655	0.01174	0.01329	0.01172	0.01510	0.01271	0.00916	0.02876	0.44582	0.14078	0.18857	0.02935	0.02865	0.00967	0.00680	0.00212	0.00470	0.00819	0.00693	0.00940
13	0.05735	0.01185	0.01520	0.01178	0.01670	0.01097	0.00970	0.09643	0.04854	0.61440	0.02395	0.02103	0.01533	0.00793	0.00640	0.00200	0.00562	0.00635	0.00764	0.01081
14	0.00984	0.00635	0.00753	0.00763	0.00798	0.00619	0.00463	0.01033	0.01084	0.04101	0.06959	0.17071	0.02907	0.56141	0.02589	0.00518	0.00558	0.01103	0.00464	0.00456
15	0.00935	0.00646	0.00806	0.00806	0.00841	0.00681	0.00517	0.01004	0.00970	0.01328	0.01943	0.03717	0.02127	0.55363	0.24914	0.00751	0.00961	0.00865	0.00378	0.00448
16	0.01340	0.01148	0.01340	0.00957	0.01531	0.00861	0.00766	0.01627	0.01340	0.02105	0.01148	0.01340	0.00957	0.00479	0.00479	0.00096	0.00479	0.00383	0.00383	0.81242
17	0.00940	0.00626	0.00705	0.00705	0.00705	0.00626	0.00392	0.00940	0.00940	0.01253	0.02036	0.04228	0.02349	0.77292	0.03289	0.00626	0.00626	0.00940	0.00392	0.00392
18	0.00780	0.00655	0.00677	0.00671	0.00883	0.00552	0.00504	0.00958	0.01511	0.01835	0.13590	0.06071	0.65899	0.01603	0.00763	0.00217	0.00325	0.01343	0.00612	0.00552
19	0.81856	0.01250	0.00950	0.00850	0.01250	0.01449	0.00700	0.01899	0.01100	0.02899	0.00900	0.01050	0.00700	0.00600	0.00400	0.00200	0.00500	0.00350	0.00400	0.00700
20	0.00923	0.00692	0.01038	0.01038	0.01154	0.00808	0.00808	0.01154	0.01038	0.01500	0.01731	0.02538	0.01615	0.04846	0.74732	0.01038	0.01731	0.00692	0.00346	0.00577
21	0.15509	0.01560	0.01673	0.01308	0.01798	0.01686	0.01079	0.43853	0.04554	0.18082	0.01681	0.01628	0.01162	0.00755	0.00607	0.00197	0.00637	0.00562	0.00638	0.01031
22	0.01525	0.01743	0.03813	0.02723	0.03377	0.01634	0.70915	0.02070	0.01525	0.02070	0.01307	0.01743	0.00980	0.00545	0.00763	0.00218	0.01089	0.00763	0.00327	0.00871
23	0.00923	0.00692	0.01038	0.01038	0.01154	0.00808	0.00808	0.01154	0.01038	0.01500	0.01731	0.02538	0.01615	0.04846	0.74732	0.01038	0.01731	0.00692	0.00346	0.00577
24	0.02846	0.01125	0.01589	0.01211	0.01717	0.00976	0.03670	0.03107	0.01837	0.70924	0.02501	0.02181	0.01575	0.00790	0.00654	0.00201	0.00571	0.00654	0.00781	0.01091
25	0.01340	0.01148	0.01340	0.00957	0.01531	0.00861	0.00766	0.01627	0.01340	0.02105	0.01148	0.01340	0.00957	0.00479	0.00479	0.00096	0.00479	0.00383	0.00383	0.81242
26	0.01397	0.00781	0.01077	0.01055	0.01246	0.00725	0.02548	0.03762	0.01475	0.19246	0.03180	0.47497	0.03384	0.01626	0.00782	0.00247	0.00468	0.08163	0.00642	0.00698
27	0.01599	0.01535	0.02623	0.03966	0.73262	0.01535	0.01983	0.01983	0.01471	0.02111	0.01215	0.01599	0.01023	0.00576	0.00640	0.00192	0.00768	0.00576	0.00320	0.01023
28	0.07509	0.01251	0.06846	0.01391	0.01817	0.01062	0.16145	0.02013	0.03533	0.19055	0.26443	0.02999	0.05253	0.00925	0.00696	0.00206	0.00600	0.00844	0.00589	0.00821
29	0.08703	0.01500	0.01698	0.01311	0.01813	0.01565	0.01083	0.40275	0.02443	0.30145	0.01876	0.01756	0.01256	0.00771	0.00629	0.00197	0.00634	0.00590	0.00685	0.01069
30	0.00818	0.00647	0.00742	0.00778	0.00945	0.00571	0.00584	0.01006	0.01482	0.01871	0.15504	0.19671	0.42986	0.01679	0.00788	0.00232	0.00360	0.08162	0.00616	0.00556
31	0.01499	0.01433	0.02442	0.22900	0.55109	0.01509	0.01933	0.01895	0.01424	0.01990	0.01198	0.01632	0.00981	0.00594	0.00641	0.00198	0.00792	0.00575	0.00311	0.00943
32	0.02662	0.01480	0.01735	0.01330	0.01839	0.01514	0.01099	0.39563	0.02486	0.36395	0.02014	0.01852	0.01331	0.00787	0.00648	0.00197	0.00636	0.00613	0.00718	0.01099
33	0.00787	0.00562	0.00750	0.00900	0.00937	0.00525	0.00600	0.00900	0.01237	0.01649	0.03561	0.76871	0.04274	0.02024	0.00825	0.00262	0.00375	0.01837	0.00600	0.00525
34	0.01298	0.00805	0.01018	0.00911	0.01144	0.00763	0.00701	0.01743	0.08960	0.14042	0.51406	0.04220	0.07987	0.01206	0.00733	0.00205	0.00366	0.01049	0.00715	0.00728
35	0.11392	0.01349	0.01567	0.01220	0.01698	0.01363	0.01001	0.26733	0.02153	0.39128	0.02001	0.01912	0.01350	0.03287	0.00708	0.00212	0.00603	0.00602	0.00688	0.01032
36	0.00778	0.00655	0.00674	0.00670	0.00882	0.00552	0.00502	0.00955	0.01507	0.01826	0.12871	0.06086	0.66624	0.01606	0.00764	0.00217	0.00325	0.01345	0.00611	0.00552
37	0.00786	0.00566	0.00746	0.00891	0.00935	0.00526	0.00596	0.00901	0.01246	0.01653	0.03672	0.74249	0.06824	0.02010	0.00822	0.00261	0.00373	0.01819	0.00600	0.00526
38	0.01220	0.01148	0.01938	0.75739	0.04450	0.01436	0.01794	0.01651	0.01292	0.01651	0.01148	0.01723	0.00861	0.00646	0.00646	0.00215	0.00861	0.00574	0.00287	0.00718
39	0.01516	0.01717	0.03670	0.02643	0.03246	0.01661	0.65513	0.02030	0.01483	0.02030	0.01272	0.01717	0.00970	0.00590	0.00868	0.00223	0.06921	0.00747	0.00323	0.00859
40	0.01296	0.03342	0.73944	0.01842	0.02797	0.01501	0.02387	0.02046	0.01364	0.02046	0.01160	0.01364	0.00818	0.00614	0.00614	0.00205	0.00955	0.00477	0.00273	0.00955
41	0.01077	0.00849	0.01070	0.01056	0.01170	0.03680	0.03862	0.01274	0.01297	0.01853	0.02804	0.35448	0.06030	0.01464	0.00896	0.00234	0.10187	0.06255	0.18896	0.00596
42	0.01628	0.06273	0.01631	0.01173	0.01655	0.01289	0.03013	0.15509	0.11071	0.05060	0.01693	0.08770	0.01452	0.00756	0.00579	0.00157	0.00553	0.00626	0.00498	0.36614

[dist]
# distance from previous block
# <min> <max>
0	6

[block]
# block no. 4 follows, 34 sequences, length 78
# corresponding to MSA columns:
# 334-411
name=unknown_E
#
# <colnr> <probs for GDERKNQSTAVLIFYWHMCP>
#	G	D	E	R	K	N	Q	S	T	A	V	L	I	F	Y	W	H	M	C	P
0	0.06505	0.12033	0.13435	0.01790	0.07422	0.16629	0.10149	0.04062	0.03298	0.01923	0.01242	0.03715	0.01060	0.01041	0.06704	0.00264	0.07010	0.00558	0.00341	0.00818
1	0.05371	0.01140	0.01504	0.01351	0.04484	0.04648	0.08972	0.01919	0.09407	0.11231	0.12046	0.03322	0.02442	0.16913	0.01273	0.00301	0.02521	0.07868	0.00524	0.02762
2	0.01238	0.01159	0.01917	0.72394	0.04326	0.01443	0.01760	0.01731	0.04474	0.01698	0.01215	0.01754	0.00911	0.00656	0.00647	0.00216	0.00846	0.00581	0.00304	0.00731
3	0.00795	0.00652	0.00701	0.00697	0.00894	0.00557	0.00519	0.00984	0.01533	0.01910	0.19651	0.09116	0.56565	0.01591	0.00766	0.00217	0.00325	0.01346	0.00622	0.00557
4	0.02370	0.01767	0.01891	0.01469	0.01971	0.01963	0.01207	0.64233	0.10053	0.03933	0.01661	0.01639	0.01188	0.00786	0.00647	0.00196	0.00691	0.00597	0.00647	0.01091
5	0.01188	0.00606	0.00617	0.00614	0.00765	0.00603	0.00461	0.01489	0.01382	0.02419	0.06204	0.02549	0.01913	0.00786	0.00470	0.00154	0.00301	0.00635	0.76242	0.00603
6	0.00899	0.00660	0.00842	0.00796	0.00956	0.00603	0.00597	0.01189	0.01792	0.02503	0.65995	0.04972	0.13078	0.01354	0.00762	0.00205	0.00307	0.01189	0.00700	0.00603
7	0.00924	0.00688	0.01014	0.01014	0.01121	0.00795	0.00778	0.01138	0.01031	0.01482	0.01753	0.02661	0.01668	0.10084	0.69566	0.01009	0.01651	0.00710	0.00349	0.00563
8	0.01340	0.01148	0.01340	0.00957	0.01531	0.00861	0.00766	0.01627	0.01340	0.02105	0.01148	0.01340	0.00957	0.00479	0.00479	0.00096	0.00479	0.00383	0.00383	0.81242
9	0.78021	0.01277	0.00997	0.00880	0.01286	0.01476	0.00725	0.05242	0.01193	0.02956	0.00931	0.01074	0.00719	0.00608	0.00412	0.00200	0.00510	0.00361	0.00412	0.00719
10	0.02414	0.03079	0.01831	0.01665	0.01998	0.74698	0.01248	0.02580	0.01831	0.01581	0.00999	0.01165	0.00832	0.00666	0.00583	0.00166	0.01165	0.00416	0.00333	0.00749
11	0.00940	0.00626	0.00705	0.00705	0.00705	0.00626	0.00392	0.00940	0.00940	0.01253	0.02036	0.04228	0.02349	0.77292	0.03289	0.00626	0.00626	0.00940	0.00392	0.00392
12	0.01720	0.15303	0.15735	0.01994	0.09867	0.01565	0.21067	0.02143	0.01484	0.14701	0.01544	0.05455	0.01221	0.00784	0.02389	0.00217	0.00843	0.00650	0.00406	0.00911
13	0.02456	0.01810	0.01939	0.01487	0.02004	0.02004	0.01228	0.71107	0.03038	0.04072	0.01551	0.01551	0.01099	0.00776	0.00646	0.00194	0.00711	0.00582	0.00646	0.01099
14	0.01296	0.03342	0.73944	0.01842	0.02797	0.01501	0.02387	0.02046	0.01364	0.02046	0.01160	0.01364	0.00818	0.00614	0.00614	0.00205	0.00955	0.00477	0.00273	0.00955
15	0.81856	0.01250	0.00950	0.00850	0.01250	0.01449	0.00700	0.01899	0.01100	0.02899	0.00900	0.01050	0.00700	0.00600	0.00400	0.00200	0.00500	0.00350	0.00400	0.00700
16	0.00931	0.00659	0.00870	0.00870	0.00927	0.00716	0.00598	0.01046	0.00989	0.01375	0.01885	0.03392	0.01986	0.41425	0.38660	0.00830	0.01173	0.00817	0.00369	0.00483
17	0.01744	0.11588	0.20678	0.01386	0.03885	0.01401	0.01339	0.02444	0.15774	0.19125	0.09967	0.02271	0.03993	0.00812	0.00627	0.00198	0.00639	0.00659	0.00536	0.00938
18	0.00946	0.00990	0.07873	0.01103	0.01303	0.02750	0.05420	0.01179	0.01384	0.01855	0.13412	0.48265	0.07738	0.01632	0.00782	0.00240	0.00485	0.01475	0.00560	0.00608
19	0.01296	0.03342	0.73944	0.01842	0.02797	0.01501	0.02387	0.02046	0.01364	0.02046	0.01160	0.01364	0.00818	0.00614	0.00614	0.00205	0.00955	0.00477	0.00273	0.00955
20	0.01808	0.02943	0.32535	0.01895	0.02546	0.30217	0.12391	0.04580	0.01628	0.01936	0.01132	0.01350	0.00858	0.00629	0.00625	0.00191	0.01050	0.00501	0.00317	0.00866
21	0.01048	0.01091	0.08907	0.10824	0.01786	0.00926	0.03118	0.01502	0.08286	0.01983	0.13031	0.26794	0.07019	0.01387	0.00757	0.00238	0.00549	0.09540	0.00537	0.00676
22	0.01639	0.01464	0.03574	0.01338	0.01728	0.01623	0.01072	0.06614	0.66768	0.02749	0.02536	0.02340	0.01898	0.00864	0.00656	0.00218	0.00534	0.00716	0.00646	0.01024
23	0.01599	0.01535	0.02623	0.03966	0.73262	0.01535	0.01983	0.01983	0.01471	0.02111	0.01215	0.01599	0.01023	0.00576	0.00640	0.00192	0.00768	0.00576	0.00320	0.01023
24	0.01340	0.01148	0.01340	0.00957	0.01531	0.00861	0.00766	0.01627	0.01340	0.02105	0.01148	0.01340	0.00957	0.00479	0.00479	0.00096	0.00479	0.00383	0.00383	0.81242
25	0.02085	0.13506	0.20546	0.01535	0.04815	0.01693	0.01467	0.22893	0.04311	0.18531	0.01597	0.01600	0.01123	0.00701	0.00604	0.00190	0.00730	0.00539	0.00516	0.01016
26	0.00768	0.00655	0.00661	0.00659	0.00876	0.00547	0.00494	0.00936	0.01483	0.01771	0.08544	0.06176	0.70986	0.01627	0.00764	0.00218	0.00327	0.01358	0.00603	0.00547
27	0.01607	0.01388	0.01461	0.01315	0.01680	0.01607	0.01023	0.03433	0.72094	0.02703	0.02630	0.02411	0.01972	0.00877	0.00657	0.00219	0.00511	0.00731	0.00657	0.01023
28	0.01635	0.01449	0.02404	0.16701	0.49075	0.01503	0.04111	0.04371	0.04049	0.06436	0.01349	0.01690	0.01064	0.00619	0.00646	0.00199	0.00771	0.00592	0.00366	0.00970
29	0.01399	0.04135	0.24851	0.01528	0.04046	0.01214	0.08731	0.04871	0.05184	0.08802	0.07065	0.13843	0.09526	0.01013	0.00689	0.00214	0.00686	0.00888	0.00479	0.00835
30	0.00772	0.00654	0.00668	0.00677	0.00888	0.00550	0.00509	0.00938	0.01466	0.01748	0.06370	0.08360	0.69023	0.01652	0.00769	0.00222	0.00336	0.03252	0.00600	0.00546
31	0.01296	0.03342	0.73944	0.01842	0.02797	0.01501	0.02387	0.02046	0.01364	0.02046	0.01160	0.01364	0.00818	0.00614	0.00614	0.00205	0.00955	0.00477	0.00273	0.00955
32	0.81856	0.01250	0.00950	0.00850	0.01250	0.01449	0.00700	0.01899	0.01100	0.02899	0.00900	0.01050	0.00700	0.00600	0.00400	0.00200	0.00500	0.00350	0.00400	0.00700
33	0.01818	0.01274	0.01487	0.01095	0.01646	0.01106	0.00889	0.15881	0.01765	0.14137	0.01457	0.01522	0.01090	0.00591	0.00540	0.00132	0.00537	0.00466	0.00504	0.52064
34	0.02456	0.01810	0.01939	0.01487	0.02004	0.02004	0.01228	0.71107	0.03038	0.04072	0.01551	0.01551	0.01099	0.00776	0.00646	0.00194	0.00711	0.00582	0.00646	0.01099
35	0.01619	0.19826	0.15107	0.04220	0.06130	0.03839	0.03320	0.03760	0.02984	0.09160	0.01337	0.01680	0.01102	0.04551	0.08005	0.00297	0.11318	0.00541	0.00367	0.00836
36	0.02102	0.01109	0.01398	0.01067	0.01570	0.00926	0.00862	0.02437	0.05006	0.37683	0.02028	0.05322	0.01479	0.00729	0.00588	0.00161	0.00511	0.00600	0.00613	0.33812
37	0.00780	0.00651	0.00681	0.00683	0.00885	0.00551	0.00508	0.00956	0.01497	0.01827	0.13138	0.09624	0.62753	0.01624	0.00767	0.00219	0.00327	0.01368	0.00611	0.00551
38	0.02031	0.01573	0.01707	0.01328	0.01831	0.01657	0.01079	0.41877	0.15542	0.03347	0.01657	0.01661	0.01228	0.00724	0.00608	0.00175	0.00618	0.00562	0.00586	0.20209
39	0.01437	0.00735	0.00794	0.00721	0.00940	0.00718	0.00557	0.05182	0.01502	0.09729	0.03936	0.02369	0.01713	0.00764	0.00491	0.00157	0.00354	0.00613	0.63718	0.03570
40	0.01728	0.12437	0.38292	0.01931	0.13198	0.01557	0.01858	0.04126	0.01510	0.15323	0.01402	0.01517	0.01004	0.00639	0.00599	0.00193	0.00810	0.00510	0.00388	0.00980
41	0.01402	0.04400	0.47880	0.03901	0.05105	0.01507	0.14137	0.02103	0.04954	0.04159	0.01367	0.03774	0.01039	0.00661	0.00647	0.00208	0.00912	0.00588	0.00329	0.00928
42	0.01464	0.00678	0.00740	0.00686	0.00890	0.00655	0.00528	0.01757	0.01431	0.13323	0.02175	0.02377	0.01647	0.00760	0.00482	0.00158	0.00339	0.00610	0.68622	0.00678
43	0.01244	0.00709	0.00814	0.10334	0.01267	0.00751	0.00648	0.03585	0.01397	0.02360	0.01967	0.02295	0.01537	0.00740	0.00483	0.00160	0.00386	0.00598	0.68094	0.00632
44	0.01972	0.48083	0.02758	0.01315	0.01782	0.28702	0.01155	0.02219	0.03846	0.01582	0.00992	0.01129	0.00868	0.00605	0.00484	0.00151	0.00857	0.00384	0.00310	0.00807
45	0.01350	0.01276	0.02091	0.22191	0.42252	0.01332	0.01666	0.01707	0.01425	0.01925	0.02153	0.02459	0.13874	0.00784	0.00664	0.00203	0.00713	0.00716	0.00361	0.00858
46	0.00773	0.00655	0.00668	0.00665	0.00879	0.00550	0.00498	0.00946	0.01495	0.01799	0.10743	0.06130	0.68769	0.01616	0.00764	0.00217	0.00326	0.01351	0.00607	0.00550
47	0.01107	0.00711	0.00866	0.00801	0.01018	0.00627	0.00610	0.01349	0.01688	0.11238	0.38351	0.06981	0.29442	0.01388	0.00750	0.00210	0.00346	0.01191	0.00680	0.00646
48	0.01456	0.01174	0.01776	0.22570	0.20453	0.01293	0.01382	0.10708	0.04174	0.01986	0.01295	0.01793	0.01077	0.01247	0.04450	0.20715	0.00767	0.00584	0.00358	0.00741
49	0.06545	0.01161	0.01503	0.03373	0.01591	0.01233	0.06210	0.25123	0.01737	0.05164	0.03016	0.01886	0.01240	0.03613	0.01476	0.32741	0.00653	0.00600	0.00450	0.00686
50	0.00786	0.00566	0.00746	0.00890	0.00935	0.00526	0.00595	0.00901	0.01247	0.01653	0.03685	0.73949	0.07115	0.02008	0.00822	0.00261	0.00373	0.01817	0.00600	0.00526
51	0.01910	0.05330	0.12825	0.06598	0.15118	0.08027	0.11441	0.11882	0.01732	0.13203	0.01417	0.01606	0.01043	0.00676	0.00710	0.00200	0.04331	0.00575	0.00429	0.00948
52	0.03731	0.01142	0.01721	0.18554	0.16654	0.01235	0.03322	0.10031	0.01507	0.04435	0.01710	0.08490	0.01581	0.01383	0.07126	0.08429	0.00788	0.06983	0.00417	0.00760
53	0.81856	0.01250	0.00950	0.00850	0.01250	0.01449	0.00700	0.01899	0.01100	0.02899	0.00900	0.01050	0.00700	0.00600	0.00400	0.00200	0.00500	0.00350	0.00400	0.00700
54	0.01017	0.05301	0.01291	0.01114	0.01263	0.00972	0.03530	0.01244	0.01102	0.01574	0.01816	0.09903	0.01773	0.03787	0.53293	0.00801	0.05580	0.00781	0.03252	0.00606
55	0.01758	0.74328	0.03316	0.01131	0.01674	0.05799	0.01112	0.01964	0.01336	0.01523	0.00903	0.01042	0.00829	0.00558	0.00422	0.00139	0.00712	0.00349	0.00279	0.00826
56	0.01710	0.74607	0.06304	0.01136	0.01705	0.02513	0.01159	0.01939	0.01315	0.01542	0.00909	0.01050	0.00829	0.00555	0.00423	0.00141	0.00702	0.00351	0.00276	0.00834
57	0.00823	0.00657	0.00736	0.00717	0.00909	0.00571	0.00537	0.01042	0.01612	0.02077	0.32547	0.05673	0.46792	0.01513	0.00763	0.00212	0.00318	0.01287	0.00644	0.00571
58	0.01484	0.01235	0.01319	0.01173	0.01493	0.01370	0.00892	0.06071	0.49444	0.02476	0.04286	0.02769	0.04383	0.12580	0.01055	0.00272	0.00525	0.00766	0.00599	0.05806
59	0.01557	0.01319	0.01401	0.01254	0.01604	0.01501	0.00976	0.06588	0.59886	0.02718	0.08051	0.02733	0.05669	0.00942	0.00670	0.00217	0.00497	0.00786	0.00658	0.00972
