[name]
unknown

[dist]
# distance from previous block
# <min> <max>
0	56

[block]
# block no. 0 follows, 34 sequences, length 15
# corresponding to MSA columns:
# 56-70
name=unknown_A
#
# <colnr> <probs for GDERKNQSTAVLIFYWHMCP>
#	G	D	E	R	K	N	Q	S	T	A	V	L	I	F	Y	W	H	M	C	P
0	0.01430	0.01254	0.07535	0.01294	0.01587	0.05147	0.01164	0.10860	0.01711	0.06628	0.02793	0.09299	0.02856	0.01438	0.00799	0.00260	0.00659	0.41983	0.00572	0.00729
1	0.02261	0.01721	0.02107	0.07494	0.06332	0.03965	0.07428	0.48584	0.02555	0.08747	0.01538	0.01621	0.01095	0.00732	0.00655	0.00197	0.00761	0.00597	0.00574	0.01035
2	0.01220	0.01148	0.01938	0.75739	0.04450	0.01436	0.01794	0.01651	0.01292	0.01651	0.01148	0.01723	0.00861	0.00646	0.00646	0.00215	0.00861	0.00574	0.00287	0.00718
3	0.00875	0.00639	0.00761	0.00814	0.00961	0.00568	0.00593	0.01039	0.01418	0.04262	0.09757	0.34369	0.33928	0.01750	0.00792	0.00239	0.00369	0.05689	0.00614	0.00564
4	0.01500	0.00836	0.01055	0.00981	0.01219	0.00784	0.00738	0.05314	0.05159	0.21436	0.12788	0.31904	0.10766	0.01436	0.00745	0.00227	0.00432	0.01256	0.00674	0.00748
5	0.01622	0.01450	0.02450	0.14643	0.58433	0.01484	0.01891	0.02005	0.01468	0.06466	0.01288	0.01655	0.01035	0.00600	0.00641	0.00196	0.00768	0.00580	0.00345	0.00982
6	0.01296	0.03342	0.73944	0.01842	0.02797	0.01501	0.02387	0.02046	0.01364	0.02046	0.01160	0.01364	0.00818	0.00614	0.00614	0.00205	0.00955	0.00477	0.00273	0.00955
7	0.00966	0.00726	0.01102	0.01186	0.05217	0.00820	0.00850	0.01170	0.01062	0.01521	0.01762	0.06300	0.01692	0.04311	0.62630	0.05470	0.01540	0.00738	0.00354	0.00583
8	0.03150	0.01416	0.02236	0.17360	0.41959	0.04010	0.04237	0.03561	0.01491	0.04037	0.03550	0.05743	0.01377	0.00729	0.00658	0.00203	0.00761	0.02256	0.00370	0.00898
9	0.07792	0.06701	0.02134	0.05517	0.15924	0.03199	0.12329	0.04727	0.04732	0.08240	0.07620	0.09024	0.01785	0.00860	0.00766	0.00210	0.06400	0.00751	0.00449	0.00843
10	0.00892	0.00726	0.00809	0.00799	0.00983	0.00678	0.00596	0.04485	0.01518	0.01910	0.11355	0.19316	0.47318	0.01620	0.00824	0.00227	0.03397	0.01367	0.00599	0.00581
11	0.01457	0.01446	0.09004	0.17744	0.06470	0.03414	0.16276	0.03350	0.01523	0.09506	0.07226	0.06159	0.08186	0.02510	0.00757	0.00223	0.00763	0.02747	0.00444	0.00797
12	0.01748	0.03923	0.08560	0.07695	0.42780	0.01541	0.05402	0.07554	0.03032	0.09448	0.01391	0.01651	0.01071	0.00626	0.00639	0.00196	0.00773	0.00581	0.00394	0.00998
13	0.01587	0.01442	0.08611	0.07277	0.02183	0.01308	0.14692	0.06171	0.18624	0.11527	0.05836	0.11980	0.02015	0.02804	0.00763	0.00228	0.00682	0.00855	0.00535	0.00875
14	0.09387	0.05287	0.01116	0.01025	0.01172	0.03427	0.04181	0.01183	0.01263	0.01791	0.02925	0.58092	0.03413	0.01668	0.00745	0.00243	0.00470	0.01491	0.00537	0.00586

[dist]
# distance from previous block
# <min> <max>
1	19

[block]
# block no. 1 follows, 34 sequences, length 6
# corresponding to MSA columns:
# 90-95
name=unknown_B
#
# <colnr> <probs for GDERKNQSTAVLIFYWHMCP>
#	G	D	E	R	K	N	Q	S	T	A	V	L	I	F	Y	W	H	M	C	P
0	0.01224	0.01330	0.10078	0.03327	0.01511	0.07040	0.00995	0.07380	0.06063	0.02148	0.16567	0.18733	0.11696	0.01576	0.07092	0.00287	0.00660	0.01050	0.00536	0.00706
1	0.01917	0.04820	0.05288	0.01362	0.01760	0.10643	0.02871	0.29412	0.05389	0.06186	0.01883	0.10068	0.01655	0.03319	0.03326	0.00244	0.00745	0.04162	0.04071	0.00880
2	0.00829	0.00598	0.00774	0.00899	0.00962	0.00562	0.00628	0.00960	0.01264	0.01660	0.03675	0.56103	0.09964	0.08183	0.01032	0.00293	0.00419	0.10088	0.00582	0.00524
3	0.04714	0.04090	0.18457	0.01410	0.01857	0.07642	0.03649	0.05867	0.07561	0.12600	0.01648	0.05185	0.01336	0.04337	0.00984	0.04273	0.08421	0.00628	0.04509	0.00834
4	0.01340	0.01148	0.01340	0.00957	0.01531	0.00861	0.00766	0.01627	0.01340	0.02105	0.01148	0.01340	0.00957	0.00479	0.00479	0.00096	0.00479	0.00383	0.00383	0.81242
5	0.01236	0.07370	0.04708	0.05114	0.06860	0.01050	0.04079	0.03712	0.04347	0.05761	0.21060	0.03798	0.23168	0.01109	0.00687	0.00201	0.00504	0.00949	0.03557	0.00729

[dist]
# distance from previous block
# <min> <max>
0	15

[block]
# block no. 2 follows, 34 sequences, length 30
# corresponding to MSA columns:
# 111-140
name=unknown_C
#
# <colnr> <probs for GDERKNQSTAVLIFYWHMCP>
#	G	D	E	R	K	N	Q	S	T	A	V	L	I	F	Y	W	H	M	C	P
0	0.17788	0.22836	0.16249	0.01305	0.01865	0.01817	0.02814	0.10637	0.09631	0.04552	0.01318	0.01430	0.01021	0.00802	0.03221	0.00216	0.00729	0.00477	0.00409	0.00883
1	0.01891	0.60015	0.03022	0.01232	0.01739	0.17274	0.01139	0.04281	0.01474	0.01614	0.00940	0.01079	0.00838	0.00583	0.00456	0.00146	0.00788	0.00367	0.00300	0.00821
2	0.00804	0.00576	0.00758	0.00898	0.00945	0.00539	0.00609	0.00922	0.01245	0.01651	0.03595	0.68702	0.06405	0.04818	0.00918	0.00276	0.00393	0.04833	0.00592	0.00524
3	0.03739	0.01549	0.01782	0.05780	0.04220	0.03484	0.03443	0.31677	0.21047	0.03013	0.01874	0.07324	0.01516	0.00890	0.00753	0.00213	0.05457	0.00709	0.00568	0.00962
4	0.01603	0.01758	0.07680	0.15715	0.17609	0.10197	0.08938	0.07917	0.01534	0.02033	0.01344	0.01700	0.03203	0.00744	0.00883	0.00211	0.12991	0.00593	0.02503	0.00843
5	0.01122	0.00561	0.00842	0.00842	0.00842	0.00561	0.00561	0.00842	0.00842	0.01122	0.01122	0.01964	0.01122	0.02245	0.02525	0.81201	0.00561	0.00561	0.00281	0.00281
6	0.05104	0.07065	0.29991	0.04515	0.06548	0.03162	0.08506	0.03815	0.04866	0.04932	0.06903	0.01955	0.03367	0.02843	0.00757	0.00215	0.03589	0.00614	0.00384	0.00868
7	0.05673	0.01073	0.01367	0.01077	0.01515	0.00985	0.00881	0.07639	0.01841	0.53728	0.05552	0.02254	0.01740	0.00808	0.00620	0.00193	0.00517	0.00651	0.10889	0.00999
8	0.01232	0.01198	0.04485	0.10498	0.05475	0.01190	0.10034	0.01914	0.17437	0.02165	0.14761	0.05853	0.12947	0.01060	0.00770	0.00221	0.03334	0.04129	0.00521	0.00774
9	0.00809	0.00631	0.00690	0.00718	0.00854	0.00560	0.00496	0.00934	0.01331	0.01655	0.07295	0.19523	0.43004	0.17068	0.01288	0.00309	0.00397	0.01363	0.00561	0.00512
10	0.01391	0.01334	0.05823	0.15406	0.14512	0.01306	0.10845	0.08548	0.05177	0.02128	0.03712	0.06791	0.03291	0.01228	0.06810	0.03767	0.00821	0.03325	0.02986	0.00799
11	0.81856	0.01250	0.00950	0.00850	0.01250	0.01449	0.00700	0.01899	0.01100	0.02899	0.00900	0.01050	0.00700	0.00600	0.00400	0.00200	0.00500	0.00350	0.00400	0.00700
12	0.01340	0.01148	0.01340	0.00957	0.01531	0.00861	0.00766	0.01627	0.01340	0.02105	0.01148	0.01340	0.00957	0.00479	0.00479	0.00096	0.00479	0.00383	0.00383	0.81242
13	0.01736	0.01723	0.11804	0.03588	0.06663	0.04358	0.06729	0.16987	0.06303	0.07229	0.04183	0.03678	0.01353	0.00704	0.00617	0.00177	0.00697	0.00595	0.00474	0.20401
14	0.21002	0.14080	0.14390	0.01591	0.06483	0.17286	0.03537	0.03646	0.01405	0.02072	0.01008	0.01231	0.00822	0.00663	0.00682	0.00192	0.08330	0.00439	0.00331	0.00810
15	0.01724	0.01446	0.01527	0.01338	0.01725	0.01662	0.01051	0.12714	0.62624	0.02891	0.02482	0.02293	0.01853	0.00863	0.00656	0.00216	0.00539	0.00710	0.00656	0.01033
16	0.01457	0.01099	0.01303	0.00959	0.01488	0.00846	0.00764	0.01734	0.01383	0.08740	0.01413	0.04536	0.01178	0.00582	0.00507	0.00114	0.00474	0.00475	0.03491	0.67456
17	0.00926	0.00682	0.00984	0.00984	0.01081	0.00778	0.00740	0.01119	0.01022	0.01460	0.01780	0.02813	0.01734	0.16603	0.63138	0.00972	0.01551	0.00732	0.00354	0.00547
18	0.01679	0.02321	0.34974	0.01647	0.02248	0.06104	0.04545	0.04749	0.01465	0.14172	0.01410	0.01622	0.01041	0.01081	0.07052	0.00283	0.11768	0.00549	0.00390	0.00901
19	0.51595	0.07521	0.01428	0.01183	0.04145	0.15118	0.00919	0.02006	0.01267	0.02428	0.00934	0.01117	0.00761	0.00631	0.00534	0.00190	0.04518	0.00382	0.00368	0.02953
20	0.01245	0.01064	0.01433	0.01340	0.03957	0.01336	0.00999	0.04483	0.01106	0.01622	0.01424	0.02463	0.01454	0.24001	0.13713	0.00491	0.33483	0.00698	0.03071	0.00620
21	0.01628	0.05767	0.12243	0.07244	0.08819	0.08614	0.07682	0.13482	0.11189	0.02352	0.04182	0.05319	0.06990	0.00833	0.00655	0.00202	0.00756	0.00707	0.00456	0.00881
22	0.00918	0.00621	0.00708	0.00723	0.00735	0.00613	0.00416	0.00935	0.00989	0.01311	0.02356	0.11742	0.05112	0.66834	0.02945	0.00574	0.00590	0.01047	0.00420	0.00411
23	0.09184	0.03296	0.05050	0.11302	0.15952	0.03479	0.07915	0.04868	0.16343	0.02245	0.01857	0.04750	0.05312	0.00782	0.00667	0.00206	0.02375	0.00675	0.00433	0.03309
24	0.00798	0.00577	0.00756	0.00888	0.00945	0.00536	0.00605	0.00927	0.01285	0.01704	0.06737	0.67313	0.08793	0.01962	0.00820	0.00258	0.00375	0.03585	0.00604	0.00532
25	0.01370	0.01339	0.06098	0.16017	0.07044	0.03714	0.07155	0.05603	0.08917	0.03946	0.01936	0.18271	0.01851	0.03309	0.04328	0.00276	0.06727	0.00889	0.00440	0.00772
26	0.00780	0.00632	0.00685	0.00719	0.00885	0.00545	0.00517	0.00930	0.01410	0.01732	0.07705	0.22704	0.52422	0.04293	0.00864	0.00242	0.00348	0.01454	0.00596	0.00537
27	0.01590	0.09582	0.18594	0.01705	0.06323	0.06243	0.07246	0.10222	0.13776	0.02282	0.04425	0.07337	0.01545	0.00832	0.00731	0.00206	0.05351	0.00680	0.00436	0.00894
28	0.00842	0.00634	0.00761	0.00774	0.00922	0.00569	0.00564	0.01056	0.01562	0.02088	0.32982	0.21783	0.27913	0.01573	0.00769	0.00220	0.00328	0.01373	0.02718	0.00569
29	0.04599	0.13531	0.01785	0.01087	0.01642	0.01242	0.04330	0.01821	0.05715	0.02078	0.01198	0.01366	0.00990	0.00523	0.00490	0.00120	0.00546	0.00416	0.00381	0.56139

[dist]
# distance from previous block
# <min> <max>
0	1

[block]
# block no. 3 follows, 34 sequences, length 6
# corresponding to MSA columns:
# 142-147
name=unknown_D
#
# <colnr> <probs for GDERKNQSTAVLIFYWHMCP>
#	G	D	E	R	K	N	Q	S	T	A	V	L	I	F	Y	W	H	M	C	P
0	0.01682	0.19661	0.19083	0.06570	0.02308	0.01734	0.08620	0.12544	0.05702	0.06233	0.01527	0.01659	0.03595	0.00673	0.00591	0.00184	0.00764	0.00549	0.00407	0.05914
1	0.01767	0.12572	0.15328	0.11029	0.09896	0.04359	0.01536	0.17910	0.09222	0.05100	0.01503	0.01790	0.01172	0.00723	0.00615	0.00196	0.00763	0.03140	0.00440	0.00939
2	0.00923	0.00692	0.01038	0.01038	0.01154	0.00808	0.00808	0.01154	0.01038	0.01500	0.01731	0.02538	0.01615	0.04846	0.74732	0.01038	0.01731	0.00692	0.00346	0.00577
3	0.01340	0.01148	0.01340	0.00957	0.01531	0.00861	0.00766	0.01627	0.01340	0.02105	0.01148	0.01340	0.00957	0.00479	0.00479	0.00096	0.00479	0.00383	0.00383	0.81242
4	0.01311	0.01167	0.01211	0.03871	0.01479	0.10061	0.00948	0.07344	0.08336	0.02052	0.05687	0.22727	0.08780	0.01439	0.00820	0.00242	0.03705	0.17580	0.00555	0.00684
5	0.01769	0.07077	0.14423	0.01545	0.07233	0.04453	0.01317	0.20451	0.10738	0.07576	0.07788	0.05256	0.05819	0.00872	0.00647	0.00199	0.00670	0.00708	0.00531	0.00930

[dist]
# distance from previous block
# <min> <max>
0	1

[block]
# block no. 4 follows, 34 sequences, length 10
# corresponding to MSA columns:
# 149-158
name=unknown_E
#
# <colnr> <probs for GDERKNQSTAVLIFYWHMCP>
#	G	D	E	R	K	N	Q	S	T	A	V	L	I	F	Y	W	H	M	C	P
0	0.07058	0.01163	0.01327	0.00976	0.01525	0.00941	0.00783	0.01812	0.04499	0.06220	0.01276	0.01416	0.01020	0.00523	0.00491	0.00114	0.00485	0.00411	0.00420	0.67540
1	0.01340	0.01148	0.01340	0.00957	0.01531	0.00861	0.00766	0.01627	0.01340	0.02105	0.01148	0.01340	0.00957	0.00479	0.00479	0.00096	0.00479	0.00383	0.00383	0.81242
2	0.01414	0.01296	0.01941	0.15081	0.17697	0.05208	0.10830	0.04142	0.04832	0.03731	0.05212	0.05242	0.08478	0.04275	0.00805	0.00229	0.00722	0.04756	0.03317	0.00790
3	0.00902	0.00645	0.00743	0.00726	0.00890	0.00584	0.00536	0.01138	0.01578	0.02183	0.34318	0.07397	0.28113	0.04738	0.00831	0.00221	0.00329	0.01165	0.12388	0.00574
4	0.01677	0.01606	0.07816	0.09181	0.23594	0.04379	0.05222	0.10870	0.08888	0.06349	0.01664	0.04532	0.01373	0.00786	0.00706	0.00208	0.03227	0.03825	0.03175	0.00923
5	0.00940	0.00626	0.00705	0.00705	0.00705	0.00626	0.00392	0.00940	0.00940	0.01253	0.02036	0.04228	0.02349	0.77292	0.03289	0.00626	0.00626	0.00940	0.00392	0.00392
6	0.01467	0.04439	0.26348	0.05868	0.04464	0.04576	0.10634	0.04435	0.01494	0.05170	0.04837	0.03592	0.02851	0.00740	0.00688	0.00194	0.03428	0.02610	0.00381	0.11785
7	0.01513	0.01268	0.01817	0.12283	0.08271	0.01137	0.07958	0.05068	0.01474	0.06608	0.01276	0.01521	0.00998	0.00552	0.00563	0.00144	0.00634	0.00490	0.00397	0.46026
8	0.04771	0.07244	0.04332	0.21386	0.04804	0.20389	0.03192	0.01820	0.01370	0.01661	0.01288	0.04242	0.01165	0.07512	0.08464	0.00318	0.04413	0.00593	0.00329	0.00708
9	0.02125	0.04595	0.01812	0.01544	0.06067	0.08201	0.01180	0.15889	0.19227	0.19332	0.01860	0.01844	0.01358	0.00824	0.00835	0.00209	0.10938	0.00608	0.00573	0.00980

[dist]
# distance from previous block
# <min> <max>
1	7

[block]
# block no. 5 follows, 34 sequences, length 18
# corresponding to MSA columns:
# 166-183
name=unknown_F
#
# <colnr> <probs for GDERKNQSTAVLIFYWHMCP>
#	G	D	E	R	K	N	Q	S	T	A	V	L	I	F	Y	W	H	M	C	P
0	0.01400	0.01005	0.01193	0.00927	0.01376	0.00796	0.00725	0.01663	0.01376	0.08860	0.01705	0.11361	0.01529	0.00741	0.00537	0.00134	0.00451	0.00622	0.09705	0.53892
1	0.01414	0.01414	0.01979	0.01696	0.01696	0.01979	0.01414	0.01555	0.00990	0.01555	0.00848	0.01414	0.00848	0.01131	0.02120	0.00283	0.76110	0.00565	0.00283	0.00707
2	0.01293	0.00806	0.00895	0.00752	0.01057	0.00702	0.00583	0.01588	0.01393	0.04799	0.05598	0.02172	0.01657	0.00693	0.00484	0.00137	0.00370	0.00560	0.46730	0.27730
3	0.02414	0.03079	0.01831	0.01665	0.01998	0.74698	0.01248	0.02580	0.01831	0.01581	0.00999	0.01165	0.00832	0.00666	0.00583	0.00166	0.01165	0.00416	0.00333	0.00749
4	0.00876	0.00659	0.00810	0.00772	0.00942	0.00593	0.00579	0.01145	0.01738	0.02375	0.55950	0.05182	0.23202	0.01402	0.00762	0.00207	0.00311	0.01218	0.00683	0.00593
5	0.01758	0.27560	0.09621	0.02326	0.26305	0.15223	0.04723	0.02086	0.01476	0.01808	0.01068	0.01315	0.00902	0.00587	0.00557	0.00172	0.00847	0.00468	0.00303	0.00895
6	0.01191	0.00795	0.01019	0.03385	0.01136	0.00856	0.00687	0.10107	0.01221	0.01655	0.01631	0.02808	0.01643	0.28236	0.19104	0.22032	0.00882	0.00724	0.00381	0.00507
7	0.01817	0.20742	0.11694	0.04040	0.06639	0.07248	0.07685	0.10067	0.03474	0.09514	0.03418	0.01620	0.01195	0.00663	0.00578	0.00178	0.00753	0.00536	0.04956	0.03183
8	0.01757	0.01463	0.01546	0.01345	0.01737	0.01677	0.01059	0.15412	0.59871	0.02945	0.02439	0.02259	0.01818	0.00859	0.00655	0.00215	0.00547	0.00704	0.00655	0.01036
9	0.81856	0.01250	0.00950	0.00850	0.01250	0.01449	0.00700	0.01899	0.01100	0.02899	0.00900	0.01050	0.00700	0.00600	0.00400	0.00200	0.00500	0.00350	0.00400	0.00700
10	0.01369	0.02623	0.49680	0.13210	0.07579	0.01444	0.02092	0.04231	0.01455	0.04209	0.05133	0.01655	0.01159	0.00666	0.00631	0.00205	0.00873	0.00545	0.00330	0.00913
11	0.00790	0.00650	0.00694	0.00694	0.00891	0.00555	0.00516	0.00973	0.01518	0.01878	0.17204	0.09848	0.58341	0.01606	0.00767	0.00218	0.00326	0.01358	0.00618	0.00555
12	0.01204	0.00602	0.00602	0.00602	0.00753	0.00602	0.00452	0.01506	0.01355	0.02409	0.02108	0.02409	0.01656	0.00753	0.00452	0.00151	0.00301	0.00602	0.80879	0.00602
13	0.00787	0.00562	0.00750	0.00900	0.00937	0.00525	0.00600	0.00900	0.01237	0.01649	0.03561	0.76871	0.04274	0.02024	0.00825	0.00262	0.00375	0.01837	0.00600	0.00525
14	0.01846	0.60574	0.03014	0.01217	0.01721	0.15602	0.01128	0.02122	0.04720	0.01587	0.00998	0.01124	0.00883	0.00588	0.00456	0.00147	0.00769	0.00376	0.00304	0.00824
15	0.00824	0.00665	0.00738	0.00767	0.00937	0.00596	0.00557	0.01066	0.04731	0.01849	0.12202	0.24789	0.44633	0.01673	0.00775	0.00229	0.00346	0.01441	0.00614	0.00569
16	0.00787	0.00562	0.00750	0.00900	0.00937	0.00525	0.00600	0.00900	0.01237	0.01649	0.03561	0.76871	0.04274	0.02024	0.00825	0.00262	0.00375	0.01837	0.00600	0.00525
17	0.01605	0.06634	0.17580	0.02805	0.39690	0.01575	0.01821	0.02267	0.12122	0.05480	0.01459	0.01665	0.01138	0.00638	0.00623	0.00196	0.00754	0.00567	0.00380	0.01000

[dist]
# distance from previous block
# <min> <max>
0	1

[block]
# block no. 6 follows, 34 sequences, length 37
# corresponding to MSA columns:
# 185-221
name=unknown_G
#
# <colnr> <probs for GDERKNQSTAVLIFYWHMCP>
#	G	D	E	R	K	N	Q	S	T	A	V	L	I	F	Y	W	H	M	C	P
0	0.11056	0.14985	0.30021	0.01637	0.02305	0.08980	0.10550	0.02194	0.04955	0.05792	0.01235	0.01398	0.00927	0.00621	0.00576	0.00191	0.00853	0.00493	0.00348	0.00884
1	0.07933	0.08228	0.08472	0.01437	0.01774	0.10242	0.01272	0.05966	0.03607	0.13705	0.01426	0.01810	0.01165	0.00979	0.02835	0.00242	0.23668	0.03979	0.00430	0.00832
2	0.01122	0.00561	0.00842	0.00842	0.00842	0.00561	0.00561	0.00842	0.00842	0.01122	0.01122	0.01964	0.01122	0.02245	0.02525	0.81201	0.00561	0.00561	0.00281	0.00281
3	0.02162	0.01664	0.01773	0.01427	0.01892	0.01866	0.01157	0.47644	0.26980	0.03597	0.01925	0.01849	0.01402	0.00811	0.00650	0.00203	0.00642	0.00633	0.00650	0.01072
4	0.01340	0.01148	0.01340	0.00957	0.01531	0.00861	0.00766	0.01627	0.01340	0.02105	0.01148	0.01340	0.00957	0.00479	0.00479	0.00096	0.00479	0.00383	0.00383	0.81242
5	0.01400	0.00771	0.00997	0.00890	0.01137	0.00689	0.00692	0.01664	0.01753	0.20624	0.40820	0.06698	0.14680	0.01270	0.00740	0.00209	0.00382	0.03150	0.00710	0.00723
6	0.01041	0.00615	0.00896	0.00902	0.00943	0.00649	0.00639	0.00967	0.00940	0.01285	0.01500	0.02606	0.01511	0.10540	0.23976	0.45586	0.00917	0.03768	0.00326	0.00394
7	0.06112	0.36010	0.02452	0.01351	0.01787	0.34029	0.01142	0.02316	0.06258	0.01696	0.01058	0.01185	0.00900	0.00626	0.00504	0.00159	0.00877	0.00402	0.00333	0.00800
8	0.00785	0.00570	0.00742	0.00880	0.00932	0.00526	0.00591	0.00902	0.01256	0.01657	0.03801	0.71207	0.09783	0.01993	0.00820	0.00259	0.00371	0.01799	0.00600	0.00526
9	0.00925	0.00756	0.01230	0.01188	0.01332	0.00711	0.10928	0.01127	0.01332	0.01785	0.06761	0.55905	0.03835	0.01750	0.00819	0.00256	0.00496	0.07713	0.00565	0.00586
10	0.01353	0.10290	0.04242	0.01491	0.01705	0.01645	0.06503	0.03532	0.05327	0.01725	0.01279	0.01781	0.01151	0.02055	0.22715	0.00471	0.31068	0.00599	0.00335	0.00733
11	0.01187	0.00798	0.00929	0.00863	0.01072	0.00791	0.00656	0.04191	0.10610	0.05747	0.33734	0.07613	0.10924	0.01174	0.00680	0.00199	0.00362	0.01008	0.16770	0.00690
12	0.00921	0.00672	0.00871	0.00854	0.01001	0.00631	0.00643	0.01237	0.03452	0.02423	0.57160	0.13058	0.07495	0.01427	0.00775	0.00217	0.00337	0.05532	0.00687	0.00608
13	0.06748	0.05738	0.19583	0.01945	0.07704	0.01561	0.16530	0.01811	0.01332	0.01984	0.03885	0.04334	0.01384	0.00857	0.00967	0.00228	0.16345	0.05900	0.00349	0.00814
14	0.02782	0.01125	0.01486	0.01146	0.01629	0.01007	0.00944	0.07924	0.01909	0.65131	0.02455	0.02163	0.01567	0.00796	0.00640	0.00197	0.00549	0.00643	0.04832	0.01074
15	0.00811	0.00653	0.00723	0.00712	0.00904	0.00565	0.00531	0.01017	0.01575	0.02003	0.26955	0.08285	0.49893	0.01553	0.00765	0.00215	0.00322	0.01320	0.00634	0.00565
16	0.05880	0.01066	0.05434	0.15573	0.01920	0.01048	0.03555	0.06685	0.01346	0.01885	0.08476	0.02538	0.09271	0.01558	0.06122	0.22960	0.02975	0.00708	0.00397	0.00604
17	0.04050	0.03645	0.02058	0.25720	0.02786	0.01311	0.18365	0.01772	0.08947	0.01885	0.01995	0.12986	0.05712	0.00980	0.00787	0.04271	0.00745	0.00852	0.00404	0.00731
18	0.00787	0.00562	0.00750	0.00900	0.00937	0.00525	0.00600	0.00900	0.01237	0.01649	0.03561	0.76871	0.04274	0.02024	0.00825	0.00262	0.00375	0.01837	0.00600	0.00525
19	0.00796	0.00568	0.00760	0.00910	0.00951	0.00532	0.00615	0.00915	0.01246	0.01659	0.03557	0.74511	0.04255	0.02016	0.00827	0.00264	0.00382	0.04112	0.00600	0.00527
20	0.14373	0.01570	0.04361	0.07915	0.10243	0.08716	0.07296	0.08375	0.01701	0.26749	0.01630	0.01687	0.01134	0.00687	0.00612	0.00198	0.00730	0.00564	0.00522	0.00938
21	0.01495	0.16857	0.49702	0.01651	0.02432	0.08472	0.01957	0.03834	0.01429	0.01939	0.01128	0.01334	0.00859	0.00769	0.03323	0.00220	0.00948	0.00458	0.00291	0.00902
22	0.01340	0.01148	0.01340	0.00957	0.01531	0.00861	0.00766	0.01627	0.01340	0.02105	0.01148	0.01340	0.00957	0.00479	0.00479	0.00096	0.00479	0.00383	0.00383	0.81242
23	0.19572	0.04483	0.09562	0.01135	0.01490	0.17109	0.00991	0.01790	0.01593	0.02338	0.30118	0.02640	0.02933	0.00906	0.00611	0.00192	0.00625	0.00710	0.00492	0.00708
24	0.05358	0.00936	0.01097	0.00908	0.01264	0.00810	0.00697	0.01606	0.03569	0.07267	0.11968	0.11083	0.02290	0.04786	0.02390	0.00200	0.00469	0.00748	0.07237	0.35314
25	0.01695	0.50291	0.18754	0.01447	0.05523	0.02220	0.01443	0.08531	0.01496	0.01908	0.01034	0.01186	0.00862	0.00589	0.00492	0.00161	0.00755	0.00409	0.00313	0.00892
26	0.02456	0.01810	0.01939	0.01487	0.02004	0.02004	0.01228	0.71107	0.03038	0.04072	0.01551	0.01551	0.01099	0.00776	0.00646	0.00194	0.00711	0.00582	0.00646	0.01099
27	0.01340	0.01148	0.01340	0.00957	0.01531	0.00861	0.00766	0.01627	0.01340	0.02105	0.01148	0.01340	0.00957	0.00479	0.00479	0.00096	0.00479	0.00383	0.00383	0.81242
28	0.00787	0.00562	0.00750	0.00900	0.00937	0.00525	0.00600	0.00900	0.01237	0.01649	0.03561	0.76871	0.04274	0.02024	0.00825	0.00262	0.00375	0.01837	0.00600	0.00525
29	0.02070	0.40467	0.02610	0.01384	0.01828	0.38544	0.01177	0.02257	0.01571	0.01551	0.00948	0.01101	0.00831	0.00609	0.00498	0.00152	0.00928	0.00381	0.00305	0.00789
30	0.00845	0.00631	0.00785	0.00803	0.00937	0.00571	0.00581	0.01064	0.01582	0.02137	0.38544	0.25637	0.20331	0.01591	0.00780	0.00223	0.00330	0.01402	0.00655	0.00571
31	0.01655	0.65209	0.15224	0.01229	0.01849	0.02379	0.01321	0.01953	0.01321	0.01608	0.00942	0.01091	0.00827	0.00563	0.00448	0.00149	0.00735	0.00368	0.00276	0.00850
32	0.00825	0.00611	0.00779	0.00898	0.00991	0.00566	0.00651	0.00979	0.01327	0.01716	0.04146	0.50864	0.18183	0.01905	0.00824	0.00259	0.00402	0.12935	0.00599	0.00541
33	0.20879	0.01215	0.01424	0.01119	0.01598	0.01184	0.00924	0.10581	0.01813	0.49631	0.02059	0.01863	0.01337	0.00751	0.00592	0.00199	0.00557	0.00574	0.00691	0.01008
34	0.01838	0.01965	0.01701	0.11455	0.04294	0.34281	0.05801	0.02175	0.05183	0.05114	0.01902	0.02070	0.08470	0.00779	0.00615	0.00185	0.00857	0.00611	0.09952	0.00753
35	0.00782	0.00613	0.00708	0.00774	0.00907	0.00539	0.00546	0.00930	0.01384	0.01745	0.08585	0.38112	0.38490	0.01796	0.00791	0.00237	0.00348	0.01568	0.00606	0.00539
36	0.00916	0.00679	0.00884	0.00943	0.01057	0.00679	0.00694	0.04224	0.01355	0.01810	0.07151	0.38777	0.12378	0.02499	0.17480	0.00428	0.00702	0.06220	0.00550	0.00575

[dist]
# distance from previous block
# <min> <max>
0	1

[block]
# block no. 7 follows, 34 sequences, length 17
# corresponding to MSA columns:
# 223-239
name=unknown_H
#
# <colnr> <probs for GDERKNQSTAVLIFYWHMCP>
#	G	D	E	R	K	N	Q	S	T	A	V	L	I	F	Y	W	H	M	C	P
0	0.01854	0.06355	0.07298	0.01088	0.01467	0.02953	0.00938	0.04605	0.06065	0.27422	0.08388	0.09391	0.03818	0.06293	0.00822	0.00228	0.00549	0.00798	0.08820	0.00847
1	0.28725	0.05371	0.06517	0.01656	0.13873	0.11713	0.02612	0.04043	0.03701	0.06307	0.06275	0.01738	0.03546	0.00709	0.00554	0.00193	0.00682	0.00538	0.00426	0.00822
2	0.01727	0.77681	0.03386	0.01106	0.01658	0.02557	0.01106	0.01935	0.01313	0.01520	0.00898	0.01036	0.00829	0.00553	0.00415	0.00138	0.00691	0.00345	0.00276	0.00829
3	0.01316	0.01237	0.04690	0.12601	0.06358	0.01302	0.06483	0.05776	0.15361	0.02034	0.01918	0.08935	0.01737	0.04692	0.14377	0.00392	0.05735	0.03837	0.00441	0.00778
4	0.03888	0.04180	0.04328	0.05329	0.09098	0.05420	0.03684	0.27840	0.08121	0.13297	0.01792	0.07043	0.01408	0.00820	0.00646	0.00201	0.00699	0.00674	0.00558	0.00976
5	0.06150	0.01143	0.01500	0.01155	0.01651	0.01026	0.00954	0.06657	0.01881	0.67125	0.02428	0.02118	0.01536	0.00790	0.00639	0.00200	0.00556	0.00634	0.00775	0.01083
6	0.00982	0.00779	0.01151	0.01117	0.01219	0.00948	0.00880	0.01202	0.01033	0.01507	0.01625	0.02403	0.01523	0.04400	0.66022	0.00948	0.10653	0.00677	0.00339	0.00592
7	0.04402	0.18430	0.02203	0.03571	0.01896	0.19086	0.10638	0.01932	0.03998	0.01759	0.06014	0.01748	0.01359	0.01312	0.10350	0.03766	0.05879	0.00564	0.00354	0.00736
8	0.48099	0.10468	0.01665	0.01156	0.01616	0.01582	0.07967	0.05783	0.04166	0.10416	0.01224	0.01324	0.00913	0.00631	0.00489	0.00195	0.00600	0.00451	0.00444	0.00810
9	0.00794	0.00592	0.00740	0.00838	0.00926	0.00538	0.00577	0.00937	0.01346	0.01762	0.10980	0.54418	0.19455	0.01871	0.00805	0.00247	0.00358	0.01668	0.00611	0.00538
10	0.00851	0.00654	0.00779	0.00756	0.00929	0.00581	0.00564	0.01094	0.01667	0.02226	0.44496	0.08445	0.31675	0.01472	0.00765	0.00211	0.00316	0.01272	0.00664	0.00581
11	0.01750	0.01869	0.06096	0.20630	0.18773	0.18774	0.03567	0.05465	0.04034	0.04799	0.01271	0.01581	0.00993	0.00679	0.00704	0.00198	0.04818	0.00546	0.02598	0.00853
12	0.00923	0.00692	0.01038	0.01038	0.01154	0.00808	0.00808	0.01154	0.01038	0.01500	0.01731	0.02538	0.01615	0.04846	0.74732	0.01038	0.01731	0.00692	0.00346	0.00577
13	0.01024	0.00834	0.01267	0.19799	0.01951	0.00999	0.01032	0.01271	0.01087	0.01509	0.01581	0.02495	0.01483	0.12889	0.43439	0.00742	0.04983	0.00688	0.00334	0.00595
14	0.00802	0.00580	0.00752	0.00884	0.00940	0.00540	0.00602	0.00922	0.01257	0.01655	0.03754	0.65211	0.10043	0.04727	0.00912	0.00273	0.00389	0.04637	0.00592	0.00525
15	0.01776	0.01633	0.04146	0.06335	0.09367	0.16877	0.05541	0.06478	0.04926	0.09584	0.04080	0.04203	0.01528	0.00925	0.02762	0.00220	0.03899	0.02984	0.11919	0.00818
16	0.14232	0.03454	0.19427	0.04875	0.04377	0.08805	0.01408	0.11486	0.06050	0.05428	0.01571	0.06920	0.02748	0.00818	0.00700	0.00208	0.05591	0.00615	0.00430	0.00858

[dist]
# distance from previous block
# <min> <max>
0	18

# created by:
# /home/berkeley/.conda/envs/busco_data_prod/bin/msa2prfl.pl pipeline/OGs_align_augustus/4893/2212.fs
