[name]
unknown

[dist]
# distance from previous block
# <min> <max>
0	19

[block]
# block no. 0 follows, 32 sequences, length 64
# corresponding to MSA columns:
# 19-82
name=unknown_A
#
# <colnr> <probs for GDERKNQSTAVLIFYWHMCP>
#	G	D	E	R	K	N	Q	S	T	A	V	L	I	F	Y	W	H	M	C	P
0	0.01081	0.00772	0.01081	0.01236	0.01390	0.00772	0.01081	0.01390	0.01545	0.02008	0.03553	0.07569	0.03862	0.01854	0.00927	0.00309	0.00618	0.67717	0.00618	0.00618
1	0.01517	0.01189	0.01404	0.01009	0.01600	0.00902	0.00810	0.01813	0.01433	0.07679	0.01306	0.01461	0.01046	0.00523	0.00511	0.00108	0.00503	0.00419	0.00431	0.74338
2	0.02551	0.01879	0.02014	0.01544	0.02081	0.02081	0.01275	0.69996	0.03155	0.04229	0.01611	0.01611	0.01141	0.00805	0.00671	0.00201	0.00738	0.00604	0.00671	0.01141
3	0.01632	0.01565	0.02672	0.09242	0.67333	0.01587	0.02045	0.02034	0.01514	0.02157	0.01257	0.01670	0.01051	0.00603	0.00665	0.00201	0.00804	0.00598	0.00330	0.01040
4	0.02506	0.03198	0.01901	0.01729	0.02074	0.73725	0.01296	0.02679	0.01901	0.01642	0.01037	0.01210	0.00864	0.00691	0.00605	0.00173	0.01210	0.00432	0.00346	0.00778
5	0.02551	0.01879	0.02014	0.01544	0.02081	0.02081	0.01275	0.69996	0.03155	0.04229	0.01611	0.01611	0.01141	0.00805	0.00671	0.00201	0.00738	0.00604	0.00671	0.01141
6	0.00819	0.00681	0.00716	0.00707	0.00922	0.00578	0.00530	0.01014	0.01591	0.01959	0.17672	0.06216	0.60995	0.01645	0.00793	0.00224	0.00336	0.01382	0.00642	0.00578
7	0.02506	0.03198	0.01901	0.01729	0.02074	0.73725	0.01296	0.02679	0.01901	0.01642	0.01037	0.01210	0.00864	0.00691	0.00605	0.00173	0.01210	0.00432	0.00346	0.00778
8	0.01333	0.01260	0.02131	0.62995	0.15919	0.01508	0.01896	0.01772	0.01373	0.01794	0.01204	0.01767	0.00923	0.00659	0.00670	0.00220	0.00878	0.00597	0.00304	0.00798
9	0.01391	0.01193	0.01391	0.00994	0.01590	0.00894	0.00795	0.01690	0.01391	0.02186	0.01193	0.01391	0.00994	0.00497	0.00497	0.00099	0.00497	0.00398	0.00398	0.80521
10	0.01651	0.01588	0.02690	0.04000	0.68694	0.01617	0.02030	0.02037	0.01503	0.02163	0.01243	0.01651	0.01054	0.00627	0.00742	0.00204	0.04534	0.00597	0.00330	0.01046
11	0.01114	0.01050	0.01936	0.01627	0.01884	0.01017	0.24449	0.01386	0.01375	0.01858	0.02752	0.46737	0.03083	0.01527	0.00902	0.00258	0.04401	0.01458	0.00509	0.00678
12	0.01621	0.01483	0.02037	0.02026	0.14333	0.01610	0.10726	0.02994	0.45873	0.02602	0.05620	0.02381	0.01939	0.00830	0.00700	0.00222	0.00650	0.00757	0.00576	0.01020
13	0.01302	0.01103	0.04860	0.01061	0.01368	0.01006	0.00866	0.07612	0.14897	0.05173	0.27554	0.10709	0.13932	0.01259	0.00742	0.00217	0.00455	0.01079	0.00660	0.04147
14	0.02464	0.03110	0.01882	0.01710	0.02058	0.70106	0.01285	0.02724	0.05373	0.01701	0.01122	0.01275	0.00924	0.00702	0.00609	0.00176	0.01176	0.00449	0.00363	0.00792
15	0.00924	0.00636	0.00829	0.00903	0.01001	0.00584	0.00630	0.01102	0.01484	0.04345	0.21884	0.50230	0.09254	0.01840	0.00829	0.00251	0.00373	0.01651	0.00660	0.00590
16	0.02039	0.02249	0.02234	0.10717	0.05891	0.32533	0.10374	0.07598	0.03843	0.03663	0.01221	0.01512	0.00976	0.00755	0.00875	0.00209	0.11530	0.00558	0.00378	0.00844
17	0.01537	0.01485	0.02121	0.31682	0.12785	0.05223	0.01689	0.06410	0.01411	0.01914	0.01117	0.01622	0.00929	0.00842	0.01186	0.00240	0.26077	0.00586	0.00329	0.00814
18	0.01567	0.01499	0.02555	0.20900	0.56182	0.01570	0.02013	0.01977	0.01484	0.02079	0.01246	0.01691	0.01023	0.00615	0.00666	0.00205	0.00820	0.00597	0.00324	0.00987
19	0.01728	0.01558	0.01512	0.01297	0.01622	0.18990	0.05586	0.06050	0.07048	0.09871	0.25956	0.03332	0.10521	0.01059	0.00718	0.00205	0.00663	0.00886	0.00604	0.00796
20	0.01549	0.01644	0.03123	0.10635	0.03081	0.01790	0.40040	0.04342	0.01452	0.02020	0.01211	0.01702	0.00969	0.00761	0.01179	0.00244	0.22374	0.00704	0.00333	0.00846
21	0.02124	0.01726	0.02276	0.06812	0.21060	0.03960	0.04913	0.33439	0.02262	0.06708	0.01459	0.01657	0.01097	0.00756	0.00793	0.00210	0.06588	0.00609	0.00510	0.01042
22	0.01421	0.01191	0.01286	0.07173	0.07065	0.12421	0.00975	0.01612	0.01483	0.09319	0.02883	0.42076	0.05413	0.01497	0.00765	0.00238	0.00610	0.01318	0.00552	0.00703
23	0.15297	0.01363	0.01512	0.01201	0.01690	0.07139	0.00981	0.05372	0.01840	0.53380	0.02206	0.01982	0.01429	0.00785	0.00628	0.00205	0.00622	0.00603	0.00719	0.01046
24	0.01858	0.01480	0.02167	0.20801	0.28298	0.07025	0.03559	0.02207	0.01569	0.16464	0.01623	0.05372	0.01285	0.00757	0.00713	0.00212	0.02562	0.00669	0.00440	0.00940
25	0.01661	0.01594	0.02724	0.04119	0.72233	0.01594	0.02059	0.02059	0.01528	0.02192	0.01262	0.01661	0.01063	0.00598	0.00664	0.00199	0.00797	0.00598	0.00332	0.01063
26	0.01267	0.01193	0.02013	0.74806	0.04621	0.01491	0.01863	0.01714	0.01342	0.01714	0.01193	0.01789	0.00894	0.00671	0.00671	0.00224	0.00894	0.00596	0.00298	0.00745
27	0.02322	0.34781	0.02467	0.01233	0.01753	0.05916	0.01095	0.09885	0.01787	0.27458	0.01720	0.04035	0.01297	0.00748	0.00568	0.00179	0.00684	0.00554	0.00539	0.00978
28	0.02261	0.10281	0.02631	0.05306	0.02461	0.01499	0.23881	0.04615	0.01732	0.33867	0.01877	0.01922	0.01284	0.00712	0.00720	0.00209	0.02512	0.00669	0.00561	0.01002
29	0.01218	0.01081	0.01765	0.55256	0.03763	0.01300	0.01656	0.01628	0.01396	0.01792	0.01820	0.03325	0.01683	0.00985	0.00739	0.00246	0.00821	0.18432	0.00383	0.00711
30	0.01404	0.12923	0.63996	0.01814	0.02752	0.01700	0.02308	0.02110	0.01410	0.02055	0.01169	0.01373	0.00851	0.00629	0.00611	0.00204	0.00956	0.00478	0.00284	0.00975
31	0.01381	0.01323	0.02285	0.53565	0.21562	0.01527	0.05191	0.01822	0.01400	0.01855	0.01218	0.01758	0.00943	0.00647	0.00675	0.00218	0.00881	0.00606	0.00309	0.00833
32	0.02549	0.01375	0.01809	0.05354	0.15717	0.06781	0.01251	0.02833	0.01793	0.47513	0.02214	0.04511	0.01537	0.00809	0.00673	0.00206	0.00675	0.00678	0.00662	0.01059
33	0.81159	0.01298	0.00986	0.00882	0.01298	0.01505	0.00727	0.01972	0.01142	0.03010	0.00934	0.01090	0.00727	0.00623	0.00415	0.00208	0.00519	0.00363	0.00415	0.00727
34	0.00991	0.04610	0.06750	0.01157	0.01311	0.00906	0.02938	0.01181	0.01283	0.01742	0.03029	0.57154	0.03540	0.01779	0.00947	0.00262	0.07693	0.01562	0.00540	0.00624
35	0.00859	0.00609	0.00770	0.00875	0.00917	0.00581	0.00570	0.00954	0.01215	0.01612	0.03414	0.52590	0.07379	0.20512	0.03572	0.00387	0.00492	0.01618	0.00562	0.00513
36	0.02052	0.01863	0.02772	0.04742	0.17297	0.14710	0.26893	0.02444	0.01692	0.16534	0.01539	0.01766	0.01128	0.00653	0.00703	0.00207	0.00954	0.00655	0.00439	0.00959
37	0.01404	0.01235	0.01566	0.01118	0.01720	0.00949	0.05479	0.01721	0.01404	0.02184	0.01204	0.01420	0.00995	0.00502	0.00517	0.00108	0.00540	0.00424	0.00394	0.75117
38	0.02592	0.01296	0.03658	0.01260	0.01813	0.01095	0.03311	0.08116	0.01897	0.50457	0.02224	0.02032	0.01457	0.00755	0.00646	0.00189	0.00601	0.00619	0.00709	0.15273
39	0.01267	0.01193	0.02013	0.74806	0.04621	0.01491	0.01863	0.01714	0.01342	0.01714	0.01193	0.01789	0.00894	0.00671	0.00671	0.00224	0.00894	0.00596	0.00298	0.00745
40	0.02551	0.01879	0.02014	0.01544	0.02081	0.02081	0.01275	0.69996	0.03155	0.04229	0.01611	0.01611	0.01141	0.00805	0.00671	0.00201	0.00738	0.00604	0.00671	0.01141
41	0.02528	0.05508	0.02021	0.01481	0.01989	0.01939	0.01234	0.52686	0.02763	0.14567	0.01699	0.01681	0.01194	0.00817	0.00739	0.00204	0.04585	0.00602	0.00657	0.01106
42	0.12010	0.16771	0.29724	0.01420	0.02105	0.01638	0.01557	0.04263	0.03802	0.12811	0.04344	0.01629	0.01239	0.00692	0.00579	0.00194	0.00748	0.00518	0.00430	0.03527
43	0.07467	0.13803	0.05766	0.05315	0.05379	0.18268	0.05464	0.12645	0.06926	0.08660	0.01480	0.03350	0.01161	0.00733	0.00612	0.00193	0.00837	0.00565	0.00459	0.00920
44	0.02428	0.01784	0.01914	0.01481	0.01976	0.01969	0.01208	0.64620	0.02985	0.04001	0.01650	0.01827	0.01242	0.06695	0.00885	0.00236	0.00732	0.00633	0.00651	0.01084
45	0.01534	0.01461	0.02517	0.12225	0.52040	0.01486	0.06017	0.01940	0.01538	0.02165	0.06834	0.02138	0.01541	0.00706	0.00691	0.00208	0.00786	0.02835	0.00369	0.00967
46	0.02551	0.01879	0.02014	0.01544	0.02081	0.02081	0.01275	0.69996	0.03155	0.04229	0.01611	0.01611	0.01141	0.00805	0.00671	0.00201	0.00738	0.00604	0.00671	0.01141
47	0.75032	0.01446	0.01057	0.00948	0.01358	0.07131	0.00771	0.02027	0.01201	0.02904	0.00942	0.01099	0.00737	0.00628	0.00430	0.00205	0.00573	0.00369	0.00410	0.00731
48	0.01388	0.02314	0.32107	0.06717	0.08030	0.01494	0.25222	0.01974	0.01463	0.02068	0.01531	0.09698	0.01316	0.00771	0.00718	0.00223	0.00954	0.00764	0.00344	0.00904
49	0.01544	0.00819	0.01020	0.00910	0.01195	0.00713	0.00703	0.01768	0.01706	0.24837	0.18975	0.12889	0.27456	0.01396	0.00762	0.00222	0.00415	0.01191	0.00715	0.00764
50	0.01574	0.01506	0.02567	0.19664	0.57364	0.01571	0.02016	0.01983	0.01487	0.02087	0.01247	0.01689	0.01026	0.00614	0.00666	0.00205	0.00819	0.00598	0.00325	0.00993
51	0.02551	0.01879	0.02014	0.01544	0.02081	0.02081	0.01275	0.69996	0.03155	0.04229	0.01611	0.01611	0.01141	0.00805	0.00671	0.00201	0.00738	0.00604	0.00671	0.01141
52	0.00919	0.00829	0.04574	0.00846	0.01070	0.00659	0.00689	0.01211	0.01752	0.02372	0.46744	0.05302	0.27685	0.01442	0.00784	0.00216	0.00359	0.01243	0.00677	0.00630
53	0.02006	0.01233	0.01496	0.01103	0.01670	0.01021	0.00896	0.07789	0.01706	0.25003	0.01694	0.01696	0.01220	0.00629	0.00568	0.00142	0.00540	0.00503	0.00559	0.48525
54	0.00862	0.00610	0.00798	0.00894	0.00967	0.00565	0.00613	0.00992	0.01388	0.01861	0.16064	0.52918	0.09855	0.01954	0.00955	0.05493	0.00385	0.01657	0.00622	0.00546
55	0.01718	0.61195	0.12812	0.01381	0.02019	0.02434	0.06673	0.02036	0.01388	0.01696	0.01002	0.01179	0.00872	0.00582	0.00486	0.00159	0.00786	0.00411	0.00291	0.00882
56	0.00817	0.00587	0.00775	0.00925	0.00971	0.00546	0.00619	0.00935	0.01294	0.01717	0.03813	0.73400	0.06945	0.02087	0.00854	0.00271	0.00387	0.01889	0.00623	0.00546
57	0.00960	0.00715	0.01057	0.01057	0.01170	0.00827	0.00812	0.01185	0.01072	0.01542	0.01817	0.02743	0.01724	0.09379	0.69477	0.01052	0.01727	0.00735	0.00362	0.00587
58	0.01170	0.00950	0.01398	0.14140	0.17381	0.00999	0.01036	0.01342	0.01178	0.01592	0.01849	0.07062	0.01972	0.42687	0.02199	0.00457	0.00711	0.00875	0.00383	0.00618
59	0.36080	0.01812	0.08891	0.01942	0.13755	0.08067	0.12309	0.02125	0.01393	0.04573	0.01143	0.01388	0.00885	0.00636	0.00604	0.00208	0.02449	0.00505	0.00380	0.00855
60	0.21623	0.13970	0.25585	0.01750	0.09236	0.09384	0.03225	0.04323	0.01462	0.02287	0.01100	0.01301	0.00857	0.00629	0.00554	0.00195	0.00829	0.00456	0.00342	0.00892
61	0.06357	0.01984	0.18369	0.08813	0.28153	0.03710	0.04264	0.04366	0.01528	0.08478	0.01327	0.01614	0.01015	0.00687	0.00764	0.00213	0.06442	0.00569	0.00376	0.00971
62	0.05519	0.08677	0.05536	0.01759	0.14985	0.03093	0.02976	0.11028	0.03206	0.02438	0.12001	0.14605	0.02375	0.00994	0.00667	0.00201	0.00624	0.00857	0.00498	0.07960
63	0.09709	0.12684	0.08980	0.01629	0.04113	0.06392	0.07419	0.24236	0.13305	0.02896	0.01523	0.01605	0.01150	0.00721	0.00617	0.00199	0.00770	0.00566	0.00497	0.00988

[dist]
# distance from previous block
# <min> <max>
0	17

[block]
# block no. 1 follows, 32 sequences, length 38
# corresponding to MSA columns:
# 100-137
name=unknown_B
#
# <colnr> <probs for GDERKNQSTAVLIFYWHMCP>
#	G	D	E	R	K	N	Q	S	T	A	V	L	I	F	Y	W	H	M	C	P
0	0.50814	0.01466	0.01420	0.01249	0.04371	0.04299	0.03449	0.12094	0.01594	0.11825	0.01281	0.01369	0.00934	0.00675	0.00516	0.00206	0.00617	0.00465	0.00496	0.00861
1	0.16033	0.01342	0.01480	0.01148	0.01660	0.01301	0.00935	0.16751	0.04831	0.18477	0.03736	0.01739	0.01331	0.00703	0.00576	0.00173	0.00565	0.00537	0.00578	0.26104
2	0.00936	0.00740	0.00856	0.00889	0.01058	0.00704	0.00651	0.01314	0.09517	0.02031	0.14780	0.29021	0.29151	0.01700	0.00806	0.00243	0.00385	0.03944	0.00647	0.00628
3	0.01669	0.01441	0.01517	0.01365	0.01745	0.01669	0.01062	0.03565	0.71021	0.02807	0.02731	0.02503	0.02048	0.00910	0.00683	0.00228	0.00531	0.00759	0.00683	0.01062
4	0.01848	0.01710	0.01606	0.01428	0.01814	0.11354	0.01110	0.08469	0.56630	0.02758	0.02419	0.02263	0.01821	0.00873	0.00671	0.00218	0.00638	0.00703	0.00637	0.01030
5	0.01580	0.01515	0.02566	0.17104	0.56961	0.01593	0.02000	0.01978	0.01474	0.02081	0.01234	0.01677	0.01025	0.00634	0.00726	0.00207	0.03732	0.00597	0.00324	0.00991
6	0.01669	0.01441	0.01517	0.01365	0.01745	0.01669	0.01062	0.03565	0.71021	0.02807	0.02731	0.02503	0.02048	0.00910	0.00683	0.00228	0.00531	0.00759	0.00683	0.01062
7	0.00818	0.00584	0.00779	0.00934	0.00973	0.00545	0.00623	0.00934	0.01285	0.01713	0.03698	0.75981	0.04438	0.02102	0.00856	0.00273	0.00389	0.01908	0.00623	0.00545
8	0.02551	0.01879	0.02014	0.01544	0.02081	0.02081	0.01275	0.69996	0.03155	0.04229	0.01611	0.01611	0.01141	0.00805	0.00671	0.00201	0.00738	0.00604	0.00671	0.01141
9	0.01646	0.01580	0.02697	0.06710	0.69754	0.01590	0.02052	0.02047	0.01521	0.02175	0.01260	0.01665	0.01057	0.00601	0.00665	0.00200	0.00801	0.00598	0.00331	0.01051
10	0.01661	0.01594	0.02724	0.04119	0.72233	0.01594	0.02059	0.02059	0.01528	0.02192	0.01262	0.01661	0.01063	0.00598	0.00664	0.00199	0.00797	0.00598	0.00332	0.01063
11	0.01266	0.01163	0.01939	0.70900	0.04419	0.01445	0.01790	0.01706	0.01345	0.01756	0.01245	0.01826	0.00938	0.00677	0.00660	0.00220	0.00864	0.00598	0.04503	0.00739
12	0.02807	0.01244	0.01802	0.01369	0.01899	0.01120	0.07562	0.05668	0.04528	0.60788	0.02489	0.02222	0.01595	0.00807	0.00686	0.00210	0.00629	0.00686	0.00772	0.01116
13	0.01648	0.01630	0.02930	0.03903	0.60748	0.01611	0.13380	0.02074	0.01537	0.02185	0.01278	0.01686	0.01055	0.00592	0.00686	0.00204	0.00853	0.00630	0.00333	0.01036
14	0.01661	0.01594	0.02724	0.04119	0.72233	0.01594	0.02059	0.02059	0.01528	0.02192	0.01262	0.01661	0.01063	0.00598	0.00664	0.00199	0.00797	0.00598	0.00332	0.01063
15	0.00793	0.00680	0.00680	0.00680	0.00906	0.00566	0.00510	0.00963	0.01529	0.01813	0.06797	0.06457	0.71961	0.01699	0.00793	0.00227	0.00340	0.01416	0.00623	0.00566
16	0.01409	0.03382	0.70214	0.01885	0.02859	0.01536	0.02422	0.02169	0.01436	0.04823	0.01259	0.01450	0.00881	0.00645	0.00639	0.00212	0.00976	0.00503	0.00304	0.00997
17	0.01267	0.01193	0.02013	0.74806	0.04621	0.01491	0.01863	0.01714	0.01342	0.01714	0.01193	0.01789	0.00894	0.00671	0.00671	0.00224	0.00894	0.00596	0.00298	0.00745
18	0.02508	0.03149	0.01906	0.01722	0.02075	0.71089	0.01296	0.05156	0.01948	0.01737	0.01058	0.01225	0.00874	0.00696	0.00607	0.00174	0.01193	0.00438	0.00358	0.00791
19	0.00828	0.00609	0.00779	0.00911	0.00985	0.00560	0.00630	0.00963	0.01336	0.01744	0.04165	0.61733	0.14747	0.02027	0.00850	0.00267	0.00394	0.05298	0.00623	0.00552
20	0.01597	0.01529	0.02609	0.15533	0.61316	0.01578	0.02028	0.02004	0.01498	0.02115	0.01251	0.01681	0.01036	0.00610	0.00665	0.00203	0.00813	0.00598	0.00327	0.01012
21	0.00959	0.00719	0.01078	0.01078	0.01198	0.00839	0.00839	0.01198	0.01078	0.01558	0.01797	0.02636	0.01677	0.05032	0.73760	0.01078	0.01797	0.00719	0.00359	0.00599
22	0.02526	0.01117	0.01421	0.01135	0.01566	0.03662	0.00918	0.02795	0.01915	0.54189	0.18228	0.02860	0.02686	0.00948	0.00698	0.00207	0.00538	0.00787	0.00791	0.01013
23	0.01564	0.02854	0.50134	0.02011	0.02876	0.01534	0.15800	0.02282	0.03519	0.08966	0.01419	0.01611	0.00997	0.00650	0.00673	0.00215	0.00966	0.00580	0.00359	0.00991
24	0.01577	0.01764	0.03765	0.06018	0.09742	0.01679	0.60797	0.02123	0.01568	0.02135	0.01342	0.01796	0.01017	0.00573	0.00775	0.00224	0.01091	0.00766	0.00337	0.00912
25	0.01267	0.01193	0.02013	0.74806	0.04621	0.01491	0.01863	0.01714	0.01342	0.01714	0.01193	0.01789	0.00894	0.00671	0.00671	0.00224	0.00894	0.00596	0.00298	0.00745
26	0.01619	0.01551	0.02648	0.11660	0.65020	0.01583	0.02038	0.02022	0.01508	0.02141	0.01255	0.01674	0.01045	0.00606	0.00665	0.00202	0.00808	0.00598	0.00329	0.01029
27	0.00818	0.00584	0.00779	0.00934	0.00973	0.00545	0.00623	0.00934	0.01285	0.01713	0.03698	0.75981	0.04438	0.02102	0.00856	0.00273	0.00389	0.01908	0.00623	0.00545
28	0.00818	0.00584	0.00779	0.00934	0.00973	0.00545	0.00623	0.00934	0.01285	0.01713	0.03698	0.75981	0.04438	0.02102	0.00856	0.00273	0.00389	0.01908	0.00623	0.00545
29	0.01346	0.00943	0.01112	0.01020	0.01278	0.00955	0.00779	0.02081	0.21772	0.09891	0.32137	0.09609	0.11805	0.01274	0.00753	0.00222	0.00413	0.01102	0.00710	0.00796
30	0.01730	0.66353	0.13425	0.01257	0.01891	0.02498	0.01338	0.02026	0.01371	0.01657	0.00972	0.01125	0.00859	0.00583	0.00460	0.00153	0.00757	0.00378	0.00286	0.00880
31	0.01197	0.00720	0.00947	0.00915	0.01091	0.00654	0.00676	0.01440	0.01705	0.12297	0.39299	0.25846	0.07549	0.01525	0.00794	0.00229	0.00375	0.01352	0.00713	0.00677
32	0.04698	0.01773	0.03427	0.02488	0.03117	0.01736	0.53629	0.10767	0.06785	0.02490	0.01473	0.01808	0.01097	0.00623	0.00755	0.00223	0.01016	0.00750	0.00409	0.00939
33	0.02665	0.09230	0.01959	0.01572	0.09819	0.01382	0.01166	0.12238	0.01988	0.47709	0.02166	0.01993	0.01437	0.00774	0.00647	0.00199	0.00635	0.00623	0.00695	0.01103
34	0.04597	0.01630	0.02603	0.03392	0.50507	0.05135	0.08725	0.02247	0.01588	0.10979	0.01422	0.01711	0.01111	0.00629	0.00667	0.00202	0.00814	0.00611	0.00399	0.01031
35	0.01275	0.01022	0.03302	0.04975	0.06791	0.01002	0.00996	0.07328	0.05864	0.05439	0.13463	0.30703	0.06013	0.01461	0.00835	0.00243	0.03366	0.04585	0.00597	0.00741
36	0.01426	0.08953	0.62194	0.01786	0.02696	0.01587	0.02251	0.02125	0.01449	0.04695	0.03941	0.01560	0.01090	0.00668	0.00629	0.00207	0.00929	0.00519	0.00321	0.00973
37	0.02131	0.22932	0.09806	0.01559	0.02074	0.30105	0.04028	0.10785	0.01838	0.04823	0.01338	0.01460	0.02956	0.00697	0.00585	0.00178	0.00941	0.00492	0.00391	0.00881

[dist]
# distance from previous block
# <min> <max>
0	3

[block]
# block no. 2 follows, 32 sequences, length 7
# corresponding to MSA columns:
# 141-147
name=unknown_C
#
# <colnr> <probs for GDERKNQSTAVLIFYWHMCP>
#	G	D	E	R	K	N	Q	S	T	A	V	L	I	F	Y	W	H	M	C	P
0	0.16267	0.30210	0.18588	0.01377	0.01992	0.08517	0.01405	0.10712	0.01611	0.02305	0.01091	0.01236	0.00870	0.00637	0.00521	0.00181	0.00791	0.00429	0.00363	0.00895
1	0.10858	0.16022	0.01561	0.01160	0.01443	0.01273	0.01028	0.01676	0.04990	0.02075	0.02808	0.05194	0.05592	0.01396	0.00749	0.00256	0.00610	0.40078	0.00531	0.00700
2	0.16027	0.21647	0.26789	0.01437	0.02105	0.06992	0.01541	0.06681	0.01543	0.07830	0.01215	0.01337	0.00915	0.00649	0.00547	0.00190	0.00802	0.00454	0.00381	0.00917
3	0.00945	0.00707	0.00899	0.00972	0.01132	0.00661	0.00783	0.01194	0.01577	0.02051	0.17703	0.15182	0.22923	0.01749	0.00856	0.00263	0.00456	0.28706	0.00643	0.00598
4	0.01748	0.42803	0.19291	0.01577	0.02246	0.05407	0.09712	0.06573	0.01544	0.01950	0.01095	0.01284	0.00896	0.00608	0.00545	0.00174	0.00853	0.00462	0.00320	0.00911
5	0.01346	0.06469	0.01417	0.03575	0.01490	0.01072	0.03595	0.08530	0.05536	0.06098	0.25956	0.10885	0.12492	0.01252	0.00739	0.00216	0.00498	0.04469	0.00625	0.03740
6	0.01778	0.45444	0.11620	0.01266	0.01819	0.07239	0.01257	0.04872	0.01581	0.05734	0.10131	0.01717	0.01611	0.00715	0.00538	0.00169	0.00729	0.00517	0.00394	0.00869

[dist]
# distance from previous block
# <min> <max>
1	18

[block]
# block no. 3 follows, 32 sequences, length 18
# corresponding to MSA columns:
# 166-183
name=unknown_D
#
# <colnr> <probs for GDERKNQSTAVLIFYWHMCP>
#	G	D	E	R	K	N	Q	S	T	A	V	L	I	F	Y	W	H	M	C	P
0	0.01622	0.06106	0.12286	0.03311	0.48317	0.01662	0.05383	0.02220	0.08409	0.02207	0.01386	0.01686	0.01118	0.00631	0.00656	0.00202	0.00810	0.00596	0.00358	0.01034
1	0.23796	0.01872	0.08142	0.04661	0.02001	0.07586	0.01229	0.26089	0.13016	0.03155	0.01500	0.01567	0.01111	0.00741	0.00594	0.00207	0.00714	0.00538	0.00524	0.00954
2	0.02075	0.01742	0.02206	0.01918	0.09366	0.13936	0.15081	0.11178	0.01875	0.15985	0.03670	0.05540	0.01457	0.00766	0.00676	0.00194	0.00816	0.00684	0.00511	0.10325
3	0.00992	0.00755	0.01032	0.01265	0.07581	0.00729	0.00815	0.04166	0.01424	0.01898	0.03526	0.56807	0.07331	0.01866	0.00833	0.00263	0.00458	0.07035	0.00598	0.00626
4	0.03896	0.02255	0.26524	0.05128	0.05366	0.01685	0.06385	0.19993	0.12856	0.06824	0.01638	0.01733	0.01180	0.00730	0.00663	0.00212	0.00814	0.00601	0.00488	0.01029
5	0.01479	0.01377	0.02071	0.15140	0.26298	0.04342	0.06387	0.05015	0.07865	0.02135	0.01963	0.15397	0.01878	0.00991	0.00723	0.00226	0.00745	0.04655	0.00443	0.00870
6	0.00975	0.00733	0.00919	0.00935	0.01106	0.00696	0.00731	0.01325	0.05187	0.02300	0.35447	0.11908	0.17372	0.01579	0.00822	0.00242	0.00405	0.16009	0.00678	0.00632
7	0.01588	0.01520	0.02591	0.17258	0.59665	0.01575	0.02023	0.01995	0.01493	0.02103	0.01249	0.01685	0.01032	0.00611	0.00665	0.00204	0.00815	0.00598	0.00326	0.01004
8	0.01813	0.22918	0.36011	0.01688	0.06274	0.01747	0.01799	0.02314	0.01507	0.15835	0.01417	0.01508	0.01024	0.00656	0.00590	0.00192	0.00823	0.00499	0.00395	0.00990
9	0.02867	0.01204	0.01565	0.01207	0.01710	0.01098	0.00995	0.11127	0.02042	0.61017	0.02501	0.02215	0.01602	0.00825	0.00664	0.00204	0.00578	0.00664	0.04801	0.01116
10	0.00855	0.00640	0.00777	0.00869	0.00972	0.00587	0.00615	0.00996	0.01352	0.01730	0.04429	0.40403	0.24133	0.09949	0.01120	0.00303	0.00427	0.08699	0.00599	0.00544
11	0.01283	0.00729	0.00973	0.00924	0.00980	0.00750	0.00630	0.08139	0.01128	0.01507	0.01351	0.02338	0.01349	0.12979	0.02533	0.60412	0.00609	0.00642	0.00348	0.00397
12	0.05205	0.02131	0.02137	0.04140	0.12651	0.22012	0.05655	0.27750	0.06901	0.02856	0.01420	0.01564	0.01082	0.00724	0.00650	0.00197	0.00886	0.00568	0.00489	0.00980
13	0.01695	0.00894	0.01150	0.00979	0.01281	0.00814	0.00770	0.05229	0.01935	0.25848	0.39896	0.04071	0.10262	0.01194	0.00747	0.00211	0.00423	0.01023	0.00756	0.00820
14	0.00841	0.00631	0.00785	0.00889	0.00994	0.00575	0.00634	0.00999	0.01404	0.01816	0.08037	0.47901	0.22363	0.01936	0.00842	0.00260	0.00392	0.07512	0.00628	0.00562
15	0.01518	0.31685	0.46238	0.01618	0.02449	0.01980	0.01967	0.02080	0.01396	0.01915	0.01100	0.01286	0.00854	0.00613	0.00558	0.00186	0.00886	0.00443	0.00285	0.00941
16	0.01794	0.76823	0.03516	0.01148	0.01722	0.02655	0.01148	0.02009	0.01363	0.01579	0.00933	0.01076	0.00861	0.00574	0.00431	0.00144	0.00718	0.00359	0.00287	0.00861
17	0.01764	0.01342	0.01457	0.01266	0.01648	0.01477	0.00996	0.11965	0.43835	0.09064	0.07743	0.02952	0.09520	0.01004	0.00700	0.00221	0.00527	0.00831	0.00692	0.00998

[dist]
# distance from previous block
# <min> <max>
0	1

[block]
# block no. 4 follows, 32 sequences, length 7
# corresponding to MSA columns:
# 185-187,190-193
name=unknown_E
#
# <colnr> <probs for GDERKNQSTAVLIFYWHMCP>
#	G	D	E	R	K	N	Q	S	T	A	V	L	I	F	Y	W	H	M	C	P
0	0.02375	0.01575	0.01947	0.01523	0.02030	0.01661	0.07206	0.30587	0.18901	0.21708	0.02129	0.02019	0.01484	0.00816	0.00686	0.00211	0.00680	0.00676	0.00687	0.01102
1	0.02488	0.01807	0.01985	0.01550	0.02062	0.06986	0.04802	0.44215	0.09311	0.15080	0.01835	0.01789	0.01288	0.00799	0.00674	0.00204	0.00745	0.00628	0.00658	0.01095
2	0.01794	0.05022	0.06391	0.02188	0.02742	0.03792	0.36281	0.09899	0.04639	0.06875	0.01430	0.01727	0.01080	0.00706	0.00907	0.00222	0.10240	0.00683	0.00414	0.02970
3	0.42752	0.08546	0.10203	0.01195	0.01699	0.13833	0.01090	0.02149	0.01372	0.05300	0.01070	0.01217	0.00832	0.00632	0.00492	0.00190	0.00712	0.00406	0.00392	0.05922
4	0.00877	0.00622	0.00824	0.00964	0.01018	0.00593	0.00677	0.01013	0.01297	0.01721	0.03519	0.57672	0.04147	0.09364	0.01119	0.00316	0.00453	0.12661	0.00601	0.00543
5	0.01140	0.00893	0.00995	0.00906	0.01165	0.00861	0.00685	0.03911	0.13377	0.02342	0.21737	0.06532	0.23351	0.05234	0.00860	0.00229	0.00411	0.01065	0.05780	0.08527
6	0.00924	0.00765	0.01151	0.01089	0.01262	0.00699	0.08735	0.01138	0.01472	0.01946	0.15308	0.40991	0.18502	0.01717	0.00825	0.00247	0.00454	0.01559	0.00609	0.00606

[dist]
# distance from previous block
# <min> <max>
0	2

[block]
# block no. 5 follows, 32 sequences, length 12
# corresponding to MSA columns:
# 197-208
name=unknown_F
#
# <colnr> <probs for GDERKNQSTAVLIFYWHMCP>
#	G	D	E	R	K	N	Q	S	T	A	V	L	I	F	Y	W	H	M	C	P
0	0.04240	0.02124	0.06767	0.01626	0.05320	0.22973	0.01277	0.08635	0.29328	0.05640	0.01854	0.01844	0.01402	0.00778	0.00641	0.00201	0.00795	0.00597	0.00527	0.03430
1	0.76142	0.01434	0.05509	0.00947	0.01399	0.01509	0.00837	0.01982	0.01159	0.02955	0.00951	0.01111	0.00734	0.00624	0.00429	0.00208	0.00549	0.00372	0.00407	0.00743
2	0.02102	0.01656	0.02968	0.02173	0.02774	0.03866	0.40123	0.07832	0.04141	0.22609	0.01784	0.01934	0.01242	0.00676	0.00739	0.00217	0.00922	0.00731	0.00518	0.00993
3	0.81159	0.01298	0.00986	0.00882	0.01298	0.01505	0.00727	0.01972	0.01142	0.03010	0.00934	0.01090	0.00727	0.00623	0.00415	0.00208	0.00519	0.00363	0.00415	0.00727
4	0.01669	0.01441	0.01517	0.01365	0.01745	0.01669	0.01062	0.03565	0.71021	0.02807	0.02731	0.02503	0.02048	0.00910	0.00683	0.00228	0.00531	0.00759	0.00683	0.01062
5	0.01544	0.01327	0.01401	0.01269	0.01623	0.01506	0.00984	0.03186	0.60551	0.02696	0.06243	0.03036	0.09675	0.01015	0.00699	0.00227	0.00501	0.00849	0.00679	0.00990
6	0.00827	0.00588	0.00776	0.00923	0.00959	0.00551	0.00611	0.00937	0.01267	0.01689	0.03608	0.71898	0.04324	0.06341	0.01002	0.00294	0.00404	0.01854	0.00611	0.00537
7	0.81159	0.01298	0.00986	0.00882	0.01298	0.01505	0.00727	0.01972	0.01142	0.03010	0.00934	0.01090	0.00727	0.00623	0.00415	0.00208	0.00519	0.00363	0.00415	0.00727
8	0.72797	0.01360	0.01095	0.00953	0.01381	0.01566	0.00785	0.09208	0.01356	0.03140	0.01006	0.01145	0.00771	0.00642	0.00442	0.00207	0.00542	0.00389	0.00442	0.00771
9	0.01556	0.01332	0.01960	0.01636	0.09423	0.01105	0.12114	0.01906	0.01471	0.06743	0.01321	0.01546	0.01048	0.00540	0.00574	0.00138	0.00636	0.00501	0.00409	0.54042
10	0.01041	0.00754	0.00963	0.00935	0.01031	0.00806	0.00668	0.02926	0.03005	0.01725	0.11500	0.03843	0.06090	0.30319	0.23778	0.03648	0.03185	0.02774	0.00459	0.00549
11	0.01034	0.00703	0.00806	0.00786	0.00820	0.00714	0.00472	0.03663	0.01109	0.01493	0.05430	0.04226	0.02538	0.66345	0.06685	0.00633	0.00695	0.00960	0.00430	0.00455

[dist]
# distance from previous block
# <min> <max>
0	1

# created by:
# /home/berkeley/.conda/envs/busco_data_prod/bin/msa2prfl.pl pipeline/OGs_align_augustus/4893/22125.fs
