[name]
unknown

[dist]
# distance from previous block
# <min> <max>
4	10

[block]
# block no. 0 follows, 33 sequences, length 38
# corresponding to MSA columns:
# 10-47
name=unknown_A
#
# <colnr> <probs for GDERKNQSTAVLIFYWHMCP>
#	G	D	E	R	K	N	Q	S	T	A	V	L	I	F	Y	W	H	M	C	P
0	0.60820	0.01369	0.01169	0.00996	0.01427	0.03844	0.00817	0.08743	0.01437	0.12407	0.01208	0.01279	0.00879	0.00658	0.00472	0.00202	0.00559	0.00422	0.00484	0.00808
1	0.01624	0.01743	0.03767	0.02695	0.03353	0.01630	0.66899	0.02164	0.01570	0.05661	0.01395	0.01799	0.01030	0.00568	0.00771	0.00221	0.01082	0.00771	0.00357	0.00900
2	0.01365	0.01170	0.01365	0.00975	0.01560	0.00878	0.00780	0.01658	0.01365	0.02145	0.01170	0.01365	0.00975	0.00488	0.00488	0.00098	0.00488	0.00390	0.00390	0.80888
3	0.01554	0.01776	0.03885	0.02775	0.03441	0.01665	0.70366	0.02109	0.01554	0.02109	0.01332	0.01776	0.00999	0.00555	0.00777	0.00222	0.01110	0.00777	0.00333	0.00888
4	0.00900	0.00625	0.00821	0.00921	0.01009	0.00573	0.00638	0.01047	0.01341	0.03833	0.08763	0.62333	0.06200	0.01900	0.00818	0.00255	0.00391	0.03651	0.00618	0.03365
5	0.02285	0.01905	0.01842	0.01495	0.01960	0.11237	0.01203	0.45392	0.19705	0.03481	0.01777	0.01744	0.01303	0.00801	0.00653	0.00200	0.00734	0.00608	0.00620	0.01055
6	0.05824	0.01805	0.01916	0.01481	0.01997	0.02004	0.01221	0.65318	0.05394	0.04050	0.01591	0.01589	0.01133	0.00786	0.00648	0.00199	0.00708	0.00588	0.00648	0.01100
7	0.01596	0.06914	0.18580	0.02387	0.03096	0.03917	0.46823	0.02151	0.01527	0.04620	0.01309	0.01646	0.00972	0.00584	0.00712	0.00212	0.01038	0.00673	0.00336	0.00908
8	0.01554	0.01776	0.03885	0.02775	0.03441	0.01665	0.70366	0.02109	0.01554	0.02109	0.01332	0.01776	0.00999	0.00555	0.00777	0.00222	0.01110	0.00777	0.00333	0.00888
9	0.01629	0.01564	0.02672	0.04041	0.72757	0.01564	0.02020	0.02020	0.01499	0.02151	0.01238	0.01629	0.01043	0.00587	0.00652	0.00196	0.00782	0.00587	0.00326	0.01043
10	0.00802	0.00660	0.00706	0.00711	0.00908	0.00564	0.00527	0.00986	0.01533	0.01895	0.15965	0.11902	0.57255	0.01653	0.00783	0.00224	0.00334	0.01400	0.00628	0.00564
11	0.02035	0.01760	0.02839	0.02160	0.04975	0.03773	0.33849	0.25783	0.04563	0.09140	0.01565	0.01752	0.01129	0.00675	0.00713	0.00210	0.00899	0.00686	0.00499	0.00995
12	0.02864	0.01272	0.01549	0.01215	0.01706	0.06037	0.00992	0.03181	0.04839	0.65297	0.02492	0.02177	0.01592	0.00809	0.00658	0.00202	0.00602	0.00649	0.00776	0.01092
13	0.02954	0.01120	0.01528	0.01171	0.01681	0.00968	0.00968	0.03208	0.01884	0.73213	0.02597	0.02241	0.01630	0.00815	0.00662	0.00204	0.00560	0.00662	0.00815	0.01120
14	0.01320	0.03405	0.73453	0.01876	0.02849	0.01529	0.02432	0.02085	0.01390	0.02085	0.01181	0.01390	0.00834	0.00625	0.00625	0.00208	0.00973	0.00486	0.00278	0.00973
15	0.02597	0.01243	0.01549	0.01237	0.01713	0.01207	0.01005	0.07915	0.19184	0.51052	0.02548	0.02249	0.01688	0.00832	0.00664	0.00208	0.00562	0.00678	0.00768	0.01101
16	0.01320	0.03405	0.73453	0.01876	0.02849	0.01529	0.02432	0.02085	0.01390	0.02085	0.01181	0.01390	0.00834	0.00625	0.00625	0.00208	0.00973	0.00486	0.00278	0.00973
17	0.00802	0.00573	0.00764	0.00917	0.00955	0.00535	0.00611	0.00917	0.01260	0.01681	0.03628	0.76434	0.04354	0.02062	0.00840	0.00267	0.00382	0.01872	0.00611	0.00535
18	0.01760	0.77260	0.03450	0.01126	0.01690	0.02605	0.01126	0.01971	0.01338	0.01549	0.00915	0.01056	0.00845	0.00563	0.00422	0.00141	0.00704	0.00352	0.00282	0.00845
19	0.00802	0.00573	0.00764	0.00917	0.00955	0.00535	0.00611	0.00917	0.01260	0.01681	0.03628	0.76434	0.04354	0.02062	0.00840	0.00267	0.00382	0.01872	0.00611	0.00535
20	0.00932	0.00673	0.00880	0.00828	0.00984	0.00621	0.00621	0.01242	0.01863	0.02640	0.72410	0.04918	0.06212	0.01346	0.00776	0.00207	0.00311	0.01191	0.00725	0.00621
21	0.01637	0.01414	0.01489	0.01340	0.01712	0.01637	0.01042	0.03498	0.71568	0.02754	0.02679	0.02456	0.02010	0.00893	0.00670	0.00223	0.00521	0.00744	0.00670	0.01042
22	0.01760	0.77260	0.03450	0.01126	0.01690	0.02605	0.01126	0.01971	0.01338	0.01549	0.00915	0.01056	0.00845	0.00563	0.00422	0.00141	0.00704	0.00352	0.00282	0.00845
23	0.01061	0.00758	0.01061	0.01212	0.01364	0.00758	0.01061	0.01364	0.01515	0.01970	0.03486	0.07426	0.03789	0.01819	0.00909	0.00303	0.00606	0.68326	0.00606	0.00606
24	0.00957	0.00638	0.00718	0.00718	0.00718	0.00638	0.00399	0.00957	0.00957	0.01276	0.02074	0.04308	0.02393	0.76864	0.03351	0.00638	0.00638	0.00957	0.00399	0.00399
25	0.02459	0.03138	0.01866	0.01696	0.02035	0.74221	0.01272	0.02629	0.01866	0.01611	0.01018	0.01187	0.00848	0.00678	0.00594	0.00170	0.01187	0.00424	0.00339	0.00763
26	0.01596	0.01530	0.02612	0.10181	0.66877	0.01555	0.02004	0.01991	0.01483	0.02110	0.01232	0.01640	0.01029	0.00593	0.00652	0.00198	0.00790	0.00586	0.00323	0.01016
27	0.00802	0.00573	0.00764	0.00917	0.00955	0.00535	0.00611	0.00917	0.01260	0.01681	0.03628	0.76434	0.04354	0.02062	0.00840	0.00267	0.00382	0.01872	0.00611	0.00535
28	0.00932	0.00673	0.00880	0.00828	0.00984	0.00621	0.00621	0.01242	0.01863	0.02640	0.72410	0.04918	0.06212	0.01346	0.00776	0.00207	0.00311	0.01191	0.00725	0.00621
29	0.01957	0.56796	0.03028	0.01263	0.01785	0.14289	0.01164	0.09634	0.01618	0.01845	0.01005	0.01135	0.00876	0.00607	0.00477	0.00152	0.00786	0.00390	0.00333	0.00862
30	0.02459	0.03138	0.01866	0.01696	0.02035	0.74221	0.01272	0.02629	0.01866	0.01611	0.01018	0.01187	0.00848	0.00678	0.00594	0.00170	0.01187	0.00424	0.00339	0.00763
31	0.01227	0.00614	0.00614	0.00614	0.00767	0.00614	0.00460	0.01534	0.01381	0.02454	0.02148	0.02454	0.01687	0.00767	0.00460	0.00153	0.00307	0.00614	0.80518	0.00614
32	0.01262	0.01179	0.01676	0.01490	0.01532	0.01592	0.01221	0.01439	0.01026	0.01564	0.01184	0.01848	0.01142	0.02499	0.27806	0.00562	0.49373	0.00622	0.00311	0.00673
33	0.01580	0.01537	0.02681	0.07944	0.53956	0.01551	0.10837	0.02066	0.04997	0.02142	0.01385	0.01869	0.01157	0.00639	0.00677	0.00205	0.00812	0.02624	0.00350	0.00991
34	0.01629	0.01564	0.02672	0.04041	0.72757	0.01564	0.02020	0.02020	0.01499	0.02151	0.01238	0.01629	0.01043	0.00587	0.00652	0.00196	0.00782	0.00587	0.00326	0.01043
35	0.01227	0.00614	0.00614	0.00614	0.00767	0.00614	0.00460	0.01534	0.01381	0.02454	0.02148	0.02454	0.01687	0.00767	0.00460	0.00153	0.00307	0.00614	0.80518	0.00614
36	0.00784	0.00667	0.00675	0.00673	0.00893	0.00558	0.00505	0.00956	0.01514	0.01811	0.09163	0.06282	0.69975	0.01655	0.00778	0.00222	0.00333	0.01382	0.00616	0.00558
37	0.02066	0.09704	0.10317	0.01814	0.02344	0.28357	0.15024	0.12505	0.05450	0.04335	0.01304	0.01468	0.00999	0.00669	0.00632	0.00189	0.00980	0.00542	0.00404	0.00897

[dist]
# distance from previous block
# <min> <max>
1	2

[block]
# block no. 1 follows, 33 sequences, length 45
# corresponding to MSA columns:
# 50-94
name=unknown_B
#
# <colnr> <probs for GDERKNQSTAVLIFYWHMCP>
#	G	D	E	R	K	N	Q	S	T	A	V	L	I	F	Y	W	H	M	C	P
0	0.04549	0.01978	0.02059	0.01629	0.02111	0.16414	0.09486	0.36616	0.06957	0.06903	0.01696	0.01745	0.03256	0.00769	0.00657	0.00198	0.00824	0.00611	0.00556	0.00986
1	0.00940	0.00705	0.01058	0.01058	0.01176	0.00823	0.00823	0.01176	0.01058	0.01528	0.01763	0.02586	0.01646	0.04937	0.74255	0.01058	0.01763	0.00705	0.00353	0.00588
2	0.02337	0.02165	0.01780	0.01502	0.01928	0.29308	0.01178	0.23424	0.15389	0.09761	0.01664	0.01656	0.01231	0.00761	0.00632	0.00190	0.00839	0.00558	0.00547	0.03150
3	0.01525	0.28273	0.45375	0.01631	0.02441	0.01881	0.04144	0.02081	0.01392	0.04023	0.01138	0.01315	0.00867	0.00608	0.00563	0.00186	0.00874	0.00456	0.00297	0.00931
4	0.81514	0.01273	0.00968	0.00866	0.01273	0.01477	0.00713	0.01935	0.01120	0.02954	0.00917	0.01069	0.00713	0.00611	0.00407	0.00204	0.00509	0.00356	0.00407	0.00713
5	0.01726	0.26258	0.29103	0.01578	0.02279	0.01818	0.07818	0.02323	0.07574	0.11427	0.01429	0.01525	0.01061	0.00648	0.00583	0.00189	0.00806	0.00516	0.00390	0.00950
6	0.00802	0.00573	0.00764	0.00917	0.00955	0.00535	0.00611	0.00917	0.01260	0.01681	0.03628	0.76434	0.04354	0.02062	0.00840	0.00267	0.00382	0.01872	0.00611	0.00535
7	0.02328	0.10300	0.02003	0.01597	0.01976	0.55593	0.01238	0.08064	0.07389	0.01898	0.01183	0.01305	0.00961	0.00693	0.00588	0.00173	0.01050	0.00455	0.00385	0.00822
8	0.01630	0.01552	0.02579	0.03829	0.67173	0.01570	0.01944	0.02137	0.07006	0.02198	0.01352	0.01694	0.01119	0.00611	0.00653	0.00198	0.00762	0.00599	0.00353	0.01043
9	0.11360	0.05109	0.03790	0.01538	0.01920	0.52722	0.01205	0.02607	0.07319	0.04850	0.01206	0.01321	0.00957	0.00688	0.00577	0.00179	0.01009	0.00451	0.00390	0.00803
10	0.01320	0.03405	0.73453	0.01876	0.02849	0.01529	0.02432	0.02085	0.01390	0.02085	0.01181	0.01390	0.00834	0.00625	0.00625	0.00208	0.00973	0.00486	0.00278	0.00973
11	0.02560	0.01752	0.01919	0.01471	0.01996	0.01906	0.01215	0.62035	0.02942	0.12893	0.01709	0.01664	0.01184	0.00793	0.00659	0.00198	0.00704	0.00601	0.00678	0.01120
12	0.04535	0.02122	0.01747	0.01488	0.01904	0.27674	0.01167	0.21690	0.19930	0.08535	0.01724	0.01703	0.01279	0.00773	0.00631	0.00195	0.00819	0.00570	0.00553	0.00961
13	0.01227	0.00614	0.00614	0.00614	0.00767	0.00614	0.00460	0.01534	0.01381	0.02454	0.02148	0.02454	0.01687	0.00767	0.00460	0.00153	0.00307	0.00614	0.80518	0.00614
14	0.00801	0.00596	0.00747	0.00861	0.00942	0.00542	0.00588	0.00933	0.01331	0.01733	0.06556	0.59264	0.18795	0.01955	0.00825	0.00256	0.00369	0.01747	0.00615	0.00542
15	0.01760	0.77260	0.03450	0.01126	0.01690	0.02605	0.01126	0.01971	0.01338	0.01549	0.00915	0.01056	0.00845	0.00563	0.00422	0.00141	0.00704	0.00352	0.00282	0.00845
16	0.01243	0.01170	0.01975	0.75282	0.04534	0.01463	0.01828	0.01682	0.01316	0.01682	0.01170	0.01755	0.00878	0.00658	0.00658	0.00219	0.00878	0.00585	0.00293	0.00731
17	0.01227	0.00614	0.00614	0.00614	0.00767	0.00614	0.00460	0.01534	0.01381	0.02454	0.02148	0.02454	0.01687	0.00767	0.00460	0.00153	0.00307	0.00614	0.80518	0.00614
18	0.00932	0.00673	0.00880	0.00828	0.00984	0.00621	0.00621	0.01242	0.01863	0.02640	0.72410	0.04918	0.06212	0.01346	0.00776	0.00207	0.00311	0.01191	0.00725	0.00621
19	0.02916	0.01182	0.01566	0.01200	0.01711	0.01058	0.00992	0.08899	0.01987	0.67378	0.02511	0.02185	0.01587	0.00813	0.00662	0.00203	0.00574	0.00656	0.00802	0.01120
20	0.01629	0.01564	0.02672	0.04041	0.72757	0.01564	0.02020	0.02020	0.01499	0.02151	0.01238	0.01629	0.01043	0.00587	0.00652	0.00196	0.00782	0.00587	0.00326	0.01043
21	0.00940	0.00705	0.01058	0.01058	0.01176	0.00823	0.00823	0.01176	0.01058	0.01528	0.01763	0.02586	0.01646	0.04937	0.74255	0.01058	0.01763	0.00705	0.00353	0.00588
22	0.00957	0.00638	0.00718	0.00718	0.00718	0.00638	0.00399	0.00957	0.00957	0.01276	0.02074	0.04308	0.02393	0.76864	0.03351	0.00638	0.00638	0.00957	0.00399	0.00399
23	0.01320	0.03405	0.73453	0.01876	0.02849	0.01529	0.02432	0.02085	0.01390	0.02085	0.01181	0.01390	0.00834	0.00625	0.00625	0.00208	0.00973	0.00486	0.00278	0.00973
24	0.01751	0.01389	0.01492	0.01325	0.01709	0.01580	0.01036	0.03473	0.65539	0.08850	0.02672	0.02438	0.01977	0.00886	0.00669	0.00222	0.00524	0.00737	0.00682	0.01049
25	0.02459	0.03138	0.01866	0.01696	0.02035	0.74221	0.01272	0.02629	0.01866	0.01611	0.01018	0.01187	0.00848	0.00678	0.00594	0.00170	0.01187	0.00424	0.00339	0.00763
26	0.00932	0.00673	0.00880	0.00828	0.00984	0.00621	0.00621	0.01242	0.01863	0.02640	0.72410	0.04918	0.06212	0.01346	0.00776	0.00207	0.00311	0.01191	0.00725	0.00621
27	0.01616	0.01602	0.02892	0.03812	0.60210	0.01582	0.14392	0.02036	0.01509	0.02143	0.01255	0.01656	0.01035	0.00581	0.00674	0.00200	0.00841	0.00621	0.00327	0.01015
28	0.00925	0.00673	0.00870	0.00821	0.00979	0.00618	0.00616	0.01229	0.01847	0.02601	0.69415	0.04982	0.09231	0.01361	0.00777	0.00208	0.00312	0.01200	0.00720	0.00618
29	0.81514	0.01273	0.00968	0.00866	0.01273	0.01477	0.00713	0.01935	0.01120	0.02954	0.00917	0.01069	0.00713	0.00611	0.00407	0.00204	0.00509	0.00356	0.00407	0.00713
30	0.01320	0.03405	0.73453	0.01876	0.02849	0.01529	0.02432	0.02085	0.01390	0.02085	0.01181	0.01390	0.00834	0.00625	0.00625	0.00208	0.00973	0.00486	0.00278	0.00973
31	0.02274	0.05973	0.02052	0.01731	0.02060	0.59722	0.04853	0.02462	0.01735	0.01631	0.01013	0.01239	0.00857	0.00718	0.00765	0.00184	0.09175	0.00456	0.00331	0.00768
32	0.01061	0.00758	0.01061	0.01212	0.01364	0.00758	0.01061	0.01364	0.01515	0.01970	0.03486	0.07426	0.03789	0.01819	0.00909	0.00303	0.00606	0.68326	0.00606	0.00606
33	0.01554	0.01776	0.03885	0.02775	0.03441	0.01665	0.70366	0.02109	0.01554	0.02109	0.01332	0.01776	0.00999	0.00555	0.00777	0.00222	0.01110	0.00777	0.00333	0.00888
34	0.01603	0.01631	0.03036	0.03458	0.44809	0.01603	0.25909	0.02128	0.05137	0.02167	0.01346	0.01723	0.01077	0.00591	0.00697	0.00206	0.00883	0.00661	0.00346	0.00988
35	0.00935	0.00677	0.00911	0.01051	0.01163	0.00653	0.00837	0.01152	0.01413	0.01839	0.03795	0.34877	0.09465	0.01904	0.00871	0.00282	0.00495	0.36497	0.00609	0.00574
36	0.81514	0.01273	0.00968	0.00866	0.01273	0.01477	0.00713	0.01935	0.01120	0.02954	0.00917	0.01069	0.00713	0.00611	0.00407	0.00204	0.00509	0.00356	0.00407	0.00713
37	0.01693	0.01986	0.03573	0.02608	0.03224	0.12855	0.59710	0.02189	0.01602	0.02032	0.01283	0.01685	0.00976	0.00574	0.00749	0.00214	0.01122	0.00722	0.00334	0.00869
38	0.02215	0.01902	0.01727	0.01466	0.01863	0.19898	0.01158	0.18081	0.24875	0.12821	0.01904	0.01855	0.01401	0.00819	0.00730	0.00205	0.04905	0.00609	0.00584	0.00983
39	0.00957	0.00638	0.00718	0.00718	0.00718	0.00638	0.00399	0.00957	0.00957	0.01276	0.02074	0.04308	0.02393	0.76864	0.03351	0.00638	0.00638	0.00957	0.00399	0.00399
40	0.15218	0.02148	0.01756	0.01475	0.01902	0.30765	0.03771	0.16924	0.05655	0.12143	0.01433	0.01483	0.01056	0.00716	0.00598	0.00190	0.00857	0.00511	0.00499	0.00898
41	0.11002	0.01572	0.01518	0.01225	0.01701	0.12633	0.00978	0.09385	0.10114	0.21285	0.01718	0.01689	0.01238	0.00697	0.00580	0.00174	0.00646	0.00526	0.00557	0.20760
42	0.31622	0.01273	0.01339	0.01085	0.01549	0.04684	0.00889	0.02715	0.01604	0.44101	0.01907	0.01762	0.01257	0.00734	0.00566	0.00202	0.00572	0.00539	0.00643	0.00954
43	0.61719	0.01329	0.01361	0.04574	0.16174	0.01494	0.01029	0.01942	0.01207	0.02736	0.00994	0.01213	0.00788	0.00608	0.00468	0.00203	0.00581	0.00413	0.00386	0.00782
44	0.01515	0.01298	0.02071	0.15276	0.39923	0.01350	0.01581	0.05094	0.01461	0.04919	0.01536	0.05232	0.01403	0.13259	0.01107	0.00276	0.00746	0.00704	0.00380	0.00869

[dist]
# distance from previous block
# <min> <max>
0	2

# created by:
# /home/berkeley/.conda/envs/busco_data_prod/bin/msa2prfl.pl pipeline/OGs_align_augustus/4893/22192.fs
