[name]
unknown

[dist]
# distance from previous block
# <min> <max>
0	27

[block]
# block no. 0 follows, 34 sequences, length 6
# corresponding to MSA columns:
# 27-32
name=unknown_A
#
# <colnr> <probs for GDERKNQSTAVLIFYWHMCP>
#	G	D	E	R	K	N	Q	S	T	A	V	L	I	F	Y	W	H	M	C	P
0	0.08104	0.01475	0.01720	0.05304	0.11975	0.06888	0.01223	0.20105	0.03784	0.16553	0.01825	0.04122	0.01479	0.00861	0.00686	0.00207	0.02670	0.07421	0.00548	0.03050
1	0.01470	0.01355	0.02147	0.33859	0.31587	0.01489	0.01732	0.05442	0.06813	0.02060	0.01308	0.01698	0.01027	0.00634	0.00636	0.00199	0.00771	0.00578	0.00351	0.04842
2	0.01488	0.01421	0.02421	0.25077	0.53022	0.01506	0.01928	0.01885	0.01419	0.01976	0.01196	0.01635	0.00976	0.00596	0.00642	0.00199	0.00795	0.00575	0.00310	0.00934
3	0.01275	0.01204	0.02037	0.65400	0.14363	0.01450	0.01822	0.01699	0.01318	0.01717	0.01158	0.01705	0.00885	0.00636	0.00645	0.00212	0.00848	0.00574	0.00292	0.00762
4	0.07771	0.01441	0.01906	0.23782	0.18417	0.03865	0.01469	0.15317	0.10234	0.04748	0.03789	0.01793	0.01258	0.00707	0.00629	0.00203	0.00724	0.00595	0.00448	0.00904
5	0.01258	0.01166	0.01863	0.48412	0.15580	0.01352	0.01610	0.01749	0.06647	0.01816	0.01799	0.05922	0.06560	0.00796	0.00664	0.00214	0.00754	0.00710	0.00360	0.00770

[dist]
# distance from previous block
# <min> <max>
1	6

[block]
# block no. 1 follows, 34 sequences, length 20
# corresponding to MSA columns:
# 39-58
name=unknown_B
#
# <colnr> <probs for GDERKNQSTAVLIFYWHMCP>
#	G	D	E	R	K	N	Q	S	T	A	V	L	I	F	Y	W	H	M	C	P
0	0.01759	0.06180	0.01783	0.05812	0.10278	0.01450	0.01141	0.21243	0.09032	0.06855	0.05166	0.05502	0.01566	0.00883	0.02632	0.00202	0.00641	0.00639	0.00515	0.16721
1	0.01809	0.01479	0.01704	0.07052	0.11682	0.08405	0.01180	0.16382	0.06107	0.09423	0.07965	0.02099	0.04691	0.00785	0.00678	0.00183	0.03193	0.00632	0.00509	0.14039
2	0.01619	0.06123	0.09460	0.16224	0.05941	0.18455	0.03223	0.02035	0.05216	0.01849	0.01167	0.01446	0.00938	0.00646	0.00684	0.00177	0.06009	0.00487	0.00338	0.17964
3	0.05038	0.10730	0.09404	0.01200	0.03878	0.04809	0.01033	0.02010	0.08980	0.11705	0.18447	0.02806	0.09468	0.00913	0.00627	0.00188	0.00559	0.00745	0.00535	0.06926
4	0.05534	0.01319	0.04933	0.01196	0.03326	0.10446	0.00953	0.01965	0.05454	0.15217	0.29785	0.03249	0.06309	0.01043	0.00758	0.00205	0.04436	0.02500	0.00598	0.00773
5	0.01727	0.77681	0.03386	0.01106	0.01658	0.02557	0.01106	0.01935	0.01313	0.01520	0.00898	0.01036	0.00829	0.00553	0.00415	0.00138	0.00691	0.00345	0.00276	0.00829
6	0.01296	0.03342	0.73944	0.01842	0.02797	0.01501	0.02387	0.02046	0.01364	0.02046	0.01160	0.01364	0.00818	0.00614	0.00614	0.00205	0.00955	0.00477	0.00273	0.00955
7	0.01464	0.22042	0.52327	0.01647	0.02467	0.05680	0.02004	0.02047	0.01376	0.01889	0.01085	0.01271	0.00822	0.00601	0.00562	0.00186	0.00900	0.00441	0.00277	0.00912
8	0.00771	0.00655	0.00664	0.00662	0.00877	0.00548	0.00496	0.00941	0.01489	0.01785	0.09631	0.06154	0.69890	0.01622	0.00764	0.00217	0.00326	0.01355	0.00605	0.00548
9	0.01678	0.01423	0.01501	0.01329	0.01707	0.01640	0.01040	0.09098	0.66314	0.02818	0.02540	0.02339	0.01899	0.00868	0.00657	0.00217	0.00528	0.00718	0.00657	0.01029
10	0.08388	0.63241	0.10815	0.01164	0.01747	0.02350	0.01210	0.01944	0.01301	0.01692	0.00927	0.01073	0.00817	0.00563	0.00435	0.00151	0.00704	0.00360	0.00286	0.00832
11	0.01224	0.01019	0.01175	0.00905	0.01353	0.00819	0.00714	0.04475	0.01506	0.02193	0.12149	0.02724	0.14803	0.00820	0.00577	0.00137	0.00437	0.00680	0.00480	0.51811
12	0.02456	0.01810	0.01939	0.01487	0.02004	0.02004	0.01228	0.71107	0.03038	0.04072	0.01551	0.01551	0.01099	0.00776	0.00646	0.00194	0.00711	0.00582	0.00646	0.01099
13	0.02456	0.01810	0.01939	0.01487	0.02004	0.02004	0.01228	0.71107	0.03038	0.04072	0.01551	0.01551	0.01099	0.00776	0.00646	0.00194	0.00711	0.00582	0.00646	0.01099
14	0.07162	0.09001	0.16736	0.01589	0.02087	0.43135	0.01434	0.08021	0.01746	0.01961	0.01063	0.01220	0.00843	0.00651	0.00569	0.00176	0.01004	0.00432	0.00346	0.00824
15	0.01339	0.10673	0.66987	0.01769	0.02684	0.01605	0.02261	0.02035	0.01359	0.01994	0.01134	0.01332	0.00820	0.00608	0.00594	0.00198	0.00929	0.00464	0.00273	0.00943
16	0.10522	0.27583	0.38755	0.01435	0.02155	0.01801	0.01685	0.01952	0.01340	0.01995	0.04564	0.01390	0.01068	0.00627	0.00531	0.00182	0.00784	0.00453	0.00310	0.00868
17	0.13068	0.12116	0.30247	0.01506	0.02155	0.09892	0.03560	0.10141	0.01611	0.05988	0.03260	0.01431	0.01034	0.00657	0.00569	0.00190	0.00816	0.00485	0.00383	0.00891
18	0.18157	0.07454	0.07624	0.01405	0.01894	0.09414	0.07623	0.21195	0.01914	0.08086	0.07898	0.01723	0.01433	0.00729	0.00592	0.00192	0.00721	0.00567	0.00493	0.00883
19	0.04368	0.07887	0.08261	0.01541	0.07169	0.05451	0.05085	0.17298	0.01832	0.07823	0.09844	0.03674	0.01807	0.03458	0.00760	0.00206	0.02663	0.02876	0.00491	0.07506

[dist]
# distance from previous block
# <min> <max>
1	9

[block]
# block no. 2 follows, 34 sequences, length 47
# corresponding to MSA columns:
# 68-114
name=unknown_C
#
# <colnr> <probs for GDERKNQSTAVLIFYWHMCP>
#	G	D	E	R	K	N	Q	S	T	A	V	L	I	F	Y	W	H	M	C	P
0	0.18819	0.13931	0.04339	0.03517	0.01599	0.03886	0.02805	0.07968	0.06615	0.05627	0.09914	0.09801	0.04846	0.00942	0.00599	0.00201	0.00581	0.02739	0.00495	0.00777
1	0.06215	0.29330	0.09058	0.03083	0.01791	0.07313	0.01173	0.10130	0.01631	0.08145	0.07533	0.01774	0.03774	0.00741	0.00605	0.00176	0.03515	0.00537	0.00426	0.03049
2	0.08016	0.14316	0.26205	0.01437	0.01974	0.12100	0.01485	0.02002	0.01451	0.05961	0.10220	0.01748	0.01528	0.00761	0.00728	0.00195	0.08126	0.00543	0.00378	0.00825
3	0.03876	0.26600	0.34821	0.01460	0.02172	0.01805	0.01657	0.07908	0.01538	0.08718	0.03037	0.01431	0.01047	0.00643	0.00554	0.00182	0.00784	0.00474	0.00369	0.00925
4	0.01559	0.17564	0.51215	0.01635	0.02448	0.04887	0.01972	0.02137	0.01414	0.07730	0.01214	0.01360	0.00884	0.00619	0.00577	0.00190	0.00880	0.00463	0.00319	0.00933
5	0.03400	0.09199	0.36603	0.01484	0.02149	0.03125	0.03605	0.05876	0.03668	0.08522	0.04245	0.02141	0.09210	0.00909	0.02918	0.00225	0.00798	0.00626	0.00412	0.00885
6	0.00795	0.00591	0.00741	0.00841	0.00927	0.00537	0.00578	0.00936	0.01343	0.01760	0.10822	0.55328	0.18692	0.01877	0.00806	0.00248	0.00358	0.01675	0.00611	0.00537
7	0.05089	0.38963	0.32261	0.03638	0.02204	0.02022	0.01640	0.04191	0.01379	0.01884	0.01034	0.01209	0.00829	0.00590	0.00510	0.00172	0.00797	0.00414	0.00293	0.00881
8	0.02456	0.01810	0.01939	0.01487	0.02004	0.02004	0.01228	0.71107	0.03038	0.04072	0.01551	0.01551	0.01099	0.00776	0.00646	0.00194	0.00711	0.00582	0.00646	0.01099
9	0.01632	0.48945	0.26054	0.01379	0.02047	0.06809	0.01528	0.02012	0.01362	0.01694	0.00989	0.01150	0.00826	0.00580	0.00490	0.00161	0.00806	0.00393	0.00279	0.00865
10	0.01348	0.12232	0.65506	0.01754	0.02660	0.01627	0.02234	0.02033	0.01358	0.01983	0.01128	0.01325	0.00820	0.00607	0.00590	0.00197	0.00923	0.00462	0.00273	0.00940
11	0.01296	0.03342	0.73944	0.01842	0.02797	0.01501	0.02387	0.02046	0.01364	0.02046	0.01160	0.01364	0.00818	0.00614	0.00614	0.00205	0.00955	0.00477	0.00273	0.00955
12	0.00940	0.00626	0.00705	0.00705	0.00705	0.00626	0.00392	0.00940	0.00940	0.01253	0.02036	0.04228	0.02349	0.77292	0.03289	0.00626	0.00626	0.00940	0.00392	0.00392
13	0.04240	0.02585	0.46078	0.01884	0.06509	0.01450	0.08674	0.06409	0.01523	0.09091	0.01430	0.04738	0.01083	0.00693	0.00637	0.00206	0.00863	0.00588	0.00373	0.00947
14	0.50485	0.01549	0.06089	0.01313	0.03401	0.05514	0.09736	0.02140	0.05030	0.07677	0.01189	0.01330	0.00889	0.00626	0.00506	0.00201	0.00650	0.00460	0.00419	0.00793
15	0.01296	0.03342	0.73944	0.01842	0.02797	0.01501	0.02387	0.02046	0.01364	0.02046	0.01160	0.01364	0.00818	0.00614	0.00614	0.00205	0.00955	0.00477	0.00273	0.00955
16	0.02415	0.03028	0.01835	0.01657	0.01998	0.71731	0.01248	0.05377	0.01880	0.01683	0.01021	0.01181	0.00843	0.00670	0.00585	0.00168	0.01147	0.00423	0.00346	0.00763
17	0.01684	0.01165	0.01394	0.01015	0.01573	0.00924	0.00819	0.04681	0.01505	0.15944	0.01434	0.01513	0.01086	0.00552	0.00518	0.00120	0.00501	0.00442	0.00473	0.62656
18	0.02791	0.01124	0.01496	0.01163	0.01652	0.01005	0.00956	0.03173	0.07733	0.67762	0.02556	0.02217	0.01631	0.00806	0.00650	0.00202	0.00547	0.00657	0.00788	0.01093
19	0.01727	0.77681	0.03386	0.01106	0.01658	0.02557	0.01106	0.01935	0.01313	0.01520	0.00898	0.01036	0.00829	0.00553	0.00415	0.00138	0.00691	0.00345	0.00276	0.00829
20	0.01599	0.01535	0.02623	0.03966	0.73262	0.01535	0.01983	0.01983	0.01471	0.02111	0.01215	0.01599	0.01023	0.00576	0.00640	0.00192	0.00768	0.00576	0.00320	0.01023
21	0.01220	0.01148	0.01938	0.75739	0.04450	0.01436	0.01794	0.01651	0.01292	0.01651	0.01148	0.01723	0.00861	0.00646	0.00646	0.00215	0.00861	0.00574	0.00287	0.00718
22	0.01220	0.01148	0.01938	0.75739	0.04450	0.01436	0.01794	0.01651	0.01292	0.01651	0.01148	0.01723	0.00861	0.00646	0.00646	0.00215	0.00861	0.00574	0.00287	0.00718
23	0.01220	0.01148	0.01938	0.75739	0.04450	0.01436	0.01794	0.01651	0.01292	0.01651	0.01148	0.01723	0.00861	0.00646	0.00646	0.00215	0.00861	0.00574	0.00287	0.00718
24	0.00787	0.00562	0.00750	0.00900	0.00937	0.00525	0.00600	0.00900	0.01237	0.01649	0.03561	0.76871	0.04274	0.02024	0.00825	0.00262	0.00375	0.01837	0.00600	0.00525
25	0.02899	0.01100	0.01499	0.01150	0.01649	0.00950	0.00950	0.03149	0.01849	0.73709	0.02549	0.02199	0.01599	0.00800	0.00650	0.00200	0.00550	0.00650	0.00800	0.01100
26	0.01573	0.01509	0.02576	0.08865	0.68565	0.01528	0.01970	0.01960	0.01459	0.02080	0.01211	0.01608	0.01012	0.00581	0.00640	0.00194	0.00774	0.00576	0.00318	0.01003
27	0.01512	0.01833	0.07742	0.02674	0.03344	0.01627	0.67076	0.02068	0.01516	0.02068	0.01299	0.01722	0.00971	0.00549	0.00754	0.00217	0.01082	0.00747	0.00324	0.00876
28	0.00923	0.00692	0.01038	0.01038	0.01154	0.00808	0.00808	0.01154	0.01038	0.01500	0.01731	0.02538	0.01615	0.04846	0.74732	0.01038	0.01731	0.00692	0.00346	0.00577
29	0.00787	0.00562	0.00750	0.00900	0.00937	0.00525	0.00600	0.00900	0.01237	0.01649	0.03561	0.76871	0.04274	0.02024	0.00825	0.00262	0.00375	0.01837	0.00600	0.00525
30	0.01427	0.12388	0.58469	0.01843	0.06560	0.01613	0.02152	0.02070	0.01382	0.04673	0.01182	0.01368	0.00861	0.00611	0.00592	0.00195	0.00896	0.00473	0.00296	0.00949
31	0.02414	0.03079	0.01831	0.01665	0.01998	0.74698	0.01248	0.02580	0.01831	0.01581	0.00999	0.01165	0.00832	0.00666	0.00583	0.00166	0.01165	0.00416	0.00333	0.00749
32	0.00785	0.00570	0.00742	0.00879	0.00932	0.00527	0.00590	0.00902	0.01257	0.01658	0.03817	0.70808	0.10171	0.01991	0.00819	0.00259	0.00371	0.01796	0.00600	0.00527
33	0.01596	0.01544	0.02674	0.03913	0.70261	0.01539	0.04943	0.01987	0.01474	0.02109	0.01219	0.01605	0.01022	0.00574	0.00645	0.00193	0.00781	0.00584	0.00320	0.01017
34	0.01915	0.06935	0.20025	0.01425	0.01985	0.05451	0.01384	0.10228	0.20186	0.17468	0.01880	0.01855	0.01353	0.00925	0.03888	0.00237	0.00755	0.00589	0.00533	0.00983
35	0.01417	0.24268	0.54083	0.01634	0.02476	0.01798	0.02026	0.02015	0.01350	0.01898	0.01086	0.01272	0.00822	0.00597	0.00558	0.00186	0.00881	0.00440	0.00274	0.00920
36	0.02899	0.01100	0.01499	0.01150	0.01649	0.00950	0.00950	0.03149	0.01849	0.73709	0.02549	0.02199	0.01599	0.00800	0.00650	0.00200	0.00550	0.00650	0.00800	0.01100
37	0.02138	0.02609	0.04339	0.02089	0.12923	0.48856	0.06352	0.05399	0.01746	0.01819	0.01074	0.01309	0.00884	0.00673	0.00694	0.00183	0.05272	0.00483	0.00340	0.00819
38	0.01648	0.30825	0.32225	0.01458	0.02147	0.04321	0.01627	0.06947	0.04165	0.05173	0.03097	0.01416	0.01060	0.00641	0.00548	0.00178	0.00794	0.00469	0.00352	0.00911
39	0.00787	0.00655	0.00687	0.00679	0.00887	0.00556	0.00510	0.00973	0.01529	0.01878	0.16934	0.06000	0.62528	0.01587	0.00763	0.00216	0.00324	0.01333	0.00617	0.00556
40	0.07727	0.06356	0.01226	0.04309	0.01399	0.00950	0.00870	0.03408	0.01517	0.12020	0.11466	0.19102	0.07067	0.01372	0.00731	0.00235	0.00507	0.18456	0.00588	0.00694
41	0.03691	0.03889	0.05393	0.03942	0.04385	0.04954	0.09883	0.08724	0.22777	0.07122	0.04358	0.04415	0.03220	0.00841	0.00698	0.00206	0.02806	0.02768	0.00520	0.05409
42	0.18869	0.20280	0.24048	0.01408	0.04085	0.03691	0.01430	0.06052	0.03212	0.09612	0.01241	0.01343	0.00927	0.00631	0.00527	0.00186	0.00728	0.00450	0.00389	0.00892
43	0.09912	0.12993	0.06068	0.09432	0.06641	0.04649	0.03500	0.05703	0.05415	0.07098	0.01891	0.17357	0.01810	0.00984	0.00633	0.00209	0.00656	0.03797	0.00457	0.00793
44	0.05319	0.07645	0.16135	0.06802	0.04064	0.01560	0.06234	0.14735	0.06014	0.07894	0.03840	0.04111	0.03343	0.00837	0.00736	0.00210	0.05525	0.03642	0.00463	0.00890
45	0.06248	0.13114	0.15162	0.03471	0.02043	0.14064	0.05629	0.06885	0.10027	0.06774	0.01555	0.06246	0.01283	0.00925	0.03626	0.00228	0.00832	0.00603	0.00423	0.00861
46	0.12298	0.07659	0.11315	0.04713	0.08776	0.01489	0.01268	0.11105	0.12322	0.12051	0.05078	0.06022	0.01582	0.00802	0.00608	0.00201	0.00636	0.00647	0.00510	0.00916

[dist]
# distance from previous block
# <min> <max>
2	9

[block]
# block no. 3 follows, 34 sequences, length 78
# corresponding to MSA columns:
# 124-201
name=unknown_D
#
# <colnr> <probs for GDERKNQSTAVLIFYWHMCP>
#	G	D	E	R	K	N	Q	S	T	A	V	L	I	F	Y	W	H	M	C	P
0	0.15087	0.03492	0.11493	0.03813	0.16078	0.07037	0.07052	0.02141	0.09737	0.06297	0.01557	0.06051	0.01306	0.03256	0.02700	0.00239	0.00761	0.00633	0.00414	0.00857
1	0.04275	0.04725	0.16275	0.03703	0.09818	0.07580	0.07468	0.12599	0.01771	0.12655	0.08119	0.01912	0.01533	0.00894	0.03633	0.00230	0.00813	0.00615	0.00468	0.00914
2	0.15256	0.03850	0.10298	0.20727	0.06352	0.04254	0.06661	0.06030	0.12422	0.03827	0.01536	0.01747	0.02961	0.00694	0.00605	0.00205	0.00745	0.00574	0.00408	0.00847
3	0.01582	0.03595	0.18886	0.01466	0.01959	0.01251	0.09262	0.03659	0.08637	0.15004	0.07874	0.08405	0.03711	0.03477	0.00838	0.00227	0.04418	0.02494	0.00507	0.02750
4	0.01003	0.03014	0.07398	0.00911	0.01174	0.00753	0.00773	0.01308	0.03338	0.04474	0.27527	0.17123	0.23527	0.01394	0.00736	0.00213	0.00410	0.01204	0.00601	0.03120
5	0.01704	0.65481	0.12793	0.01206	0.01811	0.02368	0.01273	0.01985	0.01335	0.03694	0.00981	0.01114	0.00850	0.00568	0.00448	0.00149	0.00722	0.00372	0.00291	0.00854
6	0.01890	0.38442	0.15932	0.01389	0.01955	0.16324	0.01375	0.06016	0.01547	0.06403	0.01108	0.01234	0.00893	0.00628	0.00551	0.00166	0.02519	0.00421	0.00341	0.00866
7	0.00924	0.00688	0.01015	0.01015	0.01122	0.00795	0.00778	0.01139	0.01031	0.01482	0.01752	0.02658	0.01667	0.09973	0.69676	0.01009	0.01653	0.00710	0.00349	0.00564
8	0.02416	0.03016	0.01836	0.01656	0.01998	0.71065	0.01247	0.06005	0.01891	0.01706	0.01026	0.01185	0.00846	0.00671	0.00586	0.00168	0.01143	0.00424	0.00349	0.00767
9	0.02392	0.05430	0.01880	0.01647	0.01987	0.72425	0.01244	0.02560	0.01815	0.01579	0.00996	0.01161	0.00832	0.00662	0.00577	0.00166	0.01150	0.00414	0.00331	0.00752
10	0.00940	0.00626	0.00705	0.00705	0.00705	0.00626	0.00392	0.00940	0.00940	0.01253	0.02036	0.04228	0.02349	0.77292	0.03289	0.00626	0.00626	0.00940	0.00392	0.00392
11	0.01755	0.74666	0.03323	0.01128	0.01672	0.05472	0.01111	0.01961	0.01334	0.01523	0.00902	0.01042	0.00829	0.00557	0.00421	0.00139	0.00710	0.00348	0.00279	0.00826
12	0.02899	0.01100	0.01499	0.01150	0.01649	0.00950	0.00950	0.03149	0.01849	0.73709	0.02549	0.02199	0.01599	0.00800	0.00650	0.00200	0.00550	0.00650	0.00800	0.01100
13	0.21872	0.01298	0.04592	0.30303	0.11174	0.01355	0.01394	0.02072	0.01381	0.16639	0.01378	0.01621	0.00988	0.00656	0.00583	0.00205	0.00700	0.00529	0.00423	0.00836
14	0.01767	0.63636	0.08755	0.01160	0.01730	0.02293	0.01182	0.02023	0.01373	0.07405	0.02913	0.01254	0.01027	0.00597	0.00458	0.00150	0.00691	0.00402	0.00330	0.00855
15	0.00837	0.00598	0.00807	0.00957	0.01016	0.00568	0.00686	0.00986	0.01286	0.01705	0.03534	0.63209	0.04165	0.01977	0.00838	0.00269	0.00418	0.15006	0.00599	0.00539
16	0.01727	0.77681	0.03386	0.01106	0.01658	0.02557	0.01106	0.01935	0.01313	0.01520	0.00898	0.01036	0.00829	0.00553	0.00415	0.00138	0.00691	0.00345	0.00276	0.00829
17	0.01365	0.01467	0.07990	0.43435	0.29581	0.01477	0.01911	0.01805	0.01364	0.01852	0.01174	0.01648	0.00917	0.00618	0.00641	0.00206	0.00834	0.00567	0.00298	0.00849
18	0.01639	0.62374	0.17915	0.01257	0.01893	0.02339	0.01369	0.01958	0.01323	0.01628	0.00952	0.01104	0.00827	0.00565	0.00456	0.00152	0.00745	0.00373	0.00276	0.00855
19	0.00764	0.00655	0.00655	0.00655	0.00873	0.00545	0.00491	0.00927	0.01473	0.01745	0.06546	0.06218	0.73000	0.01636	0.00764	0.00218	0.00327	0.01364	0.00600	0.00545
20	0.00782	0.00648	0.00685	0.00691	0.00888	0.00551	0.00512	0.00958	0.01495	0.01833	0.13750	0.11437	0.60281	0.01631	0.00768	0.00220	0.00328	0.01378	0.00612	0.00551
21	0.02849	0.01180	0.01549	0.01188	0.01690	0.01070	0.00981	0.10875	0.01984	0.65792	0.02436	0.02126	0.01543	0.00797	0.00649	0.00199	0.00568	0.00642	0.00782	0.01100
22	0.02465	0.01675	0.01841	0.01424	0.01929	0.01819	0.01172	0.56312	0.07571	0.14408	0.01774	0.01707	0.01233	0.00786	0.00648	0.00197	0.00673	0.00602	0.00670	0.01094
23	0.01220	0.01148	0.01938	0.75739	0.04450	0.01436	0.01794	0.01651	0.01292	0.01651	0.01148	0.01723	0.00861	0.00646	0.00646	0.00215	0.00861	0.00574	0.00287	0.00718
24	0.00787	0.00562	0.00750	0.00900	0.00937	0.00525	0.00600	0.00900	0.01237	0.01649	0.03561	0.76871	0.04274	0.02024	0.00825	0.00262	0.00375	0.01837	0.00600	0.00525
25	0.01583	0.01533	0.02659	0.06307	0.67465	0.01537	0.05422	0.01976	0.01468	0.02093	0.01218	0.01610	0.01016	0.00577	0.00646	0.00194	0.00787	0.00585	0.00319	0.01006
26	0.01452	0.02052	0.18869	0.02387	0.03058	0.03474	0.49639	0.02004	0.01480	0.02025	0.01410	0.06424	0.01151	0.00657	0.00729	0.00216	0.01017	0.00759	0.00333	0.00864
27	0.01727	0.77681	0.03386	0.01106	0.01658	0.02557	0.01106	0.01935	0.01313	0.01520	0.00898	0.01036	0.00829	0.00553	0.00415	0.00138	0.00691	0.00345	0.00276	0.00829
28	0.00914	0.00660	0.00864	0.00813	0.00965	0.00610	0.00610	0.01219	0.01829	0.02591	0.72921	0.04827	0.06097	0.01321	0.00762	0.00203	0.00305	0.01169	0.00711	0.00610
29	0.02899	0.01100	0.01499	0.01150	0.01649	0.00950	0.00950	0.03149	0.01849	0.73709	0.02549	0.02199	0.01599	0.00800	0.00650	0.00200	0.00550	0.00650	0.00800	0.01100
30	0.01296	0.03342	0.73944	0.01842	0.02797	0.01501	0.02387	0.02046	0.01364	0.02046	0.01160	0.01364	0.00818	0.00614	0.00614	0.00205	0.00955	0.00477	0.00273	0.00955
31	0.01525	0.01743	0.03813	0.02723	0.03377	0.01634	0.70915	0.02070	0.01525	0.02070	0.01307	0.01743	0.00980	0.00545	0.00763	0.00218	0.01089	0.00763	0.00327	0.00871
32	0.01489	0.01631	0.03279	0.07291	0.07406	0.01679	0.49354	0.01942	0.01407	0.01950	0.01206	0.01672	0.00951	0.00662	0.01000	0.00228	0.14995	0.00702	0.00316	0.00840
33	0.81856	0.01250	0.00950	0.00850	0.01250	0.01449	0.00700	0.01899	0.01100	0.02899	0.00900	0.01050	0.00700	0.00600	0.00400	0.00200	0.00500	0.00350	0.00400	0.00700
34	0.01314	0.01205	0.01964	0.68302	0.06859	0.01476	0.01765	0.06117	0.01411	0.01823	0.01177	0.01707	0.00883	0.00652	0.00646	0.00213	0.00848	0.00575	0.00311	0.00754
35	0.00884	0.00659	0.00822	0.00781	0.00947	0.00597	0.00586	0.01161	0.01758	0.02422	0.59682	0.05104	0.19441	0.01384	0.00762	0.00206	0.00309	0.01207	0.00689	0.00597
36	0.00951	0.00713	0.01009	0.00995	0.01078	0.00825	0.00742	0.01125	0.01013	0.01446	0.01757	0.02871	0.01746	0.21325	0.54669	0.00906	0.05194	0.00743	0.00353	0.00541
37	0.01220	0.01148	0.01938	0.75739	0.04450	0.01436	0.01794	0.01651	0.01292	0.01651	0.01148	0.01723	0.00861	0.00646	0.00646	0.00215	0.00861	0.00574	0.00287	0.00718
38	0.00997	0.00668	0.00846	0.00836	0.00847	0.00714	0.00538	0.00977	0.00948	0.01289	0.01837	0.07435	0.02055	0.47597	0.08662	0.16336	0.05764	0.00870	0.00370	0.00413
39	0.00802	0.00650	0.00676	0.00673	0.00851	0.00563	0.00482	0.00947	0.01407	0.01717	0.09927	0.05803	0.57168	0.14116	0.01181	0.00285	0.00375	0.01281	0.00572	0.00524
40	0.23358	0.01246	0.01423	0.01123	0.01599	0.01239	0.00927	0.13108	0.01834	0.44763	0.01969	0.01802	0.01290	0.00744	0.00584	0.00199	0.00561	0.00562	0.00673	0.00996
41	0.01767	0.60421	0.07570	0.01311	0.03768	0.10656	0.01235	0.02007	0.01371	0.01577	0.00934	0.01097	0.00835	0.00585	0.00497	0.00151	0.02732	0.00374	0.00284	0.00830
42	0.01563	0.01519	0.02493	0.15161	0.60434	0.03606	0.01932	0.01948	0.01453	0.02024	0.01199	0.01606	0.00993	0.00589	0.00639	0.00195	0.00794	0.00571	0.00315	0.00968
43	0.00795	0.00568	0.00758	0.00908	0.00949	0.00531	0.00613	0.00913	0.01244	0.01658	0.03557	0.74839	0.04257	0.02017	0.00827	0.00263	0.00381	0.03795	0.00600	0.00527
44	0.00834	0.04384	0.00880	0.00910	0.00973	0.00626	0.00625	0.00951	0.01241	0.01643	0.03429	0.73112	0.04103	0.01951	0.00804	0.00256	0.00391	0.01763	0.00584	0.00540
45	0.00804	0.00615	0.00728	0.00783	0.00905	0.00550	0.00549	0.00959	0.01400	0.01805	0.14821	0.35604	0.30788	0.05503	0.00914	0.00255	0.00359	0.01513	0.00606	0.00539
46	0.04234	0.05482	0.01898	0.01474	0.04070	0.03903	0.01174	0.48011	0.12301	0.03469	0.01600	0.01609	0.01178	0.00746	0.00617	0.00188	0.00676	0.00567	0.00588	0.06213
47	0.01351	0.03329	0.70370	0.01833	0.02757	0.05128	0.02331	0.02073	0.01387	0.02023	0.01152	0.01354	0.00819	0.00616	0.00612	0.00203	0.00965	0.00474	0.00276	0.00945
48	0.02738	0.01179	0.01531	0.01181	0.01666	0.01083	0.00972	0.12726	0.02018	0.60273	0.05895	0.02237	0.01751	0.00822	0.00655	0.00199	0.00561	0.00666	0.00774	0.01075
49	0.01603	0.01565	0.02397	0.07582	0.57758	0.05514	0.01816	0.02094	0.07430	0.02097	0.01444	0.01759	0.02774	0.00635	0.00641	0.00195	0.00763	0.00598	0.00354	0.00980
50	0.01483	0.01271	0.01541	0.01676	0.14231	0.01397	0.01107	0.04731	0.42442	0.02518	0.08641	0.02688	0.06456	0.01050	0.03425	0.00241	0.00573	0.00770	0.02826	0.00932
51	0.02023	0.01554	0.01651	0.01349	0.01782	0.01736	0.01087	0.40501	0.27907	0.03406	0.02156	0.02079	0.04124	0.00843	0.00645	0.00202	0.00604	0.00666	0.04658	0.01026
52	0.00940	0.00626	0.00705	0.00705	0.00705	0.00626	0.00392	0.00940	0.00940	0.01253	0.02036	0.04228	0.02349	0.77292	0.03289	0.00626	0.00626	0.00940	0.00392	0.00392
53	0.01727	0.01448	0.01528	0.01339	0.01726	0.01663	0.01052	0.12982	0.62350	0.02896	0.02478	0.02289	0.01849	0.00862	0.00656	0.00216	0.00540	0.00710	0.00656	0.01033
54	0.01220	0.01148	0.01938	0.75739	0.04450	0.01436	0.01794	0.01651	0.01292	0.01651	0.01148	0.01723	0.00861	0.00646	0.00646	0.00215	0.00861	0.00574	0.00287	0.00718
55	0.00905	0.00660	0.00851	0.00803	0.00960	0.00606	0.00602	0.01202	0.01807	0.02540	0.68912	0.04911	0.10137	0.01340	0.00762	0.00204	0.00306	0.01180	0.00705	0.00606
56	0.79428	0.01306	0.00977	0.00875	0.01272	0.03689	0.00717	0.01920	0.01122	0.02859	0.00903	0.01053	0.00704	0.00602	0.00405	0.00199	0.00520	0.00352	0.00398	0.00701
57	0.01363	0.14841	0.63030	0.01728	0.02620	0.01664	0.02189	0.02029	0.01356	0.01965	0.01119	0.01313	0.00820	0.00604	0.00583	0.00194	0.00914	0.00457	0.00273	0.00935
58	0.01899	0.02100	0.02209	0.04902	0.38447	0.29368	0.01621	0.02318	0.07292	0.01944	0.01245	0.01503	0.01023	0.00636	0.00620	0.00185	0.00901	0.00527	0.00351	0.00910
59	0.05562	0.02757	0.01738	0.01558	0.01900	0.61212	0.01181	0.08583	0.01883	0.01901	0.01105	0.01263	0.00896	0.00678	0.00574	0.00169	0.01051	0.00438	0.04784	0.00770
60	0.00830	0.00612	0.00793	0.00896	0.00982	0.00552	0.00609	0.00958	0.01253	0.01689	0.03470	0.68509	0.06311	0.01889	0.00795	0.00248	0.00382	0.01706	0.00583	0.06933
61	0.01607	0.01388	0.01461	0.01315	0.01680	0.01607	0.01023	0.03433	0.72094	0.02703	0.02630	0.02411	0.01972	0.00877	0.00657	0.00219	0.00511	0.00731	0.00657	0.01023
62	0.17979	0.01117	0.01139	0.00955	0.01297	0.01191	0.00770	0.20513	0.01816	0.11470	0.01768	0.01879	0.01307	0.00734	0.00517	0.00178	0.00481	0.00552	0.33523	0.00815
63	0.00782	0.00622	0.00704	0.00767	0.00913	0.00544	0.00551	0.00931	0.01383	0.01715	0.05297	0.33283	0.44336	0.01790	0.00791	0.00238	0.00355	0.03859	0.00600	0.00539
64	0.04840	0.01793	0.01909	0.01468	0.01981	0.01987	0.01212	0.69029	0.02980	0.04037	0.01532	0.01536	0.01087	0.00770	0.00639	0.00194	0.00705	0.00575	0.00639	0.01087
65	0.01204	0.00602	0.00602	0.00602	0.00753	0.00602	0.00452	0.01506	0.01355	0.02409	0.02108	0.02409	0.01656	0.00753	0.00452	0.00151	0.00301	0.00602	0.80879	0.00602
66	0.00977	0.00749	0.01051	0.01022	0.01097	0.00882	0.00766	0.01141	0.01009	0.01444	0.01717	0.02844	0.01720	0.22457	0.49618	0.00859	0.09010	0.00741	0.00351	0.00544
67	0.01495	0.01689	0.03665	0.02628	0.03256	0.01583	0.67401	0.02027	0.01540	0.02096	0.04886	0.01897	0.01236	0.00583	0.00763	0.00217	0.01050	0.00783	0.00346	0.00858
68	0.01448	0.01228	0.01477	0.01064	0.01636	0.00991	0.03149	0.07962	0.01500	0.02283	0.01190	0.01373	0.00971	0.00508	0.00503	0.00109	0.00520	0.00414	0.00405	0.71269
69	0.03582	0.07477	0.10505	0.01164	0.01600	0.01111	0.04455	0.05061	0.03405	0.10893	0.22216	0.07137	0.05609	0.00950	0.00648	0.00187	0.00544	0.00810	0.00543	0.12102
70	0.00971	0.00676	0.00836	0.00875	0.01007	0.00631	0.00635	0.03181	0.01455	0.04793	0.14561	0.34268	0.18349	0.07423	0.00983	0.00270	0.00410	0.07486	0.00610	0.00579
71	0.02356	0.02946	0.01859	0.03958	0.04104	0.68628	0.01285	0.04210	0.01834	0.01659	0.01023	0.01204	0.00845	0.00665	0.00588	0.00169	0.01134	0.00430	0.00339	0.00764
72	0.01573	0.01498	0.02496	0.08895	0.63540	0.01533	0.01905	0.02057	0.06219	0.02118	0.01306	0.01663	0.01076	0.00601	0.00641	0.00195	0.00757	0.00586	0.00340	0.01002
73	0.00939	0.00631	0.00727	0.00727	0.00735	0.00639	0.00420	0.00954	0.00946	0.01269	0.02015	0.04115	0.02300	0.72415	0.08098	0.00654	0.00701	0.00923	0.00388	0.00404
74	0.02007	0.12157	0.07224	0.01496	0.01991	0.07622	0.04867	0.32527	0.14040	0.02940	0.03625	0.01684	0.01301	0.00756	0.00660	0.00193	0.02832	0.00580	0.00522	0.00975
75	0.01447	0.03091	0.01467	0.01246	0.01389	0.01304	0.00994	0.03711	0.02991	0.11658	0.04054	0.07944	0.05421	0.10296	0.11857	0.00400	0.28788	0.00789	0.00448	0.00705
76	0.08047	0.17702	0.27578	0.04210	0.07822	0.06711	0.05699	0.07230	0.01501	0.02104	0.01237	0.05099	0.01033	0.00681	0.00579	0.00190	0.00822	0.00540	0.00340	0.00877
77	0.03888	0.24709	0.23094	0.01309	0.01891	0.01709	0.01374	0.07411	0.10084	0.02184	0.08199	0.02024	0.06074	0.00766	0.00575	0.00184	0.00678	0.00590	0.00417	0.02838

[dist]
# distance from previous block
# <min> <max>
1	8

[block]
# block no. 4 follows, 34 sequences, length 38
# corresponding to MSA columns:
# 210-247
name=unknown_E
#
# <colnr> <probs for GDERKNQSTAVLIFYWHMCP>
#	G	D	E	R	K	N	Q	S	T	A	V	L	I	F	Y	W	H	M	C	P
0	0.02193	0.09708	0.01992	0.01635	0.06189	0.30514	0.01243	0.16908	0.04403	0.08556	0.01404	0.01670	0.01130	0.00771	0.00711	0.00189	0.06076	0.03378	0.00453	0.00879
1	0.01627	0.01608	0.02664	0.03801	0.66243	0.04403	0.06127	0.02012	0.01489	0.02088	0.01212	0.01591	0.01013	0.00577	0.00645	0.00192	0.00803	0.00581	0.00321	0.01004
2	0.02295	0.07618	0.02045	0.01815	0.09243	0.43382	0.01308	0.20380	0.02075	0.02282	0.01158	0.01302	0.00921	0.00678	0.00594	0.00174	0.00974	0.00471	0.00410	0.00874
3	0.01657	0.01459	0.02357	0.07635	0.55293	0.01485	0.01774	0.08238	0.01604	0.05138	0.01444	0.06357	0.01248	0.00698	0.00653	0.00198	0.00734	0.00658	0.00385	0.00984
4	0.52800	0.07010	0.01354	0.01057	0.01467	0.13235	0.00863	0.04821	0.03934	0.06797	0.01101	0.01204	0.00845	0.00636	0.00464	0.00191	0.00631	0.00401	0.00423	0.00768
5	0.01434	0.01358	0.02301	0.26224	0.47584	0.01446	0.01844	0.01817	0.01402	0.01941	0.01330	0.05977	0.01160	0.00681	0.00652	0.00203	0.00774	0.00648	0.00326	0.00899
6	0.00830	0.00664	0.00738	0.00772	0.00945	0.00588	0.00571	0.02598	0.01463	0.01815	0.07715	0.23861	0.47834	0.01712	0.00784	0.00233	0.00363	0.05351	0.00604	0.00558
7	0.00938	0.00633	0.00740	0.00740	0.00752	0.00646	0.00436	0.00962	0.00950	0.01279	0.02003	0.04049	0.02271	0.69603	0.10872	0.00670	0.00744	0.00913	0.00387	0.00411
8	0.02713	0.01051	0.01418	0.01102	0.01566	0.00914	0.00905	0.02968	0.01819	0.66400	0.05483	0.02322	0.01792	0.00819	0.00643	0.00197	0.00524	0.00669	0.05644	0.01049
9	0.00923	0.00692	0.01038	0.01038	0.01154	0.00808	0.00808	0.01154	0.01038	0.01500	0.01731	0.02538	0.01615	0.04846	0.74732	0.01038	0.01731	0.00692	0.00346	0.00577
10	0.01538	0.01316	0.01402	0.01265	0.01609	0.01508	0.00982	0.03214	0.65119	0.02692	0.09608	0.02651	0.02382	0.00921	0.00668	0.00218	0.00491	0.00774	0.00663	0.00982
11	0.01070	0.00695	0.00913	0.00839	0.01019	0.00636	0.00636	0.01370	0.01831	0.08156	0.67414	0.04621	0.05745	0.01280	0.00753	0.00203	0.00324	0.01128	0.00718	0.00648
12	0.02456	0.01810	0.01939	0.01487	0.02004	0.02004	0.01228	0.71107	0.03038	0.04072	0.01551	0.01551	0.01099	0.00776	0.00646	0.00194	0.00711	0.00582	0.00646	0.01099
13	0.04621	0.01524	0.02560	0.03849	0.70550	0.01532	0.01935	0.01980	0.01457	0.02141	0.01203	0.01578	0.01011	0.00577	0.00631	0.00192	0.00758	0.00567	0.00323	0.01011
14	0.01759	0.69994	0.03195	0.01114	0.01651	0.02454	0.01092	0.06583	0.01431	0.01722	0.00983	0.01117	0.00875	0.00574	0.00431	0.00142	0.00679	0.00370	0.02992	0.00840
15	0.00887	0.00634	0.00863	0.01004	0.01088	0.00610	0.00765	0.01077	0.01355	0.01795	0.06427	0.47849	0.04143	0.01905	0.00847	0.00273	0.00454	0.26863	0.00603	0.00555
16	0.01457	0.01513	0.03037	0.02228	0.02765	0.01452	0.51683	0.02087	0.08534	0.02204	0.06472	0.02093	0.01504	0.00653	0.00719	0.00210	0.00895	0.00770	0.08885	0.00840
17	0.00785	0.00570	0.00742	0.00881	0.00932	0.00526	0.00591	0.00902	0.01256	0.01657	0.03795	0.71342	0.09651	0.01994	0.00820	0.00259	0.00371	0.01800	0.00600	0.00526
18	0.01607	0.01388	0.01461	0.01315	0.01680	0.01607	0.01023	0.03433	0.72094	0.02703	0.02630	0.02411	0.01972	0.00877	0.00657	0.00219	0.00511	0.00731	0.00657	0.01023
19	0.01599	0.01535	0.02623	0.03966	0.73262	0.01535	0.01983	0.01983	0.01471	0.02111	0.01215	0.01599	0.01023	0.00576	0.00640	0.00192	0.00768	0.00576	0.00320	0.01023
20	0.00923	0.00692	0.01038	0.01038	0.01154	0.00808	0.00808	0.01154	0.01038	0.01500	0.01731	0.02538	0.01615	0.04846	0.74732	0.01038	0.01731	0.00692	0.00346	0.00577
21	0.01727	0.77681	0.03386	0.01106	0.01658	0.02557	0.01106	0.01935	0.01313	0.01520	0.00898	0.01036	0.00829	0.00553	0.00415	0.00138	0.00691	0.00345	0.00276	0.00829
22	0.00835	0.00657	0.00754	0.00730	0.00917	0.00576	0.00547	0.01066	0.01642	0.02148	0.38103	0.05557	0.41192	0.01486	0.00763	0.00211	0.00317	0.01271	0.00653	0.00576
23	0.01671	0.01420	0.01497	0.01328	0.01705	0.01637	0.01038	0.08549	0.66874	0.02806	0.02548	0.02346	0.01906	0.00869	0.00657	0.00217	0.00526	0.00719	0.00657	0.01028
24	0.01851	0.64227	0.03105	0.01206	0.01720	0.15567	0.01131	0.02051	0.01406	0.01531	0.00916	0.01060	0.00830	0.00573	0.00445	0.00143	0.00777	0.00358	0.00287	0.00815
25	0.00940	0.00626	0.00705	0.00705	0.00705	0.00626	0.00392	0.00940	0.00940	0.01253	0.02036	0.04228	0.02349	0.77292	0.03289	0.00626	0.00626	0.00940	0.00392	0.00392
26	0.05000	0.15737	0.04507	0.01720	0.09979	0.24962	0.01291	0.16477	0.08299	0.04192	0.01309	0.01413	0.01027	0.00676	0.00575	0.00178	0.00836	0.00490	0.00428	0.00905
27	0.01979	0.01607	0.05969	0.05438	0.21758	0.01533	0.15439	0.15285	0.01825	0.17314	0.01555	0.01730	0.01125	0.00680	0.00725	0.00204	0.03737	0.00624	0.00478	0.00995
28	0.01220	0.01148	0.01938	0.75739	0.04450	0.01436	0.01794	0.01651	0.01292	0.01651	0.01148	0.01723	0.00861	0.00646	0.00646	0.00215	0.00861	0.00574	0.00287	0.00718
29	0.01340	0.01148	0.01340	0.00957	0.01531	0.00861	0.00766	0.01627	0.01340	0.02105	0.01148	0.01340	0.00957	0.00479	0.00479	0.00096	0.00479	0.00383	0.00383	0.81242
30	0.01605	0.01546	0.02644	0.05722	0.56680	0.01562	0.09704	0.04125	0.05960	0.02188	0.01323	0.01669	0.01076	0.00599	0.00655	0.00197	0.00789	0.00607	0.00351	0.00999
31	0.01542	0.01472	0.02504	0.10764	0.64484	0.01498	0.01924	0.01928	0.01465	0.02081	0.03361	0.01708	0.01160	0.00605	0.00644	0.00194	0.00763	0.00593	0.00328	0.00982
32	0.00826	0.00602	0.00783	0.00892	0.00974	0.00559	0.00633	0.00987	0.01362	0.01809	0.12869	0.53677	0.11306	0.01871	0.00817	0.00254	0.00382	0.08238	0.00614	0.00545
33	0.01643	0.01537	0.02433	0.10785	0.57937	0.04474	0.01857	0.02077	0.04404	0.04708	0.01308	0.01650	0.01060	0.00607	0.00639	0.00195	0.00774	0.00578	0.00349	0.00985
34	0.01151	0.00965	0.01300	0.01195	0.01343	0.04012	0.03619	0.05505	0.01197	0.01666	0.01611	0.02421	0.01512	0.09976	0.51045	0.00809	0.09004	0.00685	0.00360	0.00624
35	0.01646	0.01181	0.01312	0.01147	0.01474	0.02874	0.00897	0.07378	0.33010	0.12959	0.23647	0.03096	0.04570	0.01003	0.00687	0.00209	0.00480	0.00846	0.00685	0.00899
36	0.01523	0.01447	0.02405	0.18374	0.54452	0.01520	0.01880	0.02013	0.06195	0.02057	0.01297	0.01679	0.01054	0.00610	0.00642	0.00199	0.00769	0.00586	0.00336	0.00961
37	0.81856	0.01250	0.00950	0.00850	0.01250	0.01449	0.00700	0.01899	0.01100	0.02899	0.00900	0.01050	0.00700	0.00600	0.00400	0.00200	0.00500	0.00350	0.00400	0.00700

[dist]
# distance from previous block
# <min> <max>
0	1

[block]
# block no. 5 follows, 34 sequences, length 160
# corresponding to MSA columns:
# 249-408
name=unknown_F
#
# <colnr> <probs for GDERKNQSTAVLIFYWHMCP>
#	G	D	E	R	K	N	Q	S	T	A	V	L	I	F	Y	W	H	M	C	P
0	0.01813	0.01310	0.01824	0.20869	0.14731	0.01382	0.01359	0.18498	0.01882	0.13713	0.07865	0.02099	0.03405	0.00763	0.00649	0.00195	0.00675	0.00649	0.00510	0.05808
1	0.01529	0.01514	0.02485	0.22926	0.47120	0.04724	0.06500	0.01926	0.01443	0.01962	0.01194	0.01623	0.00969	0.00596	0.00647	0.00199	0.00832	0.00581	0.00312	0.00920
2	0.00929	0.00669	0.00922	0.00922	0.00997	0.00744	0.00662	0.01079	0.01004	0.01413	0.01838	0.03130	0.01872	0.30220	0.49709	0.00894	0.01344	0.00779	0.00362	0.00512
3	0.00953	0.00804	0.01007	0.00978	0.03283	0.00757	0.04075	0.01311	0.07826	0.01957	0.15578	0.05056	0.40617	0.06150	0.04151	0.00279	0.00480	0.03538	0.00577	0.00623
4	0.01351	0.01165	0.01396	0.01089	0.04677	0.00891	0.00819	0.01643	0.01346	0.02106	0.01151	0.01351	0.00960	0.00483	0.00486	0.00100	0.00491	0.00391	0.00380	0.77724
5	0.01445	0.02393	0.38738	0.02034	0.13449	0.01484	0.05267	0.07283	0.10188	0.02337	0.07712	0.01866	0.01486	0.00711	0.00646	0.00204	0.00803	0.00606	0.00396	0.00950
6	0.31978	0.01727	0.01524	0.01259	0.01700	0.10671	0.01020	0.32271	0.06921	0.03236	0.01315	0.01376	0.00978	0.00704	0.00547	0.00195	0.00674	0.00485	0.00517	0.00902
7	0.01858	0.01841	0.02213	0.02729	0.37181	0.19317	0.04589	0.04621	0.03898	0.06343	0.04808	0.01706	0.01287	0.00659	0.00632	0.00185	0.00821	0.00575	0.00396	0.04342
8	0.01286	0.01211	0.01612	0.01383	0.01514	0.05750	0.07938	0.03639	0.01211	0.01653	0.03451	0.05779	0.05646	0.19090	0.08913	0.00412	0.27713	0.00789	0.00375	0.00634
9	0.11492	0.02970	0.60695	0.01713	0.02578	0.01478	0.03912	0.02016	0.01334	0.02156	0.01130	0.01334	0.00812	0.00606	0.00587	0.00201	0.00887	0.00466	0.00294	0.03341
10	0.00935	0.00692	0.00937	0.00928	0.01008	0.00771	0.00672	0.01083	0.01029	0.01434	0.02075	0.03266	0.05873	0.28367	0.44715	0.00832	0.03683	0.00808	0.00373	0.00518
11	0.01322	0.05633	0.67960	0.01865	0.02791	0.01541	0.05991	0.02044	0.01371	0.02031	0.01159	0.01374	0.00827	0.00608	0.00615	0.00203	0.00954	0.00488	0.00276	0.00946
12	0.02414	0.03079	0.01831	0.01665	0.01998	0.74698	0.01248	0.02580	0.01831	0.01581	0.00999	0.01165	0.00832	0.00666	0.00583	0.00166	0.01165	0.00416	0.00333	0.00749
13	0.01546	0.01324	0.01408	0.01270	0.01617	0.01519	0.00986	0.03237	0.65874	0.02693	0.08852	0.02625	0.02337	0.00916	0.00667	0.00218	0.00493	0.00769	0.00662	0.00986
14	0.01708	0.01388	0.01481	0.01312	0.01690	0.01586	0.01026	0.05897	0.65773	0.06586	0.02586	0.02368	0.01920	0.00869	0.00657	0.00217	0.00521	0.00721	0.00665	0.01030
15	0.01316	0.07261	0.64897	0.01800	0.02689	0.01530	0.04296	0.02011	0.01371	0.02013	0.01246	0.01609	0.00947	0.00658	0.00619	0.00205	0.00929	0.03384	0.00288	0.00930
16	0.81856	0.01250	0.00950	0.00850	0.01250	0.01449	0.00700	0.01899	0.01100	0.02899	0.00900	0.01050	0.00700	0.00600	0.00400	0.00200	0.00500	0.00350	0.00400	0.00700
17	0.01414	0.01414	0.01979	0.01696	0.01696	0.01979	0.01414	0.01555	0.00990	0.01555	0.00848	0.01414	0.00848	0.01131	0.02120	0.00283	0.76110	0.00565	0.00283	0.00707
18	0.00932	0.00689	0.01024	0.01024	0.01140	0.00801	0.00796	0.01166	0.01049	0.01530	0.01743	0.02534	0.01617	0.04710	0.72256	0.01009	0.01683	0.00689	0.03030	0.00578
19	0.04133	0.69722	0.03256	0.01310	0.06964	0.02447	0.01159	0.01937	0.01318	0.01606	0.00922	0.01079	0.00840	0.00556	0.00431	0.00144	0.00691	0.00363	0.00283	0.00840
20	0.01310	0.05746	0.71663	0.01818	0.02760	0.01535	0.02346	0.02043	0.01363	0.02029	0.01151	0.01354	0.00819	0.00612	0.00607	0.00202	0.00946	0.00473	0.00273	0.00951
21	0.00764	0.00655	0.00655	0.00655	0.00873	0.00545	0.00491	0.00927	0.01473	0.01745	0.06546	0.06218	0.73000	0.01636	0.00764	0.00218	0.00327	0.01364	0.00600	0.00545
22	0.00787	0.00562	0.00750	0.00900	0.00937	0.00525	0.00600	0.00900	0.01237	0.01649	0.03561	0.76871	0.04274	0.02024	0.00825	0.00262	0.00375	0.01837	0.00600	0.00525
23	0.01748	0.01375	0.01479	0.01305	0.01687	0.01561	0.01022	0.05471	0.63716	0.09086	0.02590	0.02366	0.01912	0.00867	0.00656	0.00217	0.00521	0.00719	0.00670	0.01032
24	0.00889	0.00645	0.00839	0.00822	0.00958	0.00594	0.00604	0.01159	0.01724	0.02414	0.59778	0.16319	0.07945	0.01443	0.00772	0.00213	0.00317	0.01281	0.00690	0.00594
25	0.02827	0.01119	0.01502	0.01155	0.01647	0.00987	0.00953	0.06078	0.01901	0.68762	0.04379	0.02241	0.01697	0.00813	0.00653	0.00200	0.00550	0.00661	0.00791	0.01087
26	0.02860	0.01108	0.01498	0.01155	0.01650	0.00970	0.00952	0.03158	0.03988	0.71547	0.02552	0.02206	0.01611	0.00802	0.00650	0.00201	0.00549	0.00652	0.00795	0.01097
27	0.02456	0.01810	0.01939	0.01487	0.02004	0.02004	0.01228	0.71107	0.03038	0.04072	0.01551	0.01551	0.01099	0.00776	0.00646	0.00194	0.00711	0.00582	0.00646	0.01099
28	0.01424	0.01198	0.01385	0.00997	0.01567	0.00947	0.00800	0.06848	0.01467	0.02253	0.01179	0.01356	0.00968	0.00501	0.00491	0.00103	0.00496	0.00398	0.00403	0.75220
29	0.01723	0.74892	0.03358	0.01210	0.04281	0.02519	0.01138	0.01937	0.01319	0.01542	0.00910	0.01057	0.00836	0.00554	0.00423	0.00140	0.00694	0.00354	0.00278	0.00836
30	0.81856	0.01250	0.00950	0.00850	0.01250	0.01449	0.00700	0.01899	0.01100	0.02899	0.00900	0.01050	0.00700	0.00600	0.00400	0.00200	0.00500	0.00350	0.00400	0.00700
31	0.01600	0.04343	0.02572	0.09378	0.63002	0.03903	0.01913	0.01974	0.01463	0.02037	0.01192	0.01574	0.00998	0.00583	0.00630	0.00191	0.00785	0.00562	0.00316	0.00984
32	0.00923	0.00691	0.01032	0.01030	0.01147	0.00800	0.00800	0.01156	0.01067	0.01540	0.04338	0.02622	0.01779	0.04717	0.72022	0.01008	0.01678	0.00710	0.00360	0.00578
33	0.00904	0.00660	0.00849	0.00802	0.00959	0.00605	0.00602	0.01199	0.01805	0.02533	0.68380	0.04922	0.10673	0.01343	0.00762	0.00204	0.00306	0.01182	0.00704	0.00605
34	0.00897	0.00660	0.00840	0.00795	0.00955	0.00602	0.00596	0.01186	0.01789	0.02496	0.65430	0.04984	0.13647	0.01357	0.00762	0.00205	0.00307	0.01191	0.00699	0.00602
35	0.01726	0.01447	0.01528	0.01339	0.01726	0.01663	0.01052	0.12917	0.62417	0.02895	0.02479	0.02290	0.01850	0.00862	0.00656	0.00216	0.00539	0.00710	0.00656	0.01033
36	0.81856	0.01250	0.00950	0.00850	0.01250	0.01449	0.00700	0.01899	0.01100	0.02899	0.00900	0.01050	0.00700	0.00600	0.00400	0.00200	0.00500	0.00350	0.00400	0.00700
37	0.81856	0.01250	0.00950	0.00850	0.01250	0.01449	0.00700	0.01899	0.01100	0.02899	0.00900	0.01050	0.00700	0.00600	0.00400	0.00200	0.00500	0.00350	0.00400	0.00700
38	0.01266	0.01195	0.02020	0.67093	0.12739	0.01448	0.01817	0.01691	0.01314	0.01706	0.01156	0.01708	0.00881	0.00638	0.00645	0.00213	0.00850	0.00574	0.00291	0.00755
39	0.01727	0.77681	0.03386	0.01106	0.01658	0.02557	0.01106	0.01935	0.01313	0.01520	0.00898	0.01036	0.00829	0.00553	0.00415	0.00138	0.00691	0.00345	0.00276	0.00829
40	0.01339	0.01269	0.02152	0.53291	0.25972	0.01467	0.01853	0.01755	0.01348	0.01795	0.01169	0.01684	0.00912	0.00624	0.00644	0.00208	0.00832	0.00575	0.00297	0.00813
41	0.01599	0.01535	0.02623	0.03966	0.73262	0.01535	0.01983	0.01983	0.01471	0.02111	0.01215	0.01599	0.01023	0.00576	0.00640	0.00192	0.00768	0.00576	0.00320	0.01023
42	0.00793	0.00566	0.00755	0.00896	0.00938	0.00528	0.00600	0.00913	0.01262	0.01689	0.06505	0.73812	0.04351	0.01994	0.00822	0.00260	0.00372	0.01808	0.00605	0.00528
43	0.00768	0.00655	0.00661	0.00659	0.00876	0.00547	0.00494	0.00936	0.01483	0.01771	0.08543	0.06176	0.70986	0.01627	0.00764	0.00218	0.00327	0.01358	0.00603	0.00547
44	0.00880	0.00659	0.00816	0.00776	0.00944	0.00595	0.00582	0.01152	0.01747	0.02396	0.57634	0.05147	0.21505	0.01394	0.00762	0.00207	0.00310	0.01213	0.00686	0.00595
45	0.01122	0.00561	0.00842	0.00842	0.00842	0.00561	0.00561	0.00842	0.00842	0.01122	0.01122	0.01964	0.01122	0.02245	0.02525	0.81201	0.00561	0.00561	0.00281	0.00281
46	0.02456	0.01810	0.01939	0.01487	0.02004	0.02004	0.01228	0.71107	0.03038	0.04072	0.01551	0.01551	0.01099	0.00776	0.00646	0.00194	0.00711	0.00582	0.00646	0.01099
