[name]
unknown

[dist]
# distance from previous block
# <min> <max>
0	69

[block]
# block no. 0 follows, 32 sequences, length 9
# corresponding to MSA columns:
# 69-77
name=unknown_A
#
# <colnr> <probs for GDERKNQSTAVLIFYWHMCP>
#	G	D	E	R	K	N	Q	S	T	A	V	L	I	F	Y	W	H	M	C	P
0	0.00995	0.03057	0.00968	0.00901	0.01072	0.00743	0.00687	0.01205	0.01558	0.04339	0.22714	0.21127	0.26904	0.01624	0.00868	0.00238	0.03985	0.05762	0.00634	0.00619
1	0.01564	0.23922	0.32299	0.04205	0.02557	0.07096	0.11485	0.02065	0.01452	0.01904	0.01256	0.04962	0.01052	0.00685	0.00610	0.00195	0.00917	0.00566	0.00314	0.00897
2	0.00989	0.00745	0.01060	0.01044	0.01134	0.00865	0.00785	0.01175	0.01055	0.01509	0.01813	0.02929	0.01789	0.19254	0.55774	0.00951	0.05434	0.00764	0.00366	0.00567
3	0.01391	0.01193	0.01391	0.00994	0.01590	0.00894	0.00795	0.01690	0.01391	0.02186	0.01193	0.01391	0.00994	0.00497	0.00497	0.00099	0.00497	0.00398	0.00398	0.80521
4	0.02936	0.01262	0.01631	0.01251	0.01773	0.01164	0.01033	0.14122	0.02121	0.61562	0.02479	0.02174	0.01576	0.00826	0.00674	0.00207	0.00598	0.00663	0.00805	0.01142
5	0.01166	0.00583	0.00874	0.00874	0.00874	0.00583	0.00583	0.00874	0.00874	0.01166	0.01166	0.02040	0.01166	0.02331	0.02622	0.80478	0.00583	0.00583	0.00291	0.00291
6	0.01433	0.00839	0.00897	0.00821	0.01035	0.00884	0.00638	0.12656	0.01658	0.02687	0.02055	0.02370	0.01621	0.01217	0.07947	0.00257	0.00533	0.00631	0.59113	0.00707
7	0.01437	0.01547	0.03152	0.05082	0.02936	0.01532	0.48399	0.01893	0.01512	0.02075	0.06675	0.09460	0.01730	0.00844	0.00935	0.00236	0.08430	0.00907	0.00391	0.00826
8	0.01788	0.56735	0.15387	0.01339	0.01962	0.09584	0.01394	0.02096	0.01427	0.01680	0.00990	0.01149	0.00859	0.00597	0.00484	0.00158	0.00814	0.00390	0.00292	0.00875

[dist]
# distance from previous block
# <min> <max>
0	1

[block]
# block no. 1 follows, 32 sequences, length 89
# corresponding to MSA columns:
# 79-167
name=unknown_B
#
# <colnr> <probs for GDERKNQSTAVLIFYWHMCP>
#	G	D	E	R	K	N	Q	S	T	A	V	L	I	F	Y	W	H	M	C	P
0	0.01534	0.09942	0.48192	0.01977	0.02837	0.01689	0.15093	0.04698	0.01525	0.04517	0.01271	0.01496	0.00921	0.00631	0.00650	0.00208	0.00969	0.00549	0.00327	0.00973
1	0.01021	0.00698	0.00916	0.00861	0.01028	0.00642	0.00646	0.01326	0.01873	0.05268	0.66233	0.08089	0.06071	0.01384	0.00790	0.00214	0.00329	0.01224	0.00737	0.00648
2	0.01391	0.01193	0.01391	0.00994	0.01590	0.00894	0.00795	0.01690	0.01391	0.02186	0.01193	0.01391	0.00994	0.00497	0.00497	0.00099	0.00497	0.00398	0.00398	0.80521
3	0.00932	0.00681	0.00875	0.00836	0.00994	0.00624	0.00623	0.01229	0.01844	0.02581	0.63964	0.08299	0.11149	0.01429	0.00794	0.00215	0.00322	0.01260	0.00725	0.00624
4	0.01748	0.01607	0.01553	0.01400	0.01776	0.08472	0.01084	0.03482	0.64495	0.02697	0.02571	0.02381	0.01936	0.00890	0.00675	0.00222	0.00595	0.00728	0.00651	0.01035
5	0.01545	0.01452	0.02484	0.11520	0.36911	0.01485	0.12085	0.05015	0.03966	0.02237	0.04182	0.02583	0.01613	0.00806	0.00723	0.00221	0.00808	0.09024	0.00407	0.00934
6	0.05313	0.12211	0.08822	0.01843	0.04657	0.03781	0.20835	0.09382	0.07594	0.08487	0.05669	0.03786	0.01572	0.00770	0.00674	0.00208	0.00809	0.02185	0.00473	0.00928
7	0.01375	0.03284	0.65576	0.02074	0.06403	0.01568	0.06222	0.02123	0.01432	0.02130	0.01216	0.01451	0.00870	0.00631	0.00647	0.00213	0.00990	0.00517	0.00289	0.00990
8	0.00803	0.00640	0.00720	0.00784	0.00934	0.00558	0.00556	0.00951	0.01429	0.01772	0.05526	0.34967	0.44272	0.01865	0.00819	0.00245	0.00360	0.01618	0.00623	0.00558
9	0.01531	0.01403	0.02263	0.26705	0.35066	0.01509	0.03401	0.08169	0.01609	0.02183	0.01665	0.05275	0.04773	0.00764	0.00685	0.00213	0.00790	0.00703	0.00381	0.00914
10	0.01841	0.27991	0.30068	0.01567	0.02298	0.01898	0.05144	0.07454	0.01612	0.12192	0.01357	0.01459	0.01001	0.00653	0.00583	0.00188	0.00826	0.00498	0.00395	0.00976
11	0.00844	0.00706	0.00740	0.00738	0.00960	0.00612	0.00561	0.01081	0.03515	0.01926	0.12226	0.06269	0.61246	0.01655	0.00796	0.00229	0.00356	0.04317	0.00635	0.00588
12	0.00976	0.00651	0.00732	0.00732	0.00732	0.00651	0.00407	0.00976	0.00976	0.01301	0.02114	0.04391	0.02439	0.76419	0.03415	0.00651	0.00651	0.00976	0.00407	0.00407
13	0.01826	0.33988	0.10639	0.01520	0.02080	0.11916	0.10232	0.02235	0.05023	0.06764	0.04870	0.01715	0.03089	0.00699	0.00581	0.00180	0.00821	0.00552	0.00390	0.00881
14	0.06219	0.42064	0.16339	0.01594	0.02254	0.02188	0.13660	0.05099	0.01480	0.01983	0.01090	0.01296	0.00892	0.00598	0.00544	0.00177	0.00832	0.00473	0.00320	0.00898
15	0.00818	0.00584	0.00779	0.00934	0.00973	0.00545	0.00623	0.00934	0.01285	0.01713	0.03698	0.75981	0.04438	0.02102	0.00856	0.00273	0.00389	0.01908	0.00623	0.00545
16	0.02158	0.01350	0.01819	0.01469	0.01929	0.01377	0.09534	0.07105	0.27997	0.28119	0.02491	0.02540	0.01809	0.00877	0.00700	0.00221	0.00631	0.04104	0.02728	0.01043
17	0.01771	0.05483	0.09746	0.18442	0.07037	0.08273	0.06810	0.02180	0.03591	0.14678	0.01772	0.06613	0.03127	0.00845	0.00793	0.00218	0.06605	0.00697	0.00442	0.00876
18	0.01647	0.01581	0.02699	0.06522	0.69935	0.01591	0.02053	0.02048	0.01522	0.02176	0.01260	0.01665	0.01057	0.00600	0.00664	0.00200	0.00800	0.00598	0.00331	0.01052
19	0.00976	0.00651	0.00732	0.00732	0.00732	0.00651	0.00407	0.00976	0.00976	0.01301	0.02114	0.04391	0.02439	0.76419	0.03415	0.00651	0.00651	0.00976	0.00407	0.00407
20	0.81159	0.01298	0.00986	0.00882	0.01298	0.01505	0.00727	0.01972	0.01142	0.03010	0.00934	0.01090	0.00727	0.00623	0.00415	0.00208	0.00519	0.00363	0.00415	0.00727
21	0.00976	0.00651	0.00732	0.00732	0.00732	0.00651	0.00407	0.00976	0.00976	0.01301	0.02114	0.04391	0.02439	0.76419	0.03415	0.00651	0.00651	0.00976	0.00407	0.00407
22	0.01584	0.01810	0.03959	0.02828	0.03507	0.01697	0.69796	0.02149	0.01584	0.02149	0.01357	0.01810	0.01018	0.00566	0.00792	0.00226	0.01131	0.00792	0.00339	0.00905
23	0.01500	0.01733	0.08554	0.02568	0.13043	0.01571	0.37995	0.02066	0.05085	0.02197	0.08083	0.02219	0.01629	0.00745	0.00858	0.00227	0.06155	0.02482	0.00393	0.00898
24	0.02584	0.01826	0.01981	0.01519	0.02054	0.02002	0.01254	0.65185	0.03066	0.09166	0.01686	0.01659	0.01179	0.00807	0.00671	0.00202	0.00726	0.00609	0.00683	0.01141
25	0.02549	0.01938	0.02009	0.01552	0.02081	0.05254	0.01276	0.67014	0.03099	0.04114	0.01586	0.01593	0.01129	0.00800	0.00668	0.00200	0.00759	0.00596	0.00657	0.01125
26	0.01556	0.01383	0.02298	0.06532	0.51653	0.01392	0.01805	0.01933	0.01535	0.04194	0.01801	0.02979	0.01686	0.00883	0.00722	0.00225	0.00756	0.15306	0.00408	0.00954
27	0.01321	0.03346	0.69705	0.01857	0.02815	0.01514	0.02391	0.02073	0.01422	0.02111	0.01455	0.01642	0.04035	0.00685	0.00644	0.00213	0.00962	0.00537	0.00299	0.00973
28	0.02506	0.03198	0.01901	0.01729	0.02074	0.73725	0.01296	0.02679	0.01901	0.01642	0.01037	0.01210	0.00864	0.00691	0.00605	0.00173	0.01210	0.00432	0.00346	0.00778
29	0.01041	0.00756	0.01025	0.01148	0.01310	0.00740	0.00988	0.01336	0.01570	0.02040	0.09080	0.07259	0.11134	0.01801	0.00903	0.00293	0.00566	0.55769	0.00628	0.00614
30	0.00936	0.00685	0.00943	0.00962	0.01051	0.00746	0.00698	0.01103	0.01105	0.01533	0.02363	0.12506	0.05773	0.20429	0.45115	0.00838	0.01289	0.00962	0.00417	0.00548
31	0.01446	0.04069	0.04955	0.01879	0.02088	0.01872	0.15170	0.01705	0.01203	0.01755	0.01440	0.01901	0.06305	0.01052	0.01695	0.00267	0.49421	0.00680	0.00327	0.00769
32	0.01388	0.01359	0.01898	0.01659	0.01664	0.01869	0.01364	0.01531	0.01059	0.01627	0.01229	0.10670	0.01320	0.01289	0.02036	0.00291	0.65953	0.00750	0.00334	0.00711
33	0.00855	0.00607	0.00804	0.00947	0.00994	0.00575	0.00649	0.00981	0.01285	0.01709	0.03561	0.63949	0.04228	0.07863	0.01062	0.00305	0.00431	0.08048	0.00606	0.00541
34	0.00912	0.00652	0.00885	0.01030	0.01113	0.00625	0.00776	0.01103	0.01402	0.01861	0.07119	0.49648	0.04343	0.01982	0.00876	0.00281	0.00462	0.23730	0.00627	0.00574
35	0.12307	0.01526	0.01570	0.01287	0.01742	0.08227	0.01036	0.15111	0.14516	0.29752	0.04621	0.02050	0.01614	0.00821	0.00641	0.00207	0.00639	0.00635	0.00674	0.01023
36	0.01584	0.01810	0.03959	0.02828	0.03507	0.01697	0.69796	0.02149	0.01584	0.02149	0.01357	0.01810	0.01018	0.00566	0.00792	0.00226	0.01131	0.00792	0.00339	0.00905
37	0.00818	0.00584	0.00779	0.00934	0.00973	0.00545	0.00623	0.00934	0.01285	0.01713	0.03698	0.75981	0.04438	0.02102	0.00856	0.00273	0.00389	0.01908	0.00623	0.00545
38	0.01794	0.76823	0.03516	0.01148	0.01722	0.02655	0.01148	0.02009	0.01363	0.01579	0.00933	0.01076	0.00861	0.00574	0.00431	0.00144	0.00718	0.00359	0.00287	0.00861
39	0.02551	0.01879	0.02014	0.01544	0.02081	0.02081	0.01275	0.69996	0.03155	0.04229	0.01611	0.01611	0.01141	0.00805	0.00671	0.00201	0.00738	0.00604	0.00671	0.01141
40	0.01267	0.01193	0.02013	0.74806	0.04621	0.01491	0.01863	0.01714	0.01342	0.01714	0.01193	0.01789	0.00894	0.00671	0.00671	0.00224	0.00894	0.00596	0.00298	0.00745
41	0.02884	0.01170	0.01553	0.01210	0.01716	0.01051	0.00993	0.03298	0.08445	0.66099	0.02655	0.02305	0.01698	0.00838	0.00676	0.00210	0.00567	0.00683	0.00817	0.01134
42	0.02473	0.01804	0.01930	0.01489	0.02003	0.01993	0.01227	0.65887	0.03050	0.04125	0.01646	0.01664	0.01176	0.00804	0.00659	0.00199	0.00713	0.00605	0.05444	0.01110
43	0.01267	0.01193	0.02013	0.74806	0.04621	0.01491	0.01863	0.01714	0.01342	0.01714	0.01193	0.01789	0.00894	0.00671	0.00671	0.00224	0.00894	0.00596	0.00298	0.00745
44	0.01842	0.01437	0.01552	0.01358	0.01751	0.01619	0.01079	0.14878	0.49386	0.06552	0.02567	0.02649	0.01973	0.00942	0.00689	0.00225	0.00568	0.04844	0.03051	0.01039
45	0.18945	0.04290	0.01513	0.01302	0.01674	0.19466	0.01017	0.02837	0.32561	0.02504	0.01834	0.01832	0.01413	0.00776	0.00585	0.00203	0.00690	0.00572	0.05099	0.00888
46	0.06012	0.01199	0.01494	0.01149	0.01661	0.01075	0.00940	0.07357	0.04196	0.46140	0.02201	0.02026	0.01469	0.00755	0.00621	0.00185	0.00554	0.00603	0.03681	0.16682
47	0.01576	0.01596	0.05481	0.06285	0.02796	0.01510	0.38050	0.08386	0.03293	0.04527	0.01660	0.07749	0.01420	0.04762	0.03415	0.00276	0.03134	0.00826	0.00417	0.02844
48	0.02258	0.06000	0.02037	0.01612	0.02046	0.28765	0.06414	0.20794	0.06792	0.07535	0.01746	0.02057	0.03100	0.00831	0.00664	0.00199	0.00901	0.04819	0.00512	0.00919
49	0.03010	0.01142	0.01557	0.01194	0.01713	0.00986	0.00986	0.03270	0.01920	0.72698	0.02647	0.02284	0.01661	0.00830	0.00675	0.00208	0.00571	0.00675	0.00830	0.01142
50	0.00818	0.00584	0.00779	0.00934	0.00973	0.00545	0.00623	0.00934	0.01285	0.01713	0.03698	0.75981	0.04438	0.02102	0.00856	0.00273	0.00389	0.01908	0.00623	0.00545
51	0.01007	0.00902	0.00886	0.00885	0.01065	0.07497	0.00650	0.01208	0.01598	0.01998	0.22556	0.18675	0.32538	0.01720	0.03519	0.00258	0.00480	0.01337	0.00617	0.00601
52	0.02495	0.01852	0.01982	0.01533	0.02060	0.02055	0.01262	0.65798	0.07444	0.04139	0.01682	0.01667	0.01198	0.00812	0.00672	0.00203	0.00725	0.00614	0.00672	0.01136
53	0.00818	0.00584	0.00779	0.00934	0.00973	0.00545	0.00623	0.00934	0.01285	0.01713	0.03698	0.75981	0.04438	0.02102	0.00856	0.00273	0.00389	0.01908	0.00623	0.00545
54	0.01468	0.01468	0.02055	0.01762	0.01762	0.02055	0.01468	0.01615	0.01028	0.01615	0.00881	0.01468	0.00881	0.01174	0.02202	0.00294	0.75191	0.00587	0.00294	0.00734
55	0.01725	0.00906	0.01190	0.01032	0.01329	0.00837	0.00825	0.05438	0.01937	0.25867	0.38946	0.04178	0.04289	0.01209	0.00759	0.00219	0.00451	0.07283	0.00754	0.00826
56	0.02551	0.01879	0.02014	0.01544	0.02081	0.02081	0.01275	0.69996	0.03155	0.04229	0.01611	0.01611	0.01141	0.00805	0.00671	0.00201	0.00738	0.00604	0.00671	0.01141
57	0.00959	0.00719	0.01078	0.01078	0.01198	0.00839	0.00839	0.01198	0.01078	0.01558	0.01797	0.02636	0.01677	0.05032	0.73760	0.01078	0.01797	0.00719	0.00359	0.00599
58	0.00798	0.00680	0.00687	0.00685	0.00909	0.00569	0.00514	0.00973	0.01541	0.01841	0.08922	0.06410	0.69818	0.01689	0.00793	0.00226	0.00339	0.01409	0.00627	0.00569
59	0.81159	0.01298	0.00986	0.00882	0.01298	0.01505	0.00727	0.01972	0.01142	0.03010	0.00934	0.01090	0.00727	0.00623	0.00415	0.00208	0.00519	0.00363	0.00415	0.00727
60	0.81159	0.01298	0.00986	0.00882	0.01298	0.01505	0.00727	0.01972	0.01142	0.03010	0.00934	0.01090	0.00727	0.00623	0.00415	0.00208	0.00519	0.00363	0.00415	0.00727
61	0.01545	0.29400	0.42323	0.01588	0.02390	0.04270	0.01882	0.02080	0.01412	0.01918	0.01102	0.01288	0.00862	0.00610	0.00556	0.00181	0.00876	0.00440	0.00292	0.04985
62	0.01617	0.02015	0.12792	0.01945	0.02380	0.12892	0.22826	0.02016	0.01451	0.01991	0.01294	0.01679	0.01040	0.00772	0.01027	0.00222	0.18548	0.00619	0.12057	0.00816
63	0.02942	0.01252	0.01625	0.01246	0.01768	0.01150	0.01029	0.13255	0.02105	0.62452	0.02492	0.02183	0.01583	0.00827	0.00674	0.00207	0.00596	0.00664	0.00807	0.01142
64	0.02506	0.03198	0.01901	0.01729	0.02074	0.73725	0.01296	0.02679	0.01901	0.01642	0.01037	0.01210	0.00864	0.00691	0.00605	0.00173	0.01210	0.00432	0.00346	0.00778
65	0.00967	0.00686	0.00912	0.00912	0.00974	0.00748	0.00631	0.01091	0.01029	0.01434	0.01950	0.03481	0.02044	0.39402	0.39892	0.00872	0.01245	0.00843	0.00382	0.00506
66	0.01477	0.01407	0.02392	0.37093	0.40694	0.01546	0.01968	0.01898	0.01441	0.01969	0.01230	0.01721	0.00984	0.00632	0.00667	0.00211	0.00843	0.00597	0.00316	0.00915
67	0.01661	0.01594	0.02724	0.04119	0.72233	0.01594	0.02059	0.02059	0.01528	0.02192	0.01262	0.01661	0.01063	0.00598	0.00664	0.00199	0.00797	0.00598	0.00332	0.01063
68	0.01166	0.00583	0.00874	0.00874	0.00874	0.00583	0.00583	0.00874	0.00874	0.01166	0.01166	0.02040	0.01166	0.02331	0.02622	0.80478	0.00583	0.00583	0.00291	0.00291
69	0.00963	0.00702	0.00993	0.00993	0.01083	0.00792	0.00732	0.01143	0.01053	0.01494	0.01876	0.03070	0.01866	0.22691	0.56359	0.00973	0.01514	0.00782	0.00371	0.00551
70	0.00961	0.00644	0.00736	0.00751	0.00755	0.00641	0.00427	0.00972	0.01005	0.01340	0.02264	0.11150	0.02628	0.69402	0.03174	0.00615	0.00626	0.01064	0.00427	0.00420
71	0.02967	0.01212	0.01600	0.01227	0.01748	0.01090	0.01013	0.09570	0.02037	0.66233	0.02549	0.02220	0.01612	0.00828	0.00674	0.00207	0.00587	0.00668	0.00815	0.01142
72	0.02858	0.01212	0.01579	0.01230	0.01737	0.01113	0.01010	0.07091	0.08515	0.62207	0.02596	0.02266	0.01668	0.00837	0.00675	0.00209	0.00577	0.00679	0.00807	0.01134
73	0.01591	0.01790	0.03843	0.02950	0.09996	0.01687	0.63401	0.02141	0.01578	0.02153	0.01348	0.01796	0.01022	0.00569	0.00780	0.00224	0.01100	0.00774	0.00339	0.00920
74	0.00874	0.00665	0.00939	0.01023	0.01118	0.00619	0.03719	0.01034	0.01346	0.01769	0.03873	0.59680	0.10607	0.01973	0.00854	0.00270	0.00439	0.08017	0.00610	0.00570
75	0.01845	0.71588	0.03401	0.01189	0.01747	0.07708	0.01159	0.02057	0.01402	0.01583	0.00940	0.01086	0.00861	0.00582	0.00443	0.00146	0.00753	0.00364	0.00291	0.00855
76	0.00815	0.00593	0.00769	0.00910	0.00967	0.00547	0.00612	0.00937	0.01308	0.01722	0.03991	0.69417	0.10813	0.02064	0.00850	0.00268	0.00385	0.01861	0.00623	0.00547
77	0.01794	0.76823	0.03516	0.01148	0.01722	0.02655	0.01148	0.02009	0.01363	0.01579	0.00933	0.01076	0.00861	0.00574	0.00431	0.00144	0.00718	0.00359	0.00287	0.00861
78	0.01430	0.17288	0.59864	0.01768	0.02681	0.01765	0.02228	0.02103	0.01407	0.02022	0.01153	0.01353	0.00852	0.00626	0.00599	0.00200	0.00940	0.00470	0.00284	0.00967
79	0.01472	0.06106	0.63716	0.01867	0.02783	0.08412	0.02319	0.02173	0.01460	0.02060	0.01179	0.01385	0.00852	0.00640	0.00627	0.00206	0.01002	0.00485	0.00289	0.00967
80	0.00814	0.00668	0.00718	0.00732	0.00926	0.00571	0.00539	0.00994	0.01539	0.01900	0.13830	0.15513	0.55500	0.01715	0.00801	0.00231	0.00344	0.01458	0.00636	0.00571
81	0.81159	0.01298	0.00986	0.00882	0.01298	0.01505	0.00727	0.01972	0.01142	0.03010	0.00934	0.01090	0.00727	0.00623	0.00415	0.00208	0.00519	0.00363	0.00415	0.00727
82	0.00963	0.00656	0.00746	0.00746	0.00767	0.00655	0.00435	0.00986	0.01018	0.01348	0.02409	0.04439	0.07023	0.67819	0.06820	0.00644	0.00688	0.00992	0.00419	0.00427
83	0.01802	0.01876	0.03304	0.04390	0.03099	0.08464	0.48744	0.08937	0.01766	0.04939	0.01388	0.01730	0.01035	0.00611	0.00740	0.00212	0.01041	0.00710	0.00393	0.04818
84	0.02203	0.02902	0.08577	0.01765	0.04041	0.55702	0.01404	0.02443	0.01738	0.01695	0.01109	0.01364	0.00931	0.01038	0.06247	0.00252	0.04987	0.00472	0.00338	0.00790
85	0.01056	0.00755	0.01053	0.01207	0.01351	0.00751	0.01038	0.01347	0.01520	0.01980	0.03566	0.14028	0.03916	0.01877	0.00920	0.00305	0.00596	0.61504	0.00618	0.00611
86	0.01599	0.01668	0.05931	0.10624	0.53516	0.01596	0.11093	0.02041	0.01513	0.02138	0.01266	0.01682	0.01031	0.00602	0.00681	0.00206	0.00860	0.00619	0.00328	0.01008
87	0.00818	0.00584	0.00779	0.00934	0.00973	0.00545	0.00623	0.00934	0.01285	0.01713	0.03698	0.75981	0.04438	0.02102	0.00856	0.00273	0.00389	0.01908	0.00623	0.00545
88	0.01579	0.01602	0.02147	0.20244	0.04706	0.08616	0.06393	0.04209	0.06007	0.01865	0.01168	0.01629	0.00985	0.00912	0.01368	0.00250	0.34579	0.00602	0.00343	0.00798

[dist]
# distance from previous block
# <min> <max>
0	1

[block]
# block no. 2 follows, 32 sequences, length 20
# corresponding to MSA columns:
# 169-188
name=unknown_C
#
# <colnr> <probs for GDERKNQSTAVLIFYWHMCP>
#	G	D	E	R	K	N	Q	S	T	A	V	L	I	F	Y	W	H	M	C	P
0	0.81159	0.01298	0.00986	0.00882	0.01298	0.01505	0.00727	0.01972	0.01142	0.03010	0.00934	0.01090	0.00727	0.00623	0.00415	0.00208	0.00519	0.00363	0.00415	0.00727
1	0.06915	0.01673	0.05182	0.05401	0.53896	0.01648	0.01880	0.11005	0.01708	0.02498	0.01283	0.01611	0.01039	0.00630	0.00648	0.00201	0.00781	0.00580	0.00379	0.01040
2	0.07765	0.01660	0.01835	0.01415	0.01940	0.01774	0.01169	0.49179	0.02721	0.20980	0.01822	0.01743	0.01242	0.00800	0.00655	0.00203	0.00683	0.00606	0.00694	0.01114
3	0.01484	0.01513	0.02054	0.36022	0.13283	0.11108	0.03792	0.01828	0.01394	0.01765	0.01295	0.04847	0.01118	0.01063	0.05598	0.00279	0.09803	0.00643	0.00328	0.00781
4	0.01594	0.01607	0.02787	0.15057	0.35134	0.03398	0.18867	0.02147	0.06898	0.02124	0.01374	0.01769	0.01091	0.00642	0.00733	0.00214	0.02598	0.00654	0.00355	0.00957
5	0.01288	0.01221	0.02017	0.67234	0.04325	0.01549	0.01822	0.01704	0.01309	0.01704	0.01160	0.01756	0.00893	0.00723	0.00830	0.00231	0.08596	0.00595	0.00298	0.00744
6	0.02506	0.03198	0.01901	0.01729	0.02074	0.73725	0.01296	0.02679	0.01901	0.01642	0.01037	0.01210	0.00864	0.00691	0.00605	0.00173	0.01210	0.00432	0.00346	0.00778
7	0.01413	0.01136	0.01583	0.04081	0.23070	0.03537	0.01164	0.05479	0.01567	0.06300	0.10465	0.17844	0.05653	0.09285	0.04144	0.00303	0.00665	0.01018	0.00509	0.00786
8	0.01629	0.09657	0.06688	0.08814	0.55954	0.01697	0.01972	0.02033	0.01491	0.02089	0.01219	0.01594	0.01017	0.00603	0.00638	0.00196	0.00807	0.00567	0.00322	0.01014
9	0.01053	0.00712	0.00887	0.00931	0.01046	0.00685	0.00669	0.03319	0.01390	0.05077	0.06489	0.30790	0.11873	0.18763	0.03584	0.00373	0.00532	0.10668	0.00582	0.00578
10	0.03010	0.01142	0.01557	0.01194	0.01713	0.00986	0.00986	0.03270	0.01920	0.72698	0.02647	0.02284	0.01661	0.00830	0.00675	0.00208	0.00571	0.00675	0.00830	0.01142
11	0.01714	0.01606	0.02638	0.03866	0.65516	0.01626	0.01977	0.06163	0.04124	0.02336	0.01336	0.01688	0.01103	0.00621	0.00665	0.00200	0.00784	0.00604	0.00365	0.01067
12	0.01604	0.01919	0.14588	0.03692	0.57629	0.01593	0.05030	0.02074	0.01512	0.02179	0.01256	0.01626	0.01025	0.00603	0.00665	0.00203	0.00844	0.00589	0.00324	0.01044
13	0.01445	0.01424	0.02102	0.54143	0.15675	0.07032	0.01818	0.01927	0.04444	0.01837	0.01259	0.01754	0.00971	0.00671	0.00665	0.00216	0.00886	0.00591	0.00324	0.00815
14	0.74112	0.01468	0.01068	0.00958	0.01367	0.07975	0.00778	0.02036	0.01210	0.02888	0.00944	0.01101	0.00739	0.00629	0.00432	0.00205	0.00581	0.00369	0.00409	0.00731
15	0.01173	0.01072	0.05698	0.01002	0.01296	0.00943	0.00835	0.07706	0.11082	0.02577	0.34718	0.04519	0.22161	0.01298	0.00757	0.00217	0.00433	0.01105	0.00665	0.00741
16	0.02430	0.01834	0.02054	0.01766	0.08350	0.02018	0.01336	0.60834	0.06151	0.03980	0.01632	0.01657	0.01176	0.00792	0.00671	0.00202	0.00734	0.00611	0.00641	0.01130
17	0.00853	0.00708	0.00752	0.00765	0.00968	0.00628	0.00564	0.01119	0.05401	0.01895	0.09193	0.16908	0.54486	0.01702	0.00797	0.00233	0.00357	0.01446	0.00632	0.00594
18	0.01664	0.09673	0.10057	0.03320	0.45879	0.04472	0.11182	0.02097	0.01521	0.02095	0.01226	0.01578	0.01007	0.00599	0.00652	0.00197	0.00870	0.00583	0.00324	0.01002
19	0.01490	0.12956	0.42918	0.02175	0.11345	0.01735	0.10814	0.02165	0.04387	0.02091	0.01258	0.01497	0.00950	0.00626	0.00634	0.00204	0.00929	0.00539	0.00314	0.00974

[dist]
# distance from previous block
# <min> <max>
0	1

[block]
# block no. 3 follows, 32 sequences, length 14
# corresponding to MSA columns:
# 190-203
name=unknown_D
#
# <colnr> <probs for GDERKNQSTAVLIFYWHMCP>
#	G	D	E	R	K	N	Q	S	T	A	V	L	I	F	Y	W	H	M	C	P
0	0.01086	0.00982	0.01589	0.01359	0.01652	0.00911	0.17264	0.03553	0.01543	0.01977	0.04170	0.20932	0.27875	0.01510	0.00822	0.00248	0.00593	0.10709	0.00556	0.00669
1	0.01368	0.02082	0.28788	0.18127	0.14453	0.01425	0.04373	0.05007	0.01505	0.02112	0.03814	0.10819	0.01531	0.00847	0.00688	0.00220	0.00836	0.00747	0.00371	0.00887
2	0.01479	0.09577	0.21221	0.02464	0.16837	0.01631	0.22769	0.01974	0.01461	0.02035	0.01476	0.09019	0.01306	0.00763	0.00737	0.00215	0.03039	0.00738	0.00345	0.00914
3	0.01135	0.00597	0.00877	0.00870	0.00892	0.00590	0.00590	0.00929	0.01018	0.01380	0.11104	0.02457	0.01892	0.02196	0.02365	0.69196	0.00545	0.00671	0.00354	0.00339
4	0.01728	0.12618	0.11877	0.06309	0.36814	0.11309	0.05879	0.02132	0.01535	0.01999	0.01181	0.01502	0.00970	0.00614	0.00628	0.00192	0.00890	0.00540	0.00320	0.00963
5	0.01425	0.04753	0.34597	0.07722	0.05843	0.01482	0.17918	0.02001	0.01482	0.04706	0.03413	0.05903	0.04184	0.00768	0.00694	0.00217	0.00908	0.00712	0.00364	0.00906
6	0.01503	0.01620	0.06725	0.38456	0.30176	0.06255	0.01940	0.01935	0.01454	0.01918	0.01210	0.01679	0.00954	0.00642	0.00662	0.00210	0.00884	0.00580	0.00313	0.00884
7	0.01319	0.02736	0.49153	0.01956	0.02752	0.01443	0.15535	0.01962	0.01431	0.02072	0.01585	0.11975	0.01388	0.00829	0.00699	0.00224	0.00935	0.00753	0.00342	0.00912
8	0.01386	0.06403	0.19703	0.05469	0.05431	0.01506	0.29337	0.01893	0.01425	0.01977	0.01510	0.06979	0.01297	0.01325	0.10983	0.00340	0.01091	0.00747	0.00343	0.00854
9	0.01553	0.10574	0.56198	0.01812	0.02672	0.11808	0.02183	0.02192	0.01480	0.02004	0.01154	0.01354	0.00853	0.00639	0.00613	0.00200	0.00996	0.00474	0.00292	0.00949
10	0.00976	0.00651	0.00732	0.00732	0.00732	0.00651	0.00407	0.00976	0.00976	0.01301	0.02114	0.04391	0.02439	0.76419	0.03415	0.00651	0.00651	0.00976	0.00407	0.00407
11	0.01084	0.01139	0.03659	0.00943	0.01191	0.10902	0.00751	0.01290	0.01574	0.01846	0.08304	0.11588	0.45574	0.01548	0.00775	0.00228	0.00510	0.05899	0.00576	0.00617
12	0.01881	0.13056	0.08343	0.02069	0.17377	0.28810	0.01451	0.04267	0.01652	0.01887	0.01478	0.11830	0.01417	0.00851	0.00633	0.00193	0.00899	0.00676	0.00378	0.00850
13	0.02361	0.02714	0.04667	0.01728	0.02141	0.46094	0.04149	0.18000	0.04345	0.02308	0.01235	0.01388	0.00972	0.00739	0.00705	0.00190	0.04450	0.00506	0.00426	0.00881

[dist]
# distance from previous block
# <min> <max>
6	35

[block]
# block no. 4 follows, 32 sequences, length 69
# corresponding to MSA columns:
# 239-307
name=unknown_E
#
# <colnr> <probs for GDERKNQSTAVLIFYWHMCP>
#	G	D	E	R	K	N	Q	S	T	A	V	L	I	F	Y	W	H	M	C	P
0	0.01532	0.01829	0.11712	0.05018	0.09448	0.05402	0.17561	0.02000	0.03718	0.02074	0.01245	0.01572	0.00997	0.00654	0.00823	0.00191	0.09678	0.00568	0.00352	0.23627
1	0.12232	0.05482	0.25164	0.01655	0.04202	0.12273	0.03272	0.12612	0.06920	0.07918	0.01424	0.01523	0.01042	0.00698	0.00611	0.00202	0.00845	0.00523	0.00443	0.00960
2	0.01556	0.04274	0.17418	0.02828	0.15583	0.01679	0.42376	0.02124	0.01534	0.02136	0.01298	0.01684	0.00988	0.00586	0.00728	0.00216	0.01032	0.00686	0.00325	0.00949
3	0.01037	0.00894	0.01081	0.13734	0.01681	0.05538	0.00869	0.01217	0.01333	0.01707	0.03066	0.47175	0.07019	0.06260	0.00948	0.00272	0.00548	0.01442	0.00527	0.03654
4	0.01710	0.08708	0.15401	0.10596	0.29259	0.01608	0.05117	0.05809	0.01591	0.08712	0.01460	0.04489	0.01174	0.00700	0.00654	0.00204	0.00812	0.00624	0.00392	0.00981
5	0.06119	0.42814	0.05486	0.09923	0.04831	0.11213	0.01306	0.02190	0.07107	0.01825	0.01146	0.01329	0.00962	0.00633	0.00517	0.00172	0.00787	0.00443	0.00337	0.00859
6	0.12261	0.24667	0.09250	0.05455	0.15297	0.07011	0.09743	0.02133	0.01459	0.05272	0.01169	0.01406	0.00937	0.00614	0.00570	0.00188	0.00818	0.00500	0.00348	0.00900
7	0.01987	0.04252	0.08000	0.01878	0.11303	0.19368	0.01400	0.15752	0.21111	0.02580	0.01760	0.04604	0.01408	0.00808	0.00655	0.00203	0.00812	0.00638	0.00504	0.00976
8	0.02139	0.05854	0.01726	0.01379	0.01749	0.28669	0.01074	0.23449	0.02100	0.02553	0.01466	0.01795	0.01211	0.07643	0.00852	0.00219	0.00842	0.00556	0.10826	0.03900
9	0.01035	0.00845	0.00952	0.01006	0.01095	0.05500	0.00701	0.01259	0.05028	0.01660	0.02760	0.37779	0.03095	0.15844	0.17714	0.00512	0.00815	0.01314	0.00510	0.00576
10	0.01671	0.01696	0.05863	0.11938	0.50162	0.03702	0.03703	0.05817	0.04787	0.02255	0.01334	0.01691	0.01076	0.00636	0.00667	0.00204	0.00823	0.00601	0.00361	0.01014
11	0.02017	0.01294	0.01471	0.01225	0.01634	0.01351	0.00981	0.18936	0.21097	0.20201	0.05437	0.02974	0.13355	0.01169	0.03502	0.00248	0.00601	0.00823	0.00696	0.00987
12	0.02537	0.01332	0.06003	0.01345	0.01859	0.01131	0.04564	0.03058	0.10742	0.51187	0.02564	0.02582	0.01773	0.00883	0.00696	0.00218	0.00623	0.05085	0.00739	0.01076
13	0.05025	0.58271	0.03065	0.01242	0.01767	0.15047	0.01152	0.02170	0.01469	0.04175	0.01012	0.01143	0.00885	0.00606	0.00469	0.00153	0.00791	0.00383	0.00322	0.00851
14	0.00950	0.00703	0.01024	0.01036	0.01139	0.00800	0.00783	0.01158	0.01084	0.01546	0.01967	0.08235	0.01952	0.11334	0.61930	0.00980	0.01588	0.00831	0.00383	0.00577
15	0.01596	0.01516	0.02571	0.07143	0.64454	0.01526	0.01957	0.01991	0.01544	0.02203	0.05899	0.01887	0.01401	0.00652	0.00673	0.00201	0.00770	0.00638	0.00357	0.01020
16	0.01166	0.00583	0.00874	0.00874	0.00874	0.00583	0.00583	0.00874	0.00874	0.01166	0.01166	0.02040	0.01166	0.02331	0.02622	0.80478	0.00583	0.00583	0.00291	0.00291
17	0.01596	0.01529	0.02607	0.15687	0.61168	0.01577	0.02027	0.02003	0.01497	0.02114	0.01251	0.01682	0.01035	0.00610	0.00665	0.00203	0.00813	0.00598	0.00327	0.01011
18	0.01003	0.00740	0.00924	0.01013	0.01119	0.00739	0.00727	0.04039	0.07283	0.01921	0.03496	0.51379	0.05809	0.06788	0.01009	0.00294	0.00460	0.10025	0.00615	0.00614
19	0.01579	0.01509	0.02556	0.12355	0.61307	0.01540	0.01973	0.01974	0.01506	0.02120	0.01480	0.01872	0.03939	0.00651	0.00670	0.00203	0.00790	0.00631	0.00340	0.01005
20	0.01081	0.00772	0.01081	0.01236	0.01390	0.00772	0.01081	0.01390	0.01545	0.02008	0.03553	0.07569	0.03862	0.01854	0.00927	0.00309	0.00618	0.67717	0.00618	0.00618
21	0.01631	0.01583	0.02325	0.32038	0.34848	0.07469	0.01867	0.06436	0.01591	0.02090	0.01239	0.01672	0.00984	0.00648	0.00663	0.00207	0.00866	0.00584	0.00342	0.00918
22	0.01841	0.12164	0.06490	0.02107	0.06691	0.08352	0.27981	0.09922	0.01769	0.06964	0.01684	0.02113	0.03704	0.00740	0.00695	0.00208	0.00916	0.04316	0.00426	0.00916
23	0.00818	0.00584	0.00779	0.00934	0.00973	0.00545	0.00623	0.00934	0.01285	0.01713	0.03698	0.75981	0.04438	0.02102	0.00856	0.00273	0.00389	0.01908	0.00623	0.00545
24	0.01971	0.01862	0.10531	0.01502	0.02018	0.01815	0.01320	0.29162	0.36093	0.03274	0.02108	0.02023	0.01548	0.00836	0.00673	0.00216	0.00668	0.00666	0.00629	0.01084
25	0.01454	0.01223	0.01455	0.01101	0.01591	0.01079	0.00881	0.07555	0.01480	0.02245	0.01276	0.01602	0.01093	0.03385	0.05886	0.00211	0.06626	0.00472	0.00411	0.58974
26	0.01741	0.01546	0.10342	0.05717	0.09949	0.03736	0.01385	0.07588	0.04057	0.14691	0.01734	0.05661	0.01424	0.01639	0.13510	0.02353	0.10895	0.00685	0.00467	0.00879
27	0.01520	0.06281	0.20718	0.02316	0.02996	0.04531	0.40484	0.02065	0.01510	0.02051	0.01426	0.06514	0.01183	0.00704	0.00763	0.00221	0.02736	0.00749	0.00340	0.00891
28	0.01067	0.00762	0.01065	0.01219	0.01367	0.00760	0.01056	0.01365	0.01530	0.01992	0.03561	0.11301	0.03893	0.01867	0.00923	0.00307	0.00605	0.64127	0.00618	0.00614
29	0.01993	0.00950	0.01225	0.01036	0.01391	0.00853	0.00824	0.02331	0.05449	0.37575	0.18218	0.07383	0.13831	0.01176	0.00734	0.00218	0.00470	0.02691	0.00755	0.00895
30	0.01281	0.01207	0.02038	0.72300	0.07018	0.01494	0.01870	0.01727	0.01348	0.01731	0.01195	0.01784	0.00900	0.00668	0.00671	0.00223	0.00891	0.00596	0.00299	0.00757
31	0.01584	0.01810	0.03959	0.02828	0.03507	0.01697	0.69796	0.02149	0.01584	0.02149	0.01357	0.01810	0.01018	0.00566	0.00792	0.00226	0.01131	0.00792	0.00339	0.00905
32	0.00818	0.00610	0.00762	0.00874	0.00960	0.00554	0.00598	0.00956	0.01367	0.01780	0.07504	0.57457	0.19357	0.01980	0.00840	0.00260	0.00375	0.01768	0.00628	0.00554
33	0.02865	0.01140	0.01521	0.01176	0.01678	0.00999	0.00968	0.05416	0.01940	0.66195	0.02855	0.02506	0.05771	0.00881	0.00682	0.00209	0.00563	0.00716	0.00813	0.01108
34	0.00818	0.00584	0.00779	0.00934	0.00973	0.00545	0.00623	0.00934	0.01285	0.01713	0.03698	0.75981	0.04438	0.02102	0.00856	0.00273	0.00389	0.01908	0.00623	0.00545
35	0.00960	0.00714	0.01051	0.01051	0.01162	0.00824	0.00805	0.01181	0.01070	0.01538	0.01822	0.02772	0.01737	0.10574	0.68299	0.01045	0.01708	0.00739	0.00363	0.00584
36	0.00843	0.00595	0.00771	0.00902	0.00935	0.00562	0.00588	0.00941	0.01236	0.01647	0.03446	0.64602	0.04120	0.13915	0.01263	0.00333	0.00431	0.01759	0.00588	0.00523
37	0.00818	0.00584	0.00779	0.00934	0.00973	0.00545	0.00623	0.00934	0.01285	0.01713	0.03698	0.75981	0.04438	0.02102	0.00856	0.00273	0.00389	0.01908	0.00623	0.00545
38	0.01150	0.00639	0.00650	0.00647	0.00817	0.00615	0.00486	0.01437	0.01457	0.02386	0.06880	0.03366	0.14857	0.00983	0.00546	0.00172	0.00318	0.00803	0.61177	0.00615
39	0.01166	0.00583	0.00874	0.00874	0.00874	0.00583	0.00583	0.00874	0.00874	0.01166	0.01166	0.02040	0.01166	0.02331	0.02622	0.80478	0.00583	0.00583	0.00291	0.00291
40	0.81159	0.01298	0.00986	0.00882	0.01298	0.01505	0.00727	0.01972	0.01142	0.03010	0.00934	0.01090	0.00727	0.00623	0.00415	0.00208	0.00519	0.00363	0.00415	0.00727
41	0.01346	0.03471	0.72942	0.01912	0.02904	0.01558	0.02479	0.02125	0.01417	0.02125	0.01204	0.01417	0.00850	0.00637	0.00637	0.00212	0.00992	0.00496	0.00283	0.00992
42	0.02998	0.01161	0.01569	0.01203	0.01723	0.01015	0.00994	0.05029	0.01953	0.70893	0.02620	0.02266	0.01647	0.00830	0.00675	0.00207	0.00575	0.00673	0.00826	0.01142
43	0.02464	0.03109	0.01882	0.01710	0.02058	0.70090	0.01285	0.02724	0.05388	0.01701	0.01123	0.01275	0.00924	0.00702	0.00609	0.00176	0.01176	0.00449	0.00363	0.00792
44	0.01676	0.01949	0.03754	0.02718	0.03364	0.08892	0.62953	0.02202	0.01615	0.02099	0.01325	0.01750	0.01003	0.00578	0.00773	0.00221	0.01139	0.00756	0.00340	0.00892
45	0.00843	0.00649	0.00770	0.00809	0.00954	0.00577	0.00580	0.01034	0.01546	0.02012	0.23038	0.29355	0.31925	0.01747	0.00814	0.00238	0.00350	0.01527	0.00654	0.00577
46	0.01267	0.01193	0.02013	0.74806	0.04621	0.01491	0.01863	0.01714	0.01342	0.01714	0.01193	0.01789	0.00894	0.00671	0.00671	0.00224	0.00894	0.00596	0.00298	0.00745
47	0.00974	0.00656	0.00758	0.00758	0.00766	0.00664	0.00439	0.00992	0.00983	0.01320	0.02091	0.04261	0.02383	0.71125	0.08632	0.00682	0.00736	0.00957	0.00403	0.00421
48	0.02274	0.01306	0.01535	0.01288	0.01730	0.01361	0.01028	0.03432	0.39881	0.34303	0.02693	0.02404	0.01874	0.00874	0.00679	0.00219	0.00549	0.00721	0.00749	0.01098
49	0.01391	0.01193	0.01391	0.00994	0.01590	0.00894	0.00795	0.01690	0.01391	0.02186	0.01193	0.01391	0.00994	0.00497	0.00497	0.00099	0.00497	0.00398	0.00398	0.80521
50	0.01346	0.03471	0.72942	0.01912	0.02904	0.01558	0.02479	0.02125	0.01417	0.02125	0.01204	0.01417	0.00850	0.00637	0.00637	0.00212	0.00992	0.00496	0.00283	0.00992
51	0.01222	0.00623	0.00635	0.00646	0.00794	0.00620	0.00479	0.01522	0.01399	0.02450	0.02288	0.07329	0.01898	0.00868	0.00494	0.00164	0.00318	0.00710	0.74919	0.00620
52	0.00817	0.00588	0.00775	0.00924	0.00970	0.00546	0.00618	0.00935	0.01295	0.01717	0.03825	0.73141	0.07196	0.02086	0.00854	0.00271	0.00387	0.01887	0.00623	0.00546
53	0.01314	0.00755	0.00690	0.00681	0.00847	0.04313	0.00511	0.01620	0.01432	0.02458	0.02131	0.02436	0.01677	0.00777	0.00476	0.00157	0.00358	0.00616	0.76119	0.00633
54	0.00975	0.00654	0.00748	0.00748	0.00753	0.00659	0.00426	0.00986	0.00980	0.01313	0.02100	0.04311	0.02404	0.73147	0.06639	0.00670	0.00703	0.00964	0.00404	0.00415
55	0.00801	0.00672	0.00688	0.00698	0.00904	0.00568	0.00513	0.00962	0.01493	0.01788	0.06425	0.10951	0.65013	0.04425	0.00892	0.00245	0.00354	0.01432	0.00615	0.00559
56	0.00974	0.00658	0.00770	0.00770	0.00783	0.00671	0.00454	0.01000	0.00987	0.01329	0.02079	0.04198	0.02356	0.68563	0.11156	0.00698	0.00777	0.00948	0.00401	0.00428
57	0.01661	0.01594	0.02724	0.04119	0.72233	0.01594	0.02059	0.02059	0.01528	0.02192	0.01262	0.01661	0.01063	0.00598	0.00664	0.00199	0.00797	0.00598	0.00332	0.01063
58	0.01251	0.00625	0.00625	0.00625	0.00782	0.00625	0.00469	0.01563	0.01407	0.02502	0.02189	0.02502	0.01720	0.00782	0.00469	0.00156	0.00313	0.00625	0.80144	0.00625
59	0.03010	0.01142	0.01557	0.01194	0.01713	0.00986	0.00986	0.03270	0.01920	0.72698	0.02647	0.02284	0.01661	0.00830	0.00675	0.00208	0.00571	0.00675	0.00830	0.01142
60	0.00954	0.00694	0.00978	0.01044	0.01132	0.00675	0.03177	0.03658	0.01341	0.01794	0.03256	0.58408	0.03794	0.02162	0.04990	0.05584	0.00530	0.04681	0.00578	0.00571
61	0.01794	0.76823	0.03516	0.01148	0.01722	0.02655	0.01148	0.02009	0.01363	0.01579	0.00933	0.01076	0.00861	0.00574	0.00431	0.00144	0.00718	0.00359	0.00287	0.00861
62	0.01015	0.00797	0.01149	0.01121	0.01210	0.00955	0.00863	0.01214	0.01073	0.01548	0.01819	0.06664	0.01804	0.11361	0.54083	0.00896	0.10673	0.00793	0.00370	0.00594
63	0.01778	0.74222	0.05977	0.01175	0.01764	0.02616	0.01195	0.02013	0.01365	0.01598	0.00942	0.01088	0.00861	0.00576	0.00438	0.00146	0.00727	0.00364	0.00287	0.00866
64	0.05535	0.01196	0.01341	0.01270	0.05281	0.04118	0.03136	0.08132	0.17479	0.06239	0.10576	0.05008	0.15010	0.03082	0.00753	0.00222	0.00530	0.00888	0.09382	0.00824
65	0.02291	0.01714	0.01800	0.08143	0.02122	0.12002	0.01229	0.30467	0.02266	0.16568	0.03413	0.01869	0.01345	0.01186	0.07217	0.00282	0.03913	0.00617	0.00580	0.00975
66	0.01530	0.01421	0.04653	0.01287	0.01639	0.03783	0.01034	0.06481	0.45111	0.02612	0.06737	0.11746	0.06861	0.01106	0.00712	0.00228	0.00544	0.00935	0.00645	0.00935
67	0.01742	0.02118	0.19083	0.01710	0.03787	0.08413	0.08793	0.19084	0.10458	0.02631	0.02092	0.09342	0.05895	0.00921	0.00697	0.00216	0.00803	0.00781	0.00497	0.00939
68	0.01737	0.16188	0.11999	0.01314	0.01785	0.03974	0.03802	0.14131	0.01788	0.09527	0.03861	0.14312	0.05050	0.00996	0.00647	0.00202	0.00666	0.00821	0.06332	0.00868

[dist]
# distance from previous block
# <min> <max>
2	66

[block]
# block no. 5 follows, 32 sequences, length 30
# corresponding to MSA columns:
# 374-403
name=unknown_F
#
# <colnr> <probs for GDERKNQSTAVLIFYWHMCP>
#	G	D	E	R	K	N	Q	S	T	A	V	L	I	F	Y	W	H	M	C	P
0	0.01633	0.05442	0.06296	0.01647	0.05172	0.06018	0.11740	0.07221	0.16468	0.04228	0.05712	0.04737	0.01703	0.01070	0.05590	0.00253	0.00795	0.00696	0.00487	0.13091
1	0.01564	0.07567	0.11010	0.01608	0.05567	0.06980	0.10175	0.05530	0.05943	0.05399	0.11971	0.02667	0.04768	0.04348	0.02868	0.00244	0.00765	0.03251	0.00476	0.07298
2	0.01655	0.05949	0.14123	0.03723	0.05903	0.04140	0.02542	0.10617	0.09900	0.07977	0.06496	0.02236	0.04031	0.01443	0.11689	0.00332	0.00881	0.00666	0.00489	0.05206
3	0.01634	0.04627	0.01994	0.16895	0.15195	0.01329	0.06858	0.06212	0.03859	0.12142	0.03927	0.12430	0.04124	0.00997	0.00717	0.00224	0.00704	0.04761	0.00502	0.00870
4	0.01475	0.09181	0.03756	0.04459	0.06993	0.01262	0.04901	0.03741	0.03808	0.02126	0.01300	0.01644	0.01106	0.05115	0.00717	0.00167	0.00624	0.00494	0.00389	0.46744
5	0.01291	0.03051	0.61067	0.01820	0.02693	0.01443	0.05277	0.01983	0.01423	0.02082	0.01700	0.06310	0.05354	0.00788	0.00667	0.00218	0.00922	0.00651	0.00327	0.00935
6	0.01131	0.00768	0.01021	0.00967	0.01091	0.00813	0.00697	0.01281	0.01108	0.05862	0.01909	0.03178	0.01905	0.31691	0.35995	0.00781	0.03236	0.00791	0.00407	0.05368
7	0.04450	0.01373	0.01522	0.04571	0.01789	0.01518	0.01043	0.21525	0.26896	0.10414	0.02171	0.02208	0.01619	0.02915	0.03150	0.00248	0.00628	0.00675	0.10303	0.00982
8	0.00966	0.00688	0.00924	0.00924	0.00990	0.00755	0.00646	0.01099	0.01033	0.01443	0.01939	0.03419	0.02018	0.36902	0.42355	0.00887	0.01285	0.00834	0.00380	0.00513
9	0.00827	0.00595	0.00787	0.00937	0.00987	0.00555	0.00637	0.00953	0.01303	0.01728	0.03801	0.70917	0.06770	0.02079	0.00857	0.00272	0.00396	0.04430	0.00623	0.00549
10	0.02176	0.18540	0.09246	0.01644	0.02113	0.46216	0.03554	0.02508	0.04842	0.01745	0.01118	0.01280	0.00920	0.00667	0.00581	0.00175	0.01052	0.00449	0.00342	0.00833
11	0.04157	0.26483	0.29472	0.01677	0.04824	0.18954	0.01711	0.02212	0.01510	0.01867	0.01073	0.01259	0.00861	0.00628	0.00559	0.00181	0.00935	0.00437	0.00305	0.00895
12	0.00924	0.00738	0.00833	0.00800	0.01009	0.00676	0.00602	0.01282	0.06790	0.02257	0.34000	0.05556	0.39093	0.01503	0.00784	0.00220	0.00344	0.01282	0.00676	0.00631
13	0.00820	0.00681	0.00717	0.00708	0.00923	0.00578	0.00531	0.01015	0.01593	0.01965	0.18056	0.06207	0.60608	0.01643	0.00793	0.00224	0.00336	0.01381	0.00643	0.00578
14	0.01860	0.06853	0.01746	0.01410	0.01814	0.10311	0.01116	0.09614	0.51667	0.02719	0.02302	0.02168	0.01741	0.00851	0.00655	0.00213	0.00644	0.00678	0.00615	0.01022
15	0.01391	0.01193	0.01391	0.00994	0.01590	0.00894	0.00795	0.01690	0.01391	0.02186	0.01193	0.01391	0.00994	0.00497	0.00497	0.00099	0.00497	0.00398	0.00398	0.80521
16	0.00811	0.00608	0.00754	0.00871	0.00957	0.00550	0.00595	0.00941	0.01345	0.01737	0.04463	0.58830	0.21095	0.02003	0.00841	0.00261	0.00377	0.01786	0.00623	0.00550
17	0.00959	0.00719	0.01078	0.01078	0.01198	0.00839	0.00839	0.01198	0.01078	0.01558	0.01797	0.02636	0.01677	0.05032	0.73760	0.01078	0.01797	0.00719	0.00359	0.00599
18	0.01619	0.06453	0.12472	0.13996	0.17330	0.15833	0.01650	0.02029	0.03659	0.01872	0.01381	0.06175	0.01217	0.01041	0.05149	0.00261	0.06039	0.00628	0.00347	0.00850
19	0.00975	0.00654	0.00747	0.00747	0.00753	0.00659	0.00426	0.00986	0.00980	0.01312	0.02100	0.04313	0.02405	0.73233	0.06555	0.00670	0.00702	0.00964	0.00404	0.00415
20	0.00831	0.00606	0.00786	0.00924	0.00991	0.00561	0.00638	0.00966	0.01329	0.01742	0.04043	0.63852	0.12108	0.02041	0.00854	0.00269	0.00398	0.05888	0.00623	0.00552
21	0.01353	0.01281	0.02168	0.59322	0.19432	0.01513	0.01906	0.01790	0.01382	0.01819	0.01208	0.01761	0.00931	0.00655	0.00669	0.00218	0.00873	0.00597	0.00306	0.00815
22	0.11426	0.21406	0.02265	0.01592	0.08468	0.09738	0.03340	0.14403	0.08513	0.06947	0.01488	0.03401	0.01193	0.00728	0.00576	0.00188	0.00728	0.00551	0.02118	0.00931
23	0.01575	0.01873	0.06563	0.02793	0.03484	0.01692	0.67255	0.02148	0.01577	0.02148	0.01352	0.01795	0.01012	0.00568	0.00786	0.00226	0.01126	0.00781	0.00337	0.00908
24	0.00993	0.00733	0.00907	0.00899	0.01057	0.00692	0.00664	0.05351	0.01747	0.02377	0.38013	0.24466	0.14671	0.01595	0.00806	0.00232	0.00373	0.03111	0.00683	0.00630
25	0.01005	0.00770	0.01130	0.01163	0.03452	0.00891	0.00852	0.01216	0.01078	0.01549	0.01780	0.02769	0.01717	0.13399	0.59876	0.00965	0.04689	0.00741	0.00362	0.00596
26	0.01622	0.06297	0.14045	0.16489	0.22373	0.09228	0.01781	0.02279	0.12177	0.02066	0.01407	0.01686	0.01106	0.00699	0.00708	0.00209	0.03951	0.00574	0.00369	0.00934
27	0.01343	0.01213	0.01988	0.05928	0.37990	0.01210	0.03679	0.01693	0.01561	0.02180	0.15531	0.07414	0.06096	0.01158	0.03778	0.00253	0.00702	0.04965	0.00461	0.00857
28	0.08437	0.37422	0.04522	0.01561	0.06127	0.23906	0.03195	0.04485	0.01585	0.01869	0.01026	0.01200	0.00877	0.00624	0.00520	0.00167	0.00875	0.00420	0.00332	0.00851
29	0.02187	0.03363	0.05039	0.01642	0.04484	0.01769	0.07308	0.44154	0.02552	0.07344	0.03884	0.04053	0.03342	0.00830	0.00679	0.00201	0.00730	0.00683	0.00600	0.05158

[dist]
# distance from previous block
# <min> <max>
0	1

[block]
# block no. 6 follows, 32 sequences, length 6
# corresponding to MSA columns:
# 405-410
name=unknown_G
#
# <colnr> <probs for GDERKNQSTAVLIFYWHMCP>
#	G	D	E	R	K	N	Q	S	T	A	V	L	I	F	Y	W	H	M	C	P
0	0.01841	0.06503	0.02452	0.12866	0.28979	0.11622	0.06331	0.11032	0.07596	0.02324	0.01376	0.01655	0.01089	0.00670	0.00654	0.00200	0.00855	0.00588	0.00400	0.00966
1	0.61408	0.01584	0.01134	0.01036	0.01412	0.14258	0.00820	0.02023	0.01287	0.02674	0.01152	0.06505	0.01018	0.00742	0.00481	0.00206	0.00632	0.00487	0.00418	0.00723
2	0.01606	0.01773	0.09824	0.09070	0.29651	0.10779	0.01627	0.02063	0.05877	0.04835	0.01911	0.12070	0.04223	0.00898	0.00687	0.00213	0.00782	0.00789	0.00418	0.00902
