[name]
unknown

[dist]
# distance from previous block
# <min> <max>
0	3

[block]
# block no. 0 follows, 31 sequences, length 71
# corresponding to MSA columns:
# 3-73
name=unknown_A
#
# <colnr> <probs for GDERKNQSTAVLIFYWHMCP>
#	G	D	E	R	K	N	Q	S	T	A	V	L	I	F	Y	W	H	M	C	P
0	0.01943	0.09209	0.16395	0.01571	0.02129	0.05281	0.04972	0.15817	0.07753	0.11881	0.02035	0.02782	0.01694	0.00946	0.00704	0.00224	0.00787	0.12361	0.00544	0.00972
1	0.03706	0.03361	0.08312	0.01515	0.02028	0.01407	0.12012	0.06695	0.19946	0.11704	0.06098	0.02710	0.10032	0.00903	0.00700	0.00213	0.00668	0.00791	0.00580	0.06619
2	0.02109	0.02404	0.02273	0.02549	0.24352	0.37458	0.05543	0.05441	0.01794	0.01998	0.01235	0.01544	0.01030	0.01003	0.06084	0.00258	0.01117	0.00546	0.00364	0.00897
3	0.01472	0.01422	0.01985	0.04466	0.01832	0.01965	0.01436	0.01646	0.01089	0.01718	0.01010	0.01588	0.00963	0.01148	0.02054	0.00286	0.66334	0.00602	0.06244	0.00741
4	0.00977	0.00733	0.01100	0.01100	0.01222	0.00855	0.00855	0.01222	0.01100	0.01588	0.01833	0.02688	0.01710	0.05131	0.73245	0.01100	0.01833	0.00733	0.00367	0.00611
5	0.01578	0.01736	0.03429	0.02543	0.03019	0.01844	0.48011	0.02021	0.01437	0.02021	0.01232	0.01736	0.00994	0.00771	0.01257	0.00252	0.24176	0.00742	0.00331	0.00868
6	0.00994	0.00666	0.00762	0.00762	0.00768	0.00672	0.00435	0.01005	0.01000	0.01339	0.02141	0.04395	0.02452	0.72711	0.06679	0.00683	0.00717	0.00983	0.00412	0.00424
7	0.02002	0.20679	0.18267	0.01721	0.02300	0.33082	0.06656	0.02358	0.01663	0.01812	0.01238	0.01425	0.02610	0.00679	0.00601	0.00184	0.01036	0.00489	0.00330	0.00867
8	0.00968	0.00699	0.00914	0.00861	0.01022	0.00646	0.00646	0.01291	0.01937	0.02743	0.71328	0.05110	0.06455	0.01399	0.00807	0.00215	0.00323	0.01237	0.00753	0.00646
9	0.01475	0.00942	0.01319	0.01291	0.07317	0.00885	0.02616	0.04849	0.01958	0.14425	0.48804	0.04107	0.04813	0.01191	0.00770	0.00214	0.00449	0.01052	0.00720	0.00801
10	0.01082	0.00773	0.01079	0.01237	0.01385	0.00770	0.01067	0.01382	0.01555	0.02025	0.03634	0.12830	0.03982	0.01909	0.00940	0.00312	0.00612	0.62171	0.00630	0.00624
11	0.02028	0.01521	0.01652	0.01399	0.01841	0.01687	0.01111	0.17137	0.46876	0.10698	0.02489	0.02304	0.01820	0.00884	0.00687	0.00220	0.00588	0.00720	0.00701	0.03639
12	0.01275	0.00638	0.00638	0.00638	0.00797	0.00638	0.00478	0.01594	0.01435	0.02551	0.02232	0.02551	0.01754	0.00797	0.00478	0.00159	0.00319	0.00638	0.79755	0.00638
13	0.02392	0.02060	0.11214	0.01586	0.02179	0.01963	0.01428	0.56061	0.02899	0.05972	0.04268	0.01769	0.01341	0.00822	0.00685	0.00207	0.00765	0.00627	0.00640	0.01124
14	0.75502	0.01312	0.01045	0.00921	0.01352	0.01499	0.00759	0.02101	0.01218	0.07769	0.01071	0.01194	0.00806	0.00649	0.00441	0.00212	0.00533	0.00392	0.00452	0.00770
15	0.01275	0.00638	0.00638	0.00638	0.00797	0.00638	0.00478	0.01594	0.01435	0.02551	0.02232	0.02551	0.01754	0.00797	0.00478	0.00159	0.00319	0.00638	0.79755	0.00638
16	0.02478	0.01825	0.01967	0.01520	0.02039	0.02010	0.01251	0.64270	0.03120	0.04193	0.06898	0.01904	0.01563	0.00865	0.00694	0.00206	0.00720	0.00663	0.00690	0.01124
17	0.15748	0.08058	0.01894	0.01505	0.01928	0.40483	0.01186	0.11901	0.01947	0.07589	0.01237	0.01342	0.00958	0.00711	0.00586	0.00187	0.00961	0.00466	0.00444	0.00870
18	0.03030	0.01228	0.01627	0.01247	0.01778	0.01100	0.01030	0.08913	0.02064	0.66433	0.02610	0.02271	0.01649	0.00845	0.00688	0.00211	0.00597	0.00682	0.00833	0.01164
19	0.00863	0.00695	0.00769	0.00750	0.00957	0.00601	0.00563	0.01087	0.01688	0.02153	0.28881	0.06082	0.49271	0.01619	0.00808	0.00226	0.00338	0.01373	0.00675	0.00601
20	0.02039	0.12339	0.16554	0.01898	0.07147	0.26458	0.03612	0.10733	0.03479	0.02176	0.01207	0.01412	0.00962	0.00725	0.00742	0.00198	0.06511	0.00509	0.00376	0.00922
21	0.01446	0.01374	0.02331	0.47319	0.30498	0.01561	0.01977	0.01883	0.01441	0.01936	0.01243	0.01774	0.00978	0.00655	0.00681	0.00218	0.00874	0.00609	0.00317	0.00885
22	0.01567	0.00896	0.01152	0.00995	0.01269	0.00838	0.00776	0.06851	0.02037	0.18605	0.50550	0.04220	0.04979	0.01230	0.00771	0.00214	0.00414	0.01066	0.00769	0.00802
23	0.00834	0.00595	0.00794	0.00953	0.00992	0.00556	0.00635	0.00953	0.01310	0.01746	0.03771	0.75510	0.04525	0.02143	0.00873	0.00278	0.00397	0.01945	0.00635	0.00556
24	0.03957	0.01647	0.01855	0.04168	0.12177	0.05757	0.01300	0.16157	0.34206	0.08184	0.02142	0.02098	0.01591	0.00827	0.00679	0.00217	0.00676	0.00678	0.00614	0.01070
25	0.01498	0.01426	0.02424	0.38293	0.39121	0.01574	0.02003	0.01929	0.01465	0.01998	0.01252	0.01757	0.01000	0.00646	0.00681	0.00215	0.00861	0.00609	0.00322	0.00926
26	0.00865	0.00618	0.00830	0.00989	0.01043	0.00583	0.00691	0.01008	0.01341	0.01782	0.03753	0.67463	0.04455	0.02113	0.00882	0.00282	0.00425	0.09677	0.00634	0.00565
27	0.07492	0.02778	0.45360	0.02169	0.08846	0.01572	0.12977	0.02230	0.01494	0.06838	0.01334	0.01564	0.00958	0.00646	0.00663	0.00217	0.00952	0.00565	0.00349	0.00993
28	0.01419	0.01216	0.01419	0.01013	0.01621	0.00912	0.00811	0.01723	0.01419	0.02229	0.01216	0.01419	0.01013	0.00507	0.00507	0.00101	0.00507	0.00405	0.00405	0.80139
29	0.01731	0.40702	0.31135	0.01510	0.02255	0.04977	0.01715	0.02182	0.01460	0.05070	0.01147	0.01299	0.00911	0.00628	0.00542	0.00179	0.00857	0.00440	0.00319	0.00941
30	0.00956	0.00699	0.00898	0.00848	0.01015	0.00640	0.00636	0.01268	0.01908	0.02676	0.66471	0.05222	0.11354	0.01424	0.00807	0.00216	0.00325	0.01253	0.00744	0.00640
31	0.02497	0.01865	0.01995	0.01553	0.02082	0.02073	0.01275	0.61790	0.11004	0.04144	0.01775	0.01748	0.01271	0.00834	0.00686	0.00208	0.00728	0.00634	0.00686	0.01154
32	0.01793	0.07572	0.07338	0.05185	0.48043	0.12214	0.01923	0.02172	0.01575	0.02073	0.01212	0.01563	0.01015	0.00642	0.00692	0.00199	0.02896	0.00559	0.00332	0.01003
33	0.00952	0.00770	0.00828	0.00812	0.01009	0.00726	0.00590	0.01299	0.08803	0.01932	0.10474	0.07422	0.43724	0.13274	0.04088	0.00333	0.00475	0.01272	0.00606	0.00612
34	0.01845	0.45872	0.17373	0.04008	0.02171	0.14875	0.01502	0.02183	0.01497	0.01740	0.01036	0.01218	0.00877	0.00623	0.00522	0.00169	0.00884	0.00416	0.00303	0.00886
35	0.00846	0.00715	0.00734	0.00726	0.00955	0.00614	0.00545	0.01079	0.03485	0.01947	0.11943	0.06356	0.64333	0.01684	0.00805	0.00230	0.00350	0.01409	0.00646	0.00597
36	0.02601	0.01916	0.02053	0.01574	0.02122	0.02122	0.01300	0.69408	0.03217	0.04312	0.01643	0.01643	0.01163	0.00821	0.00684	0.00205	0.00753	0.00616	0.00684	0.01163
37	0.00844	0.00603	0.00806	0.00964	0.01009	0.00565	0.00653	0.00970	0.01320	0.01758	0.03765	0.72917	0.04502	0.02134	0.00876	0.00279	0.00406	0.04436	0.00635	0.00559
38	0.01416	0.10259	0.64069	0.01852	0.02812	0.01675	0.02355	0.02144	0.01439	0.02116	0.01202	0.01411	0.00872	0.00640	0.00626	0.00207	0.00971	0.00490	0.00292	0.03152
39	0.02029	0.07298	0.02597	0.02944	0.36282	0.17647	0.06697	0.06028	0.03236	0.06778	0.01363	0.01617	0.01087	0.00661	0.00658	0.00196	0.00902	0.00578	0.00399	0.01002
40	0.01615	0.01845	0.04037	0.02884	0.03576	0.01730	0.69204	0.02191	0.01615	0.02191	0.01384	0.01845	0.01038	0.00577	0.00807	0.00231	0.01153	0.00807	0.00346	0.00923
41	0.01562	0.01316	0.01420	0.01296	0.01634	0.01493	0.01002	0.06153	0.52096	0.02680	0.03041	0.07907	0.07415	0.01383	0.06144	0.00299	0.00623	0.00895	0.00662	0.00976
42	0.00968	0.00699	0.00914	0.00861	0.01022	0.00646	0.00646	0.01291	0.01937	0.02743	0.71328	0.05110	0.06455	0.01399	0.00807	0.00215	0.00323	0.01237	0.00753	0.00646
43	0.01795	0.70919	0.08734	0.01229	0.01846	0.02623	0.01272	0.02057	0.01394	0.01651	0.00972	0.01123	0.00877	0.00590	0.00455	0.00152	0.00753	0.00376	0.00292	0.00888
44	0.00968	0.00699	0.00914	0.00861	0.01022	0.00646	0.00646	0.01291	0.01937	0.02743	0.71328	0.05110	0.06455	0.01399	0.00807	0.00215	0.00323	0.01237	0.00753	0.00646
45	0.01127	0.03388	0.09557	0.01300	0.03685	0.01049	0.03811	0.01446	0.02966	0.01751	0.05715	0.02996	0.03689	0.18190	0.33755	0.00704	0.03012	0.00792	0.00398	0.00669
46	0.01885	0.01560	0.01650	0.01429	0.01849	0.01787	0.01127	0.17012	0.56779	0.03157	0.02552	0.02367	0.01900	0.00906	0.00694	0.00227	0.00584	0.00741	0.00694	0.01099
47	0.01831	0.07515	0.01770	0.01356	0.01752	0.01747	0.01096	0.20611	0.33696	0.03082	0.12835	0.02546	0.02372	0.00955	0.00749	0.00218	0.03443	0.00763	0.00654	0.01007
48	0.00834	0.00595	0.00794	0.00953	0.00992	0.00556	0.00635	0.00953	0.01310	0.01746	0.03771	0.75510	0.04525	0.02143	0.00873	0.00278	0.00397	0.01945	0.00635	0.00556
49	0.01532	0.01241	0.01450	0.01043	0.01646	0.00962	0.00837	0.04377	0.01510	0.05176	0.01293	0.01465	0.01047	0.00533	0.00521	0.00110	0.00519	0.00425	0.00434	0.73880
50	0.00947	0.00707	0.01003	0.01025	0.01135	0.00781	0.00770	0.01152	0.01155	0.01610	0.02497	0.12768	0.07395	0.09462	0.53272	0.00894	0.01448	0.00966	0.00426	0.00587
51	0.07531	0.30297	0.41581	0.01583	0.02392	0.01998	0.01891	0.02111	0.01403	0.02029	0.01105	0.01291	0.00861	0.00625	0.00555	0.00190	0.00871	0.00444	0.00300	0.00941
52	0.01502	0.01249	0.01345	0.01239	0.01533	0.01412	0.00936	0.02927	0.51155	0.02548	0.06707	0.05010	0.02524	0.13487	0.01178	0.00306	0.00548	0.02827	0.00649	0.00920
53	0.00870	0.00695	0.00778	0.00757	0.00961	0.00603	0.00568	0.01100	0.01703	0.02190	0.31507	0.06022	0.46621	0.01605	0.00808	0.00225	0.00337	0.01365	0.00680	0.00603
54	0.00861	0.00631	0.00848	0.00986	0.01027	0.00618	0.00672	0.00985	0.01294	0.01738	0.03606	0.70460	0.04304	0.02217	0.03465	0.00307	0.02945	0.01857	0.00614	0.00564
55	0.01571	0.22528	0.48755	0.01694	0.02550	0.01865	0.02055	0.02239	0.04189	0.04750	0.01274	0.01431	0.00950	0.00652	0.00598	0.00199	0.00902	0.00486	0.00328	0.00985
56	0.01716	0.01577	0.02677	0.09331	0.64003	0.01594	0.02043	0.02121	0.01559	0.04873	0.01336	0.01727	0.01094	0.00624	0.00678	0.00205	0.00811	0.00612	0.00355	0.01063
57	0.00810	0.00686	0.00701	0.00713	0.00929	0.00576	0.00528	0.00980	0.01541	0.01840	0.06692	0.11783	0.66366	0.01764	0.00813	0.00235	0.00350	0.01482	0.00635	0.00576
58	0.01686	0.01895	0.10935	0.05311	0.44570	0.01669	0.15241	0.06180	0.01651	0.02332	0.01319	0.01695	0.01050	0.00622	0.00700	0.00211	0.00901	0.00637	0.00354	0.01040
59	0.01663	0.01595	0.02723	0.09445	0.66678	0.01618	0.02085	0.02073	0.01544	0.02199	0.01282	0.01703	0.01071	0.00615	0.00678	0.00205	0.00820	0.00609	0.00336	0.01059
60	0.01702	0.01470	0.01547	0.01392	0.01779	0.01702	0.01083	0.03635	0.70453	0.02862	0.02785	0.02553	0.02088	0.00928	0.00696	0.00232	0.00541	0.00773	0.00696	0.01083
61	0.80789	0.01323	0.01006	0.00900	0.01323	0.01535	0.00741	0.02011	0.01164	0.03070	0.00953	0.01111	0.00741	0.00635	0.00423	0.00212	0.00529	0.00370	0.00423	0.00741
62	0.01693	0.01626	0.02777	0.04199	0.71689	0.01626	0.02100	0.02100	0.01558	0.02235	0.01287	0.01693	0.01084	0.00610	0.00677	0.00203	0.00813	0.00610	0.00339	0.01084
63	0.01440	0.03100	0.55834	0.02204	0.08163	0.01613	0.10307	0.02232	0.04636	0.02207	0.01322	0.01561	0.00959	0.00651	0.00673	0.00218	0.00991	0.00561	0.00318	0.01009
64	0.00952	0.00699	0.00892	0.00844	0.01012	0.00639	0.00633	0.01260	0.01899	0.02653	0.64837	0.05259	0.13003	0.01432	0.00807	0.00217	0.00325	0.01258	0.00741	0.00639
65	0.01677	0.01593	0.02328	0.07715	0.46907	0.06569	0.01753	0.07046	0.01697	0.02299	0.04923	0.07474	0.03376	0.00818	0.00698	0.00210	0.00778	0.00749	0.00413	0.00976
66	0.14603	0.01888	0.01884	0.03884	0.04706	0.08607	0.01253	0.44785	0.04320	0.05316	0.01508	0.01569	0.01097	0.00772	0.00638	0.00205	0.00761	0.00567	0.00592	0.01046
67	0.62971	0.01326	0.01154	0.00989	0.01425	0.01483	0.00812	0.06972	0.01408	0.12202	0.01238	0.01334	0.00908	0.00720	0.00534	0.02225	0.00554	0.00435	0.00495	0.00816
68	0.07581	0.01699	0.07278	0.09627	0.32223	0.01651	0.08053	0.05051	0.15320	0.02450	0.01573	0.01828	0.01226	0.00690	0.00673	0.00216	0.00790	0.00636	0.00424	0.01010
69	0.01464	0.01619	0.12290	0.04532	0.05431	0.01347	0.15882	0.04908	0.14116	0.04870	0.12963	0.08262	0.07273	0.01001	0.00749	0.00227	0.00720	0.00924	0.00535	0.00890
70	0.00916	0.00698	0.00951	0.01157	0.06280	0.00652	0.00735	0.01093	0.01449	0.01947	0.14322	0.52542	0.10941	0.01874	0.00842	0.00258	0.00412	0.01688	0.00631	0.00611

[dist]
# distance from previous block
# <min> <max>
0	5

# created by:
# /home/berkeley/.conda/envs/busco_data_prod/bin/msa2prfl.pl pipeline/OGs_align_augustus/4893/22414.fs
