[name]
unknown

[dist]
# distance from previous block
# <min> <max>
0	3

[block]
# block no. 0 follows, 34 sequences, length 38
# corresponding to MSA columns:
# 3-40
name=unknown_A
#
# <colnr> <probs for GDERKNQSTAVLIFYWHMCP>
#	G	D	E	R	K	N	Q	S	T	A	V	L	I	F	Y	W	H	M	C	P
0	0.09627	0.06503	0.38840	0.01457	0.02168	0.01350	0.01661	0.02112	0.01418	0.13596	0.01490	0.01838	0.01139	0.00703	0.00592	0.00195	0.00757	0.05005	0.00403	0.09144
1	0.01481	0.06426	0.02397	0.21932	0.42721	0.01514	0.03962	0.01863	0.01406	0.01966	0.01219	0.01626	0.00994	0.00596	0.00616	0.00190	0.00765	0.00560	0.04010	0.03757
2	0.00828	0.00675	0.00795	0.05692	0.01137	0.00614	0.00617	0.01030	0.01498	0.01895	0.19080	0.15833	0.44883	0.01563	0.00764	0.00221	0.00365	0.01340	0.00602	0.00567
3	0.01366	0.01158	0.01401	0.07688	0.01625	0.04418	0.01014	0.12252	0.01487	0.02038	0.04711	0.11883	0.06550	0.08940	0.06838	0.00331	0.19649	0.00848	0.05116	0.00687
4	0.00883	0.00737	0.00874	0.00824	0.01040	0.00668	0.03062	0.01199	0.06215	0.02007	0.21055	0.10110	0.45975	0.01501	0.00760	0.00218	0.00365	0.01287	0.00619	0.00602
5	0.02257	0.04955	0.01885	0.01404	0.01893	0.01905	0.01161	0.59073	0.07376	0.03719	0.01924	0.01894	0.05904	0.00830	0.00645	0.00195	0.00672	0.00633	0.00628	0.01046
6	0.01837	0.03493	0.09505	0.01930	0.16457	0.01464	0.05191	0.18502	0.06926	0.10719	0.02969	0.04935	0.01372	0.00735	0.00632	0.00188	0.00684	0.00631	0.00498	0.11333
7	0.04568	0.22775	0.05996	0.04122	0.11960	0.23155	0.05195	0.05418	0.02970	0.03510	0.01115	0.01322	0.00915	0.00641	0.00620	0.00177	0.03879	0.00469	0.00343	0.00851
8	0.76215	0.01266	0.01006	0.00884	0.01292	0.01454	0.00728	0.04575	0.01198	0.05293	0.00979	0.01107	0.00745	0.00613	0.00418	0.00200	0.00510	0.00369	0.00423	0.00728
9	0.01459	0.05282	0.51757	0.01969	0.02807	0.04678	0.16346	0.02108	0.01432	0.04426	0.01221	0.01451	0.00879	0.00606	0.00638	0.00203	0.00970	0.00535	0.00304	0.00930
10	0.00940	0.00626	0.00705	0.00705	0.00705	0.00626	0.00392	0.00940	0.00940	0.01253	0.02036	0.04228	0.02349	0.77292	0.03289	0.00626	0.00626	0.00940	0.00392	0.00392
11	0.01108	0.00765	0.00894	0.05704	0.01211	0.00796	0.00682	0.01591	0.11121	0.02224	0.13727	0.08666	0.12002	0.01331	0.05526	0.00248	0.00471	0.00902	0.30377	0.00654
12	0.01727	0.77681	0.03386	0.01106	0.01658	0.02557	0.01106	0.01935	0.01313	0.01520	0.00898	0.01036	0.00829	0.00553	0.00415	0.00138	0.00691	0.00345	0.00276	0.00829
13	0.08389	0.04241	0.12498	0.06742	0.07271	0.08230	0.01369	0.23343	0.04681	0.04893	0.03626	0.01613	0.01180	0.00795	0.02384	0.00208	0.00767	0.00539	0.00463	0.06768
14	0.01679	0.25131	0.07879	0.02030	0.17807	0.11538	0.06208	0.04244	0.01441	0.01816	0.01120	0.01461	0.00973	0.02770	0.04785	0.00239	0.07210	0.00504	0.00316	0.00848
15	0.69642	0.07348	0.01176	0.00911	0.01310	0.03941	0.00764	0.01902	0.01156	0.02707	0.01004	0.01301	0.00835	0.00646	0.00427	0.00198	0.00541	0.03089	0.00396	0.00707
16	0.02115	0.02565	0.01860	0.20276	0.02614	0.54611	0.01385	0.03927	0.01723	0.01656	0.01049	0.01314	0.00846	0.00663	0.00600	0.00179	0.01078	0.00460	0.00329	0.00749
17	0.01242	0.01114	0.06878	0.01190	0.01530	0.00922	0.10080	0.04372	0.04421	0.07944	0.36404	0.03952	0.15010	0.01136	0.00734	0.00208	0.00505	0.01013	0.00612	0.00734
18	0.00822	0.00655	0.00732	0.00729	0.00912	0.00572	0.00545	0.01022	0.01546	0.01968	0.24613	0.08629	0.47043	0.03893	0.00848	0.00231	0.00342	0.03715	0.00624	0.00560
19	0.01385	0.01394	0.02758	0.02037	0.02540	0.01299	0.44803	0.01873	0.03809	0.04355	0.14776	0.04302	0.06742	0.00806	0.00746	0.00211	0.00822	0.00880	0.00448	0.04015
20	0.00787	0.00562	0.00750	0.00900	0.00937	0.00525	0.00600	0.00900	0.01237	0.01649	0.03561	0.76871	0.04274	0.02024	0.00825	0.00262	0.00375	0.01837	0.00600	0.00525
21	0.01220	0.01148	0.01938	0.75739	0.04450	0.01436	0.01794	0.01651	0.01292	0.01651	0.01148	0.01723	0.00861	0.00646	0.00646	0.00215	0.00861	0.00574	0.00287	0.00718
22	0.81856	0.01250	0.00950	0.00850	0.01250	0.01449	0.00700	0.01899	0.01100	0.02899	0.00900	0.01050	0.00700	0.00600	0.00400	0.00200	0.00500	0.00350	0.00400	0.00700
23	0.00905	0.00660	0.00850	0.00803	0.00959	0.00605	0.00602	0.01200	0.01806	0.02536	0.68580	0.04918	0.10472	0.01342	0.00762	0.00204	0.00306	0.01181	0.00704	0.00605
24	0.02414	0.03079	0.01831	0.01665	0.01998	0.74698	0.01248	0.02580	0.01831	0.01581	0.00999	0.01165	0.00832	0.00666	0.00583	0.00166	0.01165	0.00416	0.00333	0.00749
25	0.00837	0.00585	0.00740	0.00839	0.00869	0.00558	0.00538	0.00922	0.01166	0.01560	0.05253	0.52914	0.03754	0.24514	0.01560	0.00369	0.00448	0.01548	0.00541	0.00488
26	0.01722	0.74178	0.03297	0.01115	0.01659	0.02513	0.01102	0.02004	0.04563	0.01574	0.00978	0.01100	0.00882	0.00568	0.00426	0.00142	0.00683	0.00363	0.00294	0.00838
27	0.01472	0.01189	0.01374	0.01003	0.01543	0.00966	0.00799	0.08515	0.01503	0.04086	0.01265	0.01515	0.01051	0.04043	0.00629	0.00132	0.00510	0.00435	0.00420	0.67550
28	0.02140	0.01705	0.01651	0.01341	0.01761	0.10735	0.01078	0.42377	0.08898	0.05376	0.04600	0.02011	0.04611	0.00829	0.00632	0.00191	0.00675	0.00636	0.07792	0.00961
29	0.01203	0.00902	0.00984	0.00902	0.01117	0.05922	0.00686	0.01541	0.04917	0.08637	0.48783	0.04433	0.14957	0.01255	0.00735	0.00203	0.00400	0.01079	0.00674	0.00672
30	0.01599	0.01535	0.02623	0.03966	0.73262	0.01535	0.01983	0.01983	0.01471	0.02111	0.01215	0.01599	0.01023	0.00576	0.00640	0.00192	0.00768	0.00576	0.00320	0.01023
31	0.01068	0.00939	0.00942	0.00926	0.01074	0.08041	0.00666	0.01321	0.05950	0.01640	0.05436	0.09665	0.20349	0.19644	0.18961	0.00505	0.00829	0.01002	0.00472	0.00570
32	0.01340	0.01148	0.01340	0.00957	0.01531	0.00861	0.00766	0.01627	0.01340	0.02105	0.01148	0.01340	0.00957	0.00479	0.00479	0.00096	0.00479	0.00383	0.00383	0.81242
33	0.02127	0.01468	0.01802	0.01500	0.04126	0.07388	0.08107	0.20050	0.06608	0.22861	0.04435	0.02325	0.03338	0.02569	0.05625	0.00266	0.00768	0.03096	0.00597	0.00944
34	0.07084	0.04091	0.04182	0.01851	0.15356	0.06319	0.05065	0.18515	0.09859	0.04334	0.01572	0.01854	0.01258	0.04585	0.07426	0.00289	0.00809	0.00599	0.04055	0.00899
35	0.01350	0.01144	0.01320	0.00960	0.01508	0.00889	0.00767	0.04557	0.01421	0.02166	0.01523	0.01672	0.05732	0.00568	0.00505	0.00108	0.00478	0.00456	0.00408	0.72468
36	0.01232	0.02871	0.03535	0.10348	0.06371	0.06378	0.01052	0.01538	0.05285	0.01629	0.01648	0.05954	0.01605	0.18357	0.19801	0.00506	0.07471	0.00725	0.00368	0.03325
37	0.03103	0.01161	0.04025	0.01180	0.01412	0.05803	0.05150	0.11259	0.01599	0.02165	0.06808	0.33347	0.08428	0.01380	0.00800	0.00227	0.04637	0.01190	0.05641	0.00684

[dist]
# distance from previous block
# <min> <max>
6	16

[block]
# block no. 1 follows, 34 sequences, length 68
# corresponding to MSA columns:
# 57-124
name=unknown_B
#
# <colnr> <probs for GDERKNQSTAVLIFYWHMCP>
#	G	D	E	R	K	N	Q	S	T	A	V	L	I	F	Y	W	H	M	C	P
0	0.04991	0.35840	0.23136	0.01482	0.03706	0.09849	0.03465	0.02054	0.03514	0.01799	0.01089	0.01279	0.00896	0.00766	0.03480	0.00205	0.00859	0.00434	0.00303	0.00853
1	0.04466	0.24216	0.09874	0.01642	0.10980	0.06500	0.04058	0.07990	0.01572	0.08444	0.01624	0.07823	0.03799	0.00770	0.00579	0.00181	0.00712	0.00620	0.00413	0.03739
2	0.02612	0.01094	0.01440	0.01136	0.01589	0.00993	0.00922	0.03018	0.09122	0.60775	0.05033	0.02399	0.01829	0.04015	0.00765	0.00220	0.00540	0.00689	0.00765	0.01045
3	0.04597	0.36395	0.11877	0.01556	0.07631	0.05343	0.04112	0.07545	0.03906	0.04258	0.01205	0.02988	0.01010	0.00651	0.00566	0.00172	0.02590	0.00482	0.00357	0.02760
4	0.01832	0.23581	0.12187	0.02001	0.16454	0.17690	0.04519	0.08058	0.01623	0.01988	0.01102	0.01308	0.00902	0.00606	0.00561	0.00171	0.00856	0.00465	0.00335	0.03760
5	0.01091	0.00698	0.00911	0.00841	0.01025	0.00636	0.00636	0.01378	0.01795	0.09224	0.61050	0.07206	0.08397	0.01310	0.00754	0.00206	0.00331	0.01152	0.00711	0.00650
6	0.05197	0.04992	0.01896	0.01418	0.01904	0.06486	0.01169	0.58237	0.02743	0.03691	0.01492	0.01527	0.01082	0.00752	0.00615	0.00188	0.00712	0.00554	0.04315	0.01028
7	0.00938	0.00632	0.00733	0.00733	0.00743	0.00642	0.00427	0.00958	0.00948	0.01274	0.02010	0.04085	0.02287	0.71155	0.09341	0.00661	0.00720	0.00919	0.00388	0.00407
8	0.01066	0.00893	0.04693	0.01069	0.06677	0.00723	0.00781	0.01330	0.01613	0.07377	0.28488	0.06407	0.33764	0.01340	0.00739	0.00210	0.00403	0.01148	0.00615	0.00666
9	0.18627	0.13652	0.01882	0.01411	0.01794	0.47257	0.01114	0.04026	0.01634	0.01904	0.00977	0.01132	0.00811	0.00638	0.00522	0.00170	0.00948	0.00396	0.00346	0.00759
10	0.01467	0.04929	0.06729	0.01646	0.01775	0.05643	0.01427	0.01659	0.01087	0.01612	0.00892	0.01378	0.00849	0.01019	0.01795	0.00257	0.60690	0.00534	0.00289	0.04323
11	0.01400	0.01233	0.01397	0.05918	0.01734	0.04225	0.00866	0.04654	0.01427	0.02114	0.01283	0.05230	0.01121	0.00590	0.00519	0.00120	0.00539	0.00480	0.00397	0.64752
12	0.00889	0.00654	0.00825	0.00912	0.01006	0.00630	0.00655	0.01128	0.04947	0.01805	0.10295	0.43140	0.10326	0.08912	0.01046	0.00290	0.00425	0.10964	0.00593	0.00558
13	0.01560	0.06433	0.01815	0.01640	0.14326	0.06761	0.03288	0.09066	0.01617	0.02240	0.05359	0.01858	0.05411	0.00661	0.00569	0.00148	0.00621	0.00549	0.00417	0.35660
14	0.00962	0.00701	0.00863	0.00890	0.01042	0.00637	0.00633	0.04096	0.01424	0.03582	0.09397	0.48454	0.14821	0.01693	0.00769	0.00232	0.00389	0.01503	0.00598	0.07314
15	0.04244	0.19524	0.27986	0.01762	0.09758	0.11199	0.01653	0.02122	0.01434	0.06964	0.01163	0.01340	0.00902	0.00632	0.00621	0.00182	0.03975	0.00459	0.00332	0.03748
16	0.03461	0.25410	0.46861	0.01641	0.04037	0.04425	0.01913	0.02027	0.01361	0.01895	0.01071	0.01257	0.00824	0.00596	0.00549	0.00183	0.00868	0.00435	0.00280	0.00905
17	0.01031	0.00714	0.00851	0.00810	0.01012	0.00646	0.00609	0.01325	0.04573	0.07756	0.33595	0.11736	0.30039	0.01443	0.00755	0.00215	0.00347	0.01244	0.00665	0.00634
18	0.01521	0.02954	0.57867	0.01825	0.05423	0.03792	0.02124	0.05015	0.01491	0.07827	0.01283	0.01441	0.00905	0.00632	0.00614	0.00199	0.00898	0.00495	0.00337	0.03358
19	0.05267	0.07289	0.25787	0.01414	0.01969	0.01332	0.05145	0.08452	0.03407	0.10935	0.09920	0.10656	0.01998	0.00994	0.02393	0.00225	0.00715	0.00756	0.00481	0.00864
20	0.01414	0.01414	0.01979	0.01696	0.01696	0.01979	0.01414	0.01555	0.00990	0.01555	0.00848	0.01414	0.00848	0.01131	0.02120	0.00283	0.76110	0.00565	0.00283	0.00707
21	0.00800	0.00651	0.00711	0.00720	0.00910	0.00561	0.00539	0.00988	0.01513	0.01886	0.17373	0.12006	0.53549	0.01621	0.00773	0.00222	0.00337	0.03665	0.00619	0.00556
22	0.01795	0.01895	0.01579	0.03440	0.07466	0.28995	0.01112	0.09234	0.14220	0.02153	0.05890	0.07162	0.10446	0.00947	0.00656	0.00196	0.00766	0.00752	0.00489	0.00807
23	0.01287	0.01217	0.02059	0.63011	0.16653	0.01453	0.01828	0.01710	0.01324	0.01732	0.01160	0.01701	0.00890	0.00634	0.00645	0.00211	0.00845	0.00574	0.00293	0.00772
24	0.00789	0.00588	0.00735	0.00841	0.00924	0.00534	0.00576	0.00923	0.01320	0.01720	0.07856	0.57493	0.19545	0.01902	0.00808	0.00250	0.00361	0.01697	0.00606	0.00534
25	0.01566	0.01502	0.02563	0.10174	0.67310	0.01527	0.01967	0.01954	0.01456	0.02071	0.01210	0.01610	0.01009	0.00582	0.00640	0.00194	0.00776	0.00576	0.00317	0.00997
26	0.02338	0.01653	0.01805	0.01413	0.01887	0.01804	0.01154	0.60462	0.02801	0.08431	0.01794	0.08228	0.01411	0.00887	0.00662	0.00200	0.00671	0.00697	0.00652	0.01048
27	0.00803	0.00574	0.00768	0.00918	0.00962	0.00538	0.00627	0.00927	0.01253	0.01667	0.03552	0.72522	0.04239	0.02009	0.00829	0.00265	0.00389	0.06029	0.00599	0.00529
28	0.81856	0.01250	0.00950	0.00850	0.01250	0.01449	0.00700	0.01899	0.01100	0.02899	0.00900	0.01050	0.00700	0.00600	0.00400	0.00200	0.00500	0.00350	0.00400	0.00700
29	0.00925	0.00684	0.00998	0.00998	0.01099	0.00786	0.00757	0.01128	0.01026	0.01470	0.01768	0.02743	0.01704	0.13610	0.66089	0.00989	0.01597	0.00722	0.00352	0.00554
30	0.02414	0.03079	0.01831	0.01665	0.01998	0.74698	0.01248	0.02580	0.01831	0.01581	0.00999	0.01165	0.00832	0.00666	0.00583	0.00166	0.01165	0.00416	0.00333	0.00749
31	0.01499	0.01016	0.01127	0.01027	0.01286	0.01122	0.00805	0.02416	0.30541	0.08198	0.05291	0.02615	0.01998	0.00888	0.00668	0.00197	0.04392	0.03104	0.30991	0.00821
32	0.00780	0.00651	0.00680	0.00680	0.00885	0.00551	0.00507	0.00956	0.01500	0.01828	0.13190	0.08898	0.63437	0.01620	0.00766	0.00218	0.00327	0.01363	0.00611	0.00551
33	0.01220	0.01148	0.01938	0.75739	0.04450	0.01436	0.01794	0.01651	0.01292	0.01651	0.01148	0.01723	0.00861	0.00646	0.00646	0.00215	0.00861	0.00574	0.00287	0.00718
34	0.00980	0.00691	0.00868	0.00862	0.00934	0.00720	0.00585	0.04070	0.01181	0.01621	0.09115	0.12631	0.02706	0.38070	0.21528	0.00630	0.00860	0.00991	0.00448	0.00509
35	0.01209	0.00937	0.01092	0.00881	0.01276	0.00750	0.00677	0.01466	0.01323	0.02074	0.01785	0.15982	0.01719	0.00824	0.00540	0.00138	0.00426	0.00701	0.15099	0.51102
36	0.00907	0.00628	0.00704	0.00711	0.00746	0.00610	0.00421	0.00943	0.01050	0.01373	0.04479	0.08230	0.12179	0.61245	0.02756	0.00542	0.00565	0.01049	0.00439	0.00425
37	0.01806	0.01604	0.01566	0.01362	0.01755	0.08529	0.01067	0.13810	0.52215	0.02789	0.02256	0.02122	0.01693	0.00827	0.00642	0.00206	0.00603	0.00665	0.00615	0.03869
38	0.01122	0.00561	0.00842	0.00842	0.00842	0.00561	0.00561	0.00842	0.00842	0.01122	0.01122	0.01964	0.01122	0.02245	0.02525	0.81201	0.00561	0.00561	0.00281	0.00281
39	0.01310	0.05838	0.71576	0.01817	0.02758	0.01536	0.02344	0.02043	0.01362	0.02029	0.01151	0.01353	0.00819	0.00612	0.00607	0.00202	0.00946	0.00473	0.00273	0.00951
40	0.02689	0.01373	0.01661	0.01280	0.01782	0.01363	0.01055	0.28318	0.04795	0.45396	0.02183	0.01967	0.01427	0.00794	0.00649	0.00198	0.00608	0.00627	0.00738	0.01097
41	0.00790	0.00597	0.00733	0.00839	0.00934	0.00540	0.00585	0.00925	0.01316	0.01689	0.04431	0.53356	0.24421	0.01901	0.00809	0.00251	0.00370	0.04377	0.00600	0.00534
42	0.01296	0.03342	0.73944	0.01842	0.02797	0.01501	0.02387	0.02046	0.01364	0.02046	0.01160	0.01364	0.00818	0.00614	0.00614	0.00205	0.00955	0.00477	0.00273	0.00955
43	0.01417	0.01423	0.02032	0.01726	0.01745	0.01969	0.03430	0.01570	0.01005	0.01570	0.00861	0.01423	0.00852	0.01114	0.02081	0.00281	0.73934	0.00571	0.00284	0.00712
44	0.13920	0.05232	0.31557	0.04243	0.19156	0.01498	0.04737	0.02092	0.01395	0.08544	0.01252	0.01459	0.00927	0.00615	0.00590	0.00199	0.00797	0.00506	0.00353	0.00929
45	0.81856	0.01250	0.00950	0.00850	0.01250	0.01449	0.00700	0.01899	0.01100	0.02899	0.00900	0.01050	0.00700	0.00600	0.00400	0.00200	0.00500	0.00350	0.00400	0.00700
46	0.01340	0.01148	0.01340	0.00957	0.01531	0.00861	0.00766	0.01627	0.01340	0.02105	0.01148	0.01340	0.00957	0.00479	0.00479	0.00096	0.00479	0.00383	0.00383	0.81242
47	0.68908	0.01316	0.02931	0.07384	0.01670	0.01459	0.04426	0.01890	0.01144	0.02729	0.00948	0.01150	0.00731	0.00601	0.00445	0.00202	0.00572	0.00393	0.00383	0.00716
48	0.01185	0.01321	0.08595	0.01960	0.17400	0.01089	0.15506	0.01555	0.01526	0.02063	0.14690	0.05737	0.20817	0.01048	0.00727	0.00212	0.00643	0.02689	0.00471	0.00766
49	0.00923	0.00692	0.01038	0.01038	0.01154	0.00808	0.00808	0.01154	0.01038	0.01500	0.01731	0.02538	0.01615	0.04846	0.74732	0.01038	0.01731	0.00692	0.00346	0.00577
50	0.01727	0.77681	0.03386	0.01106	0.01658	0.02557	0.01106	0.01935	0.01313	0.01520	0.00898	0.01036	0.00829	0.00553	0.00415	0.00138	0.00691	0.00345	0.00276	0.00829
51	0.01002	0.00989	0.08985	0.01094	0.04254	0.00829	0.00833	0.01185	0.01046	0.01468	0.01792	0.03180	0.01854	0.39014	0.29000	0.00712	0.01073	0.00782	0.00359	0.00549
52	0.05697	0.17477	0.39530	0.01792	0.07862	0.01663	0.05831	0.02122	0.01406	0.09081	0.01245	0.01406	0.00917	0.00613	0.00578	0.00191	0.00833	0.00486	0.00339	0.00932
53	0.00926	0.00682	0.00986	0.00986	0.01083	0.00779	0.00742	0.01120	0.01023	0.01461	0.01779	0.02803	0.01730	0.16204	0.63531	0.00974	0.01558	0.00731	0.00353	0.00548
54	0.00985	0.00721	0.00966	0.01091	0.01246	0.00702	0.00933	0.01253	0.01474	0.01891	0.03931	0.10220	0.14903	0.01772	0.00869	0.00283	0.00542	0.55040	0.00596	0.00584
55	0.01673	0.62281	0.09950	0.01490	0.09660	0.02345	0.01323	0.01951	0.01335	0.01635	0.00958	0.01129	0.00850	0.00561	0.00458	0.00150	0.00724	0.00383	0.00281	0.00862
56	0.00924	0.00687	0.01012	0.01012	0.01118	0.00793	0.00775	0.01137	0.01031	0.01480	0.01755	0.02672	0.01673	0.10580	0.69077	0.01006	0.01643	0.00712	0.00350	0.00562
57	0.01290	0.00884	0.01050	0.00983	0.01223	0.00886	0.00750	0.01925	0.19547	0.10816	0.24477	0.15340	0.13552	0.01313	0.00736	0.00221	0.00409	0.03175	0.00672	0.00751
58	0.00849	0.00703	0.00833	0.07774	0.01236	0.00647	0.00647	0.01076	0.01555	0.01971	0.24443	0.05409	0.47650	0.01456	0.00752	0.00214	0.00371	0.01235	0.00601	0.00580
59	0.01562	0.17827	0.27619	0.05157	0.10324	0.04286	0.09891	0.04886	0.01490	0.04158	0.01330	0.01798	0.01091	0.00681	0.00614	0.00196	0.00853	0.04999	0.00341	0.00896
60	0.00959	0.00653	0.00842	0.00823	0.00945	0.00608	0.00587	0.01186	0.01601	0.04494	0.48685	0.16878	0.05103	0.12396	0.01134	0.00274	0.00371	0.01232	0.00649	0.00579
61	0.00813	0.00576	0.00757	0.00892	0.00930	0.00544	0.00597	0.00922	0.01217	0.01621	0.03400	0.66566	0.04054	0.09687	0.01079	0.00301	0.00410	0.04541	0.00578	0.00514
62	0.01467	0.01372	0.02263	0.14723	0.38239	0.01430	0.07740	0.04396	0.07782	0.02129	0.03839	0.08654	0.01537	0.00774	0.00674	0.00207	0.00736	0.00739	0.00395	0.00905
63	0.01389	0.01484	0.07661	0.11284	0.43829	0.01355	0.05261	0.01782	0.01462	0.02025	0.05108	0.02354	0.10682	0.00758	0.00666	0.00201	0.00730	0.00708	0.00367	0.00895
64	0.00765	0.00651	0.00659	0.00665	0.00875	0.00545	0.00495	0.00926	0.01463	0.01741	0.06421	0.09178	0.70120	0.01653	0.00766	0.00220	0.00329	0.01383	0.00600	0.00545
65	0.05144	0.07948	0.04787	0.07307	0.06928	0.26175	0.12236	0.02039	0.01458	0.01754	0.01117	0.01476	0.00940	0.01075	0.07768	0.00276	0.09947	0.00530	0.00319	0.00774
66	0.06412	0.08275	0.26524	0.06187	0.18547	0.05557	0.01759	0.11078	0.01627	0.04448	0.01346	0.01545	0.02609	0.00655	0.00600	0.00193	0.00811	0.00523	0.00368	0.00935
67	0.00993	0.00674	0.00809	0.00797	0.00980	0.00594	0.00589	0.01195	0.01561	0.07990	0.25698	0.20702	0.31922	0.01555	0.00767	0.00222	0.00349	0.01347	0.00650	0.00607

[dist]
# distance from previous block
# <min> <max>
0	1

[block]
# block no. 2 follows, 34 sequences, length 53
# corresponding to MSA columns:
# 126-178
name=unknown_C
#
# <colnr> <probs for GDERKNQSTAVLIFYWHMCP>
#	G	D	E	R	K	N	Q	S	T	A	V	L	I	F	Y	W	H	M	C	P
0	0.73358	0.01294	0.01207	0.01022	0.01433	0.01478	0.06406	0.01905	0.01131	0.02799	0.00931	0.01115	0.00726	0.00608	0.00472	0.00203	0.02418	0.00389	0.00391	0.00714
1	0.72321	0.07938	0.01194	0.00892	0.01309	0.01564	0.00752	0.04118	0.01180	0.02816	0.00920	0.01065	0.00724	0.00601	0.00409	0.00194	0.00523	0.00357	0.00397	0.00724
2	0.00878	0.00672	0.00824	0.00893	0.01053	0.00617	0.00710	0.01094	0.01476	0.01878	0.11464	0.17313	0.31892	0.01717	0.00818	0.00251	0.00425	0.24849	0.00609	0.00566
3	0.00945	0.00731	0.01141	0.01101	0.01236	0.00838	0.03395	0.01188	0.01056	0.01521	0.01715	0.02509	0.01592	0.04687	0.72002	0.01008	0.01707	0.00695	0.00345	0.00588
4	0.00889	0.00659	0.00828	0.00786	0.00950	0.00599	0.00589	0.01170	0.01768	0.02447	0.61616	0.05064	0.17492	0.01375	0.00762	0.00206	0.00309	0.01202	0.00692	0.00599
5	0.00924	0.00690	0.01029	0.01029	0.01141	0.00802	0.00795	0.01147	0.01036	0.01493	0.01740	0.02588	0.01637	0.06986	0.72621	0.01026	0.01698	0.00700	0.00347	0.00571
6	0.00801	0.00571	0.00743	0.00875	0.00913	0.00535	0.00577	0.00904	0.01215	0.01614	0.03494	0.68050	0.05906	0.09218	0.01059	0.00296	0.00398	0.01738	0.00580	0.00513
7	0.01727	0.77681	0.03386	0.01106	0.01658	0.02557	0.01106	0.01935	0.01313	0.01520	0.00898	0.01036	0.00829	0.00553	0.00415	0.00138	0.00691	0.00345	0.00276	0.00829
8	0.01340	0.01148	0.01340	0.00957	0.01531	0.00861	0.00766	0.01627	0.01340	0.02105	0.01148	0.01340	0.00957	0.00479	0.00479	0.00096	0.00479	0.00383	0.00383	0.81242
9	0.01414	0.01414	0.01979	0.01696	0.01696	0.01979	0.01414	0.01555	0.00990	0.01555	0.00848	0.01414	0.00848	0.01131	0.02120	0.00283	0.76110	0.00565	0.00283	0.00707
10	0.01525	0.01743	0.03813	0.02723	0.03377	0.01634	0.70915	0.02070	0.01525	0.02070	0.01307	0.01743	0.00980	0.00545	0.00763	0.00218	0.01089	0.00763	0.00327	0.00871
11	0.01727	0.77681	0.03386	0.01106	0.01658	0.02557	0.01106	0.01935	0.01313	0.01520	0.00898	0.01036	0.00829	0.00553	0.00415	0.00138	0.00691	0.00345	0.00276	0.00829
12	0.01004	0.00700	0.00906	0.00842	0.01013	0.00656	0.00635	0.01360	0.04292	0.04933	0.68144	0.04655	0.05804	0.01288	0.00755	0.00204	0.00320	0.01136	0.00712	0.00640
13	0.01122	0.00561	0.00842	0.00842	0.00842	0.00561	0.00561	0.00842	0.00842	0.01122	0.01122	0.01964	0.01122	0.02245	0.02525	0.81201	0.00561	0.00561	0.00281	0.00281
14	0.02478	0.01775	0.01918	0.01470	0.01986	0.01952	0.01214	0.67776	0.02980	0.07485	0.01600	0.01583	0.01123	0.00777	0.00647	0.00194	0.00703	0.00585	0.00654	0.01099
15	0.01220	0.01148	0.01938	0.75739	0.04450	0.01436	0.01794	0.01651	0.01292	0.01651	0.01148	0.01723	0.00861	0.00646	0.00646	0.00215	0.00861	0.00574	0.00287	0.00718
16	0.01049	0.00646	0.00733	0.00717	0.00751	0.00639	0.00421	0.01084	0.01013	0.04625	0.02065	0.03995	0.02261	0.67877	0.02949	0.00570	0.00598	0.00900	0.06668	0.00440
17	0.05802	0.01278	0.01327	0.01139	0.01488	0.01427	0.00903	0.21763	0.29248	0.03014	0.02093	0.02101	0.01574	0.00799	0.00583	0.00192	0.00508	0.00633	0.23218	0.00909
18	0.81856	0.01250	0.00950	0.00850	0.01250	0.01449	0.00700	0.01899	0.01100	0.02899	0.00900	0.01050	0.00700	0.00600	0.00400	0.00200	0.00500	0.00350	0.00400	0.00700
19	0.81856	0.01250	0.00950	0.00850	0.01250	0.01449	0.00700	0.01899	0.01100	0.02899	0.00900	0.01050	0.00700	0.00600	0.00400	0.00200	0.00500	0.00350	0.00400	0.00700
20	0.02456	0.01810	0.01939	0.01487	0.02004	0.02004	0.01228	0.71107	0.03038	0.04072	0.01551	0.01551	0.01099	0.00776	0.00646	0.00194	0.00711	0.00582	0.00646	0.01099
21	0.81856	0.01250	0.00950	0.00850	0.01250	0.01449	0.00700	0.01899	0.01100	0.02899	0.00900	0.01050	0.00700	0.00600	0.00400	0.00200	0.00500	0.00350	0.00400	0.00700
22	0.02899	0.01100	0.01499	0.01150	0.01649	0.00950	0.00950	0.03149	0.01849	0.73709	0.02549	0.02199	0.01599	0.00800	0.00650	0.00200	0.00550	0.00650	0.00800	0.01100
23	0.01340	0.01148	0.01340	0.00957	0.01531	0.00861	0.00766	0.01627	0.01340	0.02105	0.01148	0.01340	0.00957	0.00479	0.00479	0.00096	0.00479	0.00383	0.00383	0.81242
24	0.00799	0.00581	0.00771	0.00896	0.00954	0.00554	0.00612	0.00926	0.01235	0.01642	0.03596	0.64682	0.08890	0.02269	0.07958	0.00334	0.00502	0.01693	0.00575	0.00531
25	0.01122	0.00561	0.00842	0.00842	0.00842	0.00561	0.00561	0.00842	0.00842	0.01122	0.01122	0.01964	0.01122	0.02245	0.02525	0.81201	0.00561	0.00561	0.00281	0.00281
26	0.01637	0.01403	0.01478	0.01321	0.01691	0.01621	0.01030	0.05796	0.69684	0.02751	0.02592	0.02381	0.01942	0.00873	0.00657	0.00218	0.00518	0.00725	0.00657	0.01025
27	0.00808	0.00575	0.00760	0.00889	0.00927	0.00548	0.00591	0.00916	0.01200	0.01606	0.03329	0.66470	0.03963	0.09038	0.04798	0.00335	0.00467	0.01697	0.00568	0.00515
28	0.00997	0.00811	0.01177	0.01144	0.01227	0.00991	0.00894	0.01195	0.01056	0.01530	0.01808	0.12228	0.01825	0.03771	0.51215	0.00793	0.15556	0.00821	0.00368	0.00594
29	0.01616	0.00761	0.00850	0.00757	0.00997	0.00738	0.00591	0.05002	0.01535	0.17394	0.02175	0.02326	0.01619	0.00764	0.00502	0.00163	0.00372	0.00611	0.60499	0.00729
30	0.02654	0.01035	0.01390	0.01085	0.01538	0.00903	0.00890	0.02911	0.01805	0.63996	0.05960	0.02346	0.01825	0.00821	0.00638	0.00196	0.00516	0.00671	0.07790	0.01032
31	0.81856	0.01250	0.00950	0.00850	0.01250	0.01449	0.00700	0.01899	0.01100	0.02899	0.00900	0.01050	0.00700	0.00600	0.00400	0.00200	0.00500	0.00350	0.00400	0.00700
32	0.00913	0.00619	0.00731	0.00770	0.00786	0.00611	0.00468	0.00951	0.01030	0.01371	0.02427	0.19660	0.02823	0.57634	0.02649	0.00533	0.00572	0.04576	0.00446	0.00430
33	0.01683	0.04856	0.07742	0.02480	0.06572	0.14903	0.47965	0.02151	0.01560	0.01962	0.01222	0.01581	0.00940	0.00573	0.00702	0.00203	0.01064	0.00657	0.00322	0.00861
34	0.01340	0.01148	0.01340	0.00957	0.01531	0.00861	0.00766	0.01627	0.01340	0.02105	0.01148	0.01340	0.00957	0.00479	0.00479	0.00096	0.00479	0.00383	0.00383	0.81242
35	0.01815	0.01462	0.01888	0.13878	0.21480	0.06339	0.01411	0.11080	0.13285	0.11730	0.01977	0.02202	0.04957	0.00787	0.00656	0.00204	0.00704	0.02709	0.00498	0.00939
36	0.05970	0.01493	0.01869	0.45025	0.05934	0.12958	0.01573	0.01794	0.01323	0.01709	0.01090	0.01576	0.00875	0.00837	0.03064	0.00240	0.11100	0.00539	0.00303	0.00727
37	0.00929	0.00623	0.00712	0.00720	0.00727	0.00620	0.00411	0.00946	0.00985	0.01319	0.04312	0.08747	0.02584	0.70292	0.03058	0.00591	0.00601	0.01002	0.00414	0.00406
38	0.01512	0.03881	0.17597	0.10906	0.13809	0.03259	0.08796	0.09920	0.01581	0.04652	0.01587	0.10886	0.01400	0.00992	0.04016	0.00243	0.00834	0.00722	0.00398	0.03008
39	0.02072	0.08350	0.11746	0.01499	0.06471	0.03276	0.03178	0.15669	0.01885	0.25167	0.06215	0.02068	0.04014	0.00884	0.02602	0.00214	0.00701	0.00630	0.00562	0.02796
40	0.01685	0.01551	0.01497	0.01349	0.01711	0.08666	0.01045	0.03351	0.65309	0.02595	0.02472	0.02290	0.01862	0.00856	0.00650	0.00214	0.00575	0.00700	0.00626	0.00996
41	0.16097	0.14073	0.38438	0.01615	0.02312	0.01699	0.07865	0.01969	0.01295	0.02088	0.01063	0.01294	0.00815	0.00633	0.00666	0.00200	0.06247	0.00465	0.00302	0.00864
42	0.02899	0.01100	0.01499	0.01150	0.01649	0.00950	0.00950	0.03149	0.01849	0.73709	0.02549	0.02199	0.01599	0.00800	0.00650	0.00200	0.00550	0.00650	0.00800	0.01100
43	0.02725	0.01144	0.01502	0.01165	0.01645	0.01038	0.00957	0.08614	0.03976	0.62357	0.06039	0.02286	0.01797	0.00826	0.00655	0.00200	0.00549	0.00673	0.00779	0.01072
44	0.00804	0.00653	0.00713	0.00705	0.00899	0.00561	0.00526	0.01003	0.01557	0.01963	0.23765	0.08443	0.53016	0.01568	0.00765	0.00216	0.00323	0.01330	0.00629	0.00561
45	0.00794	0.00574	0.00751	0.00879	0.00935	0.00532	0.00594	0.00922	0.01289	0.01716	0.08217	0.68002	0.08494	0.01956	0.00817	0.00256	0.00368	0.01765	0.00607	0.00532
46	0.01423	0.01441	0.02133	0.01782	0.01837	0.01950	0.07243	0.01598	0.01034	0.01598	0.00887	0.01441	0.00859	0.01082	0.02007	0.00277	0.69817	0.00582	0.00286	0.00721
47	0.02368	0.02893	0.01847	0.01652	0.01983	0.65159	0.01255	0.08163	0.01889	0.01785	0.01037	0.01209	0.00855	0.00698	0.00663	0.00174	0.04801	0.00437	0.00356	0.00776
48	0.01419	0.12280	0.05895	0.01301	0.01569	0.01575	0.01125	0.08761	0.09876	0.01969	0.01486	0.01935	0.01297	0.04653	0.22046	0.00463	0.18383	0.00600	0.02601	0.00766
49	0.00917	0.00672	0.00958	0.00967	0.01056	0.00756	0.00717	0.01097	0.01033	0.01463	0.01906	0.07652	0.01924	0.18184	0.56628	0.00911	0.01437	0.00812	0.00371	0.00539
50	0.01043	0.03165	0.00966	0.00837	0.01077	0.00871	0.00643	0.06924	0.07627	0.02009	0.08149	0.05002	0.48715	0.06576	0.00949	0.00243	0.02834	0.01152	0.00580	0.00638
51	0.01885	0.45723	0.02792	0.09476	0.02098	0.16050	0.03500	0.04648	0.01508	0.05465	0.01069	0.01240	0.00889	0.00606	0.00504	0.00160	0.00806	0.00423	0.00331	0.00827
52	0.01498	0.03700	0.08402	0.04010	0.10240	0.03101	0.04343	0.09589	0.01604	0.02301	0.05835	0.01844	0.01382	0.00651	0.00581	0.00154	0.00639	0.02911	0.00413	0.36799

[dist]
# distance from previous block
# <min> <max>
1	10

[block]
# block no. 3 follows, 34 sequences, length 172
# corresponding to MSA columns:
# 189-360
name=unknown_D
#
# <colnr> <probs for GDERKNQSTAVLIFYWHMCP>
#	G	D	E	R	K	N	Q	S	T	A	V	L	I	F	Y	W	H	M	C	P
0	0.04693	0.02149	0.23259	0.04482	0.21660	0.09860	0.01712	0.07958	0.01597	0.06478	0.01382	0.01802	0.01114	0.03262	0.00713	0.00210	0.00824	0.03240	0.00381	0.03225
1	0.01633	0.07698	0.08291	0.04211	0.09964	0.04659	0.07835	0.10007	0.01591	0.05080	0.05654	0.01676	0.01281	0.00721	0.00821	0.00187	0.11603	0.00562	0.00401	0.16125
2	0.00925	0.00685	0.01001	0.01001	0.01103	0.00787	0.00761	0.01130	0.01027	0.01472	0.01765	0.02730	0.01698	0.13051	0.66640	0.00992	0.01606	0.00720	0.00351	0.00556
3	0.01275	0.01076	0.01271	0.00960	0.01466	0.00824	0.00760	0.01545	0.01335	0.02055	0.01468	0.08915	0.01383	0.00678	0.00528	0.00119	0.00473	0.03087	0.00412	0.70369
4	0.01616	0.01710	0.06872	0.03740	0.65982	0.04662	0.01976	0.02012	0.01480	0.02084	0.01203	0.01567	0.01003	0.00582	0.00636	0.00192	0.00796	0.00563	0.00318	0.01008
5	0.01041	0.00744	0.01041	0.01190	0.01339	0.00744	0.01041	0.01339	0.01487	0.01934	0.03421	0.07288	0.03719	0.01785	0.00892	0.00297	0.00595	0.68913	0.00595	0.00595
6	0.00813	0.00596	0.00749	0.00834	0.00916	0.00548	0.00571	0.00956	0.01347	0.01785	0.14658	0.49745	0.15472	0.06668	0.00963	0.00269	0.00372	0.01600	0.00604	0.00533
7	0.01122	0.00561	0.00842	0.00842	0.00842	0.00561	0.00561	0.00842	0.00842	0.01122	0.01122	0.01964	0.01122	0.02245	0.02525	0.81201	0.00561	0.00561	0.00281	0.00281
8	0.01666	0.01241	0.01433	0.01083	0.01612	0.01091	0.00869	0.08591	0.12249	0.10704	0.01573	0.01621	0.01198	0.00604	0.00541	0.00136	0.00514	0.00485	0.00497	0.52291
9	0.01645	0.01407	0.01482	0.01323	0.01694	0.01625	0.01032	0.06427	0.69039	0.02763	0.02582	0.02373	0.01934	0.00872	0.00657	0.00218	0.00520	0.00724	0.00657	0.01026
10	0.02414	0.03079	0.01831	0.01665	0.01998	0.74698	0.01248	0.02580	0.01831	0.01581	0.00999	0.01165	0.00832	0.00666	0.00583	0.00166	0.01165	0.00416	0.00333	0.00749
11	0.00920	0.00689	0.01032	0.01035	0.01149	0.00801	0.00803	0.01148	0.01043	0.01504	0.01775	0.04317	0.01679	0.04778	0.72963	0.01020	0.01698	0.00720	0.00352	0.00576
12	0.01134	0.00866	0.01015	0.00967	0.01087	0.03006	0.00689	0.06223	0.06649	0.01672	0.01897	0.03140	0.01897	0.35028	0.31170	0.00715	0.01077	0.00785	0.00410	0.00574
13	0.01410	0.01342	0.02281	0.39812	0.38895	0.01485	0.01889	0.01817	0.01382	0.01881	0.01182	0.01661	0.00942	0.00611	0.00643	0.00204	0.00814	0.00575	0.00303	0.00871
14	0.00787	0.00562	0.00750	0.00900	0.00937	0.00525	0.00600	0.00900	0.01237	0.01649	0.03561	0.76871	0.04274	0.02024	0.00825	0.00262	0.00375	0.01837	0.00600	0.00525
15	0.02899	0.01100	0.01499	0.01150	0.01649	0.00950	0.00950	0.03149	0.01849	0.73709	0.02549	0.02199	0.01599	0.00800	0.00650	0.00200	0.00550	0.00650	0.00800	0.01100
16	0.01605	0.00832	0.00907	0.00801	0.01050	0.00837	0.00627	0.09529	0.03614	0.13114	0.02126	0.02283	0.01595	0.00766	0.00508	0.00165	0.00389	0.00611	0.57898	0.00743
17	0.01518	0.01790	0.05868	0.02697	0.03360	0.01630	0.68907	0.02069	0.01520	0.02069	0.01303	0.01732	0.00976	0.00547	0.00758	0.00217	0.01085	0.00754	0.00325	0.00874
18	0.01607	0.01388	0.01461	0.01315	0.01680	0.01607	0.01023	0.03433	0.72094	0.02703	0.02630	0.02411	0.01972	0.00877	0.00657	0.00219	0.00511	0.00731	0.00657	0.01023
19	0.01041	0.00744	0.01041	0.01190	0.01339	0.00744	0.01041	0.01339	0.01487	0.01934	0.03421	0.07288	0.03719	0.01785	0.00892	0.00297	0.00595	0.68913	0.00595	0.00595
20	0.00940	0.00626	0.00705	0.00705	0.00705	0.00626	0.00392	0.00940	0.00940	0.01253	0.02036	0.04228	0.02349	0.77292	0.03289	0.00626	0.00626	0.00940	0.00392	0.00392
21	0.01607	0.01388	0.01461	0.01315	0.01680	0.01607	0.01023	0.03433	0.72094	0.02703	0.02630	0.02411	0.01972	0.00877	0.00657	0.00219	0.00511	0.00731	0.00657	0.01023
22	0.00792	0.00566	0.00754	0.00896	0.00938	0.00528	0.00600	0.00912	0.01261	0.01687	0.06310	0.74015	0.04346	0.01996	0.00822	0.00260	0.00372	0.01810	0.00604	0.00528
23	0.00939	0.00629	0.00716	0.00716	0.00720	0.00633	0.00406	0.00947	0.00943	0.01261	0.02026	0.04171	0.02324	0.74846	0.05701	0.00640	0.00664	0.00931	0.00390	0.00398
24	0.00939	0.00631	0.00725	0.00725	0.00733	0.00638	0.00417	0.00953	0.00946	0.01268	0.02017	0.04124	0.02304	0.72803	0.07716	0.00652	0.00695	0.00924	0.00389	0.00403
25	0.43643	0.01220	0.01242	0.01015	0.01464	0.01271	0.00837	0.06585	0.01534	0.32963	0.01637	0.01567	0.01105	0.00695	0.00521	0.00200	0.00534	0.00491	0.00584	0.00893
26	0.81856	0.01250	0.00950	0.00850	0.01250	0.01449	0.00700	0.01899	0.01100	0.02899	0.00900	0.01050	0.00700	0.00600	0.00400	0.00200	0.00500	0.00350	0.00400	0.00700
27	0.01614	0.04251	0.05181	0.11364	0.55260	0.07221	0.01891	0.01994	0.01470	0.01998	0.01179	0.01551	0.00977	0.00591	0.00627	0.00191	0.00813	0.00552	0.00314	0.00960
28	0.01437	0.14430	0.11233	0.01931	0.11671	0.01496	0.16982	0.01878	0.04533	0.04749	0.01905	0.09671	0.04728	0.01030	0.03490	0.00240	0.02543	0.04822	0.00399	0.00830
29	0.00924	0.00640	0.00782	0.00789	0.00823	0.00661	0.00500	0.00987	0.00991	0.01342	0.02163	0.07110	0.04301	0.55072	0.19586	0.00694	0.00861	0.00934	0.00396	0.00445
30	0.02899	0.01100	0.01499	0.01150	0.01649	0.00950	0.00950	0.03149	0.01849	0.73709	0.02549	0.02199	0.01599	0.00800	0.00650	0.00200	0.00550	0.00650	0.00800	0.01100
31	0.01340	0.01148	0.01340	0.00957	0.01531	0.00861	0.00766	0.01627	0.01340	0.02105	0.01148	0.01340	0.00957	0.00479	0.00479	0.00096	0.00479	0.00383	0.00383	0.81242
32	0.01587	0.01523	0.02601	0.06192	0.71128	0.01532	0.01977	0.01973	0.01466	0.02097	0.01213	0.01603	0.01018	0.00578	0.00640	0.00193	0.00771	0.00576	0.00319	0.01014
33	0.01204	0.00602	0.00602	0.00602	0.00753	0.00602	0.00452	0.01506	0.01355	0.02409	0.02108	0.02409	0.01656	0.00753	0.00452	0.00151	0.00301	0.00602	0.80879	0.00602
34	0.01072	0.00981	0.05825	0.00942	0.01223	0.00823	0.02257	0.03448	0.09631	0.04182	0.21625	0.08477	0.31764	0.01324	0.00728	0.00213	0.00420	0.01129	0.03255	0.00682
35	0.00787	0.00650	0.00691	0.00693	0.00890	0.00554	0.00515	0.00968	0.01510	0.01863	0.16058	0.10367	0.58993	0.01614	0.00767	0.00219	0.00327	0.01364	0.00616	0.00554
36	0.02414	0.03079	0.01831	0.01665	0.01998	0.74698	0.01248	0.02580	0.01831	0.01581	0.00999	0.01165	0.00832	0.00666	0.00583	0.00166	0.01165	0.00416	0.00333	0.00749
37	0.70013	0.06023	0.03287	0.00942	0.01363	0.05810	0.00806	0.01946	0.01163	0.02714	0.00913	0.01065	0.00719	0.00601	0.00418	0.00194	0.00564	0.00357	0.00385	0.00718
38	0.01198	0.01558	0.17922	0.06243	0.10134	0.01132	0.12024	0.01644	0.01528	0.02141	0.20591	0.07366	0.02837	0.01020	0.00729	0.00221	0.00697	0.09778	0.00464	0.00773
39	0.02414	0.03079	0.01831	0.01665	0.01998	0.74698	0.01248	0.02580	0.01831	0.01581	0.00999	0.01165	0.00832	0.00666	0.00583	0.00166	0.01165	0.00416	0.00333	0.00749
40	0.00765	0.00650	0.00659	0.00665	0.00876	0.00545	0.00496	0.00926	0.01462	0.01741	0.06413	0.09363	0.69941	0.01654	0.00766	0.00220	0.00329	0.01385	0.00600	0.00545
41	0.01519	0.01788	0.05769	0.02699	0.03361	0.01630	0.69004	0.02069	0.01521	0.02069	0.01303	0.01732	0.00976	0.00547	0.00758	0.00217	0.01086	0.00755	0.00325	0.00874
42	0.01714	0.66433	0.10793	0.01200	0.01794	0.02420	0.01247	0.05025	0.01395	0.01689	0.00955	0.01094	0.00840	0.00569	0.00446	0.00148	0.00720	0.00370	0.00292	0.00855
43	0.00924	0.00690	0.01025	0.01025	0.01136	0.00800	0.00791	0.01145	0.01035	0.01490	0.01743	0.02605	0.01644	0.07717	0.71900	0.01022	0.01687	0.00702	0.00348	0.00570
44	0.00793	0.00567	0.00757	0.00907	0.00947	0.00530	0.00611	0.00910	0.01243	0.01656	0.03558	0.75157	0.04260	0.02018	0.00826	0.00263	0.00380	0.03489	0.00600	0.00527
45	0.01525	0.01743	0.03813	0.02723	0.03377	0.01634	0.70915	0.02070	0.01525	0.02070	0.01307	0.01743	0.00980	0.00545	0.00763	0.00218	0.01089	0.00763	0.00327	0.00871
46	0.23317	0.29821	0.13040	0.01289	0.01826	0.12429	0.03510	0.02096	0.04010	0.02042	0.01031	0.01183	0.00841	0.00603	0.00485	0.00175	0.00754	0.00405	0.00333	0.00810
47	0.01560	0.01388	0.02062	0.20223	0.27221	0.01582	0.01590	0.10192	0.07466	0.02220	0.01358	0.01713	0.01085	0.00734	0.00850	0.00211	0.11835	0.00589	0.05233	0.00887
48	0.00940	0.00626	0.00705	0.00705	0.00705	0.00626	0.00392	0.00940	0.00940	0.01253	0.02036	0.04228	0.02349	0.77292	0.03289	0.00626	0.00626	0.00940	0.00392	0.00392
49	0.03662	0.01115	0.00949	0.00926	0.01133	0.13259	0.00681	0.03074	0.03487	0.01883	0.08845	0.17217	0.32486	0.04410	0.00815	0.00229	0.00508	0.01160	0.03553	0.00609
50	0.06022	0.33836	0.08978	0.01639	0.10489	0.16300	0.01330	0.06009	0.01560	0.06765	0.01128	0.01267	0.00913	0.00615	0.00521	0.00167	0.00799	0.00433	0.00355	0.00875
51	0.02772	0.01130	0.01491	0.01155	0.01639	0.01017	0.00950	0.06578	0.04539	0.65132	0.02487	0.02181	0.01590	0.00800	0.00643	0.00199	0.00548	0.00648	0.03421	0.01080
52	0.00862	0.00652	0.00746	0.00725	0.00886	0.00584	0.00526	0.01066	0.01547	0.02050	0.33356	0.05272	0.33943	0.11431	0.01086	0.00264	0.00357	0.01205	0.02888	0.00553
53	0.03489	0.00760	0.01027	0.01183	0.03672	0.00747	0.00946	0.01325	0.01445	0.03865	0.03525	0.17505	0.09257	0.01706	0.00841	0.00276	0.00540	0.46691	0.00587	0.00611
54	0.01541	0.01680	0.16700	0.03126	0.01886	0.01401	0.01268	0.02786	0.41051	0.08060	0.09134	0.02506	0.04258	0.00876	0.00661	0.00213	0.00591	0.00729	0.00582	0.00953
55	0.00888	0.00609	0.00741	0.00805	0.00828	0.00595	0.00507	0.00948	0.01082	0.01440	0.02686	0.31564	0.03147	0.44812	0.02230	0.00471	0.00531	0.05180	0.00481	0.00453
56	0.00949	0.00684	0.00998	0.00998	0.01117	0.00789	0.00775	0.01187	0.01068	0.01584	0.01766	0.02526	0.01619	0.04465	0.67826	0.00956	0.01598	0.00684	0.07834	0.00579
57	0.09283	0.04878	0.05393	0.06397	0.18406	0.01505	0.11567	0.09260	0.07969	0.13942	0.01633	0.04190	0.01253	0.00709	0.00635	0.00202	0.00723	0.00636	0.00473	0.00945
58	0.01170	0.01063	0.01766	0.55821	0.06720	0.01299	0.01581	0.01554	0.01243	0.01637	0.01282	0.01900	0.01038	0.01586	0.17286	0.00399	0.01052	0.00601	0.00302	0.00700
59	0.00795	0.00642	0.00681	0.00695	0.00883	0.00550	0.00512	0.00969	0.01469	0.01827	0.11342	0.14444	0.56700	0.01624	0.00759	0.00220	0.00330	0.01376	0.03631	0.00550
60	0.01372	0.01338	0.02426	0.12410	0.18919	0.01336	0.24405	0.04788	0.01521	0.02039	0.02151	0.07343	0.08792	0.00897	0.00730	0.00221	0.00799	0.07295	0.00404	0.00814
61	0.01479	0.17141	0.42409	0.01826	0.08508	0.01671	0.04168	0.04181	0.03393	0.04014	0.01317	0.04732	0.01059	0.00676	0.00595	0.00194	0.00836	0.00545	0.00331	0.00925
62	0.01672	0.01722	0.02346	0.09546	0.42276	0.13311	0.06072	0.02168	0.08157	0.02052	0.03537	0.01726	0.01222	0.00646	0.00644	0.00194	0.00822	0.00595	0.00363	0.00930
63	0.06309	0.01181	0.01514	0.01173	0.01665	0.01090	0.00966	0.09302	0.04236	0.61888	0.02388	0.02096	0.01526	0.00791	0.00639	0.00200	0.00561	0.00633	0.00763	0.01079
64	0.01345	0.04521	0.01417	0.00962	0.01524	0.00929	0.00777	0.01624	0.01336	0.02069	0.01191	0.03010	0.01025	0.00516	0.00483	0.00101	0.00486	0.00414	0.00383	0.75885
65	0.01363	0.07360	0.58492	0.01761	0.02594	0.01573	0.04403	0.04930	0.01425	0.02070	0.01355	0.01551	0.03555	0.00676	0.00681	0.00205	0.04255	0.00521	0.00304	0.00925
66	0.00787	0.00562	0.00750	0.00900	0.00937	0.00525	0.00600	0.00900	0.01237	0.01649	0.03561	0.76871	0.04274	0.02024	0.00825	0.00262	0.00375	0.01837	0.00600	0.00525
67	0.00917	0.00627	0.00707	0.00712	0.00737	0.00614	0.00416	0.00945	0.01025	0.01352	0.04540	0.07633	0.08709	0.65170	0.02886	0.00562	0.00580	0.01023	0.00428	0.00417
68	0.01565	0.05974	0.47489	0.01772	0.04669	0.03302	0.05027	0.05182	0.06489	0.08467	0.03112	0.01607	0.01121	0.00667	0.00623	0.00201	0.00856	0.00540	0.00378	0.00958
69	0.09105	0.18304	0.22436	0.01588	0.04152	0.17917	0.03789	0.08445	0.01585	0.02095	0.01099	0.01281	0.00867	0.00638	0.00589	0.00182	0.02735	0.00451	0.01884	0.00859
70	0.02267	0.06082	0.01940	0.01656	0.01984	0.63772	0.03209	0.02446	0.01735	0.01589	0.01015	0.01226	0.00858	0.00793	0.02637	0.00196	0.05080	0.00438	0.00328	0.00749
71	0.01133	0.00607	0.00653	0.00663	0.00802	0.00604	0.00491	0.01414	0.01368	0.02318	0.07641	0.09391	0.02233	0.01074	0.03453	0.00200	0.00365	0.00762	0.64234	0.00595
72	0.00807	0.00649	0.00720	0.00717	0.00903	0.00562	0.00532	0.01006	0.01554	0.01974	0.24793	0.11184	0.49172	0.01578	0.00768	0.00217	0.00325	0.01345	0.00631	0.00562
73	0.00770	0.00630	0.00680	0.00719	0.00890	0.00540	0.00520	0.00920	0.01411	0.01720	0.05761	0.24787	0.54937	0.01738	0.00780	0.00230	0.00340	0.01488	0.00600	0.00540
74	0.78479	0.01243	0.00973	0.00863	0.01267	0.01428	0.00710	0.01953	0.01132	0.05928	0.00970	0.01099	0.00738	0.00608	0.00411	0.00200	0.00502	0.00363	0.00417	0.00717
75	0.00793	0.00569	0.00744	0.00880	0.00924	0.00530	0.00586	0.00903	0.01234	0.01636	0.03627	0.70512	0.07247	0.05337	0.00931	0.00277	0.00384	0.01776	0.00591	0.00520
76	0.01296	0.03342	0.73944	0.01842	0.02797	0.01501	0.02387	0.02046	0.01364	0.02046	0.01160	0.01364	0.00818	0.00614	0.00614	0.00205	0.00955	0.00477	0.00273	0.00955
77	0.01979	0.01573	0.01671	0.01390	0.01822	0.01781	0.01113	0.33106	0.41816	0.03303	0.02157	0.02034	0.01589	0.00832	0.00653	0.00208	0.00599	0.00665	0.00653	0.01056
78	0.00917	0.00686	0.00876	0.00963	0.01117	0.00646	0.00785	0.01153	0.01485	0.01910	0.11331	0.15933	0.23503	0.01728	0.00834	0.00261	0.00461	0.34230	0.00609	0.00573
79	0.02414	0.03079	0.01831	0.01665	0.01998	0.74698	0.01248	0.02580	0.01831	0.01581	0.00999	0.01165	0.00832	0.00666	0.00583	0.00166	0.01165	0.00416	0.00333	0.00749
