[name]
unknown

[dist]
# distance from previous block
# <min> <max>
0	1

[block]
# block no. 0 follows, 34 sequences, length 73
# corresponding to MSA columns:
# 1-73
name=unknown_A
#
# <colnr> <probs for GDERKNQSTAVLIFYWHMCP>
#	G	D	E	R	K	N	Q	S	T	A	V	L	I	F	Y	W	H	M	C	P
0	0.02675	0.01055	0.01440	0.01142	0.01601	0.00921	0.00947	0.02931	0.01818	0.65252	0.04874	0.02722	0.01926	0.00901	0.00674	0.00208	0.00546	0.06547	0.00779	0.01040
1	0.00869	0.00659	0.00801	0.00765	0.00937	0.00590	0.00574	0.01132	0.01722	0.02337	0.52962	0.05245	0.26214	0.01416	0.00763	0.00208	0.00312	0.01227	0.00678	0.00590
2	0.05969	0.01536	0.02493	0.03653	0.65214	0.01558	0.01870	0.06026	0.01543	0.02268	0.01218	0.01567	0.01010	0.00589	0.00627	0.00192	0.00750	0.00564	0.00343	0.01010
3	0.81856	0.01250	0.00950	0.00850	0.01250	0.01449	0.00700	0.01899	0.01100	0.02899	0.00900	0.01050	0.00700	0.00600	0.00400	0.00200	0.00500	0.00350	0.00400	0.00700
4	0.00803	0.00575	0.00764	0.00889	0.00941	0.00535	0.00601	0.00940	0.01311	0.01767	0.12203	0.67894	0.04501	0.01937	0.00817	0.00255	0.00366	0.01754	0.00614	0.00535
5	0.77233	0.01241	0.00982	0.00867	0.01273	0.01420	0.00714	0.01972	0.01144	0.07045	0.00996	0.01117	0.00752	0.00611	0.00414	0.00200	0.00503	0.00367	0.00423	0.00723
6	0.01679	0.01849	0.09204	0.02856	0.24718	0.05821	0.34607	0.02148	0.01536	0.07197	0.01337	0.01665	0.01016	0.00586	0.00693	0.00204	0.00944	0.00652	0.00354	0.00935
7	0.01122	0.00888	0.01042	0.00919	0.01216	0.00776	0.00691	0.07251	0.01529	0.02125	0.10480	0.26138	0.14571	0.01270	0.00679	0.00188	0.00423	0.01102	0.00545	0.27046
8	0.01727	0.77681	0.03386	0.01106	0.01658	0.02557	0.01106	0.01935	0.01313	0.01520	0.00898	0.01036	0.00829	0.00553	0.00415	0.00138	0.00691	0.00345	0.00276	0.00829
9	0.01486	0.01643	0.03462	0.13290	0.08335	0.01599	0.56255	0.02004	0.01488	0.02012	0.01278	0.01730	0.00966	0.00561	0.00737	0.00216	0.01034	0.00723	0.00321	0.00860
10	0.01398	0.05807	0.13653	0.02073	0.18205	0.02808	0.12314	0.01933	0.06833	0.03816	0.21675	0.02534	0.02492	0.00816	0.00678	0.00200	0.00697	0.00755	0.00458	0.00857
11	0.00923	0.00692	0.01038	0.01038	0.01154	0.00808	0.00808	0.01154	0.01038	0.01500	0.01731	0.02538	0.01615	0.04846	0.74732	0.01038	0.01731	0.00692	0.00346	0.00577
12	0.01870	0.62198	0.03063	0.01222	0.01729	0.17529	0.01135	0.02069	0.01420	0.01533	0.00919	0.01063	0.00830	0.00576	0.00449	0.00144	0.00789	0.00360	0.00288	0.00813
13	0.77793	0.01242	0.00978	0.00865	0.01270	0.01424	0.00713	0.01964	0.01138	0.06543	0.00985	0.01109	0.00746	0.00610	0.00413	0.00200	0.00502	0.00365	0.00420	0.00720
14	0.02456	0.01887	0.04080	0.01481	0.01997	0.07120	0.01241	0.58297	0.02799	0.09766	0.01585	0.01573	0.01114	0.00765	0.00641	0.00193	0.00737	0.00572	0.00626	0.01069
15	0.12389	0.01973	0.08205	0.04265	0.26863	0.17079	0.03117	0.09673	0.01639	0.02291	0.01176	0.01434	0.00939	0.00648	0.00640	0.00192	0.03267	0.00509	0.02809	0.00891
16	0.00801	0.00590	0.00751	0.00849	0.00931	0.00540	0.00584	0.00948	0.01356	0.01795	0.13643	0.55808	0.15301	0.01866	0.00806	0.00247	0.00358	0.01670	0.00615	0.00540
17	0.01347	0.01278	0.02167	0.51765	0.27435	0.01469	0.01857	0.01762	0.01352	0.01805	0.01171	0.01681	0.00915	0.00623	0.00644	0.00208	0.00830	0.00575	0.00298	0.00820
18	0.00872	0.00659	0.00805	0.00769	0.00939	0.00592	0.00576	0.01138	0.01729	0.02355	0.54371	0.05215	0.24794	0.01409	0.00763	0.00207	0.00311	0.01223	0.00680	0.00592
19	0.67199	0.01193	0.01011	0.00891	0.01285	0.01335	0.00727	0.02008	0.01205	0.12063	0.01258	0.05280	0.01009	0.00703	0.00455	0.00203	0.00500	0.00469	0.00463	0.00742
20	0.00764	0.00655	0.00655	0.00655	0.00873	0.00545	0.00491	0.00927	0.01473	0.01745	0.06546	0.06218	0.73000	0.01636	0.00764	0.00218	0.00327	0.01364	0.00600	0.00545
21	0.00810	0.00651	0.00723	0.00716	0.00904	0.00563	0.00533	0.01013	0.01566	0.01993	0.26252	0.09938	0.48937	0.01565	0.00767	0.00216	0.00323	0.01333	0.00633	0.00563
22	0.01398	0.01391	0.01950	0.01676	0.01680	0.01943	0.01395	0.01543	0.00991	0.01553	0.00876	0.01449	0.00872	0.01246	0.04374	0.00306	0.73802	0.00569	0.00285	0.00703
23	0.02899	0.01100	0.01499	0.01150	0.01649	0.00950	0.00950	0.03149	0.01849	0.73709	0.02549	0.02199	0.01599	0.00800	0.00650	0.00200	0.00550	0.00650	0.00800	0.01100
24	0.01220	0.01148	0.01938	0.75739	0.04450	0.01436	0.01794	0.01651	0.01292	0.01651	0.01148	0.01723	0.00861	0.00646	0.00646	0.00215	0.00861	0.00574	0.00287	0.00718
25	0.01122	0.00561	0.00842	0.00842	0.00842	0.00561	0.00561	0.00842	0.00842	0.01122	0.01122	0.01964	0.01122	0.02245	0.02525	0.81201	0.00561	0.00561	0.00281	0.00281
26	0.02414	0.03079	0.01831	0.01665	0.01998	0.74698	0.01248	0.02580	0.01831	0.01581	0.00999	0.01165	0.00832	0.00666	0.00583	0.00166	0.01165	0.00416	0.00333	0.00749
27	0.01712	0.01343	0.02039	0.37903	0.21102	0.03327	0.01649	0.07702	0.01582	0.13280	0.01415	0.01738	0.01037	0.00664	0.00643	0.00204	0.00784	0.00583	0.00407	0.00887
28	0.01391	0.01640	0.13930	0.01711	0.09031	0.05512	0.10722	0.06250	0.07519	0.02387	0.24735	0.02840	0.02789	0.00898	0.00693	0.00202	0.00675	0.02960	0.00500	0.03614
29	0.00805	0.00656	0.00712	0.00698	0.00898	0.00563	0.00523	0.01007	0.01570	0.01976	0.24664	0.05838	0.54737	0.01550	0.00763	0.00214	0.00321	0.01310	0.00630	0.00563
30	0.00764	0.00655	0.00655	0.00655	0.00873	0.00545	0.00491	0.00927	0.01473	0.01745	0.06546	0.06218	0.73000	0.01636	0.00764	0.00218	0.00327	0.01364	0.00600	0.00545
31	0.01715	0.68744	0.09345	0.01188	0.01767	0.04983	0.01220	0.01967	0.01335	0.01567	0.00924	0.01069	0.00828	0.00562	0.00437	0.00145	0.00730	0.00359	0.00278	0.00837
32	0.02899	0.01100	0.01499	0.01150	0.01649	0.00950	0.00950	0.03149	0.01849	0.73709	0.02549	0.02199	0.01599	0.00800	0.00650	0.00200	0.00550	0.00650	0.00800	0.01100
33	0.00787	0.00562	0.00750	0.00900	0.00937	0.00525	0.00600	0.00900	0.01237	0.01649	0.03561	0.76871	0.04274	0.02024	0.00825	0.00262	0.00375	0.01837	0.00600	0.00525
34	0.00914	0.00660	0.00864	0.00813	0.00965	0.00610	0.00610	0.01219	0.01829	0.02591	0.72921	0.04827	0.06097	0.01321	0.00762	0.00203	0.00305	0.01169	0.00711	0.00610
35	0.01765	0.08340	0.10134	0.02604	0.32277	0.11663	0.05222	0.06312	0.09744	0.03747	0.01370	0.01579	0.01083	0.00640	0.00619	0.00190	0.00815	0.00553	0.00382	0.00960
36	0.77600	0.01215	0.00931	0.00837	0.01223	0.01405	0.00687	0.01879	0.01113	0.02873	0.00963	0.01121	0.00750	0.00608	0.00403	0.00197	0.00489	0.00363	0.04647	0.00695
37	0.02876	0.01137	0.01523	0.01167	0.01668	0.01005	0.00964	0.06736	0.01912	0.70034	0.02496	0.02165	0.01573	0.00798	0.00650	0.00200	0.00558	0.00646	0.00792	0.01100
38	0.00846	0.00695	0.00750	0.00729	0.00939	0.00618	0.00549	0.01133	0.05289	0.02008	0.22989	0.05668	0.52468	0.01517	0.00758	0.00214	0.00331	0.01281	0.00631	0.00587
39	0.07290	0.16120	0.25552	0.02533	0.32267	0.01706	0.01859	0.01988	0.01381	0.02038	0.01116	0.01381	0.00899	0.00585	0.00573	0.00187	0.00794	0.00486	0.00302	0.00942
40	0.01341	0.01263	0.02088	0.52770	0.22132	0.01471	0.01798	0.01841	0.05484	0.01832	0.01253	0.01731	0.00968	0.00641	0.00645	0.00209	0.00817	0.00584	0.00317	0.00815
41	0.00958	0.00684	0.00945	0.01094	0.01206	0.00672	0.00896	0.01194	0.01405	0.01840	0.03467	0.30209	0.03901	0.01864	0.00870	0.00286	0.00522	0.46818	0.00597	0.00572
42	0.01352	0.01126	0.01914	0.09702	0.15381	0.01121	0.14310	0.01748	0.05241	0.07811	0.05879	0.25351	0.02427	0.01127	0.00735	0.00226	0.00657	0.02622	0.00488	0.00783
43	0.06546	0.01790	0.08375	0.03747	0.02037	0.01769	0.01271	0.47976	0.06223	0.09614	0.01621	0.01671	0.01160	0.02394	0.00688	0.00207	0.00700	0.00581	0.00596	0.01033
44	0.00844	0.00603	0.00815	0.00965	0.01027	0.00574	0.00699	0.00998	0.01293	0.01713	0.03530	0.61306	0.04149	0.01971	0.00840	0.00270	0.00424	0.16841	0.00599	0.00541
45	0.81856	0.01250	0.00950	0.00850	0.01250	0.01449	0.00700	0.01899	0.01100	0.02899	0.00900	0.01050	0.00700	0.00600	0.00400	0.00200	0.00500	0.00350	0.00400	0.00700
46	0.00914	0.00660	0.00864	0.00813	0.00965	0.00610	0.00610	0.01219	0.01829	0.02591	0.72921	0.04827	0.06097	0.01321	0.00762	0.00203	0.00305	0.01169	0.00711	0.00610
47	0.01484	0.04646	0.07723	0.09272	0.41463	0.03011	0.08897	0.01929	0.03896	0.02006	0.01464	0.08563	0.01312	0.00727	0.00659	0.00202	0.00783	0.00697	0.00350	0.00917
48	0.01358	0.11177	0.62578	0.01877	0.06467	0.01615	0.02229	0.02031	0.01364	0.01994	0.01135	0.01342	0.00831	0.00605	0.00594	0.00197	0.00917	0.00469	0.00276	0.00945
49	0.01495	0.05249	0.42902	0.02368	0.19554	0.01597	0.07846	0.07533	0.01535	0.02207	0.01207	0.01455	0.00904	0.00610	0.00628	0.00200	0.00893	0.00528	0.00318	0.00971
50	0.02376	0.07464	0.01932	0.01618	0.01978	0.65150	0.01238	0.07463	0.01887	0.01757	0.01032	0.01185	0.00851	0.00667	0.00577	0.00167	0.01104	0.00424	0.00352	0.00779
51	0.00764	0.00655	0.00655	0.00655	0.00873	0.00545	0.00491	0.00927	0.01473	0.01745	0.06546	0.06218	0.73000	0.01636	0.00764	0.00218	0.00327	0.01364	0.00600	0.00545
52	0.01011	0.01017	0.06189	0.00955	0.01208	0.00903	0.00802	0.01470	0.11359	0.02032	0.17754	0.04587	0.36485	0.03713	0.00935	0.00233	0.07021	0.01091	0.00572	0.00663
53	0.00854	0.00647	0.00788	0.00776	0.00934	0.00580	0.00573	0.01094	0.01652	0.02226	0.44824	0.13750	0.25947	0.01499	0.00770	0.00215	0.00320	0.01306	0.00665	0.00580
54	0.01328	0.03003	0.62462	0.01720	0.02579	0.01462	0.02144	0.05568	0.03911	0.02152	0.01618	0.01759	0.06057	0.00705	0.00628	0.00206	0.00882	0.00555	0.00329	0.00935
55	0.01901	0.01534	0.01627	0.01374	0.01792	0.01745	0.01094	0.26885	0.48163	0.03177	0.02256	0.02113	0.01670	0.00842	0.00654	0.00210	0.00581	0.00679	0.00654	0.01049
56	0.00914	0.00660	0.00864	0.00813	0.00965	0.00610	0.00610	0.01219	0.01829	0.02591	0.72921	0.04827	0.06097	0.01321	0.00762	0.00203	0.00305	0.01169	0.00711	0.00610
57	0.01340	0.01148	0.01340	0.00957	0.01531	0.00861	0.00766	0.01627	0.01340	0.02105	0.01148	0.01340	0.00957	0.00479	0.00479	0.00096	0.00479	0.00383	0.00383	0.81242
58	0.81856	0.01250	0.00950	0.00850	0.01250	0.01449	0.00700	0.01899	0.01100	0.02899	0.00900	0.01050	0.00700	0.00600	0.00400	0.00200	0.00500	0.00350	0.00400	0.00700
59	0.02479	0.01773	0.01916	0.01469	0.01986	0.01950	0.01214	0.67610	0.02977	0.07655	0.01603	0.01585	0.01125	0.00777	0.00647	0.00194	0.00703	0.00585	0.00654	0.01099
60	0.00931	0.00660	0.00877	0.00877	0.00937	0.00720	0.00607	0.01050	0.00991	0.01381	0.01878	0.03355	0.01970	0.39833	0.40229	0.00839	0.01197	0.00812	0.00368	0.00487
61	0.01296	0.03342	0.73944	0.01842	0.02797	0.01501	0.02387	0.02046	0.01364	0.02046	0.01160	0.01364	0.00818	0.00614	0.00614	0.00205	0.00955	0.00477	0.00273	0.00955
62	0.00786	0.00569	0.00743	0.00882	0.00933	0.00526	0.00592	0.00902	0.01254	0.01656	0.03776	0.71796	0.09209	0.01996	0.00820	0.00259	0.00371	0.01803	0.00600	0.00526
63	0.01340	0.01148	0.01340	0.00957	0.01531	0.00861	0.00766	0.01627	0.01340	0.02105	0.01148	0.01340	0.00957	0.00479	0.00479	0.00096	0.00479	0.00383	0.00383	0.81242
64	0.01002	0.00615	0.00875	0.00886	0.00926	0.00650	0.00614	0.00964	0.00951	0.01305	0.01652	0.07922	0.01721	0.16088	0.25860	0.35516	0.00937	0.00761	0.00344	0.00413
65	0.58373	0.01205	0.01113	0.00939	0.01368	0.01301	0.00774	0.02271	0.01323	0.23959	0.01390	0.01392	0.00967	0.00659	0.00474	0.00200	0.00515	0.00439	0.00519	0.00819
66	0.01868	0.01218	0.01375	0.01165	0.01531	0.01300	0.00925	0.14539	0.28996	0.16848	0.12052	0.02553	0.02282	0.00892	0.00646	0.00201	0.00502	0.00735	0.09423	0.00948
67	0.01578	0.03418	0.07438	0.11206	0.42860	0.01591	0.14202	0.06013	0.01542	0.02150	0.01233	0.01607	0.00985	0.00592	0.00656	0.00199	0.00842	0.00597	0.00333	0.00959
68	0.01254	0.01173	0.01970	0.62246	0.13333	0.01404	0.01756	0.01671	0.01345	0.01762	0.05020	0.01873	0.01164	0.00673	0.00651	0.00212	0.00819	0.00606	0.00314	0.00752
69	0.00950	0.00669	0.00790	0.00830	0.00875	0.00674	0.00531	0.01129	0.06164	0.01506	0.02586	0.24896	0.02942	0.46361	0.02271	0.00476	0.00545	0.04838	0.00481	0.00486
70	0.05667	0.00856	0.01019	0.00913	0.01160	0.00832	0.00707	0.05742	0.03691	0.13283	0.31465	0.09252	0.16675	0.01248	0.00744	0.00210	0.02140	0.01054	0.02629	0.00714
71	0.01704	0.28276	0.26358	0.01773	0.08085	0.01810	0.09593	0.02149	0.01437	0.11216	0.01272	0.01423	0.00959	0.00606	0.00569	0.00182	0.00811	0.00495	0.00353	0.00927
72	0.01527	0.01261	0.01933	0.24211	0.26125	0.01356	0.01543	0.10458	0.01616	0.05964	0.01825	0.08731	0.03294	0.00885	0.00683	0.00215	0.00718	0.06369	0.00430	0.00856

[dist]
# distance from previous block
# <min> <max>
0	5

[block]
# block no. 1 follows, 34 sequences, length 85
# corresponding to MSA columns:
# 79-163
name=unknown_B
#
# <colnr> <probs for GDERKNQSTAVLIFYWHMCP>
#	G	D	E	R	K	N	Q	S	T	A	V	L	I	F	Y	W	H	M	C	P
0	0.01373	0.02045	0.27000	0.07605	0.10526	0.01453	0.15770	0.03924	0.04978	0.02142	0.09381	0.01973	0.01560	0.00826	0.02561	0.00231	0.04750	0.00657	0.00372	0.00874
1	0.01373	0.04008	0.01735	0.11573	0.02061	0.03440	0.04762	0.01655	0.01290	0.01889	0.01175	0.04077	0.01034	0.00685	0.00824	0.00162	0.14123	0.00513	0.00351	0.43270
2	0.00834	0.00593	0.00784	0.00885	0.00928	0.00584	0.00593	0.00944	0.01155	0.01557	0.03021	0.53050	0.03541	0.15799	0.12126	0.00441	0.00619	0.01509	0.00526	0.00509
3	0.01727	0.77681	0.03386	0.01106	0.01658	0.02557	0.01106	0.01935	0.01313	0.01520	0.00898	0.01036	0.00829	0.00553	0.00415	0.00138	0.00691	0.00345	0.00276	0.00829
4	0.01693	0.00833	0.01113	0.00945	0.01234	0.00743	0.00743	0.01977	0.01837	0.30505	0.45300	0.03795	0.04331	0.01116	0.00718	0.00202	0.00401	0.00965	0.00746	0.00802
5	0.00880	0.00659	0.00816	0.00777	0.00944	0.00595	0.00583	0.01153	0.01749	0.02400	0.57943	0.05141	0.21194	0.01392	0.00762	0.00207	0.00310	0.01213	0.00686	0.00595
6	0.00764	0.00655	0.00655	0.00655	0.00873	0.00545	0.00491	0.00927	0.01473	0.01745	0.06546	0.06218	0.73000	0.01636	0.00764	0.00218	0.00327	0.01364	0.00600	0.00545
7	0.01548	0.01192	0.01396	0.01011	0.01575	0.00950	0.00814	0.06720	0.01503	0.08161	0.01293	0.01426	0.01020	0.00526	0.00505	0.00111	0.00501	0.00419	0.00436	0.68892
8	0.00764	0.00655	0.00655	0.00655	0.00873	0.00545	0.00491	0.00927	0.01473	0.01745	0.06546	0.06218	0.73000	0.01636	0.00764	0.00218	0.00327	0.01364	0.00600	0.00545
9	0.81856	0.01250	0.00950	0.00850	0.01250	0.01449	0.00700	0.01899	0.01100	0.02899	0.00900	0.01050	0.00700	0.00600	0.00400	0.00200	0.00500	0.00350	0.00400	0.00700
10	0.00964	0.00712	0.00906	0.00849	0.01016	0.00681	0.00639	0.01378	0.06853	0.02599	0.67895	0.04654	0.05802	0.01289	0.00755	0.00204	0.00320	0.01137	0.00707	0.00639
11	0.00787	0.00562	0.00750	0.00900	0.00937	0.00525	0.00600	0.00900	0.01237	0.01649	0.03561	0.76871	0.04274	0.02024	0.00825	0.00262	0.00375	0.01837	0.00600	0.00525
12	0.00764	0.00655	0.00655	0.00655	0.00873	0.00545	0.00491	0.00927	0.01473	0.01745	0.06546	0.06218	0.73000	0.01636	0.00764	0.00218	0.00327	0.01364	0.00600	0.00545
13	0.01599	0.01535	0.02623	0.03966	0.73262	0.01535	0.01983	0.01983	0.01471	0.02111	0.01215	0.01599	0.01023	0.00576	0.00640	0.00192	0.00768	0.00576	0.00320	0.01023
14	0.81856	0.01250	0.00950	0.00850	0.01250	0.01449	0.00700	0.01899	0.01100	0.02899	0.00900	0.01050	0.00700	0.00600	0.00400	0.00200	0.00500	0.00350	0.00400	0.00700
15	0.02363	0.11486	0.02124	0.01438	0.01960	0.02074	0.01212	0.62285	0.02818	0.03747	0.01468	0.01486	0.01064	0.00747	0.00617	0.00187	0.00708	0.00552	0.00599	0.01064
16	0.01715	0.01442	0.01522	0.01337	0.01721	0.01658	0.01049	0.12064	0.63287	0.02878	0.02492	0.02301	0.01861	0.00864	0.00656	0.00216	0.00537	0.00712	0.00656	0.01032
17	0.01031	0.00737	0.01027	0.01159	0.01308	0.00733	0.01006	0.01329	0.01516	0.01988	0.09162	0.07085	0.03915	0.01747	0.00882	0.00290	0.00571	0.63316	0.00605	0.00596
18	0.01414	0.01414	0.01979	0.01696	0.01696	0.01979	0.01414	0.01555	0.00990	0.01555	0.00848	0.01414	0.00848	0.01131	0.02120	0.00283	0.76110	0.00565	0.00283	0.00707
19	0.00940	0.00626	0.00705	0.00705	0.00705	0.00626	0.00392	0.00940	0.00940	0.01253	0.02036	0.04228	0.02349	0.77292	0.03289	0.00626	0.00626	0.00940	0.00392	0.00392
20	0.01296	0.03342	0.73944	0.01842	0.02797	0.01501	0.02387	0.02046	0.01364	0.02046	0.01160	0.01364	0.00818	0.00614	0.00614	0.00205	0.00955	0.00477	0.00273	0.00955
21	0.00924	0.00690	0.01024	0.01024	0.01135	0.00800	0.00790	0.01145	0.01034	0.01490	0.01743	0.02609	0.01646	0.07876	0.71743	0.01021	0.01685	0.00703	0.00348	0.00569
22	0.00764	0.00655	0.00655	0.00655	0.00873	0.00545	0.00491	0.00927	0.01473	0.01745	0.06546	0.06218	0.73000	0.01636	0.00764	0.00218	0.00327	0.01364	0.00600	0.00545
23	0.02469	0.01523	0.01713	0.01325	0.01807	0.01611	0.01091	0.47492	0.02586	0.22212	0.01859	0.01793	0.01276	0.00780	0.00631	0.00192	0.00635	0.00601	0.07347	0.01058
24	0.01613	0.57983	0.22082	0.01301	0.01960	0.02277	0.01445	0.01964	0.01326	0.01660	0.00968	0.01123	0.00826	0.00569	0.00467	0.00156	0.00761	0.00380	0.00275	0.00863
25	0.02546	0.01665	0.01850	0.01418	0.01932	0.01789	0.01172	0.57293	0.02796	0.18228	0.01754	0.01683	0.01201	0.00781	0.00647	0.00195	0.00678	0.00596	0.00678	0.01099
26	0.01369	0.01138	0.01256	0.01142	0.01434	0.01264	0.00881	0.02672	0.47944	0.02664	0.26789	0.03241	0.03390	0.01029	0.00693	0.00214	0.00440	0.00881	0.00676	0.00881
27	0.01678	0.01423	0.01501	0.01329	0.01707	0.01640	0.01040	0.09052	0.66361	0.02817	0.02540	0.02339	0.01900	0.00868	0.00657	0.00217	0.00528	0.00718	0.00657	0.01029
28	0.01482	0.01502	0.02390	0.14483	0.13408	0.03747	0.13836	0.03431	0.01280	0.01808	0.01056	0.01548	0.00906	0.00841	0.01332	0.00241	0.35005	0.00600	0.00307	0.00797
29	0.04934	0.01241	0.04078	0.01194	0.01708	0.01070	0.01017	0.08690	0.01910	0.63519	0.02373	0.02085	0.01506	0.00786	0.00641	0.00200	0.00576	0.00630	0.00758	0.01084
30	0.00784	0.00576	0.00735	0.00863	0.00927	0.00528	0.00583	0.00904	0.01273	0.01664	0.04014	0.66162	0.14690	0.01966	0.00815	0.00256	0.00368	0.01765	0.00600	0.00528
31	0.01041	0.00744	0.01041	0.01190	0.01339	0.00744	0.01041	0.01339	0.01487	0.01934	0.03421	0.07288	0.03719	0.01785	0.00892	0.00297	0.00595	0.68913	0.00595	0.00595
32	0.06679	0.02169	0.08071	0.09901	0.10484	0.25909	0.08911	0.11140	0.01775	0.07098	0.01258	0.01467	0.00951	0.00656	0.00620	0.00191	0.00922	0.00527	0.00397	0.00873
33	0.00785	0.00570	0.00742	0.00879	0.00932	0.00527	0.00591	0.00902	0.01257	0.01657	0.03808	0.71034	0.09951	0.01992	0.00820	0.00259	0.00371	0.01798	0.00600	0.00527
34	0.01600	0.01748	0.03661	0.02623	0.03266	0.01664	0.65275	0.07658	0.01648	0.02232	0.01327	0.01727	0.00990	0.00563	0.00753	0.00216	0.01059	0.00748	0.00353	0.00890
35	0.01517	0.20653	0.30550	0.01544	0.05209	0.06914	0.01570	0.07458	0.01480	0.01954	0.01390	0.07772	0.01266	0.07096	0.00807	0.00224	0.00803	0.00605	0.00347	0.00842
36	0.01644	0.03815	0.02551	0.03448	0.57936	0.01582	0.04915	0.07363	0.04122	0.02255	0.01431	0.01739	0.03008	0.00629	0.00643	0.00193	0.00754	0.00605	0.00364	0.01004
37	0.00886	0.00896	0.06832	0.00856	0.01094	0.00689	0.00725	0.01149	0.01575	0.02085	0.31307	0.08836	0.35647	0.01436	0.00793	0.00215	0.02547	0.01217	0.00607	0.00608
38	0.09688	0.12398	0.07262	0.04944	0.03823	0.36562	0.05443	0.02207	0.01527	0.01776	0.01003	0.01245	0.00834	0.00675	0.00707	0.00186	0.08172	0.00451	0.00320	0.00778
39	0.00979	0.00805	0.01018	0.03291	0.07128	0.00782	0.00824	0.01334	0.07868	0.01875	0.04395	0.20376	0.31408	0.01560	0.00777	0.00240	0.00455	0.13677	0.00572	0.00638
40	0.01340	0.01148	0.01340	0.00957	0.01531	0.00861	0.00766	0.01627	0.01340	0.02105	0.01148	0.01340	0.00957	0.00479	0.00479	0.00096	0.00479	0.00383	0.00383	0.81242
41	0.00905	0.00660	0.00851	0.00803	0.00960	0.00606	0.00602	0.01202	0.01807	0.02540	0.68898	0.04911	0.10151	0.01340	0.00762	0.00204	0.00306	0.01180	0.00705	0.00606
42	0.00769	0.00655	0.00662	0.00660	0.00876	0.00548	0.00495	0.00938	0.01486	0.01776	0.08925	0.06168	0.70601	0.01625	0.00764	0.00218	0.00326	0.01357	0.00604	0.00548
43	0.00938	0.00632	0.00732	0.00732	0.00742	0.00641	0.00426	0.00957	0.00948	0.01273	0.02011	0.04089	0.02288	0.71308	0.09191	0.00660	0.00718	0.00919	0.00388	0.00407
44	0.81856	0.01250	0.00950	0.00850	0.01250	0.01449	0.00700	0.01899	0.01100	0.02899	0.00900	0.01050	0.00700	0.00600	0.00400	0.00200	0.00500	0.00350	0.00400	0.00700
45	0.00783	0.00578	0.00734	0.00859	0.00927	0.00528	0.00582	0.00904	0.01276	0.01665	0.04056	0.65169	0.15656	0.01960	0.00815	0.00255	0.00367	0.01758	0.00600	0.00528
46	0.00787	0.00562	0.00750	0.00900	0.00937	0.00525	0.00600	0.00900	0.01237	0.01649	0.03561	0.76871	0.04274	0.02024	0.00825	0.00262	0.00375	0.01837	0.00600	0.00525
47	0.01607	0.01388	0.01461	0.01315	0.01680	0.01607	0.01023	0.03433	0.72094	0.02703	0.02630	0.02411	0.01972	0.00877	0.00657	0.00219	0.00511	0.00731	0.00657	0.01023
48	0.01204	0.00602	0.00602	0.00602	0.00753	0.00602	0.00452	0.01506	0.01355	0.02409	0.02108	0.02409	0.01656	0.00753	0.00452	0.00151	0.00301	0.00602	0.80879	0.00602
49	0.00872	0.00623	0.00847	0.00997	0.01072	0.00598	0.00748	0.01047	0.01321	0.01745	0.03514	0.53542	0.04087	0.01944	0.00847	0.00274	0.00449	0.24326	0.00598	0.00548
50	0.01713	0.01441	0.01521	0.01336	0.01721	0.01657	0.01048	0.11882	0.63473	0.02874	0.02495	0.02303	0.01863	0.00864	0.00656	0.00216	0.00536	0.00712	0.00656	0.01032
51	0.01296	0.03342	0.73944	0.01842	0.02797	0.01501	0.02387	0.02046	0.01364	0.02046	0.01160	0.01364	0.00818	0.00614	0.00614	0.00205	0.00955	0.00477	0.00273	0.00955
52	0.01286	0.02917	0.59965	0.01965	0.08509	0.01427	0.04172	0.01947	0.01367	0.02020	0.01367	0.07632	0.01126	0.00725	0.00638	0.00209	0.00895	0.00606	0.00305	0.00923
53	0.01525	0.01743	0.03813	0.02723	0.03377	0.01634	0.70915	0.02070	0.01525	0.02070	0.01307	0.01743	0.00980	0.00545	0.00763	0.00218	0.01089	0.00763	0.00327	0.00871
54	0.02899	0.01100	0.01499	0.01150	0.01649	0.00950	0.00950	0.03149	0.01849	0.73709	0.02549	0.02199	0.01599	0.00800	0.00650	0.00200	0.00550	0.00650	0.00800	0.01100
55	0.00816	0.00581	0.00753	0.00878	0.00922	0.00548	0.00588	0.00924	0.01218	0.01614	0.03468	0.62178	0.06469	0.11584	0.01139	0.00309	0.00414	0.04511	0.00573	0.00512
56	0.02532	0.01261	0.07412	0.01173	0.01681	0.00991	0.01034	0.02886	0.04905	0.58654	0.02770	0.02473	0.07479	0.00857	0.00657	0.00203	0.00563	0.00698	0.00733	0.01038
57	0.01220	0.01148	0.01938	0.75739	0.04450	0.01436	0.01794	0.01651	0.01292	0.01651	0.01148	0.01723	0.00861	0.00646	0.00646	0.00215	0.00861	0.00574	0.00287	0.00718
58	0.02862	0.01159	0.01536	0.01178	0.01679	0.01037	0.00973	0.08791	0.01948	0.67928	0.02466	0.02145	0.01558	0.00798	0.00649	0.00199	0.00563	0.00644	0.00787	0.01100
59	0.81856	0.01250	0.00950	0.00850	0.01250	0.01449	0.00700	0.01899	0.01100	0.02899	0.00900	0.01050	0.00700	0.00600	0.00400	0.00200	0.00500	0.00350	0.00400	0.00700
60	0.00773	0.00620	0.00690	0.00747	0.00897	0.00538	0.00532	0.00917	0.01384	0.01709	0.05423	0.32785	0.47157	0.01782	0.00787	0.00235	0.00345	0.01542	0.00600	0.00538
61	0.05229	0.67882	0.03055	0.01061	0.01561	0.02347	0.01028	0.01851	0.01272	0.01559	0.00993	0.01302	0.00950	0.06926	0.00653	0.00181	0.00677	0.00395	0.00291	0.00787
62	0.01449	0.06340	0.54180	0.01668	0.02514	0.01432	0.03874	0.02073	0.01400	0.07461	0.01255	0.01419	0.00900	0.00606	0.00594	0.00188	0.00856	0.00480	0.00328	0.10981
63	0.30990	0.01227	0.01297	0.01066	0.01483	0.03015	0.00870	0.06986	0.03414	0.32486	0.07656	0.01923	0.01589	0.00776	0.00603	0.00201	0.02336	0.00575	0.00611	0.00895
64	0.01614	0.01569	0.07085	0.04758	0.36597	0.01631	0.01727	0.01931	0.01328	0.07851	0.01197	0.01574	0.00994	0.00786	0.01138	0.00225	0.26170	0.00572	0.00343	0.00910
65	0.05747	0.01554	0.01676	0.01358	0.01815	0.01716	0.01100	0.36358	0.26912	0.11791	0.02017	0.01906	0.01445	0.00806	0.00640	0.00204	0.00613	0.00631	0.00657	0.01055
66	0.07775	0.00821	0.01104	0.01285	0.04533	0.00838	0.01055	0.01414	0.01455	0.02022	0.03114	0.06517	0.03348	0.01633	0.00840	0.00285	0.00595	0.60179	0.00567	0.00623
67	0.01414	0.01414	0.01979	0.01696	0.01696	0.01979	0.01414	0.01555	0.00990	0.01555	0.00848	0.01414	0.00848	0.01131	0.02120	0.00283	0.76110	0.00565	0.00283	0.00707
68	0.02414	0.03079	0.01831	0.01665	0.01998	0.74698	0.01248	0.02580	0.01831	0.01581	0.00999	0.01165	0.00832	0.00666	0.00583	0.00166	0.01165	0.00416	0.00333	0.00749
69	0.01414	0.01414	0.01979	0.01696	0.01696	0.01979	0.01414	0.01555	0.00990	0.01555	0.00848	0.01414	0.00848	0.01131	0.02120	0.00283	0.76110	0.00565	0.00283	0.00707
70	0.81856	0.01250	0.00950	0.00850	0.01250	0.01449	0.00700	0.01899	0.01100	0.02899	0.00900	0.01050	0.00700	0.00600	0.00400	0.00200	0.00500	0.00350	0.00400	0.00700
71	0.01252	0.03120	0.67890	0.01744	0.02638	0.01422	0.02231	0.01954	0.01373	0.02021	0.01604	0.01765	0.06781	0.00698	0.00626	0.00206	0.00903	0.00551	0.00300	0.00921
72	0.01727	0.77681	0.03386	0.01106	0.01658	0.02557	0.01106	0.01935	0.01313	0.01520	0.00898	0.01036	0.00829	0.00553	0.00415	0.00138	0.00691	0.00345	0.00276	0.00829
73	0.01107	0.00567	0.00830	0.00830	0.00830	0.00567	0.00547	0.00850	0.00850	0.01133	0.01198	0.02152	0.01224	0.08475	0.02589	0.74512	0.00567	0.00593	0.00290	0.00290
74	0.75334	0.01237	0.00995	0.00874	0.01283	0.01408	0.00720	0.02003	0.01162	0.08749	0.01036	0.01145	0.00774	0.00616	0.00421	0.00200	0.00504	0.00375	0.00433	0.00733
75	0.02862	0.01158	0.01536	0.01177	0.01679	0.01037	0.00973	0.08763	0.01948	0.67956	0.02467	0.02146	0.01558	0.00798	0.00649	0.00199	0.00563	0.00644	0.00787	0.01100
76	0.02613	0.01028	0.01383	0.01083	0.01529	0.00897	0.00886	0.02871	0.01812	0.62708	0.08360	0.02432	0.01977	0.00840	0.00645	0.00197	0.00512	0.00689	0.06517	0.01023
77	0.02899	0.01100	0.01499	0.01150	0.01649	0.00950	0.00950	0.03149	0.01849	0.73709	0.02549	0.02199	0.01599	0.00800	0.00650	0.00200	0.00550	0.00650	0.00800	0.01100
78	0.00910	0.00660	0.00857	0.00808	0.00963	0.00608	0.00606	0.01211	0.01818	0.02566	0.70935	0.04868	0.08098	0.01330	0.00762	0.00204	0.00306	0.01174	0.00708	0.00608
79	0.01296	0.03342	0.73944	0.01842	0.02797	0.01501	0.02387	0.02046	0.01364	0.02046	0.01160	0.01364	0.00818	0.00614	0.00614	0.00205	0.00955	0.00477	0.00273	0.00955
80	0.01041	0.00744	0.01041	0.01190	0.01339	0.00744	0.01041	0.01339	0.01487	0.01934	0.03421	0.07288	0.03719	0.01785	0.00892	0.00297	0.00595	0.68913	0.00595	0.00595
81	0.14075	0.01189	0.01463	0.01139	0.01626	0.01121	0.00941	0.09460	0.01856	0.56999	0.02219	0.01974	0.01424	0.00769	0.00614	0.00199	0.00558	0.00601	0.00728	0.01043
82	0.01236	0.00850	0.01005	0.00900	0.01127	0.00841	0.00694	0.09434	0.06374	0.05649	0.43977	0.04052	0.10445	0.01175	0.00704	0.00199	0.00376	0.01008	0.09249	0.00706
83	0.01599	0.01535	0.02623	0.03966	0.73262	0.01535	0.01983	0.01983	0.01471	0.02111	0.01215	0.01599	0.01023	0.00576	0.00640	0.00192	0.00768	0.00576	0.00320	0.01023
84	0.00939	0.00630	0.00725	0.00725	0.00732	0.00637	0.00417	0.00952	0.00946	0.01268	0.02018	0.04127	0.02305	0.72940	0.07580	0.00651	0.00693	0.00925	0.00389	0.00403

[dist]
# distance from previous block
# <min> <max>
0	9

# created by:
# /home/berkeley/.conda/envs/busco_data_prod/bin/msa2prfl.pl pipeline/OGs_align_augustus/4893/22452.fs
