[name]
unknown

[dist]
# distance from previous block
# <min> <max>
0	30

[block]
# block no. 0 follows, 34 sequences, length 12
# corresponding to MSA columns:
# 30-41
name=unknown_A
#
# <colnr> <probs for GDERKNQSTAVLIFYWHMCP>
#	G	D	E	R	K	N	Q	S	T	A	V	L	I	F	Y	W	H	M	C	P
0	0.04115	0.01324	0.10651	0.05089	0.13057	0.01075	0.05424	0.03484	0.01516	0.06931	0.08110	0.09603	0.09237	0.01121	0.00719	0.00225	0.00636	0.14290	0.00494	0.02902
1	0.04694	0.03596	0.17106	0.01419	0.07971	0.03803	0.01182	0.03909	0.01258	0.01810	0.01657	0.07027	0.01603	0.17943	0.19556	0.00498	0.00979	0.00718	0.02578	0.00695
2	0.08974	0.43699	0.05838	0.01465	0.06288	0.14258	0.04863	0.02018	0.01401	0.01748	0.01060	0.03781	0.00957	0.00631	0.00497	0.00163	0.00779	0.00452	0.00313	0.00813
3	0.00927	0.00676	0.00957	0.00957	0.01045	0.00764	0.00706	0.01102	0.01014	0.01440	0.01805	0.02950	0.01794	0.22474	0.57347	0.00938	0.01462	0.00752	0.00357	0.00532
4	0.08139	0.14392	0.13150	0.01601	0.06056	0.01809	0.05721	0.28815	0.02048	0.07312	0.03991	0.01575	0.01185	0.00697	0.00596	0.00189	0.00730	0.00546	0.00483	0.00965
5	0.01727	0.77681	0.03386	0.01106	0.01658	0.02557	0.01106	0.01935	0.01313	0.01520	0.00898	0.01036	0.00829	0.00553	0.00415	0.00138	0.00691	0.00345	0.00276	0.00829
6	0.00858	0.00648	0.00793	0.00779	0.00936	0.00582	0.00576	0.01102	0.01663	0.02250	0.46663	0.13365	0.24446	0.01488	0.00770	0.00214	0.00319	0.01298	0.00668	0.00582
7	0.01539	0.09570	0.25000	0.04539	0.13981	0.01592	0.12099	0.04071	0.10489	0.05106	0.04699	0.01770	0.01306	0.00670	0.00636	0.00200	0.00806	0.00600	0.00390	0.00936
8	0.01354	0.01130	0.01492	0.12877	0.07453	0.00981	0.01013	0.01662	0.01376	0.04546	0.04261	0.04935	0.01328	0.00626	0.00550	0.00137	0.00551	0.00534	0.00401	0.52792
9	0.00950	0.00714	0.00873	0.00914	0.01050	0.00691	0.00665	0.04260	0.05937	0.02048	0.18201	0.39372	0.14645	0.01680	0.00788	0.00240	0.00389	0.05348	0.00628	0.00606
10	0.01566	0.01547	0.09857	0.01192	0.01779	0.01219	0.01064	0.14611	0.08703	0.02519	0.01371	0.01488	0.01068	0.00588	0.00543	0.00139	0.00580	0.00465	0.00446	0.49255
11	0.00817	0.00837	0.06320	0.00817	0.01042	0.00616	0.00671	0.01019	0.01417	0.01780	0.08196	0.24474	0.46398	0.01647	0.00768	0.00228	0.00387	0.01412	0.00580	0.00574

[dist]
# distance from previous block
# <min> <max>
4	12

[block]
# block no. 1 follows, 34 sequences, length 64
# corresponding to MSA columns:
# 54-117
name=unknown_B
#
# <colnr> <probs for GDERKNQSTAVLIFYWHMCP>
#	G	D	E	R	K	N	Q	S	T	A	V	L	I	F	Y	W	H	M	C	P
0	0.12833	0.43161	0.05026	0.01245	0.01717	0.17971	0.01133	0.02114	0.03878	0.01783	0.00988	0.01139	0.00853	0.00617	0.00523	0.00163	0.03349	0.00387	0.00319	0.00801
1	0.09011	0.03142	0.66954	0.01747	0.02648	0.01496	0.02226	0.02032	0.01339	0.02128	0.01135	0.01334	0.00807	0.00613	0.00593	0.00204	0.00911	0.00465	0.00285	0.00930
2	0.00788	0.00574	0.00743	0.00873	0.00932	0.00529	0.00589	0.00911	0.01277	0.01685	0.05779	0.67880	0.11127	0.01966	0.00817	0.00256	0.00368	0.01771	0.00603	0.00529
3	0.01204	0.00602	0.00602	0.00602	0.00753	0.00602	0.00452	0.01506	0.01355	0.02409	0.02108	0.02409	0.01656	0.00753	0.00452	0.00151	0.00301	0.00602	0.80879	0.00602
4	0.04613	0.01607	0.09679	0.19647	0.07588	0.01432	0.29106	0.02026	0.01474	0.09450	0.03879	0.01810	0.01172	0.00631	0.00679	0.00208	0.00879	0.00654	0.00379	0.03088
5	0.00764	0.00655	0.00655	0.00655	0.00873	0.00545	0.00491	0.00927	0.01473	0.01745	0.06546	0.06218	0.73000	0.01636	0.00764	0.00218	0.00327	0.01364	0.00600	0.00545
6	0.00981	0.00701	0.00972	0.01121	0.01243	0.00692	0.00936	0.01234	0.01428	0.01866	0.03454	0.23853	0.03851	0.01842	0.00876	0.00289	0.00543	0.52945	0.00596	0.00578
7	0.00923	0.00692	0.01038	0.01038	0.01154	0.00808	0.00808	0.01154	0.01038	0.01500	0.01731	0.02538	0.01615	0.04846	0.74732	0.01038	0.01731	0.00692	0.00346	0.00577
8	0.01854	0.12153	0.01838	0.01310	0.01738	0.01819	0.01074	0.22582	0.39939	0.02920	0.02060	0.01972	0.01551	0.00798	0.00613	0.00198	0.00587	0.00630	0.03361	0.01003
9	0.01619	0.49350	0.20418	0.01396	0.04612	0.02138	0.01435	0.04380	0.01394	0.01796	0.01012	0.01174	0.00851	0.00572	0.00484	0.00156	0.00746	0.00397	0.00297	0.05773
10	0.01383	0.10795	0.62123	0.01792	0.02676	0.03945	0.04557	0.02053	0.01379	0.01979	0.01133	0.01338	0.00826	0.00607	0.00598	0.00197	0.00940	0.00472	0.00277	0.00933
11	0.00923	0.00692	0.01038	0.01038	0.01154	0.00808	0.00808	0.01154	0.01038	0.01500	0.01731	0.02538	0.01615	0.04846	0.74732	0.01038	0.01731	0.00692	0.00346	0.00577
12	0.01670	0.01434	0.02409	0.14488	0.55876	0.01463	0.01853	0.02048	0.01481	0.09073	0.01336	0.01677	0.01056	0.00608	0.00642	0.00196	0.00760	0.00583	0.00362	0.00985
13	0.01385	0.02174	0.27890	0.12311	0.06026	0.04197	0.26035	0.01935	0.01429	0.01961	0.01399	0.05844	0.01158	0.00703	0.00689	0.00214	0.00947	0.02522	0.00324	0.00855
14	0.00881	0.00654	0.00827	0.00877	0.00988	0.00623	0.00622	0.01171	0.05821	0.02056	0.28414	0.41690	0.09592	0.01676	0.00788	0.00236	0.00355	0.01498	0.00643	0.00587
15	0.01041	0.00721	0.00956	0.01036	0.01203	0.00688	0.00865	0.01302	0.01522	0.04988	0.12259	0.11898	0.14912	0.01682	0.00841	0.00267	0.00499	0.42097	0.00619	0.00605
16	0.66081	0.01311	0.01131	0.03795	0.01480	0.01501	0.00817	0.10636	0.01376	0.05435	0.01048	0.01178	0.00787	0.00631	0.00449	0.00200	0.00542	0.00398	0.00440	0.00764
17	0.00846	0.00645	0.00771	0.00831	0.00955	0.00598	0.00586	0.01072	0.05057	0.01815	0.11554	0.40226	0.26499	0.01773	0.00845	0.02882	0.00365	0.01515	0.00604	0.00558
18	0.01873	0.00920	0.01175	0.01038	0.01326	0.00871	0.00798	0.02249	0.09626	0.33753	0.04476	0.16018	0.02474	0.12281	0.01080	0.00280	0.00515	0.05368	0.03053	0.00827
19	0.01186	0.01100	0.01856	0.62061	0.03902	0.01325	0.04534	0.01587	0.01327	0.01724	0.06500	0.04678	0.01418	0.03299	0.00754	0.00230	0.00805	0.00682	0.00334	0.00699
20	0.17471	0.01193	0.01468	0.09706	0.01918	0.01204	0.01020	0.06516	0.06676	0.43205	0.02028	0.01907	0.01344	0.00748	0.00603	0.00203	0.00582	0.00587	0.00647	0.00975
21	0.00820	0.00584	0.00779	0.00916	0.00967	0.00551	0.00633	0.00952	0.01273	0.01699	0.06146	0.65649	0.04234	0.04290	0.00904	0.00274	0.00400	0.07801	0.00597	0.00530
22	0.00891	0.00654	0.00842	0.00949	0.01063	0.00619	0.00733	0.01081	0.01375	0.01780	0.06174	0.31536	0.16520	0.06213	0.00980	0.00287	0.00461	0.26704	0.00589	0.00550
23	0.01987	0.01862	0.07925	0.02175	0.14474	0.07436	0.17063	0.24568	0.02058	0.08819	0.04169	0.01738	0.01250	0.00691	0.00668	0.00198	0.00831	0.00628	0.00481	0.00977
24	0.01710	0.01616	0.08410	0.07685	0.18717	0.07732	0.10556	0.06280	0.01633	0.12390	0.05633	0.09935	0.01735	0.00851	0.00682	0.00207	0.00763	0.02123	0.00461	0.00882
25	0.15399	0.14616	0.02220	0.08448	0.11759	0.23500	0.07759	0.03800	0.01511	0.01980	0.01110	0.03070	0.00939	0.00645	0.00561	0.00183	0.00856	0.00499	0.00342	0.00803
26	0.01296	0.03342	0.73944	0.01842	0.02797	0.01501	0.02387	0.02046	0.01364	0.02046	0.01160	0.01364	0.00818	0.00614	0.00614	0.00205	0.00955	0.00477	0.00273	0.00955
27	0.00950	0.00727	0.01023	0.01173	0.06804	0.00745	0.00773	0.01136	0.01299	0.01800	0.15782	0.30831	0.03529	0.10663	0.13928	0.00423	0.03490	0.03820	0.00519	0.00584
28	0.02402	0.01783	0.01909	0.01476	0.01983	0.01979	0.01215	0.66818	0.07415	0.03985	0.01620	0.01606	0.01154	0.00782	0.00647	0.00196	0.00698	0.00591	0.00647	0.01094
29	0.01563	0.06806	0.32162	0.01730	0.07714	0.03610	0.06628	0.02058	0.01474	0.10173	0.05584	0.01680	0.01273	0.00644	0.00604	0.00180	0.00776	0.00540	0.00387	0.14412
30	0.01220	0.01148	0.01938	0.75739	0.04450	0.01436	0.01794	0.01651	0.01292	0.01651	0.01148	0.01723	0.00861	0.00646	0.00646	0.00215	0.00861	0.00574	0.00287	0.00718
31	0.02899	0.01100	0.01499	0.01150	0.01649	0.00950	0.00950	0.03149	0.01849	0.73709	0.02549	0.02199	0.01599	0.00800	0.00650	0.00200	0.00550	0.00650	0.00800	0.01100
32	0.00881	0.00662	0.00918	0.01151	0.06946	0.00631	0.00725	0.01022	0.01259	0.01681	0.03345	0.58565	0.06072	0.07309	0.00990	0.00284	0.00438	0.06000	0.00561	0.00562
33	0.01695	0.06313	0.09904	0.13068	0.04061	0.01474	0.14928	0.03787	0.01467	0.16480	0.03311	0.04034	0.01297	0.00936	0.03690	0.00248	0.11364	0.00657	0.00428	0.00858
34	0.01106	0.00656	0.00876	0.00919	0.01042	0.00600	0.00651	0.01273	0.01432	0.11902	0.16211	0.53140	0.04236	0.01723	0.00789	0.00243	0.00386	0.01548	0.00648	0.00621
35	0.01716	0.01565	0.01515	0.01355	0.01723	0.08587	0.01052	0.05930	0.62768	0.02648	0.02433	0.02259	0.01830	0.00853	0.00650	0.00213	0.00581	0.00695	0.00626	0.01000
36	0.08564	0.01600	0.06215	0.01339	0.01847	0.01574	0.01151	0.32129	0.12830	0.23167	0.01918	0.01811	0.01322	0.00774	0.00628	0.00201	0.00635	0.00599	0.00648	0.01047
37	0.01598	0.01579	0.12355	0.10865	0.21315	0.01322	0.10658	0.02118	0.05836	0.12328	0.09940	0.02132	0.01721	0.00727	0.00665	0.00203	0.00736	0.00676	0.02316	0.00910
38	0.01520	0.00826	0.01058	0.00935	0.01196	0.00759	0.00725	0.01857	0.05499	0.23228	0.34656	0.06470	0.10575	0.04416	0.00837	0.00228	0.00416	0.03340	0.00703	0.00757
39	0.00772	0.00642	0.00675	0.00695	0.00885	0.00545	0.00510	0.00933	0.01452	0.01761	0.08394	0.16144	0.61011	0.01680	0.00772	0.00224	0.00333	0.01424	0.00604	0.00545
40	0.07380	0.26705	0.23647	0.05965	0.02219	0.01790	0.05352	0.05149	0.01439	0.08299	0.01289	0.04240	0.01039	0.00679	0.00587	0.00187	0.02275	0.00521	0.00363	0.00875
41	0.01077	0.00777	0.00907	0.00936	0.01089	0.03510	0.00692	0.01324	0.03898	0.07127	0.18034	0.34651	0.13991	0.01622	0.00782	0.00237	0.00422	0.07676	0.00628	0.00619
42	0.02413	0.01121	0.01436	0.01133	0.01563	0.01046	0.00923	0.13561	0.02034	0.47752	0.17108	0.02646	0.02460	0.00905	0.00673	0.00200	0.00524	0.00747	0.00757	0.00997
43	0.01400	0.01147	0.01346	0.00964	0.01536	0.00865	0.00773	0.01686	0.01360	0.04883	0.01203	0.01373	0.00982	0.00491	0.00485	0.00100	0.00481	0.00393	0.00399	0.78133
44	0.02855	0.01170	0.01543	0.01183	0.01684	0.01054	0.00977	0.09876	0.01967	0.66816	0.02450	0.02135	0.01550	0.00797	0.00649	0.00199	0.00566	0.00643	0.00785	0.01100
45	0.00999	0.08258	0.01028	0.00819	0.00896	0.00835	0.00551	0.01068	0.01024	0.01362	0.02039	0.11493	0.02290	0.50019	0.14121	0.00604	0.00782	0.00938	0.00395	0.00479
46	0.00923	0.00692	0.01038	0.01038	0.01154	0.00808	0.00808	0.01154	0.01038	0.01500	0.01731	0.02538	0.01615	0.04846	0.74732	0.01038	0.01731	0.00692	0.00346	0.00577
47	0.01607	0.01388	0.01461	0.01315	0.01680	0.01607	0.01023	0.03433	0.72094	0.02703	0.02630	0.02411	0.01972	0.00877	0.00657	0.00219	0.00511	0.00731	0.00657	0.01023
48	0.01675	0.00879	0.01096	0.00967	0.01285	0.00795	0.00779	0.02006	0.05960	0.29127	0.12367	0.04434	0.25047	0.01255	0.00730	0.00219	0.00453	0.09436	0.00692	0.00798
49	0.01122	0.00561	0.00842	0.00842	0.00842	0.00561	0.00561	0.00842	0.00842	0.01122	0.01122	0.01964	0.01122	0.02245	0.02525	0.81201	0.00561	0.00561	0.00281	0.00281
50	0.02414	0.03079	0.01831	0.01665	0.01998	0.74698	0.01248	0.02580	0.01831	0.01581	0.00999	0.01165	0.00832	0.00666	0.00583	0.00166	0.01165	0.00416	0.00333	0.00749
51	0.00953	0.00736	0.01096	0.01078	0.01187	0.00879	0.00845	0.01178	0.01035	0.01503	0.01677	0.02470	0.01569	0.04620	0.70310	0.00992	0.06260	0.00685	0.00342	0.00585
52	0.01220	0.01148	0.01938	0.75739	0.04450	0.01436	0.01794	0.01651	0.01292	0.01651	0.01148	0.01723	0.00861	0.00646	0.00646	0.00215	0.00861	0.00574	0.00287	0.00718
53	0.00933	0.00653	0.00839	0.00839	0.00886	0.00700	0.00560	0.01026	0.00980	0.01353	0.01913	0.03546	0.02053	0.48047	0.32129	0.00793	0.01072	0.00840	0.00373	0.00466
54	0.01753	0.17974	0.12388	0.13473	0.04919	0.20734	0.08567	0.06036	0.01585	0.01869	0.01196	0.01608	0.00993	0.00670	0.00599	0.00187	0.00918	0.03373	0.00334	0.00825
55	0.00765	0.00649	0.00660	0.00669	0.00877	0.00544	0.00498	0.00926	0.01458	0.01740	0.06364	0.10521	0.68815	0.01660	0.00767	0.00221	0.00330	0.01392	0.00600	0.00544
56	0.04043	0.00681	0.00798	0.00782	0.00945	0.00640	0.00577	0.01203	0.03044	0.02262	0.39431	0.12678	0.19677	0.03870	0.00814	0.00223	0.00339	0.01197	0.06205	0.00591
57	0.01441	0.04061	0.10459	0.10141	0.25615	0.01410	0.01581	0.07034	0.05948	0.02214	0.08096	0.02738	0.01890	0.00887	0.00735	0.00216	0.03521	0.10714	0.00429	0.00869
58	0.04581	0.06986	0.09961	0.01604	0.03687	0.01646	0.06690	0.10633	0.01527	0.15842	0.01375	0.01610	0.01054	0.00968	0.02827	0.02823	0.24312	0.00569	0.00435	0.00871
59	0.00952	0.00813	0.03326	0.01194	0.03644	0.00725	0.05112	0.02704	0.01354	0.01805	0.03294	0.52677	0.05810	0.01764	0.00813	0.00258	0.00490	0.12100	0.00564	0.00601
60	0.01324	0.00813	0.01042	0.00998	0.01178	0.02224	0.00762	0.03192	0.01390	0.14132	0.09110	0.12616	0.04877	0.13706	0.21359	0.00512	0.00854	0.08718	0.00539	0.00653
61	0.26280	0.03121	0.07971	0.04269	0.12503	0.03466	0.07960	0.06659	0.08150	0.08600	0.01465	0.04339	0.01153	0.00702	0.00580	0.00203	0.00684	0.00576	0.00444	0.00875
62	0.10383	0.18881	0.14264	0.01698	0.09642	0.01682	0.08229	0.06548	0.05710	0.11074	0.03043	0.01576	0.01155	0.00649	0.00572	0.00186	0.00721	0.00529	0.00422	0.03037
63	0.01632	0.24301	0.10388	0.05286	0.01982	0.05546	0.06383	0.13435	0.01642	0.02164	0.01513	0.08518	0.01364	0.00816	0.00633	0.00188	0.03125	0.02726	0.07534	0.00823

[dist]
# distance from previous block
# <min> <max>
0	13

[block]
# block no. 2 follows, 34 sequences, length 29
# corresponding to MSA columns:
# 131-159
name=unknown_C
#
# <colnr> <probs for GDERKNQSTAVLIFYWHMCP>
#	G	D	E	R	K	N	Q	S	T	A	V	L	I	F	Y	W	H	M	C	P
0	0.00858	0.00605	0.00795	0.00911	0.00970	0.00579	0.00626	0.01013	0.03775	0.01684	0.05417	0.60642	0.06222	0.01959	0.00962	0.07136	0.00401	0.04338	0.00578	0.00528
1	0.02205	0.17287	0.08244	0.01554	0.01988	0.52052	0.01307	0.02432	0.01693	0.04192	0.01049	0.01195	0.00858	0.00645	0.00556	0.00165	0.01035	0.00416	0.00334	0.00794
2	0.05692	0.05787	0.10049	0.10401	0.34495	0.03804	0.07940	0.02037	0.01452	0.07100	0.01301	0.01603	0.01014	0.00610	0.00616	0.00194	0.00787	0.00559	0.03635	0.00923
3	0.01314	0.06378	0.71063	0.01812	0.02750	0.01544	0.02335	0.02042	0.01362	0.02025	0.01149	0.01351	0.00819	0.00611	0.00606	0.00202	0.00944	0.00472	0.00273	0.00950
4	0.00804	0.00573	0.00759	0.00902	0.00943	0.00538	0.00608	0.00919	0.01233	0.01643	0.03486	0.70753	0.04163	0.05468	0.00940	0.00281	0.00395	0.04480	0.00590	0.00522
5	0.01728	0.63355	0.09108	0.01264	0.01852	0.02393	0.04421	0.06271	0.01435	0.01748	0.00979	0.01128	0.00852	0.00571	0.00461	0.00151	0.00732	0.00390	0.00302	0.00858
6	0.01122	0.00561	0.00842	0.00842	0.00842	0.00561	0.00561	0.00842	0.00842	0.01122	0.01122	0.01964	0.01122	0.02245	0.02525	0.81201	0.00561	0.00561	0.00281	0.00281
7	0.00797	0.00579	0.00752	0.00872	0.00934	0.00534	0.00592	0.00931	0.01311	0.01744	0.10163	0.64460	0.10091	0.01928	0.00814	0.00253	0.00365	0.01737	0.00610	0.00534
8	0.01727	0.77681	0.03386	0.01106	0.01658	0.02557	0.01106	0.01935	0.01313	0.01520	0.00898	0.01036	0.00829	0.00553	0.00415	0.00138	0.00691	0.00345	0.00276	0.00829
9	0.01293	0.03185	0.68717	0.01843	0.02756	0.01474	0.04534	0.02018	0.01374	0.02042	0.01257	0.01618	0.00942	0.00659	0.00630	0.00209	0.00945	0.03279	0.00288	0.00938
10	0.00941	0.00682	0.00806	0.00790	0.00892	0.00663	0.00534	0.01186	0.05516	0.01912	0.28949	0.09721	0.10799	0.31793	0.01772	0.00379	0.00453	0.01118	0.00561	0.00534
11	0.01607	0.01388	0.01461	0.01315	0.01680	0.01607	0.01023	0.03433	0.72094	0.02703	0.02630	0.02411	0.01972	0.00877	0.00657	0.00219	0.00511	0.00731	0.00657	0.01023
12	0.00787	0.00562	0.00750	0.00900	0.00937	0.00525	0.00600	0.00900	0.01237	0.01649	0.03561	0.76871	0.04274	0.02024	0.00825	0.00262	0.00375	0.01837	0.00600	0.00525
13	0.07975	0.02809	0.01765	0.01580	0.01934	0.62722	0.01199	0.06699	0.01854	0.04236	0.01077	0.01215	0.00865	0.00672	0.00576	0.00172	0.01071	0.00429	0.00372	0.00779
14	0.02414	0.03079	0.01831	0.01665	0.01998	0.74698	0.01248	0.02580	0.01831	0.01581	0.00999	0.01165	0.00832	0.00666	0.00583	0.00166	0.01165	0.00416	0.00333	0.00749
15	0.01311	0.01117	0.01303	0.00967	0.01495	0.00867	0.00764	0.01647	0.04145	0.02097	0.01378	0.06710	0.01231	0.00603	0.00510	0.00112	0.00473	0.00499	0.00409	0.72359
16	0.01599	0.01535	0.02623	0.03966	0.73262	0.01535	0.01983	0.01983	0.01471	0.02111	0.01215	0.01599	0.01023	0.00576	0.00640	0.00192	0.00768	0.00576	0.00320	0.01023
17	0.02414	0.03079	0.01831	0.01665	0.01998	0.74698	0.01248	0.02580	0.01831	0.01581	0.00999	0.01165	0.00832	0.00666	0.00583	0.00166	0.01165	0.00416	0.00333	0.00749
18	0.00923	0.00692	0.01038	0.01038	0.01154	0.00808	0.00808	0.01154	0.01038	0.01500	0.01731	0.02538	0.01615	0.04846	0.74732	0.01038	0.01731	0.00692	0.00346	0.00577
19	0.01525	0.01743	0.03813	0.02723	0.03377	0.01634	0.70915	0.02070	0.01525	0.02070	0.01307	0.01743	0.00980	0.00545	0.00763	0.00218	0.01089	0.00763	0.00327	0.00871
20	0.00764	0.00655	0.00655	0.00655	0.00873	0.00545	0.00491	0.00927	0.01473	0.01745	0.06546	0.06218	0.73000	0.01636	0.00764	0.00218	0.00327	0.01364	0.00600	0.00545
21	0.01122	0.00561	0.00842	0.00842	0.00842	0.00561	0.00561	0.00842	0.00842	0.01122	0.01122	0.01964	0.01122	0.02245	0.02525	0.81201	0.00561	0.00561	0.00281	0.00281
22	0.02456	0.01810	0.01939	0.01487	0.02004	0.02004	0.01228	0.71107	0.03038	0.04072	0.01551	0.01551	0.01099	0.00776	0.00646	0.00194	0.00711	0.00582	0.00646	0.01099
23	0.00923	0.00692	0.01038	0.01038	0.01154	0.00808	0.00808	0.01154	0.01038	0.01500	0.01731	0.02538	0.01615	0.04846	0.74732	0.01038	0.01731	0.00692	0.00346	0.00577
24	0.01300	0.01230	0.02083	0.60535	0.19027	0.01457	0.01834	0.01721	0.01330	0.01748	0.01163	0.01696	0.00896	0.00631	0.00645	0.00210	0.00841	0.00575	0.00294	0.00783
25	0.01506	0.01874	0.09571	0.02651	0.03329	0.01623	0.65289	0.02068	0.01512	0.02068	0.01295	0.01712	0.00967	0.00550	0.00750	0.00217	0.01078	0.00739	0.00322	0.00878
26	0.02680	0.01184	0.01515	0.01173	0.01648	0.01102	0.00965	0.14569	0.02032	0.56321	0.05160	0.02201	0.01695	0.00815	0.00646	0.00197	0.00558	0.00657	0.03821	0.01061
27	0.00797	0.00590	0.00745	0.00846	0.00929	0.00538	0.00581	0.00939	0.01344	0.01769	0.11622	0.56381	0.16799	0.01878	0.00807	0.00248	0.00359	0.01679	0.00612	0.00538
28	0.00804	0.00581	0.00762	0.00887	0.00948	0.00540	0.00608	0.00940	0.01305	0.01736	0.09039	0.64791	0.08651	0.01939	0.00818	0.00256	0.00374	0.03879	0.00608	0.00535

[dist]
# distance from previous block
# <min> <max>
0	1

[block]
# block no. 3 follows, 34 sequences, length 40
# corresponding to MSA columns:
# 161-200
name=unknown_D
#
# <colnr> <probs for GDERKNQSTAVLIFYWHMCP>
#	G	D	E	R	K	N	Q	S	T	A	V	L	I	F	Y	W	H	M	C	P
0	0.05683	0.01968	0.08744	0.05707	0.28494	0.13707	0.14374	0.06373	0.01582	0.02127	0.01178	0.01500	0.00940	0.00630	0.00706	0.00199	0.04278	0.00564	0.00340	0.00906
1	0.01002	0.00935	0.03164	0.05522	0.03152	0.04502	0.05057	0.01211	0.01362	0.01779	0.08585	0.45553	0.08946	0.01600	0.00811	0.00242	0.02300	0.03134	0.00537	0.00607
2	0.05618	0.01354	0.01901	0.01621	0.01676	0.01831	0.03726	0.01560	0.01055	0.01690	0.04284	0.01608	0.01120	0.01230	0.04631	0.00301	0.63183	0.00594	0.00313	0.00703
3	0.01331	0.01174	0.01530	0.01109	0.01666	0.00914	0.06890	0.01633	0.01351	0.02082	0.01271	0.04765	0.01108	0.00554	0.00519	0.00114	0.00527	0.00481	0.00388	0.70594
4	0.02069	0.05803	0.04892	0.01739	0.11034	0.11725	0.01290	0.27631	0.02083	0.09257	0.04739	0.01755	0.01327	0.02604	0.00808	0.00205	0.06944	0.00583	0.02574	0.00936
5	0.01484	0.01112	0.01326	0.00975	0.01513	0.00853	0.00777	0.01757	0.01391	0.10027	0.01431	0.05419	0.01203	0.00596	0.00516	0.00116	0.00481	0.00489	0.00441	0.68092
6	0.05783	0.07694	0.02154	0.01714	0.06889	0.05465	0.12130	0.22248	0.16088	0.02734	0.03694	0.03780	0.03347	0.00792	0.00678	0.00202	0.02499	0.00669	0.00509	0.00931
7	0.00907	0.00616	0.00732	0.00776	0.00805	0.00603	0.00484	0.00968	0.01084	0.01456	0.04232	0.22972	0.04663	0.49132	0.02361	0.00487	0.00538	0.04368	0.02366	0.00449
8	0.01529	0.01302	0.02022	0.08566	0.40027	0.01320	0.01516	0.06151	0.04754	0.05543	0.09262	0.08368	0.01902	0.00816	0.00664	0.00199	0.00655	0.00749	0.00443	0.04212
9	0.05443	0.01113	0.01804	0.66628	0.04039	0.01373	0.01654	0.01612	0.01278	0.01717	0.01302	0.06870	0.01088	0.00739	0.00645	0.00218	0.00809	0.00649	0.00315	0.00704
10	0.01364	0.15019	0.62862	0.01726	0.02618	0.01666	0.02186	0.02029	0.01356	0.01964	0.01119	0.01313	0.00820	0.00604	0.00583	0.00194	0.00913	0.00457	0.00273	0.00935
11	0.00922	0.00743	0.01106	0.01108	0.01214	0.00735	0.07048	0.01151	0.04570	0.01719	0.03153	0.60959	0.03665	0.04654	0.00953	0.00271	0.03285	0.01606	0.00558	0.00582
12	0.01340	0.01148	0.01340	0.00957	0.01531	0.00861	0.00766	0.01627	0.01340	0.02105	0.01148	0.01340	0.00957	0.00479	0.00479	0.00096	0.00479	0.00383	0.00383	0.81242
13	0.00801	0.00656	0.00706	0.00693	0.00895	0.00561	0.00520	0.00999	0.01560	0.01952	0.22792	0.05878	0.56624	0.01559	0.00763	0.00215	0.00322	0.01316	0.00627	0.00561
14	0.00844	0.00609	0.00811	0.00951	0.01025	0.00576	0.00694	0.01001	0.01308	0.01720	0.03708	0.56768	0.08259	0.01946	0.00837	0.00268	0.00422	0.17112	0.00599	0.00542
15	0.01627	0.15438	0.12376	0.04075	0.14333	0.05172	0.23875	0.04636	0.01503	0.03921	0.01262	0.03400	0.01028	0.00646	0.00699	0.00198	0.03976	0.00608	0.00339	0.00890
16	0.01139	0.00744	0.00968	0.01019	0.01174	0.00716	0.00795	0.04720	0.01511	0.07813	0.08607	0.31829	0.08266	0.03742	0.00882	0.00268	0.00478	0.24080	0.00619	0.00628
17	0.01035	0.00740	0.01033	0.01173	0.01321	0.00738	0.01021	0.01333	0.01503	0.01964	0.06633	0.07175	0.03828	0.01763	0.00886	0.00293	0.00582	0.65782	0.00600	0.00596
18	0.00777	0.00617	0.00699	0.00758	0.00901	0.00539	0.00538	0.00924	0.01387	0.01729	0.07087	0.34823	0.43374	0.01785	0.00788	0.00236	0.00346	0.01550	0.00603	0.00539
19	0.01776	0.59061	0.07306	0.01269	0.01817	0.04183	0.04058	0.04279	0.01406	0.04997	0.01029	0.01174	0.00880	0.00602	0.00535	0.00157	0.03899	0.00403	0.00316	0.00852
20	0.01628	0.60599	0.19600	0.01275	0.01920	0.02314	0.01400	0.01960	0.01325	0.01641	0.00958	0.01112	0.00827	0.00567	0.00460	0.00153	0.00752	0.00376	0.00276	0.00858
21	0.01727	0.77681	0.03386	0.01106	0.01658	0.02557	0.01106	0.01935	0.01313	0.01520	0.00898	0.01036	0.00829	0.00553	0.00415	0.00138	0.00691	0.00345	0.00276	0.00829
22	0.01898	0.01482	0.01593	0.01356	0.01765	0.01672	0.01082	0.23808	0.46016	0.06005	0.02327	0.02303	0.01750	0.00873	0.00662	0.00213	0.00576	0.02926	0.00658	0.01035
23	0.01599	0.01535	0.02623	0.03966	0.73262	0.01535	0.01983	0.01983	0.01471	0.02111	0.01215	0.01599	0.01023	0.00576	0.00640	0.00192	0.00768	0.00576	0.00320	0.01023
24	0.02414	0.03079	0.01831	0.01665	0.01998	0.74698	0.01248	0.02580	0.01831	0.01581	0.00999	0.01165	0.00832	0.00666	0.00583	0.00166	0.01165	0.00416	0.00333	0.00749
25	0.00923	0.00692	0.01038	0.01038	0.01154	0.00808	0.00808	0.01154	0.01038	0.01500	0.01731	0.02538	0.01615	0.04846	0.74732	0.01038	0.01731	0.00692	0.00346	0.00577
26	0.01414	0.01414	0.01979	0.01696	0.01696	0.01979	0.01414	0.01555	0.00990	0.01555	0.00848	0.01414	0.00848	0.01131	0.02120	0.00283	0.76110	0.00565	0.00283	0.00707
27	0.00914	0.00660	0.00864	0.00813	0.00965	0.00610	0.00610	0.01219	0.01829	0.02591	0.72921	0.04827	0.06097	0.01321	0.00762	0.00203	0.00305	0.01169	0.00711	0.00610
28	0.01122	0.00561	0.00842	0.00842	0.00842	0.00561	0.00561	0.00842	0.00842	0.01122	0.01122	0.01964	0.01122	0.02245	0.02525	0.81201	0.00561	0.00561	0.00281	0.00281
29	0.02456	0.01810	0.01939	0.01487	0.02004	0.02004	0.01228	0.71107	0.03038	0.04072	0.01551	0.01551	0.01099	0.00776	0.00646	0.00194	0.00711	0.00582	0.00646	0.01099
30	0.00926	0.00682	0.00986	0.00986	0.01083	0.00779	0.00742	0.01120	0.01023	0.01461	0.01779	0.02803	0.01730	0.16198	0.63537	0.00974	0.01558	0.00731	0.00353	0.00548
31	0.01220	0.01148	0.01938	0.75739	0.04450	0.01436	0.01794	0.01651	0.01292	0.01651	0.01148	0.01723	0.00861	0.00646	0.00646	0.00215	0.00861	0.00574	0.00287	0.00718
32	0.01523	0.01457	0.02485	0.18430	0.59394	0.01515	0.01945	0.01916	0.01435	0.02018	0.01202	0.01624	0.00991	0.00590	0.00641	0.00197	0.00786	0.00575	0.00313	0.00962
33	0.01169	0.00605	0.00880	0.00864	0.00883	0.00612	0.00585	0.03314	0.00919	0.01226	0.01137	0.01950	0.01122	0.02193	0.02459	0.78351	0.00566	0.00562	0.00293	0.00309
34	0.01463	0.00773	0.00863	0.00782	0.01002	0.00764	0.00604	0.07770	0.01613	0.10965	0.10553	0.05725	0.02236	0.00881	0.00545	0.00171	0.00370	0.00725	0.51494	0.00702
35	0.00936	0.00646	0.00776	0.00750	0.00910	0.00594	0.00560	0.01209	0.01662	0.02379	0.46293	0.06879	0.17118	0.01297	0.00709	0.00198	0.00310	0.01122	0.15056	0.00594
36	0.01228	0.04253	0.01594	0.01420	0.04891	0.04589	0.12571	0.04511	0.01428	0.04522	0.02723	0.43370	0.04584	0.04116	0.00847	0.00248	0.00595	0.01321	0.00516	0.00673
37	0.01029	0.00778	0.00977	0.00975	0.02971	0.00872	0.00622	0.01075	0.00976	0.01347	0.01859	0.05898	0.02104	0.57871	0.05657	0.00563	0.12690	0.00888	0.00377	0.00471
38	0.00970	0.00664	0.00747	0.00738	0.00761	0.00672	0.00430	0.01068	0.04318	0.01377	0.05043	0.04168	0.02489	0.70511	0.03059	0.00590	0.00607	0.00939	0.00417	0.00430
39	0.16783	0.03636	0.02482	0.05756	0.22735	0.08317	0.20128	0.06239	0.01517	0.02265	0.01158	0.01477	0.00920	0.00613	0.00666	0.00201	0.03318	0.00563	0.00354	0.00872

[dist]
# distance from previous block
# <min> <max>
0	5

[block]
# block no. 4 follows, 34 sequences, length 34
# corresponding to MSA columns:
# 206-239
name=unknown_E
#
# <colnr> <probs for GDERKNQSTAVLIFYWHMCP>
#	G	D	E	R	K	N	Q	S	T	A	V	L	I	F	Y	W	H	M	C	P
0	0.03786	0.51546	0.06166	0.01176	0.01674	0.07617	0.01117	0.02101	0.09479	0.01808	0.06959	0.01527	0.01383	0.00665	0.00492	0.00160	0.00682	0.00468	0.00363	0.00830
1	0.00944	0.00629	0.00774	0.00782	0.00804	0.00646	0.00486	0.00965	0.00964	0.01304	0.01989	0.07550	0.02225	0.55008	0.15108	0.07308	0.00794	0.00914	0.00386	0.00421
2	0.11106	0.09534	0.05861	0.04013	0.02137	0.09195	0.10313	0.24636	0.12119	0.02784	0.01445	0.01548	0.01087	0.00694	0.00603	0.00194	0.00769	0.00554	0.00478	0.00930
3	0.01522	0.01847	0.09568	0.03975	0.04467	0.10986	0.14985	0.01823	0.01283	0.01737	0.01258	0.01667	0.04045	0.00897	0.01362	0.00240	0.36642	0.00612	0.00312	0.00772
4	0.01296	0.03342	0.73944	0.01842	0.02797	0.01501	0.02387	0.02046	0.01364	0.02046	0.01160	0.01364	0.00818	0.00614	0.00614	0.00205	0.00955	0.00477	0.00273	0.00955
5	0.00810	0.00577	0.00770	0.00915	0.00960	0.00544	0.00626	0.00933	0.01247	0.01659	0.03507	0.69698	0.04177	0.04180	0.00901	0.00275	0.00398	0.06703	0.00593	0.00526
6	0.04227	0.05848	0.12657	0.01656	0.05603	0.04709	0.10282	0.11362	0.11487	0.17025	0.01690	0.01727	0.01213	0.00686	0.00623	0.00192	0.00733	0.00582	0.00506	0.07194
7	0.00934	0.00649	0.00820	0.00820	0.00860	0.00689	0.00535	0.01014	0.00974	0.01338	0.01930	0.03645	0.02096	0.52274	0.27960	0.00769	0.01008	0.00854	0.00376	0.00456
8	0.02034	0.01220	0.01420	0.01189	0.01585	0.01268	0.00948	0.10421	0.29523	0.26957	0.09879	0.02603	0.04189	0.00904	0.00662	0.00206	0.00514	0.00747	0.02740	0.00990
9	0.01952	0.27831	0.16031	0.01439	0.02008	0.15698	0.01391	0.15996	0.05537	0.04599	0.01244	0.01337	0.00968	0.00655	0.00551	0.00174	0.00820	0.00461	0.00398	0.00911
10	0.03851	0.14736	0.05434	0.11357	0.14226	0.03359	0.01305	0.09531	0.03147	0.07725	0.01814	0.06563	0.04534	0.00887	0.00682	0.02886	0.00680	0.04197	0.02250	0.00838
11	0.00887	0.00651	0.00874	0.00963	0.01016	0.00672	0.00688	0.01021	0.01188	0.01604	0.02968	0.45386	0.03437	0.13004	0.10384	0.00415	0.04323	0.09467	0.00523	0.00530
12	0.00769	0.00650	0.00666	0.00671	0.00879	0.00546	0.00500	0.00935	0.01472	0.01767	0.08460	0.09621	0.67572	0.01646	0.00767	0.00220	0.00329	0.01381	0.00603	0.00546
13	0.01539	0.23352	0.19964	0.05693	0.09128	0.01806	0.14079	0.05589	0.04956	0.02054	0.04956	0.01622	0.01219	0.00640	0.00600	0.00188	0.00814	0.00560	0.00350	0.00892
14	0.04039	0.01200	0.01884	0.54311	0.10447	0.01420	0.01638	0.05612	0.03151	0.04070	0.01372	0.05600	0.01111	0.00727	0.00647	0.00213	0.00789	0.00639	0.00355	0.00777
15	0.01727	0.77681	0.03386	0.01106	0.01658	0.02557	0.01106	0.01935	0.01313	0.01520	0.00898	0.01036	0.00829	0.00553	0.00415	0.00138	0.00691	0.00345	0.00276	0.00829
16	0.00872	0.00659	0.00805	0.00768	0.00939	0.00592	0.00576	0.01137	0.01728	0.02353	0.54196	0.05219	0.24970	0.01410	0.00763	0.00207	0.00311	0.01224	0.00680	0.00592
17	0.00924	0.00689	0.01021	0.01021	0.01130	0.00798	0.00786	0.01143	0.01033	0.01487	0.01747	0.02627	0.01654	0.08628	0.71002	0.01017	0.01673	0.00705	0.00349	0.00567
18	0.02414	0.03079	0.01831	0.01665	0.01998	0.74698	0.01248	0.02580	0.01831	0.01581	0.00999	0.01165	0.00832	0.00666	0.00583	0.00166	0.01165	0.00416	0.00333	0.00749
19	0.02414	0.03079	0.01831	0.01665	0.01998	0.74698	0.01248	0.02580	0.01831	0.01581	0.00999	0.01165	0.00832	0.00666	0.00583	0.00166	0.01165	0.00416	0.00333	0.00749
20	0.02456	0.01810	0.01939	0.01487	0.02004	0.02004	0.01228	0.71107	0.03038	0.04072	0.01551	0.01551	0.01099	0.00776	0.00646	0.00194	0.00711	0.00582	0.00646	0.01099
21	0.02899	0.01100	0.01499	0.01150	0.01649	0.00950	0.00950	0.03149	0.01849	0.73709	0.02549	0.02199	0.01599	0.00800	0.00650	0.00200	0.00550	0.00650	0.00800	0.01100
22	0.01122	0.00561	0.00842	0.00842	0.00842	0.00561	0.00561	0.00842	0.00842	0.01122	0.01122	0.01964	0.01122	0.02245	0.02525	0.81201	0.00561	0.00561	0.00281	0.00281
23	0.01842	0.01429	0.01411	0.01229	0.01585	0.08301	0.00963	0.11352	0.36731	0.10137	0.04280	0.02234	0.01788	0.00830	0.00620	0.00198	0.00564	0.00667	0.12903	0.00938
24	0.01378	0.01361	0.01910	0.01648	0.01657	0.01894	0.01369	0.01526	0.00993	0.01551	0.00913	0.01496	0.00904	0.01402	0.07417	0.00338	0.70685	0.00575	0.00287	0.00697
25	0.01239	0.01167	0.01972	0.72215	0.07829	0.01440	0.01804	0.01667	0.01301	0.01673	0.01152	0.01717	0.00869	0.00643	0.00646	0.00214	0.00857	0.00574	0.00289	0.00733
26	0.01165	0.00749	0.01030	0.01126	0.01284	0.00733	0.00949	0.01421	0.01456	0.07767	0.03260	0.12580	0.03492	0.07232	0.01041	0.00310	0.00575	0.52617	0.00597	0.00616
27	0.01113	0.00762	0.00846	0.00794	0.00853	0.00784	0.00487	0.08958	0.01179	0.01575	0.01980	0.03922	0.02206	0.68549	0.02987	0.00577	0.00636	0.00899	0.00421	0.00472
28	0.00917	0.00675	0.00910	0.00890	0.01036	0.00667	0.00686	0.01193	0.01574	0.02203	0.44984	0.04492	0.08928	0.02301	0.20220	0.00431	0.00702	0.05997	0.00600	0.00596
29	0.00890	0.00595	0.00800	0.00896	0.00946	0.00575	0.00622	0.00947	0.01165	0.01545	0.03022	0.44086	0.06381	0.08328	0.04968	0.15034	0.00514	0.07695	0.00512	0.00480
30	0.01566	0.01445	0.02476	0.03497	0.60076	0.01430	0.05522	0.01946	0.01522	0.04316	0.08468	0.01949	0.01548	0.00656	0.00659	0.00195	0.00732	0.00648	0.00374	0.00976
31	0.02051	0.02322	0.05710	0.01724	0.04062	0.34039	0.04212	0.15181	0.04927	0.02151	0.01194	0.01419	0.00967	0.00878	0.02839	0.00222	0.14352	0.00517	0.00394	0.00838
32	0.01586	0.01229	0.01563	0.01314	0.01647	0.04397	0.09923	0.11225	0.15856	0.09848	0.06002	0.16518	0.08513	0.03088	0.00771	0.00226	0.00588	0.00975	0.03909	0.00821
33	0.05592	0.14587	0.12803	0.03568	0.11560	0.09941	0.01328	0.06913	0.07935	0.03675	0.03447	0.01826	0.01300	0.08375	0.00845	0.00226	0.00745	0.00554	0.00396	0.04382

[dist]
# distance from previous block
# <min> <max>
0	14

[block]
# block no. 5 follows, 34 sequences, length 7
# corresponding to MSA columns:
# 254-260
name=unknown_F
#
# <colnr> <probs for GDERKNQSTAVLIFYWHMCP>
#	G	D	E	R	K	N	Q	S	T	A	V	L	I	F	Y	W	H	M	C	P
0	0.09886	0.06627	0.10265	0.07500	0.05715	0.03350	0.05747	0.09355	0.05761	0.04643	0.16368	0.02394	0.04985	0.00853	0.00695	0.00203	0.03655	0.00699	0.00479	0.00819
1	0.01396	0.13006	0.15045	0.01443	0.01902	0.01387	0.11691	0.04384	0.05403	0.06051	0.09216	0.13564	0.07401	0.01007	0.00737	0.00210	0.04020	0.00872	0.00464	0.00800
2	0.01037	0.00683	0.00802	0.00787	0.00971	0.00601	0.00574	0.01209	0.01480	0.09601	0.15609	0.19835	0.35232	0.07444	0.00959	0.00255	0.00381	0.01319	0.00623	0.00599
3	0.01878	0.16767	0.05984	0.04572	0.06681	0.09406	0.09245	0.06135	0.07075	0.15097	0.01857	0.05276	0.03901	0.00791	0.00625	0.00194	0.00745	0.02411	0.00471	0.00890
4	0.04669	0.14632	0.11286	0.03867	0.01921	0.03683	0.07353	0.03965	0.11560	0.11272	0.05504	0.09439	0.01773	0.03170	0.00750	0.00215	0.02889	0.00726	0.00477	0.00849
5	0.01296	0.03342	0.73944	0.01842	0.02797	0.01501	0.02387	0.02046	0.01364	0.02046	0.01160	0.01364	0.00818	0.00614	0.00614	0.00205	0.00955	0.00477	0.00273	0.00955
6	0.00802	0.00629	0.00715	0.00749	0.00896	0.00554	0.00534	0.00965	0.01436	0.01825	0.15727	0.25282	0.40309	0.05478	0.00906	0.00248	0.00352	0.01442	0.00607	0.00542

[dist]
# distance from previous block
# <min> <max>
0	1

[block]
# block no. 6 follows, 34 sequences, length 33
# corresponding to MSA columns:
# 262-294
name=unknown_G
#
# <colnr> <probs for GDERKNQSTAVLIFYWHMCP>
#	G	D	E	R	K	N	Q	S	T	A	V	L	I	F	Y	W	H	M	C	P
0	0.01554	0.13379	0.22260	0.01840	0.02436	0.08386	0.20423	0.04552	0.03788	0.01968	0.01516	0.01747	0.05391	0.00713	0.00762	0.00202	0.07282	0.00604	0.00341	0.00856
1	0.00927	0.00675	0.00950	0.00950	0.01035	0.00760	0.00697	0.01097	0.01012	0.01434	0.01812	0.02986	0.01810	0.24036	0.55808	0.00929	0.01438	0.00758	0.00358	0.00528
2	0.01409	0.00892	0.01054	0.00951	0.01215	0.00881	0.00733	0.02021	0.17688	0.14696	0.26780	0.07178	0.13438	0.01164	0.00698	0.00207	0.00400	0.00995	0.06825	0.00774
3	0.01348	0.01178	0.01905	0.07161	0.41153	0.01193	0.01511	0.01677	0.01419	0.02000	0.01938	0.08607	0.01911	0.03767	0.00791	0.00234	0.00671	0.14944	0.05765	0.00827
4	0.09791	0.23259	0.14297	0.03336	0.08388	0.04095	0.03785	0.03940	0.04772	0.16419	0.01421	0.01498	0.01052	0.00645	0.00554	0.00183	0.00720	0.00496	0.00427	0.00921
5	0.01698	0.01694	0.02581	0.03620	0.61355	0.08191	0.04938	0.04324	0.01558	0.02126	0.01211	0.01565	0.01007	0.00589	0.00640	0.00191	0.00816	0.00570	0.00332	0.00994
6	0.00764	0.00655	0.00655	0.00655	0.00873	0.00545	0.00491	0.00927	0.01473	0.01745	0.06546	0.06218	0.73000	0.01636	0.00764	0.00218	0.00327	0.01364	0.00600	0.00545
7	0.01530	0.04160	0.33910	0.01888	0.04079	0.06083	0.14190	0.09448	0.04041	0.02194	0.01412	0.06717	0.01165	0.00759	0.00748	0.00211	0.05559	0.00644	0.00364	0.00899
8	0.00903	0.00680	0.00923	0.00994	0.01096	0.00670	0.02417	0.02584	0.03882	0.01762	0.03404	0.53897	0.07678	0.02165	0.08305	0.00337	0.00556	0.06603	0.00570	0.00576
9	0.01615	0.00804	0.01054	0.00907	0.01177	0.00724	0.00710	0.01901	0.01790	0.26672	0.42213	0.03702	0.04142	0.01089	0.00694	0.00197	0.00387	0.00938	0.08510	0.00775
10	0.01340	0.01148	0.01340	0.00957	0.01531	0.00861	0.00766	0.01627	0.01340	0.02105	0.01148	0.01340	0.00957	0.00479	0.00479	0.00096	0.00479	0.00383	0.00383	0.81242
11	0.01525	0.01743	0.03813	0.02723	0.03377	0.01634	0.70915	0.02070	0.01525	0.02070	0.01307	0.01743	0.00980	0.00545	0.00763	0.00218	0.01089	0.00763	0.00327	0.00871
12	0.02414	0.03079	0.01831	0.01665	0.01998	0.74698	0.01248	0.02580	0.01831	0.01581	0.00999	0.01165	0.00832	0.00666	0.00583	0.00166	0.01165	0.00416	0.00333	0.00749
13	0.00954	0.00723	0.00814	0.00758	0.00986	0.00634	0.00576	0.03137	0.01641	0.04479	0.27722	0.05313	0.44018	0.01437	0.00745	0.00207	0.00344	0.01217	0.00636	0.03659
14	0.02456	0.01810	0.01939	0.01487	0.02004	0.02004	0.01228	0.71107	0.03038	0.04072	0.01551	0.01551	0.01099	0.00776	0.00646	0.00194	0.00711	0.00582	0.00646	0.01099
15	0.01870	0.01408	0.01559	0.01220	0.01683	0.01438	0.00986	0.33640	0.10356	0.04952	0.09560	0.02000	0.01747	0.00770	0.00611	0.00171	0.00566	0.00614	0.02800	0.22047
16	0.01122	0.00561	0.00842	0.00842	0.00842	0.00561	0.00561	0.00842	0.00842	0.01122	0.01122	0.01964	0.01122	0.02245	0.02525	0.81201	0.00561	0.00561	0.00281	0.00281
17	0.02162	0.02442	0.03714	0.01533	0.01906	0.44963	0.01196	0.04473	0.23268	0.05609	0.01591	0.01611	0.01224	0.00738	0.00611	0.00186	0.00918	0.00529	0.00461	0.00864
18	0.00943	0.00721	0.01076	0.01065	0.01175	0.00854	0.00832	0.01170	0.01036	0.01502	0.01696	0.02494	0.01585	0.04698	0.71841	0.01008	0.04692	0.00687	0.00344	0.00582
19	0.00793	0.00565	0.00748	0.00892	0.00928	0.00529	0.00591	0.00901	0.01225	0.01633	0.03499	0.73911	0.04195	0.05090	0.00925	0.00277	0.00385	0.01800	0.00591	0.00519
20	0.04703	0.01181	0.01980	0.59766	0.06620	0.01399	0.06758	0.01660	0.01319	0.01759	0.01487	0.01969	0.05341	0.00695	0.00651	0.00214	0.00826	0.00627	0.00316	0.00729
21	0.68702	0.01177	0.00959	0.00853	0.01219	0.01334	0.00684	0.01879	0.01130	0.07121	0.01118	0.01445	0.00924	0.08441	0.00710	0.00243	0.00516	0.00429	0.00424	0.00693
22	0.00812	0.00592	0.00723	0.00816	0.00881	0.00548	0.00539	0.00913	0.01225	0.01592	0.03838	0.49564	0.16988	0.16311	0.01283	0.00323	0.00414	0.01576	0.00560	0.00503
23	0.00987	0.00827	0.01405	0.01269	0.01451	0.00875	0.11579	0.01241	0.01155	0.01619	0.02052	0.18101	0.02078	0.03587	0.47725	0.00748	0.01346	0.00945	0.00397	0.00611
24	0.04462	0.16993	0.35928	0.03792	0.08638	0.03917	0.07895	0.04807	0.01434	0.02025	0.01117	0.01356	0.00862	0.00620	0.00639	0.00193	0.03622	0.00489	0.00305	0.00905
25	0.03937	0.01754	0.10153	0.01533	0.04288	0.15766	0.07472	0.09451	0.03386	0.02046	0.03715	0.13003	0.01803	0.05532	0.02739	0.05277	0.03260	0.03715	0.00429	0.00740
26	0.01033	0.00710	0.00896	0.00859	0.00931	0.00709	0.02929	0.01155	0.03310	0.03738	0.02316	0.08617	0.04492	0.55470	0.06779	0.00560	0.00673	0.03901	0.00436	0.00483
27	0.04748	0.01239	0.04029	0.08113	0.17237	0.05699	0.01202	0.01524	0.01279	0.01808	0.01849	0.20256	0.01934	0.06891	0.01090	0.02167	0.09855	0.02450	0.03338	0.03291
28	0.12972	0.21347	0.03682	0.01371	0.03431	0.17939	0.01137	0.09795	0.07093	0.06241	0.01238	0.01350	0.00984	0.00684	0.00628	0.00179	0.05582	0.00458	0.00410	0.03477
29	0.22432	0.07083	0.11174	0.05095	0.04834	0.13410	0.01240	0.12017	0.03878	0.06365	0.01255	0.01390	0.00949	0.00655	0.00542	0.00186	0.00736	0.00467	0.02662	0.03629
30	0.04076	0.10553	0.12980	0.08180	0.14123	0.05185	0.07957	0.05468	0.09259	0.02114	0.03521	0.05719	0.06538	0.00797	0.00635	0.00200	0.00743	0.00687	0.00406	0.00861
31	0.03843	0.00946	0.01509	0.01367	0.04573	0.00986	0.11609	0.01540	0.03799	0.06202	0.04210	0.02632	0.01740	0.14188	0.35286	0.00654	0.01182	0.00737	0.02328	0.00668
32	0.01626	0.44307	0.02572	0.04215	0.01720	0.01970	0.03266	0.04557	0.08208	0.04369	0.01398	0.07254	0.01276	0.00877	0.00736	0.06801	0.03115	0.00566	0.00374	0.00792

[dist]
# distance from previous block
# <min> <max>
1	2

[block]
# block no. 7 follows, 34 sequences, length 11
# corresponding to MSA columns:
# 297-307
name=unknown_H
#
# <colnr> <probs for GDERKNQSTAVLIFYWHMCP>
#	G	D	E	R	K	N	Q	S	T	A	V	L	I	F	Y	W	H	M	C	P
0	0.11770	0.09433	0.28283	0.06893	0.11466	0.03669	0.06243	0.08388	0.04050	0.02285	0.01202	0.01421	0.00911	0.00625	0.00587	0.00196	0.00818	0.00503	0.00350	0.00908
1	0.00844	0.00675	0.00760	0.00786	0.00954	0.00615	0.00571	0.01116	0.05856	0.01894	0.14581	0.25664	0.40050	0.01655	0.00774	0.00229	0.00349	0.01431	0.00619	0.00578
2	0.00916	0.05301	0.00950	0.00825	0.01002	0.00729	0.00619	0.01190	0.04523	0.02047	0.28723	0.22285	0.25495	0.01521	0.00752	0.00219	0.00361	0.01321	0.00622	0.00600
3	0.01611	0.09599	0.20229	0.04308	0.11563	0.04494	0.19776	0.03888	0.07073	0.05433	0.01356	0.01590	0.01029	0.00629	0.00672	0.00198	0.02567	0.00582	0.00363	0.03039
4	0.00940	0.00626	0.00705	0.00705	0.00705	0.00626	0.00392	0.00940	0.00940	0.01253	0.02036	0.04228	0.02349	0.77292	0.03289	0.00626	0.00626	0.00940	0.00392	0.00392
5	0.02623	0.01158	0.01485	0.01168	0.01640	0.01075	0.00955	0.07512	0.09954	0.57707	0.02678	0.02367	0.04911	0.00846	0.00656	0.00203	0.00546	0.00688	0.00764	0.01065
6	0.03850	0.01493	0.10166	0.03791	0.11850	0.01321	0.09713	0.08651	0.14707	0.04213	0.02325	0.16919	0.06154	0.01011	0.00693	0.00218	0.00660	0.00909	0.00496	0.00861
7	0.06581	0.01559	0.01989	0.02017	0.17565	0.04932	0.07193	0.19827	0.14755	0.05192	0.01743	0.02121	0.01399	0.00776	0.00650	0.00202	0.00703	0.05610	0.00510	0.04678
8	0.00926	0.00630	0.00750	0.00761	0.00778	0.00642	0.00459	0.00964	0.00974	0.01313	0.02110	0.09348	0.02398	0.62683	0.12067	0.00651	0.00746	0.00974	0.00401	0.00425
9	0.01219	0.00928	0.01033	0.00957	0.01219	0.00944	0.00732	0.01981	0.25488	0.06756	0.20230	0.07500	0.25910	0.01271	0.00723	0.00216	0.00400	0.01080	0.00658	0.00756
10	0.12974	0.22878	0.02135	0.01327	0.01747	0.21259	0.03124	0.08934	0.01635	0.09617	0.01286	0.04496	0.01071	0.00726	0.00611	0.00180	0.04251	0.00506	0.00415	0.00828

[dist]
# distance from previous block
# <min> <max>
0	21

[block]
# block no. 8 follows, 34 sequences, length 17
# corresponding to MSA columns:
# 329-345
name=unknown_I
#
# <colnr> <probs for GDERKNQSTAVLIFYWHMCP>
#	G	D	E	R	K	N	Q	S	T	A	V	L	I	F	Y	W	H	M	C	P
0	0.01336	0.06647	0.41649	0.07165	0.09305	0.01497	0.12610	0.01916	0.01380	0.01967	0.01371	0.07701	0.01152	0.00715	0.00648	0.00207	0.00889	0.00642	0.00314	0.00890
