[name]
unknown

[dist]
# distance from previous block
# <min> <max>
9	53

[block]
# block no. 0 follows, 33 sequences, length 14
# corresponding to MSA columns:
# 99-112
name=unknown_A
#
# <colnr> <probs for GDERKNQSTAVLIFYWHMCP>
#	G	D	E	R	K	N	Q	S	T	A	V	L	I	F	Y	W	H	M	C	P
0	0.04586	0.01379	0.01404	0.09918	0.01858	0.11082	0.01009	0.07412	0.14265	0.08511	0.13072	0.06761	0.08649	0.00987	0.00670	0.00202	0.00613	0.00813	0.00563	0.06245
1	0.09432	0.01325	0.01653	0.06202	0.05923	0.05617	0.07833	0.06122	0.08412	0.07619	0.06414	0.02445	0.08026	0.00902	0.00737	0.04305	0.00641	0.02317	0.00489	0.13587
2	0.09848	0.01434	0.01701	0.12526	0.03963	0.05321	0.04919	0.15620	0.14180	0.05995	0.07609	0.02018	0.01624	0.00837	0.00716	0.03565	0.00671	0.00635	0.00516	0.06302
3	0.01785	0.01211	0.01581	0.07460	0.05707	0.01208	0.03568	0.12446	0.10398	0.17046	0.09846	0.06632	0.07431	0.00939	0.00677	0.00200	0.00577	0.00803	0.00603	0.09885
4	0.02354	0.05709	0.01817	0.01348	0.01845	0.05597	0.01106	0.30979	0.12389	0.20711	0.01892	0.01804	0.01334	0.00768	0.00631	0.00190	0.00659	0.00593	0.00639	0.07635
5	0.01517	0.09007	0.18172	0.07275	0.16211	0.01601	0.14387	0.08073	0.01612	0.02232	0.07591	0.04438	0.01532	0.00743	0.00705	0.00206	0.02736	0.00676	0.00384	0.00903
6	0.01626	0.01162	0.01392	0.01007	0.01580	0.00892	0.00811	0.01913	0.01451	0.13838	0.01405	0.01509	0.01083	0.00541	0.00516	0.00115	0.00499	0.00435	0.00460	0.67764
7	0.01709	0.01450	0.01529	0.01354	0.01739	0.01671	0.01059	0.09030	0.65919	0.02869	0.02589	0.02384	0.01936	0.00885	0.00669	0.00221	0.00538	0.00732	0.00669	0.01048
8	0.01426	0.01205	0.01301	0.01212	0.01513	0.01356	0.00925	0.02845	0.53303	0.02531	0.06814	0.14267	0.06195	0.01139	0.00708	0.00229	0.00478	0.00976	0.00661	0.00916
9	0.02503	0.01844	0.01976	0.01515	0.02042	0.02042	0.01251	0.70562	0.03095	0.04149	0.01581	0.01581	0.01120	0.00790	0.00659	0.00198	0.00724	0.00593	0.00659	0.01120
10	0.00856	0.00662	0.00781	0.00769	0.00942	0.00586	0.00570	0.01090	0.01659	0.02196	0.38954	0.11818	0.33659	0.01543	0.00783	0.00219	0.00326	0.01333	0.00667	0.00586
11	0.02160	0.28807	0.02402	0.01454	0.01892	0.37255	0.01203	0.08763	0.06821	0.01907	0.01154	0.01269	0.00956	0.00664	0.00545	0.00166	0.00927	0.00438	0.00373	0.00845
12	0.00817	0.00587	0.00768	0.00907	0.00957	0.00548	0.00613	0.00936	0.01269	0.01679	0.03710	0.67428	0.07647	0.05129	0.00944	0.00282	0.00398	0.04245	0.00602	0.00533
13	0.04734	0.27884	0.04840	0.01483	0.05702	0.08622	0.03705	0.02622	0.22092	0.09598	0.01663	0.01674	0.01282	0.00702	0.00568	0.00185	0.00701	0.00540	0.00466	0.00936

[dist]
# distance from previous block
# <min> <max>
0	2

[block]
# block no. 1 follows, 33 sequences, length 9
# corresponding to MSA columns:
# 115-123
name=unknown_B
#
# <colnr> <probs for GDERKNQSTAVLIFYWHMCP>
#	G	D	E	R	K	N	Q	S	T	A	V	L	I	F	Y	W	H	M	C	P
0	0.02005	0.04260	0.08584	0.01990	0.06911	0.25714	0.16072	0.14319	0.05636	0.02324	0.01305	0.01501	0.01007	0.00660	0.00645	0.00189	0.00962	0.00558	0.00406	0.04950
1	0.01849	0.01496	0.01711	0.01454	0.01784	0.01772	0.01171	0.17360	0.37625	0.06558	0.02039	0.02033	0.01546	0.00924	0.00997	0.00231	0.17197	0.00670	0.00591	0.00992
2	0.00934	0.00853	0.05503	0.00857	0.01009	0.00704	0.00640	0.01153	0.04926	0.01634	0.03643	0.20604	0.21774	0.30798	0.01774	0.00393	0.00514	0.01236	0.00510	0.00543
3	0.04405	0.01032	0.01142	0.01008	0.01232	0.01084	0.00747	0.17710	0.06651	0.02433	0.11701	0.03514	0.02538	0.29576	0.01682	0.00368	0.00579	0.05162	0.03806	0.03630
4	0.06979	0.04435	0.07119	0.07789	0.07322	0.01533	0.25389	0.09746	0.03824	0.11117	0.06843	0.01959	0.01471	0.00701	0.00682	0.00209	0.00818	0.00683	0.00464	0.00917
5	0.01729	0.01446	0.01789	0.06169	0.10243	0.06829	0.05637	0.08869	0.10645	0.09118	0.06349	0.02108	0.04431	0.00744	0.00631	0.00178	0.00657	0.00636	0.00502	0.21290
6	0.08851	0.01296	0.01553	0.05902	0.01843	0.01313	0.03373	0.21882	0.04101	0.17422	0.02375	0.07492	0.09038	0.00916	0.00648	0.00199	0.00596	0.00750	0.00597	0.09855
7	0.04211	0.01166	0.04973	0.04809	0.01703	0.01053	0.05183	0.05410	0.10279	0.12962	0.10205	0.18574	0.06722	0.01129	0.00700	0.00213	0.00545	0.00988	0.00586	0.08588
8	0.01400	0.04152	0.01535	0.08243	0.01795	0.01225	0.03213	0.11332	0.06564	0.02196	0.02028	0.16817	0.03883	0.06883	0.00957	0.00230	0.05483	0.00853	0.00477	0.20734

[dist]
# distance from previous block
# <min> <max>
20	125

[block]
# block no. 2 follows, 33 sequences, length 12
# corresponding to MSA columns:
# 276-287
name=unknown_C
#
# <colnr> <probs for GDERKNQSTAVLIFYWHMCP>
#	G	D	E	R	K	N	Q	S	T	A	V	L	I	F	Y	W	H	M	C	P
0	0.01342	0.04071	0.01068	0.00922	0.01124	0.00802	0.00687	0.01569	0.03546	0.15343	0.10477	0.18881	0.11449	0.13416	0.09242	0.00377	0.00610	0.01098	0.03302	0.00674
1	0.00953	0.00715	0.00905	0.00882	0.01069	0.00646	0.00683	0.01226	0.01678	0.02308	0.42210	0.10400	0.14743	0.01452	0.00780	0.00220	0.00378	0.11544	0.00657	0.06552
2	0.02060	0.01487	0.01630	0.01312	0.01758	0.01585	0.01057	0.39249	0.13482	0.08758	0.02346	0.07667	0.06999	0.00948	0.00671	0.00202	0.00607	0.00763	0.00646	0.06773
3	0.02003	0.02058	0.01777	0.12315	0.02267	0.29588	0.01294	0.17009	0.08601	0.02341	0.04154	0.02109	0.01449	0.00854	0.00723	0.00205	0.04126	0.05819	0.00465	0.00842
4	0.01384	0.14137	0.63280	0.01767	0.02681	0.01685	0.02243	0.02068	0.01382	0.02007	0.01143	0.01341	0.00836	0.00616	0.00596	0.00199	0.00934	0.00467	0.00279	0.00954
5	0.00828	0.00646	0.00756	0.00807	0.00959	0.00574	0.00594	0.01010	0.01479	0.01883	0.14598	0.27595	0.37277	0.01755	0.00807	0.00240	0.00366	0.06638	0.00627	0.00562
6	0.01579	0.01449	0.01470	0.01100	0.01652	0.09429	0.00873	0.07097	0.01557	0.02239	0.01184	0.01361	0.00972	0.00533	0.00513	0.00114	0.00587	0.00410	0.00405	0.65478
7	0.02192	0.08190	0.02097	0.01576	0.02030	0.21969	0.06488	0.29000	0.12390	0.02822	0.01529	0.01599	0.01160	0.00737	0.00626	0.00189	0.00838	0.00563	0.03051	0.00953
8	0.00943	0.00733	0.00886	0.00820	0.01041	0.00633	0.00614	0.01194	0.01634	0.02249	0.38182	0.12713	0.21519	0.01379	0.00742	0.00201	0.00350	0.01198	0.00635	0.12333
9	0.00954	0.00651	0.00784	0.00784	0.00806	0.00674	0.00481	0.00999	0.00977	0.01325	0.02014	0.03976	0.02249	0.63006	0.17012	0.00719	0.00855	0.00909	0.00390	0.00435
10	0.01562	0.07334	0.10833	0.12368	0.09385	0.02793	0.04407	0.03514	0.01515	0.09960	0.03527	0.02149	0.08659	0.00740	0.00617	0.00179	0.00687	0.00624	0.00428	0.18719
11	0.05075	0.05305	0.04911	0.07606	0.08655	0.08530	0.03555	0.05941	0.08715	0.16654	0.03499	0.07639	0.01633	0.04710	0.00830	0.00228	0.02979	0.00710	0.00511	0.02313

[dist]
# distance from previous block
# <min> <max>
0	21

[block]
# block no. 3 follows, 33 sequences, length 21
# corresponding to MSA columns:
# 309-329
name=unknown_D
#
# <colnr> <probs for GDERKNQSTAVLIFYWHMCP>
#	G	D	E	R	K	N	Q	S	T	A	V	L	I	F	Y	W	H	M	C	P
0	0.11868	0.09174	0.04270	0.01564	0.10789	0.10252	0.01140	0.12060	0.03470	0.05308	0.01322	0.01562	0.01071	0.04100	0.00676	0.00188	0.00692	0.00495	0.02078	0.17919
1	0.01371	0.01347	0.04504	0.01801	0.08015	0.04136	0.19231	0.04426	0.01384	0.01901	0.01889	0.02447	0.07561	0.07410	0.10206	0.06778	0.08625	0.00741	0.05503	0.00721
2	0.06758	0.46836	0.17568	0.01378	0.02009	0.03857	0.05266	0.02097	0.03640	0.03685	0.01097	0.01245	0.00901	0.00598	0.00501	0.00168	0.00771	0.00426	0.00319	0.00877
3	0.01629	0.01564	0.02672	0.04041	0.72757	0.01564	0.02020	0.02020	0.01499	0.02151	0.01238	0.01629	0.01043	0.00587	0.00652	0.00196	0.00782	0.00587	0.00326	0.01043
4	0.02126	0.02622	0.02426	0.01991	0.02390	0.48319	0.20023	0.02398	0.01707	0.01744	0.01090	0.01369	0.00890	0.00686	0.00778	0.00194	0.07589	0.00533	0.00333	0.00793
5	0.00957	0.00638	0.00718	0.00718	0.00718	0.00638	0.00399	0.00957	0.00957	0.01276	0.02074	0.04308	0.02393	0.76864	0.03351	0.00638	0.00638	0.00957	0.00399	0.00399
6	0.00915	0.00620	0.00731	0.00773	0.00783	0.00610	0.00457	0.00946	0.01041	0.01387	0.02501	0.24117	0.02932	0.56320	0.02661	0.00536	0.00568	0.01208	0.00457	0.00436
7	0.00818	0.00671	0.00715	0.00717	0.00919	0.00578	0.00541	0.01002	0.01518	0.01862	0.13494	0.06157	0.58414	0.04803	0.00893	0.00243	0.00359	0.05121	0.00615	0.00559
8	0.00851	0.00599	0.00744	0.00840	0.00874	0.00569	0.00537	0.00931	0.01174	0.01554	0.03272	0.49492	0.07074	0.26401	0.01655	0.00386	0.00463	0.01550	0.00542	0.00492
9	0.01875	0.01532	0.01622	0.01388	0.01802	0.01748	0.01100	0.21926	0.52753	0.03137	0.02378	0.02216	0.01765	0.00865	0.00667	0.00216	0.00577	0.00703	0.00667	0.01063
10	0.02376	0.01601	0.01796	0.01420	0.01895	0.01729	0.01175	0.52213	0.02700	0.13589	0.01882	0.02182	0.01427	0.01079	0.04306	0.00249	0.00743	0.05923	0.00661	0.01053
11	0.02850	0.01143	0.01525	0.01185	0.01683	0.01020	0.00973	0.03231	0.07352	0.67684	0.02604	0.02258	0.01659	0.00821	0.00663	0.00205	0.00557	0.00668	0.00803	0.01114
12	0.81514	0.01273	0.00968	0.00866	0.01273	0.01477	0.00713	0.01935	0.01120	0.02954	0.00917	0.01069	0.00713	0.00611	0.00407	0.00204	0.00509	0.00356	0.00407	0.00713
13	0.01629	0.01564	0.02672	0.04041	0.72757	0.01564	0.02020	0.02020	0.01499	0.02151	0.01238	0.01629	0.01043	0.00587	0.00652	0.00196	0.00782	0.00587	0.00326	0.01043
14	0.01270	0.01085	0.01356	0.01036	0.01524	0.00846	0.03508	0.01541	0.01354	0.02059	0.01624	0.15054	0.01591	0.00777	0.00563	0.00133	0.00493	0.00675	0.00428	0.63082
15	0.00816	0.00668	0.00719	0.00706	0.00912	0.00572	0.00530	0.01017	0.01589	0.01989	0.22733	0.05989	0.56295	0.01589	0.00778	0.00219	0.00328	0.01341	0.00639	0.00572
16	0.00946	0.00685	0.00953	0.00953	0.01034	0.00766	0.00692	0.01108	0.01027	0.01450	0.01860	0.03119	0.01877	0.27180	0.52328	0.00928	0.01415	0.00783	0.00367	0.00529
17	0.02298	0.01524	0.01692	0.01339	0.01783	0.01646	0.01087	0.45623	0.08153	0.13138	0.01814	0.01836	0.01303	0.00918	0.00796	0.06526	0.00644	0.00614	0.06254	0.01013
18	0.01120	0.00896	0.01411	0.01382	0.01597	0.00895	0.09729	0.01502	0.04421	0.01973	0.03095	0.11648	0.03287	0.01816	0.05009	0.00329	0.00714	0.47962	0.00561	0.00653
19	0.01361	0.02904	0.01639	0.04022	0.03995	0.04840	0.01150	0.04174	0.01169	0.01641	0.01339	0.06132	0.01346	0.08393	0.12280	0.07358	0.34569	0.00690	0.00343	0.00657
20	0.60783	0.06897	0.12624	0.01070	0.01576	0.03928	0.01031	0.01984	0.01202	0.02676	0.00962	0.01123	0.00746	0.00612	0.00449	0.00199	0.00618	0.00379	0.00376	0.00765

[dist]
# distance from previous block
# <min> <max>
1	6

[block]
# block no. 4 follows, 33 sequences, length 20
# corresponding to MSA columns:
# 336-355
name=unknown_E
#
# <colnr> <probs for GDERKNQSTAVLIFYWHMCP>
#	G	D	E	R	K	N	Q	S	T	A	V	L	I	F	Y	W	H	M	C	P
0	0.03276	0.06118	0.36683	0.07797	0.17760	0.04775	0.06532	0.05653	0.01520	0.02152	0.01198	0.01472	0.00906	0.00623	0.00629	0.00202	0.00907	0.00528	0.00319	0.00951
1	0.01396	0.01503	0.08828	0.01926	0.03897	0.01335	0.29643	0.04996	0.01450	0.04245	0.01841	0.15692	0.01773	0.08104	0.04299	0.00306	0.06640	0.00933	0.00413	0.00782
2	0.01209	0.00836	0.00990	0.00911	0.01141	0.00799	0.00693	0.07750	0.05130	0.07869	0.31579	0.13633	0.22094	0.01405	0.00760	0.00218	0.00393	0.01211	0.00679	0.00698
3	0.01336	0.00935	0.01130	0.01106	0.01362	0.00946	0.00909	0.04516	0.15223	0.08769	0.09600	0.05337	0.16758	0.01438	0.00794	0.00251	0.00512	0.27679	0.00651	0.00749
4	0.30222	0.01607	0.01588	0.01257	0.01745	0.01780	0.01037	0.42724	0.02308	0.03621	0.01325	0.01389	0.00969	0.00711	0.00561	0.00194	0.00636	0.00499	0.00556	0.05270
5	0.00881	0.00635	0.00860	0.00929	0.01008	0.00656	0.00662	0.01041	0.01176	0.01622	0.02908	0.36203	0.06751	0.09347	0.28660	0.00590	0.00918	0.01286	0.03321	0.00547
6	0.01233	0.00904	0.01139	0.01192	0.01409	0.00933	0.01009	0.03837	0.13431	0.04294	0.03557	0.06152	0.09652	0.01587	0.00842	0.00276	0.00569	0.46652	0.00625	0.00706
7	0.76198	0.01263	0.01005	0.00886	0.01301	0.01442	0.00730	0.02021	0.01172	0.07708	0.01030	0.01149	0.00775	0.00625	0.00425	0.00204	0.00513	0.00377	0.00435	0.00741
8	0.00796	0.00645	0.00707	0.00739	0.00912	0.00556	0.00536	0.00962	0.01472	0.01824	0.11168	0.22917	0.50998	0.01736	0.00793	0.00232	0.00343	0.01488	0.00620	0.00556
9	0.01028	0.00740	0.00855	0.00846	0.01054	0.00677	0.00641	0.01339	0.06288	0.06762	0.15697	0.16431	0.37590	0.01579	0.00781	0.00231	0.00383	0.05795	0.00646	0.00637
10	0.01936	0.02223	0.01845	0.01641	0.01855	0.36379	0.01288	0.02319	0.10613	0.01748	0.01203	0.01488	0.01031	0.01013	0.03514	0.00248	0.27983	0.00530	0.00364	0.00778
11	0.01678	0.01409	0.01504	0.01347	0.01719	0.01615	0.01063	0.09514	0.60539	0.02829	0.02633	0.02712	0.02048	0.00946	0.00685	0.00226	0.00545	0.05303	0.00665	0.01020
12	0.00843	0.00661	0.00763	0.00755	0.00934	0.00580	0.00560	0.01063	0.01626	0.02120	0.33162	0.12158	0.39279	0.01572	0.00783	0.00220	0.00329	0.01352	0.00657	0.00580
13	0.01001	0.00739	0.00907	0.00925	0.01112	0.00697	0.00733	0.01338	0.05466	0.03877	0.24999	0.10581	0.24349	0.01574	0.00808	0.00242	0.00418	0.18956	0.00652	0.00628
14	0.02359	0.09623	0.02087	0.01546	0.01988	0.25137	0.01256	0.38437	0.02418	0.02946	0.01297	0.01396	0.00992	0.00752	0.00696	0.00188	0.04911	0.00514	0.00500	0.00957
15	0.00944	0.00693	0.00996	0.00996	0.01092	0.00789	0.00746	0.01136	0.01040	0.01482	0.01820	0.02900	0.01782	0.18031	0.61348	0.00982	0.01559	0.00751	0.00361	0.00553
16	0.00957	0.00638	0.00718	0.00718	0.00718	0.00638	0.00399	0.00957	0.00957	0.01276	0.02074	0.04308	0.02393	0.76864	0.03351	0.00638	0.00638	0.00957	0.00399	0.00399
17	0.01647	0.01965	0.07775	0.11622	0.17418	0.12101	0.33611	0.02113	0.01548	0.01992	0.01238	0.01633	0.00960	0.00596	0.00700	0.00208	0.01017	0.00644	0.00324	0.00888
18	0.00907	0.00704	0.00835	0.00861	0.01014	0.00665	0.00622	0.01250	0.07949	0.02067	0.23070	0.30551	0.23762	0.01650	0.00790	0.00234	0.00362	0.01448	0.00647	0.00611
19	0.02169	0.07422	0.03940	0.05826	0.07778	0.35780	0.02767	0.13444	0.01879	0.04618	0.01181	0.01385	0.00941	0.00723	0.00744	0.00191	0.07456	0.00499	0.00394	0.00864

[dist]
# distance from previous block
# <min> <max>
3	6

[block]
# block no. 5 follows, 33 sequences, length 6
# corresponding to MSA columns:
# 362-367
name=unknown_F
#
# <colnr> <probs for GDERKNQSTAVLIFYWHMCP>
#	G	D	E	R	K	N	Q	S	T	A	V	L	I	F	Y	W	H	M	C	P
0	0.00857	0.00647	0.00786	0.00862	0.00987	0.00592	0.00635	0.01027	0.01407	0.01804	0.09478	0.31131	0.27267	0.06937	0.00997	0.00279	0.00415	0.12734	0.00604	0.00551
1	0.01553	0.01577	0.02392	0.28006	0.32973	0.08180	0.06431	0.01933	0.01437	0.01896	0.01173	0.01628	0.00952	0.00660	0.00770	0.00210	0.06456	0.00583	0.00313	0.00876
2	0.01833	0.01478	0.01840	0.01505	0.01928	0.01611	0.09738	0.25615	0.27445	0.03049	0.02166	0.02517	0.01713	0.00887	0.00683	0.00216	0.00653	0.06688	0.07465	0.00973
3	0.00846	0.00667	0.00739	0.00774	0.00936	0.00594	0.00574	0.01003	0.01401	0.01722	0.05268	0.12567	0.46307	0.12830	0.01182	0.00299	0.00421	0.10753	0.00579	0.00538
4	0.01661	0.05505	0.08351	0.01638	0.10450	0.05523	0.01245	0.16147	0.18392	0.02720	0.16421	0.02574	0.04738	0.00900	0.00670	0.00203	0.00633	0.00746	0.00560	0.00923
5	0.01703	0.01604	0.01396	0.01290	0.01568	0.19405	0.00993	0.10858	0.18377	0.02298	0.02172	0.10536	0.01981	0.03999	0.05706	0.00283	0.00774	0.06809	0.07448	0.00798

[dist]
# distance from previous block
# <min> <max>
0	8

[block]
# block no. 6 follows, 33 sequences, length 20
# corresponding to MSA columns:
# 376-395
name=unknown_G
#
# <colnr> <probs for GDERKNQSTAVLIFYWHMCP>
#	G	D	E	R	K	N	Q	S	T	A	V	L	I	F	Y	W	H	M	C	P
0	0.10530	0.06622	0.01512	0.01276	0.05812	0.01395	0.00954	0.18958	0.11187	0.02846	0.19627	0.05243	0.09358	0.01016	0.00661	0.00204	0.00525	0.00833	0.00595	0.00844
1	0.14219	0.05165	0.03558	0.04326	0.15950	0.14466	0.02559	0.04787	0.01540	0.05167	0.01792	0.13161	0.01740	0.00974	0.00650	0.00213	0.00733	0.07755	0.00443	0.00802
2	0.04942	0.01467	0.02626	0.02114	0.07364	0.01445	0.34438	0.04308	0.08873	0.08402	0.04195	0.04409	0.08095	0.00814	0.00777	0.00220	0.03346	0.00820	0.00466	0.00881
3	0.01533	0.01459	0.02115	0.30342	0.28641	0.06034	0.01704	0.04884	0.08020	0.02093	0.04064	0.01980	0.01317	0.00713	0.00663	0.00209	0.00795	0.02168	0.00381	0.00885
4	0.00921	0.00625	0.00734	0.00767	0.00781	0.00614	0.00455	0.00959	0.01059	0.01418	0.04998	0.20642	0.02976	0.57186	0.02689	0.00539	0.00568	0.01173	0.00459	0.00438
5	0.01740	0.00973	0.01210	0.01034	0.01354	0.00937	0.00814	0.04243	0.13290	0.25537	0.32836	0.03625	0.07398	0.01101	0.00719	0.00209	0.00439	0.00939	0.00737	0.00863
6	0.00957	0.00638	0.00718	0.00718	0.00718	0.00638	0.00399	0.00957	0.00957	0.01276	0.02074	0.04308	0.02393	0.76864	0.03351	0.00638	0.00638	0.00957	0.00399	0.00399
7	0.01056	0.00688	0.00875	0.00955	0.01070	0.00662	0.00679	0.01328	0.06350	0.07048	0.03485	0.55688	0.05908	0.01787	0.00794	0.00253	0.00410	0.05021	0.05319	0.00623
8	0.01887	0.42805	0.02700	0.09734	0.02094	0.22054	0.01232	0.04416	0.01560	0.01710	0.03673	0.01334	0.01060	0.00643	0.00518	0.00162	0.00842	0.00438	0.00328	0.00810
9	0.01504	0.01436	0.02445	0.27216	0.50564	0.01531	0.01958	0.01910	0.01440	0.01998	0.01216	0.01670	0.00989	0.00610	0.00654	0.00203	0.00813	0.00586	0.00315	0.00941
10	0.02188	0.07795	0.06594	0.04313	0.10155	0.13479	0.01383	0.30796	0.03575	0.07913	0.01437	0.01531	0.01067	0.00707	0.00620	0.00187	0.00799	0.00539	0.00504	0.04420
11	0.01358	0.01201	0.01480	0.01131	0.01574	0.01104	0.00915	0.01618	0.01278	0.02001	0.01139	0.01443	0.00987	0.00849	0.04606	0.00185	0.15675	0.00444	0.00368	0.60644
12	0.00794	0.00663	0.00692	0.00693	0.00901	0.00561	0.00517	0.00972	0.01526	0.01858	0.12922	0.09196	0.63141	0.01653	0.00781	0.00223	0.00333	0.01391	0.00622	0.00561
13	0.00929	0.00738	0.00953	0.01116	0.08385	0.00681	0.00699	0.01123	0.01472	0.01942	0.20541	0.20329	0.26504	0.10319	0.01077	0.00274	0.00421	0.01312	0.00584	0.00599
14	0.00810	0.00581	0.00781	0.00925	0.00968	0.00552	0.00624	0.00932	0.01249	0.01672	0.03519	0.72100	0.04195	0.02231	0.05149	0.00314	0.00463	0.01803	0.00596	0.00538
15	0.01091	0.00724	0.00988	0.01059	0.01212	0.00695	0.00863	0.01359	0.01579	0.06203	0.20996	0.18902	0.04382	0.01684	0.00849	0.00266	0.00488	0.35383	0.00649	0.00627
16	0.10891	0.01081	0.01367	0.01089	0.01523	0.00996	0.00888	0.05076	0.01842	0.50539	0.15059	0.02580	0.02347	0.00889	0.00656	0.00204	0.00515	0.00723	0.00750	0.00987
17	0.01111	0.00919	0.01517	0.04258	0.01696	0.00959	0.11849	0.01469	0.03188	0.01885	0.06871	0.04003	0.02459	0.04202	0.27906	0.00559	0.01091	0.20237	0.03165	0.00657
18	0.02205	0.01634	0.01741	0.01388	0.01846	0.01816	0.01129	0.50628	0.15934	0.03707	0.01848	0.01838	0.01348	0.00807	0.00640	0.00198	0.00642	0.00624	0.08972	0.01052
19	0.01909	0.06199	0.08616	0.15806	0.09863	0.10123	0.01485	0.14593	0.13637	0.08891	0.01604	0.01733	0.01188	0.00722	0.00636	0.00201	0.00786	0.00579	0.00476	0.00954

[dist]
# distance from previous block
# <min> <max>
0	1

[block]
# block no. 7 follows, 33 sequences, length 33
# corresponding to MSA columns:
# 397-429
name=unknown_H
#
# <colnr> <probs for GDERKNQSTAVLIFYWHMCP>
#	G	D	E	R	K	N	Q	S	T	A	V	L	I	F	Y	W	H	M	C	P
0	0.01370	0.01376	0.01866	0.50116	0.07954	0.10013	0.01613	0.01730	0.01379	0.01699	0.01539	0.04190	0.04923	0.00930	0.03417	0.00247	0.03924	0.00653	0.00329	0.00733
1	0.38635	0.08032	0.11743	0.01216	0.01669	0.15644	0.01115	0.02004	0.01314	0.02285	0.01074	0.01317	0.00878	0.01135	0.09227	0.00294	0.00872	0.00429	0.00359	0.00756
2	0.01320	0.03405	0.73453	0.01876	0.02849	0.01529	0.02432	0.02085	0.01390	0.02085	0.01181	0.01390	0.00834	0.00625	0.00625	0.00208	0.00973	0.00486	0.00278	0.00973
3	0.02140	0.01613	0.01792	0.01561	0.05746	0.01788	0.01192	0.35975	0.30108	0.07825	0.02062	0.01972	0.01501	0.00822	0.00663	0.00208	0.00637	0.00657	0.00655	0.01085
4	0.01724	0.07415	0.06444	0.07563	0.05965	0.01685	0.04435	0.20204	0.20538	0.02755	0.08130	0.04158	0.01827	0.00855	0.00712	0.00209	0.03191	0.00704	0.00538	0.00948
5	0.02122	0.10631	0.01950	0.01467	0.01821	0.30534	0.03920	0.06783	0.03829	0.12492	0.03805	0.04483	0.01411	0.04960	0.00888	0.00217	0.06801	0.00605	0.00456	0.00826
6	0.01440	0.16720	0.49750	0.01924	0.05265	0.01744	0.10228	0.02064	0.01404	0.01992	0.01152	0.01383	0.00863	0.00604	0.00607	0.00197	0.00933	0.00500	0.00287	0.00942
7	0.00799	0.00585	0.00752	0.00885	0.00947	0.00537	0.00597	0.00920	0.01291	0.01693	0.04013	0.67578	0.12962	0.02013	0.00832	0.00262	0.00376	0.01811	0.00611	0.00537
8	0.01352	0.01299	0.07615	0.01498	0.01893	0.01096	0.18856	0.07896	0.01604	0.06751	0.03130	0.16981	0.16963	0.05343	0.00906	0.00253	0.00677	0.04615	0.00518	0.00754
9	0.01972	0.09183	0.02901	0.02189	0.07255	0.17778	0.30708	0.07948	0.03729	0.07896	0.01377	0.01608	0.01043	0.00635	0.00672	0.00197	0.00974	0.00620	0.00404	0.00909
10	0.01554	0.01776	0.03885	0.02775	0.03441	0.01665	0.70366	0.02109	0.01554	0.02109	0.01332	0.01776	0.00999	0.00555	0.00777	0.00222	0.01110	0.00777	0.00333	0.00888
11	0.00802	0.00573	0.00764	0.00917	0.00955	0.00535	0.00611	0.00917	0.01260	0.01681	0.03628	0.76434	0.04354	0.02062	0.00840	0.00267	0.00382	0.01872	0.00611	0.00535
12	0.01734	0.71116	0.03334	0.01175	0.01693	0.02557	0.01152	0.01940	0.01311	0.01552	0.00911	0.01087	0.00846	0.00611	0.00563	0.00153	0.06778	0.00370	0.00282	0.00835
13	0.00903	0.00617	0.00739	0.00790	0.00808	0.00602	0.00479	0.00953	0.01092	0.01461	0.04974	0.29110	0.03196	0.48623	0.02402	0.00496	0.00539	0.01279	0.00483	0.00453
14	0.00817	0.00585	0.00778	0.00906	0.00958	0.00545	0.00612	0.00955	0.01332	0.01794	0.11779	0.67959	0.04574	0.01978	0.00833	0.00260	0.00373	0.01791	0.00625	0.00545
15	0.01088	0.00922	0.01340	0.01256	0.01338	0.01175	0.01005	0.01296	0.01043	0.01545	0.01498	0.02249	0.01415	0.03822	0.53011	0.00831	0.23538	0.00667	0.00334	0.00627
16	0.02503	0.01844	0.01976	0.01515	0.02042	0.02042	0.01251	0.70562	0.03095	0.04149	0.01581	0.01581	0.01120	0.00790	0.00659	0.00198	0.00724	0.00593	0.00659	0.01120
17	0.00962	0.00730	0.01069	0.01058	0.01161	0.00856	0.00814	0.01174	0.01048	0.01510	0.01752	0.02679	0.01675	0.10613	0.65590	0.00993	0.04664	0.00721	0.00354	0.00578
18	0.00813	0.00611	0.00743	0.00829	0.00928	0.00552	0.00570	0.00953	0.01364	0.01768	0.10002	0.47278	0.23923	0.05304	0.00932	0.00266	0.00374	0.01637	0.00611	0.00542
19	0.00812	0.00625	0.00743	0.00804	0.00933	0.00556	0.00568	0.00976	0.01446	0.01862	0.15082	0.37902	0.31731	0.01799	0.00806	0.00240	0.00352	0.01578	0.00628	0.00556
20	0.02404	0.01749	0.01871	0.01445	0.01944	0.01932	0.01190	0.65254	0.02963	0.04019	0.01624	0.01648	0.01163	0.00788	0.00643	0.00194	0.00692	0.00594	0.06799	0.01081
21	0.02159	0.01656	0.01764	0.01418	0.01884	0.01844	0.01150	0.47415	0.22764	0.03617	0.02175	0.02093	0.05270	0.00868	0.00668	0.00206	0.00644	0.00680	0.00659	0.01066
22	0.00832	0.00611	0.00783	0.00881	0.00969	0.00562	0.00618	0.00995	0.01405	0.01866	0.15407	0.51858	0.13974	0.01879	0.00824	0.00253	0.00374	0.04725	0.00630	0.00555
23	0.02325	0.01868	0.01869	0.01495	0.01975	0.08108	0.01211	0.51320	0.16729	0.03653	0.01753	0.01723	0.01275	0.00801	0.00655	0.00200	0.00723	0.00609	0.00634	0.01074
24	0.01412	0.02267	0.32676	0.12499	0.02986	0.01496	0.19170	0.07466	0.01546	0.02160	0.01493	0.09016	0.01255	0.00769	0.00692	0.00218	0.00915	0.00720	0.00358	0.00885
25	0.01307	0.01235	0.02090	0.63473	0.15843	0.01479	0.01860	0.01738	0.01347	0.01760	0.01181	0.01734	0.00905	0.00646	0.00657	0.00215	0.00862	0.00585	0.00298	0.00783
26	0.01664	0.01930	0.03605	0.02689	0.05567	0.10260	0.59917	0.02167	0.01589	0.02051	0.01292	0.01701	0.00982	0.00571	0.00751	0.00215	0.01108	0.00729	0.00333	0.00878
27	0.00820	0.00594	0.00779	0.00915	0.00977	0.00553	0.00632	0.00956	0.01311	0.01733	0.05828	0.65176	0.09082	0.01999	0.00838	0.00265	0.00391	0.05993	0.00614	0.00543
28	0.01893	0.01736	0.01702	0.01663	0.09324	0.15751	0.01175	0.20721	0.17332	0.02693	0.05857	0.08979	0.01857	0.00929	0.00704	0.00206	0.02653	0.00747	0.03163	0.00914
29	0.01379	0.01309	0.02220	0.50188	0.28565	0.01498	0.01896	0.01801	0.01381	0.01847	0.01194	0.01711	0.00936	0.00633	0.00656	0.00211	0.00844	0.00586	0.00304	0.00841
30	0.00810	0.00585	0.00753	0.00883	0.00934	0.00543	0.00588	0.00922	0.01261	0.01663	0.03784	0.65979	0.09927	0.06793	0.00995	0.00287	0.00394	0.01773	0.00598	0.00528
31	0.00970	0.00652	0.00759	0.00777	0.00795	0.00652	0.00477	0.01006	0.01024	0.01359	0.02242	0.04678	0.02559	0.67971	0.03061	0.00599	0.00634	0.08941	0.00423	0.00423
32	0.06744	0.09155	0.06625	0.01569	0.02045	0.06059	0.10582	0.19441	0.10293	0.08249	0.01716	0.04881	0.01389	0.00834	0.00728	0.00210	0.04681	0.03358	0.00509	0.00932

[dist]
# distance from previous block
# <min> <max>
0	1

[block]
# block no. 8 follows, 33 sequences, length 46
# corresponding to MSA columns:
# 431-476
name=unknown_I
#
# <colnr> <probs for GDERKNQSTAVLIFYWHMCP>
#	G	D	E	R	K	N	Q	S	T	A	V	L	I	F	Y	W	H	M	C	P
0	0.01243	0.01170	0.01975	0.75282	0.04534	0.01463	0.01828	0.01682	0.01316	0.01682	0.01170	0.01755	0.00878	0.00658	0.00658	0.00219	0.00878	0.00585	0.00293	0.00731
1	0.01967	0.15063	0.25744	0.01612	0.02297	0.01887	0.05122	0.29078	0.02089	0.06963	0.01384	0.01478	0.01003	0.00687	0.00614	0.00193	0.00813	0.00531	0.00463	0.01013
2	0.02459	0.03138	0.01866	0.01696	0.02035	0.74221	0.01272	0.02629	0.01866	0.01611	0.01018	0.01187	0.00848	0.00678	0.00594	0.00170	0.01187	0.00424	0.00339	0.00763
3	0.00992	0.00678	0.00757	0.00750	0.00769	0.00689	0.00432	0.01087	0.04567	0.01352	0.02105	0.04213	0.02374	0.72980	0.03214	0.00617	0.00632	0.00946	0.00413	0.00432
4	0.01760	0.77260	0.03450	0.01126	0.01690	0.02605	0.01126	0.01971	0.01338	0.01549	0.00915	0.01056	0.00845	0.00563	0.00422	0.00141	0.00704	0.00352	0.00282	0.00845
5	0.00802	0.00573	0.00764	0.00917	0.00955	0.00535	0.00611	0.00917	0.01260	0.01681	0.03628	0.76434	0.04354	0.02062	0.00840	0.00267	0.00382	0.01872	0.00611	0.00535
6	0.01296	0.01273	0.02299	0.62976	0.04349	0.01497	0.13461	0.01754	0.01357	0.01754	0.01198	0.01759	0.00898	0.00641	0.00678	0.00220	0.00917	0.00618	0.00299	0.00758
7	0.02158	0.02390	0.01912	0.01661	0.01941	0.39521	0.01307	0.13954	0.04304	0.02077	0.01130	0.01369	0.00940	0.00835	0.01038	0.00209	0.21536	0.00506	0.00391	0.00822
8	0.00987	0.00717	0.00917	0.00896	0.00933	0.00795	0.00606	0.01070	0.00992	0.01377	0.01890	0.03567	0.02051	0.49094	0.25251	0.00743	0.06404	0.00852	0.00377	0.00481
9	0.00820	0.00582	0.00767	0.00908	0.00946	0.00548	0.00605	0.00930	0.01242	0.01655	0.03502	0.69131	0.04186	0.07973	0.01040	0.00298	0.00407	0.03338	0.00594	0.00526
10	0.01566	0.02539	0.36928	0.01637	0.02299	0.08056	0.01756	0.05266	0.25336	0.02346	0.01783	0.01982	0.01363	0.00775	0.00650	0.00213	0.00814	0.03277	0.00445	0.00969
11	0.04402	0.14387	0.08776	0.01243	0.01683	0.05715	0.01117	0.07792	0.07888	0.11523	0.11908	0.02155	0.01933	0.01180	0.07245	0.00265	0.03391	0.00629	0.00503	0.06264
12	0.01718	0.08122	0.01632	0.01274	0.01641	0.01584	0.01012	0.15210	0.38020	0.05528	0.02478	0.14717	0.02125	0.01040	0.00674	0.00218	0.00553	0.00869	0.00629	0.00956
13	0.01721	0.70655	0.09710	0.01194	0.01793	0.02509	0.01243	0.01981	0.01342	0.01597	0.00939	0.01086	0.00844	0.00569	0.00441	0.00147	0.00728	0.00364	0.00281	0.00856
14	0.01043	0.00834	0.01251	0.01063	0.01195	0.00805	0.12283	0.01152	0.01107	0.01463	0.02359	0.04060	0.08426	0.57188	0.02684	0.00530	0.00691	0.00965	0.00407	0.00496
15	0.01470	0.15828	0.35056	0.01875	0.02554	0.01822	0.14850	0.02035	0.03394	0.01938	0.01158	0.01442	0.00906	0.00688	0.00851	0.00211	0.12184	0.00539	0.00302	0.00898
16	0.02139	0.02415	0.01687	0.01536	0.01860	0.46747	0.01175	0.11177	0.07419	0.02062	0.01652	0.08650	0.01525	0.00925	0.00655	0.00197	0.00956	0.05973	0.00452	0.00798
17	0.00800	0.00580	0.00756	0.00897	0.00950	0.00536	0.00602	0.00919	0.01279	0.01688	0.03869	0.70890	0.09743	0.02031	0.00835	0.00264	0.00378	0.01833	0.00611	0.00536
18	0.01895	0.29792	0.02646	0.07358	0.10788	0.21563	0.04625	0.04840	0.04315	0.01825	0.01114	0.01339	0.00937	0.00649	0.00619	0.00176	0.03858	0.00471	0.00336	0.00854
19	0.01495	0.04761	0.24378	0.05910	0.10793	0.01620	0.15674	0.08112	0.01529	0.02154	0.01401	0.07462	0.01202	0.00797	0.00854	0.00221	0.09695	0.00687	0.00358	0.00896
20	0.00789	0.00625	0.00710	0.00778	0.00918	0.00546	0.00549	0.00932	0.01394	0.01735	0.05319	0.37453	0.42244	0.01843	0.00806	0.00242	0.00355	0.01603	0.00611	0.00546
21	0.01227	0.00614	0.00614	0.00614	0.00767	0.00614	0.00460	0.01534	0.01381	0.02454	0.02148	0.02454	0.01687	0.00767	0.00460	0.00153	0.00307	0.00614	0.80518	0.00614
22	0.01821	0.17256	0.08329	0.08974	0.08647	0.01901	0.07273	0.24589	0.01928	0.02574	0.01359	0.04157	0.01112	0.00839	0.02413	0.00218	0.04652	0.00596	0.00429	0.00933
23	0.01661	0.01186	0.01393	0.01232	0.01515	0.03964	0.03354	0.23634	0.01981	0.09521	0.06201	0.34349	0.02877	0.01383	0.00751	0.00231	0.00568	0.02760	0.00632	0.00807
24	0.00846	0.00649	0.00767	0.00826	0.00965	0.00586	0.00607	0.01016	0.01429	0.01818	0.10953	0.26850	0.33302	0.06711	0.00982	0.00272	0.00400	0.09864	0.00607	0.00551
25	0.01933	0.01116	0.01251	0.01066	0.01401	0.03108	0.00847	0.11555	0.12558	0.21606	0.02209	0.02257	0.01618	0.01173	0.07177	0.00265	0.00618	0.00647	0.26710	0.00885
26	0.04033	0.16483	0.09175	0.01478	0.01925	0.20139	0.03959	0.08445	0.13524	0.02119	0.01492	0.04077	0.01244	0.01051	0.05839	0.00252	0.02916	0.00570	0.00417	0.00861
27	0.20471	0.01688	0.05836	0.18844	0.15906	0.08053	0.13191	0.04728	0.01468	0.02255	0.01154	0.01497	0.00895	0.00622	0.00611	0.00206	0.00839	0.00545	0.00351	0.00842
28	0.01121	0.00872	0.01151	0.01129	0.03600	0.00840	0.04010	0.04031	0.05402	0.01832	0.02504	0.25234	0.02743	0.25015	0.01562	0.00356	0.00564	0.07119	0.00500	0.10412
29	0.01224	0.01118	0.01472	0.10265	0.08161	0.06829	0.01129	0.01460	0.01176	0.01594	0.01497	0.02295	0.01402	0.09620	0.37316	0.00672	0.11108	0.00664	0.00338	0.00660
30	0.01235	0.01041	0.01220	0.00942	0.01417	0.00801	0.00733	0.01491	0.01360	0.02047	0.01971	0.12947	0.07135	0.00816	0.00563	0.00133	0.00460	0.00690	0.00440	0.62558
31	0.14324	0.34828	0.18077	0.01307	0.01914	0.02048	0.01352	0.08832	0.07851	0.02252	0.01199	0.01309	0.00954	0.00637	0.00510	0.00179	0.00718	0.00441	0.00373	0.00897
32	0.00968	0.00616	0.00813	0.00862	0.00901	0.00601	0.00570	0.01003	0.02833	0.01567	0.09726	0.31008	0.03150	0.16351	0.01831	0.24567	0.00484	0.01208	0.00486	0.00455
33	0.03096	0.00784	0.00927	0.00937	0.01069	0.00796	0.00668	0.03923	0.06972	0.01860	0.05134	0.30713	0.12851	0.14506	0.03032	0.03486	0.02682	0.03525	0.00546	0.02492
34	0.01154	0.00737	0.00926	0.00954	0.01079	0.00709	0.00667	0.06651	0.01458	0.08354	0.06023	0.50842	0.05584	0.10275	0.01090	0.00294	0.00450	0.01517	0.00614	0.00623
35	0.43311	0.02072	0.01410	0.01253	0.01642	0.30924	0.00981	0.07644	0.01578	0.02506	0.01010	0.01157	0.00800	0.00652	0.00503	0.00189	0.00800	0.00402	0.00400	0.00765
36	0.02724	0.01489	0.01756	0.01346	0.01864	0.01514	0.01112	0.37505	0.02501	0.38045	0.02080	0.01905	0.01370	0.00802	0.00660	0.00201	0.00644	0.00627	0.00735	0.01120
37	0.00800	0.00581	0.00755	0.00894	0.00949	0.00537	0.00601	0.00919	0.01282	0.01689	0.03900	0.70165	0.10448	0.02027	0.00835	0.00263	0.00378	0.01828	0.00611	0.00537
38	0.01443	0.02082	0.21006	0.14787	0.03477	0.01597	0.41765	0.02031	0.01473	0.02031	0.01267	0.01676	0.00937	0.00590	0.00719	0.00218	0.01036	0.00672	0.00312	0.00883
39	0.01411	0.00827	0.00849	0.00782	0.00999	0.00870	0.00603	0.09672	0.07855	0.02677	0.02130	0.02354	0.01651	0.00781	0.00502	0.00165	0.00374	0.00623	0.64165	0.00710
40	0.00889	0.00689	0.00819	0.00929	0.01001	0.03163	0.00642	0.01027	0.01338	0.01749	0.08628	0.57504	0.08223	0.05506	0.00947	0.00276	0.00426	0.05096	0.00599	0.00547
41	0.01504	0.01267	0.01520	0.07891	0.04630	0.01247	0.01041	0.08351	0.20375	0.02463	0.05143	0.02202	0.01654	0.00752	0.00609	0.00171	0.00562	0.04040	0.00505	0.34075
42	0.00916	0.00649	0.00866	0.00990	0.01069	0.00628	0.00741	0.01092	0.01343	0.01781	0.06912	0.40533	0.04023	0.10786	0.01158	0.00320	0.00486	0.24568	0.00590	0.00548
43	0.01572	0.04402	0.02139	0.26762	0.25895	0.04311	0.01633	0.09996	0.04929	0.02168	0.01485	0.07578	0.01286	0.00779	0.00688	0.00209	0.02212	0.00680	0.00391	0.00884
44	0.01644	0.03684	0.02219	0.04082	0.34305	0.01597	0.01554	0.10670	0.01579	0.02268	0.01209	0.01555	0.01016	0.00797	0.02623	0.00214	0.13541	0.00548	0.00372	0.14526
45	0.02103	0.01712	0.02009	0.01924	0.13954	0.03719	0.01354	0.39745	0.11317	0.03259	0.01569	0.01670	0.01185	0.00787	0.00785	0.00204	0.07413	0.00597	0.00552	0.04141

[dist]
# distance from previous block
# <min> <max>
0	1

[block]
# block no. 9 follows, 33 sequences, length 14
# corresponding to MSA columns:
# 478-491
name=unknown_J
#
# <colnr> <probs for GDERKNQSTAVLIFYWHMCP>
#	G	D	E	R	K	N	Q	S	T	A	V	L	I	F	Y	W	H	M	C	P
0	0.01358	0.01308	0.07408	0.01480	0.09173	0.01226	0.01116	0.11044	0.12005	0.02438	0.16198	0.05376	0.13703	0.01432	0.07126	0.00289	0.05062	0.00894	0.00548	0.00815
1	0.01243	0.01170	0.01975	0.75282	0.04534	0.01463	0.01828	0.01682	0.01316	0.01682	0.01170	0.01755	0.00878	0.00658	0.00658	0.00219	0.00878	0.00585	0.00293	0.00731
2	0.05324	0.01681	0.02085	0.01791	0.05836	0.15528	0.17606	0.05196	0.10523	0.12313	0.01974	0.13611	0.01715	0.00912	0.00694	0.00213	0.00797	0.00825	0.00506	0.00871
3	0.01777	0.01424	0.02399	0.20430	0.28128	0.01470	0.11618	0.04253	0.05341	0.14258	0.01555	0.01828	0.01151	0.00661	0.00674	0.00208	0.00799	0.00635	0.00431	0.00960
4	0.00838	0.00673	0.00754	0.00798	0.00960	0.00608	0.00573	0.01082	0.05155	0.01830	0.07982	0.31098	0.41786	0.01754	0.00794	0.00238	0.00360	0.01519	0.00619	0.00577
5	0.01626	0.01769	0.02243	0.01864	0.02011	0.14007	0.10717	0.01829	0.01225	0.01660	0.00953	0.01443	0.00880	0.00993	0.01712	0.00259	0.53178	0.00578	0.00303	0.00750
6	0.01860	0.10837	0.22064	0.04857	0.02276	0.11512	0.01557	0.18651	0.15280	0.02561	0.01510	0.01591	0.01132	0.00717	0.00616	0.00196	0.00822	0.00542	0.00453	0.00968
7	0.01362	0.00853	0.01074	0.00977	0.01235	0.00800	0.02847	0.01768	0.09551	0.15655	0.14853	0.18464	0.21871	0.01372	0.00742	0.00223	0.00427	0.01190	0.03997	0.00737
8	0.00978	0.00718	0.00952	0.01068	0.01221	0.00692	0.00895	0.01236	0.01499	0.01931	0.06737	0.14576	0.16181	0.01800	0.00873	0.00281	0.00522	0.46638	0.00612	0.00590
9	0.01233	0.00938	0.01129	0.01093	0.01256	0.00997	0.00812	0.16529	0.01673	0.02233	0.03238	0.46605	0.10006	0.01664	0.00904	0.00249	0.06732	0.01431	0.00595	0.00683
10	0.01834	0.01700	0.02622	0.08746	0.11145	0.06351	0.25164	0.13324	0.10810	0.06523	0.01556	0.01789	0.01165	0.00693	0.00750	0.00213	0.03548	0.00667	0.00451	0.00949
11	0.01665	0.01640	0.04571	0.01883	0.02305	0.08373	0.27059	0.06843	0.06729	0.06338	0.01695	0.08037	0.01433	0.01026	0.04154	0.00258	0.09252	0.00769	0.05127	0.00842
12	0.00910	0.00682	0.00874	0.00953	0.01051	0.00681	0.00672	0.01228	0.07968	0.01881	0.11466	0.50764	0.06354	0.02165	0.08731	0.00340	0.00534	0.01543	0.00602	0.00599
13	0.01312	0.03378	0.09547	0.08358	0.04592	0.04109	0.11269	0.05408	0.03702	0.03710	0.04772	0.20660	0.11249	0.01191	0.00737	0.00227	0.00682	0.03853	0.00487	0.00758

[dist]
# distance from previous block
# <min> <max>
0	10

[block]
# block no. 10 follows, 33 sequences, length 14
# corresponding to MSA columns:
# 502-515
name=unknown_K
#
# <colnr> <probs for GDERKNQSTAVLIFYWHMCP>
#	G	D	E	R	K	N	Q	S	T	A	V	L	I	F	Y	W	H	M	C	P
0	0.06389	0.34949	0.04373	0.01200	0.01689	0.03651	0.01084	0.13146	0.03378	0.13934	0.01528	0.04829	0.01259	0.02846	0.02906	0.00215	0.00705	0.00551	0.00468	0.00900
1	0.01404	0.01189	0.01080	0.01052	0.01248	0.14717	0.00764	0.04136	0.01558	0.08733	0.06660	0.31767	0.15168	0.06303	0.00915	0.00253	0.00570	0.01254	0.00573	0.00656
2	0.01553	0.03956	0.06618	0.05228	0.01955	0.01200	0.05436	0.04932	0.03429	0.08096	0.01368	0.01586	0.01078	0.00839	0.04587	0.00199	0.04698	0.00499	0.00418	0.42326
3	0.01428	0.01454	0.01861	0.50310	0.06932	0.13047	0.01594	0.01804	0.01471	0.01804	0.08451	0.01971	0.01430	0.00724	0.00655	0.00206	0.00853	0.00616	0.00349	0.03040
4	0.76523	0.01391	0.01024	0.00918	0.01321	0.06070	0.00748	0.01979	0.01167	0.02869	0.00923	0.01077	0.00721	0.00615	0.00419	0.00202	0.00552	0.00361	0.00403	0.00716
5	0.01611	0.01367	0.01784	0.01494	0.01896	0.01486	0.12119	0.02988	0.48402	0.05903	0.02636	0.02663	0.04992	0.00892	0.00689	0.00221	0.00602	0.02870	0.04420	0.00965
6	0.00804	0.00605	0.00745	0.00842	0.00939	0.00546	0.00581	0.00947	0.01367	0.01773	0.09162	0.52375	0.23114	0.01905	0.00819	0.00251	0.00364	0.01693	0.00619	0.00546
7	0.00802	0.00573	0.00764	0.00917	0.00955	0.00535	0.00611	0.00917	0.01260	0.01681	0.03628	0.76434	0.04354	0.02062	0.00840	0.00267	0.00382	0.01872	0.00611	0.00535
8	0.00940	0.00705	0.01058	0.01058	0.01176	0.00823	0.00823	0.01176	0.01058	0.01528	0.01763	0.02586	0.01646	0.04937	0.74255	0.01058	0.01763	0.00705	0.00353	0.00588
9	0.63642	0.01332	0.01116	0.00983	0.01393	0.01539	0.00800	0.06569	0.12558	0.02998	0.01242	0.01325	0.00947	0.00668	0.00466	0.00206	0.00525	0.00434	0.00466	0.00792
10	0.00830	0.00604	0.00773	0.00897	0.00965	0.00562	0.00620	0.00959	0.01292	0.01690	0.03895	0.57520	0.12643	0.06771	0.00998	0.00288	0.00411	0.07151	0.00597	0.00534
11	0.00806	0.00655	0.00715	0.00727	0.00913	0.00563	0.00535	0.00989	0.01525	0.01903	0.16803	0.15842	0.52386	0.01671	0.00786	0.00226	0.00337	0.01424	0.00630	0.00563
12	0.01012	0.00783	0.00940	0.00914	0.01100	0.00771	0.00690	0.01526	0.12913	0.02381	0.39711	0.13197	0.15513	0.01429	0.00773	0.00224	0.00370	0.04407	0.00679	0.00668
13	0.06054	0.01320	0.01608	0.01255	0.01738	0.01309	0.01033	0.23666	0.02165	0.43967	0.02154	0.02012	0.01435	0.01089	0.05827	0.00262	0.00693	0.00631	0.00717	0.01065

[dist]
# distance from previous block
# <min> <max>
3	6

[block]
# block no. 11 follows, 33 sequences, length 33
# corresponding to MSA columns:
# 522-554
name=unknown_L
#
# <colnr> <probs for GDERKNQSTAVLIFYWHMCP>
#	G	D	E	R	K	N	Q	S	T	A	V	L	I	F	Y	W	H	M	C	P
0	0.01495	0.01460	0.02580	0.27073	0.42852	0.01542	0.09563	0.01920	0.01446	0.01994	0.01227	0.01687	0.00984	0.00606	0.00668	0.00206	0.00850	0.00607	0.00316	0.00924
1	0.00811	0.00580	0.00775	0.00927	0.00970	0.00543	0.00627	0.00933	0.01270	0.01691	0.03623	0.73945	0.04334	0.02054	0.00843	0.00269	0.00390	0.04268	0.00611	0.00537
2	0.03811	0.00703	0.00726	0.00707	0.00900	0.00685	0.00535	0.01458	0.05373	0.02333	0.13263	0.03793	0.21248	0.01091	0.00600	0.00185	0.00333	0.00901	0.40727	0.00626
3	0.02441	0.01732	0.01782	0.01400	0.01876	0.07197	0.01142	0.50185	0.02684	0.12911	0.01725	0.01719	0.01219	0.00783	0.00636	0.00192	0.00699	0.00591	0.08040	0.01046
4	0.00895	0.00667	0.00832	0.00800	0.00963	0.00604	0.00596	0.01168	0.01764	0.02425	0.56179	0.08308	0.19485	0.01442	0.00780	0.00213	0.00318	0.01260	0.00697	0.00604
5	0.00827	0.00603	0.00784	0.00909	0.00982	0.00559	0.00636	0.00973	0.01339	0.01767	0.07758	0.59654	0.11524	0.01962	0.00836	0.00262	0.00391	0.07069	0.00617	0.00547
6	0.01243	0.01170	0.01975	0.75282	0.04534	0.01463	0.01828	0.01682	0.01316	0.01682	0.01170	0.01755	0.00878	0.00658	0.00658	0.00219	0.00878	0.00585	0.00293	0.00731
7	0.01365	0.01170	0.01365	0.00975	0.01560	0.00878	0.00780	0.01658	0.01365	0.02145	0.01170	0.01365	0.00975	0.00488	0.00488	0.00098	0.00488	0.00390	0.00390	0.80888
8	0.01586	0.01446	0.02290	0.30334	0.34759	0.01608	0.01823	0.10541	0.01608	0.02200	0.01238	0.01661	0.00982	0.00667	0.00729	0.00209	0.04460	0.00586	0.00354	0.00920
9	0.61713	0.01580	0.01206	0.01051	0.01465	0.10747	0.00850	0.10538	0.01460	0.02932	0.01012	0.01148	0.00780	0.00642	0.00462	0.00199	0.00622	0.00394	0.00430	0.00770
10	0.01440	0.01440	0.02016	0.01728	0.01728	0.02016	0.01440	0.01584	0.01008	0.01584	0.00864	0.01440	0.00864	0.01152	0.02160	0.00288	0.75659	0.00576	0.00288	0.00720
11	0.01728	0.01459	0.01539	0.01358	0.01746	0.01680	0.01064	0.10498	0.64421	0.02900	0.02565	0.02365	0.01917	0.00882	0.00669	0.00221	0.00542	0.00728	0.00669	0.01050
12	0.00802	0.00573	0.00764	0.00917	0.00955	0.00535	0.00611	0.00917	0.01260	0.01681	0.03628	0.76434	0.04354	0.02062	0.00840	0.00267	0.00382	0.01872	0.00611	0.00535
13	0.01440	0.01440	0.02016	0.01728	0.01728	0.02016	0.01440	0.01584	0.01008	0.01584	0.00864	0.01440	0.00864	0.01152	0.02160	0.00288	0.75659	0.00576	0.00288	0.00720
14	0.01617	0.01396	0.01479	0.01312	0.01700	0.01580	0.01022	0.03360	0.66287	0.02708	0.02566	0.02374	0.01932	0.00863	0.00656	0.00214	0.00518	0.00718	0.00649	0.07048
15	0.01419	0.01194	0.01302	0.01216	0.01527	0.01333	0.00958	0.02782	0.49779	0.02541	0.08440	0.03704	0.09751	0.01130	0.00721	0.00233	0.00497	0.09913	0.00659	0.00902
16	0.01760	0.77260	0.03450	0.01126	0.01690	0.02605	0.01126	0.01971	0.01338	0.01549	0.00915	0.01056	0.00845	0.00563	0.00422	0.00141	0.00704	0.00352	0.00282	0.00845
17	0.00802	0.00573	0.00764	0.00917	0.00955	0.00535	0.00611	0.00917	0.01260	0.01681	0.03628	0.76434	0.04354	0.02062	0.00840	0.00267	0.00382	0.01872	0.00611	0.00535
