[name]
unknown

[dist]
# distance from previous block
# <min> <max>
0	38

[block]
# block no. 0 follows, 32 sequences, length 33
# corresponding to MSA columns:
# 40-72
name=unknown_A
#
# <colnr> <probs for GDERKNQSTAVLIFYWHMCP>
#	G	D	E	R	K	N	Q	S	T	A	V	L	I	F	Y	W	H	M	C	P
0	0.01277	0.01090	0.03194	0.02748	0.01531	0.00888	0.00882	0.03669	0.01506	0.02199	0.10766	0.03252	0.02320	0.06896	0.00859	0.00205	0.00539	0.13008	0.00486	0.42685
1	0.01713	0.01905	0.11016	0.21516	0.09395	0.12174	0.01613	0.14499	0.01776	0.02285	0.01574	0.04300	0.03377	0.00835	0.00772	0.00216	0.05817	0.02525	0.01826	0.00866
2	0.01774	0.11994	0.02214	0.01603	0.01793	0.02057	0.01361	0.10557	0.01418	0.07579	0.01122	0.01496	0.00973	0.01016	0.01638	0.00254	0.49366	0.00564	0.00384	0.00836
3	0.01580	0.01161	0.01381	0.01030	0.01569	0.00932	0.00823	0.01971	0.05663	0.11292	0.07074	0.01859	0.01565	0.00634	0.00554	0.00130	0.00494	0.00519	0.00497	0.59272
4	0.02633	0.01322	0.01957	0.07300	0.02219	0.01252	0.09902	0.11208	0.01983	0.49600	0.02239	0.02101	0.01454	0.00781	0.00689	0.00211	0.00689	0.00675	0.00706	0.01080
5	0.02132	0.08656	0.09395	0.01574	0.01997	0.45432	0.01323	0.07723	0.01907	0.02027	0.10163	0.01740	0.01584	0.00773	0.00624	0.00182	0.00996	0.00547	0.00411	0.00817
6	0.01142	0.01008	0.01579	0.01390	0.01640	0.00999	0.15041	0.01697	0.14294	0.02079	0.08020	0.39092	0.06210	0.01495	0.00804	0.00248	0.00562	0.01394	0.00583	0.00722
7	0.00813	0.00681	0.00708	0.00701	0.00919	0.00575	0.00526	0.01002	0.01577	0.01925	0.15131	0.06272	0.63558	0.01657	0.00793	0.00225	0.00337	0.01390	0.00638	0.00575
8	0.01251	0.00625	0.00625	0.00625	0.00782	0.00625	0.00469	0.01563	0.01407	0.02502	0.02189	0.02502	0.01720	0.00782	0.00469	0.00156	0.00313	0.00625	0.80144	0.00625
9	0.02208	0.01867	0.11019	0.01623	0.04021	0.01732	0.04190	0.32239	0.17453	0.13688	0.01937	0.01890	0.01372	0.00795	0.00675	0.00210	0.00718	0.00642	0.00625	0.01093
10	0.00845	0.00604	0.00810	0.00966	0.01017	0.00569	0.00671	0.00982	0.01312	0.01744	0.03683	0.68773	0.04377	0.02076	0.00864	0.00276	0.00413	0.08841	0.00622	0.00553
11	0.01629	0.00990	0.01029	0.00893	0.01160	0.01049	0.00704	0.21477	0.01916	0.03004	0.02021	0.02242	0.01551	0.00789	0.00528	0.00169	0.00437	0.00619	0.57017	0.00775
12	0.01551	0.01636	0.07268	0.32715	0.26140	0.05333	0.05945	0.02034	0.03705	0.03960	0.01303	0.01723	0.01011	0.00661	0.00699	0.00213	0.02265	0.00600	0.00341	0.00899
13	0.01307	0.01322	0.02517	0.02103	0.06546	0.01332	0.32386	0.01654	0.01409	0.01935	0.02119	0.26570	0.02205	0.01186	0.00989	0.00250	0.10335	0.02632	0.00434	0.00766
14	0.01138	0.00690	0.00797	0.00769	0.00810	0.00677	0.00453	0.01158	0.01051	0.06979	0.02157	0.04223	0.02378	0.70408	0.03197	0.00615	0.00644	0.00952	0.00440	0.00465
15	0.00966	0.00691	0.00935	0.00935	0.01006	0.00761	0.00661	0.01106	0.01036	0.01452	0.01928	0.03360	0.01992	0.34463	0.44759	0.00902	0.01324	0.00825	0.00379	0.00520
16	0.01594	0.05349	0.20737	0.01476	0.01910	0.05446	0.01448	0.04741	0.01492	0.10543	0.08865	0.02108	0.01692	0.01627	0.13960	0.00375	0.14717	0.00644	0.00432	0.00843
17	0.02194	0.02586	0.02139	0.02469	0.24512	0.47025	0.01523	0.04083	0.01797	0.01883	0.01191	0.03255	0.01025	0.00700	0.00632	0.00185	0.01046	0.00527	0.00356	0.00872
18	0.12367	0.08995	0.05733	0.01833	0.09381	0.47112	0.01353	0.02438	0.01694	0.01895	0.01048	0.01242	0.00867	0.00660	0.00574	0.00180	0.01025	0.00438	0.00345	0.00820
19	0.01166	0.00583	0.00874	0.00874	0.00874	0.00583	0.00583	0.00874	0.00874	0.01166	0.01166	0.02040	0.01166	0.02331	0.02622	0.80478	0.00583	0.00583	0.00291	0.00291
20	0.01148	0.00654	0.00728	0.00727	0.00887	0.00636	0.00558	0.01455	0.01539	0.02478	0.18829	0.03657	0.05872	0.01043	0.00594	0.00184	0.00339	0.06132	0.51916	0.00624
21	0.01336	0.01073	0.01196	0.01116	0.01393	0.01147	0.00843	0.02389	0.35895	0.02480	0.11631	0.18773	0.03008	0.01186	0.00703	0.00219	0.00453	0.01028	0.06953	0.07179
22	0.81159	0.01298	0.00986	0.00882	0.01298	0.01505	0.00727	0.01972	0.01142	0.03010	0.00934	0.01090	0.00727	0.00623	0.00415	0.00208	0.00519	0.00363	0.00415	0.00727
23	0.01739	0.01476	0.01557	0.01380	0.01771	0.01702	0.01079	0.08832	0.65641	0.02920	0.02642	0.02433	0.01976	0.00902	0.00682	0.00226	0.00547	0.00746	0.00682	0.01068
24	0.63250	0.01262	0.01117	0.00954	0.01393	0.01386	0.00786	0.02270	0.01320	0.18980	0.01327	0.01364	0.00941	0.00670	0.00475	0.00208	0.00531	0.00435	0.00510	0.00822
25	0.81159	0.01298	0.00986	0.00882	0.01298	0.01505	0.00727	0.01972	0.01142	0.03010	0.00934	0.01090	0.00727	0.00623	0.00415	0.00208	0.00519	0.00363	0.00415	0.00727
26	0.67053	0.01270	0.01089	0.00939	0.01373	0.01412	0.00774	0.02207	0.01282	0.15589	0.01243	0.01305	0.00895	0.00660	0.00462	0.00208	0.00528	0.00420	0.00490	0.00802
27	0.00848	0.00686	0.00763	0.00808	0.01001	0.00601	0.00625	0.01037	0.01505	0.01837	0.05869	0.14340	0.52208	0.01772	0.00824	0.00247	0.00396	0.13438	0.00622	0.00573
28	0.17084	0.01772	0.01824	0.01422	0.01936	0.01974	0.01174	0.57419	0.02783	0.04004	0.01486	0.01515	0.01064	0.00772	0.00624	0.00203	0.00698	0.00560	0.00624	0.01064
29	0.00832	0.00685	0.00734	0.00732	0.00944	0.00587	0.00556	0.01033	0.01593	0.01970	0.17674	0.06262	0.57826	0.01651	0.00799	0.00228	0.00348	0.04324	0.00642	0.00580
30	0.01539	0.01542	0.06109	0.16727	0.50478	0.01496	0.01919	0.01960	0.01478	0.02125	0.01320	0.01738	0.01073	0.00628	0.00649	0.00201	0.00787	0.00594	0.06671	0.00966
31	0.01820	0.34286	0.02828	0.01534	0.01922	0.02142	0.08466	0.02055	0.01347	0.10757	0.01180	0.01438	0.00987	0.00805	0.01086	0.00210	0.25394	0.00520	0.00364	0.00860
32	0.07891	0.15288	0.05619	0.01179	0.01719	0.01382	0.04626	0.05645	0.01563	0.05174	0.10267	0.01845	0.01661	0.00675	0.00556	0.00153	0.00592	0.00541	0.00446	0.33178

[dist]
# distance from previous block
# <min> <max>
0	9

[block]
# block no. 1 follows, 32 sequences, length 26
# corresponding to MSA columns:
# 82-107
name=unknown_B
#
# <colnr> <probs for GDERKNQSTAVLIFYWHMCP>
#	G	D	E	R	K	N	Q	S	T	A	V	L	I	F	Y	W	H	M	C	P
0	0.23195	0.09905	0.02064	0.05630	0.03749	0.23512	0.07486	0.03695	0.01486	0.02121	0.01035	0.01305	0.00856	0.00712	0.00769	0.00204	0.10653	0.00476	0.00355	0.00792
1	0.01354	0.01224	0.01514	0.04785	0.05072	0.06050	0.01112	0.01670	0.06514	0.03176	0.02059	0.13126	0.05478	0.05864	0.09798	0.00369	0.25191	0.00869	0.04064	0.00711
2	0.01310	0.00807	0.01021	0.00958	0.01193	0.00779	0.00737	0.01617	0.05325	0.14925	0.10150	0.11899	0.23610	0.02372	0.19660	0.00447	0.00773	0.01098	0.00607	0.00712
3	0.00959	0.00709	0.01029	0.01024	0.01136	0.00802	0.00779	0.01183	0.01144	0.01637	0.08259	0.03021	0.02177	0.11482	0.60377	0.00958	0.01552	0.00789	0.00399	0.00584
4	0.00841	0.00668	0.00743	0.00750	0.00926	0.00583	0.00545	0.01028	0.01552	0.01969	0.20715	0.14270	0.45448	0.05795	0.00945	0.00252	0.00358	0.01405	0.00637	0.00570
5	0.02601	0.01350	0.01632	0.01300	0.01788	0.01353	0.01058	0.15629	0.18878	0.43168	0.02477	0.02213	0.01659	0.00845	0.00676	0.00211	0.00592	0.00682	0.00765	0.01122
6	0.01391	0.01193	0.01391	0.00994	0.01590	0.00894	0.00795	0.01690	0.01391	0.02186	0.01193	0.01391	0.00994	0.00497	0.00497	0.00099	0.00497	0.00398	0.00398	0.80521
7	0.02551	0.01879	0.02014	0.01544	0.02081	0.02081	0.01275	0.69996	0.03155	0.04229	0.01611	0.01611	0.01141	0.00805	0.00671	0.00201	0.00738	0.00604	0.00671	0.01141
8	0.81159	0.01298	0.00986	0.00882	0.01298	0.01505	0.00727	0.01972	0.01142	0.03010	0.00934	0.01090	0.00727	0.00623	0.00415	0.00208	0.00519	0.00363	0.00415	0.00727
9	0.00921	0.00685	0.00857	0.00814	0.00985	0.00621	0.00610	0.01210	0.01831	0.02529	0.59894	0.05278	0.18417	0.01432	0.00792	0.00214	0.00321	0.01251	0.00717	0.00621
10	0.01522	0.02059	0.16427	0.02491	0.03220	0.01598	0.51068	0.02103	0.01535	0.02148	0.01314	0.01699	0.00985	0.00573	0.00736	0.00212	0.01047	0.00701	0.00334	0.08227
11	0.01661	0.01594	0.02724	0.04119	0.72233	0.01594	0.02059	0.02059	0.01528	0.02192	0.01262	0.01661	0.01063	0.00598	0.00664	0.00199	0.00797	0.00598	0.00332	0.01063
12	0.01346	0.03471	0.72942	0.01912	0.02904	0.01558	0.02479	0.02125	0.01417	0.02125	0.01204	0.01417	0.00850	0.00637	0.00637	0.00212	0.00992	0.00496	0.00283	0.00992
13	0.01252	0.01225	0.02332	0.04487	0.12547	0.01174	0.27573	0.01594	0.01438	0.01952	0.02357	0.34060	0.02509	0.01242	0.00797	0.00242	0.00752	0.01243	0.00460	0.00766
14	0.01040	0.00767	0.01013	0.01138	0.01280	0.00768	0.00928	0.01410	0.06721	0.01978	0.03677	0.25958	0.06952	0.01844	0.00883	0.00289	0.00536	0.41565	0.00624	0.00629
15	0.01527	0.06701	0.11634	0.08106	0.23924	0.01590	0.08002	0.02321	0.17559	0.02289	0.08055	0.02116	0.01715	0.00747	0.00674	0.00209	0.00751	0.00680	0.00439	0.00961
16	0.01416	0.01235	0.01554	0.03851	0.09189	0.00989	0.00966	0.01730	0.01404	0.02171	0.01200	0.01434	0.00998	0.00514	0.00521	0.00114	0.00542	0.00426	0.00387	0.69361
17	0.01688	0.13150	0.38427	0.01865	0.05713	0.05378	0.05697	0.12185	0.05478	0.02375	0.01312	0.01479	0.00979	0.00665	0.00624	0.00200	0.00901	0.00525	0.00371	0.00987
18	0.01701	0.52723	0.08507	0.01553	0.02139	0.02360	0.13907	0.02017	0.01386	0.01726	0.01027	0.01262	0.00891	0.00617	0.00629	0.00174	0.05752	0.00464	0.00297	0.00870
19	0.00866	0.00647	0.00816	0.00932	0.01042	0.00597	0.00689	0.01035	0.01400	0.01799	0.04450	0.44360	0.21358	0.01949	0.00855	0.00268	0.00424	0.15325	0.00622	0.00565
20	0.01019	0.00737	0.00901	0.00867	0.00920	0.00790	0.00585	0.01122	0.01162	0.01622	0.11181	0.04047	0.06570	0.44769	0.09766	0.00556	0.07530	0.00952	0.04396	0.00505
21	0.01170	0.00810	0.01134	0.01234	0.08790	0.00756	0.00814	0.01473	0.01804	0.07836	0.52723	0.10955	0.05232	0.01314	0.00775	0.00215	0.00395	0.01170	0.00691	0.00710
22	0.01004	0.00741	0.01052	0.05148	0.01399	0.00764	0.00928	0.01279	0.01470	0.01984	0.15274	0.16634	0.03825	0.02327	0.14290	0.00423	0.00761	0.29511	0.00575	0.00613
23	0.01875	0.46170	0.08578	0.01487	0.02049	0.16517	0.07577	0.02235	0.04675	0.01742	0.01096	0.01262	0.00929	0.00617	0.00526	0.00166	0.00866	0.00442	0.00321	0.00868
24	0.15478	0.01464	0.07758	0.03133	0.04900	0.04802	0.01103	0.08808	0.01611	0.08192	0.02314	0.09314	0.09235	0.01010	0.00695	0.00210	0.02899	0.05801	0.00505	0.10767
25	0.05365	0.18817	0.05814	0.03775	0.10298	0.08721	0.15426	0.02262	0.08870	0.05386	0.05726	0.01830	0.01430	0.00804	0.02495	0.00218	0.00844	0.00614	0.00411	0.00896

[dist]
# distance from previous block
# <min> <max>
5	16

[block]
# block no. 2 follows, 32 sequences, length 20
# corresponding to MSA columns:
# 127-146
name=unknown_C
#
# <colnr> <probs for GDERKNQSTAVLIFYWHMCP>
#	G	D	E	R	K	N	Q	S	T	A	V	L	I	F	Y	W	H	M	C	P
0	0.01670	0.01239	0.01452	0.01074	0.01641	0.01022	0.00862	0.05361	0.06798	0.11086	0.01510	0.01597	0.01163	0.00585	0.00542	0.00127	0.00520	0.00469	0.00486	0.60796
1	0.08808	0.04336	0.09763	0.02146	0.16552	0.04869	0.13939	0.05583	0.03231	0.07770	0.01369	0.01586	0.01047	0.00619	0.00622	0.00186	0.00788	0.00559	0.00411	0.15815
2	0.28478	0.01366	0.01373	0.08404	0.04589	0.09850	0.03269	0.03288	0.01409	0.02308	0.04916	0.13800	0.01820	0.03857	0.00715	0.00227	0.00650	0.02494	0.00448	0.06737
3	0.01117	0.00728	0.01021	0.01041	0.01157	0.00766	0.00769	0.01295	0.01243	0.08539	0.02671	0.34010	0.02854	0.05623	0.30453	0.00606	0.03736	0.01227	0.00517	0.00627
4	0.01616	0.01548	0.02642	0.12187	0.64516	0.01582	0.02037	0.02020	0.01507	0.02138	0.01254	0.01675	0.01044	0.00606	0.00665	0.00202	0.00808	0.00598	0.00328	0.01027
5	0.01288	0.01104	0.01268	0.00940	0.01472	0.00838	0.00746	0.01564	0.01415	0.02122	0.02161	0.02267	0.13255	0.00705	0.00548	0.00121	0.00470	0.00574	0.00437	0.66707
6	0.02551	0.01879	0.02014	0.01544	0.02081	0.02081	0.01275	0.69996	0.03155	0.04229	0.01611	0.01611	0.01141	0.00805	0.00671	0.00201	0.00738	0.00604	0.00671	0.01141
7	0.02626	0.25044	0.02176	0.01179	0.01716	0.01513	0.01037	0.02872	0.01745	0.50237	0.02106	0.01902	0.01408	0.00749	0.00598	0.00187	0.00617	0.00575	0.00659	0.01053
8	0.01251	0.00625	0.00625	0.00625	0.00782	0.00625	0.00469	0.01563	0.01407	0.02502	0.02189	0.02502	0.01720	0.00782	0.00469	0.00156	0.00313	0.00625	0.80144	0.00625
9	0.01866	0.01445	0.01559	0.01362	0.01767	0.01634	0.01071	0.08550	0.59176	0.09714	0.02638	0.02415	0.01942	0.00895	0.00681	0.00224	0.00551	0.00739	0.00696	0.01076
10	0.01549	0.01188	0.01408	0.01013	0.01602	0.00903	0.00814	0.01843	0.01443	0.09047	0.01334	0.01478	0.01059	0.00529	0.00514	0.00110	0.00504	0.00425	0.00440	0.72797
11	0.00818	0.00584	0.00779	0.00934	0.00973	0.00545	0.00623	0.00934	0.01285	0.01713	0.03698	0.75981	0.04438	0.02102	0.00856	0.00273	0.00389	0.01908	0.00623	0.00545
12	0.00976	0.00651	0.00732	0.00732	0.00732	0.00651	0.00407	0.00976	0.00976	0.01301	0.02114	0.04391	0.02439	0.76419	0.03415	0.00651	0.00651	0.00976	0.00407	0.00407
13	0.01077	0.00853	0.01084	0.01265	0.06760	0.02731	0.00845	0.04593	0.03360	0.02033	0.10234	0.46348	0.05722	0.01740	0.00820	0.00256	0.00480	0.08540	0.00607	0.00652
14	0.02389	0.01748	0.17377	0.01383	0.01986	0.01275	0.01335	0.11411	0.06366	0.40432	0.02404	0.02224	0.04871	0.00832	0.00672	0.00210	0.00672	0.00668	0.00669	0.01075
15	0.01197	0.00620	0.00644	0.00664	0.00806	0.00615	0.00488	0.01485	0.01392	0.02404	0.02376	0.11623	0.02057	0.00946	0.00517	0.00171	0.00322	0.00785	0.70273	0.00615
16	0.01051	0.00831	0.01157	0.01106	0.01174	0.01000	0.00835	0.01212	0.01043	0.01501	0.01721	0.02891	0.01738	0.22941	0.43093	0.00831	0.14179	0.00763	0.00360	0.00572
17	0.01603	0.04900	0.11477	0.20933	0.22549	0.04442	0.15719	0.06446	0.01592	0.02142	0.01258	0.01649	0.00974	0.00631	0.00677	0.00209	0.00923	0.00609	0.00340	0.00928
18	0.03600	0.01518	0.06538	0.07445	0.16211	0.03083	0.05750	0.02211	0.10673	0.10695	0.04367	0.03960	0.01537	0.03003	0.02969	0.00263	0.14127	0.00694	0.00456	0.00901
19	0.01372	0.01288	0.02167	0.34175	0.26773	0.01415	0.05288	0.01823	0.04234	0.01942	0.01627	0.11843	0.01485	0.00845	0.00701	0.00222	0.00791	0.00792	0.00371	0.00847

[dist]
# distance from previous block
# <min> <max>
0	2

[block]
# block no. 3 follows, 32 sequences, length 38
# corresponding to MSA columns:
# 149-186
name=unknown_D
#
# <colnr> <probs for GDERKNQSTAVLIFYWHMCP>
#	G	D	E	R	K	N	Q	S	T	A	V	L	I	F	Y	W	H	M	C	P
0	0.17143	0.16835	0.02115	0.01581	0.07295	0.22708	0.03946	0.09477	0.01678	0.03881	0.01204	0.01516	0.01020	0.06064	0.00756	0.00216	0.00840	0.00495	0.00397	0.00833
1	0.02490	0.01046	0.01367	0.01086	0.01523	0.00925	0.00884	0.04804	0.01883	0.53080	0.08792	0.02898	0.08614	0.00953	0.00681	0.00206	0.00515	0.00784	0.06461	0.01008
2	0.54921	0.01392	0.01345	0.01295	0.07727	0.01543	0.00950	0.11881	0.01544	0.10172	0.01234	0.01336	0.00911	0.00668	0.00500	0.00206	0.00580	0.00450	0.00487	0.00858
3	0.07190	0.01078	0.01393	0.01096	0.01557	0.00965	0.00898	0.02955	0.01804	0.58808	0.02485	0.02247	0.01616	0.00812	0.00631	0.00200	0.00531	0.00650	0.12039	0.01045
4	0.00889	0.00684	0.00813	0.00781	0.00965	0.00607	0.00585	0.01149	0.01756	0.02352	0.46745	0.05570	0.31677	0.01498	0.00792	0.00217	0.00326	0.01292	0.00694	0.00607
5	0.00806	0.00680	0.00698	0.00694	0.00914	0.00572	0.00520	0.00989	0.01561	0.01887	0.12283	0.06336	0.66429	0.01672	0.00793	0.00225	0.00338	0.01399	0.00633	0.00572
6	0.01468	0.01468	0.02055	0.01762	0.01762	0.02055	0.01468	0.01615	0.01028	0.01615	0.00881	0.01468	0.00881	0.01174	0.02202	0.00294	0.75191	0.00587	0.00294	0.00734
7	0.01669	0.01441	0.01517	0.01365	0.01745	0.01669	0.01062	0.03565	0.71021	0.02807	0.02731	0.02503	0.02048	0.00910	0.00683	0.00228	0.00531	0.00759	0.00683	0.01062
8	0.01468	0.01468	0.02055	0.01762	0.01762	0.02055	0.01468	0.01615	0.01028	0.01615	0.00881	0.01468	0.00881	0.01174	0.02202	0.00294	0.75191	0.00587	0.00294	0.00734
9	0.02551	0.01879	0.02014	0.01544	0.02081	0.02081	0.01275	0.69996	0.03155	0.04229	0.01611	0.01611	0.01141	0.00805	0.00671	0.00201	0.00738	0.00604	0.00671	0.01141
10	0.01452	0.01494	0.02912	0.02166	0.02684	0.01417	0.45101	0.07526	0.01669	0.02219	0.02463	0.12117	0.11638	0.00948	0.00790	0.00230	0.00888	0.01011	0.00445	0.00829
11	0.02232	0.02741	0.01942	0.01737	0.01992	0.54779	0.01342	0.02398	0.01670	0.01635	0.00996	0.01278	0.00869	0.00819	0.01027	0.00205	0.20767	0.00473	0.00332	0.00766
12	0.03010	0.01142	0.01557	0.01194	0.01713	0.00986	0.00986	0.03270	0.01920	0.72698	0.02647	0.02284	0.01661	0.00830	0.00675	0.00208	0.00571	0.00675	0.00830	0.01142
13	0.00990	0.05001	0.01035	0.00854	0.01039	0.00745	0.00656	0.01294	0.01851	0.02586	0.64762	0.04858	0.09144	0.01342	0.00771	0.00208	0.00340	0.01175	0.00708	0.00643
14	0.00967	0.00728	0.00918	0.01009	0.01144	0.00711	0.00768	0.01309	0.07315	0.01974	0.09287	0.36165	0.13648	0.01822	0.00847	0.00267	0.00450	0.19418	0.00636	0.00618
15	0.01395	0.00734	0.00790	0.00735	0.00945	0.00717	0.00564	0.04712	0.01575	0.08434	0.07584	0.02972	0.08231	0.00910	0.00547	0.00173	0.00356	0.00741	0.57196	0.00687
16	0.02491	0.01850	0.01980	0.01532	0.02058	0.02053	0.01261	0.65523	0.07725	0.04133	0.01686	0.01671	0.01202	0.00813	0.00672	0.00203	0.00724	0.00615	0.00672	0.01136
17	0.00968	0.00637	0.00857	0.00984	0.01063	0.00596	0.00696	0.01115	0.01350	0.05630	0.03624	0.63933	0.04218	0.02003	0.00855	0.00273	0.00426	0.09552	0.00634	0.00586
18	0.00821	0.00648	0.00736	0.00801	0.00948	0.00570	0.00575	0.00972	0.01423	0.01769	0.05363	0.32149	0.41792	0.04090	0.00901	0.00260	0.00380	0.04629	0.00616	0.00556
19	0.01005	0.00730	0.00935	0.00914	0.00952	0.00810	0.00618	0.01091	0.01012	0.01404	0.01927	0.03631	0.02089	0.48621	0.25428	0.00759	0.06332	0.00867	0.00384	0.00490
20	0.21212	0.37524	0.12341	0.01608	0.11757	0.02071	0.01357	0.02023	0.01340	0.02092	0.01017	0.01209	0.00855	0.00598	0.00488	0.00177	0.00718	0.00413	0.00324	0.00875
21	0.01864	0.37659	0.03023	0.03869	0.21649	0.09925	0.05905	0.02156	0.01507	0.05063	0.01149	0.01374	0.00966	0.00607	0.00555	0.00172	0.00818	0.00482	0.00335	0.00921
22	0.01348	0.02560	0.45851	0.01660	0.02379	0.01372	0.05725	0.06731	0.01594	0.02302	0.13136	0.02304	0.01930	0.07140	0.00908	0.00249	0.00840	0.00681	0.00401	0.00888
23	0.00967	0.00647	0.00734	0.00743	0.00746	0.00645	0.00419	0.00973	0.00993	0.01324	0.02204	0.08448	0.02553	0.72207	0.03270	0.00629	0.00636	0.01029	0.00419	0.00414
24	0.01540	0.01871	0.13603	0.37281	0.13598	0.08461	0.03933	0.05147	0.04382	0.02016	0.01277	0.01677	0.00971	0.00670	0.00662	0.00213	0.00911	0.00578	0.00339	0.00870
25	0.00793	0.00680	0.00680	0.00680	0.00906	0.00566	0.00510	0.00963	0.01529	0.01813	0.06797	0.06457	0.71961	0.01699	0.00793	0.00227	0.00340	0.01416	0.00623	0.00566
26	0.02596	0.01491	0.01872	0.01701	0.10689	0.01509	0.01233	0.28113	0.06112	0.34409	0.02090	0.01966	0.01413	0.00796	0.00673	0.00205	0.00660	0.00643	0.00700	0.01127
27	0.08907	0.09815	0.02003	0.01607	0.01927	0.49694	0.01261	0.02390	0.01650	0.01747	0.00994	0.01227	0.00855	0.00750	0.00821	0.00192	0.12606	0.00443	0.00338	0.00775
28	0.00865	0.00695	0.00780	0.00796	0.00999	0.00610	0.00621	0.01082	0.01595	0.01992	0.17319	0.06388	0.50061	0.01668	0.00814	0.00237	0.00380	0.11870	0.00642	0.00586
29	0.01346	0.03471	0.72942	0.01912	0.02904	0.01558	0.02479	0.02125	0.01417	0.02125	0.01204	0.01417	0.00850	0.00637	0.00637	0.00212	0.00992	0.00496	0.00283	0.00992
30	0.01615	0.01856	0.03891	0.02791	0.03459	0.04100	0.67511	0.02167	0.01594	0.02132	0.01347	0.01790	0.01013	0.00570	0.00786	0.00224	0.01134	0.00780	0.00340	0.00901
31	0.00802	0.00673	0.00697	0.00706	0.00916	0.00568	0.00524	0.00975	0.01530	0.01848	0.09695	0.11351	0.63996	0.01712	0.00797	0.00229	0.00342	0.01441	0.00629	0.00568
32	0.01661	0.01594	0.02724	0.04119	0.72233	0.01594	0.02059	0.02059	0.01528	0.02192	0.01262	0.01661	0.01063	0.00598	0.00664	0.00199	0.00797	0.00598	0.00332	0.01063
33	0.03010	0.01142	0.01557	0.01194	0.01713	0.00986	0.00986	0.03270	0.01920	0.72698	0.02647	0.02284	0.01661	0.00830	0.00675	0.00208	0.00571	0.00675	0.00830	0.01142
34	0.00839	0.00662	0.00763	0.00832	0.00991	0.00587	0.00620	0.01010	0.01456	0.01808	0.05413	0.28067	0.42144	0.01844	0.00830	0.00252	0.00392	0.10302	0.00622	0.00567
35	0.01391	0.01193	0.01391	0.00994	0.01590	0.00894	0.00795	0.01690	0.01391	0.02186	0.01193	0.01391	0.00994	0.00497	0.00497	0.00099	0.00497	0.00398	0.00398	0.80521
36	0.08000	0.01794	0.01952	0.01715	0.08687	0.04093	0.01281	0.53331	0.02758	0.03795	0.04855	0.01728	0.01343	0.00796	0.00656	0.00201	0.00723	0.00610	0.00614	0.01069
37	0.55989	0.10106	0.01458	0.01064	0.01476	0.06850	0.00888	0.04933	0.04257	0.02725	0.01043	0.01197	0.00833	0.00668	0.00538	0.00203	0.04179	0.00405	0.00412	0.00778

[dist]
# distance from previous block
# <min> <max>
0	7

[block]
# block no. 4 follows, 32 sequences, length 81
# corresponding to MSA columns:
# 194-230,232-275
name=unknown_E
#
# <colnr> <probs for GDERKNQSTAVLIFYWHMCP>
#	G	D	E	R	K	N	Q	S	T	A	V	L	I	F	Y	W	H	M	C	P
0	0.06678	0.08166	0.06375	0.03375	0.54455	0.01634	0.01839	0.02001	0.01457	0.02145	0.01250	0.01690	0.01078	0.04208	0.00758	0.00217	0.00776	0.00575	0.00334	0.00989
1	0.17867	0.14482	0.01891	0.01238	0.01675	0.04944	0.06276	0.06558	0.01512	0.03750	0.06400	0.06232	0.01551	0.00930	0.03242	0.00213	0.03723	0.00607	0.00435	0.16474
2	0.01121	0.00866	0.01083	0.05125	0.07394	0.00828	0.00827	0.01475	0.07536	0.06420	0.04771	0.17757	0.37803	0.01501	0.00773	0.00233	0.00455	0.02736	0.00599	0.00696
3	0.02490	0.02397	0.01772	0.01521	0.01931	0.43487	0.01176	0.09052	0.01960	0.17529	0.01484	0.01550	0.01105	0.00887	0.03436	0.00213	0.01002	0.00511	0.00487	0.06009
4	0.00818	0.00584	0.00779	0.00934	0.00973	0.00545	0.00623	0.00934	0.01285	0.01713	0.03698	0.75981	0.04438	0.02102	0.00856	0.00273	0.00389	0.01908	0.00623	0.00545
5	0.02071	0.01756	0.02187	0.12109	0.05870	0.06957	0.09887	0.38565	0.02393	0.03140	0.01623	0.07332	0.01320	0.00838	0.00695	0.00211	0.00819	0.00714	0.00534	0.00980
6	0.01263	0.01106	0.00971	0.00940	0.01009	0.13759	0.00603	0.01286	0.01140	0.01367	0.01835	0.03553	0.02023	0.53492	0.06821	0.06325	0.00811	0.00836	0.00385	0.00476
7	0.01209	0.06386	0.01542	0.01172	0.01364	0.01073	0.10330	0.04579	0.01331	0.01803	0.11655	0.03521	0.02504	0.38705	0.06769	0.00485	0.03640	0.00890	0.00441	0.00601
8	0.01748	0.69375	0.10565	0.01226	0.01842	0.02544	0.01283	0.02021	0.01369	0.01634	0.00960	0.01111	0.00860	0.00580	0.00452	0.00151	0.00745	0.00373	0.00287	0.00874
9	0.01681	0.01638	0.06074	0.01414	0.01831	0.04453	0.01161	0.03440	0.63918	0.02718	0.02568	0.02384	0.01926	0.00885	0.00677	0.00225	0.00587	0.00729	0.00644	0.01047
10	0.00849	0.00587	0.00768	0.00912	0.00959	0.00551	0.00612	0.00979	0.01293	0.01770	0.03590	0.70701	0.04243	0.02007	0.00829	0.00264	0.00384	0.01815	0.06337	0.00551
11	0.01418	0.01424	0.09072	0.19142	0.15473	0.02930	0.01457	0.03473	0.04618	0.05557	0.16185	0.02736	0.06655	0.00903	0.00735	0.00213	0.02846	0.00772	0.03558	0.00834
12	0.00803	0.00680	0.00694	0.00690	0.00912	0.00571	0.00518	0.00982	0.01553	0.01868	0.10936	0.06366	0.67788	0.01679	0.00793	0.00226	0.00338	0.01403	0.00630	0.00571
13	0.01391	0.01193	0.01391	0.00994	0.01590	0.00894	0.00795	0.01690	0.01391	0.02186	0.01193	0.01391	0.00994	0.00497	0.00497	0.00099	0.00497	0.00398	0.00398	0.80521
14	0.00799	0.00680	0.00689	0.00686	0.00910	0.00569	0.00515	0.00975	0.01545	0.01849	0.09459	0.06398	0.69277	0.01686	0.00793	0.00226	0.00339	0.01408	0.00628	0.00569
15	0.00799	0.00680	0.00688	0.00686	0.00910	0.00569	0.00514	0.00974	0.01543	0.01844	0.09135	0.06406	0.69604	0.01688	0.00793	0.00226	0.00339	0.01409	0.00627	0.00569
16	0.01521	0.32220	0.45732	0.01613	0.02441	0.01988	0.01957	0.02080	0.01396	0.01911	0.01098	0.01283	0.00854	0.00613	0.00556	0.00185	0.00884	0.00442	0.00285	0.00940
17	0.02506	0.03198	0.01901	0.01729	0.02074	0.73725	0.01296	0.02679	0.01901	0.01642	0.01037	0.01210	0.00864	0.00691	0.00605	0.00173	0.01210	0.00432	0.00346	0.00778
18	0.01643	0.01223	0.01758	0.04441	0.12084	0.01265	0.06500	0.02424	0.20927	0.12227	0.04235	0.03847	0.02375	0.01112	0.00763	0.00244	0.00655	0.20777	0.00594	0.00907
19	0.02305	0.04920	0.01614	0.01157	0.01695	0.06604	0.00946	0.02570	0.01694	0.37356	0.01895	0.01809	0.01311	0.00682	0.00591	0.00161	0.00599	0.00537	0.00605	0.30948
20	0.01402	0.01647	0.11838	0.01630	0.01793	0.01786	0.01453	0.01731	0.05527	0.01723	0.01197	0.01890	0.01144	0.10428	0.02036	0.00322	0.50737	0.00633	0.00331	0.00750
21	0.01346	0.03471	0.72942	0.01912	0.02904	0.01558	0.02479	0.02125	0.01417	0.02125	0.01204	0.01417	0.00850	0.00637	0.00637	0.00212	0.00992	0.00496	0.00283	0.00992
22	0.01565	0.29561	0.19676	0.01670	0.02231	0.04044	0.11160	0.01954	0.01350	0.01795	0.01119	0.01443	0.00946	0.01023	0.06419	0.00267	0.12102	0.00516	0.00302	0.00857
23	0.01581	0.33644	0.25003	0.01801	0.02518	0.02029	0.18762	0.02056	0.01433	0.01893	0.01185	0.03054	0.00978	0.00626	0.00595	0.00188	0.00899	0.00545	0.00307	0.00905
24	0.00818	0.00584	0.00779	0.00934	0.00973	0.00545	0.00623	0.00934	0.01285	0.01713	0.03698	0.75981	0.04438	0.02102	0.00856	0.00273	0.00389	0.01908	0.00623	0.00545
25	0.01199	0.01035	0.03773	0.03784	0.01528	0.00989	0.03558	0.01838	0.17425	0.04582	0.07630	0.13836	0.20269	0.01584	0.04253	0.00283	0.00579	0.10508	0.00602	0.00744
26	0.03822	0.49845	0.07219	0.01147	0.01749	0.02082	0.01125	0.01929	0.01368	0.01815	0.01020	0.01183	0.00892	0.00559	0.00461	0.00138	0.00670	0.00378	0.00320	0.22278
27	0.19149	0.20715	0.05888	0.01229	0.01775	0.01825	0.01112	0.19522	0.01862	0.13335	0.01397	0.01438	0.01033	0.00680	0.00541	0.00182	0.00657	0.00480	0.00502	0.06677
28	0.00834	0.00591	0.00774	0.00913	0.00948	0.00556	0.00600	0.00939	0.01252	0.01669	0.03531	0.68402	0.04226	0.09970	0.01127	0.00313	0.00417	0.01809	0.00600	0.00530
29	0.01372	0.01750	0.14500	0.01975	0.08946	0.05234	0.14084	0.01743	0.01414	0.01949	0.05234	0.13924	0.04755	0.01089	0.01050	0.00242	0.16247	0.03287	0.00405	0.00799
30	0.04479	0.09624	0.26235	0.10824	0.17520	0.04567	0.06410	0.02124	0.01483	0.06593	0.01339	0.01708	0.01043	0.00669	0.00638	0.00206	0.00876	0.02372	0.00351	0.00940
31	0.01616	0.00989	0.01179	0.01054	0.01372	0.00969	0.00836	0.02266	0.18536	0.19996	0.16866	0.04276	0.19016	0.01242	0.00748	0.00226	0.00464	0.06791	0.00711	0.00848
32	0.00960	0.00669	0.00785	0.00839	0.00910	0.00655	0.00556	0.01138	0.04244	0.01682	0.03210	0.28890	0.09878	0.31218	0.01826	0.00408	0.00499	0.04476	0.06632	0.00525
33	0.01855	0.05519	0.16802	0.07982	0.18538	0.04378	0.03602	0.10191	0.03111	0.12359	0.01631	0.03374	0.02519	0.00759	0.00733	0.00210	0.04389	0.00623	0.00446	0.00982
34	0.01664	0.11654	0.23501	0.11639	0.21157	0.04664	0.03759	0.04721	0.01536	0.05655	0.01261	0.01541	0.00972	0.00654	0.00672	0.00202	0.02907	0.00540	0.00346	0.00958
35	0.01138	0.00983	0.01211	0.01175	0.01302	0.07282	0.00913	0.01344	0.01139	0.01554	0.01642	0.02406	0.01530	0.04275	0.59544	0.04043	0.06877	0.00679	0.00351	0.00612
36	0.01391	0.01193	0.01391	0.00994	0.01590	0.00894	0.00795	0.01690	0.01391	0.02186	0.01193	0.01391	0.00994	0.00497	0.00497	0.00099	0.00497	0.00398	0.00398	0.80521
37	0.02051	0.13132	0.02114	0.01540	0.01838	0.20477	0.01266	0.04380	0.07859	0.11745	0.01366	0.01555	0.01097	0.00877	0.01128	0.00219	0.25526	0.00541	0.00428	0.00863
38	0.02252	0.01293	0.01508	0.01258	0.01691	0.01345	0.01006	0.07506	0.33680	0.31779	0.02591	0.02356	0.01810	0.00862	0.00665	0.00213	0.00547	0.00706	0.05861	0.01072
39	0.01345	0.00874	0.00990	0.00906	0.01137	0.00921	0.03330	0.02053	0.18359	0.02575	0.06925	0.02642	0.02079	0.00844	0.00555	0.00180	0.00398	0.00703	0.52441	0.00743
40	0.03010	0.01142	0.01557	0.01194	0.01713	0.00986	0.00986	0.03270	0.01920	0.72698	0.02647	0.02284	0.01661	0.00830	0.00675	0.00208	0.00571	0.00675	0.00830	0.01142
41	0.00934	0.00683	0.00877	0.00834	0.00994	0.00625	0.00623	0.01233	0.01853	0.02595	0.64901	0.07136	0.11366	0.01418	0.00793	0.00214	0.00320	0.01249	0.00726	0.00625
42	0.00799	0.00656	0.00704	0.00743	0.00923	0.00561	0.00538	0.00956	0.01468	0.01788	0.06022	0.23845	0.55074	0.01800	0.00809	0.00238	0.00352	0.01539	0.00623	0.00561
43	0.00950	0.00686	0.00897	0.00844	0.01002	0.00633	0.00633	0.01266	0.01899	0.02691	0.71879	0.05012	0.06331	0.01372	0.00791	0.00211	0.00317	0.01213	0.00739	0.00633
44	0.01301	0.01227	0.02074	0.68666	0.10494	0.01500	0.01880	0.01744	0.01358	0.01756	0.01199	0.01778	0.00909	0.00665	0.00670	0.00222	0.00886	0.00596	0.00301	0.00773
45	0.01267	0.01193	0.02013	0.74806	0.04621	0.01491	0.01863	0.01714	0.01342	0.01714	0.01193	0.01789	0.00894	0.00671	0.00671	0.00224	0.00894	0.00596	0.00298	0.00745
46	0.01468	0.01468	0.02055	0.01762	0.01762	0.02055	0.01468	0.01615	0.01028	0.01615	0.00881	0.01468	0.00881	0.01174	0.02202	0.00294	0.75191	0.00587	0.00294	0.00734
47	0.81159	0.01298	0.00986	0.00882	0.01298	0.01505	0.00727	0.01972	0.01142	0.03010	0.00934	0.01090	0.00727	0.00623	0.00415	0.00208	0.00519	0.00363	0.00415	0.00727
48	0.00809	0.00655	0.00720	0.00770	0.00940	0.00566	0.00559	0.00967	0.01459	0.01789	0.05802	0.26701	0.50348	0.01821	0.00815	0.00242	0.00362	0.03489	0.00623	0.00562
49	0.00972	0.00665	0.00806	0.00806	0.00832	0.00691	0.00499	0.01023	0.00998	0.01356	0.02046	0.04014	0.02276	0.61099	0.18511	0.00742	0.00897	0.00921	0.00396	0.00448
50	0.00945	0.00686	0.00891	0.00840	0.01000	0.00631	0.00630	0.01258	0.01889	0.02666	0.70054	0.05053	0.08172	0.01381	0.00791	0.00211	0.00317	0.01219	0.00735	0.00631
51	0.01166	0.00583	0.00874	0.00874	0.00874	0.00583	0.00583	0.00874	0.00874	0.01166	0.01166	0.02040	0.01166	0.02331	0.02622	0.80478	0.00583	0.00583	0.00291	0.00291
52	0.81159	0.01298	0.00986	0.00882	0.01298	0.01505	0.00727	0.01972	0.01142	0.03010	0.00934	0.01090	0.00727	0.00623	0.00415	0.00208	0.00519	0.00363	0.00415	0.00727
53	0.01581	0.04153	0.01529	0.01052	0.01639	0.01056	0.00855	0.06893	0.01551	0.06119	0.01292	0.01444	0.01036	0.00541	0.00517	0.00115	0.00527	0.00426	0.00437	0.67238
54	0.01812	0.04489	0.01671	0.01390	0.01797	0.03734	0.01100	0.12149	0.57554	0.02913	0.02468	0.02296	0.01851	0.00878	0.00669	0.00219	0.00584	0.00714	0.00657	0.01057
55	0.01189	0.00826	0.00936	0.00845	0.01132	0.00725	0.00649	0.01512	0.06034	0.10435	0.15871	0.07065	0.40577	0.01401	0.00748	0.00212	0.00391	0.01180	0.00650	0.07621
56	0.01799	0.38005	0.14503	0.01892	0.12042	0.04878	0.08659	0.02169	0.01481	0.07094	0.01199	0.01385	0.00964	0.00610	0.00560	0.00177	0.00825	0.00486	0.00341	0.00933
57	0.01635	0.01568	0.02678	0.08672	0.67878	0.01588	0.02047	0.02037	0.01516	0.02161	0.01258	0.01669	0.01052	0.00603	0.00665	0.00201	0.00803	0.00598	0.00330	0.01042
58	0.02790	0.01113	0.01482	0.01158	0.01640	0.00988	0.00949	0.03132	0.05176	0.63380	0.04134	0.02368	0.01785	0.00843	0.00665	0.00205	0.00547	0.00687	0.05865	0.01094
59	0.01661	0.01594	0.02724	0.04119	0.72233	0.01594	0.02059	0.02059	0.01528	0.02192	0.01262	0.01661	0.01063	0.00598	0.00664	0.00199	0.00797	0.00598	0.00332	0.01063
60	0.00853	0.00682	0.00762	0.00742	0.00943	0.00592	0.00557	0.01078	0.01670	0.02147	0.31573	0.05907	0.46977	0.01575	0.00792	0.00221	0.00331	0.01339	0.00667	0.00592
61	0.00978	0.00722	0.01000	0.00994	0.01070	0.00818	0.00724	0.01137	0.01053	0.01488	0.01926	0.05758	0.01977	0.26410	0.47069	0.00890	0.04225	0.00834	0.00381	0.00544
62	0.02208	0.02734	0.01751	0.01592	0.01895	0.58870	0.01203	0.02386	0.01813	0.01712	0.05349	0.01887	0.07336	0.00846	0.00733	0.00187	0.05790	0.00570	0.00388	0.00749
63	0.01346	0.03471	0.72942	0.01912	0.02904	0.01558	0.02479	0.02125	0.01417	0.02125	0.01204	0.01417	0.00850	0.00637	0.00637	0.00212	0.00992	0.00496	0.00283	0.00992
64	0.02842	0.01413	0.01725	0.01322	0.01848	0.01388	0.01092	0.27781	0.02374	0.47547	0.02267	0.02037	0.01470	0.00821	0.00673	0.00205	0.00632	0.00649	0.00772	0.01142
65	0.00797	0.00665	0.00695	0.00720	0.00917	0.00563	0.00527	0.00958	0.01491	0.01797	0.06313	0.17330	0.61401	0.01762	0.00803	0.00234	0.00348	0.01493	0.00623	0.00563
66	0.01794	0.76823	0.03516	0.01148	0.01722	0.02655	0.01148	0.02009	0.01363	0.01579	0.00933	0.01076	0.00861	0.00574	0.00431	0.00144	0.00718	0.00359	0.00287	0.00861
67	0.00959	0.00719	0.01078	0.01078	0.01198	0.00839	0.00839	0.01198	0.01078	0.01558	0.01797	0.02636	0.01677	0.05032	0.73760	0.01078	0.01797	0.00719	0.00359	0.00599
68	0.00818	0.00584	0.00779	0.00934	0.00973	0.00545	0.00623	0.00934	0.01285	0.01713	0.03698	0.75981	0.04438	0.02102	0.00856	0.00273	0.00389	0.01908	0.00623	0.00545
69	0.01011	0.00717	0.00976	0.01115	0.01227	0.00709	0.00907	0.01244	0.01426	0.01867	0.03431	0.22473	0.03838	0.09882	0.01177	0.00337	0.00570	0.45917	0.00596	0.00579
70	0.12298	0.03173	0.63068	0.01771	0.02684	0.01551	0.02239	0.02104	0.01379	0.02246	0.01167	0.01372	0.00833	0.00635	0.00607	0.00212	0.00927	0.00478	0.00301	0.00955
71	0.00957	0.00630	0.00839	0.00934	0.01018	0.00583	0.00644	0.01113	0.01416	0.05697	0.14433	0.60773	0.04588	0.01918	0.00836	0.00259	0.00388	0.01731	0.00652	0.00591
72	0.02959	0.01224	0.01608	0.01233	0.01754	0.01108	0.01018	0.10689	0.02058	0.65086	0.02532	0.02209	0.01603	0.00828	0.00674	0.00207	0.00590	0.00667	0.00813	0.01142
73	0.00924	0.00689	0.00815	0.00826	0.00992	0.00633	0.00614	0.01204	0.03638	0.02198	0.29302	0.17463	0.26694	0.01573	0.00785	0.00228	0.00357	0.04510	0.05949	0.00608
74	0.01621	0.01587	0.02786	0.08394	0.58181	0.01615	0.09219	0.02031	0.01505	0.02137	0.01255	0.01678	0.01041	0.00619	0.00732	0.00207	0.03431	0.00618	0.00329	0.01014
75	0.01070	0.00764	0.01068	0.01223	0.01372	0.00762	0.01061	0.01370	0.01533	0.01995	0.03559	0.10546	0.03887	0.01864	0.00924	0.00307	0.00608	0.64853	0.00618	0.00615
76	0.01311	0.04116	0.01856	0.16302	0.08089	0.01557	0.01387	0.01571	0.01168	0.01687	0.01261	0.01880	0.01138	0.02060	0.21458	0.00480	0.29174	0.00618	0.02157	0.00729
77	0.05844	0.01813	0.09005	0.07401	0.16567	0.03555	0.36639	0.02058	0.01526	0.02151	0.01423	0.02057	0.01166	0.00673	0.00729	0.00222	0.00976	0.04939	0.00353	0.00901
78	0.00853	0.00614	0.00817	0.00966	0.01029	0.00578	0.00682	0.00999	0.01330	0.01758	0.03799	0.63730	0.06993	0.02052	0.00864	0.00276	0.00419	0.11063	0.00622	0.00556
79	0.73897	0.01363	0.01052	0.00932	0.01350	0.04274	0.00763	0.02070	0.01213	0.06717	0.01031	0.01159	0.00782	0.00637	0.00437	0.00206	0.00549	0.00383	0.00435	0.00751
80	0.00850	0.00721	0.00859	0.00817	0.01037	0.00622	0.03538	0.01051	0.01557	0.01931	0.14614	0.12305	0.54432	0.01644	0.00798	0.00229	0.00376	0.01407	0.00626	0.00588

[dist]
# distance from previous block
# <min> <max>
0	19

# created by:
# /home/berkeley/.conda/envs/busco_data_prod/bin/msa2prfl.pl pipeline/OGs_align_augustus/4893/22637.fs
