[name]
unknown

[dist]
# distance from previous block
# <min> <max>
0	0

[block]
# block no. 0 follows, 34 sequences, length 205
# corresponding to MSA columns:
# 0-204
name=unknown_A
#
# <colnr> <probs for GDERKNQSTAVLIFYWHMCP>
#	G	D	E	R	K	N	Q	S	T	A	V	L	I	F	Y	W	H	M	C	P
0	0.01041	0.00744	0.01041	0.01190	0.01339	0.00744	0.01041	0.01339	0.01487	0.01934	0.03421	0.07288	0.03719	0.01785	0.00892	0.00297	0.00595	0.68913	0.00595	0.00595
1	0.02554	0.01604	0.01806	0.01390	0.01898	0.01705	0.01146	0.50701	0.04610	0.23040	0.01853	0.01752	0.01259	0.00785	0.00648	0.00196	0.00662	0.00604	0.00689	0.01097
2	0.01225	0.02600	0.51728	0.01631	0.03944	0.01329	0.01905	0.01894	0.04836	0.02078	0.08133	0.02298	0.09874	0.00823	0.00689	0.00209	0.02901	0.00660	0.00370	0.00874
3	0.01285	0.01145	0.02168	0.01733	0.02064	0.01098	0.30606	0.01592	0.01392	0.07037	0.02397	0.35822	0.02512	0.01262	0.00848	0.00240	0.04361	0.01232	0.00483	0.00723
4	0.00786	0.00569	0.00743	0.00882	0.00933	0.00526	0.00592	0.00902	0.01254	0.01656	0.03777	0.71759	0.09246	0.01996	0.00820	0.00259	0.00371	0.01803	0.00600	0.00526
5	0.01311	0.01230	0.02017	0.58431	0.15682	0.01465	0.01770	0.01835	0.06444	0.01803	0.01267	0.01752	0.00969	0.00651	0.00646	0.00212	0.00820	0.00586	0.00319	0.00791
6	0.01552	0.03768	0.07093	0.04693	0.16552	0.03837	0.48630	0.02053	0.01504	0.02037	0.01258	0.01660	0.00969	0.00561	0.00714	0.00209	0.01008	0.00686	0.00321	0.00896
7	0.01852	0.01306	0.01451	0.01266	0.01652	0.01441	0.00995	0.03307	0.55504	0.17300	0.04760	0.02441	0.02022	0.00874	0.00659	0.00215	0.00513	0.00727	0.00688	0.01026
8	0.00940	0.00626	0.00705	0.00705	0.00705	0.00626	0.00392	0.00940	0.00940	0.01253	0.02036	0.04228	0.02349	0.77292	0.03289	0.00626	0.00626	0.00940	0.00392	0.00392
9	0.02389	0.09356	0.09832	0.01224	0.01750	0.01218	0.01118	0.02824	0.07768	0.48645	0.03708	0.03980	0.01625	0.00802	0.00629	0.00197	0.00597	0.00647	0.00666	0.01023
10	0.02137	0.20988	0.02437	0.01705	0.04456	0.45069	0.08607	0.02363	0.01661	0.03466	0.01054	0.01236	0.00873	0.00626	0.00564	0.00167	0.01013	0.00447	0.00330	0.00800
11	0.02899	0.01100	0.01499	0.01150	0.01649	0.00950	0.00950	0.03149	0.01849	0.73709	0.02549	0.02199	0.01599	0.00800	0.00650	0.00200	0.00550	0.00650	0.00800	0.01100
12	0.01559	0.01548	0.04401	0.10089	0.65524	0.01526	0.01977	0.01956	0.01453	0.02070	0.01208	0.01604	0.01004	0.00583	0.00640	0.00194	0.00780	0.00573	0.00316	0.00995
13	0.01846	0.08088	0.02317	0.13511	0.29793	0.08276	0.05698	0.03749	0.01562	0.14413	0.01473	0.03887	0.01161	0.00677	0.00631	0.00194	0.00780	0.00603	0.00412	0.00927
14	0.01315	0.03211	0.68193	0.01914	0.02844	0.01512	0.08007	0.02048	0.01377	0.02048	0.01172	0.01395	0.00832	0.00608	0.00626	0.00206	0.00966	0.00501	0.00277	0.00948
15	0.49303	0.01952	0.01335	0.01254	0.03732	0.29207	0.00947	0.02160	0.01388	0.02376	0.00947	0.01110	0.00760	0.00624	0.00476	0.00187	0.00760	0.00382	0.00372	0.00728
16	0.01220	0.01148	0.01938	0.75739	0.04450	0.01436	0.01794	0.01651	0.01292	0.01651	0.01148	0.01723	0.00861	0.00646	0.00646	0.00215	0.00861	0.00574	0.00287	0.00718
17	0.02144	0.02487	0.01870	0.11145	0.05863	0.48502	0.01340	0.08368	0.06912	0.01912	0.01191	0.01387	0.00951	0.00694	0.00640	0.00183	0.02743	0.00485	0.00376	0.00808
18	0.02657	0.01063	0.01433	0.01120	0.01580	0.00934	0.00917	0.02959	0.03944	0.64293	0.09771	0.02475	0.02072	0.00855	0.00662	0.00201	0.00524	0.00705	0.00786	0.01047
19	0.00787	0.00562	0.00750	0.00900	0.00937	0.00525	0.00600	0.00900	0.01237	0.01649	0.03561	0.76871	0.04274	0.02024	0.00825	0.00262	0.00375	0.01837	0.00600	0.00525
20	0.00894	0.00657	0.00837	0.00797	0.00954	0.00600	0.00596	0.01178	0.01774	0.02472	0.63720	0.06726	0.13637	0.01374	0.00764	0.00206	0.00309	0.01207	0.00696	0.00600
21	0.01607	0.01388	0.01461	0.01315	0.01680	0.01607	0.01023	0.03433	0.72094	0.02703	0.02630	0.02411	0.01972	0.00877	0.00657	0.00219	0.00511	0.00731	0.00657	0.01023
22	0.00940	0.00626	0.00705	0.00705	0.00705	0.00626	0.00392	0.00940	0.00940	0.01253	0.02036	0.04228	0.02349	0.77292	0.03289	0.00626	0.00626	0.00940	0.00392	0.00392
23	0.01014	0.00728	0.01008	0.01152	0.01295	0.00722	0.00992	0.01294	0.01469	0.01907	0.03532	0.12288	0.05986	0.01797	0.00883	0.00292	0.00570	0.61889	0.00595	0.00588
24	0.01607	0.01388	0.01461	0.01315	0.01680	0.01607	0.01023	0.03433	0.72094	0.02703	0.02630	0.02411	0.01972	0.00877	0.00657	0.00219	0.00511	0.00731	0.00657	0.01023
25	0.02839	0.01086	0.01480	0.01139	0.01629	0.00939	0.00939	0.03091	0.01849	0.71558	0.04678	0.02279	0.01735	0.00815	0.00653	0.00200	0.00542	0.00665	0.00797	0.01085
26	0.81856	0.01250	0.00950	0.00850	0.01250	0.01449	0.00700	0.01899	0.01100	0.02899	0.00900	0.01050	0.00700	0.00600	0.00400	0.00200	0.00500	0.00350	0.00400	0.00700
27	0.00924	0.00688	0.01019	0.01019	0.01128	0.00797	0.00783	0.01141	0.01033	0.01486	0.01748	0.02637	0.01658	0.09066	0.70570	0.01014	0.01666	0.00707	0.00349	0.00566
28	0.01340	0.01148	0.01340	0.00957	0.01531	0.00861	0.00766	0.01627	0.01340	0.02105	0.01148	0.01340	0.00957	0.00479	0.00479	0.00096	0.00479	0.00383	0.00383	0.81242
29	0.01620	0.01384	0.01613	0.16898	0.02295	0.01615	0.01207	0.10521	0.49675	0.02634	0.02201	0.02172	0.01644	0.00817	0.00654	0.00216	0.00607	0.00681	0.00579	0.00967
30	0.00984	0.00676	0.00865	0.00835	0.01002	0.00616	0.00631	0.01249	0.01709	0.05789	0.50654	0.11875	0.14475	0.01428	0.00769	0.00215	0.00341	0.04587	0.00684	0.00616
31	0.01472	0.14447	0.49899	0.01991	0.12054	0.03261	0.02071	0.02063	0.01395	0.03969	0.01162	0.01364	0.00870	0.00606	0.00587	0.00192	0.00882	0.00474	0.00296	0.00944
32	0.01828	0.62796	0.08869	0.01170	0.01749	0.02285	0.01191	0.02085	0.01379	0.09931	0.01111	0.01198	0.00918	0.00586	0.00458	0.00151	0.00696	0.00391	0.00337	0.00871
33	0.01607	0.01388	0.01461	0.01315	0.01680	0.01607	0.01023	0.03433	0.72094	0.02703	0.02630	0.02411	0.01972	0.00877	0.00657	0.00219	0.00511	0.00731	0.00657	0.01023
34	0.00819	0.00657	0.00732	0.00713	0.00907	0.00569	0.00535	0.01035	0.01604	0.02058	0.31073	0.05704	0.48277	0.01520	0.00763	0.00213	0.00319	0.01292	0.00641	0.00569
35	0.01427	0.06799	0.01585	0.01055	0.01618	0.04663	0.02880	0.01709	0.01368	0.02036	0.01128	0.01321	0.00942	0.00495	0.00487	0.00106	0.00546	0.00393	0.00371	0.69072
36	0.00804	0.00665	0.00711	0.00726	0.00933	0.00572	0.00562	0.00990	0.01492	0.01809	0.09378	0.06278	0.61533	0.01639	0.00779	0.00227	0.00358	0.09385	0.00605	0.00554
37	0.00841	0.00601	0.00811	0.00961	0.01022	0.00571	0.00693	0.00993	0.01290	0.01710	0.03532	0.62158	0.04156	0.01974	0.00839	0.00270	0.00421	0.16019	0.00599	0.00540
38	0.01558	0.01500	0.02581	0.11403	0.64351	0.01527	0.03690	0.01951	0.01454	0.02062	0.01211	0.01616	0.01006	0.00582	0.00643	0.00195	0.00785	0.00580	0.00317	0.00988
39	0.79379	0.01245	0.00967	0.00859	0.01262	0.01434	0.00708	0.01939	0.01123	0.05121	0.00951	0.01086	0.00728	0.00606	0.00408	0.00200	0.00501	0.00359	0.00412	0.00712
40	0.00938	0.00631	0.00729	0.00729	0.00737	0.00640	0.00422	0.00955	0.00947	0.01271	0.02014	0.04106	0.02296	0.72051	0.08457	0.00656	0.00706	0.00922	0.00388	0.00405
41	0.01525	0.01743	0.03813	0.02723	0.03377	0.01634	0.70915	0.02070	0.01525	0.02070	0.01307	0.01743	0.00980	0.00545	0.00763	0.00218	0.01089	0.00763	0.00327	0.00871
42	0.01657	0.65490	0.14957	0.01226	0.01845	0.02383	0.01316	0.01953	0.01321	0.01606	0.00941	0.01090	0.00827	0.00563	0.00447	0.00149	0.00734	0.00367	0.00276	0.00850
43	0.81856	0.01250	0.00950	0.00850	0.01250	0.01449	0.00700	0.01899	0.01100	0.02899	0.00900	0.01050	0.00700	0.00600	0.00400	0.00200	0.00500	0.00350	0.00400	0.00700
44	0.81856	0.01250	0.00950	0.00850	0.01250	0.01449	0.00700	0.01899	0.01100	0.02899	0.00900	0.01050	0.00700	0.00600	0.00400	0.00200	0.00500	0.00350	0.00400	0.00700
45	0.01122	0.00765	0.00972	0.00878	0.01073	0.00727	0.00671	0.06369	0.01917	0.06131	0.64361	0.04463	0.05518	0.01256	0.00748	0.00202	0.00346	0.01101	0.00711	0.00669
46	0.07525	0.72151	0.03210	0.01087	0.01629	0.02477	0.01076	0.01932	0.01297	0.01620	0.00898	0.01037	0.00820	0.00556	0.00414	0.00143	0.00677	0.00346	0.00285	0.00820
47	0.00872	0.00659	0.00805	0.00768	0.00939	0.00592	0.00576	0.01137	0.01729	0.02354	0.54302	0.05217	0.24864	0.01409	0.00763	0.00207	0.00311	0.01223	0.00680	0.00592
48	0.00776	0.00655	0.00672	0.00668	0.00881	0.00551	0.00501	0.00952	0.01503	0.01817	0.12170	0.06100	0.67331	0.01610	0.00764	0.00217	0.00325	0.01347	0.00609	0.00551
49	0.01296	0.03342	0.73944	0.01842	0.02797	0.01501	0.02387	0.02046	0.01364	0.02046	0.01160	0.01364	0.00818	0.00614	0.00614	0.00205	0.00955	0.00477	0.00273	0.00955
50	0.00790	0.00568	0.00750	0.00890	0.00936	0.00528	0.00597	0.00910	0.01262	0.01681	0.05769	0.72561	0.06381	0.01991	0.00821	0.00259	0.00371	0.01802	0.00603	0.00528
51	0.81856	0.01250	0.00950	0.00850	0.01250	0.01449	0.00700	0.01899	0.01100	0.02899	0.00900	0.01050	0.00700	0.00600	0.00400	0.00200	0.00500	0.00350	0.00400	0.00700
52	0.00968	0.00691	0.00957	0.01106	0.01223	0.00681	0.00914	0.01212	0.01415	0.01852	0.03461	0.27320	0.03878	0.01854	0.00873	0.00287	0.00532	0.49603	0.00596	0.00575
53	0.01340	0.01148	0.01340	0.00957	0.01531	0.00861	0.00766	0.01627	0.01340	0.02105	0.01148	0.01340	0.00957	0.00479	0.00479	0.00096	0.00479	0.00383	0.00383	0.81242
54	0.00940	0.00626	0.00705	0.00705	0.00705	0.00626	0.00392	0.00940	0.00940	0.01253	0.02036	0.04228	0.02349	0.77292	0.03289	0.00626	0.00626	0.00940	0.00392	0.00392
55	0.02414	0.01789	0.01915	0.01478	0.01988	0.01984	0.01218	0.67756	0.06457	0.04004	0.01605	0.01594	0.01142	0.00781	0.00647	0.00195	0.00701	0.00589	0.00647	0.01095
56	0.01727	0.77681	0.03386	0.01106	0.01658	0.02557	0.01106	0.01935	0.01313	0.01520	0.00898	0.01036	0.00829	0.00553	0.00415	0.00138	0.00691	0.00345	0.00276	0.00829
57	0.01340	0.01148	0.01340	0.00957	0.01531	0.00861	0.00766	0.01627	0.01340	0.02105	0.01148	0.01340	0.00957	0.00479	0.00479	0.00096	0.00479	0.00383	0.00383	0.81242
58	0.00781	0.00643	0.00687	0.00703	0.00890	0.00549	0.00517	0.00951	0.01475	0.01813	0.12469	0.15665	0.57303	0.01659	0.00772	0.00223	0.00332	0.01409	0.00611	0.00549
59	0.02899	0.01100	0.01499	0.01150	0.01649	0.00950	0.00950	0.03149	0.01849	0.73709	0.02549	0.02199	0.01599	0.00800	0.00650	0.00200	0.00550	0.00650	0.00800	0.01100
60	0.01727	0.77681	0.03386	0.01106	0.01658	0.02557	0.01106	0.01935	0.01313	0.01520	0.00898	0.01036	0.00829	0.00553	0.00415	0.00138	0.00691	0.00345	0.00276	0.00829
61	0.81856	0.01250	0.00950	0.00850	0.01250	0.01449	0.00700	0.01899	0.01100	0.02899	0.00900	0.01050	0.00700	0.00600	0.00400	0.00200	0.00500	0.00350	0.00400	0.00700
62	0.01340	0.01148	0.01340	0.00957	0.01531	0.00861	0.00766	0.01627	0.01340	0.02105	0.01148	0.01340	0.00957	0.00479	0.00479	0.00096	0.00479	0.00383	0.00383	0.81242
63	0.01491	0.01266	0.01361	0.01231	0.01560	0.01440	0.00953	0.03062	0.60312	0.02684	0.14416	0.02816	0.02664	0.00951	0.00675	0.00216	0.00477	0.00804	0.00666	0.00953
64	0.00764	0.00655	0.00655	0.00655	0.00873	0.00545	0.00491	0.00927	0.01473	0.01745	0.06546	0.06218	0.73000	0.01636	0.00764	0.00218	0.00327	0.01364	0.00600	0.00545
65	0.01525	0.01743	0.03813	0.02723	0.03377	0.01634	0.70915	0.02070	0.01525	0.02070	0.01307	0.01743	0.00980	0.00545	0.00763	0.00218	0.01089	0.00763	0.00327	0.00871
66	0.01017	0.00870	0.03218	0.00998	0.01164	0.00863	0.00790	0.01420	0.07638	0.02263	0.42182	0.11507	0.06453	0.01638	0.07460	0.00293	0.07885	0.01084	0.00604	0.00651
67	0.02691	0.01434	0.01706	0.01308	0.01816	0.01446	0.01081	0.35137	0.02409	0.40931	0.02079	0.01894	0.01364	0.00788	0.00648	0.00197	0.00626	0.00618	0.00728	0.01099
68	0.02414	0.03079	0.01831	0.01665	0.01998	0.74698	0.01248	0.02580	0.01831	0.01581	0.00999	0.01165	0.00832	0.00666	0.00583	0.00166	0.01165	0.00416	0.00333	0.00749
69	0.01776	0.01596	0.01548	0.01367	0.01745	0.08708	0.01066	0.10577	0.57936	0.02741	0.02357	0.02199	0.01769	0.00845	0.00649	0.00211	0.00596	0.00684	0.00625	0.01004
70	0.01109	0.00941	0.04573	0.01110	0.05164	0.00834	0.00838	0.01612	0.10151	0.04623	0.49266	0.04264	0.08502	0.01208	0.00736	0.00208	0.00404	0.03094	0.00655	0.00709
71	0.02870	0.01146	0.01528	0.01172	0.01672	0.01018	0.00968	0.07574	0.01927	0.69175	0.02484	0.02157	0.01567	0.00798	0.00650	0.00200	0.00560	0.00645	0.00790	0.01100
72	0.00787	0.00562	0.00750	0.00900	0.00937	0.00525	0.00600	0.00900	0.01237	0.01649	0.03561	0.76871	0.04274	0.02024	0.00825	0.00262	0.00375	0.01837	0.00600	0.00525
73	0.01662	0.04347	0.17676	0.06383	0.16896	0.07865	0.23364	0.04761	0.03328	0.05542	0.01313	0.01595	0.00991	0.00611	0.00663	0.00201	0.00925	0.00600	0.00354	0.00923
74	0.10200	0.02826	0.01732	0.01565	0.01911	0.64748	0.01183	0.02535	0.01760	0.04437	0.01048	0.01193	0.00848	0.00664	0.00567	0.00171	0.01077	0.00418	0.00357	0.00757
75	0.79316	0.03673	0.01027	0.00858	0.01263	0.01485	0.00713	0.01900	0.01106	0.02855	0.00900	0.01049	0.00704	0.00598	0.00400	0.00198	0.00506	0.00350	0.00396	0.00704
76	0.00984	0.00681	0.00857	0.00801	0.00982	0.00615	0.00605	0.01261	0.01767	0.05874	0.57805	0.04945	0.17691	0.01351	0.00757	0.00206	0.00321	0.01178	0.00696	0.00622
77	0.01688	0.08770	0.01679	0.01320	0.01705	0.05894	0.01049	0.05100	0.59427	0.02564	0.02342	0.02185	0.01774	0.00831	0.00630	0.00208	0.00571	0.00672	0.00602	0.00991
78	0.00979	0.00717	0.00953	0.01076	0.01196	0.00717	0.00856	0.01314	0.06505	0.01893	0.05071	0.34285	0.03867	0.01802	0.00846	0.00276	0.00495	0.35949	0.00604	0.00599
79	0.04073	0.03424	0.06127	0.02307	0.30001	0.01366	0.03227	0.08913	0.01608	0.04134	0.07555	0.03742	0.03464	0.00733	0.00671	0.00183	0.03198	0.00635	0.00421	0.14218
80	0.05475	0.01653	0.02903	0.05790	0.32133	0.05103	0.29620	0.03658	0.01523	0.02132	0.01285	0.01751	0.01042	0.00605	0.00681	0.00205	0.00902	0.02284	0.00340	0.00913
81	0.01466	0.01196	0.01310	0.01183	0.01498	0.01336	0.00916	0.02864	0.52360	0.04600	0.20464	0.03018	0.03009	0.00987	0.00684	0.00215	0.00460	0.00839	0.00675	0.00920
82	0.00787	0.00562	0.00750	0.00900	0.00937	0.00525	0.00600	0.00900	0.01237	0.01649	0.03561	0.76871	0.04274	0.02024	0.00825	0.00262	0.00375	0.01837	0.00600	0.00525
83	0.04080	0.27317	0.38859	0.01517	0.02266	0.01788	0.03524	0.02127	0.01397	0.09774	0.01223	0.01349	0.00908	0.00612	0.00550	0.00183	0.00814	0.00457	0.00337	0.00920
84	0.00871	0.00622	0.00844	0.00988	0.01064	0.00596	0.00738	0.01047	0.01333	0.01767	0.05615	0.52928	0.04155	0.01928	0.00844	0.00272	0.00442	0.22796	0.00602	0.00549
85	0.00874	0.00632	0.00826	0.00835	0.00955	0.00584	0.00604	0.01120	0.01650	0.02300	0.51358	0.25765	0.07012	0.01532	0.00780	0.00221	0.00326	0.01367	0.00677	0.00584
86	0.01597	0.01341	0.02069	0.43409	0.19458	0.01525	0.01699	0.13126	0.01647	0.06016	0.01304	0.01692	0.00976	0.00659	0.00645	0.00206	0.00799	0.00580	0.00381	0.00869
87	0.01592	0.04113	0.11249	0.04555	0.16310	0.01546	0.39316	0.02084	0.01500	0.07219	0.01403	0.03590	0.01091	0.00617	0.00702	0.00209	0.00938	0.00696	0.00358	0.00912
88	0.02899	0.01100	0.01499	0.01150	0.01649	0.00950	0.00950	0.03149	0.01849	0.73709	0.02549	0.02199	0.01599	0.00800	0.00650	0.00200	0.00550	0.00650	0.00800	0.01100
89	0.01220	0.01148	0.01938	0.75739	0.04450	0.01436	0.01794	0.01651	0.01292	0.01651	0.01148	0.01723	0.00861	0.00646	0.00646	0.00215	0.00861	0.00574	0.00287	0.00718
90	0.02118	0.17307	0.15460	0.01623	0.07641	0.11159	0.01420	0.15582	0.01848	0.17643	0.01464	0.01506	0.01060	0.00676	0.00586	0.00182	0.00781	0.00508	0.00470	0.00967
91	0.05479	0.02602	0.45948	0.01775	0.02561	0.01477	0.10462	0.05584	0.04938	0.10953	0.01425	0.01557	0.00997	0.00648	0.00630	0.00206	0.00867	0.00545	0.00387	0.00960
92	0.81856	0.01250	0.00950	0.00850	0.01250	0.01449	0.00700	0.01899	0.01100	0.02899	0.00900	0.01050	0.00700	0.00600	0.00400	0.00200	0.00500	0.00350	0.00400	0.00700
93	0.00874	0.00658	0.00802	0.00767	0.00932	0.00593	0.00571	0.01132	0.01706	0.02321	0.52744	0.05187	0.24190	0.03674	0.00838	0.00220	0.00321	0.01215	0.00671	0.00586
94	0.01573	0.01352	0.01431	0.01290	0.01645	0.01558	0.01002	0.03324	0.68615	0.02697	0.06110	0.02530	0.02177	0.00899	0.00663	0.00218	0.00501	0.00752	0.00660	0.01002
95	0.00888	0.00654	0.00830	0.00797	0.00952	0.00596	0.00594	0.01163	0.01749	0.02427	0.60318	0.09127	0.14698	0.01402	0.00766	0.00209	0.00312	0.01232	0.00690	0.00596
96	0.01340	0.01148	0.01340	0.00957	0.01531	0.00861	0.00766	0.01627	0.01340	0.02105	0.01148	0.01340	0.00957	0.00479	0.00479	0.00096	0.00479	0.00383	0.00383	0.81242
97	0.00780	0.00653	0.00678	0.00676	0.00884	0.00552	0.00506	0.00956	0.01503	0.01829	0.13223	0.07756	0.64564	0.01614	0.00765	0.00218	0.00326	0.01355	0.00611	0.00552
98	0.00781	0.00645	0.00685	0.00696	0.00888	0.00549	0.00514	0.00952	0.01481	0.01816	0.12553	0.13669	0.59245	0.01648	0.00770	0.00222	0.00330	0.01396	0.00611	0.00549
99	0.00787	0.00562	0.00750	0.00900	0.00937	0.00525	0.00600	0.00900	0.01237	0.01649	0.03561	0.76871	0.04274	0.02024	0.00825	0.00262	0.00375	0.01837	0.00600	0.00525
100	0.01041	0.00744	0.01041	0.01190	0.01339	0.00744	0.01041	0.01339	0.01487	0.01934	0.03421	0.07288	0.03719	0.01785	0.00892	0.00297	0.00595	0.68913	0.00595	0.00595
101	0.81856	0.01250	0.00950	0.00850	0.01250	0.01449	0.00700	0.01899	0.01100	0.02899	0.00900	0.01050	0.00700	0.00600	0.00400	0.00200	0.00500	0.00350	0.00400	0.00700
102	0.00923	0.00692	0.01038	0.01038	0.01154	0.00808	0.00808	0.01154	0.01038	0.01500	0.01731	0.02538	0.01615	0.04846	0.74732	0.01038	0.01731	0.00692	0.00346	0.00577
103	0.00924	0.00689	0.01022	0.01022	0.01132	0.00799	0.00787	0.01143	0.01034	0.01488	0.01746	0.02622	0.01652	0.08433	0.71194	0.01018	0.01676	0.00705	0.00348	0.00568
104	0.02414	0.03079	0.01831	0.01665	0.01998	0.74698	0.01248	0.02580	0.01831	0.01581	0.00999	0.01165	0.00832	0.00666	0.00583	0.00166	0.01165	0.00416	0.00333	0.00749
105	0.01340	0.01148	0.01340	0.00957	0.01531	0.00861	0.00766	0.01627	0.01340	0.02105	0.01148	0.01340	0.00957	0.00479	0.00479	0.00096	0.00479	0.00383	0.00383	0.81242
106	0.00771	0.00653	0.00667	0.00668	0.00879	0.00548	0.00499	0.00940	0.01484	0.01783	0.09579	0.07815	0.68255	0.01631	0.00765	0.00219	0.00327	0.01366	0.00605	0.00548
107	0.00840	0.00583	0.00789	0.00928	0.00975	0.00552	0.00647	0.00945	0.01237	0.01643	0.03369	0.63614	0.03983	0.02013	0.00955	0.06122	0.00413	0.09300	0.00576	0.00515
108	0.02382	0.02639	0.01787	0.01576	0.01945	0.54463	0.01205	0.10654	0.08181	0.07188	0.01319	0.01395	0.01019	0.00707	0.00601	0.00177	0.01010	0.00480	0.00432	0.00839
109	0.00924	0.00689	0.01019	0.01019	0.01128	0.00797	0.00784	0.01142	0.01033	0.01486	0.01748	0.02635	0.01657	0.08995	0.70641	0.01015	0.01667	0.00706	0.00349	0.00566
110	0.81856	0.01250	0.00950	0.00850	0.01250	0.01449	0.00700	0.01899	0.01100	0.02899	0.00900	0.01050	0.00700	0.00600	0.00400	0.00200	0.00500	0.00350	0.00400	0.00700
111	0.01296	0.09491	0.62622	0.01711	0.02565	0.01520	0.02148	0.01954	0.01351	0.01973	0.01311	0.06799	0.01069	0.00711	0.00612	0.00203	0.00890	0.00565	0.00297	0.00913
112	0.01347	0.03195	0.65828	0.01914	0.02825	0.03529	0.08345	0.02063	0.01391	0.02035	0.01168	0.01392	0.00833	0.00609	0.00626	0.00205	0.00972	0.00501	0.00279	0.00942
113	0.01618	0.01453	0.02607	0.11527	0.41193	0.01448	0.16055	0.02025	0.01512	0.08236	0.04892	0.01854	0.01297	0.00634	0.00673	0.00201	0.00803	0.00650	0.00378	0.00943
114	0.00935	0.00625	0.00706	0.00710	0.00711	0.00624	0.00397	0.00939	0.00948	0.01264	0.02078	0.06223	0.02402	0.75225	0.03221	0.00616	0.00620	0.00964	0.00397	0.00395
115	0.00783	0.00658	0.00682	0.00683	0.00894	0.00556	0.00517	0.00962	0.01499	0.01813	0.11247	0.06152	0.65932	0.01618	0.00768	0.00220	0.00334	0.03521	0.00608	0.00552
116	0.01566	0.01846	0.13376	0.14893	0.32522	0.03799	0.13355	0.06972	0.01559	0.02145	0.01229	0.01591	0.00959	0.00605	0.00656	0.00201	0.00872	0.00587	0.00333	0.00935
117	0.01654	0.63388	0.14757	0.01310	0.03994	0.02355	0.01339	0.01954	0.01326	0.01623	0.00950	0.01106	0.00833	0.00563	0.00454	0.00151	0.00736	0.00374	0.00277	0.00855
118	0.02885	0.01122	0.01513	0.01160	0.01661	0.00983	0.00958	0.05304	0.01887	0.71501	0.02517	0.02179	0.01584	0.00799	0.00650	0.00200	0.00555	0.00648	0.00795	0.01100
119	0.05196	0.01151	0.01512	0.01163	0.01661	0.01034	0.00961	0.07589	0.01906	0.67036	0.02435	0.02123	0.01540	0.00792	0.00642	0.00200	0.00559	0.00636	0.00778	0.01088
120	0.01716	0.13058	0.26383	0.04517	0.17708	0.03774	0.01712	0.05474	0.01556	0.12187	0.03289	0.01701	0.02784	0.00675	0.00605	0.00191	0.00779	0.00549	0.00397	0.00947
121	0.02726	0.01061	0.01444	0.01120	0.01590	0.00920	0.00920	0.02981	0.01848	0.67509	0.08685	0.02428	0.01992	0.00845	0.00660	0.00200	0.00528	0.00695	0.00792	0.01057
122	0.81856	0.01250	0.00950	0.00850	0.01250	0.01449	0.00700	0.01899	0.01100	0.02899	0.00900	0.01050	0.00700	0.00600	0.00400	0.00200	0.00500	0.00350	0.00400	0.00700
123	0.02367	0.00995	0.01338	0.01068	0.01477	0.00879	0.00865	0.02668	0.03497	0.54052	0.20349	0.02869	0.02746	0.00933	0.00678	0.00201	0.00487	0.00783	0.00774	0.00974
124	0.02417	0.02967	0.01841	0.01649	0.01998	0.68254	0.01247	0.08655	0.01938	0.01802	0.01048	0.01199	0.00856	0.00676	0.00588	0.00169	0.01125	0.00431	0.00361	0.00780
125	0.81856	0.01250	0.00950	0.00850	0.01250	0.01449	0.00700	0.01899	0.01100	0.02899	0.00900	0.01050	0.00700	0.00600	0.00400	0.00200	0.00500	0.00350	0.00400	0.00700
126	0.00923	0.00620	0.00709	0.00725	0.00729	0.00616	0.00414	0.00935	0.00971	0.01295	0.02198	0.11934	0.02553	0.69308	0.03027	0.00588	0.00600	0.01035	0.00414	0.00406
127	0.00769	0.00635	0.00675	0.00708	0.00887	0.00541	0.00515	0.00921	0.01422	0.01725	0.05897	0.21563	0.58073	0.01721	0.00777	0.00228	0.00338	0.01466	0.00600	0.00541
128	0.00764	0.00652	0.00657	0.00661	0.00875	0.00545	0.00494	0.00927	0.01466	0.01743	0.06464	0.08149	0.71121	0.01647	0.00765	0.00219	0.00329	0.01377	0.00600	0.00545
129	0.00914	0.00660	0.00864	0.00813	0.00965	0.00610	0.00610	0.01219	0.01829	0.02591	0.72921	0.04827	0.06097	0.01321	0.00762	0.00203	0.00305	0.01169	0.00711	0.00610
130	0.01727	0.77681	0.03386	0.01106	0.01658	0.02557	0.01106	0.01935	0.01313	0.01520	0.00898	0.01036	0.00829	0.00553	0.00415	0.00138	0.00691	0.00345	0.00276	0.00829
131	0.00787	0.00562	0.00750	0.00900	0.00937	0.00525	0.00600	0.00900	0.01237	0.01649	0.03561	0.76871	0.04274	0.02024	0.00825	0.00262	0.00375	0.01837	0.00600	0.00525
132	0.01300	0.01106	0.01297	0.00953	0.01488	0.00837	0.00754	0.01574	0.01332	0.02072	0.01323	0.06804	0.01197	0.00590	0.00504	0.00108	0.00471	0.00488	0.00399	0.75402
133	0.01340	0.01148	0.01340	0.00957	0.01531	0.00861	0.00766	0.01627	0.01340	0.02105	0.01148	0.01340	0.00957	0.00479	0.00479	0.00096	0.00479	0.00383	0.00383	0.81242
134	0.01316	0.03205	0.67908	0.01918	0.02846	0.01512	0.08285	0.02048	0.01378	0.02048	0.01172	0.01397	0.00832	0.00608	0.00627	0.00206	0.00966	0.00502	0.00277	0.00948
135	0.01449	0.09578	0.62630	0.01728	0.02616	0.01552	0.02173	0.02116	0.01395	0.07186	0.01238	0.01396	0.00876	0.00622	0.00599	0.00199	0.00903	0.00479	0.00311	0.00955
136	0.02899	0.01100	0.01499	0.01150	0.01649	0.00950	0.00950	0.03149	0.01849	0.73709	0.02549	0.02199	0.01599	0.00800	0.00650	0.00200	0.00550	0.00650	0.00800	0.01100
137	0.00852	0.00653	0.00849	0.00931	0.01005	0.00650	0.00666	0.00997	0.01310	0.01744	0.09268	0.52732	0.13485	0.01840	0.00908	0.00255	0.05853	0.04865	0.00585	0.00551
138	0.01649	0.07121	0.02639	0.03645	0.64553	0.05232	0.01883	0.02009	0.01478	0.02042	0.01182	0.01537	0.01000	0.00579	0.00621	0.00187	0.00782	0.00551	0.00317	0.00996
139	0.00858	0.00641	0.00797	0.00794	0.00940	0.00580	0.00582	0.01096	0.01641	0.02231	0.45472	0.18506	0.20447	0.01521	0.00774	0.00217	0.00323	0.01335	0.00666	0.00580
140	0.01220	0.01148	0.01938	0.75739	0.04450	0.01436	0.01794	0.01651	0.01292	0.01651	0.01148	0.01723	0.00861	0.00646	0.00646	0.00215	0.00861	0.00574	0.00287	0.00718
141	0.19081	0.11472	0.01838	0.01413	0.01800	0.45422	0.01114	0.07318	0.01703	0.02032	0.01006	0.01153	0.00823	0.00646	0.00529	0.00172	0.00936	0.00406	0.00363	0.00774
142	0.00930	0.00682	0.00950	0.05024	0.01176	0.00749	0.00716	0.01089	0.01061	0.01465	0.02075	0.12772	0.02199	0.26052	0.37436	0.00747	0.01142	0.02818	0.00396	0.00522
143	0.01005	0.00677	0.00891	0.00846	0.01007	0.00624	0.00637	0.01293	0.01778	0.05950	0.62549	0.09980	0.05680	0.01360	0.00765	0.00210	0.00330	0.03087	0.00704	0.00627
144	0.09420	0.01802	0.02185	0.22373	0.04844	0.20234	0.15944	0.04204	0.01538	0.06051	0.01219	0.01549	0.00933	0.00739	0.02266	0.00219	0.02765	0.00559	0.00360	0.00795
145	0.01538	0.22936	0.27633	0.07149	0.07946	0.03996	0.07667	0.04038	0.01424	0.03632	0.01178	0.01438	0.00928	0.00844	0.04822	0.00234	0.00907	0.00498	0.00313	0.00881
146	0.02162	0.02408	0.01714	0.01511	0.01821	0.47030	0.01161	0.13708	0.01918	0.02086	0.05265	0.01545	0.01231	0.00799	0.00759	0.02077	0.06693	0.00512	0.04822	0.00777
147	0.81856	0.01250	0.00950	0.00850	0.01250	0.01449	0.00700	0.01899	0.01100	0.02899	0.00900	0.01050	0.00700	0.00600	0.00400	0.00200	0.00500	0.00350	0.00400	0.00700
148	0.00809	0.00578	0.00774	0.00918	0.00967	0.00543	0.00632	0.00940	0.01271	0.01696	0.05432	0.69883	0.04283	0.01988	0.00828	0.00263	0.00389	0.06672	0.00602	0.00532
149	0.02456	0.01810	0.01939	0.01487	0.02004	0.02004	0.01228	0.71107	0.03038	0.04072	0.01551	0.01551	0.01099	0.00776	0.00646	0.00194	0.00711	0.00582	0.00646	0.01099
150	0.00787	0.00562	0.00750	0.00900	0.00937	0.00525	0.00600	0.00900	0.01237	0.01649	0.03561	0.76871	0.04274	0.02024	0.00825	0.00262	0.00375	0.01837	0.00600	0.00525
151	0.00817	0.00657	0.00729	0.00711	0.00905	0.00568	0.00533	0.01031	0.01599	0.02045	0.30022	0.05726	0.49336	0.01525	0.00763	0.00213	0.00319	0.01295	0.00639	0.00568
152	0.01340	0.01148	0.01340	0.00957	0.01531	0.00861	0.00766	0.01627	0.01340	0.02105	0.01148	0.01340	0.00957	0.00479	0.00479	0.00096	0.00479	0.00383	0.00383	0.81242
153	0.00787	0.00562	0.00750	0.00900	0.00937	0.00525	0.00600	0.00900	0.01237	0.01649	0.03561	0.76871	0.04274	0.02024	0.00825	0.00262	0.00375	0.01837	0.00600	0.00525
154	0.00910	0.00660	0.00858	0.00809	0.00963	0.00608	0.00606	0.01211	0.01819	0.02568	0.71121	0.04864	0.07911	0.01329	0.00762	0.00204	0.00305	0.01174	0.00708	0.00608
155	0.02803	0.01078	0.01469	0.01133	0.01616	0.00933	0.00933	0.03056	0.01848	0.70277	0.05946	0.02326	0.01817	0.00825	0.00655	0.00200	0.00538	0.00675	0.00795	0.01076
156	0.01340	0.01148	0.01340	0.00957	0.01531	0.00861	0.00766	0.01627	0.01340	0.02105	0.01148	0.01340	0.00957	0.00479	0.00479	0.00096	0.00479	0.00383	0.00383	0.81242
157	0.02494	0.01749	0.01901	0.01458	0.01973	0.01913	0.01204	0.65258	0.02936	0.10066	0.01637	0.01607	0.01142	0.00778	0.00647	0.00194	0.00697	0.00588	0.00660	0.01099
158	0.01607	0.01388	0.01461	0.01315	0.01680	0.01607	0.01023	0.03433	0.72094	0.02703	0.02630	0.02411	0.01972	0.00877	0.00657	0.00219	0.00511	0.00731	0.00657	0.01023
159	0.01607	0.01388	0.01461	0.01315	0.01680	0.01607	0.01023	0.03433	0.72094	0.02703	0.02630	0.02411	0.01972	0.00877	0.00657	0.00219	0.00511	0.00731	0.00657	0.01023
160	0.01759	0.61364	0.10718	0.01247	0.01818	0.10575	0.01258	0.02019	0.01377	0.01583	0.00937	0.01086	0.00828	0.00572	0.00455	0.00148	0.00773	0.00367	0.00282	0.00834
161	0.01420	0.08896	0.53895	0.01837	0.02654	0.01651	0.08484	0.05723	0.01443	0.02087	0.01156	0.01386	0.00851	0.00641	0.00700	0.00204	0.05237	0.00504	0.00299	0.00931
162	0.01220	0.01148	0.01938	0.75739	0.04450	0.01436	0.01794	0.01651	0.01292	0.01651	0.01148	0.01723	0.00861	0.00646	0.00646	0.00215	0.00861	0.00574	0.00287	0.00718
163	0.00787	0.00562	0.00750	0.00900	0.00937	0.00525	0.00600	0.00900	0.01237	0.01649	0.03561	0.76871	0.04274	0.02024	0.00825	0.00262	0.00375	0.01837	0.00600	0.00525
164	0.08629	0.06395	0.46191	0.01634	0.02408	0.03956	0.04483	0.04244	0.01482	0.12741	0.01341	0.01457	0.00939	0.00641	0.00596	0.00199	0.00847	0.00497	0.00377	0.00942
165	0.00809	0.00575	0.00756	0.00878	0.00923	0.00539	0.00586	0.00930	0.01266	0.01702	0.09421	0.65414	0.04291	0.07409	0.00998	0.00284	0.00387	0.01714	0.00594	0.00522
166	0.00800	0.00571	0.00764	0.00914	0.00957	0.00536	0.00622	0.00921	0.01249	0.01663	0.03554	0.73425	0.04246	0.02012	0.00828	0.00264	0.00386	0.05158	0.00600	0.00528
167	0.02564	0.01570	0.01783	0.01374	0.01880	0.01657	0.01133	0.47146	0.05274	0.25952	0.01906	0.01788	0.01290	0.00787	0.00648	0.00197	0.00653	0.00609	0.00695	0.01096
168	0.01517	0.01874	0.11901	0.02384	0.13507	0.05733	0.23146	0.01900	0.01325	0.01866	0.01096	0.01524	0.00912	0.00771	0.01191	0.00232	0.27368	0.00609	0.00304	0.00841
169	0.00796	0.00637	0.00712	0.00733	0.00903	0.00553	0.00534	0.00975	0.01491	0.01881	0.18070	0.20127	0.47004	0.01657	0.00776	0.00224	0.00333	0.01423	0.00620	0.00553
170	0.02899	0.01100	0.01499	0.01150	0.01649	0.00950	0.00950	0.03149	0.01849	0.73709	0.02549	0.02199	0.01599	0.00800	0.00650	0.00200	0.00550	0.00650	0.00800	0.01100
171	0.07627	0.47755	0.02655	0.01211	0.01691	0.13026	0.01088	0.04007	0.11995	0.01871	0.01189	0.01275	0.00998	0.00627	0.00481	0.00160	0.00721	0.00420	0.00360	0.00844
172	0.02446	0.01738	0.01884	0.01454	0.01962	0.01908	0.01198	0.62840	0.06371	0.09042	0.01677	0.01641	0.01178	0.00782	0.00647	0.00196	0.00689	0.00594	0.00658	0.01095
173	0.00940	0.00626	0.00705	0.00705	0.00705	0.00626	0.00392	0.00940	0.00940	0.01253	0.02036	0.04228	0.02349	0.77292	0.03289	0.00626	0.00626	0.00940	0.00392	0.00392
174	0.00853	0.00658	0.00779	0.00749	0.00928	0.00584	0.00561	0.01101	0.01684	0.02248	0.45991	0.05391	0.33241	0.01449	0.00763	0.00209	0.00314	0.01248	0.00666	0.00584
175	0.00923	0.00692	0.01038	0.01038	0.01154	0.00808	0.00808	0.01154	0.01038	0.01500	0.01731	0.02538	0.01615	0.04846	0.74732	0.01038	0.01731	0.00692	0.00346	0.00577
176	0.00914	0.00660	0.00864	0.00813	0.00965	0.00610	0.00610	0.01219	0.01829	0.02591	0.72921	0.04827	0.06097	0.01321	0.00762	0.00203	0.00305	0.01169	0.00711	0.00610
177	0.00914	0.00660	0.00864	0.00813	0.00965	0.00610	0.00610	0.01219	0.01829	0.02591	0.72921	0.04827	0.06097	0.01321	0.00762	0.00203	0.00305	0.01169	0.00711	0.00610
178	0.02456	0.01810	0.01939	0.01487	0.02004	0.02004	0.01228	0.71107	0.03038	0.04072	0.01551	0.01551	0.01099	0.00776	0.00646	0.00194	0.00711	0.00582	0.00646	0.01099
179	0.01220	0.01148	0.01938	0.75739	0.04450	0.01436	0.01794	0.01651	0.01292	0.01651	0.01148	0.01723	0.00861	0.00646	0.00646	0.00215	0.00861	0.00574	0.00287	0.00718
180	0.01041	0.00744	0.01041	0.01190	0.01339	0.00744	0.01041	0.01339	0.01487	0.01934	0.03421	0.07288	0.03719	0.01785	0.00892	0.00297	0.00595	0.68913	0.00595	0.00595
181	0.81856	0.01250	0.00950	0.00850	0.01250	0.01449	0.00700	0.01899	0.01100	0.02899	0.00900	0.01050	0.00700	0.00600	0.00400	0.00200	0.00500	0.00350	0.00400	0.00700
182	0.01607	0.01388	0.01461	0.01315	0.01680	0.01607	0.01023	0.03433	0.72094	0.02703	0.02630	0.02411	0.01972	0.00877	0.00657	0.00219	0.00511	0.00731	0.00657	0.01023
183	0.01607	0.01388	0.01461	0.01315	0.01680	0.01607	0.01023	0.03433	0.72094	0.02703	0.02630	0.02411	0.01972	0.00877	0.00657	0.00219	0.00511	0.00731	0.00657	0.01023
184	0.81856	0.01250	0.00950	0.00850	0.01250	0.01449	0.00700	0.01899	0.01100	0.02899	0.00900	0.01050	0.00700	0.00600	0.00400	0.00200	0.00500	0.00350	0.00400	0.00700
185	0.02387	0.00990	0.01345	0.01089	0.01497	0.00870	0.00892	0.02651	0.01819	0.54996	0.15991	0.03067	0.02608	0.00970	0.00689	0.00208	0.00507	0.05687	0.00768	0.00970
186	0.01549	0.01640	0.03307	0.16012	0.03456	0.01629	0.52236	0.07935	0.01613	0.02165	0.01299	0.01723	0.00969	0.00583	0.00731	0.00215	0.01015	0.00712	0.00347	0.00863
187	0.01790	0.01648	0.06054	0.01450	0.04177	0.06864	0.01168	0.19710	0.29344	0.04636	0.06483	0.02329	0.05914	0.00892	0.00731	0.00209	0.04365	0.00703	0.00581	0.00951
188	0.02419	0.01826	0.02019	0.01545	0.02064	0.03965	0.04673	0.64307	0.02904	0.05435	0.01546	0.01564	0.01097	0.00762	0.00650	0.00194	0.00739	0.00588	0.00625	0.01078
189	0.00918	0.00665	0.00868	0.00830	0.00984	0.00616	0.00631	0.01218	0.01800	0.02531	0.67176	0.05004	0.07776	0.01356	0.00770	0.00209	0.00322	0.05018	0.00702	0.00607
190	0.02435	0.01488	0.09104	0.01279	0.01827	0.01238	0.01140	0.15694	0.06308	0.42624	0.02101	0.01930	0.01392	0.00753	0.00631	0.00192	0.00614	0.00601	0.00671	0.07978
191	0.02159	0.09949	0.08471	0.01708	0.06738	0.13752	0.04800	0.32936	0.04891	0.06306	0.01414	0.01495	0.01049	0.00701	0.00615	0.00187	0.00811	0.00539	0.00495	0.00982
192	0.01882	0.58109	0.02972	0.01227	0.01715	0.14149	0.01136	0.02081	0.01408	0.05106	0.00994	0.01133	0.00869	0.00611	0.00536	0.00153	0.04401	0.00383	0.00312	0.00824
193	0.00802	0.00574	0.00763	0.00889	0.00941	0.00535	0.00601	0.00938	0.01307	0.01761	0.11808	0.68305	0.04490	0.01941	0.00817	0.00255	0.00367	0.01757	0.00613	0.00535
194	0.21759	0.26305	0.02071	0.01164	0.01641	0.08159	0.01008	0.14154	0.05692	0.06855	0.01234	0.01306	0.00964	0.00643	0.00497	0.00172	0.00659	0.00436	0.00435	0.04846
195	0.04432	0.09671	0.16717	0.01616	0.02205	0.03681	0.15645	0.07291	0.03655	0.19871	0.07397	0.01922	0.01524	0.00717	0.00641	0.00198	0.00765	0.00630	0.00493	0.00930
196	0.00787	0.00562	0.00750	0.00900	0.00937	0.00525	0.00600	0.00900	0.01237	0.01649	0.03561	0.76871	0.04274	0.02024	0.00825	0.00262	0.00375	0.01837	0.00600	0.00525
197	0.00892	0.00666	0.00831	0.00810	0.00964	0.00613	0.00599	0.01188	0.03404	0.02346	0.52326	0.13478	0.16590	0.01444	0.00767	0.00213	0.00322	0.01268	0.00679	0.00599
198	0.02103	0.08354	0.02201	0.01732	0.07422	0.06063	0.10475	0.18776	0.13027	0.16825	0.01736	0.01769	0.01262	0.00742	0.00712	0.00200	0.04461	0.00611	0.00542	0.00987
199	0.01292	0.01228	0.02040	0.58856	0.14100	0.01498	0.01788	0.01690	0.01291	0.01709	0.01131	0.01678	0.00883	0.00679	0.00776	0.00218	0.07518	0.00574	0.00291	0.00761
200	0.00910	0.00660	0.00857	0.00808	0.00962	0.00608	0.00606	0.01210	0.01818	0.02565	0.70838	0.04870	0.08196	0.01331	0.00762	0.00204	0.00306	0.01175	0.00708	0.00608
201	0.01242	0.01171	0.01978	0.71590	0.08429	0.01441	0.01805	0.01670	0.01302	0.01677	0.01152	0.01716	0.00871	0.00642	0.00646	0.00214	0.00856	0.00574	0.00289	0.00735
202	0.01737	0.01615	0.02491	0.03372	0.54936	0.03530	0.03998	0.12041	0.03626	0.02381	0.01290	0.01603	0.01049	0.00630	0.00684	0.00196	0.02849	0.00582	0.00376	0.01014
203	0.01119	0.00781	0.01095	0.01042	0.01148	0.00898	0.00790	0.01293	0.01071	0.06677	0.01766	0.02762	0.01694	0.19697	0.46723	0.00813	0.08932	0.00729	0.00382	0.00588
204	0.01686	0.01382	0.01488	0.01312	0.01679	0.01567	0.01041	0.15448	0.50980	0.02890	0.05972	0.02727	0.02144	0.00946	0.00678	0.00219	0.00543	0.05658	0.00654	0.00985

[dist]
# distance from previous block
# <min> <max>
0	1

[block]
# block no. 1 follows, 34 sequences, length 41
# corresponding to MSA columns:
# 206-246
name=unknown_B
#
# <colnr> <probs for GDERKNQSTAVLIFYWHMCP>
#	G	D	E	R	K	N	Q	S	T	A	V	L	I	F	Y	W	H	M	C	P
0	0.27125	0.01596	0.02015	0.02753	0.43461	0.08662	0.01504	0.02015	0.01389	0.02309	0.01094	0.01383	0.00902	0.00592	0.00558	0.00192	0.00722	0.00489	0.00346	0.00894
1	0.01639	0.57171	0.15711	0.01515	0.08860	0.02271	0.01417	0.01959	0.01337	0.01670	0.00975	0.01149	0.00846	0.00566	0.00472	0.00155	0.00745	0.00391	0.00280	0.00870
2	0.01109	0.00943	0.00994	0.00950	0.01219	0.00968	0.00738	0.01920	0.28538	0.02127	0.04798	0.04844	0.40312	0.01357	0.00733	0.00225	0.00419	0.06452	0.00622	0.00732
3	0.01425	0.01301	0.01379	0.01013	0.01568	0.06689	0.00804	0.01702	0.01379	0.02064	0.01137	0.01326	0.00947	0.00493	0.00487	0.00101	0.00533	0.00385	0.00379	0.74889
4	0.00795	0.00591	0.00742	0.00841	0.00927	0.00538	0.00578	0.00938	0.01345	0.01764	0.11186	0.55079	0.18571	0.01874	0.00806	0.00247	0.00358	0.01672	0.00611	0.00538
5	0.02899	0.01100	0.01499	0.01150	0.01649	0.00950	0.00950	0.03149	0.01849	0.73709	0.02549	0.02199	0.01599	0.00800	0.00650	0.00200	0.00550	0.00650	0.00800	0.01100
6	0.00914	0.00660	0.00864	0.00813	0.00965	0.00610	0.00610	0.01219	0.01829	0.02591	0.72921	0.04827	0.06097	0.01321	0.00762	0.00203	0.00305	0.01169	0.00711	0.00610
7	0.81856	0.01250	0.00950	0.00850	0.01250	0.01449	0.00700	0.01899	0.01100	0.02899	0.00900	0.01050	0.00700	0.00600	0.00400	0.00200	0.00500	0.00350	0.00400	0.00700
8	0.00940	0.00626	0.00705	0.00705	0.00705	0.00626	0.00392	0.00940	0.00940	0.01253	0.02036	0.04228	0.02349	0.77292	0.03289	0.00626	0.00626	0.00940	0.00392	0.00392
9	0.81856	0.01250	0.00950	0.00850	0.01250	0.01449	0.00700	0.01899	0.01100	0.02899	0.00900	0.01050	0.00700	0.00600	0.00400	0.00200	0.00500	0.00350	0.00400	0.00700
10	0.00894	0.00660	0.00836	0.00792	0.00953	0.00601	0.00594	0.01180	0.01781	0.02477	0.63996	0.05014	0.15092	0.01363	0.00762	0.00205	0.00308	0.01195	0.00696	0.00601
11	0.02460	0.01630	0.01806	0.01404	0.01903	0.01759	0.01154	0.51201	0.09558	0.17555	0.01852	0.01762	0.01282	0.00790	0.00648	0.00198	0.00660	0.00610	0.00677	0.01092
12	0.01717	0.01617	0.01511	0.01362	0.01723	0.11524	0.01053	0.03318	0.62561	0.02551	0.02409	0.02242	0.01818	0.00848	0.00647	0.00212	0.00600	0.00688	0.00613	0.00986
13	0.01280	0.01209	0.02045	0.64497	0.15228	0.01451	0.01824	0.01703	0.01320	0.01723	0.01159	0.01703	0.00887	0.00635	0.00645	0.00212	0.00847	0.00574	0.00292	0.00766
14	0.01360	0.08290	0.58648	0.01921	0.02803	0.01594	0.12436	0.02042	0.01384	0.02013	0.01163	0.01397	0.00843	0.00599	0.00622	0.00202	0.00956	0.00510	0.00281	0.00934
15	0.01430	0.01462	0.02250	0.01848	0.01945	0.01928	0.11690	0.01631	0.01069	0.01631	0.00916	0.01462	0.00868	0.01044	0.01920	0.00273	0.65018	0.00595	0.00289	0.00731
16	0.00939	0.00629	0.00720	0.00720	0.00725	0.00634	0.00410	0.00949	0.00944	0.01264	0.02022	0.04153	0.02317	0.74080	0.06457	0.00645	0.00675	0.00929	0.00390	0.00400
17	0.01471	0.21008	0.12325	0.01972	0.16253	0.01645	0.11215	0.01990	0.08244	0.01977	0.01576	0.09188	0.01404	0.00759	0.00604	0.00191	0.00723	0.00674	0.05917	0.00864
18	0.01798	0.10336	0.05879	0.01487	0.08635	0.01520	0.01131	0.15204	0.18590	0.11259	0.05707	0.02285	0.01741	0.10459	0.00960	0.00250	0.00628	0.00668	0.00543	0.00918
19	0.00904	0.00660	0.00849	0.00802	0.00959	0.00605	0.00601	0.01199	0.01804	0.02533	0.68346	0.04922	0.10708	0.01343	0.00762	0.00204	0.00306	0.01182	0.00704	0.00605
20	0.67904	0.01223	0.01047	0.00903	0.01320	0.01361	0.00744	0.02120	0.01232	0.15411	0.01191	0.01253	0.00859	0.00635	0.00444	0.00200	0.00509	0.00403	0.00471	0.00770
21	0.02228	0.01848	0.12701	0.01670	0.08004	0.01655	0.01396	0.36535	0.07877	0.16868	0.01741	0.01719	0.01215	0.00747	0.00642	0.00199	0.00706	0.00590	0.00593	0.01065
22	0.01242	0.00777	0.01025	0.00981	0.01150	0.00765	0.00740	0.04468	0.01593	0.12142	0.27344	0.28494	0.04080	0.01667	0.05024	0.00276	0.03831	0.03087	0.00640	0.00673
23	0.02669	0.01468	0.01728	0.01325	0.01833	0.01497	0.01094	0.38430	0.02466	0.37557	0.02031	0.01863	0.01340	0.00787	0.00648	0.00197	0.00633	0.00614	0.00720	0.01099
24	0.01727	0.77681	0.03386	0.01106	0.01658	0.02557	0.01106	0.01935	0.01313	0.01520	0.00898	0.01036	0.00829	0.00553	0.00415	0.00138	0.00691	0.00345	0.00276	0.00829
25	0.81856	0.01250	0.00950	0.00850	0.01250	0.01449	0.00700	0.01899	0.01100	0.02899	0.00900	0.01050	0.00700	0.00600	0.00400	0.00200	0.00500	0.00350	0.00400	0.00700
26	0.00906	0.00660	0.00852	0.00804	0.00960	0.00606	0.00603	0.01203	0.01809	0.02543	0.69154	0.04905	0.09893	0.01339	0.00762	0.00204	0.00306	0.01180	0.00705	0.00606
27	0.00900	0.00660	0.00843	0.00797	0.00956	0.00603	0.00598	0.01191	0.01794	0.02508	0.66431	0.04963	0.12638	0.01352	0.00762	0.00205	0.00307	0.01188	0.00700	0.00603
28	0.00778	0.00655	0.00675	0.00670	0.00882	0.00552	0.00503	0.00956	0.01508	0.01828	0.13036	0.06082	0.66458	0.01606	0.00763	0.00217	0.00325	0.01345	0.00611	0.00552
29	0.78098	0.01242	0.00976	0.00864	0.01269	0.01426	0.00712	0.01959	0.01135	0.06270	0.00978	0.01104	0.00743	0.00609	0.00412	0.00200	0.00502	0.00364	0.00419	0.00719
30	0.02456	0.01810	0.01939	0.01487	0.02004	0.02004	0.01228	0.71107	0.03038	0.04072	0.01551	0.01551	0.01099	0.00776	0.00646	0.00194	0.00711	0.00582	0.00646	0.01099
31	0.01567	0.01511	0.02605	0.09531	0.65772	0.01530	0.04058	0.01960	0.01459	0.02074	0.01213	0.01613	0.01010	0.00580	0.00644	0.00195	0.00785	0.00581	0.00317	0.00995
32	0.00797	0.00647	0.00707	0.00711	0.00898	0.00557	0.00526	0.00984	0.01523	0.01909	0.19834	0.12842	0.52591	0.01610	0.00769	0.00219	0.00327	0.01370	0.00623	0.00557
33	0.00865	0.00659	0.00795	0.00761	0.00935	0.00588	0.00570	0.01123	0.01711	0.02312	0.50977	0.05287	0.28215	0.01425	0.00763	0.00208	0.00312	0.01233	0.00674	0.00588
34	0.01746	0.07657	0.05256	0.01626	0.08914	0.05557	0.01226	0.11206	0.44106	0.02625	0.02067	0.02003	0.01568	0.00785	0.00629	0.00204	0.00631	0.00638	0.00557	0.00999
35	0.00787	0.00562	0.00750	0.00900	0.00937	0.00525	0.00600	0.00900	0.01237	0.01649	0.03561	0.76871	0.04274	0.02024	0.00825	0.00262	0.00375	0.01837	0.00600	0.00525
