[name]
unknown

[dist]
# distance from previous block
# <min> <max>
0	4

[block]
# block no. 0 follows, 29 sequences, length 6
# corresponding to MSA columns:
# 27-32
name=unknown_A
#
# <colnr> <probs for GDERKNQSTAVLIFYWHMCP>
#	G	D	E	R	K	N	Q	S	T	A	V	L	I	F	Y	W	H	M	C	P
0	0.00913	0.00665	0.00835	0.00934	0.01038	0.00608	0.00660	0.01047	0.01456	0.01887	0.08578	0.43882	0.21095	0.02076	0.01023	0.05793	0.00425	0.05865	0.00644	0.00576
1	0.01994	0.08135	0.02313	0.07360	0.12130	0.13404	0.06730	0.09234	0.01831	0.06532	0.01380	0.01607	0.01084	0.00660	0.00636	0.00177	0.00838	0.00546	0.00438	0.22970
2	0.02054	0.10360	0.02412	0.02126	0.13788	0.20062	0.08155	0.14959	0.02004	0.02420	0.01831	0.06900	0.05270	0.00937	0.00769	0.02928	0.00909	0.00728	0.00459	0.00928
3	0.08643	0.03709	0.08432	0.01181	0.01476	0.03767	0.00994	0.05485	0.07522	0.02265	0.06887	0.22756	0.06138	0.12010	0.01177	0.00313	0.00619	0.05322	0.00563	0.00741
4	0.01410	0.00866	0.01115	0.01065	0.01246	0.00860	0.00791	0.04356	0.01548	0.12931	0.06779	0.27363	0.13947	0.05310	0.05904	0.06720	0.05154	0.01308	0.00625	0.00702
5	0.01598	0.01357	0.01672	0.01563	0.05874	0.07443	0.06038	0.09888	0.01756	0.05575	0.05535	0.25629	0.02604	0.01577	0.05815	0.00294	0.03579	0.01104	0.00553	0.10544

[dist]
# distance from previous block
# <min> <max>
11	28

[block]
# block no. 1 follows, 29 sequences, length 9
# corresponding to MSA columns:
# 87-95
name=unknown_B
#
# <colnr> <probs for GDERKNQSTAVLIFYWHMCP>
#	G	D	E	R	K	N	Q	S	T	A	V	L	I	F	Y	W	H	M	C	P
0	0.06141	0.01827	0.06812	0.02035	0.15614	0.12245	0.03673	0.06272	0.09259	0.02461	0.08744	0.05347	0.01961	0.01233	0.06525	0.00285	0.00877	0.00733	0.00486	0.07469
1	0.09802	0.09779	0.05813	0.04742	0.04578	0.03678	0.05202	0.10555	0.06696	0.09270	0.01829	0.01980	0.04238	0.01041	0.04732	0.00255	0.03279	0.00620	0.00500	0.11410
2	0.04342	0.04578	0.09132	0.01327	0.01701	0.05592	0.01153	0.11024	0.09197	0.05367	0.02597	0.06072	0.10987	0.06193	0.09824	0.03904	0.04809	0.00837	0.00523	0.00840
3	0.02169	0.09774	0.08890	0.01757	0.04998	0.14985	0.07753	0.13748	0.01990	0.10794	0.01585	0.04235	0.01248	0.00761	0.00662	0.00193	0.00872	0.00614	0.00493	0.12478
4	0.05951	0.05348	0.01500	0.01084	0.01575	0.01106	0.00881	0.04852	0.01634	0.13048	0.05195	0.02466	0.08683	0.01292	0.08191	0.00266	0.00686	0.00660	0.00537	0.35046
5	0.02210	0.01976	0.02203	0.01896	0.06045	0.12196	0.07160	0.31221	0.08119	0.03120	0.01629	0.01843	0.01266	0.01287	0.07876	0.00314	0.07413	0.00656	0.00544	0.01026
6	0.01327	0.00664	0.00664	0.00664	0.00830	0.00664	0.00498	0.01659	0.01493	0.02655	0.02323	0.02655	0.01825	0.00830	0.00498	0.00166	0.00332	0.00664	0.78928	0.00664
7	0.01477	0.01266	0.01477	0.01055	0.01687	0.00949	0.00844	0.01793	0.01477	0.02320	0.01266	0.01477	0.01055	0.00527	0.00527	0.00105	0.00527	0.00422	0.00422	0.79328
8	0.01186	0.00883	0.00965	0.00909	0.01168	0.00819	0.00696	0.08855	0.01821	0.05123	0.09558	0.11228	0.45224	0.04271	0.00932	0.00259	0.00447	0.04283	0.00675	0.00695

[dist]
# distance from previous block
# <min> <max>
0	1

[block]
# block no. 2 follows, 29 sequences, length 41
# corresponding to MSA columns:
# 97-106,108-138
name=unknown_C
#
# <colnr> <probs for GDERKNQSTAVLIFYWHMCP>
#	G	D	E	R	K	N	Q	S	T	A	V	L	I	F	Y	W	H	M	C	P
0	0.01011	0.00767	0.00935	0.01009	0.01155	0.00725	0.00727	0.03571	0.04453	0.02027	0.04337	0.47615	0.17162	0.01960	0.00873	0.00271	0.00446	0.06768	0.00656	0.03530
1	0.01477	0.01266	0.01477	0.01055	0.01687	0.00949	0.00844	0.01793	0.01477	0.02320	0.01266	0.01477	0.01055	0.00527	0.00527	0.00105	0.00527	0.00422	0.00422	0.79328
2	0.01245	0.01010	0.01031	0.01116	0.01232	0.09696	0.00777	0.01386	0.01490	0.06268	0.03494	0.60563	0.04038	0.01954	0.00863	0.00271	0.00536	0.01741	0.00638	0.00651
3	0.02272	0.01779	0.01892	0.01550	0.02043	0.02005	0.01248	0.38250	0.33965	0.03787	0.02262	0.02150	0.01658	0.00906	0.00718	0.00227	0.00681	0.00717	0.00718	0.01172
4	0.01327	0.00664	0.00664	0.00664	0.00830	0.00664	0.00498	0.01659	0.01493	0.02655	0.02323	0.02655	0.01825	0.00830	0.00498	0.00166	0.00332	0.00664	0.78928	0.00664
5	0.11290	0.01790	0.07226	0.15936	0.02841	0.01834	0.10405	0.24993	0.02097	0.03016	0.01533	0.02049	0.01214	0.00848	0.00825	0.00237	0.06019	0.04388	0.00493	0.00968
6	0.02660	0.03394	0.02018	0.01834	0.02201	0.72116	0.01376	0.02843	0.02018	0.01743	0.01101	0.01284	0.00917	0.00734	0.00642	0.00183	0.01284	0.00459	0.00367	0.00825
7	0.01868	0.01969	0.11619	0.02565	0.22271	0.06372	0.03896	0.04719	0.01565	0.09097	0.01378	0.01739	0.01113	0.01023	0.03610	0.00275	0.22912	0.00624	0.00403	0.00982
8	0.01843	0.01565	0.01650	0.01464	0.01879	0.01805	0.01144	0.08701	0.64213	0.03094	0.02807	0.02584	0.02100	0.00958	0.00724	0.00239	0.00580	0.00793	0.00724	0.01133
9	0.01932	0.09441	0.17245	0.01376	0.01938	0.01419	0.01348	0.05361	0.10444	0.20504	0.07314	0.02998	0.08971	0.03403	0.00806	0.00238	0.00685	0.02974	0.00613	0.00991
10	0.00877	0.00723	0.00770	0.00759	0.00984	0.00616	0.00569	0.01091	0.01707	0.02122	0.20629	0.06526	0.56705	0.01729	0.00841	0.00237	0.00355	0.01457	0.00687	0.00616
11	0.04344	0.08638	0.12432	0.01848	0.10451	0.11759	0.03177	0.05660	0.08571	0.05381	0.05556	0.01859	0.01487	0.00737	0.00643	0.00190	0.00801	0.00588	0.00462	0.15415
12	0.02004	0.65893	0.03505	0.01300	0.01877	0.11970	0.01239	0.02226	0.01522	0.01684	0.01005	0.01161	0.00914	0.00626	0.00481	0.00156	0.00831	0.00391	0.00313	0.00902
13	0.02120	0.01747	0.02200	0.01748	0.02254	0.01907	0.11483	0.31495	0.26732	0.03472	0.02206	0.05702	0.01712	0.00924	0.00746	0.00232	0.00750	0.00800	0.00660	0.01111
14	0.01327	0.00664	0.00664	0.00664	0.00830	0.00664	0.00498	0.01659	0.01493	0.02655	0.02323	0.02655	0.01825	0.00830	0.00498	0.00166	0.00332	0.00664	0.78928	0.00664
15	0.01327	0.00664	0.00664	0.00664	0.00830	0.00664	0.00498	0.01659	0.01493	0.02655	0.02323	0.02655	0.01825	0.00830	0.00498	0.00166	0.00332	0.00664	0.78928	0.00664
16	0.01034	0.00695	0.00798	0.00798	0.00805	0.00702	0.00458	0.01049	0.01042	0.01396	0.02224	0.04552	0.02542	0.70952	0.07584	0.00717	0.00761	0.01020	0.00429	0.00443
17	0.01428	0.03683	0.71286	0.02030	0.03082	0.01654	0.02631	0.02255	0.01503	0.02255	0.01278	0.01503	0.00902	0.00677	0.00677	0.00226	0.01052	0.00526	0.00301	0.01052
18	0.01079	0.00838	0.01200	0.01166	0.01260	0.00999	0.00892	0.01283	0.01122	0.01618	0.01854	0.02950	0.01813	0.15626	0.54047	0.00984	0.09479	0.00790	0.00382	0.00620
19	0.01477	0.01266	0.01477	0.01055	0.01687	0.00949	0.00844	0.01793	0.01477	0.02320	0.01266	0.01477	0.01055	0.00527	0.00527	0.00105	0.00527	0.00422	0.00422	0.79328
20	0.80005	0.01377	0.01047	0.00936	0.01377	0.01597	0.00771	0.02093	0.01212	0.03195	0.00991	0.01157	0.00771	0.00661	0.00441	0.00220	0.00551	0.00386	0.00441	0.00771
21	0.80005	0.01377	0.01047	0.00936	0.01377	0.01597	0.00771	0.02093	0.01212	0.03195	0.00991	0.01157	0.00771	0.00661	0.00441	0.00220	0.00551	0.00386	0.00441	0.00771
22	0.00878	0.00723	0.00772	0.00760	0.00984	0.00617	0.00570	0.01093	0.01710	0.02129	0.21086	0.06515	0.56244	0.01727	0.00841	0.00237	0.00355	0.01455	0.00688	0.00617
23	0.01049	0.00718	0.00877	0.00935	0.00981	0.00714	0.00638	0.01146	0.01222	0.01615	0.02792	0.11827	0.03172	0.49453	0.02694	0.00560	0.00656	0.17937	0.00510	0.00503
24	0.00884	0.00632	0.00844	0.01000	0.01051	0.00591	0.00680	0.01024	0.01399	0.01870	0.06450	0.69272	0.04763	0.02191	0.00909	0.00288	0.00420	0.04482	0.00665	0.00585
25	0.01654	0.01866	0.04050	0.02917	0.03610	0.01752	0.64627	0.02241	0.01679	0.02273	0.01556	0.02225	0.01230	0.00668	0.00847	0.00244	0.01173	0.04066	0.00375	0.00945
26	0.01979	0.01633	0.01727	0.01491	0.01931	0.01868	0.01177	0.18064	0.54629	0.03313	0.02635	0.02447	0.01960	0.00941	0.00722	0.00235	0.00612	0.00769	0.00722	0.01146
27	0.01681	0.01921	0.04202	0.03001	0.03721	0.01801	0.67947	0.02281	0.01681	0.02281	0.01441	0.01921	0.01080	0.00600	0.00840	0.00240	0.01200	0.00840	0.00360	0.00960
28	0.01029	0.00688	0.00778	0.00785	0.00786	0.00686	0.00440	0.01034	0.01048	0.01397	0.02306	0.07241	0.02667	0.72287	0.03524	0.00676	0.00680	0.01072	0.00440	0.00437
29	0.01237	0.00618	0.00928	0.00928	0.00928	0.00618	0.00618	0.00928	0.00928	0.01237	0.01237	0.02165	0.01237	0.02474	0.02783	0.79283	0.00618	0.00618	0.00309	0.00309
30	0.02258	0.41674	0.02929	0.01507	0.02003	0.35277	0.01292	0.02465	0.01714	0.01707	0.01042	0.01209	0.00915	0.00668	0.00544	0.00167	0.01006	0.00417	0.00334	0.00872
31	0.01017	0.00763	0.01144	0.01144	0.01272	0.00890	0.00890	0.01272	0.01144	0.01653	0.01907	0.02797	0.01780	0.05340	0.72153	0.01144	0.01907	0.00763	0.00381	0.00636
32	0.01508	0.03993	0.04005	0.08612	0.09497	0.01269	0.03317	0.09490	0.05747	0.05749	0.07496	0.09208	0.14712	0.10914	0.01138	0.00291	0.00658	0.01010	0.00556	0.00830
33	0.01577	0.01259	0.01474	0.01088	0.01681	0.01000	0.00868	0.02009	0.06224	0.06358	0.04295	0.01771	0.01406	0.00616	0.00565	0.00126	0.00527	0.00501	0.00484	0.66171
34	0.02230	0.01718	0.01939	0.07112	0.02265	0.01781	0.01250	0.43004	0.02634	0.03627	0.01541	0.01655	0.01143	0.00745	0.00657	0.00183	0.00720	0.00575	0.00594	0.24629
35	0.01682	0.05818	0.02482	0.31550	0.29729	0.04487	0.01910	0.02143	0.03826	0.04599	0.01370	0.01809	0.01086	0.00714	0.00759	0.00223	0.03871	0.00621	0.00366	0.00957
36	0.25401	0.01569	0.01595	0.06613	0.06330	0.06992	0.01115	0.14544	0.01841	0.05876	0.03817	0.04347	0.03709	0.00814	0.00612	0.00203	0.00680	0.00618	0.00514	0.12811
37	0.30288	0.14502	0.01661	0.01166	0.01545	0.12726	0.00976	0.01998	0.01555	0.02458	0.10100	0.02863	0.04855	0.00987	0.00615	0.00219	0.00684	0.09546	0.00486	0.00770
38	0.01368	0.05574	0.04191	0.01332	0.01592	0.03920	0.03732	0.08596	0.05611	0.02266	0.03106	0.33653	0.03377	0.01668	0.00846	0.00271	0.00631	0.16896	0.00610	0.00759
39	0.02361	0.25830	0.02540	0.01585	0.02047	0.37742	0.01303	0.11544	0.01985	0.02096	0.01182	0.01359	0.00991	0.00897	0.03480	0.00217	0.01075	0.00471	0.00395	0.00899
40	0.12418	0.13461	0.18853	0.10196	0.07551	0.01698	0.04480	0.02178	0.03964	0.04476	0.01310	0.01551	0.01015	0.00655	0.00602	0.00195	0.00800	0.00518	0.00383	0.13697

[dist]
# distance from previous block
# <min> <max>
0	3

[block]
# block no. 3 follows, 29 sequences, length 48
# corresponding to MSA columns:
# 142-189
name=unknown_D
#
# <colnr> <probs for GDERKNQSTAVLIFYWHMCP>
#	G	D	E	R	K	N	Q	S	T	A	V	L	I	F	Y	W	H	M	C	P
0	0.01909	0.32725	0.09767	0.01436	0.02014	0.02252	0.01349	0.11025	0.25590	0.02548	0.01783	0.01785	0.01394	0.00773	0.00606	0.00199	0.00725	0.00578	0.00503	0.01041
1	0.04305	0.10830	0.50177	0.02008	0.02930	0.01772	0.11104	0.02285	0.01531	0.04771	0.01316	0.01543	0.00954	0.00666	0.00669	0.00219	0.01008	0.00555	0.00335	0.01022
2	0.00861	0.00645	0.00800	0.00925	0.01015	0.00584	0.00632	0.00999	0.01427	0.01844	0.04733	0.57888	0.20810	0.02126	0.00892	0.00277	0.00400	0.01896	0.00661	0.00584
3	0.01209	0.02364	0.39883	0.01491	0.02163	0.01203	0.01733	0.01788	0.01657	0.02346	0.20060	0.03495	0.15535	0.01090	0.00750	0.00228	0.00738	0.00906	0.00493	0.00869
4	0.04782	0.04805	0.08140	0.16376	0.30745	0.18988	0.01897	0.02278	0.01650	0.02090	0.01236	0.01605	0.01003	0.00677	0.00670	0.00209	0.00976	0.00564	0.00346	0.00963
5	0.01497	0.02799	0.41323	0.04815	0.02963	0.01801	0.12904	0.02113	0.01430	0.02113	0.01222	0.01599	0.00940	0.00802	0.01102	0.00249	0.18447	0.00604	0.00313	0.00962
6	0.00868	0.00620	0.00826	0.00991	0.01033	0.00578	0.00661	0.00991	0.01363	0.01818	0.03925	0.74510	0.04710	0.02231	0.00909	0.00289	0.00413	0.02024	0.00661	0.00578
7	0.80005	0.01377	0.01047	0.00936	0.01377	0.01597	0.00771	0.02093	0.01212	0.03195	0.00991	0.01157	0.00771	0.00661	0.00441	0.00220	0.00551	0.00386	0.00441	0.00771
8	0.01477	0.01266	0.01477	0.01055	0.01687	0.00949	0.00844	0.01793	0.01477	0.02320	0.01266	0.01477	0.01055	0.00527	0.00527	0.00105	0.00527	0.00422	0.00422	0.79328
9	0.01171	0.01075	0.01035	0.01136	0.01239	0.11991	0.00796	0.01322	0.01506	0.01861	0.06119	0.57192	0.04159	0.01950	0.00867	0.00271	0.00559	0.04507	0.00619	0.00625
10	0.01910	0.47187	0.13500	0.01444	0.02066	0.11064	0.01441	0.02428	0.09314	0.01921	0.01266	0.01388	0.01057	0.00676	0.00544	0.00177	0.00847	0.00461	0.00360	0.00948
11	0.02693	0.04716	0.02181	0.01610	0.02181	0.02193	0.01338	0.63545	0.03233	0.06587	0.01719	0.01712	0.01218	0.00846	0.00703	0.00212	0.00777	0.00634	0.00703	0.01200
12	0.01036	0.00690	0.00777	0.00777	0.00777	0.00690	0.00431	0.01036	0.01036	0.01381	0.02244	0.04660	0.02589	0.74975	0.03624	0.00690	0.00690	0.01036	0.00431	0.00431
13	0.01771	0.01530	0.01610	0.01449	0.01852	0.01771	0.01127	0.03784	0.69247	0.02979	0.02898	0.02657	0.02174	0.00966	0.00725	0.00242	0.00564	0.00805	0.00725	0.01127
14	0.01340	0.01433	0.01086	0.01033	0.01301	0.19650	0.00775	0.01534	0.01762	0.01955	0.10971	0.05239	0.46349	0.01489	0.00788	0.00224	0.00604	0.01206	0.00593	0.00667
15	0.01558	0.01558	0.02181	0.01869	0.01869	0.02181	0.01558	0.01714	0.01091	0.01714	0.00935	0.01558	0.00935	0.01246	0.02337	0.00312	0.73672	0.00623	0.00312	0.00779
16	0.80005	0.01377	0.01047	0.00936	0.01377	0.01597	0.00771	0.02093	0.01212	0.03195	0.00991	0.01157	0.00771	0.00661	0.00441	0.00220	0.00551	0.00386	0.00441	0.00771
17	0.00868	0.00620	0.00826	0.00991	0.01033	0.00578	0.00661	0.00991	0.01363	0.01818	0.03925	0.74510	0.04710	0.02231	0.00909	0.00289	0.00413	0.02024	0.00661	0.00578
18	0.01237	0.00618	0.00928	0.00928	0.00928	0.00618	0.00618	0.00928	0.00928	0.01237	0.01237	0.02165	0.01237	0.02474	0.02783	0.79283	0.00618	0.00618	0.00309	0.00309
19	0.01477	0.01266	0.01477	0.01055	0.01687	0.00949	0.00844	0.01793	0.01477	0.02320	0.01266	0.01477	0.01055	0.00527	0.00527	0.00105	0.00527	0.00422	0.00422	0.79328
20	0.01904	0.75404	0.03731	0.01218	0.01828	0.02818	0.01218	0.02132	0.01447	0.01675	0.00990	0.01142	0.00914	0.00609	0.00457	0.00152	0.00761	0.00381	0.00305	0.00914
21	0.02532	0.11820	0.02203	0.01745	0.02142	0.60903	0.01347	0.02800	0.04844	0.01788	0.01165	0.01326	0.00971	0.00729	0.00624	0.00182	0.01191	0.00464	0.00375	0.00849
22	0.01327	0.00664	0.00664	0.00664	0.00830	0.00664	0.00498	0.01659	0.01493	0.02655	0.02323	0.02655	0.01825	0.00830	0.00498	0.00166	0.00332	0.00664	0.78928	0.00664
23	0.06829	0.37274	0.02625	0.03284	0.01799	0.05570	0.01200	0.01997	0.01429	0.04767	0.01606	0.02222	0.04246	0.04059	0.00993	0.00231	0.13084	0.05562	0.00390	0.00833
24	0.76589	0.01370	0.01074	0.00951	0.01397	0.01573	0.00783	0.02154	0.01249	0.06211	0.01072	0.01213	0.00815	0.00671	0.00453	0.00220	0.00553	0.00400	0.00460	0.00791
25	0.47246	0.01560	0.01433	0.01199	0.01676	0.01766	0.00982	0.20762	0.09091	0.06047	0.01463	0.01518	0.01080	0.00756	0.00557	0.00221	0.00619	0.00514	0.00563	0.00948
26	0.01020	0.00751	0.01086	0.01086	0.01192	0.00858	0.00817	0.01234	0.01127	0.01609	0.01961	0.03095	0.01909	0.16475	0.61196	0.01072	0.01713	0.00807	0.00389	0.00603
27	0.01721	0.05382	0.36086	0.02204	0.03059	0.01653	0.24209	0.02371	0.01617	0.09599	0.01485	0.01727	0.01060	0.00664	0.00722	0.00222	0.01022	0.00642	0.00388	0.04166
28	0.01681	0.01921	0.04202	0.03001	0.03721	0.01801	0.67947	0.02281	0.01681	0.02281	0.01441	0.01921	0.01080	0.00600	0.00840	0.00240	0.01200	0.00840	0.00360	0.00960
29	0.01036	0.00690	0.00777	0.00777	0.00777	0.00690	0.00431	0.01036	0.01036	0.01381	0.02244	0.04660	0.02589	0.74975	0.03624	0.00690	0.00690	0.01036	0.00431	0.00431
30	0.01327	0.00664	0.00664	0.00664	0.00830	0.00664	0.00498	0.01659	0.01493	0.02655	0.02323	0.02655	0.01825	0.00830	0.00498	0.00166	0.00332	0.00664	0.78928	0.00664
31	0.02027	0.37037	0.05895	0.10122	0.07648	0.20041	0.01488	0.04699	0.01674	0.01887	0.01116	0.01351	0.00946	0.00667	0.00572	0.00180	0.00936	0.00465	0.00340	0.00910
32	0.01821	0.08522	0.02357	0.31125	0.11007	0.10347	0.03676	0.11525	0.01809	0.02296	0.01297	0.01674	0.01013	0.00697	0.00666	0.00205	0.00906	0.00577	0.00393	0.08086
33	0.02361	0.19572	0.07244	0.01684	0.05072	0.04989	0.01438	0.40865	0.04471	0.03427	0.01503	0.01573	0.01131	0.00773	0.00647	0.00199	0.00813	0.00569	0.00559	0.01109
34	0.01407	0.03664	0.01348	0.09434	0.01758	0.01041	0.00996	0.09357	0.01681	0.08122	0.03062	0.40528	0.03307	0.01817	0.03596	0.00300	0.00625	0.06583	0.00622	0.00753
35	0.01754	0.04352	0.05481	0.01629	0.02028	0.06081	0.17598	0.02120	0.04409	0.13243	0.02105	0.03259	0.01912	0.24131	0.01664	0.00377	0.00856	0.05686	0.00501	0.00813
36	0.00842	0.00721	0.00721	0.00721	0.00962	0.00601	0.00541	0.01022	0.01623	0.01924	0.07213	0.06853	0.70244	0.01803	0.00842	0.00240	0.00361	0.01503	0.00661	0.00601
37	0.01919	0.68665	0.03586	0.04299	0.01977	0.02735	0.01257	0.05347	0.01539	0.01819	0.01037	0.01202	0.00930	0.00626	0.00480	0.00159	0.00771	0.00404	0.00325	0.00923
38	0.01904	0.75404	0.03731	0.01218	0.01828	0.02818	0.01218	0.02132	0.01447	0.01675	0.00990	0.01142	0.00914	0.00609	0.00457	0.00152	0.00761	0.00381	0.00305	0.00914
39	0.01008	0.00728	0.00952	0.00896	0.01064	0.00672	0.00672	0.01344	0.02016	0.02855	0.70158	0.05319	0.06719	0.01456	0.00840	0.00224	0.00336	0.01288	0.00784	0.00672
40	0.01277	0.06476	0.01449	0.01191	0.01392	0.01162	0.00947	0.06225	0.01318	0.01852	0.01678	0.02407	0.01543	0.03936	0.47557	0.09270	0.04726	0.00687	0.00391	0.04517
41	0.01495	0.01418	0.01616	0.01474	0.01630	0.10540	0.01173	0.04975	0.04243	0.01876	0.01563	0.02195	0.01421	0.03193	0.36819	0.00703	0.21846	0.00680	0.00391	0.00749
42	0.00864	0.00633	0.00812	0.00956	0.01023	0.00581	0.00645	0.00995	0.01397	0.01832	0.04357	0.65612	0.13329	0.02175	0.00900	0.00283	0.00406	0.01956	0.00661	0.00581
43	0.00891	0.00636	0.00853	0.01018	0.01069	0.00598	0.00701	0.01031	0.01386	0.01844	0.03912	0.69017	0.04659	0.02209	0.00915	0.00292	0.00433	0.07289	0.00661	0.00585
44	0.02023	0.02361	0.04450	0.06964	0.19292	0.29128	0.03726	0.02309	0.01633	0.01917	0.01146	0.01533	0.00980	0.00826	0.01078	0.00228	0.18599	0.00566	0.00345	0.00898
45	0.07866	0.10314	0.09422	0.01648	0.02251	0.07937	0.03801	0.41734	0.02630	0.03552	0.01476	0.01560	0.01087	0.00777	0.00660	0.00207	0.00849	0.00575	0.00565	0.01090
46	0.08129	0.25366	0.20482	0.02207	0.20285	0.01951	0.01741	0.02089	0.01456	0.02100	0.01255	0.01676	0.01087	0.06446	0.00826	0.00235	0.00836	0.00537	0.00337	0.00957
47	0.07984	0.08461	0.12982	0.02313	0.04699	0.10223	0.32722	0.02418	0.03432	0.05935	0.01412	0.01702	0.01064	0.00658	0.00716	0.00221	0.01044	0.00663	0.00391	0.00961

[dist]
# distance from previous block
# <min> <max>
2	12

[block]
# block no. 4 follows, 29 sequences, length 16
# corresponding to MSA columns:
# 202-217
name=unknown_E
#
# <colnr> <probs for GDERKNQSTAVLIFYWHMCP>
#	G	D	E	R	K	N	Q	S	T	A	V	L	I	F	Y	W	H	M	C	P
0	0.66019	0.01445	0.01193	0.01045	0.01493	0.01666	0.00855	0.07949	0.07761	0.03286	0.01232	0.01345	0.00940	0.00706	0.00491	0.00222	0.00572	0.00447	0.00491	0.00842
1	0.01542	0.07257	0.20413	0.07156	0.23159	0.01609	0.05532	0.02175	0.07409	0.02254	0.03709	0.08114	0.01603	0.00833	0.00704	0.00219	0.00830	0.00745	0.00408	0.04330
2	0.01662	0.22972	0.34303	0.05155	0.06128	0.04841	0.04894	0.04632	0.01612	0.02170	0.04445	0.01631	0.01212	0.00700	0.00634	0.00204	0.00929	0.00548	0.00348	0.00981
3	0.00868	0.00620	0.00826	0.00991	0.01033	0.00578	0.00661	0.00991	0.01363	0.01818	0.03925	0.74510	0.04710	0.02231	0.00909	0.00289	0.00413	0.02024	0.00661	0.00578
4	0.00901	0.00652	0.00897	0.01025	0.01086	0.00648	0.00712	0.01054	0.01315	0.01781	0.03476	0.58563	0.04058	0.02922	0.16752	0.00479	0.00745	0.01744	0.00599	0.00591
5	0.01946	0.13818	0.25016	0.03925	0.06038	0.14430	0.01786	0.05148	0.01661	0.08058	0.01349	0.01617	0.01059	0.02852	0.00894	0.00227	0.08277	0.00546	0.00389	0.00963
6	0.01587	0.13941	0.09286	0.03720	0.11434	0.08250	0.01331	0.06155	0.04010	0.02074	0.02300	0.05993	0.09784	0.07828	0.08965	0.00356	0.00911	0.00789	0.00438	0.00847
7	0.00995	0.00711	0.00972	0.01137	0.01234	0.00688	0.00882	0.01211	0.01489	0.01960	0.03854	0.44287	0.04432	0.02111	0.00943	0.00307	0.00523	0.30992	0.00659	0.00614
8	0.02043	0.32339	0.09044	0.01919	0.09883	0.10798	0.06207	0.12694	0.04634	0.02346	0.01291	0.01467	0.01047	0.00686	0.00605	0.00189	0.00886	0.00522	0.00402	0.00998
9	0.01397	0.01183	0.01717	0.17907	0.15674	0.01280	0.01373	0.06967	0.08644	0.02258	0.02540	0.28553	0.02611	0.01331	0.00793	0.00253	0.00671	0.03471	0.00534	0.00842
10	0.00966	0.00709	0.01011	0.01069	0.01158	0.00769	0.00782	0.01159	0.01214	0.01694	0.02631	0.27911	0.02851	0.08517	0.43124	0.00818	0.01312	0.01219	0.00482	0.00603
11	0.01237	0.00618	0.00928	0.00928	0.00928	0.00618	0.00618	0.00928	0.00928	0.01237	0.01237	0.02165	0.01237	0.02474	0.02783	0.79283	0.00618	0.00618	0.00309	0.00309
12	0.01762	0.01692	0.02890	0.04371	0.70533	0.01692	0.02185	0.02185	0.01621	0.02326	0.01339	0.01762	0.01128	0.00634	0.00705	0.00211	0.00846	0.00634	0.00352	0.01128
13	0.12021	0.02041	0.01995	0.01571	0.02107	0.08163	0.01285	0.54563	0.02976	0.04095	0.01571	0.01606	0.01133	0.00821	0.00674	0.00212	0.00799	0.00595	0.00650	0.01125
14	0.02407	0.06424	0.01949	0.01691	0.02039	0.60261	0.01276	0.02588	0.01925	0.01754	0.01600	0.06735	0.04638	0.00887	0.00662	0.00192	0.01152	0.00618	0.00399	0.00801
15	0.07382	0.01927	0.01648	0.11722	0.02223	0.23675	0.01216	0.02643	0.21736	0.02374	0.10829	0.02549	0.05267	0.00937	0.00697	0.00219	0.00806	0.00736	0.00538	0.00876

[dist]
# distance from previous block
# <min> <max>
0	1

[block]
# block no. 5 follows, 29 sequences, length 33
# corresponding to MSA columns:
# 219-251
name=unknown_F
#
# <colnr> <probs for GDERKNQSTAVLIFYWHMCP>
#	G	D	E	R	K	N	Q	S	T	A	V	L	I	F	Y	W	H	M	C	P
0	0.72398	0.01575	0.01142	0.01025	0.01458	0.08533	0.00831	0.02167	0.01291	0.03052	0.01002	0.01169	0.00786	0.00668	0.00460	0.00217	0.00623	0.00393	0.00433	0.00777
1	0.05482	0.34776	0.02830	0.01579	0.02056	0.32953	0.04182	0.02431	0.01683	0.01796	0.01056	0.01255	0.00917	0.00690	0.00627	0.00179	0.03857	0.00444	0.00340	0.00866
2	0.01759	0.45919	0.06213	0.01486	0.01899	0.02539	0.01403	0.01989	0.01323	0.01715	0.00983	0.01306	0.00921	0.00839	0.01135	0.00212	0.26706	0.00473	0.00307	0.00872
3	0.01428	0.03683	0.71286	0.02030	0.03082	0.01654	0.02631	0.02255	0.01503	0.02255	0.01278	0.01503	0.00902	0.00677	0.00677	0.00226	0.01052	0.00526	0.00301	0.01052
4	0.02677	0.01936	0.02092	0.01601	0.02173	0.02114	0.01322	0.63073	0.03224	0.06938	0.01734	0.01728	0.01226	0.00843	0.00705	0.00210	0.00767	0.00635	0.00707	0.04295
5	0.00868	0.00620	0.00826	0.00991	0.01033	0.00578	0.00661	0.00991	0.01363	0.01818	0.03925	0.74510	0.04710	0.02231	0.00909	0.00289	0.00413	0.02024	0.00661	0.00578
6	0.01237	0.00618	0.00928	0.00928	0.00928	0.00618	0.00618	0.00928	0.00928	0.01237	0.01237	0.02165	0.01237	0.02474	0.02783	0.79283	0.00618	0.00618	0.00309	0.00309
7	0.00869	0.00722	0.00759	0.00750	0.00978	0.00613	0.00562	0.01074	0.01687	0.02075	0.17420	0.06604	0.59943	0.01747	0.00841	0.00238	0.00357	0.01468	0.00681	0.00613
8	0.01558	0.01558	0.02181	0.01869	0.01869	0.02181	0.01558	0.01714	0.01091	0.01714	0.00935	0.01558	0.00935	0.01246	0.02337	0.00312	0.73672	0.00623	0.00312	0.00779
9	0.01428	0.03683	0.71286	0.02030	0.03082	0.01654	0.02631	0.02255	0.01503	0.02255	0.01278	0.01503	0.00902	0.00677	0.00677	0.00226	0.01052	0.00526	0.00301	0.01052
10	0.01030	0.00714	0.00895	0.00895	0.00936	0.00755	0.00579	0.01112	0.01071	0.01468	0.02135	0.04059	0.02328	0.52526	0.25717	0.00837	0.01083	0.00948	0.00415	0.00497
11	0.02660	0.03394	0.02018	0.01834	0.02201	0.72116	0.01376	0.02843	0.02018	0.01743	0.01101	0.01284	0.00917	0.00734	0.00642	0.00183	0.01284	0.00459	0.00367	0.00825
12	0.01762	0.01692	0.02890	0.04371	0.70533	0.01692	0.02185	0.02185	0.01621	0.02326	0.01339	0.01762	0.01128	0.00634	0.00705	0.00211	0.00846	0.00634	0.00352	0.01128
13	0.01558	0.01558	0.02181	0.01869	0.01869	0.02181	0.01558	0.01714	0.01091	0.01714	0.00935	0.01558	0.00935	0.01246	0.02337	0.00312	0.73672	0.00623	0.00312	0.00779
14	0.70902	0.01357	0.01118	0.00976	0.01429	0.01532	0.00804	0.02256	0.01310	0.11234	0.01207	0.01307	0.00889	0.00687	0.00473	0.00220	0.00557	0.00425	0.00493	0.00823
15	0.02030	0.01658	0.01756	0.01501	0.01950	0.01892	0.01190	0.21578	0.51031	0.03396	0.02570	0.02395	0.01908	0.00935	0.00721	0.00234	0.00624	0.00760	0.00721	0.01150
16	0.01327	0.00664	0.00664	0.00664	0.00830	0.00664	0.00498	0.01659	0.01493	0.02655	0.02323	0.02655	0.01825	0.00830	0.00498	0.00166	0.00332	0.00664	0.78928	0.00664
17	0.00843	0.00716	0.00727	0.00735	0.00965	0.00600	0.00547	0.01020	0.01610	0.01918	0.07052	0.10179	0.67022	0.01824	0.00845	0.00243	0.00363	0.01528	0.00661	0.00600
18	0.01960	0.01768	0.02538	0.15488	0.39523	0.04929	0.01911	0.18219	0.02025	0.02739	0.01406	0.01752	0.01108	0.00706	0.00705	0.00215	0.00868	0.00628	0.00435	0.01077
19	0.02020	0.01971	0.01729	0.01545	0.01949	0.17511	0.01195	0.07014	0.50704	0.02783	0.02433	0.02299	0.01841	0.00908	0.00705	0.00227	0.00736	0.00719	0.00644	0.01064
20	0.00852	0.00681	0.00763	0.00830	0.00990	0.00592	0.00589	0.01010	0.01519	0.01881	0.05894	0.33990	0.43958	0.01975	0.00869	0.00260	0.00382	0.01712	0.00661	0.00592
21	0.01533	0.01403	0.02317	0.36609	0.22076	0.01581	0.05094	0.06729	0.01596	0.02154	0.01408	0.01963	0.01129	0.01285	0.09807	0.00344	0.01043	0.00661	0.00366	0.00902
22	0.01625	0.01354	0.01556	0.01125	0.01750	0.01102	0.00905	0.09821	0.01703	0.02582	0.01319	0.01505	0.01074	0.00567	0.00550	0.00119	0.00558	0.00448	0.00457	0.69879
23	0.01791	0.10348	0.28012	0.02519	0.15845	0.04609	0.14952	0.06657	0.01717	0.04926	0.01370	0.01636	0.01035	0.00668	0.00693	0.00215	0.00986	0.00605	0.00374	0.01042
24	0.01327	0.00664	0.00664	0.00664	0.00830	0.00664	0.00498	0.01659	0.01493	0.02655	0.02323	0.02655	0.01825	0.00830	0.00498	0.00166	0.00332	0.00664	0.78928	0.00664
25	0.01017	0.00763	0.01144	0.01144	0.01272	0.00890	0.00890	0.01272	0.01144	0.01653	0.01907	0.02797	0.01780	0.05340	0.72153	0.01144	0.01907	0.00763	0.00381	0.00636
26	0.02322	0.06053	0.17631	0.02019	0.12482	0.01757	0.01677	0.23070	0.04324	0.18904	0.01812	0.01836	0.01272	0.00779	0.00691	0.00215	0.00804	0.00623	0.00585	0.01145
27	0.01432	0.01719	0.11908	0.57162	0.07277	0.04732	0.02052	0.01942	0.01470	0.01899	0.01263	0.01810	0.00949	0.00705	0.00704	0.00232	0.00974	0.00610	0.00318	0.00843
28	0.01237	0.00618	0.00928	0.00928	0.00928	0.00618	0.00618	0.00928	0.00928	0.01237	0.01237	0.02165	0.01237	0.02474	0.02783	0.79283	0.00618	0.00618	0.00309	0.00309
29	0.17948	0.18865	0.16573	0.01557	0.02135	0.27944	0.01479	0.02413	0.01622	0.02129	0.01091	0.01273	0.00884	0.00680	0.00568	0.00193	0.00972	0.00441	0.00354	0.00881
30	0.08936	0.14933	0.05025	0.03603	0.04646	0.08744	0.03122	0.10759	0.03841	0.08415	0.11177	0.02099	0.01897	0.00832	0.00692	0.00200	0.02989	0.00639	0.00518	0.06934
31	0.04444	0.08511	0.06705	0.03789	0.06596	0.15575	0.04911	0.11251	0.07260	0.07325	0.04376	0.06387	0.04650	0.00933	0.00768	0.00218	0.04108	0.00738	0.00511	0.00944
32	0.14112	0.11239	0.08929	0.01739	0.08079	0.06588	0.03448	0.16486	0.10564	0.02842	0.01529	0.01685	0.01192	0.00982	0.04446	0.00256	0.00845	0.00570	0.00485	0.03984

[dist]
# distance from previous block
# <min> <max>
0	14

[block]
# block no. 6 follows, 29 sequences, length 53
# corresponding to MSA columns:
# 266-318
name=unknown_G
#
# <colnr> <probs for GDERKNQSTAVLIFYWHMCP>
#	G	D	E	R	K	N	Q	S	T	A	V	L	I	F	Y	W	H	M	C	P
0	0.01539	0.25223	0.04076	0.01275	0.01643	0.08859	0.03556	0.04068	0.01631	0.02042	0.13355	0.13246	0.04510	0.01664	0.09969	0.00327	0.00855	0.00897	0.00481	0.00785
1	0.01319	0.13851	0.01654	0.04653	0.01543	0.01282	0.00965	0.05496	0.01345	0.01817	0.01777	0.07873	0.01724	0.05634	0.34222	0.09314	0.01253	0.00762	0.00402	0.03114
2	0.01958	0.04088	0.02740	0.05365	0.47390	0.07964	0.04690	0.07585	0.01786	0.05131	0.01385	0.01727	0.01122	0.00691	0.00753	0.00213	0.03312	0.00623	0.00400	0.01077
3	0.01699	0.01800	0.07501	0.10193	0.56966	0.01685	0.05403	0.02163	0.01599	0.02275	0.01334	0.01765	0.01095	0.00642	0.00710	0.00216	0.00886	0.00637	0.00346	0.01085
4	0.01546	0.01575	0.02982	0.27626	0.17530	0.01646	0.26482	0.02087	0.03624	0.02129	0.01517	0.05222	0.01244	0.00732	0.00768	0.00236	0.00985	0.00779	0.00368	0.00923
5	0.16109	0.01400	0.01635	0.01288	0.01815	0.01391	0.01060	0.14989	0.05870	0.43620	0.02305	0.02091	0.01517	0.00844	0.00669	0.00220	0.00626	0.00651	0.00767	0.01132
6	0.01008	0.00728	0.00952	0.00896	0.01064	0.00672	0.00672	0.01344	0.02016	0.02855	0.70158	0.05319	0.06719	0.01456	0.00840	0.00224	0.00336	0.01288	0.00784	0.00672
7	0.01001	0.00746	0.01035	0.01035	0.01153	0.00824	0.00773	0.01204	0.01178	0.01636	0.02546	0.03562	0.09416	0.16929	0.52558	0.00967	0.01529	0.00891	0.00421	0.00597
8	0.01904	0.75404	0.03731	0.01218	0.01828	0.02818	0.01218	0.02132	0.01447	0.01675	0.00990	0.01142	0.00914	0.00609	0.00457	0.00152	0.00761	0.00381	0.00305	0.00914
9	0.01017	0.00763	0.01144	0.01144	0.01272	0.00890	0.00890	0.01272	0.01144	0.01653	0.01907	0.02797	0.01780	0.05340	0.72153	0.01144	0.01907	0.00763	0.00381	0.00636
10	0.01033	0.00702	0.00836	0.00836	0.00856	0.00722	0.00505	0.01073	0.01053	0.01424	0.02190	0.04361	0.02459	0.63812	0.14610	0.00763	0.00885	0.00992	0.00423	0.00464
11	0.01681	0.01801	0.02135	0.53253	0.06717	0.18784	0.01839	0.02083	0.01576	0.01820	0.01228	0.01744	0.00948	0.00714	0.00695	0.00223	0.01027	0.00590	0.00330	0.00812
12	0.01032	0.00777	0.00857	0.00818	0.01062	0.00684	0.00620	0.01324	0.04286	0.05560	0.22208	0.06104	0.48828	0.01642	0.00831	0.00235	0.00374	0.01386	0.00704	0.00668
13	0.02506	0.01438	0.01685	0.01388	0.01875	0.01495	0.01115	0.10521	0.32225	0.33496	0.02732	0.02452	0.01887	0.00916	0.00719	0.00229	0.00606	0.00748	0.00793	0.01174
14	0.01063	0.00788	0.01133	0.04158	0.01408	0.00859	0.00934	0.01333	0.01370	0.01894	0.10297	0.04498	0.02958	0.09824	0.37518	0.00760	0.01273	0.16801	0.00497	0.00634
15	0.02349	0.05311	0.05618	0.02326	0.16406	0.46106	0.01588	0.04971	0.05012	0.02039	0.01259	0.01467	0.01028	0.00721	0.00657	0.00194	0.01114	0.00518	0.00387	0.00929
16	0.00901	0.00656	0.00853	0.00994	0.01058	0.00621	0.00673	0.01095	0.03552	0.01899	0.06598	0.67436	0.06714	0.02147	0.00898	0.00284	0.00413	0.01941	0.00668	0.00600
17	0.01050	0.00749	0.00959	0.00946	0.00990	0.00818	0.00634	0.01144	0.01075	0.01488	0.02076	0.03896	0.02245	0.48068	0.27199	0.00832	0.03981	0.00925	0.00410	0.00516
18	0.01731	0.05416	0.12181	0.06358	0.40784	0.05373	0.09067	0.02192	0.01583	0.02194	0.01286	0.01685	0.01053	0.00681	0.00801	0.00219	0.05397	0.00620	0.00341	0.01039
19	0.01866	0.09416	0.06278	0.10357	0.42778	0.01876	0.01958	0.12455	0.01847	0.02543	0.01351	0.01690	0.01089	0.00676	0.00680	0.00209	0.00848	0.00604	0.00398	0.01081
20	0.01077	0.00906	0.01150	0.01449	0.09919	0.04379	0.00887	0.01252	0.01464	0.01922	0.06078	0.56227	0.06748	0.01905	0.00864	0.00270	0.00508	0.01719	0.00611	0.00665
21	0.02280	0.39534	0.02878	0.01525	0.02014	0.37337	0.01297	0.02486	0.01731	0.01709	0.01045	0.01213	0.00916	0.00671	0.00549	0.00168	0.01022	0.00420	0.00336	0.00870
22	0.01967	0.01627	0.01720	0.01489	0.01926	0.01863	0.01174	0.17267	0.55445	0.03295	0.02649	0.02458	0.01972	0.00943	0.00722	0.00236	0.00610	0.00771	0.00722	0.01145
23	0.01266	0.00905	0.01059	0.00993	0.01109	0.00971	0.00675	0.08823	0.05573	0.01888	0.02154	0.03812	0.02238	0.47401	0.17487	0.00704	0.00948	0.00920	0.00471	0.00606
24	0.01824	0.02543	0.33236	0.04709	0.16889	0.01639	0.08499	0.06495	0.04240	0.10729	0.01578	0.01776	0.01138	0.00708	0.00708	0.00224	0.00932	0.00623	0.00429	0.01083
25	0.01500	0.00957	0.01184	0.01194	0.04835	0.00908	0.00863	0.01931	0.09422	0.15155	0.09490	0.10133	0.24658	0.06446	0.01006	0.00277	0.00511	0.08042	0.00688	0.00802
26	0.00868	0.00620	0.00826	0.00991	0.01033	0.00578	0.00661	0.00991	0.01363	0.01818	0.03925	0.74510	0.04710	0.02231	0.00909	0.00289	0.00413	0.02024	0.00661	0.00578
27	0.04588	0.02034	0.18159	0.02856	0.33314	0.01545	0.01930	0.05264	0.01755	0.19126	0.01687	0.01842	0.01222	0.00714	0.00693	0.00217	0.00823	0.00622	0.00487	0.01123
28	0.01924	0.12786	0.16426	0.04642	0.25850	0.04842	0.04242	0.11848	0.03941	0.04800	0.01419	0.01653	0.01102	0.00695	0.00668	0.00208	0.00883	0.00585	0.00416	0.01069
29	0.01964	0.05549	0.04890	0.04765	0.12527	0.16713	0.01523	0.04031	0.01564	0.08287	0.01356	0.01807	0.01157	0.04835	0.03811	0.00292	0.23030	0.00610	0.00401	0.00889
30	0.53200	0.06883	0.01531	0.01299	0.04178	0.18651	0.01000	0.02280	0.01437	0.02710	0.01031	0.01209	0.00829	0.00674	0.00500	0.00207	0.00752	0.00412	0.00410	0.00807
31	0.00842	0.00721	0.00721	0.00721	0.00962	0.00601	0.00541	0.01022	0.01623	0.01924	0.07213	0.06853	0.70244	0.01803	0.00842	0.00240	0.00361	0.01503	0.00661	0.00601
32	0.01208	0.01358	0.12742	0.01151	0.01518	0.01008	0.01057	0.04523	0.09135	0.02710	0.39999	0.04457	0.13727	0.01296	0.00795	0.00228	0.00502	0.01112	0.00677	0.00797
33	0.01477	0.01266	0.01477	0.01055	0.01687	0.00949	0.00844	0.01793	0.01477	0.02320	0.01266	0.01477	0.01055	0.00527	0.00527	0.00105	0.00527	0.00422	0.00422	0.79328
34	0.02598	0.01940	0.02076	0.01616	0.02167	0.02157	0.01327	0.60654	0.11031	0.04312	0.01848	0.01820	0.01323	0.00868	0.00714	0.00217	0.00758	0.00660	0.00714	0.01201
35	0.01406	0.01318	0.03725	0.01180	0.01476	0.07073	0.00933	0.05317	0.19631	0.02604	0.24465	0.11239	0.14090	0.01341	0.00788	0.00234	0.00535	0.01140	0.00681	0.00824
36	0.01905	0.28048	0.15692	0.01746	0.07126	0.10476	0.01561	0.05978	0.16457	0.02269	0.01537	0.01632	0.01218	0.00729	0.00610	0.00197	0.00842	0.00542	0.00427	0.01007
37	0.04705	0.04566	0.02492	0.17058	0.38454	0.10253	0.01868	0.02323	0.07309	0.02219	0.01401	0.01761	0.01134	0.00690	0.00681	0.00214	0.00881	0.00608	0.00380	0.01004
38	0.04530	0.01636	0.01861	0.04389	0.02104	0.01836	0.04244	0.25067	0.34755	0.03362	0.04526	0.02377	0.01870	0.03198	0.00810	0.00245	0.00678	0.00754	0.00671	0.01086
39	0.01017	0.00763	0.01144	0.01144	0.01272	0.00890	0.00890	0.01272	0.01144	0.01653	0.01907	0.02797	0.01780	0.05340	0.72153	0.01144	0.01907	0.00763	0.00381	0.00636
40	0.02135	0.01711	0.01815	0.01523	0.01990	0.01941	0.01215	0.28851	0.43587	0.03566	0.02435	0.02288	0.01799	0.00923	0.00720	0.00231	0.00649	0.00741	0.00720	0.01160
41	0.01420	0.01313	0.02189	0.33136	0.29747	0.01440	0.01816	0.01809	0.01490	0.02016	0.01784	0.15210	0.01711	0.00961	0.00745	0.00237	0.00810	0.00890	0.00394	0.00883
42	0.01767	0.16897	0.20290	0.05140	0.13191	0.01926	0.06020	0.13354	0.01810	0.02464	0.01511	0.07290	0.01306	0.00824	0.00726	0.00216	0.03177	0.00679	0.00413	0.01001
43	0.01503	0.03159	0.51348	0.02318	0.03272	0.01697	0.22043	0.02263	0.01556	0.02263	0.01326	0.01627	0.00955	0.00654	0.00725	0.00230	0.01096	0.00620	0.00318	0.01025
44	0.00842	0.00721	0.00721	0.00721	0.00962	0.00601	0.00541	0.01022	0.01623	0.01924	0.07213	0.06853	0.70244	0.01803	0.00842	0.00240	0.00361	0.01503	0.00661	0.00601
45	0.01788	0.02515	0.30006	0.02160	0.07128	0.01746	0.13300	0.18419	0.04548	0.02819	0.01686	0.04428	0.01353	0.00830	0.00740	0.00232	0.00939	0.03855	0.00461	0.01048
46	0.02105	0.11165	0.12171	0.04826	0.13586	0.13443	0.05494	0.12625	0.03850	0.08821	0.01708	0.01853	0.03697	0.00764	0.00676	0.00207	0.00904	0.00617	0.00467	0.01020
47	0.03195	0.01212	0.01652	0.01267	0.01818	0.01047	0.01047	0.03470	0.02038	0.71026	0.02809	0.02424	0.01763	0.00881	0.00716	0.00220	0.00606	0.00716	0.00881	0.01212
48	0.00868	0.00620	0.00826	0.00991	0.01033	0.00578	0.00661	0.00991	0.01363	0.01818	0.03925	0.74510	0.04710	0.02231	0.00909	0.00289	0.00413	0.02024	0.00661	0.00578
49	0.06260	0.02048	0.02486	0.04418	0.19608	0.11424	0.09018	0.30167	0.02385	0.03187	0.01455	0.01666	0.01106	0.00741	0.00701	0.00213	0.00906	0.00624	0.00511	0.01076
50	0.02067	0.11221	0.13959	0.02483	0.22783	0.09162	0.01790	0.19829	0.05171	0.02779	0.01432	0.01622	0.01113	0.00722	0.00667	0.00206	0.00885	0.00577	0.00452	0.01080
51	0.32179	0.02039	0.20399	0.01503	0.03946	0.01587	0.03285	0.06841	0.06903	0.09980	0.01524	0.01699	0.01132	0.03310	0.00703	0.00240	0.00741	0.00551	0.00484	0.00955
52	0.01122	0.00953	0.04557	0.00979	0.01033	0.00929	0.00687	0.01184	0.01066	0.01468	0.02028	0.04105	0.02292	0.61814	0.03310	0.00618	0.09980	0.00957	0.00410	0.00507

[dist]
# distance from previous block
# <min> <max>
1	6

[block]
# block no. 7 follows, 29 sequences, length 38
# corresponding to MSA columns:
# 325-362
name=unknown_H
#
# <colnr> <probs for GDERKNQSTAVLIFYWHMCP>
#	G	D	E	R	K	N	Q	S	T	A	V	L	I	F	Y	W	H	M	C	P
0	0.01731	0.01785	0.07166	0.10431	0.38592	0.03876	0.09570	0.02247	0.04799	0.04926	0.01554	0.04753	0.01295	0.00755	0.00783	0.00226	0.03374	0.00712	0.00396	0.01029
1	0.01795	0.11808	0.10718	0.06011	0.19857	0.11549	0.15707	0.02287	0.03998	0.02139	0.03856	0.01781	0.01263	0.00710	0.00753	0.00214	0.03577	0.00638	0.00370	0.00969
2	0.01185	0.00791	0.01011	0.00931	0.01140	0.00733	0.00707	0.01565	0.04318	0.07852	0.58684	0.05113	0.10386	0.01419	0.00827	0.00225	0.00365	0.01243	0.00781	0.00723
3	0.01183	0.00965	0.01301	0.01189	0.01226	0.01134	0.03094	0.01273	0.01107	0.01556	0.01982	0.09458	0.02216	0.41886	0.07472	0.00569	0.20425	0.00983	0.00413	0.00569
4	0.00922	0.00701	0.00752	0.00764	0.00892	0.00636	0.00505	0.01025	0.01365	0.01695	0.04949	0.11001	0.37874	0.31566	0.01977	0.00427	0.00499	0.01352	0.00568	0.00530
5	0.13236	0.02001	0.01785	0.01834	0.11710	0.24728	0.01245	0.07440	0.01899	0.12981	0.06799	0.07719	0.01816	0.00915	0.00676	0.00212	0.00835	0.00715	0.00535	0.00919
6	0.01327	0.00664	0.00664	0.00664	0.00830	0.00664	0.00498	0.01659	0.01493	0.02655	0.02323	0.02655	0.01825	0.00830	0.00498	0.00166	0.00332	0.00664	0.78928	0.00664
7	0.01981	0.68040	0.03556	0.01281	0.01866	0.09904	0.01234	0.02205	0.01505	0.01682	0.01001	0.01157	0.00914	0.00622	0.00476	0.00155	0.00815	0.00389	0.00311	0.00905
8	0.05615	0.01813	0.02063	0.41610	0.03672	0.14544	0.01678	0.16118	0.01931	0.02438	0.01317	0.01711	0.00991	0.00744	0.00686	0.00222	0.00956	0.00591	0.00416	0.00886
9	0.02004	0.02241	0.02290	0.06450	0.05626	0.27874	0.08272	0.05313	0.01644	0.01933	0.01186	0.01679	0.01045	0.04417	0.01363	0.00261	0.24596	0.00606	0.00364	0.00836
10	0.10652	0.02564	0.02110	0.12136	0.02580	0.41640	0.06373	0.02453	0.01721	0.01948	0.01120	0.01435	0.00920	0.00767	0.00825	0.00213	0.08839	0.00522	0.00361	0.00820
11	0.09182	0.01500	0.05449	0.01326	0.01840	0.01388	0.01136	0.19611	0.03826	0.32800	0.12141	0.02510	0.02223	0.00930	0.00708	0.00220	0.00631	0.00744	0.00750	0.01084
12	0.00862	0.00641	0.00804	0.00935	0.01018	0.00583	0.00636	0.00998	0.01418	0.01840	0.04615	0.60314	0.18461	0.02141	0.00895	0.00279	0.00402	0.01915	0.00661	0.00583
13	0.02410	0.02924	0.02202	0.02165	0.10447	0.52835	0.05108	0.02827	0.08612	0.01965	0.01326	0.01512	0.01076	0.00738	0.00669	0.00196	0.01156	0.00535	0.00400	0.00899
14	0.01448	0.03542	0.65903	0.02108	0.03133	0.01665	0.07872	0.02257	0.01518	0.02257	0.01291	0.01537	0.00916	0.00670	0.00690	0.00227	0.01064	0.00551	0.00305	0.01045
15	0.00923	0.00725	0.00834	0.00807	0.01012	0.00636	0.00605	0.01179	0.01815	0.02379	0.37962	0.06104	0.39212	0.01634	0.00841	0.00232	0.00349	0.01398	0.00721	0.00636
16	0.01237	0.00618	0.00928	0.00928	0.00928	0.00618	0.00618	0.00928	0.00928	0.01237	0.01237	0.02165	0.01237	0.02474	0.02783	0.79283	0.00618	0.00618	0.00309	0.00309
17	0.01017	0.00763	0.01144	0.01144	0.01272	0.00890	0.00890	0.01272	0.01144	0.01653	0.01907	0.02797	0.01780	0.05340	0.72153	0.01144	0.01907	0.00763	0.00381	0.00636
18	0.01023	0.00740	0.01028	0.01028	0.01115	0.00827	0.00745	0.01197	0.01110	0.01567	0.02014	0.03388	0.02036	0.27410	0.50434	0.01000	0.01522	0.00849	0.00397	0.00571
19	0.01716	0.01826	0.02114	0.01835	0.01900	0.13512	0.01502	0.01880	0.01244	0.01716	0.01000	0.01562	0.00965	0.01323	0.04794	0.00323	0.59081	0.00602	0.00323	0.00781
20	0.01220	0.00997	0.01435	0.01323	0.01505	0.01030	0.07606	0.08484	0.01647	0.02226	0.08254	0.44398	0.06893	0.01751	0.01000	0.00271	0.07085	0.01550	0.00614	0.00711
21	0.00866	0.00625	0.00821	0.00979	0.01029	0.00579	0.00655	0.00993	0.01376	0.01823	0.04082	0.71267	0.07852	0.02210	0.00906	0.00287	0.00411	0.01999	0.00661	0.00579
22	0.01953	0.02063	0.02797	0.05868	0.38036	0.16089	0.11200	0.05458	0.01759	0.02255	0.01299	0.01679	0.01066	0.00695	0.00796	0.00216	0.04756	0.00627	0.00370	0.01017
23	0.80005	0.01377	0.01047	0.00936	0.01377	0.01597	0.00771	0.02093	0.01212	0.03195	0.00991	0.01157	0.00771	0.00661	0.00441	0.00220	0.00551	0.00386	0.00441	0.00771
24	0.02602	0.01938	0.02079	0.01605	0.02166	0.02135	0.01321	0.61568	0.07659	0.04312	0.01773	0.01764	0.01269	0.00851	0.00707	0.00212	0.00760	0.00644	0.00703	0.03932
25	0.00894	0.00652	0.00814	0.00932	0.01005	0.00605	0.00630	0.01019	0.01375	0.01792	0.04254	0.52227	0.15267	0.11205	0.01238	0.00332	0.00448	0.04110	0.00632	0.00567
26	0.00866	0.00625	0.00821	0.00978	0.01029	0.00580	0.00655	0.00993	0.01377	0.01823	0.04095	0.71008	0.08102	0.02209	0.00905	0.00287	0.00410	0.01997	0.00661	0.00580
