[name]
unknown

[dist]
# distance from previous block
# <min> <max>
21	120

[block]
# block no. 0 follows, 33 sequences, length 26
# corresponding to MSA columns:
# 150-175
name=unknown_A
#
# <colnr> <probs for GDERKNQSTAVLIFYWHMCP>
#	G	D	E	R	K	N	Q	S	T	A	V	L	I	F	Y	W	H	M	C	P
0	0.05479	0.12590	0.12695	0.03402	0.04441	0.04071	0.01234	0.10227	0.09008	0.05125	0.09729	0.02119	0.04194	0.00923	0.03123	0.00214	0.00693	0.00620	0.00474	0.09638
1	0.04983	0.05954	0.13400	0.05802	0.07292	0.12227	0.01419	0.17110	0.10778	0.06242	0.05160	0.01770	0.01383	0.00741	0.00624	0.00195	0.00773	0.00577	0.00482	0.03087
2	0.03985	0.11555	0.07036	0.01520	0.05447	0.16195	0.05658	0.06936	0.03890	0.04159	0.08154	0.04840	0.08240	0.00978	0.00667	0.00205	0.00751	0.08513	0.00471	0.00800
3	0.08335	0.15380	0.05684	0.01200	0.01580	0.03939	0.03010	0.07905	0.07957	0.05514	0.08152	0.12800	0.06176	0.01160	0.03377	0.00234	0.03182	0.00817	0.00499	0.03099
4	0.01729	0.10992	0.08723	0.01524	0.01971	0.14740	0.10273	0.10113	0.05849	0.04865	0.12057	0.02139	0.01886	0.01242	0.08736	0.00288	0.00914	0.00661	0.00459	0.00840
5	0.04021	0.35194	0.15174	0.01361	0.01915	0.09502	0.03076	0.02127	0.05927	0.04382	0.03936	0.01586	0.03106	0.00694	0.00593	0.00176	0.03301	0.00498	0.00364	0.03067
6	0.23075	0.09407	0.11060	0.01183	0.01651	0.07618	0.01088	0.02220	0.05756	0.15692	0.06177	0.03837	0.04172	0.00950	0.03261	0.00230	0.00683	0.00603	0.00495	0.00842
7	0.04156	0.10980	0.01445	0.11629	0.01693	0.03654	0.00929	0.04702	0.01432	0.01836	0.03308	0.11671	0.24383	0.05738	0.03109	0.00268	0.04576	0.03362	0.00471	0.00659
8	0.01327	0.04067	0.07305	0.02966	0.05361	0.01109	0.03716	0.05818	0.04090	0.02119	0.01922	0.20230	0.01925	0.00990	0.00675	0.00184	0.02301	0.02772	0.00455	0.30667
9	0.01837	0.08608	0.05512	0.01293	0.01738	0.05789	0.01095	0.21728	0.16931	0.06380	0.07969	0.06027	0.04616	0.00901	0.00645	0.00195	0.00626	0.00723	0.00577	0.06809
10	0.00813	0.00595	0.00760	0.00887	0.00953	0.00549	0.00606	0.00938	0.01293	0.01692	0.03992	0.62036	0.13619	0.04346	0.00913	0.00274	0.00392	0.04202	0.00604	0.00536
11	0.04710	0.09466	0.19774	0.01834	0.09196	0.07850	0.09081	0.03823	0.08068	0.08621	0.01560	0.05545	0.01254	0.00725	0.00625	0.00195	0.00797	0.00615	0.00418	0.05843
12	0.01638	0.16894	0.22159	0.08580	0.10529	0.01772	0.07180	0.10449	0.01616	0.04300	0.01351	0.01791	0.01096	0.00716	0.00680	0.00202	0.03572	0.04183	0.00371	0.00921
13	0.01542	0.01733	0.03722	0.06581	0.07165	0.01649	0.63215	0.02082	0.01539	0.02089	0.01319	0.01767	0.00995	0.00562	0.00764	0.00220	0.01081	0.00757	0.00331	0.00888
14	0.01261	0.01188	0.02007	0.71986	0.07691	0.01467	0.01837	0.01698	0.01325	0.01704	0.01173	0.01749	0.00885	0.00655	0.00658	0.00218	0.00873	0.00585	0.00294	0.00746
15	0.06032	0.12556	0.22123	0.04435	0.02287	0.09692	0.07430	0.07251	0.04177	0.10003	0.02635	0.01671	0.02724	0.00715	0.00666	0.00199	0.03530	0.00555	0.00414	0.00907
16	0.01022	0.00974	0.05667	0.00936	0.01206	0.00812	0.00783	0.05619	0.06802	0.02075	0.08893	0.13769	0.40201	0.01527	0.00771	0.00231	0.00442	0.07007	0.00603	0.00660
17	0.00834	0.00658	0.00752	0.00752	0.00929	0.00576	0.00555	0.01043	0.01596	0.02062	0.28835	0.14287	0.41573	0.01605	0.00785	0.00222	0.00331	0.01379	0.00650	0.00576
18	0.02081	0.04021	0.01572	0.01258	0.01664	0.06438	0.01006	0.19944	0.17020	0.19864	0.02675	0.08904	0.08634	0.01000	0.00677	0.00209	0.00604	0.00812	0.00655	0.00963
19	0.01588	0.10309	0.12326	0.16979	0.19156	0.08369	0.13031	0.03850	0.01496	0.01946	0.01217	0.01640	0.00987	0.03475	0.00741	0.00215	0.00903	0.00577	0.00322	0.00876
20	0.00902	0.00623	0.00811	0.00927	0.01016	0.00576	0.00658	0.01048	0.01339	0.04229	0.03943	0.57992	0.12401	0.01945	0.00834	0.00264	0.00406	0.08901	0.00618	0.00565
21	0.01124	0.00874	0.00961	0.00998	0.01124	0.06752	0.00724	0.01286	0.03890	0.04226	0.03148	0.32526	0.11919	0.02173	0.09886	0.11842	0.00659	0.04795	0.00520	0.00571
22	0.01636	0.04953	0.32808	0.07588	0.20233	0.06085	0.03795	0.02160	0.01506	0.09062	0.03187	0.01639	0.01115	0.00655	0.00637	0.00201	0.00868	0.00554	0.00361	0.00958
23	0.05274	0.06013	0.21636	0.09785	0.08107	0.13318	0.05165	0.05706	0.05369	0.05437	0.04031	0.04536	0.01311	0.00741	0.00633	0.00202	0.00851	0.00604	0.00397	0.00884
24	0.01928	0.04498	0.01765	0.01431	0.01742	0.24257	0.05648	0.15967	0.01796	0.04721	0.01482	0.02047	0.01301	0.14423	0.04994	0.00314	0.05624	0.00616	0.04670	0.00776
25	0.01666	0.04564	0.10583	0.10092	0.24056	0.08101	0.08115	0.11399	0.01724	0.02300	0.06204	0.01833	0.01369	0.00885	0.04063	0.00239	0.00883	0.00618	0.00392	0.00916

[dist]
# distance from previous block
# <min> <max>
0	2

[block]
# block no. 1 follows, 33 sequences, length 24
# corresponding to MSA columns:
# 178-201
name=unknown_B
#
# <colnr> <probs for GDERKNQSTAVLIFYWHMCP>
#	G	D	E	R	K	N	Q	S	T	A	V	L	I	F	Y	W	H	M	C	P
0	0.02235	0.01706	0.13153	0.03478	0.09141	0.01391	0.07454	0.16485	0.01952	0.29867	0.01869	0.01870	0.01273	0.00729	0.00656	0.00202	0.00725	0.00619	0.04159	0.01037
1	0.04659	0.01485	0.02423	0.12880	0.38508	0.01539	0.09651	0.06328	0.06267	0.05416	0.01431	0.01745	0.01117	0.00642	0.00655	0.00203	0.00778	0.00615	0.02692	0.00966
2	0.01320	0.03405	0.73453	0.01876	0.02849	0.01529	0.02432	0.02085	0.01390	0.02085	0.01181	0.01390	0.00834	0.00625	0.00625	0.00208	0.00973	0.00486	0.00278	0.00973
3	0.81514	0.01273	0.00968	0.00866	0.01273	0.01477	0.00713	0.01935	0.01120	0.02954	0.00917	0.01069	0.00713	0.00611	0.00407	0.00204	0.00509	0.00356	0.00407	0.00713
4	0.01822	0.70835	0.03319	0.01167	0.01720	0.05409	0.01138	0.05177	0.01440	0.01672	0.00950	0.01086	0.00858	0.00578	0.00440	0.00145	0.00724	0.00366	0.00301	0.00854
5	0.01449	0.01388	0.05924	0.16568	0.32025	0.01307	0.01584	0.01897	0.04618	0.04858	0.08088	0.04511	0.03813	0.00765	0.00658	0.00197	0.00693	0.00693	0.00412	0.08553
6	0.00938	0.00688	0.00890	0.00883	0.01045	0.00640	0.00691	0.01231	0.01755	0.02412	0.51640	0.05560	0.13464	0.01473	0.00802	0.00227	0.00370	0.13992	0.00689	0.00611
7	0.00998	0.00675	0.00907	0.00907	0.01008	0.00747	0.00671	0.01201	0.01100	0.01656	0.01897	0.02896	0.01799	0.18149	0.46362	0.00804	0.01266	0.00737	0.15663	0.00556
8	0.00809	0.00668	0.00710	0.00700	0.00908	0.00569	0.00525	0.01005	0.01575	0.01954	0.20070	0.06047	0.58979	0.01602	0.00778	0.00219	0.00329	0.01349	0.00634	0.00569
9	0.00812	0.00668	0.00714	0.00703	0.00910	0.00570	0.00527	0.01011	0.01582	0.01971	0.21342	0.06019	0.57698	0.01596	0.00778	0.00219	0.00328	0.01345	0.00637	0.00570
10	0.01365	0.01170	0.01365	0.00975	0.01560	0.00878	0.00780	0.01658	0.01365	0.02145	0.01170	0.01365	0.00975	0.00488	0.00488	0.00098	0.00488	0.00390	0.00390	0.80888
11	0.01845	0.02021	0.11732	0.02711	0.26720	0.06668	0.16507	0.18957	0.01915	0.02588	0.01320	0.01588	0.01012	0.00641	0.00673	0.00202	0.00890	0.00605	0.00404	0.01000
12	0.03926	0.03332	0.01561	0.06950	0.01780	0.04050	0.05585	0.14681	0.07691	0.08611	0.07907	0.12693	0.02249	0.11469	0.04294	0.00309	0.00694	0.00884	0.00544	0.00791
13	0.01144	0.00572	0.00858	0.00858	0.00858	0.00572	0.00572	0.00858	0.00858	0.01144	0.01144	0.02001	0.01144	0.02287	0.02573	0.80846	0.00572	0.00572	0.00286	0.00286
14	0.01042	0.00769	0.01028	0.01013	0.01115	0.00856	0.00744	0.05742	0.01205	0.01676	0.02101	0.15204	0.02200	0.19720	0.39213	0.00751	0.03674	0.00943	0.00424	0.00578
15	0.01854	0.38649	0.12338	0.01388	0.03911	0.06283	0.01309	0.08832	0.06540	0.07541	0.04599	0.01545	0.01267	0.00680	0.00542	0.00172	0.00731	0.00495	0.00411	0.00914
16	0.01667	0.05726	0.04435	0.04550	0.27312	0.14701	0.04467	0.02113	0.07956	0.04488	0.01890	0.11817	0.04285	0.00880	0.00666	0.00204	0.00773	0.00770	0.00422	0.00879
17	0.00938	0.00630	0.00724	0.00743	0.00748	0.00625	0.00426	0.00952	0.00996	0.01328	0.02273	0.13508	0.02643	0.67323	0.03031	0.00591	0.00606	0.01074	0.00426	0.00416
18	0.01049	0.00787	0.01196	0.03455	0.04387	0.00776	0.07535	0.01153	0.01156	0.01566	0.02298	0.22545	0.02556	0.29736	0.01952	0.09800	0.00612	0.04041	0.02876	0.00524
19	0.01997	0.52334	0.02927	0.01304	0.01806	0.21425	0.01174	0.07060	0.01603	0.01752	0.00990	0.01128	0.00865	0.00610	0.00484	0.00152	0.00833	0.00388	0.00324	0.00843
20	0.01515	0.01610	0.10771	0.04651	0.02125	0.04036	0.10491	0.03869	0.03509	0.05443	0.01403	0.04401	0.01146	0.00625	0.00587	0.00154	0.00684	0.00550	0.00406	0.42023
21	0.04760	0.27943	0.15249	0.01470	0.02017	0.15423	0.06487	0.05084	0.01586	0.04163	0.06664	0.03689	0.01398	0.00717	0.00574	0.00180	0.00823	0.00549	0.00377	0.00845
22	0.01091	0.00979	0.01318	0.01168	0.01418	0.03275	0.10103	0.01559	0.11128	0.02097	0.17382	0.21074	0.21965	0.01408	0.00771	0.00228	0.00499	0.01260	0.00595	0.00682
23	0.01772	0.04382	0.01797	0.01649	0.09781	0.03610	0.05555	0.07376	0.30357	0.11634	0.05643	0.05360	0.06323	0.00914	0.00679	0.00212	0.00608	0.00787	0.00599	0.00963

[dist]
# distance from previous block
# <min> <max>
0	2

[block]
# block no. 2 follows, 33 sequences, length 59
# corresponding to MSA columns:
# 204-262
name=unknown_C
#
# <colnr> <probs for GDERKNQSTAVLIFYWHMCP>
#	G	D	E	R	K	N	Q	S	T	A	V	L	I	F	Y	W	H	M	C	P
0	0.01701	0.04792	0.17140	0.11405	0.04085	0.09918	0.08152	0.08794	0.17324	0.04442	0.01607	0.01777	0.01210	0.00885	0.03688	0.00241	0.00880	0.00599	0.00436	0.00924
1	0.01830	0.16684	0.14255	0.01667	0.04160	0.04575	0.13346	0.06949	0.04569	0.14247	0.05153	0.04563	0.01551	0.00778	0.00645	0.00199	0.00777	0.02662	0.00469	0.00921
2	0.00814	0.00611	0.00758	0.00863	0.00959	0.00555	0.00605	0.00960	0.01361	0.01760	0.07280	0.51804	0.22085	0.01918	0.00825	0.00255	0.00378	0.05045	0.00616	0.00547
3	0.64980	0.04435	0.03597	0.00925	0.01382	0.01446	0.00797	0.01905	0.01171	0.02760	0.00959	0.01119	0.00757	0.00593	0.00426	0.00187	0.00530	0.00365	0.00396	0.11270
4	0.01479	0.01391	0.04674	0.01278	0.01885	0.01096	0.09492	0.07329	0.01530	0.02301	0.01224	0.01434	0.00984	0.00526	0.00543	0.00126	0.00604	0.00458	0.00400	0.61246
5	0.00803	0.00653	0.00716	0.00760	0.00937	0.00566	0.00564	0.00969	0.01450	0.01771	0.05783	0.21602	0.52833	0.01764	0.00801	0.00238	0.00363	0.06261	0.00611	0.00555
6	0.02055	0.47451	0.02804	0.01340	0.01818	0.29283	0.01176	0.02252	0.01550	0.03595	0.01001	0.01138	0.00868	0.00613	0.00493	0.00153	0.00880	0.00388	0.00318	0.00822
7	0.01324	0.01125	0.01204	0.01092	0.01411	0.01205	0.00843	0.02494	0.42000	0.02468	0.12266	0.03659	0.19802	0.01119	0.00700	0.00214	0.00447	0.00940	0.00648	0.05038
8	0.02085	0.01584	0.01903	0.08477	0.14333	0.09465	0.03360	0.19938	0.04454	0.16200	0.04687	0.05629	0.01564	0.00818	0.00665	0.00202	0.00729	0.00686	0.02260	0.00962
9	0.01824	0.01357	0.01506	0.01283	0.01639	0.01465	0.01027	0.39827	0.06773	0.03173	0.04107	0.17743	0.06974	0.01218	0.00729	0.00225	0.00596	0.06989	0.00643	0.00901
10	0.00792	0.00667	0.00686	0.00681	0.00898	0.00562	0.00511	0.00971	0.01533	0.01856	0.12554	0.06209	0.66557	0.01638	0.00778	0.00221	0.00331	0.01372	0.00621	0.00562
11	0.01296	0.00752	0.00836	0.00770	0.00970	0.00744	0.00590	0.07180	0.01680	0.05190	0.21962	0.03202	0.05413	0.00965	0.00584	0.00176	0.00352	0.00803	0.45861	0.00674
12	0.01268	0.01155	0.01848	0.29966	0.22901	0.01280	0.01516	0.01655	0.03111	0.01968	0.11083	0.09564	0.04966	0.00932	0.00757	0.00219	0.03784	0.00827	0.00412	0.00787
13	0.01789	0.74200	0.03384	0.01150	0.01704	0.05562	0.01132	0.01998	0.01359	0.01551	0.00919	0.01061	0.00845	0.00568	0.00429	0.00142	0.00724	0.00355	0.00284	0.00841
14	0.01017	0.00781	0.01159	0.04660	0.01325	0.00872	0.04194	0.01214	0.01079	0.01536	0.01787	0.02937	0.01760	0.23908	0.42434	0.00801	0.03520	0.00764	0.03689	0.00563
15	0.01717	0.27412	0.26758	0.03688	0.12441	0.07023	0.01723	0.04921	0.01514	0.05416	0.01175	0.01357	0.00920	0.00620	0.00564	0.00181	0.00839	0.00467	0.00332	0.00933
16	0.02341	0.02830	0.01823	0.01649	0.01958	0.62953	0.01248	0.02510	0.01778	0.04568	0.01166	0.03981	0.01009	0.00771	0.00726	0.00184	0.06876	0.00498	0.00365	0.00766
17	0.04965	0.00659	0.00738	0.00758	0.00785	0.00663	0.00450	0.01000	0.01016	0.01427	0.02273	0.16079	0.02634	0.60670	0.02788	0.00555	0.00589	0.01079	0.00434	0.00437
18	0.00832	0.00658	0.00741	0.00742	0.00918	0.00575	0.00544	0.01029	0.01562	0.02001	0.25331	0.13242	0.43564	0.04237	0.00874	0.00237	0.00343	0.01367	0.00637	0.00567
19	0.00808	0.00576	0.00762	0.00909	0.00945	0.00539	0.00602	0.00918	0.01248	0.01664	0.03565	0.73490	0.04274	0.05116	0.00943	0.00283	0.00392	0.01834	0.00602	0.00529
20	0.01769	0.02104	0.24610	0.01903	0.09599	0.08348	0.10643	0.02239	0.01640	0.16641	0.12010	0.02141	0.01836	0.00762	0.00675	0.00204	0.00810	0.00669	0.00472	0.00927
21	0.01738	0.58497	0.06596	0.01180	0.01756	0.05241	0.01157	0.04006	0.01418	0.01732	0.00985	0.01134	0.00869	0.00568	0.00455	0.00142	0.00710	0.00374	0.00309	0.11133
22	0.00966	0.00739	0.01089	0.01075	0.01181	0.00874	0.00833	0.01185	0.01051	0.01519	0.01733	0.02613	0.01643	0.08245	0.67198	0.00999	0.05409	0.00711	0.00352	0.00585
23	0.01915	0.21469	0.15387	0.01592	0.02111	0.26817	0.04287	0.05203	0.07899	0.01910	0.01200	0.01359	0.00967	0.00682	0.00652	0.00184	0.04673	0.00475	0.00354	0.00865
24	0.01599	0.04073	0.04559	0.21146	0.08001	0.01530	0.06355	0.19712	0.07308	0.02519	0.04214	0.10253	0.04055	0.00906	0.00686	0.00214	0.00725	0.00792	0.00482	0.00873
25	0.01441	0.01308	0.01536	0.06112	0.04608	0.11376	0.07790	0.01774	0.03750	0.02057	0.06490	0.02419	0.05189	0.03968	0.00933	0.00217	0.11239	0.00690	0.26400	0.00705
26	0.01418	0.01139	0.01344	0.00982	0.01537	0.00866	0.00781	0.01700	0.01386	0.05681	0.01360	0.05030	0.01171	0.00580	0.00513	0.00111	0.00486	0.00475	0.00422	0.73018
27	0.00940	0.00705	0.01058	0.01058	0.01176	0.00823	0.00823	0.01176	0.01058	0.01528	0.01763	0.02586	0.01646	0.04937	0.74255	0.01058	0.01763	0.00705	0.00353	0.00588
28	0.01075	0.00887	0.01114	0.01071	0.01286	0.00894	0.04222	0.01689	0.18614	0.02127	0.12400	0.24880	0.18793	0.01506	0.00779	0.00240	0.00451	0.06648	0.00625	0.00697
29	0.02632	0.01569	0.01801	0.01379	0.01901	0.01630	0.01138	0.44848	0.02620	0.28588	0.01930	0.01809	0.01297	0.00791	0.00655	0.00197	0.00660	0.00612	0.00707	0.03237
30	0.00873	0.00655	0.00810	0.00805	0.00956	0.00591	0.00591	0.01117	0.01676	0.02274	0.45225	0.17249	0.21678	0.01543	0.00788	0.00221	0.00328	0.01352	0.00679	0.00591
31	0.01563	0.01241	0.01506	0.01095	0.01668	0.01011	0.03128	0.06750	0.03208	0.06932	0.01334	0.01477	0.01054	0.00542	0.00525	0.00119	0.00531	0.00444	0.00442	0.65432
32	0.01587	0.02735	0.47986	0.03713	0.08093	0.01526	0.09663	0.06353	0.01563	0.08608	0.01354	0.01547	0.00958	0.00643	0.00650	0.00208	0.00919	0.00551	0.00360	0.00986
33	0.01977	0.01687	0.03852	0.01435	0.04801	0.07019	0.01132	0.29977	0.08787	0.04509	0.01523	0.01596	0.01150	0.00685	0.00597	0.00166	0.00665	0.00530	0.02178	0.25736
34	0.00986	0.00691	0.00867	0.00830	0.01010	0.00625	0.00631	0.01257	0.01750	0.05363	0.49859	0.07757	0.19801	0.01439	0.00781	0.00217	0.00343	0.04473	0.00695	0.00625
35	0.00957	0.00640	0.00728	0.00728	0.00732	0.00644	0.00412	0.00964	0.00960	0.01284	0.02065	0.04256	0.02371	0.74679	0.05505	0.00651	0.00672	0.00950	0.00397	0.00405
36	0.01609	0.02313	0.25050	0.01651	0.06609	0.20237	0.01504	0.02073	0.04942	0.05461	0.05288	0.12264	0.06306	0.00958	0.00669	0.00207	0.00821	0.00780	0.00431	0.00830
37	0.01512	0.01407	0.02395	0.06471	0.38807	0.01414	0.12623	0.06689	0.01531	0.02124	0.01582	0.08682	0.01481	0.09204	0.00989	0.00257	0.00783	0.00774	0.00383	0.00891
38	0.00878	0.00590	0.00771	0.00866	0.00903	0.00560	0.00569	0.00929	0.01190	0.01586	0.05998	0.49554	0.05928	0.13726	0.01468	0.11514	0.00444	0.01504	0.00538	0.00483
39	0.01251	0.01015	0.01580	0.05671	0.01763	0.01024	0.12407	0.08211	0.01651	0.03960	0.19471	0.08249	0.08094	0.04831	0.11785	0.00366	0.00784	0.06645	0.00536	0.00708
40	0.03356	0.02890	0.53628	0.01955	0.04556	0.01536	0.11166	0.05984	0.01511	0.02217	0.01444	0.01652	0.03805	0.00667	0.00649	0.00210	0.00934	0.00567	0.00325	0.00949
41	0.01124	0.00600	0.00856	0.00853	0.00881	0.00596	0.00577	0.00929	0.02614	0.01237	0.01661	0.02389	0.07373	0.02200	0.02371	0.71891	0.00550	0.00647	0.00323	0.00328
42	0.00958	0.00731	0.01091	0.01081	0.01195	0.00865	0.00844	0.01190	0.01056	0.01530	0.01732	0.02546	0.01619	0.04805	0.71741	0.01031	0.04340	0.00701	0.00350	0.00592
43	0.74753	0.04935	0.01124	0.03579	0.01412	0.01531	0.00773	0.01928	0.01138	0.02840	0.00926	0.01094	0.00725	0.00611	0.00417	0.00201	0.00532	0.00365	0.00397	0.00720
44	0.00847	0.00610	0.00812	0.00949	0.01017	0.00574	0.00677	0.01002	0.01338	0.01775	0.07058	0.59847	0.06770	0.01976	0.00846	0.00268	0.00411	0.12055	0.00616	0.00551
45	0.02169	0.04051	0.01693	0.01340	0.01791	0.01624	0.01083	0.21023	0.35298	0.19114	0.02311	0.02129	0.01649	0.00837	0.00657	0.00209	0.00590	0.00672	0.00687	0.01074
46	0.01758	0.04492	0.17925	0.01354	0.01972	0.03088	0.03117	0.12037	0.01701	0.12431	0.01576	0.01692	0.02646	0.00867	0.04276	0.00210	0.00744	0.00527	0.00460	0.27124
47	0.39391	0.10162	0.01559	0.06163	0.01733	0.19001	0.00984	0.04835	0.01448	0.02382	0.03523	0.03964	0.01105	0.00709	0.00509	0.00192	0.00716	0.00479	0.00398	0.00748
48	0.02503	0.01844	0.01976	0.01515	0.02042	0.02042	0.01251	0.70562	0.03095	0.04149	0.01581	0.01581	0.01120	0.00790	0.00659	0.00198	0.00724	0.00593	0.00659	0.01120
49	0.01459	0.01603	0.08908	0.13210	0.22107	0.01467	0.21051	0.05237	0.01480	0.02047	0.01372	0.01938	0.01140	0.06331	0.07477	0.00316	0.00981	0.00668	0.00343	0.00866
50	0.01513	0.01165	0.01380	0.00993	0.01571	0.00886	0.00798	0.01802	0.01413	0.08765	0.01303	0.01447	0.01036	0.00518	0.00504	0.00107	0.00494	0.00415	0.00430	0.73458
51	0.00858	0.00646	0.00783	0.00797	0.00937	0.00583	0.00573	0.01066	0.01573	0.02099	0.33791	0.22134	0.24751	0.05279	0.00917	0.00247	0.00350	0.01397	0.00649	0.00571
52	0.01416	0.01330	0.08031	0.01529	0.09448	0.01195	0.03543	0.13262	0.06493	0.02514	0.14966	0.02859	0.05300	0.01551	0.12011	0.00333	0.00777	0.03067	0.06216	0.04161
53	0.01746	0.01390	0.01492	0.01326	0.01709	0.01582	0.01036	0.03474	0.65816	0.08570	0.02673	0.02438	0.01978	0.00887	0.00669	0.00222	0.00524	0.00738	0.00682	0.01048
54	0.01251	0.01099	0.01092	0.01023	0.01177	0.11501	0.00753	0.04335	0.01531	0.02019	0.26263	0.03470	0.03230	0.17409	0.16080	0.00461	0.02673	0.00874	0.03146	0.00613
55	0.00811	0.00589	0.00767	0.00906	0.00966	0.00546	0.00620	0.00938	0.01293	0.01701	0.03896	0.67262	0.10460	0.02017	0.00838	0.00265	0.00387	0.04588	0.00611	0.00540
56	0.00881	0.00671	0.00810	0.00775	0.00953	0.00600	0.00581	0.01145	0.01744	0.02357	0.50849	0.05383	0.27949	0.01451	0.00777	0.00212	0.00318	0.01256	0.00688	0.00600
57	0.01335	0.01379	0.10684	0.10610	0.18280	0.01221	0.01443	0.01709	0.03441	0.05433	0.02120	0.06825	0.07603	0.01531	0.10026	0.03621	0.06244	0.05295	0.00409	0.00791
58	0.01909	0.61490	0.03113	0.01248	0.01763	0.17842	0.01157	0.02111	0.01450	0.01562	0.00937	0.01084	0.00846	0.00588	0.00459	0.00147	0.00807	0.00367	0.00294	0.00827

[dist]
# distance from previous block
# <min> <max>
0	1

[block]
# block no. 3 follows, 33 sequences, length 24
# corresponding to MSA columns:
# 264-287
name=unknown_D
#
# <colnr> <probs for GDERKNQSTAVLIFYWHMCP>
#	G	D	E	R	K	N	Q	S	T	A	V	L	I	F	Y	W	H	M	C	P
0	0.01691	0.05742	0.40016	0.01779	0.05176	0.01541	0.05592	0.07477	0.09008	0.11593	0.03076	0.01719	0.01216	0.00698	0.00641	0.00206	0.00827	0.00574	0.00432	0.00995
1	0.05083	0.05359	0.02136	0.01757	0.04855	0.26314	0.11022	0.11915	0.16393	0.06346	0.01573	0.01654	0.01194	0.00717	0.00636	0.00195	0.00878	0.00578	0.00477	0.00920
2	0.48277	0.06854	0.01484	0.03446	0.04393	0.22224	0.00983	0.02130	0.01367	0.02410	0.00965	0.01144	0.00778	0.00627	0.00478	0.00190	0.00736	0.00391	0.00373	0.00749
3	0.04071	0.01954	0.12789	0.02024	0.04682	0.04098	0.25417	0.13663	0.19418	0.02611	0.01665	0.01815	0.01237	0.00695	0.00688	0.00213	0.00854	0.00667	0.00465	0.00972
4	0.00802	0.00573	0.00764	0.00917	0.00955	0.00535	0.00611	0.00917	0.01260	0.01681	0.03628	0.76434	0.04354	0.02062	0.00840	0.00267	0.00382	0.01872	0.00611	0.00535
5	0.01151	0.01016	0.07547	0.00980	0.01252	0.00813	0.00848	0.01430	0.01609	0.09206	0.27395	0.07307	0.27081	0.01362	0.00854	0.00223	0.05629	0.02997	0.00617	0.00684
6	0.01540	0.01201	0.01343	0.01169	0.01532	0.01269	0.00911	0.02743	0.42231	0.07524	0.17502	0.02824	0.02749	0.00931	0.00668	0.00201	0.00474	0.00787	0.00654	0.11748
7	0.01345	0.07485	0.69585	0.01835	0.02785	0.01588	0.02360	0.02079	0.01387	0.02055	0.01167	0.01371	0.00835	0.00622	0.00614	0.00205	0.00958	0.00479	0.00278	0.00966
8	0.00941	0.00702	0.01043	0.01043	0.01155	0.00815	0.00804	0.01166	0.01054	0.01517	0.01777	0.02662	0.01679	0.08097	0.71140	0.01040	0.01714	0.00716	0.00355	0.00579
9	0.02153	0.28825	0.02556	0.01573	0.02012	0.44289	0.06003	0.02364	0.01660	0.01624	0.01004	0.01182	0.00857	0.00630	0.00547	0.00163	0.01014	0.00423	0.00319	0.00800
10	0.01404	0.01337	0.02355	0.38942	0.27729	0.01470	0.09079	0.01798	0.01379	0.01859	0.01209	0.01728	0.00962	0.00713	0.00774	0.04666	0.00852	0.00605	0.00308	0.00831
11	0.01311	0.00871	0.01046	0.02535	0.01243	0.00823	0.00711	0.06222	0.01414	0.04347	0.01969	0.07913	0.03750	0.01518	0.10520	0.07610	0.00625	0.00687	0.24435	0.20452
12	0.01124	0.00882	0.01215	0.09068	0.09285	0.00932	0.00915	0.04331	0.01391	0.01926	0.10763	0.08461	0.10967	0.15298	0.12281	0.00416	0.02743	0.00931	0.06426	0.00644
13	0.00945	0.00639	0.00741	0.00748	0.00784	0.00631	0.00455	0.01008	0.01103	0.01502	0.08654	0.09716	0.05848	0.56059	0.05078	0.00550	0.00602	0.01044	0.03443	0.00450
14	0.01277	0.01197	0.02014	0.64952	0.11659	0.01447	0.01820	0.01706	0.01343	0.01743	0.01264	0.01954	0.01004	0.00694	0.00667	0.00220	0.00857	0.03115	0.00308	0.00760
15	0.00838	0.00636	0.00765	0.00801	0.00934	0.00571	0.00571	0.01026	0.01512	0.01990	0.25337	0.29283	0.27477	0.04101	0.00880	0.00246	0.00352	0.01477	0.00639	0.00563
16	0.01420	0.01432	0.02185	0.01814	0.01906	0.01890	0.10082	0.01622	0.01080	0.01647	0.00985	0.01562	0.00935	0.01339	0.06976	0.00333	0.61151	0.00610	0.00298	0.00732
17	0.01088	0.00937	0.01336	0.01265	0.01326	0.01185	0.00997	0.01267	0.01081	0.01579	0.01823	0.17061	0.01916	0.03026	0.34097	0.00628	0.27487	0.00895	0.00382	0.00624
18	0.00802	0.00573	0.00764	0.00917	0.00955	0.00535	0.00611	0.00917	0.01260	0.01681	0.03628	0.76434	0.04354	0.02062	0.00840	0.00267	0.00382	0.01872	0.00611	0.00535
19	0.01536	0.01312	0.01645	0.01701	0.12921	0.01415	0.03497	0.09186	0.34372	0.02688	0.14987	0.02906	0.07045	0.00954	0.00696	0.00213	0.00553	0.00827	0.00608	0.00938
20	0.04080	0.11938	0.16408	0.01364	0.01865	0.03592	0.06801	0.02025	0.04232	0.14223	0.05915	0.12704	0.06138	0.00983	0.00661	0.00207	0.00672	0.02516	0.00498	0.03179
21	0.08836	0.07934	0.04118	0.01860	0.13233	0.20879	0.03225	0.09560	0.06759	0.04706	0.01292	0.01458	0.01024	0.00679	0.00655	0.00184	0.04179	0.00503	0.00413	0.08503
22	0.08765	0.09094	0.18246	0.01880	0.10118	0.09997	0.07785	0.13378	0.04053	0.04477	0.01369	0.03383	0.01084	0.00807	0.02586	0.00220	0.00862	0.00565	0.00408	0.00924
23	0.04862	0.20360	0.16496	0.01611	0.03803	0.08409	0.08648	0.08952	0.05861	0.10188	0.01417	0.01543	0.01071	0.00803	0.03034	0.00217	0.00848	0.00529	0.00420	0.00928

[dist]
# distance from previous block
# <min> <max>
5	16

[block]
# block no. 4 follows, 33 sequences, length 34
# corresponding to MSA columns:
# 304-337
name=unknown_E
#
# <colnr> <probs for GDERKNQSTAVLIFYWHMCP>
#	G	D	E	R	K	N	Q	S	T	A	V	L	I	F	Y	W	H	M	C	P
0	0.05743	0.10642	0.04553	0.04849	0.10219	0.21286	0.01251	0.02234	0.05806	0.08933	0.04240	0.01893	0.05415	0.00772	0.00685	0.00188	0.04929	0.00575	0.00427	0.05359
1	0.01767	0.08740	0.06427	0.13038	0.09379	0.23674	0.06680	0.05242	0.03590	0.01928	0.01416	0.06207	0.01253	0.00771	0.00636	0.00194	0.00895	0.03085	0.00374	0.04703
2	0.05298	0.01771	0.01793	0.08507	0.13959	0.19828	0.01304	0.10311	0.07407	0.05147	0.03126	0.09467	0.02927	0.00899	0.00745	0.00208	0.05279	0.00712	0.00458	0.00852
3	0.01337	0.01119	0.01470	0.01238	0.04789	0.00981	0.05053	0.07428	0.01628	0.02359	0.15940	0.02667	0.05797	0.01019	0.04190	0.00200	0.00582	0.03154	0.00491	0.38557
4	0.01366	0.01226	0.01149	0.01105	0.01330	0.12618	0.00826	0.07335	0.08227	0.03699	0.07935	0.26970	0.14600	0.01519	0.02735	0.00248	0.00591	0.03589	0.00578	0.02354
5	0.00962	0.00671	0.00873	0.00893	0.00986	0.00709	0.00649	0.01129	0.01137	0.01602	0.02477	0.07868	0.07290	0.24723	0.31879	0.00690	0.01033	0.05935	0.07962	0.00532
6	0.00913	0.00640	0.00729	0.00739	0.00790	0.00615	0.00454	0.00978	0.01151	0.01515	0.09371	0.11347	0.13544	0.51617	0.02492	0.00501	0.00538	0.01129	0.00481	0.00456
7	0.01972	0.01472	0.01601	0.01346	0.01764	0.01638	0.01073	0.23465	0.40588	0.09445	0.06561	0.02323	0.01963	0.00883	0.00672	0.00213	0.00573	0.00718	0.00683	0.01047
8	0.01441	0.00931	0.01168	0.01171	0.03944	0.00914	0.00891	0.04313	0.11262	0.14291	0.09164	0.14199	0.15365	0.01406	0.00773	0.00241	0.00496	0.16608	0.00653	0.00771
9	0.02463	0.01824	0.01953	0.01507	0.02027	0.02023	0.01242	0.67501	0.06221	0.04085	0.01631	0.01621	0.01160	0.00795	0.00659	0.00199	0.00715	0.00600	0.00659	0.01116
10	0.01734	0.01292	0.01938	0.38114	0.12790	0.01446	0.01580	0.11228	0.03780	0.13282	0.01622	0.02104	0.01234	0.00757	0.00671	0.00215	0.00770	0.04100	0.00455	0.00889
11	0.00807	0.00582	0.00755	0.00891	0.00940	0.00541	0.00594	0.00920	0.01263	0.01670	0.03765	0.68614	0.08841	0.05269	0.00945	0.00280	0.00390	0.01800	0.00602	0.00530
12	0.05941	0.09498	0.01946	0.01414	0.01840	0.12784	0.01165	0.28405	0.05523	0.13405	0.01544	0.01591	0.01138	0.00786	0.00759	0.00198	0.08203	0.00548	0.02348	0.00964
13	0.01616	0.05088	0.01516	0.01287	0.01619	0.06904	0.00998	0.07733	0.44985	0.02547	0.05094	0.13374	0.02307	0.01045	0.00681	0.00219	0.00566	0.00875	0.00619	0.00926
14	0.00914	0.00684	0.00871	0.00909	0.01051	0.00651	0.00690	0.01190	0.03487	0.02090	0.27389	0.22583	0.16556	0.01853	0.05255	0.00291	0.00472	0.11833	0.00635	0.00596
15	0.14724	0.01781	0.14695	0.15687	0.28487	0.01565	0.01756	0.06139	0.03567	0.02315	0.01219	0.01535	0.00952	0.00643	0.00639	0.00206	0.02281	0.00536	0.00354	0.00918
16	0.01727	0.42277	0.11510	0.01603	0.05724	0.05214	0.09595	0.02120	0.04007	0.05243	0.01282	0.01619	0.01088	0.00658	0.00551	0.00176	0.00792	0.03586	0.00347	0.00882
17	0.01314	0.00765	0.00990	0.00951	0.01152	0.00704	0.00717	0.03603	0.01658	0.15605	0.25253	0.27860	0.10009	0.01516	0.00780	0.00232	0.00412	0.05096	0.00687	0.00696
18	0.01126	0.00825	0.01093	0.01167	0.05490	0.00816	0.00838	0.04528	0.04672	0.04390	0.27972	0.15714	0.09068	0.01735	0.06670	0.00300	0.00550	0.11741	0.00624	0.00679
19	0.01698	0.02000	0.16413	0.01878	0.08030	0.09045	0.13333	0.11524	0.09478	0.05480	0.06284	0.02298	0.07925	0.00814	0.00684	0.00207	0.00804	0.00713	0.00473	0.00917
20	0.01544	0.01615	0.06695	0.25450	0.37305	0.03538	0.05228	0.04900	0.01504	0.02057	0.01217	0.01641	0.00970	0.00637	0.00699	0.00207	0.02958	0.00585	0.00327	0.00922
21	0.01802	0.00932	0.01110	0.00949	0.01267	0.00881	0.00749	0.08137	0.04252	0.25954	0.09431	0.07231	0.14170	0.01065	0.00655	0.00199	0.00445	0.00884	0.19058	0.00829
22	0.00873	0.00658	0.00830	0.00917	0.01036	0.00623	0.00678	0.01091	0.02993	0.01834	0.09249	0.38277	0.19832	0.02027	0.05235	0.00305	0.00486	0.11880	0.00605	0.00572
23	0.05515	0.16177	0.25760	0.04480	0.07869	0.12153	0.15040	0.02121	0.01473	0.01958	0.01130	0.01390	0.00881	0.00606	0.00606	0.00192	0.00941	0.00514	0.00308	0.00888
24	0.03744	0.04677	0.01345	0.01193	0.03863	0.04494	0.04994	0.03179	0.04683	0.06296	0.14284	0.21277	0.11891	0.04367	0.06424	0.00300	0.00621	0.01121	0.00556	0.00694
25	0.00928	0.00636	0.00717	0.00729	0.00753	0.00622	0.00425	0.00953	0.01033	0.01356	0.02632	0.10273	0.09160	0.63786	0.02907	0.00569	0.00589	0.01071	0.00436	0.00425
26	0.07173	0.00930	0.03089	0.01066	0.04235	0.00896	0.00760	0.04715	0.01315	0.12055	0.02048	0.08109	0.01949	0.26891	0.13615	0.00488	0.00771	0.00815	0.08415	0.00664
27	0.03635	0.16468	0.19852	0.07889	0.10063	0.01657	0.06195	0.07563	0.01624	0.14158	0.03814	0.01678	0.01209	0.00676	0.00611	0.00194	0.00780	0.00558	0.00427	0.00949
28	0.01366	0.01330	0.01746	0.14195	0.23171	0.08312	0.01369	0.01723	0.04473	0.01881	0.02542	0.07724	0.14619	0.01206	0.04156	0.00257	0.04637	0.04090	0.00421	0.00782
29	0.05189	0.06507	0.53595	0.01780	0.02613	0.01554	0.06235	0.02156	0.01415	0.08406	0.01280	0.01460	0.00911	0.00653	0.00673	0.00208	0.03565	0.00510	0.00336	0.00954
30	0.02152	0.11297	0.02044	0.01528	0.04940	0.10510	0.01202	0.33473	0.10425	0.05573	0.01597	0.03610	0.01246	0.00783	0.00661	0.00190	0.02841	0.00587	0.00541	0.04799
31	0.05404	0.09764	0.08095	0.01668	0.02042	0.09948	0.10050	0.08880	0.04895	0.04281	0.01242	0.01550	0.01020	0.01064	0.05514	0.00272	0.22530	0.00564	0.00379	0.00840
32	0.01010	0.00660	0.00848	0.00896	0.01009	0.00602	0.00617	0.01152	0.01346	0.06873	0.10048	0.49811	0.07082	0.09871	0.01073	0.00287	0.00418	0.01531	0.00604	0.04263
33	0.03967	0.48014	0.02746	0.01260	0.01730	0.17245	0.01128	0.04440	0.04901	0.01756	0.01292	0.01410	0.04014	0.00678	0.00547	0.00162	0.03095	0.00446	0.00343	0.00827

[dist]
# distance from previous block
# <min> <max>
0	3

[block]
# block no. 5 follows, 33 sequences, length 12
# corresponding to MSA columns:
# 341-352
name=unknown_F
#
# <colnr> <probs for GDERKNQSTAVLIFYWHMCP>
#	G	D	E	R	K	N	Q	S	T	A	V	L	I	F	Y	W	H	M	C	P
0	0.01460	0.01276	0.03525	0.01365	0.01618	0.03457	0.04428	0.05706	0.18386	0.05841	0.12383	0.11584	0.02588	0.01330	0.04111	0.00274	0.14645	0.04665	0.00552	0.00807
1	0.01797	0.10697	0.06098	0.09648	0.21615	0.12808	0.03763	0.10465	0.04738	0.04024	0.01508	0.01746	0.03501	0.00871	0.03739	0.00228	0.00868	0.00577	0.00396	0.00912
2	0.01087	0.00771	0.00920	0.00874	0.00945	0.00810	0.00585	0.03154	0.03279	0.03403	0.11991	0.08530	0.05714	0.46634	0.02422	0.00476	0.06386	0.01010	0.00482	0.00526
3	0.01477	0.01464	0.02350	0.39286	0.31178	0.05383	0.05709	0.01889	0.01431	0.01887	0.01198	0.01677	0.00948	0.00625	0.00659	0.00207	0.00869	0.00588	0.00310	0.00864
4	0.00928	0.00744	0.00838	0.00812	0.01016	0.00695	0.00609	0.01326	0.09165	0.02191	0.29923	0.09337	0.37026	0.01489	0.00769	0.00219	0.00348	0.01275	0.00659	0.00631
5	0.01144	0.00572	0.00858	0.00858	0.00858	0.00572	0.00572	0.00858	0.00858	0.01144	0.01144	0.02001	0.01144	0.02287	0.02573	0.80846	0.00572	0.00572	0.00286	0.00286
6	0.01039	0.00864	0.01270	0.04763	0.01443	0.02633	0.06032	0.01258	0.01184	0.01632	0.06116	0.12262	0.02239	0.14074	0.36749	0.00693	0.03838	0.00908	0.00408	0.00594
7	0.01133	0.00723	0.00912	0.00836	0.01045	0.00648	0.00637	0.01409	0.01794	0.10557	0.51469	0.04890	0.18734	0.01348	0.00764	0.00210	0.00344	0.01169	0.00713	0.00665
8	0.06148	0.06325	0.09904	0.02512	0.28271	0.15921	0.04565	0.10851	0.05208	0.02327	0.01272	0.01496	0.01009	0.00648	0.00619	0.00192	0.00857	0.00535	0.00385	0.00955
9	0.01914	0.33637	0.12581	0.01465	0.02029	0.14377	0.05364	0.05146	0.08467	0.07279	0.01321	0.01415	0.01038	0.00652	0.00553	0.00175	0.00820	0.00480	0.00388	0.00903
10	0.09241	0.04992	0.05261	0.07708	0.05860	0.13004	0.01231	0.24851	0.02008	0.02711	0.04778	0.05668	0.01433	0.03135	0.00702	0.00206	0.00751	0.00624	0.00480	0.05357
11	0.08032	0.07805	0.10751	0.01732	0.04612	0.05575	0.13996	0.23310	0.01980	0.02755	0.04487	0.01917	0.01339	0.00743	0.00644	0.00198	0.00798	0.03942	0.00463	0.04920

[dist]
# distance from previous block
# <min> <max>
2	45

[block]
# block no. 6 follows, 33 sequences, length 50
# corresponding to MSA columns:
# 398-447
name=unknown_G
#
# <colnr> <probs for GDERKNQSTAVLIFYWHMCP>
#	G	D	E	R	K	N	Q	S	T	A	V	L	I	F	Y	W	H	M	C	P
0	0.04480	0.08543	0.06001	0.01554	0.02051	0.14856	0.08361	0.30059	0.03532	0.02795	0.01598	0.01779	0.04124	0.03741	0.00735	0.00206	0.00821	0.00592	0.00485	0.03688
1	0.01144	0.00919	0.01199	0.01068	0.01316	0.00917	0.05729	0.06555	0.09390	0.02312	0.22276	0.07161	0.20526	0.03102	0.07363	0.00302	0.00580	0.04210	0.03235	0.00696
2	0.01017	0.00781	0.00970	0.01126	0.04405	0.03726	0.00744	0.01155	0.01320	0.04543	0.03366	0.61998	0.05978	0.01842	0.00859	0.00257	0.03089	0.01642	0.00583	0.00598
3	0.02100	0.04073	0.01933	0.01599	0.04421	0.15012	0.07112	0.27355	0.04606	0.08945	0.01851	0.08994	0.01573	0.00909	0.00673	0.00204	0.00772	0.03864	0.03082	0.00925
4	0.02076	0.01732	0.05078	0.01607	0.02094	0.05792	0.11022	0.30281	0.14200	0.09636	0.01892	0.03590	0.01462	0.03678	0.00784	0.00226	0.00753	0.02521	0.00582	0.00994
5	0.02027	0.01799	0.01893	0.06026	0.04288	0.14777	0.06512	0.27136	0.10507	0.04202	0.01667	0.04209	0.01303	0.00778	0.00642	0.00194	0.00770	0.00631	0.06279	0.04361
6	0.00941	0.00703	0.01047	0.01047	0.01161	0.00817	0.00809	0.01169	0.01055	0.01520	0.01773	0.02641	0.01670	0.07225	0.72000	0.01045	0.01728	0.00713	0.00354	0.00582
7	0.01281	0.01449	0.13852	0.12883	0.19793	0.01161	0.01483	0.01694	0.03376	0.04771	0.06132	0.20457	0.04369	0.01194	0.02945	0.00248	0.00703	0.00956	0.00444	0.00810
8	0.00817	0.00631	0.00737	0.00804	0.00933	0.00564	0.00571	0.00966	0.01388	0.01756	0.07767	0.34935	0.34794	0.05911	0.00949	0.00267	0.00382	0.04679	0.00604	0.00544
9	0.04770	0.24283	0.02235	0.01451	0.04279	0.17103	0.01165	0.11576	0.22317	0.02328	0.01554	0.01584	0.01226	0.00717	0.00569	0.00183	0.00750	0.00522	0.00463	0.00924
10	0.01387	0.01339	0.06651	0.01070	0.01649	0.00977	0.00919	0.04263	0.03737	0.02213	0.01351	0.04914	0.01162	0.00596	0.00526	0.00121	0.00528	0.00485	0.00411	0.65699
11	0.01187	0.00884	0.01062	0.03582	0.01308	0.00903	0.00787	0.15391	0.01670	0.02198	0.03433	0.40602	0.13062	0.04712	0.02888	0.00283	0.00520	0.04271	0.00594	0.00665
12	0.01770	0.13066	0.03083	0.02103	0.04668	0.01631	0.38457	0.02288	0.05989	0.13056	0.05950	0.01971	0.01460	0.00667	0.00695	0.00205	0.00867	0.00713	0.00445	0.00915
13	0.00957	0.00638	0.00718	0.00718	0.00718	0.00638	0.00399	0.00957	0.00957	0.01276	0.02074	0.04308	0.02393	0.76864	0.03351	0.00638	0.00638	0.00957	0.00399	0.00399
14	0.01346	0.00751	0.00992	0.01003	0.01198	0.00685	0.00773	0.01545	0.01506	0.17991	0.06135	0.34071	0.11984	0.01655	0.00805	0.00253	0.00461	0.15499	0.00660	0.00688
15	0.03478	0.02464	0.36872	0.01925	0.07543	0.01591	0.08613	0.18377	0.01792	0.02556	0.01420	0.04430	0.01130	0.03972	0.00770	0.00227	0.00866	0.00617	0.00399	0.00958
16	0.00925	0.00665	0.00847	0.00923	0.01000	0.00658	0.00640	0.03879	0.01291	0.01719	0.03252	0.45956	0.07557	0.14672	0.09297	0.00412	0.00598	0.04612	0.00549	0.00547
17	0.04349	0.01403	0.01675	0.01271	0.01783	0.05890	0.07286	0.07171	0.03501	0.04525	0.01370	0.04420	0.01150	0.00645	0.00626	0.00147	0.03744	0.00527	0.00429	0.48090
18	0.01476	0.01221	0.04305	0.01113	0.01436	0.03828	0.00905	0.14323	0.10239	0.06729	0.11693	0.11648	0.16468	0.03387	0.02848	0.00250	0.00566	0.03345	0.00608	0.03608
19	0.01471	0.01396	0.02312	0.10801	0.52606	0.01448	0.01780	0.01822	0.01440	0.02018	0.01734	0.06277	0.06282	0.00787	0.00755	0.00209	0.04859	0.00717	0.00357	0.00929
20	0.01489	0.04461	0.04743	0.09910	0.11563	0.03824	0.03761	0.04736	0.19222	0.02122	0.02149	0.02333	0.09274	0.01025	0.02967	0.00247	0.14161	0.00707	0.00445	0.00861
21	0.01194	0.01151	0.03748	0.31466	0.12168	0.01265	0.03329	0.01510	0.01299	0.01756	0.01889	0.24114	0.01944	0.01120	0.00877	0.00238	0.08842	0.00973	0.00393	0.00724
22	0.00824	0.00640	0.00730	0.00763	0.00905	0.00567	0.00539	0.00983	0.01441	0.01835	0.15275	0.24756	0.37874	0.08594	0.01030	0.00270	0.00371	0.01450	0.00609	0.00546
23	0.01595	0.01338	0.01633	0.09845	0.10641	0.01497	0.01205	0.04838	0.44019	0.05333	0.04118	0.02566	0.06697	0.00887	0.00676	0.00218	0.00582	0.00754	0.00588	0.00970
24	0.01567	0.04763	0.06751	0.06929	0.19569	0.01400	0.02790	0.09631	0.07221	0.02344	0.01554	0.01752	0.03759	0.00648	0.00597	0.00168	0.00665	0.00553	0.00415	0.26922
25	0.03260	0.33104	0.16146	0.01837	0.06576	0.06725	0.16283	0.03998	0.01493	0.03259	0.01130	0.01352	0.00908	0.00594	0.00572	0.00180	0.00871	0.00499	0.00321	0.00895
26	0.01195	0.01009	0.01419	0.01320	0.01542	0.02952	0.09372	0.06385	0.04192	0.02064	0.04725	0.25948	0.08878	0.01550	0.00867	0.00259	0.03186	0.21895	0.00565	0.00677
27	0.01054	0.00825	0.03947	0.01023	0.03133	0.00742	0.02559	0.01176	0.01132	0.04191	0.02348	0.18593	0.02601	0.42358	0.08761	0.00531	0.00714	0.03326	0.00452	0.00533
28	0.13255	0.20402	0.10295	0.05012	0.07144	0.04899	0.03343	0.13091	0.05733	0.04050	0.01251	0.01413	0.00980	0.00671	0.00617	0.00189	0.03715	0.00490	0.00405	0.03047
29	0.01482	0.01706	0.09339	0.14120	0.15706	0.10470	0.04399	0.01996	0.08619	0.01906	0.01640	0.01998	0.04470	0.01351	0.11058	0.00331	0.07579	0.00633	0.00367	0.00828
30	0.01688	0.01400	0.02026	0.14401	0.07631	0.01499	0.12026	0.16546	0.15285	0.06402	0.02225	0.07480	0.06630	0.00890	0.00700	0.00217	0.00715	0.00800	0.00524	0.00914
31	0.00826	0.00612	0.00773	0.00866	0.00960	0.00559	0.00606	0.00986	0.01405	0.01852	0.14485	0.50072	0.17603	0.01872	0.00821	0.00251	0.00370	0.03899	0.00628	0.00554
32	0.01517	0.08779	0.02522	0.26743	0.43853	0.01632	0.01872	0.01906	0.01424	0.01941	0.01185	0.01614	0.00970	0.00607	0.00632	0.00198	0.00805	0.00563	0.00311	0.00923
33	0.01844	0.37302	0.10226	0.03677	0.10556	0.08636	0.01406	0.08593	0.04368	0.04637	0.01237	0.01449	0.01020	0.00651	0.00543	0.00173	0.00778	0.01624	0.00368	0.00912
34	0.00913	0.00673	0.00831	0.00885	0.00987	0.00666	0.00618	0.01167	0.05710	0.01793	0.08894	0.35789	0.12844	0.11710	0.10274	0.00396	0.00581	0.01377	0.03324	0.00568
35	0.05990	0.26166	0.03865	0.01739	0.11936	0.19399	0.01290	0.07503	0.10780	0.03570	0.01306	0.01423	0.01056	0.00663	0.00555	0.00176	0.00802	0.00481	0.00398	0.00901
36	0.01554	0.01195	0.01344	0.01223	0.04246	0.01239	0.00922	0.26109	0.06951	0.02739	0.07039	0.05766	0.20243	0.07329	0.00934	0.00249	0.00556	0.06271	0.00602	0.03490
37	0.01521	0.01595	0.08528	0.01473	0.01839	0.08361	0.09016	0.06576	0.09187	0.04222	0.01839	0.12971	0.01729	0.07911	0.03085	0.00274	0.09099	0.00807	0.00451	0.09515
38	0.04522	0.01357	0.01426	0.01188	0.01578	0.04447	0.00940	0.21083	0.16725	0.04962	0.14666	0.05167	0.06349	0.00953	0.00660	0.00194	0.00549	0.00779	0.00614	0.11841
39	0.33257	0.01107	0.03455	0.00903	0.01215	0.01115	0.00732	0.08180	0.01463	0.02539	0.08566	0.07761	0.15264	0.07689	0.00830	0.00247	0.00491	0.00814	0.03691	0.00680
40	0.01856	0.59576	0.03031	0.01207	0.01723	0.12261	0.01127	0.05917	0.01517	0.01715	0.01213	0.01330	0.03928	0.00639	0.00474	0.00151	0.00755	0.00420	0.00325	0.00837
41	0.00862	0.00606	0.00738	0.00818	0.00855	0.00578	0.00518	0.00935	0.01158	0.01527	0.03243	0.42210	0.08842	0.31902	0.01838	0.00412	0.00481	0.01469	0.00526	0.00482
42	0.01166	0.00728	0.00936	0.00852	0.01059	0.00657	0.00650	0.01453	0.01823	0.11346	0.55956	0.04750	0.13444	0.01317	0.00762	0.00208	0.00344	0.01148	0.00723	0.00676
43	0.00948	0.00713	0.00814	0.00775	0.00986	0.00637	0.00586	0.01239	0.04252	0.04661	0.33047	0.05474	0.40522	0.01478	0.00769	0.00216	0.00339	0.01259	0.00667	0.00620
44	0.01320	0.03405	0.73453	0.01876	0.02849	0.01529	0.02432	0.02085	0.01390	0.02085	0.01181	0.01390	0.00834	0.00625	0.00625	0.00208	0.00973	0.00486	0.00278	0.00973
45	0.01113	0.00832	0.00988	0.00936	0.01135	0.00842	0.00699	0.01677	0.15944	0.04606	0.30607	0.09086	0.14599	0.07043	0.06640	0.00314	0.00506	0.01103	0.00639	0.00690
46	0.01510	0.01505	0.04591	0.12564	0.56898	0.01477	0.01898	0.01901	0.01473	0.02063	0.01626	0.01983	0.06256	0.00676	0.00661	0.00201	0.00767	0.00642	0.00341	0.00966
47	0.01469	0.01663	0.07331	0.09799	0.02670	0.06505	0.27113	0.01940	0.03785	0.02046	0.04670	0.04378	0.01347	0.00688	0.00726	0.00192	0.03661	0.00673	0.00376	0.18970
48	0.01592	0.01444	0.03743	0.11467	0.15209	0.03701	0.01335	0.17783	0.01765	0.02378	0.02097	0.05264	0.10626	0.03571	0.00927	0.00224	0.09084	0.00735	0.00451	0.06604
49	0.21671	0.10243	0.09424	0.01544	0.03536	0.21467	0.06284	0.08952	0.01631	0.04780	0.01131	0.01304	0.00883	0.00668	0.00621	0.00192	0.03970	0.00467	0.00389	0.00842

[dist]
# distance from previous block
# <min> <max>
0	3

[block]
# block no. 7 follows, 33 sequences, length 87
# corresponding to MSA columns:
# 451-537
name=unknown_H
#
# <colnr> <probs for GDERKNQSTAVLIFYWHMCP>
#	G	D	E	R	K	N	Q	S	T	A	V	L	I	F	Y	W	H	M	C	P
0	0.09762	0.15089	0.02162	0.01677	0.06292	0.35471	0.04007	0.04652	0.06940	0.01953	0.01152	0.01329	0.00951	0.00690	0.00659	0.00184	0.05371	0.00468	0.00368	0.00825
1	0.05524	0.05776	0.04188	0.01566	0.01895	0.01432	0.16009	0.05376	0.06165	0.01995	0.01507	0.01997	0.01286	0.02316	0.28395	0.00534	0.10585	0.00654	0.02039	0.00763
2	0.01450	0.01447	0.02051	0.01849	0.05423	0.01993	0.01470	0.01607	0.01034	0.01614	0.00884	0.01450	0.00873	0.01123	0.02082	0.00283	0.71764	0.00577	0.00290	0.00737
3	0.01144	0.00572	0.00858	0.00858	0.00858	0.00572	0.00572	0.00858	0.00858	0.01144	0.01144	0.02001	0.01144	0.02287	0.02573	0.80846	0.00572	0.00572	0.00286	0.00286
