[name]
unknown

[dist]
# distance from previous block
# <min> <max>
0	14

[block]
# block no. 0 follows, 33 sequences, length 26
# corresponding to MSA columns:
# 14-39
name=unknown_A
#
# <colnr> <probs for GDERKNQSTAVLIFYWHMCP>
#	G	D	E	R	K	N	Q	S	T	A	V	L	I	F	Y	W	H	M	C	P
0	0.01700	0.04710	0.02498	0.09317	0.30744	0.08545	0.12141	0.07542	0.06926	0.02218	0.01497	0.02041	0.01256	0.00717	0.00676	0.00206	0.00840	0.05098	0.00394	0.00933
1	0.01459	0.01287	0.07249	0.01355	0.05456	0.01150	0.04316	0.09954	0.13618	0.07624	0.27746	0.03457	0.10418	0.01063	0.00718	0.00210	0.00531	0.00919	0.00626	0.00843
2	0.00944	0.00692	0.00993	0.00993	0.01088	0.00787	0.00742	0.01134	0.01039	0.01480	0.01823	0.02916	0.01789	0.18732	0.60657	0.00978	0.01548	0.00754	0.00362	0.00552
3	0.01730	0.02074	0.14678	0.05954	0.14034	0.09522	0.12736	0.11240	0.09245	0.02320	0.01378	0.01633	0.01066	0.00721	0.00822	0.00213	0.08702	0.00599	0.00396	0.00936
4	0.00802	0.00573	0.00764	0.00917	0.00955	0.00535	0.00611	0.00917	0.01260	0.01681	0.03628	0.76434	0.04354	0.02062	0.00840	0.00267	0.00382	0.01872	0.00611	0.00535
5	0.02402	0.03045	0.01871	0.05170	0.02153	0.70786	0.01298	0.02584	0.01840	0.01615	0.01025	0.01214	0.00849	0.00677	0.00597	0.00172	0.01173	0.00432	0.00337	0.00762
6	0.02255	0.20801	0.04632	0.01566	0.01980	0.54737	0.01276	0.02454	0.01724	0.01612	0.00999	0.01163	0.00847	0.00649	0.00554	0.00164	0.01065	0.00409	0.00323	0.00790
7	0.40564	0.20766	0.03622	0.01131	0.01566	0.11670	0.00988	0.02083	0.01313	0.05603	0.01012	0.01165	0.00819	0.00648	0.00550	0.00188	0.04765	0.00394	0.00376	0.00779
8	0.01058	0.00825	0.00920	0.00875	0.01100	0.00787	0.00668	0.09594	0.03767	0.02258	0.18135	0.14437	0.37367	0.01532	0.00773	0.00225	0.00399	0.03987	0.00641	0.00651
9	0.01389	0.01129	0.01456	0.01396	0.07232	0.01164	0.04719	0.13103	0.14441	0.02689	0.26765	0.06104	0.11272	0.01144	0.00734	0.00215	0.00512	0.03089	0.00630	0.00816
10	0.00918	0.00672	0.00860	0.00813	0.00975	0.00615	0.00610	0.01215	0.01830	0.02560	0.66339	0.05049	0.12333	0.01376	0.00777	0.00208	0.00313	0.01209	0.00714	0.00615
11	0.01720	0.01528	0.01508	0.01344	0.01704	0.06937	0.01038	0.07931	0.57868	0.02686	0.02449	0.02404	0.01884	0.05016	0.00810	0.00240	0.00590	0.00722	0.00630	0.00992
12	0.01659	0.11381	0.15110	0.02373	0.07515	0.01696	0.40376	0.02171	0.01523	0.07794	0.01351	0.01650	0.01006	0.00591	0.00690	0.00206	0.00971	0.00654	0.00356	0.00926
13	0.01521	0.05158	0.44808	0.07420	0.02622	0.01490	0.03595	0.05900	0.05889	0.07945	0.03253	0.04741	0.01272	0.00742	0.00645	0.00210	0.00844	0.00607	0.00394	0.00945
14	0.01543	0.01852	0.07135	0.02733	0.03413	0.01658	0.67192	0.02108	0.01546	0.02108	0.01325	0.01758	0.00991	0.00558	0.00770	0.00221	0.01103	0.00763	0.00330	0.00892
15	0.00796	0.00596	0.00740	0.00856	0.00939	0.00540	0.00584	0.00924	0.01319	0.01704	0.04371	0.59327	0.20983	0.01966	0.00825	0.00256	0.00370	0.01754	0.00611	0.00540
16	0.01807	0.60488	0.03180	0.07224	0.02011	0.04142	0.04445	0.02055	0.01397	0.06482	0.01073	0.01231	0.00908	0.00591	0.00479	0.00156	0.00739	0.00414	0.00323	0.00854
17	0.01476	0.01240	0.01710	0.01485	0.01537	0.01635	0.01208	0.01611	0.01105	0.07401	0.01311	0.06049	0.01267	0.05334	0.01952	0.03591	0.53971	0.00680	0.04737	0.00701
18	0.01144	0.00572	0.00858	0.00858	0.00858	0.00572	0.00572	0.00858	0.00858	0.01144	0.01144	0.02001	0.01144	0.02287	0.02573	0.80846	0.00572	0.00572	0.00286	0.00286
19	0.02403	0.09138	0.01994	0.01650	0.02007	0.68423	0.01260	0.02576	0.01823	0.01606	0.01009	0.01177	0.00848	0.00669	0.00580	0.00167	0.01148	0.00418	0.00335	0.00770
20	0.01591	0.08531	0.17236	0.08767	0.20207	0.01538	0.05963	0.03575	0.04304	0.07652	0.02930	0.02016	0.01302	0.00798	0.00788	0.02901	0.04324	0.04279	0.00390	0.00908
21	0.03770	0.01475	0.07730	0.06595	0.07796	0.01347	0.10816	0.12364	0.05530	0.18326	0.01757	0.02066	0.01335	0.06358	0.05618	0.04234	0.00812	0.00658	0.00506	0.00905
22	0.00925	0.00607	0.00810	0.00927	0.00996	0.00562	0.00631	0.01055	0.01319	0.05626	0.06389	0.69454	0.04281	0.01965	0.00828	0.00261	0.00389	0.01778	0.00627	0.00570
23	0.14970	0.01504	0.01856	0.01515	0.04757	0.01569	0.07714	0.29209	0.04491	0.20545	0.01894	0.01871	0.03587	0.00770	0.00635	0.00204	0.00669	0.00621	0.00611	0.01008
24	0.01610	0.04286	0.09844	0.07634	0.25548	0.05390	0.09047	0.02157	0.08720	0.07099	0.01675	0.07809	0.01421	0.00943	0.03703	0.00243	0.00829	0.00710	0.00413	0.00920
25	0.01025	0.00770	0.03402	0.01039	0.01175	0.00677	0.00808	0.01269	0.03328	0.05737	0.06395	0.49035	0.03971	0.01826	0.00831	0.00266	0.00464	0.16751	0.00616	0.00616

[dist]
# distance from previous block
# <min> <max>
0	1

[block]
# block no. 1 follows, 33 sequences, length 36
# corresponding to MSA columns:
# 41-76
name=unknown_B
#
# <colnr> <probs for GDERKNQSTAVLIFYWHMCP>
#	G	D	E	R	K	N	Q	S	T	A	V	L	I	F	Y	W	H	M	C	P
0	0.07972	0.01660	0.03451	0.01418	0.01866	0.01833	0.01168	0.35593	0.28731	0.03377	0.01908	0.01864	0.01409	0.00827	0.00705	0.00212	0.03717	0.00629	0.00620	0.01040
1	0.01471	0.01167	0.01376	0.00988	0.01568	0.00884	0.00793	0.01761	0.01400	0.06876	0.01265	0.01423	0.01019	0.00509	0.00499	0.00105	0.00492	0.00408	0.00418	0.75578
2	0.01466	0.01947	0.17377	0.02292	0.02929	0.01515	0.44248	0.01999	0.01507	0.04124	0.04479	0.04772	0.03376	0.00724	0.00805	0.00223	0.04195	0.00783	0.00368	0.00871
3	0.01423	0.18259	0.55334	0.01776	0.02648	0.01754	0.06027	0.02063	0.01389	0.01978	0.01136	0.01344	0.00846	0.00609	0.00593	0.00196	0.00926	0.00476	0.00282	0.00942
4	0.00857	0.00715	0.00838	0.07649	0.01250	0.00655	0.00652	0.01082	0.01567	0.01967	0.21261	0.05583	0.50597	0.01500	0.00767	0.00219	0.00379	0.01269	0.00608	0.00587
5	0.00801	0.00606	0.00741	0.00838	0.00937	0.00545	0.00579	0.00941	0.01361	0.01756	0.07871	0.52067	0.24758	0.01910	0.00819	0.00251	0.00364	0.01695	0.00617	0.00545
6	0.01546	0.01478	0.05300	0.25458	0.20087	0.01490	0.17118	0.01974	0.01469	0.07764	0.04458	0.01876	0.01238	0.00688	0.00774	0.00216	0.05163	0.00657	0.00370	0.00877
7	0.01144	0.00572	0.00858	0.00858	0.00858	0.00572	0.00572	0.00858	0.00858	0.01144	0.01144	0.02001	0.01144	0.02287	0.02573	0.80846	0.00572	0.00572	0.00286	0.00286
8	0.02817	0.01340	0.01664	0.01275	0.01790	0.01293	0.01054	0.23635	0.02252	0.52268	0.02289	0.02041	0.01475	0.00807	0.00661	0.00202	0.00610	0.00641	0.00767	0.01120
9	0.00810	0.00638	0.00731	0.00770	0.00924	0.00559	0.00554	0.00982	0.01482	0.01882	0.15965	0.28098	0.40789	0.01741	0.00797	0.00234	0.00345	0.01510	0.00629	0.00559
10	0.04039	0.00939	0.01095	0.01010	0.01277	0.00943	0.00792	0.04721	0.15378	0.10477	0.23987	0.08083	0.15620	0.01288	0.00742	0.00224	0.00440	0.07505	0.00674	0.00766
11	0.01636	0.01342	0.01450	0.01321	0.01678	0.01529	0.01041	0.03288	0.62307	0.05452	0.02751	0.02910	0.02160	0.00976	0.00692	0.00230	0.00530	0.07032	0.00670	0.01005
12	0.00957	0.00638	0.00718	0.00718	0.00718	0.00638	0.00399	0.00957	0.00957	0.01276	0.02074	0.04308	0.02393	0.76864	0.03351	0.00638	0.00638	0.00957	0.00399	0.00399
13	0.01365	0.01170	0.01365	0.00975	0.01560	0.00878	0.00780	0.01658	0.01365	0.02145	0.01170	0.01365	0.00975	0.00488	0.00488	0.00098	0.00488	0.00390	0.00390	0.80888
14	0.08567	0.01848	0.01886	0.04669	0.01883	0.20357	0.01351	0.01885	0.01249	0.01713	0.00920	0.01357	0.00848	0.00965	0.01549	0.00248	0.47145	0.00519	0.00312	0.00731
15	0.00799	0.00587	0.00750	0.00880	0.00945	0.00538	0.00595	0.00921	0.01295	0.01695	0.04070	0.66254	0.14250	0.02005	0.00831	0.00261	0.00375	0.01801	0.00611	0.00538
16	0.00951	0.00665	0.00856	0.00856	0.00903	0.00713	0.00571	0.01046	0.00998	0.01378	0.01948	0.03611	0.02091	0.47750	0.32050	0.00808	0.01094	0.00855	0.00380	0.00475
17	0.01554	0.01776	0.03885	0.02775	0.03441	0.01665	0.70366	0.02109	0.01554	0.02109	0.01332	0.01776	0.00999	0.00555	0.00777	0.00222	0.01110	0.00777	0.00333	0.00888
18	0.01511	0.01273	0.01370	0.01264	0.01590	0.01441	0.00982	0.05246	0.55046	0.02605	0.02985	0.09801	0.05976	0.01092	0.00705	0.00231	0.00510	0.04767	0.00657	0.00947
19	0.01718	0.01454	0.01534	0.01356	0.01743	0.01675	0.01061	0.09740	0.65194	0.02884	0.02577	0.02375	0.01927	0.00884	0.00669	0.00221	0.00540	0.00730	0.00669	0.01049
20	0.10266	0.01135	0.01476	0.01143	0.01643	0.01015	0.00944	0.03090	0.01813	0.66673	0.02441	0.02132	0.01544	0.00796	0.00638	0.00204	0.00555	0.00634	0.00777	0.01082
21	0.00949	0.00628	0.00719	0.00741	0.00754	0.00622	0.00432	0.00981	0.01022	0.01393	0.02298	0.14425	0.02635	0.62411	0.02849	0.00561	0.00585	0.01069	0.04496	0.00429
22	0.81514	0.01273	0.00968	0.00866	0.01273	0.01477	0.00713	0.01935	0.01120	0.02954	0.00917	0.01069	0.00713	0.00611	0.00407	0.00204	0.00509	0.00356	0.00407	0.00713
23	0.00802	0.00573	0.00764	0.00917	0.00955	0.00535	0.00611	0.00917	0.01260	0.01681	0.03628	0.76434	0.04354	0.02062	0.00840	0.00267	0.00382	0.01872	0.00611	0.00535
24	0.01637	0.01414	0.01489	0.01340	0.01712	0.01637	0.01042	0.03498	0.71568	0.02754	0.02679	0.02456	0.02010	0.00893	0.00670	0.00223	0.00521	0.00744	0.00670	0.01042
25	0.81514	0.01273	0.00968	0.00866	0.01273	0.01477	0.00713	0.01935	0.01120	0.02954	0.00917	0.01069	0.00713	0.00611	0.00407	0.00204	0.00509	0.00356	0.00407	0.00713
26	0.00810	0.00579	0.00771	0.00911	0.00957	0.00540	0.00612	0.00937	0.01297	0.01739	0.07854	0.72040	0.04468	0.02018	0.00836	0.00264	0.00378	0.01830	0.00618	0.00540
27	0.02350	0.00987	0.01334	0.01069	0.01472	0.00864	0.00864	0.02621	0.01878	0.52147	0.23436	0.03040	0.02997	0.00973	0.00696	0.00205	0.00486	0.00820	0.00788	0.00971
28	0.01496	0.01291	0.01354	0.01229	0.01577	0.01460	0.00953	0.03079	0.60059	0.02594	0.03335	0.03093	0.13586	0.01020	0.00688	0.00223	0.00490	0.00850	0.00660	0.00962
29	0.00898	0.00765	0.00785	0.00763	0.01001	0.00700	0.00577	0.01293	0.10682	0.01948	0.09336	0.05759	0.60058	0.01550	0.00764	0.00222	0.00357	0.01295	0.00624	0.00623
30	0.01740	0.72601	0.03362	0.01163	0.01692	0.02569	0.01146	0.01948	0.01317	0.01551	0.00912	0.01080	0.00846	0.00599	0.00529	0.00150	0.05309	0.00366	0.00282	0.00837
31	0.01046	0.00753	0.01040	0.01184	0.01339	0.00747	0.01032	0.01342	0.01515	0.01960	0.03652	0.07369	0.07372	0.01811	0.00902	0.00299	0.00592	0.64835	0.00606	0.00604
32	0.00800	0.00582	0.00754	0.00892	0.00948	0.00537	0.00600	0.00919	0.01285	0.01690	0.03934	0.69383	0.11208	0.02023	0.00834	0.00263	0.00377	0.01823	0.00611	0.00537
33	0.02429	0.03948	0.01984	0.01482	0.01994	0.01894	0.02944	0.57402	0.02800	0.10377	0.01658	0.01677	0.01180	0.00965	0.03942	0.00236	0.00765	0.00602	0.00640	0.01082
34	0.01639	0.01560	0.02472	0.11952	0.56030	0.03437	0.01890	0.04672	0.05853	0.02195	0.01326	0.01682	0.01081	0.00624	0.00652	0.00199	0.00785	0.00592	0.00356	0.01002
35	0.00833	0.00614	0.00773	0.00887	0.00969	0.00568	0.00623	0.00970	0.01313	0.01704	0.04099	0.51628	0.17176	0.06558	0.00990	0.00285	0.00411	0.08465	0.00598	0.00538

[dist]
# distance from previous block
# <min> <max>
3	11

[block]
# block no. 2 follows, 33 sequences, length 193
# corresponding to MSA columns:
# 88-280
name=unknown_C
#
# <colnr> <probs for GDERKNQSTAVLIFYWHMCP>
#	G	D	E	R	K	N	Q	S	T	A	V	L	I	F	Y	W	H	M	C	P
0	0.01544	0.05695	0.05341	0.06331	0.11061	0.06136	0.08734	0.05667	0.01517	0.04428	0.05542	0.03812	0.01442	0.01130	0.07684	0.00268	0.06364	0.00624	0.00399	0.16281
1	0.01217	0.03326	0.03456	0.01161	0.03255	0.00857	0.02828	0.01526	0.03421	0.08402	0.05732	0.11484	0.21388	0.01481	0.00787	0.00245	0.00530	0.24942	0.00589	0.03372
2	0.01018	0.00789	0.00956	0.00864	0.01096	0.00723	0.00657	0.01430	0.07275	0.02476	0.49810	0.04497	0.14096	0.01253	0.00734	0.00198	0.00351	0.01088	0.00666	0.10023
3	0.04931	0.01436	0.09769	0.01076	0.01698	0.00980	0.00970	0.01720	0.01357	0.02174	0.01160	0.01355	0.00947	0.00509	0.00500	0.00115	0.00545	0.00400	0.00378	0.67980
4	0.00843	0.00587	0.00775	0.00919	0.00971	0.00554	0.00632	0.00980	0.01284	0.01742	0.03537	0.67824	0.04170	0.01975	0.00824	0.00263	0.00392	0.06152	0.05032	0.00544
5	0.00790	0.00654	0.00693	0.00712	0.00904	0.00556	0.00523	0.00957	0.01486	0.01812	0.09866	0.16414	0.58951	0.01707	0.00787	0.00228	0.00339	0.01448	0.00618	0.00556
6	0.00980	0.00664	0.00744	0.00739	0.00751	0.00671	0.00420	0.01042	0.03298	0.01325	0.02094	0.04247	0.02381	0.74346	0.03262	0.00624	0.00634	0.00950	0.00408	0.00420
7	0.00787	0.00667	0.00679	0.00676	0.00895	0.00560	0.00507	0.00962	0.01522	0.01829	0.10545	0.06252	0.68583	0.01648	0.00778	0.00221	0.00332	0.01378	0.00618	0.00560
8	0.01760	0.77260	0.03450	0.01126	0.01690	0.02605	0.01126	0.01971	0.01338	0.01549	0.00915	0.01056	0.00845	0.00563	0.00422	0.00141	0.00704	0.00352	0.00282	0.00845
9	0.01637	0.01414	0.01489	0.01340	0.01712	0.01637	0.01042	0.03498	0.71568	0.02754	0.02679	0.02456	0.02010	0.00893	0.00670	0.00223	0.00521	0.00744	0.00670	0.01042
10	0.00802	0.00573	0.00764	0.00917	0.00955	0.00535	0.00611	0.00917	0.01260	0.01681	0.03628	0.76434	0.04354	0.02062	0.00840	0.00267	0.00382	0.01872	0.00611	0.00535
11	0.01418	0.01408	0.01974	0.01698	0.01704	0.01963	0.01413	0.01566	0.01010	0.01582	0.00904	0.01491	0.00899	0.01321	0.05373	0.00322	0.72366	0.00582	0.00291	0.00714
12	0.01447	0.01493	0.01886	0.01642	0.01721	0.09542	0.04971	0.01611	0.01173	0.01632	0.01379	0.14276	0.01467	0.01225	0.01691	0.00268	0.50731	0.00792	0.00351	0.00702
13	0.00957	0.00638	0.00718	0.00718	0.00718	0.00638	0.00399	0.00957	0.00957	0.01276	0.02074	0.04308	0.02393	0.76864	0.03351	0.00638	0.00638	0.00957	0.00399	0.00399
14	0.01365	0.01170	0.01365	0.00975	0.01560	0.00878	0.00780	0.01658	0.01365	0.02145	0.01170	0.01365	0.00975	0.00488	0.00488	0.00098	0.00488	0.00390	0.00390	0.80888
15	0.01539	0.01882	0.08438	0.02716	0.03402	0.01656	0.65919	0.02107	0.01543	0.02107	0.01322	0.01751	0.00988	0.00560	0.00767	0.00221	0.01101	0.00758	0.00329	0.00893
16	0.01661	0.01426	0.01502	0.01344	0.01721	0.01648	0.01048	0.05300	0.69728	0.02791	0.02650	0.02433	0.01986	0.00890	0.00670	0.00223	0.00526	0.00740	0.00670	0.01044
17	0.00806	0.00579	0.00765	0.00906	0.00954	0.00538	0.00608	0.00928	0.01288	0.01715	0.06004	0.71852	0.06565	0.02026	0.00836	0.00264	0.00378	0.01834	0.00615	0.00538
18	0.01727	0.33016	0.18251	0.01569	0.06645	0.02057	0.01473	0.10958	0.14086	0.02250	0.01393	0.01483	0.01098	0.00666	0.00556	0.00181	0.00738	0.00497	0.00401	0.00956
19	0.00802	0.00573	0.00764	0.00917	0.00955	0.00535	0.00611	0.00917	0.01260	0.01681	0.03628	0.76434	0.04354	0.02062	0.00840	0.00267	0.00382	0.01872	0.00611	0.00535
20	0.00931	0.00721	0.01045	0.03756	0.09481	0.00699	0.00837	0.01105	0.01328	0.01791	0.06326	0.58968	0.03910	0.01801	0.00812	0.00256	0.00452	0.04600	0.00572	0.00608
21	0.11211	0.09232	0.12573	0.07315	0.15335	0.03294	0.09755	0.04159	0.01463	0.09772	0.01279	0.01533	0.00980	0.00686	0.00769	0.00208	0.08603	0.00548	0.00382	0.00904
22	0.01528	0.03543	0.08514	0.08556	0.36420	0.03884	0.04226	0.04101	0.07766	0.02228	0.09080	0.02148	0.03638	0.00741	0.00665	0.00202	0.00743	0.00674	0.00409	0.00936
23	0.00891	0.00673	0.00824	0.00792	0.00967	0.00606	0.00598	0.01161	0.01751	0.02377	0.51879	0.05387	0.25036	0.01450	0.00780	0.00214	0.00325	0.02998	0.00689	0.00602
24	0.01450	0.02946	0.51016	0.02187	0.07498	0.05580	0.15859	0.02115	0.01456	0.02068	0.01206	0.01471	0.00881	0.00612	0.00656	0.00208	0.01000	0.00547	0.00295	0.00949
25	0.01793	0.35672	0.12458	0.01760	0.12598	0.02026	0.03177	0.06735	0.08982	0.06956	0.01357	0.01470	0.01073	0.00642	0.00552	0.00177	0.00735	0.00495	0.00392	0.00951
26	0.01492	0.01373	0.02282	0.35240	0.37657	0.01508	0.01865	0.01969	0.04670	0.03719	0.01308	0.01738	0.01029	0.00638	0.00656	0.00208	0.00807	0.00595	0.00339	0.00907
27	0.00940	0.00705	0.01058	0.01058	0.01176	0.00823	0.00823	0.01176	0.01058	0.01528	0.01763	0.02586	0.01646	0.04937	0.74255	0.01058	0.01763	0.00705	0.00353	0.00588
28	0.00941	0.00702	0.01039	0.01039	0.01150	0.00813	0.00799	0.01163	0.01052	0.01514	0.01781	0.02682	0.01687	0.08917	0.70332	0.01035	0.01701	0.00719	0.00355	0.00577
29	0.01671	0.01431	0.02292	0.09088	0.33474	0.01468	0.09604	0.02356	0.15624	0.09177	0.01967	0.02144	0.05228	0.00733	0.00679	0.00209	0.00730	0.00692	0.00457	0.00978
30	0.01384	0.01199	0.01460	0.01198	0.06731	0.00927	0.00870	0.01684	0.01375	0.02146	0.01175	0.01384	0.00980	0.00495	0.00499	0.00105	0.00509	0.00404	0.00385	0.75089
31	0.01188	0.01036	0.01628	0.16504	0.12638	0.01155	0.04518	0.01486	0.01357	0.01908	0.09489	0.13580	0.04450	0.01499	0.08544	0.00315	0.09594	0.02729	0.05669	0.00711
32	0.38442	0.04225	0.01546	0.01406	0.06958	0.20002	0.01033	0.10136	0.01592	0.02595	0.01061	0.01220	0.00841	0.00638	0.00508	0.00185	0.00732	0.00421	0.00408	0.06050
33	0.01608	0.06729	0.05849	0.04819	0.05467	0.01731	0.51569	0.05851	0.05482	0.02205	0.01379	0.01737	0.01043	0.00594	0.00728	0.00214	0.01007	0.00715	0.00362	0.00909
34	0.01851	0.01599	0.02298	0.02234	0.18460	0.03263	0.14182	0.17209	0.16624	0.06052	0.01747	0.03648	0.01355	0.00732	0.00674	0.00202	0.00746	0.00676	0.00506	0.05941
35	0.00840	0.00669	0.00753	0.00732	0.00927	0.00582	0.00549	0.01065	0.01648	0.02127	0.33306	0.05761	0.45636	0.01537	0.00777	0.00216	0.00324	0.01309	0.00657	0.00582
36	0.02036	0.02085	0.01917	0.01653	0.01866	0.28954	0.01323	0.08086	0.01581	0.07621	0.01124	0.01423	0.00942	0.00916	0.01322	0.00229	0.35209	0.00528	0.00382	0.00803
37	0.00899	0.00672	0.00834	0.00794	0.00963	0.00607	0.00595	0.01179	0.01786	0.02455	0.58335	0.05221	0.20402	0.01415	0.00777	0.00210	0.00315	0.01233	0.00700	0.00607
38	0.00953	0.00654	0.00796	0.00796	0.00823	0.00681	0.00496	0.01007	0.00980	0.01334	0.02003	0.03913	0.02222	0.60350	0.19630	0.00735	0.00897	0.00899	0.00388	0.00442
39	0.01522	0.01483	0.02598	0.22150	0.45504	0.01551	0.09639	0.01983	0.03334	0.02042	0.01270	0.01700	0.01021	0.00610	0.00668	0.00205	0.00837	0.00612	0.00327	0.00945
40	0.01365	0.01170	0.01365	0.00975	0.01560	0.00878	0.00780	0.01658	0.01365	0.02145	0.01170	0.01365	0.00975	0.00488	0.00488	0.00098	0.00488	0.00390	0.00390	0.80888
41	0.01569	0.10715	0.19845	0.01968	0.11858	0.01512	0.13036	0.06476	0.03532	0.07296	0.01942	0.10122	0.05532	0.00852	0.00669	0.00208	0.00777	0.00765	0.00425	0.00903
42	0.67065	0.10727	0.01330	0.00940	0.01369	0.03429	0.00796	0.04254	0.01232	0.02787	0.00941	0.01088	0.00746	0.00613	0.00422	0.00195	0.00557	0.00366	0.00399	0.00744
43	0.01160	0.00639	0.00726	0.00723	0.00873	0.00617	0.00535	0.01440	0.01495	0.04764	0.18797	0.12818	0.03097	0.01076	0.00591	0.00183	0.00326	0.00917	0.48602	0.00622
44	0.07647	0.10448	0.19427	0.01617	0.03641	0.05708	0.06931	0.19866	0.03627	0.10585	0.01501	0.03526	0.01130	0.00723	0.00618	0.00198	0.00792	0.00574	0.00473	0.00968
45	0.02149	0.08051	0.01936	0.01423	0.01901	0.01953	0.01170	0.42196	0.26011	0.03460	0.01895	0.01831	0.01396	0.00806	0.00642	0.00201	0.00654	0.00623	0.00631	0.01070
46	0.01373	0.03336	0.70268	0.01860	0.02813	0.01552	0.02380	0.05136	0.01466	0.02177	0.01199	0.01398	0.00847	0.00633	0.00627	0.00208	0.00962	0.00491	0.00295	0.00979
47	0.01943	0.01569	0.07020	0.04494	0.18809	0.01445	0.15580	0.05946	0.07298	0.20824	0.01791	0.03955	0.01335	0.00746	0.00753	0.00213	0.04097	0.00687	0.00502	0.00993
48	0.01456	0.15853	0.53395	0.01813	0.02677	0.01712	0.08380	0.02094	0.01408	0.03687	0.01183	0.01388	0.00870	0.00613	0.00605	0.00198	0.00930	0.00494	0.00296	0.00947
49	0.00957	0.00638	0.00718	0.00718	0.00718	0.00638	0.00399	0.00957	0.00957	0.01276	0.02074	0.04308	0.02393	0.76864	0.03351	0.00638	0.00638	0.00957	0.00399	0.00399
50	0.02675	0.05335	0.01593	0.01151	0.01636	0.01087	0.00957	0.06868	0.01906	0.58915	0.05737	0.02438	0.04908	0.00861	0.00659	0.00201	0.00556	0.00697	0.00763	0.01058
51	0.04358	0.10984	0.07059	0.01667	0.08288	0.05282	0.06798	0.12478	0.01877	0.31969	0.01798	0.01765	0.01238	0.00714	0.00628	0.00194	0.00725	0.00584	0.00572	0.01022
52	0.01652	0.01487	0.02541	0.03619	0.60774	0.01472	0.04916	0.02030	0.01515	0.06083	0.01478	0.04381	0.01282	0.00691	0.00673	0.00203	0.00765	0.03055	0.00373	0.01008
53	0.01150	0.01025	0.01451	0.01327	0.01436	0.03401	0.03342	0.01368	0.01085	0.01566	0.01469	0.02189	0.01376	0.03578	0.48928	0.00783	0.22892	0.00662	0.00333	0.00641
54	0.81514	0.01273	0.00968	0.00866	0.01273	0.01477	0.00713	0.01935	0.01120	0.02954	0.00917	0.01069	0.00713	0.00611	0.00407	0.00204	0.00509	0.00356	0.00407	0.00713
55	0.01822	0.60026	0.09708	0.01249	0.01845	0.02428	0.01264	0.11456	0.01585	0.01957	0.01032	0.01159	0.00882	0.00600	0.00474	0.00155	0.00732	0.00398	0.00333	0.00895
56	0.01080	0.00753	0.00928	0.01027	0.05577	0.00757	0.00627	0.04189	0.01200	0.01652	0.02302	0.12624	0.02543	0.47967	0.02348	0.00483	0.00595	0.06556	0.06270	0.00522
57	0.00802	0.00573	0.00764	0.00917	0.00955	0.00535	0.00611	0.00917	0.01260	0.01681	0.03628	0.76434	0.04354	0.02062	0.00840	0.00267	0.00382	0.01872	0.00611	0.00535
58	0.01148	0.00574	0.00844	0.00844	0.00853	0.00574	0.00566	0.00895	0.00887	0.01216	0.01199	0.02026	0.01174	0.02203	0.02456	0.76382	0.00557	0.00574	0.04725	0.00304
59	0.01361	0.08906	0.66011	0.01848	0.02781	0.01614	0.04463	0.02077	0.01391	0.02045	0.01166	0.01377	0.00840	0.00619	0.00615	0.00204	0.00957	0.00485	0.00280	0.00961
60	0.01524	0.01329	0.01964	0.20145	0.27812	0.01443	0.01534	0.02293	0.20011	0.05351	0.03774	0.02295	0.06089	0.00785	0.00670	0.00211	0.00685	0.00699	0.00459	0.00928
61	0.01717	0.69942	0.10386	0.01201	0.01805	0.02498	0.01256	0.01983	0.01343	0.01602	0.00942	0.01089	0.00844	0.00569	0.00443	0.00148	0.00731	0.00365	0.00281	0.00858
62	0.01584	0.44952	0.29418	0.01512	0.02234	0.02145	0.06143	0.02022	0.01371	0.01784	0.01041	0.01227	0.00851	0.00586	0.00521	0.00171	0.00830	0.00430	0.00284	0.00895
63	0.01556	0.47768	0.07933	0.01173	0.01657	0.03958	0.01137	0.01938	0.06893	0.01769	0.04106	0.06202	0.05459	0.00849	0.00548	0.00177	0.00665	0.05014	0.00386	0.00811
64	0.01591	0.01550	0.02720	0.09743	0.61224	0.01565	0.07890	0.02000	0.01489	0.02109	0.01241	0.01652	0.01026	0.00590	0.00663	0.00200	0.00818	0.00603	0.00324	0.01004
65	0.00940	0.00705	0.01058	0.01058	0.01176	0.00823	0.00823	0.01176	0.01058	0.01528	0.01763	0.02586	0.01646	0.04937	0.74255	0.01058	0.01763	0.00705	0.00353	0.00588
66	0.01760	0.77260	0.03450	0.01126	0.01690	0.02605	0.01126	0.01971	0.01338	0.01549	0.00915	0.01056	0.00845	0.00563	0.00422	0.00141	0.00704	0.00352	0.00282	0.00845
67	0.00953	0.00657	0.00815	0.00815	0.00849	0.00691	0.00520	0.01020	0.00986	0.01349	0.01985	0.03815	0.02179	0.56254	0.23668	0.00759	0.00961	0.00885	0.00386	0.00453
68	0.00816	0.00592	0.00771	0.00888	0.00954	0.00547	0.00604	0.00958	0.01351	0.01804	0.12157	0.62702	0.09530	0.01947	0.00828	0.00257	0.00370	0.01754	0.00625	0.00547
69	0.01770	0.00931	0.01199	0.01010	0.01321	0.00868	0.00798	0.06544	0.04136	0.27635	0.40963	0.03678	0.04130	0.01108	0.00725	0.00206	0.00432	0.00951	0.00750	0.00843
70	0.01629	0.01564	0.02672	0.04041	0.72757	0.01564	0.02020	0.02020	0.01499	0.02151	0.01238	0.01629	0.01043	0.00587	0.00652	0.00196	0.00782	0.00587	0.00326	0.01043
71	0.01303	0.00757	0.00988	0.00882	0.01109	0.00682	0.00679	0.01594	0.01844	0.15910	0.54924	0.04505	0.09685	0.01267	0.00755	0.00207	0.00359	0.01104	0.00734	0.00711
72	0.01320	0.03405	0.73453	0.01876	0.02849	0.01529	0.02432	0.02085	0.01390	0.02085	0.01181	0.01390	0.00834	0.00625	0.00625	0.00208	0.00973	0.00486	0.00278	0.00973
73	0.01365	0.01170	0.01365	0.00975	0.01560	0.00878	0.00780	0.01658	0.01365	0.02145	0.01170	0.01365	0.00975	0.00488	0.00488	0.00098	0.00488	0.00390	0.00390	0.80888
74	0.02714	0.01063	0.01447	0.01137	0.01599	0.00923	0.00927	0.02964	0.01848	0.65048	0.06816	0.06505	0.02054	0.00915	0.00679	0.00207	0.00535	0.00760	0.00798	0.01058
75	0.01641	0.01415	0.02014	0.09941	0.02143	0.01790	0.05199	0.11325	0.01426	0.06751	0.01199	0.01642	0.01011	0.01238	0.06325	0.00309	0.42840	0.00605	0.00382	0.00804
76	0.01254	0.01181	0.01994	0.73286	0.06445	0.01465	0.01834	0.01692	0.01321	0.01695	0.01172	0.01752	0.00882	0.00656	0.00658	0.00219	0.00875	0.00585	0.00293	0.00740
77	0.02954	0.01120	0.01528	0.01171	0.01681	0.00968	0.00968	0.03208	0.01884	0.73213	0.02597	0.02241	0.01630	0.00815	0.00662	0.00204	0.00560	0.00662	0.00815	0.01120
78	0.00942	0.00700	0.01033	0.01033	0.01142	0.00809	0.00792	0.01160	0.01051	0.01510	0.01786	0.02711	0.01700	0.10165	0.69102	0.01028	0.01682	0.00724	0.00356	0.00574
79	0.01593	0.01712	0.07693	0.08605	0.46243	0.03519	0.09872	0.04152	0.01540	0.02153	0.03374	0.01718	0.01158	0.00640	0.00715	0.00204	0.03182	0.00615	0.00343	0.00969
80	0.01657	0.06834	0.34262	0.01689	0.02386	0.01704	0.06244	0.16636	0.15227	0.02605	0.01607	0.03485	0.01217	0.00738	0.00644	0.00207	0.00813	0.00603	0.00445	0.00993
81	0.00802	0.00573	0.00764	0.00917	0.00955	0.00535	0.00611	0.00917	0.01260	0.01681	0.03628	0.76434	0.04354	0.02062	0.00840	0.00267	0.00382	0.01872	0.00611	0.00535
82	0.18703	0.01794	0.02041	0.09506	0.13868	0.17956	0.10283	0.03792	0.01477	0.02142	0.01179	0.03223	0.00986	0.00712	0.00742	0.00206	0.07714	0.00556	0.02312	0.00808
83	0.00968	0.00660	0.00794	0.00760	0.00926	0.00610	0.00570	0.01255	0.01711	0.02471	0.48235	0.04640	0.15452	0.01279	0.00713	0.00199	0.00313	0.01105	0.16729	0.00610
84	0.11536	0.01441	0.01518	0.01288	0.01700	0.01610	0.01027	0.20739	0.35617	0.08610	0.04398	0.04093	0.01786	0.00872	0.00643	0.00213	0.00566	0.00696	0.00647	0.01002
85	0.02737	0.01072	0.01458	0.01134	0.01606	0.00930	0.00930	0.02997	0.01882	0.65638	0.10090	0.02528	0.02121	0.00872	0.00674	0.00204	0.00533	0.00719	0.00805	0.01067
86	0.00923	0.00673	0.00868	0.00820	0.00978	0.00618	0.00615	0.01226	0.01844	0.02593	0.68862	0.04994	0.09789	0.01363	0.00777	0.00208	0.00312	0.01201	0.00719	0.00618
87	0.00898	0.00613	0.00736	0.00794	0.00809	0.00598	0.00480	0.00942	0.01074	0.01432	0.02671	0.32021	0.03147	0.48124	0.02386	0.00496	0.00540	0.01309	0.00480	0.00451
88	0.01637	0.01414	0.01489	0.01340	0.01712	0.01637	0.01042	0.03498	0.71568	0.02754	0.02679	0.02456	0.02010	0.00893	0.00670	0.00223	0.00521	0.00744	0.00670	0.01042
89	0.81514	0.01273	0.00968	0.00866	0.01273	0.01477	0.00713	0.01935	0.01120	0.02954	0.00917	0.01069	0.00713	0.00611	0.00407	0.00204	0.00509	0.00356	0.00407	0.00713
90	0.01243	0.01170	0.01975	0.75282	0.04534	0.01463	0.01828	0.01682	0.01316	0.01682	0.01170	0.01755	0.00878	0.00658	0.00658	0.00219	0.00878	0.00585	0.00293	0.00731
91	0.01243	0.01170	0.01975	0.75282	0.04534	0.01463	0.01828	0.01682	0.01316	0.01682	0.01170	0.01755	0.00878	0.00658	0.00658	0.00219	0.00878	0.00585	0.00293	0.00731
92	0.01491	0.01423	0.02422	0.29581	0.48298	0.01528	0.01952	0.01899	0.01434	0.01983	0.01214	0.01674	0.00984	0.00612	0.00654	0.00204	0.00816	0.00586	0.00314	0.00931
93	0.02457	0.01821	0.01950	0.01506	0.02024	0.02020	0.01240	0.67038	0.06694	0.04076	0.01638	0.01627	0.01166	0.00796	0.00659	0.00199	0.00714	0.00601	0.00659	0.01115
94	0.01554	0.01776	0.03885	0.02775	0.03441	0.01665	0.70366	0.02109	0.01554	0.02109	0.01332	0.01776	0.00999	0.00555	0.00777	0.00222	0.01110	0.00777	0.00333	0.00888
95	0.76280	0.01306	0.01159	0.00991	0.01415	0.01489	0.05272	0.01947	0.01149	0.02898	0.00944	0.01116	0.00732	0.00607	0.00432	0.00205	0.00549	0.00384	0.00403	0.00724
96	0.38842	0.03877	0.01414	0.01095	0.01559	0.01466	0.00909	0.14582	0.03680	0.24311	0.01591	0.01552	0.01103	0.00711	0.00537	0.00201	0.00570	0.00501	0.00578	0.00922
97	0.06603	0.06536	0.05836	0.01365	0.01909	0.01567	0.02866	0.29168	0.02245	0.32372	0.01896	0.01788	0.01273	0.00761	0.00633	0.00198	0.00667	0.00592	0.00657	0.01067
98	0.01243	0.01170	0.01975	0.75282	0.04534	0.01463	0.01828	0.01682	0.01316	0.01682	0.01170	0.01755	0.00878	0.00658	0.00658	0.00219	0.00878	0.00585	0.00293	0.00731
99	0.05163	0.01724	0.04515	0.01569	0.05854	0.01786	0.01251	0.51141	0.02683	0.10086	0.06252	0.01836	0.01470	0.00805	0.00656	0.00199	0.00687	0.00625	0.00636	0.01063
100	0.04462	0.13391	0.10295	0.01860	0.02429	0.18346	0.21940	0.07668	0.03662	0.07833	0.01328	0.01512	0.01003	0.00642	0.00633	0.00193	0.00943	0.00564	0.00397	0.00898
101	0.00802	0.00573	0.00764	0.00917	0.00955	0.00535	0.00611	0.00917	0.01260	0.01681	0.03628	0.76434	0.04354	0.02062	0.00840	0.00267	0.00382	0.01872	0.00611	0.00535
102	0.01772	0.01735	0.02560	0.06387	0.19100	0.08638	0.20400	0.14322	0.01793	0.02394	0.01337	0.03280	0.01079	0.00665	0.00709	0.00195	0.02869	0.00631	0.00400	0.09734
103	0.00934	0.00651	0.00772	0.00776	0.00818	0.00660	0.00486	0.00992	0.01032	0.01376	0.02487	0.05890	0.08862	0.55814	0.15152	0.00662	0.00796	0.00976	0.00416	0.00449
104	0.00881	0.00668	0.00812	0.00782	0.00954	0.00599	0.00584	0.01143	0.01736	0.02351	0.50463	0.07357	0.26340	0.01464	0.00779	0.00213	0.00320	0.01270	0.00687	0.00599
105	0.01320	0.03405	0.73453	0.01876	0.02849	0.01529	0.02432	0.02085	0.01390	0.02085	0.01181	0.01390	0.00834	0.00625	0.00625	0.00208	0.00973	0.00486	0.00278	0.00973
106	0.00835	0.00639	0.00766	0.00799	0.00941	0.00570	0.00575	0.01031	0.01539	0.02023	0.26735	0.28435	0.29353	0.01692	0.00798	0.00232	0.00342	0.01481	0.00648	0.00570
107	0.01745	0.74812	0.05770	0.01151	0.01728	0.02569	0.01170	0.01975	0.01339	0.01567	0.00924	0.01067	0.00844	0.00565	0.00429	0.00143	0.00713	0.00356	0.00281	0.00849
108	0.01363	0.05438	0.63640	0.02009	0.05968	0.01572	0.06821	0.02080	0.01404	0.02073	0.01186	0.01416	0.00854	0.00617	0.00630	0.00207	0.00965	0.00506	0.00284	0.00967
109	0.00966	0.00838	0.04876	0.00971	0.01125	0.00707	0.00743	0.05598	0.01500	0.02025	0.15184	0.48544	0.09166	0.03456	0.00858	0.00255	0.00427	0.01540	0.00610	0.00610
110	0.02386	0.02985	0.01832	0.01664	0.02007	0.67799	0.01252	0.02706	0.08032	0.01712	0.01165	0.01299	0.00951	0.00697	0.00600	0.00174	0.01128	0.00452	0.00368	0.00788
111	0.40003	0.01421	0.01635	0.06814	0.14026	0.03482	0.03099	0.06510	0.01406	0.07733	0.01165	0.01387	0.00899	0.00684	0.00669	0.00210	0.07125	0.00482	0.00417	0.00834
112	0.00814	0.00668	0.00717	0.00705	0.00912	0.00571	0.00529	0.01015	0.01586	0.01982	0.22227	0.06000	0.56805	0.01591	0.00778	0.00219	0.00328	0.01342	0.00638	0.00571
113	0.00809	0.00629	0.00735	0.00791	0.00929	0.00556	0.00562	0.00973	0.01450	0.01853	0.14215	0.35038	0.35535	0.01787	0.00803	0.00239	0.00350	0.01561	0.00626	0.00556
114	0.01629	0.01564	0.02672	0.04041	0.72757	0.01564	0.02020	0.02020	0.01499	0.02151	0.01238	0.01629	0.01043	0.00587	0.00652	0.00196	0.00782	0.00587	0.00326	0.01043
115	0.00778	0.00667	0.00667	0.00667	0.00889	0.00556	0.00500	0.00945	0.01501	0.01778	0.06669	0.06336	0.72490	0.01667	0.00778	0.00222	0.00333	0.01389	0.00611	0.00556
116	0.02459	0.03138	0.01866	0.01696	0.02035	0.74221	0.01272	0.02629	0.01866	0.01611	0.01018	0.01187	0.00848	0.00678	0.00594	0.00170	0.01187	0.00424	0.00339	0.00763
117	0.01365	0.01170	0.01365	0.00975	0.01560	0.00878	0.00780	0.01658	0.01365	0.02145	0.01170	0.01365	0.00975	0.00488	0.00488	0.00098	0.00488	0.00390	0.00390	0.80888
118	0.00826	0.00583	0.00757	0.00886	0.00918	0.00551	0.00578	0.00923	0.01213	0.01617	0.03386	0.65178	0.04048	0.13737	0.01232	0.00325	0.00422	0.01729	0.00578	0.00514
119	0.02082	0.00937	0.01250	0.01078	0.01435	0.00830	0.00881	0.02332	0.01738	0.42595	0.08984	0.07956	0.10813	0.01204	0.00738	0.00227	0.00512	0.12782	0.00736	0.00891
120	0.02028	0.13807	0.01907	0.01453	0.01793	0.45631	0.01126	0.02322	0.06751	0.01709	0.01499	0.11976	0.01434	0.00868	0.00605	0.00181	0.00932	0.00642	0.00395	0.02939
121	0.01130	0.00580	0.00871	0.00871	0.00878	0.00588	0.00588	0.00878	0.00871	0.01169	0.01184	0.02039	0.01176	0.02461	0.07265	0.75623	0.00650	0.00580	0.00290	0.00306
122	0.01836	0.31047	0.07051	0.01335	0.01844	0.05292	0.01209	0.13243	0.26006	0.02411	0.01653	0.01651	0.01291	0.00722	0.00566	0.00184	0.00683	0.00538	0.00477	0.00961
123	0.00957	0.00638	0.00718	0.00718	0.00718	0.00638	0.00399	0.00957	0.00957	0.01276	0.02074	0.04308	0.02393	0.76864	0.03351	0.00638	0.00638	0.00957	0.00399	0.00399
124	0.03738	0.20760	0.15299	0.01680	0.06371	0.19842	0.04965	0.07063	0.01656	0.06666	0.01201	0.01353	0.00939	0.00633	0.00569	0.00175	0.00874	0.00470	0.00371	0.05376
125	0.01521	0.05447	0.17704	0.02513	0.05373	0.01675	0.49175	0.02142	0.03854	0.02102	0.01325	0.01684	0.00994	0.00582	0.00723	0.00215	0.01034	0.00693	0.00331	0.00913
126	0.00971	0.00721	0.00910	0.00855	0.01027	0.00685	0.00643	0.01377	0.06410	0.02609	0.64916	0.04820	0.08890	0.01331	0.00770	0.00209	0.00325	0.01170	0.00716	0.00646
127	0.01560	0.01832	0.11891	0.06996	0.36723	0.05517	0.13985	0.01964	0.01446	0.01992	0.01215	0.01629	0.00991	0.00733	0.00846	0.06065	0.02793	0.00597	0.00316	0.00911
128	0.04367	0.01830	0.04779	0.01999	0.05589	0.07620	0.23779	0.23748	0.02080	0.13494	0.01544	0.01691	0.01106	0.00697	0.00719	0.00207	0.02619	0.00639	0.00508	0.00986
129	0.00940	0.00705	0.01058	0.01058	0.01176	0.00823	0.00823	0.01176	0.01058	0.01528	0.01763	0.02586	0.01646	0.04937	0.74255	0.01058	0.01763	0.00705	0.00353	0.00588
130	0.00807	0.00668	0.00707	0.00698	0.00907	0.00568	0.00523	0.01001	0.01570	0.01942	0.19166	0.06066	0.59891	0.01606	0.00778	0.00219	0.00329	0.01352	0.00633	0.00568
131	0.01484	0.38820	0.02584	0.08609	0.08336	0.03879	0.04748	0.01735	0.01362	0.01677	0.01724	0.11989	0.05358	0.01040	0.03846	0.00221	0.00745	0.00703	0.00358	0.00781
132	0.01707	0.19237	0.31510	0.01857	0.10059	0.01681	0.05918	0.02237	0.03362	0.12461	0.03079	0.01602	0.01146	0.00655	0.00602	0.00192	0.00811	0.00534	0.00387	0.00962
133	0.02097	0.02538	0.01991	0.01798	0.03977	0.48810	0.04390	0.02285	0.01604	0.01639	0.01022	0.01331	0.00888	0.00916	0.03208	0.00229	0.19698	0.00490	0.00326	0.00761
134	0.04667	0.06668	0.07300	0.04735	0.10806	0.32444	0.07450	0.04099	0.01624	0.04236	0.01130	0.01389	0.00915	0.00702	0.00780	0.00196	0.09161	0.00507	0.00349	0.00841
135	0.00917	0.00674	0.00860	0.00819	0.00982	0.00617	0.00618	0.01211	0.01812	0.02522	0.62970	0.05147	0.13889	0.01395	0.00780	0.00211	0.00321	0.02931	0.00708	0.00613
136	0.01370	0.01185	0.01427	0.01019	0.01606	0.00897	0.02495	0.01669	0.01370	0.02144	0.01174	0.01375	0.00976	0.00489	0.00495	0.00101	0.00503	0.00400	0.00389	0.78917
137	0.01024	0.00761	0.01080	0.05870	0.01359	0.00878	0.00842	0.01351	0.04813	0.01673	0.01827	0.02614	0.01663	0.08300	0.54578	0.00851	0.01439	0.00706	0.07758	0.00612
138	0.02459	0.03138	0.01866	0.01696	0.02035	0.74221	0.01272	0.02629	0.01866	0.01611	0.01018	0.01187	0.00848	0.00678	0.00594	0.00170	0.01187	0.00424	0.00339	0.00763
139	0.01326	0.03364	0.71695	0.01899	0.02864	0.01532	0.04149	0.02085	0.01394	0.02085	0.01185	0.01400	0.00838	0.00624	0.00629	0.00209	0.00976	0.00494	0.00279	0.00971
140	0.00802	0.00573	0.00764	0.00917	0.00955	0.00535	0.00611	0.00917	0.01260	0.01681	0.03628	0.76434	0.04354	0.02062	0.00840	0.00267	0.00382	0.01872	0.00611	0.00535
141	0.00815	0.00583	0.00775	0.00908	0.00958	0.00543	0.00612	0.00949	0.01321	0.01776	0.10498	0.69291	0.04540	0.01991	0.00834	0.00261	0.00375	0.01804	0.00622	0.00543
142	0.01814	0.52013	0.03198	0.01694	0.10290	0.11425	0.07633	0.02073	0.01443	0.01679	0.01005	0.01207	0.00883	0.00580	0.00504	0.00158	0.00812	0.00428	0.00299	0.00862
143	0.00848	0.00624	0.00858	0.00968	0.01021	0.00635	0.00677	0.00987	0.01214	0.01648	0.03187	0.59980	0.03728	0.02588	0.14995	0.00420	0.02912	0.01608	0.00552	0.00550
144	0.81514	0.01273	0.00968	0.00866	0.01273	0.01477	0.00713	0.01935	0.01120	0.02954	0.00917	0.01069	0.00713	0.00611	0.00407	0.00204	0.00509	0.00356	0.00407	0.00713
145	0.00942	0.00701	0.01036	0.01036	0.01146	0.00811	0.00795	0.01161	0.01051	0.01512	0.01784	0.02699	0.01695	0.09646	0.69614	0.01031	0.01690	0.00722	0.00356	0.00575
146	0.01463	0.01394	0.02371	0.34755	0.43344	0.01520	0.01938	0.01875	0.01420	0.01949	0.01209	0.01684	0.00972	0.00617	0.00655	0.00206	0.00823	0.00586	0.00311	0.00909
147	0.02503	0.01844	0.01976	0.01515	0.02042	0.02042	0.01251	0.70562	0.03095	0.04149	0.01581	0.01581	0.01120	0.00790	0.00659	0.00198	0.00724	0.00593	0.00659	0.01120
148	0.00807	0.00668	0.00707	0.00697	0.00907	0.00568	0.00523	0.01001	0.01569	0.01941	0.19057	0.06068	0.60001	0.01607	0.00778	0.00219	0.00329	0.01352	0.00633	0.00568
149	0.81514	0.01273	0.00968	0.00866	0.01273	0.01477	0.00713	0.01935	0.01120	0.02954	0.00917	0.01069	0.00713	0.00611	0.00407	0.00204	0.00509	0.00356	0.00407	0.00713
150	0.01760	0.77260	0.03450	0.01126	0.01690	0.02605	0.01126	0.01971	0.01338	0.01549	0.00915	0.01056	0.00845	0.00563	0.00422	0.00141	0.00704	0.00352	0.00282	0.00845
151	0.00940	0.00705	0.01058	0.01058	0.01176	0.00823	0.00823	0.01176	0.01058	0.01528	0.01763	0.02586	0.01646	0.04937	0.74255	0.01058	0.01763	0.00705	0.00353	0.00588
152	0.01440	0.01440	0.02016	0.01728	0.01728	0.02016	0.01440	0.01584	0.01008	0.01584	0.00864	0.01440	0.00864	0.01152	0.02160	0.00288	0.75659	0.00576	0.00288	0.00720
153	0.02503	0.01844	0.01976	0.01515	0.02042	0.02042	0.01251	0.70562	0.03095	0.04149	0.01581	0.01581	0.01120	0.00790	0.00659	0.00198	0.00724	0.00593	0.00659	0.01120
154	0.01637	0.01414	0.01489	0.01340	0.01712	0.01637	0.01042	0.03498	0.71568	0.02754	0.02679	0.02456	0.02010	0.00893	0.00670	0.00223	0.00521	0.00744	0.00670	0.01042
155	0.01458	0.01488	0.07288	0.01987	0.02487	0.01287	0.37869	0.03703	0.01619	0.07322	0.13567	0.12567	0.02366	0.00924	0.00764	0.00223	0.00818	0.00964	0.00476	0.00823
156	0.01365	0.01170	0.01365	0.00975	0.01560	0.00878	0.00780	0.01658	0.01365	0.02145	0.01170	0.01365	0.00975	0.00488	0.00488	0.00098	0.00488	0.00390	0.00390	0.80888
157	0.00932	0.00673	0.00880	0.00828	0.00984	0.00621	0.00621	0.01242	0.01863	0.02640	0.72410	0.04918	0.06212	0.01346	0.00776	0.00207	0.00311	0.01191	0.00725	0.00621
158	0.10658	0.01447	0.04271	0.02478	0.28406	0.01357	0.13305	0.02262	0.01584	0.19637	0.06722	0.01975	0.01512	0.00696	0.00657	0.00204	0.00725	0.00654	0.00483	0.00966
159	0.01650	0.16578	0.46625	0.01665	0.02463	0.06502	0.01951	0.08099	0.01582	0.05305	0.01220	0.01370	0.00897	0.00640	0.00591	0.00192	0.00898	0.00475	0.00340	0.00955
160	0.75876	0.03382	0.01074	0.00910	0.01318	0.04738	0.00749	0.01967	0.01159	0.02857	0.00921	0.01074	0.00722	0.00613	0.00416	0.00201	0.00545	0.00359	0.00401	0.00719
161	0.01439	0.03239	0.68226	0.01825	0.02764	0.01488	0.02326	0.02166	0.01426	0.07254	0.01284	0.01452	0.00892	0.00639	0.00628	0.00208	0.00943	0.00499	0.00317	0.00984
162	0.04700	0.71814	0.05851	0.01143	0.01716	0.02525	0.01158	0.01974	0.01331	0.01620	0.00925	0.01068	0.00840	0.00567	0.00429	0.00146	0.00706	0.00357	0.00286	0.00845
163	0.01320	0.03405	0.73453	0.01876	0.02849	0.01529	0.02432	0.02085	0.01390	0.02085	0.01181	0.01390	0.00834	0.00625	0.00625	0.00208	0.00973	0.00486	0.00278	0.00973
164	0.01243	0.01170	0.01975	0.75282	0.04534	0.01463	0.01828	0.01682	0.01316	0.01682	0.01170	0.01755	0.00878	0.00658	0.00658	0.00219	0.00878	0.00585	0.00293	0.00731
165	0.02755	0.01439	0.01725	0.01323	0.01840	0.01441	0.01093	0.32882	0.02418	0.42786	0.02149	0.01950	0.01405	0.00804	0.00661	0.00201	0.00633	0.00631	0.00746	0.01120
166	0.81514	0.01273	0.00968	0.00866	0.01273	0.01477	0.00713	0.01935	0.01120	0.02954	0.00917	0.01069	0.00713	0.00611	0.00407	0.00204	0.00509	0.00356	0.00407	0.00713
167	0.01243	0.01170	0.01975	0.75282	0.04534	0.01463	0.01828	0.01682	0.01316	0.01682	0.01170	0.01755	0.00878	0.00658	0.00658	0.00219	0.00878	0.00585	0.00293	0.00731
168	0.01144	0.00572	0.00858	0.00858	0.00858	0.00572	0.00572	0.00858	0.00858	0.01144	0.01144	0.02001	0.01144	0.02287	0.02573	0.80846	0.00572	0.00572	0.00286	0.00286
169	0.01629	0.01564	0.02672	0.04041	0.72757	0.01564	0.02020	0.02020	0.01499	0.02151	0.01238	0.01629	0.01043	0.00587	0.00652	0.00196	0.00782	0.00587	0.00326	0.01043
170	0.81514	0.01273	0.00968	0.00866	0.01273	0.01477	0.00713	0.01935	0.01120	0.02954	0.00917	0.01069	0.00713	0.00611	0.00407	0.00204	0.00509	0.00356	0.00407	0.00713
171	0.01646	0.01602	0.02815	0.03789	0.61109	0.01593	0.11296	0.04181	0.01556	0.02208	0.01262	0.01648	0.01039	0.00589	0.00669	0.00199	0.00825	0.00613	0.00337	0.01024
172	0.02436	0.01289	0.01526	0.01242	0.01692	0.03241	0.01001	0.07598	0.22312	0.43005	0.05612	0.02350	0.01889	0.00856	0.00667	0.00208	0.00566	0.00698	0.00745	0.01065
173	0.01629	0.01564	0.02672	0.04041	0.72757	0.01564	0.02020	0.02020	0.01499	0.02151	0.01238	0.01629	0.01043	0.00587	0.00652	0.00196	0.00782	0.00587	0.00326	0.01043
174	0.01724	0.01457	0.01537	0.01357	0.01745	0.01678	0.01063	0.10187	0.64738	0.02893	0.02570	0.02369	0.01921	0.00883	0.00669	0.00221	0.00541	0.00729	0.00669	0.01050
175	0.01320	0.03405	0.73453	0.01876	0.02849	0.01529	0.02432	0.02085	0.01390	0.02085	0.01181	0.01390	0.00834	0.00625	0.00625	0.00208	0.00973	0.00486	0.00278	0.00973
176	0.01227	0.00614	0.00614	0.00614	0.00767	0.00614	0.00460	0.01534	0.01381	0.02454	0.02148	0.02454	0.01687	0.00767	0.00460	0.00153	0.00307	0.00614	0.80518	0.00614
177	0.81514	0.01273	0.00968	0.00866	0.01273	0.01477	0.00713	0.01935	0.01120	0.02954	0.00917	0.01069	0.00713	0.00611	0.00407	0.00204	0.00509	0.00356	0.00407	0.00713
