[name]
unknown

[dist]
# distance from previous block
# <min> <max>
22	866

[block]
# block no. 0 follows, 34 sequences, length 33
# corresponding to MSA columns:
# 885-917
name=unknown_A
#
# <colnr> <probs for GDERKNQSTAVLIFYWHMCP>
#	G	D	E	R	K	N	Q	S	T	A	V	L	I	F	Y	W	H	M	C	P
0	0.02071	0.01291	0.01689	0.04440	0.08312	0.03502	0.03874	0.11571	0.06036	0.28457	0.02091	0.10870	0.01666	0.00890	0.00704	0.00201	0.03031	0.00750	0.00597	0.07956
1	0.10038	0.01457	0.01756	0.03893	0.05822	0.04361	0.06693	0.20607	0.11898	0.08606	0.01725	0.05451	0.01388	0.03299	0.03236	0.00242	0.02621	0.00656	0.00523	0.05728
2	0.11676	0.01285	0.01461	0.01353	0.06412	0.05835	0.02970	0.08994	0.11853	0.18902	0.09303	0.05282	0.03780	0.03981	0.00817	0.03337	0.00589	0.00728	0.00581	0.00859
3	0.01860	0.01476	0.01714	0.04014	0.06387	0.09182	0.05569	0.20274	0.07619	0.10563	0.07879	0.06124	0.04083	0.01107	0.03922	0.03417	0.00727	0.00734	0.00545	0.02803
4	0.01817	0.03733	0.03841	0.09602	0.12135	0.03865	0.05398	0.23784	0.06563	0.07030	0.05415	0.03992	0.05250	0.00808	0.00654	0.00197	0.00696	0.00685	0.00513	0.04023
5	0.04794	0.11274	0.06742	0.07887	0.17289	0.13533	0.01381	0.04820	0.03864	0.01976	0.03519	0.09210	0.01432	0.00814	0.00697	0.00194	0.05270	0.00648	0.00380	0.04278
6	0.06762	0.01396	0.01878	0.13814	0.06214	0.06156	0.11257	0.08331	0.10841	0.05930	0.04244	0.09753	0.03584	0.00880	0.00715	0.00211	0.03322	0.00768	0.00471	0.03471
7	0.04123	0.01806	0.09558	0.04130	0.05548	0.10012	0.07374	0.19722	0.06207	0.11330	0.04526	0.06982	0.01531	0.00836	0.00706	0.00205	0.03286	0.00688	0.00514	0.00919
8	0.01483	0.04669	0.13274	0.02012	0.20219	0.03640	0.03649	0.07600	0.04407	0.02283	0.11681	0.02105	0.03736	0.00754	0.00683	0.00184	0.03542	0.00636	0.00424	0.13019
9	0.15561	0.06158	0.05981	0.03115	0.06387	0.01386	0.10803	0.07516	0.04277	0.02292	0.06568	0.10476	0.04790	0.01055	0.03523	0.00239	0.04730	0.00762	0.00441	0.03941
10	0.03544	0.17574	0.05112	0.01481	0.04010	0.06044	0.08317	0.22403	0.01913	0.02573	0.05211	0.01567	0.01244	0.00658	0.00574	0.00166	0.00713	0.00527	0.00442	0.15924
11	0.00788	0.00580	0.00740	0.00859	0.00928	0.00531	0.00584	0.00916	0.01295	0.01700	0.06649	0.63421	0.14763	0.01939	0.00813	0.00253	0.00365	0.01740	0.00604	0.00531
12	0.01448	0.01446	0.05280	0.36100	0.27572	0.01483	0.11138	0.01885	0.01406	0.04249	0.01239	0.01685	0.00955	0.00612	0.00658	0.00207	0.00854	0.00599	0.00320	0.00864
13	0.01417	0.01439	0.04125	0.39560	0.30795	0.05275	0.01815	0.01814	0.01390	0.01836	0.01248	0.04152	0.01036	0.00665	0.00645	0.00205	0.00827	0.00606	0.00312	0.00838
14	0.04919	0.00905	0.01065	0.00939	0.01225	0.00871	0.00731	0.05824	0.08255	0.17350	0.26003	0.07524	0.19371	0.01214	0.00710	0.00210	0.00416	0.01027	0.00677	0.00764
15	0.00940	0.00626	0.00705	0.00705	0.00705	0.00626	0.00392	0.00940	0.00940	0.01253	0.02036	0.04228	0.02349	0.77292	0.03289	0.00626	0.00626	0.00940	0.00392	0.00392
16	0.01765	0.73557	0.03300	0.01136	0.01677	0.06545	0.01113	0.01970	0.01342	0.01524	0.00904	0.01044	0.00829	0.00559	0.00424	0.00140	0.00717	0.00349	0.00280	0.00825
17	0.01791	0.70729	0.03241	0.01158	0.01690	0.09280	0.01119	0.01995	0.01361	0.01526	0.00908	0.01048	0.00829	0.00563	0.00430	0.00141	0.00735	0.00352	0.00282	0.00822
18	0.04285	0.07697	0.07073	0.01582	0.02045	0.13190	0.16804	0.07381	0.01652	0.04896	0.08446	0.04518	0.05089	0.00819	0.00685	0.00193	0.02624	0.02809	0.00436	0.07777
19	0.03595	0.22210	0.08643	0.10245	0.10495	0.01677	0.04044	0.11814	0.01618	0.02148	0.04324	0.06323	0.08634	0.00827	0.00604	0.00190	0.00688	0.00680	0.00408	0.00834
20	0.00942	0.00719	0.01052	0.01045	0.01143	0.00843	0.00803	0.01147	0.01042	0.01497	0.01810	0.06964	0.01775	0.08831	0.62189	0.00927	0.05573	0.00768	0.00360	0.00570
21	0.01113	0.00564	0.00835	0.00835	0.00835	0.00564	0.00553	0.00847	0.00847	0.01129	0.01167	0.02074	0.01182	0.05898	0.02562	0.77279	0.00564	0.00580	0.00286	0.00286
22	0.01452	0.01871	0.15550	0.26409	0.08950	0.09854	0.04457	0.01944	0.05305	0.01854	0.04003	0.01697	0.01134	0.00743	0.00860	0.00216	0.11986	0.00576	0.00331	0.00809
23	0.01861	0.14240	0.25858	0.01791	0.08864	0.13558	0.01651	0.16441	0.03843	0.04179	0.01257	0.01394	0.00953	0.00655	0.00589	0.00185	0.00857	0.00490	0.00389	0.00944
24	0.01178	0.00790	0.00903	0.00857	0.01080	0.00728	0.00640	0.07810	0.01601	0.09953	0.07389	0.22635	0.36291	0.04079	0.00839	0.00238	0.00409	0.01305	0.00624	0.00652
25	0.02262	0.02762	0.01961	0.04365	0.05202	0.59554	0.04880	0.05248	0.04533	0.01774	0.01114	0.01296	0.00904	0.00668	0.00602	0.00175	0.01091	0.00465	0.00355	0.00790
26	0.05088	0.03870	0.06880	0.06772	0.16055	0.14119	0.05035	0.20803	0.01944	0.09278	0.01362	0.01529	0.01018	0.00686	0.00661	0.00194	0.02763	0.00545	0.00452	0.00947
27	0.01566	0.04149	0.11545	0.17480	0.06322	0.04496	0.19676	0.09276	0.07469	0.02193	0.01337	0.01638	0.01016	0.00647	0.00698	0.00202	0.03210	0.00599	0.00373	0.06107
28	0.05959	0.10059	0.04584	0.01418	0.01819	0.38927	0.01149	0.06466	0.08486	0.04707	0.03612	0.01667	0.04238	0.00735	0.00581	0.00175	0.00878	0.00519	0.00420	0.03600
29	0.03919	0.00988	0.01246	0.04142	0.06931	0.03881	0.00914	0.03507	0.07706	0.05863	0.03158	0.06185	0.01817	0.13971	0.32186	0.00619	0.01097	0.00756	0.00431	0.00683
30	0.04840	0.04224	0.06099	0.09736	0.10377	0.12564	0.13218	0.11860	0.06690	0.04208	0.04287	0.04317	0.01346	0.00727	0.00645	0.00197	0.00819	0.00638	0.00428	0.02779
31	0.01454	0.01190	0.01373	0.03423	0.01537	0.08555	0.03908	0.12001	0.03332	0.06197	0.10525	0.18151	0.02509	0.03975	0.16250	0.00399	0.03033	0.00947	0.00517	0.00722
32	0.05126	0.03883	0.10664	0.01666	0.08604	0.15094	0.03364	0.13212	0.11288	0.09858	0.03821	0.01787	0.01347	0.00859	0.02984	0.00219	0.00792	0.00577	0.03938	0.00916

[dist]
# distance from previous block
# <min> <max>
0	27

[block]
# block no. 1 follows, 34 sequences, length 113
# corresponding to MSA columns:
# 945-1057
name=unknown_B
#
# <colnr> <probs for GDERKNQSTAVLIFYWHMCP>
#	G	D	E	R	K	N	Q	S	T	A	V	L	I	F	Y	W	H	M	C	P
0	0.04092	0.03868	0.03598	0.01635	0.14173	0.12073	0.01086	0.03799	0.04747	0.08982	0.04301	0.18732	0.04887	0.03478	0.00739	0.00212	0.00639	0.00876	0.00486	0.07599
1	0.01653	0.04817	0.28320	0.05053	0.13867	0.13169	0.07285	0.07133	0.04700	0.02103	0.01223	0.01467	0.00941	0.00661	0.00704	0.00200	0.04921	0.00529	0.00339	0.00914
2	0.01641	0.03807	0.01542	0.01357	0.03682	0.01576	0.01035	0.05875	0.59158	0.04668	0.06484	0.02441	0.02098	0.00877	0.00654	0.00213	0.00522	0.00731	0.00642	0.00998
3	0.81856	0.01250	0.00950	0.00850	0.01250	0.01449	0.00700	0.01899	0.01100	0.02899	0.00900	0.01050	0.00700	0.00600	0.00400	0.00200	0.00500	0.00350	0.00400	0.00700
4	0.00787	0.00562	0.00750	0.00900	0.00937	0.00525	0.00600	0.00900	0.01237	0.01649	0.03561	0.76871	0.04274	0.02024	0.00825	0.00262	0.00375	0.01837	0.00600	0.00525
5	0.00940	0.00626	0.00705	0.00705	0.00705	0.00626	0.00392	0.00940	0.00940	0.01253	0.02036	0.04228	0.02349	0.77292	0.03289	0.00626	0.00626	0.00940	0.00392	0.00392
6	0.01692	0.01895	0.06773	0.09762	0.19122	0.14081	0.27423	0.02110	0.01540	0.05118	0.01328	0.03739	0.01065	0.00640	0.00680	0.00203	0.00955	0.00651	0.00348	0.00875
7	0.02414	0.03079	0.01831	0.01665	0.01998	0.74698	0.01248	0.02580	0.01831	0.01581	0.00999	0.01165	0.00832	0.00666	0.00583	0.00166	0.01165	0.00416	0.00333	0.00749
8	0.01426	0.01287	0.04245	0.01033	0.01618	0.00976	0.00866	0.07084	0.01474	0.02257	0.01180	0.01357	0.00963	0.00507	0.00497	0.00108	0.00515	0.00402	0.00399	0.71806
9	0.00918	0.00681	0.00997	0.01003	0.01105	0.00779	0.00762	0.01124	0.01039	0.01485	0.01839	0.05990	0.01797	0.11018	0.65236	0.00968	0.01574	0.00765	0.00361	0.00558
10	0.00787	0.00562	0.00750	0.00900	0.00937	0.00525	0.00600	0.00900	0.01237	0.01649	0.03561	0.76871	0.04274	0.02024	0.00825	0.00262	0.00375	0.01837	0.00600	0.00525
11	0.01646	0.03958	0.01811	0.01914	0.17218	0.05526	0.01258	0.02966	0.48535	0.02441	0.02125	0.02093	0.01634	0.00798	0.00688	0.00210	0.02983	0.00663	0.00543	0.00992
12	0.02351	0.06123	0.01983	0.01457	0.01960	0.03908	0.01206	0.60360	0.08034	0.03760	0.01580	0.01576	0.01141	0.00768	0.00632	0.00192	0.00707	0.00575	0.00618	0.01069
13	0.01700	0.01223	0.01434	0.01056	0.01606	0.01026	0.00852	0.09701	0.03853	0.12765	0.01445	0.01523	0.01099	0.00571	0.00528	0.00126	0.00516	0.00455	0.00482	0.58039
14	0.05113	0.22206	0.14740	0.01984	0.15546	0.08986	0.09279	0.05039	0.01517	0.02006	0.03653	0.01666	0.04265	0.00663	0.00583	0.00182	0.00806	0.00548	0.00345	0.00871
15	0.81856	0.01250	0.00950	0.00850	0.01250	0.01449	0.00700	0.01899	0.01100	0.02899	0.00900	0.01050	0.00700	0.00600	0.00400	0.00200	0.00500	0.00350	0.00400	0.00700
16	0.00787	0.00562	0.00750	0.00900	0.00937	0.00525	0.00600	0.00900	0.01237	0.01649	0.03561	0.76871	0.04274	0.02024	0.00825	0.00262	0.00375	0.01837	0.00600	0.00525
17	0.01277	0.01198	0.02040	0.45658	0.20439	0.01356	0.04759	0.01673	0.01376	0.01840	0.05935	0.06742	0.01462	0.00757	0.00669	0.00212	0.00782	0.00703	0.00344	0.00778
18	0.01461	0.01999	0.21824	0.05085	0.30935	0.01507	0.14943	0.02070	0.06611	0.02097	0.01412	0.04590	0.01153	0.00661	0.00665	0.00206	0.00847	0.00645	0.00343	0.00947
19	0.00939	0.00629	0.00716	0.00716	0.00720	0.00632	0.00405	0.00947	0.00943	0.01261	0.02026	0.04172	0.02325	0.74881	0.05667	0.00640	0.00663	0.00931	0.00390	0.00398
20	0.02257	0.01607	0.01741	0.01383	0.01850	0.01769	0.01127	0.47804	0.17708	0.09586	0.01892	0.01828	0.01353	0.00798	0.00641	0.00198	0.00637	0.00620	0.04141	0.01061
21	0.01472	0.04960	0.04943	0.12057	0.16388	0.07485	0.18833	0.01839	0.01423	0.01883	0.03712	0.05911	0.01433	0.00823	0.00860	0.00219	0.09794	0.04801	0.00354	0.00809
22	0.01496	0.06082	0.01965	0.15162	0.16474	0.01436	0.03187	0.01795	0.01409	0.09582	0.13177	0.02187	0.01871	0.01026	0.03953	0.00250	0.17051	0.00674	0.00421	0.00805
23	0.02361	0.01763	0.01885	0.01467	0.01967	0.01959	0.01205	0.63515	0.10785	0.03919	0.01672	0.01648	0.01197	0.00787	0.00648	0.00197	0.00689	0.00598	0.00648	0.01090
24	0.00835	0.00613	0.00835	0.06542	0.01180	0.00604	0.00670	0.00960	0.01212	0.01610	0.03228	0.64007	0.03825	0.09359	0.01055	0.00295	0.00437	0.01653	0.00556	0.00526
25	0.01643	0.01926	0.19382	0.03459	0.12597	0.07873	0.02946	0.07550	0.10106	0.07673	0.03797	0.05181	0.01583	0.00896	0.00767	0.02633	0.03152	0.05495	0.00452	0.00890
26	0.01501	0.06814	0.15271	0.05103	0.24523	0.06519	0.17383	0.01935	0.01440	0.01941	0.01439	0.04119	0.03327	0.00813	0.03067	0.00228	0.02726	0.00644	0.00328	0.00882
27	0.02882	0.01128	0.01517	0.01163	0.01663	0.00991	0.00961	0.05824	0.01896	0.70968	0.02510	0.02174	0.01580	0.00799	0.00650	0.00200	0.00556	0.00647	0.00794	0.01100
28	0.04154	0.01846	0.09935	0.11097	0.11870	0.09221	0.22718	0.04827	0.05252	0.02051	0.01287	0.01646	0.01011	0.00858	0.04389	0.00250	0.05772	0.00612	0.00347	0.00855
29	0.09588	0.07956	0.26244	0.01806	0.10379	0.04488	0.05197	0.08239	0.04984	0.10322	0.01463	0.04021	0.01123	0.00697	0.00603	0.00198	0.00776	0.00564	0.00418	0.00933
30	0.00841	0.00596	0.00752	0.00858	0.00944	0.00541	0.00588	0.00968	0.01301	0.03670	0.04126	0.60772	0.17841	0.01913	0.00808	0.00252	0.00370	0.01710	0.00605	0.00545
31	0.00973	0.00687	0.00875	0.00870	0.01015	0.00650	0.00636	0.01301	0.05635	0.04547	0.43598	0.25597	0.08156	0.01497	0.00771	0.00222	0.00346	0.01330	0.00674	0.00621
32	0.01623	0.26625	0.24812	0.03868	0.08535	0.10889	0.08622	0.02045	0.01416	0.01801	0.01065	0.01305	0.00860	0.00609	0.00617	0.00182	0.03494	0.00471	0.00292	0.00872
33	0.01526	0.09395	0.06228	0.03748	0.19936	0.10590	0.11655	0.02025	0.09360	0.01954	0.02011	0.09603	0.07478	0.00854	0.00658	0.00201	0.00764	0.00766	0.00405	0.00846
34	0.00921	0.00674	0.00894	0.01022	0.01145	0.00646	0.00823	0.01141	0.01406	0.01817	0.03913	0.29050	0.13820	0.01839	0.00853	0.00275	0.00487	0.38108	0.00597	0.00566
35	0.01380	0.01318	0.02196	0.41807	0.29695	0.01526	0.01827	0.01765	0.01329	0.01812	0.01144	0.01646	0.00920	0.00668	0.00789	0.00213	0.08263	0.00574	0.00299	0.00830
36	0.02174	0.02195	0.07944	0.01644	0.05107	0.21076	0.01331	0.33369	0.13542	0.02939	0.01530	0.01573	0.01141	0.00740	0.00628	0.00192	0.00822	0.00553	0.00520	0.00979
37	0.01694	0.63455	0.02982	0.01105	0.01611	0.06404	0.01057	0.04070	0.01413	0.01627	0.01483	0.01572	0.07971	0.00673	0.00466	0.00149	0.00682	0.00458	0.00323	0.00805
38	0.01556	0.04631	0.10594	0.14393	0.11833	0.03651	0.01445	0.08624	0.09068	0.06000	0.03897	0.04349	0.01537	0.05411	0.00930	0.00239	0.06875	0.03685	0.00434	0.00848
39	0.02113	0.01640	0.01746	0.01417	0.01873	0.01844	0.01145	0.43784	0.30919	0.03519	0.01987	0.01898	0.01452	0.00816	0.00651	0.00204	0.00630	0.00642	0.00651	0.01068
40	0.01406	0.01697	0.17264	0.03837	0.12683	0.03334	0.09537	0.01877	0.05427	0.05154	0.03265	0.07094	0.01537	0.10225	0.00969	0.00244	0.00738	0.00700	0.00397	0.12614
41	0.01630	0.24295	0.30750	0.01723	0.04337	0.10221	0.07596	0.04928	0.01470	0.01905	0.01080	0.01297	0.00856	0.00629	0.00646	0.00186	0.04797	0.00468	0.00303	0.00883
42	0.66998	0.01463	0.07654	0.01069	0.01538	0.01450	0.05421	0.01962	0.01174	0.04978	0.01001	0.01159	0.00757	0.00604	0.00450	0.00202	0.00580	0.00397	0.00396	0.00746
43	0.00987	0.00865	0.03232	0.01512	0.13969	0.00814	0.00952	0.01185	0.01276	0.01741	0.02957	0.47003	0.06293	0.01908	0.07058	0.00313	0.03102	0.03684	0.00508	0.00640
44	0.01237	0.00937	0.01401	0.11954	0.12918	0.00951	0.02653	0.01587	0.05421	0.07950	0.11775	0.27802	0.06287	0.01288	0.00736	0.00227	0.00538	0.03071	0.00540	0.00728
45	0.04078	0.01683	0.01830	0.05819	0.14089	0.16731	0.03509	0.10369	0.09942	0.06300	0.01646	0.07904	0.01413	0.01101	0.05499	0.00259	0.05842	0.00676	0.00452	0.00858
46	0.00925	0.00685	0.01004	0.01004	0.01107	0.00789	0.00764	0.01131	0.01028	0.01474	0.01762	0.02714	0.01692	0.12390	0.67292	0.00996	0.01616	0.00718	0.00351	0.00558
47	0.00789	0.00656	0.00689	0.00681	0.00888	0.00556	0.00511	0.00976	0.01532	0.01886	0.17612	0.05986	0.61845	0.01584	0.00763	0.00216	0.00324	0.01331	0.00619	0.00556
48	0.01151	0.01000	0.01575	0.01607	0.10912	0.00958	0.11548	0.04418	0.01580	0.02094	0.12713	0.10534	0.18387	0.01320	0.00778	0.00234	0.00582	0.17372	0.00538	0.00700
49	0.01652	0.07095	0.05286	0.36747	0.12274	0.22722	0.01640	0.01999	0.01475	0.01698	0.01097	0.01483	0.00870	0.00635	0.00610	0.00192	0.00930	0.00509	0.00303	0.00784
50	0.00787	0.00562	0.00750	0.00900	0.00937	0.00525	0.00600	0.00900	0.01237	0.01649	0.03561	0.76871	0.04274	0.02024	0.00825	0.00262	0.00375	0.01837	0.00600	0.00525
51	0.01727	0.77681	0.03386	0.01106	0.01658	0.02557	0.01106	0.01935	0.01313	0.01520	0.00898	0.01036	0.00829	0.00553	0.00415	0.00138	0.00691	0.00345	0.00276	0.00829
52	0.01357	0.01416	0.02805	0.29390	0.07539	0.01464	0.35860	0.01815	0.01413	0.01884	0.01430	0.07943	0.01212	0.00706	0.00718	0.00219	0.00928	0.00772	0.00334	0.00795
53	0.00787	0.00562	0.00750	0.00900	0.00937	0.00525	0.00600	0.00900	0.01237	0.01649	0.03561	0.76871	0.04274	0.02024	0.00825	0.00262	0.00375	0.01837	0.00600	0.00525
54	0.02456	0.01810	0.01939	0.01487	0.02004	0.02004	0.01228	0.71107	0.03038	0.04072	0.01551	0.01551	0.01099	0.00776	0.00646	0.00194	0.00711	0.00582	0.00646	0.01099
55	0.01727	0.77681	0.03386	0.01106	0.01658	0.02557	0.01106	0.01935	0.01313	0.01520	0.00898	0.01036	0.00829	0.00553	0.00415	0.00138	0.00691	0.00345	0.00276	0.00829
56	0.01351	0.01138	0.01233	0.01149	0.01443	0.01262	0.00889	0.02630	0.48111	0.02465	0.10179	0.07885	0.11764	0.01135	0.00704	0.00224	0.00463	0.04458	0.00649	0.00868
57	0.00787	0.00562	0.00750	0.00900	0.00937	0.00525	0.00600	0.00900	0.01237	0.01649	0.03561	0.76871	0.04274	0.02024	0.00825	0.00262	0.00375	0.01837	0.00600	0.00525
58	0.01204	0.00602	0.00602	0.00602	0.00753	0.00602	0.00452	0.01506	0.01355	0.02409	0.02108	0.02409	0.01656	0.00753	0.00452	0.00151	0.00301	0.00602	0.80879	0.00602
59	0.01220	0.01148	0.01938	0.75739	0.04450	0.01436	0.01794	0.01651	0.01292	0.01651	0.01148	0.01723	0.00861	0.00646	0.00646	0.00215	0.00861	0.00574	0.00287	0.00718
60	0.00914	0.00660	0.00864	0.00813	0.00965	0.00610	0.00610	0.01219	0.01829	0.02591	0.72921	0.04827	0.06097	0.01321	0.00762	0.00203	0.00305	0.01169	0.00711	0.00610
61	0.00764	0.00655	0.00655	0.00655	0.00873	0.00545	0.00491	0.00927	0.01473	0.01745	0.06546	0.06218	0.73000	0.01636	0.00764	0.00218	0.00327	0.01364	0.00600	0.00545
62	0.01727	0.77681	0.03386	0.01106	0.01658	0.02557	0.01106	0.01935	0.01313	0.01520	0.00898	0.01036	0.00829	0.00553	0.00415	0.00138	0.00691	0.00345	0.00276	0.00829
63	0.00787	0.00562	0.00750	0.00900	0.00937	0.00525	0.00600	0.00900	0.01237	0.01649	0.03561	0.76871	0.04274	0.02024	0.00825	0.00262	0.00375	0.01837	0.00600	0.00525
64	0.01204	0.00602	0.00602	0.00602	0.00753	0.00602	0.00452	0.01506	0.01355	0.02409	0.02108	0.02409	0.01656	0.00753	0.00452	0.00151	0.00301	0.00602	0.80879	0.00602
65	0.01296	0.03342	0.73944	0.01842	0.02797	0.01501	0.02387	0.02046	0.01364	0.02046	0.01160	0.01364	0.00818	0.00614	0.00614	0.00205	0.00955	0.00477	0.00273	0.00955
66	0.00940	0.00626	0.00705	0.00705	0.00705	0.00626	0.00392	0.00940	0.00940	0.01253	0.02036	0.04228	0.02349	0.77292	0.03289	0.00626	0.00626	0.00940	0.00392	0.00392
67	0.00783	0.00647	0.00686	0.00693	0.00889	0.00551	0.00513	0.00958	0.01493	0.01832	0.13738	0.12070	0.59650	0.01634	0.00769	0.00220	0.00329	0.01382	0.00612	0.00551
68	0.01220	0.01148	0.01938	0.75739	0.04450	0.01436	0.01794	0.01651	0.01292	0.01651	0.01148	0.01723	0.00861	0.00646	0.00646	0.00215	0.00861	0.00574	0.00287	0.00718
69	0.02621	0.01546	0.01776	0.01361	0.01872	0.01612	0.01125	0.45823	0.02596	0.29981	0.01923	0.01792	0.01285	0.00785	0.00648	0.00196	0.00651	0.00607	0.00703	0.01099
70	0.02250	0.01376	0.01575	0.01267	0.01706	0.01448	0.01026	0.27668	0.18401	0.24868	0.06549	0.02184	0.01785	0.00839	0.00649	0.00200	0.00574	0.00674	0.03928	0.01031
71	0.01414	0.01414	0.01979	0.01696	0.01696	0.01979	0.01414	0.01555	0.00990	0.01555	0.00848	0.01414	0.00848	0.01131	0.02120	0.00283	0.76110	0.00565	0.00283	0.00707
72	0.01340	0.01148	0.01340	0.00957	0.01531	0.00861	0.00766	0.01627	0.01340	0.02105	0.01148	0.01340	0.00957	0.00479	0.00479	0.00096	0.00479	0.00383	0.00383	0.81242
73	0.01705	0.67505	0.10736	0.01195	0.01789	0.02429	0.01244	0.04120	0.01372	0.01656	0.00946	0.01087	0.00837	0.00566	0.00443	0.00147	0.00719	0.00367	0.00288	0.00851
74	0.01635	0.17518	0.19010	0.04365	0.11721	0.09449	0.03732	0.07664	0.01542	0.02039	0.01154	0.01391	0.00930	0.00762	0.03481	0.00203	0.00846	0.00474	0.00337	0.11745
75	0.05463	0.01766	0.10861	0.04286	0.18836	0.03830	0.11366	0.12958	0.01726	0.14367	0.01446	0.01635	0.01062	0.00694	0.00761	0.00206	0.06738	0.00588	0.00447	0.00962
76	0.00937	0.00637	0.00760	0.00760	0.00779	0.00656	0.00460	0.00975	0.00956	0.01294	0.01986	0.03950	0.02228	0.65360	0.15055	0.00694	0.00808	0.00899	0.00384	0.00422
77	0.00877	0.00650	0.00818	0.00795	0.00947	0.00590	0.00589	0.01139	0.01710	0.02356	0.54941	0.12336	0.16972	0.01444	0.00769	0.00212	0.00316	0.01268	0.00682	0.00590
78	0.01571	0.03791	0.22141	0.06060	0.17874	0.01589	0.19211	0.06422	0.08727	0.04179	0.01413	0.01660	0.01061	0.00630	0.00661	0.00205	0.00867	0.00609	0.00374	0.00954
79	0.02565	0.01108	0.01446	0.01148	0.01603	0.01018	0.00935	0.03045	0.11913	0.58216	0.07824	0.02426	0.01989	0.00850	0.00659	0.00203	0.00526	0.00700	0.00773	0.01052
80	0.02880	0.01130	0.01519	0.01164	0.01665	0.00995	0.00962	0.06096	0.01901	0.70689	0.02506	0.02171	0.01578	0.00799	0.00650	0.00200	0.00557	0.00647	0.00793	0.01100
81	0.01525	0.01743	0.03813	0.02723	0.03377	0.01634	0.70915	0.02070	0.01525	0.02070	0.01307	0.01743	0.00980	0.00545	0.00763	0.00218	0.01089	0.00763	0.00327	0.00871
82	0.01551	0.19886	0.19940	0.01585	0.02153	0.01558	0.14585	0.04147	0.01473	0.08999	0.01743	0.12363	0.01590	0.00875	0.00645	0.00204	0.00768	0.04676	0.00412	0.00847
83	0.01204	0.00602	0.00602	0.00602	0.00753	0.00602	0.00452	0.01506	0.01355	0.02409	0.02108	0.02409	0.01656	0.00753	0.00452	0.00151	0.00301	0.00602	0.80879	0.00602
84	0.01373	0.01354	0.01901	0.01642	0.01651	0.01882	0.01363	0.01522	0.00994	0.01550	0.00921	0.01507	0.00912	0.01438	0.08128	0.00345	0.69956	0.00576	0.00288	0.00696
85	0.01296	0.03342	0.73944	0.01842	0.02797	0.01501	0.02387	0.02046	0.01364	0.02046	0.01160	0.01364	0.00818	0.00614	0.00614	0.00205	0.00955	0.00477	0.00273	0.00955
86	0.01381	0.02475	0.39674	0.02325	0.12909	0.01517	0.19791	0.01974	0.01400	0.02025	0.01297	0.04771	0.01040	0.00673	0.00725	0.00212	0.03962	0.00627	0.00308	0.00915
87	0.01030	0.00736	0.01028	0.01177	0.01321	0.00734	0.01022	0.01319	0.01476	0.01921	0.03427	0.10374	0.03743	0.01796	0.00889	0.00296	0.00585	0.65939	0.00595	0.00592
88	0.00938	0.00634	0.00744	0.00744	0.00757	0.00648	0.00440	0.00965	0.00951	0.01282	0.02000	0.04031	0.02263	0.68828	0.11636	0.00675	0.00755	0.00911	0.00386	0.00413
89	0.01360	0.03252	0.71029	0.01814	0.02750	0.01478	0.02329	0.02091	0.01384	0.04930	0.01215	0.01398	0.00850	0.00621	0.00615	0.00204	0.00939	0.00484	0.00294	0.00961
90	0.00906	0.00633	0.00703	0.00700	0.00747	0.00611	0.00419	0.00950	0.01077	0.01403	0.06014	0.04620	0.15464	0.60049	0.02714	0.00533	0.00557	0.01028	0.00444	0.00429
91	0.01041	0.00744	0.01041	0.01190	0.01339	0.00744	0.01041	0.01339	0.01487	0.01934	0.03421	0.07288	0.03719	0.01785	0.00892	0.00297	0.00595	0.68913	0.00595	0.00595
92	0.02414	0.03079	0.01831	0.01665	0.01998	0.74698	0.01248	0.02580	0.01831	0.01581	0.00999	0.01165	0.00832	0.00666	0.00583	0.00166	0.01165	0.00416	0.00333	0.00749
93	0.00976	0.00779	0.00896	0.00858	0.01067	0.00758	0.00656	0.01471	0.12917	0.02242	0.32622	0.04966	0.29404	0.01495	0.03128	0.00242	0.00403	0.03820	0.00646	0.00651
94	0.00787	0.00562	0.00750	0.00900	0.00937	0.00525	0.00600	0.00900	0.01237	0.01649	0.03561	0.76871	0.04274	0.02024	0.00825	0.00262	0.00375	0.01837	0.00600	0.00525
95	0.02414	0.03079	0.01831	0.01665	0.01998	0.74698	0.01248	0.02580	0.01831	0.01581	0.00999	0.01165	0.00832	0.00666	0.00583	0.00166	0.01165	0.00416	0.00333	0.00749
96	0.01607	0.01388	0.01461	0.01315	0.01680	0.01607	0.01023	0.03433	0.72094	0.02703	0.02630	0.02411	0.01972	0.00877	0.00657	0.00219	0.00511	0.00731	0.00657	0.01023
97	0.01727	0.77681	0.03386	0.01106	0.01658	0.02557	0.01106	0.01935	0.01313	0.01520	0.00898	0.01036	0.00829	0.00553	0.00415	0.00138	0.00691	0.00345	0.00276	0.00829
98	0.01064	0.00786	0.01059	0.04352	0.05455	0.00762	0.00771	0.01451	0.05414	0.04860	0.56836	0.04341	0.07893	0.01219	0.00741	0.00204	0.00377	0.01075	0.00665	0.00674
99	0.01698	0.06164	0.12341	0.05906	0.10186	0.06637	0.04367	0.13476	0.08084	0.07280	0.11851	0.02204	0.01887	0.04182	0.00763	0.00216	0.00718	0.00667	0.00486	0.00888
100	0.00787	0.00562	0.00750	0.00900	0.00937	0.00525	0.00600	0.00900	0.01237	0.01649	0.03561	0.76871	0.04274	0.02024	0.00825	0.00262	0.00375	0.01837	0.00600	0.00525
101	0.01175	0.00609	0.00652	0.00652	0.00793	0.00619	0.00489	0.01444	0.01304	0.02270	0.02030	0.02401	0.01629	0.01188	0.07237	0.03834	0.00441	0.00609	0.70039	0.00586
102	0.01686	0.30552	0.18130	0.01728	0.11206	0.16253	0.01486	0.02019	0.01420	0.01712	0.01097	0.01397	0.00947	0.03798	0.03856	0.00223	0.00894	0.00456	0.00300	0.00838
103	0.01206	0.01041	0.01365	0.10446	0.09630	0.01134	0.01068	0.01893	0.20758	0.02079	0.07140	0.14027	0.14266	0.01218	0.00786	0.00230	0.03888	0.06525	0.00539	0.00762
104	0.00787	0.00562	0.00750	0.00900	0.00937	0.00525	0.00600	0.00900	0.01237	0.01649	0.03561	0.76871	0.04274	0.02024	0.00825	0.00262	0.00375	0.01837	0.00600	0.00525
105	0.01627	0.01523	0.02345	0.13128	0.51511	0.04754	0.01797	0.02146	0.08455	0.04381	0.01379	0.01696	0.01106	0.00626	0.00640	0.00197	0.00765	0.00586	0.00365	0.00973
106	0.01711	0.01746	0.10091	0.04145	0.07523	0.01671	0.19120	0.18517	0.06708	0.04384	0.01431	0.01748	0.01114	0.02872	0.03329	0.00255	0.11655	0.00639	0.00427	0.00912
107	0.00959	0.00684	0.00846	0.00806	0.00969	0.00646	0.00604	0.01316	0.04855	0.02490	0.56059	0.06732	0.10131	0.01288	0.00729	0.00202	0.00317	0.01127	0.08621	0.00620
108	0.00787	0.00562	0.00750	0.00900	0.00937	0.00525	0.00600	0.00900	0.01237	0.01649	0.03561	0.76871	0.04274	0.02024	0.00825	0.00262	0.00375	0.01837	0.00600	0.00525
109	0.04489	0.07801	0.12537	0.08778	0.02283	0.18295	0.04478	0.14894	0.07678	0.06034	0.03437	0.01602	0.01172	0.00718	0.00655	0.00194	0.03090	0.00543	0.00435	0.00886
110	0.01868	0.41876	0.08287	0.01431	0.04322	0.20610	0.01268	0.03711	0.07841	0.01758	0.01124	0.01248	0.00944	0.00621	0.00507	0.00161	0.00819	0.00421	0.00334	0.00849
111	0.05141	0.01917	0.18710	0.06201	0.11964	0.05451	0.01464	0.10387	0.03551	0.02328	0.01231	0.01437	0.00955	0.00597	0.00570	0.00166	0.00722	0.00478	0.00380	0.26348
112	0.01745	0.05008	0.34555	0.05272	0.07087	0.07487	0.04863	0.09293	0.03608	0.10630	0.01391	0.01531	0.00999	0.00654	0.00619	0.00195	0.00854	0.00527	0.00398	0.03284

[dist]
# distance from previous block
# <min> <max>
0	1

[block]
# block no. 2 follows, 34 sequences, length 69
# corresponding to MSA columns:
# 1059-1127
name=unknown_C
#
# <colnr> <probs for GDERKNQSTAVLIFYWHMCP>
#	G	D	E	R	K	N	Q	S	T	A	V	L	I	F	Y	W	H	M	C	P
0	0.01673	0.01193	0.01387	0.09189	0.03665	0.05406	0.01007	0.14464	0.08335	0.12473	0.10146	0.16561	0.02474	0.01086	0.00684	0.00212	0.00575	0.02725	0.05928	0.00819
1	0.07214	0.03288	0.03419	0.01707	0.11779	0.04207	0.01235	0.38153	0.02285	0.09467	0.01670	0.07912	0.01351	0.00825	0.00633	0.00196	0.00678	0.00661	0.00562	0.02757
2	0.11442	0.01560	0.08320	0.12753	0.33252	0.01461	0.10096	0.01938	0.04008	0.02156	0.03428	0.04207	0.01233	0.00670	0.00634	0.00204	0.00766	0.00628	0.00356	0.00888
3	0.00787	0.00562	0.00750	0.00900	0.00937	0.00525	0.00600	0.00900	0.01237	0.01649	0.03561	0.76871	0.04274	0.02024	0.00825	0.00262	0.00375	0.01837	0.00600	0.00525
4	0.04818	0.03832	0.01838	0.01405	0.01893	0.01888	0.01153	0.51875	0.15722	0.03638	0.01698	0.01673	0.01236	0.00772	0.00628	0.00194	0.00658	0.00588	0.00621	0.03871
5	0.01727	0.14062	0.21823	0.01844	0.10685	0.06041	0.06928	0.12430	0.01694	0.06170	0.03074	0.03532	0.01172	0.00679	0.00603	0.00185	0.00796	0.00560	0.00398	0.05598
6	0.01296	0.03342	0.73944	0.01842	0.02797	0.01501	0.02387	0.02046	0.01364	0.02046	0.01160	0.01364	0.00818	0.00614	0.00614	0.00205	0.00955	0.00477	0.00273	0.00955
7	0.01311	0.05946	0.71473	0.01816	0.02757	0.01538	0.02342	0.02042	0.01362	0.02028	0.01150	0.01353	0.00819	0.00612	0.00607	0.00202	0.00946	0.00473	0.00273	0.00951
8	0.00884	0.00725	0.00889	0.03174	0.04830	0.00677	0.00692	0.01131	0.03813	0.01846	0.10815	0.20848	0.38878	0.01695	0.03204	0.00255	0.00438	0.04033	0.00579	0.00596
9	0.01477	0.01406	0.02370	0.27153	0.49057	0.01505	0.01896	0.01914	0.03295	0.01978	0.01231	0.01661	0.00996	0.00606	0.00642	0.00200	0.00791	0.00579	0.00318	0.00924
10	0.00999	0.00695	0.00901	0.00838	0.01008	0.00649	0.00632	0.01345	0.03813	0.04905	0.68650	0.04673	0.05834	0.01291	0.00755	0.00204	0.00319	0.01139	0.00713	0.00637
11	0.81856	0.01250	0.00950	0.00850	0.01250	0.01449	0.00700	0.01899	0.01100	0.02899	0.00900	0.01050	0.00700	0.00600	0.00400	0.00200	0.00500	0.00350	0.00400	0.00700
12	0.04476	0.01557	0.04271	0.12534	0.37343	0.07455	0.01666	0.01844	0.01373	0.01913	0.01364	0.01760	0.03822	0.00934	0.04693	0.00251	0.10972	0.00587	0.00326	0.00862
13	0.00767	0.00642	0.00667	0.00687	0.00881	0.00543	0.00505	0.00924	0.01442	0.01733	0.06153	0.15523	0.63949	0.01687	0.00772	0.00224	0.00334	0.01426	0.00600	0.00543
14	0.00787	0.00562	0.00750	0.00900	0.00937	0.00525	0.00600	0.00900	0.01237	0.01649	0.03561	0.76871	0.04274	0.02024	0.00825	0.00262	0.00375	0.01837	0.00600	0.00525
15	0.00787	0.00562	0.00750	0.00900	0.00937	0.00525	0.00600	0.00900	0.01237	0.01649	0.03561	0.76871	0.04274	0.02024	0.00825	0.00262	0.00375	0.01837	0.00600	0.00525
16	0.01364	0.12896	0.61142	0.01792	0.02679	0.01644	0.05794	0.02033	0.01366	0.01979	0.01133	0.01341	0.00828	0.00602	0.00596	0.00197	0.00928	0.00475	0.00276	0.00934
17	0.01727	0.77681	0.03386	0.01106	0.01658	0.02557	0.01106	0.01935	0.01313	0.01520	0.00898	0.01036	0.00829	0.00553	0.00415	0.00138	0.00691	0.00345	0.00276	0.00829
18	0.00940	0.00626	0.00705	0.00705	0.00705	0.00626	0.00392	0.00940	0.00940	0.01253	0.02036	0.04228	0.02349	0.77292	0.03289	0.00626	0.00626	0.00940	0.00392	0.00392
19	0.01280	0.03130	0.67282	0.01864	0.05503	0.01452	0.02272	0.01985	0.01374	0.02033	0.01443	0.01627	0.04590	0.00666	0.00623	0.00205	0.00915	0.00528	0.00292	0.00936
20	0.01599	0.01535	0.02623	0.03966	0.73262	0.01535	0.01983	0.01983	0.01471	0.02111	0.01215	0.01599	0.01023	0.00576	0.00640	0.00192	0.00768	0.00576	0.00320	0.01023
21	0.02486	0.01762	0.01910	0.01464	0.01980	0.01933	0.01209	0.66551	0.02958	0.08741	0.01618	0.01595	0.01132	0.00777	0.00647	0.00194	0.00700	0.00586	0.00657	0.01099
22	0.81856	0.01250	0.00950	0.00850	0.01250	0.01449	0.00700	0.01899	0.01100	0.02899	0.00900	0.01050	0.00700	0.00600	0.00400	0.00200	0.00500	0.00350	0.00400	0.00700
23	0.00907	0.00684	0.00711	0.00688	0.00925	0.00573	0.00522	0.01076	0.01498	0.06570	0.06278	0.05949	0.68213	0.01580	0.00756	0.00217	0.00342	0.01316	0.00613	0.00583
24	0.01083	0.10748	0.01461	0.03312	0.01387	0.01075	0.03926	0.01335	0.01125	0.01596	0.01613	0.02275	0.01466	0.03686	0.54384	0.00798	0.01441	0.00640	0.06021	0.00629
25	0.01166	0.00768	0.01072	0.01187	0.01360	0.00758	0.01035	0.01460	0.01512	0.06746	0.03363	0.06947	0.03577	0.01719	0.00876	0.00291	0.00592	0.64336	0.00609	0.00629
26	0.02117	0.08739	0.10145	0.01818	0.10478	0.28113	0.01412	0.15062	0.06876	0.07185	0.01357	0.01458	0.01035	0.00684	0.00600	0.00182	0.00882	0.00505	0.00432	0.00919
27	0.01587	0.01236	0.01429	0.01048	0.01603	0.01037	0.00844	0.10412	0.04234	0.06905	0.01343	0.01461	0.01053	0.00551	0.00517	0.00119	0.00513	0.00437	0.00452	0.63219
28	0.11906	0.13730	0.45263	0.03649	0.04705	0.06424	0.01879	0.02033	0.01354	0.02042	0.01079	0.01280	0.00813	0.00606	0.00557	0.00192	0.00863	0.00444	0.00296	0.00886
29	0.01020	0.00773	0.00943	0.00965	0.04776	0.00717	0.00678	0.01380	0.06621	0.05084	0.36058	0.04916	0.30938	0.01351	0.00744	0.00209	0.00362	0.01161	0.00648	0.00655
30	0.09650	0.01178	0.01860	0.62276	0.07632	0.01429	0.01669	0.01733	0.01296	0.03689	0.01163	0.01659	0.00872	0.00642	0.00620	0.00212	0.00811	0.00553	0.00314	0.00742
31	0.01462	0.26522	0.44685	0.01821	0.09442	0.01836	0.01944	0.02005	0.01359	0.01887	0.01083	0.01285	0.00842	0.00591	0.00554	0.00182	0.00853	0.00446	0.00279	0.00922
32	0.01512	0.01615	0.03257	0.11385	0.23627	0.01583	0.43200	0.01997	0.01483	0.02034	0.01263	0.01699	0.00979	0.00565	0.00714	0.00210	0.00971	0.00687	0.00320	0.00898
33	0.00940	0.00626	0.00705	0.00705	0.00705	0.00626	0.00392	0.00940	0.00940	0.01253	0.02036	0.04228	0.02349	0.77292	0.03289	0.00626	0.00626	0.00940	0.00392	0.00392
34	0.00764	0.00655	0.00655	0.00655	0.00873	0.00545	0.00491	0.00927	0.01473	0.01745	0.06546	0.06218	0.73000	0.01636	0.00764	0.00218	0.00327	0.01364	0.00600	0.00545
35	0.01987	0.01951	0.15080	0.01754	0.02352	0.03372	0.16389	0.24352	0.11724	0.11860	0.01690	0.01750	0.01200	0.00711	0.00666	0.00205	0.00799	0.00627	0.00524	0.01005
36	0.00803	0.00572	0.00759	0.00902	0.00942	0.00537	0.00607	0.00918	0.01233	0.01643	0.03489	0.71091	0.04169	0.05303	0.00935	0.00280	0.00394	0.04311	0.00591	0.00522
37	0.02474	0.01782	0.01922	0.01473	0.01990	0.01962	0.01217	0.68420	0.02991	0.06826	0.01591	0.01577	0.01119	0.00777	0.00647	0.00194	0.00705	0.00584	0.00652	0.01099
38	0.01525	0.01743	0.03813	0.02723	0.03377	0.01634	0.70915	0.02070	0.01525	0.02070	0.01307	0.01743	0.00980	0.00545	0.00763	0.00218	0.01089	0.00763	0.00327	0.00871
39	0.01559	0.23961	0.31560	0.01783	0.04718	0.06714	0.12414	0.03989	0.01472	0.01947	0.03435	0.01441	0.01033	0.00616	0.00585	0.00185	0.00881	0.00508	0.00313	0.00888
40	0.00764	0.00655	0.00655	0.00655	0.00873	0.00545	0.00491	0.00927	0.01473	0.01745	0.06546	0.06218	0.73000	0.01636	0.00764	0.00218	0.00327	0.01364	0.00600	0.00545
41	0.02456	0.01810	0.01939	0.01487	0.02004	0.02004	0.01228	0.71107	0.03038	0.04072	0.01551	0.01551	0.01099	0.00776	0.00646	0.00194	0.00711	0.00582	0.00646	0.01099
42	0.00811	0.00603	0.00756	0.00830	0.00930	0.00548	0.00580	0.00977	0.01418	0.01880	0.19738	0.46184	0.18808	0.01787	0.00798	0.00240	0.00349	0.01590	0.00625	0.00548
43	0.00965	0.00701	0.00829	0.00782	0.00982	0.00632	0.00591	0.01261	0.03962	0.05382	0.41429	0.05181	0.32106	0.01408	0.00754	0.00209	0.00331	0.01208	0.00670	0.00619
44	0.81856	0.01250	0.00950	0.00850	0.01250	0.01449	0.00700	0.01899	0.01100	0.02899	0.00900	0.01050	0.00700	0.00600	0.00400	0.00200	0.00500	0.00350	0.00400	0.00700
45	0.01525	0.01743	0.03813	0.02723	0.03377	0.01634	0.70915	0.02070	0.01525	0.02070	0.01307	0.01743	0.00980	0.00545	0.00763	0.00218	0.01089	0.00763	0.00327	0.00871
46	0.01527	0.43179	0.36134	0.01447	0.02187	0.02067	0.01700	0.01987	0.01337	0.01764	0.01020	0.01189	0.00824	0.00581	0.00507	0.00169	0.00813	0.00407	0.00275	0.00888
47	0.00939	0.00630	0.00722	0.00722	0.00728	0.00636	0.00413	0.00951	0.00945	0.01266	0.02020	0.04140	0.02311	0.73516	0.07013	0.00648	0.00684	0.00927	0.00389	0.00401
48	0.00830	0.00746	0.00705	0.00705	0.00920	0.03477	0.00526	0.00991	0.01477	0.01735	0.06195	0.09118	0.67131	0.01615	0.00759	0.00218	0.00363	0.01347	0.00589	0.00553
49	0.02363	0.02733	0.01823	0.01608	0.01976	0.56584	0.01229	0.14741	0.07119	0.02102	0.01214	0.01323	0.00962	0.00700	0.00599	0.00175	0.01038	0.00468	0.00412	0.00831
50	0.02314	0.02913	0.01846	0.01668	0.01967	0.67425	0.01265	0.02478	0.01747	0.01579	0.00984	0.01190	0.00834	0.00712	0.00736	0.00178	0.08661	0.00431	0.00328	0.00745
51	0.01524	0.01273	0.01352	0.01220	0.01565	0.01437	0.00948	0.03071	0.59888	0.04505	0.05845	0.02907	0.09690	0.00973	0.00673	0.00218	0.00485	0.00813	0.00657	0.00958
52	0.07415	0.37795	0.21139	0.01384	0.01993	0.13734	0.01436	0.05099	0.01470	0.01875	0.01011	0.01165	0.00830	0.00600	0.00502	0.00167	0.00823	0.00402	0.00309	0.00852
53	0.01073	0.00827	0.01221	0.01106	0.01272	0.00882	0.06266	0.05859	0.01269	0.01761	0.07397	0.05362	0.04465	0.15277	0.39206	0.03737	0.01190	0.00821	0.00414	0.00594
54	0.01362	0.00907	0.01069	0.00951	0.01215	0.03656	0.00724	0.01682	0.04749	0.14089	0.33229	0.15028	0.06189	0.01203	0.00706	0.00198	0.00422	0.01045	0.00646	0.10930
55	0.15443	0.01412	0.05124	0.23557	0.18060	0.01430	0.06314	0.04375	0.03773	0.10441	0.01355	0.01628	0.01007	0.00640	0.00606	0.00202	0.00737	0.00554	0.00401	0.02942
56	0.01983	0.08743	0.07106	0.05556	0.09643	0.03573	0.01349	0.33224	0.12002	0.04910	0.04393	0.01762	0.01360	0.00749	0.00627	0.00194	0.00703	0.00593	0.00533	0.00998
57	0.02221	0.05992	0.08475	0.01655	0.02107	0.44000	0.04536	0.16559	0.04593	0.02195	0.01196	0.01329	0.00934	0.00681	0.00602	0.00179	0.01005	0.00480	0.00401	0.00858
58	0.01338	0.01132	0.01344	0.01212	0.01356	0.05715	0.00941	0.11496	0.01352	0.01847	0.01540	0.02390	0.01472	0.16173	0.32356	0.00640	0.15977	0.00678	0.00385	0.00656
59	0.00858	0.00681	0.00774	0.00752	0.00943	0.00611	0.00563	0.01141	0.04221	0.02131	0.34027	0.07598	0.40399	0.01488	0.00761	0.00213	0.00326	0.01273	0.00649	0.00589
60	0.01556	0.01572	0.07289	0.06712	0.49337	0.01474	0.01765	0.07857	0.03972	0.02257	0.03598	0.04353	0.03948	0.00717	0.00654	0.00199	0.00729	0.00662	0.00385	0.00964
61	0.00809	0.00656	0.00717	0.00702	0.00901	0.00565	0.00527	0.01015	0.01580	0.01999	0.26483	0.05800	0.52904	0.01542	0.00763	0.00214	0.00321	0.01305	0.00633	0.00565
62	0.01700	0.06181	0.06590	0.01923	0.20197	0.07925	0.01299	0.09129	0.03996	0.04939	0.01320	0.01507	0.01047	0.00601	0.00563	0.00157	0.00679	0.00490	0.03584	0.26172
63	0.01430	0.00803	0.00971	0.11275	0.01450	0.00841	0.00746	0.04354	0.03771	0.09749	0.04836	0.02355	0.01705	0.00770	0.00526	0.00171	0.00428	0.00629	0.52489	0.00702
64	0.01659	0.14590	0.23890	0.06590	0.17429	0.03848	0.07565	0.12874	0.01664	0.02258	0.01197	0.01437	0.00924	0.00619	0.00605	0.00190	0.00846	0.00521	0.00349	0.00944
65	0.01467	0.29124	0.27753	0.03499	0.06541	0.01790	0.03557	0.04189	0.03318	0.01945	0.05300	0.06096	0.01387	0.00726	0.00573	0.00184	0.00759	0.00579	0.00346	0.00867
66	0.00818	0.00585	0.00773	0.00907	0.00960	0.00550	0.00625	0.00947	0.01267	0.01683	0.05410	0.64060	0.06027	0.05277	0.00935	0.00279	0.00401	0.07374	0.00593	0.00528
67	0.01613	0.39499	0.30349	0.03663	0.02213	0.09170	0.01633	0.02032	0.01383	0.01733	0.01016	0.01196	0.00826	0.00590	0.00515	0.00169	0.00844	0.00410	0.00281	0.00866
68	0.02112	0.01976	0.06827	0.02223	0.22169	0.18899	0.03898	0.14818	0.01890	0.14044	0.01520	0.04054	0.01178	0.00719	0.00638	0.00192	0.00827	0.00593	0.00467	0.00958

[dist]
# distance from previous block
# <min> <max>
0	1

[block]
# block no. 3 follows, 34 sequences, length 123
# corresponding to MSA columns:
# 1129-1251
name=unknown_D
#
# <colnr> <probs for GDERKNQSTAVLIFYWHMCP>
#	G	D	E	R	K	N	Q	S	T	A	V	L	I	F	Y	W	H	M	C	P
0	0.54853	0.01615	0.06508	0.01222	0.05795	0.10416	0.00976	0.01968	0.01241	0.02563	0.01011	0.01201	0.00798	0.00631	0.00505	0.00196	0.02806	0.00400	0.04554	0.00739
1	0.00964	0.04711	0.00985	0.00869	0.01061	0.00773	0.00671	0.01321	0.07226	0.02129	0.30012	0.14848	0.23359	0.01467	0.00756	0.00221	0.00382	0.06993	0.00629	0.00624
2	0.02179	0.04685	0.07842	0.01508	0.01985	0.25409	0.01279	0.33337	0.02251	0.02769	0.01305	0.01433	0.00999	0.00914	0.04454	0.00222	0.00917	0.00506	0.00471	0.05533
3	0.03361	0.01273	0.01852	0.07850	0.19858	0.01281	0.05175	0.06158	0.05758	0.07014	0.03453	0.06874	0.01492	0.04365	0.00840	0.00209	0.05134	0.00674	0.00435	0.16944
4	0.01039	0.04375	0.03309	0.00934	0.01098	0.00736	0.00718	0.01211	0.01319	0.05451	0.07325	0.33584	0.09323	0.13791	0.01173	0.00301	0.00481	0.09807	0.00549	0.03475
5	0.00820	0.00608	0.00759	0.00823	0.00923	0.00554	0.00574	0.00988	0.01423	0.01893	0.21718	0.42181	0.18061	0.04473	0.00885	0.00252	0.00357	0.01543	0.00621	0.00546
6	0.01026	0.00717	0.00930	0.01062	0.04765	0.00698	0.00702	0.01306	0.06617	0.05202	0.05469	0.48199	0.07854	0.04766	0.02702	0.00275	0.00448	0.01447	0.05194	0.00619
7	0.01909	0.07406	0.02068	0.09247	0.14377	0.16841	0.04863	0.15787	0.01811	0.06642	0.01380	0.01634	0.01083	0.01035	0.07119	0.00260	0.00909	0.00552	0.04203	0.00874
8	0.01566	0.04736	0.03518	0.05602	0.10933	0.01667	0.55131	0.04768	0.01561	0.02115	0.01284	0.01691	0.00979	0.00561	0.00726	0.00211	0.01014	0.00711	0.00335	0.00889
9	0.00800	0.00579	0.00760	0.00899	0.00956	0.00539	0.00617	0.00927	0.01268	0.01673	0.03768	0.67788	0.09193	0.01983	0.00824	0.00261	0.00384	0.05652	0.00600	0.00530
10	0.05789	0.01847	0.04313	0.01947	0.15104	0.12056	0.05165	0.26118	0.06942	0.04927	0.01421	0.01545	0.01075	0.00677	0.00615	0.00184	0.00765	0.00547	0.00481	0.08483
11	0.01535	0.01475	0.02495	0.15073	0.52914	0.01531	0.05854	0.02045	0.06784	0.02080	0.01317	0.01688	0.01067	0.00608	0.00649	0.00199	0.00782	0.00598	0.00341	0.00966
12	0.01723	0.74654	0.03309	0.01114	0.01659	0.02519	0.01102	0.01994	0.04121	0.01567	0.00967	0.01091	0.00875	0.00566	0.00424	0.00141	0.00684	0.00361	0.00292	0.00837
13	0.01129	0.00761	0.00900	0.00858	0.01070	0.00704	0.00643	0.03308	0.05806	0.09639	0.22605	0.18674	0.28498	0.01471	0.00753	0.00220	0.00375	0.01269	0.00655	0.00660
14	0.01618	0.01336	0.01777	0.15662	0.14966	0.01491	0.01351	0.13768	0.21026	0.04748	0.02043	0.02410	0.04310	0.01009	0.03664	0.00248	0.02435	0.04724	0.00504	0.00912
15	0.76206	0.01263	0.01019	0.03831	0.01400	0.01466	0.00759	0.04036	0.01167	0.02886	0.00930	0.01092	0.00719	0.00607	0.00417	0.00200	0.00521	0.00366	0.00403	0.00713
16	0.01505	0.01808	0.12890	0.08146	0.30489	0.05826	0.12808	0.02059	0.07077	0.02038	0.01450	0.03551	0.01209	0.00836	0.03423	0.00236	0.00879	0.02503	0.00354	0.00910
17	0.01650	0.01749	0.01626	0.01573	0.06102	0.25965	0.01158	0.04768	0.01414	0.01711	0.01271	0.01771	0.01146	0.04085	0.21480	0.00448	0.17777	0.00563	0.03032	0.00709
18	0.00924	0.00689	0.01021	0.01021	0.01131	0.00798	0.00786	0.01143	0.01033	0.01487	0.01746	0.02626	0.01653	0.08585	0.71045	0.01017	0.01674	0.00705	0.00348	0.00567
19	0.01587	0.01522	0.02600	0.06365	0.70961	0.01532	0.01977	0.01972	0.01465	0.02096	0.01213	0.01603	0.01018	0.00578	0.00640	0.00193	0.00771	0.00576	0.00319	0.01013
20	0.00820	0.00657	0.00733	0.00714	0.00908	0.00570	0.00536	0.01037	0.01607	0.02064	0.31517	0.05695	0.47830	0.01518	0.00763	0.00213	0.00319	0.01290	0.00642	0.00570
21	0.01340	0.01148	0.01340	0.00957	0.01531	0.00861	0.00766	0.01627	0.01340	0.02105	0.01148	0.01340	0.00957	0.00479	0.00479	0.00096	0.00479	0.00383	0.00383	0.81242
22	0.01643	0.01347	0.01431	0.01282	0.01644	0.01544	0.00999	0.03350	0.66675	0.05509	0.02607	0.02402	0.01946	0.00869	0.00649	0.00216	0.00505	0.00723	0.03649	0.01010
23	0.01270	0.01077	0.01351	0.01231	0.01371	0.03685	0.00967	0.07587	0.06612	0.01807	0.01594	0.02321	0.01476	0.10719	0.36587	0.00662	0.17950	0.00674	0.00386	0.00672
