[name]
unknown

[dist]
# distance from previous block
# <min> <max>
5	25

[block]
# block no. 0 follows, 34 sequences, length 17
# corresponding to MSA columns:
# 25-41
name=unknown_A
#
# <colnr> <probs for GDERKNQSTAVLIFYWHMCP>
#	G	D	E	R	K	N	Q	S	T	A	V	L	I	F	Y	W	H	M	C	P
0	0.01844	0.30318	0.07190	0.10102	0.12316	0.08793	0.01429	0.16780	0.01754	0.02204	0.01137	0.01337	0.00918	0.00629	0.00551	0.00173	0.00786	0.00470	0.00368	0.00903
1	0.25798	0.08718	0.04639	0.01544	0.11023	0.08546	0.03784	0.03934	0.05175	0.07531	0.01713	0.01816	0.07329	0.00731	0.00587	0.00192	0.02449	0.00551	0.00427	0.03512
2	0.01180	0.00939	0.01123	0.07635	0.01463	0.06893	0.03033	0.01408	0.03360	0.06603	0.11303	0.38514	0.03371	0.08899	0.01004	0.00272	0.00538	0.01293	0.00549	0.00621
3	0.02232	0.01177	0.01423	0.01150	0.01563	0.01163	0.00924	0.13485	0.13847	0.36178	0.08735	0.02437	0.02008	0.03618	0.00742	0.00213	0.00534	0.00702	0.05014	0.02855
4	0.03913	0.01507	0.10362	0.13384	0.05033	0.01370	0.05314	0.08733	0.17828	0.12933	0.06909	0.04516	0.03668	0.00836	0.00662	0.00210	0.00664	0.00716	0.00533	0.00910
5	0.05849	0.01770	0.10789	0.07972	0.44235	0.04612	0.09425	0.01973	0.01448	0.02079	0.01321	0.01663	0.02745	0.00613	0.00638	0.00198	0.00822	0.00585	0.00325	0.00938
6	0.08556	0.01140	0.01458	0.01135	0.01610	0.01047	0.00934	0.08035	0.01882	0.59490	0.06127	0.02207	0.01737	0.00811	0.00637	0.00200	0.00545	0.00650	0.00754	0.01044
7	0.00799	0.00581	0.00754	0.00869	0.00935	0.00536	0.00591	0.00936	0.01321	0.01758	0.11232	0.62984	0.10490	0.01915	0.00813	0.00252	0.00363	0.01724	0.00612	0.00536
8	0.03877	0.18451	0.18762	0.05173	0.03386	0.09270	0.01440	0.06299	0.08781	0.04021	0.05339	0.01714	0.02605	0.00752	0.00715	0.00194	0.07422	0.00545	0.00393	0.00860
9	0.02532	0.01530	0.01747	0.01356	0.01854	0.01609	0.01115	0.41913	0.08735	0.27738	0.01987	0.01849	0.01347	0.00793	0.00649	0.00198	0.00638	0.00618	0.00700	0.01092
10	0.00785	0.00570	0.00741	0.00878	0.00931	0.00527	0.00590	0.00902	0.01258	0.01658	0.03825	0.70627	0.10347	0.01990	0.00819	0.00258	0.00371	0.01795	0.00600	0.00527
11	0.00852	0.00675	0.00814	0.00894	0.03261	0.00615	0.00614	0.01083	0.03641	0.01909	0.17439	0.29872	0.32673	0.01654	0.00777	0.00230	0.00359	0.01445	0.00613	0.00580
12	0.01779	0.04091	0.11078	0.02189	0.21381	0.05777	0.05235	0.12256	0.03405	0.09729	0.03321	0.05622	0.01370	0.00893	0.02670	0.00227	0.06953	0.00652	0.00442	0.00930
13	0.01345	0.01540	0.08965	0.15942	0.04514	0.01544	0.21339	0.01800	0.04037	0.01879	0.05357	0.01884	0.01292	0.01084	0.06474	0.00290	0.18924	0.00666	0.00340	0.00784
14	0.01341	0.00685	0.00747	0.00705	0.00873	0.00707	0.00544	0.01629	0.01370	0.07594	0.02068	0.02336	0.01605	0.00778	0.00562	0.00162	0.04684	0.00604	0.70360	0.00645
15	0.10345	0.03256	0.18655	0.02256	0.22341	0.03089	0.07227	0.07942	0.08669	0.07929	0.01439	0.01603	0.01077	0.00650	0.00616	0.00200	0.00768	0.00558	0.00416	0.00964
16	0.01833	0.01925	0.08755	0.01612	0.03770	0.16276	0.08736	0.13629	0.19081	0.05308	0.10572	0.02121	0.01860	0.00802	0.00660	0.00199	0.00763	0.00670	0.00522	0.00908

[dist]
# distance from previous block
# <min> <max>
0	3

[block]
# block no. 1 follows, 34 sequences, length 15
# corresponding to MSA columns:
# 45-59
name=unknown_B
#
# <colnr> <probs for GDERKNQSTAVLIFYWHMCP>
#	G	D	E	R	K	N	Q	S	T	A	V	L	I	F	Y	W	H	M	C	P
0	0.00846	0.00664	0.00995	0.01034	0.01133	0.00617	0.06345	0.00997	0.01275	0.01690	0.03555	0.66497	0.08117	0.01880	0.00816	0.00256	0.00430	0.01721	0.00577	0.00554
1	0.01922	0.07748	0.07070	0.03594	0.11901	0.01461	0.12726	0.14050	0.01856	0.18621	0.10704	0.02103	0.01773	0.00753	0.00659	0.00197	0.00711	0.00674	0.00528	0.00948
2	0.02102	0.07080	0.05380	0.09569	0.05076	0.41745	0.06784	0.10984	0.01837	0.01977	0.01117	0.01335	0.00887	0.00656	0.00605	0.00180	0.01017	0.00485	0.00360	0.00824
3	0.01805	0.63768	0.06342	0.01218	0.01758	0.12728	0.01184	0.02031	0.01389	0.01553	0.00924	0.01069	0.00829	0.00572	0.00447	0.00145	0.00770	0.00361	0.00284	0.00823
4	0.01868	0.01622	0.02305	0.03110	0.49598	0.07493	0.01690	0.07021	0.06637	0.10117	0.01467	0.01684	0.01143	0.00643	0.00638	0.00193	0.00754	0.00582	0.00420	0.01015
5	0.01871	0.29340	0.03811	0.01327	0.01715	0.20483	0.01136	0.09501	0.03132	0.03622	0.01201	0.01526	0.01054	0.06090	0.05277	0.00255	0.07009	0.00486	0.00364	0.00797
6	0.00817	0.00657	0.00729	0.00711	0.00906	0.00568	0.00533	0.01031	0.01599	0.02045	0.30066	0.05725	0.49292	0.01525	0.00763	0.00213	0.00319	0.01295	0.00639	0.00568
7	0.01535	0.01686	0.02861	0.02194	0.02534	0.06707	0.35222	0.01874	0.01307	0.01807	0.01082	0.01557	0.00911	0.00814	0.01356	0.00243	0.34560	0.00651	0.00308	0.00790
8	0.00861	0.00644	0.00812	0.00895	0.01022	0.00595	0.00681	0.01058	0.01441	0.01875	0.13979	0.31789	0.21990	0.01768	0.00817	0.00251	0.00406	0.17942	0.00614	0.00559
9	0.00977	0.00883	0.00938	0.00867	0.01094	0.05632	0.03114	0.01254	0.04010	0.02037	0.26147	0.05163	0.42693	0.01410	0.00747	0.00210	0.00410	0.01197	0.00608	0.00607
10	0.00775	0.00647	0.00676	0.00686	0.00884	0.00548	0.00508	0.00943	0.01474	0.01788	0.10299	0.12354	0.62901	0.01651	0.00769	0.00221	0.00330	0.01394	0.00607	0.00548
11	0.02121	0.02514	0.01740	0.01570	0.01867	0.52106	0.01200	0.05051	0.08839	0.01780	0.01237	0.01447	0.01028	0.01097	0.07247	0.00259	0.07263	0.00491	0.00375	0.00771
12	0.01471	0.01233	0.01360	0.01285	0.01598	0.01400	0.01027	0.02931	0.55156	0.02518	0.02820	0.03581	0.02391	0.01095	0.00714	0.00238	0.00531	0.17088	0.00642	0.00920
13	0.27285	0.01841	0.14691	0.01476	0.06477	0.08590	0.03865	0.08200	0.07132	0.04174	0.04008	0.01717	0.01238	0.05838	0.00743	0.00228	0.00710	0.00539	0.00425	0.00825
14	0.01557	0.01512	0.02640	0.10915	0.61580	0.01532	0.06832	0.01957	0.01457	0.02063	0.01215	0.01621	0.01005	0.00580	0.00649	0.00196	0.00800	0.00589	0.00317	0.00983

[dist]
# distance from previous block
# <min> <max>
0	7

[block]
# block no. 2 follows, 34 sequences, length 16
# corresponding to MSA columns:
# 67-82
name=unknown_C
#
# <colnr> <probs for GDERKNQSTAVLIFYWHMCP>
#	G	D	E	R	K	N	Q	S	T	A	V	L	I	F	Y	W	H	M	C	P
0	0.01618	0.01571	0.02113	0.06356	0.39312	0.08791	0.01520	0.04349	0.01516	0.02101	0.01182	0.01484	0.00979	0.00567	0.00588	0.00163	0.00727	0.00504	0.00349	0.24210
1	0.00937	0.00717	0.00893	0.00945	0.01133	0.00657	0.00773	0.01177	0.01487	0.01920	0.10552	0.11268	0.26820	0.01637	0.00810	0.00249	0.00458	0.31822	0.00595	0.05149
2	0.60137	0.04071	0.04254	0.01264	0.08701	0.04247	0.00948	0.02012	0.01226	0.06703	0.01040	0.01188	0.00798	0.00610	0.00455	0.00196	0.00580	0.00397	0.00402	0.00772
3	0.01037	0.00708	0.00814	0.00800	0.00986	0.00641	0.00581	0.01271	0.04669	0.08486	0.10990	0.19752	0.35799	0.09267	0.01017	0.00266	0.00394	0.01304	0.00610	0.00605
4	0.01597	0.01704	0.09583	0.06875	0.34480	0.03431	0.06921	0.08381	0.07904	0.02312	0.04292	0.01765	0.01280	0.00653	0.00642	0.00193	0.00761	0.00602	0.00394	0.06230
5	0.01791	0.01984	0.02080	0.11561	0.30672	0.29024	0.01564	0.02083	0.01541	0.01793	0.01178	0.01546	0.00992	0.01052	0.08153	0.00271	0.01027	0.00527	0.00323	0.00837
6	0.01797	0.70095	0.03228	0.01162	0.01693	0.09892	0.01120	0.02000	0.01366	0.01526	0.00909	0.01050	0.00830	0.00564	0.00432	0.00141	0.00739	0.00353	0.00282	0.00821
7	0.01449	0.01466	0.01461	0.01338	0.01481	0.18608	0.01043	0.03909	0.01273	0.01600	0.01358	0.02033	0.01280	0.08314	0.31473	0.00587	0.19723	0.00611	0.00341	0.00653
8	0.00889	0.00721	0.00796	0.00766	0.00975	0.00660	0.00578	0.01246	0.07795	0.02115	0.28604	0.05414	0.44182	0.01463	0.00754	0.00213	0.00336	0.01242	0.00643	0.00609
9	0.01340	0.01148	0.01340	0.00957	0.01531	0.00861	0.00766	0.01627	0.01340	0.02105	0.01148	0.01340	0.00957	0.00479	0.00479	0.00096	0.00479	0.00383	0.00383	0.81242
10	0.01220	0.01148	0.01938	0.75739	0.04450	0.01436	0.01794	0.01651	0.01292	0.01651	0.01148	0.01723	0.00861	0.00646	0.00646	0.00215	0.00861	0.00574	0.00287	0.00718
11	0.00778	0.00655	0.00674	0.00669	0.00881	0.00551	0.00502	0.00955	0.01506	0.01825	0.12770	0.06088	0.66725	0.01607	0.00764	0.00217	0.00325	0.01345	0.00610	0.00551
12	0.00771	0.00655	0.00665	0.00662	0.00877	0.00549	0.00497	0.00942	0.01490	0.01787	0.09830	0.06149	0.69689	0.01621	0.00764	0.00217	0.00326	0.01354	0.00606	0.00549
13	0.01340	0.01148	0.01340	0.00957	0.01531	0.00861	0.00766	0.01627	0.01340	0.02105	0.01148	0.01340	0.00957	0.00479	0.00479	0.00096	0.00479	0.00383	0.00383	0.81242
14	0.00787	0.00562	0.00750	0.00900	0.00937	0.00525	0.00600	0.00900	0.01237	0.01649	0.03561	0.76871	0.04274	0.02024	0.00825	0.00262	0.00375	0.01837	0.00600	0.00525
15	0.01821	0.01606	0.02125	0.05262	0.14067	0.03670	0.10053	0.20943	0.25743	0.02778	0.01774	0.01866	0.01341	0.00750	0.00709	0.00208	0.03123	0.00648	0.00520	0.00993

[dist]
# distance from previous block
# <min> <max>
0	1

[block]
# block no. 3 follows, 34 sequences, length 53
# corresponding to MSA columns:
# 84-136
name=unknown_D
#
# <colnr> <probs for GDERKNQSTAVLIFYWHMCP>
#	G	D	E	R	K	N	Q	S	T	A	V	L	I	F	Y	W	H	M	C	P
0	0.01569	0.01045	0.01016	0.00896	0.01148	0.05022	0.00700	0.17891	0.03790	0.02743	0.01924	0.02143	0.01489	0.00840	0.02013	0.00181	0.00479	0.00593	0.53779	0.00738
1	0.01567	0.01513	0.02601	0.09164	0.61685	0.01536	0.05902	0.02012	0.03847	0.02094	0.01263	0.01644	0.01041	0.00589	0.00648	0.00196	0.00784	0.00592	0.00329	0.00992
2	0.00877	0.00627	0.00853	0.01003	0.01080	0.00603	0.00756	0.01056	0.01326	0.01750	0.03511	0.52169	0.04077	0.01939	0.00849	0.00275	0.00453	0.25648	0.00598	0.00550
3	0.04381	0.04391	0.02057	0.03970	0.06103	0.18115	0.12464	0.07203	0.04310	0.01933	0.01314	0.01795	0.01138	0.06348	0.11107	0.00347	0.11289	0.00599	0.00366	0.00770
4	0.01663	0.09668	0.02524	0.06352	0.48604	0.01714	0.01737	0.08305	0.04370	0.02194	0.01242	0.01560	0.01029	0.00642	0.00713	0.00194	0.05601	0.00557	0.00355	0.00976
5	0.01357	0.01065	0.01285	0.00967	0.01460	0.00844	0.00770	0.01637	0.01369	0.06192	0.06045	0.01748	0.01405	0.01020	0.08443	0.00210	0.00605	0.00483	0.00425	0.62670
6	0.05612	0.01528	0.02214	0.18035	0.37777	0.03820	0.01687	0.15113	0.01736	0.04460	0.01282	0.01593	0.00999	0.00639	0.00629	0.00197	0.00769	0.00563	0.00393	0.00953
7	0.01666	0.54377	0.18603	0.01350	0.01992	0.02261	0.04169	0.05777	0.01428	0.01797	0.01007	0.01164	0.00848	0.00578	0.00484	0.00159	0.00765	0.00404	0.00298	0.00873
8	0.00858	0.00620	0.00814	0.00937	0.01004	0.00596	0.00660	0.01058	0.03684	0.01759	0.07470	0.59154	0.04165	0.04636	0.00913	0.00275	0.00411	0.09834	0.00600	0.00550
9	0.02941	0.01606	0.09633	0.55378	0.06982	0.09206	0.01787	0.01811	0.01361	0.01730	0.01132	0.01607	0.00858	0.00641	0.00631	0.00208	0.00892	0.00543	0.00294	0.00760
10	0.00799	0.00681	0.00691	0.00684	0.00905	0.00586	0.00514	0.01028	0.04037	0.01810	0.08731	0.06032	0.68087	0.01598	0.00760	0.00218	0.00333	0.01334	0.00606	0.00565
11	0.00798	0.00570	0.00763	0.00913	0.00955	0.00534	0.00619	0.00919	0.01248	0.01662	0.03555	0.73798	0.04249	0.02014	0.00828	0.00264	0.00385	0.04799	0.00600	0.00528
12	0.00787	0.00562	0.00750	0.00900	0.00937	0.00525	0.00600	0.00900	0.01237	0.01649	0.03561	0.76871	0.04274	0.02024	0.00825	0.00262	0.00375	0.01837	0.00600	0.00525
13	0.00788	0.00656	0.00689	0.00680	0.00888	0.00556	0.00510	0.00975	0.01531	0.01884	0.17391	0.05991	0.62068	0.01585	0.00763	0.00216	0.00324	0.01332	0.00618	0.00556
14	0.01427	0.01153	0.01250	0.01149	0.01439	0.01290	0.00882	0.05086	0.46957	0.02598	0.11332	0.10637	0.02669	0.01039	0.00669	0.00215	0.00459	0.00886	0.07983	0.00883
15	0.01686	0.01700	0.02538	0.03720	0.65645	0.09355	0.01904	0.02047	0.01510	0.02054	0.01192	0.01553	0.01003	0.00585	0.00634	0.00189	0.00810	0.00559	0.00321	0.00994
16	0.01727	0.77681	0.03386	0.01106	0.01658	0.02557	0.01106	0.01935	0.01313	0.01520	0.00898	0.01036	0.00829	0.00553	0.00415	0.00138	0.00691	0.00345	0.00276	0.00829
17	0.01409	0.01146	0.01347	0.00966	0.01536	0.00865	0.00774	0.01694	0.01362	0.05259	0.01210	0.01378	0.00985	0.00493	0.00486	0.00100	0.00482	0.00395	0.00401	0.77712
18	0.05808	0.01604	0.01723	0.01342	0.01821	0.01738	0.01103	0.55034	0.02689	0.09433	0.02137	0.02081	0.08806	0.00862	0.00648	0.00197	0.00648	0.00661	0.00643	0.01022
19	0.09291	0.01481	0.01534	0.01321	0.01711	0.07802	0.03775	0.05374	0.42187	0.11667	0.05332	0.02200	0.01821	0.00826	0.00634	0.00209	0.00593	0.00673	0.00612	0.00957
20	0.01144	0.00949	0.01097	0.01132	0.04819	0.03427	0.00777	0.03576	0.10333	0.01958	0.05386	0.32092	0.07524	0.07867	0.00935	0.00250	0.00487	0.03115	0.00539	0.12590
21	0.01083	0.00944	0.01107	0.01089	0.01222	0.08696	0.00834	0.01296	0.01118	0.01497	0.01667	0.02474	0.01567	0.07938	0.63317	0.00925	0.01616	0.00675	0.00347	0.00586
22	0.01284	0.01213	0.02053	0.63678	0.16014	0.01452	0.01826	0.01707	0.01322	0.01728	0.01160	0.01702	0.00889	0.00634	0.00645	0.00211	0.00846	0.00574	0.00293	0.00769
23	0.01746	0.29198	0.20170	0.01713	0.08661	0.13412	0.03959	0.02235	0.06933	0.04547	0.01218	0.01364	0.00968	0.00622	0.00551	0.00175	0.00832	0.00466	0.00339	0.00892
24	0.02058	0.01246	0.01400	0.01185	0.01566	0.04412	0.00937	0.10835	0.20236	0.28987	0.05037	0.10461	0.06713	0.01014	0.00678	0.00211	0.00545	0.00843	0.00686	0.00950
25	0.00788	0.00587	0.00725	0.00834	0.00912	0.00534	0.00565	0.00908	0.01279	0.01654	0.04194	0.57087	0.20312	0.05257	0.00919	0.00268	0.00375	0.01686	0.00591	0.00524
26	0.01622	0.01421	0.07526	0.01576	0.09402	0.01361	0.01187	0.07051	0.34130	0.09494	0.02443	0.12848	0.02081	0.01010	0.00684	0.00221	0.00577	0.03834	0.00591	0.00941
27	0.01893	0.04487	0.12408	0.04492	0.35906	0.04457	0.01720	0.11806	0.01734	0.12754	0.01427	0.01613	0.01071	0.00646	0.00628	0.00193	0.00770	0.00559	0.00427	0.01010
28	0.01763	0.58860	0.09584	0.01264	0.01806	0.11491	0.01251	0.02013	0.01371	0.01577	0.00933	0.01096	0.00829	0.00593	0.00514	0.00153	0.03419	0.00374	0.00283	0.00826
29	0.01718	0.09771	0.34063	0.01779	0.08759	0.09374	0.01739	0.08543	0.01609	0.07589	0.01263	0.01411	0.00938	0.00627	0.00587	0.00182	0.00838	0.00481	0.00369	0.08361
30	0.02264	0.01381	0.01599	0.01284	0.01695	0.04280	0.01044	0.23062	0.05310	0.29544	0.02171	0.04486	0.04579	0.01034	0.03529	0.00235	0.07110	0.00678	0.00636	0.04080
31	0.01548	0.01310	0.01396	0.01258	0.01600	0.01492	0.00976	0.06112	0.60047	0.02693	0.07344	0.05392	0.04046	0.00963	0.00673	0.00219	0.00497	0.00810	0.00657	0.00969
32	0.02441	0.01728	0.01829	0.04252	0.03938	0.09515	0.01204	0.40021	0.04554	0.19902	0.01721	0.01693	0.01198	0.00769	0.00668	0.00196	0.02132	0.00584	0.00620	0.01036
33	0.01521	0.42026	0.37228	0.01459	0.02204	0.02050	0.01720	0.01988	0.01337	0.01772	0.01024	0.01194	0.00824	0.00582	0.00510	0.00170	0.00818	0.00409	0.00275	0.00889
34	0.00844	0.00623	0.00799	0.00916	0.01000	0.00590	0.00651	0.01046	0.03611	0.01761	0.06411	0.56477	0.11550	0.01893	0.00818	0.00258	0.00396	0.09197	0.00605	0.00554
35	0.00917	0.00630	0.00698	0.00698	0.00726	0.00616	0.00404	0.00938	0.01008	0.01316	0.02612	0.04483	0.11373	0.67629	0.02966	0.00574	0.00588	0.00994	0.00418	0.00411
36	0.01740	0.01488	0.02501	0.03662	0.65528	0.01472	0.01871	0.02109	0.01512	0.09843	0.01359	0.01664	0.01086	0.00600	0.00641	0.00193	0.00744	0.00584	0.00372	0.01032
37	0.01421	0.21770	0.45912	0.01576	0.02335	0.01740	0.01873	0.02112	0.07885	0.01969	0.01340	0.01668	0.01069	0.00680	0.00581	0.00194	0.00830	0.03811	0.00325	0.00912
38	0.00788	0.00656	0.00688	0.00680	0.00888	0.00556	0.00510	0.00974	0.01530	0.01882	0.17261	0.05994	0.62199	0.01585	0.00763	0.00216	0.00324	0.01332	0.00618	0.00556
39	0.00783	0.00644	0.00689	0.00701	0.00891	0.00550	0.00517	0.00955	0.01482	0.01824	0.13275	0.14708	0.57446	0.01650	0.00771	0.00222	0.00331	0.01401	0.00612	0.00550
40	0.10456	0.01717	0.01798	0.01407	0.01900	0.01914	0.01157	0.58349	0.08681	0.03837	0.01576	0.01573	0.01132	0.00766	0.00622	0.00197	0.00673	0.00571	0.00622	0.01052
41	0.00881	0.00644	0.00828	0.00814	0.00953	0.00590	0.00598	0.01143	0.01703	0.02367	0.56086	0.16782	0.11274	0.01462	0.00773	0.00214	0.00318	0.01294	0.00684	0.00590
42	0.01546	0.01481	0.02526	0.14096	0.63550	0.01521	0.01956	0.01936	0.01446	0.02046	0.01206	0.01617	0.01001	0.00586	0.00641	0.00195	0.00781	0.00575	0.00315	0.00980
43	0.02110	0.02518	0.01930	0.13869	0.08891	0.50821	0.01409	0.04813	0.01723	0.01730	0.01057	0.01318	0.00865	0.00676	0.00658	0.00182	0.03848	0.00468	0.00334	0.00780
44	0.00807	0.00572	0.00748	0.00876	0.00913	0.00538	0.00578	0.00914	0.01223	0.01635	0.05478	0.66947	0.04122	0.10047	0.01086	0.00300	0.00400	0.01721	0.00581	0.00513
45	0.01510	0.01444	0.02462	0.20812	0.57111	0.01512	0.01939	0.01905	0.01429	0.02003	0.01200	0.01628	0.00985	0.00592	0.00641	0.00197	0.00790	0.00575	0.00312	0.00952
46	0.08807	0.01290	0.02027	0.47714	0.08424	0.01503	0.07929	0.05269	0.07016	0.02038	0.01282	0.01700	0.00968	0.00652	0.00634	0.00212	0.00807	0.00584	0.00350	0.00794
47	0.01297	0.01210	0.02038	0.47208	0.23798	0.01397	0.01743	0.01693	0.01316	0.01766	0.01230	0.01774	0.00988	0.01075	0.08562	0.00297	0.00927	0.00587	0.00303	0.00790
48	0.00932	0.00649	0.00818	0.00812	0.00862	0.00677	0.00535	0.01031	0.01063	0.01467	0.09524	0.03806	0.02539	0.48331	0.23572	0.00700	0.00910	0.00893	0.00413	0.00468
49	0.01434	0.01303	0.02086	0.52325	0.19028	0.01518	0.01775	0.09146	0.01517	0.02009	0.01206	0.01678	0.00922	0.00645	0.00645	0.00208	0.00825	0.00575	0.00333	0.00824
50	0.77913	0.01216	0.00944	0.00849	0.01230	0.01406	0.00693	0.01848	0.01087	0.02812	0.00911	0.01094	0.00720	0.00680	0.00504	0.04157	0.00503	0.00360	0.00394	0.00679
51	0.02420	0.01511	0.01769	0.01554	0.08317	0.04056	0.01158	0.34600	0.02355	0.27411	0.04162	0.02030	0.04001	0.00809	0.00652	0.00196	0.00651	0.00644	0.00658	0.01045
52	0.01533	0.01475	0.02471	0.12447	0.57250	0.01571	0.01899	0.01897	0.01398	0.01996	0.01168	0.01594	0.00985	0.00644	0.00799	0.00204	0.08831	0.00574	0.00312	0.00952

[dist]
# distance from previous block
# <min> <max>
0	2

[block]
# block no. 4 follows, 34 sequences, length 24
# corresponding to MSA columns:
# 139-162
name=unknown_E
#
# <colnr> <probs for GDERKNQSTAVLIFYWHMCP>
#	G	D	E	R	K	N	Q	S	T	A	V	L	I	F	Y	W	H	M	C	P
0	0.03524	0.01893	0.16203	0.02667	0.25160	0.01592	0.20683	0.03738	0.04608	0.02116	0.01307	0.03227	0.01062	0.00682	0.00820	0.00214	0.08609	0.00636	0.00340	0.00919
1	0.00809	0.00591	0.00792	0.00906	0.00970	0.00575	0.00628	0.00945	0.01220	0.01631	0.03462	0.59073	0.08757	0.02479	0.13469	0.00392	0.00603	0.01607	0.00556	0.00535
2	0.00904	0.00653	0.00903	0.00928	0.01001	0.00712	0.00664	0.01055	0.01047	0.01462	0.02123	0.15697	0.02260	0.23109	0.43597	0.00799	0.01213	0.00952	0.00401	0.00520
3	0.01673	0.01557	0.02436	0.10757	0.55984	0.04723	0.01850	0.04927	0.01536	0.04576	0.01250	0.01606	0.01017	0.00617	0.00677	0.00196	0.02723	0.00571	0.00347	0.00979
4	0.01593	0.18758	0.42008	0.01718	0.02461	0.14258	0.06629	0.02116	0.01444	0.01858	0.01087	0.01287	0.00834	0.00605	0.00577	0.00185	0.00945	0.00459	0.00288	0.00888
5	0.00934	0.00647	0.00809	0.00809	0.00844	0.00683	0.00521	0.01006	0.00970	0.01330	0.01941	0.03703	0.02121	0.54762	0.25507	0.00755	0.00970	0.00863	0.00377	0.00449
6	0.01727	0.77681	0.03386	0.01106	0.01658	0.02557	0.01106	0.01935	0.01313	0.01520	0.00898	0.01036	0.00829	0.00553	0.00415	0.00138	0.00691	0.00345	0.00276	0.00829
7	0.00840	0.00627	0.00792	0.00899	0.01008	0.00579	0.00668	0.01011	0.01367	0.01763	0.06412	0.42368	0.21088	0.01856	0.00822	0.00257	0.00408	0.16084	0.00602	0.00548
8	0.00838	0.00657	0.00757	0.00732	0.00918	0.00577	0.00549	0.01071	0.01648	0.02161	0.39136	0.05535	0.40150	0.01482	0.00763	0.00211	0.00316	0.01268	0.00655	0.00577
9	0.00930	0.00675	0.00888	0.00891	0.01042	0.00633	0.00698	0.01220	0.01716	0.02373	0.52059	0.07914	0.08785	0.01462	0.00793	0.00227	0.00372	0.16044	0.00677	0.00600
10	0.02678	0.01149	0.01493	0.01178	0.01655	0.01062	0.00962	0.03198	0.13871	0.61557	0.02563	0.02235	0.01663	0.00813	0.00651	0.00203	0.00543	0.00664	0.00775	0.01086
11	0.01727	0.77681	0.03386	0.01106	0.01658	0.02557	0.01106	0.01935	0.01313	0.01520	0.00898	0.01036	0.00829	0.00553	0.00415	0.00138	0.00691	0.00345	0.00276	0.00829
12	0.00975	0.00750	0.01061	0.01033	0.01113	0.00886	0.00780	0.01149	0.01013	0.01453	0.01707	0.02783	0.01694	0.19727	0.52492	0.00877	0.08876	0.00732	0.00349	0.00551
13	0.01219	0.01122	0.01874	0.72136	0.04273	0.01396	0.01730	0.01644	0.01295	0.01687	0.01194	0.01756	0.00899	0.00651	0.00637	0.00212	0.00834	0.00576	0.04152	0.00712
14	0.00893	0.00644	0.00844	0.00828	0.00960	0.00595	0.00608	0.01165	0.01728	0.02430	0.61050	0.17157	0.05785	0.01441	0.00773	0.00213	0.00317	0.01283	0.00692	0.00595
15	0.01405	0.01420	0.02122	0.01773	0.01839	0.01899	0.08282	0.01586	0.01050	0.01609	0.00979	0.03810	0.00969	0.01101	0.01945	0.00276	0.66296	0.00625	0.00297	0.00717
16	0.01414	0.01414	0.01979	0.01696	0.01696	0.01979	0.01414	0.01555	0.00990	0.01555	0.00848	0.01414	0.00848	0.01131	0.02120	0.00283	0.76110	0.00565	0.00283	0.00707
17	0.00928	0.00704	0.00871	0.00971	0.01064	0.00710	0.00672	0.01333	0.13364	0.01830	0.03402	0.64127	0.03880	0.01828	0.00796	0.00255	0.00398	0.01648	0.00610	0.00610
18	0.00809	0.00579	0.00769	0.00885	0.00942	0.00539	0.00601	0.00954	0.01338	0.01811	0.15432	0.64541	0.04586	0.01904	0.00814	0.00252	0.00363	0.01722	0.00619	0.00539
19	0.04407	0.01053	0.01228	0.00923	0.01405	0.00833	0.00731	0.01555	0.01430	0.02236	0.15767	0.02039	0.01995	0.00655	0.00533	0.00122	0.00444	0.00542	0.00450	0.61652
20	0.03795	0.31555	0.06916	0.03946	0.09948	0.08311	0.03173	0.06575	0.02931	0.05125	0.01123	0.01336	0.00931	0.00684	0.00746	0.00184	0.11040	0.00471	0.00347	0.00863
21	0.00808	0.00656	0.00716	0.00701	0.00900	0.00564	0.00526	0.01014	0.01578	0.01995	0.26146	0.05807	0.53243	0.01543	0.00763	0.00214	0.00321	0.01306	0.00633	0.00564
22	0.00787	0.00562	0.00750	0.00900	0.00937	0.00525	0.00600	0.00900	0.01237	0.01649	0.03561	0.76871	0.04274	0.02024	0.00825	0.00262	0.00375	0.01837	0.00600	0.00525
23	0.68121	0.01298	0.01236	0.01383	0.13574	0.01464	0.00919	0.01914	0.01163	0.02764	0.00954	0.01144	0.00755	0.00596	0.00441	0.00199	0.00546	0.00389	0.00386	0.00755

[dist]
# distance from previous block
# <min> <max>
0	7

[block]
# block no. 5 follows, 34 sequences, length 14
# corresponding to MSA columns:
# 170-183
name=unknown_F
#
# <colnr> <probs for GDERKNQSTAVLIFYWHMCP>
#	G	D	E	R	K	N	Q	S	T	A	V	L	I	F	Y	W	H	M	C	P
0	0.02310	0.02421	0.01933	0.01826	0.09290	0.39581	0.01307	0.25662	0.05188	0.02523	0.01277	0.01393	0.00990	0.00703	0.00613	0.00181	0.00944	0.00502	0.00451	0.00907
1	0.01626	0.01514	0.02490	0.11843	0.59729	0.01562	0.01900	0.07560	0.01578	0.02218	0.01235	0.01609	0.01011	0.00600	0.00641	0.00195	0.00774	0.00576	0.00343	0.00995
2	0.01512	0.01444	0.02427	0.07409	0.63823	0.01450	0.01852	0.01880	0.01462	0.02057	0.01645	0.01981	0.06861	0.00665	0.00650	0.00195	0.00737	0.00640	0.00341	0.00969
3	0.00885	0.00666	0.00831	0.00920	0.01019	0.00647	0.00646	0.01194	0.08270	0.01857	0.10153	0.54578	0.10220	0.01805	0.00799	0.00250	0.00384	0.03675	0.00616	0.00585
4	0.01340	0.01148	0.01340	0.00957	0.01531	0.00861	0.00766	0.01627	0.01340	0.02105	0.01148	0.01340	0.00957	0.00479	0.00479	0.00096	0.00479	0.00383	0.00383	0.81242
5	0.00933	0.00652	0.00836	0.00836	0.00881	0.00697	0.00555	0.01024	0.00978	0.01350	0.01916	0.03566	0.02061	0.48897	0.31291	0.00788	0.01059	0.00843	0.00374	0.00464
6	0.01080	0.00714	0.00941	0.00960	0.01135	0.00668	0.00773	0.01346	0.01621	0.07500	0.29884	0.11511	0.12438	0.01539	0.00805	0.00243	0.00434	0.25126	0.00655	0.00627
7	0.00830	0.00657	0.00750	0.00747	0.00931	0.00577	0.00565	0.01046	0.01583	0.02037	0.28685	0.08989	0.43689	0.01555	0.00773	0.00219	0.00336	0.04827	0.00637	0.00569
8	0.01363	0.01374	0.02571	0.44371	0.14373	0.01507	0.21419	0.01819	0.01385	0.01838	0.01203	0.01710	0.00919	0.00607	0.00678	0.00213	0.00912	0.00628	0.00303	0.00807
9	0.00995	0.00722	0.00958	0.01075	0.01204	0.00718	0.00879	0.01287	0.04141	0.01847	0.03466	0.19324	0.07250	0.07927	0.01059	0.00311	0.00541	0.45135	0.00582	0.00580
10	0.02453	0.01805	0.01880	0.01463	0.01963	0.05696	0.01200	0.59603	0.05730	0.09158	0.01642	0.01616	0.01159	0.00776	0.00644	0.00194	0.00714	0.00584	0.00642	0.01078
11	0.01417	0.01349	0.02293	0.38521	0.40133	0.01487	0.01892	0.01823	0.01385	0.01889	0.01183	0.01659	0.00945	0.00610	0.00643	0.00203	0.00813	0.00575	0.00304	0.00876
12	0.01740	0.02073	0.17328	0.02047	0.08055	0.11366	0.21746	0.02316	0.07560	0.10086	0.01532	0.01823	0.01164	0.00668	0.00663	0.00199	0.00886	0.02622	0.00408	0.05719
13	0.01461	0.01044	0.05135	0.01068	0.01392	0.00888	0.02766	0.08118	0.01815	0.15109	0.33165	0.08178	0.07065	0.01155	0.00719	0.00206	0.00472	0.04499	0.00651	0.05096

[dist]
# distance from previous block
# <min> <max>
0	2

[block]
# block no. 6 follows, 34 sequences, length 70
# corresponding to MSA columns:
# 186-255
name=unknown_G
#
# <colnr> <probs for GDERKNQSTAVLIFYWHMCP>
#	G	D	E	R	K	N	Q	S	T	A	V	L	I	F	Y	W	H	M	C	P
0	0.04663	0.04097	0.07331	0.17186	0.43560	0.01522	0.01808	0.04078	0.01467	0.04441	0.01228	0.01578	0.00979	0.00603	0.00619	0.00194	0.00770	0.00550	0.00339	0.02987
1	0.25365	0.01380	0.01627	0.29114	0.05355	0.06292	0.01307	0.06602	0.01349	0.02178	0.01089	0.01518	0.00884	0.03330	0.00839	0.00228	0.09941	0.00509	0.00353	0.00740
2	0.01686	0.01714	0.09029	0.02258	0.08668	0.01522	0.35713	0.10232	0.06382	0.08159	0.01661	0.06992	0.01330	0.00726	0.00714	0.00213	0.00874	0.00764	0.00438	0.00923
3	0.06682	0.01531	0.02649	0.06422	0.51926	0.01544	0.13354	0.02025	0.03694	0.02154	0.01253	0.01619	0.01019	0.00585	0.00646	0.00199	0.00800	0.00597	0.00335	0.00965
4	0.01267	0.00907	0.01247	0.01292	0.03775	0.00916	0.03384	0.04514	0.08875	0.06614	0.07924	0.14724	0.03353	0.01504	0.00812	0.00262	0.00562	0.36752	0.00607	0.00707
5	0.01576	0.05261	0.08296	0.01407	0.07847	0.10635	0.01097	0.06361	0.03111	0.07843	0.14109	0.05517	0.07763	0.00880	0.00629	0.00178	0.00623	0.00725	0.00494	0.15648
6	0.01463	0.20911	0.48089	0.01695	0.02495	0.04401	0.06024	0.02084	0.03627	0.01926	0.01147	0.01334	0.00868	0.00605	0.00575	0.00189	0.00893	0.00469	0.00291	0.00915
7	0.04103	0.09606	0.42191	0.01820	0.09400	0.01579	0.01865	0.02259	0.12664	0.04375	0.03215	0.01626	0.01177	0.00669	0.00603	0.00199	0.00797	0.00534	0.00371	0.00948
8	0.01127	0.00615	0.00642	0.00635	0.00792	0.00598	0.00476	0.01417	0.01428	0.02375	0.11938	0.03063	0.08469	0.00906	0.00520	0.00163	0.00304	0.00744	0.63188	0.00598
9	0.01727	0.77681	0.03386	0.01106	0.01658	0.02557	0.01106	0.01935	0.01313	0.01520	0.00898	0.01036	0.00829	0.00553	0.00415	0.00138	0.00691	0.00345	0.00276	0.00829
10	0.01526	0.01121	0.01309	0.01026	0.01493	0.00975	0.00810	0.03585	0.12587	0.10256	0.03791	0.07011	0.01595	0.00725	0.00561	0.00146	0.00478	0.00604	0.03404	0.46998
11	0.01672	0.01256	0.01773	0.02151	0.28729	0.01242	0.01266	0.14021	0.01825	0.11265	0.10181	0.04673	0.13715	0.00931	0.00678	0.00199	0.00592	0.00809	0.00534	0.02491
12	0.00925	0.00685	0.01003	0.01003	0.01106	0.00788	0.00763	0.01131	0.01028	0.01474	0.01763	0.02718	0.01693	0.12537	0.67148	0.00995	0.01613	0.00719	0.00351	0.00557
13	0.00863	0.00647	0.00800	0.00785	0.00940	0.00584	0.00580	0.01112	0.01674	0.02278	0.48867	0.13687	0.21850	0.01479	0.00770	0.00214	0.00318	0.01294	0.00672	0.00584
14	0.01294	0.01224	0.02071	0.61768	0.17844	0.01455	0.01831	0.01716	0.01327	0.01740	0.01161	0.01699	0.00893	0.00632	0.00645	0.00211	0.00843	0.00575	0.00293	0.00777
15	0.02899	0.01100	0.01499	0.01150	0.01649	0.00950	0.00950	0.03149	0.01849	0.73709	0.02549	0.02199	0.01599	0.00800	0.00650	0.00200	0.00550	0.00650	0.00800	0.01100
16	0.01525	0.01743	0.03813	0.02723	0.03377	0.01634	0.70915	0.02070	0.01525	0.02070	0.01307	0.01743	0.00980	0.00545	0.00763	0.00218	0.01089	0.00763	0.00327	0.00871
17	0.00809	0.00597	0.00758	0.00843	0.00933	0.00545	0.00584	0.00969	0.01395	0.01856	0.18135	0.50860	0.15706	0.01819	0.00802	0.00243	0.00353	0.01625	0.00622	0.00545
18	0.01392	0.01324	0.02249	0.43141	0.35703	0.01481	0.01880	0.01802	0.01373	0.01860	0.01179	0.01667	0.00935	0.00614	0.00643	0.00205	0.00819	0.00575	0.00302	0.00857
19	0.02449	0.02012	0.01922	0.01515	0.02003	0.13587	0.01231	0.60188	0.02846	0.03675	0.01463	0.01490	0.01056	0.00758	0.00636	0.00190	0.00783	0.00555	0.00596	0.01043
20	0.00764	0.00655	0.00655	0.00655	0.00873	0.00545	0.00491	0.00927	0.01473	0.01745	0.06546	0.06218	0.73000	0.01636	0.00764	0.00218	0.00327	0.01364	0.00600	0.00545
21	0.01349	0.00731	0.00759	0.00718	0.00914	0.00751	0.00549	0.03589	0.08261	0.05552	0.02163	0.02378	0.01670	0.00767	0.00485	0.00160	0.00343	0.00616	0.67567	0.00677
22	0.01532	0.01467	0.02501	0.16678	0.61074	0.01518	0.01950	0.01924	0.01439	0.02029	0.01204	0.01621	0.00995	0.00588	0.00641	0.00196	0.00784	0.00575	0.00314	0.00969
23	0.02414	0.03079	0.01831	0.01665	0.01998	0.74698	0.01248	0.02580	0.01831	0.01581	0.00999	0.01165	0.00832	0.00666	0.00583	0.00166	0.01165	0.00416	0.00333	0.00749
24	0.01911	0.01358	0.01498	0.01294	0.01695	0.01504	0.01021	0.07624	0.54128	0.16571	0.02547	0.02316	0.01845	0.00855	0.00655	0.00214	0.00531	0.00706	0.00684	0.01042
25	0.01789	0.01266	0.01451	0.01204	0.01485	0.01405	0.00942	0.36784	0.02026	0.02770	0.01530	0.02040	0.01298	0.09813	0.06736	0.15692	0.05029	0.00626	0.05338	0.00775
26	0.00926	0.00681	0.00981	0.00981	0.01076	0.00776	0.00736	0.01117	0.01021	0.01457	0.01783	0.02829	0.01742	0.17322	0.62429	0.00967	0.01541	0.00735	0.00354	0.00545
27	0.00867	0.00639	0.00808	0.00824	0.00954	0.00586	0.00603	0.01094	0.01587	0.02160	0.40348	0.22504	0.15781	0.03920	0.00862	0.00238	0.00349	0.04651	0.00652	0.00572
28	0.01378	0.01137	0.01326	0.00985	0.01518	0.00901	0.00781	0.01763	0.06280	0.04162	0.01400	0.04841	0.01195	0.00585	0.00511	0.00115	0.00478	0.00480	0.00424	0.69738
29	0.02364	0.02915	0.01812	0.01634	0.01978	0.66770	0.01233	0.05721	0.06359	0.01765	0.01127	0.01262	0.00917	0.00684	0.00590	0.00171	0.01103	0.00444	0.00368	0.00782
30	0.05418	0.09750	0.09658	0.01807	0.12856	0.16286	0.03874	0.13981	0.01795	0.02355	0.07882	0.01680	0.01409	0.00691	0.00594	0.00177	0.00780	0.00546	0.00416	0.08044
31	0.01706	0.72366	0.03288	0.01147	0.01661	0.02516	0.01127	0.01908	0.01290	0.01523	0.00895	0.01063	0.00831	0.00593	0.00533	0.00148	0.05947	0.00361	0.00277	0.00821
32	0.02351	0.06380	0.01932	0.01728	0.04727	0.68631	0.01270	0.02528	0.01794	0.01599	0.01003	0.01176	0.00840	0.00657	0.00577	0.00166	0.01129	0.00419	0.00330	0.00763
33	0.01208	0.00636	0.00646	0.00645	0.00801	0.00645	0.00482	0.01572	0.04537	0.02396	0.02181	0.04965	0.01760	0.00802	0.00474	0.00157	0.00313	0.00650	0.74510	0.00619
34	0.00800	0.00582	0.00757	0.00886	0.00949	0.00539	0.00608	0.00931	0.01290	0.01702	0.06216	0.64919	0.10755	0.01954	0.00820	0.00258	0.00377	0.04523	0.00603	0.00533
35	0.07496	0.02040	0.01746	0.01454	0.01885	0.22871	0.01154	0.32795	0.13668	0.06191	0.01568	0.01575	0.01159	0.00750	0.00614	0.00191	0.00789	0.00546	0.00548	0.00959
36	0.00868	0.00659	0.00799	0.00764	0.00937	0.00590	0.00573	0.01130	0.01720	0.02331	0.52523	0.05254	0.26657	0.01418	0.00763	0.00208	0.00312	0.01228	0.00677	0.00590
37	0.01464	0.01415	0.02323	0.33316	0.43320	0.03291	0.01888	0.01862	0.01407	0.01909	0.01183	0.01639	0.00952	0.00607	0.00641	0.00201	0.00816	0.00571	0.00307	0.00891
38	0.00795	0.00656	0.00699	0.00688	0.00892	0.00559	0.00516	0.00989	0.01548	0.01924	0.20554	0.05925	0.58879	0.01570	0.00763	0.00215	0.00323	0.01322	0.00623	0.00559
39	0.81856	0.01250	0.00950	0.00850	0.01250	0.01449	0.00700	0.01899	0.01100	0.02899	0.00900	0.01050	0.00700	0.00600	0.00400	0.00200	0.00500	0.00350	0.00400	0.00700
40	0.01246	0.01772	0.20795	0.06209	0.02170	0.05737	0.13166	0.01662	0.01447	0.01966	0.14544	0.05159	0.07935	0.04796	0.03842	0.00266	0.05322	0.00806	0.00412	0.00746
41	0.00824	0.00645	0.00738	0.00737	0.00906	0.00568	0.00540	0.01024	0.01550	0.02006	0.28695	0.13468	0.40180	0.04169	0.00857	0.00232	0.00335	0.01335	0.00631	0.00560
42	0.46713	0.07821	0.01727	0.01278	0.01680	0.05416	0.09260	0.06790	0.01329	0.02546	0.00993	0.01214	0.00796	0.00666	0.00668	0.00204	0.09309	0.00443	0.00381	0.00762
43	0.01456	0.01237	0.01898	0.11513	0.33596	0.01280	0.01441	0.06636	0.05067	0.04637	0.16533	0.04448	0.03861	0.00942	0.02470	0.00222	0.00662	0.00764	0.00467	0.00872
44	0.01459	0.01452	0.02133	0.01768	0.01911	0.01874	0.10356	0.01926	0.12596	0.01808	0.01197	0.01618	0.01048	0.01014	0.01707	0.00264	0.54122	0.00618	0.00349	0.00779
45	0.02065	0.01651	0.01804	0.03787	0.03785	0.06389	0.03448	0.33614	0.21283	0.06879	0.01849	0.03264	0.01385	0.00789	0.00644	0.00197	0.00677	0.00634	0.00593	0.05263
46	0.01274	0.01145	0.07644	0.06207	0.01588	0.00927	0.00933	0.06389	0.04016	0.07241	0.23420	0.04913	0.16631	0.01060	0.00677	0.00190	0.00488	0.00898	0.00565	0.13792
47	0.08666	0.14698	0.23719	0.04079	0.05699	0.01570	0.07992	0.05132	0.01459	0.07569	0.01231	0.01409	0.00929	0.00596	0.00562	0.00177	0.00758	0.00483	0.00366	0.12907
48	0.01355	0.11515	0.62699	0.01803	0.02698	0.01624	0.05581	0.02035	0.01366	0.01989	0.01138	0.01346	0.00828	0.00604	0.00599	0.00198	0.00932	0.00477	0.00276	0.00937
49	0.00956	0.00713	0.00924	0.01032	0.01196	0.00682	0.00874	0.01211	0.01476	0.01873	0.04300	0.09042	0.23122	0.01750	0.00854	0.00274	0.00514	0.48031	0.00597	0.00579
50	0.00982	0.00691	0.00854	0.00894	0.01040	0.00651	0.00654	0.01270	0.06144	0.05556	0.15982	0.37119	0.18063	0.01672	0.00786	0.00240	0.00385	0.05775	0.00633	0.00610
51	0.03690	0.04669	0.17092	0.01850	0.02380	0.04269	0.20988	0.10282	0.01577	0.07634	0.01336	0.01633	0.01025	0.01048	0.06976	0.00282	0.11403	0.00603	0.00386	0.00876
52	0.02414	0.03079	0.01831	0.01665	0.01998	0.74698	0.01248	0.02580	0.01831	0.01581	0.00999	0.01165	0.00832	0.00666	0.00583	0.00166	0.01165	0.00416	0.00333	0.00749
53	0.01120	0.00726	0.00810	0.00749	0.01006	0.00616	0.00576	0.01311	0.01566	0.13368	0.12087	0.05444	0.55314	0.01473	0.00745	0.00214	0.00361	0.01231	0.00642	0.00640
54	0.01456	0.07090	0.12768	0.03966	0.07189	0.04041	0.30844	0.04532	0.01528	0.02056	0.06118	0.04393	0.05865	0.00763	0.00763	0.00210	0.04463	0.00745	0.00374	0.00835
55	0.01727	0.77681	0.03386	0.01106	0.01658	0.02557	0.01106	0.01935	0.01313	0.01520	0.00898	0.01036	0.00829	0.00553	0.00415	0.00138	0.00691	0.00345	0.00276	0.00829
56	0.00891	0.00702	0.00810	0.00775	0.00969	0.00642	0.00583	0.01228	0.05943	0.02232	0.39960	0.05281	0.34765	0.01430	0.00756	0.00211	0.00327	0.01226	0.00660	0.00607
57	0.00857	0.00660	0.00784	0.00758	0.00937	0.00587	0.00572	0.01105	0.01678	0.02235	0.44593	0.05444	0.32973	0.01459	0.00766	0.00211	0.00321	0.02815	0.00664	0.00583
58	0.01884	0.12371	0.09331	0.04015	0.09415	0.15217	0.12556	0.10164	0.07863	0.06839	0.01447	0.01702	0.01131	0.00686	0.00626	0.00192	0.00855	0.02382	0.00417	0.00909
59	0.00940	0.00626	0.00705	0.00705	0.00705	0.00626	0.00392	0.00940	0.00940	0.01253	0.02036	0.04228	0.02349	0.77292	0.03289	0.00626	0.00626	0.00940	0.00392	0.00392
60	0.00787	0.00565	0.00747	0.00893	0.00935	0.00525	0.00597	0.00900	0.01243	0.01652	0.03641	0.74981	0.06111	0.02014	0.00823	0.00261	0.00374	0.01824	0.00600	0.00525
61	0.01794	0.01361	0.01437	0.01224	0.01593	0.01528	0.00971	0.24442	0.35831	0.03076	0.02182	0.02139	0.01632	0.00819	0.00612	0.00197	0.00532	0.00657	0.17012	0.00961
62	0.01671	0.72314	0.03210	0.01085	0.01610	0.02421	0.01071	0.01885	0.01349	0.01595	0.05917	0.01301	0.01196	0.00606	0.00439	0.00143	0.00664	0.00403	0.00307	0.00814
63	0.01573	0.01446	0.02384	0.11498	0.56700	0.01466	0.01818	0.04067	0.01504	0.03662	0.01437	0.01781	0.03612	0.00629	0.00639	0.00192	0.00745	0.00599	0.00349	0.03899
64	0.02134	0.01869	0.01821	0.01603	0.06494	0.14015	0.01204	0.35832	0.17383	0.03098	0.01639	0.01659	0.01226	0.00745	0.00626	0.00188	0.00732	0.00571	0.00557	0.06604
65	0.01549	0.01552	0.04635	0.05558	0.61291	0.01500	0.06552	0.01951	0.01468	0.02086	0.01326	0.01882	0.01142	0.00635	0.00660	0.00200	0.00788	0.03912	0.00332	0.00983
66	0.01454	0.01381	0.02317	0.31494	0.44169	0.01499	0.01875	0.01908	0.03975	0.01955	0.01241	0.01676	0.00996	0.00614	0.00643	0.00202	0.00794	0.00581	0.00320	0.00906
67	0.01494	0.01172	0.01376	0.00992	0.01559	0.00914	0.00797	0.04585	0.01445	0.07176	0.01263	0.01408	0.01008	0.00513	0.00497	0.00107	0.00493	0.00410	0.00423	0.72368
68	0.01529	0.01664	0.03477	0.07688	0.03301	0.01602	0.59837	0.05372	0.01581	0.02132	0.01395	0.01960	0.01090	0.00614	0.00754	0.00220	0.01035	0.03538	0.00351	0.00860
69	0.81856	0.01250	0.00950	0.00850	0.01250	0.01449	0.00700	0.01899	0.01100	0.02899	0.00900	0.01050	0.00700	0.00600	0.00400	0.00200	0.00500	0.00350	0.00400	0.00700

[dist]
# distance from previous block
# <min> <max>
0	9

[block]
# block no. 7 follows, 34 sequences, length 6
# corresponding to MSA columns:
# 265-270
name=unknown_H
#
# <colnr> <probs for GDERKNQSTAVLIFYWHMCP>
#	G	D	E	R	K	N	Q	S	T	A	V	L	I	F	Y	W	H	M	C	P
0	0.81856	0.01250	0.00950	0.00850	0.01250	0.01449	0.00700	0.01899	0.01100	0.02899	0.00900	0.01050	0.00700	0.00600	0.00400	0.00200	0.00500	0.00350	0.00400	0.00700
1	0.01073	0.00727	0.00836	0.00784	0.00996	0.00674	0.00596	0.01425	0.06310	0.06800	0.31139	0.04663	0.28319	0.01293	0.00707	0.00202	0.00341	0.01099	0.11372	0.00645
2	0.00787	0.00647	0.00692	0.00699	0.00892	0.00552	0.00517	0.00965	0.01499	0.01852	0.15357	0.12719	0.57325	0.01630	0.00769	0.00220	0.00329	0.01382	0.00615	0.00552
3	0.01425	0.01340	0.02190	0.29501	0.38028	0.01402	0.01739	0.01812	0.01387	0.01944	0.01182	0.01606	0.00955	0.00587	0.00619	0.00187	0.00760	0.00547	0.00317	0.12473
4	0.52575	0.07962	0.01267	0.00964	0.01341	0.01487	0.00791	0.10942	0.01395	0.02753	0.01370	0.12041	0.01279	0.00824	0.00495	0.00203	0.00527	0.00595	0.00451	0.00739
5	0.55894	0.07414	0.01285	0.00972	0.01394	0.01555	0.00807	0.05278	0.11449	0.02771	0.01192	0.01283	0.00926	0.00637	0.00454	0.00192	0.00525	0.00417	0.00437	0.05119

[dist]
# distance from previous block
# <min> <max>
0	1

[block]
# block no. 8 follows, 34 sequences, length 21
# corresponding to MSA columns:
# 272-292
name=unknown_I
#
# <colnr> <probs for GDERKNQSTAVLIFYWHMCP>
#	G	D	E	R	K	N	Q	S	T	A	V	L	I	F	Y	W	H	M	C	P
0	0.00780	0.00655	0.00678	0.00672	0.00883	0.00553	0.00504	0.00960	0.01512	0.01839	0.13868	0.06065	0.65619	0.01602	0.00763	0.00217	0.00325	0.01342	0.00612	0.00553
1	0.01891	0.06018	0.03824	0.03967	0.14404	0.06435	0.01215	0.17124	0.07018	0.13359	0.09006	0.02319	0.06387	0.00831	0.00640	0.00193	0.00645	0.00683	0.03117	0.00924
2	0.09031	0.01698	0.01882	0.01602	0.07348	0.01857	0.01224	0.55887	0.02684	0.08119	0.01533	0.01553	0.01091	0.00747	0.00626	0.00195	0.00688	0.00566	0.00610	0.01060
3	0.00799	0.00637	0.00719	0.00758	0.00921	0.00557	0.00557	0.00971	0.01452	0.01819	0.12543	0.23599	0.45662	0.01707	0.00785	0.00231	0.00350	0.04774	0.00611	0.00549
4	0.01000	0.00694	0.00925	0.00857	0.00911	0.00694	0.04834	0.01040	0.00992	0.01358	0.01905	0.03721	0.02096	0.59153	0.07298	0.06744	0.00704	0.00870	0.03769	0.00433
5	0.00896	0.00653	0.00843	0.00810	0.00958	0.00600	0.00602	0.01179	0.01765	0.02472	0.63944	0.10133	0.09944	0.01391	0.00767	0.00208	0.00311	0.01229	0.00697	0.00600
6	0.01599	0.01535	0.02623	0.03966	0.73262	0.01535	0.01983	0.01983	0.01471	0.02111	0.01215	0.01599	0.01023	0.00576	0.00640	0.00192	0.00768	0.00576	0.00320	0.01023
7	0.01650	0.01409	0.01485	0.01324	0.01696	0.01627	0.01033	0.06843	0.68615	0.02772	0.02576	0.02367	0.01928	0.00872	0.00657	0.00218	0.00521	0.00723	0.00657	0.01027
8	0.02337	0.01728	0.04928	0.01402	0.01924	0.04206	0.01186	0.45057	0.06995	0.15009	0.01716	0.01674	0.01204	0.00753	0.00631	0.00189	0.00681	0.00577	0.00625	0.07181
9	0.02374	0.02880	0.01848	0.01648	0.01985	0.64292	0.01254	0.09356	0.01914	0.01828	0.01047	0.01214	0.00860	0.00697	0.00656	0.00174	0.04389	0.00439	0.00362	0.00782
10	0.02456	0.01810	0.01939	0.01487	0.02004	0.02004	0.01228	0.71107	0.03038	0.04072	0.01551	0.01551	0.01099	0.00776	0.00646	0.00194	0.00711	0.00582	0.00646	0.01099
11	0.01765	0.06899	0.01445	0.01073	0.01469	0.01124	0.00870	0.04300	0.15371	0.22161	0.14844	0.04558	0.05427	0.00930	0.00643	0.00188	0.00491	0.02639	0.00630	0.13172
12	0.02456	0.01810	0.01939	0.01487	0.02004	0.02004	0.01228	0.71107	0.03038	0.04072	0.01551	0.01551	0.01099	0.00776	0.00646	0.00194	0.00711	0.00582	0.00646	0.01099
13	0.00786	0.00568	0.00744	0.00884	0.00933	0.00526	0.00593	0.00901	0.01252	0.01655	0.03748	0.72461	0.08563	0.02000	0.00821	0.00260	0.00372	0.01807	0.00600	0.00526
14	0.01517	0.01179	0.01383	0.00999	0.01565	0.00928	0.00804	0.05367	0.01467	0.07663	0.01276	0.01416	0.01013	0.00518	0.00500	0.00109	0.00496	0.00414	0.00428	0.70957
15	0.00781	0.00639	0.00689	0.00711	0.00892	0.00547	0.00520	0.00948	0.01462	0.01801	0.11728	0.18536	0.55148	0.01678	0.00774	0.00225	0.00334	0.01430	0.00610	0.00547
