[name]
unknown

[dist]
# distance from previous block
# <min> <max>
0	26

[block]
# block no. 0 follows, 33 sequences, length 23
# corresponding to MSA columns:
# 26-48
name=unknown_A
#
# <colnr> <probs for GDERKNQSTAVLIFYWHMCP>
#	G	D	E	R	K	N	Q	S	T	A	V	L	I	F	Y	W	H	M	C	P
0	0.01703	0.01292	0.07049	0.01168	0.01624	0.01048	0.01011	0.12037	0.01761	0.15784	0.07419	0.11004	0.02162	0.00978	0.00659	0.00189	0.00560	0.07207	0.00572	0.24773
1	0.01378	0.18036	0.53644	0.01643	0.02469	0.01673	0.02027	0.01995	0.01417	0.02021	0.06758	0.01602	0.01261	0.00670	0.00597	0.00195	0.00867	0.00515	0.00314	0.00919
2	0.00829	0.00664	0.00741	0.00732	0.00923	0.00576	0.00545	0.01040	0.01607	0.02054	0.27881	0.09336	0.47589	0.01582	0.00781	0.00220	0.00328	0.01349	0.00648	0.00576
3	0.00808	0.00577	0.00769	0.00913	0.00956	0.00539	0.00612	0.00932	0.01288	0.01724	0.06777	0.73160	0.04439	0.02030	0.00837	0.00265	0.00379	0.01840	0.00616	0.00539
4	0.01365	0.01170	0.01365	0.00975	0.01560	0.00878	0.00780	0.01658	0.01365	0.02145	0.01170	0.01365	0.00975	0.00488	0.00488	0.00098	0.00488	0.00390	0.00390	0.80888
5	0.00802	0.00573	0.00764	0.00917	0.00955	0.00535	0.00611	0.00917	0.01260	0.01681	0.03628	0.76434	0.04354	0.02062	0.00840	0.00267	0.00382	0.01872	0.00611	0.00535
6	0.01320	0.03405	0.73453	0.01876	0.02849	0.01529	0.02432	0.02085	0.01390	0.02085	0.01181	0.01390	0.00834	0.00625	0.00625	0.00208	0.00973	0.00486	0.00278	0.00973
7	0.00844	0.00670	0.00759	0.00736	0.00930	0.00584	0.00552	0.01073	0.01657	0.02150	0.35012	0.05724	0.43916	0.01529	0.00777	0.00216	0.00324	0.01304	0.00660	0.00584
8	0.00778	0.00667	0.00667	0.00667	0.00889	0.00556	0.00500	0.00945	0.01501	0.01778	0.06669	0.06336	0.72490	0.01667	0.00778	0.00222	0.00333	0.01389	0.00611	0.00556
9	0.01760	0.77260	0.03450	0.01126	0.01690	0.02605	0.01126	0.01971	0.01338	0.01549	0.00915	0.01056	0.00845	0.00563	0.00422	0.00141	0.00704	0.00352	0.00282	0.00845
10	0.01592	0.01526	0.02605	0.10855	0.66232	0.01554	0.02002	0.01988	0.01482	0.02106	0.01232	0.01641	0.01027	0.00593	0.00652	0.00198	0.00791	0.00586	0.00323	0.01013
11	0.01805	0.01377	0.01494	0.01318	0.01708	0.01552	0.01033	0.03461	0.62690	0.11731	0.02669	0.02429	0.01961	0.00883	0.00669	0.00221	0.00526	0.00734	0.00688	0.01052
12	0.00805	0.00668	0.00704	0.00695	0.00906	0.00567	0.00521	0.00996	0.01563	0.01927	0.18037	0.06090	0.61029	0.01612	0.00778	0.00220	0.00329	0.01355	0.00631	0.00567
13	0.29741	0.07410	0.01667	0.01361	0.01749	0.40474	0.01068	0.05908	0.01637	0.02204	0.01005	0.01158	0.00815	0.00653	0.00521	0.00181	0.00896	0.00405	0.00376	0.00770
14	0.01554	0.01776	0.03885	0.02775	0.03441	0.01665	0.70366	0.02109	0.01554	0.02109	0.01332	0.01776	0.00999	0.00555	0.00777	0.00222	0.01110	0.00777	0.00333	0.00888
15	0.01503	0.01634	0.10541	0.05394	0.11715	0.04760	0.06219	0.01886	0.01437	0.04161	0.01226	0.01470	0.00977	0.00550	0.00566	0.00146	0.00687	0.00476	0.00369	0.44282
16	0.00904	0.00672	0.00842	0.00799	0.00966	0.00609	0.00599	0.01189	0.01798	0.02484	0.60541	0.05174	0.18177	0.01404	0.00777	0.00210	0.00315	0.01226	0.00704	0.00609
17	0.01210	0.00728	0.00990	0.00966	0.01023	0.00772	0.00678	0.04125	0.06533	0.01485	0.01584	0.11363	0.01603	0.02040	0.02107	0.57695	0.03547	0.00750	0.00373	0.00430
18	0.00815	0.00668	0.00719	0.00706	0.00912	0.00572	0.00530	0.01017	0.01589	0.01988	0.22637	0.05991	0.56392	0.01589	0.00778	0.00219	0.00328	0.01341	0.00639	0.00572
19	0.00867	0.00658	0.00807	0.00865	0.01010	0.00599	0.00654	0.01073	0.01514	0.01968	0.19252	0.25530	0.27681	0.01734	0.00818	0.00246	0.00389	0.13128	0.00634	0.00573
20	0.00802	0.00573	0.00764	0.00917	0.00955	0.00535	0.00611	0.00917	0.01260	0.01681	0.03628	0.76434	0.04354	0.02062	0.00840	0.00267	0.00382	0.01872	0.00611	0.00535
21	0.01588	0.01643	0.03028	0.02503	0.11350	0.01644	0.41530	0.02510	0.22284	0.02305	0.01720	0.01960	0.01304	0.00659	0.00730	0.00219	0.00896	0.00744	0.00432	0.00952
22	0.02412	0.11006	0.02155	0.01468	0.01999	0.02110	0.01236	0.62229	0.02882	0.03833	0.01500	0.01517	0.01086	0.00763	0.00630	0.00191	0.00722	0.00563	0.00613	0.01086

[dist]
# distance from previous block
# <min> <max>
0	2

[block]
# block no. 1 follows, 33 sequences, length 27
# corresponding to MSA columns:
# 51-77
name=unknown_B
#
# <colnr> <probs for GDERKNQSTAVLIFYWHMCP>
#	G	D	E	R	K	N	Q	S	T	A	V	L	I	F	Y	W	H	M	C	P
0	0.02036	0.02455	0.01963	0.01716	0.01998	0.47419	0.06837	0.02239	0.01599	0.01637	0.01101	0.01438	0.00954	0.01236	0.09265	0.00296	0.14224	0.00511	0.00331	0.00746
1	0.01243	0.01170	0.01975	0.75282	0.04534	0.01463	0.01828	0.01682	0.01316	0.01682	0.01170	0.01755	0.00878	0.00658	0.00658	0.00219	0.00878	0.00585	0.00293	0.00731
2	0.01320	0.03405	0.73453	0.01876	0.02849	0.01529	0.02432	0.02085	0.01390	0.02085	0.01181	0.01390	0.00834	0.00625	0.00625	0.00208	0.00973	0.00486	0.00278	0.00973
3	0.00957	0.00638	0.00718	0.00718	0.00718	0.00638	0.00399	0.00957	0.00957	0.01276	0.02074	0.04308	0.02393	0.76864	0.03351	0.00638	0.00638	0.00957	0.00399	0.00399
4	0.01691	0.01482	0.07932	0.01293	0.01700	0.01433	0.01090	0.09648	0.40300	0.09189	0.02621	0.05561	0.05459	0.06526	0.00874	0.00250	0.00580	0.00792	0.00621	0.00959
5	0.81514	0.01273	0.00968	0.00866	0.01273	0.01477	0.00713	0.01935	0.01120	0.02954	0.00917	0.01069	0.00713	0.00611	0.00407	0.00204	0.00509	0.00356	0.00407	0.00713
6	0.01603	0.01405	0.01650	0.01756	0.13060	0.01582	0.01182	0.03160	0.57576	0.02615	0.02486	0.05239	0.01947	0.00890	0.00674	0.00221	0.00557	0.00763	0.00612	0.01022
7	0.00802	0.00573	0.00764	0.00917	0.00955	0.00535	0.00611	0.00917	0.01260	0.01681	0.03628	0.76434	0.04354	0.02062	0.00840	0.00267	0.00382	0.01872	0.00611	0.00535
8	0.00899	0.00672	0.00834	0.00793	0.00963	0.00607	0.00595	0.01178	0.01785	0.02454	0.58218	0.05224	0.20519	0.01415	0.00777	0.00210	0.00316	0.01233	0.00700	0.00607
9	0.81514	0.01273	0.00968	0.00866	0.01273	0.01477	0.00713	0.01935	0.01120	0.02954	0.00917	0.01069	0.00713	0.00611	0.00407	0.00204	0.00509	0.00356	0.00407	0.00713
10	0.00954	0.00650	0.00776	0.00773	0.00798	0.00664	0.00472	0.01004	0.01018	0.01382	0.05580	0.04088	0.02477	0.62574	0.13549	0.00678	0.00786	0.00932	0.00409	0.00438
11	0.01760	0.77260	0.03450	0.01126	0.01690	0.02605	0.01126	0.01971	0.01338	0.01549	0.00915	0.01056	0.00845	0.00563	0.00422	0.00141	0.00704	0.00352	0.00282	0.00845
12	0.01734	0.72941	0.07543	0.01170	0.01757	0.02542	0.01203	0.01978	0.01341	0.01580	0.00931	0.01076	0.00844	0.00567	0.00434	0.00145	0.00720	0.00360	0.00281	0.00852
13	0.00955	0.00646	0.00757	0.00757	0.00770	0.00659	0.00447	0.00982	0.00969	0.01305	0.02039	0.04112	0.02308	0.68678	0.11420	0.00686	0.00766	0.00929	0.00394	0.00420
14	0.00932	0.00673	0.00880	0.00828	0.00984	0.00621	0.00621	0.01242	0.01863	0.02640	0.72410	0.04918	0.06212	0.01346	0.00776	0.00207	0.00311	0.01191	0.00725	0.00621
15	0.02459	0.03138	0.01866	0.01696	0.02035	0.74221	0.01272	0.02629	0.01866	0.01611	0.01018	0.01187	0.00848	0.00678	0.00594	0.00170	0.01187	0.00424	0.00339	0.00763
16	0.00932	0.00673	0.00880	0.00828	0.00984	0.00621	0.00621	0.01242	0.01863	0.02640	0.72410	0.04918	0.06212	0.01346	0.00776	0.00207	0.00311	0.01191	0.00725	0.00621
17	0.00837	0.00669	0.00749	0.00729	0.00926	0.00581	0.00547	0.01059	0.01640	0.02110	0.31990	0.05789	0.46962	0.01543	0.00777	0.00216	0.00325	0.01313	0.00655	0.00581
18	0.00800	0.00628	0.00723	0.00783	0.00924	0.00552	0.00555	0.00956	0.01429	0.01804	0.10436	0.35287	0.39175	0.01807	0.00804	0.00240	0.00352	0.01574	0.00620	0.00552
19	0.01339	0.06488	0.70531	0.01845	0.02801	0.01574	0.02378	0.02080	0.01388	0.02062	0.01170	0.01376	0.00834	0.00623	0.00617	0.00206	0.00962	0.00481	0.00278	0.00968
20	0.01821	0.65737	0.06196	0.01223	0.01777	0.10710	0.01198	0.02051	0.01400	0.01578	0.00938	0.01085	0.00845	0.00579	0.00450	0.00147	0.00770	0.00366	0.00288	0.00841
21	0.02210	0.00979	0.01310	0.01049	0.01449	0.00851	0.00845	0.02485	0.01847	0.46344	0.24982	0.03051	0.03066	0.00967	0.00689	0.00199	0.00476	0.00816	0.00761	0.05624
22	0.01046	0.00834	0.01091	0.01195	0.08575	0.00806	0.00791	0.01487	0.08555	0.02433	0.45595	0.07390	0.15058	0.01298	0.00756	0.00212	0.00387	0.01140	0.00656	0.00693
23	0.01320	0.03405	0.73453	0.01876	0.02849	0.01529	0.02432	0.02085	0.01390	0.02085	0.01181	0.01390	0.00834	0.00625	0.00625	0.00208	0.00973	0.00486	0.00278	0.00973
24	0.00997	0.00657	0.00960	0.00960	0.01046	0.00717	0.00713	0.01050	0.01024	0.01417	0.01928	0.02675	0.06893	0.03788	0.44321	0.28058	0.01250	0.00712	0.00350	0.00483
25	0.03430	0.15319	0.05145	0.01048	0.01371	0.03709	0.00888	0.01805	0.13004	0.03949	0.15556	0.15290	0.14581	0.01204	0.00677	0.00208	0.00509	0.01008	0.00554	0.00745
26	0.08667	0.01442	0.10202	0.03321	0.01626	0.06015	0.01088	0.01897	0.08953	0.08203	0.11444	0.05173	0.13651	0.01337	0.05962	0.00279	0.08643	0.00821	0.00510	0.00768

[dist]
# distance from previous block
# <min> <max>
0	9

[block]
# block no. 2 follows, 33 sequences, length 27
# corresponding to MSA columns:
# 87-113
name=unknown_C
#
# <colnr> <probs for GDERKNQSTAVLIFYWHMCP>
#	G	D	E	R	K	N	Q	S	T	A	V	L	I	F	Y	W	H	M	C	P
0	0.01868	0.44088	0.08646	0.01303	0.01816	0.16819	0.01226	0.07417	0.01586	0.01859	0.01151	0.03402	0.01010	0.00663	0.00507	0.00161	0.00797	0.00454	0.04387	0.00840
1	0.01485	0.08296	0.30748	0.06654	0.11679	0.01587	0.11641	0.07991	0.01607	0.02243	0.06568	0.01883	0.03296	0.00703	0.00654	0.00203	0.00852	0.00622	0.00369	0.00920
2	0.01387	0.01788	0.22778	0.06006	0.16076	0.01211	0.01563	0.01894	0.04988	0.06489	0.03802	0.11487	0.05764	0.00922	0.00670	0.00206	0.00694	0.02725	0.00434	0.09116
3	0.00878	0.00808	0.04446	0.00804	0.01033	0.00636	0.00655	0.01143	0.01666	0.02200	0.37415	0.05416	0.37592	0.01463	0.00770	0.00214	0.00355	0.01250	0.00648	0.00608
4	0.01249	0.01038	0.01627	0.02225	0.27462	0.01036	0.01377	0.01569	0.01490	0.02014	0.02674	0.10686	0.02828	0.01387	0.00810	0.00261	0.00653	0.38351	0.00504	0.00760
5	0.01355	0.02114	0.28565	0.30418	0.05589	0.01532	0.12783	0.02014	0.05525	0.01974	0.01291	0.01662	0.00952	0.00642	0.00665	0.00215	0.00925	0.00588	0.00317	0.00872
6	0.01385	0.01349	0.01868	0.01613	0.01613	0.01859	0.01322	0.01513	0.01002	0.01549	0.01002	0.01767	0.01039	0.09789	0.02296	0.00328	0.67101	0.00620	0.00301	0.00684
7	0.01732	0.01489	0.02164	0.01886	0.07102	0.03854	0.09229	0.04008	0.01337	0.11623	0.01228	0.01594	0.01012	0.00930	0.01492	0.00244	0.42269	0.00596	0.00387	0.05825
8	0.81514	0.01273	0.00968	0.00866	0.01273	0.01477	0.00713	0.01935	0.01120	0.02954	0.00917	0.01069	0.00713	0.00611	0.00407	0.00204	0.00509	0.00356	0.00407	0.00713
9	0.01349	0.01278	0.02165	0.55788	0.23202	0.01490	0.01881	0.01775	0.01366	0.01810	0.01189	0.01721	0.00923	0.00639	0.00656	0.00213	0.00851	0.00585	0.00302	0.00817
10	0.01029	0.00735	0.01024	0.01176	0.01313	0.00730	0.01005	0.01308	0.01484	0.01934	0.03503	0.16017	0.03859	0.01849	0.00901	0.00299	0.00578	0.60053	0.00607	0.00597
11	0.00802	0.00573	0.00764	0.00917	0.00955	0.00535	0.00611	0.00917	0.01260	0.01681	0.03628	0.76434	0.04354	0.02062	0.00840	0.00267	0.00382	0.01872	0.00611	0.00535
12	0.00802	0.00573	0.00764	0.00917	0.00955	0.00535	0.00611	0.00917	0.01260	0.01681	0.03628	0.76434	0.04354	0.02062	0.00840	0.00267	0.00382	0.01872	0.00611	0.00535
13	0.02404	0.01795	0.01920	0.01495	0.02004	0.01995	0.01227	0.62912	0.10906	0.03990	0.01706	0.01680	0.01221	0.00802	0.00660	0.00201	0.00701	0.00610	0.00660	0.01111
14	0.81514	0.01273	0.00968	0.00866	0.01273	0.01477	0.00713	0.01935	0.01120	0.02954	0.00917	0.01069	0.00713	0.00611	0.00407	0.00204	0.00509	0.00356	0.00407	0.00713
15	0.05923	0.03056	0.01826	0.01660	0.02002	0.71033	0.01247	0.02598	0.01833	0.01670	0.01013	0.01182	0.00842	0.00675	0.00585	0.00171	0.01157	0.00421	0.00342	0.00761
16	0.02393	0.02781	0.01849	0.01636	0.02008	0.56441	0.01248	0.13384	0.08238	0.02111	0.01253	0.01362	0.00994	0.00715	0.00611	0.00179	0.01055	0.00479	0.00419	0.00844
17	0.00778	0.00667	0.00667	0.00667	0.00889	0.00556	0.00500	0.00945	0.01501	0.01778	0.06669	0.06336	0.72490	0.01667	0.00778	0.00222	0.00333	0.01389	0.00611	0.00556
18	0.02565	0.01362	0.01534	0.01242	0.01694	0.08097	0.01000	0.05318	0.13509	0.48608	0.06152	0.02297	0.01846	0.00842	0.00663	0.00204	0.00606	0.00679	0.00735	0.01047
19	0.01001	0.00734	0.00979	0.01098	0.01258	0.00712	0.00937	0.01275	0.01517	0.01952	0.06436	0.09387	0.15394	0.01785	0.00880	0.00285	0.00543	0.52620	0.00611	0.00596
20	0.00801	0.00578	0.00758	0.00903	0.00951	0.00536	0.00605	0.00918	0.01274	0.01686	0.03798	0.72520	0.08159	0.02040	0.00837	0.00265	0.00379	0.01845	0.00611	0.00536
21	0.00906	0.00672	0.00844	0.00801	0.00967	0.00610	0.00601	0.01192	0.01802	0.02494	0.61240	0.05159	0.17473	0.01400	0.00777	0.00210	0.00314	0.01224	0.00705	0.00610
22	0.01365	0.01170	0.01365	0.00975	0.01560	0.00878	0.00780	0.01658	0.01365	0.02145	0.01170	0.01365	0.00975	0.00488	0.00488	0.00098	0.00488	0.00390	0.00390	0.80888
23	0.81514	0.01273	0.00968	0.00866	0.01273	0.01477	0.00713	0.01935	0.01120	0.02954	0.00917	0.01069	0.00713	0.00611	0.00407	0.00204	0.00509	0.00356	0.00407	0.00713
24	0.77943	0.01299	0.01013	0.00895	0.01308	0.01502	0.00737	0.05037	0.01210	0.03008	0.00947	0.01093	0.00731	0.00619	0.00419	0.00203	0.00519	0.00367	0.00419	0.00731
25	0.01557	0.01490	0.02541	0.17442	0.59923	0.01545	0.01984	0.01957	0.01465	0.02063	0.01225	0.01653	0.01012	0.00600	0.00653	0.00200	0.00800	0.00586	0.00320	0.00984
26	0.01493	0.01348	0.02015	0.19966	0.27892	0.01328	0.01503	0.05535	0.01495	0.02145	0.01217	0.01566	0.00984	0.00581	0.00597	0.00167	0.00700	0.00519	0.00358	0.28593

[dist]
# distance from previous block
# <min> <max>
0	8

# created by:
# /home/berkeley/.conda/envs/busco_data_prod/bin/msa2prfl.pl pipeline/OGs_align_augustus/4893/22977.fs
