[name]
unknown

[dist]
# distance from previous block
# <min> <max>
0	21

[block]
# block no. 0 follows, 33 sequences, length 9
# corresponding to MSA columns:
# 21-29
name=unknown_A
#
# <colnr> <probs for GDERKNQSTAVLIFYWHMCP>
#	G	D	E	R	K	N	Q	S	T	A	V	L	I	F	Y	W	H	M	C	P
0	0.01262	0.01051	0.01027	0.01010	0.01136	0.09228	0.00708	0.08684	0.01436	0.01805	0.02558	0.21806	0.04878	0.32130	0.01817	0.00401	0.00635	0.07354	0.00498	0.00576
1	0.10249	0.01515	0.01876	0.20084	0.08739	0.09065	0.06332	0.12473	0.01751	0.11886	0.01910	0.02078	0.07671	0.00776	0.00645	0.00205	0.00763	0.00644	0.00471	0.00866
2	0.01278	0.01093	0.01718	0.53928	0.03581	0.01306	0.01516	0.01771	0.06544	0.04512	0.08428	0.04988	0.01702	0.03996	0.00790	0.00237	0.00756	0.00722	0.00398	0.00737
3	0.01465	0.01193	0.01625	0.01339	0.01676	0.01227	0.10632	0.17730	0.11166	0.02812	0.27493	0.08086	0.06435	0.01121	0.00743	0.00217	0.00561	0.03028	0.00631	0.00821
4	0.01108	0.00673	0.00819	0.00812	0.00882	0.00646	0.00517	0.01186	0.01195	0.08176	0.09322	0.19127	0.03102	0.46910	0.02329	0.00479	0.00546	0.01142	0.00513	0.00516
5	0.01230	0.00948	0.01174	0.01247	0.08146	0.00962	0.00828	0.07596	0.11923	0.02200	0.15723	0.09024	0.18037	0.05985	0.01141	0.11088	0.00489	0.01008	0.00560	0.00689
6	0.01296	0.01203	0.01909	0.65336	0.04155	0.01486	0.01723	0.01926	0.10765	0.01826	0.01373	0.01849	0.01030	0.00690	0.00660	0.00220	0.00830	0.00606	0.00343	0.00773
7	0.01887	0.01385	0.01553	0.01308	0.01688	0.01523	0.01049	0.30467	0.21313	0.07159	0.09014	0.04952	0.02138	0.01337	0.07525	0.00292	0.00700	0.03102	0.00645	0.00963
8	0.01398	0.00801	0.01026	0.00952	0.01173	0.00712	0.00696	0.01569	0.01411	0.17325	0.07785	0.28112	0.03050	0.15369	0.01218	0.00297	0.00489	0.04569	0.00594	0.11455

[dist]
# distance from previous block
# <min> <max>
2	11

[block]
# block no. 1 follows, 33 sequences, length 26
# corresponding to MSA columns:
# 41-66
name=unknown_B
#
# <colnr> <probs for GDERKNQSTAVLIFYWHMCP>
#	G	D	E	R	K	N	Q	S	T	A	V	L	I	F	Y	W	H	M	C	P
0	0.27586	0.01350	0.01544	0.01515	0.10608	0.03321	0.03470	0.10422	0.07229	0.13291	0.11541	0.02057	0.01833	0.00786	0.00597	0.00204	0.00590	0.00625	0.00549	0.00885
1	0.12666	0.00998	0.01162	0.01104	0.05462	0.00972	0.00788	0.06298	0.03533	0.07691	0.26692	0.03364	0.09726	0.06418	0.00847	0.00225	0.00465	0.00854	0.00584	0.10151
2	0.01645	0.01341	0.02085	0.06809	0.29645	0.01236	0.06068	0.01999	0.01506	0.10486	0.03935	0.01750	0.01262	0.00610	0.00612	0.00168	0.00671	0.00566	0.00417	0.27188
3	0.01394	0.01392	0.06635	0.12009	0.10524	0.01152	0.05317	0.04054	0.01461	0.02148	0.03906	0.03671	0.01252	0.00622	0.00584	0.00153	0.00646	0.00547	0.00385	0.42147
4	0.01251	0.01042	0.01231	0.00971	0.01416	0.00844	0.00753	0.01613	0.05571	0.02174	0.09978	0.12450	0.02129	0.00835	0.00582	0.00142	0.00454	0.00714	0.00477	0.55373
5	0.01347	0.00877	0.01058	0.00948	0.01194	0.00840	0.00728	0.11168	0.01897	0.10868	0.33553	0.13484	0.16716	0.01354	0.00755	0.00216	0.00412	0.01167	0.00691	0.00727
6	0.01431	0.01500	0.03015	0.19235	0.09294	0.01504	0.40823	0.01916	0.01491	0.01999	0.01540	0.02423	0.01303	0.00730	0.00755	0.00229	0.00970	0.08655	0.00355	0.00832
7	0.00837	0.00605	0.00799	0.00941	0.01008	0.00568	0.00667	0.00982	0.01313	0.01728	0.03815	0.61928	0.08900	0.02001	0.00846	0.00269	0.00410	0.11224	0.00610	0.00546
8	0.01087	0.00870	0.01285	0.01082	0.01260	0.00835	0.10379	0.01230	0.01102	0.01528	0.01824	0.03386	0.01935	0.47963	0.11669	0.00569	0.00830	0.00833	0.00383	0.09951
9	0.81514	0.01273	0.00968	0.00866	0.01273	0.01477	0.00713	0.01935	0.01120	0.02954	0.00917	0.01069	0.00713	0.00611	0.00407	0.00204	0.00509	0.00356	0.00407	0.00713
10	0.00870	0.00630	0.00822	0.00860	0.00968	0.00582	0.00612	0.01092	0.01591	0.02197	0.40484	0.35636	0.07868	0.01665	0.00804	0.00233	0.00342	0.01490	0.00672	0.00582
11	0.01666	0.37995	0.32094	0.01481	0.02208	0.02096	0.01679	0.10078	0.01566	0.02075	0.01103	0.01255	0.00873	0.00616	0.00534	0.00175	0.00817	0.00436	0.00324	0.00930
12	0.70349	0.01536	0.01094	0.00983	0.01381	0.11751	0.00792	0.02033	0.01226	0.02764	0.00931	0.01086	0.00732	0.00621	0.00434	0.00199	0.00605	0.00366	0.00398	0.00720
13	0.01637	0.01414	0.01489	0.01340	0.01712	0.01637	0.01042	0.03498	0.71568	0.02754	0.02679	0.02456	0.02010	0.00893	0.00670	0.00223	0.00521	0.00744	0.00670	0.01042
14	0.00940	0.00705	0.01058	0.01058	0.01176	0.00823	0.00823	0.01176	0.01058	0.01528	0.01763	0.02586	0.01646	0.04937	0.74255	0.01058	0.01763	0.00705	0.00353	0.00588
15	0.02954	0.01120	0.01528	0.01171	0.01681	0.00968	0.00968	0.03208	0.01884	0.73213	0.02597	0.02241	0.01630	0.00815	0.00662	0.00204	0.00560	0.00662	0.00815	0.01120
16	0.01641	0.01395	0.01654	0.01706	0.11716	0.01572	0.01175	0.09762	0.46498	0.02665	0.02258	0.02267	0.01741	0.01315	0.09313	0.00315	0.00724	0.00702	0.00583	0.00997
17	0.02837	0.01308	0.01644	0.01260	0.01774	0.01245	0.01041	0.20636	0.02198	0.55343	0.02334	0.02070	0.01498	0.00808	0.00661	0.00202	0.00603	0.00644	0.00774	0.01120
18	0.00802	0.00573	0.00764	0.00917	0.00955	0.00535	0.00611	0.00917	0.01260	0.01681	0.03628	0.76434	0.04354	0.02062	0.00840	0.00267	0.00382	0.01872	0.00611	0.00535
19	0.00955	0.00647	0.00761	0.00761	0.00776	0.00662	0.00453	0.00985	0.00970	0.01309	0.02035	0.04089	0.02298	0.67702	0.12382	0.00692	0.00782	0.00925	0.00393	0.00423
20	0.01748	0.11403	0.02462	0.01907	0.07240	0.12013	0.18131	0.02736	0.30653	0.02238	0.01788	0.01873	0.01381	0.00716	0.00653	0.00203	0.00801	0.00646	0.00467	0.00940
21	0.02173	0.00948	0.01278	0.01039	0.01412	0.00834	0.00834	0.02450	0.01876	0.45977	0.29540	0.03274	0.03398	0.01020	0.00706	0.00205	0.00464	0.00866	0.00780	0.00928
22	0.02584	0.01192	0.01520	0.01187	0.01649	0.01119	0.00972	0.15503	0.02107	0.50354	0.12267	0.02496	0.02182	0.00885	0.00678	0.00203	0.00556	0.00724	0.00773	0.01050
23	0.01980	0.01246	0.01616	0.01596	0.11616	0.01264	0.01104	0.22274	0.02053	0.20284	0.11046	0.11043	0.02300	0.01283	0.05938	0.00270	0.00673	0.00843	0.00631	0.00939
24	0.01741	0.01445	0.02371	0.04568	0.38896	0.01451	0.09707	0.02336	0.11448	0.11246	0.01784	0.02257	0.01441	0.00745	0.00689	0.00212	0.00745	0.05467	0.00457	0.00996
25	0.01921	0.10162	0.25140	0.01610	0.02205	0.23435	0.01587	0.09069	0.12052	0.04593	0.01413	0.01500	0.01067	0.00697	0.00607	0.00191	0.00906	0.00509	0.00409	0.00927

[dist]
# distance from previous block
# <min> <max>
0	1

[block]
# block no. 2 follows, 33 sequences, length 24
# corresponding to MSA columns:
# 68-91
name=unknown_C
#
# <colnr> <probs for GDERKNQSTAVLIFYWHMCP>
#	G	D	E	R	K	N	Q	S	T	A	V	L	I	F	Y	W	H	M	C	P
0	0.02116	0.01617	0.01853	0.01717	0.09857	0.01783	0.01246	0.34873	0.27636	0.07215	0.01996	0.01939	0.01461	0.00806	0.00662	0.00207	0.00648	0.00651	0.00634	0.01083
1	0.02083	0.05452	0.02008	0.07910	0.02182	0.01819	0.05013	0.46159	0.06057	0.03450	0.09520	0.01999	0.01695	0.00822	0.00667	0.00200	0.00701	0.00665	0.00598	0.00999
2	0.00825	0.00653	0.00743	0.00754	0.00927	0.00571	0.00553	0.01024	0.01562	0.02004	0.24601	0.17676	0.42489	0.01643	0.00788	0.00226	0.00335	0.01414	0.00643	0.00571
3	0.01591	0.17777	0.36040	0.01661	0.02405	0.08477	0.07064	0.05130	0.01510	0.02034	0.01141	0.01339	0.00879	0.00604	0.00579	0.00179	0.00884	0.00470	0.00318	0.09917
4	0.05030	0.05347	0.02295	0.01649	0.02197	0.01735	0.14964	0.36167	0.02364	0.19016	0.01703	0.01724	0.01182	0.00732	0.00663	0.00201	0.00756	0.00625	0.00602	0.01046
5	0.02289	0.01109	0.01404	0.01149	0.01564	0.01061	0.00923	0.02926	0.18025	0.44349	0.15021	0.02766	0.02532	0.00927	0.00684	0.00209	0.00507	0.00775	0.00765	0.01014
6	0.05841	0.01367	0.01499	0.01216	0.01614	0.04397	0.00966	0.24721	0.06958	0.23750	0.09923	0.02468	0.02013	0.09132	0.00952	0.00249	0.00616	0.00713	0.00660	0.00946
7	0.01853	0.01659	0.02689	0.02958	0.35417	0.01688	0.16889	0.18371	0.05334	0.04417	0.01445	0.01706	0.01113	0.00649	0.00682	0.00203	0.00823	0.00640	0.00435	0.01029
8	0.07878	0.01764	0.02100	0.01596	0.02129	0.01911	0.08975	0.55040	0.02730	0.06994	0.01553	0.01597	0.01101	0.00753	0.00655	0.00201	0.00745	0.00600	0.00612	0.01065
9	0.00800	0.00579	0.00757	0.00899	0.00950	0.00536	0.00603	0.00919	0.01277	0.01687	0.03839	0.71589	0.09064	0.02035	0.00836	0.00264	0.00379	0.01838	0.00611	0.00536
10	0.02070	0.10519	0.04571	0.01558	0.02004	0.23298	0.08692	0.11860	0.08875	0.10235	0.04468	0.05829	0.01513	0.00805	0.00641	0.00193	0.00837	0.00649	0.00491	0.00892
11	0.08226	0.04074	0.02080	0.02068	0.19497	0.03058	0.05882	0.23193	0.03549	0.13890	0.01719	0.06837	0.01369	0.00794	0.00649	0.00203	0.00703	0.00676	0.00537	0.00995
12	0.00822	0.00614	0.00764	0.00841	0.00945	0.00557	0.00587	0.00987	0.01434	0.01891	0.17815	0.46175	0.20504	0.01830	0.00813	0.00245	0.00357	0.01626	0.00633	0.00557
13	0.03665	0.02184	0.09795	0.04855	0.06049	0.18423	0.04873	0.29072	0.03756	0.08795	0.01457	0.01555	0.01061	0.00719	0.00642	0.00196	0.00865	0.00556	0.00503	0.00981
14	0.01818	0.12221	0.15448	0.01948	0.07169	0.12200	0.15008	0.11893	0.11552	0.02337	0.01421	0.01584	0.01088	0.00669	0.00636	0.00196	0.00884	0.00574	0.00409	0.00944
15	0.01302	0.01058	0.01269	0.01335	0.06294	0.01138	0.00932	0.05715	0.29188	0.02374	0.09835	0.28084	0.03192	0.01351	0.00747	0.00237	0.00485	0.04024	0.00628	0.00812
16	0.00852	0.00647	0.00784	0.00798	0.00947	0.00580	0.00580	0.01069	0.01603	0.02135	0.34931	0.22658	0.26783	0.01621	0.00792	0.00226	0.00335	0.01418	0.00661	0.00580
17	0.01941	0.01771	0.14106	0.08436	0.15156	0.01525	0.04475	0.12225	0.09635	0.17667	0.01711	0.01814	0.01228	0.00739	0.00734	0.00211	0.04501	0.00612	0.00505	0.01009
18	0.01809	0.01677	0.03928	0.02864	0.40759	0.04882	0.01647	0.16202	0.11455	0.02636	0.04490	0.01846	0.01395	0.00707	0.00658	0.00199	0.00737	0.00625	0.00457	0.01026
19	0.01889	0.63587	0.03158	0.01232	0.01753	0.15815	0.01153	0.02093	0.01435	0.01560	0.00934	0.01080	0.00845	0.00584	0.00454	0.00146	0.00793	0.00365	0.00292	0.00830
20	0.01840	0.01605	0.09075	0.01385	0.05425	0.03688	0.01150	0.13403	0.05527	0.12677	0.01523	0.01595	0.01133	0.00632	0.00577	0.00155	0.00628	0.00503	0.00494	0.36987
21	0.01715	0.01638	0.02465	0.03496	0.57757	0.05158	0.01835	0.05649	0.09479	0.02292	0.01407	0.01698	0.01146	0.00636	0.00651	0.00197	0.00770	0.00597	0.00382	0.01033
22	0.00806	0.00589	0.00759	0.00884	0.00949	0.00541	0.00599	0.00936	0.01318	0.01740	0.07458	0.64923	0.12113	0.01982	0.00830	0.00259	0.00373	0.01783	0.00617	0.00541
23	0.12633	0.01494	0.02117	0.02028	0.15582	0.04517	0.12912	0.07244	0.06423	0.18893	0.04301	0.01869	0.01375	0.00736	0.00730	0.00209	0.04843	0.00632	0.00512	0.00951

[dist]
# distance from previous block
# <min> <max>
0	1

[block]
# block no. 3 follows, 33 sequences, length 22
# corresponding to MSA columns:
# 93-114
name=unknown_D
#
# <colnr> <probs for GDERKNQSTAVLIFYWHMCP>
#	G	D	E	R	K	N	Q	S	T	A	V	L	I	F	Y	W	H	M	C	P
0	0.04508	0.11342	0.14911	0.01524	0.01979	0.06892	0.01428	0.13889	0.10401	0.07591	0.01416	0.01563	0.01093	0.00815	0.00949	0.00215	0.17578	0.00544	0.00442	0.00921
1	0.00858	0.00708	0.00759	0.00762	0.00965	0.00636	0.00565	0.01152	0.06392	0.01930	0.13307	0.14316	0.52069	0.01625	0.00778	0.00226	0.00350	0.01380	0.00628	0.00594
2	0.00840	0.00596	0.00780	0.00897	0.00946	0.00562	0.00604	0.00967	0.01293	0.01737	0.09944	0.59365	0.04294	0.10208	0.01113	0.00304	0.00411	0.04011	0.00598	0.00530
3	0.05127	0.08190	0.10787	0.01645	0.02164	0.14518	0.12702	0.08339	0.08328	0.14382	0.01663	0.04906	0.01285	0.00762	0.00672	0.00202	0.02292	0.00633	0.00480	0.00921
4	0.02421	0.03007	0.01851	0.01672	0.02020	0.68083	0.01260	0.05136	0.05290	0.01759	0.01119	0.01263	0.00914	0.00693	0.00600	0.00173	0.01138	0.00446	0.00367	0.00790
5	0.01365	0.01170	0.01365	0.00975	0.01560	0.00878	0.00780	0.01658	0.01365	0.02145	0.01170	0.01365	0.00975	0.00488	0.00488	0.00098	0.00488	0.00390	0.00390	0.80888
6	0.02773	0.01248	0.01591	0.01226	0.01724	0.01172	0.01010	0.16865	0.02130	0.56042	0.05436	0.02223	0.01725	0.00833	0.00666	0.00203	0.00583	0.00671	0.00779	0.01098
7	0.00802	0.00573	0.00764	0.00917	0.00955	0.00535	0.00611	0.00917	0.01260	0.01681	0.03628	0.76434	0.04354	0.02062	0.00840	0.00267	0.00382	0.01872	0.00611	0.00535
8	0.02419	0.01744	0.01896	0.01447	0.01978	0.01877	0.01193	0.60651	0.02871	0.07501	0.01594	0.01594	0.01132	0.00763	0.00643	0.00189	0.00694	0.00577	0.00641	0.08597
9	0.02019	0.01201	0.01474	0.01321	0.04668	0.01201	0.00987	0.22305	0.04437	0.23454	0.02501	0.24218	0.02260	0.01163	0.00708	0.00218	0.00561	0.00994	0.00667	0.03643
10	0.10781	0.07612	0.10408	0.02127	0.12713	0.14355	0.18690	0.02258	0.06403	0.04479	0.01443	0.01656	0.02858	0.00657	0.00630	0.00199	0.00883	0.00585	0.00378	0.00885
11	0.01704	0.66053	0.11083	0.01277	0.01889	0.02448	0.04180	0.01989	0.01352	0.01631	0.00962	0.01123	0.00850	0.00570	0.00459	0.00152	0.00750	0.00385	0.00283	0.00861
12	0.01243	0.01170	0.01975	0.75282	0.04534	0.01463	0.01828	0.01682	0.01316	0.01682	0.01170	0.01755	0.00878	0.00658	0.00658	0.00219	0.00878	0.00585	0.00293	0.00731
13	0.04062	0.02008	0.09849	0.01704	0.06737	0.18347	0.06129	0.08360	0.15276	0.12477	0.06940	0.01981	0.01621	0.00776	0.00652	0.00201	0.00792	0.00631	0.00520	0.00937
14	0.01355	0.04662	0.01225	0.01012	0.01278	0.01047	0.00787	0.14952	0.06413	0.05386	0.23615	0.17160	0.15826	0.01337	0.00737	0.00217	0.00451	0.01143	0.00650	0.00749
15	0.00896	0.00665	0.00834	0.00806	0.00965	0.00604	0.00599	0.01167	0.01757	0.02421	0.55999	0.10149	0.17798	0.01453	0.00781	0.00214	0.00320	0.01273	0.00697	0.00604
16	0.01150	0.00725	0.00930	0.00849	0.01054	0.00654	0.00647	0.01436	0.01822	0.10787	0.56363	0.04775	0.13626	0.01322	0.00763	0.00208	0.00343	0.01153	0.00722	0.00672
17	0.06171	0.28633	0.13987	0.01938	0.13094	0.16078	0.07530	0.02135	0.01481	0.01865	0.01064	0.01287	0.00881	0.00601	0.00554	0.00176	0.00878	0.00461	0.00311	0.00876
18	0.02019	0.01493	0.04476	0.01395	0.01850	0.01525	0.04015	0.15900	0.35361	0.17304	0.05720	0.02296	0.01879	0.00855	0.00674	0.00213	0.00600	0.00712	0.00670	0.01043
19	0.00807	0.00595	0.00756	0.00871	0.00946	0.00544	0.00594	0.00944	0.01341	0.01763	0.08922	0.60223	0.15383	0.01949	0.00826	0.00256	0.00369	0.01747	0.00619	0.00544
20	0.01617	0.01121	0.01249	0.01074	0.01370	0.03711	0.00839	0.19620	0.03717	0.10210	0.29714	0.09108	0.08163	0.01163	0.00716	0.00207	0.00488	0.00982	0.04126	0.00807
21	0.03959	0.07331	0.16236	0.02669	0.31574	0.08670	0.06567	0.04495	0.04590	0.05798	0.01324	0.01560	0.01032	0.00632	0.00629	0.00195	0.00844	0.00553	0.00369	0.00975

[dist]
# distance from previous block
# <min> <max>
1	4

[block]
# block no. 4 follows, 33 sequences, length 52
# corresponding to MSA columns:
# 119-170
name=unknown_E
#
# <colnr> <probs for GDERKNQSTAVLIFYWHMCP>
#	G	D	E	R	K	N	Q	S	T	A	V	L	I	F	Y	W	H	M	C	P
0	0.09773	0.08519	0.03768	0.03733	0.12502	0.18745	0.05784	0.11289	0.06213	0.02356	0.04004	0.01579	0.01201	0.00677	0.00595	0.00183	0.00806	0.00533	0.00418	0.07323
1	0.06339	0.01102	0.01058	0.01072	0.01243	0.11279	0.00797	0.05701	0.01585	0.02097	0.14367	0.35543	0.05410	0.01539	0.00761	0.00237	0.00537	0.08116	0.00580	0.00638
2	0.01893	0.55000	0.07829	0.01310	0.01849	0.19199	0.01249	0.02132	0.01464	0.01600	0.00957	0.01109	0.00845	0.00594	0.00476	0.00152	0.00835	0.00378	0.00295	0.00835
3	0.10114	0.01420	0.03707	0.01924	0.18100	0.01358	0.05457	0.07863	0.10397	0.16858	0.04544	0.01894	0.01445	0.00706	0.00622	0.00191	0.00639	0.00606	0.00527	0.11629
4	0.01952	0.06236	0.01805	0.01363	0.01766	0.06252	0.05434	0.22399	0.11759	0.11312	0.01823	0.02128	0.01451	0.09182	0.09080	0.00336	0.00827	0.00652	0.00544	0.03701
5	0.00898	0.00662	0.00840	0.00817	0.00968	0.00604	0.00605	0.01170	0.01754	0.02428	0.56730	0.12585	0.14568	0.01462	0.00783	0.00215	0.00321	0.01287	0.00698	0.00604
6	0.01854	0.06089	0.02075	0.01711	0.09124	0.01394	0.12229	0.15897	0.01976	0.15601	0.20442	0.02587	0.02514	0.00878	0.00729	0.00203	0.02416	0.00778	0.00586	0.00916
7	0.02459	0.03138	0.01866	0.01696	0.02035	0.74221	0.01272	0.02629	0.01866	0.01611	0.01018	0.01187	0.00848	0.00678	0.00594	0.00170	0.01187	0.00424	0.00339	0.00763
8	0.00872	0.00605	0.00758	0.00852	0.00880	0.00584	0.00547	0.00950	0.01154	0.01537	0.03024	0.45892	0.03577	0.30850	0.01810	0.00412	0.00490	0.04192	0.00529	0.00485
9	0.00821	0.00590	0.00782	0.00922	0.00977	0.00551	0.00633	0.00955	0.01305	0.01738	0.06472	0.67793	0.06317	0.02009	0.00840	0.00266	0.00390	0.05481	0.00615	0.00543
10	0.01721	0.01649	0.02318	0.06155	0.40262	0.08019	0.05427	0.09302	0.09011	0.02321	0.01560	0.06454	0.01336	0.00744	0.00668	0.00203	0.00781	0.00682	0.00415	0.00971
11	0.01046	0.00758	0.00947	0.00887	0.01073	0.00730	0.00669	0.01504	0.09121	0.04392	0.58026	0.07405	0.08248	0.01325	0.00765	0.00212	0.00343	0.01165	0.00712	0.00672
12	0.00809	0.00585	0.00765	0.00895	0.00952	0.00542	0.00605	0.00939	0.01315	0.01748	0.08212	0.67300	0.08919	0.01991	0.00832	0.00261	0.00374	0.01797	0.00618	0.00542
13	0.09757	0.01214	0.01529	0.01183	0.01685	0.01131	0.00977	0.10560	0.01952	0.59431	0.02338	0.02065	0.01493	0.00794	0.00639	0.00203	0.00574	0.00628	0.00762	0.01085
14	0.01372	0.07874	0.61775	0.01923	0.02838	0.01611	0.09460	0.02080	0.01404	0.02054	0.01180	0.01409	0.00852	0.00614	0.00629	0.00206	0.00970	0.00508	0.00284	0.00956
15	0.02459	0.03138	0.01866	0.01696	0.02035	0.74221	0.01272	0.02629	0.01866	0.01611	0.01018	0.01187	0.00848	0.00678	0.00594	0.00170	0.01187	0.00424	0.00339	0.00763
16	0.02459	0.03138	0.01866	0.01696	0.02035	0.74221	0.01272	0.02629	0.01866	0.01611	0.01018	0.01187	0.00848	0.00678	0.00594	0.00170	0.01187	0.00424	0.00339	0.00763
17	0.01257	0.01184	0.01999	0.72797	0.06913	0.01466	0.01835	0.01694	0.01323	0.01698	0.01172	0.01751	0.00883	0.00656	0.00658	0.00219	0.00874	0.00585	0.00294	0.00742
18	0.00802	0.00573	0.00764	0.00917	0.00955	0.00535	0.00611	0.00917	0.01260	0.01681	0.03628	0.76434	0.04354	0.02062	0.00840	0.00267	0.00382	0.01872	0.00611	0.00535
19	0.11245	0.16143	0.03539	0.01358	0.01833	0.12484	0.01155	0.31324	0.02144	0.05599	0.01340	0.01453	0.01030	0.00979	0.05378	0.00240	0.00830	0.00504	0.00490	0.00932
20	0.00986	0.00697	0.00862	0.00923	0.01045	0.00687	0.00672	0.05485	0.01417	0.01939	0.03523	0.42166	0.12345	0.02072	0.08466	0.00330	0.00548	0.05803	0.09441	0.00594
21	0.00845	0.00602	0.00740	0.00832	0.00879	0.00567	0.00537	0.00932	0.01197	0.01572	0.03491	0.47954	0.10910	0.23949	0.01570	0.00371	0.00452	0.01553	0.00549	0.00497
22	0.01700	0.04660	0.16293	0.01551	0.02144	0.08600	0.07914	0.12113	0.11891	0.02422	0.01436	0.01573	0.01101	0.00661	0.00641	0.00177	0.02529	0.00533	0.00431	0.21630
23	0.08643	0.14726	0.02481	0.04190	0.30872	0.03356	0.08667	0.03822	0.01489	0.02133	0.05781	0.06457	0.01500	0.00745	0.00655	0.00197	0.02363	0.00661	0.00377	0.00885
24	0.00832	0.00669	0.00742	0.00724	0.00923	0.00579	0.00543	0.01050	0.01629	0.02083	0.29894	0.05835	0.49076	0.01554	0.00777	0.00217	0.00325	0.01319	0.00651	0.00579
25	0.07386	0.01636	0.01503	0.01264	0.01647	0.15418	0.01002	0.20892	0.08062	0.14413	0.06389	0.02011	0.01620	0.00920	0.02687	0.00215	0.00705	0.00614	0.10710	0.00906
26	0.04379	0.01775	0.06448	0.01640	0.04782	0.06082	0.07848	0.28348	0.13710	0.12244	0.01984	0.01972	0.04142	0.00793	0.00664	0.00205	0.00731	0.00652	0.00584	0.01017
27	0.01661	0.23253	0.07458	0.02176	0.02821	0.01948	0.42509	0.06536	0.01584	0.02082	0.01222	0.01538	0.00954	0.00577	0.00660	0.00197	0.00962	0.00629	0.00337	0.00895
28	0.00939	0.00640	0.00766	0.00782	0.00801	0.00651	0.00475	0.00981	0.01002	0.01351	0.02198	0.11638	0.02504	0.59932	0.12062	0.00653	0.00754	0.01021	0.00415	0.00437
29	0.14130	0.01635	0.01723	0.01399	0.01840	0.12569	0.08189	0.14327	0.10370	0.16197	0.02229	0.02194	0.08679	0.00831	0.00638	0.00204	0.00706	0.00665	0.00564	0.00911
30	0.01441	0.01327	0.02066	0.02913	0.46707	0.01334	0.01546	0.01969	0.09867	0.02238	0.10889	0.02706	0.10464	0.00848	0.00685	0.00203	0.00638	0.00778	0.00451	0.00931
31	0.00819	0.00585	0.00783	0.00936	0.00982	0.00549	0.00640	0.00946	0.01277	0.01699	0.03619	0.71931	0.04317	0.02047	0.00845	0.00270	0.00397	0.06208	0.00611	0.00539
32	0.01926	0.07068	0.01693	0.01396	0.01742	0.28080	0.01088	0.02729	0.27007	0.06412	0.04539	0.01993	0.01607	0.01228	0.08330	0.00284	0.00901	0.00609	0.00500	0.00868
33	0.01760	0.77260	0.03450	0.01126	0.01690	0.02605	0.01126	0.01971	0.01338	0.01549	0.00915	0.01056	0.00845	0.00563	0.00422	0.00141	0.00704	0.00352	0.00282	0.00845
34	0.02627	0.06180	0.01933	0.01374	0.01869	0.01219	0.08273	0.02902	0.01755	0.56237	0.02237	0.02060	0.01460	0.00794	0.00760	0.00207	0.05721	0.00648	0.00694	0.01051
35	0.01121	0.00969	0.01459	0.01309	0.01413	0.01185	0.05309	0.01320	0.01062	0.01548	0.01525	0.02437	0.01483	0.12884	0.40352	0.00736	0.22221	0.00706	0.00339	0.00619
36	0.02216	0.02741	0.02275	0.02074	0.08187	0.54414	0.12909	0.02468	0.01764	0.01739	0.01085	0.01328	0.00890	0.00660	0.00663	0.00183	0.02761	0.00500	0.00336	0.00807
37	0.81514	0.01273	0.00968	0.00866	0.01273	0.01477	0.00713	0.01935	0.01120	0.02954	0.00917	0.01069	0.00713	0.00611	0.00407	0.00204	0.00509	0.00356	0.00407	0.00713
38	0.00802	0.00614	0.00736	0.00820	0.00933	0.00548	0.00571	0.00949	0.01389	0.01781	0.09403	0.46007	0.29340	0.01870	0.00813	0.00247	0.00359	0.01649	0.00619	0.00548
39	0.00899	0.00664	0.00842	0.00829	0.00981	0.00607	0.00619	0.01166	0.01728	0.02376	0.52028	0.13158	0.15979	0.01493	0.00789	0.00220	0.00334	0.03996	0.00690	0.00601
40	0.01776	0.01865	0.02903	0.05303	0.21745	0.11349	0.28707	0.09270	0.01699	0.02219	0.01255	0.01615	0.00990	0.00646	0.00790	0.00209	0.05736	0.00640	0.00362	0.00921
41	0.38751	0.01144	0.01203	0.00995	0.01421	0.01165	0.00815	0.02419	0.01532	0.33623	0.09133	0.01984	0.01689	0.00777	0.00557	0.00204	0.00511	0.00577	0.00619	0.00881
42	0.01748	0.01603	0.01517	0.01353	0.01709	0.10773	0.01044	0.07950	0.52371	0.02647	0.05172	0.02404	0.01983	0.03805	0.00767	0.00230	0.00616	0.00719	0.00619	0.00971
43	0.00898	0.00662	0.00840	0.00816	0.00968	0.00604	0.00604	0.01169	0.01753	0.02427	0.56623	0.12587	0.14676	0.01463	0.00783	0.00215	0.00321	0.01288	0.00698	0.00604
44	0.01427	0.01231	0.01287	0.01175	0.01510	0.01372	0.00909	0.02871	0.54370	0.02514	0.03659	0.03408	0.19309	0.01083	0.00696	0.00223	0.00475	0.00903	0.00655	0.00923
45	0.01888	0.01539	0.01630	0.01390	0.01807	0.01754	0.01103	0.22900	0.51759	0.03157	0.02362	0.02203	0.01752	0.00863	0.00667	0.00216	0.00580	0.00700	0.00667	0.01064
46	0.02436	0.01198	0.01528	0.05911	0.01834	0.01163	0.01022	0.11255	0.09265	0.45536	0.05166	0.02514	0.06347	0.00885	0.00674	0.00207	0.00573	0.00724	0.00730	0.01032
47	0.01485	0.02087	0.20244	0.02693	0.14808	0.01573	0.39824	0.02053	0.01518	0.02131	0.04138	0.01785	0.01176	0.00609	0.00720	0.00214	0.00990	0.00692	0.00334	0.00924
48	0.01404	0.01249	0.01659	0.01407	0.09080	0.00998	0.05280	0.01724	0.01391	0.02143	0.01187	0.01418	0.00984	0.00502	0.00523	0.00116	0.00557	0.00435	0.00380	0.67562
49	0.00829	0.00587	0.00771	0.00908	0.00947	0.00555	0.00607	0.00939	0.01239	0.01650	0.03460	0.66111	0.04126	0.09881	0.01106	0.00308	0.00418	0.04448	0.00589	0.00523
50	0.01682	0.63159	0.09049	0.01173	0.01772	0.02335	0.01199	0.01948	0.01345	0.01656	0.00964	0.01116	0.00858	0.00560	0.00446	0.00142	0.00704	0.00367	0.00293	0.09232
51	0.06596	0.11340	0.01984	0.01355	0.01860	0.08263	0.01128	0.40093	0.02386	0.05931	0.03217	0.01538	0.01172	0.00723	0.00593	0.00178	0.00708	0.00530	0.00547	0.09857

[dist]
# distance from previous block
# <min> <max>
0	5

[block]
# block no. 5 follows, 33 sequences, length 15
# corresponding to MSA columns:
# 176-190
name=unknown_F
#
# <colnr> <probs for GDERKNQSTAVLIFYWHMCP>
#	G	D	E	R	K	N	Q	S	T	A	V	L	I	F	Y	W	H	M	C	P
0	0.01610	0.01544	0.02637	0.07676	0.69276	0.01559	0.02011	0.02003	0.01490	0.02127	0.01235	0.01636	0.01034	0.00590	0.00652	0.00197	0.00787	0.00586	0.00324	0.01027
1	0.01572	0.01256	0.01297	0.01140	0.01432	0.05972	0.00880	0.27615	0.02124	0.02765	0.12593	0.20937	0.15070	0.01320	0.00735	0.00218	0.00547	0.01112	0.00627	0.00788
2	0.10853	0.00727	0.00799	0.00819	0.00893	0.00749	0.00545	0.01130	0.01078	0.01609	0.02248	0.10056	0.02533	0.51327	0.02457	0.00510	0.00598	0.10148	0.00445	0.00477
3	0.01623	0.10838	0.02727	0.07877	0.60013	0.01686	0.01899	0.01994	0.01468	0.02049	0.01195	0.01566	0.01009	0.00588	0.00624	0.00190	0.00778	0.00558	0.00318	0.01000
4	0.01267	0.01195	0.02018	0.70821	0.08806	0.01469	0.01840	0.01703	0.01328	0.01711	0.01174	0.01747	0.00888	0.00654	0.00658	0.00218	0.00872	0.00585	0.00295	0.00751
5	0.00829	0.00628	0.00765	0.00817	0.00942	0.00564	0.00580	0.01011	0.01492	0.01962	0.22569	0.36340	0.25606	0.01754	0.00805	0.00238	0.00348	0.01546	0.00641	0.00564
6	0.01482	0.02945	0.54927	0.01812	0.02597	0.01658	0.02152	0.10427	0.01547	0.02270	0.01187	0.01420	0.00873	0.00718	0.00839	0.00218	0.11133	0.00512	0.00326	0.00956
7	0.01715	0.01731	0.02365	0.08707	0.49289	0.11479	0.01784	0.02260	0.10141	0.02116	0.01380	0.01680	0.01123	0.00642	0.00647	0.00197	0.00812	0.00584	0.00367	0.00981
8	0.13633	0.01205	0.01491	0.01160	0.01657	0.01132	0.00958	0.08993	0.01887	0.57517	0.02278	0.02023	0.01459	0.00785	0.00627	0.00203	0.00568	0.00614	0.00745	0.01065
9	0.00802	0.00618	0.00733	0.00809	0.00930	0.00550	0.00567	0.00952	0.01402	0.01791	0.09972	0.42810	0.32005	0.01850	0.00810	0.00245	0.00357	0.01626	0.00620	0.00550
10	0.06929	0.01230	0.01628	0.01582	0.10370	0.01224	0.03133	0.11716	0.07841	0.28434	0.02356	0.12458	0.01954	0.01003	0.00689	0.00219	0.00598	0.05037	0.00641	0.00960
11	0.10537	0.01820	0.02781	0.02078	0.02634	0.12386	0.37489	0.05923	0.01689	0.14000	0.01463	0.01679	0.01056	0.00635	0.00685	0.00208	0.00946	0.00651	0.00439	0.00901
12	0.02503	0.01844	0.01976	0.01515	0.02042	0.02042	0.01251	0.70562	0.03095	0.04149	0.01581	0.01581	0.01120	0.00790	0.00659	0.00198	0.00724	0.00593	0.00659	0.01120
13	0.01880	0.01775	0.07171	0.02301	0.26426	0.08284	0.01487	0.19951	0.05478	0.06480	0.02116	0.02211	0.09885	0.00812	0.00663	0.00200	0.00738	0.00676	0.00489	0.00976
14	0.01064	0.00759	0.00921	0.00960	0.01058	0.00760	0.00658	0.10427	0.01453	0.01941	0.03054	0.52508	0.03540	0.16110	0.01293	0.00328	0.00477	0.01523	0.00577	0.00589

[dist]
# distance from previous block
# <min> <max>
0	1

[block]
# block no. 6 follows, 33 sequences, length 49
# corresponding to MSA columns:
# 192,193,198-244
name=unknown_G
#
# <colnr> <probs for GDERKNQSTAVLIFYWHMCP>
#	G	D	E	R	K	N	Q	S	T	A	V	L	I	F	Y	W	H	M	C	P
0	0.00895	0.00660	0.00836	0.00817	0.00967	0.00601	0.00603	0.01161	0.01738	0.02402	0.54832	0.14079	0.15004	0.01479	0.00785	0.00217	0.00323	0.01303	0.00695	0.00601
1	0.64837	0.01380	0.01213	0.01122	0.04790	0.01573	0.00863	0.13132	0.01460	0.03111	0.01040	0.01179	0.00795	0.00639	0.00460	0.00202	0.00557	0.00406	0.00444	0.00795
2	0.01831	0.01805	0.06229	0.02591	0.19348	0.04366	0.28709	0.14807	0.01837	0.06037	0.01392	0.01668	0.01049	0.00624	0.00691	0.00202	0.00900	0.00646	0.00416	0.04853
3	0.53439	0.11094	0.06202	0.01120	0.01599	0.05196	0.03269	0.07529	0.01375	0.02724	0.01006	0.01159	0.00786	0.00622	0.00465	0.00195	0.00634	0.00401	0.00398	0.00787
4	0.01656	0.01677	0.02843	0.03708	0.57350	0.05100	0.13798	0.02065	0.01526	0.02117	0.01244	0.01633	0.01026	0.00586	0.00671	0.00199	0.00858	0.00612	0.00328	0.01002
5	0.01971	0.01520	0.01669	0.01451	0.03958	0.01696	0.01122	0.26864	0.38723	0.06632	0.05555	0.02230	0.01849	0.00865	0.00670	0.00212	0.00592	0.00703	0.00665	0.01053
6	0.00799	0.00585	0.00752	0.00885	0.00947	0.00537	0.00597	0.00920	0.01291	0.01693	0.04010	0.67643	0.12899	0.02013	0.00832	0.00262	0.00376	0.01811	0.00611	0.00537
7	0.01591	0.01536	0.02654	0.10489	0.63924	0.01559	0.04579	0.01993	0.01484	0.02106	0.01236	0.01646	0.01026	0.00592	0.00657	0.00199	0.00803	0.00594	0.00323	0.01009
8	0.00822	0.00581	0.00758	0.00892	0.00925	0.00548	0.00584	0.00922	0.01222	0.01630	0.03434	0.67389	0.04108	0.11443	0.01155	0.00314	0.00414	0.01757	0.00584	0.00518
9	0.01528	0.05142	0.36765	0.05295	0.04489	0.14050	0.03735	0.02197	0.08692	0.02033	0.03869	0.01929	0.05948	0.00751	0.00639	0.00202	0.00885	0.00596	0.00369	0.00889
10	0.02269	0.02833	0.01764	0.01616	0.01927	0.65016	0.01216	0.02447	0.01764	0.01601	0.01111	0.01363	0.00948	0.01213	0.09831	0.00281	0.01259	0.00459	0.00341	0.00741
11	0.01267	0.03463	0.03554	0.01402	0.10240	0.03480	0.00968	0.06741	0.08864	0.02429	0.30544	0.12471	0.09524	0.01209	0.00727	0.00212	0.00494	0.01051	0.00601	0.00760
12	0.00914	0.00672	0.00855	0.00809	0.00972	0.00613	0.00607	0.01207	0.01821	0.02538	0.64648	0.05085	0.14037	0.01384	0.00777	0.00209	0.00313	0.01214	0.00711	0.00613
13	0.01778	0.12100	0.02539	0.12715	0.35994	0.17949	0.03790	0.02107	0.01536	0.01884	0.01139	0.01474	0.00949	0.00613	0.00612	0.00186	0.00885	0.00524	0.00319	0.00907
14	0.01365	0.01170	0.01365	0.00975	0.01560	0.00878	0.00780	0.01658	0.01365	0.02145	0.01170	0.01365	0.00975	0.00488	0.00488	0.00098	0.00488	0.00390	0.00390	0.80888
15	0.05003	0.25252	0.44849	0.01666	0.02472	0.01857	0.06372	0.02046	0.01373	0.01965	0.01100	0.01301	0.00843	0.00602	0.00565	0.00189	0.00881	0.00459	0.00288	0.00918
16	0.00781	0.00655	0.00679	0.00698	0.00897	0.00553	0.00514	0.00941	0.01470	0.01766	0.06288	0.15127	0.63945	0.01717	0.00786	0.00228	0.00340	0.01450	0.00611	0.00553
17	0.01446	0.01506	0.02989	0.02825	0.23362	0.01440	0.38242	0.01877	0.01487	0.02047	0.01701	0.14638	0.01592	0.00825	0.00751	0.00222	0.00888	0.00910	0.00379	0.00872
18	0.81514	0.01273	0.00968	0.00866	0.01273	0.01477	0.00713	0.01935	0.01120	0.02954	0.00917	0.01069	0.00713	0.00611	0.00407	0.00204	0.00509	0.00356	0.00407	0.00713
19	0.81514	0.01273	0.00968	0.00866	0.01273	0.01477	0.00713	0.01935	0.01120	0.02954	0.00917	0.01069	0.00713	0.00611	0.00407	0.00204	0.00509	0.00356	0.00407	0.00713
20	0.00799	0.00585	0.00752	0.00885	0.00947	0.00537	0.00597	0.00920	0.01291	0.01693	0.04010	0.67643	0.12899	0.02013	0.00832	0.00262	0.00376	0.01811	0.00611	0.00537
21	0.00834	0.00669	0.00744	0.00725	0.00923	0.00580	0.00544	0.01053	0.01632	0.02091	0.30533	0.05821	0.48431	0.01551	0.00777	0.00217	0.00325	0.01317	0.00652	0.00580
22	0.00894	0.00648	0.00843	0.00845	0.00973	0.00597	0.00614	0.01150	0.01699	0.02368	0.52740	0.22927	0.08163	0.01538	0.00793	0.00223	0.00329	0.01369	0.00692	0.00597
23	0.01320	0.03405	0.73453	0.01876	0.02849	0.01529	0.02432	0.02085	0.01390	0.02085	0.01181	0.01390	0.00834	0.00625	0.00625	0.00208	0.00973	0.00486	0.00278	0.00973
24	0.00818	0.00646	0.00737	0.00762	0.00926	0.00565	0.00553	0.01003	0.01522	0.01944	0.20347	0.22865	0.41596	0.01692	0.00793	0.00230	0.00340	0.01462	0.00636	0.00565
25	0.30968	0.18583	0.01797	0.01077	0.01563	0.01605	0.00933	0.07525	0.01575	0.26366	0.01532	0.01499	0.01082	0.00682	0.00515	0.00189	0.00587	0.00476	0.00535	0.00911
26	0.03838	0.68922	0.06790	0.01216	0.01799	0.02489	0.03704	0.01981	0.01342	0.01632	0.00943	0.01099	0.00846	0.00567	0.00445	0.00149	0.00727	0.00374	0.00287	0.00849
27	0.01508	0.01450	0.02498	0.25865	0.49506	0.01536	0.04240	0.01919	0.01445	0.02005	0.01220	0.01673	0.00991	0.00607	0.00658	0.00204	0.00822	0.00592	0.00316	0.00942
28	0.01637	0.01414	0.01489	0.01340	0.01712	0.01637	0.01042	0.03498	0.71568	0.02754	0.02679	0.02456	0.02010	0.00893	0.00670	0.00223	0.00521	0.00744	0.00670	0.01042
29	0.00961	0.00684	0.00860	0.00809	0.00986	0.00619	0.00609	0.01244	0.01799	0.04465	0.58580	0.05099	0.18051	0.01389	0.00774	0.00210	0.00322	0.01212	0.00707	0.00623
30	0.01760	0.77260	0.03450	0.01126	0.01690	0.02605	0.01126	0.01971	0.01338	0.01549	0.00915	0.01056	0.00845	0.00563	0.00422	0.00141	0.00704	0.00352	0.00282	0.00845
31	0.00810	0.00578	0.00773	0.00926	0.00967	0.00541	0.00625	0.00930	0.01268	0.01689	0.03624	0.74349	0.04337	0.02055	0.00842	0.00268	0.00389	0.03879	0.00611	0.00537
32	0.02503	0.01844	0.01976	0.01515	0.02042	0.02042	0.01251	0.70562	0.03095	0.04149	0.01581	0.01581	0.01120	0.00790	0.00659	0.00198	0.00724	0.00593	0.00659	0.01120
33	0.00831	0.00662	0.00745	0.00740	0.00926	0.00576	0.00549	0.01041	0.01602	0.02057	0.28232	0.11242	0.45290	0.01591	0.00782	0.00221	0.00330	0.01360	0.00649	0.00576
34	0.02610	0.01350	0.01762	0.01605	0.10665	0.01308	0.01160	0.20355	0.02137	0.44486	0.02280	0.02109	0.03423	0.00804	0.00663	0.00202	0.00624	0.00655	0.00707	0.01095
35	0.02295	0.01656	0.01768	0.01423	0.01895	0.03686	0.01152	0.39816	0.23783	0.12384	0.02029	0.01921	0.01448	0.00822	0.00661	0.00205	0.00654	0.00643	0.00673	0.01087
36	0.01576	0.01510	0.02576	0.13848	0.63365	0.01550	0.01994	0.01974	0.01474	0.02086	0.01229	0.01647	0.01020	0.00596	0.00653	0.00199	0.00795	0.00586	0.00321	0.01000
37	0.00808	0.00662	0.00713	0.00714	0.00911	0.00567	0.00530	0.00998	0.01552	0.01933	0.18730	0.10790	0.55537	0.01634	0.00782	0.00222	0.00332	0.01385	0.00632	0.00567
38	0.01794	0.02068	0.03360	0.02483	0.03072	0.17093	0.52233	0.05646	0.01697	0.02105	0.01278	0.01641	0.00973	0.00593	0.00732	0.00210	0.01107	0.00693	0.00351	0.00873
39	0.01686	0.11160	0.02646	0.09142	0.52398	0.07872	0.01829	0.02039	0.01495	0.01992	0.01174	0.01530	0.00988	0.00597	0.00619	0.00188	0.00814	0.00543	0.00319	0.00969
40	0.00802	0.00573	0.00764	0.00917	0.00955	0.00535	0.00611	0.00917	0.01260	0.01681	0.03628	0.76434	0.04354	0.02062	0.00840	0.00267	0.00382	0.01872	0.00611	0.00535
41	0.02459	0.03138	0.01866	0.01696	0.02035	0.74221	0.01272	0.02629	0.01866	0.01611	0.01018	0.01187	0.00848	0.00678	0.00594	0.00170	0.01187	0.00424	0.00339	0.00763
42	0.01713	0.01819	0.02903	0.03400	0.44928	0.10703	0.20621	0.02121	0.01560	0.02072	0.01236	0.01614	0.01006	0.00589	0.00679	0.00200	0.00923	0.00618	0.00329	0.00965
43	0.01329	0.00852	0.01043	0.00955	0.01183	0.00814	0.00724	0.10065	0.01835	0.11243	0.30417	0.20533	0.13560	0.01416	0.00762	0.00221	0.00413	0.01231	0.00687	0.00717
44	0.00802	0.00573	0.00764	0.00917	0.00955	0.00535	0.00611	0.00917	0.01260	0.01681	0.03628	0.76434	0.04354	0.02062	0.00840	0.00267	0.00382	0.01872	0.00611	0.00535
45	0.01605	0.08933	0.22696	0.10331	0.26532	0.10194	0.06506	0.02076	0.01481	0.01963	0.01167	0.01482	0.00923	0.00612	0.00626	0.00196	0.00909	0.00531	0.00307	0.00929
46	0.01586	0.13391	0.54697	0.01684	0.02541	0.01608	0.02067	0.02210	0.01445	0.10930	0.01322	0.01450	0.00935	0.00641	0.00602	0.00198	0.00884	0.00490	0.00346	0.00974
47	0.02122	0.21847	0.02165	0.01302	0.01784	0.01892	0.01114	0.26432	0.14216	0.13088	0.01752	0.01750	0.01307	0.01006	0.05125	0.00241	0.00724	0.00571	0.00563	0.01000
48	0.00859	0.00663	0.00729	0.00742	0.00933	0.00570	0.00545	0.01032	0.01501	0.03909	0.11964	0.18906	0.51959	0.01686	0.00786	0.00229	0.00347	0.01438	0.00627	0.00574

[dist]
# distance from previous block
# <min> <max>
0	0

# created by:
# /home/berkeley/.conda/envs/busco_data_prod/bin/msa2prfl.pl pipeline/OGs_align_augustus/4893/23136.fs
