[name]
unknown

[dist]
# distance from previous block
# <min> <max>
0	5

[block]
# block no. 0 follows, 34 sequences, length 55
# corresponding to MSA columns:
# 5-59
name=unknown_A
#
# <colnr> <probs for GDERKNQSTAVLIFYWHMCP>
#	G	D	E	R	K	N	Q	S	T	A	V	L	I	F	Y	W	H	M	C	P
0	0.06043	0.04815	0.01807	0.01482	0.01855	0.21727	0.06266	0.15738	0.10669	0.02381	0.01745	0.05075	0.01550	0.00903	0.00692	0.00205	0.02940	0.09718	0.00481	0.03908
1	0.01070	0.00561	0.00827	0.00851	0.00857	0.00556	0.00567	0.00851	0.00903	0.01204	0.01501	0.13598	0.01612	0.02210	0.02261	0.68630	0.00532	0.00759	0.00330	0.00319
2	0.01835	0.05988	0.01832	0.03656	0.12148	0.04444	0.02910	0.25906	0.04562	0.07964	0.12598	0.02548	0.09015	0.00891	0.00661	0.00195	0.00633	0.00739	0.00563	0.00911
3	0.01363	0.01033	0.01270	0.06519	0.01633	0.00846	0.00816	0.01627	0.01386	0.08773	0.02059	0.10138	0.08252	0.00800	0.00572	0.00144	0.00488	0.00674	0.00460	0.51146
4	0.01847	0.53903	0.06830	0.01308	0.01855	0.10564	0.05129	0.02140	0.03142	0.06448	0.01099	0.01220	0.00917	0.00593	0.00486	0.00156	0.00768	0.00414	0.00330	0.00852
5	0.06453	0.10186	0.34754	0.01551	0.02206	0.10539	0.03213	0.04328	0.01470	0.06797	0.01300	0.04676	0.01040	0.00703	0.00641	0.00192	0.03636	0.00528	0.00358	0.05431
6	0.12106	0.05592	0.12914	0.01379	0.01872	0.07594	0.03802	0.10006	0.19772	0.10809	0.03715	0.04592	0.01499	0.00789	0.00610	0.00202	0.00679	0.00626	0.00521	0.00920
7	0.10294	0.01565	0.01742	0.08460	0.02081	0.01739	0.01179	0.45788	0.05884	0.09053	0.01586	0.01653	0.01140	0.00926	0.03791	0.00234	0.00725	0.00575	0.00587	0.00996
8	0.00822	0.00593	0.00779	0.00867	0.00943	0.00550	0.00599	0.00991	0.01413	0.01919	0.23306	0.54004	0.07188	0.01812	0.00805	0.00244	0.00353	0.01631	0.00631	0.00550
9	0.01024	0.00806	0.00958	0.00988	0.01106	0.03239	0.00718	0.04822	0.04212	0.02062	0.21051	0.43818	0.04232	0.01649	0.00832	0.00241	0.03057	0.03959	0.00613	0.00612
10	0.01535	0.01994	0.12726	0.02420	0.03015	0.06027	0.49318	0.02035	0.01457	0.01975	0.01214	0.01619	0.00934	0.00632	0.00896	0.00221	0.10131	0.00680	0.00315	0.00855
11	0.00787	0.00578	0.00739	0.00862	0.00929	0.00530	0.00584	0.00912	0.01286	0.01687	0.05738	0.64907	0.14191	0.01951	0.00814	0.00255	0.00366	0.01752	0.00603	0.00530
12	0.08689	0.01044	0.01219	0.01009	0.01365	0.01034	0.00810	0.11444	0.05290	0.28143	0.14920	0.02543	0.02300	0.00869	0.00610	0.00191	0.00472	0.00704	0.16468	0.00876
13	0.04710	0.01254	0.01395	0.01220	0.01562	0.01360	0.00970	0.21964	0.22940	0.08173	0.07702	0.12016	0.04016	0.01101	0.00695	0.00221	0.00541	0.06615	0.00646	0.00899
14	0.00869	0.00640	0.00821	0.00870	0.00977	0.00607	0.00618	0.01127	0.04184	0.02055	0.30388	0.40158	0.09150	0.01749	0.02453	0.00253	0.00381	0.01482	0.00639	0.00579
15	0.00790	0.00576	0.00745	0.00871	0.00932	0.00530	0.00589	0.00915	0.01285	0.01697	0.06676	0.66666	0.11438	0.01956	0.00816	0.00255	0.00367	0.01761	0.00604	0.00530
16	0.06055	0.01237	0.02089	0.10882	0.22488	0.01232	0.14683	0.01799	0.01514	0.07464	0.12952	0.05561	0.07527	0.00853	0.00687	0.00207	0.00687	0.00808	0.00452	0.00824
17	0.05090	0.13403	0.04322	0.05262	0.02145	0.23177	0.07941	0.14955	0.01746	0.02147	0.01100	0.01342	0.00894	0.00728	0.00831	0.00196	0.13016	0.00501	0.00373	0.00833
18	0.02269	0.01472	0.01613	0.01265	0.01707	0.01580	0.01036	0.47909	0.02540	0.13372	0.01800	0.01811	0.01279	0.00774	0.00608	0.00186	0.00607	0.00595	0.16576	0.01000
19	0.00982	0.00707	0.00968	0.01091	0.01227	0.00692	0.00915	0.01250	0.01486	0.01953	0.10584	0.16765	0.06613	0.01766	0.00865	0.00280	0.00525	0.50138	0.00608	0.00585
20	0.02503	0.01735	0.01893	0.01451	0.01967	0.01893	0.01199	0.63966	0.02913	0.11390	0.01656	0.01619	0.01151	0.00778	0.00647	0.00195	0.00694	0.00589	0.00662	0.01099
21	0.01588	0.01230	0.01539	0.01133	0.01678	0.01035	0.05113	0.08000	0.04260	0.09128	0.01585	0.01688	0.03749	0.00598	0.00545	0.00131	0.00539	0.00499	0.00461	0.55503
22	0.01847	0.21179	0.03833	0.01355	0.01721	0.26353	0.01137	0.10641	0.01722	0.01964	0.04363	0.07798	0.03215	0.00909	0.00670	0.00189	0.04119	0.05792	0.00416	0.00777
23	0.03638	0.01504	0.02490	0.01863	0.02334	0.01545	0.27389	0.11207	0.01646	0.14227	0.01432	0.01671	0.01065	0.00724	0.00949	0.00210	0.15259	0.00631	0.00447	0.09767
24	0.12093	0.19482	0.22800	0.03095	0.02032	0.07654	0.01441	0.07209	0.03048	0.06411	0.01303	0.01439	0.02529	0.00677	0.00619	0.00187	0.04461	0.00474	0.00373	0.02672
25	0.01404	0.11289	0.30924	0.01897	0.07317	0.01515	0.16570	0.01962	0.03742	0.04034	0.03586	0.03704	0.07723	0.00745	0.00648	0.00201	0.00827	0.00671	0.00364	0.00877
26	0.01263	0.01172	0.01938	0.73148	0.04365	0.01455	0.01775	0.04075	0.01353	0.01735	0.01162	0.01717	0.00870	0.00651	0.00646	0.00215	0.00856	0.00574	0.00300	0.00731
27	0.01837	0.01760	0.03691	0.03264	0.03774	0.14386	0.14881	0.14223	0.16328	0.05116	0.01848	0.02321	0.01495	0.00818	0.00674	0.00208	0.00797	0.07246	0.04444	0.00891
28	0.03350	0.08580	0.06129	0.01901	0.02355	0.13797	0.26678	0.02166	0.08188	0.03597	0.03380	0.01791	0.03210	0.00740	0.00861	0.00209	0.11222	0.00641	0.00377	0.00829
29	0.02883	0.01126	0.01516	0.01162	0.01663	0.00989	0.00960	0.05676	0.01894	0.71120	0.02512	0.02175	0.01581	0.00799	0.00650	0.00200	0.00556	0.00647	0.00794	0.01100
30	0.01112	0.00799	0.01069	0.01173	0.01334	0.00808	0.00995	0.06484	0.01569	0.02055	0.03301	0.16324	0.03599	0.01742	0.00865	0.00285	0.00574	0.54692	0.00599	0.00623
31	0.04362	0.37264	0.36999	0.01530	0.04233	0.01983	0.01729	0.01988	0.01334	0.01837	0.01032	0.01210	0.00825	0.00584	0.00516	0.00174	0.00813	0.00415	0.00280	0.00890
32	0.02392	0.01267	0.01531	0.01233	0.01669	0.01265	0.00995	0.21807	0.09756	0.38335	0.02397	0.10635	0.01809	0.00942	0.00670	0.00208	0.00570	0.00776	0.00719	0.01025
33	0.00810	0.00579	0.00776	0.00926	0.00974	0.00545	0.00640	0.00940	0.01260	0.01675	0.03548	0.70523	0.04223	0.02002	0.00831	0.00266	0.00395	0.07956	0.00599	0.00531
34	0.01498	0.11429	0.37339	0.02472	0.25864	0.04602	0.03909	0.02035	0.01417	0.01988	0.01145	0.01405	0.00892	0.00594	0.00602	0.00191	0.00874	0.00500	0.00293	0.00952
35	0.02057	0.01633	0.01741	0.01423	0.01853	0.08284	0.04506	0.27927	0.24919	0.09831	0.06127	0.02133	0.02915	0.00835	0.00659	0.00202	0.00661	0.00677	0.00623	0.00994
36	0.00920	0.00625	0.00742	0.00760	0.00775	0.00632	0.00456	0.00955	0.00985	0.01324	0.02189	0.12746	0.02509	0.61380	0.09818	0.00622	0.00702	0.01023	0.00412	0.00425
37	0.01525	0.01905	0.15813	0.02996	0.35029	0.01562	0.20279	0.02156	0.08211	0.02145	0.01365	0.01672	0.01065	0.00603	0.00669	0.00204	0.00863	0.00622	0.00345	0.00971
38	0.03567	0.00912	0.01088	0.01069	0.01258	0.00949	0.00803	0.11743	0.08106	0.05961	0.03095	0.42388	0.06233	0.01569	0.00799	0.00244	0.02511	0.06393	0.00608	0.00702
39	0.01495	0.01954	0.13066	0.02607	0.03300	0.01616	0.61874	0.02067	0.01504	0.02067	0.01288	0.01693	0.00959	0.00554	0.00743	0.00216	0.01072	0.00725	0.00320	0.00882
40	0.01405	0.01210	0.01457	0.05560	0.01734	0.01132	0.00934	0.05247	0.09554	0.02216	0.04831	0.01675	0.01317	0.00653	0.00688	0.00145	0.07731	0.00500	0.00428	0.51582
41	0.03343	0.14675	0.54122	0.01792	0.02641	0.01677	0.09076	0.02028	0.01366	0.01988	0.01128	0.01344	0.00834	0.00597	0.00593	0.00196	0.00916	0.00483	0.00282	0.00921
42	0.01116	0.00675	0.00785	0.00752	0.00815	0.00656	0.00460	0.01155	0.01061	0.08208	0.02348	0.04116	0.06486	0.63868	0.04458	0.00570	0.00626	0.00932	0.00442	0.00472
43	0.01056	0.00638	0.00815	0.00859	0.00946	0.00594	0.00578	0.01134	0.01224	0.08819	0.03183	0.42525	0.08688	0.18614	0.01467	0.05921	0.00458	0.01393	0.00552	0.00538
44	0.02388	0.06116	0.01902	0.01631	0.01984	0.67342	0.01241	0.06651	0.01882	0.01728	0.01028	0.01183	0.00848	0.00668	0.00579	0.00167	0.01118	0.00423	0.00349	0.00773
45	0.01046	0.00846	0.01107	0.01084	0.01223	0.04472	0.00843	0.03508	0.01143	0.01588	0.01689	0.02439	0.01560	0.04508	0.68675	0.00968	0.01670	0.00675	0.00355	0.00602
46	0.00795	0.00566	0.00747	0.00889	0.00925	0.00530	0.00589	0.00902	0.01221	0.01629	0.03481	0.73043	0.04172	0.05990	0.00955	0.00282	0.00388	0.01790	0.00589	0.00518
47	0.01204	0.00602	0.00602	0.00602	0.00753	0.00602	0.00452	0.01506	0.01355	0.02409	0.02108	0.02409	0.01656	0.00753	0.00452	0.00151	0.00301	0.00602	0.80879	0.00602
48	0.00926	0.00679	0.00970	0.00970	0.01062	0.00771	0.00723	0.01110	0.01018	0.01449	0.01793	0.02884	0.01765	0.19652	0.60131	0.00954	0.01505	0.00743	0.00355	0.00539
49	0.00811	0.00645	0.00734	0.00776	0.00943	0.00567	0.00581	0.00991	0.01458	0.01825	0.11935	0.21175	0.44998	0.01704	0.00790	0.00234	0.00362	0.08309	0.00610	0.00552
50	0.00787	0.00562	0.00750	0.00900	0.00937	0.00525	0.00600	0.00900	0.01237	0.01649	0.03561	0.76871	0.04274	0.02024	0.00825	0.00262	0.00375	0.01837	0.00600	0.00525
51	0.00965	0.00796	0.00866	0.00842	0.01060	0.00771	0.00632	0.01487	0.15881	0.02084	0.17510	0.12335	0.39441	0.01464	0.00748	0.00220	0.00365	0.01247	0.00632	0.00652
52	0.01433	0.05827	0.54052	0.01898	0.06793	0.01631	0.02125	0.07351	0.01461	0.02137	0.01152	0.01385	0.00856	0.00674	0.00762	0.00208	0.08514	0.00495	0.00306	0.00940
53	0.57021	0.01161	0.01037	0.00916	0.01298	0.01272	0.00737	0.02009	0.03861	0.12057	0.01460	0.08930	0.01237	0.00776	0.00488	0.00203	0.00493	0.00555	0.00482	0.04006
54	0.01500	0.18715	0.37979	0.01587	0.02263	0.01710	0.04021	0.07542	0.01484	0.03692	0.01367	0.04867	0.01159	0.00765	0.00692	0.00202	0.05325	0.03892	0.00348	0.00889

[dist]
# distance from previous block
# <min> <max>
0	12

[block]
# block no. 1 follows, 34 sequences, length 21
# corresponding to MSA columns:
# 72-92
name=unknown_B
#
# <colnr> <probs for GDERKNQSTAVLIFYWHMCP>
#	G	D	E	R	K	N	Q	S	T	A	V	L	I	F	Y	W	H	M	C	P
0	0.01545	0.42197	0.31572	0.01417	0.02117	0.02062	0.01614	0.02090	0.06564	0.01819	0.01131	0.01270	0.00909	0.00601	0.00513	0.00171	0.00784	0.00427	0.00303	0.00894
1	0.00824	0.00600	0.00783	0.00902	0.00978	0.00559	0.00640	0.00979	0.01339	0.01772	0.09863	0.56230	0.10785	0.01900	0.00821	0.00257	0.00389	0.09229	0.00609	0.00542
2	0.04234	0.10125	0.03146	0.02147	0.02696	0.01722	0.43269	0.08487	0.01616	0.06023	0.03585	0.01722	0.01152	0.00651	0.00796	0.00210	0.06481	0.00678	0.00388	0.00874
3	0.02182	0.02525	0.04852	0.01652	0.02059	0.45245	0.06175	0.07931	0.14440	0.04636	0.01417	0.01504	0.01094	0.00706	0.00617	0.00184	0.00977	0.00520	0.00429	0.00854
4	0.01447	0.01414	0.01167	0.01127	0.01317	0.22915	0.00836	0.04985	0.01564	0.01943	0.10813	0.21199	0.02589	0.01698	0.11109	0.00318	0.00801	0.00941	0.11170	0.00648
5	0.01286	0.01107	0.01748	0.60952	0.03789	0.01348	0.01572	0.05462	0.01397	0.01892	0.01307	0.01811	0.00988	0.00668	0.00618	0.00205	0.00773	0.00579	0.11774	0.00722
6	0.14577	0.01122	0.01418	0.01105	0.01590	0.01024	0.00913	0.02964	0.01738	0.63236	0.02305	0.02029	0.01466	0.00770	0.00613	0.00200	0.00542	0.00605	0.00741	0.01040
7	0.01893	0.01362	0.01498	0.01296	0.01695	0.01513	0.01022	0.07589	0.55130	0.15597	0.02548	0.02319	0.01851	0.00856	0.00655	0.00214	0.00531	0.00707	0.00682	0.01041
8	0.02800	0.01145	0.01507	0.01160	0.01649	0.01031	0.00957	0.09109	0.01937	0.65031	0.02445	0.02149	0.01557	0.00796	0.00642	0.00198	0.00555	0.00642	0.03607	0.01082
9	0.81856	0.01250	0.00950	0.00850	0.01250	0.01449	0.00700	0.01899	0.01100	0.02899	0.00900	0.01050	0.00700	0.00600	0.00400	0.00200	0.00500	0.00350	0.00400	0.00700
10	0.00928	0.00687	0.00897	0.01013	0.01155	0.00656	0.00830	0.01159	0.01433	0.01834	0.04134	0.21285	0.19005	0.01801	0.00850	0.00273	0.00491	0.40400	0.00597	0.00570
11	0.00804	0.00590	0.00758	0.00873	0.00948	0.00543	0.00605	0.00945	0.01321	0.01740	0.08704	0.59245	0.13710	0.01913	0.00815	0.00254	0.00373	0.04715	0.00607	0.00537
12	0.00787	0.00562	0.00750	0.00900	0.00937	0.00525	0.00600	0.00900	0.01237	0.01649	0.03561	0.76871	0.04274	0.02024	0.00825	0.00262	0.00375	0.01837	0.00600	0.00525
13	0.01599	0.01535	0.02623	0.03966	0.73262	0.01535	0.01983	0.01983	0.01471	0.02111	0.01215	0.01599	0.01023	0.00576	0.00640	0.00192	0.00768	0.00576	0.00320	0.01023
14	0.02414	0.03079	0.01831	0.01665	0.01998	0.74698	0.01248	0.02580	0.01831	0.01581	0.00999	0.01165	0.00832	0.00666	0.00583	0.00166	0.01165	0.00416	0.00333	0.00749
15	0.01803	0.01443	0.01441	0.01244	0.01585	0.06944	0.00982	0.25050	0.24082	0.02869	0.02089	0.02502	0.01702	0.06519	0.00830	0.00233	0.00611	0.05319	0.11860	0.00892
16	0.00894	0.00667	0.00853	0.00954	0.01091	0.00626	0.00758	0.01107	0.01432	0.01840	0.07656	0.25845	0.21875	0.01789	0.00834	0.00263	0.00452	0.29895	0.00603	0.00564
17	0.00842	0.00622	0.00806	0.00908	0.01002	0.00564	0.00633	0.00981	0.01273	0.01706	0.03539	0.63204	0.07786	0.01874	0.00800	0.00250	0.00393	0.05740	0.00583	0.06495
18	0.21450	0.13583	0.18032	0.07130	0.02433	0.04268	0.17970	0.02034	0.03702	0.02159	0.01133	0.01381	0.00871	0.00598	0.00568	0.00196	0.00819	0.00507	0.00334	0.00830
19	0.17622	0.09762	0.06763	0.04009	0.05722	0.07550	0.12736	0.09922	0.01551	0.04242	0.01154	0.01382	0.00904	0.00643	0.00670	0.00189	0.05920	0.00502	0.00383	0.08373
20	0.17342	0.04810	0.06235	0.01484	0.01881	0.19737	0.07467	0.08342	0.07454	0.04445	0.01282	0.01462	0.01003	0.00725	0.00749	0.00200	0.09721	0.00511	0.04332	0.00819

[dist]
# distance from previous block
# <min> <max>
0	6

[block]
# block no. 2 follows, 34 sequences, length 18
# corresponding to MSA columns:
# 99-116
name=unknown_C
#
# <colnr> <probs for GDERKNQSTAVLIFYWHMCP>
#	G	D	E	R	K	N	Q	S	T	A	V	L	I	F	Y	W	H	M	C	P
0	0.11442	0.08765	0.01877	0.07114	0.11809	0.10964	0.03592	0.11028	0.07298	0.05836	0.07106	0.02152	0.04534	0.00794	0.00612	0.00195	0.00700	0.02862	0.00468	0.00851
1	0.01241	0.02475	0.01517	0.03361	0.04128	0.01337	0.01106	0.05797	0.01262	0.01798	0.05187	0.02634	0.04232	0.04019	0.25502	0.00519	0.27127	0.05694	0.00386	0.00678
2	0.05683	0.53346	0.07089	0.01325	0.01865	0.13557	0.05615	0.02048	0.01399	0.01662	0.00955	0.01121	0.00832	0.00576	0.00473	0.00154	0.00796	0.00391	0.00294	0.00820
3	0.00802	0.00604	0.00757	0.00857	0.00953	0.00559	0.00605	0.00944	0.01300	0.01679	0.04235	0.49914	0.22424	0.02088	0.05505	0.00302	0.00459	0.04892	0.00584	0.00537
4	0.13270	0.17112	0.21516	0.01458	0.02071	0.05739	0.05585	0.10636	0.05859	0.09014	0.01337	0.01430	0.00991	0.00651	0.00561	0.00189	0.00763	0.00491	0.00416	0.00912
5	0.00923	0.00692	0.01038	0.01038	0.01154	0.00808	0.00808	0.01154	0.01038	0.01500	0.01731	0.02538	0.01615	0.04846	0.74732	0.01038	0.01731	0.00692	0.00346	0.00577
6	0.00892	0.00648	0.00827	0.00805	0.00941	0.00597	0.00588	0.01148	0.01689	0.02353	0.56700	0.12580	0.10492	0.05763	0.00913	0.00235	0.00332	0.01241	0.00673	0.00584
7	0.01563	0.01498	0.02557	0.10894	0.66619	0.01526	0.01965	0.01951	0.01454	0.02067	0.01209	0.01611	0.01008	0.00582	0.00640	0.00194	0.00777	0.00576	0.00317	0.00994
8	0.08024	0.01565	0.01703	0.03941	0.06366	0.06426	0.01146	0.31360	0.08319	0.13249	0.05959	0.01927	0.01513	0.02731	0.00738	0.00210	0.02653	0.00620	0.00586	0.00965
9	0.02154	0.02739	0.08001	0.01653	0.02012	0.51759	0.01351	0.05990	0.05984	0.01814	0.01121	0.01306	0.00915	0.00734	0.00774	0.00188	0.09884	0.00466	0.00358	0.00796
10	0.00771	0.00655	0.00665	0.00663	0.00878	0.00549	0.00497	0.00942	0.01491	0.01789	0.09960	0.06147	0.69558	0.01620	0.00764	0.00217	0.00326	0.01354	0.00606	0.00549
11	0.01039	0.00732	0.00876	0.00852	0.01045	0.00681	0.00651	0.01358	0.05826	0.06531	0.27532	0.08812	0.26805	0.05796	0.00911	0.00246	0.00394	0.08647	0.00641	0.00626
12	0.01621	0.06134	0.02158	0.18225	0.17646	0.08779	0.01559	0.04147	0.01362	0.04702	0.01102	0.01510	0.00925	0.00802	0.01123	0.00222	0.26290	0.00546	0.00329	0.00817
13	0.81856	0.01250	0.00950	0.00850	0.01250	0.01449	0.00700	0.01899	0.01100	0.02899	0.00900	0.01050	0.00700	0.00600	0.00400	0.00200	0.00500	0.00350	0.00400	0.00700
14	0.00787	0.00562	0.00750	0.00900	0.00937	0.00525	0.00600	0.00900	0.01237	0.01649	0.03561	0.76871	0.04274	0.02024	0.00825	0.00262	0.00375	0.01837	0.00600	0.00525
15	0.01007	0.00835	0.03804	0.01086	0.01263	0.00814	0.06015	0.01266	0.01180	0.01738	0.04844	0.11061	0.02074	0.07921	0.39927	0.00671	0.01168	0.00842	0.11884	0.00600
16	0.01922	0.03578	0.01606	0.01393	0.01687	0.30990	0.01073	0.15964	0.03904	0.03909	0.02001	0.15426	0.06149	0.01038	0.00764	0.00203	0.06340	0.00793	0.00478	0.00781
17	0.04974	0.14642	0.02021	0.01424	0.04393	0.14865	0.01131	0.26082	0.07424	0.02670	0.01326	0.01411	0.01033	0.00666	0.00561	0.00166	0.00732	0.00484	0.00467	0.13528

[dist]
# distance from previous block
# <min> <max>
0	4

[block]
# block no. 3 follows, 34 sequences, length 69
# corresponding to MSA columns:
# 121-189
name=unknown_D
#
# <colnr> <probs for GDERKNQSTAVLIFYWHMCP>
#	G	D	E	R	K	N	Q	S	T	A	V	L	I	F	Y	W	H	M	C	P
0	0.02048	0.02451	0.04894	0.01636	0.04989	0.46491	0.03333	0.09066	0.01887	0.02011	0.09673	0.01935	0.05247	0.00793	0.00628	0.00180	0.00948	0.00589	0.00418	0.00782
1	0.02005	0.01594	0.01713	0.04836	0.10491	0.13601	0.01166	0.13814	0.04869	0.15934	0.04094	0.03498	0.01400	0.00842	0.02490	0.00200	0.02050	0.00591	0.00512	0.14301
2	0.00806	0.00570	0.00744	0.00876	0.00909	0.00537	0.00574	0.00905	0.01201	0.01601	0.03376	0.68033	0.04039	0.11181	0.01124	0.00307	0.00405	0.01728	0.00574	0.00509
3	0.00839	0.00641	0.00770	0.00772	0.00928	0.00572	0.00566	0.01061	0.01600	0.02129	0.37476	0.17897	0.29296	0.01555	0.00774	0.00219	0.00325	0.01354	0.00653	0.00572
4	0.11041	0.01528	0.01600	0.01287	0.01723	0.03719	0.01045	0.38860	0.09972	0.10492	0.10361	0.02040	0.01799	0.00833	0.00633	0.00198	0.00614	0.00645	0.00634	0.00977
5	0.02315	0.02892	0.01927	0.01945	0.10667	0.65798	0.01338	0.02507	0.01787	0.01646	0.01025	0.01218	0.00856	0.00655	0.00590	0.00170	0.01117	0.00436	0.00331	0.00782
6	0.00921	0.00705	0.00829	0.00787	0.00975	0.00643	0.00592	0.04134	0.01728	0.02309	0.42798	0.07820	0.30509	0.01439	0.00760	0.00210	0.00333	0.01239	0.00663	0.00604
7	0.01665	0.01417	0.01494	0.01327	0.01702	0.01634	0.01037	0.08069	0.67364	0.02797	0.02556	0.02352	0.01913	0.00870	0.00657	0.00217	0.00525	0.00720	0.00657	0.01028
8	0.81856	0.01250	0.00950	0.00850	0.01250	0.01449	0.00700	0.01899	0.01100	0.02899	0.00900	0.01050	0.00700	0.00600	0.00400	0.00200	0.00500	0.00350	0.00400	0.00700
9	0.00764	0.00655	0.00655	0.00655	0.00873	0.00545	0.00491	0.00927	0.01473	0.01745	0.06546	0.06218	0.73000	0.01636	0.00764	0.00218	0.00327	0.01364	0.00600	0.00545
10	0.01050	0.00691	0.00907	0.00836	0.01012	0.00633	0.00633	0.01352	0.01830	0.07463	0.68100	0.04647	0.05789	0.01285	0.00754	0.00203	0.00322	0.01133	0.00717	0.00643
11	0.00787	0.00650	0.00691	0.00693	0.00890	0.00553	0.00515	0.00967	0.01509	0.01860	0.15861	0.10501	0.59059	0.01616	0.00767	0.00219	0.00327	0.01366	0.00616	0.00553
12	0.01794	0.01346	0.01467	0.01291	0.01676	0.01512	0.01012	0.03392	0.61953	0.12954	0.02618	0.02380	0.01919	0.00866	0.00656	0.00216	0.00517	0.00719	0.00678	0.01034
13	0.02037	0.01458	0.01543	0.01315	0.01726	0.05319	0.01041	0.10896	0.44769	0.18900	0.02406	0.02202	0.01731	0.00837	0.00651	0.00209	0.00577	0.00679	0.00672	0.01034
14	0.00805	0.00575	0.00770	0.00920	0.00965	0.00540	0.00630	0.00930	0.01254	0.01669	0.03552	0.72104	0.04235	0.02008	0.00829	0.00265	0.00390	0.06432	0.00599	0.00530
15	0.00938	0.00634	0.00745	0.00745	0.00759	0.00648	0.00442	0.00966	0.00952	0.01283	0.01999	0.04023	0.02260	0.68479	0.11980	0.00677	0.00761	0.00910	0.00386	0.00414
16	0.02475	0.01779	0.01920	0.01472	0.01988	0.01958	0.01216	0.68157	0.02986	0.07095	0.01595	0.01579	0.01121	0.00777	0.00647	0.00194	0.00704	0.00585	0.00653	0.01099
17	0.01817	0.01568	0.01583	0.01377	0.01730	0.08782	0.01087	0.14475	0.41631	0.05251	0.02111	0.02082	0.01604	0.01124	0.05815	0.00269	0.05490	0.00659	0.00584	0.00961
18	0.00957	0.00744	0.01095	0.01076	0.01181	0.00882	0.00840	0.01179	0.01076	0.01557	0.04815	0.05253	0.01845	0.04294	0.63040	0.00914	0.07553	0.00744	0.00366	0.00587
19	0.01029	0.00767	0.01091	0.01060	0.01199	0.00884	0.00824	0.05939	0.01173	0.01669	0.01727	0.02519	0.01601	0.06654	0.67599	0.00969	0.01629	0.00692	0.00368	0.00607
20	0.01220	0.01148	0.01938	0.75739	0.04450	0.01436	0.01794	0.01651	0.01292	0.01651	0.01148	0.01723	0.00861	0.00646	0.00646	0.00215	0.00861	0.00574	0.00287	0.00718
21	0.01524	0.01705	0.03598	0.02761	0.09031	0.01648	0.60823	0.02030	0.01487	0.02040	0.01271	0.01710	0.00976	0.00584	0.00839	0.00220	0.05822	0.00735	0.00323	0.00874
22	0.01605	0.07777	0.02067	0.01644	0.01743	0.14114	0.01362	0.01756	0.01155	0.01557	0.00877	0.01342	0.00844	0.01007	0.01729	0.00252	0.57632	0.00523	0.00291	0.00724
23	0.01220	0.01148	0.01938	0.75739	0.04450	0.01436	0.01794	0.01651	0.01292	0.01651	0.01148	0.01723	0.00861	0.00646	0.00646	0.00215	0.00861	0.00574	0.00287	0.00718
24	0.01726	0.30422	0.28785	0.01511	0.02156	0.13424	0.01616	0.07585	0.01541	0.01927	0.01060	0.01229	0.00848	0.00628	0.00584	0.00176	0.03157	0.00430	0.00314	0.00880
25	0.01727	0.77681	0.03386	0.01106	0.01658	0.02557	0.01106	0.01935	0.01313	0.01520	0.00898	0.01036	0.00829	0.00553	0.00415	0.00138	0.00691	0.00345	0.00276	0.00829
26	0.01382	0.01146	0.03004	0.01021	0.01504	0.00911	0.02222	0.05807	0.01511	0.04621	0.11888	0.01999	0.01786	0.02603	0.00680	0.02688	0.00499	0.00550	0.00455	0.53724
27	0.01600	0.01367	0.01736	0.01478	0.01851	0.03631	0.10696	0.09155	0.35451	0.04626	0.07235	0.03142	0.02270	0.00989	0.00713	0.00226	0.00631	0.11700	0.00599	0.00906
28	0.76431	0.01288	0.01017	0.00893	0.01301	0.01487	0.00736	0.06629	0.01232	0.02979	0.00944	0.01084	0.00727	0.00612	0.00417	0.00200	0.00514	0.00366	0.00417	0.00727
29	0.00870	0.00630	0.00802	0.00832	0.00953	0.00583	0.00606	0.01045	0.01473	0.01976	0.28896	0.24917	0.18740	0.01799	0.03608	0.06308	0.00413	0.04397	0.00607	0.00546
30	0.01565	0.02147	0.23526	0.02035	0.04829	0.08547	0.27752	0.02056	0.01515	0.07689	0.01831	0.05387	0.06584	0.00749	0.00692	0.00209	0.00914	0.00725	0.00382	0.00866
31	0.01125	0.00892	0.01058	0.01096	0.01298	0.00936	0.00871	0.01834	0.23027	0.02086	0.03632	0.19786	0.12708	0.01536	0.00789	0.00256	0.00488	0.25260	0.00616	0.00705
32	0.00785	0.00570	0.00742	0.00880	0.00932	0.00526	0.00591	0.00902	0.01256	0.01657	0.03803	0.71146	0.09842	0.01993	0.00820	0.00259	0.00371	0.01799	0.00600	0.00526
33	0.04990	0.01571	0.04957	0.01367	0.01805	0.01630	0.01159	0.44825	0.05294	0.06068	0.01808	0.04810	0.01472	0.01346	0.09181	0.00302	0.00797	0.05071	0.00587	0.00961
34	0.01580	0.06730	0.08777	0.02645	0.11583	0.05773	0.49127	0.02078	0.01510	0.02011	0.01242	0.01620	0.00956	0.00561	0.00704	0.00206	0.01019	0.00673	0.00319	0.00887
35	0.00787	0.00562	0.00750	0.00900	0.00937	0.00525	0.00600	0.00900	0.01237	0.01649	0.03561	0.76871	0.04274	0.02024	0.00825	0.00262	0.00375	0.01837	0.00600	0.00525
36	0.00805	0.00588	0.00759	0.00878	0.00950	0.00543	0.00608	0.00945	0.01316	0.01737	0.08560	0.60428	0.12568	0.01920	0.00816	0.00255	0.00375	0.04807	0.00607	0.00536
37	0.01464	0.03006	0.61791	0.01877	0.04479	0.01457	0.05823	0.02148	0.01420	0.08689	0.01297	0.01467	0.00904	0.00627	0.00626	0.00205	0.00920	0.00511	0.00326	0.00966
38	0.00818	0.00584	0.00785	0.00935	0.00986	0.00551	0.00653	0.00953	0.01267	0.01684	0.03544	0.68471	0.04207	0.01995	0.00833	0.00267	0.00401	0.09934	0.00599	0.00533
39	0.02025	0.01180	0.01399	0.01191	0.01582	0.01204	0.00964	0.09787	0.24279	0.28866	0.04523	0.03123	0.08025	0.01006	0.00689	0.00217	0.00534	0.07742	0.00699	0.00965
40	0.02220	0.01487	0.01792	0.07186	0.07747	0.01589	0.01204	0.40760	0.02361	0.16319	0.01773	0.04179	0.01350	0.06034	0.00833	0.00228	0.00681	0.00656	0.00602	0.00998
41	0.01984	0.11485	0.02576	0.05159	0.11207	0.31741	0.16993	0.07623	0.01727	0.01947	0.01132	0.01386	0.00911	0.00621	0.00617	0.00182	0.00993	0.00525	0.00346	0.00846
42	0.66911	0.01594	0.01115	0.01003	0.01390	0.15230	0.00803	0.02027	0.01237	0.02651	0.00918	0.01071	0.00725	0.00612	0.00434	0.00194	0.00625	0.00362	0.00387	0.00709
43	0.02358	0.02808	0.01937	0.01771	0.05098	0.59911	0.03312	0.11506	0.01965	0.01944	0.01089	0.01251	0.00880	0.00673	0.00599	0.00173	0.01086	0.00455	0.00373	0.00810
44	0.01176	0.02180	0.41311	0.01452	0.02037	0.01157	0.01636	0.05246	0.01469	0.02099	0.09088	0.21760	0.02363	0.01101	0.00695	0.00222	0.00713	0.03060	0.00432	0.00803
45	0.25805	0.06925	0.01492	0.01059	0.01545	0.01286	0.00886	0.07678	0.01615	0.33142	0.01688	0.01616	0.01158	0.00680	0.00537	0.00182	0.00549	0.00500	0.00579	0.11079
46	0.06041	0.01561	0.01757	0.01352	0.01859	0.01646	0.01117	0.46609	0.02578	0.26048	0.01839	0.01734	0.01240	0.00776	0.00637	0.00196	0.00651	0.00593	0.00684	0.01082
47	0.01289	0.00771	0.00932	0.00888	0.01137	0.00688	0.00699	0.01534	0.03308	0.17099	0.08594	0.12580	0.35202	0.01483	0.00762	0.00230	0.00422	0.11050	0.00649	0.00684
48	0.01638	0.01548	0.02591	0.03852	0.69999	0.01557	0.01948	0.05148	0.01543	0.02201	0.01231	0.01597	0.01027	0.00585	0.00640	0.00192	0.00765	0.00576	0.00335	0.01027
49	0.02826	0.01116	0.01497	0.01159	0.01651	0.00987	0.00954	0.03165	0.05794	0.69722	0.02554	0.02211	0.01620	0.00804	0.00650	0.00201	0.00548	0.00654	0.00792	0.01095
50	0.00803	0.00580	0.00765	0.00907	0.00961	0.00541	0.00624	0.00931	0.01267	0.01674	0.03707	0.68415	0.07824	0.01988	0.00826	0.00263	0.00387	0.06407	0.00599	0.00531
51	0.02456	0.01810	0.01939	0.01487	0.02004	0.02004	0.01228	0.71107	0.03038	0.04072	0.01551	0.01551	0.01099	0.00776	0.00646	0.00194	0.00711	0.00582	0.00646	0.01099
52	0.01599	0.01535	0.02623	0.03966	0.73262	0.01535	0.01983	0.01983	0.01471	0.02111	0.01215	0.01599	0.01023	0.00576	0.00640	0.00192	0.00768	0.00576	0.00320	0.01023
53	0.00804	0.00666	0.00710	0.00726	0.00933	0.00572	0.00563	0.00989	0.01489	0.01803	0.08902	0.06291	0.61813	0.01641	0.00779	0.00227	0.00359	0.09573	0.00604	0.00554
54	0.01022	0.00731	0.01014	0.01132	0.01281	0.00723	0.00975	0.01320	0.01540	0.02035	0.14156	0.06908	0.04086	0.01713	0.00872	0.00283	0.00550	0.58449	0.00613	0.00597
55	0.01296	0.03342	0.73944	0.01842	0.02797	0.01501	0.02387	0.02046	0.01364	0.02046	0.01160	0.01364	0.00818	0.00614	0.00614	0.00205	0.00955	0.00477	0.00273	0.00955
56	0.01727	0.77681	0.03386	0.01106	0.01658	0.02557	0.01106	0.01935	0.01313	0.01520	0.00898	0.01036	0.00829	0.00553	0.00415	0.00138	0.00691	0.00345	0.00276	0.00829
57	0.12094	0.02403	0.01762	0.01502	0.01909	0.39808	0.01174	0.26987	0.02173	0.02632	0.01184	0.01289	0.00911	0.00697	0.00583	0.00180	0.00922	0.00467	0.00453	0.00868
58	0.12071	0.01117	0.01436	0.01115	0.01603	0.01008	0.00921	0.03004	0.01762	0.65483	0.02357	0.02066	0.01495	0.00776	0.00621	0.00200	0.00544	0.00615	0.00753	0.01053
59	0.01535	0.01701	0.03535	0.02557	0.03177	0.01631	0.62662	0.02231	0.09858	0.02144	0.01463	0.01822	0.01098	0.00584	0.00750	0.00218	0.01021	0.00759	0.00366	0.00889
60	0.00929	0.00622	0.00708	0.00718	0.00721	0.00619	0.00406	0.00937	0.00961	0.01281	0.02143	0.09345	0.02485	0.71991	0.03115	0.00601	0.00609	0.01003	0.00406	0.00401
61	0.00928	0.00622	0.00708	0.00719	0.00722	0.00619	0.00407	0.00937	0.00962	0.01282	0.02148	0.09589	0.02491	0.71738	0.03107	0.00600	0.00608	0.01006	0.00407	0.00401
62	0.01439	0.01657	0.05458	0.02477	0.03054	0.01528	0.59421	0.01932	0.01473	0.02009	0.01519	0.09426	0.01309	0.00718	0.00810	0.00224	0.03504	0.00858	0.00352	0.00833
63	0.00800	0.00569	0.00752	0.00886	0.00926	0.00533	0.00589	0.00913	0.01243	0.01663	0.06004	0.70457	0.04239	0.05929	0.00951	0.00279	0.00385	0.01766	0.00593	0.00521
64	0.01431	0.15961	0.36978	0.01712	0.07208	0.01601	0.04442	0.02050	0.06210	0.02012	0.01221	0.01404	0.00942	0.00594	0.00567	0.00176	0.00793	0.00474	0.00323	0.13900
65	0.01113	0.00565	0.00835	0.00835	0.00835	0.00565	0.00552	0.00847	0.00847	0.01129	0.01170	0.02082	0.01186	0.06164	0.02565	0.76993	0.00565	0.00581	0.00286	0.00286
66	0.02400	0.01556	0.01870	0.01446	0.01942	0.04002	0.06664	0.34611	0.07814	0.25411	0.02066	0.01969	0.03564	0.00796	0.00659	0.00200	0.00678	0.00648	0.00658	0.01046
67	0.49943	0.01722	0.01280	0.01126	0.01521	0.18464	0.00896	0.07709	0.05591	0.04901	0.01127	0.01232	0.00865	0.00652	0.00485	0.00193	0.00673	0.00415	0.00432	0.00774
68	0.04657	0.10636	0.01950	0.01545	0.04011	0.30659	0.03287	0.12394	0.06637	0.02160	0.05103	0.03961	0.01437	0.00819	0.00703	0.00191	0.05555	0.03049	0.00431	0.00817

[dist]
# distance from previous block
# <min> <max>
0	7

[block]
# block no. 4 follows, 34 sequences, length 17
# corresponding to MSA columns:
# 197-213
name=unknown_E
#
# <colnr> <probs for GDERKNQSTAVLIFYWHMCP>
#	G	D	E	R	K	N	Q	S	T	A	V	L	I	F	Y	W	H	M	C	P
0	0.05163	0.12460	0.01586	0.01080	0.01400	0.01128	0.08486	0.01603	0.07072	0.03859	0.27741	0.03809	0.19911	0.01112	0.00682	0.00200	0.00487	0.00959	0.00559	0.00705
1	0.01620	0.01662	0.02292	0.11029	0.40988	0.12486	0.05096	0.02025	0.04207	0.02016	0.06430	0.01813	0.01373	0.00681	0.00701	0.00197	0.03516	0.00609	0.00359	0.00900
2	0.01266	0.01074	0.01257	0.00945	0.01455	0.00821	0.00752	0.01538	0.01350	0.02055	0.01695	0.05302	0.05794	0.00676	0.00530	0.00119	0.00469	0.03382	0.00415	0.69105
3	0.00873	0.00675	0.00816	0.00896	0.01060	0.00618	0.00717	0.01080	0.01443	0.01803	0.04905	0.17254	0.36244	0.01751	0.00822	0.00255	0.00437	0.27193	0.00598	0.00561
4	0.07137	0.30206	0.35220	0.01550	0.02280	0.01913	0.06522	0.04827	0.01407	0.01998	0.01072	0.01256	0.00837	0.00592	0.00538	0.00180	0.00826	0.00444	0.00302	0.00891
5	0.01262	0.03140	0.09186	0.01088	0.01393	0.01081	0.00931	0.05696	0.18481	0.03831	0.10285	0.07875	0.12014	0.15231	0.01182	0.00295	0.00549	0.05194	0.00550	0.00737
6	0.00787	0.00562	0.00750	0.00900	0.00937	0.00525	0.00600	0.00900	0.01237	0.01649	0.03561	0.76871	0.04274	0.02024	0.00825	0.00262	0.00375	0.01837	0.00600	0.00525
7	0.00880	0.00678	0.00808	0.00796	0.00964	0.00622	0.00589	0.01181	0.04769	0.02198	0.39185	0.14803	0.27161	0.01497	0.00766	0.00217	0.00331	0.01301	0.00658	0.00596
8	0.01805	0.25506	0.12602	0.01340	0.01862	0.09640	0.01264	0.13326	0.13818	0.04618	0.03497	0.01805	0.04786	0.00746	0.00574	0.00181	0.00720	0.00557	0.00451	0.00904
9	0.01763	0.01526	0.01868	0.01662	0.06867	0.09042	0.09420	0.16542	0.09582	0.05664	0.04529	0.07331	0.01622	0.00891	0.00843	0.00209	0.10447	0.00719	0.08611	0.00860
10	0.00924	0.00625	0.00704	0.00711	0.00723	0.00618	0.00406	0.00937	0.00978	0.01294	0.02317	0.07624	0.05752	0.70320	0.03058	0.00591	0.00601	0.01000	0.00411	0.00405
11	0.00836	0.00598	0.00771	0.00891	0.00948	0.00565	0.00616	0.00957	0.01241	0.01635	0.03528	0.54556	0.08305	0.12139	0.01161	0.00313	0.00431	0.09422	0.00571	0.00516
12	0.03514	0.03895	0.05498	0.11013	0.25087	0.06078	0.10905	0.04250	0.07682	0.02070	0.01693	0.05665	0.03871	0.00917	0.03482	0.00237	0.00820	0.02070	0.00387	0.00868
13	0.00904	0.00630	0.00746	0.00785	0.00829	0.00617	0.00505	0.00972	0.01094	0.01436	0.02860	0.17019	0.09902	0.48155	0.04613	0.00508	0.00585	0.06923	0.00464	0.00453
14	0.01135	0.00832	0.00995	0.01011	0.01233	0.00813	0.00832	0.05831	0.06535	0.04902	0.04358	0.08339	0.28680	0.01572	0.00801	0.00251	0.00489	0.30121	0.00613	0.00657
15	0.04951	0.10200	0.04700	0.01302	0.04551	0.01436	0.01056	0.19024	0.09464	0.12145	0.11408	0.07785	0.04540	0.00971	0.00651	0.00203	0.00576	0.03557	0.00588	0.00891
16	0.05718	0.18017	0.19797	0.01589	0.04521	0.10186	0.04567	0.16314	0.01798	0.09735	0.01306	0.01408	0.00969	0.00654	0.00577	0.00184	0.00811	0.00492	0.00421	0.00936

[dist]
# distance from previous block
# <min> <max>
1	4

[block]
# block no. 5 follows, 34 sequences, length 83
# corresponding to MSA columns:
# 218-300
name=unknown_F
#
# <colnr> <probs for GDERKNQSTAVLIFYWHMCP>
#	G	D	E	R	K	N	Q	S	T	A	V	L	I	F	Y	W	H	M	C	P
0	0.04632	0.12926	0.02064	0.01556	0.06255	0.13972	0.01204	0.32765	0.10997	0.02902	0.01446	0.01501	0.01103	0.00711	0.00590	0.00182	0.00748	0.00525	0.00506	0.03414
1	0.01657	0.03543	0.04122	0.01137	0.01627	0.08594	0.00931	0.04694	0.11263	0.08753	0.01530	0.01726	0.01226	0.05276	0.00710	0.00171	0.00601	0.00503	0.00458	0.41479
2	0.04056	0.03181	0.07254	0.01052	0.01358	0.00910	0.05077	0.01559	0.07643	0.04470	0.32955	0.08190	0.17344	0.01214	0.00718	0.00210	0.00458	0.01056	0.00598	0.00697
3	0.00919	0.00802	0.00805	0.00791	0.00993	0.04867	0.00602	0.01130	0.01593	0.01983	0.24473	0.05607	0.45860	0.01502	0.00761	0.00216	0.00386	0.05517	0.00615	0.00578
4	0.01240	0.01167	0.01943	0.60762	0.13600	0.01388	0.01730	0.01646	0.01329	0.01720	0.01530	0.02016	0.05857	0.00705	0.00653	0.00212	0.00812	0.00629	0.00313	0.00748
5	0.02760	0.01323	0.01638	0.01256	0.01761	0.01281	0.01037	0.24525	0.02223	0.51805	0.02235	0.01995	0.01442	0.00792	0.00649	0.00198	0.00601	0.00628	0.00751	0.01099
6	0.01296	0.03342	0.73944	0.01842	0.02797	0.01501	0.02387	0.02046	0.01364	0.02046	0.01160	0.01364	0.00818	0.00614	0.00614	0.00205	0.00955	0.00477	0.00273	0.00955
7	0.02393	0.01415	0.01635	0.01278	0.01739	0.01466	0.01047	0.37636	0.04635	0.27034	0.08677	0.02129	0.01782	0.00838	0.00653	0.00196	0.00600	0.00665	0.03146	0.01035
8	0.00790	0.00649	0.00695	0.00697	0.00892	0.00555	0.00518	0.00973	0.01515	0.01877	0.17147	0.10753	0.57480	0.01611	0.00768	0.00219	0.00327	0.01364	0.00618	0.00555
9	0.01710	0.01746	0.02515	0.03652	0.63535	0.11521	0.01883	0.02064	0.01520	0.02039	0.01186	0.01540	0.00997	0.00588	0.00632	0.00188	0.00822	0.00554	0.00322	0.00986
10	0.01340	0.00733	0.00747	0.00698	0.00888	0.00754	0.00536	0.09036	0.01537	0.02589	0.02048	0.02316	0.01596	0.00755	0.00473	0.00155	0.00345	0.00600	0.72198	0.00656
11	0.00805	0.00619	0.00742	0.00830	0.00954	0.00557	0.00602	0.00958	0.01360	0.01719	0.04767	0.40586	0.32313	0.01840	0.00807	0.00248	0.00379	0.08775	0.00599	0.00541
12	0.02414	0.03079	0.01831	0.01665	0.01998	0.74698	0.01248	0.02580	0.01831	0.01581	0.00999	0.01165	0.00832	0.00666	0.00583	0.00166	0.01165	0.00416	0.00333	0.00749
13	0.01587	0.01517	0.01553	0.01334	0.01619	0.16815	0.09020	0.05523	0.18133	0.02067	0.01837	0.02379	0.01578	0.15540	0.05800	0.00327	0.00798	0.00680	0.11147	0.00747
14	0.00971	0.00679	0.00795	0.00761	0.00949	0.00600	0.00563	0.01179	0.01582	0.06652	0.30694	0.08676	0.35198	0.06699	0.00933	0.00242	0.00356	0.01238	0.00640	0.00594
15	0.00776	0.00655	0.00672	0.00668	0.00880	0.00551	0.00501	0.00951	0.01502	0.01815	0.12012	0.06104	0.67490	0.01610	0.00764	0.00217	0.00325	0.01348	0.00609	0.00551
16	0.04278	0.01213	0.01585	0.01271	0.06023	0.00982	0.05686	0.01790	0.01386	0.06917	0.01248	0.01431	0.00997	0.00515	0.00517	0.00121	0.00544	0.00437	0.00404	0.62655
17	0.00814	0.00579	0.00767	0.00908	0.00950	0.00546	0.00617	0.00932	0.01236	0.01644	0.03457	0.67550	0.04115	0.06695	0.00983	0.00287	0.00406	0.06405	0.00586	0.00521
18	0.01614	0.01945	0.09371	0.02514	0.03167	0.05215	0.57058	0.06852	0.01631	0.02182	0.01297	0.01670	0.00968	0.00572	0.00733	0.00213	0.01056	0.00710	0.00345	0.00888
19	0.01725	0.01294	0.01335	0.01135	0.01491	0.06040	0.00889	0.15316	0.19093	0.08377	0.06952	0.06974	0.01959	0.00873	0.00612	0.00185	0.00533	0.00713	0.13903	0.10599
20	0.01503	0.01684	0.03585	0.04825	0.03282	0.01575	0.63974	0.02026	0.01505	0.02059	0.01291	0.01715	0.00975	0.00543	0.00739	0.00209	0.01040	0.00731	0.00329	0.06408
21	0.01840	0.01533	0.08835	0.01263	0.01686	0.01453	0.01109	0.37590	0.02196	0.04747	0.03006	0.02086	0.03400	0.04160	0.09992	0.00311	0.00778	0.00635	0.12484	0.00895
22	0.00927	0.00645	0.00761	0.00789	0.00832	0.00637	0.00500	0.01043	0.03199	0.01514	0.07457	0.18391	0.05494	0.49097	0.02361	0.00485	0.00541	0.04383	0.00478	0.00466
23	0.01046	0.06075	0.01044	0.00870	0.01089	0.00859	0.00664	0.08026	0.03422	0.02075	0.13829	0.23572	0.32017	0.01515	0.00741	0.00220	0.00404	0.01297	0.00599	0.00635
24	0.01034	0.06037	0.01078	0.00862	0.01069	0.00825	0.00671	0.03331	0.05152	0.02490	0.56724	0.04480	0.11292	0.01259	0.00730	0.00201	0.00355	0.01091	0.00667	0.00653
25	0.01503	0.01486	0.02295	0.32524	0.40862	0.06495	0.01857	0.01891	0.01424	0.01891	0.01174	0.01619	0.00946	0.00610	0.00638	0.00200	0.00832	0.00564	0.00308	0.00882
26	0.00776	0.00608	0.00703	0.00779	0.00906	0.00535	0.00546	0.00913	0.01353	0.01697	0.05027	0.42175	0.38023	0.01834	0.00795	0.00241	0.00351	0.01604	0.00600	0.00535
27	0.01672	0.71198	0.05857	0.01129	0.01675	0.02433	0.01138	0.01901	0.01301	0.01538	0.00948	0.01122	0.00867	0.00765	0.04050	0.00185	0.00751	0.00367	0.00280	0.00821
28	0.01620	0.12073	0.36901	0.06483	0.08106	0.01613	0.04003	0.05577	0.06029	0.09530	0.01392	0.01538	0.01012	0.00647	0.00605	0.00196	0.00822	0.00523	0.00377	0.00953
29	0.00908	0.00621	0.00732	0.00756	0.00776	0.00619	0.00455	0.00946	0.01011	0.01348	0.02401	0.16147	0.04701	0.58084	0.07324	0.00580	0.00646	0.01084	0.00429	0.00430
30	0.00787	0.00562	0.00750	0.00900	0.00937	0.00525	0.00600	0.00900	0.01237	0.01649	0.03561	0.76871	0.04274	0.02024	0.00825	0.00262	0.00375	0.01837	0.00600	0.00525
31	0.01929	0.06007	0.19875	0.01713	0.04562	0.17546	0.06931	0.12518	0.06242	0.09353	0.03905	0.01641	0.01218	0.00714	0.00670	0.00195	0.03064	0.00558	0.00439	0.00920
32	0.06831	0.01925	0.01426	0.01390	0.05894	0.34172	0.00995	0.07291	0.01736	0.02003	0.04580	0.02749	0.20652	0.00951	0.00627	0.00187	0.00770	0.00722	0.04376	0.00724
33	0.00781	0.00624	0.00700	0.00747	0.00900	0.00542	0.00535	0.00936	0.01415	0.01766	0.09662	0.29940	0.45685	0.01748	0.00784	0.00232	0.00342	0.01511	0.00607	0.00542
34	0.00927	0.00628	0.00701	0.00701	0.00716	0.00621	0.00398	0.00939	0.00976	0.01287	0.02347	0.04366	0.07220	0.72076	0.03115	0.00598	0.00606	0.00969	0.00406	0.00402
35	0.04653	0.01668	0.02600	0.11719	0.08060	0.08065	0.28031	0.10651	0.03662	0.02256	0.04686	0.01767	0.01221	0.00698	0.00808	0.00212	0.07345	0.00657	0.00388	0.00852
36	0.00835	0.00626	0.00830	0.00940	0.00979	0.00629	0.00645	0.00947	0.01216	0.01631	0.03409	0.66856	0.06058	0.04709	0.01002	0.00276	0.05604	0.01702	0.00570	0.00533
37	0.02899	0.01100	0.01499	0.01150	0.01649	0.00950	0.00950	0.03149	0.01849	0.73709	0.02549	0.02199	0.01599	0.00800	0.00650	0.00200	0.00550	0.00650	0.00800	0.01100
38	0.01665	0.01875	0.10365	0.02264	0.02892	0.01678	0.44229	0.13601	0.10068	0.02472	0.01488	0.01751	0.01100	0.00629	0.00716	0.00213	0.00945	0.00700	0.00413	0.00935
39	0.02125	0.02104	0.01687	0.01447	0.01817	0.31079	0.01131	0.22050	0.11838	0.04826	0.03971	0.01984	0.06772	0.00840	0.00686	0.00192	0.03447	0.00614	0.00512	0.00877
40	0.01780	0.43501	0.16887	0.01361	0.01942	0.14590	0.01376	0.06217	0.01530	0.01819	0.03049	0.01262	0.00993	0.00619	0.00506	0.00161	0.00814	0.00421	0.00320	0.00850
41	0.05580	0.04702	0.32816	0.01732	0.04434	0.01709	0.05736	0.25521	0.01918	0.02747	0.01271	0.01433	0.00929	0.00677	0.00670	0.00199	0.03640	0.00523	0.00414	0.03349
42	0.02157	0.15189	0.02105	0.01496	0.01870	0.32861	0.01215	0.20210	0.01947	0.02242	0.01141	0.01309	0.00927	0.00732	0.00745	0.00182	0.09602	0.00470	0.02756	0.00845
43	0.05594	0.49515	0.09372	0.01266	0.01785	0.11903	0.01228	0.04392	0.01416	0.01732	0.00985	0.01165	0.00859	0.00747	0.03018	0.00188	0.03317	0.00394	0.00305	0.00821
44	0.01241	0.08438	0.06196	0.01306	0.01638	0.01132	0.11343	0.08932	0.01541	0.02077	0.06868	0.34475	0.04714	0.01291	0.00717	0.00218	0.00585	0.01170	0.00507	0.05614
45	0.00919	0.00704	0.00848	0.00804	0.00986	0.00655	0.00605	0.01282	0.06059	0.02385	0.51851	0.05029	0.22725	0.01373	0.00756	0.00208	0.00323	0.01191	0.00680	0.00619
46	0.01274	0.01175	0.01865	0.57599	0.08619	0.01415	0.01646	0.01861	0.09778	0.01862	0.05508	0.01977	0.01310	0.00708	0.00654	0.00213	0.00781	0.00628	0.00358	0.00769
47	0.04835	0.01180	0.01828	0.01532	0.05299	0.01135	0.17217	0.03735	0.09718	0.17601	0.08992	0.05108	0.14652	0.03253	0.00781	0.00224	0.00620	0.00883	0.00569	0.00839
48	0.01555	0.01787	0.03747	0.02688	0.03331	0.04068	0.68594	0.02087	0.01535	0.02053	0.01297	0.01724	0.00975	0.00549	0.00757	0.00216	0.01092	0.00751	0.00327	0.00867
49	0.00791	0.00641	0.00701	0.00717	0.00897	0.00552	0.00526	0.00968	0.01492	0.01861	0.16338	0.16872	0.52095	0.01647	0.00773	0.00223	0.00331	0.01406	0.00617	0.00552
50	0.01204	0.00602	0.00602	0.00602	0.00753	0.00602	0.00452	0.01506	0.01355	0.02409	0.02108	0.02409	0.01656	0.00753	0.00452	0.00151	0.00301	0.00602	0.80879	0.00602
51	0.00972	0.00816	0.01115	0.00968	0.01212	0.00752	0.07736	0.01211	0.01554	0.04104	0.21946	0.05073	0.43670	0.01399	0.00825	0.00217	0.04025	0.01195	0.00590	0.00618
52	0.02316	0.01292	0.01509	0.01209	0.01637	0.01321	0.00993	0.29746	0.04216	0.28872	0.02145	0.02301	0.01554	0.00847	0.00634	0.00197	0.00578	0.04925	0.12717	0.00991
53	0.00889	0.00605	0.00720	0.00769	0.00781	0.00593	0.00460	0.00926	0.01038	0.01384	0.02539	0.28202	0.02984	0.52452	0.02476	0.00506	0.00543	0.01236	0.00460	0.00436
54	0.07100	0.01428	0.01535	0.01278	0.01694	0.01575	0.01024	0.25842	0.31053	0.10421	0.06391	0.02261	0.03775	0.00864	0.00646	0.00207	0.00564	0.00691	0.00653	0.00998
55	0.03818	0.01519	0.09838	0.06431	0.01819	0.09394	0.03732	0.05519	0.11580	0.02032	0.03989	0.12599	0.06938	0.07209	0.02977	0.00277	0.03475	0.05643	0.00472	0.00739
