[name]
unknown

[dist]
# distance from previous block
# <min> <max>
0	54

[block]
# block no. 0 follows, 32 sequences, length 37
# corresponding to MSA columns:
# 54-90
name=unknown_A
#
# <colnr> <probs for GDERKNQSTAVLIFYWHMCP>
#	G	D	E	R	K	N	Q	S	T	A	V	L	I	F	Y	W	H	M	C	P
0	0.04192	0.01274	0.10019	0.01126	0.01449	0.03041	0.00982	0.07661	0.05016	0.07849	0.07347	0.22145	0.09210	0.01434	0.03449	0.00257	0.00588	0.03386	0.08816	0.00759
1	0.01745	0.09860	0.17507	0.03800	0.07745	0.08334	0.09917	0.09593	0.04099	0.06723	0.08015	0.04851	0.01666	0.00802	0.00699	0.00206	0.02395	0.00679	0.00447	0.00918
2	0.01726	0.04327	0.12725	0.07205	0.27765	0.01537	0.11623	0.02329	0.08604	0.10834	0.01728	0.01933	0.03193	0.00694	0.00678	0.00209	0.00809	0.00652	0.00427	0.00998
3	0.00828	0.00593	0.00771	0.00909	0.00953	0.00553	0.00603	0.00938	0.01273	0.01688	0.03712	0.68020	0.07065	0.07389	0.01036	0.00298	0.00406	0.01821	0.00607	0.00536
4	0.01976	0.04463	0.06984	0.12172	0.17652	0.01645	0.03153	0.20594	0.07694	0.11711	0.04138	0.01898	0.01382	0.00748	0.00667	0.00206	0.00745	0.00633	0.00521	0.01019
5	0.04953	0.06700	0.12350	0.09086	0.24322	0.05168	0.05830	0.04063	0.09983	0.05022	0.01440	0.01678	0.01118	0.00676	0.00675	0.00204	0.02544	0.00579	0.00396	0.03216
6	0.00961	0.00653	0.00775	0.00788	0.00804	0.00664	0.00473	0.00998	0.01012	0.01363	0.02202	0.09806	0.02509	0.62379	0.11303	0.00670	0.00762	0.01019	0.00418	0.00440
7	0.07295	0.01643	0.01739	0.01418	0.01887	0.01839	0.01146	0.37460	0.28689	0.06674	0.02038	0.01946	0.01481	0.00835	0.00659	0.00212	0.00638	0.00650	0.00666	0.01085
8	0.01878	0.01401	0.01537	0.01321	0.01745	0.01533	0.01041	0.06627	0.52580	0.12596	0.02544	0.02342	0.01867	0.00862	0.00666	0.00213	0.00544	0.00711	0.00680	0.07311
9	0.01304	0.00677	0.00682	0.00663	0.00835	0.00685	0.00502	0.04371	0.01479	0.02572	0.02165	0.02465	0.01696	0.00783	0.00477	0.00158	0.00330	0.00625	0.76883	0.00647
10	0.01794	0.76823	0.03516	0.01148	0.01722	0.02655	0.01148	0.02009	0.01363	0.01579	0.00933	0.01076	0.00861	0.00574	0.00431	0.00144	0.00718	0.00359	0.00287	0.00861
11	0.00852	0.00682	0.00762	0.00742	0.00943	0.00592	0.00556	0.01078	0.01669	0.02145	0.31440	0.05910	0.47110	0.01575	0.00792	0.00221	0.00331	0.01339	0.00667	0.00592
12	0.02699	0.01642	0.01867	0.01431	0.01962	0.01729	0.01182	0.48520	0.02758	0.26266	0.01944	0.01828	0.01308	0.00814	0.00672	0.00203	0.00684	0.00627	0.00722	0.01141
13	0.01794	0.76823	0.03516	0.01148	0.01722	0.02655	0.01148	0.02009	0.01363	0.01579	0.00933	0.01076	0.00861	0.00574	0.00431	0.00144	0.00718	0.00359	0.00287	0.00861
14	0.73896	0.01263	0.01002	0.00888	0.01299	0.01443	0.00730	0.02024	0.01193	0.06633	0.01074	0.01209	0.00815	0.00640	0.00431	0.00206	0.00514	0.00390	0.03607	0.00744
15	0.00818	0.00584	0.00779	0.00934	0.00973	0.00545	0.00623	0.00934	0.01285	0.01713	0.03698	0.75981	0.04438	0.02102	0.00856	0.00273	0.00389	0.01908	0.00623	0.00545
16	0.00862	0.00652	0.00949	0.01030	0.01107	0.00608	0.04243	0.01010	0.01322	0.01770	0.05998	0.69579	0.04326	0.01996	0.00851	0.00268	0.00426	0.01824	0.00612	0.00567
17	0.02440	0.03087	0.01911	0.01731	0.02054	0.69114	0.01307	0.02611	0.01845	0.01640	0.01027	0.01227	0.00865	0.00723	0.00708	0.00181	0.05970	0.00442	0.00342	0.00775
18	0.01013	0.00782	0.01130	0.01435	0.12492	0.00763	0.00867	0.01211	0.01373	0.01898	0.11039	0.40584	0.03684	0.07648	0.05698	0.00333	0.00564	0.04046	0.02803	0.00637
19	0.01049	0.00760	0.01073	0.01051	0.01168	0.00894	0.00822	0.01294	0.01132	0.01728	0.01796	0.02523	0.01624	0.03989	0.55389	0.00856	0.07130	0.00692	0.14415	0.00614
20	0.22922	0.03953	0.01983	0.02251	0.24543	0.21463	0.01395	0.06991	0.01619	0.02361	0.01114	0.01360	0.00912	0.00668	0.00640	0.00197	0.03883	0.00484	0.00379	0.00883
21	0.00966	0.12347	0.01134	0.00782	0.01042	0.00897	0.00626	0.01138	0.01469	0.01755	0.05452	0.07929	0.53007	0.05201	0.00873	0.00239	0.00424	0.03553	0.00561	0.00605
22	0.05327	0.13756	0.05765	0.01512	0.09132	0.01486	0.01180	0.10144	0.03386	0.21828	0.04121	0.01782	0.01374	0.00701	0.00592	0.00176	0.00634	0.00553	0.00537	0.16015
23	0.06086	0.30370	0.07638	0.01400	0.01894	0.17500	0.01257	0.07363	0.14486	0.02128	0.01356	0.01444	0.01094	0.00701	0.00592	0.00182	0.02720	0.00483	0.00407	0.00900
24	0.81159	0.01298	0.00986	0.00882	0.01298	0.01505	0.00727	0.01972	0.01142	0.03010	0.00934	0.01090	0.00727	0.00623	0.00415	0.00208	0.00519	0.00363	0.00415	0.00727
25	0.77049	0.01328	0.01040	0.00917	0.01339	0.01535	0.00755	0.05528	0.01247	0.03074	0.00970	0.01117	0.00748	0.00632	0.00429	0.00207	0.00531	0.00376	0.00429	0.00748
26	0.00980	0.00687	0.00919	0.00919	0.00993	0.00754	0.00649	0.01128	0.01054	0.01502	0.01942	0.03326	0.01982	0.33147	0.42265	0.00864	0.01270	0.00816	0.04281	0.00524
27	0.00902	0.00640	0.00733	0.00771	0.00824	0.00609	0.00479	0.00963	0.01158	0.01500	0.03409	0.22167	0.16434	0.43863	0.02285	0.00476	0.00527	0.01287	0.00501	0.00471
28	0.05722	0.01228	0.01411	0.01028	0.01607	0.00990	0.00827	0.05147	0.01498	0.06826	0.01292	0.01443	0.01030	0.00540	0.00513	0.00117	0.00515	0.00424	0.00439	0.67403
29	0.02461	0.07935	0.02005	0.01691	0.02052	0.69152	0.01287	0.02636	0.01867	0.01638	0.01030	0.01201	0.00864	0.00684	0.00594	0.00171	0.01178	0.00427	0.00342	0.00783
30	0.00818	0.00584	0.00779	0.00934	0.00973	0.00545	0.00623	0.00934	0.01285	0.01713	0.03698	0.75981	0.04438	0.02102	0.00856	0.00273	0.00389	0.01908	0.00623	0.00545
31	0.01456	0.01412	0.04910	0.01531	0.03689	0.01449	0.09702	0.02612	0.37495	0.02440	0.06290	0.04460	0.10822	0.01007	0.00807	0.00228	0.05302	0.00862	0.02611	0.00913
32	0.01554	0.01411	0.02664	0.28410	0.06659	0.01463	0.28651	0.02033	0.03136	0.08597	0.01579	0.05264	0.01263	0.03342	0.00823	0.00239	0.00914	0.00757	0.00394	0.00847
33	0.01172	0.00890	0.01468	0.22584	0.02221	0.00964	0.06987	0.01275	0.01178	0.01546	0.03902	0.02532	0.07488	0.03902	0.06732	0.32776	0.00780	0.00718	0.00348	0.00537
34	0.02523	0.01809	0.01954	0.01504	0.02023	0.01988	0.01236	0.64915	0.03033	0.07202	0.01673	0.01725	0.01204	0.03103	0.00755	0.00215	0.00728	0.00619	0.00670	0.01119
35	0.54411	0.01367	0.01286	0.01147	0.03346	0.03393	0.03269	0.08668	0.01443	0.06568	0.01331	0.06886	0.01124	0.00759	0.00514	0.00209	0.00580	0.00543	0.00471	0.02685
36	0.01676	0.01723	0.12182	0.04294	0.09434	0.03174	0.05804	0.13803	0.01719	0.05549	0.01560	0.01933	0.02982	0.07276	0.00927	0.00222	0.03525	0.00599	0.00436	0.21183

[dist]
# distance from previous block
# <min> <max>
0	9

[block]
# block no. 1 follows, 32 sequences, length 18
# corresponding to MSA columns:
# 100-117
name=unknown_B
#
# <colnr> <probs for GDERKNQSTAVLIFYWHMCP>
#	G	D	E	R	K	N	Q	S	T	A	V	L	I	F	Y	W	H	M	C	P
0	0.40291	0.03818	0.08452	0.03193	0.11365	0.06252	0.01189	0.05780	0.04708	0.02653	0.02755	0.01623	0.04037	0.00709	0.00540	0.00205	0.00663	0.00511	0.00422	0.00836
1	0.01814	0.01473	0.01575	0.01328	0.01752	0.01621	0.01053	0.21306	0.40551	0.03083	0.04716	0.02471	0.05818	0.00907	0.00674	0.00209	0.00567	0.00738	0.00654	0.07692
2	0.01018	0.00854	0.00916	0.00918	0.01105	0.03832	0.00681	0.01408	0.09172	0.02126	0.22101	0.20741	0.27022	0.01580	0.00791	0.00234	0.00413	0.03798	0.00647	0.00644
3	0.01211	0.00767	0.00998	0.00911	0.01095	0.00733	0.00692	0.01488	0.01774	0.10554	0.50925	0.06729	0.07588	0.04522	0.00946	0.00234	0.03760	0.01123	0.03269	0.00681
4	0.81159	0.01298	0.00986	0.00882	0.01298	0.01505	0.00727	0.01972	0.01142	0.03010	0.00934	0.01090	0.00727	0.00623	0.00415	0.00208	0.00519	0.00363	0.00415	0.00727
5	0.01520	0.01329	0.01988	0.25147	0.19410	0.01373	0.03430	0.03672	0.08599	0.04815	0.01617	0.01909	0.03406	0.00679	0.00640	0.00190	0.00719	0.00604	0.00408	0.18544
6	0.02730	0.01082	0.01457	0.01138	0.01614	0.00936	0.00932	0.02988	0.01895	0.63433	0.07802	0.02731	0.06264	0.00922	0.00690	0.00209	0.00539	0.00758	0.00811	0.01071
7	0.01058	0.00779	0.01081	0.01052	0.01178	0.00885	0.00797	0.05345	0.01188	0.01680	0.01836	0.02850	0.01765	0.16008	0.58250	0.00958	0.01552	0.00752	0.00386	0.00602
8	0.01708	0.01451	0.01542	0.01346	0.01755	0.01632	0.01054	0.08109	0.60256	0.02854	0.02520	0.02345	0.01894	0.00868	0.00666	0.00215	0.00543	0.00717	0.00658	0.07868
9	0.00950	0.00686	0.00897	0.00844	0.01002	0.00633	0.00633	0.01266	0.01899	0.02691	0.71879	0.05012	0.06331	0.01372	0.00791	0.00211	0.00317	0.01213	0.00739	0.00633
10	0.00883	0.00662	0.00929	0.01181	0.06488	0.00626	0.00734	0.01021	0.01303	0.01750	0.03510	0.70230	0.04177	0.01986	0.00842	0.00267	0.00421	0.01806	0.00600	0.00585
11	0.00974	0.00656	0.00759	0.00759	0.00768	0.00665	0.00440	0.00993	0.00984	0.01321	0.02090	0.04255	0.02380	0.70895	0.08859	0.00684	0.00739	0.00956	0.00403	0.00421
12	0.12915	0.09263	0.06708	0.01139	0.01623	0.01214	0.01016	0.02538	0.01717	0.38798	0.13931	0.02398	0.02188	0.00854	0.00631	0.00202	0.00566	0.00678	0.00662	0.00959
13	0.01676	0.05120	0.01934	0.01612	0.09248	0.01489	0.03111	0.14634	0.01684	0.02449	0.01221	0.01470	0.01005	0.00681	0.00828	0.00166	0.12662	0.00498	0.00418	0.38094
14	0.01395	0.03533	0.01349	0.01279	0.07404	0.01034	0.00910	0.01859	0.09959	0.10662	0.25686	0.03921	0.16176	0.01178	0.00811	0.00214	0.04708	0.02614	0.00626	0.04683
15	0.01820	0.34685	0.21724	0.01713	0.08263	0.08674	0.01613	0.10459	0.01661	0.02110	0.01127	0.01296	0.00910	0.00632	0.00552	0.00177	0.00845	0.00453	0.00343	0.00940
16	0.01946	0.56086	0.06537	0.01365	0.04521	0.09940	0.01250	0.02196	0.01477	0.07722	0.01116	0.01233	0.00937	0.00612	0.00489	0.00158	0.00774	0.00409	0.00341	0.00890
17	0.01382	0.01299	0.05380	0.01098	0.01613	0.01047	0.00920	0.02022	0.15095	0.02375	0.11347	0.02115	0.01936	0.00708	0.00582	0.00146	0.00506	0.00587	0.00494	0.49347

[dist]
# distance from previous block
# <min> <max>
0	4

[block]
# block no. 2 follows, 32 sequences, length 27
# corresponding to MSA columns:
# 122-148
name=unknown_C
#
# <colnr> <probs for GDERKNQSTAVLIFYWHMCP>
#	G	D	E	R	K	N	Q	S	T	A	V	L	I	F	Y	W	H	M	C	P
0	0.01372	0.06887	0.02163	0.52487	0.08643	0.01542	0.04385	0.03849	0.01432	0.01860	0.01437	0.01902	0.03962	0.00694	0.00654	0.00209	0.00836	0.00612	0.00332	0.04744
1	0.01473	0.05807	0.17793	0.01275	0.01959	0.01168	0.03330	0.01882	0.01422	0.04931	0.01244	0.01428	0.00981	0.00548	0.00541	0.00136	0.00643	0.00441	0.00381	0.52616
2	0.02167	0.02064	0.25365	0.01508	0.02163	0.01436	0.01534	0.11619	0.13758	0.28327	0.02047	0.01945	0.01390	0.00777	0.00663	0.00212	0.00726	0.00620	0.00602	0.01078
3	0.01000	0.00706	0.00857	0.00807	0.01006	0.00628	0.00610	0.01265	0.01777	0.05871	0.46792	0.05358	0.27935	0.01454	0.00786	0.00216	0.00337	0.01254	0.00705	0.00636
4	0.02506	0.03198	0.01901	0.01729	0.02074	0.73725	0.01296	0.02679	0.01901	0.01642	0.01037	0.01210	0.00864	0.00691	0.00605	0.00173	0.01210	0.00432	0.00346	0.00778
5	0.00959	0.00715	0.01060	0.01060	0.01173	0.00829	0.00815	0.01186	0.01073	0.01544	0.01814	0.02731	0.01719	0.08885	0.69964	0.01055	0.01735	0.00733	0.00362	0.00589
6	0.00793	0.00680	0.00680	0.00680	0.00906	0.00566	0.00510	0.00963	0.01529	0.01813	0.06797	0.06457	0.71961	0.01699	0.00793	0.00227	0.00340	0.01416	0.00623	0.00566
7	0.01794	0.76823	0.03516	0.01148	0.01722	0.02655	0.01148	0.02009	0.01363	0.01579	0.00933	0.01076	0.00861	0.00574	0.00431	0.00144	0.00718	0.00359	0.00287	0.00861
8	0.04190	0.04370	0.13091	0.01594	0.04773	0.14341	0.01371	0.23352	0.03594	0.08894	0.04507	0.01893	0.01391	0.06028	0.00890	0.00232	0.03436	0.00603	0.00506	0.00942
9	0.00880	0.00669	0.00810	0.00806	0.00968	0.00599	0.00592	0.01120	0.01690	0.02265	0.40991	0.16134	0.26864	0.01585	0.00802	0.00225	0.00335	0.01382	0.00685	0.00599
10	0.01456	0.01309	0.03467	0.01190	0.04689	0.01020	0.00925	0.04314	0.04442	0.02287	0.01277	0.01459	0.01043	0.00534	0.00522	0.00116	0.00534	0.00432	0.00414	0.68568
11	0.01945	0.01805	0.18946	0.08881	0.08443	0.01274	0.01504	0.06434	0.01669	0.23282	0.01661	0.01740	0.01163	0.00675	0.00626	0.00186	0.00719	0.00554	0.00500	0.17993
12	0.53391	0.07086	0.09138	0.01159	0.01636	0.14084	0.01045	0.02114	0.01318	0.02579	0.00981	0.01145	0.00773	0.00633	0.00473	0.00198	0.00704	0.00389	0.00380	0.00774
13	0.02489	0.01716	0.01876	0.01449	0.01956	0.01865	0.01193	0.58290	0.02921	0.10929	0.04331	0.01836	0.01406	0.00828	0.00669	0.00201	0.00690	0.00634	0.03617	0.01103
14	0.00933	0.00678	0.00810	0.00791	0.00929	0.00627	0.00568	0.01144	0.01577	0.02140	0.36272	0.05243	0.20333	0.18414	0.01382	0.00317	0.00410	0.04019	0.02845	0.00566
15	0.00860	0.00630	0.00813	0.00913	0.01006	0.00583	0.00650	0.01035	0.01444	0.01919	0.15780	0.49066	0.13211	0.01904	0.00843	0.00259	0.00391	0.07480	0.00642	0.00569
16	0.01051	0.00800	0.00985	0.00943	0.01134	0.00789	0.00723	0.01583	0.11952	0.02569	0.50181	0.07111	0.09626	0.01385	0.00788	0.00224	0.00375	0.06382	0.00710	0.00688
17	0.00913	0.00714	0.00820	0.00860	0.01038	0.00650	0.00650	0.03763	0.01545	0.01941	0.07800	0.24739	0.39908	0.01778	0.00822	0.00248	0.00404	0.10186	0.00629	0.00593
18	0.28591	0.01233	0.01395	0.01111	0.01597	0.01216	0.00917	0.06505	0.01733	0.46109	0.02029	0.01856	0.01326	0.00761	0.00590	0.00207	0.00563	0.00569	0.00686	0.01006
19	0.00865	0.00616	0.00820	0.00950	0.01005	0.00588	0.00659	0.01006	0.01312	0.01756	0.06896	0.58653	0.04250	0.07201	0.03413	0.00325	0.00471	0.08059	0.00605	0.00549
20	0.01721	0.04409	0.14122	0.01375	0.01929	0.01506	0.01268	0.09718	0.29622	0.07147	0.03953	0.02015	0.01598	0.00769	0.00632	0.00193	0.00630	0.00621	0.00554	0.16219
21	0.01275	0.01456	0.12834	0.06074	0.16250	0.01098	0.01331	0.03431	0.01522	0.02169	0.11176	0.15194	0.05820	0.01012	0.00684	0.00199	0.00616	0.00892	0.00463	0.16504
22	0.01663	0.16883	0.25339	0.01546	0.02192	0.01803	0.03249	0.13368	0.01654	0.02326	0.01185	0.01394	0.00934	0.00687	0.00757	0.00187	0.09102	0.00487	0.00372	0.14872
23	0.00905	0.00696	0.01047	0.01093	0.01189	0.00663	0.05814	0.01068	0.01302	0.01741	0.03365	0.59710	0.03941	0.05292	0.04085	0.00322	0.00531	0.06082	0.00581	0.00573
24	0.01584	0.01810	0.03959	0.02828	0.03507	0.01697	0.69796	0.02149	0.01584	0.02149	0.01357	0.01810	0.01018	0.00566	0.00792	0.00226	0.01131	0.00792	0.00339	0.00905
25	0.01413	0.01167	0.03724	0.05288	0.04629	0.01178	0.01034	0.16255	0.11708	0.02478	0.02743	0.34537	0.02835	0.01416	0.00760	0.00242	0.00558	0.04521	0.02715	0.00800
26	0.01857	0.05867	0.12666	0.04392	0.07642	0.01620	0.09092	0.16226	0.04583	0.09656	0.01533	0.01795	0.01171	0.00740	0.00764	0.00201	0.06265	0.02210	0.00469	0.11249

[dist]
# distance from previous block
# <min> <max>
0	3

[block]
# block no. 3 follows, 32 sequences, length 76
# corresponding to MSA columns:
# 152-227
name=unknown_D
#
# <colnr> <probs for GDERKNQSTAVLIFYWHMCP>
#	G	D	E	R	K	N	Q	S	T	A	V	L	I	F	Y	W	H	M	C	P
0	0.01011	0.00772	0.01087	0.01051	0.01165	0.00877	0.00795	0.01205	0.01071	0.01544	0.01774	0.02828	0.01738	0.17533	0.53462	0.00910	0.05767	0.00743	0.00366	0.04303
1	0.01270	0.01088	0.04489	0.01061	0.01344	0.01026	0.00865	0.09118	0.15138	0.02815	0.45171	0.04062	0.07436	0.01203	0.00751	0.00214	0.00435	0.01036	0.00695	0.00783
2	0.01525	0.01413	0.02244	0.16424	0.35482	0.01510	0.04860	0.04071	0.12085	0.02188	0.01698	0.02044	0.03351	0.01073	0.06878	0.00285	0.00860	0.00666	0.00400	0.00944
3	0.01022	0.00819	0.00963	0.00868	0.01149	0.00703	0.00675	0.01322	0.03190	0.02238	0.27767	0.04851	0.26376	0.01317	0.00736	0.00200	0.00394	0.06669	0.00615	0.18126
4	0.04019	0.01658	0.04215	0.01347	0.01772	0.07701	0.01096	0.17196	0.35263	0.02852	0.02651	0.02537	0.09739	0.00926	0.00670	0.00211	0.00626	0.00739	0.00611	0.04171
5	0.01658	0.01971	0.06517	0.04981	0.03095	0.11195	0.47532	0.02246	0.05862	0.02133	0.04915	0.01914	0.01314	0.00651	0.00749	0.00218	0.01050	0.00743	0.00377	0.00882
6	0.08060	0.01187	0.01542	0.01190	0.01704	0.01072	0.00983	0.06389	0.01929	0.64888	0.02486	0.02174	0.01575	0.00816	0.00658	0.00207	0.00576	0.00651	0.00796	0.01115
7	0.00924	0.00675	0.00830	0.00906	0.01052	0.00626	0.00699	0.01142	0.01499	0.01979	0.11655	0.24660	0.24446	0.01746	0.00822	0.00254	0.00421	0.18806	0.06274	0.00585
8	0.00963	0.00703	0.00998	0.00998	0.01090	0.00795	0.00739	0.01147	0.01055	0.01498	0.01870	0.03041	0.01853	0.21524	0.57509	0.00980	0.01532	0.00778	0.00370	0.00555
9	0.81159	0.01298	0.00986	0.00882	0.01298	0.01505	0.00727	0.01972	0.01142	0.03010	0.00934	0.01090	0.00727	0.00623	0.00415	0.00208	0.00519	0.00363	0.00415	0.00727
10	0.81159	0.01298	0.00986	0.00882	0.01298	0.01505	0.00727	0.01972	0.01142	0.03010	0.00934	0.01090	0.00727	0.00623	0.00415	0.00208	0.00519	0.00363	0.00415	0.00727
11	0.00816	0.00589	0.00774	0.00922	0.00970	0.00546	0.00617	0.00936	0.01296	0.01718	0.03846	0.72655	0.07668	0.02083	0.00853	0.00270	0.00387	0.01884	0.00623	0.00546
12	0.01168	0.00920	0.01131	0.01266	0.01432	0.05223	0.01094	0.01469	0.01566	0.01986	0.03399	0.07181	0.03679	0.01783	0.00907	0.00301	0.00654	0.63612	0.00601	0.00628
13	0.02643	0.01657	0.01867	0.01439	0.01965	0.01760	0.01186	0.48803	0.05533	0.23186	0.01944	0.01834	0.01322	0.00817	0.00673	0.00204	0.00684	0.00630	0.00716	0.01138
14	0.01730	0.01566	0.01822	0.12603	0.05574	0.08393	0.05441	0.02972	0.41282	0.05797	0.02208	0.02327	0.01688	0.00841	0.00686	0.00222	0.00703	0.02614	0.00561	0.00969
15	0.01267	0.01193	0.02013	0.74806	0.04621	0.01491	0.01863	0.01714	0.01342	0.01714	0.01193	0.01789	0.00894	0.00671	0.00671	0.00224	0.00894	0.00596	0.00298	0.00745
16	0.03010	0.01142	0.01557	0.01194	0.01713	0.00986	0.00986	0.03270	0.01920	0.72698	0.02647	0.02284	0.01661	0.00830	0.00675	0.00208	0.00571	0.00675	0.00830	0.01142
17	0.01636	0.01823	0.03630	0.03042	0.17167	0.04564	0.53530	0.02153	0.01585	0.02138	0.01326	0.01756	0.01021	0.00577	0.00759	0.00219	0.01068	0.00739	0.00338	0.00931
18	0.01017	0.00811	0.01096	0.01080	0.01191	0.02786	0.00825	0.01223	0.01109	0.01551	0.01985	0.04353	0.04343	0.11205	0.57488	0.00927	0.05265	0.00779	0.00375	0.00590
19	0.01111	0.01054	0.01998	0.01660	0.01945	0.00987	0.27147	0.01400	0.01399	0.01880	0.02801	0.47540	0.03127	0.01513	0.00832	0.00255	0.00674	0.01480	0.00514	0.00683
20	0.43204	0.01565	0.05052	0.04901	0.22401	0.04879	0.01287	0.02093	0.01351	0.06099	0.01144	0.01367	0.00891	0.00632	0.00531	0.00204	0.00673	0.00467	0.00397	0.00862
21	0.02175	0.01260	0.01448	0.01171	0.01573	0.01296	0.00946	0.25484	0.07164	0.22421	0.09611	0.02407	0.02023	0.00876	0.00644	0.00197	0.00545	0.00704	0.17081	0.00975
22	0.01908	0.01891	0.06024	0.17586	0.10150	0.21753	0.01466	0.02219	0.01627	0.12686	0.06458	0.04477	0.01528	0.00829	0.00781	0.00210	0.06475	0.00645	0.00438	0.00848
23	0.75276	0.01266	0.00995	0.00887	0.01289	0.01453	0.00723	0.01977	0.01162	0.05321	0.01040	0.01263	0.00827	0.03669	0.00544	0.00225	0.00526	0.00399	0.00429	0.00728
24	0.01844	0.01439	0.01539	0.01341	0.01738	0.01628	0.01055	0.12049	0.54534	0.07240	0.02554	0.02374	0.01891	0.00885	0.00670	0.00219	0.00549	0.00727	0.04667	0.01055
25	0.01045	0.00711	0.00879	0.00829	0.01025	0.00636	0.00624	0.01308	0.01773	0.07261	0.46509	0.08723	0.23253	0.01457	0.00787	0.00218	0.00344	0.01264	0.00709	0.00646
26	0.01016	0.00703	0.00906	0.00846	0.01022	0.00642	0.00638	0.01320	0.01874	0.05251	0.64669	0.05012	0.10811	0.01375	0.00787	0.00212	0.00328	0.01208	0.00734	0.00647
27	0.00960	0.00644	0.00736	0.00752	0.00755	0.00640	0.00428	0.00972	0.01006	0.01341	0.02268	0.11350	0.02634	0.69194	0.03166	0.00614	0.00625	0.01066	0.00428	0.00420
28	0.76391	0.01288	0.01021	0.00901	0.01323	0.01474	0.00743	0.02052	0.01189	0.07262	0.01039	0.01163	0.00784	0.00636	0.00431	0.00208	0.00522	0.00382	0.00441	0.00752
29	0.01327	0.01289	0.02007	0.71298	0.04499	0.04958	0.01836	0.01761	0.01369	0.01711	0.01185	0.01761	0.00893	0.00672	0.00668	0.00221	0.00910	0.00588	0.00300	0.00747
30	0.00847	0.00682	0.00754	0.00736	0.00939	0.00589	0.00552	0.01067	0.01656	0.02113	0.29061	0.05963	0.49510	0.01587	0.00792	0.00221	0.00332	0.01347	0.00663	0.00589
31	0.01267	0.01193	0.02013	0.74806	0.04621	0.01491	0.01863	0.01714	0.01342	0.01714	0.01193	0.01789	0.00894	0.00671	0.00671	0.00224	0.00894	0.00596	0.00298	0.00745
32	0.01794	0.76823	0.03516	0.01148	0.01722	0.02655	0.01148	0.02009	0.01363	0.01579	0.00933	0.01076	0.00861	0.00574	0.00431	0.00144	0.00718	0.00359	0.00287	0.00861
33	0.00902	0.00665	0.00846	0.00861	0.01001	0.00609	0.00635	0.01150	0.01682	0.02297	0.42807	0.22067	0.15439	0.01616	0.00814	0.00233	0.00352	0.04735	0.00688	0.00602
34	0.15223	0.27221	0.15249	0.01520	0.02152	0.01901	0.12015	0.05530	0.01502	0.07438	0.01218	0.01381	0.00939	0.00620	0.00554	0.00186	0.00780	0.00489	0.00380	0.03703
35	0.01346	0.03471	0.72942	0.01912	0.02904	0.01558	0.02479	0.02125	0.01417	0.02125	0.01204	0.01417	0.00850	0.00637	0.00637	0.00212	0.00992	0.00496	0.00283	0.00992
36	0.01372	0.01333	0.01963	0.01664	0.01725	0.01743	0.07179	0.01533	0.01084	0.01625	0.01260	0.06438	0.01320	0.11326	0.02162	0.00335	0.54173	0.00738	0.00333	0.00693
37	0.01441	0.01392	0.02400	0.39399	0.12810	0.01556	0.14759	0.05151	0.04073	0.02023	0.01559	0.01999	0.04292	0.00722	0.00755	0.00223	0.03570	0.00678	0.00358	0.00840
38	0.02052	0.14212	0.20554	0.01801	0.06754	0.11025	0.07844	0.06298	0.03170	0.17693	0.01531	0.01613	0.01103	0.00683	0.00627	0.00195	0.00860	0.00551	0.00451	0.00983
39	0.00837	0.00590	0.00767	0.00908	0.00961	0.00550	0.00610	0.00965	0.01302	0.01754	0.03776	0.69225	0.07541	0.02021	0.00835	0.00265	0.00383	0.01824	0.04335	0.00550
40	0.10614	0.10715	0.13674	0.01873	0.10333	0.33055	0.01500	0.07027	0.01725	0.02105	0.01108	0.01297	0.00889	0.00659	0.00583	0.00185	0.00966	0.00459	0.00358	0.00875
41	0.01138	0.00969	0.01414	0.01276	0.01360	0.01185	0.04138	0.01311	0.01064	0.01542	0.01587	0.02668	0.01594	0.20262	0.33462	0.00714	0.22614	0.00744	0.00350	0.00608
42	0.01555	0.01292	0.01478	0.01078	0.01660	0.01075	0.00867	0.10919	0.03546	0.02478	0.01291	0.01452	0.01043	0.00550	0.00525	0.00117	0.00530	0.00435	0.00442	0.67666
43	0.00973	0.00716	0.00917	0.00885	0.01050	0.00676	0.00671	0.01336	0.04602	0.02566	0.58631	0.08450	0.09071	0.01432	0.00798	0.00221	0.00348	0.05295	0.00718	0.00642
44	0.00996	0.00707	0.00879	0.00864	0.00892	0.00765	0.00561	0.01060	0.01002	0.01377	0.01978	0.03835	0.02183	0.55968	0.19796	0.00733	0.04649	0.00896	0.00390	0.00468
45	0.02596	0.01807	0.01969	0.01509	0.02044	0.01973	0.01247	0.63405	0.03033	0.10992	0.01713	0.01677	0.01192	0.00808	0.00672	0.00202	0.00722	0.00611	0.00687	0.01141
46	0.00981	0.00756	0.01121	0.01111	0.01220	0.00895	0.00865	0.01210	0.01085	0.01568	0.01833	0.05992	0.01760	0.04673	0.66225	0.00995	0.05969	0.00767	0.00368	0.00604
47	0.68977	0.01372	0.01104	0.00962	0.01388	0.04021	0.00788	0.04569	0.01307	0.08866	0.01106	0.01213	0.00825	0.00649	0.00453	0.00206	0.00556	0.00401	0.00457	0.00778
48	0.00902	0.00668	0.00847	0.00904	0.01015	0.00631	0.00639	0.01178	0.04865	0.02112	0.27508	0.42358	0.10340	0.01760	0.00821	0.00245	0.00367	0.01573	0.00666	0.00602
49	0.63325	0.01430	0.01219	0.01032	0.01475	0.01636	0.00851	0.17404	0.01599	0.03287	0.01088	0.01208	0.00821	0.00664	0.00473	0.00206	0.00569	0.00418	0.00473	0.00821
50	0.02240	0.01439	0.01633	0.01334	0.01781	0.01535	0.01074	0.24278	0.25801	0.21556	0.08044	0.02370	0.02013	0.00894	0.00686	0.00213	0.00589	0.00725	0.00722	0.01073
51	0.01301	0.00647	0.00673	0.00657	0.00827	0.00639	0.00496	0.01612	0.01450	0.05106	0.05540	0.02614	0.01938	0.00812	0.00492	0.00161	0.00322	0.00655	0.73412	0.00645
52	0.05558	0.01233	0.01580	0.01220	0.01728	0.01140	0.01006	0.12094	0.02058	0.59153	0.04435	0.02231	0.01693	0.00836	0.00669	0.00207	0.00584	0.00670	0.00792	0.01113
53	0.04060	0.01387	0.01589	0.01184	0.01746	0.01271	0.00965	0.21870	0.01985	0.14309	0.01545	0.01593	0.01139	0.00645	0.00575	0.00150	0.00580	0.00502	0.00548	0.42358
54	0.01789	0.01865	0.02509	0.09467	0.53385	0.15259	0.01899	0.02148	0.01583	0.02049	0.01214	0.01586	0.01011	0.00622	0.00654	0.00196	0.00883	0.00566	0.00332	0.00983
55	0.15013	0.01088	0.01403	0.01515	0.10569	0.01090	0.01075	0.02172	0.05791	0.21472	0.02540	0.10841	0.02327	0.01176	0.00717	0.00242	0.00584	0.18920	0.00610	0.00856
56	0.01968	0.01117	0.01319	0.04501	0.01582	0.05358	0.00901	0.03969	0.05335	0.31373	0.24058	0.03443	0.10053	0.01071	0.00718	0.00210	0.00526	0.00898	0.00716	0.00884
57	0.00925	0.00667	0.00864	0.00850	0.00983	0.00618	0.00618	0.01191	0.01746	0.02444	0.55819	0.16694	0.07459	0.04983	0.00924	0.00242	0.00345	0.01322	0.00701	0.00606
58	0.01661	0.01594	0.02724	0.04119	0.72233	0.01594	0.02059	0.02059	0.01528	0.02192	0.01262	0.01661	0.01063	0.00598	0.00664	0.00199	0.00797	0.00598	0.00332	0.01063
59	0.01587	0.01186	0.01411	0.01018	0.01605	0.00906	0.00818	0.01881	0.01455	0.10714	0.01369	0.01499	0.01075	0.00537	0.00518	0.00112	0.00506	0.00431	0.00450	0.70921
60	0.01148	0.00785	0.00977	0.00887	0.01098	0.00735	0.00678	0.05604	0.01932	0.06718	0.55338	0.04826	0.13997	0.01347	0.00777	0.00212	0.00360	0.01170	0.00725	0.00686
61	0.07802	0.01500	0.09984	0.01441	0.05874	0.01226	0.01207	0.11461	0.01893	0.39998	0.02319	0.07155	0.03314	0.00886	0.00667	0.00212	0.00634	0.00722	0.00669	0.01036
62	0.01008	0.00781	0.00908	0.00880	0.01084	0.00759	0.00672	0.01470	0.10539	0.02291	0.29678	0.06765	0.26626	0.01633	0.04782	0.00269	0.00449	0.04269	0.04476	0.00661
63	0.08678	0.14639	0.07288	0.01703	0.02174	0.43282	0.09034	0.02416	0.01683	0.01836	0.01060	0.01261	0.00869	0.00649	0.00585	0.00180	0.01051	0.00460	0.00337	0.00816
64	0.04816	0.01186	0.11145	0.01035	0.01349	0.00913	0.00931	0.01673	0.09171	0.02596	0.44975	0.03966	0.06958	0.01163	0.00723	0.00210	0.00445	0.00999	0.05014	0.00731
65	0.01639	0.05210	0.03875	0.03327	0.02014	0.01360	0.09699	0.10826	0.10921	0.04566	0.01619	0.05104	0.01323	0.00697	0.00608	0.00165	0.00645	0.00606	0.00475	0.35320
66	0.00817	0.00588	0.00775	0.00925	0.00971	0.00546	0.00619	0.00935	0.01294	0.01717	0.03814	0.73376	0.06968	0.02087	0.00854	0.00271	0.00387	0.01889	0.00623	0.00546
67	0.01655	0.05712	0.15611	0.03844	0.12362	0.03133	0.10220	0.09802	0.09931	0.02371	0.01413	0.01642	0.01101	0.00702	0.00778	0.00201	0.07305	0.00581	0.00406	0.11231
68	0.00821	0.00685	0.00718	0.00721	0.00939	0.00582	0.00549	0.01010	0.01561	0.01897	0.12142	0.06391	0.62999	0.01679	0.00800	0.00229	0.00352	0.04717	0.00633	0.00575
69	0.01126	0.00760	0.01039	0.01215	0.06733	0.00716	0.00793	0.02918	0.01456	0.07894	0.06713	0.52100	0.08041	0.01776	0.00817	0.00255	0.00447	0.03918	0.00624	0.00659
70	0.01399	0.01165	0.03009	0.01106	0.01379	0.04454	0.00878	0.03837	0.24358	0.04392	0.07338	0.11374	0.11843	0.01192	0.00731	0.00222	0.02150	0.04813	0.13560	0.00798
71	0.05191	0.01552	0.01633	0.03946	0.01839	0.04052	0.01060	0.38342	0.05662	0.03242	0.01866	0.02079	0.04707	0.06263	0.00830	0.00220	0.00662	0.00636	0.04606	0.11611
72	0.01877	0.50170	0.13803	0.01370	0.01977	0.11206	0.01381	0.07876	0.01590	0.01895	0.01045	0.01190	0.00884	0.00618	0.00504	0.00163	0.00822	0.00410	0.00326	0.00895
73	0.49814	0.05813	0.01397	0.01066	0.01524	0.04915	0.00884	0.11349	0.01560	0.10682	0.01232	0.01312	0.00913	0.00665	0.00492	0.00196	0.00597	0.00435	0.00484	0.04669
74	0.05551	0.01485	0.05303	0.01656	0.10385	0.04005	0.03914	0.12451	0.18050	0.07943	0.09113	0.06931	0.04727	0.00943	0.00680	0.00213	0.00622	0.00800	0.04299	0.00931
75	0.01257	0.04829	0.03861	0.04019	0.05861	0.01145	0.02642	0.01955	0.18744	0.02310	0.18165	0.03674	0.19190	0.01095	0.00702	0.00205	0.00506	0.00935	0.00577	0.08326

[dist]
# distance from previous block
# <min> <max>
0	19

[block]
# block no. 4 follows, 32 sequences, length 21
# corresponding to MSA columns:
# 247-267
name=unknown_E
#
# <colnr> <probs for GDERKNQSTAVLIFYWHMCP>
#	G	D	E	R	K	N	Q	S	T	A	V	L	I	F	Y	W	H	M	C	P
0	0.01399	0.04272	0.11823	0.13249	0.10974	0.01451	0.19249	0.04003	0.01532	0.02061	0.02129	0.02956	0.08500	0.00915	0.00786	0.00231	0.03254	0.09980	0.00399	0.00838
1	0.01578	0.01544	0.06425	0.01261	0.01594	0.12050	0.01043	0.02364	0.23343	0.06814	0.11181	0.06698	0.09643	0.01195	0.02797	0.00242	0.02745	0.02759	0.03888	0.00837
2	0.00811	0.00666	0.00715	0.00733	0.00925	0.00569	0.00538	0.00986	0.01526	0.01877	0.12252	0.16917	0.55697	0.01731	0.00803	0.00232	0.00345	0.01473	0.00634	0.00569
3	0.01952	0.10425	0.03881	0.03344	0.08917	0.20291	0.03048	0.14919	0.04244	0.02281	0.01324	0.01586	0.01083	0.01039	0.05586	0.00256	0.09688	0.00546	0.04714	0.00876
4	0.01692	0.04328	0.01623	0.01147	0.01703	0.03231	0.00934	0.13486	0.01712	0.04758	0.01287	0.01443	0.01028	0.00592	0.00590	0.00131	0.03053	0.00448	0.00449	0.56368
5	0.64046	0.05395	0.01262	0.00997	0.01431	0.04924	0.00827	0.06919	0.01369	0.06250	0.01068	0.01188	0.00814	0.00646	0.00455	0.00202	0.00580	0.00398	0.00443	0.00785
6	0.07427	0.67110	0.07432	0.01174	0.01762	0.02508	0.01197	0.02013	0.01351	0.01713	0.00949	0.01097	0.00851	0.00581	0.00442	0.00152	0.00720	0.00367	0.00296	0.00859
7	0.00940	0.00715	0.01000	0.01003	0.01128	0.00785	0.00767	0.01138	0.01189	0.01638	0.05002	0.09735	0.13734	0.03902	0.48405	0.03596	0.03359	0.00947	0.00434	0.00583
8	0.00865	0.00678	0.00787	0.00803	0.00981	0.00600	0.00605	0.01083	0.01611	0.02075	0.25308	0.14307	0.39243	0.01663	0.00811	0.00234	0.00361	0.06741	0.00657	0.00588
9	0.01073	0.00723	0.00890	0.00848	0.01052	0.00646	0.00650	0.01331	0.01741	0.08088	0.39208	0.08077	0.26276	0.01486	0.00793	0.00224	0.00365	0.05182	0.00698	0.00650
10	0.37702	0.01073	0.01059	0.00916	0.01287	0.01121	0.00739	0.02207	0.01429	0.22677	0.01817	0.04855	0.01369	0.00779	0.00519	0.00199	0.00482	0.00575	0.18381	0.00815
11	0.01794	0.76823	0.03516	0.01148	0.01722	0.02655	0.01148	0.02009	0.01363	0.01579	0.00933	0.01076	0.00861	0.00574	0.00431	0.00144	0.00718	0.00359	0.00287	0.00861
12	0.01642	0.14659	0.23082	0.01678	0.08742	0.10951	0.01525	0.04203	0.01632	0.06373	0.10535	0.04455	0.06071	0.00849	0.00640	0.00196	0.00779	0.00678	0.00431	0.00878
13	0.02085	0.02506	0.02107	0.01822	0.02074	0.43996	0.06443	0.02278	0.01581	0.01671	0.01008	0.01342	0.00881	0.00846	0.01162	0.00218	0.26369	0.00512	0.00328	0.00772
14	0.81159	0.01298	0.00986	0.00882	0.01298	0.01505	0.00727	0.01972	0.01142	0.03010	0.00934	0.01090	0.00727	0.00623	0.00415	0.00208	0.00519	0.00363	0.00415	0.00727
15	0.01040	0.00720	0.00866	0.00823	0.01034	0.00638	0.00631	0.01293	0.01734	0.07295	0.37283	0.05529	0.32297	0.01489	0.00791	0.00222	0.00359	0.04621	0.00693	0.00642
16	0.01031	0.00772	0.00967	0.00903	0.01087	0.00751	0.00682	0.01527	0.09734	0.02704	0.64041	0.04728	0.05846	0.01319	0.00779	0.00213	0.00341	0.01162	0.00732	0.00682
17	0.04568	0.01212	0.01891	0.43319	0.05504	0.01440	0.05363	0.06231	0.01443	0.02039	0.01352	0.01864	0.01059	0.01022	0.05948	0.00279	0.05265	0.00610	0.08827	0.00766
18	0.00807	0.00680	0.00698	0.00694	0.00915	0.00572	0.00520	0.00989	0.01561	0.01888	0.12414	0.06333	0.66297	0.01671	0.00793	0.00225	0.00338	0.01399	0.00633	0.00572
19	0.01406	0.01238	0.01582	0.01130	0.01733	0.00954	0.05921	0.01724	0.01406	0.02184	0.01205	0.01422	0.00996	0.00502	0.00519	0.00109	0.00544	0.00427	0.00393	0.74606
20	0.08097	0.01220	0.01562	0.01649	0.12447	0.01353	0.01129	0.08163	0.12279	0.06400	0.09377	0.02631	0.04790	0.01505	0.10582	0.00336	0.09169	0.02631	0.03827	0.00852

[dist]
# distance from previous block
# <min> <max>
1	6

[block]
# block no. 5 follows, 32 sequences, length 44
# corresponding to MSA columns:
# 274-317
name=unknown_F
#
# <colnr> <probs for GDERKNQSTAVLIFYWHMCP>
#	G	D	E	R	K	N	Q	S	T	A	V	L	I	F	Y	W	H	M	C	P
0	0.01052	0.03812	0.03956	0.00929	0.01183	0.00829	0.00765	0.03450	0.04344	0.02379	0.37644	0.06358	0.21811	0.01381	0.00766	0.00217	0.00411	0.05330	0.00651	0.02733
1	0.01829	0.48163	0.05451	0.01380	0.05710	0.06132	0.01204	0.08804	0.01621	0.03798	0.04464	0.03851	0.01313	0.00706	0.00523	0.00166	0.00716	0.00511	0.02779	0.00880
2	0.04211	0.00714	0.00889	0.00981	0.01099	0.00700	0.00737	0.01216	0.03606	0.01925	0.08773	0.33865	0.09783	0.08837	0.01083	0.00305	0.00476	0.19613	0.00603	0.00584
3	0.08849	0.26846	0.13811	0.01702	0.06316	0.04061	0.10111	0.11676	0.01675	0.04668	0.01295	0.03809	0.01062	0.00683	0.00583	0.00189	0.00802	0.00548	0.00392	0.00924
4	0.01723	0.11718	0.04427	0.13381	0.36415	0.01729	0.05527	0.08560	0.01635	0.04576	0.01314	0.01689	0.01066	0.02583	0.00712	0.00209	0.00807	0.00587	0.00372	0.00972
5	0.00835	0.00591	0.00773	0.00911	0.00946	0.00557	0.00598	0.00939	0.01250	0.01666	0.03518	0.67849	0.04211	0.10544	0.01147	0.00315	0.00419	0.01802	0.00598	0.00529
6	0.00868	0.00697	0.00769	0.00776	0.00963	0.00621	0.00573	0.01109	0.03795	0.01966	0.17061	0.13384	0.46173	0.05097	0.00920	0.00251	0.00370	0.03387	0.00634	0.00586
7	0.04661	0.04343	0.17993	0.05984	0.02155	0.17269	0.01453	0.02411	0.15412	0.05265	0.01746	0.04057	0.02936	0.00940	0.02682	0.00234	0.06190	0.00620	0.02775	0.00874
8	0.00959	0.00719	0.01078	0.01078	0.01198	0.00839	0.00839	0.01198	0.01078	0.01558	0.01797	0.02636	0.01677	0.05032	0.73760	0.01078	0.01797	0.00719	0.00359	0.00599
9	0.00850	0.00690	0.00758	0.00765	0.00973	0.00599	0.00590	0.01059	0.01594	0.01983	0.17617	0.06324	0.53689	0.01659	0.00807	0.00232	0.00365	0.08219	0.00642	0.00583
10	0.01491	0.04665	0.32803	0.11091	0.16762	0.01673	0.07619	0.04648	0.01470	0.02105	0.01202	0.01544	0.00926	0.00687	0.00813	0.00218	0.08463	0.00562	0.00316	0.00945
11	0.01631	0.01503	0.02507	0.09111	0.48672	0.01545	0.06349	0.04578	0.03906	0.03893	0.03475	0.04676	0.01373	0.00723	0.00732	0.00210	0.03053	0.00686	0.00388	0.00989
12	0.02511	0.01877	0.02093	0.01596	0.02139	0.02065	0.04066	0.67233	0.03091	0.04144	0.01601	0.01619	0.01136	0.00796	0.00676	0.00202	0.00754	0.00612	0.00658	0.01131
13	0.00942	0.00752	0.00866	0.00884	0.03281	0.00686	0.00632	0.01272	0.05513	0.02214	0.29027	0.05424	0.40084	0.01470	0.00770	0.00218	0.00356	0.01252	0.03721	0.00636
14	0.01555	0.02882	0.52283	0.02305	0.17092	0.01516	0.02263	0.02211	0.01483	0.08254	0.01341	0.01542	0.00964	0.00646	0.00646	0.00209	0.00915	0.00532	0.00341	0.01019
15	0.02078	0.00936	0.01258	0.01036	0.01391	0.00826	0.00826	0.02363	0.01911	0.41020	0.33974	0.03518	0.03774	0.01075	0.00728	0.00209	0.00456	0.00919	0.00789	0.00912
16	0.01794	0.76823	0.03516	0.01148	0.01722	0.02655	0.01148	0.02009	0.01363	0.01579	0.00933	0.01076	0.00861	0.00574	0.00431	0.00144	0.00718	0.00359	0.00287	0.00861
17	0.01460	0.05883	0.37690	0.07401	0.06508	0.01510	0.05726	0.03880	0.08057	0.04788	0.01673	0.09439	0.01403	0.00822	0.00670	0.00217	0.00839	0.00702	0.00394	0.00935
18	0.00967	0.00789	0.01215	0.05449	0.06198	0.00764	0.05697	0.01167	0.01354	0.01798	0.03403	0.53720	0.07742	0.01774	0.00828	0.00261	0.00507	0.05181	0.00565	0.00622
19	0.00918	0.00685	0.00854	0.00811	0.00983	0.00620	0.00609	0.01206	0.01826	0.02516	0.58909	0.05300	0.19411	0.01437	0.00792	0.00214	0.00321	0.01254	0.00716	0.00620
20	0.02503	0.01247	0.01606	0.01390	0.05858	0.01199	0.01060	0.15935	0.03398	0.42641	0.06733	0.02567	0.01937	0.02826	0.00755	0.00220	0.00597	0.03428	0.03053	0.01048
21	0.01557	0.09458	0.22432	0.05005	0.04856	0.01693	0.36782	0.02119	0.01516	0.04308	0.01433	0.01750	0.02620	0.00625	0.00703	0.00213	0.01000	0.00668	0.00340	0.00922
22	0.01880	0.65455	0.07452	0.01198	0.01791	0.02435	0.01212	0.02133	0.01418	0.08206	0.01108	0.01208	0.00935	0.00602	0.00465	0.00154	0.00720	0.00396	0.00337	0.00895
23	0.00814	0.00681	0.00708	0.00701	0.00919	0.00575	0.00526	0.01003	0.01578	0.01928	0.15379	0.06267	0.63307	0.01656	0.00793	0.00225	0.00337	0.01389	0.00638	0.00575
24	0.09181	0.01471	0.04681	0.09659	0.29800	0.03789	0.05194	0.02105	0.03515	0.11455	0.01856	0.09050	0.03686	0.00830	0.00670	0.00213	0.00728	0.00744	0.00449	0.00924
25	0.03509	0.08717	0.09023	0.05782	0.13312	0.19166	0.01395	0.05956	0.01733	0.11710	0.07309	0.02049	0.03678	0.02951	0.00717	0.00207	0.00819	0.00618	0.00457	0.00890
26	0.78609	0.01316	0.01020	0.00904	0.01323	0.01524	0.00744	0.04179	0.01207	0.03050	0.00956	0.01107	0.00740	0.00629	0.00424	0.00207	0.00526	0.00371	0.00424	0.00740
27	0.01441	0.01390	0.09574	0.04730	0.23138	0.01158	0.01358	0.05774	0.01697	0.07286	0.17631	0.03256	0.14656	0.01039	0.00763	0.02256	0.00613	0.00869	0.00519	0.00854
28	0.01458	0.01220	0.01461	0.01060	0.01631	0.00973	0.02833	0.05747	0.01502	0.02324	0.01278	0.01478	0.01044	0.00533	0.00514	0.00112	0.00520	0.00434	0.04841	0.69036
29	0.02598	0.01043	0.01406	0.01131	0.01571	0.00905	0.00912	0.02834	0.01815	0.59401	0.03016	0.12234	0.05931	0.01046	0.00705	0.00217	0.00534	0.00878	0.00792	0.01031
30	0.01684	0.01762	0.09087	0.03789	0.62640	0.01588	0.02054	0.03670	0.01565	0.03871	0.01297	0.01652	0.01059	0.00612	0.00662	0.00201	0.00808	0.00590	0.00347	0.01060
31	0.01888	0.01992	0.15552	0.02153	0.04378	0.01621	0.30695	0.16557	0.01913	0.11004	0.01626	0.04633	0.01225	0.00721	0.00724	0.00217	0.00919	0.00724	0.00469	0.00988
32	0.02727	0.01498	0.01765	0.01364	0.01884	0.01527	0.01123	0.34010	0.06210	0.37407	0.02175	0.01986	0.01442	0.00823	0.00674	0.00206	0.00646	0.00647	0.00749	0.01137
33	0.01543	0.01694	0.03568	0.06849	0.09714	0.01621	0.55768	0.02072	0.01563	0.02121	0.01470	0.02137	0.01184	0.00651	0.00781	0.00229	0.01057	0.04733	0.00353	0.00893
34	0.01810	0.01585	0.02356	0.14639	0.38254	0.07259	0.05091	0.03780	0.03240	0.10247	0.04160	0.01872	0.01314	0.00684	0.00674	0.00205	0.00810	0.00630	0.00417	0.00976
35	0.01668	0.18565	0.28269	0.06315	0.10384	0.05403	0.06641	0.05275	0.03326	0.04344	0.01250	0.01476	0.00963	0.00654	0.00651	0.00198	0.02806	0.00521	0.00344	0.00947
36	0.01327	0.01290	0.01889	0.56299	0.03831	0.05750	0.01659	0.01693	0.01331	0.01682	0.01420	0.02044	0.03737	0.04842	0.00973	0.00251	0.08306	0.00638	0.00319	0.00721
37	0.01267	0.01193	0.02013	0.74806	0.04621	0.01491	0.01863	0.01714	0.01342	0.01714	0.01193	0.01789	0.00894	0.00671	0.00671	0.00224	0.00894	0.00596	0.00298	0.00745
38	0.02412	0.01533	0.10130	0.01561	0.07707	0.01265	0.01277	0.12173	0.04639	0.40258	0.04168	0.02142	0.01593	0.01037	0.04731	0.00256	0.00722	0.00659	0.00668	0.01070
39	0.01272	0.00876	0.01186	0.01102	0.04004	0.00801	0.04443	0.04026	0.01784	0.10994	0.32359	0.07332	0.24503	0.01336	0.00771	0.00218	0.00436	0.01164	0.00671	0.00723
40	0.00818	0.00584	0.00779	0.00934	0.00973	0.00545	0.00623	0.00934	0.01285	0.01713	0.03698	0.75981	0.04438	0.02102	0.00856	0.00273	0.00389	0.01908	0.00623	0.00545
41	0.01632	0.01590	0.05226	0.05975	0.59073	0.01517	0.04231	0.02032	0.01519	0.04420	0.01437	0.05683	0.01249	0.00689	0.00678	0.00206	0.00789	0.00674	0.00361	0.01019
42	0.01699	0.11702	0.19539	0.10592	0.11763	0.06915	0.13923	0.09885	0.01679	0.02230	0.01238	0.01525	0.00952	0.00635	0.00644	0.00199	0.00919	0.00561	0.00354	0.03048
43	0.00922	0.00682	0.00909	0.00948	0.01021	0.00716	0.00671	0.01071	0.01212	0.01659	0.07780	0.28623	0.06985	0.17293	0.23023	0.00579	0.03612	0.01248	0.00499	0.00549

[dist]
# distance from previous block
# <min> <max>
0	11

# created by:
# /home/berkeley/.conda/envs/busco_data_prod/bin/msa2prfl.pl pipeline/OGs_align_augustus/4893/23434.fs
