[name]
unknown

[dist]
# distance from previous block
# <min> <max>
0	24

[block]
# block no. 0 follows, 34 sequences, length 22
# corresponding to MSA columns:
# 31-52
name=unknown_A
#
# <colnr> <probs for GDERKNQSTAVLIFYWHMCP>
#	G	D	E	R	K	N	Q	S	T	A	V	L	I	F	Y	W	H	M	C	P
0	0.09041	0.13591	0.17511	0.03300	0.01973	0.11334	0.03347	0.04486	0.07244	0.06318	0.01789	0.02199	0.05280	0.00800	0.00599	0.00195	0.00752	0.06385	0.00420	0.03435
1	0.04272	0.01948	0.19248	0.01517	0.02031	0.07971	0.06302	0.10156	0.08632	0.13816	0.10432	0.02053	0.01754	0.00811	0.00753	0.00207	0.06039	0.00644	0.00506	0.00909
2	0.01318	0.01103	0.01292	0.00967	0.01475	0.00867	0.00763	0.04333	0.01418	0.02163	0.04228	0.08238	0.01463	0.00662	0.00527	0.00119	0.00472	0.00552	0.00426	0.67613
3	0.01525	0.04171	0.22095	0.04601	0.02862	0.08059	0.33830	0.03816	0.01503	0.02003	0.01413	0.01726	0.03769	0.00659	0.00766	0.00211	0.05155	0.00647	0.00327	0.00861
4	0.05028	0.20883	0.51367	0.01653	0.02477	0.01754	0.04453	0.02014	0.01346	0.01960	0.01091	0.01286	0.00821	0.00596	0.00562	0.00189	0.00876	0.00450	0.00281	0.00911
5	0.01320	0.07458	0.70038	0.01801	0.02734	0.01559	0.02316	0.02040	0.01361	0.02017	0.01145	0.01346	0.00819	0.00610	0.00603	0.00201	0.00940	0.00470	0.00273	0.00948
6	0.00940	0.00626	0.00705	0.00705	0.00705	0.00626	0.00392	0.00940	0.00940	0.01253	0.02036	0.04228	0.02349	0.77292	0.03289	0.00626	0.00626	0.00940	0.00392	0.00392
7	0.00765	0.00650	0.00659	0.00667	0.00876	0.00544	0.00496	0.00926	0.01461	0.01741	0.06398	0.09716	0.69598	0.01656	0.00767	0.00220	0.00330	0.01387	0.00600	0.00544
8	0.07968	0.15024	0.12107	0.05133	0.02128	0.06216	0.05898	0.15994	0.11920	0.09239	0.01514	0.01581	0.01120	0.00690	0.00589	0.00191	0.00742	0.00538	0.00470	0.00936
9	0.01950	0.06698	0.05089	0.01504	0.01893	0.31744	0.05664	0.06238	0.12893	0.06338	0.05340	0.04782	0.01537	0.00992	0.04294	0.00231	0.00907	0.00620	0.00455	0.00830
10	0.01834	0.18687	0.20151	0.01652	0.02233	0.22752	0.08441	0.06770	0.07872	0.01992	0.01228	0.01380	0.00961	0.00643	0.00583	0.00181	0.00917	0.00489	0.00354	0.00876
11	0.01313	0.06215	0.71218	0.01813	0.02753	0.01541	0.02338	0.02042	0.01362	0.02026	0.01149	0.01352	0.00819	0.00612	0.00606	0.00202	0.00945	0.00472	0.00273	0.00950
12	0.00905	0.00660	0.00851	0.00803	0.00960	0.00606	0.00603	0.01202	0.01808	0.02540	0.68927	0.04910	0.10122	0.01340	0.00762	0.00204	0.00306	0.01180	0.00705	0.00606
13	0.10115	0.25856	0.35041	0.01420	0.02133	0.01751	0.01627	0.02139	0.01383	0.11240	0.01231	0.01338	0.00910	0.00618	0.00534	0.00183	0.00773	0.00445	0.00355	0.00908
14	0.01475	0.02096	0.19282	0.02529	0.03249	0.01605	0.55799	0.02065	0.01490	0.02065	0.01275	0.01659	0.00945	0.00560	0.00730	0.00215	0.01060	0.00700	0.00315	0.00890
15	0.01244	0.02976	0.63956	0.01701	0.02546	0.01379	0.02144	0.01933	0.01428	0.02121	0.10967	0.01837	0.01540	0.00711	0.00634	0.00204	0.00866	0.00572	0.00333	0.00908
16	0.00835	0.00650	0.00765	0.00758	0.00928	0.00581	0.00563	0.01055	0.01581	0.02077	0.33560	0.12165	0.35974	0.01670	0.03704	0.00249	0.00378	0.01301	0.00636	0.00571
17	0.04096	0.05845	0.03380	0.00927	0.01220	0.00854	0.00762	0.01604	0.01619	0.14203	0.31760	0.07767	0.12158	0.01200	0.00740	0.02310	0.00430	0.02886	0.00620	0.05621
18	0.06336	0.05096	0.03432	0.00964	0.01317	0.00897	0.00791	0.01770	0.01565	0.18413	0.21098	0.12709	0.07411	0.01067	0.00652	0.00189	0.00453	0.00904	0.00599	0.14337
19	0.04311	0.34884	0.13105	0.01295	0.01808	0.10424	0.01254	0.02239	0.14256	0.01941	0.05662	0.01740	0.01423	0.00713	0.00541	0.00176	0.00721	0.02266	0.00390	0.00850
20	0.09386	0.31355	0.14657	0.01309	0.01829	0.14892	0.01276	0.02117	0.04859	0.04336	0.03621	0.03004	0.01234	0.00707	0.00533	0.00176	0.00767	0.02756	0.00365	0.00822
21	0.21396	0.21538	0.14499	0.01254	0.01792	0.09318	0.01219	0.06321	0.03657	0.09388	0.03337	0.01411	0.01080	0.00657	0.00518	0.00182	0.00710	0.00458	0.00411	0.00854

[dist]
# distance from previous block
# <min> <max>
1	34

[block]
# block no. 1 follows, 34 sequences, length 64
# corresponding to MSA columns:
# 90-153
name=unknown_B
#
# <colnr> <probs for GDERKNQSTAVLIFYWHMCP>
#	G	D	E	R	K	N	Q	S	T	A	V	L	I	F	Y	W	H	M	C	P
0	0.09718	0.19209	0.24556	0.01376	0.01930	0.09736	0.03343	0.01869	0.01422	0.01962	0.06037	0.04530	0.05163	0.00830	0.00592	0.00195	0.00759	0.05610	0.00373	0.00793
1	0.16516	0.26875	0.14548	0.03221	0.01880	0.03774	0.04812	0.04330	0.01369	0.02048	0.02858	0.01644	0.02669	0.00960	0.05782	0.00240	0.00788	0.02207	0.00350	0.03130
2	0.22036	0.17611	0.27666	0.01264	0.01873	0.01559	0.01388	0.01850	0.01322	0.02180	0.05863	0.01791	0.03968	0.00709	0.00535	0.00188	0.00685	0.02475	0.00361	0.04676
3	0.11622	0.21056	0.35094	0.01467	0.02147	0.05237	0.01645	0.02145	0.06230	0.04298	0.01193	0.01335	0.00912	0.00636	0.00576	0.00189	0.02547	0.00451	0.00336	0.00886
4	0.01414	0.14504	0.56291	0.01724	0.02573	0.04580	0.04089	0.02040	0.01379	0.01950	0.01117	0.01317	0.00829	0.00601	0.00583	0.00190	0.00914	0.00461	0.00280	0.03163
5	0.01687	0.03165	0.01645	0.01424	0.04299	0.03633	0.03799	0.10824	0.45288	0.04295	0.02508	0.02390	0.06506	0.00858	0.00650	0.00205	0.00576	0.00715	0.00599	0.04933
6	0.00781	0.00618	0.00706	0.00774	0.00913	0.00542	0.00552	0.00927	0.01373	0.01710	0.05188	0.36395	0.41804	0.01806	0.00793	0.00239	0.00355	0.03389	0.00600	0.00538
7	0.01305	0.03281	0.71270	0.01875	0.02819	0.01506	0.05000	0.02047	0.01370	0.02047	0.01165	0.01379	0.00825	0.00611	0.00620	0.00205	0.00960	0.00488	0.00275	0.00952
8	0.00792	0.00656	0.00695	0.00685	0.00890	0.00558	0.00514	0.00983	0.01541	0.01907	0.19236	0.05952	0.60208	0.01576	0.00763	0.00215	0.00323	0.01326	0.00621	0.00558
9	0.01727	0.77681	0.03386	0.01106	0.01658	0.02557	0.01106	0.01935	0.01313	0.01520	0.00898	0.01036	0.00829	0.00553	0.00415	0.00138	0.00691	0.00345	0.00276	0.00829
10	0.01006	0.00718	0.00999	0.01142	0.01277	0.00712	0.00973	0.01280	0.01466	0.01917	0.05453	0.15974	0.03857	0.01802	0.00880	0.00290	0.00559	0.58507	0.00599	0.00587
11	0.02449	0.01750	0.01894	0.01460	0.01970	0.01925	0.01203	0.64347	0.05694	0.08206	0.01654	0.01624	0.01163	0.00781	0.00647	0.00195	0.00693	0.00592	0.00656	0.01096
12	0.02414	0.03079	0.01831	0.01665	0.01998	0.74698	0.01248	0.02580	0.01831	0.01581	0.00999	0.01165	0.00832	0.00666	0.00583	0.00166	0.01165	0.00416	0.00333	0.00749
13	0.02414	0.03079	0.01831	0.01665	0.01998	0.74698	0.01248	0.02580	0.01831	0.01581	0.00999	0.01165	0.00832	0.00666	0.00583	0.00166	0.01165	0.00416	0.00333	0.00749
14	0.02456	0.01810	0.01939	0.01487	0.02004	0.02004	0.01228	0.71107	0.03038	0.04072	0.01551	0.01551	0.01099	0.00776	0.00646	0.00194	0.00711	0.00582	0.00646	0.01099
15	0.01134	0.00890	0.01141	0.06527	0.04892	0.03135	0.00872	0.05051	0.01586	0.02161	0.28892	0.08937	0.08169	0.01514	0.04409	0.06661	0.02699	0.07486	0.03213	0.00632
16	0.09607	0.01385	0.01482	0.01267	0.01677	0.01540	0.01008	0.12244	0.44964	0.14173	0.02308	0.02133	0.01675	0.00824	0.00630	0.00211	0.00543	0.00661	0.00654	0.01014
17	0.00925	0.00686	0.01006	0.01006	0.01111	0.00790	0.00768	0.01133	0.01029	0.01476	0.01760	0.02700	0.01686	0.11781	0.67893	0.00999	0.01625	0.00716	0.00350	0.00559
18	0.00940	0.00626	0.00705	0.00705	0.00705	0.00626	0.00392	0.00940	0.00940	0.01253	0.02036	0.04228	0.02349	0.77292	0.03289	0.00626	0.00626	0.00940	0.00392	0.00392
19	0.01727	0.77681	0.03386	0.01106	0.01658	0.02557	0.01106	0.01935	0.01313	0.01520	0.00898	0.01036	0.00829	0.00553	0.00415	0.00138	0.00691	0.00345	0.00276	0.00829
20	0.01575	0.01678	0.08263	0.03798	0.67689	0.01532	0.02015	0.01988	0.01463	0.02106	0.01211	0.01581	0.01007	0.00579	0.00638	0.00193	0.00782	0.00568	0.00316	0.01018
21	0.01414	0.01414	0.01979	0.01696	0.01696	0.01979	0.01414	0.01555	0.00990	0.01555	0.00848	0.01414	0.00848	0.01131	0.02120	0.00283	0.76110	0.00565	0.00283	0.00707
22	0.01708	0.01523	0.04430	0.01359	0.01768	0.01656	0.01105	0.12448	0.60005	0.02860	0.02426	0.02254	0.01809	0.00853	0.00654	0.00215	0.00556	0.00700	0.00641	0.01030
23	0.01727	0.77681	0.03386	0.01106	0.01658	0.02557	0.01106	0.01935	0.01313	0.01520	0.00898	0.01036	0.00829	0.00553	0.00415	0.00138	0.00691	0.00345	0.00276	0.00829
24	0.02456	0.01810	0.01939	0.01487	0.02004	0.02004	0.01228	0.71107	0.03038	0.04072	0.01551	0.01551	0.01099	0.00776	0.00646	0.00194	0.00711	0.00582	0.00646	0.01099
25	0.00892	0.00660	0.00833	0.00789	0.00952	0.00600	0.00592	0.01176	0.01776	0.02466	0.63113	0.05032	0.15983	0.01368	0.00762	0.00205	0.00308	0.01197	0.00695	0.00600
26	0.00940	0.00626	0.00705	0.00705	0.00705	0.00626	0.00392	0.00940	0.00940	0.01253	0.02036	0.04228	0.02349	0.77292	0.03289	0.00626	0.00626	0.00940	0.00392	0.00392
27	0.01662	0.01238	0.01337	0.01173	0.01516	0.01372	0.00920	0.10455	0.43251	0.07551	0.07630	0.02572	0.03902	0.00895	0.00638	0.00205	0.00488	0.00739	0.11516	0.00937
28	0.00848	0.00650	0.00777	0.00761	0.00929	0.00579	0.00565	0.01085	0.01648	0.02200	0.42586	0.11296	0.30745	0.01496	0.00768	0.00214	0.00319	0.01296	0.00661	0.00579
29	0.14700	0.01079	0.01217	0.01012	0.01334	0.01092	0.00772	0.11290	0.04374	0.27382	0.01995	0.02584	0.01643	0.25079	0.01449	0.00335	0.00586	0.00688	0.00581	0.00808
30	0.01554	0.01439	0.02173	0.01776	0.01946	0.01818	0.11851	0.01926	0.07945	0.06859	0.01209	0.01615	0.01029	0.00994	0.01671	0.00261	0.52165	0.00617	0.00362	0.00790
31	0.01414	0.01414	0.01979	0.01696	0.01696	0.01979	0.01414	0.01555	0.00990	0.01555	0.00848	0.01414	0.00848	0.01131	0.02120	0.00283	0.76110	0.00565	0.00283	0.00707
32	0.01340	0.01148	0.01340	0.00957	0.01531	0.00861	0.00766	0.01627	0.01340	0.02105	0.01148	0.01340	0.00957	0.00479	0.00479	0.00096	0.00479	0.00383	0.00383	0.81242
33	0.01936	0.01640	0.01855	0.04799	0.13331	0.05470	0.01292	0.27336	0.29663	0.03000	0.01875	0.01882	0.01405	0.00772	0.00646	0.00203	0.00671	0.00630	0.00568	0.01024
34	0.00792	0.00566	0.00754	0.00897	0.00938	0.00528	0.00600	0.00911	0.01258	0.01683	0.06050	0.74285	0.04339	0.01999	0.00822	0.00260	0.00372	0.01813	0.00604	0.00528
35	0.01340	0.01148	0.01340	0.00957	0.01531	0.00861	0.00766	0.01627	0.01340	0.02105	0.01148	0.01340	0.00957	0.00479	0.00479	0.00096	0.00479	0.00383	0.00383	0.81242
36	0.00787	0.00562	0.00750	0.00900	0.00937	0.00525	0.00600	0.00900	0.01237	0.01649	0.03561	0.76871	0.04274	0.02024	0.00825	0.00262	0.00375	0.01837	0.00600	0.00525
37	0.01051	0.00694	0.00886	0.00819	0.01007	0.00628	0.00621	0.01333	0.01783	0.08103	0.58579	0.04803	0.14587	0.01321	0.00753	0.00205	0.00327	0.01153	0.00704	0.00640
38	0.01129	0.00650	0.00758	0.00737	0.00901	0.00624	0.00565	0.01426	0.01560	0.04744	0.28909	0.03713	0.05290	0.01055	0.00610	0.00183	0.00330	0.05111	0.41085	0.00619
39	0.02044	0.01605	0.01707	0.01403	0.01847	0.01811	0.01128	0.38275	0.36541	0.03408	0.02075	0.01968	0.01523	0.00825	0.00652	0.00206	0.00614	0.00654	0.00652	0.01062
40	0.81856	0.01250	0.00950	0.00850	0.01250	0.01449	0.00700	0.01899	0.01100	0.02899	0.00900	0.01050	0.00700	0.00600	0.00400	0.00200	0.00500	0.00350	0.00400	0.00700
41	0.81856	0.01250	0.00950	0.00850	0.01250	0.01449	0.00700	0.01899	0.01100	0.02899	0.00900	0.01050	0.00700	0.00600	0.00400	0.00200	0.00500	0.00350	0.00400	0.00700
42	0.66417	0.01220	0.01057	0.00908	0.01328	0.01352	0.00749	0.02144	0.01246	0.16745	0.01222	0.01274	0.00876	0.00639	0.00449	0.00200	0.00510	0.00409	0.00478	0.00778
43	0.01727	0.77681	0.03386	0.01106	0.01658	0.02557	0.01106	0.01935	0.01313	0.01520	0.00898	0.01036	0.00829	0.00553	0.00415	0.00138	0.00691	0.00345	0.00276	0.00829
44	0.02365	0.08358	0.01941	0.01625	0.01974	0.69593	0.01238	0.02534	0.01794	0.01577	0.00992	0.01156	0.00832	0.00658	0.00571	0.00164	0.01132	0.00411	0.00329	0.00755
45	0.01052	0.00816	0.01144	0.06962	0.03822	0.00806	0.03396	0.01446	0.06661	0.04023	0.39971	0.15547	0.09213	0.01301	0.00749	0.00216	0.00427	0.01161	0.00623	0.00666
46	0.02793	0.01093	0.01471	0.01138	0.01625	0.00955	0.00937	0.03085	0.03840	0.69350	0.02681	0.02336	0.03927	0.00829	0.00654	0.00201	0.00541	0.00675	0.00789	0.01079
47	0.01501	0.01578	0.01752	0.07404	0.01848	0.15921	0.01276	0.01676	0.01183	0.01546	0.01084	0.01684	0.01027	0.05121	0.12198	0.00379	0.41260	0.00573	0.00307	0.00682
48	0.00787	0.00562	0.00750	0.00900	0.00937	0.00525	0.00600	0.00900	0.01237	0.01649	0.03561	0.76871	0.04274	0.02024	0.00825	0.00262	0.00375	0.01837	0.00600	0.00525
49	0.01122	0.00561	0.00842	0.00842	0.00842	0.00561	0.00561	0.00842	0.00842	0.01122	0.01122	0.01964	0.01122	0.02245	0.02525	0.81201	0.00561	0.00561	0.00281	0.00281
50	0.01607	0.01388	0.01461	0.01315	0.01680	0.01607	0.01023	0.03433	0.72094	0.02703	0.02630	0.02411	0.01972	0.00877	0.00657	0.00219	0.00511	0.00731	0.00657	0.01023
51	0.02337	0.01736	0.01864	0.01449	0.01941	0.01922	0.01190	0.63643	0.07889	0.03919	0.04349	0.01737	0.01351	0.00804	0.00652	0.00196	0.00681	0.00615	0.00650	0.01075
52	0.01414	0.01414	0.01979	0.01696	0.01696	0.01979	0.01414	0.01555	0.00990	0.01555	0.00848	0.01414	0.00848	0.01131	0.02120	0.00283	0.76110	0.00565	0.00283	0.00707
53	0.02253	0.01715	0.01923	0.06762	0.02140	0.01946	0.01275	0.58009	0.05480	0.03647	0.01510	0.01587	0.01097	0.00799	0.00763	0.00203	0.06676	0.00586	0.00593	0.01038
54	0.01532	0.01844	0.11083	0.02665	0.15261	0.01660	0.39732	0.04463	0.01483	0.02079	0.01224	0.01626	0.00957	0.00642	0.00897	0.00219	0.10749	0.00666	0.00325	0.00894
55	0.01336	0.01322	0.07082	0.01027	0.01631	0.00912	0.00894	0.01660	0.01342	0.02101	0.01149	0.01342	0.00946	0.00489	0.00489	0.00104	0.00516	0.00390	0.00374	0.74893
56	0.01306	0.01110	0.01302	0.00946	0.01486	0.00841	0.00753	0.01595	0.01379	0.02144	0.06824	0.01616	0.01363	0.00545	0.00501	0.00104	0.00465	0.00445	0.00409	0.74866
57	0.01557	0.01493	0.02547	0.11890	0.65664	0.01524	0.01962	0.01946	0.01451	0.02060	0.01208	0.01613	0.01006	0.00583	0.00640	0.00194	0.00778	0.00576	0.00316	0.00990
58	0.00987	0.00876	0.06253	0.00903	0.01019	0.00731	0.03222	0.01106	0.01100	0.01494	0.07661	0.05900	0.02602	0.56893	0.02609	0.00520	0.00635	0.04585	0.00422	0.00482
59	0.02742	0.01065	0.01449	0.01123	0.01595	0.00923	0.00923	0.02996	0.01848	0.68085	0.08114	0.02407	0.01955	0.00841	0.00659	0.00200	0.00530	0.00691	0.00793	0.01061
60	0.75577	0.01294	0.01028	0.00900	0.01309	0.01493	0.00742	0.07372	0.01253	0.02992	0.00951	0.01089	0.00731	0.00614	0.00419	0.00199	0.00517	0.00368	0.00419	0.00731
61	0.01918	0.01529	0.01586	0.01348	0.01750	0.04372	0.01076	0.25968	0.38922	0.04933	0.02214	0.02256	0.01681	0.00863	0.00651	0.00208	0.00599	0.03262	0.03858	0.01007
62	0.00802	0.00607	0.00741	0.00811	0.00923	0.00546	0.00569	0.00964	0.01411	0.01842	0.16552	0.43230	0.25089	0.01786	0.00796	0.00239	0.00348	0.01579	0.00619	0.00546
63	0.01767	0.02109	0.21323	0.01628	0.04966	0.07430	0.03409	0.13765	0.23413	0.05920	0.01733	0.01758	0.01278	0.00722	0.00628	0.00197	0.00743	0.00581	0.00492	0.06141

[dist]
# distance from previous block
# <min> <max>
0	1

[block]
# block no. 2 follows, 34 sequences, length 79
# corresponding to MSA columns:
# 155-233
name=unknown_C
#
# <colnr> <probs for GDERKNQSTAVLIFYWHMCP>
#	G	D	E	R	K	N	Q	S	T	A	V	L	I	F	Y	W	H	M	C	P
0	0.01351	0.01322	0.01860	0.01613	0.01627	0.01830	0.01337	0.01504	0.00996	0.01548	0.00960	0.01557	0.00946	0.01603	0.11351	0.00379	0.66655	0.00582	0.00291	0.00690
1	0.12038	0.01492	0.01582	0.01432	0.05206	0.01691	0.01084	0.21506	0.40910	0.03070	0.02049	0.01965	0.01528	0.00799	0.00621	0.00209	0.00576	0.00634	0.00605	0.01002
2	0.01296	0.03342	0.73944	0.01842	0.02797	0.01501	0.02387	0.02046	0.01364	0.02046	0.01160	0.01364	0.00818	0.00614	0.00614	0.00205	0.00955	0.00477	0.00273	0.00955
3	0.02456	0.01810	0.01939	0.01487	0.02004	0.02004	0.01228	0.71107	0.03038	0.04072	0.01551	0.01551	0.01099	0.00776	0.00646	0.00194	0.00711	0.00582	0.00646	0.01099
4	0.00914	0.00660	0.00864	0.00813	0.00965	0.00610	0.00610	0.01219	0.01829	0.02591	0.72921	0.04827	0.06097	0.01321	0.00762	0.00203	0.00305	0.01169	0.00711	0.00610
5	0.00769	0.00655	0.00662	0.00660	0.00876	0.00548	0.00495	0.00938	0.01485	0.01775	0.08872	0.06170	0.70655	0.01625	0.00764	0.00218	0.00326	0.01357	0.00604	0.00548
6	0.24307	0.01317	0.01480	0.01180	0.01625	0.01378	0.03926	0.20708	0.03675	0.23335	0.03902	0.01878	0.03054	0.00762	0.00581	0.00198	0.00576	0.00586	0.04608	0.00925
7	0.34471	0.01175	0.01167	0.00975	0.01362	0.01254	0.00794	0.13624	0.01656	0.18077	0.04355	0.01763	0.01335	0.00726	0.00517	0.00190	0.00503	0.00528	0.14696	0.00831
8	0.38594	0.03462	0.01408	0.01109	0.01538	0.01510	0.00917	0.19234	0.01739	0.17671	0.01469	0.03407	0.01087	0.00740	0.00588	0.00201	0.03389	0.00516	0.00541	0.00880
9	0.00940	0.00626	0.00705	0.00705	0.00705	0.00626	0.00392	0.00940	0.00940	0.01253	0.02036	0.04228	0.02349	0.77292	0.03289	0.00626	0.00626	0.00940	0.00392	0.00392
10	0.01744	0.01456	0.01538	0.01343	0.01732	0.01671	0.01056	0.14316	0.60990	0.02923	0.02456	0.02272	0.01832	0.00860	0.00656	0.00215	0.00543	0.00707	0.00656	0.01035
11	0.01839	0.01185	0.01316	0.01068	0.01440	0.03265	0.00861	0.19095	0.01873	0.14201	0.04572	0.02147	0.01569	0.00782	0.00625	0.00171	0.03166	0.02689	0.23183	0.14953
12	0.01765	0.55257	0.13901	0.01293	0.01882	0.09952	0.01321	0.05000	0.01449	0.01717	0.00977	0.01122	0.00840	0.00584	0.00473	0.00154	0.00782	0.00383	0.00298	0.00852
13	0.81856	0.01250	0.00950	0.00850	0.01250	0.01449	0.00700	0.01899	0.01100	0.02899	0.00900	0.01050	0.00700	0.00600	0.00400	0.00200	0.00500	0.00350	0.00400	0.00700
14	0.05796	0.01673	0.05349	0.12043	0.38532	0.05314	0.14352	0.05362	0.01531	0.02154	0.01211	0.01578	0.00965	0.00596	0.00647	0.00199	0.00848	0.00586	0.00336	0.00929
15	0.00936	0.00641	0.00781	0.00781	0.00807	0.00668	0.00486	0.00988	0.00962	0.01309	0.01966	0.03844	0.02182	0.60804	0.19548	0.00720	0.00878	0.00883	0.00381	0.00434
16	0.00787	0.00562	0.00750	0.00900	0.00937	0.00525	0.00600	0.00900	0.01237	0.01649	0.03561	0.76871	0.04274	0.02024	0.00825	0.00262	0.00375	0.01837	0.00600	0.00525
17	0.00879	0.00659	0.00814	0.00776	0.00943	0.00595	0.00582	0.01150	0.01745	0.02392	0.57263	0.05155	0.21879	0.01395	0.00762	0.00207	0.00310	0.01215	0.00685	0.00595
18	0.01639	0.01404	0.01479	0.01321	0.01692	0.01622	0.01030	0.05961	0.69515	0.02754	0.02590	0.02379	0.01940	0.00873	0.00657	0.00218	0.00519	0.00725	0.00657	0.01026
19	0.14956	0.01107	0.01395	0.01105	0.01575	0.01018	0.00915	0.02879	0.01719	0.59732	0.02333	0.02242	0.01552	0.00811	0.00622	0.00204	0.00544	0.03545	0.00729	0.01016
20	0.01727	0.77681	0.03386	0.01106	0.01658	0.02557	0.01106	0.01935	0.01313	0.01520	0.00898	0.01036	0.00829	0.00553	0.00415	0.00138	0.00691	0.00345	0.00276	0.00829
21	0.01041	0.00744	0.01041	0.01190	0.01339	0.00744	0.01041	0.01339	0.01487	0.01934	0.03421	0.07288	0.03719	0.01785	0.00892	0.00297	0.00595	0.68913	0.00595	0.00595
22	0.02123	0.02332	0.01695	0.01504	0.01860	0.41616	0.01152	0.11461	0.21428	0.02258	0.05030	0.01738	0.01439	0.00770	0.00620	0.00186	0.00885	0.00561	0.00481	0.00862
23	0.81856	0.01250	0.00950	0.00850	0.01250	0.01449	0.00700	0.01899	0.01100	0.02899	0.00900	0.01050	0.00700	0.00600	0.00400	0.00200	0.00500	0.00350	0.00400	0.00700
24	0.01571	0.01583	0.02900	0.03533	0.51627	0.01583	0.19850	0.01985	0.01462	0.02073	0.01221	0.01627	0.01004	0.00595	0.00744	0.00203	0.04528	0.00624	0.00320	0.00969
25	0.00869	0.00655	0.00803	0.00773	0.00939	0.00589	0.00577	0.01128	0.01711	0.02327	0.52379	0.07894	0.24122	0.01433	0.00765	0.00209	0.00314	0.01246	0.00677	0.00589
26	0.00893	0.00664	0.00883	0.06831	0.01241	0.00659	0.00707	0.03034	0.01307	0.01729	0.05092	0.55303	0.07341	0.07542	0.00990	0.00282	0.00446	0.03942	0.00563	0.00552
27	0.00881	0.00656	0.00819	0.00784	0.00946	0.00594	0.00586	0.01152	0.01740	0.02395	0.57667	0.07324	0.19259	0.01405	0.00764	0.00208	0.00311	0.01228	0.00686	0.00594
28	0.01444	0.01450	0.02085	0.01744	0.01833	0.03659	0.07785	0.03349	0.01114	0.01663	0.00967	0.01512	0.00914	0.01290	0.06477	0.00319	0.60781	0.00588	0.00301	0.00725
29	0.01580	0.01104	0.01705	0.08574	0.26556	0.01085	0.01315	0.01897	0.01571	0.16333	0.11069	0.05470	0.06802	0.01010	0.00709	0.00217	0.00610	0.11016	0.00528	0.00852
30	0.17031	0.01553	0.01663	0.01297	0.01789	0.01673	0.01071	0.43679	0.02425	0.19033	0.01650	0.01601	0.01135	0.00749	0.00602	0.00196	0.00637	0.00554	0.00635	0.01026
31	0.01665	0.01325	0.01926	0.04839	0.05489	0.06036	0.15911	0.06453	0.06401	0.13805	0.14170	0.06560	0.04100	0.00969	0.00751	0.00216	0.02430	0.05574	0.00547	0.00833
32	0.01708	0.01688	0.02499	0.09190	0.52226	0.08864	0.05205	0.06929	0.01607	0.02159	0.01217	0.01569	0.00995	0.00603	0.00641	0.00193	0.00826	0.00569	0.00342	0.00970
33	0.70255	0.01326	0.01242	0.01040	0.01468	0.01501	0.06302	0.06474	0.01261	0.02911	0.00975	0.01138	0.00748	0.00607	0.00445	0.00201	0.00560	0.00398	0.00410	0.00740
34	0.81856	0.01250	0.00950	0.00850	0.01250	0.01449	0.00700	0.01899	0.01100	0.02899	0.00900	0.01050	0.00700	0.00600	0.00400	0.00200	0.00500	0.00350	0.00400	0.00700
35	0.02525	0.01408	0.01961	0.01482	0.02004	0.01376	0.11220	0.22528	0.04682	0.40704	0.02084	0.01954	0.01379	0.00758	0.00665	0.00202	0.00673	0.00650	0.00682	0.01063
36	0.01494	0.01764	0.08918	0.10130	0.19327	0.01581	0.42997	0.02007	0.01477	0.02036	0.01259	0.01678	0.00966	0.00567	0.00711	0.00211	0.00983	0.00679	0.00317	0.00897
37	0.01122	0.00561	0.00842	0.00842	0.00842	0.00561	0.00561	0.00842	0.00842	0.01122	0.01122	0.01964	0.01122	0.02245	0.02525	0.81201	0.00561	0.00561	0.00281	0.00281
38	0.01588	0.01720	0.08934	0.09001	0.48763	0.05331	0.01840	0.04459	0.05038	0.02157	0.04046	0.01728	0.01227	0.00640	0.00641	0.00195	0.00780	0.00589	0.00357	0.00965
39	0.01161	0.01264	0.09535	0.03718	0.17537	0.01011	0.06967	0.01477	0.01370	0.01928	0.05857	0.31884	0.02551	0.01187	0.00710	0.00214	0.00604	0.01095	0.00454	0.09474
40	0.01532	0.00961	0.01113	0.00970	0.01241	0.00976	0.00751	0.10459	0.12379	0.12667	0.24534	0.03311	0.06135	0.05876	0.00826	0.00223	0.00441	0.00857	0.13965	0.00783
41	0.02570	0.01614	0.04563	0.01379	0.01907	0.01606	0.01173	0.44050	0.02547	0.28986	0.01894	0.01777	0.01268	0.00778	0.00646	0.00196	0.00663	0.00602	0.00687	0.01094
42	0.01349	0.02659	0.47845	0.05579	0.07248	0.01493	0.14762	0.02044	0.03894	0.02080	0.04064	0.01638	0.01111	0.00637	0.00652	0.00207	0.00922	0.00576	0.00317	0.00921
43	0.00816	0.00595	0.00776	0.00909	0.00980	0.00555	0.00643	0.00958	0.01295	0.01696	0.03878	0.60243	0.11904	0.01951	0.00826	0.00262	0.00397	0.10182	0.00599	0.00536
44	0.01697	0.03575	0.05073	0.02352	0.02951	0.03610	0.51331	0.05660	0.05366	0.07455	0.01447	0.01751	0.01069	0.00614	0.00763	0.00214	0.03067	0.00711	0.00392	0.00901
45	0.01296	0.03342	0.73944	0.01842	0.02797	0.01501	0.02387	0.02046	0.01364	0.02046	0.01160	0.01364	0.00818	0.00614	0.00614	0.00205	0.00955	0.00477	0.00273	0.00955
46	0.00914	0.00660	0.00864	0.00813	0.00965	0.00610	0.00610	0.01219	0.01829	0.02591	0.72921	0.04827	0.06097	0.01321	0.00762	0.00203	0.00305	0.01169	0.00711	0.00610
47	0.01425	0.25603	0.52816	0.01621	0.02456	0.01817	0.02003	0.02013	0.01349	0.01889	0.01081	0.01266	0.00822	0.00596	0.00554	0.00185	0.00876	0.00438	0.00274	0.00917
48	0.01296	0.03342	0.73944	0.01842	0.02797	0.01501	0.02387	0.02046	0.01364	0.02046	0.01160	0.01364	0.00818	0.00614	0.00614	0.00205	0.00955	0.00477	0.00273	0.00955
49	0.00856	0.00658	0.00782	0.00751	0.00929	0.00585	0.00563	0.01106	0.01690	0.02262	0.47079	0.05368	0.32144	0.01444	0.00763	0.00209	0.00314	0.01244	0.00668	0.00585
50	0.00941	0.00710	0.00876	0.00826	0.01002	0.00669	0.00622	0.01331	0.06618	0.02482	0.58921	0.04852	0.15046	0.01334	0.00755	0.00206	0.00322	0.01165	0.00692	0.00629
51	0.01122	0.00561	0.00842	0.00842	0.00842	0.00561	0.00561	0.00842	0.00842	0.01122	0.01122	0.01964	0.01122	0.02245	0.02525	0.81201	0.00561	0.00561	0.00281	0.00281
52	0.04278	0.00602	0.00748	0.00871	0.00944	0.00567	0.00592	0.00946	0.01257	0.01714	0.03773	0.65865	0.11647	0.01920	0.00800	0.00255	0.00375	0.01721	0.00591	0.00535
53	0.01563	0.01603	0.05708	0.03737	0.65143	0.01516	0.05330	0.01966	0.01469	0.02098	0.01341	0.01703	0.02675	0.00600	0.00647	0.00194	0.00781	0.00599	0.00325	0.01002
54	0.01356	0.00757	0.00906	0.00827	0.01045	0.00727	0.00634	0.01752	0.06735	0.13247	0.29544	0.05391	0.05388	0.01045	0.00634	0.00188	0.00358	0.00890	0.27869	0.00707
55	0.01414	0.01414	0.01979	0.01696	0.01696	0.01979	0.01414	0.01555	0.00990	0.01555	0.00848	0.01414	0.00848	0.01131	0.02120	0.00283	0.76110	0.00565	0.00283	0.00707
56	0.01350	0.01158	0.01345	0.00971	0.01537	0.00891	0.00776	0.01698	0.04123	0.02129	0.01207	0.01382	0.00997	0.00494	0.00486	0.00101	0.00480	0.00396	0.00394	0.78087
57	0.01467	0.01263	0.01531	0.04750	0.09563	0.01435	0.01110	0.02709	0.45776	0.02427	0.09344	0.02482	0.02144	0.01093	0.03623	0.03377	0.03694	0.00736	0.00568	0.00909
58	0.00927	0.00761	0.01003	0.06956	0.07112	0.00720	0.00769	0.01179	0.01575	0.02079	0.30444	0.10177	0.31143	0.01381	0.00748	0.00213	0.00401	0.01198	0.00594	0.00621
59	0.03863	0.06869	0.01722	0.01327	0.06163	0.03290	0.01015	0.14345	0.04248	0.20496	0.01600	0.01614	0.01165	0.00645	0.00564	0.00157	0.00591	0.00507	0.00531	0.29287
60	0.59325	0.01360	0.01201	0.10462	0.01756	0.05573	0.00908	0.05416	0.01298	0.06180	0.01050	0.01223	0.00792	0.00628	0.00466	0.00200	0.00596	0.00408	0.00414	0.00744
61	0.01031	0.00770	0.00914	0.00860	0.01069	0.00746	0.00655	0.01479	0.10589	0.04915	0.35331	0.04658	0.25407	0.01629	0.06790	0.00278	0.00464	0.01114	0.00644	0.00658
62	0.00940	0.00626	0.00705	0.00705	0.00705	0.00626	0.00392	0.00940	0.00940	0.01253	0.02036	0.04228	0.02349	0.77292	0.03289	0.00626	0.00626	0.00940	0.00392	0.00392
63	0.02899	0.01100	0.01499	0.01150	0.01649	0.00950	0.00950	0.03149	0.01849	0.73709	0.02549	0.02199	0.01599	0.00800	0.00650	0.00200	0.00550	0.00650	0.00800	0.01100
64	0.00919	0.00629	0.00714	0.00720	0.00742	0.00623	0.00422	0.00945	0.00996	0.01315	0.02440	0.07040	0.07997	0.65956	0.05488	0.00595	0.00632	0.00998	0.00414	0.00415
65	0.81856	0.01250	0.00950	0.00850	0.01250	0.01449	0.00700	0.01899	0.01100	0.02899	0.00900	0.01050	0.00700	0.00600	0.00400	0.00200	0.00500	0.00350	0.00400	0.00700
66	0.08823	0.01216	0.01523	0.01177	0.01672	0.01144	0.00972	0.13123	0.01969	0.58020	0.02276	0.02016	0.01457	0.00781	0.00630	0.00199	0.00570	0.00617	0.00747	0.01069
67	0.01253	0.00997	0.01106	0.01023	0.01290	0.01054	0.00783	0.02207	0.33517	0.04621	0.22364	0.07445	0.17311	0.01201	0.00715	0.00216	0.00414	0.01026	0.00662	0.00795
68	0.01773	0.72725	0.03283	0.01143	0.01681	0.07350	0.01115	0.01978	0.01347	0.01524	0.00905	0.01045	0.00829	0.00560	0.00426	0.00140	0.00722	0.00350	0.00280	0.00824
69	0.81856	0.01250	0.00950	0.00850	0.01250	0.01449	0.00700	0.01899	0.01100	0.02899	0.00900	0.01050	0.00700	0.00600	0.00400	0.00200	0.00500	0.00350	0.00400	0.00700
70	0.02456	0.01810	0.01939	0.01487	0.02004	0.02004	0.01228	0.71107	0.03038	0.04072	0.01551	0.01551	0.01099	0.00776	0.00646	0.00194	0.00711	0.00582	0.00646	0.01099
71	0.00968	0.00701	0.00901	0.00836	0.01002	0.00658	0.00631	0.03657	0.01871	0.02643	0.70432	0.04712	0.05922	0.01302	0.00758	0.00203	0.00319	0.01148	0.00709	0.00627
72	0.01122	0.00561	0.00842	0.00842	0.00842	0.00561	0.00561	0.00842	0.00842	0.01122	0.01122	0.01964	0.01122	0.02245	0.02525	0.81201	0.00561	0.00561	0.00281	0.00281
73	0.01193	0.00605	0.00613	0.00611	0.00761	0.00603	0.00458	0.01494	0.01374	0.02416	0.04893	0.02504	0.01831	0.00775	0.00464	0.00153	0.00301	0.00625	0.77726	0.00603
74	0.00924	0.00690	0.01026	0.01026	0.01138	0.00801	0.00793	0.01146	0.01035	0.01491	0.01742	0.02599	0.01642	0.07464	0.72150	0.01024	0.01691	0.00701	0.00348	0.00570
75	0.01507	0.01870	0.09373	0.02653	0.03331	0.01623	0.65482	0.02068	0.01512	0.02068	0.01295	0.01713	0.00968	0.00550	0.00751	0.00217	0.01079	0.00740	0.00323	0.00878
76	0.00799	0.00655	0.00709	0.00728	0.00922	0.00565	0.00552	0.00981	0.01484	0.01820	0.11310	0.11553	0.57013	0.01653	0.00778	0.00227	0.00350	0.06740	0.00608	0.00553
77	0.02133	0.33775	0.02477	0.01425	0.01858	0.41331	0.01189	0.05730	0.01678	0.01680	0.00985	0.01131	0.00844	0.00625	0.00517	0.00156	0.00947	0.00395	0.00325	0.00800
78	0.10009	0.11648	0.30497	0.01518	0.02180	0.07221	0.03334	0.11658	0.07219	0.04127	0.01296	0.01414	0.00967	0.00650	0.00573	0.00189	0.00799	0.00486	0.00391	0.03825

[dist]
# distance from previous block
# <min> <max>
0	4

[block]
# block no. 3 follows, 34 sequences, length 29
# corresponding to MSA columns:
# 238-266
name=unknown_D
#
# <colnr> <probs for GDERKNQSTAVLIFYWHMCP>
#	G	D	E	R	K	N	Q	S	T	A	V	L	I	F	Y	W	H	M	C	P
0	0.02093	0.29676	0.02435	0.01434	0.03980	0.12833	0.01193	0.28504	0.07496	0.02610	0.01305	0.01374	0.01026	0.00680	0.00553	0.00171	0.00757	0.00482	0.00456	0.00941
1	0.57821	0.06415	0.01316	0.01140	0.05390	0.09638	0.00864	0.02001	0.01266	0.05018	0.03476	0.01262	0.00958	0.00634	0.00456	0.00192	0.00596	0.00408	0.00404	0.00742
2	0.02111	0.01797	0.05488	0.01525	0.02024	0.03693	0.04859	0.43408	0.22155	0.03421	0.01807	0.01782	0.01316	0.00781	0.00652	0.00202	0.00699	0.00623	0.00606	0.01050
3	0.00902	0.00680	0.00870	0.00900	0.01048	0.00596	0.00631	0.01069	0.01325	0.01842	0.11278	0.54766	0.03889	0.01663	0.00755	0.00225	0.00385	0.01496	0.00574	0.15108
4	0.01331	0.09896	0.41069	0.01571	0.02254	0.01436	0.06522	0.05727	0.01572	0.02236	0.17838	0.02173	0.02073	0.00776	0.00641	0.00198	0.00773	0.00651	0.00400	0.00865
5	0.01350	0.01434	0.02862	0.02156	0.02597	0.01416	0.45341	0.01746	0.01393	0.01920	0.01723	0.17570	0.01660	0.00926	0.00931	0.00231	0.09993	0.00953	0.00381	0.03419
6	0.00782	0.00582	0.00729	0.00847	0.00923	0.00529	0.00576	0.00906	0.01288	0.01670	0.04207	0.61571	0.19156	0.01940	0.00811	0.00253	0.00365	0.01734	0.00600	0.00529
7	0.01041	0.00744	0.01041	0.01190	0.01339	0.00744	0.01041	0.01339	0.01487	0.01934	0.03421	0.07288	0.03719	0.01785	0.00892	0.00297	0.00595	0.68913	0.00595	0.00595
8	0.02320	0.01742	0.01863	0.01459	0.01952	0.01940	0.01195	0.60285	0.14081	0.03853	0.01724	0.01689	0.01239	0.00792	0.00648	0.00198	0.00679	0.00606	0.00648	0.01087
9	0.67323	0.01341	0.01411	0.01151	0.01593	0.01494	0.11280	0.04058	0.01223	0.02810	0.00981	0.01169	0.00754	0.00597	0.00462	0.00202	0.00595	0.00419	0.00396	0.00738
10	0.00927	0.00635	0.00765	0.00767	0.00799	0.00642	0.00476	0.00995	0.01065	0.01451	0.09968	0.07617	0.02771	0.56414	0.11529	0.00611	0.00712	0.00979	0.00432	0.00445
11	0.01950	0.01098	0.01323	0.01109	0.01458	0.02421	0.00891	0.16428	0.02016	0.27533	0.20851	0.07411	0.06100	0.01097	0.00708	0.00210	0.00515	0.05304	0.00703	0.00876
12	0.01414	0.01414	0.01979	0.01696	0.01696	0.01979	0.01414	0.01555	0.00990	0.01555	0.00848	0.01414	0.00848	0.01131	0.02120	0.00283	0.76110	0.00565	0.00283	0.00707
13	0.01802	0.01630	0.03000	0.02202	0.02781	0.01599	0.44932	0.10731	0.11600	0.10379	0.01660	0.01864	0.01202	0.00647	0.00721	0.00213	0.00903	0.00724	0.00464	0.00945
14	0.01580	0.01798	0.12786	0.02170	0.02769	0.01490	0.41929	0.09529	0.01651	0.05978	0.01644	0.10537	0.01391	0.00767	0.00731	0.00218	0.00917	0.00824	0.00411	0.00879
15	0.01654	0.64943	0.15476	0.01232	0.01853	0.02376	0.01325	0.01954	0.01322	0.01610	0.00943	0.01093	0.00827	0.00563	0.00449	0.00150	0.00736	0.00368	0.00276	0.00851
16	0.01204	0.00602	0.00602	0.00602	0.00753	0.00602	0.00452	0.01506	0.01355	0.02409	0.02108	0.02409	0.01656	0.00753	0.00452	0.00151	0.00301	0.00602	0.80879	0.00602
17	0.01732	0.01450	0.01531	0.01340	0.01728	0.01665	0.01053	0.13383	0.61942	0.02904	0.02471	0.02284	0.01844	0.00862	0.00656	0.00215	0.00541	0.00709	0.00656	0.01034
18	0.01444	0.00955	0.01344	0.01305	0.01560	0.02902	0.05864	0.01786	0.03366	0.14211	0.03039	0.05742	0.03043	0.01477	0.00827	0.00270	0.00635	0.48909	0.00606	0.00715
19	0.81856	0.01250	0.00950	0.00850	0.01250	0.01449	0.00700	0.01899	0.01100	0.02899	0.00900	0.01050	0.00700	0.00600	0.00400	0.00200	0.00500	0.00350	0.00400	0.00700
20	0.01303	0.04732	0.52031	0.11604	0.02749	0.01405	0.02031	0.01931	0.01419	0.04180	0.09185	0.01814	0.01436	0.00701	0.00630	0.00204	0.00851	0.00569	0.00339	0.00885
21	0.00940	0.00626	0.00705	0.00705	0.00705	0.00626	0.00392	0.00940	0.00940	0.01253	0.02036	0.04228	0.02349	0.77292	0.03289	0.00626	0.00626	0.00940	0.00392	0.00392
22	0.00850	0.00654	0.00717	0.00727	0.00917	0.00561	0.00535	0.01021	0.01480	0.04104	0.12288	0.17776	0.52807	0.01644	0.00770	0.00224	0.00340	0.01401	0.00617	0.00566
23	0.02113	0.14087	0.15086	0.01605	0.02092	0.47296	0.01432	0.05715	0.01729	0.01777	0.01040	0.01201	0.00842	0.00645	0.00567	0.00171	0.01035	0.00425	0.00329	0.00815
24	0.01100	0.01051	0.05731	0.00994	0.01276	0.00951	0.00817	0.01848	0.23387	0.02271	0.21795	0.09471	0.24206	0.01282	0.00725	0.00217	0.00423	0.01094	0.00625	0.00735
25	0.08310	0.29117	0.22983	0.01537	0.06642	0.06891	0.01493	0.04351	0.01471	0.09947	0.01205	0.01323	0.00923	0.00618	0.00530	0.00176	0.00774	0.00445	0.00362	0.00900
26	0.01659	0.11340	0.12716	0.02521	0.22015	0.01659	0.23408	0.06547	0.01571	0.06259	0.01358	0.03589	0.01083	0.00633	0.00652	0.00198	0.00858	0.00630	0.00367	0.00938
27	0.52161	0.09878	0.05528	0.01091	0.01538	0.01525	0.05426	0.04252	0.01267	0.05047	0.01204	0.06412	0.01031	0.00703	0.00483	0.00199	0.00585	0.00504	0.00410	0.00755
28	0.01532	0.21093	0.49511	0.01629	0.02428	0.06798	0.01951	0.02095	0.01401	0.04367	0.01134	0.01301	0.00849	0.00609	0.00565	0.00186	0.00892	0.00447	0.00296	0.00915

[dist]
# distance from previous block
# <min> <max>
0	3

[block]
# block no. 4 follows, 34 sequences, length 31
# corresponding to MSA columns:
# 270-300
name=unknown_E
#
# <colnr> <probs for GDERKNQSTAVLIFYWHMCP>
#	G	D	E	R	K	N	Q	S	T	A	V	L	I	F	Y	W	H	M	C	P
0	0.01726	0.01564	0.01404	0.01293	0.03305	0.19438	0.00972	0.06968	0.17628	0.08280	0.22598	0.02968	0.05434	0.00983	0.00677	0.00199	0.00633	0.02520	0.00591	0.00818
1	0.00853	0.00583	0.00753	0.00854	0.00923	0.00547	0.00586	0.01017	0.01349	0.01888	0.15117	0.56869	0.04306	0.01772	0.00775	0.00241	0.00355	0.01594	0.09072	0.00547
2	0.01456	0.07498	0.35914	0.01660	0.02343	0.01531	0.10397	0.08858	0.09236	0.02304	0.04507	0.01944	0.04871	0.00730	0.00634	0.00201	0.00798	0.00619	0.03590	0.00909
3	0.00787	0.00562	0.00750	0.00900	0.00937	0.00525	0.00600	0.00900	0.01237	0.01649	0.03561	0.76871	0.04274	0.02024	0.00825	0.00262	0.00375	0.01837	0.00600	0.00525
4	0.00888	0.00659	0.00827	0.00785	0.00949	0.00598	0.00589	0.01168	0.01766	0.02441	0.61163	0.05073	0.17948	0.01377	0.00762	0.00206	0.00309	0.01203	0.00692	0.00598
5	0.01697	0.01433	0.01512	0.01333	0.01714	0.01649	0.01044	0.10604	0.64778	0.02848	0.02516	0.02320	0.01880	0.00866	0.00656	0.00216	0.00533	0.00715	0.00656	0.01031
6	0.01347	0.00744	0.00774	0.00735	0.00935	0.00769	0.00561	0.01873	0.11909	0.05948	0.02207	0.02399	0.01700	0.00774	0.00492	0.00163	0.00345	0.00624	0.65013	0.00689
7	0.02497	0.01744	0.01898	0.01455	0.01971	0.01906	0.01202	0.64816	0.02928	0.10519	0.01644	0.01611	0.01145	0.00778	0.00647	0.00194	0.00696	0.00588	0.00661	0.01099
8	0.01005	0.00723	0.00887	0.00933	0.01065	0.00705	0.00664	0.03839	0.07976	0.04265	0.11876	0.49155	0.11006	0.01710	0.00783	0.00242	0.00392	0.01523	0.00626	0.00623
9	0.01754	0.74743	0.03325	0.01128	0.01672	0.05398	0.01111	0.01960	0.01333	0.01523	0.00902	0.01042	0.00829	0.00557	0.00421	0.00139	0.00710	0.00348	0.00279	0.00826
10	0.26728	0.01594	0.01587	0.01259	0.01727	0.01782	0.01038	0.47341	0.02382	0.03651	0.01372	0.01429	0.00997	0.00721	0.00564	0.00194	0.00631	0.00511	0.03534	0.00958
11	0.01873	0.01520	0.01611	0.01369	0.01782	0.01732	0.01087	0.24658	0.50437	0.03132	0.02292	0.02141	0.01698	0.00845	0.00654	0.00211	0.00574	0.00684	0.00654	0.01047
12	0.00778	0.00655	0.00674	0.00670	0.00881	0.00552	0.00502	0.00955	0.01506	0.01825	0.12816	0.06087	0.66680	0.01607	0.00764	0.00217	0.00325	0.01345	0.00611	0.00552
13	0.00861	0.00658	0.00789	0.00756	0.00932	0.00587	0.00567	0.01115	0.01702	0.02289	0.49175	0.05324	0.30031	0.01434	0.00763	0.00209	0.00313	0.01238	0.00671	0.00587
14	0.53703	0.01214	0.01185	0.08811	0.01675	0.01354	0.00876	0.04801	0.01352	0.15022	0.03816	0.01474	0.01081	0.00672	0.00492	0.00201	0.00548	0.00464	0.00478	0.00783
15	0.01122	0.00561	0.00842	0.00842	0.00842	0.00561	0.00561	0.00842	0.00842	0.01122	0.01122	0.01964	0.01122	0.02245	0.02525	0.81201	0.00561	0.00561	0.00281	0.00281
16	0.02418	0.02955	0.01842	0.01647	0.01998	0.67565	0.01246	0.09304	0.01949	0.01826	0.01053	0.01203	0.00858	0.00677	0.00589	0.00169	0.01121	0.00432	0.00364	0.00783
17	0.10667	0.00678	0.00643	0.00631	0.00811	0.00702	0.00481	0.01552	0.01325	0.02466	0.01966	0.02249	0.01544	0.00735	0.00446	0.00156	0.00324	0.00573	0.71437	0.00614
18	0.00947	0.00701	0.00977	0.00966	0.01042	0.00800	0.00708	0.01106	0.01007	0.01429	0.01786	0.02994	0.01802	0.26150	0.50704	0.00887	0.04347	0.00761	0.00357	0.00527
19	0.01694	0.01379	0.01478	0.01315	0.01687	0.01573	0.01035	0.08059	0.61555	0.05583	0.02584	0.02545	0.01969	0.00904	0.00666	0.00220	0.00530	0.03549	0.00660	0.01013
20	0.54547	0.01350	0.01198	0.01009	0.01438	0.04312	0.00827	0.09378	0.01481	0.17225	0.01303	0.01338	0.00928	0.00661	0.00483	0.00198	0.00558	0.00437	0.00503	0.00824
21	0.01461	0.01629	0.03502	0.02522	0.03123	0.01526	0.63512	0.01980	0.01557	0.02125	0.08848	0.02068	0.01519	0.00626	0.00762	0.00216	0.01007	0.00805	0.00367	0.00844
22	0.01719	0.01474	0.02553	0.01894	0.02436	0.02946	0.34129	0.06627	0.04262	0.12340	0.04476	0.02204	0.01475	0.00707	0.00694	0.00197	0.00810	0.04852	0.00467	0.13742
23	0.01045	0.00876	0.01032	0.01046	0.01205	0.03711	0.02892	0.01520	0.14574	0.01948	0.08753	0.42826	0.10143	0.01611	0.00774	0.00242	0.00453	0.04100	0.00600	0.00649
24	0.00955	0.00662	0.00786	0.00775	0.00788	0.00694	0.00472	0.00984	0.00952	0.01290	0.01961	0.03950	0.02218	0.66936	0.10769	0.00657	0.03446	0.00900	0.00383	0.00422
25	0.01559	0.01494	0.02551	0.11523	0.66016	0.01525	0.01963	0.01948	0.01452	0.02062	0.01208	0.01612	0.01006	0.00583	0.00640	0.00194	0.00777	0.00576	0.00316	0.00991
26	0.00808	0.00651	0.00720	0.00715	0.00903	0.00563	0.00532	0.01010	0.01561	0.01983	0.25444	0.10104	0.49600	0.01569	0.00767	0.00217	0.00324	0.01336	0.00632	0.00563
27	0.02032	0.01670	0.01643	0.01391	0.01807	0.09374	0.01102	0.23243	0.39472	0.07939	0.02135	0.02012	0.01569	0.00819	0.00646	0.00205	0.00642	0.00648	0.00630	0.01022
28	0.01602	0.01600	0.02889	0.02731	0.24066	0.01565	0.32687	0.06644	0.09023	0.02282	0.01422	0.01726	0.01104	0.00599	0.00684	0.00199	0.00859	0.00661	0.00385	0.07272
29	0.02269	0.26059	0.04403	0.01241	0.01776	0.01772	0.01111	0.20575	0.03340	0.25686	0.01658	0.01599	0.01178	0.00697	0.00565	0.00175	0.00646	0.00520	0.00555	0.04175
30	0.01426	0.12788	0.52459	0.01996	0.10065	0.03856	0.04673	0.02042	0.01389	0.01971	0.01132	0.01354	0.00848	0.00601	0.00595	0.00194	0.00912	0.00479	0.00282	0.00936

[dist]
# distance from previous block
# <min> <max>
0	2

[block]
# block no. 5 follows, 34 sequences, length 16
# corresponding to MSA columns:
# 303-318
name=unknown_F
#
# <colnr> <probs for GDERKNQSTAVLIFYWHMCP>
#	G	D	E	R	K	N	Q	S	T	A	V	L	I	F	Y	W	H	M	C	P
0	0.00858	0.00686	0.00776	0.00813	0.00974	0.00636	0.00586	0.01161	0.07631	0.01861	0.10288	0.31168	0.36846	0.01684	0.00776	0.00233	0.00359	0.01463	0.00614	0.00585
1	0.01566	0.01510	0.02406	0.09073	0.57959	0.03674	0.01813	0.01937	0.01454	0.02059	0.01196	0.01567	0.00998	0.00573	0.00621	0.00182	0.00755	0.00550	0.00325	0.09783
2	0.72970	0.01184	0.00917	0.00828	0.01208	0.01350	0.00677	0.01793	0.01141	0.02773	0.01518	0.01616	0.08623	0.00713	0.00440	0.00202	0.00481	0.00461	0.00422	0.00683
3	0.01128	0.01069	0.01343	0.01225	0.01429	0.08877	0.10886	0.01388	0.03851	0.01799	0.07658	0.33197	0.12190	0.06621	0.00942	0.00261	0.00586	0.04406	0.00526	0.00619
4	0.01375	0.05297	0.59383	0.01747	0.02585	0.05558	0.03748	0.03745	0.01455	0.02067	0.04011	0.01634	0.03224	0.00675	0.00621	0.00201	0.00912	0.00532	0.00313	0.00916
5	0.02738	0.01095	0.01456	0.01135	0.01610	0.00976	0.00931	0.03092	0.06339	0.65870	0.02534	0.02222	0.01626	0.00803	0.00641	0.00199	0.00536	0.00653	0.04473	0.01072
6	0.06822	0.01218	0.01576	0.01137	0.01708	0.00983	0.08211	0.01692	0.01343	0.02156	0.01148	0.01363	0.00942	0.00494	0.00503	0.00116	0.00545	0.00421	0.00378	0.67243
7	0.01122	0.00561	0.00842	0.00842	0.00842	0.00561	0.00561	0.00842	0.00842	0.01122	0.01122	0.01964	0.01122	0.02245	0.02525	0.81201	0.00561	0.00561	0.00281	0.00281
8	0.00869	0.00659	0.00801	0.00765	0.00937	0.00590	0.00574	0.01131	0.01721	0.02336	0.52880	0.05247	0.26296	0.01416	0.00763	0.00208	0.00312	0.01227	0.00678	0.00590
9	0.02285	0.01812	0.01837	0.01465	0.01939	0.06857	0.01189	0.53062	0.16626	0.03632	0.01727	0.01695	0.01254	0.00788	0.00644	0.00197	0.00702	0.00600	0.00627	0.01060
10	0.00786	0.00592	0.00728	0.00829	0.00920	0.00534	0.00570	0.00920	0.01325	0.01713	0.07088	0.54569	0.23306	0.01890	0.00805	0.00248	0.00359	0.01680	0.00604	0.00534
