[name]
unknown

[dist]
# distance from previous block
# <min> <max>
0	17

[block]
# block no. 0 follows, 31 sequences, length 12
# corresponding to MSA columns:
# 21-24,29-36
name=unknown_A
#
# <colnr> <probs for GDERKNQSTAVLIFYWHMCP>
#	G	D	E	R	K	N	Q	S	T	A	V	L	I	F	Y	W	H	M	C	P
0	0.01074	0.00797	0.01168	0.01257	0.01419	0.00782	0.03917	0.01369	0.01555	0.02046	0.07503	0.18160	0.04054	0.01846	0.00920	0.00300	0.00597	0.49979	0.00626	0.00632
1	0.01501	0.01429	0.02429	0.37801	0.39590	0.01575	0.02004	0.01931	0.01467	0.02002	0.01253	0.01756	0.01001	0.00645	0.00681	0.00215	0.00860	0.00609	0.00322	0.00929
2	0.01338	0.01263	0.02134	0.66345	0.12323	0.01532	0.01923	0.01788	0.01390	0.01803	0.01224	0.01809	0.00932	0.00676	0.00683	0.00225	0.00901	0.00608	0.00308	0.00797
3	0.06917	0.01239	0.01528	0.01358	0.05201	0.01242	0.01013	0.12500	0.09404	0.32723	0.02360	0.07147	0.01830	0.07937	0.04192	0.00298	0.00663	0.00776	0.00681	0.00993
4	0.00976	0.00667	0.00767	0.00774	0.00797	0.00666	0.00458	0.01007	0.01048	0.01392	0.02485	0.07514	0.06574	0.63993	0.07606	0.00649	0.00707	0.01045	0.00434	0.00442
5	0.02160	0.01598	0.01729	0.01396	0.01814	0.01757	0.01108	0.49038	0.08194	0.03576	0.01994	0.08758	0.01714	0.10686	0.01065	0.00273	0.00692	0.00798	0.00646	0.01005
6	0.01448	0.01392	0.02050	0.06217	0.02156	0.02986	0.15203	0.03492	0.17134	0.02231	0.09230	0.05149	0.09723	0.01068	0.01086	0.00244	0.16973	0.00880	0.00502	0.00835
7	0.07105	0.00775	0.00874	0.00907	0.01069	0.00752	0.00656	0.05107	0.01509	0.02073	0.08285	0.34322	0.22623	0.06688	0.00982	0.00279	0.00437	0.04334	0.00614	0.00611
8	0.05802	0.01329	0.01404	0.04442	0.01651	0.06009	0.00946	0.17112	0.07218	0.08605	0.10853	0.02968	0.08203	0.10274	0.04699	0.00305	0.00688	0.00797	0.00584	0.06111
9	0.04730	0.01384	0.01703	0.09408	0.05417	0.01474	0.01184	0.24566	0.06874	0.19550	0.05063	0.02208	0.01640	0.03205	0.04471	0.00268	0.00723	0.00681	0.04453	0.00998
10	0.09275	0.00995	0.01453	0.27358	0.02507	0.01090	0.03235	0.01639	0.01496	0.07776	0.15114	0.20143	0.02874	0.01174	0.00731	0.00235	0.00619	0.01037	0.00525	0.00725
11	0.01162	0.00806	0.00940	0.01005	0.01128	0.03721	0.00700	0.01367	0.04141	0.08539	0.03621	0.55002	0.07809	0.05440	0.00959	0.00281	0.00466	0.01639	0.00635	0.00640

[dist]
# distance from previous block
# <min> <max>
1	11

[block]
# block no. 1 follows, 31 sequences, length 18
# corresponding to MSA columns:
# 50-67
name=unknown_B
#
# <colnr> <probs for GDERKNQSTAVLIFYWHMCP>
#	G	D	E	R	K	N	Q	S	T	A	V	L	I	F	Y	W	H	M	C	P
0	0.01974	0.04042	0.02146	0.12918	0.15528	0.04052	0.04185	0.24883	0.06130	0.06933	0.04915	0.03984	0.01527	0.00925	0.02612	0.00235	0.00796	0.00690	0.00528	0.00996
1	0.01694	0.26788	0.21216	0.04946	0.18231	0.04707	0.01760	0.04944	0.01542	0.02058	0.01160	0.01401	0.00944	0.00622	0.00580	0.00182	0.00838	0.00484	0.00328	0.05576
2	0.04391	0.11395	0.07439	0.01729	0.07649	0.23842	0.01366	0.18503	0.04121	0.06644	0.01691	0.01768	0.04986	0.00777	0.00631	0.00193	0.00878	0.00571	0.00476	0.00950
3	0.02031	0.20230	0.14839	0.03187	0.04471	0.03507	0.06074	0.02456	0.04157	0.22818	0.01800	0.06013	0.01395	0.00804	0.00688	0.00204	0.03201	0.00647	0.00499	0.00977
4	0.01800	0.33127	0.29373	0.01609	0.02356	0.01986	0.07132	0.02271	0.01502	0.10992	0.01317	0.01448	0.00992	0.00643	0.00581	0.00188	0.00852	0.00496	0.00367	0.00969
5	0.00993	0.00721	0.00906	0.00976	0.01084	0.00695	0.00684	0.06541	0.01560	0.02089	0.12520	0.56413	0.08394	0.01916	0.00846	0.00261	0.00413	0.01717	0.00654	0.00618
6	0.01652	0.01625	0.02931	0.16207	0.38387	0.01661	0.19241	0.05823	0.01631	0.02253	0.01319	0.01753	0.01046	0.00626	0.00712	0.00215	0.00915	0.00660	0.00354	0.00989
7	0.07481	0.02025	0.05298	0.07151	0.08974	0.12127	0.01427	0.36047	0.05093	0.05545	0.01507	0.01616	0.01109	0.00759	0.00656	0.00205	0.00823	0.00577	0.00546	0.01035
8	0.01643	0.01418	0.01491	0.01346	0.01723	0.01628	0.01046	0.03461	0.65917	0.02795	0.03058	0.02818	0.06652	0.00981	0.00704	0.00232	0.00529	0.00818	0.00692	0.01050
9	0.00825	0.00628	0.00760	0.00865	0.00969	0.00563	0.00596	0.00962	0.01394	0.01781	0.04839	0.52207	0.27138	0.02005	0.00851	0.00262	0.00380	0.01776	0.00635	0.00563
10	0.01654	0.01662	0.04250	0.11489	0.44141	0.03992	0.10764	0.04554	0.01617	0.02219	0.01450	0.02102	0.01238	0.00710	0.00710	0.00216	0.00873	0.05004	0.00367	0.00988
11	0.00981	0.00689	0.00893	0.00899	0.00951	0.00738	0.00604	0.01086	0.01050	0.01450	0.02085	0.06489	0.02247	0.43992	0.32054	0.00828	0.01134	0.00924	0.00403	0.00501
12	0.00827	0.00619	0.00769	0.00890	0.00976	0.00561	0.00607	0.00960	0.01370	0.01771	0.04535	0.58829	0.20712	0.02044	0.00858	0.00267	0.00385	0.01824	0.00635	0.00561
13	0.02047	0.01332	0.01507	0.01283	0.01701	0.01417	0.01018	0.08818	0.38005	0.21624	0.05759	0.02839	0.07597	0.00980	0.00706	0.00224	0.00546	0.00809	0.00733	0.01054
14	0.03394	0.02119	0.15000	0.14180	0.15760	0.09469	0.17155	0.04828	0.01579	0.02128	0.01238	0.01624	0.00966	0.00688	0.00818	0.00221	0.06961	0.00612	0.00340	0.00919
15	0.31051	0.14916	0.01848	0.01335	0.04502	0.14835	0.01053	0.04231	0.06297	0.12121	0.01372	0.01437	0.01041	0.00693	0.00534	0.00195	0.00720	0.00470	0.00468	0.00882
16	0.02133	0.04916	0.04936	0.10904	0.11946	0.10981	0.01465	0.25217	0.05077	0.07700	0.01511	0.01659	0.01126	0.00726	0.00651	0.00196	0.00813	0.00573	0.00506	0.06963
17	0.01722	0.04384	0.02182	0.08632	0.22091	0.06851	0.05901	0.08886	0.17506	0.02478	0.05548	0.02444	0.03511	0.00845	0.00701	0.00217	0.00757	0.03884	0.00494	0.00966

[dist]
# distance from previous block
# <min> <max>
9	39

[block]
# block no. 2 follows, 31 sequences, length 47
# corresponding to MSA columns:
# 108-130,138-161
name=unknown_C
#
# <colnr> <probs for GDERKNQSTAVLIFYWHMCP>
#	G	D	E	R	K	N	Q	S	T	A	V	L	I	F	Y	W	H	M	C	P
0	0.08046	0.03780	0.06108	0.02076	0.12510	0.16394	0.12475	0.05574	0.08312	0.13148	0.01772	0.01881	0.03368	0.00739	0.00668	0.00207	0.00864	0.00631	0.00483	0.00963
1	0.03795	0.01657	0.07488	0.09247	0.33244	0.03497	0.07892	0.01998	0.01533	0.04360	0.08718	0.02033	0.01603	0.00776	0.00868	0.00221	0.09067	0.00677	0.00391	0.00936
2	0.01357	0.01258	0.01756	0.01548	0.01582	0.01702	0.01266	0.01530	0.01078	0.01672	0.01214	0.01914	0.01174	0.04687	0.17237	0.00474	0.52540	0.00643	0.04667	0.00701
3	0.01060	0.01112	0.09834	0.00991	0.01294	0.00820	0.00882	0.04696	0.01847	0.02531	0.43421	0.04841	0.21348	0.01358	0.00782	0.00219	0.00436	0.01166	0.00663	0.00700
4	0.01586	0.12697	0.46323	0.02040	0.06374	0.08656	0.08770	0.02205	0.01508	0.02053	0.01194	0.01432	0.00898	0.00638	0.00636	0.00204	0.01000	0.00516	0.00304	0.00968
5	0.01742	0.09531	0.02320	0.20197	0.09618	0.16291	0.08712	0.02408	0.15255	0.02039	0.01707	0.01941	0.03809	0.00747	0.00665	0.00208	0.00880	0.00635	0.00411	0.00885
6	0.00866	0.00690	0.00776	0.00765	0.00962	0.00600	0.00570	0.01089	0.01680	0.02158	0.29407	0.09477	0.45272	0.01636	0.00811	0.00228	0.00341	0.01396	0.00677	0.00600
7	0.01088	0.00744	0.00951	0.00978	0.01116	0.00716	0.00701	0.03446	0.05218	0.05696	0.25704	0.42750	0.04785	0.01731	0.00827	0.00249	0.00400	0.01549	0.00689	0.00662
8	0.01781	0.12641	0.13119	0.09205	0.33572	0.08937	0.01879	0.07029	0.01659	0.02188	0.01227	0.01534	0.00992	0.00644	0.00635	0.00197	0.00877	0.00543	0.00348	0.00992
9	0.00865	0.00646	0.00805	0.00869	0.00985	0.00586	0.00612	0.01053	0.01540	0.02047	0.23291	0.40494	0.20017	0.01844	0.00840	0.00250	0.00365	0.01636	0.00668	0.00586
10	0.00834	0.00595	0.00794	0.00953	0.00992	0.00556	0.00635	0.00953	0.01310	0.01746	0.03771	0.75510	0.04525	0.02143	0.00873	0.00278	0.00397	0.01945	0.00635	0.00556
11	0.02556	0.03261	0.01939	0.01763	0.02115	0.73210	0.01322	0.02732	0.01939	0.01674	0.01058	0.01234	0.00881	0.00705	0.00617	0.00176	0.01234	0.00441	0.00353	0.00793
12	0.02363	0.04944	0.02087	0.04050	0.09530	0.05074	0.01351	0.35976	0.07947	0.13127	0.01737	0.01774	0.01257	0.00811	0.00755	0.00210	0.04695	0.00618	0.00607	0.01085
13	0.09782	0.07916	0.07003	0.01487	0.01967	0.17001	0.01261	0.17771	0.23740	0.02807	0.01729	0.01735	0.01311	0.00781	0.00627	0.00204	0.00783	0.00577	0.00533	0.00985
14	0.00834	0.00595	0.00794	0.00953	0.00992	0.00556	0.00635	0.00953	0.01310	0.01746	0.03771	0.75510	0.04525	0.02143	0.00873	0.00278	0.00397	0.01945	0.00635	0.00556
15	0.01447	0.01241	0.01432	0.01051	0.01637	0.00991	0.00838	0.01914	0.08333	0.02293	0.01373	0.01532	0.01121	0.00549	0.00526	0.00114	0.00510	0.00442	0.00434	0.72221
16	0.01670	0.33404	0.24077	0.05055	0.09023	0.05226	0.04972	0.02191	0.04875	0.01936	0.01195	0.01405	0.00963	0.00633	0.00575	0.00186	0.00865	0.00487	0.00322	0.00941
17	0.13187	0.01126	0.04359	0.01193	0.04446	0.01089	0.00929	0.04476	0.01706	0.02650	0.38511	0.03474	0.05360	0.01119	0.00856	0.00215	0.07887	0.00906	0.00591	0.05921
18	0.01720	0.14543	0.29772	0.02428	0.21696	0.05753	0.03866	0.08365	0.01662	0.02267	0.01233	0.01475	0.00962	0.00645	0.00629	0.00199	0.00903	0.00527	0.00345	0.01009
19	0.01869	0.05241	0.01990	0.06767	0.18608	0.06339	0.01358	0.18887	0.03946	0.06327	0.08877	0.05508	0.01967	0.02814	0.00761	0.00218	0.00718	0.03130	0.00529	0.04147
20	0.03756	0.02088	0.02441	0.05445	0.20452	0.22505	0.10038	0.05148	0.01621	0.02031	0.01153	0.01526	0.00968	0.00774	0.01011	0.00221	0.17007	0.00578	0.00351	0.00889
21	0.01525	0.01678	0.12303	0.13337	0.29363	0.01431	0.06650	0.02048	0.04552	0.05294	0.08584	0.02454	0.03692	0.00806	0.00712	0.00219	0.00790	0.03197	0.00425	0.00943
22	0.01580	0.01560	0.02631	0.22160	0.28999	0.04246	0.15566	0.04880	0.01601	0.02152	0.03054	0.05666	0.01329	0.00734	0.00717	0.00219	0.00889	0.00728	0.00371	0.00919
23	0.01701	0.01599	0.02264	0.34778	0.19384	0.09105	0.05100	0.04558	0.04045	0.05858	0.01364	0.01767	0.01048	0.00707	0.00745	0.00218	0.03877	0.00611	0.00377	0.00894
24	0.00968	0.00732	0.00901	0.00869	0.01054	0.00678	0.00664	0.01316	0.04312	0.02501	0.49945	0.05521	0.20615	0.01489	0.00813	0.00226	0.00357	0.05678	0.00717	0.00645
25	0.01786	0.19490	0.22828	0.09018	0.02667	0.08073	0.11040	0.02249	0.01554	0.09771	0.01436	0.01806	0.01123	0.00708	0.00640	0.00204	0.00912	0.03388	0.00382	0.00925
26	0.05315	0.04510	0.01603	0.01359	0.05248	0.01272	0.03101	0.05872	0.17960	0.21036	0.18970	0.03040	0.05779	0.00993	0.00704	0.00215	0.00543	0.00840	0.00687	0.00953
27	0.01503	0.01515	0.02197	0.01853	0.01889	0.02076	0.05034	0.01675	0.01077	0.01675	0.00923	0.01515	0.00905	0.01165	0.02170	0.00296	0.70862	0.00610	0.00302	0.00757
28	0.00977	0.00733	0.01100	0.01100	0.01222	0.00855	0.00855	0.01222	0.01100	0.01588	0.01833	0.02688	0.01710	0.05131	0.73245	0.01100	0.01833	0.00733	0.00367	0.00611
29	0.01870	0.54090	0.09955	0.01432	0.02055	0.04450	0.06443	0.09045	0.01616	0.01987	0.01084	0.01247	0.00919	0.00619	0.00517	0.00166	0.00806	0.00440	0.00338	0.00921
30	0.00905	0.00688	0.00825	0.00827	0.00992	0.00619	0.00613	0.01137	0.01674	0.02220	0.34765	0.13960	0.28545	0.04849	0.00938	0.00252	0.00369	0.04545	0.00678	0.00601
31	0.00864	0.00608	0.00785	0.00914	0.00946	0.00576	0.00593	0.00961	0.01250	0.01667	0.03466	0.62116	0.04141	0.16061	0.01365	0.00351	0.00447	0.01766	0.00593	0.00529
32	0.01024	0.00709	0.00896	0.00940	0.01008	0.00718	0.00675	0.01159	0.01229	0.01644	0.06345	0.05294	0.03057	0.42813	0.09570	0.00579	0.00752	0.20585	0.00492	0.00511
33	0.12647	0.02033	0.01938	0.01699	0.05627	0.18487	0.04184	0.28127	0.06925	0.02999	0.01439	0.01589	0.01108	0.00956	0.03813	0.00245	0.04149	0.00566	0.00510	0.00959
34	0.01653	0.01748	0.03135	0.16605	0.10516	0.05457	0.36073	0.05756	0.01616	0.02152	0.01296	0.01752	0.01005	0.00675	0.00879	0.00229	0.07500	0.00701	0.00352	0.00899
35	0.00834	0.00595	0.00794	0.00953	0.00992	0.00556	0.00635	0.00953	0.01310	0.01746	0.03771	0.75510	0.04525	0.02143	0.00873	0.00278	0.00397	0.01945	0.00635	0.00556
36	0.01626	0.01641	0.02645	0.24472	0.39789	0.06512	0.09345	0.02050	0.01534	0.02049	0.01261	0.01717	0.01014	0.00634	0.00689	0.00212	0.00908	0.00619	0.00330	0.00951
37	0.07698	0.16955	0.05185	0.01982	0.11915	0.13909	0.09845	0.11830	0.01821	0.05455	0.04298	0.01628	0.01236	0.00710	0.00663	0.00195	0.02750	0.00567	0.00426	0.00933
38	0.00909	0.00697	0.00843	0.00887	0.01055	0.00632	0.00683	0.01137	0.01614	0.02088	0.21407	0.17611	0.31615	0.01749	0.00845	0.00251	0.00404	0.14309	0.00663	0.00601
39	0.01031	0.00703	0.00900	0.00876	0.01042	0.00639	0.00647	0.01295	0.01775	0.05992	0.47413	0.18359	0.13649	0.01550	0.00813	0.00229	0.00353	0.01367	0.00722	0.00647
40	0.01541	0.10237	0.36043	0.06974	0.02771	0.01779	0.09772	0.04825	0.11130	0.02231	0.01431	0.01647	0.01074	0.00712	0.00744	0.00218	0.04950	0.00580	0.00369	0.00971
41	0.01625	0.01883	0.11397	0.09653	0.22649	0.06206	0.14304	0.06555	0.03260	0.02264	0.05106	0.05707	0.01499	0.00790	0.00780	0.00220	0.04042	0.00728	0.00398	0.00935
42	0.02178	0.05947	0.09140	0.01452	0.01974	0.04811	0.01277	0.31235	0.14078	0.10921	0.02106	0.02151	0.04479	0.04176	0.00796	0.00229	0.00722	0.00672	0.00614	0.01044
43	0.04769	0.00949	0.01060	0.00975	0.01251	0.00923	0.00765	0.10043	0.04859	0.04129	0.16236	0.08356	0.28408	0.01449	0.00815	0.02132	0.00460	0.07566	0.00642	0.04214
44	0.01848	0.06858	0.09290	0.05983	0.13115	0.04757	0.07923	0.09623	0.01767	0.11182	0.08664	0.02025	0.01645	0.00801	0.00820	0.00210	0.07601	0.00658	0.00475	0.04757
45	0.04886	0.08744	0.05036	0.01615	0.05454	0.14999	0.07836	0.03803	0.07148	0.13445	0.03827	0.08671	0.01737	0.03890	0.05634	0.00284	0.00867	0.00748	0.00501	0.00876
46	0.01947	0.04907	0.05182	0.01888	0.13365	0.03565	0.04565	0.07848	0.24486	0.13882	0.05672	0.02197	0.01770	0.00807	0.00677	0.00208	0.00674	0.00688	0.00586	0.05086

[dist]
# distance from previous block
# <min> <max>
6	28

[block]
# block no. 3 follows, 31 sequences, length 15
# corresponding to MSA columns:
# 191-205
name=unknown_D
#
# <colnr> <probs for GDERKNQSTAVLIFYWHMCP>
#	G	D	E	R	K	N	Q	S	T	A	V	L	I	F	Y	W	H	M	C	P
0	0.02088	0.16558	0.02228	0.01674	0.07822	0.15849	0.01264	0.19950	0.15687	0.02687	0.04395	0.01775	0.01439	0.00771	0.00625	0.00191	0.00781	0.00583	0.00511	0.03120
1	0.07722	0.01729	0.01877	0.01455	0.01986	0.01871	0.01198	0.50549	0.06087	0.13870	0.01793	0.01744	0.01253	0.00810	0.00664	0.00205	0.00697	0.00612	0.00684	0.03194
2	0.05782	0.09122	0.33953	0.01947	0.09463	0.08791	0.01882	0.09342	0.01647	0.02305	0.01312	0.04575	0.01074	0.00759	0.00726	0.00211	0.05221	0.00569	0.00365	0.00953
3	0.01847	0.22309	0.10203	0.06036	0.04297	0.01874	0.13081	0.08071	0.07532	0.09966	0.05099	0.01846	0.01416	0.00733	0.00684	0.00202	0.02773	0.00620	0.00456	0.00957
4	0.00900	0.00684	0.01009	0.01090	0.01177	0.00642	0.04741	0.01060	0.01347	0.01795	0.03618	0.66193	0.04275	0.02032	0.00875	0.00278	0.00459	0.06627	0.00618	0.00583
5	0.00956	0.00702	0.01005	0.01031	0.01124	0.00783	0.00763	0.01149	0.01120	0.01580	0.02185	0.14612	0.02262	0.13705	0.52704	0.00912	0.01452	0.00961	0.00416	0.00577
6	0.05705	0.17221	0.06468	0.12995	0.02475	0.29106	0.03943	0.05781	0.01712	0.04718	0.01246	0.03379	0.01028	0.00717	0.00605	0.00190	0.00961	0.00525	0.00376	0.00848
7	0.01203	0.01288	0.08077	0.15509	0.13155	0.01155	0.09201	0.01553	0.01388	0.01897	0.02238	0.28871	0.02344	0.01579	0.07072	0.00318	0.00824	0.01123	0.00440	0.00763
8	0.00828	0.00617	0.00771	0.00895	0.00977	0.00561	0.00609	0.00959	0.01366	0.01769	0.04476	0.60127	0.19453	0.02052	0.00859	0.00267	0.00386	0.01833	0.00635	0.00561
9	0.01004	0.00681	0.00901	0.00984	0.01088	0.00651	0.00749	0.01113	0.01363	0.01772	0.06893	0.20819	0.14200	0.05354	0.01377	0.16961	0.00514	0.22490	0.00559	0.00527
10	0.01057	0.01691	0.27077	0.01329	0.01731	0.00955	0.01350	0.01431	0.01362	0.01900	0.02750	0.40358	0.03045	0.05167	0.00923	0.00277	0.00651	0.05729	0.00497	0.00721
11	0.01154	0.00953	0.01433	0.05541	0.01665	0.00942	0.10260	0.08165	0.01561	0.02061	0.03312	0.43432	0.09989	0.05010	0.00946	0.00274	0.00575	0.01481	0.00571	0.00676
12	0.01601	0.01783	0.08368	0.02636	0.10701	0.01574	0.44272	0.02102	0.01578	0.05754	0.01824	0.04792	0.05304	0.00748	0.00832	0.00230	0.03762	0.00828	0.00393	0.00919
13	0.00930	0.00679	0.00959	0.01035	0.01130	0.00708	0.00772	0.01137	0.01304	0.01797	0.08769	0.33053	0.03484	0.03274	0.30415	0.00612	0.00999	0.07812	0.00535	0.00593
14	0.01669	0.12132	0.01755	0.01322	0.01672	0.05003	0.01094	0.09600	0.24867	0.04280	0.02404	0.05270	0.02143	0.01544	0.08702	0.00327	0.00782	0.13967	0.00573	0.00893

[dist]
# distance from previous block
# <min> <max>
3	7

[block]
# block no. 4 follows, 31 sequences, length 15
# corresponding to MSA columns:
# 214-219,226-234
name=unknown_E
#
# <colnr> <probs for GDERKNQSTAVLIFYWHMCP>
#	G	D	E	R	K	N	Q	S	T	A	V	L	I	F	Y	W	H	M	C	P
0	0.04495	0.04948	0.02059	0.04601	0.11790	0.14168	0.04466	0.12073	0.25710	0.05912	0.01859	0.01903	0.01409	0.00778	0.00663	0.00209	0.00780	0.00633	0.00536	0.01009
1	0.01341	0.00979	0.01179	0.05213	0.01498	0.00944	0.00831	0.06313	0.09044	0.07604	0.18079	0.14630	0.16747	0.01288	0.00742	0.00214	0.00469	0.01107	0.00637	0.11138
2	0.12405	0.01746	0.01943	0.08652	0.16326	0.16426	0.04657	0.05495	0.01684	0.10110	0.03540	0.02006	0.01357	0.00938	0.03647	0.00242	0.00868	0.03523	0.00453	0.03984
3	0.01739	0.16642	0.14171	0.01902	0.05240	0.01739	0.17998	0.04164	0.04108	0.09943	0.01684	0.06184	0.01423	0.00838	0.00794	0.00219	0.06041	0.03811	0.00432	0.00928
4	0.01048	0.00752	0.00923	0.00960	0.01129	0.00719	0.00737	0.01325	0.04536	0.04756	0.08864	0.17627	0.24010	0.08268	0.06175	0.00354	0.00566	0.16010	0.00616	0.00625
5	0.01900	0.01138	0.01352	0.01163	0.01518	0.01172	0.00923	0.11736	0.15182	0.21266	0.02974	0.06260	0.10468	0.01690	0.11958	0.00354	0.00735	0.00850	0.06438	0.00923
6	0.01618	0.01816	0.11055	0.11734	0.42244	0.01683	0.05136	0.04633	0.01534	0.02186	0.01248	0.01663	0.01019	0.00692	0.00848	0.00219	0.08731	0.00605	0.00338	0.00997
7	0.00810	0.00686	0.00700	0.00711	0.00929	0.00576	0.00528	0.00980	0.01542	0.01841	0.06716	0.11256	0.66877	0.01760	0.00813	0.00234	0.00350	0.01478	0.00635	0.00576
8	0.00889	0.00680	0.00819	0.00846	0.01006	0.00610	0.00628	0.01111	0.01636	0.02147	0.28129	0.21161	0.29973	0.01718	0.00831	0.00241	0.00369	0.05931	0.00675	0.00600
9	0.01070	0.00917	0.00977	0.01100	0.01196	0.08339	0.00801	0.01234	0.01429	0.01799	0.03452	0.54127	0.04020	0.01940	0.00860	0.00274	0.00532	0.14730	0.00604	0.00596
10	0.02372	0.02079	0.01924	0.05126	0.02113	0.21846	0.01299	0.29396	0.02291	0.09649	0.01487	0.01621	0.01113	0.00833	0.00861	0.00209	0.10513	0.00572	0.03730	0.00965
11	0.01656	0.01525	0.02369	0.07179	0.42125	0.01490	0.04046	0.05930	0.04666	0.02351	0.01357	0.01678	0.01105	0.00615	0.00644	0.00183	0.00744	0.00577	0.00388	0.19373
12	0.15382	0.07166	0.04948	0.06312	0.15940	0.27044	0.06179	0.02272	0.01579	0.02075	0.01109	0.01392	0.00910	0.00677	0.00679	0.00200	0.04422	0.00502	0.00350	0.00861
13	0.00995	0.00663	0.00746	0.00746	0.00746	0.00663	0.00415	0.00995	0.00995	0.01327	0.02156	0.04477	0.02487	0.75957	0.03482	0.00663	0.00663	0.00995	0.00415	0.00415
14	0.02083	0.08667	0.02299	0.02034	0.13965	0.07024	0.05567	0.18312	0.15115	0.08892	0.01706	0.01806	0.01296	0.00795	0.00802	0.00213	0.07241	0.00626	0.00527	0.01030

[dist]
# distance from previous block
# <min> <max>
0	2

[block]
# block no. 5 follows, 31 sequences, length 15
# corresponding to MSA columns:
# 237-251
name=unknown_F
#
# <colnr> <probs for GDERKNQSTAVLIFYWHMCP>
#	G	D	E	R	K	N	Q	S	T	A	V	L	I	F	Y	W	H	M	C	P
0	0.01626	0.05986	0.13190	0.02456	0.19498	0.01853	0.07965	0.01985	0.01346	0.05056	0.01172	0.01585	0.00987	0.00862	0.01313	0.00244	0.31029	0.00597	0.00336	0.00913
1	0.01262	0.00720	0.00914	0.00878	0.00993	0.00709	0.00608	0.01379	0.01287	0.09787	0.09872	0.09348	0.02700	0.28996	0.11641	0.07537	0.00709	0.00953	0.09132	0.00578
2	0.04162	0.19653	0.05014	0.04350	0.11281	0.16374	0.01330	0.06784	0.05392	0.08402	0.01576	0.01693	0.03634	0.00713	0.00595	0.00181	0.00803	0.00537	0.00433	0.07092
3	0.01547	0.05390	0.30087	0.10811	0.25446	0.01669	0.09078	0.04065	0.01540	0.02185	0.01263	0.01600	0.00969	0.00636	0.00671	0.00212	0.00931	0.00579	0.00324	0.00997
4	0.00946	0.00692	0.00898	0.00967	0.01076	0.00664	0.00697	0.01245	0.05213	0.02170	0.26905	0.42465	0.05015	0.01804	0.00846	0.00257	0.00396	0.06444	0.00678	0.00620
5	0.01176	0.00822	0.01234	0.07108	0.05208	0.00834	0.03508	0.03933	0.01289	0.01707	0.02408	0.22293	0.05987	0.01878	0.01538	0.31235	0.00597	0.06247	0.00452	0.00546
6	0.08260	0.21615	0.24186	0.01654	0.05887	0.05198	0.01624	0.14254	0.01791	0.07622	0.01312	0.01432	0.00986	0.00678	0.00586	0.00193	0.00822	0.00494	0.00418	0.00987
7	0.02178	0.02281	0.01773	0.01647	0.04948	0.38121	0.01221	0.06389	0.05761	0.07229	0.04315	0.01898	0.03822	0.00854	0.00813	0.00200	0.08873	0.00593	0.06241	0.00842
8	0.01043	0.00822	0.01023	0.09254	0.03193	0.00797	0.00820	0.01354	0.05432	0.04574	0.04908	0.20070	0.37457	0.01602	0.00801	0.00244	0.00468	0.04877	0.00602	0.00660
9	0.02123	0.15316	0.02078	0.01414	0.03517	0.08137	0.01149	0.21558	0.10480	0.10280	0.04560	0.01989	0.01535	0.00797	0.00627	0.00187	0.00699	0.02565	0.00562	0.10429
10	0.07540	0.00972	0.05038	0.01049	0.01261	0.00854	0.00831	0.06303	0.01521	0.04983	0.05561	0.40198	0.09499	0.05078	0.00919	0.00275	0.00499	0.06345	0.00604	0.00670
11	0.00987	0.00657	0.00739	0.00753	0.00786	0.00645	0.00447	0.01034	0.01098	0.01494	0.02660	0.11084	0.07651	0.58144	0.02823	0.00559	0.00590	0.01090	0.06303	0.00456
12	0.01928	0.22489	0.02471	0.01739	0.11732	0.07282	0.04255	0.11915	0.01770	0.06056	0.01289	0.01454	0.01035	0.00625	0.00569	0.00161	0.00737	0.00489	0.00422	0.21580
13	0.01534	0.09132	0.15336	0.04587	0.12988	0.04861	0.06870	0.01920	0.01425	0.03724	0.01644	0.01962	0.05943	0.01112	0.06179	0.00275	0.11868	0.00624	0.00360	0.07658
14	0.01591	0.01978	0.20488	0.04989	0.05989	0.05780	0.01556	0.16158	0.01785	0.02416	0.01895	0.02468	0.05125	0.01792	0.16060	0.00408	0.03075	0.05125	0.00439	0.00882

[dist]
# distance from previous block
# <min> <max>
0	3

[block]
# block no. 6 follows, 31 sequences, length 13
# corresponding to MSA columns:
# 255-267
name=unknown_G
#
# <colnr> <probs for GDERKNQSTAVLIFYWHMCP>
#	G	D	E	R	K	N	Q	S	T	A	V	L	I	F	Y	W	H	M	C	P
0	0.01031	0.00814	0.01121	0.13816	0.01750	0.00863	0.00930	0.01425	0.08390	0.01980	0.10175	0.43974	0.03812	0.01674	0.00820	0.00260	0.00508	0.05403	0.00595	0.00658
1	0.01615	0.33511	0.23779	0.01534	0.02168	0.06819	0.05723	0.02036	0.01511	0.01952	0.09405	0.01746	0.01546	0.00729	0.00641	0.00188	0.03309	0.00551	0.00354	0.00883
2	0.00859	0.00662	0.00782	0.00849	0.00984	0.00601	0.00609	0.01018	0.01428	0.01812	0.07322	0.32051	0.33174	0.06488	0.03924	0.00314	0.00460	0.05480	0.00615	0.00566
3	0.02409	0.01610	0.02004	0.01681	0.05929	0.01688	0.05566	0.37707	0.06618	0.18545	0.02065	0.04604	0.01559	0.00898	0.00711	0.00217	0.00715	0.03704	0.00675	0.01095
4	0.01157	0.00768	0.00903	0.00886	0.01102	0.00696	0.00657	0.01445	0.05541	0.10407	0.13088	0.24264	0.33211	0.01651	0.00805	0.00239	0.00397	0.01425	0.00678	0.00679
5	0.00906	0.00669	0.00863	0.00991	0.01101	0.00626	0.00747	0.01091	0.01433	0.01852	0.04328	0.43028	0.17052	0.01993	0.00881	0.00280	0.00454	0.20490	0.00634	0.00581
6	0.01287	0.00724	0.00948	0.00972	0.01130	0.00655	0.00693	0.01448	0.01486	0.15760	0.07656	0.48988	0.09663	0.04042	0.00906	0.00269	0.00433	0.01584	0.00677	0.00679
7	0.01177	0.00766	0.01005	0.00968	0.01138	0.00807	0.00740	0.03456	0.01320	0.06058	0.02748	0.03301	0.13192	0.06533	0.38216	0.05271	0.01162	0.00835	0.10676	0.00633
8	0.01125	0.00955	0.01223	0.01183	0.01298	0.05318	0.00915	0.01338	0.01138	0.01581	0.01717	0.02609	0.01635	0.09473	0.56974	0.00935	0.08878	0.00721	0.00362	0.00621
9	0.01507	0.01411	0.02350	0.42720	0.32133	0.01586	0.01959	0.04481	0.01517	0.02046	0.01261	0.01763	0.00992	0.00659	0.00681	0.00217	0.00865	0.00609	0.00333	0.00908
10	0.01549	0.01238	0.01352	0.01302	0.03311	0.03419	0.00955	0.14683	0.24520	0.02650	0.02812	0.29186	0.02732	0.01333	0.00743	0.00237	0.00542	0.01153	0.05414	0.00868
11	0.09378	0.01642	0.02146	0.22431	0.21749	0.08944	0.01670	0.06264	0.01516	0.02147	0.01161	0.01586	0.00953	0.00766	0.00942	0.00226	0.14684	0.00567	0.00353	0.00874
12	0.15932	0.09115	0.02041	0.10921	0.06550	0.25525	0.05594	0.05922	0.01667	0.02172	0.03118	0.05893	0.01261	0.00775	0.00614	0.00200	0.00889	0.00596	0.00398	0.00817

[dist]
# distance from previous block
# <min> <max>
0	10

[block]
# block no. 7 follows, 31 sequences, length 34
# corresponding to MSA columns:
# 278-311
name=unknown_H
#
# <colnr> <probs for GDERKNQSTAVLIFYWHMCP>
#	G	D	E	R	K	N	Q	S	T	A	V	L	I	F	Y	W	H	M	C	P
0	0.01873	0.01352	0.04508	0.04650	0.10927	0.01234	0.06561	0.06085	0.03968	0.20271	0.07564	0.05694	0.04494	0.00917	0.00765	0.00209	0.03724	0.02928	0.00571	0.11706
1	0.01802	0.10557	0.17068	0.03645	0.04737	0.06800	0.15245	0.09056	0.10529	0.06071	0.01738	0.01891	0.03773	0.00753	0.00728	0.00212	0.03341	0.00645	0.00442	0.00967
2	0.00857	0.00675	0.00782	0.00805	0.00973	0.00600	0.00587	0.01055	0.01571	0.02017	0.20531	0.21215	0.39210	0.01889	0.03828	0.00274	0.00414	0.01478	0.00651	0.00589
3	0.01210	0.00994	0.01478	0.20208	0.07852	0.01101	0.01201	0.01617	0.06883	0.01884	0.05597	0.07581	0.02029	0.04564	0.18745	0.05808	0.00966	0.05278	0.00430	0.04575
4	0.02038	0.07078	0.12273	0.02308	0.15721	0.19495	0.10978	0.11289	0.05053	0.05245	0.01389	0.01587	0.01066	0.00685	0.00664	0.00201	0.00957	0.00577	0.00417	0.00980
5	0.01806	0.10651	0.15790	0.02064	0.15608	0.01601	0.06296	0.05399	0.10637	0.11700	0.01796	0.04865	0.01434	0.00782	0.00662	0.00206	0.00759	0.02237	0.00477	0.05232
6	0.01001	0.00706	0.01016	0.01021	0.01117	0.00794	0.00762	0.01168	0.01085	0.01555	0.01890	0.05224	0.01851	0.13138	0.54402	0.07795	0.01496	0.00789	0.02630	0.00559
7	0.04395	0.01962	0.22188	0.08136	0.09900	0.06295	0.01566	0.02041	0.10174	0.02108	0.04637	0.08956	0.01795	0.06874	0.05757	0.00314	0.00861	0.00766	0.00423	0.00852
8	0.01839	0.17654	0.12209	0.04719	0.09931	0.08677	0.07120	0.09176	0.03946	0.05837	0.03786	0.01740	0.01273	0.02824	0.00703	0.00202	0.00827	0.00572	0.00417	0.06548
9	0.01425	0.10446	0.22258	0.19635	0.13888	0.01608	0.04394	0.01919	0.01468	0.02017	0.04827	0.02282	0.01463	0.00803	0.00723	0.00221	0.02955	0.06426	0.00356	0.00885
10	0.01124	0.00594	0.00874	0.00902	0.00909	0.00587	0.00602	0.00902	0.00967	0.01289	0.01653	0.15305	0.01789	0.02335	0.02349	0.65719	0.00559	0.00837	0.00358	0.00344
11	0.01009	0.00910	0.04057	0.00920	0.01144	0.00785	0.00715	0.04008	0.07507	0.02015	0.07175	0.22824	0.35271	0.07280	0.01005	0.00273	0.00445	0.01395	0.00614	0.00649
12	0.03990	0.10065	0.23713	0.05387	0.07341	0.01860	0.03982	0.22125	0.04550	0.05996	0.01439	0.01591	0.01060	0.00727	0.00696	0.00209	0.03221	0.00564	0.00457	0.01026
13	0.04583	0.09542	0.05759	0.06388	0.06602	0.21473	0.07860	0.07916	0.05419	0.04946	0.01778	0.01947	0.06710	0.00808	0.00748	0.00205	0.05382	0.00623	0.00427	0.00881
14	0.01011	0.00691	0.00992	0.00999	0.01076	0.00765	0.00728	0.01115	0.01055	0.01483	0.01859	0.06042	0.01871	0.16245	0.46348	0.14659	0.01362	0.00805	0.00374	0.00522
15	0.03974	0.10150	0.07561	0.04904	0.03662	0.08337	0.01356	0.08820	0.01583	0.04751	0.01454	0.02126	0.01292	0.01080	0.03900	0.00254	0.17454	0.07043	0.00414	0.09883
16	0.05482	0.21125	0.04278	0.05480	0.08924	0.07140	0.03864	0.18735	0.10854	0.02649	0.04087	0.01714	0.01336	0.00738	0.00613	0.00194	0.00764	0.00575	0.00475	0.00973
17	0.00890	0.00636	0.00828	0.00960	0.01023	0.00603	0.00672	0.01027	0.01326	0.01748	0.03735	0.53924	0.07776	0.10419	0.01175	0.00324	0.00458	0.11314	0.00609	0.00552
18	0.02068	0.01699	0.02045	0.01730	0.05008	0.09648	0.05790	0.12881	0.04301	0.14112	0.01492	0.01692	0.01147	0.00867	0.01132	0.00222	0.22879	0.00597	0.00490	0.10202
19	0.01369	0.01058	0.01425	0.05018	0.01653	0.00972	0.06311	0.04604	0.01605	0.07686	0.12441	0.03554	0.18158	0.08327	0.01019	0.00238	0.02963	0.00898	0.00541	0.20158
20	0.01532	0.01126	0.01263	0.01059	0.01401	0.01094	0.00821	0.19929	0.01953	0.05189	0.09564	0.07030	0.17454	0.11181	0.01086	0.00263	0.00544	0.03103	0.00600	0.13809
21	0.01657	0.01053	0.01224	0.01071	0.01395	0.01034	0.00843	0.13696	0.07445	0.15786	0.13648	0.11122	0.22273	0.01339	0.00766	0.00228	0.00489	0.03385	0.00705	0.00841
22	0.01556	0.01679	0.03433	0.18535	0.13222	0.01670	0.45366	0.02083	0.01553	0.02101	0.01334	0.01820	0.01017	0.00604	0.00763	0.00226	0.01054	0.00737	0.00336	0.00910
23	0.01433	0.01360	0.02307	0.49667	0.28255	0.01557	0.01970	0.01872	0.01435	0.01919	0.01241	0.01778	0.00972	0.00658	0.00682	0.00219	0.00877	0.00609	0.00316	0.00874
24	0.00839	0.00623	0.00784	0.00895	0.00981	0.00567	0.00613	0.00985	0.01409	0.01846	0.09807	0.56457	0.17686	0.02004	0.00855	0.00264	0.00381	0.01791	0.00645	0.00567
25	0.01082	0.00743	0.00895	0.00904	0.01012	0.00729	0.00617	0.01355	0.06924	0.04691	0.14962	0.22897	0.07419	0.28484	0.01781	0.00398	0.00504	0.03423	0.00589	0.00591
26	0.01141	0.00594	0.00878	0.00899	0.00905	0.00589	0.00600	0.00899	0.00947	0.01263	0.01534	0.11912	0.01635	0.02345	0.02433	0.69408	0.00568	0.00775	0.00342	0.00332
27	0.01386	0.01312	0.02222	0.57902	0.20388	0.01545	0.01947	0.01830	0.01412	0.01862	0.01233	0.01793	0.00952	0.00667	0.00682	0.00222	0.00889	0.00608	0.00312	0.00836
28	0.01269	0.00740	0.00770	0.00740	0.00927	0.00735	0.00556	0.06406	0.01583	0.02519	0.05751	0.06444	0.11379	0.03333	0.00662	0.00196	0.00369	0.00838	0.54126	0.00658
29	0.01284	0.10540	0.04817	0.01213	0.01494	0.01076	0.05679	0.01614	0.04581	0.07192	0.10510	0.32699	0.05243	0.01500	0.00780	0.00244	0.00554	0.07665	0.00586	0.00730
30	0.01621	0.03594	0.01711	0.04483	0.04554	0.04074	0.04260	0.06532	0.12447	0.08698	0.02010	0.07708	0.01747	0.01908	0.16814	0.00420	0.08886	0.02541	0.02583	0.03408
31	0.04744	0.01435	0.04347	0.23773	0.08860	0.06048	0.01403	0.07178	0.01492	0.02037	0.03721	0.02431	0.01493	0.13989	0.01337	0.00302	0.08974	0.02827	0.00393	0.03217
32	0.04697	0.08676	0.07331	0.04209	0.10879	0.07728	0.03478	0.04404	0.06129	0.11117	0.11215	0.07766	0.02164	0.01069	0.03406	0.00239	0.00743	0.00766	0.00515	0.03467
33	0.17614	0.04028	0.01468	0.01356	0.05678	0.16482	0.01000	0.08879	0.01742	0.05655	0.07074	0.04812	0.11184	0.01148	0.03350	0.00241	0.00730	0.03610	0.03157	0.00793

[dist]
# distance from previous block
# <min> <max>
12	21

[block]
# block no. 8 follows, 31 sequences, length 22
# corresponding to MSA columns:
# 336-357
name=unknown_I
#
# <colnr> <probs for GDERKNQSTAVLIFYWHMCP>
#	G	D	E	R	K	N	Q	S	T	A	V	L	I	F	Y	W	H	M	C	P
0	0.05099	0.01500	0.01736	0.01379	0.01823	0.08087	0.06473	0.07877	0.06355	0.13666	0.02218	0.02275	0.09360	0.00860	0.00809	0.00194	0.08267	0.00669	0.00527	0.20828
1	0.04333	0.02054	0.07661	0.04677	0.14919	0.15836	0.01507	0.18943	0.06038	0.04672	0.01568	0.06201	0.01307	0.00852	0.00788	0.00214	0.06333	0.00657	0.00476	0.00963
2	0.01806	0.42370	0.06948	0.01644	0.05806	0.12365	0.09845	0.02089	0.01477	0.01734	0.01151	0.01534	0.01038	0.06655	0.00780	0.00210	0.00871	0.00504	0.00320	0.00853
3	0.01079	0.00958	0.04875	0.01014	0.01224	0.00851	0.00797	0.03498	0.10254	0.02257	0.23691	0.23423	0.11942	0.07013	0.03701	0.00301	0.00504	0.01298	0.00634	0.00686
4	0.00925	0.00706	0.00854	0.00841	0.01027	0.00635	0.00646	0.01193	0.01766	0.02354	0.41581	0.05897	0.29397	0.01567	0.00821	0.00231	0.00362	0.07879	0.00699	0.00620
5	0.10509	0.00952	0.01153	0.01245	0.06871	0.00968	0.00870	0.01732	0.10392	0.04481	0.24012	0.14137	0.10948	0.01356	0.00757	0.00236	0.00464	0.07540	0.00636	0.00742
6	0.00856	0.00644	0.00799	0.00912	0.01019	0.00587	0.00653	0.01012	0.01410	0.01808	0.04659	0.48387	0.23596	0.01998	0.00863	0.00269	0.00408	0.08915	0.00635	0.00570
7	0.01042	0.00817	0.01178	0.01142	0.01235	0.00983	0.00881	0.01246	0.01081	0.01564	0.01757	0.02755	0.01704	0.13044	0.56368	0.00951	0.10534	0.00748	0.00364	0.00604
8	0.01595	0.01981	0.09524	0.02809	0.03526	0.01719	0.63853	0.02189	0.01601	0.02189	0.01372	0.01813	0.01024	0.00583	0.00795	0.00230	0.01142	0.00783	0.00341	0.00930
9	0.02330	0.01643	0.01807	0.01443	0.01914	0.01789	0.01169	0.47787	0.10617	0.09813	0.04897	0.07878	0.01803	0.00966	0.00706	0.00215	0.00667	0.00772	0.00699	0.01084
10	0.00832	0.00601	0.00788	0.00938	0.00989	0.00557	0.00629	0.00954	0.01323	0.01752	0.03944	0.71741	0.08183	0.02121	0.00870	0.00275	0.00394	0.01918	0.00635	0.00557
11	0.01171	0.00838	0.01084	0.01032	0.01166	0.00930	0.00762	0.08612	0.01313	0.01846	0.01920	0.03086	0.01877	0.24996	0.42400	0.00840	0.01319	0.00792	0.03399	0.00615
12	0.03768	0.02024	0.19282	0.08128	0.12424	0.04216	0.01658	0.12725	0.08533	0.14592	0.01796	0.04828	0.01357	0.00797	0.00676	0.00215	0.00787	0.00657	0.00513	0.01024
13	0.01609	0.07540	0.02134	0.07300	0.20278	0.09453	0.05581	0.05774	0.06159	0.02226	0.10279	0.02698	0.10928	0.00920	0.00764	0.00210	0.04033	0.00777	0.00463	0.00874
14	0.02659	0.01370	0.01579	0.01250	0.01722	0.05654	0.01016	0.15715	0.02152	0.44842	0.05606	0.02446	0.04725	0.00893	0.00682	0.00206	0.00619	0.00713	0.05087	0.01064
15	0.01471	0.01491	0.01698	0.01529	0.01616	0.12458	0.01220	0.01642	0.01208	0.01629	0.01358	0.05684	0.01351	0.04981	0.20254	0.00499	0.38175	0.00693	0.00346	0.00697
16	0.01384	0.01248	0.04079	0.07063	0.19289	0.01171	0.12950	0.01714	0.01470	0.06323	0.02460	0.20969	0.06291	0.04050	0.04599	0.00296	0.00780	0.02577	0.00471	0.00815
17	0.00839	0.00600	0.00799	0.00949	0.00994	0.00559	0.00635	0.00966	0.01335	0.01787	0.06523	0.72642	0.04604	0.02113	0.00871	0.00275	0.00394	0.01916	0.00640	0.00559
18	0.01462	0.05143	0.01522	0.01045	0.01613	0.04209	0.00842	0.01758	0.01473	0.02205	0.05553	0.01623	0.01339	0.00575	0.00527	0.00114	0.00539	0.00457	0.00419	0.67584
19	0.01606	0.11841	0.19292	0.01466	0.02006	0.03648	0.04584	0.05961	0.04057	0.07988	0.02182	0.05671	0.08265	0.01154	0.04492	0.00257	0.05117	0.03532	0.00455	0.06425
20	0.01594	0.06084	0.05841	0.01330	0.01721	0.03047	0.03131	0.09660	0.11058	0.05949	0.05206	0.11339	0.06557	0.01177	0.03077	0.00239	0.08737	0.00836	0.00528	0.12889
21	0.01483	0.06410	0.06323	0.01589	0.06806	0.03447	0.07314	0.07507	0.05240	0.05374	0.05852	0.25807	0.02560	0.03929	0.00918	0.00247	0.04460	0.01083	0.00525	0.03128

[dist]
# distance from previous block
# <min> <max>
1	14

[block]
# block no. 9 follows, 31 sequences, length 19
# corresponding to MSA columns:
# 372-390
name=unknown_J
#
# <colnr> <probs for GDERKNQSTAVLIFYWHMCP>
#	G	D	E	R	K	N	Q	S	T	A	V	L	I	F	Y	W	H	M	C	P
0	0.01065	0.00773	0.00937	0.00987	0.01085	0.00777	0.00674	0.06505	0.05953	0.01974	0.05646	0.48610	0.03775	0.16290	0.01352	0.00342	0.00483	0.01554	0.00604	0.00614
1	0.01877	0.01578	0.01786	0.01677	0.07322	0.01810	0.01235	0.17264	0.46324	0.03039	0.02303	0.02224	0.01737	0.00898	0.00794	0.00229	0.05469	0.00716	0.00640	0.01078
2	0.01680	0.01558	0.02197	0.19262	0.20990	0.06597	0.05624	0.07282	0.03440	0.04304	0.01500	0.01854	0.02940	0.00863	0.02982	0.00234	0.06352	0.00620	0.00397	0.09323
3	0.02238	0.02560	0.01709	0.01551	0.01879	0.50852	0.01174	0.06796	0.01959	0.04587	0.06997	0.06562	0.04799	0.00934	0.00671	0.00195	0.01003	0.02282	0.00460	0.00792
4	0.01588	0.01751	0.03771	0.02708	0.03358	0.01645	0.63827	0.02145	0.01601	0.02220	0.01450	0.01901	0.01094	0.00594	0.00782	0.00225	0.01088	0.00794	0.06559	0.00900
5	0.03870	0.10413	0.14888	0.09867	0.12211	0.04777	0.05345	0.03576	0.05159	0.02081	0.02315	0.04972	0.12165	0.00923	0.00719	0.00216	0.02728	0.02498	0.00414	0.00863
6	0.00950	0.00692	0.00864	0.00956	0.01047	0.00661	0.00657	0.05178	0.01457	0.01927	0.05920	0.59565	0.10551	0.04931	0.00957	0.00282	0.00422	0.01757	0.00633	0.00592
7	0.00976	0.00655	0.00752	0.00770	0.00775	0.00651	0.00440	0.00990	0.01031	0.01375	0.02342	0.12653	0.02722	0.67460	0.03182	0.00619	0.00633	0.01104	0.00440	0.00431
8	0.00970	0.00690	0.00782	0.00792	0.00968	0.00630	0.00600	0.01204	0.01577	0.02151	0.19184	0.07596	0.31481	0.06161	0.00934	0.00253	0.00389	0.08414	0.14627	0.00598
9	0.01653	0.05858	0.10633	0.20637	0.15105	0.01568	0.09893	0.04520	0.07234	0.08120	0.01736	0.02094	0.03080	0.00745	0.00686	0.00217	0.00826	0.02189	0.02270	0.00937
10	0.01862	0.01276	0.01424	0.01206	0.01584	0.01341	0.00956	0.20262	0.19488	0.12722	0.10741	0.06431	0.12914	0.01113	0.00722	0.00220	0.00536	0.00921	0.03331	0.00952
11	0.00851	0.00621	0.00802	0.00912	0.00990	0.00571	0.00625	0.01006	0.01429	0.01906	0.14205	0.57906	0.11674	0.01990	0.00857	0.00264	0.00381	0.01788	0.00653	0.00571
12	0.01362	0.06165	0.02145	0.57510	0.10008	0.01575	0.01783	0.01847	0.03967	0.01866	0.04390	0.01939	0.01215	0.00712	0.00673	0.00220	0.00852	0.00626	0.00341	0.00802
13	0.01576	0.00969	0.03659	0.01073	0.01357	0.00842	0.00862	0.01934	0.06856	0.21386	0.08045	0.22258	0.13552	0.04433	0.00898	0.00262	0.00503	0.08060	0.00684	0.00791
14	0.00841	0.00622	0.00780	0.00891	0.00973	0.00568	0.00607	0.00979	0.01383	0.01809	0.08115	0.56148	0.17357	0.04345	0.00939	0.00277	0.00392	0.01780	0.00635	0.00560
15	0.02637	0.05966	0.02060	0.01491	0.02037	0.01965	0.01243	0.54383	0.02900	0.15708	0.01784	0.01729	0.01238	0.00812	0.00671	0.00203	0.00723	0.00614	0.00690	0.01148
16	0.06122	0.01644	0.10159	0.04799	0.21950	0.01403	0.04183	0.08828	0.04246	0.04633	0.03729	0.07004	0.01547	0.00798	0.00660	0.00199	0.00712	0.02127	0.00452	0.14804
17	0.05892	0.01211	0.01610	0.05490	0.01710	0.05732	0.06361	0.01531	0.01177	0.01714	0.01417	0.02244	0.01345	0.11203	0.19260	0.07643	0.20174	0.00674	0.02964	0.00647
18	0.04185	0.10187	0.04369	0.05996	0.11430	0.08196	0.02773	0.15788	0.07841	0.04704	0.06071	0.02437	0.05597	0.04818	0.00813	0.00230	0.00742	0.02403	0.00504	0.00915

[dist]
# distance from previous block
# <min> <max>
1	21

[block]
# block no. 10 follows, 31 sequences, length 22
# corresponding to MSA columns:
# 412-433
name=unknown_K
#
# <colnr> <probs for GDERKNQSTAVLIFYWHMCP>
#	G	D	E	R	K	N	Q	S	T	A	V	L	I	F	Y	W	H	M	C	P
0	0.04037	0.03685	0.01251	0.01055	0.01353	0.02638	0.00822	0.01948	0.05797	0.19419	0.06981	0.13044	0.10559	0.06793	0.09664	0.00357	0.00685	0.03771	0.00612	0.05528
1	0.01779	0.01677	0.05179	0.20402	0.30240	0.08208	0.01760	0.05629	0.03715	0.07906	0.01458	0.01807	0.01136	0.00949	0.05012	0.00263	0.00915	0.00608	0.00401	0.00957
2	0.01806	0.04906	0.05182	0.07729	0.48760	0.08192	0.04059	0.07100	0.01694	0.02279	0.01275	0.01627	0.01043	0.00638	0.00666	0.00201	0.00867	0.00587	0.00360	0.01028
3	0.03124	0.02626	0.01279	0.06465	0.04375	0.00993	0.00921	0.03268	0.01156	0.01639	0.01532	0.05615	0.01485	0.02328	0.13970	0.35179	0.06715	0.03041	0.03748	0.00541
4	0.01346	0.00889	0.00997	0.01021	0.01206	0.04067	0.00800	0.05013	0.01595	0.06886	0.03126	0.22363	0.05805	0.01463	0.00745	0.00240	0.00503	0.18488	0.22765	0.00682
5	0.05981	0.00913	0.01021	0.00957	0.01202	0.00900	0.00725	0.08690	0.06071	0.05634	0.19194	0.18973	0.24160	0.01488	0.00773	0.00232	0.00429	0.01271	0.00667	0.00719
6	0.01936	0.09147	0.06959	0.06089	0.29750	0.01707	0.12891	0.08972	0.01755	0.11964	0.01492	0.01733	0.01127	0.00661	0.00676	0.00205	0.00840	0.00623	0.00435	0.01036
7	0.01047	0.00739	0.00866	0.00881	0.01080	0.00666	0.00662	0.01301	0.04013	0.07022	0.10848	0.23325	0.36165	0.01728	0.00823	0.00247	0.00404	0.06879	0.00662	0.00642
8	0.00968	0.00699	0.00914	0.00861	0.01022	0.00646	0.00646	0.01291	0.01937	0.02743	0.71328	0.05110	0.06455	0.01399	0.00807	0.00215	0.00323	0.01237	0.00753	0.00646
9	0.01615	0.01545	0.02635	0.17917	0.58585	0.01605	0.02061	0.02031	0.01521	0.02140	0.01273	0.01719	0.01050	0.00624	0.00679	0.00208	0.00832	0.00609	0.00332	0.01020
10	0.05619	0.00911	0.01117	0.01074	0.01312	0.00885	0.00809	0.06862	0.04439	0.17667	0.03368	0.39210	0.07317	0.01591	0.00787	0.00252	0.00487	0.04844	0.00677	0.00773
11	0.02601	0.01916	0.02053	0.01574	0.02122	0.02122	0.01300	0.69408	0.03217	0.04312	0.01643	0.01643	0.01163	0.00821	0.00684	0.00205	0.00753	0.00616	0.00684	0.01163
12	0.00920	0.00701	0.00820	0.00834	0.00983	0.00646	0.00599	0.01161	0.03646	0.02048	0.23408	0.17791	0.27931	0.11618	0.01178	0.00296	0.00407	0.03783	0.00640	0.00588
13	0.01540	0.07324	0.41589	0.02152	0.08075	0.01686	0.13127	0.06204	0.04324	0.02292	0.01430	0.01831	0.01109	0.00705	0.00681	0.00218	0.00952	0.03416	0.00357	0.00990
14	0.02346	0.08112	0.01930	0.01569	0.01946	0.47685	0.01214	0.09659	0.04463	0.05026	0.03922	0.03828	0.01331	0.00795	0.00627	0.00185	0.01006	0.00558	0.02951	0.00847
15	0.01635	0.01618	0.02630	0.20646	0.48972	0.05033	0.05463	0.02051	0.01534	0.02090	0.01264	0.01710	0.01031	0.00630	0.00683	0.00209	0.00874	0.00611	0.00331	0.00985
16	0.00851	0.00630	0.00796	0.00892	0.00985	0.00574	0.00616	0.01014	0.01457	0.01929	0.15471	0.51751	0.16631	0.01948	0.00851	0.00259	0.00376	0.01740	0.00655	0.00574
17	0.04436	0.04856	0.01583	0.01240	0.01637	0.01369	0.01015	0.23209	0.04298	0.19603	0.05771	0.07595	0.04599	0.01349	0.05891	0.00282	0.00689	0.05724	0.03906	0.00947
