[name]
unknown

[dist]
# distance from previous block
# <min> <max>
2	7

[block]
# block no. 0 follows, 34 sequences, length 15
# corresponding to MSA columns:
# 8-22
name=unknown_A
#
# <colnr> <probs for GDERKNQSTAVLIFYWHMCP>
#	G	D	E	R	K	N	Q	S	T	A	V	L	I	F	Y	W	H	M	C	P
0	0.04183	0.00935	0.01117	0.01016	0.01277	0.00950	0.00779	0.02114	0.20430	0.14463	0.30707	0.13181	0.03816	0.01184	0.00711	0.00215	0.00417	0.01025	0.00686	0.00794
1	0.03533	0.00677	0.00852	0.00897	0.01002	0.00663	0.00638	0.01110	0.01355	0.04791	0.14111	0.45377	0.12793	0.04227	0.00933	0.00256	0.04128	0.01487	0.00596	0.00574
2	0.00786	0.00569	0.00743	0.00883	0.00933	0.00526	0.00592	0.00902	0.01253	0.01656	0.03766	0.72032	0.08980	0.01998	0.00821	0.00259	0.00372	0.01804	0.00600	0.00526
3	0.01465	0.01543	0.02398	0.01920	0.02122	0.05756	0.20437	0.01717	0.01183	0.01686	0.01054	0.01625	0.00961	0.03624	0.04314	0.00297	0.46228	0.00629	0.00303	0.00739
4	0.02310	0.01289	0.01517	0.01216	0.01652	0.01316	0.00986	0.22143	0.14334	0.32461	0.06813	0.02237	0.01818	0.00837	0.00644	0.00199	0.00556	0.00675	0.05975	0.01022
5	0.01546	0.01194	0.01741	0.03949	0.09036	0.01470	0.01264	0.01760	0.01197	0.13111	0.01379	0.01838	0.01171	0.01900	0.19166	0.00440	0.36070	0.00611	0.00384	0.00771
6	0.00798	0.00599	0.00741	0.00826	0.00925	0.00542	0.00573	0.00950	0.01377	0.01801	0.13679	0.49206	0.21973	0.01831	0.00801	0.00243	0.00353	0.01626	0.00615	0.00542
7	0.00786	0.00569	0.00743	0.00883	0.00933	0.00526	0.00592	0.00902	0.01253	0.01656	0.03769	0.71957	0.09053	0.01997	0.00820	0.00259	0.00372	0.01804	0.00600	0.00526
8	0.00850	0.00613	0.00793	0.00905	0.00972	0.00580	0.00618	0.03240	0.01343	0.01794	0.08128	0.67376	0.06521	0.01924	0.00813	0.00255	0.00380	0.01736	0.00609	0.00550
9	0.21029	0.01393	0.01440	0.01170	0.01615	0.06327	0.00951	0.14320	0.06679	0.32689	0.04735	0.01871	0.01459	0.00766	0.00591	0.00198	0.00595	0.00579	0.00635	0.00957
10	0.02405	0.01774	0.09694	0.01558	0.05524	0.01646	0.01318	0.42108	0.02462	0.22260	0.01757	0.01705	0.01198	0.00755	0.00643	0.00197	0.00698	0.00588	0.00630	0.01080
11	0.01804	0.14557	0.18992	0.01718	0.06653	0.18987	0.06311	0.06359	0.04019	0.04387	0.01212	0.01378	0.00945	0.00619	0.00576	0.00173	0.00865	0.00478	0.00359	0.09609
12	0.01462	0.05005	0.01600	0.03181	0.01666	0.05723	0.07423	0.06930	0.04224	0.06149	0.20733	0.02754	0.07816	0.00869	0.00638	0.00172	0.00565	0.00748	0.00522	0.21821
13	0.07272	0.08468	0.20250	0.01444	0.04467	0.06615	0.01366	0.08680	0.04630	0.13585	0.06217	0.01963	0.04932	0.00773	0.00653	0.00193	0.03224	0.00591	0.00471	0.04206
14	0.01573	0.03969	0.09443	0.01161	0.01580	0.03248	0.03240	0.12456	0.01857	0.12604	0.22865	0.03210	0.13036	0.01007	0.00677	0.00194	0.00552	0.00843	0.00590	0.05896

[dist]
# distance from previous block
# <min> <max>
5	12

[block]
# block no. 1 follows, 34 sequences, length 24
# corresponding to MSA columns:
# 35-58
name=unknown_B
#
# <colnr> <probs for GDERKNQSTAVLIFYWHMCP>
#	G	D	E	R	K	N	Q	S	T	A	V	L	I	F	Y	W	H	M	C	P
0	0.07630	0.04642	0.15664	0.01670	0.05170	0.07552	0.09172	0.13331	0.04403	0.17721	0.01542	0.01615	0.01098	0.00695	0.00668	0.00198	0.03288	0.00558	0.00484	0.02899
1	0.05869	0.01427	0.06733	0.10521	0.09224	0.04417	0.04552	0.07747	0.13785	0.02314	0.08309	0.06688	0.04311	0.03712	0.00743	0.00217	0.00647	0.00744	0.02469	0.05572
2	0.03380	0.04324	0.11804	0.01230	0.03336	0.10162	0.01056	0.04200	0.04515	0.02008	0.08048	0.12704	0.06276	0.01720	0.13897	0.00350	0.00827	0.00828	0.08624	0.00712
3	0.02949	0.00790	0.00963	0.00944	0.01103	0.00797	0.00693	0.06889	0.04001	0.05794	0.13527	0.31497	0.10502	0.04302	0.04497	0.03247	0.02360	0.01248	0.03264	0.00633
4	0.05496	0.07645	0.09251	0.05499	0.08629	0.09721	0.06134	0.11657	0.07772	0.08407	0.03268	0.04448	0.02965	0.00826	0.00728	0.02898	0.02699	0.00629	0.00454	0.00875
5	0.01274	0.00967	0.02903	0.03724	0.05676	0.04232	0.00872	0.01477	0.03117	0.08847	0.02465	0.16368	0.08471	0.08736	0.14767	0.08055	0.03257	0.00934	0.03219	0.00638
6	0.04594	0.01120	0.01388	0.01111	0.01538	0.01065	0.00897	0.08336	0.09225	0.47948	0.02505	0.02381	0.03899	0.04595	0.00764	0.00220	0.00537	0.00679	0.06205	0.00994
7	0.01594	0.01635	0.10210	0.20932	0.23051	0.01545	0.06705	0.07843	0.10078	0.05652	0.01451	0.01732	0.01100	0.00675	0.00693	0.00208	0.02969	0.00600	0.00397	0.00929
8	0.01598	0.10596	0.05172	0.01672	0.06634	0.14304	0.08671	0.03615	0.01424	0.05224	0.01620	0.15237	0.01584	0.01236	0.05681	0.00268	0.13529	0.00776	0.00394	0.00766
9	0.00844	0.00661	0.00696	0.00700	0.00908	0.00558	0.00520	0.01006	0.01460	0.04369	0.06066	0.13971	0.62702	0.01649	0.00766	0.00222	0.00341	0.01390	0.00607	0.00563
10	0.00867	0.00634	0.00798	0.00901	0.00983	0.00600	0.00619	0.04364	0.01352	0.01780	0.03795	0.65288	0.11771	0.01920	0.00809	0.00254	0.00386	0.01722	0.00602	0.00555
11	0.08184	0.05872	0.07538	0.03391	0.07504	0.20170	0.01332	0.28374	0.04164	0.05476	0.01334	0.01434	0.01000	0.00697	0.00598	0.00187	0.00824	0.00509	0.00474	0.00939
12	0.77284	0.01282	0.01007	0.00886	0.01293	0.01481	0.00730	0.05885	0.01211	0.02967	0.00937	0.01079	0.00723	0.00610	0.00414	0.00200	0.00512	0.00363	0.00414	0.00723
13	0.01587	0.04198	0.20176	0.06449	0.09763	0.17074	0.15678	0.02050	0.03393	0.01876	0.01359	0.06188	0.01170	0.03119	0.00778	0.00216	0.03112	0.00642	0.00337	0.00834
14	0.05166	0.01646	0.01804	0.01400	0.01870	0.01806	0.01152	0.53181	0.02557	0.03537	0.01437	0.01530	0.01067	0.00892	0.03153	0.00216	0.05897	0.00552	0.00571	0.10565
15	0.01204	0.04793	0.09632	0.01285	0.01514	0.03562	0.01135	0.03985	0.01192	0.01676	0.01622	0.02216	0.04343	0.04850	0.37246	0.00636	0.17441	0.00647	0.00344	0.00678
16	0.01459	0.04818	0.11812	0.07134	0.10154	0.03169	0.10640	0.09498	0.06638	0.03831	0.07467	0.16531	0.02086	0.00972	0.00690	0.00213	0.00707	0.00879	0.00467	0.00837
17	0.01101	0.00771	0.00932	0.00883	0.01052	0.03442	0.00658	0.01369	0.01745	0.07724	0.54929	0.14882	0.05298	0.01359	0.00756	0.00210	0.00366	0.01198	0.00687	0.00639
18	0.00844	0.00652	0.00762	0.00745	0.00914	0.00578	0.00550	0.01068	0.01614	0.02131	0.38307	0.08876	0.34758	0.04291	0.00859	0.00228	0.00330	0.01277	0.00646	0.00570
19	0.03620	0.09203	0.17912	0.02096	0.07238	0.11532	0.25600	0.04561	0.01581	0.08618	0.01303	0.01529	0.00969	0.00611	0.00644	0.00196	0.00937	0.00579	0.00367	0.00903
20	0.04499	0.11439	0.17305	0.07073	0.08443	0.05742	0.09262	0.13608	0.04676	0.02294	0.01455	0.04339	0.02698	0.00733	0.00677	0.00199	0.03675	0.00601	0.00391	0.00891
21	0.01202	0.00770	0.00909	0.00874	0.01066	0.00728	0.00638	0.03758	0.06225	0.10971	0.11207	0.23384	0.21397	0.09916	0.01025	0.00268	0.00423	0.01236	0.03352	0.00652
22	0.00957	0.04341	0.00911	0.00845	0.00978	0.00669	0.00605	0.01116	0.01396	0.04932	0.16928	0.37963	0.16147	0.07972	0.00980	0.00265	0.00397	0.01430	0.00597	0.00573
23	0.09796	0.10012	0.03991	0.06023	0.11081	0.12812	0.10871	0.04589	0.05009	0.09278	0.01532	0.06972	0.01300	0.03142	0.00697	0.00209	0.00780	0.00643	0.00422	0.00842

[dist]
# distance from previous block
# <min> <max>
11	22

[block]
# block no. 2 follows, 34 sequences, length 11
# corresponding to MSA columns:
# 82-92
name=unknown_C
#
# <colnr> <probs for GDERKNQSTAVLIFYWHMCP>
#	G	D	E	R	K	N	Q	S	T	A	V	L	I	F	Y	W	H	M	C	P
0	0.01054	0.03615	0.00999	0.00939	0.01109	0.00819	0.00694	0.01492	0.13018	0.04226	0.12770	0.33209	0.14224	0.04842	0.00869	0.00251	0.00418	0.04195	0.00609	0.00648
1	0.00934	0.00676	0.00912	0.01027	0.04138	0.00650	0.00707	0.01119	0.01348	0.04116	0.11241	0.37163	0.14657	0.02230	0.12776	0.00371	0.00611	0.04172	0.00565	0.00589
2	0.01989	0.15157	0.02254	0.05743	0.06794	0.07664	0.08931	0.10971	0.06952	0.17039	0.05791	0.01847	0.01450	0.00740	0.00680	0.00193	0.03782	0.00604	0.00499	0.00920
3	0.09000	0.01132	0.01432	0.06458	0.06135	0.01183	0.01015	0.11216	0.06201	0.20769	0.11815	0.13111	0.02360	0.01023	0.00732	0.00214	0.03890	0.00849	0.00605	0.00860
4	0.00859	0.00641	0.00794	0.00889	0.00974	0.00616	0.00608	0.01106	0.06540	0.01755	0.06545	0.56671	0.11709	0.05910	0.00935	0.00271	0.00390	0.01627	0.00597	0.00560
5	0.01802	0.07213	0.02338	0.22218	0.17375	0.17902	0.08702	0.08868	0.01662	0.04129	0.01208	0.01524	0.00943	0.00636	0.00626	0.00192	0.00897	0.00545	0.00358	0.00860
6	0.04509	0.10063	0.13859	0.03574	0.06292	0.08137	0.09212	0.14051	0.06568	0.05524	0.03556	0.08738	0.01482	0.00809	0.00636	0.00199	0.00768	0.00684	0.00450	0.00889
7	0.01129	0.00881	0.01276	0.07773	0.01489	0.00938	0.07202	0.03779	0.04663	0.01629	0.04334	0.09571	0.02103	0.33281	0.05715	0.08575	0.03811	0.00888	0.00410	0.00552
8	0.01081	0.00706	0.00862	0.00859	0.01016	0.00662	0.00618	0.01356	0.05657	0.08599	0.19377	0.28387	0.16081	0.08334	0.00985	0.00263	0.00396	0.01314	0.02826	0.00621
9	0.04300	0.10915	0.05664	0.07453	0.06729	0.08585	0.03541	0.23218	0.04481	0.07730	0.01556	0.04467	0.01271	0.00800	0.00679	0.00199	0.03548	0.03469	0.00481	0.00913
10	0.01509	0.03495	0.24670	0.11497	0.04103	0.01343	0.05597	0.05530	0.09603	0.09938	0.10797	0.03996	0.03461	0.00816	0.00661	0.00207	0.00723	0.00699	0.00469	0.00884

[dist]
# distance from previous block
# <min> <max>
2	7

[block]
# block no. 3 follows, 34 sequences, length 31
# corresponding to MSA columns:
# 100-130
name=unknown_D
#
# <colnr> <probs for GDERKNQSTAVLIFYWHMCP>
#	G	D	E	R	K	N	Q	S	T	A	V	L	I	F	Y	W	H	M	C	P
0	0.03509	0.01808	0.12243	0.06500	0.05606	0.09997	0.01305	0.16971	0.03863	0.12005	0.01597	0.05047	0.01264	0.02759	0.03078	0.00225	0.00770	0.00600	0.00481	0.10370
1	0.05888	0.02415	0.15038	0.03532	0.03933	0.28762	0.03751	0.14205	0.06376	0.02322	0.03904	0.01529	0.01152	0.00696	0.00607	0.00186	0.00896	0.00519	0.00414	0.03876
2	0.01353	0.04159	0.19466	0.04276	0.11373	0.03722	0.03452	0.06214	0.01471	0.03765	0.03636	0.16535	0.03817	0.03166	0.04184	0.00267	0.03766	0.04156	0.00425	0.00795
3	0.06860	0.01309	0.01529	0.01257	0.01683	0.01349	0.01036	0.26675	0.06834	0.28001	0.02265	0.05573	0.01785	0.00965	0.00674	0.00215	0.00600	0.09730	0.00678	0.00981
4	0.00787	0.00562	0.00750	0.00900	0.00937	0.00525	0.00600	0.00900	0.01237	0.01649	0.03561	0.76871	0.04274	0.02024	0.00825	0.00262	0.00375	0.01837	0.00600	0.00525
5	0.00936	0.00660	0.00823	0.00863	0.00983	0.00628	0.00616	0.01138	0.03226	0.04457	0.12046	0.32401	0.17630	0.10128	0.07581	0.00352	0.00522	0.03867	0.00577	0.00567
6	0.00924	0.00617	0.00781	0.00847	0.00913	0.00582	0.00566	0.01039	0.01260	0.04318	0.10632	0.43264	0.06425	0.21420	0.01450	0.00347	0.00443	0.03083	0.00565	0.00523
7	0.08032	0.01177	0.01497	0.01163	0.01653	0.01090	0.00958	0.08571	0.04307	0.60966	0.02362	0.02078	0.01512	0.00787	0.00633	0.00200	0.00558	0.00627	0.00756	0.01071
8	0.00783	0.00655	0.00681	0.00675	0.00885	0.00554	0.00506	0.00965	0.01518	0.01854	0.15047	0.06040	0.64430	0.01596	0.00763	0.00216	0.00324	0.01339	0.00614	0.00554
9	0.02846	0.01185	0.01552	0.01190	0.01692	0.01076	0.00983	0.11318	0.01992	0.65339	0.02429	0.02121	0.01539	0.00797	0.00649	0.00199	0.00569	0.00642	0.00781	0.01100
10	0.00967	0.00689	0.00854	0.00924	0.01001	0.00679	0.00626	0.07476	0.01359	0.01814	0.03136	0.58510	0.03677	0.13628	0.01192	0.00313	0.00445	0.01580	0.00572	0.00558
11	0.00786	0.00567	0.00745	0.00888	0.00934	0.00526	0.00595	0.00901	0.01249	0.01654	0.03706	0.73439	0.07611	0.02005	0.00822	0.00260	0.00373	0.01814	0.00600	0.00526
12	0.01520	0.01727	0.03726	0.02675	0.03297	0.01650	0.67615	0.02045	0.01500	0.02045	0.01285	0.01727	0.00974	0.00572	0.00827	0.00221	0.04651	0.00753	0.00325	0.00864
13	0.01592	0.01248	0.01319	0.01178	0.01505	0.01410	0.00917	0.10911	0.47073	0.02760	0.02444	0.05651	0.01912	0.00892	0.00624	0.00205	0.00488	0.00738	0.16205	0.00928
14	0.00940	0.00626	0.00705	0.00705	0.00705	0.00626	0.00392	0.00940	0.00940	0.01253	0.02036	0.04228	0.02349	0.77292	0.03289	0.00626	0.00626	0.00940	0.00392	0.00392
15	0.00891	0.00694	0.00727	0.00715	0.00940	0.00600	0.00537	0.01113	0.03958	0.05003	0.06040	0.10365	0.62959	0.01597	0.00759	0.00220	0.00347	0.01339	0.00611	0.00586
16	0.01525	0.01743	0.03813	0.02723	0.03377	0.01634	0.70915	0.02070	0.01525	0.02070	0.01307	0.01743	0.00980	0.00545	0.00763	0.00218	0.01089	0.00763	0.00327	0.00871
17	0.02382	0.02825	0.05339	0.01628	0.02026	0.57204	0.01290	0.13371	0.01999	0.04427	0.01146	0.01271	0.00899	0.00685	0.00596	0.00174	0.01063	0.00453	0.00395	0.00826
18	0.02414	0.03079	0.01831	0.01665	0.01998	0.74698	0.01248	0.02580	0.01831	0.01581	0.00999	0.01165	0.00832	0.00666	0.00583	0.00166	0.01165	0.00416	0.00333	0.00749
19	0.00928	0.00672	0.00934	0.00934	0.01013	0.00751	0.00677	0.01087	0.01007	0.01423	0.01826	0.03068	0.01845	0.27535	0.52357	0.00909	0.01385	0.00770	0.00360	0.00519
20	0.01607	0.01388	0.01461	0.01315	0.01680	0.01607	0.01023	0.03433	0.72094	0.02703	0.02630	0.02411	0.01972	0.00877	0.00657	0.00219	0.00511	0.00731	0.00657	0.01023
21	0.81856	0.01250	0.00950	0.00850	0.01250	0.01449	0.00700	0.01899	0.01100	0.02899	0.00900	0.01050	0.00700	0.00600	0.00400	0.00200	0.00500	0.00350	0.00400	0.00700
22	0.01361	0.01216	0.01621	0.01158	0.01741	0.00949	0.08732	0.01677	0.01361	0.02101	0.01166	0.01386	0.00960	0.00486	0.00511	0.00110	0.00548	0.00426	0.00376	0.72116
23	0.06553	0.01206	0.03729	0.01264	0.04727	0.01146	0.00979	0.17746	0.01861	0.25464	0.04408	0.13877	0.02062	0.05916	0.00836	0.00238	0.00571	0.03345	0.03189	0.00885
24	0.01848	0.01086	0.01300	0.01082	0.01461	0.01056	0.00855	0.04511	0.20763	0.26433	0.14444	0.02914	0.06982	0.03367	0.00745	0.00210	0.00484	0.00785	0.00674	0.09000
25	0.01461	0.06984	0.07624	0.08643	0.01927	0.01166	0.01058	0.06024	0.03597	0.05876	0.01580	0.05997	0.03399	0.00685	0.00556	0.00149	0.00581	0.00559	0.00422	0.41714
26	0.04747	0.00904	0.01161	0.04068	0.03266	0.00914	0.05011	0.03712	0.11050	0.02070	0.08091	0.22135	0.22690	0.01477	0.03076	0.00250	0.00506	0.01179	0.03017	0.00676
27	0.02017	0.24638	0.10953	0.01591	0.06685	0.17506	0.01361	0.18757	0.01874	0.04745	0.01193	0.01313	0.00937	0.00646	0.00555	0.00170	0.00822	0.00460	0.00401	0.03377
28	0.04315	0.01146	0.01289	0.01082	0.01418	0.01168	0.00850	0.26401	0.02045	0.14277	0.08246	0.11725	0.15847	0.06146	0.00864	0.00237	0.00529	0.00949	0.00637	0.00830
29	0.01420	0.05065	0.06422	0.01429	0.06141	0.10593	0.04219	0.08184	0.04686	0.01990	0.07513	0.12008	0.03663	0.11429	0.09657	0.00358	0.03215	0.00841	0.00447	0.00723
30	0.01700	0.11504	0.23377	0.06279	0.08878	0.06028	0.08891	0.10720	0.04989	0.06340	0.01359	0.01562	0.01025	0.00813	0.03570	0.00227	0.00883	0.00545	0.00386	0.00925

[dist]
# distance from previous block
# <min> <max>
1	12

[block]
# block no. 4 follows, 34 sequences, length 49
# corresponding to MSA columns:
# 143-191
name=unknown_E
#
# <colnr> <probs for GDERKNQSTAVLIFYWHMCP>
#	G	D	E	R	K	N	Q	S	T	A	V	L	I	F	Y	W	H	M	C	P
0	0.06367	0.08232	0.06989	0.06708	0.14343	0.09582	0.04033	0.07137	0.02941	0.05224	0.04525	0.04561	0.10535	0.00825	0.00621	0.00190	0.00702	0.00682	0.00431	0.05373
1	0.11370	0.09972	0.27930	0.05522	0.07184	0.01571	0.01586	0.09640	0.04692	0.06608	0.03987	0.01573	0.01154	0.00666	0.00579	0.00192	0.00740	0.00515	0.00403	0.04118
2	0.01758	0.08614	0.02059	0.04064	0.09331	0.03564	0.10906	0.11837	0.10828	0.11884	0.04685	0.07027	0.06299	0.00899	0.00672	0.00206	0.00675	0.03269	0.00529	0.00895
3	0.00932	0.00748	0.01028	0.01098	0.05076	0.00732	0.02848	0.01165	0.02893	0.01908	0.18986	0.29645	0.16751	0.04826	0.05500	0.00298	0.03074	0.01324	0.00567	0.00600
4	0.07367	0.03423	0.02222	0.10722	0.07217	0.22537	0.13079	0.03419	0.03868	0.01880	0.01108	0.01451	0.00912	0.00740	0.00945	0.00212	0.17230	0.00544	0.00335	0.00790
5	0.04091	0.01882	0.16349	0.18204	0.17174	0.06494	0.04109	0.11036	0.04783	0.02231	0.01365	0.03796	0.01093	0.00856	0.03583	0.00236	0.00863	0.00593	0.00374	0.00887
6	0.01439	0.00927	0.01254	0.03715	0.01442	0.02509	0.05751	0.04181	0.03943	0.16026	0.05133	0.23791	0.11686	0.05621	0.02823	0.06832	0.00566	0.01102	0.00567	0.00693
7	0.01240	0.00785	0.00964	0.00963	0.01106	0.00773	0.00682	0.10245	0.01496	0.08781	0.02954	0.47874	0.03261	0.11205	0.01081	0.00289	0.00464	0.01399	0.03799	0.00640
8	0.01116	0.00789	0.00917	0.00852	0.01078	0.00741	0.00648	0.04477	0.06904	0.07545	0.30238	0.09672	0.29785	0.01389	0.00746	0.00213	0.00369	0.01189	0.00662	0.00669
9	0.01981	0.01821	0.06319	0.10588	0.02484	0.10227	0.12791	0.24380	0.07800	0.08595	0.01590	0.01851	0.01194	0.00750	0.00698	0.00206	0.02507	0.02783	0.00496	0.00935
10	0.01443	0.01057	0.01214	0.01121	0.01354	0.01108	0.00843	0.28539	0.01955	0.02607	0.02889	0.44410	0.05757	0.01517	0.00752	0.00234	0.00505	0.01324	0.00618	0.00752
11	0.00787	0.00562	0.00750	0.00900	0.00937	0.00525	0.00600	0.00900	0.01237	0.01649	0.03561	0.76871	0.04274	0.02024	0.00825	0.00262	0.00375	0.01837	0.00600	0.00525
12	0.06843	0.01733	0.01698	0.01381	0.01835	0.10953	0.01112	0.33258	0.16307	0.15474	0.01832	0.01757	0.01303	0.00776	0.00627	0.00197	0.00689	0.00589	0.00621	0.01017
13	0.01269	0.00910	0.01057	0.00925	0.01181	0.00891	0.00720	0.15430	0.01992	0.05425	0.40073	0.04388	0.20671	0.01264	0.00735	0.00205	0.00402	0.01075	0.00675	0.00713
14	0.18017	0.01108	0.01342	0.01190	0.01486	0.01170	0.05023	0.14598	0.01645	0.09793	0.02302	0.25144	0.02310	0.01231	0.00731	0.00232	0.02925	0.08430	0.00561	0.00761
15	0.81856	0.01250	0.00950	0.00850	0.01250	0.01449	0.00700	0.01899	0.01100	0.02899	0.00900	0.01050	0.00700	0.00600	0.00400	0.00200	0.00500	0.00350	0.00400	0.00700
16	0.01525	0.01743	0.03813	0.02723	0.03377	0.01634	0.70915	0.02070	0.01525	0.02070	0.01307	0.01743	0.00980	0.00545	0.00763	0.00218	0.01089	0.00763	0.00327	0.00871
17	0.01465	0.01184	0.01437	0.01100	0.01592	0.01027	0.03855	0.09374	0.05745	0.04404	0.01835	0.04577	0.05560	0.00723	0.00568	0.00144	0.00523	0.03083	0.02214	0.49592
18	0.02710	0.01102	0.01462	0.01138	0.01609	0.00985	0.00934	0.05418	0.04272	0.63900	0.05342	0.02296	0.01778	0.00821	0.00649	0.00199	0.00537	0.00670	0.03117	0.01063
19	0.00923	0.00692	0.01038	0.01038	0.01154	0.00808	0.00808	0.01154	0.01038	0.01500	0.01731	0.02538	0.01615	0.04846	0.74732	0.01038	0.01731	0.00692	0.00346	0.00577
20	0.07035	0.15953	0.52708	0.03644	0.04518	0.01679	0.02020	0.02004	0.01338	0.02007	0.01097	0.01301	0.00819	0.00602	0.00566	0.00193	0.00870	0.00451	0.00284	0.00911
21	0.00805	0.00578	0.00763	0.00896	0.00944	0.00547	0.00607	0.00924	0.01233	0.01639	0.03537	0.66401	0.06657	0.05292	0.03647	0.00306	0.00440	0.03676	0.00582	0.00524
22	0.01124	0.00744	0.00868	0.00884	0.01057	0.00756	0.00697	0.01601	0.10451	0.02293	0.14866	0.08710	0.06177	0.01219	0.00668	0.00212	0.00401	0.16442	0.30182	0.00648
23	0.01796	0.47977	0.11793	0.01410	0.05877	0.02164	0.01312	0.08545	0.05723	0.06202	0.01210	0.01308	0.00977	0.00616	0.00502	0.00163	0.00711	0.00438	0.00366	0.00908
24	0.05071	0.44055	0.02677	0.06902	0.01955	0.19325	0.01193	0.06249	0.01518	0.01755	0.00979	0.01164	0.00844	0.00622	0.00545	0.00162	0.03456	0.00402	0.00318	0.00809
25	0.01600	0.01140	0.01366	0.00989	0.01551	0.00876	0.00796	0.01881	0.01425	0.14042	0.01382	0.01483	0.01064	0.00532	0.00507	0.00113	0.00490	0.00427	0.00452	0.67882
26	0.01045	0.01151	0.14226	0.01028	0.01327	0.00762	0.00943	0.01352	0.01515	0.06300	0.24030	0.24476	0.15033	0.01418	0.00749	0.00224	0.00468	0.02701	0.00585	0.00668
27	0.01083	0.00715	0.00954	0.00947	0.01077	0.00772	0.00710	0.04249	0.01229	0.04412	0.02146	0.15278	0.02107	0.08835	0.39568	0.00673	0.01112	0.00886	0.12646	0.00600
28	0.00791	0.00567	0.00746	0.00887	0.00928	0.00529	0.00590	0.00902	0.01234	0.01639	0.03594	0.72669	0.06067	0.04392	0.00901	0.00273	0.00382	0.01796	0.00593	0.00521
29	0.00970	0.00697	0.00846	0.00807	0.00992	0.00636	0.00605	0.01276	0.04275	0.05165	0.44395	0.10003	0.24083	0.01419	0.00758	0.00212	0.00333	0.01232	0.00674	0.00621
30	0.00812	0.00593	0.00762	0.00886	0.00956	0.00551	0.00618	0.00944	0.01280	0.01674	0.03889	0.58791	0.13217	0.04594	0.00909	0.00272	0.00397	0.07734	0.00592	0.00529
31	0.02600	0.01485	0.01731	0.01324	0.01836	0.01515	0.01093	0.39773	0.02471	0.33370	0.01957	0.01816	0.01305	0.00774	0.00641	0.00193	0.00634	0.00603	0.00701	0.04178
32	0.00787	0.00562	0.00750	0.00900	0.00937	0.00525	0.00600	0.00900	0.01237	0.01649	0.03561	0.76871	0.04274	0.02024	0.00825	0.00262	0.00375	0.01837	0.00600	0.00525
33	0.04062	0.00618	0.00738	0.00829	0.00926	0.00574	0.00570	0.00961	0.01299	0.01744	0.06863	0.51365	0.20357	0.04841	0.00889	0.00262	0.00376	0.01603	0.00588	0.00535
34	0.00808	0.00601	0.00745	0.00850	0.00936	0.00551	0.00592	0.00939	0.01293	0.01668	0.04172	0.50926	0.20488	0.06384	0.00961	0.00276	0.00394	0.06303	0.00587	0.00527
35	0.00823	0.00577	0.00739	0.00854	0.00882	0.00549	0.00551	0.00909	0.01167	0.01556	0.03202	0.59785	0.03821	0.19727	0.01404	0.00348	0.00434	0.01626	0.00551	0.00493
36	0.01296	0.03342	0.73944	0.01842	0.02797	0.01501	0.02387	0.02046	0.01364	0.02046	0.01160	0.01364	0.00818	0.00614	0.00614	0.00205	0.00955	0.00477	0.00273	0.00955
37	0.01428	0.01600	0.10843	0.11386	0.19738	0.01383	0.20238	0.03988	0.03535	0.04132	0.01999	0.06659	0.08532	0.00797	0.00695	0.00211	0.00804	0.00777	0.00391	0.00863
38	0.00816	0.00634	0.00747	0.00814	0.00941	0.00577	0.00574	0.01022	0.03845	0.01793	0.09815	0.42009	0.30509	0.01784	0.00791	0.00240	0.00356	0.01568	0.00610	0.00556
39	0.01695	0.01431	0.01510	0.01333	0.01713	0.01648	0.01044	0.10399	0.64986	0.02844	0.02519	0.02322	0.01882	0.00866	0.00656	0.00217	0.00532	0.00715	0.00656	0.01031
40	0.17927	0.15024	0.05168	0.05774	0.11295	0.19493	0.07502	0.04604	0.01498	0.02065	0.01133	0.03672	0.00963	0.00654	0.00555	0.00184	0.00824	0.00504	0.00349	0.00812
41	0.06383	0.01798	0.08936	0.04576	0.02942	0.01618	0.44982	0.11910	0.01714	0.06641	0.01375	0.01671	0.01001	0.00605	0.00702	0.00211	0.00951	0.00677	0.00399	0.00909
42	0.07132	0.01337	0.01999	0.04124	0.14657	0.01266	0.13812	0.04714	0.07008	0.03804	0.04065	0.01734	0.01271	0.00614	0.00592	0.00168	0.00654	0.00569	0.03614	0.26865
43	0.02165	0.01649	0.01766	0.01412	0.01873	0.01839	0.01147	0.50206	0.21227	0.03646	0.04925	0.01920	0.01546	0.00826	0.00654	0.00201	0.00641	0.00646	0.00652	0.01058
44	0.00949	0.00677	0.00845	0.00931	0.01022	0.00659	0.00646	0.07107	0.01408	0.01895	0.03433	0.64896	0.06307	0.01852	0.00793	0.00251	0.00400	0.01662	0.03688	0.00579
45	0.00981	0.00675	0.00758	0.00749	0.00790	0.00673	0.00450	0.03973	0.01092	0.01440	0.02464	0.09439	0.07763	0.62909	0.02808	0.00551	0.00590	0.01020	0.00433	0.00443
46	0.12337	0.15283	0.04888	0.01359	0.06476	0.11215	0.01058	0.03361	0.03046	0.12916	0.04197	0.12966	0.01723	0.03302	0.00721	0.00210	0.02962	0.00715	0.00466	0.00800
47	0.01636	0.08058	0.04094	0.01493	0.04604	0.15837	0.07047	0.07035	0.11999	0.03711	0.10844	0.08421	0.03564	0.01058	0.03410	0.00227	0.02455	0.00758	0.00482	0.03268
48	0.01713	0.23759	0.10731	0.01411	0.01937	0.03865	0.08237	0.13637	0.08250	0.05401	0.06380	0.03902	0.03994	0.00767	0.00598	0.00183	0.00703	0.00625	0.00455	0.03454

[dist]
# distance from previous block
# <min> <max>
1	5

[block]
# block no. 5 follows, 34 sequences, length 9
# corresponding to MSA columns:
# 197-205
name=unknown_F
#
# <colnr> <probs for GDERKNQSTAVLIFYWHMCP>
#	G	D	E	R	K	N	Q	S	T	A	V	L	I	F	Y	W	H	M	C	P
0	0.01462	0.21842	0.43242	0.01565	0.02287	0.07763	0.01820	0.01978	0.01359	0.01823	0.01134	0.01376	0.00898	0.01004	0.07588	0.00264	0.00979	0.00459	0.00286	0.00870
1	0.01296	0.08238	0.01392	0.05033	0.01484	0.01106	0.00866	0.04949	0.05570	0.05584	0.09087	0.10243	0.15520	0.03394	0.00838	0.00211	0.05658	0.04469	0.00512	0.14551
2	0.01849	0.23822	0.08997	0.01312	0.03396	0.03561	0.03652	0.09581	0.01629	0.13883	0.01523	0.01587	0.03289	0.00644	0.00545	0.00158	0.00664	0.00496	0.00441	0.18971
3	0.08751	0.00807	0.00938	0.00902	0.01121	0.00771	0.00669	0.01468	0.06598	0.07017	0.17995	0.29390	0.11263	0.01393	0.00710	0.00217	0.00398	0.01211	0.00603	0.07779
4	0.01347	0.01290	0.09045	0.01196	0.01691	0.00939	0.07570	0.01703	0.01471	0.06825	0.10572	0.02580	0.05167	0.00786	0.00607	0.00162	0.00562	0.05567	0.04792	0.36128
5	0.01280	0.09734	0.19609	0.01374	0.05783	0.01281	0.01260	0.05014	0.11144	0.02264	0.20301	0.07721	0.08607	0.01007	0.00666	0.00203	0.00588	0.00848	0.00506	0.00811
6	0.01082	0.00784	0.00894	0.00907	0.04201	0.00710	0.00638	0.01376	0.06321	0.08674	0.09775	0.05150	0.49131	0.06384	0.00905	0.00241	0.00399	0.01177	0.00604	0.00646
7	0.01916	0.04975	0.01674	0.01266	0.01687	0.05152	0.03502	0.37636	0.02336	0.06786	0.06529	0.02861	0.18898	0.00992	0.00672	0.00198	0.00623	0.00794	0.00602	0.00900
8	0.04559	0.06403	0.03785	0.05083	0.05606	0.01458	0.01127	0.18525	0.11898	0.18075	0.03747	0.01829	0.01395	0.00723	0.00602	0.00182	0.00610	0.00577	0.00565	0.13250

[dist]
# distance from previous block
# <min> <max>
0	1

[block]
# block no. 6 follows, 34 sequences, length 55
# corresponding to MSA columns:
# 207-261
name=unknown_G
#
# <colnr> <probs for GDERKNQSTAVLIFYWHMCP>
#	G	D	E	R	K	N	Q	S	T	A	V	L	I	F	Y	W	H	M	C	P
0	0.11404	0.14022	0.29451	0.01589	0.04811	0.03861	0.03116	0.13467	0.04522	0.02401	0.01331	0.01475	0.02590	0.00676	0.00609	0.00194	0.02693	0.00500	0.00379	0.00910
1	0.01610	0.04273	0.01659	0.01375	0.01753	0.03995	0.05786	0.05828	0.52666	0.02570	0.02506	0.02515	0.04020	0.00880	0.00657	0.00214	0.00578	0.02963	0.03195	0.00957
2	0.01947	0.08251	0.01798	0.01236	0.01767	0.06221	0.01019	0.29797	0.02072	0.05301	0.01328	0.01417	0.01017	0.00628	0.00553	0.00147	0.00638	0.00471	0.00491	0.33899
3	0.28288	0.01218	0.01291	0.01032	0.01484	0.01215	0.00841	0.11554	0.01623	0.18491	0.05431	0.01702	0.01343	0.00841	0.03310	0.00208	0.00570	0.00514	0.00534	0.18513
4	0.00934	0.00683	0.00838	0.00908	0.01001	0.00670	0.00627	0.03725	0.05816	0.01786	0.04975	0.49881	0.09895	0.10093	0.01116	0.02395	0.00428	0.03090	0.00576	0.00563
5	0.01098	0.06217	0.05782	0.07148	0.03720	0.00983	0.00953	0.04262	0.05862	0.02053	0.17253	0.31657	0.05167	0.01393	0.00734	0.00227	0.00499	0.03763	0.00552	0.00679
6	0.02729	0.01197	0.01486	0.01159	0.01630	0.03773	0.00949	0.08536	0.01911	0.60477	0.02380	0.02122	0.01534	0.00790	0.00633	0.00195	0.00569	0.00632	0.06244	0.01052
7	0.01082	0.00739	0.00877	0.00825	0.01020	0.00688	0.00618	0.05552	0.01691	0.06241	0.32868	0.12627	0.23146	0.03591	0.00812	0.00222	0.00366	0.01191	0.05210	0.00634
8	0.04973	0.01227	0.01554	0.01200	0.01696	0.01152	0.00990	0.14067	0.04058	0.58476	0.02345	0.02069	0.01505	0.00793	0.00643	0.00200	0.00573	0.00633	0.00760	0.01086
9	0.01355	0.01343	0.01696	0.01505	0.01553	0.07229	0.01220	0.01509	0.01075	0.01544	0.01201	0.05852	0.01215	0.03795	0.15099	0.00418	0.50747	0.00657	0.00318	0.00668
10	0.01122	0.00561	0.00842	0.00842	0.00842	0.00561	0.00561	0.00842	0.00842	0.01122	0.01122	0.01964	0.01122	0.02245	0.02525	0.81201	0.00561	0.00561	0.00281	0.00281
11	0.01122	0.00561	0.00842	0.00842	0.00842	0.00561	0.00561	0.00842	0.00842	0.01122	0.01122	0.01964	0.01122	0.02245	0.02525	0.81201	0.00561	0.00561	0.00281	0.00281
12	0.01181	0.01061	0.01768	0.63728	0.03890	0.01306	0.01610	0.01539	0.01246	0.01606	0.01274	0.04868	0.01057	0.01020	0.04391	0.05989	0.00862	0.00631	0.00302	0.00672
13	0.08572	0.01235	0.01595	0.01230	0.01714	0.01173	0.03766	0.13922	0.01941	0.51797	0.02198	0.02061	0.01453	0.03427	0.00727	0.00214	0.00596	0.00631	0.00712	0.01036
14	0.01220	0.01148	0.01938	0.75739	0.04450	0.01436	0.01794	0.01651	0.01292	0.01651	0.01148	0.01723	0.00861	0.00646	0.00646	0.00215	0.00861	0.00574	0.00287	0.00718
15	0.02899	0.01100	0.01499	0.01150	0.01649	0.00950	0.00950	0.03149	0.01849	0.73709	0.02549	0.02199	0.01599	0.00800	0.00650	0.00200	0.00550	0.00650	0.00800	0.01100
16	0.00785	0.00572	0.00740	0.00874	0.00930	0.00527	0.00588	0.00903	0.01262	0.01659	0.03871	0.69533	0.11411	0.01984	0.00818	0.00258	0.00370	0.01788	0.00600	0.00527
17	0.00883	0.00633	0.00830	0.00949	0.01020	0.00608	0.00669	0.03772	0.01353	0.01805	0.05706	0.64680	0.04150	0.01928	0.00822	0.00261	0.00408	0.08359	0.00605	0.00557
18	0.01848	0.01035	0.01268	0.01087	0.01428	0.01027	0.00855	0.02573	0.22644	0.28951	0.21721	0.06058	0.04606	0.01031	0.00692	0.00209	0.00460	0.00877	0.00721	0.00909
19	0.01466	0.01582	0.02988	0.05865	0.02757	0.01762	0.39738	0.01843	0.01299	0.01843	0.01116	0.01610	0.00922	0.00784	0.01300	0.00244	0.31100	0.00674	0.00307	0.00798
20	0.00788	0.00577	0.00741	0.00866	0.00930	0.00530	0.00586	0.00912	0.01284	0.01688	0.05870	0.65860	0.13086	0.01955	0.00815	0.00255	0.00367	0.01758	0.00603	0.00530
21	0.02481	0.01770	0.01915	0.01468	0.01984	0.01945	0.01213	0.67342	0.02972	0.07931	0.01607	0.01587	0.01127	0.00777	0.00647	0.00194	0.00702	0.00586	0.00655	0.01099
22	0.00806	0.00580	0.00765	0.00880	0.00940	0.00538	0.00599	0.00950	0.01335	0.01798	0.14389	0.64006	0.06203	0.01906	0.00814	0.00252	0.00363	0.01722	0.00617	0.00538
23	0.00800	0.00598	0.00744	0.00830	0.00926	0.00542	0.00576	0.00953	0.01379	0.01810	0.14454	0.49875	0.20495	0.01831	0.00801	0.00243	0.00354	0.01629	0.00616	0.00542
24	0.01701	0.01270	0.01512	0.04732	0.01776	0.01136	0.00936	0.14317	0.01688	0.09950	0.01360	0.01489	0.01042	0.00592	0.00581	0.00135	0.02649	0.00461	0.00467	0.52207
25	0.01309	0.03254	0.70059	0.01890	0.02829	0.01508	0.06184	0.02048	0.01373	0.02048	0.01168	0.01385	0.00827	0.00610	0.00622	0.00205	0.00962	0.00493	0.00276	0.00950
26	0.01472	0.01103	0.01317	0.01005	0.01502	0.00895	0.00810	0.03692	0.03535	0.08981	0.07159	0.02140	0.01646	0.00685	0.00555	0.00134	0.00487	0.05171	0.00478	0.57234
27	0.02073	0.01577	0.01689	0.01443	0.04150	0.05683	0.01121	0.35945	0.17638	0.08627	0.06292	0.02040	0.01657	0.01099	0.05717	0.00257	0.00727	0.00654	0.00616	0.00994
28	0.81856	0.01250	0.00950	0.00850	0.01250	0.01449	0.00700	0.01899	0.01100	0.02899	0.00900	0.01050	0.00700	0.00600	0.00400	0.00200	0.00500	0.00350	0.00400	0.00700
29	0.01399	0.03462	0.01370	0.01132	0.01379	0.09101	0.00876	0.08868	0.01465	0.01952	0.06690	0.04303	0.06849	0.13903	0.09870	0.00358	0.11174	0.00717	0.00429	0.14704
30	0.05377	0.01598	0.03148	0.02311	0.02824	0.01608	0.50512	0.01913	0.01407	0.02013	0.01421	0.01824	0.03904	0.00686	0.00958	0.00223	0.13369	0.00720	0.00336	0.03846
31	0.01570	0.01191	0.01398	0.01013	0.01576	0.00951	0.00816	0.06696	0.01509	0.09173	0.01312	0.01438	0.01029	0.00531	0.00507	0.00113	0.00502	0.00423	0.00442	0.67811
32	0.01837	0.01145	0.01289	0.01100	0.01452	0.03102	0.00882	0.19327	0.03638	0.21164	0.03498	0.09951	0.21262	0.01201	0.00712	0.00216	0.00534	0.06184	0.00657	0.00849
33	0.00882	0.00677	0.00811	0.00784	0.00958	0.00617	0.00585	0.01181	0.03952	0.02276	0.45876	0.09179	0.26961	0.01445	0.00763	0.00212	0.00322	0.01253	0.00668	0.00598
34	0.02443	0.01028	0.01364	0.01085	0.01510	0.00909	0.00880	0.05262	0.01846	0.55746	0.11154	0.05775	0.06105	0.00957	0.00676	0.00204	0.00507	0.00797	0.00764	0.00987
35	0.02618	0.01550	0.01779	0.01364	0.01874	0.01619	0.01126	0.46282	0.02604	0.29510	0.01916	0.01788	0.01282	0.00784	0.00648	0.00196	0.00652	0.00607	0.00702	0.01099
36	0.04558	0.01605	0.01769	0.01376	0.01864	0.01732	0.01131	0.51402	0.06171	0.15804	0.04691	0.01826	0.01422	0.00802	0.00646	0.00197	0.00651	0.00619	0.00669	0.01064
37	0.00765	0.00649	0.00661	0.00670	0.00877	0.00544	0.00498	0.00926	0.01458	0.01739	0.06359	0.10633	0.68706	0.01661	0.00767	0.00221	0.00330	0.01393	0.00600	0.00544
38	0.00873	0.00621	0.00832	0.00926	0.00985	0.00623	0.00656	0.01010	0.01178	0.01585	0.02927	0.40925	0.03361	0.16437	0.14790	0.00476	0.00697	0.10066	0.00514	0.00519
39	0.06352	0.15674	0.07141	0.01701	0.04364	0.08607	0.13510	0.25660	0.04329	0.04661	0.01331	0.01465	0.01005	0.00662	0.00604	0.00187	0.00811	0.00543	0.00451	0.00942
40	0.02426	0.01883	0.01916	0.01493	0.01993	0.06961	0.01223	0.64238	0.05185	0.03858	0.01548	0.01553	0.01109	0.00771	0.00642	0.00193	0.00736	0.00575	0.00625	0.01072
41	0.03300	0.00756	0.00793	0.00742	0.01002	0.00663	0.00567	0.01239	0.04892	0.05301	0.09952	0.05336	0.55838	0.01446	0.00727	0.00209	0.00359	0.01203	0.00601	0.05074
42	0.03641	0.62259	0.09575	0.01218	0.01783	0.09095	0.01225	0.02004	0.01360	0.01606	0.00931	0.01078	0.00825	0.00570	0.00448	0.00148	0.00754	0.00364	0.00284	0.00830
43	0.00783	0.00578	0.00734	0.00858	0.00926	0.00528	0.00581	0.00904	0.01277	0.01666	0.04064	0.64974	0.15846	0.01959	0.00814	0.00255	0.00367	0.01757	0.00600	0.00528
44	0.01808	0.00853	0.01136	0.00954	0.01261	0.00760	0.00754	0.02088	0.01819	0.34183	0.38811	0.03562	0.03920	0.01067	0.00700	0.00200	0.00414	0.00915	0.03969	0.00827
45	0.01315	0.01332	0.03856	0.04202	0.06633	0.01664	0.03288	0.01515	0.01095	0.01633	0.01350	0.07628	0.03285	0.01409	0.07169	0.00323	0.50564	0.00703	0.00325	0.00712
46	0.02715	0.01332	0.01561	0.01220	0.01701	0.06145	0.00997	0.13898	0.02024	0.54931	0.02434	0.02176	0.04153	0.00818	0.00649	0.00197	0.00609	0.00650	0.00736	0.01055
47	0.00805	0.00656	0.00712	0.00698	0.00898	0.00563	0.00524	0.01008	0.01571	0.01979	0.24909	0.05833	0.54490	0.01549	0.00763	0.00214	0.00321	0.01310	0.00631	0.00563
48	0.01655	0.01253	0.01317	0.01150	0.01473	0.06206	0.00898	0.09267	0.26877	0.11494	0.23828	0.03138	0.06640	0.01016	0.00687	0.00206	0.00509	0.00849	0.00665	0.00872
49	0.01637	0.01638	0.02346	0.10209	0.48016	0.10456	0.04023	0.04542	0.01543	0.02042	0.01358	0.06706	0.01208	0.00699	0.00650	0.00197	0.00807	0.00649	0.00350	0.00924
50	0.11244	0.30149	0.24314	0.01370	0.02006	0.06889	0.01458	0.07280	0.01503	0.06748	0.01142	0.01261	0.00881	0.00618	0.00518	0.00176	0.00774	0.00429	0.00356	0.00885
51	0.00807	0.00580	0.00749	0.00876	0.00926	0.00542	0.00589	0.00919	0.01236	0.01632	0.03632	0.63663	0.08791	0.08342	0.01031	0.00291	0.00400	0.03894	0.00582	0.00517
52	0.01348	0.03409	0.06360	0.01022	0.01621	0.00952	0.00886	0.01664	0.01341	0.02085	0.01142	0.01333	0.00944	0.00490	0.00486	0.00104	0.00517	0.00388	0.00372	0.73536
53	0.01726	0.03861	0.26809	0.01562	0.03707	0.03635	0.05107	0.11015	0.06251	0.12514	0.06369	0.01979	0.01500	0.00740	0.00633	0.00193	0.00741	0.02480	0.00475	0.08703
54	0.05659	0.14887	0.21709	0.01521	0.04267	0.04907	0.01470	0.13282	0.03318	0.04670	0.06132	0.01685	0.01321	0.02536	0.00829	0.00209	0.09770	0.00547	0.00406	0.00878

[dist]
# distance from previous block
# <min> <max>
0	1

[block]
# block no. 7 follows, 34 sequences, length 77
# corresponding to MSA columns:
# 263-339
name=unknown_H
#
# <colnr> <probs for GDERKNQSTAVLIFYWHMCP>
#	G	D	E	R	K	N	Q	S	T	A	V	L	I	F	Y	W	H	M	C	P
0	0.01465	0.01038	0.01191	0.01061	0.01329	0.01086	0.00809	0.12252	0.19672	0.08555	0.21141	0.11729	0.07235	0.07351	0.00921	0.00248	0.00474	0.00995	0.00650	0.00797
1	0.03618	0.10484	0.08513	0.01669	0.09986	0.05355	0.01317	0.18768	0.09325	0.08116	0.01455	0.01560	0.01109	0.00713	0.00710	0.00187	0.06743	0.00530	0.00468	0.09375
2	0.01643	0.15372	0.38703	0.01657	0.02399	0.01720	0.06794	0.10056	0.06876	0.06791	0.01369	0.01489	0.01000	0.00648	0.00600	0.00194	0.00833	0.00517	0.00382	0.00958
3	0.04419	0.27206	0.11281	0.01578	0.09372	0.03751	0.01328	0.14331	0.07442	0.05306	0.01477	0.01578	0.02971	0.00691	0.00586	0.00180	0.02374	0.00513	0.02698	0.00917
4	0.00983	0.00679	0.00852	0.00883	0.00943	0.00686	0.00596	0.01130	0.03094	0.03982	0.09556	0.32890	0.03413	0.29865	0.01787	0.00391	0.03924	0.03293	0.00527	0.00526
5	0.01523	0.01709	0.10690	0.10679	0.50879	0.01531	0.06348	0.02025	0.04481	0.02081	0.01269	0.01629	0.01022	0.00598	0.00646	0.00199	0.00808	0.00583	0.00326	0.00976
6	0.01640	0.01574	0.02223	0.20815	0.40131	0.09790	0.01731	0.04974	0.01538	0.04097	0.01329	0.04832	0.01122	0.00681	0.00643	0.00198	0.00810	0.00614	0.00354	0.00902
7	0.01716	0.09992	0.06427	0.05566	0.14647	0.09093	0.29891	0.07006	0.01618	0.03827	0.01271	0.01580	0.00985	0.00599	0.00655	0.00195	0.00923	0.00609	0.02506	0.00892
8	0.00782	0.00582	0.00729	0.00848	0.00923	0.00529	0.00577	0.00906	0.01287	0.01670	0.04196	0.61844	0.18890	0.01942	0.00812	0.00253	0.00365	0.01736	0.00600	0.00529
9	0.10252	0.00782	0.01058	0.01024	0.01196	0.00890	0.00804	0.01365	0.01097	0.06246	0.01688	0.02348	0.01510	0.04106	0.61573	0.00890	0.01516	0.00651	0.00381	0.00624
10	0.01511	0.01049	0.01185	0.01049	0.01365	0.01083	0.00818	0.04316	0.29581	0.13674	0.17557	0.03669	0.18206	0.01117	0.00700	0.00212	0.00441	0.00940	0.00678	0.00850
11	0.01063	0.00824	0.00894	0.00847	0.01098	0.00771	0.00669	0.09076	0.03291	0.03686	0.08032	0.05588	0.50475	0.01508	0.00761	0.00224	0.00412	0.09526	0.00615	0.00640
12	0.00929	0.00668	0.00916	0.00916	0.00988	0.00741	0.00654	0.01075	0.01002	0.01409	0.01843	0.03161	0.01886	0.31522	0.48425	0.00887	0.01324	0.00783	0.00363	0.00509
13	0.00923	0.00692	0.01038	0.01038	0.01154	0.00808	0.00808	0.01154	0.01038	0.01500	0.01731	0.02538	0.01615	0.04846	0.74732	0.01038	0.01731	0.00692	0.00346	0.00577
14	0.00796	0.00568	0.00759	0.00909	0.00950	0.00532	0.00614	0.00914	0.01245	0.01659	0.03557	0.74571	0.04255	0.02016	0.00827	0.00264	0.00382	0.04054	0.00600	0.00527
15	0.01296	0.03342	0.73944	0.01842	0.02797	0.01501	0.02387	0.02046	0.01364	0.02046	0.01160	0.01364	0.00818	0.00614	0.00614	0.00205	0.00955	0.00477	0.00273	0.00955
16	0.02291	0.02823	0.01850	0.06364	0.02139	0.63465	0.01290	0.05354	0.01807	0.01689	0.01024	0.01229	0.00846	0.00692	0.00664	0.00176	0.04756	0.00440	0.00341	0.00760
17	0.01064	0.00702	0.00876	0.00813	0.01000	0.00649	0.00617	0.01389	0.03542	0.07006	0.53941	0.04562	0.12646	0.01267	0.00728	0.00201	0.00328	0.01102	0.06924	0.00644
18	0.01554	0.01489	0.02541	0.12531	0.65050	0.01523	0.01960	0.01943	0.01450	0.02056	0.01207	0.01614	0.01004	0.00584	0.00640	0.00195	0.00779	0.00576	0.00316	0.00987
19	0.01331	0.00721	0.00753	0.00709	0.00901	0.00735	0.00543	0.05181	0.05002	0.04847	0.05093	0.02460	0.01828	0.00786	0.00491	0.00160	0.00341	0.00633	0.66818	0.00665
20	0.02351	0.01674	0.01823	0.01422	0.01901	0.01831	0.01164	0.61908	0.02833	0.07729	0.01762	0.07431	0.01373	0.00874	0.00660	0.00200	0.00676	0.00683	0.00651	0.01054
21	0.00787	0.00562	0.00750	0.00900	0.00937	0.00525	0.00600	0.00900	0.01237	0.01649	0.03561	0.76871	0.04274	0.02024	0.00825	0.00262	0.00375	0.01837	0.00600	0.00525
22	0.02685	0.01125	0.01483	0.01161	0.01632	0.01014	0.00959	0.08842	0.01927	0.61313	0.04121	0.02516	0.03558	0.00872	0.00665	0.00204	0.00555	0.03545	0.00771	0.01054
23	0.00872	0.00728	0.00771	0.00767	0.00978	0.00668	0.00571	0.01229	0.09502	0.01902	0.10327	0.13394	0.52841	0.01571	0.00758	0.00222	0.00352	0.01330	0.00614	0.00602
24	0.10967	0.02716	0.01978	0.01706	0.02085	0.57747	0.09736	0.02443	0.01714	0.01785	0.01026	0.01223	0.00836	0.00644	0.00585	0.00176	0.01083	0.00451	0.00339	0.00759
25	0.01670	0.01393	0.01492	0.01326	0.01690	0.01610	0.01038	0.05587	0.65747	0.04927	0.02544	0.02349	0.01902	0.00878	0.00696	0.00219	0.02542	0.00719	0.00651	0.01019
26	0.01296	0.03342	0.73944	0.01842	0.02797	0.01501	0.02387	0.02046	0.01364	0.02046	0.01160	0.01364	0.00818	0.00614	0.00614	0.00205	0.00955	0.00477	0.00273	0.00955
27	0.01464	0.01508	0.02048	0.01725	0.01795	0.06512	0.06508	0.01630	0.01080	0.01581	0.00946	0.01550	0.00925	0.04524	0.01975	0.00286	0.62353	0.00588	0.00294	0.00707
28	0.00912	0.00689	0.00914	0.01006	0.01063	0.00714	0.00718	0.03279	0.01289	0.01738	0.03249	0.63594	0.03836	0.01891	0.00936	0.00264	0.07031	0.05739	0.00573	0.00564
29	0.01267	0.00624	0.00643	0.00628	0.00789	0.00618	0.00471	0.01557	0.01363	0.05372	0.02124	0.02457	0.01675	0.03137	0.00548	0.00167	0.00322	0.00615	0.75006	0.00617
30	0.00852	0.00643	0.00855	0.00953	0.01012	0.00633	0.00659	0.00974	0.01226	0.01664	0.03279	0.68640	0.03905	0.01897	0.00891	0.00256	0.05191	0.01690	0.00570	0.04210
31	0.01525	0.01216	0.01410	0.01021	0.01586	0.00986	0.00822	0.09024	0.01541	0.05392	0.01251	0.01399	0.01000	0.00524	0.00504	0.00111	0.00506	0.00415	0.00429	0.69340
32	0.02236	0.01552	0.01696	0.01333	0.01790	0.01680	0.01090	0.50887	0.06648	0.10291	0.05882	0.02077	0.04516	0.00849	0.00650	0.00195	0.00627	0.00663	0.04315	0.01022
33	0.00794	0.00565	0.00748	0.00891	0.00927	0.00529	0.00591	0.00901	0.01225	0.01633	0.03497	0.73820	0.04193	0.05185	0.00928	0.00278	0.00385	0.01799	0.00591	0.00519
34	0.01571	0.01252	0.01451	0.01335	0.04397	0.04316	0.04788	0.02573	0.35522	0.10852	0.03259	0.07750	0.16035	0.01052	0.00690	0.00216	0.00540	0.00899	0.00614	0.00886
35	0.01589	0.01524	0.02604	0.05967	0.71343	0.01532	0.01978	0.01974	0.01466	0.02098	0.01214	0.01603	0.01019	0.00578	0.00640	0.00193	0.00770	0.00576	0.00319	0.01015
36	0.01346	0.00788	0.01024	0.00907	0.01136	0.00729	0.00699	0.04504	0.01864	0.15906	0.54487	0.06580	0.04987	0.01224	0.00738	0.00204	0.00370	0.01069	0.00721	0.00719
37	0.01522	0.01600	0.05777	0.03206	0.42341	0.01501	0.21048	0.02016	0.04266	0.02106	0.01470	0.02113	0.01254	0.00677	0.00694	0.00209	0.00841	0.06061	0.00355	0.00944
38	0.01676	0.01567	0.02553	0.03783	0.68198	0.03813	0.01919	0.02048	0.01497	0.04916	0.01261	0.01609	0.01040	0.00587	0.00638	0.00191	0.00772	0.00574	0.00339	0.01018
