[name]
unknown

[dist]
# distance from previous block
# <min> <max>
0	32

[block]
# block no. 0 follows, 34 sequences, length 20
# corresponding to MSA columns:
# 32-51
name=unknown_A
#
# <colnr> <probs for GDERKNQSTAVLIFYWHMCP>
#	G	D	E	R	K	N	Q	S	T	A	V	L	I	F	Y	W	H	M	C	P
0	0.08233	0.06733	0.01580	0.04028	0.03614	0.04420	0.02234	0.18069	0.09164	0.09468	0.03759	0.08525	0.07578	0.02483	0.00700	0.00215	0.00603	0.05178	0.02569	0.00845
1	0.04449	0.38456	0.18553	0.01456	0.04891	0.08642	0.01422	0.06590	0.01521	0.06980	0.01137	0.01260	0.00903	0.00611	0.00514	0.00168	0.00781	0.00428	0.00348	0.00890
2	0.01002	0.00809	0.01084	0.01011	0.01223	0.00757	0.05217	0.03801	0.03580	0.01957	0.11114	0.26788	0.19208	0.03842	0.04694	0.00279	0.00519	0.05383	0.00560	0.07172
3	0.00955	0.00744	0.00838	0.00795	0.01001	0.00685	0.00600	0.06739	0.01706	0.02220	0.28816	0.10558	0.39010	0.01486	0.00758	0.00214	0.00354	0.01268	0.00642	0.00611
4	0.12478	0.01141	0.01429	0.01126	0.01603	0.01064	0.00925	0.03019	0.07434	0.59286	0.02353	0.02075	0.01519	0.00781	0.00620	0.00201	0.00541	0.00620	0.00739	0.01044
5	0.06920	0.01565	0.01567	0.01273	0.01683	0.06022	0.01029	0.43129	0.06687	0.03324	0.01891	0.01951	0.05069	0.00976	0.03665	0.00225	0.00683	0.00616	0.10792	0.00934
6	0.00940	0.00626	0.00705	0.00705	0.00705	0.00626	0.00392	0.00940	0.00940	0.01253	0.02036	0.04228	0.02349	0.77292	0.03289	0.00626	0.00626	0.00940	0.00392	0.00392
7	0.02508	0.01727	0.01888	0.01448	0.01963	0.01882	0.01196	0.63229	0.02900	0.12145	0.01667	0.01626	0.01157	0.00778	0.00647	0.00195	0.00692	0.00590	0.00664	0.01099
8	0.01432	0.01346	0.02050	0.01718	0.08367	0.01290	0.14901	0.04393	0.01392	0.02065	0.01252	0.04578	0.01092	0.00683	0.00841	0.00170	0.13091	0.00573	0.00369	0.38398
9	0.13428	0.55576	0.02816	0.01145	0.01634	0.06686	0.01075	0.04520	0.01361	0.01821	0.00926	0.01084	0.00821	0.00603	0.00514	0.00158	0.04341	0.00370	0.00312	0.00810
10	0.13282	0.01136	0.01335	0.01081	0.01489	0.01115	0.00876	0.14020	0.01892	0.36052	0.10851	0.05276	0.04363	0.00904	0.00632	0.00201	0.00518	0.00727	0.03322	0.00928
11	0.06076	0.04018	0.01813	0.08957	0.07281	0.06463	0.02904	0.18981	0.21516	0.02625	0.01774	0.06622	0.01453	0.00851	0.00735	0.00210	0.05623	0.00676	0.00509	0.00913
12	0.01573	0.01557	0.05495	0.19221	0.05030	0.03960	0.23394	0.08385	0.09118	0.04899	0.01510	0.01962	0.01190	0.06860	0.00931	0.00246	0.02748	0.00674	0.00402	0.00843
13	0.00940	0.00626	0.00705	0.00705	0.00705	0.00626	0.00392	0.00940	0.00940	0.01253	0.02036	0.04228	0.02349	0.77292	0.03289	0.00626	0.00626	0.00940	0.00392	0.00392
14	0.02652	0.01045	0.01420	0.01108	0.01564	0.00907	0.00907	0.02909	0.01847	0.64854	0.11311	0.02526	0.02159	0.00865	0.00664	0.00200	0.00519	0.00714	0.00789	0.01039
15	0.00924	0.00633	0.00722	0.00722	0.00748	0.00632	0.00427	0.00953	0.00989	0.01309	0.02383	0.04281	0.08053	0.66436	0.07715	0.00620	0.00674	0.00958	0.00406	0.00416
16	0.01503	0.01675	0.03235	0.18336	0.03471	0.05532	0.49729	0.01988	0.01472	0.01934	0.01239	0.01695	0.00942	0.00595	0.00778	0.00217	0.03820	0.00696	0.00317	0.00826
17	0.02416	0.01340	0.01586	0.01270	0.01727	0.01370	0.01030	0.22730	0.16533	0.35975	0.02321	0.05274	0.01646	0.00861	0.00658	0.00205	0.00581	0.00698	0.00718	0.01059
18	0.11029	0.07342	0.01770	0.01495	0.03591	0.46265	0.01133	0.09627	0.01807	0.02016	0.01497	0.01608	0.06726	0.00740	0.00574	0.00176	0.00934	0.00503	0.00392	0.00776
19	0.15125	0.01049	0.01200	0.11854	0.01723	0.01140	0.00900	0.06656	0.12853	0.07130	0.12690	0.06221	0.11208	0.03553	0.00727	0.00223	0.00513	0.00822	0.03660	0.00754

[dist]
# distance from previous block
# <min> <max>
0	3

[block]
# block no. 1 follows, 34 sequences, length 51
# corresponding to MSA columns:
# 55-105
name=unknown_B
#
# <colnr> <probs for GDERKNQSTAVLIFYWHMCP>
#	G	D	E	R	K	N	Q	S	T	A	V	L	I	F	Y	W	H	M	C	P
0	0.02199	0.01365	0.01650	0.01303	0.01734	0.01395	0.03725	0.34467	0.02259	0.22279	0.03704	0.10307	0.01758	0.04896	0.00806	0.00223	0.00623	0.00772	0.00649	0.03888
1	0.01525	0.01708	0.03616	0.02765	0.08837	0.01645	0.61579	0.02034	0.01491	0.02044	0.01274	0.01713	0.00976	0.00580	0.00828	0.00219	0.05229	0.00737	0.00324	0.00874
2	0.01531	0.01465	0.02499	0.16926	0.60837	0.01517	0.01949	0.01923	0.01439	0.02028	0.01203	0.01621	0.00994	0.00588	0.00641	0.00196	0.00785	0.00575	0.00314	0.00968
3	0.02261	0.02807	0.01925	0.05775	0.10040	0.62760	0.01358	0.02465	0.01763	0.01644	0.01031	0.01242	0.00855	0.00655	0.00592	0.00172	0.01105	0.00442	0.00329	0.00778
4	0.01570	0.01273	0.01305	0.01156	0.01420	0.07687	0.00877	0.16332	0.16729	0.04476	0.11441	0.06629	0.02370	0.14145	0.09337	0.00368	0.00732	0.00816	0.00556	0.00781
5	0.00839	0.00653	0.00762	0.00745	0.00922	0.00576	0.00555	0.01070	0.01638	0.02159	0.39216	0.08908	0.36640	0.01499	0.00766	0.00213	0.00318	0.01290	0.00655	0.00576
6	0.01769	0.68415	0.06034	0.01182	0.01732	0.08643	0.01168	0.01994	0.01359	0.01546	0.00917	0.01060	0.00829	0.00565	0.00437	0.00143	0.00742	0.00357	0.00281	0.00827
7	0.00787	0.00615	0.00714	0.00775	0.00909	0.00542	0.00549	0.00940	0.01400	0.01775	0.10871	0.37074	0.37191	0.01780	0.00790	0.00236	0.00346	0.01555	0.00609	0.00542
8	0.00923	0.00692	0.01038	0.01038	0.01154	0.00808	0.00808	0.01154	0.01038	0.01500	0.01731	0.02538	0.01615	0.04846	0.74732	0.01038	0.01731	0.00692	0.00346	0.00577
9	0.01407	0.01188	0.01376	0.00989	0.01560	0.00930	0.00793	0.05788	0.01442	0.02223	0.01173	0.01353	0.00966	0.00496	0.00489	0.00102	0.00492	0.00395	0.00399	0.76442
10	0.00787	0.00562	0.00750	0.00900	0.00937	0.00525	0.00600	0.00900	0.01237	0.01649	0.03561	0.76871	0.04274	0.02024	0.00825	0.00262	0.00375	0.01837	0.00600	0.00525
11	0.01811	0.47194	0.08780	0.01328	0.01868	0.11196	0.03970	0.09677	0.01606	0.01928	0.04465	0.01346	0.01116	0.00633	0.00508	0.00160	0.00771	0.00447	0.00347	0.00851
12	0.01916	0.11295	0.15823	0.01263	0.01883	0.01366	0.01229	0.10910	0.01685	0.20414	0.01525	0.01551	0.01095	0.00633	0.00561	0.00161	0.00645	0.00489	0.00487	0.25069
13	0.02139	0.01656	0.12705	0.01341	0.01866	0.01408	0.01227	0.23446	0.11684	0.24769	0.06423	0.02219	0.04461	0.00839	0.00655	0.00202	0.00632	0.00673	0.00640	0.01015
14	0.02150	0.02285	0.02074	0.06170	0.13292	0.34846	0.05005	0.18892	0.05003	0.02339	0.01259	0.01440	0.00984	0.00680	0.00623	0.00185	0.00946	0.00521	0.00417	0.00892
15	0.10232	0.28621	0.03940	0.01388	0.01823	0.38694	0.01169	0.04128	0.01600	0.01772	0.00973	0.01124	0.00825	0.00622	0.00508	0.00162	0.00917	0.00391	0.00327	0.00786
16	0.00993	0.00810	0.01042	0.01048	0.01163	0.04875	0.00797	0.01200	0.01099	0.01511	0.01883	0.09911	0.01862	0.06891	0.60746	0.00898	0.01526	0.00799	0.00372	0.00575
17	0.01733	0.01905	0.10969	0.02221	0.19376	0.13332	0.10747	0.06914	0.05618	0.06174	0.06344	0.02041	0.01509	0.00749	0.00698	0.00201	0.02859	0.03144	0.02569	0.00896
18	0.00869	0.00659	0.00801	0.00765	0.00937	0.00590	0.00574	0.01131	0.01721	0.02336	0.52876	0.05247	0.26301	0.01416	0.00763	0.00208	0.00312	0.01227	0.00678	0.00590
19	0.02274	0.02677	0.01774	0.01588	0.01942	0.55871	0.01207	0.08287	0.14362	0.01982	0.01332	0.01417	0.01056	0.00712	0.00601	0.00178	0.01013	0.00485	0.00416	0.00826
20	0.02454	0.01880	0.01933	0.01497	0.02003	0.06040	0.01229	0.67303	0.02971	0.03934	0.01521	0.01530	0.01084	0.00770	0.00643	0.00192	0.00736	0.00573	0.00629	0.01079
21	0.02473	0.01782	0.01922	0.01474	0.01990	0.01963	0.01217	0.68458	0.02992	0.06787	0.01590	0.01577	0.01118	0.00777	0.00647	0.00194	0.00705	0.00584	0.00652	0.01099
22	0.01165	0.01001	0.01650	0.01415	0.01659	0.00973	0.18332	0.09026	0.01498	0.02008	0.02706	0.46503	0.03010	0.04711	0.00894	0.00259	0.00603	0.01389	0.00528	0.00670
23	0.01019	0.00687	0.00880	0.00816	0.00997	0.00623	0.00618	0.01305	0.01792	0.06831	0.61496	0.04816	0.13019	0.01323	0.00755	0.00205	0.00322	0.01158	0.00705	0.00633
24	0.06509	0.02126	0.03197	0.01469	0.01802	0.30783	0.01161	0.21257	0.04429	0.02378	0.01400	0.06041	0.01226	0.04815	0.00903	0.00220	0.08416	0.00598	0.00448	0.00821
25	0.01447	0.01486	0.02148	0.17811	0.04826	0.06161	0.08418	0.01705	0.01184	0.01662	0.00988	0.01502	0.00872	0.00904	0.01480	0.00247	0.43319	0.00573	0.00295	0.02971
26	0.00783	0.00640	0.00692	0.00712	0.00893	0.00549	0.00521	0.00954	0.01471	0.01819	0.13062	0.17778	0.54546	0.01667	0.00774	0.00224	0.00333	0.01421	0.00612	0.00549
27	0.01693	0.71657	0.09104	0.01165	0.01751	0.02471	0.01209	0.01944	0.01317	0.01563	0.00919	0.01063	0.00828	0.00558	0.00431	0.00144	0.00712	0.00356	0.00276	0.00839
28	0.00934	0.00685	0.01004	0.01004	0.01114	0.00790	0.00771	0.01155	0.01045	0.01520	0.01762	0.02628	0.01658	0.08753	0.67983	0.00983	0.01616	0.00703	0.03327	0.00567
29	0.01317	0.06897	0.70571	0.01806	0.02742	0.01551	0.02326	0.02041	0.01362	0.02021	0.01147	0.01348	0.00819	0.00611	0.00604	0.00201	0.00942	0.00471	0.00273	0.00949
30	0.04914	0.01788	0.01858	0.01492	0.01951	0.13922	0.06628	0.27889	0.13746	0.14873	0.01863	0.01829	0.02711	0.00771	0.00641	0.00197	0.00743	0.00612	0.00587	0.00985
31	0.06030	0.02319	0.01716	0.01534	0.01846	0.45736	0.04756	0.02376	0.08584	0.01846	0.01376	0.01746	0.01165	0.00922	0.03589	0.00221	0.04433	0.03766	0.05283	0.00755
32	0.04839	0.72573	0.05311	0.01117	0.01675	0.02483	0.01126	0.01937	0.01306	0.01589	0.00906	0.01046	0.00824	0.00556	0.00420	0.00143	0.00691	0.00349	0.00281	0.00828
33	0.00826	0.00585	0.00771	0.00904	0.00947	0.00555	0.00616	0.00943	0.01227	0.01632	0.03383	0.62843	0.04016	0.10168	0.01098	0.00305	0.00422	0.07666	0.00577	0.00517
34	0.01490	0.09505	0.02250	0.04102	0.30158	0.05521	0.08431	0.05084	0.01577	0.02101	0.10172	0.07761	0.04482	0.00869	0.00668	0.00200	0.00707	0.03654	0.00420	0.00848
35	0.04633	0.00858	0.01108	0.00975	0.01258	0.00784	0.00754	0.03492	0.01695	0.30313	0.23426	0.19423	0.06098	0.01244	0.00716	0.00215	0.00433	0.01076	0.00705	0.00795
36	0.02136	0.04582	0.09936	0.01575	0.04615	0.01887	0.01347	0.47732	0.13707	0.03468	0.01644	0.01651	0.01194	0.00759	0.00636	0.00197	0.00708	0.00585	0.00582	0.01058
37	0.01586	0.48008	0.29597	0.01390	0.02091	0.02149	0.01586	0.03815	0.01378	0.01784	0.01013	0.01172	0.00832	0.00581	0.00495	0.00164	0.00790	0.00401	0.00285	0.00883
38	0.00962	0.00662	0.00814	0.00809	0.00974	0.00591	0.00594	0.01176	0.01582	0.06522	0.32296	0.22694	0.24820	0.01552	0.00771	0.00222	0.00344	0.01357	0.00657	0.00601
39	0.01225	0.01148	0.01431	0.01863	0.23502	0.08306	0.01058	0.01442	0.01433	0.01849	0.09170	0.20676	0.14266	0.08573	0.00965	0.00253	0.00586	0.01077	0.00476	0.00701
40	0.01153	0.00722	0.00872	0.00839	0.00919	0.00727	0.00550	0.03387	0.01150	0.08083	0.02342	0.13180	0.04364	0.49545	0.07259	0.00535	0.02384	0.01004	0.00464	0.00520
41	0.01220	0.00873	0.01168	0.01102	0.01293	0.00883	0.04679	0.05365	0.09272	0.06792	0.06059	0.25740	0.05315	0.12363	0.06546	0.00355	0.00616	0.09129	0.00564	0.00668
42	0.39557	0.01503	0.05049	0.03204	0.01642	0.04626	0.00981	0.06333	0.23564	0.05339	0.01564	0.01587	0.01170	0.00709	0.00529	0.00205	0.00579	0.00509	0.00496	0.00854
43	0.01122	0.00561	0.00842	0.00842	0.00842	0.00561	0.00561	0.00842	0.00842	0.01122	0.01122	0.01964	0.01122	0.02245	0.02525	0.81201	0.00561	0.00561	0.00281	0.00281
44	0.01204	0.00602	0.00602	0.00602	0.00753	0.00602	0.00452	0.01506	0.01355	0.02409	0.02108	0.02409	0.01656	0.00753	0.00452	0.00151	0.00301	0.00602	0.80879	0.00602
45	0.01872	0.01542	0.01573	0.01406	0.04694	0.08883	0.01061	0.32569	0.12329	0.02967	0.05736	0.10014	0.03830	0.01105	0.03400	0.00232	0.00681	0.00777	0.04425	0.00905
46	0.12610	0.12155	0.09042	0.01354	0.01835	0.15586	0.01195	0.16581	0.10815	0.08336	0.01510	0.03643	0.01174	0.00736	0.00574	0.00189	0.00743	0.00538	0.00480	0.00903
47	0.03898	0.01693	0.04125	0.01286	0.01625	0.19817	0.01029	0.10558	0.05605	0.07347	0.03396	0.11697	0.03643	0.04210	0.00834	0.00214	0.04842	0.03209	0.00488	0.10484
48	0.11862	0.08099	0.05932	0.04293	0.05124	0.07104	0.01077	0.15758	0.01806	0.08830	0.09339	0.02435	0.11376	0.00867	0.00611	0.00191	0.00626	0.00679	0.00511	0.03481
49	0.07936	0.15708	0.16466	0.01479	0.04016	0.04734	0.05565	0.12696	0.04174	0.08695	0.01712	0.01925	0.05099	0.00743	0.00592	0.00189	0.00728	0.03032	0.00443	0.04066
50	0.17049	0.08917	0.08691	0.01465	0.03624	0.12976	0.06921	0.04616	0.13044	0.07944	0.03501	0.01945	0.01380	0.00754	0.00593	0.00199	0.00733	0.04334	0.00459	0.00855

[dist]
# distance from previous block
# <min> <max>
11	32

[block]
# block no. 2 follows, 34 sequences, length 76
# corresponding to MSA columns:
# 138-213
name=unknown_C
#
# <colnr> <probs for GDERKNQSTAVLIFYWHMCP>
#	G	D	E	R	K	N	Q	S	T	A	V	L	I	F	Y	W	H	M	C	P
0	0.03394	0.04417	0.12742	0.08174	0.08201	0.10785	0.07617	0.14265	0.13660	0.04271	0.03165	0.01719	0.01241	0.00719	0.00674	0.00201	0.02796	0.00588	0.00447	0.00923
1	0.18063	0.11344	0.07530	0.01304	0.06371	0.05247	0.01058	0.07060	0.05424	0.07819	0.07604	0.06179	0.06587	0.00843	0.00579	0.00190	0.00599	0.00660	0.00477	0.05062
2	0.01823	0.09504	0.05156	0.04358	0.05836	0.04138	0.08588	0.21107	0.14588	0.04877	0.03134	0.01852	0.03182	0.00744	0.00666	0.00192	0.02723	0.00613	0.00497	0.06420
3	0.04246	0.04506	0.02096	0.14623	0.15289	0.04072	0.08372	0.13690	0.11669	0.03934	0.01569	0.04167	0.01260	0.00934	0.04481	0.00244	0.00797	0.00639	0.00441	0.02971
4	0.01536	0.03473	0.03288	0.07868	0.03726	0.01321	0.03471	0.11109	0.16607	0.07969	0.02405	0.12130	0.07351	0.01278	0.05686	0.00270	0.04817	0.00843	0.01859	0.02995
5	0.05177	0.05914	0.67906	0.01768	0.02681	0.01536	0.02260	0.02035	0.01350	0.02068	0.01138	0.01337	0.00813	0.00611	0.00596	0.00202	0.00924	0.00467	0.00279	0.00938
6	0.04092	0.08652	0.05101	0.01608	0.02040	0.42349	0.06313	0.13579	0.01913	0.04416	0.01190	0.01335	0.00931	0.00669	0.00588	0.00175	0.00978	0.00477	0.02759	0.00836
7	0.01039	0.00752	0.00941	0.00899	0.00969	0.00821	0.00620	0.04780	0.01138	0.01573	0.06375	0.03502	0.02236	0.44063	0.22950	0.00674	0.04903	0.00846	0.00407	0.00512
8	0.00917	0.00621	0.00729	0.00750	0.00762	0.00621	0.00443	0.00945	0.00988	0.01323	0.02240	0.14638	0.02589	0.62660	0.06636	0.00595	0.00647	0.01056	0.00419	0.00420
9	0.00864	0.00658	0.00794	0.00760	0.00934	0.00588	0.00570	0.01121	0.01709	0.02307	0.50655	0.05293	0.28540	0.01427	0.00763	0.00208	0.00312	0.01234	0.00674	0.00588
10	0.02418	0.02948	0.01842	0.01646	0.01998	0.67186	0.01246	0.09662	0.01956	0.01839	0.01056	0.01205	0.00860	0.00677	0.00589	0.00169	0.01118	0.00433	0.00365	0.00785
11	0.20258	0.00860	0.00936	0.00846	0.01105	0.00859	0.00660	0.01610	0.03196	0.09995	0.38386	0.03681	0.10880	0.01103	0.00654	0.00203	0.00383	0.00916	0.02785	0.00685
12	0.00978	0.00708	0.00944	0.00867	0.00924	0.00705	0.05285	0.01040	0.01021	0.01376	0.04800	0.03988	0.02364	0.64982	0.06944	0.00604	0.00706	0.00923	0.00397	0.00444
13	0.08736	0.05121	0.04359	0.01443	0.07031	0.01422	0.04098	0.18665	0.06651	0.05410	0.01445	0.03514	0.01147	0.00660	0.00566	0.00164	0.00614	0.00533	0.00473	0.27948
14	0.15769	0.22902	0.07403	0.01490	0.05239	0.08407	0.06062	0.12203	0.05486	0.02333	0.01169	0.01324	0.00934	0.00640	0.00576	0.00179	0.02950	0.00466	0.00388	0.04079
15	0.74934	0.01339	0.01032	0.00911	0.01315	0.03835	0.00746	0.05729	0.01230	0.02921	0.00939	0.01081	0.00726	0.00612	0.00419	0.00199	0.00533	0.00365	0.00411	0.00723
16	0.01552	0.01535	0.02762	0.10310	0.55116	0.01543	0.13665	0.01967	0.01464	0.02062	0.01225	0.01635	0.01001	0.00577	0.00661	0.00198	0.00831	0.00607	0.00318	0.00970
17	0.00805	0.00653	0.00714	0.00706	0.00900	0.00562	0.00527	0.01005	0.01560	0.01969	0.24244	0.08448	0.52517	0.01566	0.00765	0.00216	0.00323	0.01329	0.00630	0.00562
18	0.00914	0.00660	0.00864	0.00813	0.00965	0.00610	0.00610	0.01219	0.01829	0.02591	0.72921	0.04827	0.06097	0.01321	0.00762	0.00203	0.00305	0.01169	0.00711	0.00610
19	0.00984	0.00719	0.00886	0.00829	0.01015	0.00675	0.00627	0.01367	0.06499	0.04129	0.55997	0.04824	0.16347	0.01329	0.00753	0.00207	0.00328	0.01158	0.00692	0.00639
20	0.00960	0.00684	0.00855	0.00840	0.00869	0.00743	0.00549	0.01026	0.00967	0.01331	0.01897	0.03657	0.02086	0.55141	0.21128	0.00712	0.04866	0.00858	0.00374	0.00455
21	0.02348	0.01717	0.01856	0.01429	0.01941	0.01867	0.01175	0.60256	0.06679	0.06257	0.01617	0.01606	0.01154	0.00762	0.00636	0.00189	0.00678	0.00579	0.00634	0.06619
22	0.02176	0.01586	0.01856	0.01411	0.01935	0.01641	0.04934	0.43358	0.06905	0.09870	0.01620	0.01635	0.01166	0.00714	0.00621	0.00178	0.00659	0.00569	0.00593	0.16572
23	0.06266	0.05860	0.01767	0.01463	0.01849	0.34158	0.01143	0.13686	0.22820	0.02377	0.01561	0.01584	0.01206	0.00737	0.00597	0.00187	0.00841	0.00529	0.00480	0.00887
24	0.81856	0.01250	0.00950	0.00850	0.01250	0.01449	0.00700	0.01899	0.01100	0.02899	0.00900	0.01050	0.00700	0.00600	0.00400	0.00200	0.00500	0.00350	0.00400	0.00700
25	0.01645	0.01558	0.02643	0.07492	0.56762	0.01579	0.08562	0.07848	0.01600	0.02249	0.01249	0.01616	0.01017	0.00593	0.00652	0.00196	0.00799	0.00594	0.00347	0.00999
26	0.05600	0.38563	0.14787	0.01472	0.02039	0.12863	0.07263	0.04594	0.01458	0.01825	0.01014	0.01203	0.00845	0.00610	0.00571	0.00170	0.03542	0.00430	0.00308	0.00841
27	0.00764	0.00655	0.00655	0.00655	0.00873	0.00545	0.00491	0.00927	0.01473	0.01745	0.06546	0.06218	0.73000	0.01636	0.00764	0.00218	0.00327	0.01364	0.00600	0.00545
28	0.00944	0.00669	0.00827	0.00785	0.00953	0.00605	0.00583	0.01195	0.01691	0.04605	0.50749	0.06673	0.20396	0.05398	0.00894	0.00230	0.00336	0.01198	0.00670	0.00598
29	0.02414	0.03079	0.01831	0.01665	0.01998	0.74698	0.01248	0.02580	0.01831	0.01581	0.00999	0.01165	0.00832	0.00666	0.00583	0.00166	0.01165	0.00416	0.00333	0.00749
30	0.00783	0.00661	0.00681	0.00691	0.00905	0.00559	0.00529	0.00956	0.01474	0.01758	0.06330	0.06292	0.68224	0.01647	0.00773	0.00224	0.00346	0.06020	0.00600	0.00549
31	0.00783	0.00648	0.00672	0.00678	0.00869	0.00552	0.00495	0.00938	0.01438	0.01741	0.08729	0.09916	0.61794	0.06734	0.00937	0.00247	0.00349	0.01353	0.00590	0.00537
32	0.01516	0.01622	0.03081	0.15787	0.20833	0.03932	0.37776	0.01979	0.01468	0.01978	0.01236	0.01677	0.00962	0.00588	0.00738	0.00211	0.02757	0.00667	0.00317	0.00874
33	0.02227	0.02426	0.01728	0.01516	0.01865	0.45331	0.01157	0.19532	0.05766	0.02249	0.01405	0.05399	0.01210	0.04451	0.00745	0.00203	0.00951	0.00573	0.00445	0.00822
34	0.01587	0.01522	0.02600	0.06367	0.70960	0.01532	0.01977	0.01972	0.01465	0.02096	0.01213	0.01603	0.01018	0.00578	0.00640	0.00193	0.00771	0.00576	0.00319	0.01013
35	0.01629	0.12741	0.06098	0.13237	0.24160	0.03697	0.13033	0.09453	0.01580	0.02114	0.01202	0.01546	0.00965	0.00719	0.02350	0.00214	0.03451	0.00567	0.00343	0.00902
36	0.01543	0.10371	0.47117	0.01988	0.10769	0.01646	0.04320	0.08621	0.01551	0.04438	0.01225	0.01415	0.00900	0.00622	0.00606	0.00196	0.00875	0.00500	0.00332	0.00966
37	0.00775	0.00635	0.00676	0.00707	0.00880	0.00544	0.00510	0.00922	0.01405	0.01708	0.05768	0.20608	0.56327	0.04503	0.00869	0.00242	0.00348	0.01445	0.00592	0.00536
38	0.01066	0.00838	0.01097	0.01288	0.09393	0.00828	0.00821	0.06719	0.05516	0.02036	0.08707	0.44401	0.11574	0.01595	0.00768	0.00237	0.00444	0.01424	0.00583	0.00665
39	0.47291	0.01373	0.01363	0.01169	0.01494	0.06141	0.03605	0.01960	0.01207	0.08907	0.01105	0.01334	0.00876	0.00939	0.04623	0.00257	0.14754	0.00455	0.00405	0.00741
40	0.01483	0.00827	0.01046	0.00963	0.01229	0.00765	0.00761	0.01802	0.05617	0.22306	0.14549	0.11278	0.20127	0.01516	0.04296	0.00264	0.00501	0.09260	0.00664	0.00745
41	0.07040	0.38949	0.04761	0.01171	0.01691	0.01924	0.01086	0.09789	0.04217	0.19136	0.01459	0.01476	0.01099	0.00779	0.02693	0.00194	0.00680	0.00473	0.00465	0.00919
42	0.01581	0.01239	0.01343	0.01192	0.01524	0.01371	0.00924	0.09600	0.45035	0.06362	0.07698	0.05845	0.08110	0.04233	0.00790	0.00233	0.00503	0.00847	0.00649	0.00920
43	0.01492	0.16023	0.20004	0.03408	0.03755	0.05006	0.01375	0.10749	0.05121	0.02175	0.07812	0.08359	0.05068	0.01018	0.02996	0.00224	0.03447	0.00707	0.00428	0.00833
44	0.49589	0.15842	0.08936	0.01218	0.05494	0.06044	0.01050	0.01966	0.01230	0.02433	0.00949	0.01116	0.00762	0.00595	0.00448	0.00186	0.00636	0.00378	0.00356	0.00770
45	0.04530	0.07251	0.08623	0.01429	0.04448	0.01655	0.01221	0.34552	0.05256	0.08216	0.03788	0.01640	0.01251	0.00711	0.00598	0.00178	0.00660	0.00548	0.00539	0.12904
46	0.03247	0.03745	0.01458	0.01318	0.05162	0.09364	0.00951	0.12832	0.04395	0.02059	0.06748	0.02570	0.01812	0.21519	0.10686	0.00420	0.09873	0.00706	0.00435	0.00702
47	0.00780	0.00642	0.00685	0.00702	0.00889	0.00548	0.00516	0.00948	0.01471	0.01804	0.11772	0.15762	0.57923	0.01663	0.00772	0.00223	0.00332	0.01412	0.00609	0.00548
48	0.01122	0.00561	0.00842	0.00842	0.00842	0.00561	0.00561	0.00842	0.00842	0.01122	0.01122	0.01964	0.01122	0.02245	0.02525	0.81201	0.00561	0.00561	0.00281	0.00281
49	0.00994	0.00773	0.00848	0.00832	0.01049	0.00732	0.00621	0.01430	0.12730	0.04608	0.11129	0.16944	0.41876	0.01520	0.00752	0.00224	0.00371	0.01297	0.00626	0.00644
50	0.00835	0.00618	0.00836	0.00941	0.00990	0.00619	0.00653	0.00970	0.01251	0.01698	0.07929	0.63450	0.04052	0.02124	0.05854	0.00312	0.04095	0.01654	0.00575	0.00543
51	0.01727	0.77681	0.03386	0.01106	0.01658	0.02557	0.01106	0.01935	0.01313	0.01520	0.00898	0.01036	0.00829	0.00553	0.00415	0.00138	0.00691	0.00345	0.00276	0.00829
52	0.01983	0.18639	0.15469	0.01412	0.01983	0.04772	0.01356	0.26481	0.08790	0.08200	0.03788	0.01626	0.01260	0.00722	0.00592	0.00186	0.00725	0.00542	0.00499	0.00976
53	0.05879	0.37386	0.22119	0.01454	0.02082	0.11966	0.05131	0.02090	0.01412	0.03680	0.01048	0.01211	0.00848	0.00593	0.00515	0.00169	0.00835	0.00421	0.00306	0.00855
54	0.03797	0.07729	0.02333	0.05790	0.45050	0.13467	0.01648	0.01992	0.01484	0.01943	0.01292	0.01874	0.01154	0.03193	0.00708	0.00205	0.00809	0.04297	0.00337	0.00899
55	0.01394	0.00998	0.01097	0.01000	0.01274	0.01067	0.00772	0.02358	0.32888	0.06979	0.17165	0.03202	0.08562	0.00999	0.00644	0.00200	0.00413	0.00840	0.17330	0.00817
56	0.00997	0.00679	0.00865	0.00814	0.00989	0.00616	0.00612	0.01271	0.01754	0.06345	0.56823	0.08325	0.14731	0.01368	0.00759	0.00208	0.00325	0.01198	0.00696	0.00624
57	0.01599	0.01535	0.02623	0.03966	0.73262	0.01535	0.01983	0.01983	0.01471	0.02111	0.01215	0.01599	0.01023	0.00576	0.00640	0.00192	0.00768	0.00576	0.00320	0.01023
58	0.01496	0.01560	0.06206	0.08573	0.48485	0.01567	0.04071	0.01862	0.01378	0.01972	0.01330	0.01725	0.03380	0.00706	0.00882	0.00210	0.12750	0.00601	0.00319	0.00926
59	0.00915	0.00648	0.00794	0.00817	0.00846	0.00668	0.00522	0.00976	0.01034	0.01393	0.02435	0.19529	0.04959	0.47682	0.10997	0.00572	0.03217	0.01104	0.00434	0.00457
60	0.01645	0.11824	0.12702	0.01939	0.02495	0.14264	0.27378	0.02163	0.06624	0.01922	0.01388	0.01638	0.02909	0.00660	0.00724	0.00197	0.05077	0.00600	0.00345	0.03505
61	0.00980	0.00713	0.00996	0.00983	0.01111	0.00805	0.00756	0.03208	0.01136	0.01635	0.02022	0.02791	0.05411	0.08410	0.59593	0.00887	0.01468	0.00733	0.05779	0.00582
62	0.02036	0.04272	0.01769	0.06253	0.05972	0.42625	0.01218	0.04777	0.10580	0.03676	0.01377	0.03520	0.01146	0.00922	0.02697	0.04481	0.00960	0.00537	0.00396	0.00785
63	0.01805	0.03111	0.05027	0.02251	0.14526	0.06331	0.23944	0.15374	0.06997	0.06280	0.06502	0.01908	0.01457	0.00697	0.00683	0.00202	0.00829	0.00676	0.00460	0.00940
64	0.02233	0.01558	0.01678	0.01356	0.01816	0.04040	0.01095	0.31772	0.25030	0.16979	0.02063	0.01936	0.01465	0.00801	0.00644	0.00199	0.00623	0.00632	0.00662	0.03417
65	0.01599	0.01535	0.02623	0.03966	0.73262	0.01535	0.01983	0.01983	0.01471	0.02111	0.01215	0.01599	0.01023	0.00576	0.00640	0.00192	0.00768	0.00576	0.00320	0.01023
66	0.01533	0.01241	0.01762	0.01267	0.01846	0.00997	0.12282	0.01859	0.01423	0.09590	0.01321	0.01496	0.01028	0.00523	0.00543	0.00127	0.00586	0.00473	0.00417	0.59687
67	0.01212	0.00906	0.01158	0.01062	0.01286	0.00892	0.04578	0.12633	0.04055	0.04716	0.12058	0.33482	0.16380	0.01501	0.00762	0.00230	0.00462	0.01326	0.00615	0.00688
68	0.01579	0.01535	0.02683	0.06644	0.65514	0.01539	0.06999	0.01976	0.01468	0.02090	0.01219	0.01614	0.01014	0.00576	0.00649	0.00195	0.00795	0.00589	0.00319	0.01001
69	0.01863	0.01515	0.01605	0.01367	0.01778	0.01727	0.01085	0.23840	0.51271	0.03116	0.02305	0.02152	0.01709	0.00846	0.00654	0.00212	0.00572	0.00686	0.00654	0.01046
70	0.00932	0.00623	0.00707	0.00715	0.00717	0.00621	0.00402	0.00938	0.00955	0.01273	0.02115	0.07994	0.02449	0.73390	0.03161	0.00608	0.00613	0.00986	0.00402	0.00398
71	0.01522	0.01472	0.02107	0.01739	0.01925	0.01860	0.10249	0.05674	0.15654	0.01988	0.01307	0.01666	0.01107	0.00985	0.01570	0.00257	0.47094	0.00625	0.00384	0.00813
72	0.00795	0.00570	0.00743	0.00879	0.00922	0.00531	0.00584	0.00903	0.01230	0.01631	0.03597	0.70052	0.06913	0.06150	0.00958	0.00281	0.00387	0.01769	0.00588	0.00518
73	0.05439	0.00965	0.01042	0.00948	0.01216	0.00998	0.00732	0.07414	0.19364	0.02501	0.25737	0.04175	0.24513	0.01222	0.00708	0.00211	0.00407	0.01027	0.00643	0.00738
74	0.07231	0.58894	0.12297	0.01212	0.01796	0.06083	0.01251	0.01980	0.01332	0.01687	0.00938	0.01087	0.00819	0.00570	0.00448	0.00153	0.00737	0.00367	0.00287	0.00832
75	0.73375	0.01183	0.00924	0.00842	0.01213	0.01354	0.00684	0.01796	0.01126	0.02773	0.01336	0.05253	0.04700	0.00728	0.00441	0.00204	0.00484	0.00480	0.00421	0.00683

[dist]
# distance from previous block
# <min> <max>
0	3

[block]
# block no. 3 follows, 34 sequences, length 14
# corresponding to MSA columns:
# 217-230
name=unknown_D
#
# <colnr> <probs for GDERKNQSTAVLIFYWHMCP>
#	G	D	E	R	K	N	Q	S	T	A	V	L	I	F	Y	W	H	M	C	P
0	0.01617	0.06133	0.02566	0.09998	0.59146	0.05461	0.01875	0.01982	0.01465	0.02007	0.01179	0.01553	0.00987	0.00585	0.00624	0.00189	0.00792	0.00553	0.00315	0.00970
1	0.11998	0.35309	0.07109	0.01332	0.03952	0.20641	0.01166	0.03661	0.01469	0.01875	0.01038	0.01204	0.00875	0.00609	0.00483	0.00161	0.00785	0.00401	0.05132	0.00799
2	0.01574	0.29432	0.41243	0.01543	0.02309	0.01928	0.01809	0.09469	0.01527	0.02079	0.01110	0.01269	0.00853	0.00610	0.00547	0.00180	0.00835	0.00442	0.00314	0.00926
3	0.04880	0.15523	0.26567	0.01349	0.01919	0.05372	0.01422	0.06126	0.05336	0.06033	0.17010	0.02153	0.02093	0.00794	0.00607	0.00190	0.00698	0.00626	0.00449	0.00855
4	0.00847	0.00926	0.08353	0.00831	0.01096	0.00654	0.00720	0.01089	0.01495	0.01905	0.16558	0.13072	0.47097	0.01519	0.00754	0.00219	0.00394	0.01290	0.00584	0.00597
5	0.01367	0.01125	0.01340	0.01397	0.08947	0.01200	0.00956	0.09610	0.27352	0.02487	0.12731	0.15309	0.11125	0.01175	0.00709	0.00218	0.00487	0.01016	0.00612	0.00835
6	0.06490	0.06516	0.01769	0.09198	0.01986	0.28517	0.01206	0.06866	0.01521	0.01829	0.01228	0.05053	0.01108	0.01311	0.09844	0.00304	0.13600	0.00562	0.00357	0.00734
7	0.00915	0.00616	0.00712	0.00736	0.00742	0.00610	0.00425	0.00933	0.00987	0.01316	0.02278	0.15736	0.02654	0.65368	0.02898	0.00569	0.00587	0.01082	0.00425	0.00413
8	0.06389	0.09722	0.09010	0.04970	0.07477	0.01712	0.43669	0.01999	0.01427	0.02024	0.01195	0.01571	0.00927	0.00588	0.00745	0.00209	0.04548	0.00643	0.00318	0.00860
9	0.01129	0.00812	0.00965	0.00888	0.01102	0.00782	0.00675	0.08575	0.04361	0.05095	0.39477	0.11560	0.19355	0.01364	0.00748	0.00212	0.00375	0.01179	0.00671	0.00672
10	0.00902	0.00659	0.00830	0.00939	0.01018	0.00653	0.00651	0.01203	0.08641	0.01783	0.03363	0.61513	0.03866	0.04239	0.00876	0.00267	0.00404	0.04452	0.03161	0.00578
11	0.01504	0.03812	0.06672	0.05981	0.15878	0.07051	0.09494	0.03096	0.05181	0.04231	0.01859	0.02104	0.08570	0.00987	0.04694	0.00240	0.07605	0.00648	0.00389	0.10003
12	0.01290	0.01085	0.01464	0.11432	0.05585	0.03794	0.05959	0.06270	0.09945	0.01897	0.04909	0.07721	0.04099	0.15823	0.08075	0.07966	0.00765	0.00815	0.00436	0.00670
13	0.12169	0.11133	0.07689	0.01526	0.02021	0.13457	0.11465	0.07992	0.08939	0.03774	0.01290	0.01450	0.01007	0.00658	0.00644	0.00185	0.04374	0.00510	0.00402	0.09313

[dist]
# distance from previous block
# <min> <max>
2	12

[block]
# block no. 4 follows, 34 sequences, length 17
# corresponding to MSA columns:
# 243-259
name=unknown_E
#
# <colnr> <probs for GDERKNQSTAVLIFYWHMCP>
#	G	D	E	R	K	N	Q	S	T	A	V	L	I	F	Y	W	H	M	C	P
0	0.01180	0.00936	0.03583	0.00981	0.01226	0.00843	0.00763	0.05874	0.09285	0.05779	0.18271	0.25992	0.11089	0.03796	0.00810	0.00229	0.00436	0.01189	0.00608	0.07132
1	0.00862	0.00623	0.00868	0.00937	0.01013	0.00647	0.00673	0.01011	0.01158	0.01586	0.04592	0.37218	0.05827	0.05141	0.30937	0.03691	0.00935	0.01263	0.00482	0.00536
2	0.00808	0.00594	0.00757	0.00849	0.00933	0.00544	0.00586	0.00963	0.01381	0.01839	0.16926	0.53371	0.14398	0.01838	0.00804	0.00245	0.00355	0.01645	0.00621	0.00544
3	0.08726	0.00964	0.01138	0.00955	0.01292	0.00923	0.00757	0.07868	0.01696	0.31067	0.07924	0.06422	0.07710	0.03640	0.00710	0.00210	0.00469	0.00776	0.15918	0.00836
4	0.00843	0.00642	0.00793	0.00802	0.00949	0.00592	0.00589	0.01060	0.01528	0.02041	0.32028	0.19217	0.26064	0.01887	0.07700	0.00298	0.00459	0.01316	0.00621	0.00570
5	0.01525	0.00938	0.01089	0.00959	0.01239	0.00905	0.00745	0.11129	0.04755	0.16766	0.08209	0.04295	0.24996	0.12711	0.01111	0.00278	0.00498	0.06486	0.00625	0.00740
6	0.01621	0.01265	0.01362	0.01192	0.01525	0.01411	0.00933	0.16998	0.38169	0.02902	0.11154	0.05391	0.02357	0.00941	0.00651	0.00206	0.00498	0.00782	0.09721	0.00920
7	0.01481	0.02792	0.48495	0.02076	0.13389	0.06369	0.02064	0.04881	0.05212	0.02143	0.01250	0.01449	0.00929	0.00626	0.00614	0.00196	0.00887	0.00502	0.00324	0.04321
8	0.01865	0.19711	0.11890	0.01740	0.03803	0.10000	0.15980	0.11748	0.08395	0.06722	0.01393	0.01528	0.01058	0.00649	0.00607	0.00187	0.00840	0.00551	0.00413	0.00922
9	0.01515	0.01424	0.04769	0.10556	0.09839	0.08250	0.01262	0.03527	0.12531	0.06193	0.07378	0.02806	0.03710	0.06509	0.01048	0.00252	0.09909	0.07259	0.00468	0.00794
10	0.00874	0.00637	0.00800	0.00800	0.00922	0.00587	0.00571	0.01093	0.01580	0.02169	0.44192	0.18979	0.13342	0.09300	0.01034	0.00260	0.00354	0.01299	0.00643	0.00563
11	0.00956	0.00749	0.01086	0.01067	0.01168	0.00886	0.00828	0.01164	0.01056	0.01512	0.01920	0.05884	0.04352	0.06719	0.59690	0.00891	0.08367	0.00764	0.00362	0.00579
12	0.00792	0.00645	0.00702	0.00710	0.00896	0.00554	0.00524	0.00975	0.01507	0.01881	0.17692	0.14073	0.53546	0.01626	0.00770	0.00221	0.00329	0.01384	0.00619	0.00554
13	0.00835	0.00648	0.00738	0.00725	0.00904	0.00567	0.00538	0.01019	0.01549	0.01989	0.28244	0.07755	0.44531	0.01578	0.00864	0.04744	0.00334	0.01269	0.00619	0.00551
14	0.01727	0.77681	0.03386	0.01106	0.01658	0.02557	0.01106	0.01935	0.01313	0.01520	0.00898	0.01036	0.00829	0.00553	0.00415	0.00138	0.00691	0.00345	0.00276	0.00829
15	0.01438	0.01184	0.01463	0.01064	0.01617	0.00946	0.04297	0.05340	0.01467	0.05059	0.01536	0.01679	0.05021	0.00575	0.00524	0.00118	0.00516	0.00478	0.00423	0.65255
16	0.02286	0.01770	0.01811	0.01447	0.01919	0.06444	0.01174	0.49380	0.17950	0.06370	0.01791	0.01740	0.01292	0.00792	0.00645	0.00198	0.00690	0.00606	0.00635	0.01060

[dist]
# distance from previous block
# <min> <max>
0	1

[block]
# block no. 5 follows, 34 sequences, length 20
# corresponding to MSA columns:
# 261-280
name=unknown_F
#
# <colnr> <probs for GDERKNQSTAVLIFYWHMCP>
#	G	D	E	R	K	N	Q	S	T	A	V	L	I	F	Y	W	H	M	C	P
0	0.04397	0.01649	0.02457	0.03502	0.60168	0.06288	0.01828	0.07939	0.01616	0.02271	0.01220	0.01549	0.01007	0.00599	0.00629	0.00191	0.00779	0.00558	0.00351	0.01001
1	0.01374	0.01448	0.08228	0.51836	0.16411	0.01495	0.01842	0.06221	0.01443	0.01923	0.01187	0.01659	0.00902	0.00639	0.00642	0.00209	0.00843	0.00567	0.00315	0.00817
2	0.01302	0.01413	0.08242	0.55114	0.18014	0.01461	0.01883	0.01751	0.01334	0.01776	0.01163	0.01667	0.00890	0.00629	0.00642	0.00210	0.00851	0.00566	0.00292	0.00799
3	0.01458	0.01137	0.01337	0.00997	0.01518	0.00910	0.00792	0.06070	0.01470	0.06552	0.01466	0.07875	0.01289	0.00649	0.00529	0.00123	0.00489	0.00536	0.00444	0.64358
4	0.01815	0.01409	0.01640	0.06191	0.04233	0.01568	0.01126	0.35239	0.12594	0.03137	0.13551	0.07008	0.02224	0.00961	0.00745	0.00209	0.04040	0.00779	0.00605	0.00926
5	0.01593	0.01461	0.01484	0.01444	0.05618	0.07751	0.01063	0.03011	0.53971	0.02473	0.02702	0.02756	0.06424	0.00938	0.00669	0.00217	0.00574	0.04302	0.00604	0.00947
6	0.01020	0.00807	0.01156	0.04729	0.12222	0.00790	0.00874	0.01278	0.01526	0.02111	0.33585	0.12979	0.07713	0.09313	0.03040	0.00282	0.00500	0.04871	0.00563	0.00640
7	0.02015	0.00992	0.01300	0.04433	0.01545	0.00958	0.00890	0.09464	0.01756	0.35307	0.08743	0.11755	0.02260	0.01362	0.07536	0.00282	0.00627	0.00835	0.07062	0.00878
8	0.01613	0.01588	0.02158	0.04010	0.37074	0.09434	0.04695	0.04468	0.10754	0.02180	0.07111	0.02078	0.04215	0.00760	0.00738	0.00201	0.04928	0.00662	0.00415	0.00916
9	0.00866	0.00627	0.00786	0.00852	0.00927	0.00612	0.00592	0.00987	0.01188	0.01561	0.03350	0.30369	0.13823	0.23040	0.10897	0.00458	0.00629	0.07421	0.00510	0.00504
10	0.05232	0.26905	0.34574	0.01472	0.02179	0.07807	0.01654	0.03715	0.01426	0.03865	0.01097	0.01254	0.00853	0.00600	0.00532	0.00174	0.00825	0.00426	0.00314	0.05094
11	0.00948	0.00796	0.00849	0.00858	0.01024	0.04967	0.00646	0.01164	0.01574	0.02021	0.28106	0.15101	0.27833	0.03184	0.00829	0.00233	0.00410	0.08261	0.00617	0.00578
12	0.10806	0.11310	0.01491	0.01050	0.01371	0.09800	0.00810	0.09336	0.05990	0.02050	0.01522	0.03652	0.01458	0.23662	0.01353	0.00303	0.00658	0.00617	0.00418	0.12341
13	0.34291	0.09533	0.01491	0.01145	0.01520	0.16380	0.00936	0.04151	0.05988	0.06853	0.01381	0.01771	0.01156	0.00985	0.05039	0.00246	0.00747	0.05188	0.00433	0.00766
14	0.17182	0.01042	0.01131	0.00942	0.01301	0.01052	0.00759	0.10487	0.01608	0.19368	0.01810	0.01914	0.01331	0.00964	0.05038	0.00226	0.00550	0.00550	0.25278	0.07468
15	0.01174	0.01040	0.01235	0.07234	0.10161	0.05648	0.00930	0.05629	0.03321	0.02137	0.20569	0.10122	0.24654	0.01253	0.00725	0.00211	0.00508	0.02204	0.00555	0.00690
16	0.02136	0.01411	0.01573	0.04421	0.01763	0.06119	0.01052	0.24097	0.08035	0.20842	0.01843	0.01967	0.01358	0.03854	0.02909	0.03891	0.05271	0.00617	0.05922	0.00919
17	0.05271	0.00877	0.00930	0.00815	0.01074	0.00899	0.00642	0.12539	0.01663	0.10996	0.02018	0.02189	0.01519	0.00755	0.00503	0.00165	0.00403	0.00593	0.55406	0.00742
18	0.01472	0.05494	0.27237	0.03718	0.10815	0.01483	0.11844	0.04738	0.10850	0.04350	0.07922	0.02002	0.01572	0.02805	0.00725	0.00215	0.00791	0.00645	0.00410	0.00912
19	0.00957	0.00704	0.00831	0.00835	0.00961	0.00663	0.00574	0.04891	0.01375	0.01831	0.11327	0.30462	0.15344	0.20575	0.01397	0.00327	0.00446	0.01312	0.00552	0.04637

[dist]
# distance from previous block
# <min> <max>
3	5

[block]
# block no. 6 follows, 34 sequences, length 19
# corresponding to MSA columns:
# 286-304
name=unknown_G
#
# <colnr> <probs for GDERKNQSTAVLIFYWHMCP>
#	G	D	E	R	K	N	Q	S	T	A	V	L	I	F	Y	W	H	M	C	P
0	0.12014	0.10491	0.21729	0.02246	0.24971	0.01684	0.01692	0.09661	0.05515	0.02378	0.01240	0.01442	0.00966	0.00626	0.00578	0.00192	0.00755	0.00504	0.00367	0.00950
1	0.01326	0.04260	0.02010	0.08884	0.16887	0.03709	0.07806	0.01602	0.01231	0.01713	0.01390	0.06013	0.01304	0.03568	0.18612	0.00428	0.17495	0.00683	0.00331	0.00747
2	0.00863	0.00647	0.00778	0.00826	0.00940	0.00604	0.00584	0.01071	0.03533	0.01838	0.16506	0.30543	0.21431	0.11712	0.01123	0.00290	0.00400	0.05172	0.00594	0.00547
3	0.01406	0.00808	0.00995	0.00891	0.01139	0.00736	0.00679	0.05130	0.01697	0.18840	0.25257	0.12312	0.20855	0.05230	0.00867	0.00234	0.00412	0.01128	0.00672	0.00712
4	0.00818	0.00645	0.00738	0.00739	0.00912	0.00565	0.00545	0.01024	0.01565	0.02023	0.28903	0.14568	0.41502	0.01577	0.00771	0.00219	0.00326	0.01356	0.00638	0.00565
5	0.05665	0.01122	0.01446	0.01145	0.01575	0.01068	0.00939	0.06504	0.04395	0.53485	0.06234	0.02243	0.01765	0.00837	0.00712	0.00202	0.04412	0.00659	0.04582	0.01010
6	0.15807	0.26356	0.02069	0.01238	0.01663	0.16811	0.01039	0.02507	0.22499	0.02126	0.01436	0.01475	0.01148	0.00681	0.00519	0.00179	0.00701	0.00476	0.00423	0.00848
7	0.01461	0.04053	0.06550	0.01172	0.03348	0.03106	0.00963	0.11437	0.08487	0.08231	0.16291	0.09501	0.14792	0.01133	0.00692	0.00205	0.00525	0.03111	0.00589	0.04352
8	0.01693	0.19905	0.28030	0.01876	0.09980	0.10195	0.05559	0.08801	0.04369	0.02102	0.01191	0.01372	0.00926	0.00624	0.00580	0.00184	0.00864	0.00487	0.00340	0.00922
9	0.11622	0.01727	0.09000	0.02523	0.33077	0.03808	0.03740	0.14501	0.04681	0.04590	0.01354	0.01569	0.01047	0.00645	0.00606	0.00195	0.00733	0.00550	0.03066	0.00966
10	0.00855	0.00661	0.00785	0.00818	0.00961	0.00609	0.00588	0.01122	0.05110	0.01981	0.22566	0.31010	0.27262	0.01654	0.00780	0.00230	0.00348	0.01450	0.00632	0.00579
11	0.01825	0.01492	0.01534	0.01321	0.01634	0.09366	0.01041	0.25609	0.11453	0.06640	0.02226	0.14595	0.05392	0.01261	0.04369	0.00256	0.07714	0.00842	0.00564	0.00865
12	0.01061	0.00710	0.00885	0.00852	0.01033	0.00655	0.00634	0.01367	0.04763	0.08214	0.39179	0.18477	0.16811	0.01447	0.00760	0.00218	0.00352	0.01267	0.00676	0.00642
13	0.00933	0.00677	0.00854	0.00836	0.00924	0.00703	0.00587	0.01083	0.01209	0.01672	0.16277	0.03978	0.10368	0.30886	0.21304	0.00586	0.03089	0.00944	0.02576	0.00515
14	0.01843	0.39242	0.12779	0.01567	0.05660	0.14633	0.04716	0.09130	0.01603	0.01921	0.01054	0.01219	0.00873	0.00604	0.00523	0.00165	0.00834	0.00432	0.00328	0.00872
15	0.00937	0.00645	0.00829	0.00890	0.00964	0.00635	0.00606	0.01127	0.03975	0.03821	0.09491	0.43256	0.03631	0.17204	0.08520	0.00402	0.00562	0.01405	0.00552	0.00547
16	0.01657	0.01974	0.19919	0.05875	0.24491	0.03675	0.03937	0.09015	0.08071	0.05955	0.01420	0.01616	0.01076	0.00640	0.00624	0.00191	0.00775	0.00554	0.00401	0.08136
17	0.06317	0.07799	0.12162	0.01417	0.01915	0.07212	0.02925	0.17693	0.27102	0.02686	0.01967	0.01946	0.04484	0.00785	0.00617	0.00200	0.00687	0.00615	0.00520	0.00951
18	0.24138	0.12208	0.09362	0.01918	0.14774	0.07207	0.11151	0.05904	0.03783	0.02327	0.01140	0.01357	0.00901	0.00607	0.00553	0.00191	0.00765	0.00491	0.00363	0.00862

[dist]
# distance from previous block
# <min> <max>
0	1

[block]
# block no. 7 follows, 34 sequences, length 10
# corresponding to MSA columns:
# 306-315
name=unknown_H
#
# <colnr> <probs for GDERKNQSTAVLIFYWHMCP>
#	G	D	E	R	K	N	Q	S	T	A	V	L	I	F	Y	W	H	M	C	P
0	0.01722	0.04039	0.16046	0.02587	0.27349	0.05579	0.12334	0.09903	0.07151	0.04937	0.01395	0.01618	0.01066	0.00636	0.00647	0.00198	0.00837	0.00586	0.00392	0.00978
1	0.01144	0.00977	0.05446	0.01069	0.03573	0.00808	0.00844	0.06150	0.01580	0.05411	0.14170	0.18884	0.19801	0.02885	0.00790	0.00228	0.00469	0.08339	0.00579	0.06853
2	0.00999	0.00896	0.06295	0.00888	0.01130	0.00704	0.00739	0.01337	0.04433	0.05187	0.36537	0.11876	0.23762	0.01386	0.00749	0.00214	0.00385	0.01198	0.00638	0.00646
3	0.01539	0.01529	0.02712	0.08194	0.09500	0.03573	0.34249	0.07585	0.03124	0.02154	0.01470	0.02083	0.01215	0.03222	0.00895	0.00230	0.06455	0.04047	0.05390	0.00834
4	0.01852	0.02173	0.19052	0.06680	0.12047	0.11274	0.04079	0.17562	0.11249	0.05487	0.01491	0.01622	0.01105	0.00694	0.00635	0.00198	0.00826	0.00563	0.00446	0.00966
5	0.01103	0.00568	0.00827	0.00827	0.00827	0.00568	0.00543	0.00852	0.00852	0.01136	0.01219	0.02204	0.01252	0.10201	0.02606	0.72659	0.00568	0.00601	0.00292	0.00292
6	0.01701	0.23054	0.13287	0.03955	0.11300	0.06774	0.06696	0.10570	0.01584	0.02088	0.01119	0.01354	0.00910	0.00640	0.00678	0.00180	0.06419	0.00486	0.00344	0.06861
7	0.01209	0.09076	0.05154	0.00959	0.01227	0.00990	0.00797	0.03801	0.06563	0.06278	0.20738	0.10711	0.15380	0.10508	0.01018	0.00260	0.00484	0.03599	0.00568	0.00680
8	0.06310	0.06397	0.22714	0.04179	0.07799	0.09396	0.24741	0.06971	0.01573	0.02163	0.01194	0.01473	0.00903	0.00602	0.00642	0.00200	0.00948	0.00568	0.00335	0.00892
9	0.02072	0.01081	0.01335	0.01095	0.01471	0.01053	0.00878	0.10585	0.11144	0.34004	0.20944	0.02853	0.02776	0.00942	0.00670	0.00200	0.00487	0.00787	0.04689	0.00936

[dist]
# distance from previous block
# <min> <max>
0	1

[block]
# block no. 8 follows, 34 sequences, length 8
# corresponding to MSA columns:
# 317-324
name=unknown_I
#
# <colnr> <probs for GDERKNQSTAVLIFYWHMCP>
#	G	D	E	R	K	N	Q	S	T	A	V	L	I	F	Y	W	H	M	C	P
0	0.01643	0.05098	0.18652	0.05943	0.24517	0.01491	0.01641	0.08802	0.08803	0.07222	0.01536	0.01781	0.01185	0.03120	0.00701	0.00209	0.00732	0.00578	0.05396	0.00950
1	0.04233	0.01451	0.04733	0.18453	0.31525	0.01488	0.08188	0.05045	0.03337	0.02128	0.05792	0.01927	0.02968	0.00710	0.00742	0.00208	0.05186	0.00641	0.00367	0.00878
2	0.00869	0.00656	0.00797	0.00863	0.00974	0.00622	0.00609	0.01122	0.05737	0.01836	0.12598	0.41372	0.18290	0.06702	0.00958	0.00269	0.00390	0.04168	0.00603	0.00564
3	0.05301	0.04145	0.03945	0.10458	0.41700	0.01477	0.03954	0.06435	0.01548	0.06087	0.01565	0.01845	0.04465	0.00665	0.00625	0.00194	0.00724	0.00604	0.03328	0.00934
