[name]
unknown

[dist]
# distance from previous block
# <min> <max>
0	27

[block]
# block no. 0 follows, 33 sequences, length 11
# corresponding to MSA columns:
# 30-40
name=unknown_A
#
# <colnr> <probs for GDERKNQSTAVLIFYWHMCP>
#	G	D	E	R	K	N	Q	S	T	A	V	L	I	F	Y	W	H	M	C	P
0	0.01510	0.01438	0.04456	0.02144	0.21063	0.03395	0.07752	0.08102	0.13198	0.02332	0.02497	0.03318	0.09297	0.00996	0.00721	0.00222	0.00694	0.13217	0.00495	0.03151
1	0.04727	0.06662	0.01471	0.01171	0.01396	0.01302	0.00936	0.13594	0.01467	0.05317	0.01665	0.04472	0.01534	0.11017	0.31594	0.00611	0.09218	0.00692	0.00431	0.00722
2	0.00946	0.00685	0.00955	0.00955	0.01037	0.00767	0.00695	0.01110	0.01028	0.01452	0.01857	0.03107	0.01872	0.26674	0.52827	0.00931	0.01423	0.00782	0.00367	0.00531
3	0.01470	0.07242	0.07785	0.01146	0.01708	0.01239	0.01009	0.04684	0.14026	0.02296	0.03748	0.01663	0.01314	0.00617	0.00543	0.00140	0.00555	0.00493	0.00443	0.47878
4	0.01387	0.01399	0.04354	0.06454	0.21788	0.05240	0.01303	0.02019	0.16567	0.02077	0.03047	0.03105	0.21484	0.01008	0.00788	0.00216	0.05609	0.00835	0.00475	0.00846
5	0.01509	0.01279	0.02091	0.04977	0.43626	0.01253	0.03732	0.01851	0.01561	0.07640	0.11053	0.05989	0.08831	0.00875	0.00694	0.00205	0.00656	0.00812	0.00455	0.00910
6	0.00812	0.00668	0.00714	0.00702	0.00910	0.00570	0.00527	0.01010	0.01580	0.01967	0.21089	0.06025	0.57952	0.01597	0.00778	0.00219	0.00328	0.01346	0.00636	0.00570
7	0.05653	0.07181	0.32865	0.01937	0.08507	0.04354	0.11557	0.02125	0.03539	0.07204	0.03060	0.04418	0.01238	0.00812	0.02536	0.00227	0.00883	0.00612	0.00374	0.00915
8	0.02134	0.01453	0.01767	0.01695	0.12381	0.01520	0.01188	0.31450	0.08779	0.15867	0.06001	0.02316	0.06414	0.00863	0.00668	0.00202	0.00624	0.00705	0.02953	0.01021
9	0.02954	0.01120	0.01528	0.01171	0.01681	0.00968	0.00968	0.03208	0.01884	0.73213	0.02597	0.02241	0.01630	0.00815	0.00662	0.00204	0.00560	0.00662	0.00815	0.01120
10	0.01828	0.01298	0.02053	0.04357	0.06757	0.01336	0.15414	0.09880	0.01719	0.18777	0.08049	0.09203	0.01942	0.00942	0.00889	0.00222	0.09952	0.00819	0.03678	0.00885

[dist]
# distance from previous block
# <min> <max>
0	3

[block]
# block no. 1 follows, 33 sequences, length 50
# corresponding to MSA columns:
# 44-93
name=unknown_B
#
# <colnr> <probs for GDERKNQSTAVLIFYWHMCP>
#	G	D	E	R	K	N	Q	S	T	A	V	L	I	F	Y	W	H	M	C	P
0	0.02219	0.04482	0.01885	0.01449	0.01931	0.01942	0.01185	0.48178	0.23318	0.03640	0.01882	0.01821	0.01373	0.00812	0.00653	0.00203	0.00663	0.00629	0.00648	0.01087
1	0.00854	0.00622	0.00819	0.00926	0.01009	0.00569	0.00639	0.00998	0.01313	0.01778	0.07668	0.64962	0.04241	0.01914	0.00817	0.00255	0.00392	0.04176	0.00604	0.05445
2	0.01281	0.01101	0.01559	0.11791	0.17494	0.01178	0.01217	0.01960	0.18125	0.02227	0.14837	0.15507	0.02896	0.01127	0.00726	0.00226	0.00571	0.04827	0.00539	0.00813
3	0.00961	0.00771	0.00837	0.00898	0.00980	0.05073	0.00612	0.01087	0.01326	0.01711	0.11074	0.38474	0.09800	0.19048	0.01392	0.00337	0.00486	0.04043	0.00558	0.00532
4	0.02409	0.03032	0.01843	0.01674	0.02015	0.69794	0.01258	0.02682	0.06117	0.01681	0.01119	0.01265	0.00919	0.00691	0.00598	0.00173	0.01147	0.00444	0.00359	0.00780
5	0.01494	0.01529	0.02009	0.01727	0.01744	0.05793	0.01431	0.01639	0.01053	0.01586	0.00872	0.01427	0.00863	0.01127	0.02079	0.00282	0.71764	0.00568	0.00291	0.00722
6	0.01674	0.01432	0.01509	0.01347	0.01726	0.01654	0.01051	0.06327	0.68680	0.02813	0.02633	0.02419	0.01972	0.00889	0.00669	0.00222	0.00530	0.00738	0.00669	0.01045
7	0.01378	0.05404	0.00913	0.00728	0.00941	0.00867	0.00574	0.07959	0.01537	0.02556	0.02020	0.02288	0.01583	0.00757	0.00476	0.00157	0.00370	0.00596	0.68221	0.00675
8	0.00849	0.00606	0.00784	0.00872	0.00933	0.00575	0.00588	0.00985	0.01315	0.01774	0.14317	0.49788	0.06708	0.12380	0.04034	0.00338	0.00458	0.01575	0.00590	0.00532
9	0.01309	0.01205	0.01975	0.71424	0.04404	0.01493	0.01798	0.05284	0.01409	0.01811	0.01192	0.01746	0.00890	0.00665	0.00658	0.00218	0.00870	0.00585	0.00312	0.00752
10	0.00865	0.00670	0.00787	0.00758	0.00942	0.00593	0.00568	0.01113	0.01705	0.02265	0.43784	0.05535	0.35071	0.01486	0.00777	0.00214	0.00321	0.01277	0.00675	0.00593
11	0.01629	0.01564	0.02672	0.04041	0.72757	0.01564	0.02020	0.02020	0.01499	0.02151	0.01238	0.01629	0.01043	0.00587	0.00652	0.00196	0.00782	0.00587	0.00326	0.01043
12	0.01871	0.65503	0.03198	0.01217	0.01744	0.13964	0.01150	0.02076	0.01421	0.01559	0.00931	0.01077	0.00845	0.00581	0.00450	0.00145	0.00781	0.00363	0.00291	0.00832
13	0.03489	0.01167	0.01374	0.00994	0.01567	0.00902	0.00799	0.01838	0.01417	0.10104	0.01323	0.01456	0.01042	0.00527	0.00505	0.00112	0.00496	0.00420	0.00438	0.70031
14	0.01865	0.01522	0.05285	0.04253	0.31054	0.02771	0.09688	0.05112	0.05346	0.17041	0.07823	0.02086	0.01648	0.00726	0.00679	0.00203	0.00736	0.00679	0.00492	0.00992
15	0.01237	0.01020	0.01566	0.34735	0.08557	0.01134	0.01309	0.01670	0.04514	0.05043	0.26221	0.03056	0.05383	0.00943	0.00704	0.00213	0.00625	0.00834	0.00494	0.00742
16	0.02381	0.01783	0.01907	0.01490	0.01995	0.01985	0.01222	0.61109	0.12747	0.03952	0.01735	0.01704	0.01245	0.00805	0.00660	0.00201	0.00696	0.00614	0.00660	0.01109
17	0.00875	0.00661	0.00807	0.00791	0.00954	0.00594	0.00586	0.01124	0.01698	0.02295	0.46549	0.12700	0.24939	0.01512	0.00783	0.00218	0.00324	0.01318	0.00681	0.00594
18	0.01652	0.07650	0.26928	0.01922	0.15599	0.01403	0.01652	0.03824	0.01504	0.10814	0.01353	0.01514	0.01013	0.00608	0.00588	0.00174	0.00744	0.00497	0.00389	0.20175
19	0.00957	0.00640	0.00727	0.00727	0.00730	0.00643	0.00410	0.00963	0.00960	0.01283	0.02066	0.04263	0.02374	0.74998	0.05190	0.00649	0.00667	0.00951	0.00398	0.00404
20	0.00940	0.00705	0.01058	0.01058	0.01176	0.00823	0.00823	0.01176	0.01058	0.01528	0.01763	0.02586	0.01646	0.04937	0.74255	0.01058	0.01763	0.00705	0.00353	0.00588
21	0.01473	0.02349	0.34206	0.02232	0.17069	0.01554	0.06758	0.02411	0.19099	0.02280	0.03086	0.01810	0.01298	0.00695	0.00656	0.00210	0.00815	0.00608	0.00400	0.00991
22	0.01677	0.02133	0.21568	0.03083	0.43328	0.03445	0.02016	0.10658	0.01679	0.02370	0.01260	0.01548	0.00991	0.00625	0.00644	0.00199	0.00836	0.00556	0.00355	0.01027
23	0.01544	0.01546	0.02168	0.02216	0.17635	0.07884	0.08819	0.01904	0.05352	0.01882	0.01256	0.01698	0.01088	0.01167	0.06729	0.00296	0.30496	0.00608	0.04896	0.00816
24	0.00942	0.00632	0.00722	0.00737	0.00741	0.00628	0.00419	0.00953	0.00987	0.01316	0.02225	0.11293	0.02583	0.69619	0.03108	0.00602	0.00613	0.01046	0.00419	0.00412
25	0.75185	0.01422	0.01039	0.00932	0.01334	0.07301	0.00758	0.01991	0.01180	0.02846	0.00925	0.01079	0.00724	0.00616	0.00422	0.00201	0.00564	0.00362	0.00402	0.00717
26	0.01061	0.00758	0.01061	0.01212	0.01364	0.00758	0.01061	0.01364	0.01515	0.01970	0.03486	0.07426	0.03789	0.01819	0.00909	0.00303	0.00606	0.68326	0.00606	0.00606
27	0.01607	0.01728	0.06971	0.07494	0.40924	0.06125	0.08137	0.02230	0.11560	0.02155	0.01594	0.01867	0.03275	0.00673	0.00665	0.00203	0.00805	0.00634	0.00380	0.00973
28	0.00874	0.00624	0.00812	0.00933	0.00991	0.00596	0.00636	0.03023	0.01324	0.01769	0.05265	0.66042	0.04182	0.05909	0.00967	0.00284	0.00412	0.04205	0.00604	0.00550
29	0.00867	0.00654	0.00902	0.00985	0.01072	0.00634	0.02258	0.01029	0.01313	0.01750	0.06520	0.53290	0.09569	0.02146	0.06412	0.00323	0.01904	0.07227	0.00584	0.00562
30	0.24328	0.04757	0.06722	0.01851	0.14335	0.03558	0.07668	0.14290	0.01694	0.06895	0.01450	0.04430	0.01195	0.00747	0.00600	0.00206	0.00711	0.03209	0.00455	0.00898
31	0.01570	0.01468	0.02375	0.15634	0.31501	0.01633	0.07567	0.08785	0.01525	0.02135	0.01239	0.01686	0.01025	0.00977	0.05406	0.00270	0.13346	0.00609	0.00350	0.00901
32	0.01455	0.01345	0.02242	0.03309	0.55700	0.01337	0.01711	0.01803	0.01494	0.02114	0.05994	0.11140	0.01912	0.00880	0.00697	0.00211	0.00695	0.04630	0.00400	0.00931
33	0.01740	0.51373	0.09700	0.01776	0.15376	0.02272	0.01426	0.06176	0.01481	0.01872	0.01042	0.01228	0.00898	0.00587	0.00499	0.00161	0.00745	0.00424	0.00313	0.00911
34	0.00948	0.00643	0.00735	0.00729	0.00755	0.00633	0.00429	0.00990	0.01084	0.01455	0.10528	0.04452	0.05351	0.65274	0.02955	0.00573	0.00589	0.01000	0.00445	0.00431
35	0.01551	0.01366	0.07239	0.01175	0.03145	0.00973	0.02673	0.01886	0.01433	0.10191	0.01338	0.01482	0.01040	0.00539	0.00529	0.00123	0.00556	0.00442	0.00427	0.61892
36	0.01565	0.34559	0.35213	0.01498	0.02223	0.01974	0.01727	0.06173	0.01479	0.01976	0.01224	0.01603	0.01024	0.00677	0.00557	0.00184	0.00823	0.04294	0.00321	0.00907
37	0.06063	0.00998	0.01406	0.01435	0.05882	0.00989	0.04645	0.05951	0.01629	0.13366	0.02846	0.10544	0.02843	0.01407	0.00799	0.00262	0.00620	0.36956	0.00600	0.00760
38	0.01610	0.01642	0.04468	0.08161	0.58813	0.03247	0.08337	0.02024	0.01499	0.02104	0.01236	0.01634	0.01019	0.00591	0.00662	0.00199	0.00832	0.00598	0.00324	0.01001
39	0.00984	0.00688	0.00834	0.07629	0.01072	0.00715	0.00531	0.01025	0.00991	0.01314	0.01990	0.04071	0.02253	0.69800	0.03101	0.00599	0.00660	0.00923	0.00389	0.00430
40	0.02198	0.27798	0.02456	0.01371	0.01902	0.02213	0.01196	0.43121	0.06384	0.03174	0.01414	0.01450	0.01076	0.00718	0.00578	0.00179	0.00706	0.00518	0.00529	0.01021
41	0.00909	0.00727	0.00831	0.00948	0.01008	0.04734	0.00641	0.01033	0.01314	0.01710	0.06972	0.65501	0.04170	0.05013	0.00926	0.00274	0.00435	0.01717	0.00593	0.00547
42	0.00989	0.00775	0.01139	0.01113	0.01214	0.00932	0.00869	0.01205	0.01055	0.01530	0.01722	0.04136	0.01646	0.06459	0.63406	0.00951	0.09185	0.00725	0.00353	0.00595
43	0.00954	0.00646	0.00754	0.00749	0.00771	0.00648	0.00445	0.00997	0.01047	0.01418	0.08575	0.04260	0.02702	0.65476	0.07438	0.00624	0.00677	0.00964	0.00426	0.00431
44	0.00815	0.00582	0.00779	0.00932	0.00976	0.00546	0.00634	0.00940	0.01274	0.01696	0.03621	0.72867	0.04325	0.02050	0.00844	0.00269	0.00394	0.05307	0.00611	0.00538
45	0.07211	0.01640	0.01812	0.01495	0.04642	0.01784	0.01177	0.48688	0.07666	0.11355	0.04629	0.01823	0.01421	0.00804	0.00649	0.00201	0.00664	0.00621	0.00651	0.01066
46	0.00956	0.00647	0.00761	0.00776	0.00794	0.00652	0.00473	0.00993	0.01010	0.01350	0.02206	0.07364	0.02516	0.65045	0.07204	0.00627	0.00691	0.05091	0.00418	0.00428
47	0.01637	0.01362	0.05952	0.01181	0.01782	0.01022	0.04883	0.04754	0.01519	0.11919	0.01392	0.01518	0.01063	0.00557	0.00543	0.00130	0.00572	0.00463	0.00449	0.57301
48	0.04760	0.08102	0.06515	0.09130	0.46077	0.07939	0.01793	0.02007	0.01462	0.02012	0.01168	0.01529	0.00974	0.00652	0.00674	0.02600	0.00813	0.00537	0.00320	0.00937
49	0.06247	0.17846	0.19193	0.02052	0.13914	0.06485	0.10063	0.08048	0.06134	0.02227	0.01260	0.01462	0.00986	0.00632	0.00597	0.00191	0.00839	0.00525	0.00363	0.00936

[dist]
# distance from previous block
# <min> <max>
0	11

[block]
# block no. 2 follows, 33 sequences, length 91
# corresponding to MSA columns:
# 105-195
name=unknown_C
#
# <colnr> <probs for GDERKNQSTAVLIFYWHMCP>
#	G	D	E	R	K	N	Q	S	T	A	V	L	I	F	Y	W	H	M	C	P
0	0.07063	0.36241	0.08064	0.01483	0.07899	0.10136	0.01251	0.05349	0.01525	0.05569	0.01494	0.03606	0.04158	0.00737	0.00542	0.00176	0.00740	0.02734	0.00379	0.00853
1	0.00945	0.00731	0.00885	0.00806	0.01029	0.00636	0.00610	0.01218	0.01713	0.02365	0.47375	0.04845	0.22171	0.01323	0.00742	0.00198	0.00338	0.01144	0.00656	0.10272
2	0.00957	0.00641	0.00733	0.00733	0.00738	0.00646	0.00417	0.00967	0.00962	0.01287	0.02061	0.04233	0.02361	0.73737	0.06433	0.00656	0.00687	0.00946	0.00397	0.00407
3	0.23064	0.05222	0.01817	0.05739	0.03854	0.07127	0.05925	0.17673	0.01821	0.15160	0.01448	0.01548	0.01048	0.00710	0.00630	0.00200	0.03190	0.00531	0.02385	0.00906
4	0.01618	0.01678	0.17348	0.04894	0.01910	0.05371	0.01281	0.06681	0.09852	0.13592	0.12609	0.07591	0.05479	0.01164	0.03739	0.00249	0.00702	0.02821	0.00554	0.00864
5	0.02006	0.01955	0.08383	0.09270	0.02405	0.11766	0.07452	0.25998	0.05104	0.06141	0.01422	0.01589	0.01057	0.00732	0.00743	0.00199	0.05734	0.00569	0.00477	0.06998
6	0.81514	0.01273	0.00968	0.00866	0.01273	0.01477	0.00713	0.01935	0.01120	0.02954	0.00917	0.01069	0.00713	0.00611	0.00407	0.00204	0.00509	0.00356	0.00407	0.00713
7	0.00929	0.00748	0.00838	0.00810	0.01017	0.00698	0.00608	0.01333	0.09383	0.02190	0.29597	0.08446	0.38025	0.01484	0.00768	0.00219	0.00348	0.01268	0.00658	0.00632
8	0.00802	0.00573	0.00764	0.00917	0.00955	0.00535	0.00611	0.00917	0.01260	0.01681	0.03628	0.76434	0.04354	0.02062	0.00840	0.00267	0.00382	0.01872	0.00611	0.00535
9	0.01328	0.03276	0.68740	0.01867	0.02775	0.01561	0.02367	0.02052	0.01365	0.02052	0.01160	0.01393	0.00836	0.00660	0.00727	0.00214	0.05900	0.00492	0.00279	0.00956
10	0.00802	0.00573	0.00764	0.00917	0.00955	0.00535	0.00611	0.00917	0.01260	0.01681	0.03628	0.76434	0.04354	0.02062	0.00840	0.00267	0.00382	0.01872	0.00611	0.00535
11	0.01755	0.01388	0.01492	0.01325	0.01709	0.01578	0.01035	0.03472	0.65345	0.09046	0.02672	0.02437	0.01976	0.00886	0.00669	0.00222	0.00525	0.00737	0.00683	0.01049
12	0.01440	0.01440	0.02016	0.01728	0.01728	0.02016	0.01440	0.01584	0.01008	0.01584	0.00864	0.01440	0.00864	0.01152	0.02160	0.00288	0.75659	0.00576	0.00288	0.00720
13	0.02463	0.03022	0.01875	0.01680	0.02036	0.67775	0.01270	0.08695	0.01975	0.01838	0.01068	0.01222	0.00872	0.00688	0.00599	0.00172	0.01146	0.00439	0.00368	0.00795
14	0.01113	0.00662	0.00983	0.00964	0.00993	0.00729	0.00691	0.00984	0.00917	0.01267	0.01278	0.02108	0.01249	0.02865	0.20197	0.55884	0.05819	0.00605	0.00302	0.00389
15	0.77614	0.01244	0.00963	0.00864	0.01259	0.01435	0.00709	0.01902	0.01156	0.02938	0.04377	0.01256	0.00979	0.00647	0.00425	0.00204	0.00500	0.00397	0.00423	0.00709
16	0.01822	0.01506	0.01592	0.01377	0.01782	0.01724	0.01087	0.17784	0.56982	0.03051	0.02445	0.02270	0.01820	0.00871	0.00667	0.00218	0.00564	0.00712	0.00667	0.01059
17	0.01320	0.03405	0.73453	0.01876	0.02849	0.01529	0.02432	0.02085	0.01390	0.02085	0.01181	0.01390	0.00834	0.00625	0.00625	0.00208	0.00973	0.00486	0.00278	0.00973
18	0.02130	0.12993	0.02126	0.01764	0.10625	0.24358	0.01275	0.20124	0.08403	0.04280	0.01622	0.01699	0.04279	0.00747	0.00610	0.00184	0.00832	0.00556	0.00467	0.00927
19	0.01783	0.67091	0.05861	0.01249	0.01816	0.07224	0.03637	0.02023	0.01382	0.01592	0.00946	0.01102	0.00850	0.00573	0.00453	0.00148	0.00760	0.00377	0.00287	0.00846
20	0.02026	0.03941	0.01557	0.01102	0.01655	0.01091	0.00904	0.09385	0.01717	0.25948	0.01678	0.01668	0.01203	0.00631	0.00561	0.00145	0.00544	0.00500	0.00555	0.43187
21	0.10892	0.30278	0.21786	0.01394	0.02008	0.07450	0.01451	0.06672	0.04642	0.04475	0.01173	0.01304	0.00924	0.00646	0.00563	0.00181	0.02468	0.00443	0.00360	0.00892
22	0.00945	0.00662	0.00853	0.00858	0.00906	0.00707	0.00573	0.01041	0.01008	0.01389	0.02008	0.06191	0.02170	0.46030	0.31043	0.00790	0.01070	0.00891	0.00388	0.00478
23	0.01581	0.01612	0.05783	0.10271	0.63564	0.01554	0.02022	0.01993	0.01478	0.02106	0.01230	0.01630	0.01019	0.00595	0.00651	0.00198	0.00799	0.00582	0.00321	0.01012
24	0.00885	0.00702	0.00810	0.00777	0.00988	0.00607	0.00588	0.01115	0.01616	0.02123	0.30313	0.08521	0.37974	0.01493	0.00766	0.00213	0.00347	0.03644	0.00638	0.05881
25	0.02429	0.02971	0.01840	0.01653	0.02001	0.66747	0.01248	0.07735	0.01945	0.01826	0.01091	0.01252	0.00892	0.00689	0.00595	0.00171	0.01128	0.00442	0.02560	0.00786
26	0.02460	0.03104	0.01868	0.01691	0.02035	0.72320	0.01271	0.04418	0.01898	0.01678	0.01032	0.01198	0.00855	0.00681	0.00595	0.00170	0.01175	0.00428	0.00348	0.00773
27	0.81514	0.01273	0.00968	0.00866	0.01273	0.01477	0.00713	0.01935	0.01120	0.02954	0.00917	0.01069	0.00713	0.00611	0.00407	0.00204	0.00509	0.00356	0.00407	0.00713
28	0.02459	0.03138	0.01866	0.01696	0.02035	0.74221	0.01272	0.02629	0.01866	0.01611	0.01018	0.01187	0.00848	0.00678	0.00594	0.00170	0.01187	0.00424	0.00339	0.00763
29	0.04754	0.02747	0.52789	0.01726	0.02516	0.01414	0.06556	0.02019	0.04231	0.02227	0.11130	0.01934	0.01633	0.00731	0.00649	0.00210	0.00852	0.00608	0.00365	0.00910
30	0.01320	0.03405	0.73453	0.01876	0.02849	0.01529	0.02432	0.02085	0.01390	0.02085	0.01181	0.01390	0.00834	0.00625	0.00625	0.00208	0.00973	0.00486	0.00278	0.00973
31	0.01363	0.01267	0.04475	0.01014	0.01616	0.00906	0.00851	0.01676	0.01366	0.02143	0.01171	0.01366	0.00969	0.00493	0.00493	0.00102	0.00508	0.00394	0.00385	0.77441
32	0.01369	0.01342	0.01780	0.01564	0.01603	0.04851	0.01280	0.01530	0.01054	0.01566	0.01086	0.01736	0.01062	0.03746	0.17050	0.00451	0.55332	0.00606	0.00306	0.00687
33	0.01243	0.01170	0.01975	0.75282	0.04534	0.01463	0.01828	0.01682	0.01316	0.01682	0.01170	0.01755	0.00878	0.00658	0.00658	0.00219	0.00878	0.00585	0.00293	0.00731
34	0.81514	0.01273	0.00968	0.00866	0.01273	0.01477	0.00713	0.01935	0.01120	0.02954	0.00917	0.01069	0.00713	0.00611	0.00407	0.00204	0.00509	0.00356	0.00407	0.00713
35	0.00956	0.00644	0.00748	0.00748	0.00758	0.00654	0.00436	0.00976	0.00966	0.01299	0.02047	0.04157	0.02328	0.70563	0.09562	0.00675	0.00737	0.00935	0.00395	0.00415
36	0.81514	0.01273	0.00968	0.00866	0.01273	0.01477	0.00713	0.01935	0.01120	0.02954	0.00917	0.01069	0.00713	0.00611	0.00407	0.00204	0.00509	0.00356	0.00407	0.00713
37	0.01440	0.01440	0.02016	0.01728	0.01728	0.02016	0.01440	0.01584	0.01008	0.01584	0.00864	0.01440	0.00864	0.01152	0.02160	0.00288	0.75659	0.00576	0.00288	0.00720
38	0.00831	0.00699	0.00725	0.00713	0.00934	0.00608	0.00536	0.01084	0.04443	0.01917	0.13971	0.06014	0.62043	0.01599	0.00773	0.00221	0.00339	0.01340	0.00627	0.00583
39	0.04985	0.00690	0.00713	0.00676	0.00874	0.00685	0.00518	0.01706	0.01415	0.08978	0.02134	0.02373	0.01638	0.00764	0.00476	0.00160	0.00339	0.00607	0.69605	0.00665
40	0.00935	0.00643	0.00718	0.00716	0.00749	0.00628	0.00420	0.00967	0.01057	0.01389	0.05394	0.04569	0.10747	0.65078	0.02948	0.00573	0.00590	0.01017	0.00437	0.00426
41	0.02416	0.01687	0.01843	0.01445	0.01945	0.01847	0.01183	0.51590	0.14057	0.12221	0.01881	0.01802	0.01325	0.00810	0.00661	0.00202	0.00672	0.00626	0.00679	0.01107
42	0.01034	0.00792	0.00981	0.00931	0.01116	0.00800	0.00704	0.01574	0.13138	0.02460	0.47462	0.07885	0.08191	0.01677	0.08005	0.00297	0.00493	0.01113	0.00668	0.00679
43	0.02347	0.05000	0.01743	0.04614	0.07184	0.04508	0.01102	0.11098	0.01845	0.37312	0.01956	0.01954	0.01364	0.02619	0.03735	0.00232	0.00690	0.00598	0.00615	0.09482
44	0.01908	0.59211	0.03086	0.01328	0.03666	0.18059	0.01182	0.02115	0.01456	0.01578	0.00946	0.01100	0.00851	0.00589	0.00466	0.00148	0.00811	0.00374	0.00295	0.00832
45	0.00810	0.00656	0.00719	0.00728	0.00915	0.00565	0.00537	0.00997	0.01539	0.01928	0.18618	0.14798	0.51578	0.01656	0.00786	0.00225	0.00335	0.01412	0.00633	0.00565
46	0.01705	0.05967	0.36767	0.01790	0.06736	0.17340	0.01802	0.04623	0.01600	0.05134	0.04405	0.01546	0.01145	0.00669	0.00612	0.00188	0.00908	0.00510	0.00359	0.06194
47	0.01936	0.05296	0.08362	0.02840	0.38864	0.01493	0.06294	0.04102	0.03214	0.18745	0.01583	0.01752	0.01174	0.00652	0.00650	0.00198	0.00757	0.00601	0.00451	0.01037
48	0.01724	0.01792	0.20618	0.01422	0.01947	0.01358	0.01387	0.04309	0.26989	0.15845	0.02225	0.02497	0.01708	0.01202	0.06632	0.00289	0.00761	0.05763	0.00562	0.00971
49	0.01227	0.00614	0.00614	0.00614	0.00767	0.00614	0.00460	0.01534	0.01381	0.02454	0.02148	0.02454	0.01687	0.00767	0.00460	0.00153	0.00307	0.00614	0.80518	0.00614
50	0.01794	0.02493	0.36854	0.01915	0.08304	0.06656	0.06780	0.06991	0.01669	0.14619	0.04532	0.01737	0.01254	0.00696	0.00651	0.00204	0.00865	0.00579	0.00429	0.00978
51	0.01504	0.07237	0.19500	0.26236	0.18580	0.01593	0.04599	0.03658	0.04478	0.04549	0.01302	0.01634	0.00987	0.00643	0.00638	0.00205	0.00846	0.00562	0.00341	0.00909
52	0.00802	0.00573	0.00764	0.00917	0.00955	0.00535	0.00611	0.00917	0.01260	0.01681	0.03628	0.76434	0.04354	0.02062	0.00840	0.00267	0.00382	0.01872	0.00611	0.00535
53	0.01320	0.03405	0.73453	0.01876	0.02849	0.01529	0.02432	0.02085	0.01390	0.02085	0.01181	0.01390	0.00834	0.00625	0.00625	0.00208	0.00973	0.00486	0.00278	0.00973
54	0.02649	0.04772	0.04355	0.01344	0.01879	0.01524	0.01150	0.32384	0.02370	0.37615	0.02033	0.01873	0.01346	0.00787	0.00649	0.00199	0.00652	0.00612	0.00705	0.01103
55	0.01482	0.02136	0.22984	0.07382	0.20637	0.10614	0.08080	0.01936	0.01493	0.01991	0.04528	0.10642	0.01560	0.00821	0.00677	0.00209	0.00858	0.00734	0.00363	0.00872
56	0.58486	0.05449	0.01336	0.01162	0.04003	0.16447	0.00895	0.02082	0.01297	0.02580	0.00949	0.01113	0.00759	0.00622	0.00455	0.00193	0.00668	0.00378	0.00384	0.00742
57	0.01064	0.00702	0.00922	0.00851	0.01029	0.00644	0.00644	0.01371	0.01865	0.07265	0.67834	0.04742	0.05911	0.01311	0.00769	0.00207	0.00327	0.01156	0.00731	0.00654
58	0.02152	0.01764	0.06801	0.02090	0.19853	0.10438	0.03147	0.13509	0.04390	0.20637	0.04609	0.01867	0.01412	0.00730	0.00650	0.00194	0.00748	0.00608	0.00535	0.03866
59	0.00957	0.00638	0.00718	0.00718	0.00718	0.00638	0.00399	0.00957	0.00957	0.01276	0.02074	0.04308	0.02393	0.76864	0.03351	0.00638	0.00638	0.00957	0.00399	0.00399
60	0.01608	0.01577	0.02798	0.06155	0.62147	0.01573	0.10334	0.02020	0.01500	0.02131	0.01248	0.01651	0.01032	0.00585	0.00667	0.00200	0.00825	0.00610	0.00326	0.01014
61	0.01629	0.01564	0.02672	0.04041	0.72757	0.01564	0.02020	0.02020	0.01499	0.02151	0.01238	0.01629	0.01043	0.00587	0.00652	0.00196	0.00782	0.00587	0.00326	0.01043
62	0.01310	0.01238	0.02095	0.63023	0.16273	0.01480	0.01861	0.01740	0.01348	0.01763	0.01182	0.01734	0.00906	0.00646	0.00657	0.00215	0.00861	0.00585	0.00298	0.00785
63	0.00874	0.00625	0.00847	0.00999	0.01069	0.00597	0.00737	0.01042	0.01332	0.01762	0.03588	0.57130	0.04196	0.01994	0.00860	0.00277	0.00445	0.20461	0.00610	0.00555
64	0.02054	0.01563	0.04684	0.01388	0.01846	0.01591	0.03330	0.36666	0.12945	0.10021	0.14534	0.02372	0.02200	0.00894	0.00684	0.00205	0.00627	0.00731	0.00661	0.01005
65	0.01732	0.72534	0.07929	0.01174	0.01764	0.02536	0.01210	0.01979	0.01341	0.01583	0.00932	0.01077	0.00844	0.00567	0.00435	0.00145	0.00721	0.00361	0.00281	0.00853
66	0.81514	0.01273	0.00968	0.00866	0.01273	0.01477	0.00713	0.01935	0.01120	0.02954	0.00917	0.01069	0.00713	0.00611	0.00407	0.00204	0.00509	0.00356	0.00407	0.00713
67	0.01319	0.01221	0.01989	0.66450	0.07642	0.01494	0.01787	0.04066	0.04163	0.01829	0.01247	0.01771	0.00938	0.00668	0.00658	0.00218	0.00854	0.00592	0.00321	0.00772
68	0.01497	0.01658	0.03559	0.02594	0.03201	0.01560	0.62372	0.02023	0.01549	0.02093	0.01580	0.02428	0.01321	0.00701	0.00792	0.00231	0.01052	0.08569	0.00364	0.00855
69	0.01592	0.01529	0.02591	0.09416	0.64577	0.01575	0.01982	0.01976	0.01465	0.02091	0.01218	0.01631	0.01023	0.00615	0.00715	0.00201	0.03890	0.00586	0.00322	0.01006
70	0.01952	0.48413	0.05653	0.01334	0.01842	0.22502	0.01218	0.03984	0.04585	0.01706	0.01048	0.01180	0.00903	0.00618	0.00495	0.00157	0.00842	0.00401	0.00324	0.00843
71	0.00790	0.00671	0.00684	0.00691	0.00910	0.00565	0.00525	0.00963	0.01501	0.01787	0.06531	0.06383	0.69504	0.01674	0.00784	0.00226	0.00345	0.04299	0.00611	0.00558
72	0.02954	0.01120	0.01528	0.01171	0.01681	0.00968	0.00968	0.03208	0.01884	0.73213	0.02597	0.02241	0.01630	0.00815	0.00662	0.00204	0.00560	0.00662	0.00815	0.01120
73	0.00957	0.00638	0.00718	0.00718	0.00718	0.00638	0.00399	0.00957	0.00957	0.01276	0.02074	0.04308	0.02393	0.76864	0.03351	0.00638	0.00638	0.00957	0.00399	0.00399
74	0.02237	0.00965	0.01279	0.01034	0.01429	0.00840	0.00834	0.02494	0.01835	0.48728	0.19026	0.03332	0.10969	0.01036	0.00702	0.00207	0.00477	0.00868	0.00770	0.00940
75	0.00807	0.00575	0.00763	0.00911	0.00948	0.00538	0.00605	0.00918	0.01251	0.01668	0.03582	0.74283	0.04296	0.04294	0.00915	0.00278	0.00390	0.01844	0.00605	0.00531
76	0.01760	0.77260	0.03450	0.01126	0.01690	0.02605	0.01126	0.01971	0.01338	0.01549	0.00915	0.01056	0.00845	0.00563	0.00422	0.00141	0.00704	0.00352	0.00282	0.00845
77	0.01416	0.01169	0.01370	0.00981	0.01564	0.00880	0.00786	0.01707	0.01382	0.04408	0.01216	0.01393	0.00996	0.00498	0.00493	0.00101	0.00490	0.00399	0.00404	0.78348
78	0.01783	0.74790	0.03397	0.01145	0.01701	0.04992	0.01131	0.01993	0.01355	0.01551	0.00919	0.01060	0.00845	0.00567	0.00428	0.00142	0.00720	0.00354	0.00284	0.00842
79	0.65147	0.01659	0.01154	0.01038	0.01431	0.16538	0.00829	0.02079	0.01275	0.02676	0.00938	0.01094	0.00741	0.00625	0.00446	0.00197	0.00650	0.00370	0.00393	0.00723
80	0.00940	0.00705	0.01058	0.01058	0.01176	0.00823	0.00823	0.01176	0.01058	0.01528	0.01763	0.02586	0.01646	0.04937	0.74255	0.01058	0.01763	0.00705	0.00353	0.00588
81	0.01144	0.00572	0.00858	0.00858	0.00858	0.00572	0.00572	0.00858	0.00858	0.01144	0.01144	0.02001	0.01144	0.02287	0.02573	0.80846	0.00572	0.00572	0.00286	0.00286
82	0.00778	0.00667	0.00667	0.00667	0.00889	0.00556	0.00500	0.00945	0.01501	0.01778	0.06669	0.06336	0.72490	0.01667	0.00778	0.00222	0.00333	0.01389	0.00611	0.00556
83	0.01320	0.03405	0.73453	0.01876	0.02849	0.01529	0.02432	0.02085	0.01390	0.02085	0.01181	0.01390	0.00834	0.00625	0.00625	0.00208	0.00973	0.00486	0.00278	0.00973
84	0.00804	0.00588	0.00757	0.00883	0.00948	0.00541	0.00598	0.00933	0.01313	0.01730	0.06712	0.65224	0.12575	0.01987	0.00830	0.00260	0.00373	0.01787	0.00616	0.00541
85	0.00858	0.00654	0.00734	0.00736	0.00914	0.00576	0.00544	0.01071	0.01569	0.02064	0.24705	0.13283	0.40844	0.01551	0.00760	0.00218	0.00330	0.01327	0.06685	0.00576
86	0.04023	0.01736	0.07749	0.04078	0.02727	0.01597	0.34334	0.12154	0.09798	0.12471	0.01673	0.01845	0.01198	0.00673	0.00708	0.00215	0.00878	0.00694	0.00483	0.00968
87	0.01146	0.00968	0.01171	0.01135	0.01291	0.07142	0.00882	0.04658	0.01226	0.01662	0.01691	0.02418	0.01552	0.04373	0.64410	0.00941	0.01664	0.00676	0.00366	0.00628
88	0.01730	0.09386	0.01943	0.01541	0.04981	0.22873	0.08617	0.09728	0.01773	0.02086	0.06279	0.09217	0.11759	0.00961	0.00662	0.00192	0.00782	0.00796	0.00457	0.04236
89	0.01488	0.01540	0.06423	0.24248	0.28750	0.03428	0.06512	0.04764	0.04521	0.02069	0.01447	0.06611	0.01235	0.00726	0.00667	0.00207	0.00805	0.00675	0.00364	0.03520
90	0.04583	0.10507	0.22521	0.01622	0.06469	0.07108	0.01517	0.15233	0.03642	0.04146	0.04347	0.01577	0.01200	0.00691	0.00633	0.00184	0.02690	0.00521	0.00420	0.10389

[dist]
# distance from previous block
# <min> <max>
0	10

[block]
# block no. 3 follows, 33 sequences, length 50
# corresponding to MSA columns:
# 206-255
name=unknown_D
#
# <colnr> <probs for GDERKNQSTAVLIFYWHMCP>
#	G	D	E	R	K	N	Q	S	T	A	V	L	I	F	Y	W	H	M	C	P
0	0.01214	0.01402	0.10614	0.01197	0.03800	0.10236	0.00991	0.01607	0.05266	0.02194	0.28983	0.12831	0.11993	0.01226	0.00721	0.00211	0.00549	0.01047	0.03216	0.00703
1	0.63564	0.09306	0.01333	0.00995	0.01410	0.10574	0.00824	0.02025	0.01235	0.02644	0.00929	0.01083	0.00743	0.00614	0.00432	0.00193	0.00613	0.00364	0.00386	0.00733
2	0.01431	0.10285	0.01631	0.01269	0.03728	0.07865	0.00991	0.05174	0.07146	0.01923	0.01560	0.02071	0.01380	0.02302	0.28398	0.00501	0.03025	0.02666	0.00397	0.16257
3	0.01498	0.01443	0.02482	0.19969	0.50293	0.01499	0.05447	0.01897	0.01461	0.02025	0.01485	0.01888	0.04385	0.00652	0.00666	0.00204	0.00799	0.00634	0.00332	0.00941
4	0.00931	0.00627	0.00726	0.00751	0.00758	0.00621	0.00435	0.00951	0.01008	0.01344	0.02335	0.16429	0.02723	0.64294	0.02929	0.00576	0.00595	0.01111	0.00435	0.00422
5	0.02459	0.03138	0.01866	0.01696	0.02035	0.74221	0.01272	0.02629	0.01866	0.01611	0.01018	0.01187	0.00848	0.00678	0.00594	0.00170	0.01187	0.00424	0.00339	0.00763
6	0.01440	0.01440	0.02016	0.01728	0.01728	0.02016	0.01440	0.01584	0.01008	0.01584	0.00864	0.01440	0.00864	0.01152	0.02160	0.00288	0.75659	0.00576	0.00288	0.00720
7	0.01666	0.01428	0.01505	0.01346	0.01723	0.01651	0.01049	0.05720	0.69299	0.02800	0.02643	0.02427	0.01980	0.00890	0.00669	0.00222	0.00528	0.00739	0.00669	0.01045
8	0.01061	0.00758	0.01061	0.01212	0.01364	0.00758	0.01061	0.01364	0.01515	0.01970	0.03486	0.07426	0.03789	0.01819	0.00909	0.00303	0.00606	0.68326	0.00606	0.00606
9	0.00840	0.00668	0.00774	0.00779	0.00959	0.00602	0.00586	0.01046	0.01520	0.01947	0.20718	0.11195	0.42971	0.01954	0.08067	0.00308	0.00482	0.03402	0.00611	0.00574
10	0.01243	0.01170	0.01975	0.75282	0.04534	0.01463	0.01828	0.01682	0.01316	0.01682	0.01170	0.01755	0.00878	0.00658	0.00658	0.00219	0.00878	0.00585	0.00293	0.00731
11	0.00874	0.00671	0.00800	0.00768	0.00948	0.00597	0.00576	0.01131	0.01727	0.02316	0.47706	0.05450	0.31117	0.01467	0.00777	0.00213	0.00319	0.01265	0.00682	0.00597
12	0.01629	0.01564	0.02672	0.04041	0.72757	0.01564	0.02020	0.02020	0.01499	0.02151	0.01238	0.01629	0.01043	0.00587	0.00652	0.00196	0.00782	0.00587	0.00326	0.01043
13	0.01838	0.68960	0.03272	0.01190	0.01728	0.10624	0.01143	0.02045	0.01397	0.01556	0.00927	0.01071	0.00845	0.00576	0.00442	0.00144	0.00758	0.00360	0.00288	0.00836
14	0.01935	0.01136	0.01404	0.01038	0.01584	0.00901	0.00841	0.02210	0.01561	0.28433	0.01865	0.01840	0.03391	0.00645	0.00561	0.00141	0.00510	0.00521	0.00554	0.48928
15	0.01792	0.03733	0.10967	0.04004	0.12863	0.05169	0.06545	0.04575	0.15342	0.15090	0.09208	0.02314	0.03822	0.00811	0.00671	0.00206	0.00699	0.00702	0.00533	0.00953
16	0.01604	0.01503	0.02586	0.11980	0.54376	0.01511	0.06940	0.02004	0.01486	0.04094	0.01272	0.01659	0.01034	0.00594	0.00654	0.00196	0.00797	0.00593	0.00339	0.04777
17	0.02306	0.01746	0.01865	0.01475	0.01967	0.01950	0.01204	0.55326	0.18651	0.03832	0.01830	0.01779	0.01322	0.00814	0.00661	0.00203	0.00678	0.00627	0.00661	0.01102
18	0.00822	0.00594	0.00778	0.00890	0.00956	0.00550	0.00607	0.00970	0.01369	0.01839	0.14789	0.61519	0.08021	0.01928	0.00827	0.00255	0.00368	0.01739	0.00629	0.00550
19	0.03619	0.08954	0.48714	0.01770	0.06111	0.01535	0.01985	0.02128	0.01417	0.08514	0.01275	0.01443	0.00925	0.00639	0.00639	0.00196	0.02827	0.00489	0.00341	0.06478
20	0.00957	0.00638	0.00718	0.00718	0.00718	0.00638	0.00399	0.00957	0.00957	0.01276	0.02074	0.04308	0.02393	0.76864	0.03351	0.00638	0.00638	0.00957	0.00399	0.00399
21	0.00940	0.00705	0.01058	0.01058	0.01176	0.00823	0.00823	0.01176	0.01058	0.01528	0.01763	0.02586	0.01646	0.04937	0.74255	0.01058	0.01763	0.00705	0.00353	0.00588
22	0.01528	0.01917	0.11984	0.04518	0.06686	0.01636	0.51368	0.02203	0.07192	0.02149	0.01414	0.01776	0.01060	0.00595	0.00741	0.00219	0.01023	0.00725	0.00352	0.00914
23	0.02459	0.03138	0.01866	0.01696	0.02035	0.74221	0.01272	0.02629	0.01866	0.01611	0.01018	0.01187	0.00848	0.00678	0.00594	0.00170	0.01187	0.00424	0.00339	0.00763
24	0.00932	0.00673	0.00880	0.00828	0.00984	0.00621	0.00621	0.01242	0.01863	0.02640	0.72410	0.04918	0.06212	0.01346	0.00776	0.00207	0.00311	0.01191	0.00725	0.00621
25	0.00802	0.00573	0.00764	0.00917	0.00955	0.00535	0.00611	0.00917	0.01260	0.01681	0.03628	0.76434	0.04354	0.02062	0.00840	0.00267	0.00382	0.01872	0.00611	0.00535
26	0.81514	0.01273	0.00968	0.00866	0.01273	0.01477	0.00713	0.01935	0.01120	0.02954	0.00917	0.01069	0.00713	0.00611	0.00407	0.00204	0.00509	0.00356	0.00407	0.00713
27	0.01042	0.00749	0.01037	0.01183	0.01333	0.00743	0.01026	0.01334	0.01507	0.01954	0.03610	0.09533	0.06397	0.01820	0.00902	0.00299	0.00589	0.63733	0.00607	0.00602
28	0.01689	0.05318	0.02577	0.03361	0.53254	0.01683	0.03816	0.07213	0.06528	0.02282	0.01333	0.01650	0.01096	0.00651	0.00724	0.00200	0.04646	0.00592	0.00371	0.01017
29	0.00861	0.00644	0.00804	0.00890	0.00989	0.00607	0.00619	0.01102	0.05026	0.01889	0.13983	0.52244	0.14211	0.01842	0.00813	0.00250	0.00372	0.01646	0.00631	0.00577
30	0.00861	0.00684	0.00847	0.00891	0.00999	0.00670	0.00643	0.01020	0.01393	0.01825	0.13063	0.39208	0.25931	0.01774	0.00917	0.00247	0.06330	0.01530	0.00600	0.00567
31	0.01377	0.18185	0.12550	0.30560	0.11051	0.01650	0.03968	0.01782	0.01366	0.01783	0.01517	0.05623	0.04457	0.00742	0.00620	0.00201	0.00799	0.00631	0.00325	0.00813
32	0.01510	0.01250	0.01672	0.03970	0.21738	0.01314	0.01220	0.04474	0.25562	0.05826	0.15170	0.02952	0.08620	0.00943	0.00693	0.00211	0.00558	0.00824	0.00573	0.00921
33	0.02282	0.05375	0.01950	0.01466	0.01922	0.05770	0.01200	0.52836	0.06538	0.03533	0.01569	0.01718	0.01194	0.04734	0.00862	0.00222	0.04613	0.00599	0.00592	0.01026
34	0.01360	0.17906	0.36416	0.01717	0.09267	0.01562	0.01736	0.01876	0.01491	0.02099	0.16270	0.02095	0.02000	0.00762	0.00618	0.00193	0.00757	0.00618	0.00378	0.00879
35	0.01543	0.01468	0.01925	0.01651	0.01703	0.05461	0.01365	0.01702	0.01140	0.05350	0.04664	0.01649	0.01180	0.01121	0.01934	0.00274	0.64188	0.00605	0.00340	0.00738
36	0.01769	0.02361	0.39217	0.01529	0.02286	0.01313	0.01718	0.04281	0.05187	0.19274	0.01609	0.01651	0.01116	0.00668	0.00616	0.00191	0.00768	0.00530	0.00455	0.13463
37	0.02392	0.02853	0.01882	0.01770	0.05507	0.61417	0.01288	0.05852	0.05512	0.03832	0.01185	0.01323	0.00953	0.00694	0.00605	0.00176	0.01093	0.00463	0.00384	0.00818
38	0.14611	0.01218	0.01419	0.01128	0.01587	0.04650	0.00915	0.02872	0.01721	0.55406	0.02240	0.02120	0.01493	0.04716	0.00760	0.00225	0.00588	0.00620	0.00709	0.01004
39	0.01629	0.01564	0.02672	0.04041	0.72757	0.01564	0.02020	0.02020	0.01499	0.02151	0.01238	0.01629	0.01043	0.00587	0.00652	0.00196	0.00782	0.00587	0.00326	0.01043
40	0.00957	0.00638	0.00718	0.00718	0.00718	0.00638	0.00399	0.00957	0.00957	0.01276	0.02074	0.04308	0.02393	0.76864	0.03351	0.00638	0.00638	0.00957	0.00399	0.00399
41	0.01637	0.01414	0.01489	0.01340	0.01712	0.01637	0.01042	0.03498	0.71568	0.02754	0.02679	0.02456	0.02010	0.00893	0.00670	0.00223	0.00521	0.00744	0.00670	0.01042
42	0.01102	0.01044	0.00959	0.01046	0.01148	0.13942	0.00726	0.01230	0.01383	0.01673	0.03311	0.59114	0.07245	0.01790	0.00792	0.00247	0.00526	0.01583	0.00562	0.00577
43	0.00940	0.00705	0.01058	0.01058	0.01176	0.00823	0.00823	0.01176	0.01058	0.01528	0.01763	0.02586	0.01646	0.04937	0.74255	0.01058	0.01763	0.00705	0.00353	0.00588
44	0.00957	0.00638	0.00718	0.00718	0.00718	0.00638	0.00399	0.00957	0.00957	0.01276	0.02074	0.04308	0.02393	0.76864	0.03351	0.00638	0.00638	0.00957	0.00399	0.00399
45	0.00830	0.00591	0.00783	0.00917	0.00965	0.00556	0.00624	0.00959	0.01289	0.01724	0.07102	0.65422	0.04320	0.05883	0.00970	0.00285	0.00403	0.05233	0.00606	0.00536
46	0.59460	0.01341	0.01193	0.01004	0.01442	0.01498	0.00828	0.12573	0.01519	0.12074	0.01232	0.01296	0.00892	0.00664	0.00478	0.00203	0.00549	0.00431	0.00498	0.00827
47	0.00940	0.00705	0.01058	0.01058	0.01176	0.00823	0.00823	0.01176	0.01058	0.01528	0.01763	0.02586	0.01646	0.04937	0.74255	0.01058	0.01763	0.00705	0.00353	0.00588
48	0.26164	0.13221	0.10016	0.01477	0.09261	0.03445	0.03494	0.01895	0.01306	0.02249	0.01094	0.01330	0.00898	0.00801	0.04322	0.00216	0.00720	0.00436	0.00354	0.17301
49	0.01409	0.03912	0.08533	0.01396	0.08815	0.07718	0.01056	0.01748	0.03447	0.09270	0.21128	0.11985	0.12536	0.01148	0.00706	0.00207	0.00567	0.00980	0.00558	0.02879

[dist]
# distance from previous block
# <min> <max>
1	8

[block]
# block no. 4 follows, 33 sequences, length 59
# corresponding to MSA columns:
# 264-322
name=unknown_E
#
# <colnr> <probs for GDERKNQSTAVLIFYWHMCP>
#	G	D	E	R	K	N	Q	S	T	A	V	L	I	F	Y	W	H	M	C	P
0	0.04470	0.24123	0.21471	0.01579	0.04495	0.03460	0.07074	0.07531	0.01574	0.08677	0.01658	0.01769	0.06138	0.00720	0.00625	0.00190	0.02584	0.00561	0.00395	0.00906
1	0.08216	0.06686	0.11812	0.01439	0.01957	0.17416	0.01291	0.20726	0.01949	0.05881	0.03120	0.01483	0.01101	0.00708	0.00646	0.00182	0.03689	0.00502	0.00456	0.10741
2	0.01433	0.01244	0.03560	0.30343	0.09728	0.01347	0.01399	0.12350	0.06569	0.02258	0.09361	0.07294	0.01860	0.00992	0.00838	0.06738	0.00700	0.00750	0.00448	0.00789
3	0.05937	0.00989	0.01238	0.17628	0.01892	0.03805	0.00945	0.06545	0.01355	0.04449	0.03868	0.16901	0.02007	0.11618	0.01387	0.14790	0.00633	0.00883	0.00439	0.02690
4	0.04265	0.01823	0.01890	0.01639	0.06919	0.09614	0.01241	0.42459	0.09057	0.11860	0.01705	0.01691	0.01220	0.00772	0.00647	0.00198	0.00735	0.00591	0.00615	0.01059
5	0.04344	0.01288	0.01998	0.14820	0.08705	0.01376	0.14831	0.02238	0.17298	0.06320	0.02071	0.02388	0.04970	0.00804	0.00706	0.00215	0.02635	0.02852	0.09285	0.00856
6	0.01343	0.03247	0.66698	0.01964	0.02907	0.01542	0.09029	0.02087	0.01406	0.02087	0.01196	0.01427	0.00850	0.00619	0.00640	0.00210	0.00986	0.00515	0.00283	0.00965
7	0.60309	0.01367	0.01175	0.01004	0.01419	0.01563	0.00819	0.15472	0.03870	0.03121	0.01149	0.01336	0.00898	0.03453	0.00574	0.00219	0.00557	0.00438	0.00465	0.00793
8	0.00871	0.00651	0.00812	0.00837	0.00977	0.00592	0.00617	0.01097	0.01603	0.02153	0.35341	0.23780	0.20937	0.01633	0.00801	0.00232	0.00352	0.05468	0.00662	0.00583
9	0.00811	0.00588	0.00767	0.00892	0.00953	0.00543	0.00604	0.00946	0.01328	0.01768	0.09653	0.65536	0.09228	0.01975	0.00831	0.00259	0.00373	0.01781	0.00621	0.00543
10	0.01320	0.03405	0.73453	0.01876	0.02849	0.01529	0.02432	0.02085	0.01390	0.02085	0.01181	0.01390	0.00834	0.00625	0.00625	0.00208	0.00973	0.00486	0.00278	0.00973
11	0.00803	0.00584	0.00758	0.00892	0.00950	0.00539	0.00602	0.00928	0.01298	0.01715	0.05748	0.68277	0.10464	0.02008	0.00833	0.00262	0.00376	0.01810	0.00614	0.00539
12	0.01590	0.01321	0.01387	0.01255	0.01602	0.01518	0.00974	0.03270	0.63404	0.02719	0.02618	0.02456	0.01972	0.00878	0.00645	0.00215	0.00496	0.00729	0.09958	0.00992
13	0.01440	0.01440	0.02016	0.01728	0.01728	0.02016	0.01440	0.01584	0.01008	0.01584	0.00864	0.01440	0.00864	0.01152	0.02160	0.00288	0.75659	0.00576	0.00288	0.00720
14	0.02459	0.03138	0.01866	0.01696	0.02035	0.74221	0.01272	0.02629	0.01866	0.01611	0.01018	0.01187	0.00848	0.00678	0.00594	0.00170	0.01187	0.00424	0.00339	0.00763
15	0.01134	0.00578	0.00867	0.00867	0.00873	0.00584	0.00584	0.00873	0.00867	0.01162	0.01174	0.02030	0.01168	0.02417	0.06093	0.76928	0.00630	0.00578	0.00289	0.00301
16	0.81514	0.01273	0.00968	0.00866	0.01273	0.01477	0.00713	0.01935	0.01120	0.02954	0.00917	0.01069	0.00713	0.00611	0.00407	0.00204	0.00509	0.00356	0.00407	0.00713
17	0.01637	0.01414	0.01489	0.01340	0.01712	0.01637	0.01042	0.03498	0.71568	0.02754	0.02679	0.02456	0.02010	0.00893	0.00670	0.00223	0.00521	0.00744	0.00670	0.01042
18	0.01320	0.03405	0.73453	0.01876	0.02849	0.01529	0.02432	0.02085	0.01390	0.02085	0.01181	0.01390	0.00834	0.00625	0.00625	0.00208	0.00973	0.00486	0.00278	0.00973
19	0.02143	0.28620	0.02439	0.01538	0.04491	0.32627	0.01232	0.11561	0.05947	0.02018	0.01164	0.01286	0.00959	0.00663	0.00549	0.00167	0.00903	0.00446	0.00381	0.00866
20	0.01734	0.72869	0.07611	0.01171	0.01759	0.02541	0.01204	0.01978	0.01341	0.01581	0.00931	0.01076	0.00844	0.00567	0.00434	0.00145	0.00720	0.00360	0.00281	0.00852
21	0.01885	0.01291	0.04275	0.01202	0.04191	0.01013	0.00966	0.05705	0.01609	0.22525	0.01601	0.01636	0.01166	0.00605	0.00557	0.00141	0.00550	0.00489	0.00519	0.48072
22	0.03786	0.41712	0.16530	0.01395	0.01987	0.16595	0.01400	0.04802	0.01528	0.03420	0.01051	0.01194	0.00869	0.00614	0.00510	0.00165	0.00845	0.00409	0.00322	0.00867
23	0.00957	0.00638	0.00718	0.00718	0.00718	0.00638	0.00399	0.00957	0.00957	0.01276	0.02074	0.04308	0.02393	0.76864	0.03351	0.00638	0.00638	0.00957	0.00399	0.00399
24	0.01808	0.01587	0.04085	0.04982	0.21933	0.01697	0.12551	0.11531	0.01632	0.09728	0.01342	0.01660	0.01051	0.00785	0.01067	0.00226	0.20362	0.00621	0.00412	0.00940
25	0.00940	0.00705	0.01058	0.01058	0.01176	0.00823	0.00823	0.01176	0.01058	0.01528	0.01763	0.02586	0.01646	0.04937	0.74255	0.01058	0.01763	0.00705	0.00353	0.00588
26	0.01440	0.01440	0.02016	0.01728	0.01728	0.02016	0.01440	0.01584	0.01008	0.01584	0.00864	0.01440	0.00864	0.01152	0.02160	0.00288	0.75659	0.00576	0.00288	0.00720
27	0.02277	0.02755	0.01782	0.01617	0.01963	0.58108	0.01221	0.02822	0.17339	0.01865	0.01387	0.01469	0.01106	0.00726	0.00611	0.00182	0.01039	0.00495	0.00413	0.00825
28	0.81514	0.01273	0.00968	0.00866	0.01273	0.01477	0.00713	0.01935	0.01120	0.02954	0.00917	0.01069	0.00713	0.00611	0.00407	0.00204	0.00509	0.00356	0.00407	0.00713
29	0.02419	0.07377	0.01956	0.01663	0.02015	0.70125	0.01264	0.02591	0.01835	0.01608	0.01012	0.01180	0.00848	0.00672	0.00584	0.00168	0.01160	0.00420	0.00336	0.00768
30	0.01839	0.18932	0.19659	0.01437	0.02023	0.01717	0.03591	0.09959	0.14840	0.12396	0.01652	0.01705	0.01226	0.00800	0.00713	0.04806	0.00722	0.00556	0.00473	0.00952
31	0.01674	0.10234	0.24492	0.02580	0.26047	0.05792	0.10816	0.02160	0.01502	0.06731	0.01276	0.01529	0.00980	0.00612	0.00633	0.00196	0.00883	0.00551	0.00341	0.00969
32	0.01381	0.01184	0.01372	0.00996	0.01569	0.00921	0.00795	0.01763	0.05380	0.02180	0.01256	0.01428	0.01034	0.00511	0.00498	0.00105	0.00489	0.00410	0.00406	0.76322
33	0.01544	0.01766	0.05846	0.02676	0.08048	0.01607	0.56828	0.02128	0.04161	0.02137	0.01362	0.01755	0.01033	0.00568	0.00743	0.00213	0.01025	0.00731	0.00347	0.05482
34	0.81514	0.01273	0.00968	0.00866	0.01273	0.01477	0.00713	0.01935	0.01120	0.02954	0.00917	0.01069	0.00713	0.00611	0.00407	0.00204	0.00509	0.00356	0.00407	0.00713
