[name]
unknown

[dist]
# distance from previous block
# <min> <max>
0	3

[block]
# block no. 0 follows, 32 sequences, length 7
# corresponding to MSA columns:
# 3-9
name=unknown_A
#
# <colnr> <probs for GDERKNQSTAVLIFYWHMCP>
#	G	D	E	R	K	N	Q	S	T	A	V	L	I	F	Y	W	H	M	C	P
0	0.02045	0.01709	0.01827	0.01486	0.01952	0.07468	0.04199	0.32731	0.18279	0.03182	0.01929	0.02275	0.01537	0.00864	0.00676	0.00204	0.00708	0.06316	0.00598	0.10014
1	0.00941	0.00691	0.00831	0.00841	0.00987	0.00648	0.00614	0.01214	0.03948	0.02151	0.29390	0.17453	0.19807	0.08630	0.01038	0.00270	0.00390	0.05027	0.04535	0.00595
2	0.00955	0.00632	0.00749	0.00792	0.00873	0.00603	0.00530	0.01109	0.01333	0.01895	0.13489	0.27571	0.08825	0.21920	0.01468	0.00342	0.00432	0.01286	0.14658	0.00536
3	0.01619	0.01381	0.01941	0.51624	0.06615	0.06527	0.01655	0.07720	0.01592	0.07680	0.01378	0.01797	0.01015	0.00698	0.00658	0.00213	0.00850	0.00593	0.03625	0.00821
4	0.11742	0.01085	0.01261	0.06954	0.01646	0.01105	0.00896	0.04840	0.12543	0.16761	0.15634	0.03236	0.13735	0.01027	0.00675	0.00210	0.00503	0.00845	0.00634	0.04666
5	0.08958	0.01374	0.01449	0.01186	0.01609	0.05954	0.00953	0.15625	0.09761	0.24618	0.06064	0.02149	0.01717	0.00817	0.00620	0.00195	0.00584	0.00640	0.10869	0.04859
6	0.02064	0.01424	0.01759	0.06501	0.02053	0.01452	0.04252	0.21085	0.15173	0.16857	0.04942	0.02042	0.01590	0.00779	0.00654	0.00192	0.00633	0.00645	0.00618	0.15285

[dist]
# distance from previous block
# <min> <max>
5	35

[block]
# block no. 1 follows, 32 sequences, length 11
# corresponding to MSA columns:
# 45-55
name=unknown_B
#
# <colnr> <probs for GDERKNQSTAVLIFYWHMCP>
#	G	D	E	R	K	N	Q	S	T	A	V	L	I	F	Y	W	H	M	C	P
0	0.01980	0.01462	0.01820	0.04206	0.07534	0.05641	0.06313	0.16562	0.10143	0.15632	0.08489	0.02531	0.04613	0.03291	0.00777	0.00219	0.00678	0.02010	0.00597	0.05504
1	0.01554	0.01047	0.01274	0.03624	0.03168	0.01062	0.00881	0.13104	0.05800	0.10299	0.07552	0.07130	0.05606	0.19668	0.03645	0.00352	0.00633	0.07602	0.00574	0.05425
2	0.01295	0.00993	0.01396	0.02749	0.01498	0.00998	0.07500	0.06480	0.05506	0.05515	0.25498	0.10227	0.07569	0.08747	0.01144	0.02459	0.03931	0.02574	0.00590	0.03331
3	0.04947	0.01562	0.01535	0.05307	0.01820	0.11574	0.01073	0.23317	0.10101	0.05405	0.11254	0.08787	0.05485	0.01055	0.00701	0.00215	0.00668	0.03712	0.00603	0.00879
4	0.01773	0.01178	0.01397	0.01101	0.01532	0.01075	0.00861	0.13911	0.04039	0.13332	0.01747	0.06233	0.01472	0.05757	0.01002	0.09000	0.00565	0.00635	0.00525	0.32867
5	0.01288	0.01001	0.01385	0.01386	0.07114	0.00995	0.06612	0.06548	0.07794	0.03823	0.09731	0.15494	0.13421	0.02955	0.00809	0.00239	0.00535	0.08810	0.09317	0.00744
6	0.01458	0.01187	0.01963	0.66732	0.04302	0.01435	0.01767	0.01885	0.01405	0.09500	0.01352	0.01843	0.00979	0.00688	0.00671	0.00222	0.00859	0.00605	0.00357	0.00789
7	0.00955	0.00649	0.00771	0.00800	0.00818	0.00650	0.00488	0.00997	0.01047	0.01402	0.02379	0.14910	0.02739	0.58688	0.07067	0.00608	0.00678	0.03465	0.00443	0.00446
8	0.00960	0.00713	0.01050	0.01050	0.01161	0.00824	0.00804	0.01180	0.01070	0.01537	0.01823	0.02778	0.01739	0.10794	0.68083	0.01044	0.01705	0.00740	0.00363	0.00584
9	0.02492	0.01703	0.01871	0.01464	0.01975	0.01853	0.01200	0.50086	0.12890	0.14483	0.01933	0.01844	0.01353	0.00825	0.00673	0.00206	0.00682	0.00637	0.00697	0.01130
10	0.02474	0.01513	0.04834	0.01383	0.01925	0.01414	0.03535	0.22041	0.09772	0.34112	0.02132	0.01987	0.01442	0.00786	0.00662	0.00200	0.00646	0.00637	0.00692	0.07814

[dist]
# distance from previous block
# <min> <max>
0	5

[block]
# block no. 2 follows, 32 sequences, length 24
# corresponding to MSA columns:
# 61-84
name=unknown_C
#
# <colnr> <probs for GDERKNQSTAVLIFYWHMCP>
#	G	D	E	R	K	N	Q	S	T	A	V	L	I	F	Y	W	H	M	C	P
0	0.10242	0.01731	0.01927	0.01801	0.10494	0.10343	0.05837	0.16878	0.17828	0.11741	0.01792	0.01814	0.01318	0.00752	0.00644	0.00205	0.00733	0.00610	0.00559	0.02755
1	0.00894	0.00659	0.00850	0.00950	0.01037	0.00624	0.00652	0.01128	0.04913	0.01881	0.10235	0.62620	0.04378	0.01913	0.00828	0.00258	0.00393	0.01727	0.00629	0.03429
2	0.02133	0.27989	0.02487	0.01580	0.05789	0.21349	0.01257	0.17625	0.09482	0.02358	0.01326	0.01419	0.01065	0.00695	0.00571	0.00177	0.00838	0.00490	0.00434	0.00935
3	0.01591	0.01558	0.02538	0.17709	0.48142	0.04066	0.05650	0.01994	0.01499	0.02076	0.01241	0.01661	0.01016	0.00607	0.00660	0.00198	0.00830	0.00590	0.00330	0.06043
4	0.01851	0.35794	0.17050	0.01653	0.06175	0.10944	0.03943	0.09282	0.03857	0.02068	0.01162	0.01322	0.00943	0.00637	0.00553	0.00176	0.00849	0.00463	0.00351	0.00926
5	0.01575	0.17862	0.32552	0.01603	0.02295	0.01639	0.07754	0.02185	0.05958	0.08237	0.10312	0.01980	0.01706	0.00745	0.00634	0.00200	0.00796	0.00617	0.00419	0.00929
6	0.00860	0.00682	0.00773	0.00750	0.00948	0.00595	0.00563	0.01093	0.01688	0.02190	0.34752	0.05837	0.43771	0.01559	0.00792	0.00220	0.00330	0.01329	0.00673	0.00595
7	0.01788	0.01428	0.01754	0.04038	0.01958	0.01565	0.06944	0.19966	0.31516	0.05532	0.02424	0.13920	0.02055	0.01033	0.00716	0.00227	0.00627	0.00897	0.00633	0.00978
8	0.01744	0.01663	0.02286	0.10611	0.21315	0.07595	0.11083	0.08660	0.20372	0.02448	0.01708	0.01910	0.01316	0.00719	0.00677	0.00210	0.00795	0.00656	0.03257	0.00973
9	0.01287	0.01213	0.02049	0.71193	0.08078	0.01496	0.01873	0.01732	0.01351	0.01739	0.01196	0.01782	0.00903	0.00667	0.00671	0.00222	0.00889	0.00596	0.00300	0.00762
10	0.00909	0.00684	0.00840	0.00801	0.00977	0.00616	0.00601	0.01187	0.01803	0.02462	0.54930	0.05389	0.23423	0.01457	0.00792	0.00215	0.00323	0.01266	0.00709	0.00616
11	0.05731	0.00954	0.01037	0.00912	0.01210	0.00921	0.00715	0.12883	0.01891	0.08098	0.19064	0.04708	0.36625	0.01351	0.00742	0.00216	0.00430	0.01120	0.00661	0.00732
12	0.01904	0.62067	0.05222	0.01270	0.01816	0.14845	0.01212	0.02128	0.01457	0.01605	0.00959	0.01109	0.00861	0.00596	0.00466	0.00151	0.00810	0.00375	0.00297	0.00851
13	0.00933	0.00685	0.00874	0.00827	0.00992	0.00626	0.00620	0.01235	0.01861	0.02599	0.65072	0.05163	0.13195	0.01406	0.00792	0.00213	0.00319	0.01235	0.00727	0.00626
14	0.00827	0.00676	0.00730	0.00728	0.00930	0.00579	0.00542	0.01024	0.01593	0.01989	0.20091	0.09969	0.54683	0.01654	0.00796	0.00226	0.00338	0.01401	0.00647	0.00579
15	0.01638	0.01554	0.02554	0.08124	0.60755	0.01596	0.01943	0.02196	0.08785	0.02227	0.01412	0.01757	0.01156	0.00635	0.00667	0.00204	0.00775	0.00615	0.00367	0.01043
16	0.02751	0.01525	0.01717	0.01431	0.04411	0.08854	0.01115	0.15365	0.05916	0.46342	0.02243	0.02038	0.01482	0.00807	0.00667	0.00204	0.00674	0.00638	0.00724	0.01096
17	0.00975	0.00654	0.00747	0.00747	0.00753	0.00659	0.00426	0.00986	0.00980	0.01313	0.02100	0.04312	0.02405	0.73214	0.06573	0.00670	0.00702	0.00964	0.00404	0.00415
18	0.08976	0.49449	0.02851	0.01271	0.01784	0.16088	0.01151	0.08175	0.01606	0.01952	0.01013	0.01151	0.00875	0.00621	0.00484	0.00160	0.00796	0.00395	0.00344	0.00858
19	0.01747	0.01664	0.02487	0.14590	0.50008	0.06224	0.01899	0.09151	0.01693	0.02296	0.01274	0.01647	0.01032	0.00637	0.00662	0.00202	0.00832	0.00588	0.00363	0.01004
20	0.04507	0.01678	0.01842	0.01553	0.01979	0.08137	0.08283	0.10318	0.48054	0.02792	0.02257	0.02173	0.01694	0.00834	0.00677	0.00219	0.00676	0.00703	0.00607	0.01017
21	0.06420	0.04080	0.01580	0.01313	0.01691	0.17928	0.01023	0.13374	0.09885	0.13105	0.02068	0.15513	0.01834	0.00998	0.00659	0.00204	0.00703	0.00801	0.00568	0.06254
22	0.02464	0.01298	0.01751	0.01683	0.12968	0.01221	0.01166	0.06937	0.10079	0.42812	0.02245	0.02091	0.01521	0.00772	0.00658	0.00199	0.00606	0.00644	0.00685	0.08200
23	0.07479	0.13755	0.02047	0.01374	0.01874	0.10135	0.01148	0.28816	0.06299	0.18089	0.01682	0.01643	0.01203	0.00755	0.00610	0.00192	0.00727	0.00554	0.00591	0.01024

[dist]
# distance from previous block
# <min> <max>
0	8

[block]
# block no. 3 follows, 32 sequences, length 60
# corresponding to MSA columns:
# 93-152
name=unknown_D
#
# <colnr> <probs for GDERKNQSTAVLIFYWHMCP>
#	G	D	E	R	K	N	Q	S	T	A	V	L	I	F	Y	W	H	M	C	P
0	0.02436	0.01429	0.02020	0.01946	0.15475	0.01406	0.06008	0.14126	0.09214	0.35552	0.02127	0.02042	0.01455	0.00772	0.00681	0.00208	0.00677	0.00665	0.00659	0.01102
1	0.01738	0.16393	0.22376	0.01853	0.02525	0.10428	0.17253	0.07403	0.06324	0.02179	0.01302	0.01505	0.01001	0.00641	0.00630	0.00193	0.00927	0.00552	0.00366	0.04412
2	0.00858	0.00682	0.00769	0.00747	0.00946	0.00594	0.00561	0.01088	0.01682	0.02174	0.33607	0.05862	0.44925	0.01564	0.00792	0.00220	0.00330	0.01333	0.00671	0.00594
3	0.01962	0.01827	0.04379	0.01471	0.01906	0.10204	0.01193	0.19020	0.44342	0.02979	0.02212	0.02101	0.01651	0.00850	0.00669	0.00214	0.00677	0.00674	0.00625	0.01045
4	0.05677	0.01867	0.16470	0.01371	0.01925	0.07862	0.01294	0.10090	0.03672	0.17066	0.01870	0.07727	0.01530	0.00857	0.00643	0.00196	0.00708	0.03825	0.00528	0.14823
5	0.01730	0.19493	0.21023	0.02335	0.20750	0.06747	0.07867	0.04082	0.03667	0.04405	0.01265	0.01491	0.00996	0.00629	0.00612	0.00192	0.00870	0.00530	0.00347	0.00969
6	0.01968	0.01523	0.01636	0.01395	0.01821	0.01718	0.01107	0.19118	0.50333	0.07974	0.02463	0.02279	0.01809	0.00880	0.00679	0.00220	0.00582	0.00717	0.00690	0.01086
7	0.01542	0.01293	0.01916	0.01567	0.01891	0.01382	0.14790	0.15749	0.07652	0.04198	0.09928	0.17416	0.02471	0.01410	0.05682	0.00291	0.08444	0.00998	0.00548	0.00830
8	0.00975	0.00654	0.00747	0.00747	0.00752	0.00659	0.00425	0.00985	0.00980	0.01312	0.02100	0.04314	0.02406	0.73300	0.06488	0.00669	0.00701	0.00965	0.00405	0.00415
9	0.02079	0.01667	0.02171	0.01830	0.05369	0.07123	0.08346	0.16824	0.01794	0.15124	0.01436	0.01671	0.01100	0.00907	0.01260	0.00238	0.29031	0.00617	0.00483	0.00932
10	0.01661	0.01594	0.02724	0.04119	0.72233	0.01594	0.02059	0.02059	0.01528	0.02192	0.01262	0.01661	0.01063	0.00598	0.00664	0.00199	0.00797	0.00598	0.00332	0.01063
11	0.01794	0.76823	0.03516	0.01148	0.01722	0.02655	0.01148	0.02009	0.01363	0.01579	0.00933	0.01076	0.00861	0.00574	0.00431	0.00144	0.00718	0.00359	0.00287	0.00861
12	0.00818	0.00584	0.00779	0.00934	0.00973	0.00545	0.00623	0.00934	0.01285	0.01713	0.03698	0.75981	0.04438	0.02102	0.00856	0.00273	0.00389	0.01908	0.00623	0.00545
13	0.72709	0.01405	0.01113	0.01037	0.03457	0.04463	0.00810	0.04515	0.01258	0.02976	0.00973	0.01131	0.00758	0.00632	0.00440	0.00206	0.00563	0.00382	0.00419	0.00754
14	0.00818	0.00584	0.00779	0.00934	0.00973	0.00545	0.00623	0.00934	0.01285	0.01713	0.03698	0.75981	0.04438	0.02102	0.00856	0.00273	0.00389	0.01908	0.00623	0.00545
15	0.01794	0.76823	0.03516	0.01148	0.01722	0.02655	0.01148	0.02009	0.01363	0.01579	0.00933	0.01076	0.00861	0.00574	0.00431	0.00144	0.00718	0.00359	0.00287	0.00861
16	0.02551	0.01879	0.02014	0.01544	0.02081	0.02081	0.01275	0.69996	0.03155	0.04229	0.01611	0.01611	0.01141	0.00805	0.00671	0.00201	0.00738	0.00604	0.00671	0.01141
17	0.00818	0.00584	0.00779	0.00934	0.00973	0.00545	0.00623	0.00934	0.01285	0.01713	0.03698	0.75981	0.04438	0.02102	0.00856	0.00273	0.00389	0.01908	0.00623	0.00545
18	0.01794	0.76823	0.03516	0.01148	0.01722	0.02655	0.01148	0.02009	0.01363	0.01579	0.00933	0.01076	0.00861	0.00574	0.00431	0.00144	0.00718	0.00359	0.00287	0.00861
19	0.01554	0.01323	0.01418	0.01295	0.01634	0.01511	0.00998	0.03205	0.60822	0.02722	0.08177	0.07780	0.02547	0.01029	0.00703	0.00229	0.00505	0.00873	0.00683	0.00993
20	0.00950	0.00686	0.00897	0.00844	0.01002	0.00633	0.00633	0.01266	0.01899	0.02691	0.71879	0.05012	0.06331	0.01372	0.00791	0.00211	0.00317	0.01213	0.00739	0.00633
21	0.01346	0.03471	0.72942	0.01912	0.02904	0.01558	0.02479	0.02125	0.01417	0.02125	0.01204	0.01417	0.00850	0.00637	0.00637	0.00212	0.00992	0.00496	0.00283	0.00992
22	0.00828	0.00589	0.00775	0.00920	0.00957	0.00552	0.00608	0.00937	0.01263	0.01684	0.03589	0.71030	0.04300	0.07242	0.01033	0.00299	0.00407	0.01843	0.00608	0.00535
23	0.00814	0.00599	0.00763	0.00893	0.00962	0.00548	0.00605	0.00939	0.01324	0.01729	0.04195	0.64835	0.15263	0.02038	0.00846	0.00265	0.00381	0.01829	0.00623	0.00548
24	0.00950	0.00686	0.00897	0.00844	0.01002	0.00633	0.00633	0.01266	0.01899	0.02691	0.71879	0.05012	0.06331	0.01372	0.00791	0.00211	0.00317	0.01213	0.00739	0.00633
25	0.02940	0.01255	0.01627	0.01248	0.01769	0.01154	0.01031	0.13524	0.02110	0.62177	0.02488	0.02180	0.01581	0.00827	0.00674	0.00207	0.00597	0.00664	0.00806	0.01142
26	0.00851	0.00686	0.00760	0.00752	0.00956	0.00595	0.00572	0.01069	0.01634	0.02069	0.24963	0.06103	0.50254	0.01614	0.00799	0.00226	0.00347	0.04506	0.00655	0.00588
27	0.01346	0.03471	0.72942	0.01912	0.02904	0.01558	0.02479	0.02125	0.01417	0.02125	0.01204	0.01417	0.00850	0.00637	0.00637	0.00212	0.00992	0.00496	0.00283	0.00992
28	0.01346	0.03471	0.72942	0.01912	0.02904	0.01558	0.02479	0.02125	0.01417	0.02125	0.01204	0.01417	0.00850	0.00637	0.00637	0.00212	0.00992	0.00496	0.00283	0.00992
29	0.01381	0.09194	0.67525	0.01853	0.02812	0.01644	0.02375	0.02116	0.01412	0.02082	0.01183	0.01390	0.00851	0.00633	0.00621	0.00207	0.00970	0.00485	0.00284	0.00981
30	0.00976	0.00651	0.00732	0.00732	0.00732	0.00651	0.00407	0.00976	0.00976	0.01301	0.02114	0.04391	0.02439	0.76419	0.03415	0.00651	0.00651	0.00976	0.00407	0.00407
31	0.01848	0.62445	0.08676	0.01253	0.01855	0.02504	0.01265	0.09947	0.01576	0.01930	0.01033	0.01165	0.00893	0.00606	0.00475	0.00156	0.00741	0.00398	0.00332	0.00904
32	0.00812	0.00677	0.00708	0.00708	0.00920	0.00573	0.00528	0.00996	0.01562	0.01908	0.14031	0.08922	0.61996	0.01678	0.00795	0.00227	0.00339	0.01412	0.00636	0.00573
33	0.01408	0.08984	0.59552	0.01959	0.02882	0.01660	0.10173	0.02119	0.01432	0.02085	0.01201	0.01436	0.00870	0.00624	0.00639	0.00209	0.00986	0.00519	0.00290	0.00971
34	0.00827	0.00671	0.00693	0.00699	0.00877	0.00581	0.00495	0.00964	0.01419	0.01715	0.05821	0.08707	0.56651	0.15425	0.01277	0.00306	0.00399	0.01354	0.00583	0.00536
35	0.01391	0.01193	0.01391	0.00994	0.01590	0.00894	0.00795	0.01690	0.01391	0.02186	0.01193	0.01391	0.00994	0.00497	0.00497	0.00099	0.00497	0.00398	0.00398	0.80521
36	0.01794	0.76823	0.03516	0.01148	0.01722	0.02655	0.01148	0.02009	0.01363	0.01579	0.00933	0.01076	0.00861	0.00574	0.00431	0.00144	0.00718	0.00359	0.00287	0.00861
37	0.01692	0.01653	0.02693	0.04030	0.69643	0.04257	0.02031	0.02082	0.01542	0.02172	0.01254	0.01644	0.01056	0.00601	0.00662	0.00198	0.00812	0.00592	0.00333	0.01052
38	0.00917	0.00685	0.00851	0.00809	0.00982	0.00619	0.00607	0.01202	0.01821	0.02505	0.58133	0.05317	0.20193	0.01441	0.00792	0.00214	0.00321	0.01256	0.00714	0.00619
39	0.03010	0.01142	0.01557	0.01194	0.01713	0.00986	0.00986	0.03270	0.01920	0.72698	0.02647	0.02284	0.01661	0.00830	0.00675	0.00208	0.00571	0.00675	0.00830	0.01142
40	0.01794	0.76823	0.03516	0.01148	0.01722	0.02655	0.01148	0.02009	0.01363	0.01579	0.00933	0.01076	0.00861	0.00574	0.00431	0.00144	0.00718	0.00359	0.00287	0.00861
41	0.01443	0.19319	0.57943	0.01747	0.02649	0.01795	0.02192	0.02100	0.01405	0.02007	0.01146	0.01343	0.00852	0.00624	0.00593	0.00198	0.00932	0.00466	0.00284	0.00963
42	0.00812	0.00607	0.00755	0.00872	0.00957	0.00550	0.00595	0.00941	0.01344	0.01737	0.04452	0.59067	0.20865	0.02004	0.00841	0.00261	0.00377	0.01788	0.00623	0.00550
43	0.01624	0.01553	0.02597	0.10047	0.57713	0.01595	0.04286	0.02165	0.07635	0.02203	0.01389	0.01751	0.01133	0.00631	0.00671	0.00205	0.00794	0.00619	0.00360	0.01029
44	0.08521	0.01812	0.01838	0.01468	0.01958	0.05091	0.01195	0.49622	0.15330	0.03761	0.01738	0.01716	0.01262	0.00805	0.00650	0.00205	0.00704	0.00606	0.00639	0.01078
45	0.00939	0.00685	0.00882	0.00833	0.00996	0.00629	0.00625	0.01245	0.01874	0.02630	0.67378	0.05112	0.10870	0.01394	0.00792	0.00212	0.00318	0.01227	0.00731	0.00629
46	0.46551	0.01591	0.06417	0.01332	0.03840	0.01597	0.05608	0.15423	0.01657	0.08538	0.01257	0.01372	0.00918	0.00671	0.00533	0.00208	0.00647	0.00479	0.00481	0.00880
47	0.01503	0.11247	0.46267	0.02028	0.02883	0.01698	0.18650	0.02152	0.01466	0.04144	0.01253	0.01499	0.00916	0.00619	0.00653	0.00208	0.00982	0.00558	0.00313	0.00960
48	0.01995	0.01369	0.01527	0.01324	0.01737	0.01503	0.01044	0.03494	0.54210	0.19810	0.02711	0.02450	0.01954	0.00891	0.00681	0.00223	0.00541	0.00738	0.00719	0.01081
49	0.00939	0.00685	0.00882	0.00833	0.00996	0.00628	0.00625	0.01245	0.01874	0.02630	0.67346	0.05113	0.10903	0.01395	0.00792	0.00212	0.00318	0.01228	0.00731	0.00628
50	0.01702	0.49096	0.19004	0.01683	0.10130	0.04732	0.01558	0.02064	0.01413	0.01775	0.01035	0.01225	0.00882	0.00595	0.00510	0.00166	0.00805	0.00420	0.00293	0.00911
51	0.00992	0.00733	0.01095	0.01085	0.01192	0.00859	0.00840	0.01187	0.01061	0.01529	0.01718	0.02551	0.01611	0.04694	0.65837	0.07247	0.04136	0.00704	0.00352	0.00580
52	0.00805	0.00680	0.00697	0.00693	0.00914	0.00572	0.00519	0.00987	0.01558	0.01881	0.11860	0.06345	0.66856	0.01674	0.00793	0.00225	0.00338	0.01400	0.00632	0.00572
53	0.02244	0.01267	0.05441	0.01518	0.09864	0.01082	0.01126	0.06144	0.03947	0.40035	0.07766	0.07270	0.07298	0.00978	0.00700	0.00213	0.00581	0.00827	0.00694	0.01005
54	0.02407	0.05595	0.04797	0.01545	0.02074	0.08826	0.01304	0.53509	0.07244	0.03686	0.01581	0.01598	0.01149	0.00784	0.00653	0.00198	0.00778	0.00582	0.00608	0.01083
55	0.02232	0.02827	0.06807	0.01712	0.02067	0.52165	0.01381	0.04427	0.07169	0.01834	0.01177	0.01368	0.00965	0.00768	0.00816	0.00196	0.10413	0.00486	0.00370	0.00819
56	0.01610	0.01272	0.01464	0.01092	0.01654	0.01083	0.00875	0.07316	0.09681	0.06613	0.01491	0.01591	0.01168	0.00589	0.00543	0.00129	0.00524	0.00472	0.00478	0.60356
57	0.01532	0.33921	0.44122	0.01595	0.02413	0.02014	0.01927	0.02077	0.01395	0.01898	0.01092	0.01275	0.00855	0.00611	0.00552	0.00184	0.00878	0.00439	0.00285	0.00937
58	0.02867	0.01219	0.01589	0.01225	0.01731	0.01113	0.01009	0.11795	0.02079	0.61023	0.05326	0.02308	0.01784	0.00849	0.00679	0.00207	0.00582	0.00688	0.00806	0.01121
59	0.02352	0.02674	0.07413	0.01652	0.02062	0.44782	0.01353	0.13154	0.01992	0.07614	0.01330	0.03458	0.01069	0.00784	0.00728	0.00193	0.05549	0.00533	0.00434	0.00871

[dist]
# distance from previous block
# <min> <max>
0	0

# created by:
# /home/berkeley/.conda/envs/busco_data_prod/bin/msa2prfl.pl pipeline/OGs_align_augustus/4893/23700.fs
