[name]
unknown

[dist]
# distance from previous block
# <min> <max>
0	89

[block]
# block no. 0 follows, 34 sequences, length 67
# corresponding to MSA columns:
# 89-155
name=unknown_A
#
# <colnr> <probs for GDERKNQSTAVLIFYWHMCP>
#	G	D	E	R	K	N	Q	S	T	A	V	L	I	F	Y	W	H	M	C	P
0	0.01041	0.00744	0.01041	0.01190	0.01339	0.00744	0.01041	0.01339	0.01487	0.01934	0.03421	0.07288	0.03719	0.01785	0.00892	0.00297	0.00595	0.68913	0.00595	0.00595
1	0.01503	0.01426	0.02400	0.03598	0.64820	0.01418	0.01817	0.01858	0.01454	0.02061	0.01615	0.07402	0.04301	0.00728	0.00659	0.00198	0.00720	0.00703	0.00353	0.00966
2	0.00923	0.00692	0.01038	0.01038	0.01154	0.00808	0.00808	0.01154	0.01038	0.01500	0.01731	0.02538	0.01615	0.04846	0.74732	0.01038	0.01731	0.00692	0.00346	0.00577
3	0.00783	0.00655	0.00681	0.00675	0.00885	0.00554	0.00506	0.00965	0.01518	0.01854	0.15024	0.06041	0.64453	0.01596	0.00763	0.00216	0.00324	0.01339	0.00614	0.00554
4	0.00764	0.00655	0.00655	0.00655	0.00873	0.00545	0.00491	0.00927	0.01473	0.01745	0.06546	0.06218	0.73000	0.01636	0.00764	0.00218	0.00327	0.01364	0.00600	0.00545
5	0.01296	0.03342	0.73944	0.01842	0.02797	0.01501	0.02387	0.02046	0.01364	0.02046	0.01160	0.01364	0.00818	0.00614	0.00614	0.00205	0.00955	0.00477	0.00273	0.00955
6	0.01414	0.01414	0.01979	0.01696	0.01696	0.01979	0.01414	0.01555	0.00990	0.01555	0.00848	0.01414	0.00848	0.01131	0.02120	0.00283	0.76110	0.00565	0.00283	0.00707
7	0.01041	0.00744	0.01041	0.01190	0.01339	0.00744	0.01041	0.01339	0.01487	0.01934	0.03421	0.07288	0.03719	0.01785	0.00892	0.00297	0.00595	0.68913	0.00595	0.00595
8	0.01309	0.05650	0.71754	0.01819	0.02761	0.01533	0.02348	0.02043	0.01363	0.02030	0.01151	0.01354	0.00819	0.00612	0.00608	0.00203	0.00947	0.00473	0.00273	0.00951
9	0.01605	0.13873	0.24513	0.01959	0.02667	0.01703	0.27619	0.07852	0.01573	0.04728	0.01257	0.01500	0.00939	0.00592	0.00636	0.00193	0.00906	0.00574	0.00349	0.04961
10	0.74963	0.04064	0.04708	0.00909	0.01342	0.01491	0.00799	0.01908	0.01120	0.02807	0.00913	0.01065	0.00710	0.00599	0.00411	0.00198	0.00529	0.00356	0.00389	0.00717
11	0.00940	0.00626	0.00705	0.00705	0.00705	0.00626	0.00392	0.00940	0.00940	0.01253	0.02036	0.04228	0.02349	0.77292	0.03289	0.00626	0.00626	0.00940	0.00392	0.00392
12	0.02456	0.01810	0.01939	0.01487	0.02004	0.02004	0.01228	0.71107	0.03038	0.04072	0.01551	0.01551	0.01099	0.00776	0.00646	0.00194	0.00711	0.00582	0.00646	0.01099
13	0.01317	0.05521	0.69337	0.01851	0.02783	0.01537	0.04778	0.02044	0.01368	0.02031	0.01157	0.01368	0.00825	0.00610	0.00613	0.00203	0.00952	0.00484	0.00275	0.00948
14	0.01122	0.00561	0.00842	0.00842	0.00842	0.00561	0.00561	0.00842	0.00842	0.01122	0.01122	0.01964	0.01122	0.02245	0.02525	0.81201	0.00561	0.00561	0.00281	0.00281
15	0.00914	0.00660	0.00864	0.00813	0.00965	0.00610	0.00610	0.01219	0.01829	0.02591	0.72921	0.04827	0.06097	0.01321	0.00762	0.00203	0.00305	0.01169	0.00711	0.00610
16	0.01387	0.01130	0.01276	0.01279	0.06734	0.01201	0.00909	0.02450	0.38657	0.06103	0.05629	0.03622	0.24729	0.01105	0.00692	0.00215	0.00468	0.00929	0.00623	0.00863
17	0.00787	0.00562	0.00750	0.00900	0.00937	0.00525	0.00600	0.00900	0.01237	0.01649	0.03561	0.76871	0.04274	0.02024	0.00825	0.00262	0.00375	0.01837	0.00600	0.00525
18	0.01296	0.03342	0.73944	0.01842	0.02797	0.01501	0.02387	0.02046	0.01364	0.02046	0.01160	0.01364	0.00818	0.00614	0.00614	0.00205	0.00955	0.00477	0.00273	0.00955
19	0.00923	0.00692	0.01038	0.01038	0.01154	0.00808	0.00808	0.01154	0.01038	0.01500	0.01731	0.02538	0.01615	0.04846	0.74732	0.01038	0.01731	0.00692	0.00346	0.00577
20	0.02665	0.01266	0.01580	0.01229	0.01709	0.01216	0.01007	0.21652	0.02142	0.50790	0.02330	0.05997	0.01605	0.00858	0.00658	0.00202	0.00585	0.00694	0.00747	0.01069
21	0.01525	0.01743	0.03813	0.02723	0.03377	0.01634	0.70915	0.02070	0.01525	0.02070	0.01307	0.01743	0.00980	0.00545	0.00763	0.00218	0.01089	0.00763	0.00327	0.00871
22	0.00772	0.00655	0.00666	0.00663	0.00878	0.00549	0.00497	0.00943	0.01492	0.01790	0.10044	0.06145	0.69473	0.01620	0.00764	0.00217	0.00326	0.01353	0.00606	0.00549
23	0.00772	0.00623	0.00687	0.00738	0.00895	0.00538	0.00528	0.00918	0.01393	0.01713	0.05531	0.30245	0.49628	0.01768	0.00784	0.00233	0.00343	0.01525	0.00600	0.00538
24	0.03939	0.01173	0.01942	0.69312	0.08102	0.01441	0.01768	0.01677	0.01295	0.01718	0.01144	0.01693	0.00865	0.00641	0.00637	0.00214	0.00844	0.00567	0.00293	0.00734
25	0.01673	0.68213	0.12373	0.01199	0.01803	0.02422	0.01269	0.01949	0.01319	0.01587	0.00932	0.01078	0.00828	0.00561	0.00440	0.00147	0.00725	0.00362	0.00276	0.00845
26	0.00853	0.00643	0.00788	0.00784	0.00935	0.00578	0.00576	0.01088	0.01636	0.02207	0.43553	0.16918	0.24037	0.01521	0.00773	0.00217	0.00322	0.01330	0.00663	0.00578
27	0.81856	0.01250	0.00950	0.00850	0.01250	0.01449	0.00700	0.01899	0.01100	0.02899	0.00900	0.01050	0.00700	0.00600	0.00400	0.00200	0.00500	0.00350	0.00400	0.00700
28	0.02337	0.01261	0.01660	0.05379	0.06778	0.01254	0.01114	0.13180	0.04274	0.39302	0.01997	0.01928	0.01358	0.00772	0.00730	0.00196	0.05761	0.00606	0.03098	0.07014
29	0.01629	0.15941	0.39262	0.01891	0.09897	0.03662	0.03728	0.10496	0.01602	0.04351	0.01209	0.01384	0.00904	0.00624	0.00590	0.00189	0.00856	0.00488	0.00343	0.00954
30	0.02379	0.03014	0.01864	0.01762	0.05003	0.71613	0.01279	0.02555	0.01816	0.01604	0.01008	0.01184	0.00840	0.00662	0.00585	0.00168	0.01148	0.00423	0.00332	0.00761
31	0.00787	0.00562	0.00750	0.00900	0.00937	0.00525	0.00600	0.00900	0.01237	0.01649	0.03561	0.76871	0.04274	0.02024	0.00825	0.00262	0.00375	0.01837	0.00600	0.00525
32	0.00820	0.00693	0.00758	0.00741	0.00932	0.00630	0.00561	0.01001	0.01489	0.01851	0.15512	0.08189	0.57355	0.01578	0.00838	0.00221	0.04360	0.01310	0.00599	0.00562
33	0.00787	0.00565	0.00747	0.00892	0.00935	0.00525	0.00596	0.00901	0.01244	0.01652	0.03652	0.74713	0.06372	0.02012	0.00823	0.00261	0.00373	0.01822	0.00600	0.00525
34	0.02236	0.01672	0.01800	0.01415	0.01886	0.01851	0.01157	0.57539	0.11479	0.03793	0.07002	0.01901	0.01579	0.00829	0.00656	0.00198	0.00656	0.00644	0.00653	0.01053
35	0.02456	0.01810	0.01939	0.01487	0.02004	0.02004	0.01228	0.71107	0.03038	0.04072	0.01551	0.01551	0.01099	0.00776	0.00646	0.00194	0.00711	0.00582	0.00646	0.01099
36	0.00797	0.00570	0.00758	0.00893	0.00939	0.00531	0.00601	0.00924	0.01281	0.01720	0.08729	0.71503	0.04409	0.01972	0.00820	0.00258	0.00370	0.01787	0.00608	0.00531
37	0.01423	0.01198	0.01384	0.00996	0.01566	0.00946	0.00800	0.06804	0.01466	0.02252	0.01178	0.01356	0.00968	0.00501	0.00491	0.00103	0.00496	0.00398	0.00402	0.75271
38	0.01565	0.04481	0.34460	0.02423	0.24344	0.06976	0.03923	0.03773	0.01498	0.04471	0.03402	0.01563	0.01083	0.00647	0.00662	0.00198	0.02713	0.00539	0.00334	0.00947
39	0.44234	0.09680	0.10628	0.02808	0.01713	0.10216	0.01090	0.07195	0.01410	0.04438	0.01042	0.01184	0.00801	0.00624	0.00480	0.00190	0.00680	0.00404	0.00390	0.00792
40	0.01518	0.01302	0.01381	0.01262	0.01598	0.01491	0.00973	0.03161	0.64452	0.02592	0.02830	0.08086	0.04521	0.00988	0.00673	0.00222	0.00495	0.00834	0.00651	0.00970
41	0.01626	0.01603	0.07280	0.03852	0.13255	0.04045	0.05122	0.02886	0.43239	0.05012	0.03730	0.02153	0.01692	0.00785	0.00656	0.00211	0.00646	0.00681	0.00542	0.00985
42	0.01704	0.14775	0.39532	0.01593	0.02335	0.01654	0.04017	0.08097	0.06546	0.11605	0.01441	0.01523	0.01033	0.00658	0.00597	0.00194	0.00811	0.00515	0.00403	0.00968
43	0.01942	0.06318	0.09630	0.05685	0.22710	0.05462	0.05292	0.29928	0.02097	0.02812	0.01318	0.01515	0.01002	0.00665	0.00631	0.00192	0.00801	0.00557	0.00444	0.01000
44	0.01705	0.71032	0.05847	0.01282	0.05473	0.02465	0.01197	0.01941	0.01323	0.01570	0.00924	0.01078	0.00839	0.00556	0.00434	0.00143	0.00704	0.00362	0.00279	0.00844
45	0.00764	0.00655	0.00655	0.00655	0.00873	0.00545	0.00491	0.00927	0.01473	0.01745	0.06546	0.06218	0.73000	0.01636	0.00764	0.00218	0.00327	0.01364	0.00600	0.00545
46	0.01340	0.01148	0.01340	0.00957	0.01531	0.00861	0.00766	0.01627	0.01340	0.02105	0.01148	0.01340	0.00957	0.00479	0.00479	0.00096	0.00479	0.00383	0.00383	0.81242
47	0.01606	0.04738	0.22760	0.02351	0.14728	0.01505	0.25317	0.03803	0.01517	0.08739	0.01413	0.03638	0.01086	0.00637	0.00667	0.00202	0.00886	0.00639	0.00370	0.03399
48	0.01463	0.01374	0.07352	0.15464	0.35638	0.01266	0.01619	0.01818	0.01419	0.08117	0.01775	0.16438	0.01668	0.00895	0.00676	0.00211	0.00702	0.00822	0.00407	0.00874
49	0.00787	0.00562	0.00750	0.00900	0.00937	0.00525	0.00600	0.00900	0.01237	0.01649	0.03561	0.76871	0.04274	0.02024	0.00825	0.00262	0.00375	0.01837	0.00600	0.00525
50	0.00990	0.00814	0.01219	0.21756	0.06114	0.00873	0.01022	0.01274	0.03106	0.01823	0.11570	0.40720	0.03318	0.01441	0.00752	0.00237	0.00526	0.01302	0.00513	0.00630
51	0.01762	0.26234	0.13862	0.05762	0.13540	0.09724	0.01524	0.08108	0.03167	0.04168	0.01158	0.01364	0.00935	0.00654	0.00651	0.00182	0.05487	0.00475	0.00347	0.00894
52	0.01024	0.00680	0.00932	0.01055	0.01172	0.00655	0.00835	0.01235	0.01392	0.05625	0.03439	0.38797	0.03859	0.01842	0.00849	0.00276	0.00492	0.34644	0.00608	0.00590
53	0.76823	0.01276	0.01034	0.00970	0.03606	0.01469	0.00758	0.04022	0.01171	0.02909	0.00930	0.01083	0.00722	0.00604	0.00415	0.00199	0.00515	0.00364	0.00405	0.00722
54	0.00787	0.00562	0.00750	0.00900	0.00937	0.00525	0.00600	0.00900	0.01237	0.01649	0.03561	0.76871	0.04274	0.02024	0.00825	0.00262	0.00375	0.01837	0.00600	0.00525
55	0.01432	0.01540	0.03141	0.26129	0.07985	0.01565	0.44623	0.01931	0.01447	0.01938	0.01251	0.01728	0.00945	0.00579	0.00718	0.00215	0.00997	0.00691	0.00314	0.00832
56	0.01122	0.00561	0.00842	0.00842	0.00842	0.00561	0.00561	0.00842	0.00842	0.01122	0.01122	0.01964	0.01122	0.02245	0.02525	0.81201	0.00561	0.00561	0.00281	0.00281
57	0.01688	0.01428	0.01507	0.01331	0.01711	0.01645	0.01042	0.09890	0.65506	0.02834	0.02527	0.02329	0.01889	0.00867	0.00656	0.00217	0.00530	0.00716	0.00656	0.01030
58	0.01565	0.01336	0.01441	0.01295	0.01618	0.01566	0.01013	0.03162	0.61955	0.02597	0.02461	0.02336	0.01867	0.00887	0.00752	0.00219	0.06129	0.00709	0.06120	0.00970
59	0.08174	0.04924	0.08861	0.06547	0.34449	0.03819	0.05227	0.10321	0.01646	0.08037	0.01313	0.01553	0.01009	0.00627	0.00615	0.00194	0.00770	0.00550	0.00396	0.00966
60	0.11943	0.40632	0.02398	0.01091	0.01612	0.07401	0.00984	0.04275	0.01391	0.01934	0.00991	0.01141	0.00854	0.00556	0.00449	0.00140	0.00650	0.00369	0.00336	0.20854
61	0.00786	0.00566	0.00746	0.00891	0.00935	0.00526	0.00596	0.00901	0.01246	0.01653	0.03669	0.74326	0.06748	0.02010	0.00823	0.00261	0.00373	0.01820	0.00600	0.00526
62	0.01700	0.14140	0.07452	0.04224	0.18358	0.12538	0.01364	0.08076	0.07059	0.04043	0.09247	0.04090	0.03443	0.00784	0.00616	0.00187	0.00729	0.00640	0.00434	0.00874
63	0.10723	0.12228	0.05764	0.01821	0.13368	0.08878	0.03051	0.07146	0.01423	0.02088	0.01110	0.01417	0.00937	0.00759	0.00952	0.00205	0.20472	0.00502	0.06339	0.00817
64	0.00896	0.00654	0.00742	0.00760	0.00939	0.00567	0.00554	0.01062	0.01459	0.05620	0.11009	0.24923	0.45161	0.01670	0.00774	0.00228	0.00350	0.01437	0.00620	0.00575
65	0.07741	0.05134	0.04178	0.03450	0.04134	0.16745	0.06618	0.02283	0.13234	0.05799	0.01356	0.01560	0.01083	0.00781	0.00946	0.00208	0.18243	0.00543	0.00402	0.05562
66	0.01377	0.02651	0.47601	0.01992	0.11498	0.04507	0.03862	0.03691	0.03756	0.02119	0.05701	0.05535	0.01392	0.00737	0.00642	0.00205	0.00854	0.00618	0.00348	0.00915

[dist]
# distance from previous block
# <min> <max>
2	6

[block]
# block no. 1 follows, 34 sequences, length 115
# corresponding to MSA columns:
# 162-276
name=unknown_B
#
# <colnr> <probs for GDERKNQSTAVLIFYWHMCP>
#	G	D	E	R	K	N	Q	S	T	A	V	L	I	F	Y	W	H	M	C	P
0	0.00889	0.00632	0.00823	0.00930	0.00998	0.00606	0.00642	0.04214	0.01351	0.01810	0.07255	0.65269	0.04126	0.01925	0.00860	0.02398	0.00398	0.03722	0.00600	0.00552
1	0.01457	0.02053	0.28604	0.01729	0.08469	0.01252	0.07805	0.01988	0.03358	0.06079	0.01291	0.01485	0.00977	0.00572	0.00583	0.00165	0.00740	0.00493	0.00362	0.30535
2	0.01528	0.01356	0.07380	0.03475	0.03945	0.01023	0.02780	0.05397	0.01482	0.09116	0.01425	0.05002	0.01170	0.00618	0.00548	0.00137	0.00567	0.00516	0.00432	0.52101
3	0.00847	0.00605	0.00818	0.00967	0.01031	0.00576	0.00703	0.01002	0.01296	0.01716	0.03529	0.60619	0.04144	0.01968	0.00841	0.00271	0.00426	0.17503	0.00599	0.00541
4	0.05186	0.01557	0.07980	0.11256	0.32545	0.01436	0.12663	0.04547	0.01535	0.04867	0.06783	0.02018	0.01453	0.00689	0.00664	0.00204	0.00782	0.02544	0.00385	0.00906
5	0.02020	0.23089	0.13092	0.01625	0.06000	0.28095	0.01406	0.07626	0.01673	0.06115	0.01138	0.01282	0.00907	0.00651	0.00593	0.00173	0.02847	0.00446	0.00358	0.00864
6	0.54762	0.01365	0.01679	0.04388	0.11788	0.01490	0.12148	0.01929	0.01227	0.02609	0.01018	0.01263	0.00796	0.00589	0.00501	0.00202	0.00645	0.00456	0.00373	0.00773
7	0.01345	0.01350	0.01927	0.67994	0.04194	0.09096	0.01737	0.01748	0.01348	0.01644	0.01133	0.01664	0.00858	0.00648	0.00639	0.00210	0.00893	0.00558	0.00292	0.00721
8	0.00928	0.00658	0.00852	0.00803	0.00956	0.00609	0.00602	0.01232	0.01807	0.02583	0.69698	0.04716	0.05895	0.01295	0.00748	0.00201	0.00305	0.01143	0.04360	0.00609
9	0.01204	0.00602	0.00602	0.00602	0.00753	0.00602	0.00452	0.01506	0.01355	0.02409	0.02108	0.02409	0.01656	0.00753	0.00452	0.00151	0.00301	0.00602	0.80879	0.00602
10	0.00787	0.00562	0.00750	0.00900	0.00937	0.00525	0.00600	0.00900	0.01237	0.01649	0.03561	0.76871	0.04274	0.02024	0.00825	0.00262	0.00375	0.01837	0.00600	0.00525
11	0.00787	0.00562	0.00750	0.00900	0.00937	0.00525	0.00600	0.00900	0.01237	0.01649	0.03561	0.76871	0.04274	0.02024	0.00825	0.00262	0.00375	0.01837	0.00600	0.00525
12	0.01727	0.77681	0.03386	0.01106	0.01658	0.02557	0.01106	0.01935	0.01313	0.01520	0.00898	0.01036	0.00829	0.00553	0.00415	0.00138	0.00691	0.00345	0.00276	0.00829
13	0.01340	0.01148	0.01340	0.00957	0.01531	0.00861	0.00766	0.01627	0.01340	0.02105	0.01148	0.01340	0.00957	0.00479	0.00479	0.00096	0.00479	0.00383	0.00383	0.81242
14	0.01262	0.01214	0.01937	0.70320	0.04257	0.03487	0.01762	0.01672	0.01293	0.01645	0.01131	0.01693	0.00860	0.00669	0.00711	0.00217	0.04295	0.00569	0.00288	0.00718
15	0.07679	0.01109	0.01466	0.01131	0.01625	0.00980	0.00935	0.03073	0.01804	0.69423	0.02449	0.02130	0.01545	0.00788	0.00635	0.00200	0.00547	0.00632	0.00776	0.01075
16	0.01773	0.09930	0.11266	0.01972	0.18967	0.01617	0.01436	0.12468	0.16494	0.07726	0.01612	0.01691	0.01222	0.00678	0.00602	0.00185	0.00678	0.00559	0.00469	0.08655
17	0.05817	0.01790	0.18380	0.01610	0.02153	0.01399	0.16694	0.07633	0.16820	0.02339	0.02524	0.04510	0.13715	0.00882	0.00679	0.00213	0.00720	0.00786	0.00470	0.00866
18	0.04726	0.74821	0.03295	0.01096	0.01643	0.02515	0.01090	0.01933	0.01305	0.01572	0.00898	0.01037	0.00824	0.00555	0.00414	0.00141	0.00684	0.00346	0.00281	0.00824
19	0.00786	0.00568	0.00743	0.00883	0.00933	0.00526	0.00593	0.00902	0.01253	0.01656	0.03760	0.72174	0.08842	0.01999	0.00821	0.00259	0.00372	0.01805	0.00600	0.00526
20	0.01679	0.01552	0.04597	0.02161	0.08533	0.03213	0.34941	0.07245	0.04334	0.10590	0.08397	0.04271	0.03825	0.00758	0.00720	0.00210	0.00832	0.00788	0.00468	0.00889
21	0.01355	0.01162	0.01347	0.00977	0.01540	0.00904	0.00780	0.01730	0.05367	0.02139	0.01233	0.01401	0.01015	0.00501	0.00489	0.00103	0.00480	0.00403	0.00398	0.76676
22	0.04332	0.06024	0.25827	0.03615	0.02305	0.05888	0.07472	0.15362	0.06545	0.11914	0.01524	0.01613	0.01088	0.00685	0.00618	0.00197	0.00801	0.00553	0.02677	0.00956
23	0.01630	0.60832	0.19378	0.01272	0.01916	0.02317	0.01396	0.01960	0.01325	0.01639	0.00958	0.01111	0.00827	0.00567	0.00460	0.00153	0.00751	0.00375	0.00276	0.00858
24	0.02327	0.01324	0.05813	0.01360	0.05661	0.01173	0.01091	0.12749	0.07035	0.41082	0.09510	0.02313	0.01941	0.00831	0.00654	0.00199	0.00575	0.00684	0.02660	0.01018
25	0.01869	0.11125	0.09386	0.01629	0.03944	0.15401	0.10229	0.10022	0.08799	0.07503	0.01448	0.01596	0.01112	0.00804	0.02887	0.00210	0.03128	0.00546	0.02725	0.05637
26	0.01661	0.10083	0.12795	0.02771	0.31993	0.03856	0.16068	0.04721	0.03256	0.04782	0.01283	0.01563	0.01007	0.00598	0.00637	0.00194	0.00847	0.00578	0.00349	0.00959
27	0.00937	0.00638	0.00763	0.00763	0.00784	0.00658	0.00465	0.00977	0.00957	0.01296	0.01982	0.03931	0.02220	0.64563	0.15842	0.00699	0.00820	0.00896	0.00384	0.00424
28	0.01696	0.69814	0.06623	0.01235	0.01812	0.02454	0.05285	0.01948	0.01328	0.01577	0.00934	0.01093	0.00838	0.00555	0.00444	0.00146	0.00727	0.00376	0.00279	0.00837
29	0.00924	0.00687	0.01013	0.01013	0.01120	0.00794	0.00776	0.01137	0.01031	0.01481	0.01754	0.02667	0.01671	0.10374	0.69280	0.01007	0.01646	0.00711	0.00350	0.00563
30	0.00931	0.00623	0.00707	0.00716	0.00718	0.00620	0.00404	0.00937	0.00957	0.01276	0.02126	0.08517	0.02463	0.72849	0.03143	0.00605	0.00612	0.00993	0.00404	0.00399
31	0.00900	0.00654	0.00847	0.00811	0.00959	0.00602	0.00604	0.01187	0.01778	0.02497	0.65805	0.09143	0.09034	0.01377	0.00766	0.00207	0.00310	0.01217	0.00700	0.00602
32	0.00940	0.00626	0.00705	0.00705	0.00705	0.00626	0.00392	0.00940	0.00940	0.01253	0.02036	0.04228	0.02349	0.77292	0.03289	0.00626	0.00626	0.00940	0.00392	0.00392
33	0.81856	0.01250	0.00950	0.00850	0.01250	0.01449	0.00700	0.01899	0.01100	0.02899	0.00900	0.01050	0.00700	0.00600	0.00400	0.00200	0.00500	0.00350	0.00400	0.00700
34	0.81856	0.01250	0.00950	0.00850	0.01250	0.01449	0.00700	0.01899	0.01100	0.02899	0.00900	0.01050	0.00700	0.00600	0.00400	0.00200	0.00500	0.00350	0.00400	0.00700
35	0.00764	0.00655	0.00655	0.00655	0.00873	0.00545	0.00491	0.00927	0.01473	0.01745	0.06546	0.06218	0.73000	0.01636	0.00764	0.00218	0.00327	0.01364	0.00600	0.00545
36	0.00787	0.00562	0.00750	0.00900	0.00937	0.00525	0.00600	0.00900	0.01237	0.01649	0.03561	0.76871	0.04274	0.02024	0.00825	0.00262	0.00375	0.01837	0.00600	0.00525
37	0.81856	0.01250	0.00950	0.00850	0.01250	0.01449	0.00700	0.01899	0.01100	0.02899	0.00900	0.01050	0.00700	0.00600	0.00400	0.00200	0.00500	0.00350	0.00400	0.00700
38	0.01727	0.77681	0.03386	0.01106	0.01658	0.02557	0.01106	0.01935	0.01313	0.01520	0.00898	0.01036	0.00829	0.00553	0.00415	0.00138	0.00691	0.00345	0.00276	0.00829
39	0.01414	0.01414	0.01979	0.01696	0.01696	0.01979	0.01414	0.01555	0.00990	0.01555	0.00848	0.01414	0.00848	0.01131	0.02120	0.00283	0.76110	0.00565	0.00283	0.00707
40	0.01340	0.01148	0.01340	0.00957	0.01531	0.00861	0.00766	0.01627	0.01340	0.02105	0.01148	0.01340	0.00957	0.00479	0.00479	0.00096	0.00479	0.00383	0.00383	0.81242
41	0.01340	0.01148	0.01340	0.00957	0.01531	0.00861	0.00766	0.01627	0.01340	0.02105	0.01148	0.01340	0.00957	0.00479	0.00479	0.00096	0.00479	0.00383	0.00383	0.81242
42	0.01220	0.01148	0.01938	0.75739	0.04450	0.01436	0.01794	0.01651	0.01292	0.01651	0.01148	0.01723	0.00861	0.00646	0.00646	0.00215	0.00861	0.00574	0.00287	0.00718
43	0.01727	0.77681	0.03386	0.01106	0.01658	0.02557	0.01106	0.01935	0.01313	0.01520	0.00898	0.01036	0.00829	0.00553	0.00415	0.00138	0.00691	0.00345	0.00276	0.00829
44	0.01220	0.01148	0.01938	0.75739	0.04450	0.01436	0.01794	0.01651	0.01292	0.01651	0.01148	0.01723	0.00861	0.00646	0.00646	0.00215	0.00861	0.00574	0.00287	0.00718
45	0.01607	0.01388	0.01461	0.01315	0.01680	0.01607	0.01023	0.03433	0.72094	0.02703	0.02630	0.02411	0.01972	0.00877	0.00657	0.00219	0.00511	0.00731	0.00657	0.01023
46	0.04961	0.01653	0.02008	0.09902	0.21926	0.06131	0.01445	0.27140	0.13268	0.02862	0.01530	0.01677	0.01161	0.00709	0.00633	0.00198	0.00730	0.00584	0.00492	0.00990
47	0.01296	0.03342	0.73944	0.01842	0.02797	0.01501	0.02387	0.02046	0.01364	0.02046	0.01160	0.01364	0.00818	0.00614	0.00614	0.00205	0.00955	0.00477	0.00273	0.00955
48	0.00783	0.00580	0.00731	0.00852	0.00925	0.00529	0.00579	0.00905	0.01283	0.01668	0.04140	0.63164	0.17606	0.01949	0.00813	0.00254	0.00366	0.01745	0.00600	0.00529
49	0.01469	0.01346	0.02212	0.02914	0.43063	0.03232	0.07610	0.01819	0.01459	0.03819	0.01782	0.06547	0.01695	0.01122	0.05187	0.00267	0.00809	0.12372	0.00396	0.00879
50	0.01318	0.05864	0.15918	0.11845	0.04101	0.01344	0.03272	0.04647	0.17829	0.02165	0.06858	0.08739	0.07629	0.00986	0.00677	0.00216	0.00655	0.04631	0.00480	0.00825
51	0.02146	0.01278	0.01866	0.01548	0.04567	0.03316	0.12887	0.06392	0.08536	0.35124	0.02341	0.10099	0.01837	0.00924	0.00697	0.00214	0.00657	0.03981	0.00635	0.00957
52	0.00952	0.00735	0.01094	0.01077	0.01186	0.00877	0.00843	0.01177	0.01036	0.01503	0.01679	0.02472	0.01570	0.04627	0.70445	0.00994	0.06122	0.00685	0.00342	0.00585
53	0.01340	0.01148	0.01340	0.00957	0.01531	0.00861	0.00766	0.01627	0.01340	0.02105	0.01148	0.01340	0.00957	0.00479	0.00479	0.00096	0.00479	0.00383	0.00383	0.81242
54	0.12623	0.26442	0.06161	0.01443	0.03807	0.32037	0.01212	0.06050	0.01601	0.01915	0.00999	0.01153	0.00833	0.00622	0.00512	0.00166	0.00879	0.00402	0.00338	0.00806
55	0.00799	0.00571	0.00763	0.00913	0.00956	0.00535	0.00620	0.00920	0.01249	0.01663	0.03555	0.73615	0.04248	0.02013	0.00828	0.00264	0.00385	0.04975	0.00600	0.00528
56	0.00826	0.00594	0.00784	0.00880	0.00954	0.00553	0.00612	0.00993	0.01398	0.01895	0.20924	0.55037	0.06498	0.01832	0.00809	0.00248	0.00363	0.03623	0.00627	0.00549
57	0.00939	0.00711	0.00850	0.00796	0.00985	0.00654	0.00602	0.04312	0.01777	0.02404	0.49660	0.05097	0.26041	0.01391	0.00757	0.00207	0.00330	0.01201	0.00675	0.00613
58	0.66941	0.01439	0.01128	0.00981	0.01391	0.06403	0.00800	0.10326	0.01383	0.02953	0.00985	0.01118	0.00757	0.00625	0.00442	0.00197	0.00570	0.00382	0.00425	0.00751
59	0.01361	0.01292	0.02192	0.49135	0.29957	0.01472	0.01864	0.01774	0.01358	0.01821	0.01173	0.01677	0.00921	0.00620	0.00644	0.00207	0.00827	0.00575	0.00299	0.00831
60	0.01220	0.01148	0.01938	0.75739	0.04450	0.01436	0.01794	0.01651	0.01292	0.01651	0.01148	0.01723	0.00861	0.00646	0.00646	0.00215	0.00861	0.00574	0.00287	0.00718
61	0.00787	0.00562	0.00750	0.00900	0.00937	0.00525	0.00600	0.00900	0.01237	0.01649	0.03561	0.76871	0.04274	0.02024	0.00825	0.00262	0.00375	0.01837	0.00600	0.00525
62	0.81856	0.01250	0.00950	0.00850	0.01250	0.01449	0.00700	0.01899	0.01100	0.02899	0.00900	0.01050	0.00700	0.00600	0.00400	0.00200	0.00500	0.00350	0.00400	0.00700
63	0.01841	0.68375	0.03174	0.01143	0.01679	0.06976	0.01105	0.02049	0.01378	0.05894	0.01005	0.01115	0.00876	0.00575	0.00439	0.00144	0.00712	0.00368	0.00312	0.00841
64	0.01599	0.01535	0.02623	0.03966	0.73262	0.01535	0.01983	0.01983	0.01471	0.02111	0.01215	0.01599	0.01023	0.00576	0.00640	0.00192	0.00768	0.00576	0.00320	0.01023
65	0.01525	0.01743	0.03813	0.02723	0.03377	0.01634	0.70915	0.02070	0.01525	0.02070	0.01307	0.01743	0.00980	0.00545	0.00763	0.00218	0.01089	0.00763	0.00327	0.00871
66	0.01041	0.00744	0.01041	0.01190	0.01339	0.00744	0.01041	0.01339	0.01487	0.01934	0.03421	0.07288	0.03719	0.01785	0.00892	0.00297	0.00595	0.68913	0.00595	0.00595
67	0.01607	0.01388	0.01461	0.01315	0.01680	0.01607	0.01023	0.03433	0.72094	0.02703	0.02630	0.02411	0.01972	0.00877	0.00657	0.00219	0.00511	0.00731	0.00657	0.01023
68	0.01607	0.01388	0.01461	0.01315	0.01680	0.01607	0.01023	0.03433	0.72094	0.02703	0.02630	0.02411	0.01972	0.00877	0.00657	0.00219	0.00511	0.00731	0.00657	0.01023
69	0.01727	0.77681	0.03386	0.01106	0.01658	0.02557	0.01106	0.01935	0.01313	0.01520	0.00898	0.01036	0.00829	0.00553	0.00415	0.00138	0.00691	0.00345	0.00276	0.00829
70	0.01630	0.01399	0.01474	0.01320	0.01689	0.01618	0.01028	0.05255	0.70235	0.02740	0.02601	0.02388	0.01949	0.00874	0.00657	0.00218	0.00517	0.00727	0.00657	0.01025
71	0.02899	0.01100	0.01499	0.01150	0.01649	0.00950	0.00950	0.03149	0.01849	0.73709	0.02549	0.02199	0.01599	0.00800	0.00650	0.00200	0.00550	0.00650	0.00800	0.01100
72	0.00810	0.00656	0.00719	0.00703	0.00901	0.00565	0.00527	0.01017	0.01582	0.02005	0.26905	0.05791	0.52478	0.01540	0.00763	0.00214	0.00320	0.01304	0.00634	0.00565
73	0.01220	0.01148	0.01938	0.75739	0.04450	0.01436	0.01794	0.01651	0.01292	0.01651	0.01148	0.01723	0.00861	0.00646	0.00646	0.00215	0.00861	0.00574	0.00287	0.00718
74	0.01566	0.01345	0.01426	0.01285	0.01638	0.01548	0.00998	0.03303	0.67946	0.02696	0.06780	0.02553	0.02216	0.00903	0.00664	0.00218	0.00499	0.00756	0.00661	0.00998
75	0.01683	0.01371	0.01463	0.01305	0.01678	0.01568	0.01018	0.03417	0.67947	0.06895	0.02625	0.02398	0.01950	0.00872	0.00657	0.00218	0.00514	0.00726	0.00666	0.01027
76	0.01525	0.01743	0.03813	0.02723	0.03377	0.01634	0.70915	0.02070	0.01525	0.02070	0.01307	0.01743	0.00980	0.00545	0.00763	0.00218	0.01089	0.00763	0.00327	0.00871
77	0.00832	0.00660	0.00906	0.00946	0.01072	0.00601	0.04527	0.00989	0.01327	0.01710	0.04242	0.50791	0.22776	0.01827	0.00807	0.00249	0.00410	0.04190	0.00584	0.00553
78	0.00771	0.00655	0.00664	0.00662	0.00877	0.00548	0.00496	0.00941	0.01489	0.01785	0.09651	0.06153	0.69870	0.01622	0.00764	0.00217	0.00326	0.01355	0.00605	0.00548
79	0.00875	0.00696	0.00790	0.00768	0.00960	0.00633	0.00575	0.01191	0.05774	0.02136	0.32723	0.08742	0.38832	0.01484	0.00760	0.00214	0.00331	0.01270	0.00648	0.00598
80	0.01391	0.02570	0.44109	0.07907	0.23227	0.01513	0.06183	0.02000	0.01399	0.02037	0.01183	0.01480	0.00890	0.00601	0.00632	0.00203	0.00902	0.00529	0.00291	0.00952
81	0.07597	0.15065	0.02466	0.10990	0.38561	0.05600	0.01618	0.07017	0.01529	0.02128	0.01142	0.01446	0.00942	0.00601	0.00580	0.00184	0.00762	0.00510	0.00339	0.00922
82	0.13419	0.01674	0.04933	0.04337	0.11000	0.01597	0.47430	0.03819	0.01486	0.02238	0.01235	0.01609	0.00940	0.00567	0.00685	0.00211	0.00947	0.00664	0.00343	0.00868
83	0.01271	0.01135	0.01582	0.01653	0.12372	0.01173	0.08115	0.02079	0.25966	0.02178	0.05741	0.18351	0.13303	0.01169	0.00721	0.00223	0.00545	0.01054	0.00554	0.00815
84	0.03880	0.01728	0.09889	0.02339	0.30072	0.07264	0.01500	0.05282	0.01552	0.08422	0.01298	0.01508	0.01014	0.00592	0.00586	0.00168	0.00718	0.00504	0.00391	0.21294
85	0.00898	0.00609	0.00717	0.00758	0.00768	0.00599	0.00448	0.00929	0.01021	0.01361	0.02453	0.24090	0.02875	0.56712	0.02615	0.00527	0.00558	0.01185	0.00448	0.00428
86	0.01434	0.09314	0.48493	0.01835	0.04409	0.01595	0.09538	0.07226	0.01482	0.02112	0.01236	0.01566	0.00954	0.05139	0.00774	0.00224	0.00904	0.00535	0.00316	0.00914
87	0.01837	0.39831	0.06859	0.05105	0.08667	0.10796	0.04942	0.11345	0.01635	0.01991	0.01075	0.01261	0.00893	0.00606	0.00527	0.00166	0.00801	0.00447	0.00340	0.00878
88	0.00768	0.00655	0.00661	0.00659	0.00876	0.00547	0.00494	0.00936	0.01483	0.01771	0.08539	0.06176	0.70990	0.01627	0.00764	0.00218	0.00327	0.01358	0.00603	0.00547
89	0.01605	0.06122	0.06368	0.08200	0.51614	0.01630	0.05107	0.05798	0.01521	0.02134	0.01202	0.01561	0.00988	0.00606	0.00671	0.00195	0.02806	0.00566	0.00330	0.00977
90	0.00940	0.00626	0.00705	0.00705	0.00705	0.00626	0.00392	0.00940	0.00940	0.01253	0.02036	0.04228	0.02349	0.77292	0.03289	0.00626	0.00626	0.00940	0.00392	0.00392
91	0.00795	0.00658	0.00687	0.00693	0.00892	0.00563	0.00520	0.00963	0.01460	0.01767	0.09234	0.06097	0.62280	0.05894	0.00913	0.00245	0.00357	0.04847	0.00593	0.00542
92	0.01727	0.77681	0.03386	0.01106	0.01658	0.02557	0.01106	0.01935	0.01313	0.01520	0.00898	0.01036	0.00829	0.00553	0.00415	0.00138	0.00691	0.00345	0.00276	0.00829
93	0.00923	0.00692	0.01038	0.01038	0.01154	0.00808	0.00808	0.01154	0.01038	0.01500	0.01731	0.02538	0.01615	0.04846	0.74732	0.01038	0.01731	0.00692	0.00346	0.00577
94	0.01340	0.01148	0.01340	0.00957	0.01531	0.00861	0.00766	0.01627	0.01340	0.02105	0.01148	0.01340	0.00957	0.00479	0.00479	0.00096	0.00479	0.00383	0.00383	0.81242
95	0.01296	0.03342	0.73944	0.01842	0.02797	0.01501	0.02387	0.02046	0.01364	0.02046	0.01160	0.01364	0.00818	0.00614	0.00614	0.00205	0.00955	0.00477	0.00273	0.00955
96	0.00940	0.00626	0.00705	0.00705	0.00705	0.00626	0.00392	0.00940	0.00940	0.01253	0.02036	0.04228	0.02349	0.77292	0.03289	0.00626	0.00626	0.00940	0.00392	0.00392
97	0.01256	0.01185	0.02002	0.69007	0.10904	0.01445	0.01812	0.01682	0.01309	0.01694	0.01155	0.01711	0.00877	0.00639	0.00645	0.00213	0.00853	0.00574	0.00290	0.00746
98	0.00940	0.00626	0.00705	0.00705	0.00705	0.00626	0.00392	0.00940	0.00940	0.01253	0.02036	0.04228	0.02349	0.77292	0.03289	0.00626	0.00626	0.00940	0.00392	0.00392
99	0.02433	0.02494	0.01881	0.01582	0.02000	0.41153	0.01239	0.34202	0.02388	0.02731	0.01254	0.01343	0.00955	0.00717	0.00612	0.00179	0.00956	0.00493	0.00478	0.00910
100	0.01617	0.01661	0.07309	0.05502	0.62874	0.01556	0.01963	0.05822	0.01547	0.02204	0.01229	0.01584	0.01010	0.00591	0.00638	0.00193	0.00779	0.00569	0.00334	0.01015
101	0.01992	0.02290	0.01831	0.01804	0.08942	0.42670	0.01285	0.06330	0.01641	0.01770	0.01130	0.01452	0.00975	0.01291	0.10769	0.00304	0.11909	0.00501	0.00345	0.00768
102	0.01296	0.03342	0.73944	0.01842	0.02797	0.01501	0.02387	0.02046	0.01364	0.02046	0.01160	0.01364	0.00818	0.00614	0.00614	0.00205	0.00955	0.00477	0.00273	0.00955
103	0.02899	0.01100	0.01499	0.01150	0.01649	0.00950	0.00950	0.03149	0.01849	0.73709	0.02549	0.02199	0.01599	0.00800	0.00650	0.00200	0.00550	0.00650	0.00800	0.01100
104	0.01581	0.01365	0.01436	0.01295	0.01655	0.01574	0.01006	0.03356	0.69920	0.02673	0.02750	0.02528	0.04160	0.00900	0.00661	0.00219	0.00506	0.00750	0.00656	0.01008
105	0.01296	0.03342	0.73944	0.01842	0.02797	0.01501	0.02387	0.02046	0.01364	0.02046	0.01160	0.01364	0.00818	0.00614	0.00614	0.00205	0.00955	0.00477	0.00273	0.00955
106	0.01041	0.00744	0.01041	0.01190	0.01339	0.00744	0.01041	0.01339	0.01487	0.01934	0.03421	0.07288	0.03719	0.01785	0.00892	0.00297	0.00595	0.68913	0.00595	0.00595
107	0.01340	0.01148	0.01340	0.00957	0.01531	0.00861	0.00766	0.01627	0.01340	0.02105	0.01148	0.01340	0.00957	0.00479	0.00479	0.00096	0.00479	0.00383	0.00383	0.81242
108	0.00940	0.00626	0.00705	0.00705	0.00705	0.00626	0.00392	0.00940	0.00940	0.01253	0.02036	0.04228	0.02349	0.77292	0.03289	0.00626	0.00626	0.00940	0.00392	0.00392
109	0.01220	0.01148	0.01938	0.75739	0.04450	0.01436	0.01794	0.01651	0.01292	0.01651	0.01148	0.01723	0.00861	0.00646	0.00646	0.00215	0.00861	0.00574	0.00287	0.00718
110	0.00923	0.00692	0.01038	0.01038	0.01154	0.00808	0.00808	0.01154	0.01038	0.01500	0.01731	0.02538	0.01615	0.04846	0.74732	0.01038	0.01731	0.00692	0.00346	0.00577
111	0.00896	0.00660	0.00838	0.00794	0.00954	0.00602	0.00595	0.01184	0.01786	0.02489	0.64917	0.04994	0.14164	0.01359	0.00762	0.00205	0.00308	0.01192	0.00698	0.00602
112	0.00976	0.00685	0.00926	0.01093	0.05266	0.00651	0.00713	0.01176	0.03445	0.05127	0.06934	0.56257	0.06511	0.04051	0.00871	0.00261	0.00419	0.03446	0.00594	0.00599
113	0.01818	0.67797	0.03180	0.01180	0.01703	0.12115	0.01125	0.02020	0.01382	0.01528	0.00912	0.01054	0.00830	0.00568	0.00437	0.00142	0.00754	0.00355	0.00284	0.00819
114	0.02228	0.09092	0.08986	0.01729	0.12416	0.01573	0.01336	0.20786	0.07013	0.25617	0.01797	0.01759	0.01257	0.00724	0.00621	0.00193	0.00675	0.00580	0.00576	0.01042

[dist]
# distance from previous block
# <min> <max>
0	1

[block]
# block no. 2 follows, 34 sequences, length 26
# corresponding to MSA columns:
# 278-303
name=unknown_C
#
# <colnr> <probs for GDERKNQSTAVLIFYWHMCP>
#	G	D	E	R	K	N	Q	S	T	A	V	L	I	F	Y	W	H	M	C	P
0	0.01844	0.08198	0.15532	0.04329	0.06476	0.11340	0.17530	0.07034	0.08690	0.10502	0.01489	0.01638	0.01097	0.00658	0.00641	0.00197	0.00871	0.00586	0.00422	0.00928
1	0.53252	0.03624	0.01432	0.01367	0.08856	0.11400	0.02795	0.04085	0.01339	0.05291	0.01038	0.01198	0.00808	0.00616	0.00476	0.00193	0.00646	0.00411	0.00400	0.00775
2	0.04224	0.04024	0.02425	0.18985	0.38230	0.06860	0.07737	0.02025	0.01468	0.06097	0.01249	0.01606	0.00987	0.00608	0.00633	0.00196	0.00821	0.00569	0.00343	0.00911
3	0.01340	0.01148	0.01340	0.00957	0.01531	0.00861	0.00766	0.01627	0.01340	0.02105	0.01148	0.01340	0.00957	0.00479	0.00479	0.00096	0.00479	0.00383	0.00383	0.81242
4	0.00764	0.00655	0.00655	0.00655	0.00873	0.00545	0.00491	0.00927	0.01473	0.01745	0.06546	0.06218	0.73000	0.01636	0.00764	0.00218	0.00327	0.01364	0.00600	0.00545
5	0.00787	0.00562	0.00750	0.00900	0.00937	0.00525	0.00600	0.00900	0.01237	0.01649	0.03561	0.76871	0.04274	0.02024	0.00825	0.00262	0.00375	0.01837	0.00600	0.00525
6	0.01340	0.01148	0.01340	0.00957	0.01531	0.00861	0.00766	0.01627	0.01340	0.02105	0.01148	0.01340	0.00957	0.00479	0.00479	0.00096	0.00479	0.00383	0.00383	0.81242
7	0.01440	0.07763	0.54692	0.04356	0.05923	0.01568	0.04827	0.03822	0.03170	0.04742	0.01248	0.01442	0.00901	0.00624	0.00612	0.00201	0.00899	0.00503	0.00316	0.00949
8	0.81856	0.01250	0.00950	0.00850	0.01250	0.01449	0.00700	0.01899	0.01100	0.02899	0.00900	0.01050	0.00700	0.00600	0.00400	0.00200	0.00500	0.00350	0.00400	0.00700
9	0.01041	0.00744	0.01041	0.01190	0.01339	0.00744	0.01041	0.01339	0.01487	0.01934	0.03421	0.07288	0.03719	0.01785	0.00892	0.00297	0.00595	0.68913	0.00595	0.00595
10	0.00808	0.00577	0.00773	0.00923	0.00969	0.00542	0.00635	0.00935	0.01257	0.01672	0.03550	0.71284	0.04229	0.02005	0.00830	0.00265	0.00393	0.07222	0.00599	0.00530
11	0.01699	0.22606	0.34171	0.01645	0.02359	0.08356	0.08089	0.04373	0.01500	0.07729	0.01214	0.01368	0.00910	0.00616	0.00576	0.00184	0.00876	0.00481	0.00339	0.00912
12	0.00787	0.00562	0.00750	0.00900	0.00937	0.00525	0.00600	0.00900	0.01237	0.01649	0.03561	0.76871	0.04274	0.02024	0.00825	0.00262	0.00375	0.01837	0.00600	0.00525
13	0.00764	0.00655	0.00655	0.00655	0.00873	0.00545	0.00491	0.00927	0.01473	0.01745	0.06546	0.06218	0.73000	0.01636	0.00764	0.00218	0.00327	0.01364	0.00600	0.00545
14	0.01599	0.01535	0.02623	0.03966	0.73262	0.01535	0.01983	0.01983	0.01471	0.02111	0.01215	0.01599	0.01023	0.00576	0.00640	0.00192	0.00768	0.00576	0.00320	0.01023
15	0.01419	0.01550	0.08574	0.19394	0.38801	0.01491	0.04148	0.01816	0.01382	0.01931	0.01491	0.01875	0.05322	0.00706	0.00778	0.00209	0.07283	0.00620	0.00322	0.00888
16	0.01727	0.77681	0.03386	0.01106	0.01658	0.02557	0.01106	0.01935	0.01313	0.01520	0.00898	0.01036	0.00829	0.00553	0.00415	0.00138	0.00691	0.00345	0.00276	0.00829
17	0.02484	0.01765	0.01911	0.01465	0.01981	0.01937	0.01210	0.66778	0.02962	0.08509	0.01615	0.01593	0.01131	0.00777	0.00647	0.00194	0.00701	0.00586	0.00656	0.01099
18	0.01562	0.02720	0.50259	0.01918	0.02751	0.01450	0.15551	0.02203	0.01463	0.11953	0.01380	0.01553	0.00958	0.00626	0.00648	0.00207	0.00925	0.00557	0.00356	0.00959
19	0.01509	0.01699	0.03654	0.07203	0.06083	0.01618	0.64114	0.02041	0.01509	0.02046	0.01294	0.01736	0.00975	0.00552	0.00751	0.00217	0.01063	0.00744	0.00324	0.00868
20	0.02374	0.01769	0.01893	0.01470	0.01972	0.01965	0.01208	0.64560	0.09719	0.03940	0.01656	0.01634	0.01183	0.00785	0.00647	0.00196	0.00692	0.00596	0.00647	0.01091
21	0.00786	0.00568	0.00744	0.00884	0.00933	0.00526	0.00593	0.00901	0.01252	0.01656	0.03751	0.72369	0.08652	0.02000	0.00821	0.00260	0.00372	0.01807	0.00600	0.00526
22	0.01727	0.77681	0.03386	0.01106	0.01658	0.02557	0.01106	0.01935	0.01313	0.01520	0.00898	0.01036	0.00829	0.00553	0.00415	0.00138	0.00691	0.00345	0.00276	0.00829
23	0.06706	0.72932	0.03234	0.01090	0.01633	0.02488	0.01080	0.01933	0.01300	0.01606	0.00898	0.01037	0.00821	0.00556	0.00414	0.00142	0.00679	0.00346	0.00284	0.00821
24	0.00796	0.00569	0.00744	0.00880	0.00921	0.00532	0.00584	0.00903	0.01227	0.01628	0.03566	0.70164	0.06391	0.06581	0.00972	0.00283	0.00389	0.01767	0.00587	0.00517
25	0.00821	0.00580	0.00736	0.00846	0.00882	0.00549	0.00549	0.00910	0.01179	0.01563	0.03327	0.57804	0.06401	0.19036	0.01380	0.00343	0.00430	0.01616	0.00553	0.00495

[dist]
# distance from previous block
# <min> <max>
0	1

# created by:
# /home/berkeley/.conda/envs/busco_data_prod/bin/msa2prfl.pl pipeline/OGs_align_augustus/4893/23734.fs
