[name]
unknown

[dist]
# distance from previous block
# <min> <max>
0	1

[block]
# block no. 0 follows, 34 sequences, length 44
# corresponding to MSA columns:
# 1-44
name=unknown_A
#
# <colnr> <probs for GDERKNQSTAVLIFYWHMCP>
#	G	D	E	R	K	N	Q	S	T	A	V	L	I	F	Y	W	H	M	C	P
0	0.00857	0.00633	0.00711	0.00742	0.00835	0.00588	0.00494	0.00950	0.01209	0.01530	0.03993	0.16208	0.28579	0.34092	0.01861	0.00404	0.00477	0.04846	0.00510	0.00479
1	0.01545	0.46306	0.33166	0.01416	0.02139	0.02111	0.01647	0.01982	0.01335	0.01742	0.01009	0.01175	0.00825	0.00579	0.00499	0.00166	0.00802	0.00401	0.00275	0.00882
2	0.01525	0.01743	0.03813	0.02723	0.03377	0.01634	0.70915	0.02070	0.01525	0.02070	0.01307	0.01743	0.00980	0.00545	0.00763	0.00218	0.01089	0.00763	0.00327	0.00871
3	0.00873	0.00600	0.00731	0.00793	0.00816	0.00582	0.00491	0.00935	0.01107	0.01482	0.05831	0.35441	0.03341	0.41613	0.02119	0.00451	0.00504	0.01335	0.00495	0.00458
4	0.05126	0.00978	0.01260	0.01031	0.01406	0.00899	0.00828	0.02505	0.06239	0.43461	0.22580	0.02929	0.02877	0.00944	0.00665	0.00200	0.00466	0.00790	0.03896	0.00920
5	0.00813	0.00656	0.00722	0.00706	0.00903	0.00566	0.00529	0.01022	0.01588	0.02020	0.28108	0.05766	0.51266	0.01534	0.00763	0.00213	0.00320	0.01300	0.00636	0.00566
6	0.00929	0.00626	0.00704	0.00708	0.00717	0.00621	0.00401	0.00938	0.00968	0.01282	0.02246	0.06305	0.05035	0.72398	0.03127	0.00601	0.00608	0.00980	0.00405	0.00401
7	0.01681	0.01425	0.01514	0.05282	0.01846	0.03546	0.01074	0.05657	0.61694	0.05046	0.02467	0.02304	0.01840	0.00853	0.00654	0.00216	0.00556	0.00706	0.00633	0.01004
8	0.05874	0.01149	0.01353	0.03443	0.01611	0.00966	0.00831	0.05748	0.01496	0.10188	0.04293	0.03904	0.01329	0.00625	0.00530	0.00132	0.00503	0.00505	0.00462	0.55058
9	0.05908	0.01680	0.02877	0.02137	0.02677	0.04850	0.41571	0.11615	0.06861	0.06379	0.01523	0.03888	0.01173	0.00683	0.00749	0.00214	0.03169	0.00718	0.00432	0.00897
10	0.81856	0.01250	0.00950	0.00850	0.01250	0.01449	0.00700	0.01899	0.01100	0.02899	0.00900	0.01050	0.00700	0.00600	0.00400	0.00200	0.00500	0.00350	0.00400	0.00700
11	0.01532	0.05140	0.18899	0.02280	0.02949	0.07390	0.43500	0.02102	0.03449	0.02012	0.01432	0.01742	0.03166	0.00612	0.00699	0.00208	0.01011	0.00674	0.00331	0.00873
12	0.00880	0.00641	0.00829	0.00820	0.00954	0.00589	0.00600	0.01139	0.01691	0.02355	0.55256	0.19014	0.09860	0.01478	0.00774	0.00216	0.00320	0.01311	0.00683	0.00589
13	0.00805	0.00577	0.00752	0.00872	0.00923	0.00538	0.00584	0.00928	0.01274	0.01703	0.08986	0.64105	0.06999	0.06494	0.00966	0.00278	0.00383	0.01712	0.00596	0.00524
14	0.00937	0.00679	0.00971	0.00971	0.01070	0.00772	0.00731	0.01136	0.01036	0.01500	0.01792	0.02786	0.01727	0.15542	0.61013	0.00941	0.01507	0.00726	0.03614	0.00550
15	0.07929	0.01774	0.08163	0.02397	0.10806	0.03652	0.37617	0.06370	0.01515	0.02188	0.01235	0.01614	0.00964	0.00772	0.03311	0.00243	0.07591	0.00647	0.00345	0.00868
16	0.00929	0.00668	0.00915	0.00915	0.00987	0.00741	0.00654	0.01074	0.01002	0.01408	0.01844	0.03164	0.01887	0.31679	0.48270	0.00886	0.01322	0.00784	0.00363	0.00508
17	0.06680	0.02671	0.01773	0.01560	0.01932	0.56029	0.01194	0.11224	0.01946	0.07454	0.01181	0.01286	0.00917	0.00686	0.00586	0.00174	0.01026	0.00451	0.00412	0.00817
18	0.01613	0.00965	0.01081	0.00889	0.01236	0.00908	0.00704	0.09873	0.04411	0.12357	0.02076	0.02184	0.04099	0.00739	0.00527	0.00155	0.00432	0.00591	0.36434	0.18725
19	0.01395	0.01145	0.01617	0.01383	0.01649	0.05001	0.13312	0.10409	0.01622	0.06806	0.07884	0.34177	0.02851	0.01457	0.03299	0.00259	0.03270	0.01196	0.00545	0.00725
20	0.63061	0.04079	0.01270	0.01198	0.06837	0.10701	0.00880	0.01992	0.01227	0.02627	0.00936	0.01106	0.00745	0.00605	0.00442	0.00193	0.00610	0.00375	0.00381	0.00735
21	0.01542	0.01477	0.02520	0.14705	0.62966	0.01520	0.01955	0.01933	0.01444	0.02042	0.01205	0.01618	0.00999	0.00586	0.00641	0.00195	0.00782	0.00575	0.00315	0.00978
22	0.01480	0.01414	0.02408	0.26476	0.51681	0.01504	0.01924	0.01879	0.01415	0.01967	0.01194	0.01638	0.00973	0.00598	0.00642	0.00199	0.00797	0.00575	0.00310	0.00928
23	0.01004	0.00637	0.00750	0.00760	0.00790	0.00623	0.00455	0.01035	0.01035	0.04696	0.02333	0.17152	0.02659	0.60243	0.02724	0.00541	0.00578	0.01087	0.00448	0.00448
24	0.05221	0.01376	0.01751	0.01369	0.01844	0.03273	0.06668	0.22341	0.02097	0.37371	0.02144	0.05079	0.01558	0.00856	0.00666	0.00206	0.00650	0.03847	0.00674	0.01012
25	0.01272	0.03213	0.70538	0.01798	0.02710	0.01455	0.02304	0.01993	0.01358	0.02028	0.01271	0.04879	0.00979	0.00680	0.00624	0.00207	0.00928	0.00541	0.00288	0.00935
26	0.03642	0.01404	0.01821	0.01568	0.04996	0.06661	0.12852	0.10269	0.15156	0.09404	0.07047	0.09513	0.08497	0.00980	0.00738	0.00213	0.02973	0.00858	0.00550	0.00858
27	0.01469	0.01653	0.03580	0.02585	0.03191	0.01550	0.65564	0.01981	0.01503	0.02038	0.01479	0.07460	0.01231	0.00657	0.00767	0.00221	0.01035	0.00844	0.00348	0.00845
28	0.00855	0.00650	0.00714	0.00700	0.00875	0.00575	0.00513	0.01055	0.01519	0.01993	0.24565	0.05367	0.42692	0.07895	0.00954	0.00243	0.00344	0.01215	0.06723	0.00555
29	0.02392	0.05455	0.01881	0.01647	0.01987	0.72401	0.01244	0.02560	0.01815	0.01579	0.00996	0.01161	0.00832	0.00662	0.00577	0.00166	0.01150	0.00414	0.00331	0.00752
30	0.03249	0.01337	0.02052	0.20673	0.29384	0.01392	0.01566	0.07080	0.03713	0.20724	0.01605	0.01797	0.01161	0.00674	0.00641	0.00201	0.00718	0.00596	0.00470	0.00967
31	0.00926	0.00633	0.00727	0.00719	0.00755	0.00619	0.00432	0.00984	0.01110	0.01493	0.13601	0.04430	0.06704	0.61132	0.02751	0.00537	0.00559	0.00999	0.00454	0.00435
32	0.00808	0.00649	0.00721	0.00719	0.00904	0.00562	0.00533	0.01007	0.01553	0.01975	0.24969	0.11660	0.48506	0.01580	0.00768	0.00218	0.00325	0.01348	0.00631	0.00562
33	0.02271	0.04041	0.01898	0.01482	0.01894	0.12614	0.01211	0.42899	0.02397	0.08237	0.01449	0.01554	0.01081	0.00976	0.04084	0.00236	0.09601	0.00558	0.00545	0.00971
34	0.01438	0.02059	0.22105	0.04180	0.07015	0.01662	0.28208	0.01988	0.04211	0.01966	0.01209	0.01585	0.00947	0.00712	0.01009	0.00227	0.17670	0.00624	0.00314	0.00869
35	0.00816	0.00587	0.00770	0.00881	0.00932	0.00566	0.00594	0.00931	0.01198	0.01598	0.03368	0.58048	0.07342	0.10101	0.08682	0.00378	0.00538	0.01602	0.00552	0.00517
36	0.00792	0.00647	0.00700	0.00714	0.00902	0.00556	0.00531	0.00970	0.01492	0.01846	0.14509	0.13951	0.55314	0.01643	0.00773	0.00223	0.00336	0.02935	0.00614	0.00552
37	0.08382	0.01481	0.01559	0.01300	0.01699	0.06550	0.03283	0.22416	0.20688	0.10815	0.06066	0.05887	0.05217	0.00908	0.00650	0.00206	0.00610	0.00736	0.00613	0.00934
38	0.02129	0.01742	0.02170	0.07321	0.02363	0.06253	0.12674	0.42939	0.04547	0.05405	0.01597	0.01885	0.01209	0.00772	0.00673	0.00204	0.00796	0.03788	0.00550	0.00985
39	0.09002	0.01214	0.01372	0.03301	0.01635	0.01031	0.00830	0.07544	0.01460	0.02333	0.01159	0.01342	0.00942	0.00520	0.00491	0.00118	0.00512	0.00402	0.00404	0.64387
40	0.04506	0.00937	0.01130	0.00954	0.01281	0.00869	0.00749	0.04156	0.07555	0.17850	0.31198	0.03497	0.10250	0.01049	0.00675	0.00191	0.00420	0.00888	0.00659	0.11186
41	0.04439	0.01317	0.01658	0.14811	0.07832	0.01431	0.01224	0.13403	0.21907	0.13531	0.02096	0.02287	0.03431	0.00820	0.00649	0.00207	0.00629	0.03666	0.00561	0.04100
42	0.01523	0.05388	0.05286	0.16462	0.26335	0.08353	0.03597	0.01992	0.07103	0.03523	0.04019	0.02061	0.06078	0.00842	0.02500	0.00220	0.02841	0.00639	0.00380	0.00858
43	0.09806	0.13633	0.07470	0.04269	0.22807	0.11118	0.01422	0.07917	0.05359	0.02247	0.06879	0.01681	0.01374	0.00683	0.00583	0.00185	0.00742	0.00545	0.00395	0.00885

[dist]
# distance from previous block
# <min> <max>
6	23

[block]
# block no. 1 follows, 34 sequences, length 26
# corresponding to MSA columns:
# 69-94
name=unknown_B
#
# <colnr> <probs for GDERKNQSTAVLIFYWHMCP>
#	G	D	E	R	K	N	Q	S	T	A	V	L	I	F	Y	W	H	M	C	P
0	0.03769	0.01030	0.01490	0.01762	0.19653	0.00996	0.03871	0.04524	0.03295	0.07094	0.09598	0.21728	0.14156	0.01215	0.00713	0.00215	0.00526	0.01085	0.00534	0.02744
1	0.03726	0.02012	0.01888	0.01853	0.12460	0.24058	0.01292	0.24750	0.06223	0.06247	0.01459	0.03416	0.01156	0.00856	0.02398	0.00212	0.04014	0.00571	0.00482	0.00925
2	0.03664	0.01070	0.01256	0.01160	0.03375	0.01104	0.00863	0.15909	0.12105	0.08485	0.15950	0.20976	0.03011	0.01182	0.00694	0.00211	0.00480	0.01018	0.03399	0.04088
3	0.06198	0.28188	0.02369	0.22120	0.08828	0.04673	0.01333	0.06694	0.02752	0.04344	0.01216	0.03515	0.01015	0.00656	0.00547	0.00178	0.00730	0.00509	0.00356	0.03779
4	0.11958	0.09465	0.02105	0.01484	0.01954	0.04999	0.09963	0.28848	0.05649	0.02868	0.01368	0.02987	0.01077	0.00726	0.00688	0.00191	0.05477	0.00561	0.00479	0.07152
5	0.01113	0.00846	0.01004	0.00933	0.00976	0.00959	0.00628	0.03574	0.05938	0.01497	0.01869	0.03559	0.02039	0.57164	0.02830	0.00528	0.12780	0.00853	0.00401	0.00510
6	0.05583	0.01288	0.01295	0.01112	0.01449	0.06660	0.00878	0.14984	0.17918	0.12215	0.06510	0.02224	0.01793	0.00895	0.02063	0.00205	0.00559	0.00646	0.20854	0.00871
7	0.08803	0.01107	0.01292	0.01076	0.01414	0.01131	0.00839	0.13485	0.08095	0.26555	0.05103	0.02549	0.01815	0.15985	0.06267	0.00341	0.00650	0.00701	0.01935	0.00855
8	0.01097	0.00735	0.00992	0.01092	0.01258	0.00708	0.00921	0.01355	0.01479	0.06412	0.03738	0.15025	0.11526	0.01734	0.00855	0.00278	0.00536	0.49037	0.00609	0.00613
9	0.01039	0.00691	0.00831	0.00812	0.00887	0.00730	0.00547	0.04086	0.01117	0.01611	0.01945	0.03394	0.01998	0.43400	0.21751	0.00647	0.00875	0.00808	0.12328	0.00502
10	0.01356	0.01325	0.01685	0.08570	0.04523	0.07744	0.01259	0.01658	0.05159	0.01636	0.01260	0.01811	0.01141	0.02087	0.22754	0.00478	0.33922	0.00600	0.00328	0.00704
11	0.01146	0.01451	0.20214	0.01195	0.03181	0.00930	0.01134	0.05382	0.01578	0.05149	0.18220	0.18128	0.17187	0.01267	0.00722	0.00217	0.00539	0.01089	0.00542	0.00729
12	0.01956	0.01782	0.06181	0.01407	0.01836	0.11564	0.01177	0.22790	0.27031	0.06784	0.05318	0.02277	0.01751	0.00865	0.00658	0.00206	0.00684	0.04173	0.00593	0.00966
13	0.01542	0.01464	0.02486	0.08706	0.64483	0.01483	0.01917	0.01924	0.01460	0.02069	0.01336	0.01931	0.01165	0.00649	0.00654	0.00199	0.00764	0.04455	0.00333	0.00978
14	0.01630	0.01623	0.03341	0.06261	0.03126	0.01588	0.54806	0.02106	0.01498	0.08780	0.01377	0.01757	0.01022	0.00624	0.00861	0.00222	0.07416	0.00725	0.00366	0.00871
15	0.01320	0.01119	0.01312	0.00979	0.01506	0.00878	0.00785	0.01674	0.04396	0.02140	0.04036	0.01825	0.01337	0.00595	0.00518	0.00115	0.00479	0.03974	0.00418	0.70592
16	0.01308	0.04068	0.35273	0.13464	0.02588	0.01432	0.01767	0.01804	0.01285	0.01894	0.01134	0.01498	0.00900	0.02867	0.00863	0.00206	0.10708	0.00497	0.00301	0.16143
17	0.00795	0.00585	0.00739	0.00849	0.00921	0.00536	0.00576	0.00924	0.01300	0.01706	0.07940	0.59017	0.15541	0.04227	0.00887	0.00263	0.00371	0.01694	0.00600	0.00529
18	0.00982	0.00713	0.00929	0.00906	0.01011	0.00766	0.00654	0.04012	0.01185	0.01637	0.08189	0.03470	0.06720	0.27560	0.37587	0.00747	0.01121	0.00850	0.00421	0.00540
19	0.00927	0.00648	0.00830	0.00836	0.00881	0.00689	0.00554	0.01017	0.00988	0.01361	0.01985	0.06576	0.02156	0.47350	0.29676	0.00764	0.01026	0.00885	0.00383	0.00466
20	0.00874	0.00632	0.00817	0.00826	0.00943	0.00584	0.00593	0.01108	0.01616	0.02243	0.48217	0.24677	0.08313	0.04512	0.00879	0.00237	0.00338	0.01352	0.00663	0.00575
21	0.01217	0.00759	0.00920	0.00839	0.01065	0.00704	0.00643	0.01581	0.06154	0.11926	0.39111	0.04408	0.18887	0.01241	0.00714	0.00202	0.00355	0.01064	0.07524	0.00687
22	0.01831	0.01499	0.01587	0.01360	0.01766	0.01712	0.01077	0.21293	0.53870	0.03064	0.02345	0.02184	0.01742	0.00850	0.00655	0.00212	0.00564	0.00691	0.00655	0.01043
23	0.00928	0.00672	0.00934	0.00934	0.01014	0.00751	0.00678	0.01087	0.01008	0.01423	0.01826	0.03066	0.01844	0.27452	0.52439	0.00910	0.01386	0.00769	0.00360	0.00519
24	0.02562	0.01116	0.01462	0.01127	0.01606	0.00985	0.00924	0.07475	0.01882	0.56520	0.08206	0.02295	0.01881	0.00812	0.00643	0.00190	0.00534	0.00664	0.00744	0.08372
25	0.05329	0.05310	0.34248	0.01535	0.02242	0.01560	0.01665	0.20487	0.01892	0.17293	0.01527	0.01559	0.01048	0.00692	0.00613	0.00198	0.00778	0.00530	0.00485	0.01007

[dist]
# distance from previous block
# <min> <max>
0	1

[block]
# block no. 2 follows, 34 sequences, length 26
# corresponding to MSA columns:
# 96-121
name=unknown_C
#
# <colnr> <probs for GDERKNQSTAVLIFYWHMCP>
#	G	D	E	R	K	N	Q	S	T	A	V	L	I	F	Y	W	H	M	C	P
0	0.01494	0.01926	0.15397	0.04222	0.02989	0.03331	0.45701	0.02017	0.01483	0.04038	0.01391	0.04906	0.01104	0.00629	0.00709	0.00207	0.00974	0.00717	0.00346	0.06422
1	0.02041	0.05288	0.07113	0.01504	0.03914	0.03838	0.01254	0.39902	0.19377	0.03256	0.01809	0.04716	0.01394	0.00819	0.00641	0.00200	0.00680	0.00645	0.00585	0.01023
2	0.00800	0.00593	0.00751	0.00871	0.00952	0.00544	0.00608	0.00935	0.01301	0.01688	0.04149	0.57965	0.17989	0.01930	0.00817	0.00256	0.00380	0.06336	0.00600	0.00534
3	0.01393	0.08156	0.41281	0.01964	0.02729	0.01584	0.21469	0.02089	0.06016	0.02041	0.01374	0.04527	0.01078	0.00663	0.00652	0.00207	0.00921	0.00619	0.00326	0.00909
4	0.00841	0.00648	0.00973	0.01033	0.01115	0.00606	0.05731	0.00985	0.01258	0.01680	0.03397	0.71388	0.04033	0.01916	0.00820	0.00259	0.00427	0.01758	0.00580	0.00550
5	0.02069	0.09948	0.01858	0.01533	0.03803	0.46165	0.01156	0.05990	0.08873	0.01879	0.04150	0.04469	0.03846	0.00789	0.00601	0.00178	0.00926	0.00569	0.00410	0.00790
6	0.01599	0.08832	0.05893	0.16604	0.11070	0.07452	0.24924	0.04393	0.01525	0.04018	0.03894	0.01703	0.01137	0.00646	0.00713	0.00203	0.03573	0.00624	0.00349	0.00848
7	0.01288	0.06421	0.67064	0.01761	0.02650	0.01495	0.02238	0.01982	0.01355	0.02003	0.01274	0.05291	0.00999	0.00685	0.00616	0.00205	0.00913	0.00543	0.00290	0.00927
8	0.02752	0.01174	0.01526	0.01187	0.01676	0.01080	0.00975	0.07771	0.08281	0.62579	0.02489	0.02175	0.01599	0.00805	0.00650	0.00201	0.00557	0.00652	0.00776	0.01093
9	0.01564	0.02845	0.51833	0.01887	0.02715	0.05281	0.12333	0.02199	0.01466	0.09886	0.01325	0.01502	0.00929	0.00627	0.00638	0.00204	0.00941	0.00535	0.00342	0.00948
10	0.01611	0.04453	0.31521	0.02232	0.09443	0.01613	0.23901	0.10295	0.01642	0.05158	0.01307	0.01553	0.00954	0.00613	0.00663	0.00204	0.00927	0.00593	0.00360	0.00954
11	0.01152	0.00935	0.01058	0.01010	0.01240	0.00985	0.00767	0.02007	0.29236	0.02369	0.24519	0.13555	0.13872	0.01299	0.00734	0.00222	0.00407	0.03228	0.00656	0.00751
12	0.00797	0.00578	0.00753	0.00873	0.00935	0.00534	0.00593	0.00932	0.01310	0.01745	0.10290	0.64856	0.09558	0.01929	0.00814	0.00254	0.00365	0.01739	0.00610	0.00534
13	0.04774	0.25022	0.02413	0.07254	0.10422	0.10407	0.06339	0.06002	0.07231	0.07041	0.06028	0.01691	0.01368	0.00683	0.00575	0.00180	0.00742	0.00548	0.00413	0.00867
14	0.00886	0.00606	0.00802	0.00908	0.00987	0.00563	0.00637	0.01038	0.01347	0.04141	0.11156	0.59237	0.07102	0.01877	0.00814	0.00254	0.00385	0.06084	0.00618	0.00558
15	0.26101	0.01183	0.01311	0.01065	0.01493	0.01200	0.00870	0.09996	0.04361	0.34394	0.09845	0.02088	0.01795	0.00799	0.00588	0.00200	0.00524	0.00614	0.00649	0.00923
16	0.01036	0.00878	0.00931	0.00950	0.01131	0.03550	0.00691	0.01570	0.17797	0.01952	0.06513	0.33590	0.23801	0.01569	0.00757	0.00234	0.00420	0.01365	0.00607	0.00658
17	0.04576	0.08969	0.02320	0.02438	0.29545	0.11395	0.05995	0.09142	0.04131	0.10778	0.01462	0.01751	0.01159	0.00679	0.00621	0.00191	0.00780	0.02686	0.00431	0.00951
18	0.00787	0.00562	0.00750	0.00900	0.00937	0.00525	0.00600	0.00900	0.01237	0.01649	0.03561	0.76871	0.04274	0.02024	0.00825	0.00262	0.00375	0.01837	0.00600	0.00525
19	0.01122	0.00561	0.00842	0.00842	0.00842	0.00561	0.00561	0.00842	0.00842	0.01122	0.01122	0.01964	0.01122	0.02245	0.02525	0.81201	0.00561	0.00561	0.00281	0.00281
20	0.01822	0.30427	0.24499	0.01567	0.04934	0.17413	0.01552	0.02197	0.01484	0.06984	0.01133	0.01271	0.00891	0.00614	0.00537	0.00171	0.00865	0.00432	0.00327	0.00878
21	0.02456	0.01810	0.01939	0.01487	0.02004	0.02004	0.01228	0.71107	0.03038	0.04072	0.01551	0.01551	0.01099	0.00776	0.00646	0.00194	0.00711	0.00582	0.00646	0.01099
22	0.00787	0.00562	0.00750	0.00900	0.00937	0.00525	0.00600	0.00900	0.01237	0.01649	0.03561	0.76871	0.04274	0.02024	0.00825	0.00262	0.00375	0.01837	0.00600	0.00525
23	0.34811	0.12056	0.15931	0.01368	0.03797	0.04881	0.03649	0.01922	0.01233	0.02257	0.00980	0.01206	0.00791	0.00653	0.00671	0.00197	0.09342	0.00424	0.00337	0.03493
24	0.00789	0.00580	0.00740	0.00859	0.00929	0.00532	0.00584	0.00918	0.01299	0.01705	0.07061	0.63088	0.14677	0.01935	0.00813	0.00253	0.00365	0.01736	0.00605	0.00532
25	0.02083	0.10657	0.01937	0.03602	0.04254	0.38878	0.01197	0.14546	0.01868	0.02051	0.01253	0.04202	0.01078	0.01030	0.06168	0.00238	0.01004	0.00521	0.00394	0.03039

[dist]
# distance from previous block
# <min> <max>
0	17

[block]
# block no. 3 follows, 34 sequences, length 39
# corresponding to MSA columns:
# 139-177
name=unknown_D
#
# <colnr> <probs for GDERKNQSTAVLIFYWHMCP>
#	G	D	E	R	K	N	Q	S	T	A	V	L	I	F	Y	W	H	M	C	P
0	0.02163	0.08598	0.06300	0.01922	0.09575	0.48806	0.05327	0.06404	0.01779	0.01832	0.01073	0.01267	0.00875	0.00644	0.00591	0.00174	0.01044	0.00460	0.00342	0.00823
1	0.06671	0.00982	0.01271	0.03506	0.03963	0.04956	0.04905	0.01374	0.01131	0.01660	0.01617	0.02565	0.01554	0.19327	0.32834	0.00652	0.04879	0.00693	0.04861	0.00599
2	0.01385	0.01112	0.01263	0.06372	0.01592	0.05036	0.02603	0.04204	0.20853	0.07172	0.16650	0.07787	0.14393	0.01138	0.00704	0.00214	0.00514	0.03419	0.02812	0.00776
3	0.06015	0.37093	0.06059	0.00995	0.01346	0.01610	0.00904	0.01500	0.01161	0.01519	0.01474	0.01970	0.06004	0.09060	0.01262	0.19911	0.00631	0.00537	0.00319	0.00630
4	0.01015	0.00862	0.03529	0.00866	0.01097	0.00762	0.00689	0.05307	0.06517	0.02293	0.30259	0.09961	0.28355	0.01371	0.00735	0.00211	0.00379	0.01173	0.03968	0.00650
5	0.00955	0.00693	0.00875	0.00958	0.01048	0.00692	0.00669	0.03378	0.08275	0.01833	0.05665	0.56738	0.03775	0.03307	0.00948	0.04916	0.00419	0.03686	0.00588	0.00580
6	0.04156	0.11131	0.23662	0.01738	0.02337	0.08873	0.16311	0.02139	0.04157	0.07856	0.02881	0.01636	0.01126	0.00923	0.05348	0.00251	0.03674	0.00568	0.00367	0.00868
7	0.38347	0.27408	0.04238	0.01155	0.04213	0.04242	0.00993	0.04673	0.01341	0.06891	0.01053	0.01172	0.00837	0.00605	0.00452	0.00177	0.00622	0.00391	0.00384	0.00806
8	0.06822	0.00769	0.00923	0.00920	0.01111	0.00747	0.00688	0.01569	0.05753	0.12496	0.09757	0.33046	0.08210	0.01444	0.00716	0.00229	0.00413	0.05154	0.08560	0.00672
9	0.04991	0.26222	0.27066	0.01639	0.03778	0.07523	0.08112	0.07515	0.03827	0.02065	0.01148	0.01322	0.00897	0.00612	0.00558	0.00181	0.00844	0.00471	0.00332	0.00896
10	0.01614	0.26272	0.39581	0.01637	0.04792	0.06311	0.01806	0.04729	0.01463	0.04618	0.01137	0.01297	0.00870	0.00610	0.00553	0.00181	0.00855	0.00447	0.00313	0.00916
11	0.03614	0.25660	0.09399	0.01819	0.10084	0.01808	0.14135	0.04483	0.05351	0.03530	0.03245	0.04806	0.03510	0.00739	0.00684	0.00192	0.05083	0.00624	0.00374	0.00860
12	0.00808	0.00609	0.00740	0.00818	0.00925	0.00551	0.00574	0.00958	0.01367	0.01770	0.11548	0.42536	0.25481	0.04757	0.00898	0.00258	0.00370	0.03890	0.00603	0.00537
13	0.07022	0.03300	0.13266	0.03252	0.10945	0.04101	0.01323	0.17243	0.04131	0.08795	0.05867	0.09696	0.01805	0.03283	0.00733	0.00220	0.00678	0.02949	0.00504	0.00885
14	0.01597	0.01556	0.02516	0.08687	0.59315	0.03921	0.04204	0.02073	0.05888	0.02097	0.01295	0.01649	0.01064	0.00601	0.00643	0.00195	0.00782	0.00586	0.00339	0.00988
15	0.00939	0.00629	0.00716	0.00716	0.00720	0.00633	0.00406	0.00947	0.00943	0.01261	0.02026	0.04171	0.02324	0.74848	0.05700	0.00640	0.00664	0.00931	0.00390	0.00398
16	0.13153	0.49287	0.16716	0.01323	0.04610	0.02153	0.01330	0.01953	0.01298	0.01844	0.00962	0.01124	0.00816	0.00572	0.00460	0.00162	0.00718	0.00381	0.00295	0.00843
17	0.01553	0.02108	0.22093	0.05390	0.24370	0.03872	0.17368	0.05402	0.07388	0.02192	0.01345	0.01623	0.01028	0.00619	0.00660	0.00204	0.00883	0.00599	0.00351	0.00954
18	0.00924	0.00688	0.01015	0.01015	0.01122	0.00795	0.00779	0.01139	0.01032	0.01483	0.01752	0.02657	0.01667	0.09914	0.69734	0.01010	0.01653	0.00710	0.00349	0.00564
19	0.00871	0.00598	0.00725	0.00792	0.00809	0.00581	0.00485	0.00922	0.01073	0.01431	0.02722	0.36892	0.03214	0.43448	0.02181	0.00463	0.00513	0.01343	0.00485	0.00451
20	0.07822	0.01401	0.06977	0.26520	0.22633	0.01391	0.01583	0.02009	0.08630	0.05828	0.04362	0.02058	0.03283	0.00728	0.00636	0.00208	0.00719	0.01953	0.00400	0.00859
21	0.01753	0.00945	0.01181	0.01019	0.01336	0.00902	0.00798	0.02282	0.14207	0.28869	0.24324	0.08274	0.09103	0.01121	0.00706	0.00210	0.00439	0.00959	0.00718	0.00854
22	0.01560	0.01485	0.02522	0.03785	0.69105	0.01482	0.01904	0.01939	0.01492	0.02139	0.05338	0.01785	0.01315	0.00619	0.00647	0.00193	0.00741	0.00610	0.00342	0.01000
23	0.00916	0.00676	0.00982	0.00992	0.01089	0.00769	0.00747	0.01113	0.01040	0.01482	0.01885	0.07615	0.01873	0.12839	0.61809	0.00941	0.01517	0.00795	0.00368	0.00553
24	0.01622	0.07989	0.48912	0.01690	0.02455	0.13182	0.01949	0.02276	0.05676	0.06483	0.01291	0.01426	0.00939	0.00645	0.00600	0.00195	0.00919	0.00485	0.00339	0.00927
25	0.01670	0.12651	0.44530	0.01623	0.02397	0.01715	0.01875	0.15705	0.04049	0.05937	0.01319	0.01434	0.00952	0.00655	0.00597	0.00194	0.00838	0.00497	0.00385	0.00976
26	0.01581	0.01251	0.01314	0.01153	0.01453	0.05424	0.00914	0.28720	0.02068	0.02686	0.07580	0.10476	0.15905	0.04117	0.05201	0.00280	0.00651	0.07861	0.00587	0.00779
27	0.01197	0.00928	0.01255	0.01538	0.17928	0.00873	0.00932	0.04066	0.01580	0.06315	0.12092	0.07955	0.32631	0.01257	0.00718	0.00210	0.00466	0.03446	0.03893	0.00722
28	0.04514	0.01672	0.11090	0.08850	0.36425	0.03220	0.01691	0.04982	0.03771	0.10185	0.03802	0.01741	0.01234	0.00654	0.00628	0.00194	0.00739	0.00578	0.00407	0.03621
29	0.06808	0.01415	0.04857	0.05737	0.14642	0.03599	0.08072	0.07765	0.07283	0.09409	0.08255	0.02111	0.01665	0.02930	0.06867	0.00280	0.03237	0.00657	0.00466	0.03946
30	0.07385	0.09746	0.09679	0.01698	0.13916	0.04382	0.01269	0.15904	0.07263	0.02527	0.09897	0.02196	0.05200	0.03474	0.00706	0.00205	0.00658	0.00647	0.00472	0.02777
31	0.03655	0.06965	0.03813	0.04528	0.04034	0.05549	0.10576	0.01944	0.11023	0.07175	0.06703	0.12590	0.10129	0.01033	0.00770	0.00213	0.05422	0.00884	0.00491	0.02504
32	0.01682	0.03376	0.04186	0.01992	0.19531	0.06388	0.06179	0.13008	0.08870	0.06678	0.11245	0.02535	0.07774	0.02794	0.00735	0.00209	0.00674	0.00741	0.00509	0.00894
33	0.04538	0.03002	0.05960	0.01771	0.12176	0.15749	0.03404	0.14091	0.10823	0.07381	0.01816	0.06509	0.03806	0.00806	0.00630	0.00192	0.00742	0.00655	0.00485	0.05465
34	0.07294	0.01401	0.01652	0.06825	0.17530	0.06933	0.01183	0.12494	0.08408	0.04119	0.06429	0.04778	0.05955	0.05218	0.00783	0.00218	0.00648	0.00699	0.00478	0.06955
35	0.06975	0.06565	0.15487	0.01617	0.09130	0.08318	0.01349	0.12858	0.11977	0.02464	0.06036	0.01803	0.01437	0.02638	0.00662	0.00196	0.00710	0.00565	0.00448	0.08764
36	0.06243	0.05312	0.13593	0.01646	0.12125	0.05996	0.01301	0.11659	0.06196	0.04981	0.03885	0.02078	0.08390	0.00761	0.00600	0.00182	0.00667	0.00610	0.02241	0.11534
37	0.04189	0.05038	0.07625	0.06411	0.01897	0.10419	0.04293	0.08634	0.03153	0.11933	0.06281	0.11531	0.01844	0.04275	0.00793	0.00215	0.02577	0.00751	0.00489	0.07651
38	0.03862	0.08520	0.13315	0.01693	0.07913	0.04879	0.09179	0.12579	0.06442	0.13722	0.05299	0.02094	0.06091	0.00772	0.00639	0.00197	0.00727	0.00651	0.00497	0.00930

[dist]
# distance from previous block
# <min> <max>
4	26

[block]
# block no. 4 follows, 34 sequences, length 26
# corresponding to MSA columns:
# 204-229
name=unknown_E
#
# <colnr> <probs for GDERKNQSTAVLIFYWHMCP>
#	G	D	E	R	K	N	Q	S	T	A	V	L	I	F	Y	W	H	M	C	P
0	0.01630	0.04090	0.05930	0.05376	0.24973	0.05067	0.03874	0.09266	0.07486	0.06289	0.04454	0.07831	0.03968	0.02552	0.00711	0.00207	0.00693	0.00725	0.00455	0.04422
1	0.06906	0.04993	0.05047	0.05779	0.23328	0.07668	0.01387	0.13460	0.06592	0.05112	0.06368	0.04995	0.01544	0.00761	0.00623	0.00193	0.00701	0.00636	0.00456	0.03452
2	0.08804	0.01631	0.01998	0.04504	0.17765	0.12190	0.09135	0.12248	0.03356	0.06139	0.01826	0.06959	0.06127	0.00829	0.00703	0.00204	0.03568	0.00701	0.00447	0.00865
3	0.06101	0.01620	0.02259	0.06090	0.39484	0.09289	0.05486	0.04286	0.01548	0.08537	0.01294	0.01567	0.01021	0.00621	0.00652	0.00188	0.02536	0.00550	0.00381	0.06490
4	0.10127	0.01577	0.04036	0.02654	0.35195	0.03935	0.08511	0.09495	0.04281	0.09348	0.03666	0.01721	0.01233	0.00657	0.00631	0.00197	0.00739	0.00596	0.00434	0.00966
5	0.01888	0.01678	0.02295	0.02565	0.30525	0.11636	0.10769	0.05373	0.06671	0.11994	0.03533	0.01776	0.01282	0.00662	0.00647	0.00191	0.00789	0.00608	0.00441	0.04677
6	0.01713	0.01608	0.02156	0.08334	0.30920	0.08255	0.05474	0.13151	0.08998	0.02411	0.05092	0.01941	0.03467	0.00716	0.00650	0.00195	0.00751	0.00636	0.00435	0.03099
7	0.04526	0.05062	0.04599	0.01931	0.15659	0.07820	0.06163	0.16867	0.13490	0.06303	0.03382	0.03352	0.01372	0.00729	0.00626	0.00191	0.00714	0.00614	0.00490	0.06109
8	0.23411	0.01580	0.01718	0.01455	0.03722	0.11531	0.10863	0.10028	0.10277	0.08089	0.05115	0.03597	0.04368	0.00779	0.00604	0.00202	0.00692	0.00634	0.00496	0.00841
9	0.12906	0.01776	0.01880	0.01804	0.12019	0.16113	0.07620	0.17414	0.07874	0.02558	0.01700	0.04537	0.04966	0.00771	0.00618	0.00194	0.00758	0.00627	0.00462	0.03401
10	0.13737	0.01871	0.01589	0.04637	0.04258	0.27053	0.03553	0.06661	0.11070	0.04915	0.09409	0.02067	0.04913	0.00804	0.00611	0.00193	0.00767	0.00617	0.00474	0.00801
11	0.15507	0.01531	0.01910	0.01631	0.06302	0.08103	0.13401	0.16378	0.01817	0.10022	0.07129	0.05293	0.04112	0.00824	0.00687	0.00205	0.03092	0.00694	0.00505	0.00859
12	0.25525	0.01576	0.02145	0.02464	0.30973	0.04614	0.09739	0.11320	0.01594	0.02582	0.01169	0.01429	0.00925	0.00610	0.00582	0.00197	0.00736	0.00525	0.00389	0.00908
13	0.47787	0.01496	0.01311	0.01100	0.01530	0.06263	0.00896	0.18776	0.04783	0.08758	0.01271	0.01330	0.00932	0.00675	0.00502	0.00197	0.00598	0.00451	0.00498	0.00845
14	0.01220	0.01148	0.01938	0.75739	0.04450	0.01436	0.01794	0.01651	0.01292	0.01651	0.01148	0.01723	0.00861	0.00646	0.00646	0.00215	0.00861	0.00574	0.00287	0.00718
15	0.01522	0.01455	0.02464	0.11572	0.62712	0.01482	0.01898	0.01902	0.01452	0.02046	0.01438	0.01812	0.04109	0.00629	0.00646	0.00196	0.00759	0.00610	0.00328	0.00970
16	0.01122	0.00561	0.00842	0.00842	0.00842	0.00561	0.00561	0.00842	0.00842	0.01122	0.01122	0.01964	0.01122	0.02245	0.02525	0.81201	0.00561	0.00561	0.00281	0.00281
17	0.71456	0.05175	0.01142	0.00928	0.01330	0.07443	0.00764	0.01956	0.01169	0.02724	0.00908	0.01058	0.00717	0.00603	0.00415	0.00194	0.00563	0.00355	0.00388	0.00710
18	0.01421	0.01182	0.01879	0.56785	0.03773	0.01394	0.03644	0.07358	0.01493	0.06858	0.01583	0.02116	0.04018	0.00744	0.00663	0.00215	0.00803	0.02925	0.00376	0.00768
19	0.04738	0.54398	0.02857	0.01225	0.01720	0.18714	0.01116	0.02139	0.01449	0.05149	0.01003	0.01123	0.00863	0.00592	0.00464	0.00150	0.00784	0.00377	0.00319	0.00820
20	0.81856	0.01250	0.00950	0.00850	0.01250	0.01449	0.00700	0.01899	0.01100	0.02899	0.00900	0.01050	0.00700	0.00600	0.00400	0.00200	0.00500	0.00350	0.00400	0.00700
21	0.09821	0.01101	0.01238	0.01183	0.01448	0.06072	0.04019	0.04102	0.09148	0.05149	0.06991	0.07250	0.10939	0.01320	0.00745	0.00243	0.00584	0.27374	0.00569	0.00705
22	0.00938	0.00685	0.00912	0.01029	0.01162	0.00659	0.00840	0.01176	0.01449	0.01884	0.08157	0.22928	0.13186	0.01791	0.00852	0.00273	0.00491	0.40409	0.00604	0.00573
23	0.01321	0.18756	0.48730	0.01551	0.02296	0.01592	0.01866	0.01873	0.01356	0.01911	0.03809	0.09379	0.01366	0.00774	0.00599	0.00197	0.00815	0.00616	0.00323	0.00871
24	0.01534	0.44377	0.34996	0.01435	0.02168	0.02084	0.01680	0.01985	0.01336	0.01756	0.01015	0.01183	0.00824	0.00580	0.00504	0.00168	0.00809	0.00405	0.00275	0.00886
25	0.04443	0.04150	0.11617	0.01315	0.01770	0.05146	0.01174	0.15961	0.28741	0.02676	0.05946	0.02506	0.09984	0.00900	0.00646	0.00205	0.00619	0.00720	0.00560	0.00921

[dist]
# distance from previous block
# <min> <max>
1	3

[block]
# block no. 5 follows, 34 sequences, length 15
# corresponding to MSA columns:
# 233-247
name=unknown_F
#
# <colnr> <probs for GDERKNQSTAVLIFYWHMCP>
#	G	D	E	R	K	N	Q	S	T	A	V	L	I	F	Y	W	H	M	C	P
0	0.14188	0.01486	0.09587	0.01364	0.06077	0.06373	0.03779	0.05363	0.06957	0.10772	0.10374	0.04699	0.12240	0.01047	0.02732	0.00228	0.00640	0.00765	0.00520	0.00810
1	0.01644	0.58248	0.07097	0.01185	0.01697	0.05307	0.01167	0.01956	0.04265	0.01633	0.01214	0.01653	0.01127	0.00830	0.03266	0.00193	0.00751	0.05634	0.00321	0.00814
2	0.02126	0.10307	0.01755	0.01232	0.01675	0.01472	0.01028	0.24095	0.07774	0.22491	0.04662	0.06176	0.01800	0.00905	0.00643	0.00197	0.00596	0.05416	0.00629	0.05021
3	0.05777	0.07491	0.04790	0.01553	0.07185	0.01737	0.01230	0.33720	0.08211	0.13370	0.01623	0.01639	0.01175	0.00745	0.00672	0.00193	0.03780	0.00563	0.00566	0.03981
4	0.03865	0.01461	0.01899	0.03513	0.12796	0.03960	0.06708	0.19231	0.12681	0.12567	0.05841	0.06465	0.01719	0.00852	0.00717	0.00208	0.03283	0.00723	0.00558	0.00952
5	0.00787	0.00562	0.00750	0.00900	0.00937	0.00525	0.00600	0.00900	0.01237	0.01649	0.03561	0.76871	0.04274	0.02024	0.00825	0.00262	0.00375	0.01837	0.00600	0.00525
6	0.01727	0.77681	0.03386	0.01106	0.01658	0.02557	0.01106	0.01935	0.01313	0.01520	0.00898	0.01036	0.00829	0.00553	0.00415	0.00138	0.00691	0.00345	0.00276	0.00829
7	0.00940	0.00626	0.00705	0.00705	0.00705	0.00626	0.00392	0.00940	0.00940	0.01253	0.02036	0.04228	0.02349	0.77292	0.03289	0.00626	0.00626	0.00940	0.00392	0.00392
8	0.02456	0.01810	0.01939	0.01487	0.02004	0.02004	0.01228	0.71107	0.03038	0.04072	0.01551	0.01551	0.01099	0.00776	0.00646	0.00194	0.00711	0.00582	0.00646	0.01099
9	0.04649	0.05669	0.31877	0.04206	0.02279	0.01530	0.01616	0.17520	0.03795	0.07535	0.01364	0.01478	0.00987	0.00649	0.00590	0.00184	0.00760	0.00500	0.00425	0.12388
10	0.08123	0.08938	0.11372	0.01416	0.04395	0.04456	0.01243	0.23653	0.05809	0.10376	0.01869	0.01889	0.06620	0.00778	0.00638	0.00191	0.02570	0.00587	0.00512	0.04564
11	0.16918	0.06187	0.01664	0.01382	0.04252	0.23940	0.01056	0.14625	0.04385	0.06221	0.03757	0.04104	0.01252	0.00734	0.00565	0.00180	0.00753	0.00532	0.00461	0.07034
12	0.06780	0.12062	0.04715	0.06709	0.09773	0.06168	0.03982	0.18362	0.12448	0.05770	0.01709	0.01911	0.03297	0.00754	0.00611	0.00195	0.00711	0.02637	0.00481	0.00925
13	0.03415	0.11501	0.06372	0.01840	0.15171	0.10316	0.03994	0.07625	0.04391	0.07463	0.04111	0.04434	0.01375	0.00982	0.05130	0.00236	0.03541	0.00596	0.00421	0.07086
14	0.06435	0.06533	0.13894	0.01460	0.06425	0.09415	0.01252	0.14291	0.01786	0.10692	0.06694	0.02127	0.06936	0.02613	0.00673	0.00196	0.00697	0.00620	0.00484	0.06778

[dist]
# distance from previous block
# <min> <max>
1	12

[block]
# block no. 6 follows, 34 sequences, length 36
# corresponding to MSA columns:
# 260-295
name=unknown_G
#
# <colnr> <probs for GDERKNQSTAVLIFYWHMCP>
#	G	D	E	R	K	N	Q	S	T	A	V	L	I	F	Y	W	H	M	C	P
0	0.06879	0.04565	0.03178	0.03606	0.03764	0.08597	0.02777	0.18069	0.07814	0.13256	0.06894	0.10711	0.01911	0.01093	0.03756	0.00238	0.00697	0.00759	0.00560	0.00877
1	0.01542	0.04874	0.19553	0.01452	0.04562	0.07504	0.03428	0.08970	0.03789	0.07367	0.05051	0.13312	0.05720	0.03554	0.00744	0.00214	0.00698	0.00802	0.00467	0.06396
2	0.01496	0.19747	0.09947	0.01182	0.01578	0.08895	0.01078	0.07162	0.04431	0.04119	0.20243	0.08660	0.04791	0.00997	0.00637	0.00192	0.00620	0.02953	0.00498	0.00774
3	0.04570	0.10205	0.01697	0.04203	0.01740	0.03021	0.01010	0.12100	0.13370	0.23278	0.02189	0.04302	0.04512	0.00840	0.00616	0.00192	0.00588	0.02968	0.00592	0.08009
4	0.04936	0.03740	0.09259	0.04213	0.03968	0.11560	0.01179	0.08447	0.11259	0.09053	0.04273	0.11722	0.04816	0.00991	0.00703	0.00209	0.03073	0.03471	0.00510	0.02618
5	0.00942	0.00800	0.01165	0.03947	0.01335	0.00739	0.08975	0.01198	0.01549	0.02043	0.29222	0.07359	0.29267	0.07438	0.00963	0.00247	0.00457	0.01173	0.00579	0.00601
6	0.01999	0.40934	0.04762	0.01372	0.01836	0.32881	0.01201	0.02271	0.04403	0.01610	0.01019	0.01156	0.00877	0.00615	0.00501	0.00155	0.00891	0.00395	0.00316	0.00807
7	0.04813	0.01786	0.12928	0.03018	0.43567	0.01536	0.06878	0.04866	0.07337	0.04981	0.01382	0.01641	0.01080	0.00621	0.00637	0.00199	0.00776	0.00582	0.00375	0.00995
8	0.01888	0.29929	0.19272	0.01592	0.07271	0.04453	0.01488	0.16999	0.01768	0.07814	0.01254	0.01359	0.00959	0.00640	0.00551	0.00175	0.00768	0.00470	0.00401	0.00949
9	0.05415	0.12658	0.02325	0.01562	0.02084	0.05996	0.12202	0.32263	0.04333	0.12591	0.01529	0.01579	0.01104	0.00700	0.00619	0.00190	0.00758	0.00571	0.00536	0.00986
10	0.00925	0.00620	0.00709	0.00723	0.00727	0.00617	0.00412	0.00936	0.00968	0.01291	0.02183	0.11218	0.02534	0.70050	0.03052	0.00591	0.00602	0.01026	0.00412	0.00404
11	0.81856	0.01250	0.00950	0.00850	0.01250	0.01449	0.00700	0.01899	0.01100	0.02899	0.00900	0.01050	0.00700	0.00600	0.00400	0.00200	0.00500	0.00350	0.00400	0.00700
12	0.01910	0.05920	0.06050	0.02178	0.22564	0.15918	0.01447	0.18616	0.10072	0.02510	0.03512	0.01771	0.03222	0.00726	0.00626	0.00189	0.00784	0.00585	0.00452	0.00949
13	0.01275	0.01309	0.04955	0.61852	0.09402	0.01461	0.07202	0.01724	0.01326	0.01733	0.01166	0.01701	0.00881	0.00632	0.00653	0.00213	0.00876	0.00585	0.00292	0.00762
14	0.04244	0.01739	0.04561	0.01385	0.01782	0.12173	0.01117	0.07978	0.51941	0.02616	0.02204	0.02085	0.01659	0.00820	0.00636	0.00209	0.00638	0.00652	0.00586	0.00976
15	0.04050	0.21369	0.26330	0.01804	0.13011	0.05252	0.01619	0.04122	0.01470	0.06648	0.03318	0.01612	0.02884	0.00791	0.02927	0.00210	0.00813	0.00515	0.00356	0.00898
16	0.11069	0.09775	0.10891	0.02417	0.30202	0.12024	0.01588	0.07848	0.04407	0.02245	0.01193	0.01416	0.00958	0.00622	0.00579	0.00187	0.00793	0.00498	0.00361	0.00925
17	0.81856	0.01250	0.00950	0.00850	0.01250	0.01449	0.00700	0.01899	0.01100	0.02899	0.00900	0.01050	0.00700	0.00600	0.00400	0.00200	0.00500	0.00350	0.00400	0.00700
18	0.01475	0.32602	0.43490	0.01584	0.02369	0.01922	0.04447	0.02003	0.01350	0.01840	0.01062	0.01249	0.00829	0.00587	0.00541	0.00179	0.00856	0.00436	0.00276	0.00902
19	0.00939	0.00629	0.00719	0.00719	0.00723	0.00634	0.00409	0.00949	0.00944	0.01263	0.02023	0.04158	0.02318	0.74265	0.06274	0.00644	0.00673	0.00929	0.00390	0.00399
20	0.00787	0.00562	0.00750	0.00900	0.00937	0.00525	0.00600	0.00900	0.01237	0.01649	0.03561	0.76871	0.04274	0.02024	0.00825	0.00262	0.00375	0.01837	0.00600	0.00525
21	0.00770	0.00655	0.00663	0.00661	0.00877	0.00548	0.00496	0.00940	0.01488	0.01781	0.09331	0.06160	0.70192	0.01623	0.00764	0.00218	0.00326	0.01355	0.00605	0.00548
22	0.01676	0.01595	0.02499	0.07873	0.60918	0.04465	0.01885	0.07326	0.01596	0.02215	0.01229	0.01585	0.01012	0.00599	0.00638	0.00192	0.00784	0.00570	0.00344	0.01001
23	0.01312	0.03229	0.68989	0.01904	0.02838	0.01510	0.07229	0.02048	0.01376	0.02048	0.01170	0.01391	0.00830	0.00609	0.00624	0.00206	0.00964	0.00498	0.00277	0.00949
24	0.00764	0.00655	0.00655	0.00655	0.00873	0.00545	0.00491	0.00927	0.01473	0.01745	0.06546	0.06218	0.73000	0.01636	0.00764	0.00218	0.00327	0.01364	0.00600	0.00545
25	0.01727	0.77681	0.03386	0.01106	0.01658	0.02557	0.01106	0.01935	0.01313	0.01520	0.00898	0.01036	0.00829	0.00553	0.00415	0.00138	0.00691	0.00345	0.00276	0.00829
26	0.01684	0.48429	0.23803	0.01362	0.02015	0.07473	0.01486	0.02048	0.01381	0.03674	0.01027	0.01174	0.00848	0.00586	0.00492	0.00161	0.00799	0.00398	0.00294	0.00867
27	0.00805	0.00579	0.00767	0.00911	0.00964	0.00542	0.00627	0.00933	0.01265	0.01674	0.03677	0.68798	0.07142	0.01990	0.00827	0.00263	0.00389	0.06716	0.00599	0.00531
28	0.00787	0.00562	0.00750	0.00900	0.00937	0.00525	0.00600	0.00900	0.01237	0.01649	0.03561	0.76871	0.04274	0.02024	0.00825	0.00262	0.00375	0.01837	0.00600	0.00525
29	0.06800	0.01439	0.01561	0.01276	0.01696	0.03196	0.01026	0.31462	0.14678	0.16468	0.06834	0.06979	0.01865	0.00904	0.00653	0.00204	0.00594	0.00726	0.00657	0.00983
30	0.02073	0.01704	0.02253	0.02044	0.13597	0.03824	0.12139	0.35193	0.12060	0.06010	0.01634	0.01724	0.01202	0.00720	0.00663	0.00200	0.00757	0.00628	0.00543	0.01031
31	0.02033	0.02117	0.04520	0.01883	0.02336	0.25468	0.21266	0.09365	0.06852	0.09137	0.01405	0.01589	0.01060	0.00709	0.00785	0.00202	0.07380	0.00593	0.00426	0.00876
32	0.01649	0.01505	0.02459	0.07502	0.48718	0.03689	0.08337	0.02111	0.05377	0.06752	0.04507	0.01831	0.01315	0.00643	0.00657	0.00197	0.00768	0.00628	0.00386	0.00970
33	0.04892	0.16789	0.22792	0.03524	0.11139	0.07724	0.07268	0.07517	0.06144	0.02160	0.03376	0.01526	0.01111	0.00647	0.00590	0.00188	0.00821	0.00525	0.00361	0.00905
34	0.08712	0.14306	0.11955	0.03806	0.12490	0.09865	0.04306	0.06398	0.07389	0.04597	0.03717	0.04865	0.03434	0.00750	0.00595	0.00191	0.00743	0.00605	0.00411	0.00868
35	0.01907	0.06772	0.04232	0.01747	0.10194	0.07135	0.05514	0.29153	0.04195	0.04126	0.06657	0.03223	0.03891	0.00814	0.00725	0.00195	0.04970	0.00649	0.00506	0.03394

[dist]
# distance from previous block
# <min> <max>
1	10

[block]
# block no. 7 follows, 34 sequences, length 102
# corresponding to MSA columns:
# 306-407
name=unknown_H
#
# <colnr> <probs for GDERKNQSTAVLIFYWHMCP>
#	G	D	E	R	K	N	Q	S	T	A	V	L	I	F	Y	W	H	M	C	P
0	0.02074	0.01943	0.04422	0.02049	0.13799	0.17434	0.11484	0.17840	0.06292	0.10102	0.01482	0.01609	0.01103	0.00674	0.00640	0.00189	0.00840	0.00574	0.00471	0.04979
1	0.02079	0.01790	0.05708	0.01870	0.13536	0.14912	0.05502	0.14177	0.05415	0.17306	0.05587	0.04047	0.01527	0.00769	0.00647	0.00193	0.00758	0.00641	0.00524	0.03010
2	0.26578	0.09508	0.01837	0.01499	0.08799	0.01675	0.04545	0.16399	0.11896	0.07293	0.01445	0.01517	0.01088	0.00675	0.00549	0.00192	0.00624	0.00515	0.00488	0.02879
3	0.01595	0.01205	0.01424	0.03679	0.06677	0.06284	0.01015	0.08561	0.13707	0.10974	0.01890	0.02327	0.01564	0.08313	0.27242	0.00533	0.01053	0.00672	0.00484	0.00802
4	0.03228	0.01167	0.01327	0.01163	0.01474	0.05474	0.03554	0.07226	0.14944	0.07718	0.13362	0.14532	0.02758	0.03749	0.00778	0.00221	0.00543	0.05535	0.00582	0.10665
5	0.13488	0.09221	0.01801	0.01461	0.04915	0.26330	0.01121	0.11304	0.08047	0.11508	0.01484	0.01662	0.01156	0.00731	0.00578	0.00187	0.00793	0.02866	0.00475	0.00871
6	0.19600	0.01662	0.01677	0.04278	0.04285	0.06291	0.01130	0.37597	0.08558	0.06564	0.01491	0.01533	0.01085	0.00729	0.00590	0.00197	0.00676	0.00537	0.00556	0.00966
7	0.05278	0.01068	0.01398	0.01097	0.01556	0.00942	0.00894	0.02791	0.03844	0.56421	0.07556	0.04604	0.01942	0.00847	0.00642	0.00195	0.00518	0.00697	0.00738	0.06972
8	0.00951	0.00652	0.00758	0.00769	0.00793	0.00662	0.00466	0.01036	0.03184	0.01359	0.02191	0.09478	0.02482	0.63577	0.06532	0.00598	0.00659	0.02998	0.00419	0.00436
9	0.54081	0.04338	0.01330	0.01041	0.01482	0.01612	0.00866	0.20044	0.01652	0.06684	0.01152	0.01238	0.00854	0.00654	0.00477	0.00196	0.00565	0.00425	0.00479	0.00829
10	0.00939	0.00630	0.00721	0.00721	0.00727	0.00635	0.00412	0.00950	0.00945	0.01265	0.02021	0.04144	0.02312	0.73667	0.06864	0.00647	0.00682	0.00927	0.00389	0.00401
11	0.00785	0.00570	0.00742	0.00880	0.00932	0.00526	0.00591	0.00902	0.01256	0.01657	0.03798	0.71256	0.09735	0.01993	0.00820	0.00259	0.00371	0.01799	0.00600	0.00526
12	0.01485	0.01629	0.03399	0.14280	0.10574	0.01593	0.53160	0.01995	0.01483	0.02008	0.01273	0.01725	0.00966	0.00564	0.00732	0.00215	0.01021	0.00714	0.00320	0.00863
13	0.01544	0.01478	0.02522	0.14504	0.63158	0.01521	0.01955	0.01934	0.01445	0.02043	0.01206	0.01617	0.01000	0.00586	0.00641	0.00195	0.00781	0.00575	0.00315	0.00979
14	0.01608	0.01718	0.02022	0.01933	0.09377	0.14662	0.01445	0.01780	0.01188	0.01619	0.00914	0.01390	0.00864	0.00990	0.01693	0.00253	0.54960	0.00540	0.00295	0.00748
15	0.00883	0.00599	0.00774	0.00826	0.00895	0.00562	0.00561	0.00963	0.01284	0.01722	0.17524	0.34816	0.10609	0.10471	0.01362	0.13354	0.00415	0.01345	0.00547	0.00490
16	0.00827	0.00608	0.00770	0.00886	0.00956	0.00574	0.00607	0.01000	0.03451	0.01684	0.03792	0.60256	0.11946	0.05690	0.00938	0.00275	0.00394	0.04216	0.00591	0.00539
17	0.81856	0.01250	0.00950	0.00850	0.01250	0.01449	0.00700	0.01899	0.01100	0.02899	0.00900	0.01050	0.00700	0.00600	0.00400	0.00200	0.00500	0.00350	0.00400	0.00700
18	0.02414	0.03079	0.01831	0.01665	0.01998	0.74698	0.01248	0.02580	0.01831	0.01581	0.00999	0.01165	0.00832	0.00666	0.00583	0.00166	0.01165	0.00416	0.00333	0.00749
19	0.01599	0.01535	0.02623	0.03966	0.73262	0.01535	0.01983	0.01983	0.01471	0.02111	0.01215	0.01599	0.01023	0.00576	0.00640	0.00192	0.00768	0.00576	0.00320	0.01023
20	0.01621	0.01392	0.01522	0.01449	0.05667	0.01587	0.01068	0.06740	0.62150	0.02707	0.02632	0.02454	0.04342	0.00881	0.00660	0.00216	0.00530	0.00736	0.00636	0.01010
