[name]
unknown

[dist]
# distance from previous block
# <min> <max>
0	1

[block]
# block no. 0 follows, 34 sequences, length 18
# corresponding to MSA columns:
# 1-18
name=unknown_A
#
# <colnr> <probs for GDERKNQSTAVLIFYWHMCP>
#	G	D	E	R	K	N	Q	S	T	A	V	L	I	F	Y	W	H	M	C	P
0	0.01228	0.00884	0.01160	0.01229	0.01426	0.00910	0.01066	0.10539	0.01692	0.02216	0.03175	0.06532	0.03373	0.01652	0.00860	0.00284	0.00610	0.59902	0.00602	0.00661
1	0.02344	0.01754	0.01876	0.01464	0.01961	0.01951	0.01201	0.62183	0.12144	0.03892	0.01694	0.01665	0.01214	0.00789	0.00648	0.00197	0.00685	0.00601	0.00648	0.01089
2	0.08363	0.01698	0.01528	0.01328	0.01694	0.17013	0.01057	0.20567	0.15681	0.06637	0.08702	0.02513	0.01947	0.00911	0.00651	0.00205	0.00693	0.07360	0.00572	0.00881
3	0.01637	0.01719	0.03082	0.07877	0.10573	0.06898	0.43228	0.05776	0.03165	0.03703	0.01379	0.03564	0.01087	0.00640	0.00750	0.00212	0.02757	0.00713	0.00364	0.00876
4	0.01525	0.01743	0.03813	0.02723	0.03377	0.01634	0.70915	0.02070	0.01525	0.02070	0.01307	0.01743	0.00980	0.00545	0.00763	0.00218	0.01089	0.00763	0.00327	0.00871
5	0.00919	0.00671	0.00809	0.00784	0.00967	0.00599	0.00594	0.01162	0.01661	0.04357	0.40682	0.08227	0.30379	0.01469	0.00767	0.00215	0.00336	0.04141	0.00664	0.00597
6	0.01388	0.01473	0.02986	0.25228	0.03513	0.01491	0.44053	0.01874	0.01444	0.01940	0.01495	0.01938	0.03813	0.00627	0.00715	0.00215	0.00959	0.00722	0.03326	0.00801
7	0.01482	0.01433	0.02431	0.28838	0.17829	0.01589	0.16129	0.05895	0.07780	0.02057	0.01326	0.01728	0.01031	0.00677	0.00789	0.00216	0.06925	0.00628	0.00355	0.00861
8	0.01582	0.01019	0.01062	0.00926	0.01200	0.01098	0.00728	0.19821	0.11120	0.02879	0.02032	0.02187	0.01553	0.00775	0.00529	0.00171	0.00435	0.00614	0.49480	0.00787
9	0.00821	0.00641	0.00744	0.00751	0.00916	0.00565	0.00551	0.01025	0.01559	0.02027	0.29404	0.17465	0.38044	0.01590	0.00773	0.00220	0.00327	0.01374	0.00639	0.00565
10	0.04952	0.01134	0.01576	0.14065	0.11590	0.01203	0.03918	0.09821	0.07287	0.08412	0.04230	0.14927	0.03654	0.00970	0.00657	0.00209	0.00597	0.00849	0.09138	0.00812
11	0.01641	0.62741	0.17566	0.01254	0.01887	0.02344	0.01363	0.01957	0.01323	0.01626	0.00951	0.01102	0.00827	0.00565	0.00455	0.00152	0.00744	0.00372	0.00276	0.00854
12	0.00853	0.00646	0.00787	0.00778	0.00934	0.00580	0.00573	0.01091	0.01646	0.02217	0.44196	0.14748	0.25580	0.01507	0.00771	0.00215	0.00321	0.01314	0.00664	0.00580
13	0.00794	0.00585	0.00747	0.00872	0.00944	0.00538	0.00601	0.00923	0.01286	0.01677	0.04039	0.62453	0.15381	0.01951	0.00818	0.00257	0.00377	0.04628	0.00600	0.00531
14	0.39685	0.04825	0.01485	0.10315	0.01890	0.09866	0.03092	0.06732	0.01420	0.08418	0.01189	0.01391	0.00910	0.00908	0.05232	0.00249	0.00744	0.00460	0.00417	0.00771
15	0.00944	0.00714	0.02693	0.00856	0.01021	0.00605	0.00643	0.01127	0.01421	0.06212	0.13262	0.35694	0.25920	0.01812	0.03734	0.00266	0.00431	0.01447	0.00608	0.00591
16	0.01860	0.38968	0.08187	0.01573	0.08239	0.16780	0.01313	0.06864	0.07175	0.01892	0.01149	0.01282	0.00955	0.00623	0.00519	0.00164	0.00801	0.00437	0.00347	0.00874
17	0.04355	0.18641	0.12363	0.01346	0.01894	0.08109	0.04944	0.08490	0.04387	0.07733	0.01440	0.06177	0.01204	0.00705	0.00564	0.00170	0.00711	0.00556	0.00418	0.15794

[dist]
# distance from previous block
# <min> <max>
2	5

[block]
# block no. 1 follows, 34 sequences, length 53
# corresponding to MSA columns:
# 24-76
name=unknown_B
#
# <colnr> <probs for GDERKNQSTAVLIFYWHMCP>
#	G	D	E	R	K	N	Q	S	T	A	V	L	I	F	Y	W	H	M	C	P
0	0.04772	0.12158	0.16328	0.01861	0.12494	0.09992	0.06546	0.06388	0.05567	0.06613	0.01308	0.01468	0.01007	0.00621	0.00581	0.00177	0.00787	0.00503	0.00386	0.10443
1	0.01351	0.01281	0.01601	0.01574	0.10384	0.08929	0.08042	0.05395	0.03300	0.02102	0.12374	0.16862	0.09580	0.01088	0.00720	0.00199	0.02151	0.00960	0.00493	0.11613
2	0.01707	0.62566	0.11045	0.01207	0.01779	0.06832	0.01238	0.01974	0.01352	0.01608	0.00969	0.01121	0.00852	0.00572	0.00448	0.00148	0.00738	0.00372	0.02640	0.00832
3	0.01094	0.00569	0.00827	0.00827	0.00844	0.00560	0.00556	0.00849	0.00892	0.01172	0.01553	0.02302	0.06829	0.02196	0.02385	0.74771	0.00543	0.00625	0.00306	0.00302
4	0.05113	0.01936	0.01958	0.01594	0.02039	0.18222	0.09367	0.24821	0.21355	0.04462	0.01691	0.01718	0.01260	0.00745	0.00639	0.00198	0.00792	0.00599	0.00535	0.00957
5	0.01699	0.06150	0.12085	0.03664	0.12321	0.04154	0.24092	0.12290	0.01688	0.04329	0.01279	0.01553	0.00977	0.00625	0.00710	0.00195	0.03908	0.00592	0.00379	0.07309
6	0.58870	0.01385	0.01320	0.01085	0.01528	0.01550	0.04747	0.15661	0.01517	0.03059	0.01060	0.01198	0.00803	0.00628	0.00472	0.00196	0.00574	0.00420	0.00444	0.03481
7	0.01217	0.04211	0.01700	0.19946	0.04253	0.03768	0.04088	0.01488	0.01218	0.01638	0.01824	0.02307	0.08911	0.01962	0.20780	0.00441	0.16182	0.00678	0.00343	0.03046
8	0.00840	0.00600	0.00806	0.00937	0.00997	0.00575	0.00665	0.00986	0.01274	0.01701	0.05726	0.58565	0.04072	0.04918	0.03969	0.00311	0.00470	0.11469	0.00585	0.00535
9	0.01579	0.01524	0.02631	0.07261	0.67696	0.01534	0.04308	0.01970	0.01465	0.02088	0.01215	0.01610	0.01014	0.00578	0.00644	0.00194	0.00783	0.00582	0.00319	0.01004
10	0.01529	0.01464	0.02496	0.17244	0.60532	0.01517	0.01948	0.01922	0.01438	0.02026	0.01203	0.01622	0.00993	0.00589	0.00641	0.00196	0.00785	0.00575	0.00314	0.00967
11	0.00814	0.00594	0.00771	0.00898	0.00970	0.00551	0.00631	0.00956	0.01307	0.01718	0.06056	0.59828	0.11998	0.01935	0.00823	0.00259	0.00389	0.08363	0.00603	0.00537
12	0.01422	0.01044	0.01568	0.01305	0.01613	0.01018	0.13631	0.03908	0.12041	0.12113	0.12995	0.15805	0.08409	0.07640	0.00956	0.00257	0.00572	0.02354	0.00586	0.00763
13	0.08685	0.02042	0.01808	0.01565	0.05029	0.22074	0.01197	0.35731	0.06536	0.06963	0.01451	0.01493	0.01069	0.00730	0.00610	0.00189	0.00802	0.00530	0.00534	0.00962
14	0.02412	0.01208	0.01485	0.01212	0.01661	0.01198	0.00977	0.03256	0.28340	0.46931	0.02580	0.02279	0.01740	0.00829	0.00653	0.00207	0.00535	0.00680	0.00746	0.01071
15	0.01607	0.01388	0.01461	0.01315	0.01680	0.01607	0.01023	0.03433	0.72094	0.02703	0.02630	0.02411	0.01972	0.00877	0.00657	0.00219	0.00511	0.00731	0.00657	0.01023
16	0.05498	0.01702	0.01732	0.01395	0.01850	0.07533	0.01130	0.42353	0.13565	0.10484	0.01759	0.01744	0.01272	0.00954	0.03831	0.00233	0.00735	0.00594	0.00616	0.01021
17	0.01422	0.01221	0.01359	0.07108	0.01747	0.01385	0.00989	0.02816	0.52185	0.02520	0.10737	0.02973	0.08805	0.00977	0.00678	0.00217	0.00499	0.00825	0.00629	0.00909
18	0.00787	0.00562	0.00750	0.00900	0.00937	0.00525	0.00600	0.00900	0.01237	0.01649	0.03561	0.76871	0.04274	0.02024	0.00825	0.00262	0.00375	0.01837	0.00600	0.00525
19	0.00979	0.00782	0.01068	0.01062	0.01186	0.03591	0.00824	0.01208	0.01068	0.01503	0.01703	0.02487	0.01586	0.04688	0.71938	0.01006	0.01709	0.00682	0.00346	0.00583
20	0.02291	0.02725	0.01779	0.04654	0.02048	0.60272	0.01233	0.02663	0.09918	0.04622	0.01256	0.01374	0.00996	0.00695	0.00597	0.00176	0.01052	0.00468	0.00387	0.00793
21	0.01882	0.01150	0.01351	0.01132	0.01497	0.01175	0.00900	0.13401	0.19773	0.22761	0.20018	0.03043	0.07077	0.00995	0.00686	0.00206	0.00492	0.00831	0.00705	0.00925
22	0.02456	0.01810	0.01939	0.01487	0.02004	0.02004	0.01228	0.71107	0.03038	0.04072	0.01551	0.01551	0.01099	0.00776	0.00646	0.00194	0.00711	0.00582	0.00646	0.01099
23	0.01097	0.00697	0.00890	0.00928	0.01068	0.00651	0.00676	0.03580	0.01454	0.09254	0.10338	0.43734	0.11431	0.04318	0.00878	0.00259	0.00419	0.07090	0.00625	0.00615
24	0.09670	0.02603	0.01777	0.01611	0.04003	0.52305	0.01205	0.12590	0.01932	0.04902	0.01138	0.01264	0.00895	0.00679	0.00580	0.00176	0.01002	0.00448	0.00403	0.00818
25	0.01599	0.01535	0.02623	0.03966	0.73262	0.01535	0.01983	0.01983	0.01471	0.02111	0.01215	0.01599	0.01023	0.00576	0.00640	0.00192	0.00768	0.00576	0.00320	0.01023
26	0.00894	0.00653	0.00839	0.00807	0.00956	0.00599	0.00600	0.01174	0.01759	0.02458	0.62777	0.10089	0.11189	0.01396	0.00767	0.00209	0.00312	0.01232	0.00695	0.00599
27	0.01116	0.00767	0.01054	0.01137	0.01319	0.00743	0.00979	0.01411	0.01532	0.04906	0.10794	0.06556	0.03769	0.01638	0.00850	0.00275	0.00557	0.55836	0.00606	0.04155
28	0.00787	0.00562	0.00750	0.00900	0.00937	0.00525	0.00600	0.00900	0.01237	0.01649	0.03561	0.76871	0.04274	0.02024	0.00825	0.00262	0.00375	0.01837	0.00600	0.00525
29	0.01570	0.01499	0.02525	0.09486	0.65171	0.01530	0.01932	0.02012	0.04123	0.02097	0.01264	0.01639	0.01047	0.00593	0.00641	0.00195	0.00765	0.00581	0.00330	0.01000
30	0.01761	0.01882	0.02863	0.02198	0.05454	0.13780	0.38385	0.10269	0.01727	0.02232	0.01258	0.01561	0.00968	0.00584	0.00674	0.00188	0.00958	0.00622	0.00373	0.12263
31	0.09853	0.38914	0.02484	0.01214	0.01685	0.06964	0.01087	0.12136	0.01576	0.04904	0.01080	0.01221	0.00897	0.00650	0.00615	0.00166	0.07001	0.00418	0.00376	0.06758
32	0.01296	0.03342	0.73944	0.01842	0.02797	0.01501	0.02387	0.02046	0.01364	0.02046	0.01160	0.01364	0.00818	0.00614	0.00614	0.00205	0.00955	0.00477	0.00273	0.00955
33	0.01296	0.03342	0.73944	0.01842	0.02797	0.01501	0.02387	0.02046	0.01364	0.02046	0.01160	0.01364	0.00818	0.00614	0.00614	0.00205	0.00955	0.00477	0.00273	0.00955
34	0.01203	0.00936	0.01073	0.00992	0.01251	0.00946	0.00751	0.01954	0.24607	0.04781	0.22380	0.14800	0.12903	0.01240	0.00711	0.00211	0.00408	0.01073	0.00639	0.07142
35	0.05385	0.01085	0.01454	0.01125	0.01606	0.00951	0.00927	0.03024	0.01824	0.68282	0.05583	0.02277	0.01767	0.00816	0.00647	0.00200	0.00537	0.00663	0.00783	0.01065
36	0.01220	0.01148	0.01938	0.75739	0.04450	0.01436	0.01794	0.01651	0.01292	0.01651	0.01148	0.01723	0.00861	0.00646	0.00646	0.00215	0.00861	0.00574	0.00287	0.00718
37	0.07757	0.00855	0.00943	0.00858	0.01102	0.00887	0.00673	0.07292	0.04551	0.11440	0.02092	0.05125	0.01680	0.01228	0.07873	0.00262	0.00540	0.02022	0.42097	0.00724
38	0.01376	0.01351	0.01878	0.01618	0.01618	0.01872	0.01332	0.01506	0.00986	0.01531	0.00942	0.01637	0.00967	0.07178	0.02213	0.00310	0.70116	0.00595	0.00291	0.00682
39	0.00770	0.00631	0.00679	0.00718	0.00890	0.00540	0.00519	0.00920	0.01411	0.01721	0.05769	0.24595	0.55124	0.01737	0.00780	0.00230	0.00340	0.01487	0.00600	0.00540
40	0.01246	0.00642	0.00646	0.00631	0.00794	0.00648	0.00477	0.03800	0.01410	0.02464	0.02089	0.02381	0.01638	0.00754	0.00458	0.00152	0.00315	0.00602	0.78235	0.00619
41	0.02885	0.01122	0.01513	0.01160	0.01661	0.00983	0.00958	0.05301	0.01887	0.71504	0.02518	0.02179	0.01584	0.00799	0.00650	0.00200	0.00555	0.00648	0.00795	0.01100
42	0.00901	0.00659	0.00908	0.00926	0.01013	0.00714	0.00673	0.01069	0.01092	0.01520	0.04924	0.13044	0.05232	0.19234	0.44211	0.00784	0.01209	0.00942	0.00414	0.00531
43	0.00807	0.00634	0.00737	0.00809	0.00955	0.00563	0.00599	0.00970	0.01392	0.01736	0.05102	0.31140	0.40094	0.01791	0.00801	0.00244	0.00378	0.10106	0.00599	0.00545
44	0.02864	0.01156	0.01534	0.01176	0.01678	0.01033	0.00972	0.08545	0.01944	0.68180	0.02470	0.02148	0.01560	0.00798	0.00650	0.00199	0.00563	0.00644	0.00788	0.01100
45	0.01995	0.00955	0.01147	0.00952	0.01291	0.00906	0.00758	0.08520	0.04034	0.32632	0.04945	0.02681	0.07425	0.03265	0.00684	0.00200	0.00463	0.00714	0.25574	0.00861
46	0.01363	0.02877	0.53547	0.02098	0.02965	0.01539	0.22318	0.02053	0.01411	0.02053	0.01202	0.01474	0.00866	0.00594	0.00657	0.00208	0.00994	0.00560	0.00289	0.00931
47	0.01438	0.01371	0.02331	0.34527	0.43962	0.01493	0.01903	0.01842	0.01395	0.01915	0.01187	0.01652	0.00954	0.00606	0.00642	0.00202	0.00808	0.00575	0.00306	0.00893
48	0.00840	0.00590	0.00788	0.00928	0.00986	0.00563	0.00655	0.00987	0.01268	0.01712	0.03432	0.63010	0.04021	0.02022	0.02915	0.00284	0.00438	0.10125	0.03899	0.00538
49	0.01979	0.07478	0.01904	0.04658	0.01921	0.08048	0.08219	0.11736	0.06212	0.20705	0.11200	0.02322	0.01945	0.00962	0.02894	0.00226	0.03755	0.02377	0.00564	0.00893
50	0.01325	0.05078	0.67337	0.01932	0.05539	0.01532	0.04354	0.02042	0.01372	0.02036	0.01160	0.01376	0.00832	0.00609	0.00614	0.00203	0.00945	0.00486	0.00276	0.00952
51	0.01599	0.01535	0.02623	0.03966	0.73262	0.01535	0.01983	0.01983	0.01471	0.02111	0.01215	0.01599	0.01023	0.00576	0.00640	0.00192	0.00768	0.00576	0.00320	0.01023
52	0.01252	0.01160	0.01648	0.01445	0.01586	0.03869	0.07001	0.03504	0.03252	0.01693	0.01526	0.07898	0.01471	0.02571	0.30166	0.00563	0.27625	0.00733	0.00360	0.00678

[dist]
# distance from previous block
# <min> <max>
0	10

[block]
# block no. 2 follows, 34 sequences, length 36
# corresponding to MSA columns:
# 87-122
name=unknown_C
#
# <colnr> <probs for GDERKNQSTAVLIFYWHMCP>
#	G	D	E	R	K	N	Q	S	T	A	V	L	I	F	Y	W	H	M	C	P
0	0.04509	0.22117	0.24110	0.01426	0.05165	0.01536	0.01436	0.03707	0.01459	0.02009	0.07952	0.02855	0.06224	0.00917	0.00622	0.00202	0.00697	0.11850	0.00402	0.00804
1	0.01412	0.07142	0.04147	0.03516	0.04268	0.03614	0.03000	0.04307	0.01447	0.02103	0.04694	0.05026	0.01344	0.00629	0.00537	0.00132	0.00571	0.00521	0.00398	0.51191
2	0.15217	0.39591	0.16303	0.01214	0.01798	0.05346	0.01257	0.01988	0.01337	0.04620	0.01189	0.01313	0.02956	0.00617	0.00479	0.00166	0.00709	0.00417	0.00332	0.03150
3	0.00801	0.00579	0.00752	0.00885	0.00939	0.00539	0.00601	0.00921	0.01253	0.01653	0.03724	0.66033	0.09386	0.04842	0.00916	0.00274	0.00389	0.04397	0.00592	0.00524
4	0.02889	0.01424	0.05046	0.13660	0.07470	0.01386	0.23400	0.03898	0.04857	0.05249	0.03973	0.02066	0.01351	0.00719	0.00753	0.00206	0.05301	0.03324	0.05718	0.07309
5	0.00939	0.00677	0.00962	0.00962	0.01059	0.00767	0.00721	0.01135	0.01037	0.01502	0.01800	0.02816	0.01740	0.16802	0.59192	0.00927	0.01477	0.00729	0.04209	0.00547
6	0.05566	0.00948	0.01197	0.03548	0.01398	0.01080	0.00879	0.11728	0.06465	0.02041	0.01863	0.02479	0.03615	0.07602	0.45763	0.00735	0.01293	0.00690	0.00424	0.00686
7	0.01390	0.01201	0.04047	0.04709	0.01669	0.03007	0.03403	0.15273	0.09020	0.02384	0.06142	0.13634	0.08227	0.03467	0.00818	0.00244	0.00600	0.17304	0.00564	0.02895
8	0.01683	0.57243	0.17990	0.01296	0.01918	0.07117	0.01382	0.02001	0.01358	0.01634	0.00959	0.01113	0.00827	0.00573	0.00467	0.00154	0.00777	0.00378	0.00279	0.00850
9	0.01666	0.01655	0.02255	0.19052	0.40683	0.11791	0.01752	0.06541	0.01587	0.02059	0.01279	0.01785	0.01072	0.00664	0.00643	0.00198	0.00833	0.03233	0.00347	0.00906
10	0.00797	0.00656	0.00700	0.00689	0.00893	0.00560	0.00517	0.00991	0.01551	0.01931	0.21099	0.05913	0.58331	0.01567	0.00763	0.00215	0.00322	0.01321	0.00624	0.00560
11	0.01340	0.01148	0.01340	0.00957	0.01531	0.00861	0.00766	0.01627	0.01340	0.02105	0.01148	0.01340	0.00957	0.00479	0.00479	0.00096	0.00479	0.00383	0.00383	0.81242
12	0.00809	0.00581	0.00772	0.00916	0.00970	0.00545	0.00634	0.00939	0.01267	0.01678	0.03653	0.68355	0.06615	0.01990	0.00828	0.00264	0.00392	0.07661	0.00599	0.00532
13	0.01362	0.08825	0.52429	0.01793	0.02640	0.01532	0.10136	0.01996	0.01376	0.02014	0.01155	0.01380	0.00853	0.00587	0.00601	0.00189	0.00899	0.00490	0.00291	0.09452
14	0.01340	0.01148	0.01340	0.00957	0.01531	0.00861	0.00766	0.01627	0.01340	0.02105	0.01148	0.01340	0.00957	0.00479	0.00479	0.00096	0.00479	0.00383	0.00383	0.81242
15	0.01529	0.09499	0.02431	0.25843	0.39388	0.01633	0.01774	0.04671	0.03440	0.02000	0.01214	0.01599	0.00982	0.00612	0.00619	0.00194	0.00779	0.00555	0.00328	0.00911
16	0.01562	0.01555	0.02800	0.06489	0.53878	0.01569	0.15381	0.01969	0.01454	0.02061	0.01215	0.01624	0.01001	0.00596	0.00726	0.00202	0.04020	0.00612	0.00318	0.00968
17	0.01539	0.00903	0.01087	0.00946	0.01219	0.00864	0.00725	0.06974	0.07341	0.19649	0.23221	0.05774	0.15868	0.09763	0.01005	0.00255	0.00453	0.00990	0.00665	0.00760
18	0.01560	0.01371	0.01797	0.25310	0.15237	0.06455	0.01408	0.11077	0.09197	0.04330	0.06816	0.09177	0.01766	0.00862	0.00667	0.00209	0.00712	0.00748	0.00459	0.00842
19	0.08677	0.01690	0.02160	0.02681	0.35778	0.11346	0.01584	0.04139	0.03455	0.02051	0.01121	0.01470	0.00957	0.00740	0.00974	0.00212	0.19204	0.00537	0.00339	0.00884
20	0.00841	0.00606	0.00794	0.00914	0.00986	0.00571	0.00652	0.00993	0.01317	0.01745	0.08364	0.53118	0.08681	0.05517	0.00945	0.00278	0.00413	0.12131	0.00597	0.00536
21	0.00869	0.00640	0.00823	0.00892	0.01013	0.00595	0.00671	0.01080	0.01492	0.01988	0.23776	0.31471	0.15741	0.01715	0.00810	0.00245	0.00390	0.14592	0.00631	0.00566
22	0.16913	0.13065	0.22954	0.01561	0.02149	0.21160	0.06915	0.04714	0.01506	0.02087	0.01057	0.01243	0.00824	0.00617	0.00550	0.00185	0.00890	0.00445	0.00331	0.00833
23	0.00805	0.00610	0.00750	0.00819	0.00931	0.00555	0.00577	0.00966	0.01388	0.01813	0.14775	0.42062	0.24912	0.01916	0.03743	0.00271	0.00404	0.01550	0.00606	0.00546
24	0.00935	0.00634	0.00734	0.00754	0.00774	0.00629	0.00459	0.00970	0.01016	0.01344	0.02358	0.08343	0.04563	0.64938	0.02889	0.00568	0.00602	0.06644	0.00425	0.00420
25	0.01488	0.01490	0.04477	0.22833	0.50934	0.01511	0.04086	0.01900	0.01423	0.01986	0.01199	0.01630	0.00974	0.00594	0.00644	0.00199	0.00808	0.00578	0.00310	0.00936
26	0.01590	0.01683	0.03012	0.10108	0.03048	0.06075	0.44659	0.06779	0.08384	0.02164	0.01435	0.01794	0.01091	0.00810	0.04155	0.00251	0.01019	0.00703	0.00377	0.00864
27	0.02187	0.02278	0.02053	0.01697	0.02124	0.34831	0.10863	0.16477	0.13536	0.05384	0.01485	0.01571	0.01126	0.00711	0.00636	0.00189	0.00930	0.00559	0.00468	0.00896
28	0.00786	0.00612	0.00715	0.00781	0.00910	0.00541	0.00551	0.00936	0.01389	0.01764	0.10108	0.39214	0.35803	0.01795	0.00792	0.00238	0.00348	0.01571	0.00608	0.00541
29	0.01159	0.00770	0.00939	0.00906	0.01003	0.00792	0.00622	0.10873	0.01305	0.01739	0.02250	0.18211	0.05507	0.25111	0.06154	0.20091	0.00620	0.00987	0.00451	0.00510
30	0.01655	0.01790	0.02886	0.02233	0.05699	0.10580	0.40586	0.04151	0.11138	0.02155	0.01434	0.01708	0.01099	0.00605	0.00688	0.00197	0.00932	0.00662	0.00387	0.09416
31	0.05413	0.01541	0.01585	0.01331	0.01718	0.06832	0.01084	0.33042	0.12988	0.07371	0.01944	0.02397	0.01563	0.00904	0.00697	0.00208	0.03224	0.08483	0.06738	0.00936
32	0.02401	0.01782	0.01908	0.01476	0.01983	0.01978	0.01215	0.66713	0.07522	0.03983	0.01621	0.01607	0.01156	0.00782	0.00647	0.00196	0.00698	0.00591	0.00647	0.01094
33	0.01412	0.01191	0.01379	0.00991	0.01562	0.00936	0.00796	0.06139	0.01450	0.02233	0.01175	0.01354	0.00966	0.00498	0.00489	0.00102	0.00494	0.00396	0.00400	0.76038
34	0.01080	0.00797	0.01149	0.01030	0.01258	0.00729	0.05712	0.01386	0.01689	0.05364	0.44469	0.07212	0.07095	0.01298	0.00762	0.00215	0.00432	0.11808	0.00640	0.05877
35	0.01582	0.01508	0.02515	0.07143	0.65402	0.01535	0.01912	0.02062	0.06049	0.02128	0.01304	0.01658	0.01078	0.00599	0.00641	0.00195	0.00755	0.00586	0.00340	0.01009

[dist]
# distance from previous block
# <min> <max>
4	11

[block]
# block no. 3 follows, 34 sequences, length 7
# corresponding to MSA columns:
# 134-140
name=unknown_D
#
# <colnr> <probs for GDERKNQSTAVLIFYWHMCP>
#	G	D	E	R	K	N	Q	S	T	A	V	L	I	F	Y	W	H	M	C	P
0	0.08759	0.01264	0.01386	0.01201	0.01536	0.01419	0.00954	0.20587	0.25102	0.02854	0.11613	0.02413	0.02125	0.01596	0.13910	0.00355	0.00754	0.00710	0.00583	0.00878
1	0.12570	0.01261	0.01438	0.07698	0.01823	0.01193	0.00935	0.14168	0.01649	0.06048	0.03796	0.01538	0.01152	0.00609	0.00531	0.00147	0.00554	0.00472	0.00456	0.41962
2	0.16446	0.01539	0.01600	0.01293	0.01723	0.01703	0.01048	0.49141	0.02445	0.03532	0.01709	0.11732	0.01460	0.00914	0.00627	0.00204	0.00627	0.00711	0.00596	0.00949
3	0.01893	0.01302	0.01515	0.01121	0.01668	0.01158	0.00912	0.18950	0.01848	0.15410	0.01498	0.01546	0.01107	0.00609	0.00550	0.00138	0.00548	0.00479	0.00522	0.47224
4	0.01829	0.01574	0.02327	0.08873	0.38767	0.01657	0.04268	0.24854	0.01979	0.02716	0.01405	0.01806	0.01132	0.00691	0.00656	0.00199	0.00762	0.03069	0.00436	0.01002
5	0.01562	0.01322	0.01900	0.02381	0.32888	0.01342	0.01390	0.14217	0.05472	0.02566	0.14830	0.02722	0.02262	0.00867	0.00678	0.00200	0.00627	0.06766	0.00496	0.05512
6	0.03760	0.05787	0.01808	0.22166	0.13566	0.03906	0.02742	0.05804	0.01472	0.04103	0.09191	0.02247	0.01701	0.01585	0.15609	0.00370	0.00932	0.02084	0.00399	0.00767

[dist]
# distance from previous block
# <min> <max>
1	19

[block]
# block no. 4 follows, 34 sequences, length 25
# corresponding to MSA columns:
# 161-185
name=unknown_E
#
# <colnr> <probs for GDERKNQSTAVLIFYWHMCP>
#	G	D	E	R	K	N	Q	S	T	A	V	L	I	F	Y	W	H	M	C	P
0	0.28085	0.25973	0.05751	0.01176	0.01662	0.07972	0.03598	0.05224	0.01447	0.08936	0.04047	0.01381	0.01091	0.00645	0.00494	0.00178	0.00669	0.00448	0.00407	0.00817
1	0.01470	0.01299	0.01972	0.53993	0.09757	0.01544	0.01681	0.12879	0.05183	0.02131	0.01294	0.01720	0.00970	0.00672	0.00646	0.00210	0.00812	0.00583	0.00366	0.00820
2	0.00929	0.00622	0.00708	0.00718	0.00721	0.00620	0.00406	0.00937	0.00960	0.01280	0.02139	0.09163	0.02480	0.72180	0.03121	0.00602	0.00609	0.01001	0.00406	0.00401
3	0.01801	0.01484	0.01570	0.01354	0.01754	0.01698	0.01070	0.18862	0.56351	0.03015	0.02384	0.02215	0.01773	0.00854	0.00655	0.00213	0.00557	0.00697	0.00655	0.01040
4	0.10081	0.01438	0.01649	0.01276	0.01774	0.01478	0.01054	0.34107	0.02323	0.35244	0.01939	0.01795	0.01286	0.00770	0.00625	0.00197	0.00619	0.00591	0.00692	0.01062
5	0.01319	0.01211	0.01944	0.17356	0.06857	0.01258	0.16170	0.07897	0.07190	0.02147	0.05812	0.06178	0.15514	0.01001	0.00723	0.00220	0.00699	0.05260	0.00471	0.00774
6	0.01843	0.61451	0.03054	0.01228	0.01722	0.15774	0.01142	0.02041	0.01397	0.01533	0.00915	0.01073	0.00830	0.00593	0.00502	0.00148	0.03292	0.00366	0.00287	0.00810
7	0.01340	0.01148	0.01340	0.00957	0.01531	0.00861	0.00766	0.01627	0.01340	0.02105	0.01148	0.01340	0.00957	0.00479	0.00479	0.00096	0.00479	0.00383	0.00383	0.81242
8	0.03665	0.04006	0.05342	0.02308	0.22937	0.19115	0.09975	0.08424	0.01748	0.05472	0.09299	0.01859	0.01553	0.00707	0.00643	0.00190	0.00836	0.00615	0.00418	0.00887
9	0.01463	0.15225	0.45088	0.01734	0.02511	0.01701	0.08840	0.05960	0.05791	0.02106	0.01298	0.03160	0.01002	0.00654	0.00605	0.00197	0.00870	0.00537	0.00331	0.00928
10	0.00812	0.00580	0.00779	0.00928	0.00977	0.00546	0.00643	0.00943	0.01262	0.01677	0.03547	0.70004	0.04219	0.02001	0.00831	0.00266	0.00397	0.08456	0.00599	0.00532
11	0.01290	0.01256	0.02236	0.60618	0.09676	0.01469	0.10825	0.01731	0.01336	0.01741	0.01174	0.01716	0.00890	0.00627	0.00661	0.00214	0.00884	0.00599	0.00295	0.00762
12	0.01627	0.04716	0.16089	0.14920	0.32988	0.06723	0.04676	0.02064	0.01469	0.06825	0.01261	0.01570	0.00974	0.00614	0.00629	0.00196	0.00843	0.00549	0.00338	0.00932
13	0.01384	0.01926	0.18698	0.02341	0.06468	0.01452	0.42831	0.01915	0.01474	0.02050	0.04584	0.08762	0.01475	0.00732	0.00729	0.00217	0.00943	0.00808	0.00357	0.00854
14	0.00787	0.00562	0.00750	0.00900	0.00937	0.00525	0.00600	0.00900	0.01237	0.01649	0.03561	0.76871	0.04274	0.02024	0.00825	0.00262	0.00375	0.01837	0.00600	0.00525
15	0.00940	0.00626	0.00705	0.00705	0.00705	0.00626	0.00392	0.00940	0.00940	0.01253	0.02036	0.04228	0.02349	0.77292	0.03289	0.00626	0.00626	0.00940	0.00392	0.00392
16	0.47637	0.08288	0.05932	0.04513	0.01721	0.04759	0.03242	0.09196	0.01405	0.02667	0.01026	0.01193	0.00796	0.00612	0.00475	0.00189	0.00630	0.00410	0.00396	0.04913
17	0.05046	0.05545	0.01587	0.01278	0.01685	0.01636	0.01019	0.10096	0.52738	0.04444	0.02272	0.02129	0.01704	0.00814	0.00623	0.00204	0.00540	0.00658	0.00613	0.05367
18	0.01428	0.01199	0.01433	0.01166	0.05435	0.00986	0.00866	0.08058	0.01499	0.02264	0.01321	0.05477	0.01154	0.00595	0.00522	0.00119	0.00510	0.00491	0.00416	0.65063
19	0.01600	0.01413	0.01524	0.04791	0.05647	0.05418	0.01068	0.08415	0.41558	0.02577	0.07089	0.02402	0.04544	0.00851	0.00645	0.00200	0.00569	0.00706	0.00580	0.08403
20	0.01503	0.01443	0.02210	0.07618	0.50634	0.05332	0.01684	0.01851	0.01478	0.02042	0.04702	0.06090	0.01544	0.00754	0.00657	0.00197	0.00729	0.04123	0.00369	0.05042
21	0.06128	0.01383	0.04757	0.16532	0.14776	0.01385	0.04431	0.16760	0.01794	0.05765	0.09371	0.05004	0.04546	0.00819	0.00653	0.00201	0.00678	0.00708	0.00475	0.03833
22	0.14022	0.04804	0.01726	0.11288	0.09457	0.06674	0.01194	0.14705	0.11826	0.08651	0.01624	0.05449	0.01292	0.00762	0.00598	0.00197	0.00667	0.00606	0.00492	0.03964
23	0.14339	0.03022	0.05360	0.07837	0.06937	0.07455	0.04701	0.03758	0.07459	0.06974	0.03432	0.05701	0.01346	0.00730	0.00613	0.00184	0.02259	0.00591	0.00434	0.16867
24	0.08282	0.07304	0.14989	0.04010	0.08564	0.03292	0.06818	0.22741	0.01927	0.07557	0.05298	0.03551	0.01352	0.00736	0.00622	0.00197	0.00745	0.00605	0.00473	0.00937

[dist]
# distance from previous block
# <min> <max>
13	34

[block]
# block no. 5 follows, 34 sequences, length 17
# corresponding to MSA columns:
# 220-236
name=unknown_F
#
# <colnr> <probs for GDERKNQSTAVLIFYWHMCP>
#	G	D	E	R	K	N	Q	S	T	A	V	L	I	F	Y	W	H	M	C	P
0	0.04667	0.01502	0.01746	0.01475	0.05115	0.03596	0.04427	0.29004	0.15024	0.11729	0.05945	0.02027	0.01608	0.03037	0.00718	0.00207	0.00640	0.00645	0.00599	0.06289
1	0.01604	0.07636	0.06066	0.08841	0.09908	0.01331	0.03202	0.08786	0.04435	0.07086	0.01401	0.03558	0.01126	0.00631	0.00569	0.00158	0.00637	0.00528	0.00421	0.32078
2	0.01739	0.01418	0.01631	0.15246	0.03843	0.05556	0.01156	0.21359	0.09408	0.05905	0.03896	0.04814	0.04546	0.00798	0.00627	0.00185	0.00652	0.00651	0.00510	0.16058
3	0.01714	0.01461	0.01847	0.10551	0.21032	0.05215	0.01356	0.14562	0.17936	0.05441	0.06524	0.02259	0.05625	0.00809	0.00658	0.00202	0.00667	0.00689	0.00512	0.00937
4	0.01762	0.01149	0.01349	0.01103	0.01530	0.01101	0.00875	0.02564	0.25703	0.20484	0.10289	0.02454	0.04051	0.00823	0.00623	0.00180	0.00484	0.00685	0.00625	0.22167
5	0.01220	0.01148	0.01938	0.75739	0.04450	0.01436	0.01794	0.01651	0.01292	0.01651	0.01148	0.01723	0.00861	0.00646	0.00646	0.00215	0.00861	0.00574	0.00287	0.00718
6	0.01220	0.01148	0.01938	0.75739	0.04450	0.01436	0.01794	0.01651	0.01292	0.01651	0.01148	0.01723	0.00861	0.00646	0.00646	0.00215	0.00861	0.00574	0.00287	0.00718
7	0.01547	0.01482	0.02528	0.13876	0.63761	0.01521	0.01957	0.01937	0.01446	0.02047	0.01206	0.01616	0.01001	0.00585	0.00641	0.00195	0.00781	0.00575	0.00315	0.00981
8	0.00787	0.00562	0.00750	0.00900	0.00937	0.00525	0.00600	0.00900	0.01237	0.01649	0.03561	0.76871	0.04274	0.02024	0.00825	0.00262	0.00375	0.01837	0.00600	0.00525
9	0.02162	0.00999	0.01349	0.01182	0.04836	0.00903	0.00894	0.02505	0.05183	0.45076	0.21721	0.03035	0.05325	0.00964	0.00684	0.00202	0.00484	0.00816	0.00739	0.00940
10	0.00940	0.00626	0.00705	0.00705	0.00705	0.00626	0.00392	0.00940	0.00940	0.01253	0.02036	0.04228	0.02349	0.77292	0.03289	0.00626	0.00626	0.00940	0.00392	0.00392
11	0.01296	0.03342	0.73944	0.01842	0.02797	0.01501	0.02387	0.02046	0.01364	0.02046	0.01160	0.01364	0.00818	0.00614	0.00614	0.00205	0.00955	0.00477	0.00273	0.00955
12	0.01461	0.15956	0.38009	0.01601	0.04676	0.01531	0.01752	0.02042	0.04805	0.06676	0.01665	0.02436	0.01432	0.00827	0.00631	0.00209	0.00791	0.12232	0.00384	0.00886
13	0.01573	0.46477	0.26183	0.01341	0.02007	0.02093	0.01499	0.04956	0.01413	0.01814	0.01280	0.01412	0.04262	0.00634	0.00506	0.00166	0.00761	0.00447	0.00307	0.00869
14	0.01558	0.31558	0.17035	0.01340	0.01888	0.03933	0.04345	0.07027	0.09574	0.02015	0.03737	0.03707	0.06167	0.02729	0.00637	0.00192	0.00712	0.00598	0.00395	0.00852
15	0.05834	0.20056	0.28404	0.01398	0.02053	0.01690	0.01509	0.09831	0.05615	0.08246	0.04811	0.01588	0.01240	0.00675	0.00566	0.00183	0.00729	0.00509	0.00414	0.04649
16	0.01691	0.32082	0.21659	0.01423	0.01995	0.14645	0.01453	0.04705	0.04356	0.01828	0.01311	0.03584	0.02955	0.00701	0.00591	0.00177	0.03170	0.00496	0.00333	0.00847

[dist]
# distance from previous block
# <min> <max>
41	125

[block]
# block no. 6 follows, 34 sequences, length 169
# corresponding to MSA columns:
# 375-543
name=unknown_G
#
# <colnr> <probs for GDERKNQSTAVLIFYWHMCP>
#	G	D	E	R	K	N	Q	S	T	A	V	L	I	F	Y	W	H	M	C	P
0	0.17382	0.01633	0.09932	0.06509	0.14836	0.01501	0.01346	0.17428	0.05786	0.07547	0.01517	0.01645	0.02815	0.00685	0.00585	0.00192	0.00668	0.00541	0.00464	0.06989
1	0.03788	0.04616	0.01682	0.21777	0.08551	0.03294	0.01262	0.08111	0.04039	0.04543	0.01721	0.05116	0.04249	0.01795	0.18576	0.00409	0.04637	0.00675	0.00399	0.00761
2	0.07540	0.08151	0.01907	0.01454	0.01850	0.27069	0.09680	0.06242	0.04790	0.06661	0.07364	0.02210	0.07777	0.00815	0.00623	0.00187	0.00809	0.01914	0.00454	0.02503
3	0.01414	0.06611	0.16570	0.14720	0.12030	0.01357	0.07405	0.01899	0.04303	0.05465	0.03545	0.05317	0.03936	0.00728	0.00626	0.00190	0.00735	0.00643	0.00382	0.12123
4	0.07740	0.01274	0.01423	0.04594	0.01601	0.10039	0.04815	0.08059	0.04989	0.04954	0.05727	0.09386	0.05237	0.01292	0.01167	0.16963	0.06522	0.03097	0.00453	0.00667
5	0.02171	0.01995	0.01565	0.01335	0.01694	0.30259	0.01042	0.24667	0.02114	0.06097	0.01511	0.01630	0.01147	0.00728	0.00576	0.00173	0.00787	0.00525	0.19136	0.00846
6	0.00941	0.00738	0.00885	0.01006	0.01088	0.04207	0.00741	0.01102	0.01308	0.01694	0.03263	0.49891	0.03780	0.05134	0.03961	0.00313	0.00534	0.18298	0.00567	0.00550
7	0.00786	0.00567	0.00745	0.00888	0.00934	0.00526	0.00594	0.00901	0.01249	0.01654	0.03707	0.73430	0.07621	0.02005	0.00822	0.00260	0.00373	0.01814	0.00600	0.00526
8	0.01266	0.01192	0.06587	0.08244	0.05275	0.01203	0.02738	0.04145	0.11506	0.03432	0.05948	0.05539	0.01859	0.02162	0.23682	0.00476	0.07868	0.03238	0.02889	0.00751
9	0.01526	0.01461	0.02491	0.17757	0.60040	0.01516	0.01947	0.01919	0.01437	0.02023	0.01203	0.01623	0.00992	0.00589	0.00641	0.00196	0.00786	0.00575	0.00314	0.00965
10	0.01510	0.01444	0.02461	0.20886	0.57040	0.01512	0.01939	0.01905	0.01429	0.02002	0.01200	0.01628	0.00985	0.00592	0.00641	0.00197	0.00790	0.00575	0.00312	0.00951
11	0.00981	0.00774	0.01132	0.01099	0.01195	0.00936	0.00858	0.01190	0.01028	0.01494	0.01642	0.02489	0.01561	0.07939	0.62751	0.00930	0.10385	0.00689	0.00341	0.00583
12	0.01437	0.00961	0.01191	0.01079	0.01283	0.03687	0.00850	0.07456	0.01416	0.11340	0.05092	0.02419	0.01722	0.04820	0.35784	0.00605	0.06148	0.00675	0.11330	0.00704
13	0.01551	0.01519	0.02430	0.20206	0.54291	0.04899	0.01906	0.01935	0.01447	0.01982	0.01190	0.01607	0.00978	0.00596	0.00638	0.00196	0.00807	0.00568	0.00313	0.00941
14	0.01004	0.00748	0.00897	0.00828	0.01071	0.00647	0.00645	0.01256	0.01609	0.04735	0.31266	0.04982	0.27793	0.01343	0.00733	0.00203	0.00373	0.07827	0.00621	0.11418
15	0.01900	0.01600	0.01647	0.01527	0.06164	0.08182	0.01131	0.14372	0.45666	0.07271	0.02214	0.02094	0.01645	0.00818	0.00647	0.00207	0.00621	0.00663	0.00615	0.01016
16	0.04089	0.01179	0.01332	0.01057	0.01518	0.01087	0.00840	0.08449	0.14543	0.10043	0.02224	0.05223	0.08352	0.00793	0.00585	0.00161	0.00495	0.00648	0.00533	0.36851
17	0.02142	0.04893	0.19113	0.01509	0.04925	0.01310	0.04250	0.09899	0.03877	0.33636	0.04009	0.02055	0.03867	0.00768	0.00643	0.00200	0.00686	0.00631	0.00582	0.01006
18	0.06023	0.09340	0.60922	0.01709	0.02580	0.01606	0.02136	0.04856	0.01413	0.02135	0.01139	0.01326	0.00824	0.00615	0.00586	0.00198	0.00897	0.00463	0.00296	0.00936
19	0.00836	0.00656	0.00758	0.00765	0.00932	0.00586	0.00561	0.01073	0.03051	0.02029	0.27942	0.18353	0.36966	0.01585	0.00772	0.00221	0.00332	0.01370	0.00638	0.00573
20	0.00803	0.00652	0.00711	0.00705	0.00899	0.00561	0.00525	0.01000	0.01553	0.01955	0.23216	0.08762	0.53257	0.01572	0.00766	0.00216	0.00324	0.01334	0.00628	0.00561
21	0.10848	0.15382	0.14081	0.08892	0.05490	0.10141	0.04240	0.05045	0.07945	0.06772	0.01412	0.04558	0.01138	0.00707	0.00577	0.00192	0.00767	0.00553	0.00399	0.00860
22	0.00814	0.00593	0.00770	0.00896	0.00956	0.00559	0.00607	0.00984	0.03220	0.01722	0.06530	0.68587	0.07467	0.01946	0.00815	0.00257	0.00374	0.01757	0.00606	0.00543
23	0.01274	0.00623	0.00639	0.00625	0.00790	0.00616	0.00472	0.01573	0.01375	0.05331	0.02126	0.02400	0.01654	0.00755	0.00460	0.00153	0.00311	0.00604	0.77598	0.00623
24	0.02414	0.03079	0.01831	0.01665	0.01998	0.74698	0.01248	0.02580	0.01831	0.01581	0.00999	0.01165	0.00832	0.00666	0.00583	0.00166	0.01165	0.00416	0.00333	0.00749
25	0.01534	0.14957	0.14252	0.05527	0.02572	0.04279	0.25017	0.03903	0.04698	0.01945	0.01289	0.01749	0.01061	0.00716	0.00845	0.00211	0.10881	0.03382	0.00337	0.00846
26	0.00940	0.00626	0.00705	0.00705	0.00705	0.00626	0.00392	0.00940	0.00940	0.01253	0.02036	0.04228	0.02349	0.77292	0.03289	0.00626	0.00626	0.00940	0.00392	0.00392
27	0.01305	0.03276	0.71038	0.01878	0.02821	0.01506	0.05227	0.02047	0.01371	0.02047	0.01166	0.01380	0.00825	0.00611	0.00620	0.00205	0.00960	0.00489	0.00275	0.00951
28	0.00780	0.00592	0.00719	0.00821	0.00917	0.00531	0.00565	0.00908	0.01312	0.01680	0.04514	0.54325	0.26204	0.01901	0.00805	0.00248	0.00360	0.01686	0.00600	0.00531
29	0.01340	0.01148	0.01340	0.00957	0.01531	0.00861	0.00766	0.01627	0.01340	0.02105	0.01148	0.01340	0.00957	0.00479	0.00479	0.00096	0.00479	0.00383	0.00383	0.81242
30	0.01605	0.01645	0.08647	0.25327	0.25836	0.01597	0.08776	0.14506	0.01698	0.02317	0.01260	0.01622	0.00965	0.00634	0.00653	0.00203	0.00835	0.00587	0.00366	0.00922
31	0.03272	0.34403	0.23521	0.05661	0.09034	0.01933	0.01580	0.02111	0.06354	0.04822	0.01209	0.01369	0.00956	0.00612	0.00533	0.00176	0.00762	0.00458	0.00331	0.00901
32	0.00915	0.00680	0.00855	0.00816	0.00978	0.00633	0.00610	0.01247	0.04165	0.02456	0.59817	0.08152	0.13504	0.01373	0.00762	0.00208	0.00318	0.01206	0.00692	0.00613
33	0.02526	0.01205	0.01505	0.01208	0.01671	0.01170	0.00980	0.05732	0.21269	0.51556	0.02535	0.02234	0.01684	0.00820	0.00652	0.00205	0.00545	0.00670	0.00755	0.01078
34	0.01004	0.00729	0.01035	0.01019	0.01113	0.00834	0.00767	0.01182	0.01059	0.03585	0.01898	0.08834	0.01902	0.15859	0.50429	0.00836	0.06149	0.00817	0.00383	0.00566
35	0.04172	0.01789	0.02049	0.11624	0.06503	0.16961	0.10329	0.13469	0.10893	0.02286	0.01505	0.04069	0.01244	0.00800	0.00783	0.00210	0.07428	0.02601	0.00432	0.00853
36	0.00802	0.00649	0.00713	0.00712	0.00900	0.00560	0.00528	0.00997	0.01542	0.01945	0.22536	0.11187	0.51491	0.01588	0.00768	0.00218	0.00325	0.01352	0.00627	0.00560
37	0.00796	0.00589	0.00744	0.00846	0.00928	0.00537	0.00581	0.00936	0.01339	0.01760	0.10983	0.56811	0.17019	0.01884	0.00807	0.00248	0.00359	0.01684	0.00611	0.00537
38	0.01677	0.56279	0.13793	0.03696	0.01943	0.02304	0.01341	0.06101	0.01411	0.01759	0.00983	0.01155	0.00846	0.00602	0.00537	0.00160	0.03863	0.00396	0.00299	0.00856
39	0.01442	0.02049	0.26516	0.01918	0.04989	0.01449	0.22096	0.07552	0.01498	0.02175	0.01387	0.01826	0.01103	0.06104	0.00931	0.00236	0.05749	0.00627	0.09505	0.00848
40	0.00933	0.00655	0.00847	0.00847	0.00897	0.00704	0.00569	0.01031	0.00982	0.01358	0.01905	0.03506	0.02035	0.46329	0.33823	0.00803	0.01098	0.00834	0.00372	0.00471
41	0.10542	0.01224	0.01206	0.01216	0.03587	0.10470	0.00908	0.07904	0.06886	0.02158	0.05935	0.15066	0.02533	0.08756	0.04381	0.00307	0.00673	0.15045	0.00516	0.00687
42	0.01674	0.01705	0.16970	0.01318	0.01768	0.07594	0.01261	0.11119	0.01750	0.14249	0.05271	0.05603	0.11883	0.01089	0.00735	0.00220	0.02387	0.12030	0.00542	0.00832
43	0.01564	0.01701	0.01643	0.04974	0.03855	0.24308	0.01196	0.01746	0.01318	0.01586	0.01391	0.10364	0.01383	0.01698	0.14020	0.00370	0.25161	0.00690	0.00348	0.00686
44	0.02620	0.01267	0.01649	0.01271	0.01761	0.01210	0.03576	0.17366	0.04966	0.50532	0.05213	0.02163	0.01673	0.00810	0.00658	0.00200	0.00592	0.00664	0.00740	0.01068
45	0.05961	0.01709	0.01680	0.01398	0.01830	0.07815	0.01117	0.33467	0.32036	0.03230	0.01930	0.01858	0.01427	0.00801	0.00634	0.00203	0.00654	0.00620	0.00613	0.01018
46	0.00996	0.00793	0.01098	0.08411	0.01435	0.02874	0.00854	0.01210	0.01070	0.01479	0.01699	0.02678	0.01631	0.15374	0.54442	0.00870	0.01460	0.00711	0.00347	0.00567
47	0.00787	0.00562	0.00750	0.00900	0.00937	0.00525	0.00600	0.00900	0.01237	0.01649	0.03561	0.76871	0.04274	0.02024	0.00825	0.00262	0.00375	0.01837	0.00600	0.00525
48	0.01152	0.00756	0.00971	0.00901	0.01097	0.00719	0.00690	0.01559	0.07127	0.09144	0.55340	0.07453	0.05193	0.01287	0.00752	0.00210	0.00358	0.03904	0.00706	0.00682
49	0.01151	0.00692	0.00815	0.00793	0.00936	0.00738	0.00596	0.04729	0.01297	0.02091	0.01954	0.02584	0.01683	0.09441	0.24250	0.00480	0.00805	0.00662	0.43705	0.00598
50	0.01477	0.01185	0.01380	0.01003	0.01564	0.00944	0.00805	0.04979	0.03864	0.05704	0.01286	0.01428	0.01030	0.00522	0.00501	0.00110	0.00494	0.00417	0.00425	0.70885
51	0.01344	0.00713	0.00979	0.00926	0.01025	0.00724	0.00655	0.01373	0.07599	0.09566	0.01525	0.02214	0.01367	0.06842	0.07231	0.53800	0.00641	0.00620	0.00386	0.00470
52	0.01516	0.01716	0.03716	0.05384	0.05140	0.01624	0.66724	0.02052	0.01515	0.02056	0.01299	0.01739	0.00977	0.00549	0.00755	0.00217	0.01073	0.00751	0.00325	0.00870
53	0.00800	0.00568	0.00746	0.00884	0.00918	0.00533	0.00583	0.00903	0.01213	0.01617	0.03436	0.70903	0.04115	0.08208	0.01027	0.00292	0.00396	0.01763	0.00583	0.00514
54	0.01202	0.00719	0.00951	0.00869	0.01066	0.00655	0.00660	0.01485	0.01790	0.13169	0.57473	0.09539	0.05294	0.01293	0.00750	0.00207	0.00346	0.01138	0.00717	0.00677
55	0.01283	0.00625	0.00644	0.00628	0.00794	0.00618	0.00475	0.01582	0.01378	0.05710	0.02128	0.02399	0.01654	0.00755	0.00461	0.00153	0.00313	0.00604	0.77172	0.00625
56	0.81856	0.01250	0.00950	0.00850	0.01250	0.01449	0.00700	0.01899	0.01100	0.02899	0.00900	0.01050	0.00700	0.00600	0.00400	0.00200	0.00500	0.00350	0.00400	0.00700
57	0.00787	0.00562	0.00750	0.00900	0.00937	0.00525	0.00600	0.00900	0.01237	0.01649	0.03561	0.76871	0.04274	0.02024	0.00825	0.00262	0.00375	0.01837	0.00600	0.00525
58	0.00889	0.00659	0.00828	0.00786	0.00950	0.00599	0.00590	0.01170	0.01769	0.02448	0.61705	0.05062	0.17402	0.01374	0.00762	0.00206	0.00309	0.01201	0.00692	0.00599
59	0.00851	0.00618	0.00817	0.00954	0.01036	0.00584	0.00705	0.01016	0.01323	0.01732	0.03785	0.52617	0.10124	0.01928	0.00837	0.00268	0.00428	0.19234	0.00599	0.00545
60	0.01993	0.02367	0.01622	0.01495	0.01751	0.50165	0.01124	0.04951	0.01692	0.01698	0.01625	0.14806	0.03550	0.00980	0.00765	0.00196	0.07394	0.00716	0.00397	0.00714
61	0.05378	0.00750	0.00787	0.00724	0.00944	0.00754	0.00560	0.04030	0.03200	0.10699	0.02094	0.02291	0.01593	0.00755	0.00483	0.00162	0.00358	0.00598	0.63151	0.00691
62	0.01449	0.00972	0.01095	0.00984	0.01256	0.01020	0.00762	0.04256	0.25715	0.09587	0.21496	0.03170	0.05890	0.00989	0.00643	0.00197	0.00411	0.00834	0.18464	0.00809
63	0.01027	0.00814	0.01243	0.01169	0.04111	0.00811	0.09883	0.01156	0.01081	0.01468	0.02017	0.10771	0.02208	0.47034	0.11950	0.00572	0.00813	0.00958	0.00395	0.00518
64	0.00895	0.00701	0.00815	0.00779	0.00971	0.00643	0.00587	0.01234	0.05868	0.02259	0.42145	0.05240	0.32655	0.01421	0.00756	0.00210	0.00326	0.01221	0.00663	0.00609
65	0.00890	0.00659	0.00829	0.00787	0.00950	0.00599	0.00590	0.01171	0.01770	0.02451	0.61942	0.05057	0.17163	0.01373	0.00762	0.00206	0.00309	0.01201	0.00693	0.00599
66	0.00983	0.00707	0.00855	0.00828	0.00838	0.00771	0.00525	0.01017	0.00953	0.01303	0.01896	0.03814	0.02143	0.63760	0.09368	0.00629	0.07912	0.00883	0.00377	0.00438
67	0.02136	0.02399	0.01818	0.01599	0.01903	0.42937	0.01243	0.11136	0.11658	0.02047	0.01270	0.01430	0.01028	0.00788	0.00864	0.00197	0.13808	0.00506	0.00409	0.00824
68	0.01401	0.16417	0.44435	0.08108	0.04683	0.01716	0.08185	0.01977	0.01354	0.01905	0.01116	0.01377	0.00845	0.00615	0.00643	0.00197	0.03355	0.00493	0.00281	0.00898
69	0.01430	0.01416	0.02568	0.33070	0.31889	0.01513	0.14969	0.01864	0.01408	0.01915	0.01205	0.01677	0.00949	0.00599	0.00666	0.00206	0.00867	0.00611	0.00308	0.00870
70	0.01211	0.01131	0.01896	0.73173	0.04322	0.01408	0.01746	0.01627	0.01280	0.01637	0.01179	0.01808	0.00912	0.03268	0.00736	0.00229	0.00853	0.00587	0.00291	0.00707
71	0.01482	0.01247	0.01863	0.43638	0.12197	0.03515	0.01560	0.04167	0.05708	0.07997	0.04408	0.04982	0.01373	0.00763	0.00687	0.00212	0.02332	0.00662	0.00400	0.00808
72	0.01714	0.01816	0.04828	0.06797	0.45337	0.11084	0.10963	0.05813	0.01598	0.02119	0.01213	0.01558	0.00983	0.00599	0.00648	0.00194	0.00869	0.00577	0.00337	0.00955
73	0.01768	0.73242	0.03293	0.01139	0.01679	0.06850	0.01114	0.01973	0.01344	0.01524	0.00904	0.01044	0.00829	0.00560	0.00425	0.00140	0.00719	0.00350	0.00280	0.00824
74	0.01407	0.01188	0.01376	0.00989	0.01560	0.00930	0.00794	0.05820	0.01442	0.02224	0.01173	0.01353	0.00966	0.00496	0.00489	0.00102	0.00493	0.00395	0.00399	0.76405
75	0.01317	0.01268	0.03957	0.60372	0.03920	0.01480	0.01681	0.04043	0.11773	0.01891	0.01379	0.01808	0.01031	0.00683	0.00647	0.00215	0.00808	0.00595	0.00352	0.00781
76	0.00806	0.00654	0.00715	0.00705	0.00900	0.00563	0.00527	0.01008	0.01565	0.01978	0.24883	0.07750	0.52569	0.01559	0.00765	0.00215	0.00322	0.01322	0.00631	0.00563
77	0.01765	0.65040	0.05578	0.01179	0.01727	0.05106	0.01156	0.05160	0.05054	0.01716	0.01029	0.01146	0.00900	0.00586	0.00451	0.00148	0.00709	0.00383	0.00315	0.00853
