[name]
unknown

[dist]
# distance from previous block
# <min> <max>
6	22

[block]
# block no. 0 follows, 34 sequences, length 114
# corresponding to MSA columns:
# 26-139
name=unknown_A
#
# <colnr> <probs for GDERKNQSTAVLIFYWHMCP>
#	G	D	E	R	K	N	Q	S	T	A	V	L	I	F	Y	W	H	M	C	P
0	0.04870	0.01013	0.01355	0.12926	0.08113	0.01081	0.01034	0.01917	0.12543	0.11675	0.04876	0.14886	0.08545	0.01140	0.00818	0.04429	0.02957	0.00902	0.04156	0.00764
1	0.01565	0.01367	0.01850	0.34993	0.13630	0.07341	0.01494	0.08686	0.03847	0.06197	0.01464	0.04247	0.01201	0.04198	0.04963	0.00271	0.00851	0.00634	0.00391	0.00808
2	0.01296	0.00979	0.01423	0.16809	0.02031	0.01041	0.05878	0.05720	0.06758	0.07446	0.09355	0.13958	0.08788	0.01548	0.09579	0.00315	0.00718	0.00941	0.04692	0.00724
3	0.14911	0.01046	0.01101	0.01010	0.01282	0.03155	0.00773	0.11366	0.05248	0.10325	0.09330	0.24977	0.10416	0.01270	0.00681	0.00220	0.00480	0.01070	0.00601	0.00740
4	0.01502	0.01115	0.01505	0.01238	0.01577	0.01112	0.10117	0.11831	0.11127	0.08792	0.04951	0.10789	0.11806	0.06422	0.02513	0.00252	0.00591	0.00911	0.06875	0.04973
5	0.01482	0.01186	0.01659	0.11091	0.14002	0.04445	0.05606	0.06344	0.05667	0.09161	0.07022	0.19578	0.04187	0.04607	0.00825	0.00236	0.00637	0.00967	0.00508	0.00790
6	0.01364	0.01182	0.01789	0.56498	0.07355	0.04414	0.01582	0.01758	0.01357	0.05017	0.01324	0.01797	0.00997	0.00663	0.00620	0.00204	0.00788	0.00574	0.09979	0.00738
7	0.17398	0.01520	0.01742	0.04670	0.05909	0.12501	0.11085	0.07421	0.01496	0.02268	0.01298	0.01614	0.01049	0.01107	0.08801	0.00278	0.02740	0.00534	0.09251	0.07318
8	0.00861	0.00620	0.00780	0.00842	0.00912	0.00604	0.00575	0.00981	0.01202	0.01594	0.06687	0.32494	0.11966	0.22918	0.10357	0.00449	0.00608	0.04531	0.00518	0.00505
9	0.03569	0.01484	0.01993	0.01666	0.01779	0.01962	0.03100	0.13207	0.01348	0.02022	0.00978	0.01436	0.00890	0.01044	0.01798	0.00264	0.59769	0.00568	0.00348	0.00776
10	0.05398	0.01287	0.01526	0.04764	0.01732	0.05300	0.04228	0.16332	0.07508	0.16562	0.13080	0.04442	0.04399	0.01119	0.03168	0.04444	0.02526	0.00748	0.00587	0.00849
11	0.07198	0.01645	0.01800	0.01441	0.01883	0.06369	0.06829	0.36189	0.16026	0.03239	0.03938	0.01842	0.01413	0.00773	0.00628	0.00197	0.00677	0.00620	0.06329	0.00966
12	0.08610	0.01318	0.01726	0.20306	0.05655	0.06028	0.05589	0.04431	0.09254	0.18315	0.01905	0.04199	0.01521	0.00844	0.00659	0.00215	0.00709	0.07350	0.00509	0.00856
13	0.01544	0.01260	0.01868	0.28697	0.10154	0.01395	0.05757	0.12405	0.08066	0.06154	0.05234	0.04016	0.01597	0.05796	0.00845	0.00239	0.00731	0.02957	0.00455	0.00830
14	0.01165	0.00803	0.01092	0.01048	0.01233	0.00759	0.04343	0.06710	0.01491	0.07268	0.06867	0.48075	0.05299	0.01589	0.00762	0.00235	0.00454	0.03010	0.03171	0.04627
15	0.01120	0.00906	0.01057	0.05208	0.03091	0.05575	0.00785	0.05683	0.01321	0.01716	0.02540	0.38488	0.02880	0.14544	0.02991	0.05341	0.02750	0.02942	0.00491	0.00570
16	0.04804	0.20229	0.04553	0.01843	0.18296	0.05903	0.01290	0.04285	0.01621	0.28650	0.01618	0.01632	0.01164	0.00666	0.00576	0.00181	0.00687	0.00527	0.00498	0.00977
17	0.02013	0.00910	0.01166	0.00963	0.01332	0.00785	0.00771	0.02239	0.01718	0.43418	0.10535	0.05791	0.23322	0.01134	0.00699	0.00207	0.00455	0.00946	0.00726	0.00871
18	0.01568	0.01851	0.10029	0.02601	0.14541	0.03432	0.39069	0.04438	0.07269	0.02150	0.01359	0.01697	0.01045	0.00629	0.00791	0.00214	0.05375	0.00675	0.00355	0.00912
19	0.01582	0.01126	0.01392	0.01187	0.05695	0.00973	0.00877	0.03598	0.08263	0.13361	0.12621	0.02134	0.01955	0.00709	0.00579	0.00148	0.00488	0.00595	0.00527	0.42191
20	0.00936	0.00639	0.00771	0.00771	0.00794	0.00662	0.00474	0.00982	0.00959	0.01302	0.01975	0.03893	0.02204	0.62924	0.17458	0.00708	0.00845	0.00891	0.00383	0.00428
21	0.10090	0.01155	0.01453	0.01562	0.13259	0.02976	0.01030	0.08556	0.03490	0.20193	0.02262	0.23132	0.02098	0.01094	0.00701	0.00216	0.02376	0.00931	0.02576	0.00849
22	0.01041	0.00744	0.01041	0.01190	0.01339	0.00744	0.01041	0.01339	0.01487	0.01934	0.03421	0.07288	0.03719	0.01785	0.00892	0.00297	0.00595	0.68913	0.00595	0.00595
23	0.01340	0.01148	0.01340	0.00957	0.01531	0.00861	0.00766	0.01627	0.01340	0.02105	0.01148	0.01340	0.00957	0.00479	0.00479	0.00096	0.00479	0.00383	0.00383	0.81242
24	0.02899	0.01100	0.01499	0.01150	0.01649	0.00950	0.00950	0.03149	0.01849	0.73709	0.02549	0.02199	0.01599	0.00800	0.00650	0.00200	0.00550	0.00650	0.00800	0.01100
25	0.01028	0.00735	0.01023	0.01152	0.01301	0.00730	0.00998	0.01327	0.01522	0.02000	0.10453	0.07039	0.03959	0.01738	0.00879	0.00288	0.00566	0.62059	0.00607	0.00596
26	0.02456	0.01810	0.01939	0.01487	0.02004	0.02004	0.01228	0.71107	0.03038	0.04072	0.01551	0.01551	0.01099	0.00776	0.00646	0.00194	0.00711	0.00582	0.00646	0.01099
27	0.01340	0.01148	0.01340	0.00957	0.01531	0.00861	0.00766	0.01627	0.01340	0.02105	0.01148	0.01340	0.00957	0.00479	0.00479	0.00096	0.00479	0.00383	0.00383	0.81242
28	0.01607	0.01388	0.01461	0.01315	0.01680	0.01607	0.01023	0.03433	0.72094	0.02703	0.02630	0.02411	0.01972	0.00877	0.00657	0.00219	0.00511	0.00731	0.00657	0.01023
29	0.01041	0.00744	0.01041	0.01190	0.01339	0.00744	0.01041	0.01339	0.01487	0.01934	0.03421	0.07288	0.03719	0.01785	0.00892	0.00297	0.00595	0.68913	0.00595	0.00595
30	0.01354	0.13298	0.64495	0.01743	0.02644	0.01642	0.02216	0.02031	0.01357	0.01976	0.01125	0.01320	0.00820	0.00606	0.00587	0.00196	0.00920	0.00460	0.00273	0.00938
31	0.01513	0.01424	0.02387	0.11927	0.53866	0.01455	0.03923	0.04029	0.01502	0.02092	0.01576	0.02121	0.04396	0.00700	0.00663	0.00202	0.00758	0.04170	0.00353	0.00942
32	0.81856	0.01250	0.00950	0.00850	0.01250	0.01449	0.00700	0.01899	0.01100	0.02899	0.00900	0.01050	0.00700	0.00600	0.00400	0.00200	0.00500	0.00350	0.00400	0.00700
33	0.73819	0.01435	0.01039	0.00932	0.01325	0.08860	0.00755	0.01968	0.01174	0.02766	0.00910	0.01061	0.00713	0.00606	0.00418	0.00197	0.00567	0.00357	0.00393	0.00705
34	0.00781	0.00646	0.00685	0.00695	0.00888	0.00550	0.00514	0.00953	0.01484	0.01820	0.12817	0.13229	0.59421	0.01644	0.00770	0.00221	0.00330	0.01392	0.00611	0.00550
35	0.00910	0.00660	0.00857	0.00808	0.00962	0.00608	0.00606	0.01210	0.01818	0.02564	0.70799	0.04871	0.08236	0.01331	0.00762	0.00204	0.00306	0.01175	0.00708	0.00608
36	0.01818	0.11307	0.32305	0.01629	0.02304	0.04149	0.03417	0.24876	0.01923	0.04427	0.01276	0.01414	0.00938	0.00692	0.00683	0.00196	0.04751	0.00510	0.00414	0.00970
37	0.01122	0.00561	0.00842	0.00842	0.00842	0.00561	0.00561	0.00842	0.00842	0.01122	0.01122	0.01964	0.01122	0.02245	0.02525	0.81201	0.00561	0.00561	0.00281	0.00281
38	0.01645	0.01507	0.02558	0.05637	0.68520	0.01508	0.01935	0.02024	0.01483	0.05125	0.01270	0.01628	0.01044	0.00587	0.00640	0.00193	0.00761	0.00579	0.00339	0.01019
39	0.00932	0.00647	0.00808	0.00799	0.00851	0.00665	0.00523	0.01036	0.01112	0.01535	0.13909	0.03944	0.02813	0.47993	0.19135	0.00649	0.00824	0.00922	0.00435	0.00470
40	0.01629	0.01681	0.08876	0.03611	0.61549	0.01509	0.04229	0.02044	0.01481	0.05337	0.01274	0.01610	0.01030	0.00588	0.00642	0.00194	0.00785	0.00577	0.00338	0.01016
41	0.01198	0.00920	0.05721	0.00921	0.01199	0.00721	0.00770	0.01516	0.01748	0.11053	0.51153	0.04137	0.08806	0.01175	0.00720	0.00197	0.00389	0.01021	0.00665	0.05969
42	0.79220	0.01310	0.00979	0.00877	0.01274	0.03881	0.00718	0.01922	0.01124	0.02855	0.00903	0.01053	0.00704	0.00602	0.00406	0.00199	0.00522	0.00352	0.00398	0.00701
43	0.01488	0.29019	0.44234	0.01621	0.02405	0.04000	0.05005	0.02024	0.01367	0.01852	0.01071	0.01262	0.00830	0.00591	0.00551	0.00181	0.00876	0.00443	0.00278	0.00902
44	0.01588	0.01766	0.16001	0.01483	0.05863	0.01339	0.03403	0.16178	0.07736	0.02539	0.01510	0.01634	0.02941	0.00638	0.00580	0.00160	0.00654	0.00520	0.00439	0.33026
45	0.00920	0.00636	0.00732	0.00732	0.00765	0.00636	0.00442	0.00959	0.01003	0.01327	0.02462	0.04265	0.09426	0.62599	0.09974	0.00625	0.00703	0.00958	0.00408	0.00425
46	0.02371	0.02094	0.04298	0.01656	0.04409	0.19411	0.04715	0.41012	0.02468	0.09043	0.01465	0.01517	0.01059	0.00728	0.00636	0.00189	0.00836	0.00553	0.00545	0.00996
47	0.02840	0.01149	0.01525	0.01174	0.01671	0.01029	0.00968	0.07205	0.03705	0.67757	0.02492	0.02166	0.01579	0.00800	0.00650	0.00200	0.00558	0.00648	0.00787	0.01098
48	0.81856	0.01250	0.00950	0.00850	0.01250	0.01449	0.00700	0.01899	0.01100	0.02899	0.00900	0.01050	0.00700	0.00600	0.00400	0.00200	0.00500	0.00350	0.00400	0.00700
49	0.01727	0.77681	0.03386	0.01106	0.01658	0.02557	0.01106	0.01935	0.01313	0.01520	0.00898	0.01036	0.00829	0.00553	0.00415	0.00138	0.00691	0.00345	0.00276	0.00829
50	0.00946	0.04134	0.00973	0.00830	0.00995	0.00694	0.00632	0.01238	0.01781	0.02503	0.66738	0.07699	0.05782	0.01316	0.00749	0.00203	0.00325	0.01160	0.00687	0.00616
51	0.00779	0.00593	0.00718	0.00819	0.00916	0.00532	0.00564	0.00909	0.01314	0.01681	0.04541	0.53670	0.26841	0.01897	0.00805	0.00248	0.00359	0.01681	0.00600	0.00532
52	0.00787	0.00562	0.00750	0.00900	0.00937	0.00525	0.00600	0.00900	0.01237	0.01649	0.03561	0.76871	0.04274	0.02024	0.00825	0.00262	0.00375	0.01837	0.00600	0.00525
53	0.01343	0.03331	0.70897	0.01834	0.02763	0.04593	0.02339	0.02069	0.01384	0.02027	0.01153	0.01356	0.00819	0.00616	0.00613	0.00203	0.00964	0.00475	0.00275	0.00946
54	0.00900	0.00660	0.00843	0.00798	0.00956	0.00603	0.00598	0.01191	0.01794	0.02509	0.66472	0.04962	0.12597	0.01352	0.00762	0.00205	0.00307	0.01187	0.00700	0.00603
55	0.01296	0.03342	0.73944	0.01842	0.02797	0.01501	0.02387	0.02046	0.01364	0.02046	0.01160	0.01364	0.00818	0.00614	0.00614	0.00205	0.00955	0.00477	0.00273	0.00955
56	0.01693	0.01431	0.01509	0.01332	0.01713	0.01647	0.01043	0.10280	0.65108	0.02841	0.02521	0.02324	0.01884	0.00866	0.00656	0.00217	0.00532	0.00715	0.00656	0.01030
57	0.01727	0.77681	0.03386	0.01106	0.01658	0.02557	0.01106	0.01935	0.01313	0.01520	0.00898	0.01036	0.00829	0.00553	0.00415	0.00138	0.00691	0.00345	0.00276	0.00829
58	0.01599	0.01535	0.02623	0.03966	0.73262	0.01535	0.01983	0.01983	0.01471	0.02111	0.01215	0.01599	0.01023	0.00576	0.00640	0.00192	0.00768	0.00576	0.00320	0.01023
59	0.02790	0.01275	0.01608	0.01233	0.01737	0.01210	0.01018	0.19923	0.02143	0.56521	0.02303	0.02039	0.01476	0.00794	0.00649	0.00198	0.00590	0.00633	0.00762	0.01099
60	0.01531	0.01718	0.03644	0.02623	0.03256	0.01632	0.65914	0.02167	0.06574	0.02115	0.01402	0.01791	0.01051	0.00568	0.00755	0.00218	0.01048	0.00760	0.00350	0.00882
61	0.00779	0.00655	0.00676	0.00671	0.00882	0.00552	0.00503	0.00957	0.01509	0.01831	0.13261	0.06077	0.66231	0.01604	0.00763	0.00217	0.00325	0.01344	0.00611	0.00552
62	0.01702	0.73311	0.07533	0.01149	0.01725	0.02495	0.01181	0.01941	0.01316	0.01551	0.00914	0.01056	0.00829	0.00556	0.00426	0.00142	0.00707	0.00353	0.00276	0.00837
63	0.00914	0.00660	0.00864	0.00813	0.00965	0.00610	0.00610	0.01219	0.01829	0.02591	0.72921	0.04827	0.06097	0.01321	0.00762	0.00203	0.00305	0.01169	0.00711	0.00610
64	0.01296	0.03342	0.73944	0.01842	0.02797	0.01501	0.02387	0.02046	0.01364	0.02046	0.01160	0.01364	0.00818	0.00614	0.00614	0.00205	0.00955	0.00477	0.00273	0.00955
65	0.02801	0.01120	0.01487	0.01146	0.01632	0.00997	0.00945	0.07074	0.01898	0.66593	0.02472	0.02170	0.01572	0.00796	0.00641	0.00197	0.00549	0.00644	0.04186	0.01078
66	0.01314	0.01406	0.02938	0.02202	0.02680	0.01317	0.50833	0.01736	0.01443	0.01950	0.01951	0.23199	0.01921	0.00967	0.00780	0.00231	0.00885	0.01069	0.00405	0.00772
67	0.01702	0.73311	0.07533	0.01149	0.01725	0.02495	0.01181	0.01941	0.01316	0.01551	0.00914	0.01056	0.00829	0.00556	0.00426	0.00142	0.00707	0.00353	0.00276	0.00837
68	0.01727	0.77681	0.03386	0.01106	0.01658	0.02557	0.01106	0.01935	0.01313	0.01520	0.00898	0.01036	0.00829	0.00553	0.00415	0.00138	0.00691	0.00345	0.00276	0.00829
69	0.73667	0.01190	0.00941	0.00846	0.01221	0.01365	0.00691	0.01831	0.01173	0.02868	0.08186	0.01432	0.01246	0.00673	0.00437	0.00200	0.00480	0.00433	0.00431	0.00691
70	0.01552	0.01502	0.02624	0.03672	0.62883	0.01489	0.07947	0.01946	0.01497	0.02136	0.05438	0.01801	0.01318	0.00617	0.00658	0.00195	0.00769	0.00627	0.00343	0.00986
71	0.00826	0.00602	0.00767	0.00882	0.00956	0.00562	0.00619	0.00959	0.01276	0.01664	0.03852	0.52400	0.14022	0.08160	0.01027	0.00290	0.00415	0.09614	0.00582	0.00525
72	0.02559	0.01024	0.01390	0.01092	0.01532	0.00891	0.00891	0.02818	0.01846	0.61517	0.14614	0.02650	0.02370	0.00889	0.00669	0.00200	0.00508	0.00739	0.00785	0.01016
73	0.01690	0.03862	0.02519	0.07377	0.61559	0.01514	0.01861	0.02060	0.01488	0.07950	0.01312	0.01637	0.01056	0.00597	0.00634	0.00192	0.00752	0.00575	0.00356	0.01008
74	0.00769	0.00654	0.00656	0.00656	0.00867	0.00548	0.00488	0.00928	0.01455	0.01729	0.06398	0.06153	0.70686	0.04114	0.00846	0.00232	0.00337	0.01350	0.00593	0.00540
75	0.00825	0.00611	0.00773	0.00845	0.00949	0.00559	0.00601	0.01002	0.01438	0.01912	0.21281	0.43100	0.17366	0.01769	0.00801	0.00241	0.00358	0.04390	0.00627	0.00553
76	0.01266	0.01162	0.04714	0.06772	0.30008	0.01068	0.01303	0.01607	0.01581	0.04479	0.25926	0.05513	0.09955	0.00989	0.00698	0.00203	0.00563	0.00890	0.00499	0.00802
77	0.25864	0.31006	0.11481	0.01344	0.03887	0.07347	0.04817	0.04260	0.01366	0.02136	0.00991	0.01162	0.00811	0.00591	0.00480	0.00175	0.00726	0.00405	0.00333	0.00817
78	0.01925	0.33418	0.13503	0.01573	0.05348	0.30705	0.01399	0.02208	0.01532	0.01652	0.00993	0.01164	0.00838	0.00608	0.00522	0.00162	0.00921	0.00404	0.00300	0.00826
79	0.81856	0.01250	0.00950	0.00850	0.01250	0.01449	0.00700	0.01899	0.01100	0.02899	0.00900	0.01050	0.00700	0.00600	0.00400	0.00200	0.00500	0.00350	0.00400	0.00700
80	0.02442	0.01468	0.05415	0.01395	0.04146	0.01388	0.01145	0.21327	0.13695	0.37280	0.02179	0.01997	0.01467	0.00789	0.00648	0.00201	0.00615	0.00633	0.00692	0.01077
81	0.01627	0.01544	0.02600	0.03885	0.70937	0.01551	0.01958	0.04238	0.01522	0.02175	0.01226	0.01598	0.01026	0.00582	0.00640	0.00192	0.00766	0.00576	0.00330	0.01026
82	0.01771	0.72972	0.03288	0.01141	0.01680	0.07110	0.01115	0.01976	0.01346	0.01524	0.00905	0.01045	0.00829	0.00560	0.00425	0.00140	0.00721	0.00350	0.00280	0.00824
83	0.00850	0.00658	0.00774	0.00745	0.00926	0.00582	0.00559	0.01094	0.01676	0.02228	0.44406	0.05424	0.34838	0.01456	0.00763	0.00210	0.00314	0.01252	0.00663	0.00582
84	0.01945	0.14517	0.01906	0.01406	0.06850	0.18267	0.01059	0.04173	0.01603	0.14276	0.03045	0.04008	0.01253	0.00676	0.00556	0.00155	0.00705	0.00516	0.00443	0.22642
85	0.00914	0.00660	0.00864	0.00813	0.00965	0.00610	0.00610	0.01219	0.01829	0.02591	0.72921	0.04827	0.06097	0.01321	0.00762	0.00203	0.00305	0.01169	0.00711	0.00610
86	0.81856	0.01250	0.00950	0.00850	0.01250	0.01449	0.00700	0.01899	0.01100	0.02899	0.00900	0.01050	0.00700	0.00600	0.00400	0.00200	0.00500	0.00350	0.00400	0.00700
87	0.01534	0.06773	0.38037	0.01794	0.05411	0.01530	0.08804	0.02374	0.15151	0.07844	0.03441	0.01754	0.01268	0.00686	0.00634	0.00204	0.00810	0.00584	0.00408	0.00958
88	0.01408	0.01203	0.01291	0.01092	0.01457	0.04427	0.00850	0.05760	0.25062	0.02528	0.23172	0.02743	0.02836	0.00887	0.00636	0.00177	0.00480	0.00746	0.00584	0.22661
89	0.00781	0.00655	0.00678	0.00673	0.00883	0.00553	0.00504	0.00960	0.01513	0.01841	0.14076	0.06060	0.65409	0.01601	0.00763	0.00216	0.00325	0.01342	0.00613	0.00553
90	0.02899	0.01100	0.01499	0.01150	0.01649	0.00950	0.00950	0.03149	0.01849	0.73709	0.02549	0.02199	0.01599	0.00800	0.00650	0.00200	0.00550	0.00650	0.00800	0.01100
91	0.00939	0.00661	0.00918	0.00918	0.00999	0.00725	0.00665	0.01059	0.01017	0.01415	0.01994	0.03082	0.05455	0.21988	0.46251	0.09006	0.01272	0.00774	0.00364	0.00500
92	0.00851	0.00674	0.00774	0.00830	0.00974	0.00628	0.00591	0.01137	0.07390	0.01808	0.06847	0.38733	0.32923	0.01743	0.00783	0.00238	0.00364	0.01524	0.00608	0.00578
93	0.02842	0.01087	0.01481	0.01140	0.01630	0.00940	0.00940	0.03093	0.01849	0.71667	0.04570	0.02275	0.01729	0.00815	0.00653	0.00200	0.00543	0.00665	0.00797	0.01086
94	0.01532	0.43992	0.35361	0.01439	0.02174	0.02078	0.01686	0.01985	0.01336	0.01759	0.01017	0.01185	0.00824	0.00580	0.00505	0.00168	0.00811	0.00405	0.00275	0.00886
95	0.01028	0.00797	0.00990	0.00857	0.01128	0.00680	0.00661	0.01321	0.01667	0.02396	0.47833	0.04018	0.07771	0.01120	0.00689	0.00178	0.00363	0.03190	0.00612	0.22701
96	0.06380	0.44507	0.23405	0.01357	0.01995	0.09227	0.01465	0.02028	0.01366	0.01759	0.00983	0.01144	0.00819	0.00584	0.00487	0.00164	0.00802	0.00391	0.00288	0.00850
97	0.01727	0.77681	0.03386	0.01106	0.01658	0.02557	0.01106	0.01935	0.01313	0.01520	0.00898	0.01036	0.00829	0.00553	0.00415	0.00138	0.00691	0.00345	0.00276	0.00829
98	0.01727	0.77681	0.03386	0.01106	0.01658	0.02557	0.01106	0.01935	0.01313	0.01520	0.00898	0.01036	0.00829	0.00553	0.00415	0.00138	0.00691	0.00345	0.00276	0.00829
99	0.00805	0.00590	0.00753	0.00868	0.00941	0.00544	0.00598	0.00940	0.01304	0.01714	0.07543	0.58451	0.13940	0.03808	0.00877	0.00264	0.00380	0.04547	0.00600	0.00532
100	0.02573	0.01653	0.01770	0.01382	0.01875	0.06930	0.01131	0.41415	0.04768	0.26943	0.01877	0.01766	0.01273	0.00779	0.00643	0.00195	0.00684	0.00597	0.00675	0.01071
101	0.02000	0.01609	0.01702	0.01491	0.04173	0.08746	0.03343	0.15444	0.39258	0.11805	0.02176	0.02059	0.01593	0.00807	0.00650	0.00206	0.00643	0.00659	0.00620	0.01015
102	0.00793	0.00592	0.00739	0.00849	0.00935	0.00539	0.00588	0.00928	0.01315	0.01705	0.06017	0.56335	0.20380	0.01908	0.00811	0.00252	0.00369	0.03808	0.00603	0.00534
103	0.01430	0.09802	0.38674	0.02304	0.22845	0.01583	0.01981	0.02074	0.06065	0.02080	0.04279	0.01615	0.01178	0.00644	0.00611	0.00195	0.00819	0.00539	0.00331	0.00952
104	0.00812	0.00619	0.00720	0.00772	0.00885	0.00562	0.00532	0.00942	0.01311	0.01672	0.08078	0.31247	0.31649	0.13321	0.03600	0.00322	0.00435	0.01438	0.00566	0.00519
105	0.01438	0.05233	0.01484	0.01011	0.01572	0.04314	0.00817	0.03541	0.01406	0.02104	0.01139	0.01322	0.00949	0.00499	0.00484	0.00104	0.00527	0.00388	0.00382	0.71286
106	0.01769	0.19520	0.12927	0.02187	0.20361	0.01777	0.09877	0.10713	0.03178	0.07361	0.01311	0.01499	0.01013	0.00617	0.00595	0.00183	0.00778	0.00534	0.00388	0.03411
107	0.05852	0.05538	0.15155	0.01124	0.01514	0.01019	0.02586	0.03336	0.01557	0.07844	0.25761	0.12608	0.05254	0.03591	0.00761	0.00217	0.00537	0.00930	0.00540	0.04277
108	0.04412	0.09855	0.10487	0.01495	0.06024	0.10442	0.02994	0.11593	0.09556	0.11386	0.05270	0.04284	0.05213	0.00809	0.00618	0.00191	0.00700	0.00646	0.00500	0.03524
109	0.05388	0.01885	0.19173	0.01414	0.01953	0.08225	0.03352	0.09439	0.05089	0.24380	0.05965	0.05262	0.01687	0.00841	0.00649	0.00205	0.00715	0.02889	0.00554	0.00935
110	0.07760	0.05955	0.16641	0.01567	0.06952	0.03896	0.03572	0.11213	0.13110	0.08248	0.03775	0.01712	0.01299	0.00690	0.00594	0.00186	0.00688	0.00553	0.00470	0.11117
111	0.01619	0.01602	0.10973	0.01929	0.18356	0.01341	0.03223	0.11120	0.10085	0.06154	0.04049	0.02054	0.03281	0.00724	0.00623	0.00181	0.00654	0.02857	0.00465	0.18709
112	0.05001	0.01539	0.06729	0.07013	0.30050	0.04383	0.06173	0.02181	0.11479	0.07560	0.03654	0.03870	0.03736	0.00858	0.02777	0.00227	0.00750	0.00670	0.00431	0.00919
113	0.05198	0.01769	0.17727	0.01868	0.15940	0.03624	0.03742	0.04002	0.04508	0.09312	0.06162	0.02035	0.05588	0.00741	0.00667	0.00188	0.03166	0.00614	0.00434	0.12715

[dist]
# distance from previous block
# <min> <max>
11	29

[block]
# block no. 1 follows, 34 sequences, length 97
# corresponding to MSA columns:
# 169-265
name=unknown_B
#
# <colnr> <probs for GDERKNQSTAVLIFYWHMCP>
#	G	D	E	R	K	N	Q	S	T	A	V	L	I	F	Y	W	H	M	C	P
0	0.04944	0.04106	0.07351	0.06042	0.29477	0.04992	0.03244	0.17983	0.06738	0.02553	0.01409	0.03401	0.01133	0.00685	0.00624	0.00193	0.00750	0.00587	0.00425	0.03363
1	0.01648	0.03734	0.16380	0.04214	0.18662	0.04733	0.03387	0.07931	0.04899	0.08599	0.05989	0.04917	0.01510	0.00735	0.00629	0.00188	0.00719	0.00630	0.00438	0.10057
2	0.03718	0.04124	0.01839	0.07234	0.09039	0.06063	0.04377	0.13926	0.14028	0.15054	0.01829	0.05505	0.01417	0.00773	0.00629	0.00193	0.00667	0.00647	0.00536	0.08401
3	0.07269	0.01506	0.03321	0.04995	0.07081	0.04813	0.05903	0.17848	0.12535	0.15584	0.03557	0.01872	0.01389	0.00876	0.03214	0.00224	0.00711	0.00609	0.00550	0.06142
4	0.07583	0.04855	0.08695	0.01370	0.04395	0.11006	0.01132	0.12570	0.13234	0.05724	0.08376	0.05939	0.04741	0.00971	0.02512	0.00216	0.00685	0.00693	0.00512	0.04790
5	0.07264	0.01468	0.07732	0.04343	0.15590	0.01339	0.01270	0.12360	0.09313	0.16828	0.05151	0.02132	0.03758	0.03787	0.00733	0.00213	0.00634	0.00642	0.00533	0.04910
6	0.01858	0.01658	0.04788	0.01851	0.15180	0.08718	0.01288	0.19606	0.15243	0.07103	0.03891	0.04921	0.05769	0.00870	0.00724	0.00205	0.04150	0.00701	0.00531	0.00944
7	0.06930	0.10205	0.01974	0.04582	0.14620	0.01543	0.03825	0.14308	0.10775	0.07890	0.07347	0.02092	0.03064	0.00764	0.00614	0.00190	0.00630	0.01942	0.00502	0.06204
8	0.08135	0.03618	0.01962	0.01909	0.16850	0.03711	0.04454	0.28713	0.06652	0.04643	0.04287	0.01837	0.03048	0.00865	0.02959	0.00218	0.00717	0.00607	0.00510	0.04305
9	0.06735	0.11293	0.10914	0.04599	0.05130	0.08202	0.02993	0.16961	0.10656	0.08954	0.03438	0.01660	0.01251	0.00706	0.00594	0.00188	0.00725	0.00548	0.00481	0.03973
10	0.23719	0.04191	0.05819	0.03223	0.03701	0.07311	0.01107	0.22429	0.08873	0.05370	0.06977	0.01725	0.01429	0.00747	0.00575	0.00196	0.00651	0.00554	0.00514	0.00888
11	0.06622	0.04393	0.01504	0.01419	0.09283	0.10041	0.00994	0.09691	0.08695	0.08606	0.15600	0.05542	0.09872	0.00963	0.00649	0.00195	0.00585	0.00791	0.00553	0.04003
12	0.11977	0.01216	0.04984	0.01406	0.07043	0.01177	0.04463	0.13141	0.06943	0.04308	0.02315	0.28989	0.02366	0.03618	0.00774	0.00240	0.00572	0.03165	0.00533	0.00771
13	0.07142	0.01558	0.05381	0.01768	0.07402	0.07688	0.16723	0.06174	0.10639	0.02274	0.09543	0.05030	0.01820	0.01083	0.05829	0.00261	0.03702	0.00718	0.00447	0.04816
14	0.01662	0.07260	0.05340	0.02159	0.18464	0.05136	0.15419	0.06196	0.10193	0.06585	0.09364	0.02029	0.01692	0.00712	0.00652	0.00193	0.00741	0.00663	0.00452	0.05087
15	0.02627	0.01100	0.01453	0.01145	0.01613	0.00983	0.00932	0.03009	0.07954	0.61415	0.02558	0.05893	0.01742	0.00856	0.00653	0.00201	0.00535	0.00706	0.00763	0.03862
16	0.02161	0.22740	0.02270	0.01577	0.04825	0.42388	0.01228	0.08468	0.05271	0.01862	0.01110	0.01245	0.00919	0.00652	0.00549	0.00165	0.00950	0.00434	0.00361	0.00826
17	0.01674	0.01375	0.01669	0.04425	0.12236	0.07702	0.03531	0.07840	0.05998	0.09762	0.07191	0.05534	0.01767	0.02343	0.00680	0.00185	0.00636	0.02983	0.00489	0.21979
18	0.02046	0.13355	0.12616	0.01753	0.08681	0.21695	0.01444	0.22466	0.05653	0.02477	0.01274	0.01393	0.00985	0.00677	0.00591	0.00181	0.00862	0.00494	0.00423	0.00933
19	0.01578	0.04968	0.03697	0.02603	0.03237	0.05298	0.64554	0.02089	0.01531	0.02023	0.01275	0.01685	0.00967	0.00551	0.00739	0.00212	0.01077	0.00728	0.00325	0.00864
20	0.01455	0.01242	0.01385	0.01335	0.05078	0.01391	0.00979	0.02884	0.53764	0.02620	0.15062	0.02928	0.05130	0.00966	0.00679	0.00215	0.00481	0.00822	0.00648	0.00933
21	0.00816	0.00577	0.00756	0.00888	0.00925	0.00546	0.00592	0.00922	0.01211	0.01613	0.03371	0.65323	0.04019	0.11128	0.01126	0.00308	0.00414	0.04381	0.00574	0.00511
22	0.00822	0.00580	0.00752	0.00868	0.00901	0.00556	0.00568	0.00917	0.01172	0.01567	0.03194	0.59909	0.03797	0.16664	0.04224	0.00363	0.00477	0.01618	0.00550	0.00501
23	0.01340	0.01148	0.01340	0.00957	0.01531	0.00861	0.00766	0.01627	0.01340	0.02105	0.01148	0.01340	0.00957	0.00479	0.00479	0.00096	0.00479	0.00383	0.00383	0.81242
24	0.02456	0.01810	0.01939	0.01487	0.02004	0.02004	0.01228	0.71107	0.03038	0.04072	0.01551	0.01551	0.01099	0.00776	0.00646	0.00194	0.00711	0.00582	0.00646	0.01099
25	0.00914	0.00660	0.00864	0.00813	0.00965	0.00610	0.00610	0.01219	0.01829	0.02591	0.72921	0.04827	0.06097	0.01321	0.00762	0.00203	0.00305	0.01169	0.00711	0.00610
26	0.05163	0.01478	0.06049	0.01481	0.01925	0.01419	0.11960	0.24311	0.05494	0.11425	0.06202	0.11265	0.05078	0.00963	0.00724	0.00213	0.02547	0.00832	0.00571	0.00902
27	0.01132	0.00869	0.01075	0.01024	0.01250	0.00843	0.03373	0.08401	0.06460	0.03888	0.03996	0.28129	0.24073	0.01545	0.00768	0.00235	0.00464	0.09046	0.00597	0.02832
28	0.00895	0.00785	0.06174	0.00977	0.01098	0.00611	0.00743	0.01059	0.01267	0.04076	0.03350	0.68817	0.03930	0.01880	0.00803	0.00256	0.00423	0.01697	0.00582	0.00576
29	0.00820	0.00573	0.00756	0.00898	0.00946	0.00539	0.00613	0.00950	0.01254	0.01700	0.03483	0.69976	0.04118	0.01950	0.00809	0.00258	0.00381	0.04861	0.04583	0.00532
30	0.02246	0.01462	0.08319	0.01532	0.04807	0.01376	0.02942	0.06572	0.01624	0.39221	0.01827	0.01841	0.01261	0.00854	0.01039	0.00222	0.20699	0.00607	0.00574	0.00973
31	0.05710	0.04933	0.40446	0.01709	0.02435	0.01440	0.10486	0.04738	0.03045	0.10958	0.01545	0.04334	0.01198	0.00732	0.00640	0.00209	0.00837	0.03286	0.00397	0.00923
32	0.02310	0.02903	0.01867	0.04536	0.04568	0.67219	0.01300	0.02494	0.01773	0.01602	0.01007	0.01209	0.00841	0.00676	0.00633	0.00173	0.03372	0.00432	0.00329	0.00756
33	0.57444	0.01659	0.01365	0.01218	0.03343	0.15802	0.05193	0.03706	0.01325	0.02599	0.00968	0.01141	0.00761	0.00613	0.00470	0.00194	0.00678	0.00400	0.00386	0.00738
34	0.00768	0.00651	0.00663	0.00668	0.00877	0.00546	0.00498	0.00933	0.01472	0.01762	0.07981	0.08896	0.68802	0.01644	0.00766	0.00220	0.00329	0.01377	0.00603	0.00546
35	0.02287	0.01749	0.01994	0.01609	0.04467	0.01925	0.04435	0.57800	0.10841	0.03756	0.01652	0.01660	0.01191	0.00770	0.00653	0.00198	0.00707	0.00607	0.00622	0.01077
36	0.01576	0.01527	0.05614	0.08463	0.37747	0.06444	0.01561	0.01964	0.03205	0.06152	0.07871	0.01983	0.01546	0.03346	0.00725	0.00201	0.00720	0.00616	0.00395	0.08343
37	0.01489	0.05582	0.47905	0.01974	0.05505	0.01587	0.12918	0.06714	0.04457	0.03924	0.01296	0.01497	0.00938	0.00625	0.00636	0.00203	0.00914	0.00543	0.00337	0.00956
38	0.01563	0.38146	0.25099	0.01825	0.12484	0.02014	0.04631	0.02025	0.03381	0.01826	0.01092	0.01289	0.00893	0.00584	0.00531	0.00172	0.00796	0.00449	0.00295	0.00904
39	0.02808	0.01079	0.01470	0.01134	0.01618	0.00934	0.00934	0.03060	0.01848	0.70438	0.05786	0.02320	0.01806	0.00824	0.00655	0.00200	0.00539	0.00674	0.00796	0.01077
40	0.00828	0.00622	0.00780	0.04527	0.01060	0.00591	0.00601	0.00950	0.01244	0.01607	0.03860	0.45724	0.19089	0.13986	0.01199	0.00309	0.00429	0.01524	0.00551	0.00518
41	0.05597	0.06317	0.12327	0.05243	0.21644	0.04409	0.05322	0.15196	0.03886	0.11720	0.01446	0.01597	0.01069	0.00661	0.00620	0.00195	0.00767	0.00557	0.00447	0.00980
42	0.01952	0.02354	0.12617	0.02529	0.28874	0.26078	0.01687	0.12192	0.01803	0.02208	0.01183	0.01413	0.00941	0.00640	0.00618	0.00186	0.00920	0.00509	0.00365	0.00933
43	0.00764	0.00655	0.00655	0.00655	0.00873	0.00545	0.00491	0.00927	0.01473	0.01745	0.06546	0.06218	0.73000	0.01636	0.00764	0.00218	0.00327	0.01364	0.00600	0.00545
44	0.01512	0.01498	0.07647	0.02513	0.35158	0.01300	0.03573	0.04791	0.04344	0.04173	0.06894	0.02039	0.02962	0.00688	0.00628	0.00179	0.00668	0.02052	0.00410	0.16969
45	0.09784	0.01149	0.01435	0.01098	0.01603	0.01018	0.00902	0.05301	0.01727	0.50808	0.02091	0.01904	0.01375	0.00719	0.00594	0.00180	0.00538	0.00568	0.00677	0.16530
46	0.02154	0.01660	0.01769	0.01426	0.01889	0.01863	0.01155	0.47037	0.27600	0.03585	0.01935	0.01857	0.01410	0.00812	0.00650	0.00203	0.00640	0.00635	0.00650	0.01072
47	0.81856	0.01250	0.00950	0.00850	0.01250	0.01449	0.00700	0.01899	0.01100	0.02899	0.00900	0.01050	0.00700	0.00600	0.00400	0.00200	0.00500	0.00350	0.00400	0.00700
48	0.01534	0.01204	0.01586	0.10910	0.11455	0.01159	0.01104	0.10950	0.03998	0.06665	0.01651	0.09793	0.01472	0.04563	0.00737	0.00192	0.00598	0.00671	0.00456	0.29302
49	0.06162	0.09369	0.02167	0.01899	0.10109	0.44881	0.06515	0.04206	0.01690	0.03332	0.01075	0.01280	0.00882	0.00653	0.00629	0.00177	0.03352	0.00465	0.00346	0.00810
50	0.79845	0.01246	0.00964	0.00857	0.01260	0.01437	0.00706	0.01931	0.01119	0.04702	0.00942	0.01079	0.00723	0.00605	0.00406	0.00200	0.00501	0.00358	0.00410	0.00710
51	0.01270	0.01175	0.01875	0.59790	0.08119	0.01424	0.01668	0.01845	0.09443	0.01799	0.01422	0.04887	0.01139	0.00725	0.00654	0.00216	0.00795	0.00644	0.00345	0.00763
52	0.00777	0.00604	0.00707	0.00789	0.00908	0.00534	0.00551	0.00912	0.01343	0.01693	0.04905	0.45047	0.35230	0.01850	0.00797	0.00242	0.00353	0.01624	0.00600	0.00534
53	0.00787	0.00562	0.00750	0.00900	0.00937	0.00525	0.00600	0.00900	0.01237	0.01649	0.03561	0.76871	0.04274	0.02024	0.00825	0.00262	0.00375	0.01837	0.00600	0.00525
54	0.01599	0.01535	0.02623	0.03966	0.73262	0.01535	0.01983	0.01983	0.01471	0.02111	0.01215	0.01599	0.01023	0.00576	0.00640	0.00192	0.00768	0.00576	0.00320	0.01023
55	0.81856	0.01250	0.00950	0.00850	0.01250	0.01449	0.00700	0.01899	0.01100	0.02899	0.00900	0.01050	0.00700	0.00600	0.00400	0.00200	0.00500	0.00350	0.00400	0.00700
56	0.01727	0.77681	0.03386	0.01106	0.01658	0.02557	0.01106	0.01935	0.01313	0.01520	0.00898	0.01036	0.00829	0.00553	0.00415	0.00138	0.00691	0.00345	0.00276	0.00829
57	0.00901	0.00660	0.00846	0.00799	0.00957	0.00604	0.00599	0.01194	0.01798	0.02518	0.67187	0.04947	0.11876	0.01348	0.00762	0.00205	0.00307	0.01185	0.00702	0.00604
58	0.00787	0.00562	0.00750	0.00900	0.00937	0.00525	0.00600	0.00900	0.01237	0.01649	0.03561	0.76871	0.04274	0.02024	0.00825	0.00262	0.00375	0.01837	0.00600	0.00525
59	0.08708	0.01303	0.01577	0.01218	0.01715	0.01273	0.01006	0.21451	0.02115	0.49542	0.02155	0.01938	0.01396	0.00778	0.00630	0.00198	0.00590	0.00609	0.00728	0.01069
60	0.01023	0.00837	0.01220	0.01163	0.01252	0.01040	0.00919	0.01229	0.01026	0.01504	0.01560	0.02356	0.01480	0.06056	0.58092	0.00874	0.16764	0.00673	0.00335	0.00598
61	0.00871	0.00588	0.00780	0.00895	0.00954	0.00548	0.00604	0.00995	0.01282	0.04088	0.07619	0.67341	0.04221	0.04776	0.00908	0.00270	0.00386	0.01724	0.00605	0.00544
62	0.77914	0.01340	0.00993	0.00890	0.01287	0.05084	0.00727	0.01933	0.01136	0.02834	0.00905	0.01055	0.00706	0.00603	0.00409	0.00198	0.00533	0.00353	0.00397	0.00702
63	0.01521	0.01454	0.02468	0.12295	0.57160	0.01491	0.04278	0.01960	0.04111	0.02059	0.01352	0.04485	0.01161	0.00649	0.00652	0.00199	0.00766	0.00635	0.00339	0.00963
64	0.00772	0.00655	0.00666	0.00663	0.00878	0.00549	0.00497	0.00943	0.01492	0.01790	0.10043	0.06145	0.69474	0.01620	0.00764	0.00217	0.00326	0.01353	0.00606	0.00549
65	0.01922	0.04480	0.01799	0.01294	0.01835	0.04014	0.03346	0.34293	0.02159	0.02987	0.01328	0.01435	0.01015	0.00629	0.00568	0.00150	0.00640	0.00489	0.00499	0.35120
66	0.01651	0.01834	0.13073	0.02490	0.22295	0.04316	0.18900	0.04357	0.07241	0.07376	0.01495	0.03919	0.01183	0.00692	0.00742	0.00207	0.04539	0.00653	0.00396	0.02641
67	0.06135	0.41323	0.22295	0.01456	0.03607	0.06660	0.03665	0.04856	0.01429	0.01879	0.01022	0.01190	0.00839	0.00589	0.00504	0.00167	0.00797	0.00414	0.00304	0.00868
68	0.02481	0.01816	0.01908	0.01473	0.01982	0.04728	0.01212	0.64366	0.02920	0.08191	0.01590	0.01576	0.01119	0.00773	0.00644	0.00193	0.00719	0.00580	0.00644	0.01085
69	0.01220	0.00832	0.01007	0.00921	0.01132	0.02299	0.00696	0.06199	0.01795	0.08848	0.44908	0.15348	0.06888	0.01313	0.00740	0.00207	0.00390	0.01148	0.00675	0.03433
70	0.01521	0.06943	0.03794	0.01189	0.01523	0.07872	0.03689	0.10809	0.11673	0.05789	0.28406	0.05927	0.06122	0.01036	0.00683	0.00199	0.00559	0.00875	0.00595	0.00797
71	0.04831	0.04561	0.02426	0.05064	0.53767	0.09863	0.01759	0.04047	0.01544	0.04339	0.01216	0.01528	0.00998	0.00600	0.00616	0.00188	0.00793	0.00543	0.00346	0.00970
72	0.00831	0.00651	0.00753	0.00741	0.00918	0.00572	0.00550	0.01053	0.01613	0.02110	0.35437	0.10457	0.38955	0.01525	0.00767	0.00215	0.00321	0.01311	0.00649	0.00572
73	0.02183	0.01487	0.06640	0.01371	0.01860	0.01408	0.04025	0.12383	0.28507	0.29477	0.02296	0.02114	0.01593	0.00802	0.00654	0.00207	0.00608	0.00664	0.00669	0.01051
74	0.01629	0.15196	0.37324	0.01848	0.06602	0.05092	0.08210	0.08868	0.03151	0.04414	0.01240	0.01417	0.00925	0.00625	0.00600	0.00191	0.00876	0.00506	0.00346	0.00941
75	0.00926	0.00681	0.00982	0.00982	0.01079	0.00777	0.00738	0.01118	0.01022	0.01459	0.01782	0.02822	0.01738	0.16988	0.62758	0.00969	0.01546	0.00734	0.00354	0.00546
76	0.00810	0.00656	0.00718	0.00703	0.00901	0.00565	0.00527	0.01016	0.01581	0.02003	0.26779	0.05794	0.52605	0.01540	0.00763	0.00214	0.00320	0.01304	0.00634	0.00565
77	0.01719	0.04556	0.05000	0.07450	0.48162	0.06282	0.06655	0.04942	0.01562	0.05657	0.01270	0.01587	0.01016	0.00603	0.00636	0.00192	0.00812	0.00570	0.00353	0.00975
78	0.01851	0.04709	0.02357	0.07191	0.41954	0.07500	0.01674	0.18472	0.03701	0.02500	0.01298	0.01559	0.01034	0.00641	0.00629	0.00190	0.00782	0.00559	0.00404	0.00994
79	0.22304	0.01524	0.01394	0.01282	0.04387	0.13265	0.00939	0.14585	0.01542	0.02319	0.01326	0.02012	0.01234	0.19730	0.01385	0.00308	0.08746	0.00582	0.00417	0.00719
80	0.01404	0.02998	0.60074	0.06938	0.02858	0.01546	0.04520	0.08320	0.01517	0.02205	0.01199	0.01419	0.00852	0.00629	0.00624	0.00205	0.00931	0.00503	0.00310	0.00949
81	0.01650	0.01535	0.02384	0.09744	0.42460	0.03923	0.04355	0.06002	0.01486	0.04565	0.01206	0.01587	0.00994	0.00704	0.00912	0.00211	0.14426	0.00579	0.00347	0.00931
82	0.00817	0.00614	0.00872	0.00965	0.01035	0.00571	0.03490	0.00949	0.01258	0.01670	0.03581	0.71109	0.06735	0.01949	0.00820	0.00259	0.00402	0.01775	0.00589	0.00540
83	0.01727	0.77681	0.03386	0.01106	0.01658	0.02557	0.01106	0.01935	0.01313	0.01520	0.00898	0.01036	0.00829	0.00553	0.00415	0.00138	0.00691	0.00345	0.00276	0.00829
84	0.00793	0.00565	0.00748	0.00892	0.00928	0.00529	0.00591	0.00901	0.01225	0.01633	0.03498	0.73881	0.04194	0.05122	0.00926	0.00277	0.00385	0.01800	0.00591	0.00519
85	0.02233	0.01705	0.01860	0.01546	0.04750	0.01897	0.01212	0.53285	0.18372	0.03689	0.01778	0.01745	0.01291	0.00790	0.00649	0.00199	0.00669	0.00615	0.00636	0.01079
86	0.11102	0.02692	0.01743	0.01618	0.03697	0.58385	0.01203	0.02487	0.04938	0.01791	0.01062	0.01231	0.00876	0.00685	0.00631	0.00178	0.04136	0.00433	0.00353	0.00761
87	0.00768	0.00655	0.00660	0.00659	0.00875	0.00547	0.00494	0.00935	0.01482	0.01768	0.08280	0.06182	0.71251	0.01628	0.00764	0.00218	0.00327	0.01359	0.00603	0.00547
88	0.01355	0.02978	0.59197	0.02214	0.13556	0.01513	0.06126	0.02038	0.01389	0.02057	0.01176	0.01421	0.00859	0.00604	0.00626	0.00203	0.00934	0.00508	0.00283	0.00961
89	0.00936	0.00734	0.00988	0.03587	0.06112	0.00679	0.00754	0.01112	0.01309	0.01772	0.05923	0.46367	0.09682	0.04476	0.00857	0.00247	0.00441	0.04240	0.00543	0.09241
90	0.04625	0.01215	0.01880	0.28617	0.27363	0.01325	0.01544	0.01783	0.06266	0.01961	0.02128	0.02588	0.11270	0.00827	0.00662	0.00211	0.00702	0.03830	0.00387	0.00814
91	0.01489	0.05545	0.06357	0.01795	0.10790	0.01339	0.15098	0.07653	0.08234	0.04145	0.10544	0.05635	0.04116	0.00797	0.00655	0.00188	0.00669	0.00737	0.00467	0.13747
92	0.01373	0.01258	0.07549	0.04020	0.01665	0.02813	0.03047	0.06317	0.05288	0.07050	0.02175	0.27180	0.02176	0.01093	0.00658	0.00192	0.00557	0.00956	0.00502	0.24133
93	0.01664	0.02089	0.26747	0.03911	0.14786	0.01462	0.11265	0.07988	0.06733	0.10701	0.03374	0.01863	0.03037	0.00696	0.00657	0.00204	0.00807	0.00623	0.00429	0.00965
94	0.01604	0.04197	0.05159	0.01335	0.07867	0.01127	0.01020	0.07270	0.04512	0.09670	0.06225	0.01737	0.01417	0.00626	0.00554	0.00142	0.00550	0.00513	0.00465	0.44010
95	0.01740	0.03631	0.03615	0.02035	0.17782	0.03819	0.11461	0.08818	0.10502	0.11432	0.07034	0.02407	0.04972	0.00803	0.00670	0.00200	0.00692	0.03309	0.00508	0.04568
96	0.03582	0.04125	0.18320	0.01692	0.05626	0.03029	0.12628	0.09261	0.10065	0.05758	0.01896	0.04761	0.05954	0.00762	0.00640	0.00195	0.00739	0.00668	0.00445	0.09857

[dist]
# distance from previous block
# <min> <max>
1	26

[block]
# block no. 2 follows, 34 sequences, length 49
# corresponding to MSA columns:
# 292-340
name=unknown_C
#
# <colnr> <probs for GDERKNQSTAVLIFYWHMCP>
#	G	D	E	R	K	N	Q	S	T	A	V	L	I	F	Y	W	H	M	C	P
0	0.01708	0.03335	0.11488	0.01879	0.16429	0.02789	0.05932	0.02257	0.09611	0.16688	0.11308	0.02273	0.03356	0.00773	0.00648	0.00192	0.00653	0.00678	0.00512	0.07491
1	0.04007	0.01421	0.08179	0.01451	0.07224	0.02613	0.02935	0.09098	0.11452	0.14731	0.03827	0.09975	0.04603	0.00920	0.00650	0.00198	0.00598	0.03223	0.00549	0.12346
2	0.06522	0.04129	0.06855	0.02245	0.28933	0.02806	0.02982	0.02151	0.04607	0.15374	0.06398	0.02057	0.04492	0.00721	0.00621	0.00188	0.00655	0.00626	0.00466	0.07173
3	0.01674	0.01407	0.04792	0.01808	0.17746	0.03770	0.03183	0.05941	0.05702	0.11548	0.07077	0.03630	0.01589	0.00698	0.00604	0.00166	0.00614	0.00603	0.00476	0.26971
4	0.01785	0.01159	0.03100	0.01574	0.13469	0.01038	0.02312	0.03786	0.06322	0.24050	0.11875	0.04499	0.06686	0.00909	0.00664	0.00193	0.00547	0.03722	0.00593	0.11716
5	0.01696	0.01467	0.06561	0.04226	0.33585	0.01309	0.06890	0.04758	0.01572	0.13106	0.04725	0.01970	0.03392	0.00823	0.03244	0.00218	0.00744	0.00630	0.00435	0.08648
6	0.01497	0.01162	0.01501	0.06154	0.11366	0.01055	0.01006	0.08792	0.01602	0.07638	0.07253	0.02323	0.08395	0.03525	0.00692	0.00173	0.00549	0.00635	0.00472	0.34209
7	0.06195	0.02179	0.32578	0.04402	0.05659	0.01388	0.11737	0.02146	0.07891	0.07475	0.01523	0.05286	0.01190	0.00699	0.00632	0.00202	0.00800	0.00615	0.00390	0.07013
8	0.01443	0.09513	0.01535	0.00991	0.01500	0.03581	0.00803	0.01695	0.01339	0.04824	0.01248	0.01563	0.01077	0.05758	0.02824	0.00170	0.00574	0.00437	0.00386	0.58740
9	0.00910	0.00819	0.03926	0.03022	0.01154	0.00702	0.00703	0.01258	0.06360	0.02082	0.27144	0.17243	0.29331	0.01476	0.00757	0.00220	0.00383	0.01277	0.00617	0.00618
10	0.01044	0.04366	0.02614	0.03261	0.01381	0.00912	0.06167	0.01498	0.10114	0.02138	0.26057	0.13470	0.21850	0.01310	0.00736	0.00215	0.00452	0.01151	0.00591	0.00672
11	0.00823	0.00604	0.00735	0.00818	0.00896	0.00558	0.00554	0.00940	0.01265	0.01642	0.06394	0.43315	0.19029	0.15460	0.01255	0.00317	0.00415	0.03902	0.00566	0.00511
12	0.01785	0.02191	0.22542	0.04503	0.06572	0.06627	0.08695	0.19327	0.05988	0.04969	0.01364	0.01558	0.01018	0.00729	0.00808	0.00210	0.09179	0.00568	0.00421	0.00946
13	0.01364	0.08691	0.59447	0.01732	0.02560	0.01592	0.02134	0.04696	0.01395	0.02041	0.01165	0.01399	0.00865	0.00818	0.03798	0.00238	0.04365	0.00485	0.00291	0.00924
14	0.01568	0.13092	0.09484	0.05756	0.05434	0.07122	0.27525	0.02193	0.11282	0.01976	0.01385	0.01670	0.01089	0.00822	0.03931	0.00238	0.03594	0.00617	0.00358	0.00865
15	0.00818	0.00659	0.00824	0.00841	0.00986	0.00587	0.03355	0.00963	0.01336	0.01680	0.04760	0.34566	0.36504	0.07852	0.00992	0.00269	0.00401	0.01497	0.00572	0.00538
16	0.03125	0.00993	0.01169	0.03661	0.01384	0.01036	0.00825	0.07952	0.11888	0.05442	0.19561	0.05866	0.17005	0.04003	0.02239	0.00241	0.05231	0.02336	0.00587	0.05456
17	0.00855	0.00613	0.00762	0.00839	0.00907	0.00578	0.00572	0.00979	0.01267	0.01675	0.10135	0.38374	0.11698	0.20573	0.01429	0.00345	0.00443	0.06892	0.00558	0.00508
18	0.01555	0.05265	0.11799	0.08937	0.18624	0.07371	0.06831	0.04579	0.09729	0.02031	0.01542	0.01805	0.04297	0.00764	0.00858	0.00211	0.11949	0.00606	0.00369	0.00879
19	0.01338	0.00823	0.01016	0.00925	0.01161	0.00779	0.00698	0.01758	0.09847	0.14858	0.30269	0.13660	0.09590	0.04868	0.00842	0.00229	0.00405	0.01082	0.02354	0.03500
20	0.01598	0.01279	0.01701	0.06301	0.11232	0.01144	0.03605	0.07292	0.04733	0.08066	0.01375	0.01548	0.01069	0.00572	0.00556	0.00142	0.00589	0.00487	0.00433	0.46278
21	0.06953	0.01546	0.10315	0.06843	0.04675	0.04540	0.08805	0.07953	0.01624	0.14362	0.06074	0.08860	0.01665	0.00811	0.00637	0.00193	0.00684	0.00703	0.00487	0.12271
22	0.20149	0.10581	0.05170	0.01431	0.03628	0.22160	0.01173	0.19916	0.03692	0.02575	0.01158	0.01284	0.00905	0.00681	0.00588	0.00185	0.02983	0.00455	0.00426	0.00859
23	0.01156	0.05324	0.01119	0.00897	0.01147	0.00877	0.00701	0.03327	0.08824	0.05538	0.44300	0.04198	0.14084	0.01200	0.00711	0.00198	0.00380	0.01030	0.00652	0.04335
24	0.01957	0.13200	0.02104	0.01427	0.01918	0.05002	0.05890	0.29085	0.19945	0.02904	0.01646	0.01667	0.01246	0.00718	0.00603	0.00183	0.00681	0.00570	0.00532	0.08723
25	0.01209	0.00949	0.04345	0.03951	0.01340	0.00900	0.00823	0.06710	0.04101	0.06016	0.02227	0.15688	0.03799	0.20161	0.20521	0.00526	0.00877	0.00927	0.00465	0.04468
26	0.03559	0.14564	0.41254	0.01590	0.02305	0.04603	0.03583	0.07718	0.06169	0.02139	0.01326	0.03302	0.01057	0.03315	0.00682	0.00209	0.00839	0.00532	0.00348	0.00905
27	0.01574	0.01837	0.16226	0.11438	0.23555	0.01513	0.18346	0.02118	0.04657	0.07667	0.01375	0.01681	0.01037	0.00635	0.00718	0.00208	0.03507	0.00614	0.00360	0.00932
28	0.00823	0.00589	0.00769	0.00872	0.00924	0.00564	0.00587	0.00943	0.01229	0.01648	0.07417	0.55601	0.06438	0.11372	0.06695	0.00360	0.00502	0.01585	0.00562	0.00518
