[name]
unknown

[dist]
# distance from previous block
# <min> <max>
0	30

[block]
# block no. 0 follows, 34 sequences, length 34
# corresponding to MSA columns:
# 30-63
name=unknown_A
#
# <colnr> <probs for GDERKNQSTAVLIFYWHMCP>
#	G	D	E	R	K	N	Q	S	T	A	V	L	I	F	Y	W	H	M	C	P
0	0.01640	0.09775	0.01599	0.01206	0.01533	0.08485	0.00977	0.22403	0.04038	0.02396	0.02225	0.10353	0.07585	0.01587	0.10212	0.03054	0.00789	0.06203	0.00503	0.03437
1	0.04924	0.08155	0.08758	0.01740	0.02302	0.01614	0.22505	0.20075	0.01879	0.11505	0.01549	0.01882	0.01186	0.04077	0.00770	0.00218	0.00805	0.02489	0.00475	0.03091
2	0.01641	0.01527	0.02230	0.04193	0.23235	0.03712	0.11014	0.11201	0.13108	0.02347	0.01570	0.05537	0.01315	0.00780	0.00822	0.00208	0.09016	0.00675	0.00432	0.05438
3	0.02031	0.01585	0.01698	0.01396	0.01832	0.01787	0.01123	0.39215	0.32813	0.03383	0.02024	0.01960	0.01496	0.00973	0.03447	0.00237	0.00663	0.00650	0.00640	0.01046
4	0.05886	0.08005	0.01896	0.01591	0.01942	0.66612	0.01215	0.02507	0.01764	0.01636	0.00988	0.01151	0.00826	0.00655	0.00563	0.00166	0.01104	0.00408	0.00332	0.00752
5	0.01122	0.00561	0.00842	0.00842	0.00842	0.00561	0.00561	0.00842	0.00842	0.01122	0.01122	0.01964	0.01122	0.02245	0.02525	0.81201	0.00561	0.00561	0.00281	0.00281
6	0.00859	0.00658	0.00786	0.00754	0.00931	0.00586	0.00566	0.01111	0.01697	0.02278	0.48342	0.05342	0.30871	0.01438	0.00763	0.00209	0.00313	0.01241	0.00670	0.00586
7	0.00900	0.00660	0.00844	0.00798	0.00956	0.00604	0.00598	0.01191	0.01795	0.02510	0.66595	0.04959	0.12473	0.01351	0.00762	0.00205	0.00307	0.01187	0.00701	0.00604
8	0.01525	0.01743	0.03813	0.02723	0.03377	0.01634	0.70915	0.02070	0.01525	0.02070	0.01307	0.01743	0.00980	0.00545	0.00763	0.00218	0.01089	0.00763	0.00327	0.00871
9	0.01599	0.01535	0.02623	0.03966	0.73262	0.01535	0.01983	0.01983	0.01471	0.02111	0.01215	0.01599	0.01023	0.00576	0.00640	0.00192	0.00768	0.00576	0.00320	0.01023
10	0.00939	0.00629	0.00719	0.00719	0.00723	0.00634	0.00409	0.00948	0.00944	0.01263	0.02023	0.04158	0.02319	0.74294	0.06245	0.00643	0.00672	0.00929	0.00390	0.00399
11	0.81856	0.01250	0.00950	0.00850	0.01250	0.01449	0.00700	0.01899	0.01100	0.02899	0.00900	0.01050	0.00700	0.00600	0.00400	0.00200	0.00500	0.00350	0.00400	0.00700
12	0.81856	0.01250	0.00950	0.00850	0.01250	0.01449	0.00700	0.01899	0.01100	0.02899	0.00900	0.01050	0.00700	0.00600	0.00400	0.00200	0.00500	0.00350	0.00400	0.00700
13	0.01607	0.01388	0.01461	0.01315	0.01680	0.01607	0.01023	0.03433	0.72094	0.02703	0.02630	0.02411	0.01972	0.00877	0.00657	0.00219	0.00511	0.00731	0.00657	0.01023
14	0.02456	0.01810	0.01939	0.01487	0.02004	0.02004	0.01228	0.71107	0.03038	0.04072	0.01551	0.01551	0.01099	0.00776	0.00646	0.00194	0.00711	0.00582	0.00646	0.01099
15	0.00878	0.00659	0.00813	0.00775	0.00943	0.00594	0.00581	0.01149	0.01743	0.02388	0.56958	0.05161	0.22186	0.01397	0.00762	0.00207	0.00310	0.01215	0.00685	0.00594
16	0.81856	0.01250	0.00950	0.00850	0.01250	0.01449	0.00700	0.01899	0.01100	0.02899	0.00900	0.01050	0.00700	0.00600	0.00400	0.00200	0.00500	0.00350	0.00400	0.00700
17	0.01599	0.01535	0.02623	0.03966	0.73262	0.01535	0.01983	0.01983	0.01471	0.02111	0.01215	0.01599	0.01023	0.00576	0.00640	0.00192	0.00768	0.00576	0.00320	0.01023
18	0.00940	0.00626	0.00705	0.00705	0.00705	0.00626	0.00392	0.00940	0.00940	0.01253	0.02036	0.04228	0.02349	0.77292	0.03289	0.00626	0.00626	0.00940	0.00392	0.00392
19	0.01661	0.01287	0.01476	0.01080	0.01639	0.01110	0.00874	0.16570	0.01730	0.06305	0.01309	0.01430	0.01021	0.00559	0.00523	0.00122	0.00532	0.00439	0.00461	0.59869
20	0.01272	0.03927	0.17056	0.04030	0.06791	0.01169	0.01227	0.01966	0.15929	0.04356	0.23470	0.03120	0.07808	0.04127	0.00786	0.00223	0.00575	0.00829	0.00530	0.00810
21	0.01658	0.10231	0.10533	0.04770	0.06803	0.13273	0.39278	0.02115	0.01524	0.01920	0.01189	0.01528	0.00923	0.00577	0.00671	0.00198	0.01020	0.00617	0.00315	0.00859
22	0.00764	0.00655	0.00655	0.00655	0.00873	0.00545	0.00491	0.00927	0.01473	0.01745	0.06546	0.06218	0.73000	0.01636	0.00764	0.00218	0.00327	0.01364	0.00600	0.00545
23	0.00914	0.00660	0.00864	0.00813	0.00965	0.00610	0.00610	0.01219	0.01829	0.02591	0.72921	0.04827	0.06097	0.01321	0.00762	0.00203	0.00305	0.01169	0.00711	0.00610
24	0.01757	0.56425	0.09535	0.05190	0.01957	0.12485	0.01279	0.02020	0.01389	0.01584	0.00949	0.01121	0.00830	0.00579	0.00468	0.00152	0.00790	0.00379	0.00285	0.00824
25	0.01473	0.34167	0.36465	0.01559	0.04388	0.01929	0.01735	0.01941	0.01318	0.01787	0.01066	0.01288	0.00866	0.00793	0.03867	0.00216	0.03545	0.00438	0.00279	0.00879
26	0.00771	0.00655	0.00665	0.00662	0.00877	0.00549	0.00497	0.00941	0.01490	0.01786	0.09727	0.06152	0.69792	0.01621	0.00764	0.00217	0.00326	0.01354	0.00605	0.00549
27	0.00823	0.00657	0.00736	0.00716	0.00909	0.00571	0.00537	0.01042	0.01612	0.02076	0.32509	0.05674	0.46830	0.01513	0.00763	0.00212	0.00318	0.01287	0.00644	0.00571
28	0.01599	0.01535	0.02623	0.03966	0.73262	0.01535	0.01983	0.01983	0.01471	0.02111	0.01215	0.01599	0.01023	0.00576	0.00640	0.00192	0.00768	0.00576	0.00320	0.01023
29	0.01083	0.00786	0.00963	0.00913	0.01031	0.03079	0.00663	0.01275	0.01399	0.05346	0.30376	0.06579	0.03637	0.21256	0.14900	0.00467	0.04162	0.00973	0.00532	0.00577
30	0.01004	0.00811	0.01042	0.01033	0.01146	0.04686	0.00783	0.01204	0.01069	0.01476	0.01727	0.02661	0.01659	0.12992	0.62568	0.00945	0.01573	0.00706	0.00351	0.00565
31	0.02180	0.01673	0.01784	0.01431	0.01899	0.01875	0.01161	0.49118	0.25476	0.03627	0.01902	0.01831	0.01383	0.00808	0.00650	0.00202	0.00646	0.00630	0.00650	0.01074
32	0.01808	0.04044	0.09685	0.01970	0.05729	0.14777	0.22792	0.07482	0.11405	0.05982	0.01507	0.01694	0.01138	0.00678	0.00699	0.00201	0.03149	0.00615	0.03747	0.00898
33	0.07283	0.17694	0.18604	0.01547	0.05475	0.01595	0.08622	0.07236	0.01496	0.02192	0.03516	0.01448	0.01068	0.00596	0.00550	0.00165	0.00723	0.00485	0.00359	0.19346

[dist]
# distance from previous block
# <min> <max>
0	5

[block]
# block no. 1 follows, 34 sequences, length 34
# corresponding to MSA columns:
# 69-102
name=unknown_B
#
# <colnr> <probs for GDERKNQSTAVLIFYWHMCP>
#	G	D	E	R	K	N	Q	S	T	A	V	L	I	F	Y	W	H	M	C	P
0	0.01212	0.00985	0.01435	0.01321	0.04435	0.02986	0.08704	0.01448	0.01291	0.06009	0.02225	0.23916	0.03741	0.04191	0.18516	0.00418	0.02845	0.00990	0.00454	0.12879
1	0.14375	0.16020	0.02004	0.01400	0.01759	0.28725	0.03807	0.02172	0.01483	0.07272	0.01304	0.01468	0.03868	0.00743	0.00751	0.00189	0.11032	0.00484	0.00372	0.00773
2	0.08268	0.02611	0.01915	0.02031	0.15179	0.53684	0.01348	0.02391	0.01687	0.01779	0.01028	0.01243	0.00858	0.00656	0.00619	0.00177	0.02952	0.00445	0.00334	0.00795
3	0.02238	0.15344	0.02154	0.01744	0.07451	0.54964	0.01281	0.04375	0.01751	0.01683	0.01014	0.01188	0.00854	0.00643	0.00561	0.00165	0.01043	0.00421	0.00331	0.00794
4	0.01065	0.00694	0.00912	0.00838	0.01017	0.00635	0.00635	0.01366	0.01831	0.07990	0.67578	0.04627	0.05755	0.01281	0.00754	0.00203	0.00323	0.01129	0.00718	0.00647
5	0.02801	0.01146	0.01515	0.01173	0.01665	0.01033	0.00965	0.05878	0.06258	0.66521	0.02514	0.02187	0.01603	0.00804	0.00650	0.00201	0.00554	0.00652	0.00785	0.01095
6	0.00905	0.00660	0.00851	0.00803	0.00960	0.00606	0.00602	0.01201	0.01807	0.02539	0.68799	0.04913	0.10251	0.01341	0.00762	0.00204	0.00306	0.01181	0.00704	0.00606
7	0.00914	0.00660	0.00864	0.00813	0.00965	0.00610	0.00610	0.01219	0.01829	0.02591	0.72921	0.04827	0.06097	0.01321	0.00762	0.00203	0.00305	0.01169	0.00711	0.00610
8	0.01204	0.00602	0.00602	0.00602	0.00753	0.00602	0.00452	0.01506	0.01355	0.02409	0.02108	0.02409	0.01656	0.00753	0.00452	0.00151	0.00301	0.00602	0.80879	0.00602
9	0.02456	0.01810	0.01939	0.01487	0.02004	0.02004	0.01228	0.71107	0.03038	0.04072	0.01551	0.01551	0.01099	0.00776	0.00646	0.00194	0.00711	0.00582	0.00646	0.01099
10	0.02899	0.01100	0.01499	0.01150	0.01649	0.00950	0.00950	0.03149	0.01849	0.73709	0.02549	0.02199	0.01599	0.00800	0.00650	0.00200	0.00550	0.00650	0.00800	0.01100
11	0.01220	0.01148	0.01938	0.75739	0.04450	0.01436	0.01794	0.01651	0.01292	0.01651	0.01148	0.01723	0.00861	0.00646	0.00646	0.00215	0.00861	0.00574	0.00287	0.00718
12	0.02456	0.01810	0.01939	0.01487	0.02004	0.02004	0.01228	0.71107	0.03038	0.04072	0.01551	0.01551	0.01099	0.00776	0.00646	0.00194	0.00711	0.00582	0.00646	0.01099
13	0.02399	0.01781	0.01907	0.01475	0.01982	0.01977	0.01214	0.66531	0.07708	0.03980	0.01624	0.01609	0.01158	0.00782	0.00647	0.00196	0.00698	0.00592	0.00647	0.01094
14	0.01212	0.13304	0.01513	0.01096	0.01324	0.01215	0.00900	0.08519	0.01290	0.01769	0.01577	0.02192	0.01434	0.03728	0.55003	0.00805	0.01456	0.00625	0.00366	0.00672
15	0.01582	0.01302	0.01401	0.01257	0.01605	0.01480	0.00977	0.03194	0.62303	0.05239	0.09901	0.02653	0.02386	0.00920	0.00668	0.00217	0.00491	0.00773	0.00668	0.00983
16	0.01599	0.01535	0.02623	0.03966	0.73262	0.01535	0.01983	0.01983	0.01471	0.02111	0.01215	0.01599	0.01023	0.00576	0.00640	0.00192	0.00768	0.00576	0.00320	0.01023
17	0.02533	0.01284	0.01625	0.01255	0.01733	0.01244	0.02943	0.22932	0.02176	0.44312	0.06728	0.02297	0.04177	0.00847	0.00663	0.00199	0.00589	0.00690	0.00729	0.01043
18	0.01308	0.03272	0.71179	0.01924	0.05529	0.01502	0.02372	0.02044	0.01368	0.02049	0.01162	0.01373	0.00826	0.00612	0.00615	0.00204	0.00948	0.00481	0.00275	0.00958
19	0.81856	0.01250	0.00950	0.00850	0.01250	0.01449	0.00700	0.01899	0.01100	0.02899	0.00900	0.01050	0.00700	0.00600	0.00400	0.00200	0.00500	0.00350	0.00400	0.00700
20	0.01607	0.01388	0.01461	0.01315	0.01680	0.01607	0.01023	0.03433	0.72094	0.02703	0.02630	0.02411	0.01972	0.00877	0.00657	0.00219	0.00511	0.00731	0.00657	0.01023
21	0.01607	0.01388	0.01461	0.01315	0.01680	0.01607	0.01023	0.03433	0.72094	0.02703	0.02630	0.02411	0.01972	0.00877	0.00657	0.00219	0.00511	0.00731	0.00657	0.01023
22	0.02427	0.01796	0.01923	0.01481	0.01993	0.01990	0.01221	0.68810	0.05382	0.04026	0.01588	0.01580	0.01128	0.00779	0.00647	0.00195	0.00704	0.00587	0.00647	0.01096
23	0.01220	0.01148	0.01938	0.75739	0.04450	0.01436	0.01794	0.01651	0.01292	0.01651	0.01148	0.01723	0.00861	0.00646	0.00646	0.00215	0.00861	0.00574	0.00287	0.00718
24	0.00787	0.00562	0.00750	0.00900	0.00937	0.00525	0.00600	0.00900	0.01237	0.01649	0.03561	0.76871	0.04274	0.02024	0.00825	0.00262	0.00375	0.01837	0.00600	0.00525
25	0.00786	0.00568	0.00744	0.00884	0.00933	0.00526	0.00593	0.00901	0.01252	0.01655	0.03747	0.72484	0.08541	0.02000	0.00821	0.00260	0.00372	0.01807	0.00600	0.00526
26	0.01476	0.01624	0.07659	0.18504	0.35689	0.08961	0.01722	0.01844	0.01438	0.01899	0.01495	0.09492	0.01384	0.00795	0.00661	0.00206	0.00797	0.03146	0.00349	0.00858
27	0.01846	0.00790	0.00942	0.00809	0.01092	0.00734	0.00640	0.02127	0.01542	0.29383	0.02275	0.02330	0.01635	0.00771	0.00527	0.00169	0.00395	0.00620	0.50584	0.00790
28	0.01333	0.00640	0.00670	0.00644	0.00821	0.00629	0.00489	0.01630	0.01393	0.07822	0.02141	0.02393	0.01652	0.00756	0.00467	0.00154	0.00320	0.00606	0.74800	0.00640
29	0.01717	0.67925	0.09647	0.01195	0.01774	0.05451	0.01226	0.01972	0.01339	0.01570	0.00926	0.01071	0.00828	0.00563	0.00439	0.00145	0.00734	0.00360	0.00278	0.00837
30	0.00966	0.00624	0.00841	0.00956	0.01040	0.00584	0.00683	0.01113	0.01313	0.06623	0.03473	0.62341	0.04015	0.01908	0.00822	0.00263	0.00417	0.10832	0.00613	0.00574
31	0.02624	0.01040	0.01405	0.01098	0.01553	0.00901	0.00899	0.02876	0.01832	0.64051	0.09376	0.02611	0.04925	0.00883	0.00665	0.00201	0.00518	0.00728	0.00783	0.01031
32	0.05647	0.01537	0.01688	0.01313	0.01787	0.01647	0.01080	0.48724	0.02573	0.17168	0.01768	0.01736	0.01231	0.00771	0.00619	0.00191	0.00633	0.00587	0.08264	0.01036
33	0.04520	0.02053	0.02884	0.02233	0.04623	0.22253	0.39248	0.04779	0.01676	0.07471	0.01307	0.01581	0.00982	0.00609	0.00684	0.00200	0.01028	0.00631	0.00378	0.00861

[dist]
# distance from previous block
# <min> <max>
0	1

[block]
# block no. 2 follows, 34 sequences, length 102
# corresponding to MSA columns:
# 104-205
name=unknown_C
#
# <colnr> <probs for GDERKNQSTAVLIFYWHMCP>
#	G	D	E	R	K	N	Q	S	T	A	V	L	I	F	Y	W	H	M	C	P
0	0.03944	0.25782	0.41701	0.01568	0.02309	0.10647	0.01812	0.02072	0.01397	0.01856	0.01053	0.01232	0.00820	0.00601	0.00543	0.00180	0.00887	0.00426	0.00285	0.00884
1	0.01531	0.01753	0.19406	0.01563	0.03750	0.03135	0.09006	0.13614	0.01658	0.07076	0.01896	0.13448	0.01748	0.04624	0.06466	0.00295	0.00824	0.04303	0.00461	0.03443
2	0.01711	0.22663	0.31354	0.01593	0.04034	0.07111	0.01670	0.13501	0.06540	0.02253	0.01246	0.01372	0.00953	0.00645	0.00568	0.00183	0.00824	0.00475	0.00367	0.00937
3	0.00936	0.00640	0.00774	0.00774	0.00798	0.00664	0.00478	0.00984	0.00960	0.01304	0.01973	0.03878	0.02197	0.62279	0.18094	0.00712	0.00855	0.00888	0.00382	0.00430
4	0.01740	0.03433	0.04105	0.04632	0.17852	0.05490	0.15118	0.12164	0.07119	0.06698	0.01641	0.05044	0.01377	0.00807	0.00782	0.00213	0.06015	0.04412	0.00445	0.00912
5	0.01754	0.35451	0.15846	0.04931	0.02124	0.14785	0.03350	0.05889	0.01498	0.01807	0.01027	0.01226	0.00852	0.00627	0.00601	0.00171	0.04604	0.00429	0.00311	0.02718
6	0.00841	0.00654	0.00757	0.00737	0.00913	0.00578	0.00547	0.01065	0.01619	0.02127	0.37640	0.07289	0.37621	0.03735	0.00839	0.00224	0.00327	0.01271	0.00646	0.00571
7	0.00800	0.00629	0.00724	0.00758	0.00910	0.00552	0.00546	0.00976	0.01473	0.01883	0.18647	0.26766	0.39663	0.01689	0.00781	0.00228	0.00337	0.01465	0.00622	0.00552
8	0.01430	0.15302	0.41300	0.09439	0.02847	0.03787	0.13192	0.02006	0.01388	0.01908	0.01134	0.01402	0.00851	0.00597	0.00607	0.00196	0.00929	0.00510	0.00285	0.00890
9	0.01238	0.01006	0.05222	0.01487	0.13746	0.00864	0.00993	0.01567	0.03905	0.09341	0.23088	0.21635	0.09135	0.01294	0.00736	0.00219	0.00478	0.02720	0.00587	0.00738
10	0.00847	0.00658	0.00770	0.00742	0.00924	0.00581	0.00556	0.01088	0.01669	0.02212	0.43185	0.05450	0.36069	0.01462	0.00763	0.00210	0.00315	0.01256	0.00661	0.00581
11	0.01332	0.01487	0.10694	0.55502	0.11388	0.01483	0.01857	0.05243	0.01408	0.01869	0.01177	0.01658	0.00885	0.00641	0.00641	0.00210	0.00855	0.00563	0.00307	0.00798
12	0.01502	0.08972	0.20634	0.04984	0.08905	0.01617	0.35176	0.02032	0.01472	0.04039	0.03578	0.01686	0.01110	0.00601	0.00677	0.00204	0.00944	0.00642	0.00333	0.00893
13	0.01727	0.77681	0.03386	0.01106	0.01658	0.02557	0.01106	0.01935	0.01313	0.01520	0.00898	0.01036	0.00829	0.00553	0.00415	0.00138	0.00691	0.00345	0.00276	0.00829
14	0.01414	0.01414	0.01979	0.01696	0.01696	0.01979	0.01414	0.01555	0.00990	0.01555	0.00848	0.01414	0.00848	0.01131	0.02120	0.00283	0.76110	0.00565	0.00283	0.00707
15	0.00837	0.00654	0.00759	0.00741	0.00920	0.00575	0.00552	0.01067	0.01634	0.02148	0.38332	0.08412	0.38054	0.01500	0.00765	0.00213	0.00318	0.01289	0.00653	0.00575
16	0.01837	0.20641	0.14325	0.05136	0.06057	0.01779	0.08435	0.14560	0.01714	0.11313	0.01436	0.04301	0.01130	0.00718	0.00662	0.00192	0.03830	0.00578	0.00429	0.00926
17	0.02414	0.03079	0.01831	0.01665	0.01998	0.74698	0.01248	0.02580	0.01831	0.01581	0.00999	0.01165	0.00832	0.00666	0.00583	0.00166	0.01165	0.00416	0.00333	0.00749
18	0.02899	0.01100	0.01499	0.01150	0.01649	0.00950	0.00950	0.03149	0.01849	0.73709	0.02549	0.02199	0.01599	0.00800	0.00650	0.00200	0.00550	0.00650	0.00800	0.01100
19	0.01523	0.11909	0.41354	0.06766	0.13542	0.05098	0.01997	0.06786	0.01507	0.02084	0.01155	0.01387	0.00874	0.00616	0.00596	0.00193	0.00881	0.00487	0.00310	0.00935
20	0.01576	0.05063	0.10954	0.21176	0.08856	0.08657	0.09016	0.03657	0.03788	0.07822	0.01866	0.02094	0.08416	0.00766	0.00703	0.00205	0.03513	0.00650	0.00392	0.00830
21	0.01239	0.01120	0.01298	0.09209	0.01578	0.08369	0.00949	0.03851	0.01203	0.01577	0.01717	0.11043	0.01800	0.22654	0.15104	0.00490	0.15004	0.00823	0.00379	0.00596
22	0.00779	0.00652	0.00678	0.00678	0.00884	0.00551	0.00506	0.00955	0.01499	0.01824	0.12856	0.08440	0.64246	0.01619	0.00766	0.00218	0.00327	0.01361	0.00611	0.00551
23	0.05297	0.01712	0.08855	0.02294	0.15036	0.05108	0.26431	0.07302	0.03187	0.02208	0.03387	0.08781	0.03252	0.00795	0.00742	0.00213	0.03372	0.00771	0.00397	0.00860
24	0.02002	0.40987	0.02650	0.01477	0.05157	0.32330	0.01203	0.02248	0.03628	0.01608	0.01006	0.01157	0.00873	0.00610	0.00502	0.00155	0.00885	0.00397	0.00313	0.00811
25	0.01480	0.03486	0.08651	0.01056	0.01574	0.00990	0.00940	0.04125	0.03858	0.10884	0.07617	0.02341	0.10145	0.00762	0.00579	0.00151	0.00518	0.00621	0.00489	0.39731
26	0.04147	0.01435	0.14005	0.01540	0.11404	0.01098	0.01215	0.02056	0.10136	0.12945	0.26959	0.02861	0.02971	0.00913	0.00669	0.00200	0.00555	0.00784	0.00567	0.03541
27	0.00788	0.00587	0.00734	0.00842	0.00924	0.00533	0.00576	0.00920	0.01315	0.01712	0.07272	0.58293	0.19333	0.01909	0.00809	0.00250	0.00361	0.01704	0.00605	0.00533
28	0.01440	0.01582	0.03319	0.18038	0.03523	0.01558	0.54012	0.01953	0.01486	0.01999	0.03662	0.01842	0.01126	0.00592	0.00738	0.00217	0.01015	0.00736	0.00331	0.00830
29	0.01702	0.04988	0.14565	0.01536	0.05264	0.01380	0.06358	0.02611	0.26300	0.15788	0.04796	0.06258	0.03834	0.00862	0.00660	0.00210	0.00640	0.00742	0.00556	0.00950
30	0.01607	0.01597	0.04848	0.14952	0.36806	0.04491	0.13099	0.02132	0.06880	0.05210	0.01376	0.01706	0.01074	0.00620	0.00659	0.00202	0.00829	0.00611	0.00362	0.00939
31	0.00787	0.00562	0.00750	0.00900	0.00937	0.00525	0.00600	0.00900	0.01237	0.01649	0.03561	0.76871	0.04274	0.02024	0.00825	0.00262	0.00375	0.01837	0.00600	0.00525
32	0.00817	0.00657	0.00728	0.00710	0.00905	0.00568	0.00533	0.01030	0.01598	0.02043	0.29870	0.05729	0.49490	0.01526	0.00763	0.00213	0.00319	0.01295	0.00639	0.00568
33	0.01747	0.23309	0.23487	0.04449	0.09518	0.04213	0.01579	0.04036	0.08561	0.11089	0.01420	0.01519	0.01066	0.00650	0.00571	0.00184	0.00763	0.00502	0.00396	0.00940
34	0.01734	0.65591	0.03367	0.01318	0.01872	0.05633	0.09200	0.01979	0.01360	0.01587	0.00950	0.01124	0.00847	0.00557	0.00462	0.00149	0.00758	0.00397	0.00285	0.00831
35	0.01847	0.01507	0.01596	0.01363	0.01772	0.01719	0.01081	0.22573	0.52563	0.03090	0.02325	0.02168	0.01725	0.00848	0.00654	0.00212	0.00568	0.00688	0.00654	0.01044
36	0.01922	0.02245	0.05250	0.03757	0.13323	0.38133	0.04143	0.02274	0.05373	0.04212	0.08565	0.04831	0.01625	0.00780	0.00636	0.00187	0.00908	0.00620	0.00408	0.00809
37	0.01835	0.10353	0.02307	0.11732	0.34456	0.07316	0.01568	0.05850	0.01590	0.12184	0.01437	0.04039	0.01157	0.00678	0.00618	0.00190	0.00755	0.00588	0.00407	0.00940
38	0.01305	0.03277	0.71090	0.01878	0.02820	0.01506	0.05176	0.02047	0.01371	0.02047	0.01166	0.01380	0.00825	0.00611	0.00620	0.00205	0.00960	0.00489	0.00275	0.00952
39	0.00798	0.00583	0.00754	0.00886	0.00951	0.00539	0.00611	0.00927	0.01279	0.01676	0.03914	0.64589	0.12532	0.01965	0.00821	0.00259	0.00381	0.05405	0.00600	0.00531
40	0.01707	0.41769	0.18723	0.01448	0.05299	0.09439	0.01412	0.02091	0.03400	0.04152	0.01139	0.01288	0.00931	0.00605	0.00503	0.00163	0.00775	0.00425	0.03868	0.00863
41	0.00988	0.00813	0.01194	0.01140	0.01315	0.00785	0.08805	0.02866	0.06643	0.01896	0.06317	0.46492	0.11273	0.01655	0.00795	0.00247	0.00479	0.05096	0.00578	0.00625
42	0.00907	0.00660	0.00853	0.00805	0.00961	0.00606	0.00604	0.01205	0.01811	0.02548	0.69567	0.04897	0.09477	0.01337	0.00762	0.00204	0.00306	0.01178	0.00706	0.00606
43	0.03377	0.08775	0.28284	0.10819	0.14446	0.01450	0.01709	0.03776	0.03198	0.02153	0.13946	0.02056	0.01831	0.00742	0.00627	0.00198	0.00744	0.00623	0.00384	0.00865
44	0.01462	0.01390	0.02340	0.29991	0.46190	0.01501	0.01887	0.01904	0.03427	0.01961	0.01232	0.01667	0.00992	0.00610	0.00642	0.00201	0.00794	0.00580	0.00318	0.00912
45	0.00924	0.00687	0.01009	0.01009	0.01114	0.00792	0.00771	0.01135	0.01030	0.01478	0.01757	0.02686	0.01680	0.11192	0.68474	0.01002	0.01634	0.00714	0.00350	0.00561
46	0.00787	0.00562	0.00750	0.00900	0.00937	0.00525	0.00600	0.00900	0.01237	0.01649	0.03561	0.76871	0.04274	0.02024	0.00825	0.00262	0.00375	0.01837	0.00600	0.00525
47	0.01735	0.22551	0.24606	0.01697	0.02309	0.18405	0.10138	0.04421	0.01514	0.01850	0.01071	0.01288	0.00855	0.00631	0.00644	0.00183	0.04466	0.00471	0.00307	0.00858
48	0.02899	0.01100	0.01499	0.01150	0.01649	0.00950	0.00950	0.03149	0.01849	0.73709	0.02549	0.02199	0.01599	0.00800	0.00650	0.00200	0.00550	0.00650	0.00800	0.01100
49	0.02456	0.01810	0.01939	0.01487	0.02004	0.02004	0.01228	0.71107	0.03038	0.04072	0.01551	0.01551	0.01099	0.00776	0.00646	0.00194	0.00711	0.00582	0.00646	0.01099
50	0.01458	0.01469	0.02770	0.03100	0.38754	0.01426	0.25711	0.01860	0.01457	0.02031	0.01580	0.12320	0.01469	0.00770	0.00709	0.00211	0.00824	0.00819	0.00362	0.00900
51	0.00862	0.00658	0.00791	0.00758	0.00933	0.00587	0.00569	0.01118	0.01706	0.02298	0.49934	0.05308	0.29266	0.01430	0.00763	0.00208	0.00313	0.01236	0.00673	0.00587
52	0.00787	0.00562	0.00750	0.00900	0.00937	0.00525	0.00600	0.00900	0.01237	0.01649	0.03561	0.76871	0.04274	0.02024	0.00825	0.00262	0.00375	0.01837	0.00600	0.00525
53	0.70598	0.01410	0.01083	0.00951	0.01356	0.06170	0.00776	0.07334	0.01297	0.02906	0.00957	0.01096	0.00739	0.00618	0.00431	0.00197	0.00559	0.00372	0.00415	0.00734
54	0.01296	0.03342	0.73944	0.01842	0.02797	0.01501	0.02387	0.02046	0.01364	0.02046	0.01160	0.01364	0.00818	0.00614	0.00614	0.00205	0.00955	0.00477	0.00273	0.00955
55	0.00914	0.00660	0.00864	0.00813	0.00965	0.00610	0.00610	0.01219	0.01829	0.02591	0.72921	0.04827	0.06097	0.01321	0.00762	0.00203	0.00305	0.01169	0.00711	0.00610
56	0.02456	0.01810	0.01939	0.01487	0.02004	0.02004	0.01228	0.71107	0.03038	0.04072	0.01551	0.01551	0.01099	0.00776	0.00646	0.00194	0.00711	0.00582	0.00646	0.01099
57	0.01995	0.01698	0.01678	0.01489	0.05646	0.12463	0.01117	0.21373	0.24508	0.07644	0.01946	0.01911	0.03188	0.00771	0.00625	0.00188	0.00671	0.00607	0.00565	0.09916
58	0.01220	0.01148	0.01938	0.75739	0.04450	0.01436	0.01794	0.01651	0.01292	0.01651	0.01148	0.01723	0.00861	0.00646	0.00646	0.00215	0.00861	0.00574	0.00287	0.00718
59	0.01607	0.01388	0.01461	0.01315	0.01680	0.01607	0.01023	0.03433	0.72094	0.02703	0.02630	0.02411	0.01972	0.00877	0.00657	0.00219	0.00511	0.00731	0.00657	0.01023
60	0.01033	0.00765	0.00976	0.01040	0.01211	0.00752	0.00856	0.04674	0.03269	0.02069	0.12010	0.14817	0.15256	0.01664	0.00830	0.00262	0.00494	0.36793	0.00614	0.00615
61	0.01727	0.77681	0.03386	0.01106	0.01658	0.02557	0.01106	0.01935	0.01313	0.01520	0.00898	0.01036	0.00829	0.00553	0.00415	0.00138	0.00691	0.00345	0.00276	0.00829
62	0.00797	0.00569	0.00761	0.00910	0.00952	0.00533	0.00616	0.00916	0.01246	0.01660	0.03556	0.74282	0.04253	0.02015	0.00827	0.00264	0.00383	0.04332	0.00600	0.00527
63	0.00906	0.00660	0.00852	0.00804	0.00960	0.00606	0.00603	0.01204	0.01810	0.02545	0.69333	0.04902	0.09713	0.01338	0.00762	0.00204	0.00306	0.01179	0.00705	0.00606
64	0.01041	0.00744	0.01041	0.01190	0.01339	0.00744	0.01041	0.01339	0.01487	0.01934	0.03421	0.07288	0.03719	0.01785	0.00892	0.00297	0.00595	0.68913	0.00595	0.00595
65	0.02457	0.01634	0.01798	0.01386	0.01881	0.01764	0.01143	0.56763	0.02762	0.14826	0.01737	0.01699	0.01207	0.00778	0.00636	0.00193	0.00664	0.00593	0.05007	0.01072
66	0.01186	0.00650	0.00763	0.00741	0.00903	0.00620	0.00553	0.01462	0.01520	0.07431	0.23832	0.12109	0.03317	0.01082	0.00605	0.00184	0.00329	0.00927	0.41156	0.00630
67	0.81856	0.01250	0.00950	0.00850	0.01250	0.01449	0.00700	0.01899	0.01100	0.02899	0.00900	0.01050	0.00700	0.00600	0.00400	0.00200	0.00500	0.00350	0.00400	0.00700
68	0.01296	0.03342	0.73944	0.01842	0.02797	0.01501	0.02387	0.02046	0.01364	0.02046	0.01160	0.01364	0.00818	0.00614	0.00614	0.00205	0.00955	0.00477	0.00273	0.00955
69	0.01599	0.01535	0.02623	0.03966	0.73262	0.01535	0.01983	0.01983	0.01471	0.02111	0.01215	0.01599	0.01023	0.00576	0.00640	0.00192	0.00768	0.00576	0.00320	0.01023
70	0.00787	0.00562	0.00750	0.00900	0.00937	0.00525	0.00600	0.00900	0.01237	0.01649	0.03561	0.76871	0.04274	0.02024	0.00825	0.00262	0.00375	0.01837	0.00600	0.00525
71	0.02456	0.01810	0.01939	0.01487	0.02004	0.02004	0.01228	0.71107	0.03038	0.04072	0.01551	0.01551	0.01099	0.00776	0.00646	0.00194	0.00711	0.00582	0.00646	0.01099
72	0.01204	0.00602	0.00602	0.00602	0.00753	0.00602	0.00452	0.01506	0.01355	0.02409	0.02108	0.02409	0.01656	0.00753	0.00452	0.00151	0.00301	0.00602	0.80879	0.00602
73	0.00787	0.00562	0.00750	0.00900	0.00937	0.00525	0.00600	0.00900	0.01237	0.01649	0.03561	0.76871	0.04274	0.02024	0.00825	0.00262	0.00375	0.01837	0.00600	0.00525
74	0.00938	0.00634	0.00745	0.00745	0.00759	0.00648	0.00442	0.00965	0.00952	0.01283	0.01999	0.04025	0.02261	0.68555	0.11905	0.00676	0.00760	0.00910	0.00386	0.00414
75	0.00923	0.00699	0.00878	0.00958	0.01128	0.00654	0.00794	0.01166	0.01501	0.01909	0.10109	0.09203	0.28705	0.01703	0.00834	0.00260	0.00468	0.36926	0.00606	0.00576
76	0.02010	0.01337	0.01502	0.01281	0.01693	0.01455	0.01016	0.07678	0.48736	0.21944	0.02539	0.02299	0.01816	0.00849	0.00655	0.00212	0.00534	0.00699	0.00695	0.01048
77	0.02798	0.01212	0.01563	0.01204	0.01702	0.01123	0.00993	0.13136	0.03972	0.61514	0.02405	0.02110	0.01536	0.00798	0.00649	0.00200	0.00572	0.00642	0.00773	0.01097
78	0.00787	0.00562	0.00750	0.00900	0.00937	0.00525	0.00600	0.00900	0.01237	0.01649	0.03561	0.76871	0.04274	0.02024	0.00825	0.00262	0.00375	0.01837	0.00600	0.00525
79	0.01193	0.00601	0.00606	0.00611	0.00758	0.00600	0.00456	0.01488	0.01352	0.02388	0.02149	0.04508	0.01730	0.00789	0.00462	0.00154	0.00303	0.00637	0.78616	0.00600
80	0.02147	0.02781	0.07124	0.02037	0.09413	0.53452	0.09803	0.02421	0.01726	0.01726	0.01069	0.01292	0.00869	0.00639	0.00612	0.00178	0.01101	0.00478	0.00327	0.00806
81	0.01791	0.73542	0.03284	0.01108	0.01658	0.02470	0.01097	0.02000	0.01342	0.05422	0.00988	0.01099	0.00871	0.00566	0.00427	0.00142	0.00683	0.00362	0.00305	0.00844
82	0.01373	0.01312	0.01811	0.44695	0.03255	0.07073	0.01527	0.04722	0.01338	0.01750	0.01188	0.01714	0.00962	0.01108	0.07350	0.00292	0.14041	0.00572	0.03200	0.00719
83	0.75470	0.05388	0.01124	0.00943	0.03116	0.01512	0.00755	0.01903	0.01121	0.02804	0.00908	0.01063	0.00715	0.00597	0.00407	0.00196	0.00517	0.00355	0.00391	0.00715
84	0.01014	0.00638	0.00748	0.00721	0.00877	0.00602	0.00540	0.01307	0.01621	0.02458	0.40887	0.04008	0.09431	0.01128	0.00644	0.00184	0.00305	0.00967	0.31319	0.00602
85	0.01670	0.05744	0.02210	0.02714	0.40007	0.10302	0.01540	0.04313	0.06410	0.02110	0.01375	0.01801	0.01175	0.00656	0.00611	0.00179	0.00743	0.03732	0.00375	0.12334
86	0.02871	0.01145	0.01528	0.01171	0.01672	0.01017	0.00967	0.07489	0.01925	0.69262	0.02485	0.02158	0.01567	0.00798	0.00650	0.00200	0.00560	0.00645	0.00790	0.01100
87	0.01447	0.01820	0.15667	0.13197	0.31676	0.01518	0.16356	0.01928	0.01436	0.02026	0.03617	0.01707	0.01120	0.00627	0.00709	0.00206	0.03095	0.00616	0.00320	0.00913
88	0.00925	0.00686	0.01005	0.01005	0.01109	0.00789	0.00766	0.01132	0.01028	0.01475	0.01761	0.02709	0.01689	0.12154	0.67525	0.00997	0.01619	0.00717	0.00351	0.00558
89	0.00899	0.00659	0.00838	0.00794	0.00949	0.00603	0.00592	0.01182	0.01769	0.02469	0.64188	0.04957	0.12993	0.03279	0.00826	0.00216	0.00315	0.01183	0.00692	0.00597
90	0.01727	0.77681	0.03386	0.01106	0.01658	0.02557	0.01106	0.01935	0.01313	0.01520	0.00898	0.01036	0.00829	0.00553	0.00415	0.00138	0.00691	0.00345	0.00276	0.00829
91	0.00823	0.00581	0.00754	0.00878	0.00914	0.00551	0.00582	0.00924	0.01197	0.01594	0.03296	0.61708	0.03924	0.14804	0.01246	0.00326	0.00427	0.04402	0.00564	0.00505
92	0.02250	0.01707	0.01823	0.01445	0.01925	0.01907	0.01178	0.54645	0.19837	0.03739	0.01814	0.01760	0.01311	0.00800	0.00649	0.00200	0.00662	0.00618	0.00649	0.01080
93	0.01791	0.01537	0.01830	0.01515	0.01727	0.06070	0.02794	0.23235	0.01711	0.04705	0.01286	0.01815	0.01134	0.10154	0.01633	0.00285	0.34924	0.00614	0.00430	0.00810
94	0.00794	0.00649	0.00701	0.00703	0.00895	0.00556	0.00522	0.00981	0.01524	0.01900	0.19000	0.11119	0.55201	0.01605	0.00768	0.00219	0.00326	0.01361	0.00621	0.00556
95	0.00839	0.00653	0.00762	0.00744	0.00921	0.00576	0.00555	0.01070	0.01636	0.02157	0.39048	0.08996	0.36723	0.01500	0.00766	0.00213	0.00319	0.01291	0.00655	0.00576
96	0.01340	0.01148	0.01340	0.00957	0.01531	0.00861	0.00766	0.01627	0.01340	0.02105	0.01148	0.01340	0.00957	0.00479	0.00479	0.00096	0.00479	0.00383	0.00383	0.81242
97	0.02183	0.01816	0.02269	0.01731	0.02241	0.05312	0.14866	0.47717	0.07389	0.03397	0.01532	0.01626	0.01116	0.00742	0.00709	0.00202	0.02950	0.00619	0.00559	0.01021
98	0.04759	0.69292	0.03180	0.01138	0.01668	0.07879	0.01101	0.01981	0.01343	0.01576	0.00906	0.01047	0.00825	0.00563	0.00427	0.00143	0.00719	0.00351	0.00285	0.00818
99	0.00913	0.00663	0.00927	0.00943	0.01022	0.00735	0.00685	0.01076	0.01034	0.01454	0.01990	0.10456	0.02063	0.22317	0.49761	0.00859	0.01323	0.00868	0.00383	0.00526
100	0.01798	0.05417	0.18222	0.04464	0.02466	0.18033	0.15008	0.10832	0.13103	0.02265	0.01426	0.01584	0.01075	0.00673	0.00640	0.00197	0.00913	0.00571	0.00405	0.00908
101	0.01520	0.00990	0.04941	0.00942	0.01237	0.00892	0.00786	0.03632	0.11218	0.15091	0.14495	0.02816	0.04216	0.01084	0.04073	0.00225	0.00487	0.00742	0.29837	0.00777

[dist]
# distance from previous block
# <min> <max>
0	3

[block]
# block no. 3 follows, 34 sequences, length 24
# corresponding to MSA columns:
# 209-232
name=unknown_D
#
# <colnr> <probs for GDERKNQSTAVLIFYWHMCP>
#	G	D	E	R	K	N	Q	S	T	A	V	L	I	F	Y	W	H	M	C	P
0	0.25214	0.01747	0.01478	0.01273	0.01678	0.16049	0.01009	0.15563	0.20922	0.06561	0.01599	0.01597	0.01194	0.00732	0.00566	0.00197	0.00677	0.00526	0.00524	0.00894
1	0.01743	0.06539	0.01535	0.01209	0.01555	0.09356	0.00960	0.13397	0.22389	0.08587	0.20884	0.04427	0.02752	0.00955	0.00662	0.00199	0.00572	0.00782	0.00619	0.00877
2	0.00785	0.00570	0.00742	0.00880	0.00932	0.00526	0.00591	0.00902	0.01256	0.01657	0.03800	0.71227	0.09763	0.01993	0.00820	0.00259	0.00371	0.01799	0.00600	0.00526
3	0.01727	0.77681	0.03386	0.01106	0.01658	0.02557	0.01106	0.01935	0.01313	0.01520	0.00898	0.01036	0.00829	0.00553	0.00415	0.00138	0.00691	0.00345	0.00276	0.00829
4	0.02348	0.02589	0.01763	0.01561	0.01927	0.53051	0.01192	0.08176	0.11392	0.07836	0.01389	0.01448	0.01070	0.00714	0.00603	0.00178	0.00991	0.00491	0.00440	0.00842
5	0.06358	0.01695	0.01815	0.01416	0.01912	0.01868	0.01164	0.56738	0.09341	0.08574	0.01687	0.01651	0.01195	0.00778	0.00635	0.00197	0.00671	0.00589	0.00645	0.01072
6	0.00940	0.00626	0.00705	0.00705	0.00705	0.00626	0.00392	0.00940	0.00940	0.01253	0.02036	0.04228	0.02349	0.77292	0.03289	0.00626	0.00626	0.00940	0.00392	0.00392
7	0.00923	0.00692	0.01038	0.01038	0.01154	0.00808	0.00808	0.01154	0.01038	0.01500	0.01731	0.02538	0.01615	0.04846	0.74732	0.01038	0.01731	0.00692	0.00346	0.00577
8	0.02032	0.01264	0.01457	0.01236	0.01639	0.01342	0.00981	0.05920	0.41515	0.26552	0.06823	0.02452	0.02062	0.00874	0.00661	0.00211	0.00520	0.00724	0.00708	0.01026
9	0.01079	0.00752	0.00873	0.00857	0.00931	0.00770	0.00557	0.09154	0.01262	0.01690	0.02340	0.21588	0.02644	0.47095	0.05195	0.00503	0.00618	0.01107	0.00470	0.00514
10	0.00801	0.00572	0.00765	0.00915	0.00959	0.00537	0.00624	0.00923	0.01251	0.01665	0.03554	0.73108	0.04244	0.02011	0.00828	0.00264	0.00387	0.05463	0.00600	0.00529
11	0.01056	0.00692	0.00907	0.00849	0.01016	0.00640	0.00642	0.01340	0.01766	0.07275	0.60965	0.04740	0.05477	0.05338	0.00895	0.00230	0.00353	0.04493	0.00694	0.00630
12	0.03663	0.01617	0.08086	0.04246	0.10902	0.03645	0.23683	0.07868	0.10792	0.02364	0.10768	0.05864	0.01917	0.00798	0.00697	0.00210	0.00777	0.00777	0.00455	0.00871
13	0.02618	0.01102	0.01433	0.01126	0.01577	0.01002	0.00919	0.09417	0.01894	0.57808	0.02468	0.05818	0.01687	0.00854	0.00642	0.00198	0.00537	0.00698	0.07171	0.01032
14	0.00863	0.00594	0.00727	0.00802	0.00821	0.00576	0.00496	0.00920	0.01088	0.01451	0.02799	0.40556	0.03311	0.39652	0.02056	0.00444	0.00501	0.01388	0.00496	0.00458
15	0.01531	0.01460	0.02492	0.21329	0.50742	0.01531	0.05295	0.04146	0.01481	0.02060	0.01214	0.01635	0.00984	0.00598	0.00647	0.00199	0.00804	0.00585	0.00323	0.00944
16	0.01533	0.11775	0.48403	0.01880	0.06402	0.04558	0.06679	0.04854	0.01479	0.04877	0.01206	0.01396	0.00884	0.00616	0.00603	0.00195	0.00905	0.00495	0.00318	0.00941
17	0.01555	0.01470	0.05115	0.21653	0.40750	0.01489	0.01784	0.02134	0.10013	0.05577	0.01433	0.01749	0.01118	0.00643	0.00643	0.00202	0.00757	0.00594	0.00374	0.00947
18	0.00797	0.00570	0.00761	0.00911	0.00953	0.00534	0.00617	0.00917	0.01247	0.01661	0.03556	0.74080	0.04251	0.02015	0.00827	0.00264	0.00384	0.04526	0.00600	0.00528
19	0.01828	0.01568	0.07852	0.06351	0.11066	0.01389	0.25785	0.08401	0.01689	0.18097	0.03167	0.06751	0.01433	0.00749	0.00699	0.00210	0.00811	0.00745	0.00479	0.00930
20	0.01351	0.01185	0.01491	0.01065	0.01644	0.00909	0.05059	0.01654	0.01351	0.02103	0.01158	0.01365	0.00958	0.00483	0.00496	0.00103	0.00516	0.00406	0.00379	0.76324
21	0.00877	0.00638	0.00714	0.00711	0.00802	0.00596	0.00460	0.00976	0.01243	0.01613	0.13860	0.07109	0.24772	0.40542	0.02065	0.00427	0.00479	0.01131	0.00509	0.00475
22	0.00872	0.00637	0.00822	0.00834	0.00962	0.00586	0.00610	0.01115	0.01633	0.02254	0.47116	0.24072	0.10957	0.01546	0.00783	0.00223	0.00334	0.03393	0.00669	0.00582
23	0.01922	0.08901	0.16923	0.06881	0.08788	0.14296	0.08628	0.17038	0.01852	0.06808	0.01299	0.01477	0.00969	0.00656	0.00620	0.00191	0.00881	0.00533	0.00407	0.00930

[dist]
# distance from previous block
# <min> <max>
0	5

[block]
# block no. 4 follows, 34 sequences, length 300
# corresponding to MSA columns:
# 238-537
name=unknown_E
#
# <colnr> <probs for GDERKNQSTAVLIFYWHMCP>
#	G	D	E	R	K	N	Q	S	T	A	V	L	I	F	Y	W	H	M	C	P
0	0.02134	0.01764	0.09401	0.01839	0.08968	0.03905	0.11577	0.24410	0.04094	0.18655	0.01658	0.01710	0.01166	0.00695	0.00650	0.00194	0.00757	0.00601	0.00541	0.05280
1	0.31763	0.07575	0.01978	0.08782	0.32474	0.01590	0.01393	0.03752	0.01345	0.02371	0.01074	0.01357	0.00874	0.00594	0.00532	0.00193	0.00667	0.00472	0.00352	0.00861
2	0.01373	0.06670	0.47862	0.05213	0.15084	0.01538	0.02081	0.02066	0.05833	0.02045	0.01409	0.01615	0.03093	0.00652	0.00616	0.00201	0.00857	0.00534	0.00316	0.00942
3	0.01368	0.01282	0.02056	0.40083	0.24251	0.01427	0.01687	0.01804	0.03808	0.01873	0.01207	0.01653	0.00959	0.00634	0.00687	0.00197	0.03938	0.00557	0.00321	0.10208
4	0.00844	0.00698	0.00745	0.00726	0.00939	0.00620	0.00547	0.01133	0.05624	0.01979	0.20304	0.05705	0.54804	0.01526	0.00757	0.00215	0.00333	0.01286	0.00627	0.00587
5	0.00901	0.00660	0.00845	0.00799	0.00957	0.00604	0.00599	0.01193	0.01797	0.02516	0.67025	0.04950	0.12039	0.01349	0.00762	0.00205	0.00307	0.01186	0.00701	0.00604
6	0.01340	0.01148	0.01340	0.00957	0.01531	0.00861	0.00766	0.01627	0.01340	0.02105	0.01148	0.01340	0.00957	0.00479	0.00479	0.00096	0.00479	0.00383	0.00383	0.81242
7	0.00888	0.00651	0.00833	0.00805	0.00954	0.00596	0.00597	0.01162	0.01741	0.02423	0.60159	0.11298	0.12655	0.01414	0.00768	0.00210	0.00313	0.01247	0.00690	0.00596
8	0.00834	0.00637	0.00692	0.00703	0.00828	0.00575	0.00475	0.00947	0.01296	0.01624	0.08811	0.11741	0.39300	0.26855	0.01610	0.00357	0.00430	0.01253	0.00537	0.00496
9	0.01607	0.01388	0.01461	0.01315	0.01680	0.01607	0.01023	0.03433	0.72094	0.02703	0.02630	0.02411	0.01972	0.00877	0.00657	0.00219	0.00511	0.00731	0.00657	0.01023
10	0.81856	0.01250	0.00950	0.00850	0.01250	0.01449	0.00700	0.01899	0.01100	0.02899	0.00900	0.01050	0.00700	0.00600	0.00400	0.00200	0.00500	0.00350	0.00400	0.00700
11	0.00940	0.00626	0.00705	0.00705	0.00705	0.00626	0.00392	0.00940	0.00940	0.01253	0.02036	0.04228	0.02349	0.77292	0.03289	0.00626	0.00626	0.00940	0.00392	0.00392
12	0.00940	0.00626	0.00705	0.00705	0.00705	0.00626	0.00392	0.00940	0.00940	0.01253	0.02036	0.04228	0.02349	0.77292	0.03289	0.00626	0.00626	0.00940	0.00392	0.00392
13	0.81856	0.01250	0.00950	0.00850	0.01250	0.01449	0.00700	0.01899	0.01100	0.02899	0.00900	0.01050	0.00700	0.00600	0.00400	0.00200	0.00500	0.00350	0.00400	0.00700
14	0.00818	0.00612	0.00847	0.00936	0.01007	0.00568	0.02886	0.00951	0.01271	0.01688	0.05873	0.65690	0.08326	0.04120	0.00889	0.00267	0.00400	0.01725	0.00588	0.00536
15	0.00866	0.00643	0.00807	0.00798	0.00944	0.00584	0.00586	0.01113	0.01667	0.02282	0.49384	0.16822	0.18133	0.01494	0.00773	0.00216	0.00320	0.01313	0.00673	0.00584
16	0.01340	0.01148	0.01340	0.00957	0.01531	0.00861	0.00766	0.01627	0.01340	0.02105	0.01148	0.01340	0.00957	0.00479	0.00479	0.00096	0.00479	0.00383	0.00383	0.81242
17	0.01252	0.01051	0.01177	0.01252	0.01451	0.07380	0.01056	0.01781	0.12732	0.02025	0.03083	0.05976	0.03188	0.01542	0.00828	0.00274	0.00632	0.52063	0.00582	0.00676
18	0.81856	0.01250	0.00950	0.00850	0.01250	0.01449	0.00700	0.01899	0.01100	0.02899	0.00900	0.01050	0.00700	0.00600	0.00400	0.00200	0.00500	0.00350	0.00400	0.00700
19	0.00787	0.00562	0.00750	0.00900	0.00937	0.00525	0.00600	0.00900	0.01237	0.01649	0.03561	0.76871	0.04274	0.02024	0.00825	0.00262	0.00375	0.01837	0.00600	0.00525
20	0.00787	0.00562	0.00750	0.00900	0.00937	0.00525	0.00600	0.00900	0.01237	0.01649	0.03561	0.76871	0.04274	0.02024	0.00825	0.00262	0.00375	0.01837	0.00600	0.00525
21	0.02386	0.03020	0.01818	0.01652	0.01986	0.72149	0.01241	0.02610	0.04282	0.01620	0.01056	0.01209	0.00872	0.00673	0.00585	0.00168	0.01142	0.00427	0.00344	0.00759
22	0.74104	0.01265	0.01022	0.00893	0.01304	0.01445	0.00736	0.04877	0.01223	0.06908	0.01019	0.01135	0.00767	0.00618	0.00424	0.00200	0.00511	0.00376	0.00433	0.00739
23	0.00914	0.00660	0.00864	0.00813	0.00965	0.00610	0.00610	0.01219	0.01829	0.02591	0.72921	0.04827	0.06097	0.01321	0.00762	0.00203	0.00305	0.01169	0.00711	0.00610
24	0.81856	0.01250	0.00950	0.00850	0.01250	0.01449	0.00700	0.01899	0.01100	0.02899	0.00900	0.01050	0.00700	0.00600	0.00400	0.00200	0.00500	0.00350	0.00400	0.00700
25	0.01220	0.01148	0.01938	0.75739	0.04450	0.01436	0.01794	0.01651	0.01292	0.01651	0.01148	0.01723	0.00861	0.00646	0.00646	0.00215	0.00861	0.00574	0.00287	0.00718
26	0.81856	0.01250	0.00950	0.00850	0.01250	0.01449	0.00700	0.01899	0.01100	0.02899	0.00900	0.01050	0.00700	0.00600	0.00400	0.00200	0.00500	0.00350	0.00400	0.00700
27	0.00923	0.00692	0.01038	0.01038	0.01154	0.00808	0.00808	0.01154	0.01038	0.01500	0.01731	0.02538	0.01615	0.04846	0.74732	0.01038	0.01731	0.00692	0.00346	0.00577
28	0.01607	0.01388	0.01461	0.01315	0.01680	0.01607	0.01023	0.03433	0.72094	0.02703	0.02630	0.02411	0.01972	0.00877	0.00657	0.00219	0.00511	0.00731	0.00657	0.01023
29	0.01727	0.77681	0.03386	0.01106	0.01658	0.02557	0.01106	0.01935	0.01313	0.01520	0.00898	0.01036	0.00829	0.00553	0.00415	0.00138	0.00691	0.00345	0.00276	0.00829
30	0.00787	0.00562	0.00750	0.00900	0.00937	0.00525	0.00600	0.00900	0.01237	0.01649	0.03561	0.76871	0.04274	0.02024	0.00825	0.00262	0.00375	0.01837	0.00600	0.00525
31	0.01204	0.00602	0.00602	0.00602	0.00753	0.00602	0.00452	0.01506	0.01355	0.02409	0.02108	0.02409	0.01656	0.00753	0.00452	0.00151	0.00301	0.00602	0.80879	0.00602
32	0.02899	0.01100	0.01499	0.01150	0.01649	0.00950	0.00950	0.03149	0.01849	0.73709	0.02549	0.02199	0.01599	0.00800	0.00650	0.00200	0.00550	0.00650	0.00800	0.01100
33	0.02899	0.01100	0.01499	0.01150	0.01649	0.00950	0.00950	0.03149	0.01849	0.73709	0.02549	0.02199	0.01599	0.00800	0.00650	0.00200	0.00550	0.00650	0.00800	0.01100
34	0.00787	0.00562	0.00750	0.00900	0.00937	0.00525	0.00600	0.00900	0.01237	0.01649	0.03561	0.76871	0.04274	0.02024	0.00825	0.00262	0.00375	0.01837	0.00600	0.00525
35	0.00797	0.00656	0.00701	0.00690	0.00893	0.00560	0.00517	0.00992	0.01552	0.01933	0.21294	0.05909	0.58134	0.01566	0.00763	0.00215	0.00322	0.01320	0.00625	0.00560
36	0.02872	0.01143	0.01527	0.01170	0.01671	0.01015	0.00967	0.07339	0.01923	0.69416	0.02488	0.02159	0.01569	0.00798	0.00650	0.00200	0.00560	0.00646	0.00790	0.01100
37	0.00914	0.00660	0.00864	0.00813	0.00965	0.00610	0.00610	0.01219	0.01829	0.02591	0.72921	0.04827	0.06097	0.01321	0.00762	0.00203	0.00305	0.01169	0.00711	0.00610
38	0.10139	0.01098	0.01426	0.01110	0.01589	0.00984	0.00915	0.02966	0.01779	0.64673	0.04851	0.02184	0.01673	0.00799	0.00631	0.00200	0.00537	0.00640	0.00760	0.01046
39	0.00855	0.00592	0.00776	0.00884	0.00956	0.00546	0.00604	0.00994	0.01327	0.03663	0.10881	0.63677	0.08036	0.01898	0.00810	0.00252	0.00370	0.01711	0.00617	0.00550
40	0.02414	0.03079	0.01831	0.01665	0.01998	0.74698	0.01248	0.02580	0.01831	0.01581	0.00999	0.01165	0.00832	0.00666	0.00583	0.00166	0.01165	0.00416	0.00333	0.00749
41	0.02873	0.01142	0.01525	0.01170	0.01670	0.01012	0.00966	0.07171	0.01920	0.69588	0.02490	0.02161	0.01570	0.00798	0.00650	0.00200	0.00559	0.00646	0.00791	0.01100
42	0.01714	0.75346	0.05602	0.01129	0.01694	0.02523	0.01146	0.01938	0.01314	0.01537	0.00906	0.01047	0.00829	0.00555	0.00421	0.00140	0.00699	0.00350	0.00276	0.00833
