[name]
unknown

[dist]
# distance from previous block
# <min> <max>
0	239

[block]
# block no. 0 follows, 34 sequences, length 71
# corresponding to MSA columns:
# 239-309
name=unknown_A
#
# <colnr> <probs for GDERKNQSTAVLIFYWHMCP>
#	G	D	E	R	K	N	Q	S	T	A	V	L	I	F	Y	W	H	M	C	P
0	0.08249	0.01184	0.01315	0.01127	0.01461	0.01251	0.00911	0.24742	0.07814	0.02995	0.24004	0.03384	0.05057	0.01066	0.00686	0.00207	0.00516	0.08705	0.00627	0.04701
1	0.00822	0.00574	0.00774	0.00916	0.00959	0.00541	0.00628	0.00926	0.01233	0.01641	0.03425	0.68278	0.04072	0.02020	0.00918	0.04479	0.00399	0.06293	0.00583	0.00517
2	0.02454	0.01876	0.01933	0.01496	0.02003	0.05789	0.01229	0.67539	0.02975	0.03942	0.01523	0.01531	0.01085	0.00770	0.00643	0.00192	0.00735	0.00573	0.00630	0.01081
3	0.00955	0.00705	0.00909	0.00960	0.04724	0.00641	0.00661	0.01204	0.01649	0.04296	0.42287	0.14252	0.21471	0.01434	0.00761	0.00214	0.00350	0.01256	0.00652	0.00619
4	0.02006	0.01208	0.01404	0.01205	0.01596	0.01264	0.00952	0.03092	0.39549	0.28790	0.02812	0.06369	0.04925	0.00940	0.00668	0.00214	0.00511	0.00785	0.00705	0.01005
5	0.01308	0.03259	0.70293	0.01888	0.02827	0.01508	0.05956	0.02047	0.01373	0.02047	0.01167	0.01384	0.00827	0.00610	0.00622	0.00205	0.00962	0.00492	0.00276	0.00951
6	0.01566	0.01584	0.04859	0.05808	0.62475	0.01557	0.05081	0.01959	0.01442	0.02067	0.01198	0.01593	0.01002	0.00604	0.00716	0.00199	0.04404	0.00581	0.00316	0.00990
7	0.01974	0.01423	0.01623	0.06332	0.01887	0.01551	0.01097	0.46019	0.02420	0.06215	0.02069	0.20431	0.01898	0.01080	0.00691	0.00213	0.00630	0.00898	0.00617	0.00930
8	0.00926	0.00682	0.00986	0.00986	0.01083	0.00779	0.00742	0.01120	0.01023	0.01461	0.01779	0.02806	0.01731	0.16305	0.63431	0.00973	0.01556	0.00731	0.00353	0.00548
9	0.00787	0.00562	0.00750	0.00900	0.00937	0.00525	0.00600	0.00900	0.01237	0.01649	0.03561	0.76871	0.04274	0.02024	0.00825	0.00262	0.00375	0.01837	0.00600	0.00525
10	0.01072	0.00843	0.01250	0.01132	0.01296	0.00932	0.05515	0.01285	0.01164	0.04584	0.02478	0.03114	0.13522	0.09615	0.40630	0.00697	0.09040	0.00816	0.00404	0.00611
11	0.01704	0.66088	0.11548	0.01213	0.01804	0.05266	0.01261	0.01973	0.01339	0.01584	0.00933	0.01080	0.00828	0.00564	0.00444	0.00147	0.00740	0.00364	0.00278	0.00841
12	0.02425	0.01743	0.01877	0.01444	0.01947	0.01919	0.01191	0.66409	0.02939	0.06256	0.01603	0.01603	0.01135	0.00776	0.00639	0.00193	0.00691	0.00585	0.03544	0.01081
13	0.00787	0.00562	0.00750	0.00900	0.00937	0.00525	0.00600	0.00900	0.01237	0.01649	0.03561	0.76871	0.04274	0.02024	0.00825	0.00262	0.00375	0.01837	0.00600	0.00525
14	0.02087	0.01282	0.01600	0.01548	0.11263	0.01305	0.01085	0.17545	0.13582	0.24978	0.04568	0.02379	0.06431	0.00846	0.00646	0.00198	0.00568	0.00699	0.06403	0.00988
15	0.06555	0.01501	0.01614	0.01299	0.01725	0.03294	0.01049	0.44474	0.02439	0.13108	0.01927	0.11584	0.01580	0.00931	0.00648	0.00202	0.00628	0.00741	0.03727	0.00974
16	0.01762	0.12803	0.01924	0.01564	0.09959	0.10271	0.02656	0.11600	0.14226	0.06073	0.08999	0.02210	0.04971	0.02416	0.00671	0.00193	0.00659	0.00650	0.00502	0.05892
17	0.01394	0.03616	0.01622	0.01126	0.01701	0.02800	0.06637	0.01697	0.01367	0.02071	0.01150	0.01360	0.00952	0.00491	0.00503	0.00109	0.00553	0.00414	0.00374	0.70064
18	0.01749	0.01276	0.01470	0.03451	0.01685	0.01212	0.00927	0.22893	0.03548	0.07988	0.06250	0.03473	0.01519	0.00712	0.00576	0.00154	0.00544	0.00573	0.05003	0.34998
19	0.01078	0.00691	0.00833	0.00812	0.01009	0.00607	0.00602	0.01272	0.01545	0.11168	0.20214	0.22053	0.32603	0.01550	0.00763	0.00223	0.00362	0.01340	0.00651	0.00626
20	0.01220	0.01148	0.01938	0.75739	0.04450	0.01436	0.01794	0.01651	0.01292	0.01651	0.01148	0.01723	0.00861	0.00646	0.00646	0.00215	0.00861	0.00574	0.00287	0.00718
21	0.01539	0.01180	0.01382	0.01012	0.01567	0.00949	0.00812	0.04361	0.05047	0.08879	0.01369	0.01482	0.01074	0.00539	0.00510	0.00115	0.00495	0.00433	0.00445	0.66810
22	0.01727	0.77681	0.03386	0.01106	0.01658	0.02557	0.01106	0.01935	0.01313	0.01520	0.00898	0.01036	0.00829	0.00553	0.00415	0.00138	0.00691	0.00345	0.00276	0.00829
23	0.81856	0.01250	0.00950	0.00850	0.01250	0.01449	0.00700	0.01899	0.01100	0.02899	0.00900	0.01050	0.00700	0.00600	0.00400	0.00200	0.00500	0.00350	0.00400	0.00700
24	0.01220	0.01148	0.01938	0.75739	0.04450	0.01436	0.01794	0.01651	0.01292	0.01651	0.01148	0.01723	0.00861	0.00646	0.00646	0.00215	0.00861	0.00574	0.00287	0.00718
25	0.06338	0.01300	0.04455	0.01524	0.10582	0.07919	0.02463	0.06619	0.03237	0.13215	0.05604	0.26717	0.02427	0.01294	0.03078	0.00244	0.00639	0.01012	0.00541	0.00791
26	0.01792	0.07020	0.03900	0.01128	0.01667	0.01142	0.02355	0.06953	0.01569	0.18428	0.01536	0.03502	0.01183	0.00639	0.00580	0.00144	0.02234	0.00507	0.00487	0.43233
27	0.01422	0.10840	0.05307	0.01414	0.01604	0.04449	0.01219	0.01669	0.02713	0.04850	0.01234	0.01722	0.01114	0.02017	0.21647	0.00459	0.34691	0.00571	0.00333	0.00725
28	0.01518	0.01792	0.05985	0.02696	0.03359	0.01630	0.68792	0.02069	0.01520	0.02069	0.01303	0.01731	0.00975	0.00547	0.00758	0.00217	0.01085	0.00754	0.00325	0.00874
29	0.00994	0.00726	0.00754	0.00754	0.00770	0.03720	0.00437	0.01006	0.00991	0.01285	0.02064	0.07516	0.02376	0.70548	0.03060	0.00590	0.00637	0.00960	0.00399	0.00413
30	0.01214	0.01135	0.01909	0.73338	0.04350	0.01413	0.01770	0.01641	0.01298	0.01660	0.01222	0.01902	0.00953	0.00683	0.00654	0.00218	0.00853	0.02776	0.00297	0.00714
31	0.01401	0.01147	0.01346	0.00965	0.01536	0.00865	0.00773	0.01687	0.01360	0.04917	0.01203	0.01374	0.00982	0.00491	0.00485	0.00100	0.00481	0.00393	0.00399	0.78095
32	0.00779	0.00642	0.00685	0.00703	0.00890	0.00548	0.00516	0.00947	0.01468	0.01800	0.11485	0.16283	0.57688	0.01667	0.00772	0.00223	0.00332	0.01416	0.00609	0.00548
33	0.01336	0.10270	0.67369	0.01773	0.02690	0.01599	0.02268	0.02036	0.01359	0.01997	0.01135	0.01334	0.00819	0.00608	0.00595	0.00198	0.00930	0.00465	0.00273	0.00943
34	0.00917	0.00674	0.00768	0.00741	0.00943	0.00585	0.00557	0.01129	0.01599	0.05472	0.28147	0.08521	0.44609	0.01508	0.00760	0.00214	0.00333	0.01285	0.00646	0.00592
35	0.01441	0.00997	0.01164	0.01026	0.01223	0.01076	0.00752	0.19250	0.04337	0.05370	0.01888	0.02989	0.01811	0.34559	0.18731	0.00574	0.00893	0.00770	0.00476	0.00673
36	0.01506	0.01289	0.01370	0.01240	0.01579	0.01469	0.00961	0.03120	0.62590	0.02647	0.08937	0.02804	0.05737	0.00952	0.00672	0.00218	0.00485	0.00799	0.00659	0.00964
37	0.01755	0.70028	0.06001	0.01170	0.01724	0.07151	0.01164	0.01981	0.01348	0.01544	0.00915	0.01057	0.00829	0.00562	0.00433	0.00143	0.00732	0.00355	0.00280	0.00829
38	0.00940	0.00626	0.00705	0.00705	0.00705	0.00626	0.00392	0.00940	0.00940	0.01253	0.02036	0.04228	0.02349	0.77292	0.03289	0.00626	0.00626	0.00940	0.00392	0.00392
39	0.00787	0.00562	0.00750	0.00900	0.00937	0.00525	0.00600	0.00900	0.01237	0.01649	0.03561	0.76871	0.04274	0.02024	0.00825	0.00262	0.00375	0.01837	0.00600	0.00525
40	0.01393	0.01183	0.01368	0.00991	0.01555	0.00935	0.00794	0.04371	0.04183	0.02205	0.01222	0.01390	0.01002	0.00506	0.00492	0.00104	0.00489	0.00404	0.00404	0.75009
41	0.02363	0.01977	0.01837	0.01485	0.01946	0.16401	0.01194	0.45831	0.11328	0.06680	0.01622	0.01612	0.01178	0.00767	0.00635	0.00192	0.00769	0.00570	0.00592	0.01020
42	0.02408	0.01736	0.01866	0.01437	0.01936	0.01912	0.01185	0.66193	0.02930	0.05676	0.01602	0.01607	0.01137	0.00775	0.00637	0.00192	0.00688	0.00584	0.04423	0.01075
43	0.02377	0.07088	0.01915	0.01635	0.01979	0.70822	0.01241	0.02545	0.01803	0.01578	0.00993	0.01158	0.00832	0.00660	0.00574	0.00165	0.01140	0.00412	0.00330	0.00753
44	0.81856	0.01250	0.00950	0.00850	0.01250	0.01449	0.00700	0.01899	0.01100	0.02899	0.00900	0.01050	0.00700	0.00600	0.00400	0.00200	0.00500	0.00350	0.00400	0.00700
45	0.02456	0.01810	0.01939	0.01487	0.02004	0.02004	0.01228	0.71107	0.03038	0.04072	0.01551	0.01551	0.01099	0.00776	0.00646	0.00194	0.00711	0.00582	0.00646	0.01099
46	0.02534	0.01685	0.01862	0.01427	0.01941	0.01818	0.01179	0.59133	0.02829	0.16342	0.01727	0.01665	0.01187	0.00780	0.00647	0.00195	0.00683	0.00594	0.00673	0.01099
47	0.01292	0.01223	0.02057	0.61007	0.16152	0.01470	0.01814	0.01705	0.01313	0.01727	0.01150	0.01691	0.00889	0.00650	0.00693	0.00214	0.03318	0.00574	0.00293	0.00770
48	0.00791	0.00656	0.00693	0.00684	0.00890	0.00557	0.00513	0.00981	0.01538	0.01900	0.18713	0.05963	0.60736	0.01579	0.00763	0.00215	0.00323	0.01328	0.00620	0.00557
49	0.00862	0.00710	0.00741	0.00713	0.00937	0.00622	0.00540	0.04264	0.01591	0.01960	0.14564	0.05826	0.61299	0.01557	0.00758	0.00215	0.00343	0.01303	0.00616	0.00579
50	0.02489	0.01106	0.01432	0.01156	0.01587	0.01027	0.00931	0.07300	0.08397	0.53680	0.02617	0.11400	0.01932	0.00957	0.00672	0.00209	0.00535	0.00800	0.00752	0.01021
51	0.04742	0.01794	0.01911	0.01468	0.01982	0.01988	0.01213	0.69115	0.02982	0.04038	0.01533	0.01537	0.01087	0.00771	0.00639	0.00194	0.00705	0.00575	0.00639	0.01087
52	0.08542	0.71181	0.03179	0.01084	0.01624	0.02463	0.01071	0.01932	0.01295	0.01637	0.00898	0.01038	0.00818	0.00557	0.00413	0.00143	0.00675	0.00346	0.00287	0.00818
53	0.81856	0.01250	0.00950	0.00850	0.01250	0.01449	0.00700	0.01899	0.01100	0.02899	0.00900	0.01050	0.00700	0.00600	0.00400	0.00200	0.00500	0.00350	0.00400	0.00700
54	0.02351	0.01757	0.01880	0.01465	0.01964	0.01954	0.01203	0.62693	0.11625	0.03902	0.01685	0.01658	0.01207	0.00788	0.00648	0.00197	0.00686	0.00600	0.00648	0.01089
55	0.01296	0.03342	0.73944	0.01842	0.02797	0.01501	0.02387	0.02046	0.01364	0.02046	0.01160	0.01364	0.00818	0.00614	0.00614	0.00205	0.00955	0.00477	0.00273	0.00955
56	0.01362	0.00649	0.00686	0.00653	0.00836	0.00635	0.00498	0.01659	0.01401	0.09053	0.02149	0.02389	0.01651	0.00757	0.00470	0.00155	0.00324	0.00607	0.73417	0.00649
57	0.00789	0.00647	0.00695	0.00701	0.00893	0.00553	0.00519	0.00969	0.01504	0.01864	0.16253	0.12593	0.56530	0.01625	0.00769	0.00220	0.00328	0.01378	0.00617	0.00553
58	0.00907	0.00660	0.00853	0.00805	0.00960	0.00606	0.00603	0.01204	0.01810	0.02547	0.69464	0.04899	0.09580	0.01337	0.00762	0.00204	0.00306	0.01179	0.00705	0.00606
59	0.02456	0.01810	0.01939	0.01487	0.02004	0.02004	0.01228	0.71107	0.03038	0.04072	0.01551	0.01551	0.01099	0.00776	0.00646	0.00194	0.00711	0.00582	0.00646	0.01099
60	0.00933	0.00672	0.00824	0.00778	0.00960	0.00602	0.00586	0.01196	0.01728	0.04539	0.51899	0.05141	0.24965	0.01395	0.00759	0.00207	0.00319	0.01208	0.00682	0.00607
61	0.01583	0.01631	0.06398	0.03854	0.69531	0.01533	0.02004	0.01986	0.01466	0.02107	0.01212	0.01587	0.01013	0.00578	0.00638	0.00193	0.00778	0.00571	0.00317	0.01020
62	0.06538	0.01428	0.01581	0.01250	0.01698	0.01515	0.01022	0.38147	0.06518	0.20018	0.03514	0.01898	0.01424	0.00788	0.00616	0.00192	0.00595	0.00610	0.09642	0.01007
63	0.01599	0.01535	0.02623	0.03966	0.73262	0.01535	0.01983	0.01983	0.01471	0.02111	0.01215	0.01599	0.01023	0.00576	0.00640	0.00192	0.00768	0.00576	0.00320	0.01023
64	0.00914	0.00660	0.00864	0.00813	0.00965	0.00610	0.00610	0.01219	0.01829	0.02591	0.72921	0.04827	0.06097	0.01321	0.00762	0.00203	0.00305	0.01169	0.00711	0.00610
65	0.00892	0.00660	0.00832	0.00789	0.00951	0.00600	0.00592	0.01176	0.01776	0.02465	0.63006	0.05034	0.16090	0.01368	0.00762	0.00205	0.00308	0.01198	0.00695	0.00600
66	0.01732	0.71501	0.06648	0.01160	0.01724	0.05103	0.01171	0.01963	0.01334	0.01547	0.00914	0.01057	0.00829	0.00560	0.00430	0.00142	0.00720	0.00354	0.00278	0.00832
67	0.01351	0.01320	0.01890	0.12045	0.02026	0.01808	0.01406	0.01530	0.01032	0.01555	0.00968	0.01606	0.00935	0.04127	0.04571	0.00314	0.59949	0.00586	0.00290	0.00692
68	0.01826	0.01479	0.01569	0.01357	0.01719	0.04436	0.01072	0.12685	0.48148	0.07938	0.02271	0.02188	0.01704	0.02252	0.00806	0.00224	0.06028	0.00684	0.00622	0.00994
69	0.00965	0.00683	0.00865	0.00850	0.00999	0.00635	0.00624	0.03408	0.01684	0.04030	0.44989	0.23112	0.11715	0.01500	0.00772	0.00219	0.00344	0.01326	0.00672	0.00610
70	0.01487	0.15763	0.46241	0.01611	0.02364	0.05188	0.01878	0.05687	0.06850	0.02073	0.01334	0.04353	0.01059	0.00690	0.00591	0.00194	0.00850	0.00530	0.00338	0.00919

[dist]
# distance from previous block
# <min> <max>
1	4

[block]
# block no. 1 follows, 34 sequences, length 31
# corresponding to MSA columns:
# 314-344
name=unknown_B
#
# <colnr> <probs for GDERKNQSTAVLIFYWHMCP>
#	G	D	E	R	K	N	Q	S	T	A	V	L	I	F	Y	W	H	M	C	P
0	0.01565	0.36456	0.37663	0.01489	0.02236	0.02006	0.01738	0.06558	0.01452	0.01945	0.01069	0.01230	0.00842	0.00597	0.00527	0.00174	0.00821	0.00425	0.00299	0.00908
1	0.00796	0.00569	0.00757	0.00894	0.00939	0.00531	0.00600	0.00921	0.01277	0.01713	0.08263	0.71987	0.04397	0.01977	0.00820	0.00258	0.00370	0.01792	0.00607	0.00531
2	0.00819	0.00627	0.00729	0.00760	0.00893	0.00561	0.00536	0.00981	0.01427	0.01843	0.18850	0.25413	0.33168	0.09176	0.01031	0.00268	0.00366	0.01413	0.00602	0.00538
3	0.01267	0.01694	0.17608	0.01896	0.05413	0.01286	0.25447	0.01735	0.01530	0.02169	0.22272	0.05179	0.02551	0.00880	0.00821	0.00216	0.05968	0.00837	0.00434	0.00796
4	0.00971	0.00696	0.00872	0.00817	0.00995	0.00643	0.00616	0.01305	0.04130	0.04414	0.59326	0.04870	0.15236	0.01336	0.00756	0.00206	0.00322	0.01167	0.00696	0.00628
5	0.07040	0.48386	0.21198	0.01291	0.01924	0.02148	0.01401	0.02060	0.05987	0.01827	0.01080	0.01212	0.00893	0.00593	0.00481	0.00165	0.00734	0.00405	0.00309	0.00865
6	0.00859	0.00649	0.00793	0.00776	0.00936	0.00583	0.00575	0.01104	0.01668	0.02256	0.47057	0.12436	0.24985	0.01481	0.00769	0.00213	0.00318	0.01291	0.00668	0.00583
7	0.01754	0.69912	0.06108	0.01171	0.01726	0.07152	0.01166	0.01981	0.01348	0.01545	0.00915	0.01058	0.00829	0.00563	0.00433	0.00143	0.00732	0.00355	0.00280	0.00829
8	0.00775	0.00652	0.00672	0.00673	0.00881	0.00549	0.00503	0.00947	0.01490	0.01801	0.11027	0.08334	0.66237	0.01627	0.00765	0.00219	0.00327	0.01365	0.00608	0.00549
9	0.02470	0.01221	0.01676	0.01306	0.01783	0.01159	0.06507	0.07506	0.12701	0.49215	0.05665	0.02275	0.01783	0.00814	0.00665	0.00204	0.00586	0.00691	0.00726	0.01047
10	0.73255	0.01396	0.01049	0.00931	0.01331	0.06437	0.00758	0.04749	0.01228	0.02857	0.00933	0.01078	0.00725	0.00611	0.00422	0.00197	0.00553	0.00364	0.00405	0.00719
11	0.01390	0.02037	0.22977	0.05713	0.02753	0.01632	0.27984	0.01875	0.01315	0.01891	0.01166	0.01592	0.00926	0.00912	0.04480	0.00268	0.19335	0.00621	0.00300	0.00834
12	0.01220	0.01148	0.01938	0.75739	0.04450	0.01436	0.01794	0.01651	0.01292	0.01651	0.01148	0.01723	0.00861	0.00646	0.00646	0.00215	0.00861	0.00574	0.00287	0.00718
13	0.01696	0.70296	0.07864	0.01160	0.01732	0.02456	0.01185	0.01993	0.03727	0.01594	0.00974	0.01104	0.00867	0.00568	0.00436	0.00145	0.00702	0.00367	0.00289	0.00844
14	0.01727	0.77681	0.03386	0.01106	0.01658	0.02557	0.01106	0.01935	0.01313	0.01520	0.00898	0.01036	0.00829	0.00553	0.00415	0.00138	0.00691	0.00345	0.00276	0.00829
15	0.02506	0.01731	0.01890	0.01449	0.01964	0.01886	0.01197	0.63529	0.02905	0.11837	0.01663	0.01624	0.01155	0.00778	0.00647	0.00195	0.00693	0.00589	0.00663	0.01099
16	0.01230	0.00964	0.01145	0.00967	0.01330	0.00816	0.00741	0.05043	0.03326	0.03882	0.04681	0.23504	0.06418	0.01088	0.00634	0.00171	0.00453	0.03000	0.00506	0.40101
17	0.00984	0.02602	0.08533	0.01103	0.01362	0.00831	0.06837	0.01278	0.03514	0.01822	0.08630	0.24507	0.19585	0.09707	0.01038	0.00276	0.00532	0.05715	0.00523	0.00621
18	0.00965	0.00713	0.00907	0.00849	0.01017	0.00682	0.00640	0.01380	0.06938	0.02599	0.67810	0.04651	0.05797	0.01289	0.00754	0.00204	0.00320	0.01137	0.00707	0.00640
19	0.01437	0.06145	0.44914	0.07287	0.02781	0.01617	0.10786	0.06529	0.05765	0.02149	0.01269	0.01501	0.00932	0.00649	0.00684	0.00207	0.03555	0.00540	0.00329	0.00926
20	0.06884	0.01733	0.05263	0.01418	0.01907	0.01835	0.01196	0.44605	0.22241	0.03519	0.01796	0.01754	0.01307	0.00786	0.00633	0.00202	0.00654	0.00605	0.00617	0.01047
21	0.00917	0.00704	0.00805	0.00854	0.01026	0.00664	0.00653	0.01235	0.07011	0.01881	0.04677	0.21874	0.34217	0.01627	0.00769	0.00238	0.00399	0.13415	0.06441	0.00592
22	0.02038	0.01443	0.01570	0.01316	0.01725	0.03363	0.01054	0.24463	0.30010	0.14679	0.04609	0.04764	0.01878	0.00910	0.00668	0.00210	0.00589	0.03036	0.00667	0.01008
23	0.02471	0.01786	0.01924	0.01475	0.01992	0.01969	0.01219	0.68839	0.02998	0.06396	0.01585	0.01573	0.01116	0.00776	0.00646	0.00194	0.00706	0.00584	0.00651	0.01099
24	0.00820	0.00591	0.00764	0.00884	0.00944	0.00553	0.00608	0.00948	0.01269	0.01677	0.05932	0.58263	0.09328	0.07961	0.01020	0.00289	0.00405	0.06634	0.00586	0.00524
25	0.00831	0.00588	0.00751	0.00858	0.00902	0.00557	0.00569	0.00934	0.01212	0.01613	0.05699	0.54767	0.06220	0.17464	0.01330	0.00335	0.00430	0.03876	0.00561	0.00503
26	0.05354	0.02383	0.01878	0.11455	0.08172	0.43733	0.01353	0.09532	0.04274	0.01986	0.01143	0.01361	0.00915	0.00686	0.00644	0.00185	0.03285	0.00480	0.00371	0.00811
27	0.01624	0.01815	0.07053	0.19574	0.41764	0.13206	0.01850	0.02008	0.01481	0.01919	0.01162	0.01542	0.00943	0.00608	0.00630	0.00194	0.00865	0.00543	0.00311	0.00906
28	0.00959	0.00654	0.00844	0.00838	0.00981	0.00597	0.00612	0.01196	0.01638	0.05562	0.44924	0.24371	0.11356	0.01516	0.00774	0.00220	0.00337	0.01343	0.00675	0.00604
29	0.00938	0.00614	0.00812	0.00907	0.00995	0.00574	0.00629	0.01071	0.01284	0.06532	0.03601	0.61467	0.09201	0.02098	0.05690	0.00306	0.00473	0.01644	0.00597	0.00569
30	0.03094	0.03516	0.12119	0.08586	0.22384	0.03944	0.06227	0.06497	0.03728	0.06778	0.06422	0.10452	0.01744	0.00841	0.00664	0.00206	0.00729	0.00753	0.00433	0.00881

[dist]
# distance from previous block
# <min> <max>
0	4

[block]
# block no. 2 follows, 34 sequences, length 111
# corresponding to MSA columns:
# 349-459
name=unknown_C
#
# <colnr> <probs for GDERKNQSTAVLIFYWHMCP>
#	G	D	E	R	K	N	Q	S	T	A	V	L	I	F	Y	W	H	M	C	P
0	0.27729	0.05937	0.01776	0.01455	0.04267	0.10845	0.08999	0.04674	0.23506	0.02508	0.01531	0.01603	0.01177	0.00690	0.00562	0.00200	0.00682	0.00539	0.00462	0.00858
1	0.00816	0.00649	0.00712	0.00718	0.00889	0.00569	0.00524	0.00987	0.01460	0.01831	0.16568	0.10556	0.48089	0.09476	0.01034	0.00264	0.00366	0.03357	0.00596	0.00540
2	0.01755	0.57662	0.10809	0.01276	0.01826	0.11412	0.01273	0.02014	0.01372	0.01586	0.00937	0.01101	0.00829	0.00594	0.00516	0.00154	0.03395	0.00376	0.00283	0.00829
3	0.01505	0.01277	0.01916	0.05970	0.06923	0.01364	0.13321	0.10463	0.12262	0.05109	0.10913	0.05324	0.04258	0.01010	0.00849	0.00227	0.07245	0.08709	0.00523	0.00833
4	0.07238	0.07032	0.12098	0.02036	0.19121	0.03971	0.01502	0.26333	0.02011	0.08114	0.01442	0.01678	0.01105	0.00707	0.00614	0.00194	0.00742	0.02596	0.00475	0.00990
5	0.01864	0.01670	0.02417	0.09296	0.37394	0.08000	0.08450	0.13309	0.01774	0.07546	0.01351	0.01622	0.01042	0.00635	0.00649	0.00195	0.00817	0.00586	0.00407	0.00976
6	0.00787	0.00562	0.00750	0.00900	0.00937	0.00525	0.00600	0.00900	0.01237	0.01649	0.03561	0.76871	0.04274	0.02024	0.00825	0.00262	0.00375	0.01837	0.00600	0.00525
7	0.01367	0.01370	0.02523	0.26204	0.07641	0.01476	0.26767	0.01900	0.06393	0.01918	0.01504	0.02232	0.01252	0.00911	0.03817	0.00259	0.05190	0.06122	0.00357	0.00798
8	0.00787	0.00562	0.00750	0.00900	0.00937	0.00525	0.00600	0.00900	0.01237	0.01649	0.03561	0.76871	0.04274	0.02024	0.00825	0.00262	0.00375	0.01837	0.00600	0.00525
9	0.01607	0.01388	0.01461	0.01315	0.01680	0.01607	0.01023	0.03433	0.72094	0.02703	0.02630	0.02411	0.01972	0.00877	0.00657	0.00219	0.00511	0.00731	0.00657	0.01023
10	0.01546	0.01602	0.05986	0.09360	0.51223	0.01542	0.09673	0.02075	0.06644	0.02109	0.01322	0.01674	0.01065	0.00602	0.00654	0.00199	0.00801	0.00603	0.00341	0.00978
11	0.01490	0.01424	0.02426	0.24575	0.53503	0.01507	0.01929	0.01888	0.01420	0.01979	0.01196	0.01635	0.00977	0.00596	0.00641	0.00199	0.00795	0.00575	0.00310	0.00936
12	0.00943	0.00722	0.01077	0.01065	0.01176	0.00855	0.00832	0.01170	0.01036	0.01502	0.01695	0.02492	0.01584	0.04694	0.71767	0.01008	0.04767	0.00687	0.00344	0.00582
13	0.06987	0.01724	0.01850	0.01425	0.01934	0.01893	0.01177	0.62055	0.02838	0.09264	0.01590	0.01572	0.01114	0.00768	0.00633	0.00195	0.00687	0.00574	0.00644	0.01076
14	0.00940	0.00626	0.00705	0.00705	0.00705	0.00626	0.00392	0.00940	0.00940	0.01253	0.02036	0.04228	0.02349	0.77292	0.03289	0.00626	0.00626	0.00940	0.00392	0.00392
15	0.01594	0.01550	0.02709	0.03876	0.68178	0.01542	0.06997	0.01989	0.01475	0.02108	0.01222	0.01610	0.01020	0.00573	0.00649	0.00194	0.00791	0.00589	0.00320	0.01012
16	0.00778	0.00597	0.00714	0.00807	0.00913	0.00533	0.00558	0.00910	0.01326	0.01686	0.04693	0.50067	0.30347	0.01877	0.00802	0.00246	0.00357	0.01657	0.00600	0.00533
17	0.00992	0.00695	0.00872	0.00854	0.00915	0.00744	0.00573	0.03698	0.01055	0.01449	0.01908	0.03520	0.02038	0.48389	0.28807	0.00758	0.01026	0.00837	0.00385	0.00485
18	0.00806	0.00654	0.00715	0.00705	0.00900	0.00563	0.00527	0.01008	0.01566	0.01978	0.24888	0.07637	0.52679	0.01559	0.00765	0.00215	0.00322	0.01322	0.00631	0.00563
19	0.01727	0.77681	0.03386	0.01106	0.01658	0.02557	0.01106	0.01935	0.01313	0.01520	0.00898	0.01036	0.00829	0.00553	0.00415	0.00138	0.00691	0.00345	0.00276	0.00829
20	0.00965	0.00674	0.00868	0.00811	0.00980	0.00615	0.00611	0.01258	0.01802	0.04771	0.65557	0.04851	0.11138	0.01329	0.00759	0.00204	0.00314	0.01167	0.00705	0.00620
21	0.00787	0.00562	0.00750	0.00900	0.00937	0.00525	0.00600	0.00900	0.01237	0.01649	0.03561	0.76871	0.04274	0.02024	0.00825	0.00262	0.00375	0.01837	0.00600	0.00525
22	0.00903	0.00657	0.00850	0.00808	0.00960	0.00604	0.00603	0.01195	0.01792	0.02519	0.67411	0.07170	0.09386	0.01359	0.00764	0.00206	0.00308	0.01199	0.00702	0.00604
23	0.00782	0.00602	0.00715	0.00800	0.00912	0.00536	0.00557	0.00921	0.01349	0.01717	0.06910	0.46533	0.31657	0.01848	0.00798	0.00243	0.00354	0.01628	0.00603	0.00536
24	0.02330	0.01597	0.01731	0.01345	0.01814	0.01738	0.01105	0.56669	0.02725	0.09424	0.01703	0.01714	0.01211	0.00775	0.00621	0.00189	0.00645	0.00590	0.11039	0.01035
25	0.02340	0.01779	0.01852	0.01451	0.01937	0.04435	0.01187	0.60546	0.09161	0.03813	0.01646	0.01641	0.01185	0.00780	0.00639	0.00194	0.00696	0.00590	0.03062	0.01065
26	0.01540	0.01404	0.01634	0.01618	0.09779	0.13770	0.06129	0.07823	0.01478	0.04188	0.01539	0.02095	0.01341	0.07121	0.25914	0.00505	0.04146	0.00630	0.06610	0.00737
27	0.02397	0.01753	0.01876	0.01445	0.01945	0.01938	0.01191	0.67819	0.02958	0.03994	0.01578	0.01592	0.01125	0.00775	0.00637	0.00192	0.00692	0.00583	0.04437	0.01075
28	0.01448	0.01451	0.01537	0.01393	0.01534	0.16039	0.01108	0.04798	0.01274	0.01653	0.01296	0.01861	0.01191	0.02642	0.33422	0.00585	0.25163	0.00592	0.00337	0.00677
29	0.01340	0.01148	0.01340	0.00957	0.01531	0.00861	0.00766	0.01627	0.01340	0.02105	0.01148	0.01340	0.00957	0.00479	0.00479	0.00096	0.00479	0.00383	0.00383	0.81242
30	0.04379	0.00728	0.00885	0.00851	0.01042	0.00678	0.00635	0.01382	0.03738	0.09176	0.34554	0.19434	0.17210	0.01430	0.00746	0.00218	0.00361	0.01245	0.00662	0.00644
31	0.02311	0.01738	0.01857	0.01457	0.01948	0.01936	0.01193	0.59520	0.14862	0.03838	0.01736	0.01698	0.01248	0.00793	0.00648	0.00198	0.00677	0.00607	0.00648	0.01086
32	0.00839	0.00610	0.00806	0.00926	0.01003	0.00561	0.00644	0.00976	0.01263	0.01698	0.03413	0.67029	0.04041	0.01918	0.00811	0.00256	0.00398	0.07117	0.00587	0.05103
33	0.00764	0.00655	0.00655	0.00655	0.00873	0.00545	0.00491	0.00927	0.01473	0.01745	0.06546	0.06218	0.73000	0.01636	0.00764	0.00218	0.00327	0.01364	0.00600	0.00545
34	0.02456	0.01810	0.01939	0.01487	0.02004	0.02004	0.01228	0.71107	0.03038	0.04072	0.01551	0.01551	0.01099	0.00776	0.00646	0.00194	0.00711	0.00582	0.00646	0.01099
35	0.00941	0.00638	0.00758	0.00793	0.00818	0.00635	0.00505	0.00995	0.01046	0.01387	0.02372	0.10984	0.02717	0.59662	0.02723	0.00546	0.00600	0.11006	0.00439	0.00433
36	0.18288	0.01211	0.01436	0.01131	0.01609	0.01177	0.00932	0.09919	0.04042	0.50411	0.02126	0.01914	0.01383	0.00760	0.00601	0.00200	0.00555	0.00587	0.00701	0.01019
37	0.00796	0.00662	0.00700	0.00708	0.00916	0.00566	0.00542	0.00981	0.01500	0.01823	0.11260	0.06197	0.62636	0.01624	0.00774	0.00223	0.00346	0.06583	0.00608	0.00554
38	0.00943	0.00698	0.00982	0.00973	0.01055	0.00798	0.00720	0.01111	0.01011	0.01438	0.01781	0.02937	0.01780	0.23361	0.54066	0.00909	0.03794	0.00752	0.00356	0.00533
39	0.02309	0.01636	0.01774	0.01390	0.01861	0.01795	0.01133	0.54650	0.09865	0.08842	0.01768	0.01815	0.01289	0.03846	0.00748	0.00213	0.00665	0.00617	0.02733	0.01050
40	0.02862	0.01160	0.01537	0.01178	0.01679	0.01039	0.00973	0.08898	0.01950	0.67818	0.02465	0.02144	0.01557	0.00798	0.00649	0.00199	0.00563	0.00644	0.00787	0.01100
41	0.00792	0.00566	0.00754	0.00896	0.00938	0.00528	0.00600	0.00912	0.01261	0.01687	0.06334	0.73990	0.04346	0.01996	0.00822	0.00260	0.00372	0.01810	0.00604	0.00528
42	0.02197	0.02580	0.02051	0.02273	0.21189	0.50183	0.01445	0.06957	0.01814	0.01889	0.01094	0.01308	0.00901	0.00649	0.00602	0.00175	0.01028	0.00470	0.00350	0.00846
43	0.02317	0.01736	0.01768	0.01413	0.01878	0.07605	0.01145	0.45496	0.14457	0.10468	0.01804	0.01754	0.01291	0.00786	0.00638	0.00195	0.00686	0.00601	0.02919	0.01044
44	0.01607	0.01388	0.01461	0.01315	0.01680	0.01607	0.01023	0.03433	0.72094	0.02703	0.02630	0.02411	0.01972	0.00877	0.00657	0.00219	0.00511	0.00731	0.00657	0.01023
45	0.01224	0.01006	0.01643	0.01426	0.03329	0.01056	0.14815	0.05213	0.06458	0.01823	0.01692	0.04356	0.01528	0.07276	0.30683	0.11030	0.01134	0.00727	0.02924	0.00657
46	0.00787	0.00562	0.00750	0.00900	0.00937	0.00525	0.00600	0.00900	0.01237	0.01649	0.03561	0.76871	0.04274	0.02024	0.00825	0.00262	0.00375	0.01837	0.00600	0.00525
47	0.01340	0.01148	0.01340	0.00957	0.01531	0.00861	0.00766	0.01627	0.01340	0.02105	0.01148	0.01340	0.00957	0.00479	0.00479	0.00096	0.00479	0.00383	0.00383	0.81242
48	0.01600	0.01518	0.02490	0.03662	0.65060	0.01543	0.01873	0.02149	0.09563	0.02179	0.01377	0.01692	0.01132	0.00610	0.00642	0.00195	0.00738	0.00593	0.00359	0.01023
49	0.00786	0.00568	0.00744	0.00886	0.00933	0.00526	0.00594	0.00901	0.01251	0.01655	0.03733	0.72804	0.08229	0.02002	0.00821	0.00260	0.00372	0.01810	0.00600	0.00526
50	0.00830	0.00657	0.00746	0.00724	0.00913	0.00574	0.00543	0.01056	0.01629	0.02117	0.35701	0.05607	0.43612	0.01498	0.00763	0.00212	0.00317	0.01278	0.00649	0.00574
51	0.02456	0.01810	0.01939	0.01487	0.02004	0.02004	0.01228	0.71107	0.03038	0.04072	0.01551	0.01551	0.01099	0.00776	0.00646	0.00194	0.00711	0.00582	0.00646	0.01099
52	0.10320	0.01891	0.01724	0.01392	0.01846	0.16680	0.01122	0.39769	0.02402	0.11869	0.01512	0.01528	0.01083	0.00738	0.00603	0.00188	0.00751	0.00534	0.03077	0.00972
53	0.01158	0.14145	0.05564	0.01191	0.08107	0.01116	0.00826	0.01298	0.01090	0.01453	0.01679	0.03085	0.01795	0.44769	0.09739	0.00518	0.00784	0.00750	0.00353	0.00580
54	0.01727	0.77681	0.03386	0.01106	0.01658	0.02557	0.01106	0.01935	0.01313	0.01520	0.00898	0.01036	0.00829	0.00553	0.00415	0.00138	0.00691	0.00345	0.00276	0.00829
55	0.01727	0.77681	0.03386	0.01106	0.01658	0.02557	0.01106	0.01935	0.01313	0.01520	0.00898	0.01036	0.00829	0.00553	0.00415	0.00138	0.00691	0.00345	0.00276	0.00829
56	0.00786	0.00566	0.00746	0.00889	0.00934	0.00526	0.00595	0.00901	0.01247	0.01654	0.03690	0.73818	0.07243	0.02008	0.00822	0.00260	0.00373	0.01816	0.00600	0.00526
57	0.01385	0.12541	0.55538	0.01925	0.06032	0.01648	0.08159	0.02031	0.01377	0.01985	0.01142	0.01367	0.00844	0.00598	0.00603	0.00197	0.00924	0.00490	0.00280	0.00935
58	0.00906	0.00660	0.00852	0.00804	0.00960	0.00606	0.00603	0.01203	0.01809	0.02543	0.69161	0.04905	0.09886	0.01339	0.00762	0.00204	0.00306	0.01180	0.00705	0.00606
59	0.01601	0.07160	0.57251	0.01679	0.02531	0.01464	0.02063	0.02233	0.01446	0.14576	0.01388	0.01492	0.00956	0.00643	0.00609	0.00200	0.00869	0.00500	0.00365	0.00973
60	0.01280	0.03233	0.70961	0.01800	0.02722	0.01464	0.02315	0.02012	0.01383	0.02068	0.04089	0.01506	0.01034	0.00643	0.00620	0.00205	0.00928	0.00506	0.00291	0.00941
61	0.00791	0.00566	0.00758	0.00904	0.00943	0.00533	0.00606	0.00907	0.01232	0.01645	0.03511	0.74815	0.04200	0.02102	0.02868	0.00284	0.00412	0.01805	0.00593	0.00526
62	0.01340	0.01148	0.01340	0.00957	0.01531	0.00861	0.00766	0.01627	0.01340	0.02105	0.01148	0.01340	0.00957	0.00479	0.00479	0.00096	0.00479	0.00383	0.00383	0.81242
63	0.01422	0.01185	0.01316	0.01257	0.01551	0.01337	0.00996	0.02785	0.51312	0.02456	0.02873	0.08906	0.02526	0.01161	0.00722	0.00240	0.00520	0.15903	0.00639	0.00892
64	0.00940	0.00626	0.00705	0.00705	0.00705	0.00626	0.00392	0.00940	0.00940	0.01253	0.02036	0.04228	0.02349	0.77292	0.03289	0.00626	0.00626	0.00940	0.00392	0.00392
65	0.01441	0.08066	0.02102	0.01645	0.01693	0.02029	0.01387	0.01588	0.01018	0.01552	0.00853	0.01381	0.00847	0.01080	0.01972	0.00270	0.69531	0.00546	0.00282	0.00717
66	0.01727	0.77681	0.03386	0.01106	0.01658	0.02557	0.01106	0.01935	0.01313	0.01520	0.00898	0.01036	0.00829	0.00553	0.00415	0.00138	0.00691	0.00345	0.00276	0.00829
67	0.01044	0.00771	0.01115	0.01075	0.01186	0.00913	0.00838	0.01256	0.01063	0.03799	0.01697	0.02506	0.01581	0.08322	0.58742	0.00885	0.09053	0.00689	0.02867	0.00597
68	0.01727	0.77681	0.03386	0.01106	0.01658	0.02557	0.01106	0.01935	0.01313	0.01520	0.00898	0.01036	0.00829	0.00553	0.00415	0.00138	0.00691	0.00345	0.00276	0.00829
69	0.00889	0.00630	0.00845	0.00980	0.01051	0.00609	0.00730	0.01053	0.01293	0.01708	0.03365	0.46079	0.03897	0.09279	0.01088	0.00310	0.00474	0.24606	0.00578	0.00536
70	0.01139	0.01106	0.09580	0.01008	0.01304	0.00867	0.00890	0.07484	0.03765	0.03891	0.47597	0.04197	0.10632	0.01207	0.00733	0.00206	0.00436	0.02607	0.00642	0.00707
71	0.01627	0.01603	0.02415	0.05763	0.58523	0.06857	0.01805	0.02023	0.03179	0.02071	0.01226	0.01570	0.01022	0.00584	0.00624	0.00184	0.00771	0.00553	0.00333	0.07267
72	0.00794	0.00565	0.00748	0.00891	0.00927	0.00529	0.00591	0.00901	0.01224	0.01632	0.03495	0.73732	0.04190	0.05277	0.00931	0.00278	0.00386	0.01798	0.00591	0.00519
73	0.01666	0.25951	0.28823	0.01733	0.05664	0.08148	0.08427	0.04116	0.03413	0.04664	0.01186	0.01359	0.00918	0.00610	0.00569	0.00181	0.00861	0.00480	0.00328	0.00905
74	0.01021	0.00679	0.00845	0.00828	0.00997	0.00613	0.00615	0.01241	0.01591	0.07828	0.33563	0.17758	0.21090	0.04599	0.00873	0.00238	0.00367	0.03991	0.00654	0.00609
75	0.01842	0.26866	0.07688	0.04795	0.14989	0.14468	0.01396	0.12279	0.01704	0.02115	0.02939	0.01427	0.01064	0.00643	0.00553	0.00171	0.00794	0.00482	0.02904	0.00883
76	0.01495	0.01067	0.01262	0.00992	0.01416	0.00933	0.00787	0.08637	0.04526	0.10412	0.19893	0.02661	0.06493	0.00839	0.00610	0.00156	0.00458	0.00701	0.00562	0.36099
77	0.01340	0.01148	0.01340	0.00957	0.01531	0.00861	0.00766	0.01627	0.01340	0.02105	0.01148	0.01340	0.00957	0.00479	0.00479	0.00096	0.00479	0.00383	0.00383	0.81242
78	0.00803	0.00581	0.00760	0.00874	0.00937	0.00537	0.00595	0.00945	0.01331	0.01782	0.13120	0.63089	0.08439	0.01907	0.00813	0.00252	0.00363	0.01719	0.00615	0.00537
79	0.00870	0.00635	0.00821	0.00846	0.00970	0.00586	0.00621	0.01103	0.01599	0.02193	0.42066	0.26819	0.11433	0.01588	0.00789	0.00228	0.00345	0.05251	0.00661	0.00577
80	0.00940	0.00626	0.00705	0.00705	0.00705	0.00626	0.00392	0.00940	0.00940	0.01253	0.02036	0.04228	0.02349	0.77292	0.03289	0.00626	0.00626	0.00940	0.00392	0.00392
81	0.01148	0.00935	0.01052	0.01001	0.01231	0.00985	0.00754	0.02009	0.29692	0.02363	0.24197	0.14669	0.14786	0.01297	0.00730	0.00221	0.00401	0.01123	0.00656	0.00752
82	0.00999	0.00674	0.00861	0.00901	0.01011	0.00646	0.00631	0.01268	0.05820	0.05859	0.21641	0.43328	0.04312	0.07718	0.00985	0.00270	0.00395	0.01455	0.00627	0.00599
83	0.07026	0.01088	0.01434	0.01112	0.01594	0.00959	0.00916	0.02986	0.01793	0.66816	0.02634	0.02311	0.04637	0.00825	0.00641	0.00201	0.00538	0.00665	0.00770	0.01054
84	0.00816	0.00650	0.00731	0.00724	0.00908	0.00566	0.00538	0.01024	0.01577	0.02024	0.28704	0.10428	0.45915	0.01556	0.00767	0.00216	0.00323	0.01329	0.00637	0.00566
85	0.00930	0.00653	0.00809	0.00770	0.00930	0.00601	0.00577	0.01217	0.01732	0.02470	0.56910	0.04715	0.13548	0.01293	0.00727	0.00199	0.00307	0.01127	0.09884	0.00601
86	0.70978	0.05602	0.01220	0.01110	0.06960	0.01519	0.00824	0.01908	0.01141	0.02759	0.00925	0.01092	0.00733	0.00595	0.00420	0.00196	0.00532	0.00367	0.00387	0.00733
87	0.01878	0.43144	0.05108	0.01653	0.08869	0.22160	0.05251	0.02128	0.01484	0.01642	0.00988	0.01177	0.00857	0.00587	0.00509	0.00158	0.00859	0.00415	0.00299	0.00832
88	0.04540	0.02820	0.01758	0.01584	0.01919	0.64353	0.01196	0.06360	0.01879	0.01816	0.05101	0.01391	0.01142	0.00707	0.00591	0.00171	0.01072	0.00466	0.00374	0.00760
89	0.00918	0.00664	0.00804	0.00793	0.00967	0.00593	0.00594	0.01147	0.01615	0.04613	0.35450	0.14343	0.29508	0.01521	0.00772	0.00219	0.00341	0.03888	0.00656	0.00593
90	0.00841	0.00619	0.00717	0.00756	0.00846	0.00571	0.00502	0.00950	0.01266	0.01637	0.10299	0.25948	0.24343	0.25933	0.01589	0.00360	0.00435	0.01347	0.00543	0.00496
91	0.00883	0.00656	0.00831	0.00859	0.01004	0.00604	0.00656	0.01125	0.01597	0.02146	0.35777	0.18010	0.18923	0.01585	0.00795	0.00232	0.00370	0.12714	0.00650	0.00579
92	0.01727	0.77681	0.03386	0.01106	0.01658	0.02557	0.01106	0.01935	0.01313	0.01520	0.00898	0.01036	0.00829	0.00553	0.00415	0.00138	0.00691	0.00345	0.00276	0.00829
93	0.01602	0.01140	0.01367	0.00989	0.01551	0.00876	0.00797	0.01883	0.01426	0.14144	0.01384	0.01484	0.01065	0.00533	0.00507	0.00113	0.00491	0.00428	0.00453	0.67768
94	0.02674	0.04892	0.01684	0.01232	0.01730	0.01297	0.01023	0.18252	0.05949	0.50877	0.02253	0.02012	0.01472	0.00787	0.00638	0.00197	0.00590	0.00625	0.00733	0.01082
95	0.02451	0.01214	0.01519	0.01204	0.01623	0.01195	0.00973	0.19284	0.01993	0.43886	0.02232	0.05400	0.01623	0.06599	0.02913	0.00258	0.03240	0.00704	0.00694	0.00995
96	0.02211	0.02529	0.12800	0.01583	0.02059	0.35958	0.01384	0.19472	0.02041	0.07512	0.01410	0.01713	0.01115	0.00758	0.00626	0.00189	0.00944	0.04364	0.00450	0.00884
97	0.01296	0.03342	0.73944	0.01842	0.02797	0.01501	0.02387	0.02046	0.01364	0.02046	0.01160	0.01364	0.00818	0.00614	0.00614	0.00205	0.00955	0.00477	0.00273	0.00955
98	0.02226	0.05888	0.01811	0.01340	0.01803	0.01775	0.01107	0.48523	0.08906	0.08664	0.01735	0.01744	0.01259	0.00879	0.02562	0.00212	0.00673	0.00591	0.07280	0.01022
99	0.06012	0.16432	0.44168	0.01573	0.03743	0.01610	0.01805	0.04353	0.01416	0.04906	0.01442	0.05403	0.03046	0.00716	0.00584	0.00195	0.00805	0.00554	0.00342	0.00896
100	0.00908	0.00660	0.00855	0.00806	0.00961	0.00607	0.00605	0.01207	0.01814	0.02555	0.70053	0.04887	0.08988	0.01335	0.00762	0.00204	0.00306	0.01177	0.00706	0.00607
101	0.02705	0.01259	0.01571	0.01211	0.01699	0.01205	0.00998	0.20610	0.02133	0.52368	0.02271	0.02042	0.01473	0.00791	0.00640	0.00196	0.00580	0.00630	0.04544	0.01076
102	0.02219	0.12712	0.01951	0.01457	0.01839	0.43743	0.01152	0.15979	0.01957	0.02142	0.01196	0.01338	0.00960	0.00680	0.00561	0.00167	0.00932	0.00456	0.07744	0.00816
103	0.02451	0.02865	0.01813	0.01617	0.01973	0.65321	0.01226	0.06404	0.01899	0.06965	0.01142	0.01262	0.00903	0.00682	0.00591	0.00170	0.01095	0.00442	0.00384	0.00794
104	0.74695	0.01267	0.01018	0.00891	0.01301	0.01450	0.00734	0.04949	0.01219	0.06295	0.01006	0.01126	0.00760	0.00617	0.00422	0.00200	0.00511	0.00374	0.00429	0.00736
105	0.00787	0.00583	0.00735	0.00851	0.00926	0.00531	0.00579	0.00915	0.01300	0.01696	0.06219	0.61301	0.17359	0.01930	0.00811	0.00252	0.00364	0.01727	0.00603	0.00531
106	0.00804	0.00630	0.00730	0.00771	0.00921	0.00556	0.00560	0.00980	0.01462	0.01865	0.16828	0.27563	0.38696	0.01705	0.00786	0.00231	0.00346	0.03395	0.00619	0.00551
107	0.00825	0.00644	0.00749	0.00751	0.00918	0.00567	0.00552	0.01036	0.01576	0.02058	0.31716	0.15841	0.37314	0.01571	0.00772	0.00219	0.00325	0.01356	0.00643	0.00567
108	0.01760	0.01464	0.01547	0.01346	0.01738	0.01678	0.01060	0.15604	0.59676	0.02949	0.02436	0.02256	0.01815	0.00858	0.00655	0.00215	0.00547	0.00704	0.00655	0.01036
109	0.01122	0.00561	0.00842	0.00842	0.00842	0.00561	0.00561	0.00842	0.00842	0.01122	0.01122	0.01964	0.01122	0.02245	0.02525	0.81201	0.00561	0.00561	0.00281	0.00281
110	0.01850	0.01490	0.01578	0.01325	0.01645	0.06918	0.01062	0.34202	0.05674	0.02872	0.01844	0.07502	0.03478	0.01366	0.08762	0.00296	0.09336	0.00705	0.07225	0.00869

[dist]
# distance from previous block
# <min> <max>
0	2

[block]
# block no. 3 follows, 34 sequences, length 45
# corresponding to MSA columns:
# 462-506
name=unknown_D
#
# <colnr> <probs for GDERKNQSTAVLIFYWHMCP>
#	G	D	E	R	K	N	Q	S	T	A	V	L	I	F	Y	W	H	M	C	P
0	0.09561	0.17099	0.02320	0.01929	0.14103	0.31618	0.06125	0.02239	0.01553	0.04031	0.01071	0.01282	0.00886	0.00632	0.00602	0.00176	0.03148	0.00459	0.00338	0.00825
1	0.65833	0.08412	0.02940	0.00966	0.01387	0.07879	0.00823	0.01965	0.01188	0.02640	0.00914	0.01066	0.00726	0.00602	0.00422	0.00192	0.00585	0.00358	0.00380	0.00722
2	0.01547	0.01548	0.05019	0.11599	0.58486	0.01528	0.01914	0.02044	0.06085	0.02097	0.01299	0.01658	0.01061	0.00605	0.00641	0.00197	0.00768	0.00582	0.00337	0.00987
3	0.00986	0.00707	0.00851	0.00799	0.00995	0.00644	0.00604	0.01302	0.04406	0.05604	0.46455	0.05044	0.26438	0.01378	0.00753	0.00208	0.00331	0.01188	0.00679	0.00628
4	0.05868	0.00986	0.01134	0.05761	0.01467	0.01030	0.00836	0.05439	0.17943	0.07815	0.18985	0.03831	0.17635	0.01138	0.00692	0.00213	0.00458	0.04572	0.03432	0.00764
5	0.04902	0.01336	0.01614	0.01241	0.01744	0.01305	0.01022	0.24483	0.03533	0.44725	0.02118	0.01923	0.01391	0.00772	0.00633	0.00193	0.00595	0.00608	0.00716	0.05147
6	0.01340	0.01148	0.01340	0.00957	0.01531	0.00861	0.00766	0.01627	0.01340	0.02105	0.01148	0.01340	0.00957	0.00479	0.00479	0.00096	0.00479	0.00383	0.00383	0.81242
7	0.00807	0.00651	0.00713	0.00722	0.00906	0.00565	0.00537	0.00991	0.01499	0.01873	0.17278	0.11282	0.51673	0.03971	0.00851	0.00235	0.00347	0.03935	0.00612	0.00552
8	0.01245	0.01174	0.01983	0.71011	0.08983	0.01442	0.01807	0.01673	0.01304	0.01681	0.01153	0.01715	0.00872	0.00641	0.00646	0.00214	0.00855	0.00574	0.00289	0.00738
9	0.01995	0.01650	0.01675	0.01403	0.01829	0.05692	0.01118	0.30876	0.40272	0.03199	0.02104	0.01995	0.01556	0.00824	0.00649	0.00206	0.00628	0.00653	0.00636	0.01039
10	0.00867	0.00660	0.00794	0.00813	0.00958	0.00609	0.00593	0.01123	0.03890	0.02042	0.28980	0.22975	0.24872	0.04492	0.00875	0.00242	0.00358	0.03649	0.00633	0.00575
11	0.35256	0.01196	0.01269	0.01034	0.01480	0.01221	0.00850	0.06511	0.03579	0.36114	0.01949	0.01829	0.03605	0.00746	0.00551	0.00201	0.00530	0.00549	0.00616	0.00914
12	0.00800	0.00576	0.00761	0.00904	0.00956	0.00537	0.00619	0.00924	0.01261	0.01669	0.03687	0.69983	0.07309	0.01994	0.00826	0.00262	0.00385	0.05417	0.00600	0.00530
13	0.02419	0.02910	0.01846	0.01641	0.01998	0.64974	0.01246	0.11747	0.01992	0.01915	0.01073	0.01217	0.00868	0.00681	0.00591	0.00170	0.01104	0.00438	0.00375	0.00796
14	0.06262	0.38384	0.18385	0.01393	0.01971	0.20336	0.01401	0.02119	0.01442	0.01728	0.00981	0.01142	0.00820	0.00597	0.00500	0.00163	0.00857	0.00392	0.00297	0.00830
15	0.01853	0.15157	0.07780	0.04322	0.01961	0.04337	0.01261	0.24333	0.19403	0.02672	0.01599	0.01718	0.01244	0.02944	0.00790	0.00210	0.06404	0.00572	0.00495	0.00944
16	0.05920	0.10085	0.01502	0.01168	0.01382	0.16703	0.00910	0.04073	0.01292	0.01650	0.01426	0.02180	0.01369	0.15359	0.26923	0.00556	0.05899	0.00606	0.00353	0.00644
17	0.01334	0.00937	0.01070	0.00967	0.01219	0.00964	0.00745	0.08210	0.17246	0.06555	0.28143	0.07686	0.09940	0.01141	0.00687	0.00204	0.00407	0.00973	0.10813	0.00761
18	0.01670	0.01762	0.08271	0.13076	0.41561	0.06722	0.01808	0.09343	0.05447	0.02244	0.01298	0.01605	0.01030	0.00632	0.00636	0.00196	0.00804	0.00565	0.00365	0.00964
19	0.79792	0.01264	0.00975	0.00866	0.01269	0.01464	0.00713	0.03699	0.01150	0.02929	0.00917	0.01063	0.00710	0.00604	0.00406	0.00200	0.00505	0.00356	0.00406	0.00710
20	0.00913	0.00629	0.00699	0.00703	0.00733	0.00613	0.00410	0.00937	0.01017	0.01328	0.02671	0.06225	0.11772	0.65456	0.02895	0.00564	0.00581	0.01017	0.00424	0.00415
21	0.01916	0.16864	0.02443	0.02065	0.17718	0.15014	0.06631	0.15947	0.04779	0.02290	0.01251	0.01457	0.01010	0.00674	0.00675	0.00184	0.05058	0.00524	0.02588	0.00910
22	0.01366	0.01116	0.01539	0.01159	0.01643	0.00912	0.09228	0.01662	0.01413	0.06322	0.05852	0.02341	0.04737	0.04950	0.00731	0.00169	0.00554	0.04244	0.00442	0.49621
23	0.04082	0.07942	0.08247	0.01842	0.09759	0.07088	0.11936	0.06424	0.08995	0.07846	0.01674	0.04797	0.03183	0.03736	0.00910	0.00225	0.09355	0.00664	0.00428	0.00866
24	0.01068	0.00894	0.01193	0.05319	0.01381	0.01032	0.00898	0.04861	0.01349	0.01851	0.09408	0.36794	0.09063	0.01556	0.01122	0.00252	0.19549	0.01275	0.00515	0.00622
25	0.00805	0.00589	0.00759	0.00874	0.00947	0.00543	0.00604	0.00948	0.01327	0.01754	0.09974	0.59430	0.12666	0.01907	0.00814	0.00253	0.00371	0.04286	0.00609	0.00537
