[name]
unknown

[dist]
# distance from previous block
# <min> <max>
0	34

[block]
# block no. 0 follows, 33 sequences, length 47
# corresponding to MSA columns:
# 34-80
name=unknown_A
#
# <colnr> <probs for GDERKNQSTAVLIFYWHMCP>
#	G	D	E	R	K	N	Q	S	T	A	V	L	I	F	Y	W	H	M	C	P
0	0.06144	0.09257	0.10063	0.01249	0.01686	0.07637	0.03310	0.04069	0.07501	0.02171	0.08476	0.03188	0.09645	0.00987	0.00653	0.00200	0.00646	0.10946	0.00479	0.11695
1	0.03952	0.04943	0.30011	0.04217	0.06764	0.10724	0.08453	0.05243	0.05330	0.09619	0.03577	0.01670	0.01185	0.00685	0.00638	0.00202	0.00879	0.00566	0.00405	0.00938
2	0.03446	0.13151	0.32460	0.01792	0.02470	0.09514	0.12014	0.02277	0.09835	0.02043	0.01310	0.01501	0.01001	0.00664	0.00677	0.00202	0.03854	0.00536	0.00344	0.00912
3	0.01798	0.10082	0.18488	0.01619	0.02268	0.03545	0.13813	0.09045	0.01681	0.12716	0.03535	0.01662	0.01196	0.00649	0.00618	0.00181	0.00782	0.00563	0.00441	0.15317
4	0.01686	0.16055	0.35136	0.01646	0.02323	0.17591	0.04564	0.02166	0.01541	0.04333	0.06020	0.01572	0.01240	0.00679	0.00600	0.00188	0.00919	0.00515	0.00343	0.00882
5	0.01529	0.01972	0.17977	0.12279	0.28376	0.01588	0.19739	0.04712	0.01529	0.02144	0.01255	0.01630	0.00969	0.00604	0.00680	0.00208	0.00918	0.00615	0.00326	0.00951
6	0.01519	0.01781	0.18950	0.01255	0.01926	0.01158	0.01235	0.08850	0.01564	0.04493	0.01258	0.01420	0.00975	0.00562	0.00544	0.00138	0.00632	0.00442	0.00403	0.50896
7	0.00934	0.00655	0.00841	0.00952	0.01038	0.00627	0.00661	0.01172	0.05739	0.04131	0.03654	0.64003	0.06895	0.01923	0.00823	0.00262	0.00403	0.04075	0.00621	0.00590
8	0.02095	0.04901	0.01827	0.01422	0.01883	0.01890	0.01155	0.38464	0.32780	0.03431	0.02030	0.01939	0.01495	0.00825	0.00653	0.00206	0.00635	0.00648	0.00647	0.01074
9	0.01039	0.00769	0.00907	0.00846	0.01068	0.00709	0.00640	0.01425	0.07688	0.05208	0.36378	0.08504	0.26144	0.01385	0.00754	0.00211	0.00357	0.01193	0.00668	0.04105
10	0.01717	0.55235	0.18849	0.01328	0.01973	0.04674	0.01426	0.04968	0.01442	0.01782	0.01006	0.01157	0.00854	0.00591	0.00483	0.00159	0.00780	0.00395	0.00299	0.00882
11	0.01411	0.07311	0.49982	0.02082	0.02945	0.01630	0.21241	0.02085	0.01432	0.02060	0.01208	0.01477	0.00880	0.00602	0.00656	0.00208	0.00995	0.00559	0.00293	0.00942
12	0.01320	0.03405	0.73453	0.01876	0.02849	0.01529	0.02432	0.02085	0.01390	0.02085	0.01181	0.01390	0.00834	0.00625	0.00625	0.00208	0.00973	0.00486	0.00278	0.00973
13	0.00940	0.00705	0.01058	0.01058	0.01176	0.00823	0.00823	0.01176	0.01058	0.01528	0.01763	0.02586	0.01646	0.04937	0.74255	0.01058	0.01763	0.00705	0.00353	0.00588
14	0.01558	0.41633	0.34900	0.01557	0.04484	0.02088	0.01742	0.02024	0.01366	0.01809	0.01045	0.01224	0.00846	0.00592	0.00521	0.00173	0.00827	0.00420	0.00281	0.00909
15	0.00802	0.00573	0.00764	0.00917	0.00955	0.00535	0.00611	0.00917	0.01260	0.01681	0.03628	0.76434	0.04354	0.02062	0.00840	0.00267	0.00382	0.01872	0.00611	0.00535
16	0.01144	0.00572	0.00858	0.00858	0.00858	0.00572	0.00572	0.00858	0.00858	0.01144	0.01144	0.02001	0.01144	0.02287	0.02573	0.80846	0.00572	0.00572	0.00286	0.00286
17	0.01592	0.01560	0.02400	0.07753	0.57014	0.06430	0.01823	0.01957	0.01530	0.02104	0.05967	0.04110	0.01461	0.00692	0.00662	0.00198	0.00772	0.00654	0.00360	0.00962
18	0.02396	0.01791	0.01916	0.01493	0.02001	0.01992	0.01226	0.62320	0.11510	0.03978	0.01716	0.01688	0.01229	0.00803	0.00660	0.00201	0.00699	0.00611	0.00660	0.01110
19	0.02459	0.03138	0.01866	0.01696	0.02035	0.74221	0.01272	0.02629	0.01866	0.01611	0.01018	0.01187	0.00848	0.00678	0.00594	0.00170	0.01187	0.00424	0.00339	0.00763
20	0.00932	0.00673	0.00880	0.00828	0.00984	0.00621	0.00621	0.01242	0.01863	0.02640	0.72410	0.04918	0.06212	0.01346	0.00776	0.00207	0.00311	0.01191	0.00725	0.00621
21	0.01445	0.01217	0.01408	0.01013	0.01594	0.00959	0.00813	0.06469	0.01486	0.02285	0.01199	0.01380	0.00985	0.00509	0.00499	0.00104	0.00504	0.00404	0.00409	0.75318
22	0.00847	0.00609	0.00811	0.00944	0.01012	0.00573	0.00672	0.01003	0.01346	0.01790	0.08409	0.59477	0.06658	0.01966	0.00844	0.00267	0.00407	0.11197	0.00618	0.00551
23	0.01029	0.00735	0.01025	0.01176	0.01314	0.00731	0.01006	0.01310	0.01484	0.01935	0.03503	0.15821	0.03858	0.01848	0.00901	0.00299	0.00579	0.60242	0.00607	0.00598
24	0.00940	0.00705	0.01058	0.01058	0.01176	0.00823	0.00823	0.01176	0.01058	0.01528	0.01763	0.02586	0.01646	0.04937	0.74255	0.01058	0.01763	0.00705	0.00353	0.00588
25	0.01712	0.69180	0.11109	0.01208	0.01817	0.02487	0.01269	0.01984	0.01343	0.01608	0.00944	0.01093	0.00844	0.00570	0.00445	0.00148	0.00733	0.00367	0.00281	0.00859
26	0.00957	0.00638	0.00718	0.00718	0.00718	0.00638	0.00399	0.00957	0.00957	0.01276	0.02074	0.04308	0.02393	0.76864	0.03351	0.00638	0.00638	0.00957	0.00399	0.00399
27	0.00932	0.00673	0.00880	0.00828	0.00984	0.00621	0.00621	0.01242	0.01863	0.02640	0.72410	0.04918	0.06212	0.01346	0.00776	0.00207	0.00311	0.01191	0.00725	0.00621
28	0.02503	0.01844	0.01976	0.01515	0.02042	0.02042	0.01251	0.70562	0.03095	0.04149	0.01581	0.01581	0.01120	0.00790	0.00659	0.00198	0.00724	0.00593	0.00659	0.01120
29	0.01320	0.03405	0.73453	0.01876	0.02849	0.01529	0.02432	0.02085	0.01390	0.02085	0.01181	0.01390	0.00834	0.00625	0.00625	0.00208	0.00973	0.00486	0.00278	0.00973
30	0.01637	0.01414	0.01489	0.01340	0.01712	0.01637	0.01042	0.03498	0.71568	0.02754	0.02679	0.02456	0.02010	0.00893	0.00670	0.00223	0.00521	0.00744	0.00670	0.01042
31	0.01583	0.01649	0.04541	0.33321	0.31547	0.09881	0.01842	0.04272	0.01515	0.01959	0.01194	0.01622	0.00947	0.00635	0.00647	0.00203	0.00873	0.00564	0.00323	0.00881
32	0.00802	0.00573	0.00764	0.00917	0.00955	0.00535	0.00611	0.00917	0.01260	0.01681	0.03628	0.76434	0.04354	0.02062	0.00840	0.00267	0.00382	0.01872	0.00611	0.00535
33	0.01435	0.01211	0.01311	0.01214	0.01518	0.01363	0.00929	0.02868	0.53530	0.02579	0.10101	0.12048	0.04839	0.01109	0.00705	0.00227	0.00476	0.00950	0.00666	0.00921
34	0.01144	0.00572	0.00858	0.00858	0.00858	0.00572	0.00572	0.00858	0.00858	0.01144	0.01144	0.02001	0.01144	0.02287	0.02573	0.80846	0.00572	0.00572	0.00286	0.00286
35	0.01365	0.01170	0.01365	0.00975	0.01560	0.00878	0.00780	0.01658	0.01365	0.02145	0.01170	0.01365	0.00975	0.00488	0.00488	0.00098	0.00488	0.00390	0.00390	0.80888
36	0.02372	0.01779	0.01902	0.01488	0.01992	0.01980	0.01220	0.60413	0.13458	0.03938	0.01747	0.01713	0.01254	0.00806	0.00660	0.00201	0.00694	0.00616	0.00660	0.01108
37	0.00802	0.00573	0.00764	0.00917	0.00955	0.00535	0.00611	0.00917	0.01260	0.01681	0.03628	0.76434	0.04354	0.02062	0.00840	0.00267	0.00382	0.01872	0.00611	0.00535
38	0.01723	0.01457	0.01537	0.01357	0.01744	0.01677	0.01063	0.10118	0.64809	0.02892	0.02571	0.02370	0.01922	0.00883	0.00669	0.00221	0.00541	0.00729	0.00669	0.01050
39	0.00917	0.00665	0.00803	0.00801	0.00967	0.00592	0.00588	0.01136	0.01617	0.04403	0.33446	0.19685	0.28802	0.01585	0.00786	0.00224	0.00341	0.01380	0.00665	0.00597
40	0.01484	0.02264	0.24737	0.02505	0.03263	0.01624	0.50004	0.02102	0.01505	0.02102	0.01287	0.01660	0.00949	0.00576	0.00732	0.00218	0.01069	0.00690	0.00316	0.00913
41	0.01144	0.00572	0.00858	0.00858	0.00858	0.00572	0.00572	0.00858	0.00858	0.01144	0.01144	0.02001	0.01144	0.02287	0.02573	0.80846	0.00572	0.00572	0.00286	0.00286
42	0.00845	0.00637	0.00903	0.01001	0.01059	0.00614	0.02966	0.00975	0.01263	0.01692	0.03475	0.71851	0.04145	0.01987	0.00875	0.00266	0.02502	0.01799	0.00593	0.00552
43	0.01365	0.01170	0.01365	0.00975	0.01560	0.00878	0.00780	0.01658	0.01365	0.02145	0.01170	0.01365	0.00975	0.00488	0.00488	0.00098	0.00488	0.00390	0.00390	0.80888
44	0.17925	0.13249	0.02077	0.01428	0.01871	0.03945	0.07746	0.17762	0.17127	0.02741	0.01492	0.01586	0.01152	0.00743	0.00696	0.00204	0.06302	0.00553	0.00484	0.00916
45	0.05150	0.13756	0.13258	0.01634	0.06622	0.16159	0.03675	0.15040	0.01816	0.02369	0.03984	0.01485	0.01136	0.00664	0.00581	0.00174	0.00814	0.00500	0.00404	0.10778
46	0.10078	0.07187	0.14531	0.01618	0.09893	0.03932	0.03119	0.05981	0.03593	0.09542	0.10641	0.04577	0.04045	0.00867	0.00678	0.00204	0.02731	0.02878	0.00480	0.03426

[dist]
# distance from previous block
# <min> <max>
1	9

[block]
# block no. 1 follows, 33 sequences, length 36
# corresponding to MSA columns:
# 90-125
name=unknown_B
#
# <colnr> <probs for GDERKNQSTAVLIFYWHMCP>
#	G	D	E	R	K	N	Q	S	T	A	V	L	I	F	Y	W	H	M	C	P
0	0.01655	0.07566	0.01599	0.08072	0.01775	0.01405	0.00996	0.25193	0.04922	0.04482	0.06330	0.14938	0.02151	0.10871	0.01019	0.00261	0.00617	0.00873	0.00547	0.04730
1	0.01633	0.01693	0.07644	0.01406	0.04069	0.15438	0.03501	0.06250	0.14679	0.05906	0.02625	0.12746	0.10954	0.01037	0.00675	0.00206	0.00680	0.00862	0.03772	0.04224
2	0.01389	0.01531	0.07709	0.39854	0.15021	0.01546	0.15147	0.01897	0.03382	0.01897	0.01246	0.01722	0.00956	0.00647	0.00727	0.00218	0.03339	0.00619	0.00315	0.00838
3	0.01554	0.01776	0.03885	0.02775	0.03441	0.01665	0.70366	0.02109	0.01554	0.02109	0.01332	0.01776	0.00999	0.00555	0.00777	0.00222	0.01110	0.00777	0.00333	0.00888
4	0.01505	0.04724	0.43230	0.04217	0.04947	0.04765	0.08371	0.07850	0.01529	0.02158	0.01217	0.01495	0.00918	0.00846	0.03716	0.00245	0.06478	0.00538	0.00324	0.00926
5	0.00865	0.00618	0.00836	0.00988	0.01054	0.00589	0.00720	0.01025	0.01322	0.01751	0.03594	0.59679	0.04217	0.02003	0.00857	0.00276	0.00436	0.18006	0.00610	0.00552
6	0.00789	0.00645	0.00697	0.00732	0.00908	0.00553	0.00531	0.00948	0.01456	0.01784	0.08136	0.22922	0.54116	0.01750	0.00793	0.00232	0.00344	0.01497	0.00615	0.00553
7	0.00821	0.00620	0.00741	0.00809	0.00916	0.00559	0.00558	0.00963	0.01376	0.01778	0.11685	0.39976	0.26574	0.08228	0.01027	0.00278	0.00381	0.01565	0.00605	0.00539
8	0.81514	0.01273	0.00968	0.00866	0.01273	0.01477	0.00713	0.01935	0.01120	0.02954	0.00917	0.01069	0.00713	0.00611	0.00407	0.00204	0.00509	0.00356	0.00407	0.00713
9	0.01637	0.01414	0.01489	0.01340	0.01712	0.01637	0.01042	0.03498	0.71568	0.02754	0.02679	0.02456	0.02010	0.00893	0.00670	0.00223	0.00521	0.00744	0.00670	0.01042
10	0.01352	0.01320	0.01842	0.01616	0.01621	0.01811	0.01325	0.01492	0.01043	0.01598	0.01248	0.11859	0.01349	0.01279	0.01977	0.00285	0.65201	0.00756	0.00333	0.00694
11	0.01637	0.01414	0.01489	0.01340	0.01712	0.01637	0.01042	0.03498	0.71568	0.02754	0.02679	0.02456	0.02010	0.00893	0.00670	0.00223	0.00521	0.00744	0.00670	0.01042
12	0.02466	0.01712	0.01871	0.01455	0.01964	0.01870	0.01195	0.55472	0.10103	0.12293	0.01817	0.01751	0.01274	0.00804	0.00660	0.00201	0.00683	0.00617	0.00679	0.01112
13	0.55686	0.17048	0.03110	0.00980	0.01411	0.01700	0.00867	0.01953	0.01193	0.04365	0.00995	0.01156	0.00798	0.00634	0.00499	0.00193	0.03807	0.00382	0.02469	0.00754
14	0.01450	0.08177	0.57642	0.01792	0.02649	0.04105	0.04800	0.02105	0.01416	0.04870	0.01244	0.01458	0.00907	0.00803	0.03609	0.00237	0.00983	0.00502	0.00307	0.00944
15	0.01320	0.03405	0.73453	0.01876	0.02849	0.01529	0.02432	0.02085	0.01390	0.02085	0.01181	0.01390	0.00834	0.00625	0.00625	0.00208	0.00973	0.00486	0.00278	0.00973
16	0.03426	0.09117	0.15935	0.01734	0.02349	0.03909	0.21819	0.02060	0.07294	0.02159	0.07205	0.01833	0.01451	0.00655	0.00634	0.00184	0.00797	0.00615	0.00391	0.16431
17	0.02403	0.09104	0.01993	0.01650	0.02007	0.68456	0.01260	0.02576	0.01823	0.01606	0.01009	0.01177	0.00848	0.00669	0.00580	0.00167	0.01148	0.00418	0.00335	0.00770
18	0.00940	0.00705	0.01058	0.01058	0.01176	0.00823	0.00823	0.01176	0.01058	0.01528	0.01763	0.02586	0.01646	0.04937	0.74255	0.01058	0.01763	0.00705	0.00353	0.00588
19	0.00813	0.00581	0.00773	0.00909	0.00957	0.00542	0.00612	0.00943	0.01310	0.01759	0.09259	0.70580	0.04506	0.02004	0.00835	0.00262	0.00376	0.01816	0.00620	0.00542
20	0.01629	0.01564	0.02672	0.04041	0.72757	0.01564	0.02020	0.02020	0.01499	0.02151	0.01238	0.01629	0.01043	0.00587	0.00652	0.00196	0.00782	0.00587	0.00326	0.01043
21	0.00821	0.00664	0.00700	0.00694	0.00879	0.00575	0.00502	0.00984	0.01476	0.01821	0.14319	0.05895	0.55082	0.11383	0.01112	0.00274	0.00370	0.01308	0.00598	0.00544
22	0.05926	0.01126	0.01507	0.01160	0.01665	0.00987	0.00958	0.03160	0.01855	0.70555	0.02534	0.02196	0.01595	0.00807	0.00652	0.00204	0.00558	0.00650	0.00799	0.01105
23	0.02370	0.01688	0.13191	0.01379	0.01942	0.01391	0.01272	0.19735	0.10048	0.34516	0.04166	0.02043	0.01552	0.00803	0.00660	0.00205	0.00656	0.00641	0.00670	0.01073
24	0.00814	0.00661	0.00721	0.00722	0.00915	0.00568	0.00536	0.01008	0.01561	0.01959	0.20839	0.11667	0.52473	0.01629	0.00783	0.00223	0.00332	0.01385	0.00636	0.00568
25	0.01805	0.47182	0.13433	0.01354	0.01924	0.14697	0.01339	0.02229	0.07289	0.01740	0.01120	0.01245	0.00941	0.00620	0.00503	0.00163	0.00812	0.00417	0.00323	0.00866
26	0.00801	0.00576	0.00760	0.00908	0.00953	0.00535	0.00607	0.00918	0.01269	0.01684	0.03736	0.73956	0.06763	0.02049	0.00838	0.00266	0.00380	0.01854	0.00611	0.00535
27	0.01365	0.01170	0.01365	0.00975	0.01560	0.00878	0.00780	0.01658	0.01365	0.02145	0.01170	0.01365	0.00975	0.00488	0.00488	0.00098	0.00488	0.00390	0.00390	0.80888
28	0.01758	0.23301	0.16970	0.01900	0.15698	0.06411	0.01533	0.05150	0.05498	0.08102	0.04044	0.01643	0.01255	0.00813	0.03045	0.00213	0.00804	0.00532	0.00396	0.00934
29	0.08281	0.04974	0.56273	0.01775	0.02624	0.06214	0.04256	0.04494	0.01461	0.02188	0.01160	0.01360	0.00840	0.00630	0.00606	0.00204	0.00936	0.00481	0.00308	0.00937
30	0.00843	0.00666	0.00760	0.00744	0.00931	0.00582	0.00555	0.01068	0.01642	0.02134	0.33978	0.08592	0.42065	0.01549	0.00780	0.00218	0.00326	0.01326	0.00659	0.00582
31	0.01264	0.00817	0.00980	0.00939	0.01156	0.00782	0.00697	0.01696	0.11686	0.12618	0.16265	0.24286	0.19026	0.03650	0.00836	0.00241	0.00412	0.01274	0.00664	0.00711
32	0.16772	0.06878	0.06334	0.03781	0.03556	0.13319	0.04485	0.08822	0.04432	0.05220	0.01595	0.05394	0.04016	0.00754	0.00579	0.00185	0.00718	0.00583	0.00438	0.12141
33	0.16768	0.07983	0.06321	0.01415	0.04805	0.16198	0.01139	0.14979	0.05809	0.02535	0.04467	0.07214	0.01451	0.00805	0.00586	0.00190	0.00725	0.00607	0.00462	0.05541
34	0.06646	0.08303	0.13554	0.02094	0.17567	0.01729	0.06263	0.16905	0.08392	0.02614	0.03199	0.01654	0.01200	0.00701	0.00681	0.00199	0.03643	0.00574	0.00435	0.03646
35	0.01844	0.12478	0.10570	0.01689	0.09131	0.08130	0.04260	0.11085	0.07354	0.10135	0.07433	0.01993	0.03468	0.00783	0.00692	0.00194	0.03926	0.00621	0.00481	0.03732

[dist]
# distance from previous block
# <min> <max>
1	33

[block]
# block no. 2 follows, 33 sequences, length 48
# corresponding to MSA columns:
# 159-206
name=unknown_C
#
# <colnr> <probs for GDERKNQSTAVLIFYWHMCP>
#	G	D	E	R	K	N	Q	S	T	A	V	L	I	F	Y	W	H	M	C	P
0	0.01601	0.20560	0.18482	0.01547	0.06671	0.09161	0.01398	0.09660	0.01618	0.02090	0.03588	0.14613	0.01660	0.00900	0.00615	0.00192	0.00748	0.00726	0.00407	0.03765
1	0.07031	0.03813	0.15728	0.05209	0.09239	0.08869	0.07748	0.05893	0.02879	0.13299	0.01481	0.03698	0.01138	0.00725	0.00714	0.00201	0.05098	0.00585	0.00432	0.06221
2	0.01683	0.04038	0.01803	0.03186	0.03785	0.10326	0.05807	0.05219	0.09720	0.07514	0.06991	0.04087	0.01702	0.02226	0.00926	0.00207	0.12484	0.02321	0.00470	0.15505
3	0.01281	0.04308	0.01326	0.05026	0.01499	0.03507	0.00870	0.04944	0.10763	0.02443	0.34836	0.05778	0.03668	0.01056	0.00743	0.00194	0.03459	0.00889	0.00588	0.12822
4	0.01520	0.01517	0.02512	0.16706	0.36636	0.04432	0.11466	0.01907	0.01465	0.02015	0.05548	0.01840	0.01298	0.00696	0.00811	0.00212	0.07537	0.00643	0.00342	0.00897
5	0.02503	0.01844	0.01976	0.01515	0.02042	0.02042	0.01251	0.70562	0.03095	0.04149	0.01581	0.01581	0.01120	0.00790	0.00659	0.00198	0.00724	0.00593	0.00659	0.01120
6	0.02190	0.02513	0.02066	0.02298	0.21176	0.45517	0.01466	0.08502	0.01864	0.01997	0.01214	0.01559	0.01027	0.00703	0.00626	0.00184	0.01016	0.02843	0.00373	0.00865
7	0.00815	0.00661	0.00702	0.00702	0.00889	0.00571	0.00511	0.00982	0.01488	0.01838	0.14438	0.08909	0.54987	0.08376	0.01011	0.00260	0.00360	0.01346	0.00607	0.00549
8	0.01633	0.01387	0.02286	0.30290	0.38559	0.01489	0.01829	0.04297	0.01519	0.08405	0.01346	0.01729	0.01036	0.00641	0.00655	0.00205	0.00796	0.00593	0.00368	0.00936
9	0.00795	0.00668	0.00690	0.00684	0.00899	0.00563	0.00513	0.00977	0.01540	0.01872	0.13792	0.06182	0.65309	0.01632	0.00778	0.00221	0.00331	0.01368	0.00624	0.00563
10	0.01445	0.01137	0.01242	0.01111	0.01427	0.01222	0.00863	0.07203	0.36163	0.05650	0.17406	0.03636	0.16494	0.01124	0.00711	0.00217	0.00458	0.00946	0.00675	0.00871
11	0.01778	0.01548	0.02508	0.11678	0.47899	0.04592	0.07010	0.02160	0.01545	0.10818	0.01395	0.01711	0.01084	0.00624	0.00661	0.00200	0.00808	0.00603	0.00383	0.00993
12	0.01611	0.01546	0.02640	0.07374	0.69565	0.01559	0.02011	0.02005	0.01490	0.02129	0.01235	0.01635	0.01035	0.00590	0.00652	0.00197	0.00787	0.00586	0.00324	0.01028
13	0.00955	0.00649	0.00771	0.00771	0.00790	0.00667	0.00465	0.00992	0.00973	0.01316	0.02026	0.04038	0.02276	0.65600	0.14454	0.00704	0.00814	0.00918	0.00392	0.00428
14	0.01527	0.04740	0.22960	0.05012	0.31909	0.01434	0.01832	0.01999	0.01462	0.05082	0.03290	0.01623	0.01132	0.00616	0.00615	0.00184	0.00771	0.00540	0.00351	0.12922
15	0.01397	0.01382	0.01932	0.01674	0.01676	0.01917	0.01385	0.01540	0.01025	0.01591	0.01050	0.06474	0.01098	0.01213	0.02072	0.00287	0.70606	0.00663	0.00310	0.00708
16	0.01475	0.27977	0.33918	0.03394	0.07934	0.03765	0.01738	0.01944	0.01402	0.01859	0.01582	0.01742	0.07271	0.00697	0.00572	0.00185	0.00813	0.00530	0.00315	0.00887
17	0.11256	0.04957	0.35900	0.01755	0.06981	0.03942	0.06640	0.04065	0.01412	0.02147	0.01493	0.10597	0.01344	0.03827	0.00739	0.00228	0.00818	0.00681	0.00361	0.00856
18	0.01320	0.03405	0.73453	0.01876	0.02849	0.01529	0.02432	0.02085	0.01390	0.02085	0.01181	0.01390	0.00834	0.00625	0.00625	0.00208	0.00973	0.00486	0.00278	0.00973
19	0.00865	0.00670	0.00787	0.00758	0.00942	0.00593	0.00568	0.01113	0.01705	0.02264	0.43756	0.05536	0.35100	0.01486	0.00777	0.00214	0.00321	0.01277	0.00675	0.00593
20	0.01545	0.01430	0.01362	0.01240	0.01579	0.08328	0.00956	0.02909	0.51042	0.02452	0.03313	0.03105	0.15876	0.01026	0.00684	0.00218	0.00547	0.00842	0.00627	0.00919
21	0.01230	0.01155	0.01936	0.73088	0.04427	0.01436	0.01789	0.01660	0.01322	0.01685	0.01332	0.01890	0.02982	0.00688	0.00662	0.00219	0.00862	0.00609	0.00302	0.00726
22	0.02923	0.01169	0.01558	0.01194	0.01705	0.01040	0.00987	0.07729	0.01966	0.68578	0.02529	0.02196	0.01595	0.00813	0.00662	0.00203	0.00571	0.00657	0.00804	0.01120
23	0.01250	0.01179	0.01976	0.72790	0.04439	0.01481	0.01815	0.01679	0.01306	0.01679	0.01160	0.01744	0.00877	0.00675	0.00709	0.00222	0.03411	0.00585	0.00292	0.00731
24	0.00960	0.00726	0.01061	0.01050	0.01153	0.00849	0.00805	0.01170	0.01047	0.01507	0.01760	0.02707	0.01688	0.11580	0.64946	0.00990	0.04348	0.00724	0.00355	0.00575
25	0.01273	0.00792	0.01096	0.01187	0.01377	0.00776	0.01030	0.01571	0.01551	0.09747	0.03342	0.06687	0.03480	0.01672	0.00867	0.00287	0.00591	0.58579	0.03434	0.00662
26	0.01336	0.01137	0.01333	0.00965	0.01521	0.00860	0.00769	0.01630	0.01399	0.02178	0.05952	0.01604	0.01327	0.00545	0.00507	0.00105	0.00476	0.00444	0.00412	0.75501
27	0.01647	0.01573	0.03138	0.02407	0.06902	0.01508	0.48182	0.04355	0.01550	0.08439	0.01515	0.02068	0.01210	0.08917	0.01077	0.00265	0.03222	0.00763	0.00392	0.00867
28	0.02066	0.36110	0.02737	0.01571	0.04448	0.28424	0.05416	0.08629	0.01712	0.01869	0.01051	0.01216	0.00888	0.00627	0.00536	0.00163	0.00908	0.00435	0.00342	0.00850
29	0.01977	0.06133	0.01798	0.01297	0.01821	0.06065	0.01061	0.31965	0.08632	0.03007	0.01464	0.01531	0.01118	0.00673	0.00582	0.00160	0.00650	0.00511	0.00523	0.29032
30	0.02303	0.09297	0.04528	0.01724	0.04482	0.60634	0.01319	0.02562	0.04152	0.01680	0.01079	0.01242	0.00893	0.00671	0.00585	0.00171	0.01102	0.00437	0.00343	0.00797
31	0.00822	0.00673	0.00723	0.00749	0.00932	0.00591	0.00548	0.01029	0.03428	0.01798	0.07325	0.18767	0.53121	0.03863	0.00863	0.00244	0.00362	0.02989	0.00609	0.00564
32	0.00813	0.00664	0.00709	0.00705	0.00901	0.00570	0.00521	0.00996	0.01535	0.01906	0.17888	0.08232	0.55948	0.04614	0.00882	0.00238	0.00343	0.01353	0.00623	0.00560
33	0.05544	0.01174	0.01539	0.01184	0.01691	0.01057	0.00978	0.07687	0.01940	0.66234	0.02473	0.02157	0.01565	0.00806	0.00653	0.00203	0.00570	0.00647	0.00791	0.01107
34	0.01637	0.01414	0.01489	0.01340	0.01712	0.01637	0.01042	0.03498	0.71568	0.02754	0.02679	0.02456	0.02010	0.00893	0.00670	0.00223	0.00521	0.00744	0.00670	0.01042
35	0.00787	0.00656	0.00688	0.00704	0.00901	0.00556	0.00519	0.00954	0.01486	0.01803	0.09050	0.14831	0.61400	0.01702	0.00786	0.00227	0.00338	0.01440	0.00616	0.00556
36	0.02416	0.07989	0.01982	0.01640	0.02013	0.62510	0.01260	0.09083	0.01948	0.01850	0.01065	0.01216	0.00874	0.00681	0.00588	0.00170	0.01111	0.00435	0.00366	0.00803
37	0.81514	0.01273	0.00968	0.00866	0.01273	0.01477	0.00713	0.01935	0.01120	0.02954	0.00917	0.01069	0.00713	0.00611	0.00407	0.00204	0.00509	0.00356	0.00407	0.00713
38	0.01862	0.04584	0.15595	0.02306	0.18860	0.06493	0.12523	0.14400	0.04039	0.07859	0.01460	0.01653	0.01090	0.00664	0.00651	0.00199	0.00841	0.00592	0.03345	0.00984
39	0.81514	0.01273	0.00968	0.00866	0.01273	0.01477	0.00713	0.01935	0.01120	0.02954	0.00917	0.01069	0.00713	0.00611	0.00407	0.00204	0.00509	0.00356	0.00407	0.00713
40	0.01645	0.01577	0.04011	0.01644	0.09741	0.07607	0.01179	0.05401	0.45685	0.02555	0.05707	0.04637	0.03893	0.00905	0.00673	0.00215	0.00610	0.00758	0.00589	0.00971
41	0.00883	0.00668	0.00814	0.00783	0.00955	0.00599	0.00585	0.01146	0.01740	0.02359	0.51127	0.07282	0.25731	0.01460	0.00779	0.00213	0.00319	0.01268	0.00688	0.00599
42	0.01340	0.00951	0.01090	0.00975	0.01126	0.01020	0.00684	0.18374	0.01508	0.02036	0.01898	0.03335	0.01948	0.45666	0.14709	0.00599	0.00851	0.00824	0.00456	0.00611
43	0.00796	0.00642	0.00710	0.00748	0.00914	0.00555	0.00540	0.00959	0.01462	0.01816	0.10756	0.25486	0.48810	0.01752	0.00795	0.00234	0.00345	0.01507	0.00620	0.00555
44	0.00945	0.00687	0.00963	0.00963	0.01047	0.00771	0.00704	0.01114	0.01030	0.01458	0.01850	0.03069	0.01855	0.25092	0.54387	0.00940	0.01448	0.00776	0.00366	0.00535
45	0.01895	0.63366	0.03170	0.01210	0.01754	0.06990	0.01151	0.10455	0.01587	0.01873	0.01003	0.01129	0.00879	0.00598	0.00462	0.00150	0.00737	0.00386	0.00332	0.00874
46	0.01267	0.01176	0.01941	0.61490	0.04027	0.01418	0.05139	0.01784	0.05628	0.01805	0.01495	0.01981	0.03375	0.00706	0.00661	0.00217	0.00825	0.00632	0.03686	0.00747
47	0.05101	0.06366	0.01957	0.01495	0.01964	0.17986	0.01211	0.43254	0.08785	0.03273	0.01494	0.01524	0.01109	0.00756	0.00623	0.00191	0.00800	0.00547	0.00559	0.01004

[dist]
# distance from previous block
# <min> <max>
0	6

[block]
# block no. 3 follows, 33 sequences, length 44
# corresponding to MSA columns:
# 214-257
name=unknown_D
#
# <colnr> <probs for GDERKNQSTAVLIFYWHMCP>
#	G	D	E	R	K	N	Q	S	T	A	V	L	I	F	Y	W	H	M	C	P
0	0.04178	0.22156	0.16081	0.01742	0.09574	0.10020	0.01506	0.14173	0.01743	0.06867	0.01235	0.01387	0.00961	0.00681	0.00659	0.00187	0.05031	0.00486	0.00397	0.00937
1	0.40435	0.01303	0.01463	0.01255	0.04578	0.01356	0.04998	0.06232	0.03624	0.23310	0.01544	0.01558	0.01083	0.00679	0.00539	0.00200	0.00583	0.00506	0.00539	0.04215
2	0.01231	0.00798	0.01093	0.01054	0.01247	0.00739	0.03999	0.01498	0.05524	0.12041	0.03262	0.48821	0.06250	0.03620	0.00846	0.00252	0.00461	0.01452	0.00612	0.05203
3	0.01129	0.00998	0.01545	0.12742	0.07058	0.00978	0.09840	0.03463	0.01512	0.02020	0.10837	0.16895	0.19225	0.01210	0.00733	0.00217	0.00575	0.01094	0.02503	0.05426
4	0.06571	0.01503	0.01775	0.04736	0.10334	0.01621	0.01213	0.37050	0.06378	0.08800	0.04243	0.07323	0.03715	0.00895	0.00665	0.00207	0.00651	0.00728	0.00600	0.00991
5	0.01743	0.01633	0.08130	0.04528	0.11274	0.01619	0.01330	0.14105	0.37304	0.04611	0.02090	0.02153	0.01593	0.03979	0.00773	0.00231	0.00649	0.00676	0.00566	0.01012
6	0.00848	0.00600	0.00785	0.00892	0.00930	0.00586	0.00591	0.00952	0.01179	0.01584	0.03122	0.54262	0.03678	0.17369	0.09001	0.00424	0.00577	0.01566	0.00542	0.00513
7	0.04518	0.04105	0.06627	0.03808	0.20119	0.04704	0.05419	0.25265	0.03770	0.10713	0.03511	0.01736	0.01259	0.00715	0.00648	0.00198	0.00757	0.00601	0.00510	0.01017
8	0.00986	0.00740	0.01012	0.00990	0.01056	0.00851	0.00720	0.01130	0.01018	0.01443	0.01803	0.03111	0.01851	0.30357	0.43192	0.00847	0.07212	0.00785	0.00364	0.00531
9	0.01440	0.01440	0.02016	0.01728	0.01728	0.02016	0.01440	0.01584	0.01008	0.01584	0.00864	0.01440	0.00864	0.01152	0.02160	0.00288	0.75659	0.00576	0.00288	0.00720
10	0.01628	0.01715	0.06651	0.03458	0.53211	0.03556	0.08063	0.02203	0.08832	0.02192	0.01388	0.01703	0.01123	0.00620	0.00662	0.00201	0.00806	0.00610	0.00360	0.01017
11	0.01500	0.32237	0.43917	0.01611	0.02414	0.01954	0.04030	0.02041	0.01375	0.01876	0.01082	0.01271	0.00843	0.00599	0.00551	0.00182	0.00872	0.00443	0.00281	0.00920
12	0.02459	0.03138	0.01866	0.01696	0.02035	0.74221	0.01272	0.02629	0.01866	0.01611	0.01018	0.01187	0.00848	0.00678	0.00594	0.00170	0.01187	0.00424	0.00339	0.00763
13	0.78031	0.01266	0.00992	0.00879	0.01291	0.01454	0.00724	0.01992	0.01154	0.06068	0.00991	0.01121	0.00754	0.00620	0.00419	0.00204	0.00512	0.00370	0.00425	0.00731
14	0.00940	0.00705	0.01058	0.01058	0.01176	0.00823	0.00823	0.01176	0.01058	0.01528	0.01763	0.02586	0.01646	0.04937	0.74255	0.01058	0.01763	0.00705	0.00353	0.00588
15	0.71445	0.01254	0.01039	0.00905	0.01325	0.01412	0.00746	0.02098	0.01218	0.11959	0.01132	0.01220	0.00830	0.00637	0.00440	0.00204	0.00516	0.00396	0.00460	0.00765
16	0.00802	0.00573	0.00764	0.00917	0.00955	0.00535	0.00611	0.00917	0.01260	0.01681	0.03628	0.76434	0.04354	0.02062	0.00840	0.00267	0.00382	0.01872	0.00611	0.00535
17	0.02617	0.04828	0.01878	0.01402	0.01907	0.08353	0.01154	0.39249	0.02510	0.26611	0.01837	0.01741	0.01252	0.00779	0.00644	0.00195	0.00712	0.00590	0.00665	0.01076
18	0.00957	0.00638	0.00718	0.00718	0.00718	0.00638	0.00399	0.00957	0.00957	0.01276	0.02074	0.04308	0.02393	0.76864	0.03351	0.00638	0.00638	0.00957	0.00399	0.00399
19	0.02468	0.02881	0.01887	0.01660	0.02036	0.59884	0.01268	0.16122	0.02110	0.02115	0.01129	0.01265	0.00902	0.00701	0.00607	0.00175	0.01095	0.00458	0.00403	0.00834
20	0.01502	0.01155	0.01341	0.01013	0.01516	0.00970	0.00809	0.07083	0.05100	0.06694	0.07917	0.01993	0.03779	0.00672	0.00554	0.00133	0.00486	0.00549	0.02858	0.53875
21	0.01783	0.01825	0.01511	0.04952	0.01767	0.30990	0.02761	0.02019	0.03273	0.08117	0.04463	0.17000	0.08568	0.01098	0.00753	0.00207	0.04345	0.00879	0.00478	0.03211
22	0.01529	0.21196	0.06093	0.01087	0.01481	0.01453	0.00972	0.13762	0.01827	0.05543	0.22450	0.03040	0.11544	0.01055	0.00724	0.03563	0.00552	0.00798	0.00541	0.00789
23	0.01694	0.01825	0.14312	0.05057	0.31464	0.01504	0.01700	0.12502	0.04591	0.04554	0.01367	0.01596	0.01060	0.00630	0.00624	0.00185	0.00745	0.00548	0.00406	0.13636
24	0.72945	0.01405	0.03983	0.00941	0.01360	0.03887	0.00806	0.01940	0.01154	0.02827	0.00959	0.01136	0.00753	0.00755	0.02832	0.00231	0.00592	0.00375	0.00398	0.00721
25	0.01541	0.08640	0.16248	0.04594	0.22901	0.01674	0.13958	0.06281	0.01517	0.02110	0.01466	0.03658	0.03739	0.00734	0.00803	0.00210	0.08014	0.00643	0.00349	0.00918
26	0.00802	0.00573	0.00764	0.00917	0.00955	0.00535	0.00611	0.00917	0.01260	0.01681	0.03628	0.76434	0.04354	0.02062	0.00840	0.00267	0.00382	0.01872	0.00611	0.00535
27	0.00805	0.00584	0.00761	0.00894	0.00951	0.00540	0.00603	0.00931	0.01302	0.01724	0.06457	0.68291	0.09720	0.02005	0.00833	0.00262	0.00375	0.01808	0.00615	0.00540
28	0.02503	0.01844	0.01976	0.01515	0.02042	0.02042	0.01251	0.70562	0.03095	0.04149	0.01581	0.01581	0.01120	0.00790	0.00659	0.00198	0.00724	0.00593	0.00659	0.01120
29	0.47607	0.01184	0.01101	0.00937	0.01335	0.01285	0.00766	0.07220	0.01460	0.17114	0.01492	0.01554	0.01076	0.00689	0.00485	0.00196	0.00505	0.00475	0.12709	0.00810
30	0.02544	0.01778	0.01935	0.01483	0.02009	0.01944	0.01225	0.64440	0.02985	0.10426	0.01673	0.01641	0.01166	0.00793	0.00659	0.00198	0.00709	0.00599	0.00673	0.01120
31	0.01760	0.77260	0.03450	0.01126	0.01690	0.02605	0.01126	0.01971	0.01338	0.01549	0.00915	0.01056	0.00845	0.00563	0.00422	0.00141	0.00704	0.00352	0.00282	0.00845
32	0.01760	0.77260	0.03450	0.01126	0.01690	0.02605	0.01126	0.01971	0.01338	0.01549	0.00915	0.01056	0.00845	0.00563	0.00422	0.00141	0.00704	0.00352	0.00282	0.00845
33	0.25321	0.01499	0.01597	0.01328	0.01666	0.01781	0.01086	0.25344	0.09053	0.02970	0.01352	0.01580	0.01076	0.03372	0.01020	0.00237	0.17801	0.00547	0.00492	0.00877
34	0.01818	0.01670	0.01613	0.01478	0.03955	0.11701	0.01117	0.11431	0.47361	0.02679	0.02218	0.02155	0.01689	0.01070	0.04815	0.00259	0.00717	0.00674	0.00594	0.00987
35	0.00862	0.00674	0.00783	0.00765	0.00953	0.00595	0.00580	0.01102	0.01671	0.02190	0.37364	0.05716	0.38536	0.01523	0.00783	0.00219	0.00334	0.04096	0.00664	0.00589
36	0.02954	0.01120	0.01528	0.01171	0.01681	0.00968	0.00968	0.03208	0.01884	0.73213	0.02597	0.02241	0.01630	0.00815	0.00662	0.00204	0.00560	0.00662	0.00815	0.01120
37	0.00820	0.00599	0.00783	0.00913	0.00980	0.00562	0.00634	0.00956	0.01292	0.01701	0.03865	0.62037	0.11435	0.02126	0.03884	0.00297	0.00447	0.05527	0.00600	0.00543
38	0.01132	0.00579	0.00869	0.00869	0.00876	0.00586	0.00586	0.00876	0.00869	0.01165	0.01179	0.02034	0.01172	0.02437	0.06623	0.76338	0.00639	0.00579	0.00290	0.00303
39	0.01785	0.67792	0.07317	0.01210	0.01780	0.07634	0.01211	0.02024	0.01378	0.01584	0.00938	0.01084	0.00844	0.00575	0.00446	0.00147	0.00754	0.00365	0.00285	0.00846
40	0.00953	0.00690	0.00814	0.00772	0.00973	0.00608	0.00583	0.01198	0.01703	0.05386	0.40167	0.05428	0.35395	0.01465	0.00772	0.00214	0.00332	0.01255	0.00678	0.00614
41	0.10725	0.07031	0.05446	0.05747	0.02197	0.14658	0.10020	0.11708	0.21174	0.02503	0.01593	0.01687	0.01212	0.00718	0.00620	0.00201	0.00795	0.00580	0.00471	0.00912
42	0.08739	0.01789	0.03538	0.01759	0.09609	0.09414	0.04116	0.30307	0.04365	0.14880	0.01590	0.01639	0.01142	0.00748	0.00687	0.00201	0.03327	0.00576	0.00560	0.01012
43	0.08962	0.07461	0.07498	0.01595	0.07864	0.10532	0.01259	0.18805	0.11586	0.12879	0.01659	0.01744	0.01240	0.03214	0.00698	0.00210	0.00731	0.00568	0.00527	0.00968

[dist]
# distance from previous block
# <min> <max>
3	10

[block]
# block no. 4 follows, 33 sequences, length 28
# corresponding to MSA columns:
# 268-295
name=unknown_E
#
# <colnr> <probs for GDERKNQSTAVLIFYWHMCP>
#	G	D	E	R	K	N	Q	S	T	A	V	L	I	F	Y	W	H	M	C	P
0	0.01127	0.00674	0.00895	0.00884	0.00973	0.00662	0.00617	0.01198	0.05909	0.04152	0.13493	0.12602	0.07684	0.05342	0.01770	0.39652	0.00487	0.00932	0.00472	0.00477
1	0.01555	0.17001	0.14037	0.01390	0.01865	0.08940	0.05475	0.05554	0.15237	0.02080	0.03896	0.05762	0.07474	0.05969	0.00811	0.00227	0.00728	0.00717	0.00447	0.00839
2	0.01803	0.14993	0.07957	0.04077	0.04183	0.12969	0.01261	0.15023	0.16005	0.02380	0.01808	0.09686	0.01587	0.00891	0.00632	0.00200	0.00740	0.02422	0.00484	0.00897
3	0.01806	0.01403	0.01614	0.03107	0.01763	0.10696	0.08290	0.10528	0.09136	0.14150	0.10224	0.10361	0.05955	0.01004	0.00688	0.00207	0.00646	0.00863	0.06713	0.00845
4	0.01447	0.06316	0.09680	0.01707	0.01845	0.02001	0.01526	0.01661	0.01069	0.01635	0.00901	0.01411	0.00860	0.01060	0.01891	0.00271	0.63124	0.00553	0.00287	0.00755
5	0.02081	0.05441	0.02000	0.01562	0.02014	0.14107	0.06465	0.26858	0.26941	0.02947	0.01824	0.01815	0.01367	0.00779	0.00650	0.00201	0.00759	0.00621	0.00566	0.01001
6	0.01767	0.60858	0.03004	0.01133	0.01645	0.02337	0.01084	0.09180	0.01513	0.01879	0.01102	0.01271	0.00964	0.00810	0.04005	0.00192	0.00733	0.00411	0.05264	0.00847
7	0.03469	0.00687	0.00687	0.00681	0.00907	0.00590	0.00513	0.00992	0.01505	0.01859	0.09643	0.06092	0.66913	0.01617	0.00766	0.00221	0.00338	0.01345	0.00610	0.00564
8	0.00892	0.00671	0.00825	0.00786	0.00959	0.00604	0.00590	0.01165	0.01769	0.02417	0.55361	0.05285	0.23400	0.01429	0.00777	0.00211	0.00317	0.01242	0.00695	0.00604
9	0.02459	0.03138	0.01866	0.01696	0.02035	0.74221	0.01272	0.02629	0.01866	0.01611	0.01018	0.01187	0.00848	0.00678	0.00594	0.00170	0.01187	0.00424	0.00339	0.00763
10	0.01711	0.68973	0.11305	0.01211	0.01820	0.02484	0.01273	0.01984	0.01344	0.01609	0.00945	0.01094	0.00844	0.00570	0.00445	0.00148	0.00734	0.00367	0.00281	0.00859
11	0.01395	0.00827	0.00899	0.00815	0.01042	0.02567	0.00628	0.05887	0.01687	0.09940	0.20477	0.03384	0.10282	0.01014	0.00611	0.00183	0.00385	0.00842	0.36439	0.00698
12	0.01608	0.01542	0.02646	0.11456	0.59717	0.01572	0.05783	0.03877	0.01527	0.02154	0.01246	0.01650	0.01025	0.00598	0.00660	0.00200	0.00809	0.00597	0.00332	0.01003
13	0.01144	0.00572	0.00858	0.00858	0.00858	0.00572	0.00572	0.00858	0.00858	0.01144	0.01144	0.02001	0.01144	0.02287	0.02573	0.80846	0.00572	0.00572	0.00286	0.00286
14	0.01642	0.01734	0.01990	0.01716	0.01789	0.13968	0.01407	0.03886	0.01215	0.01668	0.00912	0.01403	0.00869	0.01063	0.01855	0.00266	0.61020	0.00551	0.00308	0.00740
15	0.01670	0.02740	0.34277	0.01831	0.02455	0.19200	0.09095	0.05271	0.01555	0.02014	0.01198	0.01470	0.00925	0.00842	0.03360	0.00235	0.07690	0.00527	0.02773	0.00873
16	0.01085	0.00773	0.00868	0.00849	0.00920	0.00802	0.00537	0.04435	0.09016	0.01625	0.02313	0.12968	0.02536	0.55518	0.02613	0.00525	0.00597	0.01031	0.00468	0.00521
17	0.01992	0.31560	0.09058	0.01668	0.05258	0.32157	0.05809	0.02266	0.01583	0.01686	0.01023	0.01213	0.00864	0.00617	0.00545	0.00167	0.00959	0.00432	0.00311	0.00834
18	0.11763	0.01575	0.07453	0.01802	0.11056	0.01441	0.10267	0.14456	0.03877	0.10214	0.01598	0.06537	0.01292	0.00757	0.00665	0.00197	0.02489	0.00648	0.00483	0.11430
19	0.02217	0.12465	0.02064	0.01632	0.03607	0.48806	0.01253	0.05773	0.09133	0.01854	0.01204	0.01344	0.00988	0.00711	0.00656	0.00179	0.04444	0.00467	0.00379	0.00825
20	0.00891	0.00688	0.00823	0.00884	0.01023	0.00650	0.00641	0.01189	0.06800	0.01924	0.12615	0.37398	0.24341	0.01757	0.00806	0.00246	0.00384	0.05719	0.00629	0.00594
21	0.00943	0.00637	0.00744	0.00756	0.00767	0.00641	0.00444	0.00968	0.00989	0.01326	0.02184	0.10211	0.02509	0.66041	0.07662	0.00634	0.00689	0.01018	0.00414	0.00422
22	0.78474	0.01267	0.00989	0.00878	0.01289	0.01457	0.00723	0.01984	0.01150	0.05672	0.00982	0.01115	0.00748	0.00619	0.00417	0.00204	0.00511	0.00368	0.00423	0.00729
23	0.01993	0.01552	0.01685	0.01397	0.01819	0.01752	0.01123	0.36536	0.30107	0.03316	0.02037	0.02035	0.01529	0.01271	0.08468	0.00299	0.00754	0.00665	0.00631	0.01032
24	0.01003	0.00689	0.00903	0.00840	0.01008	0.00633	0.00633	0.01311	0.01864	0.05116	0.69960	0.04824	0.06051	0.01327	0.00772	0.00207	0.00319	0.01172	0.00728	0.00639
25	0.02411	0.01798	0.01924	0.01496	0.02007	0.01999	0.01229	0.63450	0.10357	0.04001	0.01697	0.01673	0.01214	0.00801	0.00660	0.00200	0.00703	0.00609	0.00660	0.01111
26	0.01320	0.03405	0.73453	0.01876	0.02849	0.01529	0.02432	0.02085	0.01390	0.02085	0.01181	0.01390	0.00834	0.00625	0.00625	0.00208	0.00973	0.00486	0.00278	0.00973
27	0.01812	0.64716	0.07603	0.01214	0.01798	0.02479	0.01220	0.09252	0.01527	0.01858	0.01002	0.01132	0.00873	0.00591	0.00460	0.00151	0.00723	0.00386	0.00321	0.00882

[dist]
# distance from previous block
# <min> <max>
0	1

[block]
# block no. 5 follows, 33 sequences, length 11
# corresponding to MSA columns:
# 297-307
name=unknown_F
#
# <colnr> <probs for GDERKNQSTAVLIFYWHMCP>
#	G	D	E	R	K	N	Q	S	T	A	V	L	I	F	Y	W	H	M	C	P
0	0.02060	0.01854	0.01982	0.02137	0.20968	0.15335	0.01368	0.30384	0.02190	0.02822	0.01539	0.06061	0.01306	0.03852	0.00758	0.00212	0.00792	0.00650	0.02779	0.00954
1	0.01589	0.01249	0.01383	0.04381	0.01688	0.01408	0.00989	0.05278	0.49489	0.06244	0.02658	0.11584	0.02183	0.01013	0.00677	0.00222	0.00515	0.00860	0.05646	0.00946
2	0.00820	0.00585	0.00784	0.00937	0.00982	0.00550	0.00641	0.00947	0.01278	0.01700	0.03619	0.71786	0.04316	0.02046	0.00845	0.00270	0.00397	0.06348	0.00611	0.00540
3	0.01446	0.01455	0.02365	0.02388	0.21521	0.05851	0.22508	0.04900	0.01587	0.02076	0.02520	0.10586	0.13561	0.00974	0.00737	0.00218	0.00781	0.03261	0.00432	0.00830
4	0.00808	0.00625	0.00725	0.00788	0.00915	0.00555	0.00551	0.00953	0.01393	0.01766	0.09387	0.36326	0.35228	0.05701	0.00938	0.00262	0.00369	0.01562	0.00608	0.00543
5	0.01559	0.01639	0.01977	0.01804	0.06200	0.13671	0.05353	0.01737	0.01209	0.01624	0.01094	0.01749	0.01059	0.08220	0.05137	0.00327	0.44000	0.00605	0.00315	0.00721
6	0.01760	0.77260	0.03450	0.01126	0.01690	0.02605	0.01126	0.01971	0.01338	0.01549	0.00915	0.01056	0.00845	0.00563	0.00422	0.00141	0.00704	0.00352	0.00282	0.00845
7	0.01395	0.01366	0.05071	0.04369	0.22934	0.01302	0.11394	0.04708	0.11435	0.02283	0.11574	0.12836	0.04477	0.00979	0.00719	0.00217	0.00668	0.00918	0.00488	0.00868
8	0.01330	0.01294	0.02020	0.66579	0.09340	0.04988	0.01815	0.01752	0.01356	0.01712	0.01168	0.01719	0.00888	0.00654	0.00655	0.00215	0.00886	0.00577	0.00297	0.00755
9	0.01970	0.04745	0.06999	0.01376	0.01836	0.07924	0.03545	0.26507	0.08767	0.10167	0.11360	0.02487	0.07597	0.00906	0.00671	0.00201	0.00674	0.00730	0.00598	0.00940
10	0.08485	0.18962	0.07982	0.06606	0.13284	0.07997	0.02916	0.08907	0.02989	0.02144	0.01556	0.08268	0.03566	0.00808	0.00638	0.00195	0.02810	0.00640	0.00393	0.00853

[dist]
# distance from previous block
# <min> <max>
0	9

[block]
# block no. 6 follows, 33 sequences, length 98
# corresponding to MSA columns:
# 317-414
name=unknown_G
#
# <colnr> <probs for GDERKNQSTAVLIFYWHMCP>
#	G	D	E	R	K	N	Q	S	T	A	V	L	I	F	Y	W	H	M	C	P
0	0.01747	0.04927	0.07547	0.03857	0.15037	0.07456	0.06380	0.11695	0.14901	0.06017	0.05509	0.04833	0.03195	0.03068	0.00745	0.00217	0.00732	0.00710	0.00496	0.00931
1	0.01586	0.01189	0.01411	0.01288	0.06911	0.01139	0.00926	0.12513	0.11407	0.08496	0.08765	0.02852	0.12812	0.04111	0.00758	0.00199	0.00524	0.00758	0.00565	0.21792
2	0.03318	0.04196	0.01121	0.00940	0.01223	0.04729	0.00733	0.05689	0.09858	0.06496	0.17322	0.06359	0.32913	0.01300	0.00719	0.00212	0.00453	0.01079	0.00622	0.00718
3	0.01797	0.10507	0.04074	0.03860	0.05278	0.06271	0.05101	0.10362	0.10587	0.10620	0.07060	0.02381	0.01785	0.03655	0.00887	0.00225	0.07538	0.04411	0.02722	0.00878
4	0.01736	0.05450	0.04070	0.02236	0.24147	0.01619	0.04316	0.09892	0.26718	0.05550	0.05954	0.02105	0.01702	0.00770	0.00659	0.00205	0.00661	0.00675	0.00525	0.01011
5	0.00912	0.00655	0.00771	0.00812	0.00964	0.00581	0.00584	0.01071	0.01432	0.05006	0.09511	0.31690	0.34609	0.04934	0.00909	0.00257	0.00382	0.03728	0.00619	0.00573
6	0.01650	0.01825	0.09482	0.02538	0.30340	0.09427	0.05979	0.06714	0.06040	0.02262	0.05008	0.04490	0.01439	0.00714	0.00648	0.00190	0.00777	0.00638	0.00404	0.09434
7	0.05026	0.01230	0.01638	0.01357	0.01728	0.01290	0.10922	0.07200	0.25544	0.09150	0.13167	0.02814	0.02406	0.00914	0.00676	0.00212	0.00570	0.03652	0.09620	0.00886
8	0.01799	0.07402	0.09216	0.01861	0.16512	0.04139	0.01352	0.12921	0.06881	0.08131	0.03344	0.01671	0.01250	0.00661	0.00596	0.00171	0.00680	0.00540	0.00461	0.20410
9	0.05199	0.04224	0.16008	0.02031	0.12363	0.01600	0.12753	0.17215	0.05678	0.10152	0.05115	0.01831	0.01368	0.00713	0.00660	0.00204	0.00784	0.00630	0.00483	0.00988
10	0.01884	0.01203	0.01539	0.01127	0.01691	0.00976	0.03762	0.04431	0.01585	0.23394	0.01616	0.01650	0.01176	0.00598	0.00557	0.00138	0.00543	0.00494	0.00523	0.51112
11	0.00950	0.00646	0.00769	0.00773	0.00792	0.00662	0.00467	0.00988	0.00981	0.01325	0.02077	0.06289	0.02346	0.64141	0.13534	0.00688	0.00793	0.00949	0.00399	0.00430
12	0.02459	0.03138	0.01866	0.01696	0.02035	0.74221	0.01272	0.02629	0.01866	0.01611	0.01018	0.01187	0.00848	0.00678	0.00594	0.00170	0.01187	0.00424	0.00339	0.00763
13	0.01819	0.01426	0.01533	0.01341	0.01737	0.01616	0.01054	0.09139	0.60021	0.08699	0.02580	0.02364	0.01903	0.00878	0.00668	0.00219	0.00541	0.00725	0.00681	0.01055
14	0.00810	0.00602	0.00759	0.00880	0.00962	0.00551	0.00611	0.00946	0.01324	0.01716	0.04254	0.58260	0.18517	0.01968	0.00831	0.00260	0.00383	0.05212	0.00611	0.00543
15	0.02911	0.01189	0.01570	0.01204	0.01715	0.01070	0.00995	0.09614	0.01999	0.66645	0.02501	0.02178	0.01581	0.00812	0.00662	0.00203	0.00576	0.00655	0.00800	0.01120
16	0.00957	0.00638	0.00718	0.00718	0.00718	0.00638	0.00399	0.00957	0.00957	0.01276	0.02074	0.04308	0.02393	0.76864	0.03351	0.00638	0.00638	0.00957	0.00399	0.00399
17	0.02503	0.01844	0.01976	0.01515	0.02042	0.02042	0.01251	0.70562	0.03095	0.04149	0.01581	0.01581	0.01120	0.00790	0.00659	0.00198	0.00724	0.00593	0.00659	0.01120
18	0.04924	0.01445	0.02293	0.05141	0.48206	0.01535	0.01706	0.01906	0.01380	0.04142	0.01246	0.01726	0.01081	0.04630	0.01009	0.00230	0.12367	0.00589	0.00343	0.04100
19	0.01430	0.01424	0.01905	0.03548	0.01729	0.04292	0.01360	0.01571	0.01041	0.01563	0.00976	0.01674	0.00988	0.07288	0.02166	0.00311	0.65139	0.00602	0.00299	0.00696
