[name]
unknown

[dist]
# distance from previous block
# <min> <max>
0	32

[block]
# block no. 0 follows, 33 sequences, length 41
# corresponding to MSA columns:
# 32-72
name=unknown_A
#
# <colnr> <probs for GDERKNQSTAVLIFYWHMCP>
#	G	D	E	R	K	N	Q	S	T	A	V	L	I	F	Y	W	H	M	C	P
0	0.03176	0.01772	0.19658	0.01378	0.01875	0.02894	0.01343	0.09032	0.16850	0.08680	0.07913	0.02924	0.04216	0.01135	0.03868	0.00255	0.00714	0.08873	0.00544	0.02899
1	0.12516	0.02908	0.05826	0.11383	0.03139	0.04552	0.01151	0.09725	0.06913	0.07144	0.04121	0.06995	0.01617	0.08242	0.04803	0.00300	0.06705	0.00702	0.00465	0.00791
2	0.01620	0.01522	0.05380	0.01369	0.01773	0.01632	0.01117	0.03422	0.67773	0.02718	0.02598	0.02399	0.01946	0.00879	0.00667	0.00222	0.00545	0.00730	0.00649	0.01038
3	0.01035	0.00702	0.00790	0.00772	0.00803	0.00711	0.00457	0.04807	0.01091	0.01456	0.02127	0.07880	0.02424	0.68793	0.03072	0.00595	0.00630	0.00984	0.00424	0.00446
4	0.03873	0.01898	0.20056	0.03027	0.06603	0.01456	0.03186	0.15178	0.11854	0.17736	0.03858	0.02096	0.04601	0.00796	0.00657	0.00208	0.00707	0.00652	0.00553	0.01005
5	0.01413	0.07450	0.01661	0.01347	0.01501	0.13791	0.02639	0.01584	0.01209	0.01545	0.01412	0.04432	0.01399	0.11914	0.22966	0.00525	0.21553	0.00665	0.00341	0.00655
6	0.01320	0.03405	0.73453	0.01876	0.02849	0.01529	0.02432	0.02085	0.01390	0.02085	0.01181	0.01390	0.00834	0.00625	0.00625	0.00208	0.00973	0.00486	0.00278	0.00973
7	0.01799	0.13769	0.11629	0.01994	0.12745	0.09509	0.07177	0.07977	0.10315	0.05232	0.01385	0.01576	0.01090	0.00731	0.00808	0.00204	0.10172	0.00558	0.00402	0.00930
8	0.09628	0.08143	0.09717	0.08594	0.07815	0.06579	0.06273	0.21665	0.05892	0.02659	0.01447	0.04383	0.01171	0.02396	0.00680	0.00210	0.00779	0.00603	0.00450	0.00917
9	0.00800	0.00580	0.00757	0.00899	0.00950	0.00536	0.00603	0.00919	0.01277	0.01687	0.03844	0.71467	0.09182	0.02034	0.00836	0.00264	0.00379	0.01837	0.00611	0.00536
10	0.01333	0.01150	0.01414	0.10242	0.01905	0.00971	0.00915	0.01715	0.04976	0.02093	0.01384	0.05624	0.01203	0.00617	0.00538	0.00129	0.00532	0.00515	0.00405	0.62341
11	0.01562	0.01510	0.02324	0.06480	0.51232	0.04892	0.01752	0.01964	0.03709	0.02135	0.08948	0.01982	0.01603	0.00727	0.00774	0.00204	0.06229	0.00648	0.00376	0.00947
12	0.00809	0.00576	0.00762	0.00908	0.00945	0.00539	0.00602	0.00918	0.01247	0.01663	0.03561	0.73291	0.04269	0.05322	0.00950	0.00284	0.00393	0.01832	0.00602	0.00529
13	0.01376	0.01204	0.01505	0.01075	0.01664	0.00921	0.04631	0.01683	0.01376	0.02143	0.01179	0.01388	0.00976	0.00491	0.00504	0.00104	0.00522	0.00411	0.00387	0.76461
14	0.00815	0.00593	0.00757	0.00872	0.00937	0.00548	0.00588	0.00942	0.01309	0.01729	0.08061	0.60359	0.12163	0.05834	0.00959	0.00278	0.00385	0.01728	0.00607	0.00535
15	0.01451	0.01167	0.01374	0.00986	0.01567	0.00882	0.00790	0.01742	0.01393	0.05988	0.01247	0.01412	0.01010	0.00505	0.00497	0.00103	0.00491	0.00405	0.00413	0.76575
16	0.11726	0.33280	0.09033	0.01628	0.11604	0.03210	0.01316	0.09356	0.06136	0.03955	0.01258	0.02613	0.01038	0.00657	0.00528	0.00178	0.00704	0.00483	0.00388	0.00910
17	0.00815	0.00588	0.00773	0.00896	0.00955	0.00545	0.00607	0.00954	0.01338	0.01791	0.11381	0.65456	0.07529	0.01966	0.00830	0.00259	0.00372	0.01775	0.00624	0.00545
18	0.07690	0.08677	0.12152	0.15023	0.11232	0.07711	0.04655	0.09446	0.01614	0.06349	0.01268	0.01518	0.00967	0.00658	0.00639	0.00193	0.02704	0.00523	0.01660	0.05321
19	0.01933	0.09974	0.08262	0.16181	0.06184	0.06642	0.03214	0.27497	0.05104	0.04506	0.03313	0.01668	0.01181	0.00722	0.00632	0.00197	0.00793	0.00574	0.00473	0.00951
20	0.01700	0.01445	0.01524	0.01352	0.01736	0.01667	0.01057	0.08341	0.66623	0.02855	0.02600	0.02393	0.01945	0.00886	0.00669	0.00221	0.00536	0.00733	0.00669	0.01048
21	0.01108	0.00657	0.00848	0.00900	0.00987	0.00614	0.00603	0.01212	0.01264	0.10487	0.03119	0.49511	0.03534	0.20249	0.01434	0.00350	0.00467	0.01497	0.00584	0.00574
22	0.01755	0.08156	0.29227	0.03406	0.04174	0.07551	0.06041	0.11889	0.06167	0.07926	0.04827	0.03136	0.01350	0.00736	0.00640	0.00201	0.00833	0.00599	0.00436	0.00948
23	0.01420	0.03585	0.17793	0.09847	0.02788	0.01503	0.26593	0.03577	0.01437	0.03895	0.01562	0.10961	0.01385	0.00927	0.02322	0.00245	0.08167	0.00792	0.00367	0.00834
24	0.00838	0.00596	0.00788	0.00920	0.00970	0.00562	0.00630	0.00969	0.01292	0.01728	0.07323	0.62862	0.04288	0.06910	0.01006	0.00291	0.00411	0.06479	0.00603	0.00536
25	0.01624	0.02093	0.25683	0.06280	0.27563	0.03414	0.01880	0.02201	0.06135	0.09297	0.01539	0.04917	0.01224	0.00726	0.00687	0.00208	0.02537	0.00623	0.00393	0.00974
26	0.03793	0.07490	0.27627	0.08649	0.17404	0.01513	0.03988	0.02277	0.04020	0.14820	0.01479	0.01644	0.01070	0.00657	0.00627	0.00202	0.00807	0.00553	0.00405	0.00977
27	0.05768	0.01529	0.01655	0.01298	0.01756	0.01652	0.01064	0.48003	0.02581	0.12421	0.01770	0.01782	0.01258	0.00782	0.00616	0.00191	0.00627	0.00595	0.13631	0.01020
28	0.00798	0.00588	0.00748	0.00877	0.00944	0.00538	0.00593	0.00921	0.01299	0.01696	0.04112	0.65296	0.15181	0.02000	0.00830	0.00260	0.00374	0.01795	0.00611	0.00538
29	0.01489	0.02585	0.39322	0.02732	0.28000	0.03851	0.08531	0.02081	0.01459	0.02096	0.01211	0.01505	0.00925	0.00607	0.00648	0.00204	0.00924	0.00547	0.00302	0.00984
30	0.01365	0.01170	0.01365	0.00975	0.01560	0.00878	0.00780	0.01658	0.01365	0.02145	0.01170	0.01365	0.00975	0.00488	0.00488	0.00098	0.00488	0.00390	0.00390	0.80888
31	0.00828	0.00584	0.00756	0.00883	0.00915	0.00552	0.00576	0.00923	0.01210	0.01613	0.03368	0.64335	0.04025	0.14610	0.01261	0.00330	0.00425	0.01718	0.00576	0.00512
32	0.01259	0.01195	0.01510	0.01355	0.01545	0.11222	0.07960	0.01483	0.01207	0.01582	0.01522	0.02201	0.01390	0.03504	0.47860	0.05113	0.06460	0.00658	0.00341	0.00635
33	0.01163	0.00827	0.01068	0.01004	0.01169	0.00907	0.00768	0.09835	0.01445	0.02073	0.11675	0.02956	0.02301	0.11116	0.40169	0.00700	0.01171	0.00777	0.08236	0.00641
34	0.12609	0.01240	0.01508	0.01183	0.01674	0.01194	0.00973	0.10958	0.05787	0.52474	0.02273	0.02029	0.01477	0.00791	0.00630	0.00204	0.00571	0.00620	0.00738	0.01065
35	0.14193	0.62636	0.05681	0.01114	0.01668	0.02389	0.01111	0.01970	0.01306	0.01788	0.00925	0.01071	0.00824	0.00573	0.00428	0.00153	0.00684	0.00358	0.00301	0.00829
36	0.68111	0.01272	0.01041	0.00923	0.01319	0.01462	0.00753	0.04966	0.05928	0.02974	0.05215	0.01407	0.01136	0.00680	0.00457	0.00205	0.00508	0.00441	0.00454	0.00747
37	0.01076	0.00917	0.01298	0.01207	0.01351	0.04113	0.04894	0.01305	0.01112	0.01553	0.01667	0.02517	0.01572	0.09028	0.57300	0.00892	0.06534	0.00706	0.00350	0.00609
38	0.01131	0.10333	0.01460	0.01131	0.01290	0.01198	0.00923	0.01355	0.01107	0.01599	0.01557	0.02227	0.01440	0.03591	0.50159	0.00777	0.11854	0.00637	0.05590	0.00640
39	0.06933	0.01666	0.02625	0.14508	0.36940	0.08009	0.15763	0.02034	0.01489	0.02074	0.01206	0.01602	0.00969	0.00601	0.00657	0.00203	0.00882	0.00595	0.00329	0.00916
40	0.13954	0.04049	0.01843	0.06332	0.01833	0.03382	0.01283	0.01688	0.01106	0.01850	0.00923	0.01378	0.00850	0.00949	0.01555	0.00247	0.48570	0.00516	0.00316	0.07377

[dist]
# distance from previous block
# <min> <max>
4	8

[block]
# block no. 1 follows, 33 sequences, length 44
# corresponding to MSA columns:
# 81-124
name=unknown_B
#
# <colnr> <probs for GDERKNQSTAVLIFYWHMCP>
#	G	D	E	R	K	N	Q	S	T	A	V	L	I	F	Y	W	H	M	C	P
0	0.05717	0.16625	0.21962	0.05093	0.17265	0.01736	0.03218	0.05674	0.04432	0.04203	0.01468	0.01667	0.03888	0.00692	0.00655	0.00197	0.03669	0.00548	0.00364	0.00926
1	0.00824	0.00582	0.00757	0.00888	0.00921	0.00550	0.00581	0.00922	0.01217	0.01623	0.03406	0.66090	0.04073	0.12790	0.01200	0.00321	0.00419	0.01740	0.00581	0.00515
2	0.02072	0.06823	0.04776	0.01398	0.01804	0.10936	0.01176	0.23044	0.06550	0.13535	0.01659	0.01809	0.01265	0.01500	0.13359	0.00347	0.05908	0.00589	0.00524	0.00926
3	0.08496	0.07409	0.13703	0.07643	0.12076	0.03933	0.05850	0.17830	0.01747	0.02488	0.01317	0.03810	0.01086	0.02877	0.00820	0.00220	0.06793	0.00590	0.00405	0.00905
4	0.08240	0.03518	0.01388	0.01230	0.05709	0.05933	0.00915	0.08714	0.01733	0.22906	0.05821	0.02966	0.16813	0.01270	0.06021	0.00263	0.00649	0.00780	0.04286	0.00847
5	0.00812	0.00637	0.00723	0.00764	0.00911	0.00561	0.00542	0.00970	0.01438	0.01817	0.12811	0.27570	0.40440	0.05796	0.00935	0.00257	0.00362	0.01492	0.00612	0.00548
6	0.07741	0.09638	0.08719	0.03451	0.12330	0.07853	0.06836	0.21630	0.07616	0.02676	0.01363	0.01531	0.01049	0.00703	0.00682	0.00199	0.04026	0.00552	0.00445	0.00958
7	0.01808	0.15405	0.09311	0.13159	0.03952	0.17273	0.04245	0.06658	0.09453	0.05079	0.01561	0.01724	0.03260	0.00713	0.00602	0.00189	0.00829	0.00554	0.03364	0.00863
8	0.00946	0.00633	0.00721	0.00733	0.00735	0.00631	0.00414	0.00954	0.00979	0.01306	0.02188	0.09573	0.02537	0.71404	0.03168	0.00611	0.00620	0.01024	0.00414	0.00409
9	0.01406	0.01230	0.10415	0.01578	0.11002	0.00957	0.03327	0.03454	0.01480	0.13439	0.04193	0.35451	0.02793	0.01462	0.02813	0.00259	0.00613	0.02793	0.00552	0.00783
10	0.03521	0.09219	0.08436	0.04045	0.19696	0.18533	0.01499	0.09504	0.06957	0.02205	0.03836	0.03444	0.01285	0.00745	0.00690	0.00195	0.04305	0.00578	0.00402	0.00904
11	0.02499	0.01965	0.01965	0.01532	0.02041	0.08775	0.01253	0.64225	0.02981	0.03912	0.01528	0.01544	0.01094	0.00780	0.00653	0.00195	0.00768	0.00577	0.00629	0.01086
12	0.01761	0.14448	0.23523	0.01725	0.08425	0.06189	0.01587	0.17163	0.07684	0.02478	0.01506	0.01619	0.03114	0.00696	0.00601	0.00187	0.00787	0.00536	0.00419	0.05554
13	0.07421	0.00848	0.01067	0.00934	0.01213	0.00781	0.00728	0.01862	0.01756	0.24342	0.37475	0.08697	0.07834	0.01194	0.00719	0.00211	0.00408	0.01023	0.00716	0.00773
14	0.02688	0.01251	0.01567	0.01214	0.01698	0.01192	0.00998	0.18979	0.02148	0.50898	0.05239	0.02205	0.01702	0.00829	0.00657	0.00200	0.00578	0.00666	0.04214	0.01078
15	0.04886	0.01899	0.17525	0.05697	0.10247	0.05338	0.14849	0.05578	0.08498	0.05383	0.04995	0.08863	0.01636	0.00823	0.00684	0.00214	0.00804	0.00752	0.00437	0.00893
16	0.01552	0.01476	0.02492	0.03743	0.66122	0.01470	0.01886	0.01920	0.01486	0.02111	0.01576	0.05833	0.03979	0.00708	0.00667	0.00200	0.00743	0.00687	0.00352	0.00997
17	0.00802	0.00573	0.00764	0.00917	0.00955	0.00535	0.00611	0.00917	0.01260	0.01681	0.03628	0.76434	0.04354	0.02062	0.00840	0.00267	0.00382	0.01872	0.00611	0.00535
18	0.01547	0.01735	0.03647	0.02639	0.03238	0.01694	0.62201	0.02107	0.03723	0.02084	0.01334	0.01768	0.01019	0.00617	0.00893	0.00228	0.07549	0.00758	0.00340	0.00878
19	0.07888	0.06638	0.08518	0.05961	0.05872	0.03408	0.01304	0.25931	0.04551	0.19191	0.01714	0.03322	0.01241	0.00763	0.00625	0.00200	0.00702	0.00595	0.00568	0.01007
20	0.01609	0.01527	0.02509	0.07586	0.61567	0.01566	0.01906	0.02159	0.08907	0.02189	0.01387	0.01724	0.01136	0.00623	0.00654	0.00200	0.00760	0.00603	0.00360	0.01026
21	0.00802	0.00573	0.00764	0.00917	0.00955	0.00535	0.00611	0.00917	0.01260	0.01681	0.03628	0.76434	0.04354	0.02062	0.00840	0.00267	0.00382	0.01872	0.00611	0.00535
22	0.01565	0.01927	0.19196	0.07534	0.14831	0.05028	0.15471	0.04634	0.01558	0.07549	0.01866	0.09037	0.05169	0.00824	0.00694	0.00213	0.00839	0.00765	0.00407	0.00893
23	0.01481	0.06681	0.42696	0.01817	0.05157	0.04269	0.04784	0.07414	0.03010	0.02172	0.02855	0.01781	0.02793	0.00837	0.02370	0.00230	0.06317	0.02066	0.00350	0.00919
24	0.00927	0.00643	0.00805	0.00832	0.00866	0.00664	0.00535	0.01001	0.01033	0.01405	0.02268	0.16278	0.02555	0.47202	0.19511	0.00673	0.00858	0.01055	0.00424	0.00466
25	0.01749	0.18194	0.03834	0.01586	0.01906	0.19320	0.06793	0.04112	0.04281	0.01756	0.01145	0.01487	0.01002	0.01223	0.08633	0.00295	0.21033	0.00526	0.00336	0.00788
26	0.06379	0.10048	0.09315	0.08551	0.04564	0.01337	0.06560	0.05042	0.01517	0.12500	0.05075	0.15968	0.05718	0.01022	0.00721	0.00215	0.03295	0.00869	0.00489	0.00816
27	0.01651	0.01899	0.15132	0.08712	0.08462	0.07885	0.04101	0.15480	0.06483	0.02368	0.05354	0.02070	0.01469	0.09110	0.01068	0.00257	0.06553	0.00646	0.00431	0.00867
28	0.12446	0.02265	0.06887	0.10453	0.06579	0.30890	0.04408	0.12150	0.01796	0.02253	0.01216	0.03474	0.00989	0.00708	0.00607	0.00193	0.00929	0.00529	0.00391	0.00835
29	0.07322	0.33382	0.02452	0.01404	0.06016	0.07219	0.01155	0.15554	0.01781	0.09625	0.01363	0.01603	0.01111	0.00696	0.00541	0.00173	0.00707	0.03277	0.00444	0.04176
30	0.01476	0.03847	0.01194	0.00963	0.01196	0.01081	0.03546	0.12161	0.01614	0.02585	0.01861	0.02145	0.01464	0.00790	0.00660	0.00175	0.07403	0.00604	0.54515	0.00721
31	0.00950	0.00728	0.01116	0.01091	0.01216	0.00817	0.03235	0.01175	0.01091	0.01553	0.01939	0.09686	0.01912	0.07439	0.61761	0.00936	0.01562	0.00830	0.00379	0.00586
32	0.00811	0.00577	0.00761	0.00905	0.00941	0.00541	0.00598	0.00919	0.01242	0.01656	0.03535	0.72091	0.04236	0.06567	0.00991	0.00290	0.00397	0.01816	0.00598	0.00527
33	0.06343	0.72894	0.03307	0.01111	0.01666	0.02540	0.01103	0.01969	0.01325	0.01630	0.00915	0.01057	0.00837	0.00566	0.00422	0.00144	0.00693	0.00352	0.00289	0.00837
34	0.06672	0.10982	0.08936	0.09390	0.23205	0.19195	0.01603	0.08680	0.01670	0.02138	0.01149	0.01407	0.00925	0.00637	0.00595	0.00187	0.00875	0.00497	0.00353	0.00903
35	0.00963	0.00699	0.00875	0.00961	0.01055	0.00680	0.00667	0.07574	0.01448	0.01922	0.03590	0.65664	0.07560	0.01921	0.00820	0.00258	0.00412	0.01724	0.00616	0.00592
36	0.01430	0.01454	0.02280	0.01868	0.01989	0.01885	0.13227	0.01650	0.01105	0.01671	0.00998	0.01566	0.00934	0.01276	0.06229	0.00323	0.58457	0.00618	0.00300	0.00741
37	0.00807	0.00575	0.00763	0.00911	0.00948	0.00538	0.00605	0.00918	0.01251	0.01668	0.03582	0.74261	0.04295	0.04317	0.00916	0.00279	0.00390	0.01844	0.00605	0.00531
38	0.01792	0.68663	0.06355	0.01200	0.01765	0.07786	0.01193	0.02024	0.01378	0.01577	0.00934	0.01080	0.00845	0.00574	0.00444	0.00146	0.00751	0.00363	0.00286	0.00844
39	0.00818	0.00673	0.00722	0.00723	0.00931	0.00577	0.00551	0.01015	0.01557	0.01922	0.16600	0.06180	0.58346	0.01627	0.00785	0.00225	0.00346	0.05205	0.00628	0.00569
40	0.02082	0.07060	0.01833	0.01555	0.01845	0.52047	0.01198	0.02264	0.01633	0.01591	0.01128	0.01438	0.00986	0.01437	0.13334	0.00329	0.06693	0.00479	0.00334	0.00735
41	0.07224	0.02902	0.01822	0.01629	0.01990	0.62942	0.01236	0.09080	0.01938	0.01935	0.01065	0.01218	0.00866	0.00685	0.00589	0.00174	0.01102	0.00436	0.00374	0.00794
42	0.01670	0.03734	0.02222	0.01804	0.02002	0.16322	0.10886	0.03956	0.01330	0.01736	0.01037	0.01500	0.00934	0.01177	0.05907	0.00295	0.41834	0.00576	0.00320	0.00759
43	0.01698	0.01208	0.01411	0.01232	0.01562	0.01307	0.00979	0.11243	0.26363	0.12222	0.07650	0.07263	0.04976	0.01299	0.05350	0.00273	0.04642	0.04332	0.00631	0.04360

[dist]
# distance from previous block
# <min> <max>
0	6

[block]
# block no. 2 follows, 33 sequences, length 55
# corresponding to MSA columns:
# 131-185
name=unknown_C
#
# <colnr> <probs for GDERKNQSTAVLIFYWHMCP>
#	G	D	E	R	K	N	Q	S	T	A	V	L	I	F	Y	W	H	M	C	P
0	0.09924	0.01298	0.04291	0.01199	0.01568	0.01330	0.00979	0.04463	0.35487	0.13294	0.02427	0.06366	0.01953	0.04646	0.00780	0.00240	0.00541	0.03792	0.04500	0.00921
1	0.01582	0.04847	0.02167	0.34139	0.24053	0.04580	0.01688	0.03675	0.09645	0.05169	0.01421	0.01762	0.01095	0.00671	0.00644	0.00206	0.00795	0.00590	0.00379	0.00893
2	0.01525	0.17092	0.48268	0.01650	0.02440	0.05201	0.01963	0.02147	0.03584	0.04932	0.01332	0.01658	0.01039	0.00686	0.00601	0.00198	0.00885	0.03537	0.00331	0.00930
3	0.08236	0.00838	0.02635	0.00806	0.01059	0.00734	0.00633	0.01250	0.04654	0.02072	0.15110	0.11636	0.41823	0.01450	0.00729	0.00217	0.00382	0.01217	0.00595	0.03926
4	0.05228	0.04006	0.17585	0.02058	0.02678	0.06424	0.29510	0.08878	0.01623	0.03848	0.01258	0.01551	0.00952	0.00655	0.00791	0.00209	0.06989	0.00608	0.00366	0.04781
5	0.11020	0.50188	0.02983	0.01344	0.01851	0.09502	0.07976	0.02029	0.01372	0.01775	0.00965	0.01159	0.00846	0.00606	0.00551	0.00166	0.04129	0.00412	0.00307	0.00820
6	0.01742	0.74191	0.06359	0.01158	0.01738	0.02560	0.01181	0.01976	0.01340	0.01571	0.00926	0.01070	0.00844	0.00566	0.00431	0.00144	0.00715	0.00358	0.00281	0.00850
7	0.00871	0.00666	0.00799	0.00775	0.00949	0.00594	0.00578	0.01121	0.01706	0.02288	0.45769	0.08775	0.29732	0.01494	0.00780	0.00215	0.00322	0.01293	0.00679	0.00594
8	0.00802	0.00573	0.00764	0.00917	0.00955	0.00535	0.00611	0.00917	0.01260	0.01681	0.03628	0.76434	0.04354	0.02062	0.00840	0.00267	0.00382	0.01872	0.00611	0.00535
9	0.01365	0.01170	0.01365	0.00975	0.01560	0.00878	0.00780	0.01658	0.01365	0.02145	0.01170	0.01365	0.00975	0.00488	0.00488	0.00098	0.00488	0.00390	0.00390	0.80888
10	0.01243	0.01170	0.01975	0.75282	0.04534	0.01463	0.01828	0.01682	0.01316	0.01682	0.01170	0.01755	0.00878	0.00658	0.00658	0.00219	0.00878	0.00585	0.00293	0.00731
11	0.02459	0.03138	0.01866	0.01696	0.02035	0.74221	0.01272	0.02629	0.01866	0.01611	0.01018	0.01187	0.00848	0.00678	0.00594	0.00170	0.01187	0.00424	0.00339	0.00763
12	0.01365	0.01170	0.01365	0.00975	0.01560	0.00878	0.00780	0.01658	0.01365	0.02145	0.01170	0.01365	0.00975	0.00488	0.00488	0.00098	0.00488	0.00390	0.00390	0.80888
13	0.00949	0.00635	0.00720	0.00728	0.00730	0.00633	0.00410	0.00955	0.00973	0.01297	0.02154	0.08010	0.02494	0.73024	0.03222	0.00619	0.00625	0.01004	0.00410	0.00406
14	0.00802	0.00573	0.00764	0.00917	0.00955	0.00535	0.00611	0.00917	0.01260	0.01681	0.03628	0.76434	0.04354	0.02062	0.00840	0.00267	0.00382	0.01872	0.00611	0.00535
15	0.00847	0.00658	0.00770	0.00766	0.00937	0.00581	0.00565	0.01069	0.01627	0.02136	0.34478	0.14116	0.35934	0.01577	0.00785	0.00221	0.00329	0.01362	0.00660	0.00581
16	0.00802	0.00573	0.00764	0.00917	0.00955	0.00535	0.00611	0.00917	0.01260	0.01681	0.03628	0.76434	0.04354	0.02062	0.00840	0.00267	0.00382	0.01872	0.00611	0.00535
17	0.05904	0.01419	0.05278	0.01347	0.03845	0.04411	0.01116	0.11338	0.01948	0.49351	0.02262	0.02253	0.01540	0.00830	0.00658	0.00206	0.00636	0.03899	0.00705	0.01053
18	0.01665	0.42209	0.25286	0.01409	0.02082	0.09072	0.01532	0.02052	0.01407	0.01760	0.01024	0.01193	0.00850	0.00589	0.00507	0.00162	0.00823	0.00404	0.00293	0.05682
19	0.01760	0.77260	0.03450	0.01126	0.01690	0.02605	0.01126	0.01971	0.01338	0.01549	0.00915	0.01056	0.00845	0.00563	0.00422	0.00141	0.00704	0.00352	0.00282	0.00845
20	0.02543	0.01071	0.01409	0.01108	0.01570	0.00937	0.00904	0.02860	0.04710	0.57710	0.06310	0.02727	0.08406	0.00911	0.00672	0.00203	0.00523	0.00749	0.00770	0.03908
21	0.01049	0.08066	0.05441	0.01038	0.01306	0.00937	0.04194	0.01400	0.04966	0.02119	0.26886	0.17545	0.17020	0.01382	0.00747	0.00220	0.00465	0.03963	0.00589	0.00667
22	0.01514	0.04707	0.09915	0.01369	0.06528	0.03352	0.01128	0.08091	0.06451	0.02301	0.01622	0.01751	0.05177	0.00643	0.00560	0.00146	0.00608	0.00515	0.00423	0.43200
23	0.12729	0.36699	0.08133	0.05104	0.01966	0.18047	0.01248	0.05906	0.01525	0.01947	0.01009	0.01178	0.00844	0.00617	0.00499	0.00168	0.00815	0.00404	0.00333	0.00828
24	0.00802	0.00668	0.00700	0.00692	0.00904	0.00566	0.00519	0.00991	0.01557	0.01912	0.16896	0.06115	0.62179	0.01617	0.00778	0.00220	0.00330	0.01358	0.00629	0.00566
25	0.02197	0.01836	0.06212	0.01530	0.02055	0.04045	0.04322	0.42956	0.16159	0.06367	0.01770	0.01756	0.01279	0.00777	0.00656	0.00200	0.00716	0.00615	0.00610	0.03942
26	0.01554	0.01776	0.03885	0.02775	0.03441	0.01665	0.70366	0.02109	0.01554	0.02109	0.01332	0.01776	0.00999	0.00555	0.00777	0.00222	0.01110	0.00777	0.00333	0.00888
27	0.02040	0.01438	0.10347	0.01379	0.01836	0.01201	0.06248	0.04199	0.07703	0.32964	0.10251	0.02528	0.04162	0.03116	0.00892	0.00228	0.07157	0.00738	0.00623	0.00948
28	0.01800	0.48155	0.17905	0.01311	0.01933	0.05836	0.01380	0.02133	0.01445	0.08872	0.03070	0.01356	0.01066	0.00629	0.00508	0.00165	0.00761	0.00438	0.00349	0.00889
29	0.01229	0.01148	0.01930	0.71684	0.04371	0.01432	0.01780	0.01657	0.01304	0.01675	0.01199	0.01795	0.00915	0.00866	0.04225	0.00260	0.00921	0.00591	0.00295	0.00724
30	0.05237	0.01468	0.01701	0.01313	0.01816	0.01506	0.01083	0.36593	0.02444	0.34194	0.02022	0.01882	0.01348	0.00794	0.00645	0.00199	0.00632	0.00616	0.03418	0.01090
31	0.21571	0.01209	0.01427	0.01124	0.01610	0.01167	0.00928	0.07823	0.01791	0.51492	0.02124	0.01914	0.01375	0.00765	0.00601	0.00203	0.00560	0.00584	0.00707	0.01024
32	0.00926	0.00671	0.00863	0.00816	0.00967	0.00619	0.00606	0.01216	0.01807	0.02541	0.66340	0.04954	0.09012	0.04714	0.00891	0.00227	0.00326	0.01189	0.00705	0.00608
33	0.00802	0.00573	0.00764	0.00917	0.00955	0.00535	0.00611	0.00917	0.01260	0.01681	0.03628	0.76434	0.04354	0.02062	0.00840	0.00267	0.00382	0.01872	0.00611	0.00535
34	0.01029	0.00652	0.00776	0.00745	0.00903	0.00616	0.00559	0.01332	0.01677	0.02536	0.44634	0.04112	0.07608	0.01156	0.00665	0.00189	0.00310	0.00996	0.28892	0.00616
35	0.01507	0.01446	0.01738	0.01521	0.01624	0.08412	0.01230	0.08005	0.01297	0.01806	0.01235	0.03897	0.01189	0.04906	0.14760	0.00420	0.43295	0.00639	0.00353	0.00719
36	0.02544	0.01777	0.01934	0.01483	0.02008	0.01942	0.01225	0.64325	0.02983	0.10545	0.01675	0.01642	0.01167	0.00793	0.00659	0.00198	0.00709	0.00599	0.00673	0.01120
37	0.02862	0.01267	0.01619	0.01241	0.01754	0.01186	0.01025	0.16894	0.02130	0.59180	0.02391	0.02107	0.01526	0.00810	0.00661	0.00202	0.00594	0.00648	0.00783	0.01120
38	0.01014	0.00630	0.00842	0.00937	0.01026	0.00580	0.00646	0.01151	0.01347	0.08577	0.06612	0.66120	0.04176	0.01911	0.00820	0.00259	0.00396	0.01725	0.00636	0.00595
39	0.01305	0.01233	0.02087	0.63824	0.15506	0.01479	0.01859	0.01736	0.01346	0.01757	0.01181	0.01735	0.00904	0.00647	0.00657	0.00216	0.00862	0.00585	0.00298	0.00781
40	0.00957	0.00638	0.00718	0.00718	0.00718	0.00638	0.00399	0.00957	0.00957	0.01276	0.02074	0.04308	0.02393	0.76864	0.03351	0.00638	0.00638	0.00957	0.00399	0.00399
41	0.00943	0.00716	0.00786	0.00752	0.00977	0.00629	0.00569	0.01209	0.04123	0.05220	0.21991	0.05675	0.51006	0.01525	0.00769	0.00218	0.00345	0.01286	0.00650	0.00614
42	0.02540	0.01784	0.01939	0.01486	0.02012	0.01953	0.01228	0.64983	0.02995	0.09870	0.01665	0.01635	0.01162	0.00792	0.00659	0.00198	0.00711	0.00598	0.00672	0.01120
43	0.02954	0.01120	0.01528	0.01171	0.01681	0.00968	0.00968	0.03208	0.01884	0.73213	0.02597	0.02241	0.01630	0.00815	0.00662	0.00204	0.00560	0.00662	0.00815	0.01120
44	0.00811	0.00578	0.00766	0.00907	0.00948	0.00541	0.00604	0.00928	0.01269	0.01697	0.05763	0.71723	0.04347	0.04568	0.00923	0.00278	0.00388	0.01819	0.00608	0.00533
45	0.01394	0.01324	0.02247	0.47481	0.31157	0.01502	0.01903	0.01814	0.01388	0.01865	0.01197	0.01706	0.00942	0.00630	0.00656	0.00210	0.00840	0.00586	0.00306	0.00853
46	0.01596	0.01697	0.02694	0.17679	0.23017	0.09501	0.20686	0.01986	0.01454	0.01913	0.01179	0.01623	0.00953	0.00674	0.00873	0.00217	0.10456	0.00620	0.00318	0.00865
47	0.27268	0.09809	0.09851	0.04513	0.02061	0.19669	0.08748	0.02151	0.01436	0.04478	0.01112	0.01331	0.00875	0.00782	0.03193	0.00223	0.00877	0.00465	0.00362	0.00796
48	0.01034	0.00796	0.01151	0.01079	0.02802	0.00749	0.06206	0.01289	0.01605	0.04729	0.34685	0.18504	0.15504	0.03751	0.00899	0.00237	0.02450	0.01266	0.00626	0.00638
49	0.00802	0.00573	0.00764	0.00917	0.00955	0.00535	0.00611	0.00917	0.01260	0.01681	0.03628	0.76434	0.04354	0.02062	0.00840	0.00267	0.00382	0.01872	0.00611	0.00535
50	0.01560	0.01322	0.03490	0.01160	0.01727	0.01080	0.04032	0.08925	0.04691	0.05549	0.01409	0.03269	0.01142	0.00595	0.00546	0.00131	0.00555	0.00494	0.00449	0.57872
51	0.01417	0.01185	0.01476	0.01074	0.01636	0.00931	0.04160	0.01769	0.03568	0.04504	0.04231	0.01595	0.01247	0.00550	0.00525	0.00115	0.00514	0.00462	0.00424	0.68618
52	0.01745	0.74737	0.05842	0.01152	0.01729	0.02568	0.01171	0.01975	0.01339	0.01567	0.00924	0.01067	0.00844	0.00565	0.00429	0.00143	0.00713	0.00357	0.00281	0.00849
53	0.01198	0.00934	0.01300	0.08240	0.09751	0.00991	0.01010	0.01593	0.06626	0.04417	0.17555	0.08053	0.09931	0.03037	0.06668	0.00298	0.04954	0.06737	0.05995	0.00712
54	0.18231	0.13678	0.01861	0.01351	0.01752	0.31466	0.01084	0.10050	0.06737	0.02294	0.04822	0.01469	0.01208	0.00709	0.00552	0.00181	0.00832	0.00480	0.00424	0.00818

[dist]
# distance from previous block
# <min> <max>
0	14

[block]
# block no. 3 follows, 33 sequences, length 23
# corresponding to MSA columns:
# 200-222
name=unknown_D
#
# <colnr> <probs for GDERKNQSTAVLIFYWHMCP>
#	G	D	E	R	K	N	Q	S	T	A	V	L	I	F	Y	W	H	M	C	P
0	0.05609	0.07737	0.05751	0.05486	0.08851	0.13897	0.03701	0.23954	0.11302	0.02720	0.01531	0.03850	0.01212	0.00756	0.00627	0.00197	0.00792	0.00594	0.00484	0.00950
1	0.61450	0.06075	0.01386	0.01197	0.06382	0.01559	0.03279	0.05466	0.01290	0.02804	0.01176	0.01331	0.03118	0.00648	0.00463	0.00200	0.00567	0.00433	0.00411	0.00766
2	0.01567	0.01917	0.15878	0.10457	0.17343	0.08725	0.06615	0.02208	0.11841	0.04398	0.03486	0.06829	0.01476	0.00802	0.00724	0.00213	0.03519	0.00693	0.00410	0.00900
3	0.01352	0.01139	0.01418	0.04436	0.01659	0.01035	0.00908	0.01664	0.03086	0.03802	0.01426	0.01710	0.03012	0.01109	0.08837	0.00239	0.08822	0.00497	0.00394	0.53454
4	0.00834	0.00606	0.00825	0.03500	0.01105	0.00581	0.00682	0.00972	0.01279	0.01699	0.03534	0.69361	0.04197	0.01998	0.00838	0.00268	0.00414	0.06159	0.00600	0.00546
5	0.02423	0.01859	0.01900	0.01496	0.01993	0.06826	0.01220	0.56347	0.10316	0.06328	0.01697	0.01672	0.01215	0.00795	0.00656	0.00199	0.00728	0.00600	0.00644	0.01087
6	0.01061	0.00758	0.01061	0.01212	0.01364	0.00758	0.01061	0.01364	0.01515	0.01970	0.03486	0.07426	0.03789	0.01819	0.00909	0.00303	0.00606	0.68326	0.00606	0.00606
7	0.01570	0.01235	0.04882	0.09269	0.12209	0.01216	0.01212	0.11995	0.04050	0.10596	0.03916	0.16381	0.02032	0.05396	0.08880	0.00334	0.02597	0.00891	0.00510	0.00829
8	0.01632	0.01210	0.01426	0.01035	0.01607	0.00967	0.00834	0.06489	0.01544	0.10784	0.01369	0.01484	0.01063	0.00547	0.00520	0.00117	0.00512	0.00436	0.00459	0.65965
9	0.00942	0.00699	0.01024	0.01024	0.01130	0.00805	0.00781	0.01154	0.01048	0.01503	0.01794	0.02756	0.01720	0.12034	0.67259	0.01017	0.01652	0.00730	0.00357	0.00569
10	0.01209	0.01161	0.06184	0.03212	0.05494	0.02435	0.04595	0.04791	0.12796	0.02075	0.04371	0.34117	0.03003	0.04066	0.00860	0.00259	0.00576	0.07514	0.00552	0.00732
11	0.02414	0.09678	0.02006	0.01674	0.04388	0.58141	0.01255	0.02603	0.01806	0.08502	0.01168	0.01292	0.00929	0.00678	0.00586	0.00171	0.01069	0.00446	0.00379	0.00815
12	0.00802	0.00573	0.00764	0.00917	0.00955	0.00535	0.00611	0.00917	0.01260	0.01681	0.03628	0.76434	0.04354	0.02062	0.00840	0.00267	0.00382	0.01872	0.00611	0.00535
13	0.00957	0.00638	0.00718	0.00718	0.00718	0.00638	0.00399	0.00957	0.00957	0.01276	0.02074	0.04308	0.02393	0.76864	0.03351	0.00638	0.00638	0.00957	0.00399	0.00399
14	0.76703	0.01264	0.01002	0.00884	0.01298	0.01446	0.00729	0.02013	0.01167	0.07256	0.01020	0.01141	0.00769	0.00624	0.00423	0.00204	0.00512	0.00375	0.00432	0.00738
15	0.01744	0.01372	0.01468	0.01299	0.01676	0.01558	0.01016	0.06413	0.60140	0.07552	0.02597	0.02402	0.01927	0.00877	0.00658	0.00217	0.00522	0.00725	0.04808	0.01029
16	0.01637	0.01414	0.01489	0.01340	0.01712	0.01637	0.01042	0.03498	0.71568	0.02754	0.02679	0.02456	0.02010	0.00893	0.00670	0.00223	0.00521	0.00744	0.00670	0.01042
17	0.01243	0.01170	0.01975	0.75282	0.04534	0.01463	0.01828	0.01682	0.01316	0.01682	0.01170	0.01755	0.00878	0.00658	0.00658	0.00219	0.00878	0.00585	0.00293	0.00731
18	0.01488	0.00838	0.00928	0.00898	0.03549	0.00860	0.00658	0.10689	0.01625	0.06293	0.02051	0.02304	0.01586	0.00912	0.03076	0.00195	0.00442	0.00616	0.60271	0.00721
19	0.01332	0.01135	0.01330	0.00972	0.01525	0.00858	0.00770	0.01614	0.01359	0.02118	0.01314	0.05749	0.01172	0.00580	0.00508	0.00107	0.00481	0.00477	0.00403	0.76196
20	0.01062	0.00724	0.00917	0.00841	0.01040	0.00649	0.00631	0.01336	0.01745	0.06764	0.52519	0.07197	0.11834	0.04164	0.00852	0.00220	0.00353	0.01146	0.00683	0.05321
21	0.01081	0.00744	0.00846	0.00826	0.00883	0.00757	0.00515	0.07637	0.01211	0.01617	0.02274	0.15515	0.02583	0.57662	0.02693	0.00537	0.00606	0.01068	0.00458	0.00490
22	0.06835	0.01917	0.22748	0.07920	0.02616	0.01381	0.21413	0.02031	0.05183	0.06481	0.07057	0.06549	0.01653	0.02401	0.00745	0.00226	0.00830	0.00743	0.00415	0.00857

[dist]
# distance from previous block
# <min> <max>
0	1

[block]
# block no. 4 follows, 33 sequences, length 18
# corresponding to MSA columns:
# 224-241
name=unknown_E
#
# <colnr> <probs for GDERKNQSTAVLIFYWHMCP>
#	G	D	E	R	K	N	Q	S	T	A	V	L	I	F	Y	W	H	M	C	P
0	0.01702	0.02942	0.11184	0.03859	0.05232	0.07305	0.02223	0.04533	0.19699	0.08943	0.01907	0.01970	0.04310	0.00787	0.00759	0.00197	0.07273	0.00608	0.00484	0.14083
1	0.44723	0.09901	0.10897	0.01114	0.01587	0.10774	0.01036	0.01954	0.01310	0.02407	0.01503	0.01619	0.07488	0.00715	0.00496	0.00195	0.00661	0.00479	0.00387	0.00753
2	0.01597	0.24485	0.43981	0.01638	0.02410	0.11440	0.01906	0.02124	0.01438	0.01869	0.01084	0.01268	0.00839	0.00615	0.00563	0.00184	0.00924	0.00440	0.00287	0.00909
3	0.00893	0.00723	0.00921	0.10609	0.01410	0.00694	0.00729	0.01135	0.01564	0.02034	0.26943	0.14187	0.32798	0.01480	0.00770	0.00223	0.00404	0.01280	0.00606	0.00598
4	0.11994	0.07056	0.39540	0.01821	0.02523	0.01670	0.12779	0.01998	0.01329	0.02108	0.01114	0.01395	0.00849	0.00676	0.00804	0.00216	0.10419	0.00519	0.00305	0.00885
5	0.05510	0.02203	0.01777	0.01602	0.04190	0.35602	0.01216	0.10667	0.03297	0.08254	0.01605	0.01739	0.05630	0.00843	0.00868	0.00202	0.12965	0.00562	0.00438	0.00830
6	0.00992	0.00616	0.00729	0.00754	0.00780	0.00610	0.00463	0.01014	0.01049	0.01479	0.02212	0.15214	0.02452	0.45453	0.02472	0.10720	0.00545	0.01008	0.11003	0.00434
7	0.01786	0.74536	0.03392	0.01147	0.01702	0.05237	0.01132	0.01995	0.01357	0.01551	0.00919	0.01061	0.00845	0.00567	0.00429	0.00142	0.00722	0.00355	0.00284	0.00842
8	0.01018	0.01761	0.31145	0.01307	0.01744	0.00951	0.01368	0.01406	0.01325	0.01854	0.02733	0.42120	0.05745	0.01445	0.00748	0.00241	0.00627	0.01272	0.00472	0.00719
9	0.04542	0.05174	0.03906	0.01513	0.01955	0.33194	0.03782	0.08103	0.08434	0.20552	0.01637	0.01630	0.01182	0.00730	0.00620	0.00189	0.00880	0.00539	0.00516	0.00922
10	0.01752	0.01363	0.02128	0.08165	0.34883	0.01379	0.04451	0.10701	0.01704	0.11682	0.01839	0.13589	0.01641	0.00881	0.00690	0.00211	0.00703	0.00809	0.00476	0.00952
11	0.01772	0.01367	0.01616	0.01322	0.06224	0.01229	0.00992	0.19644	0.01854	0.06939	0.01367	0.01490	0.01056	0.00592	0.00553	0.00136	0.00572	0.00471	0.00481	0.50322
12	0.00920	0.00666	0.00922	0.00949	0.01023	0.00727	0.00681	0.01076	0.01068	0.01492	0.02166	0.15911	0.02305	0.22317	0.43807	0.00816	0.01242	0.00972	0.00409	0.00532
13	0.01704	0.14245	0.13257	0.01407	0.03723	0.03838	0.01275	0.12308	0.17148	0.03706	0.01657	0.01756	0.01278	0.00747	0.00672	0.00190	0.05169	0.00559	0.11040	0.04322
14	0.01606	0.16044	0.18117	0.01428	0.01921	0.01523	0.05814	0.05995	0.01509	0.11578	0.03133	0.11401	0.05487	0.01092	0.03283	0.00240	0.07766	0.00763	0.00449	0.00850
15	0.02273	0.01850	0.02155	0.01635	0.02174	0.06225	0.10002	0.51310	0.02663	0.03549	0.01477	0.01562	0.01074	0.00725	0.00654	0.00190	0.00779	0.00587	0.00573	0.08545
16	0.01843	0.50678	0.09824	0.01420	0.02029	0.02172	0.10376	0.02157	0.01441	0.10791	0.01209	0.01333	0.00964	0.00600	0.00519	0.00166	0.00765	0.00460	0.00356	0.00898
17	0.01655	0.01161	0.01159	0.01099	0.01337	0.12381	0.00815	0.01886	0.03945	0.20304	0.05935	0.34801	0.07975	0.01422	0.00742	0.00228	0.00554	0.01228	0.00627	0.00745

[dist]
# distance from previous block
# <min> <max>
0	98

[block]
# block no. 5 follows, 33 sequences, length 60
# corresponding to MSA columns:
# 340-399
name=unknown_F
#
# <colnr> <probs for GDERKNQSTAVLIFYWHMCP>
#	G	D	E	R	K	N	Q	S	T	A	V	L	I	F	Y	W	H	M	C	P
0	0.01573	0.38404	0.27215	0.01639	0.08218	0.02012	0.01629	0.04469	0.01430	0.01887	0.01207	0.05348	0.01060	0.00677	0.00543	0.00178	0.00786	0.00510	0.00316	0.00899
1	0.05074	0.05864	0.01231	0.00980	0.01252	0.00979	0.02827	0.07115	0.03121	0.05412	0.10171	0.12671	0.18537	0.09836	0.01000	0.00259	0.00499	0.04824	0.02467	0.05881
2	0.01138	0.00759	0.00860	0.00821	0.00910	0.00757	0.00526	0.07191	0.01260	0.04329	0.02610	0.11530	0.08572	0.53066	0.02530	0.00509	0.00590	0.01045	0.00478	0.00517
3	0.01947	0.12793	0.01911	0.04226	0.04108	0.19115	0.01146	0.09564	0.23146	0.06853	0.02100	0.02080	0.06589	0.00817	0.00621	0.00193	0.00739	0.00627	0.00513	0.00912
4	0.16065	0.04830	0.04858	0.25543	0.07989	0.01564	0.01392	0.09934	0.01518	0.02338	0.06010	0.01761	0.01277	0.00756	0.00755	0.00212	0.08413	0.00571	0.03414	0.00800
5	0.01661	0.01719	0.01919	0.01644	0.01787	0.15103	0.03193	0.07582	0.01386	0.01829	0.01323	0.01734	0.04826	0.01219	0.04913	0.00288	0.46165	0.00605	0.00351	0.00751
6	0.70663	0.01489	0.07425	0.00986	0.01449	0.01508	0.00891	0.05215	0.01238	0.02934	0.00972	0.01122	0.00743	0.00621	0.00439	0.00204	0.00560	0.00379	0.00408	0.00755
7	0.00778	0.00667	0.00667	0.00667	0.00889	0.00556	0.00500	0.00945	0.01501	0.01778	0.06669	0.06336	0.72490	0.01667	0.00778	0.00222	0.00333	0.01389	0.00611	0.00556
8	0.03942	0.01527	0.01649	0.01599	0.08077	0.03875	0.01152	0.11241	0.53183	0.02836	0.02322	0.02203	0.01747	0.00839	0.00657	0.00216	0.00588	0.00692	0.00621	0.01034
9	0.01094	0.01104	0.07585	0.03427	0.11631	0.00915	0.01096	0.03784	0.01517	0.01989	0.06006	0.11896	0.25602	0.01543	0.03464	0.00268	0.00596	0.15258	0.00527	0.00699
10	0.07549	0.03640	0.11191	0.05953	0.47485	0.01553	0.05620	0.02068	0.01468	0.05484	0.01265	0.01586	0.01007	0.00604	0.00632	0.00199	0.00794	0.00565	0.00347	0.00988
11	0.01687	0.01681	0.02343	0.27031	0.10386	0.10684	0.14953	0.09897	0.10512	0.02217	0.01426	0.01744	0.01085	0.00678	0.00674	0.00209	0.00889	0.00623	0.00398	0.00881
12	0.01211	0.06891	0.01439	0.01175	0.01304	0.01224	0.00942	0.01402	0.01101	0.04256	0.01561	0.02353	0.01475	0.10733	0.38663	0.00695	0.18974	0.00668	0.03290	0.00641
13	0.01420	0.01237	0.01555	0.01161	0.01677	0.01067	0.04643	0.04896	0.04046	0.02201	0.01334	0.04532	0.01153	0.00631	0.00648	0.00134	0.05697	0.00507	0.00412	0.61049
14	0.08500	0.37887	0.17797	0.01322	0.01943	0.04254	0.01369	0.08213	0.01562	0.09877	0.01219	0.01309	0.00942	0.00632	0.00517	0.00173	0.00746	0.00439	0.00385	0.00913
15	0.02473	0.01830	0.01959	0.01509	0.02030	0.02028	0.01244	0.68307	0.05397	0.04102	0.01618	0.01610	0.01149	0.00794	0.00659	0.00198	0.00718	0.00598	0.00659	0.01117
16	0.05271	0.01471	0.02359	0.19064	0.48442	0.01562	0.01841	0.04952	0.04698	0.02200	0.01289	0.01666	0.01039	0.00626	0.00643	0.00202	0.00776	0.00583	0.00352	0.00963
17	0.01440	0.01440	0.02016	0.01728	0.01728	0.02016	0.01440	0.01584	0.01008	0.01584	0.00864	0.01440	0.00864	0.01152	0.02160	0.00288	0.75659	0.00576	0.00288	0.00720
18	0.00805	0.00657	0.00712	0.00721	0.00912	0.00564	0.00532	0.00989	0.01531	0.01904	0.16747	0.14077	0.54238	0.01661	0.00785	0.00225	0.00335	0.01413	0.00629	0.00564
19	0.00833	0.00604	0.00788	0.00896	0.00972	0.00560	0.00623	0.00991	0.01388	0.01858	0.15199	0.56539	0.09689	0.01905	0.00828	0.00256	0.00376	0.04512	0.00630	0.00554
20	0.00851	0.00670	0.00768	0.00743	0.00934	0.00587	0.00557	0.01085	0.01672	0.02186	0.37744	0.05665	0.41161	0.01515	0.00777	0.00215	0.00323	0.01295	0.00665	0.00587
21	0.00780	0.00658	0.00676	0.00691	0.00896	0.00554	0.00511	0.00942	0.01477	0.01769	0.06376	0.13093	0.65921	0.01705	0.00784	0.00227	0.00338	0.01436	0.00611	0.00554
22	0.02503	0.01844	0.01976	0.01515	0.02042	0.02042	0.01251	0.70562	0.03095	0.04149	0.01581	0.01581	0.01120	0.00790	0.00659	0.00198	0.00724	0.00593	0.00659	0.01120
23	0.01397	0.01327	0.02253	0.46851	0.31761	0.01503	0.01905	0.01817	0.01389	0.01869	0.01197	0.01705	0.00944	0.00630	0.00656	0.00210	0.00839	0.00586	0.00306	0.00856
24	0.81514	0.01273	0.00968	0.00866	0.01273	0.01477	0.00713	0.01935	0.01120	0.02954	0.00917	0.01069	0.00713	0.00611	0.00407	0.00204	0.00509	0.00356	0.00407	0.00713
25	0.01554	0.01776	0.03885	0.02775	0.03441	0.01665	0.70366	0.02109	0.01554	0.02109	0.01332	0.01776	0.00999	0.00555	0.00777	0.00222	0.01110	0.00777	0.00333	0.00888
26	0.00968	0.00745	0.01110	0.01095	0.01206	0.00888	0.00857	0.01198	0.01055	0.01531	0.01714	0.02524	0.01603	0.04731	0.70325	0.01016	0.05791	0.00698	0.00349	0.00595
27	0.00940	0.00705	0.01058	0.01058	0.01176	0.00823	0.00823	0.01176	0.01058	0.01528	0.01763	0.02586	0.01646	0.04937	0.74255	0.01058	0.01763	0.00705	0.00353	0.00588
28	0.01801	0.01409	0.01557	0.01429	0.04634	0.01577	0.01076	0.09851	0.53494	0.08800	0.02655	0.02463	0.04481	0.00893	0.00671	0.00218	0.00548	0.00740	0.00665	0.01038
29	0.00838	0.00619	0.00786	0.00868	0.00969	0.00568	0.00615	0.01013	0.01445	0.01921	0.19197	0.45615	0.16379	0.01827	0.00819	0.00248	0.00368	0.04707	0.00636	0.00561
30	0.01583	0.45382	0.30910	0.01429	0.02147	0.02146	0.01637	0.02073	0.03979	0.01805	0.01086	0.01240	0.00884	0.00600	0.00512	0.00171	0.00803	0.00420	0.00295	0.00903
31	0.00935	0.00675	0.00884	0.00838	0.00993	0.00625	0.00632	0.01245	0.01855	0.02623	0.70694	0.04980	0.06151	0.01358	0.00780	0.00209	0.00318	0.02862	0.00722	0.00621
32	0.00813	0.00577	0.00761	0.00903	0.00939	0.00542	0.00596	0.00919	0.01240	0.01653	0.03521	0.71459	0.04219	0.07222	0.01013	0.00293	0.00400	0.01808	0.00596	0.00525
33	0.01792	0.73888	0.03378	0.01152	0.01705	0.05863	0.01133	0.02001	0.01362	0.01552	0.00920	0.01062	0.00845	0.00568	0.00430	0.00142	0.00726	0.00355	0.00284	0.00841
34	0.05044	0.17459	0.26925	0.01557	0.02206	0.04506	0.04189	0.12137	0.07245	0.07792	0.01390	0.01496	0.01035	0.00691	0.00649	0.00196	0.03596	0.00515	0.00416	0.00954
35	0.01815	0.14803	0.21224	0.01689	0.07141	0.17117	0.01535	0.04646	0.04566	0.07520	0.01453	0.01888	0.01207	0.03875	0.00764	0.00213	0.02961	0.04313	0.00391	0.00880
36	0.05077	0.16168	0.03947	0.01495	0.01855	0.45860	0.01202	0.03742	0.01644	0.01691	0.01079	0.01410	0.00959	0.06127	0.00842	0.00207	0.05135	0.00460	0.00338	0.00761
37	0.01844	0.25837	0.02326	0.07218	0.14147	0.11692	0.01261	0.04633	0.01546	0.08231	0.01347	0.01555	0.01079	0.00667	0.00591	0.00174	0.03002	0.00499	0.11491	0.00858
38	0.01125	0.00907	0.01005	0.03937	0.01295	0.03460	0.00708	0.01392	0.03658	0.05424	0.11977	0.15416	0.29401	0.01323	0.00711	0.00201	0.00439	0.01127	0.00571	0.15923
39	0.00797	0.00613	0.00730	0.00816	0.00930	0.00546	0.00568	0.00940	0.01377	0.01754	0.07339	0.46357	0.31111	0.01881	0.00814	0.00248	0.00360	0.01658	0.00615	0.00546
40	0.01008	0.00758	0.01078	0.01052	0.01150	0.00896	0.00810	0.01217	0.01067	0.01577	0.01742	0.02643	0.01652	0.11384	0.55322	0.00880	0.08185	0.00712	0.06283	0.00583
41	0.01955	0.23418	0.02242	0.01503	0.05095	0.17864	0.01187	0.10819	0.24906	0.02300	0.01616	0.01637	0.01273	0.00726	0.00581	0.00184	0.00755	0.00537	0.00470	0.00934
42	0.06049	0.25872	0.06531	0.01152	0.01623	0.01644	0.01052	0.05296	0.08381	0.10025	0.07007	0.01950	0.03520	0.00894	0.03076	0.00205	0.02910	0.00568	0.02927	0.09318
43	0.07520	0.10982	0.05847	0.01576	0.08382	0.05064	0.01230	0.19676	0.12433	0.15163	0.01794	0.04528	0.01368	0.00785	0.00616	0.00198	0.00675	0.00616	0.00556	0.00993
44	0.04748	0.17209	0.19907	0.03419	0.02236	0.04452	0.08716	0.07522	0.11742	0.07703	0.01627	0.01724	0.03058	0.00714	0.00642	0.00198	0.02454	0.00571	0.00428	0.00930
45	0.00829	0.00590	0.00784	0.00930	0.00974	0.00556	0.00635	0.00952	0.01265	0.01683	0.03545	0.67906	0.04220	0.05536	0.00963	0.00287	0.00411	0.06799	0.00601	0.00534
46	0.02317	0.01473	0.01641	0.01336	0.01786	0.03733	0.01084	0.26164	0.19530	0.24807	0.04722	0.02323	0.01767	0.00878	0.00674	0.00209	0.00619	0.03184	0.00700	0.01053
47	0.01776	0.06647	0.02347	0.05714	0.16601	0.01657	0.12559	0.12679	0.12110	0.07840	0.01792	0.04625	0.03111	0.00803	0.00790	0.00213	0.06611	0.00698	0.00476	0.00950
48	0.01116	0.00713	0.00852	0.00802	0.00992	0.00637	0.00586	0.01310	0.01563	0.10515	0.26167	0.09454	0.27893	0.13091	0.01165	0.00282	0.00403	0.01203	0.00639	0.00619
49	0.00920	0.00631	0.00745	0.00787	0.00814	0.00618	0.00487	0.00970	0.01081	0.01428	0.02711	0.20720	0.06144	0.52555	0.02537	0.00518	0.00565	0.04854	0.00468	0.00448
50	0.01892	0.17291	0.08310	0.01726	0.07568	0.18909	0.07339	0.07392	0.01660	0.07836	0.01534	0.10323	0.01377	0.00832	0.00672	0.00194	0.03203	0.00668	0.00415	0.00859
51	0.01610	0.01254	0.01709	0.01434	0.01646	0.01492	0.04959	0.15009	0.01531	0.07681	0.01506	0.02068	0.01306	0.07665	0.18861	0.00466	0.25687	0.00658	0.02679	0.00779
52	0.00809	0.00668	0.00710	0.00699	0.00908	0.00569	0.00524	0.01005	0.01573	0.01951	0.19864	0.06051	0.59187	0.01603	0.00778	0.00219	0.00329	0.01349	0.00634	0.00569
53	0.00875	0.00656	0.00797	0.00876	0.00986	0.00609	0.00611	0.03928	0.01428	0.01857	0.07575	0.52292	0.21338	0.01875	0.00814	0.00250	0.00381	0.01664	0.00619	0.00569
54	0.01761	0.18144	0.16429	0.03528	0.13894	0.07479	0.01542	0.04124	0.07062	0.08596	0.01390	0.01633	0.01110	0.03541	0.00819	0.00212	0.06892	0.00536	0.00389	0.00917
