[name]
unknown

[dist]
# distance from previous block
# <min> <max>
0	46

[block]
# block no. 0 follows, 34 sequences, length 14
# corresponding to MSA columns:
# 46-59
name=unknown_A
#
# <colnr> <probs for GDERKNQSTAVLIFYWHMCP>
#	G	D	E	R	K	N	Q	S	T	A	V	L	I	F	Y	W	H	M	C	P
0	0.03021	0.01068	0.01777	0.01595	0.03440	0.01058	0.16990	0.01752	0.04363	0.07379	0.05642	0.04921	0.02764	0.01302	0.00848	0.00260	0.02781	0.37773	0.00538	0.00728
1	0.01110	0.00779	0.00907	0.00874	0.00974	0.00790	0.00586	0.10668	0.01419	0.01915	0.11729	0.21301	0.03133	0.38653	0.02000	0.00424	0.00535	0.01135	0.00519	0.00550
2	0.01489	0.11639	0.01694	0.01229	0.01395	0.01458	0.01004	0.01650	0.01161	0.11087	0.01469	0.02161	0.01352	0.14719	0.12844	0.00421	0.28400	0.00632	0.03500	0.00698
3	0.01837	0.01502	0.01590	0.01361	0.01768	0.01715	0.01078	0.21760	0.53394	0.03074	0.02338	0.02178	0.01736	0.00849	0.00654	0.00212	0.00565	0.00690	0.00654	0.01043
4	0.01375	0.01180	0.01356	0.01004	0.01551	0.00960	0.00800	0.01866	0.10720	0.02185	0.01345	0.01482	0.01092	0.00531	0.00502	0.00112	0.00483	0.00429	0.00419	0.70607
5	0.01524	0.01176	0.01371	0.01023	0.01562	0.00969	0.00817	0.02011	0.10767	0.09001	0.01478	0.01564	0.01153	0.00562	0.00519	0.00122	0.00490	0.00454	0.00459	0.62980
6	0.11597	0.00770	0.00803	0.00781	0.01016	0.00716	0.00599	0.01159	0.01386	0.01953	0.08364	0.09731	0.39785	0.04619	0.02736	0.00253	0.00433	0.06417	0.00549	0.06335
7	0.09631	0.02002	0.01692	0.11288	0.02176	0.26677	0.01210	0.15524	0.18861	0.02456	0.01507	0.01601	0.01149	0.00728	0.00604	0.00194	0.00818	0.00538	0.00471	0.00872
8	0.05819	0.06003	0.03251	0.01417	0.01745	0.31076	0.01152	0.04197	0.04500	0.11820	0.04380	0.02338	0.01573	0.00904	0.00774	0.00205	0.08005	0.09583	0.00463	0.00795
9	0.01883	0.01498	0.01569	0.04133	0.01805	0.08280	0.01007	0.21728	0.06914	0.09068	0.06608	0.01799	0.01478	0.00704	0.00591	0.00161	0.00621	0.00554	0.00529	0.29069
10	0.01621	0.01441	0.01816	0.08396	0.24578	0.07050	0.01327	0.18214	0.01907	0.02512	0.11946	0.02669	0.11978	0.00891	0.00672	0.00198	0.00666	0.00759	0.00490	0.00869
11	0.00975	0.00647	0.00798	0.00805	0.00863	0.00678	0.00544	0.01092	0.01048	0.01506	0.02028	0.03672	0.02122	0.43850	0.22244	0.00660	0.00882	0.04050	0.11057	0.00480
12	0.01725	0.43909	0.22933	0.01409	0.02037	0.14729	0.01490	0.02078	0.01417	0.01678	0.00989	0.01151	0.00827	0.00589	0.00500	0.00162	0.00847	0.00395	0.00285	0.00851
13	0.13485	0.01401	0.01406	0.01176	0.01577	0.05464	0.00932	0.20607	0.14762	0.05696	0.06149	0.08277	0.03274	0.00878	0.00610	0.00191	0.00569	0.00698	0.00563	0.12287

[dist]
# distance from previous block
# <min> <max>
0	1

[block]
# block no. 1 follows, 34 sequences, length 13
# corresponding to MSA columns:
# 61-73
name=unknown_B
#
# <colnr> <probs for GDERKNQSTAVLIFYWHMCP>
#	G	D	E	R	K	N	Q	S	T	A	V	L	I	F	Y	W	H	M	C	P
0	0.06204	0.01656	0.07933	0.01860	0.16914	0.07571	0.01305	0.18834	0.04421	0.07483	0.09711	0.07317	0.01870	0.00848	0.00645	0.00197	0.00675	0.00705	0.00512	0.03338
1	0.01471	0.02071	0.19436	0.02320	0.07839	0.06402	0.34854	0.01963	0.01442	0.01964	0.01387	0.07415	0.01182	0.00730	0.00813	0.00218	0.06579	0.00729	0.00332	0.00854
2	0.02277	0.01574	0.01750	0.01335	0.01855	0.01632	0.01096	0.46451	0.04931	0.13137	0.01648	0.01629	0.01170	0.00726	0.00616	0.00177	0.00638	0.00559	0.00618	0.16178
3	0.01313	0.01194	0.01058	0.00985	0.01217	0.14634	0.00750	0.01490	0.01549	0.07937	0.09323	0.09412	0.38915	0.01353	0.00814	0.00213	0.05553	0.01090	0.00554	0.00645
4	0.01592	0.01555	0.02337	0.22365	0.41291	0.06773	0.03986	0.04921	0.05064	0.02063	0.01270	0.01644	0.01017	0.00623	0.00642	0.00199	0.00816	0.00578	0.00343	0.00922
5	0.08412	0.02593	0.44236	0.01978	0.12441	0.01566	0.01956	0.09971	0.06610	0.02406	0.01295	0.01467	0.00952	0.00644	0.00606	0.00202	0.00830	0.00510	0.00360	0.00964
6	0.02070	0.01664	0.02242	0.01691	0.02198	0.01761	0.16981	0.47491	0.02557	0.03449	0.09605	0.01967	0.01640	0.00785	0.00686	0.00200	0.00751	0.00689	0.00581	0.00992
7	0.00989	0.00972	0.07402	0.09595	0.01669	0.00939	0.01055	0.01287	0.01095	0.01564	0.01615	0.02345	0.01461	0.04005	0.59948	0.00873	0.01565	0.00660	0.00333	0.00625
8	0.04698	0.01481	0.02390	0.12944	0.25702	0.04189	0.15744	0.02292	0.06791	0.14994	0.01551	0.01779	0.01147	0.00646	0.00658	0.00203	0.00794	0.00624	0.00432	0.00941
9	0.04977	0.04825	0.03832	0.01410	0.01856	0.07808	0.10850	0.09239	0.18258	0.04683	0.06679	0.04133	0.05975	0.00815	0.00635	0.00189	0.00659	0.00698	0.00508	0.11971
10	0.15953	0.01463	0.01885	0.05644	0.04621	0.03002	0.11271	0.18283	0.09800	0.08077	0.06260	0.01845	0.01443	0.00751	0.00691	0.00204	0.04218	0.00617	0.00510	0.03461
11	0.12795	0.15952	0.03560	0.01118	0.01466	0.01365	0.05238	0.06918	0.05053	0.05845	0.15261	0.07595	0.02430	0.09607	0.00915	0.00246	0.00576	0.02821	0.00497	0.00741
12	0.06730	0.11295	0.16011	0.01602	0.02147	0.06199	0.15659	0.11363	0.01704	0.04973	0.10182	0.04775	0.02999	0.00781	0.00639	0.00197	0.00774	0.00680	0.00438	0.00852

[dist]
# distance from previous block
# <min> <max>
11	55

[block]
# block no. 2 follows, 34 sequences, length 11
# corresponding to MSA columns:
# 130-140
name=unknown_C
#
# <colnr> <probs for GDERKNQSTAVLIFYWHMCP>
#	G	D	E	R	K	N	Q	S	T	A	V	L	I	F	Y	W	H	M	C	P
0	0.01941	0.09739	0.16411	0.06180	0.02224	0.08145	0.03858	0.19514	0.07884	0.10863	0.03105	0.01662	0.01208	0.00732	0.00675	0.00197	0.03674	0.00561	0.00479	0.00947
1	0.13919	0.01185	0.01398	0.04154	0.06046	0.01282	0.00983	0.14369	0.06833	0.05078	0.12876	0.12819	0.02308	0.01008	0.00754	0.00208	0.06414	0.00813	0.00535	0.07018
2	0.08063	0.03111	0.06641	0.01443	0.08649	0.06216	0.01087	0.08054	0.13183	0.06415	0.04980	0.09707	0.06545	0.00900	0.00623	0.00191	0.00596	0.00742	0.00506	0.12347
3	0.01434	0.00993	0.01156	0.01058	0.01300	0.01010	0.00801	0.22386	0.01896	0.06996	0.08636	0.35494	0.11266	0.01468	0.00748	0.00228	0.00477	0.01274	0.00635	0.00744
4	0.01883	0.02054	0.12183	0.01598	0.02103	0.12751	0.06946	0.19307	0.29008	0.02718	0.01806	0.01812	0.01344	0.00756	0.00646	0.00203	0.00769	0.00613	0.00524	0.00978
5	0.01628	0.01645	0.06447	0.13650	0.22937	0.03474	0.12188	0.12670	0.01655	0.02287	0.01232	0.01568	0.00969	0.00642	0.00733	0.00195	0.05544	0.00574	0.00369	0.09593
6	0.01373	0.11090	0.42934	0.01580	0.02284	0.01483	0.06196	0.05983	0.01502	0.02169	0.07315	0.04199	0.01466	0.00728	0.00609	0.00195	0.00795	0.00599	0.06627	0.00873
7	0.08166	0.10596	0.55066	0.01656	0.02490	0.01643	0.02026	0.07404	0.01467	0.02222	0.01142	0.01319	0.00831	0.00619	0.00578	0.00197	0.00871	0.00462	0.00313	0.00932
8	0.01212	0.00843	0.00954	0.00882	0.01125	0.00795	0.00677	0.10790	0.01707	0.08146	0.11589	0.13680	0.36188	0.04372	0.00848	0.00236	0.00426	0.04238	0.00626	0.00668
9	0.08009	0.21096	0.25506	0.01417	0.02019	0.13910	0.01472	0.02214	0.04327	0.08594	0.04786	0.01516	0.01194	0.00669	0.00555	0.00182	0.00802	0.00485	0.00380	0.00869
10	0.01611	0.23462	0.09311	0.11220	0.16732	0.07305	0.12306	0.04304	0.01474	0.01884	0.01206	0.04144	0.01029	0.00642	0.00596	0.00185	0.00838	0.00564	0.00322	0.00865

[dist]
# distance from previous block
# <min> <max>
0	1

[block]
# block no. 3 follows, 34 sequences, length 59
# corresponding to MSA columns:
# 142-200
name=unknown_D
#
# <colnr> <probs for GDERKNQSTAVLIFYWHMCP>
#	G	D	E	R	K	N	Q	S	T	A	V	L	I	F	Y	W	H	M	C	P
0	0.00907	0.00661	0.00825	0.00845	0.00976	0.00616	0.00613	0.03299	0.01547	0.02077	0.29693	0.28874	0.17574	0.01654	0.00869	0.04190	0.00366	0.03217	0.00627	0.00569
1	0.09135	0.06931	0.04080	0.01535	0.05310	0.29816	0.03509	0.10809	0.03676	0.08388	0.01734	0.04848	0.05931	0.00795	0.00604	0.00187	0.00831	0.00599	0.00450	0.00832
2	0.09378	0.01716	0.03706	0.01678	0.02193	0.09296	0.21151	0.19327	0.03305	0.04337	0.04104	0.01669	0.01212	0.00662	0.00627	0.00186	0.00788	0.00594	0.02724	0.11348
3	0.00827	0.00685	0.00729	0.00725	0.00929	0.00605	0.00540	0.01088	0.04960	0.01901	0.15197	0.10550	0.55833	0.01582	0.00762	0.00219	0.00336	0.01338	0.00618	0.00576
4	0.04841	0.03894	0.16552	0.03845	0.08993	0.03230	0.04860	0.10903	0.14514	0.07203	0.06117	0.01886	0.01481	0.00782	0.00777	0.00210	0.07901	0.00617	0.00468	0.00927
5	0.01633	0.04450	0.40623	0.04737	0.02457	0.11128	0.03496	0.11089	0.01685	0.04462	0.05300	0.01624	0.01204	0.00689	0.00620	0.00196	0.00879	0.00538	0.02283	0.00908
6	0.00793	0.00578	0.00748	0.00870	0.00933	0.00532	0.00590	0.00923	0.01298	0.01719	0.08288	0.65291	0.11175	0.01941	0.00815	0.00254	0.00366	0.01747	0.00607	0.00532
7	0.01340	0.01148	0.01340	0.00957	0.01531	0.00861	0.00766	0.01627	0.01340	0.02105	0.01148	0.01340	0.00957	0.00479	0.00479	0.00096	0.00479	0.00383	0.00383	0.81242
8	0.01334	0.09313	0.03742	0.01213	0.04408	0.05897	0.00956	0.03231	0.05360	0.03676	0.08446	0.16443	0.04822	0.01142	0.00670	0.00200	0.00562	0.11785	0.00502	0.16298
9	0.01364	0.15125	0.62760	0.01725	0.02616	0.01668	0.02184	0.02029	0.01356	0.01963	0.01118	0.01312	0.00820	0.00604	0.00582	0.00194	0.00913	0.00457	0.00273	0.00935
10	0.00787	0.00562	0.00750	0.00900	0.00937	0.00525	0.00600	0.00900	0.01237	0.01649	0.03561	0.76871	0.04274	0.02024	0.00825	0.00262	0.00375	0.01837	0.00600	0.00525
11	0.02102	0.01460	0.01644	0.01357	0.01769	0.01574	0.01118	0.45909	0.04733	0.09559	0.02141	0.08286	0.01854	0.01046	0.00702	0.00218	0.00646	0.12265	0.00648	0.00968
12	0.01605	0.01445	0.02238	0.29052	0.36035	0.03672	0.01776	0.07638	0.01550	0.04899	0.01256	0.01645	0.00984	0.00644	0.00681	0.00202	0.02843	0.00574	0.00354	0.00907
13	0.00865	0.00667	0.00978	0.01038	0.01141	0.00625	0.05221	0.01031	0.01302	0.01718	0.03593	0.58848	0.08500	0.01873	0.00825	0.00261	0.00445	0.09930	0.00581	0.00557
14	0.00836	0.00824	0.05394	0.00780	0.01021	0.00622	0.00646	0.01071	0.01546	0.01973	0.22730	0.08275	0.48970	0.01507	0.00756	0.00215	0.00364	0.01276	0.00607	0.00587
15	0.01729	0.70896	0.05680	0.01147	0.01707	0.02478	0.01150	0.03836	0.03435	0.01641	0.00975	0.01102	0.00870	0.00570	0.00435	0.00144	0.00695	0.00368	0.00297	0.00846
16	0.01358	0.04818	0.01203	0.01102	0.03664	0.09609	0.00803	0.03449	0.03457	0.08774	0.11936	0.19457	0.16745	0.05800	0.00872	0.00241	0.00536	0.04931	0.00566	0.00678
17	0.00940	0.00626	0.00705	0.00705	0.00705	0.00626	0.00392	0.00940	0.00940	0.01253	0.02036	0.04228	0.02349	0.77292	0.03289	0.00626	0.00626	0.00940	0.00392	0.00392
18	0.00782	0.00655	0.00680	0.00674	0.00884	0.00553	0.00505	0.00962	0.01516	0.01847	0.14531	0.06051	0.64950	0.01598	0.00763	0.00216	0.00325	0.01340	0.00613	0.00553
19	0.01802	0.43158	0.02503	0.01176	0.01631	0.10839	0.01049	0.06178	0.07278	0.06307	0.04319	0.01766	0.05437	0.00859	0.03020	0.00193	0.00725	0.00521	0.00406	0.00834
20	0.04576	0.74964	0.03299	0.01096	0.01644	0.02517	0.01091	0.01934	0.01305	0.01569	0.00898	0.01037	0.00825	0.00554	0.00414	0.00140	0.00684	0.00346	0.00281	0.00825
21	0.00787	0.00562	0.00750	0.00900	0.00937	0.00525	0.00600	0.00900	0.01237	0.01649	0.03561	0.76871	0.04274	0.02024	0.00825	0.00262	0.00375	0.01837	0.00600	0.00525
22	0.01599	0.01535	0.02623	0.03966	0.73262	0.01535	0.01983	0.01983	0.01471	0.02111	0.01215	0.01599	0.01023	0.00576	0.00640	0.00192	0.00768	0.00576	0.00320	0.01023
23	0.01514	0.01821	0.07243	0.02680	0.03349	0.01627	0.67563	0.02069	0.01517	0.02069	0.01300	0.01724	0.00972	0.00548	0.00755	0.00217	0.01083	0.00749	0.00324	0.00876
24	0.01340	0.01148	0.01340	0.00957	0.01531	0.00861	0.00766	0.01627	0.01340	0.02105	0.01148	0.01340	0.00957	0.00479	0.00479	0.00096	0.00479	0.00383	0.00383	0.81242
25	0.01599	0.01535	0.02623	0.03966	0.73262	0.01535	0.01983	0.01983	0.01471	0.02111	0.01215	0.01599	0.01023	0.00576	0.00640	0.00192	0.00768	0.00576	0.00320	0.01023
26	0.00923	0.00692	0.01038	0.01038	0.01154	0.00808	0.00808	0.01154	0.01038	0.01500	0.01731	0.02538	0.01615	0.04846	0.74732	0.01038	0.01731	0.00692	0.00346	0.00577
27	0.01204	0.00887	0.03854	0.00979	0.01195	0.00782	0.00772	0.08192	0.01690	0.08516	0.25505	0.28883	0.09763	0.01475	0.00761	0.00227	0.00427	0.03564	0.00644	0.00680
28	0.01506	0.01466	0.02372	0.25260	0.48162	0.03881	0.01885	0.01890	0.01414	0.01939	0.01177	0.01616	0.00963	0.00617	0.00686	0.00201	0.03172	0.00570	0.00309	0.00913
29	0.01340	0.01148	0.01340	0.00957	0.01531	0.00861	0.00766	0.01627	0.01340	0.02105	0.01148	0.01340	0.00957	0.00479	0.00479	0.00096	0.00479	0.00383	0.00383	0.81242
30	0.00787	0.00562	0.00750	0.00900	0.00937	0.00525	0.00600	0.00900	0.01237	0.01649	0.03561	0.76871	0.04274	0.02024	0.00825	0.00262	0.00375	0.01837	0.00600	0.00525
31	0.02131	0.01746	0.01745	0.01437	0.01876	0.08073	0.01158	0.41105	0.24981	0.03345	0.01915	0.01996	0.01448	0.00834	0.00653	0.00203	0.00682	0.03025	0.00621	0.01027
32	0.00879	0.00670	0.00748	0.00720	0.00927	0.00579	0.00543	0.01090	0.01598	0.04280	0.27473	0.05650	0.49530	0.01510	0.00760	0.00213	0.00327	0.01279	0.00642	0.00583
33	0.01074	0.00890	0.00948	0.00958	0.01119	0.05297	0.00703	0.03508	0.06199	0.01885	0.09039	0.26546	0.14907	0.11381	0.01092	0.00284	0.00493	0.09344	0.00561	0.03771
34	0.01449	0.01717	0.06973	0.02519	0.03133	0.01530	0.61359	0.01965	0.01492	0.02031	0.01499	0.08353	0.01263	0.00679	0.00761	0.00221	0.01020	0.00843	0.00348	0.00845
35	0.00787	0.00562	0.00750	0.00900	0.00937	0.00525	0.00600	0.00900	0.01237	0.01649	0.03561	0.76871	0.04274	0.02024	0.00825	0.00262	0.00375	0.01837	0.00600	0.00525
36	0.02501	0.01640	0.01816	0.01396	0.01899	0.01763	0.01152	0.56242	0.02764	0.17063	0.01755	0.01699	0.01210	0.00779	0.00641	0.00194	0.00668	0.00595	0.03139	0.01084
37	0.22574	0.01628	0.01806	0.01422	0.01891	0.04030	0.07945	0.38806	0.04112	0.03319	0.01382	0.01507	0.01028	0.00928	0.04615	0.00243	0.00759	0.00545	0.00526	0.00933
38	0.00795	0.00585	0.00745	0.00854	0.00930	0.00536	0.00584	0.00932	0.01326	0.01747	0.10130	0.59494	0.15171	0.01902	0.00810	0.00250	0.00361	0.01704	0.00610	0.00536
39	0.00940	0.00626	0.00705	0.00705	0.00705	0.00626	0.00392	0.00940	0.00940	0.01253	0.02036	0.04228	0.02349	0.77292	0.03289	0.00626	0.00626	0.00940	0.00392	0.00392
40	0.01525	0.01743	0.03813	0.02723	0.03377	0.01634	0.70915	0.02070	0.01525	0.02070	0.01307	0.01743	0.00980	0.00545	0.00763	0.00218	0.01089	0.00763	0.00327	0.00871
41	0.08721	0.01803	0.04901	0.08856	0.02263	0.11544	0.07387	0.25750	0.08667	0.11407	0.01566	0.01642	0.01126	0.00719	0.00628	0.00198	0.00775	0.00573	0.00524	0.00948
42	0.00940	0.00626	0.00705	0.00705	0.00705	0.00626	0.00392	0.00940	0.00940	0.01253	0.02036	0.04228	0.02349	0.77292	0.03289	0.00626	0.00626	0.00940	0.00392	0.00392
43	0.00923	0.00692	0.01038	0.01038	0.01154	0.00808	0.00808	0.01154	0.01038	0.01500	0.01731	0.02538	0.01615	0.04846	0.74732	0.01038	0.01731	0.00692	0.00346	0.00577
44	0.03918	0.01366	0.08379	0.01153	0.01529	0.03510	0.00999	0.08943	0.21588	0.06679	0.08219	0.05277	0.19986	0.01118	0.00692	0.00216	0.00538	0.04470	0.00593	0.00826
45	0.01582	0.01470	0.02413	0.19990	0.52010	0.01550	0.01880	0.07436	0.01556	0.02164	0.01227	0.01623	0.00993	0.00608	0.00642	0.00197	0.00784	0.00576	0.00339	0.00960
46	0.00940	0.00626	0.00705	0.00705	0.00705	0.00626	0.00392	0.00940	0.00940	0.01253	0.02036	0.04228	0.02349	0.77292	0.03289	0.00626	0.00626	0.00940	0.00392	0.00392
47	0.01727	0.77681	0.03386	0.01106	0.01658	0.02557	0.01106	0.01935	0.01313	0.01520	0.00898	0.01036	0.00829	0.00553	0.00415	0.00138	0.00691	0.00345	0.00276	0.00829
48	0.01605	0.01377	0.02303	0.19789	0.48436	0.01428	0.01810	0.01984	0.01465	0.08317	0.01410	0.01916	0.01150	0.00662	0.00652	0.00202	0.00762	0.03420	0.00366	0.00943
49	0.02346	0.01349	0.01549	0.01244	0.01653	0.04130	0.00999	0.22232	0.07352	0.33448	0.02120	0.04148	0.01557	0.06656	0.00905	0.00234	0.03587	0.00677	0.02834	0.00982
50	0.02133	0.01203	0.01357	0.01090	0.01474	0.01240	0.00884	0.29129	0.02141	0.21557	0.02005	0.02019	0.01424	0.00774	0.00579	0.00180	0.00526	0.00607	0.28753	0.00925
51	0.05609	0.00813	0.01082	0.00952	0.01066	0.00821	0.07421	0.03357	0.01113	0.01580	0.04819	0.03689	0.02213	0.57459	0.04994	0.00544	0.00690	0.00879	0.00406	0.00494
52	0.01637	0.01905	0.03481	0.02544	0.03130	0.11200	0.59069	0.02116	0.01544	0.01986	0.01249	0.01654	0.00956	0.00584	0.00792	0.00214	0.04055	0.00709	0.00326	0.00849
53	0.01031	0.00821	0.01170	0.01124	0.01208	0.01006	0.00879	0.01231	0.01059	0.01570	0.01719	0.07778	0.01681	0.06072	0.47572	0.00759	0.16609	0.00753	0.05363	0.00595
54	0.00821	0.00585	0.00768	0.00870	0.00927	0.00547	0.00588	0.00962	0.01327	0.01798	0.16350	0.58602	0.04483	0.06948	0.00979	0.00276	0.00379	0.01652	0.00607	0.00532
55	0.02132	0.01920	0.01864	0.01529	0.01950	0.20498	0.06564	0.28338	0.10958	0.06851	0.06877	0.02043	0.01612	0.00817	0.00657	0.00196	0.00790	0.02920	0.00554	0.00929
56	0.07199	0.04414	0.01880	0.10744	0.10443	0.21899	0.03239	0.11204	0.07572	0.08523	0.01528	0.05805	0.01244	0.00761	0.00618	0.00194	0.00809	0.00605	0.00452	0.00866
57	0.08279	0.01368	0.04592	0.01413	0.04518	0.06858	0.09361	0.04272	0.09332	0.14402	0.07000	0.09811	0.10728	0.01000	0.00675	0.00209	0.00625	0.02308	0.00549	0.02700
58	0.21387	0.01655	0.01613	0.01401	0.04532	0.15538	0.05314	0.10592	0.03138	0.07189	0.01362	0.01718	0.01113	0.03138	0.00686	0.00198	0.02536	0.03331	0.00444	0.13116

[dist]
# distance from previous block
# <min> <max>
2	44

[block]
# block no. 4 follows, 34 sequences, length 29
# corresponding to MSA columns:
# 245-273
name=unknown_E
#
# <colnr> <probs for GDERKNQSTAVLIFYWHMCP>
#	G	D	E	R	K	N	Q	S	T	A	V	L	I	F	Y	W	H	M	C	P
0	0.11593	0.05850	0.06804	0.01392	0.01825	0.16319	0.01185	0.26746	0.05101	0.04389	0.01411	0.03187	0.01120	0.01089	0.06747	0.00262	0.03071	0.00546	0.00476	0.00886
1	0.09561	0.07953	0.01962	0.01454	0.01883	0.14926	0.11099	0.12621	0.07297	0.07427	0.10342	0.02086	0.01762	0.00779	0.00624	0.00191	0.00737	0.02516	0.00495	0.04284
2	0.10408	0.01756	0.01548	0.01305	0.01703	0.17316	0.01027	0.24002	0.12319	0.02795	0.06603	0.05634	0.01628	0.00823	0.00610	0.00187	0.00690	0.00630	0.00531	0.08485
3	0.13244	0.01324	0.01418	0.01207	0.01586	0.01448	0.00958	0.22897	0.21561	0.10879	0.05108	0.11702	0.01961	0.00966	0.00643	0.00212	0.00547	0.00785	0.00628	0.00926
4	0.00966	0.00678	0.00811	0.00806	0.00877	0.00658	0.00524	0.01040	0.01054	0.01434	0.02205	0.10925	0.02485	0.52883	0.07119	0.00546	0.00658	0.06804	0.00425	0.07100
5	0.05222	0.00772	0.00896	0.00914	0.01018	0.00787	0.00628	0.09237	0.01355	0.01881	0.02689	0.38063	0.03073	0.26145	0.01581	0.00370	0.00510	0.03771	0.00527	0.00561
6	0.03967	0.01904	0.01653	0.01395	0.01793	0.23240	0.01099	0.22676	0.13251	0.12510	0.06544	0.01899	0.01571	0.00898	0.02502	0.00213	0.00786	0.00603	0.00568	0.00928
7	0.02878	0.01133	0.01520	0.01166	0.01666	0.01000	0.00963	0.06364	0.01906	0.70415	0.02502	0.02169	0.01576	0.00799	0.00650	0.00200	0.00557	0.00647	0.00792	0.01100
8	0.01331	0.01261	0.02137	0.54839	0.24488	0.01465	0.01849	0.01748	0.01344	0.01785	0.01168	0.01687	0.00909	0.00626	0.00644	0.00209	0.00834	0.00575	0.00297	0.00807
9	0.01405	0.06242	0.65225	0.01798	0.02686	0.07578	0.02243	0.02086	0.01401	0.01987	0.01136	0.01335	0.00820	0.00616	0.00603	0.00199	0.00962	0.00467	0.00278	0.00933
10	0.01818	0.01444	0.01560	0.01339	0.01727	0.01642	0.01061	0.17603	0.50454	0.06100	0.04415	0.02264	0.01863	0.00872	0.00697	0.00214	0.02549	0.00704	0.00653	0.01022
11	0.00862	0.00657	0.00938	0.07473	0.04566	0.00650	0.00766	0.01014	0.01253	0.01671	0.03246	0.66949	0.03831	0.01839	0.00801	0.00255	0.00435	0.01670	0.00560	0.00564
12	0.02410	0.02008	0.01899	0.01509	0.01988	0.14435	0.01222	0.56269	0.05997	0.03583	0.01506	0.01525	0.01093	0.00761	0.00636	0.00190	0.00780	0.00560	0.00593	0.01035
13	0.02323	0.01717	0.01804	0.01432	0.01910	0.04654	0.01165	0.49447	0.16569	0.09447	0.01826	0.01760	0.01303	0.00793	0.00646	0.00198	0.00676	0.00610	0.00649	0.01070
14	0.81856	0.01250	0.00950	0.00850	0.01250	0.01449	0.00700	0.01899	0.01100	0.02899	0.00900	0.01050	0.00700	0.00600	0.00400	0.00200	0.00500	0.00350	0.00400	0.00700
15	0.00800	0.00584	0.00730	0.00841	0.00902	0.00539	0.00561	0.00908	0.01242	0.01622	0.03864	0.58062	0.14804	0.10016	0.01079	0.00294	0.00394	0.01667	0.00578	0.00514
16	0.11678	0.01745	0.01824	0.01413	0.01916	0.01939	0.01167	0.63070	0.02813	0.03936	0.01476	0.01493	0.01052	0.00755	0.00618	0.00195	0.00686	0.00555	0.00618	0.01052
17	0.71379	0.01323	0.01080	0.00934	0.01349	0.01523	0.00769	0.11032	0.01355	0.03054	0.00986	0.01116	0.00752	0.00623	0.00432	0.00199	0.00528	0.00380	0.00432	0.00752
18	0.00766	0.00647	0.00662	0.00675	0.00878	0.00544	0.00500	0.00925	0.01453	0.01738	0.06300	0.12037	0.67339	0.01668	0.00769	0.00222	0.00331	0.01403	0.00600	0.00544
19	0.00932	0.00623	0.00707	0.00715	0.00717	0.00621	0.00402	0.00938	0.00955	0.01273	0.02115	0.07974	0.02448	0.73411	0.03162	0.00608	0.00613	0.00986	0.00402	0.00398
20	0.14510	0.01954	0.01596	0.01340	0.01764	0.28909	0.01059	0.11096	0.01876	0.27384	0.01596	0.01558	0.01114	0.00716	0.00587	0.00187	0.00794	0.00508	0.00545	0.00908
21	0.01251	0.01180	0.01994	0.69821	0.10124	0.01444	0.01810	0.01678	0.01307	0.01689	0.01154	0.01712	0.00875	0.00640	0.00645	0.00213	0.00854	0.00574	0.00290	0.00743
22	0.02456	0.01810	0.01939	0.01487	0.02004	0.02004	0.01228	0.71107	0.03038	0.04072	0.01551	0.01551	0.01099	0.00776	0.00646	0.00194	0.00711	0.00582	0.00646	0.01099
23	0.01220	0.01148	0.01938	0.75739	0.04450	0.01436	0.01794	0.01651	0.01292	0.01651	0.01148	0.01723	0.00861	0.00646	0.00646	0.00215	0.00861	0.00574	0.00287	0.00718
24	0.02456	0.01810	0.01939	0.01487	0.02004	0.02004	0.01228	0.71107	0.03038	0.04072	0.01551	0.01551	0.01099	0.00776	0.00646	0.00194	0.00711	0.00582	0.00646	0.01099
25	0.27339	0.01719	0.01622	0.01299	0.01767	0.06708	0.01064	0.44817	0.02349	0.03537	0.01310	0.01368	0.00956	0.00713	0.00565	0.00194	0.00675	0.00498	0.00548	0.00950
26	0.02456	0.01810	0.01939	0.01487	0.02004	0.02004	0.01228	0.71107	0.03038	0.04072	0.01551	0.01551	0.01099	0.00776	0.00646	0.00194	0.00711	0.00582	0.00646	0.01099
27	0.35056	0.09535	0.01266	0.00926	0.01261	0.02987	0.00747	0.01865	0.04600	0.09800	0.10209	0.05689	0.05239	0.07422	0.00772	0.00234	0.00516	0.00664	0.00493	0.00719
28	0.01901	0.01762	0.01652	0.11165	0.02113	0.19654	0.01154	0.16472	0.13412	0.05769	0.07419	0.01892	0.01562	0.00758	0.00622	0.00183	0.00742	0.00591	0.00503	0.10674

[dist]
# distance from previous block
# <min> <max>
14	59

[block]
# block no. 5 follows, 34 sequences, length 52
# corresponding to MSA columns:
# 342-393
name=unknown_F
#
# <colnr> <probs for GDERKNQSTAVLIFYWHMCP>
#	G	D	E	R	K	N	Q	S	T	A	V	L	I	F	Y	W	H	M	C	P
0	0.01662	0.01106	0.01238	0.01050	0.01357	0.05118	0.00820	0.13846	0.01859	0.15742	0.22338	0.05256	0.06530	0.04995	0.06543	0.00278	0.00610	0.00843	0.02977	0.05831
1	0.01535	0.01473	0.02415	0.01887	0.02339	0.01533	0.30194	0.06777	0.28012	0.02383	0.02070	0.07645	0.01724	0.00864	0.00761	0.00226	0.02676	0.04084	0.00502	0.00900
2	0.01483	0.01470	0.02578	0.01846	0.02457	0.01293	0.35121	0.05090	0.01510	0.02180	0.01245	0.01547	0.00975	0.00525	0.00625	0.00160	0.00788	0.00578	0.00368	0.38160
3	0.00973	0.00718	0.00957	0.01035	0.01191	0.00668	0.00821	0.01200	0.01391	0.01876	0.06458	0.32941	0.03720	0.01702	0.00812	0.00256	0.00484	0.32272	0.00578	0.09947
4	0.00794	0.00568	0.00756	0.00895	0.00939	0.00529	0.00600	0.00917	0.01269	0.01700	0.07278	0.73010	0.04371	0.01987	0.00821	0.00259	0.00371	0.01801	0.00606	0.00529
5	0.02196	0.01741	0.01789	0.01443	0.01905	0.05280	0.01167	0.47354	0.23952	0.03540	0.01853	0.01794	0.01352	0.00801	0.00647	0.00200	0.00672	0.00619	0.00635	0.01059
6	0.01445	0.01267	0.03237	0.01030	0.01608	0.00986	0.00851	0.08233	0.01502	0.02291	0.01187	0.01361	0.00967	0.00510	0.00498	0.00108	0.00513	0.00404	0.00405	0.71599
7	0.01386	0.18842	0.59233	0.01688	0.02559	0.01721	0.02120	0.02023	0.01353	0.01937	0.01105	0.01296	0.00821	0.00601	0.00572	0.00191	0.00900	0.00450	0.00274	0.00929
8	0.01296	0.03342	0.73944	0.01842	0.02797	0.01501	0.02387	0.02046	0.01364	0.02046	0.01160	0.01364	0.00818	0.00614	0.00614	0.00205	0.00955	0.00477	0.00273	0.00955
9	0.00775	0.00647	0.00676	0.00685	0.00884	0.00548	0.00507	0.00943	0.01475	0.01790	0.10458	0.12044	0.63053	0.01649	0.00769	0.00221	0.00330	0.01391	0.00607	0.00548
10	0.05316	0.05799	0.06203	0.02053	0.11523	0.23257	0.14513	0.14019	0.04843	0.04462	0.01295	0.01480	0.00996	0.00652	0.00626	0.00189	0.00914	0.00548	0.00408	0.00902
11	0.01459	0.01459	0.02360	0.30257	0.27452	0.05031	0.10765	0.01918	0.04418	0.01903	0.01376	0.01790	0.02839	0.00663	0.00713	0.00208	0.03590	0.00618	0.00329	0.00852
12	0.01517	0.01593	0.02973	0.02244	0.02647	0.01735	0.40621	0.05563	0.01422	0.01996	0.01251	0.01850	0.01055	0.00808	0.01224	0.00242	0.26602	0.03501	0.00340	0.00816
13	0.00887	0.00654	0.00814	0.00903	0.01002	0.00619	0.00635	0.04694	0.01398	0.01834	0.05991	0.57017	0.14616	0.01867	0.00807	0.00252	0.00393	0.04448	0.00605	0.00564
14	0.01415	0.01438	0.05350	0.36232	0.39241	0.01489	0.01915	0.01836	0.01386	0.01901	0.01183	0.01645	0.00942	0.00609	0.00641	0.00203	0.00818	0.00571	0.00303	0.00883
15	0.01231	0.01165	0.01343	0.01306	0.04873	0.08510	0.06647	0.01768	0.15269	0.02015	0.08892	0.18679	0.19814	0.01309	0.00737	0.00223	0.00554	0.04397	0.00556	0.00713
16	0.02074	0.05332	0.02369	0.01989	0.06104	0.45313	0.17649	0.02469	0.07099	0.01808	0.01204	0.01415	0.00965	0.00644	0.00627	0.00183	0.01058	0.00528	0.00354	0.00816
17	0.01453	0.03029	0.63073	0.01844	0.05199	0.01458	0.02210	0.02179	0.03488	0.08179	0.01323	0.01475	0.00926	0.00636	0.00619	0.00204	0.00901	0.00503	0.00331	0.00972
18	0.01090	0.00740	0.00938	0.04535	0.01235	0.00719	0.00716	0.04131	0.04712	0.07902	0.03687	0.49619	0.14099	0.01690	0.00777	0.00243	0.00426	0.01500	0.00606	0.00633
19	0.02213	0.06358	0.01812	0.01560	0.01893	0.60165	0.01191	0.02522	0.07321	0.01720	0.04255	0.01592	0.01230	0.00738	0.00597	0.00175	0.01038	0.02477	0.00380	0.00764
20	0.05761	0.02843	0.01783	0.01602	0.01951	0.63607	0.01213	0.06888	0.05159	0.01846	0.01105	0.01243	0.00897	0.00680	0.00582	0.00172	0.01078	0.00438	0.00371	0.00782
21	0.00920	0.00705	0.00944	0.04737	0.01238	0.00722	0.00771	0.01181	0.04250	0.01837	0.11633	0.38451	0.09278	0.01945	0.06380	0.00311	0.02805	0.10735	0.00570	0.00586
22	0.01545	0.01463	0.02449	0.08920	0.61855	0.01493	0.01884	0.01988	0.04376	0.02094	0.01375	0.01916	0.01181	0.00652	0.00653	0.00200	0.00755	0.03876	0.00345	0.00981
23	0.00848	0.00702	0.00750	0.00736	0.00946	0.00628	0.00552	0.01148	0.06341	0.01955	0.17781	0.08255	0.53984	0.01543	0.00758	0.00217	0.00338	0.01303	0.00623	0.00588
24	0.01449	0.29710	0.48918	0.01581	0.02393	0.01875	0.01933	0.02007	0.01346	0.01860	0.01067	0.01248	0.00822	0.00592	0.00543	0.00181	0.00861	0.00431	0.00274	0.00910
25	0.01469	0.01438	0.02553	0.26761	0.42470	0.01516	0.10590	0.01888	0.01421	0.01959	0.01206	0.01657	0.00966	0.00594	0.00657	0.00203	0.00838	0.00599	0.00310	0.00907
26	0.00888	0.00662	0.00907	0.00925	0.01028	0.00714	0.00683	0.01063	0.01104	0.01515	0.02609	0.12558	0.11029	0.14358	0.46039	0.00780	0.01228	0.00955	0.00416	0.00540
27	0.01001	0.00730	0.01030	0.01224	0.03922	0.00721	0.00971	0.01258	0.01427	0.01872	0.03372	0.23731	0.03751	0.01797	0.00867	0.00285	0.00549	0.50312	0.00586	0.00594
28	0.01433	0.25363	0.37642	0.01501	0.02215	0.01715	0.05015	0.03428	0.01416	0.03342	0.01752	0.01870	0.09262	0.00719	0.00580	0.00186	0.00795	0.00560	0.00333	0.00871
29	0.00803	0.00577	0.00737	0.00858	0.00905	0.00538	0.00567	0.00907	0.01221	0.01610	0.03615	0.62874	0.09391	0.10806	0.01108	0.00302	0.00401	0.01695	0.00575	0.00511
30	0.05078	0.00633	0.00619	0.00614	0.00777	0.00643	0.00464	0.01524	0.01343	0.02432	0.02050	0.02344	0.01610	0.00745	0.00449	0.00153	0.00311	0.00590	0.77014	0.00607
31	0.01296	0.03342	0.73944	0.01842	0.02797	0.01501	0.02387	0.02046	0.01364	0.02046	0.01160	0.01364	0.00818	0.00614	0.00614	0.00205	0.00955	0.00477	0.00273	0.00955
32	0.03790	0.01309	0.01825	0.39570	0.08682	0.04522	0.01512	0.05664	0.06570	0.01978	0.01305	0.01723	0.01023	0.00737	0.00818	0.00214	0.10817	0.00574	0.06590	0.00776
33	0.01760	0.46629	0.17240	0.01276	0.01872	0.04650	0.01335	0.02082	0.01390	0.10198	0.01197	0.01328	0.00962	0.00836	0.04592	0.00210	0.00802	0.00430	0.00344	0.00870
34	0.00855	0.00675	0.00774	0.00759	0.00946	0.00604	0.00572	0.01122	0.03498	0.02115	0.33109	0.08213	0.39657	0.01507	0.00766	0.00216	0.00332	0.03048	0.00646	0.00585
35	0.00940	0.00626	0.00705	0.00705	0.00705	0.00626	0.00392	0.00940	0.00940	0.01253	0.02036	0.04228	0.02349	0.77292	0.03289	0.00626	0.00626	0.00940	0.00392	0.00392
36	0.01607	0.01716	0.02773	0.09673	0.33956	0.10120	0.23631	0.02013	0.01514	0.01981	0.01405	0.01771	0.03560	0.00621	0.00677	0.00200	0.00909	0.00644	0.00331	0.00898
37	0.01480	0.01413	0.02407	0.26562	0.51598	0.01504	0.01924	0.01878	0.01415	0.01966	0.01194	0.01638	0.00972	0.00598	0.00642	0.00199	0.00797	0.00575	0.00310	0.00927
38	0.00769	0.00633	0.00677	0.00713	0.00888	0.00541	0.00517	0.00921	0.01417	0.01723	0.05838	0.22970	0.56705	0.01728	0.00778	0.00229	0.00339	0.01476	0.00600	0.00541
39	0.00943	0.00715	0.01001	0.01043	0.01155	0.00688	0.04430	0.05224	0.01384	0.01839	0.03402	0.61769	0.05983	0.01843	0.00813	0.00257	0.00446	0.05895	0.00588	0.00583
40	0.01426	0.04759	0.39527	0.03692	0.07947	0.01464	0.17826	0.02008	0.01439	0.05721	0.01666	0.01875	0.06339	0.00680	0.00658	0.00206	0.00894	0.00624	0.00341	0.00908
41	0.00921	0.00665	0.00873	0.00832	0.00984	0.00616	0.00631	0.01225	0.01812	0.02558	0.69414	0.04951	0.05977	0.01344	0.00769	0.00208	0.00319	0.04586	0.00705	0.00609
42	0.81856	0.01250	0.00950	0.00850	0.01250	0.01449	0.00700	0.01899	0.01100	0.02899	0.00900	0.01050	0.00700	0.00600	0.00400	0.00200	0.00500	0.00350	0.00400	0.00700
43	0.01501	0.01296	0.01360	0.01232	0.01579	0.01474	0.00956	0.03119	0.63226	0.02583	0.03122	0.02889	0.10892	0.00972	0.00671	0.00219	0.00488	0.00810	0.00650	0.00963
44	0.06271	0.01736	0.01804	0.01405	0.01894	0.04829	0.01154	0.57168	0.02742	0.09233	0.01595	0.01593	0.01128	0.00764	0.00625	0.00192	0.00692	0.00570	0.03561	0.01047
45	0.01067	0.00722	0.00931	0.00857	0.01041	0.00678	0.00650	0.01442	0.05217	0.06874	0.65299	0.04552	0.05627	0.01268	0.00750	0.00204	0.00330	0.01116	0.00714	0.00659
46	0.07104	0.01247	0.01389	0.01073	0.01565	0.01147	0.00859	0.14647	0.07141	0.06217	0.01688	0.05683	0.03469	0.00707	0.00554	0.00149	0.00519	0.00566	0.00494	0.43781
47	0.17335	0.01759	0.01716	0.01533	0.07422	0.10329	0.01145	0.38107	0.04327	0.03225	0.01544	0.01608	0.03686	0.00741	0.00592	0.00191	0.00703	0.00546	0.00529	0.02961
48	0.01626	0.01486	0.01588	0.01241	0.01703	0.09161	0.03004	0.11437	0.07856	0.02349	0.04355	0.01610	0.01264	0.00663	0.00676	0.00150	0.06462	0.00503	0.00442	0.42423
49	0.06742	0.01522	0.01430	0.03383	0.01656	0.13030	0.00969	0.20522	0.05845	0.02632	0.10801	0.02662	0.10147	0.00915	0.00635	0.00186	0.00632	0.03506	0.00534	0.12250
50	0.01565	0.01437	0.04425	0.12812	0.30899	0.01412	0.09145	0.05569	0.07099	0.06078	0.01679	0.02047	0.04127	0.04970	0.00803	0.00223	0.00750	0.00655	0.00402	0.03904
51	0.01469	0.08503	0.11229	0.06480	0.13901	0.09766	0.03173	0.04428	0.04818	0.01981	0.02130	0.05878	0.08408	0.00931	0.00658	0.00203	0.00733	0.09644	0.00416	0.05250

[dist]
# distance from previous block
# <min> <max>
1	42

[block]
# block no. 6 follows, 34 sequences, length 36
# corresponding to MSA columns:
# 436-471
name=unknown_G
#
# <colnr> <probs for GDERKNQSTAVLIFYWHMCP>
#	G	D	E	R	K	N	Q	S	T	A	V	L	I	F	Y	W	H	M	C	P
0	0.03608	0.04134	0.12587	0.06479	0.05812	0.12228	0.15653	0.06680	0.05088	0.02108	0.01463	0.01710	0.03668	0.00696	0.00728	0.00195	0.05989	0.00585	0.02928	0.07661
1	0.07712	0.01529	0.01820	0.11062	0.10065	0.13934	0.08815	0.05456	0.05332	0.06208	0.01792	0.14383	0.01663	0.00918	0.00661	0.00207	0.00750	0.03121	0.00446	0.04125
2	0.01524	0.07060	0.24828	0.21905	0.06995	0.12515	0.09757	0.02059	0.03830	0.01865	0.01186	0.01502	0.00902	0.00625	0.00625	0.00199	0.00934	0.00533	0.00308	0.00849
3	0.06293	0.03732	0.07898	0.01324	0.04077	0.04997	0.01094	0.10451	0.18484	0.07608	0.02369	0.06308	0.09343	0.01115	0.04388	0.00244	0.02963	0.00729	0.00524	0.06059
4	0.00988	0.00624	0.00765	0.00783	0.00819	0.00607	0.00487	0.01014	0.01085	0.03880	0.06879	0.20147	0.02875	0.45768	0.02414	0.08306	0.00541	0.01108	0.00462	0.00449
5	0.01772	0.05664	0.02520	0.07910	0.37594	0.16425	0.08734	0.05417	0.01589	0.02015	0.01164	0.01498	0.00957	0.00623	0.00681	0.00191	0.03446	0.00551	0.00333	0.00915
6	0.01199	0.00731	0.00931	0.00874	0.01088	0.00658	0.00680	0.01455	0.01694	0.13402	0.37881	0.08804	0.18784	0.01387	0.00761	0.00218	0.00380	0.07723	0.00685	0.00667
7	0.08761	0.01362	0.04456	0.03951	0.06187	0.01409	0.01084	0.14386	0.26642	0.05496	0.11712	0.07648	0.02272	0.00936	0.00655	0.00211	0.00555	0.00780	0.00591	0.00905
8	0.02171	0.11615	0.04794	0.01593	0.02031	0.38476	0.04984	0.15511	0.08799	0.02198	0.01272	0.01382	0.01001	0.00685	0.00592	0.00178	0.00946	0.00490	0.00414	0.00866
9	0.00795	0.00568	0.00757	0.00894	0.00939	0.00530	0.00600	0.00920	0.01274	0.01709	0.07920	0.72343	0.04388	0.01980	0.00821	0.00259	0.00370	0.01795	0.00607	0.00530
10	0.00940	0.00626	0.00705	0.00705	0.00705	0.00626	0.00392	0.00940	0.00940	0.01253	0.02036	0.04228	0.02349	0.77292	0.03289	0.00626	0.00626	0.00940	0.00392	0.00392
11	0.01304	0.01234	0.02090	0.59792	0.19740	0.01458	0.01836	0.01725	0.01332	0.01753	0.01163	0.01695	0.00897	0.00630	0.00645	0.00210	0.00841	0.00575	0.00294	0.00786
12	0.02414	0.03079	0.01831	0.01665	0.01998	0.74698	0.01248	0.02580	0.01831	0.01581	0.00999	0.01165	0.00832	0.00666	0.00583	0.00166	0.01165	0.00416	0.00333	0.00749
13	0.02297	0.01856	0.01841	0.01472	0.01944	0.08970	0.01193	0.52104	0.15541	0.03581	0.01695	0.01671	0.01233	0.00783	0.00642	0.00196	0.00719	0.00593	0.00618	0.01051
14	0.01298	0.01099	0.01288	0.00949	0.01470	0.00851	0.00754	0.01625	0.03140	0.02176	0.09391	0.01765	0.01570	0.00585	0.00515	0.00111	0.00459	0.00481	0.00427	0.70046
15	0.01313	0.06926	0.65887	0.06449	0.02843	0.01549	0.02286	0.02016	0.01357	0.01995	0.01146	0.01370	0.00822	0.00613	0.00606	0.00202	0.00936	0.00477	0.00274	0.00934
16	0.00935	0.00644	0.00795	0.00795	0.00827	0.00676	0.00505	0.00998	0.00966	0.01320	0.01953	0.03769	0.02150	0.57590	0.22718	0.00738	0.00927	0.00872	0.00379	0.00442
17	0.15814	0.00965	0.04760	0.00898	0.01160	0.00876	0.00740	0.01435	0.07624	0.02061	0.03901	0.15175	0.29180	0.03779	0.00773	0.00239	0.00449	0.07159	0.02376	0.00636
18	0.01363	0.06571	0.58574	0.02087	0.10196	0.01563	0.06702	0.02036	0.01383	0.02030	0.01163	0.01398	0.00851	0.00603	0.00617	0.00201	0.00931	0.00500	0.00281	0.00951
19	0.00929	0.00670	0.00924	0.00924	0.00999	0.00745	0.00664	0.01080	0.01004	0.01415	0.01836	0.03120	0.01868	0.29774	0.50148	0.00897	0.01351	0.00777	0.00362	0.00513
20	0.01876	0.61745	0.03061	0.01215	0.01731	0.14003	0.01135	0.05747	0.01488	0.01667	0.00949	0.01085	0.00844	0.00583	0.00454	0.00146	0.00768	0.00369	0.00305	0.00831
21	0.04073	0.01711	0.06758	0.18744	0.31385	0.07996	0.05188	0.07006	0.06884	0.02166	0.01304	0.01621	0.01023	0.00637	0.00635	0.00199	0.00819	0.00570	0.00362	0.00916
22	0.01080	0.00746	0.01047	0.01113	0.03005	0.00735	0.02594	0.01249	0.01334	0.08078	0.03379	0.48845	0.08488	0.01730	0.00888	0.00256	0.05200	0.09033	0.00583	0.00618
23	0.00830	0.00599	0.00793	0.00923	0.00992	0.00562	0.00657	0.00983	0.01322	0.01755	0.08218	0.59005	0.07640	0.01926	0.00827	0.00261	0.00399	0.11160	0.00606	0.00541
24	0.01787	0.12542	0.01821	0.06005	0.01815	0.21813	0.01096	0.08624	0.15037	0.01956	0.01446	0.01780	0.01224	0.06149	0.02667	0.07652	0.04851	0.00554	0.00410	0.00770
25	0.06443	0.06889	0.37712	0.05342	0.06104	0.01455	0.01727	0.02120	0.10772	0.04578	0.04594	0.04389	0.03635	0.00760	0.00616	0.00204	0.00756	0.00614	0.00393	0.00895
26	0.01549	0.01484	0.02532	0.13504	0.64117	0.01522	0.01958	0.01939	0.01447	0.02050	0.01206	0.01616	0.01002	0.00585	0.00641	0.00195	0.00780	0.00576	0.00315	0.00983
27	0.00845	0.00669	0.00764	0.00810	0.00972	0.00608	0.00605	0.01074	0.03965	0.01806	0.08392	0.23200	0.40296	0.03884	0.00863	0.00249	0.00385	0.09450	0.00601	0.00562
28	0.04799	0.01726	0.08329	0.09997	0.13615	0.15492	0.09785	0.01801	0.01439	0.01865	0.03729	0.16693	0.01747	0.02288	0.00777	0.00220	0.03725	0.00825	0.00386	0.00764
29	0.04601	0.03797	0.01019	0.00905	0.01098	0.05668	0.00687	0.01742	0.11184	0.02238	0.10406	0.13109	0.02455	0.02972	0.00704	0.00201	0.03007	0.00837	0.32699	0.00670
30	0.00797	0.00581	0.00753	0.00881	0.00944	0.00537	0.00603	0.00927	0.01289	0.01700	0.06210	0.65041	0.11342	0.01953	0.00818	0.00257	0.00374	0.03858	0.00603	0.00532
31	0.02006	0.01799	0.01940	0.06619	0.11400	0.15671	0.03897	0.29361	0.02107	0.04543	0.01518	0.06846	0.01270	0.01009	0.04285	0.00240	0.03448	0.00650	0.00482	0.00910
32	0.01568	0.03997	0.17271	0.10274	0.29545	0.12650	0.01778	0.02011	0.03107	0.01951	0.03779	0.01745	0.03311	0.00690	0.00684	0.00197	0.03646	0.00572	0.00336	0.00890
33	0.00812	0.00589	0.00759	0.00880	0.00945	0.00548	0.00606	0.00941	0.01281	0.01686	0.05907	0.59555	0.11359	0.05589	0.00940	0.00276	0.00393	0.05815	0.00593	0.00527
34	0.02188	0.05176	0.03736	0.01282	0.01721	0.05371	0.01076	0.27820	0.06484	0.21421	0.06572	0.03995	0.01797	0.00880	0.00648	0.00199	0.00631	0.04074	0.03961	0.00968
35	0.01806	0.07977	0.09029	0.03980	0.11126	0.02934	0.03908	0.15251	0.11456	0.11605	0.02068	0.05574	0.04448	0.00871	0.00656	0.00206	0.00682	0.04965	0.00521	0.00935

[dist]
# distance from previous block
# <min> <max>
0	29

[block]
# block no. 7 follows, 34 sequences, length 15
# corresponding to MSA columns:
# 501-515
name=unknown_H
#
# <colnr> <probs for GDERKNQSTAVLIFYWHMCP>
#	G	D	E	R	K	N	Q	S	T	A	V	L	I	F	Y	W	H	M	C	P
0	0.36338	0.07542	0.06657	0.04682	0.01967	0.11868	0.09769	0.06413	0.01460	0.06290	0.01123	0.01296	0.00852	0.00623	0.00526	0.00193	0.00744	0.00460	0.00395	0.00802
1	0.01376	0.06161	0.06924	0.08974	0.35938	0.01345	0.01528	0.01773	0.03922	0.01989	0.05486	0.08049	0.04804	0.03774	0.00746	0.00212	0.00678	0.00731	0.00385	0.05205
2	0.00857	0.05438	0.00876	0.00781	0.00936	0.00675	0.00566	0.01001	0.01360	0.01712	0.09136	0.29705	0.34665	0.08133	0.00978	0.00262	0.00390	0.01412	0.00569	0.00547
3	0.01957	0.39579	0.07383	0.01520	0.06340	0.19661	0.01296	0.11736	0.01691	0.01962	0.01050	0.01196	0.00879	0.00616	0.00514	0.00160	0.00830	0.00418	0.00344	0.00868
4	0.00819	0.00583	0.00776	0.00919	0.00966	0.00551	0.00634	0.00945	0.01248	0.01660	0.03479	0.66756	0.04132	0.05387	0.00942	0.00282	0.00408	0.08397	0.00590	0.00526
5	0.03174	0.03922	0.04773	0.05979	0.09126	0.01045	0.01023	0.05666	0.01552	0.06213	0.12529	0.03202	0.11718	0.05072	0.00790	0.00210	0.00552	0.05913	0.00494	0.17045
6	0.01770	0.14035	0.22003	0.02234	0.24302	0.01623	0.01706	0.05142	0.05968	0.12972	0.01455	0.01585	0.01086	0.00644	0.00600	0.00190	0.00755	0.00533	0.00408	0.00989
7	0.00940	0.00626	0.00705	0.00705	0.00705	0.00626	0.00392	0.00940	0.00940	0.01253	0.02036	0.04228	0.02349	0.77292	0.03289	0.00626	0.00626	0.00940	0.00392	0.00392
8	0.00787	0.00562	0.00750	0.00900	0.00937	0.00525	0.00600	0.00900	0.01237	0.01649	0.03561	0.76871	0.04274	0.02024	0.00825	0.00262	0.00375	0.01837	0.00600	0.00525
9	0.22482	0.22654	0.04613	0.06123	0.03970	0.01815	0.01125	0.16687	0.01695	0.11430	0.01277	0.01366	0.00956	0.00652	0.00518	0.00182	0.00652	0.00461	0.00453	0.00890
10	0.00835	0.00625	0.00781	0.00849	0.00968	0.00571	0.00619	0.01022	0.01453	0.01912	0.19724	0.36243	0.21721	0.01747	0.00802	0.00242	0.00370	0.08337	0.00624	0.00556
11	0.01590	0.08653	0.07940	0.03328	0.01834	0.09072	0.01080	0.08347	0.01540	0.02147	0.01140	0.01329	0.00928	0.00569	0.00564	0.00135	0.02877	0.00421	0.00377	0.46129
12	0.01494	0.14120	0.11854	0.09307	0.09628	0.06329	0.05162	0.08031	0.04282	0.02125	0.09530	0.08615	0.01947	0.00882	0.00646	0.00200	0.00726	0.03876	0.00427	0.00822
13	0.17366	0.10432	0.02001	0.06538	0.10835	0.12191	0.05217	0.14516	0.06411	0.02505	0.05115	0.01602	0.01248	0.00690	0.00576	0.00189	0.00737	0.00537	0.00433	0.00861
14	0.01475	0.06780	0.05341	0.01386	0.07457	0.11055	0.01046	0.07512	0.03316	0.04202	0.13709	0.05079	0.11030	0.07186	0.00948	0.00237	0.04003	0.05286	0.00494	0.02456

[dist]
# distance from previous block
# <min> <max>
3	10

[block]
# block no. 8 follows, 34 sequences, length 34
# corresponding to MSA columns:
# 526-559
name=unknown_I
#
# <colnr> <probs for GDERKNQSTAVLIFYWHMCP>
#	G	D	E	R	K	N	Q	S	T	A	V	L	I	F	Y	W	H	M	C	P
0	0.11138	0.12820	0.13603	0.01589	0.07254	0.10671	0.05747	0.06392	0.03589	0.11449	0.01603	0.04018	0.03720	0.00722	0.00584	0.00188	0.00750	0.00570	0.00430	0.03163
1	0.01527	0.04324	0.27704	0.03399	0.10975	0.05369	0.01651	0.08817	0.06838	0.04291	0.06715	0.04816	0.01696	0.00854	0.00703	0.00210	0.03072	0.05716	0.00430	0.00893
