[name]
unknown

[dist]
# distance from previous block
# <min> <max>
0	31

[block]
# block no. 0 follows, 30 sequences, length 13
# corresponding to MSA columns:
# 33-45
name=unknown_A
#
# <colnr> <probs for GDERKNQSTAVLIFYWHMCP>
#	G	D	E	R	K	N	Q	S	T	A	V	L	I	F	Y	W	H	M	C	P
0	0.12265	0.01345	0.01663	0.05931	0.07088	0.08690	0.09928	0.01775	0.03424	0.02167	0.07441	0.09303	0.08312	0.08409	0.01036	0.01856	0.00715	0.04646	0.03273	0.00733
1	0.09654	0.04535	0.01518	0.08623	0.01845	0.05440	0.02537	0.08745	0.04617	0.04202	0.02259	0.03039	0.08421	0.14622	0.01186	0.00290	0.00681	0.04837	0.00490	0.12461
2	0.01185	0.00845	0.01036	0.01023	0.03098	0.00769	0.00700	0.04010	0.01471	0.04156	0.08493	0.25669	0.09521	0.14487	0.01308	0.02905	0.00495	0.01213	0.03990	0.13623
3	0.12796	0.06861	0.02086	0.01552	0.02027	0.09895	0.11391	0.18821	0.08073	0.02838	0.01871	0.05407	0.04393	0.00841	0.00653	0.00206	0.00767	0.00692	0.03944	0.04884
4	0.01383	0.01010	0.01092	0.01025	0.01200	0.04031	0.00724	0.10767	0.03776	0.05507	0.09984	0.20546	0.07671	0.26140	0.01713	0.00385	0.00585	0.01197	0.00592	0.00673
5	0.01721	0.01649	0.02765	0.10101	0.38524	0.01704	0.13932	0.05711	0.12120	0.02429	0.01576	0.01899	0.01241	0.00684	0.00719	0.00219	0.00856	0.00684	0.00417	0.01048
6	0.01346	0.01269	0.02144	0.69008	0.09376	0.01558	0.01952	0.01808	0.01409	0.01817	0.01245	0.01851	0.00942	0.00692	0.00697	0.00231	0.00923	0.00620	0.00313	0.00798
7	0.24838	0.01677	0.01640	0.01399	0.04017	0.08636	0.01094	0.21331	0.02040	0.15781	0.01571	0.01621	0.01133	0.00767	0.00657	0.00206	0.03295	0.00542	0.02987	0.04770
8	0.00996	0.00680	0.00756	0.00756	0.00779	0.00668	0.00434	0.01013	0.01072	0.01406	0.02684	0.04781	0.09343	0.68131	0.03280	0.00633	0.00644	0.01060	0.00445	0.00439
9	0.02458	0.01866	0.01921	0.01525	0.02017	0.06100	0.01231	0.49930	0.11058	0.06834	0.01862	0.01975	0.01392	0.05519	0.00874	0.00241	0.00757	0.00665	0.00670	0.01107
10	0.02237	0.01642	0.01791	0.01453	0.01916	0.01806	0.01172	0.40721	0.19561	0.07375	0.07928	0.05201	0.02043	0.00970	0.00720	0.00220	0.00653	0.00780	0.00714	0.01097
11	0.08547	0.01368	0.04866	0.01256	0.01724	0.01272	0.01053	0.08886	0.14445	0.33712	0.06148	0.04713	0.04449	0.03397	0.00789	0.00237	0.00594	0.00781	0.00725	0.01039
12	0.08846	0.01285	0.01396	0.01178	0.01573	0.03745	0.00924	0.10762	0.12455	0.15943	0.11713	0.08936	0.04608	0.03122	0.00771	0.00223	0.00561	0.00854	0.00658	0.10447

[dist]
# distance from previous block
# <min> <max>
0	1

[block]
# block no. 1 follows, 30 sequences, length 151
# corresponding to MSA columns:
# 47-194,198-200
name=unknown_B
#
# <colnr> <probs for GDERKNQSTAVLIFYWHMCP>
#	G	D	E	R	K	N	Q	S	T	A	V	L	I	F	Y	W	H	M	C	P
0	0.01654	0.01395	0.01674	0.05445	0.11897	0.06450	0.01206	0.06206	0.12500	0.06930	0.11398	0.02908	0.09547	0.01157	0.03241	0.00251	0.08008	0.00813	0.03466	0.03854
1	0.01503	0.01188	0.01250	0.01225	0.03529	0.08247	0.00875	0.06292	0.07135	0.07684	0.11028	0.28505	0.05777	0.03599	0.00845	0.00243	0.00558	0.01214	0.03145	0.06159
2	0.01138	0.00836	0.01150	0.01113	0.01243	0.00825	0.05456	0.06846	0.01448	0.01960	0.02947	0.39355	0.03337	0.18688	0.01534	0.03320	0.00566	0.03938	0.03690	0.00609
3	0.01368	0.01291	0.02183	0.65321	0.12894	0.01564	0.01963	0.01827	0.01419	0.01844	0.01249	0.01844	0.00952	0.00688	0.00697	0.00229	0.00918	0.00620	0.00314	0.00815
4	0.07187	0.02419	0.29863	0.07537	0.03195	0.01627	0.28494	0.02261	0.01553	0.07157	0.01401	0.01704	0.01007	0.00649	0.00716	0.00227	0.01016	0.00649	0.00369	0.00968
5	0.01212	0.00606	0.00909	0.00909	0.00909	0.00606	0.00606	0.00909	0.00909	0.01212	0.01212	0.02121	0.01212	0.02424	0.02727	0.79697	0.00606	0.00606	0.00303	0.00303
6	0.01438	0.01363	0.02311	0.53350	0.24314	0.01582	0.01998	0.01888	0.01452	0.01929	0.01262	0.01821	0.00982	0.00675	0.00696	0.00225	0.00900	0.00621	0.00320	0.00872
7	0.00907	0.00697	0.01043	0.01111	0.01198	0.00651	0.05449	0.01061	0.01358	0.01813	0.03674	0.69852	0.04364	0.02073	0.00886	0.00280	0.00459	0.01902	0.00627	0.00593
8	0.00942	0.00712	0.00869	0.00830	0.01014	0.00639	0.00622	0.01228	0.01867	0.02542	0.52870	0.05635	0.24628	0.01522	0.00824	0.00224	0.00336	0.01321	0.00734	0.00639
9	0.01400	0.03610	0.71860	0.01989	0.03020	0.01621	0.02578	0.02210	0.01473	0.02210	0.01252	0.01473	0.00884	0.00663	0.00663	0.00221	0.01031	0.00516	0.00295	0.01031
10	0.02156	0.01721	0.01744	0.01441	0.01881	0.06263	0.01153	0.35220	0.23269	0.03536	0.06917	0.02248	0.01881	0.00903	0.00691	0.00213	0.00670	0.00712	0.06317	0.01062
11	0.01318	0.01240	0.02093	0.73798	0.04806	0.01550	0.01938	0.01783	0.01395	0.01783	0.01240	0.01860	0.00930	0.00698	0.00698	0.00233	0.00930	0.00620	0.00310	0.00775
12	0.01675	0.01603	0.02454	0.37892	0.20356	0.05714	0.08072	0.09712	0.01717	0.02244	0.01315	0.01774	0.01013	0.00686	0.00704	0.00221	0.00928	0.00631	0.00370	0.00920
13	0.00948	0.00708	0.00880	0.00844	0.01020	0.00640	0.00630	0.01236	0.01869	0.02564	0.54587	0.08063	0.20383	0.01528	0.00826	0.00225	0.00337	0.01334	0.00738	0.00640
14	0.05429	0.01208	0.01577	0.01210	0.01752	0.01052	0.00994	0.03162	0.03804	0.58845	0.02510	0.02226	0.01621	0.00816	0.00670	0.00203	0.00581	0.00658	0.00789	0.10893
15	0.01654	0.01716	0.07611	0.06108	0.40422	0.01572	0.13000	0.02207	0.05827	0.04457	0.04908	0.02142	0.03712	0.00725	0.00723	0.00217	0.00842	0.00719	0.00410	0.01024
16	0.01643	0.01816	0.05848	0.07824	0.10753	0.01671	0.45614	0.04652	0.01660	0.02292	0.01377	0.01802	0.01051	0.00605	0.00762	0.00218	0.01040	0.00731	0.00366	0.08276
17	0.01476	0.01290	0.01602	0.01365	0.08111	0.01043	0.00975	0.01790	0.01446	0.02252	0.01235	0.01476	0.01036	0.00553	0.00600	0.00121	0.03318	0.00440	0.00403	0.69469
18	0.01661	0.18665	0.30991	0.04047	0.02466	0.06790	0.05997	0.04363	0.03611	0.04613	0.06420	0.01950	0.03986	0.00765	0.00646	0.00204	0.00878	0.00609	0.00396	0.00942
19	0.00999	0.00738	0.01070	0.01068	0.01178	0.00840	0.00808	0.01220	0.01138	0.01628	0.04336	0.03058	0.02014	0.13920	0.61495	0.01034	0.01665	0.00799	0.00394	0.00599
20	0.01714	0.01741	0.03046	0.11160	0.38370	0.04206	0.20925	0.04149	0.01635	0.02241	0.01325	0.01762	0.01063	0.00647	0.00772	0.00220	0.02994	0.00673	0.00354	0.01006
21	0.01067	0.00759	0.00948	0.00886	0.01083	0.00702	0.00669	0.01434	0.04473	0.05090	0.56393	0.05237	0.15742	0.01439	0.00815	0.00222	0.00351	0.01256	0.00752	0.00684
22	0.80405	0.01350	0.01026	0.00918	0.01350	0.01565	0.00756	0.02051	0.01188	0.03131	0.00972	0.01134	0.00756	0.00648	0.00432	0.00216	0.00540	0.00378	0.00432	0.00756
23	0.04789	0.73121	0.03559	0.01184	0.01775	0.02717	0.01178	0.02088	0.01409	0.01697	0.00970	0.01120	0.00890	0.00599	0.00447	0.00152	0.00739	0.00373	0.00303	0.00890
24	0.01754	0.06863	0.11836	0.01348	0.03823	0.03797	0.01190	0.09307	0.03898	0.12319	0.13586	0.02795	0.08077	0.03308	0.00768	0.00210	0.00643	0.00759	0.00567	0.13151
25	0.01606	0.01535	0.02614	0.24805	0.51545	0.01626	0.02082	0.02036	0.01532	0.02133	0.01291	0.01766	0.01054	0.00644	0.00693	0.00215	0.00859	0.00621	0.00335	0.01008
26	0.01447	0.01240	0.01447	0.01034	0.01654	0.00930	0.00827	0.01757	0.01447	0.02274	0.01240	0.01447	0.01034	0.00517	0.00517	0.00103	0.00517	0.00413	0.00413	0.79742
27	0.01156	0.00875	0.01073	0.03692	0.01311	0.03553	0.00811	0.01336	0.01488	0.06441	0.11922	0.42762	0.10927	0.01769	0.00967	0.00262	0.06845	0.01531	0.00624	0.00655
28	0.01083	0.00839	0.01229	0.01188	0.01283	0.01015	0.00925	0.01272	0.01096	0.01590	0.01710	0.02607	0.01628	0.07153	0.56019	0.06294	0.11364	0.00730	0.00362	0.00613
29	0.00914	0.00725	0.00831	0.00845	0.01051	0.00642	0.00661	0.01152	0.01685	0.02137	0.21704	0.06552	0.44246	0.01713	0.00848	0.00246	0.00396	0.12362	0.00676	0.00615
30	0.01454	0.01262	0.01536	0.01097	0.01720	0.00958	0.03074	0.01773	0.01454	0.02273	0.01246	0.01461	0.01034	0.00519	0.00527	0.00108	0.00539	0.00427	0.00411	0.77128
31	0.01743	0.01582	0.02649	0.14163	0.51153	0.01614	0.04492	0.04541	0.01635	0.05033	0.01373	0.01767	0.01103	0.00646	0.00692	0.00209	0.00835	0.00625	0.00376	0.03768
32	0.03938	0.02557	0.32840	0.07879	0.17567	0.04167	0.10283	0.04765	0.05131	0.02325	0.01367	0.01655	0.01029	0.00670	0.00687	0.00219	0.00957	0.00596	0.00357	0.01011
33	0.01667	0.04896	0.02256	0.46293	0.17229	0.04223	0.01823	0.02079	0.01521	0.09377	0.01398	0.01832	0.01047	0.00697	0.00683	0.00220	0.00878	0.00611	0.00378	0.00891
34	0.01550	0.01454	0.02399	0.05874	0.54140	0.01440	0.01819	0.01916	0.01551	0.02185	0.01961	0.09644	0.06201	0.00860	0.00714	0.00214	0.00744	0.00812	0.00399	0.04125
35	0.01600	0.05073	0.24264	0.06548	0.22749	0.01569	0.03875	0.04707	0.06485	0.04831	0.09782	0.02136	0.01770	0.00773	0.00695	0.00215	0.00816	0.00676	0.00434	0.01002
36	0.01124	0.00714	0.00856	0.00828	0.00889	0.00707	0.00519	0.01201	0.01206	0.05351	0.11537	0.04408	0.02988	0.56425	0.07905	0.00621	0.00709	0.01013	0.00490	0.00510
37	0.01501	0.01239	0.01453	0.01040	0.01658	0.00933	0.00833	0.01810	0.01465	0.04493	0.01289	0.01477	0.01056	0.00528	0.00523	0.00107	0.00519	0.00423	0.00428	0.77227
38	0.01830	0.65338	0.11762	0.01305	0.01948	0.04475	0.01364	0.02122	0.01439	0.01711	0.01007	0.01165	0.00894	0.00608	0.00478	0.00159	0.00794	0.00392	0.00300	0.00909
39	0.00997	0.00748	0.01121	0.01121	0.01246	0.00872	0.00872	0.01246	0.01121	0.01620	0.01869	0.02741	0.01745	0.05234	0.72710	0.01121	0.01869	0.00748	0.00374	0.00623
40	0.01648	0.01636	0.04977	0.03404	0.50506	0.01490	0.03816	0.02057	0.01553	0.02275	0.01297	0.01657	0.01079	0.00598	0.00653	0.00184	0.00774	0.00575	0.00360	0.19461
41	0.00998	0.00742	0.01093	0.01093	0.01207	0.00857	0.00836	0.01228	0.01113	0.01599	0.01896	0.02888	0.01808	0.10876	0.67155	0.01086	0.01773	0.00769	0.00378	0.00607
42	0.80405	0.01350	0.01026	0.00918	0.01350	0.01565	0.00756	0.02051	0.01188	0.03131	0.00972	0.01134	0.00756	0.00648	0.00432	0.00216	0.00540	0.00378	0.00432	0.00756
43	0.01458	0.12375	0.61265	0.01861	0.02826	0.01738	0.02353	0.02181	0.01466	0.02143	0.01217	0.01429	0.00890	0.00650	0.00632	0.00208	0.00980	0.00495	0.00299	0.03534
44	0.02554	0.01802	0.01975	0.01506	0.02070	0.01916	0.01241	0.55023	0.02950	0.10211	0.01722	0.01712	0.01218	0.00802	0.00677	0.00198	0.00723	0.00610	0.00680	0.10413
45	0.04324	0.01971	0.02049	0.09681	0.08578	0.22043	0.06271	0.02425	0.11401	0.04145	0.01545	0.04514	0.01286	0.00824	0.00839	0.00212	0.08617	0.00637	0.00430	0.08208
46	0.00871	0.00705	0.00773	0.00764	0.00973	0.00607	0.00570	0.01087	0.01687	0.02132	0.24468	0.08844	0.50699	0.01689	0.00827	0.00233	0.00349	0.01434	0.00681	0.00607
47	0.01013	0.00685	0.00805	0.00805	0.00821	0.00701	0.00478	0.01043	0.01028	0.01386	0.02158	0.04342	0.02440	0.66836	0.12058	0.00731	0.00823	0.00982	0.00417	0.00447
48	0.01727	0.01658	0.02832	0.04283	0.71123	0.01658	0.02142	0.02142	0.01589	0.02280	0.01313	0.01727	0.01105	0.00622	0.00691	0.00207	0.00829	0.00622	0.00345	0.01105
49	0.01632	0.01852	0.04023	0.06265	0.03701	0.01755	0.65462	0.02214	0.01635	0.02214	0.01404	0.01881	0.01053	0.00593	0.00818	0.00235	0.01165	0.00814	0.00351	0.00933
50	0.02653	0.01955	0.02094	0.01606	0.02164	0.02164	0.01326	0.68796	0.03281	0.04398	0.01675	0.01675	0.01187	0.00838	0.00698	0.00209	0.00768	0.00628	0.00698	0.01187
51	0.02635	0.03129	0.01969	0.01758	0.02140	0.64340	0.01332	0.07471	0.02070	0.05177	0.01199	0.01340	0.00958	0.00734	0.00637	0.00184	0.01193	0.00474	0.00407	0.00853
52	0.01758	0.01748	0.02718	0.08847	0.56309	0.06676	0.04503	0.02228	0.04315	0.02228	0.01355	0.01744	0.01117	0.00646	0.00693	0.00209	0.00868	0.00624	0.00359	0.01055
53	0.80405	0.01350	0.01026	0.00918	0.01350	0.01565	0.00756	0.02051	0.01188	0.03131	0.00972	0.01134	0.00756	0.00648	0.00432	0.00216	0.00540	0.00378	0.00432	0.00756
54	0.00850	0.00607	0.00810	0.00972	0.01012	0.00567	0.00648	0.00972	0.01336	0.01781	0.03846	0.75020	0.04615	0.02186	0.00891	0.00283	0.00405	0.01984	0.00648	0.00567
55	0.00999	0.00740	0.01082	0.01082	0.01192	0.00851	0.00823	0.01221	0.01110	0.01590	0.01906	0.02943	0.01832	0.13002	0.65062	0.01072	0.01737	0.00777	0.00379	0.00601
56	0.80405	0.01350	0.01026	0.00918	0.01350	0.01565	0.00756	0.02051	0.01188	0.03131	0.00972	0.01134	0.00756	0.00648	0.00432	0.00216	0.00540	0.00378	0.00432	0.00756
57	0.54252	0.01295	0.01227	0.01027	0.01496	0.01383	0.00847	0.02508	0.01462	0.26306	0.01575	0.01554	0.01085	0.00721	0.00523	0.00216	0.00558	0.00487	0.00578	0.00902
58	0.02686	0.01901	0.02061	0.01580	0.02137	0.02084	0.01305	0.64183	0.03190	0.09138	0.01751	0.01725	0.01225	0.00840	0.00698	0.00210	0.00756	0.00633	0.00710	0.01187
59	0.01012	0.00682	0.00787	0.00783	0.00799	0.00683	0.00456	0.01045	0.01087	0.01465	0.07022	0.04544	0.02793	0.67635	0.05937	0.00661	0.00696	0.01022	0.00445	0.00447
60	0.00963	0.00773	0.00963	0.01046	0.05940	0.00695	0.00706	0.01223	0.01754	0.02321	0.35256	0.08256	0.34458	0.01549	0.00817	0.00228	0.00378	0.01337	0.00681	0.00656
61	0.01650	0.01874	0.04068	0.02993	0.06240	0.01761	0.66034	0.02232	0.01645	0.02237	0.01408	0.01876	0.01061	0.00590	0.00818	0.00234	0.01163	0.00816	0.00353	0.00947
62	0.01046	0.00768	0.01005	0.00982	0.01031	0.00862	0.00681	0.01155	0.01060	0.01482	0.01974	0.03627	0.02106	0.42516	0.30422	0.00822	0.06659	0.00880	0.00395	0.00526
63	0.80405	0.01350	0.01026	0.00918	0.01350	0.01565	0.00756	0.02051	0.01188	0.03131	0.00972	0.01134	0.00756	0.00648	0.00432	0.00216	0.00540	0.00378	0.00432	0.00756
64	0.02607	0.03326	0.01978	0.01798	0.02157	0.72674	0.01348	0.02787	0.01978	0.01708	0.01079	0.01258	0.00899	0.00719	0.00629	0.00180	0.01258	0.00449	0.00360	0.00809
65	0.02453	0.02882	0.02016	0.06934	0.04982	0.53854	0.01408	0.10459	0.04769	0.02098	0.01239	0.01421	0.00992	0.00737	0.00648	0.00190	0.01133	0.00503	0.00409	0.00874
66	0.00853	0.00708	0.00746	0.00737	0.00960	0.00601	0.00552	0.01056	0.01657	0.02043	0.18094	0.06456	0.59716	0.01708	0.00824	0.00233	0.00349	0.01436	0.00669	0.00601
67	0.02694	0.01722	0.01937	0.01480	0.02038	0.01808	0.01221	0.48562	0.02851	0.20708	0.01912	0.01832	0.01309	0.00824	0.00688	0.00204	0.00709	0.00633	0.00721	0.06147
68	0.01400	0.03610	0.71860	0.01989	0.03020	0.01621	0.02578	0.02210	0.01473	0.02210	0.01252	0.01473	0.00884	0.00663	0.00663	0.00221	0.01031	0.00516	0.00295	0.01031
69	0.02653	0.01955	0.02094	0.01606	0.02164	0.02164	0.01326	0.68796	0.03281	0.04398	0.01675	0.01675	0.01187	0.00838	0.00698	0.00209	0.00768	0.00628	0.00698	0.01187
70	0.01760	0.01720	0.02801	0.04191	0.68573	0.04284	0.02112	0.02165	0.01603	0.02259	0.01304	0.01710	0.01098	0.00625	0.00689	0.00206	0.00845	0.00615	0.00346	0.01094
71	0.01942	0.01524	0.01935	0.01609	0.01978	0.04266	0.08007	0.02970	0.31891	0.15221	0.02395	0.02381	0.04221	0.00971	0.01030	0.00244	0.15045	0.00754	0.00608	0.01006
72	0.01712	0.01643	0.02805	0.06853	0.68671	0.01654	0.02134	0.02128	0.01582	0.02261	0.01310	0.01732	0.01099	0.00625	0.00691	0.00208	0.00833	0.00622	0.00344	0.01093
73	0.01671	0.01443	0.01516	0.01370	0.01753	0.01655	0.01064	0.03517	0.65047	0.02846	0.03139	0.02894	0.06976	0.01005	0.00718	0.00237	0.00538	0.00837	0.00706	0.01068
74	0.01333	0.01256	0.02121	0.71207	0.07278	0.01554	0.01946	0.01796	0.01403	0.01801	0.01243	0.01855	0.00937	0.00695	0.00697	0.00232	0.00926	0.00620	0.00311	0.00787
75	0.01372	0.01296	0.02191	0.64548	0.13631	0.01565	0.01965	0.01831	0.01421	0.01849	0.01250	0.01843	0.00954	0.00688	0.00697	0.00229	0.00917	0.00620	0.00315	0.00819
76	0.01708	0.01559	0.02041	0.28359	0.14477	0.05023	0.01613	0.08745	0.24146	0.02478	0.01811	0.02037	0.01376	0.00781	0.00697	0.00225	0.00789	0.00669	0.00486	0.00978
77	0.01212	0.00606	0.00909	0.00909	0.00909	0.00606	0.00606	0.00909	0.00909	0.01212	0.01212	0.02121	0.01212	0.02424	0.02727	0.79697	0.00606	0.00606	0.00303	0.00303
78	0.01063	0.00782	0.01002	0.01086	0.01181	0.00792	0.00778	0.07330	0.01525	0.02042	0.03521	0.60649	0.04113	0.02006	0.00932	0.00280	0.03292	0.06350	0.00639	0.00637
79	0.01447	0.01240	0.01447	0.01034	0.01654	0.00930	0.00827	0.01757	0.01447	0.02274	0.01240	0.01447	0.01034	0.00517	0.00517	0.00103	0.00517	0.00413	0.00413	0.79742
80	0.02607	0.03326	0.01978	0.01798	0.02157	0.72674	0.01348	0.02787	0.01978	0.01708	0.01079	0.01258	0.00899	0.00719	0.00629	0.00180	0.01258	0.00449	0.00360	0.00809
81	0.00899	0.00710	0.00810	0.00785	0.00988	0.00621	0.00589	0.01146	0.01767	0.02303	0.36238	0.06027	0.41409	0.01611	0.00824	0.00228	0.00342	0.01376	0.00703	0.00621
82	0.00920	0.00704	0.00843	0.00823	0.01005	0.00627	0.00612	0.01180	0.01792	0.02400	0.43223	0.10648	0.29489	0.01602	0.00828	0.00230	0.00343	0.01388	0.00717	0.00627
83	0.01471	0.01397	0.02370	0.47774	0.29633	0.01591	0.02014	0.01917	0.01468	0.01969	0.01267	0.01811	0.00996	0.00669	0.00695	0.00223	0.00892	0.00621	0.00323	0.00899
84	0.01727	0.01658	0.02832	0.04283	0.71123	0.01658	0.02142	0.02142	0.01589	0.02280	0.01313	0.01727	0.01105	0.00622	0.00691	0.00207	0.00829	0.00622	0.00345	0.01105
85	0.52243	0.01528	0.01420	0.01247	0.04067	0.01719	0.00979	0.21263	0.01835	0.06182	0.01256	0.01359	0.00930	0.00710	0.00528	0.00214	0.00618	0.00471	0.00522	0.00909
86	0.00850	0.00607	0.00810	0.00972	0.01012	0.00567	0.00648	0.00972	0.01336	0.01781	0.03846	0.75020	0.04615	0.02186	0.00891	0.00283	0.00405	0.01984	0.00648	0.00567
87	0.01212	0.00606	0.00909	0.00909	0.00909	0.00606	0.00606	0.00909	0.00909	0.01212	0.01212	0.02121	0.01212	0.02424	0.02727	0.79697	0.00606	0.00606	0.00303	0.00303
88	0.02653	0.01955	0.02094	0.01606	0.02164	0.02164	0.01326	0.68796	0.03281	0.04398	0.01675	0.01675	0.01187	0.00838	0.00698	0.00209	0.00768	0.00628	0.00698	0.01187
89	0.01400	0.03610	0.71860	0.01989	0.03020	0.01621	0.02578	0.02210	0.01473	0.02210	0.01252	0.01473	0.00884	0.00663	0.00663	0.00221	0.01031	0.00516	0.00295	0.01031
90	0.04588	0.01441	0.01571	0.01354	0.01783	0.01587	0.01071	0.09066	0.46604	0.15243	0.02862	0.02628	0.05156	0.00951	0.00704	0.00230	0.00568	0.00778	0.00724	0.01091
91	0.00850	0.00607	0.00810	0.00972	0.01012	0.00567	0.00648	0.00972	0.01336	0.01781	0.03846	0.75020	0.04615	0.02186	0.00891	0.00283	0.00405	0.01984	0.00648	0.00567
92	0.07509	0.15238	0.04314	0.01796	0.04708	0.44012	0.06087	0.02563	0.01780	0.04324	0.01149	0.01333	0.00937	0.00684	0.00605	0.00184	0.01073	0.00475	0.00369	0.00860
93	0.01476	0.04021	0.02399	0.47685	0.27163	0.01630	0.01981	0.01915	0.01462	0.01946	0.01255	0.01789	0.00988	0.00668	0.00687	0.00221	0.00889	0.00612	0.00322	0.00891
94	0.01776	0.06973	0.02533	0.03244	0.46733	0.08566	0.01763	0.04652	0.01652	0.02225	0.01453	0.06785	0.01316	0.00740	0.00669	0.00198	0.00810	0.00668	0.00383	0.06861
95	0.00854	0.00708	0.00748	0.00738	0.00961	0.00602	0.00553	0.01059	0.01660	0.02050	0.18589	0.06444	0.59216	0.01706	0.00824	0.00233	0.00349	0.01435	0.00670	0.00602
96	0.02289	0.07937	0.02205	0.11846	0.05026	0.04761	0.01408	0.44199	0.05166	0.03495	0.01549	0.01669	0.01143	0.00779	0.00669	0.00204	0.00794	0.00598	0.00575	0.03689
97	0.00856	0.00696	0.00762	0.00800	0.00994	0.00603	0.00597	0.01039	0.01560	0.01913	0.08514	0.18789	0.52177	0.01840	0.00846	0.00250	0.00382	0.06137	0.00652	0.00591
98	0.01607	0.01531	0.02583	0.22792	0.50761	0.01602	0.02038	0.02031	0.01532	0.02146	0.01291	0.01752	0.01056	0.00638	0.00686	0.00210	0.00845	0.00614	0.00338	0.03948
99	0.01044	0.00745	0.01032	0.01193	0.01318	0.00733	0.00984	0.01306	0.01527	0.01998	0.03739	0.27697	0.04193	0.02004	0.00942	0.00310	0.00572	0.47399	0.00644	0.00620
100	0.01736	0.01499	0.01578	0.01420	0.01815	0.01736	0.01105	0.03708	0.69862	0.02919	0.02840	0.02604	0.02130	0.00947	0.00710	0.00237	0.00552	0.00789	0.00710	0.01105
101	0.02844	0.01252	0.01611	0.01278	0.01788	0.01172	0.01042	0.03464	0.15967	0.57467	0.02771	0.02422	0.01810	0.00881	0.00703	0.00220	0.00585	0.00720	0.00832	0.01170
102	0.01771	0.01672	0.02798	0.04158	0.67888	0.01682	0.02103	0.05269	0.01668	0.02379	0.01330	0.01725	0.01109	0.00632	0.00691	0.00207	0.00826	0.00622	0.00362	0.01109
103	0.00988	0.00713	0.00933	0.00878	0.01043	0.00658	0.00658	0.01317	0.01975	0.02798	0.70754	0.05213	0.06584	0.01427	0.00823	0.00219	0.00329	0.01262	0.00768	0.00658
104	0.00861	0.00617	0.00832	0.00982	0.01029	0.00588	0.00664	0.00991	0.01321	0.01770	0.03707	0.69922	0.04413	0.02401	0.05956	0.00343	0.00508	0.01897	0.00628	0.00571
105	0.01444	0.01369	0.02321	0.52340	0.25277	0.01584	0.02001	0.01894	0.01455	0.01936	0.01263	0.01819	0.00984	0.00674	0.00696	0.00225	0.00899	0.00621	0.00321	0.00877
106	0.01736	0.01499	0.01578	0.01420	0.01815	0.01736	0.01105	0.03708	0.69862	0.02919	0.02840	0.02604	0.02130	0.00947	0.00710	0.00237	0.00552	0.00789	0.00710	0.01105
107	0.00836	0.00707	0.00722	0.00718	0.00949	0.00594	0.00539	0.01022	0.01616	0.01946	0.11294	0.06616	0.66577	0.01745	0.00825	0.00235	0.00352	0.01459	0.00656	0.00594
108	0.02327	0.01780	0.01897	0.01519	0.02020	0.01984	0.01234	0.48046	0.21777	0.03889	0.02207	0.02128	0.04127	0.00904	0.00706	0.00218	0.00692	0.00706	0.00699	0.01141
109	0.01716	0.01646	0.02812	0.06231	0.69264	0.01655	0.02136	0.02132	0.01584	0.02266	0.01311	0.01731	0.01100	0.00624	0.00691	0.00208	0.00832	0.00622	0.00344	0.01096
110	0.01400	0.03610	0.71860	0.01989	0.03020	0.01621	0.02578	0.02210	0.01473	0.02210	0.01252	0.01473	0.00884	0.00663	0.00663	0.00221	0.01031	0.00516	0.00295	0.01031
111	0.80405	0.01350	0.01026	0.00918	0.01350	0.01565	0.00756	0.02051	0.01188	0.03131	0.00972	0.01134	0.00756	0.00648	0.00432	0.00216	0.00540	0.00378	0.00432	0.00756
112	0.80405	0.01350	0.01026	0.00918	0.01350	0.01565	0.00756	0.02051	0.01188	0.03131	0.00972	0.01134	0.00756	0.00648	0.00432	0.00216	0.00540	0.00378	0.00432	0.00756
113	0.00829	0.00689	0.00726	0.00755	0.00955	0.00585	0.00551	0.00996	0.01545	0.01866	0.06486	0.19071	0.58860	0.01843	0.00837	0.00244	0.00363	0.01565	0.00648	0.00585
114	0.01866	0.75896	0.03657	0.01194	0.01791	0.02761	0.01194	0.02090	0.01418	0.01642	0.00970	0.01119	0.00896	0.00597	0.00448	0.00149	0.00746	0.00373	0.00299	0.00896
115	0.02423	0.03017	0.02023	0.06959	0.04575	0.61126	0.01426	0.02629	0.01869	0.01730	0.01088	0.01332	0.00909	0.00744	0.00735	0.00192	0.05579	0.00477	0.00352	0.00814
116	0.00997	0.00748	0.01121	0.01121	0.01246	0.00872	0.00872	0.01246	0.01121	0.01620	0.01869	0.02741	0.01745	0.05234	0.72710	0.01121	0.01869	0.00748	0.00374	0.00623
117	0.00850	0.00607	0.00810	0.00972	0.01012	0.00567	0.00648	0.00972	0.01336	0.01781	0.03846	0.75020	0.04615	0.02186	0.00891	0.00283	0.00405	0.01984	0.00648	0.00567
118	0.01382	0.01174	0.01251	0.01178	0.01483	0.01283	0.00896	0.02642	0.43049	0.02499	0.04038	0.13991	0.19601	0.01329	0.00764	0.00243	0.00482	0.01130	0.00686	0.00899
119	0.01727	0.01658	0.02832	0.04283	0.71123	0.01658	0.02142	0.02142	0.01589	0.02280	0.01313	0.01727	0.01105	0.00622	0.00691	0.00207	0.00829	0.00622	0.00345	0.01105
120	0.01676	0.46445	0.31444	0.01518	0.02292	0.02297	0.01758	0.02139	0.01440	0.01873	0.01085	0.01264	0.00891	0.00624	0.00535	0.00178	0.00862	0.00431	0.00297	0.00951
121	0.01727	0.01658	0.02832	0.04283	0.71123	0.01658	0.02142	0.02142	0.01589	0.02280	0.01313	0.01727	0.01105	0.00622	0.00691	0.00207	0.00829	0.00622	0.00345	0.01105
122	0.02610	0.01712	0.01920	0.01463	0.02025	0.01784	0.01206	0.47401	0.02800	0.18045	0.01847	0.01793	0.01281	0.00805	0.00678	0.00198	0.00702	0.00618	0.00699	0.10413
123	0.03131	0.01188	0.01619	0.01242	0.01781	0.01026	0.01026	0.03401	0.01997	0.71606	0.02753	0.02375	0.01727	0.00864	0.00702	0.00216	0.00594	0.00702	0.00864	0.01188
124	0.01318	0.01240	0.02093	0.73798	0.04806	0.01550	0.01938	0.01783	0.01395	0.01783	0.01240	0.01860	0.00930	0.00698	0.00698	0.00233	0.00930	0.00620	0.00310	0.00775
125	0.00836	0.00707	0.00723	0.00719	0.00950	0.00594	0.00539	0.01024	0.01618	0.01950	0.11561	0.06610	0.66307	0.01743	0.00825	0.00235	0.00352	0.01458	0.00656	0.00594
126	0.01727	0.01658	0.02832	0.04283	0.71123	0.01658	0.02142	0.02142	0.01589	0.02280	0.01313	0.01727	0.01105	0.00622	0.00691	0.00207	0.00829	0.00622	0.00345	0.01105
127	0.01400	0.03610	0.71860	0.01989	0.03020	0.01621	0.02578	0.02210	0.01473	0.02210	0.01252	0.01473	0.00884	0.00663	0.00663	0.00221	0.01031	0.00516	0.00295	0.01031
128	0.00850	0.00607	0.00810	0.00972	0.01012	0.00567	0.00648	0.00972	0.01336	0.01781	0.03846	0.75020	0.04615	0.02186	0.00891	0.00283	0.00405	0.01984	0.00648	0.00567
129	0.80405	0.01350	0.01026	0.00918	0.01350	0.01565	0.00756	0.02051	0.01188	0.03131	0.00972	0.01134	0.00756	0.00648	0.00432	0.00216	0.00540	0.00378	0.00432	0.00756
130	0.01447	0.01240	0.01447	0.01034	0.01654	0.00930	0.00827	0.01757	0.01447	0.02274	0.01240	0.01447	0.01034	0.00517	0.00517	0.00103	0.00517	0.00413	0.00413	0.79742
131	0.01839	0.01383	0.01590	0.01538	0.06608	0.01525	0.01105	0.03279	0.49076	0.11747	0.02708	0.04968	0.02113	0.06209	0.00914	0.00264	0.00581	0.00820	0.00682	0.01050
132	0.80405	0.01350	0.01026	0.00918	0.01350	0.01565	0.00756	0.02051	0.01188	0.03131	0.00972	0.01134	0.00756	0.00648	0.00432	0.00216	0.00540	0.00378	0.00432	0.00756
133	0.01212	0.00606	0.00909	0.00909	0.00909	0.00606	0.00606	0.00909	0.00909	0.01212	0.01212	0.02121	0.01212	0.02424	0.02727	0.79697	0.00606	0.00606	0.00303	0.00303
134	0.01635	0.01726	0.07587	0.15754	0.55213	0.01637	0.02138	0.02086	0.01548	0.02192	0.01296	0.01731	0.01060	0.00637	0.00690	0.00212	0.00860	0.00614	0.00336	0.01045
135	0.00859	0.00613	0.00819	0.00981	0.01026	0.00574	0.00663	0.00986	0.01344	0.01791	0.03841	0.72945	0.04597	0.02178	0.00893	0.00285	0.00412	0.03976	0.00648	0.00569
136	0.01318	0.01240	0.02093	0.73798	0.04806	0.01550	0.01938	0.01783	0.01395	0.01783	0.01240	0.01860	0.00930	0.00698	0.00698	0.00233	0.00930	0.00620	0.00310	0.00775
137	0.00997	0.00745	0.01110	0.01110	0.01231	0.00866	0.00858	0.01239	0.01118	0.01612	0.01879	0.02798	0.01769	0.07405	0.70573	0.01108	0.01832	0.00756	0.00375	0.00617
138	0.01588	0.06619	0.02274	0.39273	0.03553	0.01641	0.09228	0.07695	0.08486	0.04930	0.01680	0.07006	0.01374	0.00826	0.00709	0.00228	0.00844	0.00742	0.00433	0.00872
139	0.00944	0.00705	0.00877	0.00847	0.01019	0.00638	0.00630	0.01228	0.01853	0.02539	0.52948	0.09844	0.20262	0.01547	0.00828	0.00227	0.00339	0.01352	0.00735	0.00638
140	0.00901	0.00644	0.00868	0.01030	0.01093	0.00611	0.00736	0.01060	0.01386	0.01838	0.03818	0.62567	0.04504	0.02138	0.00904	0.00290	0.00449	0.13935	0.00647	0.00581
141	0.01714	0.01709	0.02954	0.07947	0.40164	0.03729	0.19077	0.04665	0.03944	0.02339	0.03904	0.01915	0.01312	0.00669	0.00729	0.00217	0.00908	0.00697	0.00386	0.01020
142	0.05127	0.01519	0.05410	0.22049	0.23367	0.01499	0.01691	0.06421	0.03982	0.19518	0.01706	0.01915	0.01226	0.00729	0.00685	0.00218	0.00784	0.00632	0.00499	0.01023
143	0.01606	0.01510	0.02715	0.10636	0.37307	0.01503	0.16310	0.02025	0.01580	0.04770	0.01854	0.07338	0.04197	0.00824	0.00748	0.00226	0.00852	0.02629	0.00404	0.00967
144	0.01542	0.23746	0.50241	0.01852	0.05195	0.01941	0.02175	0.02174	0.01462	0.02054	0.01176	0.01384	0.00895	0.00643	0.00604	0.00200	0.00944	0.00480	0.00298	0.00996
145	0.01737	0.03601	0.03811	0.10518	0.14051	0.01367	0.11061	0.06513	0.01669	0.13383	0.02147	0.18361	0.01975	0.01057	0.00797	0.00234	0.03136	0.00961	0.02712	0.00908
146	0.07135	0.03793	0.04610	0.15243	0.09521	0.01323	0.11022	0.03635	0.01622	0.10720	0.05326	0.05730	0.15423	0.00989	0.00725	0.00225	0.00722	0.00878	0.00503	0.00857
147	0.02002	0.02416	0.29007	0.01847	0.06707	0.08969	0.04052	0.05660	0.05280	0.18698	0.01891	0.07161	0.01458	0.00846	0.00697	0.00220	0.00861	0.00697	0.00508	0.01023
148	0.02336	0.02803	0.01966	0.01901	0.07892	0.52938	0.01348	0.04589	0.04022	0.01920	0.01376	0.01553	0.03278	0.00756	0.00684	0.00185	0.03133	0.00516	0.00391	0.06413
149	0.01493	0.04726	0.03835	0.03797	0.01744	0.01043	0.00950	0.01813	0.01484	0.06888	0.06302	0.01918	0.01535	0.01136	0.08453	0.00241	0.00700	0.00539	0.00451	0.50954
150	0.01435	0.01317	0.06329	0.01104	0.01647	0.00974	0.00944	0.04242	0.01572	0.04619	0.08115	0.04708	0.04498	0.00965	0.03981	0.00190	0.00601	0.00630	0.00479	0.51652

[dist]
# distance from previous block
# <min> <max>
0	9

[block]
# block no. 2 follows, 30 sequences, length 16
# corresponding to MSA columns:
# 210-225
name=unknown_C
#
# <colnr> <probs for GDERKNQSTAVLIFYWHMCP>
#	G	D	E	R	K	N	Q	S	T	A	V	L	I	F	Y	W	H	M	C	P
0	0.04064	0.07531	0.05571	0.05408	0.11007	0.04227	0.01308	0.11188	0.05344	0.18381	0.05822	0.01989	0.01570	0.00762	0.00647	0.00192	0.00694	0.00617	0.00559	0.13119
1	0.04059	0.31753	0.11240	0.01483	0.02049	0.21909	0.01383	0.05058	0.04059	0.09114	0.01310	0.01404	0.01031	0.00689	0.00570	0.00180	0.00898	0.00470	0.00406	0.00933
2	0.72456	0.01333	0.01087	0.00951	0.01394	0.01510	0.00784	0.02190	0.01271	0.10175	0.01155	0.01261	0.00856	0.00670	0.00460	0.00216	0.00545	0.00411	0.00476	0.00800
3	0.01676	0.03566	0.11550	0.05749	0.15102	0.15326	0.03193	0.04199	0.09297	0.02319	0.14367	0.06482	0.02344	0.00928	0.00712	0.00214	0.00804	0.00787	0.00484	0.00901
4	0.01660	0.08926	0.13506	0.02384	0.22467	0.03388	0.07678	0.06277	0.03390	0.02347	0.04056	0.03465	0.01353	0.00696	0.00652	0.00189	0.00797	0.00618	0.00402	0.15752
5	0.01556	0.01091	0.01378	0.01338	0.06346	0.01117	0.00969	0.08793	0.09012	0.10973	0.27570	0.03997	0.12678	0.01356	0.03056	0.00256	0.04270	0.02715	0.00681	0.00849
6	0.01581	0.01455	0.02208	0.10744	0.27184	0.01549	0.06909	0.02496	0.23180	0.02489	0.10821	0.02485	0.02118	0.00835	0.00725	0.00223	0.00716	0.00774	0.00512	0.00996
7	0.01001	0.00763	0.00922	0.00847	0.01061	0.00673	0.00629	0.01269	0.01760	0.02428	0.44111	0.05104	0.19828	0.07327	0.01010	0.00248	0.00382	0.01201	0.00678	0.08760
8	0.01050	0.00842	0.01359	0.01256	0.01418	0.00911	0.07768	0.01294	0.01188	0.01674	0.02070	0.10689	0.02067	0.11588	0.50462	0.00894	0.01517	0.00917	0.00406	0.00629
9	0.01136	0.00819	0.01070	0.01031	0.01145	0.00905	0.00747	0.06562	0.01256	0.01746	0.01972	0.03312	0.01985	0.30122	0.42104	0.00889	0.01353	0.00834	0.00417	0.00596
10	0.01706	0.12483	0.38410	0.04446	0.07994	0.09554	0.02026	0.05771	0.07086	0.02241	0.01350	0.01538	0.01021	0.00690	0.00640	0.00207	0.00948	0.00529	0.00361	0.01000
11	0.16122	0.02134	0.31264	0.01443	0.02073	0.01292	0.03599	0.01996	0.01555	0.08088	0.13494	0.05492	0.06762	0.00939	0.00675	0.00223	0.00719	0.00765	0.00486	0.00879
12	0.01469	0.05599	0.15293	0.01308	0.01849	0.06633	0.02780	0.05664	0.05480	0.02337	0.10943	0.02907	0.14121	0.00942	0.00671	0.00189	0.00665	0.00769	0.00497	0.19883
13	0.00957	0.00748	0.00929	0.00915	0.01057	0.00733	0.00676	0.01176	0.01613	0.02172	0.30517	0.17307	0.23243	0.05591	0.04020	0.00301	0.05412	0.01367	0.00649	0.00617
14	0.17001	0.12273	0.02063	0.03816	0.06574	0.39692	0.01270	0.02516	0.01714	0.05550	0.01149	0.01322	0.00928	0.00690	0.00578	0.00188	0.00984	0.00455	0.00388	0.00848
15	0.75108	0.06377	0.01203	0.00936	0.01379	0.01646	0.00785	0.02054	0.01203	0.03030	0.00972	0.01133	0.00765	0.00644	0.00433	0.00211	0.00554	0.00378	0.00423	0.00765

[dist]
# distance from previous block
# <min> <max>
0	1

[block]
# block no. 3 follows, 30 sequences, length 29
# corresponding to MSA columns:
# 227-255
name=unknown_D
#
# <colnr> <probs for GDERKNQSTAVLIFYWHMCP>
#	G	D	E	R	K	N	Q	S	T	A	V	L	I	F	Y	W	H	M	C	P
0	0.01863	0.02052	0.14619	0.02439	0.22384	0.06783	0.04763	0.09332	0.15147	0.06727	0.01847	0.05756	0.01482	0.00818	0.00703	0.00220	0.00815	0.00710	0.00493	0.01048
1	0.01639	0.01447	0.01884	0.01631	0.08136	0.02952	0.07819	0.04595	0.15514	0.03993	0.04325	0.01921	0.01498	0.00679	0.00627	0.00165	0.00639	0.00597	0.00494	0.39444
2	0.00949	0.00720	0.00993	0.09853	0.01470	0.00724	0.00794	0.01151	0.01449	0.01946	0.16359	0.41738	0.07620	0.07126	0.03519	0.00319	0.00522	0.01541	0.00604	0.00603
3	0.01583	0.01470	0.02406	0.30798	0.32436	0.01627	0.03684	0.06637	0.01600	0.02186	0.01408	0.05055	0.01191	0.00763	0.00779	0.00226	0.04158	0.00688	0.00369	0.00939
4	0.00878	0.00709	0.00781	0.00763	0.00975	0.00612	0.00572	0.01104	0.01716	0.02183	0.27845	0.06225	0.49878	0.01656	0.00824	0.00230	0.00346	0.01404	0.00687	0.00612
5	0.01661	0.01418	0.01571	0.01456	0.04102	0.01614	0.01100	0.09406	0.44956	0.02781	0.03151	0.04796	0.11526	0.01089	0.00840	0.00239	0.05751	0.00880	0.00658	0.01003
6	0.01327	0.00800	0.01035	0.01067	0.05693	0.00756	0.00738	0.01655	0.01795	0.08933	0.39042	0.03926	0.04314	0.01135	0.00701	0.00201	0.00385	0.00982	0.24784	0.00734
7	0.69688	0.01400	0.01136	0.00999	0.01436	0.01617	0.00818	0.06600	0.06175	0.03200	0.01150	0.01273	0.00881	0.00681	0.00469	0.00217	0.00556	0.00424	0.00469	0.00809
8	0.01463	0.01388	0.02355	0.49146	0.28324	0.01589	0.02010	0.01910	0.01464	0.01959	0.01266	0.01813	0.00992	0.00671	0.00695	0.00224	0.00894	0.00621	0.00323	0.00892
9	0.06987	0.01386	0.02010	0.63872	0.04386	0.06274	0.01815	0.01869	0.01419	0.01873	0.01211	0.01769	0.00916	0.00696	0.00674	0.00228	0.00924	0.00592	0.00322	0.00776
10	0.01720	0.01630	0.02761	0.14669	0.51603	0.01683	0.06756	0.06519	0.01676	0.02341	0.01333	0.01755	0.01081	0.00645	0.00702	0.00213	0.00865	0.00636	0.00364	0.01049
11	0.00850	0.00607	0.00810	0.00972	0.01012	0.00567	0.00648	0.00972	0.01336	0.01781	0.03846	0.75020	0.04615	0.02186	0.00891	0.00283	0.00405	0.01984	0.00648	0.00567
12	0.00925	0.00660	0.00895	0.01057	0.01130	0.00631	0.00777	0.01100	0.01409	0.01865	0.03805	0.56829	0.04453	0.02116	0.00911	0.00294	0.00469	0.19442	0.00646	0.00587
13	0.07045	0.01545	0.02479	0.02355	0.16434	0.01644	0.17490	0.08683	0.04005	0.08987	0.01556	0.01966	0.01248	0.03948	0.06475	0.00318	0.11735	0.00691	0.00449	0.00946
14	0.01155	0.00950	0.01153	0.01147	0.01238	0.03741	0.00836	0.03087	0.04765	0.01783	0.02550	0.29498	0.02809	0.15056	0.17323	0.00529	0.10028	0.01220	0.00500	0.00632
15	0.00850	0.00607	0.00810	0.00972	0.01012	0.00567	0.00648	0.00972	0.01336	0.01781	0.03846	0.75020	0.04615	0.02186	0.00891	0.00283	0.00405	0.01984	0.00648	0.00567
16	0.01005	0.00717	0.00964	0.00964	0.01034	0.00787	0.00676	0.01145	0.01075	0.01503	0.02013	0.03538	0.02090	0.35896	0.42521	0.00927	0.01349	0.00864	0.00395	0.00536
17	0.01653	0.01392	0.01499	0.01105	0.01700	0.06285	0.00880	0.01950	0.01525	0.07135	0.01335	0.01499	0.01073	0.00556	0.00538	0.00117	0.00578	0.00437	0.00441	0.68302
18	0.00947	0.00729	0.01048	0.06635	0.06254	0.00717	0.00850	0.01115	0.01358	0.01817	0.03473	0.64383	0.04092	0.01965	0.00862	0.00274	0.00474	0.01786	0.00601	0.00620
19	0.01400	0.03610	0.71860	0.01989	0.03020	0.01621	0.02578	0.02210	0.01473	0.02210	0.01252	0.01473	0.00884	0.00663	0.00663	0.00221	0.01031	0.00516	0.00295	0.01031
20	0.01601	0.01559	0.02704	0.15558	0.45436	0.01644	0.08531	0.02011	0.01513	0.02128	0.01379	0.04587	0.01193	0.00737	0.00832	0.00225	0.06333	0.00693	0.00349	0.00987
21	0.01013	0.00819	0.01287	0.09427	0.01722	0.00817	0.06907	0.01235	0.01394	0.01847	0.03266	0.49948	0.03746	0.04029	0.00951	0.00290	0.00570	0.09528	0.00576	0.00629
22	0.01508	0.03440	0.61273	0.02094	0.05009	0.06655	0.05987	0.02250	0.01522	0.02178	0.01250	0.01487	0.00901	0.00662	0.00670	0.00218	0.01049	0.00530	0.00304	0.01013
23	0.01558	0.01413	0.02328	0.07190	0.13787	0.01592	0.13770	0.04857	0.01490	0.04613	0.05142	0.04042	0.01543	0.01461	0.10066	0.00356	0.20677	0.00746	0.02511	0.00857
24	0.01453	0.01514	0.07180	0.25006	0.35387	0.01463	0.01886	0.01876	0.01512	0.02093	0.04680	0.09611	0.01652	0.00849	0.00718	0.00225	0.00807	0.00786	0.00382	0.00922
25	0.02587	0.01421	0.05328	0.01283	0.01805	0.01259	0.01101	0.17985	0.02191	0.40531	0.04431	0.02429	0.04774	0.00889	0.00687	0.00209	0.00618	0.00713	0.06321	0.03441
26	0.01718	0.48326	0.05962	0.01330	0.04227	0.09116	0.01189	0.01962	0.01507	0.01761	0.03690	0.07033	0.07984	0.00859	0.00561	0.00177	0.00739	0.00639	0.00377	0.00842
27	0.62628	0.01445	0.01288	0.04112	0.03471	0.03376	0.00950	0.05033	0.01310	0.02946	0.01021	0.01242	0.00809	0.00711	0.00632	0.00223	0.07164	0.00428	0.00423	0.00787
28	0.05600	0.01543	0.08333	0.03663	0.20114	0.06242	0.04367	0.04123	0.01594	0.02163	0.02951	0.17230	0.15155	0.01204	0.00749	0.00232	0.00699	0.02725	0.00484	0.00830

[dist]
# distance from previous block
# <min> <max>
0	1

[block]
# block no. 4 follows, 30 sequences, length 35
# corresponding to MSA columns:
# 257-291
name=unknown_E
#
# <colnr> <probs for GDERKNQSTAVLIFYWHMCP>
#	G	D	E	R	K	N	Q	S	T	A	V	L	I	F	Y	W	H	M	C	P
0	0.01799	0.18779	0.11947	0.01644	0.05453	0.07501	0.03314	0.07237	0.08454	0.04995	0.04200	0.01915	0.01425	0.05555	0.01009	0.00237	0.09725	0.00605	0.00432	0.03774
1	0.00880	0.00646	0.00811	0.00920	0.00999	0.00604	0.00630	0.01011	0.01348	0.01759	0.04154	0.49721	0.15994	0.10220	0.04012	0.00352	0.00493	0.04274	0.00612	0.00560
2	0.02111	0.20159	0.02268	0.01465	0.01941	0.12891	0.01215	0.18131	0.27404	0.02761	0.01845	0.01821	0.01422	0.00801	0.00631	0.00200	0.00757	0.00598	0.00553	0.01027
3	0.01167	0.00974	0.01381	0.09173	0.01651	0.01205	0.01030	0.01350	0.01110	0.01581	0.01654	0.02833	0.01663	0.22470	0.29099	0.00705	0.19199	0.00771	0.00363	0.00621
4	0.01625	0.01557	0.02636	0.20165	0.53265	0.01651	0.02072	0.02042	0.01525	0.02143	0.01281	0.01750	0.01058	0.00662	0.00753	0.00217	0.03625	0.00621	0.00336	0.01017
5	0.01847	0.04796	0.15697	0.09581	0.24565	0.01737	0.09159	0.12463	0.04597	0.06600	0.01494	0.01752	0.01124	0.00693	0.00694	0.00215	0.00877	0.00627	0.00431	0.01051
6	0.01014	0.00680	0.00779	0.00779	0.00785	0.00686	0.00445	0.01026	0.01020	0.01366	0.02182	0.04475	0.02497	0.71954	0.07019	0.00699	0.00736	0.01001	0.00420	0.00433
7	0.01047	0.00729	0.00971	0.05286	0.01305	0.00693	0.00763	0.01276	0.01605	0.05609	0.23467	0.34572	0.12408	0.01746	0.00847	0.00255	0.00433	0.05670	0.00673	0.00644
8	0.04818	0.34662	0.33555	0.01532	0.02277	0.02079	0.01767	0.02074	0.01430	0.01968	0.01396	0.01567	0.04351	0.00707	0.00622	0.00193	0.03255	0.00499	0.00320	0.00930
9	0.01470	0.08389	0.08261	0.07775	0.12363	0.04065	0.06903	0.06821	0.03248	0.02193	0.04547	0.22399	0.02401	0.01192	0.00752	0.00236	0.00736	0.04922	0.00486	0.00842
10	0.01295	0.01120	0.01431	0.01306	0.01384	0.03741	0.01008	0.04054	0.01192	0.01686	0.01605	0.02706	0.01620	0.21055	0.27220	0.00676	0.25122	0.00754	0.00376	0.00648
11	0.08796	0.04428	0.02199	0.13088	0.09373	0.01458	0.11413	0.06774	0.01706	0.22524	0.01778	0.01992	0.01289	0.01221	0.08584	0.00317	0.00910	0.00658	0.00524	0.00967
12	0.14742	0.20719	0.02379	0.03943	0.14336	0.12977	0.01352	0.07276	0.08890	0.02354	0.01305	0.01489	0.01065	0.00712	0.00645	0.00198	0.03765	0.00510	0.00412	0.00932
13	0.01788	0.01167	0.01359	0.07073	0.01719	0.04009	0.00962	0.09357	0.10580	0.16181	0.12620	0.13523	0.02821	0.05571	0.00896	0.00251	0.00575	0.00974	0.07711	0.00864
14	0.01960	0.12786	0.06244	0.01515	0.04509	0.01760	0.03441	0.21769	0.10416	0.04849	0.01576	0.01660	0.01207	0.00700	0.00613	0.00176	0.00694	0.00552	0.00517	0.23058
15	0.01292	0.00821	0.00985	0.00899	0.01140	0.00752	0.00679	0.01631	0.05573	0.12382	0.32111	0.05069	0.25138	0.07205	0.01013	0.00261	0.00415	0.01200	0.00715	0.00720
16	0.08747	0.07625	0.11551	0.06902	0.13125	0.07089	0.03670	0.06614	0.01688	0.08029	0.05552	0.04228	0.01487	0.00761	0.00641	0.00198	0.00773	0.00625	0.00450	0.10246
17	0.04667	0.27598	0.20851	0.02010	0.05306	0.02028	0.20957	0.02216	0.01519	0.04868	0.01254	0.01504	0.00976	0.00625	0.00630	0.00200	0.00932	0.00562	0.00343	0.00958
18	0.00885	0.00699	0.00800	0.00813	0.01000	0.00614	0.00606	0.01102	0.01662	0.02129	0.23917	0.15659	0.41493	0.01738	0.00839	0.00241	0.00366	0.04149	0.00681	0.00607
19	0.00905	0.00664	0.00850	0.00901	0.01017	0.00608	0.00639	0.01121	0.01636	0.02224	0.32517	0.37569	0.13135	0.01816	0.00854	0.00251	0.00367	0.01619	0.00699	0.00608
20	0.02294	0.02302	0.20557	0.01715	0.02396	0.01884	0.04058	0.40272	0.05141	0.09894	0.01698	0.01729	0.01188	0.00789	0.00694	0.00215	0.00828	0.00618	0.00595	0.01134
21	0.01680	0.01495	0.02521	0.22493	0.40872	0.01572	0.05239	0.02165	0.04210	0.06384	0.01520	0.02037	0.01225	0.00709	0.00709	0.00221	0.00843	0.02713	0.00391	0.00999
22	0.00850	0.00607	0.00810	0.00972	0.01012	0.00567	0.00648	0.00972	0.01336	0.01781	0.03846	0.75020	0.04615	0.02186	0.00891	0.00283	0.00405	0.01984	0.00648	0.00567
23	0.01784	0.17134	0.11518	0.01968	0.07877	0.08906	0.11573	0.04819	0.01618	0.04932	0.07351	0.01845	0.01486	0.00817	0.00934	0.00217	0.13286	0.00629	0.00398	0.00909
24	0.01837	0.12258	0.12835	0.10278	0.18388	0.01731	0.17905	0.02308	0.01600	0.12025	0.01478	0.01750	0.01103	0.00659	0.00687	0.00212	0.00907	0.00632	0.00404	0.01002
25	0.01126	0.00952	0.01393	0.07156	0.01637	0.01181	0.01079	0.01349	0.01166	0.01673	0.01908	0.14010	0.01942	0.03415	0.38455	0.00719	0.18879	0.00903	0.00396	0.00660
26	0.46353	0.07605	0.08415	0.01482	0.07574	0.14275	0.01188	0.02208	0.01407	0.02604	0.01046	0.01238	0.00834	0.00656	0.00512	0.00204	0.00755	0.00424	0.00388	0.00832
27	0.01041	0.00746	0.00910	0.00898	0.00913	0.00803	0.00572	0.01087	0.01054	0.01438	0.02192	0.09582	0.02490	0.56970	0.10101	0.00661	0.06603	0.01031	0.00426	0.00481
