[name]
unknown

[dist]
# distance from previous block
# <min> <max>
0	12

[block]
# block no. 0 follows, 32 sequences, length 12
# corresponding to MSA columns:
# 12-23
name=unknown_A
#
# <colnr> <probs for GDERKNQSTAVLIFYWHMCP>
#	G	D	E	R	K	N	Q	S	T	A	V	L	I	F	Y	W	H	M	C	P
0	0.01696	0.01631	0.04782	0.07055	0.08609	0.08344	0.07053	0.08899	0.22134	0.04300	0.10189	0.02558	0.02081	0.00900	0.00758	0.00220	0.03425	0.03906	0.00538	0.00922
1	0.00879	0.00628	0.00794	0.00884	0.00950	0.00592	0.00602	0.01011	0.01327	0.01766	0.11179	0.43988	0.09450	0.16778	0.01359	0.00340	0.00444	0.05901	0.00592	0.00534
2	0.00895	0.00700	0.00814	0.00805	0.00986	0.00634	0.00596	0.01186	0.04306	0.02207	0.33563	0.13864	0.33852	0.01579	0.00796	0.00225	0.00343	0.01364	0.00674	0.00611
3	0.00964	0.00653	0.00820	0.00880	0.00963	0.00620	0.00601	0.01090	0.01300	0.04314	0.08202	0.36585	0.10648	0.21205	0.04521	0.00394	0.00522	0.04602	0.00572	0.00545
4	0.01391	0.01193	0.01391	0.00994	0.01590	0.00894	0.00795	0.01690	0.01391	0.02186	0.01193	0.01391	0.00994	0.00497	0.00497	0.00099	0.00497	0.00398	0.00398	0.80521
5	0.81159	0.01298	0.00986	0.00882	0.01298	0.01505	0.00727	0.01972	0.01142	0.03010	0.00934	0.01090	0.00727	0.00623	0.00415	0.00208	0.00519	0.00363	0.00415	0.00727
6	0.01794	0.76823	0.03516	0.01148	0.01722	0.02655	0.01148	0.02009	0.01363	0.01579	0.00933	0.01076	0.00861	0.00574	0.00431	0.00144	0.00718	0.00359	0.00287	0.00861
7	0.01728	0.10243	0.12574	0.04250	0.16963	0.05392	0.07466	0.14215	0.01821	0.04260	0.06543	0.08259	0.01688	0.00834	0.00670	0.00204	0.00784	0.00725	0.00449	0.00933
8	0.00844	0.00627	0.00750	0.00825	0.00916	0.00573	0.00556	0.00966	0.01333	0.01722	0.07848	0.41080	0.22840	0.14414	0.01265	0.00320	0.00416	0.01579	0.00593	0.00532
9	0.05065	0.04087	0.05687	0.01687	0.06621	0.06514	0.03889	0.14318	0.06150	0.05780	0.01343	0.01564	0.01067	0.00796	0.00992	0.00206	0.18709	0.00550	0.00442	0.14534
10	0.04740	0.00724	0.00861	0.00845	0.01030	0.00669	0.00624	0.01273	0.01574	0.07142	0.26001	0.19259	0.24514	0.04090	0.03368	0.00272	0.00427	0.01311	0.00649	0.00628
11	0.01769	0.39841	0.15100	0.01376	0.01947	0.09114	0.01372	0.06539	0.04344	0.01920	0.01160	0.01393	0.00991	0.03450	0.00695	0.00189	0.03821	0.00456	0.00343	0.04180

[dist]
# distance from previous block
# <min> <max>
0	4

[block]
# block no. 1 follows, 32 sequences, length 32
# corresponding to MSA columns:
# 28-59
name=unknown_B
#
# <colnr> <probs for GDERKNQSTAVLIFYWHMCP>
#	G	D	E	R	K	N	Q	S	T	A	V	L	I	F	Y	W	H	M	C	P
0	0.03654	0.04889	0.17270	0.05816	0.07472	0.03304	0.05625	0.15091	0.01770	0.04444	0.01489	0.06811	0.01241	0.00743	0.00630	0.00187	0.00755	0.00622	0.00435	0.17752
1	0.09225	0.13537	0.13239	0.10330	0.02453	0.04214	0.09590	0.09508	0.12146	0.04718	0.01645	0.01789	0.03325	0.00722	0.00622	0.00204	0.00786	0.00593	0.00437	0.00918
2	0.01435	0.04055	0.09832	0.06277	0.20796	0.01418	0.08081	0.05387	0.06722	0.02281	0.12648	0.10344	0.02279	0.00949	0.00783	0.00219	0.04304	0.00848	0.00461	0.00880
3	0.01765	0.01844	0.07102	0.04994	0.02154	0.15054	0.08070	0.06010	0.01637	0.05792	0.01279	0.01479	0.00999	0.00595	0.00585	0.00152	0.00771	0.00487	0.00407	0.38824
4	0.00975	0.00760	0.00896	0.00879	0.01063	0.00728	0.00651	0.01413	0.10133	0.02315	0.35278	0.16662	0.22688	0.01520	0.00789	0.00227	0.00361	0.01324	0.00683	0.00654
5	0.01745	0.01375	0.01542	0.01516	0.09405	0.05829	0.01060	0.22248	0.07735	0.06269	0.16284	0.08000	0.10012	0.01080	0.00712	0.00210	0.00589	0.00905	0.02595	0.00888
6	0.01137	0.00705	0.00909	0.00973	0.01102	0.00660	0.00684	0.01367	0.04968	0.10745	0.03709	0.58544	0.08184	0.01855	0.00821	0.00259	0.00416	0.01662	0.00652	0.00648
7	0.77631	0.04655	0.01099	0.00894	0.01316	0.01556	0.00745	0.01974	0.01152	0.02947	0.00934	0.01089	0.00733	0.00621	0.00416	0.00205	0.00528	0.00363	0.00410	0.00733
8	0.01391	0.01193	0.01391	0.00994	0.01590	0.00894	0.00795	0.01690	0.01391	0.02186	0.01193	0.01391	0.00994	0.00497	0.00497	0.00099	0.00497	0.00398	0.00398	0.80521
9	0.81159	0.01298	0.00986	0.00882	0.01298	0.01505	0.00727	0.01972	0.01142	0.03010	0.00934	0.01090	0.00727	0.00623	0.00415	0.00208	0.00519	0.00363	0.00415	0.00727
10	0.01150	0.00737	0.00926	0.00917	0.01118	0.00666	0.00712	0.01388	0.01649	0.10391	0.24220	0.15887	0.23556	0.01587	0.00810	0.00240	0.00413	0.12294	0.00680	0.00659
11	0.01062	0.00793	0.01133	0.01101	0.01249	0.00912	0.00860	0.05664	0.01241	0.01769	0.04153	0.02650	0.01800	0.04634	0.66553	0.00992	0.01679	0.00728	0.00392	0.00635
12	0.01330	0.00953	0.03282	0.00858	0.01062	0.04812	0.00679	0.03973	0.04806	0.02351	0.02138	0.06212	0.01797	0.03475	0.07380	0.00270	0.00561	0.00701	0.52689	0.00672
13	0.01886	0.67286	0.03307	0.01223	0.01768	0.11861	0.01167	0.02096	0.01433	0.01587	0.00946	0.01094	0.00861	0.00589	0.00453	0.00147	0.00781	0.00368	0.00295	0.00850
14	0.01391	0.01193	0.01391	0.00994	0.01590	0.00894	0.00795	0.01690	0.01391	0.02186	0.01193	0.01391	0.00994	0.00497	0.00497	0.00099	0.00497	0.00398	0.00398	0.80521
15	0.01502	0.03743	0.02200	0.10932	0.27899	0.05560	0.09141	0.01868	0.01605	0.04519	0.14799	0.05149	0.03786	0.00885	0.00712	0.00212	0.00739	0.03441	0.00449	0.00862
16	0.01972	0.03990	0.01745	0.01426	0.01858	0.04327	0.01138	0.23810	0.45683	0.03163	0.02273	0.02141	0.01693	0.00860	0.00669	0.00215	0.00624	0.00688	0.00655	0.01070
17	0.01522	0.01769	0.05968	0.05051	0.03312	0.01648	0.58411	0.02048	0.01527	0.02085	0.01435	0.05361	0.01166	0.00677	0.00858	0.00231	0.04887	0.00819	0.00347	0.00876
18	0.01479	0.04901	0.35510	0.07150	0.10983	0.03411	0.04246	0.02134	0.06694	0.04435	0.01729	0.02037	0.05097	0.00780	0.00743	0.00217	0.04684	0.02465	0.00371	0.00933
19	0.00851	0.00665	0.00764	0.00773	0.00941	0.00586	0.00562	0.01052	0.01585	0.02049	0.26097	0.17061	0.38724	0.04159	0.00890	0.00243	0.00351	0.01418	0.00651	0.00578
20	0.03695	0.01333	0.07304	0.14230	0.10573	0.01242	0.08573	0.01799	0.06123	0.05449	0.06202	0.09119	0.12862	0.03910	0.00894	0.00243	0.04283	0.00905	0.00466	0.00794
21	0.01554	0.01141	0.01367	0.01010	0.01556	0.00881	0.00805	0.01842	0.01479	0.11078	0.04889	0.04221	0.01454	0.00636	0.00546	0.00124	0.00494	0.00523	0.00476	0.63921
22	0.01092	0.00849	0.01012	0.00943	0.01155	0.00852	0.00715	0.01738	0.16874	0.02637	0.51031	0.04597	0.11285	0.01301	0.00768	0.00216	0.00365	0.01133	0.00716	0.00720
23	0.02359	0.02806	0.01991	0.01750	0.02090	0.57383	0.04808	0.02613	0.04205	0.05152	0.01176	0.01362	0.00953	0.00744	0.00768	0.00190	0.07978	0.00488	0.00376	0.00808
24	0.02777	0.01147	0.01519	0.01192	0.01679	0.01033	0.00975	0.03195	0.08465	0.62476	0.06217	0.02445	0.01938	0.00866	0.00682	0.00210	0.00554	0.00710	0.00812	0.01108
25	0.81159	0.01298	0.00986	0.00882	0.01298	0.01505	0.00727	0.01972	0.01142	0.03010	0.00934	0.01090	0.00727	0.00623	0.00415	0.00208	0.00519	0.00363	0.00415	0.00727
26	0.00921	0.00731	0.00890	0.00966	0.04420	0.00654	0.00661	0.01122	0.01520	0.01982	0.18626	0.17763	0.32586	0.06700	0.00971	0.00258	0.00406	0.04567	0.00609	0.03646
27	0.01288	0.02281	0.40787	0.04433	0.02269	0.01217	0.01738	0.01864	0.04060	0.05642	0.02062	0.23229	0.01988	0.01082	0.00702	0.00228	0.00760	0.00927	0.00429	0.03015
28	0.01322	0.01266	0.01315	0.01195	0.01361	0.12237	0.00929	0.01643	0.04744	0.02233	0.37978	0.03531	0.06146	0.01394	0.04567	0.00265	0.15691	0.00929	0.00563	0.00691
29	0.01003	0.00783	0.00929	0.02894	0.01152	0.00746	0.00675	0.04611	0.04079	0.02369	0.36987	0.05120	0.30207	0.01577	0.03670	0.00252	0.00428	0.01208	0.00663	0.00649
30	0.01924	0.05458	0.01947	0.05141	0.03957	0.04181	0.05772	0.23792	0.25743	0.05055	0.05535	0.02274	0.04477	0.00861	0.00679	0.00211	0.00677	0.00714	0.00601	0.01003
31	0.01569	0.10760	0.28408	0.01698	0.02338	0.07960	0.09503	0.02182	0.07668	0.03633	0.03036	0.04918	0.01294	0.00753	0.00716	0.00201	0.04673	0.00612	0.00379	0.07699

[dist]
# distance from previous block
# <min> <max>
3	7

[block]
# block no. 2 follows, 32 sequences, length 27
# corresponding to MSA columns:
# 67-93
name=unknown_C
#
# <colnr> <probs for GDERKNQSTAVLIFYWHMCP>
#	G	D	E	R	K	N	Q	S	T	A	V	L	I	F	Y	W	H	M	C	P
0	0.02113	0.01514	0.01692	0.01389	0.01811	0.05512	0.04319	0.21269	0.23074	0.16113	0.02331	0.04123	0.03510	0.04998	0.00829	0.00236	0.00654	0.00738	0.02772	0.01002
1	0.01298	0.00756	0.00973	0.00901	0.01119	0.00677	0.00681	0.01552	0.01754	0.15726	0.38714	0.15732	0.14629	0.01430	0.00780	0.00222	0.00380	0.01248	0.00721	0.00707
2	0.01132	0.00962	0.01286	0.01222	0.01328	0.04010	0.00967	0.01353	0.01114	0.01608	0.01601	0.02344	0.01490	0.03941	0.54026	0.00853	0.16116	0.00678	0.03333	0.00634
3	0.00885	0.00679	0.00810	0.00787	0.00965	0.00604	0.00587	0.01137	0.01732	0.02317	0.44386	0.08967	0.30654	0.01529	0.00795	0.00220	0.00329	0.01322	0.00690	0.00604
4	0.01715	0.57149	0.19628	0.01347	0.02010	0.04901	0.01463	0.02060	0.01395	0.01708	0.01000	0.01160	0.00859	0.00593	0.00485	0.00161	0.00799	0.00393	0.00288	0.00889
5	0.00978	0.00734	0.01059	0.01049	0.01147	0.00851	0.00795	0.01179	0.01061	0.01521	0.01814	0.02861	0.01765	0.15638	0.60789	0.00988	0.04080	0.00753	0.00364	0.00575
6	0.02162	0.26242	0.06320	0.01495	0.01957	0.36237	0.01278	0.10016	0.01810	0.01929	0.01121	0.01350	0.00956	0.03644	0.00670	0.00188	0.00967	0.00453	0.00363	0.00843
7	0.02469	0.01777	0.01911	0.01479	0.01990	0.01957	0.01217	0.62255	0.05101	0.06229	0.01708	0.01706	0.01216	0.00808	0.00661	0.00200	0.00704	0.00612	0.04888	0.01111
8	0.01622	0.01552	0.02586	0.09011	0.60569	0.01615	0.01972	0.02070	0.04290	0.02150	0.01295	0.01693	0.01080	0.00648	0.00751	0.00207	0.04920	0.00604	0.00342	0.01022
9	0.01267	0.01193	0.02013	0.74806	0.04621	0.01491	0.01863	0.01714	0.01342	0.01714	0.01193	0.01789	0.00894	0.00671	0.00671	0.00224	0.00894	0.00596	0.00298	0.00745
10	0.00959	0.00719	0.01078	0.01078	0.01198	0.00839	0.00839	0.01198	0.01078	0.01558	0.01797	0.02636	0.01677	0.05032	0.73760	0.01078	0.01797	0.00719	0.00359	0.00599
11	0.00916	0.00751	0.00816	0.00798	0.01014	0.00689	0.00598	0.01285	0.08415	0.02104	0.20985	0.09392	0.46687	0.01569	0.00785	0.00226	0.00356	0.01332	0.00655	0.00629
12	0.01391	0.01193	0.01391	0.00994	0.01590	0.00894	0.00795	0.01690	0.01391	0.02186	0.01193	0.01391	0.00994	0.00497	0.00497	0.00099	0.00497	0.00398	0.00398	0.80521
13	0.02701	0.01360	0.01679	0.01305	0.01783	0.01362	0.01076	0.23431	0.02223	0.44544	0.02212	0.02044	0.01462	0.00840	0.00749	0.00208	0.04749	0.00646	0.04532	0.01094
14	0.00992	0.00845	0.04386	0.00913	0.01118	0.00711	0.00736	0.01383	0.04131	0.02667	0.66221	0.04757	0.05927	0.01321	0.00780	0.00212	0.00356	0.01164	0.00715	0.00664
15	0.64766	0.01694	0.01177	0.01059	0.01459	0.16557	0.00845	0.02120	0.01300	0.02725	0.00956	0.01115	0.00755	0.00637	0.00455	0.00200	0.00663	0.00378	0.00401	0.00737
16	0.01794	0.76823	0.03516	0.01148	0.01722	0.02655	0.01148	0.02009	0.01363	0.01579	0.00933	0.01076	0.00861	0.00574	0.00431	0.00144	0.00718	0.00359	0.00287	0.00861
17	0.00904	0.00636	0.00825	0.00892	0.00934	0.00645	0.00591	0.01005	0.01131	0.01533	0.02731	0.34917	0.03141	0.29312	0.17126	0.00577	0.00779	0.01324	0.00490	0.00507
18	0.00950	0.00686	0.00897	0.00844	0.01002	0.00633	0.00633	0.01266	0.01899	0.02691	0.71879	0.05012	0.06331	0.01372	0.00791	0.00211	0.00317	0.01213	0.00739	0.00633
19	0.00839	0.00682	0.00744	0.00728	0.00935	0.00586	0.00546	0.01052	0.01638	0.02071	0.25981	0.06031	0.52616	0.01603	0.00793	0.00222	0.00333	0.01356	0.00657	0.00586
20	0.77195	0.01267	0.00982	0.00880	0.01283	0.01462	0.00722	0.01937	0.01179	0.02995	0.04440	0.01284	0.01004	0.00660	0.00434	0.00208	0.00509	0.00405	0.00431	0.00722
21	0.01086	0.00829	0.00943	0.00923	0.01122	0.00835	0.00686	0.01690	0.17175	0.02339	0.23431	0.17739	0.17651	0.01409	0.00746	0.00224	0.00383	0.01221	0.08871	0.00699
22	0.00801	0.00680	0.00691	0.00688	0.00911	0.00570	0.00516	0.00979	0.01549	0.01859	0.10214	0.06382	0.68515	0.01682	0.00793	0.00226	0.00339	0.01405	0.00629	0.00570
23	0.01405	0.01157	0.01273	0.01152	0.01455	0.01267	0.00890	0.05240	0.40786	0.02749	0.25205	0.03579	0.08789	0.01115	0.00726	0.00221	0.00456	0.00949	0.00696	0.00889
24	0.63333	0.01338	0.01163	0.00989	0.01430	0.01499	0.00815	0.09110	0.01446	0.11843	0.01218	0.01293	0.00886	0.00668	0.00474	0.00207	0.00548	0.00427	0.00493	0.00821
25	0.02177	0.01581	0.02034	0.01602	0.02100	0.01683	0.11012	0.24512	0.27047	0.15623	0.02161	0.02080	0.01541	0.00813	0.00693	0.00215	0.00691	0.00699	0.00656	0.01079
26	0.01003	0.00714	0.00925	0.00871	0.00917	0.00722	0.03763	0.01057	0.01016	0.01370	0.02042	0.04070	0.02286	0.64735	0.11241	0.00679	0.00803	0.00938	0.00398	0.00452

[dist]
# distance from previous block
# <min> <max>
0	1

[block]
# block no. 3 follows, 32 sequences, length 58
# corresponding to MSA columns:
# 95-152
name=unknown_D
#
# <colnr> <probs for GDERKNQSTAVLIFYWHMCP>
#	G	D	E	R	K	N	Q	S	T	A	V	L	I	F	Y	W	H	M	C	P
0	0.21654	0.01540	0.01627	0.01291	0.01785	0.01662	0.01062	0.33855	0.06723	0.19649	0.01758	0.01697	0.01219	0.00774	0.00611	0.00206	0.00633	0.00572	0.00647	0.01036
1	0.01794	0.76823	0.03516	0.01148	0.01722	0.02655	0.01148	0.02009	0.01363	0.01579	0.00933	0.01076	0.00861	0.00574	0.00431	0.00144	0.00718	0.00359	0.00287	0.00861
2	0.02515	0.01882	0.01992	0.04448	0.02168	0.05100	0.01289	0.61935	0.02983	0.06535	0.01608	0.01626	0.01139	0.00796	0.00668	0.00201	0.00759	0.00599	0.00648	0.01110
3	0.00959	0.00719	0.01078	0.01078	0.01198	0.00839	0.00839	0.01198	0.01078	0.01558	0.01797	0.02636	0.01677	0.05032	0.73760	0.01078	0.01797	0.00719	0.00359	0.00599
4	0.01518	0.01448	0.02465	0.29799	0.47671	0.01557	0.01988	0.01934	0.01460	0.02019	0.01237	0.01707	0.01002	0.00624	0.00667	0.00208	0.00832	0.00597	0.00320	0.00948
5	0.00950	0.00686	0.00897	0.00844	0.01002	0.00633	0.00633	0.01266	0.01899	0.02691	0.71879	0.05012	0.06331	0.01372	0.00791	0.00211	0.00317	0.01213	0.00739	0.00633
6	0.02463	0.01839	0.02055	0.01577	0.02105	0.02021	0.03951	0.65338	0.03039	0.04074	0.01661	0.03761	0.01231	0.00833	0.00681	0.00204	0.00744	0.00649	0.00657	0.01115
7	0.00818	0.00584	0.00779	0.00934	0.00973	0.00545	0.00623	0.00934	0.01285	0.01713	0.03698	0.75981	0.04438	0.02102	0.00856	0.00273	0.00389	0.01908	0.00623	0.00545
8	0.02353	0.01883	0.06114	0.01662	0.02214	0.05718	0.10121	0.40708	0.04759	0.12811	0.01716	0.01748	0.01209	0.00765	0.00676	0.00204	0.00788	0.00628	0.02858	0.01065
9	0.02455	0.09931	0.02113	0.01588	0.02042	0.34391	0.01272	0.32925	0.02412	0.02801	0.01285	0.01377	0.00989	0.00731	0.00617	0.00183	0.00949	0.00502	0.00486	0.00950
10	0.00976	0.00651	0.00732	0.00732	0.00732	0.00651	0.00407	0.00976	0.00976	0.01301	0.02114	0.04391	0.02439	0.76419	0.03415	0.00651	0.00651	0.00976	0.00407	0.00407
11	0.02551	0.01879	0.02014	0.01544	0.02081	0.02081	0.01275	0.69996	0.03155	0.04229	0.01611	0.01611	0.01141	0.00805	0.00671	0.00201	0.00738	0.00604	0.00671	0.01141
12	0.02182	0.02024	0.01748	0.01491	0.01907	0.22173	0.01167	0.23327	0.23866	0.05268	0.01899	0.04527	0.01481	0.00846	0.00658	0.00201	0.00782	0.00648	0.00578	0.03227
13	0.06996	0.04819	0.01755	0.01266	0.01813	0.01584	0.01043	0.33348	0.04414	0.05556	0.01456	0.01526	0.01095	0.00675	0.00581	0.00163	0.00623	0.00510	0.00544	0.30233
14	0.00950	0.00686	0.00897	0.00844	0.01002	0.00633	0.00633	0.01266	0.01899	0.02691	0.71879	0.05012	0.06331	0.01372	0.00791	0.00211	0.00317	0.01213	0.00739	0.00633
15	0.02112	0.01630	0.01750	0.01425	0.01876	0.01820	0.01149	0.41092	0.26980	0.03605	0.07613	0.02197	0.01875	0.00888	0.00685	0.00211	0.00632	0.00707	0.00681	0.01073
16	0.00818	0.00584	0.00779	0.00934	0.00973	0.00545	0.00623	0.00934	0.01285	0.01713	0.03698	0.75981	0.04438	0.02102	0.00856	0.00273	0.00389	0.01908	0.00623	0.00545
17	0.02477	0.01805	0.01953	0.01491	0.02032	0.01957	0.01230	0.62782	0.02983	0.06161	0.01611	0.01615	0.01146	0.00783	0.00658	0.00194	0.00715	0.00591	0.00655	0.07161
18	0.00960	0.00714	0.01055	0.01055	0.01166	0.00826	0.00809	0.01183	0.01071	0.01540	0.01819	0.02756	0.01729	0.09906	0.68957	0.01049	0.01719	0.00736	0.00363	0.00586
19	0.01081	0.00772	0.01081	0.01236	0.01390	0.00772	0.01081	0.01390	0.01545	0.02008	0.03553	0.07569	0.03862	0.01854	0.00927	0.00309	0.00618	0.67717	0.00618	0.00618
20	0.02972	0.01203	0.01595	0.01223	0.01744	0.01077	0.01010	0.08834	0.02023	0.66989	0.02561	0.02228	0.01618	0.00828	0.00674	0.00207	0.00585	0.00669	0.00817	0.01142
21	0.00976	0.00651	0.00732	0.00732	0.00732	0.00651	0.00407	0.00976	0.00976	0.01301	0.02114	0.04391	0.02439	0.76419	0.03415	0.00651	0.00651	0.00976	0.00407	0.00407
22	0.01391	0.01193	0.01391	0.00994	0.01590	0.00894	0.00795	0.01690	0.01391	0.02186	0.01193	0.01391	0.00994	0.00497	0.00497	0.00099	0.00497	0.00398	0.00398	0.80521
23	0.02506	0.03198	0.01901	0.01729	0.02074	0.73725	0.01296	0.02679	0.01901	0.01642	0.01037	0.01210	0.00864	0.00691	0.00605	0.00173	0.01210	0.00432	0.00346	0.00778
24	0.03010	0.01142	0.01557	0.01194	0.01713	0.00986	0.00986	0.03270	0.01920	0.72698	0.02647	0.02284	0.01661	0.00830	0.00675	0.00208	0.00571	0.00675	0.00830	0.01142
25	0.02389	0.01799	0.01923	0.01511	0.02019	0.02005	0.01236	0.57825	0.15589	0.03968	0.01816	0.01774	0.01307	0.00825	0.00673	0.00206	0.00700	0.00632	0.00673	0.01127
26	0.01661	0.01594	0.02724	0.04119	0.72233	0.01594	0.02059	0.02059	0.01528	0.02192	0.01262	0.01661	0.01063	0.00598	0.00664	0.00199	0.00797	0.00598	0.00332	0.01063
27	0.01661	0.01594	0.02724	0.04119	0.72233	0.01594	0.02059	0.02059	0.01528	0.02192	0.01262	0.01661	0.01063	0.00598	0.00664	0.00199	0.00797	0.00598	0.00332	0.01063
28	0.02506	0.03198	0.01901	0.01729	0.02074	0.73725	0.01296	0.02679	0.01901	0.01642	0.01037	0.01210	0.00864	0.00691	0.00605	0.00173	0.01210	0.00432	0.00346	0.00778
29	0.01356	0.01283	0.02173	0.58856	0.19877	0.01514	0.01908	0.01792	0.01384	0.01822	0.01208	0.01760	0.00932	0.00654	0.00669	0.00218	0.00872	0.00597	0.00306	0.00817
30	0.01391	0.01193	0.01391	0.00994	0.01590	0.00894	0.00795	0.01690	0.01391	0.02186	0.01193	0.01391	0.00994	0.00497	0.00497	0.00099	0.00497	0.00398	0.00398	0.80521
31	0.01699	0.01456	0.01534	0.01372	0.01756	0.01683	0.01069	0.05810	0.68728	0.02855	0.02693	0.02473	0.02018	0.00907	0.00682	0.00227	0.00538	0.00753	0.00682	0.01065
32	0.00818	0.00584	0.00779	0.00934	0.00973	0.00545	0.00623	0.00934	0.01285	0.01713	0.03698	0.75981	0.04438	0.02102	0.00856	0.00273	0.00389	0.01908	0.00623	0.00545
33	0.01577	0.01551	0.02800	0.03543	0.51465	0.01523	0.15675	0.02002	0.01575	0.02231	0.08039	0.02012	0.01558	0.00665	0.00702	0.00206	0.00819	0.00696	0.00373	0.00990
34	0.01005	0.00771	0.00968	0.00974	0.04126	0.00716	0.00690	0.03930	0.01842	0.02516	0.50183	0.05084	0.21885	0.01396	0.00782	0.00214	0.00360	0.01212	0.00690	0.00656
35	0.81159	0.01298	0.00986	0.00882	0.01298	0.01505	0.00727	0.01972	0.01142	0.03010	0.00934	0.01090	0.00727	0.00623	0.00415	0.00208	0.00519	0.00363	0.00415	0.00727
36	0.01794	0.76823	0.03516	0.01148	0.01722	0.02655	0.01148	0.02009	0.01363	0.01579	0.00933	0.01076	0.00861	0.00574	0.00431	0.00144	0.00718	0.00359	0.00287	0.00861
37	0.00818	0.00584	0.00779	0.00934	0.00973	0.00545	0.00623	0.00934	0.01285	0.01713	0.03698	0.75981	0.04438	0.02102	0.00856	0.00273	0.00389	0.01908	0.00623	0.00545
38	0.01080	0.00690	0.00871	0.00823	0.00991	0.00643	0.00618	0.01387	0.01793	0.05404	0.54536	0.06859	0.05268	0.01271	0.00732	0.00203	0.00328	0.01112	0.14742	0.00649
39	0.00959	0.00719	0.01078	0.01078	0.01198	0.00839	0.00839	0.01198	0.01078	0.01558	0.01797	0.02636	0.01677	0.05032	0.73760	0.01078	0.01797	0.00719	0.00359	0.00599
40	0.02914	0.01114	0.01506	0.01163	0.01662	0.00966	0.00958	0.03177	0.01892	0.68859	0.02622	0.02296	0.01664	0.00828	0.00664	0.00205	0.00557	0.00672	0.05168	0.01114
41	0.01318	0.01245	0.02105	0.65618	0.13410	0.01504	0.01889	0.01759	0.01366	0.01776	0.01202	0.01772	0.00916	0.00661	0.00670	0.00220	0.00882	0.00597	0.00303	0.00787
42	0.00943	0.00686	0.00888	0.00838	0.00999	0.00630	0.00628	0.01254	0.01885	0.02656	0.69295	0.05070	0.08937	0.01385	0.00791	0.00212	0.00317	0.01222	0.00734	0.00630
43	0.01699	0.00963	0.01090	0.04094	0.01337	0.00994	0.00766	0.15473	0.01810	0.11447	0.02194	0.07509	0.01755	0.00882	0.00571	0.00183	0.00461	0.00717	0.45263	0.00792
44	0.02030	0.01504	0.01797	0.01759	0.12180	0.01626	0.01221	0.24650	0.25089	0.10446	0.05489	0.02270	0.01793	0.04093	0.00798	0.00230	0.00636	0.00707	0.00634	0.01047
45	0.02996	0.01165	0.01572	0.01205	0.01725	0.01021	0.00995	0.05404	0.01960	0.70508	0.02614	0.02262	0.01644	0.00830	0.00675	0.00207	0.00576	0.00673	0.00825	0.01142
46	0.01438	0.11312	0.49133	0.01654	0.02429	0.03981	0.01973	0.02036	0.01439	0.04617	0.05143	0.01717	0.01261	0.01104	0.07683	0.00287	0.00993	0.00545	0.00338	0.00918
47	0.01661	0.01594	0.02724	0.04119	0.72233	0.01594	0.02059	0.02059	0.01528	0.02192	0.01262	0.01661	0.01063	0.00598	0.00664	0.00199	0.00797	0.00598	0.00332	0.01063
48	0.01382	0.09324	0.67402	0.01851	0.02810	0.01646	0.02373	0.02116	0.01412	0.02081	0.01182	0.01389	0.00851	0.00632	0.00621	0.00207	0.00970	0.00485	0.00284	0.00981
49	0.00818	0.00584	0.00779	0.00934	0.00973	0.00545	0.00623	0.00934	0.01285	0.01713	0.03698	0.75981	0.04438	0.02102	0.00856	0.00273	0.00389	0.01908	0.00623	0.00545
50	0.01320	0.03330	0.69422	0.01865	0.02810	0.01509	0.02389	0.02067	0.01410	0.02105	0.01326	0.05054	0.01025	0.00709	0.00648	0.00215	0.00962	0.00565	0.00300	0.00970
51	0.02991	0.01174	0.01577	0.01209	0.01729	0.01033	0.00999	0.06141	0.01974	0.69752	0.02603	0.02255	0.01639	0.00829	0.00675	0.00207	0.00578	0.00672	0.00824	0.01142
52	0.01378	0.03271	0.65923	0.01859	0.02790	0.01569	0.02340	0.02267	0.08257	0.02192	0.01354	0.01523	0.00968	0.00664	0.00642	0.00214	0.00946	0.00522	0.00323	0.00999
53	0.00815	0.00665	0.00720	0.00739	0.00928	0.00571	0.00542	0.00994	0.01534	0.01899	0.13834	0.17159	0.53821	0.01724	0.00803	0.00232	0.00345	0.01470	0.00636	0.00571
54	0.01346	0.03471	0.72942	0.01912	0.02904	0.01558	0.02479	0.02125	0.01417	0.02125	0.01204	0.01417	0.00850	0.00637	0.00637	0.00212	0.00992	0.00496	0.00283	0.00992
55	0.01251	0.00625	0.00625	0.00625	0.00782	0.00625	0.00469	0.01563	0.01407	0.02502	0.02189	0.02502	0.01720	0.00782	0.00469	0.00156	0.00313	0.00625	0.80144	0.00625
56	0.00968	0.00690	0.00913	0.00961	0.01082	0.00660	0.00738	0.01216	0.01599	0.02187	0.33512	0.17830	0.04905	0.09162	0.01105	0.00294	0.00449	0.20487	0.00651	0.00591
57	0.01769	0.72811	0.07313	0.01190	0.01787	0.02595	0.01221	0.02016	0.01366	0.01609	0.00948	0.01095	0.00860	0.00578	0.00442	0.00147	0.00733	0.00366	0.00287	0.00868

[dist]
# distance from previous block
# <min> <max>
0	6

[block]
# block no. 4 follows, 32 sequences, length 14
# corresponding to MSA columns:
# 159-172
name=unknown_E
#
# <colnr> <probs for GDERKNQSTAVLIFYWHMCP>
#	G	D	E	R	K	N	Q	S	T	A	V	L	I	F	Y	W	H	M	C	P
0	0.07580	0.07395	0.01720	0.01208	0.01723	0.01305	0.01009	0.10271	0.05640	0.47848	0.02220	0.02005	0.01469	0.00782	0.00630	0.00197	0.00592	0.00613	0.00713	0.05081
1	0.81159	0.01298	0.00986	0.00882	0.01298	0.01505	0.00727	0.01972	0.01142	0.03010	0.00934	0.01090	0.00727	0.00623	0.00415	0.00208	0.00519	0.00363	0.00415	0.00727
2	0.00974	0.00656	0.00762	0.00762	0.00773	0.00667	0.00444	0.00995	0.00985	0.01323	0.02087	0.04238	0.02373	0.70193	0.09551	0.00688	0.00751	0.00953	0.00402	0.00423
3	0.81159	0.01298	0.00986	0.00882	0.01298	0.01505	0.00727	0.01972	0.01142	0.03010	0.00934	0.01090	0.00727	0.00623	0.00415	0.00208	0.00519	0.00363	0.00415	0.00727
4	0.01048	0.00871	0.01188	0.01160	0.01257	0.00958	0.03106	0.03988	0.01366	0.01855	0.05550	0.45635	0.10659	0.01743	0.01111	0.00265	0.15588	0.01474	0.00553	0.00625
5	0.00818	0.00584	0.00779	0.00934	0.00973	0.00545	0.00623	0.00934	0.01285	0.01713	0.03698	0.75981	0.04438	0.02102	0.00856	0.00273	0.00389	0.01908	0.00623	0.00545
6	0.01548	0.21789	0.51658	0.01682	0.02543	0.01803	0.02064	0.02157	0.01430	0.05772	0.01213	0.01378	0.00896	0.00632	0.00587	0.00195	0.00900	0.00471	0.00314	0.00967
7	0.44076	0.20648	0.04232	0.01140	0.01574	0.09073	0.01009	0.02029	0.01274	0.02369	0.00949	0.01140	0.00791	0.00663	0.00591	0.00195	0.06717	0.00392	0.00362	0.00775
8	0.81159	0.01298	0.00986	0.00882	0.01298	0.01505	0.00727	0.01972	0.01142	0.03010	0.00934	0.01090	0.00727	0.00623	0.00415	0.00208	0.00519	0.00363	0.00415	0.00727
9	0.01224	0.00931	0.01119	0.01171	0.01383	0.03030	0.00980	0.01728	0.11093	0.04496	0.08798	0.06188	0.11792	0.01602	0.00849	0.00273	0.00566	0.41443	0.00635	0.00696
10	0.00984	0.00750	0.00890	0.00869	0.01049	0.00717	0.00645	0.01409	0.09143	0.02365	0.38116	0.14826	0.20112	0.01477	0.00778	0.00223	0.00355	0.01286	0.03354	0.00652
11	0.01277	0.00767	0.00928	0.00861	0.01110	0.00671	0.00663	0.01503	0.01682	0.15843	0.22415	0.10844	0.33664	0.01483	0.00779	0.00225	0.00392	0.03504	0.00693	0.00696
12	0.01625	0.38339	0.31480	0.01608	0.02357	0.02113	0.07263	0.04632	0.01470	0.01945	0.01102	0.01293	0.00880	0.00608	0.00552	0.00180	0.00862	0.00458	0.00304	0.00928
13	0.01220	0.00811	0.00996	0.00905	0.01126	0.00774	0.00692	0.03862	0.06591	0.08341	0.49489	0.04518	0.11520	0.01279	0.00754	0.00210	0.00368	0.01108	0.04723	0.00714

[dist]
# distance from previous block
# <min> <max>
0	1

[block]
# block no. 5 follows, 32 sequences, length 12
# corresponding to MSA columns:
# 174-185
name=unknown_F
#
# <colnr> <probs for GDERKNQSTAVLIFYWHMCP>
#	G	D	E	R	K	N	Q	S	T	A	V	L	I	F	Y	W	H	M	C	P
0	0.06360	0.01780	0.01838	0.01643	0.08036	0.08720	0.01212	0.33031	0.13885	0.03205	0.01616	0.01666	0.01216	0.00740	0.00628	0.00189	0.00708	0.00570	0.00559	0.12397
1	0.00890	0.00661	0.00856	0.00942	0.01051	0.00589	0.00645	0.01030	0.01298	0.01773	0.03382	0.66573	0.04003	0.01900	0.00811	0.00251	0.00403	0.01717	0.00594	0.10632
2	0.12177	0.01504	0.01709	0.07671	0.08937	0.09511	0.01185	0.07971	0.01813	0.35204	0.01861	0.01827	0.01267	0.00739	0.00627	0.00200	0.00697	0.00579	0.00602	0.03922
3	0.00972	0.00664	0.00798	0.00798	0.00821	0.00686	0.00489	0.01018	0.00995	0.01350	0.02054	0.04056	0.02294	0.62785	0.16850	0.00732	0.00870	0.00927	0.00398	0.00443
4	0.02614	0.01118	0.01443	0.01139	0.01593	0.01025	0.00930	0.07363	0.04673	0.53593	0.06232	0.02419	0.01899	0.00855	0.00657	0.00202	0.00537	0.00697	0.09958	0.01052
5	0.01267	0.01193	0.02013	0.74806	0.04621	0.01491	0.01863	0.01714	0.01342	0.01714	0.01193	0.01789	0.00894	0.00671	0.00671	0.00224	0.00894	0.00596	0.00298	0.00745
6	0.01490	0.01945	0.21047	0.05904	0.02362	0.04729	0.13220	0.08023	0.03588	0.02259	0.01738	0.08754	0.01520	0.00900	0.00798	0.00222	0.06387	0.03808	0.10463	0.00845
7	0.00851	0.00608	0.00817	0.00972	0.01026	0.00574	0.00681	0.00992	0.01317	0.01750	0.03680	0.67352	0.04365	0.02071	0.00865	0.00277	0.00418	0.10208	0.00622	0.00554
8	0.01056	0.00695	0.00904	0.00999	0.01104	0.00668	0.00704	0.01317	0.06200	0.07182	0.03544	0.61822	0.04032	0.01910	0.00834	0.00266	0.00424	0.05064	0.00643	0.00630
9	0.00975	0.00654	0.00752	0.00752	0.00759	0.00661	0.00431	0.00989	0.00982	0.01316	0.02096	0.04290	0.02395	0.72302	0.07472	0.00675	0.00717	0.00961	0.00404	0.00418
10	0.02149	0.30142	0.08422	0.01532	0.02015	0.41713	0.01341	0.02388	0.01664	0.01659	0.01013	0.01178	0.00862	0.00644	0.00544	0.00165	0.01012	0.00411	0.00319	0.00826
11	0.08203	0.11832	0.15295	0.01884	0.06875	0.24101	0.10125	0.07455	0.01718	0.04783	0.01205	0.01397	0.00934	0.00653	0.00609	0.00191	0.00958	0.00508	0.00374	0.00899

[dist]
# distance from previous block
# <min> <max>
0	8

[block]
# block no. 6 follows, 32 sequences, length 48
# corresponding to MSA columns:
# 194-241
name=unknown_G
#
# <colnr> <probs for GDERKNQSTAVLIFYWHMCP>
#	G	D	E	R	K	N	Q	S	T	A	V	L	I	F	Y	W	H	M	C	P
0	0.04995	0.29354	0.18048	0.01825	0.09491	0.02029	0.08015	0.08384	0.07821	0.02225	0.01289	0.01457	0.01021	0.00643	0.00578	0.00187	0.00801	0.00513	0.00372	0.00952
1	0.01088	0.00765	0.00940	0.00905	0.00984	0.00819	0.00612	0.06230	0.01173	0.01604	0.01974	0.03614	0.02095	0.47628	0.25986	0.00755	0.01028	0.00865	0.00411	0.00524
2	0.01488	0.01344	0.04265	0.01086	0.01685	0.01040	0.00908	0.06909	0.04290	0.02362	0.01286	0.01453	0.01041	0.00542	0.00523	0.00117	0.00536	0.00431	0.00425	0.68269
3	0.00842	0.00597	0.00786	0.00926	0.00966	0.00564	0.00620	0.00955	0.01265	0.01685	0.03543	0.66639	0.04227	0.09117	0.01101	0.00310	0.00423	0.04296	0.00602	0.00535
4	0.00818	0.00584	0.00779	0.00934	0.00973	0.00545	0.00623	0.00934	0.01285	0.01713	0.03698	0.75981	0.04438	0.02102	0.00856	0.00273	0.00389	0.01908	0.00623	0.00545
5	0.01714	0.01602	0.02119	0.15158	0.24968	0.08045	0.03489	0.11986	0.01735	0.02340	0.01357	0.04233	0.01132	0.00682	0.00638	0.00185	0.00778	0.00596	0.00401	0.16843
6	0.00975	0.02762	0.00946	0.00948	0.01094	0.02827	0.00700	0.01246	0.05116	0.01949	0.13601	0.37096	0.18558	0.01749	0.00813	0.00249	0.00430	0.07708	0.00625	0.00611
7	0.00816	0.00588	0.00774	0.00923	0.00970	0.00546	0.00618	0.00936	0.01295	0.01717	0.03834	0.72930	0.07402	0.02084	0.00854	0.00270	0.00387	0.01886	0.00623	0.00546
8	0.13496	0.01265	0.01544	0.01200	0.01708	0.01208	0.00991	0.12373	0.01987	0.53771	0.02272	0.02029	0.01463	0.00799	0.00639	0.00207	0.00587	0.00623	0.00752	0.01086
9	0.01943	0.01744	0.02645	0.05742	0.36392	0.07878	0.13722	0.10007	0.01789	0.09426	0.01436	0.01709	0.01100	0.00650	0.00684	0.00204	0.00866	0.00626	0.00422	0.01015
10	0.01453	0.01373	0.01685	0.09203	0.01892	0.06782	0.01233	0.05284	0.06797	0.01833	0.01547	0.08721	0.01515	0.08649	0.06550	0.00353	0.33250	0.00758	0.00394	0.00728
11	0.01755	0.01131	0.01275	0.01123	0.01463	0.01199	0.00879	0.02814	0.35065	0.16807	0.10560	0.02900	0.05205	0.00957	0.00663	0.00210	0.00471	0.00797	0.13788	0.00938
12	0.01568	0.02027	0.15618	0.03111	0.26990	0.01637	0.34756	0.02114	0.01535	0.02160	0.01298	0.01690	0.01004	0.00589	0.00721	0.00215	0.00992	0.00673	0.00327	0.00974
13	0.00969	0.00651	0.00747	0.00753	0.00759	0.00654	0.00432	0.00983	0.00992	0.01327	0.02164	0.07116	0.02488	0.70774	0.06021	0.00652	0.00684	0.01002	0.00413	0.00419
14	0.01346	0.03471	0.72942	0.01912	0.02904	0.01558	0.02479	0.02125	0.01417	0.02125	0.01204	0.01417	0.00850	0.00637	0.00637	0.00212	0.00992	0.00496	0.00283	0.00992
15	0.00879	0.00683	0.00799	0.00770	0.00959	0.00603	0.00577	0.01129	0.01732	0.02293	0.42395	0.05667	0.36063	0.01520	0.00792	0.00218	0.00327	0.01305	0.00686	0.00603
16	0.03010	0.01142	0.01557	0.01194	0.01713	0.00986	0.00986	0.03270	0.01920	0.72698	0.02647	0.02284	0.01661	0.00830	0.00675	0.00208	0.00571	0.00675	0.00830	0.01142
17	0.00793	0.00680	0.00680	0.00680	0.00906	0.00566	0.00510	0.00963	0.01529	0.01813	0.06797	0.06457	0.71961	0.01699	0.00793	0.00227	0.00340	0.01416	0.00623	0.00566
18	0.81159	0.01298	0.00986	0.00882	0.01298	0.01505	0.00727	0.01972	0.01142	0.03010	0.00934	0.01090	0.00727	0.00623	0.00415	0.00208	0.00519	0.00363	0.00415	0.00727
19	0.00872	0.00656	0.00807	0.00826	0.00969	0.00591	0.00598	0.01094	0.01631	0.02187	0.35740	0.25086	0.23172	0.01661	0.00810	0.00232	0.00343	0.01460	0.00676	0.00591
20	0.02506	0.03198	0.01901	0.01729	0.02074	0.73725	0.01296	0.02679	0.01901	0.01642	0.01037	0.01210	0.00864	0.00691	0.00605	0.00173	0.01210	0.00432	0.00346	0.00778
21	0.81159	0.01298	0.00986	0.00882	0.01298	0.01505	0.00727	0.01972	0.01142	0.03010	0.00934	0.01090	0.00727	0.00623	0.00415	0.00208	0.00519	0.00363	0.00415	0.00727
22	0.01505	0.01427	0.02374	0.10334	0.55757	0.01441	0.01825	0.01880	0.01521	0.02119	0.03914	0.02309	0.09167	0.00751	0.00683	0.00205	0.00741	0.00707	0.00373	0.00965
23	0.00828	0.00681	0.00729	0.00717	0.00928	0.00581	0.00538	0.01031	0.01613	0.02010	0.21425	0.06133	0.57210	0.01626	0.00793	0.00223	0.00335	0.01371	0.00649	0.00581
24	0.01166	0.00583	0.00874	0.00874	0.00874	0.00583	0.00583	0.00874	0.00874	0.01166	0.01166	0.02040	0.01166	0.02331	0.02622	0.80478	0.00583	0.00583	0.00291	0.00291
25	0.00857	0.00672	0.00762	0.00758	0.00933	0.00591	0.00554	0.01060	0.01598	0.02062	0.27550	0.11817	0.40738	0.05903	0.00948	0.00250	0.00354	0.01367	0.00648	0.00577
26	0.01740	0.01672	0.02654	0.03891	0.65825	0.04433	0.01988	0.05639	0.01628	0.02277	0.01272	0.01641	0.01059	0.00612	0.00662	0.00198	0.00810	0.00592	0.00350	0.01056
27	0.01669	0.01040	0.01119	0.00997	0.01293	0.01113	0.00778	0.07082	0.24886	0.10269	0.02380	0.02418	0.01784	0.00832	0.00576	0.00189	0.00443	0.00674	0.39596	0.00862
28	0.01847	0.41932	0.19619	0.01436	0.03768	0.06151	0.01464	0.02206	0.01475	0.09779	0.01215	0.01328	0.00959	0.00622	0.00526	0.00169	0.00788	0.00439	0.00356	0.03922
29	0.01607	0.33684	0.34968	0.01683	0.05966	0.04917	0.01805	0.02150	0.04026	0.01908	0.01145	0.01321	0.00911	0.00622	0.00554	0.00182	0.00859	0.00452	0.00305	0.00935
30	0.00895	0.00682	0.00825	0.00832	0.00989	0.00623	0.00607	0.01168	0.03606	0.02217	0.35559	0.21585	0.24712	0.01620	0.00804	0.00230	0.00346	0.01418	0.00677	0.00606
31	0.01678	0.01586	0.05941	0.25122	0.29429	0.01620	0.01788	0.16608	0.01806	0.02461	0.01420	0.04939	0.01165	0.00733	0.00675	0.00211	0.00807	0.00651	0.00405	0.00955
32	0.01982	0.14183	0.04163	0.01554	0.01901	0.29768	0.01280	0.05423	0.13443	0.01950	0.01339	0.01528	0.01109	0.00953	0.03479	0.00233	0.13943	0.00523	0.00398	0.00848
33	0.01775	0.01418	0.01520	0.01352	0.01742	0.01615	0.01056	0.03542	0.65552	0.08339	0.02724	0.02486	0.02018	0.00904	0.00682	0.00226	0.00534	0.00752	0.00694	0.01068
34	0.00834	0.00602	0.00794	0.00941	0.00998	0.00562	0.00648	0.00967	0.01316	0.01738	0.03860	0.67505	0.08140	0.02063	0.00858	0.00272	0.00402	0.06329	0.00623	0.00551
35	0.05405	0.01147	0.01540	0.01184	0.01700	0.01002	0.00978	0.03230	0.01897	0.70563	0.02595	0.02247	0.01632	0.00824	0.00667	0.00208	0.00569	0.00665	0.00818	0.01129
36	0.01239	0.00626	0.00630	0.00630	0.00780	0.00626	0.00466	0.01539	0.01389	0.02451	0.02186	0.02582	0.01750	0.03988	0.00594	0.00177	0.00327	0.00640	0.76764	0.00616
37	0.01082	0.00835	0.01236	0.01326	0.06842	0.00944	0.00938	0.04175	0.01198	0.01712	0.01758	0.02578	0.01633	0.07045	0.62370	0.00956	0.01632	0.00714	0.00372	0.00652
38	0.01289	0.01203	0.02018	0.58702	0.14143	0.01431	0.01794	0.01703	0.01364	0.01784	0.01401	0.07643	0.01199	0.00774	0.00685	0.00224	0.00840	0.00700	0.00329	0.00776
39	0.02283	0.01653	0.01785	0.01417	0.01900	0.01808	0.01155	0.47903	0.15033	0.08539	0.02304	0.02211	0.07099	0.00899	0.00683	0.00209	0.00657	0.00703	0.00680	0.01080
40	0.00814	0.00674	0.00715	0.00731	0.00933	0.00575	0.00545	0.00993	0.01531	0.01867	0.10700	0.12981	0.59256	0.01720	0.00803	0.00232	0.00351	0.03378	0.00631	0.00570
41	0.01219	0.01313	0.09650	0.01443	0.06047	0.04776	0.03844	0.05300	0.05299	0.02038	0.02989	0.37487	0.06439	0.01519	0.00787	0.00249	0.00605	0.07727	0.00544	0.00726
42	0.01609	0.27462	0.32151	0.01739	0.07572	0.01848	0.03689	0.02133	0.03573	0.06209	0.01387	0.05321	0.01148	0.00708	0.00590	0.00192	0.00818	0.00559	0.00353	0.00939
43	0.01301	0.00674	0.00679	0.00661	0.00832	0.00681	0.00500	0.04196	0.01474	0.02568	0.02167	0.02467	0.01698	0.00783	0.00477	0.00158	0.00329	0.00625	0.77087	0.00645
44	0.01760	0.01637	0.07973	0.01949	0.02503	0.01457	0.33388	0.12757	0.01806	0.08237	0.01669	0.01937	0.01228	0.00677	0.00682	0.00205	0.00837	0.00694	0.17697	0.00907
45	0.10571	0.12179	0.06955	0.02496	0.27620	0.06825	0.06742	0.02089	0.04141	0.02108	0.01242	0.01645	0.01058	0.00713	0.00786	0.00208	0.09074	0.02285	0.00350	0.00913
46	0.01580	0.01352	0.01999	0.08873	0.13938	0.01478	0.08740	0.09031	0.09434	0.05769	0.05861	0.04095	0.09660	0.00959	0.00933	0.00227	0.11842	0.00794	0.02558	0.00877
47	0.01928	0.01805	0.01985	0.01760	0.09438	0.15219	0.07475	0.13525	0.06778	0.05264	0.01422	0.01575	0.01104	0.00645	0.00612	0.00166	0.00769	0.00533	0.00458	0.27539

[dist]
# distance from previous block
# <min> <max>
0	1

[block]
# block no. 7 follows, 32 sequences, length 20
# corresponding to MSA columns:
# 243-262
name=unknown_H
#
# <colnr> <probs for GDERKNQSTAVLIFYWHMCP>
#	G	D	E	R	K	N	Q	S	T	A	V	L	I	F	Y	W	H	M	C	P
0	0.01452	0.01230	0.03798	0.01235	0.01617	0.01164	0.05586	0.10950	0.14434	0.04410	0.24207	0.03305	0.07282	0.01137	0.02738	0.00226	0.00569	0.02511	0.00614	0.11537
1	0.04954	0.06267	0.06406	0.01523	0.04074	0.06730	0.01269	0.31768	0.10839	0.16693	0.01811	0.01763	0.01283	0.00779	0.00644	0.00201	0.00722	0.00595	0.00615	0.01065
2	0.01651	0.02267	0.26435	0.04736	0.07619	0.01631	0.24488	0.07692	0.08893	0.05665	0.01518	0.01746	0.01108	0.00663	0.00701	0.00217	0.00934	0.00649	0.00404	0.00985
3	0.01055	0.00816	0.01080	0.01029	0.01071	0.00959	0.00739	0.01163	0.01020	0.01444	0.01791	0.03281	0.01907	0.38828	0.27400	0.00736	0.13960	0.00820	0.00371	0.00530
4	0.01798	0.07731	0.04983	0.07607	0.43979	0.06145	0.04190	0.04133	0.01595	0.07038	0.01323	0.01624	0.01057	0.00626	0.00641	0.00193	0.00814	0.00571	0.00373	0.03580
5	0.02014	0.18740	0.11803	0.01841	0.08862	0.10224	0.05750	0.20366	0.04866	0.04704	0.01346	0.01492	0.01039	0.00702	0.00667	0.00193	0.03441	0.00535	0.00437	0.00978
6	0.01002	0.00850	0.00886	0.00847	0.01101	0.00818	0.00644	0.01569	0.17005	0.02114	0.11857	0.05446	0.50413	0.01494	0.00768	0.00225	0.00380	0.01251	0.00647	0.00683
7	0.01095	0.00734	0.00828	0.00780	0.01025	0.00629	0.00594	0.01298	0.01629	0.10748	0.16879	0.08368	0.49844	0.01553	0.00781	0.00223	0.00367	0.01310	0.00668	0.00648
8	0.05657	0.01569	0.02513	0.03591	0.59313	0.01582	0.01870	0.06724	0.01645	0.07120	0.01363	0.01672	0.01092	0.00629	0.00653	0.00200	0.00764	0.00592	0.00393	0.01057
9	0.05069	0.01808	0.08614	0.13043	0.23758	0.08361	0.06766	0.08806	0.05707	0.04591	0.01530	0.04363	0.01260	0.00752	0.00672	0.00212	0.00834	0.02502	0.00416	0.00938
10	0.01487	0.01785	0.07962	0.03863	0.02127	0.12667	0.14072	0.01782	0.01417	0.01807	0.02321	0.02586	0.16410	0.01042	0.01211	0.00239	0.25311	0.00775	0.00381	0.00758
11	0.00976	0.00651	0.00732	0.00732	0.00732	0.00651	0.00407	0.00976	0.00976	0.01301	0.02114	0.04391	0.02439	0.76419	0.03415	0.00651	0.00651	0.00976	0.00407	0.00407
12	0.08103	0.05334	0.09864	0.02860	0.36505	0.12814	0.05764	0.02250	0.03802	0.04640	0.01283	0.01552	0.01024	0.00634	0.00631	0.00198	0.00859	0.00552	0.00363	0.00969
13	0.04360	0.09221	0.19906	0.05018	0.08752	0.12965	0.10796	0.06922	0.03914	0.04872	0.01551	0.04090	0.03229	0.00735	0.00648	0.00203	0.00894	0.00618	0.00393	0.00913
14	0.01010	0.00727	0.00886	0.00911	0.01051	0.00699	0.00648	0.01350	0.08130	0.04350	0.20629	0.34229	0.13966	0.07019	0.00992	0.00272	0.00403	0.01451	0.00648	0.00629
15	0.01584	0.01053	0.01305	0.01159	0.01449	0.03221	0.03714	0.05706	0.10584	0.16187	0.13342	0.26236	0.05488	0.01325	0.00750	0.00227	0.00511	0.01165	0.00661	0.04334
16	0.02137	0.07149	0.02114	0.05616	0.15137	0.40720	0.01425	0.04743	0.10824	0.01978	0.01319	0.01495	0.01066	0.00698	0.00620	0.00186	0.00984	0.00514	0.00392	0.00883
17	0.01901	0.01339	0.04599	0.01234	0.01624	0.01306	0.01016	0.19777	0.15191	0.16219	0.18507	0.05704	0.02800	0.04662	0.00841	0.00235	0.00563	0.00852	0.00687	0.00943
18	0.01819	0.01332	0.04688	0.01634	0.13579	0.05387	0.01128	0.06581	0.03982	0.20555	0.19374	0.03241	0.11788	0.01019	0.00711	0.00208	0.00584	0.00864	0.00628	0.00900
19	0.03876	0.20300	0.40414	0.01557	0.02327	0.01742	0.01813	0.04530	0.03268	0.06748	0.04014	0.01556	0.01159	0.00671	0.00588	0.00192	0.00823	0.00506	0.00369	0.03546

[dist]
# distance from previous block
# <min> <max>
0	7

# created by:
# /home/berkeley/.conda/envs/busco_data_prod/bin/msa2prfl.pl pipeline/OGs_align_augustus/4893/24215.fs
