[name]
unknown

[dist]
# distance from previous block
# <min> <max>
19	219

[block]
# block no. 0 follows, 31 sequences, length 35
# corresponding to MSA columns:
# 244-278
name=unknown_A
#
# <colnr> <probs for GDERKNQSTAVLIFYWHMCP>
#	G	D	E	R	K	N	Q	S	T	A	V	L	I	F	Y	W	H	M	C	P
0	0.05140	0.24608	0.13447	0.05988	0.07159	0.01857	0.01407	0.07188	0.11766	0.04409	0.01910	0.05021	0.05739	0.00820	0.00610	0.00199	0.00714	0.00644	0.00444	0.00928
1	0.03624	0.21514	0.17590	0.01572	0.04179	0.11346	0.04081	0.07237	0.05365	0.04552	0.08005	0.01888	0.02879	0.00758	0.00613	0.00190	0.00809	0.00585	0.00428	0.02785
2	0.12880	0.12946	0.08359	0.01429	0.01896	0.14431	0.04230	0.12282	0.09356	0.02494	0.05212	0.03556	0.01510	0.03970	0.02441	0.00240	0.00813	0.00612	0.00466	0.00878
3	0.01876	0.18051	0.04156	0.03503	0.01859	0.09828	0.01159	0.12725	0.09538	0.06781	0.06764	0.02048	0.03255	0.01136	0.06069	0.00257	0.03432	0.00618	0.00496	0.06449
4	0.08447	0.12706	0.11577	0.10762	0.02491	0.10082	0.06393	0.14506	0.09539	0.02524	0.01405	0.01580	0.01074	0.00702	0.00620	0.00200	0.00838	0.00549	0.00435	0.03570
5	0.12244	0.06187	0.25765	0.04205	0.04456	0.06555	0.03658	0.15495	0.03869	0.02613	0.01589	0.01819	0.04135	0.03668	0.00739	0.00226	0.00834	0.00582	0.00426	0.00934
6	0.01490	0.16833	0.11665	0.09354	0.04454	0.07452	0.05587	0.04541	0.01475	0.01886	0.04096	0.04887	0.03664	0.11344	0.08137	0.00350	0.00921	0.00703	0.00382	0.00780
7	0.12224	0.21808	0.01945	0.03528	0.01692	0.03836	0.01021	0.02373	0.17980	0.08534	0.02038	0.11596	0.01821	0.00955	0.00612	0.00207	0.00612	0.03191	0.00520	0.03509
8	0.04485	0.15863	0.16147	0.01645	0.04789	0.21551	0.01484	0.11801	0.03470	0.07738	0.01537	0.01629	0.03520	0.00736	0.00612	0.00191	0.00896	0.00532	0.00434	0.00941
9	0.01758	0.14831	0.11877	0.01630	0.06588	0.04674	0.02973	0.12064	0.09447	0.05409	0.01902	0.02054	0.06058	0.01179	0.06737	0.00278	0.05883	0.00634	0.00460	0.03566
10	0.05762	0.21777	0.07092	0.01424	0.04879	0.07869	0.01220	0.11839	0.01786	0.04422	0.06148	0.04936	0.04096	0.00959	0.00643	0.00203	0.00716	0.09796	0.00481	0.03950
11	0.01449	0.09222	0.06777	0.07048	0.01870	0.01386	0.01104	0.08151	0.17149	0.02363	0.05607	0.14259	0.08480	0.01078	0.00683	0.00209	0.00589	0.00906	0.00541	0.11130
12	0.02206	0.01596	0.01782	0.01509	0.04764	0.01735	0.01149	0.47626	0.05027	0.06195	0.01932	0.07472	0.01634	0.10902	0.01070	0.00273	0.00703	0.00771	0.00637	0.01013
13	0.35036	0.04684	0.06839	0.01288	0.01790	0.04801	0.01124	0.21918	0.11180	0.03221	0.01426	0.01490	0.01067	0.00731	0.00562	0.00209	0.00670	0.00509	0.00518	0.00938
14	0.13537	0.04222	0.01166	0.01167	0.04314	0.00964	0.00853	0.01439	0.01319	0.04705	0.02612	0.25012	0.02826	0.09042	0.10799	0.00410	0.00722	0.13713	0.00524	0.00654
15	0.01926	0.24222	0.18157	0.01633	0.04645	0.05161	0.04115	0.10922	0.12399	0.08138	0.01561	0.01626	0.01179	0.00710	0.00608	0.00195	0.00796	0.00547	0.00456	0.01004
16	0.00892	0.00737	0.00804	0.00777	0.01018	0.00617	0.00578	0.01084	0.01542	0.01951	0.11238	0.15195	0.49302	0.01626	0.00784	0.00222	0.00369	0.01381	0.00620	0.09263
17	0.01371	0.01154	0.01343	0.00983	0.01523	0.00884	0.00766	0.01641	0.01371	0.02128	0.01321	0.01762	0.01179	0.08975	0.00841	0.00164	0.00524	0.00471	0.00406	0.71191
18	0.01643	0.01550	0.02574	0.22176	0.20190	0.01626	0.16447	0.09193	0.07627	0.02365	0.01450	0.01811	0.01117	0.00665	0.00697	0.00211	0.00862	0.00652	0.00403	0.06740
19	0.00877	0.00625	0.00825	0.00927	0.00987	0.00595	0.00629	0.01025	0.01374	0.01864	0.14527	0.54212	0.04520	0.08574	0.04747	0.00343	0.00481	0.01686	0.00622	0.00561
20	0.01607	0.12251	0.02323	0.24074	0.12883	0.01712	0.06309	0.10950	0.07815	0.02281	0.02037	0.02276	0.08991	0.00809	0.00671	0.00210	0.00771	0.00697	0.00433	0.00897
21	0.01636	0.18084	0.19129	0.06866	0.04815	0.01638	0.01463	0.06292	0.08181	0.07009	0.10795	0.02133	0.01857	0.00853	0.00704	0.03040	0.00715	0.00636	0.03249	0.00906
22	0.02326	0.01949	0.05137	0.01595	0.02149	0.05126	0.04162	0.49051	0.09668	0.03712	0.01671	0.01700	0.01215	0.00786	0.00673	0.00201	0.00763	0.00612	0.00619	0.06887
23	0.01085	0.09204	0.01262	0.01108	0.01282	0.00917	0.00916	0.01328	0.01508	0.01965	0.09343	0.26405	0.06149	0.01769	0.00851	0.00274	0.00538	0.32856	0.00604	0.00636
24	0.01729	0.01563	0.01643	0.01615	0.06889	0.06069	0.01173	0.03377	0.58373	0.02709	0.02603	0.02620	0.02016	0.00931	0.00700	0.00230	0.00608	0.03460	0.00646	0.01046
25	0.01390	0.01204	0.01450	0.09256	0.01934	0.01039	0.00940	0.01872	0.08668	0.02214	0.01798	0.01960	0.06254	0.00660	0.00568	0.00139	0.00544	0.00543	0.00441	0.57125
26	0.01299	0.00854	0.01090	0.08660	0.01382	0.05993	0.00784	0.01116	0.01018	0.01283	0.01182	0.01991	0.01137	0.02077	0.02315	0.65879	0.00674	0.00584	0.00302	0.00382
27	0.01501	0.01329	0.02033	0.52238	0.10020	0.01565	0.01739	0.12253	0.01684	0.02196	0.01641	0.02078	0.05315	0.00763	0.00691	0.00222	0.00844	0.00661	0.00387	0.00840
28	0.01818	0.01676	0.02264	0.04405	0.16814	0.06734	0.10313	0.17927	0.07691	0.02592	0.01851	0.08371	0.03778	0.00932	0.00900	0.00227	0.09495	0.00783	0.00482	0.00948
29	0.01826	0.05595	0.06684	0.05674	0.23614	0.06885	0.05474	0.16209	0.03493	0.02552	0.05553	0.04054	0.01482	0.00813	0.00813	0.00214	0.06976	0.00672	0.00444	0.00971
30	0.04283	0.15412	0.10240	0.01838	0.13256	0.12203	0.01403	0.10638	0.01796	0.04455	0.08942	0.03621	0.01693	0.00936	0.03179	0.00222	0.00820	0.00621	0.00444	0.03998
31	0.17860	0.09318	0.01874	0.06206	0.08910	0.01677	0.01172	0.15858	0.10578	0.06327	0.01580	0.03820	0.01251	0.00746	0.00591	0.00195	0.00646	0.00577	0.00507	0.10306
32	0.01839	0.04773	0.04461	0.06221	0.10780	0.10171	0.03876	0.10052	0.05967	0.06935	0.01733	0.01875	0.04676	0.00712	0.00626	0.00176	0.00738	0.00583	0.00464	0.23342
33	0.01637	0.04106	0.09294	0.07694	0.09068	0.01368	0.01310	0.08220	0.15995	0.09750	0.06720	0.13179	0.05136	0.01076	0.00720	0.00227	0.00640	0.02365	0.00574	0.00922
34	0.01842	0.06185	0.02028	0.09713	0.12581	0.01476	0.04901	0.12364	0.01764	0.13387	0.04101	0.05455	0.03692	0.06347	0.00993	0.00244	0.05881	0.00737	0.00508	0.05803

[dist]
# distance from previous block
# <min> <max>
4	67

[block]
# block no. 1 follows, 31 sequences, length 26
# corresponding to MSA columns:
# 375-400
name=unknown_B
#
# <colnr> <probs for GDERKNQSTAVLIFYWHMCP>
#	G	D	E	R	K	N	Q	S	T	A	V	L	I	F	Y	W	H	M	C	P
0	0.03412	0.01671	0.04607	0.01396	0.01822	0.08835	0.04486	0.28360	0.05385	0.05314	0.11487	0.06169	0.11981	0.01056	0.00720	0.00214	0.00684	0.00866	0.00618	0.00918
1	0.08762	0.11893	0.02065	0.01550	0.03893	0.18473	0.04563	0.14657	0.11553	0.07086	0.01857	0.02082	0.04034	0.00829	0.00638	0.00203	0.00803	0.03615	0.00514	0.00931
2	0.10906	0.07531	0.01773	0.01310	0.01772	0.07578	0.01065	0.28214	0.08729	0.03101	0.04485	0.05478	0.01540	0.00832	0.00618	0.00191	0.00668	0.00636	0.02429	0.11144
3	0.06062	0.01808	0.01844	0.01915	0.14807	0.19012	0.03166	0.10034	0.05863	0.11876	0.07180	0.04725	0.06952	0.00901	0.00682	0.00206	0.00773	0.00735	0.00538	0.00923
4	0.04839	0.13266	0.46922	0.06163	0.07915	0.01713	0.02118	0.02172	0.01455	0.05599	0.01255	0.01467	0.00923	0.00649	0.00617	0.00206	0.00910	0.00503	0.00327	0.00980
5	0.00941	0.00725	0.00880	0.00870	0.01037	0.00694	0.00643	0.01242	0.04708	0.02132	0.27857	0.12263	0.25432	0.05873	0.11232	0.00376	0.00579	0.01269	0.00630	0.00618
6	0.01591	0.13162	0.44508	0.02227	0.15388	0.01793	0.02164	0.07422	0.01597	0.02271	0.01233	0.01458	0.00932	0.00647	0.00628	0.00204	0.00915	0.00514	0.00330	0.01018
7	0.01679	0.01786	0.02190	0.12100	0.02492	0.16808	0.14476	0.05288	0.04273	0.02003	0.04913	0.02289	0.06842	0.03975	0.01134	0.00248	0.15577	0.00726	0.00406	0.00795
8	0.00880	0.00629	0.00847	0.01006	0.01066	0.00596	0.00716	0.01033	0.01356	0.01798	0.03745	0.63801	0.04423	0.02100	0.00886	0.00284	0.00437	0.13195	0.00634	0.00569
9	0.01584	0.01990	0.12436	0.13800	0.13788	0.05253	0.32112	0.02098	0.01525	0.02066	0.01275	0.01713	0.00986	0.00654	0.00830	0.00226	0.05744	0.00675	0.00328	0.00916
10	0.01575	0.01416	0.02351	0.33993	0.33859	0.01586	0.01911	0.01976	0.01456	0.05530	0.01298	0.01766	0.01026	0.00700	0.00804	0.00222	0.06650	0.00612	0.00346	0.00922
11	0.01671	0.05147	0.12826	0.02490	0.03189	0.01779	0.47824	0.07326	0.06311	0.02368	0.01458	0.01793	0.01088	0.00629	0.00754	0.00223	0.01046	0.00732	0.00385	0.00961
12	0.00837	0.00626	0.00779	0.00885	0.00979	0.00567	0.00609	0.00984	0.01413	0.01842	0.09349	0.54375	0.20277	0.01994	0.00853	0.00262	0.00380	0.01777	0.00644	0.00567
13	0.06938	0.01280	0.01447	0.06999	0.01857	0.01438	0.01061	0.02933	0.42707	0.07936	0.11776	0.02976	0.02552	0.00993	0.00703	0.00231	0.00548	0.04002	0.00663	0.00960
14	0.02098	0.01766	0.01937	0.01587	0.02038	0.08995	0.06917	0.28995	0.21134	0.05380	0.02135	0.02352	0.03125	0.01073	0.03721	0.00255	0.00802	0.04058	0.00614	0.01020
15	0.01381	0.00859	0.01170	0.01105	0.01306	0.00920	0.00857	0.06845	0.01430	0.11297	0.02231	0.12892	0.02067	0.03548	0.43413	0.00740	0.01290	0.00884	0.05044	0.00722
16	0.01583	0.01513	0.02578	0.23446	0.53303	0.01597	0.02045	0.02003	0.01506	0.02101	0.01267	0.01729	0.01037	0.00630	0.00679	0.00210	0.00840	0.00609	0.00329	0.00995
17	0.00882	0.00660	0.00827	0.00920	0.01039	0.00605	0.00674	0.01068	0.01488	0.01939	0.12959	0.39830	0.21452	0.01912	0.00859	0.00264	0.00408	0.10982	0.00649	0.00583
18	0.01627	0.01570	0.02714	0.15182	0.58365	0.01613	0.04809	0.02048	0.01530	0.02157	0.01280	0.01720	0.01055	0.00620	0.00684	0.00208	0.00842	0.00617	0.00333	0.01026
19	0.01044	0.00938	0.01116	0.01026	0.01247	0.05557	0.05397	0.01290	0.01638	0.02097	0.24649	0.13090	0.29494	0.01787	0.06241	0.00293	0.00572	0.01275	0.00611	0.00636
20	0.01754	0.01772	0.02586	0.22568	0.30172	0.10659	0.10839	0.07385	0.01692	0.02189	0.01280	0.01687	0.01012	0.00654	0.00689	0.00210	0.00933	0.00615	0.00359	0.00944
21	0.02110	0.01227	0.01454	0.01210	0.01617	0.01241	0.00966	0.11375	0.20450	0.27562	0.15223	0.03092	0.07364	0.01025	0.00719	0.00218	0.00530	0.00852	0.00754	0.01009
22	0.00834	0.00595	0.00794	0.00953	0.00992	0.00556	0.00635	0.00953	0.01310	0.01746	0.03771	0.75510	0.04525	0.02143	0.00873	0.00278	0.00397	0.01945	0.00635	0.00556
23	0.01211	0.01124	0.06723	0.01154	0.01414	0.01047	0.00950	0.01899	0.19007	0.03607	0.07871	0.12156	0.07169	0.07997	0.22936	0.00530	0.00932	0.00980	0.00539	0.00754
24	0.01372	0.03539	0.72412	0.01950	0.02961	0.01589	0.02528	0.02167	0.01444	0.02167	0.01228	0.01444	0.00867	0.00650	0.00650	0.00217	0.01011	0.00506	0.00289	0.01011
25	0.00898	0.00681	0.00866	0.00935	0.01071	0.00649	0.00703	0.01098	0.01441	0.01880	0.10167	0.28441	0.23696	0.02387	0.12072	0.00391	0.00631	0.10801	0.00603	0.00589

[dist]
# distance from previous block
# <min> <max>
0	1

[block]
# block no. 2 follows, 31 sequences, length 8
# corresponding to MSA columns:
# 402-409
name=unknown_C
#
# <colnr> <probs for GDERKNQSTAVLIFYWHMCP>
#	G	D	E	R	K	N	Q	S	T	A	V	L	I	F	Y	W	H	M	C	P
0	0.00842	0.00669	0.00756	0.00788	0.00958	0.00583	0.00571	0.01026	0.01557	0.01971	0.16853	0.24245	0.43198	0.01784	0.00825	0.00241	0.00356	0.01540	0.00655	0.00583
1	0.01541	0.01475	0.02480	0.28321	0.43796	0.01621	0.01990	0.01947	0.01458	0.02027	0.01236	0.01725	0.01012	0.00675	0.00785	0.00218	0.05812	0.00608	0.00324	0.00949
2	0.06556	0.02098	0.18311	0.09243	0.10583	0.01657	0.37211	0.02124	0.01521	0.02206	0.01297	0.01694	0.00975	0.00610	0.00724	0.00223	0.01025	0.00675	0.00334	0.00932
3	0.01181	0.00905	0.01082	0.05990	0.01428	0.00910	0.00815	0.12242	0.01747	0.02268	0.09111	0.25066	0.23550	0.05210	0.00936	0.00265	0.00497	0.05500	0.00618	0.00680
4	0.02372	0.15457	0.02213	0.01581	0.02025	0.43398	0.01262	0.15155	0.02055	0.02194	0.01159	0.01298	0.00942	0.00695	0.00593	0.00172	0.01014	0.00459	0.00408	0.05548
5	0.01509	0.04268	0.01700	0.01527	0.05994	0.11926	0.05608	0.05908	0.05864	0.01993	0.01776	0.08013	0.01650	0.05229	0.25694	0.00522	0.01156	0.00744	0.00426	0.08493
6	0.13668	0.08241	0.05350	0.04829	0.15618	0.12772	0.01340	0.05628	0.07292	0.02345	0.07705	0.04032	0.01657	0.00983	0.03611	0.00242	0.02738	0.00635	0.00439	0.00873
7	0.07470	0.26207	0.10385	0.07587	0.02190	0.13130	0.01370	0.11105	0.01730	0.06971	0.01278	0.01458	0.01007	0.00905	0.04285	0.00232	0.00892	0.00488	0.00405	0.00904

[dist]
# distance from previous block
# <min> <max>
17	55

[block]
# block no. 3 follows, 31 sequences, length 53
# corresponding to MSA columns:
# 477-529
name=unknown_D
#
# <colnr> <probs for GDERKNQSTAVLIFYWHMCP>
#	G	D	E	R	K	N	Q	S	T	A	V	L	I	F	Y	W	H	M	C	P
0	0.01785	0.19368	0.24836	0.04912	0.04968	0.07143	0.03043	0.11077	0.01716	0.04877	0.03753	0.01663	0.01200	0.02910	0.00765	0.00213	0.03892	0.00549	0.00392	0.00939
1	0.10938	0.21031	0.25804	0.01633	0.04662	0.06228	0.04389	0.06047	0.01584	0.05734	0.03080	0.01660	0.01160	0.00705	0.00592	0.00198	0.00833	0.02408	0.00386	0.00928
2	0.01261	0.01111	0.01789	0.06141	0.34417	0.01107	0.01387	0.01532	0.01429	0.01976	0.02475	0.37125	0.02727	0.01349	0.00772	0.00240	0.00618	0.01250	0.00479	0.00814
3	0.01932	0.11194	0.25618	0.04626	0.05569	0.31146	0.03745	0.02349	0.01634	0.01872	0.01122	0.01358	0.00891	0.00682	0.00677	0.00195	0.03694	0.00484	0.00320	0.00889
4	0.01856	0.02177	0.15999	0.05183	0.30243	0.14377	0.01814	0.04168	0.01677	0.08130	0.03234	0.05242	0.01352	0.00757	0.00675	0.00207	0.00877	0.00645	0.00408	0.00979
5	0.01586	0.05499	0.29053	0.02491	0.15045	0.01734	0.18894	0.04974	0.05752	0.02263	0.01359	0.01653	0.01037	0.00676	0.00778	0.00220	0.05022	0.00620	0.00354	0.00992
6	0.00826	0.00647	0.00748	0.00821	0.00960	0.00570	0.00579	0.00979	0.01455	0.01832	0.07743	0.38951	0.37632	0.01914	0.00839	0.00252	0.00369	0.01672	0.00639	0.00570
7	0.01414	0.04453	0.13707	0.01400	0.01842	0.10317	0.07569	0.04851	0.06212	0.02053	0.03516	0.03599	0.27737	0.04244	0.00901	0.00238	0.03756	0.00923	0.00484	0.00783
8	0.01805	0.10258	0.18811	0.06026	0.14542	0.08691	0.01657	0.06470	0.08949	0.08124	0.01689	0.07019	0.01392	0.00808	0.00657	0.00208	0.00816	0.00663	0.00445	0.00971
9	0.01066	0.00775	0.00969	0.01032	0.01160	0.00761	0.00752	0.08570	0.01611	0.02145	0.09003	0.50917	0.07930	0.01890	0.00851	0.00266	0.00452	0.08564	0.00649	0.00639
10	0.01887	0.04728	0.09464	0.05169	0.40094	0.13229	0.01867	0.09159	0.03736	0.02333	0.01310	0.01597	0.01054	0.00661	0.00658	0.00200	0.00886	0.00569	0.00379	0.01021
11	0.01630	0.07040	0.23209	0.04508	0.10889	0.08029	0.24273	0.02153	0.01518	0.02048	0.01226	0.01581	0.00954	0.00670	0.00827	0.00219	0.07360	0.00614	0.00321	0.00933
12	0.01549	0.09082	0.37375	0.05284	0.05750	0.01686	0.15188	0.03817	0.04907	0.04003	0.01450	0.01837	0.01116	0.00699	0.00680	0.00217	0.00947	0.03083	0.00360	0.00971
13	0.00881	0.00598	0.00787	0.00927	0.00974	0.00563	0.00622	0.00996	0.01300	0.01780	0.03545	0.66971	0.04176	0.02056	0.00924	0.03807	0.00400	0.01790	0.06350	0.00550
14	0.01429	0.01356	0.06574	0.01973	0.16449	0.01203	0.09713	0.02011	0.10878	0.06617	0.13747	0.07280	0.13334	0.01092	0.00756	0.00226	0.00639	0.03298	0.00553	0.00871
15	0.01953	0.04419	0.07923	0.06658	0.18708	0.01714	0.08695	0.18944	0.06968	0.09105	0.01682	0.04550	0.01316	0.00789	0.00747	0.00216	0.03401	0.00684	0.00500	0.01030
16	0.01627	0.01544	0.01532	0.08606	0.03627	0.13038	0.01128	0.06137	0.28976	0.02324	0.02524	0.14816	0.04713	0.01324	0.04713	0.00276	0.00748	0.00914	0.00561	0.00873
17	0.01647	0.01912	0.11265	0.12289	0.47150	0.05492	0.06166	0.02105	0.01545	0.02134	0.01264	0.01663	0.01022	0.00627	0.00679	0.00208	0.00893	0.00599	0.00330	0.01010
18	0.01720	0.08736	0.19689	0.02148	0.08456	0.15392	0.18405	0.02309	0.06722	0.02131	0.06507	0.01848	0.01434	0.00709	0.00682	0.00206	0.00963	0.00639	0.00384	0.00921
19	0.01499	0.23674	0.53384	0.01734	0.02628	0.01898	0.02153	0.02134	0.01429	0.02013	0.01151	0.01348	0.00870	0.00632	0.00592	0.00197	0.00934	0.00467	0.00290	0.00974
20	0.01459	0.01488	0.01529	0.01417	0.01562	0.17498	0.01115	0.01665	0.01277	0.01622	0.01433	0.02073	0.01328	0.03185	0.39761	0.00698	0.19225	0.00635	0.00347	0.00685
21	0.01824	0.01745	0.13463	0.03877	0.06627	0.04355	0.12116	0.04933	0.09611	0.16677	0.10053	0.07630	0.02142	0.00913	0.00725	0.00221	0.00752	0.00821	0.00559	0.00955
22	0.01696	0.16841	0.26219	0.01550	0.02196	0.05937	0.03516	0.02548	0.18763	0.06729	0.02000	0.02023	0.05523	0.00787	0.00635	0.00205	0.00788	0.00619	0.00454	0.00971
23	0.01469	0.01185	0.01316	0.01233	0.01547	0.01301	0.00976	0.02732	0.42680	0.04585	0.10037	0.04100	0.10836	0.01221	0.00760	0.00243	0.00513	0.11667	0.00688	0.00911
24	0.00843	0.00603	0.00803	0.00946	0.00994	0.00562	0.00636	0.00977	0.01355	0.01819	0.08663	0.70412	0.04665	0.02089	0.00868	0.00273	0.00392	0.01894	0.00644	0.00562
25	0.01759	0.11107	0.38378	0.01921	0.02688	0.16269	0.10250	0.05977	0.01657	0.02128	0.01205	0.01424	0.00908	0.00655	0.00642	0.00202	0.01029	0.00520	0.00331	0.00950
26	0.01350	0.10896	0.13058	0.01288	0.01639	0.05645	0.01193	0.05323	0.01401	0.01860	0.01809	0.02930	0.01736	0.11650	0.27138	0.00589	0.01185	0.08184	0.00397	0.00729
27	0.01835	0.01019	0.01260	0.01080	0.01422	0.00983	0.00850	0.02459	0.16085	0.26767	0.27980	0.03740	0.09318	0.01138	0.00743	0.00219	0.00460	0.00968	0.00764	0.00910
28	0.02199	0.15164	0.07607	0.01915	0.05149	0.44624	0.09746	0.02485	0.01757	0.01786	0.01102	0.01320	0.00907	0.00662	0.00616	0.00182	0.01107	0.00485	0.00337	0.00851
29	0.01588	0.07505	0.52192	0.01799	0.02662	0.01735	0.02144	0.10747	0.08724	0.02473	0.01422	0.01562	0.01030	0.00696	0.00646	0.00213	0.00914	0.00538	0.00380	0.01030
30	0.01250	0.01167	0.01458	0.01335	0.01513	0.09863	0.05879	0.01492	0.01231	0.01633	0.01664	0.02465	0.01549	0.07554	0.51287	0.00853	0.06083	0.00707	0.00362	0.00654
31	0.00855	0.00640	0.00800	0.00919	0.01019	0.00585	0.00654	0.01007	0.01399	0.01803	0.04547	0.51303	0.21225	0.02015	0.00864	0.00270	0.00408	0.08484	0.00635	0.00569
32	0.07793	0.02741	0.43445	0.02494	0.19265	0.01607	0.08810	0.02141	0.01466	0.02257	0.01235	0.01516	0.00925	0.00632	0.00654	0.00214	0.00939	0.00549	0.00317	0.00998
33	0.01727	0.01854	0.01890	0.01674	0.01808	0.19354	0.01337	0.02088	0.09332	0.01802	0.01384	0.07445	0.01321	0.01121	0.01557	0.00260	0.42190	0.00687	0.00385	0.00783
34	0.02355	0.02016	0.01871	0.01534	0.01980	0.15800	0.01221	0.41619	0.12853	0.03355	0.01666	0.01731	0.01249	0.00927	0.00817	0.05989	0.00803	0.00604	0.00593	0.01017
35	0.01527	0.28168	0.49136	0.01686	0.02553	0.01967	0.02069	0.02127	0.01426	0.01978	0.01134	0.01327	0.00870	0.00628	0.00579	0.00193	0.00917	0.00458	0.00290	0.00966
36	0.01690	0.01809	0.09915	0.01800	0.08300	0.10064	0.09275	0.17012	0.01995	0.02617	0.12734	0.12684	0.05014	0.01049	0.00736	0.00219	0.00761	0.00918	0.00530	0.00878
37	0.00871	0.00685	0.00792	0.00831	0.01005	0.00607	0.00624	0.01074	0.01576	0.01999	0.16711	0.19742	0.40604	0.01773	0.00835	0.00246	0.00382	0.08400	0.00654	0.00590
38	0.02155	0.01376	0.01558	0.01279	0.01700	0.01460	0.01027	0.23976	0.19712	0.18276	0.10765	0.02529	0.02215	0.00923	0.00685	0.00211	0.00571	0.00750	0.07799	0.01033
39	0.09443	0.02084	0.10991	0.02189	0.18049	0.15685	0.04094	0.04131	0.10543	0.04359	0.05282	0.01823	0.01414	0.00774	0.00766	0.00213	0.06187	0.00605	0.00434	0.00934
40	0.01904	0.04524	0.01859	0.01749	0.09764	0.22751	0.03971	0.10164	0.12336	0.02490	0.13169	0.02301	0.02120	0.00854	0.00666	0.00197	0.00780	0.00691	0.06825	0.00885
41	0.01105	0.00741	0.00849	0.00809	0.01045	0.00639	0.00611	0.01314	0.01660	0.10168	0.19005	0.11629	0.44727	0.01598	0.00800	0.00230	0.00373	0.01357	0.00683	0.00657
42	0.02038	0.55472	0.03120	0.01333	0.01859	0.20316	0.01213	0.04586	0.01591	0.01721	0.01002	0.01151	0.00889	0.00624	0.00492	0.00156	0.00858	0.00393	0.00321	0.00867
43	0.01799	0.05620	0.30175	0.01752	0.02335	0.22401	0.03285	0.05986	0.03166	0.02027	0.01264	0.01640	0.01040	0.06185	0.01002	0.00243	0.08304	0.00545	0.00350	0.00882
44	0.00917	0.00689	0.00869	0.00980	0.01116	0.00640	0.00759	0.01118	0.01472	0.01878	0.04646	0.32423	0.23920	0.01937	0.00879	0.00277	0.00461	0.23798	0.00633	0.00587
45	0.00892	0.00652	0.00826	0.00946	0.01024	0.00612	0.00645	0.03331	0.01403	0.01847	0.04044	0.65367	0.11765	0.02052	0.00860	0.00270	0.00404	0.01844	0.00637	0.00579
46	0.14013	0.07357	0.06390	0.03306	0.04402	0.09874	0.01241	0.19140	0.11026	0.10972	0.04576	0.01814	0.01424	0.00782	0.00624	0.00204	0.00730	0.00588	0.00554	0.00982
47	0.00988	0.06145	0.01062	0.03088	0.01145	0.00804	0.00707	0.01122	0.01261	0.01656	0.03096	0.38355	0.05962	0.19699	0.05861	0.00410	0.00605	0.06941	0.00531	0.00562
48	0.00857	0.00646	0.00766	0.00850	0.00956	0.00587	0.00588	0.00989	0.01369	0.01743	0.04664	0.39552	0.27571	0.11251	0.01181	0.00312	0.00423	0.04538	0.00607	0.00549
49	0.01064	0.00822	0.01086	0.05619	0.05220	0.00815	0.00858	0.06374	0.01551	0.02043	0.06313	0.44218	0.13610	0.01764	0.00829	0.00258	0.00484	0.05811	0.00607	0.00655
50	0.01894	0.11426	0.28358	0.01691	0.02338	0.10760	0.03693	0.08138	0.08499	0.09103	0.01487	0.01605	0.01104	0.00748	0.00752	0.00210	0.06236	0.00550	0.00428	0.00981
51	0.02036	0.02428	0.04832	0.05591	0.11207	0.38871	0.01432	0.05199	0.01786	0.01954	0.05342	0.01914	0.05518	0.00843	0.00814	0.00203	0.08206	0.00602	0.00394	0.00829
52	0.06926	0.13285	0.01340	0.03090	0.01253	0.01060	0.00756	0.01369	0.01358	0.04489	0.06846	0.29623	0.09157	0.12764	0.01144	0.00299	0.00524	0.03543	0.00534	0.00640

[dist]
# distance from previous block
# <min> <max>
0	8

[block]
# block no. 4 follows, 31 sequences, length 37
# corresponding to MSA columns:
# 538-574
name=unknown_E
#
# <colnr> <probs for GDERKNQSTAVLIFYWHMCP>
#	G	D	E	R	K	N	Q	S	T	A	V	L	I	F	Y	W	H	M	C	P
0	0.06852	0.14787	0.15878	0.01645	0.05571	0.04732	0.03934	0.02088	0.07011	0.04652	0.07543	0.05382	0.01678	0.00902	0.00925	0.00221	0.14245	0.00665	0.00418	0.00871
1	0.00857	0.00629	0.00772	0.00867	0.00944	0.00579	0.00581	0.00979	0.01341	0.01748	0.07003	0.48441	0.17794	0.12660	0.01233	0.00321	0.00422	0.01677	0.00608	0.00544
2	0.02177	0.14233	0.05262	0.01493	0.01993	0.10469	0.01277	0.28000	0.16205	0.05064	0.01668	0.01691	0.01261	0.00789	0.00688	0.00199	0.03374	0.00577	0.00550	0.03032
3	0.01897	0.20011	0.15035	0.01708	0.10129	0.03685	0.01454	0.06746	0.04185	0.13246	0.05743	0.01799	0.01444	0.00731	0.00649	0.00188	0.02603	0.00566	0.00465	0.07719
4	0.03695	0.06593	0.42870	0.03896	0.05083	0.04190	0.06477	0.02107	0.01474	0.04510	0.01503	0.01712	0.04034	0.00704	0.00691	0.00207	0.03135	0.00563	0.00344	0.06213
5	0.01368	0.05862	0.63273	0.03905	0.02865	0.01573	0.02368	0.02101	0.01449	0.02127	0.01377	0.01859	0.01072	0.00731	0.00663	0.00221	0.00973	0.04926	0.00312	0.00974
6	0.01597	0.01356	0.02176	0.27306	0.32768	0.01449	0.01742	0.02074	0.05414	0.08044	0.01966	0.02272	0.07336	0.00772	0.00693	0.00216	0.00770	0.00699	0.00417	0.00936
7	0.06585	0.29637	0.12949	0.05617	0.11315	0.04631	0.06014	0.04657	0.01505	0.02031	0.01418	0.01644	0.04593	0.00706	0.00652	0.00192	0.04068	0.00539	0.00346	0.00899
8	0.04304	0.06641	0.06384	0.01330	0.01807	0.10860	0.01135	0.04714	0.16884	0.27854	0.05024	0.02401	0.05885	0.00883	0.00666	0.00209	0.00677	0.00696	0.00643	0.01003
9	0.00834	0.00595	0.00794	0.00953	0.00992	0.00556	0.00635	0.00953	0.01310	0.01746	0.03771	0.75510	0.04525	0.02143	0.00873	0.00278	0.00397	0.01945	0.00635	0.00556
10	0.01482	0.06222	0.28679	0.01996	0.07307	0.06255	0.15703	0.03829	0.01626	0.02196	0.08705	0.02419	0.08918	0.00824	0.00704	0.00213	0.00882	0.00737	0.00401	0.00899
11	0.01810	0.04730	0.14723	0.03053	0.40794	0.05369	0.01917	0.04656	0.07240	0.06941	0.01480	0.01715	0.01153	0.00670	0.00663	0.00205	0.00827	0.00592	0.00404	0.01056
12	0.02776	0.01252	0.01596	0.01265	0.01766	0.01186	0.01031	0.05690	0.15907	0.55737	0.02680	0.02350	0.01755	0.00862	0.00690	0.00216	0.00580	0.00703	0.00811	0.01148
13	0.01334	0.01108	0.01685	0.21682	0.15991	0.01175	0.03658	0.01776	0.06163	0.04437	0.02701	0.12637	0.12135	0.01054	0.00710	0.00223	0.00646	0.00938	0.09150	0.00797
14	0.14935	0.09325	0.15136	0.02066	0.10649	0.04254	0.15454	0.11080	0.06275	0.02587	0.01346	0.01560	0.01029	0.00664	0.00634	0.00208	0.00852	0.00574	0.00410	0.00961
15	0.01018	0.00789	0.00894	0.00919	0.01086	0.00761	0.00657	0.05716	0.06733	0.02011	0.04604	0.35249	0.28432	0.06642	0.00994	0.00278	0.00430	0.01523	0.00629	0.00635
16	0.25507	0.05229	0.06406	0.01396	0.01925	0.07200	0.01212	0.37260	0.02321	0.03491	0.01338	0.01419	0.00986	0.00736	0.00589	0.00203	0.00739	0.00512	0.00540	0.00989
17	0.02382	0.01864	0.01932	0.01520	0.02012	0.07665	0.01239	0.45833	0.06225	0.07161	0.01617	0.01660	0.01184	0.00812	0.00766	0.00200	0.05663	0.00591	0.00613	0.09061
18	0.02238	0.12531	0.12145	0.01589	0.02134	0.22307	0.01425	0.21323	0.09383	0.06270	0.01499	0.01556	0.01127	0.00744	0.00628	0.00194	0.00893	0.00537	0.00490	0.00989
19	0.00978	0.00682	0.00865	0.00875	0.00918	0.00719	0.00573	0.01066	0.01050	0.01440	0.02158	0.08615	0.02369	0.47939	0.26074	0.00780	0.01027	0.00973	0.00414	0.00488
20	0.01241	0.00781	0.00943	0.00901	0.01110	0.00717	0.00663	0.01528	0.05195	0.12291	0.19713	0.19164	0.23757	0.07607	0.01015	0.00269	0.00422	0.01316	0.00678	0.00687
21	0.01262	0.22701	0.01750	0.01089	0.01401	0.01292	0.00948	0.01506	0.01485	0.01898	0.05719	0.14233	0.10990	0.01395	0.00731	0.00230	0.00572	0.23122	0.00520	0.07155
22	0.01283	0.01308	0.10715	0.01102	0.01438	0.05619	0.00970	0.01610	0.01711	0.07578	0.31470	0.14141	0.10536	0.01289	0.00754	0.00215	0.00521	0.01110	0.00619	0.06009
23	0.01693	0.01626	0.02777	0.04199	0.71689	0.01626	0.02100	0.02100	0.01558	0.02235	0.01287	0.01693	0.01084	0.00610	0.00677	0.00203	0.00813	0.00610	0.00339	0.01084
24	0.00963	0.00717	0.00924	0.01042	0.01190	0.00678	0.00842	0.01195	0.01507	0.01924	0.04500	0.23748	0.21251	0.01911	0.00893	0.00285	0.00502	0.34698	0.00633	0.00599
25	0.02300	0.16151	0.02356	0.02009	0.12131	0.50178	0.01407	0.02518	0.01785	0.01744	0.01072	0.01276	0.00910	0.00670	0.00594	0.00175	0.01083	0.00452	0.00340	0.00850
26	0.02482	0.01229	0.01521	0.01230	0.01689	0.01190	0.00994	0.07863	0.16878	0.44023	0.07421	0.02734	0.05680	0.00945	0.00704	0.00217	0.00556	0.00777	0.00785	0.01082
27	0.00839	0.00600	0.00799	0.00949	0.00994	0.00559	0.00636	0.00967	0.01336	0.01788	0.06598	0.72563	0.04606	0.02112	0.00870	0.00275	0.00394	0.01915	0.00640	0.00559
28	0.07250	0.04619	0.10118	0.03018	0.02002	0.04840	0.01301	0.29199	0.09847	0.05841	0.05005	0.02487	0.05240	0.00928	0.00681	0.00216	0.00715	0.05121	0.00587	0.00985
29	0.05370	0.01509	0.02022	0.02380	0.28140	0.01577	0.01433	0.22150	0.06756	0.05598	0.11601	0.02384	0.04351	0.00854	0.00693	0.00209	0.00670	0.00732	0.00557	0.01016
30	0.01775	0.01485	0.01450	0.01269	0.01605	0.08566	0.00972	0.14348	0.29033	0.05409	0.07247	0.03041	0.08290	0.11152	0.01081	0.00278	0.00634	0.00830	0.00626	0.00907
31	0.00858	0.00654	0.00776	0.00839	0.00964	0.00588	0.00590	0.01019	0.01465	0.01887	0.13230	0.34861	0.29347	0.06878	0.01019	0.00280	0.00393	0.03152	0.00635	0.00567
32	0.07812	0.06455	0.07149	0.11491	0.07746	0.01654	0.04912	0.10011	0.12223	0.02434	0.03471	0.02416	0.08072	0.00913	0.00836	0.00226	0.08388	0.02426	0.00470	0.00891
33	0.01654	0.01684	0.02563	0.16825	0.25913	0.09135	0.15326	0.04884	0.03499	0.02122	0.01531	0.01936	0.03212	0.00979	0.05524	0.00272	0.00989	0.00669	0.00370	0.00914
34	0.01148	0.00809	0.00988	0.00966	0.01093	0.00819	0.00694	0.05720	0.01483	0.04709	0.11840	0.21727	0.12284	0.21992	0.03078	0.00381	0.04396	0.04684	0.00578	0.00611
35	0.00855	0.00634	0.00783	0.00870	0.00964	0.00579	0.00596	0.01004	0.01421	0.01864	0.12671	0.46827	0.19483	0.06864	0.01024	0.00285	0.00394	0.01684	0.00635	0.00562
36	0.01672	0.13575	0.11490	0.06022	0.07914	0.01801	0.15247	0.10361	0.06595	0.02327	0.01492	0.05475	0.01249	0.00769	0.00769	0.00209	0.05752	0.00666	0.00410	0.06206

[dist]
# distance from previous block
# <min> <max>
13	109

[block]
# block no. 5 follows, 31 sequences, length 67
# corresponding to MSA columns:
# 719-785
name=unknown_F
#
# <colnr> <probs for GDERKNQSTAVLIFYWHMCP>
#	G	D	E	R	K	N	Q	S	T	A	V	L	I	F	Y	W	H	M	C	P
0	0.02000	0.04647	0.12031	0.01617	0.05034	0.13181	0.01373	0.25733	0.04577	0.04285	0.11053	0.02178	0.01882	0.04304	0.00849	0.00226	0.02873	0.00672	0.00535	0.00949
1	0.05377	0.11543	0.10219	0.05709	0.01957	0.17808	0.01255	0.09523	0.01688	0.02136	0.04337	0.04735	0.04973	0.06229	0.05106	0.00283	0.03159	0.00664	0.02498	0.00801
2	0.04486	0.04952	0.13112	0.01426	0.01912	0.03953	0.04223	0.19468	0.01927	0.06146	0.03993	0.14922	0.05907	0.01053	0.00746	0.00215	0.03237	0.00866	0.00532	0.06923
3	0.03804	0.12306	0.12464	0.09376	0.02099	0.12789	0.01306	0.02056	0.07897	0.04163	0.05208	0.05752	0.07886	0.04453	0.03986	0.00267	0.02210	0.00731	0.00438	0.00809
4	0.08443	0.13358	0.01834	0.01322	0.01668	0.13399	0.01071	0.13170	0.11121	0.02407	0.03941	0.05651	0.01803	0.07783	0.00981	0.00254	0.04450	0.06006	0.00500	0.00837
5	0.01958	0.12818	0.20079	0.01683	0.04972	0.07470	0.01576	0.22315	0.12735	0.02798	0.01542	0.01619	0.01161	0.00732	0.00631	0.00198	0.00814	0.00556	0.00481	0.03862
6	0.01890	0.02101	0.13988	0.02339	0.14636	0.04974	0.14805	0.20796	0.04392	0.02748	0.01408	0.01652	0.01072	0.00718	0.00793	0.00213	0.05755	0.00621	0.00441	0.04658
7	0.03908	0.03645	0.07336	0.04684	0.01830	0.01282	0.05060	0.04917	0.16229	0.09724	0.08310	0.12376	0.05209	0.06058	0.00965	0.00263	0.03178	0.03600	0.00579	0.00849
8	0.00895	0.00678	0.00840	0.00938	0.01075	0.00623	0.00712	0.01087	0.01477	0.01884	0.06807	0.33656	0.26844	0.01921	0.00867	0.00269	0.00435	0.17769	0.00637	0.00584
9	0.06468	0.68726	0.03361	0.01181	0.01747	0.05786	0.01152	0.02077	0.01401	0.01698	0.00956	0.01104	0.00870	0.00594	0.00446	0.00151	0.00742	0.00369	0.00303	0.00866
10	0.01953	0.01578	0.01693	0.01397	0.01868	0.01725	0.01114	0.24704	0.38748	0.03242	0.02189	0.02095	0.01634	0.00833	0.00665	0.00205	0.00605	0.00670	0.00651	0.12432
11	0.01558	0.04846	0.02854	0.34732	0.10323	0.07074	0.24779	0.02020	0.01514	0.01934	0.01257	0.01743	0.00967	0.00638	0.00710	0.00219	0.01001	0.00653	0.00325	0.00854
12	0.00894	0.00644	0.00834	0.00964	0.01036	0.00609	0.00684	0.01040	0.01345	0.01765	0.03845	0.50850	0.09776	0.09509	0.01143	0.00319	0.00460	0.13116	0.00612	0.00556
13	0.01372	0.03539	0.72412	0.01950	0.02961	0.01589	0.02528	0.02167	0.01444	0.02167	0.01228	0.01444	0.00867	0.00650	0.00650	0.00217	0.01011	0.00506	0.00289	0.01011
14	0.12744	0.01339	0.07032	0.01036	0.01379	0.07883	0.00886	0.04284	0.01619	0.05198	0.07772	0.08528	0.32648	0.01322	0.00720	0.00225	0.00553	0.03555	0.00565	0.00711
15	0.02366	0.01324	0.05555	0.01196	0.01645	0.05977	0.01015	0.02665	0.01906	0.44545	0.18277	0.03005	0.05477	0.00987	0.00713	0.00211	0.00584	0.00815	0.00750	0.00988
16	0.00821	0.00694	0.00711	0.00707	0.00932	0.00583	0.00530	0.01007	0.01590	0.01920	0.12133	0.06465	0.66164	0.01706	0.00808	0.00230	0.00345	0.01427	0.00645	0.00583
17	0.01415	0.03251	0.60599	0.01975	0.02888	0.04395	0.07972	0.02135	0.01472	0.02130	0.01351	0.04877	0.01050	0.00715	0.00672	0.00219	0.01004	0.00594	0.00312	0.00974
18	0.14540	0.20253	0.05431	0.01468	0.01981	0.13772	0.05171	0.15451	0.11188	0.02604	0.01389	0.01484	0.01085	0.00708	0.00579	0.00193	0.00798	0.00515	0.00457	0.00934
19	0.00942	0.00686	0.00910	0.01050	0.01161	0.00654	0.00816	0.01149	0.01448	0.01883	0.04069	0.39561	0.11892	0.01992	0.00896	0.00288	0.00488	0.28894	0.00633	0.00589
20	0.01488	0.01485	0.02094	0.04755	0.01915	0.02072	0.01513	0.01651	0.01061	0.01651	0.00911	0.01510	0.00899	0.01176	0.02181	0.00296	0.71694	0.00599	0.00300	0.00749
21	0.01578	0.05156	0.24146	0.06074	0.29365	0.01650	0.10726	0.05167	0.01569	0.02225	0.01309	0.01666	0.01031	0.00857	0.04323	0.00255	0.00967	0.00600	0.00338	0.00998
22	0.06061	0.03046	0.54097	0.02173	0.07752	0.01607	0.11445	0.02156	0.01459	0.02227	0.01237	0.01497	0.00898	0.00636	0.00660	0.00217	0.00988	0.00546	0.00308	0.00988
23	0.00977	0.00733	0.01100	0.01100	0.01222	0.00855	0.00855	0.01222	0.01100	0.01588	0.01833	0.02688	0.01710	0.05131	0.73245	0.01100	0.01833	0.00733	0.00367	0.00611
24	0.01745	0.37760	0.09555	0.07630	0.02183	0.06844	0.03820	0.02037	0.01410	0.04958	0.01219	0.04602	0.01086	0.00777	0.00800	0.00196	0.11641	0.00539	0.00341	0.00857
25	0.11840	0.07540	0.04675	0.03927	0.14157	0.12435	0.07549	0.10263	0.10859	0.07988	0.01540	0.01673	0.01169	0.00711	0.00634	0.00204	0.00814	0.00579	0.00473	0.00972
26	0.00995	0.00663	0.00746	0.00746	0.00746	0.00663	0.00415	0.00995	0.00995	0.01327	0.02156	0.04477	0.02487	0.75957	0.03482	0.00663	0.00663	0.00995	0.00415	0.00415
27	0.00851	0.00644	0.00771	0.00843	0.00956	0.00580	0.00583	0.01003	0.01440	0.01862	0.12174	0.40219	0.26586	0.06960	0.01023	0.00282	0.00390	0.01637	0.00633	0.00563
28	0.04440	0.03390	0.05579	0.11425	0.17370	0.11792	0.13657	0.02233	0.07913	0.02069	0.01322	0.01679	0.01065	0.00749	0.00921	0.00225	0.12287	0.00617	0.00365	0.00903
29	0.35128	0.01598	0.01550	0.01251	0.01724	0.01791	0.01029	0.37313	0.02286	0.03702	0.05420	0.01623	0.01296	0.00777	0.00583	0.00209	0.00634	0.00550	0.00579	0.00957
30	0.00841	0.00691	0.00745	0.00770	0.00973	0.00595	0.00582	0.01027	0.01554	0.01898	0.09600	0.13513	0.56346	0.01769	0.00825	0.00241	0.00372	0.06434	0.00641	0.00583
31	0.12221	0.01709	0.05691	0.23642	0.10862	0.04936	0.22874	0.05972	0.01576	0.02282	0.01259	0.01667	0.00959	0.00643	0.00683	0.00220	0.00936	0.00627	0.00361	0.00880
32	0.04532	0.15229	0.12150	0.04109	0.01917	0.04698	0.01266	0.08609	0.11678	0.07432	0.02124	0.10902	0.04879	0.03594	0.00814	0.00230	0.03672	0.00777	0.00499	0.00889
33	0.01750	0.05477	0.02769	0.03905	0.64116	0.05856	0.02008	0.02134	0.01572	0.02171	0.01257	0.01637	0.01062	0.00614	0.00662	0.00199	0.00833	0.00587	0.00337	0.01056
34	0.00931	0.00669	0.00878	0.01003	0.01091	0.00638	0.00745	0.01108	0.01401	0.01843	0.06476	0.41686	0.08805	0.08729	0.01125	0.00318	0.00483	0.20884	0.00618	0.00570
35	0.01749	0.14526	0.25110	0.01836	0.09201	0.01633	0.04780	0.06582	0.04468	0.11025	0.03872	0.04705	0.01572	0.00836	0.00666	0.00212	0.00794	0.05004	0.00458	0.00972
36	0.01649	0.08498	0.04982	0.10951	0.33544	0.03895	0.04053	0.06135	0.04003	0.02211	0.04255	0.04953	0.01424	0.00780	0.00776	0.00213	0.05662	0.00673	0.00390	0.00953
37	0.09143	0.01992	0.01829	0.01473	0.01948	0.14880	0.01189	0.44036	0.02635	0.06731	0.01565	0.01615	0.01140	0.00784	0.00637	0.00198	0.00785	0.00568	0.05827	0.01026
38	0.02339	0.12197	0.05443	0.01626	0.04515	0.01625	0.09771	0.16471	0.04785	0.27947	0.02001	0.05036	0.01465	0.00812	0.00673	0.00207	0.00728	0.00689	0.00614	0.01054
39	0.04433	0.08339	0.14629	0.02057	0.14510	0.05898	0.08518	0.04892	0.01542	0.04539	0.01962	0.05554	0.08114	0.03904	0.00939	0.00236	0.07916	0.00733	0.00405	0.00880
40	0.00935	0.00706	0.00866	0.00950	0.01057	0.00685	0.00659	0.01257	0.08324	0.01945	0.09998	0.51219	0.12375	0.04477	0.00933	0.00276	0.00408	0.01671	0.00644	0.00614
41	0.07534	0.03199	0.60971	0.01890	0.02823	0.01571	0.05687	0.02198	0.01450	0.04738	0.01267	0.01471	0.00895	0.00652	0.00642	0.00217	0.00966	0.00517	0.00322	0.00991
42	0.01882	0.15922	0.14637	0.07080	0.17998	0.15025	0.08063	0.04582	0.01646	0.05163	0.01253	0.01506	0.00986	0.00649	0.00631	0.00195	0.00936	0.00538	0.00357	0.00950
43	0.01488	0.04638	0.11456	0.01241	0.01639	0.01110	0.03500	0.05034	0.08732	0.12233	0.11116	0.18202	0.12989	0.01285	0.00751	0.00231	0.00572	0.02337	0.00613	0.00831
44	0.00828	0.00615	0.00773	0.00900	0.00978	0.00560	0.00612	0.00959	0.01361	0.01767	0.04413	0.61490	0.18130	0.02060	0.00860	0.00268	0.00387	0.01843	0.00635	0.00560
45	0.13886	0.03988	0.07374	0.04671	0.13675	0.03821	0.01244	0.04469	0.01557	0.10602	0.05324	0.15035	0.04145	0.01204	0.03216	0.00255	0.00691	0.03487	0.00511	0.00845
46	0.01816	0.10550	0.09852	0.05299	0.04947	0.03639	0.05826	0.20878	0.14556	0.02781	0.04896	0.08401	0.01763	0.00902	0.00682	0.00213	0.00739	0.00755	0.00532	0.00973
47	0.01624	0.01565	0.02714	0.08762	0.60051	0.01578	0.05937	0.02031	0.01537	0.02178	0.01396	0.04944	0.01220	0.00680	0.00694	0.00210	0.00821	0.00679	0.00350	0.01029
48	0.00854	0.00617	0.00794	0.00926	0.00985	0.00575	0.00627	0.00977	0.01319	0.01736	0.03927	0.61210	0.10362	0.07681	0.01068	0.00304	0.00422	0.04449	0.00618	0.00550
49	0.02079	0.08569	0.07646	0.05272	0.03524	0.06940	0.06074	0.28955	0.05404	0.07563	0.04574	0.06990	0.01601	0.00873	0.00682	0.00209	0.00779	0.00716	0.00556	0.00993
50	0.01574	0.04518	0.13678	0.12180	0.28748	0.04118	0.13775	0.02127	0.04984	0.02122	0.01452	0.05000	0.01209	0.00707	0.00696	0.00215	0.00896	0.00681	0.00358	0.00961
51	0.01615	0.01845	0.04037	0.02884	0.03576	0.01730	0.69204	0.02191	0.01615	0.02191	0.01384	0.01845	0.01038	0.00577	0.00807	0.00231	0.01153	0.00807	0.00346	0.00923
52	0.01806	0.08973	0.07752	0.07299	0.15749	0.11275	0.10417	0.10855	0.06088	0.02317	0.01577	0.02193	0.01344	0.03400	0.00783	0.00227	0.00884	0.05709	0.00423	0.00928
53	0.01742	0.12818	0.10366	0.05548	0.10726	0.07037	0.10919	0.10315	0.07174	0.02284	0.01652	0.04002	0.04004	0.00812	0.00810	0.00214	0.07571	0.00663	0.00414	0.00929
54	0.00905	0.00737	0.00821	0.00928	0.01026	0.03804	0.00639	0.01039	0.01397	0.01767	0.04395	0.55933	0.20142	0.01982	0.00847	0.00262	0.00422	0.01760	0.00623	0.00571
55	0.00829	0.00613	0.00775	0.00905	0.00980	0.00560	0.00614	0.00958	0.01356	0.01765	0.04354	0.62780	0.16878	0.02068	0.00861	0.00269	0.00388	0.01852	0.00635	0.00560
56	0.05727	0.14568	0.07276	0.01835	0.08653	0.16291	0.06640	0.08795	0.01766	0.10339	0.04464	0.01672	0.01276	0.00759	0.00760	0.00201	0.07040	0.00568	0.00442	0.00926
57	0.01816	0.03959	0.08240	0.12813	0.26495	0.01663	0.09401	0.12993	0.03935	0.06862	0.01553	0.01977	0.01221	0.00726	0.00696	0.00215	0.00840	0.03147	0.00439	0.01009
58	0.00885	0.00668	0.00801	0.00886	0.01008	0.00612	0.00644	0.01041	0.01407	0.01784	0.04701	0.32290	0.28147	0.10060	0.01148	0.00309	0.00445	0.11993	0.00610	0.00560
59	0.05770	0.03135	0.11381	0.01459	0.02005	0.04149	0.03659	0.16791	0.04963	0.28218	0.02058	0.02230	0.01489	0.01091	0.04914	0.00267	0.00795	0.03965	0.00626	0.01034
60	0.03412	0.13757	0.06625	0.06538	0.02143	0.03679	0.11401	0.07095	0.05559	0.07808	0.01994	0.17463	0.01890	0.03605	0.00853	0.00238	0.03717	0.00895	0.00481	0.00846
61	0.01495	0.01487	0.11752	0.03634	0.08972	0.01218	0.07021	0.09927	0.01692	0.06935	0.02575	0.12381	0.07031	0.03819	0.05880	0.00315	0.00801	0.11712	0.00517	0.00837
62	0.01420	0.01663	0.15238	0.04310	0.01860	0.05613	0.01262	0.10166	0.08757	0.02316	0.09321	0.05953	0.06995	0.04517	0.17081	0.00432	0.00968	0.00819	0.00493	0.00815
63	0.01877	0.06012	0.08644	0.06956	0.12234	0.09835	0.15098	0.11247	0.04958	0.05515	0.01458	0.01708	0.01115	0.00696	0.00715	0.00204	0.03074	0.00612	0.03898	0.04145
64	0.03838	0.08804	0.17187	0.03686	0.02064	0.12200	0.01392	0.09917	0.12331	0.04757	0.02189	0.02394	0.08610	0.03483	0.00752	0.00222	0.00785	0.02182	0.00480	0.02728
65	0.04691	0.05499	0.09588	0.09568	0.07654	0.08966	0.16869	0.07845	0.01696	0.05427	0.02009	0.08404	0.07017	0.00876	0.00706	0.00217	0.00861	0.00792	0.00437	0.00876
66	0.04931	0.04216	0.15433	0.01862	0.08383	0.10166	0.06046	0.09837	0.11501	0.08973	0.01590	0.01708	0.01190	0.00739	0.00728	0.00205	0.04534	0.00582	0.00472	0.06903

[dist]
# distance from previous block
# <min> <max>
2	57

[block]
# block no. 6 follows, 31 sequences, length 15
# corresponding to MSA columns:
# 848-862
name=unknown_G
#
# <colnr> <probs for GDERKNQSTAVLIFYWHMCP>
#	G	D	E	R	K	N	Q	S	T	A	V	L	I	F	Y	W	H	M	C	P
0	0.00976	0.00819	0.00860	0.00879	0.01049	0.03886	0.00644	0.01197	0.03406	0.01873	0.10421	0.16660	0.35221	0.09670	0.04609	0.00328	0.00522	0.05792	0.00598	0.00591
1	0.09529	0.20204	0.14581	0.11103	0.05508	0.05456	0.03826	0.07514	0.01578	0.06185	0.01331	0.04303	0.01092	0.00744	0.00675	0.00203	0.04315	0.00562	0.00390	0.00900
2	0.01780	0.28837	0.20547	0.01564	0.04758	0.04668	0.01535	0.14899	0.01795	0.02361	0.05350	0.01650	0.01315	0.00975	0.04977	0.00241	0.00872	0.00535	0.00402	0.00942
3	0.01567	0.01490	0.02537	0.10574	0.33162	0.01517	0.14594	0.06075	0.05663	0.02272	0.01909	0.09130	0.04714	0.00843	0.00729	0.00221	0.00807	0.00825	0.00421	0.00949
4	0.14914	0.25371	0.15271	0.01466	0.02056	0.08509	0.05126	0.10243	0.04226	0.02367	0.01288	0.03991	0.01072	0.00713	0.00566	0.00192	0.00802	0.00525	0.00396	0.00905
5	0.08203	0.01641	0.09443	0.03016	0.09620	0.04599	0.05895	0.14828	0.01910	0.05707	0.15511	0.05974	0.05993	0.00978	0.00762	0.00218	0.03458	0.00818	0.00538	0.00887
6	0.01597	0.08516	0.28843	0.01906	0.07532	0.01582	0.08655	0.09742	0.04330	0.04794	0.01814	0.09671	0.01604	0.00912	0.00701	0.00223	0.00835	0.05357	0.00439	0.00948
7	0.01065	0.00895	0.01016	0.01063	0.03662	0.03876	0.00759	0.01384	0.05260	0.02145	0.21000	0.20785	0.21908	0.01558	0.00798	0.00234	0.00448	0.06452	0.00632	0.05058
