[name]
unknown

[dist]
# distance from previous block
# <min> <max>
4	48

[block]
# block no. 0 follows, 34 sequences, length 78
# corresponding to MSA columns:
# 83-160
name=unknown_A
#
# <colnr> <probs for GDERKNQSTAVLIFYWHMCP>
#	G	D	E	R	K	N	Q	S	T	A	V	L	I	F	Y	W	H	M	C	P
0	0.01566	0.06996	0.05725	0.03330	0.01677	0.06194	0.03022	0.12026	0.01684	0.08421	0.02353	0.09354	0.02332	0.07696	0.00950	0.00268	0.00683	0.24446	0.00527	0.00752
1	0.03584	0.01863	0.12933	0.01449	0.01967	0.08007	0.03151	0.24638	0.08286	0.12660	0.03377	0.02199	0.01494	0.00826	0.00650	0.00201	0.00725	0.06398	0.00553	0.05038
2	0.01818	0.04270	0.08332	0.04292	0.13568	0.01489	0.01325	0.24116	0.03960	0.06651	0.03451	0.01793	0.01276	0.00698	0.00608	0.00176	0.00667	0.02428	0.00486	0.18596
3	0.01393	0.01388	0.07871	0.01435	0.04290	0.01125	0.10874	0.10161	0.01595	0.02296	0.06875	0.11348	0.01794	0.00945	0.03118	0.00199	0.00660	0.00729	0.00447	0.31458
4	0.00914	0.00660	0.00864	0.00813	0.00965	0.00610	0.00610	0.01219	0.01829	0.02591	0.72921	0.04827	0.06097	0.01321	0.00762	0.00203	0.00305	0.01169	0.00711	0.00610
5	0.01161	0.01235	0.07326	0.04336	0.17203	0.04482	0.05666	0.01426	0.01340	0.01803	0.02435	0.41383	0.02704	0.01365	0.00782	0.00234	0.02705	0.01239	0.00463	0.00712
6	0.00938	0.00634	0.00744	0.00744	0.00757	0.00648	0.00440	0.00965	0.00951	0.01282	0.02000	0.04032	0.02264	0.68863	0.11601	0.00674	0.00755	0.00911	0.00386	0.00413
7	0.11768	0.01560	0.01776	0.08046	0.11086	0.08382	0.03487	0.08457	0.24628	0.06309	0.01690	0.01786	0.01285	0.00759	0.00721	0.00209	0.06052	0.00593	0.00490	0.00915
8	0.01107	0.00826	0.01004	0.00940	0.01144	0.00832	0.00717	0.01726	0.16869	0.04247	0.49959	0.06947	0.06490	0.01260	0.00743	0.00212	0.00367	0.03212	0.00692	0.00705
9	0.01624	0.08261	0.02774	0.09336	0.14960	0.14789	0.27939	0.01996	0.01506	0.01866	0.01378	0.07962	0.01218	0.00708	0.00673	0.00201	0.00931	0.00706	0.00342	0.00828
10	0.14623	0.44340	0.04616	0.01213	0.01713	0.14512	0.01112	0.07934	0.01515	0.01982	0.00979	0.01114	0.00832	0.00600	0.00466	0.00159	0.00750	0.00382	0.00337	0.00822
11	0.01497	0.01276	0.01398	0.01308	0.03545	0.01447	0.00984	0.03042	0.58980	0.02669	0.13757	0.02772	0.02601	0.00939	0.00674	0.00216	0.00486	0.00796	0.00657	0.00957
12	0.02829	0.01212	0.01569	0.01203	0.01706	0.01117	0.00994	0.13945	0.02038	0.62647	0.02391	0.02096	0.01520	0.00796	0.00649	0.00199	0.00575	0.00639	0.00775	0.01099
13	0.01220	0.01148	0.01938	0.75739	0.04450	0.01436	0.01794	0.01651	0.01292	0.01651	0.01148	0.01723	0.00861	0.00646	0.00646	0.00215	0.00861	0.00574	0.00287	0.00718
14	0.00914	0.00695	0.00917	0.06777	0.01230	0.00664	0.00688	0.01204	0.01718	0.02370	0.55879	0.07093	0.14765	0.01333	0.00755	0.00208	0.00355	0.01169	0.00659	0.00607
15	0.00875	0.00659	0.00810	0.00772	0.00941	0.00593	0.00579	0.01144	0.01737	0.02372	0.55740	0.05187	0.23414	0.01403	0.00762	0.00207	0.00311	0.01219	0.00682	0.00593
16	0.01615	0.01379	0.01459	0.01305	0.01668	0.01589	0.01017	0.05738	0.67404	0.02747	0.04859	0.02458	0.02075	0.00887	0.00660	0.00218	0.00512	0.00739	0.00659	0.01012
17	0.00787	0.00562	0.00750	0.00900	0.00937	0.00525	0.00600	0.00900	0.01237	0.01649	0.03561	0.76871	0.04274	0.02024	0.00825	0.00262	0.00375	0.01837	0.00600	0.00525
18	0.02285	0.09195	0.01937	0.01573	0.01940	0.56968	0.01214	0.07297	0.08218	0.01848	0.01175	0.01293	0.00953	0.00683	0.00579	0.00171	0.01035	0.00450	0.00379	0.00805
19	0.01220	0.01148	0.01938	0.75739	0.04450	0.01436	0.01794	0.01651	0.01292	0.01651	0.01148	0.01723	0.00861	0.00646	0.00646	0.00215	0.00861	0.00574	0.00287	0.00718
20	0.01491	0.01180	0.01378	0.01001	0.01556	0.00941	0.00804	0.06706	0.01503	0.06033	0.03231	0.01497	0.01143	0.00540	0.00507	0.00111	0.00494	0.00433	0.00433	0.69016
21	0.01665	0.02203	0.22582	0.04761	0.31801	0.09776	0.09386	0.02137	0.01505	0.06237	0.01262	0.01538	0.00969	0.00608	0.00640	0.00197	0.00890	0.00555	0.00336	0.00953
22	0.01599	0.01535	0.02623	0.03966	0.73262	0.01535	0.01983	0.01983	0.01471	0.02111	0.01215	0.01599	0.01023	0.00576	0.00640	0.00192	0.00768	0.00576	0.00320	0.01023
23	0.00787	0.00562	0.00750	0.00900	0.00937	0.00525	0.00600	0.00900	0.01237	0.01649	0.03561	0.76871	0.04274	0.02024	0.00825	0.00262	0.00375	0.01837	0.00600	0.00525
24	0.02414	0.03079	0.01831	0.01665	0.01998	0.74698	0.01248	0.02580	0.01831	0.01581	0.00999	0.01165	0.00832	0.00666	0.00583	0.00166	0.01165	0.00416	0.00333	0.00749
25	0.02899	0.01100	0.01499	0.01150	0.01649	0.00950	0.00950	0.03149	0.01849	0.73709	0.02549	0.02199	0.01599	0.00800	0.00650	0.00200	0.00550	0.00650	0.00800	0.01100
26	0.00784	0.00574	0.00738	0.00870	0.00929	0.00527	0.00586	0.00903	0.01266	0.01661	0.03928	0.68181	0.12727	0.01977	0.00817	0.00257	0.00369	0.01779	0.00600	0.00527
27	0.02316	0.14273	0.02086	0.01551	0.01947	0.52130	0.01223	0.13368	0.01944	0.01968	0.01071	0.01207	0.00874	0.00666	0.00567	0.00167	0.01021	0.00432	0.00374	0.00817
28	0.03920	0.01452	0.06651	0.01302	0.01633	0.04215	0.01084	0.02655	0.41187	0.03864	0.08155	0.02425	0.02037	0.03569	0.06015	0.00289	0.07396	0.00714	0.00554	0.00885
29	0.03320	0.12890	0.52577	0.01788	0.04154	0.03571	0.06365	0.02005	0.01372	0.01975	0.01202	0.03772	0.00944	0.00647	0.00598	0.00197	0.00900	0.00519	0.00293	0.00909
30	0.01020	0.00737	0.01011	0.01148	0.01302	0.00728	0.00998	0.01307	0.01486	0.01919	0.03665	0.07205	0.09120	0.01773	0.00882	0.00291	0.00574	0.63646	0.00595	0.00591
31	0.01424	0.00828	0.00852	0.00773	0.00991	0.00868	0.00599	0.13005	0.04115	0.02692	0.02035	0.02268	0.01576	0.00761	0.00491	0.00160	0.00376	0.00603	0.64885	0.00699
32	0.01912	0.06469	0.19925	0.03833	0.09043	0.05613	0.03760	0.20002	0.03807	0.10450	0.01414	0.01553	0.01039	0.00724	0.00757	0.00202	0.07531	0.00548	0.00449	0.00967
33	0.02081	0.01505	0.04257	0.01473	0.04227	0.04060	0.05031	0.31717	0.02238	0.16817	0.07653	0.08702	0.01971	0.00953	0.00687	0.00208	0.00660	0.04184	0.00622	0.00952
34	0.00929	0.00705	0.00885	0.00966	0.01141	0.00661	0.00808	0.01176	0.01501	0.01900	0.08585	0.06743	0.30061	0.01702	0.00836	0.00262	0.00477	0.39481	0.00604	0.00577
35	0.00880	0.00613	0.00723	0.00765	0.00799	0.00596	0.00471	0.00934	0.01074	0.01416	0.02864	0.24731	0.09289	0.47128	0.04516	0.00500	0.00562	0.01222	0.00468	0.00448
36	0.01668	0.08291	0.04587	0.01714	0.11388	0.11334	0.07784	0.04989	0.01521	0.04212	0.01183	0.01400	0.00958	0.00574	0.00596	0.00150	0.02707	0.00471	0.00371	0.34102
37	0.01573	0.01288	0.01384	0.01242	0.01590	0.01457	0.00966	0.03145	0.60657	0.05640	0.09031	0.02737	0.04550	0.00937	0.00670	0.00217	0.00489	0.00786	0.00666	0.00974
38	0.00825	0.00590	0.00792	0.00933	0.00989	0.00556	0.00656	0.00969	0.01294	0.01725	0.06451	0.64992	0.04279	0.01964	0.00831	0.00264	0.00400	0.10348	0.00604	0.00537
39	0.01859	0.02212	0.04254	0.01970	0.06668	0.34034	0.19260	0.03808	0.03695	0.01937	0.07775	0.04277	0.01515	0.00755	0.00708	0.00195	0.03241	0.00651	0.00387	0.00798
40	0.01296	0.03342	0.73944	0.01842	0.02797	0.01501	0.02387	0.02046	0.01364	0.02046	0.01160	0.01364	0.00818	0.00614	0.00614	0.00205	0.00955	0.00477	0.00273	0.00955
41	0.00933	0.00683	0.01012	0.01012	0.01116	0.00787	0.00774	0.01128	0.01024	0.01469	0.01718	0.02599	0.01630	0.08506	0.67578	0.04817	0.01618	0.00699	0.00345	0.00553
42	0.02633	0.01396	0.01670	0.01286	0.01781	0.01401	0.01060	0.32973	0.02371	0.40518	0.04643	0.02009	0.01541	0.00808	0.00652	0.00197	0.00612	0.00639	0.00729	0.01082
43	0.01599	0.01535	0.02623	0.03966	0.73262	0.01535	0.01983	0.01983	0.01471	0.02111	0.01215	0.01599	0.01023	0.00576	0.00640	0.00192	0.00768	0.00576	0.00320	0.01023
44	0.02456	0.01810	0.01939	0.01487	0.02004	0.02004	0.01228	0.71107	0.03038	0.04072	0.01551	0.01551	0.01099	0.00776	0.00646	0.00194	0.00711	0.00582	0.00646	0.01099
45	0.07338	0.50371	0.04831	0.01420	0.06626	0.06311	0.03578	0.05539	0.05329	0.01886	0.01075	0.01218	0.00915	0.00594	0.00481	0.00160	0.00721	0.00416	0.00332	0.00858
46	0.01493	0.00936	0.01124	0.01002	0.01261	0.00940	0.00778	0.10672	0.09547	0.12968	0.29055	0.11761	0.03637	0.01162	0.00699	0.00207	0.00430	0.02798	0.08752	0.00778
47	0.02190	0.01733	0.01525	0.01314	0.01703	0.22229	0.01026	0.04676	0.22616	0.24314	0.02433	0.02281	0.07369	0.00853	0.00642	0.00197	0.00700	0.00664	0.00604	0.00931
48	0.02229	0.04552	0.02142	0.01849	0.04126	0.59295	0.09986	0.02449	0.01741	0.01655	0.01036	0.01255	0.00857	0.00662	0.00657	0.00177	0.03764	0.00467	0.00329	0.00772
49	0.00833	0.00597	0.00793	0.00885	0.00960	0.00557	0.00618	0.01006	0.01414	0.01928	0.23285	0.53873	0.04772	0.01816	0.00809	0.00247	0.00363	0.04061	0.00631	0.00551
50	0.00835	0.00657	0.00753	0.00729	0.00916	0.00576	0.00547	0.01065	0.01641	0.02144	0.37821	0.05562	0.41476	0.01488	0.00763	0.00211	0.00317	0.01272	0.00652	0.00576
51	0.00818	0.00644	0.00740	0.00755	0.00923	0.00566	0.00558	0.01017	0.01534	0.01971	0.24466	0.17300	0.41138	0.01616	0.00777	0.00224	0.00337	0.03425	0.00631	0.00562
52	0.00823	0.00614	0.00754	0.00824	0.00928	0.00561	0.00580	0.00979	0.01379	0.01805	0.14880	0.39428	0.21902	0.07050	0.00974	0.00269	0.00380	0.04731	0.00602	0.00537
53	0.01688	0.11085	0.05940	0.08114	0.46560	0.11840	0.01780	0.02041	0.01485	0.01931	0.01139	0.01468	0.00952	0.00592	0.00604	0.00184	0.00829	0.00521	0.00312	0.00937
54	0.02456	0.01810	0.01939	0.01487	0.02004	0.02004	0.01228	0.71107	0.03038	0.04072	0.01551	0.01551	0.01099	0.00776	0.00646	0.00194	0.00711	0.00582	0.00646	0.01099
55	0.02364	0.04128	0.01781	0.01338	0.01810	0.03720	0.01102	0.45265	0.02570	0.18440	0.09124	0.01999	0.01706	0.00827	0.00649	0.00193	0.00647	0.00644	0.00664	0.01029
56	0.04643	0.07400	0.01753	0.01408	0.01776	0.41462	0.01101	0.14364	0.01925	0.06127	0.01312	0.01436	0.01022	0.00694	0.00564	0.00170	0.00890	0.00475	0.10665	0.00815
57	0.07968	0.01516	0.02202	0.03273	0.04423	0.01557	0.18909	0.26177	0.02007	0.13408	0.01570	0.01822	0.01174	0.05496	0.00850	0.00227	0.02432	0.00635	0.00518	0.03833
58	0.06773	0.01175	0.01378	0.01101	0.05117	0.00935	0.00822	0.01663	0.01330	0.02159	0.01135	0.01333	0.00943	0.00492	0.00481	0.00108	0.00494	0.00390	0.00381	0.71789
59	0.01255	0.01184	0.02001	0.69156	0.10762	0.01445	0.01812	0.01681	0.01308	0.01693	0.01155	0.01711	0.00876	0.00640	0.00645	0.00213	0.00853	0.00574	0.00290	0.00746
60	0.02636	0.01521	0.01761	0.01350	0.01860	0.01576	0.01115	0.43517	0.02555	0.32344	0.01956	0.01814	0.01302	0.00785	0.00648	0.00196	0.00646	0.00609	0.00709	0.01099
61	0.00907	0.00615	0.00727	0.00768	0.00783	0.00606	0.00464	0.00944	0.01030	0.01372	0.02450	0.21737	0.02858	0.56627	0.02615	0.00528	0.00565	0.03526	0.00449	0.00431
62	0.01204	0.00602	0.00602	0.00602	0.00753	0.00602	0.00452	0.01506	0.01355	0.02409	0.02108	0.02409	0.01656	0.00753	0.00452	0.00151	0.00301	0.00602	0.80879	0.00602
63	0.02861	0.01160	0.01537	0.01178	0.01680	0.01039	0.00973	0.08938	0.01951	0.67777	0.02464	0.02144	0.01557	0.00798	0.00649	0.00199	0.00564	0.00644	0.00787	0.01100
64	0.81856	0.01250	0.00950	0.00850	0.01250	0.01449	0.00700	0.01899	0.01100	0.02899	0.00900	0.01050	0.00700	0.00600	0.00400	0.00200	0.00500	0.00350	0.00400	0.00700
65	0.81856	0.01250	0.00950	0.00850	0.01250	0.01449	0.00700	0.01899	0.01100	0.02899	0.00900	0.01050	0.00700	0.00600	0.00400	0.00200	0.00500	0.00350	0.00400	0.00700
66	0.01727	0.77681	0.03386	0.01106	0.01658	0.02557	0.01106	0.01935	0.01313	0.01520	0.00898	0.01036	0.00829	0.00553	0.00415	0.00138	0.00691	0.00345	0.00276	0.00829
67	0.00901	0.00660	0.00845	0.00799	0.00957	0.00604	0.00599	0.01193	0.01797	0.02515	0.66989	0.04951	0.12076	0.01349	0.00762	0.00205	0.00307	0.01186	0.00701	0.00604
68	0.02614	0.01096	0.01451	0.01132	0.01589	0.00985	0.00927	0.07945	0.01935	0.59490	0.11433	0.02486	0.02135	0.00864	0.00664	0.00200	0.00531	0.00711	0.00777	0.01037
69	0.01874	0.01311	0.01775	0.01572	0.06413	0.01360	0.09236	0.08471	0.28730	0.19017	0.02340	0.08869	0.01852	0.03201	0.00760	0.00227	0.00613	0.00798	0.00616	0.00966
70	0.00929	0.00662	0.00867	0.00844	0.00991	0.00618	0.00643	0.01225	0.01759	0.02487	0.61672	0.07994	0.05674	0.01375	0.00767	0.00213	0.00334	0.07234	0.03106	0.00605
71	0.02831	0.01140	0.01516	0.01170	0.01665	0.01019	0.00964	0.06009	0.04563	0.68097	0.02510	0.02180	0.01593	0.00802	0.00650	0.00200	0.00555	0.00650	0.00788	0.01097
72	0.01523	0.01576	0.12471	0.01900	0.16186	0.05490	0.05956	0.03827	0.07379	0.09481	0.06332	0.13301	0.05548	0.01016	0.00699	0.00216	0.00680	0.05074	0.00494	0.00851
73	0.01665	0.05682	0.04994	0.01516	0.01891	0.08409	0.16114	0.07551	0.03822	0.10356	0.01788	0.10375	0.01582	0.05404	0.04381	0.04339	0.03655	0.00766	0.04930	0.00780
74	0.02086	0.05332	0.01681	0.01483	0.01783	0.53419	0.01124	0.02316	0.04141	0.03843	0.03514	0.10401	0.01564	0.00896	0.00627	0.00186	0.00966	0.03492	0.00409	0.00736
75	0.01058	0.00879	0.01262	0.08013	0.10104	0.00869	0.03313	0.03383	0.03259	0.01885	0.06220	0.33191	0.12941	0.04513	0.00852	0.00246	0.00515	0.03269	0.00520	0.03709
76	0.02119	0.04248	0.14573	0.08268	0.06921	0.19421	0.01439	0.09240	0.01776	0.21008	0.01683	0.01738	0.03244	0.00721	0.00622	0.00192	0.00828	0.00556	0.00478	0.00924
77	0.49719	0.04642	0.01561	0.01548	0.13243	0.06685	0.04612	0.01923	0.01254	0.02486	0.01192	0.01392	0.03529	0.00653	0.00544	0.00198	0.03219	0.00459	0.00377	0.00765

[dist]
# distance from previous block
# <min> <max>
1	6

[block]
# block no. 1 follows, 34 sequences, length 131
# corresponding to MSA columns:
# 169-299
name=unknown_B
#
# <colnr> <probs for GDERKNQSTAVLIFYWHMCP>
#	G	D	E	R	K	N	Q	S	T	A	V	L	I	F	Y	W	H	M	C	P
0	0.01302	0.03972	0.01254	0.01220	0.07462	0.01004	0.00819	0.05502	0.07532	0.07531	0.08318	0.11202	0.09122	0.20569	0.08020	0.00391	0.02637	0.00946	0.00512	0.00686
1	0.03876	0.21367	0.16424	0.04765	0.14154	0.06196	0.01505	0.07651	0.01605	0.12410	0.03348	0.01548	0.01140	0.00656	0.00573	0.00182	0.00757	0.00510	0.00407	0.00928
2	0.01540	0.10728	0.04202	0.09953	0.29167	0.03115	0.07423	0.05808	0.01510	0.03935	0.05367	0.01853	0.01352	0.01171	0.09836	0.00296	0.00893	0.00608	0.00368	0.00875
3	0.02347	0.01545	0.01815	0.01394	0.01885	0.01621	0.03882	0.46394	0.02579	0.18105	0.07655	0.01957	0.01607	0.00807	0.00656	0.00194	0.00652	0.00645	0.00662	0.03599
4	0.01208	0.07349	0.01438	0.05815	0.03809	0.05155	0.05842	0.01487	0.03357	0.05543	0.12963	0.16119	0.22520	0.01373	0.02920	0.00237	0.00570	0.01088	0.00529	0.00677
5	0.01585	0.11970	0.36410	0.03917	0.13878	0.08688	0.03676	0.02182	0.05461	0.04522	0.01257	0.01450	0.00953	0.00626	0.00599	0.00192	0.00874	0.00501	0.00329	0.00931
6	0.00925	0.00624	0.00735	0.00751	0.00774	0.00623	0.00454	0.00975	0.01039	0.01415	0.06044	0.12999	0.02729	0.58067	0.06846	0.00571	0.00633	0.01040	0.02320	0.00435
7	0.00940	0.00626	0.00705	0.00705	0.00705	0.00626	0.00392	0.00940	0.00940	0.01253	0.02036	0.04228	0.02349	0.77292	0.03289	0.00626	0.00626	0.00940	0.00392	0.00392
8	0.01495	0.01687	0.09761	0.02158	0.10670	0.01532	0.27018	0.02471	0.26217	0.02300	0.04191	0.02163	0.03785	0.00731	0.00696	0.00214	0.00787	0.00733	0.00457	0.00932
9	0.05352	0.06378	0.02193	0.01714	0.06473	0.03730	0.13094	0.19345	0.01904	0.21299	0.01688	0.04682	0.01270	0.00785	0.00769	0.00205	0.06976	0.00650	0.00537	0.00956
10	0.01296	0.03342	0.73944	0.01842	0.02797	0.01501	0.02387	0.02046	0.01364	0.02046	0.01160	0.01364	0.00818	0.00614	0.00614	0.00205	0.00955	0.00477	0.00273	0.00955
11	0.00923	0.00692	0.01038	0.01038	0.01154	0.00808	0.00808	0.01154	0.01038	0.01500	0.01731	0.02538	0.01615	0.04846	0.74732	0.01038	0.01731	0.00692	0.00346	0.00577
12	0.02386	0.01775	0.01899	0.01472	0.01977	0.01971	0.01211	0.65492	0.08768	0.03959	0.01641	0.01623	0.01171	0.00784	0.00647	0.00196	0.00694	0.00594	0.00647	0.01093
13	0.00845	0.00614	0.00805	0.00935	0.00998	0.00589	0.00649	0.01050	0.04305	0.01748	0.05977	0.66252	0.04201	0.01933	0.00820	0.00261	0.00394	0.06464	0.00606	0.00554
14	0.02376	0.07156	0.01916	0.01634	0.01979	0.70756	0.01241	0.02545	0.01803	0.01578	0.00993	0.01158	0.00832	0.00660	0.00573	0.00165	0.01139	0.00412	0.00330	0.00753
15	0.01010	0.00628	0.00809	0.00836	0.00877	0.00625	0.00550	0.01024	0.01049	0.03769	0.02248	0.18804	0.02510	0.36061	0.08248	0.15031	0.00648	0.04391	0.00435	0.00448
16	0.01355	0.01260	0.02458	0.01914	0.02325	0.01189	0.37732	0.01774	0.03710	0.06433	0.02269	0.24455	0.02251	0.01111	0.00781	0.00237	0.00785	0.06727	0.00470	0.00765
17	0.00822	0.00594	0.00779	0.00914	0.00978	0.00557	0.00643	0.00959	0.01279	0.01682	0.03722	0.60650	0.09238	0.04047	0.00897	0.00274	0.00407	0.10433	0.00593	0.00532
18	0.02899	0.01100	0.01499	0.01150	0.01649	0.00950	0.00950	0.03149	0.01849	0.73709	0.02549	0.02199	0.01599	0.00800	0.00650	0.00200	0.00550	0.00650	0.00800	0.01100
19	0.01682	0.01396	0.01481	0.01316	0.01692	0.01602	0.01029	0.06121	0.67100	0.05024	0.02584	0.02370	0.01926	0.00870	0.00657	0.00218	0.00521	0.00722	0.00662	0.01028
20	0.00936	0.00685	0.00983	0.01005	0.01106	0.00766	0.00771	0.01138	0.01085	0.01522	0.02034	0.05617	0.02054	0.14603	0.53487	0.00867	0.01396	0.09003	0.00390	0.00551
21	0.07269	0.13919	0.06015	0.01351	0.01799	0.21812	0.06259	0.01967	0.01472	0.03884	0.01411	0.10941	0.01320	0.00770	0.00570	0.00169	0.00767	0.00611	0.00382	0.17312
22	0.01534	0.01469	0.02505	0.16253	0.61482	0.01518	0.01951	0.01926	0.01441	0.02032	0.01204	0.01620	0.00996	0.00588	0.00641	0.00196	0.00784	0.00575	0.00314	0.00971
23	0.01381	0.01147	0.01344	0.00962	0.01534	0.00864	0.00771	0.01667	0.01353	0.04012	0.01186	0.01363	0.00974	0.00487	0.00483	0.00098	0.00480	0.00390	0.00394	0.79109
24	0.00850	0.00677	0.00764	0.00739	0.00933	0.00601	0.00555	0.01118	0.03544	0.02125	0.34171	0.05533	0.43113	0.01484	0.00760	0.00212	0.00323	0.01265	0.00648	0.00585
25	0.00881	0.00659	0.00818	0.00778	0.00945	0.00596	0.00584	0.01155	0.01751	0.02405	0.58297	0.05133	0.20836	0.01390	0.00762	0.00207	0.00310	0.01212	0.00687	0.00596
26	0.02218	0.01249	0.01489	0.01205	0.01626	0.01267	0.00973	0.18529	0.16041	0.32021	0.13805	0.02520	0.02291	0.00894	0.00669	0.00203	0.00539	0.00735	0.00722	0.01004
27	0.00834	0.00631	0.00710	0.00736	0.00845	0.00583	0.00496	0.00939	0.01232	0.01554	0.04269	0.18037	0.33627	0.26551	0.05754	0.00405	0.00512	0.01273	0.00518	0.00493
28	0.01041	0.00744	0.01041	0.01190	0.01339	0.00744	0.01041	0.01339	0.01487	0.01934	0.03421	0.07288	0.03719	0.01785	0.00892	0.00297	0.00595	0.68913	0.00595	0.00595
29	0.01770	0.73096	0.03290	0.01140	0.01679	0.06991	0.01114	0.01974	0.01345	0.01524	0.00904	0.01044	0.00829	0.00560	0.00425	0.00140	0.00720	0.00350	0.00280	0.00824
30	0.81856	0.01250	0.00950	0.00850	0.01250	0.01449	0.00700	0.01899	0.01100	0.02899	0.00900	0.01050	0.00700	0.00600	0.00400	0.00200	0.00500	0.00350	0.00400	0.00700
31	0.00764	0.00655	0.00655	0.00655	0.00873	0.00545	0.00491	0.00927	0.01473	0.01745	0.06546	0.06218	0.73000	0.01636	0.00764	0.00218	0.00327	0.01364	0.00600	0.00545
32	0.01607	0.01388	0.01461	0.01315	0.01680	0.01607	0.01023	0.03433	0.72094	0.02703	0.02630	0.02411	0.01972	0.00877	0.00657	0.00219	0.00511	0.00731	0.00657	0.01023
33	0.01032	0.00741	0.01029	0.01173	0.01324	0.00737	0.01023	0.01325	0.01487	0.01928	0.03523	0.07254	0.05973	0.01780	0.00888	0.00295	0.00586	0.66714	0.00595	0.00593
34	0.81856	0.01250	0.00950	0.00850	0.01250	0.01449	0.00700	0.01899	0.01100	0.02899	0.00900	0.01050	0.00700	0.00600	0.00400	0.00200	0.00500	0.00350	0.00400	0.00700
35	0.81856	0.01250	0.00950	0.00850	0.01250	0.01449	0.00700	0.01899	0.01100	0.02899	0.00900	0.01050	0.00700	0.00600	0.00400	0.00200	0.00500	0.00350	0.00400	0.00700
36	0.81856	0.01250	0.00950	0.00850	0.01250	0.01449	0.00700	0.01899	0.01100	0.02899	0.00900	0.01050	0.00700	0.00600	0.00400	0.00200	0.00500	0.00350	0.00400	0.00700
37	0.00914	0.00660	0.00864	0.00813	0.00965	0.00610	0.00610	0.01219	0.01829	0.02591	0.72921	0.04827	0.06097	0.01321	0.00762	0.00203	0.00305	0.01169	0.00711	0.00610
38	0.81856	0.01250	0.00950	0.00850	0.01250	0.01449	0.00700	0.01899	0.01100	0.02899	0.00900	0.01050	0.00700	0.00600	0.00400	0.00200	0.00500	0.00350	0.00400	0.00700
39	0.00793	0.00571	0.00753	0.00887	0.00937	0.00530	0.00597	0.00918	0.01277	0.01703	0.07387	0.70614	0.06694	0.01973	0.00819	0.00258	0.00369	0.01785	0.00606	0.00530
40	0.02401	0.01528	0.01711	0.01332	0.01807	0.01627	0.01093	0.46919	0.05414	0.19524	0.04136	0.01885	0.01438	0.00801	0.00640	0.00194	0.00630	0.00623	0.05245	0.01052
41	0.00970	0.00826	0.00856	0.00818	0.01067	0.00797	0.00622	0.01530	0.17993	0.02020	0.09624	0.05245	0.52382	0.01440	0.00739	0.00218	0.00369	0.01204	0.00620	0.00661
42	0.01414	0.01414	0.01979	0.01696	0.01696	0.01979	0.01414	0.01555	0.00990	0.01555	0.00848	0.01414	0.00848	0.01131	0.02120	0.00283	0.76110	0.00565	0.00283	0.00707
43	0.01586	0.01317	0.01314	0.01164	0.01470	0.09204	0.00902	0.08139	0.27867	0.07214	0.26582	0.03134	0.05331	0.01016	0.00687	0.00205	0.00525	0.00848	0.00647	0.00848
44	0.01325	0.01132	0.01324	0.00952	0.01512	0.00853	0.00760	0.01613	0.01356	0.02122	0.03574	0.01458	0.01131	0.00507	0.00488	0.00099	0.00473	0.00409	0.00394	0.78517
45	0.00940	0.00626	0.00705	0.00705	0.00705	0.00626	0.00392	0.00940	0.00940	0.01253	0.02036	0.04228	0.02349	0.77292	0.03289	0.00626	0.00626	0.00940	0.00392	0.00392
46	0.01220	0.01148	0.01938	0.75739	0.04450	0.01436	0.01794	0.01651	0.01292	0.01651	0.01148	0.01723	0.00861	0.00646	0.00646	0.00215	0.00861	0.00574	0.00287	0.00718
47	0.00828	0.00657	0.00744	0.00722	0.00912	0.00573	0.00542	0.01052	0.01625	0.02106	0.34827	0.05625	0.44494	0.01502	0.00763	0.00212	0.00318	0.01281	0.00647	0.00573
48	0.02869	0.01148	0.01529	0.01173	0.01674	0.01022	0.00969	0.07788	0.01930	0.68955	0.02481	0.02155	0.01565	0.00798	0.00650	0.00200	0.00561	0.00645	0.00789	0.01100
49	0.01691	0.01430	0.01508	0.01332	0.01712	0.01646	0.01043	0.10114	0.65277	0.02838	0.02523	0.02326	0.01886	0.00867	0.00656	0.00217	0.00531	0.00716	0.00656	0.01030
50	0.01301	0.03306	0.72353	0.01862	0.02810	0.01504	0.03943	0.02047	0.01368	0.02047	0.01163	0.01373	0.00822	0.00612	0.00617	0.00205	0.00958	0.00484	0.00274	0.00953
51	0.02160	0.02664	0.01732	0.01576	0.01850	0.60219	0.01187	0.02319	0.01665	0.01556	0.01089	0.01439	0.00966	0.05244	0.05319	0.00254	0.07238	0.00474	0.00333	0.00715
52	0.01607	0.01388	0.01461	0.01315	0.01680	0.01607	0.01023	0.03433	0.72094	0.02703	0.02630	0.02411	0.01972	0.00877	0.00657	0.00219	0.00511	0.00731	0.00657	0.01023
53	0.01483	0.01409	0.02390	0.16987	0.56499	0.01459	0.01870	0.01860	0.01425	0.02000	0.01336	0.05901	0.01178	0.00671	0.00651	0.00200	0.00763	0.00647	0.00330	0.00939
54	0.01110	0.00561	0.00838	0.00844	0.00845	0.00560	0.00563	0.00844	0.00856	0.01141	0.01209	0.04627	0.01234	0.02237	0.02465	0.78324	0.00555	0.00607	0.00292	0.00289
55	0.02703	0.01069	0.01417	0.01102	0.01564	0.00946	0.00905	0.05135	0.01834	0.63839	0.02470	0.02201	0.01590	0.00794	0.00628	0.00194	0.00528	0.00643	0.09392	0.01046
56	0.01041	0.00744	0.01041	0.01190	0.01339	0.00744	0.01041	0.01339	0.01487	0.01934	0.03421	0.07288	0.03719	0.01785	0.00892	0.00297	0.00595	0.68913	0.00595	0.00595
57	0.01340	0.01148	0.01340	0.00957	0.01531	0.00861	0.00766	0.01627	0.01340	0.02105	0.01148	0.01340	0.00957	0.00479	0.00479	0.00096	0.00479	0.00383	0.00383	0.81242
58	0.01296	0.03342	0.73944	0.01842	0.02797	0.01501	0.02387	0.02046	0.01364	0.02046	0.01160	0.01364	0.00818	0.00614	0.00614	0.00205	0.00955	0.00477	0.00273	0.00955
59	0.01166	0.00868	0.01114	0.01190	0.01375	0.00903	0.00999	0.05529	0.10784	0.02123	0.03227	0.14326	0.03405	0.01636	0.00840	0.00277	0.00565	0.48395	0.00607	0.00672
60	0.01776	0.70149	0.06295	0.01140	0.01707	0.02420	0.01152	0.02009	0.01346	0.05647	0.01003	0.01117	0.00873	0.00569	0.00436	0.00145	0.00694	0.00368	0.00306	0.00850
61	0.00764	0.00655	0.00655	0.00655	0.00873	0.00545	0.00491	0.00927	0.01473	0.01745	0.06546	0.06218	0.73000	0.01636	0.00764	0.00218	0.00327	0.01364	0.00600	0.00545
62	0.81856	0.01250	0.00950	0.00850	0.01250	0.01449	0.00700	0.01899	0.01100	0.02899	0.00900	0.01050	0.00700	0.00600	0.00400	0.00200	0.00500	0.00350	0.00400	0.00700
63	0.00901	0.00610	0.00716	0.00754	0.00763	0.00601	0.00444	0.00930	0.01015	0.01353	0.02421	0.22573	0.02835	0.58285	0.02666	0.00534	0.00563	0.01166	0.00444	0.00425
64	0.00978	0.00694	0.00824	0.00800	0.00805	0.00746	0.00493	0.00999	0.00948	0.01288	0.01925	0.03927	0.02195	0.68086	0.06038	0.00614	0.06934	0.00899	0.00381	0.00425
65	0.01428	0.01146	0.01349	0.00968	0.01538	0.00866	0.00776	0.01713	0.01369	0.06176	0.01228	0.01389	0.00994	0.00497	0.00488	0.00102	0.00483	0.00398	0.00407	0.76686
66	0.01727	0.77681	0.03386	0.01106	0.01658	0.02557	0.01106	0.01935	0.01313	0.01520	0.00898	0.01036	0.00829	0.00553	0.00415	0.00138	0.00691	0.00345	0.00276	0.00829
67	0.00914	0.00660	0.00864	0.00813	0.00965	0.00610	0.00610	0.01219	0.01829	0.02591	0.72921	0.04827	0.06097	0.01321	0.00762	0.00203	0.00305	0.01169	0.00711	0.00610
68	0.76381	0.01239	0.00988	0.00870	0.01277	0.01415	0.00717	0.01986	0.01152	0.07809	0.01014	0.01129	0.00762	0.00614	0.00417	0.00200	0.00503	0.00371	0.00428	0.00727
69	0.01697	0.01297	0.01427	0.01233	0.01591	0.01434	0.00971	0.14848	0.41375	0.07360	0.16646	0.02735	0.02630	0.00944	0.00676	0.00210	0.00507	0.00788	0.00675	0.00957
70	0.01729	0.01449	0.01530	0.01340	0.01727	0.01664	0.01052	0.13165	0.62163	0.02900	0.02475	0.02287	0.01847	0.00862	0.00656	0.00216	0.00540	0.00709	0.00656	0.01034
71	0.00940	0.00626	0.00705	0.00705	0.00705	0.00626	0.00392	0.00940	0.00940	0.01253	0.02036	0.04228	0.02349	0.77292	0.03289	0.00626	0.00626	0.00940	0.00392	0.00392
72	0.07284	0.01274	0.01571	0.01211	0.01709	0.01224	0.01001	0.18954	0.02084	0.53415	0.02222	0.01983	0.01431	0.00783	0.00635	0.00199	0.00585	0.00617	0.00741	0.01077
73	0.00808	0.00581	0.00770	0.00902	0.00959	0.00543	0.00621	0.00945	0.01296	0.01728	0.08080	0.66346	0.06456	0.01955	0.00823	0.00259	0.00381	0.05407	0.00607	0.00535
74	0.01340	0.01148	0.01340	0.00957	0.01531	0.00861	0.00766	0.01627	0.01340	0.02105	0.01148	0.01340	0.00957	0.00479	0.00479	0.00096	0.00479	0.00383	0.00383	0.81242
75	0.01315	0.01284	0.02293	0.55730	0.13741	0.01477	0.11440	0.01755	0.01349	0.01772	0.01180	0.01709	0.00900	0.00622	0.00661	0.00212	0.00880	0.00601	0.00297	0.00781
76	0.00840	0.00653	0.00768	0.00793	0.00944	0.00592	0.00574	0.01083	0.03844	0.01982	0.23879	0.26773	0.31653	0.01640	0.00778	0.00227	0.00341	0.01430	0.00633	0.00573
77	0.01102	0.00829	0.00970	0.00951	0.01153	0.00824	0.00722	0.05505	0.12218	0.04012	0.18210	0.22174	0.20233	0.01493	0.00763	0.00231	0.00412	0.06884	0.00639	0.00676
78	0.04321	0.01493	0.01468	0.01322	0.01686	0.06347	0.01027	0.03327	0.65178	0.02637	0.02467	0.02285	0.01856	0.00854	0.00644	0.00215	0.00553	0.00697	0.00628	0.00994
79	0.00835	0.00612	0.00787	0.00861	0.00959	0.00564	0.00614	0.01019	0.01449	0.01946	0.23776	0.43850	0.13119	0.01763	0.00803	0.00242	0.00361	0.05255	0.00631	0.00555
80	0.32217	0.01136	0.01229	0.01000	0.01432	0.01142	0.00821	0.04920	0.01567	0.38430	0.01859	0.01766	0.01251	0.00720	0.00539	0.00195	0.00515	0.00531	0.07824	0.00906
81	0.32081	0.02396	0.01502	0.01360	0.01718	0.47344	0.01044	0.02326	0.01558	0.02073	0.00962	0.01122	0.00783	0.00641	0.00514	0.00179	0.00917	0.00391	0.00358	0.00731
82	0.04683	0.01885	0.09151	0.01683	0.05707	0.07601	0.07080	0.28870	0.17239	0.04797	0.01720	0.03754	0.01309	0.00772	0.00646	0.00202	0.00743	0.00633	0.00537	0.00988
83	0.01885	0.05550	0.16376	0.03967	0.12661	0.32588	0.01598	0.05436	0.01626	0.01878	0.01157	0.01520	0.00968	0.00718	0.00733	0.00193	0.07224	0.02746	0.00335	0.00841
84	0.38612	0.01381	0.01332	0.01096	0.01521	0.01529	0.00897	0.27272	0.01892	0.09320	0.01441	0.04070	0.01103	0.00740	0.00529	0.00197	0.00566	0.00527	0.05107	0.00868
85	0.01525	0.01743	0.03813	0.02723	0.03377	0.01634	0.70915	0.02070	0.01525	0.02070	0.01307	0.01743	0.00980	0.00545	0.00763	0.00218	0.01089	0.00763	0.00327	0.00871
86	0.00926	0.00660	0.00901	0.01044	0.01138	0.00643	0.00823	0.01131	0.01356	0.01782	0.03427	0.37550	0.03906	0.04898	0.00958	0.00295	0.00500	0.36916	0.00589	0.00556
87	0.17058	0.01169	0.01427	0.01116	0.01599	0.01103	0.00922	0.07029	0.01786	0.56781	0.02192	0.01954	0.01408	0.00762	0.00605	0.00200	0.00551	0.00592	0.00719	0.01028
88	0.01087	0.00752	0.01169	0.01128	0.01284	0.00726	0.07322	0.01279	0.01293	0.08473	0.02920	0.47658	0.03219	0.02270	0.14083	0.00393	0.00708	0.03068	0.00547	0.00623
89	0.00924	0.00689	0.01019	0.01019	0.01128	0.00797	0.00784	0.01142	0.01033	0.01486	0.01748	0.02634	0.01657	0.08965	0.70670	0.01015	0.01668	0.00706	0.00349	0.00566
90	0.00794	0.00568	0.00756	0.00895	0.00939	0.00530	0.00600	0.00918	0.01271	0.01703	0.07504	0.72775	0.04377	0.01984	0.00821	0.00259	0.00371	0.01799	0.00606	0.00530
91	0.01394	0.00699	0.00751	0.00698	0.00899	0.00685	0.00536	0.04085	0.01484	0.09663	0.04684	0.02575	0.04317	0.00809	0.00500	0.00161	0.00342	0.00653	0.64399	0.00668
92	0.00810	0.00585	0.00772	0.00913	0.00971	0.00547	0.00635	0.00943	0.01274	0.01682	0.03718	0.66283	0.08128	0.01980	0.00828	0.00263	0.00393	0.08145	0.00599	0.00533
93	0.01632	0.01400	0.01475	0.01320	0.01690	0.01619	0.01029	0.05429	0.70058	0.02743	0.02598	0.02385	0.01947	0.00874	0.00657	0.00218	0.00517	0.00726	0.00657	0.01025
94	0.81856	0.01250	0.00950	0.00850	0.01250	0.01449	0.00700	0.01899	0.01100	0.02899	0.00900	0.01050	0.00700	0.00600	0.00400	0.00200	0.00500	0.00350	0.00400	0.00700
95	0.01594	0.54692	0.25206	0.01333	0.02010	0.02230	0.01502	0.01969	0.01329	0.01683	0.00979	0.01138	0.00826	0.00572	0.00476	0.00159	0.00773	0.00386	0.00275	0.00868
96	0.00844	0.00637	0.00780	0.00789	0.00933	0.00573	0.00574	0.01066	0.01596	0.02143	0.38754	0.21541	0.24278	0.01568	0.00777	0.00221	0.00327	0.01374	0.00655	0.00573
97	0.00801	0.00603	0.00743	0.00832	0.00935	0.00546	0.00584	0.00952	0.01368	0.01775	0.11012	0.47908	0.23750	0.01840	0.00804	0.00245	0.00362	0.03788	0.00610	0.00541
98	0.02118	0.04108	0.01879	0.01511	0.01945	0.18321	0.03967	0.29333	0.24635	0.02920	0.01741	0.01731	0.01304	0.00767	0.00634	0.00195	0.00765	0.00592	0.00556	0.00979
99	0.79248	0.03737	0.01029	0.00858	0.01263	0.01486	0.00713	0.01900	0.01107	0.02854	0.00900	0.01049	0.00704	0.00598	0.00400	0.00198	0.00506	0.00350	0.00396	0.00704
100	0.02088	0.01882	0.27647	0.01434	0.04021	0.01129	0.01457	0.02515	0.01629	0.39226	0.02373	0.02246	0.07796	0.00802	0.00647	0.00203	0.00682	0.00650	0.00577	0.00995
101	0.01698	0.72526	0.08278	0.01157	0.01737	0.02483	0.01194	0.01943	0.01316	0.01557	0.00916	0.01059	0.00828	0.00557	0.00428	0.00143	0.00709	0.00355	0.00276	0.00838
102	0.02368	0.00998	0.01332	0.01065	0.01474	0.00886	0.00863	0.02684	0.04161	0.53583	0.18173	0.02796	0.02612	0.00917	0.00669	0.00200	0.00487	0.00766	0.02991	0.00974
103	0.00924	0.00690	0.01028	0.01028	0.01140	0.00802	0.00795	0.01147	0.01035	0.01493	0.01740	0.02589	0.01637	0.07007	0.72601	0.01026	0.01698	0.00700	0.00347	0.00571
104	0.00956	0.00706	0.00921	0.00984	0.01127	0.00689	0.00780	0.01277	0.04800	0.02070	0.23086	0.19675	0.10271	0.01731	0.02864	0.00274	0.00476	0.26088	0.00625	0.00601
105	0.01676	0.00796	0.01078	0.01021	0.01257	0.00714	0.00772	0.01857	0.01506	0.31449	0.03134	0.41598	0.03133	0.01503	0.00757	0.00239	0.00461	0.05599	0.00682	0.00767
106	0.81856	0.01250	0.00950	0.00850	0.01250	0.01449	0.00700	0.01899	0.01100	0.02899	0.00900	0.01050	0.00700	0.00600	0.00400	0.00200	0.00500	0.00350	0.00400	0.00700
107	0.00808	0.00577	0.00767	0.00888	0.00938	0.00544	0.00599	0.00939	0.01280	0.01725	0.10260	0.65571	0.04322	0.04476	0.02765	0.00288	0.00410	0.01713	0.00598	0.00530
108	0.02872	0.01143	0.01527	0.01170	0.01671	0.01015	0.00967	0.07343	0.01923	0.69411	0.02488	0.02159	0.01569	0.00798	0.00650	0.00200	0.00560	0.00646	0.00790	0.01100
109	0.02456	0.01810	0.01939	0.01487	0.02004	0.02004	0.01228	0.71107	0.03038	0.04072	0.01551	0.01551	0.01099	0.00776	0.00646	0.00194	0.00711	0.00582	0.00646	0.01099
110	0.01445	0.01467	0.01974	0.01695	0.01706	0.04293	0.01408	0.01588	0.01016	0.01556	0.00853	0.01406	0.00848	0.01116	0.02072	0.00279	0.73725	0.00561	0.00284	0.00708
111	0.00923	0.00692	0.01038	0.01038	0.01154	0.00808	0.00808	0.01154	0.01038	0.01500	0.01731	0.02538	0.01615	0.04846	0.74732	0.01038	0.01731	0.00692	0.00346	0.00577
112	0.00936	0.00670	0.00840	0.00791	0.00965	0.00606	0.00596	0.01212	0.01761	0.04233	0.58436	0.05026	0.18784	0.01368	0.00760	0.00206	0.00315	0.01193	0.00692	0.00610
113	0.03454	0.06029	0.09771	0.01458	0.07022	0.05314	0.01195	0.16952	0.08386	0.02543	0.01375	0.01499	0.01069	0.00625	0.00558	0.00157	0.00651	0.00487	0.02269	0.29184
114	0.01859	0.01575	0.01960	0.04771	0.01948	0.01967	0.01349	0.31833	0.01894	0.02655	0.01167	0.01487	0.00958	0.00956	0.01416	0.00241	0.40073	0.00573	0.00441	0.00878
115	0.03533	0.22785	0.29017	0.01489	0.02159	0.01799	0.03340	0.10708	0.04450	0.11016	0.01358	0.01447	0.01001	0.00661	0.00606	0.00187	0.02600	0.00493	0.00405	0.00945
116	0.02168	0.02615	0.02201	0.03940	0.02295	0.51070	0.13632	0.06607	0.01788	0.01821	0.01083	0.01321	0.00877	0.00677	0.00708	0.00185	0.05376	0.00501	0.00347	0.00789
117	0.00842	0.00654	0.00842	0.00919	0.00991	0.00654	0.00649	0.00977	0.01290	0.01711	0.07786	0.54515	0.15765	0.01844	0.00918	0.00253	0.06647	0.01613	0.00580	0.00548
118	0.05210	0.19598	0.15344	0.01485	0.05764	0.05822	0.03159	0.05951	0.03858	0.21134	0.03638	0.01653	0.01250	0.00682	0.00576	0.00182	0.00715	0.00528	0.00474	0.02976
119	0.04471	0.28246	0.10061	0.03368	0.03616	0.15593	0.01278	0.08500	0.01669	0.15532	0.01330	0.01394	0.01000	0.00652	0.00544	0.00172	0.00784	0.00463	0.00424	0.00901
120	0.00792	0.00566	0.00754	0.00896	0.00938	0.00528	0.00600	0.00912	0.01261	0.01687	0.06325	0.74000	0.04346	0.01996	0.00822	0.00260	0.00372	0.01810	0.00604	0.00528
121	0.01450	0.02185	0.24813	0.05470	0.09043	0.01578	0.41752	0.02039	0.01463	0.02049	0.01249	0.01616	0.00930	0.00572	0.00703	0.00212	0.01013	0.00653	0.00308	0.00903
122	0.01928	0.01612	0.07712	0.09063	0.12706	0.09035	0.01338	0.02643	0.19154	0.20930	0.05725	0.02078	0.01629	0.00769	0.00646	0.00202	0.00689	0.00640	0.00545	0.00956
123	0.01220	0.01148	0.01938	0.75739	0.04450	0.01436	0.01794	0.01651	0.01292	0.01651	0.01148	0.01723	0.00861	0.00646	0.00646	0.00215	0.00861	0.00574	0.00287	0.00718
124	0.00787	0.00562	0.00750	0.00900	0.00937	0.00525	0.00600	0.00900	0.01237	0.01649	0.03561	0.76871	0.04274	0.02024	0.00825	0.00262	0.00375	0.01837	0.00600	0.00525
125	0.51648	0.01302	0.01227	0.01016	0.01457	0.01421	0.00838	0.12862	0.01569	0.19184	0.01375	0.01388	0.00966	0.00672	0.00495	0.00199	0.00544	0.00454	0.00529	0.00852
126	0.01358	0.03198	0.67951	0.01805	0.02718	0.01526	0.02283	0.05055	0.04280	0.02159	0.01235	0.01414	0.00877	0.00631	0.00617	0.00205	0.00927	0.00492	0.00304	0.00964
127	0.00795	0.00596	0.00738	0.00829	0.00924	0.00539	0.00574	0.00940	0.01359	0.01773	0.11639	0.51577	0.21663	0.01853	0.00803	0.00245	0.00356	0.01648	0.00612	0.00539
128	0.01529	0.03437	0.01810	0.03335	0.08999	0.03338	0.05083	0.11012	0.07272	0.02294	0.06490	0.04539	0.03505	0.00822	0.00851	0.00187	0.12496	0.00644	0.00445	0.21913
129	0.01410	0.01056	0.03147	0.01176	0.03478	0.00873	0.05221	0.01738	0.03332	0.12403	0.13916	0.12336	0.05372	0.00987	0.00654	0.00180	0.00504	0.03749	0.00542	0.27924
130	0.03880	0.01554	0.03773	0.03897	0.01708	0.12796	0.01033	0.09450	0.12345	0.05490	0.07588	0.04069	0.03526	0.05146	0.00890	0.00213	0.06923	0.00657	0.00488	0.14576

[dist]
# distance from previous block
# <min> <max>
0	14

[block]
# block no. 2 follows, 34 sequences, length 18
# corresponding to MSA columns:
# 314-331
name=unknown_C
#
# <colnr> <probs for GDERKNQSTAVLIFYWHMCP>
#	G	D	E	R	K	N	Q	S	T	A	V	L	I	F	Y	W	H	M	C	P
0	0.07900	0.11226	0.05655	0.08658	0.17467	0.13980	0.10409	0.08772	0.01593	0.02111	0.01166	0.01503	0.00956	0.02940	0.00722	0.00203	0.02995	0.00534	0.00352	0.00858
1	0.09092	0.13381	0.06701	0.01509	0.07542	0.08219	0.01209	0.23773	0.01938	0.09434	0.01372	0.01523	0.01054	0.03326	0.00660	0.00192	0.00713	0.00506	0.00474	0.07383
2	0.04616	0.18943	0.26569	0.01592	0.07854	0.01626	0.01538	0.06710	0.04274	0.10114	0.07053	0.01720	0.01407	0.00691	0.00580	0.00185	0.00723	0.00540	0.00418	0.02847
3	0.01790	0.15002	0.14718	0.03714	0.07557	0.04526	0.01342	0.08686	0.01609	0.16303	0.01801	0.05340	0.03064	0.01191	0.07678	0.00275	0.00815	0.03241	0.00462	0.00887
4	0.00999	0.00734	0.00885	0.00928	0.01036	0.00746	0.00679	0.01308	0.08723	0.01692	0.03082	0.14787	0.09652	0.29636	0.04444	0.00425	0.00584	0.18591	0.00519	0.00550
5	0.00958	0.00642	0.00829	0.00846	0.00887	0.00669	0.00570	0.01011	0.01006	0.01366	0.02023	0.06490	0.02210	0.42625	0.20470	0.09599	0.00879	0.06084	0.00391	0.00445
6	0.06829	0.36520	0.13341	0.04277	0.04950	0.05113	0.01350	0.07564	0.03281	0.06933	0.01172	0.01311	0.00933	0.00637	0.00569	0.00174	0.03355	0.00444	0.00364	0.00881
7	0.01131	0.00969	0.01072	0.01155	0.04255	0.05889	0.00892	0.03516	0.05173	0.01995	0.07994	0.05713	0.26408	0.01505	0.00791	0.00245	0.00536	0.29538	0.00578	0.00645
8	0.01063	0.00854	0.00973	0.00909	0.01134	0.00861	0.00691	0.01742	0.20588	0.02414	0.37801	0.04520	0.21386	0.01279	0.00734	0.00211	0.00366	0.01099	0.00670	0.00705
9	0.11153	0.10871	0.01887	0.01478	0.01857	0.52174	0.01154	0.04544	0.01731	0.06042	0.01085	0.01211	0.00871	0.00657	0.00550	0.00170	0.00990	0.00420	0.00371	0.00784
10	0.05680	0.05402	0.16754	0.05361	0.12278	0.09538	0.04978	0.06288	0.03472	0.12285	0.01675	0.04020	0.04138	0.00763	0.00699	0.00202	0.04531	0.00611	0.00428	0.00897
11	0.02524	0.01266	0.01549	0.01217	0.01686	0.01239	0.00995	0.19174	0.09079	0.45197	0.04886	0.02296	0.04136	0.00848	0.00658	0.00201	0.00568	0.00684	0.00739	0.01056
12	0.00784	0.00641	0.00692	0.00710	0.00893	0.00549	0.00521	0.00955	0.01476	0.01824	0.13388	0.16944	0.55058	0.01661	0.00773	0.00223	0.00332	0.01415	0.00612	0.00549
13	0.03616	0.07243	0.39045	0.02147	0.14718	0.10714	0.06855	0.02055	0.01438	0.01978	0.01216	0.03869	0.00979	0.00651	0.00614	0.00196	0.00911	0.00540	0.00307	0.00907
14	0.01296	0.03342	0.73944	0.01842	0.02797	0.01501	0.02387	0.02046	0.01364	0.02046	0.01160	0.01364	0.00818	0.00614	0.00614	0.00205	0.00955	0.00477	0.00273	0.00955
15	0.00937	0.00638	0.00762	0.00762	0.00782	0.00657	0.00463	0.00976	0.00957	0.01295	0.01984	0.03939	0.02223	0.64883	0.15526	0.00697	0.00816	0.00897	0.00384	0.00423
16	0.05941	0.01714	0.04164	0.01426	0.01898	0.05787	0.04202	0.42436	0.08480	0.07251	0.05791	0.01841	0.01465	0.00787	0.00636	0.00195	0.00686	0.00617	0.03690	0.00992
17	0.01792	0.01467	0.04922	0.01364	0.01779	0.01504	0.04380	0.25732	0.23367	0.06532	0.11895	0.02378	0.02108	0.01178	0.06353	0.00270	0.00693	0.00724	0.00611	0.00950

[dist]
# distance from previous block
# <min> <max>
0	1

[block]
# block no. 3 follows, 34 sequences, length 7
# corresponding to MSA columns:
# 333-339
name=unknown_D
#
# <colnr> <probs for GDERKNQSTAVLIFYWHMCP>
#	G	D	E	R	K	N	Q	S	T	A	V	L	I	F	Y	W	H	M	C	P
0	0.08945	0.01481	0.03785	0.07115	0.02070	0.06701	0.09334	0.07250	0.01549	0.08492	0.01287	0.01470	0.00983	0.00579	0.00558	0.00154	0.00672	0.00484	0.00420	0.36673
1	0.00819	0.00594	0.00752	0.00866	0.00930	0.00554	0.00592	0.00937	0.01250	0.01635	0.03753	0.54969	0.12665	0.10567	0.01103	0.00301	0.00413	0.06207	0.00576	0.00517
2	0.01340	0.01148	0.01340	0.00957	0.01531	0.00861	0.00766	0.01627	0.01340	0.02105	0.01148	0.01340	0.00957	0.00479	0.00479	0.00096	0.00479	0.00383	0.00383	0.81242
3	0.07093	0.07037	0.14909	0.05204	0.26955	0.03781	0.01642	0.12956	0.04011	0.02403	0.01322	0.01666	0.01068	0.00664	0.00605	0.00191	0.00757	0.02739	0.00388	0.04610
4	0.17716	0.34576	0.07695	0.01247	0.01745	0.15832	0.01149	0.05452	0.05790	0.02038	0.01074	0.01197	0.00886	0.00619	0.00484	0.00168	0.00753	0.00404	0.00352	0.00823
5	0.01104	0.00838	0.01232	0.01239	0.04403	0.00989	0.00920	0.01317	0.01080	0.04652	0.01646	0.02438	0.01533	0.08430	0.54319	0.00840	0.11352	0.00684	0.00359	0.00625
6	0.01615	0.01584	0.02581	0.08114	0.31312	0.06426	0.19871	0.04441	0.04582	0.04003	0.05158	0.02042	0.01409	0.00687	0.00686	0.00205	0.00837	0.03149	0.00389	0.00910

[dist]
# distance from previous block
# <min> <max>
0	1

[block]
# block no. 4 follows, 34 sequences, length 19
# corresponding to MSA columns:
# 341-359
name=unknown_E
#
# <colnr> <probs for GDERKNQSTAVLIFYWHMCP>
#	G	D	E	R	K	N	Q	S	T	A	V	L	I	F	Y	W	H	M	C	P
0	0.00967	0.00672	0.00768	0.00742	0.00800	0.00642	0.00442	0.01002	0.00999	0.01362	0.02059	0.09079	0.02352	0.64672	0.02847	0.00550	0.00595	0.00950	0.00405	0.08095
1	0.04928	0.01314	0.02128	0.20883	0.41787	0.01382	0.01663	0.01875	0.01386	0.06649	0.01351	0.01896	0.01134	0.07909	0.00884	0.00240	0.00751	0.00605	0.00354	0.00880
2	0.00915	0.00662	0.00918	0.00932	0.01008	0.00730	0.00672	0.01070	0.01030	0.01445	0.01990	0.10084	0.02073	0.24827	0.47730	0.00849	0.01293	0.00870	0.00383	0.00520
