[name]
unknown

[dist]
# distance from previous block
# <min> <max>
0	293

[block]
# block no. 0 follows, 33 sequences, length 8
# corresponding to MSA columns:
# 293-300
name=unknown_A
#
# <colnr> <probs for GDERKNQSTAVLIFYWHMCP>
#	G	D	E	R	K	N	Q	S	T	A	V	L	I	F	Y	W	H	M	C	P
0	0.01061	0.00758	0.01061	0.01212	0.01364	0.00758	0.01061	0.01364	0.01515	0.01970	0.03486	0.07426	0.03789	0.01819	0.00909	0.00303	0.00606	0.68326	0.00606	0.00606
1	0.02468	0.02880	0.01888	0.01660	0.02036	0.59847	0.01268	0.16157	0.02110	0.02117	0.01130	0.01266	0.00902	0.00701	0.00607	0.00175	0.01095	0.00458	0.00403	0.00834
2	0.00829	0.00662	0.00742	0.00735	0.00924	0.00575	0.00546	0.01038	0.01601	0.02048	0.27542	0.10609	0.46644	0.01591	0.00782	0.00220	0.00329	0.01358	0.00648	0.00575
3	0.01079	0.00709	0.00905	0.00835	0.01029	0.00641	0.00634	0.01366	0.01817	0.08365	0.57945	0.04884	0.14592	0.01344	0.00767	0.00209	0.00334	0.01173	0.00717	0.00654
4	0.01365	0.01170	0.01365	0.00975	0.01560	0.00878	0.00780	0.01658	0.01365	0.02145	0.01170	0.01365	0.00975	0.00488	0.00488	0.00098	0.00488	0.00390	0.00390	0.80888
5	0.05535	0.04879	0.05543	0.01791	0.09138	0.13254	0.09283	0.16704	0.05102	0.05809	0.01373	0.01523	0.01049	0.00649	0.00608	0.00177	0.00790	0.00534	0.00449	0.15809
6	0.13183	0.06470	0.02204	0.01838	0.09387	0.14244	0.10240	0.26698	0.02074	0.02845	0.01269	0.01433	0.00971	0.00670	0.00607	0.00190	0.00820	0.00532	0.00459	0.03867
7	0.02138	0.20344	0.05022	0.01523	0.01945	0.36935	0.01272	0.10135	0.07022	0.01986	0.01179	0.01317	0.00965	0.00703	0.00652	0.00178	0.04992	0.00461	0.00381	0.00849

[dist]
# distance from previous block
# <min> <max>
0	1

[block]
# block no. 1 follows, 33 sequences, length 9
# corresponding to MSA columns:
# 302-310
name=unknown_B
#
# <colnr> <probs for GDERKNQSTAVLIFYWHMCP>
#	G	D	E	R	K	N	Q	S	T	A	V	L	I	F	Y	W	H	M	C	P
0	0.01494	0.01502	0.02556	0.18775	0.33559	0.04270	0.15018	0.01888	0.01445	0.01961	0.01392	0.07130	0.01225	0.00732	0.00755	0.00214	0.04150	0.00710	0.00340	0.00884
1	0.02263	0.05977	0.01910	0.01441	0.01922	0.05090	0.01179	0.43682	0.20077	0.06845	0.01843	0.01785	0.01340	0.00800	0.00646	0.00200	0.00685	0.00613	0.00634	0.01069
2	0.02181	0.01738	0.02128	0.05790	0.02287	0.09586	0.12398	0.24623	0.12505	0.14509	0.01761	0.01813	0.01264	0.00765	0.00728	0.00208	0.03519	0.00637	0.00565	0.00996
3	0.00887	0.00661	0.00825	0.00807	0.00962	0.00599	0.00596	0.01148	0.01725	0.02364	0.51880	0.13179	0.18961	0.01489	0.00784	0.00217	0.00323	0.01305	0.00690	0.00599
4	0.02617	0.01808	0.01844	0.01445	0.01945	0.10459	0.01179	0.44505	0.02626	0.22163	0.01782	0.01708	0.01222	0.00783	0.00652	0.00196	0.00737	0.00591	0.00662	0.01077
5	0.02100	0.01503	0.01645	0.01369	0.01809	0.01663	0.01096	0.24183	0.40083	0.13621	0.02328	0.02154	0.01678	0.00850	0.00665	0.00212	0.00590	0.00685	0.00688	0.01078
6	0.12769	0.15656	0.01717	0.01156	0.01530	0.09665	0.00946	0.08581	0.09055	0.10802	0.11321	0.10157	0.02176	0.00938	0.00610	0.00197	0.00609	0.00741	0.00541	0.00833
7	0.01866	0.20062	0.08191	0.02081	0.09718	0.01979	0.21865	0.21702	0.01926	0.02562	0.01282	0.01503	0.00989	0.00633	0.00634	0.00192	0.00858	0.00581	0.00409	0.00966
8	0.22824	0.14575	0.03647	0.01224	0.01684	0.08162	0.03011	0.06245	0.06695	0.18818	0.01705	0.01707	0.03667	0.00737	0.00594	0.00194	0.02583	0.00532	0.00506	0.00888

[dist]
# distance from previous block
# <min> <max>
5	16

[block]
# block no. 2 follows, 33 sequences, length 11
# corresponding to MSA columns:
# 327-337
name=unknown_C
#
# <colnr> <probs for GDERKNQSTAVLIFYWHMCP>
#	G	D	E	R	K	N	Q	S	T	A	V	L	I	F	Y	W	H	M	C	P
0	0.05869	0.04178	0.01641	0.06923	0.05345	0.01167	0.03387	0.07337	0.01523	0.09838	0.01410	0.01729	0.01142	0.06379	0.00762	0.00184	0.00601	0.00513	0.00442	0.39629
1	0.09111	0.01503	0.01680	0.01326	0.01815	0.01592	0.01086	0.33817	0.12038	0.26133	0.02006	0.01872	0.01374	0.00798	0.00640	0.00204	0.00625	0.00616	0.00690	0.01075
2	0.00802	0.00573	0.00764	0.00917	0.00955	0.00535	0.00611	0.00917	0.01260	0.01681	0.03628	0.76434	0.04354	0.02062	0.00840	0.00267	0.00382	0.01872	0.00611	0.00535
3	0.01365	0.01170	0.01365	0.00975	0.01560	0.00878	0.00780	0.01658	0.01365	0.02145	0.01170	0.01365	0.00975	0.00488	0.00488	0.00098	0.00488	0.00390	0.00390	0.80888
4	0.01760	0.77260	0.03450	0.01126	0.01690	0.02605	0.01126	0.01971	0.01338	0.01549	0.00915	0.01056	0.00845	0.00563	0.00422	0.00141	0.00704	0.00352	0.00282	0.00845
5	0.01619	0.01393	0.01575	0.07128	0.07768	0.05028	0.01140	0.05558	0.41984	0.04743	0.12440	0.02587	0.02349	0.00898	0.00679	0.00214	0.00581	0.00760	0.00608	0.00949
6	0.00847	0.00592	0.00751	0.00859	0.00886	0.00565	0.00550	0.00928	0.01173	0.01564	0.03179	0.55592	0.03788	0.23678	0.01566	0.00375	0.00456	0.01607	0.00550	0.00495
7	0.01243	0.01170	0.01975	0.75282	0.04534	0.01463	0.01828	0.01682	0.01316	0.01682	0.01170	0.01755	0.00878	0.00658	0.00658	0.00219	0.00878	0.00585	0.00293	0.00731
8	0.03732	0.09982	0.18495	0.04392	0.02505	0.04479	0.23028	0.06752	0.01563	0.02151	0.01588	0.07617	0.01397	0.00802	0.00674	0.00211	0.00864	0.04922	0.04000	0.00847
9	0.01603	0.02015	0.09527	0.02618	0.03285	0.07166	0.59457	0.02146	0.01564	0.02069	0.01295	0.01699	0.00974	0.00570	0.00750	0.00217	0.01104	0.00726	0.00329	0.00886
10	0.03779	0.05670	0.25080	0.05653	0.05820	0.14197	0.10042	0.01978	0.01582	0.02100	0.15652	0.02127	0.01961	0.00769	0.00657	0.00200	0.00853	0.00655	0.00393	0.00832

[dist]
# distance from previous block
# <min> <max>
0	1

[block]
# block no. 3 follows, 33 sequences, length 63
# corresponding to MSA columns:
# 339-401
name=unknown_D
#
# <colnr> <probs for GDERKNQSTAVLIFYWHMCP>
#	G	D	E	R	K	N	Q	S	T	A	V	L	I	F	Y	W	H	M	C	P
0	0.70113	0.01251	0.01049	0.00910	0.01332	0.01403	0.00750	0.02120	0.01231	0.13150	0.01161	0.01239	0.00846	0.00641	0.00444	0.00204	0.00517	0.00401	0.00467	0.00772
1	0.02853	0.01117	0.01496	0.01154	0.01646	0.00983	0.00951	0.05212	0.01897	0.67537	0.02543	0.02231	0.01617	0.00812	0.00652	0.00201	0.00553	0.00657	0.04793	0.01095
2	0.01192	0.00870	0.01238	0.14969	0.05211	0.00893	0.00960	0.01588	0.05211	0.07368	0.41347	0.09900	0.04269	0.01180	0.00740	0.00214	0.00474	0.01046	0.00619	0.00712
3	0.01365	0.01170	0.01365	0.00975	0.01560	0.00878	0.00780	0.01658	0.01365	0.02145	0.01170	0.01365	0.00975	0.00488	0.00488	0.00098	0.00488	0.00390	0.00390	0.80888
4	0.00840	0.00639	0.00866	0.00954	0.01050	0.00589	0.02786	0.00990	0.01328	0.01731	0.04054	0.57526	0.15573	0.01933	0.00833	0.00261	0.00412	0.06480	0.00602	0.00554
5	0.02463	0.01856	0.01829	0.01464	0.01943	0.11846	0.01183	0.42194	0.11063	0.14672	0.01799	0.01738	0.01272	0.00791	0.00651	0.00198	0.00738	0.00599	0.00641	0.01061
6	0.02122	0.01563	0.01694	0.01396	0.01845	0.01740	0.01121	0.31184	0.36537	0.10140	0.02217	0.02074	0.01605	0.00843	0.00664	0.00211	0.00609	0.00674	0.00679	0.01082
7	0.01494	0.01997	0.15047	0.07772	0.03422	0.01628	0.54472	0.02075	0.01510	0.02075	0.01296	0.01712	0.00963	0.00574	0.00744	0.00220	0.01071	0.00716	0.00321	0.00891
8	0.00877	0.00651	0.00830	0.00944	0.01037	0.00623	0.00676	0.01115	0.04885	0.01811	0.06096	0.54285	0.11719	0.01907	0.00831	0.00263	0.00409	0.09850	0.00617	0.00574
9	0.08046	0.02634	0.01785	0.01562	0.01948	0.52115	0.01201	0.11986	0.01984	0.08975	0.01241	0.01335	0.00951	0.00702	0.00596	0.00179	0.01015	0.00465	0.00434	0.00843
10	0.14305	0.54219	0.02823	0.01172	0.01677	0.13239	0.01084	0.02065	0.01383	0.01777	0.00931	0.01078	0.00825	0.00588	0.00446	0.00155	0.00747	0.00364	0.00310	0.00812
11	0.01336	0.01292	0.02243	0.55423	0.14632	0.01517	0.07637	0.01765	0.01352	0.01785	0.01182	0.01725	0.00912	0.00659	0.00728	0.00219	0.03901	0.00601	0.00301	0.00791
12	0.01440	0.01440	0.02016	0.01728	0.01728	0.02016	0.01440	0.01584	0.01008	0.01584	0.00864	0.01440	0.00864	0.01152	0.02160	0.00288	0.75659	0.00576	0.00288	0.00720
13	0.01365	0.01170	0.01365	0.00975	0.01560	0.00878	0.00780	0.01658	0.01365	0.02145	0.01170	0.01365	0.00975	0.00488	0.00488	0.00098	0.00488	0.00390	0.00390	0.80888
14	0.00802	0.00573	0.00764	0.00917	0.00955	0.00535	0.00611	0.00917	0.01260	0.01681	0.03628	0.76434	0.04354	0.02062	0.00840	0.00267	0.00382	0.01872	0.00611	0.00535
15	0.01337	0.03088	0.61734	0.01956	0.02854	0.01511	0.10636	0.02055	0.01415	0.02083	0.01303	0.01708	0.00987	0.00671	0.00657	0.00214	0.00973	0.03572	0.00299	0.00946
16	0.02265	0.04682	0.01814	0.01410	0.01825	0.07778	0.01150	0.28422	0.11459	0.18169	0.01854	0.03428	0.01376	0.00981	0.03073	0.00234	0.07839	0.00634	0.00606	0.01001
17	0.01348	0.01271	0.02074	0.53999	0.16712	0.01520	0.01796	0.01851	0.05668	0.01829	0.01260	0.01760	0.00977	0.00684	0.00733	0.00219	0.04575	0.00595	0.00322	0.00807
18	0.00827	0.00609	0.00775	0.00859	0.00951	0.00557	0.00597	0.00993	0.01430	0.01907	0.19291	0.50043	0.15051	0.01844	0.00817	0.00247	0.00359	0.01648	0.00636	0.00557
19	0.01611	0.01655	0.02562	0.20037	0.16222	0.09242	0.21773	0.05667	0.06618	0.02115	0.03046	0.03766	0.01249	0.00693	0.00693	0.00211	0.00901	0.00684	0.00380	0.00874
20	0.02189	0.11723	0.04174	0.01615	0.01961	0.51557	0.01295	0.04216	0.01705	0.01681	0.01029	0.01254	0.00878	0.00834	0.02755	0.00205	0.09371	0.00446	0.00334	0.00779
21	0.01133	0.00578	0.00868	0.00868	0.00874	0.00584	0.00584	0.00874	0.00868	0.01163	0.01174	0.02030	0.01169	0.02419	0.06155	0.76859	0.00631	0.00578	0.00289	0.00301
22	0.01568	0.41704	0.31931	0.01581	0.03882	0.02096	0.05138	0.02025	0.01373	0.01809	0.01052	0.01241	0.00853	0.00589	0.00528	0.00174	0.00835	0.00433	0.00284	0.00904
23	0.01846	0.05755	0.17010	0.01891	0.04371	0.01578	0.20743	0.10418	0.10862	0.13818	0.03901	0.01895	0.01368	0.00708	0.00678	0.00208	0.00818	0.00660	0.00490	0.00983
24	0.01714	0.01581	0.01457	0.01320	0.01666	0.11817	0.01018	0.03185	0.54914	0.02563	0.02393	0.02276	0.01814	0.00851	0.00639	0.00209	0.00595	0.00686	0.08340	0.00961
25	0.01706	0.02035	0.18656	0.02347	0.03057	0.01534	0.45536	0.02263	0.01566	0.12423	0.01483	0.01759	0.01055	0.00608	0.00727	0.00216	0.01000	0.00697	0.00391	0.00940
26	0.01300	0.01274	0.02209	0.41366	0.03461	0.01513	0.14149	0.01668	0.01283	0.01722	0.01309	0.05452	0.01143	0.04664	0.01097	0.00256	0.14384	0.00700	0.00320	0.00732
27	0.03737	0.07122	0.04691	0.18777	0.16751	0.14918	0.13288	0.03810	0.01578	0.07288	0.01276	0.01585	0.00980	0.00636	0.00642	0.00198	0.00909	0.00569	0.00364	0.00879
28	0.01281	0.01194	0.01928	0.68135	0.04261	0.01480	0.01752	0.01858	0.08106	0.01786	0.01316	0.01823	0.00987	0.00681	0.00659	0.00220	0.00843	0.00600	0.00329	0.00761
29	0.01605	0.10813	0.03272	0.09460	0.06859	0.01730	0.42650	0.02217	0.08405	0.04282	0.01433	0.01760	0.01090	0.00609	0.00702	0.00210	0.00945	0.00690	0.00371	0.00898
30	0.00895	0.00658	0.00890	0.01017	0.01078	0.00659	0.00747	0.01050	0.01298	0.01731	0.03424	0.55530	0.04009	0.03831	0.00982	0.00286	0.04088	0.16681	0.00589	0.00556
31	0.01395	0.03276	0.64885	0.01931	0.02850	0.05228	0.07193	0.02114	0.01426	0.02063	0.01184	0.01407	0.00846	0.00623	0.00635	0.00207	0.00994	0.00504	0.00285	0.00956
32	0.01590	0.01830	0.03804	0.02732	0.03384	0.04566	0.67604	0.02130	0.01566	0.02089	0.01319	0.01752	0.00993	0.00560	0.00770	0.00220	0.01113	0.00763	0.00333	0.00883
33	0.00940	0.00705	0.01058	0.01058	0.01176	0.00823	0.00823	0.01176	0.01058	0.01528	0.01763	0.02586	0.01646	0.04937	0.74255	0.01058	0.01763	0.00705	0.00353	0.00588
34	0.01262	0.01189	0.02008	0.71828	0.07842	0.01468	0.01838	0.01698	0.01325	0.01705	0.01173	0.01749	0.00886	0.00655	0.00658	0.00218	0.00873	0.00585	0.00294	0.00746
35	0.01541	0.01800	0.05736	0.13364	0.03519	0.04893	0.55006	0.02069	0.01528	0.02023	0.01289	0.01734	0.00969	0.00578	0.00746	0.00219	0.01075	0.00724	0.00326	0.00862
36	0.00806	0.00665	0.00708	0.00703	0.00908	0.00567	0.00525	0.00998	0.01559	0.01931	0.18433	0.07988	0.58691	0.01620	0.00779	0.00221	0.00331	0.01367	0.00632	0.00567
37	0.00957	0.00638	0.00718	0.00718	0.00718	0.00638	0.00399	0.00957	0.00957	0.01276	0.02074	0.04308	0.02393	0.76864	0.03351	0.00638	0.00638	0.00957	0.00399	0.00399
38	0.81514	0.01273	0.00968	0.00866	0.01273	0.01477	0.00713	0.01935	0.01120	0.02954	0.00917	0.01069	0.00713	0.00611	0.00407	0.00204	0.00509	0.00356	0.00407	0.00713
39	0.01005	0.00693	0.00785	0.00776	0.00985	0.00596	0.00576	0.01181	0.01519	0.08729	0.10680	0.19251	0.47571	0.01636	0.00779	0.00228	0.00363	0.01396	0.00640	0.00611
40	0.02931	0.01157	0.01551	0.01189	0.01699	0.01022	0.00982	0.06627	0.01946	0.69708	0.02546	0.02207	0.01604	0.00814	0.00662	0.00203	0.00569	0.00659	0.00807	0.01120
41	0.01372	0.03334	0.71200	0.01854	0.02813	0.01511	0.02386	0.02120	0.01405	0.04313	0.01226	0.01417	0.00859	0.00631	0.00627	0.00208	0.00960	0.00492	0.00295	0.00978
42	0.01365	0.01170	0.01365	0.00975	0.01560	0.00878	0.00780	0.01658	0.01365	0.02145	0.01170	0.01365	0.00975	0.00488	0.00488	0.00098	0.00488	0.00390	0.00390	0.80888
43	0.01008	0.00727	0.00991	0.01101	0.01250	0.00710	0.00930	0.01293	0.01555	0.02051	0.14929	0.11313	0.08006	0.01748	0.00876	0.00281	0.00529	0.49476	0.00626	0.00601
44	0.01541	0.01474	0.02513	0.20310	0.57178	0.01541	0.01977	0.01943	0.01457	0.02044	0.01223	0.01658	0.01005	0.00603	0.00653	0.00201	0.00804	0.00586	0.00318	0.00972
45	0.01263	0.01190	0.02010	0.71666	0.07997	0.01468	0.01838	0.01699	0.01326	0.01706	0.01174	0.01749	0.00886	0.00655	0.00658	0.00218	0.00873	0.00585	0.00294	0.00747
46	0.01189	0.01501	0.18199	0.01215	0.01615	0.01084	0.01166	0.01971	0.18822	0.02416	0.28640	0.07129	0.07071	0.01136	0.00724	0.00219	0.00537	0.03976	0.00589	0.00800
47	0.01061	0.00758	0.01061	0.01212	0.01364	0.00758	0.01061	0.01364	0.01515	0.01970	0.03486	0.07426	0.03789	0.01819	0.00909	0.00303	0.00606	0.68326	0.00606	0.00606
48	0.01387	0.13607	0.62068	0.01794	0.02703	0.01681	0.03890	0.02070	0.01387	0.02011	0.01148	0.01353	0.00839	0.00615	0.00601	0.00199	0.00939	0.00475	0.00280	0.00953
49	0.00817	0.00588	0.00777	0.00923	0.00977	0.00549	0.00633	0.00945	0.01287	0.01702	0.03757	0.69123	0.07384	0.02030	0.00842	0.00267	0.00393	0.05856	0.00611	0.00540
50	0.05521	0.02181	0.23494	0.02234	0.19457	0.08538	0.06263	0.04497	0.01623	0.17669	0.01498	0.01631	0.01074	0.00662	0.00638	0.00201	0.00838	0.00560	0.00434	0.00989
51	0.00792	0.00644	0.00704	0.00749	0.00920	0.00555	0.00545	0.00948	0.01436	0.01757	0.05759	0.25404	0.52167	0.01779	0.00798	0.00237	0.00354	0.03290	0.00611	0.00551
52	0.00921	0.00673	0.00865	0.00817	0.00977	0.00617	0.00613	0.01222	0.01838	0.02580	0.67809	0.05017	0.10850	0.01368	0.00777	0.00208	0.00312	0.01204	0.00717	0.00617
53	0.01580	0.12119	0.33409	0.10638	0.04564	0.08913	0.12139	0.05433	0.01532	0.02028	0.01173	0.01443	0.00886	0.00623	0.00625	0.00198	0.00952	0.00526	0.00314	0.00903
54	0.05828	0.09175	0.02431	0.16771	0.12040	0.18555	0.12869	0.05114	0.01592	0.05169	0.01205	0.01511	0.00945	0.00655	0.00679	0.00197	0.03505	0.00549	0.00358	0.00850
55	0.01973	0.01459	0.01587	0.01352	0.01771	0.01629	0.01073	0.16345	0.49452	0.12083	0.02458	0.02260	0.01790	0.00863	0.00667	0.00216	0.00565	0.00705	0.00686	0.01067
56	0.04934	0.58854	0.11684	0.01257	0.01827	0.04876	0.01289	0.01987	0.01337	0.01674	0.00948	0.01121	0.00839	0.00607	0.00540	0.00160	0.04550	0.00382	0.00289	0.00846
57	0.00957	0.00638	0.00718	0.00718	0.00718	0.00638	0.00399	0.00957	0.00957	0.01276	0.02074	0.04308	0.02393	0.76864	0.03351	0.00638	0.00638	0.00957	0.00399	0.00399
58	0.02527	0.02862	0.01819	0.01624	0.01987	0.64212	0.01230	0.02708	0.01868	0.11394	0.01233	0.01331	0.00955	0.00697	0.00603	0.00174	0.01102	0.00457	0.00404	0.00812
59	0.01365	0.01170	0.01365	0.00975	0.01560	0.00878	0.00780	0.01658	0.01365	0.02145	0.01170	0.01365	0.00975	0.00488	0.00488	0.00098	0.00488	0.00390	0.00390	0.80888
60	0.00805	0.00588	0.00758	0.00883	0.00948	0.00541	0.00598	0.00935	0.01316	0.01735	0.07080	0.64949	0.12476	0.01984	0.00830	0.00259	0.00373	0.01784	0.00616	0.00541
61	0.13862	0.04841	0.01826	0.01486	0.01882	0.31088	0.01183	0.23852	0.02065	0.04688	0.01212	0.01339	0.00938	0.00738	0.00696	0.00192	0.06294	0.00483	0.00458	0.00878
62	0.01920	0.04128	0.11054	0.01817	0.02361	0.09512	0.20122	0.09401	0.13370	0.12774	0.01762	0.04109	0.01331	0.00756	0.00715	0.00210	0.02534	0.00679	0.00493	0.00952

[dist]
# distance from previous block
# <min> <max>
1	10

[block]
# block no. 4 follows, 33 sequences, length 23
# corresponding to MSA columns:
# 412-434
name=unknown_E
#
# <colnr> <probs for GDERKNQSTAVLIFYWHMCP>
#	G	D	E	R	K	N	Q	S	T	A	V	L	I	F	Y	W	H	M	C	P
0	0.08059	0.02027	0.04367	0.01486	0.01954	0.17432	0.01231	0.36779	0.02379	0.12296	0.01498	0.01532	0.01077	0.00767	0.00693	0.00197	0.04129	0.00544	0.00562	0.00991
1	0.00839	0.00633	0.00784	0.00889	0.01004	0.00579	0.00653	0.01001	0.01378	0.01760	0.04547	0.42979	0.25382	0.01899	0.00833	0.00259	0.00405	0.13011	0.00610	0.00553
2	0.01440	0.01440	0.02016	0.01728	0.01728	0.02016	0.01440	0.01584	0.01008	0.01584	0.00864	0.01440	0.00864	0.01152	0.02160	0.00288	0.75659	0.00576	0.00288	0.00720
3	0.01381	0.01422	0.08449	0.38890	0.11312	0.01435	0.04258	0.04794	0.01422	0.04148	0.01495	0.09859	0.01311	0.00842	0.00785	0.00224	0.06080	0.00726	0.00364	0.00802
4	0.01760	0.77260	0.03450	0.01126	0.01690	0.02605	0.01126	0.01971	0.01338	0.01549	0.00915	0.01056	0.00845	0.00563	0.00422	0.00141	0.00704	0.00352	0.00282	0.00845
5	0.00804	0.00668	0.00703	0.00694	0.00905	0.00567	0.00521	0.00995	0.01562	0.01923	0.17725	0.06097	0.61343	0.01613	0.00778	0.00220	0.00330	0.01356	0.00630	0.00567
6	0.00802	0.00573	0.00764	0.00917	0.00955	0.00535	0.00611	0.00917	0.01260	0.01681	0.03628	0.76434	0.04354	0.02062	0.00840	0.00267	0.00382	0.01872	0.00611	0.00535
7	0.01056	0.00923	0.01010	0.01181	0.04322	0.08668	0.00808	0.01214	0.01372	0.01734	0.03217	0.55384	0.03746	0.01812	0.00814	0.00258	0.00519	0.10801	0.00568	0.00592
8	0.02459	0.03138	0.01866	0.01696	0.02035	0.74221	0.01272	0.02629	0.01866	0.01611	0.01018	0.01187	0.00848	0.00678	0.00594	0.00170	0.01187	0.00424	0.00339	0.00763
9	0.01573	0.01490	0.02440	0.14218	0.54960	0.01557	0.01885	0.02132	0.09134	0.02148	0.01386	0.01738	0.01124	0.00631	0.00655	0.00202	0.00768	0.00604	0.00359	0.00997
10	0.01477	0.29704	0.48525	0.01609	0.02436	0.01912	0.01967	0.02044	0.01371	0.01894	0.01087	0.01271	0.00838	0.00603	0.00553	0.00184	0.00877	0.00439	0.00279	0.00927
11	0.02053	0.01089	0.01191	0.01015	0.01357	0.05122	0.00803	0.02582	0.12940	0.30711	0.02348	0.02297	0.01668	0.00801	0.00582	0.00186	0.00493	0.00643	0.31223	0.00894
12	0.05975	0.04201	0.01918	0.01451	0.01948	0.06553	0.01195	0.58459	0.02810	0.03790	0.01516	0.01549	0.01097	0.00767	0.00628	0.00193	0.00728	0.00565	0.03606	0.01051
13	0.00848	0.00657	0.00774	0.00782	0.00949	0.00583	0.00579	0.01065	0.01601	0.02094	0.30948	0.16563	0.35029	0.01611	0.00791	0.00226	0.00340	0.03327	0.00654	0.00579
14	0.01808	0.69599	0.06482	0.01163	0.01741	0.02463	0.01176	0.02047	0.01371	0.05664	0.01023	0.01139	0.00889	0.00580	0.00445	0.00147	0.00708	0.00376	0.00312	0.00866
15	0.01144	0.00572	0.00858	0.00858	0.00858	0.00572	0.00572	0.00858	0.00858	0.01144	0.01144	0.02001	0.01144	0.02287	0.02573	0.80846	0.00572	0.00572	0.00286	0.00286
16	0.01334	0.03190	0.65642	0.01860	0.02727	0.01582	0.02324	0.02030	0.01348	0.02030	0.01147	0.01395	0.00837	0.00683	0.00793	0.00217	0.09139	0.00496	0.00279	0.00945
17	0.01760	0.77260	0.03450	0.01126	0.01690	0.02605	0.01126	0.01971	0.01338	0.01549	0.00915	0.01056	0.00845	0.00563	0.00422	0.00141	0.00704	0.00352	0.00282	0.00845
18	0.00894	0.00671	0.00828	0.00789	0.00960	0.00605	0.00591	0.01169	0.01774	0.02429	0.56289	0.05265	0.22465	0.01425	0.00777	0.00211	0.00316	0.01239	0.00697	0.00605
19	0.00941	0.00702	0.01043	0.01043	0.01156	0.00815	0.00804	0.01166	0.01054	0.01517	0.01777	0.02662	0.01679	0.08084	0.71153	0.01040	0.01714	0.00716	0.00355	0.00580
20	0.07292	0.01270	0.01668	0.05514	0.04210	0.01117	0.07661	0.01889	0.07238	0.02226	0.01296	0.01505	0.01041	0.00550	0.00540	0.00138	0.00584	0.00472	0.00402	0.53387
21	0.31145	0.21871	0.07565	0.01201	0.01698	0.09935	0.01094	0.08140	0.05361	0.04956	0.01163	0.01267	0.00912	0.00645	0.00495	0.00184	0.00694	0.00426	0.00407	0.00842
22	0.11885	0.02011	0.09561	0.01466	0.01972	0.13683	0.03007	0.22892	0.14821	0.07629	0.01613	0.01635	0.01183	0.00738	0.00614	0.00198	0.00757	0.00555	0.00530	0.03251

[dist]
# distance from previous block
# <min> <max>
2	12

[block]
# block no. 5 follows, 33 sequences, length 13
# corresponding to MSA columns:
# 452-464
name=unknown_F
#
# <colnr> <probs for GDERKNQSTAVLIFYWHMCP>
#	G	D	E	R	K	N	Q	S	T	A	V	L	I	F	Y	W	H	M	C	P
0	0.01921	0.33743	0.02536	0.01532	0.07877	0.12269	0.01218	0.10492	0.01662	0.05603	0.01251	0.01566	0.01073	0.00702	0.00627	0.00171	0.04791	0.03350	0.00390	0.07227
1	0.01764	0.59533	0.02995	0.01187	0.01699	0.08804	0.01117	0.02065	0.05051	0.01664	0.01160	0.01485	0.01064	0.00653	0.00479	0.00154	0.00724	0.03913	0.00328	0.04161
2	0.00938	0.00711	0.00871	0.00842	0.01019	0.00664	0.00638	0.01292	0.05373	0.02400	0.49345	0.07593	0.19813	0.01436	0.00780	0.00218	0.00343	0.04412	0.00689	0.00626
3	0.01440	0.01440	0.02016	0.01728	0.01728	0.02016	0.01440	0.01584	0.01008	0.01584	0.00864	0.01440	0.00864	0.01152	0.02160	0.00288	0.75659	0.00576	0.00288	0.00720
4	0.13929	0.01530	0.01572	0.01303	0.01748	0.04365	0.01049	0.22367	0.26568	0.15656	0.02027	0.01915	0.01452	0.00800	0.00624	0.00208	0.00610	0.00617	0.00641	0.01019
5	0.01805	0.01411	0.02331	0.04465	0.29147	0.01417	0.12499	0.05370	0.04564	0.15160	0.07736	0.02215	0.01685	0.00772	0.00770	0.00212	0.04636	0.02357	0.00484	0.00964
6	0.00802	0.00675	0.00701	0.00714	0.00930	0.00573	0.00548	0.00981	0.01502	0.01795	0.06395	0.06429	0.66576	0.01680	0.00789	0.00229	0.00357	0.07151	0.00611	0.00560
7	0.01320	0.03405	0.73453	0.01876	0.02849	0.01529	0.02432	0.02085	0.01390	0.02085	0.01181	0.01390	0.00834	0.00625	0.00625	0.00208	0.00973	0.00486	0.00278	0.00973
8	0.04858	0.01662	0.02235	0.27012	0.24201	0.11328	0.05389	0.08107	0.01595	0.02104	0.01191	0.01584	0.00944	0.00667	0.00715	0.00206	0.04416	0.00565	0.00348	0.00871
9	0.02055	0.01898	0.02379	0.06998	0.14013	0.13677	0.13754	0.24251	0.04576	0.05501	0.01419	0.01624	0.01069	0.00703	0.00714	0.00202	0.03131	0.00604	0.00465	0.00967
10	0.01069	0.00745	0.00946	0.01002	0.01137	0.00737	0.00732	0.01468	0.10689	0.05714	0.13435	0.45589	0.04117	0.01715	0.00806	0.00253	0.00421	0.08126	0.00645	0.00652
11	0.54626	0.01614	0.01380	0.09567	0.01882	0.14304	0.04272	0.02037	0.01295	0.02532	0.00983	0.01202	0.00769	0.00626	0.00486	0.00200	0.00699	0.00414	0.00379	0.00732
12	0.00786	0.00637	0.00698	0.00746	0.00910	0.00549	0.00535	0.00936	0.01424	0.01747	0.05701	0.28653	0.50798	0.01793	0.00798	0.00237	0.00349	0.01543	0.00611	0.00549

[dist]
# distance from previous block
# <min> <max>
0	1

# created by:
# /home/berkeley/.conda/envs/busco_data_prod/bin/msa2prfl.pl pipeline/OGs_align_augustus/4893/24275.fs
