[name]
unknown

[dist]
# distance from previous block
# <min> <max>
0	27

[block]
# block no. 0 follows, 32 sequences, length 7
# corresponding to MSA columns:
# 27-33
name=unknown_A
#
# <colnr> <probs for GDERKNQSTAVLIFYWHMCP>
#	G	D	E	R	K	N	Q	S	T	A	V	L	I	F	Y	W	H	M	C	P
0	0.01578	0.01267	0.02074	0.05705	0.42948	0.01262	0.01589	0.01867	0.01473	0.08073	0.01830	0.08955	0.01716	0.01051	0.00895	0.07771	0.00706	0.07922	0.00426	0.00891
1	0.01933	0.08409	0.01664	0.01173	0.01610	0.01434	0.00955	0.24205	0.06017	0.12959	0.05792	0.02640	0.09810	0.07142	0.00874	0.00226	0.00595	0.00728	0.00599	0.11233
2	0.15927	0.02589	0.09524	0.02059	0.15468	0.39576	0.01470	0.02378	0.01645	0.02038	0.01080	0.01298	0.00877	0.00656	0.00587	0.00188	0.00987	0.00459	0.00349	0.00846
3	0.02006	0.01314	0.01586	0.01325	0.01759	0.05462	0.04388	0.06017	0.12525	0.24060	0.02387	0.03135	0.01956	0.00975	0.00699	0.00212	0.00636	0.14466	0.00629	0.14461
4	0.01869	0.38150	0.18788	0.01590	0.05245	0.16060	0.01526	0.06222	0.01594	0.01900	0.01070	0.01237	0.00885	0.00626	0.00536	0.00171	0.00880	0.00429	0.00322	0.00900
5	0.01166	0.00583	0.00874	0.00874	0.00874	0.00583	0.00583	0.00874	0.00874	0.01166	0.01166	0.02040	0.01166	0.02331	0.02622	0.80478	0.00583	0.00583	0.00291	0.00291
6	0.02720	0.01609	0.01648	0.01309	0.01804	0.15131	0.01054	0.08902	0.01976	0.46284	0.02108	0.01933	0.01398	0.00770	0.00644	0.00190	0.00702	0.00596	0.00682	0.08539

[dist]
# distance from previous block
# <min> <max>
0	6

[block]
# block no. 1 follows, 32 sequences, length 32
# corresponding to MSA columns:
# 40-71
name=unknown_B
#
# <colnr> <probs for GDERKNQSTAVLIFYWHMCP>
#	G	D	E	R	K	N	Q	S	T	A	V	L	I	F	Y	W	H	M	C	P
0	0.01630	0.01563	0.02668	0.09665	0.66928	0.01586	0.02044	0.02032	0.01513	0.02155	0.01257	0.01671	0.01050	0.00604	0.00665	0.00201	0.00805	0.00598	0.00329	0.01038
1	0.05308	0.63059	0.05941	0.01214	0.01786	0.05451	0.01195	0.06212	0.01488	0.01827	0.00989	0.01128	0.00872	0.00598	0.00460	0.00154	0.00741	0.00382	0.00318	0.00874
2	0.01013	0.00851	0.00901	0.00859	0.01109	0.00823	0.00653	0.01592	0.17129	0.02172	0.16056	0.05347	0.46071	0.01472	0.00768	0.00224	0.00379	0.01237	0.00654	0.00688
3	0.01446	0.01266	0.01620	0.01161	0.01762	0.00999	0.06405	0.04000	0.01466	0.02251	0.01220	0.01433	0.01001	0.00513	0.00527	0.00113	0.00556	0.00436	0.00402	0.71425
4	0.01251	0.00625	0.00625	0.00625	0.00782	0.00625	0.00469	0.01563	0.01407	0.02502	0.02189	0.02502	0.01720	0.00782	0.00469	0.00156	0.00313	0.00625	0.80144	0.00625
5	0.01368	0.01296	0.02195	0.56641	0.21996	0.01517	0.01914	0.01803	0.01390	0.01837	0.01210	0.01756	0.00938	0.00652	0.00669	0.00217	0.00869	0.00597	0.00307	0.00827
6	0.02506	0.03198	0.01901	0.01729	0.02074	0.73725	0.01296	0.02679	0.01901	0.01642	0.01037	0.01210	0.00864	0.00691	0.00605	0.00173	0.01210	0.00432	0.00346	0.00778
7	0.00856	0.00682	0.00767	0.00746	0.00945	0.00593	0.00559	0.01085	0.01678	0.02165	0.32950	0.05877	0.45588	0.01568	0.00792	0.00220	0.00330	0.01335	0.00670	0.00593
8	0.01258	0.01084	0.01124	0.01044	0.01351	0.01151	0.00803	0.02344	0.38395	0.02340	0.04640	0.04360	0.34872	0.01281	0.00735	0.00227	0.00441	0.01067	0.00655	0.00829
9	0.00793	0.00680	0.00680	0.00680	0.00906	0.00566	0.00510	0.00963	0.01529	0.01813	0.06797	0.06457	0.71961	0.01699	0.00793	0.00227	0.00340	0.01416	0.00623	0.00566
10	0.01019	0.00808	0.01195	0.01160	0.01265	0.00984	0.00914	0.01248	0.01072	0.01564	0.01688	0.02497	0.01582	0.04572	0.65230	0.00985	0.10546	0.00703	0.00352	0.00615
11	0.81159	0.01298	0.00986	0.00882	0.01298	0.01505	0.00727	0.01972	0.01142	0.03010	0.00934	0.01090	0.00727	0.00623	0.00415	0.00208	0.00519	0.00363	0.00415	0.00727
12	0.00994	0.00747	0.01049	0.01031	0.01113	0.00865	0.00766	0.01167	0.01049	0.01495	0.01822	0.03015	0.01824	0.23116	0.51315	0.00920	0.06008	0.00777	0.00368	0.00558
13	0.01251	0.00625	0.00625	0.00625	0.00782	0.00625	0.00469	0.01563	0.01407	0.02502	0.02189	0.02502	0.01720	0.00782	0.00469	0.00156	0.00313	0.00625	0.80144	0.00625
14	0.01622	0.01555	0.02654	0.11011	0.65641	0.01584	0.02040	0.02026	0.01510	0.02146	0.01255	0.01673	0.01046	0.00605	0.00665	0.00202	0.00807	0.00598	0.00329	0.01032
15	0.01399	0.01257	0.02063	0.02934	0.45455	0.01288	0.01549	0.01709	0.01347	0.01923	0.01501	0.02237	0.01385	0.10776	0.19776	0.00479	0.01037	0.00674	0.00348	0.00865
16	0.01383	0.02818	0.48831	0.02155	0.05939	0.01533	0.18615	0.02057	0.01469	0.02115	0.01583	0.01828	0.05216	0.00683	0.00685	0.00216	0.00977	0.00628	0.00320	0.00948
17	0.01903	0.02102	0.02211	0.06960	0.29378	0.28155	0.04169	0.02350	0.07556	0.02042	0.05637	0.01785	0.01385	0.00709	0.00657	0.00195	0.00916	0.00595	0.00390	0.00906
18	0.01508	0.30055	0.47781	0.01635	0.02476	0.01956	0.01997	0.02083	0.01397	0.01927	0.01106	0.01293	0.00854	0.00614	0.00562	0.00187	0.00892	0.00446	0.00285	0.00944
19	0.81159	0.01298	0.00986	0.00882	0.01298	0.01505	0.00727	0.01972	0.01142	0.03010	0.00934	0.01090	0.00727	0.00623	0.00415	0.00208	0.00519	0.00363	0.00415	0.00727
20	0.01251	0.00625	0.00625	0.00625	0.00782	0.00625	0.00469	0.01563	0.01407	0.02502	0.02189	0.02502	0.01720	0.00782	0.00469	0.00156	0.00313	0.00625	0.80144	0.00625
21	0.01256	0.01198	0.04152	0.01102	0.01623	0.00903	0.06384	0.01566	0.01455	0.02113	0.04717	0.02682	0.17139	0.00806	0.00602	0.00146	0.00526	0.00689	0.00450	0.50489
22	0.00976	0.00651	0.00732	0.00732	0.00732	0.00651	0.00407	0.00976	0.00976	0.01301	0.02114	0.04391	0.02439	0.76419	0.03415	0.00651	0.00651	0.00976	0.00407	0.00407
23	0.02041	0.02244	0.02318	0.05902	0.36753	0.30810	0.01694	0.06466	0.01771	0.02075	0.01190	0.01481	0.00980	0.00651	0.00641	0.00190	0.00965	0.00531	0.00357	0.00939
24	0.01468	0.01468	0.02055	0.01762	0.01762	0.02055	0.01468	0.01615	0.01028	0.01615	0.00881	0.01468	0.00881	0.01174	0.02202	0.00294	0.75191	0.00587	0.00294	0.00734
25	0.32355	0.19859	0.17956	0.01388	0.04601	0.05907	0.01336	0.05938	0.01429	0.02432	0.01052	0.01219	0.00831	0.00628	0.00504	0.00191	0.00735	0.00419	0.00363	0.00858
26	0.08099	0.19205	0.04655	0.01793	0.11891	0.26410	0.01317	0.08318	0.01764	0.04148	0.05489	0.01542	0.01264	0.00700	0.00580	0.00180	0.00864	0.00506	0.00401	0.00875
27	0.01895	0.18909	0.10112	0.01418	0.01942	0.14643	0.01282	0.14357	0.08809	0.02341	0.01497	0.01600	0.03222	0.00724	0.00641	0.00177	0.03609	0.00518	0.00431	0.11873
28	0.05846	0.12610	0.10800	0.01945	0.17159	0.06056	0.01430	0.08955	0.05702	0.06138	0.03527	0.05567	0.03254	0.00798	0.00670	0.00196	0.03092	0.00637	0.00442	0.05176
29	0.03966	0.09878	0.14613	0.01405	0.01920	0.01602	0.03375	0.14277	0.18819	0.06753	0.05999	0.05858	0.04835	0.01007	0.02533	0.00232	0.00696	0.00735	0.00546	0.00949
30	0.05114	0.01885	0.10212	0.01461	0.03907	0.14617	0.01231	0.06139	0.16165	0.17233	0.07910	0.02100	0.01772	0.00805	0.00646	0.00198	0.00717	0.00635	0.00567	0.06689
31	0.05008	0.01949	0.13829	0.01541	0.04026	0.07157	0.01355	0.18901	0.21350	0.10298	0.06196	0.02057	0.01678	0.00822	0.00661	0.00210	0.00710	0.00651	0.00585	0.01016

[dist]
# distance from previous block
# <min> <max>
1	92

[block]
# block no. 2 follows, 32 sequences, length 23
# corresponding to MSA columns:
# 177-199
name=unknown_C
#
# <colnr> <probs for GDERKNQSTAVLIFYWHMCP>
#	G	D	E	R	K	N	Q	S	T	A	V	L	I	F	Y	W	H	M	C	P
0	0.04333	0.01571	0.01656	0.01334	0.01787	0.10753	0.04264	0.16720	0.08218	0.13813	0.05995	0.05759	0.04029	0.00855	0.00649	0.00188	0.00666	0.00696	0.00579	0.16134
1	0.08647	0.01441	0.03397	0.01291	0.01650	0.07310	0.03430	0.11492	0.19250	0.04884	0.13406	0.08024	0.04292	0.01065	0.00699	0.00220	0.00606	0.05669	0.00604	0.02622
2	0.05578	0.01659	0.01820	0.01569	0.03961	0.12966	0.08959	0.09784	0.18897	0.04683	0.03829	0.03822	0.01739	0.03530	0.00770	0.00221	0.00738	0.05665	0.00526	0.09285
3	0.04005	0.01792	0.01714	0.01400	0.01843	0.14869	0.01121	0.21557	0.10163	0.07219	0.01602	0.01800	0.01254	0.00783	0.00729	0.00187	0.05891	0.02648	0.00527	0.18896
4	0.06377	0.01389	0.01495	0.01260	0.01622	0.06704	0.02963	0.20829	0.06830	0.08922	0.11709	0.11633	0.02456	0.04331	0.00811	0.00229	0.00618	0.02911	0.00609	0.06304
5	0.09941	0.01544	0.01618	0.01677	0.12849	0.11186	0.01122	0.14763	0.07634	0.04664	0.16769	0.04215	0.02382	0.03667	0.00762	0.00218	0.00658	0.00741	0.00548	0.03041
6	0.01743	0.01346	0.01597	0.04438	0.01816	0.01347	0.01041	0.20694	0.04486	0.06024	0.08917	0.02129	0.01740	0.00810	0.00753	0.00177	0.06758	0.02661	0.00534	0.30991
7	0.01621	0.01528	0.02457	0.11051	0.53917	0.01595	0.01879	0.02264	0.12613	0.02241	0.01490	0.01809	0.01203	0.00655	0.00668	0.00206	0.00765	0.00623	0.00385	0.01030
8	0.00975	0.00655	0.00755	0.00755	0.00763	0.00663	0.00436	0.00991	0.00983	0.01318	0.02093	0.04273	0.02388	0.71608	0.08155	0.00679	0.00728	0.00958	0.00403	0.00420
9	0.02453	0.08711	0.02022	0.01685	0.02048	0.68403	0.01285	0.02629	0.01861	0.01637	0.01029	0.01200	0.00864	0.00683	0.00592	0.00171	0.01173	0.00427	0.00341	0.00784
10	0.02797	0.01112	0.01504	0.01161	0.01658	0.00958	0.00953	0.03062	0.01896	0.64772	0.07386	0.02434	0.01956	0.00853	0.00675	0.00203	0.00550	0.00700	0.00805	0.04563
11	0.01609	0.01694	0.07541	0.09259	0.62362	0.01584	0.02074	0.02038	0.01506	0.02152	0.01253	0.01653	0.01035	0.00606	0.00663	0.00202	0.00818	0.00591	0.00326	0.01034
12	0.01787	0.01308	0.01471	0.01413	0.06464	0.05185	0.01029	0.05603	0.28082	0.15112	0.14492	0.03182	0.07463	0.01026	0.00710	0.00218	0.00556	0.03288	0.00669	0.00941
13	0.02707	0.01629	0.01859	0.01425	0.01956	0.01710	0.01177	0.47366	0.02736	0.27450	0.01962	0.01839	0.01317	0.00814	0.00672	0.00203	0.00682	0.00628	0.00725	0.01141
14	0.02515	0.01485	0.07518	0.01318	0.01861	0.01287	0.01152	0.12216	0.13062	0.42861	0.02328	0.02111	0.01552	0.00807	0.00664	0.00205	0.00618	0.00650	0.00718	0.05072
15	0.02445	0.01797	0.01927	0.01489	0.01990	0.01984	0.01217	0.65345	0.03008	0.04031	0.01645	0.01798	0.01229	0.05901	0.00856	0.00232	0.00732	0.00629	0.00653	0.01092
16	0.00976	0.00651	0.00732	0.00732	0.00732	0.00651	0.00407	0.00976	0.00976	0.01301	0.02114	0.04391	0.02439	0.76419	0.03415	0.00651	0.00651	0.00976	0.00407	0.00407
17	0.01669	0.01448	0.01573	0.01493	0.05013	0.01665	0.01108	0.03496	0.67799	0.02778	0.02663	0.02464	0.02003	0.00896	0.00682	0.00226	0.00543	0.00751	0.00666	0.01062
18	0.01391	0.01193	0.01391	0.00994	0.01590	0.00894	0.00795	0.01690	0.01391	0.02186	0.01193	0.01391	0.00994	0.00497	0.00497	0.00099	0.00497	0.00398	0.00398	0.80521
19	0.07478	0.01177	0.01373	0.01287	0.01588	0.01257	0.01087	0.24682	0.02071	0.02859	0.05949	0.06858	0.02841	0.01391	0.00794	0.00259	0.00631	0.34989	0.00627	0.00802
20	0.08112	0.05013	0.01836	0.01774	0.14761	0.01574	0.01200	0.25379	0.07279	0.08265	0.10613	0.04666	0.02002	0.03641	0.00762	0.00221	0.00635	0.00723	0.00580	0.00964
21	0.06610	0.01435	0.01620	0.01534	0.08489	0.08048	0.01117	0.11798	0.07373	0.27877	0.08141	0.02695	0.03455	0.00927	0.00684	0.00213	0.00647	0.05706	0.00653	0.00977
22	0.14148	0.01289	0.01522	0.01696	0.16872	0.04607	0.01072	0.06916	0.01595	0.08574	0.02496	0.10651	0.12757	0.00973	0.00642	0.00199	0.00587	0.00809	0.00504	0.12092

[dist]
# distance from previous block
# <min> <max>
13	75

[block]
# block no. 3 follows, 32 sequences, length 8
# corresponding to MSA columns:
# 275-282
name=unknown_D
#
# <colnr> <probs for GDERKNQSTAVLIFYWHMCP>
#	G	D	E	R	K	N	Q	S	T	A	V	L	I	F	Y	W	H	M	C	P
0	0.00973	0.00675	0.00816	0.00832	0.00879	0.00686	0.00546	0.01050	0.01082	0.01442	0.02491	0.04575	0.06596	0.53765	0.13485	0.00654	0.00800	0.07754	0.00434	0.00466
1	0.01661	0.01475	0.01466	0.01275	0.01677	0.08407	0.00985	0.02825	0.40388	0.04780	0.02294	0.08231	0.01880	0.00892	0.00647	0.00196	0.00579	0.00738	0.00585	0.19019
2	0.01673	0.01393	0.01490	0.01105	0.01673	0.06393	0.00883	0.07306	0.01604	0.06946	0.01310	0.01454	0.01040	0.00558	0.00531	0.00120	0.00574	0.00435	0.00444	0.63070
3	0.06874	0.01758	0.01615	0.01350	0.01753	0.14255	0.01070	0.33309	0.05714	0.05442	0.05908	0.07251	0.08828	0.00988	0.00676	0.00206	0.00706	0.00771	0.00600	0.00923
4	0.07655	0.09181	0.01752	0.01260	0.01685	0.05953	0.01020	0.26765	0.07227	0.08904	0.04422	0.06367	0.01663	0.06870	0.00848	0.00230	0.00660	0.00685	0.00569	0.06284
5	0.01988	0.01613	0.01681	0.01446	0.01828	0.07101	0.01165	0.21887	0.30712	0.07172	0.02241	0.02587	0.01786	0.00973	0.00800	0.00228	0.05676	0.07487	0.00630	0.01001
6	0.10334	0.01749	0.01610	0.04914	0.01899	0.17927	0.01100	0.12420	0.12689	0.20005	0.07075	0.02034	0.01681	0.00819	0.00642	0.00203	0.00726	0.00627	0.00599	0.00947
7	0.27215	0.07770	0.01640	0.01211	0.01647	0.01774	0.00991	0.27836	0.11789	0.03187	0.01538	0.01748	0.01218	0.06763	0.00790	0.00238	0.00631	0.00559	0.00538	0.00916

[dist]
# distance from previous block
# <min> <max>
24	87

[block]
# block no. 4 follows, 32 sequences, length 13
# corresponding to MSA columns:
# 390-402
name=unknown_E
#
# <colnr> <probs for GDERKNQSTAVLIFYWHMCP>
#	G	D	E	R	K	N	Q	S	T	A	V	L	I	F	Y	W	H	M	C	P
0	0.20625	0.01359	0.05606	0.01163	0.01562	0.03123	0.00992	0.06424	0.05283	0.08068	0.03946	0.08825	0.04334	0.00975	0.00722	0.00209	0.05478	0.06119	0.00510	0.14675
1	0.08893	0.04492	0.01862	0.01431	0.01839	0.08706	0.10428	0.10012	0.03559	0.07661	0.05494	0.06826	0.01655	0.03708	0.04604	0.00258	0.04745	0.00698	0.00481	0.12649
2	0.13047	0.07767	0.08348	0.06190	0.01845	0.05855	0.01135	0.05371	0.08683	0.06151	0.01997	0.10215	0.03608	0.01189	0.04818	0.00259	0.00723	0.05014	0.00480	0.07305
3	0.06784	0.05601	0.05560	0.01278	0.01718	0.03516	0.05072	0.12921	0.07185	0.02456	0.02374	0.07061	0.09097	0.03111	0.00740	0.00213	0.00634	0.08041	0.00509	0.16130
4	0.01843	0.01772	0.10155	0.01367	0.01854	0.09840	0.01199	0.11914	0.15677	0.09892	0.05360	0.05212	0.01818	0.00879	0.00659	0.00197	0.00683	0.04391	0.00556	0.14731
5	0.11947	0.06002	0.06562	0.01291	0.01722	0.17630	0.01090	0.06682	0.03731	0.04389	0.03958	0.06028	0.05015	0.00835	0.00680	0.00185	0.04844	0.00616	0.00445	0.16349
6	0.01668	0.01378	0.05339	0.08877	0.01868	0.08079	0.01054	0.06314	0.03957	0.13768	0.10033	0.05565	0.08846	0.05978	0.00864	0.00230	0.00640	0.03460	0.00550	0.11534
7	0.13264	0.05804	0.06512	0.01652	0.09609	0.19112	0.03121	0.02097	0.01522	0.05980	0.01631	0.01791	0.06651	0.00741	0.00670	0.00184	0.04815	0.00546	0.00402	0.13895
8	0.01222	0.00923	0.01084	0.01036	0.01253	0.00937	0.00758	0.03924	0.17600	0.04269	0.06809	0.27299	0.06831	0.09655	0.05864	0.00330	0.00563	0.01182	0.00590	0.07871
9	0.01845	0.06882	0.02329	0.15504	0.24364	0.19944	0.04970	0.02300	0.06953	0.04216	0.01331	0.01614	0.01060	0.00660	0.00638	0.00194	0.00894	0.00558	0.00372	0.03373
10	0.00952	0.00679	0.00913	0.00928	0.00992	0.00736	0.00647	0.01085	0.01058	0.01471	0.02106	0.10424	0.02245	0.32906	0.38961	0.00832	0.01209	0.00935	0.00404	0.00518
11	0.01391	0.01193	0.01391	0.00994	0.01590	0.00894	0.00795	0.01690	0.01391	0.02186	0.01193	0.01391	0.00994	0.00497	0.00497	0.00099	0.00497	0.00398	0.00398	0.80521
12	0.06108	0.04192	0.01627	0.06337	0.01879	0.01653	0.01101	0.17091	0.31431	0.02793	0.02633	0.02585	0.10801	0.00965	0.00770	0.00222	0.05524	0.00753	0.00591	0.00944

[dist]
# distance from previous block
# <min> <max>
0	1

[block]
# block no. 5 follows, 32 sequences, length 61
# corresponding to MSA columns:
# 404-464
name=unknown_F
#
# <colnr> <probs for GDERKNQSTAVLIFYWHMCP>
#	G	D	E	R	K	N	Q	S	T	A	V	L	I	F	Y	W	H	M	C	P
0	0.01107	0.00742	0.00859	0.00817	0.01058	0.00645	0.00635	0.01330	0.01656	0.10275	0.20063	0.05745	0.44452	0.01539	0.00789	0.00227	0.00383	0.06352	0.00672	0.00652
1	0.01031	0.00846	0.01414	0.01282	0.01467	0.00939	0.08873	0.01309	0.01137	0.01627	0.01746	0.02540	0.01601	0.04512	0.65258	0.00979	0.01720	0.00727	0.00357	0.00635
2	0.01521	0.01426	0.01451	0.01079	0.01647	0.09380	0.00853	0.01805	0.01451	0.02123	0.01174	0.01370	0.00979	0.00520	0.00510	0.00108	0.00580	0.00402	0.00391	0.71230
3	0.01580	0.01187	0.01411	0.01017	0.01604	0.00905	0.00817	0.01874	0.01453	0.10402	0.01362	0.01495	0.01072	0.00536	0.00518	0.00112	0.00506	0.00430	0.00448	0.71272
4	0.01625	0.01299	0.01485	0.01217	0.01682	0.01248	0.00996	0.16630	0.12768	0.02689	0.01980	0.02806	0.01745	0.00890	0.00647	0.00182	0.00578	0.13486	0.00544	0.35504
5	0.10753	0.01448	0.01931	0.01659	0.01708	0.01991	0.01382	0.01656	0.01041	0.01777	0.00887	0.01424	0.00863	0.01110	0.01994	0.00284	0.66491	0.00561	0.00308	0.00733
6	0.02551	0.01879	0.02014	0.01544	0.02081	0.02081	0.01275	0.69996	0.03155	0.04229	0.01611	0.01611	0.01141	0.00805	0.00671	0.00201	0.00738	0.00604	0.00671	0.01141
7	0.00816	0.00649	0.00733	0.00778	0.00937	0.00566	0.00558	0.00983	0.01486	0.01865	0.12100	0.28792	0.43776	0.01798	0.00813	0.00240	0.00354	0.01555	0.00634	0.00566
8	0.00818	0.00584	0.00779	0.00934	0.00973	0.00545	0.00623	0.00934	0.01285	0.01713	0.03698	0.75981	0.04438	0.02102	0.00856	0.00273	0.00389	0.01908	0.00623	0.00545
9	0.01584	0.01810	0.03959	0.02828	0.03507	0.01697	0.69796	0.02149	0.01584	0.02149	0.01357	0.01810	0.01018	0.00566	0.00792	0.00226	0.01131	0.00792	0.00339	0.00905
10	0.01018	0.00806	0.01192	0.01158	0.01264	0.00980	0.00912	0.01247	0.01072	0.01564	0.01690	0.02500	0.01585	0.04583	0.65422	0.00987	0.10349	0.00704	0.00352	0.00615
11	0.01468	0.01468	0.02055	0.01762	0.01762	0.02055	0.01468	0.01615	0.01028	0.01615	0.00881	0.01468	0.00881	0.01174	0.02202	0.00294	0.75191	0.00587	0.00294	0.00734
12	0.00818	0.00584	0.00779	0.00934	0.00973	0.00545	0.00623	0.00934	0.01285	0.01713	0.03698	0.75981	0.04438	0.02102	0.00856	0.00273	0.00389	0.01908	0.00623	0.00545
13	0.00959	0.00719	0.01078	0.01078	0.01198	0.00839	0.00839	0.01198	0.01078	0.01558	0.01797	0.02636	0.01677	0.05032	0.73760	0.01078	0.01797	0.00719	0.00359	0.00599
14	0.02899	0.01115	0.01512	0.01168	0.01659	0.00968	0.00954	0.03144	0.01869	0.68771	0.02618	0.02400	0.01704	0.04988	0.00825	0.00232	0.00575	0.00691	0.00807	0.01101
15	0.01398	0.01215	0.01483	0.01059	0.01658	0.00923	0.03246	0.01706	0.01398	0.02185	0.01198	0.01406	0.00995	0.00499	0.00507	0.00104	0.00519	0.00412	0.00395	0.77693
16	0.01702	0.61790	0.17744	0.01305	0.01964	0.02430	0.01421	0.02033	0.01374	0.01691	0.00988	0.01146	0.00859	0.00587	0.00473	0.00158	0.00774	0.00387	0.00286	0.00888
17	0.01476	0.01280	0.01714	0.01242	0.01835	0.01037	0.09183	0.01894	0.05259	0.04237	0.01339	0.01529	0.01074	0.00538	0.00548	0.00125	0.00578	0.00473	0.00419	0.64220
18	0.01481	0.01190	0.01401	0.01005	0.01597	0.00900	0.00806	0.01777	0.01421	0.06070	0.01273	0.01441	0.01031	0.00515	0.00507	0.00105	0.00501	0.00413	0.00421	0.76149
19	0.01471	0.01234	0.01532	0.01154	0.01678	0.01039	0.04627	0.09905	0.01603	0.02373	0.01564	0.10703	0.01441	0.00737	0.00579	0.00140	0.00548	0.00632	0.00456	0.56585
20	0.01620	0.01580	0.02398	0.01930	0.02119	0.01993	0.13933	0.10005	0.01387	0.02030	0.01056	0.01548	0.00937	0.01018	0.01759	0.00270	0.52626	0.00627	0.00348	0.00815
21	0.00824	0.00587	0.00777	0.00926	0.00963	0.00550	0.00614	0.00936	0.01271	0.01695	0.03630	0.72901	0.04352	0.05299	0.00967	0.00289	0.00401	0.01867	0.00614	0.00539
22	0.01631	0.01760	0.05471	0.09353	0.40967	0.04718	0.21993	0.02087	0.01541	0.02114	0.01273	0.01687	0.01020	0.00600	0.00699	0.00209	0.00928	0.00644	0.00330	0.00976
23	0.01263	0.00827	0.01013	0.00983	0.01176	0.00793	0.00724	0.09603	0.01720	0.09143	0.16355	0.37460	0.13040	0.01632	0.00796	0.00240	0.00429	0.01436	0.00670	0.00695
24	0.01842	0.01274	0.01490	0.01147	0.01650	0.01147	0.00917	0.18028	0.01877	0.13316	0.01816	0.10625	0.01548	0.00815	0.00609	0.00161	0.00552	0.00672	0.00555	0.39958
25	0.00832	0.00594	0.00795	0.00951	0.00996	0.00558	0.00648	0.00959	0.01299	0.01729	0.03690	0.72218	0.04406	0.02088	0.00860	0.00275	0.00402	0.05527	0.00623	0.00549
26	0.01736	0.01598	0.02589	0.08950	0.59151	0.01643	0.01954	0.09950	0.01704	0.02395	0.01298	0.01664	0.01060	0.00627	0.00666	0.00201	0.00797	0.00598	0.00369	0.01049
27	0.01676	0.01290	0.03962	0.01076	0.01672	0.00974	0.00900	0.04354	0.01535	0.12941	0.01428	0.01535	0.01095	0.00563	0.00535	0.00123	0.00534	0.00450	0.00469	0.62887
28	0.02385	0.02996	0.01919	0.01732	0.02038	0.65375	0.01316	0.02555	0.01800	0.01639	0.01019	0.01240	0.00866	0.00748	0.00791	0.00187	0.09830	0.00450	0.00340	0.00773
29	0.01346	0.03471	0.72942	0.01912	0.02904	0.01558	0.02479	0.02125	0.01417	0.02125	0.01204	0.01417	0.00850	0.00637	0.00637	0.00212	0.00992	0.00496	0.00283	0.00992
30	0.01377	0.10079	0.02392	0.56232	0.07908	0.01650	0.07552	0.01805	0.01375	0.01762	0.01180	0.01701	0.00910	0.00647	0.00653	0.00213	0.00889	0.00585	0.00302	0.00790
31	0.01751	0.01441	0.01571	0.01432	0.03754	0.01624	0.01095	0.16343	0.47322	0.02955	0.02687	0.05812	0.04484	0.00999	0.00701	0.00227	0.00570	0.03550	0.00663	0.01020
32	0.01703	0.01161	0.01405	0.01028	0.01591	0.00902	0.00827	0.01994	0.01520	0.16578	0.04396	0.01722	0.01349	0.00601	0.00545	0.00126	0.00505	0.00488	0.00500	0.61057
33	0.01642	0.18586	0.44582	0.04276	0.02600	0.01727	0.04770	0.02220	0.01468	0.10218	0.01321	0.01475	0.00955	0.00645	0.00606	0.00198	0.00887	0.00503	0.00351	0.00969
34	0.01678	0.06836	0.05871	0.01568	0.02003	0.04138	0.09526	0.12528	0.25903	0.02595	0.02313	0.03214	0.02003	0.01017	0.00726	0.00233	0.00716	0.15642	0.00563	0.00928
35	0.00818	0.00584	0.00779	0.00934	0.00973	0.00545	0.00623	0.00934	0.01285	0.01713	0.03698	0.75981	0.04438	0.02102	0.00856	0.00273	0.00389	0.01908	0.00623	0.00545
36	0.00976	0.00651	0.00732	0.00732	0.00732	0.00651	0.00407	0.00976	0.00976	0.01301	0.02114	0.04391	0.02439	0.76419	0.03415	0.00651	0.00651	0.00976	0.00407	0.00407
37	0.00794	0.00674	0.00686	0.00695	0.00910	0.00565	0.00517	0.00961	0.01515	0.01807	0.06611	0.10636	0.67902	0.01724	0.00797	0.00229	0.00343	0.01446	0.00623	0.00565
38	0.01589	0.01440	0.01489	0.01108	0.01675	0.08041	0.00881	0.07081	0.01577	0.02292	0.01210	0.01391	0.00993	0.00540	0.00521	0.00114	0.00585	0.00417	0.00414	0.66642
39	0.02506	0.03198	0.01901	0.01729	0.02074	0.73725	0.01296	0.02679	0.01901	0.01642	0.01037	0.01210	0.00864	0.00691	0.00605	0.00173	0.01210	0.00432	0.00346	0.00778
40	0.02166	0.27841	0.05385	0.01587	0.05224	0.28319	0.01305	0.03860	0.01652	0.10000	0.01209	0.01345	0.00972	0.00696	0.00666	0.00178	0.05877	0.00460	0.00383	0.00876
41	0.00810	0.00613	0.00748	0.00856	0.00953	0.00552	0.00588	0.00943	0.01360	0.01743	0.04647	0.54686	0.25120	0.01979	0.00837	0.00258	0.00374	0.01757	0.00623	0.00552
42	0.01267	0.01193	0.02013	0.74806	0.04621	0.01491	0.01863	0.01714	0.01342	0.01714	0.01193	0.01789	0.00894	0.00671	0.00671	0.00224	0.00894	0.00596	0.00298	0.00745
43	0.01352	0.08257	0.65190	0.01808	0.02739	0.01589	0.02305	0.02067	0.01418	0.02075	0.01427	0.01611	0.03910	0.00679	0.00630	0.00208	0.00945	0.00526	0.00298	0.00965
44	0.01589	0.18287	0.19980	0.09059	0.02855	0.04447	0.22443	0.03767	0.01478	0.01969	0.01169	0.01501	0.00918	0.00656	0.00773	0.00208	0.07123	0.00574	0.00316	0.00888
45	0.00830	0.00591	0.00786	0.00938	0.00979	0.00555	0.00631	0.00949	0.01284	0.01711	0.03651	0.71992	0.04367	0.04092	0.00927	0.00284	0.00403	0.03869	0.00617	0.00543
46	0.01015	0.00765	0.00952	0.00943	0.01100	0.00756	0.00691	0.01502	0.11569	0.02437	0.43171	0.24291	0.05198	0.01508	0.00794	0.00230	0.00367	0.01341	0.00699	0.00670
47	0.01652	0.01619	0.02868	0.03968	0.64226	0.01606	0.09952	0.02070	0.01534	0.02187	0.01273	0.01678	0.01058	0.00594	0.00679	0.00202	0.00836	0.00620	0.00333	0.01044
48	0.01570	0.01574	0.02332	0.34857	0.35815	0.08536	0.01900	0.01968	0.01482	0.01930	0.01210	0.01673	0.00970	0.00639	0.00661	0.00207	0.00880	0.00581	0.00319	0.00896
49	0.02506	0.03198	0.01901	0.01729	0.02074	0.73725	0.01296	0.02679	0.01901	0.01642	0.01037	0.01210	0.00864	0.00691	0.00605	0.00173	0.01210	0.00432	0.00346	0.00778
50	0.01094	0.00954	0.01532	0.01389	0.01597	0.00949	0.14250	0.01515	0.09473	0.01936	0.03050	0.48074	0.03375	0.01628	0.00861	0.00260	0.02459	0.04353	0.00566	0.00684
51	0.02780	0.01331	0.01653	0.01287	0.01796	0.01291	0.01056	0.17818	0.08883	0.51029	0.02430	0.02159	0.01585	0.00833	0.00675	0.00208	0.00604	0.00668	0.00782	0.01134
52	0.02589	0.01401	0.01657	0.01291	0.01787	0.01401	0.01060	0.29340	0.04580	0.37180	0.02613	0.02399	0.07748	0.00901	0.00684	0.00207	0.00615	0.00716	0.00745	0.01088
53	0.00815	0.00595	0.00767	0.00905	0.00965	0.00547	0.00610	0.00938	0.01313	0.01724	0.04059	0.67881	0.12305	0.02055	0.00849	0.00267	0.00384	0.01850	0.00623	0.00547
54	0.01584	0.01810	0.03959	0.02828	0.03507	0.01697	0.69796	0.02149	0.01584	0.02149	0.01357	0.01810	0.01018	0.00566	0.00792	0.00226	0.01131	0.00792	0.00339	0.00905
55	0.01144	0.00996	0.01019	0.00961	0.01178	0.06590	0.00723	0.01649	0.12305	0.02396	0.38917	0.07151	0.19705	0.01346	0.00763	0.00216	0.00428	0.01151	0.00669	0.00692
56	0.00998	0.00643	0.00748	0.00748	0.00748	0.00643	0.00427	0.00964	0.00964	0.01285	0.02004	0.04117	0.02291	0.67787	0.03323	0.09951	0.00643	0.00930	0.00393	0.00393
57	0.01391	0.01193	0.01391	0.00994	0.01590	0.00894	0.00795	0.01690	0.01391	0.02186	0.01193	0.01391	0.00994	0.00497	0.00497	0.00099	0.00497	0.00398	0.00398	0.80521
58	0.02011	0.01459	0.01694	0.08423	0.02056	0.01519	0.01131	0.36682	0.02322	0.08273	0.01970	0.09510	0.03968	0.00905	0.00664	0.00194	0.00648	0.00735	0.00591	0.15246
59	0.67807	0.03380	0.01200	0.00984	0.01421	0.01618	0.00816	0.11709	0.01436	0.03147	0.01031	0.01164	0.00790	0.00648	0.00452	0.00205	0.00556	0.00398	0.00448	0.00790
60	0.73544	0.01354	0.01086	0.00946	0.01373	0.01561	0.00780	0.08562	0.01337	0.03128	0.01000	0.01140	0.00767	0.00641	0.00440	0.00207	0.00540	0.00387	0.00440	0.00767

[dist]
# distance from previous block
# <min> <max>
0	2

[block]
# block no. 6 follows, 32 sequences, length 20
# corresponding to MSA columns:
# 467-486
name=unknown_G
#
# <colnr> <probs for GDERKNQSTAVLIFYWHMCP>
#	G	D	E	R	K	N	Q	S	T	A	V	L	I	F	Y	W	H	M	C	P
0	0.00889	0.00688	0.00819	0.00896	0.01022	0.00651	0.00629	0.01181	0.07356	0.01873	0.07147	0.47317	0.23341	0.01858	0.00821	0.00253	0.00385	0.01643	0.00633	0.00599
1	0.01391	0.01193	0.01391	0.00994	0.01590	0.00894	0.00795	0.01690	0.01391	0.02186	0.01193	0.01391	0.00994	0.00497	0.00497	0.00099	0.00497	0.00398	0.00398	0.80521
2	0.01840	0.39746	0.11069	0.01339	0.01896	0.02171	0.01304	0.12139	0.10342	0.04796	0.03580	0.01555	0.01250	0.00715	0.00610	0.00181	0.03590	0.00508	0.00426	0.00941
3	0.00834	0.00675	0.00740	0.00737	0.00935	0.00582	0.00548	0.01037	0.01606	0.02025	0.22811	0.10614	0.51223	0.01644	0.00797	0.00226	0.00337	0.01398	0.00652	0.00582
4	0.00939	0.00685	0.00883	0.00833	0.00996	0.00629	0.00625	0.01247	0.01875	0.02634	0.67652	0.05106	0.10594	0.01393	0.00791	0.00212	0.00318	0.01227	0.00731	0.00629
5	0.24545	0.01624	0.02958	0.05826	0.05579	0.01628	0.43925	0.02074	0.01442	0.02378	0.01224	0.01595	0.00930	0.00589	0.00672	0.00220	0.00930	0.00651	0.00359	0.00852
6	0.01794	0.76823	0.03516	0.01148	0.01722	0.02655	0.01148	0.02009	0.01363	0.01579	0.00933	0.01076	0.00861	0.00574	0.00431	0.00144	0.00718	0.00359	0.00287	0.00861
7	0.00959	0.00719	0.01078	0.01078	0.01198	0.00839	0.00839	0.01198	0.01078	0.01558	0.01797	0.02636	0.01677	0.05032	0.73760	0.01078	0.01797	0.00719	0.00359	0.00599
8	0.00974	0.00656	0.00761	0.00761	0.00770	0.00666	0.00442	0.00994	0.00984	0.01322	0.02088	0.04246	0.02376	0.70510	0.09238	0.00686	0.00745	0.00955	0.00403	0.00423
9	0.65918	0.01570	0.01116	0.01005	0.01400	0.12776	0.00806	0.02068	0.01271	0.02778	0.00996	0.01161	0.00785	0.00639	0.00447	0.00200	0.00620	0.00384	0.03329	0.00731
10	0.00825	0.00587	0.00776	0.00924	0.00961	0.00550	0.00612	0.00936	0.01269	0.01692	0.03619	0.72389	0.04338	0.05831	0.00985	0.00291	0.00402	0.01861	0.00612	0.00538
11	0.00950	0.00686	0.00897	0.00844	0.01002	0.00633	0.00633	0.01266	0.01899	0.02691	0.71879	0.05012	0.06331	0.01372	0.00791	0.00211	0.00317	0.01213	0.00739	0.00633
12	0.01456	0.01231	0.01426	0.01024	0.01617	0.00961	0.00822	0.05494	0.01490	0.02300	0.01216	0.01404	0.01002	0.00514	0.00507	0.00105	0.00510	0.00409	0.00413	0.76100
13	0.00839	0.00599	0.00803	0.00959	0.01007	0.00563	0.00660	0.00971	0.01306	0.01737	0.03686	0.70460	0.04391	0.02082	0.00862	0.00275	0.00408	0.07219	0.00622	0.00551
14	0.01786	0.52710	0.17763	0.01377	0.02010	0.10975	0.01443	0.02114	0.01439	0.01700	0.01002	0.01163	0.00859	0.00601	0.00495	0.00161	0.00834	0.00396	0.00293	0.00878
15	0.00976	0.00651	0.00732	0.00732	0.00732	0.00651	0.00407	0.00976	0.00976	0.01301	0.02114	0.04391	0.02439	0.76419	0.03415	0.00651	0.00651	0.00976	0.00407	0.00407
16	0.01787	0.01999	0.02008	0.01751	0.01858	0.24042	0.01415	0.01941	0.01296	0.01623	0.00929	0.01389	0.00876	0.01026	0.01712	0.00257	0.52495	0.00540	0.00310	0.00747
17	0.01931	0.02328	0.09359	0.08658	0.17114	0.24996	0.15563	0.08046	0.01772	0.02132	0.01227	0.01528	0.00961	0.00649	0.00670	0.00200	0.01021	0.00574	0.00359	0.00911
18	0.01801	0.01874	0.02307	0.26408	0.23870	0.18457	0.05522	0.07921	0.01697	0.02079	0.01222	0.01601	0.00966	0.00660	0.00660	0.00203	0.00939	0.00570	0.00354	0.00890
19	0.01824	0.14472	0.07829	0.01750	0.08787	0.05376	0.07232	0.13020	0.17366	0.05269	0.05044	0.02018	0.03443	0.00774	0.00641	0.00198	0.00728	0.00643	0.00501	0.03084

[dist]
# distance from previous block
# <min> <max>
2	13

[block]
# block no. 7 follows, 32 sequences, length 27
# corresponding to MSA columns:
# 500-526
name=unknown_H
#
# <colnr> <probs for GDERKNQSTAVLIFYWHMCP>
#	G	D	E	R	K	N	Q	S	T	A	V	L	I	F	Y	W	H	M	C	P
0	0.01726	0.01898	0.02017	0.01753	0.01839	0.19860	0.01425	0.01879	0.01245	0.01622	0.00920	0.01404	0.00877	0.01054	0.01805	0.00264	0.56812	0.00549	0.00307	0.00745
1	0.01614	0.03993	0.05581	0.03565	0.50589	0.01616	0.16364	0.02054	0.01542	0.02178	0.03557	0.01774	0.01210	0.00617	0.00687	0.00204	0.00857	0.00648	0.00344	0.01007
2	0.02336	0.02775	0.01827	0.01645	0.02007	0.55577	0.01247	0.05967	0.16198	0.02001	0.01413	0.01495	0.01121	0.00742	0.00624	0.00185	0.01048	0.00507	0.00430	0.00853
3	0.02369	0.01789	0.01911	0.01507	0.02012	0.01996	0.01231	0.56312	0.17135	0.03936	0.01842	0.01795	0.01328	0.00827	0.00674	0.00207	0.00696	0.00636	0.00674	0.01125
4	0.00818	0.00584	0.00779	0.00934	0.00973	0.00545	0.00623	0.00934	0.01285	0.01713	0.03698	0.75981	0.04438	0.02102	0.00856	0.00273	0.00389	0.01908	0.00623	0.00545
5	0.00964	0.00697	0.00967	0.00967	0.01049	0.00778	0.00700	0.01127	0.01045	0.01475	0.01899	0.03199	0.01922	0.27921	0.51206	0.00941	0.01430	0.00801	0.00375	0.00537
6	0.01661	0.01594	0.02724	0.04119	0.72233	0.01594	0.02059	0.02059	0.01528	0.02192	0.01262	0.01661	0.01063	0.00598	0.00664	0.00199	0.00797	0.00598	0.00332	0.01063
7	0.00950	0.00686	0.00897	0.00844	0.01002	0.00633	0.00633	0.01266	0.01899	0.02691	0.71879	0.05012	0.06331	0.01372	0.00791	0.00211	0.00317	0.01213	0.00739	0.00633
8	0.00976	0.00651	0.00732	0.00732	0.00732	0.00651	0.00407	0.00976	0.00976	0.01301	0.02114	0.04391	0.02439	0.76419	0.03415	0.00651	0.00651	0.00976	0.00407	0.00407
9	0.02551	0.01879	0.02014	0.01544	0.02081	0.02081	0.01275	0.69996	0.03155	0.04229	0.01611	0.01611	0.01141	0.00805	0.00671	0.00201	0.00738	0.00604	0.00671	0.01141
10	0.02506	0.03198	0.01901	0.01729	0.02074	0.73725	0.01296	0.02679	0.01901	0.01642	0.01037	0.01210	0.00864	0.00691	0.00605	0.00173	0.01210	0.00432	0.00346	0.00778
11	0.01075	0.00828	0.01103	0.01117	0.03758	0.00850	0.02618	0.03905	0.06385	0.01977	0.14466	0.18073	0.07550	0.16423	0.16316	0.00487	0.00772	0.01128	0.00535	0.00634
12	0.01794	0.76823	0.03516	0.01148	0.01722	0.02655	0.01148	0.02009	0.01363	0.01579	0.00933	0.01076	0.00861	0.00574	0.00431	0.00144	0.00718	0.00359	0.00287	0.00861
13	0.81159	0.01298	0.00986	0.00882	0.01298	0.01505	0.00727	0.01972	0.01142	0.03010	0.00934	0.01090	0.00727	0.00623	0.00415	0.00208	0.00519	0.00363	0.00415	0.00727
14	0.01716	0.01726	0.02519	0.06134	0.58736	0.09912	0.01894	0.02073	0.01541	0.02074	0.01270	0.01729	0.01092	0.03828	0.00774	0.00216	0.00842	0.00595	0.00336	0.00991
15	0.01066	0.00771	0.00932	0.00854	0.01100	0.00661	0.00642	0.01308	0.01635	0.05989	0.29966	0.14766	0.22917	0.01402	0.00750	0.00207	0.00374	0.01214	0.00644	0.12803
16	0.00959	0.00719	0.01078	0.01078	0.01198	0.00839	0.00839	0.01198	0.01078	0.01558	0.01797	0.02636	0.01677	0.05032	0.73760	0.01078	0.01797	0.00719	0.00359	0.00599
17	0.00878	0.00653	0.00799	0.00822	0.00950	0.00594	0.00583	0.01078	0.01565	0.02097	0.31825	0.25158	0.20886	0.07787	0.01024	0.00268	0.00370	0.01436	0.00652	0.00574
18	0.00879	0.00636	0.00844	0.00987	0.01068	0.00601	0.00724	0.01046	0.01366	0.01791	0.03899	0.54266	0.09443	0.02012	0.00868	0.00278	0.00440	0.17665	0.00622	0.00564
19	0.01348	0.01275	0.02159	0.60245	0.18549	0.01512	0.01904	0.01785	0.01380	0.01813	0.01207	0.01762	0.00929	0.00656	0.00669	0.00219	0.00874	0.00597	0.00305	0.00811
20	0.01267	0.01193	0.02013	0.74806	0.04621	0.01491	0.01863	0.01714	0.01342	0.01714	0.01193	0.01789	0.00894	0.00671	0.00671	0.00224	0.00894	0.00596	0.00298	0.00745
21	0.00798	0.00660	0.00700	0.00732	0.00920	0.00562	0.00533	0.00957	0.01479	0.01792	0.06159	0.20779	0.58052	0.01782	0.00806	0.00236	0.00350	0.01517	0.00623	0.00562
22	0.01452	0.01411	0.01918	0.01603	0.01726	0.01816	0.01329	0.01630	0.01103	0.01733	0.00945	0.01452	0.00904	0.01035	0.01851	0.00254	0.59804	0.00548	0.00315	0.17170
23	0.07764	0.40280	0.02599	0.01297	0.01775	0.21529	0.01133	0.04750	0.01600	0.07473	0.01213	0.03661	0.01043	0.00688	0.00519	0.00167	0.00815	0.00463	0.00380	0.00851
24	0.01080	0.00764	0.00920	0.00859	0.01066	0.00704	0.00649	0.05033	0.01824	0.05692	0.41914	0.09886	0.24170	0.01457	0.00784	0.00219	0.00363	0.01259	0.00699	0.00660
25	0.04404	0.19907	0.02713	0.02663	0.34530	0.04364	0.04776	0.07635	0.06335	0.04542	0.01340	0.01565	0.01086	0.00640	0.00606	0.00189	0.00769	0.00549	0.00392	0.00995
26	0.03350	0.04526	0.04218	0.01702	0.16018	0.05838	0.03107	0.03842	0.05198	0.05363	0.06181	0.03743	0.28353	0.01113	0.00704	0.00209	0.00600	0.02507	0.00517	0.02908

[dist]
# distance from previous block
# <min> <max>
0	6

[block]
# block no. 8 follows, 32 sequences, length 86
# corresponding to MSA columns:
# 533-618
name=unknown_I
#
# <colnr> <probs for GDERKNQSTAVLIFYWHMCP>
#	G	D	E	R	K	N	Q	S	T	A	V	L	I	F	Y	W	H	M	C	P
0	0.01467	0.01213	0.01357	0.01297	0.03620	0.05388	0.02762	0.07147	0.20973	0.05293	0.09706	0.08374	0.15184	0.01276	0.00759	0.00235	0.00564	0.11938	0.00629	0.00819
1	0.01734	0.46240	0.24674	0.01446	0.02124	0.10081	0.01573	0.02118	0.01439	0.01753	0.01028	0.01196	0.00858	0.00606	0.00513	0.00168	0.00856	0.00409	0.00292	0.00892
2	0.01637	0.01308	0.01527	0.01184	0.01658	0.01243	0.02922	0.21299	0.06271	0.02866	0.13116	0.02444	0.06553	0.00831	0.00633	0.00166	0.00548	0.00687	0.00561	0.32545
3	0.05905	0.01521	0.01758	0.01430	0.01843	0.07429	0.06760	0.18099	0.11621	0.16532	0.10713	0.02542	0.04089	0.00926	0.00754	0.00215	0.03727	0.02560	0.00627	0.00950
4	0.01591	0.01679	0.03050	0.02504	0.10408	0.06207	0.41689	0.02070	0.03577	0.03984	0.01767	0.06260	0.04441	0.00886	0.02826	0.00249	0.04725	0.00823	0.00390	0.00872
5	0.00827	0.00662	0.00740	0.00761	0.00937	0.00575	0.00555	0.01014	0.01549	0.01956	0.18261	0.20049	0.46317	0.01719	0.00805	0.00233	0.00345	0.01476	0.00644	0.00575
6	0.02364	0.01671	0.01868	0.06197	0.02113	0.01836	0.01224	0.51594	0.06810	0.09974	0.01773	0.01899	0.01302	0.05241	0.00833	0.00231	0.00716	0.00641	0.00647	0.01068
7	0.03331	0.01509	0.02453	0.04882	0.39067	0.01526	0.10967	0.11738	0.01753	0.02454	0.04152	0.07514	0.04007	0.00804	0.00701	0.00211	0.00768	0.00769	0.00429	0.00966
8	0.01571	0.01258	0.01359	0.01111	0.01560	0.03385	0.00874	0.04330	0.22522	0.07864	0.04632	0.02637	0.11815	0.00862	0.00627	0.00173	0.00514	0.00707	0.00566	0.31633
9	0.00972	0.00667	0.00813	0.00813	0.00841	0.00695	0.00508	0.01028	0.01000	0.01361	0.02040	0.03980	0.02261	0.59722	0.19868	0.00751	0.00919	0.00916	0.00396	0.00452
10	0.01581	0.01680	0.03312	0.11291	0.09232	0.01691	0.46077	0.04180	0.06065	0.02179	0.01403	0.01817	0.01071	0.00641	0.00826	0.00226	0.04722	0.00734	0.00364	0.00908
11	0.01912	0.01499	0.04527	0.09009	0.25736	0.07272	0.01450	0.02311	0.04513	0.20331	0.07089	0.02444	0.07287	0.00830	0.00682	0.00206	0.00708	0.00716	0.00523	0.00957
12	0.01166	0.00583	0.00874	0.00874	0.00874	0.00583	0.00583	0.00874	0.00874	0.01166	0.01166	0.02040	0.01166	0.02331	0.02622	0.80478	0.00583	0.00583	0.00291	0.00291
13	0.02220	0.02223	0.05250	0.02206	0.14483	0.20207	0.09596	0.30171	0.02294	0.02882	0.01357	0.01533	0.01030	0.00705	0.00666	0.00197	0.00926	0.00577	0.00474	0.01001
14	0.01770	0.01779	0.04599	0.07497	0.49116	0.07650	0.01884	0.08475	0.01665	0.02271	0.01245	0.01606	0.01026	0.00669	0.00763	0.00205	0.05838	0.00581	0.00359	0.01004
15	0.00866	0.00640	0.00804	0.00852	0.00966	0.00584	0.00601	0.01062	0.01543	0.02077	0.29141	0.36073	0.16712	0.03795	0.00892	0.00252	0.00361	0.01543	0.00659	0.00577
16	0.01844	0.12162	0.08742	0.10485	0.04168	0.13276	0.05265	0.10609	0.04249	0.07230	0.09826	0.01969	0.01670	0.00798	0.00729	0.00201	0.04813	0.00625	0.00456	0.00881
17	0.04883	0.01667	0.01450	0.01228	0.01586	0.16563	0.00969	0.25547	0.04128	0.05878	0.01738	0.01864	0.01312	0.00771	0.00580	0.00181	0.00672	0.00574	0.27534	0.00873
18	0.02241	0.01501	0.01592	0.01286	0.01749	0.07343	0.01031	0.18445	0.14614	0.23959	0.04306	0.02325	0.06151	0.00862	0.00661	0.00196	0.00626	0.00686	0.00663	0.09763
19	0.04958	0.03024	0.01932	0.01719	0.02087	0.65318	0.03036	0.06672	0.01944	0.01853	0.01076	0.01246	0.00880	0.00693	0.00608	0.00177	0.01158	0.00450	0.00367	0.00801
20	0.00938	0.00680	0.00826	0.00817	0.00988	0.00607	0.00602	0.01171	0.01674	0.04331	0.36968	0.17744	0.27018	0.01588	0.00800	0.00227	0.00344	0.01383	0.00684	0.00612
21	0.01077	0.00812	0.00953	0.00890	0.01110	0.00783	0.00676	0.01592	0.12261	0.04492	0.42411	0.04932	0.22707	0.01372	0.00772	0.00218	0.00362	0.01182	0.00703	0.00695
22	0.03388	0.01659	0.10848	0.07551	0.35760	0.01442	0.07922	0.02017	0.01542	0.07275	0.07400	0.02142	0.04226	0.00746	0.00732	0.00211	0.03096	0.00686	0.00406	0.00953
23	0.00849	0.00609	0.00781	0.00887	0.00946	0.00568	0.00594	0.00979	0.01336	0.01786	0.11564	0.55862	0.08442	0.10112	0.01125	0.00304	0.00407	0.01697	0.00613	0.00541
24	0.01478	0.01434	0.02124	0.29089	0.28643	0.06143	0.01709	0.01900	0.03530	0.02026	0.09494	0.02083	0.01623	0.00763	0.00767	0.00214	0.05082	0.00663	0.00376	0.00860
25	0.01794	0.76823	0.03516	0.01148	0.01722	0.02655	0.01148	0.02009	0.01363	0.01579	0.00933	0.01076	0.00861	0.00574	0.00431	0.00144	0.00718	0.00359	0.00287	0.00861
26	0.01565	0.00868	0.01074	0.00990	0.01247	0.00808	0.00756	0.07336	0.01715	0.20320	0.09772	0.26199	0.15194	0.01449	0.00757	0.00231	0.00452	0.03226	0.05272	0.00766
27	0.00976	0.00651	0.00732	0.00732	0.00732	0.00651	0.00407	0.00976	0.00976	0.01301	0.02114	0.04391	0.02439	0.76419	0.03415	0.00651	0.00651	0.00976	0.00407	0.00407
28	0.01178	0.01017	0.01423	0.01267	0.01529	0.01032	0.10105	0.01891	0.20928	0.02248	0.14551	0.25698	0.11568	0.01395	0.00781	0.00238	0.00512	0.01265	0.00620	0.00755
29	0.01736	0.01475	0.01555	0.01379	0.01770	0.01700	0.01078	0.08603	0.65875	0.02915	0.02646	0.02436	0.01979	0.00902	0.00682	0.00226	0.00547	0.00747	0.00682	0.01068
30	0.01606	0.01365	0.01628	0.18345	0.02387	0.01585	0.01236	0.10187	0.42029	0.02624	0.02328	0.07989	0.01869	0.00937	0.00692	0.00227	0.00627	0.00794	0.00588	0.00957
31	0.02396	0.01391	0.02124	0.02444	0.30307	0.01322	0.03318	0.07070	0.01832	0.37824	0.01985	0.01975	0.01368	0.00728	0.00673	0.00204	0.00689	0.00642	0.00605	0.01103
32	0.00976	0.00651	0.00732	0.00732	0.00732	0.00651	0.00407	0.00976	0.00976	0.01301	0.02114	0.04391	0.02439	0.76419	0.03415	0.00651	0.00651	0.00976	0.00407	0.00407
33	0.57056	0.01845	0.01270	0.01137	0.01536	0.21757	0.00901	0.03956	0.01408	0.02659	0.00981	0.01137	0.00776	0.00647	0.00475	0.00198	0.00718	0.00389	0.00402	0.00752
34	0.01794	0.76823	0.03516	0.01148	0.01722	0.02655	0.01148	0.02009	0.01363	0.01579	0.00933	0.01076	0.00861	0.00574	0.00431	0.00144	0.00718	0.00359	0.00287	0.00861
35	0.02194	0.01513	0.01685	0.01366	0.01800	0.01632	0.01099	0.41012	0.11892	0.11885	0.06664	0.10156	0.02022	0.01001	0.00701	0.00214	0.00625	0.00815	0.00691	0.01033
36	0.02551	0.01879	0.02014	0.01544	0.02081	0.02081	0.01275	0.69996	0.03155	0.04229	0.01611	0.01611	0.01141	0.00805	0.00671	0.00201	0.00738	0.00604	0.00671	0.01141
37	0.00815	0.00594	0.00768	0.00906	0.00966	0.00547	0.00611	0.00937	0.01311	0.01724	0.04037	0.68387	0.11814	0.02058	0.00850	0.00267	0.00384	0.01854	0.00623	0.00547
38	0.04825	0.00655	0.00642	0.00637	0.00805	0.00665	0.00481	0.01582	0.01395	0.02524	0.02133	0.02438	0.01675	0.00775	0.00467	0.00159	0.00322	0.00614	0.76578	0.00630
39	0.01417	0.00835	0.01070	0.01020	0.01231	0.00793	0.00785	0.05991	0.01696	0.15105	0.19629	0.20447	0.06925	0.07865	0.01022	0.00277	0.00485	0.12021	0.00672	0.00715
