[name]
unknown

[dist]
# distance from previous block
# <min> <max>
0	18

[block]
# block no. 0 follows, 34 sequences, length 170
# corresponding to MSA columns:
# 18-187
name=unknown_A
#
# <colnr> <probs for GDERKNQSTAVLIFYWHMCP>
#	G	D	E	R	K	N	Q	S	T	A	V	L	I	F	Y	W	H	M	C	P
0	0.01747	0.01725	0.09852	0.04548	0.26464	0.03779	0.03330	0.22904	0.01932	0.02624	0.01624	0.02388	0.01410	0.02748	0.00742	0.00220	0.00767	0.09802	0.00453	0.00944
1	0.01765	0.01592	0.06296	0.03545	0.01840	0.05787	0.01152	0.20741	0.27921	0.04576	0.09560	0.02530	0.02070	0.00902	0.00667	0.00208	0.00625	0.04667	0.00598	0.02958
2	0.00796	0.00566	0.00747	0.00888	0.00924	0.00531	0.00588	0.00902	0.01220	0.01626	0.03472	0.72634	0.04161	0.06414	0.00968	0.00284	0.00390	0.01785	0.00588	0.00517
3	0.01499	0.01497	0.07300	0.21683	0.34173	0.01412	0.08251	0.01917	0.01451	0.06069	0.03397	0.01873	0.03150	0.00654	0.00654	0.00200	0.00790	0.00623	0.00356	0.03051
4	0.01451	0.03066	0.61660	0.01906	0.06250	0.01563	0.02227	0.10380	0.01572	0.02294	0.01210	0.01399	0.00863	0.00631	0.00619	0.00203	0.00916	0.00495	0.00320	0.00976
5	0.00810	0.00612	0.00749	0.00809	0.00925	0.00551	0.00571	0.00982	0.01443	0.01896	0.20587	0.39822	0.24399	0.01749	0.00793	0.00236	0.00345	0.01545	0.00626	0.00551
6	0.01735	0.70649	0.03296	0.01317	0.06629	0.04182	0.01170	0.01953	0.01336	0.01563	0.00923	0.01079	0.00843	0.00557	0.00434	0.00143	0.00707	0.00363	0.00281	0.00841
7	0.01115	0.00867	0.01154	0.00969	0.01286	0.00739	0.06186	0.01374	0.01550	0.06610	0.19671	0.06354	0.29416	0.01216	0.00706	0.00194	0.00436	0.03277	0.00574	0.16308
8	0.03997	0.10184	0.38417	0.01767	0.08745	0.03545	0.01789	0.08063	0.01574	0.08627	0.03832	0.04037	0.01225	0.00707	0.00607	0.00196	0.00804	0.00561	0.00388	0.00935
9	0.01588	0.04323	0.39002	0.01764	0.02498	0.01564	0.11514	0.15185	0.04170	0.04694	0.03732	0.01793	0.03805	0.00708	0.00649	0.00204	0.00850	0.00602	0.00407	0.00949
10	0.00827	0.00646	0.00836	0.00865	0.00994	0.00583	0.02879	0.00993	0.01395	0.01814	0.14174	0.39957	0.25802	0.04051	0.00870	0.00250	0.00381	0.01532	0.00600	0.00551
11	0.07345	0.01700	0.08169	0.01971	0.17144	0.08530	0.04789	0.11852	0.03914	0.16578	0.03160	0.01775	0.01266	0.00990	0.05686	0.00255	0.02867	0.00587	0.00483	0.00939
12	0.07111	0.04076	0.17019	0.08464	0.18360	0.01416	0.10435	0.02082	0.05792	0.08246	0.01607	0.03654	0.03152	0.00692	0.00628	0.00200	0.00758	0.00621	0.02306	0.03383
13	0.01684	0.01521	0.09708	0.01281	0.01701	0.01418	0.01113	0.18004	0.27696	0.07412	0.07790	0.02600	0.05983	0.05647	0.03285	0.00261	0.00631	0.00744	0.00595	0.00925
14	0.02414	0.03079	0.01831	0.01665	0.01998	0.74698	0.01248	0.02580	0.01831	0.01581	0.00999	0.01165	0.00832	0.00666	0.00583	0.00166	0.01165	0.00416	0.00333	0.00749
15	0.01385	0.01211	0.03473	0.00989	0.01572	0.00883	0.00819	0.01684	0.01356	0.04225	0.01190	0.01366	0.00972	0.00492	0.00488	0.00102	0.00495	0.00393	0.00392	0.76515
16	0.00898	0.00615	0.00748	0.00788	0.00808	0.00616	0.00486	0.00949	0.01028	0.01381	0.02413	0.23396	0.02793	0.50547	0.09262	0.00568	0.00662	0.01155	0.00443	0.00444
17	0.01206	0.00782	0.00964	0.00915	0.01122	0.00742	0.00691	0.03418	0.07162	0.11025	0.29106	0.20256	0.15447	0.01424	0.00754	0.00222	0.00389	0.03018	0.00671	0.00686
18	0.01692	0.01654	0.02615	0.03606	0.60380	0.05768	0.06426	0.06097	0.01588	0.02193	0.01229	0.01581	0.01014	0.00591	0.00645	0.00192	0.00808	0.00579	0.00340	0.01002
19	0.00806	0.00576	0.00739	0.00860	0.00903	0.00540	0.00566	0.00907	0.01210	0.01602	0.03521	0.63288	0.07779	0.12069	0.01151	0.00309	0.00406	0.01691	0.00572	0.00508
20	0.00914	0.00660	0.00864	0.00813	0.00965	0.00610	0.00610	0.01219	0.01829	0.02591	0.72921	0.04827	0.06097	0.01321	0.00762	0.00203	0.00305	0.01169	0.00711	0.00610
21	0.01678	0.01920	0.05217	0.04458	0.20259	0.16349	0.17863	0.02010	0.01427	0.01842	0.01098	0.01494	0.00919	0.00729	0.01026	0.00217	0.19758	0.00581	0.00312	0.00843
22	0.26062	0.22241	0.03938	0.01349	0.04155	0.26591	0.01101	0.04489	0.01490	0.02076	0.00973	0.01130	0.00807	0.00615	0.00488	0.00172	0.00805	0.00390	0.00347	0.00782
23	0.01525	0.01743	0.03813	0.02723	0.03377	0.01634	0.70915	0.02070	0.01525	0.02070	0.01307	0.01743	0.00980	0.00545	0.00763	0.00218	0.01089	0.00763	0.00327	0.00871
24	0.01376	0.01542	0.10679	0.36176	0.16216	0.01528	0.01746	0.02049	0.13064	0.01951	0.01387	0.01750	0.01069	0.00701	0.00745	0.00215	0.06012	0.00588	0.00353	0.00852
25	0.00772	0.00655	0.00666	0.00663	0.00878	0.00549	0.00497	0.00943	0.01492	0.01791	0.10127	0.06143	0.69389	0.01619	0.00764	0.00217	0.00326	0.01353	0.00606	0.00549
26	0.00909	0.00660	0.00857	0.00808	0.00962	0.00608	0.00606	0.01210	0.01817	0.02563	0.70715	0.04873	0.08320	0.01331	0.00762	0.00204	0.00306	0.01175	0.00708	0.00608
27	0.01336	0.03059	0.61537	0.01998	0.02899	0.01524	0.14511	0.02050	0.01393	0.02050	0.01186	0.01431	0.00847	0.00602	0.00640	0.00207	0.00979	0.00528	0.00282	0.00940
28	0.00862	0.00658	0.00791	0.00758	0.00933	0.00587	0.00568	0.01118	0.01705	0.02297	0.49875	0.05310	0.29326	0.01430	0.00763	0.00208	0.00313	0.01236	0.00673	0.00587
29	0.01381	0.01173	0.01362	0.00976	0.01549	0.00903	0.00783	0.04170	0.01402	0.02177	0.01163	0.01348	0.00962	0.00489	0.00485	0.00099	0.00487	0.00390	0.00392	0.78309
30	0.01325	0.03083	0.65439	0.01753	0.02632	0.01463	0.02209	0.05289	0.01476	0.02181	0.06152	0.01613	0.01198	0.00671	0.00626	0.00204	0.00898	0.00530	0.00321	0.00938
31	0.00802	0.00573	0.00767	0.00916	0.00960	0.00537	0.00625	0.00925	0.01251	0.01666	0.03553	0.72865	0.04242	0.02011	0.00829	0.00264	0.00388	0.05698	0.00600	0.00529
32	0.01291	0.01677	0.19790	0.06626	0.04652	0.01274	0.05003	0.02181	0.22525	0.02353	0.20720	0.02777	0.04551	0.00904	0.00681	0.00210	0.00628	0.00785	0.00518	0.00854
33	0.00787	0.00562	0.00750	0.00900	0.00937	0.00525	0.00600	0.00900	0.01237	0.01649	0.03561	0.76871	0.04274	0.02024	0.00825	0.00262	0.00375	0.01837	0.00600	0.00525
34	0.01311	0.05859	0.71556	0.01817	0.02758	0.01536	0.02344	0.02042	0.01362	0.02028	0.01151	0.01353	0.00819	0.00612	0.00607	0.00202	0.00946	0.00473	0.00273	0.00951
35	0.02357	0.01714	0.01833	0.01417	0.01905	0.01893	0.01167	0.65608	0.02905	0.03941	0.01595	0.01619	0.01143	0.00774	0.00631	0.00190	0.00679	0.00583	0.06985	0.01060
36	0.77219	0.01370	0.05152	0.00907	0.01339	0.01452	0.00797	0.01908	0.01115	0.02850	0.00915	0.01068	0.00707	0.00601	0.00412	0.00200	0.00526	0.00357	0.00393	0.00714
37	0.01071	0.00697	0.00826	0.00795	0.01003	0.00608	0.00595	0.01271	0.01564	0.10978	0.21112	0.17141	0.36897	0.01522	0.00759	0.00220	0.00358	0.01307	0.00651	0.00627
38	0.01397	0.01339	0.06401	0.05588	0.03705	0.01349	0.01089	0.02665	0.44352	0.02554	0.19242	0.02855	0.02790	0.00943	0.00678	0.00213	0.00520	0.00805	0.00613	0.00902
39	0.00779	0.00636	0.00689	0.00716	0.00892	0.00546	0.00521	0.00942	0.01449	0.01784	0.10534	0.20605	0.54275	0.01694	0.00776	0.00226	0.00335	0.01447	0.00608	0.00546
40	0.01734	0.01806	0.01991	0.24743	0.04541	0.20649	0.05621	0.09504	0.05663	0.01973	0.01224	0.01577	0.00976	0.00873	0.03174	0.00236	0.11999	0.00557	0.00364	0.00796
41	0.02386	0.03026	0.01858	0.01744	0.04448	0.72182	0.01274	0.02560	0.01819	0.01600	0.01006	0.01180	0.00839	0.00663	0.00585	0.00167	0.01152	0.00422	0.00332	0.00759
42	0.00938	0.00629	0.00716	0.00712	0.00723	0.00625	0.00407	0.00959	0.01001	0.01346	0.06948	0.04270	0.02609	0.72027	0.03114	0.00597	0.00604	0.00955	0.00414	0.00407
43	0.01448	0.01145	0.01351	0.00970	0.01539	0.00867	0.00778	0.01732	0.01375	0.07068	0.01246	0.01399	0.01002	0.00501	0.00490	0.00103	0.00483	0.00401	0.00412	0.75688
44	0.00790	0.00656	0.00691	0.00682	0.00889	0.00557	0.00511	0.00978	0.01534	0.01891	0.17977	0.05979	0.61477	0.01582	0.00763	0.00216	0.00323	0.01330	0.00619	0.00557
45	0.02899	0.01100	0.01499	0.01150	0.01649	0.00950	0.00950	0.03149	0.01849	0.73709	0.02549	0.02199	0.01599	0.00800	0.00650	0.00200	0.00550	0.00650	0.00800	0.01100
46	0.00923	0.00692	0.01038	0.01038	0.01154	0.00808	0.00808	0.01154	0.01038	0.01500	0.01731	0.02538	0.01615	0.04846	0.74732	0.01038	0.01731	0.00692	0.00346	0.00577
47	0.01597	0.01542	0.02663	0.03924	0.70896	0.01539	0.04317	0.01986	0.01473	0.02110	0.01218	0.01604	0.01022	0.00575	0.00644	0.00193	0.00778	0.00582	0.00320	0.01018
48	0.01780	0.01474	0.01559	0.01350	0.01746	0.01688	0.01065	0.17234	0.58012	0.02982	0.02410	0.02235	0.01794	0.00856	0.00655	0.00214	0.00552	0.00700	0.00655	0.01038
49	0.01122	0.00561	0.00842	0.00842	0.00842	0.00561	0.00561	0.00842	0.00842	0.01122	0.01122	0.01964	0.01122	0.02245	0.02525	0.81201	0.00561	0.00561	0.00281	0.00281
50	0.81856	0.01250	0.00950	0.00850	0.01250	0.01449	0.00700	0.01899	0.01100	0.02899	0.00900	0.01050	0.00700	0.00600	0.00400	0.00200	0.00500	0.00350	0.00400	0.00700
51	0.01702	0.01753	0.08642	0.11274	0.18255	0.07760	0.03427	0.15738	0.11723	0.02407	0.01482	0.01734	0.01158	0.01031	0.06540	0.00268	0.03170	0.00590	0.00426	0.00922
52	0.00787	0.00562	0.00750	0.00900	0.00937	0.00525	0.00600	0.00900	0.01237	0.01649	0.03561	0.76871	0.04274	0.02024	0.00825	0.00262	0.00375	0.01837	0.00600	0.00525
53	0.02414	0.03079	0.01831	0.01665	0.01998	0.74698	0.01248	0.02580	0.01831	0.01581	0.00999	0.01165	0.00832	0.00666	0.00583	0.00166	0.01165	0.00416	0.00333	0.00749
54	0.01601	0.07812	0.54071	0.01740	0.04293	0.01539	0.02044	0.06807	0.01534	0.10675	0.01335	0.01460	0.00936	0.00642	0.00608	0.00199	0.00868	0.00499	0.00362	0.00975
55	0.02083	0.01404	0.01829	0.17157	0.11526	0.07609	0.03457	0.02652	0.13352	0.29278	0.01928	0.01955	0.01349	0.00732	0.00647	0.00203	0.00706	0.00621	0.00553	0.00960
56	0.46792	0.01270	0.01461	0.10701	0.16956	0.01406	0.01120	0.01975	0.01267	0.08103	0.01156	0.01372	0.00882	0.00620	0.00502	0.00199	0.00600	0.00455	0.02365	0.00800
57	0.01791	0.70821	0.03243	0.01157	0.01690	0.09190	0.01119	0.01994	0.01361	0.01526	0.00908	0.01048	0.00829	0.00563	0.00430	0.00141	0.00735	0.00352	0.00282	0.00822
58	0.02414	0.03079	0.01831	0.01665	0.01998	0.74698	0.01248	0.02580	0.01831	0.01581	0.00999	0.01165	0.00832	0.00666	0.00583	0.00166	0.01165	0.00416	0.00333	0.00749
59	0.01013	0.00641	0.00775	0.00742	0.00893	0.00607	0.00556	0.01316	0.01669	0.02529	0.48978	0.04009	0.04595	0.01129	0.00657	0.00185	0.00304	0.00977	0.27817	0.00607
60	0.00814	0.00589	0.00773	0.00894	0.00961	0.00548	0.00621	0.00959	0.01324	0.01764	0.10481	0.61293	0.08595	0.01918	0.00819	0.00256	0.00379	0.05864	0.00610	0.00539
61	0.00896	0.00656	0.00840	0.00801	0.00956	0.00601	0.00598	0.01180	0.01774	0.02477	0.64170	0.07636	0.12248	0.01376	0.00765	0.00207	0.00310	0.01212	0.00697	0.00601
62	0.00811	0.00656	0.00720	0.00704	0.00902	0.00566	0.00528	0.01019	0.01585	0.02012	0.27434	0.05780	0.51945	0.01537	0.00763	0.00213	0.00320	0.01302	0.00635	0.00566
63	0.01236	0.00632	0.00636	0.00624	0.00784	0.00637	0.00471	0.03245	0.01397	0.02450	0.02094	0.02387	0.01642	0.00753	0.00457	0.00152	0.00311	0.00602	0.78874	0.00615
64	0.01414	0.01414	0.01979	0.01696	0.01696	0.01979	0.01414	0.01555	0.00990	0.01555	0.00848	0.01414	0.00848	0.01131	0.02120	0.00283	0.76110	0.00565	0.00283	0.00707
65	0.08371	0.01110	0.01461	0.01129	0.01622	0.00984	0.00932	0.03062	0.01797	0.68802	0.02435	0.02120	0.01537	0.00786	0.00632	0.00200	0.00546	0.00629	0.00772	0.01072
66	0.00797	0.00569	0.00761	0.00910	0.00952	0.00533	0.00616	0.00916	0.01246	0.01660	0.03556	0.74282	0.04253	0.02015	0.00827	0.00264	0.00383	0.04332	0.00600	0.00527
67	0.01607	0.01388	0.01461	0.01315	0.01680	0.01607	0.01023	0.03433	0.72094	0.02703	0.02630	0.02411	0.01972	0.00877	0.00657	0.00219	0.00511	0.00731	0.00657	0.01023
68	0.81856	0.01250	0.00950	0.00850	0.01250	0.01449	0.00700	0.01899	0.01100	0.02899	0.00900	0.01050	0.00700	0.00600	0.00400	0.00200	0.00500	0.00350	0.00400	0.00700
69	0.02487	0.01761	0.01909	0.01463	0.01979	0.01931	0.01209	0.66397	0.02956	0.08898	0.01620	0.01596	0.01134	0.00777	0.00647	0.00194	0.00700	0.00586	0.00657	0.01099
70	0.02509	0.01453	0.01671	0.01296	0.01778	0.01507	0.01066	0.39366	0.04418	0.29559	0.01987	0.01873	0.01346	0.00786	0.00634	0.00194	0.00618	0.00612	0.06264	0.01063
71	0.01727	0.77681	0.03386	0.01106	0.01658	0.02557	0.01106	0.01935	0.01313	0.01520	0.00898	0.01036	0.00829	0.00553	0.00415	0.00138	0.00691	0.00345	0.00276	0.00829
72	0.00904	0.00660	0.00849	0.00802	0.00959	0.00605	0.00601	0.01199	0.01804	0.02532	0.68321	0.04923	0.10733	0.01343	0.00762	0.00204	0.00306	0.01182	0.00704	0.00605
73	0.02703	0.01290	0.01602	0.01242	0.01737	0.01248	0.01022	0.19472	0.07003	0.52082	0.02315	0.02058	0.01505	0.00799	0.00649	0.00200	0.00586	0.00639	0.00753	0.01094
74	0.01778	0.72423	0.03286	0.01132	0.01682	0.02518	0.01114	0.06729	0.01432	0.01697	0.00944	0.01072	0.00848	0.00568	0.00431	0.00142	0.00692	0.00362	0.00302	0.00848
75	0.01122	0.00561	0.00842	0.00842	0.00842	0.00561	0.00561	0.00842	0.00842	0.01122	0.01122	0.01964	0.01122	0.02245	0.02525	0.81201	0.00561	0.00561	0.00281	0.00281
76	0.01122	0.00561	0.00842	0.00842	0.00842	0.00561	0.00561	0.00842	0.00842	0.01122	0.01122	0.01964	0.01122	0.02245	0.02525	0.81201	0.00561	0.00561	0.00281	0.00281
77	0.69162	0.01281	0.01047	0.00912	0.01323	0.03421	0.00748	0.02084	0.01220	0.12265	0.01121	0.01205	0.00823	0.00628	0.00438	0.00199	0.00525	0.00392	0.00451	0.00754
78	0.01346	0.01167	0.01416	0.01012	0.01588	0.00885	0.02932	0.01641	0.01346	0.02104	0.01153	0.01352	0.00958	0.00481	0.00487	0.00099	0.00497	0.00395	0.00381	0.78761
79	0.00795	0.00568	0.00759	0.00909	0.00949	0.00532	0.00613	0.00913	0.01245	0.01658	0.03557	0.74745	0.04257	0.02017	0.00827	0.00263	0.00382	0.03886	0.00600	0.00527
80	0.00798	0.00567	0.00747	0.00886	0.00921	0.00532	0.00585	0.00902	0.01216	0.01622	0.03456	0.71836	0.04140	0.07241	0.00995	0.00288	0.00392	0.01775	0.00585	0.00516
81	0.81856	0.01250	0.00950	0.00850	0.01250	0.01449	0.00700	0.01899	0.01100	0.02899	0.00900	0.01050	0.00700	0.00600	0.00400	0.00200	0.00500	0.00350	0.00400	0.00700
82	0.01857	0.16583	0.02148	0.06521	0.08693	0.26779	0.03165	0.04753	0.07925	0.01923	0.03397	0.01492	0.01143	0.00651	0.00567	0.00166	0.00831	0.00491	0.00376	0.10541
83	0.25550	0.38140	0.02313	0.01157	0.01615	0.18636	0.01018	0.02071	0.01368	0.01941	0.00922	0.01070	0.00792	0.00592	0.00448	0.00163	0.00742	0.00363	0.00326	0.00773
84	0.00998	0.00829	0.01302	0.08645	0.12395	0.00826	0.04186	0.01213	0.01315	0.01774	0.04801	0.50581	0.03333	0.01576	0.00777	0.00245	0.00519	0.03527	0.00518	0.00640
85	0.05174	0.01074	0.01439	0.01117	0.01590	0.00941	0.00918	0.02977	0.01825	0.66617	0.07376	0.02346	0.01884	0.00830	0.00650	0.00200	0.00531	0.00677	0.00781	0.01053
86	0.00929	0.00622	0.00708	0.00718	0.00721	0.00619	0.00406	0.00937	0.00960	0.01280	0.02142	0.09263	0.02482	0.72076	0.03118	0.00601	0.00609	0.01002	0.00406	0.00401
87	0.01727	0.77681	0.03386	0.01106	0.01658	0.02557	0.01106	0.01935	0.01313	0.01520	0.00898	0.01036	0.00829	0.00553	0.00415	0.00138	0.00691	0.00345	0.00276	0.00829
88	0.01396	0.01199	0.01365	0.01032	0.01563	0.01018	0.00820	0.02007	0.16212	0.02231	0.01460	0.01565	0.01170	0.00562	0.00516	0.00122	0.00485	0.00456	0.00441	0.64380
89	0.02405	0.01784	0.01910	0.01476	0.01984	0.01980	0.01216	0.66998	0.07231	0.03989	0.01617	0.01603	0.01152	0.00782	0.00647	0.00195	0.00699	0.00591	0.00647	0.01094
90	0.01250	0.01179	0.01992	0.70069	0.09887	0.01443	0.01809	0.01677	0.01306	0.01687	0.01154	0.01713	0.00874	0.00640	0.00645	0.00213	0.00854	0.00574	0.00290	0.00742
91	0.01043	0.00715	0.00822	0.00790	0.00837	0.00739	0.00489	0.05823	0.01094	0.01472	0.01973	0.03883	0.02193	0.65138	0.09862	0.00635	0.00737	0.00891	0.00405	0.00458
92	0.00892	0.00606	0.00719	0.00765	0.00777	0.00595	0.00456	0.00927	0.01032	0.01376	0.02511	0.26847	0.02948	0.53856	0.02521	0.00513	0.00548	0.01219	0.00456	0.00433
93	0.00832	0.00657	0.00749	0.00726	0.00915	0.00574	0.00545	0.01059	0.01634	0.02128	0.36561	0.05589	0.42746	0.01494	0.00763	0.00211	0.00317	0.01275	0.00650	0.00574
94	0.00810	0.00656	0.00719	0.00704	0.00901	0.00565	0.00528	0.01018	0.01583	0.02008	0.27133	0.05787	0.52249	0.01539	0.00763	0.00214	0.00320	0.01303	0.00635	0.00565
95	0.01204	0.00602	0.00602	0.00602	0.00753	0.00602	0.00452	0.01506	0.01355	0.02409	0.02108	0.02409	0.01656	0.00753	0.00452	0.00151	0.00301	0.00602	0.80879	0.00602
96	0.00787	0.00562	0.00750	0.00900	0.00937	0.00525	0.00600	0.00900	0.01237	0.01649	0.03561	0.76871	0.04274	0.02024	0.00825	0.00262	0.00375	0.01837	0.00600	0.00525
97	0.02414	0.03079	0.01831	0.01665	0.01998	0.74698	0.01248	0.02580	0.01831	0.01581	0.00999	0.01165	0.00832	0.00666	0.00583	0.00166	0.01165	0.00416	0.00333	0.00749
98	0.02439	0.01718	0.01860	0.01432	0.01934	0.01882	0.01181	0.64052	0.02897	0.08586	0.01638	0.01626	0.01152	0.00776	0.00639	0.00193	0.00685	0.00587	0.03642	0.01080
99	0.00997	0.00712	0.00991	0.01140	0.01270	0.00706	0.00965	0.01263	0.01444	0.01885	0.03445	0.19272	0.03814	0.01826	0.00881	0.00291	0.00557	0.57361	0.00596	0.00583
100	0.81856	0.01250	0.00950	0.00850	0.01250	0.01449	0.00700	0.01899	0.01100	0.02899	0.00900	0.01050	0.00700	0.00600	0.00400	0.00200	0.00500	0.00350	0.00400	0.00700
101	0.02456	0.01810	0.01939	0.01487	0.02004	0.02004	0.01228	0.71107	0.03038	0.04072	0.01551	0.01551	0.01099	0.00776	0.00646	0.00194	0.00711	0.00582	0.00646	0.01099
102	0.01340	0.01148	0.01340	0.00957	0.01531	0.00861	0.00766	0.01627	0.01340	0.02105	0.01148	0.01340	0.00957	0.00479	0.00479	0.00096	0.00479	0.00383	0.00383	0.81242
103	0.00923	0.00692	0.01038	0.01038	0.01154	0.00808	0.00808	0.01154	0.01038	0.01500	0.01731	0.02538	0.01615	0.04846	0.74732	0.01038	0.01731	0.00692	0.00346	0.00577
104	0.81856	0.01250	0.00950	0.00850	0.01250	0.01449	0.00700	0.01899	0.01100	0.02899	0.00900	0.01050	0.00700	0.00600	0.00400	0.00200	0.00500	0.00350	0.00400	0.00700
105	0.02456	0.01810	0.01939	0.01487	0.02004	0.02004	0.01228	0.71107	0.03038	0.04072	0.01551	0.01551	0.01099	0.00776	0.00646	0.00194	0.00711	0.00582	0.00646	0.01099
106	0.00940	0.00626	0.00705	0.00705	0.00705	0.00626	0.00392	0.00940	0.00940	0.01253	0.02036	0.04228	0.02349	0.77292	0.03289	0.00626	0.00626	0.00940	0.00392	0.00392
107	0.02456	0.01810	0.01939	0.01487	0.02004	0.02004	0.01228	0.71107	0.03038	0.04072	0.01551	0.01551	0.01099	0.00776	0.00646	0.00194	0.00711	0.00582	0.00646	0.01099
108	0.01340	0.01148	0.01340	0.00957	0.01531	0.00861	0.00766	0.01627	0.01340	0.02105	0.01148	0.01340	0.00957	0.00479	0.00479	0.00096	0.00479	0.00383	0.00383	0.81242
109	0.00787	0.00562	0.00750	0.00900	0.00937	0.00525	0.00600	0.00900	0.01237	0.01649	0.03561	0.76871	0.04274	0.02024	0.00825	0.00262	0.00375	0.01837	0.00600	0.00525
110	0.02023	0.01731	0.01629	0.01371	0.01768	0.12716	0.01087	0.30730	0.25356	0.03035	0.01874	0.01875	0.01407	0.00904	0.02696	0.00218	0.00708	0.00610	0.07298	0.00965
111	0.00858	0.00720	0.00911	0.00833	0.01053	0.00635	0.04590	0.01089	0.01574	0.02018	0.26546	0.05431	0.46304	0.01564	0.02788	0.00236	0.00403	0.01251	0.00612	0.00585
112	0.02215	0.24834	0.02289	0.01495	0.01899	0.50910	0.01206	0.04941	0.01725	0.01656	0.00990	0.01142	0.00841	0.00637	0.00536	0.00159	0.01010	0.00402	0.00328	0.00785
113	0.01746	0.02403	0.39943	0.01538	0.02293	0.01388	0.01726	0.12619	0.01695	0.14356	0.01450	0.01529	0.01013	0.00649	0.00604	0.00186	0.00778	0.00508	0.00434	0.13142
114	0.01549	0.15691	0.33200	0.01592	0.02260	0.04048	0.08019	0.09158	0.01637	0.04410	0.10802	0.01843	0.01595	0.00716	0.00616	0.00191	0.00803	0.00587	0.00394	0.00891
115	0.01607	0.01353	0.01424	0.01278	0.01635	0.01559	0.00995	0.05209	0.65997	0.02724	0.02569	0.02387	0.01929	0.00866	0.00645	0.00214	0.00505	0.00719	0.05385	0.01000
116	0.75249	0.01402	0.01023	0.00917	0.01312	0.07542	0.00745	0.01956	0.01160	0.02789	0.00908	0.01059	0.00711	0.00605	0.00415	0.00197	0.00555	0.00355	0.00394	0.00704
117	0.01397	0.01997	0.29338	0.21521	0.02801	0.03783	0.03762	0.01963	0.05106	0.07809	0.04780	0.09738	0.01559	0.00832	0.00660	0.00213	0.00794	0.00712	0.00398	0.00836
118	0.01429	0.01144	0.01567	0.28999	0.02603	0.01149	0.01182	0.07649	0.01556	0.06285	0.09927	0.01972	0.01591	0.00687	0.00600	0.00168	0.00625	0.00582	0.00433	0.29851
119	0.00930	0.00687	0.01031	0.01031	0.01142	0.00799	0.00799	0.01142	0.01031	0.01486	0.01708	0.02517	0.01597	0.04751	0.72089	0.03973	0.01688	0.00687	0.00344	0.00566
120	0.81856	0.01250	0.00950	0.00850	0.01250	0.01449	0.00700	0.01899	0.01100	0.02899	0.00900	0.01050	0.00700	0.00600	0.00400	0.00200	0.00500	0.00350	0.00400	0.00700
121	0.01340	0.01148	0.01340	0.00957	0.01531	0.00861	0.00766	0.01627	0.01340	0.02105	0.01148	0.01340	0.00957	0.00479	0.00479	0.00096	0.00479	0.00383	0.00383	0.81242
122	0.01296	0.03342	0.73944	0.01842	0.02797	0.01501	0.02387	0.02046	0.01364	0.02046	0.01160	0.01364	0.00818	0.00614	0.00614	0.00205	0.00955	0.00477	0.00273	0.00955
123	0.00940	0.00626	0.00705	0.00705	0.00705	0.00626	0.00392	0.00940	0.00940	0.01253	0.02036	0.04228	0.02349	0.77292	0.03289	0.00626	0.00626	0.00940	0.00392	0.00392
124	0.01340	0.01148	0.01340	0.00957	0.01531	0.00861	0.00766	0.01627	0.01340	0.02105	0.01148	0.01340	0.00957	0.00479	0.00479	0.00096	0.00479	0.00383	0.00383	0.81242
125	0.00787	0.00562	0.00750	0.00900	0.00937	0.00525	0.00600	0.00900	0.01237	0.01649	0.03561	0.76871	0.04274	0.02024	0.00825	0.00262	0.00375	0.01837	0.00600	0.00525
126	0.01204	0.00602	0.00602	0.00602	0.00753	0.00602	0.00452	0.01506	0.01355	0.02409	0.02108	0.02409	0.01656	0.00753	0.00452	0.00151	0.00301	0.00602	0.80879	0.00602
127	0.01607	0.01388	0.01461	0.01315	0.01680	0.01607	0.01023	0.03433	0.72094	0.02703	0.02630	0.02411	0.01972	0.00877	0.00657	0.00219	0.00511	0.00731	0.00657	0.01023
128	0.00910	0.00660	0.00857	0.00808	0.00962	0.00608	0.00606	0.01210	0.01817	0.02563	0.70732	0.04872	0.08303	0.01331	0.00762	0.00204	0.00306	0.01175	0.00708	0.00608
129	0.01220	0.01148	0.01938	0.75739	0.04450	0.01436	0.01794	0.01651	0.01292	0.01651	0.01148	0.01723	0.00861	0.00646	0.00646	0.00215	0.00861	0.00574	0.00287	0.00718
130	0.01727	0.77681	0.03386	0.01106	0.01658	0.02557	0.01106	0.01935	0.01313	0.01520	0.00898	0.01036	0.00829	0.00553	0.00415	0.00138	0.00691	0.00345	0.00276	0.00829
131	0.01727	0.77681	0.03386	0.01106	0.01658	0.02557	0.01106	0.01935	0.01313	0.01520	0.00898	0.01036	0.00829	0.00553	0.00415	0.00138	0.00691	0.00345	0.00276	0.00829
132	0.00940	0.00687	0.00886	0.00831	0.00991	0.00646	0.00625	0.01300	0.04401	0.02595	0.70348	0.04738	0.05946	0.01305	0.00758	0.00204	0.00312	0.01152	0.00709	0.00625
133	0.01409	0.01238	0.01979	0.60839	0.11620	0.03372	0.01742	0.01815	0.01364	0.06693	0.01249	0.01727	0.00929	0.00650	0.00644	0.00210	0.00838	0.00575	0.00327	0.00778
134	0.02899	0.01100	0.01499	0.01150	0.01649	0.00950	0.00950	0.03149	0.01849	0.73709	0.02549	0.02199	0.01599	0.00800	0.00650	0.00200	0.00550	0.00650	0.00800	0.01100
135	0.01414	0.01414	0.01979	0.01696	0.01696	0.01979	0.01414	0.01555	0.00990	0.01555	0.00848	0.01414	0.00848	0.01131	0.02120	0.00283	0.76110	0.00565	0.00283	0.00707
136	0.01448	0.01380	0.02349	0.32689	0.45724	0.01495	0.01908	0.01850	0.01400	0.01927	0.01189	0.01649	0.00959	0.00604	0.00642	0.00201	0.00805	0.00575	0.00307	0.00901
137	0.00792	0.00634	0.00711	0.00761	0.00923	0.00554	0.00559	0.00953	0.01417	0.01753	0.07262	0.26062	0.47610	0.01746	0.00789	0.00235	0.00357	0.05736	0.00603	0.00544
138	0.00914	0.00660	0.00864	0.00813	0.00965	0.00610	0.00610	0.01219	0.01829	0.02591	0.72921	0.04827	0.06097	0.01321	0.00762	0.00203	0.00305	0.01169	0.00711	0.00610
139	0.00787	0.00562	0.00750	0.00900	0.00937	0.00525	0.00600	0.00900	0.01237	0.01649	0.03561	0.76871	0.04274	0.02024	0.00825	0.00262	0.00375	0.01837	0.00600	0.00525
140	0.01659	0.65961	0.14510	0.01222	0.01838	0.02390	0.01308	0.01952	0.01321	0.01603	0.00939	0.01088	0.00828	0.00562	0.00446	0.00149	0.00733	0.00366	0.00276	0.00849
141	0.02358	0.01738	0.01881	0.01458	0.01949	0.01927	0.01201	0.66624	0.02910	0.03907	0.01563	0.01615	0.01132	0.01036	0.05394	0.00248	0.00776	0.00589	0.00627	0.01065
142	0.00787	0.00562	0.00750	0.00900	0.00937	0.00525	0.00600	0.00900	0.01237	0.01649	0.03561	0.76871	0.04274	0.02024	0.00825	0.00262	0.00375	0.01837	0.00600	0.00525
143	0.79193	0.03790	0.01031	0.00858	0.01263	0.01486	0.00713	0.01901	0.01107	0.02853	0.00900	0.01049	0.00704	0.00598	0.00400	0.00198	0.00506	0.00350	0.00396	0.00704
144	0.00893	0.00660	0.00833	0.00790	0.00952	0.00600	0.00592	0.01177	0.01777	0.02468	0.63253	0.05029	0.15841	0.01367	0.00762	0.00205	0.00308	0.01197	0.00695	0.00600
145	0.01896	0.01917	0.04150	0.05171	0.32696	0.15982	0.03769	0.15120	0.08594	0.02411	0.01370	0.01585	0.01079	0.00662	0.00635	0.00192	0.00829	0.00564	0.00413	0.00967
146	0.04476	0.01731	0.02006	0.03854	0.02127	0.01891	0.05552	0.59103	0.02773	0.07643	0.01561	0.01591	0.01101	0.00754	0.00647	0.00197	0.00725	0.00590	0.00617	0.01062
147	0.00805	0.00653	0.00714	0.00705	0.00900	0.00562	0.00526	0.01005	0.01560	0.01969	0.24203	0.08176	0.52836	0.01565	0.00765	0.00216	0.00323	0.01327	0.00630	0.00562
148	0.02899	0.01100	0.01499	0.01150	0.01649	0.00950	0.00950	0.03149	0.01849	0.73709	0.02549	0.02199	0.01599	0.00800	0.00650	0.00200	0.00550	0.00650	0.00800	0.01100
149	0.01289	0.00662	0.00686	0.00659	0.00824	0.00663	0.00491	0.03822	0.01400	0.04994	0.02101	0.02499	0.01684	0.06060	0.00662	0.00187	0.00346	0.00627	0.69724	0.00622
150	0.00914	0.00660	0.00864	0.00813	0.00965	0.00610	0.00610	0.01219	0.01829	0.02591	0.72921	0.04827	0.06097	0.01321	0.00762	0.00203	0.00305	0.01169	0.00711	0.00610
151	0.00806	0.00656	0.00714	0.00699	0.00899	0.00564	0.00524	0.01010	0.01573	0.01984	0.25284	0.05825	0.54112	0.01547	0.00763	0.00214	0.00321	0.01309	0.00631	0.00564
152	0.81856	0.01250	0.00950	0.00850	0.01250	0.01449	0.00700	0.01899	0.01100	0.02899	0.00900	0.01050	0.00700	0.00600	0.00400	0.00200	0.00500	0.00350	0.00400	0.00700
153	0.81856	0.01250	0.00950	0.00850	0.01250	0.01449	0.00700	0.01899	0.01100	0.02899	0.00900	0.01050	0.00700	0.00600	0.00400	0.00200	0.00500	0.00350	0.00400	0.00700
154	0.02456	0.01810	0.01939	0.01487	0.02004	0.02004	0.01228	0.71107	0.03038	0.04072	0.01551	0.01551	0.01099	0.00776	0.00646	0.00194	0.00711	0.00582	0.00646	0.01099
155	0.01041	0.00744	0.01041	0.01190	0.01339	0.00744	0.01041	0.01339	0.01487	0.01934	0.03421	0.07288	0.03719	0.01785	0.00892	0.00297	0.00595	0.68913	0.00595	0.00595
156	0.81856	0.01250	0.00950	0.00850	0.01250	0.01449	0.00700	0.01899	0.01100	0.02899	0.00900	0.01050	0.00700	0.00600	0.00400	0.00200	0.00500	0.00350	0.00400	0.00700
157	0.81856	0.01250	0.00950	0.00850	0.01250	0.01449	0.00700	0.01899	0.01100	0.02899	0.00900	0.01050	0.00700	0.00600	0.00400	0.00200	0.00500	0.00350	0.00400	0.00700
158	0.01041	0.00744	0.01041	0.01190	0.01339	0.00744	0.01041	0.01339	0.01487	0.01934	0.03421	0.07288	0.03719	0.01785	0.00892	0.00297	0.00595	0.68913	0.00595	0.00595
159	0.03042	0.00624	0.00797	0.00896	0.00974	0.00598	0.00617	0.01061	0.03524	0.01880	0.15552	0.59947	0.04423	0.01827	0.00797	0.00249	0.00370	0.01646	0.00616	0.00560
160	0.02670	0.01143	0.01494	0.01159	0.01629	0.01042	0.00952	0.10873	0.01986	0.59253	0.08730	0.02359	0.01944	0.00844	0.00659	0.00200	0.00547	0.00688	0.00774	0.01056
161	0.00787	0.00562	0.00750	0.00900	0.00937	0.00525	0.00600	0.00900	0.01237	0.01649	0.03561	0.76871	0.04274	0.02024	0.00825	0.00262	0.00375	0.01837	0.00600	0.00525
162	0.01296	0.03342	0.73944	0.01842	0.02797	0.01501	0.02387	0.02046	0.01364	0.02046	0.01160	0.01364	0.00818	0.00614	0.00614	0.00205	0.00955	0.00477	0.00273	0.00955
163	0.01122	0.00561	0.00842	0.00842	0.00842	0.00561	0.00561	0.00842	0.00842	0.01122	0.01122	0.01964	0.01122	0.02245	0.02525	0.81201	0.00561	0.00561	0.00281	0.00281
164	0.02594	0.01251	0.01552	0.01227	0.01704	0.01219	0.01002	0.12508	0.15321	0.50722	0.02428	0.02151	0.01602	0.00811	0.00651	0.00203	0.00565	0.00656	0.00752	0.01085
165	0.02234	0.01108	0.01382	0.01137	0.01541	0.01076	0.00911	0.04953	0.18545	0.42201	0.10954	0.04738	0.02289	0.00914	0.00665	0.00205	0.00505	0.00762	0.02886	0.00993
166	0.01108	0.00860	0.01038	0.01084	0.01284	0.00883	0.00881	0.03736	0.15110	0.02075	0.03825	0.14962	0.16569	0.01582	0.00806	0.00260	0.00503	0.32151	0.00610	0.00674
167	0.00930	0.00665	0.00898	0.00898	0.00965	0.00732	0.00633	0.01064	0.00997	0.01396	0.01859	0.03247	0.01923	0.35238	0.44760	0.00866	0.01267	0.00796	0.00365	0.00499
168	0.62460	0.05744	0.01326	0.01212	0.07692	0.05988	0.00889	0.04525	0.01261	0.02715	0.00958	0.01123	0.00759	0.00606	0.00442	0.00193	0.00583	0.00382	0.00391	0.00753
169	0.01724	0.06773	0.10108	0.08567	0.29617	0.05400	0.01648	0.10526	0.07469	0.04933	0.01365	0.01593	0.01066	0.00660	0.00662	0.00193	0.03068	0.00551	0.00396	0.03682

[dist]
# distance from previous block
# <min> <max>
0	4

[block]
# block no. 1 follows, 34 sequences, length 87
# corresponding to MSA columns:
# 192-278
name=unknown_B
#
# <colnr> <probs for GDERKNQSTAVLIFYWHMCP>
#	G	D	E	R	K	N	Q	S	T	A	V	L	I	F	Y	W	H	M	C	P
0	0.00923	0.00692	0.01038	0.01038	0.01154	0.00808	0.00808	0.01154	0.01038	0.01500	0.01731	0.02538	0.01615	0.04846	0.74732	0.01038	0.01731	0.00692	0.00346	0.00577
1	0.00909	0.00660	0.00856	0.00807	0.00962	0.00607	0.00606	0.01209	0.01817	0.02562	0.70630	0.04875	0.08405	0.01332	0.00762	0.00204	0.00306	0.01175	0.00707	0.00607
2	0.01464	0.01469	0.02504	0.29355	0.30464	0.03774	0.13018	0.01869	0.01396	0.01887	0.01176	0.01642	0.00941	0.00634	0.00755	0.00210	0.05675	0.00600	0.00307	0.00860
3	0.02282	0.02788	0.01840	0.01649	0.01955	0.61193	0.01258	0.05639	0.04061	0.01729	0.01060	0.01250	0.00883	0.00728	0.00753	0.00182	0.09179	0.00450	0.00352	0.00769
4	0.00894	0.00656	0.00854	0.00943	0.01054	0.00627	0.00710	0.01142	0.03505	0.01939	0.17220	0.38207	0.10243	0.01764	0.00819	0.00254	0.00413	0.17558	0.00622	0.00574
5	0.00885	0.00659	0.00823	0.00782	0.00948	0.00597	0.00587	0.01163	0.01760	0.02428	0.60157	0.05094	0.18962	0.01382	0.00762	0.00206	0.00309	0.01206	0.00690	0.00597
6	0.02899	0.01100	0.01499	0.01150	0.01649	0.00950	0.00950	0.03149	0.01849	0.73709	0.02549	0.02199	0.01599	0.00800	0.00650	0.00200	0.00550	0.00650	0.00800	0.01100
7	0.00787	0.00562	0.00750	0.00900	0.00937	0.00525	0.00600	0.00900	0.01237	0.01649	0.03561	0.76871	0.04274	0.02024	0.00825	0.00262	0.00375	0.01837	0.00600	0.00525
8	0.02899	0.01100	0.01499	0.01150	0.01649	0.00950	0.00950	0.03149	0.01849	0.73709	0.02549	0.02199	0.01599	0.00800	0.00650	0.00200	0.00550	0.00650	0.00800	0.01100
9	0.01607	0.01388	0.01461	0.01315	0.01680	0.01607	0.01023	0.03433	0.72094	0.02703	0.02630	0.02411	0.01972	0.00877	0.00657	0.00219	0.00511	0.00731	0.00657	0.01023
10	0.02365	0.01764	0.01888	0.01468	0.01969	0.01961	0.01206	0.63833	0.10461	0.03925	0.01667	0.01644	0.01193	0.00786	0.00648	0.00197	0.00690	0.00598	0.00648	0.01091
11	0.02899	0.01100	0.01499	0.01150	0.01649	0.00950	0.00950	0.03149	0.01849	0.73709	0.02549	0.02199	0.01599	0.00800	0.00650	0.00200	0.00550	0.00650	0.00800	0.01100
12	0.01253	0.01212	0.02139	0.67891	0.04335	0.01457	0.09224	0.01696	0.01317	0.01696	0.01165	0.01725	0.00874	0.00635	0.00659	0.00216	0.00886	0.00594	0.00291	0.00734
13	0.01626	0.01623	0.01960	0.01671	0.01760	0.09274	0.01377	0.09134	0.01294	0.01828	0.00939	0.01404	0.00874	0.01046	0.01808	0.00262	0.60489	0.00552	0.00327	0.00753
14	0.02456	0.01810	0.01939	0.01487	0.02004	0.02004	0.01228	0.71107	0.03038	0.04072	0.01551	0.01551	0.01099	0.00776	0.00646	0.00194	0.00711	0.00582	0.00646	0.01099
15	0.02899	0.01100	0.01499	0.01150	0.01649	0.00950	0.00950	0.03149	0.01849	0.73709	0.02549	0.02199	0.01599	0.00800	0.00650	0.00200	0.00550	0.00650	0.00800	0.01100
16	0.01122	0.00561	0.00842	0.00842	0.00842	0.00561	0.00561	0.00842	0.00842	0.01122	0.01122	0.01964	0.01122	0.02245	0.02525	0.81201	0.00561	0.00561	0.00281	0.00281
17	0.01204	0.00602	0.00602	0.00602	0.00753	0.00602	0.00452	0.01506	0.01355	0.02409	0.02108	0.02409	0.01656	0.00753	0.00452	0.00151	0.00301	0.00602	0.80879	0.00602
18	0.00793	0.00664	0.00696	0.00712	0.00923	0.00567	0.00550	0.00972	0.01474	0.01766	0.06210	0.06333	0.65553	0.01652	0.00777	0.00227	0.00356	0.08624	0.00599	0.00551
19	0.02504	0.01733	0.01892	0.01450	0.01966	0.01890	0.01198	0.63802	0.02910	0.11557	0.01659	0.01621	0.01153	0.00778	0.00647	0.00195	0.00694	0.00589	0.00663	0.01099
20	0.01122	0.00561	0.00842	0.00842	0.00842	0.00561	0.00561	0.00842	0.00842	0.01122	0.01122	0.01964	0.01122	0.02245	0.02525	0.81201	0.00561	0.00561	0.00281	0.00281
21	0.02456	0.01810	0.01939	0.01487	0.02004	0.02004	0.01228	0.71107	0.03038	0.04072	0.01551	0.01551	0.01099	0.00776	0.00646	0.00194	0.00711	0.00582	0.00646	0.01099
22	0.01296	0.03342	0.73944	0.01842	0.02797	0.01501	0.02387	0.02046	0.01364	0.02046	0.01160	0.01364	0.00818	0.00614	0.00614	0.00205	0.00955	0.00477	0.00273	0.00955
23	0.02672	0.01042	0.01419	0.01123	0.01573	0.00904	0.00912	0.02907	0.01784	0.65964	0.02658	0.10226	0.01887	0.00931	0.00669	0.00207	0.00531	0.00777	0.00778	0.01038
24	0.01525	0.01743	0.03813	0.02723	0.03377	0.01634	0.70915	0.02070	0.01525	0.02070	0.01307	0.01743	0.00980	0.00545	0.00763	0.00218	0.01089	0.00763	0.00327	0.00871
25	0.01220	0.01148	0.01938	0.75739	0.04450	0.01436	0.01794	0.01651	0.01292	0.01651	0.01148	0.01723	0.00861	0.00646	0.00646	0.00215	0.00861	0.00574	0.00287	0.00718
26	0.01525	0.01743	0.03813	0.02723	0.03377	0.01634	0.70915	0.02070	0.01525	0.02070	0.01307	0.01743	0.00980	0.00545	0.00763	0.00218	0.01089	0.00763	0.00327	0.00871
27	0.02419	0.01718	0.01858	0.01435	0.01935	0.01887	0.01182	0.62971	0.04936	0.08104	0.01659	0.01641	0.01171	0.00779	0.00641	0.00194	0.00683	0.00591	0.03116	0.01081
28	0.00768	0.00655	0.00661	0.00659	0.00876	0.00547	0.00494	0.00936	0.01483	0.01771	0.08545	0.06176	0.70984	0.01627	0.00764	0.00218	0.00327	0.01358	0.00603	0.00547
29	0.00923	0.00692	0.01038	0.01038	0.01154	0.00808	0.00808	0.01154	0.01038	0.01500	0.01731	0.02538	0.01615	0.04846	0.74732	0.01038	0.01731	0.00692	0.00346	0.00577
30	0.02399	0.01754	0.01878	0.01446	0.01946	0.01939	0.01193	0.67916	0.02961	0.03996	0.01577	0.01591	0.01124	0.00775	0.00637	0.00192	0.00692	0.00583	0.04325	0.01076
31	0.01727	0.77681	0.03386	0.01106	0.01658	0.02557	0.01106	0.01935	0.01313	0.01520	0.00898	0.01036	0.00829	0.00553	0.00415	0.00138	0.00691	0.00345	0.00276	0.00829
32	0.01360	0.01212	0.01606	0.01147	0.01730	0.00944	0.08306	0.01675	0.01360	0.02102	0.01165	0.01383	0.00960	0.00486	0.00509	0.00109	0.00544	0.00424	0.00377	0.72603
33	0.01822	0.01959	0.02406	0.03335	0.53727	0.21591	0.01782	0.02147	0.01570	0.01966	0.01156	0.01480	0.00971	0.00600	0.00624	0.00185	0.00877	0.00532	0.00323	0.00948
34	0.00923	0.00692	0.01038	0.01038	0.01154	0.00808	0.00808	0.01154	0.01038	0.01500	0.01731	0.02538	0.01615	0.04846	0.74732	0.01038	0.01731	0.00692	0.00346	0.00577
35	0.03720	0.03245	0.03424	0.11297	0.01750	0.00897	0.05843	0.01380	0.01332	0.06052	0.02712	0.40459	0.02951	0.01460	0.00747	0.00241	0.00552	0.07999	0.03294	0.00647
36	0.12689	0.63181	0.02969	0.01101	0.01621	0.06351	0.01058	0.01965	0.01312	0.01712	0.00904	0.01045	0.00812	0.00565	0.00422	0.00148	0.00691	0.00350	0.00296	0.00807
37	0.81856	0.01250	0.00950	0.00850	0.01250	0.01449	0.00700	0.01899	0.01100	0.02899	0.00900	0.01050	0.00700	0.00600	0.00400	0.00200	0.00500	0.00350	0.00400	0.00700
38	0.00925	0.00683	0.00991	0.00991	0.01090	0.00782	0.00748	0.01123	0.01024	0.01465	0.01774	0.02779	0.01720	0.15167	0.64554	0.00980	0.01573	0.00728	0.00353	0.00550
39	0.00923	0.00692	0.01038	0.01038	0.01154	0.00808	0.00808	0.01154	0.01038	0.01500	0.01731	0.02538	0.01615	0.04846	0.74732	0.01038	0.01731	0.00692	0.00346	0.00577
40	0.01916	0.03768	0.04179	0.01264	0.01794	0.01502	0.01063	0.34123	0.06374	0.05161	0.01530	0.03729	0.01191	0.00702	0.00585	0.00162	0.00610	0.00549	0.00534	0.29264
41	0.00983	0.00820	0.01307	0.01285	0.04908	0.00762	0.10324	0.01193	0.01344	0.01840	0.10803	0.46198	0.03571	0.05952	0.00924	0.00258	0.00505	0.01418	0.00537	0.05068
42	0.05601	0.37532	0.29917	0.01481	0.02169	0.06597	0.04774	0.02022	0.01364	0.01817	0.01022	0.01202	0.00826	0.00585	0.00516	0.00172	0.00829	0.00419	0.00287	0.00867
43	0.01700	0.47230	0.18425	0.01555	0.07657	0.10257	0.01469	0.02034	0.01394	0.01688	0.00991	0.01167	0.00843	0.00580	0.00494	0.00160	0.00807	0.00400	0.00285	0.00863
44	0.01380	0.01277	0.01874	0.01339	0.01930	0.01028	0.15923	0.01723	0.01380	0.02098	0.01183	0.01427	0.00962	0.00493	0.00540	0.00122	0.00610	0.00465	0.00371	0.63876
45	0.01340	0.01148	0.01340	0.00957	0.01531	0.00861	0.00766	0.01627	0.01340	0.02105	0.01148	0.01340	0.00957	0.00479	0.00479	0.00096	0.00479	0.00383	0.00383	0.81242
46	0.01214	0.00973	0.01074	0.00995	0.01219	0.04276	0.00755	0.01903	0.20562	0.04542	0.43151	0.07756	0.06580	0.01204	0.00726	0.00209	0.00411	0.01043	0.00673	0.00734
47	0.02106	0.01124	0.01388	0.01120	0.01505	0.01096	0.00903	0.17927	0.04172	0.32362	0.25556	0.02926	0.02981	0.00969	0.00686	0.00200	0.00504	0.00808	0.00732	0.00935
48	0.81856	0.01250	0.00950	0.00850	0.01250	0.01449	0.00700	0.01899	0.01100	0.02899	0.00900	0.01050	0.00700	0.00600	0.00400	0.00200	0.00500	0.00350	0.00400	0.00700
49	0.00787	0.00562	0.00750	0.00900	0.00937	0.00525	0.00600	0.00900	0.01237	0.01649	0.03561	0.76871	0.04274	0.02024	0.00825	0.00262	0.00375	0.01837	0.00600	0.00525
50	0.02529	0.01693	0.01867	0.01431	0.01946	0.01831	0.01182	0.59973	0.02843	0.15482	0.01715	0.01657	0.01181	0.00780	0.00647	0.00195	0.00685	0.00593	0.00671	0.01099
51	0.02851	0.01176	0.01547	0.01186	0.01688	0.01063	0.00980	0.10454	0.01977	0.66224	0.02442	0.02130	0.01546	0.00797	0.00649	0.00199	0.00567	0.00642	0.00783	0.01100
52	0.02899	0.01100	0.01499	0.01150	0.01649	0.00950	0.00950	0.03149	0.01849	0.73709	0.02549	0.02199	0.01599	0.00800	0.00650	0.00200	0.00550	0.00650	0.00800	0.01100
53	0.01220	0.01148	0.01938	0.75739	0.04450	0.01436	0.01794	0.01651	0.01292	0.01651	0.01148	0.01723	0.00861	0.00646	0.00646	0.00215	0.00861	0.00574	0.00287	0.00718
54	0.01011	0.00734	0.01000	0.01132	0.01289	0.00722	0.00982	0.01294	0.01486	0.01913	0.03757	0.07173	0.11166	0.01769	0.00879	0.00289	0.00566	0.61652	0.00596	0.00590
55	0.02520	0.01708	0.01876	0.01438	0.01953	0.01852	0.01188	0.61344	0.02867	0.14077	0.01695	0.01644	0.01171	0.00779	0.00647	0.00195	0.00688	0.00592	0.00668	0.01099
56	0.11386	0.01116	0.01440	0.01117	0.01606	0.01003	0.00923	0.03015	0.01769	0.66098	0.02372	0.02076	0.01503	0.00778	0.00623	0.00200	0.00544	0.00618	0.00757	0.01057
57	0.00787	0.00562	0.00750	0.00900	0.00937	0.00525	0.00600	0.00900	0.01237	0.01649	0.03561	0.76871	0.04274	0.02024	0.00825	0.00262	0.00375	0.01837	0.00600	0.00525
58	0.00815	0.00582	0.00781	0.00931	0.00980	0.00548	0.00647	0.00947	0.01264	0.01680	0.03546	0.69391	0.04214	0.01999	0.00832	0.00266	0.00399	0.09047	0.00599	0.00532
59	0.01607	0.01388	0.01461	0.01315	0.01680	0.01607	0.01023	0.03433	0.72094	0.02703	0.02630	0.02411	0.01972	0.00877	0.00657	0.00219	0.00511	0.00731	0.00657	0.01023
60	0.00923	0.00692	0.01038	0.01038	0.01154	0.00808	0.00808	0.01154	0.01038	0.01500	0.01731	0.02538	0.01615	0.04846	0.74732	0.01038	0.01731	0.00692	0.00346	0.00577
61	0.01220	0.01148	0.01938	0.75739	0.04450	0.01436	0.01794	0.01651	0.01292	0.01651	0.01148	0.01723	0.00861	0.00646	0.00646	0.00215	0.00861	0.00574	0.00287	0.00718
62	0.02243	0.01704	0.01819	0.01444	0.01923	0.01904	0.01177	0.54154	0.20338	0.03729	0.01821	0.01767	0.01318	0.00801	0.00649	0.00200	0.00661	0.00619	0.00649	0.01080
63	0.01220	0.01148	0.01938	0.75739	0.04450	0.01436	0.01794	0.01651	0.01292	0.01651	0.01148	0.01723	0.00861	0.00646	0.00646	0.00215	0.00861	0.00574	0.00287	0.00718
64	0.02271	0.18580	0.02154	0.01548	0.01927	0.59709	0.01219	0.02446	0.01723	0.01569	0.00978	0.01138	0.00832	0.00642	0.00548	0.00161	0.01067	0.00401	0.00321	0.00766
65	0.02456	0.01810	0.01939	0.01487	0.02004	0.02004	0.01228	0.71107	0.03038	0.04072	0.01551	0.01551	0.01099	0.00776	0.00646	0.00194	0.00711	0.00582	0.00646	0.01099
66	0.00940	0.00626	0.00705	0.00705	0.00705	0.00626	0.00392	0.00940	0.00940	0.01253	0.02036	0.04228	0.02349	0.77292	0.03289	0.00626	0.00626	0.00940	0.00392	0.00392
67	0.01296	0.03342	0.73944	0.01842	0.02797	0.01501	0.02387	0.02046	0.01364	0.02046	0.01160	0.01364	0.00818	0.00614	0.00614	0.00205	0.00955	0.00477	0.00273	0.00955
68	0.02035	0.02078	0.01934	0.02030	0.16766	0.26732	0.01350	0.15463	0.18309	0.02419	0.01523	0.01625	0.01188	0.00730	0.00668	0.00193	0.03002	0.00558	0.00463	0.00934
69	0.01541	0.01476	0.02518	0.14972	0.62710	0.01520	0.01954	0.01932	0.01444	0.02040	0.01205	0.01618	0.00999	0.00586	0.00641	0.00195	0.00782	0.00575	0.00315	0.00977
70	0.00940	0.00626	0.00705	0.00705	0.00705	0.00626	0.00392	0.00940	0.00940	0.01253	0.02036	0.04228	0.02349	0.77292	0.03289	0.00626	0.00626	0.00940	0.00392	0.00392
