[name]
unknown

[dist]
# distance from previous block
# <min> <max>
0	67

[block]
# block no. 0 follows, 31 sequences, length 14
# corresponding to MSA columns:
# 67-80
name=unknown_A
#
# <colnr> <probs for GDERKNQSTAVLIFYWHMCP>
#	G	D	E	R	K	N	Q	S	T	A	V	L	I	F	Y	W	H	M	C	P
0	0.00933	0.00702	0.00866	0.00891	0.01053	0.00643	0.00684	0.01178	0.01658	0.02194	0.30207	0.13226	0.24762	0.04485	0.00941	0.00262	0.00407	0.13631	0.00671	0.00605
1	0.32401	0.08574	0.01686	0.01698	0.16741	0.01449	0.01121	0.02004	0.01455	0.08755	0.06958	0.02470	0.04328	0.00860	0.00596	0.00214	0.00602	0.06764	0.00482	0.00843
2	0.01754	0.01621	0.02562	0.06665	0.44721	0.04307	0.08066	0.09666	0.01693	0.02321	0.01315	0.01728	0.01083	0.00810	0.00883	0.07998	0.00837	0.00621	0.00374	0.00975
3	0.00879	0.00629	0.00766	0.00856	0.00909	0.00591	0.00553	0.00969	0.01249	0.01634	0.03713	0.44910	0.12945	0.24215	0.01647	0.00387	0.00470	0.01592	0.00569	0.00516
4	0.00979	0.00657	0.00751	0.00766	0.00770	0.00653	0.00436	0.00991	0.01026	0.01367	0.02313	0.11405	0.02686	0.68757	0.03228	0.00626	0.00637	0.01088	0.00436	0.00428
5	0.49570	0.01347	0.01389	0.17770	0.02206	0.01554	0.01080	0.08768	0.01469	0.07551	0.01199	0.01409	0.00886	0.00679	0.00527	0.00215	0.00643	0.00471	0.00451	0.00816
6	0.14924	0.06504	0.01770	0.08393	0.02031	0.01654	0.01134	0.26175	0.05833	0.14655	0.08609	0.02044	0.01715	0.00829	0.00639	0.00208	0.00649	0.00641	0.00613	0.00981
7	0.37944	0.01673	0.01564	0.01569	0.10288	0.10517	0.01102	0.08931	0.07887	0.02787	0.01259	0.01419	0.00991	0.00699	0.00604	0.00203	0.03480	0.00481	0.00449	0.06152
8	0.02003	0.01650	0.02031	0.11829	0.17331	0.05523	0.01482	0.21645	0.17168	0.06842	0.01859	0.02113	0.01430	0.00814	0.00691	0.00217	0.00752	0.03033	0.00551	0.01036
9	0.16800	0.01565	0.01759	0.07202	0.13496	0.06459	0.01253	0.15031	0.09862	0.07572	0.06628	0.01928	0.01552	0.00771	0.00630	0.00204	0.00684	0.00612	0.00528	0.05463
10	0.02197	0.01563	0.04777	0.01462	0.03795	0.03803	0.01192	0.22735	0.07496	0.21111	0.06117	0.02524	0.08456	0.00978	0.00862	0.00221	0.08303	0.00749	0.00649	0.01009
11	0.06502	0.07400	0.02070	0.06782	0.15724	0.11571	0.01357	0.15373	0.08671	0.06313	0.03373	0.01735	0.01294	0.00724	0.00628	0.00192	0.00763	0.00573	0.00486	0.08469
12	0.06336	0.17490	0.06222	0.08517	0.12107	0.01809	0.01382	0.15075	0.08074	0.05796	0.01633	0.06919	0.01372	0.00802	0.00623	0.00200	0.00712	0.00647	0.00474	0.03810
13	0.01902	0.01645	0.05381	0.01616	0.04035	0.04841	0.09318	0.16808	0.18907	0.09375	0.04696	0.05524	0.05712	0.00909	0.00705	0.00213	0.00700	0.00783	0.00596	0.06337

[dist]
# distance from previous block
# <min> <max>
65	217

[block]
# block no. 1 follows, 31 sequences, length 44
# corresponding to MSA columns:
# 309-352
name=unknown_B
#
# <colnr> <probs for GDERKNQSTAVLIFYWHMCP>
#	G	D	E	R	K	N	Q	S	T	A	V	L	I	F	Y	W	H	M	C	P
0	0.04437	0.01729	0.01638	0.01358	0.01786	0.12635	0.01078	0.26153	0.12909	0.07352	0.09674	0.02439	0.06551	0.00918	0.00678	0.00201	0.00686	0.00719	0.00622	0.06438
1	0.01796	0.01711	0.01800	0.05473	0.02026	0.15601	0.07042	0.16971	0.09535	0.02475	0.02225	0.18671	0.04257	0.01120	0.00791	0.00225	0.03873	0.00939	0.00534	0.02935
2	0.02048	0.01846	0.01909	0.01819	0.09497	0.19952	0.05570	0.06400	0.13449	0.12400	0.05820	0.06883	0.01813	0.00900	0.00756	0.00211	0.03899	0.00735	0.00540	0.03552
3	0.01885	0.04644	0.01706	0.01309	0.01754	0.07742	0.04691	0.17847	0.09648	0.10162	0.05414	0.02924	0.16432	0.00982	0.00687	0.00199	0.00644	0.00801	0.00599	0.09929
4	0.04618	0.01675	0.01722	0.01426	0.01863	0.12954	0.04768	0.14680	0.14232	0.11853	0.04542	0.07004	0.01816	0.00908	0.00677	0.00203	0.00710	0.02798	0.00590	0.10959
5	0.02200	0.01830	0.01746	0.01454	0.01891	0.19013	0.03995	0.13026	0.13967	0.16022	0.02177	0.06564	0.04115	0.00892	0.00676	0.00201	0.00759	0.00716	0.00592	0.08165
6	0.02103	0.01775	0.01753	0.01560	0.03997	0.13208	0.01212	0.19880	0.22026	0.08613	0.02117	0.02520	0.01701	0.00946	0.00764	0.00221	0.03843	0.07575	0.00606	0.03580
7	0.02358	0.01706	0.01758	0.01418	0.01881	0.12135	0.03313	0.24291	0.06827	0.19881	0.01998	0.05843	0.01513	0.00856	0.00665	0.00199	0.00720	0.00682	0.05160	0.06796
8	0.07717	0.01673	0.01868	0.01775	0.11818	0.08756	0.01251	0.18990	0.05784	0.19240	0.01718	0.01753	0.01242	0.00760	0.00706	0.00198	0.03822	0.00582	0.00576	0.09771
9	0.02007	0.01482	0.01970	0.01806	0.11101	0.05409	0.08542	0.08828	0.08421	0.18295	0.04113	0.06320	0.01668	0.00811	0.00675	0.00195	0.00690	0.00714	0.00566	0.16386
10	0.10098	0.01559	0.01745	0.01706	0.11698	0.11240	0.05570	0.06587	0.05434	0.09372	0.03407	0.03671	0.05915	0.02775	0.00707	0.00204	0.00698	0.00669	0.05260	0.11684
11	0.01702	0.01304	0.01269	0.01233	0.05134	0.09383	0.00887	0.16185	0.05621	0.02737	0.02117	0.10027	0.01809	0.00934	0.00603	0.00190	0.00563	0.00757	0.36739	0.00807
12	0.36209	0.01561	0.01862	0.04051	0.20502	0.07434	0.07270	0.02101	0.01425	0.04371	0.01292	0.01714	0.01065	0.00693	0.00579	0.00211	0.00729	0.03304	0.02771	0.00857
13	0.05587	0.01222	0.01995	0.70346	0.04529	0.01521	0.01837	0.01762	0.01357	0.01819	0.01202	0.01785	0.00903	0.00681	0.00670	0.00227	0.00891	0.00595	0.00310	0.00759
14	0.00978	0.00666	0.00741	0.00741	0.00762	0.00656	0.00424	0.00994	0.01045	0.01373	0.02579	0.04664	0.08600	0.69374	0.03245	0.00625	0.00635	0.01035	0.00434	0.00429
15	0.00915	0.00695	0.00847	0.00845	0.01018	0.00627	0.00639	0.01172	0.01733	0.02314	0.39398	0.11785	0.27209	0.01609	0.00824	0.00233	0.00361	0.06467	0.00695	0.00615
16	0.01006	0.00703	0.00894	0.00860	0.01031	0.00639	0.00640	0.01283	0.01815	0.04971	0.52369	0.13073	0.15135	0.01509	0.00810	0.00224	0.00344	0.01326	0.00727	0.00644
17	0.01267	0.01169	0.01607	0.01461	0.01472	0.01535	0.01154	0.01393	0.01112	0.01640	0.01797	0.21580	0.02033	0.09254	0.02008	0.00332	0.47124	0.01000	0.00401	0.00662
18	0.01609	0.04637	0.48971	0.02303	0.15915	0.01650	0.02256	0.08153	0.01639	0.04669	0.01318	0.01531	0.00962	0.00662	0.00655	0.00211	0.00930	0.00538	0.00352	0.01040
19	0.02063	0.48483	0.05524	0.01403	0.01924	0.26999	0.01272	0.02289	0.01581	0.01652	0.00998	0.01157	0.00879	0.00629	0.00508	0.00159	0.00915	0.00397	0.00313	0.00854
20	0.74426	0.01481	0.01081	0.00970	0.01387	0.07364	0.00788	0.02070	0.01227	0.02956	0.00961	0.01121	0.00752	0.00641	0.00439	0.00209	0.00587	0.00376	0.00418	0.00745
21	0.01975	0.01576	0.01814	0.03801	0.04451	0.01796	0.01274	0.30507	0.23480	0.03204	0.02136	0.02634	0.01742	0.01003	0.00860	0.00236	0.07369	0.08499	0.00623	0.01023
22	0.01509	0.04238	0.02150	0.01773	0.01795	0.02118	0.01485	0.01661	0.01060	0.01645	0.00900	0.01482	0.00897	0.01175	0.02179	0.00294	0.71996	0.00590	0.00299	0.00753
23	0.01497	0.02945	0.51467	0.01962	0.04568	0.01598	0.07247	0.08144	0.05367	0.02376	0.01500	0.05561	0.01176	0.00754	0.00680	0.00220	0.00935	0.00633	0.00370	0.00999
24	0.01497	0.01497	0.02095	0.01796	0.01796	0.02095	0.01497	0.01646	0.01048	0.01646	0.00898	0.01497	0.00898	0.01197	0.02245	0.00299	0.74704	0.00599	0.00299	0.00748
25	0.01624	0.01514	0.01915	0.03277	0.01830	0.05653	0.03765	0.12105	0.01504	0.02096	0.03700	0.02124	0.03856	0.07837	0.03704	0.00322	0.41303	0.00691	0.00403	0.00779
26	0.00834	0.00595	0.00794	0.00953	0.00992	0.00556	0.00635	0.00953	0.01310	0.01746	0.03771	0.75510	0.04525	0.02143	0.00873	0.00278	0.00397	0.01945	0.00635	0.00556
27	0.01679	0.01611	0.02752	0.06652	0.69345	0.01622	0.02093	0.02087	0.01551	0.02218	0.01284	0.01698	0.01078	0.00612	0.00678	0.00204	0.00816	0.00610	0.00337	0.01072
28	0.02521	0.02748	0.01887	0.01770	0.05771	0.54683	0.01287	0.04929	0.01941	0.10824	0.01349	0.01468	0.01042	0.00726	0.00626	0.00182	0.01073	0.00496	0.03815	0.00862
29	0.04884	0.01254	0.01754	0.01366	0.01870	0.01170	0.07042	0.03151	0.11828	0.50970	0.05474	0.02402	0.01868	0.00852	0.00697	0.00216	0.00614	0.00725	0.00764	0.01097
30	0.01655	0.01586	0.02707	0.10961	0.65229	0.01615	0.02080	0.02066	0.01539	0.02188	0.01280	0.01706	0.01067	0.00617	0.00678	0.00206	0.00822	0.00609	0.00335	0.01052
31	0.01292	0.01216	0.02052	0.74312	0.04712	0.01520	0.01900	0.01748	0.01368	0.01748	0.01216	0.01824	0.00912	0.00684	0.00684	0.00228	0.00912	0.00608	0.00304	0.00760
32	0.01615	0.01845	0.04037	0.02884	0.03576	0.01730	0.69204	0.02191	0.01615	0.02191	0.01384	0.01845	0.01038	0.00577	0.00807	0.00231	0.01153	0.00807	0.00346	0.00923
33	0.01372	0.03539	0.72412	0.01950	0.02961	0.01589	0.02528	0.02167	0.01444	0.02167	0.01228	0.01444	0.00867	0.00650	0.00650	0.00217	0.01011	0.00506	0.00289	0.01011
34	0.01770	0.01771	0.02703	0.03983	0.65519	0.07974	0.02031	0.02156	0.01592	0.02185	0.01267	0.01653	0.01066	0.00618	0.00672	0.00201	0.00850	0.00595	0.00340	0.01058
35	0.00834	0.00595	0.00794	0.00953	0.00992	0.00556	0.00635	0.00953	0.01310	0.01746	0.03771	0.75510	0.04525	0.02143	0.00873	0.00278	0.00397	0.01945	0.00635	0.00556
36	0.08804	0.01707	0.01828	0.05428	0.02103	0.01926	0.01227	0.42227	0.21221	0.03674	0.01872	0.01855	0.01366	0.00827	0.00666	0.00214	0.00685	0.00638	0.00645	0.01084
37	0.02341	0.01988	0.01922	0.01569	0.02028	0.12198	0.01262	0.41871	0.18380	0.03488	0.01789	0.01787	0.01324	0.00845	0.00744	0.00211	0.03929	0.00626	0.00623	0.01074
38	0.01079	0.00770	0.01075	0.01233	0.01380	0.00767	0.01061	0.01376	0.01551	0.02021	0.03635	0.13729	0.03989	0.01912	0.00939	0.00312	0.00609	0.61307	0.00630	0.00623
39	0.00823	0.00667	0.00721	0.00761	0.00933	0.00576	0.00544	0.00975	0.01470	0.01799	0.05911	0.23961	0.51302	0.05232	0.00947	0.00263	0.00374	0.01550	0.00625	0.00565
40	0.01681	0.01613	0.02754	0.06397	0.69590	0.01622	0.02093	0.02089	0.01552	0.02220	0.01285	0.01697	0.01078	0.00612	0.00678	0.00204	0.00816	0.00610	0.00338	0.01074
41	0.02560	0.03141	0.01949	0.01746	0.02116	0.66906	0.01320	0.08645	0.02052	0.01908	0.01109	0.01270	0.00906	0.00715	0.00623	0.00179	0.01191	0.00456	0.00382	0.00826
42	0.00979	0.00748	0.00930	0.01021	0.01210	0.00699	0.00857	0.01234	0.01568	0.01964	0.05015	0.07240	0.32338	0.01824	0.00888	0.00280	0.00511	0.39455	0.00632	0.00608
43	0.00975	0.00678	0.00903	0.00990	0.01103	0.00637	0.00739	0.01191	0.01546	0.03723	0.20734	0.39636	0.07265	0.01859	0.00865	0.00267	0.00429	0.15184	0.00669	0.00609

[dist]
# distance from previous block
# <min> <max>
0	7

[block]
# block no. 2 follows, 31 sequences, length 21
# corresponding to MSA columns:
# 360-380
name=unknown_C
#
# <colnr> <probs for GDERKNQSTAVLIFYWHMCP>
#	G	D	E	R	K	N	Q	S	T	A	V	L	I	F	Y	W	H	M	C	P
0	0.57971	0.01563	0.01227	0.01059	0.01499	0.09866	0.00856	0.05479	0.01418	0.06732	0.01114	0.01241	0.00850	0.00655	0.00479	0.00200	0.00624	0.00411	0.00450	0.06307
1	0.02627	0.05208	0.02238	0.01601	0.02167	0.01526	0.12838	0.21524	0.02222	0.37683	0.02091	0.01993	0.01392	0.00780	0.00695	0.00210	0.00736	0.00673	0.00688	0.01108
2	0.01786	0.02246	0.13265	0.02571	0.06951	0.10092	0.41790	0.08468	0.01774	0.02326	0.01342	0.01690	0.01009	0.00627	0.00744	0.00218	0.01087	0.00693	0.00370	0.00951
3	0.01665	0.01597	0.02727	0.09070	0.67036	0.01618	0.02086	0.02075	0.01545	0.02201	0.01282	0.01702	0.01072	0.00615	0.00678	0.00205	0.00820	0.00609	0.00336	0.01061
4	0.00988	0.00784	0.01032	0.01257	0.07617	0.00762	0.00795	0.01306	0.07632	0.01907	0.03894	0.52384	0.13362	0.01833	0.00830	0.00260	0.00442	0.01645	0.00613	0.00656
5	0.10618	0.01267	0.01997	0.59226	0.10534	0.01532	0.01783	0.01811	0.01362	0.01948	0.01192	0.01729	0.00908	0.00671	0.00653	0.00224	0.00858	0.00580	0.00321	0.00788
6	0.41511	0.05268	0.01621	0.01552	0.09807	0.20840	0.01094	0.02309	0.01484	0.07347	0.01142	0.01297	0.00891	0.00663	0.00524	0.00198	0.00765	0.00439	0.00418	0.00831
7	0.01590	0.15084	0.45123	0.01937	0.02773	0.08439	0.11544	0.02203	0.01505	0.02034	0.01189	0.01425	0.00894	0.00634	0.00635	0.00203	0.01006	0.00519	0.00303	0.00957
8	0.03070	0.01164	0.01588	0.01217	0.01746	0.01006	0.01006	0.03334	0.01958	0.72163	0.02699	0.02329	0.01694	0.00847	0.00688	0.00212	0.00582	0.00688	0.00847	0.01164
9	0.01373	0.01248	0.02002	0.08833	0.39925	0.01247	0.01531	0.01736	0.01639	0.02279	0.19787	0.03137	0.10510	0.00946	0.00726	0.00212	0.00643	0.00865	0.00475	0.00887
10	0.02601	0.01916	0.02053	0.01574	0.02122	0.02122	0.01300	0.69408	0.03217	0.04312	0.01643	0.01643	0.01163	0.00821	0.00684	0.00205	0.00753	0.00616	0.00684	0.01163
11	0.02808	0.01098	0.01495	0.01186	0.01658	0.00953	0.00962	0.03056	0.01882	0.63935	0.02824	0.10879	0.02024	0.00998	0.00710	0.00219	0.00561	0.00835	0.00822	0.01093
12	0.00956	0.00690	0.00903	0.00869	0.01019	0.00637	0.00645	0.01260	0.01878	0.02651	0.65056	0.11646	0.06276	0.01468	0.00813	0.00221	0.00330	0.01303	0.00742	0.00637
13	0.01419	0.01216	0.01419	0.01013	0.01621	0.00912	0.00811	0.01723	0.01419	0.02229	0.01216	0.01419	0.01013	0.00507	0.00507	0.00101	0.00507	0.00405	0.00405	0.80139
14	0.10997	0.51917	0.15686	0.01300	0.01936	0.04779	0.01371	0.02089	0.01392	0.01883	0.01005	0.01167	0.00860	0.00607	0.00481	0.00168	0.00776	0.00394	0.00309	0.00883
15	0.00811	0.00682	0.00704	0.00723	0.00932	0.00575	0.00533	0.00979	0.01531	0.01837	0.06572	0.14404	0.63823	0.01779	0.00816	0.00236	0.00352	0.01501	0.00635	0.00575
16	0.00906	0.00697	0.00846	0.00936	0.01095	0.00637	0.00731	0.01110	0.01500	0.01884	0.05086	0.24733	0.33159	0.01888	0.00868	0.00269	0.00448	0.21985	0.00634	0.00588
17	0.01568	0.06618	0.01863	0.01623	0.06648	0.09668	0.09094	0.07968	0.05554	0.04016	0.05850	0.13915	0.09637	0.01238	0.00762	0.00234	0.00710	0.11689	0.00541	0.00804
18	0.20119	0.30247	0.02180	0.01278	0.05551	0.07165	0.01027	0.05621	0.01518	0.02211	0.04254	0.06984	0.07716	0.00861	0.00553	0.00190	0.00655	0.00639	0.00423	0.00809
19	0.07556	0.01586	0.02021	0.01790	0.09195	0.03150	0.08909	0.17068	0.17715	0.09747	0.01818	0.01868	0.01347	0.00737	0.00655	0.00199	0.00698	0.00628	0.00562	0.12751
20	0.01669	0.01558	0.01994	0.06473	0.29652	0.08290	0.01482	0.09508	0.07156	0.02406	0.06083	0.02814	0.09817	0.00916	0.00706	0.00211	0.00729	0.04537	0.00481	0.03517

[dist]
# distance from previous block
# <min> <max>
1	22

[block]
# block no. 3 follows, 31 sequences, length 20
# corresponding to MSA columns:
# 403-422
name=unknown_D
#
# <colnr> <probs for GDERKNQSTAVLIFYWHMCP>
#	G	D	E	R	K	N	Q	S	T	A	V	L	I	F	Y	W	H	M	C	P
0	0.01934	0.04727	0.07866	0.07356	0.02245	0.14335	0.04495	0.14045	0.07797	0.06887	0.01589	0.04459	0.01282	0.01015	0.04050	0.00247	0.07145	0.00629	0.00472	0.07425
1	0.16682	0.08112	0.01881	0.01680	0.11192	0.04144	0.02914	0.11923	0.05811	0.09412	0.01933	0.02471	0.04225	0.00893	0.00700	0.00216	0.03442	0.07981	0.00517	0.03872
2	0.05540	0.42513	0.02640	0.01238	0.01729	0.11246	0.01107	0.02384	0.08238	0.09614	0.01416	0.01504	0.01143	0.00836	0.03124	0.00203	0.00776	0.00474	0.03381	0.00894
3	0.01334	0.01127	0.01329	0.01005	0.01531	0.00861	0.00785	0.01612	0.01403	0.02160	0.01584	0.12102	0.01520	0.00743	0.00560	0.00127	0.00491	0.00627	0.00438	0.68663
4	0.01419	0.01216	0.01419	0.01013	0.01621	0.00912	0.00811	0.01723	0.01419	0.02229	0.01216	0.01419	0.01013	0.00507	0.00507	0.00101	0.00507	0.00405	0.00405	0.80139
5	0.02002	0.01596	0.01692	0.01417	0.01858	0.01793	0.01132	0.29930	0.38635	0.03376	0.02611	0.02464	0.06497	0.00941	0.00699	0.00221	0.00613	0.00756	0.00687	0.01080
6	0.00834	0.00595	0.00794	0.00953	0.00992	0.00556	0.00635	0.00953	0.01310	0.01746	0.03771	0.75510	0.04525	0.02143	0.00873	0.00278	0.00397	0.01945	0.00635	0.00556
7	0.00952	0.00672	0.00771	0.00801	0.00862	0.00646	0.00515	0.01024	0.01182	0.01529	0.03341	0.12691	0.15683	0.48036	0.02493	0.00512	0.00573	0.06740	0.00497	0.00478
8	0.02710	0.01582	0.01827	0.01418	0.01944	0.01645	0.01166	0.37750	0.08419	0.30972	0.02156	0.01990	0.01451	0.00840	0.00687	0.00210	0.00668	0.00658	0.00749	0.01157
9	0.68762	0.01621	0.01149	0.01032	0.01445	0.12553	0.00830	0.02122	0.01283	0.02855	0.00969	0.01130	0.00762	0.00646	0.00453	0.00206	0.00638	0.00381	0.00412	0.00749
10	0.00898	0.00630	0.00809	0.00916	0.00953	0.00610	0.00605	0.00998	0.01224	0.01636	0.03224	0.49169	0.03800	0.22971	0.04857	0.00425	0.00547	0.04647	0.00561	0.00522
11	0.00979	0.00717	0.00917	0.00959	0.01109	0.00676	0.00752	0.01234	0.01638	0.02189	0.28828	0.10986	0.15522	0.07910	0.01080	0.00292	0.00459	0.22490	0.00658	0.00604
12	0.01762	0.01755	0.02499	0.17529	0.46826	0.10165	0.01928	0.05427	0.01648	0.02175	0.01263	0.01662	0.01030	0.00646	0.00672	0.00205	0.00879	0.00589	0.00351	0.00989
13	0.01711	0.01735	0.03662	0.08752	0.03516	0.01651	0.57760	0.02251	0.01623	0.08086	0.01481	0.01885	0.01083	0.00609	0.00787	0.00229	0.01085	0.00780	0.00385	0.00930
14	0.01268	0.00803	0.01046	0.01044	0.01238	0.00769	0.00825	0.01611	0.05062	0.10410	0.24398	0.13914	0.07473	0.06065	0.00998	0.00281	0.00486	0.20928	0.00684	0.00695
15	0.01965	0.04219	0.27473	0.01522	0.02166	0.04877	0.01577	0.09681	0.08373	0.19366	0.09993	0.02195	0.01871	0.00831	0.00678	0.00212	0.00758	0.00666	0.00562	0.01014
16	0.05630	0.08354	0.02055	0.01660	0.07809	0.06494	0.06939	0.18636	0.06165	0.14537	0.02366	0.05688	0.08848	0.00914	0.00679	0.00209	0.00712	0.00757	0.00577	0.00971
17	0.01675	0.09104	0.01872	0.01626	0.07599	0.13684	0.06589	0.01961	0.01673	0.08781	0.10142	0.06170	0.04525	0.03343	0.00830	0.00243	0.00749	0.18117	0.00529	0.00789
18	0.05494	0.24066	0.11119	0.01598	0.04700	0.09598	0.06675	0.09790	0.01731	0.08735	0.01312	0.01447	0.01014	0.00651	0.00579	0.00178	0.00811	0.00497	0.00418	0.09589
19	0.11233	0.18368	0.06574	0.04177	0.12254	0.05042	0.05224	0.13044	0.01771	0.09556	0.01350	0.01513	0.01035	0.00686	0.00639	0.00194	0.02854	0.00527	0.00444	0.03516

[dist]
# distance from previous block
# <min> <max>
1	66

[block]
# block no. 4 follows, 31 sequences, length 34
# corresponding to MSA columns:
# 502-535
name=unknown_E
#
# <colnr> <probs for GDERKNQSTAVLIFYWHMCP>
#	G	D	E	R	K	N	Q	S	T	A	V	L	I	F	Y	W	H	M	C	P
0	0.10306	0.01997	0.08158	0.05798	0.20042	0.14730	0.04796	0.08050	0.03633	0.05372	0.01352	0.01696	0.01092	0.04030	0.00876	0.00231	0.05932	0.00579	0.00408	0.00922
1	0.01822	0.01811	0.07356	0.07385	0.30925	0.08190	0.06087	0.07947	0.03408	0.07073	0.01669	0.02010	0.03883	0.03872	0.00857	0.00230	0.03424	0.00657	0.00421	0.00973
2	0.07185	0.37090	0.02559	0.01504	0.08595	0.09192	0.01171	0.04250	0.07485	0.02082	0.07814	0.05253	0.01693	0.00790	0.00564	0.00181	0.00707	0.00597	0.00418	0.00870
3	0.01749	0.01309	0.01459	0.02947	0.01664	0.01415	0.00999	0.27533	0.13818	0.03002	0.02453	0.13168	0.04606	0.03416	0.04117	0.00270	0.00644	0.02785	0.08266	0.04378
4	0.08147	0.01284	0.08379	0.09911	0.02068	0.01070	0.08474	0.01701	0.01491	0.07180	0.11012	0.21541	0.02640	0.01130	0.00715	0.00220	0.00628	0.01012	0.00514	0.10881
5	0.01785	0.01272	0.01441	0.10915	0.01916	0.01418	0.01038	0.24409	0.13077	0.03077	0.01989	0.02153	0.01499	0.00811	0.00609	0.00195	0.00578	0.00648	0.30270	0.00900
6	0.00995	0.00663	0.00746	0.00746	0.00746	0.00663	0.00415	0.00995	0.00995	0.01327	0.02156	0.04477	0.02487	0.75957	0.03482	0.00663	0.00663	0.00995	0.00415	0.00415
7	0.16843	0.01445	0.07598	0.01246	0.01799	0.01222	0.01108	0.07201	0.01852	0.49429	0.02192	0.01990	0.01418	0.00790	0.00637	0.00212	0.00620	0.00611	0.00713	0.01075
8	0.01470	0.10234	0.53093	0.02203	0.11098	0.01710	0.06589	0.02149	0.01464	0.02123	0.01218	0.01466	0.00905	0.00634	0.00643	0.00209	0.00969	0.00524	0.00299	0.01001
9	0.01693	0.01626	0.02777	0.04199	0.71689	0.01626	0.02100	0.02100	0.01558	0.02235	0.01287	0.01693	0.01084	0.00610	0.00677	0.00203	0.00813	0.00610	0.00339	0.01084
10	0.00977	0.00733	0.01100	0.01100	0.01222	0.00855	0.00855	0.01222	0.01100	0.01588	0.01833	0.02688	0.01710	0.05131	0.73245	0.01100	0.01833	0.00733	0.00367	0.00611
11	0.80789	0.01323	0.01006	0.00900	0.01323	0.01535	0.00741	0.02011	0.01164	0.03070	0.00953	0.01111	0.00741	0.00635	0.00423	0.00212	0.00529	0.00370	0.00423	0.00741
12	0.01439	0.01362	0.02003	0.53645	0.10567	0.05807	0.01730	0.04755	0.01470	0.01867	0.01313	0.01996	0.01073	0.07152	0.00920	0.00259	0.00893	0.00632	0.00337	0.00781
13	0.01275	0.00638	0.00638	0.00638	0.00797	0.00638	0.00478	0.01594	0.01435	0.02551	0.02232	0.02551	0.01754	0.00797	0.00478	0.00159	0.00319	0.00638	0.79755	0.00638
14	0.01540	0.01725	0.03659	0.02730	0.06318	0.01614	0.59619	0.02071	0.01607	0.02160	0.01915	0.02296	0.07834	0.00690	0.00802	0.00230	0.01061	0.00860	0.00374	0.00896
15	0.01372	0.03539	0.72412	0.01950	0.02961	0.01589	0.02528	0.02167	0.01444	0.02167	0.01228	0.01444	0.00867	0.00650	0.00650	0.00217	0.01011	0.00506	0.00289	0.01011
16	0.00941	0.00698	0.00877	0.00832	0.01006	0.00634	0.00624	0.01239	0.01873	0.02592	0.60468	0.05359	0.17409	0.01455	0.00807	0.00218	0.00327	0.01272	0.00733	0.00634
17	0.01067	0.00695	0.00866	0.00893	0.01053	0.00621	0.00643	0.01252	0.01552	0.08754	0.16847	0.37501	0.22143	0.01774	0.00826	0.00248	0.00388	0.01563	0.00677	0.00637
18	0.80789	0.01323	0.01006	0.00900	0.01323	0.01535	0.00741	0.02011	0.01164	0.03070	0.00953	0.01111	0.00741	0.00635	0.00423	0.00212	0.00529	0.00370	0.00423	0.00741
19	0.01580	0.01510	0.02573	0.23935	0.52836	0.01596	0.02043	0.02001	0.01504	0.02098	0.01267	0.01730	0.01035	0.00631	0.00679	0.00210	0.00841	0.00609	0.00329	0.00993
20	0.80789	0.01323	0.01006	0.00900	0.01323	0.01535	0.00741	0.02011	0.01164	0.03070	0.00953	0.01111	0.00741	0.00635	0.00423	0.00212	0.00529	0.00370	0.00423	0.00741
21	0.02932	0.01315	0.01673	0.01290	0.01817	0.01239	0.01063	0.15627	0.04733	0.56979	0.02506	0.02209	0.01610	0.00845	0.00688	0.00211	0.00612	0.00678	0.00811	0.01161
22	0.00994	0.00667	0.00767	0.00767	0.00775	0.00675	0.00441	0.01009	0.01001	0.01342	0.02136	0.04369	0.02440	0.71685	0.07690	0.00690	0.00734	0.00979	0.00412	0.00426
23	0.80789	0.01323	0.01006	0.00900	0.01323	0.01535	0.00741	0.02011	0.01164	0.03070	0.00953	0.01111	0.00741	0.00635	0.00423	0.00212	0.00529	0.00370	0.00423	0.00741
24	0.01188	0.00930	0.01104	0.01020	0.01248	0.00961	0.00776	0.01992	0.22418	0.02779	0.50839	0.04346	0.05150	0.01258	0.00774	0.00220	0.00388	0.01099	0.00736	0.00776
25	0.00968	0.00699	0.00914	0.00861	0.01022	0.00646	0.00646	0.01291	0.01937	0.02743	0.71328	0.05110	0.06455	0.01399	0.00807	0.00215	0.00323	0.01237	0.00753	0.00646
26	0.01312	0.01237	0.02089	0.70761	0.08104	0.01525	0.01910	0.01766	0.01378	0.01773	0.01220	0.01817	0.00921	0.00680	0.00684	0.00227	0.00907	0.00608	0.00306	0.00776
27	0.00810	0.00688	0.00698	0.00706	0.00928	0.00576	0.00526	0.00980	0.01547	0.01843	0.06771	0.10075	0.68024	0.01753	0.00812	0.00233	0.00349	0.01469	0.00635	0.00576
28	0.01333	0.00694	0.00700	0.00679	0.00855	0.00703	0.00514	0.04566	0.01513	0.02628	0.02206	0.02511	0.01728	0.00798	0.00487	0.00161	0.00338	0.00637	0.76289	0.00661
29	0.01440	0.01443	0.02270	0.01865	0.02004	0.01839	0.12945	0.01682	0.01203	0.01801	0.05309	0.01877	0.01327	0.01442	0.08014	0.00351	0.51405	0.00684	0.00340	0.00760
30	0.01767	0.01766	0.02705	0.03990	0.65711	0.07776	0.02033	0.02154	0.01591	0.02187	0.01267	0.01654	0.01066	0.00618	0.00672	0.00201	0.00849	0.00595	0.00340	0.01059
31	0.01693	0.01626	0.02777	0.04199	0.71689	0.01626	0.02100	0.02100	0.01558	0.02235	0.01287	0.01693	0.01084	0.00610	0.00677	0.00203	0.00813	0.00610	0.00339	0.01084
32	0.07199	0.11009	0.02014	0.07636	0.08045	0.21374	0.01260	0.14936	0.01948	0.04167	0.06321	0.01991	0.05599	0.00805	0.00629	0.00192	0.00822	0.00608	0.00466	0.02978
33	0.01535	0.01392	0.07633	0.01291	0.01773	0.01132	0.05926	0.07067	0.08300	0.07125	0.09420	0.07314	0.02157	0.05538	0.00838	0.00213	0.00610	0.02507	0.00530	0.27701

[dist]
# distance from previous block
# <min> <max>
0	38

[block]
# block no. 5 follows, 31 sequences, length 13
# corresponding to MSA columns:
# 574-586
name=unknown_F
#
# <colnr> <probs for GDERKNQSTAVLIFYWHMCP>
#	G	D	E	R	K	N	Q	S	T	A	V	L	I	F	Y	W	H	M	C	P
0	0.04366	0.10056	0.52391	0.01731	0.02597	0.01668	0.02097	0.02271	0.08250	0.02219	0.01345	0.01507	0.00992	0.00663	0.00618	0.00205	0.00893	0.00508	0.00341	0.05282
1	0.09065	0.01322	0.05403	0.01894	0.19120	0.01239	0.01231	0.04240	0.11518	0.08314	0.02917	0.13978	0.12643	0.01133	0.00714	0.00229	0.00595	0.03011	0.00550	0.00884
2	0.00854	0.00625	0.00822	0.00937	0.01010	0.00593	0.00647	0.01004	0.01353	0.01805	0.08225	0.57225	0.10735	0.02352	0.08018	0.00351	0.00529	0.01732	0.00616	0.00569
3	0.00981	0.00712	0.00990	0.00985	0.01079	0.00785	0.00721	0.01169	0.01152	0.01630	0.08529	0.03384	0.02364	0.23210	0.48195	0.00902	0.01385	0.00849	0.00416	0.00563
4	0.03070	0.01164	0.01588	0.01217	0.01746	0.01006	0.01006	0.03334	0.01958	0.72163	0.02699	0.02329	0.01694	0.00847	0.00688	0.00212	0.00582	0.00688	0.00847	0.01164
5	0.00968	0.00699	0.00914	0.00861	0.01022	0.00646	0.00646	0.01291	0.01937	0.02743	0.71328	0.05110	0.06455	0.01399	0.00807	0.00215	0.00323	0.01237	0.00753	0.00646
6	0.01693	0.01626	0.02777	0.04199	0.71689	0.01626	0.02100	0.02100	0.01558	0.02235	0.01287	0.01693	0.01084	0.00610	0.00677	0.00203	0.00813	0.00610	0.00339	0.01084
7	0.01372	0.03539	0.72412	0.01950	0.02961	0.01589	0.02528	0.02167	0.01444	0.02167	0.01228	0.01444	0.00867	0.00650	0.00650	0.00217	0.01011	0.00506	0.00289	0.01011
8	0.00995	0.00663	0.00746	0.00746	0.00746	0.00663	0.00415	0.00995	0.00995	0.01327	0.02156	0.04477	0.02487	0.75957	0.03482	0.00663	0.00663	0.00995	0.00415	0.00415
9	0.01569	0.01471	0.02398	0.14232	0.49410	0.01537	0.01860	0.02113	0.08322	0.02187	0.01610	0.07318	0.01415	0.00767	0.00695	0.00215	0.00770	0.00725	0.00391	0.00995
10	0.01328	0.01249	0.02068	0.52477	0.18243	0.01449	0.01805	0.01745	0.01426	0.01859	0.01796	0.02267	0.07917	0.00772	0.00695	0.00223	0.00835	0.00691	0.00344	0.00809
11	0.01479	0.01396	0.02309	0.41582	0.31310	0.01574	0.01927	0.02010	0.05887	0.02014	0.01345	0.01819	0.01056	0.00670	0.00682	0.00218	0.00848	0.00619	0.00343	0.00910
12	0.02080	0.03921	0.01808	0.01357	0.01871	0.09083	0.04718	0.19560	0.04018	0.13714	0.02133	0.02137	0.07871	0.00798	0.00641	0.00178	0.00688	0.00638	0.00565	0.22220

[dist]
# distance from previous block
# <min> <max>
0	2

[block]
# block no. 6 follows, 31 sequences, length 243
# corresponding to MSA columns:
# 589-831
name=unknown_G
#
# <colnr> <probs for GDERKNQSTAVLIFYWHMCP>
#	G	D	E	R	K	N	Q	S	T	A	V	L	I	F	Y	W	H	M	C	P
0	0.08241	0.02040	0.06456	0.01518	0.02007	0.12600	0.01274	0.29111	0.23845	0.03223	0.01832	0.01813	0.01359	0.00812	0.00656	0.00211	0.00759	0.00613	0.00592	0.01040
1	0.01372	0.03539	0.72412	0.01950	0.02961	0.01589	0.02528	0.02167	0.01444	0.02167	0.01228	0.01444	0.00867	0.00650	0.00650	0.00217	0.01011	0.00506	0.00289	0.01011
2	0.02248	0.07849	0.02064	0.01489	0.02019	0.15209	0.02924	0.35111	0.02400	0.03096	0.01379	0.01479	0.01052	0.00706	0.00617	0.00173	0.00798	0.00522	0.00522	0.18343
3	0.01686	0.01360	0.07141	0.01424	0.04126	0.01075	0.09093	0.03965	0.01647	0.16189	0.09794	0.02591	0.06635	0.03628	0.03804	0.00237	0.00684	0.00728	0.00536	0.23659
4	0.01643	0.09570	0.45377	0.01924	0.07886	0.01570	0.04140	0.02253	0.01548	0.11216	0.05378	0.01766	0.01314	0.00707	0.00651	0.00209	0.00880	0.00575	0.00393	0.01001
5	0.01666	0.01597	0.02727	0.09014	0.67089	0.01618	0.02086	0.02075	0.01545	0.02202	0.01282	0.01702	0.01072	0.00615	0.00678	0.00205	0.00820	0.00609	0.00336	0.01061
6	0.00979	0.00727	0.01070	0.01070	0.01182	0.00839	0.00818	0.01203	0.01091	0.01566	0.01859	0.02837	0.01775	0.11032	0.67433	0.01063	0.01735	0.00755	0.00371	0.00594
7	0.02587	0.01903	0.02044	0.01728	0.06857	0.06672	0.01324	0.53130	0.02880	0.11430	0.01695	0.01694	0.01197	0.00802	0.00680	0.00204	0.00770	0.00612	0.00656	0.01134
8	0.01598	0.01511	0.02474	0.20631	0.48305	0.01608	0.01944	0.02178	0.08809	0.02185	0.01429	0.01815	0.01149	0.00661	0.00681	0.00212	0.00808	0.00627	0.00368	0.01006
9	0.01319	0.01243	0.02100	0.69670	0.09147	0.01527	0.01913	0.01771	0.01381	0.01780	0.01221	0.01815	0.00923	0.00679	0.00684	0.00226	0.00905	0.00608	0.00306	0.00781
10	0.00834	0.00595	0.00794	0.00953	0.00992	0.00556	0.00635	0.00953	0.01310	0.01746	0.03771	0.75510	0.04525	0.02143	0.00873	0.00278	0.00397	0.01945	0.00635	0.00556
11	0.01712	0.01335	0.01463	0.01368	0.04002	0.01488	0.01026	0.03223	0.52905	0.08028	0.02968	0.02781	0.06727	0.00956	0.00686	0.00224	0.00523	0.00797	0.06769	0.01020
12	0.02678	0.01793	0.01977	0.01516	0.02060	0.01939	0.01252	0.58568	0.03010	0.15443	0.01816	0.01755	0.01250	0.00825	0.00685	0.00206	0.00725	0.00628	0.00711	0.01164
13	0.01372	0.03539	0.72412	0.01950	0.02961	0.01589	0.02528	0.02167	0.01444	0.02167	0.01228	0.01444	0.00867	0.00650	0.00650	0.00217	0.01011	0.00506	0.00289	0.01011
14	0.00994	0.00668	0.00770	0.00770	0.00779	0.00676	0.00445	0.01010	0.01002	0.01345	0.02133	0.04354	0.02434	0.71093	0.08273	0.00693	0.00744	0.00977	0.00411	0.00428
15	0.01275	0.00638	0.00638	0.00638	0.00797	0.00638	0.00478	0.01594	0.01435	0.02551	0.02232	0.02551	0.01754	0.00797	0.00478	0.00159	0.00319	0.00638	0.79755	0.00638
16	0.00812	0.00680	0.00706	0.00727	0.00933	0.00575	0.00535	0.00978	0.01527	0.01835	0.06522	0.15487	0.62772	0.01786	0.00817	0.00237	0.00353	0.01509	0.00635	0.00575
17	0.02532	0.01882	0.02014	0.01560	0.02095	0.02089	0.01284	0.64351	0.08385	0.04200	0.01730	0.01712	0.01235	0.00829	0.00685	0.00207	0.00737	0.00628	0.00685	0.01157
18	0.02637	0.01858	0.02017	0.01547	0.02093	0.02036	0.01278	0.64328	0.03120	0.09528	0.01724	0.01695	0.01204	0.00823	0.00685	0.00206	0.00740	0.00621	0.00697	0.01164
19	0.02601	0.01916	0.02053	0.01574	0.02122	0.02122	0.01300	0.69408	0.03217	0.04312	0.01643	0.01643	0.01163	0.00821	0.00684	0.00205	0.00753	0.00616	0.00684	0.01163
20	0.00834	0.00595	0.00794	0.00953	0.00992	0.00556	0.00635	0.00953	0.01310	0.01746	0.03771	0.75510	0.04525	0.02143	0.00873	0.00278	0.00397	0.01945	0.00635	0.00556
21	0.01612	0.01639	0.02475	0.15329	0.27927	0.06505	0.06980	0.01943	0.01392	0.01922	0.01143	0.01634	0.00978	0.00814	0.01185	0.00239	0.24464	0.00610	0.00322	0.00889
22	0.01497	0.01497	0.02095	0.01796	0.01796	0.02095	0.01497	0.01646	0.01048	0.01646	0.00898	0.01497	0.00898	0.01197	0.02245	0.00299	0.74704	0.00599	0.00299	0.00748
23	0.01551	0.01337	0.01421	0.01253	0.01649	0.01454	0.00975	0.03045	0.52585	0.02649	0.03106	0.02917	0.10777	0.00975	0.00686	0.00215	0.00512	0.00810	0.00650	0.11431
24	0.02556	0.03261	0.01939	0.01763	0.02115	0.73210	0.01322	0.02732	0.01939	0.01674	0.01058	0.01234	0.00881	0.00705	0.00617	0.00176	0.01234	0.00441	0.00353	0.00793
25	0.00809	0.00693	0.00693	0.00693	0.00924	0.00578	0.00520	0.00982	0.01559	0.01848	0.06931	0.06584	0.71411	0.01733	0.00809	0.00231	0.00347	0.01444	0.00635	0.00578
26	0.00870	0.00695	0.00778	0.00758	0.00962	0.00604	0.00568	0.01101	0.01705	0.02193	0.31745	0.06016	0.46381	0.01604	0.00808	0.00225	0.00337	0.01364	0.00681	0.00604
27	0.07189	0.13297	0.05877	0.07182	0.06681	0.07049	0.03083	0.04475	0.14939	0.07441	0.02005	0.02798	0.01731	0.00933	0.00672	0.00222	0.00736	0.12286	0.00502	0.00901
28	0.01836	0.01458	0.01576	0.01356	0.01787	0.01608	0.01067	0.08480	0.53714	0.07637	0.02534	0.02354	0.01883	0.00872	0.00676	0.00216	0.00557	0.00719	0.00676	0.08994
29	0.00862	0.00615	0.00778	0.00896	0.00942	0.00577	0.00586	0.00962	0.01268	0.01675	0.03687	0.57546	0.08738	0.15864	0.01355	0.00346	0.00443	0.01734	0.00594	0.00531
30	0.01829	0.76368	0.03585	0.01171	0.01756	0.02707	0.01171	0.02049	0.01390	0.01610	0.00951	0.01097	0.00878	0.00585	0.00439	0.00146	0.00732	0.00366	0.00293	0.00878
31	0.00834	0.00595	0.00794	0.00953	0.00992	0.00556	0.00635	0.00953	0.01310	0.01746	0.03771	0.75510	0.04525	0.02143	0.00873	0.00278	0.00397	0.01945	0.00635	0.00556
32	0.00983	0.00663	0.00773	0.00784	0.00795	0.00669	0.00459	0.01007	0.01023	0.01373	0.02245	0.09236	0.02576	0.66198	0.07922	0.00666	0.00722	0.01043	0.00427	0.00437
33	0.01625	0.01816	0.03867	0.03061	0.12763	0.01716	0.60153	0.02179	0.01607	0.02197	0.01371	0.01825	0.01044	0.00581	0.00790	0.00227	0.01107	0.00781	0.00345	0.00944
34	0.01829	0.76368	0.03585	0.01171	0.01756	0.02707	0.01171	0.02049	0.01390	0.01610	0.00951	0.01097	0.00878	0.00585	0.00439	0.00146	0.00732	0.00366	0.00293	0.00878
35	0.02720	0.01106	0.01454	0.01146	0.01622	0.00977	0.00937	0.03051	0.04761	0.59246	0.02997	0.02680	0.07074	0.00915	0.00684	0.00211	0.00545	0.00746	0.06049	0.01081
36	0.01847	0.01916	0.02628	0.03766	0.59319	0.14353	0.01961	0.02212	0.01626	0.02135	0.01246	0.01612	0.01048	0.00627	0.00667	0.00198	0.00888	0.00580	0.00341	0.01032
37	0.72111	0.04004	0.01164	0.00975	0.01399	0.07084	0.00800	0.02068	0.01231	0.02913	0.00961	0.01120	0.00756	0.00639	0.00439	0.00207	0.00590	0.00376	0.00414	0.00750
38	0.01809	0.50203	0.15749	0.01603	0.07385	0.09470	0.01501	0.02142	0.01468	0.01764	0.01037	0.01219	0.00892	0.00611	0.00513	0.00166	0.00838	0.00417	0.00301	0.00909
39	0.00981	0.00720	0.01033	0.01033	0.01133	0.00819	0.00773	0.01179	0.01080	0.01539	0.01893	0.03023	0.01856	0.18405	0.60170	0.01018	0.01613	0.00782	0.00376	0.00574
40	0.01211	0.00683	0.00785	0.05724	0.01108	0.00710	0.00612	0.01507	0.01377	0.02315	0.02234	0.07602	0.01914	0.04362	0.06239	0.00266	0.00495	0.00748	0.59477	0.00629
41	0.01440	0.03066	0.53321	0.02211	0.03133	0.01628	0.21145	0.02174	0.01492	0.02174	0.01271	0.01556	0.00915	0.00630	0.00694	0.00221	0.01051	0.00590	0.00305	0.00986
42	0.00968	0.00699	0.00914	0.00861	0.01022	0.00646	0.00646	0.01291	0.01937	0.02743	0.71328	0.05110	0.06455	0.01399	0.00807	0.00215	0.00323	0.01237	0.00753	0.00646
43	0.01084	0.00774	0.01081	0.01239	0.01388	0.00772	0.01071	0.01386	0.01557	0.02027	0.03632	0.12341	0.03977	0.01907	0.00940	0.00312	0.00614	0.62641	0.00630	0.00625
44	0.01372	0.03539	0.72412	0.01950	0.02961	0.01589	0.02528	0.02167	0.01444	0.02167	0.01228	0.01444	0.00867	0.00650	0.00650	0.00217	0.01011	0.00506	0.00289	0.01011
45	0.00978	0.00730	0.01085	0.01085	0.01202	0.00847	0.00837	0.01212	0.01095	0.01577	0.01846	0.02763	0.01743	0.08097	0.70324	0.01081	0.01784	0.00744	0.00369	0.00603
46	0.01275	0.00638	0.00638	0.00638	0.00797	0.00638	0.00478	0.01594	0.01435	0.02551	0.02232	0.02551	0.01754	0.00797	0.00478	0.00159	0.00319	0.00638	0.79755	0.00638
47	0.02408	0.01459	0.01731	0.01345	0.01833	0.01490	0.01104	0.30012	0.02293	0.25446	0.01911	0.01908	0.01346	0.01056	0.04958	0.00249	0.04513	0.00617	0.02571	0.11750
48	0.80789	0.01323	0.01006	0.00900	0.01323	0.01535	0.00741	0.02011	0.01164	0.03070	0.00953	0.01111	0.00741	0.00635	0.00423	0.00212	0.00529	0.00370	0.00423	0.00741
49	0.80789	0.01323	0.01006	0.00900	0.01323	0.01535	0.00741	0.02011	0.01164	0.03070	0.00953	0.01111	0.00741	0.00635	0.00423	0.00212	0.00529	0.00370	0.00423	0.00741
50	0.01829	0.76368	0.03585	0.01171	0.01756	0.02707	0.01171	0.02049	0.01390	0.01610	0.00951	0.01097	0.00878	0.00585	0.00439	0.00146	0.00732	0.00366	0.00293	0.00878
51	0.00834	0.00595	0.00794	0.00953	0.00992	0.00556	0.00635	0.00953	0.01310	0.01746	0.03771	0.75510	0.04525	0.02143	0.00873	0.00278	0.00397	0.01945	0.00635	0.00556
52	0.00995	0.00663	0.00746	0.00746	0.00746	0.00663	0.00415	0.00995	0.00995	0.01327	0.02156	0.04477	0.02487	0.75957	0.03482	0.00663	0.00663	0.00995	0.00415	0.00415
53	0.02008	0.01622	0.01720	0.01454	0.01896	0.01845	0.01157	0.26063	0.47526	0.03356	0.02395	0.02242	0.01773	0.00892	0.00692	0.00223	0.00614	0.00720	0.00692	0.01110
54	0.00834	0.00595	0.00794	0.00953	0.00992	0.00556	0.00635	0.00953	0.01310	0.01746	0.03771	0.75510	0.04525	0.02143	0.00873	0.00278	0.00397	0.01945	0.00635	0.00556
55	0.00833	0.00694	0.00727	0.00719	0.00939	0.00588	0.00539	0.01030	0.01618	0.01987	0.16891	0.06356	0.61364	0.01681	0.00808	0.00229	0.00343	0.01412	0.00654	0.00588
56	0.00868	0.00695	0.00775	0.00755	0.00960	0.00603	0.00566	0.01096	0.01699	0.02179	0.30742	0.06039	0.47393	0.01609	0.00808	0.00225	0.00338	0.01367	0.00679	0.00603
57	0.02871	0.01258	0.01619	0.01265	0.01779	0.01174	0.01037	0.08454	0.10172	0.58730	0.02628	0.02302	0.01700	0.00854	0.00689	0.00214	0.00590	0.00693	0.00816	0.01155
58	0.02843	0.01397	0.01632	0.01299	0.01757	0.08863	0.01053	0.03082	0.01865	0.57602	0.02385	0.02224	0.01579	0.03272	0.00873	0.00228	0.05563	0.00665	0.00743	0.01073
59	0.80789	0.01323	0.01006	0.00900	0.01323	0.01535	0.00741	0.02011	0.01164	0.03070	0.00953	0.01111	0.00741	0.00635	0.00423	0.00212	0.00529	0.00370	0.00423	0.00741
60	0.01638	0.01569	0.02678	0.13815	0.62503	0.01611	0.02072	0.02051	0.01532	0.02168	0.01277	0.01711	0.01060	0.00620	0.00678	0.00207	0.00826	0.00609	0.00334	0.01039
61	0.00834	0.00595	0.00794	0.00953	0.00992	0.00556	0.00635	0.00953	0.01310	0.01746	0.03771	0.75510	0.04525	0.02143	0.00873	0.00278	0.00397	0.01945	0.00635	0.00556
62	0.01499	0.11183	0.60504	0.01856	0.02778	0.06449	0.02305	0.02192	0.01471	0.02075	0.01187	0.01394	0.00869	0.00647	0.00626	0.00207	0.00996	0.00487	0.00293	0.00983
63	0.00977	0.00731	0.01087	0.01083	0.01208	0.00841	0.00841	0.01226	0.01157	0.01667	0.06572	0.02853	0.02034	0.04876	0.68305	0.01039	0.01730	0.00767	0.00393	0.00613
64	0.01405	0.00947	0.01464	0.01528	0.06934	0.00902	0.06752	0.01691	0.01569	0.12174	0.03241	0.22131	0.05015	0.01586	0.00855	0.00273	0.00618	0.29550	0.00617	0.00748
65	0.01372	0.03539	0.72412	0.01950	0.02961	0.01589	0.02528	0.02167	0.01444	0.02167	0.01228	0.01444	0.00867	0.00650	0.00650	0.00217	0.01011	0.00506	0.00289	0.01011
66	0.03070	0.01164	0.01588	0.01217	0.01746	0.01006	0.01006	0.03334	0.01958	0.72163	0.02699	0.02329	0.01694	0.00847	0.00688	0.00212	0.00582	0.00688	0.00847	0.01164
67	0.01829	0.76368	0.03585	0.01171	0.01756	0.02707	0.01171	0.02049	0.01390	0.01610	0.00951	0.01097	0.00878	0.00585	0.00439	0.00146	0.00732	0.00366	0.00293	0.00878
68	0.01275	0.00638	0.00638	0.00638	0.00797	0.00638	0.00478	0.01594	0.01435	0.02551	0.02232	0.02551	0.01754	0.00797	0.00478	0.00159	0.00319	0.00638	0.79755	0.00638
69	0.00995	0.00663	0.00746	0.00746	0.00746	0.00663	0.00415	0.00995	0.00995	0.01327	0.02156	0.04477	0.02487	0.75957	0.03482	0.00663	0.00663	0.00995	0.00415	0.00415
70	0.00990	0.00661	0.00748	0.00752	0.00753	0.00660	0.00421	0.00994	0.01004	0.01338	0.02201	0.06493	0.02545	0.73862	0.03408	0.00652	0.00656	0.01022	0.00421	0.00419
71	0.01693	0.01626	0.02777	0.04199	0.71689	0.01626	0.02100	0.02100	0.01558	0.02235	0.01287	0.01693	0.01084	0.00610	0.00677	0.00203	0.00813	0.00610	0.00339	0.01084
72	0.01615	0.01845	0.04037	0.02884	0.03576	0.01730	0.69204	0.02191	0.01615	0.02191	0.01384	0.01845	0.01038	0.00577	0.00807	0.00231	0.01153	0.00807	0.00346	0.00923
73	0.00853	0.00618	0.00810	0.00957	0.01021	0.00576	0.00663	0.00992	0.01350	0.01778	0.04002	0.64866	0.09621	0.02092	0.00874	0.00277	0.00411	0.07042	0.00635	0.00563
74	0.00848	0.00698	0.00752	0.00778	0.00987	0.00602	0.00596	0.01039	0.01558	0.01893	0.08440	0.10871	0.57684	0.01765	0.00828	0.00243	0.00381	0.08816	0.00638	0.00584
75	0.01388	0.01320	0.02213	0.56469	0.11073	0.01560	0.06308	0.01971	0.07199	0.01919	0.01366	0.01873	0.01036	0.00690	0.00693	0.00226	0.00887	0.00635	0.00343	0.00830
76	0.80789	0.01323	0.01006	0.00900	0.01323	0.01535	0.00741	0.02011	0.01164	0.03070	0.00953	0.01111	0.00741	0.00635	0.00423	0.00212	0.00529	0.00370	0.00423	0.00741
77	0.00968	0.00699	0.00914	0.00861	0.01022	0.00646	0.00646	0.01291	0.01937	0.02743	0.71328	0.05110	0.06455	0.01399	0.00807	0.00215	0.00323	0.01237	0.00753	0.00646
78	0.06520	0.00859	0.01041	0.00932	0.01169	0.00830	0.00719	0.06129	0.01959	0.08171	0.53943	0.04457	0.08070	0.01280	0.00764	0.00215	0.00387	0.01104	0.00729	0.00724
79	0.00979	0.00728	0.01072	0.01072	0.01185	0.00840	0.00821	0.01204	0.01091	0.01568	0.01857	0.02825	0.01770	0.10576	0.67882	0.01066	0.01743	0.00753	0.00370	0.00596
80	0.01085	0.00775	0.01082	0.01240	0.01389	0.00772	0.01072	0.01387	0.01557	0.02027	0.03632	0.12206	0.03976	0.01907	0.00940	0.00313	0.00615	0.62771	0.00630	0.00625
81	0.01497	0.01497	0.02095	0.01796	0.01796	0.02095	0.01497	0.01646	0.01048	0.01646	0.00898	0.01497	0.00898	0.01197	0.02245	0.00299	0.74704	0.00599	0.00299	0.00748
82	0.07128	0.41693	0.25407	0.01452	0.02144	0.08182	0.01590	0.02141	0.01438	0.01894	0.01049	0.01221	0.00865	0.00620	0.00521	0.00176	0.00850	0.00417	0.00305	0.00904
83	0.01074	0.00769	0.01063	0.01176	0.01334	0.00758	0.01007	0.01391	0.01651	0.02194	0.17835	0.07170	0.04466	0.01787	0.00916	0.00294	0.00565	0.53261	0.00656	0.00633
84	0.80789	0.01323	0.01006	0.00900	0.01323	0.01535	0.00741	0.02011	0.01164	0.03070	0.00953	0.01111	0.00741	0.00635	0.00423	0.00212	0.00529	0.00370	0.00423	0.00741
85	0.00958	0.00699	0.00900	0.00850	0.01016	0.00641	0.00637	0.01271	0.01912	0.02684	0.67064	0.05208	0.10756	0.01421	0.00807	0.00216	0.00324	0.01251	0.00745	0.00641
86	0.01460	0.00723	0.00760	0.00715	0.00916	0.00718	0.00548	0.04106	0.01537	0.07964	0.02247	0.02502	0.01728	0.00802	0.00502	0.00165	0.00354	0.00641	0.70916	0.00697
87	0.01497	0.01497	0.02095	0.01796	0.01796	0.02095	0.01497	0.01646	0.01048	0.01646	0.00898	0.01497	0.00898	0.01197	0.02245	0.00299	0.74704	0.00599	0.00299	0.00748
