[name]
unknown

[dist]
# distance from previous block
# <min> <max>
0	37

[block]
# block no. 0 follows, 32 sequences, length 18
# corresponding to MSA columns:
# 42-59
name=unknown_A
#
# <colnr> <probs for GDERKNQSTAVLIFYWHMCP>
#	G	D	E	R	K	N	Q	S	T	A	V	L	I	F	Y	W	H	M	C	P
0	0.16367	0.01475	0.01456	0.01552	0.10917	0.12194	0.01059	0.02258	0.14001	0.08472	0.05255	0.06121	0.10407	0.00998	0.00658	0.00216	0.00637	0.04583	0.00537	0.00838
1	0.11609	0.17384	0.01929	0.01262	0.01701	0.12942	0.01048	0.16324	0.11504	0.05737	0.02145	0.02130	0.09929	0.00844	0.00597	0.00193	0.00695	0.00623	0.00512	0.00894
2	0.01535	0.01349	0.01877	0.35239	0.03064	0.01648	0.01506	0.14788	0.05621	0.02246	0.01787	0.02138	0.07214	0.00903	0.00994	0.00234	0.15940	0.00677	0.00419	0.00821
3	0.02127	0.01522	0.01833	0.01489	0.01899	0.07720	0.08303	0.20167	0.08087	0.19610	0.03843	0.13822	0.01949	0.01019	0.00763	0.00220	0.03177	0.00862	0.00628	0.00957
4	0.01559	0.01786	0.07333	0.02418	0.03018	0.03856	0.51306	0.02067	0.01602	0.04242	0.07728	0.02190	0.03587	0.00706	0.00821	0.00224	0.03481	0.00809	0.00393	0.00873
5	0.08275	0.00893	0.00998	0.00971	0.01192	0.03352	0.00723	0.01585	0.03685	0.12211	0.13112	0.31194	0.12615	0.01499	0.00752	0.00234	0.00452	0.02800	0.00637	0.02821
6	0.01267	0.01193	0.02013	0.74806	0.04621	0.01491	0.01863	0.01714	0.01342	0.01714	0.01193	0.01789	0.00894	0.00671	0.00671	0.00224	0.00894	0.00596	0.00298	0.00745
7	0.01391	0.01193	0.01391	0.00994	0.01590	0.00894	0.00795	0.01690	0.01391	0.02186	0.01193	0.01391	0.00994	0.00497	0.00497	0.00099	0.00497	0.00398	0.00398	0.80521
8	0.00960	0.00713	0.01048	0.01048	0.01157	0.00822	0.00801	0.01179	0.01069	0.01535	0.01825	0.02789	0.01744	0.11270	0.67613	0.01041	0.01697	0.00741	0.00364	0.00582
9	0.00959	0.00716	0.01062	0.01062	0.01177	0.00830	0.00819	0.01188	0.01074	0.01546	0.01812	0.02717	0.01712	0.08310	0.70530	0.01059	0.01745	0.00731	0.00362	0.00590
10	0.01999	0.50416	0.06029	0.01364	0.01885	0.25016	0.01253	0.02226	0.01535	0.01622	0.00978	0.01133	0.00862	0.00614	0.00495	0.00156	0.00885	0.00388	0.00305	0.00841
11	0.01728	0.01383	0.05681	0.04727	0.08019	0.01093	0.01105	0.05327	0.01575	0.13804	0.01458	0.01591	0.01104	0.00591	0.00565	0.00143	0.00593	0.00485	0.00465	0.48562
12	0.04424	0.44718	0.24682	0.01422	0.02105	0.06090	0.01557	0.04760	0.01472	0.01904	0.01049	0.01210	0.00864	0.00611	0.00513	0.00171	0.00823	0.00415	0.00309	0.00903
13	0.01915	0.04144	0.01716	0.01417	0.01837	0.05299	0.01125	0.18660	0.49817	0.03034	0.02333	0.02189	0.01744	0.00864	0.00668	0.00216	0.00618	0.00694	0.00651	0.01060
14	0.00976	0.00651	0.00732	0.00732	0.00732	0.00651	0.00407	0.00976	0.00976	0.01301	0.02114	0.04391	0.02439	0.76419	0.03415	0.00651	0.00651	0.00976	0.00407	0.00407
15	0.02375	0.16799	0.02200	0.01621	0.02009	0.60596	0.01269	0.02556	0.01802	0.01630	0.01018	0.01185	0.00864	0.00670	0.00573	0.00167	0.01119	0.00419	0.00335	0.00793
16	0.02090	0.00944	0.01226	0.01008	0.01386	0.00820	0.00807	0.02342	0.01831	0.42377	0.18319	0.03772	0.17915	0.01135	0.00725	0.00212	0.00467	0.00951	0.00766	0.00908
17	0.77026	0.01397	0.01034	0.00927	0.01338	0.05300	0.00757	0.02010	0.01182	0.02939	0.00940	0.01096	0.00734	0.00626	0.00425	0.00206	0.00555	0.00367	0.00412	0.00729

[dist]
# distance from previous block
# <min> <max>
0	2

[block]
# block no. 1 follows, 32 sequences, length 30
# corresponding to MSA columns:
# 62-91
name=unknown_B
#
# <colnr> <probs for GDERKNQSTAVLIFYWHMCP>
#	G	D	E	R	K	N	Q	S	T	A	V	L	I	F	Y	W	H	M	C	P
0	0.00959	0.00719	0.01078	0.01078	0.01198	0.00839	0.00839	0.01198	0.01078	0.01558	0.01797	0.02636	0.01677	0.05032	0.73760	0.01078	0.01797	0.00719	0.00359	0.00599
1	0.02141	0.01619	0.01761	0.01395	0.01871	0.01743	0.01129	0.47405	0.10806	0.03607	0.04372	0.07018	0.01650	0.00895	0.00671	0.00199	0.00648	0.00713	0.00642	0.09715
2	0.02686	0.01309	0.01625	0.01260	0.01751	0.01264	0.01035	0.22039	0.02269	0.46665	0.08860	0.02349	0.01952	0.00874	0.00685	0.00206	0.00595	0.00705	0.00777	0.01094
3	0.00989	0.00757	0.01018	0.01086	0.06629	0.00702	0.00733	0.01296	0.01830	0.02557	0.59293	0.04902	0.12972	0.01346	0.00782	0.00212	0.00357	0.01187	0.00694	0.00660
4	0.00976	0.00651	0.00732	0.00732	0.00732	0.00651	0.00407	0.00976	0.00976	0.01301	0.02114	0.04391	0.02439	0.76419	0.03415	0.00651	0.00651	0.00976	0.00407	0.00407
5	0.01747	0.01864	0.02395	0.19797	0.34562	0.17783	0.04672	0.02101	0.01547	0.01929	0.01181	0.01586	0.00969	0.00662	0.00731	0.00205	0.04473	0.00568	0.00326	0.00903
6	0.01528	0.01274	0.01422	0.01036	0.01617	0.03972	0.00827	0.01819	0.01442	0.06084	0.01267	0.01433	0.01025	0.00524	0.00511	0.00109	0.00531	0.00414	0.00419	0.72744
7	0.04861	0.62331	0.11272	0.01296	0.01916	0.02445	0.04244	0.02027	0.01370	0.01721	0.00982	0.01147	0.00861	0.00583	0.00469	0.00157	0.00759	0.00393	0.00294	0.00872
8	0.01545	0.01932	0.16494	0.13355	0.31491	0.01591	0.14813	0.04694	0.01543	0.02167	0.01286	0.01683	0.01008	0.00733	0.02579	0.00233	0.00936	0.00618	0.00333	0.00965
9	0.81159	0.01298	0.00986	0.00882	0.01298	0.01505	0.00727	0.01972	0.01142	0.03010	0.00934	0.01090	0.00727	0.00623	0.00415	0.00208	0.00519	0.00363	0.00415	0.00727
10	0.00950	0.00686	0.00897	0.00844	0.01002	0.00633	0.00633	0.01266	0.01899	0.02691	0.71879	0.05012	0.06331	0.01372	0.00791	0.00211	0.00317	0.01213	0.00739	0.00633
11	0.00896	0.00672	0.00830	0.00814	0.00975	0.00606	0.00602	0.01153	0.01736	0.02360	0.47895	0.13726	0.22195	0.01538	0.00799	0.00222	0.00331	0.01345	0.00697	0.00606
12	0.01794	0.76823	0.03516	0.01148	0.01722	0.02655	0.01148	0.02009	0.01363	0.01579	0.00933	0.01076	0.00861	0.00574	0.00431	0.00144	0.00718	0.00359	0.00287	0.00861
13	0.04040	0.01463	0.01886	0.05172	0.02073	0.05095	0.10839	0.13165	0.05672	0.08784	0.06626	0.02070	0.04072	0.00756	0.00684	0.00182	0.02727	0.00643	0.00510	0.23541
14	0.01965	0.05898	0.02001	0.01642	0.01927	0.34946	0.06380	0.05912	0.01650	0.01873	0.01314	0.06068	0.01192	0.00987	0.02834	0.00230	0.16285	0.00608	0.05513	0.00774
15	0.81159	0.01298	0.00986	0.00882	0.01298	0.01505	0.00727	0.01972	0.01142	0.03010	0.00934	0.01090	0.00727	0.00623	0.00415	0.00208	0.00519	0.00363	0.00415	0.00727
16	0.01492	0.04157	0.01735	0.05361	0.01811	0.14755	0.09459	0.01757	0.03890	0.03849	0.01828	0.11986	0.01831	0.17030	0.09029	0.00402	0.07679	0.00851	0.00413	0.00686
17	0.02210	0.02009	0.01803	0.01507	0.01951	0.18117	0.01193	0.30517	0.25037	0.03103	0.01833	0.01805	0.01370	0.00803	0.00654	0.00200	0.00768	0.00608	0.00591	0.03920
18	0.00817	0.00677	0.00719	0.00746	0.00949	0.00580	0.00563	0.00992	0.01507	0.01817	0.06256	0.13289	0.60357	0.01750	0.00809	0.00237	0.00365	0.06380	0.00623	0.00568
19	0.02928	0.01160	0.01555	0.01204	0.01715	0.01028	0.00991	0.03288	0.06194	0.68376	0.02652	0.02297	0.01685	0.00835	0.00675	0.00209	0.00568	0.00680	0.00821	0.01137
20	0.02539	0.04738	0.02054	0.01515	0.02053	0.02061	0.01259	0.64808	0.03038	0.06763	0.01625	0.01616	0.01150	0.00798	0.00662	0.00199	0.00731	0.00597	0.00663	0.01130
21	0.01704	0.01676	0.02682	0.03997	0.68666	0.05262	0.02020	0.02091	0.01547	0.02164	0.01251	0.01638	0.01053	0.00603	0.00661	0.00198	0.00818	0.00589	0.00333	0.01048
22	0.00818	0.00584	0.00779	0.00934	0.00973	0.00545	0.00623	0.00934	0.01285	0.01713	0.03698	0.75981	0.04438	0.02102	0.00856	0.00273	0.00389	0.01908	0.00623	0.00545
23	0.02429	0.02373	0.01961	0.01764	0.06552	0.32848	0.01310	0.29682	0.07194	0.05264	0.01455	0.01527	0.01098	0.00751	0.00643	0.00191	0.00925	0.00543	0.00516	0.00974
24	0.00994	0.00810	0.00872	0.00834	0.01069	0.00762	0.00631	0.04571	0.08812	0.02169	0.16685	0.09880	0.46370	0.01546	0.00780	0.00226	0.00378	0.01307	0.00651	0.00655
25	0.01359	0.00829	0.01070	0.00985	0.01223	0.00784	0.00782	0.04846	0.01824	0.13751	0.36895	0.04767	0.11560	0.01585	0.05298	0.00279	0.00513	0.10223	0.00698	0.00728
26	0.02143	0.06747	0.02546	0.02147	0.10860	0.23268	0.17891	0.09211	0.06327	0.10129	0.01482	0.01645	0.01118	0.00683	0.00666	0.00197	0.00948	0.00600	0.00447	0.00943
27	0.04732	0.05488	0.02989	0.02338	0.08952	0.08591	0.32986	0.18994	0.03655	0.02639	0.01380	0.01647	0.01045	0.00650	0.00700	0.00208	0.00956	0.00658	0.00430	0.00961
28	0.05311	0.01828	0.02073	0.05720	0.07704	0.10786	0.07479	0.34120	0.04044	0.06993	0.01763	0.03795	0.03694	0.00809	0.00673	0.00205	0.00800	0.00660	0.00550	0.00992
29	0.18295	0.01735	0.01752	0.06461	0.07876	0.17199	0.04821	0.06508	0.01677	0.12235	0.04332	0.01653	0.01239	0.00692	0.00594	0.00187	0.00761	0.00535	0.00467	0.10980

[dist]
# distance from previous block
# <min> <max>
20	72

[block]
# block no. 2 follows, 32 sequences, length 22
# corresponding to MSA columns:
# 166-187
name=unknown_C
#
# <colnr> <probs for GDERKNQSTAVLIFYWHMCP>
#	G	D	E	R	K	N	Q	S	T	A	V	L	I	F	Y	W	H	M	C	P
0	0.04649	0.04642	0.07931	0.01293	0.01679	0.07496	0.01114	0.14817	0.13145	0.05105	0.09318	0.11165	0.06744	0.01131	0.00708	0.00222	0.00637	0.06761	0.00584	0.00859
1	0.07027	0.08223	0.01789	0.01524	0.08148	0.09760	0.03527	0.09535	0.01673	0.08103	0.04109	0.07860	0.09448	0.01243	0.05808	0.00263	0.04968	0.00759	0.00485	0.05746
2	0.07072	0.01610	0.02089	0.06683	0.35795	0.08463	0.01542	0.09484	0.06561	0.02348	0.01539	0.05593	0.01356	0.05996	0.00845	0.00236	0.00767	0.00671	0.00419	0.00932
3	0.12844	0.01838	0.01600	0.06874	0.01953	0.20211	0.01106	0.19722	0.04472	0.04470	0.04618	0.05045	0.05273	0.00851	0.00627	0.00195	0.00760	0.00644	0.00507	0.06389
4	0.06691	0.00952	0.01303	0.01158	0.01394	0.00936	0.09168	0.08483	0.01575	0.02183	0.08967	0.29521	0.15255	0.08064	0.01006	0.00275	0.00535	0.01301	0.00569	0.00664
5	0.11072	0.09455	0.05610	0.01347	0.04606	0.16041	0.01063	0.06961	0.01571	0.03695	0.01883	0.09691	0.06334	0.06610	0.00857	0.00226	0.02640	0.00709	0.00436	0.09191
6	0.02008	0.23100	0.05357	0.06303	0.02112	0.11644	0.04565	0.13570	0.04662	0.09969	0.01682	0.01762	0.04661	0.00732	0.00596	0.00182	0.00777	0.00559	0.00461	0.05297
7	0.01022	0.00838	0.00899	0.00983	0.01077	0.06141	0.00702	0.01159	0.01341	0.01689	0.03461	0.37038	0.10287	0.16626	0.01350	0.00342	0.00539	0.13396	0.00558	0.00550
8	0.01666	0.03015	0.50867	0.01765	0.02568	0.09972	0.02056	0.06931	0.01626	0.07530	0.01440	0.05005	0.01103	0.00739	0.00649	0.00210	0.00939	0.00576	0.00375	0.00967
9	0.01223	0.00687	0.00941	0.00916	0.00974	0.00692	0.00633	0.06110	0.01117	0.01476	0.01740	0.07118	0.06100	0.02159	0.02238	0.63832	0.00566	0.00726	0.00364	0.00390
10	0.04319	0.05546	0.01777	0.01553	0.06653	0.27451	0.01138	0.12459	0.01945	0.08978	0.08513	0.03675	0.04402	0.00828	0.00634	0.00183	0.00803	0.00632	0.00499	0.08012
11	0.01807	0.55434	0.13490	0.01375	0.02012	0.02305	0.05909	0.02131	0.01428	0.07073	0.01130	0.01266	0.00930	0.00602	0.00503	0.00164	0.00774	0.00431	0.00331	0.00904
12	0.00901	0.00641	0.00774	0.00847	0.00930	0.00603	0.00582	0.01030	0.01301	0.01721	0.06433	0.32971	0.15988	0.21161	0.01495	0.00358	0.00463	0.07455	0.03818	0.00526
13	0.00885	0.00623	0.00746	0.00820	0.00907	0.00579	0.00554	0.01025	0.01335	0.01804	0.08344	0.40159	0.17032	0.13366	0.01201	0.00308	0.00408	0.01506	0.07857	0.00541
14	0.02372	0.07501	0.01945	0.01617	0.01989	0.58310	0.01242	0.09105	0.01970	0.01900	0.01403	0.01529	0.04797	0.00751	0.00611	0.00177	0.01086	0.00498	0.00389	0.00807
15	0.00903	0.00652	0.00810	0.00831	0.00949	0.00613	0.00589	0.01036	0.01392	0.01837	0.18380	0.19648	0.23163	0.09429	0.08413	0.08429	0.00543	0.01280	0.00567	0.00536
16	0.10640	0.06562	0.02313	0.14234	0.21735	0.19604	0.07705	0.02215	0.01563	0.05595	0.01217	0.01515	0.00963	0.00643	0.00621	0.00197	0.00899	0.00537	0.00362	0.00880
17	0.01615	0.01360	0.01907	0.12874	0.26874	0.04054	0.01454	0.08778	0.04910	0.06688	0.09300	0.02875	0.09366	0.00919	0.00705	0.00213	0.00688	0.04024	0.00495	0.00901
18	0.06131	0.00627	0.00881	0.00875	0.00900	0.00640	0.00592	0.00942	0.00891	0.01280	0.01151	0.01981	0.01138	0.02225	0.02485	0.75496	0.00579	0.00569	0.00299	0.00318
19	0.01541	0.06891	0.14355	0.15221	0.35466	0.04310	0.05241	0.01990	0.01484	0.02020	0.01450	0.01797	0.03985	0.00664	0.00655	0.00203	0.00853	0.00603	0.00328	0.00944
20	0.05707	0.01790	0.05942	0.14671	0.14733	0.11185	0.04083	0.13906	0.01740	0.05306	0.01346	0.01769	0.01091	0.05783	0.00978	0.00242	0.07834	0.00594	0.00412	0.00886
21	0.01095	0.00931	0.00969	0.00962	0.01154	0.04795	0.00713	0.01561	0.12979	0.02077	0.16105	0.17278	0.23842	0.07185	0.00982	0.00266	0.00464	0.05363	0.00621	0.00659

[dist]
# distance from previous block
# <min> <max>
0	3

[block]
# block no. 3 follows, 32 sequences, length 36
# corresponding to MSA columns:
# 191-226
name=unknown_D
#
# <colnr> <probs for GDERKNQSTAVLIFYWHMCP>
#	G	D	E	R	K	N	Q	S	T	A	V	L	I	F	Y	W	H	M	C	P
0	0.00834	0.00619	0.00781	0.00891	0.00982	0.00566	0.00623	0.00984	0.01388	0.01814	0.09021	0.53978	0.18020	0.01960	0.00843	0.00261	0.00385	0.04861	0.00631	0.00559
1	0.00940	0.00617	0.00803	0.00892	0.00956	0.00587	0.00619	0.01024	0.01270	0.01726	0.06534	0.40891	0.07793	0.07244	0.01294	0.13196	0.00445	0.06574	0.06083	0.00511
2	0.04123	0.19877	0.12974	0.11262	0.23057	0.01870	0.08632	0.01991	0.01409	0.01959	0.01139	0.01484	0.00936	0.00644	0.00716	0.00200	0.05963	0.00537	0.00311	0.00916
3	0.01544	0.05242	0.10183	0.01834	0.02297	0.12583	0.23895	0.02033	0.06314	0.01986	0.04897	0.04913	0.01826	0.09640	0.01042	0.00271	0.00903	0.07386	0.00417	0.00794
4	0.00916	0.00629	0.00760	0.00814	0.00839	0.00611	0.00502	0.00981	0.01153	0.01548	0.07497	0.30701	0.03441	0.43986	0.02296	0.00482	0.00532	0.01334	0.00509	0.00473
5	0.01079	0.00785	0.00936	0.00954	0.01071	0.00789	0.00660	0.07899	0.05275	0.02017	0.08993	0.39919	0.06750	0.18041	0.01379	0.00338	0.00480	0.01433	0.00593	0.00610
6	0.01630	0.01559	0.02137	0.38960	0.19975	0.08316	0.01744	0.08720	0.06430	0.02143	0.01342	0.01736	0.01036	0.00685	0.00664	0.00211	0.00860	0.00593	0.00374	0.00884
7	0.01569	0.01499	0.02267	0.16312	0.27413	0.05882	0.09052	0.06572	0.01654	0.02233	0.07972	0.03813	0.01670	0.00767	0.00689	0.00205	0.00793	0.02830	0.00409	0.06397
8	0.00959	0.00719	0.01078	0.01078	0.01198	0.00839	0.00839	0.01198	0.01078	0.01558	0.01797	0.02636	0.01677	0.05032	0.73760	0.01078	0.01797	0.00719	0.00359	0.00599
9	0.01223	0.00737	0.00869	0.00845	0.00942	0.00723	0.00553	0.04453	0.01286	0.08032	0.04269	0.18163	0.02743	0.42620	0.02201	0.00459	0.00557	0.01092	0.07673	0.00560
10	0.01559	0.01650	0.02693	0.20165	0.20864	0.08280	0.22343	0.01973	0.01511	0.01962	0.01577	0.01982	0.05356	0.00710	0.00780	0.00217	0.04478	0.00691	0.00344	0.00866
11	0.01626	0.01661	0.01863	0.01635	0.01732	0.13396	0.01318	0.06405	0.01348	0.01812	0.01319	0.11040	0.01355	0.01191	0.01666	0.00265	0.48520	0.00734	0.00370	0.00745
12	0.00835	0.00591	0.00773	0.00912	0.00947	0.00557	0.00599	0.00939	0.01251	0.01668	0.03524	0.68119	0.04218	0.10263	0.01137	0.00314	0.00418	0.01805	0.00599	0.00530
13	0.00843	0.00664	0.00756	0.00769	0.00939	0.00582	0.00560	0.01038	0.01569	0.02012	0.23185	0.18374	0.40969	0.03615	0.00872	0.00242	0.00351	0.01439	0.00648	0.00576
14	0.01509	0.01672	0.03557	0.09761	0.03444	0.01603	0.58365	0.02046	0.01582	0.02144	0.06195	0.02028	0.01372	0.00631	0.00780	0.00225	0.01052	0.00802	0.00363	0.00871
15	0.01512	0.01661	0.03469	0.02536	0.03129	0.01579	0.58065	0.02125	0.06351	0.02151	0.01689	0.09345	0.01434	0.00745	0.00791	0.00231	0.01015	0.00902	0.00392	0.00879
16	0.01391	0.01193	0.01391	0.00994	0.01590	0.00894	0.00795	0.01690	0.01391	0.02186	0.01193	0.01391	0.00994	0.00497	0.00497	0.00099	0.00497	0.00398	0.00398	0.80521
17	0.00976	0.00651	0.00732	0.00732	0.00732	0.00651	0.00407	0.00976	0.00976	0.01301	0.02114	0.04391	0.02439	0.76419	0.03415	0.00651	0.00651	0.00976	0.00407	0.00407
18	0.01481	0.23102	0.50930	0.01812	0.05891	0.01855	0.02101	0.02091	0.01408	0.01981	0.01134	0.01337	0.00863	0.00619	0.00583	0.00193	0.00909	0.00464	0.00287	0.00960
19	0.01275	0.01069	0.01107	0.01021	0.01273	0.05952	0.00779	0.01966	0.19916	0.04456	0.35029	0.04281	0.16721	0.01249	0.00747	0.00215	0.00446	0.01062	0.00678	0.00757
20	0.02410	0.01238	0.01466	0.01162	0.01593	0.01231	0.00947	0.23378	0.02182	0.33623	0.04060	0.02199	0.01638	0.00826	0.00630	0.00194	0.00556	0.00656	0.19001	0.01009
21	0.01483	0.01448	0.02290	0.43164	0.31434	0.04975	0.01914	0.01898	0.01443	0.01901	0.01213	0.01710	0.00960	0.00643	0.00665	0.00212	0.00871	0.00589	0.00314	0.00873
22	0.00882	0.00635	0.00742	0.00809	0.00929	0.00579	0.00569	0.01047	0.01400	0.01871	0.08276	0.35055	0.25908	0.06363	0.00949	0.00266	0.00383	0.03330	0.09450	0.00559
23	0.00820	0.00617	0.00772	0.00878	0.00970	0.00569	0.00607	0.00958	0.01334	0.01729	0.04368	0.53789	0.21425	0.02181	0.05339	0.00311	0.00464	0.01709	0.00607	0.00554
24	0.01027	0.00803	0.01163	0.01200	0.01355	0.00790	0.05726	0.01376	0.06573	0.01931	0.03487	0.39517	0.05500	0.01807	0.00862	0.00278	0.00531	0.24833	0.00605	0.00635
25	0.01584	0.01810	0.03959	0.02828	0.03507	0.01697	0.69796	0.02149	0.01584	0.02149	0.01357	0.01810	0.01018	0.00566	0.00792	0.00226	0.01131	0.00792	0.00339	0.00905
26	0.01007	0.00771	0.00934	0.00878	0.01072	0.00741	0.00663	0.01481	0.09711	0.02569	0.53994	0.04949	0.15941	0.01370	0.00779	0.00215	0.00345	0.01193	0.00714	0.00672
27	0.52355	0.01261	0.01131	0.00981	0.01394	0.01393	0.00798	0.05478	0.07795	0.12053	0.01902	0.01901	0.07627	0.00786	0.00521	0.00211	0.00521	0.00550	0.00526	0.00817
28	0.01730	0.32628	0.19973	0.01562	0.04086	0.06463	0.03556	0.08393	0.06410	0.02109	0.01394	0.01801	0.01183	0.00730	0.00583	0.00189	0.00812	0.05102	0.00378	0.00918
29	0.00965	0.00684	0.00767	0.00744	0.00820	0.00648	0.00457	0.01028	0.01148	0.01522	0.07625	0.04622	0.13826	0.55577	0.02672	0.00526	0.00570	0.01035	0.00464	0.04302
30	0.07142	0.22861	0.07735	0.04664	0.07119	0.11412	0.08206	0.13588	0.07013	0.02362	0.01291	0.01459	0.01019	0.00666	0.00589	0.00188	0.00832	0.00519	0.00406	0.00927
31	0.07344	0.14987	0.08454	0.04618	0.05054	0.01393	0.04446	0.03838	0.01438	0.04001	0.06393	0.06461	0.10704	0.06211	0.06200	0.00294	0.02599	0.00774	0.00435	0.04356
32	0.01418	0.01124	0.03390	0.01149	0.03424	0.00997	0.00880	0.05623	0.11773	0.07730	0.10969	0.14997	0.08294	0.02973	0.00749	0.00205	0.00495	0.00940	0.00580	0.22292
33	0.03806	0.03038	0.04890	0.01835	0.17041	0.06104	0.01230	0.12141	0.06850	0.02440	0.06146	0.09497	0.11142	0.01032	0.00690	0.00208	0.00642	0.03852	0.00513	0.06904
34	0.07590	0.05529	0.03363	0.01428	0.06894	0.08273	0.01079	0.12715	0.09044	0.09503	0.14994	0.02668	0.05426	0.00918	0.00658	0.00199	0.00624	0.02605	0.00574	0.05916
35	0.09166	0.17062	0.05790	0.03041	0.01752	0.03461	0.03007	0.09247	0.08662	0.06839	0.06737	0.06957	0.05024	0.01083	0.03928	0.00238	0.02665	0.00707	0.00495	0.04137

[dist]
# distance from previous block
# <min> <max>
3	46

[block]
# block no. 4 follows, 32 sequences, length 19
# corresponding to MSA columns:
# 281-299
name=unknown_E
#
# <colnr> <probs for GDERKNQSTAVLIFYWHMCP>
#	G	D	E	R	K	N	Q	S	T	A	V	L	I	F	Y	W	H	M	C	P
0	0.01838	0.39456	0.06807	0.01273	0.01775	0.11193	0.01180	0.10810	0.01648	0.02045	0.01213	0.01414	0.01025	0.00991	0.06369	0.00233	0.00851	0.00456	0.05690	0.03735
1	0.09213	0.27771	0.11760	0.01290	0.01800	0.05960	0.02930	0.02262	0.12970	0.05451	0.04843	0.01958	0.03490	0.04795	0.00717	0.00212	0.00704	0.00577	0.00432	0.00866
2	0.01724	0.35601	0.26029	0.01496	0.02159	0.11203	0.01598	0.02291	0.08537	0.01892	0.01219	0.01351	0.00979	0.00644	0.00547	0.00179	0.00852	0.00454	0.00334	0.00914
3	0.01782	0.10285	0.45189	0.01657	0.02464	0.01608	0.01933	0.06918	0.04836	0.14778	0.01531	0.01599	0.01070	0.00689	0.00627	0.00205	0.00851	0.00533	0.00425	0.01018
4	0.01613	0.20765	0.48217	0.01671	0.02510	0.01828	0.02010	0.06687	0.01544	0.05507	0.01236	0.01390	0.00911	0.00643	0.00592	0.00195	0.00889	0.00479	0.00336	0.00978
5	0.00879	0.00734	0.00790	0.00748	0.01000	0.00610	0.00562	0.01075	0.01533	0.01933	0.12123	0.10108	0.53188	0.01553	0.00762	0.00213	0.00359	0.01309	0.00608	0.09913
6	0.01828	0.49248	0.17196	0.01403	0.02021	0.14813	0.01442	0.02149	0.01468	0.01700	0.01006	0.01168	0.00859	0.00607	0.00503	0.00162	0.00858	0.00399	0.00297	0.00873
7	0.00969	0.00676	0.00860	0.00860	0.00904	0.00720	0.00566	0.01058	0.01014	0.01396	0.01997	0.03742	0.02158	0.50013	0.29436	0.00809	0.01075	0.00881	0.00389	0.00478
8	0.00976	0.00651	0.00732	0.00732	0.00732	0.00651	0.00407	0.00976	0.00976	0.01301	0.02114	0.04391	0.02439	0.76419	0.03415	0.00651	0.00651	0.00976	0.00407	0.00407
9	0.01413	0.01177	0.01373	0.01011	0.01552	0.00939	0.00806	0.05943	0.01562	0.02374	0.09478	0.01828	0.01627	0.00619	0.00542	0.00119	0.00491	0.00506	0.00455	0.66186
10	0.01552	0.03431	0.03777	0.04302	0.12742	0.06448	0.05007	0.11374	0.11324	0.02488	0.13224	0.05702	0.10677	0.01038	0.00718	0.00215	0.00656	0.03916	0.00545	0.00862
11	0.01608	0.01764	0.15811	0.02004	0.16802	0.03897	0.03954	0.02350	0.16247	0.09423	0.06553	0.02438	0.06146	0.01174	0.06582	0.00282	0.00804	0.00721	0.00494	0.00945
12	0.04402	0.09015	0.06717	0.08906	0.04638	0.13417	0.01336	0.18310	0.09228	0.02496	0.01428	0.01668	0.01136	0.03049	0.02705	0.00231	0.04387	0.00554	0.00449	0.05928
13	0.04346	0.08736	0.13434	0.01641	0.07594	0.01399	0.08592	0.07598	0.03793	0.05538	0.06586	0.05855	0.06123	0.00859	0.00654	0.00196	0.00692	0.03055	0.00465	0.12845
14	0.01761	0.14110	0.09510	0.01705	0.06289	0.06184	0.09975	0.08804	0.04863	0.07802	0.04449	0.02247	0.05111	0.00831	0.00749	0.00203	0.05469	0.03862	0.00456	0.05622
15	0.01950	0.08393	0.09857	0.05150	0.08694	0.11263	0.06553	0.11148	0.06870	0.12424	0.05128	0.02140	0.05874	0.00802	0.00661	0.00201	0.00787	0.00662	0.00501	0.00943
16	0.05396	0.09377	0.13142	0.05602	0.01889	0.05911	0.01212	0.10826	0.01692	0.07394	0.05304	0.17119	0.06675	0.01067	0.00668	0.00209	0.00666	0.00880	0.00503	0.04468
17	0.01678	0.09696	0.04916	0.01220	0.01653	0.10598	0.03380	0.04353	0.05750	0.10213	0.02512	0.09356	0.12204	0.00998	0.00695	0.02379	0.00646	0.00779	0.00501	0.16471
18	0.08554	0.08158	0.11361	0.05895	0.06786	0.17102	0.01376	0.08329	0.09717	0.02286	0.01510	0.04308	0.01271	0.00772	0.00613	0.00195	0.00806	0.02981	0.00427	0.07554

[dist]
# distance from previous block
# <min> <max>
2	28

[block]
# block no. 5 follows, 32 sequences, length 29
# corresponding to MSA columns:
# 328-356
name=unknown_F
#
# <colnr> <probs for GDERKNQSTAVLIFYWHMCP>
#	G	D	E	R	K	N	Q	S	T	A	V	L	I	F	Y	W	H	M	C	P
0	0.03546	0.04216	0.12444	0.10850	0.05367	0.13947	0.01471	0.10045	0.05286	0.05620	0.03541	0.06473	0.01400	0.00863	0.00827	0.00213	0.09334	0.00649	0.00434	0.03473
1	0.08184	0.08460	0.13168	0.04954	0.04125	0.08817	0.01343	0.09757	0.06158	0.04238	0.01464	0.06302	0.01240	0.00792	0.00717	0.00195	0.06250	0.00592	0.00428	0.12817
2	0.01601	0.13026	0.05342	0.01656	0.07804	0.01537	0.08003	0.03729	0.03419	0.09309	0.05710	0.02595	0.08487	0.01067	0.03096	0.00240	0.13093	0.04172	0.00457	0.05657
3	0.08218	0.13353	0.09228	0.03690	0.06384	0.01718	0.01286	0.09573	0.11083	0.02354	0.05316	0.02214	0.08369	0.00899	0.00854	0.00213	0.11821	0.00659	0.00456	0.02313
4	0.09324	0.12530	0.05470	0.04013	0.01700	0.03873	0.01042	0.06103	0.04095	0.10939	0.03640	0.02334	0.08709	0.06451	0.00927	0.00226	0.06548	0.00646	0.00476	0.10953
5	0.01660	0.05294	0.01575	0.01318	0.05534	0.01299	0.00987	0.14448	0.08810	0.08089	0.12216	0.08565	0.04887	0.00980	0.00732	0.00194	0.04139	0.00802	0.03658	0.14813
6	0.07270	0.05427	0.01550	0.01436	0.08417	0.04980	0.01012	0.05414	0.07828	0.11794	0.04278	0.15526	0.04638	0.03353	0.04633	0.00270	0.04252	0.00872	0.00534	0.06518
7	0.04119	0.08611	0.07141	0.01326	0.01728	0.15744	0.01130	0.06489	0.17830	0.05841	0.04702	0.02675	0.14344	0.00967	0.00729	0.00207	0.04296	0.00738	0.00521	0.00862
8	0.03524	0.08526	0.04124	0.01405	0.03547	0.17234	0.01117	0.11476	0.06238	0.02291	0.06138	0.09296	0.04211	0.00969	0.00791	0.00203	0.08175	0.00732	0.06103	0.03900
9	0.09899	0.02049	0.14944	0.01470	0.02038	0.07318	0.01357	0.24354	0.15011	0.07245	0.01667	0.01684	0.01215	0.00748	0.00625	0.00200	0.00736	0.00566	0.00542	0.06332
10	0.01858	0.01661	0.01731	0.04510	0.08826	0.16686	0.03007	0.07950	0.10152	0.09737	0.02093	0.12608	0.03447	0.01003	0.00770	0.00213	0.04759	0.02788	0.00517	0.05681
11	0.01176	0.01092	0.04849	0.05600	0.07895	0.01004	0.05211	0.04219	0.07531	0.02257	0.19577	0.19050	0.10859	0.01337	0.00775	0.00234	0.00546	0.05469	0.00579	0.00741
12	0.00814	0.00652	0.00728	0.00770	0.00935	0.00566	0.00554	0.00981	0.01488	0.01859	0.11511	0.27067	0.46138	0.01791	0.00812	0.00239	0.00353	0.01545	0.00633	0.00566
13	0.01794	0.01725	0.02417	0.10250	0.17364	0.11128	0.16229	0.04899	0.12596	0.06521	0.01665	0.03521	0.01332	0.00761	0.00749	0.00216	0.03292	0.02169	0.00442	0.00933
14	0.01258	0.01056	0.01243	0.00956	0.01436	0.00816	0.00746	0.01529	0.01424	0.02145	0.06827	0.10232	0.06341	0.00814	0.00577	0.00135	0.00462	0.00688	0.00461	0.60853
15	0.07405	0.11606	0.18405	0.02110	0.15581	0.04122	0.09816	0.04092	0.05309	0.10701	0.01515	0.03824	0.01181	0.00700	0.00632	0.00203	0.00810	0.00602	0.00419	0.00965
16	0.06527	0.01742	0.02076	0.06404	0.15207	0.01912	0.01421	0.47757	0.04507	0.03594	0.01515	0.01627	0.01114	0.00752	0.00656	0.00203	0.00741	0.00594	0.00572	0.01078
17	0.01002	0.00828	0.01026	0.01266	0.07746	0.04347	0.00797	0.01154	0.01347	0.01752	0.03398	0.54784	0.07122	0.05712	0.00959	0.00280	0.00491	0.04816	0.00570	0.00603
18	0.05744	0.13537	0.02184	0.03567	0.04435	0.06595	0.01353	0.02007	0.09218	0.01844	0.01137	0.01504	0.01010	0.00955	0.01455	0.00245	0.41504	0.00550	0.00348	0.00807
19	0.01557	0.01336	0.01416	0.01289	0.01642	0.01520	0.01003	0.03217	0.61125	0.02700	0.05415	0.03049	0.07906	0.01016	0.00702	0.00229	0.00511	0.02694	0.00678	0.00995
20	0.00993	0.00687	0.00894	0.00966	0.01089	0.00654	0.00755	0.01124	0.01380	0.01777	0.07354	0.12769	0.18929	0.05774	0.01326	0.15183	0.00512	0.26751	0.00554	0.00528
21	0.01919	0.52705	0.08516	0.01291	0.01856	0.10564	0.01253	0.02278	0.05674	0.06728	0.01196	0.01290	0.00989	0.00631	0.00499	0.00162	0.00774	0.00424	0.00356	0.00894
22	0.00871	0.00676	0.00792	0.00777	0.00958	0.00597	0.00578	0.01108	0.01692	0.02232	0.38153	0.10669	0.35349	0.01569	0.00797	0.00222	0.00332	0.01353	0.00679	0.00597
23	0.00983	0.00680	0.00850	0.00928	0.01061	0.00627	0.00691	0.01153	0.01412	0.05200	0.04324	0.34717	0.21893	0.07134	0.01026	0.00292	0.00451	0.15376	0.00617	0.00585
24	0.02236	0.02693	0.01923	0.01833	0.06234	0.52558	0.01334	0.02625	0.10001	0.01811	0.01234	0.01421	0.01019	0.00767	0.00801	0.00195	0.09612	0.00499	0.00379	0.00824
25	0.05124	0.01536	0.01733	0.01346	0.01840	0.01613	0.01107	0.42189	0.02591	0.24017	0.04524	0.01963	0.01502	0.00827	0.00658	0.00201	0.00645	0.00641	0.04862	0.01082
26	0.00870	0.00666	0.00804	0.00851	0.01003	0.00600	0.00635	0.01077	0.01555	0.02019	0.21197	0.24764	0.30408	0.01746	0.00825	0.00245	0.00379	0.09123	0.00650	0.00583
27	0.01106	0.00893	0.01287	0.09915	0.10880	0.00905	0.01117	0.01382	0.01455	0.01888	0.03446	0.08288	0.15408	0.08281	0.01061	0.00299	0.00617	0.30584	0.00526	0.00660
28	0.01734	0.49311	0.17414	0.01338	0.01963	0.06888	0.01404	0.05444	0.01508	0.01840	0.01333	0.01461	0.04561	0.00665	0.00515	0.00167	0.00787	0.00459	0.00327	0.00881

[dist]
# distance from previous block
# <min> <max>
0	2

[block]
# block no. 6 follows, 32 sequences, length 17
# corresponding to MSA columns:
# 359-375
name=unknown_G
#
# <colnr> <probs for GDERKNQSTAVLIFYWHMCP>
#	G	D	E	R	K	N	Q	S	T	A	V	L	I	F	Y	W	H	M	C	P
0	0.01829	0.02372	0.15686	0.02592	0.24914	0.21027	0.08234	0.04161	0.06333	0.02118	0.01379	0.01747	0.01121	0.00693	0.00665	0.00203	0.00952	0.02659	0.00369	0.00946
1	0.01231	0.02696	0.53260	0.01608	0.02333	0.01302	0.01933	0.01808	0.01323	0.01936	0.01591	0.08483	0.01458	0.14803	0.01171	0.00299	0.00876	0.00708	0.00336	0.00844
2	0.81159	0.01298	0.00986	0.00882	0.01298	0.01505	0.00727	0.01972	0.01142	0.03010	0.00934	0.01090	0.00727	0.00623	0.00415	0.00208	0.00519	0.00363	0.00415	0.00727
3	0.01063	0.00837	0.00930	0.00897	0.01106	0.00824	0.00668	0.03166	0.14169	0.02113	0.15020	0.09402	0.32522	0.06311	0.01059	0.05283	0.00426	0.02933	0.00618	0.00653
4	0.06287	0.01378	0.02241	0.33607	0.24737	0.01518	0.06859	0.06116	0.01556	0.02195	0.05993	0.01915	0.01327	0.00693	0.00671	0.00213	0.00811	0.00639	0.00372	0.00871
5	0.59648	0.01413	0.01266	0.05652	0.01670	0.01625	0.00913	0.16240	0.01577	0.03185	0.01093	0.01243	0.00824	0.00664	0.00485	0.00207	0.00589	0.00428	0.00462	0.00815
6	0.00845	0.00605	0.00803	0.00916	0.00979	0.00563	0.00625	0.01003	0.01413	0.01917	0.17907	0.61191	0.04832	0.01950	0.00843	0.00260	0.00374	0.01763	0.00647	0.00563
7	0.01166	0.00583	0.00874	0.00874	0.00874	0.00583	0.00583	0.00874	0.00874	0.01166	0.01166	0.02040	0.01166	0.02331	0.02622	0.80478	0.00583	0.00583	0.00291	0.00291
8	0.01385	0.01312	0.02225	0.53715	0.24795	0.01522	0.01922	0.01817	0.01397	0.01857	0.01213	0.01751	0.00945	0.00649	0.00669	0.00216	0.00865	0.00597	0.00308	0.00840
9	0.03161	0.01608	0.01925	0.01538	0.02069	0.01503	0.01217	0.21685	0.02456	0.49872	0.02655	0.02576	0.01841	0.01068	0.00833	0.00276	0.00745	0.00769	0.00889	0.01313
10	0.02705	0.03173	0.02045	0.01877	0.02233	0.64727	0.01378	0.02762	0.02077	0.02015	0.01796	0.02088	0.05764	0.01009	0.00780	0.00248	0.01243	0.00624	0.00496	0.00958
11	0.02703	0.03148	0.02139	0.01948	0.02274	0.61675	0.01447	0.02756	0.02006	0.02001	0.01413	0.01782	0.01238	0.00997	0.00940	0.00258	0.09258	0.00578	0.00473	0.00967
12	0.01845	0.01527	0.01587	0.01460	0.01823	0.01612	0.01093	0.03155	0.52298	0.02887	0.03871	0.03797	0.17026	0.01316	0.00864	0.00296	0.00622	0.01005	0.00782	0.01134
13	0.02125	0.01911	0.07191	0.01639	0.02093	0.03893	0.01321	0.15481	0.41806	0.03218	0.04936	0.02953	0.05599	0.01156	0.00842	0.00288	0.00738	0.00856	0.00751	0.01202
14	0.01379	0.00946	0.01027	0.01010	0.01049	0.00889	0.00594	0.01274	0.01233	0.01684	0.02439	0.04736	0.02712	0.71929	0.03403	0.00693	0.00774	0.01071	0.00535	0.00624
15	0.01246	0.00964	0.01010	0.00999	0.01204	0.00825	0.00697	0.01288	0.01700	0.02171	0.11733	0.10971	0.49078	0.11049	0.01270	0.00349	0.00522	0.01445	0.00722	0.00758
16	0.01131	0.00897	0.01293	0.01342	0.05728	0.01038	0.00974	0.05548	0.01254	0.01786	0.01877	0.10300	0.01833	0.03839	0.50530	0.00813	0.07930	0.00821	0.00400	0.00668

[dist]
# distance from previous block
# <min> <max>
0	1

[block]
# block no. 7 follows, 32 sequences, length 16
# corresponding to MSA columns:
# 377-390,392,393
name=unknown_H
#
# <colnr> <probs for GDERKNQSTAVLIFYWHMCP>
#	G	D	E	R	K	N	Q	S	T	A	V	L	I	F	Y	W	H	M	C	P
0	0.01322	0.00930	0.01019	0.00913	0.01047	0.00969	0.00609	0.16590	0.01499	0.01992	0.02258	0.03876	0.05975	0.55197	0.02650	0.00526	0.00653	0.00916	0.00478	0.00582
1	0.00906	0.00592	0.00747	0.00871	0.00934	0.00561	0.00591	0.01063	0.01310	0.01874	0.03390	0.60959	0.03882	0.01832	0.00777	0.00249	0.00374	0.01645	0.16880	0.00561
2	0.05818	0.01858	0.02062	0.02121	0.18999	0.09862	0.01404	0.38975	0.02399	0.03216	0.01406	0.01579	0.01074	0.00821	0.00761	0.04753	0.00787	0.00571	0.00519	0.01014
3	0.01344	0.01384	0.08159	0.01975	0.17300	0.01214	0.08113	0.05572	0.09264	0.02314	0.12177	0.14915	0.08288	0.01138	0.00748	0.00227	0.00638	0.03863	0.00525	0.00842
4	0.10497	0.01321	0.01396	0.01218	0.01563	0.01465	0.00972	0.23346	0.19860	0.02992	0.02176	0.02899	0.01858	0.08496	0.00933	0.00263	0.00597	0.09135	0.08125	0.00887
5	0.00859	0.00635	0.00774	0.00856	0.00973	0.00577	0.00611	0.01032	0.01441	0.01899	0.11995	0.41498	0.23587	0.01837	0.00819	0.00250	0.00377	0.05372	0.04039	0.00568
6	0.01803	0.21731	0.06131	0.01746	0.10700	0.24517	0.01323	0.02120	0.04043	0.01810	0.01636	0.09056	0.01597	0.00915	0.00630	0.00197	0.00850	0.07984	0.00393	0.00818
7	0.01807	0.01062	0.01363	0.08483	0.01734	0.01094	0.00961	0.11556	0.09068	0.19458	0.04831	0.11699	0.04977	0.01343	0.01105	0.16630	0.00583	0.00854	0.00591	0.00802
8	0.09020	0.00951	0.01127	0.01011	0.01172	0.01016	0.00734	0.16627	0.01427	0.02048	0.01349	0.02111	0.01259	0.09967	0.02059	0.45955	0.00619	0.00610	0.00402	0.00537
9	0.01033	0.00748	0.00906	0.00932	0.01022	0.00767	0.00649	0.01345	0.08896	0.01777	0.09232	0.17684	0.03269	0.34037	0.05957	0.00474	0.00617	0.09563	0.00532	0.00563
10	0.01777	0.01451	0.01428	0.01260	0.01604	0.10443	0.00984	0.08981	0.27744	0.10230	0.08544	0.02897	0.09908	0.01403	0.07993	0.00299	0.00728	0.00801	0.00621	0.00905
11	0.40260	0.01464	0.01794	0.16661	0.11224	0.04319	0.08074	0.05062	0.01396	0.02559	0.01105	0.01405	0.00857	0.00635	0.00555	0.00210	0.00728	0.00497	0.00382	0.00812
12	0.00876	0.00624	0.00746	0.00817	0.00868	0.00590	0.00521	0.00955	0.01199	0.01565	0.03529	0.37501	0.13586	0.31367	0.01857	0.00415	0.00485	0.01468	0.00538	0.00494
13	0.00844	0.00643	0.00753	0.00810	0.00933	0.00579	0.00566	0.00993	0.01413	0.01811	0.11543	0.32412	0.30769	0.10002	0.01107	0.00291	0.00396	0.02975	0.00611	0.00549
14	0.02212	0.01588	0.01756	0.01364	0.01853	0.01673	0.01112	0.48401	0.02674	0.07618	0.08707	0.04452	0.01781	0.00868	0.00668	0.00192	0.00645	0.00687	0.00651	0.11098
15	0.01497	0.01235	0.01399	0.01040	0.01580	0.01039	0.00834	0.12280	0.01685	0.02459	0.01966	0.02066	0.09982	0.00697	0.00562	0.00131	0.00515	0.00559	0.00469	0.58007

[dist]
# distance from previous block
# <min> <max>
7	31

[block]
# block no. 8 follows, 32 sequences, length 37
# corresponding to MSA columns:
# 433-449,451-470
name=unknown_I
#
# <colnr> <probs for GDERKNQSTAVLIFYWHMCP>
#	G	D	E	R	K	N	Q	S	T	A	V	L	I	F	Y	W	H	M	C	P
0	0.01984	0.44628	0.06163	0.01339	0.01886	0.09310	0.01244	0.15920	0.07755	0.02250	0.01247	0.01336	0.01019	0.00664	0.00527	0.00168	0.00767	0.00456	0.00404	0.00933
1	0.01184	0.00973	0.00985	0.00931	0.01113	0.06985	0.00665	0.01481	0.06522	0.04066	0.21959	0.11490	0.14304	0.19188	0.01381	0.00317	0.00515	0.01106	0.00579	0.04255
2	0.01886	0.01750	0.02492	0.08373	0.24878	0.07863	0.13664	0.13852	0.11246	0.04928	0.01559	0.01785	0.01191	0.00691	0.00686	0.00208	0.00846	0.00643	0.00454	0.01001
3	0.01847	0.01586	0.02239	0.02873	0.40485	0.04354	0.01622	0.14620	0.04774	0.06332	0.05041	0.02086	0.04807	0.00776	0.00733	0.00206	0.03465	0.00672	0.00468	0.01014
4	0.01917	0.01390	0.01531	0.01270	0.01654	0.01486	0.01012	0.40556	0.04391	0.05922	0.02860	0.14657	0.13056	0.01327	0.03536	0.00252	0.00646	0.00959	0.00650	0.00929
5	0.01080	0.00711	0.00866	0.00866	0.01043	0.00640	0.00644	0.01276	0.01547	0.08662	0.18450	0.19908	0.26323	0.07942	0.01027	0.00274	0.00417	0.07055	0.00648	0.00621
6	0.11496	0.00935	0.01064	0.00983	0.01245	0.00918	0.00743	0.08610	0.01634	0.15447	0.06607	0.26965	0.14412	0.04795	0.00850	0.00251	0.00475	0.01193	0.00636	0.00742
7	0.00907	0.00616	0.00812	0.00927	0.01000	0.00569	0.00632	0.01046	0.01364	0.04395	0.08874	0.65110	0.07266	0.01984	0.00842	0.00264	0.00388	0.01790	0.00639	0.00574
8	0.01788	0.01531	0.01782	0.01995	0.19001	0.07122	0.01273	0.04797	0.34180	0.08402	0.02584	0.02526	0.08279	0.00882	0.00682	0.00214	0.00641	0.00744	0.00577	0.01002
9	0.00837	0.00635	0.00756	0.00824	0.00934	0.00579	0.00569	0.00975	0.01360	0.01745	0.07801	0.37586	0.28152	0.09869	0.03908	0.00324	0.00450	0.01556	0.00596	0.00544
10	0.17482	0.01052	0.01114	0.01003	0.01310	0.01092	0.00779	0.11062	0.06161	0.12543	0.02803	0.18553	0.09868	0.01159	0.00649	0.00218	0.00482	0.00954	0.10924	0.00793
11	0.02500	0.01328	0.01515	0.01235	0.01668	0.06536	0.01009	0.14233	0.02053	0.40980	0.05052	0.02662	0.01885	0.00920	0.00677	0.00208	0.00619	0.06366	0.07549	0.01006
12	0.15938	0.02267	0.01721	0.01462	0.01884	0.32882	0.01149	0.22846	0.02137	0.07510	0.01333	0.01419	0.01002	0.00726	0.00594	0.00189	0.00882	0.00494	0.02666	0.00899
13	0.01143	0.00735	0.00881	0.00852	0.01032	0.00690	0.00637	0.01395	0.03159	0.08054	0.19930	0.07065	0.20488	0.13529	0.03991	0.00324	0.00487	0.06820	0.08158	0.00628
14	0.01054	0.00708	0.00886	0.00942	0.01043	0.00683	0.00673	0.03273	0.01368	0.04742	0.05232	0.32267	0.08672	0.21774	0.01533	0.00370	0.00512	0.13122	0.00578	0.00568
15	0.01735	0.01448	0.01535	0.01367	0.01755	0.01664	0.01067	0.05819	0.66833	0.04755	0.02691	0.02467	0.02007	0.00905	0.00682	0.00226	0.00539	0.00751	0.00686	0.01067
16	0.19869	0.05335	0.16327	0.06626	0.10264	0.14162	0.01513	0.11377	0.01699	0.05199	0.01219	0.01405	0.00923	0.00669	0.00584	0.00199	0.00832	0.00489	0.00404	0.00907
17	0.00849	0.00628	0.00797	0.00896	0.00994	0.00577	0.00635	0.01016	0.01432	0.01885	0.13592	0.48825	0.17028	0.01911	0.00841	0.00258	0.00386	0.06245	0.00638	0.00566
18	0.01145	0.00759	0.00897	0.00838	0.01064	0.00683	0.00632	0.01436	0.04352	0.10298	0.29237	0.08598	0.32210	0.03784	0.00859	0.00234	0.00377	0.01243	0.00684	0.00670
19	0.00839	0.00605	0.00800	0.00948	0.01006	0.00566	0.00657	0.00975	0.01319	0.01743	0.03832	0.66830	0.07577	0.02062	0.00859	0.00273	0.00407	0.07529	0.00622	0.00552
20	0.00845	0.00614	0.00784	0.00899	0.00969	0.00570	0.00616	0.00978	0.01332	0.01755	0.07225	0.55886	0.12218	0.07552	0.01040	0.00294	0.00410	0.04855	0.00612	0.00545
21	0.01391	0.01193	0.01391	0.00994	0.01590	0.00894	0.00795	0.01690	0.01391	0.02186	0.01193	0.01391	0.00994	0.00497	0.00497	0.00099	0.00497	0.00398	0.00398	0.80521
22	0.00856	0.00624	0.00788	0.00881	0.00964	0.00578	0.00608	0.01004	0.01383	0.01830	0.12819	0.47897	0.14138	0.08315	0.01061	0.00292	0.00405	0.04386	0.00619	0.00551
23	0.01776	0.70388	0.03554	0.01292	0.01875	0.02573	0.07037	0.02021	0.01382	0.01628	0.00969	0.01139	0.00875	0.00573	0.00462	0.00151	0.00753	0.00396	0.00292	0.00865
24	0.00834	0.00609	0.00766	0.00876	0.00944	0.00562	0.00589	0.00959	0.01325	0.01742	0.07484	0.56209	0.14089	0.08382	0.01063	0.00295	0.00401	0.01721	0.00610	0.00541
25	0.00839	0.00690	0.00785	0.00783	0.00981	0.00635	0.00595	0.01030	0.01431	0.01778	0.07671	0.05473	0.52590	0.02507	0.18704	0.00435	0.00697	0.01238	0.00562	0.00577
26	0.01454	0.01383	0.02349	0.41330	0.36641	0.01540	0.01956	0.01878	0.01430	0.01941	0.01226	0.01728	0.00974	0.00636	0.00668	0.00212	0.00848	0.00597	0.00314	0.00896
27	0.01289	0.01060	0.01184	0.01140	0.01386	0.01158	0.00853	0.02385	0.38587	0.02436	0.12736	0.23636	0.06683	0.01346	0.00752	0.00238	0.00452	0.01175	0.00671	0.00834
28	0.01432	0.01348	0.02218	0.45183	0.27501	0.01539	0.01871	0.01970	0.06603	0.01959	0.01331	0.01798	0.01038	0.00664	0.00669	0.00216	0.00834	0.00609	0.00338	0.00877
29	0.00981	0.00726	0.00969	0.01166	0.06298	0.00707	0.00723	0.04007	0.01334	0.01791	0.03172	0.55711	0.03722	0.13886	0.01246	0.00325	0.00477	0.01604	0.00568	0.00587
30	0.00973	0.00791	0.00880	0.00881	0.01089	0.00758	0.00662	0.01436	0.12609	0.02085	0.14384	0.16834	0.37490	0.01601	0.00792	0.00236	0.00389	0.04805	0.00648	0.00654
31	0.00935	0.00720	0.00859	0.00818	0.01008	0.00662	0.00615	0.01282	0.05119	0.02420	0.48086	0.05345	0.26752	0.01452	0.00787	0.00217	0.00334	0.01255	0.00700	0.00633
32	0.07870	0.01567	0.01632	0.01385	0.01816	0.01785	0.01104	0.24159	0.44652	0.03265	0.02248	0.02120	0.01667	0.00856	0.00659	0.00218	0.00595	0.00681	0.00659	0.01062
33	0.02194	0.01698	0.01917	0.15338	0.02478	0.07844	0.02930	0.38663	0.02419	0.09421	0.01726	0.07223	0.01361	0.00864	0.00682	0.00210	0.00776	0.00696	0.00576	0.00986
34	0.01188	0.01024	0.01264	0.01139	0.01362	0.03992	0.05902	0.03598	0.10428	0.02213	0.20715	0.14102	0.15801	0.06250	0.01005	0.00258	0.03733	0.03211	0.02122	0.00694
35	0.05748	0.01839	0.10900	0.06246	0.15832	0.08946	0.11768	0.07825	0.01694	0.05900	0.07490	0.02177	0.01607	0.00944	0.03532	0.00246	0.02559	0.03419	0.00432	0.00896
36	0.08531	0.03674	0.04921	0.13286	0.05241	0.08531	0.10384	0.09737	0.07228	0.02373	0.04780	0.06706	0.01609	0.00837	0.00665	0.00208	0.00774	0.03270	0.00452	0.06793

[dist]
# distance from previous block
# <min> <max>
3	36

[block]
# block no. 9 follows, 32 sequences, length 9
# corresponding to MSA columns:
# 514-522
name=unknown_J
#
# <colnr> <probs for GDERKNQSTAVLIFYWHMCP>
#	G	D	E	R	K	N	Q	S	T	A	V	L	I	F	Y	W	H	M	C	P
0	0.00934	0.00679	0.00852	0.00921	0.01034	0.00640	0.00659	0.03878	0.01487	0.01965	0.13416	0.44491	0.15557	0.01875	0.00904	0.03468	0.00407	0.05627	0.00627	0.00580
1	0.01320	0.11466	0.01551	0.07564	0.05518	0.01253	0.00952	0.10885	0.04698	0.02211	0.08744	0.12857	0.24083	0.03015	0.00773	0.00224	0.00541	0.01050	0.00545	0.00749
2	0.05251	0.01608	0.02175	0.19998	0.16804	0.11754	0.10887	0.03532	0.03096	0.01943	0.01355	0.02009	0.01179	0.11123	0.01110	0.00273	0.04096	0.00645	0.00355	0.00805
3	0.01399	0.03901	0.01731	0.07689	0.11706	0.04910	0.04144	0.06286	0.04303	0.01996	0.01598	0.02128	0.01374	0.02528	0.31291	0.00569	0.04627	0.00649	0.06397	0.00772
4	0.01207	0.00705	0.01037	0.00997	0.00997	0.00786	0.00705	0.00976	0.00895	0.01227	0.01126	0.01961	0.01126	0.02171	0.02564	0.69415	0.10876	0.00583	0.00292	0.00352
5	0.02336	0.08327	0.02150	0.01540	0.02006	0.02127	0.01291	0.54665	0.02706	0.03638	0.01451	0.01545	0.01081	0.00836	0.00861	0.00209	0.11004	0.00580	0.00586	0.01061
