[name]
unknown

[dist]
# distance from previous block
# <min> <max>
6	66

[block]
# block no. 0 follows, 32 sequences, length 8
# corresponding to MSA columns:
# 66-73
name=unknown_A
#
# <colnr> <probs for GDERKNQSTAVLIFYWHMCP>
#	G	D	E	R	K	N	Q	S	T	A	V	L	I	F	Y	W	H	M	C	P
0	0.24496	0.01429	0.03531	0.03432	0.06173	0.04944	0.06324	0.09573	0.01636	0.17024	0.01779	0.09249	0.01494	0.05131	0.00778	0.00238	0.00670	0.00705	0.00528	0.00866
1	0.04536	0.01581	0.01721	0.06090	0.04938	0.12288	0.04881	0.17537	0.05398	0.04551	0.04221	0.15823	0.01980	0.01043	0.00736	0.00214	0.02703	0.03081	0.00526	0.06154
2	0.01084	0.00724	0.00894	0.00944	0.01056	0.00699	0.00650	0.04229	0.03954	0.06227	0.03497	0.49579	0.08715	0.12994	0.01208	0.00317	0.00457	0.01555	0.00608	0.00608
3	0.62558	0.01531	0.06362	0.01225	0.05919	0.01573	0.00991	0.08836	0.01388	0.03018	0.01042	0.01201	0.00798	0.00641	0.00472	0.00207	0.00592	0.00412	0.00426	0.00808
4	0.12473	0.13979	0.13393	0.05757	0.11490	0.06874	0.05750	0.05210	0.03562	0.09407	0.03158	0.01603	0.01150	0.00690	0.00640	0.00199	0.02792	0.00541	0.00413	0.00918
5	0.08929	0.01832	0.01930	0.01490	0.02017	0.02034	0.01231	0.64477	0.02991	0.04130	0.01556	0.01569	0.01107	0.00791	0.00650	0.00202	0.00721	0.00585	0.00650	0.01107
6	0.09469	0.05691	0.01263	0.01043	0.01324	0.01184	0.00815	0.13242	0.09486	0.02496	0.09880	0.18770	0.15140	0.03979	0.00810	0.00241	0.00499	0.03315	0.00599	0.00752
7	0.00833	0.00590	0.00774	0.00914	0.00949	0.00555	0.00602	0.00938	0.01254	0.01672	0.03543	0.68946	0.04241	0.09405	0.01108	0.00310	0.00415	0.01816	0.00602	0.00531

[dist]
# distance from previous block
# <min> <max>
4	32

[block]
# block no. 1 follows, 32 sequences, length 23
# corresponding to MSA columns:
# 106-128
name=unknown_B
#
# <colnr> <probs for GDERKNQSTAVLIFYWHMCP>
#	G	D	E	R	K	N	Q	S	T	A	V	L	I	F	Y	W	H	M	C	P
0	0.12924	0.10994	0.12333	0.04097	0.04315	0.04166	0.04605	0.12067	0.04660	0.10454	0.06831	0.01807	0.01464	0.00731	0.00603	0.00194	0.00711	0.00575	0.00486	0.05984
1	0.07588	0.14562	0.13297	0.13012	0.02625	0.09365	0.11416	0.08749	0.01625	0.02192	0.01326	0.01577	0.02760	0.00660	0.00608	0.00191	0.00861	0.00542	0.00366	0.06677
2	0.11035	0.05748	0.07755	0.01337	0.08515	0.01129	0.01021	0.04148	0.03937	0.08609	0.07673	0.13824	0.20301	0.01195	0.00689	0.00218	0.00536	0.01000	0.00548	0.00783
3	0.07336	0.10720	0.01652	0.11657	0.06314	0.05754	0.01094	0.01745	0.07993	0.01938	0.02166	0.27668	0.02258	0.01210	0.00774	0.00228	0.05281	0.01014	0.02459	0.00737
4	0.07288	0.01590	0.08380	0.06364	0.02330	0.01476	0.17050	0.14643	0.07103	0.09295	0.05475	0.02153	0.01551	0.04641	0.07366	0.00313	0.00882	0.00700	0.00498	0.00903
5	0.00976	0.00651	0.00732	0.00732	0.00732	0.00651	0.00407	0.00976	0.00976	0.01301	0.02114	0.04391	0.02439	0.76419	0.03415	0.00651	0.00651	0.00976	0.00407	0.00407
6	0.01151	0.01041	0.01077	0.06430	0.01418	0.08120	0.00796	0.01561	0.07812	0.02287	0.35958	0.04559	0.22639	0.01299	0.00755	0.00214	0.00474	0.01104	0.00630	0.00676
7	0.06733	0.07666	0.01998	0.01431	0.01951	0.01961	0.01193	0.49885	0.07541	0.10421	0.01699	0.01668	0.01210	0.00787	0.00639	0.00200	0.00694	0.00589	0.00643	0.01091
8	0.08415	0.01596	0.01760	0.01376	0.01851	0.01729	0.03451	0.47778	0.02605	0.07764	0.01914	0.01939	0.04483	0.00823	0.00639	0.00199	0.00660	0.00636	0.09363	0.01018
9	0.02168	0.10166	0.02115	0.01814	0.10666	0.20715	0.01307	0.24001	0.13264	0.02736	0.01541	0.01623	0.01191	0.00741	0.00623	0.00190	0.00821	0.00557	0.02781	0.00979
10	0.81159	0.01298	0.00986	0.00882	0.01298	0.01505	0.00727	0.01972	0.01142	0.03010	0.00934	0.01090	0.00727	0.00623	0.00415	0.00208	0.00519	0.00363	0.00415	0.00727
11	0.05910	0.01873	0.14902	0.07160	0.23138	0.01557	0.17800	0.04314	0.06453	0.04585	0.04686	0.01863	0.01322	0.00675	0.00684	0.00213	0.00851	0.00655	0.00398	0.00960
12	0.01295	0.00997	0.01301	0.01423	0.10482	0.01009	0.00942	0.05489	0.13298	0.04808	0.32421	0.13678	0.06048	0.01266	0.00759	0.00223	0.00463	0.02654	0.00654	0.00790
13	0.08124	0.00784	0.00935	0.03649	0.03453	0.00751	0.00695	0.01269	0.01667	0.02367	0.38519	0.06939	0.25667	0.01376	0.00751	0.00217	0.00381	0.01177	0.00641	0.00637
14	0.01767	0.01488	0.05387	0.06468	0.19651	0.01413	0.08601	0.13830	0.04161	0.10012	0.13041	0.02503	0.02098	0.00838	0.00704	0.00209	0.00711	0.03124	0.00529	0.03464
15	0.00827	0.00600	0.00783	0.00926	0.00985	0.00556	0.00633	0.00956	0.01315	0.01733	0.03941	0.67525	0.09843	0.02059	0.00854	0.00270	0.00395	0.04625	0.00623	0.00550
16	0.01550	0.01647	0.06158	0.33269	0.21523	0.06926	0.07815	0.04623	0.04125	0.02056	0.03077	0.01795	0.01134	0.00674	0.00677	0.00212	0.00885	0.00618	0.00353	0.00882
17	0.01477	0.01512	0.05995	0.29089	0.41832	0.01519	0.01956	0.01909	0.01470	0.02037	0.03950	0.01823	0.01195	0.00656	0.00670	0.00209	0.00823	0.00616	0.00333	0.00929
18	0.01573	0.01520	0.02635	0.19142	0.54282	0.01577	0.05485	0.01990	0.01491	0.02088	0.01252	0.01696	0.01025	0.00612	0.00672	0.00206	0.00835	0.00607	0.00325	0.00987
19	0.01836	0.01687	0.12526	0.10751	0.25963	0.01388	0.04534	0.05103	0.01645	0.16768	0.04061	0.01871	0.01320	0.00687	0.00660	0.00200	0.00761	0.00613	0.00458	0.07166
20	0.07744	0.04383	0.03888	0.04947	0.11409	0.06811	0.01217	0.13080	0.01823	0.16373	0.05297	0.04182	0.03896	0.01176	0.06320	0.00270	0.00775	0.02408	0.00536	0.03464
21	0.05415	0.08816	0.06046	0.07481	0.11976	0.09101	0.05033	0.08832	0.03806	0.11013	0.01995	0.07666	0.04774	0.00898	0.00667	0.00210	0.00755	0.04138	0.00484	0.00895
22	0.04269	0.04458	0.08119	0.11234	0.10294	0.05612	0.01338	0.09691	0.07432	0.02326	0.07595	0.08172	0.03822	0.01082	0.03775	0.00244	0.03125	0.00749	0.00463	0.06201

[dist]
# distance from previous block
# <min> <max>
0	24

[block]
# block no. 2 follows, 32 sequences, length 32
# corresponding to MSA columns:
# 153-184
name=unknown_C
#
# <colnr> <probs for GDERKNQSTAVLIFYWHMCP>
#	G	D	E	R	K	N	Q	S	T	A	V	L	I	F	Y	W	H	M	C	P
0	0.04635	0.10484	0.07187	0.06446	0.04234	0.10119	0.04735	0.10185	0.04259	0.08730	0.04465	0.07158	0.01633	0.03665	0.08850	0.00313	0.00886	0.00699	0.00468	0.00849
1	0.08813	0.01747	0.02047	0.04732	0.11593	0.13497	0.08461	0.10614	0.03677	0.04175	0.01490	0.04019	0.02947	0.00795	0.00836	0.00205	0.10260	0.00618	0.00425	0.09046
2	0.07702	0.17386	0.11527	0.01865	0.10604	0.09091	0.07035	0.14218	0.04269	0.04699	0.01412	0.01746	0.01142	0.00719	0.00613	0.00196	0.00819	0.03588	0.00426	0.00942
3	0.01578	0.01287	0.01445	0.01330	0.04024	0.05149	0.03322	0.06819	0.28654	0.07434	0.14919	0.07460	0.11499	0.01111	0.00723	0.00220	0.00545	0.00948	0.00649	0.00886
4	0.01666	0.01679	0.13290	0.01446	0.01890	0.03616	0.06327	0.17003	0.07779	0.07466	0.09469	0.10441	0.06234	0.04783	0.00906	0.00243	0.03446	0.00881	0.00557	0.00880
5	0.01166	0.00583	0.00874	0.00874	0.00874	0.00583	0.00583	0.00874	0.00874	0.01166	0.01166	0.02040	0.01166	0.02331	0.02622	0.80478	0.00583	0.00583	0.00291	0.00291
6	0.01612	0.01524	0.02260	0.27232	0.25723	0.04488	0.04883	0.06805	0.11587	0.02212	0.01455	0.01804	0.01136	0.00706	0.00732	0.00216	0.03680	0.00623	0.00394	0.00929
7	0.12484	0.06426	0.08275	0.01522	0.02026	0.10196	0.05489	0.21467	0.05667	0.12966	0.01526	0.01595	0.01111	0.00758	0.00719	0.00206	0.05517	0.00557	0.00522	0.00970
8	0.01694	0.60414	0.19047	0.01319	0.01987	0.02410	0.01446	0.02035	0.01375	0.01701	0.00994	0.01152	0.00859	0.00588	0.00477	0.00159	0.00779	0.00389	0.00286	0.00890
9	0.01546	0.26795	0.44392	0.01705	0.02529	0.01936	0.05695	0.04537	0.01471	0.02027	0.01140	0.01336	0.00873	0.00619	0.00581	0.00191	0.00902	0.00472	0.00302	0.00951
10	0.05930	0.01679	0.01742	0.01416	0.01877	0.04557	0.01140	0.37354	0.22639	0.09267	0.01985	0.01967	0.01456	0.02994	0.00739	0.00222	0.00669	0.00648	0.00656	0.01064
11	0.00959	0.00719	0.01078	0.01078	0.01198	0.00839	0.00839	0.01198	0.01078	0.01558	0.01797	0.02636	0.01677	0.05032	0.73760	0.01078	0.01797	0.00719	0.00359	0.00599
12	0.81159	0.01298	0.00986	0.00882	0.01298	0.01505	0.00727	0.01972	0.01142	0.03010	0.00934	0.01090	0.00727	0.00623	0.00415	0.00208	0.00519	0.00363	0.00415	0.00727
13	0.00816	0.00681	0.00711	0.00703	0.00920	0.00576	0.00528	0.01007	0.01583	0.01939	0.16175	0.06249	0.62505	0.01652	0.00793	0.00224	0.00337	0.01387	0.00640	0.00576
14	0.02368	0.17543	0.02216	0.01615	0.02006	0.59877	0.01268	0.02549	0.01797	0.01630	0.01017	0.01184	0.00864	0.00669	0.00571	0.00167	0.01114	0.00418	0.00334	0.00794
15	0.00805	0.00680	0.00697	0.00693	0.00914	0.00572	0.00520	0.00987	0.01559	0.01882	0.11937	0.06343	0.66778	0.01673	0.00793	0.00225	0.00338	0.01400	0.00632	0.00572
16	0.02533	0.03021	0.01892	0.01692	0.02058	0.65935	0.01281	0.06857	0.01980	0.05096	0.01147	0.01285	0.00918	0.00705	0.00612	0.00176	0.01151	0.00454	0.00388	0.00817
17	0.01725	0.01508	0.12183	0.10371	0.02202	0.03687	0.06070	0.02164	0.04321	0.20261	0.12717	0.04752	0.02167	0.01308	0.07829	0.00302	0.04265	0.00764	0.00537	0.00870
18	0.00818	0.00584	0.00779	0.00934	0.00973	0.00545	0.00623	0.00934	0.01285	0.01713	0.03698	0.75981	0.04438	0.02102	0.00856	0.00273	0.00389	0.01908	0.00623	0.00545
19	0.00867	0.00655	0.00873	0.03691	0.01149	0.00645	0.00708	0.01010	0.01313	0.01733	0.03798	0.60839	0.10638	0.01967	0.00894	0.00269	0.03022	0.04767	0.00599	0.00564
20	0.01772	0.73183	0.06961	0.01186	0.01781	0.02601	0.01214	0.02015	0.01366	0.01606	0.00946	0.01093	0.00861	0.00577	0.00441	0.00147	0.00731	0.00366	0.00287	0.00868
21	0.01505	0.01478	0.04353	0.43381	0.20318	0.04297	0.06175	0.01990	0.03818	0.04353	0.01317	0.01768	0.01006	0.00660	0.00674	0.00215	0.00878	0.00608	0.00342	0.00864
22	0.00859	0.00669	0.00687	0.00691	0.00898	0.00576	0.00515	0.01052	0.01520	0.01936	0.09048	0.08838	0.57174	0.01585	0.00754	0.00219	0.00337	0.01327	0.10737	0.00576
23	0.04546	0.07626	0.46464	0.01834	0.05989	0.05286	0.02014	0.06925	0.04757	0.06461	0.01355	0.01499	0.00980	0.00669	0.00622	0.00205	0.00895	0.00514	0.00371	0.00989
24	0.11059	0.01546	0.01542	0.03615	0.01772	0.12647	0.01029	0.14414	0.01962	0.30313	0.04834	0.01968	0.01500	0.00857	0.00707	0.03384	0.00682	0.00604	0.04620	0.00945
25	0.07978	0.10312	0.08100	0.12024	0.13470	0.04213	0.08076	0.08607	0.03801	0.04767	0.01489	0.01742	0.03584	0.00723	0.00726	0.00205	0.05584	0.00587	0.00398	0.03616
26	0.09898	0.03903	0.03768	0.12937	0.04840	0.03519	0.01253	0.24750	0.09192	0.07463	0.03420	0.01813	0.01317	0.00755	0.00622	0.00200	0.00687	0.00591	0.04488	0.04585
27	0.10663	0.15958	0.12879	0.01497	0.04350	0.08750	0.01350	0.15381	0.01775	0.07437	0.01270	0.01406	0.00976	0.00695	0.00668	0.00187	0.05493	0.00484	0.00432	0.08348
28	0.12108	0.22935	0.05238	0.01566	0.08476	0.07948	0.01235	0.09786	0.10477	0.06170	0.01488	0.04423	0.01230	0.00759	0.00627	0.00194	0.03417	0.00558	0.00448	0.00916
29	0.01784	0.04256	0.09245	0.05788	0.08938	0.05159	0.01311	0.21594	0.06021	0.05318	0.13377	0.02310	0.02064	0.01017	0.03626	0.00236	0.00730	0.00694	0.05609	0.00922
30	0.06968	0.13347	0.08993	0.11503	0.10495	0.01700	0.06006	0.09385	0.07460	0.11082	0.04050	0.01796	0.01315	0.00724	0.00659	0.00203	0.02310	0.00594	0.00462	0.00946
31	0.07533	0.07037	0.06872	0.04076	0.04365	0.08435	0.04920	0.11795	0.04250	0.07051	0.08600	0.04962	0.01776	0.04034	0.00812	0.00216	0.03575	0.00673	0.00487	0.08532

[dist]
# distance from previous block
# <min> <max>
2	205

[block]
# block no. 3 follows, 32 sequences, length 53
# corresponding to MSA columns:
# 391-443
name=unknown_D
#
# <colnr> <probs for GDERKNQSTAVLIFYWHMCP>
#	G	D	E	R	K	N	Q	S	T	A	V	L	I	F	Y	W	H	M	C	P
0	0.01589	0.06069	0.01949	0.15341	0.18246	0.01477	0.01392	0.06632	0.10059	0.07300	0.08049	0.08546	0.03405	0.00939	0.00791	0.00219	0.05832	0.00791	0.00489	0.00887
1	0.07511	0.01698	0.06359	0.01943	0.16051	0.09835	0.03951	0.05501	0.05733	0.10259	0.01635	0.01820	0.03097	0.00891	0.03342	0.00227	0.06316	0.00584	0.02751	0.10494
2	0.11846	0.03870	0.01740	0.10417	0.05131	0.07588	0.03575	0.10660	0.06040	0.09513	0.04229	0.10347	0.01669	0.00925	0.00762	0.00215	0.06195	0.00736	0.00502	0.04040
3	0.06956	0.04242	0.08688	0.07564	0.28002	0.03583	0.01532	0.04399	0.06251	0.04538	0.05269	0.08001	0.03595	0.00835	0.00657	0.00206	0.00705	0.00726	0.00436	0.03816
4	0.05792	0.04249	0.01773	0.09482	0.10867	0.09947	0.01213	0.16473	0.05158	0.02529	0.04854	0.04541	0.08090	0.00847	0.00641	0.00191	0.00698	0.00685	0.00484	0.11486
5	0.10830	0.05684	0.04081	0.05095	0.07890	0.05658	0.05893	0.09043	0.04722	0.08357	0.06276	0.04107	0.03247	0.00937	0.02692	0.00225	0.03634	0.00666	0.07302	0.03662
6	0.09795	0.12229	0.05562	0.04337	0.04083	0.14193	0.02892	0.13262	0.04468	0.07329	0.03381	0.01567	0.01183	0.00687	0.00581	0.00178	0.00759	0.00514	0.00457	0.12542
7	0.08594	0.13635	0.09183	0.01992	0.10771	0.11982	0.12910	0.09121	0.04105	0.02281	0.01259	0.01503	0.01002	0.00682	0.00707	0.00199	0.05442	0.00547	0.03184	0.00902
8	0.01651	0.01675	0.09429	0.09717	0.22243	0.01564	0.07993	0.06184	0.20767	0.05257	0.05288	0.02085	0.01584	0.00752	0.00686	0.00214	0.00748	0.00684	0.00480	0.00994
9	0.00818	0.00584	0.00779	0.00934	0.00973	0.00545	0.00623	0.00934	0.01285	0.01713	0.03698	0.75981	0.04438	0.02102	0.00856	0.00273	0.00389	0.01908	0.00623	0.00545
10	0.01152	0.00583	0.00870	0.00876	0.00878	0.00581	0.00584	0.00876	0.00890	0.01187	0.01265	0.04951	0.01294	0.02322	0.02553	0.77320	0.00575	0.00635	0.00304	0.00301
11	0.01282	0.00881	0.01083	0.00982	0.01218	0.00876	0.00752	0.01915	0.15958	0.09033	0.51569	0.04256	0.05039	0.01229	0.00759	0.00214	0.00383	0.01072	0.00736	0.00766
12	0.01362	0.06142	0.70414	0.01885	0.02861	0.01598	0.02431	0.02121	0.01415	0.02105	0.01194	0.01404	0.00850	0.00635	0.00630	0.00210	0.00982	0.00491	0.00283	0.00987
13	0.01634	0.01560	0.02622	0.08782	0.64549	0.01591	0.02002	0.02102	0.04579	0.02187	0.01322	0.01707	0.01095	0.00617	0.00666	0.00202	0.00792	0.00605	0.00345	0.01041
14	0.01166	0.00583	0.00874	0.00874	0.00874	0.00583	0.00583	0.00874	0.00874	0.01166	0.01166	0.02040	0.01166	0.02331	0.02622	0.80478	0.00583	0.00583	0.00291	0.00291
15	0.01415	0.01284	0.02081	0.55748	0.15468	0.01516	0.01808	0.06225	0.01493	0.01985	0.01267	0.01781	0.00967	0.00672	0.00663	0.00216	0.00848	0.00598	0.03146	0.00819
16	0.01391	0.01193	0.01391	0.00994	0.01590	0.00894	0.00795	0.01690	0.01391	0.02186	0.01193	0.01391	0.00994	0.00497	0.00497	0.00099	0.00497	0.00398	0.00398	0.80521
17	0.01653	0.01586	0.02538	0.16859	0.36987	0.03469	0.08613	0.07338	0.04029	0.02216	0.01300	0.01698	0.01047	0.00686	0.00806	0.00215	0.07021	0.00618	0.00362	0.00958
18	0.03936	0.01878	0.02304	0.10262	0.35399	0.13611	0.01695	0.18181	0.01946	0.02554	0.01292	0.01573	0.01023	0.00670	0.00651	0.00198	0.00855	0.00566	0.00413	0.00994
19	0.00976	0.00651	0.00732	0.00732	0.00732	0.00651	0.00407	0.00976	0.00976	0.01301	0.02114	0.04391	0.02439	0.76419	0.03415	0.00651	0.00651	0.00976	0.00407	0.00407
20	0.00864	0.00628	0.00794	0.00877	0.00961	0.00582	0.00605	0.01018	0.01405	0.01872	0.16330	0.44910	0.12882	0.09359	0.01096	0.00295	0.00404	0.03943	0.00622	0.00552
21	0.01765	0.71369	0.06127	0.01199	0.01769	0.02592	0.01210	0.02000	0.01354	0.01601	0.00941	0.01103	0.00861	0.00598	0.00501	0.00151	0.03339	0.00372	0.00287	0.00862
22	0.00818	0.00584	0.00779	0.00934	0.00973	0.00545	0.00623	0.00934	0.01285	0.01713	0.03698	0.75981	0.04438	0.02102	0.00856	0.00273	0.00389	0.01908	0.00623	0.00545
23	0.00939	0.00685	0.00882	0.00833	0.00996	0.00628	0.00625	0.01245	0.01874	0.02630	0.67364	0.05112	0.10885	0.01394	0.00792	0.00212	0.00318	0.01228	0.00731	0.00628
24	0.81159	0.01298	0.00986	0.00882	0.01298	0.01505	0.00727	0.01972	0.01142	0.03010	0.00934	0.01090	0.00727	0.00623	0.00415	0.00208	0.00519	0.00363	0.00415	0.00727
25	0.02506	0.03198	0.01901	0.01729	0.02074	0.73725	0.01296	0.02679	0.01901	0.01642	0.01037	0.01210	0.00864	0.00691	0.00605	0.00173	0.01210	0.00432	0.00346	0.00778
26	0.01380	0.09022	0.67688	0.01855	0.02815	0.01641	0.02378	0.02116	0.01413	0.02084	0.01184	0.01391	0.00851	0.00633	0.00622	0.00207	0.00971	0.00485	0.00284	0.00982
27	0.01716	0.01537	0.02486	0.12921	0.50562	0.01626	0.01893	0.07213	0.01609	0.04949	0.01307	0.01685	0.01057	0.00671	0.00770	0.00209	0.05811	0.00600	0.00370	0.01008
28	0.01946	0.01812	0.01616	0.01437	0.01817	0.17080	0.01112	0.07901	0.46591	0.05708	0.02312	0.04116	0.01778	0.00884	0.00670	0.00214	0.00689	0.00705	0.00615	0.00996
29	0.02457	0.08306	0.02013	0.01688	0.02050	0.68794	0.01286	0.02633	0.01864	0.01638	0.01030	0.01201	0.00864	0.00683	0.00593	0.00171	0.01176	0.00427	0.00342	0.00784
30	0.01267	0.01193	0.02013	0.74806	0.04621	0.01491	0.01863	0.01714	0.01342	0.01714	0.01193	0.01789	0.00894	0.00671	0.00671	0.00224	0.00894	0.00596	0.00298	0.00745
31	0.01256	0.01169	0.01933	0.61028	0.09379	0.01403	0.01750	0.01674	0.01378	0.01771	0.01691	0.02358	0.05969	0.00789	0.00690	0.00226	0.00836	0.03612	0.00337	0.00752
32	0.00887	0.00682	0.00814	0.00809	0.00986	0.00609	0.00611	0.01131	0.01689	0.02234	0.37210	0.10665	0.32006	0.01582	0.00805	0.00227	0.00349	0.05427	0.00677	0.00600
33	0.00858	0.00613	0.00825	0.00981	0.01038	0.00580	0.00694	0.01005	0.01325	0.01758	0.03676	0.65418	0.04349	0.02064	0.00867	0.00278	0.00425	0.12068	0.00622	0.00556
34	0.17090	0.01309	0.01847	0.24460	0.19916	0.01432	0.01449	0.05872	0.01504	0.11471	0.01433	0.01846	0.01118	0.05599	0.00799	0.00239	0.00731	0.00587	0.00427	0.00872
35	0.01166	0.00583	0.00874	0.00874	0.00874	0.00583	0.00583	0.00874	0.00874	0.01166	0.01166	0.02040	0.01166	0.02331	0.02622	0.80478	0.00583	0.00583	0.00291	0.00291
36	0.00815	0.00594	0.00769	0.00909	0.00966	0.00547	0.00611	0.00937	0.01309	0.01723	0.04010	0.68987	0.11230	0.02062	0.00850	0.00268	0.00384	0.01858	0.00623	0.00547
37	0.01283	0.01224	0.02110	0.71187	0.04565	0.01501	0.05279	0.01736	0.01354	0.01736	0.01201	0.01790	0.00901	0.00666	0.00677	0.00224	0.00906	0.00606	0.00300	0.00753
38	0.01600	0.06882	0.03898	0.02747	0.05127	0.01759	0.63434	0.02138	0.01567	0.02112	0.01326	0.01757	0.01009	0.00567	0.00764	0.00220	0.01095	0.00758	0.00336	0.00906
39	0.01166	0.00583	0.00874	0.00874	0.00874	0.00583	0.00583	0.00874	0.00874	0.01166	0.01166	0.02040	0.01166	0.02331	0.02622	0.80478	0.00583	0.00583	0.00291	0.00291
40	0.02445	0.01770	0.01874	0.01481	0.01982	0.04412	0.01208	0.48842	0.14809	0.11282	0.01898	0.01825	0.01346	0.00822	0.00671	0.00206	0.00701	0.00633	0.00679	0.01115
41	0.01391	0.01121	0.01370	0.01022	0.01528	0.00882	0.02548	0.01656	0.01364	0.04883	0.01440	0.04006	0.01290	0.08601	0.02466	0.00192	0.00558	0.00532	0.00420	0.62730
42	0.01666	0.00823	0.01063	0.00977	0.01225	0.00756	0.00740	0.01951	0.03878	0.25912	0.14914	0.26228	0.03374	0.01324	0.00724	0.00222	0.00432	0.01156	0.11845	0.00789
43	0.01093	0.00718	0.00943	0.00868	0.01052	0.00658	0.00658	0.01405	0.01901	0.07548	0.67076	0.04823	0.06007	0.01334	0.00783	0.00211	0.00334	0.01176	0.00745	0.00668
44	0.00976	0.00651	0.00732	0.00732	0.00732	0.00651	0.00407	0.00976	0.00976	0.01301	0.02114	0.04391	0.02439	0.76419	0.03415	0.00651	0.00651	0.00976	0.00407	0.00407
45	0.25528	0.08818	0.02206	0.02524	0.33340	0.11093	0.03336	0.02112	0.01447	0.02306	0.01106	0.01380	0.00916	0.00614	0.00564	0.00194	0.00770	0.00489	0.00355	0.00902
46	0.01346	0.03471	0.72942	0.01912	0.02904	0.01558	0.02479	0.02125	0.01417	0.02125	0.01204	0.01417	0.00850	0.00637	0.00637	0.00212	0.00992	0.00496	0.00283	0.00992
47	0.01614	0.04015	0.13517	0.01972	0.05530	0.01475	0.24120	0.04113	0.10103	0.07909	0.08907	0.02296	0.01792	0.00775	0.00740	0.00213	0.02284	0.02585	0.00470	0.05571
48	0.00896	0.00672	0.00859	0.00937	0.01061	0.00598	0.00656	0.01047	0.01325	0.01789	0.03602	0.59333	0.08571	0.01872	0.00812	0.00250	0.00409	0.04595	0.00596	0.10120
49	0.12703	0.01228	0.01401	0.01135	0.05101	0.01016	0.00849	0.01748	0.01363	0.02303	0.01160	0.01362	0.00959	0.00520	0.00494	0.00120	0.00515	0.00403	0.00397	0.65224
50	0.04864	0.04352	0.12998	0.05587	0.31849	0.06562	0.07753	0.04025	0.03501	0.04753	0.01531	0.01790	0.03754	0.00673	0.00651	0.00200	0.00831	0.00604	0.00377	0.03344
51	0.06567	0.07108	0.01648	0.13411	0.03986	0.05843	0.03545	0.03808	0.01512	0.09075	0.04587	0.19141	0.04532	0.01046	0.00665	0.00205	0.00636	0.00897	0.00490	0.11298
52	0.03796	0.03882	0.01496	0.01122	0.01594	0.01175	0.00900	0.08079	0.08370	0.06857	0.01682	0.08002	0.01456	0.00917	0.03219	0.00189	0.03436	0.00615	0.00489	0.42724

[dist]
# distance from previous block
# <min> <max>
1	18

[block]
# block no. 4 follows, 32 sequences, length 108
# corresponding to MSA columns:
# 467-574
name=unknown_E
#
# <colnr> <probs for GDERKNQSTAVLIFYWHMCP>
#	G	D	E	R	K	N	Q	S	T	A	V	L	I	F	Y	W	H	M	C	P
0	0.03593	0.09836	0.23021	0.01570	0.02141	0.06777	0.09690	0.02089	0.07597	0.04644	0.10899	0.05301	0.04192	0.00878	0.00671	0.00208	0.00773	0.02825	0.00449	0.02847
1	0.01408	0.06374	0.28949	0.04493	0.05285	0.06250	0.12562	0.01964	0.03744	0.02059	0.05652	0.06540	0.05285	0.00897	0.00701	0.00219	0.00857	0.05503	0.00397	0.00860
2	0.01395	0.08631	0.26541	0.01441	0.02004	0.04072	0.03859	0.05619	0.03740	0.02178	0.10392	0.07152	0.04159	0.03878	0.02742	0.00241	0.02618	0.00735	0.00429	0.08174
3	0.01297	0.01230	0.10664	0.01160	0.01473	0.00962	0.01012	0.09773	0.01590	0.06023	0.04594	0.26665	0.07244	0.06637	0.06218	0.00324	0.00661	0.06725	0.00552	0.05195
4	0.01794	0.76823	0.03516	0.01148	0.01722	0.02655	0.01148	0.02009	0.01363	0.01579	0.00933	0.01076	0.00861	0.00574	0.00431	0.00144	0.00718	0.00359	0.00287	0.00861
5	0.01348	0.01141	0.01333	0.00977	0.01521	0.00869	0.00767	0.01623	0.01364	0.02120	0.01332	0.04185	0.01196	0.04783	0.00672	0.00136	0.00502	0.00483	0.00406	0.73242
6	0.00854	0.00605	0.00792	0.00911	0.00949	0.00583	0.00603	0.00960	0.01219	0.01634	0.03300	0.58903	0.03910	0.14601	0.06487	0.00393	0.00533	0.01669	0.00568	0.00526
7	0.07207	0.01637	0.07131	0.02388	0.13145	0.01576	0.28721	0.03826	0.01469	0.02152	0.01555	0.08047	0.01417	0.00874	0.00954	0.00238	0.11881	0.04542	0.00382	0.00857
8	0.01267	0.01193	0.02013	0.74806	0.04621	0.01491	0.01863	0.01714	0.01342	0.01714	0.01193	0.01789	0.00894	0.00671	0.00671	0.00224	0.00894	0.00596	0.00298	0.00745
9	0.01391	0.01193	0.01391	0.00994	0.01590	0.00894	0.00795	0.01690	0.01391	0.02186	0.01193	0.01391	0.00994	0.00497	0.00497	0.00099	0.00497	0.00398	0.00398	0.80521
10	0.01758	0.04057	0.02187	0.08518	0.08438	0.07310	0.14504	0.04892	0.05831	0.11441	0.01790	0.02506	0.01512	0.06082	0.03625	0.00281	0.05323	0.06658	0.00462	0.02826
11	0.01636	0.01569	0.02678	0.08615	0.67932	0.01588	0.02047	0.02037	0.01516	0.02162	0.01258	0.01669	0.01052	0.00602	0.00665	0.00201	0.00803	0.00598	0.00330	0.01043
12	0.01488	0.01418	0.02411	0.35173	0.42530	0.01549	0.01973	0.01908	0.01446	0.01982	0.01232	0.01717	0.00989	0.00630	0.00667	0.00210	0.00840	0.00597	0.00317	0.00923
13	0.00799	0.00680	0.00688	0.00686	0.00910	0.00569	0.00515	0.00975	0.01544	0.01846	0.09281	0.06402	0.69456	0.01687	0.00793	0.00226	0.00339	0.01408	0.00627	0.00569
14	0.00825	0.00589	0.00787	0.00943	0.00985	0.00551	0.00636	0.00947	0.01292	0.01721	0.03694	0.74063	0.04422	0.02095	0.00858	0.00274	0.00396	0.03753	0.00623	0.00547
15	0.00827	0.00591	0.00790	0.00946	0.00989	0.00553	0.00640	0.00951	0.01294	0.01724	0.03693	0.73426	0.04416	0.02093	0.00859	0.00274	0.00398	0.04365	0.00623	0.00548
16	0.00802	0.00646	0.00715	0.00769	0.00930	0.00559	0.00550	0.00953	0.01443	0.01777	0.05705	0.30965	0.48159	0.01841	0.00815	0.00243	0.00357	0.01589	0.00623	0.00559
17	0.01625	0.01651	0.02005	0.01725	0.01804	0.09012	0.01418	0.04548	0.05597	0.01796	0.01041	0.01514	0.00963	0.01096	0.01890	0.00274	0.60345	0.00584	0.00338	0.00775
18	0.81159	0.01298	0.00986	0.00882	0.01298	0.01505	0.00727	0.01972	0.01142	0.03010	0.00934	0.01090	0.00727	0.00623	0.00415	0.00208	0.00519	0.00363	0.00415	0.00727
19	0.01410	0.01209	0.01400	0.01019	0.01600	0.00946	0.00813	0.01815	0.06038	0.02228	0.01295	0.01466	0.01064	0.00525	0.00509	0.00108	0.00499	0.00422	0.00417	0.75218
20	0.01391	0.01193	0.01391	0.00994	0.01590	0.00894	0.00795	0.01690	0.01391	0.02186	0.01193	0.01391	0.00994	0.00497	0.00497	0.00099	0.00497	0.00398	0.00398	0.80521
21	0.81159	0.01298	0.00986	0.00882	0.01298	0.01505	0.00727	0.01972	0.01142	0.03010	0.00934	0.01090	0.00727	0.00623	0.00415	0.00208	0.00519	0.00363	0.00415	0.00727
22	0.00815	0.00681	0.00711	0.00703	0.00920	0.00576	0.00527	0.01006	0.01582	0.01937	0.16047	0.06252	0.62633	0.01653	0.00793	0.00224	0.00337	0.01387	0.00640	0.00576
23	0.81159	0.01298	0.00986	0.00882	0.01298	0.01505	0.00727	0.01972	0.01142	0.03010	0.00934	0.01090	0.00727	0.00623	0.00415	0.00208	0.00519	0.00363	0.00415	0.00727
24	0.01661	0.01594	0.02724	0.04119	0.72233	0.01594	0.02059	0.02059	0.01528	0.02192	0.01262	0.01661	0.01063	0.00598	0.00664	0.00199	0.00797	0.00598	0.00332	0.01063
25	0.01669	0.01441	0.01517	0.01365	0.01745	0.01669	0.01062	0.03565	0.71021	0.02807	0.02731	0.02503	0.02048	0.00910	0.00683	0.00228	0.00531	0.00759	0.00683	0.01062
26	0.02551	0.01879	0.02014	0.01544	0.02081	0.02081	0.01275	0.69996	0.03155	0.04229	0.01611	0.01611	0.01141	0.00805	0.00671	0.00201	0.00738	0.00604	0.00671	0.01141
27	0.00941	0.00686	0.00885	0.00835	0.00997	0.00629	0.00626	0.01249	0.01879	0.02642	0.68253	0.05093	0.09987	0.01390	0.00791	0.00212	0.00318	0.01225	0.00732	0.00629
28	0.02893	0.01224	0.01595	0.01234	0.01747	0.01122	0.01016	0.09148	0.06016	0.62651	0.02561	0.02237	0.01638	0.00833	0.00675	0.00208	0.00583	0.00673	0.00808	0.01137
29	0.01468	0.01468	0.02055	0.01762	0.01762	0.02055	0.01468	0.01615	0.01028	0.01615	0.00881	0.01468	0.00881	0.01174	0.02202	0.00294	0.75191	0.00587	0.00294	0.00734
30	0.00923	0.00685	0.00860	0.00816	0.00986	0.00622	0.00612	0.01215	0.01837	0.02542	0.60838	0.05257	0.17466	0.01427	0.00792	0.00214	0.00321	0.01248	0.00719	0.00622
31	0.01063	0.00711	0.00876	0.00837	0.01031	0.00633	0.00626	0.01309	0.01722	0.08228	0.39312	0.13582	0.24543	0.01506	0.00790	0.00222	0.00353	0.01308	0.00700	0.00646
32	0.02747	0.01092	0.01462	0.01144	0.01617	0.00961	0.00937	0.03055	0.03673	0.62536	0.06976	0.02473	0.01968	0.00864	0.00671	0.00205	0.00539	0.00708	0.05293	0.01079
33	0.01633	0.01571	0.02679	0.08391	0.62423	0.01595	0.04688	0.02102	0.04326	0.02185	0.01321	0.01709	0.01090	0.00614	0.00670	0.00203	0.00806	0.00612	0.00344	0.01037
34	0.01580	0.01798	0.03890	0.02789	0.03444	0.01710	0.67321	0.02130	0.01564	0.02130	0.01340	0.01798	0.01013	0.00588	0.00843	0.00229	0.03814	0.00784	0.00338	0.00899
35	0.02819	0.01297	0.01840	0.01391	0.01927	0.01190	0.07479	0.11545	0.02044	0.57479	0.02396	0.02155	0.01535	0.00802	0.00685	0.00209	0.00645	0.00677	0.00764	0.01120
36	0.81159	0.01298	0.00986	0.00882	0.01298	0.01505	0.00727	0.01972	0.01142	0.03010	0.00934	0.01090	0.00727	0.00623	0.00415	0.00208	0.00519	0.00363	0.00415	0.00727
37	0.00965	0.00694	0.00952	0.00952	0.01028	0.00770	0.00681	0.01117	0.01041	0.01464	0.01913	0.03275	0.01955	0.31025	0.48147	0.00923	0.01380	0.00812	0.00377	0.00529
38	0.02377	0.04699	0.02025	0.01503	0.02013	0.01818	0.05046	0.45553	0.07035	0.13484	0.04194	0.01896	0.01446	0.00926	0.02640	0.00227	0.00737	0.00649	0.00654	0.01080
39	0.01028	0.00725	0.00917	0.00855	0.01041	0.00671	0.00646	0.01377	0.04036	0.05062	0.60341	0.04991	0.13019	0.01373	0.00784	0.00213	0.00335	0.01202	0.00728	0.00657
40	0.01877	0.01273	0.01435	0.01263	0.01617	0.04000	0.01035	0.19200	0.10525	0.14951	0.09253	0.03979	0.07780	0.01198	0.00754	0.00234	0.00603	0.17447	0.00677	0.00898
41	0.01346	0.03471	0.72942	0.01912	0.02904	0.01558	0.02479	0.02125	0.01417	0.02125	0.01204	0.01417	0.00850	0.00637	0.00637	0.00212	0.00992	0.00496	0.00283	0.00992
42	0.00795	0.00670	0.00689	0.00705	0.00913	0.00564	0.00521	0.00960	0.01505	0.01803	0.06493	0.13277	0.65337	0.01739	0.00799	0.00231	0.00345	0.01464	0.00623	0.00564
43	0.02506	0.03198	0.01901	0.01729	0.02074	0.73725	0.01296	0.02679	0.01901	0.01642	0.01037	0.01210	0.00864	0.00691	0.00605	0.00173	0.01210	0.00432	0.00346	0.00778
44	0.03010	0.01142	0.01557	0.01194	0.01713	0.00986	0.00986	0.03270	0.01920	0.72698	0.02647	0.02284	0.01661	0.00830	0.00675	0.00208	0.00571	0.00675	0.00830	0.01142
45	0.02551	0.01879	0.02014	0.01544	0.02081	0.02081	0.01275	0.69996	0.03155	0.04229	0.01611	0.01611	0.01141	0.00805	0.00671	0.00201	0.00738	0.00604	0.00671	0.01141
46	0.01794	0.76823	0.03516	0.01148	0.01722	0.02655	0.01148	0.02009	0.01363	0.01579	0.00933	0.01076	0.00861	0.00574	0.00431	0.00144	0.00718	0.00359	0.00287	0.00861
47	0.01346	0.03471	0.72942	0.01912	0.02904	0.01558	0.02479	0.02125	0.01417	0.02125	0.01204	0.01417	0.00850	0.00637	0.00637	0.00212	0.00992	0.00496	0.00283	0.00992
48	0.01267	0.01193	0.02013	0.74806	0.04621	0.01491	0.01863	0.01714	0.01342	0.01714	0.01193	0.01789	0.00894	0.00671	0.00671	0.00224	0.00894	0.00596	0.00298	0.00745
49	0.17769	0.01261	0.01505	0.01177	0.01679	0.01218	0.00972	0.11152	0.01923	0.51147	0.02196	0.01976	0.01421	0.00788	0.00625	0.00207	0.00582	0.00607	0.00732	0.01063
50	0.81159	0.01298	0.00986	0.00882	0.01298	0.01505	0.00727	0.01972	0.01142	0.03010	0.00934	0.01090	0.00727	0.00623	0.00415	0.00208	0.00519	0.00363	0.00415	0.00727
51	0.01512	0.03503	0.06720	0.01299	0.01790	0.04192	0.04752	0.04380	0.21326	0.02307	0.01940	0.06050	0.03511	0.00842	0.00694	0.03239	0.00612	0.00656	0.00486	0.30189
52	0.06237	0.01088	0.01542	0.14834	0.04478	0.03631	0.07522	0.03405	0.01458	0.02001	0.06611	0.18709	0.05420	0.06090	0.00975	0.00272	0.02800	0.11756	0.00488	0.00684
53	0.00924	0.00677	0.00868	0.00852	0.01003	0.00621	0.00636	0.01202	0.01780	0.02468	0.55210	0.13450	0.12458	0.01505	0.00804	0.00223	0.00338	0.03655	0.00710	0.00616
54	0.01519	0.01449	0.02467	0.29655	0.47808	0.01557	0.01989	0.01935	0.01461	0.02020	0.01237	0.01707	0.01002	0.00624	0.00667	0.00208	0.00832	0.00597	0.00320	0.00948
55	0.01595	0.33711	0.30242	0.01546	0.02225	0.02005	0.04148	0.02089	0.03578	0.04090	0.01250	0.03749	0.01041	0.00703	0.00663	0.00191	0.05421	0.00514	0.00328	0.00911
56	0.01602	0.01534	0.02617	0.14708	0.62104	0.01579	0.02030	0.02008	0.01500	0.02121	0.01252	0.01680	0.01038	0.00609	0.00665	0.00203	0.00812	0.00598	0.00327	0.01015
57	0.00896	0.00704	0.00813	0.00787	0.00980	0.00632	0.00589	0.01189	0.03884	0.02260	0.37666	0.07617	0.36500	0.01530	0.00791	0.00220	0.00336	0.01313	0.00680	0.00613
58	0.01495	0.01545	0.02085	0.06152	0.02051	0.08295	0.07882	0.01706	0.01210	0.01689	0.01238	0.06657	0.01226	0.01217	0.03475	0.00290	0.48323	0.02393	0.00335	0.00736
59	0.02506	0.03198	0.01901	0.01729	0.02074	0.73725	0.01296	0.02679	0.01901	0.01642	0.01037	0.01210	0.00864	0.00691	0.00605	0.00173	0.01210	0.00432	0.00346	0.00778
60	0.01888	0.04209	0.01485	0.01237	0.01596	0.05390	0.00971	0.08198	0.31226	0.15337	0.02534	0.11494	0.02063	0.01000	0.00668	0.00215	0.00561	0.00829	0.08145	0.00953
61	0.00816	0.00589	0.00773	0.00920	0.00969	0.00546	0.00617	0.00936	0.01298	0.01718	0.03871	0.72108	0.08200	0.02080	0.00853	0.00270	0.00387	0.01880	0.00623	0.00546
62	0.00976	0.00651	0.00732	0.00732	0.00732	0.00651	0.00407	0.00976	0.00976	0.01301	0.02114	0.04391	0.02439	0.76419	0.03415	0.00651	0.00651	0.00976	0.00407	0.00407
63	0.02514	0.02986	0.01920	0.01699	0.02075	0.62188	0.01293	0.13520	0.02103	0.02059	0.01130	0.01275	0.00909	0.00710	0.00616	0.00177	0.01134	0.00460	0.00398	0.00836
64	0.01855	0.09688	0.04591	0.01760	0.03875	0.26456	0.01429	0.02046	0.01386	0.01654	0.00961	0.01345	0.00877	0.00915	0.01385	0.00232	0.37946	0.00509	0.00311	0.00780
65	0.01838	0.01600	0.01608	0.01410	0.01810	0.05740	0.01105	0.12738	0.57749	0.02939	0.02481	0.02307	0.01856	0.00884	0.00677	0.00221	0.00598	0.00719	0.00662	0.01057
66	0.00931	0.00636	0.00741	0.00779	0.00796	0.00622	0.00462	0.00965	0.01069	0.01418	0.02659	0.21664	0.05363	0.55937	0.02708	0.00545	0.00577	0.01215	0.00466	0.00445
67	0.02061	0.21361	0.07453	0.01528	0.01956	0.34989	0.01308	0.06803	0.04311	0.01879	0.01264	0.05447	0.01125	0.00779	0.00675	0.00185	0.05139	0.00533	0.00373	0.00834
68	0.10120	0.18356	0.15370	0.01714	0.07986	0.08831	0.04067	0.12588	0.08507	0.04423	0.01363	0.01485	0.01049	0.00679	0.00585	0.00192	0.00798	0.00513	0.00423	0.00952
69	0.01792	0.01846	0.05131	0.18788	0.26962	0.10715	0.10136	0.12257	0.01780	0.02315	0.01280	0.01634	0.00999	0.00654	0.00674	0.00205	0.00910	0.00598	0.00376	0.00947
70	0.01442	0.01191	0.01397	0.01000	0.01594	0.00897	0.00801	0.01739	0.01408	0.04403	0.01238	0.01419	0.01015	0.00507	0.00503	0.00103	0.00499	0.00406	0.00411	0.78025
71	0.00951	0.00690	0.00899	0.00860	0.01020	0.00638	0.00653	0.01262	0.01865	0.02619	0.65591	0.05210	0.08696	0.01411	0.00799	0.00217	0.00334	0.04926	0.00727	0.00630
72	0.01219	0.00622	0.00637	0.00648	0.00796	0.00619	0.00480	0.01517	0.01398	0.02443	0.02300	0.07922	0.01920	0.00879	0.00498	0.00165	0.00318	0.00720	0.74278	0.00619
73	0.00823	0.00588	0.00783	0.00931	0.00974	0.00549	0.00623	0.00948	0.01309	0.01752	0.06453	0.73114	0.04514	0.02073	0.00854	0.00270	0.00386	0.01879	0.00628	0.00549
74	0.00866	0.00679	0.00783	0.00764	0.00953	0.00596	0.00570	0.01101	0.01691	0.02213	0.36598	0.08169	0.39495	0.01563	0.00794	0.00221	0.00331	0.01340	0.00676	0.00596
75	0.03010	0.01142	0.01557	0.01194	0.01713	0.00986	0.00986	0.03270	0.01920	0.72698	0.02647	0.02284	0.01661	0.00830	0.00675	0.00208	0.00571	0.00675	0.00830	0.01142
76	0.01794	0.76823	0.03516	0.01148	0.01722	0.02655	0.01148	0.02009	0.01363	0.01579	0.00933	0.01076	0.00861	0.00574	0.00431	0.00144	0.00718	0.00359	0.00287	0.00861
77	0.01346	0.03471	0.72942	0.01912	0.02904	0.01558	0.02479	0.02125	0.01417	0.02125	0.01204	0.01417	0.00850	0.00637	0.00637	0.00212	0.00992	0.00496	0.00283	0.00992
78	0.00807	0.00680	0.00699	0.00694	0.00915	0.00572	0.00521	0.00989	0.01562	0.01889	0.12478	0.06331	0.66233	0.01671	0.00793	0.00225	0.00338	0.01398	0.00633	0.00572
79	0.01794	0.76823	0.03516	0.01148	0.01722	0.02655	0.01148	0.02009	0.01363	0.01579	0.00933	0.01076	0.00861	0.00574	0.00431	0.00144	0.00718	0.00359	0.00287	0.00861
80	0.81159	0.01298	0.00986	0.00882	0.01298	0.01505	0.00727	0.01972	0.01142	0.03010	0.00934	0.01090	0.00727	0.00623	0.00415	0.00208	0.00519	0.00363	0.00415	0.00727
81	0.02508	0.01824	0.01964	0.01520	0.02045	0.02015	0.01251	0.63210	0.07643	0.06544	0.01722	0.01694	0.01220	0.00813	0.00672	0.00203	0.00719	0.00617	0.00678	0.01136
82	0.01095	0.00790	0.00920	0.00897	0.01116	0.00739	0.00688	0.03393	0.06268	0.06295	0.18989	0.14231	0.32915	0.01566	0.00795	0.00235	0.00404	0.07334	0.00664	0.00666
83	0.01346	0.03471	0.72942	0.01912	0.02904	0.01558	0.02479	0.02125	0.01417	0.02125	0.01204	0.01417	0.00850	0.00637	0.00637	0.00212	0.00992	0.00496	0.00283	0.00992
84	0.12016	0.02104	0.01812	0.01507	0.01937	0.21661	0.01208	0.35922	0.04813	0.03143	0.01441	0.01650	0.01121	0.00803	0.00692	0.00202	0.03838	0.02639	0.00534	0.00955
85	0.81159	0.01298	0.00986	0.00882	0.01298	0.01505	0.00727	0.01972	0.01142	0.03010	0.00934	0.01090	0.00727	0.00623	0.00415	0.00208	0.00519	0.00363	0.00415	0.00727
86	0.00954	0.00641	0.00738	0.00760	0.00766	0.00636	0.00437	0.00970	0.01019	0.01359	0.02336	0.14408	0.02719	0.66021	0.03057	0.00598	0.00614	0.01106	0.00437	0.00426
87	0.00846	0.00682	0.00753	0.00736	0.00939	0.00589	0.00552	0.01066	0.01655	0.02111	0.28885	0.05967	0.49687	0.01588	0.00792	0.00221	0.00332	0.01347	0.00662	0.00589
88	0.01498	0.01429	0.02430	0.33287	0.44334	0.01552	0.01978	0.01917	0.01451	0.01995	0.01233	0.01714	0.00993	0.00628	0.00667	0.00209	0.00837	0.00597	0.00318	0.00932
89	0.01042	0.00773	0.00924	0.00866	0.01073	0.00731	0.00656	0.01479	0.08743	0.04473	0.46887	0.05040	0.21994	0.01391	0.00778	0.00216	0.00351	0.01203	0.00707	0.00674
90	0.00818	0.00584	0.00779	0.00934	0.00973	0.00545	0.00623	0.00934	0.01285	0.01713	0.03698	0.75981	0.04438	0.02102	0.00856	0.00273	0.00389	0.01908	0.00623	0.00545
91	0.00874	0.00676	0.00800	0.00824	0.00980	0.00613	0.00596	0.01124	0.03592	0.02084	0.25864	0.25927	0.30229	0.01691	0.00808	0.00235	0.00352	0.01476	0.00660	0.00595
92	0.01834	0.68212	0.05980	0.01223	0.01794	0.08282	0.01210	0.02067	0.01408	0.01604	0.00951	0.01100	0.00861	0.00586	0.00452	0.00148	0.00767	0.00370	0.00292	0.00859
93	0.00806	0.00677	0.00700	0.00700	0.00916	0.00571	0.00523	0.00986	0.01551	0.01879	0.11821	0.08364	0.64843	0.01685	0.00795	0.00227	0.00339	0.01414	0.00632	0.00571
94	0.00860	0.00667	0.00785	0.00807	0.00972	0.00592	0.00597	0.01070	0.01595	0.02071	0.25995	0.20001	0.35070	0.01687	0.00812	0.00235	0.00356	0.04585	0.00658	0.00585
95	0.02045	0.02396	0.02211	0.10324	0.10507	0.40825	0.10017	0.04443	0.01736	0.01852	0.01193	0.01517	0.00977	0.00976	0.05871	0.00254	0.01144	0.00541	0.00349	0.00821
96	0.06901	0.02265	0.02041	0.02053	0.14521	0.33623	0.03843	0.10279	0.01896	0.11707	0.01360	0.01505	0.01037	0.00715	0.00683	0.00194	0.03482	0.00528	0.00448	0.00920
97	0.01794	0.76823	0.03516	0.01148	0.01722	0.02655	0.01148	0.02009	0.01363	0.01579	0.00933	0.01076	0.00861	0.00574	0.00431	0.00144	0.00718	0.00359	0.00287	0.00861
98	0.04748	0.01407	0.05264	0.01431	0.06938	0.03163	0.01094	0.18475	0.06495	0.14840	0.02608	0.02902	0.11311	0.07886	0.06387	0.00315	0.00730	0.02524	0.00581	0.00899
99	0.01506	0.01483	0.02440	0.20421	0.41410	0.03799	0.07556	0.01902	0.01500	0.02022	0.01766	0.02139	0.07665	0.00719	0.00687	0.00209	0.00819	0.00685	0.00352	0.00918
100	0.02929	0.01124	0.01531	0.01180	0.01685	0.00972	0.00972	0.03191	0.01920	0.69926	0.05388	0.02392	0.01846	0.00852	0.00679	0.00208	0.00561	0.00696	0.00827	0.01122
101	0.01669	0.01441	0.01517	0.01365	0.01745	0.01669	0.01062	0.03565	0.71021	0.02807	0.02731	0.02503	0.02048	0.00910	0.00683	0.00228	0.00531	0.00759	0.00683	0.01062
102	0.01883	0.09040	0.02787	0.12265	0.09552	0.20380	0.22325	0.07887	0.01724	0.02070	0.01212	0.01544	0.00958	0.00653	0.00709	0.00202	0.02985	0.00592	0.00356	0.00877
103	0.01549	0.03914	0.14047	0.17684	0.28512	0.08972	0.04325	0.01984	0.01465	0.01948	0.01260	0.01682	0.01023	0.01043	0.07513	0.00286	0.00996	0.00576	0.00320	0.00902
104	0.01041	0.00734	0.01009	0.03148	0.01243	0.00711	0.02682	0.01216	0.01371	0.06810	0.03834	0.43831	0.16233	0.02040	0.06365	0.00319	0.02555	0.03648	0.00591	0.00619
105	0.04052	0.00849	0.01223	0.12440	0.03525	0.00863	0.04715	0.01299	0.03203	0.01920	0.08220	0.35730	0.14360	0.01549	0.00785	0.00246	0.00521	0.03307	0.00551	0.00641
106	0.03811	0.01013	0.01181	0.01103	0.01309	0.01085	0.00825	0.18133	0.05592	0.02391	0.05116	0.23853	0.02713	0.14063	0.11633	0.00426	0.00737	0.03735	0.00563	0.00717
107	0.37340	0.01567	0.01417	0.11383	0.06951	0.14600	0.01085	0.01949	0.01370	0.02343	0.01354	0.08437	0.01245	0.00808	0.00562	0.00208	0.00707	0.02483	0.00405	0.03788

[dist]
# distance from previous block
# <min> <max>
3	20

[block]
# block no. 5 follows, 32 sequences, length 58
# corresponding to MSA columns:
# 596-653
name=unknown_F
#
# <colnr> <probs for GDERKNQSTAVLIFYWHMCP>
#	G	D	E	R	K	N	Q	S	T	A	V	L	I	F	Y	W	H	M	C	P
0	0.01697	0.01739	0.02330	0.15624	0.35195	0.12287	0.03271	0.02187	0.07867	0.02026	0.01316	0.01678	0.01076	0.00708	0.00811	0.00212	0.08098	0.00591	0.00357	0.00930
1	0.03937	0.01588	0.02480	0.07801	0.56876	0.04442	0.01876	0.03977	0.01572	0.04569	0.01373	0.04013	0.01165	0.00668	0.00662	0.00203	0.00789	0.00629	0.00368	0.01012
2	0.01607	0.01545	0.02042	0.11303	0.32721	0.11831	0.01562	0.01973	0.03394	0.04241	0.01512	0.04833	0.01319	0.01580	0.15221	0.00377	0.01037	0.00657	0.00373	0.00873
3	0.01814	0.01559	0.02302	0.15082	0.15695	0.01674	0.11716	0.25266	0.06252	0.02795	0.01679	0.08026	0.01398	0.00823	0.00704	0.00216	0.00794	0.00749	0.00489	0.00966
4	0.18273	0.12073	0.05028	0.03567	0.09531	0.06904	0.04890	0.15219	0.01792	0.10010	0.01343	0.01472	0.01010	0.00666	0.00575	0.00189	0.00734	0.00508	0.00463	0.05753
5	0.01833	0.01668	0.02587	0.11808	0.35048	0.07671	0.12314	0.03939	0.01608	0.09701	0.01391	0.01719	0.01077	0.00665	0.00746	0.00209	0.04031	0.00622	0.00391	0.00972
6	0.00852	0.00623	0.00804	0.00895	0.00984	0.00574	0.00626	0.01026	0.01458	0.01955	0.19632	0.50499	0.11991	0.01885	0.00837	0.00255	0.00374	0.03511	0.00649	0.00569
7	0.00846	0.00605	0.00810	0.00957	0.01011	0.00569	0.00664	0.00988	0.01333	0.01779	0.06503	0.66988	0.04465	0.02050	0.00860	0.00273	0.00407	0.07709	0.00627	0.00555
8	0.01245	0.00995	0.01137	0.01112	0.01334	0.01064	0.00833	0.04917	0.28221	0.02389	0.12656	0.28234	0.07401	0.01458	0.00773	0.00243	0.00455	0.04086	0.00663	0.00785
9	0.01267	0.01193	0.02013	0.74806	0.04621	0.01491	0.01863	0.01714	0.01342	0.01714	0.01193	0.01789	0.00894	0.00671	0.00671	0.00224	0.00894	0.00596	0.00298	0.00745
10	0.01391	0.01193	0.01391	0.00994	0.01590	0.00894	0.00795	0.01690	0.01391	0.02186	0.01193	0.01391	0.00994	0.00497	0.00497	0.00099	0.00497	0.00398	0.00398	0.80521
11	0.00799	0.00680	0.00689	0.00687	0.00910	0.00569	0.00515	0.00975	0.01545	0.01849	0.09487	0.06398	0.69249	0.01686	0.00793	0.00226	0.00339	0.01408	0.00628	0.00569
