[name]
unknown

[dist]
# distance from previous block
# <min> <max>
0	9

[block]
# block no. 0 follows, 29 sequences, length 39
# corresponding to MSA columns:
# 9-47
name=unknown_A
#
# <colnr> <probs for GDERKNQSTAVLIFYWHMCP>
#	G	D	E	R	K	N	Q	S	T	A	V	L	I	F	Y	W	H	M	C	P
0	0.02082	0.01780	0.02090	0.18085	0.07415	0.13590	0.05794	0.11563	0.09108	0.11688	0.01926	0.02476	0.01529	0.00888	0.00735	0.00230	0.00879	0.06641	0.00535	0.00968
1	0.04680	0.01790	0.06800	0.04591	0.04627	0.05205	0.13463	0.20847	0.09621	0.02896	0.02111	0.12576	0.01893	0.01042	0.00764	0.00239	0.00818	0.04510	0.00557	0.00970
2	0.01632	0.01493	0.02511	0.29436	0.18373	0.03581	0.13782	0.03938	0.01638	0.06000	0.04076	0.07172	0.01540	0.00824	0.00751	0.00232	0.00898	0.00793	0.00418	0.00913
3	0.03049	0.01180	0.01606	0.01242	0.01767	0.01022	0.01022	0.03328	0.02037	0.66483	0.07298	0.02617	0.02093	0.00920	0.00724	0.00221	0.00588	0.00754	0.00875	0.01176
4	0.00868	0.00620	0.00826	0.00991	0.01033	0.00578	0.00661	0.00991	0.01363	0.01818	0.03925	0.74510	0.04710	0.02231	0.00909	0.00289	0.00413	0.02024	0.00661	0.00578
5	0.10504	0.03942	0.01709	0.07191	0.02052	0.19709	0.01157	0.05506	0.09127	0.20515	0.06652	0.02307	0.04843	0.00887	0.00675	0.00213	0.00782	0.00679	0.00599	0.00950
6	0.03195	0.01212	0.01652	0.01267	0.01818	0.01047	0.01047	0.03470	0.02038	0.71026	0.02809	0.02424	0.01763	0.00881	0.00716	0.00220	0.00606	0.00716	0.00881	0.01212
7	0.01018	0.00758	0.01120	0.01120	0.01239	0.00877	0.00860	0.01256	0.01137	0.01635	0.01930	0.02922	0.01834	0.09981	0.67586	0.01114	0.01826	0.00781	0.00385	0.00622
8	0.01345	0.01266	0.02136	0.73264	0.04904	0.01582	0.01978	0.01819	0.01424	0.01819	0.01266	0.01898	0.00949	0.00712	0.00712	0.00237	0.00949	0.00633	0.00316	0.00791
9	0.02084	0.02435	0.02103	0.01853	0.02028	0.35581	0.01471	0.02253	0.01533	0.01728	0.01014	0.01427	0.00926	0.01002	0.01527	0.00250	0.39100	0.00545	0.00338	0.00801
10	0.71488	0.01359	0.01114	0.00973	0.01426	0.01536	0.00802	0.02246	0.01303	0.10717	0.01193	0.01297	0.00881	0.00685	0.00471	0.00220	0.00557	0.00422	0.00490	0.00820
11	0.00868	0.00620	0.00826	0.00991	0.01033	0.00578	0.00661	0.00991	0.01363	0.01818	0.03925	0.74510	0.04710	0.02231	0.00909	0.00289	0.00413	0.02024	0.00661	0.00578
12	0.01345	0.01266	0.02136	0.73264	0.04904	0.01582	0.01978	0.01819	0.01424	0.01819	0.01266	0.01898	0.00949	0.00712	0.00712	0.00237	0.00949	0.00633	0.00316	0.00791
13	0.03195	0.01212	0.01652	0.01267	0.01818	0.01047	0.01047	0.03470	0.02038	0.71026	0.02809	0.02424	0.01763	0.00881	0.00716	0.00220	0.00606	0.00716	0.00881	0.01212
14	0.02138	0.01482	0.01646	0.01418	0.01862	0.01631	0.01120	0.06965	0.50833	0.18329	0.02818	0.02557	0.02033	0.00941	0.00722	0.00235	0.00584	0.00777	0.00759	0.01150
15	0.01498	0.01415	0.02359	0.47909	0.26087	0.01626	0.02010	0.02020	0.04307	0.02032	0.01357	0.01886	0.01058	0.00697	0.00710	0.00229	0.00900	0.00641	0.00345	0.00914
16	0.00920	0.00721	0.00832	0.00812	0.01012	0.00633	0.00606	0.01171	0.01796	0.02353	0.36383	0.08574	0.38328	0.01657	0.00843	0.00235	0.00351	0.01422	0.00718	0.00633
17	0.03062	0.01182	0.01610	0.01244	0.01772	0.01024	0.01024	0.03341	0.02037	0.66876	0.06910	0.02600	0.02064	0.00916	0.00724	0.00221	0.00589	0.00751	0.00875	0.01179
18	0.01036	0.00690	0.00777	0.00777	0.00777	0.00690	0.00431	0.01036	0.01036	0.01381	0.02244	0.04660	0.02589	0.74975	0.03624	0.00690	0.00690	0.01036	0.00431	0.00431
19	0.21701	0.02100	0.02282	0.04169	0.07060	0.21277	0.15130	0.06112	0.01738	0.07031	0.01307	0.01548	0.01004	0.00718	0.00719	0.00218	0.03978	0.00571	0.00433	0.00905
20	0.32110	0.04687	0.09493	0.04683	0.02314	0.19099	0.11547	0.04339	0.01597	0.02525	0.01152	0.01391	0.00895	0.00678	0.00598	0.00213	0.00917	0.00507	0.00394	0.00863
21	0.01904	0.75404	0.03731	0.01218	0.01828	0.02818	0.01218	0.02132	0.01447	0.01675	0.00990	0.01142	0.00914	0.00609	0.00457	0.00152	0.00761	0.00381	0.00305	0.00914
22	0.01717	0.01387	0.01504	0.01360	0.01730	0.01559	0.01059	0.05102	0.52820	0.05780	0.07746	0.05977	0.05055	0.01103	0.00751	0.00243	0.00545	0.02786	0.00728	0.01047
23	0.01394	0.01573	0.09971	0.58665	0.08361	0.01603	0.02033	0.01961	0.03893	0.01940	0.01330	0.01873	0.00998	0.00713	0.00708	0.00235	0.00941	0.00627	0.00331	0.00852
24	0.01185	0.00801	0.01086	0.01170	0.01350	0.00772	0.00978	0.01489	0.01712	0.05717	0.16882	0.11888	0.08529	0.01821	0.00928	0.00294	0.00556	0.41471	0.00693	0.00678
25	0.00868	0.00620	0.00826	0.00991	0.01033	0.00578	0.00661	0.00991	0.01363	0.01818	0.03925	0.74510	0.04710	0.02231	0.00909	0.00289	0.00413	0.02024	0.00661	0.00578
26	0.01152	0.01063	0.03706	0.01112	0.01287	0.06348	0.00843	0.03478	0.04063	0.02141	0.14382	0.42466	0.09064	0.01799	0.00853	0.00262	0.00516	0.04141	0.00648	0.00675
27	0.03172	0.01248	0.01675	0.01284	0.01836	0.01100	0.01061	0.06439	0.02098	0.67973	0.02759	0.02391	0.01737	0.00880	0.00716	0.00220	0.00614	0.00713	0.00874	0.01212
28	0.03137	0.01305	0.01710	0.01311	0.01864	0.01185	0.01083	0.11166	0.02194	0.63110	0.02678	0.02339	0.01697	0.00878	0.00716	0.00220	0.00627	0.00707	0.00861	0.01212
29	0.01345	0.01266	0.02136	0.73264	0.04904	0.01582	0.01978	0.01819	0.01424	0.01819	0.01266	0.01898	0.00949	0.00712	0.00712	0.00237	0.00949	0.00633	0.00316	0.00791
30	0.02172	0.01583	0.05636	0.02143	0.10559	0.01435	0.19032	0.06854	0.03857	0.25511	0.07198	0.04926	0.01899	0.00871	0.00807	0.00230	0.02815	0.00816	0.00606	0.01050
31	0.01763	0.01680	0.03211	0.06578	0.31477	0.01631	0.29353	0.02237	0.01653	0.07021	0.01611	0.05555	0.01325	0.00722	0.00773	0.00229	0.00960	0.00796	0.00406	0.01021
32	0.01147	0.00820	0.01147	0.01311	0.01475	0.00820	0.01147	0.01475	0.01639	0.02131	0.03770	0.08032	0.04098	0.01967	0.00984	0.00328	0.00656	0.65741	0.00656	0.00656
33	0.01431	0.01353	0.02291	0.59096	0.18401	0.01605	0.02020	0.01895	0.01464	0.01924	0.01281	0.01870	0.00986	0.00696	0.00710	0.00232	0.00928	0.00633	0.00324	0.00860
34	0.01978	0.18847	0.17168	0.01939	0.02589	0.09148	0.15948	0.11643	0.01836	0.05266	0.01333	0.01562	0.01027	0.00724	0.00781	0.00212	0.06020	0.00586	0.00405	0.00989
35	0.73898	0.01395	0.01114	0.00977	0.01428	0.01600	0.00805	0.04781	0.01330	0.05918	0.01092	0.01229	0.00828	0.00677	0.00462	0.00220	0.00562	0.00409	0.00469	0.00806
36	0.01127	0.00813	0.01119	0.01272	0.01441	0.00805	0.01107	0.01445	0.01638	0.02117	0.04000	0.07954	0.08507	0.01956	0.00974	0.00322	0.00636	0.61459	0.00656	0.00652
37	0.01157	0.01090	0.05781	0.07761	0.06539	0.00962	0.01047	0.01499	0.03849	0.04289	0.14440	0.18921	0.23801	0.01502	0.00878	0.00247	0.03615	0.01288	0.00598	0.00736
38	0.02363	0.05092	0.02018	0.01820	0.06733	0.36751	0.01338	0.09875	0.04553	0.07006	0.01451	0.01629	0.01146	0.00813	0.00809	0.00203	0.08087	0.00552	0.06847	0.00913

[dist]
# distance from previous block
# <min> <max>
3	7

[block]
# block no. 1 follows, 29 sequences, length 29
# corresponding to MSA columns:
# 55-83
name=unknown_B
#
# <colnr> <probs for GDERKNQSTAVLIFYWHMCP>
#	G	D	E	R	K	N	Q	S	T	A	V	L	I	F	Y	W	H	M	C	P
0	0.01729	0.13079	0.36751	0.02349	0.14968	0.01902	0.06263	0.10392	0.01756	0.02465	0.01312	0.01551	0.00994	0.00677	0.00665	0.00212	0.00950	0.00559	0.00365	0.01060
1	0.01180	0.00826	0.01092	0.01260	0.05252	0.00811	0.00829	0.01547	0.09183	0.06631	0.03581	0.57190	0.04012	0.01902	0.00863	0.00275	0.00469	0.01716	0.00665	0.00716
2	0.01947	0.01806	0.07292	0.01441	0.02012	0.03577	0.01233	0.21449	0.22630	0.03119	0.01885	0.01899	0.01424	0.00772	0.00655	0.00190	0.00674	0.00610	0.00586	0.24800
3	0.01704	0.01297	0.01608	0.01606	0.11756	0.01240	0.01085	0.11774	0.08815	0.08562	0.09183	0.03209	0.15961	0.01013	0.00710	0.00199	0.00571	0.00851	0.00607	0.18248
4	0.01548	0.20682	0.43643	0.01877	0.02736	0.01897	0.09362	0.02177	0.01538	0.02151	0.05063	0.01674	0.01249	0.00695	0.00650	0.00209	0.00958	0.00568	0.00335	0.00988
5	0.05198	0.15592	0.20633	0.02419	0.11265	0.01955	0.22822	0.02182	0.01518	0.02166	0.01245	0.01591	0.00985	0.00680	0.00814	0.00222	0.06793	0.00614	0.00334	0.00973
6	0.01664	0.02051	0.09496	0.02986	0.06690	0.01784	0.59763	0.02275	0.01664	0.02281	0.01423	0.01880	0.01068	0.00608	0.00821	0.00238	0.01173	0.00806	0.00355	0.00975
7	0.00868	0.00722	0.00758	0.00749	0.00978	0.00612	0.00562	0.01072	0.01685	0.02070	0.17091	0.06612	0.60276	0.01749	0.00841	0.00238	0.00357	0.01469	0.00680	0.00612
8	0.01734	0.02075	0.13219	0.03166	0.26893	0.01761	0.27409	0.05879	0.06135	0.02457	0.01491	0.01841	0.01150	0.00661	0.00755	0.00227	0.00990	0.00709	0.00392	0.01057
9	0.01353	0.05574	0.01833	0.01542	0.01600	0.01693	0.01250	0.01516	0.01184	0.01731	0.01774	0.19668	0.01950	0.01863	0.08878	0.00380	0.44115	0.00969	0.00404	0.00723
10	0.00957	0.00683	0.00928	0.01093	0.01174	0.00655	0.00816	0.01145	0.01451	0.01917	0.03875	0.53353	0.04515	0.02147	0.00933	0.00301	0.00490	0.22302	0.00659	0.00603
11	0.01911	0.03570	0.44117	0.01953	0.02737	0.29291	0.02139	0.02486	0.01705	0.02054	0.01208	0.01417	0.00908	0.00699	0.00663	0.00209	0.01143	0.00500	0.00327	0.00963
12	0.06158	0.56724	0.17292	0.01367	0.02057	0.02513	0.01480	0.02155	0.01445	0.01878	0.01048	0.01216	0.00903	0.00626	0.00501	0.00171	0.00809	0.00411	0.00311	0.00934
13	0.00970	0.00726	0.00899	0.00856	0.01040	0.00656	0.00642	0.01270	0.01926	0.02642	0.55730	0.05671	0.21280	0.01535	0.00840	0.00228	0.00342	0.01337	0.00756	0.00656
14	0.03151	0.01282	0.01696	0.01300	0.01853	0.01150	0.01074	0.09235	0.02155	0.65097	0.02711	0.02360	0.01713	0.00879	0.00716	0.00220	0.00622	0.00709	0.00866	0.01212
15	0.01436	0.01490	0.09623	0.10626	0.07017	0.01275	0.13404	0.02012	0.08273	0.06291	0.11000	0.14210	0.07986	0.01136	0.00790	0.00241	0.00734	0.01050	0.00538	0.00867
16	0.01009	0.00687	0.00777	0.00790	0.00810	0.00675	0.00457	0.01031	0.01101	0.01452	0.02712	0.10381	0.07304	0.64253	0.03221	0.00628	0.00646	0.01146	0.00465	0.00455
17	0.00868	0.00620	0.00826	0.00991	0.01033	0.00578	0.00661	0.00991	0.01363	0.01818	0.03925	0.74510	0.04710	0.02231	0.00909	0.00289	0.00413	0.02024	0.00661	0.00578
18	0.01405	0.01328	0.02245	0.63251	0.14443	0.01598	0.02008	0.01873	0.01453	0.01893	0.01276	0.01879	0.00975	0.00701	0.00711	0.00234	0.00934	0.00633	0.00322	0.00840
19	0.01540	0.01583	0.02623	0.47724	0.10399	0.06377	0.15593	0.02017	0.01535	0.01955	0.01297	0.01849	0.00990	0.00683	0.00733	0.00232	0.01014	0.00664	0.00332	0.00859
20	0.02660	0.03394	0.02018	0.01834	0.02201	0.72116	0.01376	0.02843	0.02018	0.01743	0.01101	0.01284	0.00917	0.00734	0.00642	0.00183	0.01284	0.00459	0.00367	0.00825
21	0.00908	0.00683	0.00841	0.00888	0.01025	0.00616	0.00633	0.01118	0.01651	0.02195	0.27098	0.33402	0.22632	0.01857	0.00868	0.00254	0.00373	0.01639	0.00702	0.00616
22	0.01008	0.00728	0.00952	0.00896	0.01064	0.00672	0.00672	0.01344	0.02016	0.02855	0.70158	0.05319	0.06719	0.01456	0.00840	0.00224	0.00336	0.01288	0.00784	0.00672
23	0.01681	0.01921	0.04202	0.03001	0.03721	0.01801	0.67947	0.02281	0.01681	0.02281	0.01441	0.01921	0.01080	0.00600	0.00840	0.00240	0.01200	0.00840	0.00360	0.00960
24	0.80005	0.01377	0.01047	0.00936	0.01377	0.01597	0.00771	0.02093	0.01212	0.03195	0.00991	0.01157	0.00771	0.00661	0.00441	0.00220	0.00551	0.00386	0.00441	0.00771
25	0.01629	0.01760	0.09092	0.05711	0.44493	0.01585	0.06033	0.02226	0.07270	0.02413	0.09055	0.02219	0.01801	0.00757	0.00727	0.00219	0.00811	0.00723	0.00425	0.01049
26	0.01658	0.01576	0.02675	0.12821	0.58222	0.01613	0.02070	0.02069	0.01581	0.02233	0.01482	0.06042	0.01315	0.00738	0.00718	0.00219	0.00834	0.00716	0.00366	0.01053
27	0.03954	0.01596	0.11158	0.01520	0.06378	0.01380	0.01250	0.10510	0.19060	0.04832	0.22500	0.03318	0.07390	0.01076	0.00748	0.00227	0.00598	0.00906	0.00649	0.00951
28	0.17835	0.22466	0.14272	0.01742	0.09986	0.05857	0.01481	0.06623	0.06996	0.02472	0.01294	0.01455	0.01032	0.00683	0.00571	0.00197	0.00785	0.00493	0.00404	0.03354

[dist]
# distance from previous block
# <min> <max>
0	8

[block]
# block no. 2 follows, 29 sequences, length 31
# corresponding to MSA columns:
# 94-124
name=unknown_C
#
# <colnr> <probs for GDERKNQSTAVLIFYWHMCP>
#	G	D	E	R	K	N	Q	S	T	A	V	L	I	F	Y	W	H	M	C	P
0	0.08945	0.18761	0.27616	0.02158	0.14533	0.01948	0.04953	0.04728	0.05816	0.02355	0.01324	0.01536	0.01032	0.00674	0.00623	0.00208	0.00871	0.00536	0.00368	0.01015
1	0.04793	0.25230	0.10856	0.01402	0.02034	0.06467	0.02998	0.07561	0.05422	0.06059	0.01373	0.01497	0.01086	0.00661	0.00572	0.00170	0.00760	0.00488	0.00431	0.20141
2	0.01439	0.01340	0.02226	0.20708	0.25733	0.01403	0.07725	0.01941	0.05103	0.02313	0.16035	0.02889	0.06280	0.00906	0.00756	0.00226	0.00757	0.00847	0.00470	0.00902
3	0.01018	0.00758	0.01121	0.01121	0.01240	0.00878	0.00861	0.01257	0.01138	0.01636	0.01928	0.02914	0.01831	0.09714	0.67849	0.01116	0.01831	0.00780	0.00385	0.00623
4	0.01756	0.01680	0.06548	0.03975	0.02119	0.02003	0.04272	0.04517	0.01332	0.08789	0.01203	0.01671	0.01032	0.01117	0.01899	0.00288	0.53913	0.00636	0.00385	0.00864
5	0.00868	0.00620	0.00826	0.00991	0.01033	0.00578	0.00661	0.00991	0.01363	0.01818	0.03925	0.74510	0.04710	0.02231	0.00909	0.00289	0.00413	0.02024	0.00661	0.00578
6	0.02560	0.03232	0.02027	0.07264	0.02407	0.66754	0.01422	0.02766	0.01973	0.01749	0.01113	0.01331	0.00920	0.00732	0.00647	0.00188	0.01259	0.00472	0.00363	0.00823
7	0.00844	0.00710	0.00733	0.00751	0.00970	0.00599	0.00554	0.01019	0.01595	0.01912	0.06856	0.14203	0.63124	0.01850	0.00849	0.00246	0.00366	0.01559	0.00661	0.00599
8	0.01558	0.01558	0.02181	0.01869	0.01869	0.02181	0.01558	0.01714	0.01091	0.01714	0.00935	0.01558	0.00935	0.01246	0.02337	0.00312	0.73672	0.00623	0.00312	0.00779
9	0.05509	0.01799	0.07828	0.07109	0.49203	0.01676	0.02006	0.07264	0.01742	0.06983	0.01439	0.01761	0.01133	0.00676	0.00692	0.00215	0.00833	0.00620	0.00413	0.01100
10	0.01774	0.55762	0.22232	0.01441	0.02171	0.02499	0.01605	0.02166	0.01462	0.01834	0.01069	0.01241	0.00911	0.00628	0.00517	0.00172	0.00841	0.00421	0.00304	0.00952
11	0.01692	0.01441	0.01513	0.01356	0.01745	0.01629	0.01056	0.07103	0.55759	0.02915	0.03448	0.03203	0.11868	0.01080	0.00741	0.00240	0.00547	0.00896	0.00715	0.01057
12	0.01428	0.03683	0.71286	0.02030	0.03082	0.01654	0.02631	0.02255	0.01503	0.02255	0.01278	0.01503	0.00902	0.00677	0.00677	0.00226	0.01052	0.00526	0.00301	0.01052
13	0.00868	0.00620	0.00826	0.00991	0.01033	0.00578	0.00661	0.00991	0.01363	0.01818	0.03925	0.74510	0.04710	0.02231	0.00909	0.00289	0.00413	0.02024	0.00661	0.00578
14	0.80005	0.01377	0.01047	0.00936	0.01377	0.01597	0.00771	0.02093	0.01212	0.03195	0.00991	0.01157	0.00771	0.00661	0.00441	0.00220	0.00551	0.00386	0.00441	0.00771
15	0.01904	0.75404	0.03731	0.01218	0.01828	0.02818	0.01218	0.02132	0.01447	0.01675	0.00990	0.01142	0.00914	0.00609	0.00457	0.00152	0.00761	0.00381	0.00305	0.00914
16	0.02660	0.03394	0.02018	0.01834	0.02201	0.72116	0.01376	0.02843	0.02018	0.01743	0.01101	0.01284	0.00917	0.00734	0.00642	0.00183	0.01284	0.00459	0.00367	0.00825
17	0.01755	0.20894	0.45237	0.01762	0.02626	0.06316	0.02089	0.02355	0.01563	0.07310	0.01313	0.01472	0.00971	0.00679	0.00624	0.00205	0.00962	0.00501	0.00350	0.01017
18	0.02195	0.13736	0.02147	0.01471	0.01974	0.02065	0.01220	0.26611	0.31409	0.06463	0.02156	0.02059	0.01603	0.00864	0.00676	0.00216	0.00677	0.00673	0.00659	0.01126
19	0.00931	0.00756	0.00831	0.00827	0.01040	0.00678	0.00614	0.01239	0.05369	0.02172	0.20295	0.13284	0.45975	0.01726	0.00842	0.00242	0.00372	0.01472	0.00691	0.00643
20	0.01946	0.01610	0.02667	0.03821	0.58536	0.01575	0.01979	0.02345	0.01672	0.11656	0.01536	0.01841	0.01211	0.00664	0.00700	0.00209	0.00801	0.00637	0.00427	0.04166
21	0.01724	0.14904	0.11204	0.02275	0.17195	0.11475	0.09983	0.02215	0.05777	0.02125	0.04455	0.04981	0.06975	0.00851	0.00692	0.00210	0.00871	0.00736	0.00416	0.00938
22	0.01968	0.01288	0.01557	0.01367	0.05489	0.01204	0.01017	0.02730	0.20230	0.21021	0.02780	0.02656	0.09074	0.00888	0.00676	0.00194	0.00558	0.00736	0.00651	0.23916
23	0.01893	0.01778	0.05157	0.03198	0.41873	0.01786	0.01835	0.12449	0.17410	0.02798	0.01751	0.01950	0.01372	0.00745	0.00709	0.00219	0.00780	0.00670	0.00490	0.01137
24	0.02125	0.01712	0.02328	0.10041	0.23486	0.08228	0.06648	0.08442	0.09035	0.15410	0.04127	0.02079	0.01513	0.00778	0.00719	0.00219	0.00827	0.00690	0.00536	0.01059
25	0.01665	0.01530	0.01820	0.19214	0.08087	0.05489	0.01408	0.02970	0.39842	0.02512	0.02333	0.06291	0.01862	0.00935	0.00726	0.00238	0.00711	0.00798	0.00572	0.00998
26	0.01259	0.01163	0.01184	0.01313	0.05094	0.11449	0.00880	0.01549	0.05292	0.02079	0.14861	0.43520	0.04155	0.01714	0.00835	0.00255	0.00562	0.01518	0.00625	0.00692
27	0.02296	0.01348	0.01870	0.02027	0.18460	0.01323	0.01302	0.05595	0.13475	0.31164	0.07380	0.06415	0.02177	0.00950	0.00734	0.00226	0.00634	0.00821	0.00700	0.01103
28	0.02277	0.01425	0.01685	0.05349	0.01991	0.01507	0.01147	0.21758	0.17675	0.22028	0.02594	0.13052	0.02095	0.01086	0.00746	0.00235	0.00638	0.00906	0.00732	0.01074
29	0.11185	0.02017	0.04412	0.06433	0.08277	0.11076	0.21516	0.14999	0.08197	0.02778	0.01506	0.01750	0.01140	0.00719	0.00709	0.00223	0.00949	0.00658	0.00467	0.00990
30	0.40399	0.01365	0.01246	0.01098	0.01470	0.04142	0.00860	0.11904	0.01641	0.09035	0.01782	0.11649	0.01637	0.07904	0.00876	0.00271	0.00613	0.00740	0.00547	0.00820

[dist]
# distance from previous block
# <min> <max>
1	6

[block]
# block no. 3 follows, 29 sequences, length 6
# corresponding to MSA columns:
# 131-136
name=unknown_D
#
# <colnr> <probs for GDERKNQSTAVLIFYWHMCP>
#	G	D	E	R	K	N	Q	S	T	A	V	L	I	F	Y	W	H	M	C	P
0	0.51676	0.01491	0.01714	0.02180	0.26416	0.01632	0.01283	0.02127	0.01360	0.02880	0.01117	0.01376	0.00900	0.00651	0.00536	0.00217	0.00658	0.00476	0.00409	0.00900
1	0.01327	0.00664	0.00664	0.00664	0.00830	0.00664	0.00498	0.01659	0.01493	0.02655	0.02323	0.02655	0.01825	0.00830	0.00498	0.00166	0.00332	0.00664	0.78928	0.00664
2	0.10829	0.01227	0.01241	0.01048	0.01391	0.01330	0.00839	0.25786	0.02133	0.03380	0.01948	0.02141	0.01482	0.00819	0.00569	0.00189	0.00520	0.00624	0.41629	0.00874
3	0.46242	0.28224	0.02096	0.01088	0.01599	0.02083	0.00974	0.06795	0.01449	0.02736	0.01042	0.01191	0.00854	0.00656	0.00466	0.00195	0.00644	0.00402	0.00411	0.00854
4	0.42849	0.01433	0.01714	0.08546	0.20438	0.01558	0.01296	0.02250	0.01436	0.10595	0.01319	0.01533	0.00997	0.00684	0.00569	0.00219	0.00673	0.00513	0.00456	0.00920
5	0.29637	0.01519	0.01993	0.08806	0.30073	0.01644	0.01508	0.08446	0.01612	0.02775	0.01372	0.05132	0.01169	0.00751	0.00622	0.00221	0.00723	0.00615	0.00431	0.00952

[dist]
# distance from previous block
# <min> <max>
0	6

# created by:
# /home/berkeley/.conda/envs/busco_data_prod/bin/msa2prfl.pl pipeline/OGs_align_augustus/4893/24544.fs
