[name]
unknown

[dist]
# distance from previous block
# <min> <max>
0	106

[block]
# block no. 0 follows, 33 sequences, length 9
# corresponding to MSA columns:
# 113-121
name=unknown_A
#
# <colnr> <probs for GDERKNQSTAVLIFYWHMCP>
#	G	D	E	R	K	N	Q	S	T	A	V	L	I	F	Y	W	H	M	C	P
0	0.06487	0.06240	0.06296	0.08125	0.03623	0.08366	0.09084	0.10118	0.01671	0.07627	0.07289	0.04645	0.01882	0.09095	0.00960	0.00257	0.00756	0.06213	0.00471	0.00796
1	0.07650	0.05322	0.01624	0.05992	0.07641	0.05460	0.01077	0.15209	0.06419	0.11600	0.01970	0.05608	0.04694	0.01134	0.05236	0.02601	0.00704	0.00670	0.05558	0.03834
2	0.13886	0.04334	0.06491	0.01220	0.03557	0.01247	0.02582	0.13051	0.01625	0.04465	0.04468	0.16414	0.12714	0.03680	0.00820	0.00230	0.04043	0.00926	0.00514	0.03733
3	0.01519	0.07800	0.01641	0.07107	0.10376	0.07946	0.01078	0.06719	0.08639	0.03902	0.02243	0.13284	0.07103	0.01059	0.02323	0.00213	0.00644	0.00810	0.07250	0.08343
4	0.01170	0.00666	0.00915	0.00897	0.00955	0.00668	0.00621	0.05524	0.01132	0.01509	0.05536	0.10204	0.04936	0.02085	0.02085	0.58997	0.00537	0.00781	0.00383	0.00398
5	0.05897	0.01647	0.02053	0.21258	0.25583	0.11982	0.01588	0.09086	0.06285	0.02207	0.01331	0.01669	0.01059	0.00889	0.04503	0.00246	0.00879	0.00568	0.00382	0.00889
6	0.01905	0.30854	0.09157	0.05595	0.11170	0.12367	0.01420	0.05521	0.03563	0.08305	0.01242	0.01401	0.00989	0.00656	0.00606	0.00178	0.03319	0.00475	0.00373	0.00904
7	0.01611	0.00917	0.01122	0.00999	0.01264	0.00925	0.00771	0.02152	0.16655	0.18620	0.12752	0.02960	0.06760	0.01460	0.06511	0.10658	0.00559	0.00787	0.11742	0.00777
8	0.01090	0.00739	0.00887	0.00848	0.01038	0.00679	0.00627	0.04444	0.01656	0.07580	0.27859	0.18000	0.24950	0.05476	0.00910	0.00245	0.00386	0.01294	0.00657	0.00635

[dist]
# distance from previous block
# <min> <max>
0	1

[block]
# block no. 1 follows, 33 sequences, length 16
# corresponding to MSA columns:
# 123-138
name=unknown_B
#
# <colnr> <probs for GDERKNQSTAVLIFYWHMCP>
#	G	D	E	R	K	N	Q	S	T	A	V	L	I	F	Y	W	H	M	C	P
0	0.06772	0.01398	0.01382	0.01215	0.01563	0.07084	0.00949	0.13102	0.29519	0.07652	0.06518	0.07419	0.04825	0.00964	0.00652	0.00209	0.00562	0.00784	0.06524	0.00907
1	0.05626	0.00810	0.00980	0.00894	0.01134	0.00752	0.00676	0.01665	0.03796	0.17725	0.25719	0.12841	0.16765	0.06540	0.00914	0.00247	0.00418	0.01120	0.00668	0.00710
2	0.07390	0.01094	0.01256	0.01091	0.01424	0.01128	0.00857	0.08185	0.19612	0.17930	0.20447	0.08002	0.06650	0.01081	0.00693	0.00214	0.00473	0.00908	0.00688	0.00876
3	0.02342	0.01601	0.01769	0.01404	0.01876	0.01737	0.01142	0.47333	0.12176	0.13735	0.02006	0.06488	0.01517	0.00888	0.00672	0.00206	0.00651	0.00704	0.00680	0.01072
4	0.05693	0.00980	0.01131	0.01010	0.01279	0.00985	0.00778	0.14861	0.04063	0.10214	0.22662	0.17882	0.11373	0.01293	0.00724	0.00218	0.00451	0.01104	0.02536	0.00764
5	0.00996	0.00681	0.00848	0.00878	0.01004	0.00642	0.00626	0.03997	0.01543	0.04077	0.22771	0.38712	0.10572	0.03480	0.00842	0.00244	0.00378	0.01451	0.05654	0.00603
6	0.06318	0.00923	0.01050	0.00967	0.01225	0.00935	0.00743	0.01934	0.17914	0.09338	0.26790	0.07098	0.15481	0.03485	0.00801	0.00231	0.00421	0.02933	0.00664	0.00752
7	0.11709	0.01230	0.01434	0.01161	0.01614	0.01225	0.00944	0.09960	0.14153	0.39774	0.02628	0.02394	0.07094	0.00869	0.00642	0.00208	0.00547	0.00691	0.00709	0.01014
8	0.08648	0.00929	0.01123	0.00991	0.01297	0.00886	0.00777	0.04430	0.04273	0.26866	0.13806	0.15428	0.07919	0.01178	0.00689	0.00216	0.00458	0.02858	0.06414	0.00815
9	0.08792	0.00835	0.01084	0.01013	0.01225	0.00879	0.00781	0.01649	0.03319	0.14669	0.08484	0.08502	0.02247	0.08038	0.34751	0.00633	0.01077	0.00819	0.00507	0.00694
10	0.02041	0.01470	0.01608	0.01328	0.01756	0.01603	0.01072	0.31732	0.25729	0.10577	0.04138	0.02585	0.07274	0.00943	0.00683	0.00212	0.00595	0.02960	0.00675	0.01021
11	0.01734	0.01153	0.01344	0.01191	0.01503	0.01208	0.00928	0.18700	0.16285	0.13458	0.08767	0.22789	0.02815	0.01253	0.00732	0.00228	0.00523	0.03834	0.00675	0.00880
12	0.00957	0.00685	0.00989	0.00989	0.01080	0.00776	0.00737	0.01118	0.01028	0.01461	0.01770	0.02821	0.01731	0.16289	0.57864	0.06576	0.01499	0.00736	0.00355	0.00536
13	0.01579	0.01462	0.02022	0.04124	0.28871	0.07096	0.05522	0.08295	0.08413	0.02211	0.01659	0.06247	0.01443	0.01501	0.13637	0.00353	0.00939	0.00698	0.03040	0.00887
14	0.01694	0.00951	0.01230	0.01097	0.01373	0.00960	0.00853	0.06061	0.09388	0.23533	0.09289	0.13911	0.02528	0.04156	0.19351	0.00443	0.00820	0.00922	0.00622	0.00820
15	0.00964	0.00712	0.00972	0.00971	0.01101	0.00768	0.00735	0.03209	0.01272	0.01779	0.09928	0.11888	0.08684	0.06524	0.44408	0.00735	0.01207	0.00958	0.02594	0.00591

[dist]
# distance from previous block
# <min> <max>
3	14

[block]
# block no. 2 follows, 33 sequences, length 28
# corresponding to MSA columns:
# 153-180
name=unknown_C
#
# <colnr> <probs for GDERKNQSTAVLIFYWHMCP>
#	G	D	E	R	K	N	Q	S	T	A	V	L	I	F	Y	W	H	M	C	P
0	0.04414	0.03867	0.10349	0.10024	0.06844	0.05745	0.08509	0.15855	0.15432	0.02546	0.01705	0.04008	0.01378	0.00809	0.00702	0.00214	0.02597	0.03604	0.00472	0.00926
1	0.01815	0.25687	0.12947	0.01799	0.12594	0.07736	0.01460	0.05352	0.12149	0.06990	0.01422	0.01536	0.01117	0.00688	0.00641	0.00187	0.04018	0.00514	0.00405	0.00942
2	0.00964	0.00938	0.05995	0.01035	0.03124	0.00763	0.00794	0.01328	0.08079	0.01907	0.06393	0.35500	0.23848	0.01597	0.00767	0.00234	0.00436	0.01398	0.00579	0.04322
3	0.01906	0.01310	0.01530	0.01130	0.01688	0.01151	0.00918	0.17148	0.01842	0.15568	0.01521	0.01573	0.01127	0.00614	0.00557	0.00139	0.00553	0.00484	0.00527	0.48714
4	0.01485	0.01401	0.04715	0.11702	0.14357	0.01238	0.02985	0.06262	0.05433	0.02242	0.01297	0.01550	0.01036	0.00577	0.00573	0.00152	0.00643	0.00497	0.00393	0.41464
5	0.01322	0.01032	0.01254	0.01045	0.03760	0.00857	0.00784	0.04443	0.01615	0.05238	0.22092	0.02778	0.07388	0.00844	0.00610	0.00149	0.00449	0.00714	0.00528	0.43096
6	0.01504	0.01413	0.02414	0.09325	0.53727	0.01438	0.04865	0.01889	0.01466	0.02097	0.04200	0.01875	0.01302	0.00934	0.05828	0.00258	0.00838	0.00629	0.03050	0.00947
7	0.09046	0.28543	0.06086	0.01479	0.04802	0.16067	0.04229	0.04378	0.04290	0.01927	0.01330	0.05007	0.01212	0.00897	0.03051	0.00214	0.02982	0.03280	0.00367	0.00815
8	0.70860	0.01374	0.01099	0.03068	0.01447	0.03935	0.00802	0.06930	0.01294	0.02959	0.00975	0.01130	0.00752	0.00628	0.00439	0.00203	0.00558	0.00382	0.00420	0.00745
9	0.00906	0.00678	0.00844	0.00819	0.00989	0.00616	0.00625	0.01183	0.01756	0.02397	0.52609	0.05416	0.21122	0.01452	0.00786	0.00217	0.00337	0.05953	0.00691	0.00605
10	0.01651	0.19632	0.43316	0.01678	0.02476	0.01707	0.06719	0.02209	0.01455	0.11335	0.01318	0.01454	0.00953	0.00631	0.00595	0.00194	0.00868	0.00500	0.00353	0.00958
11	0.05009	0.13196	0.48214	0.01945	0.05902	0.01694	0.11043	0.02063	0.01397	0.02056	0.01155	0.01391	0.00861	0.00605	0.00609	0.00200	0.00924	0.00505	0.00294	0.00936
12	0.00802	0.00573	0.00764	0.00917	0.00955	0.00535	0.00611	0.00917	0.01260	0.01681	0.03628	0.76434	0.04354	0.02062	0.00840	0.00267	0.00382	0.01872	0.00611	0.00535
13	0.00778	0.00667	0.00667	0.00667	0.00889	0.00556	0.00500	0.00945	0.01501	0.01778	0.06669	0.06336	0.72490	0.01667	0.00778	0.00222	0.00333	0.01389	0.00611	0.00556
14	0.81514	0.01273	0.00968	0.00866	0.01273	0.01477	0.00713	0.01935	0.01120	0.02954	0.00917	0.01069	0.00713	0.00611	0.00407	0.00204	0.00509	0.00356	0.00407	0.00713
15	0.02376	0.06283	0.01987	0.01821	0.06543	0.66438	0.01313	0.02561	0.01819	0.01643	0.01027	0.01210	0.00860	0.00667	0.00590	0.00170	0.01140	0.00431	0.00336	0.00785
16	0.01637	0.01414	0.01489	0.01340	0.01712	0.01637	0.01042	0.03498	0.71568	0.02754	0.02679	0.02456	0.02010	0.00893	0.00670	0.00223	0.00521	0.00744	0.00670	0.01042
17	0.01388	0.01243	0.01667	0.01191	0.01786	0.00972	0.09127	0.01712	0.01388	0.02141	0.01190	0.01414	0.00978	0.00496	0.00522	0.00112	0.00562	0.00436	0.00383	0.71292
18	0.00955	0.00689	0.00935	0.01077	0.01194	0.00669	0.00872	0.01185	0.01428	0.01859	0.03738	0.30821	0.08375	0.01892	0.00877	0.00286	0.00513	0.41449	0.00608	0.00579
19	0.00943	0.00680	0.00896	0.00861	0.01016	0.00633	0.00659	0.01253	0.01833	0.02582	0.66451	0.05134	0.06002	0.01387	0.00788	0.00215	0.00336	0.06995	0.00714	0.00620
20	0.01321	0.01215	0.02040	0.12859	0.38759	0.01240	0.04201	0.01640	0.01403	0.01941	0.01962	0.24488	0.02029	0.01046	0.00715	0.00222	0.00686	0.00986	0.00409	0.00839
21	0.00789	0.00648	0.00695	0.00724	0.00906	0.00554	0.00528	0.00951	0.01465	0.01792	0.08583	0.20639	0.55976	0.01736	0.00791	0.00231	0.00343	0.01480	0.00616	0.00554
22	0.01497	0.01730	0.11615	0.20886	0.34129	0.04777	0.01831	0.01926	0.01439	0.02001	0.01195	0.01574	0.00957	0.00601	0.00626	0.00189	0.00811	0.00540	0.00320	0.11358
23	0.02503	0.01844	0.01976	0.01515	0.02042	0.02042	0.01251	0.70562	0.03095	0.04149	0.01581	0.01581	0.01120	0.00790	0.00659	0.00198	0.00724	0.00593	0.00659	0.01120
24	0.00802	0.00573	0.00764	0.00917	0.00955	0.00535	0.00611	0.00917	0.01260	0.01681	0.03628	0.76434	0.04354	0.02062	0.00840	0.00267	0.00382	0.01872	0.00611	0.00535
25	0.02352	0.01727	0.01846	0.01439	0.01929	0.01913	0.01181	0.60982	0.07804	0.03931	0.01698	0.01704	0.01222	0.00796	0.00645	0.00196	0.00681	0.00605	0.06271	0.01079
26	0.01780	0.10869	0.12051	0.02906	0.39579	0.09964	0.04672	0.02172	0.01534	0.06552	0.01258	0.01525	0.01005	0.00613	0.00621	0.00189	0.00844	0.00540	0.00347	0.00977
27	0.02221	0.01273	0.06060	0.01236	0.01639	0.01150	0.01047	0.07587	0.06616	0.39577	0.02267	0.05873	0.01712	0.07936	0.04943	0.00299	0.06232	0.00732	0.00648	0.00954

[dist]
# distance from previous block
# <min> <max>
0	1

[block]
# block no. 3 follows, 33 sequences, length 37
# corresponding to MSA columns:
# 182-218
name=unknown_D
#
# <colnr> <probs for GDERKNQSTAVLIFYWHMCP>
#	G	D	E	R	K	N	Q	S	T	A	V	L	I	F	Y	W	H	M	C	P
0	0.04120	0.01373	0.01482	0.06246	0.01864	0.01591	0.01069	0.03257	0.62723	0.02662	0.02632	0.02472	0.03822	0.00890	0.00664	0.00222	0.00539	0.00739	0.00635	0.00998
1	0.65980	0.01467	0.01154	0.05733	0.01582	0.08550	0.00857	0.04356	0.01273	0.02783	0.00966	0.01142	0.00751	0.00627	0.00450	0.00201	0.00606	0.00386	0.00402	0.00733
2	0.01338	0.00792	0.00923	0.02718	0.01143	0.00789	0.00680	0.06572	0.03640	0.08136	0.11272	0.13726	0.07386	0.01136	0.00636	0.00198	0.00404	0.03902	0.33916	0.00692
3	0.01834	0.04921	0.25960	0.04437	0.12050	0.30187	0.04168	0.02254	0.01578	0.01859	0.01109	0.01360	0.00877	0.00660	0.00682	0.00194	0.04196	0.00489	0.00311	0.00875
4	0.00847	0.00670	0.00762	0.00739	0.00931	0.00585	0.00554	0.01078	0.01663	0.02164	0.36087	0.05701	0.42831	0.01523	0.00777	0.00215	0.00323	0.01300	0.00662	0.00585
5	0.00943	0.00694	0.01002	0.01002	0.01101	0.00793	0.00753	0.01140	0.01042	0.01487	0.01814	0.02868	0.01768	0.16722	0.62638	0.00989	0.01579	0.00747	0.00360	0.00557
6	0.02954	0.01120	0.01528	0.01171	0.01681	0.00968	0.00968	0.03208	0.01884	0.73213	0.02597	0.02241	0.01630	0.00815	0.00662	0.00204	0.00560	0.00662	0.00815	0.01120
7	0.01629	0.01564	0.02672	0.04041	0.72757	0.01564	0.02020	0.02020	0.01499	0.02151	0.01238	0.01629	0.01043	0.00587	0.00652	0.00196	0.00782	0.00587	0.00326	0.01043
8	0.00894	0.00639	0.00869	0.01022	0.01100	0.00614	0.00771	0.01075	0.01351	0.01783	0.03578	0.51939	0.04153	0.01976	0.00865	0.00280	0.00462	0.25461	0.00609	0.00560
9	0.01320	0.03405	0.73453	0.01876	0.02849	0.01529	0.02432	0.02085	0.01390	0.02085	0.01181	0.01390	0.00834	0.00625	0.00625	0.00208	0.00973	0.00486	0.00278	0.00973
10	0.00819	0.00585	0.00784	0.00936	0.00982	0.00550	0.00641	0.00947	0.01277	0.01700	0.03619	0.71824	0.04316	0.02046	0.00845	0.00270	0.00397	0.06311	0.00611	0.00539
11	0.04046	0.01544	0.03014	0.01094	0.01392	0.20367	0.00866	0.07874	0.03695	0.08265	0.05622	0.02095	0.01619	0.00777	0.00555	0.00173	0.00625	0.00590	0.35023	0.00762
12	0.02459	0.03138	0.01866	0.01696	0.02035	0.74221	0.01272	0.02629	0.01866	0.01611	0.01018	0.01187	0.00848	0.00678	0.00594	0.00170	0.01187	0.00424	0.00339	0.00763
13	0.01365	0.01170	0.01365	0.00975	0.01560	0.00878	0.00780	0.01658	0.01365	0.02145	0.01170	0.01365	0.00975	0.00488	0.00488	0.00098	0.00488	0.00390	0.00390	0.80888
14	0.30406	0.01174	0.01332	0.01065	0.01538	0.01146	0.00879	0.02763	0.01617	0.48662	0.02010	0.01831	0.01309	0.00744	0.00573	0.00204	0.00542	0.00555	0.00672	0.00978
15	0.81514	0.01273	0.00968	0.00866	0.01273	0.01477	0.00713	0.01935	0.01120	0.02954	0.00917	0.01069	0.00713	0.00611	0.00407	0.00204	0.00509	0.00356	0.00407	0.00713
16	0.02503	0.01844	0.01976	0.01515	0.02042	0.02042	0.01251	0.70562	0.03095	0.04149	0.01581	0.01581	0.01120	0.00790	0.00659	0.00198	0.00724	0.00593	0.00659	0.01120
17	0.02954	0.01120	0.01528	0.01171	0.01681	0.00968	0.00968	0.03208	0.01884	0.73213	0.02597	0.02241	0.01630	0.00815	0.00662	0.00204	0.00560	0.00662	0.00815	0.01120
18	0.01629	0.01564	0.02672	0.04041	0.72757	0.01564	0.02020	0.02020	0.01499	0.02151	0.01238	0.01629	0.01043	0.00587	0.00652	0.00196	0.00782	0.00587	0.00326	0.01043
19	0.01760	0.77260	0.03450	0.01126	0.01690	0.02605	0.01126	0.01971	0.01338	0.01549	0.00915	0.01056	0.00845	0.00563	0.00422	0.00141	0.00704	0.00352	0.00282	0.00845
20	0.01243	0.01170	0.01975	0.75282	0.04534	0.01463	0.01828	0.01682	0.01316	0.01682	0.01170	0.01755	0.00878	0.00658	0.00658	0.00219	0.00878	0.00585	0.00293	0.00731
21	0.00921	0.00673	0.00866	0.00817	0.00977	0.00617	0.00613	0.01222	0.01839	0.02582	0.68018	0.05012	0.10639	0.01367	0.00777	0.00208	0.00312	0.01204	0.00717	0.00617
22	0.02954	0.01120	0.01528	0.01171	0.01681	0.00968	0.00968	0.03208	0.01884	0.73213	0.02597	0.02241	0.01630	0.00815	0.00662	0.00204	0.00560	0.00662	0.00815	0.01120
23	0.00832	0.00598	0.00812	0.00932	0.00983	0.00588	0.00638	0.00963	0.01213	0.01637	0.03243	0.60729	0.03807	0.05730	0.13517	0.00418	0.00629	0.01633	0.00558	0.00538
24	0.13287	0.02882	0.01743	0.01582	0.01931	0.64258	0.01195	0.02534	0.01764	0.01795	0.01004	0.01171	0.00830	0.00669	0.00568	0.00174	0.01094	0.00415	0.00349	0.00756
25	0.00802	0.00668	0.00700	0.00692	0.00904	0.00566	0.00519	0.00991	0.01557	0.01913	0.16962	0.06114	0.62113	0.01617	0.00778	0.00220	0.00330	0.01358	0.00629	0.00566
26	0.00812	0.00665	0.00717	0.00710	0.00912	0.00569	0.00530	0.01009	0.01571	0.01962	0.20865	0.08406	0.55761	0.01611	0.00780	0.00221	0.00330	0.01363	0.00636	0.00569
27	0.01459	0.01410	0.02468	0.19682	0.39762	0.01465	0.10728	0.01902	0.03552	0.02016	0.01490	0.08314	0.01321	0.00738	0.00687	0.00212	0.00803	0.00729	0.00355	0.00907
28	0.01662	0.01376	0.06637	0.01283	0.01673	0.01342	0.01083	0.02907	0.42732	0.12279	0.11211	0.03048	0.02531	0.00992	0.00698	0.00224	0.00540	0.06158	0.00663	0.00961
29	0.02651	0.01054	0.01407	0.01102	0.01559	0.00913	0.00896	0.02885	0.01802	0.62961	0.02951	0.02726	0.08276	0.04690	0.00807	0.00227	0.00543	0.00745	0.00775	0.01032
30	0.01490	0.03182	0.63220	0.01825	0.02734	0.01602	0.02263	0.11888	0.01634	0.02380	0.01239	0.01417	0.00875	0.00649	0.00630	0.00207	0.00937	0.00502	0.00332	0.00994
31	0.01791	0.01964	0.16322	0.08463	0.22183	0.03708	0.08137	0.13843	0.07676	0.07216	0.01494	0.01696	0.01112	0.00675	0.00660	0.00205	0.00823	0.00599	0.00433	0.00999
32	0.01441	0.05237	0.21342	0.07986	0.12590	0.04020	0.22127	0.01988	0.03691	0.02015	0.01626	0.06575	0.03253	0.00757	0.00693	0.00214	0.00897	0.02314	0.00355	0.00880
33	0.70055	0.01425	0.04779	0.01095	0.01555	0.01497	0.07371	0.01959	0.01174	0.02832	0.00969	0.01152	0.00746	0.00607	0.00453	0.00206	0.00589	0.00403	0.00394	0.00742
34	0.08620	0.03445	0.11438	0.09548	0.05928	0.01152	0.07382	0.01488	0.01308	0.01914	0.02310	0.32066	0.04473	0.01259	0.00787	0.00236	0.04382	0.01107	0.00445	0.00712
35	0.00799	0.00586	0.00750	0.00881	0.00945	0.00538	0.00595	0.00921	0.01295	0.01695	0.04064	0.66398	0.14109	0.02006	0.00831	0.00261	0.00375	0.01802	0.00611	0.00538
36	0.01179	0.01096	0.04544	0.11448	0.07481	0.01088	0.01081	0.01774	0.13356	0.02342	0.33218	0.03590	0.09171	0.01099	0.00795	0.00216	0.04254	0.00938	0.00573	0.00756

[dist]
# distance from previous block
# <min> <max>
4	7

[block]
# block no. 4 follows, 33 sequences, length 74
# corresponding to MSA columns:
# 228-301
name=unknown_E
#
# <colnr> <probs for GDERKNQSTAVLIFYWHMCP>
#	G	D	E	R	K	N	Q	S	T	A	V	L	I	F	Y	W	H	M	C	P
0	0.47005	0.24617	0.01839	0.01053	0.01499	0.11262	0.00911	0.02036	0.01283	0.02352	0.00929	0.01081	0.00771	0.00605	0.00436	0.00180	0.00656	0.00364	0.00360	0.00760
1	0.01076	0.00689	0.01005	0.10512	0.01388	0.00706	0.00761	0.01091	0.01248	0.01681	0.20671	0.03194	0.06671	0.01771	0.01680	0.41234	0.00529	0.03199	0.00435	0.00461
2	0.00919	0.00672	0.00862	0.00815	0.00976	0.00616	0.00611	0.01217	0.01833	0.02567	0.66850	0.05038	0.11817	0.01373	0.00777	0.00208	0.00313	0.01207	0.00715	0.00616
3	0.00957	0.00638	0.00718	0.00718	0.00718	0.00638	0.00399	0.00957	0.00957	0.01276	0.02074	0.04308	0.02393	0.76864	0.03351	0.00638	0.00638	0.00957	0.00399	0.00399
4	0.01320	0.03405	0.73453	0.01876	0.02849	0.01529	0.02432	0.02085	0.01390	0.02085	0.01181	0.01390	0.00834	0.00625	0.00625	0.00208	0.00973	0.00486	0.00278	0.00973
5	0.81514	0.01273	0.00968	0.00866	0.01273	0.01477	0.00713	0.01935	0.01120	0.02954	0.00917	0.01069	0.00713	0.00611	0.00407	0.00204	0.00509	0.00356	0.00407	0.00713
6	0.01637	0.01414	0.01489	0.01340	0.01712	0.01637	0.01042	0.03498	0.71568	0.02754	0.02679	0.02456	0.02010	0.00893	0.00670	0.00223	0.00521	0.00744	0.00670	0.01042
7	0.02503	0.01844	0.01976	0.01515	0.02042	0.02042	0.01251	0.70562	0.03095	0.04149	0.01581	0.01581	0.01120	0.00790	0.00659	0.00198	0.00724	0.00593	0.00659	0.01120
8	0.81514	0.01273	0.00968	0.00866	0.01273	0.01477	0.00713	0.01935	0.01120	0.02954	0.00917	0.01069	0.00713	0.00611	0.00407	0.00204	0.00509	0.00356	0.00407	0.00713
9	0.02503	0.01844	0.01976	0.01515	0.02042	0.02042	0.01251	0.70562	0.03095	0.04149	0.01581	0.01581	0.01120	0.00790	0.00659	0.00198	0.00724	0.00593	0.00659	0.01120
10	0.01637	0.01414	0.01489	0.01340	0.01712	0.01637	0.01042	0.03498	0.71568	0.02754	0.02679	0.02456	0.02010	0.00893	0.00670	0.00223	0.00521	0.00744	0.00670	0.01042
11	0.81514	0.01273	0.00968	0.00866	0.01273	0.01477	0.00713	0.01935	0.01120	0.02954	0.00917	0.01069	0.00713	0.00611	0.00407	0.00204	0.00509	0.00356	0.00407	0.00713
12	0.00778	0.00667	0.00667	0.00667	0.00889	0.00556	0.00500	0.00945	0.01501	0.01778	0.06669	0.06336	0.72490	0.01667	0.00778	0.00222	0.00333	0.01389	0.00611	0.00556
13	0.02503	0.01844	0.01976	0.01515	0.02042	0.02042	0.01251	0.70562	0.03095	0.04149	0.01581	0.01581	0.01120	0.00790	0.00659	0.00198	0.00724	0.00593	0.00659	0.01120
14	0.00787	0.00652	0.00690	0.00714	0.00903	0.00555	0.00523	0.00950	0.01473	0.01792	0.08449	0.17881	0.58919	0.01721	0.00788	0.00229	0.00341	0.01462	0.00615	0.00555
15	0.02954	0.01120	0.01528	0.01171	0.01681	0.00968	0.00968	0.03208	0.01884	0.73213	0.02597	0.02241	0.01630	0.00815	0.00662	0.00204	0.00560	0.00662	0.00815	0.01120
16	0.01162	0.00908	0.01102	0.01139	0.01347	0.00953	0.00924	0.01871	0.21121	0.02209	0.10069	0.12634	0.09012	0.01527	0.00812	0.00262	0.00510	0.31083	0.00636	0.00718
17	0.00859	0.00643	0.00703	0.00725	0.00897	0.00567	0.00530	0.01051	0.01483	0.01949	0.13228	0.18661	0.42895	0.01586	0.00748	0.00220	0.00336	0.01355	0.10997	0.00567
18	0.01227	0.00614	0.00614	0.00614	0.00767	0.00614	0.00460	0.01534	0.01381	0.02454	0.02148	0.02454	0.01687	0.00767	0.00460	0.00153	0.00307	0.00614	0.80518	0.00614
19	0.02459	0.03138	0.01866	0.01696	0.02035	0.74221	0.01272	0.02629	0.01866	0.01611	0.01018	0.01187	0.00848	0.00678	0.00594	0.00170	0.01187	0.00424	0.00339	0.00763
20	0.02896	0.01212	0.01585	0.01215	0.01726	0.01104	0.01004	0.11746	0.02038	0.64458	0.02468	0.02157	0.01565	0.00812	0.00662	0.00203	0.00581	0.00653	0.00795	0.01120
21	0.00815	0.00582	0.00779	0.00932	0.00976	0.00546	0.00634	0.00939	0.01273	0.01695	0.03621	0.72936	0.04325	0.02050	0.00844	0.00269	0.00393	0.05240	0.00611	0.00538
22	0.81514	0.01273	0.00968	0.00866	0.01273	0.01477	0.00713	0.01935	0.01120	0.02954	0.00917	0.01069	0.00713	0.00611	0.00407	0.00204	0.00509	0.00356	0.00407	0.00713
23	0.00941	0.00702	0.01041	0.01041	0.01152	0.00814	0.00801	0.01165	0.01053	0.01515	0.01779	0.02674	0.01684	0.08584	0.70661	0.01037	0.01706	0.00718	0.00355	0.00578
24	0.01618	0.01533	0.02453	0.29685	0.27366	0.03955	0.10525	0.10824	0.01658	0.02215	0.01262	0.01674	0.00980	0.00638	0.00669	0.00207	0.00865	0.00606	0.00358	0.00909
25	0.02606	0.01205	0.01497	0.01171	0.01634	0.01151	0.00960	0.16310	0.03875	0.48542	0.02340	0.02144	0.01546	0.00806	0.00635	0.00196	0.00559	0.00644	0.11126	0.01052
26	0.01417	0.01406	0.01972	0.01697	0.01703	0.01961	0.01412	0.01565	0.01011	0.01582	0.00906	0.01493	0.00900	0.01327	0.05485	0.00324	0.72252	0.00582	0.00291	0.00714
27	0.00778	0.00667	0.00667	0.00667	0.00889	0.00556	0.00500	0.00945	0.01501	0.01778	0.06669	0.06336	0.72490	0.01667	0.00778	0.00222	0.00333	0.01389	0.00611	0.00556
28	0.02503	0.01844	0.01976	0.01515	0.02042	0.02042	0.01251	0.70562	0.03095	0.04149	0.01581	0.01581	0.01120	0.00790	0.00659	0.00198	0.00724	0.00593	0.00659	0.01120
29	0.00802	0.00573	0.00764	0.00917	0.00955	0.00535	0.00611	0.00917	0.01260	0.01681	0.03628	0.76434	0.04354	0.02062	0.00840	0.00267	0.00382	0.01872	0.00611	0.00535
30	0.01365	0.01170	0.01365	0.00975	0.01560	0.00878	0.00780	0.01658	0.01365	0.02145	0.01170	0.01365	0.00975	0.00488	0.00488	0.00098	0.00488	0.00390	0.00390	0.80888
31	0.01792	0.73828	0.03376	0.01153	0.01706	0.05921	0.01133	0.02002	0.01362	0.01552	0.00920	0.01062	0.00845	0.00569	0.00430	0.00142	0.00726	0.00355	0.00284	0.00841
32	0.01760	0.77260	0.03450	0.01126	0.01690	0.02605	0.01126	0.01971	0.01338	0.01549	0.00915	0.01056	0.00845	0.00563	0.00422	0.00141	0.00704	0.00352	0.00282	0.00845
33	0.01637	0.01414	0.01489	0.01340	0.01712	0.01637	0.01042	0.03498	0.71568	0.02754	0.02679	0.02456	0.02010	0.00893	0.00670	0.00223	0.00521	0.00744	0.00670	0.01042
34	0.02517	0.01821	0.01961	0.01504	0.02030	0.02007	0.01242	0.68381	0.03056	0.06386	0.01613	0.01602	0.01136	0.00791	0.00659	0.00198	0.00719	0.00595	0.00664	0.01120
35	0.01642	0.01595	0.03898	0.01489	0.01860	0.16429	0.13068	0.04335	0.04842	0.08650	0.02352	0.22438	0.05785	0.01099	0.00708	0.00210	0.00737	0.00977	0.00501	0.07384
36	0.01320	0.03405	0.73453	0.01876	0.02849	0.01529	0.02432	0.02085	0.01390	0.02085	0.01181	0.01390	0.00834	0.00625	0.00625	0.00208	0.00973	0.00486	0.00278	0.00973
37	0.01629	0.01564	0.02672	0.04041	0.72757	0.01564	0.02020	0.02020	0.01499	0.02151	0.01238	0.01629	0.01043	0.00587	0.00652	0.00196	0.00782	0.00587	0.00326	0.01043
38	0.00801	0.00576	0.00760	0.00908	0.00953	0.00535	0.00607	0.00918	0.01269	0.01684	0.03736	0.73951	0.06768	0.02048	0.00838	0.00266	0.00380	0.01854	0.00611	0.00535
39	0.02787	0.01432	0.01688	0.01304	0.01813	0.03931	0.01072	0.25471	0.02284	0.47815	0.02205	0.01985	0.01433	0.00802	0.00658	0.00200	0.00637	0.00631	0.00746	0.01107
40	0.00814	0.00581	0.00777	0.00930	0.00973	0.00545	0.00631	0.00937	0.01272	0.01694	0.03622	0.73342	0.04329	0.02052	0.00843	0.00269	0.00392	0.04849	0.00611	0.00538
41	0.00802	0.00573	0.00764	0.00917	0.00955	0.00535	0.00611	0.00917	0.01260	0.01681	0.03628	0.76434	0.04354	0.02062	0.00840	0.00267	0.00382	0.01872	0.00611	0.00535
42	0.01393	0.06501	0.58351	0.01849	0.05137	0.01594	0.02177	0.02261	0.10501	0.02149	0.01366	0.01521	0.00994	0.00656	0.00623	0.00207	0.00895	0.00517	0.00331	0.00978
43	0.02435	0.01628	0.01783	0.01381	0.01868	0.01761	0.01136	0.54979	0.02768	0.12946	0.01769	0.01753	0.01242	0.00791	0.00639	0.00194	0.00662	0.00604	0.08592	0.01070
44	0.00802	0.00573	0.00764	0.00917	0.00955	0.00535	0.00611	0.00917	0.01260	0.01681	0.03628	0.76434	0.04354	0.02062	0.00840	0.00267	0.00382	0.01872	0.00611	0.00535
45	0.81514	0.01273	0.00968	0.00866	0.01273	0.01477	0.00713	0.01935	0.01120	0.02954	0.00917	0.01069	0.00713	0.00611	0.00407	0.00204	0.00509	0.00356	0.00407	0.00713
46	0.02954	0.01120	0.01528	0.01171	0.01681	0.00968	0.00968	0.03208	0.01884	0.73213	0.02597	0.02241	0.01630	0.00815	0.00662	0.00204	0.00560	0.00662	0.00815	0.01120
47	0.01293	0.01237	0.04066	0.01325	0.01616	0.01296	0.07162	0.02117	0.25225	0.02305	0.17965	0.03374	0.14266	0.01120	0.00950	0.00229	0.12164	0.00915	0.00569	0.00804
48	0.00887	0.00667	0.00821	0.00792	0.00959	0.00601	0.00590	0.01153	0.01745	0.02381	0.52819	0.08569	0.22679	0.01459	0.00780	0.00214	0.00320	0.01272	0.00691	0.00601
49	0.02336	0.02920	0.01937	0.05186	0.07980	0.64969	0.01359	0.02536	0.01811	0.01659	0.01043	0.01249	0.00865	0.00670	0.00601	0.00174	0.01140	0.00445	0.00336	0.00785
50	0.01543	0.01445	0.02392	0.03491	0.59593	0.01419	0.01808	0.01912	0.01483	0.02124	0.01463	0.04053	0.01329	0.00709	0.00662	0.00197	0.00734	0.05598	0.00360	0.07686
51	0.00932	0.00673	0.00880	0.00828	0.00984	0.00621	0.00621	0.01242	0.01863	0.02640	0.72410	0.04918	0.06212	0.01346	0.00776	0.00207	0.00311	0.01191	0.00725	0.00621
52	0.01609	0.01577	0.02528	0.14797	0.59078	0.04913	0.01956	0.01997	0.01488	0.02054	0.01218	0.01628	0.01009	0.00602	0.00650	0.00198	0.00815	0.00579	0.00321	0.00982
53	0.01365	0.01170	0.01365	0.00975	0.01560	0.00878	0.00780	0.01658	0.01365	0.02145	0.01170	0.01365	0.00975	0.00488	0.00488	0.00098	0.00488	0.00390	0.00390	0.80888
54	0.02954	0.01120	0.01528	0.01171	0.01681	0.00968	0.00968	0.03208	0.01884	0.73213	0.02597	0.02241	0.01630	0.00815	0.00662	0.00204	0.00560	0.00662	0.00815	0.01120
55	0.14573	0.01724	0.01801	0.01400	0.01908	0.01906	0.01156	0.56990	0.02738	0.07151	0.01526	0.01533	0.01081	0.00764	0.00620	0.00199	0.00684	0.00560	0.00627	0.01058
56	0.00778	0.00667	0.00667	0.00667	0.00889	0.00556	0.00500	0.00945	0.01501	0.01778	0.06669	0.06336	0.72490	0.01667	0.00778	0.00222	0.00333	0.01389	0.00611	0.00556
57	0.00925	0.00673	0.00870	0.00821	0.00979	0.00618	0.00616	0.01229	0.01847	0.02600	0.69379	0.04983	0.09268	0.01361	0.00777	0.00208	0.00312	0.01200	0.00719	0.00618
58	0.01760	0.77260	0.03450	0.01126	0.01690	0.02605	0.01126	0.01971	0.01338	0.01549	0.00915	0.01056	0.00845	0.00563	0.00422	0.00141	0.00704	0.00352	0.00282	0.00845
59	0.01400	0.01191	0.01384	0.00992	0.01575	0.00913	0.00795	0.03769	0.01418	0.02207	0.01183	0.01372	0.00980	0.00497	0.00493	0.00101	0.00495	0.00396	0.00398	0.78444
60	0.02129	0.24143	0.10702	0.01547	0.02033	0.42046	0.01366	0.05524	0.01717	0.01766	0.01034	0.01192	0.00858	0.00645	0.00552	0.00167	0.01004	0.00419	0.00330	0.00827
61	0.01554	0.01776	0.03885	0.02775	0.03441	0.01665	0.70366	0.02109	0.01554	0.02109	0.01332	0.01776	0.00999	0.00555	0.00777	0.00222	0.01110	0.00777	0.00333	0.00888
62	0.00940	0.00705	0.01058	0.01058	0.01176	0.00823	0.00823	0.01176	0.01058	0.01528	0.01763	0.02586	0.01646	0.04937	0.74255	0.01058	0.01763	0.00705	0.00353	0.00588
63	0.00932	0.00673	0.00880	0.00828	0.00984	0.00621	0.00621	0.01242	0.01863	0.02640	0.72410	0.04918	0.06212	0.01346	0.00776	0.00207	0.00311	0.01191	0.00725	0.00621
64	0.02459	0.03138	0.01866	0.01696	0.02035	0.74221	0.01272	0.02629	0.01866	0.01611	0.01018	0.01187	0.00848	0.00678	0.00594	0.00170	0.01187	0.00424	0.00339	0.00763
65	0.02954	0.01120	0.01528	0.01171	0.01681	0.00968	0.00968	0.03208	0.01884	0.73213	0.02597	0.02241	0.01630	0.00815	0.00662	0.00204	0.00560	0.00662	0.00815	0.01120
66	0.02921	0.01173	0.01560	0.01196	0.01707	0.01045	0.00988	0.08072	0.01972	0.68225	0.02524	0.02193	0.01593	0.00813	0.00662	0.00203	0.00572	0.00657	0.00804	0.01120
67	0.01581	0.01549	0.02743	0.11141	0.57701	0.01566	0.10003	0.01996	0.01487	0.02098	0.01242	0.01659	0.01021	0.00590	0.00667	0.00201	0.00830	0.00609	0.00323	0.00993
68	0.01729	0.01499	0.02378	0.11645	0.49593	0.01553	0.01806	0.09370	0.03819	0.05926	0.01443	0.01858	0.01169	0.00672	0.00662	0.00203	0.00763	0.02505	0.00401	0.01007
69	0.02693	0.01113	0.01445	0.01127	0.01591	0.01009	0.00925	0.08448	0.01917	0.58433	0.02456	0.02215	0.01596	0.00807	0.00636	0.00197	0.00541	0.00650	0.11148	0.01055
70	0.01526	0.00757	0.00817	0.00742	0.00964	0.00751	0.00575	0.06252	0.01555	0.11392	0.02167	0.02371	0.01643	0.00774	0.00498	0.00163	0.00366	0.00618	0.65359	0.00710
71	0.05368	0.26312	0.27862	0.01830	0.10230	0.07536	0.04778	0.02130	0.01441	0.05220	0.01151	0.01337	0.00901	0.00610	0.00560	0.00183	0.00848	0.00465	0.00323	0.00915
72	0.01561	0.20171	0.24845	0.01564	0.06208	0.03733	0.01507	0.08127	0.04832	0.04560	0.01717	0.15074	0.01599	0.00905	0.00623	0.00201	0.00738	0.00738	0.00415	0.00882
73	0.00958	0.00636	0.00872	0.00972	0.01056	0.00619	0.00693	0.01112	0.01276	0.05588	0.03255	0.56028	0.03723	0.02455	0.12978	0.00397	0.00634	0.05590	0.00579	0.00580

[dist]
# distance from previous block
# <min> <max>
1	11

[block]
# block no. 5 follows, 33 sequences, length 58
# corresponding to MSA columns:
# 313-370
name=unknown_F
#
# <colnr> <probs for GDERKNQSTAVLIFYWHMCP>
#	G	D	E	R	K	N	Q	S	T	A	V	L	I	F	Y	W	H	M	C	P
0	0.39313	0.12091	0.08067	0.03444	0.03501	0.06224	0.01058	0.03769	0.05172	0.04687	0.03936	0.01577	0.03418	0.00698	0.00509	0.00195	0.00634	0.00486	0.00420	0.00799
1	0.16343	0.01442	0.07569	0.01256	0.05351	0.07220	0.01008	0.08327	0.01727	0.08751	0.20726	0.02899	0.10276	0.00959	0.00643	0.00200	0.00573	0.00771	0.00551	0.03407
2	0.01359	0.01306	0.02115	0.39242	0.20970	0.03378	0.06018	0.01801	0.03481	0.01881	0.03691	0.02064	0.04150	0.00937	0.04663	0.00258	0.00874	0.00657	0.00346	0.00811
3	0.64209	0.01239	0.01091	0.00933	0.01363	0.01365	0.00769	0.02216	0.01289	0.18430	0.01287	0.01327	0.00915	0.00656	0.00463	0.00204	0.00520	0.00424	0.00497	0.00803
4	0.00879	0.00674	0.00807	0.00783	0.00964	0.00602	0.00594	0.01135	0.01712	0.02287	0.44759	0.05557	0.31092	0.01487	0.00783	0.00217	0.00332	0.04063	0.00677	0.00596
5	0.00957	0.00638	0.00718	0.00718	0.00718	0.00638	0.00399	0.00957	0.00957	0.01276	0.02074	0.04308	0.02393	0.76864	0.03351	0.00638	0.00638	0.00957	0.00399	0.00399
6	0.02929	0.01160	0.01552	0.01190	0.01700	0.01026	0.00983	0.06862	0.01950	0.69467	0.02542	0.02205	0.01602	0.00813	0.00662	0.00203	0.00569	0.00658	0.00806	0.01120
7	0.01760	0.77260	0.03450	0.01126	0.01690	0.02605	0.01126	0.01971	0.01338	0.01549	0.00915	0.01056	0.00845	0.00563	0.00422	0.00141	0.00704	0.00352	0.00282	0.00845
8	0.01554	0.01776	0.03885	0.02775	0.03441	0.01665	0.70366	0.02109	0.01554	0.02109	0.01332	0.01776	0.00999	0.00555	0.00777	0.00222	0.01110	0.00777	0.00333	0.00888
9	0.00957	0.00638	0.00718	0.00718	0.00718	0.00638	0.00399	0.00957	0.00957	0.01276	0.02074	0.04308	0.02393	0.76864	0.03351	0.00638	0.00638	0.00957	0.00399	0.00399
10	0.01320	0.03405	0.73453	0.01876	0.02849	0.01529	0.02432	0.02085	0.01390	0.02085	0.01181	0.01390	0.00834	0.00625	0.00625	0.00208	0.00973	0.00486	0.00278	0.00973
11	0.02459	0.03138	0.01866	0.01696	0.02035	0.74221	0.01272	0.02629	0.01866	0.01611	0.01018	0.01187	0.00848	0.00678	0.00594	0.00170	0.01187	0.00424	0.00339	0.00763
12	0.01376	0.12701	0.64642	0.01782	0.02703	0.01664	0.02268	0.02071	0.01383	0.02017	0.01148	0.01348	0.00835	0.00618	0.00600	0.00200	0.00939	0.00470	0.00278	0.00957
13	0.02843	0.01183	0.01583	0.01223	0.01706	0.01092	0.01011	0.07375	0.01913	0.64965	0.02439	0.02156	0.01556	0.00832	0.00743	0.00208	0.04644	0.00653	0.00776	0.01099
14	0.02459	0.03138	0.01866	0.01696	0.02035	0.74221	0.01272	0.02629	0.01866	0.01611	0.01018	0.01187	0.00848	0.00678	0.00594	0.00170	0.01187	0.00424	0.00339	0.00763
15	0.01144	0.00572	0.00858	0.00858	0.00858	0.00572	0.00572	0.00858	0.00858	0.01144	0.01144	0.02001	0.01144	0.02287	0.02573	0.80846	0.00572	0.00572	0.00286	0.00286
16	0.01431	0.01416	0.05999	0.39543	0.26370	0.01466	0.01815	0.01935	0.05190	0.04033	0.01487	0.01889	0.03236	0.00682	0.00659	0.00211	0.00806	0.00616	0.00348	0.00869
17	0.01036	0.00692	0.00823	0.00774	0.00973	0.00620	0.00586	0.01295	0.01696	0.06684	0.39317	0.04968	0.27269	0.01360	0.00738	0.00206	0.00333	0.01165	0.08834	0.00630
18	0.01440	0.01440	0.02016	0.01728	0.01728	0.02016	0.01440	0.01584	0.01008	0.01584	0.00864	0.01440	0.00864	0.01152	0.02160	0.00288	0.75659	0.00576	0.00288	0.00720
19	0.00943	0.00697	0.01016	0.01016	0.01119	0.00800	0.00771	0.01149	0.01046	0.01497	0.01802	0.02798	0.01738	0.13792	0.65526	0.01006	0.01625	0.00736	0.00358	0.00565
20	0.03902	0.05485	0.33950	0.05966	0.02834	0.09954	0.19185	0.04195	0.01543	0.05044	0.01253	0.01503	0.00918	0.00626	0.00650	0.00205	0.00979	0.00559	0.00337	0.00912
21	0.11843	0.01454	0.01464	0.01291	0.01683	0.03723	0.01015	0.07117	0.52569	0.07027	0.02341	0.02181	0.01739	0.00841	0.00633	0.00217	0.00553	0.00672	0.00635	0.01002
22	0.01637	0.01414	0.01489	0.01340	0.01712	0.01637	0.01042	0.03498	0.71568	0.02754	0.02679	0.02456	0.02010	0.00893	0.00670	0.00223	0.00521	0.00744	0.00670	0.01042
23	0.81514	0.01273	0.00968	0.00866	0.01273	0.01477	0.00713	0.01935	0.01120	0.02954	0.00917	0.01069	0.00713	0.00611	0.00407	0.00204	0.00509	0.00356	0.00407	0.00713
24	0.01365	0.01170	0.01365	0.00975	0.01560	0.00878	0.00780	0.01658	0.01365	0.02145	0.01170	0.01365	0.00975	0.00488	0.00488	0.00098	0.00488	0.00390	0.00390	0.80888
25	0.01320	0.03405	0.73453	0.01876	0.02849	0.01529	0.02432	0.02085	0.01390	0.02085	0.01181	0.01390	0.00834	0.00625	0.00625	0.00208	0.00973	0.00486	0.00278	0.00973
26	0.00784	0.00667	0.00675	0.00673	0.00893	0.00558	0.00505	0.00956	0.01514	0.01810	0.09080	0.06284	0.70060	0.01655	0.00778	0.00222	0.00333	0.01382	0.00615	0.00558
27	0.01238	0.00747	0.01083	0.01033	0.01188	0.00809	0.00793	0.01417	0.01149	0.11440	0.01850	0.02611	0.01655	0.09185	0.53172	0.07466	0.01419	0.00706	0.00415	0.00624
28	0.01499	0.06719	0.02497	0.09262	0.33047	0.01655	0.09158	0.01871	0.03261	0.01933	0.01358	0.07020	0.01240	0.00815	0.00962	0.00221	0.15568	0.00686	0.00343	0.00884
29	0.01554	0.01776	0.03885	0.02775	0.03441	0.01665	0.70366	0.02109	0.01554	0.02109	0.01332	0.01776	0.00999	0.00555	0.00777	0.00222	0.01110	0.00777	0.00333	0.00888
30	0.01076	0.00821	0.01028	0.01115	0.01266	0.00853	0.00867	0.01636	0.16531	0.02017	0.03372	0.35513	0.03644	0.01722	0.00828	0.00271	0.00493	0.25656	0.00622	0.00670
31	0.15160	0.23194	0.04079	0.04192	0.13576	0.26016	0.01309	0.02186	0.01505	0.01919	0.01018	0.01228	0.00857	0.00618	0.00527	0.00174	0.00858	0.00426	0.00329	0.00828
32	0.76274	0.03900	0.01086	0.00902	0.01302	0.01533	0.00750	0.01926	0.01124	0.02863	0.00915	0.01080	0.00722	0.00626	0.00462	0.00204	0.02851	0.00363	0.00399	0.00718
33	0.01747	0.01987	0.08378	0.16997	0.23744	0.18094	0.03655	0.06725	0.01616	0.02045	0.01209	0.01554	0.00966	0.00675	0.00716	0.00200	0.04937	0.00547	0.03330	0.00879
34	0.00830	0.00662	0.00746	0.00755	0.00938	0.00578	0.00564	0.01033	0.01567	0.01993	0.22857	0.13599	0.45787	0.01634	0.00789	0.00226	0.00343	0.03887	0.00640	0.00572
35	0.05871	0.60112	0.03169	0.01283	0.01819	0.10727	0.05497	0.02054	0.01401	0.01663	0.00953	0.01117	0.00848	0.00578	0.00464	0.00152	0.00775	0.00387	0.00298	0.00831
36	0.18341	0.01023	0.01202	0.01012	0.01388	0.00990	0.00818	0.02394	0.03655	0.35874	0.12485	0.04775	0.02291	0.00924	0.00625	0.00206	0.00488	0.03317	0.07311	0.00883
37	0.00951	0.00637	0.00725	0.00728	0.00735	0.00634	0.00413	0.00965	0.00996	0.01333	0.04347	0.06816	0.02582	0.71900	0.03183	0.00612	0.00619	0.00996	0.00417	0.00411
38	0.00801	0.00668	0.00698	0.00690	0.00903	0.00565	0.00518	0.00988	0.01554	0.01904	0.16272	0.06128	0.62808	0.01620	0.00778	0.00220	0.00330	0.01360	0.00628	0.00565
39	0.02795	0.01190	0.01548	0.01207	0.01703	0.01094	0.00991	0.06891	0.09060	0.62278	0.02550	0.02227	0.01641	0.00821	0.00663	0.00205	0.00565	0.00667	0.00792	0.01112
40	0.81514	0.01273	0.00968	0.00866	0.01273	0.01477	0.00713	0.01935	0.01120	0.02954	0.00917	0.01069	0.00713	0.00611	0.00407	0.00204	0.00509	0.00356	0.00407	0.00713
41	0.01227	0.00614	0.00614	0.00614	0.00767	0.00614	0.00460	0.01534	0.01381	0.02454	0.02148	0.02454	0.01687	0.00767	0.00460	0.00153	0.00307	0.00614	0.80518	0.00614
42	0.81514	0.01273	0.00968	0.00866	0.01273	0.01477	0.00713	0.01935	0.01120	0.02954	0.00917	0.01069	0.00713	0.00611	0.00407	0.00204	0.00509	0.00356	0.00407	0.00713
43	0.01637	0.01414	0.01489	0.01340	0.01712	0.01637	0.01042	0.03498	0.71568	0.02754	0.02679	0.02456	0.02010	0.00893	0.00670	0.00223	0.00521	0.00744	0.00670	0.01042
44	0.81514	0.01273	0.00968	0.00866	0.01273	0.01477	0.00713	0.01935	0.01120	0.02954	0.00917	0.01069	0.00713	0.00611	0.00407	0.00204	0.00509	0.00356	0.00407	0.00713
45	0.81514	0.01273	0.00968	0.00866	0.01273	0.01477	0.00713	0.01935	0.01120	0.02954	0.00917	0.01069	0.00713	0.00611	0.00407	0.00204	0.00509	0.00356	0.00407	0.00713
46	0.01637	0.01414	0.01489	0.01340	0.01712	0.01637	0.01042	0.03498	0.71568	0.02754	0.02679	0.02456	0.02010	0.00893	0.00670	0.00223	0.00521	0.00744	0.00670	0.01042
47	0.00807	0.00676	0.00707	0.00723	0.00938	0.00576	0.00557	0.00988	0.01502	0.01798	0.06344	0.06447	0.65481	0.01683	0.00791	0.00231	0.00361	0.08219	0.00611	0.00561
48	0.09018	0.01453	0.01598	0.01307	0.01763	0.01569	0.01056	0.22986	0.27473	0.21381	0.02186	0.02026	0.01540	0.00819	0.00642	0.00209	0.00590	0.00646	0.00682	0.01057
49	0.81514	0.01273	0.00968	0.00866	0.01273	0.01477	0.00713	0.01935	0.01120	0.02954	0.00917	0.01069	0.00713	0.00611	0.00407	0.00204	0.00509	0.00356	0.00407	0.00713
50	0.00932	0.00673	0.00880	0.00828	0.00984	0.00621	0.00621	0.01242	0.01863	0.02640	0.72410	0.04918	0.06212	0.01346	0.00776	0.00207	0.00311	0.01191	0.00725	0.00621
51	0.05638	0.01581	0.01771	0.01366	0.01873	0.01674	0.01127	0.46796	0.02626	0.23696	0.01860	0.01774	0.01265	0.00790	0.00644	0.00198	0.00658	0.00604	0.02971	0.01090
52	0.01545	0.01408	0.02383	0.28991	0.46020	0.01505	0.01912	0.01947	0.01450	0.04723	0.01267	0.01697	0.01007	0.00621	0.00654	0.00204	0.00807	0.00589	0.00333	0.00936
53	0.00945	0.00686	0.00962	0.00962	0.01046	0.00771	0.00703	0.01114	0.01030	0.01457	0.01851	0.03072	0.01857	0.25242	0.54239	0.00940	0.01446	0.00776	0.00366	0.00534
54	0.00802	0.00573	0.00764	0.00917	0.00955	0.00535	0.00611	0.00917	0.01260	0.01681	0.03628	0.76434	0.04354	0.02062	0.00840	0.00267	0.00382	0.01872	0.00611	0.00535
55	0.01598	0.01539	0.02588	0.06493	0.63922	0.01600	0.01962	0.01969	0.01449	0.02083	0.01203	0.01617	0.01021	0.00639	0.00786	0.00205	0.07418	0.00586	0.00321	0.01003
56	0.03957	0.05831	0.59636	0.03888	0.02727	0.01615	0.02199	0.08706	0.01543	0.02281	0.01202	0.01397	0.00860	0.00640	0.00615	0.00205	0.00922	0.00491	0.00319	0.00967
57	0.01534	0.01412	0.02262	0.21395	0.37958	0.03546	0.04591	0.04059	0.01561	0.03914	0.08026	0.02126	0.01568	0.00721	0.00676	0.00206	0.00775	0.02381	0.00386	0.00903

[dist]
# distance from previous block
# <min> <max>
2	6

[block]
# block no. 6 follows, 33 sequences, length 106
# corresponding to MSA columns:
# 377-482
name=unknown_G
#
# <colnr> <probs for GDERKNQSTAVLIFYWHMCP>
#	G	D	E	R	K	N	Q	S	T	A	V	L	I	F	Y	W	H	M	C	P
0	0.01190	0.00784	0.00931	0.00822	0.01084	0.00686	0.00624	0.01472	0.01528	0.05022	0.23304	0.11068	0.03169	0.01017	0.00612	0.00170	0.00370	0.00873	0.24804	0.20469
1	0.01351	0.01274	0.01882	0.12600	0.12736	0.01606	0.01433	0.01689	0.05435	0.01754	0.01353	0.06196	0.01269	0.01509	0.10602	0.00356	0.35163	0.00683	0.00345	0.00762
2	0.01034	0.00791	0.00962	0.00898	0.01093	0.00779	0.00680	0.01581	0.12964	0.02597	0.56640	0.04625	0.10219	0.01296	0.00760	0.00211	0.00346	0.01133	0.00708	0.00684
3	0.00912	0.00672	0.00853	0.00808	0.00972	0.00613	0.00606	0.01205	0.01818	0.02531	0.64119	0.05096	0.14571	0.01386	0.00777	0.00209	0.00313	0.01216	0.00710	0.00613
4	0.00802	0.00573	0.00764	0.00917	0.00955	0.00535	0.00611	0.00917	0.01260	0.01681	0.03628	0.76434	0.04354	0.02062	0.00840	0.00267	0.00382	0.01872	0.00611	0.00535
5	0.06489	0.01127	0.01503	0.01158	0.01662	0.00991	0.00956	0.03151	0.01850	0.70052	0.02522	0.02188	0.01588	0.00806	0.00651	0.00204	0.00558	0.00648	0.00796	0.01102
6	0.01760	0.77260	0.03450	0.01126	0.01690	0.02605	0.01126	0.01971	0.01338	0.01549	0.00915	0.01056	0.00845	0.00563	0.00422	0.00141	0.00704	0.00352	0.00282	0.00845
7	0.01365	0.01170	0.01365	0.00975	0.01560	0.00878	0.00780	0.01658	0.01365	0.02145	0.01170	0.01365	0.00975	0.00488	0.00488	0.00098	0.00488	0.00390	0.00390	0.80888
8	0.01554	0.01776	0.03885	0.02775	0.03441	0.01665	0.70366	0.02109	0.01554	0.02109	0.01332	0.01776	0.00999	0.00555	0.00777	0.00222	0.01110	0.00777	0.00333	0.00888
9	0.81514	0.01273	0.00968	0.00866	0.01273	0.01477	0.00713	0.01935	0.01120	0.02954	0.00917	0.01069	0.00713	0.00611	0.00407	0.00204	0.00509	0.00356	0.00407	0.00713
10	0.02503	0.01844	0.01976	0.01515	0.02042	0.02042	0.01251	0.70562	0.03095	0.04149	0.01581	0.01581	0.01120	0.00790	0.00659	0.00198	0.00724	0.00593	0.00659	0.01120
11	0.81514	0.01273	0.00968	0.00866	0.01273	0.01477	0.00713	0.01935	0.01120	0.02954	0.00917	0.01069	0.00713	0.00611	0.00407	0.00204	0.00509	0.00356	0.00407	0.00713
