[name]
unknown

[dist]
# distance from previous block
# <min> <max>
0	28

[block]
# block no. 0 follows, 34 sequences, length 63
# corresponding to MSA columns:
# 28-90
name=unknown_A
#
# <colnr> <probs for GDERKNQSTAVLIFYWHMCP>
#	G	D	E	R	K	N	Q	S	T	A	V	L	I	F	Y	W	H	M	C	P
0	0.09948	0.01016	0.01179	0.07920	0.01578	0.03881	0.00898	0.01889	0.11474	0.10639	0.17667	0.11013	0.04758	0.01407	0.06021	0.00279	0.00603	0.06517	0.00576	0.00737
1	0.01613	0.36600	0.10339	0.01352	0.01871	0.04699	0.08525	0.05738	0.01546	0.04752	0.08763	0.02132	0.05172	0.00769	0.00574	0.00178	0.00714	0.03440	0.00398	0.00823
2	0.06463	0.01931	0.01831	0.01662	0.06663	0.24148	0.06171	0.19438	0.07735	0.04484	0.03058	0.07370	0.01433	0.00977	0.03548	0.00228	0.00856	0.00657	0.00482	0.00866
3	0.33564	0.07138	0.01362	0.01027	0.01421	0.04292	0.00840	0.12025	0.07311	0.02748	0.11695	0.02003	0.04509	0.00782	0.00537	0.00188	0.00536	0.00576	0.00496	0.06949
4	0.01706	0.01503	0.01517	0.01326	0.04718	0.12433	0.00995	0.13135	0.08997	0.05479	0.15592	0.02196	0.02107	0.00805	0.00674	0.00172	0.03564	0.00638	0.00521	0.21920
5	0.05436	0.00774	0.00889	0.04049	0.01163	0.03573	0.00685	0.01193	0.03976	0.01872	0.12666	0.48045	0.06877	0.04635	0.00863	0.00256	0.00437	0.01458	0.00574	0.00577
6	0.05201	0.07608	0.02927	0.02279	0.08055	0.25413	0.35055	0.02212	0.01587	0.01909	0.01153	0.01464	0.00913	0.00589	0.00654	0.00193	0.01036	0.00588	0.00328	0.00833
7	0.04790	0.26629	0.02717	0.02326	0.28109	0.06062	0.04954	0.11558	0.01634	0.02174	0.01130	0.01366	0.00941	0.00613	0.00594	0.00177	0.02451	0.00493	0.00354	0.00928
8	0.01407	0.08061	0.42795	0.01956	0.02705	0.01651	0.18302	0.02083	0.05309	0.02013	0.01234	0.01492	0.00924	0.00647	0.00752	0.00210	0.06684	0.00556	0.00308	0.00911
9	0.00787	0.00562	0.00750	0.00900	0.00937	0.00525	0.00600	0.00900	0.01237	0.01649	0.03561	0.76871	0.04274	0.02024	0.00825	0.00262	0.00375	0.01837	0.00600	0.00525
10	0.00832	0.00604	0.00791	0.00928	0.00984	0.00579	0.00635	0.01023	0.04217	0.01705	0.03517	0.71016	0.04155	0.01967	0.00820	0.00262	0.00389	0.04425	0.00602	0.00548
11	0.01569	0.17989	0.46983	0.01683	0.02487	0.01665	0.06910	0.02142	0.01417	0.09534	0.01265	0.01414	0.00915	0.00616	0.00588	0.00192	0.00868	0.00490	0.00333	0.00939
12	0.01296	0.03342	0.73944	0.01842	0.02797	0.01501	0.02387	0.02046	0.01364	0.02046	0.01160	0.01364	0.00818	0.00614	0.00614	0.00205	0.00955	0.00477	0.00273	0.00955
13	0.01644	0.01922	0.03548	0.02582	0.03192	0.11403	0.61600	0.02138	0.01566	0.02004	0.01266	0.01666	0.00961	0.00561	0.00738	0.00211	0.01099	0.00716	0.00328	0.00855
14	0.01525	0.01459	0.02488	0.18085	0.59726	0.01516	0.01946	0.01918	0.01436	0.02020	0.01202	0.01623	0.00992	0.00590	0.00641	0.00197	0.00786	0.00575	0.00313	0.00963
15	0.01525	0.01743	0.03813	0.02723	0.03377	0.01634	0.70915	0.02070	0.01525	0.02070	0.01307	0.01743	0.00980	0.00545	0.00763	0.00218	0.01089	0.00763	0.00327	0.00871
16	0.01296	0.03342	0.73944	0.01842	0.02797	0.01501	0.02387	0.02046	0.01364	0.02046	0.01160	0.01364	0.00818	0.00614	0.00614	0.00205	0.00955	0.00477	0.00273	0.00955
17	0.00764	0.00655	0.00655	0.00655	0.00873	0.00545	0.00491	0.00927	0.01473	0.01745	0.06546	0.06218	0.73000	0.01636	0.00764	0.00218	0.00327	0.01364	0.00600	0.00545
18	0.00926	0.00681	0.00980	0.00980	0.01075	0.00776	0.00735	0.01116	0.01021	0.01457	0.01784	0.02835	0.01744	0.17569	0.62185	0.00966	0.01537	0.00736	0.00354	0.00544
19	0.01296	0.03342	0.73944	0.01842	0.02797	0.01501	0.02387	0.02046	0.01364	0.02046	0.01160	0.01364	0.00818	0.00614	0.00614	0.00205	0.00955	0.00477	0.00273	0.00955
20	0.02747	0.01066	0.01451	0.01124	0.01597	0.00924	0.00924	0.03001	0.01848	0.68276	0.07925	0.02400	0.01943	0.00840	0.00658	0.00200	0.00531	0.00689	0.00793	0.01062
21	0.00940	0.00626	0.00705	0.00705	0.00705	0.00626	0.00392	0.00940	0.00940	0.01253	0.02036	0.04228	0.02349	0.77292	0.03289	0.00626	0.00626	0.00940	0.00392	0.00392
22	0.02449	0.01872	0.01873	0.01472	0.01962	0.09608	0.01200	0.55707	0.05828	0.09068	0.01616	0.01597	0.01147	0.00770	0.00640	0.00193	0.00738	0.00576	0.00625	0.01059
23	0.00797	0.00570	0.00758	0.00893	0.00939	0.00531	0.00601	0.00924	0.01282	0.01721	0.08860	0.71367	0.04413	0.01971	0.00820	0.00258	0.00370	0.01786	0.00608	0.00531
24	0.00940	0.00626	0.00705	0.00705	0.00705	0.00626	0.00392	0.00940	0.00940	0.01253	0.02036	0.04228	0.02349	0.77292	0.03289	0.00626	0.00626	0.00940	0.00392	0.00392
25	0.01727	0.77681	0.03386	0.01106	0.01658	0.02557	0.01106	0.01935	0.01313	0.01520	0.00898	0.01036	0.00829	0.00553	0.00415	0.00138	0.00691	0.00345	0.00276	0.00829
26	0.01022	0.00730	0.01019	0.01168	0.01308	0.00727	0.01007	0.01305	0.01468	0.01912	0.03432	0.12604	0.03761	0.01803	0.00887	0.00295	0.00578	0.63789	0.00595	0.00590
27	0.02384	0.06330	0.01899	0.01640	0.01983	0.71555	0.01242	0.02552	0.01808	0.01579	0.00994	0.01160	0.00832	0.00661	0.00575	0.00165	0.01145	0.00413	0.00330	0.00753
28	0.02331	0.03007	0.07348	0.01665	0.02059	0.63796	0.01334	0.07545	0.01884	0.01799	0.01051	0.01209	0.00851	0.00670	0.00590	0.00171	0.01116	0.00433	0.00351	0.00790
29	0.01727	0.77681	0.03386	0.01106	0.01658	0.02557	0.01106	0.01935	0.01313	0.01520	0.00898	0.01036	0.00829	0.00553	0.00415	0.00138	0.00691	0.00345	0.00276	0.00829
30	0.81856	0.01250	0.00950	0.00850	0.01250	0.01449	0.00700	0.01899	0.01100	0.02899	0.00900	0.01050	0.00700	0.00600	0.00400	0.00200	0.00500	0.00350	0.00400	0.00700
31	0.00944	0.00705	0.00987	0.01057	0.03832	0.00771	0.00723	0.01097	0.01060	0.01484	0.02073	0.15261	0.02211	0.23603	0.38451	0.00746	0.03116	0.00941	0.00398	0.00539
32	0.00801	0.00573	0.00762	0.00890	0.00940	0.00534	0.00601	0.00934	0.01301	0.01751	0.11046	0.69096	0.04470	0.01948	0.00818	0.00256	0.00367	0.01765	0.00612	0.00534
33	0.01727	0.77681	0.03386	0.01106	0.01658	0.02557	0.01106	0.01935	0.01313	0.01520	0.00898	0.01036	0.00829	0.00553	0.00415	0.00138	0.00691	0.00345	0.00276	0.00829
34	0.00926	0.00679	0.00970	0.00970	0.01061	0.00770	0.00722	0.01110	0.01018	0.01449	0.01794	0.02886	0.01766	0.19763	0.60021	0.00954	0.01503	0.00743	0.00355	0.00539
35	0.01414	0.01414	0.01979	0.01696	0.01696	0.01979	0.01414	0.01555	0.00990	0.01555	0.00848	0.01414	0.00848	0.01131	0.02120	0.00283	0.76110	0.00565	0.00283	0.00707
36	0.01296	0.03342	0.73944	0.01842	0.02797	0.01501	0.02387	0.02046	0.01364	0.02046	0.01160	0.01364	0.00818	0.00614	0.00614	0.00205	0.00955	0.00477	0.00273	0.00955
37	0.00837	0.00585	0.00742	0.00839	0.00871	0.00558	0.00540	0.00925	0.01177	0.01575	0.06140	0.52656	0.03795	0.23832	0.01537	0.00365	0.00445	0.01547	0.00544	0.00490
38	0.01599	0.01535	0.02623	0.03966	0.73262	0.01535	0.01983	0.01983	0.01471	0.02111	0.01215	0.01599	0.01023	0.00576	0.00640	0.00192	0.00768	0.00576	0.00320	0.01023
39	0.00914	0.00660	0.00864	0.00813	0.00965	0.00610	0.00610	0.01219	0.01829	0.02591	0.72921	0.04827	0.06097	0.01321	0.00762	0.00203	0.00305	0.01169	0.00711	0.00610
40	0.02899	0.01100	0.01499	0.01150	0.01649	0.00950	0.00950	0.03149	0.01849	0.73709	0.02549	0.02199	0.01599	0.00800	0.00650	0.00200	0.00550	0.00650	0.00800	0.01100
41	0.01212	0.00739	0.00981	0.01036	0.01184	0.00715	0.00805	0.01461	0.03859	0.11383	0.03164	0.29416	0.03402	0.10424	0.01106	0.00308	0.00516	0.27057	0.00603	0.00630
42	0.01286	0.01216	0.02058	0.63196	0.16476	0.01453	0.01827	0.01709	0.01323	0.01731	0.01160	0.01701	0.00890	0.00634	0.00645	0.00211	0.00845	0.00574	0.00293	0.00771
43	0.02899	0.01100	0.01499	0.01150	0.01649	0.00950	0.00950	0.03149	0.01849	0.73709	0.02549	0.02199	0.01599	0.00800	0.00650	0.00200	0.00550	0.00650	0.00800	0.01100
44	0.00787	0.00562	0.00750	0.00900	0.00937	0.00525	0.00600	0.00900	0.01237	0.01649	0.03561	0.76871	0.04274	0.02024	0.00825	0.00262	0.00375	0.01837	0.00600	0.00525
45	0.81856	0.01250	0.00950	0.00850	0.01250	0.01449	0.00700	0.01899	0.01100	0.02899	0.00900	0.01050	0.00700	0.00600	0.00400	0.00200	0.00500	0.00350	0.00400	0.00700
46	0.00940	0.00626	0.00705	0.00705	0.00705	0.00626	0.00392	0.00940	0.00940	0.01253	0.02036	0.04228	0.02349	0.77292	0.03289	0.00626	0.00626	0.00940	0.00392	0.00392
47	0.01630	0.30485	0.27087	0.01557	0.02210	0.10065	0.06575	0.02213	0.08903	0.01871	0.01211	0.01359	0.00958	0.00620	0.00552	0.00178	0.00843	0.00469	0.00325	0.00887
48	0.00866	0.00620	0.00820	0.00953	0.01017	0.00594	0.00673	0.02924	0.01319	0.01753	0.03487	0.66029	0.04115	0.01959	0.00828	0.00265	0.00412	0.10216	0.00600	0.00550
49	0.01793	0.19200	0.07221	0.01216	0.01794	0.01639	0.01102	0.22261	0.01849	0.04269	0.01244	0.01354	0.00975	0.00601	0.00527	0.00145	0.00632	0.00446	0.00438	0.31295
50	0.01641	0.01605	0.02518	0.03703	0.65694	0.05217	0.01893	0.02094	0.05422	0.02117	0.01283	0.01623	0.01067	0.00597	0.00638	0.00192	0.00773	0.00576	0.00339	0.01010
51	0.06930	0.01477	0.05280	0.26611	0.16075	0.01476	0.20696	0.02029	0.03250	0.07946	0.01342	0.01704	0.01001	0.00620	0.00660	0.00209	0.00852	0.00618	0.00363	0.00863
52	0.01521	0.17658	0.44111	0.10018	0.02654	0.01698	0.01927	0.05512	0.01457	0.05989	0.01203	0.01396	0.00883	0.00624	0.00582	0.00192	0.00857	0.00477	0.00323	0.00918
53	0.00812	0.00641	0.00732	0.00742	0.00911	0.00561	0.00544	0.01008	0.01537	0.01976	0.25385	0.17731	0.41909	0.01610	0.00773	0.00221	0.00329	0.01387	0.00632	0.00561
54	0.00786	0.00567	0.00745	0.00887	0.00934	0.00526	0.00594	0.00901	0.01249	0.01654	0.03711	0.73319	0.07728	0.02005	0.00822	0.00260	0.00372	0.01813	0.00600	0.00526
55	0.01555	0.45746	0.23969	0.07183	0.06194	0.02104	0.01584	0.01949	0.01335	0.01718	0.01012	0.01217	0.00839	0.00579	0.00503	0.00167	0.00786	0.00415	0.00279	0.00868
56	0.00789	0.00602	0.00739	0.00829	0.00931	0.00552	0.00579	0.00927	0.01301	0.01670	0.04415	0.48177	0.26788	0.02099	0.06125	0.00304	0.00457	0.01598	0.00582	0.00535
57	0.00779	0.00637	0.00689	0.00728	0.00903	0.00548	0.00534	0.00936	0.01421	0.01731	0.05769	0.22042	0.55220	0.01728	0.00782	0.00231	0.00347	0.03833	0.00600	0.00543
58	0.01718	0.55453	0.16742	0.01306	0.01913	0.10072	0.01367	0.02025	0.01378	0.01628	0.00959	0.01113	0.00827	0.00577	0.00471	0.00154	0.00792	0.00378	0.00282	0.00845
59	0.01499	0.07686	0.15704	0.10379	0.31847	0.01620	0.18029	0.01977	0.01434	0.01998	0.01196	0.01560	0.00945	0.00581	0.00647	0.00199	0.00880	0.00584	0.00306	0.00930
60	0.00958	0.00744	0.01106	0.01086	0.01193	0.00892	0.00851	0.01183	0.01035	0.01504	0.01667	0.02458	0.01560	0.04579	0.69518	0.00984	0.07072	0.00683	0.00342	0.00586
61	0.01768	0.73456	0.03305	0.01127	0.01678	0.02526	0.01112	0.05787	0.01409	0.01662	0.00935	0.01065	0.00844	0.00565	0.00428	0.00141	0.00692	0.00359	0.00297	0.00844
62	0.01750	0.04415	0.01875	0.30616	0.08260	0.07742	0.01417	0.09506	0.11581	0.10958	0.04373	0.01898	0.01347	0.00730	0.00638	0.00202	0.00748	0.00607	0.00463	0.00874

[dist]
# distance from previous block
# <min> <max>
0	2

[block]
# block no. 1 follows, 34 sequences, length 91
# corresponding to MSA columns:
# 93-183
name=unknown_B
#
# <colnr> <probs for GDERKNQSTAVLIFYWHMCP>
#	G	D	E	R	K	N	Q	S	T	A	V	L	I	F	Y	W	H	M	C	P
0	0.01636	0.58144	0.12693	0.04817	0.01948	0.02288	0.01305	0.02050	0.06714	0.01688	0.01078	0.01219	0.00916	0.00590	0.00471	0.00157	0.00721	0.00404	0.00305	0.00856
1	0.66943	0.04995	0.01199	0.08213	0.01612	0.04426	0.00848	0.01904	0.01158	0.02658	0.00928	0.01119	0.00727	0.00605	0.00432	0.00197	0.00571	0.00374	0.00380	0.00710
2	0.01305	0.04924	0.02031	0.66484	0.06971	0.04256	0.01748	0.01713	0.01320	0.01660	0.01133	0.01664	0.00865	0.00639	0.00632	0.00209	0.00861	0.00557	0.00290	0.00737
3	0.01279	0.01229	0.01950	0.53343	0.03617	0.01600	0.01679	0.01622	0.01201	0.01622	0.01058	0.01629	0.00857	0.00793	0.01092	0.00236	0.23622	0.00572	0.00286	0.00714
4	0.00931	0.00780	0.01290	0.01293	0.03953	0.00733	0.11492	0.01120	0.01290	0.01731	0.03128	0.62539	0.03647	0.01743	0.00808	0.00253	0.00499	0.01625	0.00547	0.00596
5	0.00903	0.00699	0.00849	0.00924	0.01107	0.00645	0.00768	0.01134	0.01480	0.01840	0.04972	0.06757	0.38116	0.01711	0.00829	0.00258	0.00462	0.35375	0.00597	0.00570
6	0.01681	0.04595	0.05299	0.02540	0.22539	0.01733	0.20238	0.14642	0.01675	0.02330	0.01246	0.01599	0.01002	0.00825	0.03215	0.00238	0.12690	0.00617	0.00373	0.00923
7	0.00923	0.00692	0.01038	0.01038	0.01154	0.00808	0.00808	0.01154	0.01038	0.01500	0.01731	0.02538	0.01615	0.04846	0.74732	0.01038	0.01731	0.00692	0.00346	0.00577
8	0.01636	0.47448	0.26653	0.01391	0.02061	0.07618	0.01541	0.02020	0.01369	0.01699	0.00992	0.01155	0.00826	0.00582	0.00493	0.00162	0.00814	0.00395	0.00279	0.00865
9	0.01727	0.77681	0.03386	0.01106	0.01658	0.02557	0.01106	0.01935	0.01313	0.01520	0.00898	0.01036	0.00829	0.00553	0.00415	0.00138	0.00691	0.00345	0.00276	0.00829
10	0.00940	0.00626	0.00705	0.00705	0.00705	0.00626	0.00392	0.00940	0.00940	0.01253	0.02036	0.04228	0.02349	0.77292	0.03289	0.00626	0.00626	0.00940	0.00392	0.00392
11	0.00931	0.00663	0.00888	0.00888	0.00951	0.00726	0.00620	0.01057	0.00994	0.01389	0.01868	0.03300	0.01946	0.37511	0.42519	0.00853	0.01233	0.00804	0.00367	0.00493
12	0.00981	0.00820	0.01198	0.06650	0.01484	0.00804	0.07575	0.01323	0.06138	0.01969	0.18276	0.27028	0.15660	0.04377	0.00867	0.00246	0.00482	0.02927	0.00569	0.00624
13	0.00926	0.00922	0.07970	0.00886	0.01128	0.00686	0.00763	0.01250	0.01723	0.02393	0.54574	0.04726	0.17004	0.01306	0.00748	0.00206	0.00372	0.01134	0.00649	0.00632
14	0.01363	0.00789	0.01080	0.01077	0.01295	0.00746	0.00904	0.01654	0.01652	0.15916	0.22585	0.05625	0.03973	0.01466	0.00810	0.00253	0.00506	0.36945	0.00667	0.00696
15	0.81856	0.01250	0.00950	0.00850	0.01250	0.01449	0.00700	0.01899	0.01100	0.02899	0.00900	0.01050	0.00700	0.00600	0.00400	0.00200	0.00500	0.00350	0.00400	0.00700
16	0.05290	0.04951	0.53468	0.01901	0.02748	0.01530	0.14195	0.02082	0.01396	0.04779	0.01218	0.01438	0.00871	0.00606	0.00625	0.00205	0.00934	0.00524	0.00308	0.00930
17	0.01316	0.01161	0.01890	0.13501	0.34766	0.01202	0.01571	0.01667	0.01443	0.01964	0.02077	0.06033	0.02077	0.01069	0.00738	0.00236	0.00707	0.25352	0.00423	0.00807
18	0.00791	0.00663	0.00692	0.00707	0.00918	0.00565	0.00545	0.00967	0.01474	0.01764	0.06240	0.06323	0.66229	0.01651	0.00776	0.00226	0.00353	0.07965	0.00600	0.00550
19	0.00815	0.00587	0.00772	0.00873	0.00941	0.00544	0.00599	0.00972	0.01377	0.01864	0.19212	0.58500	0.06833	0.01854	0.00809	0.00248	0.00358	0.01672	0.00625	0.00544
20	0.01790	0.07429	0.09026	0.02641	0.25406	0.22014	0.18371	0.02173	0.01564	0.01907	0.01150	0.01453	0.00928	0.00595	0.00636	0.00188	0.00967	0.00552	0.00318	0.00891
21	0.01220	0.01148	0.01938	0.75739	0.04450	0.01436	0.01794	0.01651	0.01292	0.01651	0.01148	0.01723	0.00861	0.00646	0.00646	0.00215	0.00861	0.00574	0.00287	0.00718
22	0.01727	0.77681	0.03386	0.01106	0.01658	0.02557	0.01106	0.01935	0.01313	0.01520	0.00898	0.01036	0.00829	0.00553	0.00415	0.00138	0.00691	0.00345	0.00276	0.00829
23	0.01340	0.01148	0.01340	0.00957	0.01531	0.00861	0.00766	0.01627	0.01340	0.02105	0.01148	0.01340	0.00957	0.00479	0.00479	0.00096	0.00479	0.00383	0.00383	0.81242
24	0.00822	0.00600	0.00778	0.00887	0.00968	0.00556	0.00627	0.00980	0.01357	0.01800	0.12353	0.54230	0.12098	0.01875	0.00816	0.00253	0.00380	0.07464	0.00613	0.00544
25	0.01630	0.60898	0.19315	0.01272	0.01915	0.02318	0.01395	0.01960	0.01324	0.01639	0.00957	0.01110	0.00827	0.00567	0.00460	0.00153	0.00751	0.00375	0.00276	0.00858
26	0.01296	0.03342	0.73944	0.01842	0.02797	0.01501	0.02387	0.02046	0.01364	0.02046	0.01160	0.01364	0.00818	0.00614	0.00614	0.00205	0.00955	0.00477	0.00273	0.00955
27	0.00764	0.00655	0.00655	0.00655	0.00873	0.00545	0.00491	0.00927	0.01473	0.01745	0.06546	0.06218	0.73000	0.01636	0.00764	0.00218	0.00327	0.01364	0.00600	0.00545
28	0.01523	0.01458	0.02486	0.18322	0.59498	0.01515	0.01945	0.01917	0.01435	0.02019	0.01202	0.01624	0.00991	0.00590	0.00641	0.00197	0.00786	0.00575	0.00313	0.00962
29	0.01220	0.01148	0.01938	0.75739	0.04450	0.01436	0.01794	0.01651	0.01292	0.01651	0.01148	0.01723	0.00861	0.00646	0.00646	0.00215	0.00861	0.00574	0.00287	0.00718
30	0.02899	0.01100	0.01499	0.01150	0.01649	0.00950	0.00950	0.03149	0.01849	0.73709	0.02549	0.02199	0.01599	0.00800	0.00650	0.00200	0.00550	0.00650	0.00800	0.01100
31	0.00940	0.00626	0.00705	0.00705	0.00705	0.00626	0.00392	0.00940	0.00940	0.01253	0.02036	0.04228	0.02349	0.77292	0.03289	0.00626	0.00626	0.00940	0.00392	0.00392
32	0.01485	0.01591	0.05336	0.17330	0.31691	0.01560	0.25651	0.01940	0.01439	0.01992	0.01223	0.01660	0.00966	0.00594	0.00719	0.00208	0.02766	0.00636	0.00313	0.00902
33	0.00787	0.00562	0.00750	0.00900	0.00937	0.00525	0.00600	0.00900	0.01237	0.01649	0.03561	0.76871	0.04274	0.02024	0.00825	0.00262	0.00375	0.01837	0.00600	0.00525
34	0.00940	0.00626	0.00705	0.00705	0.00705	0.00626	0.00392	0.00940	0.00940	0.01253	0.02036	0.04228	0.02349	0.77292	0.03289	0.00626	0.00626	0.00940	0.00392	0.00392
35	0.01727	0.77681	0.03386	0.01106	0.01658	0.02557	0.01106	0.01935	0.01313	0.01520	0.00898	0.01036	0.00829	0.00553	0.00415	0.00138	0.00691	0.00345	0.00276	0.00829
36	0.01663	0.61298	0.11798	0.01474	0.08793	0.02330	0.01345	0.01953	0.01335	0.01641	0.00961	0.01131	0.00847	0.00562	0.00461	0.00151	0.00730	0.00384	0.00280	0.00863
37	0.01795	0.70390	0.03234	0.01160	0.01692	0.09607	0.01120	0.01998	0.01364	0.01526	0.00908	0.01049	0.00829	0.00564	0.00431	0.00141	0.00737	0.00352	0.00282	0.00821
38	0.21686	0.01996	0.01757	0.01519	0.01781	0.27927	0.04454	0.03741	0.01394	0.01983	0.00954	0.01253	0.00818	0.00796	0.01043	0.00215	0.25135	0.00468	0.00341	0.00738
39	0.01619	0.08844	0.01649	0.01294	0.01678	0.01700	0.01031	0.03287	0.65177	0.02587	0.02461	0.02276	0.01861	0.00845	0.00634	0.00211	0.00529	0.00693	0.00620	0.01004
40	0.74013	0.01277	0.01113	0.01154	0.08287	0.01458	0.00825	0.01908	0.01136	0.02822	0.00931	0.01103	0.00731	0.00597	0.00423	0.00199	0.00526	0.00372	0.00392	0.00731
41	0.01585	0.01521	0.02598	0.06586	0.70750	0.01532	0.01976	0.01971	0.01465	0.02094	0.01213	0.01604	0.01018	0.00578	0.00640	0.00193	0.00771	0.00576	0.00319	0.01012
42	0.00764	0.00655	0.00655	0.00655	0.00873	0.00545	0.00491	0.00927	0.01473	0.01745	0.06546	0.06218	0.73000	0.01636	0.00764	0.00218	0.00327	0.01364	0.00600	0.00545
43	0.02344	0.01754	0.01876	0.01464	0.01961	0.01951	0.01201	0.62127	0.12202	0.03890	0.01694	0.01665	0.01215	0.00789	0.00648	0.00197	0.00685	0.00601	0.00648	0.01089
44	0.00810	0.00597	0.00737	0.00821	0.00904	0.00547	0.00558	0.00941	0.01315	0.01723	0.10815	0.47933	0.18658	0.09231	0.01047	0.00283	0.00383	0.01585	0.00590	0.00524
45	0.01592	0.01556	0.02739	0.03845	0.66432	0.01545	0.08719	0.01991	0.01477	0.02107	0.01224	0.01613	0.01019	0.00573	0.00652	0.00194	0.00799	0.00594	0.00321	0.01009
46	0.02347	0.10370	0.01983	0.01610	0.01964	0.67648	0.01234	0.02517	0.01780	0.01575	0.00989	0.01153	0.00832	0.00655	0.00566	0.00164	0.01119	0.00409	0.00327	0.00757
47	0.00787	0.00562	0.00750	0.00900	0.00937	0.00525	0.00600	0.00900	0.01237	0.01649	0.03561	0.76871	0.04274	0.02024	0.00825	0.00262	0.00375	0.01837	0.00600	0.00525
48	0.01298	0.01228	0.02079	0.60963	0.18617	0.01456	0.01833	0.01719	0.01329	0.01746	0.01162	0.01697	0.00895	0.00632	0.00645	0.00211	0.00842	0.00575	0.00294	0.00781
49	0.01260	0.01396	0.09034	0.62353	0.10199	0.01450	0.01869	0.01718	0.01314	0.01729	0.01155	0.01677	0.00871	0.00637	0.00642	0.00212	0.00862	0.00565	0.00289	0.00767
50	0.00914	0.00660	0.00864	0.00813	0.00965	0.00610	0.00610	0.01219	0.01829	0.02591	0.72921	0.04827	0.06097	0.01321	0.00762	0.00203	0.00305	0.01169	0.00711	0.00610
51	0.02704	0.01056	0.01437	0.01117	0.01582	0.00916	0.00916	0.02959	0.01847	0.66722	0.09463	0.02457	0.02041	0.00851	0.00661	0.00200	0.00526	0.00701	0.00791	0.01051
52	0.01599	0.01638	0.02845	0.03408	0.48039	0.04409	0.19152	0.01998	0.01465	0.02041	0.01204	0.01605	0.00993	0.00610	0.00772	0.00204	0.06131	0.00616	0.00319	0.00953
53	0.01296	0.03342	0.73944	0.01842	0.02797	0.01501	0.02387	0.02046	0.01364	0.02046	0.01160	0.01364	0.00818	0.00614	0.00614	0.00205	0.00955	0.00477	0.00273	0.00955
54	0.00787	0.00562	0.00750	0.00900	0.00937	0.00525	0.00600	0.00900	0.01237	0.01649	0.03561	0.76871	0.04274	0.02024	0.00825	0.00262	0.00375	0.01837	0.00600	0.00525
55	0.81856	0.01250	0.00950	0.00850	0.01250	0.01449	0.00700	0.01899	0.01100	0.02899	0.00900	0.01050	0.00700	0.00600	0.00400	0.00200	0.00500	0.00350	0.00400	0.00700
56	0.01296	0.03342	0.73944	0.01842	0.02797	0.01501	0.02387	0.02046	0.01364	0.02046	0.01160	0.01364	0.00818	0.00614	0.00614	0.00205	0.00955	0.00477	0.00273	0.00955
57	0.02295	0.02830	0.01776	0.01613	0.01951	0.63903	0.01215	0.02706	0.12208	0.01747	0.01240	0.01349	0.01001	0.00697	0.00594	0.00174	0.01069	0.00463	0.00381	0.00789
58	0.00813	0.00581	0.00780	0.00930	0.00979	0.00547	0.00645	0.00945	0.01263	0.01679	0.03547	0.69708	0.04216	0.02000	0.00832	0.00266	0.00398	0.08742	0.00599	0.00532
59	0.01704	0.01477	0.01513	0.01340	0.01717	0.03983	0.01047	0.09033	0.64100	0.02781	0.02488	0.02299	0.01863	0.00861	0.00654	0.00215	0.00549	0.00708	0.00646	0.01020
60	0.01604	0.60475	0.12351	0.01210	0.01775	0.02242	0.01266	0.01891	0.01337	0.01629	0.01179	0.01690	0.01110	0.00681	0.00487	0.00162	0.00716	0.07064	0.00307	0.00823
61	0.01399	0.12657	0.42159	0.01907	0.02664	0.01664	0.18123	0.01984	0.01393	0.01977	0.03654	0.01533	0.01044	0.00639	0.00700	0.00203	0.04549	0.00555	0.00302	0.00895
62	0.01317	0.06924	0.70545	0.01806	0.02742	0.01551	0.02326	0.02041	0.01362	0.02021	0.01147	0.01348	0.00819	0.00611	0.00604	0.00201	0.00942	0.00471	0.00273	0.00949
63	0.00847	0.00580	0.00757	0.00892	0.00949	0.00548	0.00618	0.00991	0.01267	0.01745	0.03409	0.64480	0.03977	0.01882	0.00793	0.00254	0.00384	0.06646	0.08445	0.00538
64	0.01463	0.01294	0.04798	0.53159	0.06121	0.01467	0.01685	0.04245	0.01387	0.08837	0.01274	0.01715	0.00945	0.00709	0.00789	0.00218	0.08180	0.00577	0.00350	0.00788
65	0.02899	0.01100	0.01499	0.01150	0.01649	0.00950	0.00950	0.03149	0.01849	0.73709	0.02549	0.02199	0.01599	0.00800	0.00650	0.00200	0.00550	0.00650	0.00800	0.01100
66	0.01041	0.00744	0.01041	0.01190	0.01339	0.00744	0.01041	0.01339	0.01487	0.01934	0.03421	0.07288	0.03719	0.01785	0.00892	0.00297	0.00595	0.68913	0.00595	0.00595
67	0.00764	0.00655	0.00655	0.00655	0.00873	0.00545	0.00491	0.00927	0.01473	0.01745	0.06546	0.06218	0.73000	0.01636	0.00764	0.00218	0.00327	0.01364	0.00600	0.00545
68	0.01541	0.45508	0.33923	0.01424	0.02151	0.02100	0.01660	0.01983	0.01335	0.01748	0.01011	0.01178	0.00825	0.00579	0.00501	0.00167	0.00805	0.00403	0.00275	0.00884
69	0.01296	0.03342	0.73944	0.01842	0.02797	0.01501	0.02387	0.02046	0.01364	0.02046	0.01160	0.01364	0.00818	0.00614	0.00614	0.00205	0.00955	0.00477	0.00273	0.00955
70	0.00940	0.00626	0.00705	0.00705	0.00705	0.00626	0.00392	0.00940	0.00940	0.01253	0.02036	0.04228	0.02349	0.77292	0.03289	0.00626	0.00626	0.00940	0.00392	0.00392
71	0.01727	0.77681	0.03386	0.01106	0.01658	0.02557	0.01106	0.01935	0.01313	0.01520	0.00898	0.01036	0.00829	0.00553	0.00415	0.00138	0.00691	0.00345	0.00276	0.00829
72	0.00841	0.00601	0.00812	0.00961	0.01022	0.00571	0.00694	0.00993	0.01290	0.01710	0.03531	0.62095	0.04156	0.01973	0.00839	0.00270	0.00422	0.16080	0.00599	0.00540
73	0.01727	0.77681	0.03386	0.01106	0.01658	0.02557	0.01106	0.01935	0.01313	0.01520	0.00898	0.01036	0.00829	0.00553	0.00415	0.00138	0.00691	0.00345	0.00276	0.00829
74	0.58635	0.21474	0.01616	0.00938	0.01377	0.03650	0.00821	0.01926	0.01175	0.02501	0.00902	0.01049	0.00737	0.00589	0.00409	0.00183	0.00568	0.00350	0.00366	0.00735
75	0.01727	0.77681	0.03386	0.01106	0.01658	0.02557	0.01106	0.01935	0.01313	0.01520	0.00898	0.01036	0.00829	0.00553	0.00415	0.00138	0.00691	0.00345	0.00276	0.00829
76	0.78644	0.01256	0.00991	0.00884	0.01267	0.01471	0.00728	0.01886	0.01095	0.02845	0.00898	0.01064	0.00706	0.00621	0.00469	0.00203	0.03519	0.00358	0.00395	0.00700
77	0.01453	0.03123	0.66865	0.01774	0.02684	0.01447	0.02247	0.02154	0.01412	0.09050	0.01295	0.01446	0.00895	0.00632	0.00617	0.00204	0.00915	0.00494	0.00324	0.00969
78	0.00764	0.00655	0.00655	0.00655	0.00873	0.00545	0.00491	0.00927	0.01473	0.01745	0.06546	0.06218	0.73000	0.01636	0.00764	0.00218	0.00327	0.01364	0.00600	0.00545
79	0.02317	0.14011	0.02075	0.01561	0.01948	0.55385	0.01225	0.10588	0.01897	0.01867	0.01049	0.01192	0.00863	0.00662	0.00565	0.00166	0.01041	0.00425	0.00362	0.00802
80	0.01296	0.03342	0.73944	0.01842	0.02797	0.01501	0.02387	0.02046	0.01364	0.02046	0.01160	0.01364	0.00818	0.00614	0.00614	0.00205	0.00955	0.00477	0.00273	0.00955
81	0.01571	0.12398	0.25864	0.11001	0.02893	0.09826	0.20959	0.04424	0.01503	0.01953	0.01160	0.01454	0.00881	0.00602	0.00630	0.00196	0.00961	0.00548	0.00310	0.00868
82	0.01296	0.03342	0.73944	0.01842	0.02797	0.01501	0.02387	0.02046	0.01364	0.02046	0.01160	0.01364	0.00818	0.00614	0.00614	0.00205	0.00955	0.00477	0.00273	0.00955
83	0.00940	0.00626	0.00705	0.00705	0.00705	0.00626	0.00392	0.00940	0.00940	0.01253	0.02036	0.04228	0.02349	0.77292	0.03289	0.00626	0.00626	0.00940	0.00392	0.00392
84	0.00764	0.00655	0.00655	0.00655	0.00873	0.00545	0.00491	0.00927	0.01473	0.01745	0.06546	0.06218	0.73000	0.01636	0.00764	0.00218	0.00327	0.01364	0.00600	0.00545
85	0.02659	0.09123	0.01767	0.04000	0.01800	0.01267	0.01033	0.11504	0.01922	0.54766	0.02200	0.01979	0.01429	0.00765	0.00625	0.00193	0.00596	0.00607	0.00707	0.01057
86	0.00784	0.00661	0.00684	0.00695	0.00908	0.00560	0.00532	0.00958	0.01474	0.01760	0.06312	0.06298	0.67810	0.01648	0.00773	0.00224	0.00347	0.06424	0.00600	0.00549
87	0.01204	0.00602	0.00602	0.00602	0.00753	0.00602	0.00452	0.01506	0.01355	0.02409	0.02108	0.02409	0.01656	0.00753	0.00452	0.00151	0.00301	0.00602	0.80879	0.00602
88	0.01537	0.01316	0.01438	0.04169	0.01753	0.01516	0.01054	0.03160	0.62467	0.02587	0.02650	0.02861	0.02100	0.00956	0.00680	0.00227	0.00533	0.07388	0.00637	0.00969
89	0.01715	0.75557	0.05402	0.01127	0.01691	0.02526	0.01142	0.01938	0.01314	0.01535	0.00906	0.01046	0.00829	0.00555	0.00420	0.00140	0.00699	0.00349	0.00276	0.00833
90	0.02358	0.02304	0.01817	0.01535	0.01948	0.35008	0.01207	0.30712	0.07346	0.05469	0.01462	0.01604	0.01124	0.00759	0.00624	0.00186	0.00894	0.02213	0.00509	0.00922

[dist]
# distance from previous block
# <min> <max>
0	0

# created by:
# /home/berkeley/.conda/envs/busco_data_prod/bin/msa2prfl.pl pipeline/OGs_align_augustus/4893/24698.fs
