[name]
unknown

[dist]
# distance from previous block
# <min> <max>
0	2

[block]
# block no. 0 follows, 32 sequences, length 13
# corresponding to MSA columns:
# 38-50
name=unknown_A
#
# <colnr> <probs for GDERKNQSTAVLIFYWHMCP>
#	G	D	E	R	K	N	Q	S	T	A	V	L	I	F	Y	W	H	M	C	P
0	0.01991	0.01351	0.01570	0.01356	0.01740	0.01429	0.01139	0.35344	0.02376	0.10424	0.02664	0.04032	0.05671	0.01224	0.00768	0.00241	0.00659	0.24430	0.00666	0.00927
1	0.01406	0.00911	0.01147	0.01022	0.01250	0.00928	0.00775	0.09602	0.01545	0.10476	0.10375	0.03278	0.06734	0.17356	0.25629	0.00582	0.00968	0.00837	0.00525	0.04656
2	0.10198	0.01608	0.02016	0.01598	0.01981	0.01848	0.07793	0.32700	0.02075	0.03015	0.01338	0.01603	0.01055	0.01127	0.05980	0.00282	0.18686	0.00593	0.00490	0.04014
3	0.01194	0.01000	0.01519	0.05625	0.23263	0.01003	0.01181	0.01481	0.01492	0.02048	0.16209	0.05972	0.08340	0.10390	0.06035	0.00337	0.00684	0.10999	0.00495	0.00733
4	0.19130	0.04745	0.02043	0.06215	0.28602	0.15014	0.01448	0.02288	0.01547	0.11057	0.01306	0.01515	0.01011	0.00653	0.00592	0.00196	0.00788	0.00516	0.00412	0.00922
5	0.11963	0.01673	0.01679	0.01353	0.01832	0.09759	0.01096	0.25596	0.09005	0.26378	0.01919	0.01814	0.01322	0.00789	0.00636	0.00204	0.00690	0.00594	0.00658	0.01043
6	0.01774	0.01493	0.01576	0.01387	0.01785	0.01718	0.01087	0.11468	0.62948	0.02976	0.02598	0.02397	0.01940	0.00898	0.00681	0.00224	0.00556	0.00740	0.00681	0.01071
7	0.01549	0.01338	0.01732	0.01250	0.01847	0.01119	0.08009	0.09862	0.01621	0.02426	0.01259	0.01461	0.01014	0.00541	0.00548	0.00125	0.00591	0.00463	0.00424	0.62821
8	0.01382	0.01325	0.02257	0.36743	0.28846	0.01446	0.06109	0.01790	0.01444	0.01927	0.01810	0.02228	0.08335	0.00744	0.00689	0.00215	0.00816	0.00694	0.00347	0.00853
9	0.05901	0.01496	0.01733	0.01439	0.01854	0.08824	0.07517	0.14366	0.09734	0.17649	0.04577	0.07347	0.01998	0.00995	0.00706	0.00220	0.00695	0.08704	0.00613	0.03630
10	0.27696	0.01308	0.01264	0.01079	0.01476	0.03406	0.00856	0.13866	0.08054	0.04786	0.03888	0.09703	0.07438	0.00934	0.00595	0.00201	0.00544	0.00727	0.00539	0.11641
11	0.12682	0.01214	0.01704	0.03508	0.01835	0.01232	0.12828	0.13586	0.01721	0.09639	0.04755	0.23171	0.02291	0.04131	0.00820	0.00244	0.00640	0.01016	0.00556	0.02427
12	0.20987	0.01530	0.01565	0.01277	0.01712	0.05963	0.02931	0.25765	0.04815	0.11022	0.04416	0.06492	0.01552	0.02684	0.00686	0.00215	0.00648	0.00662	0.00580	0.04497

[dist]
# distance from previous block
# <min> <max>
3	36

[block]
# block no. 1 follows, 32 sequences, length 79
# corresponding to MSA columns:
# 88-166
name=unknown_B
#
# <colnr> <probs for GDERKNQSTAVLIFYWHMCP>
#	G	D	E	R	K	N	Q	S	T	A	V	L	I	F	Y	W	H	M	C	P
0	0.07681	0.01759	0.14763	0.03364	0.05021	0.05732	0.10292	0.04167	0.07394	0.07175	0.06466	0.02667	0.05386	0.04881	0.00824	0.00235	0.00750	0.05154	0.00473	0.05816
1	0.04195	0.04685	0.04127	0.01650	0.04724	0.01470	0.12222	0.12608	0.12037	0.10414	0.05313	0.05472	0.01965	0.00962	0.00763	0.00223	0.03268	0.09087	0.00558	0.04255
2	0.11053	0.01611	0.06202	0.01830	0.13983	0.04950	0.05565	0.12140	0.06726	0.10392	0.01773	0.02006	0.03782	0.05495	0.00802	0.00223	0.00707	0.00621	0.00493	0.09647
3	0.15971	0.01113	0.08785	0.00987	0.01238	0.00950	0.00825	0.01436	0.01191	0.04929	0.04406	0.06474	0.05793	0.26804	0.15844	0.00530	0.00844	0.00822	0.00437	0.00622
4	0.01502	0.01272	0.01929	0.47233	0.03602	0.01437	0.04100	0.05546	0.08044	0.06170	0.01450	0.01823	0.01079	0.00683	0.00653	0.00205	0.00789	0.00597	0.00400	0.11486
5	0.02000	0.01791	0.01830	0.04696	0.02068	0.19989	0.07926	0.02746	0.21666	0.13642	0.02057	0.04766	0.01639	0.00861	0.00679	0.00208	0.00785	0.04159	0.00546	0.05948
6	0.00978	0.00655	0.00745	0.00745	0.00775	0.00656	0.00443	0.01020	0.01039	0.01411	0.02385	0.04309	0.06619	0.63392	0.07542	0.00626	0.00686	0.00968	0.04566	0.00440
7	0.01614	0.01546	0.02639	0.12545	0.64173	0.01582	0.02036	0.02018	0.01506	0.02135	0.01254	0.01676	0.01043	0.00607	0.00665	0.00202	0.00809	0.00598	0.00328	0.01025
8	0.00874	0.00683	0.00791	0.00764	0.00956	0.00601	0.00573	0.01119	0.01720	0.02265	0.40290	0.05714	0.38187	0.01531	0.00792	0.00219	0.00328	0.01312	0.00683	0.00601
9	0.03010	0.01142	0.01557	0.01194	0.01713	0.00986	0.00986	0.03270	0.01920	0.72698	0.02647	0.02284	0.01661	0.00830	0.00675	0.00208	0.00571	0.00675	0.00830	0.01142
10	0.01468	0.01468	0.02055	0.01762	0.01762	0.02055	0.01468	0.01615	0.01028	0.01615	0.00881	0.01468	0.00881	0.01174	0.02202	0.00294	0.75191	0.00587	0.00294	0.00734
11	0.01541	0.02110	0.16415	0.02663	0.03398	0.01672	0.57642	0.02145	0.01554	0.02145	0.01330	0.01739	0.00988	0.00579	0.00764	0.00224	0.01106	0.00738	0.00329	0.00921
12	0.01410	0.01284	0.02087	0.56977	0.15046	0.01521	0.01819	0.06076	0.01487	0.01970	0.01257	0.01777	0.00959	0.00671	0.00664	0.00217	0.00853	0.00598	0.02510	0.00817
13	0.00904	0.00678	0.00838	0.00810	0.00978	0.00612	0.00603	0.01173	0.01773	0.02420	0.52077	0.09777	0.21901	0.01496	0.00796	0.00219	0.00327	0.01305	0.00704	0.00612
14	0.02435	0.01805	0.02287	0.01720	0.02278	0.01926	0.12245	0.53406	0.02797	0.09748	0.01659	0.01700	0.01166	0.00769	0.00691	0.00206	0.00787	0.00640	0.00632	0.01103
15	0.00816	0.00612	0.00757	0.00865	0.00957	0.00554	0.00594	0.00954	0.01370	0.01774	0.06959	0.55415	0.21995	0.01971	0.00838	0.00258	0.00374	0.01755	0.00627	0.00554
16	0.01763	0.71723	0.08343	0.01201	0.01804	0.02579	0.01241	0.02017	0.01367	0.01617	0.00952	0.01100	0.00860	0.00578	0.00445	0.00148	0.00737	0.00368	0.00287	0.00870
17	0.00913	0.00682	0.00848	0.00812	0.00981	0.00617	0.00607	0.01193	0.01804	0.02479	0.56275	0.07250	0.20143	0.01461	0.00794	0.00216	0.00323	0.01275	0.00711	0.00617
18	0.01889	0.63403	0.03300	0.01295	0.01840	0.12869	0.03733	0.02111	0.01449	0.01609	0.00964	0.01123	0.00867	0.00591	0.00469	0.00151	0.00804	0.00386	0.00297	0.00851
19	0.00846	0.00612	0.00807	0.00953	0.01017	0.00573	0.00669	0.00989	0.01330	0.01753	0.03877	0.63678	0.08634	0.02048	0.00861	0.00274	0.00413	0.09489	0.00622	0.00555
20	0.02322	0.01483	0.01816	0.01491	0.04142	0.01536	0.03691	0.36437	0.02395	0.20737	0.02015	0.07839	0.01558	0.01157	0.05300	0.00261	0.00744	0.00734	0.00655	0.03687
21	0.01823	0.05861	0.04757	0.07150	0.21914	0.12952	0.01505	0.07141	0.25177	0.02382	0.01723	0.01841	0.01340	0.00737	0.00649	0.00204	0.00777	0.00610	0.00469	0.00989
22	0.01607	0.01700	0.02035	0.01757	0.01804	0.11662	0.01445	0.01757	0.01145	0.01618	0.00902	0.01433	0.00879	0.01110	0.01988	0.00277	0.65275	0.00566	0.00301	0.00740
23	0.01855	0.01355	0.01614	0.01372	0.03742	0.01471	0.05204	0.30815	0.07968	0.03158	0.01943	0.05844	0.01551	0.00866	0.00679	0.00198	0.03196	0.00702	0.25555	0.00911
24	0.00826	0.00670	0.00733	0.00740	0.00932	0.00577	0.00546	0.01019	0.01574	0.01972	0.19098	0.13781	0.51830	0.01680	0.00800	0.00229	0.00341	0.01431	0.00646	0.00577
25	0.01677	0.01554	0.02059	0.15239	0.28112	0.07415	0.01559	0.10122	0.11011	0.02447	0.10315	0.02173	0.01817	0.00781	0.00680	0.00207	0.00745	0.00683	0.00465	0.00939
26	0.78762	0.01293	0.01004	0.00892	0.01310	0.01489	0.00735	0.02012	0.01166	0.05148	0.00987	0.01127	0.00755	0.00629	0.00423	0.00208	0.00521	0.00373	0.00428	0.00739
27	0.01674	0.01324	0.01400	0.01206	0.01535	0.03306	0.00940	0.23580	0.19988	0.02895	0.12103	0.03364	0.10185	0.09907	0.01033	0.00268	0.00581	0.03200	0.00636	0.00874
28	0.02366	0.01219	0.01482	0.01224	0.01664	0.01218	0.00982	0.03249	0.28019	0.41178	0.04710	0.02457	0.01948	0.00875	0.00672	0.00213	0.00537	0.00720	0.04190	0.01074
29	0.01611	0.36860	0.27966	0.01461	0.02149	0.02083	0.01608	0.02334	0.14084	0.01998	0.01358	0.01458	0.01074	0.00658	0.00550	0.00183	0.00782	0.00481	0.00358	0.00944
30	0.00827	0.00689	0.00727	0.00741	0.00958	0.00589	0.00571	0.01016	0.01544	0.01863	0.08749	0.06517	0.62919	0.01703	0.00806	0.00234	0.00367	0.07980	0.00627	0.00574
31	0.00799	0.00680	0.00688	0.00686	0.00910	0.00569	0.00515	0.00975	0.01544	0.01847	0.09328	0.06401	0.69409	0.01687	0.00793	0.00226	0.00339	0.01408	0.00628	0.00569
32	0.00807	0.00625	0.00737	0.00826	0.00945	0.00554	0.00575	0.00946	0.01388	0.01755	0.05013	0.46487	0.33083	0.01931	0.00830	0.00253	0.00368	0.01699	0.00623	0.00554
33	0.00822	0.00689	0.00720	0.00735	0.00954	0.00587	0.00566	0.01005	0.01531	0.01832	0.06476	0.06568	0.65212	0.01715	0.00806	0.00235	0.00367	0.07987	0.00623	0.00572
34	0.01391	0.01193	0.01391	0.00994	0.01590	0.00894	0.00795	0.01690	0.01391	0.02186	0.01193	0.01391	0.00994	0.00497	0.00497	0.00099	0.00497	0.00398	0.00398	0.80521
35	0.00818	0.00584	0.00779	0.00934	0.00973	0.00545	0.00623	0.00934	0.01285	0.01713	0.03698	0.75981	0.04438	0.02102	0.00856	0.00273	0.00389	0.01908	0.00623	0.00545
36	0.01186	0.00940	0.01019	0.00919	0.01192	0.00923	0.00711	0.11820	0.08755	0.02493	0.21447	0.04975	0.38257	0.01405	0.00763	0.00219	0.00414	0.01178	0.00664	0.00719
37	0.01598	0.13161	0.03511	0.02435	0.07287	0.01742	0.46944	0.02068	0.01524	0.02069	0.01267	0.01639	0.00994	0.00561	0.00694	0.00197	0.00972	0.00667	0.00338	0.10332
38	0.02074	0.02450	0.02227	0.05355	0.13667	0.41065	0.07391	0.02379	0.03776	0.01810	0.01139	0.01433	0.00949	0.00734	0.00845	0.00201	0.10794	0.00528	0.00344	0.00837
39	0.00818	0.00584	0.00779	0.00934	0.00973	0.00545	0.00623	0.00934	0.01285	0.01713	0.03698	0.75981	0.04438	0.02102	0.00856	0.00273	0.00389	0.01908	0.00623	0.00545
40	0.01701	0.21846	0.43445	0.01625	0.02434	0.01827	0.01915	0.07410	0.01581	0.08422	0.01294	0.01422	0.00947	0.00651	0.00591	0.00194	0.00865	0.00485	0.00363	0.00983
41	0.00961	0.00709	0.01027	0.01027	0.01129	0.00811	0.00775	0.01165	0.01063	0.01520	0.01844	0.02897	0.01791	0.15629	0.63318	0.01015	0.01627	0.00757	0.00366	0.00571
42	0.00878	0.00683	0.00797	0.00769	0.00958	0.00602	0.00576	0.01127	0.01729	0.02287	0.41961	0.05677	0.36501	0.01522	0.00792	0.00218	0.00327	0.01307	0.00686	0.00602
43	0.01989	0.01467	0.01674	0.01414	0.01846	0.01621	0.03453	0.12375	0.48999	0.13623	0.02521	0.02326	0.01832	0.00872	0.00684	0.00221	0.00586	0.00726	0.00692	0.01079
44	0.00881	0.00611	0.00760	0.00853	0.00876	0.00587	0.00536	0.00951	0.01160	0.01547	0.03060	0.47158	0.03633	0.32023	0.01887	0.00425	0.00494	0.01532	0.00536	0.00489
45	0.01832	0.72902	0.03430	0.01179	0.01741	0.06440	0.01156	0.02045	0.01392	0.01582	0.00938	0.01083	0.00861	0.00580	0.00440	0.00145	0.00744	0.00363	0.00290	0.00857
46	0.01333	0.00705	0.00713	0.00683	0.00864	0.00717	0.00520	0.05884	0.01517	0.02611	0.02152	0.02445	0.01683	0.00783	0.00482	0.00159	0.00340	0.00624	0.75127	0.00658
47	0.01661	0.01594	0.02724	0.04119	0.72233	0.01594	0.02059	0.02059	0.01528	0.02192	0.01262	0.01661	0.01063	0.00598	0.00664	0.00199	0.00797	0.00598	0.00332	0.01063
48	0.09141	0.14179	0.23727	0.01699	0.04922	0.29667	0.01604	0.02336	0.01589	0.03818	0.01115	0.01288	0.00876	0.00651	0.00575	0.00186	0.00973	0.00447	0.00336	0.00872
49	0.00956	0.00703	0.00925	0.01046	0.01182	0.00671	0.00845	0.01190	0.01485	0.01918	0.06429	0.25496	0.15973	0.01877	0.00880	0.00282	0.00499	0.36431	0.00624	0.00590
50	0.01531	0.07608	0.06777	0.16560	0.27033	0.03914	0.05136	0.02155	0.11964	0.02085	0.01750	0.05126	0.03934	0.00767	0.00666	0.00209	0.00777	0.00688	0.00396	0.00923
51	0.00836	0.00681	0.00740	0.00725	0.00933	0.00585	0.00544	0.01047	0.01632	0.02056	0.24851	0.06057	0.53755	0.01608	0.00793	0.00222	0.00333	0.01360	0.00655	0.00585
52	0.01786	0.05054	0.02214	0.02717	0.35428	0.15432	0.01564	0.02469	0.17866	0.02179	0.01679	0.05704	0.01427	0.00768	0.00657	0.00202	0.00789	0.00663	0.00430	0.00972
53	0.09879	0.58003	0.05262	0.01260	0.01817	0.08053	0.04030	0.02068	0.01394	0.01769	0.00967	0.01129	0.00854	0.00590	0.00464	0.00158	0.00762	0.00387	0.00307	0.00847
54	0.00934	0.00685	0.00875	0.00828	0.00993	0.00627	0.00621	0.01236	0.01863	0.02604	0.65429	0.05155	0.12836	0.01404	0.00792	0.00213	0.00319	0.01234	0.00727	0.00627
55	0.00947	0.00701	0.00856	0.03105	0.01089	0.00681	0.00639	0.01142	0.05678	0.01696	0.04019	0.25447	0.26238	0.07742	0.05153	0.11962	0.00520	0.01302	0.00538	0.00546
56	0.00909	0.00681	0.00821	0.00788	0.00949	0.00617	0.00577	0.01154	0.01707	0.02313	0.47150	0.05346	0.23910	0.08899	0.01052	0.00259	0.00356	0.01245	0.00674	0.00592
57	0.01346	0.03471	0.72942	0.01912	0.02904	0.01558	0.02479	0.02125	0.01417	0.02125	0.01204	0.01417	0.00850	0.00637	0.00637	0.00212	0.00992	0.00496	0.00283	0.00992
58	0.09157	0.02891	0.01863	0.01738	0.04737	0.60263	0.01276	0.06845	0.01902	0.01943	0.01073	0.01243	0.00878	0.00689	0.00595	0.00179	0.01106	0.00444	0.00372	0.00808
59	0.01284	0.01209	0.02042	0.71849	0.07450	0.01495	0.01872	0.01729	0.01349	0.01734	0.01196	0.01784	0.00901	0.00668	0.00671	0.00223	0.00890	0.00596	0.00300	0.00759
60	0.01319	0.01277	0.02008	0.71749	0.04515	0.04513	0.01840	0.01755	0.01365	0.01711	0.01186	0.01765	0.00893	0.00672	0.00668	0.00221	0.00908	0.00589	0.00300	0.00747
61	0.01292	0.00746	0.00778	0.00748	0.00935	0.00751	0.00565	0.07975	0.01572	0.02528	0.02682	0.10042	0.08015	0.00994	0.00555	0.00178	0.00363	0.00819	0.57799	0.00661
62	0.01758	0.53609	0.20842	0.01343	0.02019	0.02274	0.01472	0.02118	0.01412	0.06206	0.01109	0.01238	0.00909	0.00606	0.00498	0.00165	0.00777	0.00413	0.00320	0.00912
63	0.02107	0.02506	0.02320	0.02002	0.04708	0.41813	0.13171	0.04518	0.01695	0.01827	0.01087	0.01395	0.00910	0.00769	0.00968	0.00209	0.16301	0.00537	0.00344	0.00812
64	0.00963	0.00701	0.00988	0.00988	0.01076	0.00790	0.00726	0.01140	0.01052	0.01491	0.01880	0.03095	0.01877	0.23694	0.55370	0.00967	0.01497	0.00786	0.00372	0.00549
65	0.00836	0.00681	0.00739	0.00729	0.00930	0.00594	0.00543	0.01030	0.01557	0.01945	0.18484	0.05944	0.54042	0.04688	0.04039	0.00277	0.00410	0.01331	0.00625	0.00574
66	0.01436	0.01421	0.01994	0.01718	0.01726	0.01978	0.01428	0.01588	0.01031	0.01611	0.00939	0.01542	0.00931	0.01418	0.06720	0.00343	0.70557	0.00596	0.00298	0.00725
67	0.01796	0.70328	0.07161	0.01202	0.01797	0.02577	0.01223	0.04363	0.01428	0.01699	0.00971	0.01113	0.00870	0.00585	0.00450	0.00149	0.00733	0.00375	0.00300	0.00878
68	0.01812	0.65497	0.03211	0.01194	0.01717	0.09557	0.01135	0.02018	0.01412	0.01592	0.01090	0.05078	0.01052	0.00667	0.00470	0.00153	0.00749	0.00448	0.00311	0.00836
69	0.01467	0.01275	0.01719	0.01238	0.01837	0.01020	0.09397	0.01844	0.03492	0.04079	0.01297	0.01500	0.01046	0.00527	0.00544	0.00122	0.00579	0.00465	0.00410	0.66142
70	0.01022	0.05449	0.01300	0.01108	0.01265	0.00937	0.05105	0.01215	0.01243	0.01676	0.04628	0.22654	0.10305	0.09633	0.24797	0.00553	0.04913	0.01126	0.00464	0.00607
71	0.01523	0.01440	0.02381	0.34270	0.22723	0.01593	0.09891	0.05257	0.10045	0.02149	0.01439	0.01835	0.01109	0.00674	0.00685	0.00217	0.00844	0.00640	0.00377	0.00909
72	0.01901	0.05892	0.04176	0.04299	0.08993	0.10648	0.06414	0.12858	0.20127	0.06184	0.01724	0.01870	0.01327	0.00926	0.00874	0.08985	0.00764	0.00621	0.00496	0.00923
73	0.01158	0.00942	0.01435	0.01472	0.08155	0.02585	0.08163	0.01382	0.01306	0.04040	0.06003	0.22659	0.02637	0.13480	0.20891	0.00527	0.00947	0.01093	0.00468	0.00656
74	0.04661	0.01411	0.06644	0.09250	0.02041	0.01380	0.01223	0.18552	0.04776	0.16572	0.02113	0.13107	0.01825	0.01263	0.04687	0.00274	0.05424	0.03313	0.00577	0.00907
75	0.01752	0.28949	0.16408	0.05268	0.07293	0.13391	0.11817	0.02194	0.03566	0.01864	0.01153	0.01388	0.00934	0.00620	0.00587	0.00184	0.00918	0.00501	0.00319	0.00894
76	0.11129	0.01467	0.02004	0.14830	0.24971	0.04313	0.03585	0.11826	0.03830	0.02504	0.05943	0.05239	0.01601	0.00813	0.00664	0.00213	0.00736	0.02988	0.00445	0.00899
77	0.01088	0.00803	0.01091	0.01060	0.01203	0.00889	0.00805	0.06452	0.01258	0.01767	0.01986	0.07854	0.01966	0.13856	0.50043	0.00854	0.01404	0.02602	0.00415	0.02604
78	0.01376	0.01111	0.01435	0.06975	0.04020	0.01191	0.03977	0.09407	0.18949	0.02468	0.10230	0.16702	0.05512	0.01268	0.00756	0.00238	0.00564	0.09658	0.03355	0.00809

[dist]
# distance from previous block
# <min> <max>
1	10

[block]
# block no. 2 follows, 32 sequences, length 26
# corresponding to MSA columns:
# 177-202
name=unknown_C
#
# <colnr> <probs for GDERKNQSTAVLIFYWHMCP>
#	G	D	E	R	K	N	Q	S	T	A	V	L	I	F	Y	W	H	M	C	P
0	0.01717	0.24139	0.14827	0.05808	0.04220	0.03614	0.12196	0.08388	0.01607	0.06565	0.01484	0.06777	0.01279	0.03678	0.00731	0.00213	0.00822	0.00647	0.00397	0.00892
1	0.01962	0.39986	0.02703	0.01532	0.06705	0.21741	0.01227	0.05961	0.04632	0.01846	0.01250	0.05324	0.01138	0.00718	0.00542	0.00169	0.00832	0.00511	0.00363	0.00859
2	0.01330	0.00902	0.01104	0.00965	0.01281	0.00785	0.00740	0.01673	0.05555	0.11191	0.19818	0.16396	0.10966	0.01228	0.00709	0.00198	0.00431	0.02717	0.00622	0.21389
3	0.00938	0.00674	0.00865	0.00977	0.01050	0.00652	0.00668	0.05740	0.01415	0.01888	0.03553	0.70806	0.04208	0.02012	0.00844	0.00268	0.00414	0.01817	0.00626	0.00586
4	0.00994	0.00773	0.01144	0.04151	0.01320	0.00862	0.03225	0.01184	0.01121	0.01566	0.02104	0.15466	0.02205	0.17391	0.39379	0.00761	0.04407	0.00963	0.00408	0.00576
5	0.03934	0.05958	0.07449	0.06409	0.13985	0.12981	0.03251	0.09930	0.15368	0.03873	0.03727	0.06975	0.01583	0.00835	0.00659	0.00207	0.00775	0.00692	0.00477	0.00931
6	0.01688	0.19751	0.02058	0.01495	0.06488	0.17414	0.01128	0.01970	0.05171	0.01742	0.01362	0.01897	0.01253	0.10271	0.05820	0.00304	0.12501	0.00567	0.06362	0.00758
7	0.02448	0.03076	0.01875	0.01703	0.02051	0.68711	0.01280	0.02741	0.06711	0.01723	0.01155	0.01300	0.00947	0.00707	0.00610	0.00177	0.01163	0.00455	0.00369	0.00798
8	0.24615	0.01685	0.01689	0.01345	0.01837	0.01890	0.01106	0.46168	0.07370	0.03786	0.01499	0.01527	0.01088	0.00761	0.00600	0.00205	0.00662	0.00547	0.00600	0.01019
9	0.00873	0.00683	0.00790	0.00763	0.00955	0.00600	0.00573	0.01117	0.01718	0.02259	0.39907	0.05722	0.38573	0.01533	0.00792	0.00219	0.00328	0.01313	0.00682	0.00600
10	0.01355	0.03012	0.57521	0.08035	0.02897	0.01619	0.02293	0.02022	0.01358	0.02022	0.01160	0.01455	0.00858	0.00712	0.00849	0.00224	0.10869	0.00516	0.00286	0.00937
11	0.01584	0.01810	0.03959	0.02828	0.03507	0.01697	0.69796	0.02149	0.01584	0.02149	0.01357	0.01810	0.01018	0.00566	0.00792	0.00226	0.01131	0.00792	0.00339	0.00905
12	0.02484	0.01740	0.01897	0.01482	0.01996	0.01906	0.01215	0.53824	0.12061	0.11552	0.01874	0.01804	0.01319	0.00822	0.00673	0.00206	0.00692	0.00632	0.00690	0.01131
13	0.01468	0.01783	0.11767	0.01931	0.02158	0.01939	0.11178	0.01758	0.01157	0.01758	0.00991	0.01509	0.00896	0.01018	0.01796	0.00273	0.54926	0.00604	0.00299	0.00792
14	0.00953	0.00645	0.00734	0.00749	0.00763	0.00637	0.00432	0.00971	0.01030	0.01363	0.02473	0.11356	0.05700	0.65985	0.03054	0.00596	0.00612	0.01085	0.00437	0.00427
15	0.00852	0.00608	0.00814	0.00934	0.00980	0.00594	0.00631	0.00973	0.01227	0.01652	0.03292	0.59290	0.03877	0.09675	0.10817	0.00416	0.00602	0.01659	0.00567	0.00539
16	0.01320	0.01246	0.02107	0.65388	0.13629	0.01505	0.01890	0.01760	0.01366	0.01778	0.01202	0.01772	0.00917	0.00661	0.00670	0.00220	0.00881	0.00597	0.00303	0.00788
17	0.05000	0.02605	0.31569	0.05070	0.06747	0.10747	0.01819	0.20400	0.01959	0.05863	0.01350	0.01501	0.00977	0.00697	0.00639	0.00204	0.00898	0.00530	0.00429	0.00995
18	0.01608	0.01541	0.02629	0.13536	0.63225	0.01580	0.02033	0.02013	0.01503	0.02128	0.01253	0.01678	0.01040	0.00608	0.00665	0.00203	0.00810	0.00598	0.00328	0.01021
19	0.00938	0.00649	0.00729	0.00742	0.00775	0.00630	0.00439	0.00971	0.01076	0.01404	0.02872	0.10699	0.11870	0.60201	0.02850	0.00562	0.00587	0.01113	0.00454	0.00440
20	0.17892	0.01281	0.01516	0.01186	0.01688	0.01248	0.00979	0.12907	0.01954	0.49223	0.02166	0.01956	0.01405	0.00787	0.00625	0.00207	0.00586	0.00605	0.00727	0.01062
21	0.04988	0.35940	0.33283	0.01504	0.02244	0.03954	0.01716	0.05798	0.01489	0.02021	0.01090	0.01257	0.00866	0.00619	0.00537	0.00180	0.00842	0.00434	0.00313	0.00925
22	0.00874	0.00608	0.00762	0.00862	0.00887	0.00583	0.00546	0.00949	0.01174	0.01566	0.03132	0.50376	0.03723	0.28682	0.01772	0.00408	0.00483	0.01574	0.00546	0.00495
23	0.02454	0.02834	0.01860	0.01656	0.02028	0.57810	0.01259	0.08460	0.08462	0.05045	0.01313	0.01411	0.01033	0.00728	0.00621	0.00182	0.01079	0.00488	0.00426	0.00851
24	0.01325	0.05713	0.41128	0.01753	0.02402	0.01495	0.09429	0.01849	0.01326	0.01917	0.01438	0.06058	0.01287	0.10862	0.01192	0.00281	0.08696	0.00676	0.00326	0.00846
25	0.01866	0.01349	0.01535	0.06925	0.07201	0.10460	0.01049	0.02105	0.01521	0.20289	0.03573	0.02283	0.01549	0.12083	0.06846	0.00320	0.02793	0.00641	0.00496	0.15118

[dist]
# distance from previous block
# <min> <max>
3	9

[block]
# block no. 3 follows, 32 sequences, length 28
# corresponding to MSA columns:
# 214-241
name=unknown_D
#
# <colnr> <probs for GDERKNQSTAVLIFYWHMCP>
#	G	D	E	R	K	N	Q	S	T	A	V	L	I	F	Y	W	H	M	C	P
0	0.01949	0.07464	0.05427	0.17449	0.07909	0.01704	0.03402	0.26020	0.04974	0.09253	0.01806	0.04385	0.03671	0.00809	0.00665	0.00208	0.00749	0.00668	0.00519	0.00971
1	0.02032	0.05880	0.01815	0.06414	0.02044	0.08075	0.01186	0.18715	0.35115	0.08353	0.02110	0.02036	0.01558	0.00825	0.00658	0.00210	0.00677	0.00654	0.00614	0.01029
2	0.01519	0.01463	0.02362	0.27015	0.43834	0.03830	0.01891	0.01922	0.01500	0.02046	0.05188	0.01876	0.01296	0.00668	0.00672	0.00207	0.00815	0.00626	0.00344	0.00926
3	0.02508	0.01772	0.01915	0.01476	0.01992	0.01943	0.01217	0.62664	0.02994	0.07973	0.01699	0.01695	0.01201	0.00806	0.00661	0.00199	0.00707	0.00609	0.04855	0.01114
4	0.01547	0.01750	0.03805	0.02736	0.03384	0.01641	0.66438	0.02090	0.01569	0.02128	0.01471	0.05411	0.01184	0.00640	0.00795	0.00228	0.01095	0.00846	0.00353	0.00888
5	0.00825	0.00600	0.00778	0.00903	0.00969	0.00553	0.00613	0.00961	0.01352	0.01793	0.08916	0.64213	0.11029	0.02011	0.00846	0.00264	0.00379	0.01810	0.00631	0.00553
6	0.01232	0.01021	0.01126	0.01093	0.01344	0.01093	0.00829	0.02215	0.34042	0.02316	0.07709	0.19376	0.17600	0.01405	0.00762	0.00240	0.00453	0.04684	0.00657	0.00800
7	0.00811	0.00680	0.00705	0.00699	0.00918	0.00574	0.00524	0.00998	0.01573	0.01915	0.14412	0.06288	0.64282	0.01661	0.00793	0.00225	0.00337	0.01392	0.00637	0.00574
8	0.01594	0.01526	0.02603	0.16116	0.60758	0.01577	0.02026	0.02001	0.01496	0.02111	0.01250	0.01682	0.01034	0.00610	0.00665	0.00203	0.00814	0.00598	0.00326	0.01009
9	0.00845	0.00682	0.00752	0.00735	0.00938	0.00589	0.00551	0.01064	0.01653	0.02106	0.28548	0.05974	0.50027	0.01590	0.00792	0.00221	0.00332	0.01348	0.00662	0.00589
10	0.01391	0.01193	0.01391	0.00994	0.01590	0.00894	0.00795	0.01690	0.01391	0.02186	0.01193	0.01391	0.00994	0.00497	0.00497	0.00099	0.00497	0.00398	0.00398	0.80521
11	0.02365	0.01671	0.01845	0.01400	0.01947	0.01738	0.01152	0.49890	0.02683	0.10500	0.01629	0.01633	0.01162	0.00746	0.00637	0.00182	0.00674	0.00570	0.00632	0.16943
12	0.02451	0.01944	0.01937	0.01527	0.02020	0.08862	0.01239	0.57904	0.06531	0.03815	0.01631	0.01707	0.01203	0.03176	0.00752	0.00214	0.00770	0.00607	0.00632	0.01079
13	0.00853	0.00682	0.00763	0.00743	0.00943	0.00592	0.00557	0.01080	0.01672	0.02151	0.31884	0.05900	0.46663	0.01573	0.00792	0.00221	0.00331	0.01338	0.00668	0.00592
14	0.01634	0.01567	0.02675	0.08932	0.67629	0.01587	0.02046	0.02036	0.01515	0.02160	0.01257	0.01669	0.01051	0.00603	0.00665	0.00201	0.00804	0.00598	0.00330	0.01041
15	0.00793	0.00680	0.00680	0.00680	0.00906	0.00566	0.00510	0.00963	0.01529	0.01813	0.06797	0.06457	0.71961	0.01699	0.00793	0.00227	0.00340	0.01416	0.00623	0.00566
16	0.01709	0.01423	0.01644	0.01649	0.09366	0.01587	0.01167	0.13937	0.42996	0.02839	0.02512	0.09088	0.02089	0.01009	0.00705	0.00228	0.00585	0.03826	0.00635	0.01009
17	0.00938	0.00734	0.01039	0.01048	0.01198	0.00656	0.04505	0.01104	0.01316	0.01801	0.03230	0.61800	0.03783	0.01800	0.00804	0.00247	0.00445	0.01642	0.00577	0.11334
18	0.01545	0.01927	0.10472	0.02595	0.03213	0.01731	0.53990	0.02075	0.01492	0.02075	0.01278	0.01725	0.00983	0.00655	0.00967	0.00234	0.11090	0.00735	0.00328	0.00890
19	0.01768	0.63624	0.12655	0.01277	0.01896	0.05852	0.01332	0.02056	0.01396	0.01654	0.00974	0.01128	0.00860	0.00588	0.00466	0.00154	0.00777	0.00380	0.00289	0.00874
20	0.02368	0.01156	0.01461	0.01198	0.01638	0.01101	0.00970	0.03019	0.18032	0.44425	0.08830	0.02787	0.02245	0.00932	0.00692	0.00213	0.00538	0.03782	0.00763	0.03847
21	0.02472	0.11265	0.02082	0.01585	0.02007	0.46355	0.01251	0.15338	0.02077	0.07674	0.01259	0.01354	0.00978	0.00710	0.00603	0.00178	0.01014	0.00475	0.00438	0.00884
22	0.02212	0.01497	0.01667	0.01365	0.01803	0.01620	0.01092	0.32253	0.22273	0.15692	0.02277	0.07248	0.01761	0.03113	0.00767	0.00228	0.00622	0.00763	0.00692	0.01056
23	0.00835	0.00598	0.00794	0.00922	0.00977	0.00557	0.00624	0.00979	0.01367	0.01844	0.12870	0.66434	0.04693	0.02004	0.00848	0.00264	0.00380	0.01814	0.00638	0.00557
24	0.02458	0.01568	0.01765	0.01403	0.01896	0.01678	0.01143	0.35163	0.19669	0.22690	0.02174	0.02017	0.01509	0.00838	0.00675	0.00210	0.00641	0.00662	0.00718	0.01122
25	0.02484	0.02433	0.01818	0.01559	0.01962	0.41003	0.01205	0.18098	0.06013	0.11853	0.01517	0.01630	0.01156	0.03413	0.00733	0.00204	0.00959	0.00541	0.00506	0.00913
26	0.00963	0.00701	0.00986	0.00986	0.01074	0.00789	0.00724	0.01139	0.01051	0.01489	0.01881	0.03102	0.01880	0.24007	0.55062	0.00965	0.01492	0.00787	0.00372	0.00548
27	0.01554	0.01326	0.01418	0.01307	0.01641	0.01518	0.01003	0.03211	0.61631	0.02660	0.02861	0.12397	0.02370	0.01071	0.00706	0.00234	0.00512	0.00913	0.00675	0.00992

[dist]
# distance from previous block
# <min> <max>
0	7

[block]
# block no. 4 follows, 32 sequences, length 8
# corresponding to MSA columns:
# 249-256
name=unknown_E
#
# <colnr> <probs for GDERKNQSTAVLIFYWHMCP>
#	G	D	E	R	K	N	Q	S	T	A	V	L	I	F	Y	W	H	M	C	P
0	0.11221	0.01357	0.01380	0.01036	0.01591	0.06480	0.00825	0.01799	0.01399	0.02246	0.01149	0.01341	0.00951	0.00527	0.00495	0.00118	0.00554	0.00396	0.00396	0.64738
1	0.00809	0.00680	0.00702	0.00697	0.00916	0.00573	0.00523	0.00995	0.01568	0.01904	0.13596	0.06306	0.65105	0.01665	0.00793	0.00225	0.00337	0.01395	0.00635	0.00573
2	0.01669	0.01441	0.01517	0.01365	0.01745	0.01669	0.01062	0.03565	0.71021	0.02807	0.02731	0.02503	0.02048	0.00910	0.00683	0.00228	0.00531	0.00759	0.00683	0.01062
3	0.01391	0.01193	0.01391	0.00994	0.01590	0.00894	0.00795	0.01690	0.01391	0.02186	0.01193	0.01391	0.00994	0.00497	0.00497	0.00099	0.00497	0.00398	0.00398	0.80521
4	0.02425	0.01817	0.01943	0.01518	0.02033	0.02022	0.01245	0.60516	0.12840	0.04026	0.01771	0.01738	0.01271	0.00820	0.00673	0.00205	0.00709	0.00626	0.00673	0.01130
5	0.00860	0.00671	0.00774	0.00798	0.00964	0.00596	0.00590	0.01056	0.01549	0.01983	0.20416	0.17075	0.38734	0.05127	0.00932	0.00255	0.00376	0.06031	0.00639	0.00574
6	0.01412	0.01340	0.02273	0.48870	0.29429	0.01529	0.01935	0.01841	0.01410	0.01890	0.01218	0.01742	0.00956	0.00644	0.00668	0.00215	0.00859	0.00597	0.00311	0.00862
7	0.29622	0.01752	0.01434	0.01264	0.01657	0.15865	0.00995	0.09904	0.22516	0.02796	0.04778	0.01772	0.01449	0.00776	0.00578	0.00206	0.00674	0.00560	0.00524	0.00878

[dist]
# distance from previous block
# <min> <max>
2	11

[block]
# block no. 5 follows, 32 sequences, length 28
# corresponding to MSA columns:
# 268-295
name=unknown_F
#
# <colnr> <probs for GDERKNQSTAVLIFYWHMCP>
#	G	D	E	R	K	N	Q	S	T	A	V	L	I	F	Y	W	H	M	C	P
0	0.06813	0.01858	0.06048	0.02558	0.03212	0.04285	0.57428	0.02205	0.01576	0.05258	0.01369	0.01748	0.01016	0.00588	0.00750	0.00222	0.01065	0.00735	0.00364	0.00902
1	0.01545	0.36152	0.42010	0.01572	0.02377	0.02047	0.01886	0.02073	0.01393	0.01882	0.01083	0.01265	0.00855	0.00609	0.00545	0.00182	0.00870	0.00435	0.00285	0.00933
2	0.02284	0.01594	0.05184	0.01401	0.01896	0.01605	0.01176	0.23708	0.28262	0.22034	0.02291	0.02118	0.01608	0.00843	0.00675	0.00213	0.00628	0.00676	0.00699	0.01104
3	0.00893	0.00684	0.00818	0.00784	0.00967	0.00609	0.00588	0.01156	0.01764	0.02371	0.48148	0.05539	0.30262	0.01491	0.00792	0.00217	0.00325	0.01287	0.00696	0.00609
4	0.00970	0.00672	0.00839	0.00839	0.00876	0.00709	0.00540	0.01044	0.01007	0.01380	0.02016	0.03849	0.02204	0.54381	0.25131	0.00783	0.01005	0.00896	0.00392	0.00466
5	0.01966	0.01589	0.01684	0.01426	0.01858	0.01808	0.01134	0.25941	0.48162	0.03286	0.02354	0.02203	0.01743	0.00875	0.00679	0.00219	0.00601	0.00707	0.00679	0.01089
6	0.01391	0.01193	0.01391	0.00994	0.01590	0.00894	0.00795	0.01690	0.01391	0.02186	0.01193	0.01391	0.00994	0.00497	0.00497	0.00099	0.00497	0.00398	0.00398	0.80521
7	0.00800	0.00654	0.00707	0.00749	0.00925	0.00561	0.00541	0.00955	0.01463	0.01785	0.05954	0.25377	0.53586	0.01809	0.00810	0.00239	0.00353	0.01550	0.00623	0.00561
8	0.01960	0.01677	0.01675	0.01437	0.01856	0.06668	0.01135	0.21133	0.48322	0.03105	0.02319	0.02179	0.01727	0.00868	0.00674	0.00217	0.00632	0.00695	0.00657	0.01064
9	0.00820	0.00655	0.00735	0.00769	0.00937	0.00570	0.00556	0.00995	0.01513	0.01902	0.14553	0.24810	0.45297	0.01764	0.00810	0.00237	0.00350	0.01520	0.00638	0.00570
10	0.01499	0.01479	0.02661	0.30602	0.35226	0.01572	0.13290	0.01944	0.01467	0.02005	0.01252	0.01734	0.00992	0.00620	0.00688	0.00213	0.00890	0.00630	0.00321	0.00917
11	0.00830	0.00676	0.00735	0.00730	0.00932	0.00581	0.00544	0.01031	0.01602	0.02009	0.21578	0.09634	0.53491	0.01644	0.00796	0.00225	0.00337	0.01394	0.00650	0.00581
12	0.04018	0.21150	0.36966	0.01607	0.02317	0.15220	0.01788	0.02152	0.01510	0.01956	0.04665	0.01467	0.01128	0.00669	0.00582	0.00188	0.00917	0.00483	0.00323	0.00894
13	0.00959	0.00719	0.01078	0.01078	0.01198	0.00839	0.00839	0.01198	0.01078	0.01558	0.01797	0.02636	0.01677	0.05032	0.73760	0.01078	0.01797	0.00719	0.00359	0.00599
14	0.01472	0.06033	0.47774	0.02114	0.05866	0.04450	0.13658	0.02108	0.01440	0.02056	0.01193	0.01475	0.00891	0.00659	0.00761	0.00215	0.06039	0.00548	0.00298	0.00949
15	0.00844	0.00628	0.00772	0.00846	0.00946	0.00572	0.00583	0.00999	0.01423	0.01871	0.15647	0.42965	0.20513	0.06930	0.01004	0.00277	0.00383	0.01613	0.00627	0.00555
16	0.01858	0.14434	0.05893	0.18434	0.05666	0.13592	0.07442	0.15466	0.01825	0.02262	0.01299	0.01715	0.01054	0.00729	0.00686	0.00202	0.03232	0.02937	0.00393	0.00882
17	0.02146	0.05972	0.05528	0.04820	0.02205	0.48540	0.04048	0.02373	0.01663	0.01681	0.01032	0.01308	0.00874	0.00764	0.00894	0.00199	0.14358	0.00480	0.00329	0.00788
18	0.01391	0.01193	0.01391	0.00994	0.01590	0.00894	0.00795	0.01690	0.01391	0.02186	0.01193	0.01391	0.00994	0.00497	0.00497	0.00099	0.00497	0.00398	0.00398	0.80521
19	0.01628	0.01489	0.01931	0.05479	0.11754	0.05505	0.06185	0.04248	0.24815	0.04139	0.05346	0.02271	0.01716	0.06008	0.01144	0.00259	0.13979	0.00714	0.00490	0.00900
20	0.07414	0.01671	0.01674	0.01413	0.01848	0.05338	0.01126	0.26704	0.39093	0.03262	0.02133	0.02031	0.01582	0.00843	0.00657	0.00214	0.00636	0.00662	0.00644	0.01053
21	0.81159	0.01298	0.00986	0.00882	0.01298	0.01505	0.00727	0.01972	0.01142	0.03010	0.00934	0.01090	0.00727	0.00623	0.00415	0.00208	0.00519	0.00363	0.00415	0.00727
22	0.00872	0.00656	0.00807	0.00825	0.00969	0.00591	0.00598	0.01095	0.01634	0.02191	0.36036	0.24718	0.23242	0.01658	0.00810	0.00232	0.00343	0.01456	0.00676	0.00591
23	0.01336	0.01250	0.01936	0.25637	0.11505	0.04318	0.09470	0.01693	0.01455	0.01986	0.07967	0.07372	0.05619	0.00915	0.00809	0.00220	0.06481	0.00803	0.08470	0.00759
24	0.00976	0.00651	0.00732	0.00732	0.00732	0.00651	0.00407	0.00976	0.00976	0.01301	0.02114	0.04391	0.02439	0.76419	0.03415	0.00651	0.00651	0.00976	0.00407	0.00407
25	0.01794	0.76823	0.03516	0.01148	0.01722	0.02655	0.01148	0.02009	0.01363	0.01579	0.00933	0.01076	0.00861	0.00574	0.00431	0.00144	0.00718	0.00359	0.00287	0.00861
26	0.01669	0.01441	0.01517	0.01365	0.01745	0.01669	0.01062	0.03565	0.71021	0.02807	0.02731	0.02503	0.02048	0.00910	0.00683	0.00228	0.00531	0.00759	0.00683	0.01062
27	0.01440	0.00944	0.01126	0.00999	0.01274	0.00909	0.00764	0.09466	0.06523	0.11331	0.23630	0.15209	0.11344	0.03350	0.00809	0.00225	0.00446	0.01100	0.03135	0.05974

[dist]
# distance from previous block
# <min> <max>
1	3

[block]
# block no. 6 follows, 32 sequences, length 66
# corresponding to MSA columns:
# 299-364
name=unknown_G
#
# <colnr> <probs for GDERKNQSTAVLIFYWHMCP>
#	G	D	E	R	K	N	Q	S	T	A	V	L	I	F	Y	W	H	M	C	P
0	0.01600	0.02568	0.33974	0.02494	0.17421	0.05839	0.13859	0.06223	0.01581	0.02215	0.01240	0.01539	0.00944	0.00659	0.00755	0.00214	0.04995	0.00576	0.00331	0.00974
1	0.01501	0.01384	0.02067	0.01608	0.06140	0.01166	0.16233	0.04857	0.01521	0.02270	0.01252	0.01510	0.01010	0.00532	0.00580	0.00138	0.00666	0.00506	0.00393	0.54666
2	0.01373	0.01457	0.07499	0.01679	0.01877	0.01602	0.09458	0.01583	0.01127	0.01682	0.01117	0.01706	0.01027	0.01617	0.10164	0.10124	0.39715	0.00611	0.00310	0.04273
3	0.00914	0.00658	0.00866	0.00981	0.01052	0.00644	0.00682	0.04056	0.01358	0.01820	0.03445	0.64809	0.04048	0.02278	0.06842	0.00337	0.00527	0.03501	0.00603	0.00578
4	0.01166	0.00583	0.00874	0.00874	0.00874	0.00583	0.00583	0.00874	0.00874	0.01166	0.01166	0.02040	0.01166	0.02331	0.02622	0.80478	0.00583	0.00583	0.00291	0.00291
5	0.02392	0.02957	0.01849	0.01679	0.02029	0.63854	0.01264	0.02801	0.11370	0.01802	0.01269	0.01387	0.01026	0.00721	0.00616	0.00180	0.01117	0.00477	0.00392	0.00817
6	0.02124	0.00954	0.01239	0.01023	0.01384	0.00867	0.00818	0.02480	0.04922	0.40025	0.22082	0.03092	0.03002	0.00980	0.00679	0.00202	0.00461	0.00823	0.11922	0.00923
7	0.01002	0.00694	0.00954	0.00954	0.01057	0.00775	0.00710	0.01208	0.01105	0.01640	0.01908	0.02935	0.01821	0.17371	0.50987	0.00875	0.01386	0.00753	0.11298	0.00568
8	0.01708	0.01461	0.01539	0.01373	0.01760	0.01687	0.01072	0.06526	0.67997	0.02870	0.02681	0.02464	0.02008	0.00906	0.00682	0.00226	0.00540	0.00752	0.00682	0.01066
9	0.01815	0.01453	0.01550	0.01348	0.01743	0.01649	0.01061	0.14473	0.53200	0.04932	0.04752	0.02430	0.02013	0.00901	0.00677	0.00220	0.00552	0.00741	0.03443	0.01048
10	0.02508	0.03154	0.01905	0.01722	0.02075	0.71341	0.01296	0.04920	0.01943	0.01728	0.01056	0.01223	0.00874	0.00695	0.00607	0.00174	0.01194	0.00438	0.00357	0.00790
11	0.09890	0.01722	0.01747	0.01412	0.01889	0.06148	0.01144	0.37093	0.17618	0.11638	0.01878	0.01811	0.01344	0.00807	0.00646	0.00207	0.00681	0.00613	0.00648	0.01062
12	0.01346	0.03471	0.72942	0.01912	0.02904	0.01558	0.02479	0.02125	0.01417	0.02125	0.01204	0.01417	0.00850	0.00637	0.00637	0.00212	0.00992	0.00496	0.00283	0.00992
13	0.00895	0.00620	0.00793	0.00871	0.00948	0.00582	0.00600	0.00957	0.01246	0.01616	0.03747	0.38616	0.18280	0.06679	0.04765	0.14094	0.00500	0.03148	0.00540	0.00502
14	0.07864	0.01450	0.01062	0.00991	0.01233	0.22211	0.00751	0.01962	0.01559	0.04192	0.03676	0.02075	0.01516	0.00760	0.00519	0.00168	0.00600	0.00566	0.46152	0.00692
15	0.02204	0.01504	0.05682	0.01268	0.01727	0.01468	0.01084	0.32878	0.06502	0.16718	0.01992	0.01996	0.01417	0.00801	0.00622	0.00194	0.00607	0.00626	0.19708	0.01004
16	0.08271	0.01644	0.01718	0.01415	0.01874	0.01857	0.01140	0.35851	0.32486	0.03516	0.02045	0.01958	0.01503	0.00837	0.00656	0.00213	0.00631	0.00653	0.00656	0.01075
17	0.08754	0.01082	0.01409	0.01115	0.01569	0.00971	0.00911	0.02854	0.01857	0.56280	0.13400	0.02620	0.02323	0.00899	0.00673	0.00208	0.00527	0.00735	0.00784	0.01030
18	0.02542	0.01840	0.01983	0.01526	0.02058	0.02029	0.01259	0.65637	0.05063	0.06699	0.01681	0.01661	0.01186	0.00809	0.00672	0.00202	0.00726	0.00611	0.00677	0.01139
19	0.01379	0.01297	0.01692	0.04748	0.01760	0.07042	0.04239	0.05267	0.01273	0.01762	0.01373	0.02002	0.01253	0.02773	0.33499	0.00620	0.26322	0.00644	0.00350	0.00708
20	0.01166	0.00583	0.00874	0.00874	0.00874	0.00583	0.00583	0.00874	0.00874	0.01166	0.01166	0.02040	0.01166	0.02331	0.02622	0.80478	0.00583	0.00583	0.00291	0.00291
21	0.00990	0.00709	0.00970	0.01084	0.01211	0.00689	0.00880	0.01253	0.01550	0.02069	0.17010	0.23945	0.04489	0.01820	0.00883	0.00281	0.00502	0.38418	0.00643	0.00603
22	0.01391	0.01193	0.01391	0.00994	0.01590	0.00894	0.00795	0.01690	0.01391	0.02186	0.01193	0.01391	0.00994	0.00497	0.00497	0.00099	0.00497	0.00398	0.00398	0.80521
23	0.01251	0.00625	0.00625	0.00625	0.00782	0.00625	0.00469	0.01563	0.01407	0.02502	0.02189	0.02502	0.01720	0.00782	0.00469	0.00156	0.00313	0.00625	0.80144	0.00625
24	0.00908	0.00684	0.00838	0.00800	0.00977	0.00615	0.00600	0.01185	0.01800	0.02454	0.54367	0.05401	0.23991	0.01460	0.00792	0.00215	0.00323	0.01268	0.00708	0.00615
25	0.02061	0.49190	0.02910	0.01366	0.01854	0.29329	0.01204	0.02261	0.01565	0.01602	0.00972	0.01127	0.00862	0.00618	0.00496	0.00155	0.00902	0.00386	0.00309	0.00830
26	0.01652	0.01227	0.01393	0.01265	0.01573	0.01331	0.00992	0.19466	0.23449	0.05924	0.04649	0.21589	0.02723	0.01299	0.00753	0.00240	0.00553	0.08361	0.00666	0.00894
27	0.00908	0.00645	0.00838	0.00961	0.01021	0.00621	0.00666	0.02762	0.01327	0.01765	0.03456	0.58837	0.04073	0.10152	0.01139	0.00316	0.00452	0.08912	0.00600	0.00553
28	0.01702	0.61740	0.17791	0.01305	0.01965	0.02429	0.01422	0.02033	0.01374	0.01691	0.00989	0.01146	0.00859	0.00587	0.00473	0.00158	0.00774	0.00387	0.00286	0.00888
29	0.01346	0.03471	0.72942	0.01912	0.02904	0.01558	0.02479	0.02125	0.01417	0.02125	0.01204	0.01417	0.00850	0.00637	0.00637	0.00212	0.00992	0.00496	0.00283	0.00992
30	0.01661	0.01594	0.02724	0.04119	0.72233	0.01594	0.02059	0.02059	0.01528	0.02192	0.01262	0.01661	0.01063	0.00598	0.00664	0.00199	0.00797	0.00598	0.00332	0.01063
31	0.01740	0.01098	0.01148	0.00971	0.01271	0.01174	0.00773	0.27335	0.02065	0.03152	0.01971	0.02166	0.01502	0.00791	0.00545	0.00173	0.00473	0.00617	0.50215	0.00820
32	0.01716	0.01431	0.01519	0.01359	0.01744	0.01645	0.01059	0.03555	0.68584	0.05272	0.02728	0.02496	0.02035	0.00908	0.00682	0.00227	0.00532	0.00756	0.00688	0.01065
33	0.01158	0.00587	0.00881	0.00881	0.00885	0.00592	0.00592	0.00885	0.00881	0.01179	0.01187	0.02060	0.01183	0.02425	0.05090	0.77724	0.00625	0.00587	0.00294	0.00302
34	0.01359	0.05618	0.70910	0.01890	0.02869	0.01590	0.02440	0.02122	0.01415	0.02109	0.01196	0.01407	0.00850	0.00636	0.00631	0.00210	0.00984	0.00492	0.00283	0.00988
35	0.00823	0.00635	0.00752	0.00819	0.00949	0.00564	0.00578	0.00985	0.01457	0.01868	0.12950	0.39179	0.32333	0.01852	0.00823	0.00246	0.00361	0.01625	0.00637	0.00564
36	0.01366	0.06751	0.69838	0.01878	0.02851	0.01607	0.02420	0.02120	0.01414	0.02101	0.01192	0.01401	0.00850	0.00635	0.00628	0.00209	0.00979	0.00490	0.00283	0.00986
37	0.00859	0.00669	0.00699	0.00699	0.00843	0.00597	0.00472	0.00968	0.01329	0.01628	0.05104	0.05710	0.46827	0.28713	0.01741	0.00380	0.00452	0.01257	0.00545	0.00509
38	0.02415	0.01832	0.01915	0.01493	0.02000	0.04073	0.01224	0.61582	0.05513	0.03961	0.01936	0.01913	0.05278	0.00858	0.00677	0.00203	0.00721	0.00652	0.00659	0.01094
39	0.00918	0.00685	0.00853	0.00811	0.00983	0.00620	0.00608	0.01205	0.01824	0.02513	0.58698	0.05305	0.19624	0.01438	0.00792	0.00214	0.00321	0.01255	0.00715	0.00620
40	0.01391	0.01193	0.01391	0.00994	0.01590	0.00894	0.00795	0.01690	0.01391	0.02186	0.01193	0.01391	0.00994	0.00497	0.00497	0.00099	0.00497	0.00398	0.00398	0.80521
41	0.01514	0.01444	0.02458	0.30550	0.46952	0.01556	0.01986	0.01930	0.01458	0.02013	0.01236	0.01709	0.01000	0.00625	0.00667	0.00208	0.00834	0.00597	0.00319	0.00944
42	0.01511	0.01388	0.02144	0.12613	0.40094	0.01471	0.01649	0.02185	0.15680	0.02185	0.01809	0.09066	0.01602	0.02758	0.00758	0.00227	0.00713	0.00766	0.00429	0.00954
43	0.00935	0.00685	0.00877	0.00829	0.00993	0.00627	0.00622	0.01238	0.01865	0.02609	0.65805	0.05147	0.12457	0.01402	0.00792	0.00212	0.00319	0.01232	0.00728	0.00627
44	0.03819	0.01481	0.02454	0.20550	0.48760	0.01603	0.01929	0.01941	0.01434	0.02058	0.01207	0.01660	0.00999	0.00661	0.00778	0.00213	0.06588	0.00590	0.00323	0.00953
45	0.01861	0.60069	0.08987	0.01295	0.01871	0.12917	0.01279	0.02116	0.01446	0.01633	0.00970	0.01124	0.00861	0.00596	0.00473	0.00153	0.00812	0.00381	0.00295	0.00860
46	0.00795	0.00672	0.00687	0.00699	0.00912	0.00565	0.00519	0.00961	0.01510	0.01805	0.06557	0.11855	0.66719	0.01731	0.00798	0.00230	0.00344	0.01454	0.00623	0.00565
47	0.65656	0.10064	0.01258	0.00898	0.01317	0.01567	0.00759	0.01898	0.01198	0.02750	0.01389	0.01505	0.06273	0.00701	0.00446	0.00202	0.00528	0.00445	0.00416	0.00730
48	0.09114	0.01296	0.01433	0.01417	0.07033	0.01428	0.01012	0.02804	0.43566	0.02664	0.07451	0.04676	0.04050	0.00920	0.00653	0.00214	0.00516	0.00767	0.03417	0.05569
49	0.02046	0.01786	0.07320	0.03817	0.02062	0.01841	0.01296	0.36735	0.24607	0.03348	0.01919	0.01976	0.01437	0.03352	0.00813	0.00229	0.03093	0.00657	0.00612	0.01054
50	0.01853	0.06204	0.02602	0.03419	0.53081	0.11575	0.01841	0.07416	0.01696	0.02239	0.01239	0.01561	0.01030	0.00625	0.00643	0.00193	0.00845	0.00562	0.00358	0.01018
51	0.00974	0.00804	0.01108	0.06705	0.01443	0.00770	0.04746	0.01292	0.03911	0.02126	0.25356	0.15686	0.25533	0.01496	0.00797	0.00233	0.00452	0.05313	0.00619	0.00637
