[name]
unknown

[dist]
# distance from previous block
# <min> <max>
0	28

[block]
# block no. 0 follows, 34 sequences, length 14
# corresponding to MSA columns:
# 28-41
name=unknown_A
#
# <colnr> <probs for GDERKNQSTAVLIFYWHMCP>
#	G	D	E	R	K	N	Q	S	T	A	V	L	I	F	Y	W	H	M	C	P
0	0.06540	0.00692	0.00854	0.00955	0.01054	0.00687	0.00683	0.04610	0.01345	0.01889	0.03259	0.60805	0.03807	0.01837	0.00793	0.00258	0.00423	0.08348	0.00588	0.00573
1	0.02456	0.01810	0.01939	0.01487	0.02004	0.02004	0.01228	0.71107	0.03038	0.04072	0.01551	0.01551	0.01099	0.00776	0.00646	0.00194	0.00711	0.00582	0.00646	0.01099
2	0.00787	0.00562	0.00750	0.00900	0.00937	0.00525	0.00600	0.00900	0.01237	0.01649	0.03561	0.76871	0.04274	0.02024	0.00825	0.00262	0.00375	0.01837	0.00600	0.00525
3	0.00924	0.00687	0.01013	0.01013	0.01119	0.00794	0.00776	0.01137	0.01031	0.01481	0.01754	0.02669	0.01672	0.10441	0.69214	0.01007	0.01645	0.00711	0.00350	0.00563
4	0.02116	0.01400	0.01546	0.01265	0.01686	0.01516	0.01019	0.28588	0.24842	0.16246	0.02148	0.02049	0.01538	0.00810	0.00628	0.00198	0.00569	0.00645	0.10175	0.01016
5	0.00895	0.00660	0.00836	0.00792	0.00953	0.00601	0.00594	0.01181	0.01782	0.02480	0.64186	0.05010	0.14901	0.01362	0.00762	0.00205	0.00308	0.01194	0.00697	0.00601
6	0.01462	0.05600	0.32386	0.04324	0.12441	0.03672	0.23897	0.02026	0.01424	0.01998	0.01186	0.01508	0.00901	0.00606	0.00714	0.00207	0.03860	0.00580	0.00299	0.00911
7	0.11745	0.01147	0.01456	0.01130	0.01620	0.01051	0.00933	0.05907	0.01816	0.62789	0.02321	0.02043	0.01477	0.00776	0.00622	0.00200	0.00551	0.00613	0.00748	0.01055
8	0.00867	0.00644	0.00800	0.00789	0.00933	0.00585	0.00576	0.01105	0.01642	0.02240	0.47198	0.15171	0.19280	0.04216	0.00862	0.00230	0.00331	0.01293	0.00662	0.00577
9	0.00796	0.00577	0.00752	0.00874	0.00934	0.00533	0.00592	0.00928	0.01303	0.01733	0.09414	0.65574	0.09729	0.01937	0.00815	0.00254	0.00366	0.01746	0.00609	0.00533
10	0.00779	0.00648	0.00680	0.00688	0.00886	0.00549	0.00510	0.00950	0.01485	0.01811	0.12080	0.11812	0.61620	0.01640	0.00768	0.00220	0.00329	0.01385	0.00610	0.00549
11	0.00787	0.00562	0.00750	0.00900	0.00937	0.00525	0.00600	0.00900	0.01237	0.01649	0.03561	0.76871	0.04274	0.02024	0.00825	0.00262	0.00375	0.01837	0.00600	0.00525
12	0.01775	0.72489	0.03278	0.01144	0.01682	0.07578	0.01116	0.01980	0.01349	0.01524	0.00905	0.01045	0.00829	0.00561	0.00426	0.00140	0.00724	0.00350	0.00280	0.00824
13	0.25215	0.02052	0.01924	0.01563	0.02008	0.25554	0.12443	0.17462	0.01837	0.02593	0.01143	0.01311	0.00877	0.00651	0.00573	0.00191	0.00860	0.00490	0.00421	0.00832

[dist]
# distance from previous block
# <min> <max>
0	21

[block]
# block no. 1 follows, 34 sequences, length 17
# corresponding to MSA columns:
# 63-79
name=unknown_B
#
# <colnr> <probs for GDERKNQSTAVLIFYWHMCP>
#	G	D	E	R	K	N	Q	S	T	A	V	L	I	F	Y	W	H	M	C	P
0	0.01664	0.09772	0.24336	0.02114	0.11153	0.01649	0.17880	0.06652	0.05858	0.08258	0.01398	0.01597	0.01038	0.00645	0.00686	0.00202	0.03184	0.00582	0.00384	0.00949
1	0.76315	0.01289	0.01019	0.00894	0.01302	0.01488	0.00737	0.06730	0.01235	0.02981	0.00945	0.01085	0.00728	0.00612	0.00417	0.00200	0.00515	0.00366	0.00417	0.00728
2	0.09960	0.10045	0.13966	0.04855	0.28762	0.13147	0.03811	0.04516	0.01507	0.02089	0.01119	0.01384	0.00903	0.00605	0.00582	0.00187	0.00836	0.00493	0.00329	0.00903
3	0.01220	0.01148	0.01938	0.75739	0.04450	0.01436	0.01794	0.01651	0.01292	0.01651	0.01148	0.01723	0.00861	0.00646	0.00646	0.00215	0.00861	0.00574	0.00287	0.00718
4	0.00822	0.00646	0.00742	0.00742	0.00914	0.00567	0.00547	0.01031	0.01575	0.02044	0.30486	0.14132	0.40317	0.01567	0.00770	0.00218	0.00325	0.01349	0.00641	0.00567
5	0.00972	0.00757	0.01106	0.01079	0.01175	0.00908	0.00837	0.01178	0.01027	0.01488	0.01667	0.02548	0.01593	0.09569	0.62706	0.00937	0.08838	0.00697	0.00343	0.00576
6	0.06959	0.01250	0.01503	0.01195	0.01651	0.01241	0.00974	0.15926	0.11201	0.42221	0.07188	0.02222	0.01816	0.00830	0.00644	0.00202	0.00556	0.00667	0.00723	0.01033
7	0.01682	0.01693	0.02542	0.03731	0.66000	0.08990	0.01908	0.02044	0.01508	0.02057	0.01193	0.01555	0.01004	0.00585	0.00634	0.00189	0.00808	0.00559	0.00321	0.00996
8	0.00923	0.00692	0.01038	0.01038	0.01154	0.00808	0.00808	0.01154	0.01038	0.01500	0.01731	0.02538	0.01615	0.04846	0.74732	0.01038	0.01731	0.00692	0.00346	0.00577
9	0.00927	0.00678	0.00968	0.00968	0.01059	0.00769	0.00720	0.01108	0.01018	0.01448	0.01795	0.02896	0.01771	0.20185	0.59605	0.00951	0.01497	0.00745	0.00356	0.00538
10	0.01659	0.01834	0.08349	0.06239	0.06932	0.11436	0.19162	0.05709	0.06455	0.04719	0.04095	0.01758	0.01233	0.00870	0.02902	0.00239	0.14547	0.00632	0.00385	0.00846
11	0.06369	0.01243	0.01428	0.01057	0.01601	0.01074	0.00857	0.11934	0.01649	0.13226	0.01404	0.01483	0.01060	0.00577	0.00524	0.00132	0.00524	0.00450	0.00485	0.52925
12	0.01340	0.01148	0.01340	0.00957	0.01531	0.00861	0.00766	0.01627	0.01340	0.02105	0.01148	0.01340	0.00957	0.00479	0.00479	0.00096	0.00479	0.00383	0.00383	0.81242
13	0.01410	0.01400	0.01946	0.01658	0.01688	0.01922	0.01380	0.01559	0.01008	0.01583	0.00864	0.01410	0.00854	0.01097	0.02036	0.00273	0.72214	0.00556	0.00288	0.04855
14	0.06758	0.03729	0.20486	0.07032	0.03752	0.05155	0.09205	0.05730	0.10160	0.04342	0.10488	0.06821	0.01895	0.00832	0.00653	0.00207	0.00737	0.00718	0.00450	0.00849
15	0.06699	0.03912	0.13047	0.01546	0.05392	0.05497	0.07846	0.11203	0.03215	0.09179	0.09401	0.01883	0.01589	0.00722	0.00655	0.00184	0.02860	0.00594	0.00467	0.14109
16	0.01615	0.10147	0.13344	0.01351	0.03649	0.08691	0.03172	0.10401	0.03924	0.07644	0.12729	0.04548	0.09986	0.00903	0.00639	0.00189	0.00662	0.00736	0.00497	0.05172

[dist]
# distance from previous block
# <min> <max>
2	17

[block]
# block no. 2 follows, 34 sequences, length 73
# corresponding to MSA columns:
# 97-169
name=unknown_C
#
# <colnr> <probs for GDERKNQSTAVLIFYWHMCP>
#	G	D	E	R	K	N	Q	S	T	A	V	L	I	F	Y	W	H	M	C	P
0	0.01128	0.00877	0.01129	0.01097	0.01244	0.02908	0.03829	0.05761	0.01411	0.05010	0.03169	0.50376	0.08469	0.01653	0.00887	0.00245	0.06478	0.01448	0.00562	0.02317
1	0.01670	0.00957	0.01192	0.01090	0.04019	0.00938	0.00779	0.09784	0.01575	0.20815	0.06261	0.06175	0.06339	0.23922	0.03034	0.00347	0.02325	0.02134	0.03998	0.02645
2	0.18022	0.04197	0.01948	0.01848	0.14431	0.08586	0.07940	0.15439	0.08708	0.02615	0.03616	0.01679	0.01231	0.02850	0.00691	0.00206	0.01908	0.00565	0.00448	0.03070
3	0.02275	0.04178	0.01870	0.01487	0.01935	0.19116	0.01193	0.40987	0.14933	0.03169	0.01593	0.01598	0.01183	0.00761	0.00627	0.00190	0.00782	0.00562	0.00564	0.00995
4	0.00999	0.00804	0.00906	0.00907	0.01043	0.05074	0.00658	0.03106	0.01649	0.02222	0.40744	0.29115	0.07287	0.01517	0.00769	0.00221	0.00392	0.01341	0.00645	0.00600
5	0.01632	0.01596	0.02591	0.03875	0.70434	0.04438	0.01954	0.02007	0.01486	0.02090	0.01207	0.01582	0.01016	0.00579	0.00637	0.00191	0.00783	0.00569	0.00320	0.01013
6	0.01431	0.01391	0.02464	0.15460	0.42641	0.01416	0.12103	0.01822	0.01447	0.02005	0.03778	0.06298	0.03393	0.00722	0.00677	0.00205	0.00781	0.00719	0.00352	0.00893
7	0.01510	0.01850	0.08503	0.02664	0.03338	0.01625	0.66332	0.02068	0.01514	0.02068	0.01297	0.01718	0.00970	0.00549	0.00753	0.00217	0.01080	0.00743	0.00323	0.00877
8	0.01348	0.01436	0.08364	0.12836	0.39649	0.01309	0.01657	0.01770	0.04052	0.01973	0.01953	0.12766	0.06360	0.00880	0.00674	0.00209	0.00701	0.00807	0.00383	0.00871
9	0.01394	0.06464	0.65632	0.01839	0.04686	0.01524	0.02256	0.02088	0.01386	0.05184	0.01211	0.01393	0.00859	0.00618	0.00607	0.00201	0.00920	0.00482	0.00298	0.00958
10	0.00930	0.00625	0.00721	0.00729	0.00736	0.00628	0.00420	0.00946	0.00961	0.01286	0.02113	0.08430	0.02433	0.69995	0.05979	0.00621	0.00655	0.00983	0.00402	0.00407
11	0.01296	0.03342	0.73944	0.01842	0.02797	0.01501	0.02387	0.02046	0.01364	0.02046	0.01160	0.01364	0.00818	0.00614	0.00614	0.00205	0.00955	0.00477	0.00273	0.00955
12	0.01852	0.01507	0.03609	0.02417	0.30374	0.02768	0.03800	0.18005	0.07668	0.10173	0.01804	0.09886	0.01524	0.00829	0.00666	0.00204	0.00690	0.00736	0.00504	0.00983
13	0.01621	0.01953	0.12279	0.18498	0.15021	0.11030	0.16968	0.06684	0.05730	0.02089	0.01291	0.01614	0.00986	0.00632	0.00659	0.00203	0.00917	0.00592	0.00351	0.00883
14	0.00804	0.00569	0.00745	0.00879	0.00912	0.00536	0.00577	0.00904	0.01205	0.01606	0.03396	0.68981	0.04064	0.10199	0.01092	0.00302	0.00402	0.01739	0.00577	0.00510
15	0.01248	0.00783	0.00987	0.00915	0.00996	0.00830	0.00635	0.01325	0.01130	0.10542	0.05544	0.03710	0.02280	0.47759	0.04900	0.02334	0.09238	0.03851	0.00452	0.00540
16	0.04014	0.01497	0.02297	0.16997	0.34080	0.04672	0.07125	0.07342	0.01617	0.12014	0.01400	0.01679	0.01056	0.00637	0.00643	0.00199	0.00787	0.00588	0.00408	0.00948
17	0.01520	0.01454	0.02479	0.19042	0.58808	0.01514	0.01943	0.01913	0.01434	0.02014	0.01201	0.01625	0.00989	0.00590	0.00641	0.00197	0.00787	0.00575	0.00313	0.00959
18	0.01510	0.01297	0.01373	0.01253	0.01590	0.01482	0.00968	0.03140	0.63858	0.02586	0.02902	0.07209	0.06006	0.00989	0.00674	0.00222	0.00493	0.00833	0.00651	0.00966
19	0.06507	0.01331	0.01890	0.01673	0.04842	0.01708	0.04054	0.01757	0.01136	0.09515	0.01141	0.01587	0.00995	0.01309	0.07501	0.00322	0.51039	0.00580	0.00355	0.00759
20	0.08444	0.01511	0.02480	0.03700	0.67120	0.01528	0.01874	0.01976	0.01440	0.02178	0.01188	0.01552	0.00996	0.00578	0.00619	0.00193	0.00745	0.00556	0.00327	0.00996
21	0.01629	0.01712	0.03391	0.02673	0.10686	0.01680	0.52494	0.09533	0.01657	0.02266	0.01301	0.01690	0.00991	0.00602	0.00803	0.00216	0.04699	0.00713	0.00359	0.00904
22	0.01926	0.39651	0.12386	0.01415	0.01940	0.29427	0.01333	0.02192	0.01514	0.01615	0.00971	0.01129	0.00829	0.00603	0.00505	0.00158	0.00904	0.00390	0.00297	0.00816
23	0.11050	0.06225	0.01726	0.01272	0.01738	0.04826	0.01047	0.32087	0.05620	0.22097	0.01754	0.01769	0.01253	0.03786	0.00709	0.00210	0.00651	0.00574	0.00614	0.00992
24	0.01490	0.28205	0.47211	0.01580	0.02381	0.01876	0.01908	0.04956	0.01418	0.01956	0.01089	0.01262	0.00834	0.00600	0.00548	0.00182	0.00856	0.00438	0.00290	0.00919
25	0.00769	0.00645	0.00669	0.00684	0.00882	0.00544	0.00505	0.00930	0.01454	0.01752	0.07525	0.13865	0.64221	0.01672	0.00770	0.00223	0.00332	0.01411	0.00602	0.00544
26	0.00957	0.00766	0.01164	0.01152	0.01308	0.00727	0.08338	0.02638	0.01384	0.01819	0.03521	0.45125	0.10137	0.01748	0.00823	0.00260	0.00504	0.16468	0.00570	0.00592
27	0.00816	0.00644	0.00737	0.00782	0.00942	0.00570	0.00583	0.00992	0.01442	0.01809	0.11372	0.21611	0.42847	0.03457	0.00849	0.00245	0.00372	0.08776	0.00605	0.00548
28	0.00946	0.00651	0.00781	0.00800	0.00834	0.00660	0.00500	0.02788	0.01067	0.01435	0.02312	0.19219	0.02645	0.52057	0.10050	0.00581	0.00689	0.01093	0.00437	0.00457
29	0.01603	0.17190	0.46370	0.01648	0.02424	0.08282	0.01918	0.09574	0.01578	0.02125	0.01138	0.01305	0.00852	0.00625	0.00577	0.00188	0.00897	0.00458	0.00319	0.00928
30	0.10517	0.48024	0.09775	0.01255	0.01790	0.15907	0.01215	0.02063	0.01392	0.01733	0.00943	0.01094	0.00815	0.00585	0.00464	0.00157	0.00785	0.00372	0.00300	0.00812
31	0.01634	0.01531	0.01879	0.13223	0.04049	0.07938	0.01383	0.14945	0.01534	0.02076	0.01231	0.03694	0.01116	0.02700	0.01392	0.00251	0.35506	0.02760	0.00379	0.00780
32	0.00785	0.00570	0.00741	0.00878	0.00931	0.00527	0.00590	0.00902	0.01258	0.01658	0.03826	0.70607	0.10366	0.01990	0.00819	0.00258	0.00371	0.01795	0.00600	0.00527
33	0.00892	0.00660	0.00832	0.00789	0.00951	0.00600	0.00592	0.01176	0.01776	0.02464	0.62979	0.05035	0.16118	0.01368	0.00762	0.00205	0.00308	0.01198	0.00695	0.00600
34	0.00841	0.00637	0.00868	0.08997	0.01300	0.00631	0.00708	0.00986	0.01245	0.01634	0.03452	0.58648	0.09382	0.06310	0.00947	0.00275	0.00439	0.01608	0.00553	0.00540
35	0.00925	0.00685	0.01002	0.01002	0.01105	0.00788	0.00762	0.01131	0.01028	0.01473	0.01764	0.02722	0.01695	0.12714	0.66972	0.00994	0.01611	0.00719	0.00351	0.00557
36	0.01542	0.01585	0.05668	0.11285	0.58769	0.01529	0.06230	0.01956	0.01451	0.02058	0.01212	0.01611	0.00995	0.00583	0.00647	0.00196	0.00805	0.00583	0.00315	0.00979
37	0.01308	0.02905	0.58544	0.09952	0.06014	0.01525	0.02245	0.01970	0.01338	0.01976	0.01142	0.01417	0.00834	0.00648	0.00711	0.00210	0.05569	0.00498	0.00277	0.00917
38	0.01021	0.00711	0.00944	0.00935	0.01060	0.00798	0.00707	0.01339	0.05469	0.01723	0.01892	0.02689	0.01725	0.11679	0.48052	0.00772	0.01259	0.00704	0.15933	0.00589
39	0.01464	0.00966	0.01142	0.01036	0.01314	0.00968	0.00815	0.09103	0.13664	0.13170	0.17959	0.11360	0.15399	0.01280	0.00734	0.00222	0.00457	0.07499	0.00667	0.00783
40	0.01760	0.74120	0.03312	0.01132	0.01675	0.06000	0.01112	0.01966	0.01338	0.01523	0.00903	0.01043	0.00829	0.00558	0.00423	0.00140	0.00714	0.00349	0.00279	0.00825
41	0.00955	0.00672	0.00856	0.00821	0.00987	0.00613	0.00620	0.01228	0.01737	0.04648	0.55212	0.08642	0.15097	0.01402	0.00767	0.00212	0.00331	0.03901	0.00688	0.00611
42	0.01639	0.01293	0.01388	0.01198	0.01549	0.01432	0.00944	0.19780	0.35779	0.02941	0.12170	0.02810	0.07646	0.00962	0.00665	0.00207	0.00507	0.00793	0.05372	0.00925
43	0.00799	0.00603	0.00739	0.00817	0.00923	0.00543	0.00570	0.00955	0.01392	0.01816	0.14698	0.46025	0.24156	0.01809	0.00798	0.00241	0.00351	0.01603	0.00616	0.00543
44	0.00952	0.00675	0.00953	0.00947	0.01062	0.00753	0.00722	0.01183	0.01150	0.01695	0.09522	0.02886	0.02155	0.08877	0.54352	0.00830	0.01356	0.00751	0.08607	0.00571
45	0.00819	0.00587	0.00778	0.00878	0.00944	0.00546	0.00602	0.00979	0.01385	0.01884	0.20873	0.58888	0.04729	0.01849	0.00809	0.00248	0.00357	0.01670	0.00628	0.00546
46	0.00848	0.00648	0.00782	0.00788	0.00946	0.00581	0.00587	0.01074	0.01598	0.02121	0.35843	0.16264	0.29227	0.01560	0.00778	0.00222	0.00337	0.04571	0.00650	0.00574
47	0.72912	0.01246	0.01020	0.00890	0.01302	0.01413	0.00733	0.03327	0.01207	0.09595	0.01067	0.01167	0.00792	0.00622	0.00428	0.00200	0.00509	0.00383	0.00442	0.00745
48	0.04232	0.08170	0.01874	0.01323	0.01790	0.04170	0.01101	0.33338	0.02110	0.07028	0.01346	0.01453	0.01024	0.00719	0.00739	0.00176	0.08845	0.00505	0.00505	0.19552
49	0.03548	0.03170	0.00981	0.00902	0.01119	0.00722	0.00689	0.01443	0.01457	0.15551	0.05895	0.30115	0.23495	0.01553	0.00752	0.00233	0.00424	0.06663	0.00625	0.00663
50	0.01832	0.28077	0.23016	0.01544	0.02171	0.15269	0.04495	0.12652	0.01694	0.02094	0.01108	0.01262	0.00874	0.00624	0.00552	0.00174	0.00873	0.00450	0.00344	0.00893
51	0.09987	0.02877	0.58359	0.01662	0.02508	0.01435	0.02053	0.02150	0.01389	0.09920	0.01283	0.01422	0.00891	0.00633	0.00595	0.00204	0.00863	0.00483	0.00343	0.00944
52	0.02414	0.03079	0.01831	0.01665	0.01998	0.74698	0.01248	0.02580	0.01831	0.01581	0.00999	0.01165	0.00832	0.00666	0.00583	0.00166	0.01165	0.00416	0.00333	0.00749
53	0.01296	0.03342	0.73944	0.01842	0.02797	0.01501	0.02387	0.02046	0.01364	0.02046	0.01160	0.01364	0.00818	0.00614	0.00614	0.00205	0.00955	0.00477	0.00273	0.00955
54	0.00800	0.00639	0.00718	0.00748	0.00916	0.00557	0.00551	0.00977	0.01472	0.01848	0.14841	0.20920	0.46831	0.01681	0.00781	0.00228	0.00344	0.03981	0.00615	0.00552
55	0.00864	0.00644	0.00803	0.00794	0.00942	0.00584	0.00584	0.01110	0.01665	0.02273	0.48685	0.16113	0.19573	0.01493	0.00772	0.00215	0.00320	0.01311	0.00671	0.00584
56	0.00801	0.00573	0.00762	0.00890	0.00940	0.00534	0.00601	0.00934	0.01301	0.01752	0.11094	0.69046	0.04472	0.01948	0.00818	0.00256	0.00367	0.01764	0.00612	0.00534
57	0.01594	0.14716	0.03574	0.02357	0.02952	0.05026	0.52993	0.02047	0.01480	0.01933	0.01204	0.01583	0.00942	0.00576	0.00753	0.00205	0.04226	0.00668	0.00317	0.00852
58	0.01513	0.17858	0.14155	0.01844	0.02423	0.04106	0.28674	0.01989	0.03363	0.04259	0.09124	0.04712	0.01644	0.00718	0.00656	0.00197	0.00842	0.00698	0.00384	0.00841
59	0.11240	0.01117	0.01342	0.01105	0.01517	0.01098	0.00890	0.02804	0.16571	0.41040	0.12011	0.02474	0.02192	0.00865	0.00639	0.00204	0.00503	0.00704	0.00713	0.00971
60	0.00901	0.00610	0.00716	0.00754	0.00764	0.00601	0.00445	0.00929	0.01015	0.01354	0.02425	0.22739	0.02839	0.58113	0.02661	0.00534	0.00562	0.01168	0.00445	0.00425
61	0.10307	0.06601	0.09600	0.01415	0.01903	0.15976	0.01237	0.21095	0.15758	0.07533	0.01573	0.01585	0.01164	0.00727	0.00593	0.00192	0.00753	0.00534	0.00510	0.00943
62	0.25749	0.01143	0.01340	0.01063	0.01534	0.01094	0.00877	0.02787	0.01632	0.53217	0.02072	0.01867	0.01339	0.00742	0.00577	0.00200	0.00535	0.00563	0.00684	0.00984
63	0.00855	0.00644	0.00738	0.00760	0.00879	0.00599	0.00531	0.00983	0.01281	0.01632	0.08342	0.13051	0.31708	0.24844	0.05995	0.00400	0.00522	0.05204	0.00528	0.00505
64	0.01651	0.01397	0.02339	0.20565	0.49277	0.01448	0.01826	0.02031	0.01470	0.09779	0.01344	0.01693	0.01048	0.00617	0.00642	0.00198	0.00766	0.00583	0.00364	0.00960
65	0.25714	0.32137	0.02044	0.01066	0.01480	0.08139	0.00929	0.06105	0.01417	0.02160	0.04656	0.08956	0.01408	0.00776	0.00497	0.00178	0.00625	0.00558	0.00395	0.00759
66	0.06382	0.01565	0.01757	0.01353	0.01859	0.01654	0.01117	0.46961	0.02581	0.25374	0.01826	0.01726	0.01233	0.00775	0.00636	0.00196	0.00651	0.00592	0.00682	0.01080
67	0.00791	0.00587	0.00740	0.00860	0.00938	0.00536	0.00593	0.00920	0.01293	0.01678	0.04158	0.60277	0.18104	0.01938	0.00815	0.00255	0.00373	0.04013	0.00600	0.00531
68	0.01485	0.33648	0.42063	0.01631	0.05338	0.01934	0.01846	0.01998	0.01348	0.01834	0.01055	0.01240	0.00832	0.00587	0.00534	0.00177	0.00839	0.00428	0.00276	0.00906
69	0.00824	0.00589	0.00790	0.00930	0.00987	0.00555	0.00653	0.00968	0.01295	0.01729	0.06855	0.65054	0.04294	0.01962	0.00830	0.00264	0.00398	0.09881	0.00605	0.00537
70	0.00837	0.00769	0.04230	0.00800	0.01002	0.00606	0.00635	0.01060	0.01529	0.01987	0.24918	0.17885	0.38288	0.01564	0.00767	0.00221	0.00359	0.01347	0.00616	0.00580
71	0.00803	0.00573	0.00768	0.00918	0.00962	0.00538	0.00627	0.00927	0.01252	0.01667	0.03553	0.72581	0.04239	0.02010	0.00829	0.00265	0.00388	0.05971	0.00599	0.00529
72	0.07081	0.21185	0.03839	0.01471	0.03704	0.37465	0.01186	0.02349	0.01614	0.09017	0.02638	0.01331	0.01017	0.00671	0.00586	0.00171	0.03046	0.00444	0.00375	0.00810

[dist]
# distance from previous block
# <min> <max>
0	2

[block]
# block no. 3 follows, 34 sequences, length 48
# corresponding to MSA columns:
# 172-219
name=unknown_D
#
# <colnr> <probs for GDERKNQSTAVLIFYWHMCP>
#	G	D	E	R	K	N	Q	S	T	A	V	L	I	F	Y	W	H	M	C	P
0	0.12827	0.01782	0.01628	0.01370	0.01792	0.12686	0.01091	0.28588	0.26022	0.03077	0.01747	0.01718	0.01302	0.00770	0.00607	0.00199	0.00683	0.00576	0.00570	0.00967
1	0.68185	0.14290	0.01365	0.00893	0.01319	0.01638	0.00769	0.01905	0.01136	0.02664	0.00899	0.01047	0.00722	0.00592	0.00402	0.00189	0.00532	0.00349	0.00379	0.00722
2	0.00805	0.00647	0.00721	0.00740	0.00918	0.00562	0.00551	0.00992	0.01501	0.01885	0.17352	0.16011	0.48746	0.01644	0.00778	0.00225	0.00342	0.04405	0.00619	0.00556
3	0.01727	0.77681	0.03386	0.01106	0.01658	0.02557	0.01106	0.01935	0.01313	0.01520	0.00898	0.01036	0.00829	0.00553	0.00415	0.00138	0.00691	0.00345	0.00276	0.00829
4	0.01581	0.01538	0.02437	0.08046	0.60731	0.05200	0.01872	0.01951	0.01480	0.02044	0.01345	0.01957	0.01180	0.00664	0.00654	0.00199	0.00782	0.05040	0.00337	0.00963
5	0.01474	0.01407	0.02396	0.27744	0.50465	0.01502	0.01921	0.01873	0.01412	0.01959	0.01193	0.01640	0.00970	0.00599	0.00642	0.00200	0.00799	0.00575	0.00309	0.00922
6	0.02323	0.05181	0.01814	0.01544	0.01901	0.55871	0.01184	0.09707	0.01941	0.05738	0.05843	0.01496	0.01245	0.00724	0.00599	0.00173	0.01013	0.00493	0.00414	0.00798
7	0.00820	0.00674	0.00726	0.00725	0.00922	0.00592	0.00538	0.01062	0.04022	0.01910	0.17046	0.11790	0.53724	0.01590	0.00765	0.00219	0.00334	0.01349	0.00620	0.00571
8	0.01467	0.01578	0.03281	0.02400	0.02959	0.01495	0.57345	0.05416	0.01561	0.02112	0.01641	0.12443	0.01456	0.00767	0.00765	0.00223	0.00968	0.00906	0.00382	0.00834
9	0.01374	0.16848	0.61126	0.01708	0.02590	0.01692	0.02154	0.02026	0.01355	0.01951	0.01112	0.01305	0.00820	0.00603	0.00578	0.00193	0.00907	0.00453	0.00273	0.00932
10	0.01872	0.02164	0.01955	0.01831	0.06514	0.34366	0.01377	0.02040	0.01396	0.01603	0.00939	0.01315	0.00853	0.00887	0.01338	0.00225	0.37771	0.00500	0.00308	0.00746
11	0.00939	0.00681	0.00981	0.00981	0.01085	0.00778	0.00745	0.01149	0.01044	0.01520	0.01783	0.02713	0.01696	0.12391	0.63306	0.00949	0.01540	0.00714	0.04449	0.00558
12	0.01691	0.71436	0.09314	0.01167	0.01754	0.02468	0.01213	0.01944	0.01317	0.01564	0.00920	0.01064	0.00828	0.00558	0.00431	0.00144	0.00713	0.00357	0.00276	0.00840
13	0.00971	0.00874	0.05953	0.01097	0.01289	0.00724	0.00963	0.01250	0.01448	0.01901	0.07350	0.19752	0.11890	0.01707	0.00838	0.00270	0.00531	0.40008	0.00580	0.00601
14	0.01002	0.00681	0.00886	0.00823	0.00994	0.00623	0.00621	0.01299	0.01817	0.05906	0.67159	0.04754	0.08356	0.01308	0.00757	0.00204	0.00317	0.01151	0.00711	0.00630
15	0.01135	0.00652	0.00826	0.00857	0.00992	0.00617	0.00623	0.01338	0.01389	0.09581	0.09744	0.37126	0.05037	0.01654	0.04473	0.00263	0.00443	0.03064	0.19569	0.00617
16	0.00787	0.00562	0.00750	0.00900	0.00937	0.00525	0.00600	0.00900	0.01237	0.01649	0.03561	0.76871	0.04274	0.02024	0.00825	0.00262	0.00375	0.01837	0.00600	0.00525
17	0.02026	0.00935	0.01229	0.01034	0.01379	0.00846	0.00817	0.02368	0.06118	0.41462	0.19796	0.11661	0.05286	0.01099	0.00701	0.00210	0.00461	0.00941	0.00740	0.00892
18	0.00803	0.00656	0.00709	0.00695	0.00897	0.00562	0.00522	0.01003	0.01565	0.01964	0.23683	0.05859	0.55726	0.01555	0.00763	0.00214	0.00321	0.01313	0.00629	0.00562
19	0.01727	0.77681	0.03386	0.01106	0.01658	0.02557	0.01106	0.01935	0.01313	0.01520	0.00898	0.01036	0.00829	0.00553	0.00415	0.00138	0.00691	0.00345	0.00276	0.00829
20	0.01296	0.03342	0.73944	0.01842	0.02797	0.01501	0.02387	0.02046	0.01364	0.02046	0.01160	0.01364	0.00818	0.00614	0.00614	0.00205	0.00955	0.00477	0.00273	0.00955
21	0.01522	0.01171	0.01291	0.01174	0.01483	0.01284	0.00908	0.07353	0.41610	0.07187	0.06706	0.11346	0.07936	0.02798	0.00755	0.00232	0.00492	0.03213	0.00650	0.00890
22	0.00826	0.00652	0.00704	0.00692	0.00878	0.00568	0.00510	0.01015	0.01512	0.01927	0.21226	0.05623	0.50117	0.06966	0.00934	0.00242	0.00343	0.01262	0.03454	0.00551
23	0.01727	0.77681	0.03386	0.01106	0.01658	0.02557	0.01106	0.01935	0.01313	0.01520	0.00898	0.01036	0.00829	0.00553	0.00415	0.00138	0.00691	0.00345	0.00276	0.00829
24	0.02119	0.29527	0.02391	0.01467	0.01862	0.45389	0.01206	0.02299	0.01604	0.01558	0.00955	0.01132	0.00832	0.00649	0.00600	0.00162	0.04761	0.00399	0.00310	0.00775
25	0.81856	0.01250	0.00950	0.00850	0.01250	0.01449	0.00700	0.01899	0.01100	0.02899	0.00900	0.01050	0.00700	0.00600	0.00400	0.00200	0.00500	0.00350	0.00400	0.00700
26	0.00818	0.00657	0.00730	0.00711	0.00906	0.00569	0.00534	0.01032	0.01601	0.02050	0.30414	0.05718	0.48941	0.01523	0.00763	0.00213	0.00319	0.01293	0.00640	0.00569
27	0.00784	0.00655	0.00683	0.00676	0.00885	0.00554	0.00507	0.00967	0.01521	0.01860	0.15533	0.06030	0.63941	0.01594	0.00763	0.00216	0.00324	0.01337	0.00615	0.00554
28	0.00805	0.00575	0.00770	0.00920	0.00965	0.00540	0.00630	0.00930	0.01254	0.01669	0.03552	0.72078	0.04235	0.02008	0.00829	0.00265	0.00390	0.06457	0.00599	0.00530
29	0.01296	0.03342	0.73944	0.01842	0.02797	0.01501	0.02387	0.02046	0.01364	0.02046	0.01160	0.01364	0.00818	0.00614	0.00614	0.00205	0.00955	0.00477	0.00273	0.00955
30	0.01663	0.01504	0.01487	0.01339	0.01702	0.06642	0.01038	0.03375	0.67255	0.02626	0.02518	0.02325	0.01894	0.00862	0.00652	0.00216	0.00556	0.00709	0.00635	0.01004
31	0.01614	0.62180	0.12877	0.01179	0.01749	0.02279	0.01232	0.01882	0.01294	0.01574	0.01012	0.01301	0.00932	0.05847	0.00640	0.00181	0.00723	0.00405	0.00284	0.00816
32	0.01755	0.01196	0.01419	0.01061	0.01585	0.01013	0.00853	0.11157	0.01658	0.15888	0.01595	0.05543	0.01274	0.00661	0.00552	0.00137	0.00518	0.00537	0.00508	0.51090
33	0.02522	0.01370	0.01747	0.11536	0.02185	0.08603	0.05309	0.05110	0.01792	0.49834	0.02091	0.01979	0.01366	0.00749	0.00649	0.00200	0.00693	0.00620	0.00648	0.00998
34	0.01854	0.01430	0.01540	0.01328	0.01729	0.01613	0.01049	0.14154	0.55054	0.09062	0.02452	0.02256	0.01801	0.00854	0.00655	0.00213	0.00546	0.00700	0.00668	0.01041
35	0.00764	0.00655	0.00655	0.00655	0.00873	0.00545	0.00491	0.00927	0.01473	0.01745	0.06546	0.06218	0.73000	0.01636	0.00764	0.00218	0.00327	0.01364	0.00600	0.00545
36	0.02873	0.01205	0.01517	0.01177	0.01668	0.04867	0.00966	0.03119	0.01848	0.69878	0.02467	0.02144	0.01559	0.00793	0.00646	0.00198	0.00582	0.00637	0.00775	0.01081
37	0.02531	0.01691	0.01865	0.01430	0.01944	0.01827	0.01181	0.59690	0.02838	0.15772	0.01719	0.01660	0.01183	0.00780	0.00647	0.00195	0.00684	0.00593	0.00672	0.01099
38	0.01220	0.01148	0.01938	0.75739	0.04450	0.01436	0.01794	0.01651	0.01292	0.01651	0.01148	0.01723	0.00861	0.00646	0.00646	0.00215	0.00861	0.00574	0.00287	0.00718
39	0.00977	0.00674	0.00884	0.00824	0.00987	0.00620	0.00620	0.01281	0.01830	0.04849	0.70687	0.04743	0.05954	0.01304	0.00759	0.00203	0.00313	0.01152	0.00714	0.00625
40	0.01834	0.01501	0.01589	0.01361	0.01767	0.01713	0.01078	0.21519	0.53639	0.03069	0.02342	0.02181	0.01739	0.00850	0.00654	0.00212	0.00565	0.00691	0.00654	0.01043
41	0.01575	0.01505	0.02537	0.08569	0.66214	0.01531	0.01937	0.02013	0.03970	0.02102	0.01261	0.01636	0.01047	0.00591	0.00641	0.00194	0.00765	0.00581	0.00330	0.01003
42	0.01620	0.01208	0.01516	0.01114	0.01660	0.00996	0.04391	0.07653	0.01552	0.11238	0.01447	0.04015	0.01162	0.00599	0.00540	0.00129	0.00535	0.00501	0.00462	0.57662
43	0.01337	0.01147	0.01323	0.00971	0.01518	0.00901	0.00773	0.01726	0.06218	0.02134	0.01446	0.01591	0.03640	0.00548	0.00501	0.00109	0.00475	0.00442	0.00410	0.72790
44	0.01802	0.06831	0.06948	0.01428	0.04201	0.01665	0.01177	0.17826	0.37678	0.06288	0.03888	0.02173	0.03550	0.00830	0.00639	0.00205	0.00600	0.00671	0.00596	0.01002
45	0.01936	0.02390	0.12402	0.02239	0.16659	0.27787	0.09920	0.10123	0.06390	0.02168	0.01272	0.01476	0.00992	0.00652	0.00632	0.00190	0.00952	0.00538	0.00378	0.00906
46	0.01540	0.31061	0.42360	0.01547	0.02314	0.04507	0.01825	0.04574	0.01423	0.01908	0.01071	0.01242	0.00833	0.00599	0.00539	0.00178	0.00855	0.00430	0.00290	0.00906
47	0.01399	0.01214	0.01347	0.01069	0.01509	0.05921	0.03282	0.01870	0.10491	0.05062	0.10449	0.02491	0.10098	0.00791	0.00592	0.00152	0.00516	0.00660	0.00493	0.40594

[dist]
# distance from previous block
# <min> <max>
4	7

[block]
# block no. 4 follows, 34 sequences, length 17
# corresponding to MSA columns:
# 228-244
name=unknown_E
#
# <colnr> <probs for GDERKNQSTAVLIFYWHMCP>
#	G	D	E	R	K	N	Q	S	T	A	V	L	I	F	Y	W	H	M	C	P
0	0.01576	0.51522	0.28215	0.01365	0.02059	0.02185	0.01557	0.01974	0.01331	0.01705	0.00990	0.01152	0.00825	0.00574	0.00485	0.00162	0.00784	0.00392	0.00275	0.00873
1	0.01599	0.01535	0.02623	0.03966	0.73262	0.01535	0.01983	0.01983	0.01471	0.02111	0.01215	0.01599	0.01023	0.00576	0.00640	0.00192	0.00768	0.00576	0.00320	0.01023
2	0.81856	0.01250	0.00950	0.00850	0.01250	0.01449	0.00700	0.01899	0.01100	0.02899	0.00900	0.01050	0.00700	0.00600	0.00400	0.00200	0.00500	0.00350	0.00400	0.00700
3	0.00812	0.00573	0.00742	0.00868	0.00899	0.00541	0.00566	0.00906	0.01189	0.01585	0.03314	0.65084	0.03961	0.14237	0.01224	0.00321	0.00416	0.01691	0.00566	0.00503
4	0.00827	0.00588	0.00784	0.00926	0.00975	0.00557	0.00644	0.00957	0.01253	0.01664	0.03464	0.64385	0.04104	0.05928	0.00962	0.00286	0.00415	0.10166	0.00588	0.00527
5	0.46279	0.01501	0.01393	0.01135	0.01587	0.01698	0.00936	0.32910	0.01968	0.03425	0.01192	0.01274	0.00879	0.00679	0.00510	0.00197	0.00594	0.00454	0.00510	0.00879
6	0.02899	0.01100	0.01499	0.01150	0.01649	0.00950	0.00950	0.03149	0.01849	0.73709	0.02549	0.02199	0.01599	0.00800	0.00650	0.00200	0.00550	0.00650	0.00800	0.01100
7	0.01122	0.00561	0.00842	0.00842	0.00842	0.00561	0.00561	0.00842	0.00842	0.01122	0.01122	0.01964	0.01122	0.02245	0.02525	0.81201	0.00561	0.00561	0.00281	0.00281
8	0.81856	0.01250	0.00950	0.00850	0.01250	0.01449	0.00700	0.01899	0.01100	0.02899	0.00900	0.01050	0.00700	0.00600	0.00400	0.00200	0.00500	0.00350	0.00400	0.00700
9	0.00940	0.00626	0.00705	0.00705	0.00705	0.00626	0.00392	0.00940	0.00940	0.01253	0.02036	0.04228	0.02349	0.77292	0.03289	0.00626	0.00626	0.00940	0.00392	0.00392
10	0.02899	0.01100	0.01499	0.01150	0.01649	0.00950	0.00950	0.03149	0.01849	0.73709	0.02549	0.02199	0.01599	0.00800	0.00650	0.00200	0.00550	0.00650	0.00800	0.01100
11	0.01599	0.01535	0.02623	0.03966	0.73262	0.01535	0.01983	0.01983	0.01471	0.02111	0.01215	0.01599	0.01023	0.00576	0.00640	0.00192	0.00768	0.00576	0.00320	0.01023
12	0.02452	0.01949	0.01927	0.01506	0.02003	0.09993	0.01230	0.63576	0.02905	0.03798	0.01491	0.01509	0.01070	0.00764	0.00639	0.00191	0.00761	0.00564	0.00612	0.01060
13	0.01553	0.01488	0.02539	0.12690	0.64898	0.01523	0.01960	0.01943	0.01449	0.02055	0.01207	0.01614	0.01004	0.00584	0.00640	0.00195	0.00779	0.00576	0.00316	0.00986
14	0.00820	0.00576	0.00740	0.00857	0.00887	0.00547	0.00555	0.00908	0.01172	0.01563	0.03230	0.61077	0.03855	0.18389	0.01360	0.00342	0.00430	0.01642	0.00555	0.00496
15	0.02009	0.01517	0.02999	0.02170	0.02769	0.01393	0.46295	0.02449	0.01639	0.27279	0.01744	0.01903	0.01198	0.00634	0.00723	0.00212	0.00899	0.00723	0.00493	0.00952
16	0.01296	0.03342	0.73944	0.01842	0.02797	0.01501	0.02387	0.02046	0.01364	0.02046	0.01160	0.01364	0.00818	0.00614	0.00614	0.00205	0.00955	0.00477	0.00273	0.00955

[dist]
# distance from previous block
# <min> <max>
5	6

# created by:
# /home/berkeley/.conda/envs/busco_data_prod/bin/msa2prfl.pl pipeline/OGs_align_augustus/4893/24832.fs
