[name]
unknown

[dist]
# distance from previous block
# <min> <max>
0	208

[block]
# block no. 0 follows, 34 sequences, length 95
# corresponding to MSA columns:
# 208-302
name=unknown_A
#
# <colnr> <probs for GDERKNQSTAVLIFYWHMCP>
#	G	D	E	R	K	N	Q	S	T	A	V	L	I	F	Y	W	H	M	C	P
0	0.04032	0.01119	0.03501	0.01241	0.01504	0.04829	0.07188	0.05866	0.06827	0.06262	0.14382	0.24460	0.03277	0.01345	0.00752	0.00234	0.00564	0.11320	0.00581	0.00716
1	0.08945	0.01648	0.04026	0.01629	0.09551	0.14989	0.05254	0.06575	0.13723	0.04602	0.01938	0.11102	0.03978	0.00988	0.02604	0.00221	0.00730	0.00735	0.00472	0.06286
2	0.02025	0.03955	0.01903	0.04895	0.11119	0.19041	0.03741	0.17582	0.06870	0.09635	0.03696	0.01914	0.05027	0.00758	0.00629	0.00186	0.00773	0.00605	0.00494	0.05153
3	0.01576	0.01559	0.09691	0.01395	0.01799	0.06060	0.07011	0.17342	0.08914	0.04744	0.02193	0.25170	0.02128	0.01112	0.00694	0.00213	0.00654	0.00971	0.00531	0.06243
4	0.01529	0.01589	0.04780	0.06080	0.19402	0.08477	0.20017	0.01948	0.03398	0.04306	0.06578	0.05935	0.03726	0.00747	0.00674	0.00195	0.00796	0.00726	0.00401	0.08698
5	0.01149	0.00982	0.03169	0.01001	0.01255	0.00934	0.00775	0.01817	0.21056	0.02195	0.19237	0.12999	0.07406	0.10320	0.01012	0.00258	0.00460	0.03450	0.00582	0.09941
6	0.01355	0.01145	0.01335	0.00967	0.01517	0.00887	0.00773	0.03950	0.01423	0.02197	0.04938	0.01530	0.01232	0.00533	0.00499	0.00105	0.00477	0.00431	0.00409	0.74295
7	0.01713	0.75155	0.05783	0.01131	0.01697	0.02521	0.01149	0.01939	0.01315	0.01538	0.00907	0.01048	0.00829	0.00555	0.00421	0.00140	0.00700	0.00350	0.00276	0.00833
8	0.00764	0.00655	0.00655	0.00655	0.00873	0.00545	0.00491	0.00927	0.01473	0.01745	0.06546	0.06218	0.73000	0.01636	0.00764	0.00218	0.00327	0.01364	0.00600	0.00545
9	0.02697	0.01423	0.01700	0.01303	0.01811	0.01429	0.01076	0.34083	0.02390	0.42011	0.02095	0.01904	0.01372	0.00789	0.00648	0.00197	0.00623	0.00619	0.00730	0.01099
10	0.02303	0.01618	0.01767	0.01402	0.01880	0.01775	0.01143	0.46006	0.19853	0.12423	0.01941	0.01843	0.01376	0.00803	0.00650	0.00201	0.00642	0.00627	0.00668	0.01080
11	0.00787	0.00562	0.00750	0.00900	0.00937	0.00525	0.00600	0.00900	0.01237	0.01649	0.03561	0.76871	0.04274	0.02024	0.00825	0.00262	0.00375	0.01837	0.00600	0.00525
12	0.02456	0.01810	0.01939	0.01487	0.02004	0.02004	0.01228	0.71107	0.03038	0.04072	0.01551	0.01551	0.01099	0.00776	0.00646	0.00194	0.00711	0.00582	0.00646	0.01099
13	0.00764	0.00655	0.00655	0.00655	0.00873	0.00545	0.00491	0.00927	0.01473	0.01745	0.06546	0.06218	0.73000	0.01636	0.00764	0.00218	0.00327	0.01364	0.00600	0.00545
14	0.02456	0.01810	0.01939	0.01487	0.02004	0.02004	0.01228	0.71107	0.03038	0.04072	0.01551	0.01551	0.01099	0.00776	0.00646	0.00194	0.00711	0.00582	0.00646	0.01099
15	0.02456	0.01810	0.01939	0.01487	0.02004	0.02004	0.01228	0.71107	0.03038	0.04072	0.01551	0.01551	0.01099	0.00776	0.00646	0.00194	0.00711	0.00582	0.00646	0.01099
16	0.00940	0.00685	0.00886	0.00991	0.01117	0.00660	0.00796	0.01149	0.01380	0.01774	0.03832	0.17691	0.15939	0.10854	0.01146	0.00317	0.00517	0.38203	0.00572	0.00551
17	0.02514	0.01717	0.01882	0.01443	0.01957	0.01866	0.01192	0.62215	0.02882	0.13184	0.01682	0.01636	0.01164	0.00779	0.00647	0.00195	0.00690	0.00591	0.00666	0.01099
18	0.01727	0.77681	0.03386	0.01106	0.01658	0.02557	0.01106	0.01935	0.01313	0.01520	0.00898	0.01036	0.00829	0.00553	0.00415	0.00138	0.00691	0.00345	0.00276	0.00829
19	0.00923	0.00692	0.01038	0.01038	0.01154	0.00808	0.00808	0.01154	0.01038	0.01500	0.01731	0.02538	0.01615	0.04846	0.74732	0.01038	0.01731	0.00692	0.00346	0.00577
20	0.01366	0.01343	0.01887	0.01632	0.01643	0.01865	0.01355	0.01516	0.00994	0.01550	0.00934	0.01523	0.00923	0.01493	0.09205	0.00356	0.68852	0.00578	0.00289	0.00694
21	0.01702	0.01440	0.01302	0.01146	0.01424	0.18943	0.00881	0.10158	0.01957	0.11080	0.35922	0.05651	0.03604	0.01056	0.00693	0.00195	0.00596	0.00874	0.00618	0.00759
22	0.01015	0.00728	0.00797	0.00775	0.00819	0.02608	0.00476	0.02875	0.01128	0.01505	0.10489	0.04093	0.02701	0.61740	0.05222	0.00566	0.00641	0.00936	0.00434	0.00452
23	0.01816	0.47654	0.16709	0.01315	0.01931	0.04636	0.01365	0.10340	0.01575	0.05728	0.01117	0.01227	0.00900	0.00608	0.00499	0.00162	0.00753	0.00418	0.00350	0.00897
24	0.00939	0.00630	0.00722	0.00722	0.00728	0.00636	0.00413	0.00951	0.00945	0.01266	0.02020	0.04139	0.02310	0.73481	0.07048	0.00648	0.00685	0.00927	0.00389	0.00401
25	0.01519	0.01247	0.01428	0.01044	0.01595	0.01050	0.00840	0.13605	0.01649	0.02460	0.03523	0.01488	0.01147	0.00557	0.00517	0.00116	0.00513	0.00442	0.00439	0.64822
26	0.77702	0.01242	0.00979	0.00865	0.01271	0.01423	0.00713	0.01965	0.01139	0.06625	0.00986	0.01110	0.00747	0.00610	0.00413	0.00200	0.00502	0.00366	0.00421	0.00721
27	0.01475	0.01392	0.02320	0.03453	0.61354	0.01381	0.01767	0.01828	0.01466	0.02057	0.01862	0.04340	0.07672	0.00768	0.00668	0.00201	0.00709	0.03975	0.00366	0.00947
28	0.01781	0.62720	0.07701	0.01187	0.01754	0.02366	0.01188	0.06496	0.03998	0.04150	0.01074	0.01179	0.00913	0.00591	0.00459	0.00151	0.00698	0.00393	0.00331	0.00871
29	0.01506	0.00812	0.01126	0.01043	0.01268	0.00744	0.03113	0.03778	0.01555	0.23272	0.11443	0.41190	0.03489	0.01488	0.00758	0.00233	0.00453	0.01329	0.00665	0.00735
30	0.01525	0.01743	0.03813	0.02723	0.03377	0.01634	0.70915	0.02070	0.01525	0.02070	0.01307	0.01743	0.00980	0.00545	0.00763	0.00218	0.01089	0.00763	0.00327	0.00871
31	0.01355	0.01286	0.02181	0.50292	0.28848	0.01471	0.01861	0.01769	0.01356	0.01814	0.01172	0.01679	0.00919	0.00621	0.00644	0.00207	0.00828	0.00575	0.00299	0.00826
32	0.01296	0.03342	0.73944	0.01842	0.02797	0.01501	0.02387	0.02046	0.01364	0.02046	0.01160	0.01364	0.00818	0.00614	0.00614	0.00205	0.00955	0.00477	0.00273	0.00955
33	0.01735	0.02051	0.20656	0.04856	0.02913	0.04106	0.36335	0.02260	0.01546	0.14870	0.01476	0.01709	0.01041	0.00616	0.00695	0.00209	0.00954	0.00652	0.00397	0.00923
34	0.00910	0.00660	0.00857	0.00808	0.00962	0.00608	0.00606	0.01210	0.01818	0.02564	0.70816	0.04871	0.08218	0.01331	0.00762	0.00204	0.00306	0.01175	0.00708	0.00608
35	0.00823	0.00643	0.00746	0.00749	0.00916	0.00566	0.00551	0.01031	0.01570	0.02043	0.30600	0.16098	0.38201	0.01577	0.00772	0.00219	0.00326	0.01361	0.00641	0.00566
36	0.01727	0.77681	0.03386	0.01106	0.01658	0.02557	0.01106	0.01935	0.01313	0.01520	0.00898	0.01036	0.00829	0.00553	0.00415	0.00138	0.00691	0.00345	0.00276	0.00829
37	0.00786	0.00586	0.00732	0.00842	0.00924	0.00532	0.00576	0.00916	0.01309	0.01702	0.06501	0.58802	0.19610	0.01915	0.00809	0.00251	0.00362	0.01710	0.00603	0.00532
38	0.00792	0.00579	0.00746	0.00866	0.00931	0.00532	0.00588	0.00922	0.01299	0.01717	0.08050	0.64474	0.12251	0.01938	0.00814	0.00254	0.00365	0.01743	0.00606	0.00532
39	0.01727	0.77681	0.03386	0.01106	0.01658	0.02557	0.01106	0.01935	0.01313	0.01520	0.00898	0.01036	0.00829	0.00553	0.00415	0.00138	0.00691	0.00345	0.00276	0.00829
40	0.01564	0.01747	0.03556	0.07711	0.03361	0.03979	0.61534	0.04387	0.01570	0.02093	0.01295	0.01716	0.00971	0.00563	0.00745	0.00215	0.01063	0.00732	0.00335	0.00865
41	0.01547	0.01804	0.06318	0.02651	0.03312	0.01641	0.66170	0.04286	0.01568	0.02133	0.01310	0.01723	0.00978	0.00555	0.00753	0.00217	0.01072	0.00746	0.00335	0.00882
42	0.81856	0.01250	0.00950	0.00850	0.01250	0.01449	0.00700	0.01899	0.01100	0.02899	0.00900	0.01050	0.00700	0.00600	0.00400	0.00200	0.00500	0.00350	0.00400	0.00700
43	0.00940	0.00626	0.00705	0.00705	0.00705	0.00626	0.00392	0.00940	0.00940	0.01253	0.02036	0.04228	0.02349	0.77292	0.03289	0.00626	0.00626	0.00940	0.00392	0.00392
44	0.00788	0.00662	0.00688	0.00701	0.00913	0.00563	0.00539	0.00963	0.01474	0.01762	0.06273	0.06312	0.66962	0.01649	0.00775	0.00225	0.00351	0.07250	0.00600	0.00550
45	0.01340	0.01148	0.01340	0.00957	0.01531	0.00861	0.00766	0.01627	0.01340	0.02105	0.01148	0.01340	0.00957	0.00479	0.00479	0.00096	0.00479	0.00383	0.00383	0.81242
46	0.01676	0.68763	0.11850	0.01194	0.01795	0.02430	0.01259	0.01948	0.01319	0.01583	0.00930	0.01076	0.00828	0.00560	0.00438	0.00146	0.00723	0.00361	0.00276	0.00844
47	0.01684	0.52188	0.09214	0.01234	0.01775	0.04447	0.01206	0.02290	0.16731	0.01826	0.01301	0.01369	0.01077	0.00632	0.00490	0.00163	0.00690	0.00443	0.00361	0.00880
48	0.00806	0.00577	0.00767	0.00887	0.00941	0.00537	0.00601	0.00947	0.01324	0.01788	0.13764	0.66273	0.04542	0.01921	0.00815	0.00254	0.00365	0.01739	0.00616	0.00537
49	0.00816	0.00657	0.00734	0.00761	0.00945	0.00575	0.00581	0.01007	0.01492	0.01855	0.13435	0.13082	0.50367	0.01656	0.00785	0.00230	0.00361	0.09491	0.00612	0.00557
50	0.01296	0.03342	0.73944	0.01842	0.02797	0.01501	0.02387	0.02046	0.01364	0.02046	0.01160	0.01364	0.00818	0.00614	0.00614	0.00205	0.00955	0.00477	0.00273	0.00955
51	0.01596	0.01818	0.03132	0.02342	0.02828	0.11405	0.47692	0.02014	0.01462	0.01899	0.01221	0.01659	0.00975	0.00873	0.04830	0.00264	0.12169	0.00684	0.00322	0.00815
52	0.01296	0.03342	0.73944	0.01842	0.02797	0.01501	0.02387	0.02046	0.01364	0.02046	0.01160	0.01364	0.00818	0.00614	0.00614	0.00205	0.00955	0.00477	0.00273	0.00955
53	0.00906	0.00660	0.00852	0.00804	0.00960	0.00606	0.00603	0.01203	0.01809	0.02543	0.69123	0.04906	0.09924	0.01339	0.00762	0.00204	0.00306	0.01180	0.00705	0.00606
54	0.01775	0.42994	0.20282	0.01345	0.01964	0.07873	0.01413	0.02194	0.04827	0.08159	0.01201	0.01297	0.00951	0.00614	0.00510	0.00166	0.00772	0.00429	0.00345	0.00887
55	0.01122	0.00561	0.00842	0.00842	0.00842	0.00561	0.00561	0.00842	0.00842	0.01122	0.01122	0.01964	0.01122	0.02245	0.02525	0.81201	0.00561	0.00561	0.00281	0.00281
56	0.00935	0.00624	0.00706	0.00711	0.00712	0.00623	0.00398	0.00938	0.00949	0.01265	0.02082	0.06415	0.02407	0.75027	0.03215	0.00615	0.00619	0.00967	0.00398	0.00396
57	0.00923	0.00692	0.01038	0.01038	0.01154	0.00808	0.00808	0.01154	0.01038	0.01500	0.01731	0.02538	0.01615	0.04846	0.74732	0.01038	0.01731	0.00692	0.00346	0.00577
58	0.04794	0.13315	0.27602	0.01606	0.02194	0.32986	0.01603	0.02313	0.04548	0.01834	0.01108	0.01267	0.00870	0.00638	0.00567	0.00180	0.00973	0.00439	0.00320	0.00843
59	0.10215	0.01722	0.04836	0.01393	0.01915	0.01783	0.01187	0.52043	0.02614	0.13486	0.01609	0.01584	0.01117	0.00755	0.00621	0.00196	0.00678	0.00564	0.00628	0.01054
60	0.00787	0.00562	0.00750	0.00900	0.00937	0.00525	0.00600	0.00900	0.01237	0.01649	0.03561	0.76871	0.04274	0.02024	0.00825	0.00262	0.00375	0.01837	0.00600	0.00525
61	0.78909	0.01326	0.03620	0.00886	0.01306	0.01451	0.00761	0.01905	0.01109	0.02868	0.00909	0.01061	0.00704	0.00600	0.00408	0.00200	0.00516	0.00355	0.00395	0.00709
62	0.00764	0.00655	0.00655	0.00655	0.00873	0.00545	0.00491	0.00927	0.01473	0.01745	0.06546	0.06218	0.73000	0.01636	0.00764	0.00218	0.00327	0.01364	0.00600	0.00545
63	0.01727	0.77681	0.03386	0.01106	0.01658	0.02557	0.01106	0.01935	0.01313	0.01520	0.00898	0.01036	0.00829	0.00553	0.00415	0.00138	0.00691	0.00345	0.00276	0.00829
64	0.01727	0.77681	0.03386	0.01106	0.01658	0.02557	0.01106	0.01935	0.01313	0.01520	0.00898	0.01036	0.00829	0.00553	0.00415	0.00138	0.00691	0.00345	0.00276	0.00829
65	0.00806	0.00579	0.00783	0.00910	0.00960	0.00556	0.00620	0.00938	0.01243	0.01675	0.06325	0.66562	0.04091	0.02270	0.08033	0.00336	0.00504	0.01697	0.00580	0.00533
66	0.00940	0.00626	0.00705	0.00705	0.00705	0.00626	0.00392	0.00940	0.00940	0.01253	0.02036	0.04228	0.02349	0.77292	0.03289	0.00626	0.00626	0.00940	0.00392	0.00392
67	0.00940	0.00626	0.00705	0.00705	0.00705	0.00626	0.00392	0.00940	0.00940	0.01253	0.02036	0.04228	0.02349	0.77292	0.03289	0.00626	0.00626	0.00940	0.00392	0.00392
68	0.02546	0.01666	0.01850	0.01418	0.01932	0.01790	0.01172	0.57334	0.02797	0.18185	0.01754	0.01683	0.01200	0.00781	0.00647	0.00195	0.00678	0.00596	0.00677	0.01099
69	0.01489	0.01423	0.02423	0.24866	0.53224	0.01506	0.01928	0.01886	0.01419	0.01977	0.01196	0.01635	0.00976	0.00596	0.00642	0.00199	0.00795	0.00575	0.00310	0.00934
70	0.01374	0.03069	0.59784	0.01981	0.02863	0.04163	0.13641	0.02069	0.01408	0.02033	0.01178	0.01419	0.00846	0.00604	0.00637	0.00205	0.00985	0.00522	0.00284	0.00934
71	0.01997	0.04922	0.01955	0.01660	0.07814	0.08014	0.04855	0.33790	0.15087	0.03088	0.08595	0.01986	0.01698	0.00800	0.00650	0.00196	0.00698	0.00651	0.00568	0.00978
72	0.01567	0.01205	0.01408	0.01021	0.01584	0.00973	0.00823	0.08127	0.01537	0.08017	0.01298	0.01428	0.01021	0.00532	0.00508	0.00113	0.00506	0.00422	0.00440	0.67471
73	0.01607	0.09102	0.38884	0.01924	0.02681	0.07989	0.18280	0.04413	0.01519	0.05803	0.01244	0.01459	0.00909	0.00612	0.00632	0.00198	0.00953	0.00541	0.00331	0.00919
74	0.01192	0.00898	0.01088	0.01101	0.01291	0.00934	0.00862	0.09852	0.12226	0.02252	0.08372	0.29360	0.05611	0.01570	0.00791	0.00252	0.00492	0.20540	0.00621	0.00695
75	0.00785	0.00635	0.00698	0.00726	0.00897	0.00548	0.00528	0.00952	0.01458	0.01814	0.12952	0.21762	0.50611	0.01689	0.00777	0.00226	0.00335	0.01448	0.00612	0.00548
76	0.02795	0.01266	0.01602	0.01229	0.01732	0.01197	0.01015	0.19071	0.02128	0.57393	0.02315	0.02047	0.01482	0.00794	0.00649	0.00199	0.00588	0.00634	0.00764	0.01099
77	0.02385	0.06786	0.01931	0.01605	0.01981	0.58409	0.01237	0.14324	0.02011	0.02006	0.01088	0.01225	0.00878	0.00679	0.00585	0.00170	0.01062	0.00441	0.00384	0.00813
78	0.00789	0.00643	0.00698	0.00710	0.00895	0.00552	0.00523	0.00968	0.01495	0.01860	0.16132	0.15272	0.53933	0.01640	0.00771	0.00222	0.00330	0.01396	0.00617	0.00552
79	0.00769	0.00655	0.00662	0.00660	0.00876	0.00548	0.00495	0.00937	0.01485	0.01774	0.08801	0.06171	0.70726	0.01626	0.00764	0.00218	0.00327	0.01357	0.00604	0.00548
80	0.01711	0.01787	0.01890	0.01635	0.01761	0.18104	0.01324	0.08542	0.01387	0.01810	0.01065	0.04573	0.01014	0.01031	0.01579	0.00247	0.48861	0.00588	0.00343	0.00747
81	0.02104	0.01635	0.01741	0.01416	0.01870	0.01839	0.01143	0.43071	0.31647	0.03505	0.01998	0.01907	0.01461	0.00817	0.00651	0.00204	0.00628	0.00643	0.00651	0.01067
82	0.00787	0.00562	0.00750	0.00900	0.00937	0.00525	0.00600	0.00900	0.01237	0.01649	0.03561	0.76871	0.04274	0.02024	0.00825	0.00262	0.00375	0.01837	0.00600	0.00525
83	0.00923	0.00692	0.01038	0.01038	0.01154	0.00808	0.00808	0.01154	0.01038	0.01500	0.01731	0.02538	0.01615	0.04846	0.74732	0.01038	0.01731	0.00692	0.00346	0.00577
84	0.02864	0.01155	0.01534	0.01176	0.01677	0.01032	0.00972	0.08483	0.01943	0.68244	0.02471	0.02148	0.01560	0.00798	0.00650	0.00199	0.00562	0.00644	0.00788	0.01100
85	0.02579	0.01614	0.01818	0.01394	0.01906	0.01713	0.01151	0.52336	0.02710	0.23307	0.01827	0.01730	0.01237	0.00782	0.00647	0.00196	0.00666	0.00601	0.00689	0.01099
86	0.01599	0.01535	0.02623	0.03966	0.73262	0.01535	0.01983	0.01983	0.01471	0.02111	0.01215	0.01599	0.01023	0.00576	0.00640	0.00192	0.00768	0.00576	0.00320	0.01023
87	0.00806	0.00596	0.00754	0.00841	0.00931	0.00544	0.00583	0.00963	0.01386	0.01837	0.16695	0.51414	0.16625	0.01829	0.00803	0.00244	0.00354	0.01633	0.00620	0.00544
88	0.01545	0.44842	0.32171	0.01460	0.02180	0.02095	0.03951	0.01985	0.01341	0.01753	0.01018	0.01194	0.00830	0.00577	0.00507	0.00168	0.00812	0.00413	0.00277	0.00882
89	0.02322	0.01672	0.01805	0.01400	0.01866	0.01836	0.01138	0.62094	0.02795	0.06005	0.01630	0.01834	0.01237	0.08256	0.00905	0.00236	0.00698	0.00619	0.00626	0.01030
90	0.00939	0.00630	0.00722	0.00722	0.00728	0.00636	0.00413	0.00951	0.00945	0.01266	0.02020	0.04139	0.02310	0.73481	0.07048	0.00648	0.00685	0.00927	0.00389	0.00401
91	0.02752	0.01084	0.01454	0.01128	0.01609	0.00946	0.00928	0.03040	0.03739	0.67993	0.02762	0.02416	0.05366	0.00846	0.00656	0.00201	0.00537	0.00690	0.00785	0.01068
92	0.01495	0.01546	0.05612	0.19736	0.48132	0.01521	0.08684	0.01920	0.01432	0.02002	0.01207	0.01631	0.00974	0.00590	0.00652	0.00200	0.00828	0.00589	0.00311	0.00938
93	0.04638	0.01586	0.01579	0.01407	0.04698	0.10556	0.01064	0.33478	0.06249	0.04783	0.04036	0.10333	0.06266	0.03216	0.00745	0.00217	0.00669	0.03017	0.00575	0.00887
94	0.05926	0.01731	0.02073	0.18494	0.28009	0.16482	0.01589	0.06776	0.01557	0.02030	0.01217	0.03984	0.01034	0.00708	0.00719	0.00201	0.05696	0.00572	0.00349	0.00852

[dist]
# distance from previous block
# <min> <max>
0	50

[block]
# block no. 1 follows, 34 sequences, length 11
# corresponding to MSA columns:
# 353-363
name=unknown_B
#
# <colnr> <probs for GDERKNQSTAVLIFYWHMCP>
#	G	D	E	R	K	N	Q	S	T	A	V	L	I	F	Y	W	H	M	C	P
0	0.12299	0.08125	0.03609	0.06853	0.15560	0.07942	0.11173	0.08923	0.04195	0.04035	0.06490	0.01728	0.01350	0.00672	0.00604	0.00189	0.00749	0.00579	0.00414	0.04510
1	0.12072	0.02818	0.01611	0.08625	0.06421	0.03535	0.08091	0.03572	0.08585	0.07219	0.08166	0.11196	0.03353	0.01200	0.05621	0.00266	0.02116	0.00804	0.03961	0.00770
2	0.00895	0.00608	0.00718	0.00762	0.00773	0.00597	0.00452	0.00928	0.01026	0.01369	0.02481	0.25426	0.02911	0.55328	0.02570	0.00520	0.00553	0.01201	0.00452	0.00430
3	0.01956	0.01880	0.02120	0.02061	0.15428	0.17135	0.09352	0.21853	0.10878	0.02661	0.06867	0.01856	0.01501	0.00742	0.00655	0.00194	0.00806	0.00629	0.00488	0.00938
4	0.00816	0.00657	0.00727	0.00710	0.00905	0.00568	0.00532	0.01029	0.01597	0.02040	0.29694	0.05733	0.49667	0.01526	0.00763	0.00213	0.00319	0.01296	0.00639	0.00568
5	0.01549	0.01876	0.14347	0.08740	0.49907	0.04366	0.05882	0.01997	0.01457	0.02044	0.01198	0.01561	0.00968	0.00589	0.00641	0.00196	0.00839	0.00564	0.00311	0.00971
6	0.02044	0.02289	0.02051	0.02371	0.25493	0.37484	0.01461	0.06019	0.10723	0.02027	0.01306	0.01487	0.01054	0.00669	0.00614	0.00183	0.00927	0.00517	0.00386	0.00893
7	0.01764	0.01563	0.02630	0.03365	0.52231	0.01560	0.10616	0.09386	0.01668	0.06899	0.01348	0.01651	0.01063	0.00607	0.00657	0.00196	0.00789	0.00605	0.00386	0.01017
8	0.00823	0.00657	0.00736	0.00716	0.00909	0.00571	0.00537	0.01041	0.01612	0.02076	0.32501	0.05674	0.46837	0.01513	0.00763	0.00212	0.00319	0.01287	0.00644	0.00571
9	0.00841	0.00690	0.00777	0.00756	0.00932	0.00636	0.00566	0.01028	0.01501	0.01912	0.21703	0.08014	0.48011	0.04820	0.00944	0.00237	0.04193	0.01275	0.00601	0.00562
10	0.01903	0.01873	0.01687	0.01624	0.07138	0.21906	0.01176	0.05331	0.39659	0.05098	0.01967	0.01931	0.01500	0.00798	0.00687	0.00203	0.03428	0.00617	0.00534	0.00941

[dist]
# distance from previous block
# <min> <max>
0	3

[block]
# block no. 2 follows, 34 sequences, length 11
# corresponding to MSA columns:
# 367-377
name=unknown_C
#
# <colnr> <probs for GDERKNQSTAVLIFYWHMCP>
#	G	D	E	R	K	N	Q	S	T	A	V	L	I	F	Y	W	H	M	C	P
0	0.01714	0.50956	0.09218	0.01492	0.07666	0.05983	0.03151	0.04103	0.04835	0.01782	0.01073	0.01227	0.00915	0.00586	0.00489	0.00156	0.00741	0.00417	0.00316	0.03178
1	0.13398	0.13164	0.01926	0.01413	0.01824	0.35412	0.01132	0.15368	0.06667	0.02303	0.01186	0.01288	0.00941	0.00675	0.00550	0.00176	0.00874	0.00449	0.00415	0.00838
2	0.01526	0.01287	0.01757	0.01505	0.01582	0.01706	0.01245	0.03828	0.01164	0.07603	0.01175	0.01630	0.01032	0.01198	0.04604	0.00289	0.56740	0.00582	0.08812	0.00735
3	0.02839	0.01196	0.01559	0.01195	0.01697	0.01092	0.00987	0.12356	0.02010	0.64275	0.02414	0.02111	0.01532	0.00796	0.00649	0.00199	0.00572	0.00641	0.00779	0.01100
4	0.00843	0.00651	0.00777	0.00813	0.00972	0.00585	0.00616	0.01050	0.01518	0.01961	0.21876	0.19211	0.34198	0.01652	0.00792	0.00234	0.00367	0.10693	0.00627	0.00564
5	0.00924	0.00620	0.00709	0.00724	0.00728	0.00616	0.00412	0.00936	0.00969	0.01293	0.02189	0.11502	0.02542	0.69756	0.03042	0.00590	0.00601	0.01029	0.00412	0.00405
6	0.00951	0.00698	0.00927	0.01050	0.01192	0.00673	0.00874	0.01195	0.01443	0.01854	0.03980	0.18649	0.15695	0.01799	0.00859	0.00278	0.00513	0.46198	0.00597	0.00575
7	0.01355	0.13564	0.64242	0.01740	0.02640	0.01646	0.02211	0.02031	0.01357	0.01974	0.01124	0.01319	0.00820	0.00605	0.00586	0.00195	0.00919	0.00459	0.00273	0.00938
8	0.02047	0.01607	0.01709	0.01404	0.01848	0.01813	0.01129	0.38497	0.36315	0.03412	0.02071	0.01965	0.01520	0.00824	0.00652	0.00206	0.00615	0.00653	0.00652	0.01062
9	0.21612	0.09104	0.01852	0.01555	0.06582	0.25964	0.04264	0.06192	0.05302	0.02164	0.01214	0.04561	0.01045	0.00732	0.00644	0.00192	0.05327	0.00516	0.00387	0.00791
10	0.23694	0.09030	0.01714	0.01299	0.01618	0.12093	0.01066	0.10083	0.06640	0.05546	0.01211	0.01447	0.00991	0.02959	0.00957	0.00221	0.17723	0.00493	0.00417	0.00800

[dist]
# distance from previous block
# <min> <max>
0	54

[block]
# block no. 3 follows, 34 sequences, length 14
# corresponding to MSA columns:
# 432-445
name=unknown_D
#
# <colnr> <probs for GDERKNQSTAVLIFYWHMCP>
#	G	D	E	R	K	N	Q	S	T	A	V	L	I	F	Y	W	H	M	C	P
0	0.01553	0.17257	0.23833	0.02091	0.08435	0.01820	0.21625	0.06215	0.01482	0.02039	0.01154	0.01443	0.00904	0.00629	0.00739	0.00200	0.06808	0.00555	0.00317	0.00901
1	0.00797	0.00566	0.00747	0.00888	0.00923	0.00531	0.00587	0.00902	0.01219	0.01625	0.03467	0.72375	0.04154	0.06682	0.00977	0.00285	0.00390	0.01781	0.00587	0.00517
2	0.01727	0.77681	0.03386	0.01106	0.01658	0.02557	0.01106	0.01935	0.01313	0.01520	0.00898	0.01036	0.00829	0.00553	0.00415	0.00138	0.00691	0.00345	0.00276	0.00829
3	0.05841	0.02004	0.10593	0.01460	0.01939	0.16088	0.02866	0.18226	0.18066	0.11220	0.01739	0.01791	0.01289	0.03136	0.00706	0.00211	0.00762	0.00583	0.00532	0.00948
4	0.01367	0.09330	0.38288	0.02037	0.06944	0.01542	0.19585	0.01937	0.01411	0.01995	0.03235	0.06750	0.01251	0.00704	0.00654	0.00205	0.00897	0.00656	0.00324	0.00888
5	0.00789	0.00656	0.00689	0.00681	0.00888	0.00556	0.00511	0.00976	0.01532	0.01886	0.17569	0.05987	0.61889	0.01584	0.00763	0.00216	0.00324	0.01331	0.00618	0.00556
6	0.01727	0.77681	0.03386	0.01106	0.01658	0.02557	0.01106	0.01935	0.01313	0.01520	0.00898	0.01036	0.00829	0.00553	0.00415	0.00138	0.00691	0.00345	0.00276	0.00829
7	0.02107	0.33994	0.05834	0.01282	0.01799	0.06123	0.01171	0.15831	0.05359	0.16451	0.01458	0.01470	0.01093	0.00686	0.00583	0.00174	0.02677	0.00488	0.00475	0.00944
8	0.01108	0.00977	0.04966	0.01747	0.19450	0.00855	0.01072	0.01334	0.01336	0.04471	0.02801	0.48360	0.03152	0.01530	0.00763	0.00241	0.00519	0.04101	0.00519	0.00697
9	0.00933	0.00668	0.00854	0.00864	0.00900	0.00717	0.00576	0.01018	0.01010	0.01388	0.02118	0.13854	0.02358	0.43888	0.22301	0.00673	0.04018	0.00983	0.00404	0.00474
10	0.00811	0.00580	0.00778	0.00927	0.00975	0.00546	0.00642	0.00942	0.01261	0.01677	0.03548	0.70235	0.04221	0.02001	0.00831	0.00266	0.00396	0.08234	0.00599	0.00532
11	0.01727	0.77681	0.03386	0.01106	0.01658	0.02557	0.01106	0.01935	0.01313	0.01520	0.00898	0.01036	0.00829	0.00553	0.00415	0.00138	0.00691	0.00345	0.00276	0.00829
12	0.09961	0.02413	0.04137	0.01504	0.01921	0.39931	0.01202	0.19580	0.04821	0.06701	0.01289	0.01368	0.00976	0.00701	0.00589	0.00182	0.00919	0.00479	0.00456	0.00870
13	0.01690	0.04078	0.04427	0.02434	0.29666	0.05035	0.04993	0.11388	0.13866	0.02392	0.01645	0.01822	0.03555	0.00708	0.00690	0.00193	0.03694	0.00607	0.00432	0.06685

[dist]
# distance from previous block
# <min> <max>
1	3

[block]
# block no. 4 follows, 34 sequences, length 9
# corresponding to MSA columns:
# 449-457
name=unknown_E
#
# <colnr> <probs for GDERKNQSTAVLIFYWHMCP>
#	G	D	E	R	K	N	Q	S	T	A	V	L	I	F	Y	W	H	M	C	P
0	0.06365	0.01493	0.01572	0.08680	0.01920	0.08446	0.01086	0.21349	0.07594	0.07569	0.01544	0.01688	0.01165	0.00743	0.00702	0.00187	0.06678	0.00547	0.10437	0.10236
1	0.03799	0.00994	0.01223	0.01159	0.03194	0.01092	0.00894	0.06829	0.12005	0.02165	0.01903	0.02564	0.01658	0.02199	0.25216	0.00475	0.05372	0.06163	0.12927	0.08169
2	0.01220	0.01148	0.01938	0.75739	0.04450	0.01436	0.01794	0.01651	0.01292	0.01651	0.01148	0.01723	0.00861	0.00646	0.00646	0.00215	0.00861	0.00574	0.00287	0.00718
3	0.00912	0.00642	0.00818	0.00911	0.00990	0.00618	0.00628	0.04884	0.01392	0.01899	0.09006	0.63137	0.04115	0.01835	0.00791	0.00248	0.00384	0.01651	0.04571	0.00568
4	0.00879	0.00650	0.00820	0.00796	0.00948	0.00592	0.00590	0.01144	0.01718	0.02370	0.56001	0.11708	0.16518	0.01436	0.00768	0.00211	0.00315	0.01261	0.00683	0.00592
5	0.02490	0.01755	0.01905	0.01461	0.01977	0.01923	0.01207	0.65888	0.02947	0.09420	0.01628	0.01601	0.01137	0.00777	0.00647	0.00194	0.00699	0.00587	0.00658	0.01099
6	0.00934	0.00650	0.00822	0.00822	0.00863	0.00690	0.00538	0.01015	0.00974	0.01340	0.01928	0.03633	0.02091	0.51781	0.28447	0.00772	0.01015	0.00853	0.00376	0.00457
7	0.01117	0.00677	0.00895	0.00890	0.00956	0.00704	0.00616	0.01209	0.09311	0.01456	0.01805	0.08360	0.03732	0.07983	0.07060	0.47870	0.00609	0.00747	0.03566	0.00437
8	0.11942	0.01305	0.01457	0.01214	0.01646	0.01386	0.00976	0.09400	0.31516	0.28665	0.02290	0.02088	0.01601	0.00806	0.00622	0.00207	0.00542	0.00641	0.00677	0.01018

[dist]
# distance from previous block
# <min> <max>
0	1

[block]
# block no. 5 follows, 34 sequences, length 17
# corresponding to MSA columns:
# 459-475
name=unknown_F
#
# <colnr> <probs for GDERKNQSTAVLIFYWHMCP>
#	G	D	E	R	K	N	Q	S	T	A	V	L	I	F	Y	W	H	M	C	P
0	0.01395	0.06677	0.62399	0.01847	0.02730	0.05901	0.06168	0.02074	0.01399	0.01996	0.01146	0.01359	0.00829	0.00610	0.00611	0.00200	0.00963	0.00484	0.00280	0.00932
1	0.02440	0.02286	0.01899	0.01553	0.02001	0.29272	0.01236	0.45402	0.02585	0.03138	0.01344	0.01406	0.00999	0.00734	0.00622	0.00184	0.00881	0.00520	0.00529	0.00968
2	0.22229	0.17033	0.13070	0.01324	0.01847	0.17116	0.01238	0.11085	0.01629	0.06373	0.01138	0.01250	0.00874	0.00641	0.00520	0.00181	0.00778	0.00430	0.00396	0.00849
3	0.00817	0.00584	0.00780	0.00907	0.00964	0.00547	0.00627	0.00962	0.01319	0.01774	0.11451	0.64537	0.04448	0.01930	0.00822	0.00258	0.00380	0.05741	0.00612	0.00539
4	0.01599	0.01535	0.02623	0.03966	0.73262	0.01535	0.01983	0.01983	0.01471	0.02111	0.01215	0.01599	0.01023	0.00576	0.00640	0.00192	0.00768	0.00576	0.00320	0.01023
5	0.00785	0.00573	0.00739	0.00872	0.00930	0.00527	0.00587	0.00903	0.01264	0.01660	0.03901	0.68825	0.12100	0.01980	0.00818	0.00257	0.00369	0.01783	0.00600	0.00527
6	0.01608	0.01333	0.01431	0.01268	0.01617	0.01511	0.00989	0.11471	0.53522	0.02820	0.09842	0.05424	0.02382	0.00955	0.00673	0.00216	0.00509	0.00800	0.00659	0.00970
7	0.00940	0.00626	0.00705	0.00705	0.00705	0.00626	0.00392	0.00940	0.00940	0.01253	0.02036	0.04228	0.02349	0.77292	0.03289	0.00626	0.00626	0.00940	0.00392	0.00392
8	0.01105	0.00696	0.00896	0.00846	0.01029	0.00629	0.00633	0.01360	0.01706	0.10459	0.47438	0.14953	0.12970	0.01398	0.00758	0.00213	0.00345	0.01227	0.00693	0.00646
9	0.00923	0.00692	0.01038	0.01038	0.01154	0.00808	0.00808	0.01154	0.01038	0.01500	0.01731	0.02538	0.01615	0.04846	0.74732	0.01038	0.01731	0.00692	0.00346	0.00577
10	0.01505	0.17000	0.32160	0.12086	0.08612	0.07569	0.08471	0.02010	0.01406	0.01861	0.01114	0.01390	0.00860	0.00601	0.00594	0.00190	0.00906	0.00496	0.00289	0.00879
11	0.02116	0.01877	0.01694	0.01421	0.01832	0.17014	0.01125	0.32061	0.23850	0.03037	0.01798	0.01783	0.01343	0.00782	0.00625	0.00193	0.00721	0.00594	0.05160	0.00974
12	0.01501	0.01557	0.08531	0.01688	0.11876	0.11131	0.06029	0.02027	0.09716	0.06857	0.28562	0.02879	0.03039	0.00920	0.00687	0.00199	0.00644	0.00804	0.00535	0.00817
13	0.01000	0.00697	0.00860	0.00841	0.00898	0.00741	0.00555	0.04021	0.01060	0.01450	0.01921	0.03594	0.02070	0.51763	0.25109	0.00734	0.00969	0.00848	0.00389	0.00479
14	0.01516	0.10982	0.03488	0.01004	0.01552	0.01086	0.00857	0.01798	0.01411	0.09437	0.03868	0.01670	0.03559	0.00592	0.00511	0.00122	0.00515	0.00467	0.00428	0.55139
15	0.16475	0.05496	0.16004	0.01559	0.04395	0.08314	0.07555	0.05592	0.08270	0.10440	0.01403	0.01520	0.01042	0.00677	0.00650	0.00196	0.04282	0.00519	0.00429	0.05185
16	0.08518	0.21421	0.08548	0.03875	0.05196	0.07501	0.03726	0.09612	0.05653	0.06409	0.06921	0.01673	0.01396	0.00687	0.00560	0.00176	0.00698	0.00529	0.00429	0.06471

[dist]
# distance from previous block
# <min> <max>
1	40

[block]
# block no. 6 follows, 34 sequences, length 97
# corresponding to MSA columns:
# 516-612
name=unknown_G
#
# <colnr> <probs for GDERKNQSTAVLIFYWHMCP>
#	G	D	E	R	K	N	Q	S	T	A	V	L	I	F	Y	W	H	M	C	P
0	0.01615	0.09173	0.13037	0.01915	0.16089	0.04988	0.05476	0.02148	0.08936	0.07664	0.03115	0.01682	0.01228	0.00778	0.02873	0.00204	0.03069	0.00547	0.00403	0.15059
1	0.00837	0.00668	0.00831	0.00829	0.00999	0.00592	0.03418	0.01020	0.01430	0.01840	0.11538	0.27858	0.38857	0.01643	0.00768	0.00227	0.00370	0.01434	0.04281	0.00561
2	0.01809	0.17774	0.02050	0.01427	0.04676	0.01895	0.01139	0.18287	0.33001	0.02665	0.01830	0.01811	0.01408	0.00774	0.00669	0.00195	0.04319	0.00591	0.00534	0.03147
3	0.01972	0.03905	0.01977	0.01472	0.01950	0.01502	0.10978	0.22655	0.09325	0.14702	0.01809	0.01874	0.02937	0.00912	0.03741	0.00225	0.04420	0.00621	0.00547	0.12476
4	0.01674	0.02492	0.38525	0.01742	0.02454	0.05641	0.09618	0.10684	0.04090	0.09357	0.04400	0.01837	0.01282	0.00716	0.00651	0.00205	0.00861	0.02406	0.00420	0.00944
5	0.01793	0.11890	0.05176	0.02283	0.09570	0.06973	0.36777	0.02259	0.03778	0.11041	0.01416	0.01660	0.01059	0.00602	0.00669	0.00198	0.00920	0.00640	0.00388	0.00908
6	0.04113	0.00597	0.00772	0.00904	0.00961	0.00577	0.00614	0.00953	0.01222	0.01693	0.03362	0.70114	0.03997	0.02105	0.04439	0.00298	0.00447	0.01720	0.00579	0.00535
7	0.01250	0.04643	0.01135	0.00993	0.01210	0.00957	0.00746	0.08808	0.10657	0.06382	0.09012	0.33675	0.13127	0.03328	0.00800	0.00238	0.00447	0.01277	0.00612	0.00705
8	0.01822	0.01784	0.02297	0.10562	0.24570	0.15209	0.09761	0.11397	0.01734	0.04701	0.04183	0.01684	0.01192	0.00697	0.00743	0.00200	0.05578	0.00595	0.00394	0.00897
9	0.81856	0.01250	0.00950	0.00850	0.01250	0.01449	0.00700	0.01899	0.01100	0.02899	0.00900	0.01050	0.00700	0.00600	0.00400	0.00200	0.00500	0.00350	0.00400	0.00700
10	0.01637	0.51732	0.17803	0.01404	0.02015	0.04814	0.05799	0.01973	0.01342	0.01667	0.00979	0.01169	0.00837	0.00593	0.00556	0.00164	0.03975	0.00411	0.00281	0.00850
11	0.00770	0.00655	0.00663	0.00661	0.00877	0.00548	0.00496	0.00939	0.01487	0.01780	0.09277	0.06161	0.70247	0.01623	0.00764	0.00218	0.00326	0.01356	0.00605	0.00548
12	0.01684	0.64584	0.13705	0.01230	0.01835	0.04507	0.01298	0.01970	0.01336	0.01599	0.00940	0.01088	0.00828	0.00565	0.00449	0.00149	0.00744	0.00367	0.00278	0.00845
13	0.04299	0.01558	0.01680	0.01310	0.01785	0.01664	0.01070	0.49706	0.05032	0.05583	0.01795	0.03676	0.03538	0.00800	0.00620	0.00185	0.00627	0.00619	0.04489	0.09963
14	0.00773	0.00655	0.00667	0.00664	0.00878	0.00549	0.00498	0.00945	0.01494	0.01795	0.10459	0.06136	0.69055	0.01618	0.00764	0.00217	0.00326	0.01352	0.00607	0.00549
15	0.02405	0.01760	0.01884	0.01450	0.01952	0.01946	0.01196	0.68243	0.02969	0.04004	0.01574	0.01587	0.01122	0.00775	0.00638	0.00192	0.00694	0.00583	0.03948	0.01078
16	0.01727	0.77681	0.03386	0.01106	0.01658	0.02557	0.01106	0.01935	0.01313	0.01520	0.00898	0.01036	0.00829	0.00553	0.00415	0.00138	0.00691	0.00345	0.00276	0.00829
17	0.01322	0.01295	0.06859	0.02257	0.27474	0.01127	0.09414	0.01688	0.01565	0.05123	0.21647	0.09254	0.06254	0.00968	0.00709	0.00207	0.00625	0.00906	0.00484	0.00823
18	0.01548	0.01315	0.01382	0.01235	0.01590	0.01487	0.00963	0.07726	0.57535	0.02664	0.03101	0.02881	0.11792	0.00975	0.00671	0.00217	0.00499	0.00808	0.00649	0.00962
19	0.01021	0.00729	0.01018	0.01167	0.01307	0.00726	0.01006	0.01304	0.01468	0.01911	0.03432	0.12803	0.03763	0.01804	0.00887	0.00295	0.00578	0.63596	0.00595	0.00589
20	0.01773	0.01158	0.01330	0.01108	0.01439	0.01196	0.00873	0.26233	0.05460	0.13279	0.12106	0.05044	0.12307	0.05890	0.03674	0.04240	0.00585	0.00848	0.00626	0.00833
21	0.01610	0.01844	0.13061	0.02508	0.14368	0.01549	0.35976	0.02306	0.10803	0.07069	0.01531	0.01785	0.01138	0.00621	0.00700	0.00211	0.00905	0.00680	0.00394	0.00944
22	0.00904	0.00676	0.00850	0.00851	0.01018	0.00621	0.00668	0.01174	0.01676	0.02258	0.43229	0.05650	0.21525	0.01489	0.00789	0.00226	0.00368	0.14776	0.00662	0.00591
23	0.01668	0.01336	0.01434	0.01250	0.01596	0.01493	0.00973	0.20655	0.39205	0.02848	0.04235	0.09209	0.05172	0.04923	0.00812	0.00237	0.00544	0.00840	0.00634	0.00935
24	0.02456	0.01810	0.01939	0.01487	0.02004	0.02004	0.01228	0.71107	0.03038	0.04072	0.01551	0.01551	0.01099	0.00776	0.00646	0.00194	0.00711	0.00582	0.00646	0.01099
25	0.01622	0.03551	0.01680	0.03598	0.05983	0.09165	0.08051	0.03366	0.06997	0.12424	0.10286	0.10478	0.06684	0.00939	0.00661	0.00191	0.00627	0.00820	0.00523	0.12354
26	0.01308	0.03268	0.71010	0.01929	0.05696	0.01502	0.02371	0.02044	0.01369	0.02049	0.01162	0.01374	0.00827	0.00612	0.00615	0.00204	0.00947	0.00481	0.00275	0.00958
27	0.02344	0.02866	0.01803	0.01625	0.01969	0.64598	0.01227	0.06023	0.08166	0.01804	0.01172	0.01295	0.00947	0.00690	0.00592	0.00173	0.01084	0.00452	0.00377	0.00791
28	0.01587	0.01523	0.02601	0.06232	0.71090	0.01532	0.01977	0.01973	0.01466	0.02096	0.01213	0.01603	0.01018	0.00578	0.00640	0.00193	0.00771	0.00576	0.00319	0.01014
29	0.01589	0.01559	0.02494	0.13337	0.60723	0.05062	0.01923	0.01968	0.01465	0.02025	0.01196	0.01594	0.00993	0.00589	0.00638	0.00194	0.00799	0.00568	0.00316	0.00970
30	0.00800	0.00573	0.00771	0.00913	0.00957	0.00544	0.00621	0.00923	0.01234	0.01649	0.03469	0.71575	0.04131	0.02155	0.04402	0.00301	0.00446	0.03420	0.00587	0.00529
31	0.00956	0.00726	0.01059	0.01052	0.01179	0.00846	0.00818	0.01264	0.04476	0.01558	0.01774	0.02532	0.01633	0.04654	0.71148	0.00999	0.01672	0.00694	0.00361	0.00598
32	0.74690	0.01244	0.00986	0.00874	0.01267	0.01432	0.00717	0.04700	0.01214	0.02932	0.04411	0.01253	0.00977	0.00642	0.00427	0.00200	0.00499	0.00399	0.00425	0.00712
33	0.01035	0.00923	0.01528	0.03589	0.01639	0.00916	0.15708	0.01371	0.06162	0.01813	0.02991	0.47360	0.06513	0.01538	0.00838	0.00247	0.03234	0.01426	0.00525	0.00646
34	0.00783	0.00577	0.00734	0.00860	0.00927	0.00528	0.00582	0.00904	0.01275	0.01665	0.04043	0.65463	0.15370	0.01962	0.00815	0.00255	0.00367	0.01760	0.00600	0.00528
35	0.00833	0.00666	0.00758	0.00810	0.00992	0.00591	0.00636	0.01024	0.01451	0.01781	0.05475	0.13920	0.48992	0.01713	0.00801	0.00242	0.00397	0.17761	0.00599	0.00555
36	0.01876	0.04622	0.04553	0.02329	0.20931	0.30991	0.05434	0.02136	0.01507	0.01757	0.01043	0.01368	0.00894	0.00729	0.00932	0.00201	0.17042	0.00510	0.00315	0.00829
37	0.00948	0.00809	0.01325	0.01247	0.01381	0.00800	0.12006	0.01132	0.01267	0.01711	0.03018	0.59762	0.03516	0.01726	0.00900	0.00257	0.05487	0.01580	0.00535	0.00593
38	0.01026	0.00742	0.00951	0.00911	0.01079	0.00715	0.00703	0.06004	0.01828	0.02546	0.54676	0.10080	0.05337	0.01390	0.00774	0.00218	0.00373	0.09327	0.00685	0.00635
39	0.05628	0.01614	0.02571	0.09889	0.15929	0.04959	0.23791	0.13333	0.01710	0.05907	0.01365	0.03292	0.01071	0.00687	0.00759	0.00210	0.05329	0.00649	0.00405	0.00901
40	0.01371	0.05450	0.53105	0.02048	0.02910	0.01572	0.20362	0.02049	0.01405	0.02035	0.01189	0.01453	0.00861	0.00594	0.00646	0.00206	0.00981	0.00548	0.00287	0.00929
41	0.01220	0.01148	0.01938	0.75739	0.04450	0.01436	0.01794	0.01651	0.01292	0.01651	0.01148	0.01723	0.00861	0.00646	0.00646	0.00215	0.00861	0.00574	0.00287	0.00718
42	0.01327	0.08616	0.68938	0.01789	0.02716	0.01576	0.02296	0.02038	0.01361	0.02009	0.01141	0.01341	0.00819	0.00610	0.00600	0.00200	0.00936	0.00468	0.00273	0.00946
43	0.81856	0.01250	0.00950	0.00850	0.01250	0.01449	0.00700	0.01899	0.01100	0.02899	0.00900	0.01050	0.00700	0.00600	0.00400	0.00200	0.00500	0.00350	0.00400	0.00700
44	0.01340	0.01148	0.01340	0.00957	0.01531	0.00861	0.00766	0.01627	0.01340	0.02105	0.01148	0.01340	0.00957	0.00479	0.00479	0.00096	0.00479	0.00383	0.00383	0.81242
45	0.00880	0.00659	0.00816	0.00777	0.00944	0.00595	0.00583	0.01153	0.01748	0.02400	0.57884	0.05142	0.21253	0.01392	0.00762	0.00207	0.00310	0.01213	0.00686	0.00595
46	0.00764	0.00655	0.00655	0.00655	0.00873	0.00545	0.00491	0.00927	0.01473	0.01745	0.06546	0.06218	0.73000	0.01636	0.00764	0.00218	0.00327	0.01364	0.00600	0.00545
47	0.01573	0.01508	0.02575	0.08951	0.68482	0.01528	0.01970	0.01960	0.01459	0.02079	0.01211	0.01608	0.01012	0.00581	0.00640	0.00194	0.00774	0.00576	0.00318	0.01002
48	0.01545	0.01301	0.01374	0.01239	0.01591	0.01475	0.00963	0.03152	0.62700	0.04276	0.03057	0.02823	0.09742	0.00958	0.00669	0.00219	0.00492	0.00798	0.00655	0.00972
49	0.01303	0.01011	0.01120	0.01053	0.01272	0.01101	0.00773	0.02243	0.35537	0.04313	0.08019	0.09928	0.05145	0.20532	0.01361	0.00327	0.00510	0.03105	0.00589	0.00759
50	0.01864	0.04578	0.01978	0.08880	0.02128	0.29865	0.03691	0.02071	0.01429	0.05158	0.01049	0.01382	0.00889	0.00822	0.01141	0.00213	0.27973	0.00505	0.00333	0.04050
51	0.02456	0.01810	0.01939	0.01487	0.02004	0.02004	0.01228	0.71107	0.03038	0.04072	0.01551	0.01551	0.01099	0.00776	0.00646	0.00194	0.00711	0.00582	0.00646	0.01099
52	0.01122	0.00878	0.01190	0.01164	0.06122	0.00847	0.03639	0.08090	0.01860	0.02566	0.48607	0.04383	0.12863	0.01233	0.00746	0.00206	0.00418	0.02732	0.00646	0.00689
53	0.01995	0.02092	0.31745	0.05168	0.09045	0.01276	0.03724	0.02482	0.01577	0.31847	0.01747	0.01761	0.01169	0.00687	0.00637	0.00202	0.00768	0.00571	0.00499	0.01008
54	0.02264	0.19316	0.02169	0.01543	0.01924	0.58997	0.01217	0.02440	0.01718	0.01568	0.00977	0.01137	0.00832	0.00641	0.00546	0.00160	0.01062	0.00401	0.00321	0.00767
55	0.01904	0.01707	0.02159	0.10636	0.24528	0.14714	0.05939	0.06011	0.01617	0.12239	0.01352	0.01598	0.01037	0.00678	0.00743	0.00194	0.06541	0.00558	0.00406	0.05438
56	0.01787	0.68435	0.04818	0.01179	0.01718	0.09853	0.01149	0.02003	0.01367	0.01538	0.00914	0.01057	0.00829	0.00566	0.00436	0.00143	0.00745	0.00356	0.00282	0.00824
57	0.01296	0.03342	0.73944	0.01842	0.02797	0.01501	0.02387	0.02046	0.01364	0.02046	0.01160	0.01364	0.00818	0.00614	0.00614	0.00205	0.00955	0.00477	0.00273	0.00955
58	0.00832	0.00657	0.00749	0.00726	0.00915	0.00575	0.00545	0.01060	0.01634	0.02129	0.36615	0.05588	0.42691	0.01493	0.00763	0.00211	0.00317	0.01275	0.00650	0.00575
59	0.01220	0.01148	0.01938	0.75739	0.04450	0.01436	0.01794	0.01651	0.01292	0.01651	0.01148	0.01723	0.00861	0.00646	0.00646	0.00215	0.00861	0.00574	0.00287	0.00718
60	0.00841	0.00613	0.00776	0.00885	0.00966	0.00574	0.00630	0.00979	0.01283	0.01667	0.03854	0.46381	0.15070	0.10167	0.01096	0.00301	0.00430	0.12388	0.00576	0.00525
61	0.00842	0.00589	0.00738	0.00832	0.00915	0.00545	0.00574	0.01003	0.01347	0.01851	0.12093	0.52725	0.11933	0.01767	0.00772	0.00239	0.00354	0.01578	0.08760	0.00545
62	0.00865	0.00659	0.00796	0.00761	0.00935	0.00589	0.00571	0.01124	0.01713	0.02316	0.51306	0.05280	0.27883	0.01424	0.00763	0.00208	0.00312	0.01232	0.00675	0.00589
63	0.17763	0.01128	0.01396	0.01093	0.01574	0.01044	0.00903	0.02914	0.01708	0.60379	0.02239	0.01983	0.01430	0.00762	0.00603	0.00200	0.00540	0.00593	0.00724	0.01024
64	0.00934	0.00648	0.00812	0.00812	0.00849	0.00685	0.00525	0.01008	0.00971	0.01332	0.01938	0.03687	0.02114	0.54070	0.26189	0.00758	0.00980	0.00860	0.00377	0.00451
65	0.01523	0.01457	0.02484	0.18467	0.59359	0.01515	0.01945	0.01916	0.01435	0.02018	0.01202	0.01624	0.00991	0.00590	0.00641	0.00197	0.00787	0.00575	0.00313	0.00962
66	0.01374	0.01251	0.02015	0.61003	0.11946	0.01498	0.01765	0.07944	0.01469	0.01921	0.01192	0.01693	0.00901	0.00650	0.00645	0.00211	0.00837	0.00575	0.00323	0.00786
67	0.19896	0.01204	0.01075	0.00974	0.01156	0.09328	0.00694	0.08495	0.01292	0.01969	0.01551	0.02744	0.01599	0.39552	0.01995	0.00416	0.04375	0.00691	0.00407	0.00590
68	0.01723	0.01446	0.01526	0.01338	0.01724	0.01661	0.01051	0.12700	0.62639	0.02890	0.02482	0.02293	0.01853	0.00863	0.00656	0.00216	0.00539	0.00710	0.00656	0.01033
69	0.01607	0.01388	0.01461	0.01315	0.01680	0.01607	0.01023	0.03433	0.72094	0.02703	0.02630	0.02411	0.01972	0.00877	0.00657	0.00219	0.00511	0.00731	0.00657	0.01023
70	0.01569	0.01498	0.02546	0.03691	0.64709	0.01502	0.04346	0.02006	0.03981	0.02122	0.01377	0.01913	0.01188	0.00645	0.00657	0.00199	0.00761	0.03945	0.00346	0.00997
71	0.04348	0.01573	0.01996	0.28530	0.12515	0.07422	0.01539	0.21504	0.01815	0.02426	0.01219	0.01558	0.00942	0.00726	0.00794	0.00209	0.09059	0.00556	0.00400	0.00868
72	0.00923	0.00692	0.01038	0.01038	0.01154	0.00808	0.00808	0.01154	0.01038	0.01500	0.01731	0.02538	0.01615	0.04846	0.74732	0.01038	0.01731	0.00692	0.00346	0.00577
73	0.00924	0.00688	0.01017	0.01017	0.01125	0.00796	0.00781	0.01140	0.01032	0.01484	0.01750	0.02648	0.01663	0.09539	0.70103	0.01012	0.01659	0.00708	0.00349	0.00565
74	0.02298	0.01833	0.05365	0.01483	0.02003	0.01932	0.01259	0.59625	0.11265	0.03809	0.01662	0.01646	0.01190	0.00780	0.00646	0.00197	0.00699	0.00595	0.00630	0.01083
75	0.02776	0.01275	0.06481	0.01207	0.01739	0.01019	0.01057	0.05121	0.01852	0.66697	0.02424	0.02122	0.01531	0.00786	0.00647	0.00200	0.00582	0.00636	0.00759	0.01090
76	0.00824	0.00622	0.00766	0.00851	0.00952	0.00576	0.00592	0.01028	0.03765	0.01814	0.12089	0.50742	0.19365	0.01821	0.00799	0.00245	0.00361	0.01620	0.00615	0.00556
