[name]
unknown

[dist]
# distance from previous block
# <min> <max>
0	41

[block]
# block no. 0 follows, 32 sequences, length 21
# corresponding to MSA columns:
# 45-65
name=unknown_A
#
# <colnr> <probs for GDERKNQSTAVLIFYWHMCP>
#	G	D	E	R	K	N	Q	S	T	A	V	L	I	F	Y	W	H	M	C	P
0	0.08283	0.08795	0.09982	0.01357	0.01817	0.06801	0.03868	0.06940	0.07863	0.10027	0.07385	0.02338	0.01772	0.00859	0.00715	0.00203	0.04760	0.05379	0.03795	0.07061
1	0.06356	0.08337	0.12473	0.01719	0.12580	0.06522	0.01329	0.12959	0.01761	0.04990	0.05426	0.11599	0.05767	0.00955	0.00652	0.00205	0.00690	0.00787	0.04017	0.00875
2	0.01811	0.01581	0.04308	0.11263	0.10449	0.05555	0.05663	0.21307	0.06458	0.05530	0.04907	0.06540	0.01737	0.03231	0.00782	0.00227	0.00750	0.04009	0.00520	0.03373
3	0.01007	0.00689	0.00896	0.00972	0.01083	0.00643	0.00685	0.03352	0.01438	0.04786	0.09240	0.58921	0.04221	0.01875	0.00826	0.00257	0.00415	0.04368	0.00634	0.03694
4	0.04630	0.09211	0.08527	0.01610	0.02142	0.13358	0.09392	0.18280	0.13639	0.02654	0.03313	0.01705	0.01289	0.00725	0.00632	0.00193	0.00811	0.00584	0.00483	0.06820
5	0.04229	0.01779	0.10177	0.04400	0.02083	0.10170	0.08848	0.12928	0.01708	0.07250	0.01580	0.06709	0.01361	0.05459	0.03402	0.04160	0.04138	0.00679	0.00447	0.08494
6	0.01911	0.20448	0.14526	0.01698	0.06812	0.11088	0.06590	0.09218	0.03877	0.08794	0.04827	0.01702	0.01323	0.00706	0.00606	0.00187	0.00813	0.00559	0.03387	0.00931
7	0.01677	0.12483	0.17021	0.01925	0.11172	0.04328	0.07739	0.06742	0.09915	0.06042	0.01539	0.01777	0.01210	0.01252	0.10066	0.00315	0.02856	0.00594	0.00411	0.00936
8	0.02269	0.01517	0.01692	0.01334	0.01804	0.01595	0.01086	0.42921	0.04828	0.14888	0.05623	0.05053	0.07362	0.00948	0.00688	0.00204	0.00630	0.00756	0.00684	0.04118
9	0.01591	0.15446	0.10457	0.18730	0.18827	0.01716	0.01632	0.10944	0.01664	0.02222	0.04074	0.04742	0.03643	0.00766	0.00637	0.00201	0.00771	0.00644	0.00392	0.00903
10	0.01484	0.04055	0.12921	0.08536	0.12105	0.01372	0.14844	0.02042	0.08607	0.06132	0.01859	0.11525	0.01644	0.03260	0.00850	0.02945	0.00775	0.00815	0.03368	0.00861
11	0.01261	0.00725	0.00909	0.07898	0.01289	0.00748	0.00699	0.01527	0.01372	0.07145	0.04604	0.12091	0.02188	0.06967	0.08472	0.00316	0.00578	0.00846	0.39719	0.00645
12	0.00929	0.00691	0.00900	0.00948	0.01043	0.00718	0.00673	0.01159	0.04488	0.01656	0.03046	0.29265	0.09548	0.14751	0.26347	0.00603	0.00917	0.01250	0.00501	0.00568
13	0.01848	0.20247	0.05398	0.05847	0.21488	0.14201	0.10715	0.02238	0.03706	0.04784	0.01244	0.01506	0.01009	0.00640	0.00647	0.00190	0.02476	0.00541	0.00351	0.00922
14	0.04515	0.05194	0.05515	0.02648	0.01394	0.01040	0.00900	0.04170	0.09039	0.05271	0.06360	0.13616	0.10914	0.07605	0.03626	0.00294	0.00580	0.08893	0.07705	0.00719
15	0.00859	0.00654	0.00788	0.00875	0.00983	0.00608	0.00606	0.01074	0.04462	0.01816	0.07257	0.48863	0.22487	0.04241	0.00909	0.00267	0.00387	0.01667	0.00624	0.00573
16	0.01209	0.01089	0.04001	0.06712	0.01501	0.04378	0.00871	0.06372	0.07272	0.02132	0.10843	0.10262	0.19859	0.07890	0.07053	0.00326	0.00642	0.01031	0.05869	0.00688
17	0.01905	0.11854	0.06611	0.08091	0.11373	0.08459	0.08445	0.14577	0.03574	0.07620	0.03979	0.01808	0.01295	0.03061	0.00804	0.00215	0.04343	0.00609	0.00446	0.00931
18	0.05211	0.05873	0.01725	0.01336	0.01765	0.15811	0.01070	0.22485	0.06713	0.09728	0.06149	0.04287	0.03372	0.00982	0.03054	0.00218	0.00757	0.00648	0.00558	0.08256
19	0.11831	0.07593	0.05615	0.01847	0.16378	0.01434	0.03363	0.06679	0.08384	0.12776	0.02085	0.11087	0.03295	0.00942	0.00658	0.00216	0.00645	0.03733	0.00521	0.00918
20	0.01679	0.26167	0.02211	0.06549	0.04743	0.12510	0.01140	0.05583	0.01505	0.01862	0.01433	0.06179	0.01374	0.06412	0.00874	0.00216	0.05115	0.03212	0.03042	0.08196

[dist]
# distance from previous block
# <min> <max>
1	11

[block]
# block no. 1 follows, 32 sequences, length 45
# corresponding to MSA columns:
# 77-121
name=unknown_B
#
# <colnr> <probs for GDERKNQSTAVLIFYWHMCP>
#	G	D	E	R	K	N	Q	S	T	A	V	L	I	F	Y	W	H	M	C	P
0	0.09119	0.07811	0.05943	0.04836	0.11339	0.10222	0.01294	0.08619	0.12805	0.11899	0.01704	0.04198	0.01328	0.00760	0.00617	0.00197	0.00721	0.00601	0.00501	0.05489
1	0.01310	0.00835	0.01091	0.01101	0.03251	0.00855	0.00781	0.01676	0.09928	0.10804	0.05628	0.20021	0.04957	0.09971	0.17308	0.05615	0.00786	0.01052	0.02342	0.00687
2	0.01289	0.01296	0.08582	0.06001	0.01784	0.06310	0.07313	0.01554	0.01455	0.06863	0.05720	0.31882	0.08504	0.01410	0.00827	0.03128	0.00628	0.01207	0.00520	0.03725
3	0.04578	0.09315	0.07853	0.01596	0.10573	0.05888	0.02876	0.03388	0.06882	0.02024	0.04169	0.19917	0.05637	0.05405	0.00888	0.00240	0.03248	0.00947	0.00464	0.04114
4	0.01278	0.05381	0.01249	0.01113	0.01336	0.06287	0.00853	0.04860	0.15415	0.02157	0.09318	0.28176	0.10479	0.01487	0.00766	0.00239	0.00522	0.07751	0.00607	0.00727
5	0.10296	0.00707	0.00804	0.00862	0.00975	0.00695	0.00597	0.01114	0.01312	0.01913	0.10539	0.36976	0.11619	0.15162	0.01253	0.00322	0.00445	0.03284	0.00572	0.00555
6	0.07383	0.04451	0.04131	0.01297	0.01608	0.03610	0.03776	0.14435	0.01709	0.07724	0.06336	0.11077	0.02068	0.01644	0.10232	0.03136	0.06737	0.05092	0.02762	0.00791
7	0.11167	0.05839	0.02165	0.13601	0.16521	0.07562	0.06979	0.11494	0.07512	0.06104	0.01503	0.04011	0.01197	0.00730	0.00638	0.00206	0.00782	0.00619	0.00446	0.00924
8	0.01215	0.00926	0.01113	0.01029	0.01134	0.01039	0.00732	0.06850	0.07864	0.01865	0.07477	0.06439	0.02425	0.38328	0.09573	0.00526	0.09475	0.00911	0.00471	0.00608
9	0.00946	0.00747	0.00836	0.00891	0.00999	0.03524	0.00626	0.01100	0.01417	0.01830	0.14197	0.31816	0.17440	0.14196	0.01255	0.00316	0.00461	0.06257	0.00593	0.00554
10	0.01693	0.04068	0.01564	0.01419	0.07035	0.01299	0.01026	0.22040	0.01971	0.08692	0.08418	0.21030	0.05417	0.01352	0.03416	0.00251	0.03593	0.01012	0.00598	0.04107
11	0.07467	0.04920	0.06714	0.01424	0.04888	0.10922	0.04498	0.06008	0.01580	0.04625	0.07782	0.11679	0.04471	0.02755	0.06195	0.00287	0.03885	0.03550	0.05590	0.00762
12	0.01449	0.04312	0.01033	0.00867	0.01100	0.00979	0.00684	0.11881	0.04504	0.02652	0.02238	0.07837	0.01900	0.00925	0.00555	0.00181	0.00423	0.03741	0.52015	0.00725
13	0.02063	0.39572	0.08918	0.01327	0.01887	0.09253	0.01262	0.07962	0.01654	0.13457	0.01311	0.01383	0.01019	0.00667	0.00580	0.00171	0.02930	0.00458	0.00417	0.03709
14	0.05729	0.17315	0.16440	0.01418	0.01966	0.01749	0.03079	0.13784	0.04612	0.07471	0.01790	0.04374	0.05647	0.00832	0.00738	0.00201	0.06891	0.00621	0.00455	0.04888
15	0.01723	0.25301	0.04466	0.03864	0.20166	0.01901	0.06780	0.11581	0.04197	0.02281	0.04561	0.01914	0.01398	0.00892	0.03598	0.00226	0.00800	0.03010	0.00407	0.00934
16	0.01350	0.09555	0.04642	0.01064	0.01346	0.01076	0.03014	0.04525	0.03480	0.08562	0.20656	0.06806	0.07486	0.14651	0.08536	0.00372	0.00678	0.00936	0.00550	0.00713
17	0.00916	0.00822	0.05452	0.00998	0.01112	0.00687	0.00744	0.01147	0.04397	0.01730	0.03209	0.55531	0.03723	0.11441	0.04468	0.00351	0.00531	0.01594	0.00565	0.00582
18	0.01389	0.00834	0.01029	0.04485	0.04259	0.00842	0.00745	0.05959	0.03393	0.07791	0.02522	0.12050	0.07112	0.06050	0.01037	0.09651	0.00480	0.00868	0.28837	0.00669
19	0.04529	0.05286	0.22315	0.05745	0.21867	0.10574	0.06989	0.04540	0.04541	0.02156	0.01295	0.01584	0.01018	0.00828	0.03698	0.00239	0.00948	0.00557	0.00348	0.00944
20	0.05637	0.04801	0.11307	0.01715	0.09407	0.03866	0.06766	0.08188	0.14646	0.02463	0.07860	0.07629	0.01945	0.01064	0.03984	0.00247	0.00737	0.00753	0.03232	0.03753
21	0.04591	0.00828	0.01078	0.09581	0.01524	0.00818	0.00813	0.01558	0.03331	0.11669	0.24438	0.18668	0.12431	0.04588	0.00869	0.00246	0.00465	0.01178	0.00632	0.00694
22	0.01158	0.00812	0.00924	0.00877	0.01105	0.00759	0.00656	0.04520	0.06547	0.08115	0.14803	0.16185	0.34634	0.04730	0.00891	0.00247	0.00409	0.01298	0.00655	0.00676
23	0.04441	0.03515	0.06587	0.05713	0.06162	0.01346	0.03746	0.11219	0.13220	0.04934	0.10215	0.04611	0.06745	0.00884	0.00658	0.00196	0.00609	0.00746	0.00535	0.13917
24	0.04794	0.30608	0.09650	0.07798	0.04420	0.19028	0.01387	0.07948	0.01645	0.01986	0.01087	0.01282	0.00895	0.00635	0.00544	0.00171	0.00864	0.00441	0.00345	0.04471
25	0.01739	0.07652	0.09340	0.08919	0.04751	0.01506	0.09646	0.14516	0.03731	0.07729	0.05018	0.03520	0.01439	0.02060	0.00690	0.00195	0.00734	0.00633	0.00471	0.15713
26	0.01533	0.10037	0.02221	0.08243	0.21318	0.05200	0.07513	0.06753	0.01540	0.02040	0.04394	0.10609	0.01704	0.03998	0.04303	0.03714	0.02877	0.00777	0.00402	0.00823
27	0.01060	0.00778	0.00935	0.06707	0.01193	0.00786	0.00621	0.04034	0.01244	0.01656	0.06995	0.04148	0.10579	0.47441	0.05291	0.00513	0.00655	0.00961	0.00454	0.03948
28	0.01309	0.00902	0.01061	0.01023	0.01074	0.06691	0.00718	0.03559	0.01086	0.01392	0.01390	0.07780	0.01431	0.05209	0.02257	0.56254	0.05416	0.00691	0.00340	0.00415
29	0.01878	0.07519	0.15903	0.07038	0.05512	0.20010	0.04450	0.09286	0.09085	0.03429	0.01409	0.01598	0.01087	0.00727	0.00704	0.00200	0.04602	0.00547	0.04109	0.00905
30	0.01131	0.04241	0.01150	0.04497	0.04138	0.06888	0.00807	0.03636	0.01543	0.01905	0.08929	0.22400	0.27568	0.04652	0.00877	0.00247	0.00520	0.03672	0.00559	0.00639
31	0.00924	0.00679	0.00806	0.00838	0.00934	0.00659	0.00568	0.02788	0.01272	0.01654	0.03694	0.25006	0.20389	0.26103	0.10213	0.00475	0.00635	0.01312	0.00524	0.00528
32	0.04220	0.04676	0.08166	0.01699	0.16331	0.01176	0.01149	0.01780	0.07074	0.04979	0.04310	0.02769	0.04422	0.18071	0.11465	0.00422	0.00816	0.00739	0.04966	0.00770
33	0.02069	0.10665	0.11813	0.01380	0.01880	0.07439	0.01258	0.20212	0.02001	0.17148	0.03941	0.10498	0.01712	0.01092	0.03640	0.00239	0.00765	0.00736	0.00561	0.00951
34	0.01292	0.01020	0.01023	0.00995	0.01222	0.06781	0.00738	0.02957	0.11131	0.07658	0.05955	0.25502	0.25366	0.01501	0.00758	0.00231	0.00477	0.01283	0.03404	0.00706
35	0.01205	0.00774	0.00921	0.00917	0.01112	0.00736	0.00693	0.04528	0.03976	0.08239	0.10040	0.25268	0.19113	0.01530	0.00759	0.00233	0.00418	0.07186	0.11681	0.00672
36	0.01815	0.04938	0.07491	0.11106	0.02366	0.06865	0.06457	0.14624	0.08763	0.07332	0.01614	0.04647	0.01272	0.00739	0.00635	0.00187	0.00747	0.00616	0.00480	0.17306
37	0.05254	0.09500	0.06735	0.04917	0.18214	0.07050	0.08912	0.10033	0.07037	0.07517	0.01678	0.01928	0.03558	0.03877	0.00760	0.00219	0.00795	0.00628	0.00444	0.00943
38	0.04777	0.01024	0.01466	0.01281	0.01544	0.01041	0.08930	0.08695	0.01620	0.09411	0.08051	0.19650	0.02748	0.04815	0.06629	0.00322	0.03247	0.08328	0.05679	0.00742
39	0.01953	0.12765	0.04470	0.06416	0.05097	0.08035	0.01242	0.18171	0.09336	0.08074	0.01719	0.02075	0.01378	0.00793	0.00624	0.00192	0.00717	0.05189	0.03401	0.08353
40	0.01407	0.08655	0.10345	0.01359	0.06674	0.01199	0.01109	0.06182	0.01461	0.03652	0.06720	0.04910	0.01710	0.06247	0.09778	0.06564	0.00775	0.00649	0.00418	0.20187
41	0.03311	0.27759	0.20776	0.04479	0.02134	0.01825	0.04236	0.07259	0.03624	0.02133	0.06531	0.01865	0.03921	0.00909	0.03703	0.00223	0.00801	0.00570	0.00385	0.03557
42	0.01446	0.04521	0.16273	0.05003	0.07971	0.07015	0.03760	0.02208	0.18155	0.02165	0.04532	0.13537	0.03595	0.01017	0.00697	0.00221	0.00714	0.03571	0.00482	0.03115
43	0.01353	0.01400	0.13852	0.01424	0.04681	0.01039	0.06464	0.06921	0.01575	0.07860	0.07220	0.22765	0.07566	0.08997	0.01032	0.00277	0.00639	0.03637	0.00535	0.00764
44	0.01412	0.01076	0.01166	0.01054	0.01342	0.03752	0.00807	0.06266	0.17836	0.08027	0.19327	0.12103	0.17197	0.01272	0.00738	0.00218	0.00468	0.01082	0.00663	0.04193

[dist]
# distance from previous block
# <min> <max>
0	5

[block]
# block no. 2 follows, 32 sequences, length 13
# corresponding to MSA columns:
# 127-139
name=unknown_C
#
# <colnr> <probs for GDERKNQSTAVLIFYWHMCP>
#	G	D	E	R	K	N	Q	S	T	A	V	L	I	F	Y	W	H	M	C	P
0	0.01582	0.05545	0.01555	0.05195	0.06992	0.01335	0.00994	0.19301	0.07688	0.04010	0.06592	0.08839	0.07650	0.16168	0.01236	0.00297	0.00619	0.00880	0.00544	0.02977
1	0.01221	0.01013	0.00989	0.00940	0.01107	0.09090	0.00684	0.04573	0.01597	0.02138	0.23443	0.08041	0.10539	0.14484	0.07337	0.00353	0.00627	0.01003	0.10202	0.00619
2	0.00870	0.00627	0.00808	0.00909	0.00978	0.00598	0.00628	0.01007	0.01306	0.01734	0.07556	0.47707	0.09756	0.12155	0.05212	0.00363	0.00509	0.06149	0.00586	0.00541
3	0.01566	0.08160	0.08312	0.12688	0.05795	0.11308	0.01320	0.06059	0.14567	0.02177	0.05656	0.02831	0.11596	0.00948	0.00676	0.00211	0.00730	0.04076	0.00480	0.00843
4	0.01491	0.05226	0.01882	0.17151	0.13221	0.04682	0.05223	0.02026	0.10922	0.06365	0.09797	0.07253	0.04178	0.04791	0.02686	0.00258	0.00726	0.00814	0.00479	0.00827
5	0.14724	0.00834	0.00872	0.00879	0.01094	0.00837	0.00659	0.01415	0.07749	0.02191	0.11996	0.22765	0.26324	0.01513	0.00739	0.00236	0.00407	0.03517	0.00606	0.00643
6	0.01346	0.01170	0.07589	0.01079	0.01311	0.01033	0.00868	0.16339	0.01609	0.02202	0.02308	0.17327	0.02433	0.30551	0.01776	0.00395	0.00631	0.04687	0.04674	0.00671
7	0.01968	0.06487	0.14744	0.05653	0.06105	0.22006	0.03307	0.09263	0.11774	0.05494	0.01457	0.01602	0.01114	0.00745	0.00731	0.00204	0.05437	0.00551	0.00428	0.00929
8	0.05351	0.01122	0.03573	0.01285	0.05156	0.03552	0.04769	0.01750	0.05418	0.09559	0.12928	0.10042	0.18243	0.01262	0.00742	0.00225	0.00546	0.08924	0.00589	0.04964
9	0.01269	0.00825	0.00996	0.00977	0.01137	0.00822	0.00704	0.08843	0.03108	0.07610	0.04890	0.31806	0.07144	0.15327	0.04640	0.00355	0.00556	0.03375	0.04959	0.00657
10	0.01049	0.00687	0.00882	0.00957	0.01068	0.00652	0.00680	0.03879	0.01462	0.05796	0.08181	0.54672	0.06336	0.01837	0.00816	0.00256	0.00414	0.04949	0.04809	0.00616
11	0.09272	0.12152	0.09788	0.11689	0.10676	0.08409	0.01432	0.07341	0.09823	0.04592	0.01479	0.04257	0.01199	0.00730	0.00603	0.00196	0.00761	0.00576	0.00422	0.04602
12	0.03778	0.04096	0.08071	0.05606	0.06279	0.18404	0.09069	0.03864	0.07990	0.04217	0.01611	0.02078	0.01325	0.00898	0.02686	0.00227	0.03551	0.04667	0.08490	0.03093

[dist]
# distance from previous block
# <min> <max>
1	10

[block]
# block no. 3 follows, 32 sequences, length 16
# corresponding to MSA columns:
# 150-165
name=unknown_D
#
# <colnr> <probs for GDERKNQSTAVLIFYWHMCP>
#	G	D	E	R	K	N	Q	S	T	A	V	L	I	F	Y	W	H	M	C	P
0	0.01399	0.03548	0.04949	0.01576	0.09235	0.04352	0.01155	0.07579	0.01414	0.01957	0.03867	0.06020	0.01715	0.09696	0.16572	0.03391	0.13140	0.02956	0.00405	0.05075
1	0.01623	0.05663	0.10927	0.06748	0.17657	0.05328	0.06133	0.14093	0.01815	0.02439	0.08006	0.10845	0.01972	0.00931	0.00698	0.00213	0.00761	0.02786	0.00463	0.00898
2	0.01651	0.12962	0.20903	0.01741	0.09895	0.06807	0.03535	0.02110	0.03941	0.09485	0.03798	0.05898	0.03631	0.01024	0.04674	0.00243	0.00831	0.00652	0.00421	0.05798
3	0.07039	0.07645	0.06432	0.01423	0.01869	0.01521	0.07745	0.15787	0.05647	0.14041	0.09151	0.04661	0.04825	0.01033	0.02827	0.00238	0.05897	0.00740	0.00561	0.00915
4	0.00929	0.00703	0.00854	0.00887	0.00975	0.00706	0.00611	0.01111	0.03818	0.01703	0.07279	0.29285	0.16654	0.21619	0.06306	0.00411	0.03704	0.01355	0.00543	0.00548
5	0.01464	0.07848	0.08562	0.01750	0.14639	0.01357	0.01267	0.07335	0.12835	0.03900	0.12778	0.10386	0.06500	0.01084	0.00709	0.00219	0.00606	0.05347	0.00543	0.00873
6	0.04397	0.01581	0.01849	0.06118	0.05919	0.07841	0.05557	0.21599	0.08328	0.06207	0.06679	0.04549	0.04197	0.00921	0.00780	0.00213	0.05306	0.03058	0.00545	0.04357
7	0.00893	0.00644	0.00788	0.00845	0.00920	0.00615	0.00570	0.01013	0.01276	0.01683	0.09166	0.29953	0.14201	0.25518	0.05621	0.00425	0.00544	0.04259	0.00550	0.00518
8	0.01276	0.00752	0.00816	0.00804	0.00981	0.00781	0.00611	0.04977	0.06499	0.02454	0.02389	0.10496	0.02081	0.01207	0.04605	0.00233	0.00451	0.03222	0.54693	0.00672
9	0.03715	0.05967	0.11255	0.17707	0.05133	0.10644	0.08345	0.08047	0.03926	0.02107	0.01767	0.04162	0.06837	0.00835	0.00785	0.00216	0.06649	0.00674	0.00392	0.00839
10	0.05776	0.01257	0.01354	0.01160	0.01447	0.07335	0.00901	0.10330	0.01704	0.20108	0.06544	0.06017	0.09145	0.12823	0.03965	0.00317	0.07601	0.00830	0.00581	0.00805
11	0.01307	0.00861	0.01050	0.01011	0.01206	0.00850	0.00757	0.08916	0.04080	0.08997	0.11642	0.25573	0.11013	0.09908	0.03795	0.00319	0.00536	0.06857	0.00630	0.00692
12	0.01597	0.03825	0.02199	0.06233	0.04112	0.06269	0.13222	0.09553	0.06900	0.02126	0.01715	0.04238	0.05129	0.01275	0.06957	0.00305	0.22388	0.00718	0.00412	0.00826
13	0.10135	0.13637	0.11551	0.01646	0.08230	0.01758	0.03660	0.14489	0.13865	0.09299	0.04194	0.01800	0.01400	0.00742	0.00612	0.00201	0.00697	0.00588	0.00510	0.00987
14	0.04549	0.11119	0.05218	0.03877	0.08981	0.33171	0.01407	0.08280	0.05581	0.02042	0.01183	0.01394	0.00971	0.00736	0.00766	0.00194	0.08795	0.00495	0.00377	0.00865
15	0.03874	0.10471	0.05226	0.06365	0.09482	0.03802	0.01222	0.05497	0.03728	0.02002	0.01554	0.09849	0.01494	0.06159	0.04606	0.00275	0.10758	0.00701	0.00398	0.12537

[dist]
# distance from previous block
# <min> <max>
0	7

[block]
# block no. 4 follows, 32 sequences, length 11
# corresponding to MSA columns:
# 173-183
name=unknown_E
#
# <colnr> <probs for GDERKNQSTAVLIFYWHMCP>
#	G	D	E	R	K	N	Q	S	T	A	V	L	I	F	Y	W	H	M	C	P
0	0.00996	0.00683	0.00814	0.00833	0.00990	0.00618	0.00595	0.01151	0.01419	0.06840	0.08347	0.27188	0.31237	0.09475	0.05378	0.00332	0.00488	0.01419	0.00607	0.00590
1	0.00867	0.00642	0.00788	0.00855	0.00960	0.00590	0.00601	0.01028	0.01427	0.01873	0.15725	0.35928	0.20289	0.10033	0.01116	0.00295	0.00407	0.05404	0.00618	0.00554
2	0.12053	0.18489	0.15285	0.01600	0.02169	0.06401	0.10141	0.09077	0.06336	0.02317	0.01240	0.01434	0.00978	0.00688	0.00702	0.00198	0.06452	0.00515	0.00384	0.03540
3	0.01398	0.05521	0.01479	0.02723	0.01559	0.03677	0.04889	0.06025	0.19978	0.04169	0.05395	0.12992	0.14804	0.06747	0.03630	0.00288	0.00619	0.02748	0.00574	0.00786
4	0.00969	0.00717	0.00871	0.00896	0.01024	0.00691	0.00635	0.05336	0.01501	0.01992	0.14754	0.33610	0.17547	0.09862	0.06107	0.00344	0.00514	0.01438	0.00603	0.00590
5	0.01671	0.06801	0.01445	0.01128	0.01443	0.01194	0.00909	0.12940	0.06636	0.14694	0.13799	0.13596	0.11563	0.01259	0.00786	0.00225	0.03244	0.05184	0.00651	0.00833
6	0.10624	0.01320	0.01536	0.01458	0.06410	0.07369	0.04528	0.10793	0.01642	0.07538	0.05253	0.09585	0.04488	0.04335	0.10975	0.00354	0.05220	0.02650	0.03138	0.00786
7	0.01567	0.01774	0.07327	0.01647	0.06831	0.18467	0.07186	0.06929	0.01601	0.01955	0.02238	0.10844	0.09386	0.06009	0.10509	0.00353	0.03345	0.00846	0.00430	0.00757
8	0.00856	0.00611	0.00810	0.00915	0.00973	0.00582	0.00621	0.01001	0.01339	0.01816	0.13333	0.56351	0.04409	0.07488	0.05247	0.00337	0.00479	0.01672	0.00609	0.00551
9	0.01550	0.01377	0.07931	0.01512	0.04142	0.01210	0.09858	0.16711	0.01880	0.06899	0.07867	0.19667	0.06603	0.01227	0.00757	0.00232	0.00646	0.06317	0.02782	0.00832
10	0.05261	0.01430	0.07158	0.03162	0.06874	0.01358	0.09681	0.06663	0.19153	0.04573	0.02329	0.09485	0.05927	0.01128	0.00921	0.07276	0.02603	0.03656	0.00512	0.00849

[dist]
# distance from previous block
# <min> <max>
3	6

[block]
# block no. 5 follows, 32 sequences, length 42
# corresponding to MSA columns:
# 190-231
name=unknown_F
#
# <colnr> <probs for GDERKNQSTAVLIFYWHMCP>
#	G	D	E	R	K	N	Q	S	T	A	V	L	I	F	Y	W	H	M	C	P
0	0.03108	0.11921	0.04601	0.02662	0.03955	0.01335	0.01019	0.13908	0.01756	0.04279	0.07372	0.10293	0.08375	0.02960	0.00723	0.00203	0.00585	0.04727	0.00516	0.15703
1	0.04211	0.12295	0.11508	0.08113	0.05648	0.03171	0.05163	0.13653	0.09941	0.05783	0.01552	0.01810	0.01210	0.00717	0.00619	0.00192	0.00745	0.02628	0.00458	0.10582
2	0.01221	0.01091	0.04803	0.01280	0.05931	0.01019	0.00937	0.07409	0.14131	0.02240	0.07424	0.27444	0.13352	0.04850	0.00891	0.00259	0.00511	0.03861	0.00598	0.00750
3	0.04581	0.01517	0.09809	0.01248	0.03783	0.12351	0.01018	0.01802	0.05041	0.06135	0.11005	0.11164	0.09255	0.08023	0.04692	0.00294	0.00704	0.00907	0.05942	0.00729
4	0.05900	0.01186	0.01591	0.01435	0.05211	0.03479	0.08903	0.05280	0.07497	0.16816	0.04770	0.08343	0.07391	0.07649	0.00953	0.00262	0.00632	0.07690	0.04182	0.00829
5	0.05759	0.19325	0.17287	0.06685	0.04429	0.01763	0.06095	0.08923	0.08342	0.06009	0.04145	0.05464	0.01440	0.00773	0.00618	0.00201	0.00753	0.00631	0.00437	0.00921
6	0.01196	0.00891	0.00966	0.00902	0.01146	0.00888	0.00676	0.01819	0.19154	0.05760	0.12985	0.04588	0.30576	0.09139	0.01011	0.00264	0.00428	0.01089	0.05807	0.00717
7	0.00888	0.00676	0.00811	0.00862	0.00988	0.00631	0.00606	0.01142	0.05043	0.01958	0.17243	0.36795	0.22281	0.05709	0.00953	0.00266	0.00384	0.01539	0.00636	0.00587
8	0.01730	0.04329	0.09557	0.10904	0.16629	0.15795	0.01526	0.04259	0.01600	0.06776	0.04922	0.08461	0.03135	0.00890	0.00787	0.00212	0.06497	0.00715	0.00418	0.00859
9	0.05098	0.00904	0.01015	0.00912	0.01157	0.00926	0.00703	0.11412	0.01661	0.09490	0.05854	0.06663	0.07852	0.06327	0.08664	0.00316	0.00597	0.00809	0.28910	0.00730
10	0.00877	0.00688	0.00786	0.00814	0.00972	0.00628	0.00583	0.01128	0.04754	0.01952	0.16399	0.25641	0.35007	0.05509	0.00938	0.00259	0.00375	0.01468	0.00634	0.00587
11	0.11190	0.08231	0.01769	0.01299	0.01748	0.05822	0.01065	0.30125	0.10592	0.09921	0.01955	0.04907	0.03677	0.00854	0.00622	0.00201	0.00653	0.00652	0.03740	0.00975
12	0.10799	0.05198	0.01506	0.05107	0.01687	0.10401	0.04549	0.08076	0.01602	0.08663	0.02350	0.32384	0.02439	0.01278	0.00704	0.00228	0.00641	0.01098	0.00538	0.00752
13	0.01098	0.00838	0.01114	0.01070	0.01162	0.00957	0.00797	0.01317	0.03767	0.03644	0.07038	0.13653	0.05737	0.18761	0.23678	0.00592	0.12723	0.00990	0.00460	0.00604
14	0.00888	0.00687	0.00920	0.00935	0.01046	0.00634	0.04198	0.01026	0.01319	0.01717	0.06643	0.40040	0.18847	0.16324	0.01333	0.00331	0.00465	0.01532	0.00571	0.00545
15	0.05854	0.09228	0.15740	0.11478	0.17383	0.04015	0.04218	0.02276	0.05962	0.11398	0.01447	0.01661	0.01088	0.00697	0.00711	0.00208	0.04717	0.00564	0.00405	0.00949
16	0.01348	0.00804	0.00836	0.00788	0.00986	0.00831	0.00594	0.08351	0.06079	0.02557	0.02451	0.06558	0.05037	0.04802	0.00690	0.00200	0.00392	0.00753	0.55257	0.00686
17	0.01018	0.00760	0.00944	0.00976	0.01095	0.00774	0.00711	0.05922	0.01452	0.01958	0.06159	0.39963	0.14205	0.04446	0.06528	0.00329	0.04358	0.03477	0.04317	0.00609
18	0.01533	0.01450	0.05587	0.04189	0.06848	0.11806	0.01114	0.05353	0.07954	0.07192	0.10313	0.20924	0.05402	0.01263	0.00743	0.00229	0.00646	0.06103	0.00564	0.00787
19	0.01449	0.01091	0.01570	0.12545	0.12402	0.01122	0.03833	0.07417	0.03851	0.08509	0.05496	0.11777	0.12949	0.03745	0.04547	0.00277	0.00671	0.00948	0.05008	0.00796
20	0.00866	0.00594	0.00780	0.00899	0.00940	0.00558	0.00596	0.00933	0.01229	0.01627	0.03465	0.58778	0.07484	0.07898	0.01243	0.08938	0.00428	0.01666	0.00570	0.00508
21	0.01915	0.04435	0.01567	0.03814	0.06996	0.07004	0.01033	0.16311	0.04168	0.14261	0.10158	0.07518	0.02149	0.00928	0.00648	0.00197	0.00601	0.00763	0.14648	0.00887
22	0.01775	0.07588	0.16861	0.02013	0.16014	0.14823	0.01549	0.07021	0.08095	0.04825	0.05159	0.04312	0.01537	0.04606	0.00786	0.00222	0.00825	0.00640	0.00430	0.00917
23	0.01352	0.01551	0.11758	0.05831	0.05290	0.06542	0.06580	0.03658	0.09776	0.01918	0.01886	0.04943	0.03019	0.15187	0.17271	0.00483	0.01025	0.00759	0.00411	0.00757
24	0.10488	0.31454	0.06229	0.01464	0.04149	0.02100	0.04841	0.19264	0.01807	0.04659	0.01236	0.01401	0.00989	0.00847	0.03479	0.00219	0.03535	0.00491	0.00422	0.00927
25	0.01456	0.04270	0.06449	0.06712	0.03897	0.01133	0.03887	0.03540	0.06590	0.07564	0.04999	0.09698	0.05292	0.01067	0.04066	0.00221	0.00652	0.00748	0.00482	0.27278
26	0.01764	0.09495	0.13509	0.04263	0.17728	0.01712	0.08628	0.12761	0.05779	0.06051	0.03498	0.01900	0.01318	0.00746	0.00735	0.00208	0.04446	0.02469	0.00438	0.02553
27	0.01688	0.10283	0.04585	0.06513	0.12973	0.05635	0.01293	0.09681	0.10049	0.06122	0.04810	0.05970	0.04952	0.04864	0.02128	0.00248	0.06117	0.00732	0.00478	0.00880
28	0.10327	0.01138	0.01431	0.01173	0.01616	0.01072	0.00960	0.05607	0.05328	0.49475	0.02578	0.07341	0.01915	0.00974	0.00680	0.00220	0.00562	0.05839	0.00746	0.01018
29	0.05063	0.01096	0.01269	0.01055	0.01421	0.02924	0.00842	0.10972	0.01969	0.27978	0.20327	0.03610	0.16412	0.01119	0.00714	0.00210	0.00500	0.00925	0.00717	0.00878
30	0.05574	0.01258	0.06493	0.04770	0.06019	0.01170	0.05769	0.03226	0.07907	0.07639	0.10058	0.17252	0.08829	0.01181	0.00848	0.00230	0.06831	0.01005	0.00537	0.03405
31	0.01085	0.00761	0.00915	0.00905	0.01084	0.00728	0.00678	0.05075	0.01543	0.05390	0.12054	0.17766	0.24922	0.08799	0.08173	0.00358	0.00572	0.06558	0.02009	0.00624
32	0.01018	0.00745	0.00879	0.00865	0.01061	0.00683	0.00664	0.03747	0.01672	0.04347	0.24447	0.10470	0.32199	0.04665	0.00913	0.00251	0.00406	0.09690	0.00655	0.00623
33	0.05475	0.01130	0.01296	0.01061	0.01471	0.01052	0.00833	0.07225	0.09602	0.12325	0.01990	0.05829	0.01706	0.08208	0.00875	0.00219	0.00534	0.04048	0.05948	0.29172
34	0.01875	0.14790	0.14036	0.08180	0.05506	0.05402	0.01454	0.14195	0.04503	0.10792	0.01665	0.08261	0.01386	0.00850	0.00707	0.00206	0.04122	0.00665	0.00472	0.00935
35	0.01370	0.04482	0.01230	0.01062	0.01302	0.04733	0.00807	0.09844	0.10677	0.04201	0.07178	0.19715	0.13846	0.07849	0.04803	0.00306	0.00597	0.02410	0.02859	0.00730
36	0.01220	0.01029	0.01115	0.01188	0.04891	0.08644	0.00804	0.04412	0.01381	0.01804	0.05257	0.20974	0.04394	0.16144	0.15703	0.02929	0.00846	0.02756	0.03899	0.00611
37	0.01107	0.00831	0.00904	0.00933	0.01066	0.03988	0.00652	0.01350	0.06219	0.05385	0.03694	0.32059	0.16357	0.18067	0.01374	0.00337	0.00502	0.03998	0.00578	0.00599
38	0.01471	0.04190	0.08971	0.06248	0.01883	0.04860	0.04984	0.02026	0.12565	0.09111	0.02561	0.16225	0.05862	0.05229	0.04326	0.00295	0.02386	0.05488	0.00523	0.00797
39	0.01065	0.00757	0.00957	0.01026	0.01139	0.00760	0.00749	0.08211	0.01493	0.02012	0.03233	0.48570	0.03682	0.06213	0.04399	0.00326	0.00537	0.11068	0.03191	0.00615
40	0.01409	0.01262	0.04448	0.05463	0.20845	0.04757	0.03114	0.01672	0.01457	0.07287	0.06188	0.14432	0.09880	0.11359	0.01134	0.00280	0.02787	0.00976	0.00476	0.00775
41	0.01635	0.21755	0.13402	0.10815	0.07358	0.01786	0.09850	0.07427	0.04907	0.04999	0.01559	0.08752	0.01355	0.00789	0.00635	0.00202	0.00793	0.00680	0.00402	0.00899

[dist]
# distance from previous block
# <min> <max>
0	2

[block]
# block no. 6 follows, 32 sequences, length 11
# corresponding to MSA columns:
# 234-244
name=unknown_G
#
# <colnr> <probs for GDERKNQSTAVLIFYWHMCP>
#	G	D	E	R	K	N	Q	S	T	A	V	L	I	F	Y	W	H	M	C	P
0	0.14886	0.00752	0.00804	0.00823	0.00945	0.00765	0.00559	0.01154	0.01194	0.01833	0.05898	0.22347	0.11451	0.27156	0.03968	0.02741	0.00541	0.01154	0.00500	0.00530
1	0.01245	0.00975	0.01257	0.04922	0.01481	0.00992	0.02951	0.04195	0.09735	0.01945	0.02162	0.20630	0.02215	0.11825	0.01357	0.08658	0.04650	0.00965	0.02928	0.14911
2	0.01918	0.11580	0.11168	0.03721	0.01989	0.11721	0.01321	0.07175	0.14640	0.12301	0.04706	0.01916	0.01494	0.01022	0.04423	0.00249	0.06627	0.00604	0.00497	0.00927
3	0.01326	0.01153	0.07653	0.01088	0.01413	0.00950	0.02809	0.07980	0.06026	0.08688	0.16145	0.13670	0.21698	0.05239	0.00894	0.00247	0.00510	0.01137	0.00621	0.00752
4	0.00921	0.00805	0.03706	0.00971	0.01138	0.00679	0.03377	0.01121	0.01421	0.01866	0.12699	0.29031	0.20687	0.11442	0.01160	0.00302	0.00473	0.07036	0.00585	0.00581
5	0.02008	0.05082	0.01727	0.01341	0.01778	0.01711	0.01087	0.31312	0.26051	0.06749	0.07806	0.02474	0.06015	0.00928	0.00680	0.00210	0.00602	0.00744	0.00667	0.01027
6	0.01646	0.01479	0.08267	0.01605	0.09182	0.04977	0.04117	0.08773	0.08702	0.09860	0.07450	0.09298	0.02071	0.04415	0.07424	0.00304	0.00767	0.00803	0.03992	0.04868
7	0.00965	0.00727	0.00921	0.00976	0.01075	0.00732	0.00706	0.03887	0.01400	0.01859	0.07220	0.41442	0.13174	0.07840	0.04724	0.00333	0.04256	0.06598	0.00584	0.00584
8	0.00832	0.00605	0.00772	0.00889	0.00954	0.00559	0.00599	0.00961	0.01335	0.01764	0.08306	0.59639	0.12112	0.06090	0.00986	0.00284	0.00393	0.01756	0.00618	0.00545
9	0.01378	0.09207	0.14779	0.01478	0.05125	0.01347	0.04077	0.08150	0.06966	0.02188	0.05439	0.15376	0.02058	0.01682	0.12736	0.00353	0.00862	0.00852	0.00459	0.05489
10	0.01774	0.07908	0.16979	0.01602	0.02155	0.09348	0.09649	0.16736	0.01937	0.05567	0.07196	0.02576	0.07969	0.00896	0.00688	0.00209	0.00807	0.04616	0.00489	0.00900

[dist]
# distance from previous block
# <min> <max>
0	5

[block]
# block no. 7 follows, 32 sequences, length 31
# corresponding to MSA columns:
# 250-280
name=unknown_H
#
# <colnr> <probs for GDERKNQSTAVLIFYWHMCP>
#	G	D	E	R	K	N	Q	S	T	A	V	L	I	F	Y	W	H	M	C	P
0	0.04880	0.18567	0.21679	0.04857	0.15677	0.04167	0.04198	0.05278	0.05667	0.02153	0.01320	0.03450	0.01082	0.00674	0.00599	0.00192	0.00810	0.00547	0.00359	0.03844
1	0.03769	0.16115	0.04173	0.01057	0.01372	0.01300	0.00884	0.08895	0.07051	0.02232	0.11907	0.21416	0.13519	0.02437	0.00737	0.00222	0.00516	0.01091	0.00559	0.00747
2	0.01325	0.04808	0.01859	0.23355	0.08206	0.01298	0.07458	0.08467	0.01602	0.02108	0.06864	0.12306	0.11208	0.01269	0.04686	0.00268	0.00756	0.00930	0.00459	0.00766
3	0.01656	0.17418	0.09452	0.01314	0.01783	0.06347	0.03315	0.12768	0.01785	0.04202	0.11137	0.02470	0.10121	0.00902	0.00729	0.00191	0.05425	0.00695	0.00478	0.07813
4	0.08653	0.01726	0.15870	0.01432	0.03958	0.04689	0.01285	0.08054	0.11334	0.08866	0.04394	0.09707	0.05602	0.01077	0.00836	0.03641	0.04275	0.03218	0.00519	0.00863
5	0.01235	0.00944	0.01064	0.01050	0.04380	0.00905	0.00765	0.10334	0.05913	0.05536	0.07552	0.08192	0.44226	0.01457	0.00767	0.00226	0.00446	0.03652	0.00634	0.00724
6	0.01207	0.00895	0.00936	0.00898	0.01112	0.05039	0.00663	0.01466	0.04540	0.09381	0.16135	0.16296	0.30998	0.06229	0.00940	0.00253	0.00448	0.01268	0.00637	0.00658
7	0.02909	0.16344	0.20808	0.02289	0.15835	0.07795	0.12965	0.03761	0.01503	0.02024	0.01156	0.01451	0.00929	0.00657	0.00748	0.00202	0.06834	0.00541	0.00320	0.00928
8	0.04524	0.05086	0.12992	0.07408	0.14753	0.01506	0.07544	0.12002	0.01761	0.05725	0.08688	0.02458	0.05885	0.00857	0.00735	0.00214	0.03204	0.03285	0.00464	0.00909
9	0.01012	0.00679	0.00775	0.00804	0.00893	0.00674	0.00540	0.01224	0.04595	0.01774	0.03022	0.18958	0.10200	0.30365	0.04077	0.00415	0.00528	0.03091	0.15836	0.00539
10	0.01079	0.00752	0.00905	0.00878	0.01059	0.00715	0.00648	0.01460	0.07788	0.05706	0.33091	0.16868	0.16668	0.04356	0.00873	0.00240	0.00377	0.01263	0.04614	0.00660
11	0.11196	0.01240	0.01449	0.05337	0.09432	0.03374	0.01014	0.04485	0.07626	0.02430	0.12496	0.02563	0.05502	0.00836	0.00618	0.00180	0.00558	0.03399	0.00493	0.25772
12	0.01372	0.07459	0.01723	0.01350	0.03764	0.03451	0.09220	0.08784	0.01688	0.02300	0.15404	0.16052	0.07152	0.01253	0.02982	0.00232	0.02284	0.00988	0.04385	0.08159
13	0.01171	0.01001	0.01566	0.15289	0.22236	0.01040	0.01236	0.01424	0.01355	0.01845	0.05698	0.27872	0.02642	0.11294	0.01105	0.00290	0.00631	0.01131	0.00456	0.00717
14	0.03487	0.01344	0.01900	0.15497	0.17034	0.06044	0.05992	0.05253	0.01603	0.12466	0.02181	0.10722	0.06122	0.01135	0.03887	0.00257	0.00785	0.02954	0.00481	0.00858
15	0.08936	0.07828	0.10424	0.19197	0.06535	0.01687	0.10649	0.12424	0.07482	0.02434	0.01644	0.01883	0.04547	0.00728	0.00647	0.00210	0.00802	0.00625	0.00419	0.00898
16	0.00914	0.00691	0.00903	0.01063	0.04127	0.00648	0.00736	0.01092	0.01402	0.01828	0.07153	0.38676	0.17567	0.06315	0.00998	0.00287	0.00452	0.13966	0.00602	0.00581
17	0.01546	0.04506	0.08349	0.01625	0.11433	0.01359	0.01208	0.14702	0.04733	0.04620	0.02403	0.09304	0.09816	0.06072	0.05761	0.00300	0.05475	0.00837	0.05111	0.00842
18	0.12087	0.08122	0.04344	0.04614	0.10258	0.08646	0.01207	0.03514	0.16129	0.02223	0.03836	0.02306	0.05660	0.00968	0.00848	0.05344	0.05128	0.03481	0.00454	0.00829
19	0.01257	0.00857	0.00970	0.00892	0.01055	0.00864	0.00626	0.11292	0.01517	0.04752	0.06326	0.07640	0.14657	0.34010	0.06340	0.00456	0.00631	0.01012	0.04231	0.00611
20	0.00918	0.00671	0.00878	0.01007	0.01091	0.00654	0.00727	0.01181	0.05516	0.01866	0.06262	0.57332	0.04272	0.01961	0.00855	0.00274	0.00433	0.12882	0.00630	0.00592
21	0.01834	0.01577	0.04289	0.15645	0.13738	0.04536	0.04535	0.18179	0.05665	0.07937	0.04942	0.02098	0.03289	0.03030	0.00860	0.00228	0.05524	0.00673	0.00489	0.00933
22	0.02024	0.13329	0.11911	0.04802	0.05561	0.01824	0.03657	0.28947	0.04657	0.08530	0.01618	0.04011	0.01271	0.03988	0.00757	0.00219	0.00757	0.00625	0.00516	0.00997
23	0.01192	0.01148	0.04562	0.04393	0.07566	0.04889	0.05331	0.01566	0.06284	0.02000	0.12668	0.14818	0.11930	0.10785	0.04252	0.00313	0.00648	0.01061	0.03903	0.00693
24	0.01955	0.08613	0.06443	0.02213	0.21779	0.13208	0.01493	0.10620	0.07099	0.07047	0.01415	0.01588	0.01110	0.00701	0.00704	0.00190	0.04837	0.00544	0.00433	0.08007
25	0.00978	0.00774	0.00860	0.00874	0.01030	0.03447	0.00633	0.01177	0.01516	0.02019	0.20531	0.25906	0.19547	0.06066	0.00937	0.00254	0.00419	0.04183	0.04551	0.04297
26	0.01793	0.17533	0.16768	0.01985	0.10020	0.09797	0.10118	0.12314	0.01728	0.02242	0.01316	0.04899	0.01111	0.00739	0.00712	0.00200	0.04826	0.00596	0.00378	0.00927
27	0.10426	0.18837	0.23728	0.04348	0.05155	0.10541	0.03780	0.07178	0.06144	0.02230	0.01232	0.01403	0.00956	0.00656	0.00577	0.00193	0.00850	0.00486	0.00365	0.00915
28	0.01195	0.00813	0.01017	0.00999	0.01136	0.03570	0.00738	0.01387	0.01255	0.07787	0.05347	0.13734	0.02381	0.14618	0.35106	0.00686	0.01124	0.00935	0.05552	0.00618
29	0.04233	0.08431	0.14306	0.01574	0.06450	0.01565	0.03438	0.16276	0.09799	0.04442	0.01549	0.03818	0.01236	0.00818	0.00733	0.04980	0.00700	0.00583	0.00464	0.14606
30	0.08356	0.01220	0.01285	0.01230	0.03664	0.04706	0.00921	0.07434	0.20876	0.04355	0.02672	0.12542	0.07560	0.01359	0.05336	0.00273	0.00623	0.04498	0.05970	0.05120

[dist]
# distance from previous block
# <min> <max>
0	2

[block]
# block no. 8 follows, 32 sequences, length 16
# corresponding to MSA columns:
# 283-298
name=unknown_I
#
# <colnr> <probs for GDERKNQSTAVLIFYWHMCP>
#	G	D	E	R	K	N	Q	S	T	A	V	L	I	F	Y	W	H	M	C	P
0	0.00992	0.00784	0.03981	0.01001	0.01127	0.00681	0.00746	0.01230	0.04545	0.04284	0.10008	0.52441	0.03961	0.02031	0.04670	0.04250	0.00503	0.01557	0.00600	0.00608
1	0.01614	0.01661	0.08583	0.04339	0.27785	0.04544	0.08663	0.07742	0.06203	0.04215	0.07727	0.08507	0.01925	0.00876	0.00709	0.00215	0.00761	0.02536	0.00460	0.00936
2	0.03702	0.17437	0.08577	0.07793	0.15809	0.06601	0.10654	0.06242	0.07913	0.03598	0.04398	0.01735	0.01295	0.00683	0.00629	0.00196	0.00817	0.00592	0.00399	0.00929
3	0.01522	0.07134	0.06026	0.24506	0.15441	0.04943	0.06516	0.07016	0.03719	0.02137	0.06899	0.06585	0.01625	0.00813	0.00706	0.00212	0.02224	0.00716	0.00402	0.00855
4	0.00900	0.00641	0.00852	0.00955	0.01031	0.00615	0.00686	0.01073	0.01390	0.01874	0.14362	0.44717	0.04373	0.08713	0.03615	0.00330	0.00487	0.12214	0.00612	0.00560
5	0.03677	0.04121	0.06263	0.06125	0.10306	0.04989	0.01123	0.01625	0.01379	0.06929	0.05649	0.16785	0.02377	0.13991	0.04659	0.00341	0.03669	0.04803	0.00469	0.00720
6	0.01680	0.12673	0.16601	0.10986	0.04649	0.06365	0.08281	0.08247	0.06267	0.05419	0.03872	0.05544	0.01396	0.00796	0.00724	0.00209	0.04321	0.00654	0.00417	0.00899
7	0.01938	0.01006	0.01292	0.03774	0.01540	0.00958	0.00888	0.08969	0.03977	0.30966	0.09874	0.21793	0.07596	0.01266	0.00741	0.00227	0.00510	0.01090	0.00714	0.00881
8	0.00865	0.00660	0.00785	0.00828	0.00970	0.00595	0.00603	0.01050	0.01503	0.01944	0.18404	0.25049	0.30807	0.06454	0.00985	0.00269	0.00390	0.06638	0.00632	0.00568
9	0.01741	0.18674	0.14227	0.08523	0.14100	0.10672	0.01582	0.02139	0.03762	0.06296	0.01294	0.01638	0.01069	0.04596	0.00868	0.00220	0.06818	0.00536	0.00356	0.00887
10	0.01836	0.20299	0.09784	0.04516	0.21639	0.11713	0.04749	0.08426	0.04503	0.02138	0.01227	0.01467	0.01000	0.00661	0.00656	0.00190	0.03365	0.00523	0.00362	0.00947
11	0.01567	0.01232	0.01383	0.01246	0.01489	0.05581	0.00982	0.06541	0.14944	0.09834	0.10219	0.12262	0.11304	0.01270	0.00991	0.00239	0.13091	0.04414	0.00600	0.00809
12	0.01320	0.01027	0.01078	0.01009	0.01182	0.04369	0.00726	0.12357	0.05945	0.02089	0.05624	0.10237	0.09803	0.32350	0.01858	0.00406	0.00613	0.06832	0.00536	0.00639
13	0.08291	0.16105	0.01890	0.03571	0.09101	0.07622	0.01085	0.04170	0.04292	0.04587	0.08248	0.02323	0.05005	0.01147	0.06462	0.00253	0.00743	0.03166	0.00446	0.11492
14	0.06389	0.01119	0.07312	0.04204	0.01586	0.00970	0.07924	0.01513	0.05844	0.02074	0.16609	0.17781	0.05136	0.14436	0.03863	0.00335	0.00635	0.01084	0.00519	0.00669
15	0.04444	0.12985	0.02314	0.01971	0.13728	0.14915	0.09895	0.08768	0.04413	0.02135	0.01612	0.05275	0.03395	0.01292	0.09663	0.00304	0.00968	0.00656	0.00405	0.00860

[dist]
# distance from previous block
# <min> <max>
8	16

[block]
# block no. 9 follows, 32 sequences, length 36
# corresponding to MSA columns:
# 315-350
name=unknown_J
#
# <colnr> <probs for GDERKNQSTAVLIFYWHMCP>
#	G	D	E	R	K	N	Q	S	T	A	V	L	I	F	Y	W	H	M	C	P
0	0.01972	0.39342	0.10354	0.01517	0.02102	0.13564	0.07308	0.10584	0.01712	0.04210	0.01151	0.01300	0.00933	0.00635	0.00549	0.00172	0.00858	0.00463	0.00365	0.00909
1	0.01043	0.00879	0.02772	0.03176	0.01307	0.00813	0.00816	0.03107	0.01377	0.01865	0.03265	0.34698	0.11719	0.06714	0.01049	0.00270	0.05066	0.08308	0.00541	0.11215
2	0.06511	0.06436	0.02024	0.01754	0.09699	0.11853	0.05315	0.15518	0.06844	0.07643	0.01590	0.06185	0.01320	0.00810	0.00735	0.00198	0.05652	0.00636	0.00486	0.08791
3	0.11995	0.08703	0.10179	0.04175	0.08036	0.18841	0.04715	0.10535	0.04378	0.04733	0.01298	0.01483	0.01007	0.00701	0.00656	0.00197	0.03737	0.00516	0.03224	0.00893
4	0.00876	0.00643	0.00789	0.00873	0.00956	0.00605	0.00594	0.01043	0.02996	0.01759	0.08192	0.44704	0.15283	0.13996	0.01254	0.00322	0.00429	0.03544	0.00596	0.00546
5	0.02268	0.02242	0.02057	0.01826	0.06729	0.26921	0.05501	0.26652	0.14009	0.02825	0.01562	0.01638	0.01186	0.00755	0.00657	0.00197	0.00896	0.00581	0.00517	0.00982
6	0.00892	0.00658	0.00823	0.00914	0.01002	0.00628	0.00633	0.01118	0.04743	0.01846	0.10272	0.49568	0.11605	0.08141	0.01052	0.00293	0.00415	0.04207	0.00618	0.00572
7	0.00983	0.00735	0.00897	0.00967	0.01085	0.00719	0.00679	0.05361	0.05972	0.01999	0.07368	0.55393	0.11565	0.01864	0.00824	0.00257	0.00411	0.01664	0.00636	0.00622
8	0.01756	0.02548	0.19782	0.02338	0.03009	0.19541	0.36856	0.02275	0.01623	0.02018	0.01242	0.01568	0.00940	0.00614	0.00709	0.00210	0.01118	0.00632	0.00328	0.00894
9	0.05056	0.00983	0.01237	0.01040	0.01398	0.00914	0.00829	0.04637	0.04088	0.34586	0.16539	0.05580	0.13213	0.01355	0.05193	0.00267	0.00559	0.00918	0.00720	0.00887
10	0.01109	0.00869	0.00971	0.00967	0.01124	0.05081	0.00708	0.03351	0.01424	0.04557	0.08414	0.21978	0.17950	0.08893	0.18961	0.00478	0.00809	0.01202	0.00541	0.00613
11	0.01956	0.52877	0.03004	0.01338	0.01816	0.20940	0.01207	0.02156	0.01480	0.01597	0.00956	0.01137	0.00863	0.00644	0.00592	0.00161	0.05749	0.00393	0.00303	0.00831
12	0.01251	0.00850	0.01020	0.01000	0.01213	0.00826	0.00757	0.05738	0.08488	0.08966	0.11905	0.28329	0.18259	0.01592	0.00795	0.00244	0.00442	0.06949	0.00665	0.00711
13	0.01137	0.00954	0.01052	0.06341	0.01412	0.03451	0.00793	0.05724	0.08518	0.02088	0.10394	0.10613	0.30363	0.07424	0.02427	0.00281	0.00528	0.05245	0.00586	0.00668
14	0.01569	0.01228	0.01243	0.01122	0.01407	0.07195	0.00849	0.05558	0.23351	0.09637	0.13345	0.07768	0.12464	0.09030	0.01003	0.00264	0.00548	0.00965	0.00637	0.00818
15	0.01040	0.00677	0.00767	0.00749	0.00808	0.00654	0.00454	0.01085	0.01124	0.04529	0.05411	0.04592	0.11611	0.60528	0.02854	0.00559	0.00594	0.01029	0.00466	0.00468
16	0.00901	0.00632	0.00815	0.00940	0.01003	0.00604	0.00638	0.03421	0.01357	0.01843	0.03546	0.69543	0.04180	0.01988	0.00830	0.00264	0.00398	0.01795	0.04732	0.00570
17	0.01693	0.10342	0.15577	0.15879	0.17608	0.17699	0.01730	0.02145	0.04007	0.01906	0.01446	0.01714	0.04047	0.00696	0.00628	0.00197	0.00906	0.00557	0.00340	0.00883
18	0.02114	0.21546	0.06360	0.01660	0.02161	0.22007	0.08495	0.19070	0.01963	0.02345	0.01186	0.01364	0.00949	0.00702	0.00693	0.00187	0.05374	0.00506	0.00404	0.00911
19	0.01973	0.09806	0.04040	0.01505	0.06235	0.11071	0.01180	0.18117	0.01892	0.07946	0.01388	0.01551	0.01088	0.00940	0.05121	0.00222	0.03146	0.00509	0.00464	0.21807
20	0.02367	0.12384	0.02157	0.01794	0.06229	0.58771	0.01323	0.04106	0.01840	0.01727	0.01051	0.01229	0.00882	0.00674	0.00588	0.00171	0.01112	0.00437	0.00345	0.00814
21	0.05405	0.00890	0.00979	0.01087	0.02839	0.05107	0.00743	0.03384	0.04790	0.01952	0.05272	0.56308	0.05151	0.01774	0.00795	0.00254	0.00470	0.01578	0.00596	0.00628
22	0.04765	0.01563	0.01691	0.01382	0.01824	0.01723	0.01112	0.38475	0.20924	0.07784	0.05491	0.06489	0.01851	0.00934	0.00683	0.00214	0.00624	0.00749	0.00676	0.01046
23	0.00959	0.00643	0.00737	0.00754	0.00758	0.00639	0.00430	0.00971	0.01009	0.01345	0.02284	0.12076	0.02654	0.68441	0.03141	0.00610	0.00622	0.01076	0.00430	0.00421
