[name]
unknown

[dist]
# distance from previous block
# <min> <max>
0	42

[block]
# block no. 0 follows, 33 sequences, length 28
# corresponding to MSA columns:
# 42-69
name=unknown_A
#
# <colnr> <probs for GDERKNQSTAVLIFYWHMCP>
#	G	D	E	R	K	N	Q	S	T	A	V	L	I	F	Y	W	H	M	C	P
0	0.01387	0.01004	0.01380	0.01628	0.11395	0.02880	0.01200	0.04267	0.01613	0.07918	0.02962	0.05804	0.03049	0.01495	0.00835	0.00272	0.00647	0.48952	0.00579	0.00733
1	0.24240	0.01264	0.01395	0.01121	0.01594	0.01272	0.00916	0.08655	0.09855	0.33805	0.01938	0.01814	0.01323	0.00739	0.00578	0.00197	0.00550	0.00559	0.00637	0.07548
2	0.01595	0.01529	0.02610	0.10434	0.66635	0.01555	0.02003	0.01990	0.01483	0.02109	0.01232	0.01641	0.01028	0.00593	0.00652	0.00198	0.00791	0.00586	0.00323	0.01015
3	0.01562	0.01273	0.03836	0.01254	0.01721	0.01124	0.07772	0.09939	0.08228	0.08512	0.17774	0.02523	0.03929	0.00820	0.00644	0.00173	0.00558	0.00714	0.00555	0.27089
4	0.01243	0.01170	0.01975	0.75282	0.04534	0.01463	0.01828	0.01682	0.01316	0.01682	0.01170	0.01755	0.00878	0.00658	0.00658	0.00219	0.00878	0.00585	0.00293	0.00731
5	0.81514	0.01273	0.00968	0.00866	0.01273	0.01477	0.00713	0.01935	0.01120	0.02954	0.00917	0.01069	0.00713	0.00611	0.00407	0.00204	0.00509	0.00356	0.00407	0.00713
6	0.01243	0.01170	0.01975	0.75282	0.04534	0.01463	0.01828	0.01682	0.01316	0.01682	0.01170	0.01755	0.00878	0.00658	0.00658	0.00219	0.00878	0.00585	0.00293	0.00731
7	0.01785	0.01932	0.02290	0.18684	0.37765	0.22423	0.01764	0.02122	0.01565	0.01895	0.01160	0.01529	0.00951	0.00628	0.00636	0.00193	0.00919	0.00540	0.00323	0.00895
8	0.01077	0.00859	0.01057	0.01056	0.01115	0.03048	0.00760	0.01185	0.01204	0.03897	0.02855	0.38201	0.07441	0.16392	0.01578	0.00336	0.15542	0.01321	0.00503	0.00572
9	0.01414	0.01250	0.04206	0.01379	0.01700	0.05064	0.12795	0.11185	0.01680	0.06704	0.03074	0.31662	0.12375	0.01361	0.00762	0.00232	0.00625	0.01229	0.00556	0.00746
10	0.01571	0.05468	0.07556	0.08928	0.43722	0.01531	0.09570	0.01982	0.01490	0.04747	0.01622	0.01934	0.05596	0.00668	0.00661	0.00201	0.00799	0.00643	0.00355	0.00957
11	0.09179	0.01629	0.02500	0.03579	0.60285	0.05559	0.03692	0.02048	0.01485	0.02195	0.01198	0.01556	0.01000	0.00593	0.00629	0.00196	0.00788	0.00561	0.00334	0.00992
12	0.01573	0.01666	0.09552	0.02155	0.07407	0.01394	0.34682	0.04078	0.03678	0.07928	0.01993	0.04115	0.07667	0.00737	0.00712	0.00206	0.00852	0.00768	0.00424	0.08414
13	0.01606	0.01735	0.04957	0.09482	0.37657	0.07077	0.19965	0.02026	0.01505	0.02031	0.01286	0.03393	0.01069	0.00641	0.00721	0.00207	0.02728	0.00651	0.00330	0.00932
14	0.01624	0.04416	0.04739	0.08840	0.39544	0.04989	0.10907	0.02254	0.11941	0.02149	0.01436	0.01733	0.01145	0.00638	0.00660	0.00202	0.00816	0.00616	0.00373	0.00975
15	0.01662	0.48275	0.15221	0.01623	0.06597	0.03943	0.07403	0.02004	0.01374	0.01730	0.01017	0.01232	0.00870	0.00603	0.00583	0.00170	0.04091	0.00438	0.00290	0.00876
16	0.03771	0.10528	0.44951	0.01878	0.02685	0.01655	0.14375	0.02195	0.05912	0.04077	0.01309	0.01508	0.00959	0.00628	0.00629	0.00205	0.00916	0.00543	0.00332	0.00945
17	0.01131	0.04336	0.04423	0.05009	0.01200	0.04583	0.00714	0.01218	0.01063	0.01385	0.01802	0.03550	0.01994	0.57120	0.02733	0.00528	0.05499	0.00837	0.00372	0.00502
18	0.01606	0.08203	0.22456	0.01938	0.09769	0.03809	0.11259	0.02081	0.03309	0.09670	0.04969	0.02020	0.05522	0.00793	0.00833	0.00212	0.09603	0.00648	0.00403	0.00898
19	0.01506	0.05397	0.01517	0.01042	0.01578	0.01098	0.00851	0.08148	0.01540	0.04394	0.01580	0.01715	0.05575	0.00625	0.00573	0.00126	0.02725	0.00485	0.00433	0.59092
20	0.04042	0.02018	0.21485	0.04869	0.02144	0.03604	0.01448	0.26885	0.03658	0.07124	0.05443	0.02180	0.07191	0.02466	0.00711	0.00212	0.00734	0.00658	0.00518	0.02612
21	0.03641	0.06212	0.16757	0.01597	0.07333	0.02698	0.03858	0.12019	0.06877	0.09330	0.01789	0.11308	0.01535	0.00847	0.00637	0.00195	0.00690	0.00711	0.00483	0.11483
22	0.06667	0.16240	0.07568	0.01741	0.09453	0.16933	0.07491	0.02176	0.01573	0.10260	0.07384	0.01836	0.03038	0.00744	0.00673	0.00190	0.04179	0.00581	0.00418	0.00855
23	0.07942	0.01493	0.08929	0.01589	0.07955	0.01366	0.05315	0.13421	0.05054	0.13167	0.14049	0.04101	0.04802	0.00923	0.00793	0.00214	0.06681	0.00752	0.00555	0.00897
24	0.05449	0.09608	0.11432	0.01419	0.01874	0.04845	0.04266	0.15780	0.10275	0.05955	0.05551	0.06645	0.01650	0.03118	0.00833	0.00219	0.06613	0.00683	0.00493	0.03294
25	0.01665	0.08715	0.09578	0.04231	0.18449	0.07919	0.03144	0.05623	0.12291	0.04404	0.03509	0.03821	0.01427	0.04316	0.00905	0.00227	0.07815	0.00639	0.00421	0.00901
26	0.01494	0.08186	0.29473	0.01566	0.02139	0.01565	0.05464	0.13331	0.03438	0.02251	0.01653	0.05150	0.03836	0.06228	0.05550	0.00294	0.06457	0.00662	0.00396	0.00868
27	0.04182	0.17640	0.11477	0.05714	0.05973	0.07314	0.05259	0.04547	0.07543	0.02004	0.01260	0.01528	0.01030	0.00756	0.00888	0.00205	0.15823	0.00529	0.05480	0.00845

[dist]
# distance from previous block
# <min> <max>
4	16

[block]
# block no. 1 follows, 33 sequences, length 129
# corresponding to MSA columns:
# 86-214
name=unknown_B
#
# <colnr> <probs for GDERKNQSTAVLIFYWHMCP>
#	G	D	E	R	K	N	Q	S	T	A	V	L	I	F	Y	W	H	M	C	P
0	0.06878	0.14808	0.18378	0.01507	0.02076	0.09058	0.07780	0.07221	0.03270	0.08352	0.03980	0.01854	0.05423	0.00747	0.00655	0.00193	0.03267	0.00582	0.00421	0.03548
1	0.07720	0.20189	0.02107	0.03545	0.01846	0.06557	0.03376	0.16877	0.08142	0.11214	0.03977	0.01822	0.03788	0.00745	0.00581	0.00182	0.00673	0.00569	0.00510	0.05580
2	0.09072	0.11637	0.14226	0.01526	0.04839	0.10273	0.03447	0.15650	0.01797	0.04822	0.05636	0.01736	0.03340	0.00740	0.00646	0.00188	0.03286	0.00555	0.00439	0.06145
3	0.09482	0.08595	0.09001	0.01456	0.01919	0.14879	0.06386	0.15548	0.06043	0.02448	0.03968	0.04123	0.07127	0.00835	0.00673	0.00197	0.03284	0.00646	0.00459	0.02931
4	0.06394	0.16569	0.04166	0.04872	0.15350	0.06016	0.01367	0.27991	0.02066	0.02795	0.02910	0.01508	0.01109	0.00684	0.00589	0.00183	0.00741	0.00526	0.00457	0.03708
5	0.17720	0.15962	0.10481	0.01278	0.01791	0.03316	0.03471	0.07932	0.08895	0.11573	0.03928	0.01787	0.03618	0.00742	0.00602	0.00193	0.02431	0.00554	0.00479	0.03247
6	0.10696	0.09017	0.04291	0.01377	0.01834	0.10973	0.03945	0.27985	0.06033	0.05043	0.08384	0.01850	0.01581	0.00780	0.00610	0.00192	0.00712	0.00596	0.03184	0.00919
7	0.09756	0.20382	0.05713	0.01872	0.04997	0.11977	0.22417	0.04314	0.06205	0.02076	0.01217	0.01454	0.00973	0.00634	0.00653	0.00193	0.03396	0.00548	0.00357	0.00864
8	0.01434	0.01302	0.01620	0.01252	0.04160	0.03406	0.06085	0.01798	0.03758	0.02145	0.01230	0.01436	0.01010	0.00516	0.00525	0.00117	0.00569	0.00439	0.00391	0.66808
9	0.02035	0.02313	0.02803	0.02276	0.06344	0.32988	0.32656	0.02397	0.01706	0.06268	0.01269	0.01542	0.00975	0.00626	0.00684	0.00197	0.01092	0.00607	0.00365	0.00856
10	0.01284	0.01018	0.01220	0.01242	0.01480	0.01106	0.01023	0.02220	0.30257	0.02305	0.05519	0.07619	0.03161	0.01431	0.00804	0.00266	0.00554	0.36071	0.00637	0.00783
11	0.00957	0.00638	0.00718	0.00718	0.00718	0.00638	0.00399	0.00957	0.00957	0.01276	0.02074	0.04308	0.02393	0.76864	0.03351	0.00638	0.00638	0.00957	0.00399	0.00399
12	0.00956	0.00644	0.00750	0.00750	0.00761	0.00655	0.00438	0.00978	0.00967	0.01300	0.02045	0.04148	0.02324	0.70183	0.09937	0.00677	0.00743	0.00934	0.00395	0.00416
13	0.81514	0.01273	0.00968	0.00866	0.01273	0.01477	0.00713	0.01935	0.01120	0.02954	0.00917	0.01069	0.00713	0.00611	0.00407	0.00204	0.00509	0.00356	0.00407	0.00713
14	0.01014	0.00777	0.00941	0.00882	0.01075	0.00757	0.00667	0.01526	0.11646	0.02558	0.55095	0.04732	0.13168	0.01319	0.00762	0.00211	0.00343	0.01150	0.00704	0.00673
15	0.00807	0.00575	0.00762	0.00910	0.00947	0.00538	0.00604	0.00918	0.01250	0.01667	0.03576	0.74012	0.04288	0.04575	0.00925	0.00280	0.00391	0.01841	0.00604	0.00530
16	0.01813	0.69730	0.03349	0.01205	0.01762	0.05462	0.03420	0.02035	0.01381	0.03449	0.00977	0.01116	0.00871	0.00574	0.00447	0.00146	0.00733	0.00377	0.00300	0.00850
17	0.01456	0.01279	0.01804	0.45790	0.03411	0.01530	0.01518	0.08871	0.19796	0.02241	0.04507	0.02049	0.01413	0.00760	0.00666	0.00218	0.00747	0.00652	0.00444	0.00846
18	0.03992	0.15716	0.40233	0.01816	0.02607	0.01752	0.13589	0.06633	0.01514	0.02163	0.01179	0.01400	0.00884	0.00609	0.00607	0.00195	0.00904	0.00513	0.00321	0.03376
19	0.01320	0.03405	0.73453	0.01876	0.02849	0.01529	0.02432	0.02085	0.01390	0.02085	0.01181	0.01390	0.00834	0.00625	0.00625	0.00208	0.00973	0.00486	0.00278	0.00973
20	0.00802	0.00573	0.00764	0.00917	0.00955	0.00535	0.00611	0.00917	0.01260	0.01681	0.03628	0.76434	0.04354	0.02062	0.00840	0.00267	0.00382	0.01872	0.00611	0.00535
21	0.01363	0.10626	0.66609	0.01803	0.02736	0.01634	0.02305	0.02074	0.01385	0.02032	0.01155	0.01357	0.00835	0.00619	0.00606	0.00202	0.00947	0.00473	0.00278	0.00960
22	0.00940	0.00705	0.01058	0.01058	0.01176	0.00823	0.00823	0.01176	0.01058	0.01528	0.01763	0.02586	0.01646	0.04937	0.74255	0.01058	0.01763	0.00705	0.00353	0.00588
23	0.00957	0.00638	0.00718	0.00718	0.00718	0.00638	0.00399	0.00957	0.00957	0.01276	0.02074	0.04308	0.02393	0.76864	0.03351	0.00638	0.00638	0.00957	0.00399	0.00399
24	0.01629	0.01564	0.02672	0.04041	0.72757	0.01564	0.02020	0.02020	0.01499	0.02151	0.01238	0.01629	0.01043	0.00587	0.00652	0.00196	0.00782	0.00587	0.00326	0.01043
25	0.01528	0.01686	0.03517	0.09632	0.10209	0.01650	0.54704	0.02040	0.01506	0.02053	0.01290	0.01747	0.00987	0.00590	0.00806	0.00222	0.03892	0.00733	0.00327	0.00882
26	0.02682	0.01127	0.01474	0.01161	0.01639	0.01019	0.00949	0.03111	0.09672	0.61231	0.02839	0.02499	0.05725	0.00872	0.00670	0.00207	0.00543	0.00713	0.00787	0.01079
27	0.01320	0.03405	0.73453	0.01876	0.02849	0.01529	0.02432	0.02085	0.01390	0.02085	0.01181	0.01390	0.00834	0.00625	0.00625	0.00208	0.00973	0.00486	0.00278	0.00973
28	0.02644	0.01618	0.01836	0.01407	0.01929	0.01706	0.01163	0.49516	0.02717	0.25730	0.01898	0.01787	0.01279	0.00798	0.00660	0.00199	0.00673	0.00614	0.00707	0.01120
29	0.01702	0.01472	0.01504	0.01349	0.01723	0.04382	0.01049	0.03458	0.67171	0.04476	0.02614	0.02403	0.01956	0.00883	0.00667	0.00221	0.00547	0.00730	0.00661	0.01033
30	0.00819	0.00585	0.00784	0.00936	0.00982	0.00550	0.00641	0.00947	0.01278	0.01700	0.03619	0.71806	0.04316	0.02046	0.00845	0.00270	0.00397	0.06328	0.00611	0.00540
31	0.04738	0.01436	0.01911	0.01542	0.04307	0.03777	0.09381	0.13889	0.10122	0.38590	0.02145	0.02015	0.01444	0.00771	0.00666	0.00206	0.00675	0.00655	0.00671	0.01057
32	0.00893	0.00673	0.00843	0.00916	0.01062	0.00622	0.00714	0.01112	0.01507	0.01953	0.15716	0.23196	0.24832	0.01755	0.00832	0.00255	0.00423	0.21492	0.00628	0.00576
33	0.01760	0.77260	0.03450	0.01126	0.01690	0.02605	0.01126	0.01971	0.01338	0.01549	0.00915	0.01056	0.00845	0.00563	0.00422	0.00141	0.00704	0.00352	0.00282	0.00845
34	0.02446	0.01234	0.01513	0.01236	0.01693	0.01226	0.00996	0.03320	0.28758	0.46040	0.02629	0.02324	0.01776	0.00845	0.00665	0.00211	0.00545	0.00694	0.00759	0.01090
35	0.00957	0.00638	0.00718	0.00718	0.00718	0.00638	0.00399	0.00957	0.00957	0.01276	0.02074	0.04308	0.02393	0.76864	0.03351	0.00638	0.00638	0.00957	0.00399	0.00399
36	0.01337	0.06215	0.70790	0.01848	0.02805	0.01570	0.02383	0.02081	0.01388	0.02064	0.01171	0.01377	0.00834	0.00623	0.00618	0.00206	0.00963	0.00481	0.00278	0.00968
37	0.02302	0.01788	0.01787	0.01452	0.01915	0.09193	0.01168	0.38617	0.21813	0.10111	0.01925	0.01846	0.01387	0.00810	0.00655	0.00202	0.00700	0.00624	0.00644	0.01062
38	0.01586	0.01365	0.06755	0.03221	0.01769	0.01044	0.00985	0.06425	0.03817	0.09415	0.03881	0.01639	0.01254	0.00598	0.00547	0.00134	0.00552	0.00483	0.00460	0.54069
39	0.01410	0.21386	0.53878	0.01652	0.02500	0.01760	0.02048	0.02019	0.01381	0.01943	0.01301	0.01474	0.03243	0.00645	0.00581	0.00192	0.00886	0.00484	0.00290	0.00928
40	0.01338	0.06416	0.70599	0.01846	0.02802	0.01573	0.02379	0.02080	0.01388	0.02063	0.01171	0.01376	0.00834	0.00623	0.00617	0.00206	0.00962	0.00481	0.00278	0.00968
41	0.01627	0.01571	0.02714	0.03997	0.70384	0.01568	0.04360	0.02023	0.01501	0.02149	0.01242	0.01634	0.01041	0.00585	0.00656	0.00196	0.00793	0.00593	0.00326	0.01037
42	0.05913	0.01246	0.04587	0.01448	0.04379	0.01222	0.10051	0.13047	0.01633	0.07021	0.08635	0.04569	0.04098	0.10603	0.15613	0.00430	0.03464	0.00784	0.00484	0.00774
43	0.01610	0.01703	0.03195	0.04952	0.02942	0.04670	0.45917	0.02035	0.01442	0.04859	0.01254	0.01690	0.00982	0.00716	0.01090	0.00235	0.18815	0.00703	0.00341	0.00847
44	0.00963	0.00645	0.00738	0.00746	0.00755	0.00645	0.00437	0.00981	0.00989	0.01316	0.02155	0.04486	0.02473	0.72572	0.03211	0.00619	0.00636	0.04810	0.00411	0.00411
45	0.00870	0.00671	0.00795	0.00764	0.00946	0.00595	0.00573	0.01124	0.01719	0.02296	0.46164	0.05484	0.32672	0.01474	0.00777	0.00213	0.00320	0.01270	0.00679	0.00595
46	0.01957	0.01789	0.01646	0.04440	0.01923	0.16012	0.01137	0.15490	0.37604	0.05032	0.02220	0.02141	0.03970	0.00846	0.00656	0.00207	0.00700	0.00666	0.00590	0.00974
47	0.05595	0.01961	0.01897	0.07332	0.02192	0.13748	0.01270	0.48486	0.05464	0.03434	0.01474	0.01545	0.01076	0.00758	0.00638	0.00196	0.00795	0.00561	0.00568	0.01011
48	0.00891	0.00671	0.00823	0.00785	0.00958	0.00604	0.00589	0.01163	0.01767	0.02411	0.54931	0.05295	0.23833	0.01431	0.00777	0.00211	0.00317	0.01243	0.00695	0.00604
49	0.00819	0.00658	0.00689	0.00694	0.00882	0.00567	0.00505	0.00983	0.01465	0.01814	0.10455	0.09963	0.56269	0.07573	0.00974	0.00254	0.00358	0.01344	0.03184	0.00548
50	0.04023	0.09028	0.59240	0.01865	0.02759	0.01625	0.08410	0.02073	0.01392	0.02073	0.01165	0.01388	0.00846	0.00614	0.00616	0.00204	0.00949	0.00498	0.00288	0.00947
51	0.01320	0.03405	0.73453	0.01876	0.02849	0.01529	0.02432	0.02085	0.01390	0.02085	0.01181	0.01390	0.00834	0.00625	0.00625	0.00208	0.00973	0.00486	0.00278	0.00973
52	0.02360	0.01276	0.01526	0.01226	0.01653	0.01276	0.00989	0.23618	0.06287	0.34498	0.02466	0.04947	0.04414	0.06921	0.00892	0.00244	0.00602	0.03102	0.00703	0.01000
53	0.01643	0.01623	0.05099	0.05760	0.58255	0.01552	0.09778	0.02062	0.01509	0.04475	0.01290	0.01662	0.01046	0.00594	0.00666	0.00200	0.00821	0.00607	0.00340	0.01017
54	0.73309	0.01401	0.01093	0.01048	0.04247	0.06022	0.00801	0.01982	0.01182	0.02837	0.00936	0.01100	0.00735	0.00614	0.00429	0.00201	0.00563	0.00370	0.00400	0.00730
55	0.01629	0.01564	0.02672	0.04041	0.72757	0.01564	0.02020	0.02020	0.01499	0.02151	0.01238	0.01629	0.01043	0.00587	0.00652	0.00196	0.00782	0.00587	0.00326	0.01043
56	0.01320	0.03405	0.73453	0.01876	0.02849	0.01529	0.02432	0.02085	0.01390	0.02085	0.01181	0.01390	0.00834	0.00625	0.00625	0.00208	0.00973	0.00486	0.00278	0.00973
57	0.00807	0.00577	0.00773	0.00921	0.00962	0.00544	0.00618	0.00925	0.01254	0.01676	0.03568	0.74048	0.04267	0.02155	0.03212	0.00293	0.00427	0.01834	0.00603	0.00536
58	0.01629	0.01564	0.02672	0.04041	0.72757	0.01564	0.02020	0.02020	0.01499	0.02151	0.01238	0.01629	0.01043	0.00587	0.00652	0.00196	0.00782	0.00587	0.00326	0.01043
59	0.00802	0.00573	0.00764	0.00917	0.00955	0.00535	0.00611	0.00917	0.01260	0.01681	0.03628	0.76434	0.04354	0.02062	0.00840	0.00267	0.00382	0.01872	0.00611	0.00535
60	0.01734	0.00851	0.01133	0.00961	0.01259	0.00758	0.00756	0.02019	0.01862	0.30761	0.42836	0.03887	0.06131	0.01143	0.00731	0.00206	0.00411	0.00985	0.00758	0.00819
61	0.01605	0.01386	0.01457	0.01314	0.01681	0.01596	0.01021	0.03401	0.68903	0.02717	0.02831	0.02604	0.04691	0.00923	0.00674	0.00223	0.00514	0.00769	0.00668	0.01024
62	0.02503	0.01844	0.01976	0.01515	0.02042	0.02042	0.01251	0.70562	0.03095	0.04149	0.01581	0.01581	0.01120	0.00790	0.00659	0.00198	0.00724	0.00593	0.00659	0.01120
63	0.01554	0.01776	0.03885	0.02775	0.03441	0.01665	0.70366	0.02109	0.01554	0.02109	0.01332	0.01776	0.00999	0.00555	0.00777	0.00222	0.01110	0.00777	0.00333	0.00888
64	0.00778	0.00667	0.00667	0.00667	0.00889	0.00556	0.00500	0.00945	0.01501	0.01778	0.06669	0.06336	0.72490	0.01667	0.00778	0.00222	0.00333	0.01389	0.00611	0.00556
65	0.01359	0.00789	0.00807	0.00759	0.00963	0.00829	0.00581	0.06230	0.09907	0.02600	0.02175	0.02398	0.01689	0.00784	0.00498	0.00165	0.00359	0.00628	0.65783	0.00698
66	0.02503	0.01844	0.01976	0.01515	0.02042	0.02042	0.01251	0.70562	0.03095	0.04149	0.01581	0.01581	0.01120	0.00790	0.00659	0.00198	0.00724	0.00593	0.00659	0.01120
67	0.01629	0.01564	0.02672	0.04041	0.72757	0.01564	0.02020	0.02020	0.01499	0.02151	0.01238	0.01629	0.01043	0.00587	0.00652	0.00196	0.00782	0.00587	0.00326	0.01043
68	0.00802	0.00573	0.00764	0.00917	0.00955	0.00535	0.00611	0.00917	0.01260	0.01681	0.03628	0.76434	0.04354	0.02062	0.00840	0.00267	0.00382	0.01872	0.00611	0.00535
69	0.01043	0.00746	0.01036	0.01159	0.01311	0.00739	0.00999	0.01347	0.01564	0.02064	0.13116	0.07075	0.04127	0.01753	0.00891	0.00290	0.00565	0.58946	0.00623	0.00608
70	0.01320	0.03405	0.73453	0.01876	0.02849	0.01529	0.02432	0.02085	0.01390	0.02085	0.01181	0.01390	0.00834	0.00625	0.00625	0.00208	0.00973	0.00486	0.00278	0.00973
71	0.01243	0.01170	0.01975	0.75282	0.04534	0.01463	0.01828	0.01682	0.01316	0.01682	0.01170	0.01755	0.00878	0.00658	0.00658	0.00219	0.00878	0.00585	0.00293	0.00731
72	0.00820	0.00634	0.00749	0.00793	0.00934	0.00562	0.00567	0.00999	0.01492	0.01930	0.19851	0.31579	0.33246	0.01741	0.00800	0.00235	0.00346	0.01522	0.00636	0.00562
73	0.00789	0.00664	0.00684	0.00685	0.00897	0.00559	0.00511	0.00963	0.01516	0.01831	0.10790	0.08392	0.66154	0.01659	0.00780	0.00223	0.00333	0.01391	0.00619	0.00559
74	0.00827	0.00591	0.00793	0.00946	0.00995	0.00557	0.00655	0.00960	0.01285	0.01709	0.03614	0.69688	0.04299	0.02039	0.00847	0.00271	0.00404	0.08369	0.00611	0.00542
75	0.01802	0.10830	0.36366	0.01555	0.02240	0.10116	0.01712	0.02283	0.01546	0.16114	0.03671	0.01775	0.03659	0.00734	0.00657	0.00198	0.02840	0.00554	0.00417	0.00932
76	0.06189	0.00967	0.01045	0.00898	0.01196	0.00993	0.00712	0.12989	0.04589	0.14988	0.02088	0.02201	0.01546	0.00775	0.00532	0.00175	0.00437	0.00610	0.46263	0.00805
77	0.04427	0.52348	0.02840	0.01237	0.01733	0.13435	0.01123	0.02294	0.11656	0.01780	0.01188	0.01281	0.01011	0.00631	0.00484	0.00159	0.00745	0.00420	0.00351	0.00857
78	0.01762	0.46872	0.20751	0.01406	0.02036	0.13800	0.01477	0.02105	0.01435	0.01693	0.00998	0.01161	0.00843	0.00597	0.00501	0.00162	0.00849	0.00397	0.00290	0.00864
79	0.01560	0.09761	0.02102	0.04579	0.04357	0.01499	0.14268	0.10450	0.16769	0.04471	0.06478	0.08174	0.08864	0.00972	0.00696	0.00214	0.00664	0.02725	0.00530	0.00868
80	0.01546	0.01830	0.06202	0.02745	0.03421	0.01660	0.68103	0.02108	0.01548	0.02108	0.01327	0.01763	0.00993	0.00557	0.00772	0.00222	0.01105	0.00767	0.00331	0.00891
81	0.00807	0.00577	0.00769	0.00913	0.00956	0.00538	0.00612	0.00930	0.01285	0.01720	0.06432	0.73519	0.04430	0.02033	0.00838	0.00265	0.00379	0.01844	0.00616	0.00538
82	0.01617	0.01551	0.02649	0.06392	0.70506	0.01561	0.02014	0.02009	0.01493	0.02135	0.01236	0.01634	0.01037	0.00589	0.00652	0.00196	0.00785	0.00587	0.00325	0.01033
83	0.15562	0.03411	0.07622	0.01479	0.04244	0.03401	0.03329	0.23510	0.10509	0.15328	0.01675	0.01682	0.01197	0.00754	0.00665	0.00206	0.03301	0.00570	0.00564	0.00991
84	0.00792	0.00648	0.00700	0.00728	0.00908	0.00555	0.00530	0.00957	0.01473	0.01811	0.10060	0.20664	0.54429	0.01729	0.00791	0.00231	0.00342	0.01476	0.00618	0.00555
85	0.00957	0.00638	0.00718	0.00718	0.00718	0.00638	0.00399	0.00957	0.00957	0.01276	0.02074	0.04308	0.02393	0.76864	0.03351	0.00638	0.00638	0.00957	0.00399	0.00399
86	0.01558	0.01781	0.08040	0.05622	0.31263	0.01609	0.36066	0.02058	0.01513	0.02110	0.01279	0.01690	0.01001	0.00576	0.00712	0.00210	0.00961	0.00675	0.00325	0.00951
87	0.10461	0.01373	0.01619	0.01360	0.04620	0.01402	0.01061	0.21822	0.09338	0.34515	0.04236	0.02018	0.01551	0.00803	0.00639	0.00204	0.00598	0.00634	0.00693	0.01053
88	0.00954	0.00637	0.00711	0.00716	0.00740	0.00628	0.00416	0.00985	0.01026	0.01385	0.02438	0.06738	0.07122	0.65369	0.02944	0.00573	0.00592	0.00999	0.04603	0.00425
89	0.02420	0.02995	0.01878	0.01687	0.02023	0.67170	0.01278	0.06440	0.01900	0.01754	0.01043	0.01220	0.00864	0.00704	0.00661	0.00176	0.04209	0.00440	0.00355	0.00782
90	0.81514	0.01273	0.00968	0.00866	0.01273	0.01477	0.00713	0.01935	0.01120	0.02954	0.00917	0.01069	0.00713	0.00611	0.00407	0.00204	0.00509	0.00356	0.00407	0.00713
91	0.01243	0.00849	0.00906	0.00857	0.00958	0.05207	0.00567	0.01341	0.01277	0.08550	0.14255	0.04115	0.02926	0.49425	0.02400	0.00482	0.00607	0.03000	0.00498	0.00536
92	0.00956	0.00645	0.00751	0.00751	0.00763	0.00656	0.00440	0.00979	0.00967	0.01301	0.02044	0.04140	0.02320	0.69832	0.10283	0.00679	0.00748	0.00933	0.00394	0.00417
93	0.00944	0.00665	0.00847	0.00844	0.00903	0.00700	0.00567	0.01053	0.01072	0.01473	0.06834	0.03808	0.04706	0.43918	0.28124	0.00744	0.01003	0.00898	0.00411	0.00486
94	0.21928	0.02678	0.01644	0.01492	0.01848	0.56307	0.01134	0.02458	0.01682	0.01942	0.00993	0.01158	0.00815	0.00662	0.00548	0.00178	0.01020	0.00407	0.00356	0.00751
95	0.00965	0.00704	0.00905	0.01003	0.01123	0.00681	0.00763	0.04584	0.01473	0.01932	0.06086	0.42649	0.11382	0.01861	0.00842	0.00267	0.00457	0.21114	0.00616	0.00590
96	0.02705	0.01519	0.01774	0.01360	0.01879	0.01559	0.01124	0.40304	0.02551	0.35175	0.02037	0.01877	0.01349	0.00801	0.00660	0.00200	0.00651	0.00624	0.00729	0.01120
97	0.01208	0.00620	0.00643	0.00643	0.00794	0.00628	0.00485	0.01510	0.01359	0.02392	0.02122	0.02463	0.01685	0.01047	0.05409	0.00214	0.00404	0.00620	0.75142	0.00612
98	0.01509	0.01554	0.02006	0.01726	0.01749	0.06859	0.01429	0.01654	0.01066	0.01586	0.00874	0.01423	0.00863	0.01120	0.02055	0.00280	0.70665	0.00566	0.00291	0.00723
99	0.01629	0.01564	0.02672	0.04041	0.72757	0.01564	0.02020	0.02020	0.01499	0.02151	0.01238	0.01629	0.01043	0.00587	0.00652	0.00196	0.00782	0.00587	0.00326	0.01043
100	0.00940	0.00705	0.01058	0.01058	0.01176	0.00823	0.00823	0.01176	0.01058	0.01528	0.01763	0.02586	0.01646	0.04937	0.74255	0.01058	0.01763	0.00705	0.00353	0.00588
101	0.05585	0.01312	0.01624	0.01249	0.01759	0.01262	0.01032	0.20532	0.02170	0.52947	0.02276	0.02030	0.01466	0.00801	0.00652	0.00202	0.00601	0.00633	0.00760	0.01106
102	0.02503	0.01844	0.01976	0.01515	0.02042	0.02042	0.01251	0.70562	0.03095	0.04149	0.01581	0.01581	0.01120	0.00790	0.00659	0.00198	0.00724	0.00593	0.00659	0.01120
103	0.01440	0.01440	0.02016	0.01728	0.01728	0.02016	0.01440	0.01584	0.01008	0.01584	0.00864	0.01440	0.00864	0.01152	0.02160	0.00288	0.75659	0.00576	0.00288	0.00720
104	0.00932	0.00673	0.00880	0.00828	0.00984	0.00621	0.00621	0.01242	0.01863	0.02640	0.72410	0.04918	0.06212	0.01346	0.00776	0.00207	0.00311	0.01191	0.00725	0.00621
105	0.00814	0.00586	0.00772	0.00899	0.00955	0.00544	0.00608	0.00950	0.01329	0.01780	0.10628	0.66815	0.06923	0.01977	0.00832	0.00260	0.00373	0.01786	0.00622	0.00544
106	0.01320	0.03405	0.73453	0.01876	0.02849	0.01529	0.02432	0.02085	0.01390	0.02085	0.01181	0.01390	0.00834	0.00625	0.00625	0.00208	0.00973	0.00486	0.00278	0.00973
107	0.01637	0.01414	0.01489	0.01340	0.01712	0.01637	0.01042	0.03498	0.71568	0.02754	0.02679	0.02456	0.02010	0.00893	0.00670	0.00223	0.00521	0.00744	0.00670	0.01042
108	0.00807	0.00577	0.00769	0.00913	0.00956	0.00538	0.00612	0.00930	0.01285	0.01720	0.06444	0.73507	0.04430	0.02033	0.00838	0.00265	0.00379	0.01844	0.00616	0.00538
109	0.00843	0.00590	0.00752	0.00865	0.00893	0.00562	0.00556	0.00927	0.01181	0.01575	0.03222	0.57565	0.03841	0.21632	0.01497	0.00364	0.00449	0.01632	0.00556	0.00499
110	0.00932	0.00673	0.00880	0.00828	0.00984	0.00621	0.00621	0.01242	0.01863	0.02640	0.72410	0.04918	0.06212	0.01346	0.00776	0.00207	0.00311	0.01191	0.00725	0.00621
111	0.01255	0.01182	0.01996	0.73108	0.06616	0.01466	0.01834	0.01692	0.01322	0.01696	0.01172	0.01751	0.00883	0.00656	0.00658	0.00219	0.00875	0.00585	0.00294	0.00741
112	0.20748	0.01665	0.01714	0.01343	0.01841	0.01841	0.01109	0.50321	0.02561	0.08405	0.01494	0.01506	0.01059	0.00751	0.00601	0.00199	0.00664	0.00543	0.00611	0.01026
113	0.02685	0.01146	0.01497	0.01183	0.01659	0.01052	0.00965	0.03176	0.12055	0.60244	0.05265	0.02374	0.01859	0.00846	0.00668	0.00207	0.00545	0.00694	0.00790	0.01090
114	0.02920	0.01174	0.01561	0.01197	0.01707	0.01047	0.00989	0.08198	0.01974	0.68096	0.02522	0.02192	0.01592	0.00813	0.00662	0.00203	0.00572	0.00657	0.00803	0.01120
115	0.00879	0.00697	0.01069	0.01087	0.01197	0.00648	0.07427	0.01044	0.01315	0.01754	0.05507	0.64718	0.06350	0.01881	0.00830	0.00260	0.00449	0.01729	0.00587	0.00572
116	0.00911	0.00667	0.00854	0.00818	0.00973	0.00611	0.00609	0.01198	0.01798	0.02510	0.62691	0.08770	0.12307	0.01413	0.00780	0.00212	0.00316	0.01245	0.00708	0.00611
117	0.01320	0.03405	0.73453	0.01876	0.02849	0.01529	0.02432	0.02085	0.01390	0.02085	0.01181	0.01390	0.00834	0.00625	0.00625	0.00208	0.00973	0.00486	0.00278	0.00973
118	0.01578	0.01506	0.02538	0.13518	0.61196	0.01553	0.01962	0.02025	0.03840	0.02108	0.01278	0.01674	0.01053	0.00607	0.00653	0.00200	0.00786	0.00592	0.00333	0.01001
119	0.01320	0.03405	0.73453	0.01876	0.02849	0.01529	0.02432	0.02085	0.01390	0.02085	0.01181	0.01390	0.00834	0.00625	0.00625	0.00208	0.00973	0.00486	0.00278	0.00973
120	0.00807	0.00575	0.00762	0.00910	0.00947	0.00538	0.00604	0.00918	0.01250	0.01667	0.03575	0.73965	0.04287	0.04623	0.00926	0.00280	0.00391	0.01840	0.00604	0.00530
121	0.00805	0.00579	0.00764	0.00906	0.00954	0.00538	0.00608	0.00927	0.01286	0.01712	0.05752	0.72007	0.06668	0.02028	0.00836	0.00264	0.00378	0.01836	0.00614	0.00538
122	0.01637	0.01414	0.01489	0.01340	0.01712	0.01637	0.01042	0.03498	0.71568	0.02754	0.02679	0.02456	0.02010	0.00893	0.00670	0.00223	0.00521	0.00744	0.00670	0.01042
123	0.01365	0.01170	0.01365	0.00975	0.01560	0.00878	0.00780	0.01658	0.01365	0.02145	0.01170	0.01365	0.00975	0.00488	0.00488	0.00098	0.00488	0.00390	0.00390	0.80888
124	0.02115	0.09055	0.02042	0.01459	0.01914	0.01937	0.03194	0.44022	0.11446	0.03385	0.06352	0.01862	0.01528	0.00836	0.00748	0.00203	0.05661	0.00633	0.00593	0.01016
125	0.00957	0.00638	0.00718	0.00718	0.00718	0.00638	0.00399	0.00957	0.00957	0.01276	0.02074	0.04308	0.02393	0.76864	0.03351	0.00638	0.00638	0.00957	0.00399	0.00399
126	0.04392	0.55442	0.19159	0.01289	0.01938	0.02269	0.01403	0.02037	0.01360	0.04093	0.01031	0.01171	0.00864	0.00587	0.00476	0.00160	0.00754	0.00393	0.00303	0.00879
127	0.12650	0.22081	0.10623	0.01420	0.01965	0.13224	0.04695	0.12836	0.03399	0.09437	0.01296	0.01386	0.00983	0.00663	0.00555	0.00183	0.00790	0.00478	0.00430	0.00906
128	0.04517	0.09218	0.19961	0.01478	0.02052	0.07057	0.05891	0.07218	0.06420	0.17015	0.06217	0.02209	0.04043	0.00808	0.00643	0.00202	0.00748	0.02869	0.00506	0.00928

[dist]
# distance from previous block
# <min> <max>
0	11

[block]
# block no. 2 follows, 33 sequences, length 103
# corresponding to MSA columns:
# 226-328
name=unknown_C
#
# <colnr> <probs for GDERKNQSTAVLIFYWHMCP>
#	G	D	E	R	K	N	Q	S	T	A	V	L	I	F	Y	W	H	M	C	P
0	0.01025	0.00782	0.00995	0.00963	0.01028	0.00880	0.00680	0.01220	0.04695	0.01528	0.03868	0.07201	0.04820	0.36668	0.22138	0.00648	0.09005	0.00905	0.00415	0.00537
1	0.15645	0.01077	0.01176	0.01005	0.01343	0.04715	0.00796	0.02157	0.03655	0.26735	0.28115	0.03130	0.05780	0.01002	0.00661	0.00204	0.00482	0.00821	0.00675	0.00824
2	0.02016	0.01593	0.01704	0.01389	0.01852	0.01759	0.01116	0.34522	0.33593	0.03349	0.02037	0.01954	0.01505	0.00810	0.00649	0.00200	0.00613	0.00643	0.00640	0.08057
3	0.01082	0.00782	0.01077	0.01217	0.01377	0.00790	0.01060	0.01442	0.04081	0.01999	0.03456	0.07244	0.03724	0.01785	0.00901	0.00300	0.00603	0.65851	0.00609	0.00622
4	0.01320	0.03405	0.73453	0.01876	0.02849	0.01529	0.02432	0.02085	0.01390	0.02085	0.01181	0.01390	0.00834	0.00625	0.00625	0.00208	0.00973	0.00486	0.00278	0.00973
5	0.02412	0.02690	0.01970	0.01688	0.02088	0.51407	0.04820	0.16341	0.04185	0.04472	0.01248	0.01369	0.00970	0.00705	0.00621	0.00181	0.01050	0.00493	0.00428	0.00861
6	0.01019	0.00691	0.00947	0.01072	0.01190	0.00667	0.00853	0.01241	0.01436	0.04540	0.06195	0.35939	0.04038	0.01864	0.00866	0.00281	0.00499	0.35444	0.00621	0.00596
7	0.00957	0.00641	0.00731	0.00731	0.00736	0.00645	0.00415	0.00966	0.00961	0.01286	0.02062	0.04241	0.02364	0.74064	0.06111	0.00655	0.00682	0.00948	0.00397	0.00406
8	0.00812	0.00580	0.00775	0.00928	0.00970	0.00543	0.00628	0.00933	0.01270	0.01691	0.03623	0.73885	0.04333	0.02053	0.00843	0.00269	0.00390	0.04326	0.00611	0.00537
9	0.01029	0.00769	0.00974	0.04726	0.01084	0.00866	0.00642	0.01093	0.00992	0.01360	0.01850	0.03655	0.02054	0.56477	0.10263	0.00617	0.09834	0.00866	0.00375	0.00474
10	0.01092	0.00748	0.01042	0.01177	0.01327	0.00739	0.01007	0.01372	0.01498	0.04215	0.03474	0.15140	0.03784	0.01814	0.00894	0.00296	0.00579	0.58574	0.00613	0.00614
11	0.00878	0.00663	0.00820	0.00911	0.01015	0.00633	0.00640	0.01150	0.06526	0.01860	0.09484	0.52283	0.14976	0.01850	0.00815	0.00253	0.00386	0.03649	0.00624	0.00584
12	0.02423	0.06966	0.01947	0.01667	0.02017	0.70522	0.01264	0.02595	0.01838	0.01608	0.01012	0.01180	0.00848	0.00672	0.00585	0.00168	0.01162	0.00420	0.00336	0.00767
13	0.01320	0.03405	0.73453	0.01876	0.02849	0.01529	0.02432	0.02085	0.01390	0.02085	0.01181	0.01390	0.00834	0.00625	0.00625	0.00208	0.00973	0.00486	0.00278	0.00973
14	0.00823	0.00610	0.00761	0.00863	0.00946	0.00566	0.00595	0.00952	0.01291	0.01676	0.04096	0.50355	0.18947	0.07695	0.03942	0.00318	0.00454	0.03991	0.00585	0.00534
15	0.01592	0.01648	0.06270	0.05899	0.48497	0.01581	0.09697	0.02237	0.11683	0.02214	0.01453	0.01758	0.01162	0.00632	0.00668	0.00204	0.00795	0.00626	0.00373	0.01010
16	0.01465	0.01229	0.01419	0.01022	0.01602	0.00980	0.00821	0.07695	0.01517	0.02321	0.01206	0.01384	0.00988	0.00514	0.00503	0.00106	0.00508	0.00408	0.00414	0.73900
17	0.01711	0.01810	0.01983	0.01709	0.01809	0.16730	0.01395	0.05864	0.01306	0.01741	0.00938	0.01397	0.00876	0.01034	0.01753	0.00259	0.56067	0.00546	0.00320	0.00752
18	0.00949	0.00638	0.00831	0.00915	0.01001	0.00600	0.00646	0.01102	0.01360	0.04638	0.11824	0.46038	0.06891	0.10720	0.01127	0.00303	0.00433	0.08814	0.00607	0.00561
19	0.01457	0.01388	0.02346	0.30349	0.45024	0.01492	0.01898	0.01859	0.01431	0.01964	0.01397	0.01835	0.03397	0.00650	0.00658	0.00205	0.00802	0.00613	0.00323	0.00911
20	0.01644	0.03388	0.12490	0.01249	0.01631	0.01141	0.01142	0.08099	0.06614	0.16651	0.07505	0.08648	0.02429	0.09773	0.01062	0.00277	0.02722	0.12134	0.00575	0.00826
21	0.01051	0.00750	0.01049	0.01201	0.01348	0.00749	0.01043	0.01346	0.01505	0.01959	0.03491	0.10180	0.03811	0.01828	0.00907	0.00302	0.00597	0.65674	0.00606	0.00603
22	0.00879	0.00668	0.00815	0.00828	0.00991	0.00604	0.00629	0.01116	0.01629	0.02157	0.34093	0.14326	0.28063	0.01595	0.00800	0.00230	0.00361	0.08968	0.00659	0.00587
23	0.02229	0.02395	0.01938	0.01818	0.08194	0.39505	0.03707	0.17088	0.08932	0.02367	0.01382	0.01511	0.01080	0.00715	0.00621	0.00184	0.00946	0.00527	0.03973	0.00889
24	0.01517	0.06687	0.02271	0.01778	0.01889	0.05208	0.07450	0.01703	0.01116	0.01629	0.00915	0.01432	0.00874	0.01039	0.01852	0.00267	0.60762	0.00572	0.00294	0.00745
25	0.01531	0.01775	0.05876	0.15259	0.06250	0.04511	0.50737	0.02052	0.01517	0.02016	0.01282	0.01730	0.00968	0.00581	0.00739	0.00218	0.01055	0.00712	0.00324	0.00865
26	0.00940	0.00705	0.01058	0.01058	0.01176	0.00823	0.00823	0.01176	0.01058	0.01528	0.01763	0.02586	0.01646	0.04937	0.74255	0.01058	0.01763	0.00705	0.00353	0.00588
27	0.07642	0.01200	0.01538	0.01186	0.01691	0.01103	0.00980	0.09708	0.01956	0.62238	0.02397	0.02106	0.01525	0.00800	0.00646	0.00203	0.00573	0.00637	0.00775	0.01096
28	0.02476	0.01831	0.01961	0.01509	0.02031	0.02029	0.01245	0.68493	0.05208	0.04106	0.01614	0.01608	0.01147	0.00793	0.00659	0.00198	0.00718	0.00597	0.00659	0.01117
29	0.01440	0.01440	0.02016	0.01728	0.01728	0.02016	0.01440	0.01584	0.01008	0.01584	0.00864	0.01440	0.00864	0.01152	0.02160	0.00288	0.75659	0.00576	0.00288	0.00720
30	0.01101	0.00818	0.01008	0.00920	0.01120	0.00808	0.00701	0.06110	0.08192	0.02752	0.61395	0.04472	0.05492	0.01268	0.00759	0.00208	0.00357	0.01110	0.00715	0.00692
31	0.00818	0.00580	0.00759	0.00896	0.00931	0.00545	0.00589	0.00921	0.01229	0.01639	0.03469	0.69024	0.04153	0.09747	0.01098	0.00305	0.00408	0.01778	0.00589	0.00521
32	0.01243	0.01170	0.01975	0.75282	0.04534	0.01463	0.01828	0.01682	0.01316	0.01682	0.01170	0.01755	0.00878	0.00658	0.00658	0.00219	0.00878	0.00585	0.00293	0.00731
33	0.00812	0.00594	0.00765	0.00890	0.00960	0.00548	0.00611	0.00947	0.01323	0.01741	0.06806	0.62534	0.13091	0.01976	0.00832	0.00260	0.00380	0.03773	0.00616	0.00543
34	0.00814	0.00596	0.00766	0.00876	0.00950	0.00547	0.00599	0.00958	0.01360	0.01805	0.12028	0.59497	0.12921	0.01930	0.00825	0.00255	0.00368	0.01733	0.00624	0.00547
35	0.00780	0.00658	0.00676	0.00691	0.00895	0.00554	0.00511	0.00942	0.01478	0.01769	0.06378	0.13046	0.65967	0.01705	0.00784	0.00227	0.00338	0.01436	0.00611	0.00554
36	0.00802	0.00573	0.00764	0.00917	0.00955	0.00535	0.00611	0.00917	0.01260	0.01681	0.03628	0.76434	0.04354	0.02062	0.00840	0.00267	0.00382	0.01872	0.00611	0.00535
37	0.00804	0.00668	0.00703	0.00695	0.00905	0.00567	0.00521	0.00996	0.01563	0.01926	0.17953	0.06092	0.61114	0.01612	0.00778	0.00220	0.00330	0.01355	0.00631	0.00567
38	0.00801	0.00578	0.00759	0.00904	0.00951	0.00536	0.00605	0.00918	0.01273	0.01686	0.03785	0.72814	0.07873	0.02042	0.00837	0.00265	0.00379	0.01847	0.00611	0.00536
39	0.02564	0.01746	0.01915	0.01468	0.01992	0.01895	0.01213	0.61397	0.02930	0.13547	0.01719	0.01670	0.01189	0.00794	0.00659	0.00198	0.00702	0.00602	0.00680	0.01120
40	0.02529	0.01802	0.01949	0.01495	0.02020	0.01979	0.01235	0.66611	0.03024	0.08200	0.01640	0.01619	0.01149	0.00792	0.00659	0.00198	0.00715	0.00597	0.00668	0.01120
41	0.01629	0.01564	0.02672	0.04041	0.72757	0.01564	0.02020	0.02020	0.01499	0.02151	0.01238	0.01629	0.01043	0.00587	0.00652	0.00196	0.00782	0.00587	0.00326	0.01043
42	0.01545	0.01447	0.01608	0.05690	0.13116	0.08820	0.01184	0.02590	0.35301	0.02353	0.07972	0.07043	0.05003	0.00968	0.00687	0.00216	0.00619	0.02376	0.00558	0.00904
43	0.00802	0.00573	0.00764	0.00917	0.00955	0.00535	0.00611	0.00917	0.01260	0.01681	0.03628	0.76434	0.04354	0.02062	0.00840	0.00267	0.00382	0.01872	0.00611	0.00535
44	0.01365	0.01170	0.01365	0.00975	0.01560	0.00878	0.00780	0.01658	0.01365	0.02145	0.01170	0.01365	0.00975	0.00488	0.00488	0.00098	0.00488	0.00390	0.00390	0.80888
45	0.04532	0.02039	0.02070	0.02061	0.16771	0.16956	0.01401	0.40188	0.02451	0.03170	0.01373	0.01494	0.01036	0.00719	0.00637	0.00191	0.00827	0.00550	0.00516	0.01018
46	0.02056	0.01622	0.01724	0.01424	0.01871	0.01833	0.01143	0.35919	0.38466	0.03428	0.02148	0.02033	0.01579	0.00843	0.00664	0.00211	0.00619	0.00671	0.00664	0.01080
47	0.01568	0.01368	0.01404	0.01273	0.01607	0.04372	0.00982	0.03100	0.58324	0.02599	0.07707	0.02707	0.04833	0.01002	0.00756	0.03495	0.00528	0.00780	0.00643	0.00952
48	0.01410	0.01519	0.05687	0.02572	0.17791	0.01384	0.34794	0.01858	0.01512	0.02060	0.01975	0.06728	0.03953	0.00901	0.00770	0.00232	0.00882	0.12724	0.00401	0.00846
49	0.02370	0.02590	0.01832	0.01599	0.01986	0.47595	0.01231	0.17322	0.11341	0.03829	0.01392	0.01462	0.01076	0.00734	0.00619	0.00183	0.00987	0.00508	0.00461	0.00884
50	0.02410	0.03058	0.01870	0.04685	0.02137	0.71265	0.01295	0.02590	0.01843	0.01614	0.01024	0.01210	0.00849	0.00678	0.00596	0.00172	0.01175	0.00431	0.00337	0.00762
51	0.02503	0.01844	0.01976	0.01515	0.02042	0.02042	0.01251	0.70562	0.03095	0.04149	0.01581	0.01581	0.01120	0.00790	0.00659	0.00198	0.00724	0.00593	0.00659	0.01120
52	0.02007	0.01384	0.01486	0.01265	0.01672	0.04305	0.01002	0.10557	0.37001	0.20242	0.02866	0.02639	0.08740	0.00930	0.00674	0.00213	0.00561	0.00758	0.00686	0.01011
53	0.00809	0.00578	0.00770	0.00912	0.00956	0.00539	0.00612	0.00935	0.01293	0.01733	0.07398	0.72515	0.04456	0.02023	0.00837	0.00264	0.00378	0.01834	0.00617	0.00539
54	0.01243	0.01170	0.01975	0.75282	0.04534	0.01463	0.01828	0.01682	0.01316	0.01682	0.01170	0.01755	0.00878	0.00658	0.00658	0.00219	0.00878	0.00585	0.00293	0.00731
55	0.02503	0.01844	0.01976	0.01515	0.02042	0.02042	0.01251	0.70562	0.03095	0.04149	0.01581	0.01581	0.01120	0.00790	0.00659	0.00198	0.00724	0.00593	0.00659	0.01120
56	0.01612	0.01547	0.02641	0.07181	0.69750	0.01560	0.02012	0.02005	0.01491	0.02130	0.01235	0.01635	0.01036	0.00590	0.00652	0.00197	0.00786	0.00587	0.00324	0.01029
57	0.01571	0.01505	0.02567	0.14784	0.62469	0.01549	0.01991	0.01969	0.01471	0.02080	0.01228	0.01648	0.01018	0.00597	0.00653	0.00199	0.00796	0.00586	0.00321	0.00996
58	0.02503	0.01844	0.01976	0.01515	0.02042	0.02042	0.01251	0.70562	0.03095	0.04149	0.01581	0.01581	0.01120	0.00790	0.00659	0.00198	0.00724	0.00593	0.00659	0.01120
59	0.01629	0.01564	0.02672	0.04041	0.72757	0.01564	0.02020	0.02020	0.01499	0.02151	0.01238	0.01629	0.01043	0.00587	0.00652	0.00196	0.00782	0.00587	0.00326	0.01043
60	0.00778	0.00667	0.00667	0.00667	0.00889	0.00556	0.00500	0.00945	0.01501	0.01778	0.06669	0.06336	0.72490	0.01667	0.00778	0.00222	0.00333	0.01389	0.00611	0.00556
61	0.02954	0.01120	0.01528	0.01171	0.01681	0.00968	0.00968	0.03208	0.01884	0.73213	0.02597	0.02241	0.01630	0.00815	0.00662	0.00204	0.00560	0.00662	0.00815	0.01120
62	0.01243	0.01170	0.01975	0.75282	0.04534	0.01463	0.01828	0.01682	0.01316	0.01682	0.01170	0.01755	0.00878	0.00658	0.00658	0.00219	0.00878	0.00585	0.00293	0.00731
63	0.01629	0.01564	0.02672	0.04041	0.72757	0.01564	0.02020	0.02020	0.01499	0.02151	0.01238	0.01629	0.01043	0.00587	0.00652	0.00196	0.00782	0.00587	0.00326	0.01043
64	0.01061	0.00758	0.01061	0.01212	0.01364	0.00758	0.01061	0.01364	0.01515	0.01970	0.03486	0.07426	0.03789	0.01819	0.00909	0.00303	0.00606	0.68326	0.00606	0.00606
65	0.00791	0.00667	0.00685	0.00681	0.00897	0.00561	0.00511	0.00970	0.01532	0.01853	0.12342	0.06213	0.66771	0.01640	0.00778	0.00221	0.00331	0.01372	0.00621	0.00561
66	0.01754	0.65779	0.10433	0.01233	0.01826	0.06384	0.01266	0.02018	0.01372	0.01606	0.00948	0.01097	0.00844	0.00576	0.00452	0.00149	0.00757	0.00369	0.00284	0.00853
67	0.00783	0.00646	0.00688	0.00722	0.00904	0.00551	0.00525	0.00939	0.01447	0.01757	0.05994	0.21900	0.57361	0.01755	0.00792	0.00232	0.00344	0.01496	0.00611	0.00551
68	0.04442	0.01554	0.02612	0.03929	0.70241	0.01561	0.01974	0.02017	0.01486	0.02179	0.01227	0.01610	0.01031	0.00587	0.00643	0.00196	0.00772	0.00578	0.00329	0.01031
69	0.01760	0.77260	0.03450	0.01126	0.01690	0.02605	0.01126	0.01971	0.01338	0.01549	0.00915	0.01056	0.00845	0.00563	0.00422	0.00141	0.00704	0.00352	0.00282	0.00845
70	0.02440	0.02977	0.01865	0.01670	0.02027	0.65944	0.01264	0.08536	0.03918	0.01863	0.01113	0.01257	0.00904	0.00694	0.00601	0.00174	0.01129	0.00448	0.00376	0.00802
71	0.04378	0.36710	0.30387	0.01476	0.02184	0.04816	0.03404	0.02116	0.01409	0.06025	0.01132	0.01279	0.00886	0.00608	0.00531	0.00176	0.00823	0.00436	0.00319	0.00904
72	0.01822	0.65849	0.06062	0.01221	0.01775	0.10740	0.01195	0.02051	0.01400	0.01577	0.00938	0.01084	0.00845	0.00579	0.00450	0.00147	0.00770	0.00366	0.00288	0.00841
73	0.00955	0.00648	0.00768	0.00768	0.00786	0.00666	0.00462	0.00990	0.00972	0.01314	0.02028	0.04053	0.02283	0.66218	0.13845	0.00700	0.00805	0.00920	0.00392	0.00427
74	0.02258	0.24503	0.02322	0.01532	0.01936	0.53578	0.01230	0.02439	0.01713	0.01593	0.00988	0.01149	0.00847	0.00645	0.00544	0.00161	0.01048	0.00403	0.00323	0.00787
75	0.01516	0.01449	0.02468	0.24936	0.52747	0.01534	0.01964	0.01921	0.01445	0.02013	0.01218	0.01666	0.00994	0.00608	0.00654	0.00203	0.00810	0.00586	0.00316	0.00951
76	0.01250	0.00923	0.01096	0.01015	0.01254	0.00951	0.00781	0.02019	0.23146	0.06312	0.39906	0.06593	0.06952	0.01234	0.00745	0.00218	0.00403	0.03731	0.00700	0.00770
77	0.00981	0.00752	0.01083	0.01061	0.01153	0.00888	0.00810	0.01176	0.01040	0.01497	0.01739	0.02743	0.01692	0.14850	0.58696	0.00940	0.07243	0.00731	0.00354	0.00571
78	0.01522	0.01629	0.03293	0.14699	0.19911	0.01609	0.43310	0.02020	0.01503	0.02050	0.01284	0.01738	0.00990	0.00579	0.00728	0.00215	0.00996	0.00701	0.00325	0.00899
79	0.01637	0.01414	0.01489	0.01340	0.01712	0.01637	0.01042	0.03498	0.71568	0.02754	0.02679	0.02456	0.02010	0.00893	0.00670	0.00223	0.00521	0.00744	0.00670	0.01042
80	0.01365	0.01170	0.01365	0.00975	0.01560	0.00878	0.00780	0.01658	0.01365	0.02145	0.01170	0.01365	0.00975	0.00488	0.00488	0.00098	0.00488	0.00390	0.00390	0.80888
81	0.05029	0.32515	0.42577	0.01535	0.02321	0.01952	0.01840	0.02033	0.01357	0.01911	0.01064	0.01244	0.00833	0.00600	0.00536	0.00182	0.00846	0.00428	0.00285	0.00911
82	0.02503	0.01844	0.01976	0.01515	0.02042	0.02042	0.01251	0.70562	0.03095	0.04149	0.01581	0.01581	0.01120	0.00790	0.00659	0.00198	0.00724	0.00593	0.00659	0.01120
