[name]
unknown

[dist]
# distance from previous block
# <min> <max>
0	19

[block]
# block no. 0 follows, 28 sequences, length 36
# corresponding to MSA columns:
# 19-54
name=unknown_A
#
# <colnr> <probs for GDERKNQSTAVLIFYWHMCP>
#	G	D	E	R	K	N	Q	S	T	A	V	L	I	F	Y	W	H	M	C	P
0	0.01171	0.00837	0.01171	0.01339	0.01506	0.00837	0.01171	0.01506	0.01673	0.02175	0.03849	0.08199	0.04183	0.02008	0.01004	0.00335	0.00669	0.65027	0.00669	0.00669
1	0.03261	0.01237	0.01687	0.01293	0.01856	0.01068	0.01068	0.03543	0.02081	0.70423	0.02868	0.02474	0.01799	0.00900	0.00731	0.00225	0.00619	0.00731	0.00900	0.01237
2	0.79588	0.01406	0.01068	0.00956	0.01406	0.01631	0.00787	0.02137	0.01237	0.03261	0.01012	0.01181	0.00787	0.00675	0.00450	0.00225	0.00562	0.00394	0.00450	0.00787
3	0.01842	0.01825	0.02963	0.04270	0.63649	0.05266	0.04987	0.02269	0.01678	0.02343	0.01359	0.01781	0.01138	0.00651	0.00722	0.00216	0.00902	0.00648	0.00361	0.01128
4	0.03081	0.01526	0.01866	0.01430	0.02000	0.01497	0.01182	0.26644	0.02564	0.46639	0.02462	0.02211	0.01596	0.00890	0.00730	0.00222	0.00684	0.00703	0.00837	0.01237
5	0.23089	0.01707	0.01732	0.01412	0.01920	0.01905	0.01150	0.31626	0.16815	0.08727	0.01894	0.01857	0.01370	0.00846	0.00656	0.00227	0.00675	0.00627	0.00669	0.01098
6	0.01799	0.01727	0.02950	0.04462	0.69919	0.01727	0.02231	0.02231	0.01655	0.02375	0.01367	0.01799	0.01151	0.00648	0.00720	0.00216	0.00864	0.00648	0.00360	0.01151
7	0.01799	0.01727	0.02950	0.04462	0.69919	0.01727	0.02231	0.02231	0.01655	0.02375	0.01367	0.01799	0.01151	0.00648	0.00720	0.00216	0.00864	0.00648	0.00360	0.01151
8	0.01616	0.01804	0.03762	0.02733	0.03362	0.01737	0.55406	0.02150	0.01665	0.02247	0.02056	0.02466	0.08336	0.00791	0.00970	0.00250	0.06409	0.00913	0.00397	0.00928
9	0.02977	0.01174	0.01596	0.01245	0.01758	0.01020	0.01020	0.03267	0.02078	0.61839	0.11344	0.02850	0.02443	0.00974	0.00747	0.00225	0.00583	0.00805	0.00887	0.01167
10	0.04644	0.01748	0.02905	0.02179	0.02748	0.05154	0.31931	0.10148	0.01948	0.17144	0.01964	0.08008	0.01555	0.00877	0.00852	0.00241	0.03526	0.00865	0.00551	0.01013
11	0.02490	0.01593	0.01977	0.04677	0.09288	0.01681	0.01344	0.26575	0.11343	0.22330	0.02180	0.02175	0.01549	0.01202	0.05927	0.00294	0.00817	0.00706	0.00697	0.01156
12	0.02715	0.03464	0.02060	0.01873	0.02247	0.71536	0.01404	0.02903	0.02060	0.01779	0.01124	0.01311	0.00936	0.00749	0.00655	0.00187	0.01311	0.00468	0.00375	0.00843
13	0.01894	0.01334	0.01511	0.01335	0.01668	0.06952	0.03664	0.09238	0.10897	0.16591	0.07473	0.24354	0.07191	0.01397	0.00806	0.00248	0.00621	0.01209	0.00706	0.00913
14	0.02231	0.04083	0.06167	0.02710	0.23855	0.04005	0.15229	0.02646	0.01795	0.23970	0.01948	0.04867	0.01467	0.00790	0.00748	0.00226	0.00867	0.00754	0.00542	0.01099
15	0.01478	0.00921	0.01073	0.00957	0.01247	0.00845	0.00732	0.05038	0.04246	0.14693	0.20369	0.05228	0.31827	0.06835	0.01033	0.00270	0.00461	0.01232	0.00733	0.00781
16	0.00882	0.00648	0.00827	0.00971	0.01043	0.00594	0.00656	0.01017	0.01431	0.01872	0.04509	0.63951	0.14512	0.02212	0.00918	0.00288	0.00414	0.01987	0.00675	0.00594
17	0.04328	0.02162	0.02713	0.10585	0.18965	0.17262	0.14345	0.15919	0.02088	0.02660	0.01393	0.01709	0.01081	0.00720	0.00727	0.00219	0.01022	0.00643	0.00439	0.01019
18	0.13580	0.06601	0.02771	0.08964	0.02868	0.13558	0.24535	0.05338	0.10219	0.02478	0.01498	0.01769	0.01151	0.00715	0.00705	0.00225	0.00987	0.00659	0.00436	0.00941
19	0.01061	0.00773	0.00974	0.01080	0.01176	0.00762	0.00746	0.06005	0.04265	0.02104	0.03798	0.65791	0.04441	0.02122	0.00905	0.00288	0.00456	0.01912	0.00681	0.00660
20	0.01132	0.03523	0.01360	0.01226	0.01360	0.01127	0.00971	0.01363	0.01204	0.01708	0.02189	0.02992	0.06672	0.06717	0.52342	0.00935	0.11298	0.00810	0.00400	0.00669
21	0.01545	0.01401	0.02178	0.05837	0.33391	0.01448	0.04228	0.02190	0.12473	0.02393	0.09209	0.05629	0.04344	0.04184	0.06073	0.00318	0.00821	0.00866	0.00495	0.00975
22	0.01305	0.00951	0.01459	0.01262	0.01546	0.00859	0.10664	0.01587	0.01741	0.09901	0.20052	0.22768	0.19817	0.01580	0.00862	0.00252	0.00532	0.01428	0.00684	0.00750
23	0.01912	0.01355	0.01549	0.01319	0.01688	0.01437	0.01045	0.25622	0.12327	0.08057	0.22350	0.10234	0.03521	0.01244	0.00796	0.00237	0.00578	0.02992	0.00756	0.00981
24	0.14391	0.00964	0.01018	0.00955	0.01214	0.00961	0.00720	0.07276	0.01760	0.04725	0.17290	0.15082	0.23382	0.05940	0.00957	0.00271	0.00471	0.01246	0.00660	0.00718
25	0.06577	0.01203	0.01369	0.01099	0.01588	0.01044	0.00859	0.04273	0.06607	0.06768	0.02367	0.12899	0.06782	0.00971	0.00648	0.00175	0.00527	0.00810	0.00550	0.42882
26	0.00977	0.00750	0.00862	0.00857	0.01025	0.00688	0.00612	0.01240	0.03914	0.02204	0.25667	0.13667	0.30152	0.12622	0.01288	0.00315	0.00424	0.01430	0.00681	0.00626
27	0.03576	0.00731	0.00907	0.00948	0.01094	0.00676	0.00678	0.01260	0.01666	0.04715	0.25599	0.36939	0.14810	0.01855	0.00872	0.00261	0.00400	0.01642	0.00716	0.00654
28	0.19235	0.01129	0.01197	0.01066	0.01385	0.01169	0.00823	0.10635	0.04082	0.09939	0.15679	0.12008	0.10796	0.06590	0.00946	0.00271	0.00529	0.01038	0.00664	0.00818
29	0.01008	0.00723	0.00950	0.01083	0.01170	0.00696	0.00777	0.03705	0.01540	0.02053	0.06565	0.58508	0.04658	0.02150	0.00928	0.00295	0.00470	0.11407	0.00681	0.00631
30	0.02609	0.01452	0.01729	0.01386	0.01876	0.01472	0.01122	0.22397	0.11723	0.32365	0.09052	0.05127	0.02288	0.01010	0.00750	0.00229	0.00633	0.00825	0.00808	0.01148
31	0.01019	0.00750	0.00923	0.00979	0.01099	0.00724	0.00694	0.03746	0.01521	0.02001	0.08788	0.33833	0.16778	0.12553	0.07137	0.00410	0.00601	0.05199	0.00629	0.00615
32	0.00978	0.00719	0.00931	0.01025	0.01130	0.00676	0.00717	0.01233	0.04195	0.02119	0.15519	0.54454	0.04918	0.02015	0.00896	0.00276	0.00425	0.03646	0.00691	0.03435
33	0.01390	0.01310	0.02211	0.69948	0.07631	0.01620	0.02027	0.01872	0.01462	0.01878	0.01295	0.01932	0.00976	0.00724	0.00726	0.00241	0.00965	0.00646	0.00324	0.00821
34	0.01486	0.01204	0.01899	0.07394	0.06627	0.01213	0.12264	0.04779	0.08898	0.06701	0.13228	0.23135	0.03316	0.01346	0.00836	0.00255	0.00671	0.03274	0.00617	0.00857
35	0.01163	0.00702	0.00915	0.00926	0.01021	0.00659	0.00635	0.01179	0.01370	0.05242	0.12310	0.20076	0.12446	0.11491	0.01863	0.25154	0.00517	0.01238	0.00559	0.00533

[dist]
# distance from previous block
# <min> <max>
4	12

[block]
# block no. 1 follows, 28 sequences, length 27
# corresponding to MSA columns:
# 67-93
name=unknown_B
#
# <colnr> <probs for GDERKNQSTAVLIFYWHMCP>
#	G	D	E	R	K	N	Q	S	T	A	V	L	I	F	Y	W	H	M	C	P
0	0.01300	0.00842	0.01096	0.01074	0.01199	0.00872	0.00767	0.04313	0.08853	0.01867	0.02156	0.17256	0.02179	0.02416	0.09421	0.36204	0.00719	0.00962	0.02852	0.03652
1	0.00955	0.00738	0.00831	0.00866	0.01017	0.00677	0.00608	0.01169	0.03726	0.01941	0.09489	0.21511	0.33835	0.15541	0.01409	0.00345	0.00459	0.03640	0.00641	0.00600
2	0.01725	0.01538	0.02521	0.09078	0.49759	0.01579	0.01909	0.04670	0.03705	0.02278	0.01411	0.01897	0.01191	0.00952	0.01036	0.11893	0.00826	0.00651	0.00377	0.01004
3	0.01187	0.00936	0.01011	0.00996	0.01147	0.05389	0.00701	0.01303	0.01346	0.01780	0.02976	0.17081	0.10698	0.19440	0.10044	0.07966	0.00756	0.03225	0.04263	0.07755
4	0.01353	0.00944	0.01115	0.01052	0.01292	0.00932	0.00786	0.04044	0.13229	0.08285	0.24347	0.18155	0.15518	0.04420	0.00948	0.00266	0.00455	0.01332	0.00736	0.00790
5	0.01148	0.00808	0.00973	0.00969	0.01173	0.00734	0.00719	0.03743	0.01706	0.05966	0.15306	0.26961	0.24404	0.03793	0.00943	0.00269	0.00445	0.05445	0.00693	0.03803
6	0.01011	0.00724	0.00889	0.00975	0.01051	0.00697	0.00649	0.04232	0.01439	0.01900	0.03793	0.50434	0.09247	0.17624	0.01506	0.00375	0.00496	0.01741	0.00627	0.00591
7	0.02106	0.02474	0.02474	0.02072	0.02352	0.32708	0.11726	0.02348	0.01624	0.01853	0.01109	0.01525	0.00969	0.00939	0.01386	0.00249	0.30295	0.00597	0.00351	0.00845
8	0.01513	0.00933	0.01153	0.01048	0.01300	0.00886	0.00792	0.08610	0.01992	0.13160	0.29738	0.18054	0.11840	0.04439	0.00951	0.00261	0.00467	0.01314	0.00755	0.00793
9	0.01507	0.01292	0.01507	0.01077	0.01723	0.00969	0.00861	0.01830	0.01507	0.02369	0.01292	0.01507	0.01077	0.00538	0.00538	0.00108	0.00538	0.00431	0.00431	0.78898
10	0.01372	0.00803	0.01076	0.01141	0.01322	0.00753	0.00893	0.01604	0.01613	0.12777	0.03876	0.34616	0.07142	0.01896	0.00904	0.00290	0.00531	0.23082	0.03587	0.00723
11	0.03910	0.00837	0.01027	0.01004	0.01211	0.00776	0.00742	0.01659	0.01546	0.16131	0.03866	0.23178	0.14670	0.15382	0.01377	0.00347	0.00535	0.08047	0.03036	0.00718
12	0.22862	0.01076	0.01160	0.01028	0.01391	0.01066	0.00809	0.02167	0.04309	0.21167	0.10930	0.11184	0.15594	0.01242	0.00716	0.00238	0.00500	0.01012	0.00692	0.00858
13	0.01844	0.00949	0.01039	0.00908	0.01195	0.00952	0.00714	0.10864	0.01867	0.13586	0.02365	0.02543	0.01769	0.00859	0.00573	0.00185	0.00445	0.00683	0.55822	0.00841
14	0.01035	0.00750	0.00883	0.00897	0.01075	0.00683	0.00650	0.01306	0.03882	0.04349	0.21195	0.24282	0.28220	0.03998	0.00946	0.00266	0.00401	0.01536	0.02989	0.00659
15	0.01040	0.00773	0.01139	0.01139	0.01258	0.00893	0.00872	0.01279	0.01160	0.01666	0.01974	0.03005	0.01882	0.10854	0.66259	0.01132	0.01850	0.00801	0.00393	0.00633
16	0.01075	0.00864	0.00980	0.00962	0.01200	0.00825	0.00748	0.01578	0.10929	0.02403	0.23712	0.06121	0.34745	0.01645	0.00860	0.00252	0.00427	0.09241	0.00718	0.00714
17	0.00897	0.00673	0.00816	0.00913	0.01018	0.00610	0.00625	0.01043	0.01480	0.01912	0.08240	0.46553	0.23472	0.06871	0.01087	0.00304	0.00421	0.01808	0.00666	0.00592
18	0.01585	0.17277	0.41201	0.01712	0.02500	0.07233	0.01988	0.02178	0.01646	0.02241	0.11937	0.02056	0.01856	0.00806	0.00670	0.00212	0.00920	0.00624	0.00390	0.00967
19	0.01567	0.01446	0.02335	0.07663	0.46579	0.01452	0.01785	0.03798	0.01662	0.02290	0.02472	0.11395	0.10418	0.01014	0.00764	0.00231	0.00750	0.00937	0.00448	0.00994
20	0.02490	0.02147	0.01993	0.01635	0.02120	0.14791	0.01301	0.39875	0.16575	0.03624	0.01904	0.01984	0.01440	0.03767	0.00834	0.00238	0.00843	0.00671	0.00654	0.01115
21	0.74554	0.01395	0.01109	0.00978	0.01435	0.01594	0.00806	0.02229	0.01293	0.07691	0.01135	0.01266	0.00854	0.00690	0.00468	0.00225	0.00566	0.00416	0.00480	0.00817
22	0.01473	0.01371	0.02274	0.61903	0.12851	0.01651	0.02023	0.04173	0.01546	0.02015	0.01317	0.01914	0.01001	0.00722	0.00726	0.00238	0.00950	0.00646	0.00341	0.00864
23	0.01507	0.01292	0.01507	0.01077	0.01723	0.00969	0.00861	0.01830	0.01507	0.02369	0.01292	0.01507	0.01077	0.00538	0.00538	0.00108	0.00538	0.00431	0.00431	0.78898
24	0.01630	0.01541	0.02510	0.13684	0.37283	0.01622	0.06444	0.02262	0.10248	0.02362	0.05263	0.04405	0.03796	0.00845	0.00797	0.00233	0.02823	0.00787	0.00444	0.01021
25	0.01050	0.00749	0.01045	0.01043	0.01144	0.00821	0.00766	0.01213	0.01193	0.01667	0.05214	0.03510	0.05656	0.18587	0.45935	0.07069	0.01445	0.00885	0.00427	0.00581
26	0.04764	0.45539	0.11469	0.06072	0.02188	0.02262	0.04276	0.02046	0.01528	0.01963	0.05116	0.01974	0.06619	0.00779	0.00579	0.00188	0.00783	0.00582	0.00373	0.00901

[dist]
# distance from previous block
# <min> <max>
0	10

[block]
# block no. 2 follows, 28 sequences, length 8
# corresponding to MSA columns:
# 104-111
name=unknown_C
#
# <colnr> <probs for GDERKNQSTAVLIFYWHMCP>
#	G	D	E	R	K	N	Q	S	T	A	V	L	I	F	Y	W	H	M	C	P
0	0.11518	0.01772	0.02360	0.03017	0.38264	0.06490	0.01703	0.10127	0.01870	0.08775	0.01481	0.01725	0.01155	0.00700	0.00672	0.00209	0.00807	0.00598	0.00468	0.06288
1	0.30588	0.01688	0.01758	0.17692	0.10595	0.12274	0.01379	0.02112	0.01450	0.02408	0.01213	0.01608	0.00991	0.01133	0.06789	0.00307	0.04259	0.00537	0.00388	0.00832
2	0.01584	0.06559	0.02431	0.11412	0.31935	0.03820	0.03659	0.01924	0.01548	0.02118	0.04585	0.13289	0.01903	0.01020	0.00929	0.00239	0.08817	0.00881	0.00416	0.00932
3	0.00938	0.00699	0.00873	0.00915	0.01052	0.00634	0.00654	0.01165	0.01717	0.02308	0.31311	0.32240	0.19096	0.01865	0.00885	0.00258	0.00379	0.01651	0.00726	0.00634
4	0.01360	0.01069	0.01487	0.01281	0.01510	0.01128	0.05481	0.06458	0.01902	0.05442	0.35636	0.09077	0.10849	0.01411	0.01089	0.00249	0.11948	0.01176	0.00672	0.00774
5	0.01808	0.02200	0.13159	0.22639	0.22590	0.12771	0.01998	0.04918	0.06701	0.02259	0.01431	0.01785	0.01112	0.00727	0.00709	0.00223	0.00974	0.00615	0.00386	0.00996
6	0.13772	0.02699	0.40057	0.01896	0.02691	0.01575	0.11661	0.02144	0.01529	0.02462	0.06410	0.01920	0.01429	0.01053	0.05416	0.00294	0.01019	0.00636	0.00381	0.00958
7	0.67459	0.01505	0.01244	0.01069	0.01540	0.01729	0.00881	0.12456	0.01581	0.03470	0.01128	0.01270	0.00858	0.00706	0.00494	0.00224	0.00600	0.00435	0.00494	0.00858

[dist]
# distance from previous block
# <min> <max>
7	10

[block]
# block no. 3 follows, 28 sequences, length 27
# corresponding to MSA columns:
# 123-149
name=unknown_D
#
# <colnr> <probs for GDERKNQSTAVLIFYWHMCP>
#	G	D	E	R	K	N	Q	S	T	A	V	L	I	F	Y	W	H	M	C	P
0	0.00906	0.00647	0.00867	0.01036	0.01087	0.00608	0.00711	0.01048	0.01412	0.01879	0.03995	0.69207	0.04762	0.02258	0.00933	0.00298	0.00440	0.06634	0.00674	0.00596
1	0.01463	0.01233	0.01329	0.01230	0.01554	0.01349	0.00943	0.02804	0.42395	0.02755	0.13805	0.07910	0.15628	0.01293	0.00790	0.00246	0.00493	0.01098	0.00733	0.00950
2	0.01668	0.07991	0.54036	0.02024	0.02988	0.01844	0.06047	0.10531	0.01779	0.02554	0.01351	0.01562	0.00972	0.00705	0.00690	0.00225	0.01029	0.00560	0.00364	0.01080
3	0.01056	0.00757	0.01112	0.01112	0.01232	0.00854	0.00850	0.01236	0.01171	0.01650	0.02204	0.03036	0.06082	0.04838	0.58068	0.11261	0.01674	0.00808	0.00398	0.00603
4	0.01097	0.00777	0.01055	0.01201	0.01321	0.00768	0.00975	0.01346	0.01536	0.02011	0.03685	0.21584	0.04120	0.11217	0.01329	0.00373	0.00622	0.43719	0.00642	0.00624
5	0.01078	0.00747	0.00907	0.00995	0.03797	0.00743	0.00572	0.01123	0.01142	0.01528	0.02485	0.11389	0.02856	0.61135	0.03186	0.00628	0.00683	0.04041	0.00470	0.00495
6	0.01943	0.74891	0.03809	0.01244	0.01866	0.02876	0.01244	0.02177	0.01477	0.01710	0.01011	0.01166	0.00933	0.00622	0.00466	0.00155	0.00777	0.00389	0.00311	0.00933
7	0.00932	0.00696	0.00850	0.00924	0.01045	0.00635	0.00653	0.01111	0.01560	0.02040	0.15520	0.35682	0.22140	0.07818	0.01125	0.00306	0.00431	0.05251	0.00676	0.00605
8	0.00918	0.00729	0.00824	0.00821	0.01023	0.00635	0.00608	0.01149	0.01764	0.02267	0.27539	0.12867	0.42752	0.01766	0.00865	0.00245	0.00365	0.01513	0.00716	0.00635
9	0.01038	0.00779	0.01168	0.01168	0.01298	0.00909	0.00909	0.01298	0.01168	0.01687	0.01947	0.02856	0.01817	0.05452	0.71573	0.01168	0.01947	0.00779	0.00389	0.00649
10	0.00903	0.00646	0.00859	0.01000	0.01058	0.00602	0.00676	0.01056	0.01474	0.01986	0.12067	0.65547	0.05060	0.02180	0.00919	0.00287	0.00412	0.01974	0.00690	0.00602
11	0.02750	0.01930	0.02100	0.01624	0.02193	0.02113	0.01337	0.57346	0.07439	0.10762	0.01929	0.01876	0.01352	0.00882	0.00728	0.00221	0.00768	0.00672	0.00744	0.01231
12	0.00925	0.00643	0.00843	0.00976	0.01029	0.00600	0.00653	0.01010	0.01360	0.01793	0.03961	0.59364	0.09678	0.04678	0.01197	0.07796	0.00447	0.01852	0.00633	0.00561
13	0.01139	0.00729	0.00844	0.00843	0.00905	0.00701	0.00517	0.01189	0.01218	0.05392	0.03057	0.13552	0.09712	0.53844	0.02895	0.00579	0.00630	0.01214	0.00520	0.00522
14	0.37428	0.01271	0.01300	0.01078	0.01542	0.01313	0.00883	0.04784	0.01676	0.29644	0.01933	0.01896	0.01332	0.00791	0.00577	0.00218	0.00565	0.00570	0.10235	0.00965
15	0.02371	0.35303	0.02840	0.01592	0.02077	0.40931	0.01333	0.02579	0.01800	0.01748	0.01073	0.01246	0.00935	0.00692	0.00571	0.00173	0.01073	0.00433	0.00346	0.00883
16	0.01262	0.00902	0.01055	0.01003	0.01215	0.00871	0.00744	0.09898	0.01885	0.04721	0.20346	0.19834	0.20948	0.08694	0.01130	0.00295	0.00480	0.03306	0.00697	0.00713
17	0.72171	0.01421	0.01123	0.01006	0.01452	0.01648	0.00822	0.02301	0.07662	0.03240	0.01198	0.01327	0.00924	0.00704	0.00477	0.00227	0.00564	0.00434	0.00477	0.00822
18	0.01321	0.01181	0.01709	0.14738	0.11831	0.01278	0.03442	0.01862	0.09870	0.02297	0.15296	0.08428	0.15706	0.01243	0.00922	0.00247	0.06180	0.01062	0.00559	0.00829
19	0.00998	0.00815	0.00878	0.00850	0.01081	0.00749	0.00633	0.01386	0.08097	0.02246	0.20428	0.06115	0.45540	0.05753	0.01007	0.00268	0.00401	0.01391	0.00696	0.00671
20	0.01273	0.00785	0.00974	0.00978	0.01157	0.00719	0.00700	0.01503	0.03548	0.11629	0.12077	0.34089	0.17512	0.08218	0.01116	0.00302	0.00459	0.01557	0.00702	0.00700
21	0.01040	0.00698	0.00798	0.00815	0.00819	0.00693	0.00464	0.01053	0.01090	0.01454	0.02461	0.11633	0.02858	0.67284	0.03424	0.00664	0.00677	0.01157	0.00464	0.00455
22	0.05826	0.07355	0.02141	0.10738	0.02537	0.53527	0.01445	0.04579	0.01952	0.01931	0.01151	0.01388	0.00943	0.00739	0.00646	0.00195	0.01188	0.00488	0.00378	0.00853
23	0.01963	0.01639	0.01731	0.01511	0.01949	0.01880	0.01188	0.14196	0.58020	0.03291	0.02762	0.02555	0.02059	0.00968	0.00738	0.00242	0.00612	0.00795	0.00738	0.01164
24	0.05777	0.01510	0.01338	0.03715	0.03839	0.18325	0.01003	0.01781	0.03156	0.01908	0.02475	0.16176	0.02671	0.19491	0.01517	0.00368	0.00801	0.12959	0.00509	0.00680
25	0.01765	0.01657	0.02822	0.04237	0.65508	0.01657	0.02129	0.02149	0.01610	0.02304	0.01361	0.01825	0.01159	0.00768	0.00855	0.05246	0.00849	0.00647	0.00357	0.01098
26	0.01042	0.00677	0.00847	0.00887	0.00913	0.00661	0.00555	0.01055	0.01217	0.01638	0.08561	0.22735	0.03368	0.37255	0.02574	0.13153	0.00586	0.01279	0.00514	0.00482

[dist]
# distance from previous block
# <min> <max>
4	6

[block]
# block no. 4 follows, 28 sequences, length 25
# corresponding to MSA columns:
# 156-180
name=unknown_E
#
# <colnr> <probs for GDERKNQSTAVLIFYWHMCP>
#	G	D	E	R	K	N	Q	S	T	A	V	L	I	F	Y	W	H	M	C	P
0	0.00924	0.00692	0.00853	0.00961	0.01060	0.00645	0.00659	0.01133	0.03748	0.01949	0.07532	0.52643	0.17674	0.04670	0.01003	0.00295	0.00423	0.01848	0.00674	0.00613
1	0.01139	0.00722	0.00950	0.00999	0.01132	0.00661	0.00708	0.01341	0.01647	0.08355	0.21931	0.46016	0.07785	0.01919	0.00888	0.00269	0.00416	0.01718	0.00729	0.00676
2	0.01121	0.00719	0.00834	0.00805	0.00986	0.00673	0.00604	0.01440	0.01811	0.02708	0.36827	0.04681	0.13933	0.01308	0.00733	0.00210	0.00345	0.01119	0.28471	0.00673
3	0.01476	0.01256	0.01472	0.01066	0.01681	0.00950	0.00850	0.01800	0.01544	0.02405	0.05784	0.01766	0.01457	0.00601	0.00559	0.00116	0.00525	0.00489	0.00455	0.73749
4	0.09399	0.00990	0.01118	0.01020	0.01311	0.00967	0.00784	0.06774	0.04648	0.11418	0.21194	0.14615	0.20044	0.01463	0.00795	0.00242	0.00463	0.01238	0.00720	0.00797
5	0.01042	0.00766	0.01105	0.01105	0.01213	0.00874	0.00829	0.01257	0.01149	0.01640	0.02005	0.03177	0.01957	0.17130	0.60086	0.01090	0.01737	0.00826	0.00398	0.00614
6	0.06922	0.00936	0.01150	0.01026	0.01332	0.00852	0.00784	0.02035	0.01760	0.25991	0.14679	0.16367	0.15858	0.05783	0.00969	0.00270	0.00493	0.01208	0.00745	0.00840
7	0.35978	0.01088	0.01031	0.00937	0.01278	0.01141	0.00731	0.01975	0.01457	0.12854	0.02676	0.08898	0.11089	0.05877	0.00811	0.00259	0.00515	0.00824	0.09801	0.00778
8	0.01086	0.00743	0.01098	0.01098	0.01193	0.00838	0.00821	0.01210	0.01115	0.01581	0.01827	0.02844	0.01755	0.09290	0.52923	0.17274	0.01594	0.00766	0.00377	0.00566
9	0.01765	0.01692	0.02888	0.09957	0.64693	0.01718	0.02214	0.02201	0.01639	0.02333	0.01361	0.01810	0.01137	0.00654	0.00720	0.00218	0.00872	0.00648	0.00357	0.01124
10	0.03632	0.00734	0.00909	0.00974	0.01119	0.00674	0.00688	0.01286	0.01542	0.07523	0.09467	0.48205	0.16592	0.01973	0.00878	0.00273	0.00426	0.01749	0.00695	0.00660
11	0.01263	0.01069	0.01509	0.01790	0.14458	0.04210	0.01144	0.01510	0.01318	0.01813	0.02090	0.02798	0.05820	0.03902	0.45880	0.05998	0.01526	0.00777	0.00396	0.00730
12	0.51043	0.01443	0.01468	0.01241	0.01683	0.01631	0.05031	0.06023	0.06861	0.07522	0.01420	0.01595	0.01088	0.01058	0.05278	0.00293	0.03413	0.00528	0.00505	0.00875
13	0.00908	0.00662	0.00844	0.00980	0.01053	0.00614	0.00671	0.01046	0.01422	0.01861	0.04339	0.57456	0.13212	0.06507	0.01088	0.00315	0.00445	0.05328	0.00661	0.00589
14	0.01974	0.01509	0.02442	0.03400	0.47891	0.01467	0.01822	0.02352	0.01738	0.15382	0.02249	0.02672	0.06693	0.00861	0.00748	0.00226	0.00768	0.04200	0.00504	0.01101
15	0.16994	0.05017	0.02451	0.01940	0.04195	0.26861	0.17905	0.02425	0.01710	0.02293	0.01214	0.01484	0.00974	0.00665	0.00647	0.00198	0.01013	0.00549	0.00392	0.11073
16	0.01672	0.01600	0.02756	0.02092	0.02664	0.01527	0.30631	0.07269	0.09561	0.02581	0.03418	0.02941	0.01815	0.00887	0.00794	0.00230	0.00885	0.10264	0.00504	0.15910
17	0.01024	0.00731	0.00962	0.01026	0.01110	0.00748	0.00741	0.01188	0.01311	0.01765	0.04732	0.20404	0.06060	0.24377	0.19346	0.00637	0.00922	0.11803	0.00537	0.00577
18	0.01122	0.00812	0.01050	0.04887	0.01365	0.00790	0.00830	0.01285	0.01382	0.01828	0.03176	0.13140	0.08455	0.24151	0.01876	0.05285	0.00632	0.20820	0.00541	0.06574
19	0.31963	0.01464	0.01575	0.01378	0.05948	0.01467	0.02974	0.07432	0.06720	0.02944	0.01358	0.01524	0.01070	0.00662	0.00555	0.00184	0.00612	0.00491	0.00479	0.29201
20	0.35744	0.01846	0.01648	0.01506	0.06267	0.12279	0.01123	0.15621	0.01916	0.08336	0.01364	0.01479	0.01023	0.00732	0.00583	0.00209	0.00747	0.00503	0.00522	0.06552
21	0.09368	0.01717	0.01964	0.02034	0.14697	0.10497	0.03321	0.15301	0.02083	0.14615	0.03585	0.08235	0.01901	0.01018	0.00739	0.00233	0.00785	0.06302	0.00599	0.01008
22	0.09761	0.05193	0.02095	0.04965	0.02231	0.14709	0.08343	0.12836	0.07904	0.05080	0.01727	0.07510	0.01464	0.00877	0.00724	0.00212	0.02638	0.00707	0.00514	0.10509
23	0.10173	0.01850	0.02320	0.07791	0.17923	0.12001	0.10246	0.09948	0.03829	0.07039	0.01952	0.04535	0.05516	0.00849	0.00719	0.00225	0.00877	0.00737	0.00489	0.00981
24	0.05183	0.11356	0.02443	0.04882	0.09703	0.08519	0.07712	0.11565	0.11012	0.15835	0.01846	0.01908	0.01356	0.00777	0.00685	0.00213	0.00820	0.00643	0.00565	0.02975

[dist]
# distance from previous block
# <min> <max>
3	13

[block]
# block no. 5 follows, 28 sequences, length 20
# corresponding to MSA columns:
# 194-213
name=unknown_F
#
# <colnr> <probs for GDERKNQSTAVLIFYWHMCP>
#	G	D	E	R	K	N	Q	S	T	A	V	L	I	F	Y	W	H	M	C	P
0	0.02339	0.06333	0.06573	0.02010	0.10206	0.01663	0.09985	0.11043	0.12892	0.23653	0.02120	0.02104	0.01499	0.00801	0.00722	0.00221	0.00777	0.00700	0.00631	0.03731
1	0.04439	0.06303	0.08307	0.01487	0.02075	0.10527	0.01308	0.17658	0.04343	0.18999	0.01857	0.01979	0.01366	0.00809	0.00671	0.00200	0.00786	0.02490	0.00603	0.13792
2	0.07135	0.02152	0.15380	0.01585	0.02221	0.08238	0.03466	0.16164	0.05641	0.16367	0.04041	0.01924	0.01446	0.00796	0.00683	0.00209	0.00806	0.00622	0.00584	0.10541
3	0.16373	0.04665	0.17171	0.01824	0.08369	0.05600	0.05658	0.02610	0.05224	0.17800	0.03951	0.01896	0.01399	0.00763	0.00661	0.00219	0.00801	0.00612	0.00523	0.03878
4	0.01956	0.10102	0.15462	0.01771	0.04248	0.07043	0.09131	0.02440	0.04006	0.12640	0.01553	0.01716	0.01169	0.00721	0.00760	0.00197	0.05266	0.00577	0.00456	0.18786
5	0.02475	0.04062	0.03728	0.01455	0.01972	0.01679	0.01210	0.21369	0.22329	0.24070	0.06009	0.02428	0.01982	0.00934	0.00729	0.00228	0.00660	0.00751	0.00762	0.01167
6	0.01772	0.01735	0.03070	0.07188	0.59665	0.01735	0.09610	0.02226	0.01654	0.02348	0.01376	0.01823	0.01138	0.00647	0.00736	0.00220	0.00909	0.00671	0.00359	0.01117
7	0.02763	0.02036	0.02182	0.01672	0.02254	0.02254	0.01382	0.67496	0.03418	0.04581	0.01745	0.01745	0.01236	0.00873	0.00727	0.00218	0.00800	0.00654	0.00727	0.01236
8	0.01799	0.01727	0.02950	0.04462	0.69919	0.01727	0.02231	0.02231	0.01655	0.02375	0.01367	0.01799	0.01151	0.00648	0.00720	0.00216	0.00864	0.00648	0.00360	0.01151
9	0.01373	0.01292	0.02180	0.72707	0.05006	0.01615	0.02019	0.01857	0.01453	0.01857	0.01292	0.01938	0.00969	0.00727	0.00727	0.00242	0.00969	0.00646	0.00323	0.00807
10	0.01681	0.01890	0.04093	0.02955	0.03655	0.01775	0.63118	0.02277	0.01713	0.02319	0.01620	0.02353	0.01297	0.00701	0.00867	0.00251	0.01190	0.04897	0.00387	0.00961
11	0.01708	0.01253	0.06474	0.01432	0.01791	0.01076	0.05977	0.02243	0.10087	0.17823	0.03200	0.24205	0.03110	0.01506	0.00853	0.00273	0.00645	0.14772	0.00684	0.00889
12	0.01799	0.01727	0.02950	0.04462	0.69919	0.01727	0.02231	0.02231	0.01655	0.02375	0.01367	0.01799	0.01151	0.00648	0.00720	0.00216	0.00864	0.00648	0.00360	0.01151
13	0.01346	0.01246	0.02080	0.60001	0.08898	0.01506	0.01880	0.01786	0.01460	0.01892	0.01605	0.10111	0.01417	0.00898	0.00749	0.00247	0.00900	0.00807	0.00365	0.00806
14	0.01663	0.03473	0.62851	0.01983	0.03000	0.01618	0.02502	0.02443	0.01597	0.10039	0.01482	0.01641	0.01021	0.00714	0.00695	0.00230	0.01023	0.00559	0.00374	0.01093
15	0.01833	0.01822	0.02910	0.07273	0.60548	0.05993	0.04497	0.02259	0.01673	0.02314	0.01353	0.01781	0.01128	0.00656	0.00721	0.00216	0.00908	0.00644	0.00359	0.01111
16	0.01695	0.01804	0.02365	0.48594	0.09175	0.15522	0.06597	0.02126	0.01608	0.01914	0.01277	0.01805	0.00986	0.00717	0.00721	0.00230	0.01047	0.00626	0.00339	0.00852
17	0.54613	0.01616	0.05251	0.01330	0.01865	0.01642	0.08503	0.06296	0.01521	0.09604	0.01302	0.01446	0.00954	0.00702	0.00553	0.00227	0.00685	0.00502	0.00493	0.00895
18	0.02037	0.53381	0.10942	0.01447	0.02081	0.12993	0.01434	0.04888	0.01648	0.01900	0.01089	0.01252	0.00944	0.00659	0.00530	0.00171	0.00891	0.00428	0.00337	0.00947
19	0.09612	0.08426	0.02570	0.14499	0.36706	0.08669	0.01834	0.02294	0.04567	0.02290	0.01334	0.01695	0.01092	0.00686	0.00665	0.00214	0.00874	0.00589	0.00377	0.01009

[dist]
# distance from previous block
# <min> <max>
0	4

[block]
# block no. 6 follows, 28 sequences, length 6
# corresponding to MSA columns:
# 218-223
name=unknown_G
#
# <colnr> <probs for GDERKNQSTAVLIFYWHMCP>
#	G	D	E	R	K	N	Q	S	T	A	V	L	I	F	Y	W	H	M	C	P
0	0.01594	0.01168	0.01280	0.01112	0.01450	0.04564	0.00863	0.05406	0.11078	0.10785	0.29680	0.04175	0.14006	0.01243	0.00779	0.00219	0.00502	0.01050	0.00724	0.08321
1	0.01679	0.01715	0.03201	0.16473	0.31524	0.01776	0.23624	0.02162	0.01602	0.02222	0.01360	0.01864	0.01088	0.00692	0.00878	0.00237	0.05827	0.00716	0.00353	0.01007
2	0.01027	0.00757	0.01038	0.01018	0.01156	0.00793	0.00764	0.01286	0.01500	0.02111	0.26233	0.04187	0.07550	0.10483	0.35955	0.00738	0.01169	0.01038	0.00556	0.00640
3	0.01662	0.01587	0.02703	0.26396	0.49056	0.01691	0.02163	0.02111	0.01590	0.02208	0.01343	0.01844	0.01093	0.00673	0.00722	0.00224	0.00897	0.00647	0.00348	0.01041
4	0.01266	0.01143	0.01289	0.01264	0.01427	0.10497	0.00976	0.01516	0.01289	0.01700	0.01835	0.02646	0.01698	0.04813	0.61945	0.01035	0.01861	0.00737	0.00387	0.00675
5	0.01551	0.01426	0.02323	0.55009	0.16836	0.01681	0.02013	0.06597	0.01631	0.02147	0.01338	0.01899	0.01022	0.00722	0.00725	0.00236	0.00937	0.00647	0.00359	0.00902

[dist]
# distance from previous block
# <min> <max>
0	0

# created by:
# /home/berkeley/.conda/envs/busco_data_prod/bin/msa2prfl.pl pipeline/OGs_align_augustus/4893/24973.fs
