[name]
unknown

[dist]
# distance from previous block
# <min> <max>
0	24

[block]
# block no. 0 follows, 33 sequences, length 13
# corresponding to MSA columns:
# 26-38
name=unknown_A
#
# <colnr> <probs for GDERKNQSTAVLIFYWHMCP>
#	G	D	E	R	K	N	Q	S	T	A	V	L	I	F	Y	W	H	M	C	P
0	0.04808	0.04635	0.04791	0.07990	0.15214	0.01294	0.01281	0.09905	0.04699	0.06674	0.09174	0.05573	0.02248	0.03256	0.00773	0.00230	0.00645	0.12686	0.00510	0.03613
1	0.03859	0.01711	0.14869	0.10634	0.34078	0.01420	0.03703	0.05076	0.01489	0.02163	0.03189	0.01881	0.01221	0.00777	0.00767	0.05275	0.00774	0.02327	0.03891	0.00897
2	0.01757	0.01876	0.16128	0.02062	0.17068	0.04439	0.07133	0.11346	0.03936	0.09804	0.04598	0.01971	0.04453	0.00724	0.00649	0.00192	0.00752	0.00627	0.00460	0.10026
3	0.01382	0.01570	0.11556	0.10651	0.02352	0.01216	0.09777	0.01849	0.04348	0.02077	0.01243	0.01517	0.00986	0.00581	0.00641	0.00156	0.03815	0.00498	0.00363	0.43421
4	0.01144	0.00572	0.00858	0.00858	0.00858	0.00572	0.00572	0.00858	0.00858	0.01144	0.01144	0.02001	0.01144	0.02287	0.02573	0.80846	0.00572	0.00572	0.00286	0.00286
5	0.01581	0.01854	0.13490	0.16342	0.35882	0.03927	0.06856	0.05860	0.03886	0.02166	0.01284	0.01636	0.01007	0.00628	0.00657	0.00204	0.00854	0.00585	0.00343	0.00959
6	0.01243	0.01170	0.01975	0.75282	0.04534	0.01463	0.01828	0.01682	0.01316	0.01682	0.01170	0.01755	0.00878	0.00658	0.00658	0.00219	0.00878	0.00585	0.00293	0.00731
7	0.00879	0.00677	0.00946	0.04601	0.06110	0.00651	0.00758	0.01031	0.01297	0.01720	0.03569	0.62615	0.08937	0.01865	0.00814	0.00257	0.00429	0.01687	0.00576	0.00581
8	0.00802	0.00573	0.00764	0.00917	0.00955	0.00535	0.00611	0.00917	0.01260	0.01681	0.03628	0.76434	0.04354	0.02062	0.00840	0.00267	0.00382	0.01872	0.00611	0.00535
9	0.01144	0.00572	0.00858	0.00858	0.00858	0.00572	0.00572	0.00858	0.00858	0.01144	0.01144	0.02001	0.01144	0.02287	0.02573	0.80846	0.00572	0.00572	0.00286	0.00286
10	0.00918	0.00768	0.01138	0.01229	0.06142	0.00708	0.06633	0.01102	0.01363	0.01775	0.04036	0.47123	0.21082	0.01731	0.00806	0.00247	0.00460	0.01567	0.00568	0.00605
11	0.01496	0.01664	0.09320	0.21387	0.41560	0.01547	0.09556	0.01952	0.01449	0.02023	0.01226	0.01654	0.00977	0.00605	0.00665	0.00206	0.00860	0.00598	0.00314	0.00942
12	0.01554	0.01776	0.03885	0.02775	0.03441	0.01665	0.70366	0.02109	0.01554	0.02109	0.01332	0.01776	0.00999	0.00555	0.00777	0.00222	0.01110	0.00777	0.00333	0.00888

[dist]
# distance from previous block
# <min> <max>
0	1

[block]
# block no. 1 follows, 33 sequences, length 21
# corresponding to MSA columns:
# 40-60
name=unknown_B
#
# <colnr> <probs for GDERKNQSTAVLIFYWHMCP>
#	G	D	E	R	K	N	Q	S	T	A	V	L	I	F	Y	W	H	M	C	P
0	0.01524	0.31238	0.19170	0.01434	0.06302	0.01743	0.01379	0.01902	0.01369	0.01900	0.01078	0.01267	0.00896	0.00555	0.00505	0.00146	0.00704	0.00410	0.00318	0.26161
1	0.00943	0.00695	0.01004	0.01004	0.01103	0.00794	0.00756	0.01141	0.01042	0.01488	0.01813	0.02859	0.01764	0.16329	0.63026	0.00992	0.01585	0.00745	0.00360	0.00558
2	0.01449	0.01167	0.01374	0.00985	0.01566	0.00882	0.00790	0.01739	0.01392	0.05888	0.01245	0.01411	0.01010	0.00505	0.00497	0.00103	0.00491	0.00404	0.00412	0.76687
3	0.01760	0.77260	0.03450	0.01126	0.01690	0.02605	0.01126	0.01971	0.01338	0.01549	0.00915	0.01056	0.00845	0.00563	0.00422	0.00141	0.00704	0.00352	0.00282	0.00845
4	0.02314	0.02833	0.01799	0.01633	0.01978	0.61413	0.01231	0.02782	0.14165	0.01813	0.01311	0.01411	0.01053	0.00716	0.00607	0.00179	0.01070	0.00481	0.00398	0.00812
5	0.00993	0.00775	0.01131	0.01101	0.01198	0.00931	0.00854	0.01201	0.01045	0.01515	0.01695	0.02597	0.01622	0.09891	0.61630	0.00948	0.09224	0.00711	0.00350	0.00587
6	0.01681	0.01436	0.01513	0.01349	0.01729	0.01658	0.01053	0.06893	0.68102	0.02825	0.02624	0.02412	0.01965	0.00888	0.00669	0.00222	0.00531	0.00737	0.00669	0.01046
7	0.01760	0.77260	0.03450	0.01126	0.01690	0.02605	0.01126	0.01971	0.01338	0.01549	0.00915	0.01056	0.00845	0.00563	0.00422	0.00141	0.00704	0.00352	0.00282	0.00845
8	0.01436	0.01225	0.01498	0.01090	0.01656	0.00984	0.03820	0.06606	0.01494	0.02272	0.01288	0.03879	0.01098	0.00564	0.00524	0.00116	0.00528	0.00470	0.00414	0.69036
9	0.01983	0.13534	0.10954	0.07315	0.11266	0.17929	0.01499	0.12309	0.05265	0.07260	0.01334	0.01496	0.01027	0.00694	0.00656	0.00190	0.03434	0.00516	0.00413	0.00925
10	0.00957	0.00638	0.00718	0.00718	0.00718	0.00638	0.00399	0.00957	0.00957	0.01276	0.02074	0.04308	0.02393	0.76864	0.03351	0.00638	0.00638	0.00957	0.00399	0.00399
11	0.00847	0.00668	0.00831	0.00883	0.00997	0.00653	0.00638	0.01003	0.01334	0.01732	0.07187	0.36857	0.27735	0.02176	0.09219	0.00340	0.04292	0.01478	0.00570	0.00561
12	0.01522	0.09379	0.17205	0.18739	0.19927	0.04917	0.01753	0.02005	0.04058	0.04579	0.04160	0.03637	0.01276	0.00720	0.00685	0.00204	0.03388	0.00600	0.00357	0.00887
13	0.01159	0.01355	0.12965	0.01539	0.06663	0.01064	0.09669	0.01593	0.06564	0.01955	0.10425	0.20058	0.02684	0.12427	0.04683	0.00330	0.02641	0.01038	0.00470	0.00719
14	0.01051	0.00724	0.01012	0.09253	0.01450	0.00724	0.00824	0.01248	0.01417	0.05619	0.15224	0.27839	0.09362	0.01811	0.04610	0.06225	0.00542	0.09898	0.00568	0.00598
15	0.01886	0.06151	0.18697	0.01914	0.09683	0.10877	0.08440	0.13878	0.07427	0.08530	0.01672	0.03389	0.02995	0.00742	0.00650	0.00201	0.00836	0.00619	0.00454	0.00961
16	0.03534	0.09075	0.30395	0.12053	0.17072	0.03480	0.04295	0.02142	0.06218	0.03778	0.01299	0.01551	0.00986	0.00638	0.00620	0.00201	0.00855	0.00535	0.00337	0.00937
17	0.00922	0.00751	0.01119	0.01076	0.01226	0.00704	0.08403	0.01099	0.01312	0.01711	0.03702	0.38116	0.17139	0.10824	0.04301	0.00334	0.00558	0.05590	0.00543	0.00569
18	0.01449	0.01583	0.08482	0.17507	0.28453	0.01512	0.08750	0.01973	0.06617	0.02028	0.01576	0.01921	0.04623	0.00718	0.00781	0.00211	0.06606	0.00640	0.00355	0.04214
19	0.01607	0.01391	0.05524	0.04950	0.21210	0.06168	0.06670	0.01926	0.01497	0.12811	0.03779	0.09091	0.05808	0.03277	0.08493	0.00308	0.00825	0.00798	0.03022	0.00844
20	0.12733	0.03383	0.10650	0.12658	0.16229	0.03235	0.04924	0.04684	0.04398	0.05037	0.07202	0.01979	0.03395	0.00780	0.00688	0.02867	0.00717	0.00616	0.00414	0.03412

[dist]
# distance from previous block
# <min> <max>
3	14

[block]
# block no. 2 follows, 33 sequences, length 50
# corresponding to MSA columns:
# 75-124
name=unknown_C
#
# <colnr> <probs for GDERKNQSTAVLIFYWHMCP>
#	G	D	E	R	K	N	Q	S	T	A	V	L	I	F	Y	W	H	M	C	P
0	0.02054	0.03903	0.07704	0.01383	0.01851	0.04844	0.01200	0.30978	0.10614	0.11956	0.01969	0.02029	0.03835	0.01390	0.10919	0.00320	0.00851	0.00640	0.00578	0.00980
1	0.02217	0.22761	0.02298	0.05634	0.02033	0.13750	0.01208	0.27384	0.02122	0.09491	0.01364	0.01437	0.01029	0.00692	0.00576	0.00175	0.00778	0.00497	0.00486	0.04066
2	0.01026	0.00809	0.01181	0.06706	0.01467	0.00896	0.03286	0.01381	0.05535	0.01797	0.11405	0.03075	0.05421	0.08222	0.42303	0.00717	0.01235	0.00811	0.02098	0.00628
3	0.03222	0.03934	0.06898	0.11541	0.12912	0.03499	0.03034	0.14090	0.04815	0.03592	0.04425	0.09331	0.01690	0.06332	0.00960	0.02917	0.02887	0.00753	0.02340	0.00830
4	0.01564	0.08669	0.08032	0.03673	0.15579	0.01586	0.23408	0.09484	0.03882	0.02296	0.07582	0.02193	0.04046	0.04134	0.00806	0.00223	0.00819	0.00720	0.00414	0.00890
5	0.00858	0.00670	0.00778	0.00751	0.00938	0.00590	0.00563	0.01100	0.01690	0.02227	0.40915	0.05597	0.37964	0.01500	0.00777	0.00214	0.00322	0.01286	0.00670	0.00590
6	0.01136	0.01000	0.01608	0.50243	0.03359	0.01181	0.01448	0.01515	0.01430	0.01886	0.15359	0.08795	0.02375	0.00977	0.00711	0.00226	0.00710	0.04934	0.00422	0.00686
7	0.01420	0.03842	0.01685	0.09928	0.08924	0.04479	0.06425	0.09437	0.06455	0.04395	0.02663	0.22100	0.10020	0.01332	0.03632	0.00256	0.00684	0.01035	0.00507	0.00780
8	0.01817	0.61966	0.05964	0.01252	0.01780	0.11507	0.01209	0.02042	0.01392	0.01579	0.00937	0.01101	0.00846	0.00604	0.00523	0.00153	0.03828	0.00375	0.00289	0.00835
9	0.00959	0.00660	0.00770	0.00797	0.00832	0.00653	0.00489	0.03215	0.01129	0.01498	0.02638	0.24165	0.05210	0.51281	0.02486	0.00508	0.00560	0.01212	0.00473	0.00465
10	0.00857	0.00617	0.00759	0.00839	0.00906	0.00578	0.00563	0.00972	0.01272	0.01674	0.08432	0.40914	0.13636	0.20346	0.01447	0.00350	0.00443	0.04315	0.00567	0.00513
11	0.04072	0.04789	0.04244	0.07151	0.06767	0.14583	0.09572	0.11126	0.08370	0.04325	0.01881	0.16588	0.01748	0.00964	0.00680	0.00212	0.00778	0.00836	0.00474	0.00841
12	0.00949	0.00635	0.00721	0.00729	0.00731	0.00632	0.00411	0.00955	0.00975	0.01299	0.02163	0.08403	0.02505	0.72617	0.03208	0.00617	0.00624	0.01009	0.00411	0.00407
13	0.01003	0.00794	0.01163	0.01127	0.01225	0.00963	0.00882	0.01217	0.01047	0.01524	0.01665	0.02518	0.01581	0.07554	0.62242	0.00944	0.10908	0.00700	0.00347	0.00596
14	0.01637	0.01879	0.05379	0.01807	0.02057	0.18034	0.13712	0.01891	0.01329	0.01722	0.01129	0.01643	0.01008	0.04228	0.04418	0.00287	0.33397	0.00596	0.03098	0.00749
15	0.01410	0.01216	0.01652	0.15680	0.15870	0.01321	0.01293	0.07817	0.18084	0.02310	0.05510	0.05749	0.11589	0.01025	0.00709	0.00223	0.00624	0.06550	0.00518	0.00852
16	0.01030	0.00681	0.00847	0.00835	0.00994	0.00615	0.00606	0.01238	0.01584	0.07750	0.31694	0.22098	0.19337	0.06503	0.00952	0.00253	0.00374	0.01339	0.00659	0.00612
17	0.00994	0.00662	0.00860	0.00953	0.01061	0.00621	0.00684	0.01197	0.03352	0.06400	0.05937	0.54435	0.09659	0.01869	0.00824	0.00260	0.00414	0.08589	0.00629	0.00599
18	0.02368	0.02927	0.01843	0.01716	0.04121	0.65911	0.01255	0.05178	0.01862	0.01711	0.01094	0.01356	0.00934	0.04096	0.00722	0.00192	0.01132	0.00459	0.00354	0.00769
19	0.01771	0.01406	0.01554	0.01424	0.04674	0.01573	0.01072	0.12128	0.50494	0.06907	0.05361	0.02519	0.04335	0.00906	0.00675	0.00217	0.00547	0.00752	0.00662	0.01024
20	0.09928	0.01256	0.01340	0.01144	0.01467	0.01362	0.00908	0.32968	0.02106	0.03052	0.04038	0.09024	0.01939	0.09138	0.00934	0.00254	0.00585	0.06254	0.11480	0.00825
21	0.00997	0.00697	0.00819	0.00845	0.00905	0.00691	0.00541	0.05693	0.01241	0.01647	0.02824	0.31418	0.06055	0.40224	0.02109	0.00450	0.00534	0.01296	0.00506	0.00506
22	0.00841	0.00670	0.00760	0.00777	0.00963	0.00588	0.00592	0.01048	0.01559	0.01972	0.19947	0.11856	0.45957	0.01647	0.00796	0.00231	0.00360	0.08228	0.00635	0.00573
23	0.00944	0.00691	0.00983	0.00983	0.01075	0.00782	0.00729	0.01127	0.01036	0.01473	0.01832	0.02966	0.01811	0.20818	0.58600	0.00965	0.01515	0.00761	0.00363	0.00546
24	0.00818	0.00665	0.00725	0.00718	0.00916	0.00572	0.00535	0.01020	0.01584	0.01994	0.23332	0.08748	0.52873	0.01601	0.00780	0.00220	0.00330	0.01358	0.00640	0.00572
25	0.01294	0.00975	0.01073	0.00972	0.01247	0.01001	0.00751	0.06593	0.21649	0.05258	0.21158	0.04123	0.23296	0.01211	0.00712	0.00212	0.00415	0.01019	0.06268	0.00775
26	0.00957	0.00638	0.00718	0.00718	0.00718	0.00638	0.00399	0.00957	0.00957	0.01276	0.02074	0.04308	0.02393	0.76864	0.03351	0.00638	0.00638	0.00957	0.00399	0.00399
27	0.05292	0.01300	0.01397	0.01197	0.01582	0.04131	0.00947	0.07582	0.31252	0.20766	0.07834	0.02661	0.06516	0.00924	0.00660	0.00210	0.00536	0.00753	0.03496	0.00966
28	0.00901	0.00628	0.00864	0.00929	0.00985	0.00651	0.00647	0.01006	0.01113	0.01523	0.02557	0.34334	0.02876	0.14558	0.26166	0.07152	0.00903	0.01231	0.00465	0.00511
29	0.00818	0.00641	0.00723	0.00756	0.00904	0.00565	0.00536	0.00977	0.01441	0.01823	0.13927	0.23951	0.40844	0.07850	0.01003	0.00266	0.00368	0.01452	0.00608	0.00546
30	0.01080	0.00931	0.01309	0.01222	0.01381	0.04990	0.05123	0.01328	0.01131	0.01570	0.01664	0.02419	0.01535	0.04302	0.63170	0.00931	0.04256	0.00690	0.00348	0.00620
31	0.01188	0.04445	0.08088	0.10542	0.01947	0.03394	0.03619	0.01482	0.01190	0.01647	0.01680	0.04653	0.04393	0.02660	0.32496	0.00587	0.14264	0.00696	0.00343	0.00687
32	0.01059	0.00839	0.01152	0.01175	0.03491	0.03035	0.00873	0.03540	0.01160	0.01629	0.01730	0.02542	0.01612	0.07070	0.64811	0.00961	0.01641	0.00698	0.00363	0.00618
33	0.09325	0.09712	0.10023	0.16408	0.22746	0.07915	0.01672	0.01947	0.01369	0.01952	0.01089	0.01452	0.00897	0.00683	0.00785	0.00206	0.10136	0.00513	0.00314	0.00858
34	0.01109	0.00842	0.01225	0.06789	0.04513	0.00892	0.03606	0.01396	0.03596	0.03924	0.09694	0.07333	0.10983	0.05086	0.25122	0.04123	0.02593	0.00889	0.05642	0.00641
35	0.02095	0.42188	0.02717	0.01372	0.01853	0.27356	0.01192	0.10732	0.01739	0.01894	0.01033	0.01167	0.00880	0.00631	0.00511	0.00158	0.00874	0.00407	0.00348	0.00851
36	0.01475	0.01161	0.01368	0.00998	0.01557	0.00897	0.00797	0.03256	0.01434	0.06840	0.01360	0.04072	0.01140	0.00571	0.00515	0.00113	0.00494	0.00465	0.00432	0.71056
37	0.00896	0.00723	0.00870	0.05708	0.01227	0.00684	0.00693	0.01177	0.04511	0.01948	0.15789	0.18562	0.36544	0.01601	0.00787	0.00234	0.00403	0.06438	0.00610	0.00599
38	0.01403	0.01049	0.01356	0.04395	0.01611	0.00934	0.02831	0.03699	0.03894	0.08402	0.04787	0.09605	0.01778	0.03881	0.10610	0.00293	0.00696	0.00700	0.00472	0.37606
39	0.00907	0.00689	0.00853	0.00869	0.01019	0.00620	0.00611	0.01065	0.01313	0.01779	0.08642	0.38109	0.14224	0.09279	0.06107	0.00325	0.00504	0.01380	0.00552	0.11153
40	0.02160	0.01229	0.01438	0.01213	0.01626	0.01277	0.00966	0.03225	0.36834	0.32378	0.02604	0.02365	0.01825	0.00850	0.00650	0.00210	0.00521	0.00700	0.06889	0.01042
41	0.19333	0.00956	0.01023	0.00913	0.01229	0.00944	0.00716	0.03802	0.04400	0.18254	0.08805	0.11149	0.21093	0.01173	0.00658	0.00215	0.00445	0.00958	0.03176	0.00758
42	0.11772	0.01016	0.01203	0.01037	0.01312	0.01034	0.03841	0.10695	0.03928	0.11926	0.09727	0.10421	0.06839	0.16370	0.01203	0.00297	0.00541	0.00902	0.05203	0.00733
43	0.01073	0.00833	0.01008	0.01028	0.01210	0.00852	0.00792	0.01674	0.17402	0.02228	0.20694	0.22138	0.09996	0.01537	0.00794	0.00246	0.00437	0.14718	0.00652	0.00687
44	0.01881	0.01535	0.01626	0.01389	0.01805	0.01751	0.01101	0.22358	0.52312	0.03146	0.02370	0.02210	0.01759	0.00864	0.00667	0.00216	0.00578	0.00702	0.00667	0.01064
45	0.01218	0.00796	0.00925	0.00889	0.01059	0.00780	0.00639	0.07934	0.03600	0.06773	0.10903	0.23277	0.12872	0.14858	0.01194	0.00295	0.00453	0.01188	0.09705	0.00641
46	0.03379	0.00710	0.00845	0.00858	0.00999	0.00674	0.00613	0.03456	0.01472	0.04892	0.17012	0.28447	0.16054	0.11824	0.01123	0.00289	0.00422	0.03474	0.02866	0.00590
47	0.03963	0.01131	0.01277	0.01094	0.01433	0.01167	0.00863	0.15380	0.16259	0.13314	0.18953	0.05596	0.14566	0.01120	0.00706	0.00212	0.00483	0.00934	0.00683	0.00867
48	0.01409	0.00949	0.01113	0.01048	0.01256	0.00967	0.00777	0.14763	0.06142	0.08249	0.03026	0.28797	0.07922	0.14594	0.01216	0.00309	0.00528	0.05620	0.00604	0.00712
49	0.01115	0.00737	0.00866	0.00855	0.01017	0.00713	0.00621	0.06332	0.01454	0.04937	0.05071	0.22685	0.21232	0.07242	0.06125	0.05497	0.00517	0.01185	0.11199	0.00599

[dist]
# distance from previous block
# <min> <max>
2	18

[block]
# block no. 3 follows, 33 sequences, length 54
# corresponding to MSA columns:
# 143-196
name=unknown_D
#
# <colnr> <probs for GDERKNQSTAVLIFYWHMCP>
#	G	D	E	R	K	N	Q	S	T	A	V	L	I	F	Y	W	H	M	C	P
0	0.01730	0.01521	0.01952	0.12585	0.04311	0.07407	0.07819	0.16404	0.06710	0.05328	0.03637	0.04096	0.01386	0.01201	0.07291	0.00290	0.11884	0.00666	0.00457	0.03326
1	0.01759	0.01283	0.01685	0.20276	0.06312	0.01414	0.01257	0.20244	0.06121	0.11065	0.07677	0.02485	0.06929	0.03277	0.02810	0.00247	0.03010	0.00728	0.00540	0.00881
2	0.01191	0.00815	0.01134	0.11255	0.01593	0.00833	0.02357	0.03106	0.04519	0.07875	0.07513	0.32581	0.05010	0.10606	0.01194	0.05481	0.00533	0.01230	0.00543	0.00631
3	0.01071	0.00917	0.05381	0.01114	0.01312	0.00775	0.04286	0.04046	0.01530	0.04210	0.17822	0.36392	0.04030	0.03665	0.00876	0.00259	0.00495	0.10570	0.00603	0.00644
4	0.04229	0.07439	0.01885	0.04075	0.01951	0.30900	0.01191	0.14853	0.05220	0.02258	0.03402	0.01486	0.01132	0.00740	0.00729	0.00182	0.07574	0.00503	0.00423	0.09829
5	0.00886	0.00613	0.00768	0.00824	0.00892	0.00575	0.00550	0.00969	0.01274	0.01691	0.13280	0.34071	0.13161	0.16968	0.01516	0.09097	0.00437	0.01383	0.00549	0.00496
6	0.01616	0.01551	0.02648	0.06486	0.70415	0.01561	0.02014	0.02009	0.01493	0.02135	0.01236	0.01634	0.01037	0.00589	0.00652	0.00196	0.00785	0.00587	0.00325	0.01032
7	0.02471	0.01771	0.01921	0.01469	0.01998	0.01925	0.01212	0.63461	0.02943	0.07813	0.01616	0.01606	0.01140	0.00777	0.00650	0.00193	0.00704	0.00586	0.00654	0.05090
8	0.02152	0.01603	0.01738	0.01350	0.01836	0.01715	0.01103	0.50465	0.06532	0.03641	0.05782	0.01841	0.01478	0.00789	0.00634	0.00185	0.00638	0.00611	0.04604	0.11303
9	0.00873	0.00643	0.00821	0.00919	0.01027	0.00600	0.00683	0.01055	0.01411	0.01845	0.11121	0.38481	0.16841	0.04615	0.00930	0.00274	0.00424	0.16263	0.00614	0.00558
10	0.00806	0.00663	0.00709	0.00707	0.00909	0.00566	0.00527	0.00996	0.01553	0.01925	0.18057	0.09443	0.57600	0.01630	0.00781	0.00222	0.00332	0.01378	0.00631	0.00566
11	0.00800	0.00668	0.00700	0.00708	0.00917	0.00567	0.00535	0.00979	0.01514	0.01834	0.10339	0.08845	0.63199	0.01669	0.00786	0.00226	0.00345	0.04191	0.00618	0.00561
12	0.01260	0.01001	0.01092	0.01015	0.01299	0.01040	0.00787	0.02160	0.30664	0.05297	0.13973	0.04403	0.27827	0.01272	0.00734	0.00223	0.00430	0.04072	0.00660	0.00793
13	0.00957	0.00638	0.00718	0.00718	0.00718	0.00638	0.00399	0.00957	0.00957	0.01276	0.02074	0.04308	0.02393	0.76864	0.03351	0.00638	0.00638	0.00957	0.00399	0.00399
14	0.02133	0.01262	0.01464	0.01231	0.01647	0.01317	0.00986	0.08568	0.32951	0.28934	0.02699	0.02557	0.04384	0.00899	0.00666	0.00213	0.00537	0.02214	0.04308	0.01031
15	0.00977	0.00711	0.00957	0.01091	0.01229	0.00691	0.00908	0.01228	0.01464	0.01891	0.03888	0.20675	0.11974	0.01848	0.00880	0.00287	0.00531	0.47575	0.00608	0.00586
16	0.00867	0.00621	0.00810	0.00939	0.00996	0.00592	0.00635	0.03561	0.01330	0.01774	0.03551	0.73592	0.04231	0.02014	0.00833	0.00265	0.00395	0.01823	0.00613	0.00557
17	0.01508	0.01316	0.01361	0.01235	0.01563	0.03978	0.00954	0.02970	0.54157	0.02648	0.14413	0.03007	0.06042	0.00998	0.00690	0.00219	0.00501	0.00838	0.00665	0.00939
18	0.00806	0.00581	0.00763	0.00901	0.00953	0.00539	0.00606	0.00930	0.01294	0.01720	0.06280	0.70345	0.07813	0.02017	0.00835	0.00263	0.00377	0.01823	0.00615	0.00539
19	0.02504	0.01788	0.01934	0.01489	0.02010	0.01966	0.01228	0.64550	0.05069	0.08218	0.01674	0.01646	0.01177	0.00795	0.00659	0.00199	0.00709	0.00601	0.00668	0.01117
20	0.01365	0.01170	0.01365	0.00975	0.01560	0.00878	0.00780	0.01658	0.01365	0.02145	0.01170	0.01365	0.00975	0.00488	0.00488	0.00098	0.00488	0.00390	0.00390	0.80888
21	0.00902	0.00668	0.00840	0.00804	0.00967	0.00607	0.00601	0.01181	0.01782	0.02462	0.59021	0.07678	0.17198	0.01425	0.00779	0.00212	0.00317	0.01248	0.00702	0.00607
22	0.00801	0.00577	0.00759	0.00905	0.00952	0.00536	0.00606	0.00918	0.01272	0.01685	0.03774	0.73078	0.07616	0.02044	0.00837	0.00265	0.00380	0.01848	0.00611	0.00536
23	0.01602	0.01536	0.02623	0.09086	0.67926	0.01557	0.02007	0.01996	0.01486	0.02118	0.01233	0.01638	0.01031	0.00592	0.00652	0.00197	0.00789	0.00586	0.00324	0.01021
24	0.02390	0.01788	0.01912	0.01492	0.01999	0.01989	0.01224	0.61856	0.11984	0.03968	0.01723	0.01694	0.01235	0.00804	0.00660	0.00201	0.00698	0.00612	0.00660	0.01109
25	0.00802	0.00573	0.00764	0.00917	0.00955	0.00535	0.00611	0.00917	0.01260	0.01681	0.03628	0.76434	0.04354	0.02062	0.00840	0.00267	0.00382	0.01872	0.00611	0.00535
26	0.02503	0.01844	0.01976	0.01515	0.02042	0.02042	0.01251	0.70562	0.03095	0.04149	0.01581	0.01581	0.01120	0.00790	0.00659	0.00198	0.00724	0.00593	0.00659	0.01120
27	0.01483	0.01412	0.02427	0.22758	0.46415	0.01485	0.04973	0.01888	0.01454	0.02011	0.01383	0.02080	0.01191	0.00691	0.00677	0.00211	0.00810	0.05392	0.00337	0.00922
28	0.01707	0.01448	0.01527	0.01354	0.01738	0.01670	0.01059	0.08854	0.66099	0.02865	0.02592	0.02386	0.01939	0.00885	0.00669	0.00221	0.00537	0.00732	0.00669	0.01048
29	0.01684	0.01426	0.01512	0.01349	0.01726	0.01640	0.01058	0.08471	0.64196	0.02834	0.02622	0.02548	0.01999	0.00915	0.00677	0.00224	0.00539	0.02879	0.00667	0.01034
30	0.02711	0.01437	0.01715	0.01323	0.01834	0.01447	0.01090	0.31610	0.05196	0.41270	0.02172	0.01971	0.01430	0.00808	0.00661	0.00202	0.00628	0.00636	0.00743	0.01117
31	0.02503	0.01844	0.01976	0.01515	0.02042	0.02042	0.01251	0.70562	0.03095	0.04149	0.01581	0.01581	0.01120	0.00790	0.00659	0.00198	0.00724	0.00593	0.00659	0.01120
32	0.01806	0.72429	0.03346	0.01164	0.01712	0.07272	0.01136	0.02014	0.01372	0.01553	0.00922	0.01065	0.00845	0.00571	0.00434	0.00143	0.00736	0.00357	0.00285	0.00840
33	0.02503	0.01844	0.01976	0.01515	0.02042	0.02042	0.01251	0.70562	0.03095	0.04149	0.01581	0.01581	0.01120	0.00790	0.00659	0.00198	0.00724	0.00593	0.00659	0.01120
34	0.00783	0.00667	0.00673	0.00672	0.00892	0.00558	0.00504	0.00953	0.01511	0.01803	0.08570	0.06295	0.70573	0.01658	0.00778	0.00222	0.00333	0.01384	0.00615	0.00558
35	0.01144	0.00572	0.00858	0.00858	0.00858	0.00572	0.00572	0.00858	0.00858	0.01144	0.01144	0.02001	0.01144	0.02287	0.02573	0.80846	0.00572	0.00572	0.00286	0.00286
36	0.01673	0.01545	0.01481	0.01339	0.01699	0.08817	0.01035	0.03272	0.60798	0.02587	0.02731	0.02541	0.05735	0.00914	0.00668	0.00218	0.00577	0.00748	0.00634	0.00988
37	0.00811	0.00599	0.00754	0.00860	0.00938	0.00548	0.00586	0.00946	0.01337	0.01754	0.08997	0.56822	0.16570	0.04075	0.00896	0.00266	0.00376	0.01711	0.00613	0.00541
38	0.02569	0.01737	0.01909	0.01464	0.01988	0.01882	0.01209	0.60581	0.02916	0.14384	0.01731	0.01678	0.01195	0.00794	0.00659	0.00198	0.00700	0.00603	0.00682	0.01120
39	0.05399	0.00753	0.00826	0.00773	0.00887	0.00760	0.00508	0.04104	0.01212	0.07504	0.02051	0.03491	0.02052	0.48403	0.02291	0.00465	0.00562	0.00819	0.16596	0.00545
40	0.01147	0.00574	0.00847	0.00847	0.00854	0.00574	0.00567	0.00886	0.00879	0.01198	0.01185	0.02020	0.01166	0.02224	0.02485	0.77476	0.00561	0.00574	0.03637	0.00300
41	0.00823	0.00592	0.00765	0.00894	0.00947	0.00553	0.00603	0.00939	0.01263	0.01666	0.03713	0.63047	0.09000	0.08044	0.01040	0.00295	0.00408	0.04287	0.00594	0.00528
42	0.01833	0.01659	0.01589	0.01401	0.01787	0.09857	0.01093	0.11367	0.55587	0.02791	0.02362	0.02209	0.01773	0.00857	0.00660	0.00214	0.00620	0.00690	0.00631	0.01020
43	0.01144	0.00728	0.00881	0.00872	0.01073	0.00654	0.00651	0.01379	0.03501	0.11864	0.13101	0.25968	0.29676	0.01608	0.00782	0.00234	0.00393	0.04181	0.00655	0.00652
44	0.01399	0.00806	0.00987	0.00917	0.01095	0.00784	0.00662	0.04805	0.04031	0.14255	0.02864	0.11192	0.11603	0.22424	0.05320	0.09574	0.00594	0.02978	0.03081	0.00629
45	0.00940	0.00705	0.01058	0.01058	0.01176	0.00823	0.00823	0.01176	0.01058	0.01528	0.01763	0.02586	0.01646	0.04937	0.74255	0.01058	0.01763	0.00705	0.00353	0.00588
46	0.00969	0.00700	0.00833	0.00820	0.01002	0.00634	0.00607	0.01247	0.04158	0.05332	0.30613	0.18141	0.29408	0.01551	0.00780	0.00224	0.00351	0.01345	0.00665	0.00620
47	0.12915	0.00908	0.00957	0.00933	0.01103	0.02977	0.00673	0.05402	0.04978	0.02044	0.08525	0.19867	0.08304	0.16313	0.07872	0.03442	0.00622	0.01047	0.00512	0.00606
48	0.02121	0.01464	0.01624	0.01306	0.01734	0.01580	0.01057	0.38912	0.13558	0.11304	0.12878	0.02346	0.02130	0.00895	0.00671	0.00202	0.00593	0.00718	0.03899	0.01010
49	0.00975	0.00793	0.00851	0.00881	0.01046	0.04155	0.00661	0.01221	0.03410	0.01933	0.12823	0.21090	0.28015	0.01792	0.05143	0.00280	0.00496	0.07585	0.06257	0.00593
50	0.02371	0.01588	0.01753	0.01365	0.01823	0.01711	0.01103	0.52163	0.02652	0.13624	0.01788	0.02020	0.01353	0.10416	0.01000	0.00254	0.00690	0.00649	0.00648	0.01029
51	0.01730	0.01324	0.01484	0.01347	0.05100	0.03509	0.00993	0.21888	0.16345	0.04730	0.05634	0.10377	0.01941	0.01072	0.00831	0.07425	0.00580	0.00773	0.03787	0.09130
52	0.01951	0.01672	0.04220	0.05247	0.01956	0.08340	0.01204	0.26955	0.16825	0.06695	0.01968	0.10621	0.01651	0.00969	0.00791	0.00217	0.06439	0.00759	0.00574	0.00945
53	0.01654	0.01514	0.05692	0.05742	0.15746	0.01446	0.05312	0.18623	0.09257	0.02641	0.03776	0.05543	0.03596	0.00837	0.00666	0.00198	0.00679	0.04051	0.00494	0.12532

[dist]
# distance from previous block
# <min> <max>
0	28

[block]
# block no. 4 follows, 33 sequences, length 48
# corresponding to MSA columns:
# 225-272
name=unknown_E
#
# <colnr> <probs for GDERKNQSTAVLIFYWHMCP>
#	G	D	E	R	K	N	Q	S	T	A	V	L	I	F	Y	W	H	M	C	P
0	0.01734	0.01586	0.06150	0.01405	0.01968	0.01436	0.07473	0.20657	0.14079	0.02785	0.01559	0.01653	0.01188	0.00655	0.00601	0.00165	0.00644	0.00548	0.00499	0.33214
1	0.02201	0.01727	0.01911	0.04447	0.08157	0.04886	0.01279	0.50553	0.05701	0.03514	0.01727	0.07712	0.01395	0.00871	0.00671	0.00204	0.00718	0.00696	0.00599	0.01032
2	0.01909	0.02299	0.01487	0.01378	0.01670	0.48691	0.01031	0.02132	0.03922	0.01722	0.04780	0.06439	0.17883	0.01008	0.00657	0.00190	0.00899	0.00758	0.00439	0.00707
3	0.00842	0.00608	0.00796	0.00878	0.00961	0.00563	0.00610	0.01021	0.01461	0.01988	0.25475	0.50893	0.07818	0.01820	0.00817	0.00246	0.00357	0.01636	0.00647	0.00563
4	0.02313	0.01669	0.01830	0.01389	0.01926	0.01750	0.01143	0.53063	0.02686	0.08143	0.01566	0.01581	0.01124	0.00734	0.00626	0.00179	0.00669	0.00558	0.00617	0.16434
5	0.01637	0.01414	0.01489	0.01340	0.01712	0.01637	0.01042	0.03498	0.71568	0.02754	0.02679	0.02456	0.02010	0.00893	0.00670	0.00223	0.00521	0.00744	0.00670	0.01042
6	0.02459	0.03138	0.01866	0.01696	0.02035	0.74221	0.01272	0.02629	0.01866	0.01611	0.01018	0.01187	0.00848	0.00678	0.00594	0.00170	0.01187	0.00424	0.00339	0.00763
7	0.00801	0.00622	0.00729	0.00799	0.00928	0.00550	0.00562	0.00952	0.01410	0.01792	0.09867	0.40039	0.34930	0.01835	0.00808	0.00243	0.00355	0.01608	0.00619	0.00550
8	0.00802	0.00573	0.00764	0.00917	0.00955	0.00535	0.00611	0.00917	0.01260	0.01681	0.03628	0.76434	0.04354	0.02062	0.00840	0.00267	0.00382	0.01872	0.00611	0.00535
9	0.00856	0.00609	0.00794	0.00871	0.00941	0.00570	0.00594	0.01018	0.01413	0.01931	0.24173	0.48141	0.04729	0.08877	0.01057	0.00284	0.00385	0.01581	0.00625	0.00548
10	0.02696	0.01268	0.01585	0.01236	0.01721	0.01216	0.01021	0.20079	0.02155	0.50115	0.02355	0.02277	0.01584	0.00844	0.00662	0.00204	0.00593	0.03176	0.04133	0.01080
11	0.01861	0.02228	0.01455	0.01360	0.01632	0.47411	0.01012	0.02033	0.01732	0.01721	0.07320	0.10665	0.14821	0.01059	0.00667	0.00193	0.00880	0.00815	0.00446	0.00690
12	0.01103	0.00713	0.00941	0.00872	0.01056	0.00655	0.00667	0.01409	0.01851	0.08416	0.63877	0.04799	0.05737	0.01321	0.00772	0.00211	0.00343	0.03866	0.00727	0.00662
13	0.02281	0.01291	0.01518	0.01251	0.01694	0.01326	0.01005	0.09929	0.30071	0.34755	0.02711	0.02445	0.04894	0.00882	0.00670	0.00212	0.00551	0.00721	0.00732	0.01064
14	0.00992	0.00685	0.00896	0.00866	0.01025	0.00632	0.00656	0.01279	0.01780	0.04870	0.57679	0.10906	0.08130	0.01428	0.00786	0.00219	0.00344	0.05492	0.00707	0.00628
15	0.00802	0.00573	0.00764	0.00917	0.00955	0.00535	0.00611	0.00917	0.01260	0.01681	0.03628	0.76434	0.04354	0.02062	0.00840	0.00267	0.00382	0.01872	0.00611	0.00535
16	0.06923	0.01345	0.01633	0.01258	0.01767	0.01316	0.01039	0.23321	0.02207	0.48850	0.02205	0.01982	0.01429	0.00797	0.00648	0.00202	0.00607	0.00625	0.00747	0.01099
17	0.02503	0.01844	0.01976	0.01515	0.02042	0.02042	0.01251	0.70562	0.03095	0.04149	0.01581	0.01581	0.01120	0.00790	0.00659	0.00198	0.00724	0.00593	0.00659	0.01120
18	0.01243	0.01170	0.01975	0.75282	0.04534	0.01463	0.01828	0.01682	0.01316	0.01682	0.01170	0.01755	0.00878	0.00658	0.00658	0.00219	0.00878	0.00585	0.00293	0.00731
19	0.00809	0.00576	0.00762	0.00908	0.00944	0.00539	0.00602	0.00918	0.01247	0.01663	0.03559	0.73216	0.04267	0.05400	0.00952	0.00284	0.00393	0.01831	0.00602	0.00529
20	0.02044	0.11253	0.08303	0.01727	0.06842	0.17431	0.06539	0.21632	0.04100	0.05183	0.01559	0.01665	0.03884	0.00719	0.00619	0.00185	0.00838	0.00562	0.00457	0.04458
21	0.02020	0.01604	0.01704	0.01417	0.01857	0.01816	0.01134	0.33119	0.41325	0.03370	0.02194	0.02069	0.01616	0.00848	0.00665	0.00212	0.00611	0.00677	0.00665	0.01076
22	0.05029	0.01486	0.01556	0.01352	0.01754	0.01704	0.01067	0.15565	0.56330	0.03014	0.02409	0.02242	0.01796	0.00863	0.00657	0.00218	0.00557	0.00701	0.00657	0.01043
23	0.01563	0.01289	0.01409	0.04223	0.01722	0.01418	0.00989	0.02977	0.52053	0.05697	0.02927	0.02753	0.09605	0.00931	0.00666	0.00212	0.00514	0.00775	0.00631	0.07646
24	0.01531	0.23758	0.21408	0.01869	0.02458	0.01966	0.19730	0.01963	0.01345	0.01842	0.01084	0.01405	0.00886	0.00690	0.00901	0.00208	0.15254	0.00542	0.00295	0.00865
25	0.00932	0.00673	0.00880	0.00828	0.00984	0.00621	0.00621	0.01242	0.01863	0.02640	0.72410	0.04918	0.06212	0.01346	0.00776	0.00207	0.00311	0.01191	0.00725	0.00621
26	0.00957	0.00638	0.00718	0.00718	0.00718	0.00638	0.00399	0.00957	0.00957	0.01276	0.02074	0.04308	0.02393	0.76864	0.03351	0.00638	0.00638	0.00957	0.00399	0.00399
27	0.01227	0.00614	0.00614	0.00614	0.00767	0.00614	0.00460	0.01534	0.01381	0.02454	0.02148	0.02454	0.01687	0.00767	0.00460	0.00153	0.00307	0.00614	0.80518	0.00614
28	0.00957	0.00638	0.00718	0.00718	0.00718	0.00638	0.00399	0.00957	0.00957	0.01276	0.02074	0.04308	0.02393	0.76864	0.03351	0.00638	0.00638	0.00957	0.00399	0.00399
29	0.00813	0.00581	0.00777	0.00930	0.00973	0.00545	0.00631	0.00936	0.01272	0.01693	0.03622	0.73399	0.04329	0.02052	0.00843	0.00269	0.00392	0.04795	0.00611	0.00538
30	0.00904	0.00651	0.00832	0.00936	0.00999	0.00638	0.00633	0.03341	0.03406	0.01752	0.03322	0.62405	0.03899	0.09132	0.03544	0.00325	0.00468	0.01669	0.00586	0.00559
31	0.03449	0.00756	0.00784	0.00775	0.00996	0.00692	0.00579	0.04529	0.03903	0.01952	0.05650	0.16138	0.54230	0.01622	0.00766	0.00227	0.00372	0.01366	0.00609	0.00602
32	0.01507	0.00810	0.00853	0.00769	0.00995	0.00826	0.00598	0.10835	0.01641	0.07166	0.02101	0.02324	0.01608	0.00773	0.00499	0.00162	0.00378	0.00614	0.64827	0.00713
33	0.00807	0.00670	0.00706	0.00704	0.00916	0.00570	0.00533	0.00996	0.01548	0.01895	0.15026	0.06187	0.61849	0.01631	0.00782	0.00223	0.00339	0.03426	0.00626	0.00566
34	0.01463	0.02413	0.31072	0.02424	0.03210	0.01612	0.43818	0.02099	0.01490	0.02099	0.01273	0.01625	0.00934	0.00582	0.00718	0.00217	0.01056	0.00663	0.00311	0.00921
35	0.00826	0.00620	0.00767	0.00845	0.00955	0.00562	0.00598	0.00993	0.01434	0.01877	0.16008	0.43647	0.22695	0.01829	0.00815	0.00246	0.00364	0.03730	0.00630	0.00557
36	0.02459	0.03138	0.01866	0.01696	0.02035	0.74221	0.01272	0.02629	0.01866	0.01611	0.01018	0.01187	0.00848	0.00678	0.00594	0.00170	0.01187	0.00424	0.00339	0.00763
37	0.00824	0.00663	0.00735	0.00729	0.00921	0.00574	0.00542	0.01030	0.01592	0.02024	0.25664	0.10012	0.49185	0.01597	0.00781	0.00220	0.00330	0.01360	0.00644	0.00574
38	0.00804	0.00634	0.00719	0.00769	0.00914	0.00556	0.00545	0.00959	0.01428	0.01797	0.10714	0.30629	0.41188	0.04162	0.00881	0.00250	0.00358	0.01528	0.00614	0.00549
39	0.00801	0.00577	0.00760	0.00907	0.00952	0.00536	0.00607	0.00918	0.01270	0.01684	0.03750	0.73630	0.07080	0.02047	0.00838	0.00266	0.00380	0.01852	0.00611	0.00536
40	0.01365	0.01170	0.01365	0.00975	0.01560	0.00878	0.00780	0.01658	0.01365	0.02145	0.01170	0.01365	0.00975	0.00488	0.00488	0.00098	0.00488	0.00390	0.00390	0.80888
41	0.01869	0.01864	0.01926	0.12292	0.11779	0.20300	0.03422	0.13188	0.15520	0.02327	0.01555	0.01771	0.01220	0.01073	0.06759	0.00270	0.00931	0.00592	0.00447	0.00896
42	0.00860	0.00634	0.00817	0.00893	0.00982	0.00618	0.00633	0.01009	0.01260	0.01667	0.05612	0.37011	0.14814	0.11134	0.14598	0.00448	0.00668	0.05262	0.00542	0.00539
43	0.00993	0.01598	0.25977	0.01163	0.01597	0.00898	0.01212	0.01377	0.01462	0.01986	0.13432	0.19554	0.23510	0.01345	0.00738	0.00225	0.00563	0.01152	0.00512	0.00705
44	0.03893	0.01731	0.04259	0.16846	0.16327	0.14940	0.01433	0.14629	0.01846	0.02363	0.08207	0.02203	0.06906	0.00810	0.00657	0.00200	0.00787	0.00665	0.00442	0.00855
45	0.01336	0.01069	0.01242	0.03681	0.05203	0.04756	0.00874	0.11653	0.01624	0.03782	0.08663	0.17217	0.09736	0.09186	0.10448	0.00360	0.00717	0.01001	0.00521	0.06931
46	0.04098	0.01352	0.01413	0.01243	0.01521	0.05618	0.00950	0.27141	0.09652	0.02698	0.02241	0.22788	0.02218	0.09442	0.01058	0.00270	0.03914	0.00988	0.00576	0.00819
47	0.01725	0.05459	0.01649	0.11399	0.02002	0.21507	0.01134	0.09137	0.06164	0.04059	0.01919	0.10435	0.05450	0.04350	0.03408	0.02685	0.05571	0.00751	0.00443	0.00753

[dist]
# distance from previous block
# <min> <max>
2	11

[block]
# block no. 5 follows, 33 sequences, length 50
# corresponding to MSA columns:
# 284-333
name=unknown_F
#
# <colnr> <probs for GDERKNQSTAVLIFYWHMCP>
#	G	D	E	R	K	N	Q	S	T	A	V	L	I	F	Y	W	H	M	C	P
0	0.01673	0.01056	0.01235	0.01028	0.01324	0.01038	0.00777	0.18013	0.01843	0.14106	0.14776	0.05293	0.04896	0.21545	0.01404	0.00314	0.00557	0.00855	0.00600	0.07667
1	0.01139	0.00811	0.00974	0.00972	0.01163	0.00796	0.00738	0.03948	0.09984	0.06114	0.15242	0.23939	0.17356	0.03866	0.00866	0.00253	0.00437	0.10084	0.00643	0.00673
2	0.07736	0.00847	0.00963	0.00913	0.01144	0.00830	0.00682	0.01708	0.10025	0.12015	0.13327	0.19657	0.17518	0.05659	0.00867	0.00247	0.00426	0.01150	0.03581	0.00704
3	0.01924	0.04852	0.01677	0.01355	0.01743	0.09172	0.01072	0.27586	0.25687	0.02927	0.02219	0.08802	0.03891	0.03149	0.00744	0.00221	0.00657	0.00767	0.00600	0.00954
4	0.02095	0.02285	0.01940	0.01675	0.01924	0.34860	0.01330	0.14502	0.01775	0.02059	0.01063	0.01350	0.00903	0.00871	0.01177	0.00218	0.28271	0.00510	0.00378	0.00812
5	0.09128	0.00862	0.00996	0.00940	0.01187	0.00838	0.00736	0.04509	0.03916	0.11522	0.17515	0.12054	0.19574	0.03720	0.00821	0.00242	0.00448	0.09657	0.00637	0.00697
6	0.01025	0.00800	0.00864	0.00818	0.01040	0.00771	0.00616	0.03534	0.11106	0.02208	0.20204	0.04954	0.37299	0.04610	0.00845	0.00231	0.00377	0.01154	0.06894	0.00652
7	0.01004	0.00687	0.00891	0.00837	0.01007	0.00629	0.00629	0.01295	0.01818	0.05569	0.62718	0.07924	0.09750	0.01372	0.00774	0.00210	0.00326	0.01208	0.00717	0.00635
8	0.00942	0.00697	0.01017	0.01017	0.01121	0.00801	0.00772	0.01150	0.01046	0.01498	0.01800	0.02792	0.01735	0.13522	0.65792	0.01008	0.01629	0.00735	0.00358	0.00565
9	0.06360	0.01166	0.01330	0.01191	0.01481	0.01294	0.00938	0.17089	0.18456	0.04858	0.04152	0.05434	0.02012	0.08050	0.17560	0.00446	0.00853	0.05952	0.00557	0.00823
10	0.01025	0.00699	0.00807	0.00784	0.00823	0.00716	0.00478	0.04131	0.01091	0.01470	0.04308	0.04069	0.02401	0.65299	0.08742	0.00637	0.00720	0.00929	0.00418	0.00454
11	0.00896	0.00696	0.00821	0.00817	0.00988	0.00642	0.00602	0.01212	0.05642	0.02180	0.33566	0.17863	0.28545	0.01557	0.00782	0.00224	0.00343	0.01354	0.00662	0.00608
12	0.07408	0.01632	0.01509	0.01380	0.03475	0.14136	0.01047	0.07557	0.34986	0.07170	0.02343	0.02290	0.05941	0.01097	0.04877	0.00257	0.00719	0.00679	0.00572	0.00925
13	0.01180	0.00968	0.01316	0.03225	0.08358	0.01009	0.03202	0.03429	0.11656	0.02150	0.12238	0.18491	0.09989	0.03114	0.00884	0.00248	0.03729	0.11077	0.03015	0.00721
14	0.01670	0.01118	0.01336	0.04560	0.03668	0.01189	0.00940	0.07269	0.26263	0.13957	0.06579	0.09829	0.04505	0.03250	0.00847	0.04164	0.00524	0.00853	0.06609	0.00869
15	0.00840	0.00611	0.00803	0.02837	0.01049	0.00582	0.00645	0.00969	0.01270	0.01673	0.03644	0.59641	0.08827	0.07958	0.01036	0.00295	0.00426	0.05774	0.00586	0.00535
16	0.75520	0.03598	0.01082	0.00912	0.01321	0.04862	0.00751	0.01968	0.01161	0.02850	0.00921	0.01074	0.00723	0.00613	0.00416	0.00200	0.00546	0.00359	0.00401	0.00719
17	0.01028	0.00615	0.00865	0.00884	0.00933	0.00614	0.00618	0.00974	0.01093	0.01476	0.09247	0.11501	0.05013	0.07624	0.10340	0.41711	0.00657	0.03981	0.00411	0.00417
18	0.06395	0.01228	0.01520	0.06632	0.09035	0.01310	0.01115	0.12455	0.11250	0.05044	0.02541	0.04843	0.11510	0.01142	0.03045	0.00242	0.04912	0.07327	0.00524	0.07932
19	0.01152	0.00809	0.01158	0.01195	0.05309	0.00871	0.00870	0.01384	0.01231	0.08153	0.02603	0.03092	0.13451	0.03645	0.48757	0.00767	0.03651	0.00805	0.00435	0.00661
20	0.01683	0.01223	0.01385	0.01265	0.01610	0.01336	0.01016	0.05126	0.42864	0.11880	0.02986	0.03570	0.05723	0.01100	0.00721	0.00236	0.00541	0.14115	0.00673	0.00945
21	0.01005	0.00711	0.00845	0.00877	0.01021	0.00673	0.00624	0.01280	0.06808	0.05432	0.08429	0.33043	0.21891	0.10621	0.01098	0.00290	0.00423	0.03721	0.00608	0.00601
22	0.01098	0.00838	0.00989	0.00911	0.01161	0.00754	0.00682	0.06774	0.01592	0.02208	0.16150	0.25382	0.15175	0.01376	0.00716	0.00204	0.00411	0.02413	0.04009	0.17161
23	0.01079	0.00705	0.00837	0.00847	0.00985	0.00659	0.00590	0.01265	0.03989	0.08275	0.05148	0.25875	0.21026	0.21747	0.01473	0.00347	0.00466	0.03528	0.00578	0.00581
24	0.15404	0.04610	0.01140	0.00964	0.01211	0.00962	0.00727	0.01790	0.04349	0.18214	0.04684	0.24193	0.02463	0.10155	0.01096	0.05256	0.00506	0.01001	0.00568	0.00708
25	0.01474	0.00905	0.01057	0.00953	0.01183	0.00891	0.00707	0.11537	0.03985	0.12984	0.09797	0.16510	0.12079	0.15029	0.01193	0.00292	0.00490	0.01067	0.07149	0.00718
26	0.01361	0.00981	0.01140	0.01053	0.01265	0.01017	0.00786	0.17705	0.07063	0.03710	0.14215	0.24208	0.06409	0.10268	0.01115	0.02654	0.00505	0.03216	0.00614	0.00716
27	0.02435	0.01566	0.01743	0.01359	0.01837	0.01675	0.01111	0.47543	0.05606	0.18174	0.01886	0.01893	0.01337	0.03265	0.00736	0.00212	0.00655	0.00627	0.05278	0.01064
28	0.01038	0.00691	0.00866	0.00900	0.01034	0.00648	0.00650	0.03444	0.01499	0.06082	0.16360	0.37916	0.12785	0.05734	0.00932	0.00263	0.00408	0.05194	0.02949	0.00605
29	0.01473	0.00884	0.01057	0.00976	0.01172	0.00882	0.00708	0.08252	0.06913	0.13938	0.07713	0.19372	0.02819	0.22844	0.01471	0.00342	0.00524	0.02758	0.05199	0.00701
30	0.01000	0.00715	0.00937	0.00936	0.01019	0.00774	0.00660	0.04200	0.01139	0.01574	0.02105	0.12501	0.02239	0.30801	0.35615	0.00765	0.01129	0.00940	0.00416	0.00536
31	0.00855	0.00708	0.00861	0.00854	0.01040	0.00634	0.03213	0.01091	0.03861	0.01861	0.10374	0.26098	0.42792	0.01688	0.00792	0.00234	0.00382	0.01468	0.00611	0.00584
32	0.04718	0.00767	0.00833	0.00813	0.00935	0.00777	0.00544	0.01330	0.09970	0.01737	0.07468	0.07022	0.16917	0.37648	0.02062	0.03871	0.00522	0.01025	0.00500	0.00540
33	0.14127	0.00755	0.00839	0.00818	0.01003	0.00740	0.00608	0.01253	0.01566	0.02372	0.38137	0.14815	0.15080	0.04061	0.00817	0.00233	0.00369	0.01174	0.00627	0.00606
34	0.00930	0.00629	0.00804	0.00891	0.00989	0.00577	0.00621	0.01073	0.01360	0.05367	0.08014	0.52999	0.14216	0.04732	0.00916	0.00269	0.00397	0.04025	0.00620	0.00570
35	0.01365	0.01170	0.01365	0.00975	0.01560	0.00878	0.00780	0.01658	0.01365	0.02145	0.01170	0.01365	0.00975	0.00488	0.00488	0.00098	0.00488	0.00390	0.00390	0.80888
36	0.05447	0.01470	0.06430	0.30679	0.16140	0.01521	0.13432	0.01796	0.01330	0.01888	0.01168	0.01665	0.00932	0.00763	0.00913	0.04873	0.07842	0.00599	0.00310	0.00801
37	0.01006	0.00619	0.00910	0.00939	0.00988	0.00653	0.00668	0.00981	0.01006	0.01382	0.01839	0.16507	0.01937	0.03177	0.27468	0.37284	0.00955	0.00868	0.00372	0.00440
38	0.00956	0.00645	0.00751	0.00751	0.00763	0.00656	0.00440	0.00979	0.00967	0.01301	0.02044	0.04140	0.02320	0.69836	0.10279	0.00679	0.00748	0.00933	0.00394	0.00417
39	0.00908	0.00713	0.00859	0.00847	0.00989	0.00697	0.00632	0.01071	0.01422	0.01850	0.17889	0.11047	0.33400	0.08249	0.04511	0.04020	0.05702	0.04073	0.00566	0.00556
40	0.01056	0.00884	0.01217	0.04299	0.01402	0.03669	0.00940	0.01289	0.01094	0.01543	0.01626	0.02392	0.01510	0.04243	0.61647	0.00917	0.08637	0.00678	0.00344	0.00613
41	0.01144	0.00572	0.00858	0.00858	0.00858	0.00572	0.00572	0.00858	0.00858	0.01144	0.01144	0.02001	0.01144	0.02287	0.02573	0.80846	0.00572	0.00572	0.00286	0.00286
42	0.01505	0.01988	0.15343	0.07093	0.12006	0.01617	0.46362	0.02068	0.01505	0.02085	0.01285	0.01691	0.00969	0.00577	0.00729	0.00216	0.01032	0.00693	0.00320	0.00912
43	0.01252	0.04797	0.01614	0.15277	0.08218	0.01212	0.04866	0.03925	0.13324	0.02164	0.13636	0.06206	0.18696	0.01078	0.00707	0.00214	0.00577	0.00939	0.00524	0.00772
44	0.01574	0.01700	0.01640	0.01490	0.01627	0.23296	0.01175	0.01751	0.01291	0.01580	0.01289	0.04884	0.01235	0.02148	0.22566	0.00475	0.28635	0.00623	0.00336	0.00687
45	0.00967	0.00721	0.01064	0.01056	0.01172	0.00846	0.00823	0.01203	0.01071	0.01572	0.01756	0.02549	0.01626	0.04645	0.68937	0.00996	0.03728	0.00698	0.03976	0.00593
46	0.01325	0.01162	0.01859	0.25100	0.13069	0.01379	0.03983	0.01646	0.01254	0.03797	0.01360	0.01925	0.01148	0.01761	0.18419	0.00424	0.14772	0.00623	0.04242	0.00753
47	0.15088	0.01310	0.02040	0.23562	0.27916	0.01422	0.05847	0.01842	0.01381	0.02151	0.01380	0.02053	0.01172	0.00710	0.00630	0.00212	0.00748	0.05654	0.04047	0.00835
48	0.23362	0.03329	0.01383	0.11390	0.06312	0.04779	0.01012	0.03639	0.01294	0.04311	0.01507	0.07439	0.01384	0.06023	0.16098	0.00405	0.00882	0.00645	0.00402	0.04404
49	0.07051	0.29702	0.18593	0.01420	0.01935	0.04067	0.01439	0.01986	0.04520	0.01866	0.01064	0.01298	0.00899	0.00716	0.00846	0.00193	0.16187	0.00451	0.00317	0.05451

[dist]
