[name]
unknown

[dist]
# distance from previous block
# <min> <max>
0	16

[block]
# block no. 0 follows, 33 sequences, length 80
# corresponding to MSA columns:
# 16-95
name=unknown_A
#
# <colnr> <probs for GDERKNQSTAVLIFYWHMCP>
#	G	D	E	R	K	N	Q	S	T	A	V	L	I	F	Y	W	H	M	C	P
0	0.02111	0.01300	0.01512	0.01275	0.01687	0.01369	0.01027	0.13209	0.30522	0.25454	0.06563	0.02713	0.02110	0.00937	0.00687	0.00217	0.00557	0.05009	0.00714	0.01027
1	0.02232	0.01461	0.01623	0.01301	0.03657	0.06788	0.01019	0.16652	0.03917	0.26317	0.01766	0.01727	0.01245	0.00689	0.00599	0.00166	0.00623	0.00541	0.00590	0.27087
2	0.01852	0.00897	0.01168	0.00989	0.01319	0.00800	0.00788	0.02157	0.03545	0.34568	0.28047	0.03911	0.12567	0.01151	0.00727	0.00211	0.00442	0.03266	0.00745	0.00849
3	0.02283	0.01188	0.01442	0.03756	0.03709	0.06528	0.00968	0.02604	0.03975	0.43785	0.19492	0.02788	0.02661	0.00925	0.00685	0.00203	0.00563	0.00771	0.00720	0.00953
4	0.01242	0.01253	0.04117	0.01477	0.01565	0.01520	0.03210	0.01429	0.01183	0.01729	0.07306	0.14754	0.07335	0.01325	0.01632	0.00269	0.46663	0.00907	0.00402	0.00682
5	0.01811	0.64035	0.07954	0.01226	0.01806	0.04945	0.01228	0.07236	0.01493	0.01785	0.00987	0.01123	0.00865	0.00589	0.00460	0.00151	0.00740	0.00382	0.00312	0.00872
6	0.02741	0.01097	0.01464	0.01144	0.01609	0.00973	0.00928	0.03050	0.04981	0.64520	0.02561	0.02408	0.01705	0.06623	0.00868	0.00238	0.00564	0.00688	0.00776	0.01062
7	0.02695	0.01209	0.01551	0.01199	0.01705	0.01103	0.00983	0.08923	0.07150	0.56571	0.02407	0.02133	0.01564	0.00794	0.00649	0.00197	0.00566	0.00641	0.00758	0.07203
8	0.01258	0.00675	0.00680	0.00669	0.00839	0.00692	0.00505	0.01684	0.06737	0.02477	0.02188	0.02455	0.01712	0.00777	0.00476	0.00159	0.00323	0.00624	0.74424	0.00646
9	0.00828	0.00705	0.00727	0.00695	0.00943	0.00582	0.00525	0.01008	0.01501	0.01832	0.08236	0.05913	0.65029	0.01568	0.00756	0.00212	0.00345	0.01307	0.00598	0.06689
10	0.00957	0.00638	0.00718	0.00718	0.00718	0.00638	0.00399	0.00957	0.00957	0.01276	0.02074	0.04308	0.02393	0.76864	0.03351	0.00638	0.00638	0.00957	0.00399	0.00399
11	0.01193	0.00618	0.00618	0.00618	0.00776	0.00609	0.00463	0.01489	0.01390	0.02403	0.02493	0.02751	0.07091	0.00836	0.00484	0.00159	0.00309	0.00673	0.74420	0.00609
12	0.01564	0.01496	0.02519	0.03783	0.67272	0.01487	0.01904	0.01938	0.01499	0.02122	0.01653	0.01989	0.06496	0.00669	0.00661	0.00198	0.00748	0.00648	0.00348	0.01006
13	0.00792	0.00665	0.00671	0.00671	0.00876	0.00562	0.00492	0.00946	0.01459	0.01740	0.06318	0.06181	0.67140	0.07407	0.00974	0.00254	0.00357	0.01356	0.00595	0.00544
14	0.00778	0.00667	0.00667	0.00667	0.00889	0.00556	0.00500	0.00945	0.01501	0.01778	0.06669	0.06336	0.72490	0.01667	0.00778	0.00222	0.00333	0.01389	0.00611	0.00556
15	0.01657	0.01605	0.02555	0.03757	0.64989	0.03980	0.01921	0.02153	0.06859	0.02179	0.01341	0.01678	0.01110	0.00613	0.00651	0.00197	0.00776	0.00593	0.00353	0.01033
16	0.79101	0.01291	0.00998	0.00886	0.01297	0.01494	0.00729	0.04031	0.01181	0.02990	0.00937	0.01085	0.00725	0.00617	0.00415	0.00204	0.00516	0.00364	0.00415	0.00725
17	0.01349	0.08178	0.68929	0.01828	0.02774	0.01598	0.02348	0.02078	0.01387	0.02050	0.01164	0.01368	0.00835	0.00621	0.00612	0.00204	0.00956	0.00478	0.00278	0.00965
18	0.00778	0.00667	0.00667	0.00667	0.00889	0.00556	0.00500	0.00945	0.01501	0.01778	0.06669	0.06336	0.72490	0.01667	0.00778	0.00222	0.00333	0.01389	0.00611	0.00556
19	0.01365	0.01170	0.01365	0.00975	0.01560	0.00878	0.00780	0.01658	0.01365	0.02145	0.01170	0.01365	0.00975	0.00488	0.00488	0.00098	0.00488	0.00390	0.00390	0.80888
20	0.02503	0.01844	0.01976	0.01515	0.02042	0.02042	0.01251	0.70562	0.03095	0.04149	0.01581	0.01581	0.01120	0.00790	0.00659	0.00198	0.00724	0.00593	0.00659	0.01120
21	0.00985	0.00675	0.00799	0.00853	0.03258	0.00675	0.00481	0.01010	0.00997	0.01333	0.02098	0.04333	0.02399	0.71360	0.03164	0.00610	0.00642	0.03494	0.00404	0.00429
22	0.01629	0.01564	0.02672	0.04041	0.72757	0.01564	0.02020	0.02020	0.01499	0.02151	0.01238	0.01629	0.01043	0.00587	0.00652	0.00196	0.00782	0.00587	0.00326	0.01043
23	0.00801	0.00576	0.00760	0.00907	0.00952	0.00536	0.00607	0.00918	0.01269	0.01684	0.03744	0.73781	0.06933	0.02048	0.00838	0.00266	0.00380	0.01853	0.00611	0.00536
24	0.00803	0.00664	0.00712	0.00725	0.00924	0.00573	0.00544	0.00981	0.01489	0.01818	0.10008	0.11389	0.59021	0.01795	0.03322	0.00256	0.00393	0.03413	0.00609	0.00561
25	0.01320	0.03405	0.73453	0.01876	0.02849	0.01529	0.02432	0.02085	0.01390	0.02085	0.01181	0.01390	0.00834	0.00625	0.00625	0.00208	0.00973	0.00486	0.00278	0.00973
26	0.01637	0.01414	0.01489	0.01340	0.01712	0.01637	0.01042	0.03498	0.71568	0.02754	0.02679	0.02456	0.02010	0.00893	0.00670	0.00223	0.00521	0.00744	0.00670	0.01042
27	0.01758	0.01764	0.11810	0.03041	0.42519	0.01500	0.07278	0.04617	0.04518	0.10364	0.01464	0.01705	0.01120	0.00632	0.00656	0.00199	0.00787	0.00599	0.00404	0.03265
28	0.01276	0.01165	0.01600	0.01437	0.01518	0.01530	0.01165	0.01639	0.08836	0.01697	0.01446	0.04036	0.01352	0.02426	0.26280	0.00540	0.40316	0.00675	0.00361	0.00706
29	0.02177	0.01472	0.01650	0.01324	0.01759	0.01578	0.01071	0.39344	0.12063	0.14019	0.12041	0.04487	0.02139	0.00925	0.00683	0.00205	0.00603	0.00747	0.00692	0.01021
30	0.00946	0.00681	0.00937	0.00937	0.01012	0.00757	0.00672	0.01098	0.01022	0.01438	0.01874	0.03201	0.01913	0.30614	0.48944	0.00908	0.01362	0.00795	0.00369	0.00520
31	0.02570	0.01673	0.01862	0.01435	0.01952	0.01796	0.01183	0.53711	0.05197	0.19007	0.01838	0.01753	0.01260	0.00799	0.00660	0.00200	0.00682	0.00613	0.00693	0.01117
32	0.00957	0.00638	0.00718	0.00718	0.00718	0.00638	0.00399	0.00957	0.00957	0.01276	0.02074	0.04308	0.02393	0.76864	0.03351	0.00638	0.00638	0.00957	0.00399	0.00399
33	0.00802	0.00573	0.00764	0.00917	0.00955	0.00535	0.00611	0.00917	0.01260	0.01681	0.03628	0.76434	0.04354	0.02062	0.00840	0.00267	0.00382	0.01872	0.00611	0.00535
34	0.01760	0.77260	0.03450	0.01126	0.01690	0.02605	0.01126	0.01971	0.01338	0.01549	0.00915	0.01056	0.00845	0.00563	0.00422	0.00141	0.00704	0.00352	0.00282	0.00845
35	0.00778	0.00667	0.00667	0.00667	0.00889	0.00556	0.00500	0.00945	0.01501	0.01778	0.06669	0.06336	0.72490	0.01667	0.00778	0.00222	0.00333	0.01389	0.00611	0.00556
36	0.01554	0.01776	0.03885	0.02775	0.03441	0.01665	0.70366	0.02109	0.01554	0.02109	0.01332	0.01776	0.00999	0.00555	0.00777	0.00222	0.01110	0.00777	0.00333	0.00888
37	0.01365	0.01170	0.01365	0.00975	0.01560	0.00878	0.00780	0.01658	0.01365	0.02145	0.01170	0.01365	0.00975	0.00488	0.00488	0.00098	0.00488	0.00390	0.00390	0.80888
38	0.01521	0.01300	0.01384	0.01259	0.01598	0.01480	0.00973	0.03137	0.61188	0.02661	0.07361	0.05389	0.05856	0.01001	0.00688	0.00224	0.00493	0.00844	0.00668	0.00973
39	0.02636	0.01367	0.03787	0.01281	0.01788	0.01280	0.01076	0.15909	0.11817	0.48213	0.02374	0.02121	0.01562	0.00815	0.00661	0.00205	0.00598	0.00655	0.00749	0.01105
40	0.01486	0.06283	0.53283	0.05484	0.07151	0.01545	0.06188	0.02138	0.01436	0.07118	0.01282	0.01490	0.00916	0.00631	0.00631	0.00206	0.00923	0.00521	0.00323	0.00965
41	0.58181	0.01388	0.01161	0.00998	0.01422	0.07142	0.00813	0.02267	0.01345	0.18102	0.01290	0.01333	0.00923	0.00661	0.00477	0.00201	0.00574	0.00428	0.00490	0.00805
42	0.01440	0.01440	0.02016	0.01728	0.01728	0.02016	0.01440	0.01584	0.01008	0.01584	0.00864	0.01440	0.00864	0.01152	0.02160	0.00288	0.75659	0.00576	0.00288	0.00720
43	0.02059	0.01095	0.01335	0.01119	0.01509	0.01070	0.00892	0.02779	0.22088	0.35309	0.13019	0.03107	0.09680	0.01001	0.00693	0.00212	0.00490	0.00836	0.00739	0.00968
44	0.00802	0.00573	0.00764	0.00917	0.00955	0.00535	0.00611	0.00917	0.01260	0.01681	0.03628	0.76434	0.04354	0.02062	0.00840	0.00267	0.00382	0.01872	0.00611	0.00535
45	0.00824	0.00669	0.00731	0.00715	0.00917	0.00575	0.00536	0.01034	0.01609	0.02036	0.26315	0.05912	0.52683	0.01571	0.00778	0.00218	0.00327	0.01330	0.00645	0.00575
46	0.00788	0.00667	0.00681	0.00677	0.00895	0.00560	0.00508	0.00964	0.01524	0.01834	0.10907	0.06244	0.68217	0.01647	0.00778	0.00221	0.00332	0.01377	0.00619	0.00560
47	0.01365	0.01170	0.01365	0.00975	0.01560	0.00878	0.00780	0.01658	0.01365	0.02145	0.01170	0.01365	0.00975	0.00488	0.00488	0.00098	0.00488	0.00390	0.00390	0.80888
48	0.01629	0.01564	0.02672	0.04041	0.72757	0.01564	0.02020	0.02020	0.01499	0.02151	0.01238	0.01629	0.01043	0.00587	0.00652	0.00196	0.00782	0.00587	0.00326	0.01043
49	0.00985	0.00757	0.01124	0.01102	0.01207	0.00905	0.00862	0.01196	0.01048	0.01520	0.01676	0.02481	0.01571	0.04567	0.66519	0.03530	0.07325	0.00691	0.00346	0.00588
50	0.01440	0.01440	0.02016	0.01728	0.01728	0.02016	0.01440	0.01584	0.01008	0.01584	0.00864	0.01440	0.00864	0.01152	0.02160	0.00288	0.75659	0.00576	0.00288	0.00720
51	0.74634	0.01293	0.01037	0.00908	0.01325	0.01481	0.00748	0.05108	0.01242	0.05949	0.01017	0.01142	0.00770	0.00628	0.00429	0.00203	0.00521	0.00380	0.00436	0.00748
52	0.18072	0.01150	0.01420	0.01112	0.01602	0.01066	0.00919	0.02963	0.01737	0.59692	0.02274	0.02015	0.01453	0.00776	0.00613	0.00204	0.00550	0.00603	0.00736	0.01042
53	0.01629	0.01564	0.02672	0.04041	0.72757	0.01564	0.02020	0.02020	0.01499	0.02151	0.01238	0.01629	0.01043	0.00587	0.00652	0.00196	0.00782	0.00587	0.00326	0.01043
54	0.00814	0.00581	0.00777	0.00930	0.00973	0.00545	0.00632	0.00937	0.01272	0.01694	0.03622	0.73297	0.04328	0.02051	0.00843	0.00269	0.00392	0.04892	0.00611	0.00538
55	0.01454	0.01438	0.01979	0.01701	0.01727	0.01989	0.01412	0.01721	0.06039	0.01668	0.00994	0.01513	0.00946	0.01134	0.02054	0.00283	0.70301	0.00588	0.00315	0.00743
56	0.02153	0.31371	0.02570	0.01517	0.01967	0.39561	0.04356	0.06075	0.01717	0.01749	0.01024	0.01185	0.00869	0.00635	0.00540	0.00162	0.00973	0.00422	0.00334	0.00820
57	0.00812	0.00655	0.00723	0.00733	0.00917	0.00566	0.00539	0.01000	0.01540	0.01937	0.19382	0.15595	0.49981	0.01657	0.00786	0.00225	0.00335	0.01415	0.00634	0.00566
58	0.01365	0.01170	0.01365	0.00975	0.01560	0.00878	0.00780	0.01658	0.01365	0.02145	0.01170	0.01365	0.00975	0.00488	0.00488	0.00098	0.00488	0.00390	0.00390	0.80888
59	0.01760	0.77260	0.03450	0.01126	0.01690	0.02605	0.01126	0.01971	0.01338	0.01549	0.00915	0.01056	0.00845	0.00563	0.00422	0.00141	0.00704	0.00352	0.00282	0.00845
60	0.01337	0.06123	0.70877	0.01849	0.02807	0.01568	0.02384	0.02081	0.01388	0.02065	0.01172	0.01378	0.00834	0.00623	0.00618	0.00206	0.00963	0.00482	0.00278	0.00968
61	0.01048	0.00844	0.01112	0.01071	0.01149	0.02819	0.00802	0.01208	0.01046	0.01472	0.01711	0.02854	0.01721	0.23170	0.44578	0.00827	0.10905	0.00748	0.00356	0.00560
62	0.00802	0.00573	0.00764	0.00917	0.00955	0.00535	0.00611	0.00917	0.01260	0.01681	0.03628	0.76434	0.04354	0.02062	0.00840	0.00267	0.00382	0.01872	0.00611	0.00535
63	0.02357	0.01291	0.01712	0.01371	0.01828	0.01295	0.05970	0.06684	0.21968	0.40175	0.02444	0.02336	0.01695	0.00853	0.00726	0.00215	0.02980	0.02335	0.00709	0.01056
64	0.01745	0.74810	0.05772	0.01151	0.01728	0.02569	0.01170	0.01975	0.01339	0.01567	0.00924	0.01067	0.00844	0.00565	0.00429	0.00143	0.00713	0.00356	0.00281	0.00849
65	0.01127	0.00748	0.00875	0.00822	0.01053	0.00668	0.00623	0.01412	0.04563	0.10868	0.24086	0.10838	0.36907	0.01471	0.00764	0.00219	0.00367	0.01255	0.00670	0.00662
66	0.00834	0.00596	0.00801	0.00953	0.01005	0.00562	0.00667	0.00972	0.01292	0.01716	0.03611	0.67917	0.04284	0.02032	0.00849	0.00272	0.00410	0.10074	0.00611	0.00544
67	0.01377	0.01180	0.01370	0.00990	0.01566	0.00909	0.00791	0.01735	0.04304	0.02171	0.01233	0.01411	0.01018	0.00505	0.00495	0.00103	0.00489	0.00405	0.00402	0.77546
68	0.00929	0.00719	0.00853	0.00820	0.01011	0.00667	0.00623	0.01286	0.06001	0.02337	0.43811	0.05329	0.27834	0.01442	0.00775	0.00217	0.00342	0.03699	0.00679	0.00625
69	0.02227	0.01283	0.01506	0.01264	0.01698	0.01337	0.01009	0.03368	0.40341	0.34328	0.02643	0.02360	0.01839	0.00858	0.00666	0.00215	0.00539	0.00707	0.00735	0.01077
70	0.01588	0.01522	0.02598	0.11631	0.65488	0.01553	0.02000	0.01984	0.01480	0.02101	0.01231	0.01643	0.01025	0.00594	0.00652	0.00198	0.00792	0.00586	0.00322	0.01010
71	0.01555	0.01488	0.02537	0.17821	0.59560	0.01545	0.01983	0.01955	0.01464	0.02060	0.01225	0.01654	0.01011	0.00600	0.00653	0.00200	0.00801	0.00586	0.00319	0.00983
72	0.00798	0.00589	0.00748	0.00875	0.00944	0.00538	0.00593	0.00921	0.01300	0.01697	0.04134	0.64786	0.15676	0.01997	0.00830	0.00260	0.00374	0.01791	0.00611	0.00538
73	0.02180	0.01053	0.01350	0.01105	0.01494	0.00990	0.00886	0.05024	0.10811	0.41235	0.22928	0.03026	0.02996	0.00979	0.00696	0.00207	0.00488	0.00824	0.00765	0.00965
74	0.01503	0.01444	0.02443	0.07109	0.57673	0.01440	0.04686	0.01876	0.01492	0.02080	0.01904	0.02218	0.09780	0.00721	0.00673	0.00201	0.00746	0.00693	0.00359	0.00961
75	0.02372	0.00983	0.01326	0.01084	0.01481	0.00858	0.00867	0.02610	0.01782	0.53566	0.10083	0.13017	0.04834	0.01072	0.00703	0.00214	0.00502	0.00910	0.00770	0.00968
76	0.00830	0.00612	0.00784	0.00910	0.00994	0.00566	0.00647	0.00977	0.01334	0.01733	0.04140	0.55714	0.16146	0.01964	0.00838	0.00264	0.00401	0.09990	0.00611	0.00547
77	0.40850	0.19866	0.07615	0.01492	0.10419	0.04077	0.03531	0.01994	0.01279	0.02376	0.00994	0.01189	0.00809	0.00598	0.00477	0.00187	0.00669	0.00411	0.00352	0.00814
78	0.00878	0.00610	0.00765	0.00837	0.00925	0.00569	0.00578	0.01052	0.01407	0.01951	0.18728	0.44051	0.09800	0.05877	0.00923	0.00260	0.00369	0.01512	0.08352	0.00555
79	0.01866	0.63149	0.05024	0.01176	0.01731	0.04407	0.01148	0.02169	0.04594	0.07830	0.01151	0.01235	0.00966	0.00605	0.00465	0.00153	0.00704	0.00402	0.00347	0.00879

[dist]
# distance from previous block
# <min> <max>
0	8

[block]
# block no. 1 follows, 33 sequences, length 60
# corresponding to MSA columns:
# 104-163
name=unknown_B
#
# <colnr> <probs for GDERKNQSTAVLIFYWHMCP>
#	G	D	E	R	K	N	Q	S	T	A	V	L	I	F	Y	W	H	M	C	P
0	0.69855	0.01360	0.01058	0.00949	0.01350	0.04310	0.00770	0.02130	0.08733	0.02880	0.01110	0.01223	0.00858	0.00644	0.00443	0.00204	0.00537	0.00401	0.00433	0.00750
1	0.00940	0.00705	0.01058	0.01058	0.01176	0.00823	0.00823	0.01176	0.01058	0.01528	0.01763	0.02586	0.01646	0.04937	0.74255	0.01058	0.01763	0.00705	0.00353	0.00588
2	0.02459	0.03138	0.01866	0.01696	0.02035	0.74221	0.01272	0.02629	0.01866	0.01611	0.01018	0.01187	0.00848	0.00678	0.00594	0.00170	0.01187	0.00424	0.00339	0.00763
3	0.00856	0.00649	0.00781	0.00790	0.00937	0.00583	0.00572	0.01068	0.01586	0.02110	0.34184	0.20291	0.27077	0.04429	0.00887	0.00241	0.00345	0.01388	0.00652	0.00574
4	0.00809	0.00579	0.00771	0.00912	0.00956	0.00540	0.00612	0.00935	0.01295	0.01735	0.07551	0.72356	0.04460	0.02022	0.00837	0.00264	0.00378	0.01833	0.00618	0.00540
5	0.01554	0.01776	0.03885	0.02775	0.03441	0.01665	0.70366	0.02109	0.01554	0.02109	0.01332	0.01776	0.00999	0.00555	0.00777	0.00222	0.01110	0.00777	0.00333	0.00888
6	0.02459	0.03138	0.01866	0.01696	0.02035	0.74221	0.01272	0.02629	0.01866	0.01611	0.01018	0.01187	0.00848	0.00678	0.00594	0.00170	0.01187	0.00424	0.00339	0.00763
7	0.02459	0.03138	0.01866	0.01696	0.02035	0.74221	0.01272	0.02629	0.01866	0.01611	0.01018	0.01187	0.00848	0.00678	0.00594	0.00170	0.01187	0.00424	0.00339	0.00763
8	0.81514	0.01273	0.00968	0.00866	0.01273	0.01477	0.00713	0.01935	0.01120	0.02954	0.00917	0.01069	0.00713	0.00611	0.00407	0.00204	0.00509	0.00356	0.00407	0.00713
9	0.01430	0.01360	0.02311	0.40913	0.37447	0.01512	0.01921	0.01845	0.01404	0.01908	0.01203	0.01694	0.00957	0.00624	0.00655	0.00208	0.00832	0.00586	0.00309	0.00882
10	0.00782	0.00652	0.00682	0.00705	0.00899	0.00553	0.00517	0.00940	0.01463	0.01763	0.06199	0.17163	0.61966	0.01728	0.00788	0.00229	0.00341	0.01464	0.00611	0.00553
11	0.02954	0.01120	0.01528	0.01171	0.01681	0.00968	0.00968	0.03208	0.01884	0.73213	0.02597	0.02241	0.01630	0.00815	0.00662	0.00204	0.00560	0.00662	0.00815	0.01120
12	0.01440	0.01440	0.02016	0.01728	0.01728	0.02016	0.01440	0.01584	0.01008	0.01584	0.00864	0.01440	0.00864	0.01152	0.02160	0.00288	0.75659	0.00576	0.00288	0.00720
13	0.01554	0.01776	0.03885	0.02775	0.03441	0.01665	0.70366	0.02109	0.01554	0.02109	0.01332	0.01776	0.00999	0.00555	0.00777	0.00222	0.01110	0.00777	0.00333	0.00888
14	0.01193	0.02571	0.51283	0.01547	0.02274	0.01248	0.01872	0.01810	0.01513	0.02204	0.19095	0.02550	0.06341	0.00864	0.00672	0.00209	0.00772	0.00713	0.00408	0.00862
15	0.00932	0.00673	0.00880	0.00828	0.00984	0.00621	0.00621	0.01242	0.01863	0.02640	0.72410	0.04918	0.06212	0.01346	0.00776	0.00207	0.00311	0.01191	0.00725	0.00621
16	0.01781	0.64774	0.03196	0.01252	0.04369	0.02424	0.01147	0.06535	0.01463	0.01781	0.00987	0.01131	0.00878	0.00575	0.00451	0.00144	0.00695	0.00379	0.00315	0.05723
17	0.01440	0.01440	0.02016	0.01728	0.01728	0.02016	0.01440	0.01584	0.01008	0.01584	0.00864	0.01440	0.00864	0.01152	0.02160	0.00288	0.75659	0.00576	0.00288	0.00720
18	0.00932	0.00673	0.00880	0.00828	0.00984	0.00621	0.00621	0.01242	0.01863	0.02640	0.72410	0.04918	0.06212	0.01346	0.00776	0.00207	0.00311	0.01191	0.00725	0.00621
19	0.01440	0.01440	0.02016	0.01728	0.01728	0.02016	0.01440	0.01584	0.01008	0.01584	0.00864	0.01440	0.00864	0.01152	0.02160	0.00288	0.75659	0.00576	0.00288	0.00720
20	0.00957	0.00638	0.00718	0.00718	0.00718	0.00638	0.00399	0.00957	0.00957	0.01276	0.02074	0.04308	0.02393	0.76864	0.03351	0.00638	0.00638	0.00957	0.00399	0.00399
21	0.01440	0.01440	0.02016	0.01728	0.01728	0.02016	0.01440	0.01584	0.01008	0.01584	0.00864	0.01440	0.00864	0.01152	0.02160	0.00288	0.75659	0.00576	0.00288	0.00720
22	0.00829	0.00589	0.00773	0.00891	0.00940	0.00552	0.00596	0.00957	0.01305	0.01758	0.11288	0.62787	0.04413	0.07746	0.01027	0.00289	0.00394	0.01724	0.00608	0.00534
23	0.00778	0.00667	0.00667	0.00667	0.00889	0.00556	0.00500	0.00945	0.01501	0.01778	0.06669	0.06336	0.72490	0.01667	0.00778	0.00222	0.00333	0.01389	0.00611	0.00556
24	0.01365	0.01170	0.01365	0.00975	0.01560	0.00878	0.00780	0.01658	0.01365	0.02145	0.01170	0.01365	0.00975	0.00488	0.00488	0.00098	0.00488	0.00390	0.00390	0.80888
25	0.01629	0.01564	0.02672	0.04041	0.72757	0.01564	0.02020	0.02020	0.01499	0.02151	0.01238	0.01629	0.01043	0.00587	0.00652	0.00196	0.00782	0.00587	0.00326	0.01043
26	0.01364	0.01286	0.01902	0.51850	0.09592	0.03974	0.01636	0.01953	0.10409	0.01862	0.01395	0.01884	0.01090	0.03179	0.00739	0.00225	0.00811	0.00605	0.00353	0.03890
27	0.01927	0.57106	0.02992	0.01223	0.01747	0.10008	0.01136	0.05990	0.05588	0.05294	0.01148	0.01238	0.00966	0.00619	0.00480	0.00155	0.00739	0.00411	0.00357	0.00876
28	0.01790	0.10462	0.25017	0.02173	0.21663	0.01500	0.01730	0.02296	0.03842	0.17056	0.05018	0.01806	0.01363	0.00692	0.00627	0.00197	0.00756	0.00579	0.00439	0.00994
29	0.01563	0.17760	0.14682	0.02821	0.38365	0.01732	0.05623	0.01984	0.01469	0.02037	0.04998	0.01654	0.01242	0.00627	0.00613	0.00188	0.00791	0.00564	0.00330	0.00958
30	0.01881	0.03710	0.01659	0.01369	0.01786	0.01738	0.01090	0.18909	0.51598	0.05203	0.02372	0.02207	0.01759	0.00857	0.00660	0.00214	0.00574	0.00695	0.00660	0.01057
31	0.81514	0.01273	0.00968	0.00866	0.01273	0.01477	0.00713	0.01935	0.01120	0.02954	0.00917	0.01069	0.00713	0.00611	0.00407	0.00204	0.00509	0.00356	0.00407	0.00713
32	0.00802	0.00573	0.00764	0.00917	0.00955	0.00535	0.00611	0.00917	0.01260	0.01681	0.03628	0.76434	0.04354	0.02062	0.00840	0.00267	0.00382	0.01872	0.00611	0.00535
33	0.12395	0.00786	0.00827	0.00775	0.01029	0.00727	0.02557	0.01155	0.01489	0.02056	0.13284	0.05285	0.52484	0.01447	0.00725	0.00218	0.00378	0.01201	0.00587	0.00595
34	0.00941	0.00828	0.05001	0.00875	0.01082	0.00668	0.00715	0.01266	0.01807	0.02538	0.62956	0.04833	0.11342	0.01331	0.00768	0.00208	0.00350	0.01167	0.00690	0.00636
35	0.70402	0.01468	0.06730	0.01061	0.01528	0.01492	0.05145	0.01957	0.01168	0.02835	0.00963	0.01138	0.00740	0.00609	0.00447	0.00205	0.00582	0.00392	0.00393	0.00744
36	0.01144	0.00572	0.00858	0.00858	0.00858	0.00572	0.00572	0.00858	0.00858	0.01144	0.01144	0.02001	0.01144	0.02287	0.02573	0.80846	0.00572	0.00572	0.00286	0.00286
37	0.01365	0.01170	0.01365	0.00975	0.01560	0.00878	0.00780	0.01658	0.01365	0.02145	0.01170	0.01365	0.00975	0.00488	0.00488	0.00098	0.00488	0.00390	0.00390	0.80888
38	0.02810	0.01231	0.01582	0.01226	0.01728	0.01147	0.01008	0.11746	0.06611	0.59854	0.02474	0.02171	0.01590	0.00817	0.00662	0.00204	0.00578	0.00659	0.00786	0.01115
39	0.01573	0.01520	0.05123	0.02259	0.09318	0.01392	0.37801	0.01999	0.01554	0.10187	0.03995	0.02565	0.12199	0.00810	0.00815	0.00220	0.04539	0.00831	0.00436	0.00866
40	0.01478	0.16062	0.42417	0.01719	0.02525	0.01643	0.09755	0.02050	0.01411	0.04057	0.01191	0.01396	0.00894	0.00596	0.00591	0.00185	0.00872	0.00490	0.00314	0.10355
41	0.06444	0.01390	0.01503	0.01283	0.01704	0.01526	0.01017	0.09612	0.46930	0.12847	0.02372	0.02197	0.01735	0.00832	0.00642	0.00209	0.00543	0.00675	0.00657	0.05882
42	0.01866	0.65998	0.03209	0.01213	0.01742	0.13486	0.01149	0.02071	0.01418	0.01558	0.00931	0.01076	0.00845	0.00581	0.00448	0.00145	0.00777	0.00363	0.00290	0.00832
43	0.00965	0.00652	0.00764	0.00789	0.00810	0.00650	0.00493	0.01009	0.01041	0.01381	0.02312	0.07222	0.02643	0.64481	0.02945	0.00582	0.00625	0.09771	0.00433	0.00431
44	0.01755	0.26426	0.34311	0.01496	0.02217	0.03742	0.01686	0.02314	0.05462	0.12677	0.01392	0.01468	0.01025	0.00651	0.00568	0.00186	0.00805	0.00483	0.00384	0.00953
45	0.01660	0.03918	0.06669	0.03483	0.55876	0.01627	0.04562	0.05806	0.05824	0.02272	0.01335	0.01652	0.01086	0.00616	0.00650	0.00197	0.00784	0.00591	0.00361	0.01031
46	0.00893	0.00648	0.00833	0.00953	0.01020	0.00627	0.00649	0.03611	0.03630	0.01808	0.03521	0.71208	0.04156	0.01977	0.00828	0.00263	0.00399	0.01787	0.00615	0.00573
47	0.57700	0.03894	0.01294	0.01134	0.05247	0.01485	0.00871	0.06826	0.01394	0.13126	0.01223	0.01304	0.00896	0.00650	0.00475	0.00201	0.00553	0.00429	0.00475	0.00822
48	0.01600	0.01880	0.13532	0.03099	0.34649	0.01592	0.22899	0.02078	0.01487	0.04761	0.01289	0.01651	0.01011	0.00622	0.00768	0.00211	0.04934	0.00632	0.00337	0.00971
49	0.00899	0.00677	0.00926	0.00976	0.01076	0.00667	0.02522	0.01120	0.03685	0.01774	0.09084	0.44192	0.07680	0.07213	0.11825	0.00399	0.00625	0.03527	0.00563	0.00571
50	0.01439	0.01449	0.02121	0.04569	0.01932	0.01975	0.05385	0.01618	0.01051	0.01618	0.00902	0.01471	0.00872	0.01100	0.02025	0.00282	0.68581	0.00588	0.00291	0.00730
51	0.01676	0.04417	0.02697	0.03802	0.65855	0.01587	0.03815	0.02060	0.01507	0.04452	0.01273	0.01632	0.01053	0.00592	0.00647	0.00194	0.00781	0.00585	0.00340	0.01034
52	0.01527	0.02594	0.43433	0.02481	0.24494	0.01514	0.02146	0.02205	0.05230	0.06197	0.01361	0.01570	0.01008	0.00639	0.00638	0.00205	0.00866	0.00542	0.00345	0.01007
53	0.00802	0.00590	0.00752	0.00875	0.00945	0.00540	0.00594	0.00930	0.01314	0.01721	0.05908	0.63437	0.15219	0.01981	0.00829	0.00259	0.00372	0.01777	0.00614	0.00540
54	0.00983	0.00718	0.00914	0.00981	0.01094	0.00707	0.00710	0.04895	0.04952	0.02070	0.16104	0.49199	0.04354	0.01782	0.00817	0.00254	0.00415	0.07802	0.00637	0.00614
55	0.06775	0.03449	0.06536	0.01539	0.09388	0.04779	0.01185	0.04836	0.03277	0.45973	0.04135	0.02034	0.01530	0.00770	0.00638	0.00200	0.00641	0.00621	0.00656	0.01039
56	0.01662	0.01649	0.04202	0.09302	0.58337	0.04108	0.03503	0.05390	0.01575	0.02191	0.01243	0.01619	0.01021	0.00606	0.00653	0.00197	0.00813	0.00583	0.00339	0.01007
57	0.00802	0.00573	0.00764	0.00917	0.00955	0.00535	0.00611	0.00917	0.01260	0.01681	0.03628	0.76434	0.04354	0.02062	0.00840	0.00267	0.00382	0.01872	0.00611	0.00535
58	0.01490	0.08508	0.56927	0.01843	0.02710	0.05962	0.05869	0.05478	0.01507	0.02121	0.01180	0.01384	0.00858	0.00628	0.00619	0.00202	0.00962	0.00494	0.00304	0.00954
59	0.14674	0.03664	0.04214	0.01969	0.11910	0.18943	0.10973	0.13203	0.05841	0.04590	0.01308	0.01490	0.01009	0.00680	0.00653	0.00198	0.02810	0.00542	0.00427	0.00902

[dist]
# distance from previous block
# <min> <max>
0	4

# created by:
# /home/berkeley/.conda/envs/busco_data_prod/bin/msa2prfl.pl pipeline/OGs_align_augustus/4893/24987.fs
