[name]
unknown

[dist]
# distance from previous block
# <min> <max>
0	0

[block]
# block no. 0 follows, 34 sequences, length 175
# corresponding to MSA columns:
# 0-174
name=unknown_A
#
# <colnr> <probs for GDERKNQSTAVLIFYWHMCP>
#	G	D	E	R	K	N	Q	S	T	A	V	L	I	F	Y	W	H	M	C	P
0	0.01041	0.00744	0.01041	0.01190	0.01339	0.00744	0.01041	0.01339	0.01487	0.01934	0.03421	0.07288	0.03719	0.01785	0.00892	0.00297	0.00595	0.68913	0.00595	0.00595
1	0.02899	0.01100	0.01499	0.01150	0.01649	0.00950	0.00950	0.03149	0.01849	0.73709	0.02549	0.02199	0.01599	0.00800	0.00650	0.00200	0.00550	0.00650	0.00800	0.01100
2	0.01881	0.01524	0.01615	0.01370	0.01785	0.01735	0.01089	0.25296	0.49785	0.03145	0.02281	0.02133	0.01690	0.00844	0.00654	0.00211	0.00576	0.00682	0.00654	0.01047
3	0.01379	0.01335	0.02309	0.28858	0.35305	0.01415	0.08466	0.01774	0.01413	0.01910	0.01708	0.02096	0.07813	0.00698	0.00666	0.00205	0.00790	0.00668	0.00336	0.00855
4	0.01525	0.01743	0.03813	0.02723	0.03377	0.01634	0.70915	0.02070	0.01525	0.02070	0.01307	0.01743	0.00980	0.00545	0.00763	0.00218	0.01089	0.00763	0.00327	0.00871
5	0.06886	0.01107	0.01472	0.01134	0.01629	0.00975	0.00937	0.03086	0.01811	0.70134	0.02466	0.02141	0.01554	0.00790	0.00637	0.00200	0.00547	0.00635	0.00780	0.01079
6	0.01363	0.01409	0.02082	0.01714	0.01938	0.08396	0.18671	0.01624	0.01287	0.01745	0.05103	0.12188	0.01714	0.01541	0.10555	0.00344	0.26425	0.00823	0.00372	0.00706
7	0.01599	0.01535	0.02623	0.03966	0.73262	0.01535	0.01983	0.01983	0.01471	0.02111	0.01215	0.01599	0.01023	0.00576	0.00640	0.00192	0.00768	0.00576	0.00320	0.01023
8	0.01220	0.01148	0.01938	0.75739	0.04450	0.01436	0.01794	0.01651	0.01292	0.01651	0.01148	0.01723	0.00861	0.00646	0.00646	0.00215	0.00861	0.00574	0.00287	0.00718
9	0.00787	0.00562	0.00750	0.00900	0.00937	0.00525	0.00600	0.00900	0.01237	0.01649	0.03561	0.76871	0.04274	0.02024	0.00825	0.00262	0.00375	0.01837	0.00600	0.00525
10	0.01802	0.01407	0.01516	0.01312	0.01702	0.01587	0.01035	0.13710	0.54160	0.07825	0.04944	0.02350	0.01958	0.00872	0.00659	0.00213	0.00537	0.00718	0.00668	0.01025
11	0.01580	0.01516	0.02588	0.07590	0.69787	0.01530	0.01973	0.01966	0.01462	0.02088	0.01212	0.01605	0.01015	0.00579	0.00640	0.00193	0.00772	0.00576	0.00318	0.01008
12	0.01296	0.03342	0.73944	0.01842	0.02797	0.01501	0.02387	0.02046	0.01364	0.02046	0.01160	0.01364	0.00818	0.00614	0.00614	0.00205	0.00955	0.00477	0.00273	0.00955
13	0.00924	0.00688	0.01015	0.01015	0.01122	0.00795	0.00778	0.01139	0.01031	0.01482	0.01752	0.02659	0.01668	0.10007	0.69642	0.01009	0.01652	0.00710	0.00349	0.00564
14	0.01599	0.01535	0.02623	0.03966	0.73262	0.01535	0.01983	0.01983	0.01471	0.02111	0.01215	0.01599	0.01023	0.00576	0.00640	0.00192	0.00768	0.00576	0.00320	0.01023
15	0.01400	0.01040	0.01138	0.01144	0.01338	0.07848	0.00891	0.08903	0.01618	0.08998	0.02963	0.34080	0.03185	0.01573	0.00785	0.00250	0.00567	0.20997	0.00597	0.00684
16	0.00935	0.00704	0.00897	0.00997	0.01162	0.00666	0.00835	0.01178	0.01468	0.01855	0.04460	0.10868	0.26615	0.01749	0.00846	0.00269	0.00494	0.42828	0.00597	0.00575
17	0.01124	0.00915	0.01096	0.01110	0.04799	0.03133	0.00800	0.01696	0.14314	0.02486	0.47836	0.04331	0.06581	0.01225	0.00741	0.00211	0.00413	0.05824	0.00659	0.00706
18	0.01426	0.07167	0.63390	0.01780	0.02661	0.06098	0.02211	0.04377	0.01446	0.02058	0.01149	0.01341	0.00829	0.00619	0.00603	0.00198	0.00946	0.00470	0.00289	0.00940
19	0.02365	0.05665	0.01879	0.01628	0.01976	0.67596	0.01236	0.04697	0.04033	0.01691	0.01063	0.01211	0.00876	0.00672	0.00581	0.00168	0.01114	0.00428	0.00351	0.00771
20	0.01386	0.01180	0.01364	0.00990	0.01553	0.00930	0.00792	0.03851	0.04590	0.02193	0.01228	0.01395	0.01007	0.00506	0.00492	0.00104	0.00487	0.00405	0.00403	0.75145
21	0.01362	0.01168	0.01350	0.00987	0.01544	0.00923	0.00787	0.01777	0.07236	0.02155	0.01272	0.01429	0.01042	0.00512	0.00493	0.00106	0.00481	0.00412	0.00406	0.74557
22	0.01346	0.01167	0.01418	0.01013	0.01590	0.00886	0.02981	0.01641	0.01346	0.02104	0.01153	0.01353	0.00958	0.00481	0.00487	0.00100	0.00498	0.00395	0.00381	0.78704
23	0.00929	0.00671	0.00928	0.00928	0.01006	0.00748	0.00670	0.01083	0.01006	0.01418	0.01831	0.03096	0.01857	0.28731	0.51178	0.00903	0.01367	0.00774	0.00361	0.00516
24	0.00768	0.00655	0.00660	0.00659	0.00875	0.00547	0.00494	0.00935	0.01483	0.01769	0.08376	0.06180	0.71155	0.01628	0.00764	0.00218	0.00327	0.01358	0.00603	0.00547
25	0.01031	0.00885	0.03244	0.00986	0.01198	0.00825	0.00786	0.03274	0.13347	0.02065	0.10850	0.22600	0.22432	0.01542	0.00774	0.00239	0.00440	0.12209	0.00611	0.00662
26	0.02899	0.01100	0.01499	0.01150	0.01649	0.00950	0.00950	0.03149	0.01849	0.73709	0.02549	0.02199	0.01599	0.00800	0.00650	0.00200	0.00550	0.00650	0.00800	0.01100
27	0.01448	0.01159	0.01998	0.45030	0.03442	0.01285	0.11342	0.01853	0.01474	0.11545	0.11211	0.02216	0.01696	0.00745	0.00679	0.00212	0.00775	0.00693	0.00420	0.00776
28	0.01340	0.01148	0.01340	0.00957	0.01531	0.00861	0.00766	0.01627	0.01340	0.02105	0.01148	0.01340	0.00957	0.00479	0.00479	0.00096	0.00479	0.00383	0.00383	0.81242
29	0.02202	0.02712	0.01917	0.01856	0.07733	0.58172	0.01332	0.02382	0.01679	0.01620	0.00994	0.01237	0.00850	0.00726	0.00811	0.00185	0.12050	0.00451	0.00325	0.00765
30	0.01315	0.06702	0.70756	0.01808	0.02745	0.01548	0.02329	0.02041	0.01362	0.02022	0.01148	0.01349	0.00819	0.00611	0.00605	0.00202	0.00943	0.00471	0.00273	0.00949
31	0.01908	0.47033	0.10529	0.01311	0.01873	0.11225	0.01274	0.12140	0.01650	0.04189	0.01085	0.01199	0.00892	0.00613	0.00498	0.00159	0.00777	0.00412	0.00353	0.00880
32	0.02338	0.02959	0.01791	0.01633	0.01955	0.70967	0.01226	0.02508	0.01791	0.01577	0.01036	0.01235	0.00872	0.00877	0.04327	0.00210	0.01194	0.00430	0.00334	0.00740
33	0.00764	0.00655	0.00655	0.00655	0.00873	0.00545	0.00491	0.00927	0.01473	0.01745	0.06546	0.06218	0.73000	0.01636	0.00764	0.00218	0.00327	0.01364	0.00600	0.00545
34	0.00787	0.00562	0.00750	0.00900	0.00937	0.00525	0.00600	0.00900	0.01237	0.01649	0.03561	0.76871	0.04274	0.02024	0.00825	0.00262	0.00375	0.01837	0.00600	0.00525
35	0.01255	0.05652	0.61790	0.01684	0.02513	0.01417	0.02107	0.01917	0.01394	0.02052	0.07091	0.05446	0.01421	0.00740	0.00629	0.00205	0.00863	0.00597	0.00325	0.00901
36	0.01122	0.00561	0.00842	0.00842	0.00842	0.00561	0.00561	0.00842	0.00842	0.01122	0.01122	0.01964	0.01122	0.02245	0.02525	0.81201	0.00561	0.00561	0.00281	0.00281
37	0.01414	0.01414	0.01979	0.01696	0.01696	0.01979	0.01414	0.01555	0.00990	0.01555	0.00848	0.01414	0.00848	0.01131	0.02120	0.00283	0.76110	0.00565	0.00283	0.00707
38	0.00923	0.00692	0.01038	0.01038	0.01154	0.00808	0.00808	0.01154	0.01038	0.01500	0.01731	0.02538	0.01615	0.04846	0.74732	0.01038	0.01731	0.00692	0.00346	0.00577
39	0.00857	0.00658	0.00784	0.00752	0.00930	0.00585	0.00564	0.01108	0.01693	0.02268	0.47538	0.05359	0.31681	0.01442	0.00763	0.00209	0.00313	0.01243	0.00669	0.00585
40	0.00764	0.00655	0.00655	0.00655	0.00873	0.00545	0.00491	0.00927	0.01473	0.01745	0.06546	0.06218	0.73000	0.01636	0.00764	0.00218	0.00327	0.01364	0.00600	0.00545
41	0.01728	0.01469	0.01514	0.01330	0.01708	0.03877	0.01046	0.14068	0.55046	0.02839	0.02548	0.02469	0.04046	0.00899	0.00662	0.00215	0.00560	0.02331	0.00642	0.01001
42	0.81856	0.01250	0.00950	0.00850	0.01250	0.01449	0.00700	0.01899	0.01100	0.02899	0.00900	0.01050	0.00700	0.00600	0.00400	0.00200	0.00500	0.00350	0.00400	0.00700
43	0.01340	0.01148	0.01340	0.00957	0.01531	0.00861	0.00766	0.01627	0.01340	0.02105	0.01148	0.01340	0.00957	0.00479	0.00479	0.00096	0.00479	0.00383	0.00383	0.81242
44	0.01638	0.03046	0.01509	0.01061	0.01624	0.00973	0.02996	0.03811	0.01474	0.13744	0.01385	0.01490	0.01063	0.00543	0.00518	0.00120	0.00521	0.00442	0.00453	0.61589
45	0.04507	0.52047	0.22741	0.01312	0.01969	0.02208	0.01449	0.04115	0.01373	0.01794	0.00991	0.01143	0.00830	0.00578	0.00476	0.00160	0.00758	0.00389	0.00291	0.00868
46	0.01678	0.01423	0.01501	0.01329	0.01707	0.01640	0.01040	0.09088	0.66325	0.02817	0.02540	0.02339	0.01899	0.00868	0.00657	0.00217	0.00528	0.00718	0.00657	0.01029
47	0.01340	0.01148	0.01340	0.00957	0.01531	0.00861	0.00766	0.01627	0.01340	0.02105	0.01148	0.01340	0.00957	0.00479	0.00479	0.00096	0.00479	0.00383	0.00383	0.81242
48	0.00923	0.00692	0.01038	0.01038	0.01154	0.00808	0.00808	0.01154	0.01038	0.01500	0.01731	0.02538	0.01615	0.04846	0.74732	0.01038	0.01731	0.00692	0.00346	0.00577
49	0.01536	0.08831	0.29770	0.01727	0.10305	0.01450	0.01602	0.07588	0.01510	0.08241	0.05335	0.04314	0.01485	0.08484	0.00968	0.00244	0.04701	0.00632	0.00401	0.00874
50	0.44381	0.08934	0.11331	0.01187	0.01670	0.15386	0.01091	0.03991	0.01365	0.04168	0.01012	0.01155	0.00786	0.00620	0.00478	0.00188	0.00712	0.00393	0.00375	0.00777
51	0.81856	0.01250	0.00950	0.00850	0.01250	0.01449	0.00700	0.01899	0.01100	0.02899	0.00900	0.01050	0.00700	0.00600	0.00400	0.00200	0.00500	0.00350	0.00400	0.00700
52	0.01525	0.01743	0.03813	0.02723	0.03377	0.01634	0.70915	0.02070	0.01525	0.02070	0.01307	0.01743	0.00980	0.00545	0.00763	0.00218	0.01089	0.00763	0.00327	0.00871
53	0.00923	0.00692	0.01038	0.01038	0.01154	0.00808	0.00808	0.01154	0.01038	0.01500	0.01731	0.02538	0.01615	0.04846	0.74732	0.01038	0.01731	0.00692	0.00346	0.00577
54	0.01414	0.01414	0.01979	0.01696	0.01696	0.01979	0.01414	0.01555	0.00990	0.01555	0.00848	0.01414	0.00848	0.01131	0.02120	0.00283	0.76110	0.00565	0.00283	0.00707
55	0.81856	0.01250	0.00950	0.00850	0.01250	0.01449	0.00700	0.01899	0.01100	0.02899	0.00900	0.01050	0.00700	0.00600	0.00400	0.00200	0.00500	0.00350	0.00400	0.00700
56	0.01607	0.01388	0.01461	0.01315	0.01680	0.01607	0.01023	0.03433	0.72094	0.02703	0.02630	0.02411	0.01972	0.00877	0.00657	0.00219	0.00511	0.00731	0.00657	0.01023
57	0.00787	0.00562	0.00750	0.00900	0.00937	0.00525	0.00600	0.00900	0.01237	0.01649	0.03561	0.76871	0.04274	0.02024	0.00825	0.00262	0.00375	0.01837	0.00600	0.00525
58	0.01396	0.01180	0.01309	0.01204	0.01482	0.01342	0.00926	0.02709	0.49586	0.02523	0.14587	0.10507	0.02861	0.01083	0.00759	0.00224	0.03879	0.00912	0.00644	0.00887
59	0.00940	0.00626	0.00705	0.00705	0.00705	0.00626	0.00392	0.00940	0.00940	0.01253	0.02036	0.04228	0.02349	0.77292	0.03289	0.00626	0.00626	0.00940	0.00392	0.00392
60	0.01340	0.01148	0.01340	0.00957	0.01531	0.00861	0.00766	0.01627	0.01340	0.02105	0.01148	0.01340	0.00957	0.00479	0.00479	0.00096	0.00479	0.00383	0.00383	0.81242
61	0.02359	0.01853	0.01906	0.01484	0.01969	0.07066	0.01216	0.60254	0.02791	0.03703	0.01465	0.01509	0.01063	0.00769	0.00696	0.00191	0.03867	0.00560	0.00597	0.04680
62	0.01686	0.70568	0.10138	0.01176	0.01767	0.02456	0.01228	0.01945	0.01318	0.01571	0.00923	0.01068	0.00828	0.00559	0.00434	0.00145	0.00716	0.00358	0.00276	0.00841
63	0.00923	0.00692	0.01038	0.01038	0.01154	0.00808	0.00808	0.01154	0.01038	0.01500	0.01731	0.02538	0.01615	0.04846	0.74732	0.01038	0.01731	0.00692	0.00346	0.00577
64	0.01340	0.01148	0.01340	0.00957	0.01531	0.00861	0.00766	0.01627	0.01340	0.02105	0.01148	0.01340	0.00957	0.00479	0.00479	0.00096	0.00479	0.00383	0.00383	0.81242
65	0.00931	0.00659	0.00871	0.00871	0.00928	0.00716	0.00598	0.01046	0.00989	0.01376	0.01884	0.03389	0.01984	0.41292	0.38790	0.00831	0.01175	0.00817	0.00369	0.00484
66	0.01730	0.01804	0.02507	0.05449	0.56338	0.14433	0.04322	0.02082	0.01532	0.02004	0.01179	0.01531	0.00984	0.00592	0.00634	0.00189	0.00852	0.00554	0.00322	0.00961
67	0.01340	0.01148	0.01340	0.00957	0.01531	0.00861	0.00766	0.01627	0.01340	0.02105	0.01148	0.01340	0.00957	0.00479	0.00479	0.00096	0.00479	0.00383	0.00383	0.81242
68	0.01340	0.01148	0.01340	0.00957	0.01531	0.00861	0.00766	0.01627	0.01340	0.02105	0.01148	0.01340	0.00957	0.00479	0.00479	0.00096	0.00479	0.00383	0.00383	0.81242
69	0.02899	0.01100	0.01499	0.01150	0.01649	0.00950	0.00950	0.03149	0.01849	0.73709	0.02549	0.02199	0.01599	0.00800	0.00650	0.00200	0.00550	0.00650	0.00800	0.01100
70	0.00764	0.00655	0.00655	0.00655	0.00873	0.00545	0.00491	0.00927	0.01473	0.01745	0.06546	0.06218	0.73000	0.01636	0.00764	0.00218	0.00327	0.01364	0.00600	0.00545
71	0.01239	0.01168	0.01973	0.72115	0.07925	0.01441	0.01804	0.01668	0.01301	0.01674	0.01152	0.01716	0.00870	0.00642	0.00646	0.00214	0.00857	0.00574	0.00289	0.00733
72	0.01020	0.00737	0.01012	0.01149	0.01303	0.00728	0.00999	0.01307	0.01486	0.01919	0.03661	0.07206	0.09038	0.01774	0.00883	0.00291	0.00574	0.63727	0.00595	0.00591
73	0.00895	0.00701	0.00793	0.00767	0.00961	0.00632	0.00575	0.04199	0.01649	0.02138	0.29261	0.11251	0.40810	0.01519	0.00763	0.00215	0.00341	0.01299	0.00641	0.00591
74	0.01607	0.01388	0.01461	0.01315	0.01680	0.01607	0.01023	0.03433	0.72094	0.02703	0.02630	0.02411	0.01972	0.00877	0.00657	0.00219	0.00511	0.00731	0.00657	0.01023
75	0.01340	0.01148	0.01340	0.00957	0.01531	0.00861	0.00766	0.01627	0.01340	0.02105	0.01148	0.01340	0.00957	0.00479	0.00479	0.00096	0.00479	0.00383	0.00383	0.81242
76	0.02421	0.02865	0.01849	0.01635	0.01999	0.62431	0.01245	0.14144	0.02035	0.02002	0.01092	0.01230	0.00877	0.00684	0.00593	0.00171	0.01089	0.00444	0.00386	0.00808
77	0.81856	0.01250	0.00950	0.00850	0.01250	0.01449	0.00700	0.01899	0.01100	0.02899	0.00900	0.01050	0.00700	0.00600	0.00400	0.00200	0.00500	0.00350	0.00400	0.00700
78	0.01220	0.01148	0.01938	0.75739	0.04450	0.01436	0.01794	0.01651	0.01292	0.01651	0.01148	0.01723	0.00861	0.00646	0.00646	0.00215	0.00861	0.00574	0.00287	0.00718
79	0.00940	0.00626	0.00705	0.00705	0.00705	0.00626	0.00392	0.00940	0.00940	0.01253	0.02036	0.04228	0.02349	0.77292	0.03289	0.00626	0.00626	0.00940	0.00392	0.00392
80	0.01533	0.01480	0.02549	0.15526	0.55496	0.01527	0.06194	0.01979	0.03616	0.02051	0.01254	0.01653	0.01023	0.00595	0.00649	0.00198	0.00795	0.00592	0.00325	0.00964
81	0.01311	0.03015	0.62325	0.01779	0.02676	0.01432	0.05296	0.01999	0.01369	0.02054	0.01165	0.01378	0.00842	0.00595	0.00605	0.00193	0.00906	0.00479	0.00288	0.10295
82	0.02242	0.16709	0.02123	0.01563	0.01922	0.58159	0.01230	0.02415	0.01698	0.01569	0.00973	0.01153	0.00832	0.00666	0.00621	0.00167	0.04465	0.00410	0.00320	0.00762
83	0.01653	0.01378	0.01462	0.01309	0.01679	0.01584	0.01020	0.03423	0.69573	0.05251	0.02627	0.02403	0.01959	0.00874	0.00657	0.00218	0.00513	0.00728	0.00663	0.01025
84	0.01220	0.01148	0.01938	0.75739	0.04450	0.01436	0.01794	0.01651	0.01292	0.01651	0.01148	0.01723	0.00861	0.00646	0.00646	0.00215	0.00861	0.00574	0.00287	0.00718
85	0.00787	0.00562	0.00750	0.00900	0.00937	0.00525	0.00600	0.00900	0.01237	0.01649	0.03561	0.76871	0.04274	0.02024	0.00825	0.00262	0.00375	0.01837	0.00600	0.00525
86	0.01204	0.00602	0.00602	0.00602	0.00753	0.00602	0.00452	0.01506	0.01355	0.02409	0.02108	0.02409	0.01656	0.00753	0.00452	0.00151	0.00301	0.00602	0.80879	0.00602
87	0.00787	0.00562	0.00750	0.00900	0.00937	0.00525	0.00600	0.00900	0.01237	0.01649	0.03561	0.76871	0.04274	0.02024	0.00825	0.00262	0.00375	0.01837	0.00600	0.00525
88	0.02456	0.01810	0.01939	0.01487	0.02004	0.02004	0.01228	0.71107	0.03038	0.04072	0.01551	0.01551	0.01099	0.00776	0.00646	0.00194	0.00711	0.00582	0.00646	0.01099
89	0.01041	0.00744	0.01041	0.01190	0.01339	0.00744	0.01041	0.01339	0.01487	0.01934	0.03421	0.07288	0.03719	0.01785	0.00892	0.00297	0.00595	0.68913	0.00595	0.00595
90	0.02456	0.01810	0.01939	0.01487	0.02004	0.02004	0.01228	0.71107	0.03038	0.04072	0.01551	0.01551	0.01099	0.00776	0.00646	0.00194	0.00711	0.00582	0.00646	0.01099
91	0.01727	0.77681	0.03386	0.01106	0.01658	0.02557	0.01106	0.01935	0.01313	0.01520	0.00898	0.01036	0.00829	0.00553	0.00415	0.00138	0.00691	0.00345	0.00276	0.00829
92	0.00924	0.00689	0.01022	0.01022	0.01131	0.00799	0.00787	0.01143	0.01033	0.01487	0.01746	0.02624	0.01652	0.08504	0.71124	0.01018	0.01675	0.00705	0.00348	0.00568
93	0.01414	0.01414	0.01979	0.01696	0.01696	0.01979	0.01414	0.01555	0.00990	0.01555	0.00848	0.01414	0.00848	0.01131	0.02120	0.00283	0.76110	0.00565	0.00283	0.00707
94	0.01340	0.01148	0.01340	0.00957	0.01531	0.00861	0.00766	0.01627	0.01340	0.02105	0.01148	0.01340	0.00957	0.00479	0.00479	0.00096	0.00479	0.00383	0.00383	0.81242
95	0.01760	0.58667	0.09859	0.01266	0.01810	0.11333	0.01256	0.02011	0.01370	0.01579	0.00934	0.01097	0.00829	0.00593	0.00516	0.00153	0.03481	0.00375	0.00283	0.00827
96	0.01595	0.01224	0.01347	0.01231	0.01555	0.01366	0.00946	0.02989	0.53728	0.09287	0.02776	0.14665	0.02316	0.01058	0.00684	0.00224	0.00493	0.00905	0.00661	0.00948
97	0.01122	0.00561	0.00842	0.00842	0.00842	0.00561	0.00561	0.00842	0.00842	0.01122	0.01122	0.01964	0.01122	0.02245	0.02525	0.81201	0.00561	0.00561	0.00281	0.00281
98	0.02414	0.03079	0.01831	0.01665	0.01998	0.74698	0.01248	0.02580	0.01831	0.01581	0.00999	0.01165	0.00832	0.00666	0.00583	0.00166	0.01165	0.00416	0.00333	0.00749
99	0.01340	0.01148	0.01340	0.00957	0.01531	0.00861	0.00766	0.01627	0.01340	0.02105	0.01148	0.01340	0.00957	0.00479	0.00479	0.00096	0.00479	0.00383	0.00383	0.81242
100	0.37239	0.01497	0.01464	0.01176	0.01640	0.01661	0.00970	0.34358	0.02077	0.10187	0.01361	0.01393	0.00972	0.00701	0.00539	0.00197	0.00603	0.00487	0.00553	0.00924
101	0.01122	0.00561	0.00842	0.00842	0.00842	0.00561	0.00561	0.00842	0.00842	0.01122	0.01122	0.01964	0.01122	0.02245	0.02525	0.81201	0.00561	0.00561	0.00281	0.00281
102	0.02456	0.01810	0.01939	0.01487	0.02004	0.02004	0.01228	0.71107	0.03038	0.04072	0.01551	0.01551	0.01099	0.00776	0.00646	0.00194	0.00711	0.00582	0.00646	0.01099
103	0.00914	0.00660	0.00864	0.00813	0.00965	0.00610	0.00610	0.01219	0.01829	0.02591	0.72921	0.04827	0.06097	0.01321	0.00762	0.00203	0.00305	0.01169	0.00711	0.00610
104	0.02489	0.01412	0.01658	0.01286	0.01761	0.01443	0.01056	0.36838	0.02440	0.32230	0.08750	0.02126	0.01778	0.00837	0.00659	0.00197	0.00607	0.00665	0.00715	0.01053
105	0.01607	0.01388	0.01461	0.01315	0.01680	0.01607	0.01023	0.03433	0.72094	0.02703	0.02630	0.02411	0.01972	0.00877	0.00657	0.00219	0.00511	0.00731	0.00657	0.01023
106	0.00764	0.00655	0.00655	0.00655	0.00873	0.00545	0.00491	0.00927	0.01473	0.01745	0.06546	0.06218	0.73000	0.01636	0.00764	0.00218	0.00327	0.01364	0.00600	0.00545
107	0.00787	0.00562	0.00750	0.00900	0.00937	0.00525	0.00600	0.00900	0.01237	0.01649	0.03561	0.76871	0.04274	0.02024	0.00825	0.00262	0.00375	0.01837	0.00600	0.00525
108	0.02082	0.02383	0.01679	0.01521	0.01867	0.44617	0.01156	0.02931	0.30748	0.02043	0.01670	0.01678	0.01302	0.00753	0.00613	0.00188	0.00896	0.00546	0.00466	0.00862
109	0.81856	0.01250	0.00950	0.00850	0.01250	0.01449	0.00700	0.01899	0.01100	0.02899	0.00900	0.01050	0.00700	0.00600	0.00400	0.00200	0.00500	0.00350	0.00400	0.00700
110	0.00787	0.00562	0.00750	0.00900	0.00937	0.00525	0.00600	0.00900	0.01237	0.01649	0.03561	0.76871	0.04274	0.02024	0.00825	0.00262	0.00375	0.01837	0.00600	0.00525
111	0.00787	0.00562	0.00750	0.00900	0.00937	0.00525	0.00600	0.00900	0.01237	0.01649	0.03561	0.76871	0.04274	0.02024	0.00825	0.00262	0.00375	0.01837	0.00600	0.00525
112	0.02456	0.01810	0.01939	0.01487	0.02004	0.02004	0.01228	0.71107	0.03038	0.04072	0.01551	0.01551	0.01099	0.00776	0.00646	0.00194	0.00711	0.00582	0.00646	0.01099
113	0.00940	0.00626	0.00705	0.00705	0.00705	0.00626	0.00392	0.00940	0.00940	0.01253	0.02036	0.04228	0.02349	0.77292	0.03289	0.00626	0.00626	0.00940	0.00392	0.00392
114	0.01041	0.00744	0.01041	0.01190	0.01339	0.00744	0.01041	0.01339	0.01487	0.01934	0.03421	0.07288	0.03719	0.01785	0.00892	0.00297	0.00595	0.68913	0.00595	0.00595
115	0.01607	0.01388	0.01461	0.01315	0.01680	0.01607	0.01023	0.03433	0.72094	0.02703	0.02630	0.02411	0.01972	0.00877	0.00657	0.00219	0.00511	0.00731	0.00657	0.01023
116	0.51874	0.01426	0.01284	0.01076	0.01507	0.01626	0.00882	0.22485	0.07430	0.03230	0.01233	0.01308	0.00921	0.00674	0.00494	0.00200	0.00563	0.00449	0.00494	0.00844
117	0.01837	0.56924	0.08293	0.01269	0.01812	0.15273	0.01229	0.03890	0.01454	0.01638	0.00953	0.01097	0.00836	0.00583	0.00465	0.00150	0.00795	0.00374	0.00296	0.00831
118	0.01296	0.03342	0.73944	0.01842	0.02797	0.01501	0.02387	0.02046	0.01364	0.02046	0.01160	0.01364	0.00818	0.00614	0.00614	0.00205	0.00955	0.00477	0.00273	0.00955
119	0.11276	0.03808	0.02079	0.01529	0.02044	0.01476	0.16115	0.19697	0.04182	0.26059	0.01919	0.01903	0.03435	0.00737	0.00642	0.00202	0.00697	0.00638	0.00587	0.00977
120	0.01676	0.01422	0.01500	0.01329	0.01706	0.01639	0.01039	0.08921	0.66494	0.02814	0.02542	0.02341	0.01902	0.00868	0.00657	0.00217	0.00528	0.00718	0.00657	0.01029
121	0.05209	0.01344	0.01397	0.01249	0.01612	0.01534	0.00975	0.06578	0.59672	0.02703	0.02815	0.02615	0.07631	0.00921	0.00654	0.00217	0.00506	0.00757	0.00641	0.00973
122	0.81856	0.01250	0.00950	0.00850	0.01250	0.01449	0.00700	0.01899	0.01100	0.02899	0.00900	0.01050	0.00700	0.00600	0.00400	0.00200	0.00500	0.00350	0.00400	0.00700
123	0.02450	0.01675	0.01838	0.01425	0.01927	0.01822	0.01172	0.55960	0.08469	0.13859	0.01781	0.01713	0.01241	0.00787	0.00648	0.00197	0.00672	0.00603	0.00669	0.01093
124	0.00799	0.00659	0.00704	0.00701	0.00906	0.00564	0.00532	0.00991	0.01531	0.01889	0.17136	0.06036	0.59462	0.01591	0.00768	0.00219	0.00334	0.04002	0.00618	0.00558
125	0.01794	0.01659	0.07387	0.01345	0.01770	0.07073	0.01135	0.16855	0.34774	0.06401	0.08321	0.02386	0.04458	0.00880	0.00658	0.00206	0.00616	0.00711	0.00609	0.00964
126	0.01691	0.01430	0.01508	0.01332	0.01712	0.01646	0.01043	0.10129	0.65262	0.02838	0.02523	0.02326	0.01886	0.00867	0.00656	0.00217	0.00531	0.00716	0.00656	0.01030
127	0.05962	0.01532	0.01606	0.01353	0.01774	0.01741	0.01080	0.27513	0.43859	0.03202	0.02157	0.02035	0.01596	0.00827	0.00640	0.00209	0.00582	0.00658	0.00640	0.01034
128	0.01568	0.47677	0.19298	0.01297	0.01948	0.02048	0.03252	0.01920	0.01334	0.01739	0.01005	0.01174	0.00849	0.00556	0.00479	0.00150	0.00732	0.00392	0.00292	0.12288
129	0.01568	0.05738	0.06981	0.06680	0.04681	0.01540	0.26395	0.06380	0.01488	0.07824	0.01629	0.03871	0.04139	0.03027	0.04311	0.00267	0.11548	0.00709	0.00392	0.00830
130	0.01573	0.06626	0.07293	0.02237	0.02778	0.01704	0.43737	0.02147	0.07418	0.04992	0.01371	0.01704	0.01052	0.00671	0.00911	0.00221	0.11647	0.00684	0.00362	0.00872
131	0.01586	0.01522	0.02598	0.06504	0.70829	0.01532	0.01976	0.01971	0.01465	0.02095	0.01213	0.01604	0.01018	0.00578	0.00640	0.00193	0.00771	0.00576	0.00319	0.01013
132	0.01428	0.01361	0.02314	0.36356	0.42209	0.01490	0.01898	0.01833	0.01390	0.01903	0.01185	0.01655	0.00950	0.00607	0.00643	0.00202	0.00810	0.00575	0.00305	0.00886
133	0.01128	0.00970	0.01317	0.04204	0.16993	0.00973	0.00995	0.01622	0.11883	0.02111	0.16590	0.09654	0.22452	0.01334	0.03060	0.00241	0.00520	0.02666	0.00549	0.00739
134	0.00844	0.00604	0.00819	0.00947	0.01007	0.00589	0.00675	0.00990	0.01240	0.01658	0.03291	0.56366	0.03843	0.05408	0.08488	0.00362	0.00555	0.11216	0.00565	0.00535
135	0.02794	0.01069	0.01444	0.01116	0.01594	0.00928	0.00919	0.03047	0.01819	0.69291	0.02522	0.02212	0.01603	0.00797	0.00637	0.00197	0.00534	0.00647	0.05762	0.01069
136	0.01668	0.01417	0.05455	0.24860	0.31461	0.01409	0.01692	0.06571	0.01557	0.11824	0.01502	0.05106	0.01195	0.00708	0.00651	0.00204	0.00753	0.00638	0.00407	0.00921
137	0.01753	0.01631	0.02165	0.22139	0.29207	0.11985	0.03770	0.08840	0.01647	0.05941	0.01305	0.01630	0.01012	0.00644	0.00632	0.00194	0.00826	0.00564	0.03219	0.00895
138	0.02468	0.01790	0.01927	0.01477	0.01994	0.01975	0.01221	0.69257	0.03006	0.05969	0.01578	0.01569	0.01112	0.00776	0.00646	0.00194	0.00707	0.00584	0.00651	0.01099
139	0.01177	0.01017	0.01557	0.06619	0.26753	0.01009	0.01266	0.01482	0.01483	0.01985	0.08676	0.07755	0.15198	0.01236	0.00752	0.00232	0.00591	0.19982	0.00490	0.00743
140	0.01590	0.10911	0.39118	0.01643	0.02316	0.03913	0.03712	0.10047	0.01543	0.05752	0.01250	0.01469	0.00946	0.00928	0.05034	0.00250	0.07806	0.00510	0.00352	0.00912
141	0.00973	0.00731	0.01028	0.01005	0.01079	0.00851	0.00748	0.01125	0.01004	0.01433	0.01714	0.02839	0.01716	0.22021	0.49286	0.03368	0.07458	0.00738	0.00350	0.00533
142	0.02414	0.03079	0.01831	0.01665	0.01998	0.74698	0.01248	0.02580	0.01831	0.01581	0.00999	0.01165	0.00832	0.00666	0.00583	0.00166	0.01165	0.00416	0.00333	0.00749
143	0.01885	0.01304	0.01456	0.01261	0.01651	0.01429	0.00994	0.04898	0.51938	0.18483	0.05508	0.02444	0.02040	0.00876	0.00660	0.00214	0.00516	0.00727	0.00691	0.01024
144	0.01095	0.00882	0.01219	0.01311	0.08019	0.01004	0.00877	0.01391	0.06816	0.01597	0.01812	0.05425	0.01808	0.24097	0.31174	0.00667	0.09025	0.00781	0.00384	0.00615
145	0.01733	0.01665	0.02769	0.11090	0.16510	0.03686	0.27455	0.17727	0.01807	0.02440	0.01290	0.01633	0.00990	0.00655	0.00779	0.00210	0.05606	0.00642	0.00391	0.00921
146	0.02421	0.02870	0.01849	0.01635	0.01999	0.62720	0.01245	0.13872	0.02030	0.01992	0.01090	0.01229	0.00876	0.00684	0.00593	0.00171	0.01090	0.00443	0.00385	0.00807
147	0.01423	0.00961	0.01194	0.06885	0.01532	0.00962	0.00849	0.05368	0.12792	0.12411	0.17696	0.12822	0.06954	0.06044	0.00866	0.00235	0.00489	0.02622	0.00608	0.07288
148	0.01307	0.01242	0.05131	0.55713	0.10493	0.01351	0.01691	0.01717	0.01355	0.05359	0.01664	0.02083	0.06762	0.00726	0.00654	0.00212	0.00798	0.00638	0.00341	0.00763
149	0.00940	0.00626	0.00705	0.00705	0.00705	0.00626	0.00392	0.00940	0.00940	0.01253	0.02036	0.04228	0.02349	0.77292	0.03289	0.00626	0.00626	0.00940	0.00392	0.00392
150	0.01521	0.01448	0.02542	0.10570	0.51789	0.01462	0.10568	0.01923	0.01451	0.02085	0.01293	0.01695	0.01053	0.00593	0.00641	0.00194	0.00780	0.00601	0.06850	0.00940
151	0.01427	0.01163	0.01426	0.07066	0.06238	0.08013	0.03791	0.01829	0.09030	0.09486	0.02639	0.25955	0.04498	0.01307	0.00798	0.00236	0.03750	0.10072	0.00536	0.00738
152	0.00900	0.00671	0.00846	0.00853	0.01015	0.00617	0.00665	0.01164	0.01660	0.02238	0.41946	0.08602	0.20511	0.01509	0.00790	0.00227	0.00368	0.14170	0.00660	0.00589
153	0.00939	0.00628	0.00714	0.00714	0.00717	0.00632	0.00403	0.00946	0.00942	0.01260	0.02027	0.04181	0.02328	0.75248	0.05305	0.00638	0.00658	0.00933	0.00390	0.00397
154	0.01410	0.01163	0.01359	0.00975	0.01546	0.00892	0.00782	0.03359	0.01395	0.04127	0.01197	0.01369	0.00978	0.00495	0.00487	0.00101	0.00486	0.00395	0.00401	0.77083
155	0.01550	0.47046	0.32463	0.01409	0.02127	0.02121	0.01634	0.01981	0.01334	0.01737	0.01006	0.01172	0.00825	0.00578	0.00497	0.00166	0.00800	0.00400	0.00275	0.00881
156	0.00808	0.00621	0.00742	0.00799	0.00930	0.00554	0.00573	0.00980	0.01440	0.01861	0.16956	0.34905	0.30938	0.01744	0.00792	0.00236	0.00351	0.03599	0.00619	0.00550
157	0.01125	0.00719	0.00948	0.03174	0.01141	0.00665	0.00676	0.01410	0.01766	0.10196	0.55886	0.07785	0.09416	0.01294	0.00749	0.00207	0.00353	0.01136	0.00696	0.00659
158	0.01452	0.07580	0.43484	0.02367	0.18929	0.03848	0.09297	0.02043	0.01417	0.02015	0.01166	0.01430	0.00883	0.00596	0.00621	0.00198	0.00915	0.00519	0.00291	0.00947
159	0.06235	0.02406	0.35513	0.02069	0.10307	0.01591	0.13061	0.10197	0.08078	0.02403	0.01355	0.01551	0.00999	0.00641	0.00636	0.00205	0.00860	0.00562	0.00373	0.00957
160	0.02414	0.03079	0.01831	0.01665	0.01998	0.74698	0.01248	0.02580	0.01831	0.01581	0.00999	0.01165	0.00832	0.00666	0.00583	0.00166	0.01165	0.00416	0.00333	0.00749
161	0.00926	0.00764	0.03152	0.06945	0.01311	0.00677	0.00764	0.01140	0.01420	0.03560	0.13972	0.29989	0.22166	0.03579	0.00844	0.00247	0.00439	0.06937	0.00579	0.00588
162	0.01638	0.01683	0.13465	0.08708	0.35556	0.01391	0.06782	0.02102	0.03417	0.11633	0.01759	0.01975	0.05588	0.00690	0.00655	0.00201	0.00764	0.00637	0.00401	0.00957
163	0.01400	0.22704	0.23931	0.01328	0.01855	0.01609	0.01392	0.01935	0.08320	0.04127	0.07234	0.03933	0.05047	0.01159	0.07002	0.00265	0.04908	0.00626	0.00393	0.00828
164	0.00805	0.00602	0.00726	0.00816	0.00907	0.00549	0.00560	0.00927	0.01283	0.01645	0.04277	0.45891	0.24383	0.09938	0.01072	0.00289	0.00395	0.03838	0.00577	0.00519
165	0.01467	0.05386	0.63005	0.01777	0.02669	0.01485	0.04077	0.02148	0.01413	0.08805	0.01287	0.01443	0.00897	0.00628	0.00615	0.00202	0.00912	0.00497	0.00324	0.00962
166	0.03601	0.04154	0.27673	0.17394	0.22693	0.03774	0.01912	0.01926	0.01391	0.03638	0.01308	0.05312	0.01075	0.00685	0.00627	0.00203	0.00832	0.00588	0.00323	0.00891
167	0.01441	0.01320	0.08585	0.34665	0.08527	0.01278	0.01522	0.05261	0.01453	0.09919	0.01770	0.13331	0.01584	0.00926	0.00725	0.00222	0.03075	0.03182	0.00422	0.00792
168	0.03816	0.01391	0.02237	0.20991	0.42030	0.01478	0.01743	0.03815	0.03429	0.08887	0.01356	0.01688	0.01054	0.00642	0.00674	0.00202	0.02670	0.00580	0.00376	0.00941
169	0.01877	0.01468	0.06016	0.09409	0.17092	0.05002	0.10481	0.04107	0.03392	0.22520	0.01906	0.10546	0.01550	0.00831	0.00677	0.00208	0.00734	0.00759	0.00503	0.00921
170	0.04078	0.03289	0.09295	0.04580	0.10866	0.09661	0.03179	0.10987	0.03615	0.06392	0.05610	0.07597	0.10345	0.00998	0.00678	0.00210	0.00694	0.06611	0.00490	0.00823
171	0.30450	0.04152	0.24620	0.04164	0.14767	0.03787	0.05487	0.01985	0.01308	0.02325	0.01072	0.01310	0.00823	0.00599	0.00544	0.00199	0.00762	0.00462	0.00332	0.00853
172	0.15929	0.12457	0.13117	0.04914	0.07455	0.03368	0.01284	0.08541	0.01609	0.18808	0.03560	0.01732	0.03160	0.00708	0.00570	0.00191	0.00673	0.00540	0.00478	0.00907
173	0.01645	0.20010	0.18606	0.04294	0.07384	0.03596	0.07241	0.09806	0.04878	0.04029	0.01383	0.01545	0.02665	0.00637	0.00576	0.00176	0.00765	0.00517	0.00377	0.09868
174	0.03650	0.15420	0.14713	0.07779	0.07620	0.08151	0.05142	0.08730	0.08994	0.05303	0.03493	0.01890	0.03085	0.00731	0.00608	0.00193	0.00770	0.02424	0.00417	0.00887

[dist]
# distance from previous block
# <min> <max>
0	13

[block]
# block no. 1 follows, 34 sequences, length 36
# corresponding to MSA columns:
# 188-223
name=unknown_B
#
# <colnr> <probs for GDERKNQSTAVLIFYWHMCP>
#	G	D	E	R	K	N	Q	S	T	A	V	L	I	F	Y	W	H	M	C	P
0	0.03639	0.11481	0.11461	0.09320	0.12876	0.05200	0.04277	0.05316	0.15499	0.03201	0.07800	0.02000	0.01617	0.02767	0.00689	0.00207	0.00717	0.00621	0.00432	0.00881
1	0.03997	0.04694	0.29916	0.08737	0.11848	0.03305	0.04302	0.03230	0.01471	0.03696	0.09637	0.02090	0.04769	0.00875	0.03001	0.00226	0.00807	0.00630	0.00377	0.02394
2	0.01888	0.42504	0.05411	0.01276	0.01786	0.13157	0.01168	0.14402	0.01691	0.02036	0.01092	0.01247	0.00921	0.00810	0.03987	0.00195	0.00815	0.00422	0.00360	0.04832
3	0.01757	0.07193	0.15785	0.01436	0.06469	0.07004	0.01256	0.05204	0.01636	0.17204	0.11313	0.05264	0.01900	0.00794	0.00616	0.00180	0.00658	0.00649	0.00499	0.13182
4	0.01098	0.00941	0.07384	0.01001	0.01238	0.00726	0.03016	0.01334	0.01431	0.08961	0.15218	0.27494	0.15842	0.06621	0.04403	0.00292	0.00526	0.01256	0.00575	0.00642
5	0.01602	0.05016	0.09787	0.01381	0.01766	0.01365	0.05673	0.02347	0.21091	0.13716	0.09390	0.06591	0.03973	0.00986	0.00855	0.00222	0.09809	0.03003	0.00551	0.00875
6	0.01526	0.03860	0.23986	0.07331	0.29912	0.03087	0.07253	0.02013	0.01439	0.04754	0.01234	0.01524	0.00955	0.00591	0.00621	0.00189	0.00828	0.00537	0.00327	0.08032
7	0.02041	0.00980	0.01246	0.01055	0.01384	0.00926	0.00813	0.02472	0.11911	0.39428	0.07224	0.11119	0.02366	0.12713	0.01083	0.00275	0.00520	0.00874	0.00688	0.00883
8	0.02463	0.01473	0.07453	0.01456	0.04650	0.01283	0.04611	0.18882	0.02059	0.42211	0.05188	0.02051	0.01565	0.00781	0.00656	0.00200	0.00644	0.00646	0.00676	0.01052
9	0.01825	0.01517	0.02546	0.05663	0.36657	0.03398	0.16087	0.02309	0.06181	0.14962	0.01558	0.01783	0.01169	0.00634	0.00667	0.00201	0.00793	0.00634	0.00429	0.00987
10	0.01240	0.02950	0.63258	0.01691	0.02529	0.01370	0.02127	0.01925	0.01432	0.02126	0.11653	0.01870	0.01590	0.00717	0.00636	0.00204	0.00860	0.00579	0.00337	0.00904
11	0.01551	0.01693	0.08242	0.06088	0.54595	0.01545	0.12757	0.01990	0.01465	0.02084	0.01223	0.01608	0.00995	0.00576	0.00657	0.00198	0.00835	0.00597	0.00316	0.00984
12	0.02126	0.00976	0.01293	0.01027	0.01434	0.00839	0.00827	0.02396	0.01782	0.44095	0.23102	0.02869	0.02846	0.00914	0.00662	0.00188	0.00469	0.00770	0.00723	0.10662
13	0.00900	0.00729	0.00808	0.00776	0.00985	0.00673	0.00585	0.01278	0.08577	0.02138	0.29510	0.05352	0.42444	0.01450	0.00753	0.00213	0.00338	0.01232	0.00645	0.00615
14	0.02210	0.06959	0.04636	0.05249	0.05595	0.20779	0.01273	0.27529	0.03479	0.10381	0.01529	0.04771	0.01194	0.00769	0.00621	0.00189	0.00812	0.00583	0.00507	0.00936
15	0.00793	0.00600	0.00732	0.00817	0.00920	0.00539	0.00568	0.00939	0.01367	0.01771	0.11248	0.48367	0.25327	0.01838	0.00800	0.00243	0.00354	0.01628	0.00611	0.00539
16	0.01671	0.33306	0.28080	0.01651	0.08019	0.05107	0.01635	0.05062	0.03301	0.04962	0.01165	0.01312	0.00916	0.00610	0.00537	0.00175	0.00802	0.00447	0.00329	0.00914
17	0.01490	0.34783	0.40733	0.01571	0.02341	0.01955	0.05066	0.02000	0.01350	0.01824	0.01056	0.01243	0.00831	0.00585	0.00536	0.00177	0.00849	0.00435	0.00277	0.00898
18	0.00767	0.00641	0.00668	0.00690	0.00882	0.00542	0.00507	0.00923	0.01438	0.01731	0.06109	0.16549	0.62950	0.01693	0.00773	0.00225	0.00334	0.01433	0.00600	0.00542
19	0.01475	0.01494	0.06864	0.01562	0.08028	0.09126	0.06108	0.11309	0.09698	0.02406	0.18112	0.16052	0.02845	0.01080	0.00705	0.00211	0.00634	0.00947	0.00541	0.00803
20	0.01753	0.74878	0.03327	0.01127	0.01671	0.05267	0.01111	0.01959	0.01332	0.01522	0.00902	0.01041	0.00829	0.00557	0.00421	0.00139	0.00709	0.00348	0.00279	0.00826
21	0.01333	0.01469	0.11956	0.01086	0.01716	0.00955	0.01003	0.01688	0.01343	0.02097	0.01150	0.01343	0.00937	0.00498	0.00498	0.00112	0.00548	0.00397	0.00367	0.69502
22	0.01382	0.03004	0.60859	0.01752	0.02606	0.01534	0.02148	0.04634	0.11765	0.02212	0.01388	0.01524	0.00997	0.00658	0.00621	0.00206	0.00882	0.00518	0.00342	0.00970
23	0.01828	0.66772	0.03158	0.01187	0.01708	0.13106	0.01126	0.02029	0.01389	0.01529	0.00913	0.01055	0.00830	0.00569	0.00439	0.00142	0.00760	0.00356	0.00285	0.00817
24	0.01466	0.01141	0.01874	0.64832	0.04041	0.01364	0.01671	0.01870	0.01373	0.12188	0.01353	0.01792	0.00969	0.00668	0.00647	0.00213	0.00816	0.00585	0.00362	0.00774
25	0.00901	0.00784	0.00963	0.01154	0.11467	0.00697	0.00721	0.01111	0.01508	0.01882	0.12325	0.05405	0.55864	0.01450	0.00745	0.00213	0.00389	0.01229	0.00570	0.00622
26	0.01401	0.01245	0.01938	0.64882	0.04092	0.01519	0.01712	0.11807	0.01547	0.02005	0.01207	0.01698	0.00896	0.00665	0.00646	0.00212	0.00839	0.00575	0.00340	0.00773
27	0.02302	0.01061	0.01435	0.01160	0.01523	0.01031	0.00947	0.02531	0.01677	0.49977	0.08597	0.05102	0.06597	0.00988	0.00888	0.00216	0.11557	0.00768	0.00697	0.00945
28	0.01551	0.02727	0.44713	0.05583	0.02825	0.04903	0.13750	0.12153	0.01654	0.02306	0.01234	0.01464	0.00890	0.00630	0.00644	0.00204	0.00947	0.00543	0.00340	0.00941
29	0.01596	0.02332	0.25759	0.01953	0.02566	0.14636	0.23420	0.02084	0.01526	0.05181	0.01552	0.05557	0.01325	0.00779	0.00691	0.00213	0.00958	0.06658	0.00368	0.00846
30	0.02032	0.01053	0.04446	0.01155	0.01530	0.00875	0.03860	0.02307	0.03173	0.41794	0.02908	0.24202	0.05425	0.01178	0.00709	0.00220	0.00528	0.01028	0.00687	0.00890
31	0.12930	0.01065	0.03175	0.01140	0.01377	0.04259	0.06931	0.06815	0.01456	0.02115	0.05835	0.39995	0.07544	0.01431	0.00720	0.00233	0.00528	0.01265	0.00534	0.00653
32	0.17348	0.01425	0.03355	0.16642	0.21704	0.04571	0.09120	0.03538	0.01434	0.05417	0.03645	0.06342	0.01304	0.00725	0.00620	0.00205	0.00739	0.00644	0.00389	0.00831
33	0.01622	0.06382	0.12890	0.05482	0.18720	0.01407	0.11538	0.03398	0.05378	0.10814	0.01593	0.06218	0.01296	0.00807	0.02396	0.00214	0.00773	0.00653	0.00416	0.08004
34	0.01535	0.04911	0.08672	0.03337	0.03421	0.01211	0.04455	0.08551	0.13262	0.11556	0.02784	0.16808	0.10007	0.01128	0.00697	0.00218	0.00588	0.04299	0.00561	0.01999
35	0.06189	0.05319	0.12561	0.01867	0.13326	0.08058	0.09632	0.05348	0.03943	0.05162	0.12105	0.05472	0.05135	0.00845	0.00681	0.00201	0.02140	0.00730	0.00446	0.00839

[dist]
# distance from previous block
# <min> <max>
2	12

[block]
# block no. 2 follows, 34 sequences, length 23
# corresponding to MSA columns:
# 236-258
name=unknown_C
#
# <colnr> <probs for GDERKNQSTAVLIFYWHMCP>
#	G	D	E	R	K	N	Q	S	T	A	V	L	I	F	Y	W	H	M	C	P
0	0.11333	0.06287	0.17964	0.02229	0.26208	0.07190	0.01587	0.04971	0.03445	0.02180	0.01764	0.01938	0.08786	0.00725	0.00602	0.00194	0.00746	0.00591	0.00372	0.00887
1	0.14158	0.06752	0.03440	0.07265	0.05967	0.18297	0.01180	0.18391	0.01792	0.02439	0.01232	0.02677	0.01023	0.04246	0.00729	0.00203	0.02688	0.00512	0.00418	0.06593
2	0.01825	0.12293	0.07356	0.11230	0.06426	0.12045	0.08602	0.14930	0.05217	0.05548	0.01429	0.04428	0.01150	0.00786	0.01943	0.00205	0.00835	0.00592	0.00421	0.02741
3	0.33260	0.01622	0.01565	0.06558	0.07290	0.12550	0.03044	0.14537	0.01657	0.07343	0.01237	0.01463	0.00958	0.03594	0.00645	0.00211	0.00709	0.00489	0.00444	0.00825
4	0.05324	0.01433	0.01529	0.01447	0.07805	0.06428	0.01036	0.33004	0.02151	0.02880	0.05797	0.13962	0.09351	0.03934	0.00776	0.00222	0.00622	0.00878	0.00567	0.00853
5	0.01788	0.01447	0.01670	0.08241	0.08142	0.05539	0.01176	0.32342	0.02084	0.02769	0.01771	0.09447	0.01605	0.05496	0.05160	0.00275	0.00758	0.04466	0.00514	0.05309
6	0.02007	0.01591	0.01835	0.01536	0.05900	0.04415	0.05030	0.42997	0.02368	0.03186	0.05001	0.01982	0.01445	0.09085	0.00928	0.00232	0.00702	0.00634	0.00548	0.08578
7	0.01204	0.00945	0.01344	0.01655	0.17722	0.00944	0.01018	0.05488	0.04391	0.02082	0.14854	0.14618	0.06930	0.04909	0.01043	0.08281	0.00538	0.10826	0.00518	0.00689
8	0.00944	0.00685	0.00882	0.00925	0.01032	0.00678	0.00668	0.04881	0.01430	0.01939	0.16589	0.37640	0.06933	0.07418	0.09914	0.00367	0.00572	0.05352	0.00578	0.00575
9	0.00943	0.00669	0.00911	0.00911	0.01011	0.00739	0.00674	0.01128	0.01066	0.01539	0.02063	0.03063	0.05263	0.19575	0.49612	0.00834	0.01305	0.00769	0.07385	0.00539
10	0.00988	0.00768	0.00825	0.00785	0.00981	0.00720	0.00573	0.08596	0.01563	0.01971	0.09616	0.11454	0.43363	0.13534	0.01156	0.00283	0.00419	0.01239	0.00580	0.00584
11	0.33723	0.00969	0.00941	0.00864	0.01157	0.01013	0.00668	0.01718	0.04461	0.10966	0.08042	0.10949	0.14974	0.06013	0.00769	0.00239	0.00455	0.00851	0.00541	0.00688
12	0.01043	0.00666	0.00830	0.00825	0.00961	0.00610	0.00582	0.01213	0.01454	0.08512	0.24342	0.25020	0.14725	0.14805	0.01211	0.00296	0.00407	0.01299	0.00615	0.00583
13	0.07394	0.01108	0.01468	0.01133	0.01627	0.00978	0.00935	0.03078	0.01807	0.69678	0.02455	0.02134	0.01548	0.00788	0.00636	0.00200	0.00547	0.00633	0.00777	0.01077
14	0.00804	0.00626	0.00721	0.00757	0.00900	0.00554	0.00539	0.00969	0.01438	0.01837	0.16627	0.27221	0.37907	0.05000	0.00892	0.00247	0.00351	0.01455	0.00610	0.00543
15	0.01201	0.00704	0.00891	0.00896	0.01043	0.00658	0.00636	0.01420	0.04053	0.13220	0.10863	0.38822	0.07661	0.09966	0.01036	0.00277	0.00422	0.01351	0.04246	0.00634
16	0.00818	0.00604	0.00743	0.00815	0.00904	0.00553	0.00557	0.00960	0.01349	0.01777	0.14977	0.43277	0.18704	0.09579	0.01056	0.00281	0.00380	0.01540	0.00596	0.00529
17	0.01108	0.00668	0.00821	0.00811	0.00902	0.00633	0.00533	0.01207	0.01243	0.09434	0.11838	0.21154	0.05770	0.38710	0.02004	0.00425	0.00506	0.01163	0.00534	0.00534
18	0.00983	0.00646	0.00787	0.00801	0.00926	0.00594	0.00560	0.01148	0.01410	0.06085	0.19683	0.27016	0.16757	0.14068	0.01176	0.00291	0.00398	0.01314	0.04791	0.00564
19	0.01149	0.00667	0.00815	0.00808	0.00963	0.00616	0.00585	0.01357	0.01467	0.10138	0.18600	0.24770	0.10970	0.06286	0.00865	0.00238	0.00375	0.01188	0.17524	0.00618
20	0.64844	0.01127	0.00944	0.00865	0.01207	0.01303	0.00703	0.01762	0.01104	0.02655	0.01095	0.01356	0.00895	0.01268	0.11956	0.00328	0.00680	0.00417	0.04815	0.00675
21	0.01035	0.00720	0.00863	0.00891	0.01041	0.00688	0.00634	0.01361	0.09076	0.06834	0.08469	0.38857	0.19180	0.06097	0.00921	0.00261	0.00401	0.01432	0.00615	0.00621
22	0.01488	0.01155	0.01382	0.13313	0.01845	0.01272	0.00979	0.24818	0.01843	0.02432	0.05609	0.03161	0.14312	0.18535	0.01348	0.00306	0.04132	0.00827	0.00507	0.00736

[dist]
# distance from previous block
# <min> <max>
0	4

# created by:
# /home/berkeley/.conda/envs/busco_data_prod/bin/msa2prfl.pl pipeline/OGs_align_augustus/4893/2500.fs
