[name]
unknown

[dist]
# distance from previous block
# <min> <max>
0	2

[block]
# block no. 0 follows, 34 sequences, length 39
# corresponding to MSA columns:
# 2-40
name=unknown_A
#
# <colnr> <probs for GDERKNQSTAVLIFYWHMCP>
#	G	D	E	R	K	N	Q	S	T	A	V	L	I	F	Y	W	H	M	C	P
0	0.04218	0.01089	0.01539	0.01499	0.11915	0.00988	0.01042	0.02604	0.01765	0.48770	0.13403	0.02618	0.02252	0.00868	0.00666	0.00202	0.00543	0.02327	0.00702	0.00990
1	0.01555	0.01480	0.02499	0.06270	0.66162	0.01479	0.01892	0.01935	0.01473	0.02111	0.03611	0.01703	0.01186	0.00600	0.00639	0.00190	0.00746	0.00589	0.00334	0.03546
2	0.01585	0.01781	0.03324	0.02580	0.08622	0.07425	0.52481	0.02054	0.01511	0.02015	0.01246	0.01646	0.00965	0.00576	0.00775	0.00206	0.04081	0.00687	0.00329	0.06110
3	0.01636	0.01685	0.05168	0.13816	0.51918	0.07383	0.01880	0.05038	0.01540	0.02087	0.01201	0.01571	0.00981	0.00603	0.00635	0.00194	0.00817	0.00559	0.00329	0.00959
4	0.09963	0.01395	0.04477	0.01474	0.07324	0.07579	0.07073	0.03561	0.17630	0.02461	0.24607	0.02866	0.05053	0.00929	0.00666	0.00204	0.00588	0.00800	0.00546	0.00803
5	0.01808	0.01377	0.01488	0.01291	0.01682	0.01541	0.01018	0.10939	0.54138	0.10361	0.02650	0.02437	0.04559	0.00886	0.00659	0.00214	0.00531	0.00729	0.00669	0.01021
6	0.01816	0.01434	0.01541	0.01318	0.01728	0.01603	0.01042	0.15251	0.52428	0.06891	0.02361	0.02193	0.01746	0.00834	0.00646	0.00207	0.00547	0.00682	0.00650	0.05081
7	0.01572	0.01530	0.02679	0.07886	0.63827	0.01538	0.07477	0.01971	0.01466	0.02082	0.01219	0.01618	0.01011	0.00577	0.00650	0.00195	0.00799	0.00591	0.00319	0.00994
8	0.02271	0.01574	0.01728	0.01383	0.01852	0.01722	0.01124	0.40393	0.23464	0.14441	0.02028	0.01908	0.01437	0.00810	0.00650	0.00202	0.00626	0.00637	0.00673	0.01076
9	0.06514	0.01528	0.01657	0.01431	0.04135	0.01705	0.01110	0.29348	0.34498	0.07969	0.02066	0.01963	0.01508	0.00807	0.00638	0.00206	0.00599	0.00641	0.00637	0.01039
10	0.01680	0.01688	0.02544	0.03739	0.66224	0.08761	0.01910	0.02042	0.01507	0.02059	0.01194	0.01556	0.01005	0.00585	0.00634	0.00189	0.00807	0.00560	0.00321	0.00996
11	0.01280	0.01210	0.02047	0.64327	0.15391	0.01451	0.01824	0.01704	0.01320	0.01724	0.01159	0.01703	0.00887	0.00635	0.00645	0.00212	0.00846	0.00574	0.00292	0.00766
12	0.00935	0.00673	0.00962	0.00962	0.01049	0.00761	0.00713	0.01097	0.01010	0.01434	0.01768	0.02859	0.01745	0.19511	0.57207	0.04238	0.01458	0.00737	0.00353	0.00527
13	0.01255	0.01170	0.01895	0.69021	0.04200	0.01451	0.01725	0.01812	0.07683	0.01746	0.01282	0.01785	0.00962	0.00667	0.00647	0.00216	0.00830	0.00588	0.00321	0.00745
14	0.00923	0.00692	0.01038	0.01038	0.01154	0.00808	0.00808	0.01154	0.01038	0.01500	0.01731	0.02538	0.01615	0.04846	0.74732	0.01038	0.01731	0.00692	0.00346	0.00577
15	0.02500	0.01740	0.01896	0.01453	0.01969	0.01900	0.01201	0.64396	0.02921	0.10949	0.01650	0.01615	0.01148	0.00778	0.00647	0.00195	0.00695	0.00588	0.00662	0.01099
16	0.02456	0.01810	0.01939	0.01487	0.02004	0.02004	0.01228	0.71107	0.03038	0.04072	0.01551	0.01551	0.01099	0.00776	0.00646	0.00194	0.00711	0.00582	0.00646	0.01099
17	0.00940	0.00626	0.00705	0.00705	0.00705	0.00626	0.00392	0.00940	0.00940	0.01253	0.02036	0.04228	0.02349	0.77292	0.03289	0.00626	0.00626	0.00940	0.00392	0.00392
18	0.01560	0.01495	0.02551	0.11446	0.66090	0.01525	0.01963	0.01948	0.01453	0.02063	0.01208	0.01612	0.01007	0.00583	0.00640	0.00194	0.00777	0.00576	0.00316	0.00992
19	0.04355	0.38006	0.02464	0.01200	0.01711	0.07681	0.01073	0.10241	0.01707	0.23615	0.01478	0.01456	0.01089	0.00663	0.00525	0.00167	0.00683	0.00470	0.00484	0.00932
20	0.01474	0.01408	0.02397	0.27607	0.50596	0.01502	0.01921	0.01874	0.01412	0.01959	0.01193	0.01640	0.00970	0.00599	0.00642	0.00200	0.00798	0.00575	0.00309	0.00923
21	0.00773	0.00655	0.00668	0.00665	0.00879	0.00550	0.00498	0.00946	0.01495	0.01799	0.10767	0.06130	0.68744	0.01616	0.00764	0.00217	0.00326	0.01351	0.00607	0.00550
22	0.01693	0.71744	0.09021	0.01164	0.01749	0.02472	0.01208	0.01944	0.01317	0.01562	0.00919	0.01063	0.00828	0.00558	0.00431	0.00144	0.00712	0.00356	0.00276	0.00839
23	0.01914	0.57421	0.02964	0.01257	0.01750	0.22148	0.01144	0.02110	0.01454	0.01537	0.00926	0.01071	0.00830	0.00583	0.00460	0.00146	0.00820	0.00365	0.00292	0.00807
24	0.00786	0.00569	0.00743	0.00882	0.00933	0.00526	0.00592	0.00902	0.01254	0.01656	0.03776	0.71787	0.09219	0.01996	0.00820	0.00259	0.00371	0.01803	0.00600	0.00526
25	0.01402	0.01336	0.02253	0.39844	0.35844	0.01503	0.01865	0.01799	0.01362	0.01858	0.01167	0.01653	0.00935	0.00634	0.00704	0.00207	0.03901	0.00575	0.00302	0.00857
26	0.00764	0.00655	0.00655	0.00655	0.00873	0.00545	0.00491	0.00927	0.01473	0.01745	0.06546	0.06218	0.73000	0.01636	0.00764	0.00218	0.00327	0.01364	0.00600	0.00545
27	0.01296	0.03342	0.73944	0.01842	0.02797	0.01501	0.02387	0.02046	0.01364	0.02046	0.01160	0.01364	0.00818	0.00614	0.00614	0.00205	0.00955	0.00477	0.00273	0.00955
28	0.01340	0.01148	0.01340	0.00957	0.01531	0.00861	0.00766	0.01627	0.01340	0.02105	0.01148	0.01340	0.00957	0.00479	0.00479	0.00096	0.00479	0.00383	0.00383	0.81242
29	0.02591	0.01042	0.01406	0.01113	0.01556	0.00915	0.00905	0.02876	0.03538	0.62265	0.08215	0.06595	0.02117	0.00912	0.00669	0.00204	0.00520	0.00760	0.00778	0.01027
30	0.01287	0.01219	0.02049	0.61787	0.15400	0.01469	0.01812	0.01701	0.01311	0.01722	0.01149	0.01693	0.00887	0.00651	0.00694	0.00214	0.03323	0.00574	0.00292	0.00766
31	0.02259	0.15495	0.02065	0.01548	0.01913	0.60641	0.01207	0.02436	0.01744	0.01598	0.02912	0.01242	0.00973	0.00664	0.00559	0.00163	0.01063	0.00425	0.00334	0.00759
32	0.00787	0.00562	0.00750	0.00900	0.00937	0.00525	0.00600	0.00900	0.01237	0.01649	0.03561	0.76871	0.04274	0.02024	0.00825	0.00262	0.00375	0.01837	0.00600	0.00525
33	0.05812	0.08897	0.21103	0.01698	0.02329	0.01726	0.14060	0.18180	0.12137	0.05523	0.01512	0.01618	0.01108	0.00678	0.00627	0.00200	0.00795	0.00579	0.00453	0.00965
34	0.01534	0.01456	0.02397	0.08175	0.60151	0.01484	0.01828	0.02012	0.06480	0.02105	0.01580	0.01897	0.04706	0.00655	0.00648	0.00197	0.00733	0.00626	0.00356	0.00980
35	0.01269	0.01198	0.02026	0.66535	0.13275	0.01448	0.01819	0.01693	0.01315	0.01710	0.01157	0.01707	0.00882	0.00637	0.00645	0.00212	0.00849	0.00574	0.00291	0.00757
36	0.01634	0.00820	0.01094	0.00935	0.01213	0.00733	0.00733	0.01919	0.01836	0.28385	0.47397	0.03874	0.04466	0.01132	0.00721	0.00202	0.00394	0.00980	0.00743	0.00787
37	0.01419	0.05666	0.02034	0.01646	0.01680	0.01981	0.01381	0.01566	0.01009	0.01552	0.00874	0.01422	0.00867	0.01194	0.03898	0.00294	0.69967	0.00556	0.00284	0.00710
38	0.01700	0.69665	0.05273	0.01254	0.01826	0.02455	0.06714	0.01948	0.01331	0.01578	0.00938	0.01102	0.00841	0.00554	0.00448	0.00146	0.00730	0.00382	0.00280	0.00836

[dist]
# distance from previous block
# <min> <max>
0	1

[block]
# block no. 1 follows, 34 sequences, length 129
# corresponding to MSA columns:
# 42-170
name=unknown_B
#
# <colnr> <probs for GDERKNQSTAVLIFYWHMCP>
#	G	D	E	R	K	N	Q	S	T	A	V	L	I	F	Y	W	H	M	C	P
0	0.01140	0.07072	0.01427	0.01175	0.01325	0.01201	0.00953	0.04475	0.01144	0.01628	0.01507	0.02183	0.01399	0.03688	0.53127	0.00800	0.14133	0.00638	0.00344	0.00643
1	0.00914	0.00660	0.00864	0.00813	0.00965	0.00610	0.00610	0.01219	0.01829	0.02591	0.72921	0.04827	0.06097	0.01321	0.00762	0.00203	0.00305	0.01169	0.00711	0.00610
2	0.01332	0.09626	0.67981	0.01779	0.02700	0.01590	0.02279	0.02037	0.01360	0.02002	0.01137	0.01336	0.00819	0.00609	0.00597	0.00199	0.00933	0.00466	0.00273	0.00944
3	0.01944	0.01555	0.01651	0.01383	0.01809	0.01764	0.01104	0.30271	0.44708	0.03246	0.02202	0.02070	0.01626	0.00837	0.00653	0.00209	0.00591	0.00672	0.00653	0.01053
4	0.02456	0.01810	0.01939	0.01487	0.02004	0.02004	0.01228	0.71107	0.03038	0.04072	0.01551	0.01551	0.01099	0.00776	0.00646	0.00194	0.00711	0.00582	0.00646	0.01099
5	0.01414	0.01414	0.01979	0.01696	0.01696	0.01979	0.01414	0.01555	0.00990	0.01555	0.00848	0.01414	0.00848	0.01131	0.02120	0.00283	0.76110	0.00565	0.00283	0.00707
6	0.00905	0.00612	0.00715	0.00749	0.00757	0.00604	0.00438	0.00931	0.01007	0.01342	0.02380	0.20604	0.02783	0.60325	0.02733	0.00544	0.00570	0.01142	0.00438	0.00422
7	0.00792	0.00564	0.00748	0.00893	0.00930	0.00528	0.00593	0.00901	0.01227	0.01637	0.03512	0.74514	0.04211	0.04466	0.00905	0.00274	0.00383	0.01808	0.00593	0.00520
8	0.02747	0.01261	0.01590	0.01228	0.01725	0.01200	0.01011	0.17391	0.05302	0.55890	0.02344	0.02073	0.01512	0.00798	0.00649	0.00200	0.00582	0.00639	0.00761	0.01096
9	0.02456	0.01810	0.01939	0.01487	0.02004	0.02004	0.01228	0.71107	0.03038	0.04072	0.01551	0.01551	0.01099	0.00776	0.00646	0.00194	0.00711	0.00582	0.00646	0.01099
10	0.00939	0.00628	0.00714	0.00714	0.00717	0.00632	0.00403	0.00946	0.00942	0.01260	0.02027	0.04180	0.02328	0.75242	0.05311	0.00638	0.00658	0.00933	0.00390	0.00397
11	0.01442	0.27038	0.48896	0.01638	0.02454	0.01843	0.04424	0.02011	0.01354	0.01879	0.01081	0.01273	0.00828	0.00592	0.00556	0.00184	0.00875	0.00445	0.00276	0.00912
12	0.01424	0.01455	0.02251	0.04101	0.02030	0.01911	0.11772	0.01635	0.01078	0.01635	0.00926	0.01472	0.00868	0.01029	0.01873	0.00271	0.62653	0.00595	0.00289	0.00732
13	0.01122	0.00561	0.00842	0.00842	0.00842	0.00561	0.00561	0.00842	0.00842	0.01122	0.01122	0.01964	0.01122	0.02245	0.02525	0.81201	0.00561	0.00561	0.00281	0.00281
14	0.01513	0.03763	0.12741	0.11866	0.50886	0.01549	0.04456	0.01955	0.01433	0.02031	0.01195	0.01570	0.00969	0.00588	0.00635	0.00196	0.00815	0.00562	0.00308	0.00968
15	0.01510	0.40272	0.38893	0.01476	0.02231	0.02025	0.01751	0.01991	0.01339	0.01785	0.01030	0.01201	0.00824	0.00584	0.00515	0.00172	0.00824	0.00412	0.00275	0.00892
16	0.00871	0.00732	0.00782	0.04137	0.01081	0.00679	0.00581	0.01159	0.06978	0.01762	0.05488	0.05491	0.56230	0.09964	0.01031	0.00264	0.00400	0.01230	0.00567	0.00574
17	0.02414	0.03079	0.01831	0.01665	0.01998	0.74698	0.01248	0.02580	0.01831	0.01581	0.00999	0.01165	0.00832	0.00666	0.00583	0.00166	0.01165	0.00416	0.00333	0.00749
18	0.00838	0.00599	0.00808	0.00958	0.01018	0.00569	0.00688	0.00988	0.01287	0.01706	0.03533	0.62936	0.04162	0.01976	0.00838	0.00269	0.00419	0.15269	0.00599	0.00539
19	0.02456	0.01810	0.01939	0.01487	0.02004	0.02004	0.01228	0.71107	0.03038	0.04072	0.01551	0.01551	0.01099	0.00776	0.00646	0.00194	0.00711	0.00582	0.00646	0.01099
20	0.16379	0.01125	0.01406	0.01098	0.01581	0.01035	0.00907	0.02936	0.01721	0.61620	0.02268	0.02003	0.01446	0.00766	0.00607	0.00200	0.00541	0.00599	0.00731	0.01031
21	0.26055	0.09596	0.05042	0.01556	0.09105	0.16290	0.03258	0.10353	0.04670	0.02464	0.05059	0.01488	0.01184	0.00677	0.00544	0.00187	0.00734	0.00493	0.00415	0.00830
22	0.00940	0.00626	0.00705	0.00705	0.00705	0.00626	0.00392	0.00940	0.00940	0.01253	0.02036	0.04228	0.02349	0.77292	0.03289	0.00626	0.00626	0.00940	0.00392	0.00392
23	0.11703	0.01285	0.01329	0.01181	0.01549	0.01440	0.00927	0.04679	0.49045	0.07834	0.02783	0.02595	0.09082	0.00912	0.00635	0.00215	0.00499	0.00738	0.00629	0.00941
24	0.07399	0.09344	0.15747	0.04999	0.08046	0.14838	0.01459	0.12694	0.01745	0.13079	0.01351	0.01468	0.00994	0.00686	0.00642	0.00191	0.03465	0.00503	0.00434	0.00919
25	0.00931	0.00625	0.00714	0.00719	0.00728	0.00621	0.00412	0.00951	0.00996	0.01335	0.05409	0.07814	0.02618	0.70071	0.03050	0.00589	0.00599	0.00994	0.00417	0.00408
26	0.06040	0.01168	0.01450	0.01174	0.01607	0.01130	0.00965	0.12707	0.07014	0.43966	0.07830	0.02681	0.02030	0.00912	0.00667	0.00209	0.00553	0.06175	0.00726	0.00997
27	0.12014	0.29847	0.10218	0.05540	0.01927	0.03693	0.04779	0.05280	0.01400	0.04972	0.01239	0.01636	0.01060	0.04355	0.03410	0.00227	0.00756	0.02540	0.00360	0.04746
28	0.01560	0.14718	0.46602	0.01809	0.05683	0.04255	0.05358	0.05847	0.01497	0.05158	0.01204	0.01381	0.00887	0.00618	0.00593	0.00192	0.00888	0.00486	0.00323	0.00941
29	0.00962	0.00720	0.00837	0.00816	0.00996	0.02136	0.00616	0.01200	0.01649	0.04691	0.38489	0.11321	0.27091	0.01472	0.00766	0.00217	0.00358	0.04406	0.00656	0.00601
30	0.03575	0.07548	0.40744	0.14231	0.02874	0.05752	0.07733	0.02020	0.01411	0.04514	0.02992	0.01532	0.00998	0.00637	0.00616	0.00201	0.00902	0.00526	0.00317	0.00877
31	0.10864	0.06549	0.04322	0.06469	0.05621	0.18345	0.01191	0.11377	0.04162	0.02259	0.01163	0.01360	0.00932	0.00656	0.00646	0.00173	0.05479	0.00461	0.00392	0.17579
32	0.00961	0.07058	0.01047	0.00936	0.01078	0.03544	0.00702	0.01117	0.01338	0.01694	0.05192	0.42052	0.18212	0.01793	0.02774	0.00262	0.02065	0.07047	0.00552	0.00575
33	0.00943	0.00709	0.00858	0.00802	0.00987	0.00654	0.00607	0.04166	0.01792	0.02444	0.53232	0.05033	0.22618	0.01376	0.00757	0.00207	0.00328	0.01192	0.00681	0.00615
34	0.01565	0.01746	0.03732	0.02670	0.03318	0.01650	0.67904	0.05053	0.01590	0.02156	0.01318	0.01735	0.00986	0.00555	0.00758	0.00217	0.01073	0.00755	0.00341	0.00881
35	0.01607	0.01388	0.01461	0.01315	0.01680	0.01607	0.01023	0.03433	0.72094	0.02703	0.02630	0.02411	0.01972	0.00877	0.00657	0.00219	0.00511	0.00731	0.00657	0.01023
36	0.00787	0.00562	0.00750	0.00900	0.00937	0.00525	0.00600	0.00900	0.01237	0.01649	0.03561	0.76871	0.04274	0.02024	0.00825	0.00262	0.00375	0.01837	0.00600	0.00525
37	0.01340	0.01148	0.01340	0.00957	0.01531	0.00861	0.00766	0.01627	0.01340	0.02105	0.01148	0.01340	0.00957	0.00479	0.00479	0.00096	0.00479	0.00383	0.00383	0.81242
38	0.01525	0.01743	0.03813	0.02723	0.03377	0.01634	0.70915	0.02070	0.01525	0.02070	0.01307	0.01743	0.00980	0.00545	0.00763	0.00218	0.01089	0.00763	0.00327	0.00871
39	0.00772	0.00641	0.00676	0.00697	0.00885	0.00544	0.00511	0.00932	0.01447	0.01756	0.08107	0.17002	0.60434	0.01686	0.00773	0.00225	0.00334	0.01430	0.00603	0.00544
40	0.00784	0.00574	0.00737	0.00867	0.00929	0.00528	0.00585	0.00903	0.01268	0.01662	0.03954	0.67581	0.13310	0.01973	0.00817	0.00257	0.00369	0.01775	0.00600	0.00528
41	0.00968	0.00736	0.01035	0.01011	0.01089	0.00861	0.00756	0.01135	0.01010	0.01444	0.01732	0.02861	0.01732	0.22396	0.51035	0.00874	0.07689	0.00743	0.00352	0.00542
42	0.01439	0.01459	0.01938	0.01670	0.01689	0.05078	0.01384	0.01584	0.01028	0.01554	0.00888	0.01445	0.00876	0.01249	0.04758	0.00306	0.70101	0.00564	0.00287	0.00704
43	0.01668	0.19911	0.29232	0.01864	0.05777	0.01771	0.15437	0.07507	0.01557	0.07529	0.01267	0.01452	0.00944	0.00611	0.00603	0.00190	0.00862	0.00529	0.00356	0.00935
44	0.01563	0.27631	0.29615	0.01869	0.13844	0.01857	0.01719	0.07375	0.01517	0.02065	0.04451	0.01469	0.01123	0.00633	0.00561	0.00179	0.00787	0.00490	0.00331	0.00919
45	0.01527	0.04602	0.11442	0.03040	0.42838	0.01553	0.10650	0.02110	0.08742	0.02123	0.01553	0.01823	0.03764	0.00646	0.00650	0.00199	0.00786	0.00624	0.00359	0.00970
46	0.00780	0.00655	0.00677	0.00671	0.00882	0.00552	0.00503	0.00958	0.01510	0.01834	0.13529	0.06072	0.65961	0.01603	0.00763	0.00217	0.00325	0.01343	0.00612	0.00552
47	0.00968	0.00654	0.00753	0.00759	0.00798	0.00657	0.00466	0.02847	0.01076	0.01462	0.02357	0.12485	0.05125	0.56180	0.06387	0.00555	0.00629	0.01021	0.04370	0.00452
48	0.04325	0.22778	0.16309	0.01502	0.02046	0.27175	0.03346	0.04556	0.03458	0.07163	0.01185	0.01304	0.00924	0.00639	0.00552	0.00174	0.00898	0.00448	0.00361	0.00857
49	0.01587	0.01286	0.01443	0.03506	0.04260	0.05223	0.01020	0.16189	0.16365	0.05504	0.02483	0.14913	0.07742	0.01388	0.06242	0.00280	0.06609	0.00889	0.02240	0.00829
50	0.00789	0.00571	0.00746	0.00880	0.00933	0.00528	0.00592	0.00909	0.01268	0.01679	0.05454	0.70087	0.09219	0.01980	0.00819	0.00258	0.00370	0.01787	0.00603	0.00528
51	0.01077	0.01120	0.08735	0.01120	0.01382	0.00944	0.04153	0.04935	0.04174	0.02080	0.18126	0.16819	0.18625	0.04641	0.00968	0.00245	0.06448	0.03194	0.00547	0.00667
52	0.01745	0.11223	0.16980	0.02220	0.20836	0.01768	0.05220	0.15701	0.06204	0.04577	0.01341	0.01537	0.01036	0.00683	0.00720	0.00198	0.06085	0.00550	0.00403	0.00973
53	0.03692	0.01197	0.01430	0.01417	0.07032	0.06786	0.01013	0.07173	0.04382	0.05360	0.01584	0.02294	0.01447	0.13541	0.26588	0.00560	0.12735	0.00660	0.00401	0.00708
54	0.00769	0.00655	0.00662	0.00660	0.00876	0.00548	0.00495	0.00938	0.01485	0.01776	0.08915	0.06169	0.70611	0.01625	0.00764	0.00218	0.00326	0.01357	0.00604	0.00548
55	0.09114	0.36709	0.09870	0.01468	0.06515	0.08413	0.01293	0.15752	0.01697	0.02249	0.01084	0.01221	0.00883	0.00619	0.00509	0.00168	0.00751	0.00427	0.00368	0.00890
56	0.01469	0.01389	0.03961	0.05554	0.51638	0.01343	0.03538	0.01829	0.01457	0.03523	0.03186	0.06346	0.03068	0.02400	0.00734	0.00216	0.00722	0.06329	0.00381	0.00915
57	0.01392	0.01457	0.04250	0.01740	0.01827	0.01864	0.07216	0.01584	0.01046	0.01603	0.00954	0.01551	0.00922	0.03326	0.04036	0.00306	0.63325	0.00593	0.00291	0.00716
58	0.01688	0.63660	0.13999	0.01238	0.01843	0.05084	0.01305	0.01976	0.01340	0.01602	0.00942	0.01091	0.00828	0.00566	0.00451	0.00149	0.00749	0.00368	0.00278	0.00845
59	0.01412	0.20055	0.44035	0.01561	0.02287	0.03349	0.01826	0.01978	0.03339	0.01911	0.02708	0.03837	0.01083	0.00688	0.00643	0.00190	0.04333	0.00512	0.00310	0.03941
60	0.01426	0.01409	0.01632	0.10529	0.19801	0.14299	0.01221	0.01720	0.04564	0.01714	0.01695	0.11117	0.01689	0.15493	0.06594	0.00345	0.02869	0.00781	0.00382	0.00720
61	0.02444	0.01709	0.01855	0.01427	0.01929	0.01869	0.01177	0.63187	0.02882	0.09470	0.01650	0.01634	0.01159	0.00777	0.00639	0.00193	0.00683	0.00588	0.03646	0.01080
62	0.00792	0.00566	0.00754	0.00896	0.00938	0.00528	0.00600	0.00912	0.01260	0.01685	0.06197	0.74133	0.04343	0.01998	0.00822	0.00260	0.00372	0.01811	0.00604	0.00528
63	0.01507	0.01871	0.09425	0.02653	0.03330	0.01623	0.65431	0.02068	0.01512	0.02068	0.01295	0.01713	0.00967	0.00550	0.00751	0.00217	0.01079	0.00740	0.00322	0.00878
64	0.01395	0.01147	0.01345	0.00964	0.01535	0.00864	0.00772	0.01681	0.01358	0.04626	0.01198	0.01370	0.00980	0.00490	0.00485	0.00099	0.00481	0.00392	0.00397	0.78421
65	0.00823	0.00706	0.04347	0.00958	0.01046	0.00582	0.00706	0.00975	0.01254	0.01681	0.03438	0.70166	0.04080	0.01945	0.00817	0.00261	0.00413	0.04669	0.00584	0.00549
66	0.00821	0.00566	0.00738	0.00876	0.00922	0.00531	0.00588	0.00949	0.01247	0.01711	0.03444	0.70867	0.04062	0.01922	0.00795	0.00253	0.00369	0.01737	0.07072	0.00531
67	0.01694	0.71857	0.08914	0.01163	0.01748	0.02474	0.01206	0.01944	0.01317	0.01561	0.00919	0.01062	0.00828	0.00558	0.00430	0.00143	0.00712	0.00356	0.00276	0.00839
68	0.00812	0.00583	0.00775	0.00915	0.00971	0.00547	0.00635	0.00947	0.01281	0.01702	0.05489	0.66856	0.06283	0.01973	0.00827	0.00263	0.00391	0.07613	0.00602	0.00534
69	0.00796	0.00569	0.00760	0.00910	0.00952	0.00533	0.00616	0.00915	0.01246	0.01660	0.03556	0.74387	0.04254	0.02016	0.00827	0.00264	0.00383	0.04231	0.00600	0.00527
70	0.02826	0.01216	0.01572	0.01205	0.01707	0.01122	0.00995	0.14283	0.02044	0.62300	0.02386	0.02093	0.01517	0.00796	0.00649	0.00199	0.00576	0.00639	0.00775	0.01099
71	0.01525	0.01743	0.03813	0.02723	0.03377	0.01634	0.70915	0.02070	0.01525	0.02070	0.01307	0.01743	0.00980	0.00545	0.00763	0.00218	0.01089	0.00763	0.00327	0.00871
72	0.00934	0.00624	0.00706	0.00712	0.00713	0.00623	0.00399	0.00938	0.00951	0.01268	0.02093	0.06961	0.02421	0.74461	0.03196	0.00613	0.00617	0.00973	0.00399	0.00397
73	0.01196	0.00604	0.00610	0.00609	0.00759	0.00602	0.00456	0.01497	0.01369	0.02414	0.04252	0.02482	0.01791	0.00770	0.00461	0.00152	0.00301	0.00619	0.78451	0.00602
74	0.01414	0.01414	0.01979	0.01696	0.01696	0.01979	0.01414	0.01555	0.00990	0.01555	0.00848	0.01414	0.00848	0.01131	0.02120	0.00283	0.76110	0.00565	0.00283	0.00707
75	0.01727	0.77681	0.03386	0.01106	0.01658	0.02557	0.01106	0.01935	0.01313	0.01520	0.00898	0.01036	0.00829	0.00553	0.00415	0.00138	0.00691	0.00345	0.00276	0.00829
76	0.00786	0.00567	0.00745	0.00889	0.00934	0.00526	0.00595	0.00901	0.01248	0.01654	0.03697	0.73648	0.07408	0.02007	0.00822	0.00260	0.00373	0.01815	0.00600	0.00526
77	0.81856	0.01250	0.00950	0.00850	0.01250	0.01449	0.00700	0.01899	0.01100	0.02899	0.00900	0.01050	0.00700	0.00600	0.00400	0.00200	0.00500	0.00350	0.00400	0.00700
78	0.01340	0.01148	0.01340	0.00957	0.01531	0.00861	0.00766	0.01627	0.01340	0.02105	0.01148	0.01340	0.00957	0.00479	0.00479	0.00096	0.00479	0.00383	0.00383	0.81242
79	0.01727	0.77681	0.03386	0.01106	0.01658	0.02557	0.01106	0.01935	0.01313	0.01520	0.00898	0.01036	0.00829	0.00553	0.00415	0.00138	0.00691	0.00345	0.00276	0.00829
80	0.00940	0.00626	0.00705	0.00705	0.00705	0.00626	0.00392	0.00940	0.00940	0.01253	0.02036	0.04228	0.02349	0.77292	0.03289	0.00626	0.00626	0.00940	0.00392	0.00392
81	0.00912	0.00671	0.00877	0.01002	0.01107	0.00653	0.00765	0.01172	0.04635	0.01804	0.03692	0.43938	0.09103	0.01859	0.00836	0.00269	0.00454	0.25077	0.00601	0.00574
82	0.01549	0.01589	0.05877	0.03426	0.56569	0.01462	0.06822	0.01951	0.01455	0.02104	0.01212	0.01568	0.01003	0.00564	0.00628	0.00183	0.00766	0.00562	0.00326	0.10385
83	0.00937	0.00637	0.00758	0.00758	0.00777	0.00655	0.00458	0.00974	0.00955	0.01292	0.01987	0.03958	0.02232	0.65711	0.14709	0.00692	0.00803	0.00900	0.00384	0.00421
84	0.00923	0.00692	0.01038	0.01038	0.01154	0.00808	0.00808	0.01154	0.01038	0.01500	0.01731	0.02538	0.01615	0.04846	0.74732	0.01038	0.01731	0.00692	0.00346	0.00577
85	0.04468	0.11444	0.47073	0.02010	0.13107	0.03847	0.02022	0.02095	0.04435	0.02042	0.01187	0.01389	0.00896	0.00614	0.00588	0.00194	0.00867	0.00481	0.00304	0.00938
86	0.01464	0.03554	0.03796	0.36696	0.22503	0.01541	0.07730	0.06450	0.04116	0.02027	0.01255	0.01668	0.00973	0.00628	0.00643	0.00202	0.00820	0.00584	0.00339	0.03009
87	0.02425	0.01120	0.01411	0.01136	0.01570	0.01067	0.00920	0.05198	0.15118	0.49547	0.05709	0.02353	0.01863	0.00834	0.00642	0.00200	0.00518	0.00683	0.06659	0.01026
88	0.00874	0.00651	0.00824	0.00876	0.01013	0.00601	0.00668	0.01097	0.01530	0.02032	0.26655	0.24194	0.19741	0.01664	0.00805	0.00241	0.00386	0.14944	0.00635	0.00571
89	0.01382	0.05070	0.04646	0.13962	0.09492	0.03736	0.04231	0.04213	0.21995	0.02112	0.02451	0.13622	0.08372	0.01000	0.00677	0.00215	0.00638	0.00872	0.00487	0.00827
90	0.01821	0.01304	0.01443	0.01241	0.01591	0.01420	0.01000	0.31704	0.15779	0.05702	0.02289	0.09938	0.01985	0.01039	0.00673	0.00213	0.00570	0.09073	0.10308	0.00907
91	0.00804	0.00578	0.00767	0.00913	0.00964	0.00541	0.00628	0.00931	0.01262	0.01672	0.03639	0.69891	0.06256	0.01996	0.00828	0.00264	0.00389	0.06547	0.00599	0.00530
92	0.00887	0.00745	0.00781	0.00757	0.00984	0.00684	0.00572	0.01273	0.10135	0.01978	0.15123	0.05564	0.55210	0.01501	0.00750	0.00216	0.00347	0.01260	0.00622	0.00612
93	0.08577	0.06088	0.05228	0.14210	0.09138	0.18448	0.01352	0.10154	0.03135	0.09587	0.01329	0.01526	0.01007	0.00694	0.00653	0.00192	0.04062	0.00515	0.03248	0.00856
94	0.00797	0.00569	0.00761	0.00911	0.00952	0.00533	0.00616	0.00916	0.01246	0.01660	0.03556	0.74253	0.04253	0.02015	0.00827	0.00264	0.00383	0.04360	0.00600	0.00527
95	0.00792	0.00571	0.00750	0.00884	0.00935	0.00530	0.00595	0.00916	0.01276	0.01698	0.06935	0.70058	0.07724	0.01973	0.00819	0.00257	0.00369	0.01783	0.00605	0.00530
96	0.01656	0.55480	0.20860	0.01307	0.01958	0.02267	0.01430	0.05350	0.01410	0.01776	0.00995	0.01143	0.00840	0.00579	0.00475	0.00157	0.00758	0.00390	0.00294	0.00874
97	0.02028	0.21679	0.19503	0.01316	0.01922	0.01595	0.01343	0.09936	0.01708	0.25430	0.03504	0.01838	0.03975	0.00732	0.00586	0.00185	0.00688	0.00561	0.00509	0.00961
98	0.02876	0.01136	0.01522	0.01167	0.01668	0.01004	0.00964	0.06658	0.01911	0.70113	0.02498	0.02166	0.01574	0.00798	0.00650	0.00200	0.00558	0.00646	0.00792	0.01100
99	0.04993	0.00835	0.00938	0.00952	0.04344	0.00799	0.00680	0.01488	0.10525	0.04803	0.19720	0.04820	0.40031	0.01341	0.00722	0.00212	0.00383	0.01129	0.00616	0.00670
100	0.04252	0.13336	0.19167	0.04743	0.20240	0.09512	0.03519	0.07468	0.04251	0.02119	0.01445	0.01642	0.04233	0.00669	0.00597	0.00188	0.00812	0.00541	0.00357	0.00908
101	0.00988	0.00685	0.00782	0.00788	0.00826	0.00694	0.00479	0.03035	0.04359	0.01466	0.02305	0.16201	0.02618	0.59000	0.02680	0.00534	0.00581	0.01070	0.00446	0.00463
102	0.01316	0.06733	0.70727	0.01808	0.02745	0.01549	0.02329	0.02041	0.01362	0.02022	0.01148	0.01349	0.00819	0.00611	0.00605	0.00202	0.00943	0.00471	0.00273	0.00949
103	0.02408	0.02064	0.01939	0.01682	0.06833	0.19424	0.01271	0.46746	0.02586	0.06579	0.01442	0.01492	0.01053	0.00737	0.00631	0.00187	0.00817	0.00545	0.00556	0.01010
104	0.02152	0.01578	0.01723	0.01360	0.01831	0.01699	0.01104	0.48103	0.11552	0.06726	0.01828	0.06607	0.01428	0.00843	0.00644	0.00193	0.00634	0.00667	0.00627	0.08702
105	0.02030	0.24335	0.07665	0.01736	0.07728	0.32744	0.04759	0.08316	0.01710	0.01883	0.01062	0.01239	0.00876	0.00626	0.00555	0.00168	0.00938	0.00444	0.00339	0.00846
106	0.00891	0.00660	0.00831	0.00788	0.00951	0.00600	0.00591	0.01174	0.01774	0.02459	0.62590	0.05043	0.16509	0.01370	0.00762	0.00206	0.00308	0.01199	0.00694	0.00600
107	0.00932	0.00623	0.00707	0.00714	0.00716	0.00621	0.00402	0.00938	0.00954	0.01272	0.02111	0.07786	0.02443	0.73606	0.03168	0.00609	0.00614	0.00984	0.00402	0.00398
108	0.01296	0.03342	0.73944	0.01842	0.02797	0.01501	0.02387	0.02046	0.01364	0.02046	0.01160	0.01364	0.00818	0.00614	0.00614	0.00205	0.00955	0.00477	0.00273	0.00955
109	0.01122	0.00561	0.00842	0.00842	0.00842	0.00561	0.00561	0.00842	0.00842	0.01122	0.01122	0.01964	0.01122	0.02245	0.02525	0.81201	0.00561	0.00561	0.00281	0.00281
110	0.65237	0.01213	0.01021	0.00899	0.01284	0.01374	0.00733	0.04419	0.03574	0.06375	0.07568	0.01509	0.01287	0.00690	0.00462	0.00201	0.00493	0.00459	0.00465	0.00736
111	0.00940	0.00626	0.00705	0.00705	0.00705	0.00626	0.00392	0.00940	0.00940	0.01253	0.02036	0.04228	0.02349	0.77292	0.03289	0.00626	0.00626	0.00940	0.00392	0.00392
112	0.02351	0.06486	0.01889	0.01625	0.01970	0.68565	0.01233	0.02583	0.04477	0.01621	0.01056	0.01207	0.00875	0.00669	0.00578	0.00167	0.01118	0.00425	0.00343	0.00763
113	0.01335	0.00672	0.00697	0.00663	0.00844	0.00672	0.00506	0.04231	0.01443	0.05964	0.02108	0.02366	0.01632	0.00756	0.00469	0.00155	0.00329	0.00604	0.73909	0.00645
114	0.00797	0.00570	0.00759	0.00893	0.00939	0.00531	0.00601	0.00925	0.01284	0.01724	0.09023	0.71197	0.04417	0.01969	0.00820	0.00258	0.00369	0.01784	0.00609	0.00531
115	0.02899	0.01100	0.01499	0.01150	0.01649	0.00950	0.00950	0.03149	0.01849	0.73709	0.02549	0.02199	0.01599	0.00800	0.00650	0.00200	0.00550	0.00650	0.00800	0.01100
116	0.00923	0.00692	0.01038	0.01038	0.01154	0.00808	0.00808	0.01154	0.01038	0.01500	0.01731	0.02538	0.01615	0.04846	0.74732	0.01038	0.01731	0.00692	0.00346	0.00577
117	0.00788	0.00653	0.00693	0.00714	0.00911	0.00558	0.00539	0.00959	0.01463	0.01772	0.07830	0.12342	0.60840	0.01671	0.00777	0.00227	0.00348	0.05764	0.00603	0.00549
118	0.00938	0.00634	0.00745	0.00745	0.00759	0.00649	0.00442	0.00966	0.00952	0.01283	0.01999	0.04022	0.02260	0.68457	0.12002	0.00677	0.00761	0.00909	0.00386	0.00414
119	0.01599	0.01535	0.02623	0.03966	0.73262	0.01535	0.01983	0.01983	0.01471	0.02111	0.01215	0.01599	0.01023	0.00576	0.00640	0.00192	0.00768	0.00576	0.00320	0.01023
120	0.00923	0.00692	0.01038	0.01038	0.01154	0.00808	0.00808	0.01154	0.01038	0.01500	0.01731	0.02538	0.01615	0.04846	0.74732	0.01038	0.01731	0.00692	0.00346	0.00577
121	0.00787	0.00562	0.00750	0.00900	0.00937	0.00525	0.00600	0.00900	0.01237	0.01649	0.03561	0.76871	0.04274	0.02024	0.00825	0.00262	0.00375	0.01837	0.00600	0.00525
122	0.02431	0.01797	0.01925	0.01482	0.01994	0.01992	0.01222	0.69117	0.05069	0.04032	0.01583	0.01577	0.01125	0.00779	0.00647	0.00195	0.00705	0.00586	0.00647	0.01097
123	0.01301	0.01231	0.02084	0.60438	0.19120	0.01457	0.01835	0.01722	0.01330	0.01749	0.01163	0.01696	0.00896	0.00631	0.00645	0.00210	0.00841	0.00575	0.00294	0.00783
124	0.01038	0.00847	0.01057	0.00997	0.01166	0.03015	0.04279	0.04982	0.03282	0.01894	0.12227	0.21761	0.16386	0.11838	0.11851	0.00397	0.00670	0.01182	0.00532	0.00599
125	0.00787	0.00562	0.00750	0.00900	0.00937	0.00525	0.00600	0.00900	0.01237	0.01649	0.03561	0.76871	0.04274	0.02024	0.00825	0.00262	0.00375	0.01837	0.00600	0.00525
126	0.01959	0.01353	0.01514	0.01264	0.01664	0.01465	0.01009	0.21464	0.31732	0.15023	0.12091	0.02477	0.02245	0.00898	0.00668	0.00207	0.00543	0.00737	0.00686	0.00999
127	0.01680	0.17335	0.15447	0.02325	0.16400	0.04446	0.23417	0.02124	0.01480	0.07467	0.01265	0.01520	0.00972	0.00589	0.00627	0.00191	0.00884	0.00570	0.00343	0.00920
128	0.01756	0.62750	0.03155	0.01436	0.09075	0.04214	0.01202	0.04630	0.03551	0.01716	0.01011	0.01159	0.00894	0.00576	0.00458	0.00149	0.00706	0.00392	0.00308	0.00863

[dist]
# distance from previous block
# <min> <max>
0	1

[block]
# block no. 2 follows, 34 sequences, length 52
# corresponding to MSA columns:
# 172-223
name=unknown_C
#
# <colnr> <probs for GDERKNQSTAVLIFYWHMCP>
#	G	D	E	R	K	N	Q	S	T	A	V	L	I	F	Y	W	H	M	C	P
0	0.00825	0.00602	0.00790	0.00904	0.00977	0.00548	0.00611	0.00949	0.01244	0.01680	0.03398	0.71755	0.04049	0.01920	0.00801	0.00251	0.00382	0.01738	0.00585	0.05992
1	0.01018	0.00757	0.00970	0.04897	0.03975	0.00728	0.00752	0.01323	0.05675	0.05326	0.15768	0.26133	0.23401	0.01529	0.00766	0.00231	0.00419	0.05092	0.00604	0.00635
2	0.01258	0.01079	0.01355	0.01040	0.01517	0.00858	0.04048	0.01568	0.03256	0.02039	0.01624	0.14764	0.01573	0.00766	0.00558	0.00134	0.00490	0.00668	0.00426	0.60978
3	0.01607	0.01388	0.01461	0.01315	0.01680	0.01607	0.01023	0.03433	0.72094	0.02703	0.02630	0.02411	0.01972	0.00877	0.00657	0.00219	0.00511	0.00731	0.00657	0.01023
4	0.01039	0.00686	0.00782	0.00761	0.00813	0.00705	0.00476	0.04328	0.01094	0.01537	0.01993	0.03744	0.02145	0.58487	0.09411	0.00591	0.00696	0.00862	0.09385	0.00465
5	0.01898	0.29840	0.10384	0.01415	0.01908	0.25559	0.01283	0.04174	0.14074	0.01873	0.01283	0.01371	0.01038	0.00659	0.00540	0.00171	0.00842	0.00457	0.00371	0.00858
6	0.00874	0.00672	0.00998	0.01059	0.01160	0.00633	0.05425	0.01045	0.01300	0.01723	0.03470	0.59499	0.05870	0.01878	0.00829	0.00263	0.00455	0.11707	0.00581	0.00559
7	0.00787	0.00562	0.00750	0.00900	0.00937	0.00525	0.00600	0.00900	0.01237	0.01649	0.03561	0.76871	0.04274	0.02024	0.00825	0.00262	0.00375	0.01837	0.00600	0.00525
8	0.00911	0.00626	0.00702	0.00710	0.00737	0.00611	0.00415	0.00936	0.01016	0.01331	0.02628	0.08678	0.10348	0.64467	0.02863	0.00560	0.00578	0.01039	0.00427	0.00416
9	0.01340	0.01148	0.01340	0.00957	0.01531	0.00861	0.00766	0.01627	0.01340	0.02105	0.01148	0.01340	0.00957	0.00479	0.00479	0.00096	0.00479	0.00383	0.00383	0.81242
10	0.00786	0.00568	0.00744	0.00886	0.00933	0.00526	0.00594	0.00901	0.01251	0.01655	0.03733	0.72816	0.08218	0.02002	0.00821	0.00260	0.00372	0.01810	0.00600	0.00526
11	0.00793	0.00565	0.00748	0.00892	0.00929	0.00529	0.00592	0.00901	0.01226	0.01635	0.03505	0.74179	0.04202	0.04813	0.00916	0.00276	0.00384	0.01804	0.00592	0.00520
12	0.02424	0.01794	0.01921	0.01480	0.01991	0.01989	0.01220	0.68518	0.05680	0.04020	0.01593	0.01584	0.01132	0.00780	0.00647	0.00195	0.00703	0.00587	0.00647	0.01096
13	0.01496	0.01552	0.01967	0.01694	0.01721	0.07999	0.01400	0.01640	0.01059	0.01557	0.00861	0.01393	0.00847	0.01092	0.01993	0.00273	0.69906	0.00553	0.00287	0.00710
14	0.01899	0.03767	0.02003	0.07619	0.16841	0.04393	0.01358	0.29155	0.08071	0.02832	0.01420	0.01586	0.01092	0.00702	0.00685	0.00187	0.04256	0.00554	0.00480	0.11100
15	0.01581	0.01517	0.02590	0.07347	0.70020	0.01531	0.01974	0.01967	0.01463	0.02089	0.01212	0.01605	0.01016	0.00579	0.00640	0.00193	0.00772	0.00576	0.00318	0.01009
16	0.01374	0.12202	0.56832	0.01758	0.02615	0.01624	0.05956	0.02074	0.03981	0.02009	0.01190	0.01383	0.00875	0.00609	0.00596	0.00195	0.00901	0.00484	0.00293	0.03048
17	0.00924	0.00690	0.01027	0.01027	0.01138	0.00801	0.00793	0.01146	0.01035	0.01491	0.01741	0.02597	0.01641	0.07341	0.72271	0.01024	0.01693	0.00701	0.00348	0.00571
18	0.00815	0.00600	0.00771	0.00896	0.00977	0.00556	0.00637	0.00959	0.01307	0.01701	0.04029	0.56696	0.15370	0.01931	0.00823	0.00260	0.00395	0.10143	0.00599	0.00537
19	0.02410	0.01779	0.02050	0.01558	0.02084	0.01940	0.05938	0.63919	0.02892	0.06511	0.01572	0.01588	0.01109	0.00761	0.00654	0.00196	0.00731	0.00596	0.00630	0.01083
20	0.01220	0.01148	0.01938	0.75739	0.04450	0.01436	0.01794	0.01651	0.01292	0.01651	0.01148	0.01723	0.00861	0.00646	0.00646	0.00215	0.00861	0.00574	0.00287	0.00718
21	0.00940	0.00626	0.00705	0.00705	0.00705	0.00626	0.00392	0.00940	0.00940	0.01253	0.02036	0.04228	0.02349	0.77292	0.03289	0.00626	0.00626	0.00940	0.00392	0.00392
22	0.02511	0.01721	0.01884	0.01445	0.01960	0.01872	0.01193	0.62634	0.02890	0.12754	0.01676	0.01632	0.01161	0.00779	0.00647	0.00195	0.00691	0.00590	0.00665	0.01099
23	0.02899	0.01100	0.01499	0.01150	0.01649	0.00950	0.00950	0.03149	0.01849	0.73709	0.02549	0.02199	0.01599	0.00800	0.00650	0.00200	0.00550	0.00650	0.00800	0.01100
24	0.01296	0.03342	0.73944	0.01842	0.02797	0.01501	0.02387	0.02046	0.01364	0.02046	0.01160	0.01364	0.00818	0.00614	0.00614	0.00205	0.00955	0.00477	0.00273	0.00955
25	0.02655	0.01046	0.01421	0.01108	0.01565	0.00908	0.00908	0.02912	0.01847	0.64972	0.11194	0.02522	0.02152	0.00864	0.00664	0.00200	0.00520	0.00714	0.00789	0.01039
26	0.00827	0.00590	0.00795	0.00945	0.00999	0.00559	0.00668	0.00968	0.01276	0.01694	0.03540	0.66075	0.04187	0.01987	0.00835	0.00268	0.00409	0.12244	0.00599	0.00536
27	0.02456	0.01810	0.01939	0.01487	0.02004	0.02004	0.01228	0.71107	0.03038	0.04072	0.01551	0.01551	0.01099	0.00776	0.00646	0.00194	0.00711	0.00582	0.00646	0.01099
28	0.00938	0.00635	0.00748	0.00748	0.00762	0.00650	0.00445	0.00967	0.00952	0.01285	0.01997	0.04012	0.02255	0.68004	0.12448	0.00679	0.00768	0.00908	0.00386	0.00415
29	0.00787	0.00562	0.00750	0.00900	0.00937	0.00525	0.00600	0.00900	0.01237	0.01649	0.03561	0.76871	0.04274	0.02024	0.00825	0.00262	0.00375	0.01837	0.00600	0.00525
30	0.00815	0.00650	0.00731	0.00724	0.00908	0.00565	0.00538	0.01023	0.01575	0.02020	0.28440	0.10540	0.46072	0.01558	0.00767	0.00216	0.00323	0.01331	0.00637	0.00565
31	0.01220	0.01148	0.01938	0.75739	0.04450	0.01436	0.01794	0.01651	0.01292	0.01651	0.01148	0.01723	0.00861	0.00646	0.00646	0.00215	0.00861	0.00574	0.00287	0.00718
32	0.01578	0.01514	0.02585	0.07965	0.69428	0.01530	0.01972	0.01964	0.01461	0.02085	0.01212	0.01606	0.01014	0.00580	0.00640	0.00193	0.00773	0.00576	0.00318	0.01006
33	0.02263	0.01414	0.01596	0.01282	0.01723	0.01501	0.01046	0.33986	0.14038	0.21130	0.02097	0.02131	0.01511	0.00831	0.00640	0.00199	0.00596	0.02953	0.08039	0.01024
34	0.01885	0.01832	0.02117	0.04323	0.18542	0.15884	0.07767	0.17111	0.06994	0.02456	0.01344	0.01538	0.01052	0.00642	0.00617	0.00177	0.00800	0.00543	0.00428	0.13951
35	0.01836	0.01336	0.02018	0.01554	0.02008	0.01307	0.18659	0.17661	0.05781	0.15979	0.08337	0.10040	0.03656	0.00908	0.00698	0.00205	0.00671	0.00838	0.00578	0.05931
36	0.01762	0.03723	0.02293	0.07621	0.41338	0.06482	0.03328	0.08198	0.06060	0.06676	0.03420	0.01734	0.01237	0.00654	0.00635	0.00191	0.00752	0.00590	0.00410	0.02895
37	0.04887	0.02353	0.01853	0.01800	0.09928	0.40815	0.01269	0.17712	0.02014	0.02311	0.06011	0.01551	0.01266	0.00734	0.00649	0.00182	0.02868	0.00524	0.00428	0.00846
38	0.00787	0.00562	0.00750	0.00900	0.00937	0.00525	0.00600	0.00900	0.01237	0.01649	0.03561	0.76871	0.04274	0.02024	0.00825	0.00262	0.00375	0.01837	0.00600	0.00525
39	0.01542	0.03701	0.11318	0.08746	0.05736	0.02939	0.03833	0.18128	0.03773	0.04264	0.06359	0.16435	0.02020	0.03586	0.00762	0.00221	0.00670	0.00852	0.00493	0.04622
40	0.03855	0.08073	0.08334	0.04341	0.09199	0.08651	0.03209	0.03937	0.11066	0.12330	0.01949	0.03825	0.05964	0.00802	0.00698	0.00195	0.05013	0.00634	0.02505	0.05420
41	0.00898	0.00609	0.00717	0.00757	0.00768	0.00599	0.00448	0.00929	0.01020	0.01360	0.02448	0.23875	0.02870	0.56935	0.02622	0.00528	0.00558	0.01182	0.00448	0.00428
42	0.00903	0.00691	0.00834	0.00811	0.00980	0.00642	0.00603	0.01240	0.05731	0.02287	0.44989	0.12446	0.22551	0.01447	0.00763	0.00214	0.00330	0.01261	0.00669	0.00609
43	0.01925	0.01936	0.08406	0.08415	0.07041	0.14372	0.03373	0.22608	0.05503	0.05284	0.05065	0.01714	0.01291	0.00785	0.00808	0.00205	0.09315	0.00586	0.00463	0.00906
44	0.01447	0.01256	0.01456	0.01268	0.01436	0.07446	0.03293	0.13873	0.01443	0.01929	0.01530	0.02465	0.01486	0.23113	0.18133	0.00519	0.16146	0.00695	0.00398	0.00669
45	0.01824	0.01174	0.01354	0.01134	0.01466	0.01219	0.00886	0.23415	0.10695	0.15650	0.15475	0.07898	0.04603	0.09060	0.00964	0.00251	0.00539	0.00866	0.00656	0.00870
46	0.00930	0.00617	0.00719	0.00751	0.00772	0.00610	0.00455	0.00978	0.01036	0.01414	0.02367	0.17545	0.02709	0.56602	0.02595	0.00522	0.00561	0.03400	0.04982	0.00435
47	0.11655	0.06405	0.21877	0.04803	0.15558	0.09421	0.08896	0.02115	0.01454	0.07480	0.01302	0.01645	0.01019	0.00655	0.00606	0.00198	0.00839	0.02823	0.00361	0.00888
48	0.01560	0.01556	0.02596	0.14863	0.45208	0.04338	0.12160	0.02048	0.05453	0.02045	0.01290	0.01669	0.01038	0.00603	0.00658	0.00200	0.00831	0.00606	0.00335	0.00942
49	0.00948	0.00612	0.00820	0.00925	0.01005	0.00568	0.00644	0.01089	0.01322	0.06593	0.07220	0.64823	0.04166	0.01893	0.00813	0.00257	0.00393	0.04720	0.00619	0.00571
50	0.04586	0.11215	0.19486	0.09380	0.04182	0.07928	0.05143	0.12560	0.01667	0.02279	0.03807	0.01687	0.03030	0.00684	0.00589	0.00184	0.00778	0.00543	0.04429	0.05844
51	0.16745	0.19410	0.12896	0.01425	0.01967	0.11626	0.07011	0.11231	0.01627	0.06643	0.01240	0.03255	0.00988	0.00668	0.00549	0.00184	0.00778	0.00498	0.00400	0.00861

[dist]
# distance from previous block
# <min> <max>
1	3

[block]
# block no. 3 follows, 34 sequences, length 43
# corresponding to MSA columns:
# 227-269
name=unknown_D
#
# <colnr> <probs for GDERKNQSTAVLIFYWHMCP>
#	G	D	E	R	K	N	Q	S	T	A	V	L	I	F	Y	W	H	M	C	P
0	0.01540	0.07092	0.42722	0.01776	0.04408	0.10413	0.06751	0.02152	0.04345	0.04416	0.03180	0.01517	0.01061	0.00639	0.00609	0.00191	0.00893	0.00515	0.00337	0.05442
1	0.09929	0.21392	0.18750	0.01588	0.02181	0.14920	0.10146	0.07950	0.03786	0.02111	0.01136	0.01310	0.00892	0.00620	0.00559	0.00182	0.00862	0.00473	0.00348	0.00864
2	0.07091	0.07922	0.15584	0.01634	0.06966	0.09251	0.01418	0.26525	0.09398	0.02802	0.01402	0.01489	0.01053	0.00690	0.00594	0.00188	0.00762	0.00519	0.00467	0.04246
3	0.02314	0.02481	0.01935	0.01647	0.02009	0.45120	0.04279	0.16599	0.01985	0.06301	0.01201	0.01354	0.00940	0.00737	0.00759	0.00188	0.08397	0.00494	0.00419	0.00843
4	0.00890	0.00643	0.00788	0.00841	0.00920	0.00622	0.00567	0.03117	0.01274	0.01687	0.07722	0.38061	0.12571	0.20776	0.06147	0.00391	0.00524	0.01399	0.00540	0.00521
5	0.00923	0.00692	0.01038	0.01038	0.01154	0.00808	0.00808	0.01154	0.01038	0.01500	0.01731	0.02538	0.01615	0.04846	0.74732	0.01038	0.01731	0.00692	0.00346	0.00577
6	0.01692	0.52529	0.20213	0.01331	0.01965	0.06847	0.01427	0.04327	0.01416	0.01736	0.00989	0.01141	0.00836	0.00582	0.00481	0.00158	0.00785	0.00390	0.00292	0.00863
7	0.81856	0.01250	0.00950	0.00850	0.01250	0.01449	0.00700	0.01899	0.01100	0.02899	0.00900	0.01050	0.00700	0.00600	0.00400	0.00200	0.00500	0.00350	0.00400	0.00700
8	0.00809	0.00590	0.00752	0.00874	0.00939	0.00547	0.00600	0.00933	0.01266	0.01656	0.03853	0.58872	0.13171	0.06516	0.00970	0.00281	0.00397	0.05864	0.00587	0.00524
9	0.00975	0.00829	0.01340	0.08885	0.01653	0.00845	0.09713	0.01202	0.01346	0.01824	0.12183	0.46068	0.03573	0.01554	0.00856	0.00245	0.04353	0.01416	0.00532	0.00609
10	0.01560	0.01172	0.01285	0.01143	0.01474	0.01265	0.00890	0.08389	0.38619	0.09241	0.08286	0.07719	0.14008	0.01089	0.00691	0.00217	0.00478	0.00915	0.00661	0.00897
11	0.00787	0.00562	0.00750	0.00900	0.00937	0.00525	0.00600	0.00900	0.01237	0.01649	0.03561	0.76871	0.04274	0.02024	0.00825	0.00262	0.00375	0.01837	0.00600	0.00525
12	0.00946	0.00633	0.00740	0.00740	0.00758	0.00647	0.00442	0.00983	0.00965	0.01319	0.02003	0.03974	0.02242	0.66420	0.11443	0.00658	0.00743	0.00900	0.03025	0.00420
13	0.08010	0.01501	0.01562	0.01329	0.01742	0.01711	0.01058	0.23117	0.46444	0.03119	0.02182	0.02055	0.01619	0.00826	0.00634	0.00210	0.00569	0.00658	0.00634	0.01020
14	0.01296	0.03342	0.73944	0.01842	0.02797	0.01501	0.02387	0.02046	0.01364	0.02046	0.01160	0.01364	0.00818	0.00614	0.00614	0.00205	0.00955	0.00477	0.00273	0.00955
15	0.02551	0.01471	0.01707	0.01329	0.01823	0.01525	0.01091	0.35809	0.09789	0.32824	0.02078	0.01910	0.01398	0.00796	0.00649	0.00199	0.00623	0.00626	0.00711	0.01091
16	0.00814	0.00592	0.00765	0.00892	0.00958	0.00551	0.00621	0.00945	0.01273	0.01670	0.03806	0.59893	0.11505	0.05031	0.00925	0.00276	0.00400	0.07965	0.00591	0.00528
17	0.01303	0.01086	0.01362	0.01551	0.14104	0.01130	0.01000	0.02128	0.27265	0.04183	0.10222	0.09881	0.17801	0.01155	0.00709	0.00218	0.00489	0.03000	0.00587	0.00826
18	0.02300	0.01807	0.01846	0.01466	0.01945	0.06153	0.01192	0.54839	0.15507	0.03679	0.01715	0.01685	0.01242	0.00788	0.00645	0.00197	0.00701	0.00599	0.00630	0.01065
