[name]
unknown

[dist]
# distance from previous block
# <min> <max>
0	21

[block]
# block no. 0 follows, 33 sequences, length 42
# corresponding to MSA columns:
# 21-62
name=unknown_A
#
# <colnr> <probs for GDERKNQSTAVLIFYWHMCP>
#	G	D	E	R	K	N	Q	S	T	A	V	L	I	F	Y	W	H	M	C	P
0	0.08808	0.01201	0.05278	0.01694	0.18393	0.01091	0.01103	0.06269	0.03409	0.04893	0.10833	0.06702	0.23710	0.01129	0.00696	0.00213	0.00538	0.02720	0.00530	0.00789
1	0.01741	0.01436	0.02282	0.03165	0.51249	0.01426	0.01684	0.02248	0.08213	0.10707	0.05372	0.01949	0.01481	0.00680	0.00656	0.00196	0.00695	0.00636	0.00441	0.03742
2	0.07883	0.01160	0.01394	0.01037	0.01582	0.00954	0.00842	0.02230	0.01532	0.27514	0.01660	0.01655	0.01189	0.00613	0.00544	0.00143	0.00515	0.00484	0.00543	0.46526
3	0.01707	0.68278	0.11963	0.01218	0.01831	0.02474	0.01285	0.01985	0.01344	0.01614	0.00948	0.01097	0.00844	0.00571	0.00447	0.00149	0.00737	0.00368	0.00281	0.00860
4	0.01033	0.00687	0.00889	0.00828	0.00997	0.00635	0.00625	0.01341	0.01833	0.05479	0.64978	0.04648	0.05730	0.01286	0.00751	0.00203	0.00320	0.01131	0.05965	0.00641
5	0.01637	0.01421	0.01545	0.01469	0.05120	0.01634	0.01089	0.03427	0.68207	0.02725	0.02610	0.02417	0.01963	0.00878	0.00669	0.00222	0.00534	0.00737	0.00653	0.01042
6	0.02312	0.01749	0.01921	0.01570	0.04956	0.01908	0.01234	0.57045	0.09153	0.03806	0.01639	0.01648	0.01188	0.00771	0.00648	0.00193	0.00693	0.00593	0.00628	0.06345
7	0.00802	0.00573	0.00764	0.00917	0.00955	0.00535	0.00611	0.00917	0.01260	0.01681	0.03628	0.76434	0.04354	0.02062	0.00840	0.00267	0.00382	0.01872	0.00611	0.00535
8	0.01760	0.77260	0.03450	0.01126	0.01690	0.02605	0.01126	0.01971	0.01338	0.01549	0.00915	0.01056	0.00845	0.00563	0.00422	0.00141	0.00704	0.00352	0.00282	0.00845
9	0.01498	0.19287	0.40753	0.01837	0.02604	0.01830	0.13018	0.04119	0.01436	0.02006	0.01142	0.01387	0.00873	0.00634	0.00689	0.00200	0.04955	0.00512	0.00300	0.00922
10	0.01760	0.77260	0.03450	0.01126	0.01690	0.02605	0.01126	0.01971	0.01338	0.01549	0.00915	0.01056	0.00845	0.00563	0.00422	0.00141	0.00704	0.00352	0.00282	0.00845
11	0.00802	0.00573	0.00764	0.00917	0.00955	0.00535	0.00611	0.00917	0.01260	0.01681	0.03628	0.76434	0.04354	0.02062	0.00840	0.00267	0.00382	0.01872	0.00611	0.00535
12	0.01448	0.01417	0.02508	0.28862	0.30385	0.01528	0.13146	0.01916	0.03545	0.01957	0.01286	0.01758	0.01026	0.00805	0.03684	0.00246	0.02649	0.00627	0.00326	0.00881
13	0.01463	0.02121	0.26150	0.01816	0.02398	0.07472	0.19333	0.03871	0.01549	0.05061	0.05596	0.14617	0.01887	0.00940	0.00717	0.00221	0.00856	0.02673	0.00420	0.00840
14	0.00955	0.00688	0.00874	0.00966	0.01051	0.00669	0.00667	0.07021	0.01441	0.01929	0.05786	0.67456	0.04134	0.01927	0.00822	0.00259	0.00409	0.01736	0.00619	0.00589
15	0.01243	0.01170	0.01975	0.75282	0.04534	0.01463	0.01828	0.01682	0.01316	0.01682	0.01170	0.01755	0.00878	0.00658	0.00658	0.00219	0.00878	0.00585	0.00293	0.00731
16	0.01850	0.13124	0.12565	0.15008	0.04968	0.11707	0.03219	0.20387	0.01881	0.02396	0.01285	0.03486	0.01030	0.00729	0.00674	0.00197	0.03634	0.00556	0.00404	0.00900
17	0.15848	0.01885	0.01878	0.03635	0.10296	0.14355	0.02631	0.32069	0.03752	0.05481	0.01372	0.01481	0.01022	0.00711	0.00606	0.00195	0.00776	0.00531	0.00511	0.00963
18	0.01629	0.01564	0.02672	0.04041	0.72757	0.01564	0.02020	0.02020	0.01499	0.02151	0.01238	0.01629	0.01043	0.00587	0.00652	0.00196	0.00782	0.00587	0.00326	0.01043
19	0.00957	0.00641	0.00730	0.00730	0.00734	0.00645	0.00413	0.00965	0.00961	0.01285	0.02064	0.04249	0.02368	0.74405	0.05775	0.00653	0.00677	0.00949	0.00397	0.00405
20	0.05766	0.07835	0.02041	0.01470	0.01981	0.07086	0.01220	0.57556	0.02788	0.03718	0.01461	0.01490	0.01062	0.00757	0.00625	0.00191	0.00746	0.00552	0.00596	0.01056
21	0.05487	0.04645	0.05983	0.04313	0.10079	0.05241	0.14549	0.04366	0.03895	0.07074	0.01373	0.01657	0.01085	0.03168	0.00695	0.00187	0.00746	0.00554	0.00404	0.24498
22	0.04550	0.15954	0.36109	0.01980	0.10768	0.07364	0.05450	0.03925	0.01460	0.02031	0.01125	0.01359	0.00875	0.00635	0.00651	0.00195	0.03854	0.00486	0.00307	0.00922
23	0.05864	0.14365	0.01930	0.01239	0.01747	0.01554	0.01052	0.17911	0.06840	0.37772	0.02018	0.01857	0.01370	0.00763	0.00610	0.00193	0.00616	0.00586	0.00662	0.01050
24	0.00831	0.00669	0.00740	0.00722	0.00921	0.00578	0.00542	0.01047	0.01625	0.02073	0.29178	0.05850	0.49797	0.01557	0.00778	0.00217	0.00326	0.01321	0.00650	0.00578
25	0.03913	0.22627	0.15213	0.01836	0.06157	0.09592	0.16077	0.04275	0.04305	0.05408	0.01342	0.03994	0.01094	0.00670	0.00606	0.00190	0.00864	0.00576	0.00367	0.00894
26	0.01584	0.13184	0.42797	0.01759	0.02497	0.03315	0.06681	0.05675	0.01483	0.05896	0.01218	0.01426	0.00908	0.00683	0.00759	0.00206	0.08150	0.00510	0.00333	0.00936
27	0.00778	0.00667	0.00667	0.00667	0.00889	0.00556	0.00500	0.00945	0.01501	0.01778	0.06669	0.06336	0.72490	0.01667	0.00778	0.00222	0.00333	0.01389	0.00611	0.00556
28	0.08700	0.01654	0.06305	0.09077	0.44456	0.01612	0.05380	0.10733	0.01651	0.02432	0.01250	0.01579	0.00996	0.00621	0.00637	0.00201	0.00786	0.00571	0.00370	0.00986
29	0.05428	0.10203	0.06242	0.13247	0.06271	0.08777	0.01289	0.05683	0.13935	0.02182	0.07871	0.02369	0.06188	0.00870	0.00718	0.00207	0.04741	0.02494	0.00454	0.00830
30	0.01144	0.00572	0.00858	0.00858	0.00858	0.00572	0.00572	0.00858	0.00858	0.01144	0.01144	0.02001	0.01144	0.02287	0.02573	0.80846	0.00572	0.00572	0.00286	0.00286
31	0.00908	0.00679	0.00771	0.00752	0.00952	0.00590	0.00562	0.01118	0.01609	0.04689	0.26461	0.10591	0.44833	0.01564	0.00778	0.00220	0.00338	0.01335	0.00654	0.00595
32	0.00947	0.00658	0.00828	0.00832	0.00871	0.00694	0.00540	0.01026	0.00999	0.01369	0.02023	0.05967	0.02215	0.51687	0.25837	0.00760	0.00988	0.00905	0.00391	0.00463
33	0.08454	0.04270	0.10413	0.02031	0.15722	0.04945	0.11686	0.08302	0.05999	0.07494	0.07125	0.04606	0.04469	0.00797	0.00660	0.00205	0.00742	0.00706	0.00466	0.00907
34	0.01844	0.05423	0.01585	0.01219	0.01609	0.01487	0.00986	0.27894	0.16319	0.08203	0.18266	0.02866	0.07468	0.00988	0.00683	0.00204	0.00549	0.00807	0.00663	0.00937
35	0.00852	0.00653	0.00781	0.00783	0.00943	0.00582	0.00574	0.01075	0.01624	0.02153	0.36039	0.17786	0.30595	0.01589	0.00788	0.00223	0.00331	0.01382	0.00663	0.00582
36	0.05615	0.01186	0.07363	0.01147	0.01343	0.08904	0.03204	0.01307	0.01341	0.01795	0.02893	0.54729	0.03338	0.01650	0.00767	0.00246	0.00555	0.01467	0.00531	0.00620
37	0.06471	0.02307	0.28616	0.04282	0.23128	0.07321	0.05595	0.02090	0.03168	0.03488	0.01417	0.01668	0.03394	0.00680	0.00690	0.00206	0.03644	0.00565	0.00340	0.00931
38	0.01494	0.14628	0.42070	0.01843	0.08510	0.01593	0.04614	0.02049	0.01439	0.06198	0.03919	0.03847	0.01216	0.00687	0.00611	0.00195	0.00837	0.00561	0.00346	0.03342
39	0.04515	0.05733	0.11275	0.03175	0.08607	0.07175	0.03018	0.04863	0.02965	0.16318	0.10704	0.02137	0.03317	0.00764	0.00623	0.00183	0.00672	0.00628	0.00504	0.12825
40	0.05679	0.01101	0.01400	0.01134	0.01515	0.01031	0.06454	0.08525	0.06414	0.04177	0.16623	0.09089	0.07970	0.03078	0.00731	0.00196	0.00514	0.00854	0.00547	0.22967
41	0.01570	0.09031	0.08232	0.01435	0.06492	0.09737	0.03212	0.04239	0.04054	0.02086	0.01272	0.01497	0.01043	0.00812	0.04514	0.00192	0.00743	0.00468	0.03096	0.36273

[dist]
# distance from previous block
# <min> <max>
0	8

[block]
# block no. 1 follows, 33 sequences, length 26
# corresponding to MSA columns:
# 71-96
name=unknown_B
#
# <colnr> <probs for GDERKNQSTAVLIFYWHMCP>
#	G	D	E	R	K	N	Q	S	T	A	V	L	I	F	Y	W	H	M	C	P
0	0.18104	0.09792	0.15148	0.01442	0.03822	0.01597	0.05345	0.16294	0.01746	0.07708	0.04196	0.03619	0.01263	0.00717	0.00580	0.00192	0.00694	0.00559	0.00462	0.06721
1	0.01969	0.12171	0.07380	0.03709	0.02156	0.05832	0.07814	0.26238	0.08415	0.05012	0.01458	0.01571	0.01101	0.00711	0.00677	0.00189	0.03815	0.00556	0.00485	0.08743
2	0.00824	0.00587	0.00780	0.00926	0.00970	0.00552	0.00630	0.00945	0.01263	0.01682	0.03556	0.69331	0.04240	0.05098	0.00947	0.00285	0.00406	0.05843	0.00602	0.00533
3	0.00831	0.00615	0.00780	0.00893	0.00971	0.00575	0.00610	0.01016	0.03388	0.01782	0.08129	0.61196	0.12908	0.01936	0.00824	0.00257	0.00376	0.01737	0.00620	0.00557
4	0.04399	0.17901	0.46484	0.01804	0.05587	0.03824	0.04790	0.04359	0.01452	0.02068	0.01136	0.01338	0.00858	0.00615	0.00584	0.00193	0.00897	0.00473	0.00302	0.00936
5	0.01815	0.03039	0.01607	0.03892	0.06509	0.01336	0.03431	0.20751	0.10467	0.11758	0.04453	0.14726	0.02048	0.01006	0.00670	0.00209	0.00580	0.00859	0.09943	0.00903
6	0.00802	0.00573	0.00764	0.00917	0.00955	0.00535	0.00611	0.00917	0.01260	0.01681	0.03628	0.76434	0.04354	0.02062	0.00840	0.00267	0.00382	0.01872	0.00611	0.00535
7	0.01609	0.01555	0.02667	0.06073	0.65998	0.01580	0.04200	0.01998	0.01478	0.02116	0.01226	0.01631	0.01030	0.00607	0.00708	0.00200	0.03389	0.00592	0.00324	0.01017
8	0.01912	0.61683	0.03137	0.01218	0.01762	0.06842	0.01154	0.12111	0.01628	0.01936	0.01019	0.01141	0.00885	0.00604	0.00468	0.00151	0.00736	0.00392	0.00341	0.00880
9	0.81514	0.01273	0.00968	0.00866	0.01273	0.01477	0.00713	0.01935	0.01120	0.02954	0.00917	0.01069	0.00713	0.00611	0.00407	0.00204	0.00509	0.00356	0.00407	0.00713
10	0.01409	0.01168	0.01272	0.01149	0.01458	0.01286	0.00889	0.05626	0.43645	0.02692	0.21166	0.03432	0.09860	0.01081	0.00708	0.00218	0.00457	0.00916	0.00678	0.00889
11	0.01060	0.00814	0.00987	0.00919	0.01118	0.00812	0.00696	0.01660	0.15120	0.02627	0.56516	0.04505	0.08051	0.01272	0.00756	0.00211	0.00352	0.01114	0.00710	0.00699
12	0.00802	0.00573	0.00764	0.00917	0.00955	0.00535	0.00611	0.00917	0.01260	0.01681	0.03628	0.76434	0.04354	0.02062	0.00840	0.00267	0.00382	0.01872	0.00611	0.00535
13	0.01227	0.00614	0.00614	0.00614	0.00767	0.00614	0.00460	0.01534	0.01381	0.02454	0.02148	0.02454	0.01687	0.00767	0.00460	0.00153	0.00307	0.00614	0.80518	0.00614
14	0.01444	0.01567	0.07891	0.32246	0.33580	0.01530	0.08461	0.01898	0.01423	0.01954	0.01216	0.01675	0.00957	0.00615	0.00664	0.00209	0.00866	0.00596	0.00310	0.00898
15	0.00814	0.00587	0.00772	0.00897	0.00955	0.00544	0.00607	0.00951	0.01332	0.01783	0.10780	0.66104	0.07490	0.01972	0.00831	0.00259	0.00373	0.01781	0.00623	0.00544
16	0.02934	0.01152	0.01547	0.01186	0.01696	0.01014	0.00980	0.06150	0.01937	0.70197	0.02553	0.02212	0.01607	0.00814	0.00662	0.00203	0.00567	0.00659	0.00808	0.01120
17	0.02459	0.03138	0.01866	0.01696	0.02035	0.74221	0.01272	0.02629	0.01866	0.01611	0.01018	0.01187	0.00848	0.00678	0.00594	0.00170	0.01187	0.00424	0.00339	0.00763
18	0.01463	0.01265	0.06565	0.13773	0.13594	0.01167	0.01258	0.02042	0.12574	0.11387	0.08400	0.03212	0.18567	0.00994	0.00695	0.00213	0.00598	0.00851	0.00533	0.00849
19	0.00799	0.00586	0.00751	0.00883	0.00946	0.00538	0.00596	0.00920	0.01293	0.01694	0.04043	0.66867	0.13654	0.02009	0.00832	0.00261	0.00375	0.01806	0.00611	0.00538
20	0.05041	0.01209	0.01514	0.01382	0.03908	0.05751	0.05164	0.08393	0.01519	0.09068	0.02418	0.12625	0.09612	0.01900	0.15044	0.00391	0.11201	0.02619	0.00489	0.00750
21	0.07285	0.02124	0.26803	0.02027	0.13662	0.01469	0.07843	0.10167	0.01701	0.16392	0.01641	0.01748	0.02761	0.00693	0.00643	0.00205	0.00798	0.00588	0.00457	0.00995
22	0.05350	0.01501	0.12747	0.01380	0.01915	0.01137	0.05833	0.02690	0.01691	0.46685	0.04052	0.05346	0.01639	0.00844	0.00730	0.00212	0.03891	0.00695	0.00650	0.01010
23	0.01711	0.68947	0.11329	0.01211	0.01820	0.02484	0.01273	0.01984	0.01344	0.01609	0.00945	0.01094	0.00844	0.00570	0.00445	0.00148	0.00734	0.00367	0.00281	0.00859
24	0.07729	0.06747	0.06115	0.01383	0.01801	0.05521	0.01182	0.21240	0.20188	0.05304	0.04936	0.01993	0.03487	0.00860	0.00786	0.00211	0.08394	0.00633	0.00547	0.00945
25	0.32837	0.03631	0.01584	0.01360	0.05763	0.10144	0.04407	0.06659	0.06852	0.05231	0.01255	0.01387	0.00973	0.00633	0.00523	0.00181	0.00654	0.00461	0.00436	0.15030

[dist]
# distance from previous block
# <min> <max>
0	5

[block]
# block no. 2 follows, 33 sequences, length 76
# corresponding to MSA columns:
# 102-177
name=unknown_C
#
# <colnr> <probs for GDERKNQSTAVLIFYWHMCP>
#	G	D	E	R	K	N	Q	S	T	A	V	L	I	F	Y	W	H	M	C	P
0	0.03611	0.04563	0.05381	0.01840	0.11231	0.20315	0.07941	0.08505	0.07952	0.02234	0.01552	0.01717	0.03742	0.00686	0.00609	0.00177	0.00811	0.00560	0.03100	0.13472
1	0.01199	0.01013	0.01361	0.03020	0.01463	0.01143	0.03518	0.06726	0.05536	0.01944	0.02553	0.37538	0.04380	0.03187	0.01153	0.00261	0.17866	0.01233	0.00511	0.04396
2	0.00792	0.00652	0.00699	0.00734	0.00918	0.00559	0.00541	0.00954	0.01454	0.01766	0.05969	0.19977	0.56902	0.01749	0.00795	0.00234	0.00352	0.03787	0.00611	0.00553
3	0.03572	0.01535	0.02340	0.05234	0.49790	0.01547	0.01716	0.11050	0.03709	0.02437	0.01308	0.01608	0.01061	0.00614	0.00629	0.00186	0.00730	0.00564	0.00388	0.09983
4	0.01126	0.00637	0.00912	0.00899	0.00944	0.00658	0.00627	0.02896	0.00986	0.01326	0.01526	0.02338	0.04341	0.04647	0.14850	0.59171	0.00773	0.00641	0.00325	0.00376
5	0.01575	0.01509	0.02575	0.14006	0.63214	0.01550	0.01994	0.01973	0.01473	0.02085	0.01229	0.01647	0.01020	0.00597	0.00653	0.00199	0.00795	0.00586	0.00321	0.00999
6	0.01659	0.02254	0.25972	0.09369	0.08090	0.07643	0.12125	0.09569	0.04707	0.05637	0.03191	0.01840	0.03527	0.00709	0.00667	0.00207	0.00885	0.00620	0.00402	0.00927
7	0.05886	0.01806	0.01917	0.01481	0.01998	0.02005	0.01222	0.65576	0.05077	0.04055	0.01585	0.01585	0.01129	0.00786	0.00648	0.00199	0.00709	0.00587	0.00648	0.01100
8	0.01696	0.01549	0.02290	0.16388	0.42253	0.05230	0.01750	0.06211	0.06953	0.04907	0.01395	0.01706	0.01102	0.00646	0.00647	0.00198	0.00780	0.00588	0.00387	0.03324
9	0.01118	0.00844	0.01154	0.01343	0.06489	0.00836	0.01043	0.04329	0.01584	0.02065	0.05718	0.08577	0.12026	0.01659	0.00858	0.00277	0.00575	0.48260	0.00592	0.00652
10	0.01503	0.01187	0.01394	0.01004	0.01582	0.00918	0.00806	0.03775	0.01450	0.06900	0.01276	0.01429	0.01023	0.00518	0.00504	0.00107	0.00499	0.00414	0.00426	0.73284
11	0.00957	0.00638	0.00718	0.00718	0.00718	0.00638	0.00399	0.00957	0.00957	0.01276	0.02074	0.04308	0.02393	0.76864	0.03351	0.00638	0.00638	0.00957	0.00399	0.00399
12	0.00941	0.00682	0.00893	0.00864	0.01020	0.00634	0.00663	0.01248	0.01819	0.02550	0.63714	0.05210	0.07585	0.01402	0.00790	0.00217	0.00342	0.08098	0.00710	0.00618
13	0.01554	0.01776	0.03885	0.02775	0.03441	0.01665	0.70366	0.02109	0.01554	0.02109	0.01332	0.01776	0.00999	0.00555	0.00777	0.00222	0.01110	0.00777	0.00333	0.00888
14	0.01061	0.00758	0.01061	0.01212	0.01364	0.00758	0.01061	0.01364	0.01515	0.01970	0.03486	0.07426	0.03789	0.01819	0.00909	0.00303	0.00606	0.68326	0.00606	0.00606
15	0.01402	0.17049	0.60520	0.01738	0.02635	0.01728	0.02191	0.02064	0.01380	0.01986	0.01132	0.01328	0.00836	0.00614	0.00588	0.00196	0.00923	0.00462	0.00279	0.00949
16	0.01544	0.01748	0.03730	0.02688	0.03299	0.01694	0.64675	0.02065	0.01509	0.02065	0.01293	0.01748	0.00988	0.00604	0.00891	0.00227	0.07265	0.00760	0.00329	0.00874
17	0.00778	0.00667	0.00667	0.00667	0.00889	0.00556	0.00500	0.00945	0.01501	0.01778	0.06669	0.06336	0.72490	0.01667	0.00778	0.00222	0.00333	0.01389	0.00611	0.00556
18	0.02555	0.01759	0.01923	0.01475	0.01999	0.01916	0.01218	0.62681	0.02954	0.12231	0.01700	0.01658	0.01179	0.00793	0.00659	0.00198	0.00705	0.00601	0.00677	0.01120
19	0.01388	0.01477	0.02920	0.08296	0.02910	0.03275	0.45467	0.01831	0.01493	0.01981	0.01872	0.13893	0.01772	0.00921	0.00785	0.00235	0.00932	0.07362	0.00399	0.00790
20	0.00957	0.00638	0.00718	0.00718	0.00718	0.00638	0.00399	0.00957	0.00957	0.01276	0.02074	0.04308	0.02393	0.76864	0.03351	0.00638	0.00638	0.00957	0.00399	0.00399
21	0.00823	0.00606	0.00851	0.00968	0.01024	0.00566	0.02553	0.00950	0.01269	0.01692	0.03565	0.74356	0.04261	0.02021	0.00839	0.00266	0.00402	0.01841	0.00603	0.00545
22	0.04175	0.07087	0.02183	0.01569	0.02081	0.01755	0.11815	0.31561	0.12787	0.13193	0.03868	0.01884	0.01427	0.00768	0.00659	0.00202	0.00711	0.00648	0.00601	0.01027
23	0.00957	0.00638	0.00718	0.00718	0.00718	0.00638	0.00399	0.00957	0.00957	0.01276	0.02074	0.04308	0.02393	0.76864	0.03351	0.00638	0.00638	0.00957	0.00399	0.00399
24	0.02590	0.01092	0.01442	0.01159	0.01604	0.00990	0.00957	0.07493	0.01887	0.55832	0.02609	0.04474	0.01867	0.00935	0.00677	0.00211	0.00556	0.07061	0.05535	0.01028
25	0.03650	0.01163	0.01813	0.58626	0.03841	0.01408	0.01615	0.03818	0.05742	0.04123	0.01492	0.07206	0.01226	0.00782	0.00665	0.00222	0.00794	0.00684	0.00370	0.00760
26	0.01934	0.04434	0.05972	0.04047	0.08197	0.10127	0.15033	0.11945	0.04018	0.13887	0.03390	0.08537	0.01540	0.00838	0.00728	0.00209	0.03013	0.00740	0.00496	0.00917
27	0.00940	0.00705	0.01058	0.01058	0.01176	0.00823	0.00823	0.01176	0.01058	0.01528	0.01763	0.02586	0.01646	0.04937	0.74255	0.01058	0.01763	0.00705	0.00353	0.00588
28	0.81514	0.01273	0.00968	0.00866	0.01273	0.01477	0.00713	0.01935	0.01120	0.02954	0.00917	0.01069	0.00713	0.00611	0.00407	0.00204	0.00509	0.00356	0.00407	0.00713
29	0.00932	0.00673	0.00880	0.00828	0.00984	0.00621	0.00621	0.01242	0.01863	0.02640	0.72410	0.04918	0.06212	0.01346	0.00776	0.00207	0.00311	0.01191	0.00725	0.00621
30	0.01356	0.01170	0.01409	0.06365	0.01776	0.00920	0.00856	0.01659	0.01362	0.02112	0.01170	0.01393	0.00968	0.00500	0.00500	0.00106	0.00516	0.00404	0.00383	0.75075
31	0.01342	0.03256	0.67087	0.01959	0.02903	0.01541	0.08649	0.02087	0.01405	0.02087	0.01195	0.01425	0.00849	0.00619	0.00639	0.00210	0.00985	0.00513	0.00283	0.00965
32	0.01788	0.74438	0.03395	0.01141	0.01703	0.02584	0.01131	0.04538	0.01403	0.01646	0.00940	0.01076	0.00855	0.00572	0.00431	0.00143	0.00705	0.00361	0.00296	0.00855
33	0.01320	0.03405	0.73453	0.01876	0.02849	0.01529	0.02432	0.02085	0.01390	0.02085	0.01181	0.01390	0.00834	0.00625	0.00625	0.00208	0.00973	0.00486	0.00278	0.00973
34	0.00827	0.00590	0.00782	0.00914	0.00963	0.00553	0.00621	0.00959	0.01302	0.01746	0.08553	0.65919	0.04393	0.04849	0.00934	0.00278	0.00395	0.04274	0.00611	0.00538
35	0.00957	0.00638	0.00718	0.00718	0.00718	0.00638	0.00399	0.00957	0.00957	0.01276	0.02074	0.04308	0.02393	0.76864	0.03351	0.00638	0.00638	0.00957	0.00399	0.00399
36	0.01531	0.01732	0.03746	0.08034	0.03520	0.01650	0.65395	0.02078	0.01537	0.02078	0.01320	0.01774	0.00990	0.00562	0.00768	0.00222	0.01093	0.00763	0.00330	0.00877
37	0.01637	0.01414	0.01489	0.01340	0.01712	0.01637	0.01042	0.03498	0.71568	0.02754	0.02679	0.02456	0.02010	0.00893	0.00670	0.00223	0.00521	0.00744	0.00670	0.01042
38	0.00893	0.00671	0.00826	0.00787	0.00960	0.00605	0.00590	0.01167	0.01771	0.02421	0.55684	0.05278	0.23074	0.01428	0.00777	0.00211	0.00316	0.01241	0.00696	0.00605
39	0.01760	0.77260	0.03450	0.01126	0.01690	0.02605	0.01126	0.01971	0.01338	0.01549	0.00915	0.01056	0.00845	0.00563	0.00422	0.00141	0.00704	0.00352	0.00282	0.00845
40	0.00802	0.00573	0.00764	0.00917	0.00955	0.00535	0.00611	0.00917	0.01260	0.01681	0.03628	0.76434	0.04354	0.02062	0.00840	0.00267	0.00382	0.01872	0.00611	0.00535
41	0.00947	0.00680	0.00930	0.00930	0.01003	0.00753	0.00663	0.01093	0.01020	0.01433	0.01881	0.03237	0.01928	0.32115	0.47464	0.00899	0.01338	0.00801	0.00370	0.00516
42	0.01320	0.03405	0.73453	0.01876	0.02849	0.01529	0.02432	0.02085	0.01390	0.02085	0.01181	0.01390	0.00834	0.00625	0.00625	0.00208	0.00973	0.00486	0.00278	0.00973
43	0.07209	0.06103	0.51757	0.02080	0.10313	0.01587	0.07816	0.02064	0.01393	0.02134	0.01169	0.01410	0.00862	0.00612	0.00616	0.00205	0.00918	0.00506	0.00297	0.00949
44	0.01737	0.01667	0.02602	0.03730	0.63163	0.06814	0.03706	0.02111	0.01541	0.04770	0.01276	0.01624	0.01049	0.00601	0.00651	0.00195	0.00812	0.00583	0.00345	0.01021
45	0.01760	0.77260	0.03450	0.01126	0.01690	0.02605	0.01126	0.01971	0.01338	0.01549	0.00915	0.01056	0.00845	0.00563	0.00422	0.00141	0.00704	0.00352	0.00282	0.00845
46	0.01506	0.01155	0.01353	0.00985	0.01539	0.00903	0.00790	0.03758	0.01454	0.07374	0.01339	0.01495	0.01066	0.00535	0.00504	0.00111	0.00490	0.00428	0.04821	0.68394
47	0.02859	0.01260	0.04298	0.01223	0.01751	0.01067	0.01044	0.08051	0.01953	0.65497	0.02470	0.02160	0.01562	0.00806	0.00660	0.00203	0.00588	0.00650	0.00783	0.01115
48	0.01750	0.01315	0.01387	0.01133	0.01520	0.01379	0.00913	0.39421	0.02376	0.03117	0.03663	0.03542	0.30016	0.01144	0.00698	0.00206	0.00548	0.00916	0.04086	0.00870
49	0.00932	0.00673	0.00880	0.00828	0.00984	0.00621	0.00621	0.01242	0.01863	0.02640	0.72410	0.04918	0.06212	0.01346	0.00776	0.00207	0.00311	0.01191	0.00725	0.00621
50	0.00944	0.00693	0.00996	0.00996	0.01092	0.00789	0.00745	0.01136	0.01040	0.01482	0.01820	0.02902	0.01783	0.18131	0.61249	0.00981	0.01557	0.00752	0.00361	0.00553
51	0.01437	0.01589	0.03401	0.02487	0.03055	0.01490	0.59547	0.01924	0.01508	0.02042	0.01688	0.13355	0.01519	0.00789	0.00787	0.00229	0.00997	0.00947	0.00376	0.00833
52	0.01949	0.01358	0.01510	0.01304	0.01704	0.01491	0.01028	0.08879	0.48904	0.17368	0.02607	0.05108	0.01945	0.00912	0.00674	0.00219	0.00541	0.00757	0.00697	0.01046
53	0.00806	0.00587	0.00750	0.00878	0.00937	0.00542	0.00589	0.00922	0.01277	0.01676	0.03938	0.64762	0.12672	0.05157	0.00938	0.00277	0.00387	0.01774	0.00602	0.00532
54	0.01458	0.01379	0.02270	0.03368	0.58210	0.01359	0.01717	0.01801	0.01490	0.02071	0.02214	0.05425	0.12744	0.00821	0.00680	0.00203	0.00693	0.00769	0.00384	0.00943
55	0.02540	0.01784	0.01939	0.01486	0.02012	0.01953	0.01228	0.65001	0.02995	0.09852	0.01665	0.01635	0.01162	0.00792	0.00659	0.00198	0.00711	0.00598	0.00671	0.01120
56	0.00811	0.00593	0.00764	0.00880	0.00950	0.00545	0.00599	0.00950	0.01344	0.01781	0.10392	0.61744	0.12322	0.01950	0.00827	0.00257	0.00370	0.01753	0.00622	0.00545
57	0.02443	0.01814	0.01942	0.01503	0.02019	0.02014	0.01237	0.65914	0.07841	0.04052	0.01657	0.01641	0.01181	0.00797	0.00659	0.00199	0.00710	0.00603	0.00659	0.01114
58	0.01243	0.01170	0.01975	0.75282	0.04534	0.01463	0.01828	0.01682	0.01316	0.01682	0.01170	0.01755	0.00878	0.00658	0.00658	0.00219	0.00878	0.00585	0.00293	0.00731
59	0.00940	0.00705	0.01058	0.01058	0.01176	0.00823	0.00823	0.01176	0.01058	0.01528	0.01763	0.02586	0.01646	0.04937	0.74255	0.01058	0.01763	0.00705	0.00353	0.00588
60	0.02954	0.01120	0.01528	0.01171	0.01681	0.00968	0.00968	0.03208	0.01884	0.73213	0.02597	0.02241	0.01630	0.00815	0.00662	0.00204	0.00560	0.00662	0.00815	0.01120
61	0.02375	0.02997	0.01878	0.01699	0.02010	0.68259	0.01286	0.02543	0.01795	0.01609	0.01005	0.01208	0.00849	0.00718	0.00723	0.00179	0.07336	0.00437	0.00335	0.00760
62	0.01584	0.01520	0.02616	0.11899	0.50032	0.01553	0.09805	0.04369	0.03600	0.02193	0.03549	0.01788	0.01213	0.00631	0.00672	0.00203	0.00807	0.00632	0.00357	0.00978
63	0.01528	0.01461	0.02489	0.22776	0.54815	0.01537	0.01970	0.01931	0.01451	0.02027	0.01220	0.01662	0.00999	0.00605	0.00653	0.00202	0.00807	0.00586	0.00317	0.00961
64	0.01444	0.01452	0.02079	0.01763	0.01786	0.02005	0.03753	0.01602	0.01027	0.01602	0.00880	0.01452	0.00869	0.01132	0.02114	0.00286	0.73158	0.00583	0.00290	0.00726
65	0.01397	0.01189	0.01382	0.00990	0.01574	0.00911	0.00793	0.03612	0.01414	0.02202	0.01182	0.01371	0.00979	0.00496	0.00492	0.00100	0.00494	0.00396	0.00398	0.78626
66	0.01706	0.38072	0.21799	0.01579	0.02243	0.06378	0.09981	0.04112	0.03329	0.03546	0.01148	0.01320	0.00918	0.00607	0.00549	0.00176	0.00846	0.00469	0.00324	0.00899
67	0.01228	0.01270	0.07037	0.24191	0.17626	0.01212	0.03490	0.01677	0.05431	0.01955	0.06874	0.17319	0.05889	0.01036	0.00710	0.00223	0.00683	0.00937	0.00432	0.00781
68	0.00957	0.00638	0.00718	0.00718	0.00718	0.00638	0.00399	0.00957	0.00957	0.01276	0.02074	0.04308	0.02393	0.76864	0.03351	0.00638	0.00638	0.00957	0.00399	0.00399
69	0.01355	0.01156	0.01347	0.00982	0.01539	0.00894	0.00783	0.01708	0.04061	0.02192	0.04581	0.01574	0.01261	0.00543	0.00508	0.00107	0.00480	0.00441	0.00416	0.74071
70	0.00927	0.00669	0.00876	0.00831	0.00982	0.00618	0.00621	0.01231	0.01842	0.02606	0.69950	0.07475	0.06145	0.01371	0.00779	0.00209	0.00313	0.01215	0.00721	0.00618
71	0.00797	0.00615	0.00729	0.00812	0.00929	0.00547	0.00567	0.00940	0.01381	0.01757	0.07479	0.45287	0.32054	0.01875	0.00813	0.00247	0.00360	0.01650	0.00616	0.00547
72	0.81514	0.01273	0.00968	0.00866	0.01273	0.01477	0.00713	0.01935	0.01120	0.02954	0.00917	0.01069	0.00713	0.00611	0.00407	0.00204	0.00509	0.00356	0.00407	0.00713
73	0.01356	0.01170	0.01409	0.06365	0.01776	0.00920	0.00856	0.01659	0.01362	0.02112	0.01170	0.01393	0.00968	0.00500	0.00500	0.00106	0.00516	0.00404	0.00383	0.75075
74	0.01534	0.01724	0.03703	0.08079	0.05999	0.01647	0.62951	0.02075	0.01535	0.02079	0.01317	0.01769	0.00992	0.00564	0.00764	0.00221	0.01081	0.00756	0.00330	0.00882
75	0.00831	0.00630	0.00837	0.06273	0.01205	0.00605	0.00683	0.00976	0.01300	0.01695	0.03899	0.60665	0.14165	0.01902	0.00818	0.00257	0.00411	0.01707	0.00588	0.00552

[dist]
# distance from previous block
# <min> <max>
2	5

[block]
# block no. 3 follows, 33 sequences, length 13
# corresponding to MSA columns:
# 183-195
name=unknown_D
#
# <colnr> <probs for GDERKNQSTAVLIFYWHMCP>
#	G	D	E	R	K	N	Q	S	T	A	V	L	I	F	Y	W	H	M	C	P
0	0.01416	0.01143	0.01406	0.01222	0.07129	0.00944	0.00876	0.01807	0.05815	0.05857	0.08409	0.02069	0.04903	0.00674	0.00562	0.00135	0.00493	0.00565	0.00466	0.54108
1	0.05376	0.01175	0.01836	0.60908	0.03944	0.01380	0.01622	0.01692	0.01313	0.01813	0.01157	0.01665	0.00883	0.00632	0.00621	0.00201	0.00803	0.00546	0.00312	0.12120
2	0.01355	0.01661	0.17196	0.01173	0.01843	0.01021	0.01143	0.01751	0.01371	0.02132	0.01173	0.01371	0.00944	0.00518	0.00518	0.00122	0.00594	0.00411	0.00365	0.63338
3	0.01415	0.01230	0.01580	0.01384	0.09569	0.01001	0.02907	0.03864	0.01436	0.02191	0.01287	0.04216	0.01114	0.00569	0.00533	0.00122	0.00542	0.00485	0.00398	0.64158
4	0.01020	0.00801	0.01080	0.01158	0.08427	0.00730	0.00766	0.01319	0.01736	0.02444	0.51403	0.06297	0.11490	0.01249	0.00743	0.00200	0.00377	0.01101	0.00643	0.07015
5	0.03739	0.01862	0.17929	0.10044	0.38718	0.01454	0.01896	0.02066	0.01468	0.07550	0.01310	0.01604	0.01012	0.00614	0.00630	0.00195	0.00790	0.00551	0.00356	0.06212
6	0.04310	0.05863	0.02012	0.07317	0.08097	0.03087	0.07478	0.14582	0.17171	0.10444	0.01776	0.03271	0.01349	0.00737	0.00634	0.00194	0.00682	0.00627	0.00526	0.09842
7	0.01545	0.01478	0.02519	0.19686	0.57775	0.01542	0.01978	0.01946	0.01459	0.02048	0.01223	0.01657	0.01007	0.00602	0.00653	0.00201	0.00803	0.00586	0.00319	0.00974
8	0.01423	0.01257	0.01652	0.01648	0.17196	0.01028	0.01052	0.01737	0.01395	0.02146	0.01185	0.01423	0.00990	0.00509	0.00524	0.00119	0.00552	0.00433	0.00376	0.63354
9	0.07344	0.12704	0.02223	0.02173	0.24079	0.04789	0.02769	0.08509	0.19634	0.06887	0.01647	0.01737	0.01274	0.00699	0.00607	0.00195	0.00689	0.00579	0.00474	0.00987
10	0.01821	0.01366	0.01867	0.01564	0.01716	0.01739	0.01299	0.06432	0.01339	0.17480	0.01329	0.01672	0.01081	0.01210	0.04703	0.00295	0.51226	0.00601	0.00431	0.00829
11	0.00899	0.00704	0.01030	0.17248	0.01741	0.00738	0.00878	0.01085	0.01273	0.01681	0.03089	0.60034	0.03591	0.01754	0.00800	0.00257	0.00491	0.01589	0.00541	0.00578
12	0.01545	0.01560	0.02804	0.13228	0.19135	0.01606	0.29544	0.02332	0.16883	0.02198	0.01583	0.01889	0.01213	0.00651	0.00708	0.00216	0.00872	0.00698	0.00399	0.00935

[dist]
# distance from previous block
# <min> <max>
0	4

[block]
# block no. 4 follows, 33 sequences, length 16
# corresponding to MSA columns:
# 200-215
name=unknown_E
#
# <colnr> <probs for GDERKNQSTAVLIFYWHMCP>
#	G	D	E	R	K	N	Q	S	T	A	V	L	I	F	Y	W	H	M	C	P
0	0.65340	0.01305	0.01270	0.03148	0.01569	0.01466	0.05929	0.04080	0.01263	0.06025	0.01116	0.01372	0.00871	0.00654	0.00474	0.00208	0.00575	0.02151	0.00430	0.00754
1	0.01144	0.00572	0.00858	0.00858	0.00858	0.00572	0.00572	0.00858	0.00858	0.01144	0.01144	0.02001	0.01144	0.02287	0.02573	0.80846	0.00572	0.00572	0.00286	0.00286
2	0.02253	0.01786	0.01831	0.01474	0.01947	0.05564	0.01192	0.47925	0.22649	0.03621	0.01867	0.01812	0.01361	0.00814	0.00659	0.00204	0.00689	0.00628	0.00646	0.01079
3	0.01569	0.01182	0.01321	0.01218	0.01517	0.01298	0.00928	0.07762	0.40701	0.08206	0.02862	0.23566	0.02584	0.01214	0.00717	0.00232	0.00500	0.01049	0.00664	0.00909
4	0.01244	0.01082	0.01581	0.01321	0.01665	0.01028	0.10755	0.01655	0.06521	0.02051	0.06964	0.07008	0.03872	0.05122	0.03581	0.00260	0.04876	0.15261	0.00481	0.23669
5	0.01298	0.02765	0.52976	0.22906	0.03332	0.01510	0.02259	0.01969	0.01369	0.01969	0.01178	0.01495	0.00846	0.00635	0.00635	0.00212	0.00946	0.00515	0.00282	0.00904
6	0.01023	0.00679	0.00931	0.00931	0.01059	0.00763	0.00719	0.01278	0.01150	0.01794	0.01873	0.02548	0.01658	0.03743	0.53114	0.00799	0.01346	0.00679	0.23319	0.00595
7	0.58518	0.01244	0.01256	0.22184	0.02207	0.01473	0.01032	0.01863	0.01177	0.02589	0.00989	0.01266	0.00760	0.00625	0.00479	0.00208	0.00615	0.00422	0.00374	0.00718
8	0.01759	0.00996	0.01316	0.01143	0.01429	0.01042	0.00908	0.12437	0.01603	0.22455	0.01991	0.02424	0.01600	0.06931	0.38074	0.00658	0.01199	0.00689	0.00535	0.00812
9	0.01019	0.00715	0.00949	0.01057	0.01160	0.00713	0.00851	0.01227	0.01344	0.01758	0.03088	0.09680	0.03415	0.23329	0.01606	0.00397	0.00605	0.45996	0.00547	0.00544
10	0.18994	0.01321	0.01811	0.02458	0.34318	0.03704	0.01434	0.01834	0.01433	0.02257	0.01804	0.03153	0.01751	0.00948	0.00670	0.00227	0.00685	0.19937	0.00424	0.00836
11	0.59008	0.01229	0.01128	0.00953	0.01390	0.01331	0.00786	0.02300	0.01339	0.23082	0.01398	0.01405	0.00976	0.00669	0.00480	0.00204	0.00524	0.00444	0.00524	0.00830
12	0.02954	0.01120	0.01528	0.01171	0.01681	0.00968	0.00968	0.03208	0.01884	0.73213	0.02597	0.02241	0.01630	0.00815	0.00662	0.00204	0.00560	0.00662	0.00815	0.01120
13	0.02053	0.01696	0.01599	0.01314	0.01661	0.12629	0.01010	0.40279	0.02296	0.02940	0.01636	0.02302	0.01443	0.22567	0.01420	0.00320	0.00770	0.00671	0.00536	0.00859
14	0.01826	0.01795	0.03338	0.02414	0.03040	0.01773	0.50566	0.21719	0.01995	0.02693	0.01403	0.01720	0.01033	0.00622	0.00743	0.00215	0.00999	0.00724	0.00426	0.00954
15	0.10604	0.01317	0.01568	0.01517	0.10371	0.01385	0.01068	0.24537	0.05661	0.10202	0.21914	0.02597	0.02620	0.00912	0.00665	0.00203	0.00563	0.00752	0.00625	0.00919

[dist]
# distance from previous block
# <min> <max>
0	4

[block]
# block no. 5 follows, 33 sequences, length 13
# corresponding to MSA columns:
# 220-232
name=unknown_F
#
# <colnr> <probs for GDERKNQSTAVLIFYWHMCP>
#	G	D	E	R	K	N	Q	S	T	A	V	L	I	F	Y	W	H	M	C	P
0	0.01924	0.01556	0.01650	0.01398	0.01821	0.01771	0.01111	0.25685	0.48915	0.03215	0.02316	0.02167	0.01715	0.00859	0.00666	0.00215	0.00588	0.00694	0.00666	0.01068
1	0.01302	0.02841	0.58741	0.01621	0.02429	0.01344	0.02034	0.01974	0.01388	0.02159	0.01377	0.01605	0.01006	0.00654	0.00592	0.00197	0.00838	0.00512	0.16485	0.00900
2	0.37663	0.01432	0.01568	0.22344	0.09494	0.07553	0.01250	0.01956	0.01297	0.04722	0.01084	0.01387	0.00842	0.00661	0.00612	0.00209	0.04319	0.00471	0.00369	0.00770
3	0.00997	0.00826	0.01058	0.00971	0.01111	0.00887	0.00757	0.01239	0.01603	0.02218	0.42059	0.04558	0.21162	0.01384	0.01056	0.00227	0.15535	0.01115	0.00609	0.00625
4	0.00995	0.00773	0.01101	0.15866	0.01701	0.00791	0.00865	0.01331	0.01753	0.02446	0.58021	0.04279	0.05134	0.01207	0.00753	0.00210	0.00425	0.01068	0.00637	0.00643
5	0.00978	0.00618	0.00751	0.00767	0.00771	0.00614	0.00456	0.00933	0.00969	0.01292	0.02051	0.11492	0.02349	0.53868	0.02927	0.16799	0.00598	0.00976	0.00399	0.00390
6	0.81514	0.01273	0.00968	0.00866	0.01273	0.01477	0.00713	0.01935	0.01120	0.02954	0.00917	0.01069	0.00713	0.00611	0.00407	0.00204	0.00509	0.00356	0.00407	0.00713
7	0.01477	0.01564	0.02636	0.11212	0.07408	0.08126	0.32932	0.01836	0.01398	0.01815	0.01400	0.02202	0.01247	0.16028	0.01336	0.00303	0.05250	0.00733	0.00339	0.00759
8	0.01232	0.01123	0.01847	0.50662	0.12993	0.01306	0.01610	0.01639	0.01451	0.01939	0.15568	0.02377	0.01977	0.00787	0.00681	0.00214	0.00750	0.00708	0.00384	0.00751
9	0.01243	0.01170	0.01975	0.75282	0.04534	0.01463	0.01828	0.01682	0.01316	0.01682	0.01170	0.01755	0.00878	0.00658	0.00658	0.00219	0.00878	0.00585	0.00293	0.00731
10	0.01895	0.45173	0.02701	0.01291	0.01772	0.15802	0.01141	0.05026	0.15688	0.01903	0.01316	0.01383	0.01091	0.00660	0.00513	0.00165	0.00758	0.00454	0.00385	0.00880
11	0.00800	0.00666	0.00688	0.00683	0.00889	0.00566	0.00505	0.00971	0.01504	0.01827	0.12116	0.06110	0.63195	0.05467	0.00909	0.00242	0.00347	0.01350	0.00610	0.00553
12	0.01571	0.01418	0.01933	0.01682	0.05451	0.08634	0.16721	0.02273	0.18696	0.07704	0.13098	0.13258	0.02579	0.01014	0.00726	0.00219	0.00685	0.00938	0.00554	0.00846

[dist]
# distance from previous block
# <min> <max>
0	7

# created by:
# /home/berkeley/.conda/envs/busco_data_prod/bin/msa2prfl.pl pipeline/OGs_align_augustus/4893/25116.fs
