[name]
unknown

[dist]
# distance from previous block
# <min> <max>
0	17

[block]
# block no. 0 follows, 33 sequences, length 13
# corresponding to MSA columns:
# 17-29
name=unknown_A
#
# <colnr> <probs for GDERKNQSTAVLIFYWHMCP>
#	G	D	E	R	K	N	Q	S	T	A	V	L	I	F	Y	W	H	M	C	P
0	0.00885	0.00681	0.00800	0.00852	0.01013	0.00622	0.00660	0.01074	0.01444	0.01811	0.08142	0.12369	0.37078	0.09693	0.01092	0.00292	0.00444	0.19902	0.00593	0.00554
1	0.01442	0.08118	0.40849	0.05114	0.02634	0.07730	0.10277	0.01993	0.01405	0.01925	0.01286	0.04999	0.01055	0.00871	0.03400	0.00240	0.04887	0.00589	0.00310	0.00877
2	0.06615	0.12236	0.26920	0.04577	0.02199	0.03544	0.05145	0.07690	0.04425	0.05185	0.01567	0.08441	0.01329	0.00958	0.03566	0.00236	0.00815	0.00645	0.03034	0.00873
3	0.01190	0.00900	0.01324	0.10693	0.01720	0.00912	0.05909	0.01536	0.03918	0.07765	0.31951	0.11622	0.12035	0.01248	0.00818	0.00222	0.03847	0.01094	0.00600	0.00695
4	0.00828	0.00619	0.00770	0.00837	0.00947	0.00561	0.00588	0.01003	0.01465	0.01940	0.21272	0.42533	0.20647	0.01794	0.00810	0.00242	0.00353	0.01592	0.00639	0.00561
5	0.01731	0.08846	0.04964	0.13659	0.09202	0.04458	0.11165	0.13093	0.03554	0.08579	0.05032	0.09474	0.01648	0.00845	0.00673	0.00207	0.00761	0.00752	0.00470	0.00885
6	0.08719	0.18990	0.02864	0.07193	0.07775	0.07039	0.22756	0.07216	0.01540	0.02105	0.01141	0.01453	0.00921	0.00646	0.00736	0.00199	0.06941	0.00560	0.00346	0.00858
7	0.00854	0.00637	0.00799	0.00901	0.00989	0.00603	0.00621	0.01083	0.05103	0.01823	0.09135	0.58302	0.12910	0.01896	0.00819	0.00255	0.00378	0.01699	0.00623	0.00571
8	0.00858	0.00651	0.00796	0.00862	0.00979	0.00605	0.00607	0.01100	0.04558	0.01933	0.17383	0.43573	0.20100	0.01784	0.00806	0.00244	0.00364	0.01582	0.00635	0.00579
9	0.01586	0.13774	0.09724	0.01748	0.11023	0.04564	0.07195	0.09595	0.05951	0.05009	0.05585	0.17458	0.02034	0.00988	0.00669	0.00207	0.00695	0.00862	0.00473	0.00861
10	0.07563	0.02463	0.35503	0.06009	0.12354	0.03772	0.06905	0.10470	0.01616	0.02381	0.01223	0.01463	0.00909	0.00632	0.00623	0.00201	0.00873	0.00524	0.00352	0.04160
11	0.01764	0.38883	0.18452	0.01612	0.07441	0.15150	0.01496	0.02107	0.01458	0.01747	0.01027	0.01209	0.00863	0.00597	0.00518	0.00163	0.00848	0.00414	0.00299	0.03952
12	0.08260	0.07555	0.14146	0.07499	0.08243	0.05167	0.03374	0.01821	0.01401	0.06910	0.04241	0.07372	0.04792	0.00929	0.00762	0.06297	0.00691	0.00669	0.02056	0.07814

[dist]
# distance from previous block
# <min> <max>
0	7

[block]
# block no. 1 follows, 33 sequences, length 23
# corresponding to MSA columns:
# 37-59
name=unknown_B
#
# <colnr> <probs for GDERKNQSTAVLIFYWHMCP>
#	G	D	E	R	K	N	Q	S	T	A	V	L	I	F	Y	W	H	M	C	P
0	0.03980	0.05221	0.02451	0.13517	0.34204	0.05040	0.09231	0.08744	0.01619	0.02212	0.01403	0.06800	0.01223	0.00720	0.00659	0.00203	0.00806	0.00672	0.00376	0.00920
1	0.01723	0.01301	0.01439	0.01244	0.01605	0.01432	0.00979	0.13976	0.39953	0.08208	0.17700	0.02833	0.02752	0.00969	0.00691	0.00214	0.00511	0.00811	0.00691	0.00969
2	0.00809	0.00576	0.00762	0.00908	0.00944	0.00539	0.00602	0.00918	0.01247	0.01663	0.03560	0.73261	0.04268	0.05353	0.00951	0.00284	0.00393	0.01831	0.00602	0.00529
3	0.00839	0.00669	0.00751	0.00730	0.00926	0.00581	0.00548	0.01062	0.01643	0.02117	0.32541	0.05778	0.46406	0.01541	0.00777	0.00216	0.00324	0.01311	0.00656	0.00581
4	0.00883	0.00644	0.00703	0.00714	0.00795	0.00602	0.00449	0.00950	0.01170	0.01482	0.03804	0.10043	0.27264	0.45125	0.02268	0.00466	0.00513	0.01173	0.00489	0.00464
5	0.01515	0.00904	0.01134	0.00996	0.01269	0.00878	0.00774	0.02084	0.14049	0.18721	0.44337	0.03878	0.04435	0.01146	0.00732	0.00209	0.00404	0.00992	0.00736	0.00808
6	0.00916	0.00613	0.00819	0.00929	0.01003	0.00570	0.00643	0.01063	0.01356	0.04846	0.10422	0.63688	0.04402	0.01929	0.00829	0.00260	0.00390	0.04119	0.00631	0.00571
7	0.73670	0.05612	0.01151	0.00908	0.01329	0.01565	0.00759	0.04817	0.01216	0.02924	0.00944	0.01090	0.00738	0.00616	0.00419	0.00200	0.00529	0.00366	0.00411	0.00738
8	0.01783	0.32405	0.11664	0.01453	0.02017	0.05905	0.08884	0.09119	0.01635	0.06952	0.05348	0.01620	0.01291	0.00853	0.03819	0.00213	0.00819	0.00531	0.00397	0.03290
9	0.06696	0.15741	0.15158	0.03928	0.08775	0.04222	0.01392	0.07381	0.10824	0.10858	0.05051	0.04202	0.01498	0.00764	0.00604	0.00196	0.00702	0.00606	0.00471	0.00931
10	0.02677	0.01217	0.01561	0.01187	0.01709	0.01088	0.00977	0.11337	0.01962	0.54772	0.02273	0.02037	0.01475	0.00766	0.00637	0.00188	0.00570	0.00616	0.00736	0.12215
11	0.01243	0.01170	0.01975	0.75282	0.04534	0.01463	0.01828	0.01682	0.01316	0.01682	0.01170	0.01755	0.00878	0.00658	0.00658	0.00219	0.00878	0.00585	0.00293	0.00731
12	0.01805	0.06002	0.10153	0.08749	0.19123	0.06663	0.03722	0.17133	0.04353	0.05610	0.04367	0.01947	0.01371	0.00874	0.02974	0.00228	0.00821	0.02711	0.00449	0.00947
13	0.01285	0.01096	0.01417	0.01465	0.08409	0.05473	0.01021	0.01477	0.01204	0.04541	0.04674	0.02635	0.03847	0.14425	0.27629	0.00593	0.17032	0.00729	0.00385	0.00664
14	0.00878	0.00655	0.00742	0.00735	0.00858	0.00599	0.00501	0.01022	0.01397	0.01819	0.21365	0.08392	0.29321	0.26973	0.01648	0.00361	0.00433	0.01215	0.00568	0.00518
15	0.06086	0.03279	0.69145	0.01816	0.02756	0.01526	0.02330	0.02076	0.01374	0.02136	0.01166	0.01371	0.00827	0.00625	0.00612	0.00208	0.00945	0.00479	0.00286	0.00957
16	0.04236	0.04143	0.06588	0.02013	0.12762	0.17224	0.09616	0.10887	0.06121	0.04069	0.03396	0.07134	0.01420	0.00828	0.00774	0.00207	0.06589	0.00677	0.00433	0.00882
17	0.29465	0.17877	0.18178	0.01216	0.01763	0.01619	0.03362	0.04067	0.01350	0.02294	0.01707	0.05032	0.08140	0.00778	0.00536	0.00196	0.00659	0.00576	0.00386	0.00796
18	0.07817	0.00803	0.01059	0.01287	0.09464	0.00788	0.00808	0.01317	0.03162	0.05156	0.05979	0.50115	0.06465	0.01634	0.00764	0.00245	0.00446	0.01461	0.00576	0.00653
19	0.01600	0.01644	0.05997	0.07505	0.15943	0.11018	0.01313	0.08223	0.09294	0.02217	0.01806	0.11088	0.03214	0.00851	0.00642	0.00190	0.00706	0.00721	0.00444	0.15584
20	0.05123	0.08533	0.05543	0.06649	0.03712	0.03937	0.01202	0.25047	0.09398	0.05766	0.02962	0.03962	0.01385	0.00976	0.03900	0.00234	0.02570	0.00616	0.05060	0.03424
21	0.11200	0.02009	0.19277	0.05701	0.08319	0.06803	0.01494	0.16047	0.03915	0.07668	0.01629	0.04048	0.03280	0.00777	0.00664	0.00206	0.02951	0.00599	0.02494	0.00920
22	0.01690	0.09025	0.07276	0.06972	0.04151	0.01528	0.05343	0.10798	0.07138	0.09449	0.01705	0.08858	0.01450	0.00873	0.00823	0.00205	0.10062	0.00692	0.03251	0.08710

[dist]
# distance from previous block
# <min> <max>
1	21

[block]
# block no. 2 follows, 33 sequences, length 34
# corresponding to MSA columns:
# 81-114
name=unknown_C
#
# <colnr> <probs for GDERKNQSTAVLIFYWHMCP>
#	G	D	E	R	K	N	Q	S	T	A	V	L	I	F	Y	W	H	M	C	P
0	0.02315	0.01799	0.01841	0.01474	0.01953	0.06341	0.01195	0.48594	0.18830	0.06001	0.01835	0.01781	0.01326	0.00808	0.00657	0.00202	0.00700	0.00620	0.00647	0.01080
1	0.00869	0.00678	0.00797	0.00783	0.00967	0.00593	0.00577	0.01088	0.01596	0.02112	0.31260	0.16608	0.32861	0.01550	0.00774	0.00218	0.00340	0.01342	0.00645	0.04342
2	0.12420	0.08157	0.01931	0.13915	0.08166	0.07427	0.06245	0.06296	0.03132	0.13328	0.01697	0.01976	0.04274	0.00844	0.00739	0.05288	0.00731	0.02152	0.00451	0.00833
3	0.11641	0.08159	0.05336	0.01241	0.01750	0.01428	0.01085	0.14987	0.06205	0.35950	0.02033	0.02024	0.01417	0.00793	0.00618	0.00202	0.00617	0.02847	0.00649	0.01019
4	0.00973	0.00819	0.00982	0.00930	0.01104	0.00845	0.00730	0.01259	0.04621	0.02044	0.23620	0.05140	0.36197	0.01480	0.00981	0.00233	0.11199	0.05622	0.00598	0.00622
5	0.03122	0.03934	0.07955	0.04752	0.01445	0.00886	0.00905	0.03073	0.01625	0.08687	0.28668	0.17703	0.12069	0.01309	0.00733	0.00218	0.00470	0.01133	0.00608	0.00704
6	0.01955	0.01788	0.02020	0.28650	0.06723	0.21931	0.05824	0.02273	0.01586	0.15022	0.01391	0.01664	0.01025	0.00708	0.00724	0.00205	0.04699	0.00566	0.00407	0.00839
7	0.07503	0.01734	0.01813	0.01424	0.01911	0.04266	0.01164	0.55449	0.02746	0.08913	0.01697	0.05370	0.01285	0.00841	0.00650	0.00201	0.00697	0.00642	0.00641	0.01052
8	0.01286	0.01216	0.01998	0.64929	0.04185	0.01507	0.03619	0.01803	0.05738	0.01756	0.01254	0.01784	0.00952	0.00695	0.00738	0.00223	0.04645	0.00600	0.00317	0.00755
9	0.04070	0.13399	0.14125	0.16376	0.05073	0.08133	0.10146	0.04175	0.04882	0.05032	0.01255	0.01539	0.00972	0.00689	0.00750	0.00205	0.07414	0.00547	0.00354	0.00863
10	0.01959	0.25994	0.04189	0.12151	0.02348	0.29255	0.04512	0.03894	0.01585	0.03301	0.01068	0.01305	0.00883	0.00661	0.00636	0.00178	0.04486	0.00459	0.00329	0.00810
11	0.00856	0.00670	0.00775	0.00748	0.00937	0.00589	0.00561	0.01095	0.01684	0.02214	0.39878	0.05619	0.39010	0.01505	0.00777	0.00215	0.00322	0.01289	0.00669	0.00589
12	0.10614	0.10513	0.05463	0.06305	0.25141	0.05763	0.01506	0.05789	0.01515	0.10324	0.01276	0.01517	0.01004	0.00703	0.00777	0.00203	0.09743	0.00528	0.00396	0.00922
13	0.00888	0.00671	0.00819	0.00782	0.00957	0.00602	0.00587	0.01157	0.01760	0.02393	0.53595	0.05323	0.25180	0.01438	0.00777	0.00211	0.00317	0.01247	0.00692	0.00602
14	0.00861	0.00616	0.00827	0.00950	0.01022	0.00582	0.00682	0.01033	0.01387	0.01864	0.13510	0.55433	0.04534	0.01921	0.00842	0.00264	0.00406	0.12081	0.00627	0.00558
15	0.00957	0.00638	0.00718	0.00718	0.00718	0.00638	0.00399	0.00957	0.00957	0.01276	0.02074	0.04308	0.02393	0.76864	0.03351	0.00638	0.00638	0.00957	0.00399	0.00399
16	0.00802	0.00573	0.00764	0.00917	0.00955	0.00535	0.00611	0.00917	0.01260	0.01681	0.03628	0.76434	0.04354	0.02062	0.00840	0.00267	0.00382	0.01872	0.00611	0.00535
17	0.13649	0.19311	0.04837	0.01422	0.01880	0.31461	0.01199	0.14983	0.01850	0.02280	0.01091	0.01222	0.00878	0.00662	0.00542	0.00175	0.00887	0.00432	0.00393	0.00849
18	0.01528	0.01438	0.02405	0.28621	0.46518	0.01547	0.01925	0.04434	0.01495	0.02062	0.01227	0.01671	0.00988	0.00619	0.00654	0.00204	0.00813	0.00586	0.00327	0.00938
19	0.00862	0.00627	0.00818	0.00896	0.00986	0.00573	0.00616	0.01024	0.01382	0.01892	0.17699	0.55747	0.04509	0.03875	0.00877	0.00256	0.00380	0.01628	0.00617	0.04734
20	0.01565	0.01745	0.03710	0.02957	0.13421	0.01650	0.60526	0.02096	0.01546	0.02115	0.01318	0.01755	0.01005	0.00559	0.00759	0.00218	0.01063	0.00750	0.00332	0.00910
21	0.00940	0.00704	0.01049	0.01046	0.01166	0.00812	0.00812	0.01179	0.01100	0.01586	0.05443	0.02708	0.01884	0.04750	0.70428	0.01014	0.01688	0.00731	0.00372	0.00590
22	0.00805	0.00585	0.00753	0.00885	0.00940	0.00541	0.00592	0.00921	0.01274	0.01676	0.03877	0.66834	0.11096	0.04711	0.00924	0.00276	0.00386	0.01790	0.00604	0.00532
23	0.00949	0.00670	0.00881	0.00881	0.00937	0.00726	0.00602	0.01062	0.01005	0.01397	0.01926	0.03485	0.02036	0.42489	0.37237	0.00839	0.01176	0.00837	0.00377	0.00489
24	0.01034	0.00743	0.01027	0.01173	0.01320	0.00736	0.01011	0.01320	0.01499	0.01945	0.03616	0.11737	0.06439	0.01828	0.00900	0.00298	0.00582	0.61588	0.00607	0.00600
25	0.00942	0.00698	0.01022	0.01022	0.01127	0.00803	0.00778	0.01153	0.01047	0.01502	0.01796	0.02768	0.01725	0.12523	0.66777	0.01014	0.01645	0.00732	0.00358	0.00568
26	0.00802	0.00573	0.00764	0.00917	0.00955	0.00535	0.00611	0.00917	0.01260	0.01681	0.03628	0.76434	0.04354	0.02062	0.00840	0.00267	0.00382	0.01872	0.00611	0.00535
27	0.01412	0.01215	0.01293	0.01249	0.01538	0.04462	0.01004	0.02554	0.40124	0.02367	0.03252	0.04304	0.09560	0.01243	0.00750	0.00245	0.00558	0.21394	0.00630	0.00848
28	0.01498	0.01438	0.02471	0.13836	0.48605	0.01513	0.06167	0.01880	0.01412	0.01997	0.01262	0.01732	0.01061	0.01010	0.07280	0.00282	0.04692	0.00608	0.00322	0.00931
29	0.00927	0.00632	0.00798	0.00871	0.00926	0.00614	0.00598	0.01045	0.01242	0.01685	0.09082	0.31151	0.03599	0.27455	0.01728	0.02242	0.00497	0.10992	0.03412	0.00503
30	0.01480	0.06873	0.55254	0.01922	0.02800	0.01569	0.12053	0.02153	0.01442	0.06546	0.01279	0.01482	0.00908	0.00624	0.00639	0.00207	0.00953	0.00532	0.00320	0.00963
31	0.02172	0.01053	0.01336	0.01082	0.01475	0.00977	0.00872	0.09741	0.03793	0.39962	0.20322	0.03209	0.09031	0.01023	0.00701	0.00206	0.00494	0.00854	0.00754	0.00943
32	0.01476	0.12157	0.33407	0.01727	0.02410	0.01541	0.14136	0.05118	0.01559	0.05291	0.09285	0.05762	0.01693	0.00775	0.00657	0.00204	0.00829	0.00684	0.00396	0.00892
33	0.04798	0.05830	0.21903	0.07609	0.08964	0.06946	0.01565	0.10189	0.03261	0.10498	0.03933	0.05799	0.01387	0.00770	0.00631	0.00199	0.00772	0.00623	0.00447	0.03878

[dist]
# distance from previous block
# <min> <max>
0	9

[block]
# block no. 3 follows, 33 sequences, length 18
# corresponding to MSA columns:
# 124-141
name=unknown_D
#
# <colnr> <probs for GDERKNQSTAVLIFYWHMCP>
#	G	D	E	R	K	N	Q	S	T	A	V	L	I	F	Y	W	H	M	C	P
0	0.01207	0.04111	0.03150	0.01117	0.04139	0.03253	0.00858	0.03675	0.03724	0.02102	0.10181	0.14001	0.11676	0.03091	0.00756	0.00214	0.00506	0.10552	0.06504	0.15183
1	0.03839	0.09102	0.10655	0.07277	0.09703	0.05183	0.08298	0.16838	0.05971	0.02475	0.01631	0.01829	0.04488	0.00752	0.00715	0.00202	0.05032	0.00607	0.04496	0.00908
2	0.00975	0.00710	0.00988	0.00982	0.01069	0.00809	0.00729	0.01156	0.01061	0.01536	0.01889	0.05847	0.01883	0.19694	0.49158	0.00855	0.04384	0.00795	0.04928	0.00552
3	0.08414	0.12131	0.10171	0.03898	0.11363	0.21809	0.01439	0.15998	0.04694	0.02393	0.01228	0.01388	0.00963	0.00671	0.00585	0.00186	0.00864	0.00489	0.00405	0.00912
4	0.01781	0.02157	0.10018	0.10485	0.06062	0.24745	0.05965	0.05727	0.09433	0.01981	0.01347	0.01637	0.01080	0.01075	0.06748	0.00275	0.07708	0.00562	0.00375	0.00837
5	0.00837	0.00622	0.00748	0.00808	0.00907	0.00568	0.00552	0.00976	0.01366	0.01784	0.13954	0.36933	0.22648	0.12780	0.01181	0.00301	0.00396	0.01512	0.00596	0.00533
6	0.00951	0.00679	0.00812	0.00792	0.00976	0.00601	0.00589	0.01178	0.01644	0.05563	0.34301	0.14424	0.32002	0.01539	0.00780	0.00221	0.00341	0.01330	0.00670	0.00608
7	0.00845	0.00661	0.00753	0.00763	0.00932	0.00585	0.00563	0.01038	0.01533	0.01963	0.22518	0.13254	0.40734	0.06520	0.00958	0.00254	0.00366	0.04573	0.00626	0.00562
8	0.00971	0.00740	0.01078	0.01062	0.01161	0.00872	0.00815	0.01177	0.01045	0.01506	0.01744	0.02695	0.01677	0.12004	0.62978	0.00972	0.05851	0.00724	0.00354	0.00576
9	0.81514	0.01273	0.00968	0.00866	0.01273	0.01477	0.00713	0.01935	0.01120	0.02954	0.00917	0.01069	0.00713	0.00611	0.00407	0.00204	0.00509	0.00356	0.00407	0.00713
10	0.00823	0.00588	0.00788	0.00940	0.00988	0.00553	0.00647	0.00953	0.01281	0.01704	0.03617	0.70898	0.04309	0.02043	0.00846	0.00270	0.00400	0.07203	0.00611	0.00540
11	0.01609	0.55229	0.14780	0.01217	0.01777	0.02168	0.01274	0.01849	0.01285	0.01587	0.00989	0.01232	0.00881	0.00792	0.00729	0.10392	0.00732	0.00402	0.00282	0.00795
12	0.01892	0.17321	0.18294	0.01614	0.02240	0.01871	0.10136	0.26436	0.02036	0.04845	0.03610	0.01610	0.01180	0.00696	0.00616	0.00191	0.00792	0.00565	0.03085	0.00970
13	0.06845	0.00747	0.00908	0.00959	0.01098	0.00728	0.00681	0.05339	0.01420	0.07662	0.03353	0.57772	0.06449	0.01767	0.00782	0.00252	0.00424	0.01570	0.00616	0.00630
14	0.00911	0.00722	0.00832	0.00873	0.01030	0.00690	0.00627	0.01284	0.10321	0.01939	0.10831	0.35600	0.28486	0.01708	0.00791	0.00240	0.00376	0.01495	0.00629	0.00614
15	0.18354	0.03222	0.03186	0.01491	0.10970	0.04145	0.03228	0.05195	0.01466	0.12990	0.01882	0.08022	0.01718	0.11697	0.01006	0.00272	0.00634	0.05659	0.04079	0.00785
16	0.01561	0.05792	0.16159	0.01424	0.01940	0.03088	0.06642	0.07118	0.16125	0.06218	0.05896	0.06457	0.01758	0.00988	0.03629	0.00230	0.00718	0.00698	0.03687	0.09870
17	0.08061	0.03487	0.06010	0.04950	0.13487	0.05930	0.10028	0.04242	0.01519	0.07785	0.03941	0.06431	0.03981	0.02999	0.02613	0.00245	0.03151	0.06620	0.00444	0.04076

[dist]
# distance from previous block
# <min> <max>
1	25

[block]
# block no. 4 follows, 33 sequences, length 22
# corresponding to MSA columns:
# 167-188
name=unknown_E
#
# <colnr> <probs for GDERKNQSTAVLIFYWHMCP>
#	G	D	E	R	K	N	Q	S	T	A	V	L	I	F	Y	W	H	M	C	P
0	0.13135	0.16734	0.06774	0.03475	0.10668	0.10904	0.01289	0.15239	0.05081	0.04803	0.01396	0.05199	0.01162	0.00737	0.00575	0.00190	0.00743	0.00557	0.00437	0.00902
1	0.05409	0.01058	0.02476	0.00999	0.01330	0.02916	0.00786	0.06235	0.03975	0.07360	0.21931	0.12259	0.06900	0.01124	0.00730	0.02860	0.00470	0.00909	0.00575	0.19700
2	0.01736	0.11114	0.27387	0.01850	0.02552	0.04946	0.17560	0.12234	0.01724	0.06213	0.01371	0.01654	0.01037	0.00664	0.00645	0.00199	0.00898	0.02229	0.00391	0.03597
3	0.01470	0.01601	0.03297	0.07063	0.03149	0.01552	0.54228	0.02067	0.06084	0.02073	0.01637	0.02043	0.03760	0.00920	0.05706	0.00278	0.01072	0.00781	0.00364	0.00856
4	0.00871	0.00656	0.00811	0.00870	0.00987	0.00614	0.00615	0.01130	0.04914	0.01990	0.21225	0.42243	0.17124	0.01755	0.00805	0.00242	0.00362	0.01559	0.00642	0.00585
5	0.01251	0.01180	0.01976	0.72464	0.04427	0.01484	0.01813	0.01678	0.01305	0.01678	0.01158	0.01743	0.00877	0.00677	0.00716	0.00222	0.03743	0.00585	0.00292	0.00731
6	0.01004	0.00758	0.00927	0.00988	0.01081	0.03116	0.00705	0.01148	0.01320	0.04904	0.05535	0.52188	0.10213	0.02038	0.05838	0.00310	0.05218	0.01544	0.00577	0.00588
7	0.07333	0.01058	0.01294	0.01092	0.01453	0.01022	0.00863	0.10871	0.03693	0.34860	0.06205	0.17899	0.02334	0.01089	0.00676	0.00214	0.00510	0.00915	0.05709	0.00910
8	0.02357	0.02760	0.02023	0.01739	0.02113	0.54477	0.05797	0.13343	0.01999	0.02046	0.01120	0.01301	0.00902	0.00711	0.00692	0.00183	0.04742	0.00481	0.00387	0.00826
9	0.00802	0.00573	0.00764	0.00917	0.00955	0.00535	0.00611	0.00917	0.01260	0.01681	0.03628	0.76434	0.04354	0.02062	0.00840	0.00267	0.00382	0.01872	0.00611	0.00535
10	0.00808	0.00668	0.00709	0.00699	0.00908	0.00569	0.00524	0.01004	0.01572	0.01949	0.19648	0.06056	0.59405	0.01604	0.00778	0.00219	0.00329	0.01350	0.00634	0.00569
11	0.00906	0.00623	0.00806	0.00874	0.00928	0.00632	0.00592	0.01032	0.01145	0.01599	0.02694	0.35496	0.03035	0.22177	0.17880	0.00533	0.00752	0.01277	0.06504	0.00517
12	0.07463	0.02259	0.01860	0.07199	0.02132	0.36811	0.04337	0.13645	0.01848	0.02182	0.01232	0.03572	0.01027	0.00774	0.00758	0.00196	0.08119	0.00539	0.03242	0.00806
13	0.09338	0.01190	0.01585	0.01302	0.01686	0.01218	0.10614	0.04045	0.20955	0.15125	0.10949	0.05174	0.06896	0.00939	0.00670	0.00212	0.00558	0.00819	0.05847	0.00877
14	0.02071	0.01016	0.01244	0.01033	0.01384	0.00961	0.00815	0.11806	0.01830	0.34037	0.04545	0.09580	0.08437	0.05985	0.00839	0.00232	0.00509	0.00855	0.11937	0.00884
15	0.01043	0.00721	0.00880	0.00885	0.00962	0.00748	0.00601	0.05713	0.01220	0.01678	0.02351	0.18489	0.02583	0.37337	0.15251	0.00574	0.00778	0.03292	0.04367	0.00526
16	0.01599	0.01474	0.02238	0.41013	0.17541	0.04178	0.06360	0.13561	0.01692	0.02222	0.01259	0.01682	0.00959	0.00660	0.00663	0.00209	0.00859	0.00594	0.00366	0.00871
17	0.00834	0.00634	0.00768	0.00809	0.00943	0.00568	0.00578	0.01026	0.01524	0.02008	0.25814	0.31777	0.26903	0.01714	0.00801	0.00234	0.00344	0.01506	0.00646	0.00568
18	0.01630	0.01578	0.10084	0.04327	0.29660	0.01314	0.03773	0.05054	0.01533	0.08860	0.01451	0.01813	0.01164	0.00937	0.05816	0.00242	0.00798	0.02120	0.00402	0.17445
19	0.01631	0.01559	0.05399	0.36250	0.07480	0.06098	0.04946	0.13904	0.06439	0.04010	0.03294	0.03396	0.01239	0.00739	0.00666	0.00211	0.00823	0.00637	0.00418	0.00862
20	0.01554	0.01572	0.02324	0.22271	0.27435	0.08411	0.08850	0.02048	0.07201	0.01965	0.01392	0.04475	0.01166	0.00728	0.00768	0.00213	0.05742	0.00651	0.00355	0.00877
21	0.06635	0.01146	0.01482	0.03462	0.04959	0.04574	0.01096	0.01488	0.01228	0.01841	0.11307	0.03885	0.01936	0.02291	0.24319	0.00501	0.26075	0.00710	0.00389	0.00678

[dist]
# distance from previous block
# <min> <max>
10	20

[block]
# block no. 5 follows, 33 sequences, length 13
# corresponding to MSA columns:
# 210-222
name=unknown_F
#
# <colnr> <probs for GDERKNQSTAVLIFYWHMCP>
#	G	D	E	R	K	N	Q	S	T	A	V	L	I	F	Y	W	H	M	C	P
0	0.06918	0.14339	0.10771	0.02970	0.09475	0.01524	0.07868	0.07959	0.05601	0.04222	0.10157	0.02549	0.11239	0.00861	0.00639	0.00198	0.00667	0.00726	0.00464	0.00853
1	0.01035	0.00630	0.00839	0.00914	0.00997	0.00587	0.00632	0.01106	0.01261	0.07256	0.03296	0.50536	0.07576	0.05117	0.01181	0.11930	0.00438	0.03555	0.00571	0.00543
2	0.04383	0.14547	0.10859	0.05559	0.07693	0.10031	0.11027	0.06291	0.03615	0.13693	0.01611	0.03771	0.02610	0.00719	0.00624	0.00195	0.00814	0.00605	0.00439	0.00914
3	0.01542	0.01393	0.02229	0.34169	0.15181	0.04303	0.11505	0.04795	0.01539	0.06585	0.03522	0.01998	0.04033	0.00702	0.00674	0.00207	0.00828	0.00654	0.00383	0.03757
4	0.00827	0.00615	0.00777	0.00890	0.00983	0.00565	0.00633	0.00979	0.01357	0.01761	0.06413	0.51972	0.19112	0.01930	0.00832	0.00259	0.00392	0.08539	0.00614	0.00549
5	0.01392	0.02309	0.35114	0.04234	0.02251	0.06849	0.03543	0.06379	0.07188	0.02199	0.07274	0.10608	0.05968	0.00940	0.00679	0.00214	0.00783	0.00785	0.00432	0.00860
6	0.03506	0.08453	0.15623	0.18530	0.09364	0.04710	0.11250	0.10776	0.01672	0.07965	0.01334	0.01596	0.00985	0.00652	0.00640	0.00202	0.00864	0.00569	0.00391	0.00918
7	0.00982	0.00760	0.01114	0.01090	0.01191	0.00908	0.00846	0.01195	0.01048	0.01517	0.01711	0.02603	0.01630	0.09218	0.63910	0.00969	0.07662	0.00711	0.00350	0.00586
8	0.01150	0.00575	0.00839	0.00839	0.00851	0.00575	0.00563	0.00909	0.00897	0.01243	0.01220	0.02036	0.01185	0.02172	0.02413	0.74723	0.00552	0.00575	0.06374	0.00311
9	0.01414	0.04334	0.11563	0.42955	0.10907	0.05833	0.07065	0.01864	0.01383	0.01803	0.01161	0.01626	0.00895	0.00657	0.00711	0.00213	0.03938	0.00569	0.00299	0.00812
10	0.01289	0.04681	0.11305	0.06168	0.01825	0.03501	0.01289	0.01685	0.06976	0.01728	0.01564	0.08001	0.01496	0.07456	0.14979	0.00425	0.23816	0.00722	0.00366	0.00724
11	0.00868	0.00683	0.00828	0.05568	0.01146	0.00635	0.00628	0.01069	0.01503	0.01947	0.23091	0.16841	0.33396	0.07655	0.00988	0.00259	0.00395	0.01327	0.00604	0.00569
12	0.01309	0.01024	0.01017	0.00957	0.01182	0.06457	0.00731	0.05771	0.12321	0.02277	0.07381	0.06301	0.13437	0.01598	0.10849	0.00313	0.00641	0.00847	0.24881	0.00705

[dist]
# distance from previous block
# <min> <max>
0	13

# created by:
# /home/berkeley/.conda/envs/busco_data_prod/bin/msa2prfl.pl pipeline/OGs_align_augustus/4893/25134.fs
