[name]
unknown

[dist]
# distance from previous block
# <min> <max>
0	29

[block]
# block no. 0 follows, 34 sequences, length 21
# corresponding to MSA columns:
# 30-50
name=unknown_A
#
# <colnr> <probs for GDERKNQSTAVLIFYWHMCP>
#	G	D	E	R	K	N	Q	S	T	A	V	L	I	F	Y	W	H	M	C	P
0	0.04011	0.01405	0.01865	0.05668	0.08296	0.03059	0.07589	0.17676	0.08488	0.02473	0.04745	0.06355	0.05933	0.00955	0.00920	0.00219	0.13342	0.02807	0.00481	0.03713
1	0.01760	0.19209	0.06887	0.05235	0.10790	0.05772	0.12318	0.06428	0.10986	0.08213	0.01533	0.04104	0.01227	0.00705	0.00638	0.00192	0.02064	0.00606	0.00422	0.00911
2	0.01285	0.00998	0.05551	0.00989	0.01233	0.04085	0.00794	0.03021	0.01543	0.13478	0.14052	0.31246	0.16235	0.01472	0.00748	0.00226	0.00464	0.01281	0.00617	0.00684
3	0.05293	0.06632	0.10955	0.03880	0.26636	0.01489	0.04081	0.06969	0.07972	0.06795	0.04370	0.02031	0.01430	0.00723	0.00628	0.00196	0.00706	0.04074	0.00431	0.04709
4	0.01388	0.01221	0.03966	0.04084	0.03843	0.00959	0.00909	0.03346	0.03763	0.04544	0.03786	0.01772	0.04551	0.00605	0.00533	0.00126	0.00516	0.00496	0.00423	0.59170
5	0.00938	0.00658	0.00916	0.00922	0.00992	0.00725	0.00661	0.01058	0.01003	0.01406	0.01844	0.05931	0.01893	0.25292	0.45718	0.07112	0.01270	0.00798	0.00364	0.00499
6	0.00929	0.00686	0.00927	0.04699	0.01141	0.00736	0.00683	0.01083	0.01117	0.01518	0.06310	0.03541	0.11284	0.23690	0.35105	0.03680	0.01081	0.00862	0.00406	0.00520
7	0.01418	0.04083	0.01912	0.13791	0.07176	0.01683	0.01380	0.01620	0.01129	0.04872	0.01183	0.04233	0.01124	0.06723	0.01688	0.00281	0.44019	0.00634	0.00328	0.00724
8	0.01564	0.27235	0.05779	0.01188	0.01563	0.01614	0.03034	0.07023	0.01563	0.08394	0.17169	0.06399	0.02337	0.04116	0.00860	0.00209	0.07977	0.00719	0.00471	0.00786
9	0.01558	0.05283	0.04245	0.04243	0.09036	0.03404	0.04939	0.05105	0.06676	0.06511	0.03654	0.01684	0.01254	0.00791	0.03595	0.00190	0.02229	0.00525	0.00424	0.34656
10	0.27574	0.36374	0.04437	0.01241	0.04860	0.09250	0.01064	0.02063	0.04624	0.02068	0.01012	0.01153	0.00850	0.00597	0.00454	0.00169	0.00680	0.00386	0.00342	0.00801
11	0.02524	0.01100	0.01433	0.01101	0.01590	0.00950	0.00903	0.05461	0.01803	0.56487	0.02632	0.02366	0.06859	0.00821	0.00636	0.00188	0.00530	0.00667	0.00726	0.11222
12	0.01166	0.01056	0.01666	0.44762	0.10397	0.01209	0.01462	0.01569	0.03100	0.01833	0.08012	0.02998	0.11692	0.00918	0.00689	0.00218	0.00704	0.05435	0.00399	0.00715
13	0.00856	0.00656	0.00886	0.00988	0.01021	0.00685	0.00690	0.00972	0.01210	0.01639	0.03262	0.68534	0.03895	0.01926	0.00968	0.00265	0.08742	0.01696	0.00565	0.00545
14	0.02421	0.01724	0.01869	0.01448	0.01952	0.01895	0.01191	0.60730	0.08457	0.09067	0.01710	0.01667	0.01205	0.00785	0.00648	0.00196	0.00683	0.00599	0.00658	0.01093
15	0.01296	0.03342	0.73944	0.01842	0.02797	0.01501	0.02387	0.02046	0.01364	0.02046	0.01160	0.01364	0.00818	0.00614	0.00614	0.00205	0.00955	0.00477	0.00273	0.00955
16	0.81856	0.01250	0.00950	0.00850	0.01250	0.01449	0.00700	0.01899	0.01100	0.02899	0.00900	0.01050	0.00700	0.00600	0.00400	0.00200	0.00500	0.00350	0.00400	0.00700
17	0.00811	0.00653	0.00723	0.00713	0.00904	0.00565	0.00532	0.01017	0.01575	0.02005	0.27058	0.08383	0.49687	0.01553	0.00765	0.00215	0.00322	0.01320	0.00635	0.00565
18	0.01743	0.01436	0.01526	0.01331	0.01712	0.01639	0.01045	0.17087	0.54821	0.02934	0.02453	0.05623	0.01899	0.00908	0.00663	0.00216	0.00546	0.00751	0.00653	0.01016
19	0.00931	0.00674	0.00960	0.00955	0.01051	0.00750	0.00712	0.01116	0.01097	0.01560	0.09025	0.03034	0.02179	0.16375	0.53317	0.03187	0.01369	0.00778	0.00389	0.00541
20	0.01213	0.04693	0.01100	0.03375	0.01217	0.00817	0.00725	0.03881	0.01610	0.10221	0.29997	0.14743	0.11988	0.05680	0.04344	0.00274	0.00488	0.02353	0.00617	0.00664

[dist]
# distance from previous block
# <min> <max>
0	2

[block]
# block no. 1 follows, 34 sequences, length 21
# corresponding to MSA columns:
# 53-73
name=unknown_B
#
# <colnr> <probs for GDERKNQSTAVLIFYWHMCP>
#	G	D	E	R	K	N	Q	S	T	A	V	L	I	F	Y	W	H	M	C	P
0	0.02043	0.01664	0.01659	0.01401	0.01804	0.09517	0.01113	0.22371	0.35996	0.09336	0.02075	0.01977	0.01527	0.00828	0.00701	0.00207	0.03512	0.00641	0.00618	0.01010
1	0.04457	0.22930	0.02741	0.17116	0.18486	0.07042	0.12128	0.04386	0.01467	0.01905	0.01112	0.01437	0.00907	0.00593	0.00584	0.00184	0.00831	0.00520	0.00317	0.00856
2	0.01536	0.01739	0.15663	0.09383	0.02169	0.03373	0.01362	0.04639	0.39452	0.04598	0.02285	0.02397	0.04286	0.00853	0.00658	0.00216	0.00656	0.03262	0.00534	0.00940
3	0.00800	0.00571	0.00764	0.00914	0.00957	0.00536	0.00622	0.00921	0.01249	0.01664	0.03554	0.73421	0.04246	0.02012	0.00828	0.00264	0.00386	0.05163	0.00600	0.00528
4	0.00891	0.00631	0.00829	0.00882	0.00943	0.00640	0.00612	0.01025	0.01172	0.01598	0.08819	0.27488	0.03229	0.25488	0.17767	0.00540	0.00757	0.05692	0.00490	0.00508
5	0.01122	0.00561	0.00842	0.00842	0.00842	0.00561	0.00561	0.00842	0.00842	0.01122	0.01122	0.01964	0.01122	0.02245	0.02525	0.81201	0.00561	0.00561	0.00281	0.00281
6	0.00971	0.00723	0.00883	0.00819	0.01005	0.00675	0.00621	0.05059	0.01827	0.02508	0.55951	0.04916	0.18912	0.01352	0.00756	0.00206	0.00332	0.01174	0.00686	0.00624
7	0.01727	0.77681	0.03386	0.01106	0.01658	0.02557	0.01106	0.01935	0.01313	0.01520	0.00898	0.01036	0.00829	0.00553	0.00415	0.00138	0.00691	0.00345	0.00276	0.00829
8	0.00772	0.00655	0.00667	0.00664	0.00878	0.00549	0.00498	0.00944	0.01493	0.01794	0.10352	0.06138	0.69163	0.01618	0.00764	0.00217	0.00326	0.01352	0.00606	0.00549
9	0.00916	0.00656	0.00857	0.00863	0.00929	0.00701	0.00596	0.01036	0.01026	0.01409	0.02206	0.06383	0.06026	0.36905	0.35840	0.00779	0.01107	0.00885	0.00390	0.00490
10	0.01522	0.01569	0.02208	0.19987	0.28558	0.11637	0.07112	0.01853	0.01421	0.01834	0.01378	0.08978	0.01261	0.00791	0.00783	0.00210	0.07042	0.00691	0.00339	0.00826
11	0.33610	0.01284	0.01363	0.01093	0.01556	0.01332	0.00902	0.14744	0.01768	0.33716	0.01729	0.01636	0.01160	0.00717	0.00552	0.00199	0.00559	0.00521	0.00617	0.00944
12	0.01298	0.02630	0.48976	0.04443	0.07409	0.01427	0.12143	0.01920	0.01373	0.01995	0.01380	0.07072	0.01137	0.00837	0.02942	0.00236	0.00940	0.00636	0.00311	0.00896
13	0.00806	0.00652	0.00717	0.00710	0.00901	0.00562	0.00529	0.01007	0.01560	0.01974	0.24726	0.09311	0.51144	0.01568	0.00766	0.00216	0.00323	0.01333	0.00631	0.00562
14	0.01378	0.01371	0.01810	0.01581	0.01618	0.05356	0.01301	0.01536	0.01039	0.01547	0.01008	0.01595	0.00980	0.01749	0.14567	0.00407	0.59594	0.00580	0.00296	0.00686
15	0.01397	0.01195	0.01938	0.35168	0.25090	0.01323	0.01595	0.01807	0.04042	0.06018	0.01546	0.07626	0.01343	0.04147	0.02847	0.00252	0.00778	0.00701	0.00371	0.00814
16	0.00886	0.00671	0.00880	0.05766	0.01176	0.00637	0.00669	0.01138	0.01616	0.02206	0.43805	0.20138	0.15062	0.01472	0.00768	0.00219	0.00360	0.01300	0.00643	0.00589
17	0.01579	0.11047	0.20818	0.08121	0.05045	0.05186	0.04103	0.02489	0.24292	0.05682	0.01751	0.04230	0.01364	0.00748	0.00621	0.00202	0.00741	0.00617	0.00443	0.00924
18	0.01810	0.37114	0.04543	0.01510	0.07993	0.13757	0.01215	0.03705	0.05518	0.05759	0.01329	0.06310	0.01190	0.00742	0.00622	0.00175	0.04959	0.00536	0.00371	0.00842
19	0.00934	0.05934	0.05048	0.02635	0.01183	0.00790	0.00724	0.01173	0.01485	0.01916	0.18294	0.09123	0.38821	0.01508	0.03486	0.00236	0.00458	0.01145	0.00555	0.04554
20	0.01740	0.21650	0.11861	0.08290	0.03763	0.08955	0.04250	0.07891	0.13173	0.06193	0.01553	0.05244	0.01264	0.00738	0.00591	0.00189	0.00755	0.00587	0.00424	0.00888

[dist]
# distance from previous block
# <min> <max>
9	38

[block]
# block no. 2 follows, 34 sequences, length 12
# corresponding to MSA columns:
# 115-126
name=unknown_C
#
# <colnr> <probs for GDERKNQSTAVLIFYWHMCP>
#	G	D	E	R	K	N	Q	S	T	A	V	L	I	F	Y	W	H	M	C	P
0	0.14785	0.00900	0.01044	0.01000	0.01217	0.00970	0.00765	0.04881	0.07275	0.08501	0.02216	0.18334	0.02154	0.06691	0.20338	0.00463	0.00816	0.03323	0.03641	0.00686
1	0.04550	0.03289	0.02059	0.14121	0.18373	0.03568	0.08064	0.10153	0.01663	0.08711	0.05398	0.01898	0.03199	0.00687	0.00627	0.00186	0.00712	0.00610	0.00436	0.11696
2	0.06984	0.10449	0.61945	0.01700	0.02577	0.01600	0.02144	0.02025	0.01341	0.02055	0.01116	0.01310	0.00811	0.00607	0.00579	0.00198	0.00897	0.00456	0.00282	0.00925
3	0.01957	0.01516	0.01826	0.21300	0.02556	0.01715	0.01318	0.43684	0.05319	0.03240	0.07650	0.01915	0.01503	0.00792	0.00657	0.00201	0.00708	0.00637	0.00556	0.00951
4	0.00876	0.00659	0.00810	0.00772	0.00942	0.00593	0.00579	0.01145	0.01738	0.02375	0.55954	0.05182	0.23198	0.01402	0.00762	0.00207	0.00311	0.01218	0.00683	0.00593
5	0.81856	0.01250	0.00950	0.00850	0.01250	0.01449	0.00700	0.01899	0.01100	0.02899	0.00900	0.01050	0.00700	0.00600	0.00400	0.00200	0.00500	0.00350	0.00400	0.00700
6	0.01483	0.00812	0.00995	0.00883	0.01130	0.00778	0.00684	0.01922	0.08507	0.17980	0.33427	0.03428	0.03629	0.01025	0.00651	0.00191	0.00377	0.00874	0.20469	0.00754
7	0.00888	0.00662	0.00831	0.00821	0.00980	0.00604	0.00626	0.01152	0.01689	0.02298	0.48458	0.09294	0.19834	0.01471	0.00778	0.00219	0.00341	0.07793	0.00671	0.00590
8	0.00938	0.00632	0.00734	0.00734	0.00743	0.00642	0.00427	0.00958	0.00948	0.01274	0.02010	0.04082	0.02286	0.71037	0.09457	0.00662	0.00722	0.00918	0.00388	0.00408
9	0.01257	0.01052	0.01253	0.00974	0.01455	0.00817	0.00776	0.01528	0.01344	0.02044	0.01603	0.09284	0.01548	0.00756	0.00552	0.00131	0.00480	0.07148	0.00424	0.65573
10	0.03604	0.07684	0.01242	0.00992	0.01252	0.03272	0.00777	0.05478	0.15249	0.02169	0.14400	0.12657	0.19426	0.01562	0.07083	0.00282	0.00569	0.01020	0.00567	0.00714
11	0.01292	0.21747	0.08768	0.01411	0.08399	0.01467	0.01128	0.01618	0.04940	0.01797	0.08122	0.15161	0.05015	0.04157	0.03683	0.02068	0.07245	0.00833	0.00415	0.00737

[dist]
# distance from previous block
# <min> <max>
2	45

[block]
# block no. 3 follows, 34 sequences, length 16
# corresponding to MSA columns:
# 172-187
name=unknown_D
#
# <colnr> <probs for GDERKNQSTAVLIFYWHMCP>
#	G	D	E	R	K	N	Q	S	T	A	V	L	I	F	Y	W	H	M	C	P
0	0.01304	0.05851	0.22669	0.09325	0.04835	0.01348	0.07804	0.05383	0.08383	0.02114	0.07471	0.07282	0.08797	0.01042	0.03365	0.00239	0.00759	0.00777	0.00428	0.00823
1	0.01186	0.00713	0.00910	0.00844	0.01033	0.00647	0.00627	0.01421	0.01655	0.13028	0.41514	0.11659	0.12790	0.07896	0.00969	0.00247	0.00379	0.01159	0.00673	0.00649
2	0.00850	0.00605	0.00805	0.00903	0.00952	0.00601	0.00620	0.00971	0.01164	0.01569	0.02979	0.48064	0.03462	0.15870	0.13523	0.00458	0.00656	0.04916	0.00520	0.00513
3	0.00940	0.00626	0.00705	0.00705	0.00705	0.00626	0.00392	0.00940	0.00940	0.01253	0.02036	0.04228	0.02349	0.77292	0.03289	0.00626	0.00626	0.00940	0.00392	0.00392
4	0.47545	0.01184	0.01189	0.00980	0.01423	0.01232	0.00808	0.02442	0.01425	0.33670	0.01616	0.01549	0.01091	0.00687	0.00508	0.00200	0.00522	0.00480	0.00574	0.00874
5	0.19715	0.01410	0.01522	0.01200	0.01668	0.01490	0.00989	0.31798	0.02169	0.25004	0.01744	0.01685	0.01194	0.00744	0.00584	0.00195	0.00595	0.00553	0.04755	0.00987
6	0.01538	0.01473	0.02512	0.15529	0.62176	0.01519	0.01953	0.01929	0.01442	0.02037	0.01205	0.01619	0.00997	0.00587	0.00641	0.00196	0.00783	0.00575	0.00315	0.00974
7	0.01061	0.06615	0.04127	0.06208	0.04679	0.00976	0.00871	0.01241	0.01071	0.01470	0.01663	0.02816	0.01671	0.27509	0.32122	0.03140	0.01121	0.00721	0.00346	0.00572
8	0.81856	0.01250	0.00950	0.00850	0.01250	0.01449	0.00700	0.01899	0.01100	0.02899	0.00900	0.01050	0.00700	0.00600	0.00400	0.00200	0.00500	0.00350	0.00400	0.00700
9	0.00780	0.00655	0.00677	0.00671	0.00883	0.00552	0.00504	0.00958	0.01511	0.01836	0.13618	0.06070	0.65871	0.01603	0.00763	0.00217	0.00325	0.01343	0.00612	0.00552
10	0.56455	0.01178	0.01084	0.00920	0.01336	0.01273	0.00757	0.02223	0.01317	0.22259	0.01408	0.01428	0.00991	0.00662	0.00471	0.00198	0.00504	0.00444	0.04289	0.00805
11	0.01392	0.01488	0.07194	0.34733	0.28205	0.01539	0.04939	0.01804	0.01340	0.01849	0.01150	0.01624	0.00919	0.00663	0.00795	0.00213	0.08432	0.00576	0.00299	0.00847
12	0.13380	0.00753	0.00862	0.00881	0.01042	0.00756	0.00645	0.01374	0.03144	0.07139	0.06417	0.31288	0.06498	0.04872	0.00944	0.06319	0.00435	0.04922	0.07731	0.00598
13	0.01862	0.31149	0.05058	0.05924	0.01983	0.09453	0.03608	0.20710	0.01867	0.02334	0.06533	0.01582	0.01314	0.00743	0.00621	0.02718	0.00746	0.00519	0.00418	0.00860
14	0.00889	0.00635	0.00776	0.00827	0.00883	0.00628	0.00540	0.01034	0.03506	0.01557	0.05624	0.32179	0.07849	0.32231	0.07505	0.00461	0.00579	0.01296	0.00503	0.00497
15	0.13473	0.07246	0.07785	0.06778	0.04524	0.08483	0.01192	0.15223	0.05045	0.12955	0.06186	0.05286	0.01538	0.00795	0.00602	0.00196	0.00681	0.00619	0.00509	0.00883

[dist]
# distance from previous block
# <min> <max>
0	1

[block]
# block no. 4 follows, 34 sequences, length 14
# corresponding to MSA columns:
# 189-202
name=unknown_E
#
# <colnr> <probs for GDERKNQSTAVLIFYWHMCP>
#	G	D	E	R	K	N	Q	S	T	A	V	L	I	F	Y	W	H	M	C	P
0	0.35382	0.04544	0.01427	0.01447	0.12334	0.04831	0.00982	0.07932	0.01400	0.02517	0.01353	0.06663	0.01188	0.00952	0.04218	0.00237	0.02956	0.00559	0.08312	0.00765
1	0.01542	0.02040	0.22234	0.07574	0.21538	0.01599	0.12301	0.07831	0.09460	0.02259	0.01380	0.01644	0.01054	0.00660	0.00717	0.00208	0.04044	0.00594	0.00369	0.00953
2	0.01122	0.00561	0.00842	0.00842	0.00842	0.00561	0.00561	0.00842	0.00842	0.01122	0.01122	0.01964	0.01122	0.02245	0.02525	0.81201	0.00561	0.00561	0.00281	0.00281
3	0.03458	0.06236	0.39298	0.04248	0.11613	0.01616	0.10172	0.07553	0.05672	0.02239	0.01282	0.01502	0.00952	0.00627	0.00626	0.00202	0.00875	0.00540	0.00341	0.00950
4	0.00923	0.00692	0.01038	0.01038	0.01154	0.00808	0.00808	0.01154	0.01038	0.01500	0.01731	0.02538	0.01615	0.04846	0.74732	0.01038	0.01731	0.00692	0.00346	0.00577
5	0.00907	0.00874	0.05950	0.03862	0.01296	0.00704	0.03576	0.01168	0.01505	0.02032	0.27334	0.27811	0.17521	0.01502	0.00768	0.00226	0.00429	0.01334	0.00592	0.00608
6	0.01049	0.00722	0.00935	0.00932	0.02664	0.00685	0.00677	0.01337	0.03556	0.06807	0.38034	0.11582	0.14178	0.04435	0.07612	0.00305	0.00496	0.02730	0.00633	0.00634
7	0.00995	0.00797	0.01073	0.04828	0.05183	0.00807	0.00820	0.01306	0.07399	0.01794	0.02883	0.51405	0.03253	0.01717	0.03273	0.00266	0.03217	0.01410	0.00537	0.07038
8	0.00927	0.00676	0.00958	0.00958	0.01045	0.00764	0.00707	0.01102	0.01014	0.01440	0.01805	0.02948	0.01793	0.22404	0.57417	0.00939	0.01463	0.00752	0.00357	0.00532
9	0.02115	0.12097	0.06954	0.09439	0.02230	0.01891	0.01320	0.40686	0.07109	0.07582	0.01528	0.01586	0.01108	0.00729	0.00614	0.00191	0.00717	0.00556	0.00542	0.01006
10	0.01753	0.20954	0.18411	0.05833	0.02180	0.04171	0.04811	0.17100	0.01723	0.05782	0.01352	0.04965	0.01108	0.00793	0.00714	0.03634	0.02869	0.00563	0.00403	0.00882
11	0.01718	0.01098	0.01151	0.00965	0.01266	0.01177	0.00770	0.30052	0.02045	0.03091	0.01880	0.02057	0.01428	0.00762	0.00532	0.00168	0.00469	0.00594	0.47973	0.00806
12	0.18403	0.05829	0.01818	0.04325	0.22670	0.01398	0.01201	0.06473	0.03457	0.02372	0.01170	0.01394	0.00950	0.00573	0.00527	0.00162	0.00609	0.00460	0.00384	0.25823
13	0.01448	0.11032	0.24580	0.01396	0.01890	0.08571	0.03840	0.01908	0.05570	0.06706	0.04468	0.19335	0.01996	0.03489	0.00739	0.00221	0.00726	0.00850	0.00435	0.00799

[dist]
# distance from previous block
# <min> <max>
1	5

[block]
# block no. 5 follows, 34 sequences, length 14
# corresponding to MSA columns:
# 208-221
name=unknown_F
#
# <colnr> <probs for GDERKNQSTAVLIFYWHMCP>
#	G	D	E	R	K	N	Q	S	T	A	V	L	I	F	Y	W	H	M	C	P
0	0.01622	0.23846	0.16920	0.05378	0.28367	0.01756	0.01689	0.02017	0.01412	0.05943	0.01182	0.01417	0.00949	0.00588	0.00563	0.00176	0.00761	0.00485	0.00326	0.04603
1	0.01500	0.16777	0.02187	0.45795	0.05431	0.01647	0.01528	0.06311	0.01436	0.06017	0.01234	0.01633	0.00953	0.00834	0.03977	0.00234	0.00835	0.00538	0.00342	0.00790
2	0.01387	0.00702	0.00957	0.00901	0.01042	0.00650	0.00640	0.01375	0.01215	0.16050	0.05796	0.17281	0.04074	0.08186	0.01672	0.33047	0.00506	0.00910	0.00492	0.03116
3	0.01593	0.08109	0.07044	0.03584	0.10840	0.05094	0.04456	0.03557	0.06535	0.12044	0.04222	0.11806	0.01907	0.01324	0.07325	0.00287	0.04208	0.04759	0.00477	0.00828
4	0.03815	0.03374	0.02023	0.57953	0.12012	0.03635	0.01725	0.04595	0.01395	0.01836	0.01154	0.01646	0.00883	0.00640	0.00630	0.00208	0.00838	0.00557	0.00310	0.00772
5	0.00801	0.00572	0.00765	0.00915	0.00958	0.00536	0.00623	0.00923	0.01250	0.01664	0.03554	0.73220	0.04244	0.02012	0.00828	0.00264	0.00386	0.05356	0.00600	0.00528
6	0.01220	0.01148	0.01938	0.75739	0.04450	0.01436	0.01794	0.01651	0.01292	0.01651	0.01148	0.01723	0.00861	0.00646	0.00646	0.00215	0.00861	0.00574	0.00287	0.00718
7	0.02301	0.01723	0.01854	0.01428	0.01940	0.01875	0.01173	0.60452	0.07386	0.03806	0.01585	0.01588	0.01143	0.00756	0.00632	0.00187	0.00677	0.00574	0.00623	0.08296
8	0.02414	0.03079	0.01831	0.01665	0.01998	0.74698	0.01248	0.02580	0.01831	0.01581	0.00999	0.01165	0.00832	0.00666	0.00583	0.00166	0.01165	0.00416	0.00333	0.00749
9	0.01727	0.77681	0.03386	0.01106	0.01658	0.02557	0.01106	0.01935	0.01313	0.01520	0.00898	0.01036	0.00829	0.00553	0.00415	0.00138	0.00691	0.00345	0.00276	0.00829
10	0.81856	0.01250	0.00950	0.00850	0.01250	0.01449	0.00700	0.01899	0.01100	0.02899	0.00900	0.01050	0.00700	0.00600	0.00400	0.00200	0.00500	0.00350	0.00400	0.00700
11	0.05549	0.02653	0.01712	0.01527	0.01875	0.57920	0.01161	0.07123	0.01857	0.06549	0.01195	0.01324	0.00941	0.00684	0.00577	0.00171	0.01019	0.00450	0.04927	0.00785
12	0.00957	0.00725	0.00890	0.00837	0.01017	0.00691	0.00631	0.01380	0.08097	0.02489	0.57826	0.04793	0.14574	0.01323	0.00753	0.00207	0.00326	0.01155	0.00692	0.00638
13	0.02317	0.01550	0.01773	0.03772	0.01939	0.01699	0.01165	0.39929	0.13530	0.18336	0.01880	0.01822	0.01321	0.00813	0.00732	0.00205	0.04900	0.00618	0.00649	0.01053

[dist]
# distance from previous block
# <min> <max>
2	4

[block]
# block no. 6 follows, 34 sequences, length 13
# corresponding to MSA columns:
# 226-238
name=unknown_G
#
# <colnr> <probs for GDERKNQSTAVLIFYWHMCP>
#	G	D	E	R	K	N	Q	S	T	A	V	L	I	F	Y	W	H	M	C	P
0	0.01243	0.15035	0.13199	0.01221	0.01553	0.01370	0.01142	0.04125	0.03394	0.01705	0.01475	0.02115	0.01351	0.09549	0.32604	0.00594	0.06670	0.00606	0.00342	0.00708
1	0.00780	0.00632	0.00693	0.00726	0.00895	0.00545	0.00526	0.00942	0.01441	0.01784	0.10655	0.23480	0.51228	0.01709	0.00779	0.00228	0.00337	0.01466	0.00608	0.00545
2	0.00897	0.00661	0.00929	0.00952	0.01044	0.00726	0.00703	0.01074	0.01076	0.01500	0.02287	0.14386	0.05573	0.14326	0.49861	0.00822	0.01301	0.00935	0.00404	0.00542
3	0.00853	0.00665	0.00779	0.00771	0.00955	0.00591	0.00592	0.01089	0.01626	0.02122	0.34472	0.05726	0.38157	0.01516	0.00775	0.00219	0.00342	0.07523	0.00647	0.00577
4	0.81856	0.01250	0.00950	0.00850	0.01250	0.01449	0.00700	0.01899	0.01100	0.02899	0.00900	0.01050	0.00700	0.00600	0.00400	0.00200	0.00500	0.00350	0.00400	0.00700
5	0.00835	0.00620	0.00783	0.00879	0.00965	0.00584	0.00607	0.01049	0.04379	0.01816	0.12010	0.57061	0.12317	0.01848	0.00803	0.00248	0.00367	0.01656	0.00615	0.00559
6	0.01010	0.00734	0.00998	0.01130	0.01287	0.00722	0.00980	0.01293	0.01486	0.01913	0.03769	0.07169	0.11435	0.01768	0.00878	0.00289	0.00565	0.61389	0.00596	0.00589
7	0.02061	0.15931	0.05511	0.03726	0.01943	0.38269	0.01234	0.07772	0.04463	0.03635	0.03339	0.01437	0.01105	0.00701	0.00617	0.00174	0.03417	0.00477	0.03380	0.00808
8	0.01789	0.66769	0.03154	0.01152	0.01691	0.02457	0.01113	0.08404	0.05091	0.01816	0.01047	0.01154	0.00913	0.00590	0.00448	0.00147	0.00684	0.00387	0.00330	0.00864
9	0.01020	0.00760	0.00766	0.00757	0.00775	0.04672	0.00438	0.01029	0.00988	0.01271	0.01979	0.04061	0.02266	0.73108	0.03141	0.00601	0.00656	0.00911	0.00388	0.00411
10	0.05538	0.18780	0.11015	0.01464	0.03597	0.08557	0.01314	0.08393	0.01449	0.02009	0.01035	0.01289	0.00876	0.00724	0.00907	0.00187	0.19116	0.00456	0.00341	0.12953
11	0.01200	0.01029	0.05033	0.04076	0.01508	0.00945	0.08592	0.06663	0.01454	0.04152	0.15660	0.04863	0.05532	0.22179	0.11316	0.00431	0.00766	0.00882	0.03075	0.00645
12	0.15471	0.20950	0.14944	0.01334	0.01926	0.01656	0.07638	0.02059	0.08823	0.02145	0.01216	0.01368	0.00965	0.00591	0.00518	0.00168	0.00681	0.00456	0.00363	0.16727

[dist]
# distance from previous block
# <min> <max>
1	6

[block]
# block no. 7 follows, 34 sequences, length 13
# corresponding to MSA columns:
# 245-257
name=unknown_H
#
# <colnr> <probs for GDERKNQSTAVLIFYWHMCP>
#	G	D	E	R	K	N	Q	S	T	A	V	L	I	F	Y	W	H	M	C	P
0	0.01741	0.13639	0.16862	0.04235	0.10857	0.01689	0.05962	0.11137	0.14167	0.07870	0.01553	0.01651	0.01163	0.00672	0.00606	0.00190	0.00736	0.00558	0.00444	0.04267
1	0.01701	0.30130	0.05707	0.01089	0.01599	0.04790	0.00990	0.01954	0.01429	0.12094	0.03921	0.01771	0.03852	0.04165	0.00639	0.00168	0.00618	0.00501	0.00414	0.22468
2	0.01391	0.13369	0.42620	0.01781	0.09464	0.03876	0.01845	0.04036	0.01448	0.01987	0.01834	0.01970	0.10213	0.00741	0.00607	0.00194	0.00816	0.00585	0.00334	0.00889
3	0.81856	0.01250	0.00950	0.00850	0.01250	0.01449	0.00700	0.01899	0.01100	0.02899	0.00900	0.01050	0.00700	0.00600	0.00400	0.00200	0.00500	0.00350	0.00400	0.00700
4	0.01392	0.00698	0.00745	0.00694	0.00890	0.00691	0.00533	0.04562	0.01486	0.08603	0.04796	0.02446	0.01795	0.00779	0.00489	0.00159	0.00340	0.00627	0.67609	0.00666
5	0.00813	0.00630	0.00732	0.00760	0.00905	0.00559	0.00544	0.00991	0.01475	0.01904	0.21587	0.24468	0.35800	0.04768	0.00883	0.00243	0.00347	0.01424	0.00618	0.00549
6	0.00855	0.00604	0.00781	0.00858	0.00920	0.00572	0.00585	0.01000	0.01331	0.01808	0.19209	0.44342	0.04326	0.15219	0.01251	0.00315	0.00413	0.04500	0.00588	0.00524
7	0.01293	0.01338	0.07076	0.43969	0.18284	0.01393	0.01722	0.01701	0.01322	0.01817	0.01320	0.05189	0.01098	0.00722	0.00707	0.00211	0.04247	0.00628	0.05182	0.00782
8	0.00859	0.00662	0.00806	0.00780	0.00953	0.00609	0.00588	0.01102	0.01602	0.02145	0.39598	0.05080	0.30713	0.01854	0.09467	0.00307	0.00481	0.01186	0.00626	0.00582
9	0.02040	0.20749	0.07388	0.04151	0.02033	0.26057	0.01325	0.17737	0.01846	0.02162	0.01102	0.01278	0.00893	0.00702	0.00705	0.00181	0.07952	0.00460	0.00379	0.00857
10	0.00804	0.00584	0.00743	0.00851	0.00915	0.00540	0.00573	0.00927	0.01282	0.01694	0.08348	0.58721	0.12284	0.07294	0.00989	0.00279	0.00383	0.01674	0.00592	0.00523
11	0.01354	0.01386	0.08773	0.07750	0.17381	0.04273	0.02832	0.04147	0.01582	0.04517	0.18429	0.08524	0.05744	0.00930	0.00670	0.00194	0.00618	0.00820	0.00474	0.09604
12	0.07436	0.09817	0.09005	0.07530	0.13403	0.11177	0.04716	0.07495	0.08809	0.09251	0.01412	0.01570	0.01074	0.00685	0.00660	0.00195	0.03898	0.00538	0.00421	0.00908

[dist]
# distance from previous block
# <min> <max>
2	7

[block]
# block no. 8 follows, 34 sequences, length 7
# corresponding to MSA columns:
# 265-271
name=unknown_I
#
# <colnr> <probs for GDERKNQSTAVLIFYWHMCP>
#	G	D	E	R	K	N	Q	S	T	A	V	L	I	F	Y	W	H	M	C	P
0	0.00897	0.00640	0.00744	0.00763	0.00921	0.00582	0.00571	0.01122	0.01516	0.02078	0.23227	0.16019	0.28423	0.01481	0.00732	0.00216	0.00343	0.05901	0.13251	0.00572
1	0.01440	0.10883	0.37066	0.05190	0.10264	0.01661	0.06565	0.02200	0.11869	0.02059	0.01353	0.01552	0.01027	0.00657	0.00666	0.00202	0.03534	0.00538	0.00340	0.00934
2	0.00922	0.00687	0.00934	0.05669	0.01287	0.00673	0.00809	0.01160	0.01472	0.01957	0.18971	0.27849	0.10277	0.01672	0.00816	0.00254	0.00456	0.22953	0.00603	0.00580
3	0.00879	0.00642	0.00796	0.00786	0.00911	0.00592	0.00560	0.01096	0.01575	0.02156	0.44183	0.14259	0.15203	0.12156	0.01126	0.00273	0.00362	0.01251	0.00635	0.00559
4	0.00982	0.00594	0.00808	0.00842	0.00893	0.00578	0.00581	0.00909	0.01049	0.01372	0.02535	0.16812	0.12173	0.07220	0.06179	0.41423	0.00568	0.03672	0.00409	0.00401
5	0.01845	0.42504	0.06283	0.01473	0.06711	0.21298	0.01239	0.02087	0.01465	0.01653	0.00981	0.01151	0.00854	0.00581	0.00490	0.00149	0.00816	0.00390	0.00303	0.07727
6	0.11850	0.03709	0.01834	0.20779	0.07230	0.12830	0.03726	0.06401	0.01463	0.04467	0.01200	0.01537	0.00952	0.00728	0.00811	0.00205	0.12231	0.00525	0.06747	0.00776

[dist]
# distance from previous block
# <min> <max>
0	2

[block]
# block no. 9 follows, 34 sequences, length 11
# corresponding to MSA columns:
# 274-284
name=unknown_J
#
# <colnr> <probs for GDERKNQSTAVLIFYWHMCP>
#	G	D	E	R	K	N	Q	S	T	A	V	L	I	F	Y	W	H	M	C	P
0	0.00813	0.00643	0.00734	0.00756	0.00924	0.00564	0.00559	0.01004	0.01511	0.01927	0.20918	0.18825	0.42625	0.01641	0.00779	0.00226	0.00341	0.04027	0.00625	0.00558
1	0.01422	0.01140	0.01711	0.09927	0.21129	0.01250	0.01323	0.01849	0.08184	0.08139	0.01991	0.13335	0.01880	0.01413	0.07892	0.00308	0.09504	0.06342	0.00452	0.00810
2	0.00764	0.00655	0.00655	0.00655	0.00873	0.00545	0.00491	0.00927	0.01473	0.01745	0.06546	0.06218	0.73000	0.01636	0.00764	0.00218	0.00327	0.01364	0.00600	0.00545
3	0.01551	0.01142	0.01361	0.00983	0.01547	0.00873	0.00791	0.01833	0.01409	0.11808	0.01338	0.01456	0.01044	0.00522	0.00502	0.00110	0.00488	0.00419	0.00439	0.70383
4	0.02414	0.03079	0.01831	0.01665	0.01998	0.74698	0.01248	0.02580	0.01831	0.01581	0.00999	0.01165	0.00832	0.00666	0.00583	0.00166	0.01165	0.00416	0.00333	0.00749
5	0.09896	0.01377	0.01613	0.01248	0.01745	0.01387	0.01030	0.28294	0.02223	0.41404	0.02029	0.01854	0.01332	0.00773	0.00626	0.00198	0.00605	0.00597	0.00706	0.01063
6	0.00791	0.00644	0.00691	0.00701	0.00883	0.00554	0.00512	0.00958	0.01466	0.01812	0.13658	0.13535	0.55026	0.04790	0.00875	0.00238	0.00342	0.01374	0.00604	0.00544
7	0.01706	0.01907	0.01868	0.01642	0.01758	0.25515	0.01320	0.01861	0.01266	0.01560	0.00956	0.01408	0.00894	0.01227	0.06452	0.00295	0.46824	0.00525	0.00303	0.00712
8	0.01109	0.00570	0.00855	0.00855	0.00862	0.00577	0.00577	0.00862	0.00855	0.01147	0.01162	0.02001	0.01154	0.02414	0.07225	0.75983	0.00637	0.00570	0.00285	0.00300
9	0.01916	0.29336	0.02258	0.01320	0.01730	0.23891	0.01117	0.12138	0.04263	0.02047	0.06052	0.01865	0.01455	0.00893	0.02974	0.00201	0.00833	0.04487	0.00411	0.00815
10	0.08715	0.01689	0.14862	0.09751	0.13711	0.01365	0.06413	0.09218	0.01599	0.10620	0.03406	0.03926	0.01243	0.00690	0.00616	0.00192	0.00721	0.00593	0.00432	0.10241

[dist]
# distance from previous block
# <min> <max>
1	4

[block]
# block no. 10 follows, 34 sequences, length 19
# corresponding to MSA columns:
# 289-307
name=unknown_K
#
# <colnr> <probs for GDERKNQSTAVLIFYWHMCP>
#	G	D	E	R	K	N	Q	S	T	A	V	L	I	F	Y	W	H	M	C	P
0	0.01433	0.08758	0.01745	0.03215	0.11726	0.04150	0.04088	0.06368	0.18416	0.02159	0.03781	0.04788	0.10528	0.01473	0.11303	0.00320	0.00772	0.00758	0.03395	0.00823
1	0.01084	0.00761	0.00973	0.01015	0.01183	0.00744	0.00815	0.03735	0.04114	0.04692	0.15643	0.16174	0.11705	0.04883	0.00923	0.00271	0.00483	0.29560	0.00619	0.00624
2	0.00917	0.00675	0.00972	0.00981	0.01075	0.00764	0.00734	0.01107	0.01036	0.01473	0.01888	0.07358	0.01885	0.15186	0.59816	0.00931	0.01487	0.00799	0.00368	0.00547
3	0.00848	0.00618	0.00749	0.00785	0.00887	0.00567	0.00541	0.00984	0.01370	0.01807	0.19896	0.28244	0.21596	0.13475	0.01246	0.03521	0.00393	0.01374	0.00580	0.00519
4	0.01694	0.01570	0.01501	0.01353	0.01714	0.09472	0.01047	0.03342	0.64534	0.02582	0.02454	0.02277	0.01850	0.00854	0.00649	0.00213	0.00582	0.00697	0.00623	0.00993
5	0.01687	0.70670	0.10041	0.01175	0.01766	0.02457	0.01226	0.01945	0.01318	0.01570	0.00923	0.01067	0.00828	0.00559	0.00433	0.00144	0.00716	0.00358	0.00276	0.00841
6	0.02365	0.01764	0.01888	0.01468	0.01969	0.01961	0.01206	0.63825	0.10469	0.03925	0.01667	0.01644	0.01193	0.00787	0.00648	0.00197	0.00690	0.00598	0.00648	0.01091
7	0.00869	0.00633	0.00832	0.00967	0.01039	0.00615	0.00692	0.01098	0.04871	0.01748	0.03492	0.61990	0.04068	0.01928	0.00827	0.00266	0.00417	0.12485	0.00602	0.00561
8	0.02205	0.04804	0.04568	0.04703	0.10726	0.26782	0.07677	0.06168	0.01740	0.19170	0.01457	0.01573	0.01069	0.00694	0.00684	0.00191	0.03890	0.00543	0.00452	0.00903
9	0.06103	0.00796	0.00972	0.00911	0.00985	0.00889	0.00639	0.01245	0.01032	0.05244	0.01755	0.03132	0.01820	0.41489	0.12000	0.04678	0.10553	0.00771	0.04470	0.00518
10	0.01523	0.01179	0.01478	0.04353	0.14942	0.01259	0.01073	0.08830	0.23517	0.05093	0.05670	0.05364	0.07174	0.00898	0.00635	0.00200	0.00528	0.00765	0.14643	0.00875
11	0.00829	0.00686	0.00732	0.00738	0.00936	0.00611	0.00546	0.01096	0.05592	0.01866	0.11973	0.14583	0.54313	0.01611	0.00765	0.00222	0.00342	0.01367	0.00613	0.00577
12	0.01104	0.00570	0.00840	0.00840	0.00843	0.00573	0.00559	0.00858	0.00854	0.01143	0.01200	0.02125	0.01216	0.07043	0.04939	0.73514	0.00604	0.00589	0.00290	0.00297
13	0.01563	0.01865	0.16773	0.13280	0.22073	0.01500	0.23576	0.02065	0.01471	0.07579	0.01327	0.01663	0.00991	0.00601	0.00675	0.00207	0.00902	0.00621	0.00345	0.00924
14	0.01233	0.00773	0.01040	0.00989	0.01171	0.00783	0.03505	0.01560	0.05020	0.08326	0.06732	0.09558	0.02490	0.09269	0.15065	0.00411	0.00719	0.10793	0.19916	0.00647
15	0.01637	0.16854	0.04589	0.01307	0.05421	0.13500	0.01049	0.03771	0.01470	0.01954	0.01089	0.01271	0.00913	0.00542	0.00501	0.00128	0.00673	0.00400	0.00353	0.42578
16	0.09455	0.01205	0.10254	0.01314	0.06507	0.01023	0.01059	0.01695	0.01260	0.13286	0.04718	0.02291	0.01584	0.07959	0.26894	0.04998	0.02701	0.00645	0.00427	0.00725
17	0.10475	0.15221	0.05247	0.06434	0.17541	0.04030	0.06523	0.03851	0.01487	0.02145	0.13420	0.05789	0.01948	0.00799	0.00642	0.00194	0.02359	0.00678	0.00408	0.00809
18	0.04785	0.26271	0.04290	0.03474	0.01777	0.15297	0.01109	0.05982	0.15201	0.06393	0.01493	0.01677	0.01217	0.04817	0.03421	0.00231	0.00777	0.00519	0.00426	0.00846

[dist]
# distance from previous block
# <min> <max>
3	11

[block]
# block no. 11 follows, 34 sequences, length 8
# corresponding to MSA columns:
# 319-326
name=unknown_L
#
# <colnr> <probs for GDERKNQSTAVLIFYWHMCP>
#	G	D	E	R	K	N	Q	S	T	A	V	L	I	F	Y	W	H	M	C	P
0	0.01608	0.04033	0.11788	0.18524	0.14184	0.01588	0.05782	0.11688	0.15956	0.04157	0.03268	0.01836	0.01289	0.00706	0.00646	0.00205	0.00755	0.00615	0.00440	0.00933
1	0.07126	0.01435	0.12894	0.04443	0.11703	0.01117	0.07099	0.04105	0.01487	0.02183	0.12254	0.12563	0.08361	0.00975	0.00665	0.00201	0.00617	0.00863	0.00455	0.09455
2	0.00915	0.00649	0.00889	0.00901	0.00952	0.00636	0.03620	0.00980	0.01085	0.01455	0.02539	0.33120	0.02938	0.34276	0.06422	0.05828	0.00607	0.01253	0.00462	0.00470
3	0.00898	0.00676	0.00777	0.00759	0.00947	0.00618	0.00567	0.01079	0.01409	0.04411	0.11996	0.05149	0.46097	0.07661	0.13674	0.00387	0.00597	0.01171	0.00560	0.00567
4	0.01809	0.52228	0.02792	0.01213	0.01666	0.13347	0.01108	0.05283	0.01456	0.01716	0.01026	0.01202	0.00902	0.00633	0.00568	0.00156	0.05763	0.00400	0.05928	0.00806
5	0.01059	0.00804	0.00910	0.00867	0.01039	0.00802	0.00634	0.05150	0.09798	0.02059	0.19763	0.04723	0.20659	0.22272	0.01449	0.00332	0.00467	0.06027	0.00577	0.00608
6	0.01598	0.01508	0.05577	0.09057	0.46897	0.01440	0.05393	0.04082	0.03541	0.06452	0.04751	0.01951	0.03488	0.00676	0.00656	0.00198	0.00744	0.00641	0.00390	0.00961
7	0.01932	0.05394	0.06979	0.04161	0.17108	0.19021	0.07680	0.07868	0.03257	0.09157	0.01328	0.01515	0.01021	0.00646	0.00646	0.00182	0.02566	0.00530	0.00404	0.08607

[dist]
# distance from previous block
# <min> <max>
1	3

[block]
# block no. 12 follows, 34 sequences, length 17
# corresponding to MSA columns:
# 330-346
name=unknown_M
#
# <colnr> <probs for GDERKNQSTAVLIFYWHMCP>
#	G	D	E	R	K	N	Q	S	T	A	V	L	I	F	Y	W	H	M	C	P
0	0.07328	0.02712	0.01783	0.01640	0.04373	0.58225	0.01210	0.07326	0.01830	0.01889	0.01048	0.01210	0.00857	0.00656	0.00572	0.00167	0.01038	0.00427	0.00362	0.05347
1	0.01773	0.15445	0.08338	0.02195	0.19220	0.01719	0.13842	0.14618	0.01736	0.06336	0.01383	0.04086	0.01118	0.00663	0.00619	0.00186	0.00776	0.00598	0.00409	0.04940
2	0.10153	0.17525	0.17315	0.05711	0.03693	0.01769	0.05585	0.19386	0.01761	0.04316	0.01373	0.06133	0.01133	0.00731	0.00584	0.00192	0.00743	0.00578	0.00420	0.00898
3	0.01028	0.00969	0.06263	0.01049	0.01197	0.00887	0.05139	0.01191	0.01116	0.01542	0.06952	0.03538	0.06054	0.40733	0.12817	0.00549	0.07175	0.00868	0.00397	0.00539
4	0.01586	0.13976	0.35057	0.01464	0.02133	0.06675	0.01615	0.02132	0.04895	0.09398	0.05476	0.04209	0.01385	0.00719	0.00593	0.00186	0.00774	0.00562	0.00395	0.06769
5	0.02078	0.07116	0.01815	0.01340	0.01782	0.01759	0.01111	0.51809	0.02578	0.03418	0.02115	0.07435	0.06568	0.00971	0.00666	0.00203	0.00652	0.05008	0.00610	0.00968
6	0.01454	0.01145	0.01352	0.00971	0.01540	0.00868	0.00779	0.01738	0.01377	0.07335	0.01251	0.01403	0.01004	0.00502	0.00491	0.00103	0.00484	0.00402	0.00413	0.75389
7	0.01329	0.03114	0.63953	0.01967	0.02879	0.01520	0.12150	0.02050	0.01387	0.02050	0.01181	0.01418	0.00842	0.00604	0.00635	0.00207	0.00974	0.00518	0.00281	0.00943
8	0.01340	0.01148	0.01340	0.00957	0.01531	0.00861	0.00766	0.01627	0.01340	0.02105	0.01148	0.01340	0.00957	0.00479	0.00479	0.00096	0.00479	0.00383	0.00383	0.81242
9	0.01727	0.77681	0.03386	0.01106	0.01658	0.02557	0.01106	0.01935	0.01313	0.01520	0.00898	0.01036	0.00829	0.00553	0.00415	0.00138	0.00691	0.00345	0.00276	0.00829
10	0.81856	0.01250	0.00950	0.00850	0.01250	0.01449	0.00700	0.01899	0.01100	0.02899	0.00900	0.01050	0.00700	0.00600	0.00400	0.00200	0.00500	0.00350	0.00400	0.00700
11	0.09163	0.01763	0.01856	0.01433	0.01940	0.01957	0.01183	0.65262	0.02874	0.03973	0.01496	0.01509	0.01065	0.00761	0.00626	0.00194	0.00693	0.00562	0.00626	0.01065
12	0.01498	0.08492	0.01332	0.00962	0.01221	0.00934	0.04640	0.01705	0.01444	0.17576	0.13560	0.05057	0.06603	0.20012	0.01294	0.00298	0.00524	0.00844	0.11312	0.00692
13	0.00921	0.00715	0.00850	0.00847	0.01023	0.00675	0.00640	0.01288	0.07671	0.02168	0.32139	0.14439	0.26025	0.01506	0.00772	0.00224	0.00361	0.06473	0.00649	0.00613
14	0.01705	0.59309	0.05064	0.01158	0.01642	0.09330	0.01103	0.01885	0.01317	0.01509	0.00962	0.01185	0.00879	0.00847	0.03081	0.06812	0.00769	0.00386	0.00284	0.00772
15	0.01492	0.00978	0.01227	0.01081	0.03285	0.00916	0.00806	0.06026	0.01474	0.14164	0.04660	0.11724	0.06225	0.07554	0.07211	0.00290	0.04326	0.00805	0.04422	0.21334
16	0.01666	0.05192	0.05397	0.17221	0.04212	0.06556	0.05200	0.12369	0.01705	0.09780	0.08015	0.06168	0.01785	0.04564	0.00821	0.00223	0.02590	0.02572	0.00472	0.03490

[dist]
# distance from previous block
# <min> <max>
0	5

[block]
# block no. 13 follows, 34 sequences, length 20
# corresponding to MSA columns:
# 352-371
name=unknown_N
#
# <colnr> <probs for GDERKNQSTAVLIFYWHMCP>
#	G	D	E	R	K	N	Q	S	T	A	V	L	I	F	Y	W	H	M	C	P
0	0.06972	0.24499	0.02183	0.03836	0.01849	0.17205	0.01146	0.11420	0.16913	0.02216	0.01385	0.01470	0.01106	0.00710	0.00624	0.00183	0.04490	0.00493	0.00427	0.00872
1	0.46505	0.04319	0.01523	0.01239	0.01621	0.16577	0.05344	0.03931	0.01353	0.04830	0.01015	0.01198	0.00802	0.00662	0.00613	0.00198	0.06710	0.00423	0.00388	0.00750
2	0.01190	0.01172	0.03783	0.07148	0.01541	0.08583	0.00957	0.01486	0.06084	0.01697	0.05743	0.20546	0.05486	0.11816	0.09121	0.00373	0.11203	0.00994	0.00446	0.00631
3	0.00972	0.00717	0.00868	0.00919	0.01028	0.00707	0.00639	0.06125	0.05254	0.01902	0.07171	0.50218	0.09962	0.09080	0.01032	0.00283	0.00423	0.01521	0.00592	0.00587
4	0.00913	0.00666	0.00888	0.00885	0.00976	0.00715	0.00637	0.01070	0.01098	0.01515	0.06761	0.03549	0.08758	0.26820	0.41013	0.00782	0.01168	0.00861	0.00407	0.00518
5	0.01300	0.01017	0.01192	0.01053	0.01324	0.01069	0.02644	0.08815	0.23039	0.02674	0.32185	0.03634	0.09445	0.01098	0.00697	0.00205	0.00430	0.00943	0.06452	0.00784
6	0.02283	0.01124	0.01353	0.01095	0.01500	0.01105	0.00886	0.12107	0.11403	0.38546	0.02324	0.02186	0.01594	0.00796	0.00606	0.00191	0.00511	0.00641	0.18773	0.00977
7	0.00900	0.00660	0.00843	0.00798	0.00956	0.00603	0.00598	0.01191	0.01795	0.02509	0.66513	0.04961	0.12555	0.01351	0.00762	0.00205	0.00307	0.01187	0.00701	0.00603
8	0.01075	0.00582	0.00829	0.00829	0.00836	0.00589	0.00545	0.00880	0.00873	0.01171	0.01333	0.02426	0.01384	0.16513	0.07299	0.60921	0.00648	0.00641	0.00306	0.00320
9	0.10175	0.01714	0.01818	0.01405	0.01910	0.01889	0.01161	0.60440	0.02781	0.08018	0.01546	0.01540	0.01089	0.00760	0.00623	0.00195	0.00681	0.00563	0.00631	0.01060
10	0.01849	0.01398	0.01549	0.01336	0.01712	0.01589	0.01060	0.10439	0.51363	0.11802	0.02393	0.02230	0.01761	0.00872	0.00748	0.00218	0.05316	0.00694	0.00651	0.01021
11	0.13833	0.01608	0.01562	0.03401	0.01706	0.15463	0.01080	0.12187	0.01648	0.14514	0.01423	0.01608	0.01088	0.01033	0.05185	0.00254	0.15132	0.00532	0.05918	0.00824
12	0.01603	0.01488	0.02435	0.08969	0.55134	0.01528	0.03769	0.07416	0.03868	0.02230	0.01382	0.04739	0.01181	0.00665	0.00652	0.00198	0.00755	0.00638	0.00366	0.00981
13	0.00859	0.00649	0.00793	0.00777	0.00936	0.00583	0.00575	0.01105	0.01669	0.02258	0.47216	0.12569	0.24686	0.01481	0.00769	0.00213	0.00318	0.01291	0.00669	0.00583
14	0.01525	0.01743	0.03813	0.02723	0.03377	0.01634	0.70915	0.02070	0.01525	0.02070	0.01307	0.01743	0.00980	0.00545	0.00763	0.00218	0.01089	0.00763	0.00327	0.00871
15	0.01206	0.01364	0.17160	0.08140	0.03749	0.00944	0.01210	0.01605	0.01601	0.07995	0.29526	0.03857	0.09775	0.01117	0.00720	0.00215	0.00564	0.07964	0.00550	0.00739
16	0.00913	0.00653	0.00850	0.00856	0.00925	0.00691	0.00591	0.01037	0.01065	0.01461	0.05178	0.07627	0.06422	0.35498	0.32633	0.00737	0.01042	0.00920	0.00409	0.00494
17	0.02013	0.41433	0.04798	0.01355	0.01885	0.11068	0.03151	0.22948	0.01905	0.02330	0.01127	0.01237	0.00915	0.00635	0.00521	0.00163	0.00773	0.00441	0.00396	0.00906
18	0.01233	0.01043	0.01106	0.01058	0.01301	0.05027	0.00789	0.04263	0.18859	0.02092	0.02955	0.32036	0.07625	0.01343	0.00705	0.00217	0.00481	0.03543	0.02886	0.11440
19	0.01690	0.04244	0.10823	0.08170	0.21634	0.01424	0.04365	0.04645	0.07682	0.13076	0.03226	0.01957	0.03244	0.00742	0.00726	0.00203	0.05468	0.00623	0.05134	0.00925

[dist]
# distance from previous block
# <min> <max>
0	2

[block]
# block no. 14 follows, 34 sequences, length 10
# corresponding to MSA columns:
# 374-383
name=unknown_O
#
# <colnr> <probs for GDERKNQSTAVLIFYWHMCP>
#	G	D	E	R	K	N	Q	S	T	A	V	L	I	F	Y	W	H	M	C	P
0	0.68849	0.01351	0.01061	0.00932	0.01337	0.06051	0.00760	0.02069	0.01222	0.09955	0.01072	0.01173	0.00799	0.00624	0.00437	0.00198	0.00547	0.00384	0.00436	0.00743
1	0.01676	0.08335	0.09128	0.06622	0.21417	0.11114	0.13900	0.07695	0.04679	0.02114	0.01406	0.04865	0.01193	0.00706	0.00648	0.00198	0.00856	0.02180	0.00372	0.00896
2	0.00805	0.00570	0.00745	0.00877	0.00911	0.00536	0.00576	0.00904	0.01203	0.01604	0.03386	0.68546	0.04053	0.10650	0.01107	0.00304	0.00404	0.01734	0.00576	0.00510
3	0.00927	0.00807	0.03268	0.01031	0.01203	0.00718	0.05450	0.01172	0.01504	0.02051	0.28746	0.30369	0.11900	0.01546	0.00828	0.00233	0.02803	0.04239	0.00602	0.00603
4	0.01653	0.06861	0.02344	0.22853	0.18288	0.01508	0.11365	0.02001	0.01412	0.13079	0.01395	0.01796	0.01085	0.03748	0.00885	0.00225	0.07649	0.00610	0.00383	0.00860
5	0.01430	0.06390	0.48745	0.06468	0.10544	0.01544	0.06415	0.02101	0.03893	0.04677	0.01265	0.01487	0.00924	0.00620	0.00621	0.00202	0.00894	0.00521	0.00315	0.00945
6	0.00880	0.00628	0.00804	0.00839	0.00928	0.00624	0.00588	0.00972	0.01146	0.01507	0.03250	0.20744	0.18791	0.15569	0.20441	0.09416	0.00776	0.01139	0.00464	0.00493
7	0.01301	0.01026	0.01238	0.01279	0.07899	0.01049	0.00878	0.15166	0.09560	0.02485	0.16797	0.19073	0.17027	0.01306	0.00730	0.00218	0.00469	0.01130	0.00611	0.00759
8	0.00829	0.00589	0.00738	0.00832	0.00877	0.00555	0.00542	0.00926	0.01206	0.01602	0.06644	0.51107	0.08167	0.20576	0.01427	0.00347	0.00431	0.01554	0.00554	0.00497
9	0.01367	0.01173	0.01352	0.00993	0.01546	0.00937	0.00792	0.01809	0.08474	0.02166	0.01298	0.01448	0.01059	0.00519	0.00497	0.00108	0.00482	0.00418	0.00411	0.73153

[dist]
# distance from previous block
# <min> <max>
1	3

[block]
# block no. 15 follows, 34 sequences, length 9
# corresponding to MSA columns:
# 387-395
name=unknown_P
#
# <colnr> <probs for GDERKNQSTAVLIFYWHMCP>
#	G	D	E	R	K	N	Q	S	T	A	V	L	I	F	Y	W	H	M	C	P
0	0.01566	0.05317	0.01514	0.01063	0.01597	0.05407	0.00865	0.06659	0.01518	0.05633	0.01316	0.01614	0.01097	0.00584	0.00518	0.00122	0.00555	0.03222	0.00422	0.59411
1	0.01500	0.01443	0.01931	0.57689	0.07184	0.12005	0.01679	0.01880	0.01408	0.05493	0.01204	0.01662	0.00904	0.00654	0.00637	0.00206	0.00884	0.00555	0.00323	0.00757
2	0.04857	0.00730	0.00839	0.00796	0.01021	0.00659	0.00617	0.01296	0.01608	0.08522	0.27779	0.05222	0.36430	0.01418	0.00744	0.00216	0.00365	0.05610	0.00645	0.00627
3	0.02221	0.01693	0.01807	0.01439	0.01914	0.01894	0.01171	0.52379	0.22148	0.03693	0.01850	0.01789	0.01341	0.00804	0.00649	0.00201	0.00656	0.00623	0.00649	0.01078
