[name]
unknown

[dist]
# distance from previous block
# <min> <max>
14	596

[block]
# block no. 0 follows, 32 sequences, length 21
# corresponding to MSA columns:
# 596-616
name=unknown_A
#
# <colnr> <probs for GDERKNQSTAVLIFYWHMCP>
#	G	D	E	R	K	N	Q	S	T	A	V	L	I	F	Y	W	H	M	C	P
0	0.04507	0.05843	0.04307	0.01674	0.09456	0.10047	0.03075	0.13356	0.11558	0.02426	0.01749	0.03971	0.03474	0.01266	0.08850	0.00292	0.03281	0.00635	0.00464	0.09768
1	0.01413	0.01094	0.01393	0.03178	0.01580	0.01126	0.05647	0.05532	0.22101	0.05994	0.26181	0.03497	0.08668	0.01066	0.00715	0.00211	0.00493	0.00929	0.05575	0.03607
2	0.04151	0.01425	0.01765	0.19968	0.02483	0.09643	0.06315	0.01895	0.07388	0.01957	0.01691	0.12186	0.01581	0.00933	0.00814	0.00212	0.07940	0.02443	0.00414	0.14795
3	0.01166	0.00583	0.00874	0.00874	0.00874	0.00583	0.00583	0.00874	0.00874	0.01166	0.01166	0.02040	0.01166	0.02331	0.02622	0.80478	0.00583	0.00583	0.00291	0.00291
4	0.00970	0.00675	0.00854	0.00854	0.00896	0.00717	0.00559	0.01054	0.01012	0.01391	0.02002	0.03772	0.02171	0.51253	0.28214	0.00801	0.01055	0.00885	0.00390	0.00474
5	0.00981	0.00741	0.01079	0.01068	0.01170	0.00867	0.00816	0.01190	0.01065	0.01532	0.01795	0.02782	0.01729	0.12714	0.63173	0.01000	0.04609	0.00742	0.00362	0.00583
6	0.03010	0.01142	0.01557	0.01194	0.01713	0.00986	0.00986	0.03270	0.01920	0.72698	0.02647	0.02284	0.01661	0.00830	0.00675	0.00208	0.00571	0.00675	0.00830	0.01142
7	0.01637	0.01305	0.01382	0.01207	0.01578	0.01423	0.00949	0.14701	0.37865	0.05205	0.03621	0.03399	0.20657	0.01101	0.00710	0.00222	0.00518	0.00905	0.00670	0.00946
8	0.01794	0.76823	0.03516	0.01148	0.01722	0.02655	0.01148	0.02009	0.01363	0.01579	0.00933	0.01076	0.00861	0.00574	0.00431	0.00144	0.00718	0.00359	0.00287	0.00861
9	0.00980	0.00743	0.00883	0.00834	0.01028	0.00685	0.00628	0.04831	0.01821	0.02450	0.44373	0.08686	0.26616	0.01480	0.00789	0.00218	0.00350	0.01278	0.00693	0.00635
10	0.01391	0.01193	0.01391	0.00994	0.01590	0.00894	0.00795	0.01690	0.01391	0.02186	0.01193	0.01391	0.00994	0.00497	0.00497	0.00099	0.00497	0.00398	0.00398	0.80521
11	0.01456	0.01418	0.01746	0.02299	0.29612	0.10973	0.01300	0.01836	0.06385	0.02039	0.05029	0.17637	0.11113	0.01114	0.00713	0.00215	0.00662	0.00982	0.02642	0.00827
12	0.01810	0.01641	0.05752	0.11680	0.15698	0.01709	0.01484	0.20544	0.24649	0.02848	0.01839	0.01957	0.01391	0.00902	0.02902	0.00240	0.00748	0.00650	0.00531	0.01023
13	0.08425	0.06239	0.02587	0.03519	0.57992	0.01679	0.01847	0.05821	0.01575	0.02336	0.01233	0.01574	0.01026	0.00610	0.00629	0.00197	0.00765	0.00564	0.00355	0.01026
14	0.01414	0.01226	0.01504	0.01257	0.07550	0.00953	0.00902	0.01721	0.01403	0.02187	0.01198	0.01414	0.01000	0.00505	0.00511	0.00108	0.00522	0.00414	0.00392	0.73817
15	0.01127	0.00967	0.01144	0.01112	0.01215	0.07034	0.00832	0.01302	0.01131	0.01523	0.01790	0.05263	0.01793	0.18463	0.45635	0.00829	0.07108	0.00776	0.00372	0.00584
16	0.01493	0.25606	0.34223	0.01599	0.02292	0.04470	0.05935	0.02025	0.03686	0.01916	0.01452	0.09695	0.01304	0.00788	0.00608	0.00198	0.00841	0.00636	0.00341	0.00890
17	0.11036	0.10114	0.01657	0.01152	0.03754	0.01293	0.00911	0.08688	0.01581	0.05950	0.03988	0.05102	0.01360	0.00681	0.00539	0.00149	0.00551	0.00532	0.00457	0.40504
18	0.02094	0.15999	0.08249	0.01697	0.06989	0.22281	0.01374	0.18952	0.09605	0.02474	0.01517	0.01605	0.02837	0.00736	0.00609	0.00187	0.00861	0.00538	0.00452	0.00946
19	0.01176	0.01079	0.01177	0.01151	0.01310	0.11481	0.00887	0.01402	0.01224	0.01584	0.01964	0.02640	0.05461	0.04213	0.59011	0.00899	0.01630	0.00716	0.00372	0.00623
20	0.01752	0.01705	0.10245	0.02927	0.40872	0.01488	0.03508	0.09855	0.01755	0.08367	0.05254	0.02138	0.05611	0.00749	0.00680	0.00205	0.00750	0.00678	0.00445	0.01015

[dist]
# distance from previous block
# <min> <max>
0	4

[block]
# block no. 1 follows, 32 sequences, length 25
# corresponding to MSA columns:
# 621-645
name=unknown_B
#
# <colnr> <probs for GDERKNQSTAVLIFYWHMCP>
#	G	D	E	R	K	N	Q	S	T	A	V	L	I	F	Y	W	H	M	C	P
0	0.09454	0.01275	0.03254	0.01070	0.01589	0.01092	0.00885	0.05348	0.08886	0.02407	0.01789	0.02096	0.05215	0.00711	0.00560	0.00150	0.00526	0.03999	0.00465	0.49229
1	0.04134	0.13177	0.05885	0.01838	0.16257	0.04746	0.01278	0.06595	0.16195	0.04464	0.03445	0.05030	0.01585	0.05695	0.00799	0.00222	0.00678	0.00657	0.00468	0.06853
2	0.01641	0.01637	0.08241	0.08648	0.31604	0.01532	0.07399	0.05667	0.11199	0.05746	0.01874	0.03650	0.04880	0.00771	0.00722	0.00214	0.02455	0.00701	0.00436	0.00982
3	0.05910	0.01633	0.09825	0.01442	0.03301	0.04939	0.06112	0.13054	0.01790	0.15176	0.01850	0.11533	0.01563	0.00860	0.00647	0.00192	0.00681	0.00726	0.00530	0.18239
4	0.01544	0.01188	0.01407	0.01013	0.01602	0.00903	0.00813	0.01839	0.01441	0.08849	0.01330	0.01476	0.01057	0.00528	0.00514	0.00110	0.00504	0.00424	0.00438	0.73021
5	0.01743	0.01718	0.08067	0.02826	0.32085	0.01584	0.13987	0.09125	0.09523	0.06115	0.03344	0.03880	0.01408	0.00723	0.00697	0.00211	0.00802	0.00698	0.00447	0.01016
6	0.01752	0.01910	0.09916	0.08515	0.41936	0.07044	0.03774	0.09158	0.05234	0.02348	0.01347	0.01653	0.01070	0.00651	0.00663	0.00203	0.00845	0.00589	0.00378	0.01014
7	0.00975	0.00654	0.00750	0.00750	0.00756	0.00660	0.00429	0.00987	0.00981	0.01314	0.02098	0.04300	0.02400	0.72711	0.07069	0.00673	0.00710	0.00962	0.00404	0.00417
8	0.01232	0.05034	0.05278	0.01946	0.20090	0.01137	0.07265	0.01603	0.03499	0.02135	0.16167	0.10753	0.17402	0.01159	0.00739	0.00218	0.00593	0.02452	0.00511	0.00788
9	0.01625	0.01402	0.02200	0.06105	0.27804	0.01274	0.08783	0.01993	0.01499	0.07409	0.01344	0.01622	0.01066	0.00575	0.00612	0.00164	0.00701	0.00544	0.00394	0.32882
10	0.00960	0.00644	0.00736	0.00752	0.00756	0.00640	0.00428	0.00972	0.01007	0.01342	0.02272	0.11531	0.02639	0.69007	0.03160	0.00613	0.00624	0.01069	0.00428	0.00420
11	0.02435	0.01723	0.01867	0.01459	0.01961	0.01892	0.01196	0.55018	0.10146	0.09119	0.01832	0.01794	0.01301	0.00817	0.00664	0.00203	0.00685	0.00627	0.04150	0.01110
12	0.01595	0.01673	0.09309	0.04915	0.32110	0.04849	0.07858	0.02067	0.04999	0.06630	0.05818	0.02439	0.09515	0.00816	0.00727	0.00210	0.02368	0.00737	0.00431	0.00936
13	0.01867	0.16282	0.06000	0.01681	0.02158	0.10009	0.15421	0.13244	0.03433	0.05905	0.07623	0.01925	0.01544	0.03090	0.00858	0.00216	0.06766	0.00642	0.00449	0.00888
14	0.01794	0.76823	0.03516	0.01148	0.01722	0.02655	0.01148	0.02009	0.01363	0.01579	0.00933	0.01076	0.00861	0.00574	0.00431	0.00144	0.00718	0.00359	0.00287	0.00861
15	0.02340	0.01676	0.01788	0.01395	0.01870	0.01844	0.01144	0.58884	0.02871	0.03948	0.01705	0.01756	0.01235	0.00802	0.00638	0.00194	0.00669	0.00608	0.13576	0.01057
16	0.09190	0.09512	0.07917	0.08362	0.11848	0.09321	0.06540	0.10613	0.01671	0.02278	0.01825	0.03399	0.08041	0.00829	0.00719	0.00208	0.04586	0.01869	0.00411	0.00861
17	0.01482	0.01490	0.05752	0.52644	0.10969	0.05544	0.05303	0.01922	0.01436	0.05281	0.01271	0.01750	0.00951	0.00665	0.00671	0.00217	0.00904	0.00596	0.00332	0.00819
18	0.00813	0.00601	0.00761	0.00890	0.00962	0.00549	0.00603	0.00939	0.01327	0.01730	0.04238	0.63879	0.16191	0.02032	0.00845	0.00265	0.00381	0.01822	0.00623	0.00549
19	0.01343	0.03237	0.65504	0.01920	0.02849	0.01521	0.05724	0.02085	0.01432	0.02120	0.01344	0.01781	0.01027	0.00702	0.00661	0.00219	0.00978	0.04283	0.00305	0.00966
20	0.04316	0.06077	0.13811	0.25904	0.14366	0.01594	0.01711	0.05640	0.10502	0.05289	0.03420	0.01835	0.01252	0.00710	0.00647	0.00211	0.00787	0.00600	0.00409	0.00919
21	0.01731	0.01217	0.05023	0.05115	0.07056	0.03286	0.01073	0.05043	0.07265	0.20195	0.02691	0.15108	0.05708	0.10006	0.01047	0.00280	0.00622	0.06104	0.00593	0.00837
22	0.01101	0.00813	0.01104	0.01112	0.03048	0.00901	0.00799	0.06648	0.01244	0.01738	0.01936	0.06658	0.01929	0.20317	0.46604	0.00849	0.01359	0.00824	0.00408	0.00609
23	0.01611	0.01621	0.02833	0.09980	0.21340	0.03600	0.28264	0.05458	0.09085	0.02277	0.03714	0.04188	0.01399	0.00709	0.00725	0.00217	0.00890	0.00746	0.00407	0.00936
24	0.06385	0.01413	0.05944	0.14058	0.08394	0.01396	0.10284	0.08992	0.03757	0.09421	0.01921	0.16457	0.01753	0.01000	0.00806	0.00231	0.05574	0.00876	0.00482	0.00857

[dist]
# distance from previous block
# <min> <max>
2	16

[block]
# block no. 2 follows, 32 sequences, length 61
# corresponding to MSA columns:
# 662-722
name=unknown_C
#
# <colnr> <probs for GDERKNQSTAVLIFYWHMCP>
#	G	D	E	R	K	N	Q	S	T	A	V	L	I	F	Y	W	H	M	C	P
0	0.03747	0.04253	0.08474	0.09342	0.08268	0.01495	0.05522	0.22599	0.01934	0.02666	0.05374	0.12637	0.01860	0.05012	0.00834	0.00236	0.00716	0.00821	0.00498	0.03715
1	0.01617	0.04826	0.03879	0.14445	0.18576	0.09307	0.04387	0.04184	0.08107	0.04812	0.05658	0.07844	0.01732	0.03848	0.00782	0.00223	0.00763	0.00739	0.00439	0.03831
2	0.01665	0.01366	0.01680	0.04107	0.10983	0.03522	0.03046	0.12918	0.09453	0.06036	0.02207	0.05046	0.08539	0.03534	0.00742	0.00198	0.00622	0.00710	0.00511	0.23115
3	0.00875	0.00680	0.00796	0.00774	0.00959	0.00600	0.00578	0.01120	0.01714	0.02267	0.40613	0.07991	0.35537	0.01542	0.00794	0.00220	0.00329	0.01327	0.00683	0.00600
4	0.01728	0.09147	0.01995	0.01458	0.04901	0.01370	0.08439	0.13973	0.01763	0.08001	0.01717	0.09858	0.01523	0.00812	0.00626	0.00174	0.00642	0.02587	0.00491	0.28795
5	0.00950	0.00686	0.00897	0.00844	0.01002	0.00633	0.00633	0.01266	0.01899	0.02691	0.71879	0.05012	0.06331	0.01372	0.00791	0.00211	0.00317	0.01213	0.00739	0.00633
6	0.08171	0.02894	0.01876	0.01745	0.04727	0.60056	0.01283	0.07920	0.01931	0.01967	0.01084	0.01250	0.00884	0.00692	0.00599	0.00179	0.01107	0.00447	0.00376	0.00814
7	0.01346	0.03471	0.72942	0.01912	0.02904	0.01558	0.02479	0.02125	0.01417	0.02125	0.01204	0.01417	0.00850	0.00637	0.00637	0.00212	0.00992	0.00496	0.00283	0.00992
8	0.01794	0.76823	0.03516	0.01148	0.01722	0.02655	0.01148	0.02009	0.01363	0.01579	0.00933	0.01076	0.00861	0.00574	0.00431	0.00144	0.00718	0.00359	0.00287	0.00861
9	0.01200	0.03832	0.03903	0.01317	0.04411	0.06343	0.00996	0.01402	0.01180	0.01600	0.01782	0.09912	0.01813	0.13258	0.33523	0.00666	0.11033	0.00811	0.00376	0.00641
10	0.00818	0.00584	0.00779	0.00934	0.00973	0.00545	0.00623	0.00934	0.01285	0.01713	0.03698	0.75981	0.04438	0.02102	0.00856	0.00273	0.00389	0.01908	0.00623	0.00545
11	0.00975	0.00655	0.00757	0.00757	0.00766	0.00664	0.00438	0.00992	0.00983	0.01320	0.02091	0.04264	0.02384	0.71252	0.08507	0.00681	0.00734	0.00957	0.00403	0.00421
12	0.01594	0.04713	0.35913	0.02052	0.10141	0.06910	0.07888	0.02311	0.09009	0.04664	0.01451	0.01650	0.01087	0.00692	0.00703	0.00209	0.03657	0.00568	0.03827	0.00960
13	0.00950	0.00686	0.00897	0.00844	0.01002	0.00633	0.00633	0.01266	0.01899	0.02691	0.71879	0.05012	0.06331	0.01372	0.00791	0.00211	0.00317	0.01213	0.00739	0.00633
14	0.01875	0.53532	0.02914	0.01236	0.01726	0.14367	0.01131	0.05001	0.01517	0.01743	0.01084	0.01274	0.00958	0.00869	0.04684	0.00205	0.00846	0.00414	0.03791	0.00834
15	0.00834	0.00605	0.00777	0.00892	0.00959	0.00560	0.00603	0.00969	0.01351	0.01793	0.10078	0.59626	0.11178	0.05222	0.00955	0.00279	0.00389	0.01756	0.00624	0.00549
16	0.01836	0.10150	0.11283	0.06911	0.11037	0.04711	0.08676	0.11340	0.01732	0.09660	0.01412	0.01618	0.01070	0.00781	0.02898	0.00212	0.00828	0.00554	0.00429	0.12861
17	0.01804	0.09632	0.02544	0.06663	0.35424	0.09295	0.05581	0.02270	0.07219	0.06104	0.01380	0.01659	0.01112	0.00684	0.00745	0.00203	0.05748	0.00583	0.00382	0.00968
18	0.01137	0.00897	0.01337	0.14507	0.08809	0.00947	0.01188	0.01422	0.01408	0.01853	0.02718	0.10642	0.02903	0.11948	0.01198	0.00328	0.00672	0.34934	0.00504	0.00649
19	0.01511	0.02698	0.45175	0.05980	0.02701	0.01599	0.04956	0.09318	0.12172	0.02444	0.03965	0.01766	0.01264	0.00721	0.00662	0.00215	0.00872	0.00591	0.00403	0.00987
20	0.00846	0.00622	0.00801	0.00932	0.01014	0.00576	0.00662	0.00995	0.01354	0.01765	0.04154	0.56913	0.14698	0.02010	0.00855	0.00270	0.00410	0.09943	0.00622	0.00557
21	0.01769	0.01650	0.02372	0.15567	0.35383	0.06494	0.04294	0.13854	0.01790	0.02397	0.01385	0.01899	0.01147	0.00727	0.00733	0.00211	0.03464	0.03502	0.00398	0.00965
22	0.01508	0.01226	0.01429	0.01029	0.01620	0.00959	0.00827	0.05263	0.01501	0.04782	0.01266	0.01434	0.01025	0.00525	0.00512	0.00108	0.00512	0.00418	0.00427	0.73629
23	0.01834	0.01223	0.01422	0.01298	0.04625	0.01269	0.00974	0.08236	0.29153	0.18574	0.07927	0.03250	0.15192	0.01048	0.00707	0.00218	0.00519	0.00873	0.00693	0.00965
24	0.00959	0.00716	0.01066	0.01066	0.01181	0.00832	0.00823	0.01190	0.01075	0.01548	0.01809	0.02700	0.01705	0.07625	0.71205	0.01063	0.01756	0.00728	0.00361	0.00592
25	0.01166	0.00583	0.00874	0.00874	0.00874	0.00583	0.00583	0.00874	0.00874	0.01166	0.01166	0.02040	0.01166	0.02331	0.02622	0.80478	0.00583	0.00583	0.00291	0.00291
26	0.01615	0.12874	0.35951	0.08276	0.09939	0.01752	0.01961	0.06910	0.01536	0.05793	0.01252	0.01490	0.00943	0.00688	0.00732	0.00207	0.06256	0.00520	0.00347	0.00959
27	0.76147	0.01288	0.01023	0.00902	0.01324	0.01472	0.00743	0.02056	0.01192	0.07479	0.01044	0.01167	0.00787	0.00636	0.00432	0.00208	0.00522	0.00383	0.00442	0.00753
28	0.01506	0.01220	0.01425	0.01026	0.01616	0.00950	0.00824	0.04724	0.01489	0.05089	0.01269	0.01437	0.01027	0.00524	0.00512	0.00108	0.00510	0.00418	0.00427	0.73900
29	0.04770	0.01238	0.01340	0.01183	0.01524	0.01348	0.00924	0.11948	0.33683	0.05869	0.14318	0.06362	0.10464	0.01096	0.00708	0.00221	0.00498	0.00916	0.00677	0.00915
30	0.00959	0.00716	0.01065	0.01065	0.01180	0.00831	0.00821	0.01189	0.01074	0.01547	0.01810	0.02706	0.01708	0.07881	0.70952	0.01061	0.01752	0.00729	0.00361	0.00591
31	0.01374	0.06093	0.62644	0.01935	0.02864	0.01590	0.08108	0.02102	0.01441	0.02120	0.02925	0.01524	0.00998	0.00647	0.00646	0.00211	0.00977	0.00533	0.00299	0.00971
32	0.00923	0.00685	0.00859	0.00816	0.00986	0.00622	0.00612	0.01214	0.01835	0.02539	0.60604	0.05263	0.17702	0.01428	0.00792	0.00214	0.00321	0.01249	0.00719	0.00622
33	0.01267	0.01193	0.02013	0.74806	0.04621	0.01491	0.01863	0.01714	0.01342	0.01714	0.01193	0.01789	0.00894	0.00671	0.00671	0.00224	0.00894	0.00596	0.00298	0.00745
34	0.01267	0.01193	0.02013	0.74806	0.04621	0.01491	0.01863	0.01714	0.01342	0.01714	0.01193	0.01789	0.00894	0.00671	0.00671	0.00224	0.00894	0.00596	0.00298	0.00745
35	0.81159	0.01298	0.00986	0.00882	0.01298	0.01505	0.00727	0.01972	0.01142	0.03010	0.00934	0.01090	0.00727	0.00623	0.00415	0.00208	0.00519	0.00363	0.00415	0.00727
36	0.00910	0.00811	0.03941	0.00899	0.01086	0.00679	0.00694	0.01218	0.05508	0.02036	0.19190	0.30632	0.26554	0.01682	0.00802	0.00239	0.00392	0.01471	0.00637	0.00620
37	0.01166	0.00583	0.00874	0.00874	0.00874	0.00583	0.00583	0.00874	0.00874	0.01166	0.01166	0.02040	0.01166	0.02331	0.02622	0.80478	0.00583	0.00583	0.00291	0.00291
38	0.00979	0.00655	0.00744	0.00750	0.00755	0.00655	0.00430	0.00990	0.00996	0.01326	0.02165	0.04503	0.02489	0.73802	0.03328	0.00639	0.00649	0.03318	0.00414	0.00414
39	0.01991	0.36891	0.02596	0.01480	0.04866	0.27710	0.01204	0.04518	0.03374	0.01758	0.01338	0.01493	0.04032	0.00841	0.03141	0.00197	0.00914	0.00472	0.00350	0.00833
40	0.05836	0.09614	0.02068	0.01457	0.01973	0.05164	0.01214	0.50016	0.07605	0.06091	0.01602	0.01603	0.01165	0.00777	0.00633	0.00196	0.00727	0.00574	0.00613	0.01073
41	0.01952	0.17599	0.09955	0.01731	0.04364	0.15713	0.10852	0.16316	0.01890	0.04181	0.01487	0.08171	0.01291	0.00796	0.00639	0.00195	0.00872	0.00654	0.00432	0.00909
42	0.29863	0.10902	0.01806	0.01453	0.04255	0.33801	0.01116	0.02275	0.01513	0.02132	0.00989	0.01183	0.00824	0.00676	0.00606	0.00189	0.04867	0.00414	0.00360	0.00777
43	0.01466	0.01513	0.01756	0.11325	0.02182	0.15819	0.11242	0.01949	0.09125	0.02050	0.11568	0.07327	0.10982	0.01099	0.00743	0.00224	0.00756	0.07624	0.00502	0.00750
44	0.01391	0.01193	0.01391	0.00994	0.01590	0.00894	0.00795	0.01690	0.01391	0.02186	0.01193	0.01391	0.00994	0.00497	0.00497	0.00099	0.00497	0.00398	0.00398	0.80521
45	0.00825	0.00603	0.00772	0.00894	0.00961	0.00555	0.00605	0.00957	0.01341	0.01769	0.07770	0.62130	0.12629	0.03666	0.00902	0.00272	0.00385	0.01790	0.00624	0.00549
46	0.02062	0.04874	0.03661	0.05915	0.07617	0.04376	0.03048	0.24609	0.08820	0.11102	0.01678	0.01751	0.01234	0.00722	0.00628	0.00186	0.00695	0.00581	0.03360	0.13082
47	0.03711	0.03691	0.13434	0.01540	0.04739	0.01476	0.02999	0.15532	0.03494	0.10048	0.01595	0.01982	0.01278	0.03106	0.06607	0.00282	0.08124	0.03073	0.00476	0.12810
48	0.04629	0.36239	0.23822	0.01611	0.04656	0.05235	0.04049	0.03842	0.01431	0.01912	0.01059	0.01273	0.00875	0.00650	0.00655	0.00185	0.06222	0.00450	0.00307	0.00898
49	0.00834	0.00594	0.00789	0.00933	0.00977	0.00557	0.00628	0.00958	0.01298	0.01734	0.05553	0.69557	0.04404	0.04718	0.00948	0.00285	0.00403	0.03667	0.00618	0.00545
50	0.02000	0.01364	0.01513	0.01286	0.01691	0.01486	0.01020	0.13902	0.39163	0.16114	0.05493	0.02428	0.01992	0.00889	0.00669	0.00214	0.00547	0.00728	0.06463	0.01039
51	0.02038	0.04447	0.06626	0.04784	0.06179	0.08587	0.03253	0.21918	0.04155	0.13386	0.04920	0.10404	0.01769	0.00944	0.00738	0.00212	0.03361	0.00767	0.00562	0.00949
52	0.01434	0.03110	0.62848	0.01790	0.02682	0.01460	0.02242	0.02130	0.01423	0.06960	0.01358	0.01629	0.00994	0.03621	0.03253	0.00258	0.00977	0.00534	0.00328	0.00967
53	0.00822	0.00630	0.00754	0.00830	0.00951	0.00562	0.00582	0.00980	0.01440	0.01852	0.11956	0.42546	0.29933	0.01875	0.00826	0.00249	0.00363	0.01651	0.00635	0.00562
54	0.01457	0.05961	0.66359	0.01844	0.02793	0.01565	0.02346	0.02187	0.01444	0.06159	0.01277	0.01454	0.00897	0.00646	0.00632	0.00210	0.00958	0.00501	0.00315	0.00996
55	0.08451	0.04837	0.23853	0.08971	0.14922	0.09300	0.04489	0.06125	0.04256	0.04437	0.01367	0.03624	0.01079	0.00701	0.00633	0.00206	0.00865	0.00574	0.00378	0.00931
56	0.01034	0.00846	0.01191	0.01316	0.06523	0.00948	0.00889	0.01187	0.01197	0.01665	0.02612	0.36053	0.04445	0.10232	0.13347	0.00443	0.13712	0.01272	0.00477	0.00612
57	0.01483	0.01158	0.01540	0.11774	0.01947	0.01364	0.01144	0.16644	0.01611	0.04339	0.01796	0.02346	0.04409	0.05414	0.28972	0.00572	0.11586	0.00696	0.00438	0.00767
58	0.07239	0.01495	0.03871	0.06416	0.14886	0.04086	0.17204	0.09054	0.01685	0.08859	0.04449	0.10864	0.01709	0.01048	0.03876	0.00255	0.00829	0.00813	0.00470	0.00888
59	0.01725	0.02037	0.14174	0.04526	0.31571	0.04448	0.18521	0.10470	0.01734	0.02390	0.01309	0.01637	0.01016	0.00627	0.00690	0.00208	0.00921	0.00623	0.00368	0.01005
60	0.01072	0.00807	0.00990	0.01122	0.06155	0.03309	0.00741	0.01228	0.01368	0.01858	0.10726	0.19153	0.12310	0.09040	0.06391	0.08639	0.00586	0.05382	0.08543	0.00581

[dist]
# distance from previous block
# <min> <max>
11	49

[block]
# block no. 3 follows, 32 sequences, length 10
# corresponding to MSA columns:
# 784-793
name=unknown_D
#
# <colnr> <probs for GDERKNQSTAVLIFYWHMCP>
#	G	D	E	R	K	N	Q	S	T	A	V	L	I	F	Y	W	H	M	C	P
0	0.04769	0.07028	0.33997	0.04359	0.10858	0.06174	0.04607	0.04051	0.04863	0.02177	0.04330	0.04224	0.01304	0.00750	0.00701	0.00210	0.03708	0.00604	0.00363	0.00924
1	0.45565	0.01036	0.00964	0.00895	0.01142	0.01176	0.00682	0.01551	0.01084	0.02279	0.01440	0.02066	0.04026	0.12766	0.05841	0.12514	0.03417	0.00563	0.00396	0.00598
2	0.01830	0.06560	0.02500	0.12034	0.42453	0.11221	0.01790	0.09576	0.01723	0.02246	0.01241	0.01574	0.01012	0.00641	0.00643	0.00195	0.00852	0.00561	0.00364	0.00982
3	0.01002	0.00774	0.01091	0.01280	0.08387	0.00793	0.00842	0.01195	0.01245	0.01685	0.02888	0.17552	0.10244	0.15121	0.25180	0.00591	0.00955	0.08103	0.00470	0.00603
4	0.01052	0.00716	0.00884	0.00824	0.01026	0.00640	0.00624	0.01324	0.01800	0.07358	0.49358	0.05213	0.23822	0.01423	0.00784	0.00215	0.00341	0.01231	0.00714	0.00651
5	0.00959	0.00699	0.00898	0.00985	0.01097	0.00676	0.00731	0.03833	0.01470	0.01946	0.09535	0.41483	0.10692	0.04578	0.03495	0.00309	0.00497	0.14912	0.00617	0.00590
6	0.00973	0.00660	0.00779	0.00779	0.00795	0.00676	0.00465	0.01006	0.00990	0.01336	0.02071	0.04153	0.02336	0.66734	0.12958	0.00709	0.00806	0.00941	0.00400	0.00433
7	0.01605	0.01043	0.01274	0.01220	0.04951	0.01038	0.00891	0.08996	0.12301	0.15404	0.15372	0.11239	0.14178	0.03683	0.00832	0.00238	0.00498	0.03725	0.00673	0.00838
8	0.07332	0.47143	0.10289	0.01322	0.01898	0.10884	0.01291	0.09376	0.01610	0.02025	0.01046	0.01186	0.00881	0.00623	0.00498	0.00165	0.00794	0.00409	0.00344	0.00886
9	0.01827	0.18421	0.18209	0.02127	0.17221	0.11421	0.04063	0.04788	0.01580	0.06320	0.01231	0.01443	0.00973	0.00654	0.00659	0.00188	0.03808	0.00505	0.00358	0.04203

[dist]
# distance from previous block
# <min> <max>
1	3

[block]
# block no. 4 follows, 32 sequences, length 21
# corresponding to MSA columns:
# 797-817
name=unknown_E
#
# <colnr> <probs for GDERKNQSTAVLIFYWHMCP>
#	G	D	E	R	K	N	Q	S	T	A	V	L	I	F	Y	W	H	M	C	P
0	0.01778	0.02083	0.16719	0.01493	0.01994	0.12195	0.01371	0.08160	0.31407	0.05319	0.08626	0.02240	0.01938	0.00852	0.00671	0.00212	0.00727	0.00682	0.00558	0.00974
1	0.11939	0.01160	0.01492	0.01158	0.01665	0.01045	0.00957	0.03122	0.01832	0.64736	0.02451	0.02147	0.01554	0.00807	0.00645	0.00208	0.00565	0.00639	0.00783	0.01094
2	0.00937	0.00652	0.00827	0.00864	0.00916	0.00670	0.00574	0.01041	0.01107	0.01519	0.02559	0.20995	0.04864	0.35673	0.20663	0.00641	0.00862	0.01134	0.03001	0.00501
3	0.00818	0.00619	0.00756	0.00852	0.00955	0.00557	0.00590	0.00963	0.01396	0.01803	0.08818	0.50764	0.24810	0.01936	0.00833	0.00255	0.00370	0.01717	0.00630	0.00557
4	0.00843	0.00610	0.00764	0.00869	0.00930	0.00567	0.00577	0.00957	0.01293	0.01702	0.06443	0.53916	0.12761	0.12999	0.01224	0.00320	0.00419	0.01681	0.00595	0.00531
5	0.01689	0.01448	0.01874	0.01791	0.15545	0.04015	0.04648	0.08909	0.01653	0.05575	0.01318	0.01521	0.01049	0.00574	0.00575	0.00144	0.00644	0.00492	0.00428	0.46109
6	0.01786	0.38739	0.16248	0.01417	0.01994	0.10360	0.01416	0.02351	0.11722	0.03452	0.01298	0.01409	0.01053	0.00677	0.00599	0.00180	0.03561	0.00468	0.00364	0.00908
7	0.01071	0.00999	0.00931	0.00989	0.01123	0.11364	0.00698	0.01223	0.01475	0.01797	0.09035	0.44365	0.18929	0.01751	0.00801	0.00243	0.00494	0.01530	0.00591	0.00591
8	0.01658	0.28832	0.04684	0.01735	0.13511	0.08013	0.01284	0.07582	0.01513	0.01922	0.01294	0.01660	0.01137	0.01804	0.20160	0.00413	0.01073	0.00527	0.00351	0.00845
9	0.65805	0.12447	0.01406	0.04283	0.01511	0.01674	0.00841	0.01966	0.01184	0.02740	0.00946	0.01120	0.00754	0.00618	0.00429	0.00199	0.00565	0.00373	0.00391	0.00747
10	0.69549	0.01384	0.01138	0.00980	0.01413	0.01590	0.00808	0.12019	0.01439	0.03190	0.01034	0.01167	0.00788	0.00650	0.00453	0.00207	0.00551	0.00399	0.00453	0.00788
11	0.05506	0.08558	0.09555	0.02175	0.18629	0.15400	0.04291	0.11953	0.08063	0.02413	0.04077	0.01673	0.01268	0.00721	0.00674	0.00198	0.02903	0.00571	0.00424	0.00948
12	0.01110	0.00797	0.00982	0.01031	0.01150	0.00800	0.00738	0.11175	0.01555	0.02072	0.03236	0.52867	0.03723	0.08564	0.01065	0.00299	0.00483	0.07115	0.00610	0.00627
13	0.01404	0.01470	0.02905	0.02161	0.02598	0.01458	0.44204	0.01783	0.01388	0.01891	0.01709	0.02539	0.04417	0.17232	0.01517	0.00326	0.09035	0.00837	0.00361	0.00763
14	0.00827	0.00596	0.00786	0.00933	0.00987	0.00555	0.00636	0.00954	0.01308	0.01730	0.03851	0.69668	0.07868	0.02072	0.00856	0.00272	0.00396	0.04536	0.00623	0.00549
15	0.02111	0.02069	0.02207	0.02335	0.20626	0.23157	0.04268	0.12599	0.03770	0.07228	0.01334	0.01564	0.01056	0.00766	0.00881	0.00208	0.11888	0.00566	0.00427	0.00940
16	0.00938	0.00647	0.00872	0.00914	0.00979	0.00664	0.00635	0.01032	0.01151	0.01568	0.05748	0.24307	0.06054	0.17878	0.23607	0.09995	0.00884	0.01151	0.00466	0.00509
17	0.00836	0.00604	0.00791	0.00908	0.00974	0.00559	0.00619	0.00985	0.01387	0.01862	0.13920	0.62090	0.08029	0.01975	0.00844	0.00261	0.00376	0.01781	0.00640	0.00559
18	0.01420	0.01349	0.02289	0.47367	0.30867	0.01531	0.01939	0.01848	0.01414	0.01900	0.01220	0.01739	0.00960	0.00643	0.00668	0.00214	0.00857	0.00597	0.00311	0.00869
19	0.02459	0.01967	0.01922	0.01645	0.05504	0.14697	0.01261	0.39632	0.09904	0.11602	0.01732	0.01716	0.01245	0.00789	0.00661	0.00200	0.00784	0.00598	0.00616	0.01064
20	0.17957	0.02031	0.01633	0.01420	0.01773	0.26930	0.01120	0.18694	0.01884	0.02533	0.01260	0.01509	0.01025	0.01374	0.11478	0.00327	0.05273	0.00512	0.00438	0.00827

[dist]
# distance from previous block
# <min> <max>
5	8

[block]
# block no. 5 follows, 32 sequences, length 13
# corresponding to MSA columns:
# 826-838
name=unknown_F
#
# <colnr> <probs for GDERKNQSTAVLIFYWHMCP>
#	G	D	E	R	K	N	Q	S	T	A	V	L	I	F	Y	W	H	M	C	P
0	0.32697	0.01113	0.01189	0.00991	0.01391	0.01119	0.00794	0.02355	0.01516	0.32556	0.05903	0.02338	0.04464	0.07827	0.00840	0.00250	0.00535	0.00642	0.00618	0.00863
1	0.01375	0.04055	0.05234	0.01193	0.01500	0.01286	0.01003	0.09981	0.17246	0.02492	0.18236	0.03506	0.13019	0.01504	0.07317	0.00300	0.06495	0.02859	0.00588	0.00812
2	0.01649	0.01425	0.02380	0.15160	0.49893	0.01462	0.01863	0.02038	0.01529	0.07422	0.01550	0.02230	0.01318	0.00734	0.00688	0.00213	0.00781	0.06298	0.00388	0.00979
3	0.00951	0.00691	0.00822	0.00798	0.00987	0.00611	0.00595	0.01188	0.01693	0.04879	0.36503	0.11975	0.32754	0.01552	0.00794	0.00223	0.00342	0.01339	0.00684	0.00617
4	0.01518	0.01315	0.01367	0.01238	0.01555	0.04959	0.00958	0.05758	0.42943	0.02643	0.15265	0.03080	0.06531	0.01333	0.06221	0.00285	0.00620	0.00851	0.00648	0.00912
5	0.01365	0.01292	0.02189	0.57297	0.21369	0.01516	0.01912	0.01800	0.01388	0.01833	0.01210	0.01757	0.00936	0.00653	0.00669	0.00218	0.00870	0.00597	0.00307	0.00824
6	0.46972	0.01416	0.03439	0.01260	0.04740	0.01497	0.03597	0.12327	0.01545	0.08816	0.01306	0.01540	0.01012	0.04198	0.03600	0.00262	0.00664	0.00498	0.00476	0.00835
7	0.05528	0.07205	0.09475	0.01140	0.01458	0.01133	0.01019	0.04130	0.04502	0.03909	0.13666	0.05011	0.05481	0.02639	0.30088	0.00558	0.01068	0.00792	0.00469	0.00729
8	0.01818	0.15547	0.09211	0.01884	0.14329	0.11010	0.01404	0.16233	0.01829	0.02353	0.04607	0.06836	0.01525	0.04584	0.00831	0.00219	0.03788	0.00660	0.00432	0.00898
9	0.03476	0.06270	0.20465	0.05001	0.11089	0.11771	0.06587	0.06824	0.07714	0.06823	0.01558	0.04977	0.01247	0.00843	0.02261	0.00225	0.00886	0.00625	0.00419	0.00938
10	0.10169	0.06680	0.03715	0.03302	0.08772	0.14498	0.08950	0.06489	0.03177	0.05187	0.05305	0.01808	0.03326	0.00700	0.00608	0.00180	0.00769	0.00575	0.00432	0.15359
11	0.01672	0.01458	0.04684	0.04910	0.06599	0.03593	0.07966	0.17752	0.07332	0.04707	0.07438	0.08846	0.01988	0.04824	0.03010	0.00264	0.05691	0.00814	0.05587	0.00866
12	0.07017	0.09325	0.01917	0.01524	0.06086	0.10045	0.01167	0.27295	0.05417	0.02830	0.03257	0.04556	0.03472	0.01048	0.04329	0.00240	0.04109	0.00632	0.00509	0.05224

[dist]
# distance from previous block
# <min> <max>
1	24

[block]
# block no. 6 follows, 32 sequences, length 7
# corresponding to MSA columns:
# 863-869
name=unknown_G
#
# <colnr> <probs for GDERKNQSTAVLIFYWHMCP>
#	G	D	E	R	K	N	Q	S	T	A	V	L	I	F	Y	W	H	M	C	P
0	0.09753	0.09928	0.07586	0.01703	0.07715	0.23466	0.01342	0.16469	0.07914	0.05919	0.01390	0.01484	0.01064	0.00710	0.00600	0.00191	0.00856	0.00512	0.00460	0.00939
1	0.06936	0.04580	0.05598	0.04538	0.11944	0.03790	0.01122	0.11802	0.01784	0.02460	0.15192	0.09222	0.16145	0.01117	0.00698	0.00212	0.00586	0.00939	0.00537	0.00799
2	0.05381	0.05506	0.30760	0.01803	0.08907	0.01462	0.04372	0.09360	0.01634	0.04616	0.01862	0.04735	0.05350	0.00845	0.00661	0.00211	0.00787	0.05688	0.00419	0.05640
3	0.05315	0.07083	0.07722	0.01960	0.14869	0.15959	0.04393	0.04383	0.06407	0.05376	0.01794	0.02088	0.06068	0.00804	0.00726	0.00199	0.05074	0.02960	0.00423	0.06398
4	0.07642	0.02292	0.24754	0.02078	0.10697	0.05011	0.11156	0.13626	0.06555	0.02565	0.01367	0.01575	0.01028	0.00686	0.00703	0.00209	0.03475	0.00572	0.00407	0.03603
5	0.06004	0.06430	0.01446	0.03451	0.04051	0.04383	0.00931	0.11294	0.12641	0.02623	0.23934	0.05872	0.12057	0.01112	0.00697	0.00210	0.00527	0.00925	0.00607	0.00805
6	0.04425	0.06104	0.05516	0.01767	0.09038	0.03998	0.10796	0.13264	0.07141	0.05881	0.07017	0.09203	0.07498	0.00976	0.00767	0.00217	0.04150	0.00838	0.00515	0.00887

[dist]
# distance from previous block
# <min> <max>
0	2

[block]
# block no. 7 follows, 32 sequences, length 17
# corresponding to MSA columns:
# 872-888
name=unknown_H
#
# <colnr> <probs for GDERKNQSTAVLIFYWHMCP>
#	G	D	E	R	K	N	Q	S	T	A	V	L	I	F	Y	W	H	M	C	P
0	0.13659	0.05523	0.04287	0.01692	0.11677	0.08504	0.01207	0.06428	0.24640	0.09403	0.01852	0.01950	0.01425	0.04021	0.00735	0.00225	0.00678	0.00609	0.00529	0.00956
1	0.01859	0.01940	0.05186	0.09499	0.25903	0.19407	0.01575	0.07197	0.05818	0.04889	0.01805	0.02154	0.05724	0.00791	0.00669	0.00204	0.00853	0.03184	0.00424	0.00918
2	0.08487	0.01819	0.07713	0.06072	0.02297	0.10129	0.14021	0.13783	0.09720	0.02481	0.01738	0.11236	0.01527	0.00910	0.00772	0.00223	0.04955	0.00774	0.00470	0.00875
3	0.01135	0.01225	0.10542	0.03888	0.01682	0.00954	0.07661	0.05655	0.01448	0.01963	0.02836	0.34594	0.06970	0.09103	0.01047	0.00284	0.00616	0.03685	0.00511	0.04200
4	0.45658	0.01676	0.08427	0.01547	0.10775	0.01650	0.01191	0.17141	0.01666	0.03090	0.01153	0.01311	0.00874	0.00662	0.00526	0.00206	0.00650	0.00460	0.00449	0.00888
5	0.01693	0.01578	0.02215	0.02972	0.43820	0.07376	0.01629	0.09998	0.01774	0.02417	0.11097	0.02144	0.01824	0.01018	0.05299	0.00255	0.00821	0.00678	0.00431	0.00960
6	0.01051	0.00922	0.00934	0.00944	0.01110	0.07706	0.00681	0.01236	0.01519	0.01942	0.17568	0.30582	0.18137	0.04841	0.00897	0.00248	0.00468	0.03328	0.00597	0.05287
7	0.08915	0.01746	0.01760	0.01412	0.01874	0.06060	0.01145	0.46605	0.09976	0.03674	0.08463	0.01968	0.01690	0.00850	0.00659	0.00204	0.00685	0.00649	0.00638	0.01027
8	0.02042	0.33192	0.10363	0.01622	0.06456	0.17178	0.01408	0.16263	0.01863	0.02240	0.01146	0.01289	0.00931	0.00655	0.00554	0.00173	0.00859	0.00455	0.00381	0.00929
9	0.00918	0.00654	0.00899	0.01078	0.03802	0.00621	0.00730	0.01035	0.01304	0.01724	0.03523	0.52553	0.07948	0.02008	0.01026	0.08061	0.00452	0.10532	0.00579	0.00552
10	0.01164	0.00805	0.00917	0.00901	0.01100	0.00770	0.00651	0.01553	0.11363	0.08747	0.04396	0.23465	0.28458	0.11243	0.01121	0.00292	0.00443	0.01322	0.00624	0.00667
11	0.15922	0.04910	0.01813	0.01488	0.01913	0.33287	0.01175	0.22962	0.05906	0.02721	0.01282	0.01377	0.00989	0.00722	0.00591	0.00189	0.00895	0.00488	0.00473	0.00897
12	0.04404	0.00814	0.01057	0.00994	0.01083	0.00871	0.00713	0.08357	0.01258	0.01766	0.07236	0.08176	0.01878	0.05749	0.02053	0.46926	0.05024	0.00754	0.00406	0.00479
13	0.01646	0.22387	0.37743	0.01767	0.02555	0.01930	0.09564	0.10849	0.01646	0.02255	0.01202	0.01396	0.00909	0.00634	0.00605	0.00194	0.00903	0.00507	0.00341	0.00967
14	0.01084	0.10516	0.01186	0.00921	0.01068	0.00935	0.00668	0.04664	0.01357	0.01763	0.05321	0.33017	0.09341	0.21682	0.01472	0.00348	0.00519	0.03024	0.00528	0.00586
15	0.01383	0.01098	0.01246	0.01263	0.06810	0.05315	0.00836	0.06449	0.06719	0.04299	0.06474	0.08156	0.02339	0.28466	0.05967	0.00415	0.00703	0.03290	0.00490	0.08284
16	0.11984	0.27155	0.08080	0.01300	0.01764	0.14662	0.01169	0.07955	0.05745	0.02138	0.01497	0.10921	0.01400	0.00844	0.00568	0.00189	0.00751	0.00629	0.00414	0.00835

[dist]
# distance from previous block
# <min> <max>
0	1

[block]
# block no. 8 follows, 32 sequences, length 8
# corresponding to MSA columns:
# 890-897
name=unknown_I
#
# <colnr> <probs for GDERKNQSTAVLIFYWHMCP>
#	G	D	E	R	K	N	Q	S	T	A	V	L	I	F	Y	W	H	M	C	P
0	0.00848	0.00636	0.00779	0.00855	0.00966	0.00578	0.00603	0.01012	0.01442	0.01883	0.14813	0.40561	0.23056	0.04965	0.00939	0.00268	0.00385	0.04220	0.00631	0.00561
1	0.01087	0.00815	0.01004	0.00986	0.01129	0.00804	0.00718	0.04859	0.01380	0.01880	0.06371	0.25706	0.06343	0.21091	0.01545	0.00349	0.04281	0.09967	0.00534	0.09149
2	0.24968	0.01675	0.01631	0.01555	0.08576	0.09857	0.01124	0.22302	0.08030	0.06304	0.01554	0.04620	0.01237	0.00903	0.02670	0.00230	0.00724	0.00588	0.00525	0.00926
3	0.26817	0.00965	0.01020	0.03795	0.01329	0.01042	0.00780	0.01643	0.05030	0.05284	0.07027	0.06863	0.10792	0.08881	0.08536	0.00360	0.00652	0.07996	0.00514	0.00672
4	0.06707	0.01419	0.01428	0.01249	0.01546	0.12665	0.04229	0.11308	0.05197	0.02197	0.01941	0.18319	0.01943	0.07182	0.03192	0.06642	0.00712	0.00872	0.00482	0.10771
5	0.02300	0.06009	0.01964	0.05122	0.07357	0.22412	0.01276	0.21563	0.06628	0.12611	0.05005	0.01798	0.01414	0.00776	0.00646	0.00194	0.00827	0.00590	0.00540	0.00967
6	0.11049	0.09520	0.05535	0.06307	0.09423	0.05801	0.01248	0.13254	0.07160	0.09058	0.01457	0.01609	0.01113	0.00773	0.00697	0.04512	0.00701	0.00528	0.00467	0.09787
7	0.06413	0.08997	0.12355	0.01999	0.16265	0.05498	0.04395	0.11990	0.07157	0.05163	0.01630	0.08274	0.01392	0.00800	0.00638	0.00201	0.00748	0.00670	0.00452	0.04963

[dist]
# distance from previous block
# <min> <max>
4	26

[block]
# block no. 9 follows, 32 sequences, length 14
# corresponding to MSA columns:
# 924-937
name=unknown_J
#
# <colnr> <probs for GDERKNQSTAVLIFYWHMCP>
#	G	D	E	R	K	N	Q	S	T	A	V	L	I	F	Y	W	H	M	C	P
0	0.04452	0.06459	0.25555	0.02282	0.16819	0.21326	0.06450	0.02313	0.04448	0.02039	0.01221	0.01454	0.00955	0.00647	0.00629	0.00197	0.00972	0.00519	0.00335	0.00930
1	0.06256	0.01143	0.03518	0.04576	0.01693	0.01081	0.05972	0.10674	0.01813	0.13360	0.15758	0.03807	0.14944	0.03059	0.03326	0.00262	0.00619	0.06729	0.00610	0.00800
2	0.01159	0.00857	0.01061	0.01112	0.01282	0.00873	0.00881	0.07615	0.06666	0.02122	0.03491	0.24018	0.08795	0.07624	0.01053	0.00304	0.00544	0.29270	0.00613	0.00659
3	0.01783	0.02254	0.18901	0.02626	0.26714	0.10197	0.07118	0.10034	0.09363	0.02407	0.01430	0.01649	0.01103	0.00674	0.00664	0.00205	0.00881	0.00588	0.00400	0.01009
4	0.01767	0.08342	0.05295	0.13587	0.21496	0.09823	0.04818	0.12162	0.01711	0.02229	0.01327	0.04908	0.01134	0.00770	0.00795	0.00209	0.07709	0.00622	0.00383	0.00912
5	0.01718	0.02768	0.38014	0.02260	0.13539	0.09162	0.07882	0.12404	0.01761	0.02404	0.01270	0.01496	0.00943	0.00656	0.00657	0.00206	0.00958	0.00547	0.00361	0.00996
6	0.01012	0.00765	0.00939	0.00985	0.01173	0.00726	0.00800	0.04343	0.01641	0.02111	0.13689	0.11877	0.27355	0.01708	0.00846	0.00260	0.00471	0.28041	0.00639	0.00621
7	0.04128	0.27608	0.39357	0.01568	0.02345	0.01940	0.01828	0.06176	0.03473	0.04084	0.01213	0.01359	0.00924	0.00639	0.00566	0.00189	0.00846	0.00465	0.00338	0.00955
8	0.03756	0.01560	0.01870	0.07806	0.12511	0.09116	0.04485	0.11565	0.14266	0.09832	0.04888	0.07812	0.03137	0.00912	0.00740	0.00216	0.03294	0.00764	0.00538	0.00931
9	0.01837	0.67753	0.07769	0.01199	0.01796	0.02488	0.01222	0.02091	0.01400	0.05799	0.01051	0.01169	0.00907	0.00593	0.00458	0.00152	0.00726	0.00386	0.00319	0.00886
10	0.00992	0.01006	0.08918	0.01133	0.01333	0.00882	0.00969	0.01263	0.01123	0.01611	0.01896	0.08009	0.01848	0.09868	0.54943	0.00891	0.01517	0.00801	0.00374	0.00623
11	0.01712	0.17321	0.10547	0.04590	0.04237	0.16643	0.05618	0.07142	0.03377	0.02137	0.12322	0.02272	0.01943	0.00972	0.03173	0.00225	0.00856	0.03651	0.00430	0.00834
12	0.03674	0.12636	0.02304	0.05138	0.13011	0.28883	0.06365	0.04535	0.10733	0.02045	0.01359	0.01548	0.01094	0.00684	0.00610	0.00187	0.00913	0.00533	0.02864	0.00884
13	0.08045	0.03840	0.12148	0.01896	0.04088	0.08956	0.22060	0.11038	0.01810	0.08518	0.07724	0.01908	0.01501	0.00718	0.00677	0.00205	0.00866	0.00659	0.00459	0.02883

[dist]
# distance from previous block
# <min> <max>
0	25

[block]
# block no. 10 follows, 32 sequences, length 56
# corresponding to MSA columns:
# 963-1018
name=unknown_K
#
# <colnr> <probs for GDERKNQSTAVLIFYWHMCP>
#	G	D	E	R	K	N	Q	S	T	A	V	L	I	F	Y	W	H	M	C	P
0	0.01625	0.01475	0.02182	0.14290	0.22911	0.03502	0.07455	0.04490	0.13098	0.04805	0.01620	0.04485	0.01319	0.00753	0.00753	0.00208	0.04856	0.00666	0.00431	0.09078
1	0.02273	0.05502	0.02014	0.01617	0.05306	0.06673	0.01265	0.46977	0.10127	0.03501	0.01800	0.01822	0.03670	0.00833	0.00716	0.00204	0.03419	0.00625	0.00601	0.01057
2	0.02157	0.02552	0.02053	0.03823	0.02178	0.46543	0.07187	0.05674	0.03619	0.01854	0.01153	0.01417	0.00957	0.00891	0.03268	0.00225	0.10357	0.00513	0.00364	0.03216
3	0.01504	0.06505	0.02139	0.10785	0.24547	0.04234	0.03548	0.01803	0.01360	0.04442	0.03265	0.01996	0.01325	0.04745	0.13767	0.00385	0.11824	0.00636	0.00358	0.00831
4	0.01267	0.01193	0.02013	0.74806	0.04621	0.01491	0.01863	0.01714	0.01342	0.01714	0.01193	0.01789	0.00894	0.00671	0.00671	0.00224	0.00894	0.00596	0.00298	0.00745
5	0.01633	0.23644	0.21539	0.04409	0.19554	0.06551	0.01756	0.02050	0.01438	0.01921	0.01114	0.01379	0.00918	0.00632	0.00650	0.00185	0.04373	0.00480	0.00308	0.05468
6	0.01014	0.00750	0.00882	0.00831	0.01042	0.00690	0.00629	0.01379	0.06323	0.04899	0.40893	0.05280	0.30011	0.01442	0.00781	0.00218	0.00348	0.01239	0.00696	0.00655
7	0.01819	0.32811	0.02819	0.10912	0.22664	0.14827	0.01525	0.02108	0.01504	0.01785	0.01078	0.01355	0.00924	0.00613	0.00558	0.00175	0.00849	0.00470	0.00312	0.00891
8	0.01603	0.06586	0.02134	0.01718	0.01793	0.09949	0.01428	0.01757	0.01145	0.01615	0.00901	0.01414	0.00878	0.01082	0.01911	0.00271	0.62213	0.00555	0.00299	0.00747
9	0.00818	0.00584	0.00779	0.00934	0.00973	0.00545	0.00623	0.00934	0.01285	0.01713	0.03698	0.75981	0.04438	0.02102	0.00856	0.00273	0.00389	0.01908	0.00623	0.00545
10	0.00944	0.00702	0.00869	0.00825	0.00992	0.00649	0.00613	0.01261	0.03525	0.02485	0.56272	0.05152	0.16597	0.05072	0.00917	0.00235	0.00342	0.01223	0.00702	0.00622
11	0.00874	0.00608	0.00762	0.00862	0.00888	0.00582	0.00546	0.00949	0.01175	0.01567	0.03136	0.50573	0.03729	0.28478	0.01765	0.00407	0.00482	0.01577	0.00546	0.00496
12	0.01341	0.00713	0.00722	0.00689	0.00872	0.00726	0.00525	0.06317	0.01529	0.02622	0.02149	0.02440	0.01680	0.00783	0.00483	0.00159	0.00342	0.00624	0.74623	0.00661
13	0.00925	0.00685	0.00862	0.00818	0.00987	0.00623	0.00614	0.01218	0.01841	0.02551	0.61533	0.05242	0.16764	0.01424	0.00792	0.00214	0.00320	0.01246	0.00720	0.00623
14	0.01468	0.01468	0.02055	0.01762	0.01762	0.02055	0.01468	0.01615	0.01028	0.01615	0.00881	0.01468	0.00881	0.01174	0.02202	0.00294	0.75191	0.00587	0.00294	0.00734
15	0.81159	0.01298	0.00986	0.00882	0.01298	0.01505	0.00727	0.01972	0.01142	0.03010	0.00934	0.01090	0.00727	0.00623	0.00415	0.00208	0.00519	0.00363	0.00415	0.00727
16	0.00801	0.00680	0.00690	0.00688	0.00911	0.00570	0.00516	0.00978	0.01547	0.01855	0.09970	0.06387	0.68761	0.01683	0.00793	0.00226	0.00339	0.01406	0.00629	0.00570
17	0.81159	0.01298	0.00986	0.00882	0.01298	0.01505	0.00727	0.01972	0.01142	0.03010	0.00934	0.01090	0.00727	0.00623	0.00415	0.00208	0.00519	0.00363	0.00415	0.00727
18	0.01584	0.01810	0.03959	0.02828	0.03507	0.01697	0.69796	0.02149	0.01584	0.02149	0.01357	0.01810	0.01018	0.00566	0.00792	0.00226	0.01131	0.00792	0.00339	0.00905
19	0.02057	0.02157	0.01702	0.01520	0.01897	0.29775	0.01168	0.07887	0.39321	0.02453	0.01992	0.01937	0.01523	0.00818	0.00652	0.00204	0.00810	0.00621	0.00551	0.00957
20	0.00818	0.00584	0.00779	0.00934	0.00973	0.00545	0.00623	0.00934	0.01285	0.01713	0.03698	0.75981	0.04438	0.02102	0.00856	0.00273	0.00389	0.01908	0.00623	0.00545
21	0.81159	0.01298	0.00986	0.00882	0.01298	0.01505	0.00727	0.01972	0.01142	0.03010	0.00934	0.01090	0.00727	0.00623	0.00415	0.00208	0.00519	0.00363	0.00415	0.00727
22	0.01639	0.01564	0.02662	0.04011	0.69595	0.01564	0.02023	0.02034	0.01528	0.02185	0.01347	0.01881	0.01167	0.00645	0.00674	0.00203	0.00790	0.03097	0.00343	0.01046
23	0.01637	0.01575	0.02690	0.07779	0.63529	0.01595	0.04577	0.02097	0.03949	0.02186	0.01313	0.01703	0.01087	0.00611	0.00670	0.00203	0.00806	0.00611	0.00343	0.01040
24	0.00959	0.00719	0.01078	0.01078	0.01198	0.00839	0.00839	0.01198	0.01078	0.01558	0.01797	0.02636	0.01677	0.05032	0.73760	0.01078	0.01797	0.00719	0.00359	0.00599
25	0.01458	0.02720	0.42516	0.02439	0.09784	0.01609	0.25535	0.02127	0.01485	0.02140	0.01262	0.01575	0.00928	0.00609	0.00693	0.00216	0.01021	0.00607	0.00307	0.00969
26	0.00992	0.00778	0.01233	0.01173	0.01322	0.00885	0.04551	0.01249	0.01106	0.01589	0.01774	0.02592	0.01642	0.04792	0.69832	0.01032	0.01761	0.00723	0.00358	0.00616
27	0.00945	0.00682	0.00870	0.00825	0.00970	0.00632	0.00604	0.01222	0.01787	0.02506	0.61631	0.05017	0.09050	0.09086	0.01061	0.00257	0.00352	0.01199	0.00699	0.00607
28	0.02506	0.03198	0.01901	0.01729	0.02074	0.73725	0.01296	0.02679	0.01901	0.01642	0.01037	0.01210	0.00864	0.00691	0.00605	0.00173	0.01210	0.00432	0.00346	0.00778
29	0.00976	0.00651	0.00732	0.00732	0.00732	0.00651	0.00407	0.00976	0.00976	0.01301	0.02114	0.04391	0.02439	0.76419	0.03415	0.00651	0.00651	0.00976	0.00407	0.00407
30	0.02656	0.01189	0.01530	0.01207	0.01681	0.01109	0.00985	0.08496	0.08729	0.54024	0.08868	0.02499	0.02081	0.00885	0.00686	0.00209	0.00557	0.00726	0.00795	0.01088
