[name]
unknown

[dist]
# distance from previous block
# <min> <max>
4	10

[block]
# block no. 0 follows, 33 sequences, length 109
# corresponding to MSA columns:
# 10-118
name=unknown_A
#
# <colnr> <probs for GDERKNQSTAVLIFYWHMCP>
#	G	D	E	R	K	N	Q	S	T	A	V	L	I	F	Y	W	H	M	C	P
0	0.01250	0.01166	0.01954	0.66096	0.08808	0.01418	0.01768	0.01678	0.01361	0.01771	0.05479	0.01938	0.01211	0.00695	0.00665	0.00217	0.00837	0.00622	0.00321	0.00745
1	0.02890	0.01222	0.01591	0.01219	0.01731	0.01118	0.01007	0.12648	0.02054	0.63534	0.02455	0.02148	0.01558	0.00811	0.00662	0.00203	0.00583	0.00652	0.00793	0.01120
2	0.01629	0.01564	0.02672	0.04041	0.72757	0.01564	0.02020	0.02020	0.01499	0.02151	0.01238	0.01629	0.01043	0.00587	0.00652	0.00196	0.00782	0.00587	0.00326	0.01043
3	0.01243	0.01170	0.01975	0.75282	0.04534	0.01463	0.01828	0.01682	0.01316	0.01682	0.01170	0.01755	0.00878	0.00658	0.00658	0.00219	0.00878	0.00585	0.00293	0.00731
4	0.02954	0.01120	0.01528	0.01171	0.01681	0.00968	0.00968	0.03208	0.01884	0.73213	0.02597	0.02241	0.01630	0.00815	0.00662	0.00204	0.00560	0.00662	0.00815	0.01120
5	0.00807	0.00575	0.00762	0.00910	0.00947	0.00538	0.00604	0.00918	0.01251	0.01667	0.03578	0.74102	0.04291	0.04481	0.00921	0.00279	0.00390	0.01842	0.00604	0.00530
6	0.01476	0.27342	0.28299	0.01895	0.15033	0.01783	0.01700	0.01932	0.01450	0.01986	0.09810	0.01754	0.01533	0.00686	0.00581	0.00183	0.00767	0.00546	0.00343	0.00900
7	0.01587	0.04237	0.13416	0.03621	0.59923	0.01592	0.02055	0.02029	0.01477	0.02122	0.01219	0.01575	0.01005	0.00592	0.00641	0.00196	0.00809	0.00564	0.00317	0.01026
8	0.01474	0.01406	0.02391	0.32722	0.45291	0.01523	0.01943	0.01884	0.01425	0.01962	0.01211	0.01680	0.00976	0.00615	0.00654	0.00205	0.00821	0.00586	0.00312	0.00917
9	0.01335	0.05876	0.71111	0.01851	0.02811	0.01565	0.02389	0.02081	0.01388	0.02067	0.01173	0.01379	0.00834	0.00623	0.00619	0.00206	0.00964	0.00482	0.00278	0.00969
10	0.02186	0.01262	0.01531	0.01142	0.01688	0.01106	0.00933	0.13670	0.01858	0.30778	0.01806	0.01749	0.01260	0.00668	0.00585	0.00156	0.00556	0.00532	0.00604	0.35930
11	0.01617	0.01551	0.02649	0.06409	0.70489	0.01561	0.02014	0.02009	0.01493	0.02135	0.01236	0.01634	0.01037	0.00589	0.00652	0.00196	0.00785	0.00587	0.00325	0.01032
12	0.00818	0.00590	0.00778	0.00924	0.00978	0.00550	0.00635	0.00947	0.01289	0.01704	0.03771	0.68402	0.07727	0.02027	0.00842	0.00267	0.00394	0.06203	0.00611	0.00540
13	0.00973	0.00721	0.00913	0.00857	0.01028	0.00686	0.00645	0.01381	0.06407	0.02621	0.65816	0.04801	0.07991	0.01326	0.00770	0.00209	0.00325	0.01168	0.00718	0.00647
14	0.01320	0.03405	0.73453	0.01876	0.02849	0.01529	0.02432	0.02085	0.01390	0.02085	0.01181	0.01390	0.00834	0.00625	0.00625	0.00208	0.00973	0.00486	0.00278	0.00973
15	0.02419	0.07417	0.01957	0.01663	0.02015	0.70086	0.01264	0.02591	0.01835	0.01608	0.01012	0.01180	0.00848	0.00672	0.00584	0.00168	0.01159	0.00420	0.00336	0.00768
16	0.01057	0.00804	0.00988	0.00919	0.01112	0.00801	0.00696	0.01641	0.14194	0.02660	0.60074	0.04482	0.05468	0.01266	0.00758	0.00210	0.00348	0.01112	0.00715	0.00696
17	0.01629	0.01564	0.02672	0.04041	0.72757	0.01564	0.02020	0.02020	0.01499	0.02151	0.01238	0.01629	0.01043	0.00587	0.00652	0.00196	0.00782	0.00587	0.00326	0.01043
18	0.01566	0.01747	0.03538	0.08474	0.11287	0.03886	0.55245	0.02082	0.01539	0.02065	0.01299	0.01739	0.00990	0.00570	0.00748	0.00217	0.01057	0.00730	0.00329	0.00889
19	0.02886	0.01105	0.01506	0.01160	0.01657	0.00956	0.00956	0.03143	0.01884	0.70852	0.04933	0.02330	0.01783	0.00833	0.00666	0.00204	0.00552	0.00680	0.00812	0.01104
20	0.00801	0.00576	0.00761	0.00908	0.00953	0.00535	0.00607	0.00918	0.01268	0.01684	0.03728	0.74138	0.06586	0.02050	0.00838	0.00266	0.00380	0.01856	0.00611	0.00535
21	0.00947	0.00634	0.00721	0.00732	0.00734	0.00631	0.00413	0.00955	0.00978	0.01304	0.02180	0.09233	0.02527	0.71756	0.03179	0.00613	0.00621	0.01020	0.00413	0.00408
22	0.00857	0.00670	0.00776	0.00750	0.00938	0.00589	0.00562	0.01097	0.01687	0.02220	0.40360	0.05609	0.38524	0.01503	0.00777	0.00214	0.00322	0.01287	0.00669	0.00589
23	0.01399	0.01200	0.01380	0.01020	0.01579	0.00972	0.00813	0.01886	0.10068	0.02221	0.01357	0.01500	0.01103	0.00538	0.00510	0.00113	0.00492	0.00434	0.00425	0.70990
24	0.81514	0.01273	0.00968	0.00866	0.01273	0.01477	0.00713	0.01935	0.01120	0.02954	0.00917	0.01069	0.00713	0.00611	0.00407	0.00204	0.00509	0.00356	0.00407	0.00713
25	0.01549	0.01864	0.09031	0.02932	0.15771	0.01636	0.52926	0.02091	0.01531	0.02114	0.01304	0.01720	0.00994	0.00566	0.00743	0.00216	0.01041	0.00721	0.00327	0.00922
26	0.01780	0.01485	0.01569	0.01369	0.01766	0.01704	0.01077	0.14578	0.60255	0.02984	0.02498	0.02312	0.01863	0.00876	0.00668	0.00219	0.00555	0.00719	0.00668	0.01055
27	0.02347	0.01694	0.01809	0.01405	0.01886	0.01867	0.01155	0.62124	0.02886	0.03942	0.01650	0.01687	0.01189	0.00787	0.00634	0.00192	0.00673	0.00595	0.10421	0.01058
28	0.02325	0.02672	0.01816	0.01611	0.01981	0.52237	0.01230	0.11853	0.13880	0.02145	0.01375	0.01455	0.01082	0.00730	0.00615	0.00182	0.01012	0.00501	0.00438	0.00858
29	0.01612	0.01614	0.02955	0.03745	0.56563	0.01588	0.17988	0.02041	0.01512	0.02141	0.01260	0.01664	0.01033	0.00579	0.00681	0.00202	0.00859	0.00631	0.00328	0.01007
30	0.01236	0.00931	0.01005	0.01013	0.01155	0.07787	0.00725	0.03126	0.01473	0.08124	0.13242	0.39203	0.03621	0.07252	0.06626	0.00329	0.00598	0.01336	0.00586	0.00630
31	0.00802	0.00573	0.00764	0.00917	0.00955	0.00535	0.00611	0.00917	0.01260	0.01681	0.03628	0.76434	0.04354	0.02062	0.00840	0.00267	0.00382	0.01872	0.00611	0.00535
32	0.01440	0.01440	0.02016	0.01728	0.01728	0.02016	0.01440	0.01584	0.01008	0.01584	0.00864	0.01440	0.00864	0.01152	0.02160	0.00288	0.75659	0.00576	0.00288	0.00720
33	0.01741	0.74084	0.06460	0.01159	0.01740	0.02559	0.01183	0.01976	0.01340	0.01572	0.00927	0.01070	0.00844	0.00566	0.00431	0.00144	0.00716	0.00358	0.00281	0.00850
34	0.01507	0.00827	0.01039	0.00908	0.01186	0.00740	0.00707	0.03590	0.01798	0.22475	0.32884	0.06450	0.20690	0.01278	0.00743	0.00211	0.00400	0.01092	0.00718	0.00758
35	0.01099	0.00782	0.01040	0.01158	0.01324	0.00792	0.00997	0.01490	0.05610	0.02048	0.03429	0.06719	0.05557	0.01679	0.00857	0.00284	0.00570	0.57164	0.06771	0.00631
36	0.00911	0.00672	0.00852	0.00807	0.00971	0.00613	0.00605	0.01203	0.01816	0.02526	0.63739	0.05105	0.14953	0.01388	0.00777	0.00209	0.00314	0.01217	0.00710	0.00613
37	0.01726	0.71566	0.08846	0.01184	0.01779	0.02522	0.01227	0.01980	0.01342	0.01590	0.00936	0.01082	0.00844	0.00568	0.00438	0.00146	0.00725	0.00362	0.00281	0.00855
38	0.00802	0.00573	0.00764	0.00917	0.00955	0.00535	0.00611	0.00917	0.01260	0.01681	0.03628	0.76434	0.04354	0.02062	0.00840	0.00267	0.00382	0.01872	0.00611	0.00535
39	0.26056	0.01674	0.01675	0.01321	0.01812	0.01873	0.01091	0.50104	0.02507	0.03793	0.01383	0.01428	0.00998	0.00737	0.00584	0.00199	0.00660	0.00522	0.00584	0.00998
40	0.11632	0.01335	0.01517	0.01198	0.01683	0.06733	0.00979	0.06901	0.01868	0.55897	0.02230	0.01991	0.01438	0.00780	0.00628	0.00201	0.00612	0.00606	0.00724	0.01047
41	0.00825	0.00590	0.00778	0.00920	0.00969	0.00554	0.00628	0.00948	0.01271	0.01685	0.03641	0.66841	0.06224	0.05252	0.00951	0.00284	0.00406	0.06097	0.00602	0.00534
42	0.01629	0.01564	0.02672	0.04041	0.72757	0.01564	0.02020	0.02020	0.01499	0.02151	0.01238	0.01629	0.01043	0.00587	0.00652	0.00196	0.00782	0.00587	0.00326	0.01043
43	0.01629	0.01564	0.02672	0.04041	0.72757	0.01564	0.02020	0.02020	0.01499	0.02151	0.01238	0.01629	0.01043	0.00587	0.00652	0.00196	0.00782	0.00587	0.00326	0.01043
44	0.01365	0.01170	0.01365	0.00975	0.01560	0.00878	0.00780	0.01658	0.01365	0.02145	0.01170	0.01365	0.00975	0.00488	0.00488	0.00098	0.00488	0.00390	0.00390	0.80888
45	0.01799	0.55683	0.02931	0.01208	0.01697	0.09403	0.02803	0.02012	0.01391	0.05356	0.01127	0.01370	0.01001	0.03328	0.06245	0.00235	0.00834	0.00432	0.00326	0.00819
46	0.00886	0.00686	0.00823	0.00875	0.01049	0.00623	0.00694	0.01109	0.01535	0.01951	0.15001	0.13064	0.36170	0.01702	0.00822	0.00248	0.00415	0.21142	0.00626	0.00578
47	0.01629	0.01564	0.02672	0.04041	0.72757	0.01564	0.02020	0.02020	0.01499	0.02151	0.01238	0.01629	0.01043	0.00587	0.00652	0.00196	0.00782	0.00587	0.00326	0.01043
48	0.01243	0.01170	0.01975	0.75282	0.04534	0.01463	0.01828	0.01682	0.01316	0.01682	0.01170	0.01755	0.00878	0.00658	0.00658	0.00219	0.00878	0.00585	0.00293	0.00731
49	0.00957	0.00638	0.00718	0.00718	0.00718	0.00638	0.00399	0.00957	0.00957	0.01276	0.02074	0.04308	0.02393	0.76864	0.03351	0.00638	0.00638	0.00957	0.00399	0.00399
50	0.06222	0.12125	0.12553	0.01623	0.02139	0.27410	0.06689	0.10882	0.10165	0.02232	0.01316	0.01440	0.01023	0.00682	0.00598	0.00187	0.00915	0.00507	0.00405	0.00889
51	0.01402	0.01335	0.02248	0.44399	0.30959	0.01526	0.01886	0.01809	0.01374	0.01860	0.01183	0.01693	0.00941	0.00652	0.00720	0.00213	0.04056	0.00585	0.00305	0.00852
52	0.01644	0.01617	0.02576	0.09397	0.63769	0.05399	0.01966	0.02027	0.01504	0.02086	0.01221	0.01616	0.01020	0.00597	0.00649	0.00196	0.00811	0.00578	0.00324	0.01004
53	0.02459	0.03138	0.01866	0.01696	0.02035	0.74221	0.01272	0.02629	0.01866	0.01611	0.01018	0.01187	0.00848	0.00678	0.00594	0.00170	0.01187	0.00424	0.00339	0.00763
54	0.03942	0.34043	0.16411	0.01652	0.07480	0.22693	0.01479	0.02183	0.01505	0.01753	0.01021	0.01203	0.00855	0.00611	0.00528	0.00168	0.00895	0.00417	0.00304	0.00858
55	0.00834	0.00663	0.00749	0.00741	0.00927	0.00577	0.00550	0.01048	0.01612	0.02076	0.29650	0.10622	0.44459	0.01581	0.00782	0.00220	0.00329	0.01352	0.00651	0.00577
56	0.01297	0.01240	0.01975	0.51231	0.05698	0.01592	0.01697	0.01646	0.01237	0.01669	0.01153	0.03611	0.00969	0.00827	0.01071	0.00239	0.21200	0.00616	0.00301	0.00732
57	0.01354	0.01127	0.01307	0.00947	0.01499	0.00857	0.00755	0.01648	0.01366	0.02169	0.01245	0.01449	0.01030	0.00509	0.00485	0.00102	0.00474	0.00407	0.06567	0.74700
58	0.00957	0.00638	0.00718	0.00718	0.00718	0.00638	0.00399	0.00957	0.00957	0.01276	0.02074	0.04308	0.02393	0.76864	0.03351	0.00638	0.00638	0.00957	0.00399	0.00399
59	0.01320	0.03405	0.73453	0.01876	0.02849	0.01529	0.02432	0.02085	0.01390	0.02085	0.01181	0.01390	0.00834	0.00625	0.00625	0.00208	0.00973	0.00486	0.00278	0.00973
60	0.01746	0.74934	0.05654	0.01150	0.01726	0.02571	0.01168	0.01975	0.01339	0.01566	0.00924	0.01067	0.00844	0.00565	0.00429	0.00143	0.00712	0.00356	0.00281	0.00849
61	0.02023	0.01094	0.01409	0.01179	0.01563	0.01057	0.00963	0.04165	0.09770	0.32981	0.07447	0.02949	0.02139	0.01202	0.05026	0.00259	0.04580	0.08945	0.00656	0.10592
62	0.02072	0.02137	0.23435	0.01544	0.02178	0.01660	0.01532	0.28814	0.13583	0.13647	0.01792	0.01765	0.01255	0.00761	0.00651	0.00206	0.00742	0.00596	0.00569	0.01063
63	0.09075	0.01469	0.01793	0.01458	0.06069	0.05242	0.08602	0.11099	0.01632	0.02458	0.01215	0.01418	0.00970	0.00564	0.00551	0.00144	0.00646	0.00470	0.00415	0.44711
64	0.00809	0.00586	0.00765	0.00893	0.00952	0.00542	0.00604	0.00941	0.01319	0.01753	0.08543	0.66537	0.09355	0.01985	0.00831	0.00260	0.00374	0.01791	0.00619	0.00542
65	0.01320	0.03405	0.73453	0.01876	0.02849	0.01529	0.02432	0.02085	0.01390	0.02085	0.01181	0.01390	0.00834	0.00625	0.00625	0.00208	0.00973	0.00486	0.00278	0.00973
66	0.00957	0.00638	0.00718	0.00718	0.00718	0.00638	0.00399	0.00957	0.00957	0.01276	0.02074	0.04308	0.02393	0.76864	0.03351	0.00638	0.00638	0.00957	0.00399	0.00399
67	0.00905	0.00619	0.00748	0.00799	0.00817	0.00612	0.00488	0.00953	0.01063	0.01423	0.02581	0.28378	0.03018	0.48732	0.05559	0.00532	0.00601	0.01253	0.00468	0.00452
68	0.02537	0.01788	0.01941	0.01488	0.02014	0.01959	0.01229	0.65370	0.03002	0.09473	0.01659	0.01631	0.01159	0.00792	0.00659	0.00198	0.00712	0.00598	0.00671	0.01120
69	0.01320	0.03405	0.73453	0.01876	0.02849	0.01529	0.02432	0.02085	0.01390	0.02085	0.01181	0.01390	0.00834	0.00625	0.00625	0.00208	0.00973	0.00486	0.00278	0.00973
70	0.01629	0.01564	0.02672	0.04041	0.72757	0.01564	0.02020	0.02020	0.01499	0.02151	0.01238	0.01629	0.01043	0.00587	0.00652	0.00196	0.00782	0.00587	0.00326	0.01043
71	0.02459	0.03138	0.01866	0.01696	0.02035	0.74221	0.01272	0.02629	0.01866	0.01611	0.01018	0.01187	0.00848	0.00678	0.00594	0.00170	0.01187	0.00424	0.00339	0.00763
72	0.01760	0.77260	0.03450	0.01126	0.01690	0.02605	0.01126	0.01971	0.01338	0.01549	0.00915	0.01056	0.00845	0.00563	0.00422	0.00141	0.00704	0.00352	0.00282	0.00845
73	0.01624	0.01013	0.01073	0.00944	0.01225	0.01083	0.00740	0.14017	0.15526	0.06687	0.02178	0.02291	0.01649	0.00799	0.00547	0.00178	0.00435	0.00638	0.46540	0.00814
74	0.02503	0.01844	0.01976	0.01515	0.02042	0.02042	0.01251	0.70562	0.03095	0.04149	0.01581	0.01581	0.01120	0.00790	0.00659	0.00198	0.00724	0.00593	0.00659	0.01120
75	0.00802	0.00573	0.00764	0.00917	0.00955	0.00535	0.00611	0.00917	0.01260	0.01681	0.03628	0.76434	0.04354	0.02062	0.00840	0.00267	0.00382	0.01872	0.00611	0.00535
76	0.00939	0.00683	0.00908	0.01002	0.01131	0.00651	0.00796	0.01182	0.01523	0.02022	0.18767	0.24776	0.10805	0.01766	0.00850	0.00265	0.00458	0.30255	0.00634	0.00586
77	0.00932	0.00673	0.00880	0.00828	0.00984	0.00621	0.00621	0.01242	0.01863	0.02640	0.72410	0.04918	0.06212	0.01346	0.00776	0.00207	0.00311	0.01191	0.00725	0.00621
78	0.00835	0.00598	0.00793	0.00895	0.00962	0.00556	0.00614	0.00998	0.01411	0.01921	0.20834	0.58544	0.04819	0.01883	0.00824	0.00252	0.00364	0.01701	0.00640	0.00556
79	0.04619	0.01462	0.01663	0.01338	0.01793	0.01543	0.01109	0.39251	0.04516	0.20607	0.02095	0.02499	0.01605	0.00919	0.00676	0.00211	0.00643	0.08888	0.03536	0.01025
80	0.01829	0.01509	0.01597	0.01379	0.01785	0.01727	0.01088	0.18370	0.56383	0.03063	0.02436	0.02262	0.01812	0.00870	0.00667	0.00218	0.00566	0.00711	0.00667	0.01059
81	0.02323	0.02212	0.01928	0.01597	0.01988	0.26244	0.01276	0.36697	0.04627	0.02921	0.01335	0.01459	0.01024	0.00803	0.00831	0.00201	0.10544	0.00539	0.00504	0.00946
82	0.02503	0.01844	0.01976	0.01515	0.02042	0.02042	0.01251	0.70562	0.03095	0.04149	0.01581	0.01581	0.01120	0.00790	0.00659	0.00198	0.00724	0.00593	0.00659	0.01120
83	0.01629	0.01564	0.02672	0.04041	0.72757	0.01564	0.02020	0.02020	0.01499	0.02151	0.01238	0.01629	0.01043	0.00587	0.00652	0.00196	0.00782	0.00587	0.00326	0.01043
84	0.01629	0.01564	0.02672	0.04041	0.72757	0.01564	0.02020	0.02020	0.01499	0.02151	0.01238	0.01629	0.01043	0.00587	0.00652	0.00196	0.00782	0.00587	0.00326	0.01043
85	0.01243	0.01170	0.01975	0.75282	0.04534	0.01463	0.01828	0.01682	0.01316	0.01682	0.01170	0.01755	0.00878	0.00658	0.00658	0.00219	0.00878	0.00585	0.00293	0.00731
86	0.01517	0.01440	0.02405	0.20748	0.51042	0.01487	0.01879	0.01912	0.01445	0.02039	0.01217	0.01639	0.00998	0.00596	0.00641	0.00194	0.00782	0.00571	0.00323	0.07124
87	0.02381	0.03007	0.01877	0.01698	0.02012	0.68655	0.01285	0.02548	0.01799	0.01609	0.01006	0.01207	0.00849	0.00715	0.00714	0.00179	0.06928	0.00436	0.00335	0.00760
88	0.02396	0.03005	0.01837	0.01669	0.02010	0.68625	0.01254	0.02696	0.07239	0.01699	0.01146	0.01285	0.00938	0.00695	0.00599	0.00174	0.01136	0.00449	0.00365	0.00785
89	0.00834	0.00596	0.00800	0.00953	0.01005	0.00562	0.00666	0.00971	0.01292	0.01716	0.03611	0.67999	0.04285	0.02033	0.00849	0.00272	0.00409	0.09995	0.00611	0.00543
90	0.01637	0.01414	0.01489	0.01340	0.01712	0.01637	0.01042	0.03498	0.71568	0.02754	0.02679	0.02456	0.02010	0.00893	0.00670	0.00223	0.00521	0.00744	0.00670	0.01042
91	0.00957	0.00638	0.00718	0.00718	0.00718	0.00638	0.00399	0.00957	0.00957	0.01276	0.02074	0.04308	0.02393	0.76864	0.03351	0.00638	0.00638	0.00957	0.00399	0.00399
92	0.01028	0.00705	0.00848	0.00792	0.01001	0.00623	0.00601	0.01279	0.01725	0.07747	0.41612	0.05259	0.31482	0.01429	0.00768	0.00213	0.00339	0.01227	0.00688	0.00634
93	0.01243	0.01170	0.01975	0.75282	0.04534	0.01463	0.01828	0.01682	0.01316	0.01682	0.01170	0.01755	0.00878	0.00658	0.00658	0.00219	0.00878	0.00585	0.00293	0.00731
94	0.01637	0.01414	0.01489	0.01340	0.01712	0.01637	0.01042	0.03498	0.71568	0.02754	0.02679	0.02456	0.02010	0.00893	0.00670	0.00223	0.00521	0.00744	0.00670	0.01042
95	0.00957	0.00638	0.00718	0.00718	0.00718	0.00638	0.00399	0.00957	0.00957	0.01276	0.02074	0.04308	0.02393	0.76864	0.03351	0.00638	0.00638	0.00957	0.00399	0.00399
96	0.75420	0.01417	0.01037	0.00930	0.01332	0.07085	0.00756	0.01989	0.01178	0.02850	0.00924	0.01079	0.00723	0.00616	0.00422	0.00201	0.00562	0.00362	0.00402	0.00717
97	0.00996	0.00754	0.01099	0.01079	0.01200	0.00884	0.00839	0.02949	0.01105	0.01589	0.01742	0.02580	0.01632	0.06948	0.68046	0.01000	0.03891	0.00706	0.00360	0.00599
98	0.01604	0.01539	0.02627	0.08628	0.68364	0.01558	0.02008	0.01999	0.01487	0.02121	0.01234	0.01637	0.01032	0.00591	0.00652	0.00197	0.00788	0.00586	0.00324	0.01023
99	0.00845	0.00670	0.00760	0.00737	0.00930	0.00584	0.00553	0.01075	0.01659	0.02154	0.35345	0.05717	0.43579	0.01527	0.00777	0.00216	0.00323	0.01303	0.00661	0.00584
100	0.00940	0.00705	0.01058	0.01058	0.01176	0.00823	0.00823	0.01176	0.01058	0.01528	0.01763	0.02586	0.01646	0.04937	0.74255	0.01058	0.01763	0.00705	0.00353	0.00588
101	0.01760	0.77260	0.03450	0.01126	0.01690	0.02605	0.01126	0.01971	0.01338	0.01549	0.00915	0.01056	0.00845	0.00563	0.00422	0.00141	0.00704	0.00352	0.00282	0.00845
102	0.01044	0.00752	0.01037	0.01180	0.01336	0.00746	0.01027	0.01339	0.01515	0.01959	0.03676	0.07361	0.07893	0.01810	0.00901	0.00298	0.00590	0.64327	0.00607	0.00603
103	0.00809	0.00666	0.00714	0.00722	0.00922	0.00570	0.00542	0.00997	0.01534	0.01891	0.14906	0.10225	0.57519	0.01654	0.00786	0.00226	0.00343	0.03782	0.00626	0.00565
104	0.01320	0.03405	0.73453	0.01876	0.02849	0.01529	0.02432	0.02085	0.01390	0.02085	0.01181	0.01390	0.00834	0.00625	0.00625	0.00208	0.00973	0.00486	0.00278	0.00973
105	0.00811	0.00579	0.00774	0.00927	0.00969	0.00542	0.00626	0.00932	0.01269	0.01690	0.03624	0.74093	0.04335	0.02054	0.00843	0.00269	0.00390	0.04126	0.00611	0.00537
106	0.01396	0.01296	0.02330	0.01870	0.02256	0.01281	0.30227	0.09259	0.01649	0.02210	0.02315	0.15797	0.02327	0.01194	0.00851	0.00251	0.02987	0.19245	0.00488	0.00773
107	0.00836	0.00669	0.00747	0.00728	0.00925	0.00580	0.00546	0.01057	0.01638	0.02104	0.31522	0.05800	0.47434	0.01546	0.00777	0.00217	0.00325	0.01314	0.00654	0.00580
108	0.02206	0.01020	0.01321	0.01089	0.01462	0.00940	0.00867	0.09048	0.01894	0.41964	0.14482	0.12488	0.02723	0.01066	0.00696	0.00210	0.00499	0.00904	0.04185	0.00936

[dist]
# distance from previous block
# <min> <max>
0	1

[block]
# block no. 1 follows, 33 sequences, length 12
# corresponding to MSA columns:
# 120-131
name=unknown_B
#
# <colnr> <probs for GDERKNQSTAVLIFYWHMCP>
#	G	D	E	R	K	N	Q	S	T	A	V	L	I	F	Y	W	H	M	C	P
0	0.01450	0.15227	0.58519	0.01747	0.02621	0.05474	0.02163	0.02095	0.01406	0.01974	0.01130	0.01326	0.00836	0.00618	0.00591	0.00196	0.00941	0.00462	0.00282	0.00942
1	0.02470	0.02830	0.01892	0.01653	0.02037	0.57033	0.01267	0.18806	0.02158	0.02216	0.01152	0.01281	0.00913	0.00705	0.00609	0.00176	0.01077	0.00464	0.00415	0.00848
2	0.01382	0.00981	0.01236	0.01124	0.01334	0.01084	0.00875	0.17735	0.01577	0.04283	0.01890	0.02881	0.01759	0.15150	0.39116	0.00718	0.01236	0.04476	0.00461	0.00701
3	0.01537	0.01470	0.02506	0.21005	0.56511	0.01540	0.01975	0.01940	0.01456	0.02039	0.01222	0.01659	0.01003	0.00604	0.00653	0.00201	0.00805	0.00586	0.00318	0.00969
4	0.00816	0.00579	0.00760	0.00898	0.00933	0.00544	0.00591	0.00920	0.01232	0.01643	0.03484	0.69752	0.04172	0.08992	0.01073	0.00302	0.00406	0.01787	0.00591	0.00522
5	0.00878	0.00623	0.00831	0.00969	0.01031	0.00597	0.00699	0.01027	0.01294	0.01714	0.03456	0.53581	0.04045	0.08663	0.01080	0.00309	0.00458	0.17615	0.00591	0.00540
6	0.02267	0.02101	0.12412	0.01674	0.02266	0.06072	0.07651	0.47144	0.02577	0.07035	0.01520	0.01581	0.01078	0.00740	0.00661	0.00200	0.00814	0.00588	0.00564	0.01057
7	0.01655	0.59673	0.20120	0.01305	0.01966	0.02349	0.01437	0.01998	0.01350	0.01676	0.00979	0.01136	0.00842	0.00578	0.00471	0.00157	0.00768	0.00384	0.00281	0.00875
8	0.00920	0.00623	0.00729	0.00765	0.00774	0.00614	0.00449	0.00948	0.01030	0.01373	0.02444	0.21484	0.02860	0.59051	0.02753	0.00550	0.00577	0.01175	0.00449	0.00431
9	0.01403	0.01333	0.02264	0.45760	0.32805	0.01505	0.01908	0.01822	0.01392	0.01876	0.01198	0.01703	0.00946	0.00629	0.00656	0.00210	0.00838	0.00586	0.00306	0.00860
10	0.20906	0.01527	0.02044	0.02684	0.39916	0.05311	0.01500	0.04490	0.01534	0.12097	0.01347	0.01555	0.01037	0.00635	0.00592	0.00197	0.00706	0.00534	0.00424	0.00963
11	0.01373	0.01986	0.22327	0.04901	0.11175	0.01429	0.29631	0.01895	0.01454	0.02032	0.01648	0.11584	0.01489	0.00822	0.00729	0.00224	0.00913	0.03158	0.00361	0.00868

[dist]
# distance from previous block
# <min> <max>
0	7

[block]
# block no. 2 follows, 33 sequences, length 38
# corresponding to MSA columns:
# 139-176
name=unknown_C
#
# <colnr> <probs for GDERKNQSTAVLIFYWHMCP>
#	G	D	E	R	K	N	Q	S	T	A	V	L	I	F	Y	W	H	M	C	P
0	0.01737	0.01392	0.01492	0.01327	0.01710	0.01587	0.01036	0.03476	0.66318	0.08062	0.02673	0.02440	0.01981	0.00887	0.00669	0.00222	0.00524	0.00738	0.00681	0.01048
1	0.01097	0.00681	0.00800	0.00771	0.00832	0.00667	0.00477	0.01149	0.01099	0.06794	0.05491	0.04199	0.05909	0.60677	0.06229	0.00585	0.00655	0.00955	0.00453	0.00480
2	0.05811	0.04344	0.01832	0.01471	0.01905	0.19964	0.06298	0.04948	0.22756	0.20902	0.01963	0.01891	0.01415	0.00766	0.00636	0.00200	0.00757	0.00609	0.00573	0.00961
3	0.00904	0.00660	0.00849	0.00826	0.00973	0.00605	0.00610	0.01179	0.01761	0.02454	0.58764	0.13835	0.11203	0.01459	0.00784	0.00216	0.00321	0.01290	0.00702	0.00605
4	0.81514	0.01273	0.00968	0.00866	0.01273	0.01477	0.00713	0.01935	0.01120	0.02954	0.00917	0.01069	0.00713	0.00611	0.00407	0.00204	0.00509	0.00356	0.00407	0.00713
5	0.00883	0.00603	0.00788	0.00904	0.00977	0.00555	0.00616	0.01013	0.01320	0.04339	0.05901	0.66041	0.09676	0.01964	0.00827	0.00260	0.00383	0.01769	0.00622	0.00560
6	0.01692	0.01683	0.02611	0.03864	0.67429	0.07038	0.01964	0.02066	0.01527	0.02110	0.01222	0.01596	0.01028	0.00593	0.00647	0.00194	0.00813	0.00574	0.00327	0.01022
7	0.01365	0.01170	0.01365	0.00975	0.01560	0.00878	0.00780	0.01658	0.01365	0.02145	0.01170	0.01365	0.00975	0.00488	0.00488	0.00098	0.00488	0.00390	0.00390	0.80888
8	0.01024	0.00739	0.01014	0.01155	0.01304	0.00729	0.00992	0.01305	0.01498	0.01938	0.03718	0.11878	0.08636	0.01824	0.00896	0.00295	0.00572	0.59278	0.00607	0.00598
9	0.00967	0.00649	0.00749	0.00762	0.00776	0.00649	0.00458	0.00994	0.01007	0.01338	0.02200	0.04586	0.02518	0.70171	0.03133	0.00608	0.00635	0.06965	0.00417	0.00417
10	0.02156	0.01515	0.01652	0.01322	0.01770	0.01638	0.01074	0.42115	0.13650	0.10521	0.05004	0.02364	0.07888	0.00908	0.00670	0.00203	0.00612	0.00718	0.03198	0.01022
11	0.00957	0.00638	0.00718	0.00718	0.00718	0.00638	0.00399	0.00957	0.00957	0.01276	0.02074	0.04308	0.02393	0.76864	0.03351	0.00638	0.00638	0.00957	0.00399	0.00399
12	0.01554	0.01776	0.03885	0.02775	0.03441	0.01665	0.70366	0.02109	0.01554	0.02109	0.01332	0.01776	0.00999	0.00555	0.00777	0.00222	0.01110	0.00777	0.00333	0.00888
13	0.78792	0.01293	0.01002	0.00888	0.01300	0.01496	0.00732	0.04299	0.01188	0.02995	0.00940	0.01087	0.00727	0.00617	0.00416	0.00203	0.00517	0.00365	0.00416	0.00727
14	0.02707	0.01501	0.04938	0.01335	0.01872	0.01405	0.01142	0.28998	0.02327	0.43514	0.02143	0.01949	0.01398	0.00797	0.00659	0.00202	0.00642	0.00628	0.00731	0.01113
15	0.02636	0.01095	0.01460	0.01145	0.01613	0.00961	0.00932	0.05444	0.01857	0.59600	0.04675	0.07843	0.01922	0.00908	0.00670	0.00203	0.00542	0.00753	0.00770	0.04972
16	0.00957	0.00638	0.00718	0.00718	0.00718	0.00638	0.00399	0.00957	0.00957	0.01276	0.02074	0.04308	0.02393	0.76864	0.03351	0.00638	0.00638	0.00957	0.00399	0.00399
17	0.01702	0.67519	0.12682	0.01225	0.01843	0.02463	0.01299	0.01986	0.01345	0.01620	0.00950	0.01100	0.00843	0.00571	0.00449	0.00150	0.00739	0.00370	0.00281	0.00862
18	0.01793	0.01569	0.01720	0.01461	0.01869	0.05233	0.05452	0.14386	0.50218	0.02884	0.04522	0.02284	0.01874	0.00858	0.00674	0.00216	0.00618	0.00720	0.00632	0.01018
19	0.01469	0.08202	0.02144	0.01675	0.01725	0.02069	0.01412	0.01619	0.01038	0.01581	0.00869	0.01406	0.00862	0.01100	0.02005	0.00275	0.68974	0.00556	0.00287	0.00731
20	0.01365	0.01170	0.01365	0.00975	0.01560	0.00878	0.00780	0.01658	0.01365	0.02145	0.01170	0.01365	0.00975	0.00488	0.00488	0.00098	0.00488	0.00390	0.00390	0.80888
21	0.00932	0.00673	0.00880	0.00828	0.00984	0.00621	0.00621	0.01242	0.01863	0.02640	0.72410	0.04918	0.06212	0.01346	0.00776	0.00207	0.00311	0.01191	0.00725	0.00621
22	0.00942	0.00699	0.01028	0.01028	0.01135	0.00806	0.00785	0.01156	0.01049	0.01506	0.01791	0.02740	0.01712	0.11352	0.67932	0.01021	0.01663	0.00728	0.00357	0.00571
23	0.01542	0.01479	0.02557	0.08939	0.51959	0.01497	0.08708	0.01995	0.03834	0.02115	0.01491	0.02198	0.01303	0.00709	0.00688	0.00210	0.00798	0.06652	0.00361	0.00965
24	0.01527	0.01614	0.02915	0.02226	0.02562	0.01848	0.34620	0.03889	0.01333	0.01913	0.01111	0.01606	0.00937	0.00854	0.01450	0.00254	0.37537	0.00673	0.00321	0.00813
25	0.00849	0.00660	0.00771	0.00765	0.00938	0.00582	0.00565	0.01074	0.01636	0.02150	0.35454	0.13106	0.35955	0.01567	0.00784	0.00220	0.00328	0.01352	0.00661	0.00582
26	0.01629	0.01564	0.02672	0.04041	0.72757	0.01564	0.02020	0.02020	0.01499	0.02151	0.01238	0.01629	0.01043	0.00587	0.00652	0.00196	0.00782	0.00587	0.00326	0.01043
27	0.02503	0.01844	0.01976	0.01515	0.02042	0.02042	0.01251	0.70562	0.03095	0.04149	0.01581	0.01581	0.01120	0.00790	0.00659	0.00198	0.00724	0.00593	0.00659	0.01120
28	0.00809	0.00579	0.00778	0.00924	0.00966	0.00549	0.00621	0.00929	0.01250	0.01673	0.03537	0.72814	0.04221	0.02203	0.04440	0.00306	0.00450	0.01814	0.00598	0.00537
29	0.00957	0.00638	0.00718	0.00718	0.00718	0.00638	0.00399	0.00957	0.00957	0.01276	0.02074	0.04308	0.02393	0.76864	0.03351	0.00638	0.00638	0.00957	0.00399	0.00399
30	0.00865	0.00618	0.00836	0.00988	0.01054	0.00589	0.00720	0.01025	0.01322	0.01751	0.03594	0.59724	0.04217	0.02003	0.00857	0.00276	0.00436	0.17964	0.00610	0.00552
31	0.01760	0.77260	0.03450	0.01126	0.01690	0.02605	0.01126	0.01971	0.01338	0.01549	0.00915	0.01056	0.00845	0.00563	0.00422	0.00141	0.00704	0.00352	0.00282	0.00845
32	0.00957	0.00638	0.00718	0.00718	0.00718	0.00638	0.00399	0.00957	0.00957	0.01276	0.02074	0.04308	0.02393	0.76864	0.03351	0.00638	0.00638	0.00957	0.00399	0.00399
33	0.00957	0.00638	0.00718	0.00718	0.00718	0.00638	0.00399	0.00957	0.00957	0.01276	0.02074	0.04308	0.02393	0.76864	0.03351	0.00638	0.00638	0.00957	0.00399	0.00399
34	0.01312	0.01218	0.02014	0.68503	0.08264	0.01490	0.01817	0.04302	0.01394	0.01801	0.01189	0.01742	0.00896	0.00659	0.00658	0.00217	0.00866	0.00585	0.00308	0.00763
35	0.81514	0.01273	0.00968	0.00866	0.01273	0.01477	0.00713	0.01935	0.01120	0.02954	0.00917	0.01069	0.00713	0.00611	0.00407	0.00204	0.00509	0.00356	0.00407	0.00713
36	0.01576	0.10977	0.38538	0.01760	0.02507	0.01696	0.09851	0.06430	0.13520	0.04642	0.01496	0.01620	0.01099	0.00672	0.00631	0.00204	0.00853	0.00562	0.00392	0.00974
37	0.01431	0.01183	0.01328	0.06718	0.01658	0.03523	0.00949	0.10557	0.25634	0.02733	0.30512	0.03359	0.05540	0.01061	0.00711	0.00212	0.00504	0.00902	0.00650	0.00836

[dist]
# distance from previous block
# <min> <max>
0	5

[block]
# block no. 3 follows, 33 sequences, length 17
# corresponding to MSA columns:
# 182-198
name=unknown_D
#
# <colnr> <probs for GDERKNQSTAVLIFYWHMCP>
#	G	D	E	R	K	N	Q	S	T	A	V	L	I	F	Y	W	H	M	C	P
0	0.01788	0.01494	0.01600	0.01388	0.01773	0.01727	0.01097	0.15731	0.56069	0.02961	0.02402	0.02253	0.01799	0.00885	0.00730	0.00221	0.03676	0.00709	0.00652	0.01043
1	0.01923	0.41938	0.02710	0.01484	0.06360	0.17026	0.01210	0.06545	0.11413	0.01929	0.01245	0.01348	0.01038	0.00649	0.00521	0.00165	0.00784	0.00452	0.00374	0.00885
2	0.00802	0.00573	0.00764	0.00917	0.00955	0.00535	0.00611	0.00917	0.01260	0.01681	0.03628	0.76434	0.04354	0.02062	0.00840	0.00267	0.00382	0.01872	0.00611	0.00535
3	0.01508	0.01685	0.03571	0.02591	0.03174	0.01639	0.60949	0.02012	0.01483	0.02034	0.01324	0.01801	0.01029	0.00870	0.05411	0.00278	0.06698	0.00758	0.00331	0.00857
4	0.01760	0.77260	0.03450	0.01126	0.01690	0.02605	0.01126	0.01971	0.01338	0.01549	0.00915	0.01056	0.00845	0.00563	0.00422	0.00141	0.00704	0.00352	0.00282	0.00845
5	0.00932	0.00673	0.00880	0.00828	0.00984	0.00621	0.00621	0.01242	0.01863	0.02640	0.72410	0.04918	0.06212	0.01346	0.00776	0.00207	0.00311	0.01191	0.00725	0.00621
6	0.02915	0.01182	0.01566	0.01201	0.01712	0.01060	0.00992	0.08990	0.01988	0.67284	0.02510	0.02184	0.01586	0.00813	0.00662	0.00203	0.00574	0.00656	0.00801	0.01120
7	0.81514	0.01273	0.00968	0.00866	0.01273	0.01477	0.00713	0.01935	0.01120	0.02954	0.00917	0.01069	0.00713	0.00611	0.00407	0.00204	0.00509	0.00356	0.00407	0.00713
8	0.00802	0.00573	0.00764	0.00917	0.00955	0.00535	0.00611	0.00917	0.01260	0.01681	0.03628	0.76434	0.04354	0.02062	0.00840	0.00267	0.00382	0.01872	0.00611	0.00535
9	0.01554	0.01776	0.03885	0.02775	0.03441	0.01665	0.70366	0.02109	0.01554	0.02109	0.01332	0.01776	0.00999	0.00555	0.00777	0.00222	0.01110	0.00777	0.00333	0.00888
10	0.01358	0.01315	0.01843	0.01603	0.01618	0.01810	0.01321	0.01508	0.01013	0.01565	0.01026	0.01699	0.01024	0.04618	0.11375	0.00400	0.63306	0.00608	0.00301	0.00691
11	0.00909	0.00672	0.00849	0.00805	0.00970	0.00612	0.00604	0.01199	0.01811	0.02515	0.62875	0.05123	0.15825	0.01392	0.00777	0.00209	0.00314	0.01219	0.00708	0.00612
12	0.00785	0.00663	0.00680	0.00684	0.00896	0.00557	0.00510	0.00955	0.01504	0.01808	0.09129	0.09397	0.66843	0.01672	0.00781	0.00224	0.00335	0.01403	0.00616	0.00557
13	0.02514	0.01750	0.01909	0.01472	0.01990	0.01913	0.01213	0.60735	0.05815	0.11309	0.01732	0.01686	0.01210	0.00797	0.00659	0.00199	0.00699	0.00606	0.00675	0.01116
14	0.00881	0.00648	0.00832	0.00890	0.01013	0.00600	0.00662	0.01099	0.01544	0.02073	0.28225	0.31059	0.15072	0.01717	0.00818	0.00245	0.00382	0.11009	0.00650	0.00578
15	0.01716	0.01453	0.01533	0.01356	0.01742	0.01674	0.01061	0.09614	0.65324	0.02881	0.02579	0.02376	0.01928	0.00884	0.00669	0.00221	0.00540	0.00730	0.00669	0.01049
16	0.00842	0.00669	0.00756	0.00734	0.00929	0.00583	0.00551	0.01069	0.01652	0.02139	0.34149	0.05743	0.44785	0.01533	0.00777	0.00216	0.00324	0.01306	0.00659	0.00583

[dist]
# distance from previous block
# <min> <max>
0	1

[block]
# block no. 4 follows, 33 sequences, length 25
# corresponding to MSA columns:
# 200-224
name=unknown_E
#
# <colnr> <probs for GDERKNQSTAVLIFYWHMCP>
#	G	D	E	R	K	N	Q	S	T	A	V	L	I	F	Y	W	H	M	C	P
0	0.81514	0.01273	0.00968	0.00866	0.01273	0.01477	0.00713	0.01935	0.01120	0.02954	0.00917	0.01069	0.00713	0.00611	0.00407	0.00204	0.00509	0.00356	0.00407	0.00713
1	0.01704	0.67899	0.12323	0.01221	0.01837	0.02469	0.01292	0.01986	0.01344	0.01617	0.00949	0.01098	0.00843	0.00571	0.00448	0.00149	0.00738	0.00369	0.00281	0.00861
2	0.01008	0.00709	0.00818	0.00769	0.00849	0.00678	0.00470	0.01058	0.01014	0.01400	0.01943	0.03843	0.02174	0.63331	0.06785	0.00592	0.00679	0.00872	0.00395	0.10611
3	0.01486	0.02172	0.22092	0.05062	0.07418	0.01616	0.46100	0.02083	0.01499	0.02091	0.01281	0.01665	0.00954	0.00579	0.00726	0.00217	0.01047	0.00683	0.00317	0.00914
4	0.01669	0.55038	0.15152	0.01282	0.01890	0.02299	0.01339	0.02184	0.10248	0.01793	0.01184	0.01291	0.00991	0.00616	0.00488	0.00163	0.00727	0.00425	0.00330	0.00892
5	0.71349	0.01543	0.10155	0.00994	0.01473	0.01483	0.00931	0.01954	0.01155	0.02844	0.00950	0.01110	0.00728	0.00613	0.00435	0.00204	0.00568	0.00373	0.00391	0.00746
6	0.01338	0.06432	0.70584	0.01846	0.02802	0.01573	0.02379	0.02080	0.01388	0.02063	0.01171	0.01376	0.00834	0.00623	0.00617	0.00206	0.00962	0.00481	0.00278	0.00968
7	0.01577	0.01282	0.01453	0.01106	0.01640	0.01144	0.00883	0.08672	0.15642	0.04601	0.01555	0.01631	0.01216	0.00608	0.00546	0.00136	0.00519	0.00489	0.00485	0.54815
8	0.00908	0.00680	0.00856	0.00970	0.01051	0.00674	0.00666	0.01244	0.10172	0.01817	0.03508	0.67057	0.04057	0.01914	0.00819	0.00262	0.00400	0.01729	0.00619	0.00599
9	0.01365	0.01170	0.01365	0.00975	0.01560	0.00878	0.00780	0.01658	0.01365	0.02145	0.01170	0.01365	0.00975	0.00488	0.00488	0.00098	0.00488	0.00390	0.00390	0.80888
10	0.02280	0.02816	0.01784	0.01578	0.01958	0.62236	0.01192	0.02470	0.01784	0.01698	0.01043	0.01216	0.00869	0.00647	0.00576	0.00158	0.01073	0.00418	0.00348	0.13857
11	0.00906	0.00657	0.00854	0.00836	0.00975	0.00605	0.00615	0.01180	0.01756	0.02458	0.59188	0.16145	0.08416	0.01470	0.00786	0.00217	0.00323	0.01304	0.00703	0.00605
12	0.00802	0.00573	0.00764	0.00917	0.00955	0.00535	0.00611	0.00917	0.01260	0.01681	0.03628	0.76434	0.04354	0.02062	0.00840	0.00267	0.00382	0.01872	0.00611	0.00535
13	0.00957	0.00638	0.00718	0.00718	0.00718	0.00638	0.00399	0.00957	0.00957	0.01276	0.02074	0.04308	0.02393	0.76864	0.03351	0.00638	0.00638	0.00957	0.00399	0.00399
14	0.01243	0.01170	0.01975	0.75282	0.04534	0.01463	0.01828	0.01682	0.01316	0.01682	0.01170	0.01755	0.00878	0.00658	0.00658	0.00219	0.00878	0.00585	0.00293	0.00731
15	0.00932	0.00673	0.00880	0.00828	0.00984	0.00621	0.00621	0.01242	0.01863	0.02640	0.72410	0.04918	0.06212	0.01346	0.00776	0.00207	0.00311	0.01191	0.00725	0.00621
16	0.00940	0.00705	0.01058	0.01058	0.01176	0.00823	0.00823	0.01176	0.01058	0.01528	0.01763	0.02586	0.01646	0.04937	0.74255	0.01058	0.01763	0.00705	0.00353	0.00588
17	0.01533	0.01489	0.02419	0.25308	0.47990	0.03734	0.01923	0.01924	0.01440	0.01977	0.01200	0.01648	0.00982	0.00628	0.00697	0.00205	0.03077	0.00581	0.00315	0.00931
18	0.00802	0.00573	0.00764	0.00917	0.00955	0.00535	0.00611	0.00917	0.01260	0.01681	0.03628	0.76434	0.04354	0.02062	0.00840	0.00267	0.00382	0.01872	0.00611	0.00535
19	0.01529	0.01462	0.02492	0.22485	0.55094	0.01538	0.01971	0.01933	0.01452	0.02029	0.01221	0.01662	0.01000	0.00605	0.00653	0.00202	0.00807	0.00586	0.00317	0.00962
20	0.01779	0.01484	0.01568	0.01368	0.01766	0.01703	0.01076	0.14459	0.60377	0.02982	0.02500	0.02313	0.01864	0.00876	0.00668	0.00219	0.00554	0.00720	0.00668	0.01055
21	0.00941	0.00701	0.01038	0.01038	0.01149	0.00812	0.00798	0.01163	0.01052	0.01513	0.01782	0.02688	0.01690	0.09188	0.70065	0.01033	0.01697	0.00720	0.00355	0.00577
22	0.01420	0.01351	0.02294	0.42650	0.35784	0.01509	0.01916	0.01837	0.01400	0.01897	0.01201	0.01698	0.00953	0.00625	0.00655	0.00208	0.00834	0.00586	0.00308	0.00874
23	0.02503	0.01844	0.01976	0.01515	0.02042	0.02042	0.01251	0.70562	0.03095	0.04149	0.01581	0.01581	0.01120	0.00790	0.00659	0.00198	0.00724	0.00593	0.00659	0.01120
24	0.01556	0.15084	0.52219	0.01705	0.02550	0.01774	0.02057	0.11607	0.01619	0.02286	0.01194	0.01363	0.00875	0.00638	0.00597	0.00196	0.00895	0.00480	0.00332	0.00973

[dist]
# distance from previous block
# <min> <max>
0	2

[block]
# block no. 5 follows, 33 sequences, length 40
# corresponding to MSA columns:
# 227-266
name=unknown_F
#
# <colnr> <probs for GDERKNQSTAVLIFYWHMCP>
#	G	D	E	R	K	N	Q	S	T	A	V	L	I	F	Y	W	H	M	C	P
0	0.81514	0.01273	0.00968	0.00866	0.01273	0.01477	0.00713	0.01935	0.01120	0.02954	0.00917	0.01069	0.00713	0.00611	0.00407	0.00204	0.00509	0.00356	0.00407	0.00713
1	0.01507	0.01410	0.02319	0.28959	0.32576	0.01487	0.05964	0.05674	0.01511	0.02091	0.01231	0.01652	0.00978	0.00611	0.00645	0.00195	0.00802	0.00577	0.00340	0.09471
2	0.01548	0.01475	0.02481	0.18980	0.55703	0.01545	0.01943	0.02004	0.04075	0.02074	0.01278	0.01687	0.01044	0.00613	0.00654	0.00202	0.00793	0.00592	0.00332	0.00977
3	0.00802	0.00573	0.00764	0.00917	0.00955	0.00535	0.00611	0.00917	0.01260	0.01681	0.03628	0.76434	0.04354	0.02062	0.00840	0.00267	0.00382	0.01872	0.00611	0.00535
4	0.01365	0.01170	0.01365	0.00975	0.01560	0.00878	0.00780	0.01658	0.01365	0.02145	0.01170	0.01365	0.00975	0.00488	0.00488	0.00098	0.00488	0.00390	0.00390	0.80888
5	0.01243	0.01170	0.01975	0.75282	0.04534	0.01463	0.01828	0.01682	0.01316	0.01682	0.01170	0.01755	0.00878	0.00658	0.00658	0.00219	0.00878	0.00585	0.00293	0.00731
6	0.00909	0.00672	0.00848	0.00804	0.00969	0.00611	0.00603	0.01198	0.01809	0.02510	0.62528	0.05131	0.16175	0.01394	0.00777	0.00209	0.00314	0.01220	0.00708	0.00611
7	0.01320	0.03405	0.73453	0.01876	0.02849	0.01529	0.02432	0.02085	0.01390	0.02085	0.01181	0.01390	0.00834	0.00625	0.00625	0.00208	0.00973	0.00486	0.00278	0.00973
8	0.00802	0.00573	0.00764	0.00917	0.00955	0.00535	0.00611	0.00917	0.01260	0.01681	0.03628	0.76434	0.04354	0.02062	0.00840	0.00267	0.00382	0.01872	0.00611	0.00535
9	0.01368	0.07599	0.36331	0.01579	0.02203	0.05606	0.05949	0.03843	0.01583	0.02208	0.19835	0.02311	0.02265	0.00833	0.00717	0.00205	0.03619	0.00683	0.00414	0.00849
10	0.01320	0.03405	0.73453	0.01876	0.02849	0.01529	0.02432	0.02085	0.01390	0.02085	0.01181	0.01390	0.00834	0.00625	0.00625	0.00208	0.00973	0.00486	0.00278	0.00973
11	0.01174	0.00977	0.01044	0.00965	0.01241	0.01006	0.00741	0.04469	0.26538	0.02362	0.16443	0.04535	0.33324	0.01304	0.00735	0.00219	0.00411	0.01096	0.00654	0.00761
12	0.81514	0.01273	0.00968	0.00866	0.01273	0.01477	0.00713	0.01935	0.01120	0.02954	0.00917	0.01069	0.00713	0.00611	0.00407	0.00204	0.00509	0.00356	0.00407	0.00713
13	0.01365	0.01170	0.01365	0.00975	0.01560	0.00878	0.00780	0.01658	0.01365	0.02145	0.01170	0.01365	0.00975	0.00488	0.00488	0.00098	0.00488	0.00390	0.00390	0.80888
14	0.01243	0.01170	0.01975	0.75282	0.04534	0.01463	0.01828	0.01682	0.01316	0.01682	0.01170	0.01755	0.00878	0.00658	0.00658	0.00219	0.00878	0.00585	0.00293	0.00731
15	0.00848	0.00592	0.00750	0.00858	0.00884	0.00565	0.00548	0.00929	0.01170	0.01561	0.03167	0.55007	0.03772	0.24285	0.01586	0.00378	0.00458	0.01600	0.00548	0.00494
16	0.01760	0.77260	0.03450	0.01126	0.01690	0.02605	0.01126	0.01971	0.01338	0.01549	0.00915	0.01056	0.00845	0.00563	0.00422	0.00141	0.00704	0.00352	0.00282	0.00845
17	0.00957	0.00638	0.00718	0.00718	0.00718	0.00638	0.00399	0.00957	0.00957	0.01276	0.02074	0.04308	0.02393	0.76864	0.03351	0.00638	0.00638	0.00957	0.00399	0.00399
18	0.01642	0.01600	0.02620	0.06660	0.67887	0.03912	0.01989	0.02027	0.01504	0.02116	0.01229	0.01620	0.01030	0.00592	0.00650	0.00196	0.00799	0.00581	0.00325	0.01022
19	0.00787	0.00667	0.00680	0.00677	0.00895	0.00560	0.00508	0.00963	0.01523	0.01831	0.10697	0.06249	0.68429	0.01648	0.00778	0.00221	0.00332	0.01377	0.00618	0.00560
20	0.81514	0.01273	0.00968	0.00866	0.01273	0.01477	0.00713	0.01935	0.01120	0.02954	0.00917	0.01069	0.00713	0.00611	0.00407	0.00204	0.00509	0.00356	0.00407	0.00713
21	0.01243	0.01170	0.01975	0.75282	0.04534	0.01463	0.01828	0.01682	0.01316	0.01682	0.01170	0.01755	0.00878	0.00658	0.00658	0.00219	0.00878	0.00585	0.00293	0.00731
22	0.00798	0.00668	0.00694	0.00688	0.00901	0.00564	0.00516	0.00983	0.01548	0.01890	0.15175	0.06152	0.63915	0.01626	0.00778	0.00220	0.00330	0.01364	0.00626	0.00564
23	0.01442	0.01482	0.02419	0.10648	0.02433	0.01874	0.16524	0.01710	0.01164	0.01710	0.01002	0.01551	0.00895	0.00964	0.01681	0.00266	0.50558	0.00621	0.00298	0.00758
24	0.01884	0.01494	0.01602	0.01376	0.01785	0.01691	0.01095	0.21035	0.48839	0.05269	0.02418	0.02403	0.01830	0.00898	0.00675	0.00219	0.00579	0.03192	0.00669	0.01049
25	0.01471	0.01167	0.01376	0.00988	0.01568	0.00884	0.00793	0.01761	0.01400	0.06873	0.01265	0.01423	0.01019	0.00509	0.00499	0.00105	0.00492	0.00408	0.00418	0.75582
26	0.02300	0.01875	0.06282	0.01511	0.02042	0.01949	0.01292	0.56300	0.13269	0.03813	0.01721	0.01700	0.01236	0.00796	0.00658	0.00202	0.00709	0.00609	0.00637	0.01099
27	0.01686	0.01202	0.01570	0.01137	0.01713	0.00949	0.05594	0.01989	0.01479	0.15914	0.01458	0.01563	0.01104	0.00556	0.00541	0.00127	0.00544	0.00469	0.00468	0.59940
28	0.01501	0.33748	0.44693	0.01568	0.02373	0.01971	0.01896	0.02038	0.01368	0.01865	0.01072	0.01253	0.00838	0.00600	0.00542	0.00181	0.00862	0.00431	0.00279	0.00920
29	0.00994	0.00710	0.00985	0.01136	0.01259	0.00701	0.00945	0.01249	0.01450	0.01896	0.03522	0.25137	0.03934	0.01881	0.00892	0.00294	0.00549	0.51270	0.00607	0.00588
30	0.01220	0.01832	0.30929	0.01279	0.01798	0.01017	0.01389	0.01710	0.01657	0.07014	0.36284	0.03328	0.05792	0.01023	0.00707	0.00208	0.00602	0.00871	0.00542	0.00797
31	0.01541	0.01455	0.02360	0.14180	0.51923	0.01519	0.01824	0.02095	0.09344	0.02135	0.01596	0.01920	0.03840	0.00673	0.00660	0.00203	0.00750	0.00635	0.00370	0.00978
32	0.01346	0.07629	0.69449	0.01833	0.02783	0.01590	0.02358	0.02078	0.01387	0.02054	0.01166	0.01371	0.00835	0.00622	0.00614	0.00205	0.00958	0.00479	0.00278	0.00966
33	0.02954	0.01120	0.01528	0.01171	0.01681	0.00968	0.00968	0.03208	0.01884	0.73213	0.02597	0.02241	0.01630	0.00815	0.00662	0.00204	0.00560	0.00662	0.00815	0.01120
34	0.01238	0.01128	0.01562	0.01434	0.01465	0.01472	0.01162	0.01392	0.01116	0.01628	0.01771	0.13618	0.01943	0.07486	0.04133	0.00339	0.45577	0.10499	0.00392	0.00647
