[name]
unknown

[dist]
# distance from previous block
# <min> <max>
0	3

[block]
# block no. 0 follows, 34 sequences, length 140
# corresponding to MSA columns:
# 3-142
name=unknown_A
#
# <colnr> <probs for GDERKNQSTAVLIFYWHMCP>
#	G	D	E	R	K	N	Q	S	T	A	V	L	I	F	Y	W	H	M	C	P
0	0.02286	0.01626	0.01792	0.01428	0.01894	0.01775	0.01188	0.57909	0.02762	0.07492	0.01861	0.02373	0.01485	0.00915	0.00680	0.00208	0.00686	0.09963	0.00647	0.01030
1	0.01713	0.01619	0.01779	0.09726	0.08798	0.12982	0.04839	0.06310	0.32281	0.04163	0.05443	0.02146	0.01692	0.02769	0.00721	0.00216	0.00710	0.00669	0.00516	0.00908
2	0.01779	0.01310	0.09461	0.01795	0.16583	0.01037	0.03747	0.02085	0.01523	0.26556	0.02316	0.22550	0.02092	0.01053	0.00691	0.00214	0.00608	0.00940	0.00559	0.03100
3	0.01847	0.01544	0.01593	0.01369	0.01772	0.03813	0.01082	0.20639	0.52488	0.03019	0.02308	0.02156	0.01717	0.00845	0.00652	0.00211	0.00581	0.00684	0.00645	0.01034
4	0.00923	0.00692	0.01038	0.01038	0.01154	0.00808	0.00808	0.01154	0.01038	0.01500	0.01731	0.02538	0.01615	0.04846	0.74732	0.01038	0.01731	0.00692	0.00346	0.00577
5	0.01546	0.02277	0.32414	0.02127	0.13694	0.01546	0.09874	0.07711	0.11554	0.04514	0.01523	0.03632	0.01172	0.00707	0.00691	0.00209	0.02834	0.00614	0.00396	0.00964
6	0.01784	0.04510	0.42747	0.01698	0.02468	0.01436	0.07853	0.05982	0.03456	0.19495	0.01561	0.01628	0.01067	0.00667	0.00633	0.00203	0.00837	0.00553	0.00435	0.00989
7	0.01220	0.01148	0.01938	0.75739	0.04450	0.01436	0.01794	0.01651	0.01292	0.01651	0.01148	0.01723	0.00861	0.00646	0.00646	0.00215	0.00861	0.00574	0.00287	0.00718
8	0.02887	0.01119	0.01511	0.01159	0.01659	0.00978	0.00957	0.04957	0.01881	0.71857	0.02523	0.02182	0.01586	0.00799	0.00650	0.00200	0.00554	0.00648	0.00796	0.01100
9	0.02174	0.07793	0.09642	0.01787	0.13367	0.01297	0.06993	0.04295	0.01696	0.36469	0.06417	0.02032	0.01584	0.00735	0.00641	0.00196	0.00672	0.00635	0.00575	0.01000
10	0.02022	0.01485	0.01881	0.05731	0.19211	0.07243	0.03175	0.06623	0.19455	0.21367	0.03786	0.02019	0.01527	0.00752	0.00649	0.00201	0.00675	0.00642	0.00561	0.00996
11	0.01522	0.01594	0.01963	0.01693	0.01729	0.09864	0.01396	0.01666	0.01081	0.01558	0.00865	0.01387	0.00846	0.01080	0.01954	0.00270	0.67984	0.00549	0.00288	0.00711
12	0.01875	0.01366	0.01503	0.03329	0.01735	0.05785	0.00949	0.11896	0.09280	0.16067	0.03522	0.01740	0.01333	0.00663	0.00573	0.00153	0.00578	0.00527	0.00531	0.36593
13	0.02449	0.02027	0.01921	0.01517	0.02003	0.14412	0.01232	0.59410	0.02832	0.03647	0.01457	0.01485	0.01053	0.00757	0.00635	0.00189	0.00789	0.00553	0.00593	0.01039
14	0.01448	0.01159	0.01395	0.01074	0.04037	0.00890	0.00820	0.01736	0.01377	0.06657	0.01240	0.01403	0.01000	0.00502	0.00495	0.00106	0.00493	0.00406	0.00407	0.73354
15	0.00895	0.00643	0.00826	0.00811	0.00949	0.00592	0.00597	0.01161	0.01699	0.02388	0.55888	0.16393	0.09345	0.01433	0.00762	0.00212	0.00317	0.01269	0.03228	0.00592
16	0.02684	0.01052	0.01431	0.01113	0.01575	0.00913	0.00913	0.02940	0.01847	0.65998	0.10179	0.02484	0.02087	0.00856	0.00662	0.00200	0.00523	0.00706	0.00790	0.01046
17	0.02455	0.01549	0.01853	0.06218	0.06214	0.01639	0.01228	0.43231	0.02496	0.23748	0.01792	0.01750	0.01223	0.00763	0.00647	0.00197	0.00678	0.00600	0.00649	0.01071
18	0.01594	0.09768	0.02642	0.07327	0.60234	0.01642	0.01855	0.01995	0.03106	0.02037	0.01211	0.01564	0.01016	0.00584	0.00616	0.00188	0.00758	0.00554	0.00321	0.00986
19	0.00785	0.00572	0.00739	0.00873	0.00930	0.00527	0.00588	0.00903	0.01263	0.01660	0.03885	0.69210	0.11725	0.01982	0.00818	0.00258	0.00370	0.01786	0.00600	0.00527
20	0.00825	0.00578	0.00739	0.00851	0.00880	0.00550	0.00548	0.00910	0.01163	0.01551	0.03183	0.58866	0.03797	0.20680	0.01435	0.00353	0.00437	0.01614	0.00548	0.00492
21	0.01812	0.01908	0.07917	0.23261	0.04563	0.20642	0.01463	0.05449	0.11866	0.08407	0.01524	0.01819	0.01169	0.00744	0.00676	0.00203	0.02915	0.02393	0.00423	0.00846
22	0.00777	0.00601	0.00710	0.00798	0.00910	0.00533	0.00555	0.00911	0.01335	0.01689	0.04800	0.47555	0.32790	0.01863	0.00799	0.00244	0.00355	0.01641	0.00600	0.00533
23	0.01011	0.00734	0.00999	0.01132	0.01288	0.00722	0.00982	0.01294	0.01486	0.01913	0.03760	0.07172	0.11231	0.01769	0.00878	0.00289	0.00566	0.61588	0.00596	0.00590
24	0.01796	0.05773	0.13979	0.01550	0.01894	0.01631	0.03317	0.03899	0.01350	0.19516	0.01386	0.01667	0.01078	0.02943	0.01368	0.00246	0.34751	0.00576	0.00422	0.00858
25	0.01447	0.05146	0.61460	0.01746	0.02606	0.03843	0.02154	0.06344	0.01482	0.03947	0.01230	0.01458	0.00897	0.02673	0.00682	0.00212	0.00920	0.00495	0.00315	0.00943
26	0.01599	0.01535	0.02623	0.03966	0.73262	0.01535	0.01983	0.01983	0.01471	0.02111	0.01215	0.01599	0.01023	0.00576	0.00640	0.00192	0.00768	0.00576	0.00320	0.01023
27	0.01577	0.01796	0.10787	0.03338	0.45757	0.01572	0.18984	0.04423	0.01527	0.02162	0.01244	0.01607	0.00993	0.00579	0.00667	0.00200	0.00866	0.00611	0.00328	0.00981
28	0.01656	0.01412	0.01489	0.01325	0.01699	0.01630	0.01035	0.07327	0.68121	0.02782	0.02568	0.02361	0.01922	0.00871	0.00657	0.00218	0.00523	0.00722	0.00657	0.01027
29	0.02414	0.03079	0.01831	0.01665	0.01998	0.74698	0.01248	0.02580	0.01831	0.01581	0.00999	0.01165	0.00832	0.00666	0.00583	0.00166	0.01165	0.00416	0.00333	0.00749
30	0.00787	0.00562	0.00750	0.00900	0.00937	0.00525	0.00600	0.00900	0.01237	0.01649	0.03561	0.76871	0.04274	0.02024	0.00825	0.00262	0.00375	0.01837	0.00600	0.00525
31	0.01248	0.00644	0.00649	0.00633	0.00796	0.00651	0.00479	0.03930	0.01414	0.02467	0.02088	0.02379	0.01637	0.00754	0.00458	0.00152	0.00315	0.00602	0.78085	0.00620
32	0.05434	0.01057	0.01411	0.01103	0.01561	0.00930	0.00904	0.02896	0.01821	0.63532	0.10122	0.02444	0.02056	0.00849	0.00653	0.00200	0.00522	0.00696	0.00776	0.01033
33	0.02456	0.01810	0.01939	0.01487	0.02004	0.02004	0.01228	0.71107	0.03038	0.04072	0.01551	0.01551	0.01099	0.00776	0.00646	0.00194	0.00711	0.00582	0.00646	0.01099
34	0.00808	0.00582	0.00765	0.00876	0.00940	0.00540	0.00598	0.00954	0.01344	0.01810	0.15245	0.62294	0.07061	0.01893	0.00812	0.00251	0.00361	0.01708	0.00618	0.00540
35	0.01727	0.77681	0.03386	0.01106	0.01658	0.02557	0.01106	0.01935	0.01313	0.01520	0.00898	0.01036	0.00829	0.00553	0.00415	0.00138	0.00691	0.00345	0.00276	0.00829
36	0.00914	0.00660	0.00864	0.00813	0.00965	0.00610	0.00610	0.01219	0.01829	0.02591	0.72921	0.04827	0.06097	0.01321	0.00762	0.00203	0.00305	0.01169	0.00711	0.00610
37	0.01390	0.03391	0.02049	0.40391	0.03290	0.05290	0.08475	0.01956	0.10860	0.01829	0.01387	0.03891	0.01120	0.00753	0.00811	0.00217	0.09001	0.00630	0.00354	0.02914
38	0.01652	0.01414	0.01520	0.01401	0.03786	0.01626	0.01062	0.06951	0.66401	0.02758	0.02532	0.02342	0.01899	0.00863	0.00656	0.00217	0.00529	0.00718	0.00647	0.01027
39	0.01661	0.01415	0.01491	0.01326	0.01701	0.01632	0.01036	0.07701	0.67739	0.02789	0.02562	0.02356	0.01917	0.00870	0.00657	0.00218	0.00524	0.00721	0.00657	0.01028
40	0.01825	0.05381	0.11869	0.06946	0.24945	0.01506	0.04089	0.06089	0.12878	0.15458	0.01682	0.01791	0.01236	0.00683	0.00635	0.00199	0.00723	0.00597	0.00469	0.00998
41	0.01359	0.02969	0.59224	0.02280	0.17340	0.01508	0.02304	0.02033	0.01386	0.02060	0.01171	0.01413	0.00861	0.00606	0.00619	0.00202	0.00916	0.00498	0.00283	0.00969
42	0.00787	0.00562	0.00750	0.00900	0.00937	0.00525	0.00600	0.00900	0.01237	0.01649	0.03561	0.76871	0.04274	0.02024	0.00825	0.00262	0.00375	0.01837	0.00600	0.00525
43	0.00787	0.00562	0.00750	0.00900	0.00937	0.00525	0.00600	0.00900	0.01237	0.01649	0.03561	0.76871	0.04274	0.02024	0.00825	0.00262	0.00375	0.01837	0.00600	0.00525
44	0.01629	0.08783	0.21353	0.12781	0.20754	0.01651	0.01791	0.09650	0.03314	0.05964	0.01284	0.01540	0.00981	0.00667	0.00700	0.00200	0.05116	0.00537	0.00366	0.00938
45	0.00785	0.00573	0.00739	0.00872	0.00930	0.00527	0.00587	0.00903	0.01264	0.01660	0.03903	0.68788	0.12136	0.01980	0.00818	0.00257	0.00369	0.01783	0.00600	0.00527
46	0.01555	0.00800	0.01067	0.00925	0.01187	0.00718	0.00720	0.01837	0.01818	0.25667	0.48053	0.06058	0.04583	0.01172	0.00727	0.00204	0.00386	0.01019	0.00737	0.00766
47	0.01578	0.44575	0.32154	0.01420	0.02136	0.02105	0.01634	0.04479	0.01396	0.01827	0.01029	0.01189	0.00835	0.00586	0.00504	0.00167	0.00800	0.00408	0.00288	0.00890
48	0.01499	0.09457	0.01785	0.01420	0.06172	0.01335	0.08229	0.02298	0.24610	0.08793	0.15987	0.03025	0.10744	0.00954	0.00673	0.00204	0.00550	0.00832	0.00577	0.00859
49	0.00800	0.00576	0.00758	0.00882	0.00938	0.00534	0.00597	0.00934	0.01307	0.01751	0.10897	0.66811	0.06946	0.01937	0.00816	0.00255	0.00366	0.01750	0.00611	0.00534
50	0.81856	0.01250	0.00950	0.00850	0.01250	0.01449	0.00700	0.01899	0.01100	0.02899	0.00900	0.01050	0.00700	0.00600	0.00400	0.00200	0.00500	0.00350	0.00400	0.00700
51	0.01420	0.01146	0.01348	0.00967	0.01537	0.00866	0.00775	0.01706	0.01366	0.05802	0.01221	0.01384	0.00990	0.00495	0.00487	0.00101	0.00482	0.00397	0.00404	0.77105
52	0.01256	0.01241	0.03442	0.01550	0.07948	0.07684	0.01152	0.01487	0.01161	0.01617	0.03029	0.02055	0.01371	0.02905	0.38425	0.00642	0.21396	0.00629	0.00332	0.00678
53	0.00780	0.00655	0.00677	0.00672	0.00883	0.00552	0.00504	0.00959	0.01511	0.01837	0.13743	0.06067	0.65745	0.01602	0.00763	0.00217	0.00325	0.01343	0.00612	0.00552
54	0.01204	0.00602	0.00602	0.00602	0.00753	0.00602	0.00452	0.01506	0.01355	0.02409	0.02108	0.02409	0.01656	0.00753	0.00452	0.00151	0.00301	0.00602	0.80879	0.00602
55	0.00789	0.00576	0.00743	0.00870	0.00931	0.00530	0.00588	0.00914	0.01283	0.01693	0.06300	0.66701	0.11789	0.01958	0.00816	0.00256	0.00367	0.01762	0.00604	0.00530
56	0.00814	0.00577	0.00754	0.00871	0.00914	0.00543	0.00578	0.00931	0.01254	0.01685	0.09155	0.63012	0.04216	0.10127	0.01087	0.00297	0.00396	0.01684	0.00586	0.00517
57	0.01599	0.01535	0.02623	0.03966	0.73262	0.01535	0.01983	0.01983	0.01471	0.02111	0.01215	0.01599	0.01023	0.00576	0.00640	0.00192	0.00768	0.00576	0.00320	0.01023
58	0.01607	0.01388	0.01461	0.01315	0.01680	0.01607	0.01023	0.03433	0.72094	0.02703	0.02630	0.02411	0.01972	0.00877	0.00657	0.00219	0.00511	0.00731	0.00657	0.01023
59	0.01414	0.01414	0.01979	0.01696	0.01696	0.01979	0.01414	0.01555	0.00990	0.01555	0.00848	0.01414	0.00848	0.01131	0.02120	0.00283	0.76110	0.00565	0.00283	0.00707
60	0.00882	0.00659	0.00819	0.00779	0.00945	0.00596	0.00584	0.01157	0.01752	0.02409	0.58655	0.05126	0.20476	0.01389	0.00762	0.00206	0.00310	0.01210	0.00687	0.00596
61	0.01727	0.77681	0.03386	0.01106	0.01658	0.02557	0.01106	0.01935	0.01313	0.01520	0.00898	0.01036	0.00829	0.00553	0.00415	0.00138	0.00691	0.00345	0.00276	0.00829
62	0.00764	0.00655	0.00655	0.00655	0.00873	0.00545	0.00491	0.00927	0.01473	0.01745	0.06546	0.06218	0.73000	0.01636	0.00764	0.00218	0.00327	0.01364	0.00600	0.00545
63	0.00790	0.00584	0.00739	0.00852	0.00927	0.00533	0.00581	0.00922	0.01311	0.01718	0.07919	0.60460	0.16465	0.01917	0.00811	0.00251	0.00363	0.01717	0.00606	0.00533
64	0.01754	0.26500	0.10908	0.01359	0.01895	0.01937	0.03117	0.16416	0.20737	0.02481	0.03463	0.01679	0.01338	0.00711	0.00571	0.00182	0.00673	0.00547	0.00470	0.03263
65	0.01727	0.77681	0.03386	0.01106	0.01658	0.02557	0.01106	0.01935	0.01313	0.01520	0.00898	0.01036	0.00829	0.00553	0.00415	0.00138	0.00691	0.00345	0.00276	0.00829
66	0.00940	0.00626	0.00705	0.00705	0.00705	0.00626	0.00392	0.00940	0.00940	0.01253	0.02036	0.04228	0.02349	0.77292	0.03289	0.00626	0.00626	0.00940	0.00392	0.00392
67	0.02153	0.09127	0.01950	0.01402	0.01882	0.01950	0.01160	0.45878	0.21699	0.03449	0.01781	0.01735	0.01311	0.00781	0.00627	0.00195	0.00655	0.00599	0.00613	0.01052
68	0.00965	0.00706	0.00944	0.01023	0.01156	0.00714	0.00835	0.01193	0.01327	0.01735	0.03352	0.05802	0.12956	0.11845	0.15951	0.00476	0.00788	0.37153	0.00520	0.00559
69	0.01362	0.08936	0.60715	0.02015	0.10348	0.01587	0.02244	0.02031	0.01372	0.02012	0.01145	0.01364	0.00842	0.00605	0.00601	0.00198	0.00914	0.00478	0.00278	0.00953
70	0.60966	0.01431	0.01197	0.01102	0.03913	0.05597	0.00853	0.09541	0.05841	0.02913	0.01096	0.01215	0.00842	0.00639	0.00461	0.00198	0.00570	0.00411	0.00436	0.00777
71	0.01607	0.01388	0.01461	0.01315	0.01680	0.01607	0.01023	0.03433	0.72094	0.02703	0.02630	0.02411	0.01972	0.00877	0.00657	0.00219	0.00511	0.00731	0.00657	0.01023
72	0.00883	0.00659	0.00820	0.00780	0.00946	0.00596	0.00585	0.01159	0.01755	0.02416	0.59159	0.05115	0.19968	0.01386	0.00762	0.00206	0.00309	0.01209	0.00688	0.00596
73	0.01510	0.01627	0.10149	0.03268	0.53841	0.01411	0.03665	0.01918	0.01490	0.03877	0.05453	0.02038	0.05496	0.00687	0.00654	0.00196	0.00740	0.00650	0.00364	0.00963
74	0.01340	0.01148	0.01340	0.00957	0.01531	0.00861	0.00766	0.01627	0.01340	0.02105	0.01148	0.01340	0.00957	0.00479	0.00479	0.00096	0.00479	0.00383	0.00383	0.81242
75	0.00787	0.00562	0.00750	0.00900	0.00937	0.00525	0.00600	0.00900	0.01237	0.01649	0.03561	0.76871	0.04274	0.02024	0.00825	0.00262	0.00375	0.01837	0.00600	0.00525
76	0.01520	0.01453	0.02507	0.03546	0.61015	0.01441	0.06182	0.01906	0.01513	0.02160	0.08996	0.01958	0.01571	0.00655	0.00661	0.00195	0.00738	0.00652	0.00363	0.00969
77	0.01629	0.02617	0.47164	0.01964	0.06651	0.01424	0.11844	0.02241	0.01479	0.14711	0.01429	0.01579	0.00991	0.00635	0.00643	0.00205	0.00892	0.00554	0.00376	0.00972
78	0.00810	0.00579	0.00776	0.00926	0.00973	0.00544	0.00639	0.00939	0.01259	0.01675	0.03549	0.70656	0.04224	0.02003	0.00831	0.00266	0.00395	0.07828	0.00599	0.00531
79	0.02772	0.01303	0.01625	0.01246	0.01751	0.01251	0.01029	0.22579	0.02189	0.53799	0.02264	0.02014	0.01456	0.00793	0.00649	0.00198	0.00596	0.00630	0.00756	0.01099
80	0.02154	0.01500	0.10088	0.04159	0.21564	0.01233	0.03269	0.05590	0.01703	0.35259	0.03556	0.03942	0.01468	0.00750	0.00653	0.00201	0.00676	0.00651	0.00567	0.01019
81	0.01599	0.01535	0.02623	0.03966	0.73262	0.01535	0.01983	0.01983	0.01471	0.02111	0.01215	0.01599	0.01023	0.00576	0.00640	0.00192	0.00768	0.00576	0.00320	0.01023
82	0.01285	0.01220	0.01711	0.01502	0.01526	0.01659	0.01228	0.01436	0.00996	0.01525	0.01099	0.01814	0.01095	0.06572	0.16850	0.00456	0.56446	0.00614	0.00302	0.00661
83	0.02064	0.02463	0.02025	0.12415	0.18470	0.48017	0.01490	0.02317	0.01675	0.01711	0.01068	0.01340	0.00880	0.00643	0.00604	0.00179	0.01033	0.00474	0.00324	0.00807
84	0.00940	0.00626	0.00705	0.00705	0.00705	0.00626	0.00392	0.00940	0.00940	0.01253	0.02036	0.04228	0.02349	0.77292	0.03289	0.00626	0.00626	0.00940	0.00392	0.00392
85	0.00861	0.00615	0.00834	0.00984	0.01053	0.00588	0.00727	0.01027	0.01309	0.01732	0.03521	0.56744	0.04113	0.01955	0.00844	0.00273	0.00439	0.21239	0.00598	0.00545
86	0.00766	0.00644	0.00665	0.00682	0.00880	0.00543	0.00503	0.00924	0.01446	0.01735	0.06205	0.14269	0.65168	0.01681	0.00771	0.00223	0.00333	0.01418	0.00600	0.00543
87	0.00940	0.00626	0.00705	0.00705	0.00705	0.00626	0.00392	0.00940	0.00940	0.01253	0.02036	0.04228	0.02349	0.77292	0.03289	0.00626	0.00626	0.00940	0.00392	0.00392
88	0.01296	0.03342	0.73944	0.01842	0.02797	0.01501	0.02387	0.02046	0.01364	0.02046	0.01160	0.01364	0.00818	0.00614	0.00614	0.00205	0.00955	0.00477	0.00273	0.00955
89	0.01727	0.77681	0.03386	0.01106	0.01658	0.02557	0.01106	0.01935	0.01313	0.01520	0.00898	0.01036	0.00829	0.00553	0.00415	0.00138	0.00691	0.00345	0.00276	0.00829
90	0.01220	0.01148	0.01938	0.75739	0.04450	0.01436	0.01794	0.01651	0.01292	0.01651	0.01148	0.01723	0.00861	0.00646	0.00646	0.00215	0.00861	0.00574	0.00287	0.00718
91	0.01599	0.01535	0.02623	0.03966	0.73262	0.01535	0.01983	0.01983	0.01471	0.02111	0.01215	0.01599	0.01023	0.00576	0.00640	0.00192	0.00768	0.00576	0.00320	0.01023
92	0.00940	0.00626	0.00705	0.00705	0.00705	0.00626	0.00392	0.00940	0.00940	0.01253	0.02036	0.04228	0.02349	0.77292	0.03289	0.00626	0.00626	0.00940	0.00392	0.00392
93	0.02899	0.01100	0.01499	0.01150	0.01649	0.00950	0.00950	0.03149	0.01849	0.73709	0.02549	0.02199	0.01599	0.00800	0.00650	0.00200	0.00550	0.00650	0.00800	0.01100
94	0.01727	0.77681	0.03386	0.01106	0.01658	0.02557	0.01106	0.01935	0.01313	0.01520	0.00898	0.01036	0.00829	0.00553	0.00415	0.00138	0.00691	0.00345	0.00276	0.00829
95	0.00764	0.00655	0.00655	0.00655	0.00873	0.00545	0.00491	0.00927	0.01473	0.01745	0.06546	0.06218	0.73000	0.01636	0.00764	0.00218	0.00327	0.01364	0.00600	0.00545
96	0.81856	0.01250	0.00950	0.00850	0.01250	0.01449	0.00700	0.01899	0.01100	0.02899	0.00900	0.01050	0.00700	0.00600	0.00400	0.00200	0.00500	0.00350	0.00400	0.00700
97	0.02418	0.02942	0.01843	0.01645	0.01998	0.66816	0.01246	0.10010	0.01962	0.01851	0.01059	0.01207	0.00861	0.00678	0.00590	0.00169	0.01116	0.00434	0.00367	0.00787
98	0.01607	0.01388	0.01461	0.01315	0.01680	0.01607	0.01023	0.03433	0.72094	0.02703	0.02630	0.02411	0.01972	0.00877	0.00657	0.00219	0.00511	0.00731	0.00657	0.01023
99	0.00914	0.00660	0.00864	0.00813	0.00965	0.00610	0.00610	0.01219	0.01829	0.02591	0.72921	0.04827	0.06097	0.01321	0.00762	0.00203	0.00305	0.01169	0.00711	0.00610
100	0.01591	0.01558	0.02752	0.03831	0.65684	0.01546	0.09457	0.01992	0.01477	0.02106	0.01225	0.01615	0.01019	0.00572	0.00653	0.00195	0.00802	0.00596	0.00321	0.01007
101	0.00855	0.00655	0.00883	0.00986	0.01019	0.00683	0.00688	0.00971	0.01210	0.01639	0.03267	0.68689	0.03902	0.01927	0.00965	0.00265	0.08587	0.01699	0.00565	0.00545
102	0.01525	0.01743	0.03813	0.02723	0.03377	0.01634	0.70915	0.02070	0.01525	0.02070	0.01307	0.01743	0.00980	0.00545	0.00763	0.00218	0.01089	0.00763	0.00327	0.00871
103	0.00923	0.00692	0.01038	0.01038	0.01154	0.00808	0.00808	0.01154	0.01038	0.01500	0.01731	0.02538	0.01615	0.04846	0.74732	0.01038	0.01731	0.00692	0.00346	0.00577
104	0.02272	0.09905	0.02008	0.01462	0.03951	0.01899	0.01182	0.45874	0.12479	0.09844	0.01714	0.01677	0.01236	0.00762	0.00623	0.00192	0.00668	0.00583	0.00612	0.01057
105	0.02496	0.01745	0.01899	0.01456	0.01972	0.01908	0.01203	0.64929	0.02930	0.10403	0.01642	0.01610	0.01144	0.00778	0.00647	0.00194	0.00696	0.00588	0.00660	0.01099
106	0.81856	0.01250	0.00950	0.00850	0.01250	0.01449	0.00700	0.01899	0.01100	0.02899	0.00900	0.01050	0.00700	0.00600	0.00400	0.00200	0.00500	0.00350	0.00400	0.00700
107	0.00898	0.00662	0.00840	0.00802	0.00963	0.00605	0.00606	0.01183	0.01771	0.02458	0.61967	0.05085	0.15084	0.01377	0.00766	0.00208	0.00316	0.03116	0.00693	0.00601
108	0.00953	0.00736	0.01095	0.01078	0.01187	0.00879	0.00844	0.01178	0.01035	0.01503	0.01677	0.02470	0.01569	0.04621	0.70339	0.00993	0.06230	0.00685	0.00342	0.00585
109	0.01446	0.01453	0.04389	0.30470	0.41914	0.01503	0.05756	0.01866	0.01405	0.01936	0.01194	0.01647	0.00955	0.00601	0.00648	0.00202	0.00825	0.00583	0.00307	0.00900
110	0.00764	0.00655	0.00655	0.00655	0.00873	0.00545	0.00491	0.00927	0.01473	0.01745	0.06546	0.06218	0.73000	0.01636	0.00764	0.00218	0.00327	0.01364	0.00600	0.00545
111	0.02255	0.01007	0.01329	0.01066	0.01458	0.00909	0.00861	0.06731	0.01916	0.47304	0.24375	0.02976	0.02967	0.00960	0.00684	0.00201	0.00484	0.00807	0.00763	0.00947
112	0.01469	0.02963	0.50974	0.02047	0.04750	0.09463	0.15148	0.02107	0.01448	0.02002	0.01171	0.01420	0.00856	0.00605	0.00639	0.00203	0.00998	0.00527	0.00291	0.00919
113	0.01122	0.00561	0.00842	0.00842	0.00842	0.00561	0.00561	0.00842	0.00842	0.01122	0.01122	0.01964	0.01122	0.02245	0.02525	0.81201	0.00561	0.00561	0.00281	0.00281
114	0.02849	0.01181	0.01550	0.01188	0.01690	0.01070	0.00981	0.10893	0.01985	0.65773	0.02435	0.02125	0.01542	0.00797	0.00649	0.00199	0.00568	0.00642	0.00782	0.01100
115	0.01693	0.69411	0.03233	0.01170	0.01662	0.02494	0.01139	0.01894	0.01278	0.01524	0.00893	0.01077	0.00831	0.00615	0.00600	0.00154	0.08869	0.00369	0.00277	0.00816
116	0.00766	0.00645	0.00665	0.00681	0.00880	0.00543	0.00503	0.00924	0.01447	0.01735	0.06222	0.13879	0.65548	0.01678	0.00770	0.00223	0.00332	0.01415	0.00600	0.00543
117	0.01532	0.01309	0.01396	0.01260	0.01603	0.01499	0.00978	0.03193	0.64476	0.02691	0.10251	0.02673	0.02420	0.00925	0.00669	0.00217	0.00489	0.00778	0.00663	0.00978
118	0.02326	0.02896	0.01791	0.01627	0.01963	0.66773	0.01224	0.02673	0.09450	0.01703	0.01176	0.01300	0.00956	0.00689	0.00591	0.00172	0.01094	0.00450	0.00368	0.00779
119	0.02684	0.01052	0.01431	0.01113	0.01575	0.00913	0.00913	0.02940	0.01847	0.65998	0.10179	0.02484	0.02087	0.00856	0.00662	0.00200	0.00523	0.00706	0.00790	0.01046
120	0.01414	0.01414	0.01979	0.01696	0.01696	0.01979	0.01414	0.01555	0.00990	0.01555	0.00848	0.01414	0.00848	0.01131	0.02120	0.00283	0.76110	0.00565	0.00283	0.00707
121	0.81856	0.01250	0.00950	0.00850	0.01250	0.01449	0.00700	0.01899	0.01100	0.02899	0.00900	0.01050	0.00700	0.00600	0.00400	0.00200	0.00500	0.00350	0.00400	0.00700
122	0.00900	0.00660	0.00844	0.00798	0.00957	0.00604	0.00599	0.01192	0.01796	0.02512	0.66726	0.04956	0.12341	0.01350	0.00762	0.00205	0.00307	0.01187	0.00701	0.00604
123	0.01499	0.01279	0.01380	0.01219	0.01583	0.01413	0.00948	0.02985	0.56416	0.02625	0.10479	0.02570	0.02332	0.00884	0.00650	0.00204	0.00484	0.00743	0.00634	0.09674
124	0.81856	0.01250	0.00950	0.00850	0.01250	0.01449	0.00700	0.01899	0.01100	0.02899	0.00900	0.01050	0.00700	0.00600	0.00400	0.00200	0.00500	0.00350	0.00400	0.00700
125	0.01846	0.01460	0.07951	0.01211	0.01796	0.01149	0.02879	0.13739	0.01738	0.16953	0.01506	0.01563	0.01100	0.00608	0.00561	0.00146	0.00591	0.00489	0.00501	0.42216
126	0.79086	0.01269	0.00984	0.00872	0.01276	0.01469	0.00718	0.04314	0.01167	0.02940	0.00922	0.01067	0.00714	0.00606	0.00408	0.00200	0.00507	0.00358	0.00408	0.00714
127	0.00783	0.00655	0.00682	0.00675	0.00885	0.00554	0.00506	0.00965	0.01519	0.01855	0.15152	0.06038	0.64325	0.01595	0.00763	0.00216	0.00324	0.01338	0.00614	0.00554
128	0.00877	0.00649	0.00819	0.00798	0.00948	0.00591	0.00590	0.01139	0.01710	0.02358	0.55103	0.12854	0.16278	0.01446	0.00769	0.00212	0.00316	0.01271	0.00682	0.00591
129	0.02212	0.01450	0.02162	0.05644	0.08561	0.01455	0.14639	0.17900	0.08587	0.27673	0.01905	0.01909	0.01315	0.00725	0.00670	0.00204	0.00721	0.00653	0.00592	0.01022
130	0.81856	0.01250	0.00950	0.00850	0.01250	0.01449	0.00700	0.01899	0.01100	0.02899	0.00900	0.01050	0.00700	0.00600	0.00400	0.00200	0.00500	0.00350	0.00400	0.00700
131	0.00787	0.00562	0.00750	0.00900	0.00937	0.00525	0.00600	0.00900	0.01237	0.01649	0.03561	0.76871	0.04274	0.02024	0.00825	0.00262	0.00375	0.01837	0.00600	0.00525
132	0.01687	0.01703	0.02537	0.03716	0.65535	0.09468	0.01903	0.02048	0.01510	0.02053	0.01192	0.01552	0.01003	0.00585	0.00633	0.00189	0.00811	0.00558	0.00321	0.00994
133	0.01480	0.04367	0.19014	0.02186	0.02828	0.01474	0.41684	0.01996	0.01470	0.06147	0.01577	0.09808	0.01332	0.00736	0.00718	0.00216	0.00938	0.00795	0.00370	0.00864
134	0.14082	0.01121	0.01422	0.01107	0.01593	0.01020	0.00914	0.02972	0.01743	0.63680	0.02315	0.02036	0.01472	0.00771	0.00614	0.00200	0.00543	0.00607	0.00743	0.01043
135	0.02899	0.01100	0.01499	0.01150	0.01649	0.00950	0.00950	0.03149	0.01849	0.73709	0.02549	0.02199	0.01599	0.00800	0.00650	0.00200	0.00550	0.00650	0.00800	0.01100
136	0.01470	0.02451	0.37538	0.02337	0.11755	0.01524	0.23464	0.03815	0.01486	0.04009	0.01320	0.01696	0.01000	0.00628	0.00672	0.00209	0.00946	0.02416	0.00328	0.00936
137	0.01279	0.02864	0.58923	0.01660	0.02501	0.01374	0.02048	0.01978	0.03829	0.02054	0.01457	0.03897	0.03293	0.00685	0.00612	0.00196	0.00850	0.00547	0.00319	0.09636
138	0.01680	0.01318	0.01300	0.01141	0.01443	0.11397	0.00885	0.07965	0.18174	0.11812	0.29068	0.03058	0.03252	0.00994	0.00678	0.00199	0.00539	0.00826	0.03444	0.00829
139	0.01657	0.01371	0.01467	0.01286	0.01650	0.01557	0.01008	0.13171	0.54294	0.02893	0.10092	0.02546	0.02291	0.00910	0.00667	0.00214	0.00518	0.00756	0.00662	0.00989

[dist]
# distance from previous block
# <min> <max>
0	3

[block]
# block no. 1 follows, 34 sequences, length 32
# corresponding to MSA columns:
# 146-177
name=unknown_B
#
# <colnr> <probs for GDERKNQSTAVLIFYWHMCP>
#	G	D	E	R	K	N	Q	S	T	A	V	L	I	F	Y	W	H	M	C	P
0	0.10217	0.08704	0.05901	0.02342	0.23109	0.13031	0.13764	0.02207	0.08798	0.02101	0.01404	0.01628	0.02702	0.00643	0.00610	0.00193	0.00824	0.00569	0.00367	0.00887
1	0.01348	0.07995	0.61917	0.01888	0.02784	0.01583	0.09584	0.02042	0.01378	0.02015	0.01158	0.01383	0.00836	0.00603	0.00617	0.00202	0.00952	0.00499	0.00279	0.00938
2	0.01320	0.01145	0.01377	0.01026	0.01512	0.00964	0.00824	0.01593	0.01334	0.02078	0.05773	0.01574	0.01279	0.00602	0.00671	0.00123	0.08502	0.00453	0.00393	0.67456
3	0.01220	0.01148	0.01938	0.75739	0.04450	0.01436	0.01794	0.01651	0.01292	0.01651	0.01148	0.01723	0.00861	0.00646	0.00646	0.00215	0.00861	0.00574	0.00287	0.00718
4	0.74147	0.01235	0.01003	0.00879	0.01289	0.01401	0.00724	0.02021	0.01173	0.09813	0.01061	0.01162	0.00788	0.00619	0.00424	0.00200	0.00505	0.00379	0.00439	0.00739
5	0.01012	0.00619	0.00829	0.00926	0.01013	0.00570	0.00637	0.01139	0.01302	0.09305	0.03454	0.68938	0.03989	0.01894	0.00806	0.00256	0.00393	0.01711	0.00621	0.00586
6	0.00787	0.00562	0.00750	0.00900	0.00937	0.00525	0.00600	0.00900	0.01237	0.01649	0.03561	0.76871	0.04274	0.02024	0.00825	0.00262	0.00375	0.01837	0.00600	0.00525
7	0.01041	0.00744	0.01041	0.01190	0.01339	0.00744	0.01041	0.01339	0.01487	0.01934	0.03421	0.07288	0.03719	0.01785	0.00892	0.00297	0.00595	0.68913	0.00595	0.00595
8	0.00787	0.00562	0.00750	0.00900	0.00937	0.00525	0.00600	0.00900	0.01237	0.01649	0.03561	0.76871	0.04274	0.02024	0.00825	0.00262	0.00375	0.01837	0.00600	0.00525
9	0.02899	0.01100	0.01499	0.01150	0.01649	0.00950	0.00950	0.03149	0.01849	0.73709	0.02549	0.02199	0.01599	0.00800	0.00650	0.00200	0.00550	0.00650	0.00800	0.01100
10	0.01320	0.03172	0.66494	0.01935	0.02858	0.01515	0.09667	0.02049	0.01381	0.02049	0.01175	0.01404	0.00836	0.00607	0.00630	0.00206	0.00969	0.00508	0.00279	0.00946
11	0.00787	0.00562	0.00750	0.00900	0.00937	0.00525	0.00600	0.00900	0.01237	0.01649	0.03561	0.76871	0.04274	0.02024	0.00825	0.00262	0.00375	0.01837	0.00600	0.00525
12	0.02456	0.01810	0.01939	0.01487	0.02004	0.02004	0.01228	0.71107	0.03038	0.04072	0.01551	0.01551	0.01099	0.00776	0.00646	0.00194	0.00711	0.00582	0.00646	0.01099
13	0.02219	0.01581	0.01686	0.01319	0.01767	0.01739	0.01081	0.57938	0.02720	0.03757	0.01657	0.01714	0.01204	0.00771	0.00610	0.00186	0.00633	0.00586	0.15827	0.01005
14	0.01630	0.01518	0.02614	0.05826	0.66035	0.01517	0.04764	0.02017	0.01481	0.04538	0.01263	0.01629	0.01037	0.00584	0.00645	0.00194	0.00776	0.00586	0.00336	0.01011
15	0.81856	0.01250	0.00950	0.00850	0.01250	0.01449	0.00700	0.01899	0.01100	0.02899	0.00900	0.01050	0.00700	0.00600	0.00400	0.00200	0.00500	0.00350	0.00400	0.00700
16	0.02503	0.01736	0.01893	0.01451	0.01967	0.01894	0.01199	0.64002	0.02914	0.11353	0.01656	0.01619	0.01151	0.00778	0.00647	0.00195	0.00694	0.00589	0.00662	0.01099
17	0.00786	0.00569	0.00743	0.00883	0.00933	0.00526	0.00592	0.00902	0.01253	0.01656	0.03768	0.71979	0.09032	0.01997	0.00820	0.00259	0.00372	0.01804	0.00600	0.00526
18	0.02899	0.01100	0.01499	0.01150	0.01649	0.00950	0.00950	0.03149	0.01849	0.73709	0.02549	0.02199	0.01599	0.00800	0.00650	0.00200	0.00550	0.00650	0.00800	0.01100
19	0.01347	0.01269	0.01718	0.04532	0.01667	0.01692	0.01234	0.01696	0.09648	0.01663	0.01261	0.01920	0.01195	0.09412	0.06717	0.00358	0.50991	0.00634	0.00344	0.00704
20	0.81856	0.01250	0.00950	0.00850	0.01250	0.01449	0.00700	0.01899	0.01100	0.02899	0.00900	0.01050	0.00700	0.00600	0.00400	0.00200	0.00500	0.00350	0.00400	0.00700
21	0.01449	0.10306	0.54052	0.01985	0.09784	0.01588	0.04598	0.02079	0.01397	0.05210	0.01207	0.01407	0.00881	0.00610	0.00604	0.00197	0.00897	0.00492	0.00303	0.00953
22	0.00923	0.00692	0.01038	0.01038	0.01154	0.00808	0.00808	0.01154	0.01038	0.01500	0.01731	0.02538	0.01615	0.04846	0.74732	0.01038	0.01731	0.00692	0.00346	0.00577
23	0.01607	0.01388	0.01461	0.01315	0.01680	0.01607	0.01023	0.03433	0.72094	0.02703	0.02630	0.02411	0.01972	0.00877	0.00657	0.00219	0.00511	0.00731	0.00657	0.01023
24	0.01579	0.01716	0.12929	0.15251	0.24923	0.01511	0.13802	0.02089	0.04585	0.08281	0.01368	0.01688	0.01040	0.00657	0.00756	0.00210	0.05724	0.00606	0.00363	0.00921
25	0.65627	0.01554	0.11046	0.01188	0.06133	0.01462	0.01014	0.01925	0.01160	0.02731	0.00956	0.01128	0.00737	0.00600	0.00445	0.00200	0.00579	0.00382	0.00377	0.00756
26	0.01450	0.01184	0.01271	0.01156	0.01464	0.01336	0.00894	0.02863	0.52982	0.02653	0.14176	0.02809	0.02619	0.00937	0.00653	0.00209	0.00455	0.00789	0.09189	0.00910
27	0.00914	0.00660	0.00864	0.00813	0.00965	0.00610	0.00610	0.01219	0.01829	0.02591	0.72921	0.04827	0.06097	0.01321	0.00762	0.00203	0.00305	0.01169	0.00711	0.00610
28	0.05062	0.16678	0.46655	0.01747	0.02540	0.05412	0.09299	0.02049	0.01384	0.01967	0.01108	0.01320	0.00833	0.00597	0.00582	0.00192	0.00911	0.00475	0.00288	0.00901
29	0.00845	0.00681	0.00768	0.00812	0.01009	0.00604	0.00652	0.01048	0.01477	0.01801	0.05629	0.06532	0.52674	0.01680	0.00801	0.00241	0.00406	0.21181	0.00599	0.00560
30	0.02899	0.01100	0.01499	0.01150	0.01649	0.00950	0.00950	0.03149	0.01849	0.73709	0.02549	0.02199	0.01599	0.00800	0.00650	0.00200	0.00550	0.00650	0.00800	0.01100
31	0.01667	0.01688	0.02541	0.06900	0.60649	0.09306	0.03831	0.02034	0.01503	0.02033	0.01192	0.01563	0.00995	0.00588	0.00637	0.00191	0.00823	0.00564	0.00320	0.00976

[dist]
# distance from previous block
# <min> <max>
0	1

[block]
# block no. 2 follows, 34 sequences, length 17
# corresponding to MSA columns:
# 179-195
name=unknown_C
#
# <colnr> <probs for GDERKNQSTAVLIFYWHMCP>
#	G	D	E	R	K	N	Q	S	T	A	V	L	I	F	Y	W	H	M	C	P
0	0.01644	0.63285	0.17050	0.01248	0.01879	0.02352	0.01354	0.01956	0.01323	0.01622	0.00949	0.01100	0.00827	0.00565	0.00453	0.00151	0.00742	0.00371	0.00276	0.00854
1	0.01745	0.01558	0.02389	0.03249	0.53824	0.01573	0.01741	0.15341	0.01764	0.02490	0.01275	0.01570	0.01033	0.00607	0.00628	0.00185	0.00734	0.00562	0.00388	0.07343
2	0.01864	0.36954	0.15409	0.01478	0.02051	0.19646	0.04730	0.07553	0.01592	0.01855	0.01040	0.01200	0.00857	0.00608	0.00525	0.00165	0.00873	0.00424	0.00321	0.00855
3	0.00940	0.00626	0.00705	0.00705	0.00705	0.00626	0.00392	0.00940	0.00940	0.01253	0.02036	0.04228	0.02349	0.77292	0.03289	0.00626	0.00626	0.00940	0.00392	0.00392
4	0.00914	0.00660	0.00864	0.00813	0.00965	0.00610	0.00610	0.01219	0.01829	0.02591	0.72921	0.04827	0.06097	0.01321	0.00762	0.00203	0.00305	0.01169	0.00711	0.00610
5	0.01225	0.00748	0.00867	0.00816	0.01060	0.00654	0.00632	0.01405	0.01497	0.15656	0.04990	0.05372	0.44636	0.08683	0.00996	0.00262	0.00429	0.08810	0.00618	0.00644
6	0.81856	0.01250	0.00950	0.00850	0.01250	0.01449	0.00700	0.01899	0.01100	0.02899	0.00900	0.01050	0.00700	0.00600	0.00400	0.00200	0.00500	0.00350	0.00400	0.00700
7	0.00940	0.00626	0.00705	0.00705	0.00705	0.00626	0.00392	0.00940	0.00940	0.01253	0.02036	0.04228	0.02349	0.77292	0.03289	0.00626	0.00626	0.00940	0.00392	0.00392
8	0.00764	0.00655	0.00655	0.00655	0.00873	0.00545	0.00491	0.00927	0.01473	0.01745	0.06546	0.06218	0.73000	0.01636	0.00764	0.00218	0.00327	0.01364	0.00600	0.00545
9	0.02863	0.01158	0.01535	0.01177	0.01678	0.01036	0.00972	0.08689	0.01946	0.68032	0.02468	0.02146	0.01559	0.00798	0.00649	0.00199	0.00563	0.00644	0.00787	0.01100
10	0.01525	0.01743	0.03813	0.02723	0.03377	0.01634	0.70915	0.02070	0.01525	0.02070	0.01307	0.01743	0.00980	0.00545	0.00763	0.00218	0.01089	0.00763	0.00327	0.00871
11	0.04548	0.01672	0.02074	0.29568	0.12955	0.11385	0.04807	0.20759	0.01869	0.02428	0.01246	0.01562	0.00945	0.00668	0.00634	0.00199	0.00846	0.00557	0.00401	0.00875
12	0.05513	0.55620	0.02920	0.15564	0.02196	0.02260	0.01225	0.05132	0.01380	0.01732	0.00978	0.01194	0.00842	0.00584	0.00470	0.00159	0.00716	0.00401	0.00302	0.00814
13	0.01081	0.01240	0.15145	0.01287	0.01592	0.00880	0.01268	0.01466	0.01490	0.02007	0.08446	0.05948	0.03344	0.01522	0.00828	0.00272	0.00642	0.50335	0.00542	0.00666
14	0.66566	0.01221	0.01056	0.00908	0.01327	0.01353	0.00748	0.02141	0.01245	0.16612	0.01219	0.01272	0.00874	0.00639	0.00448	0.00200	0.00510	0.00408	0.00477	0.00777
15	0.66316	0.01276	0.01049	0.00940	0.01333	0.01480	0.00762	0.02196	0.14848	0.02861	0.01235	0.01313	0.00946	0.00653	0.00450	0.00204	0.00502	0.00424	0.00450	0.00762
16	0.01311	0.01242	0.02103	0.58453	0.21023	0.01460	0.01840	0.01731	0.01335	0.01762	0.01165	0.01693	0.00900	0.00629	0.00644	0.00210	0.00839	0.00575	0.00295	0.00791

[dist]
# distance from previous block
# <min> <max>
0	5

[block]
# block no. 3 follows, 34 sequences, length 72
# corresponding to MSA columns:
# 201-272
name=unknown_D
#
# <colnr> <probs for GDERKNQSTAVLIFYWHMCP>
#	G	D	E	R	K	N	Q	S	T	A	V	L	I	F	Y	W	H	M	C	P
0	0.01498	0.37799	0.25450	0.01301	0.01915	0.01844	0.01431	0.01931	0.02976	0.04205	0.12274	0.01798	0.01695	0.00707	0.00545	0.00173	0.00707	0.00534	0.00368	0.00848
1	0.01570	0.05308	0.56963	0.01754	0.02610	0.01455	0.05487	0.02215	0.01446	0.13176	0.01374	0.01502	0.00948	0.00637	0.00620	0.00202	0.00890	0.00514	0.00358	0.00969
2	0.69508	0.01337	0.01104	0.00949	0.01367	0.01536	0.00782	0.12663	0.01401	0.03081	0.01001	0.01128	0.00762	0.00627	0.00438	0.00199	0.00533	0.00386	0.00438	0.00762
3	0.01046	0.00837	0.01036	0.12507	0.01465	0.04173	0.00759	0.01182	0.01061	0.01395	0.01770	0.03250	0.01854	0.42639	0.21733	0.00651	0.00981	0.00793	0.00361	0.00508
4	0.01727	0.77681	0.03386	0.01106	0.01658	0.02557	0.01106	0.01935	0.01313	0.01520	0.00898	0.01036	0.00829	0.00553	0.00415	0.00138	0.00691	0.00345	0.00276	0.00829
5	0.01122	0.00561	0.00842	0.00842	0.00842	0.00561	0.00561	0.00842	0.00842	0.01122	0.01122	0.01964	0.01122	0.02245	0.02525	0.81201	0.00561	0.00561	0.00281	0.00281
6	0.00786	0.00567	0.00745	0.00888	0.00934	0.00526	0.00594	0.00901	0.01249	0.01654	0.03708	0.73401	0.07648	0.02005	0.00822	0.00260	0.00373	0.01814	0.00600	0.00526
7	0.00768	0.00655	0.00660	0.00659	0.00875	0.00547	0.00494	0.00935	0.01483	0.01769	0.08409	0.06179	0.71121	0.01628	0.00764	0.00218	0.00327	0.01358	0.00603	0.00547
8	0.01002	0.00716	0.00996	0.01145	0.01276	0.00710	0.00973	0.01270	0.01448	0.01889	0.03443	0.18110	0.03805	0.01822	0.00882	0.00292	0.00561	0.58481	0.00596	0.00584
9	0.01607	0.01388	0.01461	0.01315	0.01680	0.01607	0.01023	0.03433	0.72094	0.02703	0.02630	0.02411	0.01972	0.00877	0.00657	0.00219	0.00511	0.00731	0.00657	0.01023
10	0.01340	0.01148	0.01340	0.00957	0.01531	0.00861	0.00766	0.01627	0.01340	0.02105	0.01148	0.01340	0.00957	0.00479	0.00479	0.00096	0.00479	0.00383	0.00383	0.81242
11	0.81856	0.01250	0.00950	0.00850	0.01250	0.01449	0.00700	0.01899	0.01100	0.02899	0.00900	0.01050	0.00700	0.00600	0.00400	0.00200	0.00500	0.00350	0.00400	0.00700
12	0.00914	0.00660	0.00864	0.00813	0.00965	0.00610	0.00610	0.01219	0.01829	0.02591	0.72921	0.04827	0.06097	0.01321	0.00762	0.00203	0.00305	0.01169	0.00711	0.00610
13	0.65676	0.01316	0.01078	0.00936	0.01348	0.04968	0.00766	0.02127	0.01252	0.13847	0.01161	0.01234	0.00846	0.00634	0.00448	0.00198	0.00540	0.00400	0.00459	0.00764
14	0.00784	0.00577	0.00735	0.00862	0.00927	0.00528	0.00583	0.00904	0.01274	0.01664	0.04025	0.65883	0.14962	0.01964	0.00815	0.00256	0.00367	0.01763	0.00600	0.00528
15	0.14175	0.63251	0.05421	0.01091	0.01634	0.02348	0.01086	0.01933	0.01281	0.01753	0.00907	0.01050	0.00809	0.00562	0.00419	0.00150	0.00670	0.00351	0.00295	0.00813
16	0.01527	0.56993	0.11227	0.01122	0.01670	0.02120	0.01160	0.01791	0.01344	0.01617	0.01807	0.01881	0.12052	0.00728	0.00492	0.00158	0.00665	0.00519	0.00326	0.00800
17	0.01601	0.01508	0.02411	0.03482	0.60203	0.01548	0.01808	0.02248	0.14355	0.02219	0.01473	0.01747	0.01197	0.00631	0.00643	0.00197	0.00721	0.00604	0.00381	0.01023
18	0.79140	0.01269	0.00984	0.00871	0.01275	0.01468	0.00718	0.04267	0.01166	0.02939	0.00922	0.01067	0.00713	0.00606	0.00408	0.00200	0.00507	0.00358	0.00408	0.00713
19	0.01727	0.77681	0.03386	0.01106	0.01658	0.02557	0.01106	0.01935	0.01313	0.01520	0.00898	0.01036	0.00829	0.00553	0.00415	0.00138	0.00691	0.00345	0.00276	0.00829
20	0.21785	0.01310	0.01475	0.01160	0.01640	0.01329	0.00958	0.19563	0.01961	0.39546	0.01907	0.01763	0.01260	0.00746	0.00589	0.00198	0.00577	0.00561	0.00666	0.01003
21	0.00787	0.00562	0.00750	0.00900	0.00937	0.00525	0.00600	0.00900	0.01237	0.01649	0.03561	0.76871	0.04274	0.02024	0.00825	0.00262	0.00375	0.01837	0.00600	0.00525
22	0.81856	0.01250	0.00950	0.00850	0.01250	0.01449	0.00700	0.01899	0.01100	0.02899	0.00900	0.01050	0.00700	0.00600	0.00400	0.00200	0.00500	0.00350	0.00400	0.00700
23	0.01525	0.01743	0.03813	0.02723	0.03377	0.01634	0.70915	0.02070	0.01525	0.02070	0.01307	0.01743	0.00980	0.00545	0.00763	0.00218	0.01089	0.00763	0.00327	0.00871
24	0.01525	0.01743	0.03813	0.02723	0.03377	0.01634	0.70915	0.02070	0.01525	0.02070	0.01307	0.01743	0.00980	0.00545	0.00763	0.00218	0.01089	0.00763	0.00327	0.00871
25	0.00923	0.00692	0.01038	0.01038	0.01154	0.00808	0.00808	0.01154	0.01038	0.01500	0.01731	0.02538	0.01615	0.04846	0.74732	0.01038	0.01731	0.00692	0.00346	0.00577
26	0.01279	0.01209	0.02044	0.64577	0.15152	0.01451	0.01824	0.01703	0.01320	0.01722	0.01159	0.01703	0.00887	0.00635	0.00645	0.00212	0.00847	0.00574	0.00292	0.00765
27	0.01714	0.01476	0.01519	0.01342	0.01721	0.03650	0.01049	0.10128	0.63314	0.02808	0.02478	0.02291	0.01854	0.00861	0.00654	0.00215	0.00549	0.00707	0.00647	0.01023
28	0.00981	0.00736	0.00938	0.00835	0.01053	0.00649	0.00634	0.01283	0.01753	0.02516	0.61759	0.04284	0.05297	0.01190	0.00718	0.00186	0.00332	0.01046	0.00660	0.13150
29	0.01720	0.47041	0.21554	0.01373	0.02006	0.09715	0.01460	0.05262	0.01460	0.01783	0.01007	0.01159	0.00839	0.00591	0.00495	0.00161	0.00810	0.00398	0.00299	0.00866
30	0.01467	0.39239	0.28151	0.01381	0.02014	0.01899	0.01552	0.01882	0.01358	0.01772	0.01384	0.02126	0.01275	0.00766	0.00560	0.00187	0.00770	0.11056	0.00325	0.00838
31	0.01223	0.00729	0.00963	0.00865	0.01072	0.00663	0.00663	0.01519	0.01832	0.13651	0.61976	0.04418	0.05397	0.01240	0.00745	0.00203	0.00343	0.01088	0.00725	0.00686
32	0.00921	0.00674	0.00868	0.00860	0.01015	0.00627	0.00668	0.01201	0.01706	0.02345	0.51325	0.05405	0.13048	0.03379	0.00850	0.00232	0.00367	0.13245	0.00670	0.00594
33	0.02281	0.01951	0.13128	0.01533	0.02117	0.01779	0.03394	0.48567	0.04295	0.11991	0.01629	0.01626	0.01133	0.00749	0.00645	0.00198	0.00736	0.00583	0.00598	0.01068
34	0.20759	0.05914	0.01549	0.12782	0.02024	0.05727	0.01082	0.02647	0.34390	0.04076	0.01790	0.01823	0.01356	0.00742	0.00576	0.00206	0.00612	0.00573	0.00501	0.00873
35	0.78241	0.01275	0.00995	0.00879	0.01284	0.01475	0.00724	0.05050	0.01188	0.02952	0.00929	0.01072	0.00718	0.00608	0.00411	0.00200	0.00509	0.00360	0.00411	0.00718
36	0.02346	0.01755	0.01877	0.01464	0.01962	0.01952	0.01201	0.62301	0.12024	0.03894	0.01692	0.01663	0.01213	0.00789	0.00648	0.00197	0.00685	0.00601	0.00648	0.01089
37	0.01727	0.77681	0.03386	0.01106	0.01658	0.02557	0.01106	0.01935	0.01313	0.01520	0.00898	0.01036	0.00829	0.00553	0.00415	0.00138	0.00691	0.00345	0.00276	0.00829
38	0.00803	0.00656	0.00710	0.00696	0.00897	0.00562	0.00522	0.01004	0.01567	0.01968	0.24048	0.05851	0.55358	0.01553	0.00763	0.00214	0.00321	0.01312	0.00629	0.00562
39	0.00764	0.00655	0.00655	0.00655	0.00873	0.00545	0.00491	0.00927	0.01473	0.01745	0.06546	0.06218	0.73000	0.01636	0.00764	0.00218	0.00327	0.01364	0.00600	0.00545
40	0.00764	0.00655	0.00655	0.00655	0.00873	0.00545	0.00491	0.00927	0.01473	0.01745	0.06546	0.06218	0.73000	0.01636	0.00764	0.00218	0.00327	0.01364	0.00600	0.00545
41	0.00914	0.00660	0.00864	0.00813	0.00965	0.00610	0.00610	0.01219	0.01829	0.02591	0.72921	0.04827	0.06097	0.01321	0.00762	0.00203	0.00305	0.01169	0.00711	0.00610
42	0.81856	0.01250	0.00950	0.00850	0.01250	0.01449	0.00700	0.01899	0.01100	0.02899	0.00900	0.01050	0.00700	0.00600	0.00400	0.00200	0.00500	0.00350	0.00400	0.00700
43	0.01220	0.01148	0.01938	0.75739	0.04450	0.01436	0.01794	0.01651	0.01292	0.01651	0.01148	0.01723	0.00861	0.00646	0.00646	0.00215	0.00861	0.00574	0.00287	0.00718
44	0.81856	0.01250	0.00950	0.00850	0.01250	0.01449	0.00700	0.01899	0.01100	0.02899	0.00900	0.01050	0.00700	0.00600	0.00400	0.00200	0.00500	0.00350	0.00400	0.00700
45	0.00784	0.00577	0.00735	0.00862	0.00927	0.00528	0.00583	0.00904	0.01274	0.01664	0.04025	0.65883	0.14962	0.01964	0.00815	0.00256	0.00367	0.01763	0.00600	0.00528
46	0.00911	0.00635	0.00721	0.00721	0.00763	0.00627	0.00437	0.00953	0.01030	0.01347	0.02716	0.04418	0.13285	0.60377	0.07974	0.00592	0.00658	0.00988	0.00421	0.00429
47	0.42438	0.05733	0.01357	0.01013	0.01467	0.01347	0.00847	0.05787	0.01500	0.30485	0.01575	0.01522	0.01078	0.00684	0.00510	0.00196	0.00541	0.00478	0.00561	0.00883
48	0.01715	0.13498	0.02655	0.03248	0.53908	0.06821	0.01761	0.05164	0.01543	0.02071	0.01166	0.01479	0.00983	0.00588	0.00601	0.00182	0.00781	0.00529	0.00329	0.00978
49	0.69395	0.13136	0.01329	0.00889	0.01313	0.01622	0.00763	0.01905	0.01133	0.02685	0.00899	0.01048	0.00720	0.00592	0.00402	0.00190	0.00530	0.00349	0.00381	0.00720
