[name]
unknown

[dist]
# distance from previous block
# <min> <max>
0	0

[block]
# block no. 0 follows, 30 sequences, length 62
# corresponding to MSA columns:
# 0-61
name=unknown_A
#
# <colnr> <probs for GDERKNQSTAVLIFYWHMCP>
#	G	D	E	R	K	N	Q	S	T	A	V	L	I	F	Y	W	H	M	C	P
0	0.01124	0.00803	0.01124	0.01285	0.01446	0.00803	0.01124	0.01446	0.01606	0.02088	0.03695	0.07871	0.04016	0.01928	0.00964	0.00321	0.00643	0.66426	0.00643	0.00643
1	0.01516	0.01528	0.02853	0.20437	0.27039	0.01560	0.22728	0.01971	0.01545	0.02100	0.01692	0.06450	0.03828	0.00767	0.00751	0.00228	0.00919	0.00799	0.00369	0.00922
2	0.00876	0.00694	0.00779	0.00787	0.00971	0.00607	0.00574	0.01078	0.01634	0.02084	0.22553	0.15209	0.43586	0.04284	0.00927	0.00253	0.00365	0.01471	0.00671	0.00598
3	0.02524	0.06187	0.02097	0.01922	0.06262	0.65580	0.01389	0.02720	0.01931	0.01739	0.01088	0.01281	0.00911	0.00708	0.00625	0.00180	0.01212	0.00457	0.00356	0.00830
4	0.00889	0.00696	0.00805	0.00805	0.00989	0.00612	0.00594	0.01116	0.01702	0.02214	0.30536	0.14995	0.38167	0.01694	0.00833	0.00236	0.00351	0.01460	0.00693	0.00612
5	0.01882	0.01499	0.01668	0.01528	0.04842	0.01667	0.01143	0.24662	0.32749	0.03179	0.02566	0.15050	0.02212	0.01115	0.00737	0.00235	0.00610	0.00940	0.00679	0.01037
6	0.01295	0.01071	0.01662	0.25681	0.14628	0.01164	0.01351	0.01597	0.04815	0.01831	0.02060	0.12969	0.05801	0.01330	0.01146	0.16609	0.00703	0.00872	0.00408	0.03007
7	0.01421	0.01207	0.01406	0.01017	0.01600	0.00915	0.00803	0.01713	0.01421	0.02219	0.01298	0.01633	0.01123	0.04995	0.00698	0.00138	0.00526	0.00449	0.00414	0.75003
8	0.00884	0.00628	0.00793	0.00910	0.00954	0.00592	0.00592	0.00983	0.01282	0.01695	0.03684	0.55757	0.08124	0.17955	0.01460	0.00365	0.00460	0.01744	0.00599	0.00537
9	0.01634	0.01746	0.03484	0.09547	0.22215	0.01735	0.40985	0.02141	0.01579	0.02179	0.01344	0.01820	0.01053	0.00639	0.00850	0.00231	0.04772	0.00739	0.00345	0.00963
10	0.01024	0.00624	0.00827	0.00888	0.00941	0.00594	0.00599	0.00985	0.01188	0.01588	0.03034	0.30274	0.11332	0.05036	0.01714	0.32607	0.00487	0.01252	0.04543	0.00461
11	0.01450	0.00785	0.01026	0.01007	0.01215	0.00703	0.00745	0.01646	0.01616	0.19647	0.11647	0.38363	0.12049	0.01705	0.00829	0.00254	0.00445	0.03411	0.00716	0.00740
12	0.01617	0.01756	0.03569	0.02684	0.07326	0.01611	0.52649	0.02145	0.01608	0.02245	0.01376	0.01796	0.01057	0.00578	0.00761	0.00210	0.01039	0.00739	0.00363	0.14871
13	0.01204	0.00616	0.00887	0.00891	0.00914	0.00620	0.00605	0.01000	0.00987	0.01391	0.01417	0.04018	0.01379	0.02354	0.05137	0.66167	0.00620	0.00651	0.08781	0.00359
14	0.07606	0.01320	0.01493	0.01246	0.01622	0.01401	0.00985	0.24068	0.09701	0.14486	0.07250	0.04925	0.04469	0.05358	0.04672	0.06356	0.00679	0.00787	0.00648	0.00929
15	0.10446	0.01508	0.01588	0.01327	0.01750	0.01665	0.01062	0.30538	0.19465	0.05434	0.05843	0.06672	0.04685	0.00993	0.00688	0.00221	0.00606	0.00792	0.03705	0.01011
16	0.01015	0.00742	0.01093	0.01093	0.01220	0.00859	0.00849	0.01269	0.01142	0.01679	0.01893	0.02733	0.01747	0.04970	0.68396	0.01064	0.01777	0.00742	0.05092	0.00625
17	0.04777	0.00838	0.00950	0.00890	0.01153	0.00771	0.00678	0.01627	0.05365	0.12709	0.15009	0.13121	0.33368	0.01495	0.00776	0.00232	0.00410	0.01265	0.03840	0.00725
18	0.06601	0.00979	0.01133	0.01080	0.01327	0.01009	0.00825	0.04367	0.14931	0.09059	0.13373	0.19351	0.08285	0.04377	0.02968	0.00286	0.00526	0.05779	0.02958	0.00785
19	0.03886	0.00829	0.00930	0.00881	0.01121	0.00775	0.00663	0.01537	0.07525	0.07792	0.21138	0.10331	0.34132	0.04246	0.00896	0.00249	0.00406	0.01284	0.00684	0.00696
20	0.01048	0.00726	0.00868	0.00878	0.01045	0.00659	0.00630	0.01276	0.03269	0.06407	0.18479	0.26597	0.26212	0.07387	0.01043	0.00279	0.00409	0.01484	0.00671	0.00634
21	0.03671	0.00697	0.00791	0.00832	0.00946	0.00656	0.00569	0.01090	0.01374	0.01846	0.09286	0.23704	0.22652	0.22592	0.01595	0.00372	0.00473	0.03762	0.02540	0.00551
22	0.03893	0.00740	0.00904	0.00956	0.01061	0.00731	0.00662	0.03598	0.04372	0.01887	0.05175	0.39744	0.11174	0.06386	0.01334	0.14321	0.00473	0.01445	0.00573	0.00570
23	0.00946	0.00698	0.00872	0.00854	0.01008	0.00637	0.00624	0.01209	0.01790	0.02456	0.48992	0.13307	0.16982	0.05335	0.00970	0.00253	0.00359	0.01366	0.00717	0.00624
24	0.01847	0.07704	0.03379	0.02793	0.15550	0.12282	0.36196	0.04426	0.01695	0.02166	0.01297	0.01681	0.01029	0.00650	0.00802	0.00218	0.04296	0.00681	0.00357	0.00949
25	0.03216	0.00683	0.00841	0.00887	0.01006	0.00637	0.00623	0.01128	0.01564	0.02154	0.26944	0.34899	0.14232	0.06671	0.01021	0.00279	0.00394	0.01556	0.00668	0.00597
26	0.00948	0.00688	0.00820	0.00850	0.00978	0.00636	0.00606	0.01136	0.01526	0.02039	0.20820	0.19155	0.21650	0.15271	0.01333	0.00325	0.00436	0.06101	0.04104	0.00578
27	0.00901	0.00702	0.00823	0.00840	0.01020	0.00623	0.00630	0.01129	0.01678	0.02175	0.26579	0.16020	0.36317	0.01730	0.00843	0.00243	0.00374	0.06077	0.00686	0.00612
28	0.00861	0.00708	0.00760	0.00764	0.00980	0.00607	0.00577	0.01064	0.01638	0.02022	0.16033	0.09057	0.56449	0.01740	0.00832	0.00238	0.00363	0.04041	0.00665	0.00600
29	0.07130	0.00703	0.00815	0.00878	0.00966	0.00685	0.00585	0.01102	0.01316	0.01870	0.09490	0.37482	0.09758	0.22176	0.01577	0.00377	0.00479	0.01481	0.00580	0.00552
30	0.01447	0.01240	0.01447	0.01034	0.01654	0.00930	0.00827	0.01757	0.01447	0.02274	0.01240	0.01447	0.01034	0.00517	0.00517	0.00103	0.00517	0.00413	0.00413	0.79742
31	0.00849	0.00614	0.00803	0.00954	0.01008	0.00568	0.00640	0.00974	0.01353	0.01788	0.04056	0.70576	0.08924	0.02159	0.00886	0.00280	0.00402	0.01951	0.00648	0.00568
32	0.02849	0.01640	0.01900	0.01456	0.02007	0.01697	0.01203	0.41982	0.02755	0.31955	0.02117	0.01962	0.01408	0.00848	0.00700	0.00212	0.00697	0.00658	0.00766	0.01187
33	0.11757	0.01046	0.01111	0.01002	0.01293	0.01093	0.00768	0.04752	0.16715	0.07947	0.16323	0.03679	0.13321	0.07989	0.00955	0.00262	0.00479	0.00928	0.07783	0.00798
34	0.00892	0.00663	0.00800	0.00877	0.00981	0.00609	0.00608	0.01037	0.01420	0.01836	0.09245	0.36954	0.22938	0.12783	0.01263	0.00325	0.00438	0.05146	0.00623	0.00562
35	0.00899	0.00680	0.00819	0.00908	0.01026	0.00623	0.00632	0.02985	0.01485	0.01914	0.06334	0.50565	0.24582	0.02002	0.00863	0.00265	0.00398	0.01772	0.00652	0.00594
36	0.01048	0.00671	0.00823	0.00823	0.00835	0.00683	0.00500	0.01019	0.01007	0.01355	0.01992	0.03954	0.02224	0.55605	0.10266	0.14679	0.00782	0.00916	0.00397	0.00422
37	0.01895	0.04831	0.02498	0.01987	0.02252	0.21300	0.13305	0.04532	0.01512	0.01883	0.01077	0.01507	0.00946	0.00936	0.01453	0.00250	0.36071	0.00596	0.00343	0.00827
38	0.01816	0.68256	0.10865	0.01278	0.01921	0.02641	0.01340	0.02102	0.01424	0.01702	0.01000	0.01157	0.00894	0.00604	0.00471	0.00157	0.00776	0.00388	0.00298	0.00910
39	0.00992	0.00667	0.00768	0.00791	0.00796	0.00661	0.00454	0.01009	0.01060	0.01413	0.02429	0.14406	0.02827	0.65240	0.03180	0.00622	0.00639	0.01150	0.00454	0.00443
40	0.00997	0.00748	0.01121	0.01121	0.01246	0.00872	0.00872	0.01246	0.01121	0.01620	0.01869	0.02741	0.01745	0.05234	0.72710	0.01121	0.01869	0.00748	0.00374	0.00623
41	0.01787	0.05554	0.02023	0.01682	0.04959	0.05222	0.08363	0.18561	0.09364	0.04337	0.02207	0.20915	0.02124	0.01186	0.00906	0.00239	0.08107	0.00998	0.00559	0.00908
42	0.01394	0.01337	0.02359	0.50212	0.04102	0.01558	0.13580	0.03987	0.01467	0.01930	0.01337	0.01934	0.01039	0.01128	0.07622	0.00319	0.02889	0.00668	0.00336	0.00803
43	0.00870	0.00621	0.00832	0.00994	0.01043	0.00584	0.00682	0.01005	0.01355	0.01803	0.03835	0.70266	0.04573	0.02168	0.00896	0.00286	0.00422	0.06546	0.00647	0.00572
44	0.00837	0.00659	0.00757	0.00835	0.00976	0.00578	0.00587	0.00987	0.01468	0.01835	0.05514	0.39671	0.38888	0.01969	0.00857	0.00259	0.00378	0.01719	0.00648	0.00578
45	0.01508	0.01277	0.01480	0.01063	0.01680	0.00993	0.00852	0.05166	0.01540	0.02382	0.01262	0.01459	0.01041	0.00533	0.00526	0.00109	0.00530	0.00424	0.00428	0.75747
46	0.02223	0.04473	0.01861	0.01602	0.07845	0.07460	0.01179	0.20896	0.06894	0.16742	0.05463	0.05707	0.01748	0.00866	0.00674	0.00197	0.00687	0.00700	0.00619	0.12164
47	0.01796	0.63038	0.12223	0.01383	0.02040	0.02567	0.04831	0.02112	0.01437	0.01743	0.01028	0.01203	0.00902	0.00605	0.00494	0.00163	0.00804	0.00414	0.00301	0.00915
48	0.02635	0.01906	0.02055	0.01584	0.02135	0.02102	0.01306	0.63595	0.05893	0.07008	0.01765	0.01740	0.01246	0.00843	0.00699	0.00211	0.00752	0.00638	0.00705	0.01183
49	0.02004	0.01555	0.01800	0.09092	0.02167	0.01748	0.01258	0.38154	0.07289	0.03335	0.04829	0.05434	0.07987	0.01064	0.00847	0.00231	0.05907	0.03689	0.00624	0.00986
50	0.01575	0.01720	0.02889	0.07306	0.02873	0.10582	0.37910	0.01995	0.01569	0.02007	0.03965	0.05420	0.01554	0.06517	0.08584	0.00355	0.01144	0.00833	0.00385	0.00816
51	0.01334	0.01312	0.09970	0.01314	0.01595	0.01141	0.04705	0.01888	0.17536	0.01990	0.06335	0.07858	0.03323	0.04527	0.04134	0.25107	0.03930	0.00830	0.00470	0.00701
52	0.09379	0.00812	0.00984	0.06032	0.01316	0.00806	0.00733	0.01362	0.01740	0.02548	0.44958	0.06989	0.14011	0.04305	0.00884	0.00242	0.00414	0.01165	0.00666	0.00655
53	0.01445	0.01288	0.01736	0.01284	0.01861	0.01050	0.09120	0.01866	0.05178	0.02269	0.01533	0.06772	0.01350	0.00667	0.00591	0.00139	0.00592	0.00595	0.00439	0.60225
54	0.00891	0.00635	0.00795	0.00900	0.00950	0.00597	0.00587	0.00996	0.01304	0.01727	0.06118	0.51125	0.09195	0.19019	0.01497	0.00368	0.00461	0.01696	0.00600	0.00539
55	0.02421	0.06735	0.02250	0.06787	0.02359	0.12637	0.04812	0.38328	0.02541	0.07999	0.01529	0.01641	0.01123	0.00804	0.00765	0.00210	0.04847	0.00599	0.00567	0.01047
56	0.01867	0.01667	0.06712	0.01785	0.12330	0.06170	0.01291	0.05322	0.21486	0.11340	0.04028	0.02307	0.05131	0.00826	0.00672	0.00200	0.00667	0.00685	0.00567	0.14947
57	0.06911	0.00999	0.04582	0.00951	0.01120	0.00918	0.00698	0.07915	0.01416	0.02013	0.07342	0.12769	0.06442	0.40441	0.02222	0.00468	0.00618	0.01067	0.00509	0.00598
58	0.01793	0.08035	0.08600	0.07118	0.10007	0.21339	0.08557	0.03678	0.01634	0.01947	0.01804	0.02086	0.08136	0.01036	0.04008	0.00254	0.08082	0.00657	0.00376	0.00854
59	0.01512	0.01493	0.05966	0.08104	0.07887	0.05962	0.08659	0.06667	0.09328	0.04688	0.05079	0.10105	0.16829	0.03547	0.00848	0.00244	0.00711	0.00994	0.00534	0.00844
60	0.04463	0.04483	0.08543	0.03126	0.01791	0.06300	0.04545	0.05396	0.08365	0.02195	0.02594	0.16805	0.08551	0.04650	0.03433	0.00272	0.00715	0.02863	0.00506	0.10405
61	0.11613	0.08713	0.10708	0.04283	0.04833	0.14633	0.07212	0.05873	0.04376	0.07080	0.01843	0.04459	0.06000	0.00851	0.00733	0.00215	0.04575	0.00660	0.00447	0.00892

[dist]
# distance from previous block
# <min> <max>
1	15

[block]
# block no. 1 follows, 30 sequences, length 12
# corresponding to MSA columns:
# 78-89
name=unknown_B
#
# <colnr> <probs for GDERKNQSTAVLIFYWHMCP>
#	G	D	E	R	K	N	Q	S	T	A	V	L	I	F	Y	W	H	M	C	P
0	0.07449	0.01103	0.03106	0.01191	0.01454	0.01136	0.02673	0.06664	0.13579	0.04931	0.05704	0.14791	0.04371	0.08284	0.19835	0.00506	0.00912	0.00983	0.00553	0.00775
1	0.01676	0.01536	0.03992	0.05633	0.13325	0.03683	0.07866	0.14624	0.09772	0.02660	0.07786	0.04755	0.06436	0.01058	0.00832	0.00237	0.03986	0.08672	0.00545	0.00927
2	0.01032	0.00676	0.00878	0.00890	0.00924	0.00703	0.00581	0.01049	0.01047	0.01426	0.02074	0.09129	0.02274	0.40074	0.19929	0.14560	0.00932	0.00953	0.00407	0.00461
3	0.01801	0.07369	0.07531	0.04839	0.08769	0.06876	0.03317	0.13774	0.06051	0.05059	0.01698	0.03999	0.01445	0.08184	0.04248	0.00298	0.06617	0.00682	0.06546	0.00897
4	0.01407	0.01400	0.02694	0.02094	0.02514	0.01371	0.36650	0.01869	0.04267	0.02058	0.02142	0.08947	0.02088	0.11187	0.01284	0.00317	0.04084	0.12390	0.00448	0.00788
5	0.05731	0.08706	0.17128	0.04082	0.10343	0.01679	0.04197	0.14137	0.03645	0.06769	0.04252	0.07637	0.01587	0.00995	0.02628	0.00244	0.04078	0.00718	0.00478	0.00968
6	0.00853	0.00674	0.00743	0.00791	0.00943	0.00592	0.00553	0.00994	0.01452	0.01796	0.05583	0.26523	0.43821	0.10073	0.01147	0.00299	0.00404	0.01572	0.00623	0.00564
7	0.05583	0.14127	0.07597	0.02152	0.15097	0.11595	0.10756	0.06482	0.04659	0.05640	0.04858	0.01797	0.01363	0.00795	0.00750	0.03920	0.00861	0.00609	0.00424	0.00935
8	0.01453	0.01300	0.02065	0.57503	0.09689	0.01561	0.01816	0.06396	0.03556	0.02075	0.01375	0.01896	0.01040	0.00714	0.00687	0.00226	0.00870	0.00627	0.04319	0.00833
9	0.01079	0.01021	0.04405	0.01286	0.04624	0.00946	0.04091	0.01363	0.01579	0.02130	0.20723	0.10186	0.22638	0.01783	0.06523	0.00315	0.07826	0.06213	0.00579	0.00689
10	0.10491	0.11195	0.01966	0.01342	0.01859	0.07716	0.03065	0.20117	0.05180	0.06056	0.01562	0.05226	0.01280	0.00767	0.00603	0.00181	0.00699	0.00588	0.00518	0.19588
11	0.01502	0.04023	0.06782	0.01161	0.01550	0.01192	0.00989	0.06510	0.14854	0.08073	0.16075	0.05336	0.14942	0.04051	0.00873	0.00233	0.02269	0.00947	0.00625	0.08011

[dist]
# distance from previous block
# <min> <max>
14	25

[block]
# block no. 2 follows, 30 sequences, length 25
# corresponding to MSA columns:
# 117-141
name=unknown_C
#
# <colnr> <probs for GDERKNQSTAVLIFYWHMCP>
#	G	D	E	R	K	N	Q	S	T	A	V	L	I	F	Y	W	H	M	C	P
0	0.00905	0.00733	0.00797	0.00813	0.01004	0.00660	0.00590	0.01177	0.05394	0.01980	0.11693	0.18527	0.45915	0.05447	0.00966	0.00265	0.00388	0.01484	0.00651	0.00612
1	0.01714	0.05045	0.01542	0.01141	0.01610	0.06558	0.00908	0.02060	0.05173	0.11657	0.01940	0.02183	0.05404	0.05244	0.05773	0.00250	0.02554	0.00598	0.00490	0.38156
2	0.00906	0.00653	0.00864	0.00979	0.01063	0.00611	0.00698	0.01091	0.01497	0.02013	0.16698	0.51740	0.07399	0.01997	0.00883	0.00274	0.00415	0.08955	0.00670	0.00593
3	0.01454	0.01371	0.02262	0.52415	0.04107	0.01630	0.08292	0.05754	0.01503	0.01996	0.01253	0.01800	0.00962	0.00734	0.00847	0.00232	0.07658	0.00629	0.00342	0.04758
4	0.06425	0.25089	0.15853	0.01747	0.09569	0.08269	0.01520	0.09717	0.01746	0.08504	0.01366	0.01506	0.01054	0.00686	0.00583	0.00189	0.00814	0.00505	0.03881	0.00977
5	0.13901	0.10997	0.03883	0.03325	0.01940	0.14988	0.03678	0.05052	0.03782	0.02089	0.01168	0.01572	0.01025	0.03582	0.03376	0.00274	0.23635	0.00546	0.00373	0.00815
6	0.01048	0.00863	0.00909	0.00864	0.01125	0.00809	0.00663	0.05300	0.08569	0.02232	0.12488	0.05892	0.51728	0.01601	0.00809	0.00235	0.00403	0.03109	0.00669	0.00684
7	0.01597	0.09021	0.11939	0.01320	0.01844	0.11910	0.01190	0.04263	0.05432	0.02140	0.01933	0.12329	0.04675	0.00908	0.00633	0.00179	0.00712	0.00732	0.00448	0.26795
8	0.00997	0.00748	0.01121	0.01121	0.01246	0.00872	0.00872	0.01246	0.01121	0.01620	0.01869	0.02741	0.01745	0.05234	0.72710	0.01121	0.01869	0.00748	0.00374	0.00623
9	0.01596	0.04165	0.04524	0.07128	0.32870	0.11735	0.01568	0.01914	0.01587	0.02047	0.05954	0.11217	0.04990	0.04670	0.00854	0.00238	0.00792	0.00847	0.00421	0.00882
10	0.00941	0.00678	0.00893	0.01005	0.01103	0.00642	0.00744	0.01137	0.01495	0.01991	0.13809	0.41588	0.08801	0.05255	0.01012	0.00297	0.00458	0.16903	0.00654	0.00593
11	0.06174	0.54250	0.03064	0.01285	0.01807	0.16446	0.01178	0.02192	0.01541	0.01785	0.04048	0.01327	0.01138	0.00660	0.00499	0.00162	0.00818	0.00427	0.00338	0.00861
12	0.01125	0.00714	0.00884	0.00923	0.01067	0.00648	0.00654	0.01276	0.01460	0.09265	0.06553	0.37130	0.19578	0.11082	0.01189	0.00314	0.00455	0.04410	0.00647	0.00627
13	0.01943	0.29678	0.06502	0.05119	0.11426	0.17875	0.05385	0.02306	0.03969	0.04294	0.01492	0.01673	0.04125	0.00709	0.00600	0.00186	0.00891	0.00543	0.00371	0.00913
14	0.00958	0.00715	0.00875	0.00962	0.01060	0.00698	0.00669	0.01227	0.06577	0.01835	0.03920	0.43853	0.13305	0.12485	0.03408	0.00356	0.00505	0.05382	0.00612	0.00597
15	0.01748	0.08604	0.13334	0.02921	0.25907	0.10000	0.21113	0.02220	0.01613	0.02123	0.01338	0.03424	0.01103	0.00666	0.00702	0.00211	0.00991	0.00656	0.00345	0.00981
16	0.01035	0.00689	0.00807	0.00817	0.00883	0.00658	0.00514	0.01113	0.01250	0.03975	0.09021	0.16713	0.10773	0.45937	0.02465	0.00506	0.00562	0.01241	0.00531	0.00512
17	0.01002	0.00727	0.01019	0.01019	0.01108	0.00816	0.00744	0.01180	0.01091	0.01544	0.01963	0.03263	0.01971	0.25302	0.52951	0.00994	0.01528	0.00824	0.00388	0.00566
18	0.01301	0.00650	0.00650	0.00650	0.00813	0.00650	0.00488	0.01626	0.01463	0.02602	0.02276	0.02602	0.01789	0.00813	0.00488	0.00163	0.00325	0.00650	0.79350	0.00650
19	0.01071	0.00927	0.01507	0.04560	0.01649	0.00916	0.12889	0.01287	0.01380	0.01840	0.05574	0.36817	0.08971	0.12518	0.01315	0.00325	0.03839	0.01443	0.00536	0.00636
20	0.02010	0.12882	0.02213	0.01844	0.11130	0.17152	0.01327	0.14294	0.08792	0.02433	0.01751	0.01888	0.05473	0.00824	0.00774	0.00198	0.06968	0.00602	0.00463	0.06979
21	0.01816	0.06170	0.06294	0.09942	0.18233	0.13169	0.04489	0.02381	0.10669	0.06191	0.01772	0.05101	0.03106	0.00823	0.00753	0.00213	0.04118	0.00682	0.00439	0.03639
22	0.01582	0.06888	0.07307	0.01560	0.05684	0.07921	0.07726	0.06191	0.07215	0.05071	0.09896	0.09622	0.08762	0.05577	0.01019	0.05018	0.00715	0.00917	0.00519	0.00813
23	0.06658	0.10567	0.10642	0.06943	0.04455	0.03346	0.01290	0.05207	0.11301	0.05408	0.03735	0.01908	0.02781	0.00880	0.03066	0.00216	0.00728	0.00577	0.00463	0.19827
24	0.06993	0.12710	0.05055	0.04150	0.01897	0.09341	0.04918	0.09655	0.08180	0.02311	0.02688	0.08619	0.14722	0.01068	0.00764	0.00219	0.04521	0.00847	0.00498	0.00841

[dist]
# distance from previous block
# <min> <max>
9	37

[block]
# block no. 3 follows, 30 sequences, length 15
# corresponding to MSA columns:
# 181-195
name=unknown_D
#
# <colnr> <probs for GDERKNQSTAVLIFYWHMCP>
#	G	D	E	R	K	N	Q	S	T	A	V	L	I	F	Y	W	H	M	C	P
0	0.01099	0.00983	0.05002	0.01110	0.01219	0.00999	0.00865	0.01270	0.01135	0.01615	0.05446	0.03367	0.02155	0.32503	0.27348	0.00732	0.11314	0.00850	0.00400	0.00586
1	0.04923	0.01424	0.01989	0.25777	0.08623	0.04522	0.04812	0.08099	0.04571	0.02333	0.11157	0.02463	0.01927	0.00929	0.00934	0.00237	0.10775	0.03214	0.00452	0.00841
2	0.01453	0.01529	0.07701	0.23672	0.23889	0.01488	0.05263	0.02061	0.08818	0.02149	0.04844	0.04982	0.01587	0.01130	0.06186	0.00293	0.00902	0.00735	0.00404	0.00915
3	0.01667	0.04855	0.10692	0.05238	0.11945	0.05945	0.01441	0.12339	0.10675	0.02446	0.01948	0.02209	0.05152	0.01652	0.14459	0.00382	0.00994	0.00671	0.00463	0.04827
4	0.01047	0.00839	0.01217	0.06777	0.03515	0.00816	0.05896	0.01230	0.01404	0.01838	0.10026	0.18074	0.17578	0.18457	0.01543	0.04204	0.00580	0.03827	0.00534	0.00598
5	0.01374	0.01185	0.01461	0.01150	0.01640	0.01005	0.04111	0.01882	0.10438	0.02264	0.02156	0.12541	0.05540	0.00887	0.00628	0.00161	0.00528	0.00768	0.00496	0.49785
6	0.00890	0.00702	0.00805	0.00811	0.01000	0.00617	0.00606	0.01114	0.01685	0.02169	0.26627	0.13576	0.41040	0.01711	0.00837	0.00239	0.00362	0.03915	0.00686	0.00611
7	0.01352	0.01070	0.01204	0.01097	0.01378	0.01118	0.00849	0.09336	0.21270	0.02782	0.27753	0.07036	0.16247	0.01332	0.00785	0.00232	0.00458	0.03164	0.00714	0.00826
8	0.01301	0.00650	0.00650	0.00650	0.00813	0.00650	0.00488	0.01626	0.01463	0.02602	0.02276	0.02602	0.01789	0.00813	0.00488	0.00163	0.00325	0.00650	0.79350	0.00650
9	0.01345	0.00840	0.01082	0.04455	0.01374	0.00819	0.00824	0.04618	0.01562	0.11238	0.06745	0.23431	0.09661	0.15418	0.01347	0.00341	0.00557	0.13035	0.00626	0.00682
10	0.05343	0.04128	0.01870	0.10924	0.07662	0.23879	0.01314	0.04539	0.15698	0.05155	0.01717	0.05578	0.01414	0.00819	0.00656	0.00203	0.00847	0.00643	0.00476	0.07137
11	0.04819	0.03724	0.08649	0.01731	0.07952	0.09312	0.04479	0.14537	0.13397	0.02748	0.08199	0.05156	0.01882	0.00859	0.00678	0.00204	0.00742	0.00711	0.00530	0.09691
12	0.12133	0.11945	0.08467	0.08485	0.07680	0.09386	0.03253	0.02133	0.06128	0.05508	0.07105	0.09744	0.01873	0.00920	0.00685	0.00215	0.02280	0.00744	0.00458	0.00858
13	0.01851	0.43919	0.12101	0.01285	0.01869	0.02082	0.01291	0.02236	0.04697	0.11148	0.01740	0.04853	0.04161	0.00927	0.02931	0.00213	0.00761	0.00583	0.00425	0.00927
14	0.01914	0.05217	0.01977	0.01661	0.06721	0.04392	0.03430	0.26371	0.08047	0.02927	0.05509	0.02458	0.08134	0.03803	0.01020	0.00238	0.10551	0.00744	0.00554	0.04331

[dist]
# distance from previous block
# <min> <max>
5	31

[block]
# block no. 4 follows, 30 sequences, length 22
# corresponding to MSA columns:
# 227-248
name=unknown_E
#
# <colnr> <probs for GDERKNQSTAVLIFYWHMCP>
#	G	D	E	R	K	N	Q	S	T	A	V	L	I	F	Y	W	H	M	C	P
0	0.24529	0.05837	0.08235	0.01625	0.05460	0.01813	0.05894	0.18086	0.06395	0.07854	0.01456	0.01588	0.01087	0.00765	0.00737	0.00220	0.06380	0.00560	0.00505	0.00975
1	0.06893	0.01349	0.01852	0.06634	0.09337	0.01345	0.06469	0.03804	0.09730	0.05457	0.01766	0.06707	0.01536	0.00848	0.00769	0.00200	0.05755	0.03535	0.00476	0.25539
2	0.02208	0.01921	0.01828	0.06440	0.02154	0.15963	0.01230	0.26063	0.12589	0.06747	0.01804	0.05045	0.01418	0.00843	0.00672	0.00200	0.00788	0.00654	0.00576	0.10858
3	0.01137	0.00957	0.01457	0.34858	0.04524	0.01088	0.01253	0.01411	0.01324	0.01720	0.02345	0.17700	0.05219	0.17408	0.01377	0.00343	0.00728	0.04068	0.00434	0.00650
4	0.01663	0.00910	0.01249	0.08037	0.01682	0.00875	0.00950	0.03834	0.01675	0.22704	0.07871	0.30451	0.05363	0.01520	0.00812	0.00254	0.00540	0.08117	0.00689	0.00804
5	0.01896	0.09827	0.23212	0.04823	0.05900	0.11051	0.05989	0.05995	0.07057	0.10024	0.01571	0.01750	0.01178	0.01017	0.05458	0.00269	0.00982	0.00586	0.00434	0.00980
6	0.01453	0.01202	0.01924	0.15751	0.13404	0.01278	0.07640	0.04819	0.01627	0.06200	0.10831	0.16131	0.02643	0.01182	0.00888	0.00246	0.05734	0.05710	0.00513	0.00823
7	0.00962	0.00707	0.00935	0.00941	0.01063	0.00723	0.00689	0.01149	0.01349	0.01837	0.14942	0.11184	0.14596	0.12479	0.29707	0.03524	0.01004	0.01110	0.00519	0.00581
8	0.04443	0.03472	0.12601	0.12041	0.10916	0.07260	0.27373	0.02233	0.01581	0.05923	0.01356	0.01726	0.01027	0.00674	0.00794	0.00225	0.04388	0.00661	0.00366	0.00938
9	0.01610	0.05175	0.08593	0.12995	0.27398	0.04014	0.04578	0.02172	0.08619	0.02113	0.01471	0.04406	0.01249	0.00816	0.00926	0.00230	0.11633	0.00669	0.00378	0.00956
10	0.01482	0.08191	0.57315	0.01941	0.02856	0.04940	0.05966	0.02188	0.01487	0.02125	0.01261	0.01517	0.00933	0.00856	0.03796	0.00254	0.01067	0.00530	0.00305	0.00989
11	0.01110	0.00625	0.00888	0.00916	0.00931	0.00626	0.00609	0.00956	0.01010	0.01356	0.01834	0.15014	0.02000	0.11704	0.07306	0.50777	0.00667	0.00904	0.00382	0.00385
12	0.01022	0.00959	0.06568	0.01101	0.01304	0.00765	0.02443	0.02732	0.01643	0.02255	0.26099	0.34314	0.06757	0.01709	0.00849	0.00256	0.00475	0.07432	0.00654	0.00664
13	0.02607	0.03326	0.01978	0.01798	0.02157	0.72674	0.01348	0.02787	0.01978	0.01708	0.01079	0.01258	0.00899	0.00719	0.00629	0.00180	0.01258	0.00449	0.00360	0.00809
14	0.01683	0.01886	0.14297	0.10721	0.07943	0.01795	0.01658	0.11631	0.15820	0.02454	0.01565	0.01843	0.01229	0.00949	0.01147	0.03453	0.17894	0.00635	0.00446	0.00951
15	0.00892	0.00667	0.00765	0.00812	0.00927	0.00605	0.00550	0.01005	0.01383	0.01755	0.07444	0.26909	0.31075	0.17962	0.01495	0.02676	0.00446	0.01495	0.00594	0.00540
16	0.01546	0.10779	0.11781	0.04673	0.13939	0.01765	0.06844	0.05206	0.02698	0.02056	0.01795	0.02210	0.07354	0.04474	0.03127	0.00277	0.17525	0.00692	0.00379	0.00880
17	0.01058	0.00768	0.00983	0.01095	0.05696	0.00703	0.00732	0.01249	0.01565	0.04867	0.17691	0.20154	0.26301	0.06435	0.01083	0.03507	0.00445	0.04397	0.00632	0.00637
18	0.01664	0.26670	0.26472	0.01625	0.02306	0.06827	0.04687	0.02105	0.01457	0.01950	0.01123	0.01363	0.00918	0.00675	0.00730	0.00188	0.07669	0.00474	0.00319	0.10778
19	0.01912	0.60588	0.03353	0.01425	0.04699	0.09690	0.01271	0.02134	0.01458	0.01677	0.00992	0.01186	0.00906	0.00652	0.00599	0.00165	0.05693	0.00407	0.00307	0.00887
20	0.01348	0.01063	0.01497	0.03463	0.20977	0.00991	0.01084	0.01632	0.01585	0.05969	0.11478	0.05648	0.19512	0.06191	0.00911	0.00237	0.00550	0.00961	0.05783	0.09122
21	0.01266	0.00861	0.00996	0.00943	0.01191	0.00798	0.00720	0.07821	0.01792	0.09109	0.13059	0.18696	0.33913	0.01634	0.00819	0.00242	0.00437	0.04301	0.00688	0.00712

[dist]
# distance from previous block
# <min> <max>
0	1

[block]
# block no. 5 follows, 30 sequences, length 15
# corresponding to MSA columns:
# 250-264
name=unknown_F
#
# <colnr> <probs for GDERKNQSTAVLIFYWHMCP>
#	G	D	E	R	K	N	Q	S	T	A	V	L	I	F	Y	W	H	M	C	P
0	0.00861	0.00677	0.00765	0.00806	0.00963	0.00595	0.00572	0.01028	0.01525	0.01923	0.12799	0.26246	0.40590	0.06189	0.01004	0.00274	0.00385	0.01571	0.00648	0.00580
1	0.09822	0.12959	0.04995	0.01359	0.01900	0.07115	0.03016	0.14329	0.09423	0.09330	0.03713	0.01739	0.01356	0.00732	0.00602	0.00184	0.00701	0.00556	0.00525	0.15642
2	0.01935	0.01524	0.01756	0.01398	0.01857	0.01615	0.01133	0.19887	0.17128	0.06825	0.01749	0.01829	0.01340	0.00819	0.00876	0.00197	0.11310	0.00598	0.00564	0.25660
3	0.02005	0.24161	0.13843	0.01934	0.08119	0.16560	0.07355	0.11198	0.01811	0.02221	0.01196	0.01411	0.00966	0.00690	0.00677	0.00193	0.03816	0.00515	0.00373	0.00955
4	0.01552	0.05631	0.01557	0.01254	0.01575	0.01293	0.03659	0.13834	0.12507	0.05686	0.13770	0.12666	0.08440	0.01664	0.07813	0.00320	0.00693	0.04601	0.00635	0.00849
5	0.01708	0.10164	0.15770	0.11751	0.15885	0.10194	0.07235	0.04158	0.05843	0.02164	0.04708	0.01802	0.01315	0.00734	0.00732	0.00212	0.03690	0.00612	0.00380	0.00944
6	0.01898	0.01798	0.06163	0.01964	0.12141	0.08621	0.04369	0.16761	0.11485	0.05454	0.02352	0.02827	0.07709	0.01003	0.00842	0.00232	0.05846	0.07019	0.00545	0.00971
7	0.00962	0.00864	0.03848	0.01058	0.05169	0.00716	0.00744	0.01181	0.01554	0.02032	0.18627	0.17411	0.31046	0.10290	0.01141	0.00290	0.00451	0.01374	0.00614	0.00629
8	0.06389	0.05309	0.07790	0.10886	0.09255	0.08459	0.04401	0.13364	0.06502	0.02482	0.04068	0.04892	0.01514	0.03883	0.04366	0.00280	0.04109	0.00690	0.00456	0.00903
9	0.00929	0.00694	0.00905	0.00939	0.01067	0.00680	0.00689	0.01143	0.01477	0.01996	0.19975	0.23288	0.16224	0.05624	0.18755	0.00484	0.00758	0.03172	0.00600	0.00603
10	0.01457	0.04866	0.04190	0.03808	0.01603	0.01314	0.00995	0.11950	0.14370	0.02655	0.22709	0.06678	0.07374	0.08451	0.01089	0.00271	0.03801	0.00976	0.00622	0.00823
11	0.00921	0.00660	0.00822	0.00888	0.00982	0.00612	0.00614	0.01052	0.01428	0.01882	0.14568	0.34734	0.17003	0.11657	0.01332	0.05084	0.00441	0.04152	0.00616	0.00554
12	0.04872	0.06813	0.06617	0.11607	0.24123	0.06501	0.08119	0.02175	0.08339	0.02212	0.04825	0.04328	0.04868	0.00807	0.00691	0.00216	0.00814	0.00723	0.00418	0.00933
13	0.01615	0.01206	0.01422	0.01371	0.05656	0.01255	0.00982	0.16500	0.13780	0.05433	0.06505	0.14479	0.06713	0.10757	0.01117	0.00289	0.00590	0.05000	0.00626	0.04703
14	0.08034	0.01751	0.08524	0.10148	0.05013	0.08520	0.01300	0.04915	0.13382	0.07614	0.01870	0.01977	0.04299	0.00755	0.00632	0.00192	0.00720	0.00599	0.00489	0.19267

[dist]
# distance from previous block
# <min> <max>
0	24

[block]
# block no. 6 follows, 30 sequences, length 17
# corresponding to MSA columns:
# 289-305
name=unknown_G
#
# <colnr> <probs for GDERKNQSTAVLIFYWHMCP>
#	G	D	E	R	K	N	Q	S	T	A	V	L	I	F	Y	W	H	M	C	P
0	0.09538	0.01784	0.09530	0.05141	0.12150	0.07586	0.03763	0.07061	0.07220	0.12555	0.01749	0.02134	0.01380	0.02521	0.05612	0.00289	0.03371	0.03289	0.00494	0.02833
1	0.01559	0.01533	0.08595	0.12600	0.06028	0.05557	0.07267	0.03460	0.03953	0.08594	0.04215	0.16818	0.03829	0.01177	0.00895	0.00247	0.06784	0.05552	0.00502	0.00835
2	0.00938	0.05930	0.00998	0.00925	0.01064	0.00746	0.00674	0.01089	0.01416	0.01802	0.04459	0.43863	0.22562	0.04978	0.00956	0.00279	0.00441	0.05672	0.00614	0.00595
3	0.01069	0.06071	0.01203	0.05735	0.04166	0.00928	0.00803	0.01370	0.05610	0.01965	0.12092	0.23452	0.21443	0.09650	0.01093	0.00287	0.00496	0.01326	0.00583	0.00659
4	0.01281	0.16599	0.01607	0.01207	0.05638	0.04478	0.00860	0.01445	0.01367	0.01724	0.05445	0.12441	0.08954	0.23763	0.04364	0.00393	0.00694	0.06621	0.00469	0.00652
5	0.16965	0.18123	0.04780	0.01600	0.04838	0.08236	0.10421	0.05646	0.03873	0.02317	0.01430	0.01991	0.01252	0.04178	0.00762	0.00223	0.01991	0.04714	0.01699	0.04959
6	0.01773	0.10310	0.04535	0.01446	0.01975	0.09656	0.07877	0.05283	0.01604	0.05833	0.01382	0.03351	0.01170	0.03096	0.00797	0.00182	0.05478	0.00553	0.00420	0.33280
7	0.10339	0.15978	0.21526	0.10109	0.06857	0.07562	0.01669	0.02398	0.09355	0.05884	0.01420	0.01592	0.01081	0.00698	0.00608	0.00206	0.00840	0.00529	0.00399	0.00950
8	0.02510	0.01844	0.01971	0.01534	0.02057	0.02042	0.01259	0.60514	0.07281	0.04193	0.01785	0.01791	0.01283	0.00843	0.00685	0.00208	0.00726	0.00640	0.05685	0.01148
9	0.24096	0.01511	0.05268	0.06316	0.04256	0.06814	0.03290	0.02047	0.01369	0.11519	0.01502	0.02089	0.01283	0.13380	0.03322	0.00328	0.09752	0.00619	0.00445	0.00794
10	0.01052	0.00716	0.00913	0.00947	0.01093	0.00681	0.00694	0.01236	0.01440	0.06259	0.08774	0.27628	0.19685	0.08078	0.12925	0.00434	0.00677	0.05537	0.00607	0.00621
11	0.01651	0.01837	0.09190	0.17706	0.12556	0.09260	0.08267	0.06531	0.10954	0.02314	0.06017	0.04636	0.01655	0.00973	0.03209	0.00253	0.00900	0.00728	0.00445	0.00919
12	0.01018	0.00719	0.00864	0.00908	0.00976	0.00710	0.00599	0.04135	0.01305	0.01727	0.03172	0.31040	0.08063	0.33999	0.04952	0.00483	0.00603	0.03647	0.00541	0.00539
13	0.01851	0.01712	0.02094	0.43077	0.07824	0.13293	0.01713	0.12127	0.01818	0.05900	0.01364	0.01753	0.01017	0.00726	0.00686	0.00218	0.00936	0.00598	0.00408	0.00884
14	0.01217	0.01056	0.06122	0.03834	0.01658	0.00927	0.01195	0.01659	0.05719	0.04137	0.03590	0.08931	0.08010	0.01704	0.00899	0.00296	0.00646	0.47073	0.00618	0.00712
15	0.01961	0.09279	0.07525	0.03222	0.02250	0.24657	0.09830	0.08251	0.08601	0.02224	0.04906	0.02052	0.05558	0.00849	0.00787	0.00210	0.05847	0.00657	0.00444	0.00889
16	0.01033	0.00708	0.00839	0.00846	0.00887	0.00712	0.00525	0.02942	0.01196	0.01614	0.06833	0.15251	0.03032	0.53095	0.07069	0.00600	0.00687	0.01153	0.00484	0.00494

[dist]
# distance from previous block
# <min> <max>
0	1

[block]
# block no. 7 follows, 30 sequences, length 46
# corresponding to MSA columns:
# 307-352
name=unknown_H
#
# <colnr> <probs for GDERKNQSTAVLIFYWHMCP>
#	G	D	E	R	K	N	Q	S	T	A	V	L	I	F	Y	W	H	M	C	P
0	0.10724	0.01867	0.05819	0.02451	0.03035	0.04771	0.46726	0.02147	0.01529	0.02240	0.01315	0.01757	0.01026	0.00849	0.03813	0.00272	0.07691	0.00723	0.00357	0.00889
1	0.64557	0.06845	0.01356	0.01027	0.01488	0.01730	0.00862	0.10760	0.01477	0.03188	0.01063	0.01203	0.00822	0.00669	0.00468	0.00210	0.00585	0.00410	0.00457	0.00822
2	0.00878	0.00662	0.00807	0.00895	0.01006	0.00594	0.00612	0.01014	0.01385	0.01802	0.04450	0.50660	0.20957	0.06426	0.01019	0.00288	0.00413	0.01734	0.00625	0.03776
3	0.01282	0.01201	0.01992	0.68456	0.04524	0.01480	0.01835	0.01726	0.01410	0.01790	0.01666	0.02215	0.06040	0.00776	0.00707	0.00233	0.00888	0.00682	0.00335	0.00762
4	0.02288	0.02816	0.01808	0.01664	0.01977	0.58470	0.01254	0.02482	0.01808	0.01690	0.01235	0.01552	0.01066	0.01612	0.14889	0.00366	0.01379	0.00508	0.00362	0.00772
5	0.01128	0.00716	0.00898	0.00930	0.01071	0.00657	0.00668	0.01276	0.01469	0.08355	0.09914	0.30840	0.17586	0.11224	0.01274	0.03594	0.00467	0.06685	0.00635	0.00614
6	0.01124	0.00803	0.01124	0.01285	0.01446	0.00803	0.01124	0.01446	0.01606	0.02088	0.03695	0.07871	0.04016	0.01928	0.00964	0.00321	0.00643	0.66426	0.00643	0.00643
7	0.00887	0.00666	0.00929	0.01018	0.01103	0.00617	0.03019	0.01044	0.01411	0.01882	0.09103	0.63041	0.08565	0.02047	0.00879	0.00274	0.00423	0.01857	0.00647	0.00588
8	0.01410	0.01339	0.02237	0.55767	0.17227	0.01610	0.01949	0.01844	0.01410	0.01871	0.01232	0.01813	0.00963	0.00718	0.00803	0.00233	0.05801	0.00620	0.00316	0.00837
9	0.01338	0.00964	0.01521	0.08073	0.15391	0.01054	0.01130	0.01324	0.01116	0.01545	0.01253	0.02009	0.01176	0.01996	0.06854	0.44435	0.07318	0.00620	0.00317	0.00568
10	0.01481	0.01376	0.02021	0.31156	0.10512	0.04979	0.04002	0.03822	0.04317	0.01895	0.01345	0.01911	0.01118	0.01392	0.08506	0.07298	0.11093	0.00637	0.00352	0.00786
11	0.01398	0.01235	0.01896	0.10525	0.31094	0.01295	0.01440	0.01782	0.06253	0.01986	0.02193	0.08695	0.07123	0.12726	0.01311	0.03691	0.03228	0.00873	0.00425	0.00830
12	0.01146	0.00934	0.01034	0.01038	0.01247	0.00966	0.00756	0.01890	0.24126	0.02165	0.04299	0.28928	0.21580	0.05412	0.00949	0.00275	0.00454	0.01400	0.00657	0.00744
13	0.02034	0.01415	0.01549	0.01319	0.01723	0.01554	0.01040	0.15945	0.36813	0.12967	0.02513	0.02486	0.01874	0.04520	0.00822	0.00242	0.00583	0.00742	0.08808	0.01053
14	0.01132	0.00947	0.01381	0.01303	0.01396	0.01195	0.01039	0.01357	0.01108	0.01635	0.01626	0.02431	0.01533	0.04209	0.54731	0.00913	0.20336	0.00713	0.00356	0.00659
15	0.01058	0.00732	0.00853	0.00830	0.01036	0.00642	0.00614	0.01268	0.01669	0.07515	0.23037	0.14787	0.37183	0.04470	0.00927	0.00253	0.00385	0.01406	0.00688	0.00645
16	0.00920	0.00689	0.00829	0.00834	0.00979	0.00625	0.00595	0.01134	0.01650	0.02205	0.33596	0.18099	0.23702	0.09643	0.01130	0.00285	0.00387	0.01424	0.00676	0.00597
17	0.80405	0.01350	0.01026	0.00918	0.01350	0.01565	0.00756	0.02051	0.01188	0.03131	0.00972	0.01134	0.00756	0.00648	0.00432	0.00216	0.00540	0.00378	0.00432	0.00756
18	0.01336	0.01096	0.01164	0.01067	0.01372	0.01155	0.00823	0.05492	0.30182	0.02588	0.12910	0.04375	0.27446	0.01293	0.00755	0.00229	0.00452	0.01082	0.04340	0.00845
19	0.01561	0.01090	0.01252	0.01139	0.01436	0.01124	0.00872	0.09003	0.20717	0.10607	0.14236	0.18233	0.13094	0.01372	0.00779	0.00238	0.00485	0.01179	0.00714	0.00868
20	0.01177	0.00808	0.00959	0.00916	0.01137	0.00747	0.00686	0.03858	0.04532	0.08115	0.25987	0.17952	0.27299	0.01593	0.00817	0.00237	0.00398	0.01376	0.00708	0.00700
21	0.01049	0.00677	0.00767	0.00760	0.00801	0.00671	0.00459	0.01131	0.01186	0.01687	0.10249	0.04384	0.02913	0.56969	0.02829	0.00555	0.00590	0.00996	0.10846	0.00480
22	0.01528	0.14554	0.02019	0.01421	0.01651	0.11045	0.04231	0.01746	0.01419	0.01835	0.11805	0.02440	0.02041	0.07956	0.12505	0.00403	0.19551	0.00712	0.00404	0.00734
23	0.09868	0.00906	0.01010	0.00947	0.01196	0.00894	0.00713	0.04557	0.05367	0.11109	0.11981	0.18533	0.15529	0.05136	0.00872	0.00253	0.00453	0.01156	0.08782	0.00738
24	0.05068	0.00891	0.01019	0.00930	0.01207	0.00829	0.00709	0.04415	0.04190	0.14464	0.14919	0.12157	0.30723	0.04235	0.00884	0.00249	0.00442	0.01231	0.00690	0.00748
25	0.00846	0.00695	0.00748	0.00784	0.00982	0.00597	0.00583	0.01021	0.01547	0.01878	0.06326	0.18607	0.55709	0.01849	0.00844	0.00249	0.00378	0.05122	0.00648	0.00588
26	0.02190	0.01604	0.01677	0.01378	0.01796	0.04702	0.01101	0.41100	0.07502	0.06160	0.02136	0.11385	0.01787	0.01013	0.00693	0.00214	0.00661	0.00814	0.11072	0.01013
27	0.08179	0.01022	0.01152	0.01070	0.01306	0.01065	0.00791	0.07720	0.12352	0.09404	0.08200	0.17145	0.04554	0.18626	0.01404	0.00344	0.00556	0.03724	0.00623	0.00762
28	0.00943	0.00640	0.00829	0.00919	0.00979	0.00604	0.00623	0.01009	0.01296	0.01711	0.06641	0.41861	0.10267	0.11694	0.01510	0.12358	0.00473	0.04553	0.00572	0.00518
29	0.01020	0.00676	0.00771	0.00785	0.00798	0.00674	0.00460	0.01048	0.01067	0.01445	0.02339	0.08463	0.02671	0.66425	0.03213	0.00625	0.00648	0.03132	0.03293	0.00446
30	0.08960	0.00881	0.01008	0.00981	0.01152	0.00915	0.00705	0.06157	0.04636	0.03992	0.09131	0.21594	0.07668	0.18999	0.09704	0.00446	0.00677	0.01173	0.00566	0.00654
31	0.00972	0.00723	0.00808	0.00818	0.00987	0.00654	0.00578	0.01180	0.03613	0.04016	0.10280	0.19080	0.37761	0.13850	0.01277	0.00315	0.00428	0.01435	0.00629	0.00597
32	0.02119	0.01490	0.01647	0.01376	0.01816	0.01621	0.01099	0.21716	0.32826	0.13968	0.07475	0.02667	0.05059	0.00972	0.00718	0.00225	0.00595	0.00793	0.00732	0.01087
33	0.15521	0.01113	0.01191	0.01042	0.01329	0.01177	0.00778	0.08293	0.11617	0.13022	0.07598	0.03046	0.02209	0.24138	0.01545	0.00360	0.00588	0.00791	0.03846	0.00797
34	0.04455	0.00961	0.01118	0.01026	0.01279	0.00962	0.00782	0.08261	0.07554	0.11250	0.16510	0.14742	0.08993	0.07089	0.00966	0.00264	0.00485	0.03794	0.08730	0.00778
35	0.01376	0.00937	0.01068	0.00986	0.01269	0.00905	0.00762	0.04312	0.11971	0.11523	0.09533	0.08814	0.33231	0.03574	0.03935	0.00286	0.00516	0.03551	0.00679	0.00772
36	0.06154	0.01465	0.01643	0.01340	0.01803	0.01557	0.01082	0.22920	0.21311	0.22107	0.06074	0.02333	0.01899	0.00897	0.00687	0.00218	0.00606	0.00717	0.04095	0.01091
37	0.01013	0.00679	0.00771	0.00768	0.00777	0.00676	0.00436	0.01031	0.01067	0.01432	0.05957	0.04602	0.02759	0.71416	0.03402	0.00651	0.00657	0.01028	0.00442	0.00436
38	0.01221	0.00851	0.01063	0.01039	0.01211	0.00882	0.00785	0.04046	0.06966	0.05292	0.04573	0.07276	0.12476	0.17127	0.20007	0.03786	0.00901	0.09306	0.00538	0.00655
39	0.01161	0.00842	0.01157	0.10593	0.04547	0.00857	0.00898	0.03026	0.01472	0.05162	0.10499	0.25661	0.08602	0.14892	0.03994	0.00361	0.00612	0.04447	0.00565	0.00653
40	0.01221	0.00832	0.00984	0.00934	0.01144	0.00794	0.00694	0.01629	0.09206	0.08470	0.24497	0.10204	0.21002	0.11422	0.01177	0.00295	0.00448	0.03668	0.00680	0.00699
41	0.18196	0.01628	0.01699	0.07286	0.09047	0.08580	0.01235	0.20519	0.06601	0.02921	0.01841	0.10646	0.01657	0.00977	0.00673	0.00226	0.00724	0.04097	0.00535	0.00913
42	0.04824	0.01658	0.02252	0.07929	0.19834	0.06499	0.08073	0.16747	0.01837	0.02519	0.01451	0.02010	0.01239	0.08660	0.04628	0.00312	0.07504	0.00667	0.00432	0.00924
43	0.07795	0.01415	0.01836	0.14360	0.15452	0.06773	0.03852	0.07243	0.04463	0.06455	0.06922	0.16225	0.02191	0.01049	0.00722	0.00229	0.00721	0.00919	0.00510	0.00867
44	0.03653	0.01641	0.06856	0.14875	0.06568	0.09196	0.08231	0.08963	0.04860	0.02244	0.02199	0.17304	0.05070	0.01255	0.03713	0.00269	0.00850	0.00947	0.00473	0.00834
45	0.12402	0.01662	0.04463	0.08644	0.08937	0.07853	0.04544	0.14901	0.05181	0.07426	0.07626	0.04319	0.01754	0.03626	0.00778	0.00230	0.00749	0.00699	0.00525	0.03682

[dist]
# distance from previous block
# <min> <max>
4	68

# created by:
# /home/berkeley/.conda/envs/busco_data_prod/bin/msa2prfl.pl pipeline/OGs_align_augustus/4893/25377.fs
