[name]
unknown

[dist]
# distance from previous block
# <min> <max>
0	21

[block]
# block no. 0 follows, 34 sequences, length 35
# corresponding to MSA columns:
# 21-55
name=unknown_A
#
# <colnr> <probs for GDERKNQSTAVLIFYWHMCP>
#	G	D	E	R	K	N	Q	S	T	A	V	L	I	F	Y	W	H	M	C	P
0	0.03718	0.01253	0.06236	0.01448	0.01792	0.01182	0.10727	0.04513	0.18728	0.02298	0.07463	0.04392	0.02710	0.01214	0.00767	0.00248	0.00647	0.29323	0.00557	0.00783
1	0.07510	0.23322	0.10300	0.07054	0.01982	0.08717	0.01240	0.15996	0.03723	0.02257	0.01588	0.01778	0.05990	0.03010	0.02762	0.00218	0.00767	0.00542	0.00405	0.00839
2	0.00985	0.00804	0.00889	0.00859	0.01075	0.00787	0.00645	0.01536	0.16661	0.02157	0.22313	0.11667	0.34337	0.01430	0.00746	0.00219	0.00365	0.01223	0.00641	0.00662
3	0.01399	0.03916	0.07162	0.13340	0.34047	0.01368	0.05240	0.04237	0.01492	0.02055	0.03949	0.04724	0.08293	0.00808	0.00663	0.00203	0.00720	0.02960	0.02563	0.00863
4	0.01523	0.10704	0.32973	0.02279	0.13301	0.01689	0.19526	0.06596	0.01526	0.02138	0.01203	0.01472	0.00910	0.00595	0.00636	0.00198	0.00916	0.00557	0.00319	0.00940
5	0.01180	0.01056	0.05414	0.06781	0.04490	0.00948	0.09307	0.03076	0.05988	0.05897	0.06645	0.38731	0.05018	0.01394	0.00756	0.00235	0.00564	0.01277	0.00538	0.00705
6	0.00920	0.00667	0.00929	0.00937	0.01016	0.00741	0.00680	0.01080	0.01022	0.01439	0.01917	0.07113	0.01967	0.24980	0.50645	0.00880	0.01347	0.00825	0.00373	0.00522
7	0.01201	0.01917	0.28767	0.04193	0.10846	0.01203	0.08267	0.01731	0.03944	0.02061	0.10581	0.02963	0.17751	0.00923	0.00685	0.00208	0.00711	0.00807	0.00421	0.00819
8	0.01850	0.12127	0.22595	0.04259	0.06684	0.04183	0.05035	0.07328	0.07751	0.17058	0.01648	0.03954	0.01232	0.00719	0.00617	0.00196	0.00761	0.00589	0.00462	0.00956
9	0.02483	0.03818	0.06508	0.01347	0.04137	0.07879	0.01113	0.08476	0.01843	0.46802	0.02204	0.07127	0.01577	0.00843	0.00646	0.00199	0.00647	0.00682	0.00662	0.01007
10	0.66034	0.04044	0.01176	0.00994	0.01387	0.13667	0.00804	0.02014	0.01228	0.02635	0.00916	0.01068	0.00726	0.00609	0.00431	0.00192	0.00617	0.00361	0.00385	0.00712
11	0.01525	0.01743	0.03813	0.02723	0.03377	0.01634	0.70915	0.02070	0.01525	0.02070	0.01307	0.01743	0.00980	0.00545	0.00763	0.00218	0.01089	0.00763	0.00327	0.00871
12	0.21577	0.08144	0.10019	0.01390	0.04370	0.01630	0.03174	0.19844	0.08986	0.08894	0.01560	0.05020	0.01219	0.00752	0.00575	0.00199	0.00649	0.00577	0.00503	0.00918
13	0.04451	0.04024	0.02533	0.01935	0.02241	0.06839	0.23817	0.01943	0.01303	0.07471	0.01145	0.01540	0.00943	0.00846	0.01344	0.00240	0.35632	0.00611	0.00345	0.00798
14	0.00789	0.00572	0.00746	0.00880	0.00934	0.00529	0.00593	0.00911	0.01271	0.01684	0.05787	0.69864	0.09102	0.01977	0.00819	0.00258	0.00370	0.01785	0.00603	0.00529
15	0.00927	0.00628	0.00701	0.00701	0.00716	0.00621	0.00398	0.00939	0.00977	0.01287	0.02349	0.04367	0.07258	0.72035	0.03113	0.00598	0.00606	0.00969	0.00406	0.00402
16	0.04751	0.21264	0.15937	0.04745	0.08211	0.05735	0.10764	0.04136	0.01457	0.06909	0.01301	0.01652	0.01054	0.00893	0.04828	0.00238	0.02329	0.02577	0.00356	0.00864
17	0.01523	0.01609	0.02076	0.05843	0.01989	0.10178	0.05803	0.01709	0.01136	0.01596	0.00911	0.01423	0.00855	0.01014	0.01779	0.00262	0.58718	0.00561	0.00291	0.00723
18	0.01012	0.00582	0.00806	0.00828	0.00851	0.00569	0.00547	0.00906	0.01030	0.01389	0.09063	0.16242	0.02393	0.13560	0.02151	0.45870	0.00511	0.00913	0.00400	0.00376
19	0.03886	0.30366	0.22943	0.08853	0.02324	0.13009	0.01558	0.06712	0.01515	0.01902	0.01057	0.01253	0.00845	0.00613	0.00535	0.00175	0.00851	0.00433	0.00313	0.00856
20	0.07533	0.08155	0.06081	0.03950	0.08989	0.01740	0.08478	0.25178	0.14270	0.02830	0.01707	0.04004	0.02699	0.00760	0.00628	0.00200	0.00704	0.00637	0.00501	0.00955
21	0.00787	0.00562	0.00750	0.00900	0.00937	0.00525	0.00600	0.00900	0.01237	0.01649	0.03561	0.76871	0.04274	0.02024	0.00825	0.00262	0.00375	0.01837	0.00600	0.00525
22	0.08013	0.01902	0.03624	0.01396	0.01839	0.16652	0.01135	0.29529	0.16507	0.05335	0.01777	0.01768	0.03477	0.00775	0.00615	0.00192	0.00729	0.00579	0.00551	0.03606
23	0.01818	0.21858	0.11821	0.05419	0.08031	0.05659	0.03666	0.07155	0.03084	0.13200	0.05838	0.01722	0.01364	0.00696	0.00608	0.00181	0.02161	0.00547	0.02234	0.02940
24	0.01827	0.11475	0.25444	0.01652	0.06434	0.10057	0.02948	0.06003	0.05501	0.13988	0.05662	0.01734	0.01356	0.00716	0.00642	0.00193	0.02445	0.00557	0.00439	0.00928
25	0.01491	0.30856	0.38815	0.01763	0.07300	0.01904	0.05649	0.02002	0.01361	0.01856	0.01074	0.01279	0.00846	0.00585	0.00550	0.00180	0.00851	0.00451	0.00280	0.00908
26	0.01524	0.01552	0.02921	0.13161	0.41142	0.01554	0.24559	0.01967	0.01465	0.02036	0.01237	0.01663	0.00988	0.00575	0.00681	0.00204	0.00886	0.00637	0.00318	0.00933
27	0.05189	0.09897	0.14212	0.04133	0.10982	0.01662	0.12459	0.12757	0.11102	0.06242	0.01564	0.04260	0.01226	0.00711	0.00631	0.00200	0.00764	0.00624	0.00441	0.00942
28	0.01472	0.02015	0.25147	0.01986	0.10378	0.01490	0.12073	0.06984	0.08861	0.03999	0.01753	0.08149	0.03674	0.00846	0.00816	0.00219	0.08112	0.00722	0.00406	0.00897
29	0.00855	0.00591	0.00730	0.00812	0.00833	0.00570	0.00507	0.00918	0.01104	0.01472	0.02878	0.44338	0.03412	0.35733	0.01928	0.00425	0.00488	0.01435	0.00507	0.00465
30	0.00963	0.01223	0.16152	0.01132	0.01392	0.00844	0.01030	0.01280	0.03364	0.01779	0.04727	0.40281	0.07779	0.03937	0.05884	0.00309	0.03241	0.03538	0.00502	0.00641
31	0.04328	0.03872	0.09660	0.12701	0.09431	0.08228	0.10566	0.16296	0.01796	0.09914	0.01426	0.03396	0.01088	0.00715	0.00699	0.00203	0.03733	0.00601	0.00437	0.00911
32	0.02328	0.05787	0.02036	0.01705	0.02081	0.62237	0.06081	0.06857	0.01866	0.01771	0.01051	0.01225	0.00859	0.00660	0.00593	0.00171	0.01113	0.00448	0.00350	0.00783
33	0.00796	0.00566	0.00747	0.00889	0.00924	0.00530	0.00588	0.00902	0.01221	0.01628	0.03477	0.72862	0.04167	0.06177	0.00961	0.00282	0.00389	0.01787	0.00588	0.00517
34	0.09499	0.04413	0.18569	0.01757	0.07954	0.06623	0.08417	0.14586	0.06057	0.09159	0.03116	0.04252	0.01273	0.00731	0.00624	0.00200	0.00772	0.00606	0.00459	0.00930

[dist]
# distance from previous block
# <min> <max>
0	4

[block]
# block no. 1 follows, 34 sequences, length 20
# corresponding to MSA columns:
# 60-79
name=unknown_B
#
# <colnr> <probs for GDERKNQSTAVLIFYWHMCP>
#	G	D	E	R	K	N	Q	S	T	A	V	L	I	F	Y	W	H	M	C	P
0	0.04470	0.01308	0.02221	0.46135	0.25951	0.01479	0.05688	0.01789	0.01354	0.01868	0.01169	0.01659	0.00913	0.00616	0.00641	0.00207	0.00831	0.00577	0.00304	0.00822
1	0.01368	0.01453	0.04814	0.07319	0.04429	0.13912	0.01001	0.01973	0.18075	0.01956	0.06227	0.03421	0.22316	0.07848	0.00910	0.00243	0.00634	0.00865	0.00501	0.00735
2	0.01905	0.29815	0.04214	0.01328	0.01830	0.04869	0.03213	0.19021	0.11971	0.05291	0.01412	0.01476	0.01105	0.00684	0.00601	0.00173	0.03272	0.00499	0.00454	0.06867
3	0.01326	0.01116	0.01306	0.00964	0.01489	0.00867	0.00764	0.03707	0.01405	0.02159	0.04132	0.05828	0.01355	0.00610	0.00515	0.00113	0.00473	0.00504	0.00416	0.70951
4	0.05001	0.01414	0.04784	0.04333	0.14087	0.04726	0.05864	0.08531	0.04807	0.18787	0.07876	0.06673	0.05148	0.00888	0.00730	0.00208	0.03954	0.00752	0.00537	0.00899
5	0.01566	0.04264	0.10965	0.12875	0.43825	0.01504	0.03324	0.02038	0.03880	0.05420	0.01327	0.01650	0.01047	0.00614	0.00628	0.00195	0.00775	0.00569	0.02578	0.00956
6	0.00800	0.00572	0.00761	0.00891	0.00940	0.00533	0.00601	0.00932	0.01297	0.01745	0.10592	0.69567	0.04458	0.01953	0.00818	0.00256	0.00368	0.01769	0.00611	0.00533
7	0.01058	0.00881	0.01323	0.01280	0.05590	0.00836	0.09269	0.05507	0.01590	0.02143	0.21994	0.28725	0.14349	0.01435	0.00769	0.00226	0.00480	0.01304	0.00583	0.00658
8	0.03592	0.02147	0.27938	0.04259	0.17272	0.01507	0.09039	0.08687	0.04034	0.11666	0.01444	0.01619	0.01045	0.00658	0.00669	0.00204	0.02264	0.00570	0.00409	0.00978
9	0.01928	0.35021	0.05870	0.04658	0.04111	0.14740	0.03898	0.07371	0.01602	0.08633	0.01241	0.01378	0.00984	0.00632	0.00526	0.00165	0.00777	0.00459	0.05151	0.00856
10	0.01191	0.00681	0.00761	0.00750	0.00905	0.00706	0.00566	0.05393	0.01391	0.02288	0.02165	0.09928	0.01883	0.01511	0.11893	0.00301	0.00551	0.00740	0.55775	0.00619
11	0.01570	0.01608	0.03197	0.08518	0.27233	0.01565	0.40138	0.02042	0.01499	0.04247	0.01302	0.01706	0.01005	0.00571	0.00709	0.00208	0.00946	0.00681	0.00336	0.00919
12	0.01533	0.10421	0.21371	0.19371	0.17406	0.10069	0.03597	0.02017	0.03237	0.01864	0.01157	0.01475	0.00908	0.00628	0.00637	0.00195	0.02423	0.00514	0.00305	0.00871
13	0.02832	0.01207	0.01566	0.01201	0.01703	0.01109	0.00992	0.13447	0.02029	0.63157	0.02398	0.02101	0.01524	0.00796	0.00649	0.00199	0.00574	0.00639	0.00776	0.01099
14	0.00782	0.00619	0.00704	0.00758	0.00903	0.00541	0.00540	0.00934	0.01403	0.01759	0.09336	0.33328	0.42578	0.01767	0.00787	0.00234	0.00344	0.01534	0.00607	0.00541
15	0.01664	0.01955	0.18104	0.08940	0.21321	0.07334	0.07972	0.03987	0.07939	0.08693	0.01551	0.04959	0.01228	0.00711	0.00652	0.00203	0.00817	0.00634	0.00404	0.00932
16	0.01122	0.00937	0.01428	0.03527	0.01544	0.00949	0.11540	0.08254	0.01444	0.01933	0.02837	0.43809	0.06058	0.06695	0.01018	0.00271	0.04104	0.01364	0.00524	0.00643
17	0.02108	0.01300	0.01747	0.01386	0.01792	0.01322	0.08081	0.24289	0.02062	0.25471	0.06350	0.13378	0.02012	0.00999	0.00765	0.00214	0.04296	0.00846	0.00642	0.00941
18	0.01769	0.11373	0.26710	0.01722	0.05860	0.05748	0.08490	0.07617	0.03770	0.13241	0.03645	0.04429	0.01309	0.00723	0.00626	0.00196	0.00803	0.00605	0.00432	0.00933
19	0.11414	0.08887	0.17124	0.01595	0.09104	0.04857	0.04078	0.02242	0.09810	0.12701	0.05038	0.02093	0.06827	0.00770	0.00605	0.00197	0.00683	0.00621	0.00465	0.00889

[dist]
# distance from previous block
# <min> <max>
2	6

[block]
# block no. 2 follows, 34 sequences, length 20
# corresponding to MSA columns:
# 86-105
name=unknown_C
#
# <colnr> <probs for GDERKNQSTAVLIFYWHMCP>
#	G	D	E	R	K	N	Q	S	T	A	V	L	I	F	Y	W	H	M	C	P
0	0.16123	0.03758	0.12458	0.01521	0.06549	0.04487	0.03112	0.15414	0.11505	0.02677	0.06806	0.01958	0.01528	0.00779	0.00651	0.00201	0.03100	0.02894	0.00476	0.04004
1	0.17823	0.10187	0.07255	0.01206	0.01669	0.05471	0.01066	0.20255	0.07081	0.08748	0.05549	0.01925	0.05156	0.00781	0.00573	0.00191	0.00627	0.00582	0.02971	0.00883
2	0.01717	0.12744	0.10140	0.01337	0.01808	0.03785	0.04890	0.12940	0.08800	0.09092	0.12486	0.02102	0.01906	0.00798	0.00684	0.00187	0.04212	0.00635	0.02634	0.07103
3	0.00789	0.00652	0.00692	0.00690	0.00890	0.00555	0.00514	0.00972	0.01519	0.01875	0.16939	0.08912	0.59565	0.01602	0.00766	0.00218	0.00326	0.01352	0.00618	0.00555
4	0.01438	0.04477	0.31041	0.06690	0.12829	0.01471	0.09257	0.09440	0.01602	0.02256	0.06923	0.06643	0.01532	0.00765	0.00658	0.00205	0.00814	0.00678	0.00383	0.00898
5	0.01553	0.01198	0.01397	0.01025	0.01578	0.00980	0.00824	0.06119	0.05392	0.08226	0.01372	0.01484	0.01075	0.00545	0.00513	0.00117	0.00501	0.00436	0.00449	0.65216
6	0.00787	0.00562	0.00750	0.00900	0.00937	0.00525	0.00600	0.00900	0.01237	0.01649	0.03561	0.76871	0.04274	0.02024	0.00825	0.00262	0.00375	0.01837	0.00600	0.00525
7	0.01340	0.01148	0.01340	0.00957	0.01531	0.00861	0.00766	0.01627	0.01340	0.02105	0.01148	0.01340	0.00957	0.00479	0.00479	0.00096	0.00479	0.00383	0.00383	0.81242
8	0.02038	0.03749	0.12360	0.01557	0.04417	0.01626	0.03597	0.29137	0.06789	0.13814	0.04392	0.01783	0.01350	0.00777	0.00745	0.00200	0.06167	0.00600	0.00550	0.04351
9	0.07869	0.01431	0.01517	0.01296	0.01698	0.01607	0.01028	0.20102	0.41967	0.07893	0.02262	0.04978	0.01723	0.00870	0.00641	0.00212	0.00558	0.00702	0.00643	0.01004
10	0.02456	0.01810	0.01939	0.01487	0.02004	0.02004	0.01228	0.71107	0.03038	0.04072	0.01551	0.01551	0.01099	0.00776	0.00646	0.00194	0.00711	0.00582	0.00646	0.01099
11	0.00923	0.00692	0.01038	0.01038	0.01154	0.00808	0.00808	0.01154	0.01038	0.01500	0.01731	0.02538	0.01615	0.04846	0.74732	0.01038	0.01731	0.00692	0.00346	0.00577
12	0.07797	0.02456	0.38515	0.02078	0.06952	0.01545	0.20033	0.04846	0.01441	0.02178	0.01207	0.01498	0.00901	0.00743	0.02968	0.00234	0.02823	0.00561	0.00318	0.00905
13	0.02382	0.01773	0.01897	0.01472	0.01975	0.01969	0.01210	0.65186	0.09080	0.03952	0.01646	0.01626	0.01175	0.00784	0.00647	0.00196	0.00694	0.00595	0.00647	0.01092
14	0.01063	0.00742	0.00875	0.00833	0.01033	0.00691	0.00625	0.03981	0.04525	0.06335	0.30244	0.14687	0.25972	0.01425	0.00744	0.00214	0.00359	0.01229	0.03781	0.00641
15	0.00783	0.00645	0.00688	0.00699	0.00890	0.00550	0.00516	0.00956	0.01486	0.01828	0.13507	0.13818	0.58111	0.01644	0.00770	0.00221	0.00330	0.01394	0.00612	0.00550
16	0.50924	0.24007	0.01750	0.01000	0.01439	0.08461	0.00870	0.01972	0.01229	0.02371	0.00908	0.01056	0.00750	0.00592	0.00421	0.00179	0.00617	0.00355	0.00357	0.00743
17	0.02130	0.12317	0.04988	0.04483	0.04912	0.44420	0.03971	0.02372	0.01672	0.06634	0.01189	0.01360	0.00946	0.00654	0.00571	0.00171	0.00973	0.00462	0.04978	0.00798
18	0.04200	0.06413	0.12079	0.04100	0.11103	0.01358	0.01282	0.13090	0.01657	0.05280	0.03409	0.03538	0.01213	0.00651	0.00569	0.00161	0.00644	0.00529	0.00425	0.28299
19	0.01746	0.10542	0.14508	0.04349	0.14686	0.09109	0.06458	0.07624	0.03783	0.09153	0.04269	0.05770	0.01402	0.00741	0.00625	0.00191	0.00777	0.00628	0.00423	0.03213

[dist]
# distance from previous block
# <min> <max>
0	6

[block]
# block no. 3 follows, 34 sequences, length 67
# corresponding to MSA columns:
# 112-178
name=unknown_D
#
# <colnr> <probs for GDERKNQSTAVLIFYWHMCP>
#	G	D	E	R	K	N	Q	S	T	A	V	L	I	F	Y	W	H	M	C	P
0	0.01602	0.01079	0.03017	0.01564	0.13636	0.01023	0.01035	0.03754	0.11879	0.18680	0.12642	0.22112	0.02875	0.01165	0.00710	0.00218	0.00513	0.01030	0.00616	0.00851
1	0.01462	0.02368	0.35849	0.16685	0.07478	0.06268	0.09624	0.02013	0.01425	0.05662	0.01335	0.04548	0.01038	0.00680	0.00647	0.00207	0.00909	0.00594	0.00329	0.00880
2	0.01879	0.06340	0.16050	0.03563	0.08544	0.14311	0.13173	0.06754	0.05308	0.11986	0.01544	0.01859	0.01187	0.00709	0.00647	0.00199	0.00870	0.03732	0.00429	0.00915
3	0.01396	0.02126	0.33821	0.15304	0.10557	0.01365	0.01820	0.02053	0.07961	0.06368	0.01690	0.06257	0.03116	0.00765	0.00642	0.00209	0.00785	0.00647	0.02229	0.00890
4	0.00923	0.00692	0.01038	0.01038	0.01154	0.00808	0.00808	0.01154	0.01038	0.01500	0.01731	0.02538	0.01615	0.04846	0.74732	0.01038	0.01731	0.00692	0.00346	0.00577
5	0.06087	0.01177	0.06181	0.21690	0.02212	0.04740	0.03060	0.01497	0.01171	0.04141	0.01370	0.02089	0.01215	0.09365	0.15609	0.14063	0.02770	0.00611	0.00335	0.00618
6	0.03840	0.21410	0.13393	0.03712	0.13259	0.12451	0.15172	0.04284	0.01504	0.01928	0.01106	0.01369	0.00894	0.00603	0.00621	0.00184	0.02568	0.00510	0.00316	0.00874
7	0.00837	0.00644	0.00836	0.00992	0.04658	0.00591	0.00647	0.00996	0.01367	0.01796	0.11527	0.48921	0.20237	0.01785	0.00794	0.00242	0.00377	0.01591	0.00597	0.00564
8	0.81856	0.01250	0.00950	0.00850	0.01250	0.01449	0.00700	0.01899	0.01100	0.02899	0.00900	0.01050	0.00700	0.00600	0.00400	0.00200	0.00500	0.00350	0.00400	0.00700
9	0.00905	0.00707	0.00965	0.03536	0.01181	0.00753	0.00773	0.01059	0.01270	0.01715	0.06818	0.53275	0.05970	0.01802	0.00974	0.00262	0.09411	0.07505	0.00557	0.00564
10	0.01546	0.19816	0.30958	0.04209	0.11878	0.07437	0.08514	0.02024	0.01401	0.01869	0.01096	0.01354	0.00867	0.00614	0.00645	0.00189	0.03907	0.00489	0.00291	0.00894
11	0.02652	0.01458	0.10025	0.01276	0.01831	0.01157	0.01155	0.12217	0.01954	0.55910	0.02252	0.02014	0.01440	0.00775	0.00645	0.00200	0.00619	0.00620	0.00717	0.01083
12	0.00786	0.00634	0.00701	0.00730	0.00898	0.00548	0.00530	0.00954	0.01458	0.01820	0.13441	0.22625	0.49230	0.01691	0.00778	0.00227	0.00336	0.01452	0.00613	0.00548
13	0.08857	0.01631	0.08644	0.13390	0.13859	0.05110	0.10092	0.10876	0.01691	0.11080	0.05260	0.01910	0.03313	0.00714	0.00641	0.00202	0.00765	0.00625	0.00448	0.00893
14	0.04431	0.03848	0.06195	0.21215	0.24914	0.18037	0.05907	0.02076	0.01500	0.04208	0.01176	0.01515	0.00928	0.00622	0.00621	0.00194	0.00893	0.00534	0.00330	0.00857
15	0.77759	0.01278	0.01001	0.00883	0.01288	0.01478	0.00727	0.05471	0.01200	0.02960	0.00933	0.01076	0.00720	0.00609	0.00413	0.00200	0.00511	0.00362	0.00413	0.00720
16	0.01393	0.02916	0.56612	0.06140	0.05283	0.01541	0.08622	0.06201	0.01480	0.02151	0.01198	0.01439	0.00860	0.00618	0.00632	0.00205	0.00941	0.00519	0.00303	0.00945
17	0.00978	0.00675	0.00884	0.00824	0.00987	0.00621	0.00621	0.01281	0.01830	0.04867	0.70669	0.04742	0.05953	0.01304	0.00758	0.00203	0.00313	0.01152	0.00714	0.00625
18	0.09203	0.01112	0.01456	0.01126	0.01617	0.00990	0.00930	0.03049	0.01789	0.68055	0.02417	0.02107	0.01528	0.00784	0.00630	0.00200	0.00546	0.00626	0.00768	0.01068
19	0.00903	0.00660	0.00847	0.00800	0.00958	0.00605	0.00600	0.01196	0.01801	0.02524	0.67688	0.04936	0.11371	0.01346	0.00762	0.00204	0.00307	0.01184	0.00703	0.00605
20	0.00782	0.00655	0.00680	0.00674	0.00884	0.00553	0.00505	0.00963	0.01516	0.01848	0.14584	0.06050	0.64897	0.01598	0.00763	0.00216	0.00325	0.01340	0.00613	0.00553
21	0.00787	0.00562	0.00750	0.00900	0.00937	0.00525	0.00600	0.00900	0.01237	0.01649	0.03561	0.76871	0.04274	0.02024	0.00825	0.00262	0.00375	0.01837	0.00600	0.00525
22	0.01028	0.00734	0.01026	0.01175	0.01318	0.00732	0.01018	0.01316	0.01475	0.01919	0.03428	0.10879	0.03747	0.01797	0.00889	0.00296	0.00584	0.65451	0.00595	0.00591
23	0.02899	0.01100	0.01499	0.01150	0.01649	0.00950	0.00950	0.03149	0.01849	0.73709	0.02549	0.02199	0.01599	0.00800	0.00650	0.00200	0.00550	0.00650	0.00800	0.01100
24	0.81856	0.01250	0.00950	0.00850	0.01250	0.01449	0.00700	0.01899	0.01100	0.02899	0.00900	0.01050	0.00700	0.00600	0.00400	0.00200	0.00500	0.00350	0.00400	0.00700
25	0.81856	0.01250	0.00950	0.00850	0.01250	0.01449	0.00700	0.01899	0.01100	0.02899	0.00900	0.01050	0.00700	0.00600	0.00400	0.00200	0.00500	0.00350	0.00400	0.00700
26	0.01525	0.01743	0.03813	0.02723	0.03377	0.01634	0.70915	0.02070	0.01525	0.02070	0.01307	0.01743	0.00980	0.00545	0.00763	0.00218	0.01089	0.00763	0.00327	0.00871
27	0.81856	0.01250	0.00950	0.00850	0.01250	0.01449	0.00700	0.01899	0.01100	0.02899	0.00900	0.01050	0.00700	0.00600	0.00400	0.00200	0.00500	0.00350	0.00400	0.00700
28	0.01607	0.01388	0.01461	0.01315	0.01680	0.01607	0.01023	0.03433	0.72094	0.02703	0.02630	0.02411	0.01972	0.00877	0.00657	0.00219	0.00511	0.00731	0.00657	0.01023
29	0.01220	0.01148	0.01938	0.75739	0.04450	0.01436	0.01794	0.01651	0.01292	0.01651	0.01148	0.01723	0.00861	0.00646	0.00646	0.00215	0.00861	0.00574	0.00287	0.00718
30	0.00787	0.00562	0.00750	0.00900	0.00937	0.00525	0.00600	0.00900	0.01237	0.01649	0.03561	0.76871	0.04274	0.02024	0.00825	0.00262	0.00375	0.01837	0.00600	0.00525
31	0.81856	0.01250	0.00950	0.00850	0.01250	0.01449	0.00700	0.01899	0.01100	0.02899	0.00900	0.01050	0.00700	0.00600	0.00400	0.00200	0.00500	0.00350	0.00400	0.00700
32	0.02456	0.01810	0.01939	0.01487	0.02004	0.02004	0.01228	0.71107	0.03038	0.04072	0.01551	0.01551	0.01099	0.00776	0.00646	0.00194	0.00711	0.00582	0.00646	0.01099
33	0.02373	0.01776	0.01858	0.01455	0.01941	0.04814	0.01189	0.60668	0.06090	0.06068	0.01679	0.04141	0.01252	0.00819	0.00650	0.00196	0.00703	0.00627	0.00638	0.01062
34	0.01711	0.01600	0.09281	0.03891	0.04862	0.03629	0.29496	0.05676	0.01604	0.15611	0.01899	0.14279	0.01631	0.00866	0.00719	0.00217	0.00821	0.00862	0.00472	0.00874
35	0.01340	0.01148	0.01340	0.00957	0.01531	0.00861	0.00766	0.01627	0.01340	0.02105	0.01148	0.01340	0.00957	0.00479	0.00479	0.00096	0.00479	0.00383	0.00383	0.81242
36	0.01599	0.01535	0.02623	0.03966	0.73262	0.01535	0.01983	0.01983	0.01471	0.02111	0.01215	0.01599	0.01023	0.00576	0.00640	0.00192	0.00768	0.00576	0.00320	0.01023
37	0.81856	0.01250	0.00950	0.00850	0.01250	0.01449	0.00700	0.01899	0.01100	0.02899	0.00900	0.01050	0.00700	0.00600	0.00400	0.00200	0.00500	0.00350	0.00400	0.00700
38	0.01258	0.00666	0.00673	0.00653	0.00823	0.00679	0.00495	0.03801	0.03679	0.02472	0.02107	0.02381	0.01648	0.00757	0.00465	0.00154	0.00321	0.00606	0.75731	0.00632
39	0.00924	0.00688	0.01017	0.01017	0.01125	0.00796	0.00781	0.01140	0.01032	0.01484	0.01750	0.02647	0.01662	0.09492	0.70150	0.01012	0.01660	0.00708	0.00349	0.00565
40	0.01768	0.73233	0.03293	0.01139	0.01679	0.06858	0.01114	0.01973	0.01344	0.01524	0.00904	0.01044	0.00829	0.00560	0.00425	0.00140	0.00719	0.00350	0.00280	0.00824
41	0.00789	0.00656	0.00690	0.00682	0.00888	0.00556	0.00511	0.00977	0.01533	0.01889	0.17845	0.05981	0.61610	0.01583	0.00763	0.00216	0.00323	0.01330	0.00619	0.00556
42	0.63924	0.03979	0.01320	0.01080	0.01492	0.11088	0.05112	0.02000	0.01228	0.02631	0.00938	0.01107	0.00739	0.00604	0.00447	0.00195	0.00629	0.00384	0.00383	0.00721
43	0.00787	0.00562	0.00750	0.00900	0.00937	0.00525	0.00600	0.00900	0.01237	0.01649	0.03561	0.76871	0.04274	0.02024	0.00825	0.00262	0.00375	0.01837	0.00600	0.00525
44	0.01340	0.01148	0.01340	0.00957	0.01531	0.00861	0.00766	0.01627	0.01340	0.02105	0.01148	0.01340	0.00957	0.00479	0.00479	0.00096	0.00479	0.00383	0.00383	0.81242
45	0.02456	0.01810	0.01939	0.01487	0.02004	0.02004	0.01228	0.71107	0.03038	0.04072	0.01551	0.01551	0.01099	0.00776	0.00646	0.00194	0.00711	0.00582	0.00646	0.01099
46	0.21182	0.01466	0.01948	0.02000	0.16435	0.04221	0.05391	0.01840	0.01201	0.04166	0.01019	0.01397	0.00877	0.00827	0.01219	0.00234	0.32921	0.00524	0.00339	0.00793
47	0.01586	0.01522	0.02599	0.06447	0.70883	0.01532	0.01976	0.01972	0.01465	0.02095	0.01213	0.01603	0.01018	0.00578	0.00640	0.00193	0.00771	0.00576	0.00319	0.01013
48	0.02456	0.01810	0.01939	0.01487	0.02004	0.02004	0.01228	0.71107	0.03038	0.04072	0.01551	0.01551	0.01099	0.00776	0.00646	0.00194	0.00711	0.00582	0.00646	0.01099
49	0.00787	0.00562	0.00750	0.00900	0.00937	0.00525	0.00600	0.00900	0.01237	0.01649	0.03561	0.76871	0.04274	0.02024	0.00825	0.00262	0.00375	0.01837	0.00600	0.00525
50	0.00940	0.00626	0.00705	0.00705	0.00705	0.00626	0.00392	0.00940	0.00940	0.01253	0.02036	0.04228	0.02349	0.77292	0.03289	0.00626	0.00626	0.00940	0.00392	0.00392
51	0.01525	0.01743	0.03813	0.02723	0.03377	0.01634	0.70915	0.02070	0.01525	0.02070	0.01307	0.01743	0.00980	0.00545	0.00763	0.00218	0.01089	0.00763	0.00327	0.00871
52	0.00775	0.00658	0.00670	0.00676	0.00891	0.00553	0.00513	0.00944	0.01473	0.01753	0.06420	0.06261	0.70224	0.01642	0.00769	0.00221	0.00338	0.04070	0.00600	0.00547
53	0.01525	0.01743	0.03813	0.02723	0.03377	0.01634	0.70915	0.02070	0.01525	0.02070	0.01307	0.01743	0.00980	0.00545	0.00763	0.00218	0.01089	0.00763	0.00327	0.00871
54	0.05545	0.01138	0.01501	0.01155	0.01652	0.01015	0.00954	0.06255	0.01879	0.68091	0.02447	0.02130	0.01546	0.00792	0.00641	0.00200	0.00556	0.00636	0.00779	0.01086
55	0.01308	0.05502	0.71895	0.01820	0.02763	0.01531	0.02350	0.02043	0.01363	0.02031	0.01152	0.01355	0.00819	0.00612	0.00608	0.00203	0.00947	0.00474	0.00273	0.00951
56	0.01489	0.01423	0.02423	0.24877	0.53214	0.01506	0.01928	0.01886	0.01419	0.01977	0.01196	0.01635	0.00976	0.00596	0.00642	0.00199	0.00795	0.00575	0.00310	0.00934
57	0.00778	0.00598	0.00713	0.00804	0.00912	0.00533	0.00557	0.00910	0.01329	0.01687	0.04728	0.49242	0.31149	0.01873	0.00801	0.00245	0.00356	0.01652	0.00600	0.00533
58	0.10233	0.00814	0.01014	0.01032	0.03100	0.00825	0.02953	0.03033	0.01341	0.01923	0.06707	0.27153	0.20790	0.01722	0.04702	0.04495	0.03538	0.03508	0.00524	0.00594
59	0.01524	0.01277	0.01889	0.51675	0.05893	0.01514	0.01600	0.11631	0.09105	0.05455	0.01430	0.01790	0.01052	0.00694	0.00647	0.00211	0.00786	0.00595	0.00402	0.00831
60	0.00786	0.00566	0.00746	0.00891	0.00935	0.00526	0.00596	0.00901	0.01245	0.01653	0.03667	0.74379	0.06697	0.02011	0.00823	0.00261	0.00373	0.01820	0.00600	0.00526
61	0.01503	0.01900	0.10690	0.02637	0.03320	0.01621	0.64195	0.02067	0.01509	0.02067	0.01293	0.01706	0.00965	0.00551	0.00748	0.00217	0.01076	0.00735	0.00322	0.00880
62	0.01685	0.12621	0.10958	0.20291	0.11930	0.07376	0.05550	0.04060	0.08997	0.08321	0.01412	0.01633	0.01067	0.00657	0.00612	0.00195	0.00804	0.00552	0.00388	0.00890
63	0.00895	0.00662	0.00827	0.00921	0.01030	0.00627	0.00669	0.04218	0.01399	0.01819	0.04008	0.50536	0.16924	0.01861	0.00814	0.00256	0.00412	0.10954	0.00601	0.00565
64	0.02065	0.01191	0.01396	0.01141	0.01532	0.01210	0.00918	0.19051	0.13068	0.26371	0.12996	0.02664	0.05373	0.00917	0.00656	0.00199	0.00517	0.00751	0.07032	0.00950
65	0.35523	0.01738	0.01705	0.03985	0.19320	0.17804	0.03649	0.02058	0.01386	0.02310	0.01032	0.01268	0.00835	0.00602	0.00523	0.00187	0.00744	0.00443	0.00359	0.04529
66	0.07326	0.07190	0.01521	0.01246	0.05165	0.05354	0.00947	0.18209	0.12642	0.07673	0.03519	0.01946	0.01472	0.00754	0.00560	0.00181	0.00560	0.00586	0.22278	0.00870

[dist]
# distance from previous block
# <min> <max>
1	4

[block]
# block no. 4 follows, 34 sequences, length 85
# corresponding to MSA columns:
# 183-267
name=unknown_E
#
# <colnr> <probs for GDERKNQSTAVLIFYWHMCP>
#	G	D	E	R	K	N	Q	S	T	A	V	L	I	F	Y	W	H	M	C	P
0	0.01401	0.06666	0.10363	0.01225	0.03620	0.01122	0.02829	0.01791	0.04059	0.06297	0.08247	0.03744	0.04455	0.00722	0.00622	0.00154	0.03156	0.00589	0.00435	0.38504
1	0.00764	0.00655	0.00655	0.00655	0.00873	0.00545	0.00491	0.00927	0.01473	0.01745	0.06546	0.06218	0.73000	0.01636	0.00764	0.00218	0.00327	0.01364	0.00600	0.00545
2	0.01359	0.01210	0.01579	0.01139	0.01698	0.00972	0.06868	0.01662	0.01342	0.02081	0.01150	0.01378	0.00955	0.00510	0.00567	0.00114	0.03494	0.00423	0.00374	0.71125
3	0.01122	0.00561	0.00842	0.00842	0.00842	0.00561	0.00561	0.00842	0.00842	0.01122	0.01122	0.01964	0.01122	0.02245	0.02525	0.81201	0.00561	0.00561	0.00281	0.00281
4	0.00924	0.00689	0.01023	0.01023	0.01133	0.00799	0.00789	0.01144	0.01034	0.01489	0.01745	0.02616	0.01649	0.08172	0.71452	0.01020	0.01680	0.00704	0.00348	0.00568
5	0.00783	0.00655	0.00682	0.00675	0.00885	0.00554	0.00506	0.00965	0.01519	0.01855	0.15137	0.06038	0.64340	0.01596	0.00763	0.00216	0.00324	0.01338	0.00614	0.00554
6	0.01041	0.00744	0.01041	0.01190	0.01339	0.00744	0.01041	0.01339	0.01487	0.01934	0.03421	0.07288	0.03719	0.01785	0.00892	0.00297	0.00595	0.68913	0.00595	0.00595
7	0.01607	0.01388	0.01461	0.01315	0.01680	0.01607	0.01023	0.03433	0.72094	0.02703	0.02630	0.02411	0.01972	0.00877	0.00657	0.00219	0.00511	0.00731	0.00657	0.01023
8	0.02456	0.01810	0.01939	0.01487	0.02004	0.02004	0.01228	0.71107	0.03038	0.04072	0.01551	0.01551	0.01099	0.00776	0.00646	0.00194	0.00711	0.00582	0.00646	0.01099
9	0.15524	0.01816	0.21514	0.06078	0.17425	0.01315	0.01538	0.02068	0.01435	0.12825	0.05556	0.01706	0.01281	0.00664	0.00588	0.00193	0.00697	0.00541	0.00418	0.06818
10	0.01501	0.01098	0.01317	0.00978	0.01502	0.00848	0.00777	0.01771	0.01398	0.11375	0.01510	0.07071	0.01287	0.00635	0.00527	0.00122	0.00480	0.00526	0.00453	0.64824
11	0.01607	0.01388	0.01461	0.01315	0.01680	0.01607	0.01023	0.03433	0.72094	0.02703	0.02630	0.02411	0.01972	0.00877	0.00657	0.00219	0.00511	0.00731	0.00657	0.01023
12	0.01339	0.01227	0.01960	0.63485	0.06024	0.01515	0.01733	0.07084	0.01415	0.01847	0.01164	0.01687	0.00884	0.00683	0.00734	0.00217	0.05356	0.00574	0.00316	0.00755
13	0.02070	0.06993	0.10217	0.01607	0.05933	0.06326	0.09592	0.04911	0.05489	0.28978	0.06318	0.02248	0.01676	0.00790	0.00656	0.00201	0.00715	0.03770	0.00560	0.00951
14	0.02472	0.03063	0.01564	0.01194	0.01668	0.03331	0.00984	0.13011	0.04067	0.45695	0.04458	0.02294	0.01679	0.00823	0.00642	0.00193	0.00583	0.03755	0.00699	0.07823
15	0.01634	0.01401	0.01476	0.01320	0.01690	0.01620	0.01029	0.05556	0.69928	0.02746	0.02596	0.02384	0.01945	0.00873	0.00657	0.00218	0.00518	0.00726	0.00657	0.01025
16	0.01312	0.03137	0.66139	0.04826	0.05107	0.01504	0.05035	0.02030	0.01371	0.02034	0.01167	0.01400	0.00833	0.00611	0.00622	0.00205	0.00951	0.00495	0.00277	0.00945
17	0.01898	0.04396	0.13498	0.07571	0.05375	0.01544	0.17756	0.17383	0.03578	0.15111	0.01644	0.04514	0.01225	0.00724	0.00668	0.00205	0.00805	0.00662	0.00485	0.00958
18	0.00937	0.00636	0.00755	0.00755	0.00773	0.00654	0.00455	0.00972	0.00955	0.01290	0.01990	0.03972	0.02238	0.66298	0.14131	0.00689	0.00794	0.00902	0.00385	0.00420
19	0.00940	0.00626	0.00705	0.00705	0.00705	0.00626	0.00392	0.00940	0.00940	0.01253	0.02036	0.04228	0.02349	0.77292	0.03289	0.00626	0.00626	0.00940	0.00392	0.00392
20	0.01482	0.05148	0.12011	0.14924	0.18517	0.01478	0.16233	0.06404	0.01566	0.04093	0.05979	0.02091	0.05745	0.00716	0.00669	0.00203	0.00808	0.00679	0.00383	0.00873
21	0.01495	0.16284	0.31919	0.02497	0.27031	0.01715	0.06261	0.02005	0.01402	0.01973	0.01140	0.01409	0.00902	0.00585	0.00595	0.00189	0.00850	0.00505	0.00293	0.00950
22	0.01877	0.02185	0.01894	0.03494	0.04017	0.36785	0.01340	0.02048	0.01416	0.01585	0.00969	0.01346	0.00872	0.01008	0.03800	0.00249	0.33575	0.00499	0.00310	0.00732
23	0.10053	0.11161	0.06005	0.03821	0.13759	0.24778	0.01352	0.12193	0.01722	0.02188	0.01201	0.04254	0.01024	0.00711	0.00624	0.00186	0.03217	0.00519	0.00381	0.00851
24	0.00934	0.00673	0.00961	0.00961	0.01048	0.00760	0.00711	0.01097	0.01010	0.01434	0.01771	0.02868	0.01749	0.19841	0.57027	0.04080	0.01455	0.00739	0.00353	0.00527
25	0.00940	0.00626	0.00705	0.00705	0.00705	0.00626	0.00392	0.00940	0.00940	0.01253	0.02036	0.04228	0.02349	0.77292	0.03289	0.00626	0.00626	0.00940	0.00392	0.00392
26	0.73271	0.01380	0.01050	0.00939	0.01318	0.06411	0.00765	0.01931	0.01145	0.02756	0.00904	0.01072	0.00715	0.00626	0.00481	0.00201	0.03578	0.00363	0.00391	0.00703
27	0.00787	0.00562	0.00750	0.00900	0.00937	0.00525	0.00600	0.00900	0.01237	0.01649	0.03561	0.76871	0.04274	0.02024	0.00825	0.00262	0.00375	0.01837	0.00600	0.00525
28	0.01885	0.04509	0.06477	0.02174	0.15686	0.10945	0.14423	0.22825	0.05214	0.02600	0.01497	0.06047	0.01233	0.00743	0.00660	0.00198	0.00834	0.00661	0.00449	0.00943
29	0.01592	0.01666	0.12034	0.05833	0.29001	0.01393	0.05873	0.04141	0.01470	0.07386	0.01281	0.01558	0.01005	0.00622	0.00710	0.00183	0.05731	0.00539	0.00369	0.17614
30	0.12274	0.16346	0.13122	0.03884	0.06642	0.01888	0.01373	0.25962	0.06059	0.02776	0.01294	0.01415	0.00985	0.00683	0.00603	0.00190	0.02617	0.00498	0.00446	0.00942
31	0.01531	0.03811	0.03801	0.02679	0.03330	0.01659	0.69014	0.02066	0.01519	0.02055	0.01296	0.01724	0.00976	0.00545	0.00753	0.00216	0.01078	0.00751	0.00325	0.00870
32	0.00831	0.00657	0.00749	0.00726	0.00914	0.00574	0.00544	0.01059	0.01633	0.02125	0.36372	0.05593	0.42936	0.01495	0.00763	0.00211	0.00317	0.01276	0.00650	0.00574
33	0.01427	0.01248	0.01626	0.06315	0.07073	0.01375	0.06235	0.04635	0.35974	0.02433	0.12294	0.02891	0.05397	0.03431	0.00814	0.00231	0.02614	0.02543	0.00569	0.00876
34	0.00940	0.00626	0.00705	0.00705	0.00705	0.00626	0.00392	0.00940	0.00940	0.01253	0.02036	0.04228	0.02349	0.77292	0.03289	0.00626	0.00626	0.00940	0.00392	0.00392
35	0.00940	0.00626	0.00705	0.00705	0.00705	0.00626	0.00392	0.00940	0.00940	0.01253	0.02036	0.04228	0.02349	0.77292	0.03289	0.00626	0.00626	0.00940	0.00392	0.00392
36	0.02415	0.03043	0.01834	0.01660	0.01998	0.72636	0.01248	0.04524	0.01865	0.01652	0.01014	0.01176	0.00840	0.00669	0.00584	0.00167	0.01152	0.00421	0.00342	0.00759
37	0.01525	0.01743	0.03813	0.02723	0.03377	0.01634	0.70915	0.02070	0.01525	0.02070	0.01307	0.01743	0.00980	0.00545	0.00763	0.00218	0.01089	0.00763	0.00327	0.00871
38	0.81856	0.01250	0.00950	0.00850	0.01250	0.01449	0.00700	0.01899	0.01100	0.02899	0.00900	0.01050	0.00700	0.00600	0.00400	0.00200	0.00500	0.00350	0.00400	0.00700
39	0.01607	0.01388	0.01461	0.01315	0.01680	0.01607	0.01023	0.03433	0.72094	0.02703	0.02630	0.02411	0.01972	0.00877	0.00657	0.00219	0.00511	0.00731	0.00657	0.01023
40	0.00797	0.00568	0.00752	0.00890	0.00930	0.00531	0.00593	0.00912	0.01248	0.01669	0.05952	0.71835	0.04272	0.04587	0.00907	0.00273	0.00381	0.01782	0.00597	0.00523
41	0.01340	0.01148	0.01340	0.00957	0.01531	0.00861	0.00766	0.01627	0.01340	0.02105	0.01148	0.01340	0.00957	0.00479	0.00479	0.00096	0.00479	0.00383	0.00383	0.81242
42	0.02899	0.01100	0.01499	0.01150	0.01649	0.00950	0.00950	0.03149	0.01849	0.73709	0.02549	0.02199	0.01599	0.00800	0.00650	0.00200	0.00550	0.00650	0.00800	0.01100
43	0.00871	0.00597	0.00725	0.00793	0.00810	0.00581	0.00486	0.00922	0.01074	0.01432	0.02725	0.37048	0.03219	0.43287	0.02175	0.00462	0.00513	0.01345	0.00486	0.00452
44	0.01757	0.74637	0.03328	0.01121	0.01672	0.02534	0.01110	0.04710	0.01382	0.01623	0.00924	0.01057	0.00840	0.00562	0.00424	0.00140	0.00692	0.00355	0.00291	0.00840
45	0.01298	0.01047	0.03840	0.01094	0.01333	0.00993	0.00853	0.20559	0.01768	0.02370	0.02988	0.44257	0.07135	0.01534	0.00752	0.00233	0.00497	0.02993	0.00592	0.03865
46	0.01913	0.06760	0.09655	0.01941	0.14402	0.17749	0.01441	0.15595	0.17134	0.02436	0.01502	0.01606	0.01163	0.00719	0.00662	0.00194	0.03180	0.00551	0.00449	0.00948
47	0.81856	0.01250	0.00950	0.00850	0.01250	0.01449	0.00700	0.01899	0.01100	0.02899	0.00900	0.01050	0.00700	0.00600	0.00400	0.00200	0.00500	0.00350	0.00400	0.00700
48	0.01441	0.02532	0.42712	0.09486	0.22922	0.01533	0.02150	0.05919	0.01483	0.02142	0.01197	0.01476	0.00897	0.00615	0.00626	0.00201	0.00879	0.00521	0.00309	0.00960
49	0.01513	0.01562	0.04496	0.09356	0.36733	0.03524	0.04470	0.01832	0.01303	0.01868	0.01084	0.01536	0.00938	0.00769	0.01136	0.00225	0.25903	0.00573	0.00304	0.00876
50	0.00828	0.00588	0.00759	0.00880	0.00925	0.00557	0.00593	0.00937	0.01214	0.01608	0.03404	0.58123	0.06169	0.14101	0.01224	0.00322	0.00429	0.06264	0.00566	0.00509
51	0.00831	0.00588	0.00772	0.00896	0.00939	0.00563	0.00607	0.00944	0.01206	0.01609	0.03280	0.59501	0.03882	0.12753	0.03402	0.00340	0.00467	0.06344	0.00562	0.00512
52	0.00856	0.00636	0.00896	0.01001	0.01085	0.00601	0.02889	0.01018	0.01301	0.01718	0.03582	0.59021	0.06760	0.01919	0.00833	0.00266	0.00436	0.14045	0.00590	0.00549
53	0.18912	0.03625	0.11440	0.01947	0.19065	0.03416	0.01413	0.18209	0.01798	0.12194	0.01383	0.01496	0.01012	0.00664	0.00582	0.00195	0.00702	0.00516	0.00469	0.00962
54	0.02257	0.16742	0.02209	0.01503	0.03931	0.12926	0.01222	0.43353	0.04651	0.03106	0.01366	0.01422	0.01032	0.00713	0.00592	0.00180	0.00770	0.00516	0.00519	0.00990
55	0.01442	0.01266	0.01804	0.07327	0.19511	0.01103	0.03961	0.01773	0.01389	0.03884	0.01207	0.01470	0.00984	0.00526	0.00546	0.00136	0.00605	0.00467	0.00368	0.50232
56	0.01454	0.05427	0.01431	0.01196	0.01521	0.01428	0.00943	0.02831	0.51558	0.02592	0.17079	0.02980	0.02814	0.00978	0.00673	0.00214	0.00481	0.02843	0.00646	0.00914
57	0.03821	0.09600	0.23068	0.03581	0.04505	0.10191	0.04441	0.20097	0.04617	0.04617	0.01304	0.01451	0.00975	0.00692	0.00674	0.00195	0.04297	0.00518	0.00416	0.00938
58	0.00786	0.00568	0.00744	0.00884	0.00933	0.00526	0.00593	0.00901	0.01252	0.01655	0.03746	0.72490	0.08535	0.02000	0.00821	0.00260	0.00372	0.01808	0.00600	0.00526
59	0.01096	0.00793	0.00982	0.00895	0.01080	0.00775	0.00676	0.09693	0.01907	0.02664	0.57472	0.08478	0.05235	0.04343	0.00853	0.00222	0.00371	0.01126	0.00684	0.00656
60	0.01469	0.02667	0.46040	0.02128	0.04636	0.01511	0.23684	0.02117	0.01446	0.06275	0.01289	0.01537	0.00920	0.00602	0.00663	0.00208	0.00968	0.00579	0.00322	0.00939
61	0.02456	0.01810	0.01939	0.01487	0.02004	0.02004	0.01228	0.71107	0.03038	0.04072	0.01551	0.01551	0.01099	0.00776	0.00646	0.00194	0.00711	0.00582	0.00646	0.01099
62	0.01340	0.01148	0.01340	0.00957	0.01531	0.00861	0.00766	0.01627	0.01340	0.02105	0.01148	0.01340	0.00957	0.00479	0.00479	0.00096	0.00479	0.00383	0.00383	0.81242
63	0.01727	0.77681	0.03386	0.01106	0.01658	0.02557	0.01106	0.01935	0.01313	0.01520	0.00898	0.01036	0.00829	0.00553	0.00415	0.00138	0.00691	0.00345	0.00276	0.00829
64	0.81856	0.01250	0.00950	0.00850	0.01250	0.01449	0.00700	0.01899	0.01100	0.02899	0.00900	0.01050	0.00700	0.00600	0.00400	0.00200	0.00500	0.00350	0.00400	0.00700
65	0.02414	0.03079	0.01831	0.01665	0.01998	0.74698	0.01248	0.02580	0.01831	0.01581	0.00999	0.01165	0.00832	0.00666	0.00583	0.00166	0.01165	0.00416	0.00333	0.00749
66	0.81856	0.01250	0.00950	0.00850	0.01250	0.01449	0.00700	0.01899	0.01100	0.02899	0.00900	0.01050	0.00700	0.00600	0.00400	0.00200	0.00500	0.00350	0.00400	0.00700
67	0.81856	0.01250	0.00950	0.00850	0.01250	0.01449	0.00700	0.01899	0.01100	0.02899	0.00900	0.01050	0.00700	0.00600	0.00400	0.00200	0.00500	0.00350	0.00400	0.00700
68	0.00787	0.00562	0.00750	0.00900	0.00937	0.00525	0.00600	0.00900	0.01237	0.01649	0.03561	0.76871	0.04274	0.02024	0.00825	0.00262	0.00375	0.01837	0.00600	0.00525
69	0.00923	0.00692	0.01038	0.01038	0.01154	0.00808	0.00808	0.01154	0.01038	0.01500	0.01731	0.02538	0.01615	0.04846	0.74732	0.01038	0.01731	0.00692	0.00346	0.00577
70	0.01258	0.01198	0.02058	0.62584	0.04072	0.01460	0.07598	0.01676	0.01295	0.01704	0.01173	0.01727	0.00896	0.00671	0.00741	0.00218	0.05529	0.00591	0.02825	0.00727
71	0.06492	0.01157	0.01506	0.01160	0.01656	0.01048	0.00958	0.07956	0.01900	0.65474	0.02402	0.02100	0.01522	0.00789	0.00638	0.00199	0.00559	0.00631	0.00770	0.01081
72	0.00796	0.00631	0.00721	0.00785	0.00936	0.00556	0.00576	0.00955	0.01395	0.01730	0.05264	0.30070	0.43727	0.01780	0.00796	0.00240	0.00367	0.07533	0.00599	0.00543
73	0.01491	0.01495	0.04502	0.17918	0.51567	0.01492	0.05813	0.01901	0.01447	0.02030	0.03363	0.01722	0.01136	0.00611	0.00651	0.00199	0.00796	0.00601	0.00324	0.00940
74	0.01638	0.47688	0.23433	0.01362	0.02006	0.06508	0.01477	0.02088	0.05263	0.01740	0.01075	0.01214	0.00889	0.00595	0.00495	0.00163	0.00785	0.00409	0.00300	0.00871
75	0.02414	0.03079	0.01831	0.01665	0.01998	0.74698	0.01248	0.02580	0.01831	0.01581	0.00999	0.01165	0.00832	0.00666	0.00583	0.00166	0.01165	0.00416	0.00333	0.00749
76	0.24510	0.08303	0.01955	0.05472	0.19044	0.13872	0.03476	0.01980	0.01348	0.02119	0.01047	0.01335	0.00873	0.00665	0.00705	0.00196	0.09097	0.00470	0.02732	0.00802
77	0.00777	0.00602	0.00709	0.00795	0.00910	0.00534	0.00553	0.00911	0.01338	0.01690	0.04836	0.46686	0.33635	0.01859	0.00799	0.00244	0.00355	0.01635	0.00600	0.00534
78	0.00967	0.00840	0.00858	0.00937	0.01039	0.07926	0.00655	0.01105	0.01362	0.01705	0.07637	0.49837	0.14070	0.04596	0.00882	0.00258	0.00459	0.03743	0.00572	0.00552
79	0.01555	0.20050	0.33753	0.01751	0.04407	0.03752	0.10197	0.08047	0.03753	0.02098	0.01284	0.04205	0.01037	0.00667	0.00598	0.00191	0.00854	0.00551	0.00340	0.00911
80	0.01706	0.59028	0.13141	0.01369	0.05127	0.04188	0.01334	0.04553	0.01405	0.01718	0.00976	0.01131	0.00847	0.00574	0.00466	0.00153	0.00744	0.00385	0.00293	0.00864
81	0.00907	0.00621	0.00731	0.00772	0.00796	0.00609	0.00476	0.00953	0.01053	0.01394	0.02605	0.19813	0.05472	0.54294	0.02538	0.00516	0.00560	0.04999	0.00455	0.00437
82	0.01491	0.08980	0.10290	0.01457	0.08043	0.09085	0.01165	0.01885	0.05912	0.08224	0.17427	0.08078	0.07957	0.01013	0.00764	0.00204	0.05918	0.00820	0.00498	0.00789
83	0.01926	0.01761	0.09706	0.04240	0.21903	0.09412	0.04660	0.10583	0.03739	0.16161	0.01888	0.04562	0.04984	0.00773	0.00653	0.00199	0.00756	0.00661	0.00482	0.00952
84	0.01389	0.01350	0.02194	0.41405	0.28669	0.04018	0.04369	0.01783	0.01381	0.01828	0.01284	0.05110	0.01079	0.00681	0.00654	0.00208	0.00825	0.00634	0.00316	0.00825

[dist]
# distance from previous block
# <min> <max>
0	1

[block]
# block no. 5 follows, 34 sequences, length 54
# corresponding to MSA columns:
# 269-322
name=unknown_F
#
# <colnr> <probs for GDERKNQSTAVLIFYWHMCP>
#	G	D	E	R	K	N	Q	S	T	A	V	L	I	F	Y	W	H	M	C	P
0	0.59161	0.01560	0.01245	0.01232	0.06854	0.13277	0.00898	0.02075	0.01282	0.05997	0.01018	0.01165	0.00789	0.00618	0.00460	0.00194	0.00630	0.00392	0.00402	0.00751
1	0.00786	0.00651	0.00689	0.00689	0.00889	0.00554	0.00513	0.00968	0.01512	0.01862	0.15889	0.09383	0.60167	0.01610	0.00766	0.00218	0.00326	0.01358	0.00616	0.00554
2	0.01615	0.01618	0.05786	0.05938	0.64596	0.01553	0.01960	0.05266	0.01536	0.02187	0.01227	0.01590	0.01013	0.00589	0.00639	0.00193	0.00776	0.00572	0.00332	0.01015
3	0.01383	0.01377	0.01916	0.01647	0.01657	0.01911	0.01370	0.01525	0.01013	0.01564	0.01119	0.01642	0.04283	0.01155	0.02056	0.00280	0.72502	0.00603	0.00298	0.00699
4	0.00915	0.00703	0.00820	0.00790	0.00975	0.00642	0.00591	0.04399	0.01688	0.02234	0.36369	0.12080	0.32454	0.01488	0.00763	0.00214	0.00340	0.01282	0.00653	0.00599
5	0.01125	0.00989	0.01426	0.01309	0.01377	0.01290	0.01057	0.01319	0.01018	0.01523	0.01367	0.02075	0.01299	0.03316	0.44827	0.00727	0.32363	0.00640	0.00320	0.00630
6	0.01033	0.00739	0.01030	0.01167	0.01316	0.00735	0.01015	0.01331	0.01508	0.01974	0.07701	0.07137	0.03865	0.01756	0.00884	0.00292	0.00577	0.64741	0.00602	0.00596
7	0.00923	0.00692	0.01038	0.01038	0.01154	0.00808	0.00808	0.01154	0.01038	0.01500	0.01731	0.02538	0.01615	0.04846	0.74732	0.01038	0.01731	0.00692	0.00346	0.00577
8	0.01261	0.00657	0.00663	0.00642	0.00809	0.00665	0.00487	0.04644	0.01431	0.02484	0.02083	0.02370	0.01631	0.00754	0.00460	0.00153	0.00320	0.00601	0.77261	0.00625
