[name]
unknown

[dist]
# distance from previous block
# <min> <max>
15	70

[block]
# block no. 0 follows, 33 sequences, length 63
# corresponding to MSA columns:
# 77-139
name=unknown_A
#
# <colnr> <probs for GDERKNQSTAVLIFYWHMCP>
#	G	D	E	R	K	N	Q	S	T	A	V	L	I	F	Y	W	H	M	C	P
0	0.03768	0.01291	0.01401	0.03012	0.01618	0.03576	0.00967	0.18935	0.22548	0.07751	0.09727	0.15202	0.02506	0.01089	0.00691	0.00217	0.00549	0.00916	0.03341	0.00895
1	0.05754	0.01295	0.01545	0.25595	0.02494	0.06132	0.01209	0.15062	0.04106	0.04086	0.06002	0.13773	0.05759	0.01003	0.00678	0.00214	0.00678	0.00844	0.00493	0.03278
2	0.03955	0.01474	0.01843	0.07794	0.03805	0.10882	0.10259	0.08178	0.04448	0.13848	0.05573	0.08647	0.01717	0.01071	0.02741	0.04484	0.04716	0.00747	0.00498	0.03320
3	0.05911	0.01481	0.01812	0.11280	0.02204	0.08664	0.09365	0.19222	0.01902	0.08024	0.05603	0.10975	0.01764	0.01016	0.02702	0.00230	0.00758	0.00776	0.02970	0.03340
4	0.27389	0.01556	0.01541	0.01337	0.01671	0.15490	0.08941	0.05285	0.01457	0.02263	0.01641	0.14914	0.01618	0.01003	0.00715	0.02408	0.02949	0.04169	0.00437	0.03212
5	0.27817	0.09764	0.02051	0.05299	0.02074	0.19245	0.13274	0.05420	0.01514	0.02260	0.01196	0.05073	0.01021	0.00697	0.00566	0.00196	0.00823	0.00546	0.00381	0.00782
6	0.26334	0.08434	0.01926	0.01479	0.01908	0.31804	0.07599	0.09434	0.01695	0.02327	0.01067	0.01237	0.00849	0.00649	0.00547	0.00185	0.00886	0.00448	0.00388	0.00804
7	0.18938	0.01496	0.01734	0.01315	0.01848	0.08820	0.11946	0.01892	0.01395	0.02259	0.01125	0.01348	0.00909	0.00545	0.00528	0.00148	0.00665	0.00448	0.00379	0.42263
8	0.01340	0.01269	0.02149	0.57482	0.21580	0.01488	0.01876	0.01767	0.01362	0.01799	0.01187	0.01724	0.00919	0.00640	0.00657	0.00213	0.00854	0.00585	0.00301	0.00809
9	0.02214	0.01700	0.01813	0.01456	0.01931	0.01907	0.01181	0.48159	0.25969	0.03683	0.01948	0.01873	0.01417	0.00825	0.00662	0.00206	0.00656	0.00643	0.00662	0.01094
10	0.01365	0.01170	0.01365	0.00975	0.01560	0.00878	0.00780	0.01658	0.01365	0.02145	0.01170	0.01365	0.00975	0.00488	0.00488	0.00098	0.00488	0.00390	0.00390	0.80888
11	0.00797	0.00611	0.00731	0.00820	0.00931	0.00545	0.00570	0.00936	0.01367	0.01743	0.06612	0.48149	0.30037	0.01895	0.00815	0.00249	0.00362	0.01672	0.00614	0.00545
12	0.01639	0.04328	0.03712	0.02615	0.03266	0.01728	0.62317	0.07762	0.01674	0.02259	0.01338	0.01735	0.01004	0.00575	0.00755	0.00217	0.01064	0.00747	0.00358	0.00906
13	0.00795	0.00668	0.00690	0.00684	0.00899	0.00563	0.00513	0.00977	0.01540	0.01871	0.13755	0.06183	0.65346	0.01633	0.00778	0.00221	0.00331	0.01368	0.00624	0.00563
14	0.00957	0.00638	0.00718	0.00718	0.00718	0.00638	0.00399	0.00957	0.00957	0.01276	0.02074	0.04308	0.02393	0.76864	0.03351	0.00638	0.00638	0.00957	0.00399	0.00399
15	0.01243	0.01170	0.01975	0.75282	0.04534	0.01463	0.01828	0.01682	0.01316	0.01682	0.01170	0.01755	0.00878	0.00658	0.00658	0.00219	0.00878	0.00585	0.00293	0.00731
16	0.01523	0.36412	0.40292	0.01564	0.02346	0.02014	0.03639	0.02035	0.01371	0.01846	0.01066	0.01251	0.00843	0.00596	0.00539	0.00179	0.00856	0.00434	0.00281	0.00913
17	0.01637	0.01414	0.01489	0.01340	0.01712	0.01637	0.01042	0.03498	0.71568	0.02754	0.02679	0.02456	0.02010	0.00893	0.00670	0.00223	0.00521	0.00744	0.00670	0.01042
18	0.00957	0.00638	0.00718	0.00718	0.00718	0.00638	0.00399	0.00957	0.00957	0.01276	0.02074	0.04308	0.02393	0.76864	0.03351	0.00638	0.00638	0.00957	0.00399	0.00399
19	0.01610	0.01544	0.02637	0.07625	0.69325	0.01559	0.02011	0.02003	0.01490	0.02127	0.01235	0.01636	0.01034	0.00590	0.00652	0.00197	0.00787	0.00586	0.00324	0.01027
20	0.01631	0.03924	0.08848	0.03284	0.40941	0.05619	0.21921	0.02084	0.01522	0.02087	0.01240	0.01612	0.00997	0.00585	0.00677	0.00201	0.00914	0.00618	0.00324	0.00971
21	0.01320	0.03405	0.73453	0.01876	0.02849	0.01529	0.02432	0.02085	0.01390	0.02085	0.01181	0.01390	0.00834	0.00625	0.00625	0.00208	0.00973	0.00486	0.00278	0.00973
22	0.01144	0.00572	0.00858	0.00858	0.00858	0.00572	0.00572	0.00858	0.00858	0.01144	0.01144	0.02001	0.01144	0.02287	0.02573	0.80846	0.00572	0.00572	0.00286	0.00286
23	0.01460	0.07152	0.42537	0.02590	0.25922	0.01612	0.05451	0.02058	0.01431	0.02076	0.01191	0.01467	0.00911	0.00606	0.00629	0.00201	0.00900	0.00525	0.00297	0.00984
24	0.01629	0.01564	0.02672	0.04041	0.72757	0.01564	0.02020	0.02020	0.01499	0.02151	0.01238	0.01629	0.01043	0.00587	0.00652	0.00196	0.00782	0.00587	0.00326	0.01043
25	0.02503	0.01844	0.01976	0.01515	0.02042	0.02042	0.01251	0.70562	0.03095	0.04149	0.01581	0.01581	0.01120	0.00790	0.00659	0.00198	0.00724	0.00593	0.00659	0.01120
26	0.01814	0.01635	0.03332	0.02621	0.10484	0.01529	0.50627	0.02297	0.01607	0.14903	0.01550	0.01844	0.01117	0.00605	0.00743	0.00216	0.00976	0.00736	0.00419	0.00946
27	0.01387	0.08731	0.60666	0.01764	0.02643	0.01621	0.02189	0.02224	0.08740	0.02115	0.01318	0.01477	0.00958	0.00649	0.00615	0.00205	0.00905	0.00503	0.00319	0.00971
28	0.00802	0.00573	0.00764	0.00917	0.00955	0.00535	0.00611	0.00917	0.01260	0.01681	0.03628	0.76434	0.04354	0.02062	0.00840	0.00267	0.00382	0.01872	0.00611	0.00535
29	0.01554	0.01776	0.03885	0.02775	0.03441	0.01665	0.70366	0.02109	0.01554	0.02109	0.01332	0.01776	0.00999	0.00555	0.00777	0.00222	0.01110	0.00777	0.00333	0.00888
30	0.05158	0.56215	0.20125	0.01295	0.01949	0.02297	0.01421	0.01997	0.01341	0.01739	0.00979	0.01137	0.00836	0.00580	0.00470	0.00160	0.00760	0.00384	0.00286	0.00870
31	0.02366	0.02938	0.02082	0.01801	0.02183	0.63447	0.08512	0.05558	0.01887	0.01775	0.01075	0.01266	0.00876	0.00670	0.00616	0.00176	0.01159	0.00468	0.00353	0.00792
32	0.00778	0.00667	0.00667	0.00667	0.00889	0.00556	0.00500	0.00945	0.01501	0.01778	0.06669	0.06336	0.72490	0.01667	0.00778	0.00222	0.00333	0.01389	0.00611	0.00556
33	0.01596	0.01531	0.02613	0.10114	0.66941	0.01556	0.02004	0.01992	0.01483	0.02111	0.01232	0.01640	0.01029	0.00593	0.00652	0.00198	0.00790	0.00586	0.00323	0.01016
34	0.02091	0.01416	0.04678	0.01312	0.01761	0.01420	0.01084	0.05341	0.43038	0.26429	0.02553	0.02311	0.01804	0.00852	0.00665	0.00215	0.00560	0.00701	0.00701	0.01068
35	0.00802	0.00573	0.00764	0.00917	0.00955	0.00535	0.00611	0.00917	0.01260	0.01681	0.03628	0.76434	0.04354	0.02062	0.00840	0.00267	0.00382	0.01872	0.00611	0.00535
36	0.01554	0.01713	0.03493	0.02546	0.03131	0.01688	0.57924	0.02215	0.08850	0.02137	0.01438	0.01822	0.01095	0.00635	0.00870	0.00227	0.06649	0.00758	0.00365	0.00891
37	0.01760	0.77260	0.03450	0.01126	0.01690	0.02605	0.01126	0.01971	0.01338	0.01549	0.00915	0.01056	0.00845	0.00563	0.00422	0.00141	0.00704	0.00352	0.00282	0.00845
38	0.02954	0.01120	0.01528	0.01171	0.01681	0.00968	0.00968	0.03208	0.01884	0.73213	0.02597	0.02241	0.01630	0.00815	0.00662	0.00204	0.00560	0.00662	0.00815	0.01120
39	0.09028	0.01797	0.01892	0.01461	0.01978	0.01995	0.01207	0.64894	0.02932	0.04050	0.01526	0.01538	0.01086	0.00775	0.00638	0.00198	0.00707	0.00573	0.00638	0.01086
40	0.73156	0.09236	0.01228	0.00893	0.01317	0.01595	0.00756	0.01939	0.01143	0.02806	0.00917	0.01068	0.00727	0.00606	0.00409	0.00197	0.00530	0.00356	0.00394	0.00727
41	0.01428	0.01359	0.02308	0.41182	0.37189	0.01511	0.01920	0.01844	0.01404	0.01906	0.01203	0.01695	0.00957	0.00624	0.00655	0.00208	0.00832	0.00586	0.00308	0.00880
42	0.00796	0.00597	0.00739	0.00853	0.00938	0.00540	0.00583	0.00924	0.01322	0.01706	0.04407	0.58490	0.21796	0.01961	0.00824	0.00256	0.00370	0.01748	0.00611	0.00540
43	0.63823	0.01536	0.01182	0.01030	0.01444	0.09167	0.00836	0.10178	0.01434	0.02955	0.01006	0.01143	0.00776	0.00639	0.00457	0.00199	0.00606	0.00392	0.00430	0.00767
44	0.01386	0.08744	0.58432	0.01946	0.02845	0.01629	0.11849	0.02080	0.01409	0.02048	0.01182	0.01419	0.00858	0.00611	0.00631	0.00205	0.00972	0.00517	0.00286	0.00951
45	0.02458	0.01822	0.01951	0.01506	0.02025	0.02021	0.01240	0.67108	0.06622	0.04077	0.01637	0.01626	0.01165	0.00796	0.00659	0.00199	0.00714	0.00601	0.00659	0.01116
46	0.01439	0.23381	0.54519	0.01674	0.02536	0.01820	0.02079	0.02054	0.01376	0.01940	0.01109	0.01300	0.00837	0.00609	0.00571	0.00190	0.00900	0.00450	0.00279	0.00938
47	0.06807	0.01150	0.01497	0.01169	0.01662	0.01044	0.00960	0.03166	0.07081	0.64386	0.02519	0.02198	0.01612	0.00810	0.00650	0.00205	0.00555	0.00653	0.00783	0.01094
48	0.00943	0.00692	0.00988	0.00985	0.01084	0.00780	0.00736	0.01140	0.01080	0.01539	0.05373	0.03013	0.02010	0.17697	0.57802	0.00940	0.01488	0.00775	0.00380	0.00555
49	0.01598	0.01532	0.02615	0.09897	0.67149	0.01556	0.02005	0.01993	0.01484	0.02112	0.01233	0.01640	0.01029	0.00592	0.00652	0.00197	0.00790	0.00586	0.00323	0.01017
50	0.01535	0.01451	0.02458	0.13290	0.58333	0.01490	0.01923	0.01926	0.01476	0.02075	0.01398	0.02082	0.01227	0.00689	0.00672	0.00207	0.00782	0.05675	0.00343	0.00969
51	0.02954	0.01120	0.01528	0.01171	0.01681	0.00968	0.00968	0.03208	0.01884	0.73213	0.02597	0.02241	0.01630	0.00815	0.00662	0.00204	0.00560	0.00662	0.00815	0.01120
52	0.01348	0.01277	0.02163	0.56029	0.22971	0.01490	0.01880	0.01773	0.01366	0.01809	0.01189	0.01721	0.00922	0.00639	0.00656	0.00213	0.00852	0.00585	0.00302	0.00815
53	0.01419	0.19937	0.57783	0.01709	0.02590	0.01770	0.02140	0.02059	0.01378	0.01965	0.01122	0.01315	0.00836	0.00612	0.00580	0.00193	0.00913	0.00456	0.00279	0.00944
54	0.02954	0.01120	0.01528	0.01171	0.01681	0.00968	0.00968	0.03208	0.01884	0.73213	0.02597	0.02241	0.01630	0.00815	0.00662	0.00204	0.00560	0.00662	0.00815	0.01120
55	0.00941	0.00702	0.01041	0.01041	0.01152	0.00813	0.00801	0.01164	0.01053	0.01515	0.01779	0.02675	0.01684	0.08642	0.70603	0.01036	0.01705	0.00718	0.00355	0.00578
56	0.01042	0.00738	0.01023	0.01219	0.08522	0.00687	0.00772	0.01236	0.01460	0.06297	0.16512	0.43790	0.10849	0.01658	0.00792	0.00240	0.00417	0.01488	0.00615	0.00642
57	0.10878	0.01596	0.02215	0.21295	0.39951	0.09142	0.01742	0.01989	0.01448	0.02070	0.01161	0.01550	0.00943	0.00617	0.00619	0.00200	0.00817	0.00542	0.00328	0.00897
58	0.02742	0.01073	0.01460	0.01135	0.01608	0.00931	0.00931	0.03002	0.01882	0.65818	0.09913	0.02521	0.02110	0.00870	0.00674	0.00204	0.00534	0.00717	0.00805	0.01068
59	0.01663	0.01745	0.03416	0.02488	0.03056	0.01755	0.53241	0.10881	0.01688	0.02310	0.01308	0.01711	0.00998	0.00656	0.00926	0.00227	0.09935	0.00729	0.00370	0.00898
60	0.01648	0.01669	0.02512	0.15888	0.51277	0.09164	0.04320	0.02030	0.01508	0.02013	0.01207	0.01610	0.00993	0.00607	0.00651	0.00198	0.00852	0.00576	0.00322	0.00955
61	0.70348	0.01346	0.01309	0.01089	0.01527	0.01516	0.08031	0.04374	0.01235	0.02907	0.00984	0.01161	0.00757	0.00612	0.00455	0.00205	0.00580	0.00409	0.00408	0.00746
62	0.02412	0.01799	0.01925	0.01496	0.02007	0.01999	0.01229	0.63534	0.10271	0.04003	0.01696	0.01672	0.01213	0.00801	0.00660	0.00200	0.00703	0.00609	0.00660	0.01111

[dist]
# distance from previous block
# <min> <max>
0	1

[block]
# block no. 1 follows, 33 sequences, length 32
# corresponding to MSA columns:
# 141-172
name=unknown_B
#
# <colnr> <probs for GDERKNQSTAVLIFYWHMCP>
#	G	D	E	R	K	N	Q	S	T	A	V	L	I	F	Y	W	H	M	C	P
0	0.01637	0.01414	0.01489	0.01340	0.01712	0.01637	0.01042	0.03498	0.71568	0.02754	0.02679	0.02456	0.02010	0.00893	0.00670	0.00223	0.00521	0.00744	0.00670	0.01042
1	0.00790	0.00667	0.00683	0.00679	0.00896	0.00561	0.00509	0.00968	0.01528	0.01844	0.11709	0.06227	0.67409	0.01643	0.00778	0.00221	0.00332	0.01374	0.00620	0.00561
2	0.00907	0.00654	0.00858	0.00845	0.00978	0.00605	0.00619	0.01180	0.01748	0.02456	0.59226	0.18625	0.05856	0.01483	0.00789	0.00219	0.00324	0.01321	0.00703	0.00605
3	0.61596	0.04403	0.01280	0.01014	0.01453	0.01641	0.00844	0.16494	0.01548	0.03152	0.01057	0.01177	0.00804	0.00647	0.00461	0.00200	0.00563	0.00406	0.00456	0.00804
4	0.01629	0.01564	0.02672	0.04041	0.72757	0.01564	0.02020	0.02020	0.01499	0.02151	0.01238	0.01629	0.01043	0.00587	0.00652	0.00196	0.00782	0.00587	0.00326	0.01043
5	0.01748	0.01390	0.01492	0.01326	0.01709	0.01581	0.01036	0.03474	0.65726	0.08661	0.02673	0.02438	0.01978	0.00887	0.00669	0.00222	0.00524	0.00737	0.00682	0.01049
6	0.00815	0.00593	0.00761	0.00890	0.00952	0.00549	0.00605	0.00938	0.01285	0.01685	0.03912	0.62780	0.12179	0.05153	0.00941	0.00279	0.00395	0.04152	0.00602	0.00534
7	0.01721	0.01624	0.02749	0.03582	0.55493	0.01633	0.10841	0.10006	0.01692	0.02378	0.01290	0.01643	0.01046	0.00606	0.00669	0.00199	0.00818	0.00612	0.00366	0.01032
8	0.01571	0.01505	0.02567	0.14768	0.62485	0.01549	0.01991	0.01969	0.01472	0.02080	0.01228	0.01648	0.01018	0.00597	0.00653	0.00199	0.00796	0.00586	0.00321	0.00996
9	0.01637	0.01414	0.01489	0.01340	0.01712	0.01637	0.01042	0.03498	0.71568	0.02754	0.02679	0.02456	0.02010	0.00893	0.00670	0.00223	0.00521	0.00744	0.00670	0.01042
10	0.81514	0.01273	0.00968	0.00866	0.01273	0.01477	0.00713	0.01935	0.01120	0.02954	0.00917	0.01069	0.00713	0.00611	0.00407	0.00204	0.00509	0.00356	0.00407	0.00713
11	0.01434	0.16115	0.52813	0.01683	0.02514	0.01730	0.02042	0.02229	0.09545	0.02069	0.01309	0.01455	0.00973	0.00646	0.00595	0.00198	0.00873	0.00493	0.00324	0.00959
12	0.01814	0.01416	0.01649	0.01642	0.09987	0.01570	0.01156	0.05837	0.53139	0.10503	0.02461	0.02303	0.01821	0.00845	0.00666	0.00217	0.00563	0.00711	0.00645	0.01054
13	0.00911	0.00664	0.00866	0.00897	0.01031	0.00619	0.00681	0.01166	0.01644	0.02248	0.40542	0.21145	0.10973	0.01607	0.00812	0.00237	0.00376	0.12315	0.00671	0.00594
14	0.01453	0.03374	0.65124	0.01855	0.02755	0.09986	0.02297	0.02148	0.01445	0.02030	0.01162	0.01366	0.00836	0.00632	0.00622	0.00204	0.00998	0.00479	0.00285	0.00949
15	0.06821	0.29721	0.04716	0.01716	0.10869	0.15533	0.01322	0.04102	0.05928	0.01898	0.01109	0.01320	0.00947	0.00698	0.00742	0.00186	0.10715	0.00461	0.00342	0.00855
16	0.01084	0.00721	0.00847	0.00831	0.01052	0.00632	0.00643	0.01289	0.01569	0.10211	0.13947	0.12867	0.41347	0.01583	0.00785	0.00232	0.00392	0.08686	0.00649	0.00633
17	0.02760	0.01164	0.01522	0.01196	0.01685	0.01066	0.00979	0.03251	0.12165	0.62818	0.02609	0.02273	0.01686	0.00826	0.00663	0.00207	0.00554	0.00674	0.00793	0.01109
18	0.01806	0.01343	0.01498	0.01349	0.04087	0.03284	0.01017	0.23256	0.20453	0.08640	0.11785	0.13851	0.02570	0.01080	0.00704	0.00216	0.00563	0.00911	0.00656	0.00930
19	0.01667	0.01681	0.02632	0.08838	0.57561	0.07655	0.06289	0.02053	0.01520	0.02069	0.01221	0.01611	0.01012	0.00597	0.00655	0.00197	0.00844	0.00585	0.00325	0.00987
20	0.02808	0.01109	0.01495	0.01160	0.01647	0.00974	0.00953	0.03122	0.04319	0.67287	0.06027	0.02380	0.01868	0.00844	0.00668	0.00205	0.00547	0.00691	0.00805	0.01093
21	0.01144	0.00572	0.00858	0.00858	0.00858	0.00572	0.00572	0.00858	0.00858	0.01144	0.01144	0.02001	0.01144	0.02287	0.02573	0.80846	0.00572	0.00572	0.00286	0.00286
22	0.01658	0.60098	0.19716	0.01301	0.01959	0.02355	0.01430	0.01998	0.01350	0.01673	0.00977	0.01134	0.00842	0.00578	0.00470	0.00157	0.00767	0.00383	0.00281	0.00875
23	0.02503	0.01844	0.01976	0.01515	0.02042	0.02042	0.01251	0.70562	0.03095	0.04149	0.01581	0.01581	0.01120	0.00790	0.00659	0.00198	0.00724	0.00593	0.00659	0.01120
24	0.01511	0.26093	0.48422	0.01637	0.02453	0.05428	0.01974	0.02077	0.01397	0.01897	0.01092	0.01277	0.00838	0.00609	0.00561	0.00186	0.00901	0.00442	0.00282	0.00923
25	0.00784	0.00642	0.00692	0.00733	0.00907	0.00550	0.00529	0.00937	0.01437	0.01753	0.05867	0.24816	0.54527	0.01771	0.00794	0.00234	0.00346	0.01516	0.00611	0.00550
26	0.44137	0.01273	0.01279	0.01046	0.01503	0.01343	0.00863	0.09330	0.01605	0.29379	0.01613	0.01559	0.01097	0.00705	0.00528	0.00203	0.00550	0.00495	0.00585	0.00906
27	0.01610	0.01578	0.02794	0.05888	0.62782	0.01573	0.09967	0.02021	0.01500	0.02133	0.01247	0.01650	0.01033	0.00585	0.00666	0.00199	0.00823	0.00609	0.00326	0.01016
28	0.02326	0.02110	0.01993	0.01931	0.13070	0.23267	0.01347	0.31142	0.06804	0.07344	0.01495	0.01569	0.01116	0.00733	0.00639	0.00191	0.00847	0.00556	0.00522	0.00997
29	0.01669	0.01430	0.01506	0.01346	0.01724	0.01652	0.01050	0.05952	0.69063	0.02805	0.02639	0.02424	0.01977	0.00889	0.00669	0.00222	0.00528	0.00739	0.00669	0.01045
30	0.01288	0.01216	0.02056	0.66993	0.12471	0.01474	0.01851	0.01721	0.01338	0.01737	0.01178	0.01741	0.00897	0.00650	0.00657	0.00217	0.00866	0.00585	0.00296	0.00768
31	0.01482	0.03727	0.14285	0.02453	0.27020	0.01457	0.08705	0.05774	0.10083	0.02253	0.04047	0.10610	0.03458	0.00860	0.00686	0.00212	0.00739	0.00791	0.00430	0.00929

[dist]
# distance from previous block
# <min> <max>
0	4

[block]
# block no. 2 follows, 33 sequences, length 30
# corresponding to MSA columns:
# 177-206
name=unknown_C
#
# <colnr> <probs for GDERKNQSTAVLIFYWHMCP>
#	G	D	E	R	K	N	Q	S	T	A	V	L	I	F	Y	W	H	M	C	P
0	0.04343	0.01388	0.01474	0.01312	0.01695	0.01582	0.01026	0.03426	0.64094	0.07992	0.02616	0.02395	0.01939	0.00878	0.00661	0.00221	0.00524	0.00726	0.00672	0.01037
1	0.02954	0.01120	0.01528	0.01171	0.01681	0.00968	0.00968	0.03208	0.01884	0.73213	0.02597	0.02241	0.01630	0.00815	0.00662	0.00204	0.00560	0.00662	0.00815	0.01120
2	0.01659	0.08261	0.06299	0.08544	0.37284	0.01634	0.14046	0.02163	0.05541	0.06174	0.01380	0.01686	0.01084	0.00617	0.00655	0.00200	0.00823	0.00608	0.00366	0.00975
3	0.01561	0.01484	0.02467	0.16541	0.55775	0.01551	0.01920	0.02061	0.06235	0.02108	0.01324	0.01708	0.01079	0.00620	0.00654	0.00202	0.00781	0.00597	0.00343	0.00987
4	0.00795	0.00601	0.00735	0.00842	0.00935	0.00541	0.00578	0.00925	0.01333	0.01710	0.04542	0.55376	0.24823	0.01944	0.00822	0.00254	0.00367	0.01727	0.00611	0.00541
5	0.01760	0.77260	0.03450	0.01126	0.01690	0.02605	0.01126	0.01971	0.01338	0.01549	0.00915	0.01056	0.00845	0.00563	0.00422	0.00141	0.00704	0.00352	0.00282	0.00845
6	0.01386	0.06832	0.60072	0.02141	0.12559	0.01587	0.02310	0.02070	0.01403	0.02067	0.01176	0.01407	0.00864	0.00617	0.00619	0.00203	0.00933	0.00494	0.00285	0.00976
7	0.10942	0.01768	0.01851	0.01439	0.01948	0.01967	0.01186	0.60864	0.05274	0.03972	0.01548	0.01556	0.01107	0.00775	0.00632	0.00199	0.00694	0.00573	0.00632	0.01073
8	0.00944	0.00633	0.00722	0.00735	0.00738	0.00629	0.00417	0.00954	0.00984	0.01311	0.02208	0.10533	0.02563	0.70408	0.03134	0.00606	0.00616	0.01036	0.00417	0.00411
9	0.01320	0.03405	0.73453	0.01876	0.02849	0.01529	0.02432	0.02085	0.01390	0.02085	0.01181	0.01390	0.00834	0.00625	0.00625	0.00208	0.00973	0.00486	0.00278	0.00973
10	0.01365	0.01170	0.01365	0.00975	0.01560	0.00878	0.00780	0.01658	0.01365	0.02145	0.01170	0.01365	0.00975	0.00488	0.00488	0.00098	0.00488	0.00390	0.00390	0.80888
11	0.00932	0.00673	0.00880	0.00828	0.00984	0.00621	0.00621	0.01242	0.01863	0.02640	0.72410	0.04918	0.06212	0.01346	0.00776	0.00207	0.00311	0.01191	0.00725	0.00621
12	0.01243	0.01170	0.01975	0.75282	0.04534	0.01463	0.01828	0.01682	0.01316	0.01682	0.01170	0.01755	0.00878	0.00658	0.00658	0.00219	0.00878	0.00585	0.00293	0.00731
13	0.01717	0.01912	0.02952	0.04963	0.22405	0.14677	0.30382	0.02115	0.01536	0.01969	0.01200	0.01597	0.00968	0.00645	0.00836	0.00211	0.08063	0.00636	0.00327	0.00888
14	0.01637	0.01414	0.01489	0.01340	0.01712	0.01637	0.01042	0.03498	0.71568	0.02754	0.02679	0.02456	0.02010	0.00893	0.00670	0.00223	0.00521	0.00744	0.00670	0.01042
15	0.01568	0.01596	0.03001	0.10354	0.43752	0.01587	0.24251	0.02017	0.01500	0.02093	0.01262	0.01689	0.01013	0.00583	0.00693	0.00206	0.00898	0.00648	0.00325	0.00963
16	0.00860	0.00667	0.00783	0.00760	0.00941	0.00590	0.00568	0.01101	0.01684	0.02230	0.41301	0.07904	0.35221	0.01511	0.00779	0.00216	0.00323	0.01300	0.00671	0.00590
17	0.00940	0.00705	0.01058	0.01058	0.01176	0.00823	0.00823	0.01176	0.01058	0.01528	0.01763	0.02586	0.01646	0.04937	0.74255	0.01058	0.01763	0.00705	0.00353	0.00588
18	0.01608	0.01542	0.02634	0.07979	0.68986	0.01559	0.02010	0.02002	0.01489	0.02125	0.01235	0.01636	0.01034	0.00591	0.00652	0.00197	0.00787	0.00586	0.00324	0.01026
19	0.01700	0.67111	0.13069	0.01229	0.01849	0.02457	0.01306	0.01987	0.01345	0.01623	0.00952	0.01102	0.00843	0.00572	0.00450	0.00150	0.00741	0.00370	0.00281	0.00862
20	0.00951	0.00690	0.00908	0.00898	0.01055	0.00646	0.00704	0.01255	0.01781	0.02474	0.56213	0.05470	0.08280	0.01452	0.00803	0.00227	0.00370	0.14511	0.00697	0.00616
21	0.02438	0.01782	0.01907	0.01469	0.01977	0.01970	0.01211	0.67083	0.03009	0.04064	0.01609	0.01625	0.01148	0.00789	0.00649	0.00195	0.00703	0.00594	0.04683	0.01094
22	0.01367	0.11223	0.66043	0.01797	0.02727	0.01643	0.02294	0.02073	0.01384	0.02028	0.01153	0.01355	0.00835	0.00619	0.00604	0.00201	0.00944	0.00472	0.00278	0.00959
23	0.00919	0.00669	0.00865	0.00823	0.00978	0.00614	0.00615	0.01214	0.01821	0.02558	0.66349	0.07788	0.09536	0.01390	0.00779	0.00210	0.00315	0.01227	0.00714	0.00614
24	0.00869	0.00688	0.00797	0.00847	0.01035	0.00616	0.00675	0.01080	0.01509	0.01872	0.08885	0.10632	0.45320	0.01718	0.00820	0.00248	0.00414	0.20788	0.00616	0.00572
25	0.01757	0.65651	0.10300	0.01234	0.01825	0.06638	0.01264	0.02021	0.01373	0.01606	0.00948	0.01097	0.00844	0.00576	0.00452	0.00149	0.00759	0.00370	0.00285	0.00853
26	0.01887	0.64401	0.03198	0.01193	0.01750	0.02509	0.01148	0.13667	0.01637	0.01992	0.01029	0.01145	0.00892	0.00602	0.00463	0.00150	0.00708	0.00393	0.00346	0.00892
27	0.57948	0.05980	0.11636	0.01198	0.05108	0.01532	0.01060	0.02019	0.01224	0.05791	0.01044	0.01194	0.00795	0.00618	0.00463	0.00200	0.00603	0.00400	0.00395	0.00792
28	0.06457	0.33875	0.18783	0.01422	0.02023	0.13907	0.01434	0.09168	0.03772	0.02066	0.01115	0.01251	0.00899	0.00632	0.00528	0.00173	0.00829	0.00431	0.00348	0.00887
29	0.02419	0.06249	0.02034	0.01494	0.02006	0.05657	0.01236	0.60265	0.05938	0.03811	0.01562	0.01569	0.01129	0.00776	0.00642	0.00194	0.00737	0.00577	0.00621	0.01083

[dist]
# distance from previous block
# <min> <max>
0	1

[block]
# block no. 3 follows, 33 sequences, length 212
# corresponding to MSA columns:
# 208-419
name=unknown_D
#
# <colnr> <probs for GDERKNQSTAVLIFYWHMCP>
#	G	D	E	R	K	N	Q	S	T	A	V	L	I	F	Y	W	H	M	C	P
0	0.02289	0.01669	0.01828	0.01442	0.01914	0.01848	0.01181	0.56019	0.08036	0.06048	0.01716	0.01774	0.01259	0.01231	0.08334	0.00289	0.00812	0.00618	0.00633	0.01058
1	0.01408	0.01275	0.02037	0.61286	0.10332	0.01532	0.01785	0.08874	0.01518	0.01980	0.01219	0.01726	0.00917	0.00666	0.00658	0.00215	0.00853	0.00586	0.00334	0.00799
2	0.00940	0.00705	0.01058	0.01058	0.01176	0.00823	0.00823	0.01176	0.01058	0.01528	0.01763	0.02586	0.01646	0.04937	0.74255	0.01058	0.01763	0.00705	0.00353	0.00588
3	0.81514	0.01273	0.00968	0.00866	0.01273	0.01477	0.00713	0.01935	0.01120	0.02954	0.00917	0.01069	0.00713	0.00611	0.00407	0.00204	0.00509	0.00356	0.00407	0.00713
4	0.81514	0.01273	0.00968	0.00866	0.01273	0.01477	0.00713	0.01935	0.01120	0.02954	0.00917	0.01069	0.00713	0.00611	0.00407	0.00204	0.00509	0.00356	0.00407	0.00713
5	0.00957	0.00638	0.00718	0.00718	0.00718	0.00638	0.00399	0.00957	0.00957	0.01276	0.02074	0.04308	0.02393	0.76864	0.03351	0.00638	0.00638	0.00957	0.00399	0.00399
6	0.00921	0.00683	0.00753	0.00765	0.00964	0.00590	0.00572	0.01088	0.01469	0.05531	0.05668	0.15786	0.52473	0.04352	0.00880	0.00247	0.00380	0.05682	0.00614	0.00580
7	0.06059	0.01637	0.06286	0.01450	0.01916	0.01691	0.04442	0.18221	0.42414	0.05381	0.02179	0.02080	0.01607	0.00820	0.00655	0.00215	0.00624	0.00672	0.00617	0.01033
8	0.01603	0.01538	0.02625	0.08861	0.68141	0.01557	0.02007	0.01998	0.01487	0.02119	0.01234	0.01638	0.01032	0.00591	0.00652	0.00197	0.00789	0.00586	0.00324	0.01022
9	0.01341	0.06904	0.70136	0.01841	0.02794	0.01580	0.02370	0.02079	0.01387	0.02059	0.01169	0.01374	0.00834	0.00623	0.00616	0.00205	0.00960	0.00480	0.00278	0.00967
10	0.01494	0.02321	0.29957	0.06970	0.03171	0.01577	0.35646	0.02155	0.03851	0.04415	0.01351	0.01666	0.00983	0.00608	0.00705	0.00216	0.01005	0.00650	0.00337	0.00923
11	0.01243	0.01170	0.01975	0.75282	0.04534	0.01463	0.01828	0.01682	0.01316	0.01682	0.01170	0.01755	0.00878	0.00658	0.00658	0.00219	0.00878	0.00585	0.00293	0.00731
12	0.01317	0.01256	0.02156	0.61123	0.15592	0.01486	0.04289	0.01752	0.01354	0.01773	0.01187	0.01735	0.00909	0.00643	0.00661	0.00216	0.00870	0.00592	0.00299	0.00788
13	0.01026	0.00965	0.05760	0.08639	0.03810	0.00849	0.03277	0.05108	0.01413	0.01883	0.03172	0.50028	0.08226	0.01632	0.00785	0.00248	0.00523	0.01470	0.00542	0.00645
14	0.01517	0.01428	0.02412	0.09094	0.59236	0.01448	0.01865	0.01889	0.01470	0.02075	0.01504	0.06814	0.01387	0.00751	0.00678	0.00208	0.00754	0.04149	0.00356	0.00964
15	0.01206	0.01113	0.01854	0.62027	0.07575	0.01348	0.01681	0.01601	0.01319	0.01706	0.01491	0.11386	0.01335	0.00836	0.00681	0.00224	0.00809	0.00751	0.00335	0.00722
16	0.01290	0.03249	0.69311	0.01808	0.02738	0.01474	0.02322	0.02020	0.01396	0.02067	0.01494	0.01671	0.04911	0.00685	0.00634	0.00209	0.00937	0.00538	0.00297	0.00949
17	0.01675	0.01698	0.06232	0.19938	0.22495	0.05051	0.16564	0.09426	0.01647	0.04408	0.01296	0.01665	0.00995	0.00651	0.00728	0.00210	0.03419	0.00617	0.00368	0.00919
18	0.02045	0.54547	0.06078	0.01171	0.01739	0.02139	0.01144	0.02292	0.01479	0.19854	0.01356	0.01373	0.01045	0.00630	0.00493	0.00160	0.00679	0.00437	0.00417	0.00921
19	0.00801	0.00609	0.00740	0.00842	0.00944	0.00548	0.00587	0.00938	0.01347	0.01721	0.04631	0.51338	0.26888	0.01925	0.00822	0.00253	0.00372	0.03539	0.00611	0.00544
20	0.02585	0.01123	0.01638	0.01369	0.05071	0.00992	0.04929	0.02853	0.01796	0.58190	0.04376	0.08228	0.01905	0.00904	0.00685	0.00210	0.00581	0.00776	0.00745	0.01043
21	0.02370	0.01778	0.01901	0.01488	0.01991	0.01980	0.01219	0.60320	0.13553	0.03936	0.01748	0.01714	0.01255	0.00806	0.00660	0.00201	0.00693	0.00616	0.00660	0.01108
22	0.81514	0.01273	0.00968	0.00866	0.01273	0.01477	0.00713	0.01935	0.01120	0.02954	0.00917	0.01069	0.00713	0.00611	0.00407	0.00204	0.00509	0.00356	0.00407	0.00713
23	0.01560	0.01779	0.12001	0.09036	0.58434	0.01552	0.02061	0.02004	0.01471	0.02107	0.01226	0.01607	0.01003	0.00597	0.00649	0.00199	0.00814	0.00573	0.00317	0.01010
24	0.01243	0.01170	0.01975	0.75282	0.04534	0.01463	0.01828	0.01682	0.01316	0.01682	0.01170	0.01755	0.00878	0.00658	0.00658	0.00219	0.00878	0.00585	0.00293	0.00731
25	0.01635	0.01142	0.01499	0.02983	0.01648	0.01154	0.04503	0.07204	0.10095	0.14904	0.16438	0.03082	0.07012	0.01010	0.00829	0.00208	0.07546	0.04629	0.00598	0.11881
26	0.01373	0.01307	0.02177	0.49310	0.19376	0.01523	0.04576	0.01887	0.05848	0.01869	0.01278	0.01762	0.00991	0.00670	0.00713	0.00217	0.03367	0.00603	0.00326	0.00826
27	0.02698	0.01128	0.01502	0.01140	0.01661	0.00953	0.00937	0.02958	0.01801	0.61755	0.02367	0.02100	0.01524	0.00762	0.00634	0.00187	0.00548	0.00618	0.00746	0.13981
28	0.00926	0.00695	0.00861	0.00815	0.00989	0.00641	0.00613	0.01259	0.03966	0.02489	0.58485	0.05095	0.17934	0.01389	0.00773	0.00210	0.00321	0.01212	0.00703	0.00623
29	0.01551	0.01484	0.02531	0.18495	0.58915	0.01544	0.01981	0.01952	0.01462	0.02056	0.01224	0.01655	0.01009	0.00601	0.00653	0.00200	0.00801	0.00586	0.00319	0.00980
30	0.08812	0.01760	0.01859	0.01440	0.01945	0.01950	0.01187	0.62776	0.02896	0.04004	0.03839	0.01648	0.01253	0.00794	0.00642	0.00198	0.00694	0.00593	0.00641	0.01071
31	0.02414	0.07944	0.01968	0.01659	0.02013	0.69577	0.01263	0.02586	0.01831	0.01607	0.01011	0.01179	0.00848	0.00671	0.00582	0.00168	0.01156	0.00419	0.00335	0.00768
32	0.01558	0.43352	0.35589	0.01471	0.02222	0.02111	0.01726	0.02023	0.01362	0.01795	0.01037	0.01209	0.00840	0.00592	0.00516	0.00172	0.00827	0.00414	0.00280	0.00904
33	0.01503	0.13231	0.58568	0.01722	0.02604	0.01632	0.02145	0.02154	0.01420	0.07361	0.01252	0.01409	0.00895	0.00631	0.00601	0.00199	0.00905	0.00481	0.00319	0.00967
34	0.02954	0.01120	0.01528	0.01171	0.01681	0.00968	0.00968	0.03208	0.01884	0.73213	0.02597	0.02241	0.01630	0.00815	0.00662	0.00204	0.00560	0.00662	0.00815	0.01120
35	0.81514	0.01273	0.00968	0.00866	0.01273	0.01477	0.00713	0.01935	0.01120	0.02954	0.00917	0.01069	0.00713	0.00611	0.00407	0.00204	0.00509	0.00356	0.00407	0.00713
36	0.01713	0.01452	0.01531	0.01355	0.01741	0.01673	0.01060	0.09353	0.65590	0.02876	0.02584	0.02380	0.01932	0.00884	0.00669	0.00221	0.00539	0.00731	0.00669	0.01049
37	0.02930	0.01159	0.01551	0.01189	0.01700	0.01024	0.00983	0.06767	0.01948	0.69564	0.02543	0.02206	0.01603	0.00814	0.00662	0.00203	0.00569	0.00658	0.00807	0.01120
38	0.00823	0.00603	0.00775	0.00884	0.00964	0.00555	0.00613	0.00974	0.01371	0.01815	0.12071	0.56683	0.13345	0.01919	0.00827	0.00256	0.00375	0.03973	0.00624	0.00550
39	0.00919	0.00672	0.00863	0.00815	0.00976	0.00616	0.00611	0.01218	0.01834	0.02571	0.67110	0.05032	0.11555	0.01372	0.00777	0.00208	0.00312	0.01207	0.00716	0.00616
40	0.02939	0.01144	0.01543	0.01183	0.01692	0.01003	0.00977	0.05430	0.01924	0.70935	0.02564	0.02219	0.01613	0.00814	0.00662	0.00204	0.00566	0.00660	0.00810	0.01120
41	0.01637	0.01414	0.01489	0.01340	0.01712	0.01637	0.01042	0.03498	0.71568	0.02754	0.02679	0.02456	0.02010	0.00893	0.00670	0.00223	0.00521	0.00744	0.00670	0.01042
42	0.05033	0.24306	0.04152	0.01500	0.01930	0.46279	0.01240	0.05145	0.01725	0.01756	0.01012	0.01167	0.00853	0.00646	0.00541	0.00165	0.01000	0.00409	0.00336	0.00805
43	0.00923	0.00786	0.00986	0.01174	0.10833	0.00705	0.00737	0.01142	0.01549	0.01971	0.16948	0.09433	0.47454	0.01486	0.00764	0.00219	0.00394	0.01272	0.00591	0.00633
44	0.01406	0.03059	0.59753	0.02083	0.06864	0.01532	0.10019	0.02113	0.01427	0.03911	0.01238	0.01469	0.00885	0.00620	0.00645	0.00209	0.00967	0.00529	0.00301	0.00971
45	0.05427	0.01411	0.01686	0.01297	0.01809	0.01409	0.01071	0.29771	0.02337	0.43560	0.02139	0.01940	0.01397	0.00798	0.00652	0.00201	0.00623	0.00624	0.00739	0.01106
46	0.01676	0.01576	0.02597	0.03770	0.64870	0.01616	0.01944	0.06382	0.01578	0.02252	0.01242	0.01617	0.01039	0.00626	0.00724	0.00200	0.04326	0.00586	0.00345	0.01032
47	0.01399	0.03227	0.66897	0.01895	0.02833	0.01513	0.05939	0.02131	0.01418	0.04959	0.01246	0.01445	0.00875	0.00629	0.00635	0.00209	0.00963	0.00509	0.00303	0.00974
48	0.02503	0.01844	0.01976	0.01515	0.02042	0.02042	0.01251	0.70562	0.03095	0.04149	0.01581	0.01581	0.01120	0.00790	0.00659	0.00198	0.00724	0.00593	0.00659	0.01120
49	0.00885	0.00624	0.00723	0.00766	0.00813	0.00596	0.00475	0.00944	0.01130	0.01471	0.03248	0.25107	0.14127	0.43638	0.02228	0.00467	0.00517	0.01286	0.00493	0.00462
50	0.71831	0.01417	0.01085	0.00956	0.01367	0.05653	0.00780	0.06478	0.01292	0.02956	0.00966	0.01110	0.00747	0.00627	0.00434	0.00201	0.00562	0.00376	0.00420	0.00742
51	0.01583	0.01740	0.09593	0.06095	0.60445	0.01562	0.05292	0.02020	0.01485	0.02127	0.01235	0.01617	0.01015	0.00591	0.00655	0.00199	0.00819	0.00586	0.00320	0.01018
52	0.01601	0.01535	0.02621	0.09278	0.67742	0.01557	0.02006	0.01996	0.01486	0.02116	0.01233	0.01639	0.01031	0.00592	0.00652	0.00197	0.00789	0.00586	0.00323	0.01020
53	0.00890	0.00675	0.00834	0.00831	0.00998	0.00619	0.00635	0.01141	0.01647	0.02207	0.38590	0.09546	0.25857	0.01699	0.04274	0.00265	0.00418	0.07623	0.00655	0.00593
54	0.01544	0.18049	0.45591	0.01788	0.02594	0.05916	0.08692	0.04861	0.01491	0.02036	0.01149	0.01356	0.00865	0.00616	0.00599	0.00194	0.00934	0.00488	0.00303	0.00933
55	0.01781	0.71723	0.05294	0.01174	0.01738	0.05968	0.01169	0.02006	0.01364	0.01567	0.00927	0.01071	0.00845	0.00570	0.00436	0.00144	0.00734	0.00359	0.00284	0.00844
56	0.00957	0.00638	0.00718	0.00718	0.00718	0.00638	0.00399	0.00957	0.00957	0.01276	0.02074	0.04308	0.02393	0.76864	0.03351	0.00638	0.00638	0.00957	0.00399	0.00399
57	0.01638	0.01533	0.02540	0.12754	0.59644	0.01583	0.01946	0.06447	0.01580	0.02223	0.01252	0.01642	0.01027	0.00609	0.00653	0.00199	0.00790	0.00587	0.00343	0.01009
58	0.01320	0.03405	0.73453	0.01876	0.02849	0.01529	0.02432	0.02085	0.01390	0.02085	0.01181	0.01390	0.00834	0.00625	0.00625	0.00208	0.00973	0.00486	0.00278	0.00973
59	0.01709	0.01731	0.02544	0.07140	0.61188	0.10124	0.01923	0.02076	0.01534	0.02065	0.01209	0.01583	0.01012	0.00601	0.00645	0.00194	0.00834	0.00567	0.00326	0.00995
60	0.01637	0.01414	0.01489	0.01340	0.01712	0.01637	0.01042	0.03498	0.71568	0.02754	0.02679	0.02456	0.02010	0.00893	0.00670	0.00223	0.00521	0.00744	0.00670	0.01042
61	0.01296	0.00883	0.01087	0.00978	0.01224	0.00841	0.00750	0.06079	0.06390	0.08377	0.33408	0.10241	0.04036	0.07156	0.00939	0.00242	0.00444	0.05991	0.00646	0.08993
62	0.00965	0.00679	0.00869	0.00844	0.01001	0.00624	0.00632	0.01231	0.01725	0.04238	0.51748	0.11334	0.12685	0.03917	0.00870	0.00233	0.00352	0.04753	0.00688	0.00612
63	0.81514	0.01273	0.00968	0.00866	0.01273	0.01477	0.00713	0.01935	0.01120	0.02954	0.00917	0.01069	0.00713	0.00611	0.00407	0.00204	0.00509	0.00356	0.00407	0.00713
64	0.01342	0.01304	0.02310	0.55306	0.15459	0.01503	0.09832	0.01786	0.01374	0.01808	0.01200	0.01737	0.00918	0.00635	0.00671	0.00216	0.00889	0.00608	0.00303	0.00800
65	0.07113	0.01495	0.01946	0.02251	0.26662	0.01585	0.01380	0.18088	0.17372	0.08897	0.01989	0.02040	0.04688	0.00773	0.00648	0.00205	0.00653	0.00652	0.00539	0.01022
66	0.00844	0.00628	0.00796	0.00914	0.01015	0.00581	0.00668	0.01005	0.01362	0.01756	0.04300	0.47658	0.19888	0.01927	0.00839	0.00264	0.00412	0.13979	0.00610	0.00553
67	0.01659	0.01576	0.02591	0.02183	0.08356	0.01808	0.22535	0.08178	0.05456	0.04984	0.01277	0.01662	0.01040	0.00860	0.01327	0.00245	0.32360	0.00653	0.00381	0.00870
68	0.06661	0.04208	0.25174	0.09977	0.02498	0.07391	0.04684	0.19719	0.03668	0.02540	0.01351	0.01672	0.01047	0.05648	0.00802	0.00231	0.00852	0.00559	0.00411	0.00908
69	0.01138	0.00762	0.00936	0.00931	0.01099	0.00736	0.00686	0.03693	0.05200	0.07956	0.13202	0.25997	0.15617	0.09470	0.04822	0.00322	0.00509	0.05668	0.00613	0.00640
70	0.01629	0.01564	0.02672	0.04041	0.72757	0.01564	0.02020	0.02020	0.01499	0.02151	0.01238	0.01629	0.01043	0.00587	0.00652	0.00196	0.00782	0.00587	0.00326	0.01043
71	0.01523	0.01468	0.01312	0.01186	0.01449	0.17388	0.00914	0.07856	0.12679	0.02415	0.28540	0.03503	0.10408	0.01117	0.00762	0.00207	0.03256	0.02665	0.00594	0.00757
72	0.01672	0.01549	0.02396	0.20154	0.47354	0.04990	0.01863	0.05824	0.01576	0.04482	0.01276	0.01655	0.01019	0.00626	0.00651	0.00200	0.00813	0.00581	0.00354	0.00964
73	0.00825	0.00590	0.00787	0.00909	0.00960	0.00559	0.00615	0.00959	0.01294	0.01744	0.09541	0.64253	0.04324	0.04613	0.04396	0.00312	0.00450	0.01726	0.00602	0.00540
74	0.01144	0.00572	0.00858	0.00858	0.00858	0.00572	0.00572	0.00858	0.00858	0.01144	0.01144	0.02001	0.01144	0.02287	0.02573	0.80846	0.00572	0.00572	0.00286	0.00286
75	0.01837	0.69126	0.03276	0.01189	0.01728	0.10464	0.01142	0.02043	0.01396	0.01556	0.00926	0.01070	0.00845	0.00576	0.00441	0.00144	0.00757	0.00360	0.00288	0.00836
76	0.01335	0.05816	0.71168	0.01852	0.02811	0.01564	0.02390	0.02081	0.01388	0.02067	0.01173	0.01379	0.00834	0.00623	0.00619	0.00206	0.00964	0.00482	0.00278	0.00969
77	0.02490	0.02228	0.01943	0.01569	0.02040	0.23469	0.01257	0.50395	0.02730	0.03396	0.01413	0.01464	0.01039	0.00757	0.00639	0.00189	0.00862	0.00543	0.00564	0.01014
78	0.08241	0.07349	0.61231	0.01718	0.02596	0.01561	0.02160	0.02042	0.01377	0.02144	0.03102	0.01440	0.00972	0.00640	0.00599	0.00204	0.00899	0.00487	0.00302	0.00934
79	0.02459	0.03138	0.01866	0.01696	0.02035	0.74221	0.01272	0.02629	0.01866	0.01611	0.01018	0.01187	0.00848	0.00678	0.00594	0.00170	0.01187	0.00424	0.00339	0.00763
80	0.01365	0.01170	0.01365	0.00975	0.01560	0.00878	0.00780	0.01658	0.01365	0.02145	0.01170	0.01365	0.00975	0.00488	0.00488	0.00098	0.00488	0.00390	0.00390	0.80888
81	0.00807	0.00575	0.00762	0.00910	0.00947	0.00538	0.00604	0.00918	0.01250	0.01667	0.03577	0.74045	0.04289	0.04540	0.00923	0.00280	0.00390	0.01841	0.00604	0.00530
82	0.00786	0.00667	0.00678	0.00675	0.00894	0.00559	0.00506	0.00960	0.01519	0.01823	0.10045	0.06263	0.69087	0.01651	0.00778	0.00222	0.00332	0.01379	0.00617	0.00559
83	0.03726	0.00816	0.00998	0.00902	0.01105	0.00799	0.00691	0.08576	0.01969	0.02809	0.62608	0.04440	0.05495	0.01263	0.00752	0.00206	0.00361	0.01100	0.00707	0.00677
84	0.05515	0.00699	0.00820	0.00858	0.00955	0.00691	0.00597	0.01153	0.03129	0.01816	0.12831	0.22618	0.08526	0.27619	0.01672	0.00383	0.00492	0.08549	0.00543	0.00533
85	0.00890	0.00636	0.00865	0.01018	0.01094	0.00611	0.00764	0.01069	0.01347	0.01779	0.03580	0.52901	0.04161	0.01979	0.00864	0.00280	0.00458	0.24534	0.00609	0.00559
86	0.01243	0.01170	0.01975	0.75282	0.04534	0.01463	0.01828	0.01682	0.01316	0.01682	0.01170	0.01755	0.00878	0.00658	0.00658	0.00219	0.00878	0.00585	0.00293	0.00731
87	0.01632	0.01507	0.02220	0.03008	0.45603	0.01592	0.01646	0.02585	0.28280	0.02381	0.01789	0.01945	0.01412	0.00704	0.00659	0.00206	0.00682	0.00647	0.00457	0.01042
88	0.00827	0.00669	0.00734	0.00718	0.00919	0.00576	0.00538	0.01039	0.01615	0.02051	0.27481	0.05887	0.51508	0.01566	0.00778	0.00217	0.00326	0.01326	0.00647	0.00576
89	0.02030	0.01586	0.01689	0.01393	0.01822	0.01785	0.01112	0.36563	0.33929	0.03366	0.02103	0.02121	0.01589	0.04869	0.00806	0.00233	0.00628	0.00681	0.00650	0.01046
90	0.36120	0.04553	0.01484	0.03309	0.01716	0.35325	0.01012	0.02204	0.01486	0.02188	0.01099	0.04713	0.00957	0.00711	0.00522	0.00189	0.00835	0.00466	0.00378	0.00733
91	0.01649	0.01494	0.02519	0.03730	0.65507	0.01484	0.01894	0.02029	0.01537	0.05344	0.05349	0.01844	0.01363	0.00640	0.00659	0.00197	0.00745	0.00624	0.00370	0.01022
92	0.00848	0.00668	0.00753	0.00733	0.00916	0.00586	0.00542	0.01062	0.01611	0.02086	0.32078	0.05667	0.42621	0.05821	0.00924	0.00240	0.00342	0.01287	0.00644	0.00572
93	0.65175	0.01444	0.01146	0.01002	0.01416	0.05681	0.00815	0.09046	0.04702	0.02990	0.01074	0.01194	0.00824	0.00647	0.00456	0.00202	0.00570	0.00403	0.00442	0.00773
94	0.71555	0.01274	0.01117	0.07585	0.04097	0.01479	0.00858	0.01916	0.01151	0.02812	0.00951	0.01150	0.00739	0.00614	0.00438	0.00205	0.00552	0.00385	0.00394	0.00726
95	0.00903	0.00615	0.00734	0.00788	0.00801	0.00602	0.00473	0.00943	0.01064	0.01418	0.02620	0.29633	0.03082	0.50600	0.02469	0.00508	0.00548	0.01278	0.00473	0.00447
96	0.00957	0.00638	0.00718	0.00718	0.00718	0.00638	0.00399	0.00957	0.00957	0.01276	0.02074	0.04308	0.02393	0.76864	0.03351	0.00638	0.00638	0.00957	0.00399	0.00399
97	0.06614	0.05035	0.01600	0.01155	0.01662	0.01076	0.00964	0.03085	0.01820	0.66207	0.02431	0.02124	0.01546	0.00792	0.00638	0.00200	0.00565	0.00632	0.00768	0.01087
98	0.01320	0.03405	0.73453	0.01876	0.02849	0.01529	0.02432	0.02085	0.01390	0.02085	0.01181	0.01390	0.00834	0.00625	0.00625	0.00208	0.00973	0.00486	0.00278	0.00973
99	0.01637	0.01414	0.01489	0.01340	0.01712	0.01637	0.01042	0.03498	0.71568	0.02754	0.02679	0.02456	0.02010	0.00893	0.00670	0.00223	0.00521	0.00744	0.00670	0.01042
100	0.01320	0.03405	0.73453	0.01876	0.02849	0.01529	0.02432	0.02085	0.01390	0.02085	0.01181	0.01390	0.00834	0.00625	0.00625	0.00208	0.00973	0.00486	0.00278	0.00973
101	0.02515	0.01743	0.01903	0.01468	0.01986	0.01902	0.01210	0.59922	0.06008	0.11934	0.01745	0.01695	0.01217	0.00798	0.00659	0.00199	0.00697	0.00607	0.00677	0.01116
102	0.08099	0.01362	0.01633	0.01260	0.01768	0.01345	0.01041	0.24617	0.02219	0.46443	0.02160	0.01951	0.01405	0.00793	0.00644	0.00202	0.00609	0.00619	0.00738	0.01093
103	0.01296	0.01224	0.02069	0.65588	0.13817	0.01476	0.01854	0.01728	0.01341	0.01746	0.01179	0.01738	0.00900	0.00648	0.00657	0.00216	0.00865	0.00585	0.00297	0.00774
104	0.00932	0.00673	0.00880	0.00828	0.00984	0.00621	0.00621	0.01242	0.01863	0.02640	0.72410	0.04918	0.06212	0.01346	0.00776	0.00207	0.00311	0.01191	0.00725	0.00621
105	0.00938	0.00693	0.00952	0.00996	0.01085	0.00746	0.00746	0.01115	0.01163	0.01590	0.02614	0.18205	0.05732	0.15541	0.32860	0.00672	0.03021	0.10324	0.00456	0.00551
106	0.29125	0.01435	0.01514	0.01358	0.05930	0.01567	0.01030	0.19919	0.14144	0.15169	0.01702	0.01677	0.01221	0.00740	0.00576	0.00205	0.00591	0.00551	0.00582	0.00964
107	0.01554	0.01776	0.03885	0.02775	0.03441	0.01665	0.70366	0.02109	0.01554	0.02109	0.01332	0.01776	0.00999	0.00555	0.00777	0.00222	0.01110	0.00777	0.00333	0.00888
108	0.00957	0.00638	0.00718	0.00718	0.00718	0.00638	0.00399	0.00957	0.00957	0.01276	0.02074	0.04308	0.02393	0.76864	0.03351	0.00638	0.00638	0.00957	0.00399	0.00399
109	0.01629	0.01564	0.02672	0.04041	0.72757	0.01564	0.02020	0.02020	0.01499	0.02151	0.01238	0.01629	0.01043	0.00587	0.00652	0.00196	0.00782	0.00587	0.00326	0.01043
110	0.00900	0.00646	0.00874	0.01017	0.01105	0.00620	0.00774	0.01091	0.01377	0.01816	0.05478	0.47143	0.06063	0.01943	0.00862	0.00278	0.00462	0.26376	0.00612	0.00564
111	0.00961	0.00710	0.00931	0.01045	0.01195	0.00680	0.00867	0.01209	0.01486	0.01908	0.06114	0.16942	0.18355	0.01808	0.00868	0.00278	0.00509	0.42936	0.00611	0.00586
112	0.01760	0.77260	0.03450	0.01126	0.01690	0.02605	0.01126	0.01971	0.01338	0.01549	0.00915	0.01056	0.00845	0.00563	0.00422	0.00141	0.00704	0.00352	0.00282	0.00845
113	0.01716	0.01244	0.01554	0.01144	0.01706	0.01039	0.04150	0.06199	0.05208	0.13868	0.01513	0.01597	0.01145	0.00583	0.00549	0.00133	0.00545	0.00483	0.00487	0.55136
