[name]
unknown

[dist]
# distance from previous block
# <min> <max>
18	111

[block]
# block no. 0 follows, 34 sequences, length 6
# corresponding to MSA columns:
# 134-139
name=unknown_A
#
# <colnr> <probs for GDERKNQSTAVLIFYWHMCP>
#	G	D	E	R	K	N	Q	S	T	A	V	L	I	F	Y	W	H	M	C	P
0	0.04906	0.07407	0.09871	0.01118	0.01530	0.07317	0.00996	0.05503	0.01563	0.08300	0.11293	0.09949	0.10238	0.01150	0.03867	0.00222	0.00634	0.00797	0.00495	0.12844
1	0.01683	0.01491	0.04698	0.05590	0.03888	0.07521	0.03541	0.16707	0.05727	0.07083	0.06743	0.05301	0.08296	0.02846	0.00808	0.00205	0.05387	0.00726	0.00508	0.11251
2	0.04090	0.08922	0.14061	0.01424	0.01911	0.05389	0.08095	0.03849	0.08229	0.08761	0.04987	0.10068	0.01670	0.00851	0.00706	0.00195	0.04814	0.00705	0.00452	0.10820
3	0.01464	0.01512	0.04538	0.01903	0.16268	0.09028	0.11277	0.04155	0.01587	0.02154	0.12155	0.02330	0.07292	0.00756	0.00638	0.00173	0.00687	0.00682	0.00427	0.20971
4	0.01220	0.01148	0.01938	0.75739	0.04450	0.01436	0.01794	0.01651	0.01292	0.01651	0.01148	0.01723	0.00861	0.00646	0.00646	0.00215	0.00861	0.00574	0.00287	0.00718
5	0.01802	0.01666	0.01618	0.07694	0.02003	0.12117	0.01148	0.12101	0.46904	0.02634	0.02128	0.02060	0.01599	0.00814	0.00644	0.00208	0.00661	0.00653	0.00578	0.00968

[dist]
# distance from previous block
# <min> <max>
0	2

[block]
# block no. 1 follows, 34 sequences, length 35
# corresponding to MSA columns:
# 142-176
name=unknown_B
#
# <colnr> <probs for GDERKNQSTAVLIFYWHMCP>
#	G	D	E	R	K	N	Q	S	T	A	V	L	I	F	Y	W	H	M	C	P
0	0.00911	0.00805	0.00797	0.00774	0.00990	0.04046	0.00584	0.01179	0.04967	0.01899	0.15703	0.05427	0.53085	0.01652	0.04080	0.00251	0.00435	0.01230	0.00595	0.00589
1	0.01172	0.03328	0.01158	0.01059	0.01191	0.10475	0.00797	0.01350	0.01174	0.01547	0.03771	0.05228	0.01812	0.16434	0.39227	0.00703	0.04339	0.00734	0.03919	0.00580
2	0.10807	0.04876	0.22237	0.01715	0.05369	0.04833	0.10674	0.08487	0.10454	0.12037	0.01542	0.01629	0.01111	0.00674	0.00615	0.00201	0.00781	0.00562	0.00451	0.00945
3	0.01778	0.05149	0.04279	0.02250	0.26574	0.04794	0.03141	0.20108	0.05314	0.02583	0.01579	0.01746	0.04296	0.00679	0.00613	0.00178	0.00704	0.00575	0.00441	0.13219
4	0.08510	0.01491	0.11146	0.01217	0.01701	0.03386	0.01100	0.05437	0.13651	0.31420	0.06333	0.02448	0.07589	0.00864	0.00639	0.00204	0.00587	0.00694	0.00631	0.00952
5	0.01846	0.02038	0.02340	0.12682	0.31519	0.26624	0.07558	0.04164	0.01621	0.01921	0.01150	0.01478	0.00935	0.00619	0.00632	0.00189	0.00942	0.00537	0.00330	0.00877
6	0.00915	0.00632	0.00704	0.00702	0.00738	0.00615	0.00414	0.00949	0.01048	0.01374	0.05561	0.04521	0.12035	0.63960	0.02844	0.00554	0.00573	0.01006	0.00433	0.00421
7	0.02456	0.01810	0.01939	0.01487	0.02004	0.02004	0.01228	0.71107	0.03038	0.04072	0.01551	0.01551	0.01099	0.00776	0.00646	0.00194	0.00711	0.00582	0.00646	0.01099
8	0.00914	0.00717	0.00840	0.00863	0.01029	0.00683	0.00640	0.01286	0.09238	0.02025	0.19863	0.24646	0.27338	0.01597	0.00776	0.00232	0.00372	0.05699	0.00631	0.00610
9	0.01384	0.01178	0.01393	0.04279	0.01681	0.00937	0.00831	0.04697	0.01413	0.02172	0.01166	0.01366	0.00959	0.00499	0.00493	0.00105	0.00506	0.00400	0.00390	0.74151
10	0.44025	0.01355	0.01457	0.01255	0.04236	0.03717	0.06979	0.09554	0.01527	0.12361	0.04788	0.01564	0.01194	0.00681	0.00526	0.00198	0.00597	0.00509	0.02660	0.00818
11	0.01446	0.01481	0.01917	0.37412	0.12263	0.12787	0.01578	0.01771	0.01332	0.01671	0.01159	0.01670	0.00958	0.01159	0.08891	0.00303	0.10589	0.00562	0.00304	0.00745
12	0.00924	0.00688	0.01019	0.01019	0.01128	0.00797	0.00784	0.01141	0.01033	0.01486	0.01748	0.02636	0.01658	0.09038	0.70598	0.01015	0.01667	0.00707	0.00349	0.00566
13	0.01363	0.02904	0.58755	0.01886	0.05745	0.01465	0.04726	0.02022	0.01398	0.04665	0.04705	0.01590	0.01121	0.00674	0.00697	0.00208	0.04289	0.00536	0.00318	0.00932
14	0.01000	0.00689	0.00806	0.00768	0.00976	0.00601	0.00579	0.01218	0.01615	0.08170	0.29415	0.09904	0.38933	0.01479	0.00757	0.00214	0.00341	0.01264	0.00656	0.00614
15	0.00863	0.00686	0.00782	0.00798	0.00971	0.00629	0.00589	0.01157	0.06028	0.01977	0.20103	0.20558	0.37483	0.01604	0.00773	0.00226	0.00351	0.03206	0.00628	0.00587
16	0.01514	0.01744	0.05757	0.02713	0.09517	0.01653	0.56116	0.02014	0.01466	0.02025	0.01252	0.01688	0.00967	0.00604	0.00872	0.00221	0.07967	0.00718	0.00320	0.00873
17	0.00992	0.00702	0.00841	0.00820	0.00993	0.00648	0.00619	0.01246	0.03333	0.05273	0.29447	0.05291	0.26071	0.11689	0.01111	0.00276	0.00405	0.09031	0.00622	0.00591
18	0.00787	0.00562	0.00750	0.00900	0.00937	0.00525	0.00600	0.00900	0.01237	0.01649	0.03561	0.76871	0.04274	0.02024	0.00825	0.00262	0.00375	0.01837	0.00600	0.00525
19	0.81856	0.01250	0.00950	0.00850	0.01250	0.01449	0.00700	0.01899	0.01100	0.02899	0.00900	0.01050	0.00700	0.00600	0.00400	0.00200	0.00500	0.00350	0.00400	0.00700
20	0.01599	0.01535	0.02623	0.03966	0.73262	0.01535	0.01983	0.01983	0.01471	0.02111	0.01215	0.01599	0.01023	0.00576	0.00640	0.00192	0.00768	0.00576	0.00320	0.01023
21	0.81856	0.01250	0.00950	0.00850	0.01250	0.01449	0.00700	0.01899	0.01100	0.02899	0.00900	0.01050	0.00700	0.00600	0.00400	0.00200	0.00500	0.00350	0.00400	0.00700
22	0.02516	0.01714	0.01880	0.01441	0.01956	0.01862	0.01191	0.61939	0.02878	0.13467	0.01686	0.01639	0.01166	0.00779	0.00647	0.00195	0.00689	0.00591	0.00667	0.01099
23	0.00923	0.00692	0.01038	0.01038	0.01154	0.00808	0.00808	0.01154	0.01038	0.01500	0.01731	0.02538	0.01615	0.04846	0.74732	0.01038	0.01731	0.00692	0.00346	0.00577
24	0.81856	0.01250	0.00950	0.00850	0.01250	0.01449	0.00700	0.01899	0.01100	0.02899	0.00900	0.01050	0.00700	0.00600	0.00400	0.00200	0.00500	0.00350	0.00400	0.00700
25	0.01285	0.01080	0.01167	0.01071	0.01360	0.01174	0.00825	0.02441	0.42399	0.02486	0.18915	0.03709	0.17167	0.01127	0.00702	0.00215	0.00429	0.00954	0.00658	0.00836
26	0.00914	0.00660	0.00864	0.00813	0.00965	0.00610	0.00610	0.01219	0.01829	0.02591	0.72921	0.04827	0.06097	0.01321	0.00762	0.00203	0.00305	0.01169	0.00711	0.00610
27	0.01122	0.00619	0.00676	0.00662	0.00813	0.00604	0.00496	0.01425	0.01489	0.02460	0.22129	0.03092	0.02912	0.00913	0.00539	0.00165	0.00302	0.00762	0.58213	0.00604
28	0.02456	0.01810	0.01939	0.01487	0.02004	0.02004	0.01228	0.71107	0.03038	0.04072	0.01551	0.01551	0.01099	0.00776	0.00646	0.00194	0.00711	0.00582	0.00646	0.01099
29	0.02035	0.00910	0.01215	0.00997	0.01350	0.00800	0.00797	0.02303	0.01824	0.42975	0.29853	0.03398	0.06633	0.01039	0.00698	0.00202	0.00445	0.00883	0.00756	0.00885
30	0.01283	0.01206	0.01784	0.25720	0.24755	0.04270	0.01456	0.01654	0.03198	0.01902	0.06663	0.06992	0.11604	0.00938	0.00686	0.00212	0.00688	0.03804	0.00410	0.00775
31	0.01607	0.63917	0.02962	0.01078	0.01531	0.02271	0.01023	0.01784	0.01248	0.01486	0.01050	0.01484	0.01035	0.10931	0.00878	0.00210	0.04013	0.00435	0.00292	0.00765
32	0.01629	0.01693	0.02049	0.06714	0.38493	0.17780	0.01536	0.01983	0.04148	0.01956	0.05001	0.10924	0.01653	0.00825	0.00657	0.00198	0.00782	0.00729	0.00387	0.00864
33	0.13518	0.03449	0.01647	0.11477	0.13874	0.04328	0.03591	0.04005	0.07389	0.04011	0.01913	0.12895	0.04593	0.06061	0.00880	0.00242	0.04133	0.00790	0.00435	0.00767
34	0.07632	0.06017	0.04065	0.05716	0.02144	0.35712	0.06725	0.08485	0.04254	0.11312	0.01330	0.01445	0.00999	0.00678	0.00597	0.00184	0.00925	0.00502	0.00429	0.00849

[dist]
# distance from previous block
# <min> <max>
1	6

[block]
# block no. 2 follows, 34 sequences, length 50
# corresponding to MSA columns:
# 183-232
name=unknown_C
#
# <colnr> <probs for GDERKNQSTAVLIFYWHMCP>
#	G	D	E	R	K	N	Q	S	T	A	V	L	I	F	Y	W	H	M	C	P
0	0.01760	0.01771	0.05377	0.05704	0.14295	0.17708	0.01299	0.09247	0.03650	0.05710	0.01435	0.04976	0.01210	0.01087	0.07243	0.00255	0.02919	0.00581	0.00410	0.13362
1	0.01540	0.01717	0.13531	0.01411	0.01979	0.07925	0.10112	0.01962	0.03671	0.07583	0.04829	0.05049	0.01401	0.00673	0.00595	0.00160	0.00692	0.00584	0.00419	0.34167
2	0.01374	0.00845	0.01067	0.00957	0.01196	0.00837	0.00734	0.04734	0.04058	0.13585	0.08051	0.04800	0.08408	0.10274	0.23676	0.00495	0.00859	0.00804	0.06750	0.06498
3	0.01418	0.01219	0.01776	0.19092	0.10611	0.01271	0.06896	0.12197	0.05152	0.02244	0.02007	0.13489	0.05580	0.00910	0.00662	0.00200	0.00659	0.00814	0.02950	0.10851
4	0.00804	0.00625	0.00734	0.00794	0.00933	0.00555	0.00575	0.00970	0.01421	0.01808	0.12143	0.32960	0.36067	0.01759	0.00794	0.00238	0.00358	0.05303	0.00611	0.00547
5	0.02899	0.01100	0.01499	0.01150	0.01649	0.00950	0.00950	0.03149	0.01849	0.73709	0.02549	0.02199	0.01599	0.00800	0.00650	0.00200	0.00550	0.00650	0.00800	0.01100
6	0.00819	0.00657	0.00731	0.00713	0.00907	0.00569	0.00534	0.01034	0.01603	0.02056	0.30893	0.05708	0.48458	0.01521	0.00763	0.00213	0.00319	0.01292	0.00641	0.00569
7	0.01599	0.01535	0.02623	0.03966	0.73262	0.01535	0.01983	0.01983	0.01471	0.02111	0.01215	0.01599	0.01023	0.00576	0.00640	0.00192	0.00768	0.00576	0.00320	0.01023
8	0.01599	0.01535	0.02623	0.03966	0.73262	0.01535	0.01983	0.01983	0.01471	0.02111	0.01215	0.01599	0.01023	0.00576	0.00640	0.00192	0.00768	0.00576	0.00320	0.01023
9	0.00798	0.00656	0.00702	0.00690	0.00894	0.00560	0.00518	0.00993	0.01553	0.01936	0.21531	0.05904	0.57895	0.01565	0.00763	0.00215	0.00322	0.01320	0.00625	0.00560
10	0.01642	0.01381	0.01455	0.01284	0.01656	0.01572	0.01006	0.11238	0.58482	0.02791	0.02805	0.02603	0.07351	0.00923	0.00664	0.00216	0.00521	0.00762	0.00652	0.00995
11	0.02397	0.05136	0.01885	0.01634	0.01988	0.66821	0.01243	0.08020	0.01912	0.01778	0.01040	0.01192	0.00853	0.00671	0.00583	0.00168	0.01115	0.00427	0.00356	0.00779
12	0.00770	0.00655	0.00664	0.00662	0.00877	0.00548	0.00496	0.00940	0.01489	0.01784	0.09537	0.06156	0.69984	0.01622	0.00764	0.00218	0.00326	0.01355	0.00605	0.00548
13	0.00928	0.00625	0.00724	0.00735	0.00743	0.00628	0.00427	0.00947	0.00966	0.01293	0.02131	0.09382	0.02452	0.68340	0.06589	0.00620	0.00662	0.00992	0.00404	0.00410
14	0.01649	0.01710	0.01969	0.01636	0.01955	0.19638	0.14906	0.08261	0.07167	0.01960	0.01456	0.01897	0.01235	0.04208	0.20686	0.00441	0.07445	0.00628	0.00387	0.00766
15	0.01323	0.01254	0.02124	0.56196	0.23187	0.01463	0.01846	0.01741	0.01341	0.01776	0.01167	0.01689	0.00905	0.00627	0.00644	0.00209	0.00836	0.00575	0.00296	0.00801
16	0.01296	0.03342	0.73944	0.01842	0.02797	0.01501	0.02387	0.02046	0.01364	0.02046	0.01160	0.01364	0.00818	0.00614	0.00614	0.00205	0.00955	0.00477	0.00273	0.00955
17	0.00788	0.00656	0.00688	0.00680	0.00888	0.00556	0.00510	0.00975	0.01530	0.01882	0.17283	0.05993	0.62177	0.01585	0.00763	0.00216	0.00324	0.01332	0.00618	0.00556
18	0.00787	0.00562	0.00750	0.00900	0.00937	0.00525	0.00600	0.00900	0.01237	0.01649	0.03561	0.76871	0.04274	0.02024	0.00825	0.00262	0.00375	0.01837	0.00600	0.00525
19	0.00794	0.00572	0.00754	0.00897	0.00946	0.00532	0.00608	0.00914	0.01255	0.01662	0.03689	0.71717	0.07293	0.02000	0.00824	0.00261	0.00379	0.03776	0.00600	0.00528
20	0.01599	0.01535	0.02623	0.03966	0.73262	0.01535	0.01983	0.01983	0.01471	0.02111	0.01215	0.01599	0.01023	0.00576	0.00640	0.00192	0.00768	0.00576	0.00320	0.01023
21	0.01220	0.01148	0.01938	0.75739	0.04450	0.01436	0.01794	0.01651	0.01292	0.01651	0.01148	0.01723	0.00861	0.00646	0.00646	0.00215	0.00861	0.00574	0.00287	0.00718
22	0.02880	0.01130	0.01518	0.01164	0.01664	0.00994	0.00961	0.06021	0.01900	0.70766	0.02507	0.02172	0.01578	0.00799	0.00650	0.00200	0.00557	0.00647	0.00793	0.01100
23	0.00764	0.00655	0.00655	0.00655	0.00873	0.00545	0.00491	0.00927	0.01473	0.01745	0.06546	0.06218	0.73000	0.01636	0.00764	0.00218	0.00327	0.01364	0.00600	0.00545
24	0.01220	0.01148	0.01938	0.75739	0.04450	0.01436	0.01794	0.01651	0.01292	0.01651	0.01148	0.01723	0.00861	0.00646	0.00646	0.00215	0.00861	0.00574	0.00287	0.00718
25	0.01296	0.03342	0.73944	0.01842	0.02797	0.01501	0.02387	0.02046	0.01364	0.02046	0.01160	0.01364	0.00818	0.00614	0.00614	0.00205	0.00955	0.00477	0.00273	0.00955
26	0.00786	0.00567	0.00745	0.00887	0.00934	0.00526	0.00594	0.00901	0.01249	0.01654	0.03711	0.73333	0.07715	0.02005	0.00822	0.00260	0.00372	0.01813	0.00600	0.00526
27	0.01599	0.01535	0.02623	0.03966	0.73262	0.01535	0.01983	0.01983	0.01471	0.02111	0.01215	0.01599	0.01023	0.00576	0.00640	0.00192	0.00768	0.00576	0.00320	0.01023
28	0.00940	0.00626	0.00705	0.00705	0.00705	0.00626	0.00392	0.00940	0.00940	0.01253	0.02036	0.04228	0.02349	0.77292	0.03289	0.00626	0.00626	0.00940	0.00392	0.00392
29	0.00967	0.00701	0.00949	0.01083	0.01218	0.00684	0.00905	0.01217	0.01440	0.01863	0.03760	0.19969	0.10766	0.01814	0.00867	0.00283	0.00528	0.49813	0.00596	0.00577
30	0.01994	0.02031	0.01776	0.01732	0.09718	0.30171	0.01221	0.13381	0.05152	0.05137	0.01692	0.01940	0.06221	0.05102	0.00951	0.00221	0.09704	0.00600	0.00434	0.00825
31	0.00932	0.00656	0.00856	0.00856	0.00908	0.00709	0.00580	0.01037	0.00984	0.01365	0.01898	0.03463	0.02017	0.44466	0.35660	0.00813	0.01127	0.00828	0.00371	0.00476
32	0.00932	0.00623	0.00707	0.00714	0.00716	0.00621	0.00402	0.00938	0.00954	0.01272	0.02110	0.07765	0.02443	0.73628	0.03169	0.00609	0.00614	0.00983	0.00402	0.00398
33	0.01494	0.01472	0.02637	0.21452	0.45586	0.01526	0.12519	0.01915	0.01435	0.01991	0.01213	0.01652	0.00977	0.00588	0.00660	0.00202	0.00840	0.00604	0.00313	0.00925
34	0.81856	0.01250	0.00950	0.00850	0.01250	0.01449	0.00700	0.01899	0.01100	0.02899	0.00900	0.01050	0.00700	0.00600	0.00400	0.00200	0.00500	0.00350	0.00400	0.00700
35	0.01414	0.01414	0.01979	0.01696	0.01696	0.01979	0.01414	0.01555	0.00990	0.01555	0.00848	0.01414	0.00848	0.01131	0.02120	0.00283	0.76110	0.00565	0.00283	0.00707
36	0.01554	0.01505	0.02615	0.11659	0.61909	0.01530	0.05820	0.01952	0.01455	0.02059	0.01213	0.01621	0.01004	0.00582	0.00647	0.00196	0.00796	0.00586	0.00317	0.00982
37	0.02364	0.02996	0.01838	0.01666	0.01982	0.71057	0.01257	0.02529	0.01789	0.01580	0.00991	0.01178	0.00833	0.00689	0.00660	0.00172	0.04918	0.00424	0.00330	0.00747
38	0.00764	0.00655	0.00655	0.00655	0.00873	0.00545	0.00491	0.00927	0.01473	0.01745	0.06546	0.06218	0.73000	0.01636	0.00764	0.00218	0.00327	0.01364	0.00600	0.00545
39	0.00902	0.00660	0.00846	0.00799	0.00957	0.00604	0.00599	0.01194	0.01798	0.02518	0.67209	0.04946	0.11854	0.01348	0.00762	0.00205	0.00307	0.01185	0.00702	0.00604
40	0.02439	0.02334	0.01894	0.01560	0.02001	0.32021	0.01237	0.42811	0.02540	0.03044	0.01323	0.01392	0.00989	0.00730	0.00620	0.00183	0.00899	0.00513	0.00517	0.00954
41	0.00796	0.00566	0.00747	0.00889	0.00924	0.00531	0.00588	0.00902	0.01220	0.01627	0.03476	0.72805	0.04166	0.06237	0.00963	0.00283	0.00389	0.01787	0.00588	0.00517
42	0.00779	0.00637	0.00688	0.00714	0.00892	0.00546	0.00521	0.00943	0.01452	0.01787	0.10664	0.19890	0.54867	0.01690	0.00775	0.00226	0.00335	0.01442	0.00608	0.00546
43	0.01862	0.63103	0.03082	0.01215	0.01725	0.16654	0.01133	0.02061	0.01414	0.01532	0.00918	0.01062	0.00830	0.00575	0.00447	0.00144	0.00784	0.00359	0.00287	0.00814
44	0.00827	0.00588	0.00755	0.00852	0.00928	0.00545	0.00586	0.00986	0.01362	0.01855	0.15662	0.55622	0.09622	0.01814	0.00792	0.00244	0.00356	0.01628	0.04433	0.00545
45	0.01315	0.06626	0.70828	0.01809	0.02746	0.01547	0.02331	0.02041	0.01362	0.02023	0.01148	0.01350	0.00819	0.00611	0.00605	0.00202	0.00943	0.00472	0.00273	0.00949
46	0.00777	0.00638	0.00679	0.00703	0.00882	0.00546	0.00511	0.00931	0.01428	0.01740	0.07852	0.18362	0.57172	0.03791	0.00844	0.00237	0.00343	0.01428	0.00597	0.00540
47	0.00879	0.00656	0.00817	0.00784	0.00946	0.00594	0.00585	0.01148	0.01735	0.02385	0.56907	0.07800	0.19557	0.01411	0.00765	0.00208	0.00312	0.01233	0.00685	0.00594
48	0.01777	0.01704	0.01593	0.01376	0.01706	0.19170	0.04494	0.15169	0.19562	0.02369	0.04087	0.07653	0.01777	0.08532	0.03680	0.00271	0.00776	0.00733	0.00512	0.03058
49	0.01692	0.15247	0.41663	0.01686	0.04456	0.05826	0.01854	0.12849	0.01667	0.05480	0.01232	0.01372	0.00906	0.00639	0.00587	0.00189	0.00861	0.00479	0.00360	0.00953

[dist]
# distance from previous block
# <min> <max>
0	3

[block]
# block no. 3 follows, 34 sequences, length 24
# corresponding to MSA columns:
# 236-259
name=unknown_D
#
# <colnr> <probs for GDERKNQSTAVLIFYWHMCP>
#	G	D	E	R	K	N	Q	S	T	A	V	L	I	F	Y	W	H	M	C	P
0	0.01646	0.01591	0.08580	0.07757	0.39552	0.01443	0.01678	0.11061	0.01649	0.05680	0.01474	0.06892	0.01256	0.00716	0.00641	0.00194	0.00726	0.00647	0.00403	0.06415
1	0.01365	0.01231	0.01682	0.01201	0.01786	0.00968	0.10463	0.01688	0.01365	0.02101	0.01170	0.01396	0.00960	0.00488	0.00518	0.00113	0.00563	0.00435	0.00375	0.70132
2	0.00925	0.00686	0.01006	0.01006	0.01110	0.00790	0.00767	0.01133	0.01029	0.01476	0.01760	0.02703	0.01687	0.11918	0.67758	0.00998	0.01623	0.00716	0.00351	0.00559
3	0.01816	0.61912	0.06889	0.01216	0.01772	0.07344	0.01194	0.08158	0.01505	0.01780	0.00977	0.01109	0.00853	0.00584	0.00457	0.00149	0.00739	0.00378	0.00313	0.00854
4	0.81856	0.01250	0.00950	0.00850	0.01250	0.01449	0.00700	0.01899	0.01100	0.02899	0.00900	0.01050	0.00700	0.00600	0.00400	0.00200	0.00500	0.00350	0.00400	0.00700
5	0.00795	0.00569	0.00757	0.00894	0.00939	0.00530	0.00600	0.00920	0.01275	0.01711	0.08062	0.72195	0.04392	0.01979	0.00821	0.00259	0.00370	0.01793	0.00607	0.00530
6	0.00923	0.00692	0.01038	0.01038	0.01154	0.00808	0.00808	0.01154	0.01038	0.01500	0.01731	0.02538	0.01615	0.04846	0.74732	0.01038	0.01731	0.00692	0.00346	0.00577
7	0.01204	0.00602	0.00602	0.00602	0.00753	0.00602	0.00452	0.01506	0.01355	0.02409	0.02108	0.02409	0.01656	0.00753	0.00452	0.00151	0.00301	0.00602	0.80879	0.00602
8	0.00923	0.00692	0.01038	0.01038	0.01154	0.00808	0.00808	0.01154	0.01038	0.01500	0.01731	0.02538	0.01615	0.04846	0.74732	0.01038	0.01731	0.00692	0.00346	0.00577
9	0.01525	0.01743	0.03813	0.02723	0.03377	0.01634	0.70915	0.02070	0.01525	0.02070	0.01307	0.01743	0.00980	0.00545	0.00763	0.00218	0.01089	0.00763	0.00327	0.00871
10	0.01296	0.03342	0.73944	0.01842	0.02797	0.01501	0.02387	0.02046	0.01364	0.02046	0.01160	0.01364	0.00818	0.00614	0.00614	0.00205	0.00955	0.00477	0.00273	0.00955
11	0.00787	0.00562	0.00750	0.00900	0.00937	0.00525	0.00600	0.00900	0.01237	0.01649	0.03561	0.76871	0.04274	0.02024	0.00825	0.00262	0.00375	0.01837	0.00600	0.00525
12	0.00796	0.00656	0.00699	0.00688	0.00892	0.00559	0.00516	0.00990	0.01549	0.01926	0.20692	0.05922	0.58740	0.01569	0.00763	0.00215	0.00322	0.01322	0.00624	0.00559
13	0.01710	0.74593	0.06317	0.01136	0.01706	0.02513	0.01159	0.01939	0.01315	0.01542	0.00909	0.01050	0.00829	0.00555	0.00423	0.00141	0.00702	0.00351	0.00276	0.00834
14	0.00958	0.00743	0.01105	0.01085	0.01192	0.00890	0.00850	0.01182	0.01035	0.01504	0.01669	0.02459	0.01561	0.04584	0.69618	0.00985	0.06969	0.00683	0.00342	0.00586
15	0.01727	0.77681	0.03386	0.01106	0.01658	0.02557	0.01106	0.01935	0.01313	0.01520	0.00898	0.01036	0.00829	0.00553	0.00415	0.00138	0.00691	0.00345	0.00276	0.00829
16	0.00787	0.00562	0.00750	0.00900	0.00937	0.00525	0.00600	0.00900	0.01237	0.01649	0.03561	0.76871	0.04274	0.02024	0.00825	0.00262	0.00375	0.01837	0.00600	0.00525
17	0.02793	0.01145	0.01512	0.01173	0.01664	0.01033	0.00965	0.05534	0.06837	0.66286	0.02520	0.02192	0.01608	0.00804	0.00650	0.00201	0.00553	0.00653	0.00784	0.01094
18	0.01465	0.01399	0.02381	0.29296	0.48977	0.01500	0.01916	0.01866	0.01408	0.01949	0.01192	0.01643	0.00966	0.00601	0.00642	0.00200	0.00801	0.00575	0.00308	0.00916
19	0.00904	0.00660	0.00850	0.00802	0.00959	0.00605	0.00602	0.01200	0.01805	0.02534	0.68419	0.04921	0.10634	0.01342	0.00762	0.00204	0.00306	0.01182	0.00704	0.00605
20	0.00771	0.00655	0.00664	0.00662	0.00877	0.00548	0.00497	0.00941	0.01490	0.01785	0.09678	0.06153	0.69842	0.01622	0.00764	0.00217	0.00326	0.01354	0.00605	0.00548
21	0.01414	0.01414	0.01979	0.01696	0.01696	0.01979	0.01414	0.01555	0.00990	0.01555	0.00848	0.01414	0.00848	0.01131	0.02120	0.00283	0.76110	0.00565	0.00283	0.00707
22	0.02456	0.01810	0.01939	0.01487	0.02004	0.02004	0.01228	0.71107	0.03038	0.04072	0.01551	0.01551	0.01099	0.00776	0.00646	0.00194	0.00711	0.00582	0.00646	0.01099
23	0.02316	0.04648	0.01902	0.01497	0.01950	0.20009	0.01204	0.43374	0.11235	0.03198	0.01526	0.01544	0.01132	0.00753	0.00624	0.00188	0.00798	0.00551	0.00557	0.00993

[dist]
# distance from previous block
# <min> <max>
0	1

[block]
# block no. 4 follows, 34 sequences, length 64
# corresponding to MSA columns:
# 261-324
name=unknown_E
#
# <colnr> <probs for GDERKNQSTAVLIFYWHMCP>
#	G	D	E	R	K	N	Q	S	T	A	V	L	I	F	Y	W	H	M	C	P
0	0.01023	0.00686	0.00891	0.00825	0.01001	0.00627	0.00624	0.01319	0.01814	0.06702	0.65771	0.04737	0.08903	0.01305	0.00756	0.00204	0.00320	0.01147	0.00711	0.00635
1	0.01350	0.01408	0.02806	0.02185	0.05827	0.01333	0.44918	0.04032	0.01522	0.02047	0.04201	0.11782	0.08800	0.01029	0.03459	0.00251	0.00896	0.00953	0.00411	0.00791
2	0.00846	0.00587	0.00732	0.00824	0.00847	0.00564	0.00519	0.00915	0.01122	0.01496	0.02973	0.48842	0.03531	0.31066	0.01775	0.00403	0.00472	0.01491	0.00519	0.00473
3	0.05089	0.01659	0.01755	0.01410	0.01876	0.01861	0.01145	0.47611	0.24368	0.03605	0.01862	0.01799	0.01355	0.00801	0.00641	0.00202	0.00641	0.00619	0.00641	0.01061
4	0.01457	0.11498	0.60384	0.01720	0.02589	0.03677	0.02140	0.02105	0.01396	0.05585	0.01196	0.01364	0.00859	0.00618	0.00593	0.00196	0.00911	0.00470	0.00301	0.00942
5	0.00940	0.00626	0.00705	0.00705	0.00705	0.00626	0.00392	0.00940	0.00940	0.01253	0.02036	0.04228	0.02349	0.77292	0.03289	0.00626	0.00626	0.00940	0.00392	0.00392
6	0.01414	0.01414	0.01979	0.01696	0.01696	0.01979	0.01414	0.01555	0.00990	0.01555	0.00848	0.01414	0.00848	0.01131	0.02120	0.00283	0.76110	0.00565	0.00283	0.00707
7	0.00768	0.00655	0.00661	0.00659	0.00876	0.00547	0.00494	0.00936	0.01483	0.01771	0.08532	0.06177	0.70997	0.01627	0.00764	0.00218	0.00327	0.01358	0.00603	0.00547
8	0.01545	0.01513	0.02678	0.12412	0.56959	0.01535	0.09918	0.01953	0.01456	0.02051	0.01218	0.01631	0.00999	0.00581	0.00655	0.00198	0.00816	0.00597	0.00317	0.00969
9	0.01195	0.01071	0.01522	0.01371	0.01415	0.01418	0.01107	0.01348	0.01000	0.01505	0.01243	0.01973	0.01210	0.05388	0.30181	0.03986	0.41501	0.00628	0.00311	0.00627
10	0.00928	0.00621	0.00708	0.00720	0.00723	0.00618	0.00408	0.00936	0.00963	0.01284	0.02157	0.09977	0.02501	0.71336	0.03094	0.00598	0.00607	0.01011	0.00408	0.00402
11	0.00981	0.00740	0.00859	0.00891	0.01002	0.00749	0.00615	0.01363	0.12901	0.01756	0.05303	0.29046	0.11635	0.24287	0.01529	0.00359	0.00475	0.04386	0.00550	0.00575
12	0.00923	0.00692	0.01038	0.01038	0.01154	0.00808	0.00808	0.01154	0.01038	0.01500	0.01731	0.02538	0.01615	0.04846	0.74732	0.01038	0.01731	0.00692	0.00346	0.00577
13	0.01525	0.01743	0.03813	0.02723	0.03377	0.01634	0.70915	0.02070	0.01525	0.02070	0.01307	0.01743	0.00980	0.00545	0.00763	0.00218	0.01089	0.00763	0.00327	0.00871
14	0.00764	0.00655	0.00655	0.00655	0.00873	0.00545	0.00491	0.00927	0.01473	0.01745	0.06546	0.06218	0.73000	0.01636	0.00764	0.00218	0.00327	0.01364	0.00600	0.00545
15	0.00795	0.00575	0.00752	0.00879	0.00935	0.00532	0.00594	0.00924	0.01293	0.01722	0.08634	0.67660	0.08412	0.01952	0.00817	0.00256	0.00367	0.01762	0.00608	0.00532
16	0.01262	0.00658	0.00664	0.00643	0.00810	0.00667	0.00487	0.04698	0.01432	0.02485	0.02082	0.02370	0.01631	0.00754	0.00461	0.00153	0.00320	0.00601	0.77199	0.00625
17	0.81856	0.01250	0.00950	0.00850	0.01250	0.01449	0.00700	0.01899	0.01100	0.02899	0.00900	0.01050	0.00700	0.00600	0.00400	0.00200	0.00500	0.00350	0.00400	0.00700
18	0.00813	0.00594	0.00766	0.00867	0.00947	0.00548	0.00603	0.00968	0.01367	0.01820	0.15016	0.55057	0.12400	0.01860	0.00810	0.00249	0.00365	0.03790	0.00618	0.00543
19	0.01599	0.01535	0.02623	0.03966	0.73262	0.01535	0.01983	0.01983	0.01471	0.02111	0.01215	0.01599	0.01023	0.00576	0.00640	0.00192	0.00768	0.00576	0.00320	0.01023
20	0.00924	0.00690	0.01028	0.01028	0.01140	0.00802	0.00795	0.01147	0.01035	0.01492	0.01740	0.02591	0.01638	0.07121	0.72489	0.01025	0.01696	0.00700	0.00348	0.00571
21	0.00764	0.00655	0.00655	0.00655	0.00873	0.00545	0.00491	0.00927	0.01473	0.01745	0.06546	0.06218	0.73000	0.01636	0.00764	0.00218	0.00327	0.01364	0.00600	0.00545
22	0.01414	0.01414	0.01979	0.01696	0.01696	0.01979	0.01414	0.01555	0.00990	0.01555	0.00848	0.01414	0.00848	0.01131	0.02120	0.00283	0.76110	0.00565	0.00283	0.00707
23	0.02456	0.01810	0.01939	0.01487	0.02004	0.02004	0.01228	0.71107	0.03038	0.04072	0.01551	0.01551	0.01099	0.00776	0.00646	0.00194	0.00711	0.00582	0.00646	0.01099
24	0.02899	0.01100	0.01499	0.01150	0.01649	0.00950	0.00950	0.03149	0.01849	0.73709	0.02549	0.02199	0.01599	0.00800	0.00650	0.00200	0.00550	0.00650	0.00800	0.01100
25	0.07055	0.56846	0.15095	0.01236	0.01838	0.05334	0.01301	0.01978	0.01329	0.01704	0.00947	0.01098	0.00819	0.00571	0.00454	0.00155	0.00743	0.00371	0.00286	0.00838
26	0.00906	0.00660	0.00851	0.00804	0.00960	0.00606	0.00603	0.01202	0.01808	0.02542	0.69048	0.04908	0.10000	0.01339	0.00762	0.00204	0.00306	0.01180	0.00705	0.00606
27	0.00765	0.00651	0.00658	0.00663	0.00875	0.00545	0.00495	0.00926	0.01464	0.01742	0.06437	0.08792	0.70496	0.01651	0.00766	0.00220	0.00329	0.01381	0.00600	0.00545
28	0.01414	0.01414	0.01979	0.01696	0.01696	0.01979	0.01414	0.01555	0.00990	0.01555	0.00848	0.01414	0.00848	0.01131	0.02120	0.00283	0.76110	0.00565	0.00283	0.00707
29	0.01220	0.01148	0.01938	0.75739	0.04450	0.01436	0.01794	0.01651	0.01292	0.01651	0.01148	0.01723	0.00861	0.00646	0.00646	0.00215	0.00861	0.00574	0.00287	0.00718
30	0.01727	0.77681	0.03386	0.01106	0.01658	0.02557	0.01106	0.01935	0.01313	0.01520	0.00898	0.01036	0.00829	0.00553	0.00415	0.00138	0.00691	0.00345	0.00276	0.00829
31	0.00787	0.00562	0.00750	0.00900	0.00937	0.00525	0.00600	0.00900	0.01237	0.01649	0.03561	0.76871	0.04274	0.02024	0.00825	0.00262	0.00375	0.01837	0.00600	0.00525
32	0.01599	0.01535	0.02623	0.03966	0.73262	0.01535	0.01983	0.01983	0.01471	0.02111	0.01215	0.01599	0.01023	0.00576	0.00640	0.00192	0.00768	0.00576	0.00320	0.01023
33	0.01340	0.01148	0.01340	0.00957	0.01531	0.00861	0.00766	0.01627	0.01340	0.02105	0.01148	0.01340	0.00957	0.00479	0.00479	0.00096	0.00479	0.00383	0.00383	0.81242
34	0.81856	0.01250	0.00950	0.00850	0.01250	0.01449	0.00700	0.01899	0.01100	0.02899	0.00900	0.01050	0.00700	0.00600	0.00400	0.00200	0.00500	0.00350	0.00400	0.00700
35	0.02414	0.03079	0.01831	0.01665	0.01998	0.74698	0.01248	0.02580	0.01831	0.01581	0.00999	0.01165	0.00832	0.00666	0.00583	0.00166	0.01165	0.00416	0.00333	0.00749
36	0.00769	0.00655	0.00662	0.00660	0.00876	0.00548	0.00495	0.00937	0.01485	0.01774	0.08813	0.06171	0.70714	0.01626	0.00764	0.00218	0.00327	0.01357	0.00604	0.00548
37	0.00787	0.00562	0.00750	0.00900	0.00937	0.00525	0.00600	0.00900	0.01237	0.01649	0.03561	0.76871	0.04274	0.02024	0.00825	0.00262	0.00375	0.01837	0.00600	0.00525
38	0.01178	0.00608	0.00626	0.00621	0.00772	0.00603	0.00466	0.01479	0.01398	0.02426	0.08585	0.02630	0.02062	0.00805	0.00480	0.00155	0.00301	0.00654	0.73547	0.00603
39	0.01900	0.01534	0.01626	0.01374	0.01792	0.01744	0.01094	0.26792	0.48259	0.03176	0.02258	0.02114	0.01671	0.00842	0.00654	0.00210	0.00580	0.00679	0.00654	0.01049
40	0.00817	0.00605	0.00741	0.00807	0.00915	0.00545	0.00565	0.00949	0.01369	0.01778	0.13835	0.40401	0.25988	0.01819	0.00896	0.04963	0.00361	0.01522	0.00596	0.00529
41	0.02200	0.02435	0.01740	0.01535	0.01886	0.46205	0.01180	0.16195	0.08303	0.02171	0.01329	0.01492	0.01066	0.01126	0.08043	0.00264	0.01073	0.00505	0.00426	0.00826
42	0.81856	0.01250	0.00950	0.00850	0.01250	0.01449	0.00700	0.01899	0.01100	0.02899	0.00900	0.01050	0.00700	0.00600	0.00400	0.00200	0.00500	0.00350	0.00400	0.00700
43	0.01503	0.03550	0.05991	0.01274	0.01597	0.08846	0.09645	0.04405	0.10728	0.02265	0.01755	0.01989	0.01373	0.00749	0.00672	0.00184	0.06252	0.00601	0.35861	0.00759
44	0.00790	0.00571	0.00747	0.00882	0.00934	0.00529	0.00594	0.00911	0.01269	0.01684	0.05828	0.70483	0.08432	0.01980	0.00819	0.00258	0.00370	0.01788	0.00603	0.00529
45	0.01599	0.01535	0.02623	0.03966	0.73262	0.01535	0.01983	0.01983	0.01471	0.02111	0.01215	0.01599	0.01023	0.00576	0.00640	0.00192	0.00768	0.00576	0.00320	0.01023
46	0.00764	0.00655	0.00655	0.00655	0.00873	0.00545	0.00491	0.00927	0.01473	0.01745	0.06546	0.06218	0.73000	0.01636	0.00764	0.00218	0.00327	0.01364	0.00600	0.00545
47	0.01204	0.00602	0.00602	0.00602	0.00753	0.00602	0.00452	0.01506	0.01355	0.02409	0.02108	0.02409	0.01656	0.00753	0.00452	0.00151	0.00301	0.00602	0.80879	0.00602
48	0.01727	0.77681	0.03386	0.01106	0.01658	0.02557	0.01106	0.01935	0.01313	0.01520	0.00898	0.01036	0.00829	0.00553	0.00415	0.00138	0.00691	0.00345	0.00276	0.00829
49	0.00940	0.00626	0.00705	0.00705	0.00705	0.00626	0.00392	0.00940	0.00940	0.01253	0.02036	0.04228	0.02349	0.77292	0.03289	0.00626	0.00626	0.00940	0.00392	0.00392
50	0.81856	0.01250	0.00950	0.00850	0.01250	0.01449	0.00700	0.01899	0.01100	0.02899	0.00900	0.01050	0.00700	0.00600	0.00400	0.00200	0.00500	0.00350	0.00400	0.00700
51	0.00787	0.00562	0.00750	0.00900	0.00937	0.00525	0.00600	0.00900	0.01237	0.01649	0.03561	0.76871	0.04274	0.02024	0.00825	0.00262	0.00375	0.01837	0.00600	0.00525
52	0.02899	0.01100	0.01499	0.01150	0.01649	0.00950	0.00950	0.03149	0.01849	0.73709	0.02549	0.02199	0.01599	0.00800	0.00650	0.00200	0.00550	0.00650	0.00800	0.01100
53	0.01220	0.01148	0.01938	0.75739	0.04450	0.01436	0.01794	0.01651	0.01292	0.01651	0.01148	0.01723	0.00861	0.00646	0.00646	0.00215	0.00861	0.00574	0.00287	0.00718
54	0.81856	0.01250	0.00950	0.00850	0.01250	0.01449	0.00700	0.01899	0.01100	0.02899	0.00900	0.01050	0.00700	0.00600	0.00400	0.00200	0.00500	0.00350	0.00400	0.00700
55	0.00796	0.00648	0.00706	0.00719	0.00905	0.00558	0.00535	0.00978	0.01499	0.01864	0.15866	0.13851	0.53811	0.01637	0.00773	0.00223	0.00336	0.03128	0.00616	0.00554
56	0.02356	0.01775	0.06630	0.01458	0.01906	0.09226	0.01251	0.28919	0.02147	0.24158	0.01664	0.01673	0.01166	0.00812	0.00852	0.00206	0.11646	0.00575	0.00582	0.00996
57	0.01692	0.01308	0.01694	0.01313	0.03745	0.03504	0.08132	0.06679	0.03407	0.12628	0.04445	0.01696	0.01302	0.00607	0.00569	0.00143	0.00592	0.00523	0.00473	0.45548
58	0.06845	0.01454	0.07588	0.01988	0.13955	0.01341	0.17036	0.06124	0.09016	0.02202	0.02175	0.16343	0.06522	0.00984	0.00746	0.00221	0.03275	0.00905	0.00450	0.00828
59	0.01079	0.00795	0.03225	0.00860	0.00958	0.00759	0.00601	0.04052	0.01125	0.04009	0.04527	0.03639	0.02212	0.51782	0.17103	0.00646	0.00846	0.00859	0.00415	0.00509
60	0.01321	0.01059	0.01227	0.05421	0.01446	0.04138	0.03102	0.05924	0.17712	0.03740	0.08786	0.05868	0.02365	0.29727	0.05055	0.00405	0.00666	0.00857	0.00503	0.00681
61	0.01762	0.01859	0.07336	0.06124	0.08391	0.18564	0.10514	0.02410	0.15858	0.08347	0.08089	0.04505	0.01753	0.00795	0.00663	0.00201	0.00798	0.00688	0.00473	0.00869
62	0.01968	0.05053	0.01798	0.01740	0.13950	0.09406	0.01190	0.16003	0.18851	0.11309	0.01841	0.01883	0.01380	0.00849	0.02517	0.00213	0.00690	0.00601	0.07799	0.00959
63	0.11208	0.01654	0.02107	0.10895	0.20303	0.13565	0.09551	0.03748	0.01473	0.04651	0.03681	0.01693	0.01154	0.03173	0.00854	0.00218	0.08301	0.00578	0.00367	0.00825

[dist]
# distance from previous block
# <min> <max>
0	27

[block]
# block no. 5 follows, 34 sequences, length 87
# corresponding to MSA columns:
# 352-438
name=unknown_F
#
# <colnr> <probs for GDERKNQSTAVLIFYWHMCP>
#	G	D	E	R	K	N	Q	S	T	A	V	L	I	F	Y	W	H	M	C	P
0	0.13923	0.01416	0.01622	0.01537	0.09083	0.07157	0.05775	0.13272	0.10052	0.09067	0.07243	0.04221	0.08634	0.01001	0.02988	0.00229	0.00666	0.00722	0.00533	0.00858
1	0.01550	0.12101	0.07108	0.06202	0.02166	0.03928	0.14307	0.12625	0.04369	0.02139	0.01592	0.04205	0.03770	0.03444	0.08597	0.00301	0.07028	0.00657	0.00397	0.03512
2	0.01569	0.01701	0.01985	0.01704	0.04746	0.19226	0.13834	0.01828	0.01435	0.01798	0.01679	0.08495	0.05118	0.00920	0.00945	0.00205	0.15484	0.03672	0.00378	0.13279
3	0.01618	0.34618	0.04970	0.01406	0.01732	0.04306	0.01274	0.04804	0.01270	0.01689	0.00927	0.01244	0.00854	0.00808	0.01156	0.00203	0.32404	0.00456	0.00301	0.03961
4	0.00764	0.00655	0.00655	0.00655	0.00873	0.00545	0.00491	0.00927	0.01473	0.01745	0.06546	0.06218	0.73000	0.01636	0.00764	0.00218	0.00327	0.01364	0.00600	0.00545
5	0.01607	0.01388	0.01461	0.01315	0.01680	0.01607	0.01023	0.03433	0.72094	0.02703	0.02630	0.02411	0.01972	0.00877	0.00657	0.00219	0.00511	0.00731	0.00657	0.01023
6	0.02414	0.03079	0.01831	0.01665	0.01998	0.74698	0.01248	0.02580	0.01831	0.01581	0.00999	0.01165	0.00832	0.00666	0.00583	0.00166	0.01165	0.00416	0.00333	0.00749
7	0.00923	0.00692	0.01038	0.01038	0.01154	0.00808	0.00808	0.01154	0.01038	0.01500	0.01731	0.02538	0.01615	0.04846	0.74732	0.01038	0.01731	0.00692	0.00346	0.00577
8	0.00914	0.00660	0.00864	0.00813	0.00965	0.00610	0.00610	0.01219	0.01829	0.02591	0.72921	0.04827	0.06097	0.01321	0.00762	0.00203	0.00305	0.01169	0.00711	0.00610
9	0.02899	0.01100	0.01499	0.01150	0.01649	0.00950	0.00950	0.03149	0.01849	0.73709	0.02549	0.02199	0.01599	0.00800	0.00650	0.00200	0.00550	0.00650	0.00800	0.01100
10	0.01607	0.01388	0.01461	0.01315	0.01680	0.01607	0.01023	0.03433	0.72094	0.02703	0.02630	0.02411	0.01972	0.00877	0.00657	0.00219	0.00511	0.00731	0.00657	0.01023
11	0.01220	0.01148	0.01938	0.75739	0.04450	0.01436	0.01794	0.01651	0.01292	0.01651	0.01148	0.01723	0.00861	0.00646	0.00646	0.00215	0.00861	0.00574	0.00287	0.00718
12	0.01122	0.00561	0.00842	0.00842	0.00842	0.00561	0.00561	0.00842	0.00842	0.01122	0.01122	0.01964	0.01122	0.02245	0.02525	0.81201	0.00561	0.00561	0.00281	0.00281
13	0.00923	0.00692	0.01038	0.01038	0.01154	0.00808	0.00808	0.01154	0.01038	0.01500	0.01731	0.02538	0.01615	0.04846	0.74732	0.01038	0.01731	0.00692	0.00346	0.00577
14	0.01220	0.01148	0.01938	0.75739	0.04450	0.01436	0.01794	0.01651	0.01292	0.01651	0.01148	0.01723	0.00861	0.00646	0.00646	0.00215	0.00861	0.00574	0.00287	0.00718
15	0.02899	0.01100	0.01499	0.01150	0.01649	0.00950	0.00950	0.03149	0.01849	0.73709	0.02549	0.02199	0.01599	0.00800	0.00650	0.00200	0.00550	0.00650	0.00800	0.01100
16	0.01340	0.01148	0.01340	0.00957	0.01531	0.00861	0.00766	0.01627	0.01340	0.02105	0.01148	0.01340	0.00957	0.00479	0.00479	0.00096	0.00479	0.00383	0.00383	0.81242
17	0.01296	0.03342	0.73944	0.01842	0.02797	0.01501	0.02387	0.02046	0.01364	0.02046	0.01160	0.01364	0.00818	0.00614	0.00614	0.00205	0.00955	0.00477	0.00273	0.00955
18	0.00786	0.00569	0.00743	0.00883	0.00933	0.00526	0.00592	0.00902	0.01253	0.01656	0.03764	0.72063	0.08950	0.01998	0.00821	0.00259	0.00372	0.01805	0.00600	0.00526
19	0.00768	0.00638	0.00671	0.00697	0.00884	0.00542	0.00510	0.00922	0.01432	0.01729	0.06025	0.18535	0.61019	0.01704	0.00774	0.00226	0.00336	0.01446	0.00600	0.00542
20	0.00787	0.00562	0.00750	0.00900	0.00937	0.00525	0.00600	0.00900	0.01237	0.01649	0.03561	0.76871	0.04274	0.02024	0.00825	0.00262	0.00375	0.01837	0.00600	0.00525
21	0.02456	0.01810	0.01939	0.01487	0.02004	0.02004	0.01228	0.71107	0.03038	0.04072	0.01551	0.01551	0.01099	0.00776	0.00646	0.00194	0.00711	0.00582	0.00646	0.01099
22	0.01585	0.01889	0.07733	0.10799	0.02272	0.17704	0.05989	0.01846	0.01277	0.01643	0.01011	0.01464	0.00886	0.01053	0.04564	0.00272	0.36428	0.00545	0.00299	0.00742
23	0.01746	0.01855	0.02614	0.03377	0.51256	0.15529	0.10115	0.02108	0.01546	0.02005	0.01185	0.01533	0.00982	0.00589	0.00644	0.00190	0.00882	0.00568	0.00323	0.00953
24	0.01478	0.01568	0.12945	0.18984	0.05599	0.01330	0.01423	0.08551	0.11304	0.04302	0.01632	0.02149	0.01325	0.00748	0.00627	0.00192	0.00694	0.06416	0.00433	0.18301
25	0.00923	0.00692	0.01038	0.01038	0.01154	0.00808	0.00808	0.01154	0.01038	0.01500	0.01731	0.02538	0.01615	0.04846	0.74732	0.01038	0.01731	0.00692	0.00346	0.00577
26	0.08968	0.19574	0.02042	0.01347	0.01762	0.18899	0.01111	0.13277	0.19901	0.02360	0.01468	0.01515	0.01156	0.00721	0.00608	0.00185	0.03257	0.00506	0.00457	0.00887
27	0.04472	0.01525	0.02563	0.03854	0.70684	0.01532	0.01937	0.01980	0.01458	0.02139	0.01204	0.01580	0.01012	0.00577	0.00631	0.00192	0.00758	0.00568	0.00323	0.01012
28	0.02556	0.01559	0.01777	0.01360	0.01873	0.01626	0.01122	0.46902	0.02597	0.26181	0.01854	0.01750	0.01253	0.00772	0.00641	0.00192	0.00651	0.00596	0.00686	0.04051
29	0.00791	0.00656	0.00692	0.00683	0.00889	0.00557	0.00512	0.00980	0.01536	0.01897	0.18419	0.05969	0.61032	0.01580	0.00763	0.00216	0.00323	0.01329	0.00620	0.00557
30	0.01727	0.77681	0.03386	0.01106	0.01658	0.02557	0.01106	0.01935	0.01313	0.01520	0.00898	0.01036	0.00829	0.00553	0.00415	0.00138	0.00691	0.00345	0.00276	0.00829
31	0.00943	0.00700	0.00911	0.01013	0.01168	0.00668	0.00843	0.01191	0.01479	0.01898	0.08037	0.13564	0.20548	0.01746	0.00848	0.00270	0.00493	0.42501	0.00603	0.00577
32	0.01122	0.00561	0.00842	0.00842	0.00842	0.00561	0.00561	0.00842	0.00842	0.01122	0.01122	0.01964	0.01122	0.02245	0.02525	0.81201	0.00561	0.00561	0.00281	0.00281
33	0.02733	0.01365	0.01664	0.01276	0.01782	0.01344	0.01054	0.28586	0.02294	0.47644	0.02176	0.01957	0.01412	0.00791	0.00648	0.00198	0.00610	0.00624	0.00742	0.01099
34	0.00995	0.00695	0.00839	0.00796	0.00986	0.00633	0.00599	0.01290	0.03703	0.05919	0.42387	0.08421	0.25017	0.01389	0.00747	0.00209	0.00333	0.01201	0.03221	0.00623
35	0.81856	0.01250	0.00950	0.00850	0.01250	0.01449	0.00700	0.01899	0.01100	0.02899	0.00900	0.01050	0.00700	0.00600	0.00400	0.00200	0.00500	0.00350	0.00400	0.00700
36	0.01204	0.00602	0.00602	0.00602	0.00753	0.00602	0.00452	0.01506	0.01355	0.02409	0.02108	0.02409	0.01656	0.00753	0.00452	0.00151	0.00301	0.00602	0.80879	0.00602
37	0.00764	0.00655	0.00655	0.00655	0.00873	0.00545	0.00491	0.00927	0.01473	0.01745	0.06546	0.06218	0.73000	0.01636	0.00764	0.00218	0.00327	0.01364	0.00600	0.00545
38	0.00791	0.00566	0.00754	0.00897	0.00938	0.00528	0.00600	0.00910	0.01257	0.01681	0.05886	0.74456	0.04335	0.02001	0.00823	0.00260	0.00373	0.01814	0.00604	0.00528
39	0.13610	0.01107	0.01406	0.01099	0.01575	0.01008	0.00906	0.02922	0.01747	0.61974	0.04379	0.02119	0.01608	0.00788	0.00619	0.00200	0.00536	0.00624	0.00743	0.01031
40	0.01296	0.03342	0.73944	0.01842	0.02797	0.01501	0.02387	0.02046	0.01364	0.02046	0.01160	0.01364	0.00818	0.00614	0.00614	0.00205	0.00955	0.00477	0.00273	0.00955
41	0.00921	0.00619	0.00710	0.00728	0.00733	0.00614	0.00416	0.00935	0.00975	0.01300	0.02219	0.12935	0.02580	0.68271	0.02993	0.00583	0.00596	0.01047	0.00416	0.00407
42	0.00924	0.00690	0.01027	0.01027	0.01139	0.00802	0.00794	0.01147	0.01035	0.01492	0.01741	0.02595	0.01640	0.07262	0.72349	0.01025	0.01694	0.00701	0.00348	0.00571
43	0.52358	0.01371	0.04633	0.01029	0.01433	0.04111	0.00877	0.02114	0.04048	0.13207	0.01331	0.03578	0.01033	0.00834	0.02801	0.00230	0.03295	0.00480	0.00461	0.00777
44	0.01220	0.01148	0.01938	0.75739	0.04450	0.01436	0.01794	0.01651	0.01292	0.01651	0.01148	0.01723	0.00861	0.00646	0.00646	0.00215	0.00861	0.00574	0.00287	0.00718
45	0.01529	0.01455	0.02432	0.17181	0.56566	0.01521	0.01896	0.02000	0.05274	0.02057	0.01280	0.01666	0.01045	0.00605	0.00642	0.00198	0.00771	0.00584	0.00332	0.00967
46	0.01340	0.01148	0.01340	0.00957	0.01531	0.00861	0.00766	0.01627	0.01340	0.02105	0.01148	0.01340	0.00957	0.00479	0.00479	0.00096	0.00479	0.00383	0.00383	0.81242
47	0.00925	0.00670	0.00825	0.00877	0.02799	0.00599	0.00613	0.01119	0.01511	0.05086	0.22677	0.27018	0.29688	0.01608	0.00774	0.00226	0.00357	0.01405	0.00631	0.00592
48	0.00940	0.00626	0.00705	0.00705	0.00705	0.00626	0.00392	0.00940	0.00940	0.01253	0.02036	0.04228	0.02349	0.77292	0.03289	0.00626	0.00626	0.00940	0.00392	0.00392
49	0.01051	0.00766	0.01090	0.05239	0.01508	0.00781	0.01082	0.01356	0.01477	0.01918	0.03298	0.06986	0.03563	0.01723	0.00879	0.00293	0.00609	0.65201	0.00578	0.00602
50	0.81856	0.01250	0.00950	0.00850	0.01250	0.01449	0.00700	0.01899	0.01100	0.02899	0.00900	0.01050	0.00700	0.00600	0.00400	0.00200	0.00500	0.00350	0.00400	0.00700
51	0.01622	0.01755	0.02527	0.13727	0.27536	0.14814	0.17827	0.01992	0.01508	0.01899	0.01466	0.01817	0.04859	0.00670	0.00712	0.00201	0.03245	0.00633	0.00333	0.00857
52	0.01765	0.73629	0.03301	0.01136	0.01677	0.06475	0.01113	0.01970	0.01341	0.01524	0.00904	0.01043	0.00829	0.00559	0.00424	0.00140	0.00717	0.00349	0.00279	0.00825
53	0.02415	0.01736	0.01991	0.01522	0.02040	0.01887	0.04985	0.59827	0.05005	0.09483	0.01651	0.01640	0.01160	0.00768	0.00653	0.00196	0.00712	0.00602	0.00642	0.01084
54	0.00944	0.00723	0.01039	0.01091	0.01240	0.00689	0.04601	0.01179	0.01427	0.01864	0.07820	0.29218	0.12450	0.01749	0.00840	0.00266	0.00501	0.31188	0.00589	0.00582
55	0.01470	0.01517	0.02101	0.01767	0.01829	0.05456	0.06283	0.01640	0.01068	0.01592	0.00888	0.01425	0.00857	0.01067	0.01951	0.00273	0.67237	0.00572	0.00288	0.00720
56	0.01525	0.01743	0.03813	0.02723	0.03377	0.01634	0.70915	0.02070	0.01525	0.02070	0.01307	0.01743	0.00980	0.00545	0.00763	0.00218	0.01089	0.00763	0.00327	0.00871
