[name]
unknown

[dist]
# distance from previous block
# <min> <max>
0	46

[block]
# block no. 0 follows, 32 sequences, length 30
# corresponding to MSA columns:
# 46-75
name=unknown_A
#
# <colnr> <probs for GDERKNQSTAVLIFYWHMCP>
#	G	D	E	R	K	N	Q	S	T	A	V	L	I	F	Y	W	H	M	C	P
0	0.01246	0.00849	0.01103	0.01060	0.03527	0.00778	0.03766	0.03384	0.01511	0.10032	0.06298	0.14440	0.26262	0.12937	0.01172	0.00293	0.00502	0.05009	0.02903	0.02927
1	0.01612	0.01162	0.01375	0.01048	0.01544	0.00969	0.00826	0.08135	0.01606	0.10642	0.03695	0.07897	0.01589	0.04103	0.00702	0.00164	0.00521	0.00623	0.00503	0.51284
2	0.08561	0.14795	0.13143	0.07062	0.04574	0.07883	0.05153	0.10514	0.12829	0.02407	0.01424	0.01567	0.01099	0.00683	0.00595	0.00192	0.00782	0.00532	0.00424	0.05780
3	0.02220	0.01943	0.01813	0.01510	0.01957	0.14108	0.01201	0.34221	0.27801	0.03268	0.01924	0.01870	0.01426	0.00825	0.00664	0.00206	0.00743	0.00631	0.00620	0.01050
4	0.02715	0.01208	0.01548	0.01232	0.01720	0.01136	0.01003	0.03335	0.17126	0.57319	0.02666	0.02332	0.01746	0.00848	0.00677	0.00212	0.00562	0.00693	0.00798	0.01124
5	0.06294	0.02964	0.52699	0.01981	0.02858	0.01610	0.13586	0.06253	0.01534	0.02311	0.01238	0.01475	0.00888	0.00635	0.00652	0.00214	0.00971	0.00544	0.00324	0.00970
6	0.15964	0.11983	0.11750	0.01367	0.01931	0.01570	0.05155	0.10449	0.04821	0.23553	0.01756	0.04053	0.01284	0.00759	0.00603	0.00203	0.00684	0.00594	0.00548	0.00974
7	0.00878	0.00674	0.00811	0.00892	0.01016	0.00630	0.00634	0.01131	0.05415	0.01875	0.08677	0.44905	0.23752	0.01864	0.00827	0.00254	0.00388	0.04154	0.00633	0.00589
8	0.01995	0.01603	0.01701	0.01431	0.01869	0.01821	0.01141	0.28147	0.45908	0.03333	0.02317	0.02173	0.01713	0.00872	0.00678	0.00218	0.00608	0.00701	0.00678	0.01091
9	0.01613	0.01546	0.02637	0.12692	0.64033	0.01582	0.02036	0.02017	0.01505	0.02134	0.01254	0.01676	0.01042	0.00607	0.00665	0.00202	0.00809	0.00598	0.00328	0.01024
10	0.01039	0.00845	0.01240	0.01434	0.09795	0.00872	0.02989	0.01303	0.04367	0.01776	0.02807	0.38067	0.04914	0.06951	0.15510	0.00443	0.03178	0.01313	0.00505	0.00651
11	0.00818	0.00584	0.00779	0.00934	0.00973	0.00545	0.00623	0.00934	0.01285	0.01713	0.03698	0.75981	0.04438	0.02102	0.00856	0.00273	0.00389	0.01908	0.00623	0.00545
12	0.01267	0.01193	0.02013	0.74806	0.04621	0.01491	0.01863	0.01714	0.01342	0.01714	0.01193	0.01789	0.00894	0.00671	0.00671	0.00224	0.00894	0.00596	0.00298	0.00745
13	0.02616	0.01774	0.01949	0.01494	0.02028	0.01925	0.01234	0.60478	0.02979	0.13995	0.01759	0.01707	0.01215	0.00809	0.00672	0.00202	0.00714	0.00614	0.00694	0.01141
14	0.01601	0.01516	0.02472	0.09763	0.56768	0.01562	0.01889	0.02156	0.08900	0.02205	0.01582	0.01909	0.03332	0.00671	0.00671	0.00205	0.00763	0.00640	0.00375	0.01020
15	0.04395	0.24318	0.16538	0.01452	0.02026	0.13145	0.01409	0.13526	0.09268	0.02326	0.01571	0.01648	0.04195	0.00731	0.00582	0.00186	0.00809	0.00529	0.00421	0.00925
16	0.01163	0.00908	0.00987	0.00919	0.01188	0.00895	0.00704	0.01828	0.20285	0.05644	0.17409	0.04930	0.37800	0.01386	0.00757	0.00223	0.00398	0.01167	0.00670	0.00739
17	0.01970	0.01682	0.04088	0.01842	0.12041	0.01801	0.01325	0.26817	0.34838	0.03200	0.02076	0.02032	0.01548	0.00820	0.00675	0.00214	0.00657	0.00673	0.00616	0.01088
18	0.01626	0.01326	0.01451	0.01230	0.01655	0.01389	0.00965	0.05865	0.43134	0.05275	0.06414	0.02454	0.04020	0.00855	0.00648	0.00195	0.00516	0.00709	0.00622	0.19650
19	0.11025	0.14724	0.06893	0.03214	0.08381	0.01752	0.05086	0.06997	0.14036	0.08509	0.01580	0.01736	0.01228	0.01007	0.05240	0.00261	0.06370	0.00575	0.00459	0.00927
20	0.01463	0.09177	0.45628	0.02221	0.07830	0.01687	0.18407	0.02116	0.01460	0.02089	0.01222	0.01499	0.00906	0.00612	0.00659	0.00209	0.00988	0.00562	0.00300	0.00965
21	0.00826	0.00671	0.00733	0.00738	0.00932	0.00577	0.00546	0.01020	0.01577	0.01976	0.19324	0.13338	0.52047	0.01676	0.00799	0.00228	0.00340	0.01427	0.00646	0.00577
22	0.01469	0.00827	0.01061	0.00967	0.01196	0.00840	0.00756	0.05602	0.01556	0.14552	0.11741	0.05053	0.04590	0.02342	0.24768	0.00485	0.00876	0.00806	0.19780	0.00734
23	0.01629	0.33084	0.28931	0.01803	0.05095	0.05491	0.11241	0.02105	0.01446	0.01885	0.01109	0.01332	0.00887	0.00603	0.00574	0.00184	0.00902	0.00482	0.00297	0.00919
24	0.00906	0.00695	0.00751	0.00729	0.00940	0.00597	0.00542	0.01095	0.01577	0.04310	0.18066	0.05940	0.53837	0.05911	0.00940	0.00248	0.00361	0.01330	0.00638	0.00588
25	0.01643	0.01081	0.01280	0.01092	0.01399	0.01103	0.00868	0.20040	0.04352	0.10581	0.32980	0.03653	0.05663	0.01254	0.02965	0.00236	0.00521	0.03458	0.04996	0.00834
26	0.01932	0.01575	0.01985	0.06277	0.02161	0.05704	0.11404	0.31947	0.02315	0.05685	0.12472	0.02563	0.06231	0.03692	0.00813	0.00225	0.00737	0.00779	0.00582	0.00921
27	0.01824	0.05761	0.02709	0.06677	0.29446	0.05207	0.14788	0.11180	0.03861	0.04761	0.01361	0.01670	0.01073	0.00684	0.00782	0.00209	0.06002	0.00622	0.00400	0.00981
28	0.00962	0.00641	0.00788	0.00842	0.00900	0.00609	0.00543	0.01053	0.01234	0.04042	0.07344	0.36523	0.07579	0.31678	0.01865	0.00415	0.00493	0.01423	0.00551	0.00517
29	0.01558	0.34897	0.08075	0.01367	0.04034	0.07486	0.03379	0.04294	0.01472	0.01807	0.01933	0.17322	0.05730	0.01002	0.00650	0.00194	0.02806	0.00801	0.00399	0.00796

[dist]
# distance from previous block
# <min> <max>
0	2

[block]
# block no. 1 follows, 32 sequences, length 48
# corresponding to MSA columns:
# 78-125
name=unknown_B
#
# <colnr> <probs for GDERKNQSTAVLIFYWHMCP>
#	G	D	E	R	K	N	Q	S	T	A	V	L	I	F	Y	W	H	M	C	P
0	0.04731	0.13380	0.17855	0.11590	0.21473	0.03947	0.07276	0.04196	0.01506	0.04216	0.01222	0.01524	0.00958	0.00642	0.00663	0.00201	0.02798	0.00543	0.00339	0.00939
1	0.00877	0.00733	0.03287	0.00941	0.01070	0.00650	0.00708	0.01065	0.01317	0.01771	0.06375	0.40956	0.15812	0.02531	0.16090	0.00426	0.00691	0.01462	0.02657	0.00581
2	0.01913	0.29815	0.15675	0.01629	0.06082	0.06479	0.03538	0.06970	0.04394	0.10500	0.01342	0.01468	0.01040	0.00694	0.00678	0.00189	0.05744	0.00502	0.00402	0.00946
3	0.01055	0.00747	0.00901	0.00866	0.01028	0.00708	0.00617	0.01343	0.05635	0.04807	0.26058	0.14236	0.14188	0.17651	0.03831	0.00342	0.00482	0.01190	0.00609	0.03707
4	0.01076	0.00925	0.02927	0.01140	0.01271	0.03215	0.00907	0.01305	0.01114	0.01600	0.01712	0.02570	0.01613	0.09199	0.55250	0.00890	0.08402	0.00706	0.03564	0.00615
5	0.00976	0.00651	0.00732	0.00732	0.00732	0.00651	0.00407	0.00976	0.00976	0.01301	0.02114	0.04391	0.02439	0.76419	0.03415	0.00651	0.00651	0.00976	0.00407	0.00407
6	0.01391	0.01193	0.01391	0.00994	0.01590	0.00894	0.00795	0.01690	0.01391	0.02186	0.01193	0.01391	0.00994	0.00497	0.00497	0.00099	0.00497	0.00398	0.00398	0.80521
7	0.02264	0.02671	0.02201	0.02236	0.15294	0.48721	0.05892	0.07158	0.01875	0.01956	0.01136	0.01368	0.00931	0.00686	0.00674	0.00186	0.03021	0.00502	0.00364	0.00863
8	0.09440	0.01456	0.02244	0.10511	0.42670	0.01488	0.01685	0.05316	0.01616	0.14941	0.01488	0.01729	0.01124	0.00659	0.00644	0.00204	0.00738	0.00590	0.00441	0.01016
9	0.01420	0.02988	0.53478	0.01870	0.02603	0.04471	0.02195	0.02026	0.01344	0.01986	0.01121	0.01421	0.00858	0.00766	0.01005	0.00230	0.18494	0.00515	0.00288	0.00923
10	0.00985	0.00863	0.00865	0.00832	0.01052	0.04589	0.00627	0.01299	0.05734	0.02104	0.24474	0.05450	0.43971	0.01580	0.02397	0.00238	0.00424	0.01252	0.00638	0.00626
11	0.00976	0.00651	0.00732	0.00732	0.00732	0.00651	0.00407	0.00976	0.00976	0.01301	0.02114	0.04391	0.02439	0.76419	0.03415	0.00651	0.00651	0.00976	0.00407	0.00407
12	0.01050	0.00715	0.00874	0.00821	0.01024	0.00636	0.00620	0.01310	0.01766	0.07592	0.44282	0.07408	0.26486	0.01456	0.00785	0.00218	0.00345	0.01258	0.00706	0.00647
13	0.00813	0.00601	0.00761	0.00889	0.00961	0.00549	0.00603	0.00939	0.01328	0.01731	0.04251	0.63587	0.16476	0.02030	0.00845	0.00264	0.00380	0.01820	0.00623	0.00549
14	0.01454	0.19851	0.55161	0.01771	0.02659	0.01808	0.04354	0.02100	0.01410	0.02003	0.01148	0.01353	0.00858	0.00621	0.00596	0.00197	0.00935	0.00475	0.00286	0.00960
15	0.00818	0.00584	0.00779	0.00934	0.00973	0.00545	0.00623	0.00934	0.01285	0.01713	0.03698	0.75981	0.04438	0.02102	0.00856	0.00273	0.00389	0.01908	0.00623	0.00545
16	0.00804	0.00657	0.00710	0.00745	0.00925	0.00563	0.00540	0.00966	0.01483	0.01817	0.08103	0.22819	0.53973	0.01784	0.00808	0.00237	0.00351	0.01526	0.00627	0.00563
17	0.01209	0.03967	0.01753	0.01342	0.01689	0.01018	0.18139	0.01505	0.01588	0.06181	0.14236	0.07142	0.32393	0.01267	0.00822	0.00224	0.03121	0.01135	0.00556	0.00712
18	0.01836	0.72488	0.03421	0.01182	0.01743	0.06839	0.01157	0.02049	0.01395	0.01582	0.00939	0.01084	0.00861	0.00581	0.00441	0.00145	0.00747	0.00363	0.00290	0.00856
19	0.01267	0.01193	0.02013	0.74806	0.04621	0.01491	0.01863	0.01714	0.01342	0.01714	0.01193	0.01789	0.00894	0.00671	0.00671	0.00224	0.00894	0.00596	0.00298	0.00745
20	0.01115	0.00583	0.00860	0.00883	0.00888	0.00577	0.00589	0.00883	0.00934	0.01245	0.01533	0.12755	0.01640	0.02298	0.02366	0.68855	0.00555	0.00775	0.00339	0.00328
21	0.02406	0.03050	0.01830	0.01667	0.02006	0.69418	0.01250	0.02578	0.01880	0.01652	0.01376	0.01519	0.05050	0.00751	0.00616	0.00176	0.01159	0.00490	0.00362	0.00765
22	0.02066	0.51031	0.02937	0.01326	0.01829	0.24159	0.01186	0.02270	0.01552	0.04826	0.01042	0.01172	0.00898	0.00621	0.00495	0.00155	0.00860	0.00395	0.00330	0.00849
23	0.10664	0.01486	0.02590	0.01922	0.02443	0.01444	0.34176	0.07346	0.01669	0.08802	0.08691	0.02147	0.01648	0.03651	0.00846	0.00228	0.02664	0.00736	0.00465	0.06381
24	0.01710	0.01752	0.02472	0.16940	0.49472	0.12028	0.01912	0.02085	0.01547	0.02023	0.01217	0.01619	0.01003	0.00625	0.00657	0.00200	0.00875	0.00574	0.00328	0.00962
25	0.01449	0.05032	0.05860	0.06905	0.07021	0.16973	0.03382	0.01689	0.01455	0.01785	0.04252	0.29085	0.02377	0.01261	0.00872	0.00231	0.08151	0.01053	0.00444	0.00722
26	0.04206	0.16656	0.07423	0.01166	0.01573	0.01466	0.01030	0.04046	0.19464	0.04591	0.16209	0.09252	0.05047	0.01015	0.00652	0.00203	0.00549	0.00838	0.00558	0.04056
27	0.05746	0.27567	0.16840	0.01913	0.11336	0.06791	0.07394	0.09106	0.01615	0.02166	0.01142	0.01358	0.00922	0.00640	0.00617	0.00187	0.02892	0.00491	0.00347	0.00930
28	0.00974	0.00659	0.00776	0.00776	0.00792	0.00675	0.00462	0.01004	0.00989	0.01334	0.02074	0.04166	0.02342	0.67283	0.12418	0.00705	0.00797	0.00943	0.00401	0.00431
29	0.01581	0.01513	0.02579	0.18454	0.58521	0.01573	0.02020	0.01989	0.01490	0.02095	0.01248	0.01687	0.01029	0.00613	0.00666	0.00204	0.00817	0.00598	0.00325	0.00998
30	0.01589	0.01683	0.08923	0.14335	0.15332	0.05526	0.05587	0.06361	0.20434	0.02339	0.01854	0.06826	0.01521	0.00821	0.00678	0.00216	0.00754	0.00722	0.03568	0.00930
31	0.02101	0.45637	0.02856	0.01361	0.01871	0.20412	0.01207	0.13690	0.01802	0.02043	0.01074	0.01200	0.00909	0.00643	0.00515	0.00161	0.00845	0.00419	0.00367	0.00888
32	0.01313	0.01317	0.11633	0.01221	0.01561	0.01082	0.01087	0.04362	0.05760	0.04024	0.01568	0.02122	0.01365	0.05290	0.25066	0.11813	0.05042	0.00616	0.00391	0.13367
33	0.03994	0.01571	0.02242	0.21383	0.19154	0.08177	0.07304	0.04540	0.01461	0.01981	0.01271	0.01877	0.01087	0.00927	0.03197	0.00255	0.15101	0.03294	0.00346	0.00839
34	0.00988	0.00805	0.00896	0.00887	0.01114	0.00767	0.00693	0.01454	0.11665	0.02135	0.16835	0.05799	0.40799	0.01551	0.00796	0.00236	0.00404	0.10867	0.00651	0.00657
35	0.01166	0.00583	0.00874	0.00874	0.00874	0.00583	0.00583	0.00874	0.00874	0.01166	0.01166	0.02040	0.01166	0.02331	0.02622	0.80478	0.00583	0.00583	0.00291	0.00291
36	0.01688	0.04468	0.16944	0.10332	0.19157	0.04838	0.04308	0.05163	0.01643	0.11145	0.06008	0.02276	0.07513	0.00796	0.00674	0.00207	0.00780	0.00685	0.00445	0.00931
37	0.01002	0.00693	0.00863	0.00940	0.01061	0.00655	0.00658	0.01266	0.06303	0.05880	0.05594	0.54743	0.14060	0.01869	0.00823	0.00257	0.00401	0.01668	0.00642	0.00621
38	0.00985	0.00658	0.00811	0.00811	0.00842	0.00678	0.00511	0.01009	0.01004	0.01355	0.02112	0.03892	0.04399	0.53057	0.16994	0.08290	0.00858	0.00902	0.00393	0.00438
39	0.02176	0.02612	0.01856	0.08727	0.06279	0.52366	0.01325	0.04308	0.03813	0.01836	0.04241	0.01730	0.04367	0.00767	0.00635	0.00186	0.01048	0.00548	0.00387	0.00794
40	0.01558	0.16426	0.10186	0.14620	0.16272	0.03495	0.07412	0.05068	0.05144	0.02030	0.01484	0.08309	0.01318	0.00789	0.00691	0.00207	0.03054	0.00679	0.00372	0.00887
41	0.01067	0.00771	0.00992	0.01098	0.01234	0.00783	0.00871	0.01474	0.08936	0.02002	0.03374	0.28390	0.03668	0.04656	0.00947	0.00293	0.00519	0.32989	0.05300	0.00635
42	0.01117	0.00617	0.00879	0.00892	0.00904	0.00631	0.00601	0.00944	0.00969	0.01328	0.01626	0.12897	0.01732	0.06605	0.02302	0.57864	0.02955	0.00800	0.03971	0.00364
43	0.05984	0.10334	0.07883	0.05654	0.01950	0.04712	0.05879	0.12081	0.03580	0.07977	0.09163	0.06219	0.07584	0.02788	0.00732	0.00216	0.00679	0.02619	0.00516	0.03449
44	0.04077	0.01611	0.07254	0.10856	0.18790	0.05658	0.01501	0.06978	0.08858	0.20130	0.01894	0.02224	0.01438	0.00798	0.00674	0.00214	0.00741	0.04782	0.00530	0.00991
45	0.00880	0.00669	0.00813	0.00823	0.00981	0.00601	0.00609	0.01113	0.01654	0.02203	0.35840	0.18606	0.26921	0.01630	0.00809	0.00231	0.00349	0.03998	0.00676	0.00595
46	0.11775	0.09417	0.10556	0.01815	0.06031	0.23312	0.09869	0.06590	0.07896	0.02220	0.01269	0.01456	0.00999	0.00688	0.00661	0.00198	0.03454	0.00523	0.00389	0.00883
47	0.02044	0.40761	0.02875	0.01457	0.01974	0.16666	0.05949	0.14866	0.01827	0.02139	0.01182	0.01433	0.01008	0.00676	0.00549	0.00170	0.00846	0.02303	0.00383	0.00893

[dist]
# distance from previous block
# <min> <max>
1	2

[block]
# block no. 2 follows, 32 sequences, length 24
# corresponding to MSA columns:
# 128-151
name=unknown_C
#
# <colnr> <probs for GDERKNQSTAVLIFYWHMCP>
#	G	D	E	R	K	N	Q	S	T	A	V	L	I	F	Y	W	H	M	C	P
0	0.01513	0.19779	0.07683	0.03474	0.01701	0.08680	0.01082	0.06425	0.08910	0.02142	0.11027	0.04721	0.15630	0.00996	0.00642	0.00193	0.00639	0.00792	0.00492	0.03479
1	0.01240	0.01030	0.01262	0.01173	0.01329	0.01167	0.00906	0.10396	0.04768	0.02129	0.05712	0.27410	0.17889	0.01542	0.01127	0.00254	0.18171	0.01237	0.00558	0.00700
2	0.01325	0.01151	0.01905	0.13983	0.22802	0.01156	0.08393	0.01644	0.01476	0.05171	0.05798	0.16371	0.11375	0.03440	0.00823	0.00238	0.00674	0.01013	0.00464	0.00797
3	0.01661	0.01594	0.02724	0.04119	0.72233	0.01594	0.02059	0.02059	0.01528	0.02192	0.01262	0.01661	0.01063	0.00598	0.00664	0.00199	0.00797	0.00598	0.00332	0.01063
4	0.01613	0.01519	0.02561	0.13371	0.54536	0.01563	0.04226	0.04712	0.01571	0.02199	0.01382	0.01969	0.01178	0.00676	0.00683	0.00209	0.00810	0.03874	0.00355	0.00996
5	0.00864	0.00643	0.00813	0.00934	0.01025	0.00603	0.00662	0.01059	0.03356	0.01789	0.04165	0.55801	0.15397	0.01978	0.00848	0.00267	0.00407	0.08195	0.00624	0.00570
6	0.01017	0.00711	0.00839	0.00868	0.00929	0.00706	0.00557	0.05807	0.01270	0.01687	0.02860	0.32845	0.05360	0.39056	0.02117	0.00455	0.00542	0.01336	0.00518	0.00519
7	0.01608	0.01541	0.02629	0.13502	0.63258	0.01581	0.02033	0.02013	0.01503	0.02129	0.01253	0.01678	0.01040	0.00608	0.00665	0.00203	0.00810	0.00598	0.00328	0.01021
8	0.04825	0.06098	0.02199	0.08891	0.22618	0.25455	0.03200	0.06482	0.07479	0.02154	0.03470	0.01645	0.01206	0.00697	0.00633	0.00194	0.00896	0.00559	0.00397	0.00905
9	0.00818	0.00584	0.00779	0.00934	0.00973	0.00545	0.00623	0.00934	0.01285	0.01713	0.03698	0.75981	0.04438	0.02102	0.00856	0.00273	0.00389	0.01908	0.00623	0.00545
10	0.01563	0.01528	0.02439	0.28536	0.45585	0.04837	0.01957	0.01968	0.01480	0.02001	0.01228	0.01685	0.00995	0.00627	0.00664	0.00207	0.00850	0.00590	0.00321	0.00940
11	0.01071	0.00770	0.00896	0.00865	0.00954	0.00802	0.00572	0.03714	0.06543	0.01670	0.06272	0.04045	0.06729	0.48459	0.13302	0.00615	0.00778	0.00948	0.00462	0.00535
12	0.01196	0.00926	0.01101	0.00964	0.01238	0.00887	0.00742	0.06400	0.09952	0.02689	0.45222	0.04083	0.08896	0.01181	0.00731	0.00198	0.00397	0.01020	0.00674	0.11505
13	0.04949	0.01643	0.05188	0.01351	0.01897	0.08540	0.06291	0.11038	0.06676	0.05682	0.04092	0.01680	0.01292	0.00652	0.00589	0.00158	0.00673	0.00531	0.00472	0.36608
14	0.01112	0.00961	0.01181	0.01149	0.01230	0.03644	0.00859	0.01354	0.04735	0.01887	0.14858	0.32355	0.05327	0.06636	0.01326	0.00285	0.18650	0.01278	0.00541	0.00631
15	0.00865	0.00632	0.00827	0.00944	0.01031	0.00594	0.00679	0.01032	0.01387	0.01833	0.09225	0.51209	0.11970	0.02065	0.03280	0.00294	0.00455	0.10490	0.00622	0.00566
16	0.01199	0.01109	0.04282	0.01263	0.01566	0.03117	0.11302	0.03099	0.05421	0.05211	0.06088	0.23639	0.24826	0.01453	0.00788	0.00238	0.00566	0.03553	0.00575	0.00707
17	0.01538	0.01593	0.05263	0.12053	0.12909	0.01545	0.33971	0.04688	0.01546	0.04006	0.01520	0.06776	0.01279	0.00933	0.04107	0.00264	0.03971	0.00782	0.00376	0.00880
18	0.11235	0.01423	0.01474	0.01281	0.01678	0.01607	0.01013	0.13945	0.43927	0.04885	0.05625	0.02457	0.04734	0.00910	0.00658	0.00220	0.00547	0.00731	0.00653	0.00998
19	0.00891	0.00649	0.00792	0.00881	0.00946	0.00624	0.00581	0.01068	0.04460	0.01678	0.03606	0.48787	0.10834	0.19261	0.01436	0.00353	0.00451	0.01587	0.00575	0.00539
20	0.01528	0.04842	0.30568	0.04528	0.02821	0.05730	0.22982	0.04852	0.04680	0.02134	0.01377	0.01733	0.01060	0.02760	0.05202	0.00276	0.01045	0.00625	0.00346	0.00911
21	0.03861	0.03489	0.05902	0.01107	0.01363	0.04497	0.00894	0.06865	0.06090	0.05324	0.07045	0.36876	0.09692	0.01521	0.00760	0.00239	0.00524	0.02641	0.00593	0.00717
22	0.01237	0.01112	0.05837	0.01259	0.04580	0.02605	0.03079	0.06499	0.03829	0.02163	0.17648	0.09865	0.08729	0.04610	0.04434	0.10928	0.00625	0.07463	0.00532	0.02967
23	0.01750	0.22205	0.12059	0.01719	0.07297	0.16527	0.07627	0.02171	0.04709	0.01954	0.04626	0.01559	0.01228	0.00652	0.00583	0.00172	0.00842	0.00515	0.00361	0.11446

[dist]
# distance from previous block
# <min> <max>
4	9

[block]
# block no. 3 follows, 32 sequences, length 11
# corresponding to MSA columns:
# 162-172
name=unknown_D
#
# <colnr> <probs for GDERKNQSTAVLIFYWHMCP>
#	G	D	E	R	K	N	Q	S	T	A	V	L	I	F	Y	W	H	M	C	P
0	0.01549	0.05137	0.26235	0.01636	0.04944	0.01409	0.05960	0.11369	0.04560	0.05103	0.05313	0.10076	0.01791	0.00900	0.00672	0.00209	0.00742	0.02722	0.03840	0.05834
1	0.04116	0.00807	0.00972	0.03950	0.01152	0.00856	0.00678	0.05464	0.01276	0.01766	0.04774	0.16918	0.05410	0.36973	0.05602	0.00479	0.03610	0.04168	0.00481	0.00550
2	0.04958	0.01013	0.01239	0.03702	0.01488	0.00987	0.00855	0.11557	0.01768	0.21526	0.05899	0.23707	0.02527	0.01185	0.00689	0.00214	0.00505	0.01014	0.09890	0.05277
3	0.03485	0.01705	0.14974	0.09876	0.14501	0.03063	0.05243	0.08131	0.01663	0.05120	0.07780	0.02620	0.11783	0.00893	0.00740	0.00213	0.03509	0.00752	0.03081	0.00868
4	0.01867	0.01633	0.13069	0.01447	0.03642	0.01335	0.02900	0.15271	0.07359	0.16434	0.09886	0.07808	0.02078	0.00929	0.00743	0.00208	0.03620	0.00765	0.00588	0.08420
5	0.00972	0.00650	0.00823	0.00869	0.00958	0.00607	0.00590	0.01119	0.01402	0.04864	0.19083	0.38044	0.08105	0.17140	0.01356	0.00331	0.00431	0.01478	0.00614	0.00563
6	0.01331	0.01165	0.04295	0.06578	0.08880	0.04509	0.05364	0.03540	0.01484	0.06457	0.06851	0.18427	0.05403	0.05980	0.11108	0.00376	0.00819	0.06204	0.00499	0.00730
7	0.03860	0.02154	0.24088	0.12515	0.22144	0.04299	0.04805	0.02201	0.09248	0.02145	0.01365	0.01660	0.01055	0.00690	0.00739	0.00215	0.04934	0.00579	0.00353	0.00952
8	0.01800	0.01363	0.01501	0.01342	0.01682	0.08251	0.03849	0.02713	0.29593	0.15470	0.05467	0.11755	0.02481	0.01128	0.00731	0.00232	0.00614	0.08466	0.00651	0.00914
9	0.01038	0.00633	0.00727	0.00766	0.00845	0.00620	0.00516	0.01206	0.01275	0.01928	0.06741	0.20445	0.02932	0.25390	0.01538	0.00350	0.00450	0.03444	0.28618	0.00537
10	0.01498	0.05264	0.12053	0.05085	0.17874	0.01445	0.07932	0.08458	0.07465	0.02205	0.04466	0.02482	0.03107	0.16354	0.01239	0.00299	0.00769	0.00724	0.00422	0.00859

[dist]
# distance from previous block
# <min> <max>
0	1

[block]
# block no. 4 follows, 32 sequences, length 26
# corresponding to MSA columns:
# 174-199
name=unknown_E
#
# <colnr> <probs for GDERKNQSTAVLIFYWHMCP>
#	G	D	E	R	K	N	Q	S	T	A	V	L	I	F	Y	W	H	M	C	P
0	0.01334	0.00851	0.01053	0.01045	0.01233	0.00829	0.00771	0.11075	0.01659	0.10479	0.03525	0.47654	0.09181	0.01722	0.00807	0.00253	0.00467	0.04702	0.00654	0.00706
1	0.00952	0.00729	0.00798	0.00793	0.01010	0.00643	0.00600	0.03415	0.01593	0.04270	0.10013	0.14134	0.52032	0.01674	0.00799	0.00233	0.00379	0.04685	0.00638	0.00609
2	0.02399	0.03004	0.01972	0.01918	0.07589	0.65224	0.01363	0.02589	0.01838	0.01684	0.01049	0.01256	0.00881	0.00703	0.00672	0.00180	0.04087	0.00451	0.00343	0.00799
3	0.02502	0.08345	0.02079	0.04288	0.02094	0.01948	0.01245	0.51601	0.02746	0.13922	0.01687	0.01669	0.01183	0.00784	0.00651	0.00198	0.00718	0.00593	0.00646	0.01101
4	0.01449	0.01181	0.03726	0.01125	0.01407	0.04748	0.00909	0.06077	0.18494	0.05850	0.08157	0.08399	0.07188	0.01622	0.10144	0.00327	0.00690	0.04595	0.13117	0.00795
5	0.01290	0.00979	0.01125	0.01073	0.01288	0.01020	0.00811	0.12559	0.12953	0.02399	0.10947	0.22066	0.10638	0.09694	0.01072	0.00287	0.00507	0.07934	0.00629	0.00729
6	0.01673	0.01239	0.01407	0.03502	0.03586	0.01313	0.00989	0.15384	0.23815	0.09278	0.06974	0.03581	0.19549	0.01125	0.00722	0.00222	0.00538	0.03532	0.00658	0.00912
7	0.00989	0.00757	0.00919	0.00892	0.01076	0.00725	0.00674	0.01422	0.08754	0.02429	0.44131	0.10741	0.17830	0.01467	0.00792	0.00225	0.00363	0.04459	0.00697	0.00656
8	0.01877	0.11021	0.27317	0.01840	0.02498	0.14468	0.13090	0.02343	0.01572	0.11598	0.01349	0.01528	0.00994	0.00684	0.00725	0.00204	0.05034	0.00548	0.00380	0.00931
9	0.01089	0.00776	0.00925	0.00913	0.01073	0.00766	0.00686	0.04718	0.05124	0.02250	0.24172	0.10510	0.11530	0.13813	0.01208	0.00300	0.00456	0.11006	0.08060	0.00625
10	0.04814	0.01715	0.01802	0.01420	0.01926	0.04147	0.01155	0.43433	0.14023	0.07503	0.01769	0.01743	0.01282	0.00781	0.00644	0.00194	0.00677	0.00598	0.00633	0.09742
11	0.01386	0.01018	0.01372	0.01154	0.01449	0.00985	0.06447	0.05131	0.09254	0.07943	0.16393	0.08388	0.02831	0.14943	0.06949	0.00350	0.00656	0.00908	0.00558	0.11884
12	0.01456	0.21485	0.55892	0.01725	0.02614	0.01828	0.02152	0.02097	0.01404	0.01991	0.01138	0.01333	0.00853	0.00622	0.00587	0.00196	0.00924	0.00462	0.00284	0.00960
13	0.01980	0.05149	0.11420	0.01779	0.02293	0.23380	0.14968	0.04493	0.07798	0.10040	0.01862	0.01970	0.06033	0.00778	0.00717	0.00204	0.03152	0.00643	0.00446	0.00895
14	0.05457	0.01542	0.01697	0.01337	0.01837	0.07093	0.01091	0.22860	0.05869	0.40865	0.02160	0.01971	0.01433	0.00809	0.00660	0.00204	0.00667	0.00628	0.00723	0.01095
15	0.01166	0.00998	0.01062	0.01044	0.01204	0.08939	0.04191	0.01355	0.01409	0.01830	0.03261	0.22124	0.13370	0.13433	0.01176	0.00300	0.00573	0.09909	0.12065	0.00592
16	0.04546	0.01497	0.02271	0.04758	0.24989	0.01550	0.10301	0.15008	0.03966	0.09853	0.03492	0.04476	0.04782	0.00819	0.00769	0.00215	0.04515	0.00725	0.00493	0.00976
17	0.00910	0.00671	0.00763	0.00799	0.00975	0.00589	0.00589	0.01085	0.01485	0.04196	0.07989	0.25497	0.42476	0.01745	0.00802	0.00240	0.00373	0.04768	0.03461	0.00587
18	0.00837	0.00626	0.00783	0.00900	0.00997	0.00573	0.00639	0.00986	0.01371	0.01766	0.04455	0.52004	0.21189	0.01978	0.00848	0.00265	0.00399	0.08203	0.00622	0.00557
19	0.37550	0.01597	0.10595	0.01188	0.01724	0.01416	0.01097	0.10126	0.01649	0.24744	0.01580	0.01563	0.01081	0.00710	0.00554	0.00208	0.00621	0.00505	0.00557	0.00937
20	0.32506	0.01617	0.08482	0.12320	0.08072	0.03672	0.07930	0.04488	0.01423	0.08010	0.01246	0.01501	0.00937	0.00764	0.02295	0.00233	0.02734	0.00520	0.00407	0.00845
21	0.01517	0.01004	0.01181	0.01050	0.01349	0.01014	0.00815	0.02306	0.23743	0.14827	0.29809	0.03922	0.12331	0.01172	0.00737	0.00218	0.00432	0.01001	0.00723	0.00849
22	0.00898	0.00693	0.00817	0.00875	0.01005	0.00654	0.00614	0.01184	0.06894	0.01902	0.11027	0.39314	0.24149	0.05586	0.00948	0.00269	0.00392	0.01559	0.00628	0.00594
23	0.09421	0.09705	0.05520	0.06285	0.09501	0.23809	0.13515	0.04232	0.01608	0.02021	0.01295	0.06105	0.01133	0.00740	0.00664	0.00200	0.02432	0.00613	0.00365	0.00836
24	0.11255	0.00714	0.00807	0.00877	0.01012	0.00699	0.00629	0.01139	0.01352	0.01979	0.08220	0.40480	0.15590	0.05321	0.00901	0.00269	0.00416	0.05163	0.02600	0.00577
25	0.00965	0.00670	0.00810	0.00847	0.00990	0.00616	0.00607	0.01198	0.03106	0.04352	0.18865	0.33911	0.21004	0.01674	0.00787	0.00236	0.00365	0.01471	0.06920	0.00607

[dist]
# distance from previous block
# <min> <max>
5	13

[block]
# block no. 5 follows, 32 sequences, length 18
# corresponding to MSA columns:
# 214-231
name=unknown_F
#
# <colnr> <probs for GDERKNQSTAVLIFYWHMCP>
#	G	D	E	R	K	N	Q	S	T	A	V	L	I	F	Y	W	H	M	C	P
0	0.06492	0.04233	0.11668	0.03748	0.06091	0.06328	0.01158	0.03909	0.01464	0.10992	0.02183	0.13060	0.03801	0.12911	0.01177	0.02838	0.00694	0.06011	0.00484	0.00759
1	0.01560	0.01324	0.03981	0.42638	0.10181	0.01443	0.06716	0.01962	0.01447	0.11517	0.01648	0.02029	0.04280	0.00757	0.00783	0.00224	0.05624	0.00656	0.00392	0.00839
2	0.04649	0.04673	0.15940	0.04228	0.04663	0.10029	0.07875	0.10571	0.01669	0.04829	0.04256	0.05419	0.01530	0.08286	0.02643	0.00270	0.02867	0.00687	0.04080	0.00837
3	0.07594	0.09102	0.11021	0.01796	0.09962	0.08306	0.06006	0.15300	0.01893	0.15317	0.03342	0.04523	0.01354	0.00767	0.00638	0.00201	0.00776	0.00624	0.00506	0.00973
4	0.00866	0.00633	0.00808	0.00903	0.00982	0.00607	0.00629	0.01001	0.01276	0.01677	0.03754	0.43977	0.14149	0.12001	0.08929	0.00403	0.00580	0.05718	0.00566	0.00541
5	0.00834	0.00644	0.00765	0.00839	0.00973	0.00575	0.00604	0.01000	0.01452	0.01850	0.10398	0.37043	0.32888	0.01860	0.00829	0.00251	0.00377	0.05624	0.00632	0.00565
6	0.01751	0.04628	0.10994	0.01659	0.02114	0.10435	0.10305	0.18579	0.04093	0.02493	0.01880	0.06717	0.01714	0.01229	0.04966	0.00276	0.03388	0.11425	0.00483	0.00872
7	0.01527	0.10970	0.52018	0.01907	0.02775	0.04445	0.10249	0.02179	0.01468	0.04630	0.01240	0.01451	0.00901	0.00631	0.00634	0.00205	0.00972	0.00521	0.00313	0.00965
8	0.01246	0.00834	0.00988	0.00954	0.01182	0.00797	0.00720	0.01700	0.11950	0.11083	0.14946	0.21625	0.23898	0.01521	0.00781	0.00236	0.00416	0.03726	0.00676	0.00721
9	0.01016	0.00934	0.05335	0.01117	0.04451	0.00776	0.02954	0.01319	0.04031	0.01942	0.04120	0.21262	0.26217	0.05185	0.00896	0.00257	0.00484	0.08041	0.09019	0.00643
10	0.01989	0.01957	0.01812	0.07691	0.09445	0.24156	0.01298	0.07012	0.21861	0.06812	0.01999	0.02054	0.04991	0.00827	0.00707	0.00206	0.03118	0.00640	0.00503	0.00922
11	0.00846	0.00600	0.00790	0.00931	0.00972	0.00567	0.00626	0.00962	0.01269	0.01689	0.03540	0.65578	0.04217	0.09168	0.01104	0.00310	0.00426	0.05267	0.00602	0.00536
12	0.01607	0.01233	0.01354	0.01220	0.01557	0.01353	0.00944	0.05271	0.45366	0.08510	0.08727	0.09265	0.08474	0.01106	0.00715	0.00227	0.00496	0.00937	0.00689	0.00950
13	0.12157	0.29327	0.07691	0.05453	0.02091	0.14752	0.06795	0.02056	0.01428	0.01882	0.01230	0.01454	0.03457	0.00702	0.00677	0.00189	0.07028	0.00488	0.00332	0.00814
14	0.00950	0.00716	0.00837	0.00851	0.01002	0.00668	0.00615	0.04411	0.01551	0.02018	0.17151	0.23494	0.27515	0.10498	0.01118	0.00288	0.00418	0.04693	0.00621	0.00585
15	0.05745	0.21875	0.11652	0.08341	0.05491	0.13893	0.04009	0.08631	0.01637	0.04764	0.01256	0.03757	0.01044	0.00724	0.00666	0.00193	0.04532	0.00534	0.00376	0.00879
16	0.02274	0.02555	0.01815	0.01611	0.01949	0.46996	0.01232	0.14880	0.05454	0.02179	0.01446	0.07749	0.01280	0.00869	0.00726	0.00196	0.04896	0.00614	0.00443	0.00836
17	0.01189	0.05832	0.01283	0.01078	0.01302	0.07166	0.03438	0.01492	0.05480	0.01912	0.09477	0.11640	0.24354	0.05869	0.02642	0.00273	0.04264	0.07552	0.03103	0.00655

[dist]
# distance from previous block
# <min> <max>
2	6

[block]
# block no. 6 follows, 32 sequences, length 25
# corresponding to MSA columns:
# 239-263
name=unknown_G
#
# <colnr> <probs for GDERKNQSTAVLIFYWHMCP>
#	G	D	E	R	K	N	Q	S	T	A	V	L	I	F	Y	W	H	M	C	P
0	0.04540	0.01004	0.01142	0.01004	0.01296	0.00998	0.00785	0.12489	0.07435	0.04279	0.30977	0.06376	0.15201	0.01234	0.00732	0.00210	0.00442	0.02997	0.00663	0.06193
1	0.06444	0.09498	0.01827	0.01373	0.01787	0.17348	0.01094	0.17773	0.20602	0.04752	0.01735	0.01892	0.01377	0.06132	0.00811	0.00226	0.00752	0.00592	0.00528	0.03460
2	0.04958	0.01777	0.01663	0.01528	0.05558	0.19142	0.01129	0.13418	0.09022	0.09356	0.01880	0.06974	0.03513	0.04029	0.02465	0.00242	0.06700	0.00692	0.00513	0.05443
3	0.01644	0.01578	0.02694	0.07048	0.69431	0.01590	0.02051	0.02045	0.01520	0.02172	0.01259	0.01666	0.01056	0.00601	0.00665	0.00200	0.00801	0.00598	0.00331	0.01050
4	0.01222	0.00874	0.01049	0.01037	0.01232	0.00878	0.00777	0.08854	0.08544	0.05470	0.10567	0.34317	0.12609	0.01727	0.02915	0.00271	0.00492	0.05812	0.00647	0.00706
5	0.06078	0.01487	0.01646	0.01307	0.01776	0.01578	0.01067	0.35912	0.09773	0.20097	0.02231	0.02133	0.04754	0.00855	0.00653	0.00204	0.00618	0.00666	0.06112	0.01051
6	0.03944	0.04084	0.01920	0.01742	0.09879	0.14898	0.06454	0.13244	0.08416	0.11133	0.02287	0.05754	0.09009	0.00892	0.00672	0.00202	0.00750	0.00739	0.00533	0.03452
7	0.01688	0.01092	0.01291	0.04543	0.01547	0.01128	0.00904	0.18702	0.06135	0.11669	0.11578	0.09326	0.10105	0.01197	0.00794	0.03889	0.00526	0.03597	0.09467	0.00823
8	0.00964	0.00698	0.00970	0.00970	0.01053	0.00780	0.00704	0.01129	0.01046	0.01477	0.01896	0.03184	0.01915	0.27332	0.51786	0.00945	0.01439	0.00799	0.00374	0.00539
9	0.01344	0.00810	0.00862	0.00804	0.01001	0.00845	0.00618	0.08728	0.03579	0.02586	0.04940	0.06233	0.06721	0.00946	0.00602	0.00180	0.02699	0.00761	0.55052	0.00688
10	0.06462	0.11580	0.04309	0.04233	0.12582	0.18832	0.04147	0.19927	0.04154	0.02554	0.01378	0.01702	0.01122	0.00735	0.00624	0.00195	0.00860	0.03225	0.00443	0.00936
11	0.01464	0.06027	0.20077	0.01703	0.04201	0.07507	0.06369	0.02012	0.08779	0.01942	0.01891	0.02152	0.08183	0.01259	0.07241	0.00301	0.17008	0.00666	0.00379	0.00839
12	0.00890	0.00644	0.00857	0.00970	0.01059	0.00599	0.00694	0.01060	0.01383	0.01866	0.10051	0.56738	0.04399	0.01934	0.00846	0.00265	0.00418	0.10921	0.00624	0.03782
13	0.00818	0.00584	0.00779	0.00934	0.00973	0.00545	0.00623	0.00934	0.01285	0.01713	0.03698	0.75981	0.04438	0.02102	0.00856	0.00273	0.00389	0.01908	0.00623	0.00545
14	0.01193	0.00876	0.01056	0.01027	0.01203	0.00866	0.00737	0.13007	0.01595	0.02168	0.04647	0.44614	0.03305	0.09506	0.03775	0.00313	0.00537	0.01391	0.00582	0.07601
15	0.01589	0.03216	0.01567	0.06126	0.01851	0.04069	0.00949	0.11745	0.01648	0.02376	0.01285	0.01576	0.01068	0.04122	0.00674	0.00153	0.00601	0.00469	0.00427	0.54491
16	0.01645	0.01317	0.01408	0.01225	0.01584	0.01439	0.00961	0.20884	0.30803	0.02918	0.06535	0.08165	0.15963	0.01140	0.00718	0.00223	0.00530	0.00946	0.00666	0.00930
17	0.00841	0.00613	0.00794	0.00912	0.00989	0.00567	0.00634	0.00992	0.01385	0.01835	0.10814	0.58193	0.11846	0.01974	0.00846	0.00263	0.00388	0.04920	0.00634	0.00560
18	0.01699	0.04159	0.06123	0.16650	0.28879	0.08141	0.11416	0.05348	0.03481	0.03972	0.01440	0.01774	0.02561	0.00665	0.00673	0.00206	0.00882	0.00622	0.00369	0.00939
19	0.00982	0.00753	0.01123	0.01110	0.01224	0.00894	0.00868	0.01217	0.01076	0.01560	0.01755	0.02583	0.01641	0.04856	0.70484	0.01042	0.05157	0.00713	0.00356	0.00605
20	0.01226	0.01012	0.01026	0.01004	0.01175	0.06680	0.00740	0.07922	0.03413	0.01969	0.05974	0.14404	0.16848	0.21830	0.01503	0.00353	0.00585	0.11168	0.00552	0.00616
21	0.02094	0.01383	0.01710	0.01424	0.03484	0.04840	0.05079	0.18708	0.04103	0.22111	0.12637	0.02546	0.04324	0.01129	0.04271	0.00253	0.05433	0.00753	0.02772	0.00945
22	0.03321	0.01684	0.12373	0.12744	0.16517	0.03674	0.18199	0.01822	0.01434	0.01986	0.01688	0.13918	0.01589	0.02966	0.02882	0.00260	0.00884	0.00847	0.00375	0.00837
23	0.01049	0.00812	0.03185	0.00923	0.01055	0.00776	0.00677	0.01298	0.05161	0.03414	0.05491	0.10448	0.08585	0.30529	0.20786	0.00609	0.00877	0.00998	0.02753	0.00573
24	0.14340	0.14761	0.19688	0.01775	0.07819	0.05980	0.06458	0.08152	0.03999	0.03923	0.01221	0.01422	0.00951	0.00686	0.00696	0.00203	0.06124	0.00507	0.00378	0.00916

[dist]
# distance from previous block
# <min> <max>
3	20

[block]
# block no. 7 follows, 32 sequences, length 16
# corresponding to MSA columns:
# 287-302
name=unknown_H
#
# <colnr> <probs for GDERKNQSTAVLIFYWHMCP>
#	G	D	E	R	K	N	Q	S	T	A	V	L	I	F	Y	W	H	M	C	P
0	0.01648	0.09802	0.15467	0.01620	0.08881	0.07353	0.01363	0.08131	0.06600	0.06962	0.06235	0.06366	0.10268	0.00940	0.00704	0.00204	0.02808	0.00755	0.00483	0.03409
1	0.01422	0.01228	0.04800	0.09401	0.10663	0.01155	0.06534	0.06583	0.05331	0.06926	0.10258	0.07419	0.10087	0.08769	0.03588	0.00289	0.00690	0.00898	0.00510	0.03448
2	0.00907	0.00661	0.00830	0.00939	0.00999	0.00649	0.00626	0.01147	0.06729	0.01739	0.03392	0.59811	0.03960	0.12791	0.01214	0.00324	0.00438	0.01682	0.00596	0.00566
3	0.01864	0.01397	0.01689	0.05423	0.10502	0.01505	0.01182	0.29409	0.10694	0.05893	0.02309	0.13350	0.04920	0.01022	0.00693	0.00215	0.00624	0.00860	0.05496	0.00953
4	0.14825	0.02050	0.15430	0.12699	0.11694	0.13774	0.04597	0.02131	0.05166	0.02183	0.04182	0.01847	0.01264	0.00738	0.00663	0.00211	0.02476	0.02840	0.00378	0.00851
5	0.00940	0.00711	0.01018	0.03329	0.01206	0.00726	0.03503	0.01099	0.01199	0.01617	0.02824	0.31923	0.05647	0.18879	0.19390	0.00550	0.00846	0.03553	0.00489	0.00553
6	0.01003	0.00737	0.00938	0.01030	0.01158	0.00722	0.00786	0.03894	0.03859	0.01970	0.06127	0.37814	0.10920	0.04220	0.00937	0.00285	0.00479	0.21891	0.00622	0.00609
7	0.29727	0.06141	0.04707	0.06104	0.07999	0.01670	0.03653	0.12191	0.04659	0.05192	0.01382	0.01781	0.01124	0.00776	0.00704	0.00217	0.06538	0.04116	0.00451	0.00869
8	0.01512	0.01391	0.01920	0.18925	0.20402	0.06422	0.03864	0.09123	0.03831	0.02166	0.04258	0.11075	0.04073	0.04189	0.03686	0.00268	0.00798	0.00825	0.00436	0.00834
9	0.01119	0.00762	0.00985	0.00942	0.01006	0.00836	0.00651	0.01216	0.01061	0.05236	0.01950	0.03519	0.02045	0.44930	0.24367	0.00728	0.06859	0.00852	0.00406	0.00530
10	0.00841	0.00617	0.00790	0.00884	0.00971	0.00566	0.00611	0.01005	0.01440	0.01924	0.17926	0.52912	0.13235	0.01904	0.00835	0.00254	0.00368	0.01705	0.00646	0.00566
11	0.00959	0.00650	0.00768	0.00782	0.00797	0.00658	0.00466	0.00992	0.01014	0.01363	0.02234	0.10951	0.02558	0.62948	0.09575	0.00654	0.00730	0.01040	0.00423	0.00437
12	0.15823	0.11671	0.07383	0.01511	0.02013	0.15287	0.07644	0.10169	0.07195	0.10848	0.01435	0.01527	0.01074	0.00709	0.00638	0.00198	0.02966	0.00528	0.00465	0.00914
13	0.07997	0.06980	0.06235	0.05520	0.06646	0.04282	0.03582	0.07415	0.01602	0.09786	0.03410	0.01713	0.01234	0.03229	0.00671	0.00181	0.00667	0.00527	0.00448	0.27876
14	0.01887	0.18644	0.09155	0.08379	0.02241	0.11639	0.03802	0.14280	0.06999	0.05176	0.01619	0.03264	0.03850	0.00794	0.00714	0.00199	0.05422	0.00594	0.00438	0.00904
15	0.01170	0.01047	0.01089	0.06462	0.01432	0.08614	0.00806	0.04006	0.01730	0.02224	0.30058	0.12170	0.19828	0.01359	0.00758	0.00216	0.00498	0.02545	0.00608	0.03379

[dist]
# distance from previous block
# <min> <max>
0	3

[block]
# block no. 8 follows, 32 sequences, length 12
# corresponding to MSA columns:
# 306-317
name=unknown_I
#
# <colnr> <probs for GDERKNQSTAVLIFYWHMCP>
#	G	D	E	R	K	N	Q	S	T	A	V	L	I	F	Y	W	H	M	C	P
0	0.01907	0.39321	0.08158	0.01448	0.04699	0.13630	0.01286	0.02234	0.04361	0.07802	0.01447	0.01557	0.03961	0.00715	0.00629	0.00177	0.04923	0.00491	0.00375	0.00879
1	0.01498	0.01103	0.01294	0.01128	0.01462	0.01109	0.00874	0.10576	0.16059	0.07440	0.08450	0.15093	0.05426	0.01576	0.09256	0.00306	0.00652	0.00926	0.00595	0.15177
2	0.01163	0.00858	0.01032	0.00995	0.01232	0.00820	0.00768	0.01649	0.11953	0.05612	0.18969	0.17432	0.15699	0.01455	0.00775	0.00231	0.00436	0.10584	0.00647	0.07691
3	0.08453	0.01433	0.02109	0.08583	0.30755	0.05059	0.06807	0.04468	0.01583	0.07499	0.05744	0.11099	0.01780	0.00865	0.00683	0.00213	0.00731	0.00789	0.00447	0.00900
4	0.01384	0.01119	0.01532	0.01361	0.01552	0.04201	0.07862	0.04945	0.01476	0.08297	0.05258	0.33971	0.06339	0.01476	0.01075	0.00254	0.15395	0.01243	0.00542	0.00717
5	0.00974	0.00818	0.00887	0.01003	0.01093	0.06450	0.00708	0.01117	0.01377	0.01741	0.03729	0.58242	0.09701	0.01934	0.00837	0.00264	0.00471	0.07482	0.00600	0.00572
6	0.03944	0.07185	0.29934	0.02107	0.17219	0.01598	0.01810	0.05340	0.07673	0.03958	0.01842	0.01997	0.07117	0.00779	0.00723	0.00211	0.04591	0.00621	0.00395	0.00958
7	0.01755	0.05591	0.07700	0.08161	0.34348	0.05893	0.07522	0.09567	0.08520	0.02367	0.01413	0.01687	0.01115	0.00661	0.00661	0.00203	0.00834	0.00602	0.00396	0.01003
8	0.01100	0.00754	0.00856	0.00820	0.00880	0.00766	0.00509	0.06898	0.01245	0.01673	0.07101	0.08175	0.02715	0.60506	0.02852	0.00560	0.00620	0.01013	0.00465	0.00493
9	0.00983	0.00709	0.00841	0.00848	0.00988	0.00668	0.00596	0.01249	0.05509	0.03952	0.21061	0.22975	0.20387	0.14679	0.01256	0.00308	0.00418	0.01354	0.00623	0.00595
10	0.08065	0.09763	0.11650	0.04843	0.11809	0.11128	0.09202	0.14244	0.01810	0.06809	0.01309	0.01512	0.00996	0.00685	0.00679	0.00201	0.03383	0.00548	0.00419	0.00948
11	0.01677	0.09756	0.10537	0.04109	0.10172	0.08889	0.01288	0.05841	0.09970	0.07540	0.02121	0.12335	0.04318	0.00946	0.00648	0.00205	0.00691	0.00784	0.07299	0.00874

[dist]
# distance from previous block
# <min> <max>
2	5

[block]
# block no. 9 follows, 32 sequences, length 14
# corresponding to MSA columns:
# 323-336
name=unknown_J
#
# <colnr> <probs for GDERKNQSTAVLIFYWHMCP>
#	G	D	E	R	K	N	Q	S	T	A	V	L	I	F	Y	W	H	M	C	P
0	0.00845	0.00657	0.00875	0.00936	0.01050	0.00596	0.03099	0.01001	0.01385	0.01800	0.07606	0.52777	0.21070	0.01913	0.00835	0.00257	0.00400	0.01713	0.00618	0.00567
1	0.01877	0.10499	0.08258	0.04049	0.05450	0.06720	0.01308	0.20889	0.16907	0.02722	0.01628	0.01725	0.01254	0.00912	0.03775	0.00226	0.00773	0.00569	0.00499	0.09960
2	0.04447	0.18407	0.02052	0.01459	0.06917	0.05487	0.01122	0.12487	0.08144	0.07205	0.04067	0.04707	0.01615	0.04065	0.00804	0.00212	0.04308	0.03791	0.00489	0.08214
3	0.01770	0.17464	0.23618	0.06984	0.06694	0.10130	0.13486	0.02238	0.01536	0.08111	0.01285	0.01508	0.00969	0.00635	0.00626	0.00196	0.00931	0.00540	0.00353	0.00926
4	0.01444	0.10591	0.06604	0.01288	0.01660	0.04614	0.06142	0.07645	0.09104	0.02314	0.09798	0.10048	0.06696	0.01107	0.00692	0.00214	0.00621	0.08952	0.07860	0.02607
5	0.01832	0.00989	0.01267	0.01105	0.01391	0.00995	0.00878	0.06914	0.04090	0.25725	0.11792	0.11068	0.04107	0.01409	0.05754	0.00279	0.05721	0.03783	0.10056	0.00845
6	0.01311	0.01193	0.04465	0.01334	0.04515	0.04461	0.06053	0.04871	0.10072	0.03786	0.10646	0.12833	0.12665	0.01678	0.09577	0.00325	0.00720	0.02702	0.06038	0.00755
7	0.04297	0.00948	0.04438	0.01041	0.01280	0.00857	0.02627	0.01524	0.08746	0.03971	0.18176	0.18520	0.16381	0.01890	0.09611	0.00337	0.00616	0.03461	0.00595	0.00684
8	0.00845	0.00612	0.00804	0.00918	0.00977	0.00590	0.00624	0.00971	0.01255	0.01671	0.03583	0.56534	0.09034	0.07964	0.09873	0.00395	0.00576	0.01657	0.00575	0.00543
9	0.00974	0.00657	0.00767	0.00767	0.00779	0.00670	0.00450	0.00998	0.00986	0.01327	0.02082	0.04213	0.02362	0.69196	0.10533	0.00694	0.00767	0.00950	0.00402	0.00426
10	0.01718	0.01988	0.18544	0.15032	0.09366	0.04632	0.09750	0.08308	0.08457	0.08763	0.01691	0.01895	0.03189	0.00739	0.00723	0.00216	0.02969	0.00637	0.00434	0.00949
11	0.01505	0.01690	0.10841	0.04904	0.22138	0.07102	0.01450	0.04519	0.13805	0.02230	0.02585	0.05760	0.13351	0.00934	0.00681	0.00211	0.00694	0.00795	0.03908	0.00897
12	0.02064	0.01231	0.01383	0.01137	0.01500	0.01286	0.00897	0.23904	0.09676	0.18348	0.02156	0.02399	0.01646	0.09976	0.00959	0.00250	0.00570	0.00687	0.19007	0.00925
13	0.01099	0.00886	0.00874	0.00837	0.01078	0.05531	0.00642	0.01304	0.01637	0.06828	0.15702	0.05655	0.49188	0.01530	0.00779	0.00223	0.00424	0.04512	0.00636	0.00633

[dist]
# distance from previous block
# <min> <max>
0	1

[block]
# block no. 10 follows, 32 sequences, length 53
# corresponding to MSA columns:
# 338-390
name=unknown_K
#
# <colnr> <probs for GDERKNQSTAVLIFYWHMCP>
#	G	D	E	R	K	N	Q	S	T	A	V	L	I	F	Y	W	H	M	C	P
0	0.01372	0.01116	0.04142	0.01050	0.01236	0.03779	0.00786	0.05967	0.10101	0.06157	0.02252	0.04862	0.04770	0.38971	0.06846	0.00492	0.04097	0.00867	0.00481	0.00656
1	0.00914	0.00792	0.04293	0.00982	0.01111	0.00678	0.00738	0.01176	0.04664	0.01876	0.10444	0.49849	0.08522	0.05102	0.03187	0.00300	0.00476	0.03692	0.00604	0.00599
2	0.13074	0.01698	0.01798	0.01391	0.01914	0.01839	0.01147	0.51069	0.02669	0.09231	0.01572	0.01578	0.01116	0.00762	0.00625	0.00196	0.00680	0.00563	0.00631	0.06448
3	0.04899	0.01628	0.02438	0.05224	0.52906	0.04431	0.01817	0.10425	0.01702	0.02412	0.01307	0.01664	0.01077	0.00842	0.04155	0.00242	0.00845	0.00589	0.00378	0.01018
