[name]
unknown

[dist]
# distance from previous block
# <min> <max>
0	23

[block]
# block no. 0 follows, 26 sequences, length 12
# corresponding to MSA columns:
# 23-34
name=unknown_A
#
# <colnr> <probs for GDERKNQSTAVLIFYWHMCP>
#	G	D	E	R	K	N	Q	S	T	A	V	L	I	F	Y	W	H	M	C	P
0	0.02517	0.03083	0.02105	0.01917	0.02227	0.53828	0.01478	0.02719	0.01957	0.01884	0.01365	0.01976	0.01244	0.00973	0.01006	0.00230	0.12797	0.05432	0.00405	0.00857
1	0.02678	0.08411	0.02234	0.01843	0.02274	0.60126	0.01409	0.02888	0.02061	0.01899	0.01178	0.01373	0.00988	0.00755	0.00660	0.00187	0.01266	0.00480	0.00391	0.06899
2	0.01114	0.00760	0.00963	0.00924	0.01096	0.00709	0.00689	0.01460	0.02031	0.02953	0.55448	0.08773	0.06298	0.01498	0.00846	0.00233	0.00362	0.01318	0.11816	0.00709
3	0.01922	0.01602	0.02631	0.23781	0.39389	0.01693	0.02074	0.02446	0.04616	0.10001	0.01657	0.02043	0.01272	0.00746	0.00755	0.00236	0.00891	0.00693	0.00446	0.01106
4	0.01432	0.01348	0.02275	0.71520	0.05224	0.01685	0.02107	0.01938	0.01517	0.01938	0.01348	0.02022	0.01011	0.00758	0.00758	0.00253	0.01011	0.00674	0.00337	0.00843
5	0.01953	0.01513	0.02057	0.01623	0.04312	0.01391	0.08001	0.10493	0.01913	0.10261	0.03766	0.04332	0.01546	0.00808	0.00813	0.00186	0.05743	0.00672	0.00548	0.38069
6	0.02028	0.73799	0.03975	0.01298	0.01947	0.03001	0.01298	0.02271	0.01541	0.01785	0.01055	0.01217	0.00973	0.00649	0.00487	0.00162	0.00811	0.00406	0.00324	0.00973
7	0.00924	0.00660	0.00880	0.01056	0.01100	0.00616	0.00704	0.01056	0.01452	0.01936	0.04181	0.72848	0.05017	0.02376	0.00968	0.00308	0.00440	0.02156	0.00704	0.00616
8	0.01574	0.00861	0.00950	0.00878	0.01147	0.00814	0.00675	0.01977	0.05325	0.12210	0.08529	0.04100	0.18741	0.01203	0.00693	0.00213	0.00417	0.00991	0.37898	0.00802
9	0.01458	0.00862	0.01127	0.01011	0.01263	0.00779	0.00776	0.01795	0.02128	0.14159	0.53872	0.05234	0.09614	0.01468	0.00872	0.00239	0.00408	0.01281	0.00845	0.00809
10	0.10318	0.06321	0.06016	0.10539	0.08330	0.01958	0.12049	0.16708	0.10773	0.03064	0.01673	0.01895	0.01266	0.00777	0.00721	0.00230	0.00874	0.00674	0.00519	0.05295
11	0.01243	0.00899	0.01290	0.01251	0.01405	0.01042	0.00971	0.01570	0.03867	0.04748	0.02089	0.03001	0.01917	0.08580	0.58163	0.01074	0.04904	0.00821	0.00444	0.00720

[dist]
# distance from previous block
# <min> <max>
0	1

[block]
# block no. 1 follows, 26 sequences, length 11
# corresponding to MSA columns:
# 36-46
name=unknown_B
#
# <colnr> <probs for GDERKNQSTAVLIFYWHMCP>
#	G	D	E	R	K	N	Q	S	T	A	V	L	I	F	Y	W	H	M	C	P
0	0.01998	0.02028	0.02797	0.03224	0.32261	0.12106	0.11797	0.06174	0.08614	0.02626	0.07255	0.02242	0.01783	0.00810	0.00778	0.00230	0.00950	0.00760	0.00480	0.01089
1	0.01645	0.01582	0.02281	0.06243	0.12251	0.02042	0.01681	0.02051	0.06871	0.02039	0.01355	0.01936	0.01224	0.01577	0.08306	0.00388	0.44544	0.00697	0.00383	0.00904
2	0.01668	0.01173	0.01539	0.01689	0.12941	0.01130	0.01093	0.06078	0.07011	0.12154	0.21611	0.04573	0.21577	0.01336	0.00834	0.00241	0.00548	0.01147	0.00725	0.00933
3	0.01803	0.01352	0.05685	0.01200	0.01700	0.01065	0.01006	0.07163	0.01866	0.14813	0.06747	0.09827	0.11578	0.04604	0.00889	0.00229	0.00594	0.00944	0.00640	0.26296
4	0.02072	0.01234	0.01537	0.01179	0.01739	0.00991	0.00940	0.02379	0.01793	0.23864	0.06529	0.08210	0.02094	0.00902	0.00683	0.00177	0.00565	0.00756	0.00654	0.41703
5	0.01573	0.01348	0.01573	0.01123	0.01798	0.01011	0.00899	0.01910	0.01573	0.02472	0.01348	0.01573	0.01123	0.00562	0.00562	0.00112	0.00562	0.00449	0.00449	0.77980
6	0.01832	0.07222	0.02784	0.13738	0.43069	0.01829	0.02010	0.07565	0.01815	0.02496	0.01641	0.07547	0.01470	0.00843	0.00750	0.00231	0.00868	0.00774	0.00425	0.01091
7	0.23708	0.13858	0.02010	0.01334	0.01833	0.02011	0.01110	0.19443	0.11686	0.07078	0.01776	0.01999	0.01408	0.06649	0.00883	0.00264	0.00708	0.00624	0.00592	0.01025
8	0.01931	0.01283	0.01500	0.01299	0.01682	0.01269	0.01002	0.18425	0.06598	0.12683	0.03209	0.26937	0.06935	0.01453	0.00818	0.00247	0.00593	0.01247	0.00727	0.10161
9	0.01446	0.01079	0.01483	0.01533	0.06873	0.01190	0.01086	0.07209	0.06819	0.04632	0.06470	0.03046	0.02213	0.07550	0.42833	0.00854	0.01499	0.00844	0.00513	0.00826
10	0.15131	0.05303	0.05439	0.07428	0.02320	0.01951	0.01359	0.29804	0.08163	0.06764	0.07386	0.02148	0.01770	0.00907	0.00708	0.00232	0.00752	0.00694	0.00647	0.01093

[dist]
# distance from previous block
# <min> <max>
0	3

[block]
# block no. 2 follows, 26 sequences, length 39
# corresponding to MSA columns:
# 52-90
name=unknown_C
#
# <colnr> <probs for GDERKNQSTAVLIFYWHMCP>
#	G	D	E	R	K	N	Q	S	T	A	V	L	I	F	Y	W	H	M	C	P
0	0.18797	0.01960	0.01886	0.01514	0.02060	0.10386	0.01232	0.28932	0.02558	0.20613	0.01881	0.01837	0.01304	0.00859	0.00690	0.00227	0.00801	0.00622	0.00699	0.01141
1	0.01812	0.01239	0.01402	0.01218	0.01559	0.01253	0.00949	0.22184	0.02308	0.09085	0.09680	0.13066	0.19237	0.07504	0.01103	0.00294	0.00600	0.03875	0.00734	0.00899
2	0.02330	0.01997	0.03091	0.02302	0.02952	0.02067	0.27905	0.29674	0.10733	0.06156	0.01908	0.02070	0.01384	0.00815	0.00817	0.00243	0.00981	0.00795	0.00613	0.01169
3	0.74807	0.01484	0.01214	0.01183	0.04870	0.01707	0.00898	0.02235	0.01313	0.03356	0.01075	0.01265	0.00841	0.00703	0.00484	0.00234	0.00603	0.00424	0.00465	0.00841
4	0.01054	0.00776	0.01004	0.01071	0.01231	0.00726	0.00833	0.01334	0.01817	0.02427	0.26643	0.21419	0.15620	0.01942	0.00954	0.00287	0.00475	0.18962	0.00747	0.00677
5	0.01005	0.00733	0.00948	0.00997	0.01129	0.00676	0.00720	0.01258	0.01816	0.02480	0.34544	0.32564	0.11741	0.01935	0.00931	0.00273	0.00408	0.04409	0.00765	0.00669
6	0.02868	0.02802	0.02096	0.01792	0.02264	0.39925	0.01393	0.18104	0.06594	0.12341	0.01709	0.01742	0.01265	0.00850	0.00719	0.00213	0.01089	0.00597	0.00581	0.01056
7	0.01790	0.02046	0.04476	0.03197	0.03964	0.01918	0.65857	0.02430	0.01790	0.02430	0.01535	0.02046	0.01151	0.00639	0.00895	0.00256	0.01279	0.00895	0.00384	0.01023
8	0.02845	0.02106	0.02255	0.01738	0.02338	0.02335	0.01433	0.63721	0.05989	0.04719	0.01869	0.01859	0.01329	0.00915	0.00759	0.00229	0.00826	0.00690	0.00759	0.01287
9	0.01263	0.00920	0.01253	0.01406	0.01596	0.00936	0.01221	0.01723	0.05794	0.02326	0.03959	0.08202	0.04239	0.02029	0.01031	0.00344	0.00692	0.59634	0.00703	0.00729
10	0.01573	0.01348	0.01573	0.01123	0.01798	0.01011	0.00899	0.01910	0.01573	0.02472	0.01348	0.01573	0.01123	0.00562	0.00562	0.00112	0.00562	0.00449	0.00449	0.77980
11	0.01209	0.00864	0.01207	0.01382	0.01551	0.00862	0.01199	0.01549	0.01733	0.02255	0.04023	0.11383	0.04394	0.02108	0.01044	0.00347	0.00687	0.60808	0.00699	0.00695
12	0.02582	0.01108	0.01494	0.01240	0.01677	0.00975	0.01001	0.02875	0.02071	0.45915	0.14821	0.08847	0.05648	0.01260	0.00824	0.00249	0.00573	0.04882	0.00880	0.01079
13	0.07220	0.01300	0.01728	0.01332	0.01912	0.01145	0.01100	0.03622	0.02126	0.65805	0.02894	0.02513	0.01824	0.00927	0.00748	0.00235	0.00642	0.00745	0.00915	0.01267
14	0.01125	0.00830	0.01095	0.01234	0.01412	0.00799	0.01037	0.01420	0.01713	0.02191	0.04782	0.14858	0.17492	0.02088	0.01009	0.00326	0.00608	0.44603	0.00700	0.00678
15	0.01103	0.00735	0.00827	0.00827	0.00827	0.00735	0.00460	0.01103	0.01103	0.01471	0.02390	0.04964	0.02758	0.73343	0.03861	0.00735	0.00735	0.01103	0.00460	0.00460
16	0.01022	0.00730	0.00992	0.01168	0.01255	0.00700	0.00874	0.01225	0.01549	0.02046	0.04127	0.51776	0.04803	0.02284	0.00994	0.00322	0.00525	0.22264	0.00702	0.00643
17	0.01625	0.01544	0.02622	0.42632	0.32610	0.01736	0.02202	0.02106	0.01608	0.02171	0.01382	0.01960	0.01093	0.00723	0.00755	0.00241	0.00964	0.00675	0.00354	0.00998
18	0.02833	0.03615	0.02149	0.01954	0.02345	0.70298	0.01466	0.03029	0.02149	0.01856	0.01172	0.01368	0.00977	0.00782	0.00684	0.00195	0.01368	0.00489	0.00391	0.00879
19	0.01858	0.01783	0.03045	0.07503	0.65912	0.01797	0.02318	0.02311	0.01718	0.02455	0.01423	0.01883	0.01193	0.00679	0.00751	0.00226	0.00906	0.00676	0.00374	0.01186
20	0.01103	0.00735	0.00827	0.00827	0.00827	0.00735	0.00460	0.01103	0.01103	0.01471	0.02390	0.04964	0.02758	0.73343	0.03861	0.00735	0.00735	0.01103	0.00460	0.00460
21	0.00943	0.00731	0.00863	0.00941	0.01098	0.00651	0.00680	0.01133	0.01650	0.02098	0.10986	0.34216	0.33288	0.02089	0.00935	0.00282	0.00424	0.05637	0.00715	0.00640
22	0.10934	0.01308	0.01696	0.01314	0.01889	0.01174	0.01085	0.03550	0.02083	0.62563	0.02799	0.02447	0.01772	0.00915	0.00733	0.00235	0.00640	0.00728	0.00892	0.01244
23	0.01318	0.00659	0.00988	0.00988	0.00988	0.00659	0.00659	0.00988	0.00988	0.01318	0.01318	0.02306	0.01318	0.02635	0.02964	0.77931	0.00659	0.00659	0.00329	0.00329
24	0.01092	0.00731	0.00831	0.00842	0.00844	0.00728	0.00475	0.01100	0.01125	0.01500	0.02503	0.09246	0.02900	0.68866	0.03678	0.00708	0.00717	0.01169	0.00475	0.00469
25	0.06742	0.01563	0.01893	0.01458	0.02046	0.01533	0.01204	0.23342	0.02571	0.45742	0.02532	0.02279	0.01643	0.00919	0.00748	0.00232	0.00702	0.00721	0.00860	0.01269
26	0.00991	0.00707	0.00934	0.01043	0.01127	0.00664	0.00730	0.01186	0.01625	0.02207	0.19797	0.48414	0.05381	0.05794	0.01104	0.00316	0.00453	0.06165	0.00723	0.00638
27	0.00936	0.00729	0.00850	0.00906	0.01071	0.00644	0.00647	0.01133	0.01694	0.02170	0.16295	0.31453	0.34708	0.02030	0.00923	0.00273	0.00401	0.01770	0.00726	0.00644
28	0.01951	0.01913	0.03395	0.02528	0.03169	0.01926	0.39269	0.13078	0.15475	0.02944	0.02015	0.05253	0.01580	0.00839	0.00851	0.00254	0.01031	0.00908	0.00538	0.01085
29	0.02480	0.01818	0.01962	0.01599	0.02120	0.02019	0.01290	0.34965	0.28167	0.08825	0.02424	0.02307	0.01756	0.00958	0.00756	0.00238	0.00712	0.00758	0.03614	0.01234
30	0.01112	0.00735	0.00933	0.00915	0.01013	0.00697	0.00625	0.01205	0.01567	0.02135	0.28937	0.07027	0.10818	0.19789	0.02095	0.17510	0.00524	0.01195	0.00612	0.00556
31	0.01630	0.01616	0.02267	0.01952	0.01959	0.02253	0.01623	0.01801	0.01165	0.01822	0.01049	0.01727	0.01042	0.01551	0.05969	0.00377	0.68369	0.00671	0.00336	0.00822
32	0.01775	0.01376	0.01541	0.01385	0.01673	0.07578	0.01087	0.14061	0.04137	0.07100	0.04198	0.02730	0.01910	0.05834	0.39137	0.00788	0.01502	0.00784	0.00537	0.00867
33	0.01495	0.00952	0.01270	0.01181	0.01384	0.01021	0.00896	0.06430	0.01506	0.10070	0.02411	0.03393	0.04481	0.17833	0.41167	0.00896	0.01460	0.00883	0.00518	0.00753
34	0.00939	0.00666	0.00876	0.01038	0.01078	0.00626	0.00684	0.01060	0.01424	0.01899	0.04036	0.67356	0.04834	0.08118	0.01202	0.00343	0.00464	0.02071	0.00684	0.00603
35	0.02458	0.02882	0.01955	0.01776	0.02172	0.46306	0.01345	0.03247	0.21989	0.02267	0.02048	0.02080	0.04402	0.00908	0.00720	0.00217	0.01090	0.00651	0.00521	0.00967
36	0.10830	0.04867	0.01732	0.01382	0.01832	0.01709	0.01105	0.12913	0.27197	0.13327	0.02643	0.02695	0.04475	0.05656	0.04034	0.00315	0.00716	0.00787	0.00702	0.01084
37	0.08520	0.41421	0.08226	0.05863	0.02351	0.02460	0.05785	0.05168	0.04682	0.02241	0.01365	0.01741	0.01177	0.00770	0.00658	0.00206	0.03143	0.02850	0.00396	0.00977
38	0.08015	0.04577	0.18067	0.01497	0.02194	0.01544	0.01466	0.12040	0.04953	0.07854	0.01773	0.06209	0.01438	0.00832	0.00671	0.00200	0.00749	0.00657	0.00530	0.24732

[dist]
# distance from previous block
# <min> <max>
3	23

[block]
# block no. 3 follows, 26 sequences, length 34
# corresponding to MSA columns:
# 114-147
name=unknown_D
#
# <colnr> <probs for GDERKNQSTAVLIFYWHMCP>
#	G	D	E	R	K	N	Q	S	T	A	V	L	I	F	Y	W	H	M	C	P
0	0.12091	0.01146	0.01313	0.01223	0.01588	0.01121	0.00985	0.02141	0.10487	0.08301	0.03116	0.14084	0.06353	0.01402	0.00795	0.00255	0.00585	0.16908	0.00652	0.15455
1	0.06778	0.45638	0.10429	0.01516	0.02184	0.02577	0.04257	0.07754	0.08212	0.02365	0.01373	0.01505	0.01129	0.00719	0.00579	0.00194	0.00832	0.00512	0.00416	0.01031
2	0.01718	0.13409	0.03887	0.02571	0.03228	0.01914	0.46022	0.02242	0.01769	0.02362	0.08092	0.05615	0.01891	0.00812	0.00833	0.00241	0.01074	0.00922	0.00433	0.00966
3	0.11757	0.01608	0.01753	0.01361	0.01911	0.01620	0.01100	0.22355	0.05727	0.05720	0.01646	0.01870	0.01298	0.04028	0.00867	0.00214	0.03915	0.00591	0.00580	0.30076
4	0.01677	0.01536	0.01621	0.01192	0.01843	0.06756	0.00946	0.02003	0.01621	0.02421	0.01334	0.01556	0.01111	0.00580	0.00572	0.00119	0.00629	0.00453	0.00445	0.71587
5	0.10636	0.00933	0.01057	0.01044	0.01268	0.00915	0.00773	0.05276	0.01740	0.07093	0.12558	0.29046	0.15600	0.05360	0.01007	0.00294	0.00497	0.03463	0.00700	0.00740
6	0.01071	0.00797	0.01013	0.01109	0.01277	0.00751	0.00887	0.01332	0.01712	0.02211	0.11979	0.17562	0.21108	0.05278	0.01108	0.00324	0.00543	0.28572	0.00705	0.00662
7	0.01831	0.01769	0.03062	0.11051	0.59658	0.01796	0.05088	0.02295	0.01710	0.02424	0.01424	0.01899	0.01181	0.00682	0.00758	0.00229	0.00928	0.00685	0.00372	0.01159
8	0.00990	0.00739	0.00899	0.00923	0.01071	0.00671	0.00655	0.01214	0.01763	0.02354	0.29706	0.24313	0.21992	0.07824	0.01161	0.00303	0.00418	0.01622	0.00735	0.00648
9	0.21294	0.00955	0.01041	0.01021	0.01248	0.00972	0.00750	0.01670	0.01608	0.08036	0.18648	0.26506	0.04001	0.07677	0.01051	0.00303	0.00500	0.01311	0.00673	0.00735
10	0.01143	0.00822	0.01128	0.01295	0.01445	0.00807	0.01081	0.01438	0.01682	0.02188	0.04216	0.22450	0.07375	0.02148	0.01024	0.00336	0.00628	0.47418	0.00700	0.00678
11	0.09963	0.01784	0.01997	0.01544	0.02132	0.01877	0.01275	0.39275	0.02890	0.26310	0.02146	0.02023	0.01445	0.00901	0.00734	0.00231	0.00748	0.00685	0.00793	0.01248
12	0.01168	0.00786	0.01007	0.01060	0.01197	0.00744	0.00764	0.01439	0.03853	0.05908	0.18737	0.35519	0.08569	0.08427	0.01198	0.00326	0.00485	0.07395	0.00727	0.00690
13	0.01019	0.00763	0.00936	0.00932	0.01108	0.00693	0.00690	0.01291	0.01893	0.02550	0.39125	0.13750	0.22652	0.04987	0.01044	0.00279	0.00407	0.04447	0.00763	0.00672
14	0.35742	0.01663	0.01665	0.01338	0.01881	0.01808	0.01104	0.25208	0.02286	0.17899	0.01740	0.01729	0.01213	0.00827	0.00635	0.00232	0.00687	0.00582	0.00672	0.01088
15	0.00962	0.00710	0.00899	0.00980	0.01097	0.00648	0.00686	0.01167	0.01693	0.02266	0.22765	0.43183	0.16017	0.02069	0.00936	0.00280	0.00408	0.01844	0.00741	0.00648
16	0.15860	0.00927	0.00999	0.00962	0.01220	0.00908	0.00722	0.01717	0.01658	0.10079	0.12669	0.19519	0.15902	0.03555	0.00859	0.00263	0.00467	0.01257	0.09701	0.00755
17	0.01168	0.00863	0.01086	0.01044	0.01231	0.00845	0.00791	0.01666	0.08228	0.02848	0.50192	0.05623	0.06054	0.07507	0.01144	0.00292	0.00446	0.07449	0.00784	0.00739
18	0.01729	0.01258	0.01031	0.00969	0.01205	0.12008	0.00734	0.05750	0.01797	0.02786	0.02226	0.02534	0.01750	0.00869	0.00568	0.00183	0.00545	0.00670	0.60617	0.00769
19	0.01084	0.00813	0.01219	0.01219	0.01354	0.00948	0.00948	0.01354	0.01219	0.01761	0.02032	0.02980	0.01896	0.05689	0.70337	0.01219	0.02032	0.00813	0.00406	0.00677
20	0.01320	0.00963	0.01250	0.01348	0.01540	0.00984	0.01110	0.06920	0.05235	0.02442	0.03827	0.23727	0.04166	0.02012	0.00990	0.00324	0.00640	0.39740	0.00709	0.00753
21	0.24431	0.11492	0.06026	0.01613	0.02100	0.38459	0.01339	0.02671	0.01797	0.02324	0.01136	0.01324	0.00931	0.00740	0.00601	0.00205	0.01062	0.00460	0.00401	0.00888
22	0.00960	0.00697	0.00909	0.01036	0.01124	0.00646	0.00723	0.01141	0.01592	0.02126	0.13947	0.54452	0.10201	0.02204	0.00956	0.00296	0.00437	0.05192	0.00723	0.00637
23	0.01495	0.00864	0.01095	0.00997	0.01241	0.00778	0.00746	0.01766	0.01942	0.15572	0.35770	0.09412	0.14872	0.08643	0.01167	0.00294	0.00460	0.01310	0.00790	0.00785
24	0.01031	0.00726	0.00855	0.00897	0.00950	0.00706	0.00563	0.01105	0.01279	0.01678	0.03522	0.21354	0.12231	0.42655	0.06671	0.00596	0.00693	0.01405	0.00548	0.00534
25	0.01573	0.01348	0.01573	0.01123	0.01798	0.01011	0.00899	0.01910	0.01573	0.02472	0.01348	0.01573	0.01123	0.00562	0.00562	0.00112	0.00562	0.00449	0.00449	0.77980
26	0.14141	0.01856	0.03566	0.02613	0.03278	0.01816	0.47628	0.02447	0.05988	0.02668	0.05192	0.02163	0.01501	0.00725	0.00819	0.00252	0.01073	0.00841	0.00447	0.00985
27	0.01732	0.01481	0.02120	0.01794	0.07616	0.01346	0.11113	0.06187	0.08211	0.04911	0.08581	0.02420	0.01983	0.04079	0.00853	0.00211	0.00711	0.00727	0.00540	0.33385
28	0.08442	0.11280	0.02194	0.01523	0.01998	0.05208	0.11442	0.02205	0.03641	0.09835	0.11093	0.05129	0.08094	0.01094	0.00758	0.00230	0.00735	0.06521	0.00585	0.07995
29	0.06912	0.01310	0.01690	0.01309	0.01868	0.01137	0.04503	0.02558	0.04784	0.24405	0.05301	0.04865	0.03813	0.00903	0.00700	0.00197	0.00617	0.02336	0.00662	0.30131
30	0.12352	0.01387	0.01681	0.01277	0.01882	0.01205	0.03856	0.04626	0.01734	0.14644	0.01775	0.02119	0.01402	0.00748	0.00634	0.00174	0.00629	0.03965	0.00562	0.43346
31	0.01832	0.05809	0.01687	0.03835	0.01834	0.01170	0.00984	0.05071	0.01730	0.12059	0.05902	0.06228	0.01846	0.00986	0.00847	0.06616	0.00608	0.00686	0.00552	0.39722
32	0.01726	0.01407	0.01956	0.02000	0.15708	0.01288	0.04746	0.09040	0.01919	0.05934	0.07857	0.08456	0.08091	0.01001	0.00742	0.00202	0.00663	0.00883	0.00564	0.25817
33	0.08110	0.06052	0.02269	0.07593	0.17696	0.01656	0.03811	0.09613	0.05757	0.11453	0.02010	0.02159	0.04556	0.00805	0.00698	0.00212	0.00754	0.00677	0.00545	0.13573

[dist]
# distance from previous block
# <min> <max>
0	24

# created by:
# /home/berkeley/.conda/envs/busco_data_prod/bin/msa2prfl.pl pipeline/OGs_align_augustus/4893/2558.fs
