[name]
unknown

[dist]
# distance from previous block
# <min> <max>
26	92

[block]
# block no. 0 follows, 31 sequences, length 59
# corresponding to MSA columns:
# 117-175
name=unknown_A
#
# <colnr> <probs for GDERKNQSTAVLIFYWHMCP>
#	G	D	E	R	K	N	Q	S	T	A	V	L	I	F	Y	W	H	M	C	P
0	0.04077	0.01295	0.01507	0.11452	0.07229	0.06870	0.01130	0.11572	0.04592	0.02285	0.06999	0.05316	0.13518	0.03814	0.12915	0.00379	0.02923	0.00850	0.00495	0.00780
1	0.03911	0.01466	0.01940	0.20732	0.06839	0.06310	0.07510	0.11780	0.05234	0.07092	0.02115	0.06067	0.07116	0.00890	0.00697	0.00214	0.00767	0.02331	0.00487	0.06500
2	0.03953	0.03364	0.01483	0.01335	0.05108	0.04969	0.00989	0.12433	0.11485	0.15338	0.07211	0.11816	0.10842	0.03526	0.00811	0.00237	0.00588	0.02975	0.00645	0.00893
3	0.07808	0.15727	0.01750	0.06419	0.01721	0.14142	0.00992	0.05332	0.07313	0.02088	0.07887	0.05098	0.11689	0.08172	0.00908	0.00244	0.00698	0.00776	0.00476	0.00759
4	0.04835	0.01838	0.01815	0.01799	0.11670	0.20445	0.03424	0.10135	0.03914	0.04024	0.01526	0.04551	0.01351	0.08205	0.04649	0.00279	0.02474	0.00633	0.00439	0.11992
5	0.01935	0.12850	0.01836	0.04237	0.01773	0.15730	0.01038	0.11073	0.01873	0.10243	0.13606	0.02370	0.02122	0.06868	0.00861	0.00220	0.00724	0.00667	0.00522	0.09453
6	0.08952	0.18019	0.10870	0.01232	0.01751	0.03316	0.01150	0.08118	0.09784	0.04533	0.06770	0.02259	0.07283	0.02743	0.00671	0.00199	0.00646	0.00636	0.00482	0.10584
7	0.05400	0.01400	0.07506	0.06618	0.07711	0.01260	0.12334	0.08311	0.01698	0.02343	0.09721	0.07185	0.18873	0.01124	0.00798	0.00230	0.03036	0.03143	0.00508	0.00802
8	0.01662	0.13791	0.12802	0.01603	0.02144	0.11928	0.12310	0.02081	0.03815	0.04930	0.03450	0.10299	0.01590	0.00935	0.02382	0.00214	0.00847	0.00719	0.00416	0.12083
9	0.05067	0.10924	0.07658	0.03842	0.01988	0.05119	0.09819	0.08465	0.07056	0.02324	0.07020	0.14446	0.05593	0.01021	0.00686	0.00210	0.00697	0.00885	0.00494	0.06687
10	0.01692	0.03823	0.07585	0.22883	0.19422	0.10706	0.01680	0.06643	0.04452	0.02168	0.01299	0.01631	0.01024	0.00659	0.00641	0.00194	0.00851	0.00552	0.00373	0.11723
11	0.03331	0.01270	0.01356	0.01197	0.01479	0.08303	0.00925	0.04319	0.01479	0.02048	0.04177	0.22246	0.05900	0.01227	0.00923	0.00211	0.11735	0.03051	0.00488	0.24334
12	0.02095	0.07868	0.02043	0.09460	0.04800	0.09176	0.01322	0.28084	0.22453	0.03046	0.01804	0.01846	0.01354	0.00799	0.00661	0.00208	0.00757	0.00623	0.00569	0.01033
13	0.01118	0.00821	0.00947	0.00931	0.01062	0.00841	0.00642	0.04244	0.11104	0.01892	0.06637	0.17146	0.12624	0.26672	0.04459	0.05980	0.00577	0.01160	0.00545	0.00600
14	0.01265	0.00936	0.01495	0.06796	0.16982	0.00958	0.03510	0.01311	0.01159	0.01576	0.01650	0.02519	0.04483	0.11214	0.07874	0.33858	0.00785	0.00706	0.00344	0.00580
15	0.01883	0.35794	0.17354	0.01556	0.02185	0.04648	0.04974	0.15520	0.01775	0.02298	0.01169	0.01344	0.00942	0.00686	0.00663	0.00187	0.05210	0.00483	0.00375	0.00954
16	0.01164	0.00934	0.01230	0.10500	0.01700	0.01042	0.00955	0.01776	0.15636	0.02197	0.18083	0.16938	0.03275	0.02006	0.14036	0.00394	0.03103	0.01063	0.03237	0.00730
17	0.01091	0.00741	0.00906	0.00902	0.01080	0.00679	0.00660	0.03896	0.01666	0.07140	0.22739	0.30209	0.22335	0.01690	0.00818	0.00241	0.00391	0.01480	0.00684	0.00653
18	0.01854	0.01422	0.01826	0.04753	0.06929	0.01310	0.04569	0.15672	0.04052	0.09562	0.01512	0.01649	0.01147	0.00636	0.00602	0.00157	0.00638	0.00532	0.00502	0.40677
19	0.00977	0.00733	0.01100	0.01100	0.01222	0.00855	0.00855	0.01222	0.01100	0.01588	0.01833	0.02688	0.01710	0.05131	0.73245	0.01100	0.01833	0.00733	0.00367	0.00611
20	0.00977	0.00733	0.01100	0.01100	0.01222	0.00855	0.00855	0.01222	0.01100	0.01588	0.01833	0.02688	0.01710	0.05131	0.73245	0.01100	0.01833	0.00733	0.00367	0.00611
21	0.00864	0.00613	0.00810	0.00956	0.01000	0.00579	0.00648	0.00986	0.01302	0.01732	0.03632	0.65417	0.04324	0.08032	0.01087	0.00311	0.00433	0.06106	0.00617	0.00549
22	0.01419	0.01216	0.01419	0.01013	0.01621	0.00912	0.00811	0.01723	0.01419	0.02229	0.01216	0.01419	0.01013	0.00507	0.00507	0.00101	0.00507	0.00405	0.00405	0.80139
23	0.01209	0.00645	0.00645	0.00645	0.00815	0.00629	0.00484	0.01507	0.01452	0.02451	0.02897	0.03122	0.11616	0.00930	0.00525	0.00170	0.00323	0.00752	0.68553	0.00629
24	0.00946	0.00650	0.00770	0.00820	0.00846	0.00634	0.00505	0.00998	0.01127	0.01491	0.02855	0.24332	0.05976	0.49752	0.02557	0.00526	0.00575	0.03679	0.00493	0.00468
25	0.05156	0.01565	0.01853	0.11194	0.06461	0.01728	0.01296	0.39434	0.04775	0.05238	0.06368	0.02177	0.04469	0.01056	0.03928	0.00251	0.00760	0.00693	0.00596	0.01003
26	0.01188	0.00594	0.00891	0.00891	0.00891	0.00594	0.00594	0.00891	0.00891	0.01188	0.01188	0.02080	0.01188	0.02377	0.02674	0.80095	0.00594	0.00594	0.00297	0.00297
27	0.00845	0.00646	0.00764	0.00851	0.00968	0.00580	0.00596	0.00986	0.01399	0.01773	0.04902	0.41487	0.30527	0.06441	0.01009	0.00284	0.00403	0.04358	0.00622	0.00559
28	0.01414	0.01216	0.01442	0.03746	0.01737	0.00935	0.00851	0.01724	0.01417	0.02211	0.01216	0.01434	0.01010	0.00513	0.00513	0.00106	0.00522	0.00413	0.00402	0.77179
29	0.01863	0.04950	0.25697	0.01724	0.02322	0.16308	0.03905	0.14167	0.08234	0.02437	0.01673	0.01808	0.04645	0.00809	0.00781	0.00213	0.06488	0.00597	0.00430	0.00951
30	0.00977	0.00733	0.01100	0.01100	0.01222	0.00855	0.00855	0.01222	0.01100	0.01588	0.01833	0.02688	0.01710	0.05131	0.73245	0.01100	0.01833	0.00733	0.00367	0.00611
31	0.02193	0.06578	0.01921	0.01525	0.01965	0.19318	0.01213	0.23502	0.28943	0.02942	0.01902	0.01864	0.01437	0.00820	0.00658	0.00205	0.00787	0.00619	0.00584	0.01025
32	0.01302	0.00870	0.01135	0.08701	0.01481	0.00927	0.00826	0.09636	0.03256	0.01928	0.03901	0.13395	0.02146	0.13031	0.01795	0.26509	0.00608	0.03479	0.04505	0.00570
33	0.08517	0.01886	0.04549	0.02049	0.16903	0.08825	0.01405	0.30863	0.08143	0.03142	0.01688	0.01861	0.02996	0.03250	0.00750	0.00221	0.00773	0.00621	0.00533	0.01024
34	0.01586	0.05324	0.02613	0.03493	0.53867	0.01547	0.05748	0.01967	0.01554	0.02157	0.01885	0.02460	0.06954	0.00781	0.00701	0.00211	0.00779	0.05000	0.00380	0.00993
35	0.00969	0.00646	0.00794	0.00879	0.00931	0.00629	0.00591	0.01088	0.01240	0.01716	0.03011	0.34684	0.03433	0.28399	0.01773	0.00407	0.00510	0.08737	0.09041	0.00522
36	0.15819	0.00828	0.00948	0.00934	0.01102	0.00841	0.00691	0.01423	0.01276	0.07602	0.05554	0.10714	0.06580	0.17706	0.01657	0.14172	0.00556	0.10507	0.00512	0.00580
37	0.47704	0.01390	0.01487	0.10496	0.11771	0.01574	0.01128	0.09504	0.01486	0.02905	0.01163	0.01401	0.00900	0.00665	0.00523	0.00210	0.00633	0.00472	0.03753	0.00835
38	0.01829	0.76368	0.03585	0.01171	0.01756	0.02707	0.01171	0.02049	0.01390	0.01610	0.00951	0.01097	0.00878	0.00585	0.00439	0.00146	0.00732	0.00366	0.00293	0.00878
39	0.00909	0.00644	0.00799	0.00885	0.00968	0.00604	0.00612	0.01059	0.01374	0.01847	0.09950	0.40835	0.12675	0.13399	0.01249	0.00323	0.00438	0.06225	0.04650	0.00554
40	0.00898	0.00703	0.00819	0.00853	0.01020	0.00641	0.00626	0.01165	0.04387	0.02052	0.18794	0.25201	0.33928	0.01752	0.00828	0.00245	0.00376	0.04445	0.00661	0.00608
41	0.03046	0.01203	0.01611	0.01235	0.01766	0.01063	0.01021	0.06707	0.02022	0.68699	0.02645	0.02294	0.01666	0.00845	0.00688	0.00211	0.00591	0.00684	0.00838	0.01164
42	0.80789	0.01323	0.01006	0.00900	0.01323	0.01535	0.00741	0.02011	0.01164	0.03070	0.00953	0.01111	0.00741	0.00635	0.00423	0.00212	0.00529	0.00370	0.00423	0.00741
43	0.01113	0.00734	0.00853	0.00845	0.01065	0.00638	0.00634	0.01300	0.01576	0.10565	0.09109	0.20950	0.42136	0.01700	0.00813	0.00241	0.00396	0.04013	0.00668	0.00651
44	0.02362	0.01798	0.01919	0.01526	0.02031	0.02010	0.01243	0.51917	0.21097	0.03926	0.01946	0.01885	0.01409	0.00850	0.00688	0.00212	0.00697	0.00658	0.00688	0.01142
45	0.00845	0.00609	0.00800	0.00933	0.00992	0.00565	0.00631	0.00985	0.01378	0.01842	0.10054	0.66032	0.07688	0.02057	0.00864	0.00270	0.00388	0.01858	0.00646	0.00565
46	0.02876	0.01208	0.01582	0.01242	0.01751	0.01104	0.01016	0.03377	0.11656	0.62351	0.02711	0.02360	0.01749	0.00858	0.00689	0.00215	0.00576	0.00700	0.00825	0.01153
47	0.02629	0.01871	0.02025	0.01552	0.02099	0.02054	0.01282	0.65407	0.03140	0.08420	0.01707	0.01684	0.01196	0.00823	0.00685	0.00206	0.00742	0.00620	0.00694	0.01164
48	0.00995	0.00663	0.00746	0.00746	0.00746	0.00663	0.00415	0.00995	0.00995	0.01327	0.02156	0.04477	0.02487	0.75957	0.03482	0.00663	0.00663	0.00995	0.00415	0.00415
49	0.01615	0.01845	0.04037	0.02884	0.03576	0.01730	0.69204	0.02191	0.01615	0.02191	0.01384	0.01845	0.01038	0.00577	0.00807	0.00231	0.01153	0.00807	0.00346	0.00923
50	0.00823	0.00698	0.00713	0.00720	0.00948	0.00588	0.00548	0.01003	0.01560	0.01858	0.06772	0.06639	0.68170	0.01740	0.00815	0.00235	0.00360	0.04597	0.00635	0.00580
51	0.01419	0.01216	0.01419	0.01013	0.01621	0.00912	0.00811	0.01723	0.01419	0.02229	0.01216	0.01419	0.01013	0.00507	0.00507	0.00101	0.00507	0.00405	0.00405	0.80139
52	0.00843	0.00599	0.00791	0.00940	0.00977	0.00562	0.00622	0.00955	0.01291	0.01721	0.03673	0.71209	0.04402	0.06612	0.01031	0.00301	0.00413	0.01887	0.00622	0.00547
53	0.06329	0.01171	0.01563	0.01204	0.01729	0.01028	0.00994	0.03279	0.01925	0.69265	0.02626	0.02278	0.01654	0.00838	0.00677	0.00212	0.00580	0.00675	0.00829	0.01147
54	0.00895	0.00656	0.00855	0.00991	0.01086	0.00615	0.00732	0.01070	0.01410	0.01834	0.04182	0.49280	0.13852	0.02024	0.00881	0.00280	0.00446	0.17701	0.00634	0.00577
55	0.02601	0.01916	0.02053	0.01574	0.02122	0.02122	0.01300	0.69408	0.03217	0.04312	0.01643	0.01643	0.01163	0.00821	0.00684	0.00205	0.00753	0.00616	0.00684	0.01163
56	0.00959	0.00704	0.01010	0.01032	0.01127	0.00788	0.00766	0.01154	0.01116	0.01576	0.02149	0.13233	0.02211	0.14024	0.53822	0.00926	0.01475	0.00939	0.00411	0.00577
57	0.02683	0.01395	0.01683	0.01333	0.01837	0.01398	0.01087	0.18137	0.16366	0.42732	0.02481	0.02222	0.01657	0.00858	0.00689	0.00214	0.00612	0.00690	0.00779	0.01147
58	0.01702	0.01470	0.01547	0.01392	0.01779	0.01702	0.01083	0.03635	0.70453	0.02862	0.02785	0.02553	0.02088	0.00928	0.00696	0.00232	0.00541	0.00773	0.00696	0.01083

[dist]
# distance from previous block
# <min> <max>
0	1

[block]
# block no. 1 follows, 31 sequences, length 49
# corresponding to MSA columns:
# 177-225
name=unknown_B
#
# <colnr> <probs for GDERKNQSTAVLIFYWHMCP>
#	G	D	E	R	K	N	Q	S	T	A	V	L	I	F	Y	W	H	M	C	P
0	0.00898	0.00689	0.00832	0.00879	0.01041	0.00623	0.00668	0.01118	0.01596	0.02066	0.20653	0.21110	0.31213	0.01768	0.00844	0.00251	0.00397	0.12096	0.00662	0.00597
1	0.03070	0.01164	0.01588	0.01217	0.01746	0.01006	0.01006	0.03334	0.01958	0.72163	0.02699	0.02329	0.01694	0.00847	0.00688	0.00212	0.00582	0.00688	0.00847	0.01164
2	0.01497	0.01497	0.02095	0.01796	0.01796	0.02095	0.01497	0.01646	0.01048	0.01646	0.00898	0.01497	0.00898	0.01197	0.02245	0.00299	0.74704	0.00599	0.00299	0.00748
3	0.01016	0.00750	0.00956	0.00896	0.01072	0.00715	0.00674	0.01445	0.06436	0.02751	0.66827	0.04942	0.06169	0.01368	0.00800	0.00216	0.00337	0.01207	0.00749	0.00674
4	0.01563	0.06982	0.25673	0.01515	0.04705	0.01410	0.01513	0.08946	0.01618	0.02385	0.01250	0.01440	0.00973	0.00597	0.00575	0.00158	0.00729	0.00466	0.00385	0.37119
5	0.01419	0.01216	0.01419	0.01013	0.01621	0.00912	0.00811	0.01723	0.01419	0.02229	0.01216	0.01419	0.01013	0.00507	0.00507	0.00101	0.00507	0.00405	0.00405	0.80139
6	0.01024	0.00761	0.00971	0.01041	0.01156	0.00778	0.00748	0.05192	0.05943	0.01956	0.03369	0.50558	0.05910	0.02448	0.12530	0.00403	0.00663	0.03314	0.00598	0.00637
7	0.01717	0.00897	0.00983	0.00868	0.01138	0.00905	0.00680	0.08335	0.06217	0.13970	0.02289	0.02430	0.01711	0.00816	0.00546	0.00177	0.00416	0.00653	0.54452	0.00801
8	0.80789	0.01323	0.01006	0.00900	0.01323	0.01535	0.00741	0.02011	0.01164	0.03070	0.00953	0.01111	0.00741	0.00635	0.00423	0.00212	0.00529	0.00370	0.00423	0.00741
9	0.00834	0.00595	0.00794	0.00953	0.00992	0.00556	0.00635	0.00953	0.01310	0.01746	0.03771	0.75510	0.04525	0.02143	0.00873	0.00278	0.00397	0.01945	0.00635	0.00556
10	0.01242	0.01138	0.01222	0.01191	0.01350	0.11894	0.00910	0.01516	0.03410	0.01627	0.01762	0.02559	0.01638	0.08169	0.56104	0.00908	0.01637	0.00704	0.00377	0.00643
11	0.02737	0.01698	0.01918	0.01470	0.02013	0.01797	0.01215	0.50217	0.02851	0.24019	0.01949	0.01842	0.01317	0.00829	0.00685	0.00207	0.00703	0.00637	0.00732	0.01164
12	0.00834	0.00595	0.00794	0.00953	0.00992	0.00556	0.00635	0.00953	0.01310	0.01746	0.03771	0.75510	0.04525	0.02143	0.00873	0.00278	0.00397	0.01945	0.00635	0.00556
13	0.02381	0.01012	0.01367	0.01100	0.01509	0.00888	0.00888	0.02665	0.01951	0.49421	0.25182	0.03240	0.03253	0.01028	0.00727	0.00213	0.00497	0.00868	0.00816	0.00994
14	0.00959	0.00703	0.00777	0.00755	0.00927	0.00625	0.00534	0.01121	0.01508	0.04217	0.17864	0.05656	0.40164	0.19529	0.01449	0.00332	0.00426	0.01271	0.00611	0.00571
15	0.02058	0.01499	0.01657	0.01353	0.01834	0.01586	0.01083	0.19540	0.33682	0.12239	0.02238	0.02115	0.01634	0.00823	0.00662	0.00202	0.00593	0.00664	0.00666	0.13872
16	0.01419	0.01216	0.01419	0.01013	0.01621	0.00912	0.00811	0.01723	0.01419	0.02229	0.01216	0.01419	0.01013	0.00507	0.00507	0.00101	0.00507	0.00405	0.00405	0.80139
17	0.01115	0.00714	0.00841	0.00839	0.00916	0.00694	0.00534	0.01242	0.03475	0.06336	0.05371	0.17910	0.07479	0.46790	0.02433	0.00501	0.00570	0.01186	0.00522	0.00533
18	0.00917	0.00700	0.00830	0.00812	0.00990	0.00629	0.00609	0.01161	0.01710	0.02268	0.38206	0.05786	0.30919	0.06410	0.00990	0.00256	0.00372	0.05154	0.00679	0.00604
19	0.00977	0.00733	0.01100	0.01100	0.01222	0.00855	0.00855	0.01222	0.01100	0.01588	0.01833	0.02688	0.01710	0.05131	0.73245	0.01100	0.01833	0.00733	0.00367	0.00611
20	0.14590	0.01212	0.01470	0.01176	0.01661	0.01162	0.00961	0.03126	0.10318	0.51289	0.02434	0.02178	0.01600	0.00824	0.00643	0.00213	0.00562	0.00649	0.02856	0.01076
21	0.00859	0.00682	0.00771	0.00775	0.00962	0.00595	0.00571	0.01069	0.01638	0.02098	0.25441	0.14956	0.43788	0.01687	0.00816	0.00232	0.00346	0.01447	0.00670	0.00595
22	0.00950	0.00644	0.00759	0.00804	0.00815	0.00633	0.00476	0.00983	0.01083	0.01444	0.02607	0.24324	0.03057	0.55333	0.02753	0.00556	0.00589	0.01260	0.00476	0.00454
23	0.80789	0.01323	0.01006	0.00900	0.01323	0.01535	0.00741	0.02011	0.01164	0.03070	0.00953	0.01111	0.00741	0.00635	0.00423	0.00212	0.00529	0.00370	0.00423	0.00741
24	0.02542	0.01887	0.02020	0.01562	0.02099	0.02094	0.01286	0.65089	0.07632	0.04216	0.01718	0.01702	0.01224	0.00828	0.00685	0.00207	0.00739	0.00626	0.00685	0.01158
25	0.01016	0.00749	0.00956	0.00895	0.01071	0.00714	0.00674	0.01444	0.06398	0.02751	0.66865	0.04944	0.06171	0.01368	0.00800	0.00216	0.00337	0.01207	0.00749	0.00674
26	0.01419	0.01216	0.01419	0.01013	0.01621	0.00912	0.00811	0.01723	0.01419	0.02229	0.01216	0.01419	0.01013	0.00507	0.00507	0.00101	0.00507	0.00405	0.00405	0.80139
27	0.01602	0.01714	0.03313	0.04381	0.03086	0.01722	0.47872	0.02347	0.12660	0.02241	0.01556	0.01912	0.01191	0.00689	0.00903	0.00232	0.07581	0.00763	0.00399	0.03835
28	0.01102	0.00787	0.01102	0.01260	0.01417	0.00787	0.01102	0.01417	0.01575	0.02047	0.03622	0.07717	0.03937	0.01890	0.00945	0.00315	0.00630	0.67084	0.00630	0.00630
29	0.00845	0.00694	0.00743	0.00731	0.00946	0.00593	0.00548	0.01052	0.01645	0.02051	0.21552	0.06249	0.56663	0.01657	0.00808	0.00227	0.00341	0.01397	0.00662	0.00593
30	0.00959	0.00699	0.00902	0.00851	0.01016	0.00642	0.00638	0.01273	0.01915	0.02692	0.67631	0.05195	0.10184	0.01418	0.00807	0.00216	0.00324	0.01249	0.00746	0.00642
31	0.80789	0.01323	0.01006	0.00900	0.01323	0.01535	0.00741	0.02011	0.01164	0.03070	0.00953	0.01111	0.00741	0.00635	0.00423	0.00212	0.00529	0.00370	0.00423	0.00741
32	0.01419	0.01216	0.01419	0.01013	0.01621	0.00912	0.00811	0.01723	0.01419	0.02229	0.01216	0.01419	0.01013	0.00507	0.00507	0.00101	0.00507	0.00405	0.00405	0.80139
33	0.01411	0.03266	0.61377	0.02101	0.03060	0.01612	0.13289	0.02171	0.01472	0.02171	0.01253	0.01509	0.00894	0.00638	0.00675	0.00219	0.01034	0.00554	0.00298	0.00997
34	0.12897	0.01765	0.01832	0.01455	0.01960	0.01975	0.01191	0.49793	0.13794	0.03912	0.01735	0.01718	0.01256	0.00814	0.00651	0.00210	0.00689	0.00609	0.00651	0.01094
35	0.02730	0.01089	0.01479	0.01160	0.01630	0.00947	0.00947	0.03004	0.01955	0.60959	0.13775	0.02778	0.02462	0.00936	0.00707	0.00212	0.00540	0.00777	0.00832	0.01081
36	0.01061	0.00738	0.00807	0.00774	0.01022	0.00626	0.00586	0.01249	0.01607	0.09421	0.09779	0.10298	0.56294	0.01645	0.00800	0.00231	0.00374	0.01383	0.00664	0.00643
37	0.02601	0.01916	0.02053	0.01574	0.02122	0.02122	0.01300	0.69408	0.03217	0.04312	0.01643	0.01643	0.01163	0.00821	0.00684	0.00205	0.00753	0.00616	0.00684	0.01163
38	0.00834	0.00595	0.00794	0.00953	0.00992	0.00556	0.00635	0.00953	0.01310	0.01746	0.03771	0.75510	0.04525	0.02143	0.00873	0.00278	0.00397	0.01945	0.00635	0.00556
39	0.00952	0.00699	0.00892	0.00844	0.01012	0.00639	0.00633	0.01260	0.01899	0.02653	0.64853	0.05259	0.12987	0.01432	0.00807	0.00217	0.00325	0.01258	0.00741	0.00639
40	0.00957	0.00697	0.00904	0.00881	0.01038	0.00644	0.00665	0.01256	0.01847	0.02575	0.58389	0.10131	0.10399	0.01501	0.00820	0.00227	0.00348	0.05358	0.00730	0.00634
41	0.80789	0.01323	0.01006	0.00900	0.01323	0.01535	0.00741	0.02011	0.01164	0.03070	0.00953	0.01111	0.00741	0.00635	0.00423	0.00212	0.00529	0.00370	0.00423	0.00741
42	0.01615	0.01845	0.04037	0.02884	0.03576	0.01730	0.69204	0.02191	0.01615	0.02191	0.01384	0.01845	0.01038	0.00577	0.00807	0.00231	0.01153	0.00807	0.00346	0.00923
43	0.02781	0.01289	0.01610	0.01257	0.01757	0.01233	0.01031	0.15578	0.06382	0.50687	0.02477	0.02229	0.01623	0.00844	0.00674	0.00208	0.00594	0.00677	0.05945	0.01125
44	0.00985	0.00709	0.00813	0.00783	0.00974	0.00651	0.00589	0.01302	0.03673	0.02414	0.36549	0.05121	0.27442	0.01401	0.00751	0.00212	0.00336	0.01197	0.13462	0.00634
45	0.01475	0.17337	0.54816	0.01862	0.02771	0.01812	0.06610	0.02146	0.01445	0.02062	0.01185	0.01404	0.00880	0.00633	0.00620	0.00204	0.00967	0.00499	0.00293	0.00980
46	0.02225	0.01609	0.02104	0.07122	0.25661	0.06786	0.01498	0.14527	0.03860	0.20856	0.01801	0.03712	0.01344	0.00766	0.00678	0.00205	0.00753	0.00651	0.00552	0.03290
47	0.01122	0.00731	0.00964	0.08255	0.01376	0.00711	0.00750	0.01250	0.01372	0.06378	0.05279	0.24649	0.19144	0.03833	0.01166	0.13142	0.00488	0.03096	0.05709	0.00585
48	0.01808	0.01311	0.01675	0.07972	0.08244	0.01434	0.01224	0.17108	0.11697	0.10196	0.07588	0.07704	0.02217	0.01062	0.00830	0.00231	0.05779	0.06653	0.04340	0.00927

[dist]
# distance from previous block
# <min> <max>
0	9

[block]
# block no. 2 follows, 31 sequences, length 71
# corresponding to MSA columns:
# 235-305
name=unknown_C
#
# <colnr> <probs for GDERKNQSTAVLIFYWHMCP>
#	G	D	E	R	K	N	Q	S	T	A	V	L	I	F	Y	W	H	M	C	P
0	0.01937	0.28165	0.04717	0.01798	0.08468	0.23028	0.01419	0.02162	0.01487	0.01712	0.01009	0.01298	0.00903	0.00769	0.00946	0.00199	0.18352	0.00470	0.00316	0.00846
1	0.01636	0.11504	0.14218	0.01892	0.15303	0.03550	0.01467	0.07928	0.01608	0.02279	0.01306	0.03865	0.01105	0.00665	0.00629	0.00168	0.02548	0.00531	0.00386	0.27413
2	0.06255	0.10580	0.15563	0.03595	0.07902	0.11767	0.01549	0.19165	0.04187	0.04727	0.03422	0.01612	0.01188	0.00757	0.00715	0.00204	0.04834	0.00553	0.00454	0.00971
3	0.00873	0.00665	0.00812	0.00848	0.00990	0.00604	0.00611	0.01078	0.01573	0.02077	0.25382	0.28508	0.26516	0.01917	0.04080	0.00280	0.00422	0.01513	0.00659	0.00593
4	0.10458	0.14707	0.15474	0.01840	0.10457	0.05187	0.01557	0.23263	0.01976	0.02800	0.01263	0.01436	0.00977	0.00720	0.00694	0.00202	0.05043	0.00517	0.00438	0.00991
5	0.01698	0.01201	0.01479	0.05248	0.05062	0.01191	0.01013	0.10616	0.13553	0.12077	0.13620	0.09509	0.04633	0.01015	0.00696	0.00202	0.00545	0.00865	0.00626	0.15149
6	0.00952	0.00746	0.00879	0.00924	0.01102	0.00701	0.00706	0.01286	0.06579	0.02048	0.13465	0.21546	0.31330	0.01751	0.00839	0.00254	0.00419	0.13192	0.00654	0.00628
7	0.05645	0.20852	0.02189	0.01447	0.01838	0.24035	0.05030	0.05475	0.04075	0.02047	0.06251	0.06419	0.01888	0.00950	0.00647	0.00202	0.00839	0.08922	0.00445	0.00805
8	0.01087	0.00838	0.00922	0.00917	0.01142	0.00806	0.00679	0.01587	0.14681	0.05171	0.05139	0.23281	0.37897	0.01644	0.00798	0.00242	0.00407	0.01410	0.00656	0.00695
9	0.01841	0.01196	0.01339	0.01120	0.01462	0.01255	0.00891	0.24445	0.07860	0.09609	0.19105	0.02857	0.02734	0.00968	0.00665	0.00199	0.00507	0.00794	0.20254	0.00900
10	0.01617	0.00911	0.01138	0.01012	0.01303	0.00849	0.00789	0.03990	0.06637	0.21815	0.25957	0.10777	0.15482	0.01336	0.00773	0.00227	0.00444	0.03389	0.00738	0.00815
11	0.01099	0.00764	0.00958	0.00918	0.01113	0.00716	0.00701	0.01469	0.05516	0.06296	0.45260	0.10301	0.14930	0.01478	0.00809	0.00229	0.00378	0.05664	0.00722	0.00680
12	0.00853	0.00674	0.00769	0.00789	0.00963	0.00590	0.00575	0.01052	0.01600	0.02048	0.22215	0.20764	0.41206	0.01737	0.00822	0.00237	0.00351	0.01498	0.00664	0.00590
13	0.11765	0.01476	0.01532	0.01337	0.01754	0.01677	0.01057	0.09964	0.50565	0.07618	0.02436	0.02267	0.01802	0.00876	0.00660	0.00225	0.00564	0.00702	0.00671	0.01054
14	0.01040	0.00655	0.00728	0.00737	0.00769	0.00652	0.00439	0.01107	0.01096	0.01583	0.02258	0.07990	0.02458	0.57559	0.02765	0.00546	0.00583	0.00979	0.15591	0.00465
15	0.01072	0.00864	0.00935	0.00892	0.01138	0.00825	0.00681	0.06891	0.08323	0.02256	0.13676	0.11015	0.43611	0.01577	0.00797	0.00233	0.00409	0.03464	0.00659	0.00682
16	0.06137	0.01845	0.01979	0.01523	0.02064	0.02029	0.01258	0.62462	0.03050	0.08282	0.01674	0.01659	0.01176	0.00814	0.00673	0.00206	0.00733	0.00609	0.00682	0.01145
17	0.80789	0.01323	0.01006	0.00900	0.01323	0.01535	0.00741	0.02011	0.01164	0.03070	0.00953	0.01111	0.00741	0.00635	0.00423	0.00212	0.00529	0.00370	0.00423	0.00741
18	0.06138	0.00968	0.01163	0.01066	0.01333	0.00962	0.00816	0.05336	0.10037	0.17234	0.16922	0.18541	0.05433	0.06275	0.00938	0.00264	0.00492	0.04591	0.00687	0.00803
19	0.01040	0.00761	0.00862	0.00845	0.01027	0.00719	0.00611	0.01386	0.07872	0.04184	0.18612	0.13934	0.28857	0.11339	0.01139	0.00287	0.00413	0.01284	0.04193	0.00634
20	0.00850	0.00608	0.00809	0.00941	0.00996	0.00567	0.00636	0.00995	0.01388	0.01871	0.12213	0.66713	0.04766	0.02050	0.00865	0.00270	0.00388	0.01856	0.00650	0.00567
21	0.00913	0.00629	0.00770	0.00851	0.00871	0.00609	0.00526	0.00974	0.01154	0.01539	0.02972	0.40380	0.03517	0.38648	0.02163	0.00468	0.00529	0.01475	0.00526	0.00486
22	0.01338	0.00856	0.01005	0.00935	0.01131	0.00828	0.00671	0.05998	0.05592	0.10819	0.12644	0.15500	0.16023	0.21798	0.01519	0.00350	0.00505	0.01184	0.00624	0.00680
23	0.11369	0.01100	0.01218	0.01108	0.01370	0.01164	0.00863	0.18281	0.01785	0.06724	0.02341	0.10082	0.02317	0.18846	0.01368	0.00339	0.00615	0.13503	0.04856	0.00750
24	0.80789	0.01323	0.01006	0.00900	0.01323	0.01535	0.00741	0.02011	0.01164	0.03070	0.00953	0.01111	0.00741	0.00635	0.00423	0.00212	0.00529	0.00370	0.00423	0.00741
25	0.00985	0.00719	0.00824	0.00850	0.01030	0.00643	0.00615	0.03428	0.01549	0.05072	0.07007	0.32381	0.38794	0.01809	0.00823	0.00247	0.00390	0.01567	0.00649	0.00617
26	0.01190	0.00789	0.00912	0.00914	0.01036	0.00802	0.00646	0.07640	0.03111	0.02117	0.05031	0.21738	0.02959	0.24044	0.01562	0.00362	0.00514	0.06537	0.17488	0.00609
27	0.01292	0.01216	0.02052	0.74312	0.04712	0.01520	0.01900	0.01748	0.01368	0.01748	0.01216	0.01824	0.00912	0.00684	0.00684	0.00228	0.00912	0.00608	0.00304	0.00760
28	0.00906	0.00637	0.00792	0.00886	0.00931	0.00610	0.00583	0.01000	0.01233	0.01627	0.03387	0.42264	0.07748	0.27738	0.01780	0.00411	0.00502	0.05895	0.00558	0.00513
29	0.80789	0.01323	0.01006	0.00900	0.01323	0.01535	0.00741	0.02011	0.01164	0.03070	0.00953	0.01111	0.00741	0.00635	0.00423	0.00212	0.00529	0.00370	0.00423	0.00741
30	0.00994	0.00667	0.00765	0.00765	0.00772	0.00674	0.00439	0.01007	0.01001	0.01341	0.02138	0.04379	0.02445	0.72087	0.07294	0.00687	0.00727	0.00981	0.00412	0.00425
31	0.00829	0.00614	0.00775	0.00903	0.00979	0.00560	0.00613	0.00958	0.01358	0.01766	0.04375	0.62336	0.17309	0.02065	0.00861	0.00269	0.00387	0.01849	0.00635	0.00560
32	0.43986	0.29661	0.08445	0.01096	0.01634	0.01979	0.01064	0.02039	0.01274	0.02440	0.00977	0.01136	0.00804	0.00618	0.00450	0.00188	0.00649	0.00381	0.00362	0.00817
33	0.06777	0.02926	0.01908	0.01684	0.02073	0.57188	0.01287	0.14099	0.02116	0.02201	0.01152	0.01297	0.00922	0.00721	0.00618	0.00183	0.01114	0.00467	0.00413	0.00854
34	0.01343	0.00787	0.01005	0.00900	0.01144	0.00703	0.00693	0.01629	0.01876	0.15859	0.47247	0.04830	0.16604	0.01350	0.00784	0.00217	0.00376	0.01167	0.00751	0.00733
35	0.00829	0.00614	0.00775	0.00903	0.00979	0.00560	0.00613	0.00958	0.01358	0.01766	0.04375	0.62336	0.17309	0.02065	0.00861	0.00269	0.00387	0.01849	0.00635	0.00560
36	0.02598	0.01990	0.02047	0.01584	0.02121	0.06006	0.01302	0.65765	0.03147	0.04168	0.01611	0.01620	0.01148	0.00815	0.00681	0.00204	0.00779	0.00606	0.00666	0.01143
37	0.01477	0.01405	0.02386	0.42028	0.35553	0.01569	0.01992	0.01910	0.01455	0.01972	0.01249	0.01764	0.00991	0.00650	0.00681	0.00217	0.00866	0.00609	0.00320	0.00909
38	0.02953	0.01211	0.01606	0.01227	0.01761	0.01065	0.01012	0.07079	0.02002	0.64448	0.02558	0.02240	0.01626	0.00827	0.00678	0.00205	0.00588	0.00669	0.00813	0.05431
39	0.00864	0.00608	0.00785	0.00913	0.00945	0.00576	0.00593	0.00961	0.01250	0.01666	0.03462	0.61934	0.04135	0.16251	0.01372	0.00352	0.00448	0.01763	0.00593	0.00529
40	0.00834	0.00595	0.00794	0.00953	0.00992	0.00556	0.00635	0.00953	0.01310	0.01746	0.03771	0.75510	0.04525	0.02143	0.00873	0.00278	0.00397	0.01945	0.00635	0.00556
41	0.01353	0.01283	0.02145	0.61589	0.12922	0.01565	0.01903	0.01786	0.01374	0.01803	0.01207	0.01790	0.00933	0.00703	0.00768	0.00229	0.04931	0.00608	0.00308	0.00800
42	0.76564	0.01355	0.01062	0.00936	0.01366	0.01566	0.00771	0.05653	0.01275	0.03137	0.00990	0.01140	0.00764	0.00645	0.00437	0.00211	0.00541	0.00384	0.00437	0.00764
43	0.00995	0.00663	0.00746	0.00746	0.00746	0.00663	0.00415	0.00995	0.00995	0.01327	0.02156	0.04477	0.02487	0.75957	0.03482	0.00663	0.00663	0.00995	0.00415	0.00415
44	0.00920	0.00790	0.00800	0.00780	0.01031	0.00718	0.00590	0.01313	0.10169	0.01975	0.06413	0.06080	0.62748	0.01632	0.00795	0.00231	0.00371	0.01360	0.00643	0.00641
45	0.06733	0.01769	0.01874	0.01459	0.01954	0.01956	0.01191	0.59507	0.02913	0.04002	0.01653	0.01824	0.01243	0.05782	0.00850	0.00235	0.00724	0.00628	0.02625	0.01078
46	0.09851	0.01601	0.01796	0.01389	0.01919	0.01681	0.01147	0.40334	0.02593	0.27782	0.01947	0.01833	0.01309	0.00813	0.00662	0.00208	0.00673	0.00619	0.00717	0.01125
47	0.00928	0.00679	0.00871	0.00863	0.01007	0.00622	0.00632	0.01198	0.01782	0.02470	0.52459	0.18702	0.12095	0.01572	0.00820	0.00229	0.00339	0.01392	0.00720	0.00622
48	0.62426	0.01319	0.01164	0.00991	0.01440	0.01460	0.00817	0.05288	0.01408	0.16331	0.01317	0.01368	0.00942	0.00684	0.00486	0.00211	0.00549	0.00442	0.00516	0.00841
49	0.05197	0.00677	0.00798	0.00859	0.00961	0.00644	0.00586	0.01071	0.01379	0.01907	0.13668	0.37973	0.15027	0.14547	0.01276	0.00324	0.00431	0.01513	0.00603	0.00558
50	0.00967	0.00705	0.00913	0.00877	0.01042	0.00651	0.00668	0.01280	0.01889	0.02641	0.62811	0.05375	0.10361	0.01452	0.00816	0.00223	0.00345	0.05607	0.00738	0.00640
51	0.01102	0.00787	0.01102	0.01260	0.01417	0.00787	0.01102	0.01417	0.01575	0.02047	0.03622	0.07717	0.03937	0.01890	0.00945	0.00315	0.00630	0.67084	0.00630	0.00630
52	0.00868	0.00677	0.00787	0.00800	0.00970	0.00596	0.00584	0.01081	0.01640	0.02133	0.28179	0.19258	0.36585	0.01698	0.00820	0.00235	0.00348	0.01470	0.00675	0.00596
53	0.00826	0.00678	0.00727	0.00747	0.00943	0.00580	0.00548	0.01003	0.01551	0.01906	0.11708	0.17246	0.55630	0.01770	0.00819	0.00237	0.00352	0.01505	0.00645	0.00580
54	0.02216	0.12853	0.02060	0.01571	0.01971	0.41343	0.01233	0.04717	0.21203	0.02072	0.01545	0.01598	0.01229	0.00754	0.00616	0.00189	0.00956	0.00529	0.00450	0.00897
55	0.02412	0.02153	0.15455	0.01611	0.02245	0.01910	0.01506	0.50071	0.02754	0.10561	0.01667	0.01672	0.01159	0.00791	0.00678	0.00208	0.00785	0.00602	0.00625	0.01134
56	0.00849	0.00606	0.00812	0.00970	0.01017	0.00569	0.00662	0.00979	0.01325	0.01764	0.03762	0.71622	0.04491	0.02129	0.00877	0.00280	0.00410	0.05680	0.00635	0.00560
57	0.00844	0.00673	0.00756	0.00781	0.00957	0.00585	0.00568	0.01032	0.01574	0.01991	0.18106	0.21529	0.44669	0.01762	0.00823	0.00238	0.00353	0.01516	0.00657	0.00585
58	0.01953	0.01606	0.01630	0.01327	0.01788	0.07203	0.01057	0.24782	0.18820	0.05109	0.06237	0.02339	0.06340	0.00873	0.00663	0.00192	0.00636	0.00693	0.00613	0.16140
59	0.01403	0.03327	0.63867	0.02067	0.03038	0.01607	0.10860	0.02170	0.01466	0.02170	0.01247	0.01495	0.00888	0.00641	0.00670	0.00218	0.01029	0.00543	0.00296	0.01000
60	0.00853	0.00608	0.00809	0.00963	0.01008	0.00571	0.00654	0.00979	0.01315	0.01750	0.03714	0.69717	0.04432	0.04343	0.00955	0.00291	0.00417	0.05436	0.00628	0.00555
61	0.01666	0.01655	0.02996	0.06017	0.56693	0.01642	0.14919	0.02107	0.01563	0.02212	0.01303	0.01726	0.01070	0.00605	0.00702	0.00209	0.00881	0.00647	0.00339	0.01043
62	0.00830	0.00608	0.00781	0.00920	0.00984	0.00558	0.00621	0.00956	0.01341	0.01759	0.04166	0.66897	0.12883	0.02092	0.00865	0.00272	0.00391	0.01882	0.00635	0.00558
63	0.06250	0.24814	0.12588	0.01824	0.09816	0.20822	0.01511	0.04281	0.03224	0.01970	0.01117	0.01330	0.00932	0.00691	0.00686	0.00189	0.06253	0.00467	0.00342	0.00894
64	0.01680	0.19925	0.02775	0.02962	0.41942	0.01897	0.01708	0.02003	0.01446	0.02025	0.01207	0.01569	0.01046	0.00687	0.00804	0.00199	0.09995	0.00550	0.04613	0.00967
65	0.01037	0.00778	0.01059	0.10147	0.03869	0.00769	0.00813	0.01271	0.01541	0.03852	0.25435	0.20962	0.13534	0.10524	0.01124	0.00287	0.00482	0.01286	0.00600	0.00630
66	0.00973	0.00724	0.00953	0.01036	0.01132	0.00753	0.00746	0.01293	0.07524	0.01803	0.03104	0.42763	0.03461	0.07008	0.18743	0.00500	0.00792	0.05518	0.00562	0.00613
67	0.01695	0.01496	0.11005	0.06764	0.16495	0.01181	0.05441	0.02077	0.01608	0.17015	0.07351	0.10131	0.05729	0.00941	0.00706	0.00211	0.00683	0.00839	0.00523	0.08110
68	0.04101	0.28840	0.14594	0.01650	0.02277	0.02048	0.13404	0.08600	0.11254	0.02286	0.01588	0.01720	0.03378	0.00703	0.00610	0.00195	0.00810	0.00583	0.00410	0.00950
69	0.01992	0.01461	0.06231	0.03679	0.06014	0.05120	0.01166	0.09608	0.12463	0.22323	0.06573	0.13672	0.04522	0.01077	0.00721	0.00224	0.00630	0.00911	0.00651	0.00962
70	0.01446	0.08888	0.03595	0.01385	0.05556	0.01166	0.07133	0.01760	0.01481	0.04531	0.06217	0.10974	0.01824	0.00805	0.00612	0.00159	0.00594	0.00708	0.00449	0.40715

[dist]
# distance from previous block
# <min> <max>
0	3

[block]
# block no. 3 follows, 31 sequences, length 53
# corresponding to MSA columns:
# 309-361
name=unknown_D
#
# <colnr> <probs for GDERKNQSTAVLIFYWHMCP>
#	G	D	E	R	K	N	Q	S	T	A	V	L	I	F	Y	W	H	M	C	P
0	0.24213	0.04456	0.19342	0.04431	0.10934	0.06469	0.09351	0.02057	0.01473	0.02422	0.07545	0.01748	0.01390	0.00703	0.00613	0.00210	0.00805	0.00576	0.00388	0.00871
1	0.01664	0.01402	0.01953	0.01661	0.01739	0.01861	0.01378	0.01839	0.01223	0.10755	0.05744	0.01840	0.01364	0.01166	0.01951	0.00283	0.60331	0.00652	0.00399	0.00795
2	0.16477	0.00884	0.01104	0.01066	0.01234	0.01041	0.00834	0.01400	0.01115	0.01897	0.01639	0.02405	0.01519	0.07680	0.48812	0.00826	0.05671	0.00666	0.03097	0.00634
3	0.01717	0.05182	0.02115	0.01709	0.01850	0.05659	0.01420	0.10319	0.06154	0.02063	0.01131	0.01556	0.01011	0.01078	0.01777	0.00270	0.53187	0.00594	0.00377	0.00832
4	0.02143	0.01443	0.01614	0.01369	0.01809	0.01575	0.01088	0.10898	0.45859	0.20317	0.02636	0.02395	0.01887	0.00896	0.00693	0.00224	0.00575	0.00735	0.00732	0.01112
5	0.01838	0.01246	0.01486	0.01103	0.01677	0.01028	0.00889	0.04524	0.06347	0.17559	0.01661	0.01702	0.01240	0.00620	0.00565	0.00138	0.00534	0.00499	0.00531	0.54812
6	0.01022	0.00653	0.00810	0.00814	0.00834	0.00656	0.00502	0.01006	0.01057	0.01428	0.06494	0.07306	0.02540	0.48946	0.07408	0.16028	0.00689	0.00962	0.00421	0.00426
7	0.04274	0.19223	0.36618	0.01916	0.04307	0.01812	0.14406	0.02077	0.01450	0.02059	0.01314	0.05141	0.01085	0.00695	0.00636	0.00206	0.00923	0.00600	0.00324	0.00935
8	0.01693	0.01626	0.02777	0.04199	0.71689	0.01626	0.02100	0.02100	0.01558	0.02235	0.01287	0.01693	0.01084	0.00610	0.00677	0.00203	0.00813	0.00610	0.00339	0.01084
9	0.00950	0.00694	0.00806	0.00798	0.00970	0.00618	0.00577	0.01147	0.01598	0.04229	0.25558	0.14394	0.33992	0.09295	0.01088	0.00276	0.00385	0.01374	0.00655	0.00597
10	0.01246	0.01108	0.01482	0.03672	0.08211	0.05898	0.06855	0.04662	0.01645	0.02157	0.14966	0.28371	0.07831	0.01478	0.00808	0.00244	0.00597	0.07481	0.00575	0.00713
11	0.00995	0.00663	0.00746	0.00746	0.00746	0.00663	0.00415	0.00995	0.00995	0.01327	0.02156	0.04477	0.02487	0.75957	0.03482	0.00663	0.00663	0.00995	0.00415	0.00415
12	0.00981	0.00666	0.00825	0.00892	0.01024	0.00597	0.00628	0.01137	0.01460	0.06448	0.08598	0.47177	0.23240	0.01899	0.00839	0.00257	0.00391	0.01680	0.00656	0.00607
13	0.00871	0.00651	0.00777	0.00837	0.00960	0.00587	0.00589	0.01008	0.01435	0.01840	0.11531	0.32984	0.29761	0.06155	0.01084	0.04270	0.00401	0.03088	0.00617	0.00554
14	0.01700	0.10582	0.13891	0.09870	0.41215	0.04493	0.01975	0.02138	0.01531	0.04472	0.01271	0.01601	0.01022	0.00632	0.00644	0.00200	0.00853	0.00561	0.00340	0.01009
15	0.01174	0.01049	0.01204	0.01182	0.01333	0.09891	0.00913	0.01410	0.01204	0.01599	0.01736	0.02506	0.01607	0.04578	0.64175	0.00984	0.01758	0.00696	0.00365	0.00634
16	0.27279	0.01214	0.01406	0.01118	0.01615	0.01170	0.00923	0.02922	0.01711	0.50640	0.02155	0.01949	0.01397	0.00781	0.00606	0.00212	0.00566	0.00589	0.00715	0.01032
17	0.01428	0.01230	0.01558	0.10225	0.02034	0.01040	0.02812	0.04066	0.01459	0.02196	0.01282	0.01642	0.01080	0.04317	0.00692	0.00152	0.00591	0.00478	0.00401	0.61315
18	0.02011	0.04298	0.27460	0.02007	0.09856	0.04066	0.07280	0.08669	0.04125	0.18978	0.01665	0.01755	0.01171	0.00727	0.00716	0.00214	0.02873	0.00600	0.00484	0.01046
19	0.02129	0.02577	0.02121	0.01831	0.02146	0.46945	0.09149	0.02354	0.01683	0.01721	0.01149	0.01490	0.00985	0.01209	0.08181	0.00294	0.12373	0.00536	0.00345	0.00783
20	0.01350	0.00857	0.01188	0.01112	0.01302	0.00934	0.00861	0.05935	0.01344	0.10792	0.02002	0.04361	0.01802	0.10252	0.51637	0.00872	0.01470	0.00769	0.00459	0.00700
21	0.01663	0.09279	0.02226	0.01729	0.01832	0.11039	0.01442	0.01823	0.01194	0.01646	0.00923	0.01424	0.00894	0.01074	0.01859	0.00269	0.58058	0.00555	0.00305	0.00767
22	0.05976	0.01220	0.01741	0.05603	0.24533	0.01212	0.01291	0.06367	0.01614	0.04237	0.07987	0.09703	0.05704	0.01245	0.05248	0.00264	0.00701	0.04108	0.00484	0.10762
23	0.01432	0.01106	0.01298	0.00973	0.01459	0.00869	0.00745	0.01675	0.01368	0.06090	0.01484	0.02064	0.01338	0.15140	0.01093	0.00217	0.00541	0.00536	0.00433	0.60140
24	0.01876	0.01556	0.01645	0.01427	0.01845	0.01783	0.01125	0.16374	0.57430	0.03143	0.02563	0.02376	0.01909	0.00907	0.00694	0.00227	0.00582	0.00743	0.00694	0.01098
25	0.02461	0.01150	0.01481	0.01213	0.01651	0.01083	0.00989	0.05299	0.11693	0.46464	0.11309	0.03055	0.02480	0.00998	0.00722	0.00222	0.00553	0.05334	0.00793	0.01051
26	0.01144	0.00887	0.01200	0.01468	0.14696	0.00816	0.00886	0.01378	0.01587	0.06037	0.15386	0.14903	0.31388	0.04063	0.00879	0.00244	0.00465	0.01262	0.00601	0.00711
27	0.00860	0.00616	0.00795	0.00911	0.00967	0.00575	0.00609	0.00988	0.01347	0.01799	0.09789	0.58793	0.07843	0.09326	0.01121	0.00308	0.00414	0.01763	0.00624	0.00551
28	0.02601	0.01916	0.02053	0.01574	0.02122	0.02122	0.01300	0.69408	0.03217	0.04312	0.01643	0.01643	0.01163	0.00821	0.00684	0.00205	0.00753	0.00616	0.00684	0.01163
29	0.12985	0.00805	0.00941	0.00929	0.01104	0.00791	0.00666	0.01482	0.01441	0.10991	0.15858	0.30854	0.03661	0.12998	0.01173	0.00307	0.00467	0.01271	0.00619	0.00656
30	0.01714	0.01002	0.01174	0.01006	0.01329	0.00974	0.00795	0.11114	0.05613	0.18442	0.17168	0.03773	0.17786	0.01261	0.02691	0.00234	0.00498	0.00952	0.11634	0.00840
31	0.02108	0.01025	0.01208	0.01004	0.01356	0.00999	0.00803	0.11070	0.04097	0.28335	0.04760	0.02441	0.01830	0.00844	0.00600	0.00189	0.00479	0.00679	0.35258	0.00914
32	0.00958	0.00657	0.00748	0.00768	0.00793	0.00642	0.00452	0.00988	0.01083	0.01425	0.02771	0.13762	0.08637	0.60154	0.02919	0.00577	0.00602	0.01155	0.00462	0.00447
33	0.08559	0.01108	0.01185	0.01043	0.01349	0.01151	0.00808	0.17115	0.08296	0.05449	0.12621	0.09652	0.19518	0.05501	0.00877	0.00247	0.00501	0.01029	0.03192	0.00796
34	0.00981	0.00760	0.00820	0.00794	0.01021	0.00683	0.00593	0.01292	0.06365	0.04509	0.15209	0.08030	0.50292	0.04493	0.00902	0.00246	0.00379	0.01340	0.00655	0.00636
35	0.00840	0.00598	0.00792	0.00945	0.00983	0.00560	0.00627	0.00954	0.01298	0.01730	0.03708	0.72752	0.04446	0.05009	0.00975	0.00293	0.00407	0.01908	0.00627	0.00550
36	0.00982	0.00708	0.00914	0.01010	0.01121	0.00688	0.00779	0.01176	0.01400	0.01825	0.05704	0.20566	0.12015	0.16460	0.03932	0.00390	0.00587	0.28592	0.00584	0.00566
37	0.03931	0.01006	0.01155	0.01076	0.01320	0.01032	0.00813	0.11203	0.10975	0.08051	0.09597	0.21097	0.10786	0.09651	0.01072	0.00288	0.00516	0.05018	0.00647	0.00766
38	0.01340	0.00967	0.01120	0.01077	0.01316	0.00985	0.00840	0.11590	0.09680	0.04534	0.09475	0.20326	0.15204	0.01503	0.00787	0.00244	0.00488	0.11664	0.06108	0.00753
39	0.01454	0.01381	0.02345	0.45999	0.31759	0.01563	0.01981	0.01890	0.01445	0.01945	0.01245	0.01771	0.00981	0.00654	0.00681	0.00218	0.00872	0.00609	0.00318	0.00891
40	0.01104	0.00831	0.01180	0.01103	0.01288	0.00857	0.04594	0.01382	0.03700	0.05324	0.07093	0.14481	0.15840	0.06867	0.28303	0.00589	0.03201	0.01094	0.00515	0.00653
41	0.01197	0.00763	0.00952	0.00964	0.01112	0.00732	0.00694	0.03524	0.03964	0.08536	0.13621	0.33922	0.07550	0.11321	0.01159	0.00304	0.00462	0.05156	0.03413	0.00653
42	0.01693	0.01626	0.02777	0.04199	0.71689	0.01626	0.02100	0.02100	0.01558	0.02235	0.01287	0.01693	0.01084	0.00610	0.00677	0.00203	0.00813	0.00610	0.00339	0.01084
43	0.01626	0.01557	0.02655	0.15996	0.60419	0.01608	0.02066	0.02040	0.01526	0.02153	0.01275	0.01715	0.01055	0.00622	0.00678	0.00207	0.00829	0.00609	0.00333	0.01029
44	0.01435	0.01258	0.02069	0.25163	0.28903	0.01387	0.01666	0.01809	0.01427	0.04440	0.04913	0.02114	0.01436	0.01575	0.14791	0.00388	0.03328	0.00667	0.00371	0.00861
45	0.00884	0.00622	0.00833	0.00967	0.01015	0.00598	0.00664	0.01002	0.01280	0.01710	0.03448	0.59086	0.04065	0.07386	0.05345	0.03090	0.00522	0.06345	0.00592	0.00546
46	0.05076	0.01171	0.01346	0.01279	0.01578	0.01259	0.01060	0.16361	0.15249	0.02731	0.04927	0.06788	0.07588	0.01402	0.00803	0.00261	0.00601	0.29040	0.00649	0.00831
47	0.01762	0.01664	0.07054	0.11577	0.32036	0.04070	0.01737	0.03730	0.08925	0.09178	0.01739	0.01985	0.03653	0.00776	0.00814	0.00219	0.07004	0.00650	0.00435	0.00993
48	0.01426	0.01343	0.02257	0.40740	0.29583	0.01527	0.01889	0.01840	0.01412	0.01917	0.01279	0.01829	0.01034	0.00991	0.05964	0.00283	0.02878	0.00617	0.00321	0.00871
49	0.01197	0.01015	0.01432	0.08516	0.04916	0.01240	0.01059	0.01380	0.01133	0.01625	0.01758	0.02814	0.04012	0.21412	0.19625	0.00571	0.21819	0.00766	0.03073	0.00636
50	0.19598	0.01439	0.02165	0.23624	0.36383	0.01574	0.01733	0.01978	0.01414	0.02285	0.01190	0.01598	0.00956	0.00637	0.00621	0.00212	0.00777	0.00555	0.00348	0.00912
51	0.03689	0.01064	0.01326	0.03631	0.05765	0.03201	0.00902	0.15821	0.01491	0.02013	0.01317	0.01986	0.01192	0.04350	0.01964	0.48042	0.00672	0.00604	0.00392	0.00578
52	0.01490	0.00972	0.01241	0.01238	0.06152	0.00909	0.00865	0.01941	0.10228	0.15050	0.14829	0.20071	0.11650	0.01307	0.00748	0.00221	0.00470	0.01140	0.00658	0.08821

[dist]
# distance from previous block
# <min> <max>
0	2

[block]
# block no. 4 follows, 31 sequences, length 39
# corresponding to MSA columns:
# 364-402
name=unknown_E
#
# <colnr> <probs for GDERKNQSTAVLIFYWHMCP>
#	G	D	E	R	K	N	Q	S	T	A	V	L	I	F	Y	W	H	M	C	P
0	0.01074	0.00818	0.00979	0.06315	0.01346	0.00781	0.00733	0.01466	0.07273	0.05421	0.27789	0.05210	0.35372	0.01436	0.00784	0.00225	0.00407	0.01223	0.00665	0.00682
1	0.00967	0.00658	0.00748	0.00764	0.00782	0.00647	0.00444	0.00990	0.01062	0.01401	0.02611	0.11962	0.06850	0.63840	0.03051	0.00597	0.00617	0.01120	0.00451	0.00439
2	0.00945	0.00671	0.00798	0.00798	0.00883	0.00635	0.00525	0.01082	0.01399	0.01886	0.24797	0.12621	0.12764	0.34943	0.02013	0.00425	0.00486	0.01231	0.00574	0.00524
3	0.01419	0.01216	0.01419	0.01013	0.01621	0.00912	0.00811	0.01723	0.01419	0.02229	0.01216	0.01419	0.01013	0.00507	0.00507	0.00101	0.00507	0.00405	0.00405	0.80139
4	0.01612	0.41789	0.36263	0.01541	0.02328	0.02176	0.01815	0.02105	0.01416	0.01874	0.01082	0.01262	0.00873	0.00616	0.00539	0.00180	0.00864	0.00432	0.00291	0.00941
