[name]
unknown

[dist]
# distance from previous block
# <min> <max>
0	61

[block]
# block no. 0 follows, 34 sequences, length 40
# corresponding to MSA columns:
# 70-109
name=unknown_A
#
# <colnr> <probs for GDERKNQSTAVLIFYWHMCP>
#	G	D	E	R	K	N	Q	S	T	A	V	L	I	F	Y	W	H	M	C	P
0	0.01528	0.10927	0.07871	0.03979	0.14926	0.03341	0.01248	0.11431	0.04718	0.04978	0.06631	0.07422	0.12026	0.00966	0.00654	0.00199	0.00631	0.03538	0.00482	0.02502
1	0.01207	0.03250	0.01116	0.00923	0.01219	0.00836	0.00706	0.06859	0.01502	0.04463	0.08939	0.17863	0.15078	0.05042	0.00873	0.03420	0.00458	0.03030	0.00527	0.22690
2	0.06028	0.01339	0.01600	0.01228	0.01715	0.04148	0.05909	0.15224	0.01739	0.10207	0.03904	0.03541	0.01333	0.00918	0.05026	0.00207	0.00670	0.00558	0.00488	0.34218
3	0.06093	0.07058	0.07445	0.01264	0.03808	0.06231	0.01047	0.12479	0.07398	0.07338	0.01494	0.01819	0.01229	0.09639	0.00874	0.00216	0.00648	0.00537	0.00455	0.22928
4	0.13063	0.04647	0.01614	0.01251	0.01701	0.14403	0.01012	0.19105	0.04052	0.22066	0.01859	0.01808	0.04571	0.00757	0.00590	0.00186	0.00681	0.00561	0.00568	0.05506
5	0.16405	0.06237	0.12083	0.01686	0.10230	0.06281	0.06680	0.09172	0.07353	0.02402	0.01385	0.05229	0.01149	0.00694	0.00577	0.00187	0.00710	0.00564	0.00410	0.10568
6	0.11735	0.17258	0.10132	0.01399	0.05082	0.03280	0.05829	0.04802	0.09789	0.07580	0.01959	0.06670	0.07036	0.00812	0.00585	0.00191	0.00649	0.00657	0.00448	0.04106
7	0.00963	0.00809	0.00947	0.01041	0.05602	0.03390	0.00690	0.01148	0.01425	0.01866	0.14124	0.30399	0.22824	0.04084	0.00832	0.00232	0.00423	0.01323	0.00563	0.07315
8	0.05211	0.35551	0.02483	0.01306	0.01795	0.16960	0.01136	0.19555	0.03867	0.02285	0.01142	0.01243	0.00930	0.00641	0.00516	0.00161	0.00773	0.00432	0.00401	0.03615
9	0.01548	0.01798	0.15479	0.12600	0.29058	0.04137	0.05268	0.06084	0.01563	0.04956	0.04559	0.01901	0.04112	0.00687	0.00646	0.00197	0.00787	0.00615	0.00376	0.03630
10	0.01637	0.04585	0.06689	0.28527	0.24249	0.01551	0.01694	0.12301	0.01639	0.06494	0.01322	0.01664	0.01010	0.00780	0.02960	0.00226	0.00818	0.00569	0.00382	0.00905
11	0.01382	0.15143	0.12190	0.01206	0.01637	0.01368	0.03898	0.02039	0.17165	0.06163	0.09461	0.05210	0.13419	0.03184	0.03546	0.00243	0.00630	0.00804	0.00503	0.00810
12	0.00796	0.00655	0.00694	0.00689	0.00882	0.00567	0.00509	0.00967	0.01459	0.01791	0.12858	0.05809	0.58944	0.06536	0.03751	0.00274	0.00398	0.01291	0.00588	0.00543
13	0.00926	0.00680	0.00974	0.00974	0.01067	0.00773	0.00727	0.01112	0.01019	0.01452	0.01790	0.02866	0.01757	0.18883	0.60889	0.00959	0.01517	0.00740	0.00355	0.00541
14	0.01360	0.01355	0.02490	0.45765	0.17134	0.01499	0.17442	0.01808	0.01378	0.01832	0.01197	0.01704	0.00919	0.00610	0.00671	0.00212	0.00895	0.00617	0.00302	0.00810
15	0.01909	0.02202	0.01553	0.01433	0.01693	0.46451	0.01085	0.04616	0.01593	0.01629	0.01246	0.01629	0.01092	0.02003	0.23112	0.03912	0.01294	0.00512	0.00346	0.00690
16	0.01220	0.01148	0.01938	0.75739	0.04450	0.01436	0.01794	0.01651	0.01292	0.01651	0.01148	0.01723	0.00861	0.00646	0.00646	0.00215	0.00861	0.00574	0.00287	0.00718
17	0.01094	0.00951	0.03962	0.05969	0.01480	0.01020	0.00949	0.03987	0.06340	0.01747	0.05285	0.02610	0.01795	0.10757	0.43767	0.00734	0.05802	0.00716	0.00392	0.00643
18	0.02414	0.03079	0.01831	0.01665	0.01998	0.74698	0.01248	0.02580	0.01831	0.01581	0.00999	0.01165	0.00832	0.00666	0.00583	0.00166	0.01165	0.00416	0.00333	0.00749
19	0.01120	0.00957	0.01247	0.01171	0.01270	0.03973	0.00917	0.01360	0.03010	0.01595	0.03800	0.02421	0.01619	0.08803	0.43521	0.00727	0.18117	0.00684	0.03074	0.00613
20	0.77128	0.01241	0.00983	0.00868	0.01274	0.01420	0.00715	0.01974	0.01145	0.07139	0.00998	0.01118	0.00754	0.00612	0.00415	0.00200	0.00503	0.00368	0.00424	0.00724
21	0.00914	0.00660	0.00864	0.00813	0.00965	0.00610	0.00610	0.01219	0.01829	0.02591	0.72921	0.04827	0.06097	0.01321	0.00762	0.00203	0.00305	0.01169	0.00711	0.00610
22	0.02414	0.03079	0.01831	0.01665	0.01998	0.74698	0.01248	0.02580	0.01831	0.01581	0.00999	0.01165	0.00832	0.00666	0.00583	0.00166	0.01165	0.00416	0.00333	0.00749
23	0.00833	0.00581	0.00736	0.00842	0.00868	0.00555	0.00538	0.00912	0.01149	0.01531	0.03107	0.55245	0.03701	0.24431	0.01558	0.00371	0.00450	0.01570	0.00538	0.00485
24	0.81856	0.01250	0.00950	0.00850	0.01250	0.01449	0.00700	0.01899	0.01100	0.02899	0.00900	0.01050	0.00700	0.00600	0.00400	0.00200	0.00500	0.00350	0.00400	0.00700
25	0.10165	0.01633	0.01768	0.01367	0.01870	0.01768	0.01129	0.52720	0.02646	0.15984	0.01661	0.01615	0.01147	0.00763	0.00623	0.00196	0.00663	0.00571	0.00649	0.01061
26	0.00882	0.00586	0.00752	0.00876	0.00943	0.00558	0.00616	0.01044	0.01281	0.01805	0.03301	0.57697	0.03777	0.01786	0.00768	0.00247	0.00383	0.07905	0.14249	0.00545
27	0.00940	0.00626	0.00705	0.00705	0.00705	0.00626	0.00392	0.00940	0.00940	0.01253	0.02036	0.04228	0.02349	0.77292	0.03289	0.00626	0.00626	0.00940	0.00392	0.00392
28	0.00901	0.00656	0.00847	0.00808	0.00959	0.00602	0.00603	0.01189	0.01783	0.02503	0.66192	0.08000	0.09797	0.01369	0.00765	0.00207	0.00309	0.01208	0.00700	0.00602
29	0.00916	0.00766	0.01101	0.01113	0.01224	0.03041	0.07885	0.01075	0.01286	0.01691	0.03245	0.66659	0.03822	0.01827	0.00810	0.00255	0.00474	0.01680	0.00563	0.00568
30	0.01296	0.03342	0.73944	0.01842	0.02797	0.01501	0.02387	0.02046	0.01364	0.02046	0.01160	0.01364	0.00818	0.00614	0.00614	0.00205	0.00955	0.00477	0.00273	0.00955
31	0.01847	0.01737	0.04547	0.04449	0.20893	0.08169	0.05816	0.22709	0.01940	0.02631	0.01284	0.01494	0.01000	0.00624	0.00609	0.00172	0.00754	0.00530	0.00431	0.18365
32	0.01070	0.00596	0.00894	0.00894	0.00924	0.00626	0.00626	0.00924	0.00894	0.01222	0.01283	0.02116	0.01252	0.02931	0.21582	0.60044	0.00870	0.00596	0.00298	0.00359
33	0.00764	0.00655	0.00655	0.00655	0.00873	0.00545	0.00491	0.00927	0.01473	0.01745	0.06546	0.06218	0.73000	0.01636	0.00764	0.00218	0.00327	0.01364	0.00600	0.00545
34	0.00930	0.00663	0.00892	0.00892	0.00956	0.00728	0.00625	0.01060	0.00995	0.01391	0.01865	0.03281	0.01938	0.36689	0.43330	0.00857	0.01245	0.00801	0.00366	0.00495
35	0.08050	0.28008	0.10925	0.01408	0.01869	0.11890	0.01317	0.13001	0.01593	0.02111	0.01039	0.01239	0.00864	0.00711	0.00781	0.00188	0.13360	0.00445	0.00353	0.00846
36	0.05262	0.21983	0.02334	0.01646	0.10168	0.04831	0.01252	0.35567	0.06053	0.02947	0.01350	0.01432	0.01040	0.00687	0.00572	0.00179	0.00710	0.00511	0.00489	0.00985
37	0.04131	0.00984	0.09399	0.01131	0.04048	0.00746	0.00901	0.01200	0.01372	0.01930	0.13459	0.43394	0.06051	0.01610	0.00770	0.00243	0.00469	0.06982	0.00559	0.00621
38	0.01005	0.00710	0.00796	0.00791	0.00837	0.00733	0.00482	0.01227	0.09255	0.01453	0.02226	0.09755	0.02457	0.62441	0.02787	0.00550	0.00593	0.00986	0.00439	0.00476
39	0.03526	0.21160	0.16230	0.01523	0.03908	0.08869	0.05541	0.18014	0.01824	0.02383	0.06314	0.03469	0.03067	0.00742	0.00592	0.00184	0.00772	0.00580	0.00419	0.00884

[dist]
# distance from previous block
# <min> <max>
2	7

[block]
# block no. 1 follows, 34 sequences, length 14
# corresponding to MSA columns:
# 117-130
name=unknown_B
#
# <colnr> <probs for GDERKNQSTAVLIFYWHMCP>
#	G	D	E	R	K	N	Q	S	T	A	V	L	I	F	Y	W	H	M	C	P
0	0.63988	0.01334	0.01073	0.00957	0.01332	0.05575	0.00776	0.06385	0.01262	0.02760	0.01032	0.01239	0.00826	0.01044	0.07934	0.00282	0.00676	0.00403	0.00407	0.00716
1	0.10852	0.26215	0.14227	0.01536	0.06573	0.19065	0.01359	0.04930	0.01534	0.06662	0.01121	0.01256	0.00888	0.00621	0.00525	0.00173	0.00822	0.00429	0.00355	0.00858
2	0.02027	0.05436	0.01637	0.01327	0.01699	0.22486	0.01047	0.18171	0.18160	0.06033	0.03590	0.01846	0.01440	0.00769	0.00597	0.00184	0.00721	0.00579	0.11364	0.00889
3	0.01296	0.03342	0.73944	0.01842	0.02797	0.01501	0.02387	0.02046	0.01364	0.02046	0.01160	0.01364	0.00818	0.00614	0.00614	0.00205	0.00955	0.00477	0.00273	0.00955
4	0.01026	0.00823	0.01162	0.01180	0.04587	0.00915	0.03131	0.01150	0.01074	0.01496	0.02065	0.18724	0.02291	0.30394	0.15590	0.00540	0.11893	0.01006	0.00406	0.00547
5	0.01684	0.43047	0.25777	0.01374	0.02024	0.02040	0.01517	0.02066	0.01364	0.08461	0.01135	0.01268	0.00899	0.00623	0.00581	0.00172	0.04327	0.00427	0.00325	0.00889
6	0.10111	0.01106	0.01438	0.01132	0.01576	0.01033	0.00932	0.02836	0.01731	0.59113	0.06293	0.02198	0.01729	0.00829	0.00713	0.00205	0.04639	0.00646	0.00729	0.01013
7	0.00829	0.00657	0.00746	0.00724	0.00913	0.00573	0.00543	0.01055	0.01628	0.02114	0.35470	0.05612	0.43845	0.01499	0.00763	0.00212	0.00317	0.01279	0.00648	0.00573
8	0.04316	0.01885	0.07717	0.07408	0.05548	0.11119	0.01322	0.28373	0.16759	0.04596	0.01641	0.01747	0.01232	0.02609	0.00695	0.00209	0.00751	0.00585	0.00524	0.00964
9	0.02016	0.01952	0.02075	0.05934	0.13010	0.26414	0.09456	0.06730	0.04016	0.11539	0.01533	0.06489	0.01262	0.00776	0.00710	0.00198	0.03947	0.00640	0.00436	0.00865
10	0.01196	0.01202	0.03933	0.07234	0.02161	0.03497	0.24859	0.01539	0.01392	0.01868	0.02394	0.21003	0.06026	0.01411	0.05943	0.00288	0.00807	0.07403	0.05151	0.00693
11	0.01275	0.00943	0.01095	0.01119	0.03835	0.05601	0.00831	0.04292	0.03556	0.07273	0.28360	0.15723	0.03976	0.01346	0.00748	0.00224	0.00481	0.13644	0.04994	0.00682
12	0.01783	0.08806	0.05933	0.05509	0.31136	0.05040	0.08638	0.06784	0.09398	0.08475	0.01474	0.01673	0.01136	0.00645	0.00631	0.00194	0.00773	0.00585	0.00414	0.00973
13	0.01975	0.01635	0.04978	0.02525	0.31551	0.07303	0.04079	0.06390	0.05188	0.18285	0.01556	0.01716	0.01164	0.00713	0.00783	0.00203	0.07920	0.00590	0.00460	0.00985

[dist]
# distance from previous block
# <min> <max>
0	1

[block]
# block no. 2 follows, 34 sequences, length 27
# corresponding to MSA columns:
# 132-158
name=unknown_C
#
# <colnr> <probs for GDERKNQSTAVLIFYWHMCP>
#	G	D	E	R	K	N	Q	S	T	A	V	L	I	F	Y	W	H	M	C	P
0	0.01665	0.03485	0.01651	0.01390	0.04119	0.04396	0.03838	0.23438	0.09950	0.02466	0.02039	0.02578	0.07323	0.17506	0.01417	0.00303	0.10401	0.00733	0.00494	0.00807
1	0.33236	0.01659	0.01550	0.01249	0.01711	0.05603	0.01024	0.40681	0.02223	0.03487	0.01270	0.01337	0.00930	0.00702	0.00547	0.00195	0.00653	0.00483	0.00534	0.00926
2	0.01495	0.01154	0.03879	0.01276	0.06168	0.03074	0.00957	0.09100	0.10094	0.10550	0.30892	0.03136	0.03321	0.01370	0.07760	0.00278	0.00618	0.00842	0.00611	0.03427
3	0.03930	0.34327	0.21545	0.01593	0.06358	0.10306	0.03651	0.04442	0.01480	0.05328	0.01112	0.01267	0.00886	0.00604	0.00529	0.00171	0.00820	0.00438	0.00327	0.00885
4	0.09686	0.22347	0.26915	0.01331	0.01963	0.01632	0.01445	0.04911	0.01511	0.13681	0.07502	0.01687	0.01403	0.00694	0.00559	0.00185	0.00708	0.00521	0.00424	0.00895
5	0.02040	0.01087	0.01340	0.01123	0.01501	0.01075	0.00894	0.02791	0.23595	0.35271	0.18853	0.02872	0.02755	0.00944	0.00678	0.00207	0.00481	0.00795	0.00735	0.00962
6	0.07740	0.01053	0.01365	0.01074	0.01529	0.00933	0.00880	0.02798	0.01767	0.60015	0.05644	0.02579	0.07904	0.00880	0.00648	0.00202	0.00517	0.00713	0.00753	0.01006
7	0.04977	0.06520	0.14841	0.09360	0.25915	0.06024	0.08156	0.07340	0.01585	0.07353	0.01285	0.01540	0.00980	0.00623	0.00622	0.00195	0.00827	0.00549	0.00370	0.00939
8	0.01477	0.01409	0.02287	0.18390	0.49637	0.03373	0.01814	0.01851	0.01439	0.01976	0.01431	0.04129	0.01283	0.00726	0.00664	0.00206	0.00773	0.05888	0.00342	0.00906
9	0.00787	0.00562	0.00750	0.00900	0.00937	0.00525	0.00600	0.00900	0.01237	0.01649	0.03561	0.76871	0.04274	0.02024	0.00825	0.00262	0.00375	0.01837	0.00600	0.00525
10	0.01961	0.01596	0.02187	0.15633	0.07548	0.07669	0.13541	0.21072	0.03437	0.12291	0.01533	0.01747	0.01121	0.00910	0.04610	0.00246	0.00875	0.00616	0.00480	0.00924
11	0.01598	0.17601	0.21243	0.10230	0.13809	0.04160	0.11949	0.08241	0.01553	0.02077	0.01166	0.01440	0.00907	0.00605	0.00605	0.00190	0.00866	0.00526	0.00326	0.00908
12	0.01420	0.01432	0.02079	0.01753	0.01788	0.01960	0.05219	0.01583	0.01019	0.01583	0.00873	0.01432	0.00855	0.01099	0.02046	0.00279	0.72002	0.00576	0.00285	0.00716
13	0.00923	0.00692	0.01038	0.01038	0.01154	0.00808	0.00808	0.01154	0.01038	0.01500	0.01731	0.02538	0.01615	0.04846	0.74732	0.01038	0.01731	0.00692	0.00346	0.00577
14	0.01736	0.14221	0.17340	0.08529	0.11547	0.11528	0.03819	0.05923	0.08907	0.05740	0.01342	0.01524	0.01034	0.00671	0.00650	0.00192	0.03492	0.00523	0.00378	0.00906
15	0.02088	0.22771	0.06641	0.01750	0.11374	0.15907	0.01354	0.22732	0.01975	0.05770	0.01246	0.01363	0.00971	0.00659	0.00568	0.00174	0.00807	0.00482	0.00427	0.00940
16	0.00923	0.00692	0.01038	0.01038	0.01154	0.00808	0.00808	0.01154	0.01038	0.01500	0.01731	0.02538	0.01615	0.04846	0.74732	0.01038	0.01731	0.00692	0.00346	0.00577
17	0.00936	0.00700	0.00813	0.00819	0.01005	0.00634	0.00622	0.03554	0.01560	0.03850	0.17122	0.18355	0.37998	0.01612	0.00779	0.00230	0.00377	0.07816	0.00626	0.00592
18	0.05890	0.11629	0.02034	0.01575	0.05679	0.24833	0.03423	0.20716	0.06890	0.06409	0.01388	0.01475	0.01062	0.00694	0.00583	0.00180	0.00820	0.00509	0.03310	0.00902
19	0.01566	0.08338	0.02229	0.30126	0.22688	0.01661	0.01630	0.11228	0.03907	0.02138	0.01231	0.01597	0.00975	0.00665	0.00699	0.00199	0.04907	0.00554	0.00359	0.03303
20	0.00880	0.03075	0.01052	0.00883	0.01137	0.00712	0.06940	0.01094	0.01506	0.01862	0.13403	0.07832	0.54326	0.01481	0.00755	0.00215	0.00407	0.01271	0.00578	0.00590
21	0.01792	0.68314	0.06030	0.01157	0.01715	0.05074	0.01154	0.02021	0.01360	0.05030	0.00992	0.01110	0.00866	0.00571	0.00440	0.00145	0.00712	0.00368	0.00304	0.00844
22	0.01113	0.00565	0.00834	0.00834	0.00834	0.00565	0.00552	0.00847	0.00847	0.01129	0.01171	0.02085	0.01188	0.06245	0.02566	0.76906	0.00565	0.00581	0.00286	0.00286
23	0.07904	0.17268	0.11149	0.03840	0.12451	0.24013	0.03000	0.02133	0.01530	0.04299	0.03867	0.01555	0.03040	0.00670	0.00567	0.00178	0.00851	0.00502	0.00353	0.00830
24	0.01080	0.00579	0.00827	0.00827	0.00833	0.00585	0.00543	0.00874	0.00869	0.01164	0.01314	0.02394	0.01364	0.15689	0.06148	0.63030	0.00629	0.00635	0.00303	0.00315
25	0.00794	0.00568	0.00756	0.00895	0.00939	0.00529	0.00600	0.00917	0.01269	0.01701	0.07359	0.72926	0.04373	0.01986	0.00821	0.00259	0.00371	0.01800	0.00606	0.00529
26	0.01764	0.01523	0.02434	0.08550	0.25562	0.03677	0.16797	0.13422	0.01803	0.08491	0.08052	0.01971	0.01527	0.00698	0.00679	0.00201	0.00787	0.00674	0.00450	0.00937

[dist]
# distance from previous block
# <min> <max>
1	2

[block]
# block no. 3 follows, 34 sequences, length 21
# corresponding to MSA columns:
# 161-181
name=unknown_D
#
# <colnr> <probs for GDERKNQSTAVLIFYWHMCP>
#	G	D	E	R	K	N	Q	S	T	A	V	L	I	F	Y	W	H	M	C	P
0	0.02268	0.01004	0.01314	0.01057	0.01459	0.00900	0.00854	0.04550	0.04168	0.49094	0.17284	0.03043	0.08137	0.00974	0.00682	0.00203	0.00485	0.00813	0.00757	0.00953
1	0.55665	0.01561	0.01264	0.01122	0.01443	0.12894	0.00908	0.01945	0.01194	0.02463	0.00906	0.01130	0.00746	0.00702	0.00725	0.00209	0.13648	0.00397	0.00369	0.00709
2	0.00982	0.00691	0.00813	0.00770	0.00960	0.00634	0.00582	0.01295	0.04079	0.04458	0.40975	0.04835	0.25589	0.01326	0.00723	0.00203	0.00326	0.01138	0.09002	0.00618
3	0.01607	0.01388	0.01461	0.01315	0.01680	0.01607	0.01023	0.03433	0.72094	0.02703	0.02630	0.02411	0.01972	0.00877	0.00657	0.00219	0.00511	0.00731	0.00657	0.01023
4	0.02733	0.01182	0.01531	0.01185	0.01671	0.01091	0.00975	0.11444	0.04448	0.60280	0.04797	0.02215	0.01702	0.00817	0.00653	0.00200	0.00560	0.00662	0.00773	0.01080
5	0.00818	0.00613	0.00750	0.00819	0.00925	0.00557	0.00575	0.00975	0.01387	0.01814	0.15379	0.39847	0.22965	0.06020	0.00939	0.00263	0.00372	0.03837	0.00606	0.00539
6	0.01220	0.01148	0.01938	0.75739	0.04450	0.01436	0.01794	0.01651	0.01292	0.01651	0.01148	0.01723	0.00861	0.00646	0.00646	0.00215	0.00861	0.00574	0.00287	0.00718
7	0.00841	0.00623	0.00785	0.00818	0.00939	0.00567	0.00585	0.01050	0.01547	0.02094	0.35600	0.31871	0.17026	0.01637	0.00786	0.00228	0.00335	0.01451	0.00650	0.00567
8	0.01340	0.01148	0.01340	0.00957	0.01531	0.00861	0.00766	0.01627	0.01340	0.02105	0.01148	0.01340	0.00957	0.00479	0.00479	0.00096	0.00479	0.00383	0.00383	0.81242
9	0.00807	0.00656	0.00714	0.00700	0.00899	0.00564	0.00525	0.01010	0.01574	0.01986	0.25431	0.05822	0.53964	0.01547	0.00763	0.00214	0.00321	0.01308	0.00632	0.00564
10	0.81856	0.01250	0.00950	0.00850	0.01250	0.01449	0.00700	0.01899	0.01100	0.02899	0.00900	0.01050	0.00700	0.00600	0.00400	0.00200	0.00500	0.00350	0.00400	0.00700
11	0.00924	0.00689	0.01024	0.01024	0.01135	0.00800	0.00790	0.01145	0.01034	0.01489	0.01744	0.02610	0.01646	0.07915	0.71705	0.01021	0.01684	0.00703	0.00348	0.00569
12	0.01122	0.00561	0.00842	0.00842	0.00842	0.00561	0.00561	0.00842	0.00842	0.01122	0.01122	0.01964	0.01122	0.02245	0.02525	0.81201	0.00561	0.00561	0.00281	0.00281
13	0.01414	0.01414	0.01979	0.01696	0.01696	0.01979	0.01414	0.01555	0.00990	0.01555	0.00848	0.01414	0.00848	0.01131	0.02120	0.00283	0.76110	0.00565	0.00283	0.00707
14	0.00896	0.00660	0.00838	0.00794	0.00954	0.00602	0.00595	0.01184	0.01785	0.02488	0.64798	0.04997	0.14284	0.01360	0.00762	0.00205	0.00308	0.01192	0.00698	0.00602
15	0.21873	0.14513	0.12293	0.04288	0.08016	0.25345	0.01334	0.02145	0.01447	0.02015	0.01005	0.01201	0.00814	0.00615	0.00521	0.00180	0.00847	0.00416	0.00329	0.00801
16	0.02308	0.14599	0.02071	0.01578	0.01945	0.63559	0.01226	0.02480	0.01751	0.01572	0.00983	0.01145	0.00832	0.00648	0.00557	0.00162	0.01092	0.00405	0.00324	0.00761
17	0.81856	0.01250	0.00950	0.00850	0.01250	0.01449	0.00700	0.01899	0.01100	0.02899	0.00900	0.01050	0.00700	0.00600	0.00400	0.00200	0.00500	0.00350	0.00400	0.00700
18	0.01730	0.06209	0.06594	0.08226	0.22497	0.03955	0.10401	0.07742	0.01624	0.11187	0.01662	0.02358	0.01398	0.02979	0.00746	0.00219	0.00781	0.08356	0.00434	0.00903
19	0.00975	0.00735	0.00940	0.00929	0.00951	0.00824	0.00634	0.01048	0.01019	0.01407	0.02131	0.18146	0.02424	0.41978	0.11808	0.00557	0.11561	0.01034	0.00412	0.00487
20	0.00939	0.00720	0.00876	0.00923	0.01058	0.00709	0.00668	0.01350	0.11450	0.02025	0.18636	0.39254	0.12672	0.01653	0.00783	0.00240	0.00383	0.04411	0.00632	0.00619

[dist]
# distance from previous block
# <min> <max>
0	1

[block]
# block no. 4 follows, 34 sequences, length 55
# corresponding to MSA columns:
# 183-237
name=unknown_E
#
# <colnr> <probs for GDERKNQSTAVLIFYWHMCP>
#	G	D	E	R	K	N	Q	S	T	A	V	L	I	F	Y	W	H	M	C	P
0	0.06083	0.32955	0.02523	0.04631	0.10870	0.13409	0.01255	0.12783	0.01702	0.06558	0.01167	0.01308	0.00938	0.00629	0.00528	0.00168	0.00766	0.00450	0.00387	0.00888
1	0.45486	0.17144	0.03447	0.01162	0.03890	0.03794	0.00973	0.11606	0.01451	0.02663	0.01009	0.01155	0.00803	0.00629	0.00499	0.00187	0.02502	0.00399	0.00399	0.00801
2	0.01025	0.00883	0.03356	0.01142	0.01313	0.00833	0.05360	0.01471	0.12275	0.01869	0.03080	0.43481	0.03395	0.06347	0.00951	0.00279	0.00508	0.11225	0.00567	0.00640
3	0.01378	0.01175	0.01622	0.01629	0.16359	0.00991	0.03398	0.01687	0.01432	0.04113	0.08515	0.04848	0.01640	0.00657	0.00569	0.00140	0.00540	0.00581	0.00421	0.48304
4	0.00955	0.00657	0.00768	0.00758	0.00765	0.00683	0.00451	0.00973	0.00947	0.01278	0.01978	0.04034	0.02255	0.70466	0.07432	0.00639	0.03253	0.00912	0.00385	0.00413
5	0.03366	0.06637	0.22099	0.01634	0.02174	0.01533	0.10394	0.08416	0.01531	0.14902	0.01451	0.01672	0.01084	0.01131	0.07966	0.00292	0.11825	0.00577	0.00419	0.00898
6	0.04415	0.12129	0.04672	0.01470	0.09829	0.01478	0.01115	0.16368	0.03454	0.02477	0.01234	0.01389	0.00988	0.00582	0.00530	0.00144	0.00610	0.00452	0.00419	0.36246
7	0.00878	0.00686	0.00813	0.00903	0.00983	0.03494	0.00623	0.01034	0.01393	0.01847	0.18041	0.56122	0.07153	0.01809	0.00800	0.00245	0.00390	0.01623	0.00612	0.00552
8	0.01657	0.01426	0.02423	0.21328	0.40335	0.01480	0.07886	0.04672	0.01528	0.08994	0.01349	0.01699	0.01038	0.00620	0.00653	0.00201	0.00796	0.00599	0.00371	0.00944
9	0.06348	0.17036	0.08845	0.03865	0.15887	0.10231	0.03467	0.10442	0.01632	0.06870	0.01367	0.06094	0.01163	0.00735	0.00639	0.00189	0.03324	0.00578	0.00400	0.00888
10	0.00905	0.00660	0.00851	0.00803	0.00959	0.00606	0.00602	0.01201	0.01807	0.02538	0.68750	0.04914	0.10301	0.01341	0.00762	0.00204	0.00306	0.01181	0.00704	0.00606
11	0.00923	0.00692	0.01038	0.01038	0.01154	0.00808	0.00808	0.01154	0.01038	0.01500	0.01731	0.02538	0.01615	0.04846	0.74732	0.01038	0.01731	0.00692	0.00346	0.00577
12	0.01793	0.02028	0.22039	0.01927	0.04236	0.01536	0.20536	0.15665	0.01795	0.11860	0.01589	0.01990	0.01207	0.00743	0.00743	0.00214	0.03842	0.04855	0.00452	0.00949
13	0.05611	0.01439	0.01971	0.03951	0.23754	0.05599	0.06209	0.13704	0.01769	0.14821	0.01838	0.13093	0.01597	0.00874	0.00665	0.00206	0.00696	0.00775	0.00505	0.00925
14	0.02872	0.01143	0.01526	0.01170	0.01671	0.01014	0.00967	0.07267	0.01921	0.69490	0.02489	0.02160	0.01569	0.00798	0.00650	0.00200	0.00560	0.00646	0.00790	0.01100
15	0.01649	0.01512	0.02492	0.11374	0.48090	0.04372	0.08635	0.02032	0.01498	0.06938	0.01389	0.01882	0.01143	0.00648	0.00661	0.00201	0.00804	0.03367	0.00362	0.00952
16	0.01469	0.01172	0.01372	0.00989	0.01556	0.00912	0.00794	0.04473	0.01435	0.06081	0.01241	0.01395	0.00998	0.00508	0.00495	0.00105	0.00492	0.00405	0.00416	0.73692
17	0.01142	0.00594	0.00866	0.00861	0.00875	0.00603	0.00579	0.00944	0.03666	0.01185	0.01182	0.01982	0.01156	0.02190	0.02451	0.77992	0.00559	0.00568	0.00296	0.00310
18	0.01695	0.54788	0.14862	0.01315	0.01912	0.07492	0.02969	0.02071	0.04575	0.01678	0.01037	0.01179	0.00883	0.00586	0.00479	0.00157	0.00770	0.00400	0.00298	0.00854
19	0.01344	0.01019	0.01619	0.06329	0.13445	0.01037	0.07949	0.01611	0.01368	0.09774	0.09319	0.03052	0.06471	0.13795	0.14023	0.00422	0.03421	0.02824	0.00452	0.00723
20	0.00847	0.00605	0.00790	0.00852	0.00931	0.00565	0.00588	0.01025	0.01442	0.01982	0.30056	0.43932	0.04832	0.07249	0.00981	0.00266	0.00366	0.01515	0.00627	0.00548
21	0.05613	0.01378	0.02207	0.20451	0.42343	0.01468	0.01725	0.03759	0.01459	0.06587	0.01424	0.01770	0.03156	0.00663	0.00683	0.00202	0.03240	0.00592	0.00362	0.00917
22	0.07434	0.08833	0.09016	0.07275	0.11050	0.09543	0.11244	0.09996	0.07092	0.10228	0.01438	0.01593	0.01071	0.00660	0.00615	0.00195	0.00805	0.00559	0.00433	0.00920
23	0.00798	0.00593	0.00744	0.00840	0.00928	0.00539	0.00579	0.00944	0.01356	0.01782	0.12517	0.54058	0.18238	0.01862	0.00805	0.00246	0.00357	0.01662	0.00613	0.00539
24	0.00824	0.00679	0.00718	0.00705	0.00909	0.00595	0.00525	0.01061	0.03907	0.01898	0.17206	0.05780	0.56719	0.04568	0.00860	0.00232	0.00342	0.01293	0.00612	0.00566
25	0.04207	0.08450	0.12950	0.03973	0.20263	0.08087	0.03736	0.13588	0.01716	0.07025	0.01379	0.01723	0.01103	0.00851	0.03366	0.00227	0.03149	0.02872	0.00407	0.00927
26	0.01551	0.06579	0.10055	0.02270	0.27457	0.03176	0.01488	0.06754	0.19159	0.02307	0.04464	0.06781	0.03517	0.00816	0.00645	0.00202	0.00671	0.00708	0.00457	0.00942
27	0.02899	0.01100	0.01499	0.01150	0.01649	0.00950	0.00950	0.03149	0.01849	0.73709	0.02549	0.02199	0.01599	0.00800	0.00650	0.00200	0.00550	0.00650	0.00800	0.01100
28	0.15817	0.01716	0.03813	0.06974	0.14464	0.13474	0.03031	0.12867	0.01774	0.17835	0.01460	0.01562	0.01054	0.00679	0.00595	0.00194	0.00751	0.00530	0.00485	0.00924
29	0.04347	0.12980	0.19566	0.09325	0.16496	0.04589	0.12855	0.06413	0.01527	0.04233	0.01207	0.01477	0.00928	0.00607	0.00612	0.00193	0.00858	0.00538	0.00339	0.00911
30	0.01256	0.01196	0.01468	0.08893	0.01739	0.09291	0.01134	0.01481	0.01169	0.01569	0.01474	0.02335	0.01395	0.02758	0.34594	0.00606	0.21299	0.05357	0.00339	0.00646
31	0.14814	0.18200	0.02213	0.03694	0.11110	0.26109	0.03914	0.07333	0.01600	0.02055	0.01043	0.01248	0.00862	0.00635	0.00578	0.00177	0.02796	0.00445	0.00351	0.00823
32	0.00764	0.00655	0.00655	0.00655	0.00873	0.00545	0.00491	0.00927	0.01473	0.01745	0.06546	0.06218	0.73000	0.01636	0.00764	0.00218	0.00327	0.01364	0.00600	0.00545
33	0.76144	0.01290	0.01021	0.00896	0.01304	0.01489	0.00738	0.06878	0.01239	0.02983	0.00947	0.01086	0.00728	0.00612	0.00418	0.00199	0.00515	0.00367	0.00418	0.00728
34	0.00842	0.00658	0.00763	0.00736	0.00921	0.00579	0.00552	0.01078	0.01657	0.02182	0.40816	0.05500	0.38457	0.01474	0.00763	0.00210	0.00316	0.01263	0.00657	0.00579
35	0.00793	0.00567	0.00755	0.00896	0.00938	0.00529	0.00600	0.00914	0.01264	0.01692	0.06709	0.73601	0.04356	0.01992	0.00822	0.00260	0.00372	0.01807	0.00605	0.00529
36	0.00813	0.00647	0.00729	0.00729	0.00908	0.00563	0.00539	0.01015	0.01558	0.01997	0.26744	0.13177	0.45139	0.01579	0.00770	0.00218	0.00325	0.01353	0.00634	0.00563
37	0.01727	0.77681	0.03386	0.01106	0.01658	0.02557	0.01106	0.01935	0.01313	0.01520	0.00898	0.01036	0.00829	0.00553	0.00415	0.00138	0.00691	0.00345	0.00276	0.00829
38	0.00835	0.00637	0.00768	0.00822	0.00959	0.00576	0.00607	0.01019	0.01451	0.01876	0.17016	0.27866	0.29853	0.03722	0.00864	0.00249	0.00377	0.09336	0.00614	0.00552
39	0.01414	0.01414	0.01979	0.01696	0.01696	0.01979	0.01414	0.01555	0.00990	0.01555	0.00848	0.01414	0.00848	0.01131	0.02120	0.00283	0.76110	0.00565	0.00283	0.00707
40	0.74364	0.01235	0.01002	0.00878	0.01288	0.01402	0.00723	0.02018	0.01171	0.09619	0.01056	0.01159	0.00785	0.00619	0.00424	0.00200	0.00505	0.00378	0.00438	0.00738
41	0.00798	0.00571	0.00760	0.00892	0.00940	0.00532	0.00601	0.00927	0.01288	0.01731	0.09554	0.70646	0.04431	0.01964	0.00819	0.00257	0.00369	0.01779	0.00609	0.00532
42	0.01340	0.01148	0.01340	0.00957	0.01531	0.00861	0.00766	0.01627	0.01340	0.02105	0.01148	0.01340	0.00957	0.00479	0.00479	0.00096	0.00479	0.00383	0.00383	0.81242
43	0.81856	0.01250	0.00950	0.00850	0.01250	0.01449	0.00700	0.01899	0.01100	0.02899	0.00900	0.01050	0.00700	0.00600	0.00400	0.00200	0.00500	0.00350	0.00400	0.00700
44	0.81856	0.01250	0.00950	0.00850	0.01250	0.01449	0.00700	0.01899	0.01100	0.02899	0.00900	0.01050	0.00700	0.00600	0.00400	0.00200	0.00500	0.00350	0.00400	0.00700
45	0.02843	0.01083	0.01470	0.01131	0.01620	0.00938	0.00933	0.03094	0.01833	0.71346	0.02534	0.02206	0.01601	0.00798	0.00643	0.00198	0.00542	0.00648	0.03454	0.01083
46	0.02414	0.03079	0.01831	0.01665	0.01998	0.74698	0.01248	0.02580	0.01831	0.01581	0.00999	0.01165	0.00832	0.00666	0.00583	0.00166	0.01165	0.00416	0.00333	0.00749
47	0.20652	0.01537	0.01494	0.01369	0.05901	0.08239	0.01022	0.17824	0.18494	0.07322	0.01673	0.01697	0.01248	0.00729	0.00568	0.00194	0.00616	0.00548	0.05887	0.02987
48	0.06678	0.51294	0.18239	0.01263	0.01889	0.02180	0.01354	0.04526	0.01394	0.04581	0.01042	0.01171	0.00858	0.00586	0.00474	0.00161	0.00731	0.00394	0.00317	0.00868
49	0.05501	0.06106	0.06203	0.01300	0.01772	0.01453	0.01137	0.22395	0.02007	0.32241	0.01928	0.02079	0.01393	0.02842	0.00794	0.00216	0.05326	0.03693	0.00623	0.00992
50	0.01468	0.01402	0.01962	0.01676	0.01695	0.01942	0.01397	0.01613	0.01021	0.04187	0.00910	0.01442	0.00876	0.01119	0.02067	0.00280	0.73354	0.00569	0.00302	0.00721
51	0.05680	0.01787	0.01899	0.01461	0.01973	0.01981	0.01207	0.68298	0.02959	0.04025	0.01525	0.01531	0.01083	0.00769	0.00636	0.00194	0.00702	0.00572	0.00636	0.01083
52	0.81856	0.01250	0.00950	0.00850	0.01250	0.01449	0.00700	0.01899	0.01100	0.02899	0.00900	0.01050	0.00700	0.00600	0.00400	0.00200	0.00500	0.00350	0.00400	0.00700
53	0.06671	0.01981	0.30349	0.01345	0.01887	0.01284	0.01428	0.14552	0.01617	0.02364	0.02001	0.06158	0.06896	0.08301	0.02476	0.00266	0.00734	0.03786	0.05091	0.00813
54	0.09920	0.01546	0.01968	0.01924	0.15279	0.07366	0.11341	0.14000	0.10497	0.02540	0.05204	0.02225	0.08625	0.00790	0.00643	0.00198	0.00701	0.00686	0.00477	0.04071

[dist]
# distance from previous block
# <min> <max>
2	5

[block]
# block no. 5 follows, 34 sequences, length 27
# corresponding to MSA columns:
# 243-269
name=unknown_F
#
# <colnr> <probs for GDERKNQSTAVLIFYWHMCP>
#	G	D	E	R	K	N	Q	S	T	A	V	L	I	F	Y	W	H	M	C	P
0	0.05711	0.01092	0.01423	0.04666	0.01706	0.00956	0.00930	0.02549	0.01661	0.46014	0.04409	0.02205	0.01604	0.00764	0.00613	0.00181	0.00540	0.03105	0.00653	0.19218
1	0.07432	0.04233	0.05663	0.04290	0.07989	0.04254	0.01227	0.28126	0.14328	0.06232	0.05918	0.01887	0.01513	0.00772	0.00620	0.00196	0.00656	0.00610	0.03090	0.00963
2	0.00940	0.00626	0.00705	0.00705	0.00705	0.00626	0.00392	0.00940	0.00940	0.01253	0.02036	0.04228	0.02349	0.77292	0.03289	0.00626	0.00626	0.00940	0.00392	0.00392
3	0.00940	0.00626	0.00705	0.00705	0.00705	0.00626	0.00392	0.00940	0.00940	0.01253	0.02036	0.04228	0.02349	0.77292	0.03289	0.00626	0.00626	0.00940	0.00392	0.00392
4	0.09138	0.10119	0.02189	0.04485	0.15660	0.09934	0.04614	0.16854	0.03447	0.06009	0.01256	0.01466	0.00990	0.00718	0.00782	0.00199	0.10288	0.00528	0.00420	0.00905
5	0.01915	0.02069	0.05734	0.02130	0.18482	0.22523	0.04122	0.10582	0.21265	0.02346	0.01584	0.01687	0.01227	0.00709	0.00632	0.00194	0.00826	0.00576	0.00453	0.00944
6	0.09078	0.01890	0.12386	0.03482	0.05178	0.05482	0.07169	0.31053	0.02089	0.02949	0.03769	0.01614	0.01168	0.00848	0.03348	0.00222	0.00797	0.00562	0.00477	0.06438
7	0.08117	0.07306	0.02253	0.07168	0.35576	0.07627	0.01554	0.13848	0.03670	0.04970	0.01289	0.01522	0.01018	0.00638	0.00602	0.00189	0.00755	0.00536	0.00404	0.00958
8	0.01105	0.00859	0.01053	0.01027	0.01139	0.05373	0.00764	0.01276	0.01106	0.04271	0.01840	0.06324	0.01821	0.19193	0.46535	0.00805	0.03780	0.00776	0.00382	0.00571
9	0.00948	0.00707	0.00936	0.00981	0.03359	0.00662	0.00738	0.01237	0.01698	0.02327	0.47003	0.05447	0.13258	0.01440	0.00788	0.00226	0.00388	0.16586	0.00659	0.00612
10	0.01960	0.26967	0.02451	0.01680	0.10236	0.13140	0.03498	0.14273	0.12914	0.04828	0.01410	0.01493	0.01112	0.00671	0.00565	0.00176	0.00755	0.00509	0.00435	0.00928
11	0.01710	0.01345	0.01909	0.04767	0.27666	0.01387	0.02968	0.13929	0.09826	0.08291	0.01893	0.06936	0.03252	0.00950	0.03378	0.00229	0.00687	0.00707	0.04350	0.03818
12	0.00940	0.00687	0.00902	0.00933	0.01088	0.00648	0.00751	0.01222	0.01653	0.02242	0.39301	0.07946	0.12127	0.01539	0.00810	0.00240	0.00412	0.25308	0.00655	0.00595
13	0.01153	0.00733	0.00877	0.00828	0.01015	0.00735	0.00632	0.01572	0.07863	0.05766	0.28081	0.03535	0.07828	0.01556	0.10179	0.00297	0.00519	0.00881	0.25292	0.00660
14	0.01892	0.27660	0.07668	0.01882	0.14847	0.28842	0.01397	0.02156	0.01525	0.01687	0.01047	0.01274	0.00898	0.00787	0.03713	0.00202	0.00943	0.00438	0.00308	0.00833
15	0.04864	0.23927	0.24587	0.01580	0.04984	0.08665	0.04859	0.02188	0.10369	0.02004	0.05157	0.01587	0.01267	0.00668	0.00567	0.00184	0.00788	0.00516	0.00362	0.00878
16	0.00904	0.00757	0.00809	0.00815	0.01003	0.03470	0.00626	0.01119	0.01572	0.01982	0.23391	0.09180	0.40465	0.01552	0.00775	0.00224	0.00390	0.09773	0.00618	0.00576
17	0.00795	0.00609	0.00720	0.00789	0.00905	0.00544	0.00550	0.00938	0.01364	0.01746	0.10272	0.40563	0.30953	0.05039	0.00901	0.00256	0.00362	0.01561	0.00600	0.00534
18	0.01340	0.01148	0.01340	0.00957	0.01531	0.00861	0.00766	0.01627	0.01340	0.02105	0.01148	0.01340	0.00957	0.00479	0.00479	0.00096	0.00479	0.00383	0.00383	0.81242
19	0.01252	0.00705	0.00832	0.00775	0.00866	0.00676	0.00487	0.01299	0.01110	0.13082	0.02304	0.03979	0.05119	0.61729	0.02755	0.00540	0.00602	0.00910	0.00467	0.00513
20	0.00795	0.00661	0.00698	0.00703	0.00910	0.00564	0.00536	0.00980	0.01507	0.01836	0.12497	0.06156	0.62485	0.01616	0.00772	0.00222	0.00342	0.05556	0.00610	0.00554
21	0.01095	0.00698	0.00880	0.00811	0.01005	0.00632	0.00617	0.01376	0.01756	0.09127	0.53369	0.04640	0.14616	0.01285	0.00735	0.00202	0.00331	0.01116	0.05063	0.00646
22	0.01639	0.01850	0.06844	0.11191	0.21063	0.12408	0.19520	0.04275	0.05147	0.02027	0.01340	0.01801	0.01089	0.00678	0.00733	0.00207	0.03995	0.02963	0.00352	0.00878
23	0.01740	0.64822	0.03075	0.01155	0.01675	0.05367	0.01101	0.02154	0.10451	0.01675	0.01125	0.01219	0.00977	0.00599	0.00453	0.00150	0.00687	0.00398	0.00328	0.00851
24	0.00980	0.00687	0.00850	0.00884	0.01041	0.00636	0.00664	0.01236	0.03932	0.05756	0.18457	0.28387	0.22072	0.01645	0.00790	0.00239	0.00391	0.10116	0.00635	0.00604
25	0.04185	0.00968	0.01194	0.05602	0.01465	0.01009	0.04837	0.06770	0.10639	0.11170	0.02045	0.02200	0.01532	0.00752	0.00544	0.00178	0.00474	0.00623	0.43037	0.00777
26	0.06368	0.01190	0.01669	0.05764	0.12509	0.01219	0.07992	0.12665	0.06128	0.02387	0.07696	0.17465	0.09139	0.01076	0.00692	0.00212	0.00596	0.00959	0.00512	0.03761

[dist]
# distance from previous block
# <min> <max>
0	1

[block]
# block no. 6 follows, 34 sequences, length 123
# corresponding to MSA columns:
# 271-393
name=unknown_G
#
# <colnr> <probs for GDERKNQSTAVLIFYWHMCP>
#	G	D	E	R	K	N	Q	S	T	A	V	L	I	F	Y	W	H	M	C	P
0	0.01804	0.01998	0.01501	0.01486	0.05858	0.39763	0.01044	0.01980	0.01496	0.03193	0.01387	0.01987	0.01272	0.12478	0.17193	0.00424	0.01149	0.00571	0.02734	0.00681
1	0.04973	0.12611	0.36918	0.01592	0.04220	0.03543	0.03937	0.05179	0.01495	0.04346	0.07949	0.01892	0.04623	0.00745	0.00655	0.00197	0.03297	0.00581	0.00373	0.00873
2	0.02414	0.03079	0.01831	0.01665	0.01998	0.74698	0.01248	0.02580	0.01831	0.01581	0.00999	0.01165	0.00832	0.00666	0.00583	0.00166	0.01165	0.00416	0.00333	0.00749
3	0.00881	0.00655	0.00813	0.00795	0.00947	0.00597	0.00591	0.01131	0.01667	0.02275	0.49236	0.09728	0.19466	0.04769	0.00882	0.00232	0.00339	0.03752	0.00663	0.00581
4	0.01008	0.00701	0.00779	0.00734	0.00968	0.00598	0.00559	0.01206	0.01577	0.09188	0.18371	0.05555	0.53442	0.01494	0.00752	0.00214	0.00346	0.01255	0.00641	0.00613
5	0.81856	0.01250	0.00950	0.00850	0.01250	0.01449	0.00700	0.01899	0.01100	0.02899	0.00900	0.01050	0.00700	0.00600	0.00400	0.00200	0.00500	0.00350	0.00400	0.00700
6	0.00790	0.00584	0.00739	0.00851	0.00927	0.00533	0.00581	0.00922	0.01312	0.01719	0.07932	0.60169	0.16748	0.01916	0.00810	0.00251	0.00362	0.01715	0.00606	0.00533
7	0.01525	0.01743	0.03813	0.02723	0.03377	0.01634	0.70915	0.02070	0.01525	0.02070	0.01307	0.01743	0.00980	0.00545	0.00763	0.00218	0.01089	0.00763	0.00327	0.00871
8	0.00854	0.00655	0.00749	0.00725	0.00910	0.00578	0.00544	0.01089	0.01632	0.02168	0.37014	0.05396	0.38722	0.01449	0.00748	0.00208	0.00316	0.01238	0.04428	0.00578
9	0.00900	0.00660	0.00843	0.00797	0.00956	0.00603	0.00598	0.01191	0.01794	0.02509	0.66462	0.04962	0.12607	0.01352	0.00762	0.00205	0.00307	0.01188	0.00700	0.00603
10	0.02414	0.03079	0.01831	0.01665	0.01998	0.74698	0.01248	0.02580	0.01831	0.01581	0.00999	0.01165	0.00832	0.00666	0.00583	0.00166	0.01165	0.00416	0.00333	0.00749
11	0.01296	0.03342	0.73944	0.01842	0.02797	0.01501	0.02387	0.02046	0.01364	0.02046	0.01160	0.01364	0.00818	0.00614	0.00614	0.00205	0.00955	0.00477	0.00273	0.00955
12	0.02815	0.01187	0.01548	0.01192	0.01690	0.01086	0.00983	0.10780	0.03865	0.63995	0.02439	0.02132	0.01553	0.00799	0.00650	0.00200	0.00567	0.00644	0.00779	0.01097
13	0.01622	0.09739	0.01560	0.01167	0.03457	0.01064	0.05262	0.01957	0.04081	0.20527	0.18563	0.03151	0.07119	0.01285	0.06553	0.00263	0.00609	0.03771	0.07454	0.00796
14	0.00969	0.00665	0.00761	0.00754	0.00778	0.00683	0.00447	0.01067	0.04177	0.01335	0.02043	0.04037	0.02285	0.69155	0.07772	0.00634	0.00692	0.00914	0.00401	0.00432
15	0.02004	0.49451	0.02817	0.01267	0.01778	0.13431	0.01148	0.15744	0.01746	0.03755	0.01082	0.01186	0.00901	0.00620	0.00492	0.00155	0.00764	0.00410	0.00371	0.00877
16	0.02039	0.10289	0.10932	0.01561	0.01970	0.50094	0.01328	0.02290	0.01633	0.01624	0.01090	0.01330	0.00918	0.01114	0.08835	0.00266	0.01155	0.00448	0.00321	0.00764
17	0.02085	0.09544	0.11450	0.01888	0.12716	0.22207	0.01458	0.18481	0.05141	0.06996	0.01346	0.01457	0.01022	0.00679	0.00602	0.00183	0.00857	0.00509	0.00436	0.00942
18	0.10602	0.01121	0.01423	0.01094	0.01593	0.00988	0.00900	0.02818	0.01705	0.56944	0.02195	0.01968	0.01423	0.00736	0.00602	0.00186	0.00535	0.00584	0.00703	0.11880
19	0.01662	0.01737	0.06722	0.02614	0.35420	0.10313	0.01580	0.08468	0.06503	0.02293	0.10243	0.01975	0.01682	0.00754	0.00734	0.00198	0.05125	0.00635	0.00419	0.00923
20	0.36292	0.12762	0.04569	0.01482	0.10451	0.13179	0.01104	0.02031	0.01326	0.03853	0.01011	0.01198	0.00821	0.00619	0.00539	0.00183	0.03348	0.00408	0.00360	0.04463
21	0.01389	0.02293	0.30853	0.02233	0.02961	0.01529	0.38296	0.01981	0.01445	0.02028	0.01538	0.01844	0.05057	0.00651	0.00742	0.00215	0.03063	0.00681	0.00320	0.00881
22	0.01577	0.01523	0.02605	0.06113	0.65838	0.01555	0.03907	0.01955	0.01445	0.02070	0.01199	0.01599	0.01009	0.00602	0.00711	0.00198	0.04200	0.00580	0.00317	0.00995
23	0.01851	0.07041	0.01890	0.01935	0.19807	0.14608	0.01230	0.12553	0.01683	0.09096	0.01502	0.01988	0.01286	0.11446	0.08986	0.00335	0.00889	0.00600	0.00429	0.00846
24	0.00925	0.00684	0.00997	0.00997	0.01098	0.00785	0.00756	0.01127	0.01026	0.01469	0.01769	0.02749	0.01707	0.13889	0.65814	0.00987	0.01593	0.00723	0.00352	0.00554
25	0.00942	0.00720	0.01075	0.01064	0.01175	0.00853	0.00831	0.01169	0.01037	0.01502	0.01696	0.02494	0.01585	0.04701	0.71894	0.01009	0.04638	0.00687	0.00344	0.00582
26	0.01792	0.01665	0.13046	0.01631	0.06773	0.01419	0.07048	0.24640	0.04575	0.10275	0.02052	0.12404	0.03940	0.02729	0.02782	0.00242	0.00726	0.00804	0.00534	0.00922
27	0.01450	0.01595	0.10028	0.31242	0.35091	0.01512	0.03475	0.04333	0.01448	0.01996	0.01198	0.01623	0.00941	0.00613	0.00642	0.00203	0.00829	0.00569	0.00314	0.00898
28	0.02741	0.01101	0.01475	0.01142	0.01618	0.00974	0.00939	0.06101	0.01902	0.65615	0.07384	0.02352	0.01889	0.00835	0.00657	0.00200	0.00540	0.00683	0.00787	0.01066
29	0.01002	0.00706	0.00816	0.00776	0.00982	0.00630	0.00581	0.01261	0.03758	0.07264	0.27639	0.08605	0.37925	0.04133	0.00843	0.00228	0.00355	0.01236	0.00645	0.00615
30	0.03813	0.01918	0.06769	0.07746	0.16591	0.15826	0.11401	0.13424	0.01826	0.10214	0.03330	0.01663	0.01162	0.00675	0.00645	0.00195	0.00858	0.00585	0.00436	0.00923
31	0.02335	0.01363	0.01690	0.01673	0.13712	0.05900	0.01146	0.08151	0.10180	0.38914	0.02393	0.02244	0.05677	0.00810	0.00651	0.00199	0.00621	0.00669	0.00648	0.01022
32	0.00820	0.00654	0.00736	0.00733	0.00920	0.00570	0.00551	0.01028	0.01568	0.02002	0.26318	0.09549	0.46893	0.01567	0.00771	0.00219	0.00332	0.03572	0.00633	0.00565
33	0.05290	0.01661	0.09769	0.30847	0.04780	0.05762	0.08262	0.12498	0.01640	0.06795	0.01344	0.03385	0.01027	0.00709	0.00695	0.00210	0.03489	0.00598	0.00393	0.00844
34	0.01974	0.03822	0.17625	0.04301	0.16797	0.09289	0.05200	0.20605	0.01938	0.10147	0.01408	0.01553	0.01029	0.00670	0.00632	0.00194	0.00829	0.00552	0.00448	0.00987
35	0.01009	0.00940	0.00938	0.00916	0.01088	0.07582	0.00694	0.01187	0.01479	0.01822	0.14185	0.15035	0.38739	0.01515	0.00882	0.00226	0.07296	0.03319	0.00562	0.00587
36	0.01875	0.45648	0.03077	0.01494	0.02035	0.10030	0.12897	0.12301	0.01660	0.01998	0.01075	0.01246	0.00895	0.00597	0.00526	0.00163	0.00812	0.00458	0.00346	0.00868
37	0.04722	0.10710	0.03565	0.01267	0.01775	0.10846	0.04290	0.16275	0.01785	0.02436	0.05806	0.01559	0.01275	0.00638	0.00551	0.00149	0.00670	0.00494	0.00435	0.30752
38	0.20956	0.03615	0.01486	0.01239	0.01606	0.11146	0.04099	0.07256	0.23651	0.04878	0.01722	0.01840	0.01340	0.03015	0.04126	0.00248	0.00688	0.00571	0.05678	0.00840
39	0.00805	0.00565	0.00752	0.00891	0.00925	0.00530	0.00591	0.00899	0.01212	0.01616	0.03416	0.71499	0.04088	0.04721	0.00976	0.03276	0.00391	0.01758	0.00581	0.00511
40	0.01340	0.01148	0.01340	0.00957	0.01531	0.00861	0.00766	0.01627	0.01340	0.02105	0.01148	0.01340	0.00957	0.00479	0.00479	0.00096	0.00479	0.00383	0.00383	0.81242
41	0.00875	0.00655	0.00811	0.00781	0.00943	0.00591	0.00583	0.01139	0.01721	0.02357	0.54789	0.08527	0.20998	0.01425	0.00765	0.00209	0.00313	0.01244	0.00681	0.00591
42	0.00879	0.00658	0.00807	0.00770	0.00933	0.00595	0.00573	0.01138	0.01710	0.02336	0.54203	0.05142	0.22176	0.04214	0.00856	0.00223	0.00322	0.01207	0.00672	0.00586
43	0.00764	0.00655	0.00655	0.00655	0.00873	0.00545	0.00491	0.00927	0.01473	0.01745	0.06546	0.06218	0.73000	0.01636	0.00764	0.00218	0.00327	0.01364	0.00600	0.00545
44	0.02456	0.01810	0.01939	0.01487	0.02004	0.02004	0.01228	0.71107	0.03038	0.04072	0.01551	0.01551	0.01099	0.00776	0.00646	0.00194	0.00711	0.00582	0.00646	0.01099
45	0.01727	0.77681	0.03386	0.01106	0.01658	0.02557	0.01106	0.01935	0.01313	0.01520	0.00898	0.01036	0.00829	0.00553	0.00415	0.00138	0.00691	0.00345	0.00276	0.00829
46	0.81856	0.01250	0.00950	0.00850	0.01250	0.01449	0.00700	0.01899	0.01100	0.02899	0.00900	0.01050	0.00700	0.00600	0.00400	0.00200	0.00500	0.00350	0.00400	0.00700
47	0.01122	0.00561	0.00842	0.00842	0.00842	0.00561	0.00561	0.00842	0.00842	0.01122	0.01122	0.01964	0.01122	0.02245	0.02525	0.81201	0.00561	0.00561	0.00281	0.00281
48	0.01208	0.00642	0.00912	0.00883	0.00917	0.00654	0.00604	0.05369	0.00983	0.01312	0.01150	0.01937	0.01121	0.02150	0.02404	0.75982	0.00571	0.00562	0.00304	0.00333
49	0.01343	0.01160	0.01368	0.00989	0.01538	0.00910	0.00794	0.01624	0.01325	0.02081	0.01135	0.01343	0.00952	0.00507	0.00550	0.00104	0.03786	0.00391	0.00378	0.77721
