[name]
unknown

[dist]
# distance from previous block
# <min> <max>
0	11

[block]
# block no. 0 follows, 33 sequences, length 83
# corresponding to MSA columns:
# 11-93
name=unknown_A
#
# <colnr> <probs for GDERKNQSTAVLIFYWHMCP>
#	G	D	E	R	K	N	Q	S	T	A	V	L	I	F	Y	W	H	M	C	P
0	0.02151	0.02386	0.01702	0.01557	0.01853	0.47980	0.01211	0.04505	0.01760	0.06566	0.01527	0.02266	0.01378	0.01083	0.04088	0.00241	0.06136	0.10427	0.00418	0.00765
1	0.04992	0.01470	0.09231	0.05253	0.32747	0.01268	0.05261	0.01722	0.01386	0.02010	0.01884	0.04772	0.08532	0.01093	0.04851	0.05130	0.00771	0.00696	0.00367	0.06563
2	0.04188	0.03245	0.01169	0.00990	0.01149	0.03489	0.02900	0.03790	0.01181	0.09081	0.01589	0.04924	0.01533	0.18180	0.02075	0.35591	0.00623	0.00692	0.00402	0.03211
3	0.01049	0.00732	0.00862	0.00805	0.01024	0.00657	0.00612	0.01351	0.04240	0.07723	0.36878	0.05218	0.33552	0.01424	0.00764	0.00214	0.00347	0.01217	0.00682	0.00647
4	0.04598	0.02572	0.41187	0.01887	0.07298	0.03807	0.05424	0.06430	0.04528	0.11481	0.01439	0.01577	0.01024	0.00683	0.00684	0.00209	0.03246	0.00544	0.00400	0.00980
5	0.01599	0.01553	0.02709	0.08557	0.63677	0.01564	0.06616	0.02004	0.01491	0.02118	0.01240	0.01647	0.01029	0.00589	0.00661	0.00199	0.00810	0.00599	0.00324	0.01012
6	0.01144	0.00572	0.00858	0.00858	0.00858	0.00572	0.00572	0.00858	0.00858	0.01144	0.01144	0.02001	0.01144	0.02287	0.02573	0.80846	0.00572	0.00572	0.00286	0.00286
7	0.00902	0.00636	0.00800	0.00891	0.00989	0.00589	0.00620	0.01079	0.02908	0.04031	0.06731	0.53738	0.15610	0.04158	0.00896	0.00267	0.00394	0.03573	0.00617	0.00570
8	0.01481	0.01393	0.02295	0.16737	0.30763	0.01406	0.09954	0.04197	0.04238	0.02114	0.01456	0.06706	0.01259	0.00700	0.00658	0.00195	0.00758	0.00674	0.00374	0.12643
9	0.00876	0.00661	0.00809	0.00792	0.00954	0.00594	0.00586	0.01126	0.01701	0.02301	0.47011	0.12600	0.24565	0.01509	0.00783	0.00217	0.00324	0.01316	0.00681	0.00594
10	0.00941	0.00702	0.01043	0.01043	0.01155	0.00815	0.00804	0.01166	0.01053	0.01517	0.01777	0.02664	0.01680	0.08193	0.71045	0.01039	0.01712	0.00717	0.00355	0.00579
11	0.00811	0.00591	0.00767	0.00904	0.00967	0.00547	0.00620	0.00940	0.01297	0.01704	0.03939	0.66004	0.11430	0.02010	0.00837	0.00264	0.00387	0.04830	0.00611	0.00540
12	0.01629	0.01564	0.02672	0.04041	0.72757	0.01564	0.02020	0.02020	0.01499	0.02151	0.01238	0.01629	0.01043	0.00587	0.00652	0.00196	0.00782	0.00587	0.00326	0.01043
13	0.01714	0.00913	0.00997	0.00860	0.01134	0.00927	0.00679	0.14403	0.01768	0.13142	0.02110	0.02263	0.01575	0.00778	0.00526	0.00169	0.00420	0.00617	0.54225	0.00780
14	0.04134	0.00680	0.00877	0.00873	0.00940	0.00730	0.00601	0.01064	0.01002	0.01433	0.01900	0.03241	0.03786	0.33418	0.30109	0.12534	0.01044	0.00793	0.00371	0.00471
15	0.00788	0.00665	0.00683	0.00684	0.00897	0.00559	0.00511	0.00962	0.01516	0.01828	0.10563	0.08254	0.66528	0.01659	0.00780	0.00223	0.00333	0.01391	0.00618	0.00559
16	0.02329	0.02859	0.02168	0.01843	0.02242	0.59200	0.11404	0.06674	0.01894	0.01838	0.01098	0.01297	0.00887	0.00667	0.00624	0.00179	0.01148	0.00486	0.00358	0.00803
17	0.01239	0.00761	0.00972	0.00976	0.01137	0.00721	0.00706	0.06595	0.01577	0.11642	0.13026	0.48334	0.06347	0.01684	0.00791	0.00243	0.00421	0.01499	0.00658	0.00671
18	0.00802	0.00668	0.00701	0.00692	0.00904	0.00566	0.00519	0.00992	0.01558	0.01915	0.17090	0.06111	0.61984	0.01616	0.00778	0.00220	0.00330	0.01358	0.00629	0.00566
19	0.00852	0.00573	0.00778	0.00908	0.00941	0.00540	0.00605	0.00908	0.01201	0.01602	0.03264	0.65518	0.03883	0.02095	0.01094	0.12085	0.00410	0.01681	0.00563	0.00498
20	0.00982	0.03469	0.01084	0.01000	0.01119	0.00856	0.00765	0.01187	0.01066	0.01527	0.01787	0.02758	0.01719	0.14307	0.59542	0.00938	0.01524	0.00723	0.03076	0.00573
21	0.01187	0.01060	0.01547	0.01438	0.03394	0.01357	0.02546	0.01377	0.01052	0.01564	0.01378	0.02174	0.01334	0.08134	0.34991	0.00659	0.33163	0.00666	0.00327	0.00650
22	0.01243	0.01170	0.01975	0.75282	0.04534	0.01463	0.01828	0.01682	0.01316	0.01682	0.01170	0.01755	0.00878	0.00658	0.00658	0.00219	0.00878	0.00585	0.00293	0.00731
23	0.02357	0.14009	0.02098	0.01612	0.01985	0.63717	0.01251	0.02532	0.01788	0.01602	0.01003	0.01168	0.00848	0.00662	0.00568	0.00165	0.01116	0.00413	0.00331	0.00775
24	0.00905	0.00672	0.00843	0.00800	0.00967	0.00610	0.00600	0.01191	0.01800	0.02490	0.60961	0.05165	0.17754	0.01402	0.00777	0.00210	0.00315	0.01225	0.00705	0.00610
25	0.00940	0.00705	0.01058	0.01058	0.01176	0.00823	0.00823	0.01176	0.01058	0.01528	0.01763	0.02586	0.01646	0.04937	0.74255	0.01058	0.01763	0.00705	0.00353	0.00588
26	0.01365	0.01170	0.01365	0.00975	0.01560	0.00878	0.00780	0.01658	0.01365	0.02145	0.01170	0.01365	0.00975	0.00488	0.00488	0.00098	0.00488	0.00390	0.00390	0.80888
27	0.01790	0.01391	0.04244	0.14893	0.16844	0.01293	0.06073	0.07309	0.01634	0.16055	0.01649	0.01834	0.02989	0.00665	0.00630	0.00183	0.00702	0.00589	0.00461	0.18774
28	0.04173	0.04327	0.36012	0.01637	0.02329	0.03604	0.08125	0.04540	0.05226	0.12081	0.07566	0.02041	0.03905	0.00759	0.00653	0.00207	0.00805	0.00634	0.00445	0.00933
29	0.02318	0.01663	0.01806	0.01436	0.01921	0.01834	0.01170	0.46598	0.20975	0.10283	0.01965	0.01873	0.01401	0.00820	0.00662	0.00205	0.00656	0.00639	0.00676	0.01099
30	0.00957	0.00638	0.00718	0.00718	0.00718	0.00638	0.00399	0.00957	0.00957	0.01276	0.02074	0.04308	0.02393	0.76864	0.03351	0.00638	0.00638	0.00957	0.00399	0.00399
31	0.01908	0.45035	0.07581	0.01369	0.01933	0.06119	0.04768	0.13336	0.06191	0.04341	0.01233	0.01334	0.00996	0.00639	0.00525	0.00167	0.00756	0.00460	0.00390	0.00917
32	0.01035	0.00640	0.00839	0.00854	0.00913	0.00630	0.00579	0.03019	0.01112	0.01460	0.02533	0.16864	0.11609	0.12653	0.05813	0.37034	0.00580	0.00987	0.00421	0.00426
33	0.01670	0.01446	0.01491	0.01344	0.01704	0.04146	0.01050	0.07753	0.59018	0.02735	0.02616	0.05061	0.02069	0.00960	0.00683	0.00225	0.00557	0.03820	0.00653	0.01001
34	0.01792	0.04794	0.01817	0.04242	0.10291	0.05577	0.01230	0.12498	0.44615	0.02728	0.02140	0.02085	0.01621	0.00809	0.00651	0.00210	0.00636	0.00665	0.00580	0.01019
35	0.00945	0.00688	0.00971	0.00971	0.01058	0.00775	0.00714	0.01120	0.01032	0.01464	0.01843	0.03028	0.01838	0.23405	0.56050	0.00950	0.01474	0.00770	0.00365	0.00539
36	0.01537	0.01727	0.03611	0.02621	0.03189	0.01716	0.60257	0.02032	0.01474	0.02032	0.01263	0.01727	0.00979	0.00643	0.00980	0.00232	0.12044	0.00747	0.00326	0.00863
37	0.15782	0.01219	0.01456	0.01149	0.01622	0.01184	0.00944	0.11354	0.03493	0.47546	0.05902	0.02111	0.01666	0.00808	0.00626	0.00204	0.00558	0.00633	0.00720	0.01024
38	0.00957	0.00638	0.00718	0.00718	0.00718	0.00638	0.00399	0.00957	0.00957	0.01276	0.02074	0.04308	0.02393	0.76864	0.03351	0.00638	0.00638	0.00957	0.00399	0.00399
39	0.02401	0.06326	0.01922	0.01659	0.02009	0.68622	0.01258	0.02629	0.04207	0.01647	0.01069	0.01224	0.00887	0.00681	0.00589	0.00170	0.01143	0.00432	0.00348	0.00776
40	0.00802	0.00573	0.00764	0.00917	0.00955	0.00535	0.00611	0.00917	0.01260	0.01681	0.03628	0.76434	0.04354	0.02062	0.00840	0.00267	0.00382	0.01872	0.00611	0.00535
41	0.01365	0.01170	0.01365	0.00975	0.01560	0.00878	0.00780	0.01658	0.01365	0.02145	0.01170	0.01365	0.00975	0.00488	0.00488	0.00098	0.00488	0.00390	0.00390	0.80888
42	0.01595	0.01727	0.02963	0.25025	0.05924	0.09177	0.36765	0.04933	0.01577	0.02013	0.01257	0.01695	0.00952	0.00611	0.00712	0.00214	0.01019	0.00667	0.00335	0.00842
43	0.01238	0.01074	0.01431	0.01277	0.01309	0.01374	0.00985	0.03485	0.01062	0.01549	0.01432	0.02609	0.01515	0.28448	0.11895	0.00509	0.37131	0.00728	0.00347	0.00602
44	0.00980	0.00781	0.00902	0.00920	0.01116	0.00758	0.00710	0.01436	0.11957	0.02068	0.14644	0.15754	0.30866	0.01588	0.00793	0.00241	0.00412	0.12796	0.00636	0.00643
45	0.01365	0.01170	0.01365	0.00975	0.01560	0.00878	0.00780	0.01658	0.01365	0.02145	0.01170	0.01365	0.00975	0.00488	0.00488	0.00098	0.00488	0.00390	0.00390	0.80888
46	0.00889	0.00692	0.00822	0.00847	0.01035	0.00624	0.00674	0.01127	0.01596	0.02046	0.22510	0.06255	0.38124	0.01625	0.00811	0.00239	0.00397	0.18462	0.00639	0.00585
47	0.02279	0.02716	0.01786	0.01612	0.01964	0.55882	0.01221	0.05000	0.17293	0.01945	0.01403	0.01480	0.01113	0.00729	0.00613	0.00182	0.01025	0.00500	0.00422	0.00836
48	0.01190	0.01097	0.01803	0.64354	0.04009	0.01336	0.01645	0.01602	0.01378	0.01778	0.08259	0.02291	0.05047	0.00775	0.00676	0.00218	0.00796	0.00684	0.00350	0.00712
49	0.01583	0.01681	0.01963	0.01703	0.01759	0.13173	0.01395	0.01734	0.01143	0.01587	0.00916	0.01437	0.00886	0.01196	0.04155	0.00294	0.61820	0.00557	0.00298	0.00723
50	0.01411	0.01337	0.04044	0.01285	0.01858	0.01070	0.10314	0.03730	0.01446	0.02193	0.03441	0.01543	0.01139	0.00560	0.00602	0.00131	0.03139	0.00483	0.00394	0.59879
51	0.28980	0.09785	0.20182	0.01430	0.02042	0.01582	0.08738	0.04286	0.03478	0.11847	0.01323	0.01437	0.00960	0.00644	0.00553	0.00201	0.00726	0.00493	0.00423	0.00888
52	0.00819	0.00586	0.00779	0.00905	0.00959	0.00546	0.00612	0.00959	0.01339	0.01806	0.12598	0.67108	0.04596	0.01969	0.00832	0.00259	0.00373	0.01783	0.00626	0.00546
53	0.01444	0.01630	0.05452	0.02225	0.02772	0.03892	0.47962	0.04352	0.01581	0.02084	0.02207	0.09204	0.10276	0.00849	0.00767	0.00223	0.00929	0.00926	0.00404	0.00821
54	0.04392	0.18489	0.12538	0.01949	0.09042	0.14733	0.13650	0.10362	0.04874	0.02199	0.01234	0.01434	0.00971	0.00637	0.00604	0.00187	0.00894	0.00527	0.00371	0.00912
55	0.00940	0.00705	0.01058	0.01058	0.01176	0.00823	0.00823	0.01176	0.01058	0.01528	0.01763	0.02586	0.01646	0.04937	0.74255	0.01058	0.01763	0.00705	0.00353	0.00588
56	0.00788	0.00658	0.00687	0.00699	0.00900	0.00557	0.00517	0.00958	0.01497	0.01815	0.09878	0.12817	0.62596	0.01687	0.00784	0.00226	0.00337	0.01424	0.00617	0.00557
57	0.01416	0.19427	0.58267	0.01714	0.02598	0.01762	0.02149	0.02060	0.01379	0.01969	0.01124	0.01317	0.00836	0.00612	0.00581	0.00194	0.00915	0.00457	0.00279	0.00945
58	0.01436	0.06907	0.57252	0.01760	0.02605	0.04889	0.02132	0.02288	0.10559	0.02123	0.01356	0.01503	0.00988	0.00660	0.00619	0.00205	0.00910	0.00510	0.00332	0.00966
59	0.00840	0.00589	0.00781	0.00918	0.00959	0.00557	0.00622	0.00945	0.01241	0.01651	0.03427	0.64608	0.04074	0.07528	0.01083	0.02861	0.00420	0.05788	0.00585	0.00521
60	0.00965	0.00697	0.00744	0.00718	0.00922	0.00633	0.00542	0.03531	0.01604	0.02180	0.18896	0.05052	0.41394	0.01379	0.00706	0.00204	0.00337	0.01155	0.17742	0.00601
61	0.01422	0.14864	0.09414	0.01334	0.03988	0.06323	0.03288	0.09091	0.03845	0.02108	0.06485	0.26839	0.03816	0.01189	0.00677	0.00212	0.00628	0.01018	0.02690	0.00768
62	0.01760	0.77260	0.03450	0.01126	0.01690	0.02605	0.01126	0.01971	0.01338	0.01549	0.00915	0.01056	0.00845	0.00563	0.00422	0.00141	0.00704	0.00352	0.00282	0.00845
63	0.00861	0.00645	0.00802	0.00844	0.00968	0.00593	0.00602	0.01093	0.02961	0.02070	0.29204	0.35022	0.18510	0.01700	0.00801	0.00236	0.00349	0.01505	0.00654	0.00581
64	0.00855	0.00642	0.00800	0.00912	0.00997	0.00612	0.00626	0.01094	0.06032	0.01766	0.03964	0.62228	0.13157	0.01932	0.00821	0.00258	0.00385	0.01732	0.00615	0.00572
65	0.11889	0.11080	0.01899	0.01316	0.01780	0.01892	0.01093	0.43126	0.07124	0.03358	0.01603	0.05007	0.01292	0.03790	0.00713	0.00213	0.00663	0.00616	0.00569	0.00975
66	0.01629	0.01564	0.02672	0.04041	0.72757	0.01564	0.02020	0.02020	0.01499	0.02151	0.01238	0.01629	0.01043	0.00587	0.00652	0.00196	0.00782	0.00587	0.00326	0.01043
67	0.00800	0.00581	0.00756	0.00896	0.00949	0.00536	0.00602	0.00919	0.01280	0.01689	0.03880	0.70642	0.09985	0.02030	0.00835	0.00264	0.00378	0.01832	0.00611	0.00536
68	0.04438	0.07527	0.06872	0.01807	0.12253	0.05193	0.10246	0.05669	0.11759	0.04572	0.10441	0.06405	0.08183	0.00913	0.00675	0.00206	0.00679	0.00804	0.00494	0.00863
69	0.01668	0.01557	0.02271	0.04789	0.04363	0.04486	0.11533	0.07253	0.01364	0.06224	0.01124	0.01558	0.00956	0.00961	0.01585	0.00256	0.46273	0.00607	0.00359	0.00813
70	0.00873	0.00706	0.00783	0.00787	0.00977	0.00642	0.00581	0.01180	0.06529	0.02000	0.18715	0.17207	0.43428	0.01614	0.00780	0.00227	0.00350	0.01383	0.00638	0.00600
71	0.01127	0.00983	0.01507	0.24074	0.02299	0.01236	0.01234	0.01400	0.01125	0.01578	0.01424	0.02175	0.01289	0.05353	0.35738	0.00642	0.15189	0.00653	0.00324	0.00650
72	0.11430	0.01253	0.01752	0.19051	0.09732	0.01481	0.03629	0.07907	0.03942	0.02177	0.01344	0.01783	0.01105	0.01377	0.11656	0.00343	0.13047	0.00588	0.05620	0.00782
73	0.00881	0.00628	0.00738	0.00777	0.00839	0.00593	0.00497	0.00971	0.01221	0.01605	0.09981	0.25248	0.15018	0.35814	0.01961	0.00422	0.00483	0.01312	0.00526	0.00485
74	0.04707	0.02301	0.01825	0.01528	0.01951	0.32126	0.01204	0.34696	0.05140	0.02929	0.01392	0.01471	0.01052	0.00741	0.00616	0.00185	0.00887	0.00522	0.03791	0.00935
75	0.00818	0.00613	0.00747	0.00827	0.00927	0.00556	0.00570	0.00963	0.01377	0.01792	0.11992	0.45295	0.23312	0.05848	0.00949	0.00268	0.00374	0.01614	0.00612	0.00543
76	0.04028	0.01039	0.01111	0.11294	0.01567	0.08375	0.00864	0.01591	0.01322	0.02019	0.01756	0.04550	0.01503	0.03998	0.11547	0.00328	0.05790	0.00644	0.36031	0.00642
77	0.00808	0.00666	0.00711	0.00705	0.00909	0.00568	0.00527	0.01002	0.01565	0.01943	0.19336	0.07904	0.57847	0.01615	0.00779	0.00221	0.00330	0.01364	0.00633	0.00568
78	0.00980	0.00756	0.00806	0.00794	0.00979	0.02851	0.00596	0.01266	0.03803	0.02173	0.26104	0.09553	0.30548	0.01409	0.00730	0.00211	0.00365	0.03109	0.12360	0.00607
79	0.04629	0.15375	0.12787	0.06655	0.05504	0.10238	0.07921	0.10578	0.13665	0.04261	0.01465	0.01596	0.01118	0.00685	0.00608	0.00194	0.00813	0.00551	0.00426	0.00929
80	0.01612	0.01324	0.01953	0.02252	0.26565	0.03528	0.07655	0.06545	0.05888	0.06928	0.04107	0.05445	0.01615	0.03382	0.04641	0.00254	0.00731	0.00706	0.10843	0.04026
81	0.06985	0.29939	0.16043	0.01896	0.10550	0.01952	0.13383	0.03544	0.01434	0.02004	0.03250	0.01452	0.01053	0.00628	0.00622	0.00186	0.03352	0.00517	0.00326	0.00886
82	0.01841	0.44164	0.04863	0.01282	0.01753	0.18982	0.01156	0.04017	0.05132	0.01786	0.05903	0.01492	0.01300	0.00807	0.02862	0.00189	0.00823	0.00467	0.00357	0.00824

[dist]
# distance from previous block
# <min> <max>
0	8

[block]
# block no. 1 follows, 33 sequences, length 19
# corresponding to MSA columns:
# 102-120
name=unknown_B
#
# <colnr> <probs for GDERKNQSTAVLIFYWHMCP>
#	G	D	E	R	K	N	Q	S	T	A	V	L	I	F	Y	W	H	M	C	P
0	0.29505	0.15282	0.04109	0.05557	0.01755	0.14869	0.01046	0.04199	0.04737	0.02221	0.01353	0.01546	0.03686	0.01024	0.06416	0.00257	0.00806	0.00479	0.00385	0.00768
1	0.01460	0.01112	0.01614	0.09578	0.01956	0.04482	0.11565	0.01815	0.05564	0.12844	0.05961	0.12925	0.12713	0.01479	0.06382	0.04028	0.00731	0.02524	0.00525	0.00743
2	0.01199	0.00664	0.00760	0.02977	0.00984	0.00648	0.00568	0.01486	0.01485	0.05653	0.15139	0.08970	0.06056	0.01017	0.00578	0.00180	0.00344	0.00857	0.49802	0.00633
3	0.00855	0.00641	0.00733	0.00746	0.00903	0.00563	0.00539	0.00962	0.01414	0.01767	0.12960	0.14194	0.45529	0.01775	0.01061	0.12592	0.00373	0.01301	0.00574	0.00519
4	0.01320	0.03405	0.73453	0.01876	0.02849	0.01529	0.02432	0.02085	0.01390	0.02085	0.01181	0.01390	0.00834	0.00625	0.00625	0.00208	0.00973	0.00486	0.00278	0.00973
5	0.01429	0.01390	0.02078	0.49812	0.18705	0.05808	0.01773	0.01956	0.07015	0.01864	0.01297	0.01751	0.01002	0.00663	0.00654	0.00212	0.00847	0.00589	0.00333	0.00824
6	0.00941	0.00702	0.01041	0.01041	0.01153	0.00814	0.00802	0.01165	0.01053	0.01516	0.01779	0.02673	0.01683	0.08554	0.70690	0.01037	0.01707	0.00718	0.00355	0.00578
7	0.01314	0.00824	0.01003	0.00907	0.01143	0.00794	0.00697	0.01808	0.10876	0.12101	0.41545	0.04100	0.09891	0.01182	0.00715	0.00205	0.00373	0.01019	0.08764	0.00737
8	0.00813	0.00584	0.00754	0.00886	0.00932	0.00544	0.00588	0.00922	0.01250	0.01654	0.03684	0.66505	0.08233	0.08030	0.01038	0.00294	0.00400	0.01770	0.00594	0.00525
9	0.01804	0.65790	0.03226	0.05213	0.01879	0.02488	0.01177	0.08609	0.01507	0.01808	0.00994	0.01145	0.00873	0.00590	0.00458	0.00151	0.00715	0.00388	0.00319	0.00865
10	0.00957	0.00638	0.00718	0.00718	0.00718	0.00638	0.00399	0.00957	0.00957	0.01276	0.02074	0.04308	0.02393	0.76864	0.03351	0.00638	0.00638	0.00957	0.00399	0.00399
11	0.37712	0.10922	0.01670	0.07068	0.01816	0.03996	0.01024	0.16367	0.01657	0.08468	0.01212	0.01337	0.00909	0.00679	0.00555	0.00197	0.02643	0.00456	0.00462	0.00850
12	0.01516	0.19101	0.49522	0.01743	0.02564	0.07587	0.05212	0.02105	0.01424	0.01933	0.01118	0.01320	0.00845	0.00613	0.00587	0.00192	0.00939	0.00466	0.00286	0.00925
13	0.00942	0.00617	0.00754	0.00785	0.00812	0.00600	0.00487	0.00946	0.01080	0.01435	0.05856	0.19666	0.06540	0.41678	0.02430	0.12817	0.00541	0.01130	0.00454	0.00430
14	0.01595	0.01798	0.04460	0.22949	0.13595	0.17520	0.15487	0.01981	0.01565	0.01914	0.06938	0.02011	0.03836	0.00719	0.00679	0.00204	0.00918	0.00661	0.00361	0.00810
15	0.01440	0.01440	0.02016	0.01728	0.01728	0.02016	0.01440	0.01584	0.01008	0.01584	0.00864	0.01440	0.00864	0.01152	0.02160	0.00288	0.75659	0.00576	0.00288	0.00720
16	0.14332	0.06539	0.05078	0.01036	0.01291	0.01046	0.02927	0.01452	0.03607	0.02161	0.20216	0.19109	0.06975	0.01396	0.02490	0.05016	0.03134	0.01020	0.00522	0.00653
17	0.11408	0.35264	0.13278	0.01429	0.02028	0.03624	0.08146	0.08758	0.03888	0.04904	0.01187	0.01325	0.00938	0.00623	0.00530	0.00178	0.00762	0.00465	0.00373	0.00894
18	0.05001	0.18565	0.04143	0.01751	0.14815	0.09759	0.01241	0.08630	0.08186	0.05432	0.10881	0.01950	0.01769	0.00748	0.00595	0.00181	0.00688	0.00594	0.00461	0.04611

[dist]
# distance from previous block
# <min> <max>
1	17

[block]
# block no. 2 follows, 33 sequences, length 50
# corresponding to MSA columns:
# 138-187
name=unknown_C
#
# <colnr> <probs for GDERKNQSTAVLIFYWHMCP>
#	G	D	E	R	K	N	Q	S	T	A	V	L	I	F	Y	W	H	M	C	P
0	0.01011	0.06173	0.06190	0.00964	0.01197	0.03259	0.00789	0.01266	0.02713	0.01946	0.17829	0.30899	0.18219	0.01521	0.00750	0.00224	0.00453	0.01322	0.00574	0.02698
1	0.05559	0.01428	0.01938	0.07987	0.05493	0.03180	0.12231	0.11843	0.21309	0.04322	0.02174	0.09442	0.04807	0.00931	0.00759	0.00222	0.04145	0.00811	0.00523	0.00894
2	0.01320	0.03405	0.73453	0.01876	0.02849	0.01529	0.02432	0.02085	0.01390	0.02085	0.01181	0.01390	0.00834	0.00625	0.00625	0.00208	0.00973	0.00486	0.00278	0.00973
3	0.13188	0.04012	0.01543	0.01264	0.01676	0.06484	0.01023	0.14886	0.24665	0.11825	0.02176	0.02375	0.03471	0.00876	0.00632	0.00209	0.00613	0.05485	0.00601	0.02995
4	0.01366	0.17611	0.40615	0.01683	0.02412	0.01621	0.10010	0.01909	0.01411	0.01961	0.04180	0.07194	0.03711	0.00772	0.00629	0.00201	0.00846	0.00653	0.00338	0.00878
5	0.01116	0.00715	0.00930	0.00852	0.01045	0.00651	0.00647	0.01414	0.01845	0.09342	0.62012	0.04742	0.09523	0.01313	0.00766	0.00208	0.00336	0.01151	0.00727	0.00665
6	0.00955	0.00649	0.00770	0.00770	0.00789	0.00667	0.00464	0.00991	0.00973	0.01315	0.02026	0.04043	0.02278	0.65776	0.14281	0.00703	0.00812	0.00919	0.00392	0.00428
7	0.01800	0.70265	0.04914	0.01184	0.01741	0.07730	0.01166	0.02021	0.01377	0.01565	0.00929	0.01073	0.00845	0.00573	0.00439	0.00144	0.00745	0.00360	0.00286	0.00842
8	0.01429	0.03133	0.62700	0.05863	0.02864	0.01574	0.02286	0.08613	0.01549	0.02260	0.01219	0.01428	0.00864	0.00643	0.00630	0.00208	0.00944	0.00502	0.00315	0.00974
9	0.00909	0.00620	0.00739	0.00786	0.00800	0.00610	0.00473	0.00949	0.01053	0.01406	0.02545	0.26436	0.02980	0.52387	0.04050	0.00533	0.00583	0.01233	0.00463	0.00445
10	0.01243	0.01170	0.01975	0.75282	0.04534	0.01463	0.01828	0.01682	0.01316	0.01682	0.01170	0.01755	0.00878	0.00658	0.00658	0.00219	0.00878	0.00585	0.00293	0.00731
11	0.02580	0.01657	0.01853	0.01427	0.01944	0.01772	0.01177	0.52254	0.05142	0.20530	0.01860	0.01767	0.01271	0.00800	0.00660	0.00200	0.00678	0.00614	0.00696	0.01117
12	0.02317	0.01613	0.01736	0.01354	0.01819	0.01763	0.01111	0.56395	0.02764	0.06960	0.01718	0.01751	0.01234	0.00788	0.00627	0.00191	0.00650	0.00599	0.13575	0.01038
13	0.00814	0.00585	0.00753	0.00882	0.00930	0.00545	0.00585	0.00922	0.01251	0.01652	0.03702	0.65414	0.08843	0.08495	0.01053	0.00296	0.00401	0.01760	0.00593	0.00524
14	0.02323	0.02918	0.01819	0.01656	0.01968	0.66796	0.01249	0.02496	0.01782	0.01605	0.01060	0.01287	0.00900	0.00970	0.05387	0.00231	0.04016	0.00448	0.00338	0.00750
15	0.04639	0.15618	0.02111	0.01369	0.01862	0.05979	0.01157	0.47262	0.02524	0.03376	0.01449	0.01510	0.01083	0.00736	0.00590	0.00183	0.00710	0.00534	0.06307	0.01001
16	0.00802	0.00573	0.00764	0.00917	0.00955	0.00535	0.00611	0.00917	0.01260	0.01681	0.03628	0.76434	0.04354	0.02062	0.00840	0.00267	0.00382	0.01872	0.00611	0.00535
17	0.00909	0.00762	0.00889	0.00880	0.01085	0.00708	0.02763	0.01263	0.09100	0.01876	0.05244	0.23073	0.44164	0.01649	0.00785	0.00235	0.00396	0.02995	0.00609	0.00615
18	0.02063	0.01375	0.01691	0.06483	0.04961	0.04911	0.04881	0.16656	0.11259	0.21054	0.02112	0.05979	0.01625	0.02200	0.00707	0.00213	0.00650	0.01971	0.08259	0.00949
19	0.01382	0.01346	0.02219	0.19052	0.19814	0.01579	0.08600	0.01705	0.01275	0.01799	0.01352	0.01866	0.03354	0.01230	0.08355	0.00317	0.22996	0.00641	0.00320	0.00800
20	0.00814	0.00586	0.00774	0.00920	0.00972	0.00547	0.00628	0.00940	0.01284	0.01699	0.03757	0.69912	0.07369	0.02033	0.00841	0.00267	0.00391	0.05116	0.00611	0.00539
21	0.05271	0.03231	0.66915	0.01865	0.02797	0.01532	0.05254	0.02079	0.01384	0.02129	0.01175	0.01391	0.00835	0.00622	0.00621	0.00209	0.00956	0.00493	0.00287	0.00957
22	0.01609	0.07009	0.02647	0.03308	0.51070	0.03240	0.08336	0.02086	0.06257	0.02114	0.01584	0.01880	0.04596	0.00658	0.00653	0.00197	0.00777	0.00634	0.00361	0.00983
23	0.00891	0.00683	0.01026	0.01089	0.01187	0.00645	0.05622	0.01062	0.01316	0.01750	0.03446	0.61772	0.04039	0.01922	0.00845	0.00269	0.00464	0.10812	0.00591	0.00569
24	0.01420	0.08593	0.01575	0.02950	0.01643	0.02788	0.00865	0.01826	0.07141	0.02090	0.01387	0.05120	0.01208	0.00614	0.00520	0.00125	0.00532	0.00494	0.00410	0.58698
25	0.01696	0.01323	0.02090	0.06748	0.11953	0.01239	0.14729	0.07382	0.01630	0.12860	0.03534	0.07101	0.01486	0.00836	0.02363	0.00205	0.00723	0.00696	0.00472	0.20934
26	0.00835	0.00659	0.00753	0.00750	0.00930	0.00577	0.00555	0.01048	0.01606	0.02076	0.29862	0.12962	0.41861	0.01593	0.00784	0.00221	0.00330	0.01367	0.00652	0.00577
27	0.01815	0.01696	0.07117	0.17679	0.35737	0.07864	0.01773	0.04425	0.01592	0.11907	0.01401	0.01683	0.01062	0.00650	0.00648	0.00200	0.00818	0.00576	0.00396	0.00963
28	0.01701	0.43606	0.02551	0.01094	0.01654	0.04344	0.00999	0.01942	0.01393	0.05316	0.01094	0.01230	0.00931	0.00552	0.00464	0.00129	0.00636	0.00383	0.00349	0.29632
29	0.29840	0.31105	0.04371	0.04312	0.01749	0.11940	0.01064	0.02101	0.01362	0.05587	0.01032	0.01177	0.00839	0.00614	0.00469	0.00175	0.00711	0.00393	0.00360	0.00800
30	0.01868	0.01407	0.01693	0.05057	0.10709	0.01540	0.01196	0.18553	0.29607	0.09077	0.02197	0.05363	0.01716	0.00876	0.00666	0.00212	0.00606	0.02086	0.04572	0.01001
31	0.00927	0.00676	0.00891	0.00846	0.01000	0.00639	0.00637	0.01225	0.01769	0.02496	0.62880	0.04731	0.08106	0.01723	0.08254	0.00294	0.00459	0.01148	0.00683	0.00615
32	0.02050	0.01410	0.03232	0.01309	0.01742	0.01472	0.01065	0.12296	0.39738	0.20905	0.05668	0.02371	0.01958	0.00874	0.00670	0.00214	0.00559	0.00717	0.00699	0.01052
33	0.00948	0.00641	0.00724	0.00721	0.00739	0.00634	0.00415	0.00971	0.01027	0.01367	0.05771	0.04432	0.05815	0.69655	0.03105	0.00598	0.00608	0.00989	0.00425	0.00417
34	0.01451	0.12204	0.55028	0.01859	0.02723	0.05244	0.08479	0.02100	0.01422	0.01999	0.01155	0.01375	0.00851	0.00614	0.00613	0.00200	0.00963	0.00494	0.00286	0.00939
35	0.01281	0.00805	0.00967	0.00865	0.01129	0.00706	0.00657	0.01536	0.03212	0.14135	0.20567	0.08440	0.25588	0.07100	0.00931	0.00240	0.00417	0.02436	0.00637	0.08351
36	0.01144	0.00739	0.00905	0.00847	0.01047	0.00683	0.00643	0.01448	0.03975	0.09313	0.37920	0.04837	0.18840	0.06773	0.00939	0.00244	0.00385	0.04421	0.04243	0.00654
37	0.00912	0.00692	0.00734	0.00710	0.00942	0.00585	0.00537	0.01097	0.01556	0.05774	0.12735	0.05976	0.62268	0.01590	0.00772	0.00220	0.00344	0.01331	0.00633	0.00593
38	0.04685	0.15383	0.21418	0.01602	0.02154	0.36212	0.01530	0.02396	0.05442	0.01837	0.01132	0.01286	0.00903	0.00654	0.00572	0.00179	0.00989	0.00444	0.00334	0.00847
39	0.04290	0.01270	0.01429	0.01237	0.01617	0.01370	0.00974	0.07614	0.39803	0.18860	0.07859	0.06545	0.02270	0.00958	0.00677	0.00218	0.00520	0.00799	0.00695	0.00996
40	0.00965	0.00695	0.00845	0.00834	0.00998	0.00632	0.00621	0.01178	0.01546	0.03876	0.28958	0.10629	0.22100	0.11950	0.01141	0.00283	0.00412	0.08732	0.00621	0.02983
41	0.13442	0.17368	0.36360	0.01686	0.02423	0.05322	0.10677	0.02070	0.01384	0.02089	0.01101	0.01317	0.00840	0.00605	0.00571	0.00194	0.00879	0.00475	0.00308	0.00888
42	0.00916	0.00657	0.00903	0.01033	0.01126	0.00644	0.00796	0.01121	0.01375	0.01831	0.07208	0.41328	0.04049	0.02139	0.06142	0.00334	0.00561	0.26671	0.00597	0.00570
43	0.01840	0.02676	0.33397	0.01833	0.02536	0.12725	0.09988	0.17275	0.05004	0.04452	0.01368	0.01518	0.00993	0.00678	0.00649	0.00202	0.00936	0.00551	0.00410	0.00970
44	0.00843	0.00616	0.00807	0.00921	0.00998	0.00559	0.00623	0.00970	0.01268	0.01714	0.03452	0.71036	0.04111	0.01949	0.00815	0.00255	0.00390	0.01765	0.00595	0.06313
45	0.75710	0.01223	0.00953	0.00869	0.01250	0.01409	0.00706	0.01862	0.01130	0.02862	0.01112	0.06489	0.00975	0.00715	0.00439	0.00208	0.00500	0.00465	0.00422	0.00700
46	0.01484	0.01397	0.04314	0.24659	0.02638	0.01752	0.01560	0.01748	0.01180	0.06782	0.01095	0.01595	0.00922	0.00956	0.01533	0.00258	0.44457	0.00582	0.00327	0.00761
47	0.10019	0.04674	0.04016	0.06995	0.17991	0.03830	0.03157	0.04083	0.13546	0.11514	0.04184	0.03756	0.01642	0.00834	0.00678	0.00213	0.02192	0.05263	0.00498	0.00915
48	0.03198	0.01054	0.01253	0.01259	0.06502	0.02708	0.00903	0.10776	0.03508	0.04458	0.12916	0.10331	0.10251	0.07450	0.00941	0.00251	0.00541	0.11909	0.00568	0.09221
49	0.09956	0.15430	0.11385	0.08380	0.02228	0.15042	0.06557	0.03933	0.06420	0.02029	0.03455	0.01682	0.01188	0.00828	0.02421	0.00219	0.05578	0.02078	0.00370	0.00820

[dist]
# distance from previous block
# <min> <max>
0	6

[block]
# block no. 3 follows, 33 sequences, length 28
# corresponding to MSA columns:
# 194-221
name=unknown_D
#
# <colnr> <probs for GDERKNQSTAVLIFYWHMCP>
#	G	D	E	R	K	N	Q	S	T	A	V	L	I	F	Y	W	H	M	C	P
0	0.01554	0.03080	0.01724	0.27553	0.04872	0.11465	0.01333	0.03628	0.08957	0.05109	0.01678	0.07373	0.01478	0.03424	0.00819	0.00224	0.04341	0.03763	0.00421	0.07205
1	0.01092	0.00953	0.01017	0.01029	0.03641	0.06960	0.00719	0.01367	0.03943	0.02108	0.28658	0.18406	0.15438	0.04985	0.00868	0.00231	0.00455	0.01187	0.00595	0.06347
2	0.01668	0.07715	0.02237	0.15590	0.18108	0.10078	0.07020	0.08636	0.08508	0.02181	0.04537	0.05424	0.01452	0.00778	0.00703	0.00204	0.03201	0.00668	0.00414	0.00879
3	0.02127	0.06292	0.04684	0.01533	0.01949	0.33246	0.01235	0.13769	0.23844	0.02393	0.01630	0.01649	0.01255	0.00755	0.00620	0.00191	0.00870	0.00550	0.00489	0.00920
4	0.01446	0.06196	0.15521	0.05156	0.23660	0.04883	0.08859	0.04232	0.01512	0.02058	0.04480	0.15534	0.01793	0.00907	0.00684	0.00211	0.00776	0.00829	0.00395	0.00869
5	0.01573	0.12133	0.34699	0.02054	0.14059	0.03414	0.04496	0.08503	0.04978	0.02204	0.01312	0.01606	0.01035	0.04278	0.00744	0.00217	0.00856	0.00540	0.00350	0.00950
6	0.01619	0.12285	0.33817	0.01871	0.02602	0.06839	0.17422	0.05250	0.01560	0.05382	0.01482	0.01675	0.03912	0.00665	0.00641	0.00200	0.00927	0.00581	0.00352	0.00918
7	0.01326	0.01204	0.01947	0.14013	0.34697	0.01243	0.02886	0.01726	0.04241	0.02040	0.06932	0.12844	0.05329	0.01002	0.00715	0.00220	0.00672	0.05688	0.00434	0.00839
8	0.04308	0.02669	0.01402	0.04863	0.02964	0.04012	0.07044	0.04291	0.04926	0.06644	0.08285	0.36190	0.03134	0.02874	0.00805	0.00245	0.00563	0.03519	0.00562	0.00701
9	0.04155	0.07625	0.12520	0.01662	0.08430	0.03873	0.05690	0.05500	0.06789	0.24004	0.01947	0.02059	0.03804	0.04401	0.00841	0.00225	0.04367	0.00634	0.00521	0.00952
10	0.00969	0.00756	0.01134	0.01053	0.01166	0.00738	0.08414	0.01114	0.01196	0.01616	0.06849	0.26447	0.04352	0.31353	0.09426	0.00485	0.00702	0.01219	0.00477	0.00533
11	0.01500	0.26214	0.49081	0.01638	0.02460	0.04646	0.01984	0.02071	0.01392	0.01901	0.01093	0.01279	0.00838	0.00608	0.00562	0.00186	0.00898	0.00443	0.00281	0.00925
12	0.01361	0.01304	0.02283	0.59589	0.04223	0.01527	0.12865	0.05471	0.01451	0.01884	0.01218	0.01749	0.00910	0.00649	0.00677	0.00219	0.00907	0.00616	0.00319	0.00778
13	0.01937	0.51456	0.08047	0.01278	0.01832	0.07983	0.01238	0.08174	0.01574	0.07556	0.01134	0.01241	0.00932	0.00632	0.00534	0.00162	0.02620	0.00419	0.00362	0.00891
14	0.01509	0.01126	0.01250	0.01127	0.01388	0.03582	0.00871	0.13003	0.18195	0.05469	0.17692	0.06544	0.06133	0.03722	0.01027	0.09668	0.00533	0.05778	0.00611	0.00772
15	0.02459	0.03138	0.01866	0.01696	0.02035	0.74221	0.01272	0.02629	0.01866	0.01611	0.01018	0.01187	0.00848	0.00678	0.00594	0.00170	0.01187	0.00424	0.00339	0.00763
16	0.01144	0.00572	0.00858	0.00858	0.00858	0.00572	0.00572	0.00858	0.00858	0.01144	0.01144	0.02001	0.01144	0.02287	0.02573	0.80846	0.00572	0.00572	0.00286	0.00286
17	0.01213	0.00980	0.01117	0.01028	0.01279	0.01038	0.00787	0.02156	0.30732	0.02624	0.38704	0.04001	0.09309	0.01182	0.00732	0.00215	0.00399	0.01020	0.00694	0.00791
18	0.01534	0.01466	0.02479	0.14410	0.59447	0.01504	0.01924	0.01922	0.01472	0.02065	0.01473	0.01860	0.04235	0.00646	0.00658	0.00200	0.00776	0.00622	0.00334	0.00975
19	0.01252	0.00729	0.00839	0.00812	0.00990	0.00761	0.00629	0.03581	0.04833	0.04243	0.05942	0.02779	0.02005	0.01664	0.14950	0.00345	0.00633	0.03352	0.49004	0.00658
20	0.05659	0.06313	0.12102	0.05472	0.11920	0.01697	0.15356	0.09654	0.01596	0.09619	0.01330	0.01598	0.01011	0.00726	0.00893	0.00217	0.12918	0.00593	0.00402	0.00925
21	0.01462	0.15838	0.51757	0.01791	0.05575	0.04956	0.02060	0.02067	0.01406	0.01978	0.01130	0.01333	0.00852	0.00609	0.00584	0.00189	0.00905	0.00460	0.00289	0.04760
22	0.01776	0.43702	0.15752	0.01326	0.01926	0.05630	0.01357	0.05193	0.01473	0.05993	0.01113	0.01254	0.00911	0.00624	0.00570	0.00164	0.03879	0.00421	0.00340	0.06595
23	0.04503	0.15456	0.30453	0.01694	0.02415	0.01733	0.11471	0.10171	0.03878	0.06657	0.01328	0.01483	0.00982	0.00637	0.00605	0.00192	0.00838	0.00527	0.00386	0.04589
24	0.14635	0.01811	0.05234	0.01339	0.04752	0.25929	0.00995	0.01841	0.01363	0.01802	0.01316	0.02019	0.01244	0.16840	0.07503	0.05053	0.00913	0.00565	0.00359	0.04487
25	0.01342	0.10053	0.05402	0.01187	0.01489	0.03287	0.04298	0.06309	0.08751	0.05114	0.06701	0.25032	0.07126	0.03480	0.07104	0.00303	0.00673	0.01075	0.00530	0.00743
26	0.09465	0.01378	0.04506	0.07710	0.01886	0.05077	0.05001	0.07067	0.01461	0.04665	0.01378	0.01918	0.01197	0.13153	0.01014	0.00235	0.00664	0.00551	0.00410	0.31265
27	0.01835	0.12279	0.14375	0.06016	0.09634	0.16713	0.01447	0.10901	0.01708	0.05190	0.01436	0.01710	0.03102	0.04794	0.00745	0.00205	0.00837	0.00538	0.00393	0.06141

[dist]
# distance from previous block
# <min> <max>
1	23

[block]
# block no. 4 follows, 33 sequences, length 33
# corresponding to MSA columns:
# 245-277
name=unknown_E
#
# <colnr> <probs for GDERKNQSTAVLIFYWHMCP>
#	G	D	E	R	K	N	Q	S	T	A	V	L	I	F	Y	W	H	M	C	P
0	0.29596	0.01762	0.11917	0.01542	0.02073	0.06311	0.16784	0.04537	0.01473	0.09333	0.01595	0.04882	0.04006	0.00737	0.00602	0.00210	0.00756	0.00620	0.00434	0.00832
1	0.05922	0.07491	0.05770	0.01589	0.10123	0.05831	0.07332	0.04921	0.04236	0.04786	0.04246	0.08493	0.08141	0.09859	0.00968	0.00250	0.00676	0.02049	0.00452	0.06864
2	0.03817	0.07651	0.04857	0.07849	0.02036	0.02934	0.13559	0.04081	0.04032	0.05221	0.07189	0.02620	0.01830	0.10447	0.13040	0.00396	0.00919	0.03725	0.00427	0.03372
3	0.06204	0.01493	0.02131	0.07976	0.15790	0.05070	0.12239	0.11684	0.04025	0.08821	0.04636	0.06269	0.01501	0.00780	0.00701	0.00203	0.02614	0.00697	0.00470	0.06695
4	0.01474	0.01369	0.04105	0.01253	0.01800	0.01154	0.06239	0.07096	0.01484	0.02247	0.01187	0.01421	0.00973	0.00581	0.00679	0.00136	0.07359	0.00455	0.00394	0.58594
5	0.01403	0.01507	0.08240	0.35437	0.33570	0.01477	0.01912	0.01843	0.01423	0.01957	0.04120	0.01800	0.01163	0.00653	0.00658	0.00208	0.00821	0.00602	0.00323	0.00881
6	0.00873	0.00690	0.00790	0.00773	0.00961	0.00620	0.00576	0.01156	0.04141	0.02160	0.33268	0.10058	0.38496	0.01533	0.00777	0.00219	0.00334	0.01315	0.00660	0.00599
7	0.01593	0.01594	0.02793	0.11277	0.51953	0.03138	0.13904	0.02013	0.01497	0.02082	0.01243	0.01659	0.01014	0.00591	0.00673	0.00202	0.00858	0.00616	0.00324	0.00977
8	0.01033	0.00759	0.00998	0.01104	0.01246	0.00763	0.00899	0.01404	0.06946	0.01975	0.07301	0.20726	0.05992	0.04838	0.00965	0.00295	0.00531	0.40998	0.00610	0.00617
9	0.01394	0.01158	0.01318	0.01202	0.01472	0.01309	0.00949	0.08015	0.31682	0.02391	0.05875	0.03443	0.13237	0.03456	0.08995	0.00334	0.06531	0.05822	0.00586	0.00831
10	0.02403	0.01575	0.01771	0.01360	0.01882	0.01634	0.01116	0.43198	0.06417	0.18765	0.01808	0.01744	0.01261	0.00762	0.00637	0.00187	0.00646	0.00590	0.00658	0.11587
11	0.00815	0.00602	0.00763	0.00862	0.00948	0.00550	0.00594	0.00965	0.01382	0.01825	0.13324	0.54997	0.16161	0.01900	0.00821	0.00252	0.00364	0.01699	0.00626	0.00550
12	0.01410	0.00927	0.01050	0.00934	0.01202	0.03650	0.00722	0.03648	0.05930	0.15436	0.33831	0.04402	0.21724	0.01262	0.00739	0.00210	0.00421	0.01071	0.00692	0.00741
13	0.81514	0.01273	0.00968	0.00866	0.01273	0.01477	0.00713	0.01935	0.01120	0.02954	0.00917	0.01069	0.00713	0.00611	0.00407	0.00204	0.00509	0.00356	0.00407	0.00713
14	0.01382	0.00698	0.00741	0.00698	0.00878	0.00692	0.00522	0.03980	0.01441	0.07948	0.02157	0.02575	0.01727	0.07644	0.00744	0.00203	0.00371	0.00648	0.64302	0.00651
15	0.01757	0.59816	0.07737	0.01274	0.01795	0.08091	0.01251	0.01995	0.01353	0.01592	0.00936	0.01123	0.00846	0.00629	0.00606	0.00161	0.07529	0.00387	0.00286	0.00835
16	0.01363	0.00807	0.01000	0.00904	0.01145	0.00739	0.00690	0.05347	0.01744	0.15879	0.28981	0.12323	0.20585	0.01406	0.00824	0.03313	0.00405	0.01155	0.00682	0.00706
17	0.70670	0.01529	0.01091	0.00980	0.01378	0.11456	0.00790	0.02030	0.01223	0.02770	0.00931	0.01086	0.00731	0.00620	0.00433	0.00199	0.00602	0.00366	0.00398	0.00720
18	0.01586	0.01301	0.01484	0.01080	0.01654	0.01104	0.00872	0.15041	0.01701	0.02534	0.01250	0.01407	0.01003	0.00546	0.00521	0.00117	0.00534	0.00429	0.00442	0.65394
19	0.00838	0.00618	0.00770	0.00876	0.00962	0.00571	0.00615	0.00972	0.01311	0.01695	0.04123	0.47909	0.18648	0.08669	0.01060	0.00295	0.00418	0.08527	0.00592	0.00534
20	0.01191	0.00801	0.00934	0.00844	0.01086	0.00739	0.00650	0.06749	0.01808	0.08803	0.33264	0.04850	0.30022	0.01352	0.00745	0.00210	0.00374	0.01148	0.03749	0.00681
21	0.00813	0.00662	0.00682	0.00681	0.00864	0.00572	0.00487	0.00957	0.01422	0.01723	0.08050	0.05954	0.58718	0.14114	0.01204	0.00291	0.00383	0.01311	0.00580	0.00532
22	0.04758	0.07427	0.01936	0.06306	0.01884	0.11338	0.05161	0.01703	0.01213	0.01657	0.01156	0.01721	0.01068	0.04087	0.16099	0.00415	0.30465	0.00579	0.00319	0.00709
23	0.01711	0.01825	0.02900	0.02172	0.02694	0.13404	0.41754	0.06180	0.01711	0.04687	0.05698	0.02210	0.06890	0.00741	0.00763	0.00212	0.02419	0.00771	0.00413	0.00846
24	0.01031	0.00805	0.01072	0.01030	0.01070	0.00947	0.00744	0.01140	0.01022	0.01445	0.01871	0.08880	0.02026	0.34306	0.25052	0.00674	0.15097	0.00879	0.00380	0.00529
25	0.01533	0.01029	0.01127	0.01027	0.01260	0.03777	0.00788	0.11873	0.05522	0.10019	0.02678	0.03830	0.08450	0.20388	0.03760	0.00351	0.00621	0.11059	0.10193	0.00713
26	0.01333	0.03315	0.69589	0.01926	0.02882	0.01536	0.06206	0.02086	0.01399	0.02086	0.01190	0.01411	0.00843	0.00622	0.00634	0.00209	0.00981	0.00503	0.00281	0.00968
27	0.01274	0.01199	0.02028	0.41436	0.14182	0.01342	0.07989	0.01717	0.03684	0.01870	0.03774	0.07428	0.05390	0.00855	0.00699	0.00222	0.00784	0.02978	0.00376	0.00774
28	0.00949	0.00660	0.00832	0.00904	0.01016	0.00616	0.00633	0.01178	0.04530	0.05118	0.11860	0.52148	0.13442	0.01818	0.00809	0.00250	0.00382	0.01623	0.00636	0.00597
29	0.00969	0.00813	0.03791	0.00877	0.01093	0.00672	0.00696	0.01244	0.04362	0.04991	0.12012	0.22685	0.35897	0.01628	0.00786	0.00235	0.00404	0.05602	0.00620	0.00622
30	0.01462	0.03256	0.04078	0.01067	0.01390	0.03057	0.00863	0.12193	0.04313	0.07750	0.22384	0.14284	0.05308	0.03619	0.00779	0.00213	0.00504	0.00968	0.02602	0.09910
31	0.16848	0.01450	0.01641	0.06227	0.04043	0.07173	0.05929	0.09636	0.08861	0.08051	0.01436	0.01614	0.01101	0.00787	0.00732	0.06500	0.00668	0.00527	0.00461	0.16314
32	0.07708	0.27161	0.09615	0.01680	0.11596	0.15329	0.01332	0.02149	0.03662	0.03533	0.01128	0.01300	0.00931	0.00605	0.00526	0.00164	0.00784	0.00435	0.00344	0.10017

[dist]
# distance from previous block
# <min> <max>
8	44

# created by:
# /home/berkeley/.conda/envs/busco_data_prod/bin/msa2prfl.pl pipeline/OGs_align_augustus/4893/2575.fs
