[name]
unknown

[dist]
# distance from previous block
# <min> <max>
0	43

[block]
# block no. 0 follows, 34 sequences, length 86
# corresponding to MSA columns:
# 43-128
name=unknown_A
#
# <colnr> <probs for GDERKNQSTAVLIFYWHMCP>
#	G	D	E	R	K	N	Q	S	T	A	V	L	I	F	Y	W	H	M	C	P
0	0.04755	0.24722	0.15829	0.01349	0.01877	0.07191	0.01315	0.06125	0.12055	0.09630	0.01569	0.03964	0.01270	0.00757	0.00618	0.00189	0.03156	0.02297	0.00435	0.00895
1	0.01702	0.19597	0.22787	0.01717	0.02370	0.03867	0.16551	0.04014	0.10006	0.09131	0.01451	0.01578	0.01079	0.00640	0.00609	0.00192	0.00830	0.00557	0.00395	0.00928
2	0.03648	0.22159	0.19150	0.07182	0.02373	0.03956	0.09530	0.11256	0.01589	0.04022	0.01169	0.01383	0.00907	0.00637	0.00644	0.00185	0.04344	0.00496	0.00356	0.05014
3	0.01647	0.01936	0.08835	0.14779	0.02639	0.16439	0.13717	0.06193	0.01509	0.01932	0.01119	0.01471	0.00896	0.00702	0.00889	0.00201	0.14069	0.00543	0.00335	0.10148
4	0.03980	0.08505	0.13335	0.12350	0.02475	0.12936	0.11076	0.02226	0.03425	0.14293	0.05943	0.01791	0.01350	0.00692	0.00624	0.00193	0.00823	0.00584	0.00427	0.02973
5	0.09085	0.01410	0.01885	0.53342	0.03666	0.09040	0.03475	0.04637	0.01397	0.01870	0.01120	0.01584	0.00856	0.00663	0.00671	0.00210	0.03489	0.00542	0.00318	0.00739
6	0.00787	0.00565	0.00747	0.00892	0.00935	0.00525	0.00596	0.00901	0.01244	0.01652	0.03653	0.74704	0.06381	0.02012	0.00823	0.00261	0.00373	0.01822	0.00600	0.00525
7	0.00930	0.00623	0.00707	0.00716	0.00719	0.00620	0.00404	0.00937	0.00957	0.01277	0.02127	0.08585	0.02464	0.72778	0.03141	0.00605	0.00611	0.00993	0.00404	0.00400
8	0.01341	0.01186	0.01926	0.69221	0.04226	0.01456	0.01737	0.05826	0.01412	0.03823	0.01212	0.01726	0.00896	0.00658	0.00646	0.00214	0.00844	0.00577	0.00323	0.00751
9	0.00850	0.00594	0.00733	0.00813	0.00846	0.00568	0.00516	0.00928	0.01152	0.01534	0.05638	0.43827	0.05820	0.31090	0.01773	0.00400	0.00468	0.01450	0.00523	0.00477
10	0.01340	0.01148	0.01340	0.00957	0.01531	0.00861	0.00766	0.01627	0.01340	0.02105	0.01148	0.01340	0.00957	0.00479	0.00479	0.00096	0.00479	0.00383	0.00383	0.81242
11	0.00940	0.00626	0.00705	0.00705	0.00705	0.00626	0.00392	0.00940	0.00940	0.01253	0.02036	0.04228	0.02349	0.77292	0.03289	0.00626	0.00626	0.00940	0.00392	0.00392
12	0.01629	0.01528	0.02413	0.03278	0.52553	0.01651	0.01789	0.07018	0.04328	0.02180	0.01232	0.01595	0.01036	0.00700	0.00902	0.00209	0.14055	0.00581	0.00351	0.00973
13	0.00818	0.00599	0.00722	0.00801	0.00874	0.00553	0.00531	0.00923	0.01242	0.01611	0.05688	0.43814	0.19233	0.17929	0.01334	0.00328	0.00416	0.01523	0.00558	0.00503
14	0.01340	0.01148	0.01340	0.00957	0.01531	0.00861	0.00766	0.01627	0.01340	0.02105	0.01148	0.01340	0.00957	0.00479	0.00479	0.00096	0.00479	0.00383	0.00383	0.81242
15	0.02086	0.01995	0.01815	0.01664	0.06812	0.21722	0.01232	0.24339	0.23234	0.02738	0.01671	0.01701	0.01272	0.00777	0.00694	0.00198	0.03985	0.00580	0.00526	0.00959
16	0.01734	0.01272	0.01436	0.07111	0.01676	0.01393	0.00938	0.36904	0.02050	0.02739	0.01761	0.04766	0.01646	0.29821	0.01654	0.00362	0.00681	0.00753	0.00520	0.00783
17	0.03908	0.03725	0.01609	0.07525	0.01787	0.01137	0.06082	0.01993	0.01541	0.25126	0.15987	0.11422	0.02542	0.01050	0.00893	0.00220	0.11199	0.00866	0.00579	0.00810
18	0.39546	0.01404	0.01358	0.03213	0.07177	0.05449	0.00968	0.11450	0.09394	0.05495	0.07515	0.01705	0.01433	0.00727	0.00538	0.00199	0.00581	0.00533	0.00491	0.00825
19	0.01723	0.00910	0.01137	0.00999	0.01309	0.00847	0.00784	0.02148	0.10411	0.29529	0.15185	0.11936	0.15563	0.01218	0.00718	0.00217	0.00446	0.03394	0.00702	0.00827
20	0.01261	0.01190	0.02012	0.67953	0.11916	0.01446	0.01815	0.01687	0.01311	0.01701	0.01156	0.01709	0.00879	0.00638	0.00645	0.00213	0.00851	0.00574	0.00291	0.00751
21	0.01694	0.01488	0.02198	0.08638	0.41891	0.01578	0.01639	0.09542	0.18117	0.04249	0.01610	0.01809	0.01255	0.00678	0.00645	0.00201	0.00704	0.00614	0.00442	0.01009
22	0.09626	0.00735	0.00853	0.00829	0.01010	0.00699	0.00606	0.01308	0.01430	0.08998	0.20335	0.19906	0.17932	0.07575	0.01020	0.04370	0.00408	0.01167	0.00592	0.00601
23	0.52584	0.01218	0.01069	0.00920	0.01302	0.01366	0.00751	0.12157	0.01469	0.06852	0.01284	0.01409	0.00964	0.00662	0.00458	0.00191	0.00501	0.00442	0.13634	0.00765
24	0.00910	0.00660	0.00857	0.00808	0.00962	0.00608	0.00606	0.01210	0.01818	0.02564	0.70789	0.04871	0.08246	0.01331	0.00762	0.00204	0.00306	0.01175	0.00708	0.00608
25	0.01015	0.00759	0.01092	0.01065	0.01205	0.00879	0.00833	0.05349	0.01158	0.01654	0.01720	0.02479	0.01584	0.04602	0.70289	0.00988	0.01670	0.00686	0.00364	0.00608
26	0.00867	0.00655	0.00784	0.00856	0.00955	0.00626	0.00586	0.01114	0.06670	0.01736	0.06361	0.45935	0.17775	0.10633	0.01086	0.00291	0.00403	0.01529	0.00584	0.00554
27	0.02636	0.01522	0.01761	0.01350	0.01860	0.01577	0.01115	0.43584	0.02557	0.32276	0.01955	0.01814	0.01302	0.00785	0.00648	0.00196	0.00646	0.00609	0.00708	0.01099
28	0.81856	0.01250	0.00950	0.00850	0.01250	0.01449	0.00700	0.01899	0.01100	0.02899	0.00900	0.01050	0.00700	0.00600	0.00400	0.00200	0.00500	0.00350	0.00400	0.00700
29	0.06112	0.00923	0.01158	0.00985	0.01333	0.00837	0.00792	0.02186	0.03493	0.36726	0.14697	0.05634	0.16127	0.01127	0.00696	0.00212	0.00462	0.04951	0.00705	0.00846
30	0.00815	0.00574	0.00742	0.00864	0.00895	0.00543	0.00562	0.00907	0.01183	0.01577	0.03282	0.63578	0.03921	0.15797	0.01276	0.00329	0.00421	0.01673	0.00562	0.00500
31	0.00924	0.00688	0.01018	0.01018	0.01127	0.00797	0.00783	0.01141	0.01032	0.01485	0.01749	0.02640	0.01659	0.09191	0.70447	0.01014	0.01664	0.00707	0.00349	0.00566
32	0.11306	0.01081	0.01389	0.01090	0.01551	0.00977	0.00895	0.02859	0.01766	0.60340	0.07998	0.02285	0.01861	0.00820	0.00632	0.00200	0.00525	0.00659	0.00749	0.01017
33	0.01034	0.00645	0.00840	0.00890	0.01013	0.00586	0.00629	0.01196	0.01419	0.09624	0.14575	0.50729	0.10867	0.01744	0.00790	0.00242	0.00378	0.01558	0.00639	0.00602
34	0.81856	0.01250	0.00950	0.00850	0.01250	0.01449	0.00700	0.01899	0.01100	0.02899	0.00900	0.01050	0.00700	0.00600	0.00400	0.00200	0.00500	0.00350	0.00400	0.00700
35	0.01172	0.00691	0.00809	0.00772	0.00873	0.00652	0.00496	0.01237	0.01160	0.11242	0.02849	0.09206	0.12387	0.50980	0.02402	0.00485	0.00556	0.01022	0.00491	0.00519
36	0.01122	0.00561	0.00842	0.00842	0.00842	0.00561	0.00561	0.00842	0.00842	0.01122	0.01122	0.01964	0.01122	0.02245	0.02525	0.81201	0.00561	0.00561	0.00281	0.00281
37	0.01180	0.00819	0.00967	0.00942	0.01120	0.00816	0.00691	0.10743	0.04977	0.04748	0.13866	0.34903	0.10484	0.03510	0.00807	0.00237	0.00419	0.01305	0.06803	0.00664
38	0.00940	0.00626	0.00705	0.00705	0.00705	0.00626	0.00392	0.00940	0.00940	0.01253	0.02036	0.04228	0.02349	0.77292	0.03289	0.00626	0.00626	0.00940	0.00392	0.00392
39	0.00799	0.00581	0.00749	0.00864	0.00927	0.00536	0.00585	0.00929	0.01299	0.01723	0.09349	0.62406	0.10891	0.03999	0.00882	0.00263	0.00372	0.01714	0.00603	0.00530
40	0.01727	0.77681	0.03386	0.01106	0.01658	0.02557	0.01106	0.01935	0.01313	0.01520	0.00898	0.01036	0.00829	0.00553	0.00415	0.00138	0.00691	0.00345	0.00276	0.00829
41	0.02359	0.01025	0.01281	0.01023	0.01422	0.00953	0.00832	0.09425	0.01823	0.45929	0.02321	0.02196	0.01566	0.00784	0.00591	0.00185	0.00493	0.00629	0.24208	0.00954
42	0.01233	0.00725	0.00960	0.00876	0.01076	0.00659	0.00665	0.01513	0.01785	0.14289	0.55725	0.10153	0.05206	0.01291	0.00748	0.00207	0.00351	0.01136	0.00717	0.00684
43	0.00779	0.00594	0.00717	0.00814	0.00915	0.00532	0.00562	0.00909	0.01319	0.01683	0.04599	0.52312	0.28163	0.01889	0.00803	0.00247	0.00358	0.01672	0.00600	0.00532
44	0.00925	0.00684	0.00996	0.00996	0.01096	0.00784	0.00754	0.01126	0.01026	0.01468	0.01770	0.02755	0.01709	0.14138	0.65569	0.00986	0.01589	0.00724	0.00352	0.00553
45	0.02456	0.01810	0.01939	0.01487	0.02004	0.02004	0.01228	0.71107	0.03038	0.04072	0.01551	0.01551	0.01099	0.00776	0.00646	0.00194	0.00711	0.00582	0.00646	0.01099
46	0.01509	0.01443	0.02460	0.21039	0.56893	0.01512	0.01938	0.01904	0.01429	0.02001	0.01199	0.01629	0.00985	0.00592	0.00641	0.00197	0.00790	0.00575	0.00312	0.00951
47	0.01322	0.01264	0.01735	0.01769	0.11281	0.04724	0.01265	0.01527	0.01154	0.01674	0.05470	0.01971	0.01407	0.03632	0.19610	0.00453	0.38066	0.00636	0.00334	0.00707
48	0.05804	0.01269	0.01518	0.01190	0.01655	0.03712	0.00973	0.15254	0.02033	0.50031	0.07875	0.02210	0.01805	0.00824	0.00646	0.00198	0.00579	0.00659	0.00732	0.01032
49	0.02414	0.03079	0.01831	0.01665	0.01998	0.74698	0.01248	0.02580	0.01831	0.01581	0.00999	0.01165	0.00832	0.00666	0.00583	0.00166	0.01165	0.00416	0.00333	0.00749
50	0.28975	0.01151	0.01311	0.01042	0.01512	0.01111	0.00859	0.02670	0.01579	0.47220	0.01943	0.01782	0.01274	0.00720	0.00560	0.00195	0.00530	0.00539	0.00650	0.04375
51	0.02456	0.01810	0.01939	0.01487	0.02004	0.02004	0.01228	0.71107	0.03038	0.04072	0.01551	0.01551	0.01099	0.00776	0.00646	0.00194	0.00711	0.00582	0.00646	0.01099
52	0.01754	0.54273	0.07722	0.01426	0.07482	0.02267	0.01260	0.10957	0.01552	0.01940	0.01112	0.03607	0.00990	0.00635	0.00489	0.00158	0.00707	0.00451	0.00338	0.00879
53	0.00875	0.00639	0.00825	0.00836	0.00965	0.00589	0.00614	0.01120	0.01639	0.02261	0.47392	0.22697	0.11353	0.01539	0.00783	0.00223	0.00336	0.04061	0.00670	0.00583
54	0.01476	0.01437	0.01977	0.01684	0.01715	0.01981	0.01403	0.05726	0.01112	0.01706	0.00890	0.01422	0.00863	0.01110	0.02032	0.00277	0.71588	0.00566	0.00305	0.00730
55	0.00899	0.00660	0.00842	0.00797	0.00956	0.00603	0.00597	0.01189	0.01792	0.02504	0.66057	0.04970	0.13015	0.01354	0.00762	0.00205	0.00307	0.01189	0.00700	0.00603
56	0.01699	0.01434	0.01513	0.01334	0.01715	0.01650	0.01045	0.10775	0.64602	0.02851	0.02513	0.02317	0.01878	0.00866	0.00656	0.00216	0.00533	0.00714	0.00656	0.01031
57	0.00940	0.00626	0.00705	0.00705	0.00705	0.00626	0.00392	0.00940	0.00940	0.01253	0.02036	0.04228	0.02349	0.77292	0.03289	0.00626	0.00626	0.00940	0.00392	0.00392
58	0.00841	0.00658	0.00762	0.00736	0.00920	0.00578	0.00552	0.01077	0.01656	0.02180	0.40640	0.05503	0.38634	0.01474	0.00763	0.00210	0.00316	0.01263	0.00657	0.00578
59	0.01727	0.77681	0.03386	0.01106	0.01658	0.02557	0.01106	0.01935	0.01313	0.01520	0.00898	0.01036	0.00829	0.00553	0.00415	0.00138	0.00691	0.00345	0.00276	0.00829
60	0.01122	0.00561	0.00842	0.00842	0.00842	0.00561	0.00561	0.00842	0.00842	0.01122	0.01122	0.01964	0.01122	0.02245	0.02525	0.81201	0.00561	0.00561	0.00281	0.00281
61	0.00780	0.00655	0.00678	0.00672	0.00883	0.00553	0.00504	0.00960	0.01512	0.01839	0.13867	0.06065	0.65620	0.01602	0.00763	0.00217	0.00325	0.01342	0.00612	0.00553
62	0.01340	0.01148	0.01340	0.00957	0.01531	0.00861	0.00766	0.01627	0.01340	0.02105	0.01148	0.01340	0.00957	0.00479	0.00479	0.00096	0.00479	0.00383	0.00383	0.81242
63	0.00975	0.00690	0.00795	0.00799	0.00866	0.00690	0.00525	0.01154	0.05378	0.01558	0.08234	0.04651	0.08158	0.52677	0.02476	0.00501	0.00568	0.08352	0.00471	0.00481
64	0.00778	0.00598	0.00713	0.00806	0.00913	0.00533	0.00558	0.00910	0.01327	0.01686	0.04703	0.49845	0.30562	0.01876	0.00801	0.00245	0.00357	0.01656	0.00600	0.00533
65	0.01204	0.00602	0.00602	0.00602	0.00753	0.00602	0.00452	0.01506	0.01355	0.02409	0.02108	0.02409	0.01656	0.00753	0.00452	0.00151	0.00301	0.00602	0.80879	0.00602
66	0.02454	0.01866	0.01934	0.01494	0.02003	0.05208	0.01229	0.68087	0.02985	0.03962	0.01527	0.01534	0.01087	0.00771	0.00644	0.00193	0.00731	0.00574	0.00633	0.01083
67	0.01547	0.01308	0.01396	0.01251	0.01595	0.01488	0.00973	0.06110	0.59555	0.02726	0.10312	0.02736	0.04264	0.00941	0.00671	0.00216	0.00493	0.00788	0.00661	0.00969
68	0.00976	0.00687	0.00838	0.00893	0.00960	0.00681	0.00596	0.06538	0.01294	0.01726	0.02916	0.46093	0.03398	0.25641	0.01589	0.00373	0.00487	0.03245	0.00538	0.00531
69	0.81856	0.01250	0.00950	0.00850	0.01250	0.01449	0.00700	0.01899	0.01100	0.02899	0.00900	0.01050	0.00700	0.00600	0.00400	0.00200	0.00500	0.00350	0.00400	0.00700
70	0.01209	0.00934	0.01165	0.01227	0.01440	0.00999	0.01036	0.01959	0.22387	0.02161	0.03187	0.05845	0.03202	0.01516	0.00823	0.00274	0.00570	0.48731	0.00613	0.00722
71	0.01024	0.00649	0.00824	0.00880	0.01014	0.00585	0.00628	0.01175	0.01383	0.09531	0.06653	0.48922	0.18668	0.01775	0.00792	0.00245	0.00388	0.03639	0.00626	0.00597
72	0.00833	0.00695	0.00731	0.00715	0.00931	0.00613	0.00539	0.01110	0.05378	0.01931	0.16785	0.05792	0.58592	0.01545	0.00758	0.00216	0.00334	0.01298	0.00621	0.00582
73	0.00914	0.00660	0.00864	0.00813	0.00965	0.00610	0.00610	0.01219	0.01829	0.02591	0.72921	0.04827	0.06097	0.01321	0.00762	0.00203	0.00305	0.01169	0.00711	0.00610
74	0.02433	0.02496	0.01881	0.01583	0.02000	0.41264	0.01239	0.34098	0.02386	0.02727	0.01253	0.01343	0.00955	0.00716	0.00612	0.00179	0.00956	0.00492	0.00477	0.00910
75	0.02359	0.01698	0.01851	0.01450	0.01937	0.01864	0.01203	0.63010	0.02870	0.06482	0.01738	0.02034	0.01327	0.00857	0.00666	0.00202	0.00696	0.06049	0.00648	0.01059
76	0.00764	0.00655	0.00655	0.00655	0.00873	0.00545	0.00491	0.00927	0.01473	0.01745	0.06546	0.06218	0.73000	0.01636	0.00764	0.00218	0.00327	0.01364	0.00600	0.00545
77	0.01375	0.17022	0.60961	0.01706	0.02587	0.01695	0.02151	0.02026	0.01355	0.01949	0.01111	0.01304	0.00820	0.00603	0.00577	0.00192	0.00906	0.00453	0.00273	0.00932
78	0.01599	0.01535	0.02623	0.03966	0.73262	0.01535	0.01983	0.01983	0.01471	0.02111	0.01215	0.01599	0.01023	0.00576	0.00640	0.00192	0.00768	0.00576	0.00320	0.01023
79	0.02387	0.06261	0.01909	0.01625	0.01983	0.65385	0.01240	0.08333	0.01910	0.01789	0.01041	0.01192	0.00855	0.00670	0.00581	0.00168	0.01106	0.00427	0.00357	0.00782
80	0.01243	0.01131	0.01836	0.65660	0.04026	0.01396	0.01663	0.01736	0.06581	0.01698	0.01258	0.01789	0.00960	0.00759	0.00760	0.05072	0.00817	0.00585	0.00315	0.00714
81	0.00787	0.00562	0.00750	0.00900	0.00937	0.00525	0.00600	0.00900	0.01237	0.01649	0.03561	0.76871	0.04274	0.02024	0.00825	0.00262	0.00375	0.01837	0.00600	0.00525
82	0.00799	0.00589	0.00752	0.00876	0.00951	0.00542	0.00609	0.00932	0.01293	0.01683	0.04056	0.60582	0.15844	0.01944	0.00819	0.00257	0.00381	0.05958	0.00600	0.00533
83	0.01538	0.04936	0.18311	0.02412	0.03111	0.04014	0.49921	0.03919	0.01534	0.02082	0.01258	0.01614	0.00939	0.00569	0.00710	0.00210	0.01039	0.00672	0.00322	0.00889
84	0.39779	0.29539	0.01925	0.01019	0.01452	0.06212	0.00897	0.03741	0.01276	0.02250	0.01039	0.03573	0.00916	0.00795	0.03191	0.00208	0.00657	0.00419	0.00361	0.00751
85	0.02605	0.01368	0.05706	0.01215	0.01709	0.05721	0.01042	0.06981	0.01880	0.55746	0.05516	0.02267	0.03549	0.00824	0.00651	0.00198	0.00606	0.00662	0.00721	0.01033

[dist]
# distance from previous block
# <min> <max>
5	14

[block]
# block no. 1 follows, 34 sequences, length 82
# corresponding to MSA columns:
# 143-224
name=unknown_B
#
# <colnr> <probs for GDERKNQSTAVLIFYWHMCP>
#	G	D	E	R	K	N	Q	S	T	A	V	L	I	F	Y	W	H	M	C	P
0	0.38703	0.00910	0.00884	0.00908	0.01134	0.00988	0.00701	0.01435	0.01230	0.02310	0.05341	0.29718	0.02615	0.01298	0.00632	0.00235	0.00457	0.09371	0.00511	0.00619
1	0.02024	0.42256	0.02682	0.01282	0.01803	0.04928	0.01153	0.28360	0.05542	0.02553	0.01237	0.01306	0.00989	0.00658	0.00521	0.00164	0.00707	0.00457	0.00438	0.00939
2	0.02306	0.01966	0.06354	0.01634	0.02176	0.07446	0.08298	0.52492	0.02654	0.05986	0.01496	0.01553	0.01067	0.00735	0.00651	0.00195	0.00792	0.00584	0.00574	0.01041
3	0.02075	0.01647	0.02357	0.05164	0.02396	0.04799	0.20556	0.25551	0.06805	0.13907	0.01618	0.01745	0.01162	0.00738	0.00786	0.00210	0.06347	0.00644	0.00526	0.00970
4	0.01106	0.00888	0.01253	0.14017	0.05430	0.00947	0.01118	0.01553	0.08531	0.01939	0.04568	0.14044	0.07235	0.01448	0.00795	0.00259	0.00591	0.33069	0.00538	0.00669
5	0.02699	0.01111	0.01465	0.01147	0.01624	0.00997	0.00940	0.03095	0.08492	0.64357	0.02702	0.02366	0.04237	0.00838	0.00655	0.00202	0.00538	0.00683	0.00779	0.01072
6	0.01174	0.00609	0.00884	0.00867	0.00887	0.00617	0.00587	0.03561	0.00927	0.01236	0.01139	0.01948	0.01121	0.02188	0.02453	0.78066	0.00567	0.00562	0.00295	0.00312
7	0.01525	0.01743	0.03813	0.02723	0.03377	0.01634	0.70915	0.02070	0.01525	0.02070	0.01307	0.01743	0.00980	0.00545	0.00763	0.00218	0.01089	0.00763	0.00327	0.00871
8	0.02899	0.01100	0.01499	0.01150	0.01649	0.00950	0.00950	0.03149	0.01849	0.73709	0.02549	0.02199	0.01599	0.00800	0.00650	0.00200	0.00550	0.00650	0.00800	0.01100
9	0.01288	0.01280	0.02353	0.59584	0.04213	0.01479	0.17088	0.01744	0.01344	0.01744	0.01184	0.01727	0.00888	0.00624	0.00672	0.00216	0.00912	0.00616	0.00296	0.00752
10	0.01690	0.01177	0.01346	0.01161	0.01491	0.01248	0.00923	0.18442	0.20595	0.10869	0.19376	0.03333	0.05233	0.04002	0.00802	0.00229	0.00518	0.06022	0.00667	0.00877
11	0.00874	0.00650	0.00813	0.00791	0.00945	0.00589	0.00586	0.01133	0.01705	0.02340	0.53679	0.11919	0.18694	0.01448	0.00768	0.00212	0.00316	0.01269	0.00679	0.00589
12	0.00787	0.00562	0.00750	0.00900	0.00937	0.00525	0.00600	0.00900	0.01237	0.01649	0.03561	0.76871	0.04274	0.02024	0.00825	0.00262	0.00375	0.01837	0.00600	0.00525
13	0.00940	0.00626	0.00705	0.00705	0.00705	0.00626	0.00392	0.00940	0.00940	0.01253	0.02036	0.04228	0.02349	0.77292	0.03289	0.00626	0.00626	0.00940	0.00392	0.00392
14	0.00893	0.00597	0.00723	0.00787	0.00821	0.00579	0.00497	0.00978	0.01139	0.01572	0.05458	0.36186	0.03289	0.34991	0.01876	0.00411	0.00477	0.01318	0.06933	0.00476
15	0.81856	0.01250	0.00950	0.00850	0.01250	0.01449	0.00700	0.01899	0.01100	0.02899	0.00900	0.01050	0.00700	0.00600	0.00400	0.00200	0.00500	0.00350	0.00400	0.00700
16	0.00927	0.00621	0.00708	0.00721	0.00724	0.00618	0.00409	0.00936	0.00964	0.01285	0.02161	0.10209	0.02507	0.71096	0.03086	0.00596	0.00606	0.01013	0.00409	0.00402
17	0.02834	0.01203	0.01564	0.01199	0.01701	0.01104	0.00990	0.13074	0.02023	0.63539	0.02403	0.02105	0.01526	0.00796	0.00649	0.00199	0.00573	0.00640	0.00777	0.01100
18	0.00787	0.00562	0.00750	0.00900	0.00937	0.00525	0.00600	0.00900	0.01237	0.01649	0.03561	0.76871	0.04274	0.02024	0.00825	0.00262	0.00375	0.01837	0.00600	0.00525
19	0.00824	0.00622	0.00904	0.00991	0.01060	0.00580	0.04130	0.00958	0.01252	0.01671	0.03448	0.73099	0.04108	0.01950	0.00822	0.00260	0.00411	0.01783	0.00586	0.00542
20	0.10381	0.01114	0.01447	0.01121	0.01612	0.00997	0.00926	0.03030	0.01778	0.66999	0.02393	0.02090	0.01514	0.00781	0.00626	0.00200	0.00545	0.00621	0.00762	0.01062
21	0.73870	0.01306	0.01049	0.00914	0.01325	0.01505	0.00753	0.08861	0.01295	0.03017	0.00965	0.01100	0.00740	0.00617	0.00425	0.00199	0.00521	0.00373	0.00425	0.00740
22	0.81856	0.01250	0.00950	0.00850	0.01250	0.01449	0.00700	0.01899	0.01100	0.02899	0.00900	0.01050	0.00700	0.00600	0.00400	0.00200	0.00500	0.00350	0.00400	0.00700
23	0.00816	0.00607	0.00747	0.00830	0.00924	0.00555	0.00578	0.00959	0.01338	0.01744	0.10734	0.44401	0.20898	0.07596	0.00995	0.00275	0.00385	0.04494	0.00594	0.00531
24	0.02564	0.01636	0.01832	0.01404	0.01917	0.01746	0.01160	0.54487	0.02747	0.21103	0.01795	0.01710	0.01221	0.00782	0.00647	0.00195	0.00672	0.00598	0.00684	0.01099
25	0.81856	0.01250	0.00950	0.00850	0.01250	0.01449	0.00700	0.01899	0.01100	0.02899	0.00900	0.01050	0.00700	0.00600	0.00400	0.00200	0.00500	0.00350	0.00400	0.00700
26	0.02532	0.01688	0.01864	0.01429	0.01943	0.01823	0.01180	0.59483	0.02835	0.15984	0.01722	0.01662	0.01184	0.00780	0.00647	0.00195	0.00683	0.00593	0.00673	0.01099
27	0.00809	0.00626	0.00706	0.00743	0.00874	0.00557	0.00517	0.00948	0.01363	0.01723	0.10998	0.25017	0.38105	0.12681	0.01146	0.00288	0.00382	0.01413	0.00580	0.00523
28	0.01354	0.00758	0.01004	0.00887	0.01117	0.00685	0.00685	0.01646	0.01833	0.18326	0.57351	0.04245	0.05102	0.01206	0.00737	0.00202	0.00359	0.01054	0.00731	0.00718
29	0.00900	0.00656	0.00847	0.00808	0.00959	0.00602	0.00603	0.01189	0.01783	0.02503	0.66179	0.08024	0.09787	0.01369	0.00765	0.00207	0.00309	0.01208	0.00700	0.00602
30	0.08470	0.00627	0.00769	0.00895	0.00967	0.00612	0.00609	0.00994	0.01224	0.01768	0.03309	0.69685	0.03935	0.01889	0.00784	0.00256	0.00387	0.01696	0.00581	0.00541
31	0.00808	0.00653	0.00698	0.00689	0.00874	0.00565	0.00504	0.00983	0.01488	0.01856	0.18419	0.05772	0.53906	0.08748	0.01003	0.00254	0.00351	0.01287	0.00601	0.00543
32	0.00786	0.00627	0.00705	0.00746	0.00902	0.00546	0.00536	0.00948	0.01436	0.01801	0.12308	0.27712	0.45226	0.01723	0.00782	0.00230	0.00340	0.01489	0.00611	0.00546
33	0.01599	0.01535	0.02623	0.03966	0.73262	0.01535	0.01983	0.01983	0.01471	0.02111	0.01215	0.01599	0.01023	0.00576	0.00640	0.00192	0.00768	0.00576	0.00320	0.01023
34	0.00937	0.00636	0.00755	0.00755	0.00773	0.00654	0.00454	0.00972	0.00955	0.01290	0.01990	0.03973	0.02238	0.66345	0.14084	0.00689	0.00793	0.00902	0.00385	0.00420
35	0.00787	0.00584	0.00735	0.00849	0.00926	0.00532	0.00579	0.00917	0.01304	0.01702	0.06670	0.60510	0.17700	0.01923	0.00811	0.00252	0.00363	0.01721	0.00604	0.00532
36	0.01153	0.00786	0.00971	0.00890	0.01093	0.00747	0.00676	0.07897	0.01848	0.06886	0.47989	0.11747	0.12120	0.01341	0.00751	0.00210	0.00368	0.01169	0.00688	0.00671
37	0.01681	0.01722	0.02443	0.10453	0.56391	0.12132	0.01859	0.02038	0.01506	0.01990	0.01178	0.01548	0.00980	0.00595	0.00632	0.00190	0.00834	0.00552	0.00319	0.00955
38	0.19515	0.54432	0.02715	0.01096	0.01597	0.08441	0.01028	0.01982	0.01310	0.01830	0.00907	0.01050	0.00801	0.00573	0.00426	0.00154	0.00689	0.00352	0.00309	0.00794
39	0.00925	0.00684	0.00994	0.00994	0.01094	0.00784	0.00752	0.01125	0.01025	0.01467	0.01771	0.02763	0.01713	0.14486	0.65226	0.00984	0.01584	0.00725	0.00352	0.00552
40	0.09494	0.03617	0.01562	0.01364	0.01722	0.28637	0.01054	0.05060	0.31533	0.02272	0.02009	0.01977	0.05377	0.00805	0.00606	0.00195	0.00753	0.00600	0.00501	0.00862
41	0.01943	0.01752	0.08570	0.05179	0.02072	0.01768	0.01284	0.33869	0.30555	0.03208	0.01928	0.01888	0.01412	0.00794	0.00648	0.00206	0.00661	0.00631	0.00597	0.01035
42	0.00924	0.00689	0.01020	0.01020	0.01129	0.00797	0.00784	0.01142	0.01033	0.01486	0.01748	0.02634	0.01657	0.08927	0.70707	0.01015	0.01668	0.00706	0.00349	0.00566
43	0.01340	0.01148	0.01340	0.00957	0.01531	0.00861	0.00766	0.01627	0.01340	0.02105	0.01148	0.01340	0.00957	0.00479	0.00479	0.00096	0.00479	0.00383	0.00383	0.81242
44	0.01554	0.01332	0.01415	0.01277	0.01626	0.01531	0.00991	0.03265	0.66734	0.02694	0.07992	0.02595	0.02287	0.00911	0.00665	0.00218	0.00496	0.00764	0.00662	0.00991
45	0.01030	0.00646	0.00859	0.00894	0.01014	0.00594	0.00636	0.01220	0.01494	0.08795	0.26824	0.45532	0.04634	0.01671	0.00787	0.00237	0.00368	0.01499	0.00656	0.00608
46	0.68210	0.01313	0.01082	0.00946	0.01354	0.01514	0.00774	0.08575	0.06699	0.02995	0.01093	0.01201	0.00835	0.00638	0.00443	0.00201	0.00521	0.00401	0.00443	0.00762
47	0.01041	0.00744	0.01041	0.01190	0.01339	0.00744	0.01041	0.01339	0.01487	0.01934	0.03421	0.07288	0.03719	0.01785	0.00892	0.00297	0.00595	0.68913	0.00595	0.00595
48	0.74374	0.01235	0.01002	0.00878	0.01287	0.01402	0.00723	0.02018	0.01171	0.09609	0.01056	0.01159	0.00785	0.00619	0.00424	0.00200	0.00505	0.00378	0.00438	0.00738
49	0.00860	0.00658	0.00787	0.00755	0.00932	0.00586	0.00566	0.01113	0.01699	0.02283	0.48735	0.05334	0.30474	0.01436	0.00763	0.00209	0.00313	0.01240	0.00671	0.00586
50	0.02351	0.03094	0.05894	0.01675	0.02043	0.70575	0.01313	0.02550	0.01805	0.01608	0.01008	0.01176	0.00832	0.00663	0.00584	0.00169	0.01153	0.00420	0.00330	0.00761
51	0.02414	0.03079	0.01831	0.01665	0.01998	0.74698	0.01248	0.02580	0.01831	0.01581	0.00999	0.01165	0.00832	0.00666	0.00583	0.00166	0.01165	0.00416	0.00333	0.00749
52	0.00900	0.00660	0.00844	0.00798	0.00957	0.00604	0.00598	0.01192	0.01795	0.02511	0.66631	0.04958	0.12437	0.01351	0.00762	0.00205	0.00307	0.01187	0.00701	0.00604
53	0.00808	0.00579	0.00769	0.00885	0.00942	0.00539	0.00601	0.00953	0.01335	0.01805	0.15026	0.64962	0.04575	0.01908	0.00814	0.00253	0.00363	0.01726	0.00618	0.00539
54	0.69441	0.01266	0.01061	0.00916	0.01332	0.01430	0.00755	0.05924	0.01284	0.10088	0.01102	0.01194	0.00813	0.00630	0.00439	0.00200	0.00517	0.00393	0.00454	0.00762
55	0.02414	0.03079	0.01831	0.01665	0.01998	0.74698	0.01248	0.02580	0.01831	0.01581	0.00999	0.01165	0.00832	0.00666	0.00583	0.00166	0.01165	0.00416	0.00333	0.00749
56	0.00973	0.00645	0.00775	0.00790	0.00889	0.00600	0.00529	0.01090	0.01293	0.05720	0.13212	0.24771	0.15912	0.27965	0.01652	0.00369	0.00454	0.01280	0.00554	0.00526
57	0.01407	0.00811	0.00884	0.00802	0.00982	0.00827	0.00583	0.11228	0.01507	0.07089	0.02090	0.05367	0.01856	0.21841	0.01285	0.00295	0.00467	0.00738	0.39297	0.00645
58	0.00786	0.00655	0.00685	0.00678	0.00886	0.00555	0.00508	0.00970	0.01525	0.01871	0.16362	0.06012	0.63105	0.01590	0.00763	0.00216	0.00324	0.01335	0.00616	0.00555
59	0.01036	0.00663	0.00887	0.00968	0.01089	0.00620	0.00726	0.01222	0.01413	0.07930	0.10236	0.44725	0.07070	0.01781	0.00817	0.00257	0.00431	0.16904	0.00626	0.00599
60	0.03843	0.00665	0.00845	0.00918	0.01032	0.00626	0.00655	0.01193	0.01309	0.08527	0.03463	0.50619	0.08553	0.07072	0.00968	0.00280	0.00431	0.07820	0.00597	0.00584
61	0.02456	0.01810	0.01939	0.01487	0.02004	0.02004	0.01228	0.71107	0.03038	0.04072	0.01551	0.01551	0.01099	0.00776	0.00646	0.00194	0.00711	0.00582	0.00646	0.01099
62	0.01204	0.00602	0.00602	0.00602	0.00753	0.00602	0.00452	0.01506	0.01355	0.02409	0.02108	0.02409	0.01656	0.00753	0.00452	0.00151	0.00301	0.00602	0.80879	0.00602
63	0.00943	0.00732	0.00867	0.00821	0.01012	0.00693	0.00619	0.01363	0.08801	0.02374	0.47919	0.04960	0.23756	0.01361	0.00752	0.00209	0.00332	0.01177	0.00676	0.00634
64	0.00889	0.00653	0.00816	0.00797	0.00940	0.00600	0.00587	0.01133	0.01648	0.02261	0.49563	0.09805	0.16203	0.07784	0.00982	0.00248	0.00350	0.03512	0.00656	0.00575
65	0.00787	0.00562	0.00750	0.00900	0.00937	0.00525	0.00600	0.00900	0.01237	0.01649	0.03561	0.76871	0.04274	0.02024	0.00825	0.00262	0.00375	0.01837	0.00600	0.00525
66	0.01122	0.00561	0.00842	0.00842	0.00842	0.00561	0.00561	0.00842	0.00842	0.01122	0.01122	0.01964	0.01122	0.02245	0.02525	0.81201	0.00561	0.00561	0.00281	0.00281
67	0.00839	0.00671	0.00759	0.00775	0.00970	0.00591	0.00607	0.01052	0.01541	0.01934	0.18267	0.06144	0.48795	0.01604	0.00785	0.00229	0.00369	0.12882	0.00620	0.00566
68	0.10799	0.01182	0.01486	0.01151	0.01643	0.01100	0.00951	0.09463	0.01887	0.59987	0.02289	0.02022	0.01462	0.00777	0.00624	0.00199	0.00560	0.00613	0.00745	0.01059
69	0.01519	0.01726	0.03721	0.02672	0.03293	0.01651	0.67426	0.02044	0.01498	0.02044	0.01284	0.01726	0.00974	0.00574	0.00831	0.00221	0.04855	0.00753	0.00325	0.00863
70	0.02389	0.02924	0.01826	0.01639	0.01987	0.66607	0.01239	0.07838	0.04370	0.01810	0.01098	0.01238	0.00892	0.00682	0.00590	0.00170	0.01108	0.00440	0.00368	0.00785
71	0.01070	0.00713	0.00907	0.00885	0.01080	0.00652	0.00703	0.01337	0.01678	0.08087	0.37493	0.05447	0.20200	0.01448	0.00781	0.00226	0.00392	0.15599	0.00669	0.00632
72	0.01306	0.03273	0.70909	0.01880	0.02822	0.01506	0.05354	0.02047	0.01371	0.02047	0.01166	0.01381	0.00826	0.00611	0.00620	0.00205	0.00961	0.00490	0.00275	0.00951
73	0.01727	0.77681	0.03386	0.01106	0.01658	0.02557	0.01106	0.01935	0.01313	0.01520	0.00898	0.01036	0.00829	0.00553	0.00415	0.00138	0.00691	0.00345	0.00276	0.00829
74	0.01322	0.07825	0.69690	0.01797	0.02728	0.01564	0.02310	0.02040	0.01361	0.02015	0.01144	0.01344	0.00819	0.00610	0.00602	0.00201	0.00939	0.00469	0.00273	0.00947
75	0.00923	0.00692	0.01038	0.01038	0.01154	0.00808	0.00808	0.01154	0.01038	0.01500	0.01731	0.02538	0.01615	0.04846	0.74732	0.01038	0.01731	0.00692	0.00346	0.00577
76	0.02452	0.01938	0.01928	0.01505	0.02003	0.09316	0.01230	0.64214	0.02917	0.03822	0.01496	0.01512	0.01072	0.00765	0.00640	0.00191	0.00757	0.00565	0.00615	0.01064
77	0.00923	0.00692	0.01038	0.01038	0.01154	0.00808	0.00808	0.01154	0.01038	0.01500	0.01731	0.02538	0.01615	0.04846	0.74732	0.01038	0.01731	0.00692	0.00346	0.00577
78	0.02452	0.01930	0.01929	0.01504	0.02003	0.08912	0.01230	0.64595	0.02923	0.03835	0.01499	0.01515	0.01074	0.00765	0.00640	0.00191	0.00754	0.00566	0.00617	0.01066
79	0.00787	0.00562	0.00750	0.00900	0.00937	0.00525	0.00600	0.00900	0.01237	0.01649	0.03561	0.76871	0.04274	0.02024	0.00825	0.00262	0.00375	0.01837	0.00600	0.00525
80	0.01642	0.01461	0.01477	0.01330	0.01694	0.04771	0.01032	0.03396	0.69053	0.02654	0.02559	0.02357	0.01923	0.00867	0.00654	0.00217	0.00540	0.00717	0.00643	0.01011
81	0.00785	0.00571	0.00741	0.00876	0.00931	0.00527	0.00589	0.00902	0.01259	0.01659	0.03845	0.70147	0.10813	0.01987	0.00819	0.00258	0.00370	0.01792	0.00600	0.00527

[dist]
# distance from previous block
# <min> <max>
0	0

# created by:
# /home/berkeley/.conda/envs/busco_data_prod/bin/msa2prfl.pl pipeline/OGs_align_augustus/4893/25793.fs
