[name]
unknown

[dist]
# distance from previous block
# <min> <max>
0	9

[block]
# block no. 0 follows, 33 sequences, length 47
# corresponding to MSA columns:
# 9-55
name=unknown_A
#
# <colnr> <probs for GDERKNQSTAVLIFYWHMCP>
#	G	D	E	R	K	N	Q	S	T	A	V	L	I	F	Y	W	H	M	C	P
0	0.01550	0.01533	0.01898	0.02399	0.29529	0.13133	0.01447	0.01895	0.03396	0.02049	0.09244	0.03126	0.02147	0.00990	0.00822	0.00221	0.06516	0.14859	0.00437	0.02809
1	0.00942	0.00701	0.01036	0.01036	0.01146	0.00811	0.00796	0.01162	0.01052	0.01512	0.01783	0.02697	0.01694	0.09567	0.69691	0.01031	0.01691	0.00722	0.00356	0.00576
2	0.00778	0.00667	0.00667	0.00667	0.00889	0.00556	0.00500	0.00945	0.01501	0.01778	0.06669	0.06336	0.72490	0.01667	0.00778	0.00222	0.00333	0.01389	0.00611	0.00556
3	0.01365	0.01170	0.01365	0.00975	0.01560	0.00878	0.00780	0.01658	0.01365	0.02145	0.01170	0.01365	0.00975	0.00488	0.00488	0.00098	0.00488	0.00390	0.00390	0.80888
4	0.01365	0.01170	0.01365	0.00975	0.01560	0.00878	0.00780	0.01658	0.01365	0.02145	0.01170	0.01365	0.00975	0.00488	0.00488	0.00098	0.00488	0.00390	0.00390	0.80888
5	0.00802	0.00573	0.00764	0.00917	0.00955	0.00535	0.00611	0.00917	0.01260	0.01681	0.03628	0.76434	0.04354	0.02062	0.00840	0.00267	0.00382	0.01872	0.00611	0.00535
6	0.08654	0.02747	0.01816	0.01597	0.01977	0.54903	0.01224	0.15398	0.02039	0.02195	0.01116	0.01252	0.00889	0.00694	0.00591	0.00178	0.01047	0.00451	0.00405	0.00827
7	0.00957	0.00638	0.00718	0.00718	0.00718	0.00638	0.00399	0.00957	0.00957	0.01276	0.02074	0.04308	0.02393	0.76864	0.03351	0.00638	0.00638	0.00957	0.00399	0.00399
8	0.02630	0.01538	0.01767	0.01359	0.01868	0.01599	0.01121	0.43471	0.02593	0.29655	0.01975	0.01852	0.01326	0.00799	0.00654	0.00198	0.00651	0.00619	0.03221	0.01104
9	0.01281	0.01081	0.01275	0.00966	0.01470	0.00826	0.00755	0.01547	0.01349	0.02076	0.01538	0.12588	0.01480	0.00723	0.00540	0.00123	0.00472	0.00612	0.00423	0.68876
10	0.00926	0.00673	0.00873	0.00823	0.00980	0.00619	0.00617	0.01232	0.01851	0.02610	0.70161	0.04966	0.08479	0.01357	0.00777	0.00208	0.00311	0.01197	0.00721	0.00619
11	0.00909	0.00672	0.00849	0.00804	0.00970	0.00612	0.00603	0.01199	0.01810	0.02513	0.62738	0.05126	0.15963	0.01393	0.00777	0.00209	0.00314	0.01220	0.00708	0.00612
12	0.08346	0.01770	0.01882	0.01452	0.01969	0.01953	0.01199	0.62535	0.02896	0.07105	0.01576	0.01572	0.01112	0.00778	0.00640	0.00198	0.00701	0.00578	0.00647	0.01090
13	0.01646	0.01383	0.01622	0.10143	0.02099	0.01588	0.03277	0.03227	0.58002	0.05712	0.02455	0.02343	0.01827	0.00851	0.00671	0.00222	0.00583	0.00723	0.00621	0.01004
14	0.01733	0.64166	0.13550	0.01237	0.01858	0.02398	0.01311	0.02026	0.01362	0.03861	0.01006	0.01141	0.00868	0.00580	0.00459	0.00153	0.00739	0.00381	0.00298	0.00872
15	0.01025	0.00694	0.00910	0.00844	0.01016	0.00637	0.00637	0.01333	0.01864	0.05908	0.69178	0.04794	0.06000	0.01321	0.00771	0.00207	0.00322	0.01166	0.00729	0.00644
16	0.02437	0.08400	0.02099	0.01487	0.02011	0.04513	0.01241	0.62359	0.02902	0.03839	0.01504	0.01522	0.01087	0.00767	0.00636	0.00192	0.00738	0.00566	0.00615	0.01084
17	0.00801	0.00577	0.00759	0.00905	0.00952	0.00536	0.00606	0.00918	0.01272	0.01685	0.03771	0.73148	0.07548	0.02044	0.00837	0.00265	0.00380	0.01849	0.00611	0.00536
18	0.00940	0.00705	0.01058	0.01058	0.01176	0.00823	0.00823	0.01176	0.01058	0.01528	0.01763	0.02586	0.01646	0.04937	0.74255	0.01058	0.01763	0.00705	0.00353	0.00588
19	0.01243	0.01170	0.01975	0.75282	0.04534	0.01463	0.01828	0.01682	0.01316	0.01682	0.01170	0.01755	0.00878	0.00658	0.00658	0.00219	0.00878	0.00585	0.00293	0.00731
20	0.02503	0.01844	0.01976	0.01515	0.02042	0.02042	0.01251	0.70562	0.03095	0.04149	0.01581	0.01581	0.01120	0.00790	0.00659	0.00198	0.00724	0.00593	0.00659	0.01120
21	0.81514	0.01273	0.00968	0.00866	0.01273	0.01477	0.00713	0.01935	0.01120	0.02954	0.00917	0.01069	0.00713	0.00611	0.00407	0.00204	0.00509	0.00356	0.00407	0.00713
22	0.00940	0.00705	0.01058	0.01058	0.01176	0.00823	0.00823	0.01176	0.01058	0.01528	0.01763	0.02586	0.01646	0.04937	0.74255	0.01058	0.01763	0.00705	0.00353	0.00588
23	0.01365	0.01170	0.01365	0.00975	0.01560	0.00878	0.00780	0.01658	0.01365	0.02145	0.01170	0.01365	0.00975	0.00488	0.00488	0.00098	0.00488	0.00390	0.00390	0.80888
24	0.01061	0.00758	0.01061	0.01212	0.01364	0.00758	0.01061	0.01364	0.01515	0.01970	0.03486	0.07426	0.03789	0.01819	0.00909	0.00303	0.00606	0.68326	0.00606	0.00606
25	0.01442	0.01187	0.01387	0.00996	0.01577	0.00913	0.00798	0.03622	0.01428	0.04203	0.01222	0.01396	0.00998	0.00505	0.00497	0.00103	0.00496	0.00403	0.00409	0.76418
26	0.00799	0.00587	0.00750	0.00880	0.00945	0.00538	0.00595	0.00921	0.01296	0.01695	0.04076	0.66121	0.14379	0.02004	0.00831	0.00261	0.00375	0.01801	0.00611	0.00538
27	0.02459	0.03138	0.01866	0.01696	0.02035	0.74221	0.01272	0.02629	0.01866	0.01611	0.01018	0.01187	0.00848	0.00678	0.00594	0.00170	0.01187	0.00424	0.00339	0.00763
28	0.00941	0.00703	0.01047	0.01047	0.01161	0.00817	0.00809	0.01168	0.01055	0.01520	0.01774	0.02643	0.01670	0.07294	0.71932	0.01044	0.01726	0.00714	0.00354	0.00582
29	0.02080	0.01526	0.01735	0.01311	0.01842	0.03721	0.02800	0.30364	0.02158	0.12047	0.01514	0.01573	0.01112	0.00680	0.00635	0.00163	0.02620	0.00524	0.00550	0.31045
30	0.00957	0.00640	0.00729	0.00729	0.00733	0.00644	0.00413	0.00964	0.00961	0.01285	0.02064	0.04253	0.02369	0.74548	0.05633	0.00652	0.00674	0.00949	0.00397	0.00405
31	0.00778	0.00667	0.00667	0.00667	0.00889	0.00556	0.00500	0.00945	0.01501	0.01778	0.06669	0.06336	0.72490	0.01667	0.00778	0.00222	0.00333	0.01389	0.00611	0.00556
32	0.01595	0.01341	0.02261	0.31737	0.33323	0.01436	0.04201	0.01993	0.01470	0.09508	0.01438	0.01952	0.01134	0.00681	0.00669	0.00211	0.00802	0.02967	0.00375	0.00907
33	0.04507	0.47200	0.02773	0.01282	0.01706	0.06842	0.01166	0.02112	0.07103	0.04305	0.01119	0.01293	0.00968	0.00715	0.00778	0.00181	0.14330	0.00441	0.00342	0.00839
34	0.01510	0.01691	0.03618	0.12902	0.03593	0.01637	0.60793	0.02049	0.01521	0.02049	0.01309	0.01773	0.00982	0.00569	0.00760	0.00222	0.01077	0.00750	0.00327	0.00866
35	0.00802	0.00573	0.00764	0.00917	0.00955	0.00535	0.00611	0.00917	0.01260	0.01681	0.03628	0.76434	0.04354	0.02062	0.00840	0.00267	0.00382	0.01872	0.00611	0.00535
36	0.01643	0.03980	0.02276	0.01842	0.02005	0.14662	0.10426	0.01848	0.01240	0.01657	0.00954	0.01429	0.00878	0.00974	0.01654	0.00254	0.50654	0.00569	0.00303	0.00753
37	0.00979	0.00618	0.00827	0.00938	0.01015	0.00570	0.00640	0.01105	0.01312	0.07567	0.03544	0.70328	0.04130	0.01960	0.00826	0.00262	0.00397	0.01772	0.00628	0.00583
38	0.13514	0.01475	0.02373	0.13507	0.49443	0.01541	0.04810	0.01964	0.01419	0.02203	0.01185	0.01570	0.00968	0.00599	0.00622	0.00201	0.00769	0.00560	0.00334	0.00943
39	0.01637	0.01414	0.01489	0.01340	0.01712	0.01637	0.01042	0.03498	0.71568	0.02754	0.02679	0.02456	0.02010	0.00893	0.00670	0.00223	0.00521	0.00744	0.00670	0.01042
40	0.00845	0.00670	0.00760	0.00737	0.00930	0.00584	0.00553	0.01074	0.01658	0.02153	0.35262	0.05719	0.43664	0.01527	0.00777	0.00216	0.00324	0.01303	0.00661	0.00584
41	0.00789	0.00667	0.00682	0.00678	0.00896	0.00560	0.00509	0.00966	0.01526	0.01839	0.11276	0.06236	0.67846	0.01645	0.00778	0.00221	0.00332	0.01375	0.00619	0.00560
42	0.00971	0.00750	0.01116	0.01099	0.01209	0.00895	0.00860	0.01200	0.01055	0.01532	0.01709	0.02517	0.01598	0.04708	0.69881	0.01011	0.06247	0.00698	0.00349	0.00596
43	0.00892	0.00671	0.00825	0.00787	0.00959	0.00604	0.00590	0.01166	0.01770	0.02419	0.55535	0.05282	0.23224	0.01428	0.00777	0.00211	0.00316	0.01242	0.00696	0.00604
44	0.81514	0.01273	0.00968	0.00866	0.01273	0.01477	0.00713	0.01935	0.01120	0.02954	0.00917	0.01069	0.00713	0.00611	0.00407	0.00204	0.00509	0.00356	0.00407	0.00713
45	0.01773	0.72460	0.05395	0.01169	0.01735	0.05171	0.01169	0.01998	0.01358	0.01566	0.00927	0.01070	0.00845	0.00569	0.00434	0.00144	0.00729	0.00358	0.00284	0.00846
46	0.01611	0.01546	0.02639	0.07381	0.69559	0.01559	0.02011	0.02005	0.01490	0.02129	0.01235	0.01635	0.01035	0.00590	0.00652	0.00197	0.00787	0.00586	0.00324	0.01028

[dist]
# distance from previous block
# <min> <max>
0	1

[block]
# block no. 1 follows, 33 sequences, length 119
# corresponding to MSA columns:
# 57-175
name=unknown_B
#
# <colnr> <probs for GDERKNQSTAVLIFYWHMCP>
#	G	D	E	R	K	N	Q	S	T	A	V	L	I	F	Y	W	H	M	C	P
0	0.01611	0.40714	0.24217	0.04930	0.05233	0.02052	0.01574	0.02091	0.04817	0.03560	0.01155	0.01319	0.00931	0.00608	0.00524	0.00172	0.00778	0.00441	0.00318	0.02955
1	0.00918	0.00746	0.00848	0.00827	0.01051	0.00647	0.00606	0.01165	0.04323	0.01882	0.07508	0.27260	0.34393	0.01563	0.00748	0.00216	0.00379	0.01350	0.00584	0.12984
2	0.02002	0.01485	0.01636	0.01345	0.01749	0.01605	0.01078	0.47558	0.05192	0.03399	0.02118	0.18123	0.01945	0.01095	0.00700	0.00213	0.00628	0.03219	0.00636	0.04276
3	0.01482	0.07463	0.39388	0.01545	0.02329	0.01407	0.03983	0.04533	0.01468	0.05091	0.01239	0.01415	0.00926	0.00592	0.00579	0.00171	0.00789	0.00470	0.00350	0.24782
4	0.01409	0.18369	0.59270	0.01724	0.02614	0.01747	0.02168	0.02062	0.01379	0.01976	0.01127	0.01322	0.00836	0.00613	0.00584	0.00195	0.00918	0.00459	0.00279	0.00947
5	0.00940	0.00705	0.01058	0.01058	0.01176	0.00823	0.00823	0.01176	0.01058	0.01528	0.01763	0.02586	0.01646	0.04937	0.74255	0.01058	0.01763	0.00705	0.00353	0.00588
6	0.01845	0.05880	0.04051	0.08972	0.16150	0.03582	0.13180	0.13172	0.01798	0.12785	0.04260	0.08140	0.01564	0.00809	0.00681	0.00207	0.00766	0.00741	0.00485	0.00932
7	0.01858	0.11990	0.24039	0.01679	0.04114	0.10988	0.05894	0.07518	0.13535	0.09719	0.01570	0.01636	0.01157	0.00696	0.00619	0.00197	0.00831	0.00552	0.00442	0.00964
8	0.00957	0.00638	0.00718	0.00718	0.00718	0.00638	0.00399	0.00957	0.00957	0.01276	0.02074	0.04308	0.02393	0.76864	0.03351	0.00638	0.00638	0.00957	0.00399	0.00399
9	0.00802	0.00573	0.00764	0.00917	0.00955	0.00535	0.00611	0.00917	0.01260	0.01681	0.03628	0.76434	0.04354	0.02062	0.00840	0.00267	0.00382	0.01872	0.00611	0.00535
10	0.01632	0.08690	0.30163	0.09170	0.17553	0.04684	0.08051	0.02151	0.01481	0.08415	0.01304	0.01549	0.00970	0.00628	0.00632	0.00200	0.00885	0.00545	0.00346	0.00951
11	0.04033	0.12092	0.15815	0.08035	0.02401	0.01687	0.10779	0.15250	0.08449	0.07184	0.01642	0.06851	0.01324	0.00780	0.00643	0.00205	0.00774	0.00666	0.00460	0.00929
12	0.01426	0.02953	0.51915	0.02114	0.02980	0.04258	0.20832	0.02111	0.01452	0.02074	0.01216	0.01487	0.00879	0.00608	0.00665	0.00211	0.01018	0.00563	0.00295	0.00942
13	0.17462	0.06527	0.03699	0.06589	0.19103	0.13093	0.04872	0.10859	0.01681	0.05031	0.01311	0.01690	0.01068	0.00696	0.00599	0.00198	0.00792	0.03433	0.00411	0.00887
14	0.00778	0.00667	0.00667	0.00667	0.00889	0.00556	0.00500	0.00945	0.01501	0.01778	0.06669	0.06336	0.72490	0.01667	0.00778	0.00222	0.00333	0.01389	0.00611	0.00556
15	0.01622	0.01651	0.05351	0.13182	0.20610	0.06075	0.23064	0.05582	0.01620	0.05180	0.05486	0.04639	0.01433	0.00713	0.00702	0.00210	0.00877	0.00717	0.00394	0.00893
16	0.00949	0.00672	0.00888	0.00888	0.00946	0.00730	0.00610	0.01066	0.01008	0.01402	0.01919	0.03449	0.02020	0.40976	0.38729	0.00848	0.01200	0.00832	0.00376	0.00493
17	0.01290	0.01468	0.09973	0.03562	0.01779	0.01626	0.01394	0.01536	0.01115	0.01684	0.04246	0.04372	0.01348	0.01776	0.14381	0.00407	0.46339	0.00660	0.00328	0.00716
18	0.01420	0.01432	0.01861	0.10164	0.02012	0.08368	0.03806	0.01620	0.01147	0.01592	0.01122	0.01786	0.01063	0.05909	0.11582	0.00391	0.43112	0.00610	0.00310	0.00695
19	0.00812	0.00664	0.00717	0.00712	0.00912	0.00569	0.00531	0.01008	0.01569	0.01960	0.20740	0.09020	0.55267	0.01615	0.00780	0.00221	0.00331	0.01367	0.00636	0.00569
20	0.01199	0.01080	0.03910	0.01154	0.01362	0.01113	0.00925	0.03044	0.01153	0.01703	0.01479	0.02381	0.01451	0.18836	0.22073	0.00534	0.17555	0.00654	0.00361	0.18035
21	0.01040	0.00744	0.01032	0.01152	0.01304	0.00736	0.00992	0.01345	0.01570	0.02076	0.14354	0.07030	0.04171	0.01744	0.00888	0.00288	0.00560	0.57740	0.00625	0.00609
22	0.01599	0.40100	0.21801	0.01589	0.06337	0.04644	0.04756	0.02039	0.03551	0.01856	0.05203	0.01483	0.01206	0.00640	0.00541	0.00173	0.00789	0.00485	0.00325	0.00883
23	0.02503	0.01844	0.01976	0.01515	0.02042	0.02042	0.01251	0.70562	0.03095	0.04149	0.01581	0.01581	0.01120	0.00790	0.00659	0.00198	0.00724	0.00593	0.00659	0.01120
24	0.01500	0.00928	0.00971	0.00869	0.01113	0.00991	0.00678	0.14776	0.08584	0.02776	0.02081	0.02293	0.01610	0.00911	0.02764	0.00196	0.00451	0.00625	0.55132	0.00751
25	0.01281	0.01209	0.02043	0.68290	0.11230	0.01473	0.01847	0.01715	0.01334	0.01728	0.01177	0.01743	0.00894	0.00651	0.00658	0.00217	0.00868	0.00585	0.00296	0.00762
26	0.01732	0.72464	0.07995	0.01175	0.01765	0.02535	0.01211	0.01979	0.01341	0.01584	0.00933	0.01078	0.00844	0.00567	0.00436	0.00145	0.00721	0.00361	0.00281	0.00853
27	0.04290	0.11000	0.19201	0.01506	0.06489	0.01410	0.03304	0.07328	0.01605	0.12303	0.04242	0.01831	0.04182	0.00693	0.00590	0.00175	0.00684	0.00556	0.00447	0.18165
28	0.30163	0.17293	0.06721	0.01277	0.01729	0.21413	0.01119	0.04711	0.01478	0.04554	0.01040	0.01191	0.00835	0.00654	0.00557	0.00185	0.03499	0.00409	0.00373	0.00800
29	0.00802	0.00662	0.00687	0.00690	0.00885	0.00565	0.00504	0.00963	0.01474	0.01791	0.10264	0.08694	0.60702	0.07223	0.00971	0.00254	0.00356	0.01363	0.00603	0.00547
30	0.01755	0.07209	0.08971	0.02531	0.14504	0.14317	0.31789	0.05079	0.01621	0.02062	0.01219	0.01551	0.00957	0.00614	0.00720	0.00203	0.03041	0.00618	0.00337	0.00902
31	0.01562	0.06693	0.33766	0.07909	0.14298	0.03856	0.05971	0.04782	0.05535	0.04608	0.01329	0.01553	0.00994	0.00639	0.00629	0.00199	0.00866	0.00540	0.00352	0.03921
32	0.11001	0.01705	0.12339	0.28055	0.05809	0.01606	0.14559	0.07945	0.01490	0.02199	0.01189	0.01583	0.00901	0.00673	0.00753	0.00219	0.06212	0.00580	0.00345	0.00838
33	0.01004	0.00738	0.00981	0.01096	0.01261	0.00715	0.00940	0.01282	0.01528	0.01964	0.07007	0.07120	0.16432	0.01771	0.00880	0.00284	0.00544	0.53244	0.00612	0.00598
34	0.01917	0.31722	0.19679	0.01520	0.02098	0.29195	0.01495	0.02245	0.01548	0.01701	0.01018	0.01185	0.00843	0.00621	0.00535	0.00168	0.00950	0.00411	0.00302	0.00845
35	0.01588	0.05005	0.13810	0.07350	0.12933	0.01622	0.30422	0.02292	0.10953	0.05180	0.01503	0.01776	0.01129	0.00634	0.00694	0.00212	0.00907	0.00665	0.00385	0.00941
36	0.00928	0.00676	0.00875	0.00835	0.00994	0.00623	0.00632	0.01230	0.01827	0.02561	0.65645	0.05106	0.10053	0.01385	0.00782	0.00212	0.00324	0.03983	0.00713	0.00617
37	0.00802	0.00573	0.00764	0.00917	0.00955	0.00535	0.00611	0.00917	0.01260	0.01681	0.03628	0.76434	0.04354	0.02062	0.00840	0.00267	0.00382	0.01872	0.00611	0.00535
38	0.01480	0.01871	0.14215	0.29197	0.17344	0.08781	0.08127	0.01925	0.01426	0.01871	0.01241	0.03724	0.01010	0.00694	0.00731	0.00213	0.04386	0.00606	0.00314	0.00846
39	0.00935	0.00730	0.01014	0.01286	0.09253	0.00702	0.00800	0.01154	0.03734	0.01791	0.03526	0.57430	0.08611	0.01814	0.00811	0.00256	0.00439	0.04517	0.00580	0.00615
40	0.00919	0.00672	0.00863	0.00815	0.00976	0.00616	0.00611	0.01218	0.01834	0.02570	0.67057	0.05033	0.11609	0.01372	0.00777	0.00208	0.00312	0.01207	0.00715	0.00616
41	0.00815	0.00583	0.00776	0.00908	0.00958	0.00543	0.00612	0.00949	0.01321	0.01777	0.10558	0.69229	0.04541	0.01990	0.00834	0.00261	0.00375	0.01803	0.00623	0.00543
42	0.01963	0.51158	0.02897	0.03880	0.01898	0.25234	0.01197	0.02169	0.01504	0.01573	0.00956	0.01122	0.00847	0.00603	0.00485	0.00153	0.00863	0.00383	0.00300	0.00815
43	0.01128	0.00855	0.01186	0.01350	0.12335	0.00816	0.00852	0.01484	0.04325	0.04898	0.48588	0.04291	0.09643	0.04342	0.00856	0.00225	0.00417	0.01065	0.00641	0.00707
44	0.03822	0.43392	0.05752	0.13460	0.06328	0.09705	0.01368	0.01977	0.01376	0.01673	0.00994	0.01253	0.00859	0.00630	0.00599	0.00173	0.05090	0.00429	0.00295	0.00824
45	0.02459	0.03138	0.01866	0.01696	0.02035	0.74221	0.01272	0.02629	0.01866	0.01611	0.01018	0.01187	0.00848	0.00678	0.00594	0.00170	0.01187	0.00424	0.00339	0.00763
46	0.00941	0.00703	0.01046	0.01046	0.01159	0.00816	0.00808	0.01168	0.01054	0.01519	0.01775	0.02649	0.01673	0.07546	0.71683	0.01043	0.01723	0.00714	0.00354	0.00581
47	0.01365	0.01170	0.01365	0.00975	0.01560	0.00878	0.00780	0.01658	0.01365	0.02145	0.01170	0.01365	0.00975	0.00488	0.00488	0.00098	0.00488	0.00390	0.00390	0.80888
48	0.00809	0.00677	0.00710	0.00726	0.00941	0.00578	0.00561	0.00990	0.01502	0.01799	0.06323	0.06454	0.65014	0.01684	0.00792	0.00231	0.00363	0.08674	0.00611	0.00561
49	0.00802	0.00573	0.00764	0.00917	0.00955	0.00535	0.00611	0.00917	0.01260	0.01681	0.03628	0.76434	0.04354	0.02062	0.00840	0.00267	0.00382	0.01872	0.00611	0.00535
50	0.00828	0.00677	0.00737	0.00744	0.00949	0.00585	0.00572	0.01030	0.01557	0.01927	0.16333	0.06225	0.55862	0.01633	0.00790	0.00228	0.00356	0.07767	0.00628	0.00571
51	0.01440	0.01440	0.02016	0.01728	0.01728	0.02016	0.01440	0.01584	0.01008	0.01584	0.00864	0.01440	0.00864	0.01152	0.02160	0.00288	0.75659	0.00576	0.00288	0.00720
52	0.02503	0.01844	0.01976	0.01515	0.02042	0.02042	0.01251	0.70562	0.03095	0.04149	0.01581	0.01581	0.01120	0.00790	0.00659	0.00198	0.00724	0.00593	0.00659	0.01120
53	0.04935	0.03043	0.01841	0.01665	0.02012	0.69911	0.01254	0.04521	0.01877	0.01725	0.01030	0.01195	0.00851	0.00679	0.00590	0.00171	0.01153	0.00427	0.00350	0.00772
54	0.01629	0.01564	0.02672	0.04041	0.72757	0.01564	0.02020	0.02020	0.01499	0.02151	0.01238	0.01629	0.01043	0.00587	0.00652	0.00196	0.00782	0.00587	0.00326	0.01043
55	0.81514	0.01273	0.00968	0.00866	0.01273	0.01477	0.00713	0.01935	0.01120	0.02954	0.00917	0.01069	0.00713	0.00611	0.00407	0.00204	0.00509	0.00356	0.00407	0.00713
56	0.01629	0.01564	0.02672	0.04041	0.72757	0.01564	0.02020	0.02020	0.01499	0.02151	0.01238	0.01629	0.01043	0.00587	0.00652	0.00196	0.00782	0.00587	0.00326	0.01043
57	0.01440	0.01440	0.02016	0.01728	0.01728	0.02016	0.01440	0.01584	0.01008	0.01584	0.00864	0.01440	0.00864	0.01152	0.02160	0.00288	0.75659	0.00576	0.00288	0.00720
58	0.01243	0.01170	0.01975	0.75282	0.04534	0.01463	0.01828	0.01682	0.01316	0.01682	0.01170	0.01755	0.00878	0.00658	0.00658	0.00219	0.00878	0.00585	0.00293	0.00731
59	0.01093	0.00709	0.00932	0.00856	0.01039	0.00649	0.00649	0.01400	0.01865	0.08284	0.66827	0.04703	0.05845	0.01303	0.00767	0.00207	0.00331	0.01148	0.00732	0.00661
60	0.81514	0.01273	0.00968	0.00866	0.01273	0.01477	0.00713	0.01935	0.01120	0.02954	0.00917	0.01069	0.00713	0.00611	0.00407	0.00204	0.00509	0.00356	0.00407	0.00713
61	0.00952	0.00716	0.00885	0.00835	0.01013	0.00672	0.00629	0.01333	0.05956	0.02522	0.58764	0.04976	0.15539	0.01365	0.00770	0.00210	0.00326	0.01193	0.00705	0.00637
62	0.00987	0.00690	0.00868	0.00813	0.00995	0.00623	0.00613	0.01269	0.01797	0.05405	0.57391	0.05068	0.18247	0.01383	0.00772	0.00210	0.00325	0.01205	0.00708	0.00630
63	0.00932	0.00673	0.00880	0.00828	0.00984	0.00621	0.00621	0.01242	0.01863	0.02640	0.72410	0.04918	0.06212	0.01346	0.00776	0.00207	0.00311	0.01191	0.00725	0.00621
64	0.81514	0.01273	0.00968	0.00866	0.01273	0.01477	0.00713	0.01935	0.01120	0.02954	0.00917	0.01069	0.00713	0.00611	0.00407	0.00204	0.00509	0.00356	0.00407	0.00713
65	0.00778	0.00667	0.00667	0.00667	0.00889	0.00556	0.00500	0.00945	0.01501	0.01778	0.06669	0.06336	0.72490	0.01667	0.00778	0.00222	0.00333	0.01389	0.00611	0.00556
66	0.00785	0.00667	0.00676	0.00674	0.00893	0.00559	0.00505	0.00958	0.01516	0.01816	0.09504	0.06274	0.69632	0.01653	0.00778	0.00222	0.00332	0.01381	0.00616	0.00559
67	0.01243	0.01170	0.01975	0.75282	0.04534	0.01463	0.01828	0.01682	0.01316	0.01682	0.01170	0.01755	0.00878	0.00658	0.00658	0.00219	0.00878	0.00585	0.00293	0.00731
68	0.01629	0.01564	0.02672	0.04041	0.72757	0.01564	0.02020	0.02020	0.01499	0.02151	0.01238	0.01629	0.01043	0.00587	0.00652	0.00196	0.00782	0.00587	0.00326	0.01043
69	0.00822	0.00602	0.00763	0.00860	0.00939	0.00553	0.00587	0.00964	0.01361	0.01801	0.12851	0.53956	0.14522	0.05011	0.00927	0.00268	0.00376	0.01675	0.00617	0.00543
70	0.00807	0.00575	0.00763	0.00911	0.00948	0.00538	0.00605	0.00918	0.01252	0.01669	0.03583	0.74324	0.04297	0.04251	0.00914	0.00278	0.00389	0.01845	0.00605	0.00531
71	0.01507	0.01701	0.03691	0.02659	0.03286	0.01595	0.66030	0.02035	0.01536	0.02082	0.01475	0.06417	0.01207	0.00649	0.00781	0.00225	0.01065	0.00845	0.00350	0.00866
72	0.81514	0.01273	0.00968	0.00866	0.01273	0.01477	0.00713	0.01935	0.01120	0.02954	0.00917	0.01069	0.00713	0.00611	0.00407	0.00204	0.00509	0.00356	0.00407	0.00713
73	0.01144	0.00572	0.00858	0.00858	0.00858	0.00572	0.00572	0.00858	0.00858	0.01144	0.01144	0.02001	0.01144	0.02287	0.02573	0.80846	0.00572	0.00572	0.00286	0.00286
74	0.02479	0.01832	0.01963	0.01510	0.02033	0.02031	0.01246	0.68760	0.04935	0.04111	0.01610	0.01604	0.01143	0.00793	0.00659	0.00198	0.00719	0.00597	0.00659	0.01117
75	0.01178	0.00976	0.01075	0.01037	0.01291	0.01026	0.00801	0.02067	0.30416	0.02278	0.11122	0.11044	0.23770	0.01366	0.00752	0.00233	0.00440	0.07716	0.00646	0.00766
76	0.02386	0.01270	0.01528	0.01254	0.01707	0.01287	0.01009	0.05773	0.31123	0.41188	0.02595	0.02307	0.01770	0.00847	0.00665	0.00212	0.00550	0.00694	0.00748	0.01088
77	0.75389	0.01317	0.01046	0.00916	0.01333	0.01521	0.00755	0.07255	0.01273	0.03046	0.00968	0.01109	0.00744	0.00625	0.00427	0.00203	0.00526	0.00375	0.00427	0.00744
78	0.00793	0.00668	0.00688	0.00683	0.00899	0.00562	0.00512	0.00974	0.01536	0.01863	0.13161	0.06196	0.65945	0.01636	0.00778	0.00221	0.00331	0.01370	0.00623	0.00562
79	0.00940	0.00705	0.01058	0.01058	0.01176	0.00823	0.00823	0.01176	0.01058	0.01528	0.01763	0.02586	0.01646	0.04937	0.74255	0.01058	0.01763	0.00705	0.00353	0.00588
80	0.01554	0.01776	0.03885	0.02775	0.03441	0.01665	0.70366	0.02109	0.01554	0.02109	0.01332	0.01776	0.00999	0.00555	0.00777	0.00222	0.01110	0.00777	0.00333	0.00888
81	0.01320	0.03405	0.73453	0.01876	0.02849	0.01529	0.02432	0.02085	0.01390	0.02085	0.01181	0.01390	0.00834	0.00625	0.00625	0.00208	0.00973	0.00486	0.00278	0.00973
82	0.00940	0.00705	0.01058	0.01058	0.01176	0.00823	0.00823	0.01176	0.01058	0.01528	0.01763	0.02586	0.01646	0.04937	0.74255	0.01058	0.01763	0.00705	0.00353	0.00588
83	0.59247	0.17677	0.01564	0.00969	0.01412	0.03672	0.00837	0.04590	0.01262	0.02662	0.00944	0.01089	0.00760	0.00609	0.00425	0.00189	0.00577	0.00366	0.00388	0.00758
84	0.00864	0.00738	0.00761	0.00808	0.00966	0.03693	0.00578	0.01017	0.01442	0.01767	0.07748	0.31751	0.42011	0.01758	0.00793	0.00236	0.00387	0.01518	0.00604	0.00559
85	0.00957	0.00638	0.00718	0.00718	0.00718	0.00638	0.00399	0.00957	0.00957	0.01276	0.02074	0.04308	0.02393	0.76864	0.03351	0.00638	0.00638	0.00957	0.00399	0.00399
86	0.02418	0.01802	0.01928	0.01498	0.02009	0.02002	0.01231	0.63980	0.09815	0.04012	0.01688	0.01666	0.01207	0.00800	0.00660	0.00200	0.00704	0.00608	0.00660	0.01112
87	0.81514	0.01273	0.00968	0.00866	0.01273	0.01477	0.00713	0.01935	0.01120	0.02954	0.00917	0.01069	0.00713	0.00611	0.00407	0.00204	0.00509	0.00356	0.00407	0.00713
88	0.81514	0.01273	0.00968	0.00866	0.01273	0.01477	0.00713	0.01935	0.01120	0.02954	0.00917	0.01069	0.00713	0.00611	0.00407	0.00204	0.00509	0.00356	0.00407	0.00713
89	0.01068	0.00901	0.01499	0.01367	0.01572	0.00864	0.14942	0.04201	0.01438	0.01918	0.03050	0.47236	0.03443	0.01663	0.00830	0.00261	0.00580	0.11966	0.00556	0.00643
90	0.01629	0.01564	0.02672	0.04041	0.72757	0.01564	0.02020	0.02020	0.01499	0.02151	0.01238	0.01629	0.01043	0.00587	0.00652	0.00196	0.00782	0.00587	0.00326	0.01043
91	0.48365	0.32856	0.01999	0.00974	0.01446	0.01946	0.00885	0.01950	0.01211	0.02370	0.00916	0.01064	0.00768	0.00591	0.00414	0.00178	0.00590	0.00355	0.00355	0.00768
92	0.15646	0.18904	0.38034	0.01630	0.02381	0.01768	0.09039	0.02036	0.01348	0.02125	0.01093	0.01301	0.00832	0.00602	0.00559	0.00194	0.00847	0.00465	0.00308	0.00890
93	0.01867	0.00882	0.01159	0.00971	0.01295	0.00778	0.00766	0.02129	0.01814	0.35675	0.31292	0.03783	0.10462	0.03133	0.00791	0.00218	0.00439	0.00956	0.00747	0.00843
94	0.01760	0.77260	0.03450	0.01126	0.01690	0.02605	0.01126	0.01971	0.01338	0.01549	0.00915	0.01056	0.00845	0.00563	0.00422	0.00141	0.00704	0.00352	0.00282	0.00845
95	0.00811	0.00579	0.00774	0.00926	0.00968	0.00542	0.00626	0.00931	0.01269	0.01690	0.03624	0.74164	0.04336	0.02054	0.00843	0.00269	0.00389	0.04058	0.00611	0.00537
96	0.01320	0.03405	0.73453	0.01876	0.02849	0.01529	0.02432	0.02085	0.01390	0.02085	0.01181	0.01390	0.00834	0.00625	0.00625	0.00208	0.00973	0.00486	0.00278	0.00973
97	0.00953	0.00655	0.00800	0.00800	0.00829	0.00683	0.00502	0.01010	0.00982	0.01337	0.01999	0.03891	0.02212	0.59431	0.20536	0.00740	0.00911	0.00896	0.00388	0.00445
98	0.00792	0.00667	0.00686	0.00681	0.00898	0.00562	0.00511	0.00972	0.01533	0.01856	0.12600	0.06208	0.66510	0.01638	0.00778	0.00221	0.00331	0.01371	0.00622	0.00562
99	0.01669	0.01430	0.01506	0.01346	0.01724	0.01652	0.01050	0.05911	0.69104	0.02804	0.02640	0.02425	0.01978	0.00889	0.00669	0.00222	0.00528	0.00739	0.00669	0.01045
100	0.01061	0.00758	0.01061	0.01212	0.01364	0.00758	0.01061	0.01364	0.01515	0.01970	0.03486	0.07426	0.03789	0.01819	0.00909	0.00303	0.00606	0.68326	0.00606	0.00606
101	0.00957	0.00638	0.00718	0.00718	0.00718	0.00638	0.00399	0.00957	0.00957	0.01276	0.02074	0.04308	0.02393	0.76864	0.03351	0.00638	0.00638	0.00957	0.00399	0.00399
102	0.03396	0.09979	0.51618	0.01660	0.02455	0.07684	0.01987	0.02067	0.01452	0.03845	0.03859	0.01690	0.04129	0.00698	0.00611	0.00199	0.00894	0.00533	0.00330	0.00911
103	0.01783	0.01456	0.01548	0.01355	0.01750	0.01664	0.01064	0.11466	0.61168	0.05200	0.02546	0.02345	0.01891	0.00878	0.00668	0.00220	0.00546	0.00724	0.00673	0.01054
104	0.01860	0.15671	0.07473	0.04231	0.11513	0.16938	0.06311	0.10666	0.03942	0.02121	0.01210	0.01457	0.00985	0.00711	0.00775	0.00194	0.09534	0.00522	0.03003	0.00881
105	0.00809	0.00593	0.00762	0.00893	0.00961	0.00546	0.00613	0.00938	0.01304	0.01705	0.04045	0.64062	0.13788	0.01998	0.00834	0.00262	0.00384	0.04350	0.00611	0.00540
106	0.01620	0.01591	0.10164	0.01780	0.14587	0.05690	0.01300	0.11473	0.09300	0.06958	0.11709	0.07211	0.05205	0.01078	0.02987	0.00233	0.00687	0.02415	0.00529	0.03482
107	0.00964	0.00689	0.00855	0.00813	0.00996	0.00621	0.00618	0.01238	0.01764	0.04691	0.51793	0.05262	0.22076	0.01423	0.00778	0.00214	0.00334	0.03551	0.00696	0.00621
108	0.01387	0.03961	0.04293	0.21127	0.07712	0.04215	0.01241	0.03516	0.01398	0.01957	0.01316	0.04332	0.01142	0.03440	0.03850	0.00215	0.00731	0.00552	0.00363	0.33252
109	0.01451	0.01324	0.02022	0.28539	0.27612	0.03250	0.01640	0.06448	0.01544	0.02077	0.03438	0.06826	0.01533	0.00830	0.00682	0.00213	0.00762	0.05797	0.00389	0.03625
110	0.01856	0.37627	0.08715	0.05705	0.06107	0.11047	0.01338	0.09639	0.04223	0.04033	0.01248	0.03482	0.01054	0.00677	0.00541	0.00172	0.00783	0.00493	0.00372	0.00887
111	0.06082	0.01359	0.02105	0.07504	0.46182	0.01396	0.01604	0.01961	0.07912	0.02179	0.03624	0.05403	0.08269	0.00806	0.00663	0.00206	0.00677	0.00734	0.00409	0.00926
112	0.00879	0.00672	0.00816	0.00851	0.01014	0.00610	0.00656	0.01106	0.01576	0.02053	0.24928	0.16015	0.30652	0.01657	0.00811	0.00239	0.00384	0.13856	0.00644	0.00581
113	0.01365	0.01170	0.01365	0.00975	0.01560	0.00878	0.00780	0.01658	0.01365	0.02145	0.01170	0.01365	0.00975	0.00488	0.00488	0.00098	0.00488	0.00390	0.00390	0.80888
114	0.28046	0.24630	0.04714	0.11369	0.07878	0.01872	0.05032	0.05977	0.01393	0.02282	0.01048	0.01283	0.00846	0.00609	0.00508	0.00187	0.00702	0.00446	0.00353	0.00825
115	0.00956	0.00644	0.00746	0.00746	0.00755	0.00653	0.00433	0.00975	0.00966	0.01297	0.02049	0.04169	0.02333	0.71040	0.09091	0.00672	0.00729	0.00937	0.00395	0.00414
116	0.01885	0.00902	0.01197	0.01002	0.01327	0.00812	0.00794	0.02217	0.03994	0.35157	0.38125	0.03609	0.03973	0.01087	0.00720	0.00206	0.00432	0.00933	0.00765	0.00864
117	0.01475	0.01521	0.03741	0.12352	0.23342	0.08492	0.09367	0.02013	0.09935	0.02063	0.05958	0.07061	0.08070	0.00873	0.00693	0.00211	0.00754	0.00796	0.00430	0.00854
118	0.01217	0.03818	0.01177	0.05537	0.01345	0.01015	0.00791	0.05489	0.04375	0.03915	0.04862	0.09791	0.14545	0.20188	0.01497	0.00326	0.07514	0.03862	0.05802	0.02933

[dist]
# distance from previous block
# <min> <max>
0	31

# created by:
# /home/berkeley/.conda/envs/busco_data_prod/bin/msa2prfl.pl pipeline/OGs_align_augustus/4893/25864.fs
