[name]
unknown

[dist]
# distance from previous block
# <min> <max>
0	52

[block]
# block no. 0 follows, 33 sequences, length 111
# corresponding to MSA columns:
# 52-162
name=unknown_A
#
# <colnr> <probs for GDERKNQSTAVLIFYWHMCP>
#	G	D	E	R	K	N	Q	S	T	A	V	L	I	F	Y	W	H	M	C	P
0	0.01450	0.01287	0.02036	0.05110	0.33261	0.01301	0.06123	0.07204	0.04265	0.02326	0.11767	0.05810	0.04854	0.00969	0.00723	0.00218	0.00675	0.09268	0.00476	0.00878
1	0.02057	0.01417	0.01793	0.04240	0.01974	0.03606	0.07891	0.17443	0.17170	0.20239	0.08169	0.04339	0.01934	0.00860	0.00681	0.00206	0.00643	0.00736	0.00638	0.03965
2	0.01635	0.01625	0.04626	0.14595	0.30979	0.05921	0.10306	0.04478	0.10335	0.04036	0.01533	0.04288	0.01244	0.00702	0.00673	0.00208	0.00815	0.00663	0.00397	0.00941
3	0.00824	0.00591	0.00781	0.00924	0.00975	0.00554	0.00633	0.00950	0.01277	0.01692	0.03664	0.67342	0.06309	0.04236	0.00917	0.00279	0.00404	0.06508	0.00605	0.00536
4	0.05793	0.01852	0.13914	0.06776	0.28927	0.03270	0.08927	0.08543	0.01666	0.11883	0.01428	0.01652	0.01060	0.00647	0.00649	0.00203	0.00814	0.00586	0.00418	0.00992
5	0.01020	0.00694	0.00775	0.00758	0.00783	0.00705	0.00441	0.03033	0.02911	0.01399	0.02076	0.04180	0.02346	0.72634	0.03201	0.00614	0.00638	0.00941	0.00414	0.00437
6	0.02102	0.08408	0.02287	0.02277	0.19928	0.41340	0.05236	0.04944	0.01738	0.01864	0.01126	0.01376	0.00939	0.00766	0.02732	0.00203	0.01041	0.00493	0.00344	0.00856
7	0.01578	0.01456	0.02376	0.08373	0.49371	0.01507	0.04240	0.07230	0.01553	0.02179	0.01431	0.06063	0.01290	0.04715	0.00866	0.00229	0.03543	0.00687	0.00369	0.00946
8	0.02113	0.04543	0.01785	0.01342	0.01851	0.13855	0.01084	0.29942	0.04212	0.06391	0.01416	0.01486	0.01070	0.00674	0.00587	0.00161	0.00715	0.00500	0.00516	0.25757
9	0.00780	0.00657	0.00677	0.00692	0.00896	0.00554	0.00511	0.00942	0.01476	0.01768	0.06360	0.13459	0.65566	0.01707	0.00784	0.00227	0.00338	0.01438	0.00611	0.00554
10	0.00796	0.00658	0.00698	0.00708	0.00905	0.00560	0.00523	0.00973	0.01515	0.01857	0.13129	0.12944	0.59116	0.01672	0.00784	0.00225	0.00336	0.01415	0.00623	0.00560
11	0.02162	0.01642	0.01793	0.01353	0.01897	0.01693	0.01110	0.49925	0.02577	0.03549	0.01458	0.01516	0.01076	0.00700	0.00607	0.00168	0.00653	0.00532	0.00578	0.25011
12	0.01908	0.01548	0.01641	0.01394	0.01815	0.01764	0.01107	0.24457	0.50169	0.03190	0.02336	0.02183	0.01731	0.00861	0.00666	0.00215	0.00585	0.00697	0.00666	0.01066
13	0.01580	0.01087	0.01262	0.01105	0.01403	0.01112	0.00873	0.22559	0.04733	0.08744	0.19848	0.13723	0.11946	0.01286	0.00745	0.00221	0.00499	0.05791	0.00672	0.00810
14	0.04444	0.17691	0.33700	0.02188	0.16214	0.04470	0.08376	0.02066	0.01424	0.02006	0.01137	0.01386	0.00889	0.00600	0.00595	0.00192	0.00886	0.00499	0.00300	0.00935
15	0.01949	0.26734	0.09966	0.01664	0.02185	0.23903	0.10823	0.08308	0.01674	0.01933	0.01087	0.01293	0.00891	0.00651	0.00646	0.00179	0.04438	0.00478	0.00340	0.00858
16	0.01615	0.01336	0.01299	0.01170	0.01461	0.11459	0.00882	0.14286	0.07040	0.07085	0.02645	0.27755	0.06707	0.03486	0.00783	0.00225	0.00596	0.01065	0.00572	0.08534
17	0.00878	0.00703	0.00758	0.00765	0.00936	0.00646	0.00545	0.01141	0.06341	0.01810	0.09276	0.15012	0.43830	0.13015	0.01168	0.00290	0.00398	0.01331	0.00590	0.00567
18	0.02338	0.01680	0.01938	0.01484	0.02010	0.01787	0.04597	0.49778	0.07568	0.10521	0.01709	0.01697	0.01213	0.00762	0.00650	0.00192	0.00692	0.00601	0.00635	0.08147
19	0.01762	0.01370	0.01496	0.01296	0.01667	0.01526	0.01024	0.18510	0.40787	0.05698	0.11039	0.04712	0.02419	0.00979	0.00691	0.00218	0.00542	0.02603	0.00676	0.00986
20	0.02056	0.23453	0.07446	0.03561	0.02089	0.13722	0.07286	0.08779	0.06422	0.13922	0.01465	0.01536	0.01098	0.00671	0.00583	0.00179	0.00800	0.00519	0.00450	0.03963
21	0.01430	0.15013	0.45749	0.01818	0.02620	0.01699	0.11762	0.02119	0.05283	0.02056	0.03615	0.01567	0.01103	0.00644	0.00621	0.00200	0.00902	0.00544	0.00323	0.00932
22	0.00875	0.00697	0.01066	0.01085	0.01196	0.00648	0.07490	0.01036	0.01304	0.01729	0.03586	0.64812	0.08156	0.01890	0.00830	0.00260	0.00451	0.01734	0.00584	0.00571
23	0.00818	0.00595	0.00771	0.00882	0.00953	0.00549	0.00602	0.00964	0.01366	0.01822	0.13431	0.60137	0.10825	0.01927	0.00826	0.00255	0.00368	0.01733	0.00627	0.00549
24	0.04992	0.21547	0.20384	0.01475	0.02081	0.12349	0.01469	0.14426	0.06521	0.06878	0.01343	0.01424	0.01015	0.00676	0.00572	0.00184	0.00817	0.00486	0.00421	0.00940
25	0.01342	0.01302	0.01934	0.65773	0.04189	0.05730	0.01740	0.01865	0.06294	0.01753	0.01267	0.01771	0.00956	0.00676	0.00655	0.00217	0.00871	0.00587	0.00322	0.00755
26	0.00802	0.00573	0.00764	0.00917	0.00955	0.00535	0.00611	0.00917	0.01260	0.01681	0.03628	0.76434	0.04354	0.02062	0.00840	0.00267	0.00382	0.01872	0.00611	0.00535
27	0.14694	0.01402	0.01556	0.04143	0.08849	0.06440	0.01077	0.14244	0.04501	0.22679	0.03719	0.04211	0.04975	0.00832	0.00621	0.00202	0.00625	0.00659	0.03639	0.00930
28	0.02045	0.01831	0.11278	0.01801	0.05940	0.06246	0.14606	0.16712	0.06233	0.18217	0.02078	0.02105	0.06242	0.00780	0.00682	0.00206	0.00787	0.00684	0.00541	0.00985
29	0.00802	0.00573	0.00764	0.00917	0.00955	0.00535	0.00611	0.00917	0.01260	0.01681	0.03628	0.76434	0.04354	0.02062	0.00840	0.00267	0.00382	0.01872	0.00611	0.00535
30	0.01457	0.01491	0.02298	0.01886	0.01986	0.01963	0.11822	0.01663	0.01090	0.01663	0.00935	0.01491	0.00884	0.01062	0.01952	0.00278	0.64430	0.00606	0.00295	0.00745
31	0.01406	0.15680	0.58289	0.01795	0.02685	0.01716	0.05585	0.02067	0.01389	0.01996	0.01144	0.01353	0.00844	0.00612	0.00599	0.00198	0.00935	0.00478	0.00281	0.00947
32	0.01329	0.03267	0.68424	0.01866	0.02770	0.01563	0.02362	0.02050	0.01363	0.02050	0.01159	0.01393	0.00836	0.00663	0.00734	0.00214	0.06230	0.00493	0.00279	0.00955
33	0.00802	0.00573	0.00764	0.00917	0.00955	0.00535	0.00611	0.00917	0.01260	0.01681	0.03628	0.76434	0.04354	0.02062	0.00840	0.00267	0.00382	0.01872	0.00611	0.00535
34	0.02557	0.01627	0.01832	0.01420	0.01928	0.01733	0.01175	0.51619	0.02742	0.20799	0.01899	0.01962	0.01344	0.00835	0.00669	0.00203	0.00680	0.03180	0.00694	0.01100
35	0.16938	0.01384	0.01534	0.01289	0.01698	0.01508	0.03640	0.22494	0.18002	0.09649	0.02176	0.07057	0.03395	0.00946	0.00650	0.00218	0.00597	0.05284	0.00608	0.00931
36	0.00885	0.00637	0.00815	0.00931	0.00989	0.00616	0.00625	0.02907	0.03358	0.01749	0.03427	0.66765	0.04049	0.07632	0.01020	0.00292	0.00415	0.01734	0.00598	0.00555
37	0.06114	0.09839	0.18929	0.01767	0.13073	0.05390	0.03981	0.01899	0.03735	0.02218	0.17498	0.02216	0.02149	0.00774	0.00623	0.00188	0.00696	0.00649	0.00423	0.07841
38	0.01554	0.01776	0.03885	0.02775	0.03441	0.01665	0.70366	0.02109	0.01554	0.02109	0.01332	0.01776	0.00999	0.00555	0.00777	0.00222	0.01110	0.00777	0.00333	0.00888
39	0.35626	0.22709	0.19124	0.01230	0.01812	0.06188	0.01273	0.02023	0.01290	0.02279	0.00986	0.01150	0.00786	0.00606	0.00475	0.00186	0.00715	0.00391	0.00338	0.00815
40	0.01806	0.01990	0.10594	0.02222	0.13359	0.13240	0.18795	0.06399	0.05942	0.07199	0.04067	0.01793	0.01281	0.00712	0.00762	0.00207	0.05358	0.00635	0.02726	0.00914
41	0.01057	0.00811	0.00974	0.00923	0.01116	0.00806	0.00693	0.03215	0.13158	0.02513	0.45932	0.12263	0.11257	0.01365	0.00763	0.00217	0.00365	0.01195	0.00692	0.00686
42	0.01844	0.41979	0.14267	0.01638	0.08988	0.14896	0.01445	0.02156	0.01476	0.04374	0.01071	0.01234	0.00893	0.00605	0.00517	0.00165	0.00835	0.00421	0.00315	0.00881
43	0.00832	0.00608	0.00783	0.00888	0.00965	0.00557	0.00603	0.00967	0.01315	0.01758	0.08572	0.61498	0.09438	0.04195	0.00896	0.00265	0.00384	0.01711	0.00605	0.03160
44	0.04665	0.11253	0.06364	0.07631	0.14782	0.04184	0.01410	0.19463	0.13241	0.05255	0.01561	0.01699	0.01195	0.00870	0.03409	0.00229	0.00767	0.00572	0.00477	0.00973
45	0.10324	0.01727	0.01836	0.01501	0.03965	0.01923	0.01194	0.53651	0.11048	0.03804	0.01635	0.01635	0.01183	0.00779	0.00634	0.00201	0.00680	0.00587	0.00625	0.01067
46	0.00817	0.00595	0.00770	0.00881	0.00952	0.00548	0.00602	0.00962	0.01362	0.01815	0.12865	0.60296	0.11247	0.01931	0.00826	0.00255	0.00368	0.01736	0.00626	0.00548
47	0.01755	0.39248	0.23420	0.01460	0.02092	0.10983	0.01542	0.06507	0.01519	0.01881	0.01046	0.01216	0.00861	0.00631	0.00578	0.00173	0.03466	0.00423	0.00312	0.00885
48	0.06181	0.01593	0.06034	0.15671	0.34003	0.03417	0.05570	0.06477	0.01588	0.08928	0.01353	0.01651	0.01035	0.00635	0.00640	0.00200	0.00790	0.00576	0.00392	0.03265
49	0.00960	0.00698	0.01021	0.01019	0.01141	0.00801	0.00791	0.01202	0.01111	0.01633	0.04485	0.02666	0.01823	0.04518	0.66454	0.00964	0.01609	0.00718	0.05796	0.00591
50	0.01430	0.01271	0.02142	0.44487	0.24835	0.01430	0.03706	0.01843	0.01403	0.04478	0.01306	0.01777	0.01007	0.00646	0.00648	0.00208	0.00809	0.00595	0.05141	0.00837
51	0.05133	0.13441	0.01831	0.01277	0.01698	0.14719	0.01042	0.12456	0.13623	0.15998	0.04009	0.04276	0.06002	0.00858	0.00619	0.00193	0.00685	0.00659	0.00562	0.00918
52	0.04341	0.50153	0.12297	0.01235	0.01837	0.02129	0.01262	0.03734	0.01473	0.14257	0.01260	0.01320	0.00983	0.00622	0.00496	0.00164	0.00709	0.00430	0.00387	0.00912
53	0.00802	0.00573	0.00764	0.00917	0.00955	0.00535	0.00611	0.00917	0.01260	0.01681	0.03628	0.76434	0.04354	0.02062	0.00840	0.00267	0.00382	0.01872	0.00611	0.00535
54	0.01097	0.00901	0.00911	0.00874	0.01091	0.06040	0.00670	0.03366	0.01684	0.04282	0.24765	0.07122	0.34916	0.01445	0.00759	0.00218	0.00428	0.05918	0.02886	0.00629
55	0.02344	0.12150	0.02094	0.01587	0.01982	0.47584	0.01255	0.16706	0.02026	0.02133	0.01117	0.01262	0.00905	0.00704	0.00640	0.00176	0.03637	0.00456	0.00397	0.00846
56	0.01443	0.01376	0.02323	0.37062	0.38340	0.01534	0.01909	0.01847	0.01395	0.01911	0.01192	0.01681	0.00959	0.00641	0.00712	0.00210	0.03683	0.00585	0.00309	0.00886
57	0.01602	0.01536	0.02623	0.09056	0.67955	0.01557	0.02007	0.01997	0.01486	0.02118	0.01234	0.01638	0.01031	0.00592	0.00652	0.00197	0.00789	0.00586	0.00324	0.01021
58	0.00802	0.00594	0.00750	0.00866	0.00943	0.00542	0.00590	0.00934	0.01328	0.01735	0.06755	0.60506	0.17327	0.01961	0.00826	0.00257	0.00370	0.01755	0.00615	0.00542
59	0.00820	0.00592	0.00760	0.00875	0.00934	0.00550	0.00587	0.00944	0.01301	0.01726	0.08442	0.60400	0.10285	0.07245	0.01007	0.00285	0.00391	0.01719	0.00604	0.00533
60	0.01547	0.01480	0.02523	0.19297	0.58147	0.01542	0.01979	0.01948	0.01460	0.02050	0.01224	0.01656	0.01007	0.00602	0.00653	0.00201	0.00803	0.00586	0.00319	0.00976
61	0.01727	0.01687	0.01994	0.01689	0.01813	0.09631	0.01391	0.13312	0.01450	0.02019	0.01001	0.01437	0.00905	0.01041	0.01742	0.00260	0.55188	0.00563	0.00356	0.00792
62	0.01602	0.01536	0.02623	0.09068	0.67943	0.01557	0.02007	0.01997	0.01486	0.02118	0.01233	0.01638	0.01031	0.00592	0.00652	0.00197	0.00789	0.00586	0.00324	0.01021
63	0.01781	0.75016	0.03402	0.01144	0.01700	0.04773	0.01131	0.01991	0.01354	0.01551	0.00918	0.01060	0.00845	0.00567	0.00428	0.00142	0.00719	0.00354	0.00283	0.00842
64	0.04655	0.01420	0.01502	0.01390	0.05519	0.10646	0.01022	0.08563	0.08453	0.11615	0.09009	0.12658	0.02152	0.01002	0.00790	0.00204	0.07174	0.00801	0.00545	0.10881
65	0.81514	0.01273	0.00968	0.00866	0.01273	0.01477	0.00713	0.01935	0.01120	0.02954	0.00917	0.01069	0.00713	0.00611	0.00407	0.00204	0.00509	0.00356	0.00407	0.00713
66	0.00882	0.00671	0.00812	0.00776	0.00953	0.00600	0.00582	0.01147	0.01747	0.02363	0.51299	0.05373	0.27495	0.01449	0.00777	0.00212	0.00318	0.01254	0.00688	0.00600
67	0.01325	0.01291	0.02299	0.58216	0.11614	0.01500	0.10851	0.01774	0.01367	0.01788	0.01199	0.01745	0.00911	0.00637	0.00673	0.00217	0.00898	0.00610	0.00301	0.00785
68	0.02831	0.01190	0.01555	0.01206	0.01707	0.01087	0.00992	0.07768	0.06871	0.63599	0.02534	0.02211	0.01622	0.00819	0.00662	0.00205	0.00568	0.00663	0.00794	0.01115
69	0.00930	0.00631	0.00744	0.00769	0.00782	0.00630	0.00457	0.00962	0.01014	0.01358	0.02321	0.16415	0.02686	0.60440	0.06647	0.00598	0.00654	0.01099	0.00432	0.00432
70	0.01487	0.01063	0.01215	0.01085	0.01376	0.01131	0.00841	0.04589	0.31672	0.09124	0.29087	0.03344	0.03521	0.01046	0.00695	0.00210	0.00436	0.00892	0.06324	0.00862
71	0.08171	0.01131	0.01491	0.01151	0.01653	0.01001	0.00951	0.03124	0.01834	0.68547	0.02486	0.02163	0.01569	0.00801	0.00645	0.00204	0.00557	0.00642	0.00788	0.01093
72	0.01227	0.00614	0.00614	0.00614	0.00767	0.00614	0.00460	0.01534	0.01381	0.02454	0.02148	0.02454	0.01687	0.00767	0.00460	0.00153	0.00307	0.00614	0.80518	0.00614
73	0.01260	0.00645	0.00648	0.00637	0.00800	0.00650	0.00480	0.03300	0.01424	0.02498	0.02133	0.02432	0.01673	0.00768	0.00465	0.00155	0.00317	0.00613	0.78476	0.00627
74	0.00803	0.00585	0.00758	0.00890	0.00949	0.00539	0.00601	0.00929	0.01301	0.01718	0.05920	0.67499	0.11078	0.02003	0.00832	0.00261	0.00375	0.01805	0.00614	0.00539
75	0.02503	0.01844	0.01976	0.01515	0.02042	0.02042	0.01251	0.70562	0.03095	0.04149	0.01581	0.01581	0.01120	0.00790	0.00659	0.00198	0.00724	0.00593	0.00659	0.01120
76	0.01760	0.77260	0.03450	0.01126	0.01690	0.02605	0.01126	0.01971	0.01338	0.01549	0.00915	0.01056	0.00845	0.00563	0.00422	0.00141	0.00704	0.00352	0.00282	0.00845
77	0.00809	0.00669	0.00712	0.00721	0.00926	0.00572	0.00545	0.00995	0.01528	0.01869	0.12776	0.08865	0.59908	0.01659	0.00787	0.00227	0.00347	0.04901	0.00622	0.00564
78	0.00828	0.00591	0.00793	0.00946	0.00995	0.00557	0.00656	0.00961	0.01286	0.01709	0.03614	0.69622	0.04298	0.02038	0.00847	0.00271	0.00404	0.08431	0.00611	0.00542
79	0.01243	0.01170	0.01975	0.75282	0.04534	0.01463	0.01828	0.01682	0.01316	0.01682	0.01170	0.01755	0.00878	0.00658	0.00658	0.00219	0.00878	0.00585	0.00293	0.00731
80	0.00801	0.00576	0.00761	0.00909	0.00953	0.00535	0.00607	0.00918	0.01268	0.01684	0.03728	0.74147	0.06577	0.02050	0.00838	0.00266	0.00380	0.01856	0.00611	0.00535
81	0.00991	0.00786	0.01085	0.01079	0.01204	0.03268	0.00838	0.01224	0.01085	0.01531	0.01739	0.02540	0.01619	0.04796	0.71801	0.01028	0.01744	0.00696	0.00352	0.00594
82	0.02954	0.01120	0.01528	0.01171	0.01681	0.00968	0.00968	0.03208	0.01884	0.73213	0.02597	0.02241	0.01630	0.00815	0.00662	0.00204	0.00560	0.00662	0.00815	0.01120
83	0.01365	0.01170	0.01365	0.00975	0.01560	0.00878	0.00780	0.01658	0.01365	0.02145	0.01170	0.01365	0.00975	0.00488	0.00488	0.00098	0.00488	0.00390	0.00390	0.80888
84	0.01721	0.69105	0.06020	0.01197	0.01737	0.02522	0.01198	0.01948	0.01316	0.01572	0.00922	0.01096	0.00846	0.00607	0.00553	0.00154	0.05991	0.00373	0.00282	0.00841
85	0.02954	0.01120	0.01528	0.01171	0.01681	0.00968	0.00968	0.03208	0.01884	0.73213	0.02597	0.02241	0.01630	0.00815	0.00662	0.00204	0.00560	0.00662	0.00815	0.01120
86	0.01365	0.01170	0.01365	0.00975	0.01560	0.00878	0.00780	0.01658	0.01365	0.02145	0.01170	0.01365	0.00975	0.00488	0.00488	0.00098	0.00488	0.00390	0.00390	0.80888
87	0.00943	0.00696	0.01012	0.01012	0.01113	0.00798	0.00765	0.01146	0.01044	0.01494	0.01806	0.02822	0.01748	0.14766	0.64566	0.01001	0.01610	0.00740	0.00359	0.00562
88	0.01693	0.01531	0.01514	0.01364	0.01734	0.06553	0.01058	0.03439	0.66848	0.02677	0.02567	0.02370	0.01931	0.00879	0.00665	0.00220	0.00566	0.00723	0.00647	0.01023
89	0.07248	0.49174	0.22128	0.01372	0.02039	0.02200	0.04076	0.02005	0.01345	0.01813	0.01003	0.01174	0.00838	0.00583	0.00489	0.00167	0.00778	0.00405	0.00291	0.00872
90	0.04920	0.06714	0.06994	0.01792	0.12936	0.01592	0.03913	0.14292	0.19801	0.10870	0.05747	0.02008	0.01615	0.00767	0.00639	0.00200	0.00655	0.00640	0.00549	0.03356
91	0.01490	0.02512	0.33344	0.02390	0.05138	0.04237	0.37014	0.02115	0.01494	0.02082	0.01254	0.01586	0.00925	0.00590	0.00702	0.00214	0.01045	0.00635	0.00310	0.00924
92	0.00802	0.00573	0.00764	0.00917	0.00955	0.00535	0.00611	0.00917	0.01260	0.01681	0.03628	0.76434	0.04354	0.02062	0.00840	0.00267	0.00382	0.01872	0.00611	0.00535
93	0.01580	0.01244	0.01381	0.06414	0.01745	0.01412	0.00996	0.04781	0.48560	0.05090	0.06731	0.02526	0.02106	0.00882	0.00646	0.00211	0.00511	0.00736	0.11506	0.00941
94	0.01723	0.51633	0.22524	0.01335	0.02007	0.02194	0.01474	0.02090	0.01390	0.06741	0.01107	0.01231	0.00897	0.00598	0.00495	0.00164	0.00768	0.00411	0.00318	0.00899
95	0.00804	0.00667	0.00699	0.00695	0.00897	0.00575	0.00515	0.00974	0.01478	0.01799	0.10603	0.05987	0.61535	0.05908	0.03708	0.00276	0.00403	0.01326	0.00597	0.00553
96	0.00957	0.00639	0.00723	0.00721	0.00726	0.00638	0.00406	0.00966	0.00985	0.01318	0.04192	0.04326	0.02508	0.74590	0.03273	0.00625	0.00628	0.00964	0.00409	0.00406
97	0.06970	0.01530	0.02695	0.13582	0.44822	0.01564	0.15230	0.01984	0.01458	0.02131	0.01225	0.01638	0.00989	0.00592	0.00661	0.00205	0.00841	0.00608	0.00328	0.00947
98	0.00811	0.00579	0.00774	0.00927	0.00969	0.00542	0.00626	0.00932	0.01269	0.01690	0.03624	0.74095	0.04335	0.02054	0.00843	0.00269	0.00390	0.04124	0.00611	0.00537
99	0.00979	0.00658	0.00763	0.00749	0.00813	0.00632	0.00469	0.01062	0.01210	0.03320	0.15631	0.06191	0.10322	0.51647	0.02489	0.00497	0.00539	0.01058	0.00496	0.00477
100	0.00814	0.00595	0.00743	0.00854	0.00920	0.00549	0.00571	0.00926	0.01270	0.01656	0.03985	0.57218	0.15689	0.09618	0.01086	0.00298	0.00400	0.01697	0.00590	0.00524
101	0.07523	0.01823	0.10591	0.01390	0.01889	0.06202	0.01237	0.34804	0.02291	0.11476	0.07621	0.01970	0.01587	0.03038	0.03389	0.00242	0.00751	0.00626	0.00580	0.00970
102	0.01526	0.01969	0.12147	0.02668	0.03370	0.01649	0.62298	0.02106	0.01534	0.02106	0.01314	0.01730	0.00979	0.00563	0.00759	0.00220	0.01094	0.00742	0.00326	0.00898
103	0.00957	0.00638	0.00718	0.00718	0.00718	0.00638	0.00399	0.00957	0.00957	0.01276	0.02074	0.04308	0.02393	0.76864	0.03351	0.00638	0.00638	0.00957	0.00399	0.00399
104	0.01409	0.04095	0.34946	0.23460	0.14665	0.01564	0.04085	0.04495	0.01453	0.02044	0.01200	0.01545	0.00896	0.00631	0.00640	0.00208	0.00903	0.00540	0.00306	0.00914
105	0.01104	0.01206	0.08230	0.04282	0.04016	0.01022	0.17759	0.01416	0.01347	0.01837	0.02539	0.39217	0.02780	0.01549	0.03634	0.00279	0.02825	0.03791	0.00475	0.00692
106	0.00808	0.00575	0.00762	0.00910	0.00947	0.00538	0.00604	0.00918	0.01250	0.01666	0.03574	0.73909	0.04285	0.04681	0.00928	0.00280	0.00391	0.01840	0.00604	0.00530
107	0.47671	0.01353	0.01641	0.08725	0.06964	0.01478	0.09636	0.04613	0.01366	0.09323	0.01199	0.01394	0.00889	0.00633	0.00529	0.00207	0.00652	0.00485	0.00429	0.00813
108	0.01706	0.49444	0.14785	0.01370	0.01954	0.10125	0.03909	0.02019	0.01395	0.01664	0.01037	0.01245	0.00897	0.00850	0.04946	0.00214	0.00881	0.00419	0.00294	0.00843
109	0.01567	0.01345	0.01679	0.01236	0.01796	0.03834	0.07843	0.07710	0.01568	0.04927	0.01338	0.03568	0.01105	0.00584	0.00552	0.00130	0.00597	0.00500	0.00428	0.57693
110	0.01505	0.34346	0.44126	0.01562	0.02363	0.01980	0.01885	0.02037	0.01368	0.01860	0.01070	0.01250	0.00839	0.00599	0.00540	0.00180	0.00860	0.00430	0.00280	0.00919

[dist]
# distance from previous block
# <min> <max>
0	1

[block]
# block no. 1 follows, 33 sequences, length 28
# corresponding to MSA columns:
# 164-191
name=unknown_B
#
# <colnr> <probs for GDERKNQSTAVLIFYWHMCP>
#	G	D	E	R	K	N	Q	S	T	A	V	L	I	F	Y	W	H	M	C	P
0	0.02459	0.03138	0.01866	0.01696	0.02035	0.74221	0.01272	0.02629	0.01866	0.01611	0.01018	0.01187	0.00848	0.00678	0.00594	0.00170	0.01187	0.00424	0.00339	0.00763
1	0.78078	0.01298	0.01011	0.00894	0.01307	0.01501	0.00736	0.04920	0.01206	0.03006	0.00946	0.01092	0.00731	0.00619	0.00418	0.00203	0.00519	0.00367	0.00418	0.00731
2	0.01076	0.00920	0.01118	0.01103	0.01236	0.07356	0.00848	0.01297	0.01126	0.01527	0.01708	0.02521	0.01601	0.07056	0.65230	0.00964	0.01673	0.00689	0.00353	0.00597
3	0.01024	0.00839	0.01154	0.01091	0.01186	0.00996	0.00846	0.01212	0.01151	0.01628	0.07839	0.03166	0.09983	0.11823	0.37277	0.00691	0.16273	0.00825	0.00404	0.00592
4	0.01153	0.00803	0.00901	0.00834	0.01087	0.00729	0.00644	0.06795	0.01711	0.08789	0.15911	0.08430	0.44863	0.01489	0.00764	0.00220	0.00392	0.03169	0.00652	0.00665
5	0.01514	0.01694	0.03658	0.02649	0.03274	0.01592	0.64810	0.02049	0.01551	0.02098	0.01505	0.02229	0.01223	0.00656	0.00788	0.00228	0.01069	0.06192	0.00355	0.00865
6	0.01554	0.01776	0.03885	0.02775	0.03441	0.01665	0.70366	0.02109	0.01554	0.02109	0.01332	0.01776	0.00999	0.00555	0.00777	0.00222	0.01110	0.00777	0.00333	0.00888
7	0.01556	0.01361	0.01543	0.01577	0.09543	0.01528	0.01100	0.03095	0.57211	0.02595	0.02892	0.02727	0.08498	0.00931	0.00678	0.00220	0.00533	0.00787	0.00626	0.00997
8	0.00943	0.00697	0.01016	0.01016	0.01120	0.00800	0.00771	0.01149	0.01046	0.01497	0.01801	0.02797	0.01737	0.13731	0.65586	0.01007	0.01626	0.00736	0.00358	0.00565
9	0.00807	0.00577	0.00768	0.00913	0.00956	0.00538	0.00611	0.00929	0.01283	0.01716	0.06160	0.73802	0.04422	0.02036	0.00838	0.00265	0.00379	0.01846	0.00615	0.00538
10	0.01072	0.00720	0.00817	0.00768	0.01006	0.00618	0.00585	0.01278	0.01615	0.10544	0.19695	0.07663	0.48196	0.01510	0.00766	0.00218	0.00357	0.01275	0.00659	0.00637
11	0.01581	0.01358	0.01440	0.01311	0.01661	0.01563	0.01013	0.03325	0.66842	0.02682	0.02743	0.07428	0.02167	0.00972	0.00681	0.00226	0.00512	0.00820	0.00666	0.01008
12	0.01631	0.01675	0.02149	0.38557	0.22976	0.15027	0.01753	0.04944	0.01547	0.01907	0.01179	0.01607	0.00929	0.00648	0.00644	0.00203	0.00902	0.00556	0.00326	0.00841
13	0.00823	0.00588	0.00788	0.00941	0.00988	0.00553	0.00648	0.00953	0.01281	0.01704	0.03617	0.70786	0.04308	0.02043	0.00846	0.00270	0.00400	0.07310	0.00611	0.00541
14	0.00802	0.00573	0.00764	0.00917	0.00955	0.00535	0.00611	0.00917	0.01260	0.01681	0.03628	0.76434	0.04354	0.02062	0.00840	0.00267	0.00382	0.01872	0.00611	0.00535
15	0.01320	0.03405	0.73453	0.01876	0.02849	0.01529	0.02432	0.02085	0.01390	0.02085	0.01181	0.01390	0.00834	0.00625	0.00625	0.00208	0.00973	0.00486	0.00278	0.00973
16	0.00970	0.00682	0.00944	0.00944	0.01039	0.00764	0.00698	0.01160	0.01065	0.01556	0.01866	0.02951	0.01813	0.20310	0.52160	0.00886	0.01387	0.00752	0.07505	0.00549
17	0.01243	0.01170	0.01975	0.75282	0.04534	0.01463	0.01828	0.01682	0.01316	0.01682	0.01170	0.01755	0.00878	0.00658	0.00658	0.00219	0.00878	0.00585	0.00293	0.00731
18	0.02503	0.01844	0.01976	0.01515	0.02042	0.02042	0.01251	0.70562	0.03095	0.04149	0.01581	0.01581	0.01120	0.00790	0.00659	0.00198	0.00724	0.00593	0.00659	0.01120
19	0.00778	0.00667	0.00667	0.00667	0.00889	0.00556	0.00500	0.00945	0.01501	0.01778	0.06669	0.06336	0.72490	0.01667	0.00778	0.00222	0.00333	0.01389	0.00611	0.00556
20	0.00932	0.00673	0.00880	0.00828	0.00984	0.00621	0.00621	0.01242	0.01863	0.02640	0.72410	0.04918	0.06212	0.01346	0.00776	0.00207	0.00311	0.01191	0.00725	0.00621
21	0.00802	0.00573	0.00764	0.00917	0.00955	0.00535	0.00611	0.00917	0.01260	0.01681	0.03628	0.76434	0.04354	0.02062	0.00840	0.00267	0.00382	0.01872	0.00611	0.00535
22	0.00801	0.00614	0.00735	0.00818	0.00932	0.00548	0.00570	0.00947	0.01387	0.01776	0.08982	0.45881	0.29903	0.01871	0.00813	0.00247	0.00359	0.01650	0.00618	0.00548
23	0.01996	0.01334	0.01499	0.01294	0.01703	0.01455	0.01022	0.03419	0.52575	0.21958	0.02657	0.02397	0.01906	0.00872	0.00668	0.00218	0.00532	0.00722	0.00709	0.01063
24	0.01730	0.70165	0.03316	0.01183	0.01693	0.02550	0.01156	0.01935	0.01307	0.01552	0.00910	0.01092	0.00847	0.00618	0.00585	0.00155	0.07719	0.00373	0.00282	0.00833
25	0.00814	0.00582	0.00775	0.00908	0.00958	0.00543	0.00612	0.00947	0.01317	0.01770	0.10065	0.69741	0.04528	0.01995	0.00834	0.00262	0.00375	0.01808	0.00622	0.00543
26	0.01480	0.03590	0.01485	0.01029	0.01608	0.01037	0.00833	0.07909	0.01521	0.02308	0.01199	0.01375	0.00984	0.00517	0.00501	0.00108	0.00516	0.00407	0.00411	0.71182
27	0.04732	0.02013	0.01841	0.01701	0.08534	0.21164	0.01234	0.26124	0.14069	0.02826	0.01527	0.01593	0.01165	0.00726	0.00619	0.00186	0.00791	0.00547	0.00512	0.08097

[dist]
# distance from previous block
# <min> <max>
0	1

[block]
# block no. 2 follows, 33 sequences, length 15
# corresponding to MSA columns:
# 193-207
name=unknown_C
#
# <colnr> <probs for GDERKNQSTAVLIFYWHMCP>
#	G	D	E	R	K	N	Q	S	T	A	V	L	I	F	Y	W	H	M	C	P
0	0.04255	0.12740	0.03815	0.01617	0.08534	0.18695	0.01223	0.13841	0.04491	0.06737	0.01484	0.04521	0.01254	0.00769	0.00632	0.00182	0.02419	0.02952	0.00451	0.09387
1	0.01770	0.01687	0.02630	0.13406	0.34219	0.09017	0.15754	0.04095	0.01597	0.07459	0.01338	0.01677	0.01037	0.00623	0.00673	0.00202	0.00886	0.00614	0.00370	0.00946
2	0.00823	0.00585	0.00773	0.00916	0.00957	0.00551	0.00616	0.00938	0.01252	0.01667	0.03523	0.68942	0.04205	0.06843	0.01004	0.00293	0.00408	0.04580	0.00597	0.00529
3	0.00814	0.00625	0.00746	0.00807	0.00934	0.00557	0.00570	0.00980	0.01450	0.01874	0.16000	0.38011	0.30674	0.01795	0.00806	0.00240	0.00352	0.01576	0.00630	0.00557
4	0.01403	0.10967	0.42385	0.01579	0.02296	0.04316	0.03865	0.04617	0.05601	0.02065	0.01998	0.02152	0.10378	0.02754	0.00701	0.00213	0.00827	0.00628	0.00367	0.00888
5	0.01469	0.18188	0.43202	0.09994	0.02802	0.05071	0.06550	0.02043	0.01404	0.01910	0.01128	0.01379	0.00853	0.00614	0.00596	0.00195	0.00926	0.00486	0.00287	0.00904
6	0.00827	0.00596	0.00786	0.00917	0.00979	0.00556	0.00635	0.00970	0.01332	0.01774	0.08853	0.63496	0.07686	0.01975	0.00837	0.00263	0.00388	0.05962	0.00619	0.00547
7	0.00957	0.00638	0.00718	0.00718	0.00718	0.00638	0.00399	0.00957	0.00957	0.01276	0.02074	0.04308	0.02393	0.76864	0.03351	0.00638	0.00638	0.00957	0.00399	0.00399
8	0.01574	0.02227	0.27820	0.02100	0.05604	0.01609	0.22228	0.06492	0.05406	0.05595	0.03514	0.01738	0.01178	0.00717	0.00852	0.00221	0.09173	0.00637	0.00382	0.00932
9	0.00813	0.00668	0.00715	0.00703	0.00911	0.00571	0.00528	0.01012	0.01583	0.01973	0.21538	0.06015	0.57499	0.01595	0.00778	0.00219	0.00328	0.01344	0.00637	0.00571
10	0.00957	0.00638	0.00718	0.00718	0.00718	0.00638	0.00399	0.00957	0.00957	0.01276	0.02074	0.04308	0.02393	0.76864	0.03351	0.00638	0.00638	0.00957	0.00399	0.00399
11	0.00930	0.00695	0.01036	0.01047	0.01159	0.00801	0.00807	0.01156	0.01073	0.01540	0.01905	0.08179	0.01851	0.04720	0.68695	0.00998	0.01659	0.00794	0.00372	0.00584
12	0.01884	0.43435	0.11070	0.01307	0.01892	0.08884	0.01276	0.10802	0.01640	0.04742	0.01124	0.01243	0.00919	0.00614	0.00506	0.00158	0.00761	0.00420	0.00363	0.06960
13	0.01692	0.24315	0.08442	0.02133	0.24280	0.04363	0.01468	0.07433	0.01557	0.02105	0.01144	0.01369	0.00953	0.00584	0.00549	0.00161	0.00729	0.00466	0.00348	0.15908
14	0.02012	0.08911	0.13278	0.01887	0.09061	0.17834	0.06586	0.22945	0.04042	0.02605	0.03737	0.01576	0.01174	0.00705	0.00631	0.00191	0.00877	0.00556	0.00442	0.00950

[dist]
# distance from previous block
# <min> <max>
0	1

[block]
# block no. 3 follows, 33 sequences, length 44
# corresponding to MSA columns:
# 209-252
name=unknown_D
#
# <colnr> <probs for GDERKNQSTAVLIFYWHMCP>
#	G	D	E	R	K	N	Q	S	T	A	V	L	I	F	Y	W	H	M	C	P
0	0.01869	0.07593	0.02122	0.07751	0.26101	0.18062	0.01451	0.04416	0.01589	0.09054	0.01457	0.05213	0.01255	0.03726	0.03273	0.00240	0.02934	0.00617	0.00399	0.00879
1	0.05187	0.01580	0.01944	0.01693	0.06850	0.07174	0.08971	0.17428	0.14290	0.12722	0.08247	0.02099	0.01742	0.00832	0.00777	0.00211	0.06048	0.00681	0.00568	0.00956
2	0.00928	0.00653	0.00761	0.00761	0.00813	0.00653	0.00478	0.00988	0.01055	0.01391	0.02728	0.04359	0.12963	0.54631	0.13579	0.00638	0.00760	0.00985	0.00424	0.00451
3	0.03527	0.07119	0.08381	0.01730	0.02350	0.06075	0.24864	0.02004	0.01478	0.04999	0.01251	0.01504	0.00975	0.00556	0.00606	0.00164	0.00805	0.00541	0.00368	0.30703
4	0.04628	0.04677	0.11030	0.01318	0.03283	0.03339	0.02807	0.14570	0.04349	0.04989	0.03039	0.01838	0.04542	0.02375	0.00641	0.00172	0.00641	0.00550	0.00460	0.30752
5	0.01630	0.01477	0.02464	0.18273	0.53885	0.01538	0.01916	0.04323	0.01531	0.04781	0.01287	0.01676	0.01034	0.00617	0.00654	0.00201	0.00791	0.00589	0.00349	0.00985
6	0.00816	0.00583	0.00780	0.00932	0.00977	0.00547	0.00635	0.00940	0.01274	0.01696	0.03621	0.72783	0.04324	0.02050	0.00844	0.00269	0.00394	0.05388	0.00611	0.00539
7	0.01075	0.00754	0.00945	0.00923	0.01009	0.00814	0.00638	0.03353	0.07244	0.01569	0.01964	0.05702	0.02017	0.34921	0.24572	0.09765	0.00959	0.00838	0.00411	0.00527
8	0.05050	0.01963	0.02192	0.02790	0.38164	0.23135	0.01590	0.02388	0.03773	0.10705	0.01370	0.01576	0.01073	0.00652	0.00627	0.00190	0.00857	0.00543	0.00403	0.00956
9	0.00861	0.00665	0.00786	0.00767	0.00943	0.00590	0.00571	0.01102	0.01681	0.02233	0.41619	0.09481	0.33290	0.01518	0.00781	0.00217	0.00324	0.01310	0.00672	0.00590
10	0.00911	0.00691	0.00734	0.00727	0.00954	0.00585	0.00552	0.01085	0.01511	0.05758	0.06180	0.09458	0.62759	0.01644	0.00779	0.00226	0.00359	0.03875	0.00622	0.00588
11	0.62527	0.01296	0.01140	0.00968	0.01401	0.01442	0.00798	0.07792	0.01404	0.14210	0.01238	0.01298	0.00892	0.00658	0.00469	0.00203	0.00535	0.00424	0.00493	0.00811
12	0.64301	0.01415	0.01137	0.00985	0.01398	0.04804	0.00805	0.11528	0.01438	0.03044	0.01054	0.01191	0.00808	0.00644	0.00453	0.00200	0.00563	0.00401	0.03062	0.00769
13	0.00831	0.00650	0.00751	0.00812	0.00947	0.00589	0.00572	0.01036	0.03759	0.01805	0.08856	0.37406	0.34124	0.03640	0.00865	0.00252	0.00368	0.01561	0.00615	0.00563
14	0.00814	0.00581	0.00777	0.00930	0.00973	0.00545	0.00631	0.00937	0.01272	0.01693	0.03622	0.73350	0.04329	0.02052	0.00843	0.00269	0.00392	0.04842	0.00611	0.00538
15	0.72491	0.01289	0.01026	0.00919	0.01323	0.01495	0.00750	0.02112	0.09078	0.02931	0.01116	0.01226	0.00859	0.00643	0.00437	0.00206	0.00511	0.00400	0.00437	0.00750
16	0.01320	0.03405	0.73453	0.01876	0.02849	0.01529	0.02432	0.02085	0.01390	0.02085	0.01181	0.01390	0.00834	0.00625	0.00625	0.00208	0.00973	0.00486	0.00278	0.00973
17	0.01000	0.00727	0.00882	0.00828	0.01024	0.00672	0.00626	0.01359	0.05604	0.04807	0.49895	0.05045	0.22294	0.01383	0.00767	0.00212	0.00336	0.01198	0.00697	0.00645
18	0.00800	0.00659	0.00704	0.00712	0.00908	0.00562	0.00526	0.00981	0.01526	0.01882	0.15009	0.12745	0.57384	0.01662	0.00784	0.00225	0.00335	0.01409	0.00626	0.00562
19	0.02336	0.01728	0.01862	0.01461	0.01944	0.01908	0.01193	0.62418	0.05775	0.03901	0.01784	0.07400	0.01406	0.00893	0.00673	0.00204	0.00690	0.00698	0.00655	0.01071
20	0.01320	0.03405	0.73453	0.01876	0.02849	0.01529	0.02432	0.02085	0.01390	0.02085	0.01181	0.01390	0.00834	0.00625	0.00625	0.00208	0.00973	0.00486	0.00278	0.00973
21	0.01063	0.00632	0.00679	0.00679	0.00766	0.00627	0.00446	0.01217	0.01185	0.01837	0.02425	0.03585	0.07060	0.35832	0.04115	0.00409	0.00506	0.00829	0.35597	0.00510
22	0.01646	0.58021	0.21685	0.01322	0.01992	0.02325	0.01467	0.02001	0.01351	0.01688	0.00985	0.01143	0.00842	0.00579	0.00475	0.00158	0.00774	0.00387	0.00281	0.00878
23	0.02197	0.01732	0.01697	0.01408	0.01846	0.10749	0.01123	0.28579	0.26279	0.11602	0.02180	0.02070	0.03826	0.00844	0.00659	0.00204	0.00680	0.00659	0.00640	0.01030
24	0.00919	0.00660	0.00880	0.00922	0.01044	0.00622	0.00698	0.01174	0.01633	0.02252	0.40838	0.25291	0.05258	0.01631	0.00818	0.00241	0.00384	0.13470	0.00672	0.00594
25	0.01591	0.01304	0.01486	0.01082	0.01656	0.01108	0.00874	0.15325	0.01708	0.02543	0.01252	0.01408	0.01004	0.00548	0.00521	0.00117	0.00535	0.00430	0.00443	0.65066
26	0.01088	0.00816	0.01042	0.01134	0.01299	0.00834	0.00923	0.03014	0.10473	0.02038	0.03558	0.22973	0.07603	0.01727	0.00849	0.00277	0.00529	0.38550	0.00617	0.00653
27	0.02013	0.14435	0.08841	0.07121	0.02185	0.06311	0.01323	0.33838	0.02194	0.02903	0.01310	0.01436	0.00992	0.00679	0.00589	0.00175	0.00752	0.00504	0.00476	0.11922
28	0.01414	0.00781	0.01027	0.00904	0.01148	0.00702	0.00699	0.01704	0.01851	0.19678	0.52411	0.04337	0.08232	0.01233	0.00749	0.00207	0.00372	0.01072	0.00741	0.00739
29	0.00866	0.00621	0.00810	0.00939	0.00996	0.00592	0.00635	0.03542	0.01330	0.01774	0.03551	0.73612	0.04232	0.02015	0.00833	0.00265	0.00395	0.01823	0.00613	0.00557
30	0.01506	0.01438	0.02450	0.26774	0.50987	0.01532	0.01959	0.01912	0.01441	0.02001	0.01217	0.01669	0.00990	0.00609	0.00654	0.00203	0.00813	0.00586	0.00315	0.00943
31	0.01002	0.00823	0.01022	0.05257	0.05190	0.03139	0.00805	0.03113	0.03526	0.01826	0.03598	0.50171	0.12945	0.01727	0.00795	0.00249	0.00471	0.03152	0.00572	0.00617
32	0.00810	0.00668	0.00711	0.00700	0.00909	0.00569	0.00525	0.01007	0.01576	0.01958	0.20347	0.06041	0.58700	0.01600	0.00778	0.00219	0.00329	0.01348	0.00635	0.00569
33	0.00957	0.00638	0.00718	0.00718	0.00718	0.00638	0.00399	0.00957	0.00957	0.01276	0.02074	0.04308	0.02393	0.76864	0.03351	0.00638	0.00638	0.00957	0.00399	0.00399
34	0.02459	0.03138	0.01866	0.01696	0.02035	0.74221	0.01272	0.02629	0.01866	0.01611	0.01018	0.01187	0.00848	0.00678	0.00594	0.00170	0.01187	0.00424	0.00339	0.00763
35	0.01745	0.01479	0.02481	0.10051	0.58662	0.01488	0.01884	0.02125	0.01526	0.10137	0.01386	0.01710	0.01094	0.00619	0.00653	0.00199	0.00766	0.00595	0.00378	0.01024
36	0.00939	0.00641	0.00713	0.00713	0.00736	0.00630	0.00409	0.00956	0.01013	0.01328	0.02547	0.04517	0.09606	0.69127	0.03086	0.00595	0.00607	0.01002	0.00421	0.00415
37	0.00802	0.00573	0.00764	0.00917	0.00955	0.00535	0.00611	0.00917	0.01260	0.01681	0.03628	0.76434	0.04354	0.02062	0.00840	0.00267	0.00382	0.01872	0.00611	0.00535
38	0.01849	0.01569	0.01604	0.01390	0.01793	0.04496	0.01094	0.17418	0.54658	0.03000	0.02387	0.02226	0.01780	0.00864	0.00665	0.00216	0.00589	0.00701	0.00655	0.01047
39	0.01195	0.01092	0.01673	0.01468	0.01580	0.01382	0.06452	0.01417	0.01076	0.01596	0.01358	0.02049	0.01272	0.03031	0.38715	0.00674	0.32322	0.00657	0.00324	0.00666
40	0.02050	0.13939	0.10301	0.01937	0.12830	0.34165	0.01470	0.08417	0.01763	0.01990	0.01112	0.01301	0.00906	0.00642	0.00581	0.00173	0.00954	0.00458	0.00353	0.04657
41	0.01486	0.01161	0.01427	0.06657	0.01725	0.01101	0.00928	0.09393	0.01510	0.06119	0.01641	0.04405	0.03653	0.07427	0.04408	0.00240	0.06420	0.00602	0.00442	0.39255
42	0.18413	0.06639	0.18854	0.07494	0.16581	0.13698	0.01609	0.04264	0.02896	0.02218	0.01136	0.01373	0.00890	0.00633	0.00572	0.00195	0.00833	0.00477	0.00346	0.00878
43	0.01688	0.12683	0.36133	0.01761	0.08084	0.05605	0.01781	0.04359	0.03685	0.10343	0.04546	0.01647	0.01235	0.00680	0.00608	0.00192	0.00820	0.00533	0.00395	0.03221

[dist]
# distance from previous block
# <min> <max>
4	8

[block]
# block no. 4 follows, 33 sequences, length 43
# corresponding to MSA columns:
# 263-305
name=unknown_E
#
# <colnr> <probs for GDERKNQSTAVLIFYWHMCP>
#	G	D	E	R	K	N	Q	S	T	A	V	L	I	F	Y	W	H	M	C	P
0	0.01061	0.00795	0.01246	0.01359	0.07249	0.00747	0.06962	0.01246	0.01342	0.05837	0.03164	0.59271	0.03622	0.01733	0.00809	0.00254	0.00491	0.01597	0.00574	0.00642
1	0.22194	0.01687	0.06704	0.01253	0.01722	0.09375	0.01072	0.14700	0.10201	0.13271	0.05825	0.01785	0.01445	0.00753	0.00585	0.00196	0.00652	0.00560	0.00546	0.05476
2	0.01199	0.00867	0.01060	0.00945	0.01201	0.00828	0.00726	0.03987	0.08836	0.06299	0.38033	0.06224	0.10173	0.01473	0.06155	0.00262	0.00491	0.01010	0.00644	0.09587
3	0.02065	0.03597	0.01763	0.03610	0.14585	0.03630	0.01185	0.11977	0.10835	0.24376	0.11094	0.02449	0.04162	0.00858	0.00669	0.00202	0.00612	0.00720	0.00624	0.00986
4	0.01956	0.01547	0.02047	0.08989	0.23264	0.01645	0.01455	0.30627	0.05643	0.05882	0.01628	0.05694	0.01307	0.00778	0.00659	0.00200	0.00709	0.00660	0.00517	0.04793
5	0.02112	0.40108	0.02663	0.01402	0.01863	0.34555	0.01198	0.05951	0.01668	0.01716	0.00997	0.01143	0.00861	0.00627	0.00512	0.00157	0.00921	0.00397	0.00328	0.00823
6	0.01539	0.00945	0.01032	0.00856	0.01182	0.00898	0.00675	0.11492	0.01650	0.06659	0.01869	0.02069	0.01440	0.00709	0.00506	0.00150	0.00422	0.00562	0.46269	0.19076
7	0.55762	0.01346	0.01227	0.01024	0.01468	0.01493	0.00844	0.13796	0.01576	0.14180	0.01293	0.01340	0.00926	0.00674	0.00490	0.00203	0.00554	0.00445	0.00514	0.00846
8	0.00940	0.00676	0.00927	0.00934	0.01007	0.00746	0.00667	0.01089	0.01032	0.01448	0.01954	0.06470	0.02025	0.29705	0.46445	0.00878	0.01312	0.00844	0.00380	0.00520
9	0.01468	0.05810	0.62647	0.01834	0.02734	0.04978	0.04020	0.02157	0.01437	0.05211	0.01231	0.01417	0.00875	0.00632	0.00622	0.00204	0.00959	0.00494	0.00306	0.00963
10	0.00927	0.00657	0.00776	0.00776	0.00894	0.00605	0.00532	0.01081	0.01421	0.03482	0.23598	0.15587	0.21623	0.23355	0.01528	0.00344	0.00427	0.01262	0.00587	0.00539
11	0.02376	0.01830	0.01901	0.01496	0.01994	0.04694	0.01222	0.58287	0.12976	0.03851	0.01719	0.01693	0.01238	0.00801	0.00658	0.00200	0.00712	0.00608	0.00648	0.01095
12	0.00801	0.00576	0.00761	0.00908	0.00953	0.00535	0.00607	0.00918	0.01269	0.01684	0.03732	0.74043	0.06678	0.02049	0.00838	0.00266	0.00380	0.01855	0.00611	0.00535
13	0.04649	0.00814	0.00852	0.00809	0.01071	0.00758	0.00617	0.01472	0.09863	0.07632	0.05451	0.09028	0.51628	0.01481	0.00743	0.00222	0.00384	0.01234	0.00625	0.00665
14	0.00793	0.00610	0.00726	0.00819	0.00929	0.00543	0.00568	0.00928	0.01354	0.01719	0.04816	0.49051	0.30971	0.01908	0.00816	0.00250	0.00363	0.01683	0.00611	0.00543
15	0.01296	0.00680	0.00687	0.00662	0.00835	0.00690	0.00503	0.05243	0.01473	0.02545	0.02117	0.02407	0.01657	0.00768	0.00471	0.00156	0.00329	0.00612	0.76227	0.00641
16	0.01705	0.28105	0.21470	0.01812	0.02471	0.13317	0.18348	0.02137	0.01487	0.01834	0.01102	0.01338	0.00880	0.00595	0.00588	0.00183	0.00948	0.00502	0.00302	0.00876
17	0.04120	0.01630	0.01735	0.01472	0.03747	0.09065	0.03200	0.22224	0.21694	0.17142	0.05537	0.02079	0.01682	0.00823	0.00659	0.00204	0.00670	0.00661	0.00639	0.01017
18	0.01122	0.00743	0.01100	0.01068	0.01221	0.00836	0.00836	0.01359	0.01132	0.07989	0.01839	0.02555	0.01644	0.04566	0.67623	0.00981	0.01655	0.00701	0.00394	0.00636
19	0.05600	0.01690	0.01801	0.01419	0.01907	0.01866	0.01161	0.53301	0.12390	0.06405	0.01935	0.01884	0.03926	0.00831	0.00654	0.00203	0.00667	0.00636	0.00654	0.01071
20	0.02431	0.02506	0.01869	0.01593	0.02006	0.41657	0.01241	0.26776	0.07117	0.04519	0.01374	0.01443	0.01046	0.00737	0.00624	0.00184	0.00960	0.00512	0.00488	0.00918
21	0.01243	0.01170	0.01975	0.75282	0.04534	0.01463	0.01828	0.01682	0.01316	0.01682	0.01170	0.01755	0.00878	0.00658	0.00658	0.00219	0.00878	0.00585	0.00293	0.00731
22	0.00946	0.00681	0.00925	0.01070	0.01180	0.00661	0.00857	0.01168	0.01415	0.01847	0.03700	0.34329	0.07439	0.01906	0.00876	0.00285	0.00505	0.39025	0.00608	0.00576
23	0.38197	0.01568	0.01500	0.01214	0.01680	0.01769	0.00999	0.36757	0.05032	0.03551	0.01326	0.01386	0.00972	0.00714	0.00545	0.00201	0.00619	0.00492	0.00545	0.00932
24	0.01243	0.01170	0.01975	0.75282	0.04534	0.01463	0.01828	0.01682	0.01316	0.01682	0.01170	0.01755	0.00878	0.00658	0.00658	0.00219	0.00878	0.00585	0.00293	0.00731
25	0.01463	0.01510	0.02256	0.01855	0.01987	0.04582	0.12857	0.01683	0.01134	0.01669	0.01009	0.01565	0.00939	0.01294	0.06793	0.00325	0.55423	0.00613	0.00302	0.00741
26	0.00875	0.00604	0.00742	0.00823	0.00844	0.00583	0.00511	0.00936	0.01118	0.01491	0.02899	0.42569	0.03434	0.37184	0.02019	0.00441	0.00502	0.01442	0.00511	0.00471
27	0.01560	0.01318	0.01384	0.01234	0.01593	0.01478	0.00963	0.09079	0.52701	0.02703	0.03303	0.03080	0.14700	0.01024	0.00688	0.00221	0.00505	0.00848	0.00658	0.00961
28	0.01614	0.01518	0.02531	0.14753	0.58848	0.01573	0.01953	0.05391	0.01551	0.02179	0.01245	0.01646	0.01021	0.00608	0.00653	0.00199	0.00794	0.00587	0.00337	0.00999
29	0.00938	0.00675	0.00928	0.00937	0.01010	0.00745	0.00669	0.01088	0.01036	0.01453	0.01973	0.07371	0.02050	0.28770	0.46414	0.00873	0.01309	0.00856	0.00383	0.00522
30	0.00940	0.00705	0.01058	0.01058	0.01176	0.00823	0.00823	0.01176	0.01058	0.01528	0.01763	0.02586	0.01646	0.04937	0.74255	0.01058	0.01763	0.00705	0.00353	0.00588
31	0.02503	0.01844	0.01976	0.01515	0.02042	0.02042	0.01251	0.70562	0.03095	0.04149	0.01581	0.01581	0.01120	0.00790	0.00659	0.00198	0.00724	0.00593	0.00659	0.01120
32	0.01320	0.03405	0.73453	0.01876	0.02849	0.01529	0.02432	0.02085	0.01390	0.02085	0.01181	0.01390	0.00834	0.00625	0.00625	0.00208	0.00973	0.00486	0.00278	0.00973
33	0.00797	0.00668	0.00694	0.00687	0.00901	0.00564	0.00515	0.00982	0.01546	0.01887	0.14960	0.06157	0.64131	0.01627	0.00778	0.00220	0.00331	0.01364	0.00626	0.00564
34	0.00844	0.00616	0.00796	0.00924	0.01003	0.00576	0.00661	0.00992	0.01323	0.01727	0.03964	0.54082	0.13288	0.04229	0.00919	0.00278	0.00418	0.12211	0.00604	0.00545
35	0.00996	0.00783	0.01150	0.01118	0.01219	0.00946	0.00874	0.01212	0.01049	0.01525	0.01677	0.02526	0.01589	0.07220	0.63735	0.00958	0.09781	0.00701	0.00347	0.00595
36	0.20535	0.02335	0.26461	0.01649	0.02220	0.10051	0.07767	0.07517	0.01481	0.02335	0.01103	0.01347	0.00849	0.00706	0.00793	0.00214	0.10933	0.00495	0.00352	0.00857
37	0.03133	0.00723	0.00842	0.00806	0.01023	0.00641	0.00606	0.01303	0.01597	0.10190	0.22868	0.14888	0.35928	0.01512	0.00763	0.00222	0.00364	0.01293	0.00659	0.00639
38	0.01603	0.01320	0.01423	0.01287	0.01619	0.01492	0.00992	0.12064	0.49606	0.02747	0.02703	0.15742	0.02315	0.01091	0.00699	0.00228	0.00523	0.00928	0.00658	0.00961
