[name]
unknown

[dist]
# distance from previous block
# <min> <max>
0	0

[block]
# block no. 0 follows, 34 sequences, length 48
# corresponding to MSA columns:
# 0-47
name=unknown_A
#
# <colnr> <probs for GDERKNQSTAVLIFYWHMCP>
#	G	D	E	R	K	N	Q	S	T	A	V	L	I	F	Y	W	H	M	C	P
0	0.01041	0.00744	0.01041	0.01190	0.01339	0.00744	0.01041	0.01339	0.01487	0.01934	0.03421	0.07288	0.03719	0.01785	0.00892	0.00297	0.00595	0.68913	0.00595	0.00595
1	0.01759	0.74243	0.03314	0.01131	0.01674	0.05881	0.01112	0.01965	0.01337	0.01523	0.00903	0.01042	0.00829	0.00558	0.00422	0.00140	0.00713	0.00349	0.00279	0.00825
2	0.01312	0.00920	0.01133	0.00970	0.01265	0.00858	0.00755	0.01701	0.07588	0.10829	0.27575	0.08177	0.10005	0.01099	0.00759	0.00190	0.04760	0.00922	0.00602	0.18580
3	0.04660	0.02333	0.05982	0.04204	0.03804	0.33434	0.01303	0.19784	0.11558	0.02442	0.01371	0.01477	0.01055	0.00728	0.00655	0.00190	0.03165	0.00516	0.00451	0.00889
4	0.10016	0.01422	0.10614	0.01178	0.01570	0.03650	0.01040	0.06107	0.16535	0.09706	0.07383	0.13050	0.07864	0.01067	0.00663	0.00214	0.00560	0.03515	0.00564	0.03281
5	0.00786	0.00568	0.00744	0.00886	0.00933	0.00526	0.00594	0.00901	0.01251	0.01655	0.03733	0.72804	0.08229	0.02002	0.00821	0.00260	0.00372	0.01810	0.00600	0.00526
6	0.00816	0.00570	0.00748	0.00875	0.00907	0.00538	0.00574	0.00902	0.01189	0.01586	0.03302	0.65921	0.03943	0.10704	0.01167	0.03092	0.00410	0.01690	0.00565	0.00501
7	0.01513	0.01852	0.08460	0.02531	0.03151	0.04156	0.59003	0.02031	0.01496	0.02019	0.01341	0.04050	0.01063	0.00621	0.00797	0.00219	0.03754	0.00757	0.00330	0.00856
8	0.01204	0.00602	0.00602	0.00602	0.00753	0.00602	0.00452	0.01506	0.01355	0.02409	0.02108	0.02409	0.01656	0.00753	0.00452	0.00151	0.00301	0.00602	0.80879	0.00602
9	0.00940	0.00626	0.00705	0.00705	0.00705	0.00626	0.00392	0.00940	0.00940	0.01253	0.02036	0.04228	0.02349	0.77292	0.03289	0.00626	0.00626	0.00940	0.00392	0.00392
10	0.02434	0.01587	0.12862	0.01337	0.01878	0.01273	0.01235	0.16876	0.01969	0.43205	0.02104	0.04519	0.01442	0.00820	0.00699	0.00204	0.03202	0.00648	0.00661	0.01044
11	0.49690	0.01107	0.01000	0.03430	0.01313	0.01232	0.00724	0.04911	0.01306	0.09235	0.01365	0.01571	0.01048	0.03001	0.00541	0.00203	0.00490	0.00464	0.16645	0.00725
12	0.01607	0.01388	0.01461	0.01315	0.01680	0.01607	0.01023	0.03433	0.72094	0.02703	0.02630	0.02411	0.01972	0.00877	0.00657	0.00219	0.00511	0.00731	0.00657	0.01023
13	0.00787	0.00562	0.00750	0.00900	0.00937	0.00525	0.00600	0.00900	0.01237	0.01649	0.03561	0.76871	0.04274	0.02024	0.00825	0.00262	0.00375	0.01837	0.00600	0.00525
14	0.01979	0.34499	0.05302	0.01370	0.01832	0.20618	0.01214	0.15321	0.01779	0.02086	0.03643	0.01337	0.01071	0.00685	0.00612	0.00169	0.04801	0.00455	0.00377	0.00851
15	0.01432	0.01487	0.02582	0.01989	0.02293	0.01694	0.28191	0.01736	0.01226	0.01791	0.01099	0.01644	0.00967	0.03818	0.01496	0.00255	0.37468	0.00640	0.00313	0.07880
16	0.02015	0.42044	0.05584	0.01353	0.01853	0.23292	0.01217	0.12205	0.01716	0.01931	0.01033	0.01162	0.00869	0.00620	0.00505	0.00157	0.00842	0.00406	0.00347	0.00850
17	0.11456	0.01198	0.01582	0.01318	0.04069	0.01186	0.04977	0.07075	0.04603	0.37877	0.03763	0.03696	0.01573	0.05209	0.00868	0.00229	0.05033	0.00661	0.00623	0.03006
18	0.08686	0.03766	0.08059	0.01760	0.09920	0.14639	0.05588	0.13672	0.10428	0.14774	0.01600	0.01646	0.01165	0.00702	0.00615	0.00194	0.00773	0.00559	0.00501	0.00953
19	0.00934	0.00738	0.00851	0.00809	0.01009	0.00694	0.00610	0.01352	0.09352	0.02288	0.40505	0.05082	0.30602	0.01390	0.00751	0.00211	0.00336	0.01194	0.00664	0.00631
20	0.01220	0.01148	0.01938	0.75739	0.04450	0.01436	0.01794	0.01651	0.01292	0.01651	0.01148	0.01723	0.00861	0.00646	0.00646	0.00215	0.00861	0.00574	0.00287	0.00718
21	0.02130	0.01782	0.01806	0.01561	0.04419	0.12588	0.01211	0.28477	0.18321	0.08818	0.01700	0.01730	0.01268	0.00822	0.00825	0.00207	0.10206	0.00595	0.00558	0.00977
22	0.01967	0.12284	0.15575	0.01747	0.02292	0.24064	0.12995	0.09241	0.01714	0.07038	0.01224	0.01403	0.00935	0.00662	0.00674	0.00188	0.04228	0.00515	0.00376	0.00876
23	0.02852	0.01174	0.01546	0.01185	0.01687	0.01061	0.00979	0.10300	0.01974	0.66381	0.02444	0.02131	0.01547	0.00797	0.00649	0.00199	0.00567	0.00643	0.00784	0.01100
24	0.01296	0.03342	0.73944	0.01842	0.02797	0.01501	0.02387	0.02046	0.01364	0.02046	0.01160	0.01364	0.00818	0.00614	0.00614	0.00205	0.00955	0.00477	0.00273	0.00955
25	0.01917	0.01774	0.07324	0.03756	0.06919	0.07974	0.15707	0.18118	0.12666	0.10256	0.01773	0.05835	0.01379	0.00776	0.00674	0.00206	0.00788	0.00695	0.00511	0.00953
26	0.01529	0.01640	0.05186	0.07135	0.10774	0.03844	0.26687	0.05908	0.01419	0.01975	0.01169	0.01619	0.00961	0.00921	0.04119	0.00264	0.23054	0.00637	0.00328	0.00831
27	0.00787	0.00562	0.00750	0.00900	0.00937	0.00525	0.00600	0.00900	0.01237	0.01649	0.03561	0.76871	0.04274	0.02024	0.00825	0.00262	0.00375	0.01837	0.00600	0.00525
28	0.01564	0.01510	0.02607	0.10030	0.64896	0.01530	0.04442	0.01958	0.01458	0.02070	0.01213	0.01615	0.01008	0.00581	0.00645	0.00195	0.00787	0.00582	0.00317	0.00992
29	0.01518	0.02351	0.30684	0.06258	0.02779	0.08420	0.22763	0.04445	0.01538	0.04071	0.03490	0.04358	0.01248	0.00709	0.00678	0.00209	0.00942	0.02311	0.00356	0.00872
30	0.01981	0.01038	0.05415	0.01076	0.01435	0.00848	0.00895	0.02219	0.01569	0.40558	0.04949	0.14614	0.05970	0.05851	0.08191	0.00319	0.00647	0.00906	0.00655	0.00861
31	0.11697	0.01788	0.01820	0.01419	0.01916	0.04404	0.01167	0.60728	0.02771	0.03851	0.01457	0.01480	0.01043	0.00751	0.00616	0.00194	0.00702	0.00549	0.00607	0.01041
32	0.07036	0.01440	0.02155	0.07572	0.42963	0.01486	0.01593	0.12176	0.01681	0.09022	0.01411	0.01721	0.01113	0.02976	0.00702	0.00207	0.00711	0.00580	0.02484	0.00971
33	0.01492	0.01291	0.01444	0.05565	0.01723	0.05546	0.02796	0.05118	0.32971	0.04838	0.11751	0.03089	0.09846	0.01027	0.00784	0.00219	0.05491	0.03571	0.00587	0.00849
34	0.01341	0.01207	0.01621	0.01186	0.01735	0.00983	0.09814	0.01742	0.05443	0.02112	0.01607	0.01772	0.05727	0.00586	0.00544	0.00127	0.00549	0.00516	0.00406	0.60983
35	0.81856	0.01250	0.00950	0.00850	0.01250	0.01449	0.00700	0.01899	0.01100	0.02899	0.00900	0.01050	0.00700	0.00600	0.00400	0.00200	0.00500	0.00350	0.00400	0.00700
36	0.00940	0.00626	0.00705	0.00705	0.00705	0.00626	0.00392	0.00940	0.00940	0.01253	0.02036	0.04228	0.02349	0.77292	0.03289	0.00626	0.00626	0.00940	0.00392	0.00392
37	0.00798	0.00571	0.00759	0.00892	0.00940	0.00532	0.00601	0.00927	0.01287	0.01730	0.09464	0.70739	0.04429	0.01964	0.00819	0.00257	0.00369	0.01780	0.00609	0.00532
38	0.74690	0.01273	0.01132	0.00967	0.01385	0.01444	0.04749	0.01949	0.01148	0.05132	0.00976	0.01127	0.00745	0.00603	0.00429	0.00201	0.00535	0.00383	0.00409	0.00723
39	0.02776	0.01074	0.01451	0.01121	0.01605	0.00926	0.00923	0.03021	0.01828	0.69567	0.02779	0.02431	0.05709	0.00848	0.00656	0.00201	0.00537	0.00691	0.00788	0.01068
40	0.01328	0.00733	0.00747	0.00702	0.00892	0.00757	0.00538	0.07723	0.03661	0.02565	0.02074	0.02333	0.01616	0.00759	0.00475	0.00156	0.00344	0.00604	0.71333	0.00659
41	0.00787	0.00562	0.00750	0.00900	0.00937	0.00525	0.00600	0.00900	0.01237	0.01649	0.03561	0.76871	0.04274	0.02024	0.00825	0.00262	0.00375	0.01837	0.00600	0.00525
42	0.01743	0.72419	0.05514	0.01143	0.01707	0.02502	0.01150	0.04637	0.01382	0.01636	0.00932	0.01067	0.00839	0.00563	0.00430	0.00142	0.00700	0.00359	0.00291	0.00844
43	0.00764	0.00655	0.00655	0.00655	0.00873	0.00545	0.00491	0.00927	0.01473	0.01745	0.06546	0.06218	0.73000	0.01636	0.00764	0.00218	0.00327	0.01364	0.00600	0.00545
44	0.00785	0.00647	0.00693	0.00724	0.00912	0.00556	0.00542	0.00950	0.01441	0.01744	0.05924	0.16162	0.58867	0.01700	0.00781	0.00230	0.00351	0.05845	0.00600	0.00546
45	0.07789	0.01543	0.01732	0.01336	0.01840	0.01626	0.01103	0.44562	0.02526	0.26561	0.01832	0.01728	0.01235	0.00772	0.00631	0.00196	0.00645	0.00589	0.00680	0.01073
46	0.02479	0.01752	0.01784	0.01411	0.01883	0.10092	0.01145	0.45694	0.02569	0.18723	0.01785	0.04698	0.01305	0.00819	0.00647	0.00195	0.00715	0.00628	0.00641	0.01035
47	0.09398	0.14896	0.09384	0.01407	0.01906	0.22353	0.02696	0.14243	0.01793	0.07939	0.01282	0.03045	0.01014	0.00683	0.00561	0.00175	0.00816	0.00490	0.00424	0.05496

[dist]
# distance from previous block
# <min> <max>
0	1

[block]
# block no. 1 follows, 34 sequences, length 25
# corresponding to MSA columns:
# 49-73
name=unknown_B
#
# <colnr> <probs for GDERKNQSTAVLIFYWHMCP>
#	G	D	E	R	K	N	Q	S	T	A	V	L	I	F	Y	W	H	M	C	P
0	0.08362	0.08280	0.45426	0.01768	0.04567	0.06413	0.07231	0.02073	0.01396	0.03934	0.01156	0.01357	0.00855	0.00605	0.00587	0.00193	0.00886	0.00478	0.00312	0.04122
1	0.00945	0.00737	0.00867	0.00821	0.01015	0.00698	0.00619	0.01372	0.09263	0.02357	0.46038	0.04973	0.25151	0.01365	0.00751	0.00209	0.00334	0.01178	0.00673	0.00635
2	0.01593	0.05980	0.01584	0.01082	0.01636	0.04008	0.00883	0.13372	0.01643	0.02381	0.01195	0.01350	0.00968	0.00540	0.00507	0.00118	0.00557	0.00415	0.00419	0.59768
3	0.01437	0.15618	0.50660	0.01699	0.02506	0.01647	0.06011	0.02091	0.04110	0.04474	0.01292	0.03379	0.00992	0.00653	0.00597	0.00196	0.00872	0.00523	0.00318	0.00925
4	0.02232	0.11412	0.02070	0.01569	0.01960	0.43508	0.03273	0.17226	0.01969	0.02123	0.01139	0.01309	0.00924	0.00843	0.03407	0.00207	0.03138	0.00468	0.00393	0.00830
5	0.00796	0.00656	0.00699	0.00688	0.00893	0.00559	0.00516	0.00990	0.01549	0.01926	0.20720	0.05921	0.58713	0.01569	0.00763	0.00215	0.00322	0.01322	0.00624	0.00559
6	0.01568	0.01503	0.02566	0.09855	0.67615	0.01527	0.01968	0.01956	0.01457	0.02073	0.01210	0.01609	0.01010	0.00581	0.00640	0.00194	0.00775	0.00576	0.00317	0.00998
7	0.00837	0.00602	0.00805	0.00949	0.01015	0.00569	0.00684	0.00988	0.01295	0.01710	0.03637	0.60485	0.06563	0.01963	0.00836	0.00268	0.00417	0.15236	0.00599	0.00540
8	0.02440	0.01694	0.01856	0.01419	0.01938	0.01822	0.01171	0.59637	0.02809	0.11565	0.01637	0.01610	0.01145	0.00761	0.00637	0.00189	0.00680	0.00578	0.00648	0.05766
9	0.02672	0.01150	0.01493	0.01179	0.01655	0.01065	0.00963	0.03199	0.14208	0.61216	0.02563	0.02236	0.01665	0.00813	0.00651	0.00203	0.00543	0.00664	0.00775	0.01086
10	0.02436	0.01650	0.01810	0.01402	0.01897	0.01791	0.01153	0.56118	0.06033	0.13665	0.01760	0.01711	0.01228	0.00783	0.00641	0.00194	0.00665	0.00599	0.03386	0.01079
11	0.00787	0.00562	0.00750	0.00900	0.00937	0.00525	0.00600	0.00900	0.01237	0.01649	0.03561	0.76871	0.04274	0.02024	0.00825	0.00262	0.00375	0.01837	0.00600	0.00525
12	0.00923	0.00692	0.01038	0.01038	0.01154	0.00808	0.00808	0.01154	0.01038	0.01500	0.01731	0.02538	0.01615	0.04846	0.74732	0.01038	0.01731	0.00692	0.00346	0.00577
13	0.00915	0.00622	0.00706	0.00720	0.00736	0.00612	0.00416	0.00935	0.00998	0.01318	0.02438	0.11006	0.06640	0.65984	0.02916	0.00569	0.00586	0.01047	0.00423	0.00413
14	0.01599	0.01535	0.02623	0.03966	0.73262	0.01535	0.01983	0.01983	0.01471	0.02111	0.01215	0.01599	0.01023	0.00576	0.00640	0.00192	0.00768	0.00576	0.00320	0.01023
15	0.02414	0.03079	0.01831	0.01665	0.01998	0.74698	0.01248	0.02580	0.01831	0.01581	0.00999	0.01165	0.00832	0.00666	0.00583	0.00166	0.01165	0.00416	0.00333	0.00749
16	0.01569	0.01608	0.06057	0.06713	0.67109	0.01530	0.01995	0.01973	0.01459	0.02090	0.01210	0.01593	0.01007	0.00580	0.00639	0.00193	0.00780	0.00571	0.00316	0.01008
17	0.00962	0.00758	0.00777	0.00733	0.00971	0.00688	0.00560	0.07492	0.01622	0.02047	0.08209	0.05421	0.57970	0.01472	0.00727	0.00210	0.00360	0.01221	0.07196	0.00604
18	0.01382	0.01080	0.01205	0.04694	0.01480	0.05056	0.00868	0.03535	0.21761	0.08050	0.21517	0.08284	0.08910	0.01469	0.07493	0.00288	0.00604	0.00937	0.00610	0.00776
19	0.01250	0.01187	0.01272	0.01213	0.01369	0.13105	0.00943	0.01560	0.05478	0.01591	0.01592	0.02212	0.01445	0.03610	0.52026	0.00783	0.07725	0.00639	0.00358	0.00643
20	0.73357	0.01277	0.01035	0.00902	0.01314	0.01460	0.00743	0.06159	0.01252	0.06270	0.01016	0.01134	0.00766	0.00620	0.00426	0.00200	0.00515	0.00378	0.00433	0.00743
21	0.01122	0.00561	0.00842	0.00842	0.00842	0.00561	0.00561	0.00842	0.00842	0.01122	0.01122	0.01964	0.01122	0.02245	0.02525	0.81201	0.00561	0.00561	0.00281	0.00281
22	0.02143	0.04831	0.01762	0.01385	0.01807	0.18381	0.01110	0.36110	0.08717	0.03027	0.04782	0.01724	0.01369	0.00764	0.00609	0.00182	0.00740	0.00570	0.06246	0.03741
23	0.36318	0.04985	0.05517	0.01389	0.08173	0.01461	0.03110	0.10848	0.01581	0.15326	0.04617	0.01576	0.01206	0.00685	0.00537	0.00196	0.00602	0.00509	0.00494	0.00871
24	0.06211	0.04836	0.06184	0.12422	0.24094	0.16817	0.04786	0.06985	0.01609	0.04516	0.01198	0.01471	0.00944	0.00622	0.00604	0.00186	0.00846	0.00518	0.00361	0.04790

[dist]
# distance from previous block
# <min> <max>
1	6

[block]
# block no. 2 follows, 34 sequences, length 30
# corresponding to MSA columns:
# 80-109
name=unknown_C
#
# <colnr> <probs for GDERKNQSTAVLIFYWHMCP>
#	G	D	E	R	K	N	Q	S	T	A	V	L	I	F	Y	W	H	M	C	P
0	0.01831	0.01510	0.02109	0.22104	0.27443	0.04956	0.01607	0.15821	0.04911	0.09231	0.01444	0.01696	0.01083	0.00673	0.00642	0.00199	0.00768	0.00583	0.00437	0.00951
1	0.02269	0.06054	0.02091	0.01873	0.07897	0.54301	0.05363	0.09031	0.01876	0.01889	0.01083	0.01266	0.00882	0.00657	0.00596	0.00173	0.01064	0.00462	0.00359	0.00816
2	0.01658	0.09191	0.47819	0.01772	0.05596	0.07559	0.01963	0.06211	0.01547	0.08943	0.01283	0.01422	0.00921	0.00639	0.00601	0.00194	0.00889	0.00488	0.00352	0.00953
3	0.01098	0.03629	0.05288	0.01059	0.01249	0.00878	0.00831	0.04670	0.10278	0.03886	0.03083	0.52228	0.03419	0.01645	0.00766	0.00246	0.00466	0.04028	0.00584	0.00668
4	0.01057	0.04301	0.01104	0.01156	0.05314	0.07788	0.00769	0.01204	0.01323	0.01688	0.03039	0.56230	0.05523	0.01661	0.00755	0.00235	0.00491	0.01479	0.00534	0.04349
5	0.01958	0.20507	0.08130	0.01419	0.01852	0.28243	0.01239	0.05386	0.08404	0.06087	0.04681	0.01725	0.01335	0.00750	0.00632	0.00181	0.03516	0.02709	0.00411	0.00835
6	0.01156	0.00971	0.01151	0.01063	0.01201	0.03815	0.00812	0.07062	0.01320	0.01763	0.04317	0.05015	0.15754	0.15743	0.23329	0.00540	0.13081	0.00866	0.00433	0.00609
7	0.06518	0.01798	0.17300	0.01482	0.04597	0.05624	0.02811	0.09167	0.08755	0.16620	0.09000	0.02205	0.04845	0.00841	0.00734	0.00207	0.05399	0.00660	0.00526	0.00911
8	0.00859	0.00655	0.00789	0.00762	0.00933	0.00585	0.00569	0.01109	0.01688	0.02272	0.48047	0.07649	0.28830	0.01451	0.00765	0.00210	0.00315	0.01257	0.00670	0.00585
9	0.01793	0.70542	0.03237	0.01159	0.01691	0.09460	0.01119	0.01997	0.01362	0.01526	0.00908	0.01049	0.00829	0.00564	0.00431	0.00141	0.00736	0.00352	0.00282	0.00822
10	0.02016	0.02323	0.03682	0.01761	0.08753	0.42678	0.05249	0.02258	0.01673	0.05477	0.01519	0.03235	0.05196	0.00718	0.00606	0.00171	0.00934	0.00547	0.00381	0.10824
11	0.01727	0.77681	0.03386	0.01106	0.01658	0.02557	0.01106	0.01935	0.01313	0.01520	0.00898	0.01036	0.00829	0.00553	0.00415	0.00138	0.00691	0.00345	0.00276	0.00829
12	0.01296	0.03342	0.73944	0.01842	0.02797	0.01501	0.02387	0.02046	0.01364	0.02046	0.01160	0.01364	0.00818	0.00614	0.00614	0.00205	0.00955	0.00477	0.00273	0.00955
13	0.01554	0.01489	0.02540	0.12606	0.64978	0.01523	0.01960	0.01943	0.01450	0.02056	0.01207	0.01614	0.01004	0.00584	0.00640	0.00195	0.00779	0.00576	0.00316	0.00987
14	0.01287	0.01092	0.01283	0.00952	0.01474	0.00829	0.00750	0.01557	0.01330	0.02062	0.01379	0.08568	0.01274	0.00626	0.00512	0.00112	0.00469	0.00522	0.00404	0.73518
15	0.00884	0.00650	0.00828	0.00802	0.00951	0.00594	0.00594	0.01153	0.01729	0.02399	0.58272	0.11889	0.13997	0.01426	0.00768	0.00211	0.00314	0.01256	0.00687	0.00594
16	0.00862	0.00658	0.00791	0.00758	0.00933	0.00587	0.00569	0.01118	0.01706	0.02299	0.49996	0.05307	0.29203	0.01430	0.00763	0.00208	0.00313	0.01236	0.00673	0.00587
17	0.01500	0.01443	0.02502	0.18405	0.52836	0.01495	0.05960	0.01900	0.01438	0.02009	0.01278	0.01817	0.01075	0.00627	0.00656	0.00202	0.00800	0.02795	0.00322	0.00939
18	0.01689	0.60525	0.16831	0.01248	0.01876	0.02293	0.01345	0.02002	0.01343	0.04369	0.01011	0.01144	0.00856	0.00574	0.00462	0.00153	0.00736	0.00382	0.00296	0.00864
19	0.01114	0.00777	0.01046	0.01149	0.01305	0.00778	0.00963	0.05299	0.01535	0.03612	0.03322	0.20514	0.03630	0.01752	0.00860	0.00282	0.00557	0.50279	0.00603	0.00621
20	0.00802	0.00574	0.00739	0.00865	0.00909	0.00537	0.00572	0.00905	0.01220	0.01614	0.03578	0.65172	0.08107	0.09826	0.01077	0.00298	0.00398	0.01716	0.00578	0.00512
21	0.00803	0.00652	0.00713	0.00716	0.00908	0.00562	0.00536	0.00996	0.01531	0.01917	0.19858	0.10509	0.53104	0.01601	0.00771	0.00220	0.00333	0.03088	0.00623	0.00559
22	0.01633	0.01805	0.06972	0.09531	0.29301	0.07393	0.23412	0.05988	0.01570	0.02107	0.01226	0.01599	0.00968	0.00609	0.00716	0.00204	0.03098	0.00616	0.00335	0.00918
23	0.01986	0.01272	0.01452	0.01245	0.01645	0.01366	0.00985	0.03266	0.47668	0.24870	0.05099	0.02430	0.02002	0.00868	0.00659	0.00213	0.00516	0.00721	0.00704	0.01032
24	0.00931	0.00665	0.00914	0.01064	0.01164	0.00648	0.00849	0.01148	0.01378	0.01810	0.03482	0.37586	0.03960	0.01889	0.00863	0.00282	0.00499	0.39706	0.00597	0.00564
25	0.00886	0.00662	0.00828	0.00865	0.00987	0.00628	0.00618	0.01186	0.05894	0.02096	0.31157	0.36168	0.12334	0.01634	0.00783	0.00232	0.00351	0.01453	0.00647	0.00591
26	0.01809	0.03931	0.06527	0.04331	0.11248	0.08630	0.17290	0.15283	0.01754	0.06684	0.01477	0.01738	0.03108	0.00879	0.03447	0.00237	0.09695	0.00622	0.00415	0.00896
27	0.01263	0.00717	0.00763	0.00715	0.00898	0.00725	0.00546	0.07510	0.01583	0.02585	0.14246	0.02750	0.02372	0.00853	0.00522	0.00163	0.00337	0.00698	0.60105	0.00647
28	0.02411	0.01672	0.01833	0.01414	0.01908	0.01817	0.01164	0.60253	0.02849	0.10960	0.05785	0.01806	0.01438	0.00810	0.00653	0.00195	0.00671	0.00623	0.00665	0.01071
29	0.01584	0.01451	0.02240	0.06241	0.44464	0.03633	0.03973	0.05923	0.01535	0.04622	0.01794	0.04673	0.07395	0.00788	0.00778	0.00205	0.06702	0.00693	0.00386	0.00919

[dist]
# distance from previous block
# <min> <max>
0	6

[block]
# block no. 3 follows, 34 sequences, length 39
# corresponding to MSA columns:
# 116-154
name=unknown_D
#
# <colnr> <probs for GDERKNQSTAVLIFYWHMCP>
#	G	D	E	R	K	N	Q	S	T	A	V	L	I	F	Y	W	H	M	C	P
0	0.01811	0.01815	0.01936	0.01689	0.04395	0.21264	0.10854	0.05937	0.17392	0.05457	0.01677	0.04910	0.01377	0.01081	0.05543	0.00261	0.08968	0.00657	0.02136	0.00843
1	0.02458	0.01804	0.01876	0.01461	0.01960	0.06016	0.01197	0.58688	0.05637	0.09843	0.01649	0.01619	0.01162	0.00776	0.00643	0.00194	0.00715	0.00584	0.00642	0.01076
2	0.01496	0.01188	0.01378	0.01021	0.01567	0.00976	0.00817	0.03647	0.09063	0.06804	0.01408	0.01516	0.01111	0.00550	0.00513	0.00118	0.00492	0.00442	0.00446	0.65446
3	0.11413	0.01911	0.01861	0.16629	0.02423	0.21782	0.03689	0.19810	0.01841	0.02406	0.01153	0.01412	0.00898	0.00730	0.00769	0.00202	0.09326	0.00512	0.00406	0.00826
4	0.01278	0.00696	0.00718	0.00691	0.00864	0.00709	0.00523	0.07007	0.01482	0.02493	0.02155	0.07036	0.01777	0.00835	0.00491	0.00161	0.00338	0.00678	0.69432	0.00637
5	0.00999	0.00726	0.00864	0.00863	0.01049	0.00680	0.00651	0.01341	0.07342	0.05434	0.22828	0.19338	0.27212	0.01539	0.00771	0.00228	0.00377	0.06487	0.00643	0.00628
6	0.01268	0.01197	0.02024	0.66737	0.13081	0.01448	0.01818	0.01693	0.01314	0.01709	0.01157	0.01707	0.00882	0.00637	0.00645	0.00212	0.00850	0.00574	0.00291	0.00756
7	0.00870	0.00651	0.00814	0.00840	0.00986	0.00595	0.00635	0.01103	0.01585	0.02120	0.34437	0.19270	0.21692	0.01593	0.00791	0.00231	0.00362	0.10202	0.00648	0.00576
8	0.00786	0.00567	0.00745	0.00888	0.00934	0.00526	0.00595	0.00901	0.01248	0.01654	0.03705	0.73471	0.07581	0.02006	0.00822	0.00260	0.00373	0.01814	0.00600	0.00526
9	0.01530	0.01542	0.02728	0.06792	0.44716	0.03583	0.19195	0.01934	0.01475	0.02035	0.01408	0.05564	0.01237	0.00680	0.00686	0.00205	0.00840	0.02582	0.00342	0.00926
10	0.01784	0.01449	0.01554	0.01211	0.01695	0.04408	0.00971	0.28271	0.06455	0.02828	0.01543	0.05716	0.01276	0.00853	0.03002	0.00184	0.00633	0.00573	0.00510	0.35085
11	0.02801	0.01103	0.01489	0.01137	0.01642	0.00944	0.00938	0.03053	0.01817	0.69194	0.02461	0.02145	0.01559	0.00779	0.00639	0.00193	0.00545	0.00633	0.00773	0.06153
12	0.00787	0.00562	0.00750	0.00900	0.00937	0.00525	0.00600	0.00900	0.01237	0.01649	0.03561	0.76871	0.04274	0.02024	0.00825	0.00262	0.00375	0.01837	0.00600	0.00525
13	0.05769	0.01555	0.04079	0.03072	0.05225	0.07349	0.01151	0.15968	0.23397	0.15318	0.04211	0.02333	0.01711	0.00856	0.00651	0.00208	0.00643	0.04937	0.00602	0.00965
14	0.01220	0.01318	0.10913	0.01200	0.01561	0.01116	0.03815	0.02109	0.26218	0.02415	0.25678	0.03656	0.11088	0.01095	0.00711	0.00215	0.00510	0.03758	0.00601	0.00803
15	0.00764	0.00655	0.00655	0.00655	0.00873	0.00545	0.00491	0.00927	0.01473	0.01745	0.06546	0.06218	0.73000	0.01636	0.00764	0.00218	0.00327	0.01364	0.00600	0.00545
16	0.00838	0.00657	0.00758	0.00733	0.00918	0.00577	0.00549	0.01071	0.01648	0.02162	0.39248	0.05533	0.40037	0.01481	0.00763	0.00211	0.00316	0.01268	0.00655	0.00577
17	0.08315	0.01493	0.03731	0.04336	0.01866	0.01581	0.01139	0.37628	0.02220	0.13378	0.01712	0.05928	0.01335	0.01205	0.07291	0.00280	0.04385	0.00650	0.00577	0.00951
18	0.01441	0.08801	0.36208	0.01453	0.02087	0.03817	0.01611	0.08748	0.04947	0.04040	0.11728	0.02245	0.06238	0.00929	0.02760	0.00222	0.00775	0.00650	0.00428	0.00873
19	0.01438	0.24271	0.47922	0.01709	0.02524	0.01811	0.07914	0.02017	0.01363	0.01899	0.01098	0.01304	0.00835	0.00591	0.00570	0.00187	0.00892	0.00465	0.00278	0.00912
20	0.00924	0.00687	0.01014	0.01014	0.01121	0.00794	0.00777	0.01138	0.01031	0.01482	0.01753	0.02662	0.01669	0.10141	0.69510	0.01008	0.01650	0.00710	0.00349	0.00563
21	0.01776	0.01374	0.01551	0.01145	0.01698	0.01257	0.00931	0.25533	0.01940	0.05228	0.01335	0.01442	0.01028	0.00592	0.00542	0.00133	0.00561	0.00460	0.00488	0.50988
22	0.01899	0.01786	0.10072	0.06155	0.12774	0.06153	0.13956	0.13893	0.03890	0.13471	0.01508	0.01705	0.01110	0.00824	0.02966	0.00231	0.05599	0.00608	0.00454	0.00946
23	0.35270	0.01406	0.01872	0.02487	0.37658	0.01533	0.01402	0.01916	0.01279	0.02400	0.01055	0.01355	0.00874	0.00628	0.00650	0.00202	0.06318	0.00480	0.00351	0.00864
24	0.01417	0.01360	0.02349	0.28548	0.29151	0.01476	0.10718	0.04037	0.01427	0.01949	0.01367	0.07085	0.01190	0.00734	0.00741	0.00213	0.04361	0.00690	0.00338	0.00848
25	0.01122	0.00561	0.00842	0.00842	0.00842	0.00561	0.00561	0.00842	0.00842	0.01122	0.01122	0.01964	0.01122	0.02245	0.02525	0.81201	0.00561	0.00561	0.00281	0.00281
26	0.03740	0.47921	0.11409	0.01298	0.01850	0.16116	0.01268	0.02146	0.01447	0.06107	0.01051	0.01173	0.00873	0.00598	0.00485	0.00157	0.00800	0.00394	0.00322	0.00843
27	0.10996	0.28185	0.07231	0.01322	0.01840	0.10796	0.01200	0.23773	0.04755	0.02567	0.01203	0.01293	0.00945	0.00659	0.00529	0.00174	0.00743	0.00453	0.00428	0.00906
28	0.00786	0.00566	0.00745	0.00889	0.00934	0.00526	0.00595	0.00901	0.01248	0.01654	0.03696	0.73688	0.07369	0.02007	0.00822	0.00260	0.00373	0.01816	0.00600	0.00526
29	0.00787	0.00562	0.00750	0.00900	0.00937	0.00525	0.00600	0.00900	0.01237	0.01649	0.03561	0.76871	0.04274	0.02024	0.00825	0.00262	0.00375	0.01837	0.00600	0.00525
30	0.04833	0.01604	0.12307	0.01291	0.01866	0.02836	0.05499	0.07166	0.07796	0.06354	0.01484	0.04542	0.01195	0.00650	0.00568	0.00156	0.00624	0.00539	0.00439	0.38251
31	0.01739	0.01882	0.17168	0.05774	0.21675	0.03185	0.08798	0.11836	0.04650	0.09509	0.01498	0.01814	0.01156	0.05486	0.00816	0.00227	0.00804	0.00608	0.00422	0.00951
32	0.02419	0.01714	0.01852	0.01426	0.01925	0.01881	0.01176	0.64192	0.02895	0.07646	0.01630	0.01627	0.01152	0.00776	0.00637	0.00192	0.00683	0.00586	0.04515	0.01075
33	0.00896	0.00636	0.00771	0.00827	0.00881	0.00621	0.00539	0.01050	0.03857	0.01610	0.08208	0.33989	0.06389	0.32710	0.01822	0.00404	0.00482	0.03283	0.00525	0.00498
34	0.05634	0.02556	0.38518	0.06274	0.10837	0.07683	0.10225	0.04075	0.01485	0.04991	0.01224	0.01463	0.00899	0.00619	0.00625	0.00201	0.00915	0.00527	0.00329	0.00919
35	0.01056	0.00770	0.00949	0.00989	0.01119	0.00757	0.00699	0.11300	0.01507	0.02026	0.03168	0.62716	0.03672	0.01778	0.00784	0.00246	0.00429	0.01593	0.00598	0.03847
36	0.00788	0.00577	0.00741	0.00866	0.00930	0.00530	0.00586	0.00913	0.01285	0.01690	0.06014	0.65707	0.13093	0.01954	0.00815	0.00255	0.00367	0.01757	0.00603	0.00530
37	0.05927	0.01676	0.01786	0.01410	0.01876	0.04722	0.01155	0.46202	0.08357	0.14268	0.01709	0.01677	0.01208	0.00791	0.00701	0.00200	0.04075	0.00587	0.00631	0.01043
38	0.09334	0.02062	0.04740	0.01507	0.01974	0.19464	0.03839	0.33647	0.10266	0.04706	0.01481	0.01526	0.01094	0.00730	0.00613	0.00192	0.00800	0.00542	0.00526	0.00956

[dist]
# distance from previous block
# <min> <max>
0	6

[block]
# block no. 4 follows, 34 sequences, length 55
# corresponding to MSA columns:
# 161-215
name=unknown_E
#
# <colnr> <probs for GDERKNQSTAVLIFYWHMCP>
#	G	D	E	R	K	N	Q	S	T	A	V	L	I	F	Y	W	H	M	C	P
0	0.15657	0.17020	0.08909	0.01498	0.03899	0.26921	0.04003	0.06217	0.01567	0.02043	0.01031	0.01211	0.00840	0.00630	0.00566	0.00174	0.02668	0.00427	0.00347	0.04371
1	0.01723	0.74651	0.03309	0.01114	0.01659	0.02519	0.01102	0.01994	0.04124	0.01567	0.00967	0.01091	0.00875	0.00566	0.00424	0.00141	0.00684	0.00361	0.00292	0.00837
2	0.00865	0.00693	0.00790	0.00807	0.00996	0.00634	0.00621	0.01138	0.04620	0.01919	0.15158	0.11524	0.43538	0.01709	0.03134	0.00256	0.00415	0.09992	0.00610	0.00582
3	0.01885	0.41384	0.02626	0.01336	0.01752	0.18924	0.01172	0.04104	0.06426	0.03464	0.01095	0.01254	0.00939	0.00688	0.00702	0.00172	0.10481	0.00431	0.00340	0.00823
4	0.01797	0.01438	0.06374	0.01243	0.01628	0.04212	0.01049	0.24524	0.09699	0.10905	0.18524	0.07080	0.02680	0.02791	0.00750	0.00216	0.00586	0.02984	0.00632	0.00887
5	0.02528	0.01118	0.01433	0.01143	0.01600	0.01034	0.00930	0.03041	0.13833	0.56506	0.02844	0.02518	0.06687	0.00872	0.00659	0.00205	0.00528	0.00714	0.00761	0.01047
6	0.01185	0.01079	0.01420	0.01300	0.01369	0.04495	0.01033	0.01358	0.01045	0.01505	0.01373	0.02172	0.01337	0.09259	0.36575	0.00665	0.31235	0.00650	0.00324	0.00621
7	0.00866	0.00659	0.00796	0.00762	0.00935	0.00589	0.00571	0.01125	0.01713	0.02317	0.51399	0.05278	0.27790	0.01423	0.00763	0.00208	0.00312	0.01232	0.00675	0.00589
8	0.78399	0.01243	0.00974	0.00863	0.01267	0.01428	0.00711	0.01954	0.01132	0.06000	0.00972	0.01100	0.00739	0.00609	0.00411	0.00200	0.00502	0.00363	0.00417	0.00717
9	0.00787	0.00562	0.00750	0.00900	0.00937	0.00525	0.00600	0.00900	0.01237	0.01649	0.03561	0.76871	0.04274	0.02024	0.00825	0.00262	0.00375	0.01837	0.00600	0.00525
10	0.00789	0.00597	0.00731	0.00835	0.00932	0.00539	0.00582	0.00923	0.01318	0.01689	0.04466	0.52889	0.25208	0.01898	0.00808	0.00250	0.00368	0.04045	0.00600	0.00534
11	0.01470	0.00680	0.00743	0.00688	0.00894	0.00657	0.00530	0.01764	0.01433	0.13603	0.02177	0.02376	0.01647	0.00760	0.00483	0.00158	0.00340	0.00610	0.68307	0.00680
12	0.00910	0.00605	0.00783	0.00887	0.00972	0.00552	0.00608	0.01036	0.01300	0.05928	0.03839	0.64454	0.11891	0.01908	0.00807	0.00254	0.00380	0.01713	0.00612	0.00561
13	0.02376	0.01578	0.01718	0.01372	0.01832	0.04837	0.01123	0.42583	0.06105	0.19726	0.01987	0.04464	0.01503	0.00881	0.00665	0.00204	0.00666	0.04685	0.00664	0.01032
14	0.04862	0.03250	0.70713	0.01798	0.02728	0.01498	0.02313	0.02040	0.01352	0.02084	0.01148	0.01350	0.00813	0.00613	0.00604	0.00204	0.00935	0.00472	0.00278	0.00944
15	0.00796	0.00648	0.00705	0.00707	0.00897	0.00557	0.00524	0.00984	0.01526	0.01909	0.19777	0.11807	0.53701	0.01605	0.00768	0.00219	0.00327	0.01363	0.00623	0.00557
16	0.00940	0.00626	0.00705	0.00705	0.00705	0.00626	0.00392	0.00940	0.00940	0.01253	0.02036	0.04228	0.02349	0.77292	0.03289	0.00626	0.00626	0.00940	0.00392	0.00392
17	0.01220	0.01148	0.01938	0.75739	0.04450	0.01436	0.01794	0.01651	0.01292	0.01651	0.01148	0.01723	0.00861	0.00646	0.00646	0.00215	0.00861	0.00574	0.00287	0.00718
18	0.01634	0.01402	0.01476	0.01320	0.01691	0.01620	0.01029	0.05605	0.69879	0.02747	0.02595	0.02383	0.01944	0.00873	0.00657	0.00218	0.00518	0.00726	0.00657	0.01025
19	0.00925	0.00684	0.00994	0.00994	0.01094	0.00784	0.00752	0.01125	0.01025	0.01467	0.01771	0.02763	0.01713	0.14468	0.65243	0.00984	0.01584	0.00725	0.00352	0.00552
20	0.01220	0.01148	0.01938	0.75739	0.04450	0.01436	0.01794	0.01651	0.01292	0.01651	0.01148	0.01723	0.00861	0.00646	0.00646	0.00215	0.00861	0.00574	0.00287	0.00718
21	0.01112	0.00567	0.00844	0.00844	0.00847	0.00570	0.00564	0.00853	0.00850	0.01137	0.01164	0.02041	0.01169	0.04328	0.04594	0.76769	0.00596	0.00575	0.00285	0.00292
22	0.01691	0.01559	0.02504	0.03597	0.62840	0.01588	0.01865	0.09392	0.04443	0.02343	0.01307	0.01626	0.01069	0.00609	0.00641	0.00193	0.00751	0.00582	0.00368	0.01031
23	0.01535	0.14834	0.44153	0.01654	0.02395	0.08761	0.03585	0.05722	0.04280	0.02027	0.01210	0.01405	0.00921	0.00812	0.03832	0.00227	0.00940	0.00482	0.00319	0.00907
24	0.02414	0.03079	0.01831	0.01665	0.01998	0.74698	0.01248	0.02580	0.01831	0.01581	0.00999	0.01165	0.00832	0.00666	0.00583	0.00166	0.01165	0.00416	0.00333	0.00749
25	0.01727	0.77681	0.03386	0.01106	0.01658	0.02557	0.01106	0.01935	0.01313	0.01520	0.00898	0.01036	0.00829	0.00553	0.00415	0.00138	0.00691	0.00345	0.00276	0.00829
26	0.04459	0.16196	0.22843	0.01423	0.02065	0.01706	0.01461	0.20834	0.01907	0.18773	0.01524	0.01533	0.01069	0.00688	0.00587	0.00188	0.00735	0.00516	0.00497	0.00995
27	0.01220	0.01148	0.01938	0.75739	0.04450	0.01436	0.01794	0.01651	0.01292	0.01651	0.01148	0.01723	0.00861	0.00646	0.00646	0.00215	0.00861	0.00574	0.00287	0.00718
28	0.01525	0.01743	0.03813	0.02723	0.03377	0.01634	0.70915	0.02070	0.01525	0.02070	0.01307	0.01743	0.00980	0.00545	0.00763	0.00218	0.01089	0.00763	0.00327	0.00871
29	0.09479	0.24548	0.30226	0.01581	0.05315	0.09626	0.01627	0.07074	0.01500	0.02077	0.01072	0.01241	0.00841	0.00610	0.00535	0.00179	0.00830	0.00432	0.00322	0.00885
30	0.00787	0.00562	0.00750	0.00900	0.00937	0.00525	0.00600	0.00900	0.01237	0.01649	0.03561	0.76871	0.04274	0.02024	0.00825	0.00262	0.00375	0.01837	0.00600	0.00525
31	0.01296	0.03342	0.73944	0.01842	0.02797	0.01501	0.02387	0.02046	0.01364	0.02046	0.01160	0.01364	0.00818	0.00614	0.00614	0.00205	0.00955	0.00477	0.00273	0.00955
32	0.03432	0.01346	0.10403	0.09503	0.09631	0.01268	0.01346	0.01581	0.03587	0.01915	0.07082	0.07005	0.09984	0.01150	0.01023	0.00240	0.16982	0.11362	0.00430	0.00731
33	0.00801	0.00577	0.00763	0.00906	0.00958	0.00539	0.00621	0.00927	0.01263	0.01671	0.03686	0.69551	0.07306	0.01993	0.00826	0.00263	0.00386	0.05834	0.00600	0.00530
34	0.00773	0.00655	0.00667	0.00664	0.00878	0.00549	0.00498	0.00945	0.01494	0.01796	0.10472	0.06136	0.69042	0.01618	0.00764	0.00217	0.00326	0.01352	0.00607	0.00549
35	0.03067	0.00670	0.00864	0.00937	0.01063	0.00628	0.00696	0.01160	0.01399	0.04734	0.12963	0.43487	0.07941	0.01734	0.00797	0.00249	0.00416	0.13702	0.00611	0.02883
36	0.01625	0.09554	0.13947	0.08669	0.02997	0.11187	0.36598	0.04013	0.01541	0.01968	0.01198	0.01534	0.00915	0.00587	0.00669	0.00200	0.01009	0.00612	0.00320	0.00857
37	0.01140	0.00957	0.01250	0.01179	0.01311	0.04326	0.00932	0.05119	0.01177	0.01652	0.01570	0.02272	0.01449	0.03937	0.57607	0.00852	0.11629	0.00657	0.00354	0.00631
38	0.00935	0.00625	0.00706	0.00710	0.00711	0.00623	0.00398	0.00938	0.00948	0.01264	0.02080	0.06344	0.02405	0.75100	0.03217	0.00616	0.00619	0.00966	0.00398	0.00395
39	0.01431	0.09317	0.01584	0.00996	0.01566	0.01093	0.00822	0.04759	0.01413	0.02131	0.01140	0.01317	0.00950	0.00500	0.00479	0.00105	0.00511	0.00388	0.00383	0.69115
40	0.04252	0.29472	0.04076	0.01236	0.01748	0.03763	0.02703	0.16513	0.04927	0.13021	0.01606	0.03502	0.02956	0.00715	0.00550	0.00171	0.00655	0.00539	0.00479	0.07116
41	0.00791	0.00567	0.00745	0.00886	0.00928	0.00528	0.00590	0.00902	0.01237	0.01641	0.03622	0.72317	0.06629	0.04161	0.00893	0.00271	0.00380	0.01795	0.00594	0.00522
42	0.00787	0.00562	0.00750	0.00900	0.00937	0.00525	0.00600	0.00900	0.01237	0.01649	0.03561	0.76871	0.04274	0.02024	0.00825	0.00262	0.00375	0.01837	0.00600	0.00525
43	0.01882	0.07421	0.11232	0.07174	0.09028	0.13181	0.09358	0.04538	0.06577	0.14181	0.03615	0.01728	0.01245	0.00716	0.00720	0.00199	0.05284	0.00583	0.00437	0.00902
44	0.00929	0.00670	0.00926	0.00926	0.01002	0.00746	0.00667	0.01081	0.01005	0.01416	0.01834	0.03110	0.01864	0.29353	0.50564	0.00899	0.01357	0.00776	0.00361	0.00514
45	0.19812	0.01162	0.01377	0.01102	0.01566	0.01127	0.00903	0.02909	0.09066	0.50962	0.02201	0.01973	0.01444	0.00765	0.00597	0.00202	0.00535	0.00593	0.00698	0.01005
46	0.02181	0.04772	0.07058	0.01617	0.03767	0.35478	0.03255	0.10269	0.13899	0.09193	0.01513	0.01560	0.01140	0.00714	0.00612	0.00186	0.00901	0.00527	0.00462	0.00897
47	0.07609	0.21154	0.09570	0.01506	0.02035	0.14160	0.08654	0.12269	0.08677	0.06500	0.01348	0.01446	0.01033	0.00659	0.00570	0.00182	0.00803	0.00505	0.00422	0.00898
48	0.01339	0.01150	0.01430	0.04810	0.01637	0.03225	0.05683	0.07616	0.21894	0.02344	0.16327	0.15172	0.05157	0.04179	0.00895	0.00239	0.04558	0.00993	0.00576	0.00776
49	0.00785	0.00572	0.00740	0.00874	0.00930	0.00527	0.00588	0.00903	0.01262	0.01660	0.03879	0.69357	0.11583	0.01983	0.00818	0.00258	0.00370	0.01787	0.00600	0.00527
50	0.00954	0.00733	0.01086	0.01016	0.01129	0.00721	0.07709	0.01104	0.01173	0.01604	0.06086	0.25083	0.04847	0.28690	0.12293	0.00490	0.00724	0.01163	0.02867	0.00528
51	0.03797	0.07811	0.02760	0.02132	0.08311	0.13104	0.28571	0.10915	0.01745	0.09528	0.01349	0.01579	0.01015	0.00646	0.00716	0.00199	0.03898	0.00609	0.00412	0.00903
52	0.12254	0.28841	0.16049	0.01366	0.01944	0.14666	0.04376	0.02038	0.01398	0.01899	0.01011	0.01187	0.00831	0.00582	0.00502	0.00163	0.00795	0.00406	0.00315	0.09376
53	0.69213	0.01569	0.09773	0.00999	0.01464	0.04167	0.00923	0.01942	0.01159	0.02748	0.00935	0.01092	0.00719	0.00604	0.00432	0.00199	0.00579	0.00368	0.00382	0.00732
54	0.03784	0.01549	0.08188	0.09733	0.29903	0.01407	0.04026	0.06996	0.04734	0.20792	0.01630	0.01772	0.01177	0.00670	0.00641	0.00200	0.00726	0.00595	0.00476	0.01000

[dist]
# distance from previous block
# <min> <max>
0	2

[block]
# block no. 5 follows, 34 sequences, length 55
# corresponding to MSA columns:
# 218-272
name=unknown_F
#
# <colnr> <probs for GDERKNQSTAVLIFYWHMCP>
#	G	D	E	R	K	N	Q	S	T	A	V	L	I	F	Y	W	H	M	C	P
0	0.04898	0.25216	0.06998	0.01460	0.01891	0.35860	0.01260	0.04618	0.04546	0.01770	0.01054	0.01215	0.00883	0.00666	0.00622	0.00172	0.05306	0.00424	0.00336	0.00806
1	0.02171	0.25072	0.04980	0.01501	0.01927	0.48391	0.01248	0.04522	0.01699	0.01659	0.00992	0.01147	0.00839	0.00634	0.00536	0.00160	0.01003	0.00403	0.00324	0.00791
2	0.01766	0.07013	0.11216	0.03390	0.01909	0.12223	0.03140	0.07042	0.01633	0.11510	0.06348	0.01725	0.01382	0.00790	0.02815	0.00187	0.00738	0.00527	0.00445	0.24198
3	0.01489	0.01459	0.02588	0.03383	0.53230	0.01432	0.13068	0.01870	0.01466	0.02055	0.01684	0.06477	0.05405	0.00721	0.00678	0.00202	0.00771	0.00729	0.00354	0.00940
4	0.01003	0.00705	0.00826	0.03286	0.01076	0.00634	0.00603	0.01199	0.01509	0.07855	0.18073	0.07764	0.42640	0.06572	0.03151	0.00267	0.00423	0.01209	0.00606	0.00600
5	0.81856	0.01250	0.00950	0.00850	0.01250	0.01449	0.00700	0.01899	0.01100	0.02899	0.00900	0.01050	0.00700	0.00600	0.00400	0.00200	0.00500	0.00350	0.00400	0.00700
6	0.01590	0.21660	0.44499	0.01623	0.02382	0.11101	0.01880	0.04762	0.01476	0.01935	0.01090	0.01265	0.00834	0.00612	0.00562	0.00183	0.00907	0.00441	0.00296	0.00903
7	0.01035	0.00703	0.00972	0.01103	0.01232	0.00687	0.00908	0.01277	0.01427	0.04524	0.03430	0.27630	0.03803	0.01819	0.00863	0.00284	0.00528	0.46578	0.00604	0.00593
8	0.00903	0.00671	0.00849	0.00887	0.01010	0.00642	0.00643	0.01219	0.06177	0.02126	0.32341	0.34565	0.09458	0.01622	0.00787	0.00234	0.00361	0.04259	0.00649	0.00597
9	0.01477	0.01388	0.02330	0.05092	0.60606	0.01388	0.01777	0.01834	0.01465	0.02073	0.03952	0.06662	0.03414	0.00759	0.00667	0.00201	0.00713	0.02890	0.00366	0.00946
10	0.00787	0.00562	0.00750	0.00900	0.00937	0.00525	0.00600	0.00900	0.01237	0.01649	0.03561	0.76871	0.04274	0.02024	0.00825	0.00262	0.00375	0.01837	0.00600	0.00525
11	0.00816	0.00648	0.00733	0.00730	0.00910	0.00565	0.00541	0.01023	0.01571	0.02021	0.28565	0.12090	0.44369	0.01565	0.00769	0.00217	0.00324	0.01341	0.00637	0.00565
12	0.00802	0.00599	0.00746	0.00829	0.00927	0.00543	0.00576	0.00957	0.01387	0.01822	0.15353	0.48888	0.20572	0.01821	0.00800	0.00243	0.00353	0.01620	0.00618	0.00543
13	0.01597	0.01542	0.02660	0.03927	0.71085	0.01538	0.04130	0.01986	0.01473	0.02110	0.01218	0.01604	0.01022	0.00575	0.00643	0.00193	0.00778	0.00582	0.00320	0.01019
14	0.00910	0.00766	0.00788	0.00765	0.01005	0.00703	0.00586	0.03377	0.08518	0.01920	0.05890	0.05734	0.61234	0.01540	0.00754	0.00220	0.00367	0.03704	0.00607	0.00612
15	0.00924	0.00690	0.01025	0.01025	0.01136	0.00801	0.00791	0.01145	0.01035	0.01490	0.01743	0.02605	0.01644	0.07683	0.71934	0.01022	0.01687	0.00702	0.00348	0.00570
16	0.01599	0.01535	0.02623	0.03966	0.73262	0.01535	0.01983	0.01983	0.01471	0.02111	0.01215	0.01599	0.01023	0.00576	0.00640	0.00192	0.00768	0.00576	0.00320	0.01023
17	0.00934	0.00624	0.00706	0.00712	0.00713	0.00623	0.00399	0.00938	0.00951	0.01268	0.02093	0.06955	0.02421	0.74467	0.03196	0.00613	0.00617	0.00973	0.00399	0.00397
18	0.00895	0.00657	0.00838	0.00798	0.00955	0.00600	0.00597	0.01179	0.01774	0.02473	0.63767	0.07050	0.13259	0.01375	0.00764	0.00207	0.00309	0.01209	0.00696	0.00600
19	0.01638	0.01369	0.01448	0.01274	0.01643	0.01553	0.00999	0.12192	0.55646	0.02811	0.04774	0.02649	0.07265	0.00932	0.00667	0.00215	0.00518	0.00770	0.00653	0.00986
20	0.00924	0.00690	0.01028	0.01028	0.01140	0.00802	0.00794	0.01147	0.01035	0.01492	0.01740	0.02592	0.01639	0.07140	0.72470	0.01025	0.01696	0.00700	0.00348	0.00571
21	0.01454	0.01468	0.01759	0.01537	0.01652	0.10698	0.03520	0.03873	0.03233	0.01693	0.01417	0.06385	0.03386	0.01621	0.11755	0.00363	0.42452	0.00679	0.00351	0.00705
22	0.01727	0.77681	0.03386	0.01106	0.01658	0.02557	0.01106	0.01935	0.01313	0.01520	0.00898	0.01036	0.00829	0.00553	0.00415	0.00138	0.00691	0.00345	0.00276	0.00829
23	0.00813	0.00576	0.00756	0.00890	0.00927	0.00544	0.00594	0.00920	0.01214	0.01617	0.03391	0.66425	0.04045	0.10132	0.01093	0.00303	0.00410	0.04258	0.00577	0.00513
24	0.01340	0.01148	0.01340	0.00957	0.01531	0.00861	0.00766	0.01627	0.01340	0.02105	0.01148	0.01340	0.00957	0.00479	0.00479	0.00096	0.00479	0.00383	0.00383	0.81242
25	0.00957	0.00659	0.00765	0.00754	0.00758	0.00685	0.00445	0.00971	0.00945	0.01273	0.01980	0.04063	0.02267	0.71930	0.05621	0.00627	0.03587	0.00917	0.00386	0.00410
26	0.01552	0.01263	0.01368	0.01216	0.01555	0.01416	0.00948	0.07663	0.51446	0.04442	0.14528	0.02879	0.04954	0.00968	0.00678	0.00214	0.00485	0.00813	0.00667	0.00944
27	0.00821	0.00597	0.00779	0.00917	0.00968	0.00570	0.00617	0.01006	0.04198	0.01693	0.03522	0.73759	0.04177	0.01976	0.00818	0.00261	0.00381	0.01791	0.00602	0.00546
28	0.01525	0.01743	0.03813	0.02723	0.03377	0.01634	0.70915	0.02070	0.01525	0.02070	0.01307	0.01743	0.00980	0.00545	0.00763	0.00218	0.01089	0.00763	0.00327	0.00871
29	0.01341	0.01197	0.01946	0.61588	0.10017	0.01439	0.01725	0.01861	0.06427	0.04347	0.01311	0.01779	0.00982	0.00662	0.00646	0.00213	0.00817	0.00588	0.00335	0.00779
30	0.01821	0.04413	0.06685	0.01337	0.01903	0.05323	0.07088	0.12996	0.04491	0.11908	0.01453	0.01545	0.01086	0.00612	0.00572	0.00153	0.00657	0.00503	0.00472	0.34983
31	0.01371	0.16203	0.61738	0.01714	0.02600	0.01683	0.02166	0.02027	0.01355	0.01955	0.01114	0.01307	0.00820	0.00603	0.00579	0.00193	0.00909	0.00455	0.00273	0.00933
32	0.01840	0.01526	0.01635	0.09369	0.01984	0.10609	0.02789	0.28671	0.02031	0.05006	0.01880	0.02677	0.03813	0.10232	0.03782	0.00291	0.02464	0.08068	0.00509	0.00823
33	0.00926	0.00620	0.00709	0.00723	0.00726	0.00617	0.00411	0.00936	0.00967	0.01289	0.02177	0.10936	0.02527	0.70342	0.03061	0.00593	0.00603	0.01022	0.00411	0.00404
34	0.00872	0.00732	0.00766	0.00744	0.00969	0.00665	0.00562	0.01228	0.08918	0.01957	0.14826	0.05637	0.56799	0.01515	0.00752	0.00216	0.00344	0.01272	0.00621	0.00604
35	0.01454	0.01275	0.01377	0.01009	0.01565	0.05745	0.00803	0.01732	0.01387	0.04066	0.01178	0.01352	0.00967	0.00500	0.00490	0.00103	0.00526	0.00392	0.00391	0.73688
36	0.01122	0.00561	0.00842	0.00842	0.00842	0.00561	0.00561	0.00842	0.00842	0.01122	0.01122	0.01964	0.01122	0.02245	0.02525	0.81201	0.00561	0.00561	0.00281	0.00281
37	0.02899	0.01100	0.01499	0.01150	0.01649	0.00950	0.00950	0.03149	0.01849	0.73709	0.02549	0.02199	0.01599	0.00800	0.00650	0.00200	0.00550	0.00650	0.00800	0.01100
38	0.02244	0.02830	0.04484	0.01560	0.01898	0.64112	0.01209	0.02447	0.01763	0.01686	0.01121	0.01303	0.00918	0.00673	0.00570	0.00166	0.01067	0.00438	0.08769	0.00742
