[name]
unknown

[dist]
# distance from previous block
# <min> <max>
0	9

[block]
# block no. 0 follows, 33 sequences, length 18
# corresponding to MSA columns:
# 9-26
name=unknown_A
#
# <colnr> <probs for GDERKNQSTAVLIFYWHMCP>
#	G	D	E	R	K	N	Q	S	T	A	V	L	I	F	Y	W	H	M	C	P
0	0.01143	0.00763	0.01047	0.01158	0.01329	0.00744	0.00993	0.01423	0.01521	0.06310	0.03635	0.11395	0.07888	0.01763	0.00882	0.00290	0.00573	0.55895	0.00620	0.00630
1	0.01674	0.01682	0.02598	0.03449	0.52904	0.07031	0.07521	0.02136	0.05798	0.02108	0.01294	0.01647	0.01073	0.00645	0.00754	0.00203	0.05547	0.00599	0.00346	0.00989
2	0.01491	0.01512	0.02100	0.39708	0.12110	0.10668	0.06894	0.01991	0.06731	0.01861	0.01425	0.02073	0.01172	0.00746	0.00709	0.00217	0.02572	0.04865	0.00354	0.00801
3	0.00945	0.00659	0.00834	0.00836	0.00883	0.00690	0.00550	0.01041	0.01055	0.01453	0.06467	0.06178	0.02469	0.47568	0.24876	0.00728	0.00955	0.00925	0.00412	0.00475
4	0.02147	0.08054	0.02017	0.01606	0.01984	0.42965	0.06361	0.11701	0.04115	0.02053	0.01375	0.06128	0.01195	0.00867	0.02248	0.00202	0.00999	0.00581	0.02588	0.00814
5	0.00892	0.00661	0.00832	0.00812	0.00965	0.00601	0.00600	0.01157	0.01736	0.02391	0.53894	0.13235	0.16829	0.01479	0.00784	0.00216	0.00322	0.01300	0.00693	0.00601
6	0.02197	0.01749	0.01800	0.01461	0.01925	0.05038	0.01179	0.44043	0.27102	0.03548	0.01942	0.01871	0.01421	0.00822	0.00660	0.00205	0.00673	0.00639	0.00649	0.01077
7	0.00944	0.00692	0.00992	0.00992	0.01087	0.00787	0.00741	0.01133	0.01038	0.01479	0.01824	0.02920	0.01791	0.18891	0.60499	0.00977	0.01545	0.00754	0.00362	0.00551
8	0.00882	0.00652	0.00824	0.00822	0.00964	0.00594	0.00601	0.01132	0.01687	0.02316	0.48612	0.19568	0.15831	0.01539	0.00790	0.00222	0.00328	0.01358	0.00685	0.00594
9	0.01291	0.03201	0.68034	0.01798	0.02710	0.01461	0.02297	0.02022	0.01425	0.02126	0.06500	0.01653	0.01236	0.00679	0.00637	0.00208	0.00923	0.00539	0.00311	0.00947
10	0.01095	0.00715	0.00899	0.00829	0.01032	0.00641	0.00630	0.01372	0.01792	0.09262	0.52437	0.04946	0.19130	0.01360	0.00766	0.00210	0.00339	0.01180	0.00711	0.00656
11	0.00893	0.00661	0.00791	0.00814	0.00945	0.00612	0.00576	0.01093	0.04009	0.01901	0.20094	0.23831	0.26173	0.06672	0.01108	0.06937	0.00388	0.01351	0.00599	0.00550
12	0.01631	0.08068	0.06924	0.16035	0.33117	0.09859	0.07969	0.02018	0.01472	0.01924	0.01164	0.01545	0.00950	0.00631	0.00700	0.00199	0.04015	0.00559	0.00314	0.00907
13	0.16119	0.21710	0.02296	0.05372	0.05246	0.26611	0.05619	0.06392	0.01607	0.02048	0.01046	0.01244	0.00860	0.00630	0.00538	0.00177	0.00874	0.00442	0.00352	0.00816
14	0.44753	0.16541	0.01789	0.01258	0.04140	0.16096	0.03260	0.02088	0.01338	0.02356	0.00962	0.01134	0.00787	0.00612	0.00468	0.00185	0.00711	0.00391	0.00364	0.00766
15	0.01536	0.02234	0.29099	0.10878	0.25113	0.05142	0.01961	0.03566	0.03814	0.04417	0.04980	0.01747	0.01255	0.00675	0.00647	0.00204	0.00844	0.00579	0.00359	0.00949
16	0.01618	0.01243	0.01327	0.01164	0.01484	0.03882	0.00909	0.11625	0.30702	0.06630	0.22635	0.02995	0.03022	0.00989	0.00680	0.00207	0.00497	0.00828	0.06670	0.00893
17	0.00963	0.00788	0.00964	0.00902	0.01120	0.00742	0.03532	0.01376	0.09487	0.02152	0.24299	0.12615	0.33999	0.01465	0.00765	0.00221	0.00385	0.01269	0.02313	0.00642

[dist]
# distance from previous block
# <min> <max>
0	2

[block]
# block no. 1 follows, 33 sequences, length 8
# corresponding to MSA columns:
# 29-36
name=unknown_B
#
# <colnr> <probs for GDERKNQSTAVLIFYWHMCP>
#	G	D	E	R	K	N	Q	S	T	A	V	L	I	F	Y	W	H	M	C	P
0	0.02440	0.01434	0.01628	0.01271	0.01734	0.01495	0.01042	0.39489	0.02463	0.24717	0.01976	0.01916	0.01362	0.00794	0.00629	0.00193	0.00610	0.00617	0.13151	0.01041
1	0.02215	0.01626	0.02188	0.05564	0.06115	0.01720	0.12027	0.34963	0.10142	0.13902	0.01779	0.01820	0.01261	0.00751	0.00678	0.00206	0.00748	0.00648	0.00596	0.01051
2	0.01079	0.00639	0.00844	0.00844	0.00933	0.00682	0.00614	0.01188	0.01099	0.01695	0.01758	0.02557	0.01603	0.09416	0.28064	0.20092	0.00930	0.00667	0.24790	0.00506
3	0.00984	0.00735	0.00982	0.00965	0.01017	0.00834	0.00685	0.01104	0.01022	0.01434	0.01922	0.07395	0.02048	0.35119	0.33450	0.00766	0.07774	0.00867	0.00381	0.00516
4	0.06508	0.17512	0.09163	0.01968	0.09636	0.15583	0.14646	0.02053	0.01439	0.01868	0.01114	0.01434	0.00933	0.00894	0.04783	0.00243	0.08542	0.00527	0.00319	0.00836
5	0.06659	0.09187	0.05628	0.01435	0.01944	0.10560	0.08953	0.14556	0.04250	0.07884	0.01700	0.01814	0.05108	0.00866	0.03312	0.00210	0.00781	0.00576	0.00464	0.14113
6	0.01605	0.09501	0.12051	0.01402	0.05232	0.06501	0.01204	0.09110	0.03450	0.07308	0.06450	0.04463	0.04184	0.08794	0.00973	0.00245	0.02929	0.06685	0.00473	0.07438
7	0.10251	0.06621	0.12533	0.01582	0.04594	0.05263	0.08960	0.13019	0.08733	0.06322	0.03834	0.07010	0.05122	0.00859	0.00677	0.00209	0.02326	0.00711	0.00484	0.00891

[dist]
# distance from previous block
# <min> <max>
1	25

[block]
# block no. 2 follows, 33 sequences, length 6
# corresponding to MSA columns:
# 62-67
name=unknown_C
#
# <colnr> <probs for GDERKNQSTAVLIFYWHMCP>
#	G	D	E	R	K	N	Q	S	T	A	V	L	I	F	Y	W	H	M	C	P
0	0.15438	0.01991	0.01866	0.05033	0.09031	0.22259	0.03793	0.17235	0.09038	0.02580	0.01326	0.01486	0.01030	0.00722	0.00675	0.00199	0.04433	0.00526	0.00448	0.00890
1	0.00940	0.00705	0.01058	0.01058	0.01176	0.00823	0.00823	0.01176	0.01058	0.01528	0.01763	0.02586	0.01646	0.04937	0.74255	0.01058	0.01763	0.00705	0.00353	0.00588
2	0.73655	0.01330	0.01068	0.00930	0.01350	0.01533	0.00767	0.08761	0.01317	0.03073	0.00983	0.01120	0.00753	0.00629	0.00432	0.00203	0.00531	0.00380	0.00432	0.00753
3	0.02396	0.01614	0.01785	0.01412	0.01901	0.01752	0.01152	0.43180	0.17980	0.16743	0.02013	0.01897	0.01411	0.00818	0.00662	0.00204	0.00649	0.00639	0.00690	0.01103
4	0.01043	0.00835	0.00931	0.00905	0.01130	0.00814	0.00697	0.05039	0.11542	0.02193	0.16269	0.11707	0.35408	0.01507	0.00774	0.00230	0.00405	0.07263	0.00641	0.00668
5	0.27789	0.06597	0.01552	0.01201	0.01623	0.09963	0.00973	0.19397	0.10748	0.02857	0.01642	0.04604	0.03688	0.00787	0.00560	0.00196	0.00643	0.00571	0.00503	0.04106

[dist]
# distance from previous block
# <min> <max>
0	21

[block]
# block no. 3 follows, 33 sequences, length 48
# corresponding to MSA columns:
# 89-136
name=unknown_D
#
# <colnr> <probs for GDERKNQSTAVLIFYWHMCP>
#	G	D	E	R	K	N	Q	S	T	A	V	L	I	F	Y	W	H	M	C	P
0	0.07508	0.01907	0.10933	0.07261	0.14983	0.08177	0.06301	0.21187	0.05128	0.02704	0.04141	0.04019	0.01327	0.00750	0.00648	0.00203	0.00794	0.00628	0.00458	0.00942
1	0.01822	0.11916	0.04751	0.01349	0.01794	0.08539	0.07684	0.07169	0.09051	0.14840	0.10645	0.02685	0.08247	0.00900	0.00658	0.00197	0.00667	0.02830	0.00551	0.03706
2	0.08554	0.12509	0.03454	0.00963	0.01353	0.02746	0.00824	0.01917	0.01574	0.21031	0.09043	0.03395	0.23803	0.01051	0.00637	0.00196	0.00503	0.00841	0.03111	0.02494
3	0.01790	0.04246	0.04863	0.04238	0.12900	0.01752	0.05370	0.17417	0.32076	0.02781	0.01911	0.01952	0.01448	0.00784	0.00713	0.00212	0.03331	0.00655	0.00541	0.01019
4	0.01470	0.01318	0.01889	0.03650	0.17047	0.01150	0.07078	0.04610	0.01486	0.02208	0.01307	0.01715	0.01107	0.00584	0.00576	0.00144	0.00628	0.03166	0.00389	0.48479
5	0.01604	0.22826	0.22457	0.01792	0.11352	0.03954	0.04728	0.04416	0.01541	0.06181	0.08166	0.05157	0.01606	0.00753	0.00607	0.00189	0.00763	0.00619	0.00393	0.00896
6	0.01060	0.00822	0.00975	0.00949	0.01152	0.00802	0.00716	0.04233	0.10898	0.02271	0.24626	0.21506	0.16220	0.01482	0.00769	0.00227	0.00404	0.05919	0.00645	0.04323
7	0.00951	0.00635	0.00720	0.00727	0.00728	0.00634	0.00408	0.00956	0.00970	0.01294	0.02141	0.07392	0.02477	0.73665	0.03243	0.00622	0.00627	0.00996	0.00408	0.00405
8	0.01480	0.01609	0.07086	0.05903	0.02131	0.01921	0.07814	0.04816	0.01196	0.01789	0.00978	0.01491	0.00887	0.01018	0.01777	0.00269	0.56164	0.00590	0.00309	0.00772
9	0.01651	0.04910	0.02406	0.25801	0.33520	0.11502	0.04687	0.04164	0.01538	0.01966	0.01188	0.01589	0.00957	0.00626	0.00642	0.00198	0.00876	0.00562	0.00326	0.00894
10	0.00800	0.00580	0.00756	0.00897	0.00950	0.00536	0.00602	0.00919	0.01280	0.01688	0.03874	0.70781	0.09849	0.02031	0.00835	0.00264	0.00378	0.01833	0.00611	0.00536
11	0.00959	0.00787	0.00859	0.00820	0.01047	0.00746	0.00621	0.01435	0.12662	0.02184	0.25256	0.05309	0.41996	0.01451	0.00761	0.00218	0.00356	0.01229	0.00654	0.00652
12	0.08440	0.07293	0.10715	0.04888	0.03551	0.05598	0.06055	0.06145	0.01475	0.03958	0.03949	0.05118	0.03092	0.01206	0.04898	0.00275	0.12211	0.09932	0.00420	0.00782
13	0.05044	0.50465	0.22576	0.01339	0.02007	0.02237	0.01474	0.04934	0.01418	0.01867	0.01017	0.01171	0.00848	0.00592	0.00488	0.00165	0.00771	0.00400	0.00302	0.00886
14	0.00938	0.00676	0.00900	0.01002	0.01118	0.00649	0.00786	0.01163	0.01472	0.01954	0.15297	0.27819	0.08758	0.04904	0.00958	0.00285	0.00472	0.29655	0.00619	0.00575
15	0.00916	0.00672	0.00859	0.00812	0.00974	0.00615	0.00609	0.01213	0.01827	0.02554	0.65837	0.05059	0.12838	0.01378	0.00777	0.00209	0.00313	0.01210	0.00713	0.00615
16	0.00826	0.00631	0.00759	0.00806	0.00939	0.00564	0.00575	0.01009	0.01497	0.01957	0.22081	0.33706	0.28787	0.01742	0.00802	0.00236	0.00347	0.01530	0.00640	0.00564
17	0.01411	0.01179	0.01432	0.07949	0.01848	0.00966	0.00894	0.01781	0.04276	0.04183	0.01274	0.01472	0.01028	0.00530	0.00516	0.00117	0.00528	0.00431	0.00405	0.67781
18	0.01718	0.01674	0.02523	0.03632	0.61219	0.06621	0.01884	0.04572	0.05660	0.02219	0.01319	0.01645	0.01088	0.00618	0.00649	0.00195	0.00793	0.00585	0.00359	0.01026
19	0.00926	0.00673	0.00872	0.00822	0.00980	0.00619	0.00617	0.01231	0.01850	0.02607	0.69902	0.04972	0.08740	0.01358	0.00777	0.00208	0.00311	0.01198	0.00720	0.00619
20	0.00930	0.00710	0.00951	0.00871	0.01054	0.00647	0.03015	0.01227	0.01797	0.02490	0.59883	0.05026	0.16182	0.01368	0.00777	0.00210	0.00342	0.01207	0.00694	0.00620
21	0.01570	0.03629	0.01622	0.07385	0.01889	0.12180	0.01059	0.03621	0.01445	0.03435	0.01320	0.04689	0.01183	0.00748	0.00779	0.00164	0.10775	0.02857	0.00390	0.39258
22	0.00969	0.00792	0.00930	0.04940	0.01224	0.03580	0.00708	0.01254	0.04444	0.02080	0.28435	0.30195	0.14839	0.01567	0.00781	0.00231	0.00414	0.01381	0.00626	0.00610
23	0.01508	0.11119	0.19763	0.02073	0.15841	0.01590	0.09289	0.05940	0.04347	0.02168	0.04256	0.04075	0.02818	0.00729	0.00699	0.00195	0.04187	0.00624	0.00378	0.08403
24	0.81514	0.01273	0.00968	0.00866	0.01273	0.01477	0.00713	0.01935	0.01120	0.02954	0.00917	0.01069	0.00713	0.00611	0.00407	0.00204	0.00509	0.00356	0.00407	0.00713
25	0.02459	0.03138	0.01866	0.01696	0.02035	0.74221	0.01272	0.02629	0.01866	0.01611	0.01018	0.01187	0.00848	0.00678	0.00594	0.00170	0.01187	0.00424	0.00339	0.00763
26	0.01629	0.01564	0.02672	0.04041	0.72757	0.01564	0.02020	0.02020	0.01499	0.02151	0.01238	0.01629	0.01043	0.00587	0.00652	0.00196	0.00782	0.00587	0.00326	0.01043
27	0.00923	0.00673	0.00868	0.00819	0.00978	0.00618	0.00615	0.01226	0.01844	0.02593	0.68834	0.04995	0.09816	0.01363	0.00777	0.00208	0.00312	0.01201	0.00719	0.00618
28	0.01566	0.01352	0.01420	0.01283	0.01643	0.01547	0.00997	0.03285	0.65710	0.02672	0.03013	0.02781	0.07902	0.00958	0.00679	0.00223	0.00505	0.00798	0.00665	0.01001
29	0.01629	0.01564	0.02672	0.04041	0.72757	0.01564	0.02020	0.02020	0.01499	0.02151	0.01238	0.01629	0.01043	0.00587	0.00652	0.00196	0.00782	0.00587	0.00326	0.01043
30	0.01113	0.00855	0.01053	0.01049	0.01242	0.00880	0.00824	0.01760	0.17820	0.02405	0.32459	0.12287	0.04460	0.01430	0.00791	0.00240	0.00439	0.17517	0.00672	0.00706
31	0.02402	0.01755	0.01890	0.01477	0.01981	0.01942	0.01211	0.58578	0.12457	0.06794	0.01773	0.01728	0.01263	0.00805	0.00660	0.00201	0.00690	0.00616	0.00667	0.01109
32	0.01317	0.01044	0.01176	0.01160	0.01383	0.04156	0.00928	0.11858	0.09348	0.02361	0.09948	0.18878	0.08096	0.01507	0.00797	0.00251	0.00549	0.23901	0.00622	0.00721
33	0.01905	0.13664	0.02124	0.01561	0.04319	0.16788	0.03833	0.14516	0.12268	0.02341	0.04295	0.01662	0.01314	0.00778	0.00794	0.00192	0.10091	0.00558	0.00449	0.06550
34	0.00817	0.00589	0.00768	0.00904	0.00958	0.00549	0.00614	0.00939	0.01275	0.01683	0.03760	0.66069	0.08731	0.05040	0.00940	0.00281	0.00398	0.04548	0.00602	0.00534
35	0.00799	0.00647	0.00712	0.00750	0.00922	0.00559	0.00548	0.00965	0.01463	0.01807	0.09429	0.23208	0.50683	0.01749	0.00796	0.00234	0.00351	0.03204	0.00617	0.00556
36	0.01713	0.69310	0.10985	0.01207	0.01814	0.02489	0.01267	0.01984	0.01343	0.01607	0.00944	0.01092	0.00844	0.00570	0.00444	0.00148	0.00733	0.00366	0.00281	0.00859
37	0.72752	0.09621	0.01240	0.00894	0.01319	0.01601	0.00758	0.01939	0.01144	0.02799	0.00917	0.01068	0.00727	0.00606	0.00409	0.00197	0.00531	0.00356	0.00394	0.00727
38	0.00947	0.00679	0.00924	0.00924	0.00995	0.00750	0.00655	0.01089	0.01018	0.01429	0.01886	0.03267	0.01941	0.33381	0.46215	0.00892	0.01318	0.00805	0.00371	0.00513
39	0.01700	0.67094	0.13086	0.01230	0.01849	0.02457	0.01306	0.01987	0.01345	0.01623	0.00952	0.01102	0.00843	0.00572	0.00450	0.00150	0.00741	0.00371	0.00281	0.00862
40	0.05652	0.00706	0.00695	0.00668	0.00853	0.00726	0.00510	0.04703	0.01445	0.02559	0.02055	0.02339	0.01608	0.00760	0.00466	0.00158	0.00337	0.00599	0.72521	0.00642
41	0.00943	0.00694	0.01002	0.01002	0.01101	0.00793	0.00754	0.01140	0.01042	0.01487	0.01814	0.02868	0.01768	0.16705	0.62655	0.00989	0.01579	0.00747	0.00360	0.00557
42	0.00962	0.00737	0.01100	0.01087	0.01200	0.00875	0.00850	0.01193	0.01056	0.01531	0.01724	0.02537	0.01612	0.04773	0.71133	0.01025	0.04964	0.00700	0.00350	0.00594
43	0.15115	0.01443	0.01461	0.01282	0.01679	0.01660	0.01013	0.11454	0.51386	0.02958	0.02250	0.02117	0.01683	0.00833	0.00625	0.00217	0.00544	0.00661	0.00625	0.00996
44	0.01637	0.01414	0.01489	0.01340	0.01712	0.01637	0.01042	0.03498	0.71568	0.02754	0.02679	0.02456	0.02010	0.00893	0.00670	0.00223	0.00521	0.00744	0.00670	0.01042
45	0.02137	0.19945	0.06076	0.03669	0.01922	0.07768	0.01203	0.14447	0.11910	0.18805	0.01806	0.01926	0.01359	0.00774	0.00607	0.00192	0.00705	0.03232	0.00544	0.00972
46	0.01772	0.28815	0.07528	0.01350	0.04742	0.07296	0.01174	0.06291	0.03397	0.08622	0.01614	0.03720	0.04105	0.00838	0.02306	0.00190	0.02247	0.01874	0.00416	0.11704
47	0.08311	0.19995	0.10083	0.04287	0.04858	0.10018	0.01305	0.06285	0.07911	0.06353	0.01475	0.02974	0.02850	0.00761	0.00718	0.00194	0.07937	0.00539	0.00408	0.02736

[dist]
# distance from previous block
# <min> <max>
1	24

[block]
# block no. 4 follows, 33 sequences, length 28
# corresponding to MSA columns:
# 161-188
name=unknown_E
#
# <colnr> <probs for GDERKNQSTAVLIFYWHMCP>
#	G	D	E	R	K	N	Q	S	T	A	V	L	I	F	Y	W	H	M	C	P
0	0.01472	0.12775	0.07882	0.07963	0.18546	0.01510	0.06959	0.02051	0.10936	0.03969	0.10230	0.05657	0.02038	0.00858	0.00666	0.00207	0.00695	0.04264	0.00448	0.00876
1	0.00970	0.00698	0.00866	0.00838	0.01009	0.00644	0.00623	0.01283	0.04233	0.04405	0.46609	0.14449	0.17967	0.01468	0.00778	0.00218	0.00339	0.01286	0.00689	0.00627
2	0.00874	0.00627	0.00819	0.00891	0.00961	0.00630	0.00617	0.01011	0.01181	0.01605	0.03092	0.37554	0.08773	0.15227	0.20083	0.00525	0.00773	0.01343	0.02885	0.00530
3	0.00915	0.00672	0.00857	0.00811	0.00973	0.00614	0.00608	0.01210	0.01825	0.02547	0.65351	0.05070	0.13328	0.01380	0.00777	0.00209	0.00313	0.01212	0.00713	0.00614
4	0.01428	0.00762	0.00791	0.00729	0.00936	0.00776	0.00563	0.08775	0.01579	0.05438	0.02106	0.02355	0.01626	0.00771	0.00489	0.00160	0.00360	0.00613	0.69056	0.00686
5	0.00949	0.00640	0.00716	0.00716	0.00726	0.00634	0.00404	0.00957	0.00983	0.01300	0.02288	0.04403	0.05661	0.73359	0.03231	0.00619	0.00624	0.00977	0.00409	0.00406
6	0.01750	0.01399	0.01449	0.01269	0.01637	0.04845	0.00994	0.10306	0.44281	0.08358	0.08652	0.02782	0.07444	0.00962	0.00682	0.00215	0.00545	0.00792	0.00665	0.00972
7	0.01575	0.03991	0.04898	0.18993	0.20574	0.01479	0.03715	0.14811	0.01711	0.02346	0.01537	0.09954	0.01366	0.00796	0.00653	0.00198	0.00732	0.00704	0.00417	0.09549
8	0.01327	0.01377	0.14315	0.01279	0.04362	0.01043	0.01118	0.01933	0.12616	0.09106	0.27620	0.08602	0.08286	0.01131	0.00758	0.00217	0.02538	0.00964	0.00600	0.00807
9	0.05251	0.31832	0.11586	0.01305	0.01791	0.11105	0.01239	0.03986	0.07128	0.04062	0.08136	0.03692	0.01574	0.00769	0.00623	0.00182	0.03938	0.00557	0.00403	0.00841
10	0.00951	0.00756	0.00865	0.00837	0.01036	0.00717	0.00627	0.01386	0.10411	0.02251	0.33208	0.10494	0.31086	0.01466	0.00768	0.00219	0.00351	0.01262	0.00666	0.00642
11	0.01365	0.01170	0.01365	0.00975	0.01560	0.00878	0.00780	0.01658	0.01365	0.02145	0.01170	0.01365	0.00975	0.00488	0.00488	0.00098	0.00488	0.00390	0.00390	0.80888
12	0.01566	0.01497	0.02522	0.03789	0.67393	0.01489	0.01907	0.01940	0.01499	0.02123	0.01644	0.01981	0.06376	0.00667	0.00661	0.00198	0.00749	0.00646	0.00347	0.01006
13	0.00794	0.00660	0.00675	0.00682	0.00878	0.00562	0.00496	0.00945	0.01444	0.01732	0.06151	0.09168	0.63662	0.08023	0.00998	0.00259	0.00361	0.01374	0.00593	0.00542
14	0.00812	0.00580	0.00773	0.00910	0.00957	0.00541	0.00612	0.00941	0.01305	0.01752	0.08763	0.71096	0.04493	0.02009	0.00836	0.00263	0.00377	0.01821	0.00620	0.00541
15	0.01365	0.01170	0.01365	0.00975	0.01560	0.00878	0.00780	0.01658	0.01365	0.02145	0.01170	0.01365	0.00975	0.00488	0.00488	0.00098	0.00488	0.00390	0.00390	0.80888
16	0.00788	0.00630	0.00705	0.00765	0.00915	0.00547	0.00544	0.00934	0.01406	0.01740	0.05473	0.33918	0.45680	0.01823	0.00803	0.00240	0.00353	0.01579	0.00611	0.00547
17	0.01243	0.01170	0.01975	0.75282	0.04534	0.01463	0.01828	0.01682	0.01316	0.01682	0.01170	0.01755	0.00878	0.00658	0.00658	0.00219	0.00878	0.00585	0.00293	0.00731
18	0.00951	0.00675	0.00826	0.00858	0.01004	0.00619	0.00616	0.01194	0.04028	0.05136	0.20313	0.35807	0.22128	0.01697	0.00795	0.00237	0.00366	0.01495	0.00649	0.00604
19	0.00802	0.00573	0.00764	0.00917	0.00955	0.00535	0.00611	0.00917	0.01260	0.01681	0.03628	0.76434	0.04354	0.02062	0.00840	0.00267	0.00382	0.01872	0.00611	0.00535
20	0.02219	0.01677	0.01788	0.01429	0.01899	0.01873	0.01161	0.49880	0.21044	0.03707	0.01895	0.01849	0.01379	0.00816	0.00653	0.00202	0.00653	0.00634	0.04165	0.01077
21	0.12529	0.15544	0.41564	0.04945	0.02563	0.01717	0.08436	0.02029	0.01356	0.02098	0.01113	0.01341	0.00837	0.00607	0.00576	0.00198	0.00871	0.00477	0.00302	0.00896
22	0.00802	0.00573	0.00764	0.00917	0.00955	0.00535	0.00611	0.00917	0.01260	0.01681	0.03628	0.76434	0.04354	0.02062	0.00840	0.00267	0.00382	0.01872	0.00611	0.00535
23	0.01621	0.01588	0.02808	0.03899	0.65013	0.01575	0.09656	0.02030	0.01505	0.02146	0.01249	0.01646	0.01038	0.00583	0.00666	0.00198	0.00819	0.00608	0.00327	0.01025
24	0.13968	0.11622	0.05716	0.01640	0.04395	0.06941	0.14603	0.04069	0.04774	0.10220	0.03067	0.01639	0.01172	0.00712	0.00745	0.00201	0.08067	0.00566	0.02943	0.02941
25	0.04637	0.05488	0.09095	0.01229	0.01513	0.02661	0.05851	0.01406	0.01308	0.01820	0.02418	0.25793	0.02615	0.07419	0.09150	0.00360	0.00753	0.11930	0.00467	0.04087
26	0.04594	0.15170	0.15051	0.01485	0.04237	0.14106	0.01350	0.12808	0.03403	0.07577	0.03795	0.01532	0.01177	0.00676	0.00576	0.00174	0.00780	0.00500	0.00432	0.10577
27	0.04492	0.01997	0.11156	0.05259	0.04234	0.20875	0.01287	0.12130	0.04836	0.05732	0.03404	0.05071	0.01446	0.05234	0.09655	0.00324	0.00962	0.00638	0.00442	0.00826

[dist]
# distance from previous block
# <min> <max>
0	11

[block]
# block no. 5 follows, 33 sequences, length 28
# corresponding to MSA columns:
# 200-227
name=unknown_F
#
# <colnr> <probs for GDERKNQSTAVLIFYWHMCP>
#	G	D	E	R	K	N	Q	S	T	A	V	L	I	F	Y	W	H	M	C	P
0	0.05829	0.30558	0.10189	0.01369	0.03811	0.09063	0.01242	0.05278	0.06437	0.08272	0.04094	0.01610	0.01268	0.00975	0.05482	0.00237	0.02499	0.00508	0.00408	0.00872
1	0.02003	0.10891	0.01914	0.01406	0.01844	0.09788	0.01140	0.23474	0.34809	0.02905	0.01953	0.01884	0.01474	0.00799	0.00628	0.00200	0.00677	0.00616	0.00584	0.01011
2	0.01913	0.61046	0.03103	0.01251	0.01765	0.18270	0.01158	0.02115	0.01453	0.01562	0.00938	0.01085	0.00846	0.00588	0.00460	0.00147	0.00810	0.00368	0.00294	0.00827
3	0.05199	0.13188	0.26036	0.03747	0.04582	0.06185	0.06941	0.07345	0.05112	0.05392	0.01780	0.01999	0.06500	0.00758	0.00623	0.00200	0.00810	0.02304	0.00401	0.00899
4	0.01520	0.04806	0.35424	0.01977	0.12475	0.03610	0.04494	0.07151	0.01579	0.05774	0.04738	0.08296	0.01509	0.00915	0.02651	0.00231	0.00848	0.00683	0.00396	0.00923
5	0.00802	0.00573	0.00764	0.00917	0.00955	0.00535	0.00611	0.00917	0.01260	0.01681	0.03628	0.76434	0.04354	0.02062	0.00840	0.00267	0.00382	0.01872	0.00611	0.00535
6	0.06919	0.09747	0.02279	0.12158	0.09664	0.07442	0.07305	0.25052	0.01997	0.05846	0.01324	0.01532	0.01003	0.00704	0.00690	0.00199	0.04188	0.00556	0.00455	0.00937
7	0.05746	0.04347	0.01642	0.07997	0.04004	0.06032	0.03661	0.17007	0.01844	0.09684	0.09194	0.12936	0.04292	0.03529	0.00827	0.00229	0.03401	0.02264	0.00546	0.00820
8	0.01815	0.04954	0.02150	0.07127	0.15945	0.26174	0.03350	0.02056	0.01454	0.01753	0.01068	0.01442	0.00925	0.00796	0.01072	0.00213	0.23343	0.00526	0.03031	0.00804
9	0.00884	0.00660	0.00783	0.00769	0.00937	0.00591	0.00570	0.01128	0.01664	0.02255	0.40502	0.11140	0.28618	0.01485	0.00766	0.00214	0.00324	0.01285	0.04833	0.00591
10	0.41498	0.09247	0.07071	0.06998	0.04588	0.03437	0.03047	0.02107	0.06134	0.05662	0.01227	0.01391	0.00940	0.00645	0.00502	0.00198	0.00634	0.00457	0.03414	0.00804
11	0.05184	0.04048	0.16100	0.03969	0.04384	0.07860	0.13250	0.09796	0.13433	0.09794	0.01713	0.04647	0.01314	0.00754	0.00659	0.00208	0.00811	0.00654	0.00476	0.00946
12	0.00865	0.00760	0.00965	0.00865	0.01114	0.00657	0.06301	0.01086	0.01559	0.01934	0.16040	0.05747	0.56679	0.01527	0.00778	0.00220	0.00394	0.01309	0.00605	0.00593
13	0.00818	0.00605	0.00765	0.00859	0.00948	0.00552	0.00593	0.00973	0.01398	0.01849	0.15002	0.52853	0.16612	0.01880	0.00819	0.00250	0.00362	0.01680	0.00629	0.00552
14	0.01733	0.56635	0.07348	0.01486	0.05150	0.05224	0.07712	0.02078	0.04113	0.01708	0.01057	0.01228	0.00913	0.00584	0.00494	0.00159	0.00773	0.00428	0.00306	0.00870
15	0.01793	0.07729	0.16686	0.05192	0.20440	0.04133	0.15018	0.11487	0.01727	0.07504	0.01357	0.01595	0.01019	0.00637	0.00653	0.00200	0.00870	0.00587	0.00395	0.00979
16	0.00957	0.00638	0.00718	0.00718	0.00718	0.00638	0.00399	0.00957	0.00957	0.01276	0.02074	0.04308	0.02393	0.76864	0.03351	0.00638	0.00638	0.00957	0.00399	0.00399
17	0.01401	0.01378	0.01987	0.08721	0.05135	0.01875	0.01467	0.01589	0.01062	0.01616	0.00962	0.01544	0.00918	0.01298	0.06104	0.00322	0.61012	0.00585	0.00294	0.00728
18	0.04602	0.05722	0.41263	0.01934	0.05312	0.09852	0.09142	0.06818	0.01550	0.02164	0.01171	0.01407	0.00878	0.00658	0.00705	0.00206	0.04849	0.00516	0.00324	0.00925
19	0.01362	0.10361	0.66860	0.01806	0.02740	0.01630	0.02309	0.02074	0.01385	0.02034	0.01156	0.01358	0.00835	0.00620	0.00606	0.00202	0.00948	0.00474	0.00278	0.00961
20	0.00802	0.00573	0.00764	0.00917	0.00955	0.00535	0.00611	0.00917	0.01260	0.01681	0.03628	0.76434	0.04354	0.02062	0.00840	0.00267	0.00382	0.01872	0.00611	0.00535
21	0.00996	0.00740	0.00981	0.08498	0.01425	0.00738	0.00810	0.01286	0.04948	0.04038	0.09824	0.36621	0.14464	0.01666	0.00802	0.00251	0.00460	0.10236	0.00597	0.00618
22	0.02259	0.01829	0.04551	0.01665	0.05722	0.05631	0.03633	0.45762	0.09632	0.07019	0.01747	0.01912	0.01307	0.00812	0.00669	0.00204	0.00740	0.03245	0.00607	0.01056
23	0.00929	0.00688	0.00982	0.00990	0.01092	0.00773	0.00743	0.01124	0.01072	0.01512	0.02094	0.06684	0.04705	0.14287	0.58144	0.00929	0.01486	0.00825	0.00382	0.00559
24	0.01507	0.01409	0.02212	0.32850	0.16395	0.01685	0.05162	0.08746	0.01469	0.02019	0.01159	0.01638	0.00936	0.00773	0.01028	0.00229	0.19018	0.00594	0.00337	0.00835
25	0.02086	0.31011	0.02478	0.01561	0.05342	0.35640	0.01234	0.04152	0.07448	0.01773	0.01141	0.01274	0.00959	0.00651	0.00539	0.00165	0.00917	0.00435	0.00352	0.00840
26	0.01745	0.04583	0.28483	0.01919	0.05500	0.05440	0.13498	0.19169	0.01869	0.02572	0.01292	0.01491	0.00956	0.00641	0.00641	0.00194	0.00886	0.00551	0.00398	0.08171
27	0.15205	0.02041	0.01738	0.01489	0.01876	0.26494	0.05132	0.14240	0.15474	0.02523	0.01546	0.04691	0.01256	0.00791	0.00650	0.00201	0.02716	0.00590	0.00480	0.00867

[dist]
# distance from previous block
# <min> <max>
1	21

[block]
# block no. 6 follows, 33 sequences, length 85
# corresponding to MSA columns:
# 250-334
name=unknown_G
#
# <colnr> <probs for GDERKNQSTAVLIFYWHMCP>
#	G	D	E	R	K	N	Q	S	T	A	V	L	I	F	Y	W	H	M	C	P
0	0.30442	0.01199	0.01303	0.01084	0.01501	0.01250	0.00883	0.09352	0.03781	0.29749	0.01851	0.04172	0.01353	0.01189	0.07838	0.00290	0.00671	0.00592	0.00598	0.00902
1	0.01838	0.24023	0.22700	0.01785	0.06458	0.11879	0.09135	0.04340	0.01564	0.08616	0.01247	0.01408	0.00953	0.00628	0.00585	0.00184	0.00883	0.00497	0.00358	0.00920
2	0.04901	0.08025	0.03956	0.01377	0.01883	0.07957	0.05299	0.15071	0.03768	0.35421	0.04369	0.01935	0.01479	0.00770	0.00637	0.00196	0.00693	0.00615	0.00634	0.01015
3	0.01940	0.01323	0.01485	0.01295	0.01694	0.01448	0.01025	0.03362	0.52479	0.19850	0.02684	0.02557	0.01972	0.00903	0.00675	0.00221	0.00533	0.02805	0.00703	0.01048
4	0.01407	0.18028	0.59592	0.01728	0.02620	0.01742	0.02174	0.02062	0.01380	0.01979	0.01129	0.01324	0.00836	0.00613	0.00585	0.00195	0.00920	0.00460	0.00279	0.00948
5	0.04482	0.21546	0.17974	0.01846	0.02493	0.06593	0.22425	0.07293	0.01593	0.03963	0.01266	0.01592	0.01003	0.00640	0.00621	0.00194	0.00904	0.02320	0.00356	0.00897
6	0.01641	0.53110	0.19007	0.01463	0.02127	0.02270	0.08556	0.02011	0.01372	0.01725	0.01017	0.01204	0.00858	0.00576	0.00504	0.00164	0.00805	0.00426	0.00286	0.00878
7	0.00818	0.00613	0.00765	0.00879	0.00974	0.00559	0.00622	0.00963	0.01343	0.01730	0.04382	0.52776	0.21479	0.01942	0.00831	0.00259	0.00389	0.07518	0.00611	0.00546
8	0.01619	0.06834	0.03633	0.02744	0.10405	0.05211	0.55392	0.02116	0.01549	0.02052	0.01279	0.01685	0.00986	0.00565	0.00732	0.00211	0.01053	0.00712	0.00329	0.00895
9	0.01727	0.50126	0.12098	0.01476	0.04438	0.07289	0.05412	0.02152	0.06492	0.01763	0.01120	0.01272	0.00944	0.00603	0.00507	0.00164	0.00785	0.00436	0.00318	0.00879
10	0.00833	0.00669	0.00742	0.00724	0.00923	0.00579	0.00543	0.01050	0.01629	0.02084	0.29985	0.05833	0.48983	0.01553	0.00777	0.00217	0.00325	0.01319	0.00652	0.00579
11	0.00810	0.00656	0.00707	0.00717	0.00898	0.00566	0.00521	0.00979	0.01489	0.01846	0.14234	0.13548	0.52994	0.05944	0.00931	0.00249	0.00353	0.01392	0.00613	0.00553
12	0.01845	0.01822	0.03115	0.02450	0.08047	0.09531	0.43823	0.04959	0.05807	0.09593	0.01512	0.01782	0.01116	0.00627	0.00725	0.00212	0.00987	0.00703	0.00416	0.00928
13	0.00832	0.00659	0.00749	0.00748	0.00928	0.00575	0.00553	0.01041	0.01595	0.02054	0.28218	0.13601	0.42906	0.01604	0.00784	0.00222	0.00331	0.01376	0.00649	0.00575
14	0.01061	0.00758	0.01061	0.01212	0.01364	0.00758	0.01061	0.01364	0.01515	0.01970	0.03486	0.07426	0.03789	0.01819	0.00909	0.00303	0.00606	0.68326	0.00606	0.00606
15	0.02461	0.03093	0.01869	0.01690	0.02035	0.71720	0.01271	0.04982	0.01908	0.01699	0.01037	0.01201	0.00857	0.00682	0.00596	0.00171	0.01171	0.00430	0.00350	0.00776
16	0.01795	0.73571	0.03371	0.01155	0.01707	0.06169	0.01134	0.02004	0.01364	0.01552	0.00920	0.01063	0.00845	0.00569	0.00431	0.00142	0.00728	0.00356	0.00284	0.00841
17	0.02459	0.03138	0.01866	0.01696	0.02035	0.74221	0.01272	0.02629	0.01866	0.01611	0.01018	0.01187	0.00848	0.00678	0.00594	0.00170	0.01187	0.00424	0.00339	0.00763
18	0.00778	0.00667	0.00667	0.00667	0.00889	0.00556	0.00500	0.00945	0.01501	0.01778	0.06669	0.06336	0.72490	0.01667	0.00778	0.00222	0.00333	0.01389	0.00611	0.00556
19	0.01760	0.77260	0.03450	0.01126	0.01690	0.02605	0.01126	0.01971	0.01338	0.01549	0.00915	0.01056	0.00845	0.00563	0.00422	0.00141	0.00704	0.00352	0.00282	0.00845
20	0.01629	0.01564	0.02672	0.04041	0.72757	0.01564	0.02020	0.02020	0.01499	0.02151	0.01238	0.01629	0.01043	0.00587	0.00652	0.00196	0.00782	0.00587	0.00326	0.01043
21	0.00957	0.00638	0.00718	0.00718	0.00718	0.00638	0.00399	0.00957	0.00957	0.01276	0.02074	0.04308	0.02393	0.76864	0.03351	0.00638	0.00638	0.00957	0.00399	0.00399
22	0.00802	0.00573	0.00764	0.00917	0.00955	0.00535	0.00611	0.00917	0.01260	0.01681	0.03628	0.76434	0.04354	0.02062	0.00840	0.00267	0.00382	0.01872	0.00611	0.00535
23	0.01485	0.02133	0.20715	0.06279	0.06689	0.01617	0.47027	0.02077	0.01499	0.02083	0.01282	0.01673	0.00955	0.00579	0.00728	0.00217	0.01049	0.00687	0.00317	0.00908
24	0.01243	0.01170	0.01975	0.75282	0.04534	0.01463	0.01828	0.01682	0.01316	0.01682	0.01170	0.01755	0.00878	0.00658	0.00658	0.00219	0.00878	0.00585	0.00293	0.00731
25	0.01554	0.01776	0.03885	0.02775	0.03441	0.01665	0.70366	0.02109	0.01554	0.02109	0.01332	0.01776	0.00999	0.00555	0.00777	0.00222	0.01110	0.00777	0.00333	0.00888
26	0.01320	0.03405	0.73453	0.01876	0.02849	0.01529	0.02432	0.02085	0.01390	0.02085	0.01181	0.01390	0.00834	0.00625	0.00625	0.00208	0.00973	0.00486	0.00278	0.00973
27	0.01244	0.01165	0.01959	0.68809	0.07673	0.01430	0.01788	0.01667	0.01323	0.01705	0.01274	0.04804	0.01028	0.00712	0.00665	0.00220	0.00853	0.00638	0.00307	0.00738
28	0.00848	0.00664	0.00767	0.00753	0.00935	0.00584	0.00560	0.01075	0.01648	0.02155	0.35653	0.09692	0.39221	0.01547	0.00781	0.00218	0.00326	0.01329	0.00662	0.00584
29	0.02459	0.01822	0.01951	0.01506	0.02025	0.02021	0.01241	0.67175	0.06554	0.04079	0.01636	0.01625	0.01165	0.00795	0.00659	0.00199	0.00714	0.00600	0.00659	0.01116
30	0.00872	0.00625	0.00813	0.00941	0.00999	0.00596	0.00637	0.03765	0.01335	0.01782	0.03545	0.73373	0.04222	0.02010	0.00833	0.00265	0.00396	0.01819	0.00613	0.00559
31	0.00802	0.00573	0.00764	0.00917	0.00955	0.00535	0.00611	0.00917	0.01260	0.01681	0.03628	0.76434	0.04354	0.02062	0.00840	0.00267	0.00382	0.01872	0.00611	0.00535
32	0.00989	0.00683	0.00896	0.00842	0.01004	0.00629	0.00631	0.01291	0.01843	0.04771	0.67886	0.07313	0.06007	0.01354	0.00775	0.00209	0.00321	0.01198	0.00724	0.00633
33	0.04719	0.74441	0.03358	0.01117	0.01674	0.02563	0.01111	0.01970	0.01330	0.01601	0.00915	0.01057	0.00840	0.00565	0.00422	0.00143	0.00697	0.00352	0.00286	0.00840
34	0.01634	0.01680	0.02606	0.17060	0.43998	0.09140	0.10314	0.02031	0.01510	0.02001	0.01214	0.01625	0.00986	0.00606	0.00662	0.00201	0.00883	0.00593	0.00322	0.00936
35	0.01637	0.01414	0.01489	0.01340	0.01712	0.01637	0.01042	0.03498	0.71568	0.02754	0.02679	0.02456	0.02010	0.00893	0.00670	0.00223	0.00521	0.00744	0.00670	0.01042
36	0.02468	0.01977	0.02025	0.01574	0.02086	0.09562	0.03464	0.61283	0.02918	0.03819	0.01514	0.01546	0.01087	0.00771	0.00656	0.00195	0.00785	0.00581	0.00615	0.01075
37	0.01523	0.01631	0.03294	0.05675	0.21397	0.01587	0.44669	0.01998	0.01501	0.02068	0.01399	0.05322	0.01164	0.00657	0.00782	0.00219	0.03105	0.00767	0.00342	0.00901
38	0.00802	0.00573	0.00764	0.00917	0.00955	0.00535	0.00611	0.00917	0.01260	0.01681	0.03628	0.76434	0.04354	0.02062	0.00840	0.00267	0.00382	0.01872	0.00611	0.00535
39	0.02459	0.03138	0.01866	0.01696	0.02035	0.74221	0.01272	0.02629	0.01866	0.01611	0.01018	0.01187	0.00848	0.00678	0.00594	0.00170	0.01187	0.00424	0.00339	0.00763
40	0.02019	0.08340	0.10025	0.01918	0.02469	0.24280	0.20323	0.16021	0.04165	0.02337	0.01279	0.01479	0.00979	0.00659	0.00649	0.00193	0.00991	0.00566	0.00401	0.00906
41	0.02425	0.02522	0.01885	0.01602	0.02017	0.41344	0.01249	0.29338	0.06723	0.02679	0.01343	0.01421	0.01027	0.00736	0.00624	0.00184	0.00964	0.00510	0.00485	0.00921
42	0.02503	0.01844	0.01976	0.01515	0.02042	0.02042	0.01251	0.70562	0.03095	0.04149	0.01581	0.01581	0.01120	0.00790	0.00659	0.00198	0.00724	0.00593	0.00659	0.01120
43	0.01506	0.01468	0.01439	0.03397	0.01526	0.16707	0.01000	0.06569	0.03234	0.01782	0.04933	0.04388	0.01724	0.18826	0.12715	0.00444	0.16560	0.00719	0.00400	0.00664
44	0.06878	0.02186	0.01872	0.02012	0.16552	0.33529	0.01318	0.08027	0.12403	0.02245	0.05566	0.01716	0.01395	0.00736	0.00622	0.00190	0.00872	0.00561	0.00439	0.00881
45	0.00957	0.00638	0.00718	0.00718	0.00718	0.00638	0.00399	0.00957	0.00957	0.01276	0.02074	0.04308	0.02393	0.76864	0.03351	0.00638	0.00638	0.00957	0.00399	0.00399
46	0.01557	0.01548	0.02789	0.13256	0.47801	0.01586	0.15138	0.01977	0.01468	0.02060	0.01234	0.01668	0.01006	0.00610	0.00729	0.00207	0.03463	0.00623	0.00321	0.00960
47	0.01311	0.01257	0.02177	0.61836	0.13250	0.01488	0.05896	0.01751	0.01354	0.01768	0.01188	0.01740	0.00906	0.00643	0.00664	0.00216	0.00879	0.00597	0.00299	0.00781
48	0.01588	0.01522	0.02597	0.11674	0.65448	0.01553	0.02000	0.01984	0.01479	0.02101	0.01231	0.01643	0.01025	0.00594	0.00652	0.00198	0.00792	0.00586	0.00322	0.01009
49	0.02824	0.01231	0.01584	0.01225	0.01729	0.01144	0.01009	0.12011	0.05786	0.60418	0.02469	0.02166	0.01583	0.00816	0.00662	0.00204	0.00580	0.00657	0.00787	0.01116
50	0.06331	0.01531	0.03972	0.01169	0.01494	0.16534	0.00940	0.09107	0.05574	0.08595	0.28194	0.03175	0.08644	0.01033	0.00683	0.00200	0.00610	0.00838	0.00597	0.00782
51	0.01517	0.01525	0.02232	0.40257	0.30550	0.09005	0.01845	0.01910	0.01443	0.01855	0.01181	0.01648	0.00938	0.00633	0.00649	0.00205	0.00873	0.00569	0.00310	0.00855
52	0.00791	0.00654	0.00693	0.00712	0.00904	0.00557	0.00523	0.00958	0.01488	0.01815	0.10112	0.16281	0.58832	0.01705	0.00787	0.00228	0.00339	0.01447	0.00618	0.00557
53	0.01582	0.01547	0.02436	0.10063	0.52208	0.05888	0.04393	0.01961	0.01508	0.02055	0.01457	0.02224	0.01301	0.00726	0.00680	0.00208	0.00809	0.07653	0.00353	0.00946
54	0.01570	0.11325	0.17999	0.25862	0.03161	0.07294	0.11539	0.03987	0.05137	0.04125	0.01286	0.01595	0.00968	0.00647	0.00635	0.00203	0.00902	0.00561	0.00343	0.00862
55	0.01416	0.01397	0.02201	0.33609	0.28851	0.05093	0.05776	0.01802	0.01444	0.01885	0.01764	0.02154	0.08329	0.00731	0.00672	0.00209	0.00816	0.00672	0.00342	0.00838
56	0.01028	0.00734	0.01023	0.01174	0.01311	0.00729	0.01003	0.01306	0.01483	0.01933	0.03504	0.16302	0.03861	0.01850	0.00900	0.00299	0.00577	0.59779	0.00607	0.00597
57	0.01144	0.00572	0.00858	0.00858	0.00858	0.00572	0.00572	0.00858	0.00858	0.01144	0.01144	0.02001	0.01144	0.02287	0.02573	0.80846	0.00572	0.00572	0.00286	0.00286
58	0.01132	0.00580	0.00869	0.00869	0.00876	0.00587	0.00587	0.00876	0.00869	0.01166	0.01180	0.02036	0.01173	0.02443	0.06801	0.76139	0.00642	0.00580	0.00290	0.00304
59	0.01727	0.01938	0.02907	0.08096	0.04774	0.16156	0.34937	0.04613	0.01559	0.01962	0.01183	0.01588	0.00942	0.00700	0.00962	0.00221	0.13921	0.00645	0.00335	0.00835
60	0.01783	0.01928	0.02078	0.33216	0.17179	0.25388	0.01655	0.05539	0.01623	0.01877	0.01154	0.01535	0.00913	0.00657	0.00636	0.00197	0.00952	0.00533	0.00333	0.00823
61	0.01085	0.00719	0.00939	0.00943	0.01095	0.00683	0.00737	0.01335	0.01600	0.06197	0.33543	0.05499	0.07120	0.13380	0.01217	0.00305	0.00469	0.21888	0.00638	0.00607
62	0.01629	0.01564	0.02672	0.04041	0.72757	0.01564	0.02020	0.02020	0.01499	0.02151	0.01238	0.01629	0.01043	0.00587	0.00652	0.00196	0.00782	0.00587	0.00326	0.01043
63	0.06369	0.02005	0.01407	0.01311	0.01550	0.37954	0.00961	0.05979	0.01634	0.01824	0.03841	0.11859	0.01852	0.15424	0.01158	0.00280	0.00869	0.02621	0.00428	0.00674
64	0.01169	0.00800	0.00951	0.00920	0.01105	0.00821	0.00695	0.01579	0.14066	0.04153	0.03297	0.03674	0.21214	0.01977	0.10881	0.17995	0.00627	0.04116	0.09343	0.00616
65	0.01935	0.01407	0.01544	0.01321	0.01728	0.01560	0.01046	0.13693	0.47968	0.13280	0.05350	0.02390	0.01989	0.00884	0.00671	0.00216	0.00549	0.00727	0.00692	0.01048
66	0.01037	0.00797	0.00942	0.00973	0.01127	0.00801	0.00700	0.05448	0.12092	0.02087	0.09876	0.44762	0.13434	0.01692	0.00789	0.00245	0.00410	0.01498	0.00633	0.00657
67	0.00926	0.00657	0.00811	0.00887	0.00996	0.00622	0.00633	0.03677	0.01446	0.01963	0.10627	0.47188	0.13288	0.01767	0.00790	0.00245	0.00387	0.05096	0.07416	0.00579
68	0.06295	0.00842	0.00937	0.00880	0.01122	0.00816	0.00670	0.01625	0.10714	0.08746	0.19086	0.08873	0.28719	0.04999	0.00860	0.00241	0.00410	0.02838	0.00639	0.00688
69	0.01231	0.00762	0.00892	0.00844	0.00960	0.00747	0.00557	0.03952	0.03854	0.09514	0.05491	0.11967	0.07324	0.46444	0.02300	0.00472	0.00567	0.01042	0.00516	0.00564
70	0.01878	0.01129	0.01331	0.01108	0.01473	0.01128	0.00883	0.15588	0.11836	0.22426	0.20846	0.03364	0.12019	0.01069	0.00707	0.00209	0.00493	0.00891	0.00714	0.00907
71	0.04269	0.00869	0.00976	0.00886	0.01146	0.00834	0.00683	0.07215	0.06062	0.08138	0.25315	0.07325	0.31068	0.01354	0.00740	0.00215	0.00398	0.01142	0.00662	0.00704
72	0.00874	0.00707	0.00785	0.00791	0.00986	0.00640	0.00595	0.01169	0.05676	0.01995	0.18159	0.13441	0.45219	0.01612	0.00785	0.00228	0.00359	0.04747	0.00636	0.00597
73	0.00996	0.00685	0.00845	0.00891	0.01011	0.00647	0.00627	0.04582	0.01474	0.04291	0.12903	0.45658	0.12667	0.05365	0.00915	0.00262	0.00399	0.01525	0.03663	0.00594
74	0.01124	0.00755	0.00836	0.00807	0.00970	0.00737	0.00572	0.03751	0.06614	0.04703	0.09215	0.11413	0.19566	0.20377	0.01360	0.00317	0.00445	0.01071	0.14760	0.00607
75	0.00969	0.00753	0.00875	0.00853	0.01041	0.00714	0.00634	0.03828	0.06949	0.02250	0.30572	0.17419	0.27646	0.01523	0.00776	0.00223	0.00362	0.01319	0.00660	0.00635
76	0.10323	0.01321	0.01432	0.01172	0.01534	0.01418	0.00921	0.31271	0.06214	0.10489	0.10388	0.02550	0.02034	0.14694	0.01138	0.00282	0.00607	0.00723	0.00610	0.00881
77	0.01945	0.00920	0.01172	0.00982	0.01338	0.00810	0.00780	0.02231	0.03897	0.38518	0.15475	0.06299	0.20499	0.01166	0.00717	0.00212	0.00453	0.00980	0.00736	0.00870
78	0.00971	0.00678	0.00819	0.00851	0.01011	0.00612	0.00620	0.01184	0.03001	0.06263	0.14273	0.33195	0.28332	0.01713	0.00797	0.00239	0.00377	0.03820	0.00641	0.00604
79	0.05850	0.00780	0.00887	0.00855	0.00958	0.00796	0.00573	0.07840	0.01295	0.01812	0.06653	0.14303	0.06398	0.35961	0.02149	0.10333	0.00556	0.01011	0.00474	0.00516
80	0.05179	0.00723	0.00865	0.00911	0.01081	0.00683	0.00708	0.01225	0.01452	0.04837	0.10059	0.18790	0.24279	0.06580	0.00970	0.00277	0.00454	0.19733	0.00603	0.00592
81	0.01159	0.00718	0.00848	0.00814	0.00938	0.00669	0.00545	0.01250	0.01212	0.09398	0.02987	0.10925	0.12887	0.43656	0.02206	0.00456	0.00554	0.04451	0.00506	0.03823
82	0.00963	0.00647	0.00826	0.00863	0.00948	0.00625	0.00589	0.01099	0.01290	0.04633	0.13317	0.31836	0.07994	0.21458	0.09461	0.00435	0.00592	0.01329	0.00553	0.00544
83	0.01058	0.00884	0.01262	0.01212	0.01282	0.01095	0.00950	0.01243	0.01086	0.01572	0.01877	0.14698	0.01955	0.05455	0.38424	0.00685	0.21743	0.02520	0.00385	0.00610
84	0.01106	0.06765	0.01293	0.03885	0.05479	0.01013	0.00850	0.04729	0.01451	0.01929	0.12927	0.20230	0.16099	0.07086	0.06883	0.00322	0.05653	0.01133	0.00518	0.00649

[dist]
# distance from previous block
# <min> <max>
0	3

# created by:
# /home/berkeley/.conda/envs/busco_data_prod/bin/msa2prfl.pl pipeline/OGs_align_augustus/4893/26008.fs
