[name]
unknown

[dist]
# distance from previous block
# <min> <max>
0	32

[block]
# block no. 0 follows, 34 sequences, length 14
# corresponding to MSA columns:
# 32-45
name=unknown_A
#
# <colnr> <probs for GDERKNQSTAVLIFYWHMCP>
#	G	D	E	R	K	N	Q	S	T	A	V	L	I	F	Y	W	H	M	C	P
0	0.05716	0.01160	0.06607	0.04680	0.04473	0.05133	0.01055	0.03402	0.05174	0.01943	0.02611	0.21803	0.04171	0.03816	0.06724	0.00321	0.00699	0.19341	0.00500	0.00671
1	0.01633	0.03423	0.16799	0.03543	0.05756	0.01377	0.03157	0.14512	0.08661	0.09598	0.05384	0.04071	0.06645	0.01171	0.06601	0.00270	0.02744	0.00697	0.00497	0.03461
2	0.01786	0.62114	0.08831	0.01213	0.01793	0.02402	0.01223	0.10729	0.01536	0.01886	0.01002	0.01128	0.00863	0.00586	0.00460	0.00151	0.00715	0.00386	0.00323	0.00873
3	0.01340	0.01148	0.01340	0.00957	0.01531	0.00861	0.00766	0.01627	0.01340	0.02105	0.01148	0.01340	0.00957	0.00479	0.00479	0.00096	0.00479	0.00383	0.00383	0.81242
4	0.00882	0.00602	0.00722	0.00779	0.00793	0.00588	0.00471	0.00924	0.01053	0.01404	0.02617	0.31924	0.03083	0.48595	0.02349	0.00488	0.00531	0.01282	0.00471	0.00442
5	0.00959	0.00906	0.07979	0.01037	0.01205	0.00692	0.02884	0.01148	0.01262	0.03967	0.03129	0.49490	0.05792	0.11228	0.01108	0.00300	0.00501	0.05290	0.00540	0.00583
6	0.10847	0.01405	0.04235	0.09839	0.32356	0.01373	0.05161	0.04828	0.01490	0.13087	0.01386	0.01654	0.01057	0.00724	0.00729	0.05044	0.00713	0.00562	0.00410	0.03099
7	0.00906	0.00616	0.00831	0.00879	0.00934	0.00630	0.00606	0.00971	0.01074	0.01453	0.02521	0.26685	0.06124	0.17441	0.22236	0.13230	0.00830	0.01119	0.00438	0.00476
8	0.02405	0.01785	0.01910	0.01476	0.01984	0.01980	0.01216	0.67057	0.07171	0.03990	0.01616	0.01603	0.01151	0.00782	0.00647	0.00195	0.00699	0.00591	0.00647	0.01094
9	0.01034	0.00704	0.00893	0.00849	0.00993	0.00627	0.00583	0.01048	0.01098	0.01523	0.02173	0.21634	0.05576	0.14786	0.01694	0.25022	0.00496	0.00954	0.00419	0.17894
10	0.01034	0.10117	0.01078	0.00798	0.00881	0.00888	0.00534	0.01090	0.00998	0.01318	0.01856	0.03615	0.02066	0.58412	0.12241	0.00620	0.00778	0.00834	0.00371	0.00470
11	0.01535	0.01249	0.01585	0.03925	0.11184	0.01063	0.01007	0.07155	0.01513	0.05832	0.01259	0.01447	0.01006	0.00536	0.00527	0.00125	0.00551	0.00444	0.00413	0.57644
12	0.05577	0.14904	0.23326	0.01680	0.02251	0.13354	0.10989	0.04878	0.04907	0.01993	0.01244	0.03965	0.01027	0.00708	0.00710	0.00197	0.06546	0.00548	0.00342	0.00853
13	0.02265	0.01679	0.01922	0.07417	0.02148	0.01905	0.01280	0.54649	0.02617	0.06984	0.01491	0.01581	0.01077	0.00805	0.00808	0.00206	0.08973	0.00583	0.00585	0.01026

[dist]
# distance from previous block
# <min> <max>
0	1

[block]
# block no. 1 follows, 34 sequences, length 20
# corresponding to MSA columns:
# 47-66
name=unknown_B
#
# <colnr> <probs for GDERKNQSTAVLIFYWHMCP>
#	G	D	E	R	K	N	Q	S	T	A	V	L	I	F	Y	W	H	M	C	P
0	0.01570	0.26725	0.33891	0.01688	0.06389	0.01875	0.04290	0.07847	0.04161	0.02079	0.01172	0.01341	0.00910	0.00609	0.00558	0.00180	0.00814	0.00467	0.00328	0.03106
1	0.02425	0.02742	0.01860	0.01617	0.01999	0.55366	0.01243	0.20804	0.02152	0.02244	0.01146	0.01268	0.00903	0.00695	0.00600	0.00174	0.01044	0.00460	0.00416	0.00842
2	0.00795	0.00570	0.00766	0.00908	0.00950	0.00541	0.00612	0.00914	0.01226	0.01641	0.03455	0.72568	0.04120	0.02188	0.05102	0.00307	0.00453	0.01771	0.00585	0.00528
3	0.00885	0.00663	0.00911	0.00927	0.01045	0.00706	0.00696	0.01069	0.01159	0.01582	0.05475	0.12145	0.14787	0.06487	0.45252	0.03062	0.01191	0.00971	0.00435	0.00551
4	0.00975	0.00617	0.00835	0.00931	0.01014	0.00582	0.00645	0.01108	0.01273	0.07667	0.03334	0.64818	0.03842	0.02142	0.06582	0.00318	0.00495	0.01648	0.00597	0.00577
5	0.01556	0.01154	0.01673	0.30280	0.09278	0.01272	0.01337	0.13417	0.01669	0.10321	0.03768	0.17689	0.01858	0.00988	0.00687	0.00217	0.00675	0.00866	0.00486	0.00810
6	0.01414	0.01414	0.01979	0.01696	0.01696	0.01979	0.01414	0.01555	0.00990	0.01555	0.00848	0.01414	0.00848	0.01131	0.02120	0.00283	0.76110	0.00565	0.00283	0.00707
7	0.12885	0.00904	0.01030	0.01007	0.01211	0.00928	0.00743	0.12402	0.01555	0.08194	0.02775	0.47786	0.03033	0.01519	0.00721	0.00237	0.00461	0.01325	0.00595	0.00689
8	0.01352	0.01326	0.01852	0.01607	0.01616	0.01827	0.01327	0.01498	0.01041	0.01604	0.04004	0.06535	0.01291	0.01198	0.01979	0.00278	0.67980	0.00674	0.00321	0.00691
9	0.01296	0.03342	0.73944	0.01842	0.02797	0.01501	0.02387	0.02046	0.01364	0.02046	0.01160	0.01364	0.00818	0.00614	0.00614	0.00205	0.00955	0.00477	0.00273	0.00955
10	0.01032	0.00706	0.00790	0.00741	0.00978	0.00603	0.00565	0.01233	0.01584	0.09974	0.19038	0.05497	0.51956	0.01481	0.00751	0.00213	0.00348	0.01246	0.00644	0.00620
11	0.00936	0.00650	0.00809	0.00811	0.00951	0.00590	0.00584	0.01141	0.01547	0.05059	0.34170	0.23714	0.18370	0.06552	0.00941	0.00249	0.00359	0.01344	0.00643	0.00581
12	0.12787	0.00783	0.00917	0.00867	0.01053	0.00805	0.00646	0.01374	0.01290	0.08344	0.14026	0.05423	0.11425	0.16929	0.20056	0.00501	0.00786	0.00880	0.00502	0.00605
13	0.06229	0.01680	0.01829	0.01408	0.01917	0.01825	0.01163	0.58000	0.02775	0.14135	0.01666	0.01622	0.01153	0.00771	0.00635	0.00195	0.00678	0.00581	0.00657	0.01080
14	0.01025	0.00653	0.00774	0.00770	0.00810	0.00646	0.00476	0.01072	0.01049	0.04734	0.04267	0.08366	0.02557	0.61634	0.05577	0.00577	0.00640	0.03483	0.00438	0.00453
15	0.00898	0.00629	0.00784	0.00833	0.00958	0.00566	0.00591	0.01072	0.01451	0.04891	0.19806	0.40878	0.20808	0.01724	0.00789	0.00236	0.00355	0.01525	0.00633	0.00573
16	0.00930	0.00643	0.00764	0.00773	0.00828	0.00627	0.00504	0.01026	0.01191	0.01599	0.15326	0.06996	0.07067	0.49926	0.02390	0.00485	0.00541	0.07433	0.00487	0.00463
17	0.00923	0.00692	0.01038	0.01038	0.01154	0.00808	0.00808	0.01154	0.01038	0.01500	0.01731	0.02538	0.01615	0.04846	0.74732	0.01038	0.01731	0.00692	0.00346	0.00577
18	0.01361	0.01496	0.04705	0.01994	0.02400	0.04996	0.38060	0.01730	0.01410	0.01898	0.06190	0.12498	0.01853	0.07286	0.01110	0.00261	0.08712	0.00906	0.00389	0.00746
19	0.00974	0.00663	0.00797	0.00801	0.00892	0.00635	0.00533	0.01147	0.03492	0.04236	0.18946	0.19875	0.10040	0.32047	0.01785	0.00388	0.00466	0.01205	0.00550	0.00528

[dist]
# distance from previous block
# <min> <max>
0	1

[block]
# block no. 2 follows, 34 sequences, length 21
# corresponding to MSA columns:
# 68-88
name=unknown_C
#
# <colnr> <probs for GDERKNQSTAVLIFYWHMCP>
#	G	D	E	R	K	N	Q	S	T	A	V	L	I	F	Y	W	H	M	C	P
0	0.01046	0.00696	0.00830	0.00823	0.00986	0.00646	0.00599	0.04043	0.01540	0.06195	0.20361	0.25515	0.20574	0.04815	0.00851	0.00237	0.00375	0.01293	0.07965	0.00608
1	0.07597	0.01299	0.05868	0.01293	0.01570	0.03375	0.03940	0.12523	0.01455	0.06563	0.01530	0.02121	0.01336	0.09715	0.26369	0.00538	0.11116	0.00636	0.00416	0.00740
2	0.01803	0.01313	0.01797	0.13052	0.07442	0.01339	0.05536	0.20512	0.01877	0.12525	0.01846	0.04532	0.03695	0.00967	0.03731	0.00227	0.00719	0.03627	0.00511	0.12949
3	0.00992	0.00727	0.00990	0.05134	0.03484	0.00766	0.00735	0.01177	0.04096	0.01589	0.06773	0.08056	0.11763	0.14966	0.23060	0.12958	0.00876	0.00898	0.00425	0.00536
4	0.00845	0.00635	0.00763	0.00775	0.00909	0.00574	0.00553	0.01040	0.01519	0.02022	0.32264	0.20444	0.25218	0.08299	0.01000	0.00258	0.00355	0.01348	0.00626	0.00553
5	0.02731	0.01062	0.01446	0.01121	0.01591	0.00921	0.00921	0.02985	0.01848	0.67685	0.08510	0.02422	0.01980	0.00844	0.00659	0.00200	0.00529	0.00694	0.00792	0.01058
6	0.01334	0.01148	0.01367	0.04360	0.01664	0.00887	0.00812	0.01628	0.01338	0.02085	0.01148	0.01357	0.00953	0.00486	0.00486	0.00101	0.00496	0.00392	0.00378	0.77578
7	0.01349	0.00936	0.01330	0.03491	0.15661	0.00936	0.00971	0.01644	0.07405	0.09378	0.07200	0.08878	0.07023	0.11821	0.03752	0.11966	0.00606	0.04473	0.00486	0.00693
8	0.01059	0.00667	0.00833	0.00845	0.00995	0.00600	0.00604	0.01226	0.01449	0.10144	0.16490	0.34707	0.19705	0.06447	0.00936	0.00258	0.00388	0.01416	0.00630	0.00603
9	0.02414	0.03079	0.01831	0.01665	0.01998	0.74698	0.01248	0.02580	0.01831	0.01581	0.00999	0.01165	0.00832	0.00666	0.00583	0.00166	0.01165	0.00416	0.00333	0.00749
10	0.01412	0.01453	0.07918	0.45946	0.16818	0.01491	0.04747	0.04330	0.01412	0.04066	0.01216	0.01670	0.00924	0.00651	0.00696	0.00211	0.03314	0.00577	0.00322	0.00825
11	0.00994	0.00718	0.01028	0.05519	0.01306	0.00700	0.03603	0.01169	0.01355	0.03830	0.13231	0.26460	0.11610	0.05806	0.04150	0.07265	0.00536	0.09615	0.00542	0.00565
12	0.00921	0.00667	0.00763	0.00742	0.00918	0.00589	0.00541	0.01108	0.01517	0.05070	0.24701	0.09779	0.38529	0.10035	0.01046	0.00262	0.00367	0.01258	0.00617	0.00569
13	0.00940	0.00626	0.00705	0.00705	0.00705	0.00626	0.00392	0.00940	0.00940	0.01253	0.02036	0.04228	0.02349	0.77292	0.03289	0.00626	0.00626	0.00940	0.00392	0.00392
14	0.42177	0.01305	0.01658	0.19904	0.16961	0.01472	0.04207	0.01863	0.01241	0.02396	0.01043	0.01357	0.00818	0.00604	0.00525	0.00203	0.00668	0.00469	0.00353	0.00778
15	0.04320	0.06856	0.09990	0.07652	0.42081	0.01643	0.07125	0.05794	0.01497	0.02145	0.01184	0.01527	0.00962	0.00615	0.00685	0.00197	0.03889	0.00556	0.00330	0.00952
16	0.04298	0.01495	0.01867	0.06066	0.03658	0.06154	0.01329	0.09255	0.01309	0.01906	0.01025	0.01541	0.00942	0.04197	0.01672	0.00265	0.48424	0.00561	0.00339	0.03698
17	0.00923	0.00692	0.01038	0.01038	0.01154	0.00808	0.00808	0.01154	0.01038	0.01500	0.01731	0.02538	0.01615	0.04846	0.74732	0.01038	0.01731	0.00692	0.00346	0.00577
18	0.01691	0.01516	0.04192	0.03606	0.03808	0.04229	0.01130	0.09502	0.51646	0.04462	0.02370	0.05344	0.01835	0.00881	0.00658	0.00215	0.00583	0.00732	0.00611	0.00989
19	0.03964	0.07917	0.14738	0.08086	0.02440	0.04475	0.09794	0.28397	0.08987	0.02813	0.01437	0.01574	0.01060	0.00692	0.00629	0.00198	0.00802	0.00569	0.00466	0.00962
20	0.05990	0.00839	0.00970	0.04240	0.05616	0.00789	0.00724	0.04201	0.01517	0.06943	0.04922	0.10316	0.47776	0.01400	0.00720	0.00216	0.00424	0.01172	0.00573	0.00652

[dist]
# distance from previous block
# <min> <max>
0	1

[block]
# block no. 3 follows, 34 sequences, length 33
# corresponding to MSA columns:
# 90-122
name=unknown_D
#
# <colnr> <probs for GDERKNQSTAVLIFYWHMCP>
#	G	D	E	R	K	N	Q	S	T	A	V	L	I	F	Y	W	H	M	C	P
0	0.01917	0.46837	0.04320	0.01298	0.04328	0.11507	0.01138	0.04151	0.01537	0.10689	0.05765	0.01484	0.01278	0.00656	0.00507	0.00159	0.00720	0.00464	0.00389	0.00856
1	0.01553	0.03810	0.14996	0.08428	0.21099	0.01340	0.05994	0.04070	0.01473	0.06984	0.01279	0.01528	0.00988	0.00580	0.00593	0.00170	0.00730	0.00515	0.00368	0.23503
2	0.05693	0.01675	0.01944	0.11594	0.29702	0.18331	0.01467	0.01990	0.01493	0.05481	0.01465	0.09393	0.01325	0.00883	0.02650	0.00218	0.00825	0.00661	0.00378	0.02831
3	0.01321	0.10845	0.01390	0.01044	0.01310	0.01182	0.00819	0.05886	0.19344	0.05017	0.19502	0.21121	0.06165	0.01243	0.00695	0.00213	0.00457	0.01070	0.00609	0.00765
4	0.01486	0.01419	0.02418	0.25457	0.52658	0.01505	0.01927	0.01884	0.01418	0.01973	0.01195	0.01636	0.00975	0.00597	0.00642	0.00199	0.00796	0.00575	0.00310	0.00932
5	0.01061	0.04331	0.00944	0.00822	0.01033	0.00697	0.00630	0.01264	0.01544	0.08735	0.20841	0.17714	0.32557	0.01505	0.00751	0.00220	0.00378	0.03718	0.00629	0.00625
6	0.02093	0.37945	0.02558	0.01403	0.01839	0.40983	0.01182	0.02279	0.01589	0.01553	0.00952	0.01105	0.00831	0.00613	0.00504	0.00153	0.00944	0.00383	0.00307	0.00787
7	0.00938	0.00633	0.00736	0.00736	0.00747	0.00644	0.00431	0.00960	0.00949	0.01276	0.02007	0.04068	0.02280	0.70432	0.10054	0.00665	0.00731	0.00916	0.00387	0.00409
8	0.01755	0.74680	0.03323	0.01128	0.01672	0.05459	0.01111	0.01961	0.01334	0.01523	0.00902	0.01042	0.00829	0.00557	0.00421	0.00139	0.00710	0.00348	0.00279	0.00826
9	0.00811	0.00656	0.00721	0.00704	0.00902	0.00566	0.00528	0.01019	0.01585	0.02012	0.27481	0.05779	0.51898	0.01537	0.00763	0.00213	0.00320	0.01302	0.00635	0.00566
10	0.01414	0.01414	0.01979	0.01696	0.01696	0.01979	0.01414	0.01555	0.00990	0.01555	0.00848	0.01414	0.00848	0.01131	0.02120	0.00283	0.76110	0.00565	0.00283	0.00707
11	0.01590	0.01339	0.01420	0.01262	0.01620	0.01522	0.00986	0.08822	0.58233	0.02755	0.06707	0.02698	0.06304	0.00938	0.00669	0.00216	0.00506	0.00780	0.00656	0.00978
12	0.00952	0.00700	0.00896	0.00840	0.01004	0.00664	0.00632	0.01340	0.05651	0.02597	0.69098	0.04695	0.05872	0.01297	0.00756	0.00204	0.00316	0.01145	0.00708	0.00632
13	0.02400	0.01766	0.01893	0.01458	0.01955	0.01952	0.01197	0.68495	0.02960	0.03967	0.01569	0.01651	0.01145	0.03624	0.00745	0.00210	0.00708	0.00595	0.00637	0.01072
14	0.01279	0.01053	0.01224	0.01262	0.01462	0.05798	0.01063	0.04850	0.11008	0.02075	0.02893	0.05522	0.02967	0.01673	0.04552	0.00310	0.03462	0.46294	0.00565	0.00688
15	0.00924	0.00666	0.00792	0.00760	0.00926	0.00598	0.00556	0.01141	0.01597	0.04330	0.38687	0.06997	0.28357	0.09599	0.01032	0.00255	0.00356	0.01212	0.00639	0.00577
16	0.01525	0.01743	0.03813	0.02723	0.03377	0.01634	0.70915	0.02070	0.01525	0.02070	0.01307	0.01743	0.00980	0.00545	0.00763	0.00218	0.01089	0.00763	0.00327	0.00871
17	0.02155	0.00944	0.01156	0.00945	0.01300	0.00883	0.00762	0.07536	0.01731	0.38613	0.02290	0.02239	0.01586	0.00778	0.00566	0.00179	0.00458	0.00625	0.34363	0.00891
18	0.04962	0.00696	0.00813	0.00811	0.00960	0.00659	0.00581	0.01202	0.03529	0.03990	0.26835	0.20846	0.18976	0.10960	0.01067	0.00273	0.00388	0.01263	0.00608	0.00580
19	0.00844	0.00651	0.00770	0.00754	0.00925	0.00577	0.00560	0.01077	0.01641	0.02178	0.40790	0.10578	0.33323	0.01501	0.00767	0.00214	0.00319	0.01296	0.00658	0.00577
20	0.02066	0.01506	0.01601	0.01289	0.01709	0.01668	0.01045	0.45727	0.15232	0.03511	0.01852	0.01869	0.01362	0.00790	0.00612	0.00190	0.00598	0.00613	0.15771	0.00991
21	0.01047	0.00879	0.00901	0.00951	0.01065	0.08326	0.00689	0.01221	0.01418	0.01837	0.15013	0.32079	0.07876	0.09966	0.01048	0.00279	0.00495	0.09895	0.04453	0.00562
22	0.09353	0.00946	0.01139	0.01022	0.01288	0.00996	0.00799	0.05741	0.08789	0.15421	0.04981	0.02813	0.09288	0.06584	0.25135	0.02781	0.00909	0.00747	0.00526	0.00741
23	0.01051	0.00752	0.00907	0.00928	0.01096	0.00727	0.00687	0.03319	0.08648	0.05568	0.12456	0.34746	0.18651	0.01626	0.00778	0.00239	0.00404	0.06148	0.00630	0.00640
24	0.01013	0.00739	0.00846	0.00839	0.01036	0.00689	0.00620	0.01368	0.09123	0.06382	0.14191	0.22794	0.34839	0.01555	0.00760	0.00226	0.00370	0.01341	0.00634	0.00635
25	0.01504	0.00739	0.01023	0.00964	0.01143	0.00694	0.00721	0.01556	0.01295	0.21531	0.02534	0.17589	0.06673	0.01976	0.08164	0.25504	0.00616	0.04621	0.00532	0.00619
26	0.01340	0.01148	0.01340	0.00957	0.01531	0.00861	0.00766	0.01627	0.01340	0.02105	0.01148	0.01340	0.00957	0.00479	0.00479	0.00096	0.00479	0.00383	0.00383	0.81242
27	0.01132	0.00917	0.01020	0.00966	0.01201	0.00947	0.00730	0.04458	0.23770	0.02318	0.20167	0.14748	0.22392	0.01347	0.00734	0.00220	0.00401	0.01158	0.00646	0.00729
28	0.00806	0.00590	0.00761	0.00880	0.00953	0.00545	0.00611	0.00947	0.01317	0.01737	0.08361	0.59809	0.12788	0.01919	0.00817	0.00255	0.00377	0.05384	0.00607	0.00537
29	0.01351	0.01051	0.01366	0.11029	0.05596	0.03095	0.03595	0.06129	0.12069	0.04894	0.02035	0.13063	0.01983	0.21226	0.01534	0.07325	0.00641	0.00877	0.00463	0.00677
30	0.01047	0.00918	0.02888	0.03869	0.01438	0.00882	0.06190	0.03606	0.12274	0.01940	0.03400	0.44096	0.11746	0.01563	0.00770	0.00242	0.00487	0.01408	0.00570	0.00666
31	0.01464	0.01305	0.01401	0.01029	0.01585	0.05646	0.00820	0.05148	0.01456	0.02170	0.01159	0.01339	0.00956	0.00505	0.00494	0.00105	0.00534	0.00395	0.00393	0.72097
32	0.01292	0.00889	0.01028	0.01024	0.01182	0.05697	0.00778	0.01486	0.01472	0.11480	0.15227	0.22620	0.03550	0.11642	0.01148	0.00294	0.02266	0.15700	0.00592	0.00633

[dist]
# distance from previous block
# <min> <max>
1	3

[block]
# block no. 4 follows, 34 sequences, length 88
# corresponding to MSA columns:
# 126-213
name=unknown_E
#
# <colnr> <probs for GDERKNQSTAVLIFYWHMCP>
#	G	D	E	R	K	N	Q	S	T	A	V	L	I	F	Y	W	H	M	C	P
0	0.00974	0.00733	0.00930	0.00984	0.01096	0.00763	0.00704	0.03275	0.10373	0.01865	0.06593	0.46439	0.03462	0.04297	0.13892	0.00398	0.00644	0.01399	0.00564	0.00615
1	0.02206	0.09364	0.05152	0.01568	0.02017	0.40950	0.03628	0.17768	0.01989	0.02208	0.01142	0.01281	0.00905	0.00660	0.00582	0.00168	0.00960	0.00459	0.00399	0.06596
2	0.00848	0.00646	0.00779	0.00771	0.00931	0.00577	0.00569	0.01081	0.01635	0.02189	0.41937	0.14376	0.28283	0.01515	0.00771	0.00216	0.00321	0.01318	0.00660	0.00577
3	0.01565	0.00836	0.01080	0.00940	0.01196	0.00782	0.00721	0.01904	0.05859	0.24248	0.34805	0.03750	0.05647	0.09318	0.04192	0.00284	0.00489	0.00943	0.00683	0.00759
4	0.10227	0.01408	0.01466	0.01283	0.01671	0.01604	0.01017	0.13165	0.50270	0.04959	0.02310	0.02281	0.01751	0.00858	0.00635	0.00215	0.00543	0.02717	0.00631	0.00989
5	0.00926	0.00682	0.00987	0.00987	0.01085	0.00780	0.00743	0.01121	0.01023	0.01462	0.01778	0.02799	0.01729	0.16024	0.63709	0.00975	0.01560	0.00730	0.00353	0.00548
6	0.01398	0.01241	0.02019	0.05853	0.06681	0.01371	0.16401	0.04049	0.10740	0.04159	0.04032	0.02083	0.01444	0.01806	0.18043	0.04747	0.12072	0.00685	0.00402	0.00774
7	0.03922	0.40090	0.02592	0.01363	0.01802	0.32729	0.01169	0.04197	0.01565	0.01653	0.00958	0.01117	0.00836	0.00625	0.00543	0.00158	0.03182	0.00389	0.00314	0.00797
8	0.01650	0.15828	0.25323	0.01449	0.02081	0.01721	0.01507	0.17271	0.01691	0.02372	0.01171	0.01346	0.00912	0.00656	0.00686	0.00176	0.07073	0.00466	0.00378	0.16240
9	0.00954	0.00723	0.01121	0.03416	0.01280	0.00786	0.04503	0.01131	0.01090	0.01520	0.02025	0.17038	0.02093	0.08901	0.43761	0.06550	0.01242	0.00924	0.00391	0.00552
10	0.01958	0.01282	0.01302	0.01095	0.01436	0.08138	0.00868	0.17394	0.07977	0.17746	0.08993	0.02296	0.01908	0.00826	0.00597	0.00183	0.00544	0.00657	0.23936	0.00867
11	0.02416	0.01697	0.01837	0.01416	0.01912	0.01858	0.01167	0.62845	0.02868	0.08510	0.01647	0.01641	0.01162	0.00776	0.00636	0.00192	0.00678	0.00587	0.05085	0.01071
12	0.00990	0.00707	0.00983	0.01132	0.01258	0.00700	0.00953	0.01251	0.01437	0.01877	0.03449	0.21200	0.03830	0.01833	0.00879	0.00290	0.00551	0.55502	0.00596	0.00581
13	0.01212	0.00743	0.00962	0.00877	0.01083	0.00686	0.00668	0.01545	0.04190	0.12749	0.54324	0.08127	0.07730	0.01279	0.00746	0.00207	0.00352	0.01121	0.00712	0.00688
14	0.02514	0.01501	0.01722	0.01344	0.01836	0.01574	0.01102	0.38303	0.10933	0.29160	0.02043	0.01890	0.01386	0.00797	0.00649	0.00199	0.00628	0.00624	0.00703	0.01090
15	0.02747	0.01344	0.01651	0.01266	0.01771	0.01312	0.01045	0.26538	0.02258	0.49743	0.02206	0.01976	0.01427	0.00791	0.00649	0.00198	0.00605	0.00626	0.00747	0.01099
16	0.00918	0.00700	0.00891	0.00929	0.01039	0.00699	0.00674	0.01222	0.06491	0.02024	0.24837	0.39340	0.09195	0.01655	0.00848	0.00240	0.03646	0.03431	0.00624	0.00598
17	0.02044	0.01490	0.01641	0.01368	0.01791	0.01643	0.01116	0.35043	0.25931	0.08859	0.02206	0.02549	0.01732	0.00927	0.00679	0.00215	0.00618	0.08476	0.00656	0.01016
18	0.01320	0.00759	0.00914	0.00859	0.01084	0.00702	0.00665	0.04127	0.01608	0.14302	0.16033	0.13655	0.19209	0.01305	0.00700	0.00211	0.00396	0.06057	0.15409	0.00683
19	0.81856	0.01250	0.00950	0.00850	0.01250	0.01449	0.00700	0.01899	0.01100	0.02899	0.00900	0.01050	0.00700	0.00600	0.00400	0.00200	0.00500	0.00350	0.00400	0.00700
20	0.00923	0.00692	0.01038	0.01038	0.01154	0.00808	0.00808	0.01154	0.01038	0.01500	0.01731	0.02538	0.01615	0.04846	0.74732	0.01038	0.01731	0.00692	0.00346	0.00577
21	0.00940	0.00626	0.00705	0.00705	0.00705	0.00626	0.00392	0.00940	0.00940	0.01253	0.02036	0.04228	0.02349	0.77292	0.03289	0.00626	0.00626	0.00940	0.00392	0.00392
22	0.00826	0.00625	0.00767	0.00829	0.00955	0.00566	0.00603	0.01009	0.01451	0.01896	0.18818	0.34836	0.25686	0.01741	0.00798	0.00239	0.00363	0.06814	0.00623	0.00554
23	0.01122	0.00561	0.00842	0.00842	0.00842	0.00561	0.00561	0.00842	0.00842	0.01122	0.01122	0.01964	0.01122	0.02245	0.02525	0.81201	0.00561	0.00561	0.00281	0.00281
24	0.01727	0.77681	0.03386	0.01106	0.01658	0.02557	0.01106	0.01935	0.01313	0.01520	0.00898	0.01036	0.00829	0.00553	0.00415	0.00138	0.00691	0.00345	0.00276	0.00829
25	0.00844	0.00589	0.00758	0.00868	0.00929	0.00555	0.00595	0.00983	0.01283	0.01745	0.08406	0.55782	0.06418	0.07923	0.00999	0.00282	0.00396	0.05086	0.05033	0.00529
26	0.06353	0.00846	0.01017	0.00977	0.01179	0.00905	0.00747	0.03533	0.11011	0.04489	0.08721	0.11327	0.13702	0.04367	0.27274	0.00523	0.00896	0.00949	0.00517	0.00667
27	0.00873	0.00658	0.00813	0.00820	0.00978	0.00598	0.00624	0.01117	0.01628	0.02181	0.39185	0.13149	0.24342	0.01536	0.00784	0.00224	0.00351	0.08902	0.00655	0.00581
28	0.01204	0.00602	0.00602	0.00602	0.00753	0.00602	0.00452	0.01506	0.01355	0.02409	0.02108	0.02409	0.01656	0.00753	0.00452	0.00151	0.00301	0.00602	0.80879	0.00602
29	0.01002	0.00701	0.00855	0.00886	0.01042	0.00665	0.00659	0.01317	0.06512	0.05108	0.16996	0.29986	0.18091	0.01590	0.00768	0.00234	0.00387	0.07817	0.04766	0.00616
30	0.01388	0.01342	0.04154	0.37824	0.27264	0.01442	0.01737	0.04387	0.05061	0.01962	0.01420	0.06587	0.01203	0.00728	0.00655	0.00210	0.00777	0.00662	0.00350	0.00846
31	0.01317	0.01296	0.01487	0.01359	0.01459	0.11727	0.01080	0.01497	0.01130	0.01523	0.01311	0.01985	0.01246	0.05356	0.34921	0.00621	0.29104	0.00615	0.00322	0.00643
32	0.00928	0.00646	0.00823	0.00833	0.00892	0.00681	0.00564	0.01038	0.01035	0.01439	0.02207	0.08799	0.04847	0.39507	0.28783	0.00714	0.00983	0.00915	0.03884	0.00483
33	0.02015	0.01899	0.06805	0.06099	0.27053	0.13148	0.01580	0.19171	0.01915	0.09169	0.01368	0.01559	0.01038	0.00687	0.00688	0.00195	0.03646	0.00552	0.00441	0.00974
34	0.00816	0.00592	0.00755	0.00858	0.00926	0.00549	0.00585	0.00949	0.01303	0.01727	0.10359	0.54642	0.11805	0.07741	0.01005	0.00281	0.00389	0.03595	0.00594	0.00527
35	0.00929	0.00669	0.00919	0.00919	0.00993	0.00743	0.00659	0.01077	0.01003	0.01412	0.01840	0.03142	0.01877	0.30711	0.49225	0.00891	0.01336	0.00781	0.00362	0.00511
36	0.81856	0.01250	0.00950	0.00850	0.01250	0.01449	0.00700	0.01899	0.01100	0.02899	0.00900	0.01050	0.00700	0.00600	0.00400	0.00200	0.00500	0.00350	0.00400	0.00700
37	0.00950	0.00670	0.00805	0.00806	0.00933	0.00604	0.00547	0.01053	0.01242	0.03338	0.07534	0.27479	0.16155	0.21605	0.01511	0.04497	0.00452	0.01242	0.00520	0.08061
38	0.30111	0.02223	0.31552	0.01693	0.02379	0.01513	0.17744	0.01999	0.01307	0.02356	0.01101	0.01340	0.00814	0.00593	0.00572	0.00206	0.00824	0.00498	0.00331	0.00844
39	0.00940	0.00626	0.00705	0.00705	0.00705	0.00626	0.00392	0.00940	0.00940	0.01253	0.02036	0.04228	0.02349	0.77292	0.03289	0.00626	0.00626	0.00940	0.00392	0.00392
40	0.00926	0.00693	0.00863	0.00953	0.01044	0.00695	0.00664	0.01290	0.11257	0.01835	0.06915	0.56433	0.03921	0.05847	0.00932	0.00274	0.00411	0.03849	0.00602	0.00595
41	0.35404	0.01037	0.01057	0.00912	0.01260	0.01060	0.00718	0.02038	0.01362	0.24974	0.02239	0.06188	0.08368	0.09741	0.00872	0.00254	0.00507	0.00688	0.00555	0.00767
42	0.01414	0.01414	0.01979	0.01696	0.01696	0.01979	0.01414	0.01555	0.00990	0.01555	0.00848	0.01414	0.00848	0.01131	0.02120	0.00283	0.76110	0.00565	0.00283	0.00707
43	0.05479	0.01072	0.01422	0.01104	0.01577	0.00944	0.00909	0.02999	0.01792	0.66659	0.02464	0.02174	0.01572	0.00790	0.00628	0.00197	0.00532	0.00636	0.05995	0.01054
44	0.01038	0.00671	0.00831	0.00834	0.01002	0.00597	0.00608	0.01228	0.01519	0.09601	0.21756	0.30590	0.24086	0.01606	0.00773	0.00228	0.00362	0.01407	0.00649	0.00613
45	0.37320	0.01224	0.01232	0.01021	0.01430	0.01301	0.00833	0.14126	0.01711	0.19803	0.09831	0.02017	0.04063	0.00796	0.00556	0.00200	0.00520	0.00589	0.00580	0.00848
46	0.02558	0.01647	0.01838	0.01409	0.01922	0.01762	0.01164	0.55499	0.02765	0.20066	0.01780	0.01700	0.01214	0.00781	0.00647	0.00195	0.00674	0.00597	0.00682	0.01099
47	0.00839	0.00605	0.00786	0.00902	0.00960	0.00577	0.00613	0.01018	0.03452	0.01743	0.09094	0.62335	0.04219	0.06484	0.00966	0.00279	0.00395	0.03593	0.00598	0.00541
48	0.01201	0.00792	0.01119	0.01064	0.01242	0.00870	0.00840	0.05185	0.01301	0.08646	0.06947	0.02821	0.01996	0.03852	0.55118	0.00820	0.01411	0.03671	0.00443	0.00659
49	0.08189	0.00723	0.00874	0.00814	0.01000	0.00692	0.00618	0.01338	0.01737	0.04645	0.59939	0.04365	0.07247	0.01230	0.00715	0.00201	0.00330	0.01065	0.03649	0.00630
50	0.01095	0.00794	0.00949	0.00962	0.01097	0.00804	0.00721	0.07415	0.04483	0.01903	0.05423	0.14164	0.09875	0.26264	0.01616	0.00377	0.00548	0.20388	0.00541	0.00579
51	0.10808	0.00809	0.00918	0.00920	0.01101	0.00824	0.00674	0.01553	0.10099	0.06576	0.12406	0.31150	0.07451	0.06207	0.00874	0.00255	0.00425	0.02967	0.03333	0.00652
52	0.01124	0.00755	0.00903	0.00885	0.01068	0.00720	0.00659	0.06256	0.03389	0.06698	0.19262	0.26960	0.17721	0.01489	0.00744	0.00223	0.00389	0.03245	0.06864	0.00646
53	0.03914	0.01463	0.01597	0.01284	0.01732	0.01566	0.01037	0.34131	0.19612	0.09349	0.06312	0.02147	0.04143	0.00835	0.00640	0.00193	0.00585	0.00664	0.00635	0.08162
54	0.00787	0.00562	0.00750	0.00900	0.00937	0.00525	0.00600	0.00900	0.01237	0.01649	0.03561	0.76871	0.04274	0.02024	0.00825	0.00262	0.00375	0.01837	0.00600	0.00525
55	0.01400	0.01239	0.01837	0.31205	0.16690	0.01412	0.01506	0.07412	0.11044	0.02092	0.01816	0.04251	0.03839	0.00992	0.03453	0.00249	0.02760	0.05565	0.00415	0.00824
56	0.01340	0.01148	0.01340	0.00957	0.01531	0.00861	0.00766	0.01627	0.01340	0.02105	0.01148	0.01340	0.00957	0.00479	0.00479	0.00096	0.00479	0.00383	0.00383	0.81242
57	0.01213	0.00761	0.00894	0.00846	0.00956	0.00760	0.00577	0.06622	0.01322	0.06894	0.08609	0.06167	0.02665	0.46737	0.02253	0.00462	0.00571	0.06344	0.04799	0.00548
58	0.01272	0.00682	0.00755	0.00717	0.00885	0.00686	0.00539	0.03873	0.01419	0.05997	0.07359	0.02689	0.02012	0.06581	0.06451	0.00261	0.00462	0.00677	0.56053	0.00628
59	0.01477	0.01666	0.03613	0.02605	0.03218	0.01562	0.66341	0.01994	0.01506	0.02042	0.01454	0.06630	0.01195	0.00641	0.00767	0.00221	0.01043	0.00832	0.00345	0.00849
60	0.01808	0.01383	0.01590	0.01214	0.01701	0.06026	0.03952	0.14861	0.01802	0.12388	0.07800	0.01817	0.01520	0.00688	0.00625	0.00153	0.02765	0.00551	0.00510	0.36845
61	0.01117	0.00563	0.00838	0.00838	0.00838	0.00563	0.00556	0.00845	0.00845	0.01126	0.01150	0.02034	0.01160	0.04551	0.02549	0.78725	0.00563	0.00573	0.00284	0.00284
62	0.00963	0.00679	0.00798	0.00766	0.00964	0.00595	0.00575	0.01183	0.01619	0.06748	0.31896	0.10461	0.37419	0.01487	0.00760	0.00214	0.00336	0.01275	0.00656	0.00605
63	0.67294	0.01251	0.01038	0.00885	0.01314	0.01376	0.00725	0.03886	0.01193	0.02813	0.00957	0.01108	0.00751	0.00587	0.00419	0.00184	0.00503	0.00362	0.00404	0.12951
64	0.01526	0.01460	0.02490	0.17856	0.59945	0.01516	0.01946	0.01919	0.01437	0.02022	0.01202	0.01623	0.00992	0.00589	0.00641	0.00196	0.00786	0.00575	0.00314	0.00964
65	0.00938	0.00632	0.00734	0.00734	0.00744	0.00642	0.00428	0.00959	0.00948	0.01275	0.02009	0.04079	0.02284	0.70888	0.09604	0.00663	0.00724	0.00918	0.00388	0.00408
66	0.00791	0.00565	0.00753	0.00897	0.00938	0.00527	0.00600	0.00909	0.01255	0.01678	0.05673	0.74677	0.04329	0.02003	0.00823	0.00261	0.00373	0.01817	0.00603	0.00527
67	0.00928	0.00713	0.00821	0.00837	0.01001	0.00663	0.00608	0.06650	0.01548	0.01994	0.12599	0.33633	0.32267	0.01684	0.00778	0.00232	0.00375	0.01465	0.00616	0.00590
68	0.00934	0.00648	0.00814	0.00812	0.00853	0.00682	0.00528	0.01016	0.01003	0.01379	0.04564	0.03728	0.02261	0.52095	0.25272	0.00738	0.00956	0.00872	0.00389	0.00457
69	0.01296	0.03342	0.73944	0.01842	0.02797	0.01501	0.02387	0.02046	0.01364	0.02046	0.01160	0.01364	0.00818	0.00614	0.00614	0.00205	0.00955	0.00477	0.00273	0.00955
70	0.02832	0.01083	0.01476	0.01142	0.01627	0.00936	0.00939	0.03078	0.01830	0.71439	0.02581	0.04552	0.01684	0.00838	0.00655	0.00202	0.00544	0.00687	0.00793	0.01082
71	0.02456	0.01810	0.01939	0.01487	0.02004	0.02004	0.01228	0.71107	0.03038	0.04072	0.01551	0.01551	0.01099	0.00776	0.00646	0.00194	0.00711	0.00582	0.00646	0.01099
72	0.01607	0.01388	0.01461	0.01315	0.01680	0.01607	0.01023	0.03433	0.72094	0.02703	0.02630	0.02411	0.01972	0.00877	0.00657	0.00219	0.00511	0.00731	0.00657	0.01023
73	0.01340	0.01148	0.01340	0.00957	0.01531	0.00861	0.00766	0.01627	0.01340	0.02105	0.01148	0.01340	0.00957	0.00479	0.00479	0.00096	0.00479	0.00383	0.00383	0.81242
74	0.00922	0.00619	0.00710	0.00727	0.00731	0.00615	0.00415	0.00935	0.00974	0.01298	0.02211	0.12562	0.02570	0.68658	0.03006	0.00585	0.00598	0.01043	0.00415	0.00407
75	0.00914	0.00660	0.00864	0.00813	0.00965	0.00610	0.00610	0.01219	0.01829	0.02591	0.72921	0.04827	0.06097	0.01321	0.00762	0.00203	0.00305	0.01169	0.00711	0.00610
76	0.02414	0.03079	0.01831	0.01665	0.01998	0.74698	0.01248	0.02580	0.01831	0.01581	0.00999	0.01165	0.00832	0.00666	0.00583	0.00166	0.01165	0.00416	0.00333	0.00749
77	0.01074	0.01030	0.00913	0.00878	0.01098	0.11271	0.00665	0.01327	0.03737	0.01967	0.21968	0.05069	0.41483	0.01401	0.00739	0.00210	0.00457	0.03516	0.00591	0.00607
78	0.02414	0.03079	0.01831	0.01665	0.01998	0.74698	0.01248	0.02580	0.01831	0.01581	0.00999	0.01165	0.00832	0.00666	0.00583	0.00166	0.01165	0.00416	0.00333	0.00749
79	0.01111	0.00565	0.00833	0.00833	0.00833	0.00565	0.00551	0.00848	0.00848	0.01130	0.01179	0.02104	0.01198	0.06866	0.02572	0.76239	0.00565	0.00584	0.00287	0.00287
80	0.00932	0.00658	0.00867	0.00867	0.00923	0.00714	0.00594	0.01044	0.00988	0.01373	0.01888	0.03407	0.01993	0.42100	0.37993	0.00827	0.01163	0.00819	0.00369	0.00482
81	0.00810	0.00681	0.00706	0.00696	0.00911	0.00590	0.00523	0.01048	0.03976	0.01875	0.13963	0.05927	0.62909	0.01574	0.00760	0.00217	0.00331	0.01319	0.00615	0.00569
82	0.01543	0.01083	0.01223	0.01090	0.01412	0.01109	0.00882	0.16217	0.13903	0.10289	0.05914	0.04304	0.24323	0.01253	0.00731	0.00224	0.00507	0.12538	0.00644	0.00812
83	0.01529	0.01725	0.03692	0.02651	0.03290	0.01633	0.67317	0.02140	0.05158	0.02102	0.01375	0.01777	0.01031	0.00562	0.00757	0.00218	0.01060	0.00761	0.00344	0.00879
84	0.00849	0.00578	0.00749	0.00870	0.00930	0.00545	0.00597	0.01000	0.01294	0.01800	0.07597	0.62049	0.04073	0.01832	0.00781	0.00247	0.00369	0.03675	0.09623	0.00541
85	0.02221	0.01796	0.01702	0.01413	0.01839	0.14515	0.01123	0.31116	0.20338	0.11361	0.01922	0.04566	0.01452	0.00831	0.00645	0.00199	0.00708	0.00645	0.00610	0.00997
86	0.03907	0.05404	0.02036	0.39901	0.14984	0.01514	0.01589	0.05678	0.04125	0.10015	0.01363	0.01705	0.01019	0.00678	0.00678	0.00206	0.03394	0.00570	0.00386	0.00848
87	0.30292	0.05245	0.01591	0.01575	0.14483	0.01455	0.01065	0.10767	0.05368	0.05702	0.01407	0.03964	0.01171	0.00860	0.03283	0.00221	0.00630	0.02248	0.00449	0.08224

[dist]
# distance from previous block
# <min> <max>
1	16

[block]
# block no. 5 follows, 34 sequences, length 43
# corresponding to MSA columns:
# 230-272
name=unknown_F
#
# <colnr> <probs for GDERKNQSTAVLIFYWHMCP>
#	G	D	E	R	K	N	Q	S	T	A	V	L	I	F	Y	W	H	M	C	P
0	0.01812	0.01393	0.01476	0.04515	0.01728	0.11115	0.02922	0.05873	0.08384	0.15349	0.07160	0.01977	0.01615	0.00715	0.00585	0.00163	0.00607	0.00579	0.07557	0.24474
1	0.01228	0.00888	0.01161	0.01223	0.09488	0.00840	0.00818	0.06714	0.01794	0.06958	0.39511	0.04135	0.16427	0.01180	0.00718	0.00200	0.00414	0.01023	0.02352	0.02929
2	0.00874	0.00659	0.00808	0.00770	0.00940	0.00592	0.00578	0.01141	0.01733	0.02364	0.55112	0.05200	0.24047	0.01406	0.00763	0.00207	0.00311	0.01221	0.00681	0.00592
3	0.01340	0.01148	0.01340	0.00957	0.01531	0.00861	0.00766	0.01627	0.01340	0.02105	0.01148	0.01340	0.00957	0.00479	0.00479	0.00096	0.00479	0.00383	0.00383	0.81242
4	0.01288	0.01019	0.03140	0.06773	0.01571	0.03743	0.00957	0.01783	0.12392	0.08000	0.09897	0.21655	0.03131	0.03451	0.00823	0.00249	0.00545	0.16198	0.00581	0.02802
5	0.01133	0.00621	0.00912	0.04224	0.01041	0.00641	0.00636	0.00984	0.03718	0.01230	0.01279	0.04916	0.01268	0.02110	0.02300	0.71157	0.00565	0.00619	0.00308	0.00339
6	0.00879	0.00616	0.00735	0.00770	0.00820	0.00589	0.00488	0.00966	0.01191	0.01590	0.12631	0.24690	0.09524	0.39317	0.02036	0.00431	0.00486	0.01258	0.00512	0.00472
7	0.02332	0.02933	0.01794	0.01611	0.01962	0.69094	0.01212	0.02508	0.01794	0.01621	0.01010	0.01178	0.00842	0.00652	0.00575	0.00161	0.01113	0.00414	0.00337	0.06859
8	0.01378	0.00765	0.01004	0.00914	0.01141	0.00695	0.00711	0.01639	0.01716	0.19071	0.39763	0.07370	0.08994	0.04698	0.00864	0.00233	0.00407	0.07235	0.00695	0.00706
9	0.00819	0.00610	0.00755	0.00816	0.00921	0.00554	0.00570	0.00986	0.01425	0.01888	0.21209	0.40517	0.20199	0.04541	0.00886	0.00251	0.00356	0.01533	0.00620	0.00545
10	0.02414	0.03079	0.01831	0.01665	0.01998	0.74698	0.01248	0.02580	0.01831	0.01581	0.00999	0.01165	0.00832	0.00666	0.00583	0.00166	0.01165	0.00416	0.00333	0.00749
11	0.81856	0.01250	0.00950	0.00850	0.01250	0.01449	0.00700	0.01899	0.01100	0.02899	0.00900	0.01050	0.00700	0.00600	0.00400	0.00200	0.00500	0.00350	0.00400	0.00700
12	0.00958	0.00627	0.00817	0.00876	0.00980	0.00576	0.00612	0.01121	0.01412	0.06652	0.18555	0.49666	0.08975	0.03913	0.00866	0.00253	0.00376	0.01557	0.00631	0.00579
13	0.00885	0.00593	0.00752	0.00862	0.00940	0.00562	0.00610	0.01056	0.01316	0.01850	0.06698	0.52244	0.06407	0.01742	0.00763	0.00242	0.00377	0.07443	0.14109	0.00549
14	0.00787	0.00562	0.00750	0.00900	0.00937	0.00525	0.00600	0.00900	0.01237	0.01649	0.03561	0.76871	0.04274	0.02024	0.00825	0.00262	0.00375	0.01837	0.00600	0.00525
15	0.00901	0.00663	0.00858	0.00971	0.01091	0.00630	0.00764	0.01100	0.01380	0.01775	0.04010	0.29261	0.17272	0.05221	0.00953	0.00286	0.00474	0.31248	0.00588	0.00554
16	0.06966	0.01012	0.01185	0.01049	0.01348	0.01023	0.00809	0.07302	0.14812	0.20425	0.13619	0.16531	0.05992	0.03966	0.00787	0.00232	0.00474	0.00982	0.00661	0.00826
17	0.01240	0.01003	0.01145	0.01049	0.01302	0.01079	0.00804	0.02261	0.34898	0.02644	0.39839	0.03690	0.04156	0.01112	0.00713	0.00211	0.00402	0.00962	0.00686	0.00804
18	0.00940	0.00626	0.00705	0.00705	0.00705	0.00626	0.00392	0.00940	0.00940	0.01253	0.02036	0.04228	0.02349	0.77292	0.03289	0.00626	0.00626	0.00940	0.00392	0.00392
19	0.04771	0.00656	0.00716	0.00712	0.00731	0.00665	0.00406	0.00985	0.00947	0.01331	0.01982	0.04078	0.02271	0.73661	0.03152	0.00606	0.00620	0.00912	0.00392	0.00406
20	0.04347	0.00905	0.01005	0.00942	0.01143	0.00945	0.00698	0.12163	0.09445	0.02403	0.13530	0.20189	0.06702	0.09869	0.00975	0.00258	0.00451	0.01054	0.12290	0.00685
21	0.00935	0.00688	0.00878	0.00825	0.00989	0.00645	0.00620	0.01292	0.04530	0.02559	0.67318	0.04794	0.08845	0.01317	0.00758	0.00204	0.00314	0.01160	0.00704	0.00623
22	0.01220	0.01148	0.01938	0.75739	0.04450	0.01436	0.01794	0.01651	0.01292	0.01651	0.01148	0.01723	0.00861	0.00646	0.00646	0.00215	0.00861	0.00574	0.00287	0.00718
23	0.00767	0.00640	0.00670	0.00694	0.00883	0.00542	0.00508	0.00923	0.01435	0.01730	0.06064	0.17619	0.61910	0.01699	0.00774	0.00225	0.00335	0.01440	0.00600	0.00542
24	0.01022	0.00644	0.00793	0.00787	0.00933	0.00600	0.00578	0.01274	0.01576	0.05153	0.35280	0.19472	0.08982	0.01343	0.00702	0.00205	0.00330	0.01175	0.18545	0.00606
25	0.01122	0.00561	0.00842	0.00842	0.00842	0.00561	0.00561	0.00842	0.00842	0.01122	0.01122	0.01964	0.01122	0.02245	0.02525	0.81201	0.00561	0.00561	0.00281	0.00281
26	0.81856	0.01250	0.00950	0.00850	0.01250	0.01449	0.00700	0.01899	0.01100	0.02899	0.00900	0.01050	0.00700	0.00600	0.00400	0.00200	0.00500	0.00350	0.00400	0.00700
27	0.01315	0.01010	0.01074	0.00975	0.01140	0.03479	0.00692	0.10230	0.13538	0.02034	0.07531	0.03362	0.04976	0.35279	0.01953	0.03508	0.02777	0.00837	0.03656	0.00636
28	0.01279	0.00983	0.01076	0.00987	0.01259	0.00998	0.00764	0.13298	0.14178	0.04326	0.08151	0.13768	0.30982	0.01373	0.00735	0.00222	0.00446	0.03806	0.00630	0.00741
29	0.07013	0.01088	0.01436	0.01113	0.01594	0.00963	0.00917	0.03020	0.01791	0.67220	0.02445	0.02146	0.01554	0.00787	0.00629	0.00198	0.00538	0.00632	0.03857	0.01059
30	0.01327	0.01236	0.01281	0.01144	0.01404	0.11547	0.05168	0.08361	0.07906	0.02234	0.19529	0.15364	0.18374	0.01266	0.00726	0.00212	0.00552	0.01088	0.00580	0.00703
31	0.04942	0.00915	0.01064	0.00956	0.01203	0.00902	0.00720	0.10365	0.05003	0.13924	0.15095	0.16317	0.13649	0.10755	0.01035	0.00267	0.00470	0.01070	0.00625	0.00723
32	0.01026	0.00712	0.00843	0.00858	0.01042	0.00652	0.00643	0.03841	0.01470	0.07271	0.04671	0.27871	0.34979	0.01812	0.03995	0.00271	0.00455	0.06375	0.00605	0.00607
33	0.00825	0.00592	0.00777	0.00899	0.00955	0.00561	0.00620	0.00956	0.01260	0.01676	0.06066	0.58644	0.06842	0.07527	0.03151	0.00310	0.00445	0.06786	0.00581	0.00526
34	0.04996	0.13029	0.01266	0.00879	0.01097	0.01043	0.00677	0.04377	0.03163	0.03925	0.12796	0.12630	0.12853	0.19222	0.01280	0.00303	0.00501	0.02748	0.02593	0.00622
35	0.01209	0.01061	0.01727	0.21480	0.20375	0.01180	0.03251	0.01516	0.01226	0.01711	0.01459	0.02211	0.01310	0.09827	0.23506	0.00502	0.02554	0.00654	0.02522	0.00720
36	0.01506	0.01945	0.12810	0.02525	0.06769	0.04526	0.50091	0.02028	0.01474	0.02008	0.01270	0.01681	0.00975	0.00751	0.03686	0.00247	0.03828	0.00691	0.00319	0.00868
37	0.00956	0.00689	0.00911	0.01001	0.01127	0.00667	0.00807	0.01191	0.01455	0.01919	0.14639	0.15093	0.09764	0.09321	0.01094	0.00305	0.00503	0.37401	0.00594	0.00564
38	0.01080	0.00580	0.00843	0.00843	0.00862	0.00586	0.00570	0.00878	0.00890	0.01188	0.01446	0.02319	0.04104	0.06949	0.08760	0.66189	0.00657	0.00627	0.00306	0.00323
39	0.01456	0.03726	0.05071	0.11120	0.34697	0.05795	0.06799	0.01810	0.01446	0.01953	0.05329	0.05622	0.04575	0.00803	0.00756	0.00207	0.05400	0.02215	0.00364	0.00857
40	0.01357	0.01473	0.15182	0.01426	0.01885	0.01082	0.14254	0.03606	0.04700	0.09659	0.22761	0.03240	0.11945	0.01114	0.03193	0.00236	0.00670	0.00884	0.00535	0.00796
41	0.01254	0.01006	0.01637	0.42794	0.09218	0.01171	0.01389	0.03266	0.01206	0.01582	0.01156	0.01787	0.00968	0.01170	0.01265	0.26902	0.00750	0.00570	0.00297	0.00611
42	0.07816	0.36947	0.02440	0.01260	0.01644	0.06698	0.01119	0.07735	0.03395	0.03548	0.01106	0.01345	0.00960	0.01052	0.06847	0.00253	0.14225	0.00456	0.00350	0.00806

[dist]
# distance from previous block
# <min> <max>
0	1

[block]
# block no. 6 follows, 34 sequences, length 6
# corresponding to MSA columns:
# 274-279
name=unknown_G
#
# <colnr> <probs for GDERKNQSTAVLIFYWHMCP>
#	G	D	E	R	K	N	Q	S	T	A	V	L	I	F	Y	W	H	M	C	P
0	0.01378	0.07257	0.30917	0.05634	0.02561	0.01406	0.19205	0.01896	0.01442	0.05722	0.05506	0.08021	0.04567	0.00800	0.00673	0.00209	0.00836	0.00740	0.00379	0.00850
1	0.00932	0.00709	0.00876	0.00941	0.01074	0.00694	0.00697	0.01302	0.09437	0.01967	0.14503	0.38050	0.13448	0.01700	0.00797	0.00247	0.00404	0.10990	0.00623	0.00607
2	0.01497	0.01242	0.01424	0.01032	0.01598	0.01022	0.00831	0.11410	0.01579	0.02382	0.01205	0.01370	0.00977	0.00520	0.00502	0.00110	0.00511	0.00411	0.00420	0.69957
3	0.01193	0.00990	0.01376	0.04524	0.10523	0.01032	0.03904	0.01785	0.17454	0.02057	0.10193	0.14657	0.07664	0.04344	0.03258	0.04476	0.00582	0.08731	0.00532	0.00726
4	0.01047	0.00702	0.00936	0.01009	0.04016	0.00692	0.00684	0.01222	0.04151	0.04738	0.09352	0.23974	0.10946	0.06348	0.11356	0.13636	0.00621	0.01119	0.02886	0.00562
5	0.01412	0.01169	0.01825	0.11285	0.12112	0.01211	0.10546	0.09878	0.01629	0.05898	0.07877	0.16172	0.07610	0.01099	0.00784	0.00224	0.03771	0.04219	0.00495	0.00784

[dist]
# distance from previous block
# <min> <max>
0	3

[block]
# block no. 7 follows, 34 sequences, length 37
# corresponding to MSA columns:
# 283-319
name=unknown_H
#
# <colnr> <probs for GDERKNQSTAVLIFYWHMCP>
#	G	D	E	R	K	N	Q	S	T	A	V	L	I	F	Y	W	H	M	C	P
0	0.16097	0.01428	0.01537	0.01210	0.01696	0.01486	0.00989	0.27892	0.09851	0.16548	0.01682	0.01648	0.01198	0.00714	0.00579	0.00184	0.00585	0.00540	0.00592	0.13542
1	0.03395	0.00755	0.00897	0.00845	0.01037	0.00703	0.00618	0.03310	0.01478	0.13182	0.14403	0.15235	0.19739	0.16344	0.01235	0.00299	0.00447	0.03001	0.02444	0.00631
2	0.05437	0.00949	0.01044	0.00968	0.01230	0.00969	0.00739	0.07171	0.17016	0.06980	0.12810	0.16430	0.23078	0.01321	0.00715	0.00220	0.00426	0.01122	0.00633	0.00742
3	0.00883	0.00641	0.00819	0.00872	0.00997	0.00596	0.00655	0.01107	0.01525	0.02068	0.28651	0.27695	0.14396	0.01641	0.00793	0.00237	0.00376	0.12321	0.03154	0.00572
4	0.04194	0.00747	0.00928	0.00938	0.01135	0.00686	0.00726	0.01295	0.01418	0.04946	0.11104	0.27992	0.08510	0.01492	0.00741	0.00228	0.00435	0.16789	0.04912	0.10782
5	0.09478	0.01113	0.01253	0.01069	0.01408	0.01119	0.00836	0.19330	0.03746	0.10756	0.10896	0.19495	0.05526	0.01120	0.00664	0.00203	0.00497	0.00941	0.00605	0.09945
6	0.00797	0.00589	0.00746	0.00848	0.00929	0.00538	0.00582	0.00939	0.01342	0.01768	0.11584	0.56849	0.16362	0.01881	0.00807	0.00248	0.00359	0.01683	0.00612	0.00538
7	0.02349	0.02944	0.01801	0.01637	0.01972	0.68839	0.01230	0.02649	0.07463	0.01671	0.01129	0.01265	0.00924	0.00683	0.00589	0.00171	0.01113	0.00441	0.00359	0.00771
