[name]
unknown

[dist]
# distance from previous block
# <min> <max>
0	8

[block]
# block no. 0 follows, 33 sequences, length 100
# corresponding to MSA columns:
# 8-78,80-108
name=unknown_A
#
# <colnr> <probs for GDERKNQSTAVLIFYWHMCP>
#	G	D	E	R	K	N	Q	S	T	A	V	L	I	F	Y	W	H	M	C	P
0	0.07599	0.14871	0.03974	0.01378	0.01792	0.17640	0.01172	0.14907	0.07259	0.07879	0.01686	0.02277	0.01441	0.00872	0.00670	0.00202	0.03241	0.09779	0.00489	0.00872
1	0.02145	0.08738	0.02046	0.03805	0.08154	0.01858	0.01269	0.33489	0.15034	0.09887	0.01734	0.01756	0.01277	0.00789	0.00722	0.00203	0.04874	0.00603	0.00580	0.01039
2	0.59021	0.01262	0.01071	0.00946	0.01332	0.01428	0.00766	0.10202	0.03403	0.02934	0.01633	0.05787	0.06410	0.00802	0.00498	0.00208	0.00515	0.00559	0.00472	0.00750
3	0.05530	0.01888	0.01733	0.01589	0.05647	0.25225	0.05888	0.08345	0.16248	0.02409	0.16390	0.02323	0.02249	0.00856	0.00660	0.00198	0.00767	0.00695	0.00518	0.00843
4	0.05012	0.00885	0.01069	0.00952	0.01194	0.00878	0.00736	0.06444	0.07987	0.08890	0.52062	0.04062	0.04841	0.01188	0.00732	0.00207	0.00388	0.01026	0.00708	0.00740
5	0.00802	0.00573	0.00764	0.00917	0.00955	0.00535	0.00611	0.00917	0.01260	0.01681	0.03628	0.76434	0.04354	0.02062	0.00840	0.00267	0.00382	0.01872	0.00611	0.00535
6	0.01365	0.01170	0.01365	0.00975	0.01560	0.00878	0.00780	0.01658	0.01365	0.02145	0.01170	0.01365	0.00975	0.00488	0.00488	0.00098	0.00488	0.00390	0.00390	0.80888
7	0.01623	0.00842	0.01112	0.00956	0.01235	0.00763	0.00748	0.01956	0.03729	0.26115	0.47332	0.03962	0.04576	0.01157	0.00736	0.00206	0.00399	0.01003	0.00753	0.00798
8	0.01655	0.04549	0.10955	0.07144	0.46087	0.01646	0.07373	0.08594	0.01628	0.02285	0.01257	0.01594	0.01006	0.00611	0.00651	0.00199	0.00827	0.00582	0.00349	0.01006
9	0.00791	0.00667	0.00685	0.00681	0.00897	0.00561	0.00511	0.00970	0.01532	0.01852	0.12283	0.06215	0.66831	0.01640	0.00778	0.00221	0.00332	0.01372	0.00621	0.00561
10	0.01749	0.03875	0.02974	0.02128	0.02708	0.01600	0.40599	0.13745	0.01783	0.06395	0.01486	0.04403	0.01166	0.00673	0.00747	0.00204	0.02901	0.00718	0.00429	0.09716
11	0.01418	0.01201	0.01393	0.01000	0.01582	0.00932	0.00802	0.04851	0.01445	0.02238	0.01189	0.01375	0.00982	0.00502	0.00495	0.00102	0.00499	0.00399	0.00402	0.77192
12	0.14033	0.01440	0.02003	0.01486	0.02043	0.05033	0.18845	0.02059	0.01466	0.10952	0.01340	0.01524	0.01014	0.00574	0.00577	0.00163	0.00698	0.00520	0.00427	0.33803
13	0.00910	0.00720	0.00976	0.01054	0.01086	0.00785	0.00751	0.01030	0.01218	0.01664	0.03161	0.63758	0.03764	0.01909	0.01063	0.00271	0.13106	0.01653	0.00557	0.00566
14	0.00813	0.00581	0.00774	0.00909	0.00957	0.00542	0.00612	0.00944	0.01312	0.01762	0.09502	0.70328	0.04513	0.02001	0.00835	0.00262	0.00376	0.01813	0.00621	0.00542
15	0.01243	0.01170	0.01975	0.75282	0.04534	0.01463	0.01828	0.01682	0.01316	0.01682	0.01170	0.01755	0.00878	0.00658	0.00658	0.00219	0.00878	0.00585	0.00293	0.00731
16	0.01365	0.01170	0.01365	0.00975	0.01560	0.00878	0.00780	0.01658	0.01365	0.02145	0.01170	0.01365	0.00975	0.00488	0.00488	0.00098	0.00488	0.00390	0.00390	0.80888
17	0.00843	0.00605	0.00808	0.00956	0.01018	0.00571	0.00679	0.00989	0.01308	0.01730	0.03696	0.63352	0.06289	0.02012	0.00849	0.00272	0.00416	0.12449	0.00610	0.00547
18	0.02954	0.01120	0.01528	0.01171	0.01681	0.00968	0.00968	0.03208	0.01884	0.73213	0.02597	0.02241	0.01630	0.00815	0.00662	0.00204	0.00560	0.00662	0.00815	0.01120
19	0.00940	0.00705	0.01058	0.01058	0.01176	0.00823	0.00823	0.01176	0.01058	0.01528	0.01763	0.02586	0.01646	0.04937	0.74255	0.01058	0.01763	0.00705	0.00353	0.00588
20	0.01243	0.01170	0.01975	0.75282	0.04534	0.01463	0.01828	0.01682	0.01316	0.01682	0.01170	0.01755	0.00878	0.00658	0.00658	0.00219	0.00878	0.00585	0.00293	0.00731
21	0.00942	0.00720	0.00871	0.00830	0.01012	0.00674	0.00623	0.01322	0.06592	0.02425	0.50699	0.07290	0.20724	0.01409	0.00771	0.00213	0.00333	0.01225	0.00692	0.00633
22	0.00802	0.00573	0.00764	0.00917	0.00955	0.00535	0.00611	0.00917	0.01260	0.01681	0.03628	0.76434	0.04354	0.02062	0.00840	0.00267	0.00382	0.01872	0.00611	0.00535
23	0.02420	0.01803	0.01929	0.01498	0.02010	0.02003	0.01231	0.64125	0.09668	0.04015	0.01686	0.01665	0.01205	0.00800	0.00660	0.00200	0.00705	0.00607	0.00660	0.01112
24	0.01583	0.01517	0.02588	0.12634	0.64528	0.01552	0.01997	0.01980	0.01477	0.02094	0.01230	0.01645	0.01023	0.00595	0.00653	0.00198	0.00794	0.00586	0.00322	0.01005
25	0.01629	0.01564	0.02672	0.04041	0.72757	0.01564	0.02020	0.02020	0.01499	0.02151	0.01238	0.01629	0.01043	0.00587	0.00652	0.00196	0.00782	0.00587	0.00326	0.01043
26	0.00970	0.00732	0.01048	0.01033	0.01123	0.00853	0.00780	0.01158	0.01037	0.01486	0.01772	0.02833	0.01738	0.17545	0.57849	0.00943	0.05440	0.00743	0.00358	0.00561
27	0.81514	0.01273	0.00968	0.00866	0.01273	0.01477	0.00713	0.01935	0.01120	0.02954	0.00917	0.01069	0.00713	0.00611	0.00407	0.00204	0.00509	0.00356	0.00407	0.00713
28	0.00802	0.00573	0.00764	0.00917	0.00955	0.00535	0.00611	0.00917	0.01260	0.01681	0.03628	0.76434	0.04354	0.02062	0.00840	0.00267	0.00382	0.01872	0.00611	0.00535
29	0.02418	0.02577	0.01914	0.01633	0.02020	0.44203	0.01274	0.27005	0.02260	0.02523	0.01211	0.01343	0.00947	0.00745	0.00705	0.00186	0.05203	0.00493	0.00451	0.00889
30	0.00778	0.00667	0.00667	0.00667	0.00889	0.00556	0.00500	0.00945	0.01501	0.01778	0.06669	0.06336	0.72490	0.01667	0.00778	0.00222	0.00333	0.01389	0.00611	0.00556
31	0.01629	0.01564	0.02672	0.04041	0.72757	0.01564	0.02020	0.02020	0.01499	0.02151	0.01238	0.01629	0.01043	0.00587	0.00652	0.00196	0.00782	0.00587	0.00326	0.01043
32	0.02503	0.01844	0.01976	0.01515	0.02042	0.02042	0.01251	0.70562	0.03095	0.04149	0.01581	0.01581	0.01120	0.00790	0.00659	0.00198	0.00724	0.00593	0.00659	0.01120
33	0.01797	0.73372	0.03367	0.01156	0.01708	0.06362	0.01134	0.02006	0.01365	0.01552	0.00921	0.01063	0.00845	0.00569	0.00431	0.00142	0.00729	0.00356	0.00285	0.00841
34	0.81514	0.01273	0.00968	0.00866	0.01273	0.01477	0.00713	0.01935	0.01120	0.02954	0.00917	0.01069	0.00713	0.00611	0.00407	0.00204	0.00509	0.00356	0.00407	0.00713
35	0.00802	0.00573	0.00764	0.00917	0.00955	0.00535	0.00611	0.00917	0.01260	0.01681	0.03628	0.76434	0.04354	0.02062	0.00840	0.00267	0.00382	0.01872	0.00611	0.00535
36	0.02268	0.01322	0.01506	0.01236	0.01652	0.05049	0.00997	0.15417	0.12388	0.32656	0.13169	0.02696	0.02337	0.00933	0.00686	0.00208	0.00581	0.03187	0.00718	0.00994
37	0.02440	0.01560	0.12806	0.01392	0.01962	0.01192	0.05103	0.06631	0.07051	0.47078	0.04313	0.02141	0.01606	0.00791	0.00667	0.00207	0.00654	0.00659	0.00683	0.01064
38	0.00802	0.00573	0.00764	0.00917	0.00955	0.00535	0.00611	0.00917	0.01260	0.01681	0.03628	0.76434	0.04354	0.02062	0.00840	0.00267	0.00382	0.01872	0.00611	0.00535
39	0.02904	0.01200	0.01577	0.01209	0.01720	0.01086	0.00999	0.10653	0.02018	0.65580	0.02485	0.02168	0.01573	0.00812	0.00662	0.00203	0.00578	0.00654	0.00798	0.01120
40	0.03975	0.14324	0.29895	0.02074	0.14312	0.04689	0.06571	0.07902	0.01599	0.06842	0.01271	0.01459	0.00956	0.00632	0.00606	0.00194	0.00855	0.00516	0.00364	0.00965
41	0.01022	0.00787	0.00856	0.00844	0.00907	0.04532	0.00551	0.01106	0.01106	0.01451	0.06172	0.03926	0.06115	0.49522	0.17773	0.00655	0.00868	0.00913	0.00416	0.00479
42	0.00826	0.00669	0.00733	0.00717	0.00919	0.00576	0.00538	0.01037	0.01613	0.02046	0.27105	0.05895	0.51887	0.01567	0.00778	0.00218	0.00326	0.01328	0.00647	0.00576
43	0.81514	0.01273	0.00968	0.00866	0.01273	0.01477	0.00713	0.01935	0.01120	0.02954	0.00917	0.01069	0.00713	0.00611	0.00407	0.00204	0.00509	0.00356	0.00407	0.00713
44	0.07145	0.01847	0.05101	0.03736	0.04252	0.15449	0.05975	0.16155	0.18093	0.04778	0.03892	0.03824	0.05190	0.00839	0.00653	0.00205	0.00751	0.00678	0.00525	0.00913
45	0.01880	0.01631	0.01618	0.14719	0.02229	0.17957	0.01215	0.06514	0.17322	0.12064	0.04235	0.02466	0.01703	0.01090	0.04533	0.00256	0.00821	0.06360	0.00526	0.00863
46	0.00940	0.00645	0.00722	0.00726	0.00755	0.00632	0.00429	0.00967	0.01034	0.01352	0.02631	0.04623	0.10330	0.66322	0.02994	0.00582	0.00603	0.02863	0.00429	0.00422
47	0.76040	0.01313	0.01037	0.00911	0.01326	0.01516	0.00750	0.06690	0.01257	0.03036	0.00963	0.01105	0.00741	0.00624	0.00425	0.00203	0.00524	0.00373	0.00425	0.00741
48	0.01278	0.00960	0.01093	0.01073	0.01312	0.02610	0.00862	0.08939	0.08535	0.05418	0.05994	0.14048	0.21736	0.01522	0.00793	0.00248	0.00513	0.21733	0.00627	0.00709
49	0.01959	0.32732	0.06135	0.01480	0.01926	0.30691	0.03464	0.02241	0.03713	0.01657	0.01062	0.01263	0.00914	0.00797	0.03014	0.00199	0.05184	0.00437	0.00321	0.00811
50	0.01144	0.00572	0.00858	0.00858	0.00858	0.00572	0.00572	0.00858	0.00858	0.01144	0.01144	0.02001	0.01144	0.02287	0.02573	0.80846	0.00572	0.00572	0.00286	0.00286
51	0.01481	0.01412	0.02404	0.31473	0.46487	0.01525	0.01946	0.01890	0.01429	0.01970	0.01212	0.01678	0.00979	0.00614	0.00654	0.00205	0.00819	0.00586	0.00313	0.00923
52	0.01513	0.01473	0.02626	0.24643	0.32535	0.01544	0.16144	0.05080	0.01523	0.02081	0.01330	0.04082	0.01094	0.00658	0.00686	0.00210	0.00863	0.00667	0.00342	0.00906
53	0.11280	0.13077	0.02019	0.01472	0.01902	0.36226	0.01183	0.20954	0.02042	0.02445	0.01145	0.01262	0.00906	0.00685	0.00566	0.00177	0.00916	0.00452	0.00426	0.00866
54	0.03989	0.01480	0.01610	0.01229	0.01759	0.03697	0.00996	0.25994	0.06489	0.10890	0.01558	0.01595	0.01154	0.00665	0.00580	0.00157	0.00603	0.00514	0.00548	0.34492
55	0.06281	0.19012	0.32331	0.01601	0.05860	0.05018	0.01659	0.02197	0.03068	0.10778	0.05236	0.01624	0.01262	0.00680	0.00582	0.00190	0.00789	0.00518	0.00391	0.00924
56	0.01634	0.01393	0.01481	0.01338	0.01704	0.01604	0.01050	0.05473	0.65762	0.02756	0.02688	0.02690	0.02075	0.00939	0.00682	0.00227	0.00532	0.04285	0.00666	0.01022
57	0.00937	0.00717	0.00836	0.00869	0.01008	0.00692	0.00625	0.01251	0.08112	0.01869	0.11296	0.24056	0.23346	0.14152	0.01222	0.00309	0.00436	0.07093	0.00593	0.00582
58	0.01479	0.01620	0.06442	0.11988	0.30316	0.03477	0.22488	0.01912	0.01480	0.02016	0.01589	0.07256	0.03420	0.00731	0.00705	0.00212	0.00871	0.00752	0.00351	0.00894
59	0.00957	0.00638	0.00718	0.00718	0.00718	0.00638	0.00399	0.00957	0.00957	0.01276	0.02074	0.04308	0.02393	0.76864	0.03351	0.00638	0.00638	0.00957	0.00399	0.00399
60	0.00814	0.00581	0.00778	0.00930	0.00974	0.00545	0.00632	0.00937	0.01272	0.01694	0.03622	0.73236	0.04328	0.02051	0.00843	0.00269	0.00392	0.04951	0.00611	0.00538
61	0.01344	0.07350	0.69714	0.01836	0.02787	0.01586	0.02363	0.02079	0.01387	0.02056	0.01167	0.01372	0.00835	0.00622	0.00615	0.00205	0.00959	0.00479	0.00278	0.00966
62	0.01473	0.01646	0.06280	0.10256	0.12051	0.07812	0.25368	0.02005	0.07057	0.02034	0.03796	0.07781	0.05288	0.00849	0.00724	0.00219	0.00860	0.03257	0.00407	0.00836
63	0.00957	0.00638	0.00718	0.00718	0.00718	0.00638	0.00399	0.00957	0.00957	0.01276	0.02074	0.04308	0.02393	0.76864	0.03351	0.00638	0.00638	0.00957	0.00399	0.00399
64	0.02954	0.01120	0.01528	0.01171	0.01681	0.00968	0.00968	0.03208	0.01884	0.73213	0.02597	0.02241	0.01630	0.00815	0.00662	0.00204	0.00560	0.00662	0.00815	0.01120
65	0.04348	0.01182	0.01547	0.01293	0.01654	0.01217	0.08224	0.05905	0.24185	0.16365	0.09821	0.08977	0.04669	0.04098	0.00802	0.00234	0.00559	0.00879	0.03148	0.00892
66	0.00898	0.00698	0.00820	0.00790	0.00976	0.00635	0.00592	0.01211	0.04555	0.02287	0.42430	0.07379	0.31384	0.01471	0.00775	0.00215	0.00330	0.01268	0.00676	0.00611
67	0.01144	0.00572	0.00858	0.00858	0.00858	0.00572	0.00572	0.00858	0.00858	0.01144	0.01144	0.02001	0.01144	0.02287	0.02573	0.80846	0.00572	0.00572	0.00286	0.00286
68	0.01459	0.05941	0.09303	0.30972	0.35753	0.01582	0.01935	0.01894	0.01409	0.01930	0.01188	0.01621	0.00948	0.00616	0.00638	0.00203	0.00833	0.00563	0.00306	0.00905
69	0.01485	0.02259	0.24517	0.02508	0.03265	0.01625	0.50219	0.02102	0.01505	0.02102	0.01287	0.01661	0.00950	0.00576	0.00732	0.00218	0.01069	0.00691	0.00317	0.00913
70	0.01554	0.01776	0.03885	0.02775	0.03441	0.01665	0.70366	0.02109	0.01554	0.02109	0.01332	0.01776	0.00999	0.00555	0.00777	0.00222	0.01110	0.00777	0.00333	0.00888
71	0.09041	0.07145	0.62756	0.01739	0.02636	0.01581	0.02198	0.02064	0.01361	0.02140	0.01142	0.01341	0.00823	0.00621	0.00594	0.00204	0.00914	0.00467	0.00291	0.00941
72	0.01243	0.01170	0.01975	0.75282	0.04534	0.01463	0.01828	0.01682	0.01316	0.01682	0.01170	0.01755	0.00878	0.00658	0.00658	0.00219	0.00878	0.00585	0.00293	0.00731
73	0.79033	0.01291	0.00999	0.00886	0.01297	0.01495	0.00730	0.04090	0.01182	0.02991	0.00938	0.01085	0.00726	0.00617	0.00415	0.00204	0.00516	0.00364	0.00415	0.00726
74	0.00804	0.00586	0.00758	0.00889	0.00949	0.00540	0.00600	0.00930	0.01304	0.01721	0.06129	0.67093	0.11275	0.02000	0.00832	0.00261	0.00375	0.01801	0.00615	0.00540
75	0.00957	0.00638	0.00718	0.00718	0.00718	0.00638	0.00399	0.00957	0.00957	0.01276	0.02074	0.04308	0.02393	0.76864	0.03351	0.00638	0.00638	0.00957	0.00399	0.00399
76	0.00884	0.00671	0.00814	0.00778	0.00954	0.00601	0.00584	0.01151	0.01752	0.02374	0.52144	0.05355	0.26643	0.01445	0.00777	0.00212	0.00318	0.01252	0.00690	0.00601
77	0.01797	0.73301	0.03365	0.01157	0.01708	0.06430	0.01134	0.02006	0.01366	0.01552	0.00921	0.01063	0.00845	0.00569	0.00432	0.00142	0.00730	0.00356	0.00285	0.00840
78	0.04115	0.07965	0.15622	0.09065	0.24037	0.01615	0.09524	0.07963	0.01623	0.10209	0.01378	0.01615	0.01031	0.00638	0.00638	0.00200	0.00819	0.00573	0.00397	0.00974
79	0.03358	0.09112	0.09910	0.01582	0.02047	0.08871	0.17582	0.03514	0.05236	0.06116	0.10583	0.09465	0.07900	0.00945	0.00690	0.00208	0.00750	0.00849	0.00473	0.00809
80	0.73926	0.01452	0.01054	0.00945	0.01346	0.08459	0.00767	0.02002	0.01192	0.02825	0.00926	0.01081	0.00726	0.00618	0.00425	0.00200	0.00574	0.00363	0.00401	0.00718
81	0.01107	0.00801	0.00983	0.00898	0.01093	0.00786	0.00684	0.06640	0.05885	0.02751	0.59333	0.04393	0.05346	0.01247	0.00745	0.00204	0.00354	0.01089	0.04978	0.00682
82	0.01574	0.16421	0.11645	0.04196	0.20599	0.06757	0.05866	0.04130	0.01540	0.03921	0.06891	0.10297	0.01746	0.00833	0.00639	0.00196	0.00755	0.00724	0.00398	0.00871
83	0.05802	0.13206	0.34723	0.01825	0.06195	0.01660	0.10642	0.06629	0.01535	0.06208	0.01303	0.01498	0.00965	0.00633	0.00602	0.00196	0.00847	0.00526	0.04069	0.00935
84	0.00925	0.00673	0.00871	0.00822	0.00980	0.00618	0.00616	0.01230	0.01849	0.02605	0.69725	0.04975	0.08919	0.01359	0.00777	0.00208	0.00312	0.01199	0.00720	0.00618
85	0.00871	0.00723	0.00770	0.00766	0.00976	0.00654	0.00571	0.01194	0.07517	0.01949	0.13422	0.12452	0.52592	0.01602	0.00774	0.00225	0.00352	0.01357	0.00629	0.00603
86	0.01816	0.04308	0.02206	0.15399	0.06898	0.23523	0.12998	0.07753	0.07625	0.02103	0.03979	0.03510	0.01312	0.00731	0.00655	0.00198	0.00909	0.00629	0.02612	0.00836
87	0.01320	0.03405	0.73453	0.01876	0.02849	0.01529	0.02432	0.02085	0.01390	0.02085	0.01181	0.01390	0.00834	0.00625	0.00625	0.00208	0.00973	0.00486	0.00278	0.00973
88	0.00880	0.00668	0.00826	0.00902	0.01048	0.00613	0.00698	0.01087	0.01482	0.01903	0.12439	0.25153	0.27870	0.01778	0.00831	0.00255	0.00419	0.19955	0.00623	0.00571
89	0.01511	0.01577	0.06333	0.11972	0.51882	0.01496	0.06663	0.01925	0.01476	0.02067	0.01563	0.01926	0.05337	0.00660	0.00667	0.00202	0.00799	0.00643	0.00337	0.00962
90	0.01320	0.03405	0.73453	0.01876	0.02849	0.01529	0.02432	0.02085	0.01390	0.02085	0.01181	0.01390	0.00834	0.00625	0.00625	0.00208	0.00973	0.00486	0.00278	0.00973
91	0.01256	0.01195	0.02053	0.72320	0.04489	0.01471	0.04628	0.01699	0.01326	0.01699	0.01177	0.01756	0.00883	0.00654	0.00663	0.00219	0.00887	0.00593	0.00294	0.00738
92	0.01787	0.02689	0.36398	0.01774	0.02476	0.13521	0.08118	0.11779	0.01781	0.07258	0.05127	0.01666	0.01234	0.00702	0.00649	0.00201	0.00922	0.00567	0.00407	0.00942
93	0.03859	0.01449	0.02414	0.13895	0.57149	0.01496	0.01872	0.01944	0.01456	0.02123	0.01268	0.01675	0.01044	0.00607	0.00635	0.00197	0.00762	0.00581	0.04607	0.00966
94	0.01770	0.01107	0.01300	0.01105	0.01458	0.01114	0.00864	0.06194	0.23545	0.20665	0.17035	0.03144	0.07189	0.05045	0.00829	0.00229	0.00491	0.00839	0.00684	0.05394
95	0.01826	0.06081	0.22167	0.03449	0.05371	0.07715	0.01487	0.07263	0.12921	0.14645	0.03906	0.07009	0.01594	0.00834	0.00649	0.00206	0.00744	0.00677	0.00505	0.00952
96	0.01408	0.05158	0.16866	0.05728	0.08211	0.01309	0.12013	0.06212	0.04039	0.04103	0.04003	0.09823	0.07089	0.01072	0.00906	0.09300	0.00741	0.00802	0.00420	0.00798
97	0.01947	0.06730	0.08335	0.04056	0.07916	0.08845	0.15411	0.21747	0.01985	0.06779	0.01480	0.04625	0.01168	0.00720	0.00656	0.00195	0.00840	0.00633	0.00460	0.05472
98	0.01613	0.01769	0.11553	0.15909	0.10231	0.07751	0.10306	0.04072	0.05679	0.06993	0.07186	0.01936	0.01466	0.00759	0.00804	0.00212	0.07563	0.00641	0.00410	0.03148
99	0.01721	0.03819	0.09796	0.12162	0.06839	0.07379	0.01343	0.09681	0.03904	0.11613	0.04013	0.07737	0.06020	0.00906	0.00757	0.00207	0.05611	0.00725	0.00481	0.05287

[dist]
# distance from previous block
# <min> <max>
7	29

[block]
# block no. 1 follows, 33 sequences, length 7
# corresponding to MSA columns:
# 138-144
name=unknown_B
#
# <colnr> <probs for GDERKNQSTAVLIFYWHMCP>
#	G	D	E	R	K	N	Q	S	T	A	V	L	I	F	Y	W	H	M	C	P
0	0.00934	0.00661	0.00816	0.00867	0.00939	0.00649	0.00609	0.01055	0.01210	0.01593	0.05612	0.16034	0.10203	0.35534	0.06602	0.00483	0.00621	0.14578	0.00503	0.00497
1	0.00822	0.00602	0.00772	0.00871	0.00952	0.00552	0.00599	0.00976	0.01394	0.01858	0.15884	0.55420	0.13095	0.01890	0.00822	0.00251	0.00364	0.01694	0.00631	0.00552
2	0.08287	0.05516	0.03956	0.16250	0.13428	0.04457	0.01308	0.02104	0.10802	0.09183	0.05800	0.08386	0.03991	0.00887	0.00688	0.00212	0.02688	0.00740	0.00472	0.00846
3	0.04823	0.09868	0.02242	0.18118	0.13637	0.08428	0.08460	0.04452	0.01473	0.01983	0.01282	0.05610	0.01116	0.00706	0.00678	0.00190	0.04030	0.00598	0.00354	0.11951
4	0.06092	0.05921	0.08489	0.13853	0.20251	0.06443	0.04814	0.07122	0.07927	0.05112	0.01370	0.01623	0.01062	0.00677	0.00684	0.00201	0.03791	0.00561	0.00395	0.03611
5	0.10662	0.11171	0.05529	0.01450	0.06931	0.13934	0.01135	0.08627	0.07569	0.08119	0.04185	0.01913	0.05883	0.00753	0.00582	0.00180	0.00698	0.00570	0.00469	0.09639
6	0.05224	0.12932	0.09149	0.10313	0.04983	0.09237	0.07447	0.10023	0.08798	0.05934	0.01529	0.05528	0.01245	0.00743	0.00617	0.00195	0.00782	0.00612	0.00433	0.04276

[dist]
# distance from previous block
# <min> <max>
13	97

[block]
# block no. 2 follows, 33 sequences, length 45
# corresponding to MSA columns:
# 250-294
name=unknown_C
#
# <colnr> <probs for GDERKNQSTAVLIFYWHMCP>
#	G	D	E	R	K	N	Q	S	T	A	V	L	I	F	Y	W	H	M	C	P
0	0.09222	0.11149	0.06698	0.05913	0.03345	0.07752	0.08721	0.06602	0.05352	0.09353	0.01603	0.04145	0.03083	0.00712	0.00593	0.00182	0.00723	0.00585	0.00442	0.13826
1	0.01534	0.10899	0.11720	0.01460	0.01912	0.08055	0.10748	0.04645	0.06965	0.06640	0.05394	0.11665	0.09758	0.01039	0.00691	0.00213	0.00717	0.04646	0.00486	0.00812
2	0.06810	0.12867	0.05411	0.01356	0.01803	0.11987	0.03648	0.12459	0.12334	0.05803	0.01775	0.07913	0.01540	0.00860	0.00617	0.00194	0.00709	0.04029	0.00492	0.07392
3	0.11014	0.04255	0.14299	0.06672	0.02076	0.04910	0.04152	0.08502	0.06194	0.08760	0.03485	0.01907	0.03797	0.03339	0.00740	0.00207	0.02936	0.00582	0.00453	0.11717
4	0.06476	0.07278	0.07527	0.04210	0.05480	0.01351	0.03393	0.12826	0.07758	0.04418	0.04323	0.09713	0.10911	0.03525	0.05755	0.00278	0.00697	0.00828	0.00501	0.02752
5	0.04469	0.06558	0.21776	0.04261	0.02249	0.03117	0.09485	0.06352	0.09405	0.07748	0.01879	0.04780	0.05320	0.00771	0.00636	0.00198	0.00750	0.00654	0.00443	0.09149
6	0.06213	0.12062	0.10563	0.01390	0.01893	0.08838	0.05674	0.13930	0.04288	0.10360	0.03668	0.04985	0.03095	0.04363	0.00741	0.00210	0.00732	0.00636	0.00482	0.05879
7	0.03459	0.11312	0.12140	0.03677	0.07395	0.05298	0.05907	0.14573	0.01785	0.06067	0.06169	0.02258	0.04140	0.03056	0.00715	0.00206	0.00736	0.04008	0.00459	0.06643
8	0.04358	0.08777	0.33048	0.01833	0.07519	0.07080	0.03836	0.16666	0.01808	0.05081	0.01344	0.01596	0.01019	0.00692	0.00621	0.00199	0.00864	0.02288	0.00401	0.00968
9	0.01674	0.13816	0.19694	0.05289	0.10403	0.06967	0.05770	0.06827	0.04152	0.04931	0.02833	0.01551	0.01103	0.00638	0.00595	0.00179	0.00798	0.00521	0.00379	0.11879
10	0.01493	0.05687	0.19198	0.01723	0.03874	0.04243	0.14946	0.06778	0.01544	0.04672	0.02059	0.05294	0.10127	0.01009	0.03396	0.00240	0.07240	0.00732	0.00405	0.05341
11	0.00801	0.00579	0.00758	0.00901	0.00951	0.00536	0.00604	0.00918	0.01275	0.01687	0.03818	0.72062	0.08604	0.02038	0.00836	0.00265	0.00379	0.01841	0.00611	0.00536
12	0.02003	0.48128	0.02906	0.01382	0.01876	0.25393	0.03667	0.04711	0.01579	0.01685	0.00987	0.01143	0.00861	0.00608	0.00498	0.00155	0.00873	0.00399	0.00316	0.00830
13	0.01144	0.00572	0.00858	0.00858	0.00858	0.00572	0.00572	0.00858	0.00858	0.01144	0.01144	0.02001	0.01144	0.02287	0.02573	0.80846	0.00572	0.00572	0.00286	0.00286
14	0.01476	0.01417	0.02369	0.28100	0.15065	0.01546	0.16505	0.04041	0.15790	0.02139	0.01613	0.04222	0.01279	0.00719	0.00691	0.00218	0.00819	0.00700	0.00404	0.00886
15	0.01983	0.41162	0.10781	0.01342	0.01881	0.11926	0.01293	0.04475	0.01533	0.11977	0.01219	0.01320	0.00967	0.00663	0.00608	0.00172	0.04989	0.00442	0.00378	0.00890
16	0.00972	0.00751	0.01118	0.01100	0.01210	0.00897	0.00861	0.01201	0.01055	0.01532	0.01707	0.02515	0.01597	0.04701	0.69758	0.01010	0.06372	0.00697	0.00349	0.00596
17	0.00954	0.00650	0.00778	0.00778	0.00799	0.00671	0.00474	0.00996	0.00975	0.01321	0.02020	0.04005	0.02262	0.64199	0.15835	0.00712	0.00836	0.00913	0.00391	0.00432
18	0.01611	0.01546	0.02639	0.07396	0.69544	0.01559	0.02011	0.02004	0.01490	0.02129	0.01235	0.01635	0.01035	0.00590	0.00652	0.00197	0.00787	0.00586	0.00324	0.01028
19	0.00894	0.00656	0.00813	0.00800	0.00935	0.00602	0.00575	0.01124	0.01633	0.02235	0.45724	0.13495	0.16482	0.09830	0.01069	0.00264	0.00359	0.01278	0.00657	0.00576
20	0.00821	0.00669	0.00727	0.00712	0.00916	0.00574	0.00534	0.01028	0.01603	0.02021	0.25145	0.05937	0.53863	0.01577	0.00778	0.00218	0.00327	0.01334	0.00643	0.00574
21	0.05185	0.17887	0.02140	0.01524	0.01924	0.52634	0.01207	0.04630	0.01757	0.01745	0.01016	0.01174	0.00855	0.00651	0.00551	0.00164	0.01029	0.00411	0.00342	0.03173
22	0.02540	0.01145	0.01459	0.01162	0.01613	0.01077	0.00945	0.06679	0.11359	0.51976	0.06436	0.02396	0.01913	0.00851	0.00658	0.00203	0.00535	0.00696	0.05302	0.01053
23	0.01737	0.03361	0.01840	0.01443	0.01769	0.03512	0.10486	0.20116	0.08432	0.06474	0.01749	0.03716	0.01531	0.17189	0.04151	0.03292	0.07167	0.00729	0.00492	0.00815
24	0.01787	0.17380	0.25788	0.01745	0.04616	0.04173	0.07937	0.18874	0.07102	0.02521	0.01349	0.01487	0.01016	0.00667	0.00610	0.00193	0.00838	0.00533	0.00409	0.00976
25	0.01508	0.01691	0.03583	0.02600	0.03182	0.01639	0.61426	0.02009	0.01496	0.02046	0.01405	0.05344	0.01150	0.00676	0.00892	0.00230	0.07111	0.00813	0.00343	0.00857
26	0.01616	0.01583	0.03219	0.02438	0.06229	0.01486	0.51356	0.02124	0.03507	0.08066	0.01586	0.04574	0.01270	0.04464	0.00881	0.00238	0.00964	0.00794	0.00398	0.03206
27	0.01663	0.01725	0.02361	0.16048	0.38876	0.13843	0.05606	0.02072	0.03710	0.01961	0.01266	0.01659	0.01038	0.00841	0.04340	0.00241	0.00927	0.00580	0.00335	0.00908
28	0.00956	0.00643	0.00742	0.00741	0.00752	0.00648	0.00430	0.00979	0.00993	0.01336	0.04391	0.04232	0.02478	0.70329	0.07236	0.00647	0.00690	0.00951	0.00407	0.00417
29	0.01736	0.01421	0.01555	0.04453	0.04276	0.03650	0.01068	0.24299	0.23489	0.02910	0.06862	0.06971	0.08481	0.00983	0.00681	0.00208	0.00590	0.00811	0.00609	0.04947
30	0.00940	0.00705	0.01058	0.01058	0.01176	0.00823	0.00823	0.01176	0.01058	0.01528	0.01763	0.02586	0.01646	0.04937	0.74255	0.01058	0.01763	0.00705	0.00353	0.00588
31	0.01938	0.58414	0.03047	0.01271	0.01778	0.20813	0.01163	0.02138	0.01472	0.01565	0.00941	0.01089	0.00846	0.00593	0.00466	0.00148	0.00827	0.00370	0.00296	0.00824
32	0.05569	0.01183	0.01397	0.01085	0.01530	0.01096	0.00876	0.08264	0.01557	0.08899	0.05665	0.02013	0.05805	0.00900	0.03422	0.00189	0.07564	0.00569	0.00478	0.41937
33	0.01415	0.02708	0.01335	0.04405	0.01554	0.03364	0.00952	0.07037	0.20520	0.05372	0.18189	0.05486	0.10787	0.01260	0.02406	0.00243	0.04512	0.07043	0.00612	0.00799
34	0.01729	0.01581	0.02476	0.03486	0.57670	0.01626	0.01836	0.09960	0.08630	0.02438	0.01420	0.01706	0.01147	0.00640	0.00654	0.00199	0.00750	0.00603	0.00398	0.01051
35	0.01234	0.01051	0.01644	0.27619	0.14727	0.01155	0.01429	0.04052	0.01460	0.01933	0.02240	0.15360	0.02289	0.01201	0.00757	0.00246	0.00700	0.19720	0.00451	0.00733
36	0.01507	0.01639	0.03276	0.11194	0.03248	0.01685	0.49232	0.02069	0.05468	0.02026	0.01329	0.01769	0.01025	0.00665	0.00937	0.00230	0.10777	0.00726	0.00342	0.00856
37	0.00932	0.00666	0.00871	0.00880	0.00945	0.00711	0.00606	0.01052	0.01046	0.01437	0.02243	0.07878	0.05475	0.36660	0.34881	0.00785	0.01113	0.00919	0.00401	0.00499
38	0.01103	0.00980	0.01453	0.30132	0.02526	0.01069	0.04768	0.01545	0.06871	0.01961	0.15254	0.03654	0.20246	0.04638	0.00844	0.00238	0.00613	0.00937	0.00486	0.00684
39	0.01005	0.00715	0.00889	0.00891	0.00974	0.00730	0.00601	0.04507	0.01179	0.01610	0.02356	0.22482	0.02630	0.35491	0.17629	0.00590	0.00811	0.01103	0.00457	0.03348
40	0.01473	0.01239	0.01833	0.01867	0.16054	0.01234	0.09904	0.08385	0.11027	0.04520	0.19506	0.03039	0.07240	0.00937	0.00702	0.00204	0.00599	0.02428	0.02933	0.04876
41	0.01492	0.01262	0.01692	0.05906	0.01937	0.01135	0.07374	0.06654	0.03512	0.04601	0.05731	0.01728	0.01353	0.00635	0.00650	0.00147	0.04347	0.00531	0.00435	0.48878
42	0.01804	0.04358	0.05638	0.04025	0.07833	0.09709	0.10993	0.11199	0.04280	0.08721	0.03654	0.01962	0.05419	0.00719	0.00634	0.00180	0.00749	0.00619	0.00464	0.17038
43	0.01750	0.07785	0.02209	0.11477	0.26119	0.13289	0.03991	0.02111	0.03766	0.06611	0.01340	0.01698	0.01100	0.04283	0.00742	0.00203	0.00803	0.00554	0.00374	0.09797
44	0.01663	0.07260	0.06009	0.11607	0.25122	0.06008	0.01521	0.04139	0.08648	0.07418	0.04182	0.04197	0.01541	0.00783	0.00650	0.00201	0.00732	0.04021	0.00436	0.03862

[dist]
# distance from previous block
# <min> <max>
0	23

[block]
# block no. 3 follows, 33 sequences, length 32
# corresponding to MSA columns:
# 318-349
name=unknown_D
#
# <colnr> <probs for GDERKNQSTAVLIFYWHMCP>
#	G	D	E	R	K	N	Q	S	T	A	V	L	I	F	Y	W	H	M	C	P
0	0.09571	0.04306	0.01259	0.01145	0.03373	0.05328	0.00829	0.14516	0.01645	0.04246	0.02643	0.32108	0.06751	0.08118	0.00940	0.00263	0.00557	0.01145	0.00548	0.00711
1	0.01328	0.01258	0.01854	0.21202	0.26444	0.05191	0.03076	0.01636	0.01405	0.01829	0.02208	0.07058	0.10527	0.08639	0.00964	0.00257	0.00735	0.03229	0.00389	0.00771
2	0.00813	0.00610	0.00755	0.00842	0.00942	0.00552	0.00584	0.00967	0.01402	0.01834	0.13615	0.49118	0.21839	0.01866	0.00816	0.00248	0.00360	0.01658	0.00626	0.00552
3	0.01368	0.01132	0.01302	0.00962	0.01495	0.00897	0.00765	0.01753	0.05436	0.02209	0.01349	0.01530	0.01102	0.00537	0.00496	0.00110	0.00473	0.00431	0.07892	0.68760
4	0.01993	0.30720	0.04210	0.06692	0.02053	0.21320	0.01240	0.10308	0.07152	0.03920	0.01236	0.01362	0.00996	0.00658	0.00546	0.00169	0.00828	0.00460	0.00390	0.03747
5	0.01173	0.00892	0.03542	0.00929	0.01183	0.00780	0.00740	0.01602	0.09942	0.09514	0.20886	0.14761	0.27079	0.01431	0.00759	0.00225	0.00410	0.02797	0.00655	0.00701
6	0.01668	0.04039	0.24787	0.03919	0.14538	0.10631	0.11537	0.05391	0.08457	0.04046	0.01466	0.03972	0.01157	0.00699	0.00657	0.00205	0.00893	0.00615	0.00383	0.00942
7	0.02333	0.15399	0.02066	0.05593	0.01966	0.01761	0.01148	0.31632	0.04030	0.21820	0.01753	0.01797	0.01262	0.03634	0.00718	0.00207	0.00677	0.00584	0.00600	0.01018
8	0.04442	0.02164	0.02182	0.02596	0.30638	0.30297	0.03206	0.08620	0.01760	0.02116	0.01203	0.01486	0.00993	0.00866	0.04417	0.00231	0.00987	0.00527	0.00366	0.00902
9	0.01197	0.00798	0.00958	0.00900	0.01124	0.00754	0.00679	0.01621	0.09931	0.10649	0.29751	0.14310	0.21953	0.01409	0.00759	0.00221	0.00380	0.01218	0.00684	0.00701
10	0.06712	0.04059	0.04012	0.08422	0.02284	0.03811	0.08262	0.28543	0.11409	0.10953	0.01677	0.01738	0.01208	0.00736	0.00642	0.00201	0.00733	0.00603	0.00556	0.03439
11	0.00988	0.00752	0.01002	0.01044	0.01173	0.00739	0.02681	0.05102	0.01469	0.01940	0.06978	0.44526	0.11748	0.01800	0.00866	0.00261	0.02511	0.13216	0.00602	0.00603
12	0.00975	0.00681	0.00817	0.00805	0.00821	0.00720	0.00499	0.01012	0.00973	0.01323	0.01982	0.03961	0.02231	0.64205	0.12645	0.00679	0.03937	0.00908	0.00388	0.00437
13	0.01858	0.01350	0.01768	0.05834	0.06682	0.01350	0.05652	0.17276	0.11667	0.13277	0.01952	0.09403	0.01594	0.00841	0.00653	0.00192	0.00628	0.00726	0.00561	0.16736
14	0.01880	0.01644	0.01563	0.01383	0.01767	0.11430	0.01077	0.06176	0.54242	0.07729	0.02402	0.02232	0.01788	0.00854	0.00659	0.00214	0.00623	0.00689	0.00635	0.01013
15	0.01243	0.01170	0.01975	0.75282	0.04534	0.01463	0.01828	0.01682	0.01316	0.01682	0.01170	0.01755	0.00878	0.00658	0.00658	0.00219	0.00878	0.00585	0.00293	0.00731
16	0.00937	0.00691	0.01001	0.01007	0.01105	0.00787	0.00757	0.01136	0.01052	0.01500	0.01876	0.05619	0.01850	0.14564	0.61875	0.00971	0.01559	0.00784	0.00369	0.00560
17	0.01357	0.04156	0.01613	0.01385	0.01485	0.09760	0.01108	0.01524	0.01131	0.01540	0.01296	0.02041	0.01263	0.09147	0.26352	0.00560	0.32675	0.00628	0.00325	0.00656
18	0.00804	0.00609	0.00743	0.00834	0.00937	0.00547	0.00578	0.00949	0.01377	0.01780	0.09511	0.49807	0.25366	0.01890	0.00817	0.00249	0.00362	0.01675	0.00619	0.00547
19	0.01093	0.00901	0.00994	0.00951	0.01158	0.03153	0.00712	0.01693	0.17104	0.02366	0.34980	0.13236	0.16369	0.01368	0.00755	0.00219	0.00397	0.01185	0.00667	0.00697
20	0.01491	0.01483	0.02232	0.41981	0.30390	0.07518	0.01856	0.01890	0.01432	0.01855	0.01184	0.01660	0.00938	0.00632	0.00650	0.00206	0.00867	0.00572	0.00309	0.00853
21	0.01798	0.65742	0.07655	0.01226	0.01794	0.09229	0.01221	0.02040	0.01390	0.01588	0.00941	0.01089	0.00844	0.00578	0.00451	0.00148	0.00766	0.00367	0.00287	0.00845
22	0.01311	0.01239	0.02097	0.62775	0.16511	0.01480	0.01862	0.01741	0.01348	0.01764	0.01182	0.01733	0.00907	0.00646	0.00657	0.00215	0.00861	0.00585	0.00298	0.00786
23	0.00995	0.00765	0.00922	0.00880	0.01066	0.00743	0.00660	0.01480	0.11236	0.02456	0.48066	0.10065	0.15385	0.01385	0.00767	0.00216	0.00348	0.01210	0.00692	0.00662
24	0.00998	0.00715	0.00963	0.01094	0.01209	0.00705	0.00871	0.03592	0.01459	0.01920	0.03481	0.37423	0.03943	0.01889	0.00870	0.00284	0.00512	0.36869	0.00610	0.00593
25	0.01243	0.01170	0.01975	0.75282	0.04534	0.01463	0.01828	0.01682	0.01316	0.01682	0.01170	0.01755	0.00878	0.00658	0.00658	0.00219	0.00878	0.00585	0.00293	0.00731
26	0.02459	0.03138	0.01866	0.01696	0.02035	0.74221	0.01272	0.02629	0.01866	0.01611	0.01018	0.01187	0.00848	0.00678	0.00594	0.00170	0.01187	0.00424	0.00339	0.00763
27	0.01431	0.06299	0.64086	0.01775	0.02692	0.01521	0.02240	0.02128	0.01414	0.05993	0.01248	0.01422	0.00883	0.00629	0.00614	0.00202	0.00922	0.00487	0.00312	0.03702
28	0.02175	0.04354	0.01829	0.01579	0.03517	0.34528	0.03542	0.14051	0.04433	0.08702	0.04110	0.04170	0.01591	0.00883	0.00661	0.00198	0.00891	0.07438	0.00494	0.00853
29	0.00957	0.00638	0.00718	0.00718	0.00718	0.00638	0.00399	0.00957	0.00957	0.01276	0.02074	0.04308	0.02393	0.76864	0.03351	0.00638	0.00638	0.00957	0.00399	0.00399
30	0.01554	0.01776	0.03885	0.02775	0.03441	0.01665	0.70366	0.02109	0.01554	0.02109	0.01332	0.01776	0.00999	0.00555	0.00777	0.00222	0.01110	0.00777	0.00333	0.00888
31	0.15127	0.12107	0.01998	0.01658	0.07519	0.40537	0.01220	0.08861	0.01765	0.02106	0.01059	0.01224	0.00867	0.00656	0.00552	0.00176	0.00939	0.00433	0.00372	0.00822

[dist]
# distance from previous block
# <min> <max>
1	2

[block]
# block no. 4 follows, 33 sequences, length 19
# corresponding to MSA columns:
# 352-370
name=unknown_E
#
# <colnr> <probs for GDERKNQSTAVLIFYWHMCP>
#	G	D	E	R	K	N	Q	S	T	A	V	L	I	F	Y	W	H	M	C	P
0	0.01825	0.63618	0.05557	0.01203	0.01769	0.02471	0.01181	0.09773	0.03997	0.01903	0.01061	0.01175	0.00916	0.00602	0.00465	0.00152	0.00709	0.00397	0.00338	0.00887
1	0.01690	0.08549	0.09791	0.01452	0.05691	0.06579	0.01216	0.11647	0.16911	0.07089	0.06101	0.02924	0.10377	0.00971	0.00671	0.00209	0.00654	0.06034	0.00546	0.00898
2	0.00946	0.00652	0.00802	0.00801	0.00842	0.00667	0.00511	0.01029	0.01089	0.01492	0.10013	0.06606	0.02754	0.52195	0.16274	0.00655	0.00803	0.00969	0.00435	0.00464
3	0.02400	0.03048	0.01998	0.01767	0.02128	0.69455	0.05811	0.02595	0.01845	0.01644	0.01038	0.01226	0.00858	0.00670	0.00606	0.00173	0.01182	0.00447	0.00339	0.00771
4	0.01544	0.01164	0.01383	0.00997	0.01574	0.00888	0.00801	0.01833	0.01424	0.10170	0.01331	0.01464	0.01049	0.00524	0.00507	0.00109	0.00496	0.00421	0.00438	0.71881
5	0.00818	0.00584	0.00782	0.00935	0.00980	0.00548	0.00639	0.00944	0.01276	0.01698	0.03620	0.72183	0.04319	0.02047	0.00845	0.00270	0.00396	0.05965	0.00611	0.00539
6	0.02417	0.01777	0.01906	0.01470	0.01968	0.01964	0.01204	0.66691	0.02976	0.03989	0.01608	0.01732	0.01190	0.05021	0.00808	0.00222	0.00720	0.00613	0.00644	0.01079
7	0.02503	0.01844	0.01976	0.01515	0.02042	0.02042	0.01251	0.70562	0.03095	0.04149	0.01581	0.01581	0.01120	0.00790	0.00659	0.00198	0.00724	0.00593	0.00659	0.01120
8	0.00988	0.00727	0.00959	0.01049	0.01213	0.00698	0.00885	0.01268	0.01574	0.02053	0.16078	0.06795	0.16384	0.01709	0.00863	0.00272	0.00506	0.44750	0.00628	0.00600
9	0.01475	0.01050	0.01261	0.01091	0.01400	0.01051	0.02802	0.16551	0.06583	0.08404	0.22597	0.04301	0.19972	0.01251	0.00747	0.00219	0.00490	0.07302	0.00665	0.00788
10	0.04225	0.02221	0.10831	0.01818	0.04194	0.21936	0.12696	0.13942	0.01902	0.14515	0.01452	0.01575	0.01053	0.00710	0.00713	0.00200	0.04050	0.00568	0.00465	0.00935
11	0.00898	0.00640	0.00835	0.00955	0.01028	0.00615	0.00697	0.01050	0.01295	0.01701	0.03493	0.41932	0.07354	0.14040	0.01261	0.00335	0.00484	0.20278	0.00576	0.00534
12	0.11454	0.02120	0.08424	0.02535	0.20520	0.18996	0.22339	0.02188	0.01549	0.02101	0.01170	0.01480	0.00926	0.00605	0.00644	0.00199	0.00961	0.00569	0.00337	0.00883
13	0.06856	0.07183	0.07198	0.07313	0.11429	0.28819	0.09384	0.02365	0.01632	0.09938	0.01270	0.01470	0.00972	0.00651	0.00614	0.00189	0.00945	0.00520	0.00383	0.00869
14	0.01816	0.15169	0.17405	0.01765	0.02379	0.04096	0.16161	0.14245	0.09666	0.06217	0.01466	0.01609	0.01098	0.00688	0.00686	0.00201	0.03359	0.00583	0.00432	0.00959
15	0.01010	0.09308	0.01154	0.01001	0.01139	0.00857	0.00760	0.03522	0.01381	0.01801	0.03323	0.52091	0.05877	0.01798	0.00796	0.00255	0.00465	0.12286	0.00575	0.00602
16	0.09467	0.13160	0.02205	0.14872	0.08186	0.16201	0.07184	0.07562	0.08230	0.02143	0.01466	0.01677	0.03535	0.00697	0.00601	0.00193	0.00825	0.00556	0.00393	0.00845
17	0.10659	0.06675	0.05950	0.03056	0.08106	0.18574	0.03106	0.18525	0.06679	0.06202	0.01375	0.01485	0.01044	0.00687	0.00594	0.00186	0.00804	0.00514	0.00463	0.05316
18	0.11943	0.08088	0.03683	0.01393	0.03557	0.14303	0.02905	0.11462	0.13914	0.07087	0.01785	0.10041	0.01531	0.00862	0.00612	0.00197	0.00699	0.00680	0.00505	0.04752

[dist]
# distance from previous block
# <min> <max>
0	11

[block]
# block no. 5 follows, 33 sequences, length 72
# corresponding to MSA columns:
# 382-453
name=unknown_F
#
# <colnr> <probs for GDERKNQSTAVLIFYWHMCP>
#	G	D	E	R	K	N	Q	S	T	A	V	L	I	F	Y	W	H	M	C	P
0	0.01647	0.01338	0.04796	0.01335	0.01752	0.01259	0.08630	0.19264	0.08540	0.09077	0.06942	0.08893	0.16161	0.01092	0.00716	0.00213	0.00602	0.02862	0.00599	0.04280
1	0.06258	0.05984	0.01687	0.01276	0.01714	0.04201	0.01032	0.27393	0.17093	0.12040	0.02081	0.02140	0.04432	0.05447	0.00794	0.00224	0.00632	0.00649	0.00605	0.04319
2	0.02086	0.01801	0.02152	0.03829	0.02246	0.12973	0.14878	0.23351	0.12074	0.09708	0.04242	0.02078	0.01497	0.00796	0.00687	0.00207	0.00814	0.03071	0.00551	0.00960
3	0.07802	0.01502	0.01472	0.01271	0.01612	0.12304	0.01003	0.18390	0.08264	0.07843	0.01674	0.01976	0.01353	0.04014	0.22536	0.00459	0.01042	0.00603	0.00495	0.04387
4	0.01020	0.00738	0.01006	0.01134	0.01286	0.00724	0.00971	0.01305	0.01524	0.01982	0.07823	0.10075	0.09454	0.01789	0.00888	0.00289	0.00558	0.56220	0.00614	0.00600
5	0.02280	0.01727	0.01900	0.01645	0.07172	0.03676	0.01247	0.48684	0.13392	0.06627	0.03711	0.01829	0.01406	0.00805	0.00662	0.00201	0.00691	0.00631	0.00636	0.01079
6	0.00787	0.00650	0.00691	0.00717	0.00904	0.00554	0.00524	0.00948	0.01467	0.01785	0.08013	0.19063	0.58166	0.01730	0.00789	0.00230	0.00342	0.01471	0.00615	0.00554
7	0.01637	0.01414	0.01489	0.01340	0.01712	0.01637	0.01042	0.03498	0.71568	0.02754	0.02679	0.02456	0.02010	0.00893	0.00670	0.00223	0.00521	0.00744	0.00670	0.01042
8	0.01465	0.01532	0.02918	0.02105	0.02704	0.01385	0.43685	0.01909	0.01467	0.02091	0.01342	0.04095	0.01098	0.00601	0.00727	0.00186	0.03108	0.00683	0.00359	0.26541
9	0.00786	0.00667	0.00678	0.00675	0.00894	0.00559	0.00507	0.00960	0.01520	0.01824	0.10117	0.06261	0.69014	0.01650	0.00778	0.00222	0.00332	0.01379	0.00617	0.00559
10	0.01629	0.01564	0.02672	0.04041	0.72757	0.01564	0.02020	0.02020	0.01499	0.02151	0.01238	0.01629	0.01043	0.00587	0.00652	0.00196	0.00782	0.00587	0.00326	0.01043
11	0.02424	0.03064	0.01850	0.01681	0.02021	0.71137	0.01262	0.02666	0.04827	0.01660	0.01088	0.01241	0.00897	0.00688	0.00597	0.00172	0.01159	0.00438	0.00353	0.00775
12	0.00810	0.00578	0.00773	0.00926	0.00967	0.00541	0.00625	0.00930	0.01268	0.01689	0.03624	0.74358	0.04337	0.02055	0.00842	0.00268	0.00389	0.03870	0.00611	0.00537
13	0.00876	0.00603	0.00780	0.00897	0.00973	0.00553	0.00611	0.01002	0.01311	0.04248	0.03946	0.65610	0.12200	0.01972	0.00827	0.00260	0.00383	0.01772	0.00618	0.00558
14	0.81514	0.01273	0.00968	0.00866	0.01273	0.01477	0.00713	0.01935	0.01120	0.02954	0.00917	0.01069	0.00713	0.00611	0.00407	0.00204	0.00509	0.00356	0.00407	0.00713
15	0.01276	0.01226	0.02091	0.65558	0.04262	0.01516	0.05853	0.01700	0.01308	0.01700	0.01157	0.01733	0.00884	0.00689	0.00776	0.00225	0.06418	0.00596	0.00295	0.00740
16	0.01884	0.64151	0.03170	0.01227	0.01751	0.15271	0.01152	0.02088	0.01431	0.01560	0.00933	0.01079	0.00845	0.00584	0.00453	0.00146	0.00789	0.00365	0.00292	0.00830
17	0.72837	0.01256	0.01029	0.00899	0.01318	0.01421	0.00741	0.02076	0.01205	0.10714	0.01102	0.01199	0.00814	0.00634	0.00436	0.00204	0.00515	0.00390	0.00452	0.00758
18	0.01542	0.01593	0.03080	0.10790	0.33908	0.01576	0.31446	0.02006	0.01504	0.02079	0.01331	0.01860	0.01080	0.00613	0.00713	0.00212	0.00929	0.02472	0.00333	0.00932
19	0.02422	0.02993	0.01876	0.04100	0.02118	0.67386	0.01289	0.06783	0.01923	0.01770	0.01057	0.01230	0.00866	0.00685	0.00600	0.00173	0.01149	0.00440	0.00357	0.00784
20	0.00957	0.00638	0.00718	0.00718	0.00718	0.00638	0.00399	0.00957	0.00957	0.01276	0.02074	0.04308	0.02393	0.76864	0.03351	0.00638	0.00638	0.00957	0.00399	0.00399
21	0.00821	0.00575	0.00757	0.00903	0.00947	0.00538	0.00604	0.00944	0.01266	0.01715	0.03563	0.73155	0.04236	0.02005	0.00823	0.00262	0.00379	0.01816	0.04153	0.00538
22	0.00794	0.00606	0.00729	0.00828	0.00932	0.00542	0.00572	0.00927	0.01346	0.01715	0.04708	0.51548	0.28544	0.01922	0.00818	0.00251	0.00365	0.01700	0.00611	0.00542
23	0.00817	0.00584	0.00781	0.00934	0.00979	0.00548	0.00638	0.00943	0.01275	0.01698	0.03620	0.72353	0.04321	0.02048	0.00844	0.00269	0.00395	0.05802	0.00611	0.00539
24	0.81514	0.01273	0.00968	0.00866	0.01273	0.01477	0.00713	0.01935	0.01120	0.02954	0.00917	0.01069	0.00713	0.00611	0.00407	0.00204	0.00509	0.00356	0.00407	0.00713
25	0.00844	0.00606	0.00797	0.00920	0.00986	0.00569	0.00644	0.00990	0.01330	0.01771	0.08972	0.57738	0.07376	0.05155	0.00947	0.00280	0.00408	0.08513	0.00610	0.00544
26	0.00798	0.00590	0.00747	0.00872	0.00943	0.00538	0.00591	0.00922	0.01303	0.01698	0.04172	0.63906	0.16532	0.01992	0.00829	0.00259	0.00373	0.01785	0.00611	0.00538
27	0.01674	0.07185	0.02119	0.33406	0.15419	0.12693	0.01591	0.07156	0.01574	0.04478	0.01257	0.01648	0.00990	0.00910	0.04983	0.00249	0.00925	0.00554	0.00355	0.00834
28	0.01416	0.01317	0.02185	0.09387	0.36682	0.01338	0.07593	0.01882	0.05881	0.02094	0.04825	0.04926	0.03822	0.01020	0.03838	0.00249	0.00773	0.07111	0.00409	0.03253
29	0.02427	0.06796	0.01956	0.01651	0.02018	0.64172	0.01263	0.08622	0.01948	0.01833	0.01062	0.01215	0.00872	0.00682	0.00591	0.00171	0.01122	0.00435	0.00365	0.00799
30	0.02173	0.01386	0.01575	0.01249	0.01664	0.03460	0.00999	0.26881	0.03980	0.21863	0.06091	0.02243	0.01692	0.09218	0.01012	0.00242	0.03951	0.00665	0.00623	0.09033
31	0.01571	0.01505	0.02567	0.14746	0.62506	0.01549	0.01992	0.01970	0.01472	0.02080	0.01228	0.01648	0.01018	0.00597	0.00653	0.00199	0.00796	0.00586	0.00321	0.00996
32	0.78666	0.03987	0.01056	0.00875	0.01288	0.01517	0.00728	0.01936	0.01128	0.02904	0.00917	0.01069	0.00718	0.00609	0.00408	0.00201	0.00516	0.00356	0.00403	0.00718
